fra;vaccin;jour;n_dose1;n_dose2;n_dose3;n_dose4;n_complet;n_rappel;n_2_rappel;n_rappel_biv;n_3_rappel;n_cum_dose1;n_cum_dose2;n_cum_dose3;n_cum_dose4;n_cum_complet;n_cum_rappel;n_cum_2_rappel;n_cum_rappel_biv;n_cum_3_rappel
FR;1;2020-12-27;616;0;0;0;55;0;0;0;0;616;0;0;0;55;0;0;0;0
FR;1;2020-12-28;704;1;0;0;43;0;0;0;0;1320;1;0;0;98;0;0;0;0
FR;1;2020-12-29;387;0;0;0;19;0;0;0;0;1707;1;0;0;117;0;0;0;0
FR;1;2020-12-30;453;0;0;0;18;0;0;0;0;2160;1;0;0;135;0;0;0;0
FR;1;2020-12-31;447;1;0;0;21;0;0;0;0;2607;2;0;0;156;0;0;0;0
FR;1;2021-01-01;1192;2;0;0;66;0;0;0;0;3799;4;0;0;222;0;0;0;0
FR;1;2021-01-02;367;4;0;0;29;0;0;0;0;4166;8;0;0;251;0;0;0;0
FR;1;2021-01-03;417;0;0;0;23;0;0;0;0;4583;8;0;0;274;0;0;0;0
FR;1;2021-01-04;2137;5;0;0;51;0;0;0;0;6720;13;0;0;325;0;0;0;0
FR;1;2021-01-05;7770;6;0;0;128;0;0;0;0;14490;19;0;0;453;0;0;0;0
FR;1;2021-01-06;12477;23;0;0;127;0;0;0;0;26967;42;0;0;580;0;0;0;0
FR;1;2021-01-07;29477;23;0;0;159;0;0;0;0;56444;65;0;0;739;0;0;0;0
FR;1;2021-01-08;37169;35;0;0;203;0;0;0;0;93613;100;0;0;942;0;0;0;0
FR;1;2021-01-09;11220;9;0;0;77;0;0;0;0;104833;109;0;0;1019;0;0;0;0
FR;1;2021-01-10;6015;8;0;0;28;0;0;0;0;110848;117;0;0;1047;0;0;0;0
FR;1;2021-01-11;39954;39;0;0;231;0;0;0;0;150802;156;0;0;1278;0;0;0;0
FR;1;2021-01-12;62159;30;0;0;298;0;0;0;0;212961;186;0;0;1576;0;0;0;0
FR;1;2021-01-13;65146;62;0;0;433;0;0;0;0;278107;248;0;0;2009;0;0;0;0
FR;1;2021-01-14;81469;257;0;0;959;0;0;0;0;359576;505;0;0;2968;0;0;0;0
FR;1;2021-01-15;68634;100;0;0;528;0;0;0;0;428210;605;0;0;3496;0;0;0;0
FR;1;2021-01-16;19903;73;0;0;172;0;0;0;0;448113;678;0;0;3668;0;0;0;0
FR;1;2021-01-17;10909;54;0;0;130;0;0;0;0;459022;732;0;0;3798;0;0;0;0
FR;1;2021-01-18;82848;176;0;0;589;0;0;0;0;541870;908;0;0;4387;0;0;0;0
FR;1;2021-01-19;125935;208;0;0;837;0;0;0;0;667805;1116;0;0;5224;0;0;0;0
FR;1;2021-01-20;132429;190;0;0;779;0;0;0;0;800234;1306;0;0;6003;0;0;0;0
FR;1;2021-01-21;153082;196;0;0;896;0;0;0;0;953316;1502;0;0;6899;0;0;0;0
FR;1;2021-01-22;115968;239;0;0;775;0;0;0;0;1069284;1741;0;0;7674;0;0;0;0
FR;1;2021-01-23;36616;81;0;0;204;0;0;0;0;1105900;1822;0;0;7878;0;0;0;0
FR;1;2021-01-24;9589;127;0;0;186;0;0;0;0;1115489;1949;0;0;8064;0;0;0;0
FR;1;2021-01-25;74440;1450;0;0;1768;0;0;0;0;1189929;3399;0;0;9832;0;0;0;0
FR;1;2021-01-26;96468;3700;1;0;4142;0;0;0;0;1286397;7099;1;0;13974;0;0;0;0
FR;1;2021-01-27;103658;6433;0;0;7117;0;0;0;0;1390055;13532;1;0;21091;0;0;0;0
FR;1;2021-01-28;120622;16391;0;0;17179;0;0;0;0;1510677;29923;1;0;38270;0;0;0;0
FR;1;2021-01-29;88902;18758;0;0;19298;0;0;0;0;1599579;48681;1;0;57568;0;0;0;0
FR;1;2021-01-30;27995;4525;0;0;4649;0;0;0;0;1627574;53206;1;0;62217;0;0;0;0
FR;1;2021-01-31;5194;1903;0;0;1941;0;0;0;0;1632768;55109;1;0;64158;0;0;0;0
FR;1;2021-02-01;49750;23000;0;0;23240;0;0;0;0;1682518;78109;1;0;87398;0;0;0;0
FR;1;2021-02-02;67838;38114;0;0;38572;0;0;0;0;1750356;116223;1;0;125970;0;0;0;0
FR;1;2021-02-03;67104;40163;0;0;40596;0;0;0;0;1817460;156386;1;0;166566;0;0;0;0
FR;1;2021-02-04;77149;54994;0;0;55564;0;0;0;0;1894609;211380;1;0;222130;0;0;0;0
FR;1;2021-02-05;63435;48163;0;0;48567;0;0;0;0;1958044;259543;1;0;270697;0;0;0;0
FR;1;2021-02-06;19428;11418;0;0;11525;0;0;0;0;1977472;270961;1;0;282222;0;0;0;0
FR;1;2021-02-07;3669;6057;0;0;6084;0;0;0;0;1981141;277018;1;0;288306;0;0;0;0
FR;1;2021-02-08;36508;48733;0;0;48981;0;0;0;0;2017649;325751;1;0;337287;0;0;0;0
FR;1;2021-02-09;50825;78335;0;0;78861;0;0;0;0;2068474;404086;1;0;416148;0;0;0;0
FR;1;2021-02-10;52080;83305;0;0;83786;0;0;0;0;2120554;487391;1;0;499934;0;0;0;0
FR;1;2021-02-11;63393;105357;0;0;106249;0;0;0;0;2183947;592748;1;0;606183;0;0;0;0
FR;1;2021-02-12;55886;75784;0;0;76466;0;0;0;0;2239833;668532;1;0;682649;0;0;0;0
FR;1;2021-02-13;15469;19294;0;0;19406;0;0;0;0;2255302;687826;1;0;702055;0;0;0;0
FR;1;2021-02-14;3747;7334;0;0;7400;0;0;0;0;2259049;695160;1;0;709455;0;0;0;0
FR;1;2021-02-15;24172;73663;0;0;73913;0;0;0;0;2283221;768823;1;0;783368;0;0;0;0
FR;1;2021-02-16;32787;95541;0;0;95940;0;0;0;0;2316008;864364;1;0;879308;0;0;0;0
FR;1;2021-02-17;35135;102278;20;0;102929;0;0;0;0;2351143;966642;21;0;982237;0;0;0;0
FR;1;2021-02-18;49463;118431;0;0;119420;0;0;0;0;2400606;1085073;21;0;1101657;0;0;0;0
FR;1;2021-02-19;45399;87759;1;0;88700;0;0;0;0;2446005;1172832;22;0;1190357;0;0;0;0
FR;1;2021-02-20;13398;27026;0;0;27202;0;0;0;0;2459403;1199858;22;0;1217559;0;0;0;0
FR;1;2021-02-21;2470;5943;0;0;6011;0;0;0;0;2461873;1205801;22;0;1223570;0;0;0;0
FR;1;2021-02-22;24725;69418;2;0;69711;0;0;0;0;2486598;1275219;24;0;1293281;0;0;0;0
FR;1;2021-02-23;37441;81518;1;0;82215;0;0;0;0;2524039;1356737;25;0;1375496;0;0;0;0
FR;1;2021-02-24;40714;79350;1;0;80047;0;0;0;0;2564753;1436087;26;0;1455543;0;0;0;0
FR;1;2021-02-25;50173;87762;1;0;88851;0;0;0;0;2614926;1523849;27;0;1544394;0;0;0;0
FR;1;2021-02-26;47233;67552;1;0;68429;0;0;0;0;2662159;1591401;28;0;1612823;0;0;0;0
FR;1;2021-02-27;15689;21352;1;0;21561;0;0;0;0;2677848;1612753;29;0;1634384;0;0;0;0
FR;1;2021-02-28;3566;4112;2;0;4185;0;0;0;0;2681414;1616865;31;0;1638569;0;0;0;0
FR;1;2021-03-01;40227;50327;1;0;51057;0;0;0;0;2721641;1667192;32;0;1689626;0;0;0;0
FR;1;2021-03-02;55993;62448;3;0;63627;0;0;0;0;2777634;1729640;35;0;1753253;0;0;0;0
FR;1;2021-03-03;61265;60503;0;0;61939;0;0;0;0;2838899;1790143;35;0;1815192;0;0;0;0
FR;1;2021-03-04;73021;68355;3;0;70566;0;0;0;0;2911920;1858498;38;0;1885758;0;0;0;0
FR;1;2021-03-05;74786;58594;3;0;60493;0;0;0;0;2986706;1917092;41;0;1946251;0;0;0;0
FR;1;2021-03-06;82472;15755;2;0;17461;0;0;0;0;3069178;1932847;43;0;1963712;0;0;0;0
FR;1;2021-03-07;63733;3942;1;0;5486;0;0;0;0;3132911;1936789;44;0;1969198;0;0;0;0
FR;1;2021-03-08;60196;41153;2;0;42439;0;0;0;0;3193107;1977942;46;0;2011637;0;0;0;0
FR;1;2021-03-09;86015;47387;1;0;49380;0;0;0;0;3279122;2025329;47;0;2061017;0;0;0;0
FR;1;2021-03-10;90947;47748;5;0;50017;0;0;0;0;3370069;2073077;52;0;2111034;0;0;0;0
FR;1;2021-03-11;105104;54583;1;0;57653;0;0;0;0;3475173;2127660;53;0;2168687;0;0;0;0
FR;1;2021-03-12;104165;44878;1;0;47876;0;0;0;0;3579338;2172538;54;0;2216563;0;0;0;0
FR;1;2021-03-13;89223;12594;1;0;14811;0;0;0;0;3668561;2185132;55;0;2231374;0;0;0;0
FR;1;2021-03-14;44462;2674;1;0;4007;0;0;0;0;3713023;2187806;56;0;2235381;0;0;0;0
FR;1;2021-03-15;95537;27962;3;0;30310;0;0;0;0;3808560;2215768;59;0;2265691;0;0;0;0
FR;1;2021-03-16;123607;34041;5;0;37587;0;0;0;0;3932167;2249809;64;0;2303278;0;0;0;0
FR;1;2021-03-17;129324;33530;4;0;37582;0;0;0;0;4061491;2283339;68;0;2340860;0;0;0;0
FR;1;2021-03-18;142918;39170;5;0;43844;0;0;0;0;4204409;2322509;73;0;2384704;0;0;0;0
FR;1;2021-03-19;136281;32001;2;0;36592;0;0;0;0;4340690;2354510;75;0;2421296;0;0;0;0
FR;1;2021-03-20;76024;9751;1;0;11968;0;0;0;0;4416714;2364261;76;0;2433264;0;0;0;0
FR;1;2021-03-21;26520;1975;1;0;2964;0;0;0;0;4443234;2366236;77;0;2436228;0;0;0;0
FR;1;2021-03-22;114782;30220;2;0;34049;0;0;0;0;4558016;2396456;79;0;2470277;0;0;0;0
FR;1;2021-03-23;143060;38016;1;0;42805;0;0;0;0;4701076;2434472;80;0;2513082;0;0;0;0
FR;1;2021-03-24;142028;38388;0;0;43254;0;0;0;0;4843104;2472860;80;0;2556336;0;0;0;0
FR;1;2021-03-25;165039;39859;4;0;46022;0;0;0;0;5008143;2512719;84;0;2602358;0;0;0;0
FR;1;2021-03-26;166423;37386;5;1;44004;0;0;0;0;5174566;2550105;89;1;2646362;0;0;0;0
FR;1;2021-03-27;110907;15476;1;0;19487;0;0;0;0;5285473;2565581;90;1;2665849;0;0;0;0
FR;1;2021-03-28;42312;4422;3;0;5977;0;0;0;0;5327785;2570003;93;1;2671826;0;0;0;0
FR;1;2021-03-29;129848;48985;4;0;53643;0;0;0;0;5457633;2618988;97;1;2725469;0;0;0;0
FR;1;2021-03-30;167758;63810;5;0;70817;0;0;0;0;5625391;2682798;102;1;2796286;0;0;0;0
FR;1;2021-03-31;170969;67978;4;0;75509;0;0;0;0;5796360;2750776;106;1;2871795;0;0;0;0
FR;1;2021-04-01;194876;84087;10;0;93585;0;0;0;0;5991236;2834863;116;1;2965380;0;0;0;0
FR;1;2021-04-02;164474;86865;7;0;94687;0;0;0;0;6155710;2921728;123;1;3060067;0;0;0;0
FR;1;2021-04-03;88261;58207;6;0;61753;0;0;0;0;6243971;2979935;129;1;3121820;0;0;0;0
FR;1;2021-04-04;33665;17727;0;0;19226;0;0;0;0;6277636;2997662;129;1;3141046;0;0;0;0
FR;1;2021-04-05;46429;9568;11;0;11445;0;0;0;0;6324065;3007230;140;1;3152491;0;0;0;0
FR;1;2021-04-06;160350;105598;17;0;112074;0;0;0;0;6484415;3112828;157;1;3264565;0;0;0;0
FR;1;2021-04-07;197038;108099;16;0;116932;0;0;0;0;6681453;3220927;173;1;3381497;0;0;0;0
FR;1;2021-04-08;222189;114331;14;0;125685;0;0;0;0;6903642;3335258;187;1;3507182;0;0;0;0
FR;1;2021-04-09;214614;108041;21;0;118934;0;0;0;0;7118256;3443299;208;1;3626116;0;0;0;0
FR;1;2021-04-10;117207;73238;14;0;78385;0;0;0;0;7235463;3516537;222;1;3704501;0;0;0;0
FR;1;2021-04-11;40903;29890;6;0;31793;0;0;0;0;7276366;3546427;228;1;3736294;0;0;0;0
FR;1;2021-04-12;168504;104579;46;0;111820;0;0;0;0;7444870;3651006;274;1;3848114;0;0;0;0
FR;1;2021-04-13;203844;127766;97;1;137108;0;0;0;0;7648714;3778772;371;2;3985222;0;0;0;0
FR;1;2021-04-14;208677;122999;208;0;133228;0;0;0;0;7857391;3901771;579;2;4118450;0;0;0;0
FR;1;2021-04-15;221739;128206;313;0;139250;0;0;0;0;8079130;4029977;892;2;4257700;0;0;0;0
FR;1;2021-04-16;206108;125764;309;0;135434;0;0;0;0;8285238;4155741;1201;2;4393134;0;0;0;0
FR;1;2021-04-17;122111;67117;103;0;72178;0;0;0;0;8407349;4222858;1304;2;4465312;0;0;0;0
FR;1;2021-04-18;35979;21007;42;0;22714;0;0;0;0;8443328;4243865;1346;2;4488026;0;0;0;0
FR;1;2021-04-19;163779;121603;432;0;129148;0;0;0;0;8607107;4365468;1778;2;4617174;0;0;0;0
FR;1;2021-04-20;189484;149766;531;0;158892;0;0;0;0;8796591;4515234;2309;2;4776066;0;0;0;0
FR;1;2021-04-21;194050;147732;760;0;157257;0;0;0;0;8990641;4662966;3069;2;4933323;0;0;0;0
FR;1;2021-04-22;209078;164572;778;0;175803;0;0;0;0;9199719;4827538;3847;2;5109126;0;0;0;0
FR;1;2021-04-23;198995;158096;671;0;169111;0;0;0;0;9398714;4985634;4518;2;5278237;0;0;0;0
FR;1;2021-04-24;126354;95878;148;0;101948;0;0;0;0;9525068;5081512;4666;2;5380185;0;0;0;0
FR;1;2021-04-25;53640;30081;46;0;32837;0;0;0;0;9578708;5111593;4712;2;5413022;0;0;0;0
FR;1;2021-04-26;181174;140299;542;0;149014;0;0;0;0;9759882;5251892;5254;2;5562036;0;0;0;0
FR;1;2021-04-27;221401;162598;901;0;173970;0;0;0;0;9981283;5414490;6155;2;5736006;0;0;0;0
FR;1;2021-04-28;238350;156192;1314;1;168878;1;0;0;0;10219633;5570682;7469;3;5904884;1;0;0;0
FR;1;2021-04-29;270344;161632;1211;0;177238;0;0;0;0;10489977;5732314;8680;3;6082122;1;0;0;0
FR;1;2021-04-30;272024;149022;1074;0;165125;0;0;0;0;10762001;5881336;9754;3;6247247;1;0;0;0
FR;1;2021-05-01;141178;40611;173;0;48639;0;0;0;0;10903179;5921947;9927;3;6295886;1;0;0;0
FR;1;2021-05-02;81561;28234;81;0;32988;0;0;0;0;10984740;5950181;10008;3;6328874;1;0;0;0
FR;1;2021-05-03;250818;142200;803;0;155897;0;0;0;0;11235558;6092381;10811;3;6484771;1;0;0;0
FR;1;2021-05-04;265932;187960;1204;0;203541;0;0;0;0;11501490;6280341;12015;3;6688312;1;0;0;0
FR;1;2021-05-05;283950;186248;1268;0;202908;0;0;0;0;11785440;6466589;13283;3;6891220;1;0;0;0
FR;1;2021-05-06;310027;184499;1502;0;204257;0;0;0;0;12095467;6651088;14785;3;7095477;1;0;0;0
FR;1;2021-05-07;284145;196739;1127;0;214562;0;0;0;0;12379612;6847827;15912;3;7310039;1;0;0;0
FR;1;2021-05-08;191683;51547;285;0;62931;0;0;0;0;12571295;6899374;16197;3;7372970;1;0;0;0
FR;1;2021-05-09;114074;34246;236;0;41418;0;0;0;0;12685369;6933620;16433;3;7414388;1;0;0;0
FR;1;2021-05-10;258235;195058;1188;0;211052;0;0;0;0;12943604;7128678;17621;3;7625440;1;0;0;0
FR;1;2021-05-11;318937;211215;1465;0;231454;0;0;0;0;13262541;7339893;19086;3;7856894;1;0;0;0
FR;1;2021-05-12;356687;186107;1401;0;208415;0;0;0;0;13619228;7526000;20487;3;8065309;1;0;0;0
FR;1;2021-05-13;283469;47328;401;0;64254;0;0;0;0;13902697;7573328;20888;3;8129563;1;0;0;0
FR;1;2021-05-14;370536;128529;995;0;151950;0;0;0;0;14273233;7701857;21883;3;8281513;1;0;0;0
FR;1;2021-05-15;298123;66205;404;0;84913;0;0;0;0;14571356;7768062;22287;3;8366426;1;0;0;0
FR;1;2021-05-16;157795;15469;158;0;26037;0;0;0;0;14729151;7783531;22445;3;8392463;1;0;0;0
FR;1;2021-05-17;318954;116196;1441;0;138163;0;0;0;0;15048105;7899727;23886;3;8530626;1;0;0;0
FR;1;2021-05-18;383373;111679;1801;0;137628;0;0;0;0;15431478;8011406;25687;3;8668254;1;0;0;0
FR;1;2021-05-19;395315;101562;2184;0;128505;0;0;0;0;15826793;8112968;27871;3;8796759;1;0;0;0
FR;1;2021-05-20;421850;95633;2049;0;125106;0;0;0;0;16248643;8208601;29920;3;8921865;1;0;0;0
FR;1;2021-05-21;399839;97408;1764;0;125814;0;0;0;0;16648482;8306009;31684;3;9047679;1;0;0;0
FR;1;2021-05-22;275711;41920;604;0;60944;0;0;0;0;16924193;8347929;32288;3;9108623;1;0;0;0
FR;1;2021-05-23;123029;10970;224;0;20574;0;0;0;0;17047222;8358899;32512;3;9129197;1;0;0;0
FR;1;2021-05-24;244026;26261;569;0;43790;0;0;0;0;17291248;8385160;33081;3;9172987;1;0;0;0
FR;1;2021-05-25;366243;131495;2115;1;158433;0;0;0;0;17657491;8516655;35196;4;9331420;1;0;0;0
FR;1;2021-05-26;380843;127455;1996;0;155791;0;0;0;0;18038334;8644110;37192;4;9487211;1;0;0;0
FR;1;2021-05-27;406187;128306;1978;0;158792;0;0;0;0;18444521;8772416;39170;4;9646003;1;0;0;0
FR;1;2021-05-28;366067;145685;1702;0;174248;0;0;0;0;18810588;8918101;40872;4;9820251;1;0;0;0
FR;1;2021-05-29;253848;81129;527;0;100328;0;0;0;0;19064436;8999230;41399;4;9920579;1;0;0;0
FR;1;2021-05-30;100983;22601;158;0;30834;0;0;0;0;19165419;9021831;41557;4;9951413;1;0;0;0
FR;1;2021-05-31;314348;149230;1286;1;172492;1;0;0;0;19479767;9171061;42843;5;10123905;2;0;0;0
FR;1;2021-06-01;361689;166429;1733;1;194134;1;0;0;0;19841456;9337490;44576;6;10318039;3;0;0;0
FR;1;2021-06-02;365420;154412;1797;0;183954;0;0;0;0;20206876;9491902;46373;6;10501993;3;0;0;0
FR;1;2021-06-03;391470;147411;1654;0;178389;0;0;0;0;20598346;9639313;48027;6;10680382;3;0;0;0
FR;1;2021-06-04;364134;175859;1496;1;205151;1;0;0;0;20962480;9815172;49523;7;10885533;4;0;0;0
FR;1;2021-06-05;258530;112818;597;0;133183;0;0;0;0;21221010;9927990;50120;7;11018716;4;0;0;0
FR;1;2021-06-06;126828;37561;216;0;48200;0;0;0;0;21347838;9965551;50336;7;11066916;4;0;0;0
FR;1;2021-06-07;301123;207772;1368;0;233051;0;0;0;0;21648961;10173323;51704;7;11299967;4;0;0;0
FR;1;2021-06-08;330891;220979;1645;0;248943;0;0;0;0;21979852;10394302;53349;7;11548910;4;0;0;0
FR;1;2021-06-09;336634;210974;1614;0;239745;0;0;0;0;22316486;10605276;54963;7;11788655;4;0;0;0
FR;1;2021-06-10;343930;199617;1614;0;229361;0;0;0;0;22660416;10804893;56577;7;12018016;4;0;0;0
FR;1;2021-06-11;311933;234688;1299;1;262598;0;0;0;0;22972349;11039581;57876;8;12280614;4;0;0;0
FR;1;2021-06-12;244098;150601;438;0;172214;0;0;0;0;23216447;11190182;58314;8;12452828;4;0;0;0
FR;1;2021-06-13;100379;61038;188;0;70699;0;0;0;0;23316826;11251220;58502;8;12523527;4;0;0;0
FR;1;2021-06-14;207867;287617;1320;1;307425;0;0;0;0;23524693;11538837;59822;9;12830952;4;0;0;0
FR;1;2021-06-15;256897;281137;1400;1;304987;0;0;0;0;23781590;11819974;61222;10;13135939;4;0;0;0
FR;1;2021-06-16;273678;270694;1263;1;296130;0;0;0;0;24055268;12090668;62485;11;13432069;4;0;0;0
FR;1;2021-06-17;268244;245039;1241;1;271107;0;0;0;0;24323512;12335707;63726;12;13703176;4;0;0;0
FR;1;2021-06-18;260621;295206;1156;1;321029;0;0;0;0;24584133;12630913;64882;13;14024205;4;0;0;0
FR;1;2021-06-19;193463;209595;388;0;228255;0;0;0;0;24777596;12840508;65270;13;14252460;4;0;0;0
FR;1;2021-06-20;69723;89037;121;0;96879;0;0;0;0;24847319;12929545;65391;13;14349339;4;0;0;0
FR;1;2021-06-21;172392;319767;934;1;338480;1;0;0;0;25019711;13249312;66325;14;14687819;5;0;0;0
FR;1;2021-06-22;185891;348034;1102;10;369096;1;0;0;0;25205602;13597346;67427;24;15056915;6;0;0;0
FR;1;2021-06-23;204232;339601;1050;0;363502;0;0;0;0;25409834;13936947;68477;24;15420417;6;0;0;0
FR;1;2021-06-24;203549;282035;1176;0;306777;0;0;0;0;25613383;14218982;69653;24;15727194;6;0;0;0
FR;1;2021-06-25;182675;371688;1200;0;395698;0;0;0;0;25796058;14590670;70853;24;16122892;6;0;0;0
FR;1;2021-06-26;131408;278582;504;0;295957;0;0;0;0;25927466;14869252;71357;24;16418849;6;0;0;0
FR;1;2021-06-27;52418;122851;146;0;130392;0;0;0;0;25979884;14992103;71503;24;16549241;6;0;0;0
FR;1;2021-06-28;136676;368224;1065;0;386827;0;0;0;0;26116560;15360327;72568;24;16936068;6;0;0;0
FR;1;2021-06-29;154911;391113;1848;0;412214;0;0;0;0;26271471;15751440;74416;24;17348282;6;0;0;0
FR;1;2021-06-30;180073;381911;1667;4;406522;2;0;0;0;26451544;16133351;76083;28;17754804;8;0;0;0
FR;1;2021-07-01;201573;332499;1890;5;360577;0;0;0;0;26653117;16465850;77973;33;18115381;8;0;0;0
FR;1;2021-07-02;193888;367262;1765;5;395469;2;0;0;0;26847005;16833112;79738;38;18510850;10;0;0;0
FR;1;2021-07-03;124484;280416;704;3;299524;1;0;0;0;26971489;17113528;80442;41;18810374;11;0;0;0
FR;1;2021-07-04;53966;113724;244;0;122132;0;0;0;0;27025455;17227252;80686;41;18932506;11;0;0;0
FR;1;2021-07-05;153973;355763;1500;8;379104;0;0;0;0;27179428;17583015;82186;49;19311610;11;0;0;0
FR;1;2021-07-06;173529;382286;1603;45;408183;8;0;0;0;27352957;17965301;83789;94;19719793;19;0;0;0
FR;1;2021-07-07;190863;362311;1659;25;390661;2;0;0;0;27543820;18327612;85448;119;20110454;21;0;0;0
FR;1;2021-07-08;201586;322947;1826;20;353603;2;0;0;0;27745406;18650559;87274;139;20464057;23;0;0;0
FR;1;2021-07-09;189992;387777;1854;3;418195;2;0;0;0;27935398;19038336;89128;142;20882252;25;0;0;0
FR;1;2021-07-10;129962;281174;818;1;302602;1;0;0;0;28065360;19319510;89946;143;21184854;26;0;0;0
FR;1;2021-07-11;57686;102525;263;0;112412;0;0;0;0;28123046;19422035;90209;143;21297266;26;0;0;0
FR;1;2021-07-12;149929;416804;1587;4;442804;0;0;0;0;28272975;19838839;91796;147;21740070;26;0;0;0
FR;1;2021-07-13;234304;438988;1808;8;476185;0;0;0;0;28507279;20277827;93604;155;22216255;26;0;0;0
FR;1;2021-07-14;171929;151312;418;0;176949;0;0;0;0;28679208;20429139;94022;155;22393204;26;0;0;0
FR;1;2021-07-15;279701;424120;1859;1;467105;0;0;0;0;28958909;20853259;95881;156;22860309;26;0;0;0
FR;1;2021-07-16;290446;400548;1711;3;445204;1;0;0;0;29249355;21253807;97592;159;23305513;27;0;0;0
FR;1;2021-07-17;217354;281978;755;1;315452;0;0;0;0;29466709;21535785;98347;160;23620965;27;0;0;0
FR;1;2021-07-18;102026;107206;288;0;123097;0;0;0;0;29568735;21642991;98635;160;23744062;27;0;0;0
FR;1;2021-07-19;238244;378373;1498;3;414430;0;0;0;0;29806979;22021364;100133;163;24158492;27;0;0;0
FR;1;2021-07-20;305773;379733;1471;0;425566;0;0;0;0;30112752;22401097;101604;163;24584058;27;0;0;0
FR;1;2021-07-21;333306;352710;1413;4;404102;1;0;0;0;30446058;22753807;103017;167;24988160;28;0;0;0
FR;1;2021-07-22;364695;318524;1502;3;374952;2;0;0;0;30810753;23072331;104519;170;25363112;30;0;0;0
FR;1;2021-07-23;349408;342752;1589;4;398305;1;0;0;0;31160161;23415083;106108;174;25761417;31;0;0;0
FR;1;2021-07-24;238967;240730;697;1;278066;0;0;0;0;31399128;23655813;106805;175;26039483;31;0;0;0
FR;1;2021-07-25;112809;76010;223;0;93710;0;0;0;0;31511937;23731823;107028;175;26133193;31;0;0;0
FR;1;2021-07-26;299148;289281;1495;2;335001;1;0;0;0;31811085;24021104;108523;177;26468194;32;0;0;0
FR;1;2021-07-27;385852;267869;1459;4;324843;1;0;0;0;32196937;24288973;109982;181;26793037;33;0;0;0
FR;1;2021-07-28;390217;250891;1463;4;307188;1;0;0;0;32587154;24539864;111445;185;27100225;34;0;0;0
FR;1;2021-07-29;406152;227580;1541;2;284292;0;0;0;0;32993306;24767444;112986;187;27384517;34;0;0;0
FR;1;2021-07-30;370758;246507;1639;4;298355;1;0;0;0;33364064;25013951;114625;191;27682872;35;0;0;0
FR;1;2021-07-31;243386;165080;794;1;199414;0;0;0;0;33607450;25179031;115419;192;27882286;35;0;0;0
FR;1;2021-08-01;105602;47204;237;0;61199;0;0;0;0;33713052;25226235;115656;192;27943485;35;0;0;0
FR;1;2021-08-02;297431;212821;1480;2;250613;0;0;0;0;34010483;25439056;117136;194;28194098;35;0;0;0
FR;1;2021-08-03;331351;208686;1557;2;250664;1;0;0;0;34341834;25647742;118693;196;28444762;36;0;0;0
FR;1;2021-08-04;328057;183818;1440;5;223978;3;0;0;0;34669891;25831560;120133;201;28668740;39;0;0;0
FR;1;2021-08-05;301293;193085;1483;0;229384;0;0;0;0;34971184;26024645;121616;201;28898124;39;0;0;0
FR;1;2021-08-06;290995;224088;1560;3;261386;0;0;0;0;35262179;26248733;123176;204;29159510;39;0;0;0
FR;1;2021-08-07;182676;158758;655;5;181675;1;0;0;0;35444855;26407491;123831;209;29341185;40;0;0;0
FR;1;2021-08-08;68893;59098;253;0;67627;0;0;0;0;35513748;26466589;124084;209;29408812;40;0;0;0
FR;1;2021-08-09;222794;235153;1445;4;263868;2;0;0;0;35736542;26701742;125529;213;29672680;42;0;0;0
FR;1;2021-08-10;252757;239842;1493;2;271692;0;0;0;0;35989299;26941584;127022;215;29944372;42;0;0;0
FR;1;2021-08-11;236251;231728;1271;5;261244;0;0;0;0;36225550;27173312;128293;220;30205616;42;0;0;0
FR;1;2021-08-12;220795;239731;1491;3;267837;0;0;0;0;36446345;27413043;129784;223;30473453;42;0;0;0
FR;1;2021-08-13;201727;238492;1360;2;264045;2;0;0;0;36648072;27651535;131144;225;30737498;44;0;0;0
FR;1;2021-08-14;122872;174035;645;0;189549;0;0;0;0;36770944;27825570;131789;225;30927047;44;0;0;0
FR;1;2021-08-15;34709;46117;201;1;50337;0;0;0;0;36805653;27871687;131990;226;30977384;44;0;0;0
FR;1;2021-08-16;156968;289331;1424;0;309913;0;0;0;0;36962621;28161018;133414;226;31287297;44;0;0;0
FR;1;2021-08-17;171620;290956;1422;5;313361;0;0;0;0;37134241;28451974;134836;231;31600658;44;0;0;0
FR;1;2021-08-18;161442;286666;1394;6;307305;3;0;0;0;37295683;28738640;136230;237;31907963;47;0;0;0
FR;1;2021-08-19;148959;277412;1405;1;297266;0;0;0;0;37444642;29016052;137635;238;32205229;47;0;0;0
FR;1;2021-08-20;140527;308919;1533;2;328163;2;0;0;0;37585169;29324971;139168;240;32533392;49;0;0;0
FR;1;2021-08-21;84281;213202;589;0;224527;0;0;0;0;37669450;29538173;139757;240;32757919;49;0;0;0
FR;1;2021-08-22;28582;82693;233;0;86699;0;0;0;0;37698032;29620866;139990;240;32844618;49;0;0;0
FR;1;2021-08-23;118670;320944;1422;2;337693;0;0;0;0;37816702;29941810;141412;242;33182311;49;0;0;0
FR;1;2021-08-24;126682;319620;1604;5;337445;0;0;0;0;37943384;30261430;143016;247;33519756;49;0;0;0
FR;1;2021-08-25;121545;306412;1782;8;323600;2;0;0;0;38064929;30567842;144798;255;33843356;51;0;0;0
FR;1;2021-08-26;106641;286059;2163;10;302364;0;0;0;0;38171570;30853901;146961;265;34145720;51;0;0;0
FR;1;2021-08-27;107660;321595;2303;9;338875;1;0;0;0;38279230;31175496;149264;274;34484595;52;0;0;0
FR;1;2021-08-28;71027;220692;1102;0;231223;0;0;0;0;38350257;31396188;150366;274;34715818;52;0;0;0
FR;1;2021-08-29;24155;78198;469;1;82089;0;0;0;0;38374412;31474386;150835;275;34797907;52;0;0;0
FR;1;2021-08-30;96901;286264;4315;6;299757;4968;0;0;0;38471313;31760650;155150;281;35097664;5020;0;0;0
FR;1;2021-08-31;98130;276224;9295;15;289893;10067;2;0;0;38569443;32036874;164445;296;35387557;15087;2;0;0
FR;1;2021-09-01;112367;245289;21121;8;257681;22153;1;0;0;38681810;32282163;185566;304;35645238;37240;3;0;0
FR;1;2021-09-02;86765;197904;24535;18;208306;25518;0;0;0;38768575;32480067;210101;322;35853544;62758;3;0;0
FR;1;2021-09-03;82429;227490;26956;21;238932;28037;0;0;0;38851004;32707557;237057;343;36092476;90795;3;0;0
FR;1;2021-09-04;71630;189712;11141;11;199302;11709;7;0;0;38922634;32897269;248198;354;36291778;102504;10;0;0
FR;1;2021-09-05;18614;41146;4126;2;43851;4278;0;0;0;38941248;32938415;252324;356;36335629;106782;10;0;0
FR;1;2021-09-06;59825;151379;30181;15;158918;31203;2;0;0;39001073;33089794;282505;371;36494547;137985;12;0;0
FR;1;2021-09-07;57402;139610;30213;30;146742;31249;2;0;0;39058475;33229404;312718;401;36641289;169234;14;0;0
FR;1;2021-09-08;72353;173793;26926;22;182275;27966;4;0;0;39130828;33403197;339644;423;36823564;197200;18;0;0
FR;1;2021-09-09;54493;124413;28637;24;131180;29741;5;0;0;39185321;33527610;368281;447;36954744;226941;23;0;0
FR;1;2021-09-10;66220;152070;30452;24;161162;31697;5;0;0;39251541;33679680;398733;471;37115906;258638;28;0;0
FR;1;2021-09-11;52690;146633;9732;14;154132;10355;0;0;0;39304231;33826313;408465;485;37270038;268993;28;0;0
FR;1;2021-09-12;10798;29273;2490;1;30972;2659;2;0;0;39315029;33855586;410955;486;37301010;271652;30;0;0
FR;1;2021-09-13;51517;104409;38765;31;110951;40090;16;0;0;39366546;33959995;449720;517;37411961;311742;46;0;0
FR;1;2021-09-14;53341;95997;51286;67;102379;53273;41;0;0;39419887;34055992;501006;584;37514340;365015;87;0;0
FR;1;2021-09-15;60582;139228;50497;55;146404;47068;68;0;0;39480469;34195220;551503;639;37660744;412083;155;0;0
FR;1;2021-09-16;46644;81364;53354;70;86260;49609;61;0;0;39527113;34276584;604857;709;37747004;461692;216;0;0
FR;1;2021-09-17;53225;109333;45078;61;115671;42709;62;0;0;39580338;34385917;649935;770;37862675;504401;278;0;0
FR;1;2021-09-18;37885;118493;11796;19;124081;11278;19;0;0;39618223;34504410;661731;789;37986756;515679;297;0;0
FR;1;2021-09-19;6531;21025;2044;1;22129;1984;1;0;0;39624754;34525435;663775;790;38008885;517663;298;0;0
FR;1;2021-09-20;36544;74832;46231;65;78555;44194;32;0;0;39661298;34600267;710006;855;38087440;561857;330;0;0
FR;1;2021-09-21;34204;68102;56270;72;71135;52748;76;0;0;39695502;34668369;766276;927;38158575;614605;406;0;0
FR;1;2021-09-22;38844;118597;49883;76;123017;46934;39;0;0;39734346;34786966;816159;1003;38281592;661539;445;0;0
FR;1;2021-09-23;32039;62889;54514;85;65795;50922;76;0;0;39766385;34849855;870673;1088;38347387;712461;521;0;0
FR;1;2021-09-24;36799;90030;43676;89;94393;41956;57;0;0;39803184;34939885;914349;1177;38441780;754417;578;0;0
FR;1;2021-09-25;27652;96704;12307;27;101061;12186;19;0;0;39830836;35036589;926656;1204;38542841;766603;597;0;0
FR;1;2021-09-26;4388;15201;1777;5;16064;1700;4;0;0;39835224;35051790;928433;1209;38558905;768303;601;0;0
FR;1;2021-09-27;27355;60211;42913;89;63442;41640;81;0;1;39862579;35112001;971346;1298;38622347;809943;682;0;1
FR;1;2021-09-28;26915;49425;47203;76;52046;44491;40;0;0;39889494;35161426;1018549;1374;38674393;854434;722;0;1
FR;1;2021-09-29;35926;80260;47294;87;84648;45618;34;0;0;39925420;35241686;1065843;1461;38759041;900052;756;0;1
FR;1;2021-09-30;26077;46900;47528;80;49260;45476;52;0;0;39951497;35288586;1113371;1541;38808301;945528;808;0;1
FR;1;2021-10-01;47306;66906;44906;83;70797;44623;15;0;0;39998803;35355492;1158277;1624;38879098;990151;823;0;1
FR;1;2021-10-02;32384;62408;16113;32;67220;16324;6;0;0;40031187;35417900;1174390;1656;38946318;1006475;829;0;1
FR;1;2021-10-03;4343;8566;2043;3;9315;2040;4;0;0;40035530;35426466;1176433;1659;38955633;1008515;833;0;1
FR;1;2021-10-04;28978;44422;47114;79;46835;46983;31;0;0;40064508;35470888;1223547;1738;39002468;1055498;864;0;1
FR;1;2021-10-05;24569;41632;49893;116;43134;49344;49;0;0;40089077;35512520;1273440;1854;39045602;1104842;913;0;1
FR;1;2021-10-06;34660;61379;57508;101;64494;57259;25;0;0;40123737;35573899;1330948;1955;39110096;1162101;938;0;1
FR;1;2021-10-07;21082;39914;53053;74;41089;52002;32;0;0;40144819;35613813;1384001;2029;39151185;1214103;970;0;1
FR;1;2021-10-08;35671;59642;60411;83;62873;61169;28;0;0;40180490;35673455;1444412;2112;39214058;1275272;998;0;1
FR;1;2021-10-09;27466;48018;25497;29;52489;26025;10;0;0;40207956;35721473;1469909;2141;39266547;1301297;1008;0;1
FR;1;2021-10-10;3727;5809;2758;7;6288;2864;1;0;0;40211683;35727282;1472667;2148;39272835;1304161;1009;0;1
FR;1;2021-10-11;24856;38207;54589;88;40295;55263;48;0;0;40236539;35765489;1527256;2236;39313130;1359424;1057;0;1
FR;1;2021-10-12;23383;36581;58076;128;37089;59235;18;0;0;40259922;35802070;1585332;2364;39350219;1418659;1075;0;1
FR;1;2021-10-13;32974;47839;64177;125;50644;65704;23;0;1;40292896;35849909;1649509;2489;39400863;1484363;1098;0;2
FR;1;2021-10-14;21714;34765;53772;103;35678;54364;24;0;0;40314610;35884674;1703281;2592;39436541;1538727;1122;0;2
FR;1;2021-10-15;32751;48760;72335;165;50456;75031;22;0;0;40347361;35933434;1775616;2757;39486997;1613758;1144;0;2
FR;1;2021-10-16;26013;35281;34872;44;38299;36426;13;0;0;40373374;35968715;1810488;2801;39525296;1650184;1157;0;2
FR;1;2021-10-17;3161;4050;3418;2;4495;3317;3;0;0;40376535;35972765;1813906;2803;39529791;1653501;1160;0;2
FR;1;2021-10-18;24352;34878;66849;132;34920;69730;27;0;0;40400887;36007643;1880755;2935;39564711;1723231;1187;0;2
FR;1;2021-10-19;20723;35571;75677;135;33225;79609;40;0;0;40421610;36043214;1956432;3070;39597936;1802840;1227;0;2
FR;1;2021-10-20;29917;44196;96187;178;43271;99878;45;0;0;40451527;36087410;2052619;3248;39641207;1902718;1272;0;2
FR;1;2021-10-21;19803;35057;83198;107;31764;87064;29;0;0;40471330;36122467;2135817;3355;39672971;1989782;1301;0;2
FR;1;2021-10-22;29756;47762;103756;196;44563;109719;58;0;0;40501086;36170229;2239573;3551;39717534;2099501;1359;0;2
FR;1;2021-10-23;23056;35135;44875;57;36132;47383;11;0;0;40524142;36205364;2284448;3608;39753666;2146884;1370;0;2
FR;1;2021-10-24;2407;3842;3584;6;4042;3717;1;0;0;40526549;36209206;2288032;3614;39757708;2150601;1371;0;2
FR;1;2021-10-25;22501;30714;82029;143;29601;85835;36;0;0;40549050;36239920;2370061;3757;39787309;2236436;1407;0;2
FR;1;2021-10-26;19366;27641;86123;162;24740;90352;29;0;0;40568416;36267561;2456184;3919;39812049;2326788;1436;0;2
FR;1;2021-10-27;26224;39616;107825;252;37310;112743;45;0;0;40594640;36307177;2564009;4171;39849359;2439531;1481;0;2
FR;1;2021-10-28;18803;27107;86967;150;23483;91735;34;0;0;40613443;36334284;2650976;4321;39872842;2531266;1515;0;2
FR;1;2021-10-29;25934;40253;114842;202;35490;121676;52;0;0;40639377;36374537;2765818;4523;39908332;2652942;1567;0;2
FR;1;2021-10-30;17714;28712;49372;74;28303;51965;18;0;0;40657091;36403249;2815190;4597;39936635;2704907;1585;0;2
FR;1;2021-10-31;2087;3170;3451;2;3216;3685;2;0;0;40659178;36406419;2818641;4599;39939851;2708592;1587;0;2
FR;1;2021-11-01;8021;4272;3036;3;4359;3293;6;0;0;40667199;36410691;2821677;4602;39944210;2711885;1593;0;2
FR;1;2021-11-02;22911;33226;92416;156;29180;97871;39;0;1;40690110;36443917;2914093;4758;39973390;2809756;1632;0;3
FR;1;2021-11-03;26635;41546;117520;219;37000;123904;56;0;0;40716745;36485463;3031613;4977;40010390;2933660;1688;0;3
FR;1;2021-11-04;19626;30296;105825;213;24190;111969;42;0;0;40736371;36515759;3137438;5190;40034580;3045629;1730;0;3
FR;1;2021-11-05;27024;42293;138796;230;34177;147482;46;0;0;40763395;36558052;3276234;5420;40068757;3193111;1776;0;3
FR;1;2021-11-06;18864;29810;63497;123;27613;66515;24;0;0;40782259;36587862;3339731;5543;40096370;3259626;1800;0;3
FR;1;2021-11-07;1834;3270;4984;6;3027;5301;5;0;0;40784093;36591132;3344715;5549;40099397;3264927;1805;0;3
FR;1;2021-11-08;17879;32246;126015;224;25387;132653;47;0;0;40801972;36623378;3470730;5773;40124784;3397580;1852;0;3
FR;1;2021-11-09;19519;37596;159325;334;26128;169141;63;0;0;40821491;36660974;3630055;6107;40150912;3566721;1915;0;3
FR;1;2021-11-10;28890;49058;181926;441;39016;192548;84;0;0;40850381;36710032;3811981;6548;40189928;3759269;1999;0;3
FR;1;2021-11-11;4192;5931;12237;26;5107;13027;14;0;0;40854573;36715963;3824218;6574;40195035;3772296;2013;0;3
FR;1;2021-11-12;26025;46822;174849;244;35297;186541;78;0;0;40880598;36762785;3999067;6818;40230332;3958837;2091;0;3
FR;1;2021-11-13;18735;29144;76848;111;25372;81794;40;0;0;40899333;36791929;4075915;6929;40255704;4040631;2131;0;3
FR;1;2021-11-14;2050;3242;6827;5;2797;7358;6;0;0;40901383;36795171;4082742;6934;40258501;4047989;2137;0;3
FR;1;2021-11-15;18792;34711;156446;306;24621;166281;59;0;0;40920175;36829882;4239188;7240;40283122;4214270;2196;0;3
FR;1;2021-11-16;21367;37819;192159;380;23329;205074;99;0;1;40941542;36867701;4431347;7620;40306451;4419344;2295;0;4
FR;1;2021-11-17;28672;45550;193255;398;33023;205078;93;0;0;40970214;36913251;4624602;8018;40339474;4624422;2388;0;4
FR;1;2021-11-18;21143;39597;182535;459;25139;194659;86;0;0;40991357;36952848;4807137;8477;40364613;4819081;2474;0;4
FR;1;2021-11-19;30892;53324;230280;532;34821;246775;135;0;0;41022249;37006172;5037417;9009;40399434;5065856;2609;0;4
FR;1;2021-11-20;23773;33211;97001;202;26732;103650;42;0;0;41046022;37039383;5134418;9211;40426166;5169506;2651;0;4
FR;1;2021-11-21;2341;3908;9130;19;2956;9937;16;0;0;41048363;37043291;5143548;9230;40429122;5179443;2667;0;4
FR;1;2021-11-22;21422;30320;175932;467;16942;189474;79;0;0;41069785;37073611;5319480;9697;40446064;5368917;2746;0;4
FR;1;2021-11-23;24031;40979;221260;540;21326;238014;77;0;0;41093816;37114590;5540740;10237;40467390;5606931;2823;0;4
FR;1;2021-11-24;30297;49645;217397;701;31967;234577;67;0;0;41124113;37164235;5758137;10938;40499357;5841508;2890;0;4
FR;1;2021-11-25;23733;44050;244517;718;22079;264217;101;0;0;41147846;37208285;6002654;11656;40521436;6105725;2991;0;4
FR;1;2021-11-26;30618;66641;356840;836;33250;388621;154;0;0;41178464;37274926;6359494;12492;40554686;6494346;3145;0;4
FR;1;2021-11-27;21961;45265;202663;372;26160;222689;112;0;0;41200425;37320191;6562157;12864;40580846;6717035;3257;0;4
FR;1;2021-11-28;3179;9551;54802;63;3471;61018;37;0;0;41203604;37329742;6616959;12927;40584317;6778053;3294;0;4
FR;1;2021-11-29;17901;49474;326427;841;20781;354573;150;0;0;41221505;37379216;6943386;13768;40605098;7132626;3444;0;4
FR;1;2021-11-30;22790;64830;431190;952;23810;470843;262;0;0;41244295;37444046;7374576;14720;40628908;7603469;3706;0;4
FR;1;2021-12-01;25359;69052;442947;1131;28447;481809;271;0;0;41269654;37513098;7817523;15851;40657355;8085278;3977;0;4
FR;1;2021-12-02;20089;64321;489452;1230;18456;532954;274;0;0;41289743;37577419;8306975;17081;40675811;8618232;4251;0;4
FR;1;2021-12-03;22909;82304;542829;1310;30302;591818;308;0;0;41312652;37659723;8849804;18391;40706113;9210050;4559;0;4
FR;1;2021-12-04;16416;53802;299133;654;23217;329000;181;0;0;41329068;37713525;9148937;19045;40729330;9539050;4740;0;4
FR;1;2021-12-05;3635;13780;81547;143;4200;91046;85;0;0;41332703;37727305;9230484;19188;40733530;9630096;4825;0;4
FR;1;2021-12-06;25846;62436;415510;1066;22074;455243;356;0;0;41358549;37789741;9645994;20254;40755604;10085339;5181;0;4
FR;1;2021-12-07;20016;75457;523057;1536;24290;572701;372;0;0;41378565;37865198;10169051;21790;40779894;10658040;5553;0;4
FR;1;2021-12-08;21718;75510;458533;1545;30662;502191;378;0;0;41400283;37940708;10627584;23335;40810556;11160231;5931;0;4
FR;1;2021-12-09;19472;73981;493045;1625;24351;541078;397;0;0;41419755;38014689;11120629;24960;40834907;11701309;6328;0;4
FR;1;2021-12-10;23329;87541;547450;1585;32445;600089;391;0;1;41443084;38102230;11668079;26545;40867352;12301398;6719;0;5
FR;1;2021-12-11;16533;59097;302763;751;25963;335493;279;0;0;41459617;38161327;11970842;27296;40893315;12636891;6998;0;5
FR;1;2021-12-12;4396;15886;83237;179;5250;94047;96;0;0;41464013;38177213;12054079;27475;40898565;12730938;7094;0;5
FR;1;2021-12-13;15757;63446;367068;1094;23946;406354;236;0;0;41479770;38240659;12421147;28569;40922511;13137292;7330;0;5
FR;1;2021-12-14;20867;80133;464863;1748;28670;515313;506;0;1;41500637;38320792;12886010;30317;40951181;13652605;7836;0;6
FR;1;2021-12-15;21624;77313;409167;1309;33032;453239;311;0;1;41522261;38398105;13295177;31626;40984213;14105844;8147;0;7
FR;1;2021-12-16;20065;77067;451974;1577;27946;500704;324;0;0;41542326;38475172;13747151;33203;41012159;14606548;8471;0;7
FR;1;2021-12-17;22628;86409;480010;1737;34674;531039;371;0;0;41564954;38561581;14227161;34940;41046833;15137587;8842;0;7
FR;1;2021-12-18;17610;54563;257653;731;24692;288529;232;0;0;41582564;38616144;14484814;35671;41071525;15426116;9074;0;7
FR;1;2021-12-19;5563;16928;79203;194;5925;90689;116;0;0;41588127;38633072;14564017;35865;41077450;15516805;9190;0;7
FR;1;2021-12-20;20952;62911;316292;1082;26516;355333;284;0;0;41609079;38695983;14880309;36947;41103966;15872138;9474;0;7
FR;1;2021-12-21;26339;72875;372806;1422;30570;418135;338;0;0;41635418;38768858;15253115;38369;41134536;16290273;9812;0;7
FR;1;2021-12-22;24989;65680;310688;1217;29611;349610;361;0;1;41660407;38834538;15563803;39586;41164147;16639883;10173;0;8
FR;1;2021-12-23;21273;52137;241525;958;23365;273068;361;0;0;41681680;38886675;15805328;40544;41187512;16912951;10534;0;8
FR;1;2021-12-24;7129;18263;67167;258;9245;77054;154;0;1;41688809;38904938;15872495;40802;41196757;16990005;10688;0;9
FR;1;2021-12-25;508;2868;5592;15;1798;6538;55;0;0;41689317;38907806;15878087;40817;41198555;16996543;10743;0;9
FR;1;2021-12-26;2750;7575;26952;71;3495;31465;100;0;0;41692067;38915381;15905039;40888;41202050;17028008;10843;0;9
FR;1;2021-12-27;18312;53485;235140;705;25476;265799;365;0;0;41710379;38968866;16140179;41593;41227526;17293807;11208;0;9
FR;1;2021-12-28;23302;61889;292062;1026;26999;330233;595;0;1;41733681;39030755;16432241;42619;41254525;17624040;11803;0;10
FR;1;2021-12-29;22218;55399;255036;921;25275;288239;645;0;1;41755899;39086154;16687277;43540;41279800;17912279;12448;0;11
FR;1;2021-12-30;21239;46421;212179;857;22449;239630;718;0;0;41777138;39132575;16899456;44397;41302249;18151909;13166;0;11
FR;1;2021-12-31;7467;16536;61879;229;8717;70413;346;0;0;41784605;39149111;16961335;44626;41310966;18222322;13512;0;11
FR;1;2022-01-01;1163;2493;5667;30;1542;6581;73;0;0;41785768;39151604;16967002;44656;41312508;18228903;13585;0;11
FR;1;2022-01-02;3088;8077;28893;50;3670;33537;190;0;0;41788856;39159681;16995895;44706;41316178;18262440;13775;0;11
FR;1;2022-01-03;26315;54180;228274;790;27543;257740;959;0;1;41815171;39213861;17224169;45496;41343721;18520180;14734;0;12
FR;1;2022-01-04;26252;65008;299306;1240;29806;337350;1367;0;2;41841423;39278869;17523475;46736;41373527;18857530;16101;0;14
FR;1;2022-01-05;30559;64249;274917;1099;32521;310294;1264;0;0;41871982;39343118;17798392;47835;41406048;19167824;17365;0;14
FR;1;2022-01-06;26850;66194;306934;1404;29280;346593;1568;0;1;41898832;39409312;18105326;49239;41435328;19514417;18933;0;15
FR;1;2022-01-07;31579;75001;349868;1538;34407;394015;1822;0;1;41930411;39484313;18455194;50777;41469735;19908432;20755;0;16
FR;1;2022-01-08;23390;51360;222506;698;25581;251130;913;0;1;41953801;39535673;18677700;51475;41495316;20159562;21668;0;17
FR;1;2022-01-09;7092;17139;66030;163;8174;76136;335;0;0;41960893;39552812;18743730;51638;41503490;20235698;22003;0;17
FR;1;2022-01-10;21802;60598;236824;957;32928;267622;1257;0;1;41982695;39613410;18980554;52595;41536418;20503320;23260;0;18
FR;1;2022-01-11;26775;63446;282325;1280;31208;317846;1837;0;1;42009470;39676856;19262879;53875;41567626;20821166;25097;0;19
FR;1;2022-01-12;28964;62490;246294;1106;35056;278080;1686;0;3;42038434;39739346;19509173;54981;41602682;21099246;26783;0;22
FR;1;2022-01-13;24788;60166;262822;1253;30042;296142;1993;0;4;42063222;39799512;19771995;56234;41632724;21395388;28776;0;26
FR;1;2022-01-14;27967;66702;314040;1366;32129;351288;2475;0;1;42091189;39866214;20086035;57600;41664853;21746676;31251;0;27
FR;1;2022-01-15;19371;44415;199326;618;22473;223859;1362;0;1;42110560;39910629;20285361;58218;41687326;21970535;32613;0;28
FR;1;2022-01-16;5162;12964;51533;135;6022;59561;337;0;0;42115722;39923593;20336894;58353;41693348;22030096;32950;0;28
FR;1;2022-01-17;16880;39681;184846;783;20124;206832;1691;0;2;42132602;39963274;20521740;59136;41713472;22236928;34641;0;30
FR;1;2022-01-18;19456;45965;212443;1154;22989;237045;2458;0;1;42152058;40009239;20734183;60290;41736461;22473973;37099;0;31
FR;1;2022-01-19;20312;43957;176130;898;25482;197189;1977;0;4;42172370;40053196;20910313;61188;41761943;22671162;39076;0;35
FR;1;2022-01-20;16847;40569;183715;1147;20807;204761;2516;0;2;42189217;40093765;21094028;62335;41782750;22875923;41592;0;37
FR;1;2022-01-21;19920;47032;228978;1405;23905;253361;3106;0;1;42209137;40140797;21323006;63740;41806655;23129284;44698;0;38
FR;1;2022-01-22;13844;33335;144502;579;18438;161388;1404;0;2;42222981;40174132;21467508;64319;41825093;23290672;46102;0;40
FR;1;2022-01-23;3380;8767;33432;132;4578;38320;352;0;1;42226361;40182899;21500940;64451;41829671;23328992;46454;0;41
FR;1;2022-01-24;11815;32982;142237;718;17797;158278;2104;0;1;42238176;40215881;21643177;65169;41847468;23487270;48558;0;42
FR;1;2022-01-25;14214;38168;163424;1049;20287;181564;3181;0;1;42252390;40254049;21806601;66218;41867755;23668834;51739;0;43
FR;1;2022-01-26;14863;37719;150263;933;22638;166384;2516;0;1;42267253;40291768;21956864;67151;41890393;23835218;54255;0;44
FR;1;2022-01-27;12340;33324;143468;896;18499;158034;3230;0;3;42279593;40325092;22100332;68047;41908892;23993252;57485;0;47
FR;1;2022-01-28;16328;56911;198327;1144;32663;222393;4006;0;3;42295921;40382003;22298659;69191;41941555;24215645;61491;0;50
FR;1;2022-01-29;10269;35470;135211;525;19611;151539;1880;0;1;42306190;40417473;22433870;69716;41961166;24367184;63371;0;51
FR;1;2022-01-30;2485;9262;29684;86;4833;34449;434;0;1;42308675;40426735;22463554;69802;41965999;24401633;63805;0;52
FR;1;2022-01-31;8758;32471;104352;533;19473;117353;2339;0;3;42317433;40459206;22567906;70335;41985472;24518986;66144;0;55
FR;1;2022-02-01;11000;36458;127086;865;20638;141223;4326;0;1;42328433;40495664;22694992;71200;42006110;24660209;70470;0;56
FR;1;2022-02-02;12057;41575;130364;782;25264;145821;3774;0;9;42340490;40537239;22825356;71982;42031374;24806030;74244;0;65
FR;1;2022-02-03;9417;34046;117028;785;19111;130334;4285;0;4;42349907;40571285;22942384;72767;42050485;24936364;78529;0;69
FR;1;2022-02-04;11538;49265;172586;967;26555;192730;5482;0;5;42361445;40620550;23114970;73734;42077040;25129094;84011;0;74
FR;1;2022-02-05;7999;33925;117591;391;18173;133030;2414;0;3;42369444;40654475;23232561;74125;42095213;25262124;86425;0;77
FR;1;2022-02-06;1706;7995;22754;86;3872;26906;444;0;0;42371150;40662470;23255315;74211;42099085;25289030;86869;0;77
FR;1;2022-02-07;7356;35393;119113;459;18172;134977;3397;0;4;42378506;40697863;23374428;74670;42117257;25424007;90266;0;81
FR;1;2022-02-08;7770;31958;125667;695;14891;140657;4300;0;5;42386276;40729821;23500095;75365;42132148;25564664;94566;0;86
FR;1;2022-02-09;8653;36520;135263;702;17918;152508;3884;0;7;42394929;40766341;23635358;76067;42150066;25717172;98450;0;93
FR;1;2022-02-10;7023;30134;116381;676;13897;130170;4444;0;1;42401952;40796475;23751739;76743;42163963;25847342;102894;0;94
FR;1;2022-02-11;8659;41557;165146;878;18367;185370;5430;0;3;42410611;40838032;23916885;77621;42182330;26032712;108324;0;97
FR;1;2022-02-12;5345;27616;106714;379;12538;120899;2396;0;2;42415956;40865648;24023599;78000;42194868;26153611;110720;0;99
FR;1;2022-02-13;1269;5720;21719;66;2187;25337;402;0;3;42417225;40871368;24045318;78066;42197055;26178948;111122;0;102
FR;1;2022-02-14;5459;27228;118093;394;10644;133121;3384;0;4;42422684;40898596;24163411;78460;42207699;26312069;114506;0;106
FR;1;2022-02-15;5793;28868;118940;611;12215;132573;4882;0;1;42428477;40927464;24282351;79071;42219914;26444642;119388;0;107
FR;1;2022-02-16;5761;28492;110424;596;13758;123054;4152;0;3;42434238;40955956;24392775;79667;42233672;26567696;123540;0;110
FR;1;2022-02-17;4613;19744;73148;489;10127;80254;3998;0;3;42438851;40975700;24465923;80156;42243799;26647950;127538;0;113
FR;1;2022-02-18;5611;26792;99207;673;14165;108167;5519;0;2;42444462;41002492;24565130;80829;42257964;26756117;133057;0;115
FR;1;2022-02-19;3551;17178;59477;304;9570;66058;2266;0;0;42448013;41019670;24624607;81133;42267534;26822175;135323;0;115
FR;1;2022-02-20;791;3257;10706;36;1650;12333;360;0;1;42448804;41022927;24635313;81169;42269184;26834508;135683;0;116
FR;1;2022-02-21;3430;14596;52829;286;7918;57676;3126;0;2;42452234;41037523;24688142;81455;42277102;26892184;138809;0;118
FR;1;2022-02-22;3799;15545;51918;500;9042;55656;4070;0;1;42456033;41053068;24740060;81955;42286144;26947840;142879;0;119
FR;1;2022-02-23;4233;17825;57482;510;10744;62583;3569;0;3;42460266;41070893;24797542;82465;42296888;27010423;146448;0;122
FR;1;2022-02-24;3344;13142;43619;436;7836;46410;3657;0;2;42463610;41084035;24841161;82901;42304724;27056833;150105;0;124
FR;1;2022-02-25;4475;20036;64924;697;12154;68796;5767;0;4;42468085;41104071;24906085;83598;42316878;27125629;155872;0;128
FR;1;2022-02-26;2698;12804;41371;310;7651;45124;2494;0;2;42470783;41116875;24947456;83908;42324529;27170753;158366;0;130
FR;1;2022-02-27;644;2191;7130;42;1206;7995;431;0;0;42471427;41119066;24954586;83950;42325735;27178748;158797;0;130
FR;1;2022-02-28;2612;10496;34965;306;6077;37391;3124;0;0;42474039;41129562;24989551;84256;42331812;27216139;161921;0;130
FR;1;2022-03-01;3585;10757;38705;391;6361;39660;4549;0;4;42477624;41140319;25028256;84647;42338173;27255799;166470;0;134
FR;1;2022-03-02;3680;12187;41867;398;7454;43937;4110;0;1;42481304;41152506;25070123;85045;42345627;27299736;170580;0;135
FR;1;2022-03-03;2462;7988;26184;329;5244;26522;3380;0;1;42483766;41160494;25096307;85374;42350871;27326258;173960;0;136
FR;1;2022-03-04;2689;10524;35457;594;6955;34953;5278;0;3;42486455;41171018;25131764;85968;42357826;27361211;179238;0;139
FR;1;2022-03-05;1823;6364;21970;280;4202;22369;2571;0;1;42488278;41177382;25153734;86248;42362028;27383580;181809;0;140
FR;1;2022-03-06;359;957;2917;38;603;3120;327;0;0;42488637;41178339;25156651;86286;42362631;27386700;182136;0;140
FR;1;2022-03-07;1816;4723;16440;245;3045;15908;2831;0;4;42490453;41183062;25173091;86531;42365676;27402608;184967;0;144
FR;1;2022-03-08;1716;5258;17170;309;3669;15998;3472;0;3;42492169;41188320;25190261;86840;42369345;27418606;188439;0;147
FR;1;2022-03-09;1988;6678;19817;370;4753;19176;3422;0;4;42494157;41194998;25210078;87210;42374098;27437782;191861;0;151
FR;1;2022-03-10;1415;5014;15297;308;3666;14335;2943;0;2;42495572;41200012;25225375;87518;42377764;27452117;194804;0;153
FR;1;2022-03-11;1761;6407;21717;487;4442;19870;4739;0;1;42497333;41206419;25247092;88005;42382206;27471987;199543;0;154
FR;1;2022-03-12;1263;4653;15366;281;3095;14915;2686;0;2;42498596;41211072;25262458;88286;42385301;27486902;202229;0;156
FR;1;2022-03-13;257;612;2120;119;412;2066;468;0;0;42498853;41211684;25264578;88405;42385713;27488968;202697;0;156
FR;1;2022-03-14;1156;3678;13406;3882;2293;12528;6342;0;8;42500009;41215362;25277984;92287;42388006;27501496;209039;0;164
FR;1;2022-03-15;1409;5733;14663;6865;4317;13260;9846;0;8;42501418;41221095;25292647;99152;42392323;27514756;218885;0;172
FR;1;2022-03-16;1695;5086;17395;11520;3596;16461;14125;0;6;42503113;41226181;25310042;110672;42395919;27531217;233010;0;178
FR;1;2022-03-17;1177;3439;11733;9648;2365;10827;11732;0;8;42504290;41229620;25321775;120320;42398284;27542044;244742;0;186
FR;1;2022-03-18;1726;4930;17977;16507;3324;16416;19721;0;14;42506016;41234550;25339752;136827;42401608;27558460;264463;0;200
FR;1;2022-03-19;1126;3300;11891;8460;2276;11360;10142;0;6;42507142;41237850;25351643;145287;42403884;27569820;274605;0;206
FR;1;2022-03-20;224;560;1725;1014;362;1759;1224;0;2;42507366;41238410;25353368;146301;42404246;27571579;275829;0;208
FR;1;2022-03-21;1087;2766;11503;13462;1787;10852;15142;0;10;42508453;41241176;25364871;159763;42406033;27582431;290971;0;218
FR;1;2022-03-22;1282;3212;12260;18716;2153;11248;20619;0;5;42509735;41244388;25377131;178479;42408186;27593679;311590;0;223
FR;1;2022-03-23;1512;4357;16033;20111;2953;15714;21882;0;34;42511247;41248745;25393164;198590;42411139;27609393;333472;0;257
FR;1;2022-03-24;1117;2754;10401;16056;1910;9663;17560;0;15;42512364;41251499;25403565;214646;42413049;27619056;351032;0;272
FR;1;2022-03-25;1537;4361;16753;25315;2879;15405;27959;0;23;42513901;41255860;25420318;239961;42415928;27634461;378991;0;295
FR;1;2022-03-26;1110;3015;10856;11450;2064;10517;12862;0;20;42515011;41258875;25431174;251411;42417992;27644978;391853;0;315
FR;1;2022-03-27;236;546;1751;1383;335;1804;1594;0;1;42515247;41259421;25432925;252794;42418327;27646782;393447;0;316
FR;1;2022-03-28;1082;2489;9980;15885;1556;9602;17229;0;10;42516329;41261910;25442905;268679;42419883;27656384;410676;0;326
FR;1;2022-03-29;1142;2748;11560;25111;1599;10924;26508;0;30;42517471;41264658;25454465;293790;42421482;27667308;437184;0;356
FR;1;2022-03-30;1631;3613;14171;24229;2386;13711;25893;0;19;42519102;41268271;25468636;318019;42423868;27681019;463077;0;375
FR;1;2022-03-31;1280;3016;11699;22686;2042;11214;24006;0;40;42520382;41271287;25480335;340705;42425910;27692233;487083;0;415
FR;1;2022-04-01;2235;4022;18488;28532;2477;17358;30804;0;53;42522617;41275309;25498823;369237;42428387;27709591;517887;0;468
FR;1;2022-04-02;910;1892;8195;9238;1106;7956;10232;0;28;42523527;41277201;25507018;378475;42429493;27717547;528119;0;496
FR;1;2022-04-03;206;382;1433;1058;219;1435;1249;0;1;42523733;41277583;25508451;379533;42429712;27718982;529368;0;497
FR;1;2022-04-04;3359;2530;11376;17680;1616;10769;18898;0;30;42527092;41280113;25519827;397213;42431328;27729751;548266;0;527
FR;1;2022-04-05;2227;2712;13002;31220;1697;12028;32600;0;68;42529319;41282825;25532829;428433;42433025;27741779;580866;0;595
FR;1;2022-04-06;1876;3011;12205;23943;1918;11641;25241;0;62;42531195;41285836;25545034;452376;42434943;27753420;606107;0;657
FR;1;2022-04-07;1677;2745;12356;31093;1645;11822;32168;0;68;42532872;41288581;25557390;483469;42436588;27765242;638275;0;725
FR;1;2022-04-08;1838;3698;17565;40643;2087;16491;42697;0;76;42534710;41292279;25574955;524112;42438675;27781733;680972;0;801
FR;1;2022-04-09;827;1998;8405;12503;1075;8105;13502;0;26;42535537;41294277;25583360;536615;42439750;27789838;694474;0;827
FR;1;2022-04-10;201;653;1836;1855;418;1882;2075;0;6;42535738;41294930;25585196;538470;42440168;27791720;696549;0;833
FR;1;2022-04-11;1094;2255;10970;22351;1304;10687;23458;0;68;42536832;41297185;25596166;560821;42441472;27802407;720007;0;901
FR;1;2022-04-12;1350;2673;12826;38143;1587;12315;38894;0;119;42538182;41299858;25608992;598964;42443059;27814722;758901;0;1020
FR;1;2022-04-13;1283;2893;12278;30626;1788;12009;31398;0;85;42539465;41302751;25621270;629590;42444847;27826731;790299;0;1105
FR;1;2022-04-14;1232;2594;12118;33633;1597;12132;34070;0;87;42540697;41305345;25633388;663223;42446444;27838863;824369;0;1192
FR;1;2022-04-15;1500;3266;14407;33265;2083;13811;34668;0;107;42542197;41308611;25647795;696488;42448527;27852674;859037;0;1299
FR;1;2022-04-16;660;1409;5845;8003;767;5776;8757;0;31;42542857;41310020;25653640;704491;42449294;27858450;867794;0;1330
FR;1;2022-04-17;157;290;930;1121;177;975;1171;0;7;42543014;41310310;25654570;705612;42449471;27859425;868965;0;1337
FR;1;2022-04-18;168;481;2636;1002;297;2660;1187;0;5;42543182;41310791;25657206;706614;42449768;27862085;870152;0;1342
FR;1;2022-04-19;1258;2609;11788;27934;1498;11518;28790;0;69;42544440;41313400;25668994;734548;42451266;27873603;898942;0;1411
FR;1;2022-04-20;1355;2670;12177;26880;1672;12028;27706;0;82;42545795;41316070;25681171;761428;42452938;27885631;926648;0;1493
FR;1;2022-04-21;1244;2461;11550;33261;1510;11766;33613;0;107;42547039;41318531;25692721;794689;42454448;27897397;960261;0;1600
FR;1;2022-04-22;1527;3088;15218;35503;1923;14795;36701;0;120;42548566;41321619;25707939;830192;42456371;27912192;996962;0;1720
FR;1;2022-04-23;765;1583;6736;9894;919;6642;10578;0;30;42549331;41323202;25714675;840086;42457290;27918834;1007540;0;1750
FR;1;2022-04-24;196;377;1374;1523;241;1328;1747;0;7;42549527;41323579;25716049;841609;42457531;27920162;1009287;0;1757
FR;1;2022-04-25;1042;2131;9856;19733;1255;9756;20555;0;64;42550569;41325710;25725905;861342;42458786;27929918;1029842;0;1821
FR;1;2022-04-26;1351;2623;12604;36627;1604;12204;37214;0;163;42551920;41328333;25738509;897969;42460390;27942122;1067056;0;1984
FR;1;2022-04-27;1330;2406;10654;29267;1464;10790;29653;0;122;42553250;41330739;25749163;927236;42461854;27952912;1096709;0;2106
FR;1;2022-04-28;1284;2411;11561;34309;1518;11403;34458;0;127;42554534;41333150;25760724;961545;42463372;27964315;1131167;0;2233
FR;1;2022-04-29;1612;4285;14404;35563;3158;13856;36853;0;153;42556146;41337435;25775128;997108;42466530;27978171;1168020;0;2386
FR;1;2022-04-30;838;3501;6446;9173;2929;6290;9974;0;35;42556984;41340936;25781574;1006281;42469459;27984461;1177994;0;2421
FR;1;2022-05-01;177;288;832;951;190;826;1080;0;5;42557161;41341224;25782406;1007232;42469649;27985287;1179074;0;2426
FR;1;2022-05-02;2010;2610;10378;16949;1765;10302;17631;0;64;42559171;41343834;25792784;1024181;42471414;27995589;1196705;0;2490
FR;1;2022-05-03;1681;2875;12710;32896;1759;12602;33695;0;149;42560852;41346709;25805494;1057077;42473173;28008191;1230400;0;2639
FR;1;2022-05-04;1377;2745;11232;23822;1690;11393;24361;0;96;42562229;41349454;25816726;1080899;42474863;28019584;1254761;0;2735
FR;1;2022-05-05;1493;2726;12201;31856;1711;12123;32404;0;170;42563722;41352180;25828927;1112755;42476574;28031707;1287165;0;2905
FR;1;2022-05-06;1821;3234;14238;34939;1911;13822;36201;0;166;42565543;41355414;25843165;1147694;42478485;28045529;1323366;0;3071
FR;1;2022-05-07;859;1473;5979;9097;878;6013;9731;0;44;42566402;41356887;25849144;1156791;42479363;28051542;1333097;0;3115
FR;1;2022-05-08;190;329;1062;1472;221;1124;1548;0;8;42566592;41357216;25850206;1158263;42479584;28052666;1334645;0;3123
FR;1;2022-05-09;1160;2016;9248;19262;1156;9162;20035;0;93;42567752;41359232;25859454;1177525;42480740;28061828;1354680;0;3216
FR;1;2022-05-10;1505;3045;12620;37145;1955;12219;38043;0;177;42569257;41362277;25872074;1214670;42482695;28074047;1392723;0;3393
FR;1;2022-05-11;1440;2474;9911;26037;1692;9859;26558;0;138;42570697;41364751;25881985;1240707;42484387;28083906;1419281;0;3531
FR;1;2022-05-12;1325;2448;10525;33631;1540;10226;34274;0;188;42572022;41367199;25892510;1274338;42485927;28094132;1453555;0;3719
FR;1;2022-05-13;1616;2805;12770;35854;1683;12418;36949;0;149;42573638;41370004;25905280;1310192;42487610;28106550;1490504;0;3868
FR;1;2022-05-14;782;1324;5481;10216;809;5365;10731;0;51;42574420;41371328;25910761;1320408;42488419;28111915;1501235;0;3919
FR;1;2022-05-15;223;420;1182;1352;244;1252;1497;0;5;42574643;41371748;25911943;1321760;42488663;28113167;1502732;0;3924
FR;1;2022-05-16;971;1785;8079;20137;1004;8143;20550;0;117;42575614;41373533;25920022;1341897;42489667;28121310;1523282;0;4041
FR;1;2022-05-17;1294;2301;11122;36187;1384;10727;36972;0;172;42576908;41375834;25931144;1378084;42491051;28132037;1560254;0;4213
FR;1;2022-05-18;1313;2134;9039;25727;1367;8990;26285;0;99;42578221;41377968;25940183;1403811;42492418;28141027;1586539;0;4312
FR;1;2022-05-19;1204;2403;9853;33999;1411;9949;34200;0;150;42579425;41380371;25950036;1437810;42493829;28150976;1620739;0;4462
FR;1;2022-05-20;1561;2755;12530;37656;1718;12112;38515;0;151;42580986;41383126;25962566;1475466;42495547;28163088;1659254;0;4613
FR;1;2022-05-21;774;1383;5247;9374;874;5165;9943;0;37;42581760;41384509;25967813;1484840;42496421;28168253;1669197;0;4650
FR;1;2022-05-22;193;292;951;1397;204;951;1519;0;10;42581953;41384801;25968764;1486237;42496625;28169204;1670716;0;4660
FR;1;2022-05-23;972;1887;8370;19414;1174;8345;20031;0;79;42582925;41386688;25977134;1505651;42497799;28177549;1690747;0;4739
FR;1;2022-05-24;1288;2449;10727;37250;1441;10597;37823;0;173;42584213;41389137;25987861;1542901;42499240;28188146;1728570;0;4912
FR;1;2022-05-25;1273;2299;8792;23693;1426;8956;24055;0;111;42585486;41391436;25996653;1566594;42500666;28197102;1752625;0;5023
FR;1;2022-05-26;175;385;1585;1155;261;1579;1289;0;24;42585661;41391821;25998238;1567749;42500927;28198681;1753914;0;5047
FR;1;2022-05-27;1117;2189;8789;20458;1374;8537;21411;0;84;42586778;41394010;26007027;1588207;42502301;28207218;1775325;0;5131
FR;1;2022-05-28;486;1058;3689;6540;626;3727;6928;0;37;42587264;41395068;26010716;1594747;42502927;28210945;1782253;0;5168
FR;1;2022-05-29;121;257;707;896;149;718;1005;0;4;42587385;41395325;26011423;1595643;42503076;28211663;1783258;0;5172
FR;1;2022-05-30;831;1741;6558;18535;1043;6590;18989;0;85;42588216;41397066;26017981;1614178;42504119;28218253;1802247;0;5257
FR;1;2022-05-31;1266;2237;9247;34372;1371;9116;34974;0;159;42589482;41399303;26027228;1648550;42505490;28227369;1837221;0;5416
FR;1;2022-06-01;1329;2602;10437;23459;1748;10300;24306;0;115;42590811;41401905;26037665;1672009;42507238;28237669;1861527;0;5531
FR;1;2022-06-02;1226;2306;10664;34153;1445;10242;34986;0;162;42592037;41404211;26048329;1706162;42508683;28247911;1896513;0;5693
FR;1;2022-06-03;1446;2741;12729;37108;1732;12149;38285;0;157;42593483;41406952;26061058;1743270;42510415;28260060;1934798;0;5850
FR;1;2022-06-04;683;1262;4750;8677;759;4826;9167;0;62;42594166;41408214;26065808;1751947;42511174;28264886;1943965;0;5912
FR;1;2022-06-05;134;292;810;1048;150;834;1153;0;3;42594300;41408506;26066618;1752995;42511324;28265720;1945118;0;5915
FR;1;2022-06-06;709;1172;2025;1252;997;2041;1427;0;9;42595009;41409678;26068643;1754247;42512321;28267761;1946545;0;5924
FR;1;2022-06-07;1250;2341;9181;34046;1436;8842;35144;0;143;42596259;41412019;26077824;1788293;42513757;28276603;1981689;0;6067
FR;1;2022-06-08;1134;2236;8673;27610;1401;8556;28480;0;107;42597393;41414255;26086497;1815903;42515158;28285159;2010169;0;6174
FR;1;2022-06-09;1073;2148;9987;37569;1280;9671;38336;0;148;42598466;41416403;26096484;1853472;42516438;28294830;2048505;0;6322
FR;1;2022-06-10;1337;2849;12412;43133;1814;12003;44362;0;200;42599803;41419252;26108896;1896605;42518252;28306833;2092867;0;6522
FR;1;2022-06-11;660;1451;5139;11084;798;5188;11613;0;50;42600463;41420703;26114035;1907689;42519050;28312021;2104480;0;6572
FR;1;2022-06-12;154;377;1018;1687;189;1076;1788;0;11;42600617;41421080;26115053;1909376;42519239;28313097;2106268;0;6583
FR;1;2022-06-13;939;1839;7015;22225;1134;6872;23066;0;84;42601556;41422919;26122068;1931601;42520373;28319969;2129334;0;6667
FR;1;2022-06-14;1111;2230;9840;42847;1309;9243;43939;0;186;42602667;41425149;26131908;1974448;42521682;28329212;2173273;0;6853
FR;1;2022-06-15;1086;2001;8787;29381;1353;8466;29938;0;168;42603753;41427150;26140695;2003829;42523035;28337678;2203211;0;7021
FR;1;2022-06-16;956;1839;9399;38508;1061;8878;39415;0;188;42604709;41428989;26150094;2042337;42524096;28346556;2242626;0;7209
FR;1;2022-06-17;1225;2567;11908;44857;1479;11369;46002;0;224;42605934;41431556;26162002;2087194;42525575;28357925;2288628;0;7433
FR;1;2022-06-18;563;1277;4318;10544;717;4257;11086;0;62;42606497;41432833;26166320;2097738;42526292;28362182;2299714;0;7495
FR;1;2022-06-19;137;325;1003;1543;173;1082;1609;0;12;42606634;41433158;26167323;2099281;42526465;28363264;2301323;0;7507
FR;1;2022-06-20;860;1704;8494;25049;1002;8158;25910;0;144;42607494;41434862;26175817;2124330;42527467;28371422;2327233;0;7651
FR;1;2022-06-21;1101;2137;9764;47759;1253;8855;49103;0;241;42608595;41436999;26185581;2172089;42528720;28380277;2376336;0;7892
FR;1;2022-06-22;1044;2068;8434;37155;1296;7953;38017;0;231;42609639;41439067;26194015;2209244;42530016;28388230;2414353;0;8123
FR;1;2022-06-23;1054;2179;10124;52811;1210;9407;53820;0;290;42610693;41441246;26204139;2262055;42531226;28397637;2468173;0;8413
FR;1;2022-06-24;1253;2718;12913;65968;1486;11698;67639;0;367;42611946;41443964;26217052;2328023;42532712;28409335;2535812;0;8780
FR;1;2022-06-25;684;1506;5929;18923;792;5711;19722;0;163;42612630;41445470;26222981;2346946;42533504;28415046;2555534;0;8943
FR;1;2022-06-26;167;405;1817;3494;190;1713;3730;0;34;42612797;41445875;26224798;2350440;42533694;28416759;2559264;0;8977
FR;1;2022-06-27;943;1774;9901;45978;939;9127;47113;0;300;42613740;41447649;26234699;2396418;42534633;28425886;2606377;0;9277
FR;1;2022-06-28;1215;2575;13839;86562;1380;12404;88248;0;569;42614955;41450224;26248538;2482980;42536013;28438290;2694625;0;9846
FR;1;2022-06-29;1242;2293;11480;67397;1256;10547;68443;0;487;42616197;41452517;26260018;2550377;42537269;28448837;2763068;0;10333
FR;1;2022-06-30;1287;2476;13518;89969;1424;11827;91767;0;645;42617484;41454993;26273536;2640346;42538693;28460664;2854835;0;10978
FR;1;2022-07-01;1652;3476;20305;109192;1988;17964;111584;0;859;42619136;41458469;26293841;2749538;42540681;28478628;2966419;0;11837
FR;1;2022-07-02;769;1525;8021;33774;749;7251;34800;0;315;42619905;41459994;26301862;2783312;42541430;28485879;3001219;0;12152
FR;1;2022-07-03;228;480;1942;6118;256;1758;6444;0;71;42620133;41460474;26303804;2789430;42541686;28487637;3007663;0;12223
FR;1;2022-07-04;1504;3126;13929;75409;2005;12358;77296;0;589;42621637;41463600;26317733;2864839;42543691;28499995;3084959;0;12812
FR;1;2022-07-05;1463;2852;17689;126361;1506;15146;128475;0;1059;42623100;41466452;26335422;2991200;42545197;28515141;3213434;0;13871
FR;1;2022-07-06;1361;2399;14882;93726;1378;12905;95161;0;815;42624461;41468851;26350304;3084926;42546575;28528046;3308595;0;14686
FR;1;2022-07-07;1439;2538;16931;119491;1408;14002;121585;0;1074;42625900;41471389;26367235;3204417;42547983;28542048;3430180;0;15760
FR;1;2022-07-08;1533;2822;19608;129998;1539;15970;132804;0;1220;42627433;41474211;26386843;3334415;42549522;28558018;3562984;0;16980
FR;1;2022-07-09;662;1278;7306;36018;698;6347;36808;0;392;42628095;41475489;26394149;3370433;42550220;28564365;3599792;0;17372
FR;1;2022-07-10;240;648;2240;6689;403;2032;7068;0;89;42628335;41476137;26396389;3377122;42550623;28566397;3606860;0;17461
FR;1;2022-07-11;1224;2234;14318;84449;1171;11939;86560;0;734;42629559;41478371;26410707;3461571;42551794;28578336;3693420;0;18195
FR;1;2022-07-12;1587;2800;19462;137418;1438;15901;139907;0;1485;42631146;41481171;26430169;3598989;42553232;28594237;3833327;0;19680
FR;1;2022-07-13;1447;2438;14789;89836;1315;12643;91521;0;1002;42632593;41483609;26444958;3688825;42554547;28606880;3924848;0;20682
FR;1;2022-07-14;161;350;1864;5288;195;1773;5435;0;74;42632754;41483959;26446822;3694113;42554742;28608653;3930283;0;20756
FR;1;2022-07-15;1265;2311;14361;80594;1194;12004;82598;0;960;42634019;41486270;26461183;3774707;42555936;28620657;4012881;0;21716
FR;1;2022-07-16;509;1062;5639;23948;554;4893;24588;0;302;42634528;41487332;26466822;3798655;42556490;28625550;4037469;0;22018
FR;1;2022-07-17;163;368;1655;4463;193;1499;4726;0;60;42634691;41487700;26468477;3803118;42556683;28627049;4042195;0;22078
FR;1;2022-07-18;973;2034;11300;59276;1144;9569;61001;0;715;42635664;41489734;26479777;3862394;42557827;28636618;4103196;0;22793
FR;1;2022-07-19;1229;2127;14691;99422;1190;11724;101417;0;1386;42636893;41491861;26494468;3961816;42559017;28648342;4204613;0;24179
FR;1;2022-07-20;1184;2003;12372;74368;1172;10282;75855;0;964;42638077;41493864;26506840;4036184;42560189;28658624;4280468;0;25143
FR;1;2022-07-21;1135;1951;12415;84539;1185;9991;85904;0;1211;42639212;41495815;26519255;4120723;42561374;28668615;4366372;0;26354
FR;1;2022-07-22;1265;2234;14101;85940;1248;11431;87679;0;1263;42640477;41498049;26533356;4206663;42562622;28680046;4454051;0;27617
FR;1;2022-07-23;546;1092;5236;21294;633;4610;21839;0;373;42641023;41499141;26538592;4227957;42563255;28684656;4475890;0;27990
FR;1;2022-07-24;148;305;1324;3699;152;1166;3923;0;65;42641171;41499446;26539916;4231656;42563407;28685822;4479813;0;28055
FR;1;2022-07-25;890;1630;9074;46114;980;7522;47490;0;680;42642061;41501076;26548990;4277770;42564387;28693344;4527303;0;28735
FR;1;2022-07-26;1130;1961;12680;81962;1118;10336;83575;0;1198;42643191;41503037;26561670;4359732;42565505;28703680;4610878;0;29933
FR;1;2022-07-27;1017;1729;9759;58519;1043;8139;59700;0;874;42644208;41504766;26571429;4418251;42566548;28711819;4670578;0;30807
FR;1;2022-07-28;980;1704;9853;61902;1112;7847;63130;0;967;42645188;41506470;26581282;4480153;42567660;28719666;4733708;0;31774
FR;1;2022-07-29;1112;1839;10457;62985;1164;8382;64299;0;1066;42646300;41508309;26591739;4543138;42568824;28728048;4798007;0;32840
FR;1;2022-07-30;392;722;3349;14491;438;2849;14851;0;279;42646692;41509031;26595088;4557629;42569262;28730897;4812858;0;33119
FR;1;2022-07-31;141;263;900;2335;158;766;2477;0;47;42646833;41509294;26595988;4559964;42569420;28731663;4815335;0;33166
FR;1;2022-08-01;766;1418;7254;28963;1034;6117;29954;0;519;42647599;41510712;26603242;4588927;42570454;28737780;4845289;0;33685
FR;1;2022-08-02;906;1481;8233;54032;996;6627;54683;0;1090;42648505;41512193;26611475;4642959;42571450;28744407;4899972;0;34775
FR;1;2022-08-03;727;1105;6152;37042;750;4935;37772;0;644;42649232;41513298;26617627;4680001;42572200;28749342;4937744;0;35419
FR;1;2022-08-04;647;1077;6256;41447;693;5051;42001;0;850;42649879;41514375;26623883;4721448;42572893;28754393;4979745;0;36269
FR;1;2022-08-05;742;1196;6765;43072;806;5433;43703;0;933;42650621;41515571;26630648;4764520;42573699;28759826;5023448;0;37202
FR;1;2022-08-06;275;461;1991;8999;301;1672;9191;0;218;42650896;41516032;26632639;4773519;42574000;28761498;5032639;0;37420
FR;1;2022-08-07;89;145;520;1556;101;436;1630;0;35;42650985;41516177;26633159;4775075;42574101;28761934;5034269;0;37455
FR;1;2022-08-08;510;1014;3803;21217;768;3137;21624;0;457;42651495;41517191;26636962;4796292;42574869;28765071;5055893;0;37912
FR;1;2022-08-09;618;1049;5682;38471;739;4557;38965;0;794;42652113;41518240;26642644;4834763;42575608;28769628;5094858;0;38706
FR;1;2022-08-10;546;1113;4435;26913;814;3636;27226;0;601;42652659;41519353;26647079;4861676;42576422;28773264;5122084;0;39307
FR;1;2022-08-11;547;917;4310;28206;629;3584;28534;0;634;42653206;41520270;26651389;4889882;42577051;28776848;5150618;0;39941
FR;1;2022-08-12;611;1037;4552;27165;711;3760;27576;0;668;42653817;41521307;26655941;4917047;42577762;28780608;5178194;0;40609
FR;1;2022-08-13;194;367;1248;5108;260;1065;5279;0;116;42654011;41521674;26657189;4922155;42578022;28781673;5183473;0;40725
FR;1;2022-08-14;66;115;276;871;96;235;941;0;24;42654077;41521789;26657465;4923026;42578118;28781908;5184414;0;40749
FR;1;2022-08-15;84;183;572;542;152;533;593;0;16;42654161;41521972;26658037;4923568;42578270;28782441;5185007;0;40765
FR;1;2022-08-16;530;945;3787;21487;703;3217;21687;0;582;42654691;41522917;26661824;4945055;42578973;28785658;5206694;0;41347
FR;1;2022-08-17;535;903;3767;22149;671;3193;22391;0;579;42655226;41523820;26665591;4967204;42579644;28788851;5229085;0;41926
FR;1;2022-08-18;545;886;3936;25439;686;3134;25661;0;630;42655771;41524706;26669527;4992643;42580330;28791985;5254746;0;42556
FR;1;2022-08-19;535;1047;4369;26543;747;3601;26851;0;732;42656306;41525753;26673896;5019186;42581077;28795586;5281597;0;43288
FR;1;2022-08-20;234;416;1289;5371;316;1106;5524;0;138;42656540;41526169;26675185;5024557;42581393;28796692;5287121;0;43426
FR;1;2022-08-21;84;111;287;989;76;253;1012;0;27;42656624;41526280;26675472;5025546;42581469;28796945;5288133;0;43453
FR;1;2022-08-22;489;892;3141;14953;663;2713;15229;0;411;42657113;41527172;26678613;5040499;42582132;28799658;5303362;0;43864
FR;1;2022-08-23;643;1062;4153;28320;746;3487;28399;0;830;42657756;41528234;26682766;5068819;42582878;28803145;5331761;0;44694
FR;1;2022-08-24;557;830;3401;19060;651;2770;19245;0;587;42658313;41529064;26686167;5087879;42583529;28805915;5351006;0;45281
FR;1;2022-08-25;563;924;3827;22919;644;3210;23148;0;655;42658876;41529988;26689994;5110798;42584173;28809125;5374154;0;45936
FR;1;2022-08-26;748;1132;4346;25156;807;3563;25531;0;745;42659624;41531120;26694340;5135954;42584980;28812688;5399685;0;46681
FR;1;2022-08-27;219;431;1323;5302;275;1191;5356;0;192;42659843;41531551;26695663;5141256;42585255;28813879;5405041;0;46873
FR;1;2022-08-28;111;146;298;898;105;280;947;0;33;42659954;41531697;26695961;5142154;42585360;28814159;5405988;0;46906
FR;1;2022-08-29;502;856;2976;14248;632;2515;14558;0;409;42660456;41532553;26698937;5156402;42585992;28816674;5420546;0;47315
FR;1;2022-08-30;740;1100;4626;27711;777;3776;28032;0;793;42661196;41533653;26703563;5184113;42586769;28820450;5448578;0;48108
FR;1;2022-08-31;586;831;3112;17234;609;2622;17496;0;483;42661782;41534484;26706675;5201347;42587378;28823072;5466074;0;48591
FR;1;2022-09-01;680;920;4327;21874;647;3686;22135;0;587;42662462;41535404;26711002;5223221;42588025;28826758;5488209;0;49178
FR;1;2022-09-02;777;1052;4880;27864;748;4077;28151;0;882;42663239;41536456;26715882;5251085;42588773;28830835;5516360;0;50060
FR;1;2022-09-03;318;506;1832;5875;345;1593;6104;0;174;42663557;41536962;26717714;5256960;42589118;28832428;5522464;0;50234
FR;1;2022-09-04;108;137;341;842;74;334;912;0;21;42663665;41537099;26718055;5257802;42589192;28832762;5523376;0;50255
FR;1;2022-09-05;597;723;3036;15690;546;2542;15973;0;499;42664262;41537822;26721091;5273492;42589738;28835304;5539349;0;50754
FR;1;2022-09-06;728;945;4569;31061;594;3707;31283;0;1002;42664990;41538767;26725660;5304553;42590332;28839011;5570632;0;51756
FR;1;2022-09-07;545;690;2919;16443;450;2422;16580;0;550;42665535;41539457;26728579;5320996;42590782;28841433;5587212;0;52306
FR;1;2022-09-08;573;790;3698;24206;536;3039;24286;0;796;42666108;41540247;26732277;5345202;42591318;28844472;5611498;0;53102
FR;1;2022-09-09;772;971;4304;26884;612;3592;27067;0;902;42666880;41541218;26736581;5372086;42591930;28848064;5638565;0;54004
FR;1;2022-09-10;335;480;1674;5588;310;1476;5778;0;204;42667215;41541698;26738255;5377674;42592240;28849540;5644343;0;54208
FR;1;2022-09-11;105;120;312;645;82;292;702;0;17;42667320;41541818;26738567;5378319;42592322;28849832;5645045;0;54225
FR;1;2022-09-12;450;594;2612;12948;415;2229;13228;0;462;42667770;41542412;26741179;5391267;42592737;28852061;5658273;0;54687
FR;1;2022-09-13;585;814;3867;25834;524;3380;25709;0;835;42668355;41543226;26745046;5417101;42593261;28855441;5683982;0;55522
FR;1;2022-09-14;571;700;2873;15694;484;2403;15930;0;537;42668926;41543926;26747919;5432795;42593745;28857844;5699912;0;56059
FR;1;2022-09-15;512;725;3337;23087;496;2844;23150;0;677;42669438;41544651;26751256;5455882;42594241;28860688;5723062;0;56736
FR;1;2022-09-16;720;936;4015;25333;621;3386;25534;0;891;42670158;41545587;26755271;5481215;42594862;28864074;5748596;0;57627
FR;1;2022-09-17;294;418;1395;5978;289;1220;6086;0;227;42670452;41546005;26756666;5487193;42595151;28865294;5754682;0;57854
FR;1;2022-09-18;99;124;310;923;101;278;979;0;33;42670551;41546129;26756976;5488116;42595252;28865572;5755661;0;57887
FR;1;2022-09-19;367;573;2134;12846;374;1830;12999;0;414;42670918;41546702;26759110;5500962;42595626;28867402;5768660;0;58301
FR;1;2022-09-20;559;807;3661;25829;554;3059;25869;0;853;42671477;41547509;26762771;5526791;42596180;28870461;5794529;0;59154
FR;1;2022-09-21;471;681;2625;15861;481;2253;15826;0;561;42671948;41548190;26765396;5542652;42596661;28872714;5810355;0;59715
FR;1;2022-09-22;538;763;3291;22951;503;2689;23141;0;742;42672486;41548953;26768687;5565603;42597164;28875403;5833496;0;60457
FR;1;2022-09-23;762;942;4351;28140;672;3632;28307;0;980;42673248;41549895;26773038;5593743;42597836;28879035;5861803;0;61437
FR;1;2022-09-24;352;534;1585;6694;375;1369;6866;0;300;42673600;41550429;26774623;5600437;42598211;28880404;5868669;0;61737
FR;1;2022-09-25;81;152;321;1071;105;293;1109;0;32;42673681;41550581;26774944;5601508;42598316;28880697;5869778;0;61769
FR;1;2022-09-26;382;645;2181;13073;422;1934;13167;0;412;42674063;41551226;26777125;5614581;42598738;28882631;5882945;0;62181
FR;1;2022-09-27;540;766;3458;25023;540;2794;25221;0;906;42674603;41551992;26780583;5639604;42599278;28885425;5908166;0;63087
FR;1;2022-09-28;519;714;2445;14964;501;2214;15053;0;597;42675122;41552706;26783028;5654568;42599779;28887639;5923219;0;63684
FR;1;2022-09-29;504;691;2982;20349;482;2507;20362;0;767;42675626;41553397;26786010;5674917;42600261;28890146;5943581;0;64451
FR;1;2022-09-30;683;975;3774;24423;678;3158;24671;0;970;42676309;41554372;26789784;5699340;42600939;28893304;5968252;0;65421
FR;1;2022-10-01;348;546;1903;5501;381;1658;5730;0;273;42676657;41554918;26791687;5704841;42601320;28894962;5973982;0;65694
FR;1;2022-10-02;53;120;204;567;82;204;588;0;29;42676710;41555038;26791891;5705408;42601402;28895166;5974570;0;65723
FR;1;2022-10-03;421;702;2210;10039;547;1969;10207;0;489;42677131;41555740;26794101;5715447;42601949;28897135;5984777;0;66212
FR;1;2022-10-04;549;702;2923;18922;470;2473;19010;0;1084;42677680;41556442;26797024;5734369;42602419;28899608;6003787;0;67296
FR;1;2022-10-05;430;688;2089;11108;460;1862;11240;0;723;42678110;41557130;26799113;5745477;42602879;28901470;6015027;0;68019
FR;1;2022-10-06;442;615;2493;15774;438;2058;15957;0;1060;42678552;41557745;26801606;5761251;42603317;28903528;6030984;0;69079
FR;1;2022-10-07;551;742;2693;16063;541;2310;16087;0;1160;42679103;41558487;26804299;5777314;42603858;28905838;6047071;0;70239
FR;1;2022-10-08;235;309;887;3170;240;775;3275;0;291;42679338;41558796;26805186;5780484;42604098;28906613;6050346;0;70530
FR;1;2022-10-09;76;87;150;461;77;134;487;0;50;42679414;41558883;26805336;5780945;42604175;28906747;6050833;0;70580
FR;1;2022-10-10;299;465;1317;4996;372;1235;5091;0;463;42679713;41559348;26806653;5785941;42604547;28907982;6055924;0;71043
FR;1;2022-10-11;317;441;1311;8084;328;1192;8185;0;757;42680030;41559789;26807964;5794025;42604875;28909174;6064109;0;71800
FR;1;2022-10-12;326;447;1065;5186;337;1061;5201;0;520;42680356;41560236;26809029;5799211;42605212;28910235;6069310;0;72320
FR;1;2022-10-13;325;409;1068;6085;318;929;6130;0;628;42680681;41560645;26810097;5805296;42605530;28911164;6075440;0;72948
FR;1;2022-10-14;408;532;1173;6710;448;1047;6778;0;675;42681089;41561177;26811270;5812006;42605978;28912211;6082218;0;73623
FR;1;2022-10-15;204;271;523;1860;224;505;1868;0;226;42681293;41561448;26811793;5813866;42606202;28912716;6084086;0;73849
FR;1;2022-10-16;47;62;111;296;43;118;315;0;48;42681340;41561510;26811904;5814162;42606245;28912834;6084401;0;73897
FR;1;2022-10-17;235;324;734;2652;258;689;2696;0;366;42681575;41561834;26812638;5816814;42606503;28913523;6087097;0;74263
FR;1;2022-10-18;262;315;952;4591;251;831;4692;0;865;42681837;41562149;26813590;5821405;42606754;28914354;6091789;0;75128
FR;1;2022-10-19;278;363;693;3183;296;662;3164;0;502;42682115;41562512;26814283;5824588;42607050;28915016;6094953;0;75630
FR;1;2022-10-20;278;328;893;4365;275;781;4403;0;771;42682393;41562840;26815176;5828953;42607325;28915797;6099356;0;76401
FR;1;2022-10-21;302;408;846;3804;360;741;3876;0;675;42682695;41563248;26816022;5832757;42607685;28916538;6103232;0;77076
FR;1;2022-10-22;135;176;306;1251;154;300;1216;0;210;42682830;41563424;26816328;5834008;42607839;28916838;6104448;0;77286
FR;1;2022-10-23;31;43;64;197;41;58;213;0;25;42682861;41563467;26816392;5834205;42607880;28916896;6104661;0;77311
FR;1;2022-10-24;273;232;477;1603;201;474;1659;0;306;42683134;41563699;26816869;5835808;42608081;28917370;6106320;0;77617
FR;1;2022-10-25;219;256;524;2650;224;446;2705;0;487;42683353;41563955;26817393;5838458;42608305;28917816;6109025;0;78104
FR;1;2022-10-26;234;244;390;1956;230;366;1963;0;435;42683587;41564199;26817783;5840414;42608535;28918182;6110988;0;78539
FR;1;2022-10-27;258;227;489;2167;198;508;2151;0;518;42683845;41564426;26818272;5842581;42608733;28918690;6113139;0;79057
FR;1;2022-10-28;309;316;532;2333;296;470;2399;0;478;42684154;41564742;26818804;5844914;42609029;28919160;6115538;0;79535
FR;1;2022-10-29;99;149;177;712;118;211;703;0;202;42684253;41564891;26818981;5845626;42609147;28919371;6116241;0;79737
FR;1;2022-10-30;38;42;62;183;34;56;189;0;38;42684291;41564933;26819043;5845809;42609181;28919427;6116430;0;79775
FR;1;2022-10-31;136;181;294;796;160;271;863;0;143;42684427;41565114;26819337;5846605;42609341;28919698;6117293;0;79918
FR;1;2022-11-01;44;122;763;115;106;761;135;0;18;42684471;41565236;26820100;5846720;42609447;28920459;6117428;0;79936
FR;1;2022-11-02;259;227;524;981;222;492;1044;0;356;42684730;41565463;26820624;5847701;42609669;28920951;6118472;0;80292
FR;1;2022-11-03;267;228;440;1378;213;400;1417;0;374;42684997;41565691;26821064;5849079;42609882;28921351;6119889;0;80666
FR;1;2022-11-04;231;258;424;1597;237;401;1637;0;438;42685228;41565949;26821488;5850676;42610119;28921752;6121526;0;81104
FR;1;2022-11-05;98;118;272;501;107;254;523;0;111;42685326;41566067;26821760;5851177;42610226;28922006;6122049;0;81215
FR;1;2022-11-06;36;42;32;131;41;35;129;0;33;42685362;41566109;26821792;5851308;42610267;28922041;6122178;0;81248
FR;1;2022-11-07;183;206;292;892;193;283;938;0;211;42685545;41566315;26822084;5852200;42610460;28922324;6123116;0;81459
FR;1;2022-11-08;198;236;458;1678;224;404;1706;0;519;42685743;41566551;26822542;5853878;42610684;28922728;6124822;0;81978
FR;1;2022-11-09;183;209;334;1102;196;300;1139;0;458;42685926;41566760;26822876;5854980;42610880;28923028;6125961;0;82436
FR;1;2022-11-10;208;269;429;1678;258;438;1665;0;580;42686134;41567029;26823305;5856658;42611138;28923466;6127626;0;83016
FR;1;2022-11-11;27;33;104;100;32;90;114;0;44;42686161;41567062;26823409;5856758;42611170;28923556;6127740;0;83060
FR;1;2022-11-12;88;119;256;375;106;255;390;0;101;42686249;41567181;26823665;5857133;42611276;28923811;6128130;0;83161
FR;1;2022-11-13;19;33;28;64;30;31;66;0;26;42686268;41567214;26823693;5857197;42611306;28923842;6128196;0;83187
FR;1;2022-11-14;170;176;257;767;164;261;837;0;234;42686438;41567390;26823950;5857964;42611470;28924103;6129033;0;83421
FR;1;2022-11-15;212;233;383;1295;232;359;1335;0;434;42686650;41567623;26824333;5859259;42611702;28924462;6130368;0;83855
FR;1;2022-11-16;184;222;328;981;217;341;1016;0;359;42686834;41567845;26824661;5860240;42611919;28924803;6131384;0;84214
FR;1;2022-11-17;164;181;291;1205;175;267;1209;0;387;42686998;41568026;26824952;5861445;42612094;28925070;6132593;0;84601
FR;1;2022-11-18;226;251;391;1314;244;380;1347;0;411;42687224;41568277;26825343;5862759;42612338;28925450;6133940;0;85012
FR;1;2022-11-19;120;102;245;441;100;210;474;0;102;42687344;41568379;26825588;5863200;42612438;28925660;6134414;0;85114
FR;1;2022-11-20;28;38;29;66;33;31;74;0;28;42687372;41568417;26825617;5863266;42612471;28925691;6134488;0;85142
FR;1;2022-11-21;174;168;268;638;142;283;675;0;211;42687546;41568585;26825885;5863904;42612613;28925974;6135163;0;85353
FR;1;2022-11-22;154;147;409;1153;130;392;1176;0;405;42687700;41568732;26826294;5865057;42612743;28926366;6136339;0;85758
FR;1;2022-11-23;177;172;241;758;155;242;781;0;241;42687877;41568904;26826535;5865815;42612898;28926608;6137120;0;85999
FR;1;2022-11-24;134;161;283;1195;142;296;1197;0;425;42688011;41569065;26826818;5867010;42613040;28926904;6138317;0;86424
FR;1;2022-11-25;201;232;423;1153;217;412;1185;0;392;42688212;41569297;26827241;5868163;42613257;28927316;6139502;0;86816
FR;1;2022-11-26;90;106;112;322;98;123;310;0;117;42688302;41569403;26827353;5868485;42613355;28927439;6139812;0;86933
FR;1;2022-11-27;15;33;19;72;20;31;78;0;49;42688317;41569436;26827372;5868557;42613375;28927470;6139890;0;86982
FR;1;2022-11-28;209;136;206;665;143;203;707;0;332;42688526;41569572;26827578;5869222;42613518;28927673;6140597;0;87314
FR;1;2022-11-29;169;140;269;1104;124;251;1117;0;457;42688695;41569712;26827847;5870326;42613642;28927924;6141714;0;87771
FR;1;2022-11-30;159;191;229;929;178;230;955;0;319;42688854;41569903;26828076;5871255;42613820;28928154;6142669;0;88090
FR;1;2022-12-01;156;147;697;1083;134;664;1125;0;362;42689010;41570050;26828773;5872338;42613954;28928818;6143794;0;88452
FR;1;2022-12-02;198;190;510;1182;186;507;1229;0;470;42689208;41570240;26829283;5873520;42614140;28929325;6145023;0;88922
FR;1;2022-12-03;101;107;261;530;95;239;527;0;177;42689309;41570347;26829544;5874050;42614235;28929564;6145550;0;89099
FR;1;2022-12-04;26;26;19;138;23;20;129;0;58;42689335;41570373;26829563;5874188;42614258;28929584;6145679;0;89157
FR;1;2022-12-05;136;120;280;865;116;275;896;0;314;42689471;41570493;26829843;5875053;42614374;28929859;6146575;0;89471
FR;1;2022-12-06;145;136;263;1444;124;266;1450;0;739;42689616;41570629;26830106;5876497;42614498;28930125;6148025;0;90210
FR;1;2022-12-07;147;143;242;1185;154;220;1202;0;572;42689763;41570772;26830348;5877682;42614652;28930345;6149227;0;90782
FR;1;2022-12-08;127;134;295;1751;126;251;1793;0;765;42689890;41570906;26830643;5879433;42614778;28930596;6151020;0;91547
FR;1;2022-12-09;200;193;346;1811;164;355;1831;0;720;42690090;41571099;26830989;5881244;42614942;28930951;6152851;0;92267
FR;1;2022-12-10;111;102;337;852;88;320;873;0;292;42690201;41571201;26831326;5882096;42615030;28931271;6153724;0;92559
FR;1;2022-12-11;31;30;31;218;27;29;200;0;62;42690232;41571231;26831357;5882314;42615057;28931300;6153924;0;92621
FR;1;2022-12-12;122;89;275;1099;88;261;1110;0;457;42690354;41571320;26831632;5883413;42615145;28931561;6155034;0;93078
FR;1;2022-12-13;115;117;283;1295;91;260;1307;0;616;42690469;41571437;26831915;5884708;42615236;28931821;6156341;0;93694
FR;1;2022-12-14;102;134;244;862;129;224;884;0;368;42690571;41571571;26832159;5885570;42615365;28932045;6157225;0;94062
FR;1;2022-12-15;132;140;433;1487;127;405;1510;0;690;42690703;41571711;26832592;5887057;42615492;28932450;6158735;0;94752
FR;1;2022-12-16;204;205;553;1331;208;537;1357;0;619;42690907;41571916;26833145;5888388;42615700;28932987;6160092;0;95371
FR;1;2022-12-17;88;83;222;467;73;216;475;0;203;42690995;41571999;26833367;5888855;42615773;28933203;6160567;0;95574
FR;1;2022-12-18;17;20;25;110;17;27;107;0;37;42691012;41572019;26833392;5888965;42615790;28933230;6160674;0;95611
FR;1;2022-12-19;148;125;241;788;133;213;830;0;369;42691160;41572144;26833633;5889753;42615923;28933443;6161504;0;95980
FR;1;2022-12-20;138;151;327;889;139;320;895;0;419;42691298;41572295;26833960;5890642;42616062;28933763;6162399;0;96399
FR;1;2022-12-21;133;102;193;624;111;160;631;0;377;42691431;41572397;26834153;5891266;42616173;28933923;6163030;0;96776
FR;1;2022-12-22;144;99;160;537;108;144;530;0;304;42691575;41572496;26834313;5891803;42616281;28934067;6163560;0;97080
FR;1;2022-12-23;125;144;443;412;127;434;417;0;177;42691700;41572640;26834756;5892215;42616408;28934501;6163977;0;97257
FR;1;2022-12-24;30;25;31;53;28;30;59;0;20;42691730;41572665;26834787;5892268;42616436;28934531;6164036;0;97277
FR;1;2022-12-25;3;7;18;12;7;12;15;0;11;42691733;41572672;26834805;5892280;42616443;28934543;6164051;0;97288
FR;1;2022-12-26;91;88;247;250;88;251;256;0;93;42691824;41572760;26835052;5892530;42616531;28934794;6164307;0;97381
FR;1;2022-12-27;107;155;297;385;147;302;400;0;179;42691931;41572915;26835349;5892915;42616678;28935096;6164707;0;97560
FR;1;2022-12-28;99;136;194;268;123;196;278;0;124;42692030;41573051;26835543;5893183;42616801;28935292;6164985;0;97684
FR;1;2022-12-29;104;98;146;276;95;145;297;0;114;42692134;41573149;26835689;5893459;42616896;28935437;6165282;0;97798
FR;1;2022-12-30;121;120;80;255;109;87;262;0;141;42692255;41573269;26835769;5893714;42617005;28935524;6165544;0;97939
FR;1;2022-12-31;36;33;28;74;38;25;74;0;24;42692291;41573302;26835797;5893788;42617043;28935549;6165618;0;97963
FR;1;2023-01-01;4;11;54;20;11;50;25;0;10;42692295;41573313;26835851;5893808;42617054;28935599;6165643;0;97973
FR;1;2023-01-02;74;78;383;139;85;370;153;0;60;42692369;41573391;26836234;5893947;42617139;28935969;6165796;0;98033
FR;1;2023-01-03;145;83;283;187;82;280;197;0;127;42692514;41573474;26836517;5894134;42617221;28936249;6165993;0;98160
FR;1;2023-01-04;80;76;209;190;79;207;199;0;190;42692594;41573550;26836726;5894324;42617300;28936456;6166192;0;98350
FR;1;2023-01-05;140;94;138;324;107;137;323;0;204;42692734;41573644;26836864;5894648;42617407;28936593;6166515;0;98554
FR;1;2023-01-06;189;134;153;311;136;142;333;0;229;42692923;41573778;26837017;5894959;42617543;28936735;6166848;0;98783
FR;1;2023-01-07;100;82;70;138;85;55;152;0;92;42693023;41573860;26837087;5895097;42617628;28936790;6167000;0;98875
FR;1;2023-01-08;25;15;22;59;12;18;63;0;24;42693048;41573875;26837109;5895156;42617640;28936808;6167063;0;98899
FR;1;2023-01-09;135;116;101;132;112;108;146;0;114;42693183;41573991;26837210;5895288;42617752;28936916;6167209;0;99013
FR;1;2023-01-10;104;99;121;236;97;130;232;0;190;42693287;41574090;26837331;5895524;42617849;28937046;6167441;0;99203
FR;1;2023-01-11;96;88;74;180;96;77;193;0;93;42693383;41574178;26837405;5895704;42617945;28937123;6167634;0;99296
FR;1;2023-01-12;119;91;127;224;86;134;242;0;159;42693502;41574269;26837532;5895928;42618031;28937257;6167876;0;99455
FR;1;2023-01-13;190;136;84;263;133;85;282;0;183;42693692;41574405;26837616;5896191;42618164;28937342;6168158;0;99638
FR;1;2023-01-14;86;54;38;97;54;49;95;0;60;42693778;41574459;26837654;5896288;42618218;28937391;6168253;0;99698
FR;1;2023-01-15;18;16;12;38;16;10;41;0;28;42693796;41574475;26837666;5896326;42618234;28937401;6168294;0;99726
FR;1;2023-01-16;107;83;52;146;76;58;120;0;98;42693903;41574558;26837718;5896472;42618310;28937459;6168414;0;99824
FR;1;2023-01-17;103;84;67;197;83;62;226;0;122;42694006;41574642;26837785;5896669;42618393;28937521;6168640;0;99946
FR;1;2023-01-18;93;77;42;133;76;41;151;0;112;42694099;41574719;26837827;5896802;42618469;28937562;6168791;0;100058
FR;1;2023-01-19;111;63;40;110;64;47;117;0;130;42694210;41574782;26837867;5896912;42618533;28937609;6168908;0;100188
FR;1;2023-01-20;158;127;92;244;129;123;231;0;169;42694368;41574909;26837959;5897156;42618662;28937732;6169139;0;100357
FR;1;2023-01-21;56;62;37;75;60;48;66;0;30;42694424;41574971;26837996;5897231;42618722;28937780;6169205;0;100387
FR;1;2023-01-22;8;8;11;19;6;8;22;0;14;42694432;41574979;26838007;5897250;42618728;28937788;6169227;0;100401
FR;1;2023-01-23;83;69;44;74;70;34;95;0;60;42694515;41575048;26838051;5897324;42618798;28937822;6169322;0;100461
FR;1;2023-01-24;110;66;34;107;76;33;115;0;153;42694625;41575114;26838085;5897431;42618874;28937855;6169437;0;100614
FR;1;2023-01-25;88;108;53;88;107;56;101;0;98;42694713;41575222;26838138;5897519;42618981;28937911;6169538;0;100712
FR;1;2023-01-26;99;87;39;128;81;48;140;0;92;42694812;41575309;26838177;5897647;42619062;28937959;6169678;0;100804
FR;2;2020-12-27;0;0;0;0;0;0;0;0;0;0;0;0;0;0;0;0;0;0
FR;2;2020-12-28;0;0;0;0;0;0;0;0;0;0;0;0;0;0;0;0;0;0
FR;2;2020-12-29;0;0;0;0;0;0;0;0;0;0;0;0;0;0;0;0;0;0
FR;2;2020-12-30;0;0;0;0;0;0;0;0;0;0;0;0;0;0;0;0;0;0
FR;2;2020-12-31;0;0;0;0;0;0;0;0;0;0;0;0;0;0;0;0;0;0
FR;2;2021-01-01;0;0;0;0;0;0;0;0;0;0;0;0;0;0;0;0;0;0
FR;2;2021-01-02;0;0;0;0;0;0;0;0;0;0;0;0;0;0;0;0;0;0
FR;2;2021-01-03;0;0;0;0;0;0;0;0;0;0;0;0;0;0;0;0;0;0
FR;2;2021-01-04;0;0;0;0;0;0;0;0;0;0;0;0;0;0;0;0;0;0
FR;2;2021-01-05;0;0;0;0;0;0;0;0;0;0;0;0;0;0;0;0;0;0
FR;2;2021-01-06;0;0;0;0;0;0;0;0;0;0;0;0;0;0;0;0;0;0
FR;2;2021-01-07;0;0;0;0;0;0;0;0;0;0;0;0;0;0;0;0;0;0
FR;2;2021-01-08;0;0;0;0;0;0;0;0;0;0;0;0;0;0;0;0;0;0
FR;2;2021-01-09;0;0;0;0;0;0;0;0;0;0;0;0;0;0;0;0;0;0
FR;2;2021-01-10;0;0;0;0;0;0;0;0;0;0;0;0;0;0;0;0;0;0
FR;2;2021-01-11;0;0;0;0;0;0;0;0;0;0;0;0;0;0;0;0;0;0
FR;2;2021-01-12;0;0;0;0;0;0;0;0;0;0;0;0;0;0;0;0;0;0
FR;2;2021-01-13;0;0;0;0;0;0;0;0;0;0;0;0;0;0;0;0;0;0
FR;2;2021-01-14;1639;0;0;0;213;0;0;0;0;1639;0;0;0;213;0;0;0;0
FR;2;2021-01-15;398;0;0;0;28;0;0;0;0;2037;0;0;0;241;0;0;0;0
FR;2;2021-01-16;316;0;0;0;12;0;0;0;0;2353;0;0;0;253;0;0;0;0
FR;2;2021-01-17;84;0;0;0;7;0;0;0;0;2437;0;0;0;260;0;0;0;0
FR;2;2021-01-18;3075;3;0;0;27;0;0;0;0;5512;3;0;0;287;0;0;0;0
FR;2;2021-01-19;4681;2;0;0;31;0;0;0;0;10193;5;0;0;318;0;0;0;0
FR;2;2021-01-20;5137;6;0;0;58;0;0;0;0;15330;11;0;0;376;0;0;0;0
FR;2;2021-01-21;5345;9;0;0;56;0;0;0;0;20675;20;0;0;432;0;0;0;0
FR;2;2021-01-22;5118;19;0;0;70;0;0;0;0;25793;39;0;0;502;0;0;0;0
FR;2;2021-01-23;1875;2;0;0;16;0;0;0;0;27668;41;0;0;518;0;0;0;0
FR;2;2021-01-24;163;2;0;0;8;0;0;0;0;27831;43;0;0;526;0;0;0;0
FR;2;2021-01-25;3814;4;0;0;37;0;0;0;0;31645;47;0;0;563;0;0;0;0
FR;2;2021-01-26;3927;6;0;0;42;0;0;0;0;35572;53;0;0;605;0;0;0;0
FR;2;2021-01-27;3605;4;0;0;36;0;0;0;0;39177;57;0;0;641;0;0;0;0
FR;2;2021-01-28;3757;9;0;0;44;0;0;0;0;42934;66;0;0;685;0;0;0;0
FR;2;2021-01-29;3300;5;0;0;41;0;0;0;0;46234;71;0;0;726;0;0;0;0
FR;2;2021-01-30;1133;3;0;0;16;0;0;0;0;47367;74;0;0;742;0;0;0;0
FR;2;2021-01-31;46;2;0;0;9;0;0;0;0;47413;76;0;0;751;0;0;0;0
FR;2;2021-02-01;3407;13;0;0;44;0;0;0;0;50820;89;0;0;795;0;0;0;0
FR;2;2021-02-02;4496;19;0;0;53;0;0;0;0;55316;108;0;0;848;0;0;0;0
FR;2;2021-02-03;5222;11;0;0;82;0;0;0;0;60538;119;0;0;930;0;0;0;0
FR;2;2021-02-04;4941;11;0;0;36;0;0;0;0;65479;130;0;0;966;0;0;0;0
FR;2;2021-02-05;4817;17;0;0;50;0;0;0;0;70296;147;0;0;1016;0;0;0;0
FR;2;2021-02-06;2045;15;0;0;41;0;0;0;0;72341;162;0;0;1057;0;0;0;0
FR;2;2021-02-07;103;6;0;0;20;0;0;0;0;72444;168;0;0;1077;0;0;0;0
FR;2;2021-02-08;7559;26;0;0;85;0;0;0;0;80003;194;0;0;1162;0;0;0;0
FR;2;2021-02-09;8434;31;0;0;99;0;0;0;0;88437;225;0;0;1261;0;0;0;0
FR;2;2021-02-10;9349;63;0;0;183;0;0;0;0;97786;288;0;0;1444;0;0;0;0
FR;2;2021-02-11;10292;131;0;0;255;0;0;0;0;108078;419;0;0;1699;0;0;0;0
FR;2;2021-02-12;10059;275;0;0;429;0;0;0;0;118137;694;0;0;2128;0;0;0;0
FR;2;2021-02-13;3121;224;0;0;262;0;0;0;0;121258;918;0;0;2390;0;0;0;0
FR;2;2021-02-14;358;11;0;0;21;0;0;0;0;121616;929;0;0;2411;0;0;0;0
FR;2;2021-02-15;3460;3129;0;0;3175;0;0;0;0;125076;4058;0;0;5586;0;0;0;0
FR;2;2021-02-16;5076;4162;0;0;4235;0;0;0;0;130152;8220;0;0;9821;0;0;0;0
FR;2;2021-02-17;4259;4555;0;0;4631;0;0;0;0;134411;12775;0;0;14452;0;0;0;0
FR;2;2021-02-18;5406;5176;0;0;5245;0;0;0;0;139817;17951;0;0;19697;0;0;0;0
FR;2;2021-02-19;5328;4489;0;0;4590;0;0;0;0;145145;22440;0;0;24287;0;0;0;0
FR;2;2021-02-20;1872;1520;0;0;1536;0;0;0;0;147017;23960;0;0;25823;0;0;0;0
FR;2;2021-02-21;244;96;0;0;98;0;0;0;0;147261;24056;0;0;25921;0;0;0;0
FR;2;2021-02-22;3614;3782;0;0;3844;0;0;0;0;150875;27838;0;0;29765;0;0;0;0
FR;2;2021-02-23;4956;3737;0;0;3800;0;0;0;0;155831;31575;0;0;33565;0;0;0;0
FR;2;2021-02-24;5017;3554;0;0;3606;0;0;0;0;160848;35129;0;0;37171;0;0;0;0
FR;2;2021-02-25;5500;3493;0;0;3582;0;0;0;0;166348;38622;0;0;40753;0;0;0;0
FR;2;2021-02-26;4368;3180;0;0;3253;0;0;0;0;170716;41802;0;0;44006;0;0;0;0
FR;2;2021-02-27;1629;1067;0;0;1086;0;0;0;0;172345;42869;0;0;45092;0;0;0;0
FR;2;2021-02-28;179;17;0;0;28;0;0;0;0;172524;42886;0;0;45120;0;0;0;0
FR;2;2021-03-01;5193;3759;0;0;3848;0;0;0;0;177717;46645;0;0;48968;0;0;0;0
FR;2;2021-03-02;6541;4724;0;0;4825;0;0;0;0;184258;51369;0;0;53793;0;0;0;0
FR;2;2021-03-03;6544;4955;0;0;5096;0;0;0;0;190802;56324;0;0;58889;0;0;0;0
FR;2;2021-03-04;8412;4208;0;0;4393;0;0;0;0;199214;60532;0;0;63282;0;0;0;0
FR;2;2021-03-05;8036;4054;0;0;4236;0;0;0;0;207250;64586;0;0;67518;0;0;0;0
FR;2;2021-03-06;4790;1683;0;0;1783;0;0;0;0;212040;66269;0;0;69301;0;0;0;0
FR;2;2021-03-07;2373;32;0;0;76;0;0;0;0;214413;66301;0;0;69377;0;0;0;0
FR;2;2021-03-08;4166;8392;0;0;8548;0;0;0;0;218579;74693;0;0;77925;0;0;0;0
FR;2;2021-03-09;7494;8607;1;0;8865;0;0;0;0;226073;83300;1;0;86790;0;0;0;0
FR;2;2021-03-10;7108;9243;0;0;9469;0;0;0;0;233181;92543;1;0;96259;0;0;0;0
FR;2;2021-03-11;9379;9364;1;0;9683;0;0;0;0;242560;101907;2;0;105942;0;0;0;0
FR;2;2021-03-12;7987;8360;0;0;8662;0;0;0;0;250547;110267;2;0;114604;0;0;0;0
FR;2;2021-03-13;10057;2592;0;0;2913;0;0;0;0;260604;112859;2;0;117517;0;0;0;0
FR;2;2021-03-14;4841;382;0;0;541;0;0;0;0;265445;113241;2;0;118058;0;0;0;0
FR;2;2021-03-15;10919;3475;0;0;3764;0;0;0;0;276364;116716;2;0;121822;0;0;0;0
FR;2;2021-03-16;16769;4732;1;0;5281;0;0;0;0;293133;121448;3;0;127103;0;0;0;0
FR;2;2021-03-17;20242;3995;0;0;4669;0;0;0;0;313375;125443;3;0;131772;0;0;0;0
FR;2;2021-03-18;23372;5126;0;0;5954;0;0;0;0;336747;130569;3;0;137726;0;0;0;0
FR;2;2021-03-19;23316;4676;0;0;5438;0;0;0;0;360063;135245;3;0;143164;0;0;0;0
FR;2;2021-03-20;25452;1586;0;0;2343;0;0;0;0;385515;136831;3;0;145507;0;0;0;0
FR;2;2021-03-21;17673;153;0;0;731;0;0;0;0;403188;136984;3;0;146238;0;0;0;0
FR;2;2021-03-22;17790;3256;0;0;3925;0;0;0;0;420978;140240;3;0;150163;0;0;0;0
FR;2;2021-03-23;22705;4286;0;0;5140;0;0;0;0;443683;144526;3;0;155303;0;0;0;0
FR;2;2021-03-24;23964;5080;0;0;5917;0;0;0;0;467647;149606;3;0;161220;0;0;0;0
FR;2;2021-03-25;26760;5250;1;0;6447;0;0;0;0;494407;154856;4;0;167667;0;0;0;0
FR;2;2021-03-26;26992;4229;0;0;5375;0;0;0;0;521399;159085;4;0;173042;0;0;0;0
FR;2;2021-03-27;15923;1368;0;0;1898;0;0;0;0;537322;160453;4;0;174940;0;0;0;0
FR;2;2021-03-28;10562;137;0;0;429;0;0;0;0;547884;160590;4;0;175369;0;0;0;0
FR;2;2021-03-29;19002;4348;0;0;5048;0;0;0;0;566886;164938;4;0;180417;0;0;0;0
FR;2;2021-03-30;24597;6106;0;0;7046;0;0;0;0;591483;171044;4;0;187463;0;0;0;0
FR;2;2021-03-31;28562;5931;0;0;7222;0;0;0;0;620045;176975;4;0;194685;0;0;0;0
FR;2;2021-04-01;34559;8576;1;0;10269;0;0;0;0;654604;185551;5;0;204954;0;0;0;0
FR;2;2021-04-02;29992;7735;0;0;9162;0;0;0;0;684596;193286;5;0;214116;0;0;0;0
FR;2;2021-04-03;16958;4248;0;0;4930;0;0;0;0;701554;197534;5;0;219046;0;0;0;0
FR;2;2021-04-04;9309;1274;2;0;1682;0;0;0;0;710863;198808;7;0;220728;0;0;0;0
FR;2;2021-04-05;12447;797;0;0;1381;0;0;0;0;723310;199605;7;0;222109;0;0;0;0
FR;2;2021-04-06;27158;7350;0;0;8741;0;0;0;0;750468;206955;7;0;230850;0;0;0;0
FR;2;2021-04-07;30930;7071;1;0;8647;0;0;0;0;781398;214026;8;0;239497;0;0;0;0
FR;2;2021-04-08;36896;8595;1;0;10520;0;0;0;0;818294;222621;9;0;250017;0;0;0;0
FR;2;2021-04-09;33855;8393;28;0;10179;0;0;0;0;852149;231014;37;0;260196;0;0;0;0
FR;2;2021-04-10;19689;9266;1;0;10179;0;0;0;0;871838;240280;38;0;270375;0;0;0;0
FR;2;2021-04-11;7942;4240;1;0;4603;0;0;0;0;879780;244520;39;0;274978;0;0;0;0
FR;2;2021-04-12;17132;11031;0;0;11871;0;0;0;0;896912;255551;39;0;286849;0;0;0;0
FR;2;2021-04-13;19464;16037;1;0;17104;0;0;0;0;916376;271588;40;0;303953;0;0;0;0
FR;2;2021-04-14;18071;16443;7;0;17539;0;0;0;0;934447;288031;47;0;321492;0;0;0;0
FR;2;2021-04-15;22206;21880;27;0;23331;0;0;0;0;956653;309911;74;0;344823;0;0;0;0
FR;2;2021-04-16;20720;20628;45;0;21900;0;0;0;0;977373;330539;119;0;366723;0;0;0;0
FR;2;2021-04-17;13258;22496;5;0;23226;0;0;0;0;990631;353035;124;0;389949;0;0;0;0
FR;2;2021-04-18;5911;14398;6;0;14738;0;0;0;0;996542;367433;130;0;404687;0;0;0;0
FR;2;2021-04-19;16850;16393;24;0;17196;0;0;0;0;1013392;383826;154;0;421883;0;0;0;0
FR;2;2021-04-20;19327;21806;38;0;22868;0;0;0;0;1032719;405632;192;0;444751;0;0;0;0
FR;2;2021-04-21;20292;21892;76;0;23043;0;0;0;0;1053011;427524;268;0;467794;0;0;0;0
FR;2;2021-04-22;23824;24952;41;0;26363;0;0;0;0;1076835;452476;309;0;494157;0;0;0;0
FR;2;2021-04-23;24534;25495;76;0;27004;0;0;0;0;1101369;477971;385;0;521161;0;0;0;0
FR;2;2021-04-24;25305;15068;104;0;16505;0;0;0;0;1126674;493039;489;0;537666;0;0;0;0
FR;2;2021-04-25;9597;8621;5;0;9182;0;0;0;0;1136271;501660;494;0;546848;0;0;0;0
FR;2;2021-04-26;17167;17662;21;0;18547;0;0;0;0;1153438;519322;515;0;565395;0;0;0;0
FR;2;2021-04-27;19246;24102;40;0;25286;0;0;0;0;1172684;543424;555;0;590681;0;0;0;0
FR;2;2021-04-28;22341;26458;113;0;27858;0;0;0;0;1195025;569882;668;0;618539;0;0;0;0
FR;2;2021-04-29;25475;30483;70;0;32172;0;0;0;0;1220500;600365;738;0;650711;0;0;0;0
FR;2;2021-04-30;25540;27974;49;1;29622;0;0;0;0;1246040;628339;787;1;680333;0;0;0;0
FR;2;2021-05-01;14988;9850;6;0;10652;0;0;0;0;1261028;638189;793;1;690985;0;0;0;0
FR;2;2021-05-02;6640;9160;2;0;9506;0;0;0;0;1267668;647349;795;1;700491;0;0;0;0
FR;2;2021-05-03;20024;19128;40;0;20335;0;0;0;0;1287692;666477;835;1;720826;0;0;0;0
FR;2;2021-05-04;18288;29201;33;0;30345;0;0;0;0;1305980;695678;868;1;751171;0;0;0;0
FR;2;2021-05-05;18385;29514;48;0;30811;0;0;0;0;1324365;725192;916;1;781982;0;0;0;0
FR;2;2021-05-06;23552;35414;132;0;36986;0;0;0;0;1347917;760606;1048;1;818968;0;0;0;0
FR;2;2021-05-07;25344;33238;97;0;35096;0;0;0;0;1373261;793844;1145;1;854064;0;0;0;0
FR;2;2021-05-08;21343;10653;15;0;11740;0;0;0;0;1394604;804497;1160;1;865804;0;0;0;0
FR;2;2021-05-09;13170;7640;7;0;8315;0;0;0;0;1407774;812137;1167;1;874119;0;0;0;0
FR;2;2021-05-10;32946;21727;50;0;23585;0;0;0;0;1440720;833864;1217;1;897704;0;0;0;0
FR;2;2021-05-11;43615;20902;101;0;23527;0;0;0;0;1484335;854766;1318;1;921231;0;0;0;0
FR;2;2021-05-12;50067;19636;143;0;22516;0;0;0;0;1534402;874402;1461;1;943747;0;0;0;0
FR;2;2021-05-13;51301;5600;31;0;8468;0;0;0;0;1585703;880002;1492;1;952215;0;0;0;0
FR;2;2021-05-14;61360;12886;132;0;16539;0;0;0;0;1647063;892888;1624;1;968754;0;0;0;0
FR;2;2021-05-15;65938;7100;39;0;10650;0;0;0;0;1713001;899988;1663;1;979404;0;0;0;0
FR;2;2021-05-16;43588;2573;10;0;4943;0;0;0;0;1756589;902561;1673;1;984347;0;0;0;0
FR;2;2021-05-17;44756;12453;114;0;15360;0;0;0;0;1801345;915014;1787;1;999707;0;0;0;0
FR;2;2021-05-18;54649;12279;190;0;15961;0;0;0;0;1855994;927293;1977;1;1015668;0;0;0;0
FR;2;2021-05-19;57179;10462;281;0;14503;0;0;0;0;1913173;937755;2258;1;1030171;0;0;0;0
FR;2;2021-05-20;63450;10802;288;0;14899;0;0;0;0;1976623;948557;2546;1;1045070;0;0;0;0
FR;2;2021-05-21;64306;11606;230;0;16031;0;0;0;0;2040929;960163;2776;1;1061101;0;0;0;0
FR;2;2021-05-22;61488;4531;65;0;8501;0;0;0;0;2102417;964694;2841;1;1069602;0;0;0;0
FR;2;2021-05-23;37536;575;22;0;2912;0;0;0;0;2139953;965269;2863;1;1072514;0;0;0;0
FR;2;2021-05-24;17248;2052;35;0;3259;0;0;0;0;2157201;967321;2898;1;1075773;0;0;0;0
FR;2;2021-05-25;21119;12253;241;0;13855;0;0;0;0;2178320;979574;3139;1;1089628;0;0;0;0
FR;2;2021-05-26;19944;11536;230;0;13064;0;0;0;0;2198264;991110;3369;1;1102692;0;0;0;0
FR;2;2021-05-27;23001;12662;182;0;14400;0;0;0;0;2221265;1003772;3551;1;1117092;0;0;0;0
FR;2;2021-05-28;29396;15048;190;0;17229;0;0;0;0;2250661;1018820;3741;1;1134321;0;0;0;0
FR;2;2021-05-29;30423;8193;58;0;10102;0;0;0;0;2281084;1027013;3799;1;1144423;0;0;0;0
FR;2;2021-05-30;4648;1819;6;0;2154;0;0;0;0;2285732;1028832;3805;1;1146577;0;0;0;0
FR;2;2021-05-31;28590;18746;184;0;20825;0;0;0;0;2314322;1047578;3989;1;1167402;0;0;0;0
FR;2;2021-06-01;45744;19907;225;0;23144;0;0;0;0;2360066;1067485;4214;1;1190546;0;0;0;0
FR;2;2021-06-02;37480;19312;182;0;22318;0;0;0;0;2397546;1086797;4396;1;1212864;0;0;0;0
FR;2;2021-06-03;51281;23120;161;0;26974;0;0;0;0;2448827;1109917;4557;1;1239838;0;0;0;0
FR;2;2021-06-04;65517;24086;217;0;29054;0;0;0;0;2514344;1134003;4774;1;1268892;0;0;0;0
FR;2;2021-06-05;34607;24107;52;0;26962;0;0;0;0;2548951;1158110;4826;1;1295854;0;0;0;0
FR;2;2021-06-06;4957;6193;10;0;6612;0;0;0;0;2553908;1164303;4836;1;1302466;0;0;0;0
FR;2;2021-06-07;28177;23009;150;0;25423;0;0;0;0;2582085;1187312;4986;1;1327889;0;0;0;0
FR;2;2021-06-08;46378;22939;143;0;26905;0;0;0;0;2628463;1210251;5129;1;1354794;0;0;0;0
FR;2;2021-06-09;34297;20989;107;0;24123;0;0;0;0;2662760;1231240;5236;1;1378917;0;0;0;0
FR;2;2021-06-10;42644;19080;96;1;23002;0;0;0;0;2705404;1250320;5332;2;1401919;0;0;0;0
FR;2;2021-06-11;55304;25133;134;0;30232;0;0;0;0;2760708;1275453;5466;2;1432151;0;0;0;0
FR;2;2021-06-12;30564;19799;53;0;22654;0;0;0;0;2791272;1295252;5519;2;1454805;0;0;0;0
FR;2;2021-06-13;3334;9197;13;0;9585;0;0;0;0;2794606;1304449;5532;2;1464390;0;0;0;0
FR;2;2021-06-14;25304;24113;92;0;26693;0;0;0;0;2819910;1328562;5624;2;1491083;0;0;0;0
FR;2;2021-06-15;39048;22822;154;0;26572;0;0;0;0;2858958;1351384;5778;2;1517655;0;0;0;0
FR;2;2021-06-16;30167;21366;135;0;24520;0;0;0;0;2889125;1372750;5913;2;1542175;0;0;0;0
FR;2;2021-06-17;36912;25742;150;0;29605;0;0;0;0;2926037;1398492;6063;2;1571780;0;0;0;0
FR;2;2021-06-18;46860;28885;123;0;33586;0;0;0;0;2972897;1427377;6186;2;1605366;0;0;0;0
FR;2;2021-06-19;24527;24938;39;0;27711;0;0;0;0;2997424;1452315;6225;2;1633077;0;0;0;0
FR;2;2021-06-20;3745;10059;9;0;10558;0;0;0;0;3001169;1462374;6234;2;1643635;0;0;0;0
FR;2;2021-06-21;17537;42856;88;0;44868;0;0;0;0;3018706;1505230;6322;2;1688503;0;0;0;0
FR;2;2021-06-22;28366;49616;110;0;53043;0;0;0;0;3047072;1554846;6432;2;1741546;0;0;0;0
FR;2;2021-06-23;21790;49611;107;1;52456;1;0;0;0;3068862;1604457;6539;3;1794002;1;0;0;0
FR;2;2021-06-24;28380;50309;134;0;54044;0;0;0;0;3097242;1654766;6673;3;1848046;1;0;0;0
FR;2;2021-06-25;33402;60474;128;0;64860;0;0;0;0;3130644;1715240;6801;3;1912906;1;0;0;0
FR;2;2021-06-26;16395;59355;54;1;61746;0;0;0;0;3147039;1774595;6855;4;1974652;1;0;0;0
FR;2;2021-06-27;2566;29316;22;1;29898;0;0;0;0;3149605;1803911;6877;5;2004550;1;0;0;0
FR;2;2021-06-28;12641;54335;84;0;56311;0;0;0;0;3162246;1858246;6961;5;2060861;1;0;0;0
FR;2;2021-06-29;19856;59989;178;0;62934;0;0;0;0;3182102;1918235;7139;5;2123795;1;0;0;0
FR;2;2021-06-30;16335;58033;253;17;60718;0;0;0;0;3198437;1976268;7392;22;2184513;1;0;0;0
FR;2;2021-07-01;20495;59875;228;0;63203;0;0;0;0;3218932;2036143;7620;22;2247716;1;0;0;0
FR;2;2021-07-02;24082;62158;184;0;66373;0;0;0;0;3243014;2098301;7804;22;2314089;1;0;0;0
FR;2;2021-07-03;12123;57142;153;0;59481;0;0;0;0;3255137;2155443;7957;22;2373570;1;0;0;0
FR;2;2021-07-04;1960;23306;18;0;23873;0;0;0;0;3257097;2178749;7975;22;2397443;1;0;0;0
FR;2;2021-07-05;9179;29263;106;0;30899;0;0;0;0;3266276;2208012;8081;22;2428342;1;0;0;0
FR;2;2021-07-06;14583;36277;135;0;38957;0;0;0;0;3280859;2244289;8216;22;2467299;1;0;0;0
FR;2;2021-07-07;14419;33658;140;0;36412;0;0;0;0;3295278;2277947;8356;22;2503711;1;0;0;0
FR;2;2021-07-08;19723;40321;162;0;43980;0;0;0;0;3315001;2318268;8518;22;2547691;1;0;0;0
FR;2;2021-07-09;27105;54327;202;1;59478;0;0;0;0;3342106;2372595;8720;23;2607169;1;0;0;0
FR;2;2021-07-10;13388;33711;107;0;36396;0;0;0;0;3355494;2406306;8827;23;2643565;1;0;0;0
FR;2;2021-07-11;1812;4346;16;0;4775;0;0;0;0;3357306;2410652;8843;23;2648340;1;0;0;0
FR;2;2021-07-12;12971;37274;119;0;39930;0;0;0;0;3370277;2447926;8962;23;2688270;1;0;0;0
FR;2;2021-07-13;37120;53145;152;0;60282;0;0;0;0;3407397;2501071;9114;23;2748552;1;0;0;0
FR;2;2021-07-14;6628;3540;15;0;4888;0;0;0;0;3414025;2504611;9129;23;2753440;1;0;0;0
FR;2;2021-07-15;47244;47009;156;0;55208;0;0;0;0;3461269;2551620;9285;23;2808648;1;0;0;0
FR;2;2021-07-16;64319;55750;188;0;66732;0;0;0;0;3525588;2607370;9473;23;2875380;1;0;0;0
FR;2;2021-07-17;31601;23915;96;0;29371;0;0;0;0;3557189;2631285;9569;23;2904751;1;0;0;0
FR;2;2021-07-18;6091;4806;19;0;5953;0;0;0;0;3563280;2636091;9588;23;2910704;1;0;0;0
FR;2;2021-07-19;33007;28611;94;0;34226;0;0;0;0;3596287;2664702;9682;23;2944930;1;0;0;0
FR;2;2021-07-20;51998;44522;155;0;53158;0;0;0;0;3648285;2709224;9837;23;2998088;1;0;0;0
FR;2;2021-07-21;45257;34635;93;0;42142;0;0;0;0;3693542;2743859;9930;23;3040230;1;0;0;0
FR;2;2021-07-22;56280;41083;128;1;50360;0;0;0;0;3749822;2784942;10058;24;3090590;1;0;0;0
FR;2;2021-07-23;68304;48964;170;0;60256;0;0;0;0;3818126;2833906;10228;24;3150846;1;0;0;0
FR;2;2021-07-24;36180;21611;82;0;27471;0;0;0;0;3854306;2855517;10310;24;3178317;1;0;0;0
FR;2;2021-07-25;6751;2608;10;0;3867;0;0;0;0;3861057;2858125;10320;24;3182184;1;0;0;0
FR;2;2021-07-26;36320;22342;91;1;27846;0;0;0;0;3897377;2880467;10411;25;3210030;1;0;0;0
FR;2;2021-07-27;62392;34565;180;0;43711;0;0;0;0;3959769;2915032;10591;25;3253741;1;0;0;0
FR;2;2021-07-28;55326;26423;132;0;34517;0;0;0;0;4015095;2941455;10723;25;3288258;1;0;0;0
FR;2;2021-07-29;68480;32791;189;0;42473;0;0;0;0;4083575;2974246;10912;25;3330731;1;0;0;0
FR;2;2021-07-30;74469;37811;222;1;48606;0;0;0;0;4158044;3012057;11134;26;3379337;1;0;0;0
FR;2;2021-07-31;34776;16207;105;0;21405;0;0;0;0;4192820;3028264;11239;26;3400742;1;0;0;0
FR;2;2021-08-01;5415;2258;19;0;3121;0;0;0;0;4198235;3030522;11258;26;3403863;1;0;0;0
FR;2;2021-08-02;35894;16157;101;0;21059;0;0;0;0;4234129;3046679;11359;26;3424922;1;0;0;0
FR;2;2021-08-03;55985;28263;143;0;35466;0;0;0;0;4290114;3074942;11502;26;3460388;1;0;0;0
FR;2;2021-08-04;46637;20832;128;1;26942;0;0;0;0;4336751;3095774;11630;27;3487330;1;0;0;0
FR;2;2021-08-05;54640;31559;215;0;38739;0;0;0;0;4391391;3127333;11845;27;3526069;1;0;0;0
FR;2;2021-08-06;58099;42393;242;1;50224;0;0;0;0;4449490;3169726;12087;28;3576293;1;0;0;0
FR;2;2021-08-07;25151;17624;89;0;21315;0;0;0;0;4474641;3187350;12176;28;3597608;1;0;0;0
FR;2;2021-08-08;3840;3650;21;0;4308;0;0;0;0;4478481;3191000;12197;28;3601916;1;0;0;0
FR;2;2021-08-09;29308;21031;92;0;24859;0;0;0;0;4507789;3212031;12289;28;3626775;1;0;0;0
FR;2;2021-08-10;45012;33464;155;0;39228;0;0;0;0;4552801;3245495;12444;28;3666003;1;0;0;0
FR;2;2021-08-11;35275;25148;151;0;29751;0;0;0;0;4588076;3270643;12595;28;3695754;1;0;0;0
FR;2;2021-08-12;41905;35695;163;0;41234;0;0;0;0;4629981;3306338;12758;28;3736988;1;0;0;0
FR;2;2021-08-13;42607;37334;218;0;43022;0;0;0;0;4672588;3343672;12976;28;3780010;1;0;0;0
FR;2;2021-08-14;18524;22140;94;0;24773;0;0;0;0;4691112;3365812;13070;28;3804783;1;0;0;0
FR;2;2021-08-15;3865;3795;17;0;4382;0;0;0;0;4694977;3369607;13087;28;3809165;1;0;0;0
FR;2;2021-08-16;25093;27123;111;0;30446;0;0;0;0;4720070;3396730;13198;28;3839611;1;0;0;0
FR;2;2021-08-17;38268;43405;207;2;48392;0;0;0;0;4758338;3440135;13405;30;3888003;1;0;0;0
FR;2;2021-08-18;32253;36346;195;1;40692;1;0;0;0;4790591;3476481;13600;31;3928695;2;0;0;0
FR;2;2021-08-19;37435;46582;224;0;51786;0;0;0;0;4828026;3523063;13824;31;3980481;2;0;0;0
FR;2;2021-08-20;40569;55649;271;1;61582;0;0;0;0;4868595;3578712;14095;32;4042063;2;0;0;0
FR;2;2021-08-21;18121;24319;117;0;27111;0;0;0;0;4886716;3603031;14212;32;4069174;2;0;0;0
FR;2;2021-08-22;2908;4321;22;1;4853;1;0;0;0;4889624;3607352;14234;33;4074027;3;0;0;0
FR;2;2021-08-23;19249;35146;131;1;38036;0;0;0;0;4908873;3642498;14365;34;4112063;3;0;0;0
FR;2;2021-08-24;31952;56040;236;0;60698;0;0;0;0;4940825;3698538;14601;34;4172761;3;0;0;0
FR;2;2021-08-25;25934;43452;251;0;47403;0;0;0;0;4966759;3741990;14852;34;4220164;3;0;0;0
FR;2;2021-08-26;32362;55836;388;0;60594;0;0;0;0;4999121;3797826;15240;34;4280758;3;0;0;0
FR;2;2021-08-27;37005;65681;477;2;71411;0;0;0;0;5036126;3863507;15717;36;4352169;3;0;0;0
FR;2;2021-08-28;17819;28556;300;0;31616;0;0;0;0;5053945;3892063;16017;36;4383785;3;0;0;0
FR;2;2021-08-29;2656;5009;47;0;5621;0;0;0;0;5056601;3897072;16064;36;4389406;3;0;0;0
FR;2;2021-08-30;18418;37726;400;0;40147;757;0;0;0;5075019;3934798;16464;36;4429553;760;0;0;0
FR;2;2021-08-31;28077;57514;887;4;60949;1556;0;0;0;5103096;3992312;17351;40;4490502;2316;0;0;0
FR;2;2021-09-01;21594;39871;1309;0;42260;2125;0;0;0;5124690;4032183;18660;40;4532762;4441;0;0;0
FR;2;2021-09-02;25486;48671;1963;2;50948;3368;0;0;0;5150176;4080854;20623;42;4583710;7809;0;0;0
FR;2;2021-09-03;33414;64570;2988;3;67540;4883;1;0;0;5183590;4145424;23611;45;4651250;12692;1;0;0
FR;2;2021-09-04;16832;27762;1443;1;29557;2384;0;0;0;5200422;4173186;25054;46;4680807;15076;1;0;0
FR;2;2021-09-05;2264;3584;266;0;3942;412;0;0;0;5202686;4176770;25320;46;4684749;15488;1;0;0
FR;2;2021-09-06;14044;28697;1771;1;29763;2946;0;0;0;5216730;4205467;27091;47;4714512;18434;1;0;0
FR;2;2021-09-07;21111;41114;3022;13;42273;4941;0;0;0;5237841;4246581;30113;60;4756785;23375;1;0;0
FR;2;2021-09-08;17248;31919;2736;6;32737;4499;0;0;0;5255089;4278500;32849;66;4789522;27874;1;0;0
FR;2;2021-09-09;20981;40485;4437;3;41232;6842;0;0;0;5276070;4318985;37286;69;4830754;34716;1;0;0
FR;2;2021-09-10;28202;51309;5286;4;51887;8977;1;0;0;5304272;4370294;42572;73;4882641;43693;2;0;0
FR;2;2021-09-11;13654;22457;2405;5;23135;3986;0;0;0;5317926;4392751;44977;78;4905776;47679;2;0;0
FR;2;2021-09-12;1824;2770;292;0;2965;510;0;0;0;5319750;4395521;45269;78;4908741;48189;2;0;0
FR;2;2021-09-13;11659;21441;2474;4;21703;4050;0;0;0;5331409;4416962;47743;82;4930444;52239;2;0;0
FR;2;2021-09-14;18577;32725;5092;13;31688;9054;2;0;0;5349986;4449687;52835;95;4962132;61293;4;0;0
FR;2;2021-09-15;14916;28226;5169;3;26928;7749;9;0;0;5364902;4477913;58004;98;4989060;69042;13;0;0
FR;2;2021-09-16;16078;32798;6737;12;30184;10540;4;0;0;5380980;4510711;64741;110;5019244;79582;17;0;0
FR;2;2021-09-17;20916;47168;8782;10;42819;14627;6;0;0;5401896;4557879;73523;120;5062063;94209;23;0;0
FR;2;2021-09-18;9857;20958;3804;6;19593;6034;1;0;0;5411753;4578837;77327;126;5081656;100243;24;0;0
FR;2;2021-09-19;1166;2595;396;0;2537;632;0;0;0;5412919;4581432;77723;126;5084193;100875;24;0;0
FR;2;2021-09-20;7501;18706;3856;7;17027;6137;4;0;0;5420420;4600138;81579;133;5101220;107012;28;0;0
FR;2;2021-09-21;11215;29983;6495;5;26535;10746;3;0;0;5431635;4630121;88074;138;5127755;117758;31;0;0
FR;2;2021-09-22;9414;23546;5490;6;21194;8526;8;0;0;5441049;4653667;93564;144;5148949;126284;39;0;0
FR;2;2021-09-23;10731;28904;7881;10;24732;12647;10;0;0;5451780;4682571;101445;154;5173681;138931;49;0;0
FR;2;2021-09-24;15075;42938;10876;18;37276;17242;21;0;0;5466855;4725509;112321;172;5210957;156173;70;0;0
FR;2;2021-09-25;7258;18801;3965;9;17154;6119;3;0;0;5474113;4744310;116286;181;5228111;162292;73;0;0
FR;2;2021-09-26;1080;2544;495;0;2490;630;1;0;0;5475193;4746854;116781;181;5230601;162922;74;0;0
FR;2;2021-09-27;6311;16401;4287;8;14793;6533;2;0;0;5481504;4763255;121068;189;5245394;169455;76;0;0
FR;2;2021-09-28;9241;25572;7769;14;21722;12084;7;0;0;5490745;4788827;128837;203;5267116;181539;83;0;0
FR;2;2021-09-29;8081;20200;6067;25;17607;9261;8;0;0;5498826;4809027;134904;228;5284723;190800;91;0;0
FR;2;2021-09-30;9865;25835;9509;16;21638;14097;6;0;0;5508691;4834862;144413;244;5306361;204897;97;0;0
FR;2;2021-10-01;13978;35732;12921;25;30046;19327;9;0;0;5522669;4870594;157334;269;5336407;224224;106;0;0
FR;2;2021-10-02;6874;15928;4850;7;14225;7045;6;0;0;5529543;4886522;162184;276;5350632;231269;112;0;0
FR;2;2021-10-03;841;1910;492;1;1841;502;0;0;0;5530384;4888432;162676;277;5352473;231771;112;0;0
FR;2;2021-10-04;5826;13904;5516;5;12140;7854;6;0;0;5536210;4902336;168192;282;5364613;239625;118;0;0
FR;2;2021-10-05;9058;22567;11125;19;18527;15742;1;0;0;5545268;4924903;179317;301;5383140;255367;119;0;0
FR;2;2021-10-06;7784;17749;8243;11;15274;11092;4;0;0;5553052;4942652;187560;312;5398414;266459;123;0;0
FR;2;2021-10-07;9204;22211;12386;14;18007;16877;6;0;0;5562256;4964863;199946;326;5416421;283336;129;0;0
FR;2;2021-10-08;13431;32145;17349;28;26516;23613;11;0;0;5575687;4997008;217295;354;5442937;306949;140;0;0
FR;2;2021-10-09;6000;12846;6044;6;11380;7897;7;0;0;5581687;5009854;223339;360;5454317;314846;147;0;0
FR;2;2021-10-10;885;1595;436;2;1539;605;1;0;0;5582572;5011449;223775;362;5455856;315451;148;0;0
FR;2;2021-10-11;5607;11549;6455;17;9937;8828;3;0;0;5588179;5022998;230230;379;5465793;324279;151;0;0
FR;2;2021-10-12;8030;17787;12551;13;13919;16789;9;0;0;5596209;5040785;242781;392;5479712;341068;160;0;0
FR;2;2021-10-13;6945;14863;10256;12;11808;13658;7;0;0;5603154;5055648;253037;404;5491520;354726;167;0;0
FR;2;2021-10-14;8314;17939;14996;13;13558;19477;10;0;0;5611468;5073587;268033;417;5505078;374203;177;0;0
FR;2;2021-10-15;11856;26312;20902;26;19415;27981;4;0;0;5623324;5099899;288935;443;5524493;402184;181;0;0
FR;2;2021-10-16;5141;8732;1819;0;8173;3210;2;0;0;5628465;5108631;290754;443;5532666;405394;183;0;0
FR;2;2021-10-17;652;1150;185;0;1082;355;1;0;0;5629117;5109781;290939;443;5533748;405749;184;0;0
FR;2;2021-10-18;4563;7335;665;2;7242;1629;0;0;0;5633680;5117116;291604;445;5540990;407378;184;0;0
FR;2;2021-10-19;6239;9850;732;5;9657;2030;5;0;0;5639919;5126966;292336;450;5550647;409408;189;0;0
FR;2;2021-10-20;5170;8051;759;3;8174;1675;0;0;0;5645089;5135017;293095;453;5558821;411083;189;0;0
FR;2;2021-10-21;6090;9975;780;5;9835;2102;1;0;0;5651179;5144992;293875;458;5568656;413185;190;0;0
FR;2;2021-10-22;8452;14601;1149;4;14476;2890;2;0;0;5659631;5159593;295024;462;5583132;416075;192;0;0
FR;2;2021-10-23;3845;5996;587;0;6128;1237;3;0;0;5663476;5165589;295611;462;5589260;417312;195;0;0
FR;2;2021-10-24;494;884;101;0;901;205;0;0;0;5663970;5166473;295712;462;5590161;417517;195;0;0
FR;2;2021-10-25;3359;5345;307;1;5520;825;2;0;0;5667329;5171818;296019;463;5595681;418342;197;0;0
FR;2;2021-10-26;4177;7237;1133;4;7126;2022;5;0;0;5671506;5179055;297152;467;5602807;420364;202;0;0
FR;2;2021-10-27;3677;6591;1193;5;6451;1990;1;0;0;5675183;5185646;298345;472;5609258;422354;203;0;0
FR;2;2021-10-28;4597;7688;1736;3;7415;2746;1;0;0;5679780;5193334;300081;475;5616673;425100;204;0;0
FR;2;2021-10-29;5415;11082;2438;4;10694;3683;3;0;0;5685195;5204416;302519;479;5627367;428783;207;0;0
FR;2;2021-10-30;2749;4457;976;1;4454;1447;2;0;0;5687944;5208873;303495;480;5631821;430230;209;0;0
FR;2;2021-10-31;364;535;140;1;544;191;1;0;0;5688308;5209408;303635;481;5632365;430421;210;0;0
FR;2;2021-11-01;429;548;181;0;564;268;1;0;0;5688737;5209956;303816;481;5632929;430689;211;0;0
FR;2;2021-11-02;3293;6757;1183;0;6803;1766;5;0;0;5692030;5216713;304999;481;5639732;432455;216;0;0
FR;2;2021-11-03;3340;6223;1388;2;6314;1964;2;0;0;5695370;5222936;306387;483;5646046;434419;218;0;0
FR;2;2021-11-04;3986;7070;1769;4;7109;2496;3;0;0;5699356;5230006;308156;487;5653155;436915;221;0;0
FR;2;2021-11-05;5235;10503;2867;5;10211;3960;5;0;0;5704591;5240509;311023;492;5663366;440875;226;0;0
FR;2;2021-11-06;2597;4678;1406;0;4636;1823;2;0;0;5707188;5245187;312429;492;5668002;442698;228;0;0
FR;2;2021-11-07;506;865;221;0;872;291;2;0;0;5707694;5246052;312650;492;5668874;442989;230;0;0
FR;2;2021-11-08;2578;5348;1205;3;5268;1676;3;0;0;5710272;5251400;313855;495;5674142;444665;233;0;0
FR;2;2021-11-09;2749;6908;2402;5;6442;3182;2;0;0;5713021;5258308;316257;500;5680584;447847;235;0;0
FR;2;2021-11-10;2590;5669;5117;6;4764;6293;7;0;0;5715611;5263977;321374;506;5685348;454140;242;0;0
FR;2;2021-11-11;446;755;755;2;648;938;3;0;0;5716057;5264732;322129;508;5685996;455078;245;0;0
FR;2;2021-11-12;2953;8084;8982;8;6195;10931;9;0;0;5719010;5272816;331111;516;5692191;466009;254;0;0
FR;2;2021-11-13;1539;3372;3872;7;2721;4538;4;0;0;5720549;5276188;334983;523;5694912;470547;258;0;0
FR;2;2021-11-14;257;587;351;1;487;480;3;0;0;5720806;5276775;335334;524;5695399;471027;261;0;0
FR;2;2021-11-15;1621;3650;4449;8;2906;5328;16;0;0;5722427;5280425;339783;532;5698305;476355;277;0;0
FR;2;2021-11-16;2184;5882;8312;14;4158;10082;16;0;0;5724611;5286307;348095;546;5702463;486437;293;0;0
FR;2;2021-11-17;1741;4523;6633;8;3169;7851;5;0;0;5726352;5290830;354728;554;5705632;494288;298;0;0
FR;2;2021-11-18;2192;5923;9188;10;4019;11019;8;0;0;5728544;5296753;363916;564;5709651;505307;306;0;0
FR;2;2021-11-19;2701;7757;12980;19;4835;15481;12;0;0;5731245;5304510;376896;583;5714486;520788;318;0;0
FR;2;2021-11-20;1566;3334;5182;5;2351;6095;3;0;0;5732811;5307844;382078;588;5716837;526883;321;0;0
FR;2;2021-11-21;250;502;542;0;392;654;3;0;0;5733061;5308346;382620;588;5717229;527537;324;0;0
FR;2;2021-11-22;1278;2575;4484;5;1675;5399;9;0;0;5734339;5310921;387104;593;5718904;532936;333;0;0
FR;2;2021-11-23;1617;4273;8206;9;2534;9920;6;0;0;5735956;5315194;395310;602;5721438;542856;339;0;0
FR;2;2021-11-24;1421;3750;7485;14;2248;8736;9;0;0;5737377;5318944;402795;616;5723686;551592;348;0;0
FR;2;2021-11-25;1813;4863;11473;21;2683;13666;6;0;0;5739190;5323807;414268;637;5726369;565258;354;0;0
FR;2;2021-11-26;2541;7734;22675;31;3811;26090;14;0;0;5741731;5331541;436943;668;5730180;591348;368;0;0
FR;2;2021-11-27;1498;4144;12276;19;2129;14039;13;0;0;5743229;5335685;449219;687;5732309;605387;381;0;0
FR;2;2021-11-28;292;836;1976;3;478;2303;5;0;0;5743521;5336521;451195;690;5732787;607690;386;0;0
FR;2;2021-11-29;1448;4349;15099;23;2010;17269;25;0;0;5744969;5340870;466294;713;5734797;624959;411;0;0
FR;2;2021-11-30;1912;6654;26251;36;2639;30010;22;0;0;5746881;5347524;492545;749;5737436;654969;433;0;0
FR;2;2021-12-01;1916;6010;26210;31;2479;29520;20;0;0;5748797;5353534;518755;780;5739915;684489;453;0;0
FR;2;2021-12-02;1915;6783;37733;52;2116;41991;32;0;0;5750712;5360317;556488;832;5742031;726480;485;0;0
FR;2;2021-12-03;2558;10070;53640;111;3595;59386;30;0;0;5753270;5370387;610128;943;5745626;785866;515;0;0
FR;2;2021-12-04;1850;6276;37128;38;2186;40816;16;0;0;5755120;5376663;647256;981;5747812;826682;531;0;0
FR;2;2021-12-05;458;2246;14263;14;536;15989;7;0;0;5755578;5378909;661519;995;5748348;842671;538;0;0
FR;2;2021-12-06;2487;9855;77732;109;2704;84786;25;0;0;5758065;5388764;739251;1104;5751052;927457;563;0;0
FR;2;2021-12-07;3458;15284;122470;238;3741;133789;40;0;0;5761523;5404048;861721;1342;5754793;1061246;603;0;0
FR;2;2021-12-08;3725;15973;133222;330;3849;145411;54;0;0;5765248;5420021;994943;1672;5758642;1206657;657;0;0
FR;2;2021-12-09;4546;19629;170238;554;4170;185636;60;0;0;5769794;5439650;1165181;2226;5762812;1392293;717;0;0
FR;2;2021-12-10;4676;22809;188698;490;5014;206189;69;0;0;5774470;5462459;1353879;2716;5767826;1598482;786;0;0
FR;2;2021-12-11;3688;16617;132466;239;3663;144930;60;0;0;5778158;5479076;1486345;2955;5771489;1743412;846;0;0
FR;2;2021-12-12;1256;7121;59115;83;1016;65170;12;0;0;5779414;5486197;1545460;3038;5772505;1808582;858;0;0
FR;2;2021-12-13;5530;26819;220729;605;5230;243029;159;0;0;5784944;5513016;1766189;3643;5777735;2051611;1017;0;0
FR;2;2021-12-14;7019;37455;300802;909;6139;332268;190;0;0;5791963;5550471;2066991;4552;5783874;2383879;1207;0;0
FR;2;2021-12-15;6556;36222;285259;957;5869;315900;185;0;0;5798519;5586693;2352250;5509;5789743;2699779;1392;0;0
FR;2;2021-12-16;7765;37910;312177;982;6566;343806;184;0;0;5806284;5624603;2664427;6491;5796309;3043585;1576;0;0
FR;2;2021-12-17;8681;41188;327909;976;8021;360986;231;0;0;5814965;5665791;2992336;7467;5804330;3404571;1807;0;0
FR;2;2021-12-18;6514;26531;212372;448;4905;233675;120;0;0;5821479;5692322;3204708;7915;5809235;3638246;1927;0;0
FR;2;2021-12-19;2603;11407;90227;182;1656;100360;26;0;0;5824082;5703729;3294935;8097;5810891;3738606;1953;0;0
FR;2;2021-12-20;9548;33518;275255;707;6592;303399;209;0;0;5833630;5737247;3570190;8804;5817483;4042005;2162;0;0
FR;2;2021-12-21;11565;38281;309657;968;7374;341439;260;0;0;5845195;5775528;3879847;9772;5824857;4383444;2422;0;0
FR;2;2021-12-22;10459;32777;265139;952;6443;292495;316;0;1;5855654;5808305;4144986;10724;5831300;4675939;2738;0;1
FR;2;2021-12-23;9426;26619;199533;701;5875;221289;226;0;0;5865080;5834924;4344519;11425;5837175;4897228;2964;0;1
FR;2;2021-12-24;2783;7475;43865;140;2037;49568;78;0;0;5867863;5842399;4388384;11565;5839212;4946796;3042;0;1
FR;2;2021-12-25;201;671;2003;10;209;2478;15;0;0;5868064;5843070;4390387;11575;5839421;4949274;3057;0;1
FR;2;2021-12-26;1320;4216;25161;71;1052;28694;70;0;0;5869384;5847286;4415548;11646;5840473;4977968;3127;0;1
FR;2;2021-12-27;8076;29926;218432;659;6623;243381;294;0;0;5877460;5877212;4633980;12305;5847096;5221349;3421;0;1
FR;2;2021-12-28;9833;36288;272113;742;6984;302011;957;0;1;5887293;5913500;4906093;13047;5854080;5523360;4378;0;2
FR;2;2021-12-29;9498;32223;246146;765;6404;272694;1088;0;0;5896791;5945723;5152239;13812;5860484;5796054;5466;0;2
FR;2;2021-12-30;9462;28079;208838;663;5976;231459;1155;0;0;5906253;5973802;5361077;14475;5866460;6027513;6621;0;2
FR;2;2021-12-31;3011;8343;54990;176;2171;61233;392;0;0;5909264;5982145;5416067;14651;5868631;6088746;7013;0;2
FR;2;2022-01-01;231;692;2858;7;207;3352;29;0;0;5909495;5982837;5418925;14658;5868838;6092098;7042;0;2
FR;2;2022-01-02;1503;4854;29524;76;1166;33414;217;0;0;5910998;5987691;5448449;14734;5870004;6125512;7259;0;2
FR;2;2022-01-03;9605;35398;266541;806;8499;293918;1673;0;0;5920603;6023089;5714990;15540;5878503;6419430;8932;0;2
FR;2;2022-01-04;12855;45415;342100;1068;9968;377057;2458;0;1;5933458;6068504;6057090;16608;5888471;6796487;11390;0;3
FR;2;2022-01-05;11272;38625;294217;884;8634;323852;2154;0;2;5944730;6107129;6351307;17492;5897105;7120339;13544;0;5
FR;2;2022-01-06;13655;43490;331957;1298;9937;364768;2978;0;1;5958385;6150619;6683264;18790;5907042;7485107;16522;0;6
FR;2;2022-01-07;14225;47610;361120;1271;11233;396463;3159;0;0;5972610;6198229;7044384;20061;5918275;7881570;19681;0;6
FR;2;2022-01-08;7946;28136;201272;515;7209;221702;1528;0;2;5980556;6226365;7245656;20576;5925484;8103272;21209;0;8
FR;2;2022-01-09;2749;8949;62529;137;2071;69495;493;0;0;5983305;6235314;7308185;20713;5927555;8172767;21702;0;8
FR;2;2022-01-10;10099;31908;232507;859;8905;255081;2460;0;0;5993404;6267222;7540692;21572;5936460;8427848;24162;0;8
FR;2;2022-01-11;11468;36236;265942;1029;10057;290648;3379;0;1;6004872;6303458;7806634;22601;5946517;8718496;27541;0;9
FR;2;2022-01-12;8766;29784;206335;863;8716;226173;2799;0;5;6013638;6333242;8012969;23464;5955233;8944669;30340;0;14
FR;2;2022-01-13;9387;31338;224508;831;9038;244858;3462;0;4;6023025;6364580;8237477;24295;5964271;9189527;33802;0;18
FR;2;2022-01-14;9744;35580;254550;920;9845;277651;3983;0;1;6032769;6400160;8492027;25215;5974116;9467178;37785;0;19
FR;2;2022-01-15;5361;19449;140785;363;5324;153647;1928;0;0;6038130;6419609;8632812;25578;5979440;9620825;39713;0;19
FR;2;2022-01-16;1512;5457;35892;81;1618;39819;424;0;0;6039642;6425066;8668704;25659;5981058;9660644;40137;0;19
FR;2;2022-01-17;5546;19266;135420;601;6602;147263;2264;0;2;6045188;6444332;8804124;26260;5987660;9807907;42401;0;21
FR;2;2022-01-18;6422;21479;148645;647;7519;160467;3311;0;0;6051610;6465811;8952769;26907;5995179;9968374;45712;0;21
FR;2;2022-01-19;4398;16306;105109;552;6207;113700;2411;0;1;6056008;6482117;9057878;27459;6001386;10082074;48123;0;22
FR;2;2022-01-20;4873;17575;115304;603;7069;123696;3111;0;2;6060881;6499692;9173182;28062;6008455;10205770;51234;0;24
FR;2;2022-01-21;5198;20040;137356;679;7169;147775;3454;0;1;6066079;6519732;9310538;28741;6015624;10353545;54688;0;25
FR;2;2022-01-22;3034;10958;74264;260;3956;80340;1428;0;0;6069113;6530690;9384802;29001;6019580;10433885;56116;0;25
FR;2;2022-01-23;724;2708;15243;41;1055;16827;238;0;0;6069837;6533398;9400045;29042;6020635;10450712;56354;0;25
FR;2;2022-01-24;3291;12794;75084;431;5844;81020;1994;0;2;6073128;6546192;9475129;29473;6026479;10531732;58348;0;27
FR;2;2022-01-25;3575;14404;79633;496;6650;85458;2879;0;4;6076703;6560596;9554762;29969;6033129;10617190;61227;0;31
FR;2;2022-01-26;2515;10704;58985;363;5331;63037;1958;0;1;6079218;6571300;9613747;30332;6038460;10680227;63185;0;32
FR;2;2022-01-27;2684;11386;64183;389;5739;67968;2461;0;1;6081902;6582686;9677930;30721;6044199;10748195;65646;0;33
FR;2;2022-01-28;3551;18261;91728;430;8613;98907;3400;0;1;6085453;6600947;9769658;31151;6052812;10847102;69046;0;34
FR;2;2022-01-29;1896;9235;48854;164;4169;52929;1374;0;1;6087349;6610182;9818512;31315;6056981;10900031;70420;0;35
FR;2;2022-01-30;464;2209;9457;38;1052;10586;203;0;0;6087813;6612391;9827969;31353;6058033;10910617;70623;0;35
FR;2;2022-01-31;1890;9556;43834;209;4714;47323;1885;0;2;6089703;6621947;9871803;31562;6062747;10957940;72508;0;37
FR;2;2022-02-01;1916;10020;47031;279;4797;50081;2708;0;0;6091619;6631967;9918834;31841;6067544;11008021;75216;0;37
FR;2;2022-02-02;1614;8976;41124;250;4192;44151;2188;0;1;6093233;6640943;9959958;32091;6071736;11052172;77404;0;38
FR;2;2022-02-03;1730;8933;40526;205;4373;42912;2640;0;2;6094963;6649876;10000484;32296;6076109;11095084;80044;0;40
FR;2;2022-02-04;2151;15168;66649;299;7383;71316;3671;0;1;6097114;6665044;10067133;32595;6083492;11166400;83715;0;41
FR;2;2022-02-05;1360;8519;35948;132;4213;39223;1369;0;0;6098474;6673563;10103081;32727;6087705;11205623;85084;0;41
FR;2;2022-02-06;275;1762;6129;16;841;6899;217;0;0;6098749;6675325;10109210;32743;6088546;11212522;85301;0;41
FR;2;2022-02-07;1352;9546;37759;134;4535;41291;1888;0;2;6100101;6684871;10146969;32877;6093081;11253813;87189;0;43
FR;2;2022-02-08;1299;9832;40956;173;4644;43750;2741;0;1;6101400;6694703;10187925;33050;6097725;11297563;89930;0;44
FR;2;2022-02-09;1160;8841;37040;174;3804;40465;1901;0;2;6102560;6703544;10224965;33224;6101529;11338028;91831;0;46
FR;2;2022-02-10;1029;8001;33837;204;3605;36511;2051;0;1;6103589;6711545;10258802;33428;6105134;11374539;93882;0;47
FR;2;2022-02-11;1391;12086;53347;223;5282;57700;2888;0;0;6104980;6723631;10312149;33651;6110416;11432239;96770;0;47
FR;2;2022-02-12;753;6535;27988;86;2792;30807;1113;0;2;6105733;6730166;10340137;33737;6113208;11463046;97883;0;49
FR;2;2022-02-13;200;1340;4836;20;562;5577;141;0;0;6105933;6731506;10344973;33757;6113770;11468623;98024;0;49
FR;2;2022-02-14;835;6732;30274;91;2599;33233;1398;0;1;6106768;6738238;10375247;33848;6116369;11501856;99422;0;50
FR;2;2022-02-15;774;6473;28051;140;2801;29993;1966;0;2;6107542;6744711;10403298;33988;6119170;11531849;101388;0;52
FR;2;2022-02-16;657;5361;22067;124;2528;23632;1569;0;3;6108199;6750072;10425365;34112;6121698;11555481;102957;0;55
FR;2;2022-02-17;518;3786;14152;98;2131;14617;1406;0;2;6108717;6753858;10439517;34210;6123829;11570098;104363;0;57
FR;2;2022-02-18;723;5368;20443;134;3040;21130;1895;0;0;6109440;6759226;10459960;34344;6126869;11591228;106258;0;57
FR;2;2022-02-19;430;3061;10532;66;1699;11246;753;0;2;6109870;6762287;10470492;34410;6128568;11602474;107011;0;59
FR;2;2022-02-20;102;518;1463;3;314;1611;100;0;0;6109972;6762805;10471955;34413;6128882;11604085;107111;0;59
FR;2;2022-02-21;423;2685;9122;65;1569;9499;930;0;0;6110395;6765490;10481077;34478;6130451;11613584;108041;0;59
FR;2;2022-02-22;393;2567;8894;77;1621;8797;1180;0;0;6110788;6768057;10489971;34555;6132072;11622381;109221;0;59
FR;2;2022-02-23;432;2605;8992;82;1522;9269;1022;0;0;6111220;6770662;10498963;34637;6133594;11631650;110243;0;59
FR;2;2022-02-24;314;2039;6803;82;1251;6833;870;0;0;6111534;6772701;10505766;34719;6134845;11638483;111113;0;59
FR;2;2022-02-25;456;3209;11423;107;1979;11286;1560;0;3;6111990;6775910;10517189;34826;6136824;11649769;112673;0;62
FR;2;2022-02-26;297;1892;6038;49;1161;6345;587;0;1;6112287;6777802;10523227;34875;6137985;11656114;113260;0;63
FR;2;2022-02-27;76;313;907;5;214;950;98;0;0;6112363;6778115;10524134;34880;6138199;11657064;113358;0;63
FR;2;2022-02-28;332;1688;5525;53;1087;5531;733;0;0;6112695;6779803;10529659;34933;6139286;11662595;114091;0;63
FR;2;2022-03-01;279;1569;5484;46;952;5201;964;0;2;6112974;6781372;10535143;34979;6140238;11667796;115055;0;65
FR;2;2022-03-02;298;1446;5248;45;878;5092;815;0;1;6113272;6782818;10540391;35024;6141116;11672888;115870;0;66
FR;2;2022-03-03;226;1112;3709;42;721;3486;668;0;1;6113498;6783930;10544100;35066;6141837;11676374;116538;0;67
FR;2;2022-03-04;243;1469;4860;74;983;4506;950;0;1;6113741;6785399;10548960;35140;6142820;11680880;117488;0;68
FR;2;2022-03-05;174;906;2981;34;612;2725;561;0;0;6113915;6786305;10551941;35174;6143432;11683605;118049;0;68
FR;2;2022-03-06;42;188;280;5;110;320;52;0;0;6113957;6786493;10552221;35179;6143542;11683925;118101;0;68
FR;2;2022-03-07;157;659;1988;70;491;1778;472;0;0;6114114;6787152;10554209;35249;6144033;11685703;118573;0;68
FR;2;2022-03-08;144;670;2272;53;461;1907;619;0;0;6114258;6787822;10556481;35302;6144494;11687610;119192;0;68
FR;2;2022-03-09;156;709;2349;37;473;2051;616;0;0;6114414;6788531;10558830;35339;6144967;11689661;119808;0;68
FR;2;2022-03-10;123;603;1695;35;446;1470;456;0;1;6114537;6789134;10560525;35374;6145413;11691131;120264;0;69
FR;2;2022-03-11;172;757;2770;57;505;2369;737;0;1;6114709;6789891;10563295;35431;6145918;11693500;121001;0;70
FR;2;2022-03-12;149;485;1787;27;331;1557;450;0;0;6114858;6790376;10565082;35458;6146249;11695057;121451;0;70
FR;2;2022-03-13;25;75;203;30;45;204;69;0;0;6114883;6790451;10565285;35488;6146294;11695261;121520;0;70
FR;2;2022-03-14;129;470;1572;529;333;1301;951;0;0;6115012;6790921;10566857;36017;6146627;11696562;122471;0;70
FR;2;2022-03-15;138;441;1713;691;333;1333;1186;0;1;6115150;6791362;10568570;36708;6146960;11697895;123657;0;71
FR;2;2022-03-16;142;476;2013;1616;331;1593;2160;0;2;6115292;6791838;10570583;38324;6147291;11699488;125817;0;73
FR;2;2022-03-17;95;413;1412;1192;273;1148;1576;0;1;6115387;6792251;10571995;39516;6147564;11700636;127393;0;74
FR;2;2022-03-18;147;496;2025;1795;335;1668;2313;0;1;6115534;6792747;10574020;41311;6147899;11702304;129706;0;75
FR;2;2022-03-19;108;321;1210;941;219;1015;1259;0;0;6115642;6793068;10575230;42252;6148118;11703319;130965;0;75
FR;2;2022-03-20;13;77;191;59;39;168;115;0;0;6115655;6793145;10575421;42311;6148157;11703487;131080;0;75
FR;2;2022-03-21;98;307;1218;1483;180;1081;1760;0;1;6115753;6793452;10576639;43794;6148337;11704568;132840;0;76
FR;2;2022-03-22;118;391;1532;1830;244;1293;2219;0;0;6115871;6793843;10578171;45624;6148581;11705861;135059;0;76
FR;2;2022-03-23;137;361;1678;3032;232;1473;3374;0;6;6116008;6794204;10579849;48656;6148813;11707334;138433;0;82
FR;2;2022-03-24;117;293;1183;1548;186;1001;1814;0;8;6116125;6794497;10581032;50204;6148999;11708335;140247;0;90
FR;2;2022-03-25;119;361;1806;2451;238;1476;2837;0;8;6116244;6794858;10582838;52655;6149237;11709811;143084;0;98
FR;2;2022-03-26;79;247;1205;1222;138;953;1531;0;5;6116323;6795105;10584043;53877;6149375;11710764;144615;0;103
FR;2;2022-03-27;19;36;154;100;19;133;144;0;0;6116342;6795141;10584197;53977;6149394;11710897;144759;0;103
FR;2;2022-03-28;94;290;1139;1602;189;995;1835;0;6;6116436;6795431;10585336;55579;6149583;11711892;146594;0;109
FR;2;2022-03-29;108;258;1325;2467;167;1105;2760;0;4;6116544;6795689;10586661;58046;6149750;11712997;149354;0;113
FR;2;2022-03-30;91;312;1489;3185;163;1320;3422;0;2;6116635;6796001;10588150;61231;6149913;11714317;152776;0;115
FR;2;2022-03-31;104;284;1277;2332;172;1092;2616;0;3;6116739;6796285;10589427;63563;6150085;11715409;155392;0;118
FR;2;2022-04-01;123;324;1568;2349;164;1323;2667;0;7;6116862;6796609;10590995;65912;6150249;11716732;158059;0;125
FR;2;2022-04-02;81;161;845;891;83;737;1052;0;1;6116943;6796770;10591840;66803;6150332;11717469;159111;0;126
FR;2;2022-04-03;16;53;128;113;27;142;133;0;1;6116959;6796823;10591968;66916;6150359;11717611;159244;0;127
FR;2;2022-04-04;113;243;990;1447;145;799;1693;0;5;6117072;6797066;10592958;68363;6150504;11718410;160937;0;132
FR;2;2022-04-05;143;301;1317;2914;161;1145;3143;0;17;6117215;6797367;10594275;71277;6150665;11719555;164080;0;149
FR;2;2022-04-06;89;260;1308;2523;128;1131;2688;0;10;6117304;6797627;10595583;73800;6150793;11720686;166768;0;159
FR;2;2022-04-07;120;230;1303;2682;141;1042;2958;0;8;6117424;6797857;10596886;76482;6150934;11721728;169726;0;167
FR;2;2022-04-08;126;346;1635;3352;182;1328;3642;0;12;6117550;6798203;10598521;79834;6151116;11723056;173368;0;179
FR;2;2022-04-09;90;219;900;1046;144;732;1288;0;4;6117640;6798422;10599421;80880;6151260;11723788;174656;0;183
FR;2;2022-04-10;37;48;143;162;45;119;200;0;1;6117677;6798470;10599564;81042;6151305;11723907;174856;0;184
FR;2;2022-04-11;88;195;892;1560;121;782;1718;0;6;6117765;6798665;10600456;82602;6151426;11724689;176574;0;190
FR;2;2022-04-12;176;273;1183;2770;175;1062;2903;0;8;6117941;6798938;10601639;85372;6151601;11725751;179477;0;198
FR;2;2022-04-13;147;231;1125;2477;110;989;2671;0;11;6118088;6799169;10602764;87849;6151711;11726740;182148;0;209
FR;2;2022-04-14;115;227;1085;2677;114;919;2911;0;18;6118203;6799396;10603849;90526;6151825;11727659;185059;0;227
FR;2;2022-04-15;114;261;1221;2304;131;1078;2544;0;7;6118317;6799657;10605070;92830;6151956;11728737;187603;0;234
FR;2;2022-04-16;67;108;548;549;68;459;675;0;9;6118384;6799765;10605618;93379;6152024;11729196;188278;0;243
FR;2;2022-04-17;15;27;57;53;16;53;71;0;0;6118399;6799792;10605675;93432;6152040;11729249;188349;0;243
FR;2;2022-04-18;12;35;121;70;18;116;95;0;0;6118411;6799827;10605796;93502;6152058;11729365;188444;0;243
FR;2;2022-04-19;112;237;1120;1750;149;951;1934;0;9;6118523;6800064;10606916;95252;6152207;11730316;190378;0;252
FR;2;2022-04-20;95;241;1110;2172;125;934;2366;0;14;6118618;6800305;10608026;97424;6152332;11731250;192744;0;266
FR;2;2022-04-21;111;233;983;1912;125;838;2141;0;10;6118729;6800538;10609009;99336;6152457;11732088;194885;0;276
FR;2;2022-04-22;100;276;1242;2102;141;1023;2440;0;11;6118829;6800814;10610251;101438;6152598;11733111;197325;0;287
FR;2;2022-04-23;67;156;645;762;107;574;862;0;8;6118896;6800970;10610896;102200;6152705;11733685;198187;0;295
FR;2;2022-04-24;12;30;101;68;12;79;100;0;0;6118908;6801000;10610997;102268;6152717;11733764;198287;0;295
FR;2;2022-04-25;104;204;821;1329;103;711;1527;0;15;6119012;6801204;10611818;103597;6152820;11734475;199814;0;310
FR;2;2022-04-26;110;184;1041;2022;118;879;2219;0;18;6119122;6801388;10612859;105619;6152938;11735354;202033;0;328
FR;2;2022-04-27;98;181;860;1784;122;764;1806;0;7;6119220;6801569;10613719;107403;6153060;11736118;203839;0;335
FR;2;2022-04-28;93;214;950;1931;128;843;2087;0;12;6119313;6801783;10614669;109334;6153188;11736961;205926;0;347
FR;2;2022-04-29;81;282;1131;1697;131;1042;1876;0;11;6119394;6802065;10615800;111031;6153319;11738003;207802;0;358
FR;2;2022-04-30;66;127;471;540;80;430;628;0;9;6119460;6802192;10616271;111571;6153399;11738433;208430;0;367
FR;2;2022-05-01;23;24;84;49;20;85;61;0;1;6119483;6802216;10616355;111620;6153419;11738518;208491;0;368
FR;2;2022-05-02;115;232;762;1217;141;660;1375;0;5;6119598;6802448;10617117;112837;6153560;11739178;209866;0;373
FR;2;2022-05-03;152;233;999;1781;156;938;1895;0;14;6119750;6802681;10618116;114618;6153716;11740116;211761;0;387
FR;2;2022-05-04;90;226;925;1810;116;868;1821;0;13;6119840;6802907;10619041;116428;6153832;11740984;213582;0;400
FR;2;2022-05-05;127;197;856;1732;146;773;1848;0;10;6119967;6803104;10619897;118160;6153978;11741757;215430;0;410
FR;2;2022-05-06;133;246;1100;1855;139;1016;2052;0;16;6120100;6803350;10620997;120015;6154117;11742773;217482;0;426
FR;2;2022-05-07;40;99;470;504;61;406;593;0;4;6120140;6803449;10621467;120519;6154178;11743179;218075;0;430
FR;2;2022-05-08;48;54;107;71;41;102;101;0;0;6120188;6803503;10621574;120590;6154219;11743281;218176;0;430
FR;2;2022-05-09;101;174;654;986;103;604;1130;0;9;6120289;6803677;10622228;121576;6154322;11743885;219306;0;439
FR;2;2022-05-10;121;252;938;1841;155;893;1965;0;23;6120410;6803929;10623166;123417;6154477;11744778;221271;0;462
FR;2;2022-05-11;103;179;813;1879;117;792;1868;0;8;6120513;6804108;10623979;125296;6154594;11745570;223139;0;470
FR;2;2022-05-12;111;174;845;2096;116;803;2213;0;21;6120624;6804282;10624824;127392;6154710;11746373;225352;0;491
FR;2;2022-05-13;100;236;969;2097;122;900;2273;0;13;6120724;6804518;10625793;129489;6154832;11747273;227625;0;504
FR;2;2022-05-14;76;124;451;553;93;411;632;0;6;6120800;6804642;10626244;130042;6154925;11747684;228257;0;510
FR;2;2022-05-15;24;39;94;88;20;108;95;0;1;6120824;6804681;10626338;130130;6154945;11747792;228352;0;511
FR;2;2022-05-16;102;170;601;925;115;537;1037;0;11;6120926;6804851;10626939;131055;6155060;11748329;229389;0;522
FR;2;2022-05-17;95;184;690;1685;119;658;1737;0;8;6121021;6805035;10627629;132740;6155179;11748987;231126;0;530
FR;2;2022-05-18;80;181;643;1431;97;648;1486;0;10;6121101;6805216;10628272;134171;6155276;11749635;232612;0;540
FR;2;2022-05-19;73;161;709;1830;81;751;1816;0;12;6121174;6805377;10628981;136001;6155357;11750386;234428;0;552
FR;2;2022-05-20;107;181;874;1701;111;779;1849;0;17;6121281;6805558;10629855;137702;6155468;11751165;236277;0;569
FR;2;2022-05-21;48;96;398;517;71;339;581;0;8;6121329;6805654;10630253;138219;6155539;11751504;236858;0;577
FR;2;2022-05-22;8;23;69;37;18;57;56;0;0;6121337;6805677;10630322;138256;6155557;11751561;236914;0;577
FR;2;2022-05-23;86;133;498;931;100;469;967;0;7;6121423;6805810;10630820;139187;6155657;11752030;237881;0;584
FR;2;2022-05-24;87;164;627;1626;103;615;1680;0;17;6121510;6805974;10631447;140813;6155760;11752645;239561;0;601
FR;2;2022-05-25;72;146;539;1148;90;494;1259;0;5;6121582;6806120;10631986;141961;6155850;11753139;240820;0;606
FR;2;2022-05-26;12;31;77;45;13;85;56;0;1;6121594;6806151;10632063;142006;6155863;11753224;240876;0;607
FR;2;2022-05-27;44;124;456;818;68;438;893;0;9;6121638;6806275;10632519;142824;6155931;11753662;241769;0;616
FR;2;2022-05-28;28;60;221;244;29;221;266;0;1;6121666;6806335;10632740;143068;6155960;11753883;242035;0;617
FR;2;2022-05-29;13;34;43;25;22;51;28;0;0;6121679;6806369;10632783;143093;6155982;11753934;242063;0;617
FR;2;2022-05-30;65;109;425;755;60;410;806;0;6;6121744;6806478;10633208;143848;6156042;11754344;242869;0;623
FR;2;2022-05-31;76;135;564;1278;92;511;1304;0;12;6121820;6806613;10633772;145126;6156134;11754855;244173;0;635
FR;2;2022-06-01;59;158;564;1075;84;543;1170;0;6;6121879;6806771;10634336;146201;6156218;11755398;245343;0;641
FR;2;2022-06-02;92;178;625;1414;109;592;1520;0;12;6121971;6806949;10634961;147615;6156327;11755990;246863;0;653
FR;2;2022-06-03;71;156;668;1605;95;595;1694;0;19;6122042;6807105;10635629;149220;6156422;11756585;248557;0;672
FR;2;2022-06-04;69;93;283;433;66;269;475;0;11;6122111;6807198;10635912;149653;6156488;11756854;249032;0;683
FR;2;2022-06-05;12;17;63;57;16;47;74;0;1;6122123;6807215;10635975;149710;6156504;11756901;249106;0;684
FR;2;2022-06-06;12;40;92;76;29;92;80;0;4;6122135;6807255;10636067;149786;6156533;11756993;249186;0;688
FR;2;2022-06-07;99;222;667;1535;154;577;1661;0;10;6122234;6807477;10636734;151321;6156687;11757570;250847;0;698
FR;2;2022-06-08;70;119;476;1166;76;411;1262;0;5;6122304;6807596;10637210;152487;6156763;11757981;252109;0;703
FR;2;2022-06-09;93;166;613;1923;107;571;1927;0;18;6122397;6807762;10637823;154410;6156870;11758552;254036;0;721
FR;2;2022-06-10;93;168;650;1683;107;622;1774;0;23;6122490;6807930;10638473;156093;6156977;11759174;255810;0;744
FR;2;2022-06-11;44;85;287;529;42;258;583;0;5;6122534;6808015;10638760;156622;6157019;11759432;256393;0;749
FR;2;2022-06-12;18;38;58;78;27;60;78;0;0;6122552;6808053;10638818;156700;6157046;11759492;256471;0;749
FR;2;2022-06-13;39;121;395;953;63;379;1021;0;6;6122591;6808174;10639213;157653;6157109;11759871;257492;0;755
FR;2;2022-06-14;68;157;599;2088;101;537;2189;0;14;6122659;6808331;10639812;159741;6157210;11760408;259681;0;769
FR;2;2022-06-15;78;104;520;1504;84;444;1639;0;10;6122737;6808435;10640332;161245;6157294;11760852;261320;0;779
FR;2;2022-06-16;127;128;496;1411;123;423;1526;0;12;6122864;6808563;10640828;162656;6157417;11761275;262846;0;791
FR;2;2022-06-17;73;138;589;1817;88;516;1921;0;16;6122937;6808701;10641417;164473;6157505;11761791;264767;0;807
FR;2;2022-06-18;76;93;224;579;81;196;630;0;4;6123013;6808794;10641641;165052;6157586;11761987;265397;0;811
FR;2;2022-06-19;11;17;53;71;7;41;90;0;2;6123024;6808811;10641694;165123;6157593;11762028;265487;0;813
FR;2;2022-06-20;62;125;401;1028;72;392;1105;0;10;6123086;6808936;10642095;166151;6157665;11762420;266592;0;823
FR;2;2022-06-21;108;115;526;2126;104;455;2163;0;22;6123194;6809051;10642621;168277;6157769;11762875;268755;0;845
FR;2;2022-06-22;39;110;462;1889;57;415;1971;0;25;6123233;6809161;10643083;170166;6157826;11763290;270726;0;870
FR;2;2022-06-23;58;109;537;2282;68;452;2400;0;30;6123291;6809270;10643620;172448;6157894;11763742;273126;0;900
FR;2;2022-06-24;66;122;709;3199;65;571;3339;0;38;6123357;6809392;10644329;175647;6157959;11764313;276465;0;938
FR;2;2022-06-25;30;90;298;987;55;254;1040;0;13;6123387;6809482;10644627;176634;6158014;11764567;277505;0;951
FR;2;2022-06-26;30;27;131;194;29;97;236;0;5;6123417;6809509;10644758;176828;6158043;11764664;277741;0;956
FR;2;2022-06-27;79;137;582;2489;94;483;2622;0;39;6123496;6809646;10645340;179317;6158137;11765147;280363;0;995
FR;2;2022-06-28;110;140;812;4817;81;650;4894;0;54;6123606;6809786;10646152;184134;6158218;11765797;285257;0;1049
FR;2;2022-06-29;73;150;776;4436;80;637;4532;0;56;6123679;6809936;10646928;188570;6158298;11766434;289789;0;1105
FR;2;2022-06-30;72;133;833;5177;71;619;5397;0;79;6123751;6810069;10647761;193747;6158369;11767053;295186;0;1184
FR;2;2022-07-01;113;161;1152;6692;94;853;6944;0;92;6123864;6810230;10648913;200439;6158463;11767906;302130;0;1276
FR;2;2022-07-02;69;132;474;1976;82;392;2067;0;27;6123933;6810362;10649387;202415;6158545;11768298;304197;0;1303
FR;2;2022-07-03;23;30;147;334;21;131;357;0;8;6123956;6810392;10649534;202749;6158566;11768429;304554;0;1311
FR;2;2022-07-04;120;184;774;3785;112;612;3971;0;49;6124076;6810576;10650308;206534;6158678;11769041;308525;0;1360
FR;2;2022-07-05;119;187;1121;6818;120;828;6999;0;85;6124195;6810763;10651429;213352;6158798;11769869;315524;0;1445
FR;2;2022-07-06;92;151;951;5807;94;697;5933;0;84;6124287;6810914;10652380;219159;6158892;11770566;321457;0;1529
FR;2;2022-07-07;81;185;1021;6501;115;752;6732;0;101;6124368;6811099;10653401;225660;6159007;11771318;328189;0;1630
FR;2;2022-07-08;65;122;1095;7044;51;758;7235;0;123;6124433;6811221;10654496;232704;6159058;11772076;335424;0;1753
FR;2;2022-07-09;34;62;418;1869;31;299;1920;0;33;6124467;6811283;10654914;234573;6159089;11772375;337344;0;1786
FR;2;2022-07-10;6;17;97;315;8;83;327;0;5;6124473;6811300;10655011;234888;6159097;11772458;337671;0;1791
FR;2;2022-07-11;68;121;683;3826;76;541;3901;0;67;6124541;6811421;10655694;238714;6159173;11772999;341572;0;1858
FR;2;2022-07-12;102;180;1054;6517;107;809;6725;0;119;6124643;6811601;10656748;245231;6159280;11773808;348297;0;1977
FR;2;2022-07-13;65;127;879;4664;75;591;4830;0;78;6124708;6811728;10657627;249895;6159355;11774399;353127;0;2055
FR;2;2022-07-14;6;13;89;250;8;60;269;0;8;6124714;6811741;10657716;250145;6159363;11774459;353396;0;2063
FR;2;2022-07-15;61;129;739;3794;53;560;3960;0;75;6124775;6811870;10658455;253939;6159416;11775019;357356;0;2138
FR;2;2022-07-16;27;54;289;1030;30;242;1076;0;25;6124802;6811924;10658744;254969;6159446;11775261;358432;0;2163
FR;2;2022-07-17;5;12;78;201;6;67;207;0;6;6124807;6811936;10658822;255170;6159452;11775328;358639;0;2169
FR;2;2022-07-18;57;103;514;2509;61;384;2648;0;59;6124864;6812039;10659336;257679;6159513;11775712;361287;0;2228
FR;2;2022-07-19;66;133;770;4258;72;555;4447;0;72;6124930;6812172;10660106;261937;6159585;11776267;365734;0;2300
FR;2;2022-07-20;59;117;582;3179;68;430;3278;0;87;6124989;6812289;10660688;265116;6159653;11776697;369012;0;2387
FR;2;2022-07-21;60;110;671;3680;73;485;3797;0;105;6125049;6812399;10661359;268796;6159726;11777182;372809;0;2492
FR;2;2022-07-22;51;99;699;3550;48;506;3700;0;80;6125100;6812498;10662058;272346;6159774;11777688;376509;0;2572
FR;2;2022-07-23;39;97;290;1173;52;229;1226;0;37;6125139;6812595;10662348;273519;6159826;11777917;377735;0;2609
FR;2;2022-07-24;14;24;69;201;19;68;203;0;7;6125153;6812619;10662417;273720;6159845;11777985;377938;0;2616
FR;2;2022-07-25;50;71;405;1938;60;300;2000;0;56;6125203;6812690;10662822;275658;6159905;11778285;379938;0;2672
FR;2;2022-07-26;57;133;606;3423;66;477;3496;0;113;6125260;6812823;10663428;279081;6159971;11778762;383434;0;2785
FR;2;2022-07-27;42;81;457;2782;50;361;2801;0;89;6125302;6812904;10663885;281863;6160021;11779123;386235;0;2874
FR;2;2022-07-28;29;75;450;2486;36;357;2490;0;78;6125331;6812979;10664335;284349;6160057;11779480;388725;0;2952
FR;2;2022-07-29;68;88;535;2857;63;347;2978;0;73;6125399;6813067;10664870;287206;6160120;11779827;391703;0;3025
FR;2;2022-07-30;22;39;163;775;32;110;795;0;24;6125421;6813106;10665033;287981;6160152;11779937;392498;0;3049
FR;2;2022-07-31;6;13;27;104;12;21;110;0;2;6125427;6813119;10665060;288085;6160164;11779958;392608;0;3051
FR;2;2022-08-01;38;106;323;1261;74;260;1343;0;29;6125465;6813225;10665383;289346;6160238;11780218;393951;0;3080
FR;2;2022-08-02;49;75;325;2061;50;247;2097;0;78;6125514;6813300;10665708;291407;6160288;11780465;396048;0;3158
FR;2;2022-08-03;29;53;259;1611;25;187;1617;0;57;6125543;6813353;10665967;293018;6160313;11780652;397665;0;3215
FR;2;2022-08-04;40;65;306;1692;39;240;1701;0;66;6125583;6813418;10666273;294710;6160352;11780892;399366;0;3281
FR;2;2022-08-05;33;94;328;1881;67;236;1912;0;60;6125616;6813512;10666601;296591;6160419;11781128;401278;0;3341
FR;2;2022-08-06;22;41;106;365;29;82;372;0;10;6125638;6813553;10666707;296956;6160448;11781210;401650;0;3351
FR;2;2022-08-07;7;8;15;69;5;16;71;0;3;6125645;6813561;10666722;297025;6160453;11781226;401721;0;3354
FR;2;2022-08-08;19;35;220;877;22;148;915;0;33;6125664;6813596;10666942;297902;6160475;11781374;402636;0;3387
FR;2;2022-08-09;29;52;279;1475;41;238;1471;0;50;6125693;6813648;10667221;299377;6160516;11781612;404107;0;3437
FR;2;2022-08-10;16;22;213;1134;19;150;1155;0;46;6125709;6813670;10667434;300511;6160535;11781762;405262;0;3483
FR;2;2022-08-11;21;41;174;1039;26;117;1048;0;40;6125730;6813711;10667608;301550;6160561;11781879;406310;0;3523
FR;2;2022-08-12;36;49;184;1046;37;140;1069;0;35;6125766;6813760;10667792;302596;6160598;11782019;407379;0;3558
FR;2;2022-08-13;9;19;47;149;15;53;137;0;5;6125775;6813779;10667839;302745;6160613;11782072;407516;0;3563
FR;2;2022-08-14;1;2;12;52;1;11;54;0;1;6125776;6813781;10667851;302797;6160614;11782083;407570;0;3564
FR;2;2022-08-15;0;5;32;22;2;21;21;0;3;6125776;6813786;10667883;302819;6160616;11782104;407591;0;3567
FR;2;2022-08-16;27;33;144;681;34;120;678;0;33;6125803;6813819;10668027;303500;6160650;11782224;408269;0;3600
FR;2;2022-08-17;18;26;109;738;18;88;744;0;34;6125821;6813845;10668136;304238;6160668;11782312;409013;0;3634
FR;2;2022-08-18;14;28;160;836;12;107;852;0;42;6125835;6813873;10668296;305074;6160680;11782419;409865;0;3676
FR;2;2022-08-19;8;38;118;706;31;88;706;0;33;6125843;6813911;10668414;305780;6160711;11782507;410571;0;3709
FR;2;2022-08-20;6;26;61;197;16;52;201;0;8;6125849;6813937;10668475;305977;6160727;11782559;410772;0;3717
FR;2;2022-08-21;4;14;15;19;6;13;31;0;0;6125853;6813951;10668490;305996;6160733;11782572;410803;0;3717
FR;2;2022-08-22;11;25;116;395;17;73;451;0;13;6125864;6813976;10668606;306391;6160750;11782645;411254;0;3730
FR;2;2022-08-23;11;42;134;671;23;112;679;0;38;6125875;6814018;10668740;307062;6160773;11782757;411933;0;3768
FR;2;2022-08-24;11;28;87;466;21;80;472;0;18;6125886;6814046;10668827;307528;6160794;11782837;412405;0;3786
FR;2;2022-08-25;8;32;109;481;16;69;516;0;17;6125894;6814078;10668936;308009;6160810;11782906;412921;0;3803
FR;2;2022-08-26;16;46;117;720;36;91;713;0;32;6125910;6814124;10669053;308729;6160846;11782997;413634;0;3835
FR;2;2022-08-27;10;19;47;156;16;42;164;0;2;6125920;6814143;10669100;308885;6160862;11783039;413798;0;3837
FR;2;2022-08-28;1;5;5;15;1;7;16;0;1;6125921;6814148;10669105;308900;6160863;11783046;413814;0;3838
FR;2;2022-08-29;24;43;94;400;29;88;396;0;24;6125945;6814191;10669199;309300;6160892;11783134;414210;0;3862
FR;2;2022-08-30;31;54;154;791;34;119;798;0;29;6125976;6814245;10669353;310091;6160926;11783253;415008;0;3891
FR;2;2022-08-31;19;36;85;392;23;79;393;0;25;6125995;6814281;10669438;310483;6160949;11783332;415401;0;3916
FR;2;2022-09-01;19;43;139;600;25;122;609;0;36;6126014;6814324;10669577;311083;6160974;11783454;416010;0;3952
FR;2;2022-09-02;34;56;146;744;34;158;748;0;32;6126048;6814380;10669723;311827;6161008;11783612;416758;0;3984
FR;2;2022-09-03;17;20;83;205;11;67;213;0;7;6126065;6814400;10669806;312032;6161019;11783679;416971;0;3991
FR;2;2022-09-04;8;5;9;31;2;10;30;0;3;6126073;6814405;10669815;312063;6161021;11783689;417001;0;3994
FR;2;2022-09-05;29;32;126;367;24;98;397;0;24;6126102;6814437;10669941;312430;6161045;11783787;417398;0;4018
FR;2;2022-09-06;43;62;158;761;42;153;767;0;36;6126145;6814499;10670099;313191;6161087;11783940;418165;0;4054
FR;2;2022-09-07;21;21;74;375;17;49;387;0;22;6126166;6814520;10670173;313566;6161104;11783989;418552;0;4076
FR;2;2022-09-08;31;57;109;636;40;100;646;0;22;6126197;6814577;10670282;314202;6161144;11784089;419198;0;4098
FR;2;2022-09-09;18;24;126;753;21;74;746;0;46;6126215;6814601;10670408;314955;6161165;11784163;419944;0;4144
FR;2;2022-09-10;14;24;57;117;16;48;131;0;4;6126229;6814625;10670465;315072;6161181;11784211;420075;0;4148
FR;2;2022-09-11;12;5;11;11;3;13;13;0;0;6126241;6814630;10670476;315083;6161184;11784224;420088;0;4148
FR;2;2022-09-12;20;31;70;340;26;56;352;0;16;6126261;6814661;10670546;315423;6161210;11784280;420440;0;4164
FR;2;2022-09-13;15;34;125;670;13;99;674;0;40;6126276;6814695;10670671;316093;6161223;11784379;421114;0;4204
FR;2;2022-09-14;19;22;81;480;20;59;478;0;36;6126295;6814717;10670752;316573;6161243;11784438;421592;0;4240
FR;2;2022-09-15;22;44;126;486;26;102;493;0;47;6126317;6814761;10670878;317059;6161269;11784540;422085;0;4287
FR;2;2022-09-16;21;31;124;563;17;89;585;0;39;6126338;6814792;10671002;317622;6161286;11784629;422670;0;4326
FR;2;2022-09-17;6;20;56;160;15;52;147;0;13;6126344;6814812;10671058;317782;6161301;11784681;422817;0;4339
FR;2;2022-09-18;4;7;13;37;6;10;37;0;3;6126348;6814819;10671071;317819;6161307;11784691;422854;0;4342
FR;2;2022-09-19;26;24;114;353;16;87;381;0;22;6126374;6814843;10671185;318172;6161323;11784778;423235;0;4364
FR;2;2022-09-20;28;27;117;624;21;84;639;0;38;6126402;6814870;10671302;318796;6161344;11784862;423874;0;4402
FR;2;2022-09-21;15;30;100;393;15;78;418;0;22;6126417;6814900;10671402;319189;6161359;11784940;424292;0;4424
FR;2;2022-09-22;16;39;124;581;18;95;619;0;28;6126433;6814939;10671526;319770;6161377;11785035;424911;0;4452
FR;2;2022-09-23;21;38;135;555;22;111;570;0;39;6126454;6814977;10671661;320325;6161399;11785146;425481;0;4491
FR;2;2022-09-24;10;8;52;190;6;37;201;0;6;6126464;6814985;10671713;320515;6161405;11785183;425682;0;4497
FR;2;2022-09-25;9;11;14;29;11;11;33;0;5;6126473;6814996;10671727;320544;6161416;11785194;425715;0;4502
FR;2;2022-09-26;22;41;116;447;27;79;458;0;20;6126495;6815037;10671843;320991;6161443;11785273;426173;0;4522
FR;2;2022-09-27;30;46;162;906;35;108;861;0;52;6126525;6815083;10672005;321897;6161478;11785381;427034;0;4574
FR;2;2022-09-28;15;31;93;421;18;74;439;0;23;6126540;6815114;10672098;322318;6161496;11785455;427473;0;4597
FR;2;2022-09-29;26;48;115;618;23;110;630;0;33;6126566;6815162;10672213;322936;6161519;11785565;428103;0;4630
FR;2;2022-09-30;25;44;111;520;44;84;533;0;31;6126591;6815206;10672324;323456;6161563;11785649;428636;0;4661
FR;2;2022-10-01;11;20;51;128;20;36;129;0;8;6126602;6815226;10672375;323584;6161583;11785685;428765;0;4669
FR;2;2022-10-02;0;5;8;21;4;5;25;0;2;6126602;6815231;10672383;323605;6161587;11785690;428790;0;4671
FR;2;2022-10-03;22;34;84;291;29;68;306;0;22;6126624;6815265;10672467;323896;6161616;11785758;429096;0;4693
FR;2;2022-10-04;17;21;106;602;19;71;621;0;46;6126641;6815286;10672573;324498;6161635;11785829;429717;0;4739
FR;2;2022-10-05;20;29;75;491;24;67;488;0;54;6126661;6815315;10672648;324989;6161659;11785896;430205;0;4793
FR;2;2022-10-06;30;23;74;442;17;71;428;0;65;6126691;6815338;10672722;325431;6161676;11785967;430633;0;4858
FR;2;2022-10-07;21;30;86;499;27;66;503;0;42;6126712;6815368;10672808;325930;6161703;11786033;431136;0;4900
FR;2;2022-10-08;12;8;23;114;3;24;108;0;12;6126724;6815376;10672831;326044;6161706;11786057;431244;0;4912
FR;2;2022-10-09;1;8;15;17;6;11;22;0;5;6126725;6815384;10672846;326061;6161712;11786068;431266;0;4917
FR;2;2022-10-10;18;25;47;223;22;50;218;0;21;6126743;6815409;10672893;326284;6161734;11786118;431484;0;4938
FR;2;2022-10-11;16;15;47;253;11;39;240;0;52;6126759;6815424;10672940;326537;6161745;11786157;431724;0;4990
FR;2;2022-10-12;8;18;52;290;14;36;305;0;56;6126767;6815442;10672992;326827;6161759;11786193;432029;0;5046
FR;2;2022-10-13;11;14;48;271;9;48;261;0;26;6126778;6815456;10673040;327098;6161768;11786241;432290;0;5072
FR;2;2022-10-14;12;29;36;230;17;40;231;0;29;6126790;6815485;10673076;327328;6161785;11786281;432521;0;5101
FR;2;2022-10-15;4;10;22;111;4;17;113;0;15;6126794;6815495;10673098;327439;6161789;11786298;432634;0;5116
FR;2;2022-10-16;0;6;4;11;5;7;8;0;1;6126794;6815501;10673102;327450;6161794;11786305;432642;0;5117
FR;2;2022-10-17;15;18;31;121;17;26;131;0;29;6126809;6815519;10673133;327571;6161811;11786331;432773;0;5146
FR;2;2022-10-18;13;11;68;184;5;34;231;0;43;6126822;6815530;10673201;327755;6161816;11786365;433004;0;5189
FR;2;2022-10-19;8;17;36;182;12;30;185;0;42;6126830;6815547;10673237;327937;6161828;11786395;433189;0;5231
FR;2;2022-10-20;11;29;41;200;15;40;196;0;52;6126841;6815576;10673278;328137;6161843;11786435;433385;0;5283
FR;2;2022-10-21;6;15;60;232;6;53;222;0;30;6126847;6815591;10673338;328369;6161849;11786488;433607;0;5313
FR;2;2022-10-22;8;7;25;101;2;23;102;0;20;6126855;6815598;10673363;328470;6161851;11786511;433709;0;5333
FR;2;2022-10-23;0;3;1;5;3;0;6;0;2;6126855;6815601;10673364;328475;6161854;11786511;433715;0;5335
FR;2;2022-10-24;12;12;16;109;12;16;112;0;20;6126867;6815613;10673380;328584;6161866;11786527;433827;0;5355
FR;2;2022-10-25;12;7;23;138;6;15;145;0;51;6126879;6815620;10673403;328722;6161872;11786542;433972;0;5406
FR;2;2022-10-26;4;3;17;90;2;11;96;0;27;6126883;6815623;10673420;328812;6161874;11786553;434068;0;5433
FR;2;2022-10-27;7;9;18;88;9;20;71;0;27;6126890;6815632;10673438;328900;6161883;11786573;434139;0;5460
FR;2;2022-10-28;5;3;15;91;3;7;92;0;27;6126895;6815635;10673453;328991;6161886;11786580;434231;0;5487
FR;2;2022-10-29;7;8;18;33;6;14;37;0;8;6126902;6815643;10673471;329024;6161892;11786594;434268;0;5495
FR;2;2022-10-30;3;7;5;8;5;2;5;0;1;6126905;6815650;10673476;329032;6161897;11786596;434273;0;5496
FR;2;2022-10-31;2;8;6;49;6;10;48;0;11;6126907;6815658;10673482;329081;6161903;11786606;434321;0;5507
FR;2;2022-11-01;0;4;8;1;4;5;4;0;0;6126907;6815662;10673490;329082;6161907;11786611;434325;0;5507
FR;2;2022-11-02;6;5;12;44;5;12;45;0;11;6126913;6815667;10673502;329126;6161912;11786623;434370;0;5518
FR;2;2022-11-03;6;7;16;77;6;10;75;0;18;6126919;6815674;10673518;329203;6161918;11786633;434445;0;5536
FR;2;2022-11-04;7;12;15;85;10;14;93;0;10;6126926;6815686;10673533;329288;6161928;11786647;434538;0;5546
FR;2;2022-11-05;0;11;13;38;6;17;35;0;6;6126926;6815697;10673546;329326;6161934;11786664;434573;0;5552
FR;2;2022-11-06;0;2;2;1;0;4;0;0;2;6126926;6815699;10673548;329327;6161934;11786668;434573;0;5554
FR;2;2022-11-07;11;7;15;66;5;14;65;0;20;6126937;6815706;10673563;329393;6161939;11786682;434638;0;5574
FR;2;2022-11-08;11;6;18;58;4;14;65;0;27;6126948;6815712;10673581;329451;6161943;11786696;434703;0;5601
FR;2;2022-11-09;4;5;17;56;2;17;50;0;28;6126952;6815717;10673598;329507;6161945;11786713;434753;0;5629
FR;2;2022-11-10;7;10;17;74;7;14;76;0;14;6126959;6815727;10673615;329581;6161952;11786727;434829;0;5643
FR;2;2022-11-11;0;3;7;3;0;8;4;0;0;6126959;6815730;10673622;329584;6161952;11786735;434833;0;5643
FR;2;2022-11-12;2;5;7;19;4;7;19;0;4;6126961;6815735;10673629;329603;6161956;11786742;434852;0;5647
FR;2;2022-11-13;3;2;3;2;1;4;1;0;0;6126964;6815737;10673632;329605;6161957;11786746;434853;0;5647
FR;2;2022-11-14;7;6;13;29;3;10;33;0;7;6126971;6815743;10673645;329634;6161960;11786756;434886;0;5654
FR;2;2022-11-15;8;12;15;35;13;18;32;0;7;6126979;6815755;10673660;329669;6161973;11786774;434918;0;5661
FR;2;2022-11-16;4;3;4;45;3;4;46;0;18;6126983;6815758;10673664;329714;6161976;11786778;434964;0;5679
FR;2;2022-11-17;2;6;12;56;5;9;55;0;22;6126985;6815764;10673676;329770;6161981;11786787;435019;0;5701
FR;2;2022-11-18;3;4;7;41;4;6;44;0;10;6126988;6815768;10673683;329811;6161985;11786793;435063;0;5711
FR;2;2022-11-19;3;2;2;25;2;3;18;0;5;6126991;6815770;10673685;329836;6161987;11786796;435081;0;5716
FR;2;2022-11-20;0;2;6;9;2;6;10;0;26;6126991;6815772;10673691;329845;6161989;11786802;435091;0;5742
FR;2;2022-11-21;6;10;9;31;7;8;34;0;22;6126997;6815782;10673700;329876;6161996;11786810;435125;0;5764
FR;2;2022-11-22;8;8;20;65;6;21;70;0;71;6127005;6815790;10673720;329941;6162002;11786831;435195;0;5835
FR;2;2022-11-23;7;6;8;68;3;5;73;0;8;6127012;6815796;10673728;330009;6162005;11786836;435268;0;5843
FR;2;2022-11-24;2;2;11;50;2;7;57;0;10;6127014;6815798;10673739;330059;6162007;11786843;435325;0;5853
FR;2;2022-11-25;11;8;12;25;11;14;26;0;8;6127025;6815806;10673751;330084;6162018;11786857;435351;0;5861
FR;2;2022-11-26;1;5;4;8;4;7;6;0;0;6127026;6815811;10673755;330092;6162022;11786864;435357;0;5861
FR;2;2022-11-27;2;2;12;2;0;11;4;0;1;6127028;6815813;10673767;330094;6162022;11786875;435361;0;5862
FR;2;2022-11-28;0;2;7;35;1;5;37;0;5;6127028;6815815;10673774;330129;6162023;11786880;435398;0;5867
FR;2;2022-11-29;1;1;9;24;0;3;30;0;8;6127029;6815816;10673783;330153;6162023;11786883;435428;0;5875
FR;2;2022-11-30;2;1;9;47;0;10;44;0;21;6127031;6815817;10673792;330200;6162023;11786893;435472;0;5896
FR;2;2022-12-01;2;10;6;63;7;13;55;0;24;6127033;6815827;10673798;330263;6162030;11786906;435527;0;5920
FR;2;2022-12-02;1;2;12;51;2;10;51;0;27;6127034;6815829;10673810;330314;6162032;11786916;435578;0;5947
FR;2;2022-12-03;1;3;8;19;1;8;18;0;10;6127035;6815832;10673818;330333;6162033;11786924;435596;0;5957
FR;2;2022-12-04;0;0;0;4;0;0;4;0;2;6127035;6815832;10673818;330337;6162033;11786924;435600;0;5959
FR;2;2022-12-05;3;3;7;51;6;4;44;0;16;6127038;6815835;10673825;330388;6162039;11786928;435644;0;5975
FR;2;2022-12-06;3;4;13;45;3;6;47;0;17;6127041;6815839;10673838;330433;6162042;11786934;435691;0;5992
FR;2;2022-12-07;1;3;9;42;2;7;44;0;11;6127042;6815842;10673847;330475;6162044;11786941;435735;0;6003
FR;2;2022-12-08;0;2;11;44;0;6;49;0;16;6127042;6815844;10673858;330519;6162044;11786947;435784;0;6019
FR;2;2022-12-09;0;1;13;52;0;9;57;0;16;6127042;6815845;10673871;330571;6162044;11786956;435841;0;6035
FR;2;2022-12-10;0;2;15;49;0;6;51;0;9;6127042;6815847;10673886;330620;6162044;11786962;435892;0;6044
FR;2;2022-12-11;0;0;2;2;0;2;1;0;3;6127042;6815847;10673888;330622;6162044;11786964;435893;0;6047
FR;2;2022-12-12;1;0;6;36;0;6;35;0;11;6127043;6815847;10673894;330658;6162044;11786970;435928;0;6058
FR;2;2022-12-13;0;2;1;37;1;1;36;0;14;6127043;6815849;10673895;330695;6162045;11786971;435964;0;6072
FR;2;2022-12-14;0;5;8;26;5;3;31;0;14;6127043;6815854;10673903;330721;6162050;11786974;435995;0;6086
FR;2;2022-12-15;0;4;12;43;4;9;44;0;17;6127043;6815858;10673915;330764;6162054;11786983;436039;0;6103
FR;2;2022-12-16;2;4;27;56;3;20;62;0;16;6127045;6815862;10673942;330820;6162057;11787003;436101;0;6119
FR;2;2022-12-17;1;4;10;44;3;6;39;0;5;6127046;6815866;10673952;330864;6162060;11787009;436140;0;6124
FR;2;2022-12-18;1;0;0;0;0;0;0;0;1;6127047;6815866;10673952;330864;6162060;11787009;436140;0;6125
FR;2;2022-12-19;6;1;4;31;2;5;24;0;24;6127053;6815867;10673956;330895;6162062;11787014;436164;0;6149
FR;2;2022-12-20;0;2;6;37;0;7;38;0;24;6127053;6815869;10673962;330932;6162062;11787021;436202;0;6173
FR;2;2022-12-21;0;1;3;13;1;3;13;0;8;6127053;6815870;10673965;330945;6162063;11787024;436215;0;6181
FR;2;2022-12-22;0;5;17;32;2;6;45;0;10;6127053;6815875;10673982;330977;6162065;11787030;436260;0;6191
FR;2;2022-12-23;1;5;15;18;3;12;22;0;4;6127054;6815880;10673997;330995;6162068;11787042;436282;0;6195
FR;2;2022-12-24;0;0;1;1;0;1;1;0;0;6127054;6815880;10673998;330996;6162068;11787043;436283;0;6195
FR;2;2022-12-25;0;1;1;3;0;1;4;0;0;6127054;6815881;10673999;330999;6162068;11787044;436287;0;6195
FR;2;2022-12-26;0;0;7;11;0;5;11;0;3;6127054;6815881;10674006;331010;6162068;11787049;436298;0;6198
FR;2;2022-12-27;0;1;7;5;1;5;7;0;4;6127054;6815882;10674013;331015;6162069;11787054;436305;0;6202
FR;2;2022-12-28;0;2;4;13;2;3;14;0;5;6127054;6815884;10674017;331028;6162071;11787057;436319;0;6207
FR;2;2022-12-29;1;1;4;18;1;4;18;0;7;6127055;6815885;10674021;331046;6162072;11787061;436337;0;6214
FR;2;2022-12-30;1;0;2;8;0;2;7;0;1;6127056;6815885;10674023;331054;6162072;11787063;436344;0;6215
FR;2;2022-12-31;0;0;1;2;0;1;2;0;1;6127056;6815885;10674024;331056;6162072;11787064;436346;0;6216
FR;2;2023-01-01;0;0;0;0;0;0;0;0;0;6127056;6815885;10674024;331056;6162072;11787064;436346;0;6216
FR;2;2023-01-02;5;2;8;21;1;6;23;0;2;6127061;6815887;10674032;331077;6162073;11787070;436369;0;6218
FR;2;2023-01-03;0;0;6;13;0;7;11;0;6;6127061;6815887;10674038;331090;6162073;11787077;436380;0;6224
FR;2;2023-01-04;1;1;8;13;2;6;13;0;6;6127062;6815888;10674046;331103;6162075;11787083;436393;0;6230
FR;2;2023-01-05;0;1;4;6;1;2;6;0;3;6127062;6815889;10674050;331109;6162076;11787085;436399;0;6233
FR;2;2023-01-06;1;0;5;9;0;2;11;0;9;6127063;6815889;10674055;331118;6162076;11787087;436410;0;6242
FR;2;2023-01-07;0;0;1;10;0;2;7;0;5;6127063;6815889;10674056;331128;6162076;11787089;436417;0;6247
FR;2;2023-01-08;0;0;1;3;0;1;3;0;2;6127063;6815889;10674057;331131;6162076;11787090;436420;0;6249
FR;2;2023-01-09;0;0;7;9;0;2;13;0;5;6127063;6815889;10674064;331140;6162076;11787092;436433;0;6254
FR;2;2023-01-10;0;3;1;6;3;0;8;0;5;6127063;6815892;10674065;331146;6162079;11787092;436441;0;6259
FR;2;2023-01-11;3;0;4;7;0;3;9;0;3;6127066;6815892;10674069;331153;6162079;11787095;436450;0;6262
FR;2;2023-01-12;1;0;5;12;0;3;9;0;11;6127067;6815892;10674074;331165;6162079;11787098;436459;0;6273
FR;2;2023-01-13;0;1;4;7;1;2;10;0;3;6127067;6815893;10674078;331172;6162080;11787100;436469;0;6276
FR;2;2023-01-14;0;1;0;6;0;1;6;0;1;6127067;6815894;10674078;331178;6162080;11787101;436475;0;6277
FR;2;2023-01-15;0;0;0;0;0;0;0;0;0;6127067;6815894;10674078;331178;6162080;11787101;436475;0;6277
FR;2;2023-01-16;1;0;3;6;1;0;7;0;1;6127068;6815894;10674081;331184;6162081;11787101;436482;0;6278
FR;2;2023-01-17;1;0;0;4;0;0;3;0;0;6127069;6815894;10674081;331188;6162081;11787101;436485;0;6278
FR;2;2023-01-18;0;0;1;2;0;1;2;0;0;6127069;6815894;10674082;331190;6162081;11787102;436487;0;6278
FR;2;2023-01-19;0;0;0;6;0;0;6;0;6;6127069;6815894;10674082;331196;6162081;11787102;436493;0;6284
FR;2;2023-01-20;0;0;0;7;0;0;7;0;4;6127069;6815894;10674082;331203;6162081;11787102;436500;0;6288
FR;2;2023-01-21;0;0;0;3;0;0;0;0;0;6127069;6815894;10674082;331206;6162081;11787102;436500;0;6288
FR;2;2023-01-22;0;0;0;0;0;0;0;0;0;6127069;6815894;10674082;331206;6162081;11787102;436500;0;6288
FR;2;2023-01-23;0;0;3;3;0;2;3;0;1;6127069;6815894;10674085;331209;6162081;11787104;436503;0;6289
FR;2;2023-01-24;1;3;1;6;3;0;7;0;4;6127070;6815897;10674086;331215;6162084;11787104;436510;0;6293
FR;2;2023-01-25;1;0;0;6;1;0;6;0;0;6127071;6815897;10674086;331221;6162085;11787104;436516;0;6293
FR;2;2023-01-26;1;0;3;7;0;1;9;0;3;6127072;6815897;10674089;331228;6162085;11787105;436525;0;6296
FR;3;2020-12-27;0;0;0;0;0;0;0;0;0;0;0;0;0;0;0;0;0;0
FR;3;2020-12-28;0;0;0;0;0;0;0;0;0;0;0;0;0;0;0;0;0;0
FR;3;2020-12-29;0;0;0;0;0;0;0;0;0;0;0;0;0;0;0;0;0;0
FR;3;2020-12-30;0;0;0;0;0;0;0;0;0;0;0;0;0;0;0;0;0;0
FR;3;2020-12-31;0;0;0;0;0;0;0;0;0;0;0;0;0;0;0;0;0;0
FR;3;2021-01-01;0;0;0;0;0;0;0;0;0;0;0;0;0;0;0;0;0;0
FR;3;2021-01-02;0;0;0;0;0;0;0;0;0;0;0;0;0;0;0;0;0;0
FR;3;2021-01-03;0;0;0;0;0;0;0;0;0;0;0;0;0;0;0;0;0;0
FR;3;2021-01-04;0;0;0;0;0;0;0;0;0;0;0;0;0;0;0;0;0;0
FR;3;2021-01-05;0;0;0;0;0;0;0;0;0;0;0;0;0;0;0;0;0;0
FR;3;2021-01-06;0;0;0;0;0;0;0;0;0;0;0;0;0;0;0;0;0;0
FR;3;2021-01-07;0;0;0;0;0;0;0;0;0;0;0;0;0;0;0;0;0;0
FR;3;2021-01-08;0;0;0;0;0;0;0;0;0;0;0;0;0;0;0;0;0;0
FR;3;2021-01-09;0;0;0;0;0;0;0;0;0;0;0;0;0;0;0;0;0;0
FR;3;2021-01-10;0;0;0;0;0;0;0;0;0;0;0;0;0;0;0;0;0;0
FR;3;2021-01-11;0;0;0;0;0;0;0;0;0;0;0;0;0;0;0;0;0;0
FR;3;2021-01-12;0;0;0;0;0;0;0;0;0;0;0;0;0;0;0;0;0;0
FR;3;2021-01-13;0;0;0;0;0;0;0;0;0;0;0;0;0;0;0;0;0;0
FR;3;2021-01-14;0;0;0;0;0;0;0;0;0;0;0;0;0;0;0;0;0;0
FR;3;2021-01-15;0;0;0;0;0;0;0;0;0;0;0;0;0;0;0;0;0;0
FR;3;2021-01-16;0;0;0;0;0;0;0;0;0;0;0;0;0;0;0;0;0;0
FR;3;2021-01-17;0;0;0;0;0;0;0;0;0;0;0;0;0;0;0;0;0;0
FR;3;2021-01-18;0;0;0;0;0;0;0;0;0;0;0;0;0;0;0;0;0;0
FR;3;2021-01-19;0;0;0;0;0;0;0;0;0;0;0;0;0;0;0;0;0;0
FR;3;2021-01-20;0;0;0;0;0;0;0;0;0;0;0;0;0;0;0;0;0;0
FR;3;2021-01-21;0;0;0;0;0;0;0;0;0;0;0;0;0;0;0;0;0;0
FR;3;2021-01-22;0;0;0;0;0;0;0;0;0;0;0;0;0;0;0;0;0;0
FR;3;2021-01-23;0;0;0;0;0;0;0;0;0;0;0;0;0;0;0;0;0;0
FR;3;2021-01-24;0;0;0;0;0;0;0;0;0;0;0;0;0;0;0;0;0;0
FR;3;2021-01-25;0;0;0;0;0;0;0;0;0;0;0;0;0;0;0;0;0;0
FR;3;2021-01-26;0;0;0;0;0;0;0;0;0;0;0;0;0;0;0;0;0;0
FR;3;2021-01-27;0;0;0;0;0;0;0;0;0;0;0;0;0;0;0;0;0;0
FR;3;2021-01-28;0;0;0;0;0;0;0;0;0;0;0;0;0;0;0;0;0;0
FR;3;2021-01-29;0;0;0;0;0;0;0;0;0;0;0;0;0;0;0;0;0;0
FR;3;2021-01-30;0;0;0;0;0;0;0;0;0;0;0;0;0;0;0;0;0;0
FR;3;2021-01-31;0;0;0;0;0;0;0;0;0;0;0;0;0;0;0;0;0;0
FR;3;2021-02-01;0;0;0;0;0;0;0;0;0;0;0;0;0;0;0;0;0;0
FR;3;2021-02-02;0;0;0;0;0;0;0;0;0;0;0;0;0;0;0;0;0;0
FR;3;2021-02-03;0;0;0;0;0;0;0;0;0;0;0;0;0;0;0;0;0;0
FR;3;2021-02-04;0;0;0;0;0;0;0;0;0;0;0;0;0;0;0;0;0;0
FR;3;2021-02-05;0;0;0;0;0;0;0;0;0;0;0;0;0;0;0;0;0;0
FR;3;2021-02-06;1480;0;0;0;106;0;0;0;0;1480;0;0;0;106;0;0;0;0
FR;3;2021-02-07;1423;2;0;0;87;0;0;0;0;2903;2;0;0;193;0;0;0;0
FR;3;2021-02-08;2789;1;0;0;177;0;0;0;0;5692;3;0;0;370;0;0;0;0
FR;3;2021-02-09;6786;0;0;0;502;0;0;0;0;12478;3;0;0;872;0;0;0;0
FR;3;2021-02-10;9611;0;0;0;695;0;0;0;0;22089;3;0;0;1567;0;0;0;0
FR;3;2021-02-11;13620;4;0;0;920;0;0;0;0;35709;7;0;0;2487;0;0;0;0
FR;3;2021-02-12;13410;0;0;0;907;0;0;0;0;49119;7;0;0;3394;0;0;0;0
FR;3;2021-02-13;3799;1;0;0;218;0;0;0;0;52918;8;0;0;3612;0;0;0;0
FR;3;2021-02-14;975;1;0;0;53;0;0;0;0;53893;9;0;0;3665;0;0;0;0
FR;3;2021-02-15;10497;2;0;0;719;0;0;0;0;64390;11;0;0;4384;0;0;0;0
FR;3;2021-02-16;12556;5;0;0;871;0;0;0;0;76946;16;0;0;5255;0;0;0;0
FR;3;2021-02-17;11159;1;0;0;716;0;0;0;0;88105;17;0;0;5971;0;0;0;0
FR;3;2021-02-18;14943;2;0;0;985;0;0;0;0;103048;19;0;0;6956;0;0;0;0
FR;3;2021-02-19;14364;1;0;0;846;0;0;0;0;117412;20;0;0;7802;0;0;0;0
FR;3;2021-02-20;3331;0;0;0;178;0;0;0;0;120743;20;0;0;7980;0;0;0;0
FR;3;2021-02-21;620;0;0;0;35;0;0;0;0;121363;20;0;0;8015;0;0;0;0
FR;3;2021-02-22;9171;1;0;0;654;0;0;0;0;130534;21;0;0;8669;0;0;0;0
FR;3;2021-02-23;11406;6;0;0;760;0;0;0;0;141940;27;0;0;9429;0;0;0;0
FR;3;2021-02-24;14305;1;0;0;829;0;0;0;0;156245;28;0;0;10258;0;0;0;0
FR;3;2021-02-25;44935;3;0;0;1814;0;0;0;0;201180;31;0;0;12072;0;0;0;0
FR;3;2021-02-26;61889;12;0;0;2201;0;0;0;0;263069;43;0;0;14273;0;0;0;0
FR;3;2021-02-27;34811;14;0;0;1028;0;0;0;0;297880;57;0;0;15301;0;0;0;0
FR;3;2021-02-28;2464;0;0;0;114;0;0;0;0;300344;57;0;0;15415;0;0;0;0
FR;3;2021-03-01;20520;21;0;0;1067;0;0;0;0;320864;78;0;0;16482;0;0;0;0
FR;3;2021-03-02;38878;25;0;0;1789;0;0;0;0;359742;103;0;0;18271;0;0;0;0
FR;3;2021-03-03;48749;19;0;0;2132;0;0;0;0;408491;122;0;0;20403;0;0;0;0
FR;3;2021-03-04;82228;25;0;0;3194;0;0;0;0;490719;147;0;0;23597;0;0;0;0
FR;3;2021-03-05;118137;41;0;0;4691;0;0;0;0;608856;188;0;0;28288;0;0;0;0
FR;3;2021-03-06;120726;65;1;0;3558;0;0;0;0;729582;253;1;0;31846;0;0;0;0
FR;3;2021-03-07;55186;23;0;0;1729;0;0;0;0;784768;276;1;0;33575;0;0;0;0
FR;3;2021-03-08;42814;29;0;0;2074;0;0;0;0;827582;305;1;0;35649;0;0;0;0
FR;3;2021-03-09;78978;51;0;0;3288;0;0;0;0;906560;356;1;0;38937;0;0;0;0
FR;3;2021-03-10;80984;65;0;0;3241;0;0;0;0;987544;421;1;0;42178;0;0;0;0
FR;3;2021-03-11;128447;65;0;0;4766;0;0;0;0;1115991;486;1;0;46944;0;0;0;0
FR;3;2021-03-12;182719;121;0;0;6278;0;0;0;0;1298710;607;1;0;53222;0;0;0;0
FR;3;2021-03-13;132162;89;0;0;3528;0;0;0;0;1430872;696;1;0;56750;0;0;0;0
FR;3;2021-03-14;14060;6;0;0;550;0;0;0;0;1444932;702;1;0;57300;0;0;0;0
FR;3;2021-03-15;52239;82;0;0;2097;0;0;0;0;1497171;784;1;0;59397;0;0;0;0
FR;3;2021-03-16;1221;50;0;0;104;0;0;0;0;1498392;834;1;0;59501;0;0;0;0
FR;3;2021-03-17;950;56;0;0;95;0;0;0;0;1499342;890;1;0;59596;0;0;0;0
FR;3;2021-03-18;1576;41;0;0;101;0;0;0;0;1500918;931;1;0;59697;0;0;0;0
FR;3;2021-03-19;70458;56;0;0;2060;0;0;0;0;1571376;987;1;0;61757;0;0;0;0
FR;3;2021-03-20;65241;51;0;0;1702;0;0;0;0;1636617;1038;1;0;63459;0;0;0;0
FR;3;2021-03-21;5761;8;0;0;199;0;0;0;0;1642378;1046;1;0;63658;0;0;0;0
FR;3;2021-03-22;37509;49;0;0;1052;0;0;0;0;1679887;1095;1;0;64710;0;0;0;0
FR;3;2021-03-23;84670;87;0;0;2288;0;0;0;0;1764557;1182;1;0;66998;0;0;0;0
FR;3;2021-03-24;90955;99;0;0;2491;0;0;0;0;1855512;1281;1;0;69489;0;0;0;0
FR;3;2021-03-25;150069;146;0;0;3789;0;0;0;0;2005581;1427;1;0;73278;0;0;0;0
FR;3;2021-03-26;165430;158;0;0;4149;0;0;0;0;2171011;1585;1;0;77427;0;0;0;0
FR;3;2021-03-27;68465;101;0;0;2004;0;0;0;0;2239476;1686;1;0;79431;0;0;0;0
FR;3;2021-03-28;6479;20;0;0;237;0;0;0;0;2245955;1706;1;0;79668;0;0;0;0
FR;3;2021-03-29;54169;82;0;0;1480;0;0;0;0;2300124;1788;1;0;81148;0;0;0;0
FR;3;2021-03-30;93184;104;0;0;2565;0;0;0;0;2393308;1892;1;0;83713;0;0;0;0
FR;3;2021-03-31;63545;110;0;0;1964;0;0;0;0;2456853;2002;1;0;85677;0;0;0;0
FR;3;2021-04-01;86134;115;0;0;2495;0;0;0;0;2542987;2117;1;0;88172;0;0;0;0
FR;3;2021-04-02;86914;187;0;0;2766;0;0;0;0;2629901;2304;1;0;90938;0;0;0;0
FR;3;2021-04-03;35875;132;0;0;1163;0;0;0;0;2665776;2436;1;0;92101;0;0;0;0
FR;3;2021-04-04;3577;19;0;0;164;0;0;0;0;2669353;2455;1;0;92265;0;0;0;0
FR;3;2021-04-05;4492;40;0;0;236;0;0;0;0;2673845;2495;1;0;92501;0;0;0;0
FR;3;2021-04-06;29761;104;0;0;1091;0;0;0;0;2703606;2599;1;0;93592;0;0;0;0
FR;3;2021-04-07;32349;113;0;0;1052;0;0;0;0;2735955;2712;1;0;94644;0;0;0;0
FR;3;2021-04-08;78827;272;0;0;2618;0;0;0;0;2814782;2984;1;0;97262;0;0;0;0
FR;3;2021-04-09;161761;452;0;0;5179;0;0;0;0;2976543;3436;1;0;102441;0;0;0;0
FR;3;2021-04-10;75764;363;0;0;2695;0;0;0;0;3052307;3799;1;0;105136;0;0;0;0
FR;3;2021-04-11;7315;47;0;0;306;0;0;0;0;3059622;3846;1;0;105442;0;0;0;0
FR;3;2021-04-12;51485;217;0;0;1737;0;0;0;0;3111107;4063;1;0;107179;0;0;0;0
FR;3;2021-04-13;86236;363;0;0;2910;0;0;0;0;3197343;4426;1;0;110089;0;0;0;0
FR;3;2021-04-14;67845;377;0;0;2429;0;0;0;0;3265188;4803;1;0;112518;0;0;0;0
FR;3;2021-04-15;93246;404;0;0;3442;0;0;0;0;3358434;5207;1;0;115960;0;0;0;0
FR;3;2021-04-16;112532;626;0;0;4341;0;0;0;0;3470966;5833;1;0;120301;0;0;0;0
FR;3;2021-04-17;53319;369;1;0;2276;0;0;0;0;3524285;6202;2;0;122577;0;0;0;0
FR;3;2021-04-18;9751;49;0;0;423;0;0;0;0;3534036;6251;2;0;123000;0;0;0;0
FR;3;2021-04-19;25117;286;0;0;1092;0;0;0;0;3559153;6537;2;0;124092;0;0;0;0
FR;3;2021-04-20;45676;435;0;0;1906;0;0;0;0;3604829;6972;2;0;125998;0;0;0;0
FR;3;2021-04-21;38986;550;0;0;1894;0;0;0;0;3643815;7522;2;0;127892;0;0;0;0
FR;3;2021-04-22;54722;873;0;0;2825;0;0;0;0;3698537;8395;2;0;130717;0;0;0;0
FR;3;2021-04-23;70494;1094;0;0;3695;0;0;0;0;3769031;9489;2;0;134412;0;0;0;0
FR;3;2021-04-24;37253;1098;0;0;2487;0;0;0;0;3806284;10587;2;0;136899;0;0;0;0
FR;3;2021-04-25;6213;158;0;0;446;0;0;0;0;3812497;10745;2;0;137345;0;0;0;0
FR;3;2021-04-26;19791;698;0;0;1433;0;0;0;0;3832288;11443;2;0;138778;0;0;0;0
FR;3;2021-04-27;34485;1332;0;0;2590;0;0;0;0;3866773;12775;2;0;141368;0;0;0;0
FR;3;2021-04-28;28972;2041;0;0;3158;0;0;0;0;3895745;14816;2;0;144526;0;0;0;0
FR;3;2021-04-29;45393;6124;0;0;7943;0;0;0;0;3941138;20940;2;0;152469;0;0;0;0
FR;3;2021-04-30;55465;9112;1;0;11507;0;0;0;0;3996603;30052;3;0;163976;0;0;0;0
FR;3;2021-05-01;9518;2061;0;0;2492;0;0;0;0;4006121;32113;3;0;166468;0;0;0;0
FR;3;2021-05-02;3081;467;0;0;612;0;0;0;0;4009202;32580;3;0;167080;0;0;0;0
FR;3;2021-05-03;13067;3936;0;0;4503;0;0;0;0;4022269;36516;3;0;171583;0;0;0;0
FR;3;2021-05-04;23122;8371;0;0;9437;0;0;0;0;4045391;44887;3;0;181020;0;0;0;0
FR;3;2021-05-05;18767;10826;0;0;11764;0;0;0;0;4064158;55713;3;0;192784;0;0;0;0
FR;3;2021-05-06;34632;21246;0;0;22796;0;0;0;0;4098790;76959;3;0;215580;0;0;0;0
FR;3;2021-05-07;44210;28894;0;0;31198;0;0;0;0;4143000;105853;3;0;246778;0;0;0;0
FR;3;2021-05-08;6785;9192;0;0;9558;0;0;0;0;4149785;115045;3;0;256336;0;0;0;0
FR;3;2021-05-09;1797;2665;0;0;2765;0;0;0;0;4151582;117710;3;0;259101;0;0;0;0
FR;3;2021-05-10;15001;12909;0;0;13602;0;0;0;0;4166583;130619;3;0;272703;0;0;0;0
FR;3;2021-05-11;27099;26267;0;0;27539;0;0;0;0;4193682;156886;3;0;300242;0;0;0;0
FR;3;2021-05-12;17273;28127;0;0;29064;0;0;0;0;4210955;185013;3;0;329306;0;0;0;0
FR;3;2021-05-13;2285;3515;0;0;3635;0;0;0;0;4213240;188528;3;0;332941;0;0;0;0
FR;3;2021-05-14;14521;26077;0;0;26858;0;0;0;0;4227761;214605;3;0;359799;0;0;0;0
FR;3;2021-05-15;7233;21078;0;0;21505;0;0;0;0;4234994;235683;3;0;381304;0;0;0;0
FR;3;2021-05-16;977;2647;0;0;2693;0;0;0;0;4235971;238330;3;0;383997;0;0;0;0
FR;3;2021-05-17;7966;20213;0;0;20657;0;0;0;0;4243937;258543;3;0;404654;0;0;0;0
FR;3;2021-05-18;13417;30153;0;0;30914;0;0;0;0;4257354;288696;3;0;435568;0;0;0;0
FR;3;2021-05-19;9277;30549;0;0;31141;0;0;0;0;4266631;319245;3;0;466709;0;0;0;0
FR;3;2021-05-20;12806;53821;3;0;54748;0;0;0;0;4279437;373066;6;0;521457;0;0;0;0
FR;3;2021-05-21;12770;66178;2;0;67109;0;0;0;0;4292207;439244;8;0;588566;0;0;0;0
FR;3;2021-05-22;4967;33769;1;0;34152;0;0;0;0;4297174;473013;9;0;622718;0;0;0;0
FR;3;2021-05-23;651;2665;0;0;2697;0;0;0;0;4297825;475678;9;0;625415;0;0;0;0
FR;3;2021-05-24;885;4784;0;0;4828;0;0;0;0;4298710;480462;9;0;630243;0;0;0;0
FR;3;2021-05-25;5312;46708;1;0;47111;0;0;0;0;4304022;527170;10;0;677354;0;0;0;0
FR;3;2021-05-26;4982;52176;1;0;52650;0;0;0;0;4309004;579346;11;0;730004;0;0;0;0
FR;3;2021-05-27;6336;79045;3;0;79654;0;0;0;0;4315340;658391;14;0;809658;0;0;0;0
FR;3;2021-05-28;7545;100314;2;0;101117;0;0;0;0;4322885;758705;16;0;910775;0;0;0;0
FR;3;2021-05-29;3349;61167;1;0;61548;0;0;0;0;4326234;819872;17;0;972323;0;0;0;0
FR;3;2021-05-30;551;8079;0;0;8128;0;0;0;0;4326785;827951;17;0;980451;0;0;0;0
FR;3;2021-05-31;2442;35481;3;0;35746;0;0;0;0;4329227;863432;20;0;1016197;0;0;0;0
FR;3;2021-06-01;3414;64895;10;0;65346;0;0;0;0;4332641;928327;30;0;1081543;0;0;0;0
FR;3;2021-06-02;2735;58929;6;0;59264;0;0;0;0;4335376;987256;36;0;1140807;0;0;0;0
FR;3;2021-06-03;3496;87198;10;0;87735;0;0;0;0;4338872;1074454;46;0;1228542;0;0;0;0
FR;3;2021-06-04;4125;105853;22;0;106515;0;0;0;0;4342997;1180307;68;0;1335057;0;0;0;0
FR;3;2021-06-05;1983;52599;4;0;52916;0;0;0;0;4344980;1232906;72;0;1387973;0;0;0;0
FR;3;2021-06-06;511;5271;1;0;5318;0;0;0;0;4345491;1238177;73;0;1393291;0;0;0;0
FR;3;2021-06-07;1487;30711;11;0;30892;0;0;0;0;4346978;1268888;84;0;1424183;0;0;0;0
FR;3;2021-06-08;2065;47426;18;0;47772;0;0;0;0;4349043;1316314;102;0;1471955;0;0;0;0
FR;3;2021-06-09;1795;41816;13;0;42121;0;0;0;0;4350838;1358130;115;0;1514076;0;0;0;0
FR;3;2021-06-10;2258;67666;17;0;68062;0;0;0;0;4353096;1425796;132;0;1582138;0;0;0;0
FR;3;2021-06-11;2491;96634;34;0;97107;0;0;0;0;4355587;1522430;166;0;1679245;0;0;0;0
FR;3;2021-06-12;1178;40561;6;0;40793;0;0;0;0;4356765;1562991;172;0;1720038;0;0;0;0
FR;3;2021-06-13;283;3609;3;0;3644;0;0;0;0;4357048;1566600;175;0;1723682;0;0;0;0
FR;3;2021-06-14;1051;42325;17;0;42494;0;0;0;0;4358099;1608925;192;0;1766176;0;0;0;0
FR;3;2021-06-15;1379;80358;20;0;80663;0;0;0;0;4359478;1689283;212;0;1846839;0;0;0;0
FR;3;2021-06-16;1263;65494;20;0;65767;0;0;0;0;4360741;1754777;232;0;1912606;0;0;0;0
FR;3;2021-06-17;1667;102292;41;0;102677;0;0;0;0;4362408;1857069;273;0;2015283;0;0;0;0
FR;3;2021-06-18;1872;118459;63;0;118927;0;0;0;0;4364280;1975528;336;0;2134210;0;0;0;0
FR;3;2021-06-19;804;39461;22;0;39656;0;0;0;0;4365084;2014989;358;0;2173866;0;0;0;0
FR;3;2021-06-20;162;3197;0;0;3226;0;0;0;0;4365246;2018186;358;0;2177092;0;0;0;0
FR;3;2021-06-21;774;39091;16;0;39249;0;0;0;0;4366020;2057277;374;0;2216341;0;0;0;0
FR;3;2021-06-22;1065;70078;52;0;70348;0;0;0;0;4367085;2127355;426;0;2286689;0;0;0;0
FR;3;2021-06-23;946;50832;39;0;51104;0;0;0;0;4368031;2178187;465;0;2337793;0;0;0;0
FR;3;2021-06-24;1314;77287;48;0;77660;0;0;0;0;4369345;2255474;513;0;2415453;0;0;0;0
FR;3;2021-06-25;1410;90834;73;0;91268;0;0;0;0;4370755;2346308;586;0;2506721;0;0;0;0
FR;3;2021-06-26;631;33113;29;0;33305;0;0;0;0;4371386;2379421;615;0;2540026;0;0;0;0
FR;3;2021-06-27;167;3780;1;0;3804;0;0;0;0;4371553;2383201;616;0;2543830;0;0;0;0
FR;3;2021-06-28;655;29953;27;0;30147;0;0;0;0;4372208;2413154;643;0;2573977;0;0;0;0
FR;3;2021-06-29;856;56655;95;0;56900;0;0;0;0;4373064;2469809;738;0;2630877;0;0;0;0
FR;3;2021-06-30;905;45201;93;0;45469;0;0;0;0;4373969;2515010;831;0;2676346;0;0;0;0
FR;3;2021-07-01;1164;66125;108;0;66474;0;0;0;0;4375133;2581135;939;0;2742820;0;0;0;0
FR;3;2021-07-02;1305;90526;170;0;91007;0;0;0;0;4376438;2671661;1109;0;2833827;0;0;0;0
FR;3;2021-07-03;602;31184;51;0;31385;0;0;0;0;4377040;2702845;1160;0;2865212;0;0;0;0
FR;3;2021-07-04;144;3972;3;0;4002;0;0;0;0;4377184;2706817;1163;0;2869214;0;0;0;0
FR;3;2021-07-05;613;33606;60;0;33805;0;0;0;0;4377797;2740423;1223;0;2903019;0;0;0;0
FR;3;2021-07-06;965;55925;88;0;56237;0;0;0;0;4378762;2796348;1311;0;2959256;0;0;0;0
FR;3;2021-07-07;873;42966;80;0;43263;0;0;0;0;4379635;2839314;1391;0;3002519;0;0;0;0
FR;3;2021-07-08;1127;60818;99;0;61227;0;0;0;0;4380762;2900132;1490;0;3063746;0;0;0;0
FR;3;2021-07-09;1261;68934;128;0;69399;0;0;0;0;4382023;2969066;1618;0;3133145;0;0;0;0
FR;3;2021-07-10;644;25021;59;0;25218;0;0;0;0;4382667;2994087;1677;0;3158363;0;0;0;0
FR;3;2021-07-11;132;3172;4;0;3197;0;0;0;0;4382799;2997259;1681;0;3161560;0;0;0;0
FR;3;2021-07-12;662;23613;59;0;23826;0;0;0;0;4383461;3020872;1740;0;3185386;0;0;0;0
FR;3;2021-07-13;1648;34434;90;0;34924;0;0;0;0;4385109;3055306;1830;0;3220310;0;0;0;0
FR;3;2021-07-14;272;2473;2;0;2530;0;0;0;0;4385381;3057779;1832;0;3222840;0;0;0;0
FR;3;2021-07-15;1941;30419;85;0;30994;0;0;0;0;4387322;3088198;1917;0;3253834;0;0;0;0
FR;3;2021-07-16;2520;38623;122;0;39356;0;0;0;0;4389842;3126821;2039;0;3293190;0;0;0;0
FR;3;2021-07-17;1051;13725;26;0;14033;0;0;0;0;4390893;3140546;2065;0;3307223;0;0;0;0
FR;3;2021-07-18;266;2553;3;0;2601;0;0;0;0;4391159;3143099;2068;0;3309824;0;0;0;0
FR;3;2021-07-19;1280;16895;38;0;17263;0;0;0;0;4392439;3159994;2106;0;3327087;0;0;0;0
FR;3;2021-07-20;1823;26929;98;0;27471;0;0;0;0;4394262;3186923;2204;0;3354558;0;0;0;0
FR;3;2021-07-21;1652;19483;44;0;19988;0;0;0;0;4395914;3206406;2248;0;3374546;0;0;0;0
FR;3;2021-07-22;1856;27647;83;0;28212;0;0;0;0;4397770;3234053;2331;0;3402758;0;0;0;0
FR;3;2021-07-23;2217;30217;117;0;30954;0;0;0;0;4399987;3264270;2448;0;3433712;0;0;0;0
FR;3;2021-07-24;828;6931;25;0;7155;0;0;0;0;4400815;3271201;2473;0;3440867;0;0;0;0
FR;3;2021-07-25;210;1288;1;0;1343;0;0;0;0;4401025;3272489;2474;0;3442210;0;0;0;0
FR;3;2021-07-26;933;10509;28;0;10816;0;0;0;0;4401958;3282998;2502;0;3453026;0;0;0;0
FR;3;2021-07-27;1171;16798;56;0;17162;0;0;0;0;4403129;3299796;2558;0;3470188;0;0;0;0
FR;3;2021-07-28;989;12001;40;0;12313;0;0;0;0;4404118;3311797;2598;0;3482501;0;0;0;0
FR;3;2021-07-29;1127;15688;63;0;16101;0;0;0;0;4405245;3327485;2661;0;3498602;0;0;0;0
FR;3;2021-07-30;1129;17992;79;0;18366;0;0;0;0;4406374;3345477;2740;0;3516968;0;0;0;0
FR;3;2021-07-31;407;3708;15;0;3834;0;0;0;0;4406781;3349185;2755;0;3520802;0;0;0;0
FR;3;2021-08-01;117;446;1;0;468;0;0;0;0;4406898;3349631;2756;0;3521270;0;0;0;0
FR;3;2021-08-02;424;5021;22;0;5142;0;0;0;0;4407322;3354652;2778;0;3526412;0;0;0;0
FR;3;2021-08-03;498;7468;27;0;7602;0;0;0;0;4407820;3362120;2805;0;3534014;0;0;0;0
FR;3;2021-08-04;440;4834;26;0;4979;0;0;0;0;4408260;3366954;2831;0;3538993;0;0;0;0
FR;3;2021-08-05;433;3652;13;0;3762;0;0;0;0;4408693;3370606;2844;0;3542755;0;0;0;0
FR;3;2021-08-06;456;4698;30;0;4799;0;0;0;0;4409149;3375304;2874;0;3547554;0;0;0;0
FR;3;2021-08-07;214;1900;11;0;1946;0;0;0;0;4409363;3377204;2885;0;3549500;0;0;0;0
FR;3;2021-08-08;250;423;2;0;456;0;0;0;0;4409613;3377627;2887;0;3549956;0;0;0;0
FR;3;2021-08-09;320;2374;11;0;2444;0;0;0;0;4409933;3380001;2898;0;3552400;0;0;0;0
FR;3;2021-08-10;369;3741;15;0;3830;0;0;0;0;4410302;3383742;2913;0;3556230;0;0;0;0
FR;3;2021-08-11;291;2639;15;0;2699;0;0;0;0;4410593;3386381;2928;0;3558929;0;0;0;0
FR;3;2021-08-12;279;2565;13;0;2653;0;0;0;0;4410872;3388946;2941;0;3561582;0;0;0;0
FR;3;2021-08-13;278;2253;16;0;2338;0;0;0;0;4411150;3391199;2957;0;3563920;0;0;0;0
FR;3;2021-08-14;172;875;1;0;906;0;0;0;0;4411322;3392074;2958;0;3564826;0;0;0;0
FR;3;2021-08-15;56;173;0;0;182;0;0;0;0;4411378;3392247;2958;0;3565008;0;0;0;0
FR;3;2021-08-16;126;1008;8;0;1047;0;0;0;0;4411504;3393255;2966;0;3566055;0;0;0;0
FR;3;2021-08-17;191;1430;8;0;1471;0;0;0;0;4411695;3394685;2974;0;3567526;0;0;0;0
FR;3;2021-08-18;204;1310;10;0;1352;0;0;0;0;4411899;3395995;2984;0;3568878;0;0;0;0
FR;3;2021-08-19;165;1373;10;0;1420;0;0;0;0;4412064;3397368;2994;0;3570298;0;0;0;0
FR;3;2021-08-20;167;1594;16;0;1656;0;0;0;0;4412231;3398962;3010;0;3571954;0;0;0;0
FR;3;2021-08-21;93;579;2;0;594;0;0;0;0;4412324;3399541;3012;0;3572548;0;0;0;0
FR;3;2021-08-22;42;192;1;0;195;0;0;0;0;4412366;3399733;3013;0;3572743;0;0;0;0
FR;3;2021-08-23;141;880;7;0;925;0;0;0;0;4412507;3400613;3020;0;3573668;0;0;0;0
FR;3;2021-08-24;125;924;10;0;956;0;0;0;0;4412632;3401537;3030;0;3574624;0;0;0;0
FR;3;2021-08-25;137;820;3;0;849;0;0;0;0;4412769;3402357;3033;0;3575473;0;0;0;0
FR;3;2021-08-26;172;826;9;0;874;0;0;0;0;4412941;3403183;3042;0;3576347;0;0;0;0
FR;3;2021-08-27;178;937;9;0;989;0;0;0;0;4413119;3404120;3051;0;3577336;0;0;0;0
FR;3;2021-08-28;101;373;4;0;390;0;0;0;0;4413220;3404493;3055;0;3577726;0;0;0;0
FR;3;2021-08-29;128;129;1;0;162;0;0;0;0;4413348;3404622;3056;0;3577888;0;0;0;0
FR;3;2021-08-30;100;563;0;0;471;109;0;0;0;4413448;3405185;3056;0;3578359;109;0;0;0
FR;3;2021-08-31;134;684;7;0;588;135;0;0;0;4413582;3405869;3063;0;3578947;244;0;0;0
FR;3;2021-09-01;122;456;5;0;378;106;0;0;0;4413704;3406325;3068;0;3579325;350;0;0;0
FR;3;2021-09-02;100;595;22;0;531;105;0;0;0;4413804;3406920;3090;0;3579856;455;0;0;0
FR;3;2021-09-03;116;554;17;0;477;118;0;0;0;4413920;3407474;3107;0;3580333;573;0;0;0
FR;3;2021-09-04;55;293;3;0;254;50;0;0;0;4413975;3407767;3110;0;3580587;623;0;0;0
FR;3;2021-09-05;52;67;5;0;55;27;0;0;0;4414027;3407834;3115;0;3580642;650;0;0;0
FR;3;2021-09-06;118;366;4;0;260;130;0;0;0;4414145;3408200;3119;0;3580902;780;0;0;0
FR;3;2021-09-07;124;431;14;0;347;116;0;0;0;4414269;3408631;3133;0;3581249;896;0;0;0
FR;3;2021-09-08;122;342;2;0;272;87;0;0;0;4414391;3408973;3135;0;3581521;983;0;0;0
FR;3;2021-09-09;94;378;8;0;297;104;0;0;0;4414485;3409351;3143;0;3581818;1087;0;0;0
FR;3;2021-09-10;101;401;3;0;331;93;0;0;0;4414586;3409752;3146;0;3582149;1180;0;0;0
FR;3;2021-09-11;78;232;4;0;177;65;0;0;0;4414664;3409984;3150;0;3582326;1245;0;0;0
FR;3;2021-09-12;37;48;1;0;37;16;0;0;0;4414701;3410032;3151;0;3582363;1261;0;0;0
FR;3;2021-09-13;78;298;7;0;215;102;1;0;0;4414779;3410330;3158;0;3582578;1363;1;0;0
FR;3;2021-09-14;75;274;6;0;194;94;0;0;0;4414854;3410604;3164;0;3582772;1457;1;0;0
FR;3;2021-09-15;63;252;3;0;257;6;0;0;0;4414917;3410856;3167;0;3583029;1463;1;0;0
FR;3;2021-09-16;65;319;6;0;330;6;0;0;0;4414982;3411175;3173;0;3583359;1469;1;0;0
FR;3;2021-09-17;52;327;3;0;339;6;0;0;0;4415034;3411502;3176;0;3583698;1475;1;0;0
FR;3;2021-09-18;37;171;1;0;175;1;0;0;0;4415071;3411673;3177;0;3583873;1476;1;0;0
FR;3;2021-09-19;29;31;2;0;34;1;0;0;0;4415100;3411704;3179;0;3583907;1477;1;0;0
FR;3;2021-09-20;82;190;0;0;198;1;0;0;0;4415182;3411894;3179;0;3584105;1478;1;0;0
FR;3;2021-09-21;60;272;7;0;276;8;0;0;0;4415242;3412166;3186;0;3584381;1486;1;0;0
FR;3;2021-09-22;67;229;6;0;242;7;0;0;0;4415309;3412395;3192;0;3584623;1493;1;0;0
FR;3;2021-09-23;37;257;11;0;261;7;0;0;0;4415346;3412652;3203;0;3584884;1500;1;0;0
FR;3;2021-09-24;29;317;12;0;315;18;0;0;0;4415375;3412969;3215;0;3585199;1518;1;0;0
FR;3;2021-09-25;31;144;3;0;150;3;0;0;0;4415406;3413113;3218;0;3585349;1521;1;0;0
FR;3;2021-09-26;16;57;1;0;59;1;0;0;0;4415422;3413170;3219;0;3585408;1522;1;0;0
FR;3;2021-09-27;48;281;3;0;284;5;0;0;0;4415470;3413451;3222;0;3585692;1527;1;0;0
FR;3;2021-09-28;49;246;6;0;254;8;0;0;0;4415519;3413697;3228;0;3585946;1535;1;0;0
FR;3;2021-09-29;40;218;10;0;222;15;0;0;0;4415559;3413915;3238;0;3586168;1550;1;0;0
FR;3;2021-09-30;40;200;8;0;204;11;0;0;0;4415599;3414115;3246;0;3586372;1561;1;0;0
FR;3;2021-10-01;23;159;6;0;161;8;0;0;0;4415622;3414274;3252;0;3586533;1569;1;0;0
FR;3;2021-10-02;17;88;0;0;89;0;0;0;0;4415639;3414362;3252;0;3586622;1569;1;0;0
FR;3;2021-10-03;19;19;1;0;19;2;0;0;0;4415658;3414381;3253;0;3586641;1571;1;0;0
FR;3;2021-10-04;33;156;4;0;161;4;0;0;0;4415691;3414537;3257;0;3586802;1575;1;0;0
FR;3;2021-10-05;17;148;10;0;153;12;0;0;0;4415708;3414685;3267;0;3586955;1587;1;0;0
FR;3;2021-10-06;33;144;9;0;152;10;0;0;0;4415741;3414829;3276;0;3587107;1597;1;0;0
FR;3;2021-10-07;20;133;6;0;131;6;0;0;0;4415761;3414962;3282;0;3587238;1603;1;0;0
FR;3;2021-10-08;25;136;10;0;141;9;0;0;0;4415786;3415098;3292;0;3587379;1612;1;0;0
FR;3;2021-10-09;17;72;1;0;73;1;0;0;0;4415803;3415170;3293;0;3587452;1613;1;0;0
FR;3;2021-10-10;13;17;2;0;16;3;0;0;0;4415816;3415187;3295;0;3587468;1616;1;0;0
FR;3;2021-10-11;17;116;4;0;121;5;0;0;0;4415833;3415303;3299;0;3587589;1621;1;0;0
FR;3;2021-10-12;22;99;6;0;99;6;0;0;0;4415855;3415402;3305;0;3587688;1627;1;0;0
FR;3;2021-10-13;25;114;9;0;121;7;0;0;0;4415880;3415516;3314;0;3587809;1634;1;0;0
FR;3;2021-10-14;19;138;3;0;139;4;0;0;0;4415899;3415654;3317;0;3587948;1638;1;0;0
FR;3;2021-10-15;23;141;8;0;140;13;0;0;0;4415922;3415795;3325;0;3588088;1651;1;0;0
FR;3;2021-10-16;13;66;6;0;65;8;0;0;0;4415935;3415861;3331;0;3588153;1659;1;0;0
FR;3;2021-10-17;12;24;0;0;26;0;0;0;0;4415947;3415885;3331;0;3588179;1659;1;0;0
FR;3;2021-10-18;18;112;2;0;117;2;0;0;0;4415965;3415997;3333;0;3588296;1661;1;0;0
FR;3;2021-10-19;18;111;19;0;112;21;0;0;0;4415983;3416108;3352;0;3588408;1682;1;0;0
FR;3;2021-10-20;26;126;6;0;128;7;0;0;0;4416009;3416234;3358;0;3588536;1689;1;0;0
FR;3;2021-10-21;28;120;17;0;120;13;0;0;0;4416037;3416354;3375;0;3588656;1702;1;0;0
FR;3;2021-10-22;24;103;18;0;102;21;0;0;0;4416061;3416457;3393;0;3588758;1723;1;0;0
FR;3;2021-10-23;17;53;3;0;53;2;0;0;0;4416078;3416510;3396;0;3588811;1725;1;0;0
FR;3;2021-10-24;7;36;0;0;34;0;0;0;0;4416085;3416546;3396;0;3588845;1725;1;0;0
FR;3;2021-10-25;26;141;7;0;145;7;0;0;0;4416111;3416687;3403;0;3588990;1732;1;0;0
FR;3;2021-10-26;25;96;22;0;93;19;0;0;0;4416136;3416783;3425;0;3589083;1751;1;0;0
FR;3;2021-10-27;19;91;9;0;93;9;0;0;0;4416155;3416874;3434;0;3589176;1760;1;0;0
FR;3;2021-10-28;23;114;33;0;111;36;0;0;0;4416178;3416988;3467;0;3589287;1796;1;0;0
FR;3;2021-10-29;12;98;64;0;92;54;0;0;0;4416190;3417086;3531;0;3589379;1850;1;0;0
FR;3;2021-10-30;11;62;11;1;62;10;0;0;0;4416201;3417148;3542;1;3589441;1860;1;0;0
FR;3;2021-10-31;8;25;1;0;25;1;0;0;0;4416209;3417173;3543;1;3589466;1861;1;0;0
FR;3;2021-11-01;11;22;2;0;23;1;0;0;0;4416220;3417195;3545;1;3589489;1862;1;0;0
FR;3;2021-11-02;11;100;10;0;100;12;0;0;0;4416231;3417295;3555;1;3589589;1874;1;0;0
FR;3;2021-11-03;21;105;10;0;113;10;0;0;0;4416252;3417400;3565;1;3589702;1884;1;0;0
FR;3;2021-11-04;20;88;6;0;93;5;0;0;0;4416272;3417488;3571;1;3589795;1889;1;0;0
FR;3;2021-11-05;19;119;9;1;125;6;1;0;0;4416291;3417607;3580;2;3589920;1895;2;0;0
FR;3;2021-11-06;11;54;3;0;56;3;0;0;0;4416302;3417661;3583;2;3589976;1898;2;0;0
FR;3;2021-11-07;6;23;1;0;24;1;0;0;0;4416308;3417684;3584;2;3590000;1899;2;0;0
FR;3;2021-11-08;11;125;7;0;130;5;0;0;0;4416319;3417809;3591;2;3590130;1904;2;0;0
FR;3;2021-11-09;15;123;6;0;125;6;0;0;0;4416334;3417932;3597;2;3590255;1910;2;0;0
FR;3;2021-11-10;14;132;15;0;130;16;0;0;0;4416348;3418064;3612;2;3590385;1926;2;0;0
FR;3;2021-11-11;12;49;3;0;51;3;0;0;0;4416360;3418113;3615;2;3590436;1929;2;0;0
FR;3;2021-11-12;15;126;6;0;129;4;0;0;0;4416375;3418239;3621;2;3590565;1933;2;0;0
FR;3;2021-11-13;7;66;9;0;61;10;0;0;0;4416382;3418305;3630;2;3590626;1943;2;0;0
FR;3;2021-11-14;3;24;1;0;24;1;0;0;0;4416385;3418329;3631;2;3590650;1944;2;0;0
FR;3;2021-11-15;6;162;11;0;159;12;0;0;0;4416391;3418491;3642;2;3590809;1956;2;0;0
FR;3;2021-11-16;9;124;11;0;119;10;0;0;0;4416400;3418615;3653;2;3590928;1966;2;0;0
FR;3;2021-11-17;8;133;11;0;134;8;0;0;0;4416408;3418748;3664;2;3591062;1974;2;0;0
FR;3;2021-11-18;16;133;10;0;134;11;0;0;0;4416424;3418881;3674;2;3591196;1985;2;0;0
FR;3;2021-11-19;12;178;23;0;173;28;0;0;0;4416436;3419059;3697;2;3591369;2013;2;0;0
FR;3;2021-11-20;6;100;6;0;101;6;0;0;0;4416442;3419159;3703;2;3591470;2019;2;0;0
FR;3;2021-11-21;3;25;4;0;24;4;0;0;0;4416445;3419184;3707;2;3591494;2023;2;0;0
FR;3;2021-11-22;11;184;11;0;184;11;0;0;0;4416456;3419368;3718;2;3591678;2034;2;0;0
FR;3;2021-11-23;9;181;16;0;179;15;0;0;0;4416465;3419549;3734;2;3591857;2049;2;0;0
FR;3;2021-11-24;11;181;9;0;173;17;0;0;0;4416476;3419730;3743;2;3592030;2066;2;0;0
FR;3;2021-11-25;12;199;11;0;197;11;0;0;0;4416488;3419929;3754;2;3592227;2077;2;0;0
FR;3;2021-11-26;10;252;35;0;251;33;1;0;0;4416498;3420181;3789;2;3592478;2110;3;0;0
FR;3;2021-11-27;8;125;20;0;124;21;0;0;0;4416506;3420306;3809;2;3592602;2131;3;0;0
FR;3;2021-11-28;3;56;7;0;57;7;0;0;0;4416509;3420362;3816;2;3592659;2138;3;0;0
FR;3;2021-11-29;5;216;22;0;211;23;1;0;0;4416514;3420578;3838;2;3592870;2161;4;0;0
FR;3;2021-11-30;9;285;30;0;284;33;0;0;0;4416523;3420863;3868;2;3593154;2194;4;0;0
FR;3;2021-12-01;30;317;38;0;315;40;2;0;0;4416553;3421180;3906;2;3593469;2234;6;0;0
FR;3;2021-12-02;9;341;33;0;337;36;0;0;0;4416562;3421521;3939;2;3593806;2270;6;0;0
FR;3;2021-12-03;6;368;37;0;364;38;0;0;0;4416568;3421889;3976;2;3594170;2308;6;0;0
FR;3;2021-12-04;3;205;26;0;201;28;0;0;0;4416571;3422094;4002;2;3594371;2336;6;0;0
FR;3;2021-12-05;1;61;5;0;61;5;0;0;0;4416572;3422155;4007;2;3594432;2341;6;0;0
FR;3;2021-12-06;7;356;14;0;355;15;0;0;0;4416579;3422511;4021;2;3594787;2356;6;0;0
FR;3;2021-12-07;6;414;20;0;408;24;1;0;0;4416585;3422925;4041;2;3595195;2380;7;0;0
FR;3;2021-12-08;8;382;29;0;374;30;1;0;0;4416593;3423307;4070;2;3595569;2410;8;0;0
FR;3;2021-12-09;3;427;17;0;414;22;1;0;0;4416596;3423734;4087;2;3595983;2432;9;0;0
FR;3;2021-12-10;10;444;29;0;441;25;0;0;0;4416606;3424178;4116;2;3596424;2457;9;0;0
FR;3;2021-12-11;4;300;10;0;297;9;2;0;0;4416610;3424478;4126;2;3596721;2466;11;0;0
FR;3;2021-12-12;1;96;3;0;96;3;0;0;0;4416611;3424574;4129;2;3596817;2469;11;0;0
FR;3;2021-12-13;2;437;19;0;431;21;0;0;0;4416613;3425011;4148;2;3597248;2490;11;0;0
FR;3;2021-12-14;8;552;18;0;540;21;1;0;0;4416621;3425563;4166;2;3597788;2511;12;0;0
FR;3;2021-12-15;10;525;17;0;512;21;0;0;0;4416631;3426088;4183;2;3598300;2532;12;0;0
FR;3;2021-12-16;10;532;19;0;526;18;3;0;0;4416641;3426620;4202;2;3598826;2550;15;0;0
FR;3;2021-12-17;5;596;18;0;592;19;0;0;0;4416646;3427216;4220;2;3599418;2569;15;0;0
FR;3;2021-12-18;5;347;4;0;341;5;1;0;0;4416651;3427563;4224;2;3599759;2574;16;0;0
FR;3;2021-12-19;3;176;2;0;174;2;0;0;0;4416654;3427739;4226;2;3599933;2576;16;0;0
FR;3;2021-12-20;10;567;23;0;561;28;0;0;0;4416664;3428306;4249;2;3600494;2604;16;0;0
FR;3;2021-12-21;5;665;10;0;657;13;2;0;0;4416669;3428971;4259;2;3601151;2617;18;0;0
FR;3;2021-12-22;10;617;9;0;611;10;1;0;0;4416679;3429588;4268;2;3601762;2627;19;0;0
FR;3;2021-12-23;4;543;8;0;541;8;0;0;0;4416683;3430131;4276;2;3602303;2635;19;0;0
FR;3;2021-12-24;2;233;3;0;228;6;0;0;0;4416685;3430364;4279;2;3602531;2641;19;0;0
FR;3;2021-12-25;0;24;0;0;24;0;0;0;0;4416685;3430388;4279;2;3602555;2641;19;0;0
FR;3;2021-12-26;0;87;1;0;87;1;0;0;0;4416685;3430475;4280;2;3602642;2642;19;0;0
FR;3;2021-12-27;7;460;17;0;457;20;1;0;0;4416692;3430935;4297;2;3603099;2662;20;0;0
FR;3;2021-12-28;3;578;6;0;577;5;0;0;0;4416695;3431513;4303;2;3603676;2667;20;0;0
FR;3;2021-12-29;5;492;14;0;487;16;0;0;0;4416700;3432005;4317;2;3604163;2683;20;0;0
FR;3;2021-12-30;3;520;7;0;513;10;2;0;0;4416703;3432525;4324;2;3604676;2693;22;0;0
FR;3;2021-12-31;0;182;5;0;178;7;0;0;0;4416703;3432707;4329;2;3604854;2700;22;0;0
FR;3;2022-01-01;0;26;0;0;24;2;0;0;0;4416703;3432733;4329;2;3604878;2702;22;0;0
FR;3;2022-01-02;0;77;0;0;77;0;0;0;0;4416703;3432810;4329;2;3604955;2702;22;0;0
FR;3;2022-01-03;5;490;17;0;480;21;3;0;0;4416708;3433300;4346;2;3605435;2723;25;0;0
FR;3;2022-01-04;7;543;9;0;542;8;0;0;0;4416715;3433843;4355;2;3605977;2731;25;0;0
FR;3;2022-01-05;5;493;10;0;485;14;1;0;0;4416720;3434336;4365;2;3606462;2745;26;0;0
FR;3;2022-01-06;6;465;9;0;460;10;1;0;0;4416726;3434801;4374;2;3606922;2755;27;0;0
FR;3;2022-01-07;2;490;11;0;484;13;1;0;1;4416728;3435291;4385;2;3607406;2768;28;0;1
FR;3;2022-01-08;6;252;4;0;249;5;0;0;0;4416734;3435543;4389;2;3607655;2773;28;0;1
FR;3;2022-01-09;0;116;0;0;116;0;0;0;0;4416734;3435659;4389;2;3607771;2773;28;0;1
FR;3;2022-01-10;2;423;12;0;421;12;0;0;0;4416736;3436082;4401;2;3608192;2785;28;0;1
FR;3;2022-01-11;3;459;1;0;458;1;0;0;0;4416739;3436541;4402;2;3608650;2786;28;0;1
FR;3;2022-01-12;4;395;9;0;392;10;2;0;0;4416743;3436936;4411;2;3609042;2796;30;0;1
FR;3;2022-01-13;3;386;11;0;384;12;1;0;0;4416746;3437322;4422;2;3609426;2808;31;0;1
FR;3;2022-01-14;4;422;10;0;416;13;1;0;0;4416750;3437744;4432;2;3609842;2821;32;0;1
FR;3;2022-01-15;0;278;2;0;274;3;0;0;0;4416750;3438022;4434;2;3610116;2824;32;0;1
FR;3;2022-01-16;1;108;1;0;106;1;1;0;0;4416751;3438130;4435;2;3610222;2825;33;0;1
FR;3;2022-01-17;2;321;8;0;318;9;1;0;0;4416753;3438451;4443;2;3610540;2834;34;0;1
FR;3;2022-01-18;2;361;1;0;357;2;1;0;0;4416755;3438812;4444;2;3610897;2836;35;0;1
FR;3;2022-01-19;2;322;5;0;316;10;0;0;0;4416757;3439134;4449;2;3611213;2846;35;0;1
FR;3;2022-01-20;1;351;5;0;350;3;2;0;0;4416758;3439485;4454;2;3611563;2849;37;0;1
FR;3;2022-01-21;4;340;5;0;334;7;2;0;0;4416762;3439825;4459;2;3611897;2856;39;0;1
FR;3;2022-01-22;2;220;1;0;216;2;3;0;0;4416764;3440045;4460;2;3612113;2858;42;0;1
FR;3;2022-01-23;0;78;0;0;76;1;1;0;0;4416764;3440123;4460;2;3612189;2859;43;0;1
FR;3;2022-01-24;2;318;1;0;310;6;2;0;0;4416766;3440441;4461;2;3612499;2865;45;0;1
FR;3;2022-01-25;0;172;0;0;169;0;1;0;0;4416766;3440613;4461;2;3612668;2865;46;0;1
FR;3;2022-01-26;0;77;0;0;77;0;0;0;0;4416766;3440690;4461;2;3612745;2865;46;0;1
FR;3;2022-01-27;0;52;0;0;52;0;0;0;0;4416766;3440742;4461;2;3612797;2865;46;0;1
FR;3;2022-01-28;0;116;0;0;115;0;0;0;0;4416766;3440858;4461;2;3612912;2865;46;0;1
FR;3;2022-01-29;0;97;0;0;97;0;0;0;0;4416766;3440955;4461;2;3613009;2865;46;0;1
FR;3;2022-01-30;0;50;0;0;50;0;0;0;0;4416766;3441005;4461;2;3613059;2865;46;0;1
FR;3;2022-01-31;0;91;0;0;91;0;0;0;0;4416766;3441096;4461;2;3613150;2865;46;0;1
FR;3;2022-02-01;0;98;0;0;96;1;0;0;0;4416766;3441194;4461;2;3613246;2866;46;0;1
FR;3;2022-02-02;0;85;0;0;83;0;0;0;0;4416766;3441279;4461;2;3613329;2866;46;0;1
FR;3;2022-02-03;0;91;0;0;89;0;0;0;0;4416766;3441370;4461;2;3613418;2866;46;0;1
FR;3;2022-02-04;0;113;0;0;110;0;1;0;0;4416766;3441483;4461;2;3613528;2866;47;0;1
FR;3;2022-02-05;0;70;0;0;70;0;0;0;0;4416766;3441553;4461;2;3613598;2866;47;0;1
FR;3;2022-02-06;0;10;0;0;10;0;0;0;0;4416766;3441563;4461;2;3613608;2866;47;0;1
FR;3;2022-02-07;0;76;0;0;76;0;0;0;0;4416766;3441639;4461;2;3613684;2866;47;0;1
FR;3;2022-02-08;0;0;0;0;0;0;0;0;0;4416766;3441639;4461;2;3613684;2866;47;0;1
FR;3;2022-02-09;0;0;0;0;0;0;0;0;0;4416766;3441639;4461;2;3613684;2866;47;0;1
FR;3;2022-02-10;0;0;0;0;0;0;0;0;0;4416766;3441639;4461;2;3613684;2866;47;0;1
FR;3;2022-02-11;0;0;0;0;0;0;0;0;0;4416766;3441639;4461;2;3613684;2866;47;0;1
FR;3;2022-02-12;0;0;0;0;0;0;0;0;0;4416766;3441639;4461;2;3613684;2866;47;0;1
FR;3;2022-02-13;0;0;0;0;0;0;0;0;0;4416766;3441639;4461;2;3613684;2866;47;0;1
FR;3;2022-02-14;0;0;0;0;0;0;0;0;0;4416766;3441639;4461;2;3613684;2866;47;0;1
FR;3;2022-02-15;0;0;0;0;0;0;0;0;0;4416766;3441639;4461;2;3613684;2866;47;0;1
FR;3;2022-02-16;0;0;0;0;0;0;0;0;0;4416766;3441639;4461;2;3613684;2866;47;0;1
FR;3;2022-02-17;0;0;0;0;0;0;0;0;0;4416766;3441639;4461;2;3613684;2866;47;0;1
FR;3;2022-02-18;0;0;0;0;0;0;0;0;0;4416766;3441639;4461;2;3613684;2866;47;0;1
FR;3;2022-02-19;0;0;0;0;0;0;0;0;0;4416766;3441639;4461;2;3613684;2866;47;0;1
FR;3;2022-02-20;0;0;0;0;0;0;0;0;0;4416766;3441639;4461;2;3613684;2866;47;0;1
FR;3;2022-02-21;2;0;0;0;0;0;0;0;0;4416768;3441639;4461;2;3613684;2866;47;0;1
FR;3;2022-02-22;0;0;0;0;0;0;0;0;0;4416768;3441639;4461;2;3613684;2866;47;0;1
FR;3;2022-02-23;0;0;0;0;0;0;0;0;0;4416768;3441639;4461;2;3613684;2866;47;0;1
FR;3;2022-02-24;0;0;0;0;0;0;0;0;0;4416768;3441639;4461;2;3613684;2866;47;0;1
FR;3;2022-02-25;0;0;0;0;0;0;0;0;0;4416768;3441639;4461;2;3613684;2866;47;0;1
FR;3;2022-02-26;0;0;0;0;0;0;0;0;0;4416768;3441639;4461;2;3613684;2866;47;0;1
FR;3;2022-02-27;0;0;0;0;0;0;0;0;0;4416768;3441639;4461;2;3613684;2866;47;0;1
FR;3;2022-02-28;1;0;0;0;0;0;0;0;0;4416769;3441639;4461;2;3613684;2866;47;0;1
FR;3;2022-03-01;1;0;0;0;0;0;0;0;0;4416770;3441639;4461;2;3613684;2866;47;0;1
FR;3;2022-03-02;0;0;0;0;0;0;0;0;0;4416770;3441639;4461;2;3613684;2866;47;0;1
FR;3;2022-03-03;0;0;0;0;0;0;0;0;0;4416770;3441639;4461;2;3613684;2866;47;0;1
FR;3;2022-03-04;0;0;0;0;0;0;0;0;0;4416770;3441639;4461;2;3613684;2866;47;0;1
FR;3;2022-03-05;0;0;0;0;0;0;0;0;0;4416770;3441639;4461;2;3613684;2866;47;0;1
FR;3;2022-03-06;1;0;0;0;0;0;0;0;0;4416771;3441639;4461;2;3613684;2866;47;0;1
FR;3;2022-03-07;0;0;0;0;0;0;0;0;0;4416771;3441639;4461;2;3613684;2866;47;0;1
FR;3;2022-03-08;1;0;0;0;0;0;0;0;0;4416772;3441639;4461;2;3613684;2866;47;0;1
FR;3;2022-03-09;0;0;0;0;0;0;0;0;0;4416772;3441639;4461;2;3613684;2866;47;0;1
FR;3;2022-03-10;0;0;0;0;0;0;0;0;0;4416772;3441639;4461;2;3613684;2866;47;0;1
FR;3;2022-03-11;0;0;0;0;0;0;0;0;0;4416772;3441639;4461;2;3613684;2866;47;0;1
FR;3;2022-03-12;0;0;0;0;0;0;0;0;0;4416772;3441639;4461;2;3613684;2866;47;0;1
FR;3;2022-03-13;0;0;0;0;0;0;0;0;0;4416772;3441639;4461;2;3613684;2866;47;0;1
FR;3;2022-03-14;0;0;0;0;0;0;0;0;0;4416772;3441639;4461;2;3613684;2866;47;0;1
FR;3;2022-03-15;0;0;0;0;0;0;0;0;0;4416772;3441639;4461;2;3613684;2866;47;0;1
FR;3;2022-03-16;0;0;0;0;0;0;0;0;0;4416772;3441639;4461;2;3613684;2866;47;0;1
FR;3;2022-03-17;0;0;0;0;0;0;0;0;0;4416772;3441639;4461;2;3613684;2866;47;0;1
FR;3;2022-03-18;0;0;0;0;0;0;0;0;0;4416772;3441639;4461;2;3613684;2866;47;0;1
FR;3;2022-03-19;0;0;0;0;0;0;0;0;0;4416772;3441639;4461;2;3613684;2866;47;0;1
FR;3;2022-03-20;1;0;0;0;0;0;0;0;0;4416773;3441639;4461;2;3613684;2866;47;0;1
FR;3;2022-03-21;0;0;0;0;0;0;0;0;0;4416773;3441639;4461;2;3613684;2866;47;0;1
FR;3;2022-03-22;0;0;0;0;0;0;0;0;0;4416773;3441639;4461;2;3613684;2866;47;0;1
FR;3;2022-03-23;1;0;0;0;0;0;0;0;0;4416774;3441639;4461;2;3613684;2866;47;0;1
FR;3;2022-03-24;0;0;0;0;0;0;0;0;0;4416774;3441639;4461;2;3613684;2866;47;0;1
FR;3;2022-03-25;1;0;0;0;0;0;0;0;0;4416775;3441639;4461;2;3613684;2866;47;0;1
FR;3;2022-03-26;0;0;0;0;0;0;0;0;0;4416775;3441639;4461;2;3613684;2866;47;0;1
FR;3;2022-03-27;0;0;0;0;0;0;0;0;0;4416775;3441639;4461;2;3613684;2866;47;0;1
FR;3;2022-03-28;0;0;0;0;0;0;0;0;0;4416775;3441639;4461;2;3613684;2866;47;0;1
FR;3;2022-03-29;0;0;0;0;0;0;0;0;0;4416775;3441639;4461;2;3613684;2866;47;0;1
FR;3;2022-03-30;0;0;0;0;0;0;0;0;0;4416775;3441639;4461;2;3613684;2866;47;0;1
FR;3;2022-03-31;0;0;0;0;0;0;0;0;0;4416775;3441639;4461;2;3613684;2866;47;0;1
FR;3;2022-04-01;0;0;0;0;0;0;0;0;0;4416775;3441639;4461;2;3613684;2866;47;0;1
FR;3;2022-04-02;0;0;0;0;0;0;0;0;0;4416775;3441639;4461;2;3613684;2866;47;0;1
FR;3;2022-04-03;0;0;0;0;0;0;0;0;0;4416775;3441639;4461;2;3613684;2866;47;0;1
FR;3;2022-04-04;0;0;0;0;0;0;0;0;0;4416775;3441639;4461;2;3613684;2866;47;0;1
FR;3;2022-04-05;0;0;0;0;0;0;0;0;0;4416775;3441639;4461;2;3613684;2866;47;0;1
FR;3;2022-04-06;0;0;0;0;0;0;0;0;0;4416775;3441639;4461;2;3613684;2866;47;0;1
FR;3;2022-04-07;0;0;0;0;0;0;0;0;0;4416775;3441639;4461;2;3613684;2866;47;0;1
FR;3;2022-04-08;0;0;0;0;0;0;0;0;0;4416775;3441639;4461;2;3613684;2866;47;0;1
FR;3;2022-04-09;0;0;0;0;0;0;0;0;0;4416775;3441639;4461;2;3613684;2866;47;0;1
FR;3;2022-04-10;0;0;0;0;0;0;0;0;0;4416775;3441639;4461;2;3613684;2866;47;0;1
FR;3;2022-04-11;0;0;0;0;0;0;0;0;0;4416775;3441639;4461;2;3613684;2866;47;0;1
FR;3;2022-04-12;0;0;0;0;0;0;0;0;0;4416775;3441639;4461;2;3613684;2866;47;0;1
FR;3;2022-04-13;0;0;0;0;0;0;0;0;0;4416775;3441639;4461;2;3613684;2866;47;0;1
FR;3;2022-04-14;0;0;0;0;0;0;0;0;0;4416775;3441639;4461;2;3613684;2866;47;0;1
FR;3;2022-04-15;1;0;0;0;0;0;0;0;0;4416776;3441639;4461;2;3613684;2866;47;0;1
FR;3;2022-04-16;0;0;0;0;0;0;0;0;0;4416776;3441639;4461;2;3613684;2866;47;0;1
FR;3;2022-04-17;0;0;0;0;0;0;0;0;0;4416776;3441639;4461;2;3613684;2866;47;0;1
FR;3;2022-04-18;0;0;0;0;0;0;0;0;0;4416776;3441639;4461;2;3613684;2866;47;0;1
FR;3;2022-04-19;0;0;0;0;0;0;0;0;0;4416776;3441639;4461;2;3613684;2866;47;0;1
FR;3;2022-04-20;0;0;0;0;0;0;0;0;0;4416776;3441639;4461;2;3613684;2866;47;0;1
FR;3;2022-04-21;0;0;0;0;0;0;0;0;0;4416776;3441639;4461;2;3613684;2866;47;0;1
FR;3;2022-04-22;0;0;0;0;0;0;0;0;0;4416776;3441639;4461;2;3613684;2866;47;0;1
FR;3;2022-04-23;0;0;0;0;0;0;0;0;0;4416776;3441639;4461;2;3613684;2866;47;0;1
FR;3;2022-04-24;0;0;0;0;0;0;0;0;0;4416776;3441639;4461;2;3613684;2866;47;0;1
FR;3;2022-04-25;0;0;0;0;0;0;0;0;0;4416776;3441639;4461;2;3613684;2866;47;0;1
FR;3;2022-04-26;0;0;0;0;0;0;0;0;0;4416776;3441639;4461;2;3613684;2866;47;0;1
FR;3;2022-04-27;0;0;0;0;0;0;0;0;0;4416776;3441639;4461;2;3613684;2866;47;0;1
FR;3;2022-04-28;0;0;0;0;0;0;0;0;0;4416776;3441639;4461;2;3613684;2866;47;0;1
FR;3;2022-04-29;0;0;0;0;0;0;0;0;0;4416776;3441639;4461;2;3613684;2866;47;0;1
FR;3;2022-04-30;0;0;0;0;0;0;0;0;0;4416776;3441639;4461;2;3613684;2866;47;0;1
FR;3;2022-05-01;0;0;0;0;0;0;0;0;0;4416776;3441639;4461;2;3613684;2866;47;0;1
FR;3;2022-05-02;0;0;0;0;0;0;0;0;0;4416776;3441639;4461;2;3613684;2866;47;0;1
FR;3;2022-05-03;0;0;0;0;0;0;0;0;0;4416776;3441639;4461;2;3613684;2866;47;0;1
FR;3;2022-05-04;0;0;0;0;0;0;0;0;0;4416776;3441639;4461;2;3613684;2866;47;0;1
FR;3;2022-05-05;0;0;0;0;0;0;0;0;0;4416776;3441639;4461;2;3613684;2866;47;0;1
FR;3;2022-05-06;0;0;0;0;0;0;0;0;0;4416776;3441639;4461;2;3613684;2866;47;0;1
FR;3;2022-05-07;0;0;0;0;0;0;0;0;0;4416776;3441639;4461;2;3613684;2866;47;0;1
FR;3;2022-05-08;0;0;0;0;0;0;0;0;0;4416776;3441639;4461;2;3613684;2866;47;0;1
FR;3;2022-05-09;0;0;0;0;0;0;0;0;0;4416776;3441639;4461;2;3613684;2866;47;0;1
FR;3;2022-05-10;0;0;0;0;0;0;0;0;0;4416776;3441639;4461;2;3613684;2866;47;0;1
FR;3;2022-05-11;0;0;0;0;0;0;0;0;0;4416776;3441639;4461;2;3613684;2866;47;0;1
FR;3;2022-05-12;0;0;0;0;0;0;0;0;0;4416776;3441639;4461;2;3613684;2866;47;0;1
FR;3;2022-05-13;0;0;0;0;0;0;0;0;0;4416776;3441639;4461;2;3613684;2866;47;0;1
FR;3;2022-05-14;1;0;0;0;0;0;0;0;0;4416777;3441639;4461;2;3613684;2866;47;0;1
FR;3;2022-05-15;0;0;0;0;0;0;0;0;0;4416777;3441639;4461;2;3613684;2866;47;0;1
FR;3;2022-05-16;0;0;0;0;0;0;0;0;0;4416777;3441639;4461;2;3613684;2866;47;0;1
FR;3;2022-05-17;0;0;0;0;0;0;0;0;0;4416777;3441639;4461;2;3613684;2866;47;0;1
FR;3;2022-05-18;0;0;0;0;0;0;0;0;0;4416777;3441639;4461;2;3613684;2866;47;0;1
FR;3;2022-05-19;0;0;0;0;0;0;0;0;0;4416777;3441639;4461;2;3613684;2866;47;0;1
FR;3;2022-05-20;0;0;0;0;0;0;0;0;0;4416777;3441639;4461;2;3613684;2866;47;0;1
FR;3;2022-05-21;0;0;0;0;0;0;0;0;0;4416777;3441639;4461;2;3613684;2866;47;0;1
FR;3;2022-05-22;0;0;0;0;0;0;0;0;0;4416777;3441639;4461;2;3613684;2866;47;0;1
FR;3;2022-05-23;0;0;0;0;0;0;0;0;0;4416777;3441639;4461;2;3613684;2866;47;0;1
FR;3;2022-05-24;0;0;0;0;0;0;0;0;0;4416777;3441639;4461;2;3613684;2866;47;0;1
FR;3;2022-05-25;0;0;0;0;0;0;0;0;0;4416777;3441639;4461;2;3613684;2866;47;0;1
FR;3;2022-05-26;0;0;0;0;0;0;0;0;0;4416777;3441639;4461;2;3613684;2866;47;0;1
FR;3;2022-05-27;0;0;0;0;0;0;0;0;0;4416777;3441639;4461;2;3613684;2866;47;0;1
FR;3;2022-05-28;0;0;0;0;0;0;0;0;0;4416777;3441639;4461;2;3613684;2866;47;0;1
FR;3;2022-05-29;0;0;0;0;0;0;0;0;0;4416777;3441639;4461;2;3613684;2866;47;0;1
FR;3;2022-05-30;0;0;0;0;0;0;0;0;0;4416777;3441639;4461;2;3613684;2866;47;0;1
FR;3;2022-05-31;0;0;0;0;0;0;0;0;0;4416777;3441639;4461;2;3613684;2866;47;0;1
FR;3;2022-06-01;0;0;0;0;0;0;0;0;0;4416777;3441639;4461;2;3613684;2866;47;0;1
FR;3;2022-06-02;0;0;0;0;0;0;0;0;0;4416777;3441639;4461;2;3613684;2866;47;0;1
FR;3;2022-06-03;0;0;0;0;0;0;0;0;0;4416777;3441639;4461;2;3613684;2866;47;0;1
FR;3;2022-06-04;0;0;0;0;0;0;0;0;0;4416777;3441639;4461;2;3613684;2866;47;0;1
FR;3;2022-06-05;0;0;0;0;0;0;0;0;0;4416777;3441639;4461;2;3613684;2866;47;0;1
FR;3;2022-06-06;0;0;0;0;0;0;0;0;0;4416777;3441639;4461;2;3613684;2866;47;0;1
FR;3;2022-06-07;0;0;0;0;0;0;0;0;0;4416777;3441639;4461;2;3613684;2866;47;0;1
FR;3;2022-06-08;0;0;0;0;0;0;0;0;0;4416777;3441639;4461;2;3613684;2866;47;0;1
FR;3;2022-06-09;0;0;0;0;0;0;0;0;0;4416777;3441639;4461;2;3613684;2866;47;0;1
FR;3;2022-06-10;0;0;0;0;0;0;0;0;0;4416777;3441639;4461;2;3613684;2866;47;0;1
FR;3;2022-06-11;0;0;0;0;0;0;0;0;0;4416777;3441639;4461;2;3613684;2866;47;0;1
FR;3;2022-06-12;0;0;0;0;0;0;0;0;0;4416777;3441639;4461;2;3613684;2866;47;0;1
FR;3;2022-06-13;1;0;0;0;0;0;0;0;0;4416778;3441639;4461;2;3613684;2866;47;0;1
FR;3;2022-06-14;0;0;0;0;0;0;0;0;0;4416778;3441639;4461;2;3613684;2866;47;0;1
FR;3;2022-06-15;0;0;0;0;0;0;0;0;0;4416778;3441639;4461;2;3613684;2866;47;0;1
FR;3;2022-06-16;0;0;0;0;0;0;0;0;0;4416778;3441639;4461;2;3613684;2866;47;0;1
FR;3;2022-06-17;0;0;0;0;0;0;0;0;0;4416778;3441639;4461;2;3613684;2866;47;0;1
FR;3;2022-06-18;0;0;0;0;0;0;0;0;0;4416778;3441639;4461;2;3613684;2866;47;0;1
FR;3;2022-06-19;0;0;0;0;0;0;0;0;0;4416778;3441639;4461;2;3613684;2866;47;0;1
FR;3;2022-06-20;0;0;0;0;0;0;0;0;0;4416778;3441639;4461;2;3613684;2866;47;0;1
FR;3;2022-06-21;0;0;0;0;0;0;0;0;0;4416778;3441639;4461;2;3613684;2866;47;0;1
FR;3;2022-06-22;0;0;0;0;0;0;0;0;0;4416778;3441639;4461;2;3613684;2866;47;0;1
FR;3;2022-06-23;0;0;0;0;0;0;0;0;0;4416778;3441639;4461;2;3613684;2866;47;0;1
FR;3;2022-06-24;0;0;0;0;0;0;0;0;0;4416778;3441639;4461;2;3613684;2866;47;0;1
FR;3;2022-06-25;0;0;0;0;0;0;0;0;0;4416778;3441639;4461;2;3613684;2866;47;0;1
FR;3;2022-06-26;0;0;0;0;0;0;0;0;0;4416778;3441639;4461;2;3613684;2866;47;0;1
FR;3;2022-06-27;0;0;0;0;0;0;0;0;0;4416778;3441639;4461;2;3613684;2866;47;0;1
FR;3;2022-06-28;0;0;0;0;0;0;0;0;0;4416778;3441639;4461;2;3613684;2866;47;0;1
FR;3;2022-06-29;1;0;0;0;0;0;0;0;0;4416779;3441639;4461;2;3613684;2866;47;0;1
FR;3;2022-06-30;0;0;0;0;0;0;0;0;0;4416779;3441639;4461;2;3613684;2866;47;0;1
FR;3;2022-07-01;0;0;0;0;0;0;0;0;0;4416779;3441639;4461;2;3613684;2866;47;0;1
FR;3;2022-07-02;0;0;0;0;0;0;0;0;0;4416779;3441639;4461;2;3613684;2866;47;0;1
FR;3;2022-07-03;0;0;0;0;0;0;0;0;0;4416779;3441639;4461;2;3613684;2866;47;0;1
FR;3;2022-07-04;0;0;0;0;0;0;0;0;0;4416779;3441639;4461;2;3613684;2866;47;0;1
FR;3;2022-07-05;0;0;0;0;0;0;0;0;0;4416779;3441639;4461;2;3613684;2866;47;0;1
FR;3;2022-07-06;0;0;0;0;0;0;0;0;0;4416779;3441639;4461;2;3613684;2866;47;0;1
FR;3;2022-07-07;0;0;0;0;0;0;0;0;0;4416779;3441639;4461;2;3613684;2866;47;0;1
FR;3;2022-07-08;0;0;0;0;0;0;0;0;0;4416779;3441639;4461;2;3613684;2866;47;0;1
FR;3;2022-07-09;0;0;0;0;0;0;0;0;0;4416779;3441639;4461;2;3613684;2866;47;0;1
FR;3;2022-07-10;0;0;0;0;0;0;0;0;0;4416779;3441639;4461;2;3613684;2866;47;0;1
FR;3;2022-07-11;0;0;0;0;0;0;0;0;0;4416779;3441639;4461;2;3613684;2866;47;0;1
FR;3;2022-07-12;0;0;0;0;0;0;0;0;0;4416779;3441639;4461;2;3613684;2866;47;0;1
FR;3;2022-07-13;0;0;0;0;0;0;0;0;0;4416779;3441639;4461;2;3613684;2866;47;0;1
FR;3;2022-07-14;0;0;0;0;0;0;0;0;0;4416779;3441639;4461;2;3613684;2866;47;0;1
FR;3;2022-07-15;0;0;0;0;0;0;0;0;0;4416779;3441639;4461;2;3613684;2866;47;0;1
FR;3;2022-07-16;0;0;0;0;0;0;0;0;0;4416779;3441639;4461;2;3613684;2866;47;0;1
FR;3;2022-07-17;0;0;0;0;0;0;0;0;0;4416779;3441639;4461;2;3613684;2866;47;0;1
FR;3;2022-07-18;0;0;0;0;0;0;0;0;0;4416779;3441639;4461;2;3613684;2866;47;0;1
FR;3;2022-07-19;0;0;0;0;0;0;0;0;0;4416779;3441639;4461;2;3613684;2866;47;0;1
FR;3;2022-07-20;0;0;0;0;0;0;0;0;0;4416779;3441639;4461;2;3613684;2866;47;0;1
FR;3;2022-07-21;0;0;0;0;0;0;0;0;0;4416779;3441639;4461;2;3613684;2866;47;0;1
FR;3;2022-07-22;0;0;0;0;0;0;0;0;0;4416779;3441639;4461;2;3613684;2866;47;0;1
FR;3;2022-07-23;0;0;0;0;0;0;0;0;0;4416779;3441639;4461;2;3613684;2866;47;0;1
FR;3;2022-07-24;0;0;0;0;0;0;0;0;0;4416779;3441639;4461;2;3613684;2866;47;0;1
FR;3;2022-07-25;0;0;0;0;0;0;0;0;0;4416779;3441639;4461;2;3613684;2866;47;0;1
FR;3;2022-07-26;0;0;0;0;0;0;0;0;0;4416779;3441639;4461;2;3613684;2866;47;0;1
FR;3;2022-07-27;0;0;0;0;0;0;0;0;0;4416779;3441639;4461;2;3613684;2866;47;0;1
FR;3;2022-07-28;0;0;0;0;0;0;0;0;0;4416779;3441639;4461;2;3613684;2866;47;0;1
FR;3;2022-07-29;0;0;0;0;0;0;0;0;0;4416779;3441639;4461;2;3613684;2866;47;0;1
FR;3;2022-07-30;0;0;0;0;0;0;0;0;0;4416779;3441639;4461;2;3613684;2866;47;0;1
FR;3;2022-07-31;0;0;0;0;0;0;0;0;0;4416779;3441639;4461;2;3613684;2866;47;0;1
FR;3;2022-08-01;0;0;0;0;0;0;0;0;0;4416779;3441639;4461;2;3613684;2866;47;0;1
FR;3;2022-08-02;0;0;0;0;0;0;0;0;0;4416779;3441639;4461;2;3613684;2866;47;0;1
FR;3;2022-08-03;0;0;0;0;0;0;0;0;0;4416779;3441639;4461;2;3613684;2866;47;0;1
FR;3;2022-08-04;0;0;0;0;0;0;0;0;0;4416779;3441639;4461;2;3613684;2866;47;0;1
FR;3;2022-08-05;0;0;0;0;0;0;0;0;0;4416779;3441639;4461;2;3613684;2866;47;0;1
FR;3;2022-08-06;0;0;0;0;0;0;0;0;0;4416779;3441639;4461;2;3613684;2866;47;0;1
FR;3;2022-08-07;0;0;0;0;0;0;0;0;0;4416779;3441639;4461;2;3613684;2866;47;0;1
FR;3;2022-08-08;0;0;0;0;0;0;0;0;0;4416779;3441639;4461;2;3613684;2866;47;0;1
FR;3;2022-08-09;0;0;0;0;0;0;0;0;0;4416779;3441639;4461;2;3613684;2866;47;0;1
FR;3;2022-08-10;0;0;0;0;0;0;0;0;0;4416779;3441639;4461;2;3613684;2866;47;0;1
FR;3;2022-08-11;0;0;0;0;0;0;0;0;0;4416779;3441639;4461;2;3613684;2866;47;0;1
FR;3;2022-08-12;0;0;0;0;0;0;0;0;0;4416779;3441639;4461;2;3613684;2866;47;0;1
FR;3;2022-08-13;0;0;0;0;0;0;0;0;0;4416779;3441639;4461;2;3613684;2866;47;0;1
FR;3;2022-08-14;0;0;0;0;0;0;0;0;0;4416779;3441639;4461;2;3613684;2866;47;0;1
FR;3;2022-08-15;0;0;0;0;0;0;0;0;0;4416779;3441639;4461;2;3613684;2866;47;0;1
FR;3;2022-08-16;0;0;0;0;0;0;0;0;0;4416779;3441639;4461;2;3613684;2866;47;0;1
FR;3;2022-08-17;0;0;0;0;0;0;0;0;0;4416779;3441639;4461;2;3613684;2866;47;0;1
FR;3;2022-08-18;0;0;0;0;0;0;0;0;0;4416779;3441639;4461;2;3613684;2866;47;0;1
FR;3;2022-08-19;0;0;0;0;0;0;0;0;0;4416779;3441639;4461;2;3613684;2866;47;0;1
FR;3;2022-08-20;0;0;0;0;0;0;0;0;0;4416779;3441639;4461;2;3613684;2866;47;0;1
FR;3;2022-08-21;0;0;0;0;0;0;0;0;0;4416779;3441639;4461;2;3613684;2866;47;0;1
FR;3;2022-08-22;0;0;0;0;0;0;0;0;0;4416779;3441639;4461;2;3613684;2866;47;0;1
FR;3;2022-08-23;0;0;0;0;0;0;0;0;0;4416779;3441639;4461;2;3613684;2866;47;0;1
FR;3;2022-08-24;0;0;0;0;0;0;0;0;0;4416779;3441639;4461;2;3613684;2866;47;0;1
FR;3;2022-08-25;0;0;0;0;0;0;0;0;0;4416779;3441639;4461;2;3613684;2866;47;0;1
FR;3;2022-08-26;0;0;0;0;0;0;0;0;0;4416779;3441639;4461;2;3613684;2866;47;0;1
FR;3;2022-08-27;0;0;0;0;0;0;0;0;0;4416779;3441639;4461;2;3613684;2866;47;0;1
FR;3;2022-08-28;0;0;0;0;0;0;0;0;0;4416779;3441639;4461;2;3613684;2866;47;0;1
FR;3;2022-08-29;0;0;0;0;0;0;0;0;0;4416779;3441639;4461;2;3613684;2866;47;0;1
FR;3;2022-08-30;0;0;0;0;0;0;0;0;0;4416779;3441639;4461;2;3613684;2866;47;0;1
FR;3;2022-08-31;0;0;0;0;0;0;0;0;0;4416779;3441639;4461;2;3613684;2866;47;0;1
FR;3;2022-09-01;0;0;0;0;0;0;0;0;0;4416779;3441639;4461;2;3613684;2866;47;0;1
FR;3;2022-09-02;0;0;0;0;0;0;0;0;0;4416779;3441639;4461;2;3613684;2866;47;0;1
FR;3;2022-09-03;0;0;0;0;0;0;0;0;0;4416779;3441639;4461;2;3613684;2866;47;0;1
FR;3;2022-09-04;0;0;0;0;0;0;0;0;0;4416779;3441639;4461;2;3613684;2866;47;0;1
FR;3;2022-09-05;0;0;0;0;0;0;0;0;0;4416779;3441639;4461;2;3613684;2866;47;0;1
FR;3;2022-09-06;0;0;0;0;0;0;0;0;0;4416779;3441639;4461;2;3613684;2866;47;0;1
FR;3;2022-09-07;0;0;0;0;0;0;0;0;0;4416779;3441639;4461;2;3613684;2866;47;0;1
FR;3;2022-09-08;0;0;0;0;0;0;0;0;0;4416779;3441639;4461;2;3613684;2866;47;0;1
FR;3;2022-09-09;0;0;0;0;0;0;0;0;0;4416779;3441639;4461;2;3613684;2866;47;0;1
FR;3;2022-09-10;0;0;0;0;0;0;0;0;0;4416779;3441639;4461;2;3613684;2866;47;0;1
FR;3;2022-09-11;0;0;0;0;0;0;0;0;0;4416779;3441639;4461;2;3613684;2866;47;0;1
FR;3;2022-09-12;0;0;0;0;0;0;0;0;0;4416779;3441639;4461;2;3613684;2866;47;0;1
FR;3;2022-09-13;0;0;0;0;0;0;0;0;0;4416779;3441639;4461;2;3613684;2866;47;0;1
FR;3;2022-09-14;0;0;0;0;0;0;0;0;0;4416779;3441639;4461;2;3613684;2866;47;0;1
FR;3;2022-09-15;0;0;0;0;0;0;0;0;0;4416779;3441639;4461;2;3613684;2866;47;0;1
FR;3;2022-09-16;0;0;0;0;0;0;0;0;0;4416779;3441639;4461;2;3613684;2866;47;0;1
FR;3;2022-09-17;0;0;0;0;0;0;0;0;0;4416779;3441639;4461;2;3613684;2866;47;0;1
FR;3;2022-09-18;0;0;0;0;0;0;0;0;0;4416779;3441639;4461;2;3613684;2866;47;0;1
FR;3;2022-09-19;0;0;0;0;0;0;0;0;0;4416779;3441639;4461;2;3613684;2866;47;0;1
FR;3;2022-09-20;0;0;0;0;0;0;0;0;0;4416779;3441639;4461;2;3613684;2866;47;0;1
FR;3;2022-09-21;0;0;0;0;0;0;0;0;0;4416779;3441639;4461;2;3613684;2866;47;0;1
FR;3;2022-09-22;0;0;0;0;0;0;0;0;0;4416779;3441639;4461;2;3613684;2866;47;0;1
FR;3;2022-09-23;0;0;0;0;0;0;0;0;0;4416779;3441639;4461;2;3613684;2866;47;0;1
FR;3;2022-09-24;0;0;0;0;0;0;0;0;0;4416779;3441639;4461;2;3613684;2866;47;0;1
FR;3;2022-09-25;0;0;0;0;0;0;0;0;0;4416779;3441639;4461;2;3613684;2866;47;0;1
FR;3;2022-09-26;0;0;0;0;0;0;0;0;0;4416779;3441639;4461;2;3613684;2866;47;0;1
FR;3;2022-09-27;0;0;0;0;0;0;0;0;0;4416779;3441639;4461;2;3613684;2866;47;0;1
FR;3;2022-09-28;0;0;0;0;0;0;0;0;0;4416779;3441639;4461;2;3613684;2866;47;0;1
FR;3;2022-09-29;0;0;0;0;0;0;0;0;0;4416779;3441639;4461;2;3613684;2866;47;0;1
FR;3;2022-09-30;0;0;0;0;0;0;0;0;0;4416779;3441639;4461;2;3613684;2866;47;0;1
FR;3;2022-10-01;0;0;0;0;0;0;0;0;0;4416779;3441639;4461;2;3613684;2866;47;0;1
FR;3;2022-10-02;0;0;0;0;0;0;0;0;0;4416779;3441639;4461;2;3613684;2866;47;0;1
FR;3;2022-10-03;0;0;0;0;0;0;0;0;0;4416779;3441639;4461;2;3613684;2866;47;0;1
FR;3;2022-10-04;0;0;0;0;0;0;0;0;0;4416779;3441639;4461;2;3613684;2866;47;0;1
FR;3;2022-10-05;0;0;0;0;0;0;0;0;0;4416779;3441639;4461;2;3613684;2866;47;0;1
FR;3;2022-10-06;0;0;0;0;0;0;0;0;0;4416779;3441639;4461;2;3613684;2866;47;0;1
FR;3;2022-10-07;0;0;0;0;0;0;0;0;0;4416779;3441639;4461;2;3613684;2866;47;0;1
FR;3;2022-10-08;0;0;0;0;0;0;0;0;0;4416779;3441639;4461;2;3613684;2866;47;0;1
FR;3;2022-10-09;0;0;0;0;0;0;0;0;0;4416779;3441639;4461;2;3613684;2866;47;0;1
FR;3;2022-10-10;0;0;0;0;0;0;0;0;0;4416779;3441639;4461;2;3613684;2866;47;0;1
FR;3;2022-10-11;0;0;0;0;0;0;0;0;0;4416779;3441639;4461;2;3613684;2866;47;0;1
FR;3;2022-10-12;0;0;0;0;0;0;0;0;0;4416779;3441639;4461;2;3613684;2866;47;0;1
FR;3;2022-10-13;0;0;0;0;0;0;0;0;0;4416779;3441639;4461;2;3613684;2866;47;0;1
FR;3;2022-10-14;0;0;0;0;0;0;0;0;0;4416779;3441639;4461;2;3613684;2866;47;0;1
FR;3;2022-10-15;0;0;0;0;0;0;0;0;0;4416779;3441639;4461;2;3613684;2866;47;0;1
FR;3;2022-10-16;0;0;0;0;0;0;0;0;0;4416779;3441639;4461;2;3613684;2866;47;0;1
FR;3;2022-10-17;0;0;0;0;0;0;0;0;0;4416779;3441639;4461;2;3613684;2866;47;0;1
FR;3;2022-10-18;0;0;0;0;0;0;0;0;0;4416779;3441639;4461;2;3613684;2866;47;0;1
FR;3;2022-10-19;0;0;0;0;0;0;0;0;0;4416779;3441639;4461;2;3613684;2866;47;0;1
FR;3;2022-10-20;0;0;0;0;0;0;0;0;0;4416779;3441639;4461;2;3613684;2866;47;0;1
FR;3;2022-10-21;0;0;0;0;0;0;0;0;0;4416779;3441639;4461;2;3613684;2866;47;0;1
FR;3;2022-10-22;0;0;0;0;0;0;0;0;0;4416779;3441639;4461;2;3613684;2866;47;0;1
FR;3;2022-10-23;0;0;0;0;0;0;0;0;0;4416779;3441639;4461;2;3613684;2866;47;0;1
FR;3;2022-10-24;0;0;0;0;0;0;0;0;0;4416779;3441639;4461;2;3613684;2866;47;0;1
FR;3;2022-10-25;0;0;0;0;0;0;0;0;0;4416779;3441639;4461;2;3613684;2866;47;0;1
FR;3;2022-10-26;0;0;0;0;0;0;0;0;0;4416779;3441639;4461;2;3613684;2866;47;0;1
FR;3;2022-10-27;0;0;0;0;0;0;0;0;0;4416779;3441639;4461;2;3613684;2866;47;0;1
FR;3;2022-10-28;0;0;0;0;0;0;0;0;0;4416779;3441639;4461;2;3613684;2866;47;0;1
FR;3;2022-10-29;0;0;0;0;0;0;0;0;0;4416779;3441639;4461;2;3613684;2866;47;0;1
FR;3;2022-10-30;0;0;0;0;0;0;0;0;0;4416779;3441639;4461;2;3613684;2866;47;0;1
FR;3;2022-10-31;0;0;0;0;0;0;0;0;0;4416779;3441639;4461;2;3613684;2866;47;0;1
FR;3;2022-11-01;0;0;0;0;0;0;0;0;0;4416779;3441639;4461;2;3613684;2866;47;0;1
FR;3;2022-11-02;0;0;0;0;0;0;0;0;0;4416779;3441639;4461;2;3613684;2866;47;0;1
FR;3;2022-11-03;0;0;0;0;0;0;0;0;0;4416779;3441639;4461;2;3613684;2866;47;0;1
FR;3;2022-11-04;0;0;0;0;0;0;0;0;0;4416779;3441639;4461;2;3613684;2866;47;0;1
FR;3;2022-11-05;0;0;0;0;0;0;0;0;0;4416779;3441639;4461;2;3613684;2866;47;0;1
FR;3;2022-11-06;0;0;0;0;0;0;0;0;0;4416779;3441639;4461;2;3613684;2866;47;0;1
FR;3;2022-11-07;0;0;0;0;0;0;0;0;0;4416779;3441639;4461;2;3613684;2866;47;0;1
FR;3;2022-11-08;1;0;0;0;0;0;0;0;0;4416780;3441639;4461;2;3613684;2866;47;0;1
FR;3;2022-11-09;0;0;0;0;0;0;0;0;0;4416780;3441639;4461;2;3613684;2866;47;0;1
FR;3;2022-11-10;0;0;0;0;0;0;0;0;0;4416780;3441639;4461;2;3613684;2866;47;0;1
FR;3;2022-11-11;0;0;0;0;0;0;0;0;0;4416780;3441639;4461;2;3613684;2866;47;0;1
FR;3;2022-11-12;0;0;0;0;0;0;0;0;0;4416780;3441639;4461;2;3613684;2866;47;0;1
FR;3;2022-11-13;0;0;0;0;0;0;0;0;0;4416780;3441639;4461;2;3613684;2866;47;0;1
FR;3;2022-11-14;0;0;0;0;0;0;0;0;0;4416780;3441639;4461;2;3613684;2866;47;0;1
FR;3;2022-11-15;0;0;0;0;0;0;0;0;0;4416780;3441639;4461;2;3613684;2866;47;0;1
FR;3;2022-11-16;0;0;0;0;0;0;0;0;0;4416780;3441639;4461;2;3613684;2866;47;0;1
FR;3;2022-11-17;0;0;0;0;0;0;0;0;0;4416780;3441639;4461;2;3613684;2866;47;0;1
FR;3;2022-11-18;0;0;0;0;0;0;0;0;0;4416780;3441639;4461;2;3613684;2866;47;0;1
FR;3;2022-11-19;0;0;0;0;0;0;0;0;0;4416780;3441639;4461;2;3613684;2866;47;0;1
FR;3;2022-11-20;0;0;0;0;0;0;0;0;0;4416780;3441639;4461;2;3613684;2866;47;0;1
FR;3;2022-11-21;0;0;0;0;0;0;0;0;0;4416780;3441639;4461;2;3613684;2866;47;0;1
FR;3;2022-11-22;0;0;0;0;0;0;0;0;0;4416780;3441639;4461;2;3613684;2866;47;0;1
FR;3;2022-11-23;0;0;0;0;0;0;0;0;0;4416780;3441639;4461;2;3613684;2866;47;0;1
FR;3;2022-11-24;0;0;0;0;0;0;0;0;0;4416780;3441639;4461;2;3613684;2866;47;0;1
FR;3;2022-11-25;0;0;0;0;0;0;0;0;0;4416780;3441639;4461;2;3613684;2866;47;0;1
FR;3;2022-11-26;0;0;0;0;0;0;0;0;0;4416780;3441639;4461;2;3613684;2866;47;0;1
FR;3;2022-11-27;0;0;0;0;0;0;0;0;0;4416780;3441639;4461;2;3613684;2866;47;0;1
FR;3;2022-11-28;0;0;0;0;0;0;0;0;0;4416780;3441639;4461;2;3613684;2866;47;0;1
FR;3;2022-11-29;0;0;0;0;0;0;0;0;0;4416780;3441639;4461;2;3613684;2866;47;0;1
FR;3;2022-11-30;0;0;0;0;0;0;0;0;0;4416780;3441639;4461;2;3613684;2866;47;0;1
FR;3;2022-12-01;0;0;0;0;0;0;0;0;0;4416780;3441639;4461;2;3613684;2866;47;0;1
FR;3;2022-12-02;0;0;0;0;0;0;0;0;0;4416780;3441639;4461;2;3613684;2866;47;0;1
FR;3;2022-12-03;0;0;0;0;0;0;0;0;0;4416780;3441639;4461;2;3613684;2866;47;0;1
FR;3;2022-12-04;0;0;0;0;0;0;0;0;0;4416780;3441639;4461;2;3613684;2866;47;0;1
FR;3;2022-12-05;0;0;0;0;0;0;0;0;0;4416780;3441639;4461;2;3613684;2866;47;0;1
FR;3;2022-12-06;0;0;0;0;0;0;0;0;0;4416780;3441639;4461;2;3613684;2866;47;0;1
FR;3;2022-12-07;0;0;0;0;0;0;0;0;0;4416780;3441639;4461;2;3613684;2866;47;0;1
FR;3;2022-12-08;0;0;0;0;0;0;0;0;0;4416780;3441639;4461;2;3613684;2866;47;0;1
FR;3;2022-12-09;0;0;0;0;0;0;0;0;0;4416780;3441639;4461;2;3613684;2866;47;0;1
FR;3;2022-12-10;0;0;0;0;0;0;0;0;0;4416780;3441639;4461;2;3613684;2866;47;0;1
FR;3;2022-12-11;0;0;0;0;0;0;0;0;0;4416780;3441639;4461;2;3613684;2866;47;0;1
FR;3;2022-12-12;0;0;0;0;0;0;0;0;0;4416780;3441639;4461;2;3613684;2866;47;0;1
FR;3;2022-12-13;0;0;0;0;0;0;0;0;0;4416780;3441639;4461;2;3613684;2866;47;0;1
FR;3;2022-12-14;0;0;0;0;0;0;0;0;0;4416780;3441639;4461;2;3613684;2866;47;0;1
FR;3;2022-12-15;0;0;0;0;0;0;0;0;0;4416780;3441639;4461;2;3613684;2866;47;0;1
FR;3;2022-12-16;0;0;0;0;0;0;0;0;0;4416780;3441639;4461;2;3613684;2866;47;0;1
FR;3;2022-12-17;0;0;0;0;0;0;0;0;0;4416780;3441639;4461;2;3613684;2866;47;0;1
FR;3;2022-12-18;0;0;0;0;0;0;0;0;0;4416780;3441639;4461;2;3613684;2866;47;0;1
FR;3;2022-12-19;0;0;0;0;0;0;0;0;0;4416780;3441639;4461;2;3613684;2866;47;0;1
FR;3;2022-12-20;0;0;0;0;0;0;0;0;0;4416780;3441639;4461;2;3613684;2866;47;0;1
FR;3;2022-12-21;0;0;0;0;0;0;0;0;0;4416780;3441639;4461;2;3613684;2866;47;0;1
FR;3;2022-12-22;0;0;0;0;0;0;0;0;0;4416780;3441639;4461;2;3613684;2866;47;0;1
FR;3;2022-12-23;0;0;0;0;0;0;0;0;0;4416780;3441639;4461;2;3613684;2866;47;0;1
FR;3;2022-12-24;0;0;0;0;0;0;0;0;0;4416780;3441639;4461;2;3613684;2866;47;0;1
FR;3;2022-12-25;0;0;0;0;0;0;0;0;0;4416780;3441639;4461;2;3613684;2866;47;0;1
FR;3;2022-12-26;0;0;0;0;0;0;0;0;0;4416780;3441639;4461;2;3613684;2866;47;0;1
FR;3;2022-12-27;0;0;0;0;0;0;0;0;0;4416780;3441639;4461;2;3613684;2866;47;0;1
FR;3;2022-12-28;0;0;0;0;0;0;0;0;0;4416780;3441639;4461;2;3613684;2866;47;0;1
FR;3;2022-12-29;0;0;0;0;0;0;0;0;0;4416780;3441639;4461;2;3613684;2866;47;0;1
FR;3;2022-12-30;0;0;0;0;0;0;0;0;0;4416780;3441639;4461;2;3613684;2866;47;0;1
FR;3;2022-12-31;0;0;0;0;0;0;0;0;0;4416780;3441639;4461;2;3613684;2866;47;0;1
FR;3;2023-01-01;0;0;0;0;0;0;0;0;0;4416780;3441639;4461;2;3613684;2866;47;0;1
FR;3;2023-01-02;0;0;0;0;0;0;0;0;0;4416780;3441639;4461;2;3613684;2866;47;0;1
FR;3;2023-01-03;0;0;0;0;0;0;0;0;0;4416780;3441639;4461;2;3613684;2866;47;0;1
FR;3;2023-01-04;0;0;0;0;0;0;0;0;0;4416780;3441639;4461;2;3613684;2866;47;0;1
FR;3;2023-01-05;0;0;0;0;0;0;0;0;0;4416780;3441639;4461;2;3613684;2866;47;0;1
FR;3;2023-01-06;0;0;0;0;0;0;0;0;0;4416780;3441639;4461;2;3613684;2866;47;0;1
FR;3;2023-01-07;0;0;0;0;0;0;0;0;0;4416780;3441639;4461;2;3613684;2866;47;0;1
FR;3;2023-01-08;0;0;0;0;0;0;0;0;0;4416780;3441639;4461;2;3613684;2866;47;0;1
FR;3;2023-01-09;0;0;0;0;0;0;0;0;0;4416780;3441639;4461;2;3613684;2866;47;0;1
FR;3;2023-01-10;0;0;0;0;0;0;0;0;0;4416780;3441639;4461;2;3613684;2866;47;0;1
FR;3;2023-01-11;0;0;0;0;0;0;0;0;0;4416780;3441639;4461;2;3613684;2866;47;0;1
FR;3;2023-01-12;0;0;0;0;0;0;0;0;0;4416780;3441639;4461;2;3613684;2866;47;0;1
FR;3;2023-01-13;0;0;0;0;0;0;0;0;0;4416780;3441639;4461;2;3613684;2866;47;0;1
FR;3;2023-01-14;0;0;0;0;0;0;0;0;0;4416780;3441639;4461;2;3613684;2866;47;0;1
FR;3;2023-01-15;0;0;0;0;0;0;0;0;0;4416780;3441639;4461;2;3613684;2866;47;0;1
FR;3;2023-01-16;0;0;0;0;0;0;0;0;0;4416780;3441639;4461;2;3613684;2866;47;0;1
FR;3;2023-01-17;0;0;0;0;0;0;0;0;0;4416780;3441639;4461;2;3613684;2866;47;0;1
FR;3;2023-01-18;0;0;0;0;0;0;0;0;0;4416780;3441639;4461;2;3613684;2866;47;0;1
FR;3;2023-01-19;0;0;0;0;0;0;0;0;0;4416780;3441639;4461;2;3613684;2866;47;0;1
FR;3;2023-01-20;0;0;0;0;0;0;0;0;0;4416780;3441639;4461;2;3613684;2866;47;0;1
FR;3;2023-01-21;0;0;0;0;0;0;0;0;0;4416780;3441639;4461;2;3613684;2866;47;0;1
FR;3;2023-01-22;0;0;0;0;0;0;0;0;0;4416780;3441639;4461;2;3613684;2866;47;0;1
FR;3;2023-01-23;0;0;0;0;0;0;0;0;0;4416780;3441639;4461;2;3613684;2866;47;0;1
FR;3;2023-01-24;0;0;0;0;0;0;0;0;0;4416780;3441639;4461;2;3613684;2866;47;0;1
FR;3;2023-01-25;1;0;0;0;0;0;0;0;0;4416781;3441639;4461;2;3613684;2866;47;0;1
FR;3;2023-01-26;0;0;0;0;0;0;0;0;0;4416781;3441639;4461;2;3613684;2866;47;0;1
FR;4;2020-12-27;0;0;0;0;0;0;0;0;0;0;0;0;0;0;0;0;0;0
FR;4;2020-12-28;0;0;0;0;0;0;0;0;0;0;0;0;0;0;0;0;0;0
FR;4;2020-12-29;0;0;0;0;0;0;0;0;0;0;0;0;0;0;0;0;0;0
FR;4;2020-12-30;0;0;0;0;0;0;0;0;0;0;0;0;0;0;0;0;0;0
FR;4;2020-12-31;0;0;0;0;0;0;0;0;0;0;0;0;0;0;0;0;0;0
FR;4;2021-01-01;0;0;0;0;0;0;0;0;0;0;0;0;0;0;0;0;0;0
FR;4;2021-01-02;0;0;0;0;0;0;0;0;0;0;0;0;0;0;0;0;0;0
FR;4;2021-01-03;0;0;0;0;0;0;0;0;0;0;0;0;0;0;0;0;0;0
FR;4;2021-01-04;0;0;0;0;0;0;0;0;0;0;0;0;0;0;0;0;0;0
FR;4;2021-01-05;0;0;0;0;0;0;0;0;0;0;0;0;0;0;0;0;0;0
FR;4;2021-01-06;0;0;0;0;0;0;0;0;0;0;0;0;0;0;0;0;0;0
FR;4;2021-01-07;0;0;0;0;0;0;0;0;0;0;0;0;0;0;0;0;0;0
FR;4;2021-01-08;0;0;0;0;0;0;0;0;0;0;0;0;0;0;0;0;0;0
FR;4;2021-01-09;0;0;0;0;0;0;0;0;0;0;0;0;0;0;0;0;0;0
FR;4;2021-01-10;0;0;0;0;0;0;0;0;0;0;0;0;0;0;0;0;0;0
FR;4;2021-01-11;0;0;0;0;0;0;0;0;0;0;0;0;0;0;0;0;0;0
FR;4;2021-01-12;0;0;0;0;0;0;0;0;0;0;0;0;0;0;0;0;0;0
FR;4;2021-01-13;0;0;0;0;0;0;0;0;0;0;0;0;0;0;0;0;0;0
FR;4;2021-01-14;0;0;0;0;0;0;0;0;0;0;0;0;0;0;0;0;0;0
FR;4;2021-01-15;0;0;0;0;0;0;0;0;0;0;0;0;0;0;0;0;0;0
FR;4;2021-01-16;0;0;0;0;0;0;0;0;0;0;0;0;0;0;0;0;0;0
FR;4;2021-01-17;0;0;0;0;0;0;0;0;0;0;0;0;0;0;0;0;0;0
FR;4;2021-01-18;0;0;0;0;0;0;0;0;0;0;0;0;0;0;0;0;0;0
FR;4;2021-01-19;0;0;0;0;0;0;0;0;0;0;0;0;0;0;0;0;0;0
FR;4;2021-01-20;0;0;0;0;0;0;0;0;0;0;0;0;0;0;0;0;0;0
FR;4;2021-01-21;0;0;0;0;0;0;0;0;0;0;0;0;0;0;0;0;0;0
FR;4;2021-01-22;0;0;0;0;0;0;0;0;0;0;0;0;0;0;0;0;0;0
FR;4;2021-01-23;0;0;0;0;0;0;0;0;0;0;0;0;0;0;0;0;0;0
FR;4;2021-01-24;0;0;0;0;0;0;0;0;0;0;0;0;0;0;0;0;0;0
FR;4;2021-01-25;0;0;0;0;0;0;0;0;0;0;0;0;0;0;0;0;0;0
FR;4;2021-01-26;0;0;0;0;0;0;0;0;0;0;0;0;0;0;0;0;0;0
FR;4;2021-01-27;0;0;0;0;0;0;0;0;0;0;0;0;0;0;0;0;0;0
FR;4;2021-01-28;0;0;0;0;0;0;0;0;0;0;0;0;0;0;0;0;0;0
FR;4;2021-01-29;0;0;0;0;0;0;0;0;0;0;0;0;0;0;0;0;0;0
FR;4;2021-01-30;0;0;0;0;0;0;0;0;0;0;0;0;0;0;0;0;0;0
FR;4;2021-01-31;0;0;0;0;0;0;0;0;0;0;0;0;0;0;0;0;0;0
FR;4;2021-02-01;0;0;0;0;0;0;0;0;0;0;0;0;0;0;0;0;0;0
FR;4;2021-02-02;0;0;0;0;0;0;0;0;0;0;0;0;0;0;0;0;0;0
FR;4;2021-02-03;0;0;0;0;0;0;0;0;0;0;0;0;0;0;0;0;0;0
FR;4;2021-02-04;0;0;0;0;0;0;0;0;0;0;0;0;0;0;0;0;0;0
FR;4;2021-02-05;0;0;0;0;0;0;0;0;0;0;0;0;0;0;0;0;0;0
FR;4;2021-02-06;0;0;0;0;0;0;0;0;0;0;0;0;0;0;0;0;0;0
FR;4;2021-02-07;0;0;0;0;0;0;0;0;0;0;0;0;0;0;0;0;0;0
FR;4;2021-02-08;0;0;0;0;0;0;0;0;0;0;0;0;0;0;0;0;0;0
FR;4;2021-02-09;0;0;0;0;0;0;0;0;0;0;0;0;0;0;0;0;0;0
FR;4;2021-02-10;0;0;0;0;0;0;0;0;0;0;0;0;0;0;0;0;0;0
FR;4;2021-02-11;0;0;0;0;0;0;0;0;0;0;0;0;0;0;0;0;0;0
FR;4;2021-02-12;0;0;0;0;0;0;0;0;0;0;0;0;0;0;0;0;0;0
FR;4;2021-02-13;0;0;0;0;0;0;0;0;0;0;0;0;0;0;0;0;0;0
FR;4;2021-02-14;0;0;0;0;0;0;0;0;0;0;0;0;0;0;0;0;0;0
FR;4;2021-02-15;0;0;0;0;0;0;0;0;0;0;0;0;0;0;0;0;0;0
FR;4;2021-02-16;0;0;0;0;0;0;0;0;0;0;0;0;0;0;0;0;0;0
FR;4;2021-02-17;0;0;0;0;0;0;0;0;0;0;0;0;0;0;0;0;0;0
FR;4;2021-02-18;0;0;0;0;0;0;0;0;0;0;0;0;0;0;0;0;0;0
FR;4;2021-02-19;0;0;0;0;0;0;0;0;0;0;0;0;0;0;0;0;0;0
FR;4;2021-02-20;0;0;0;0;0;0;0;0;0;0;0;0;0;0;0;0;0;0
FR;4;2021-02-21;0;0;0;0;0;0;0;0;0;0;0;0;0;0;0;0;0;0
FR;4;2021-02-22;0;0;0;0;0;0;0;0;0;0;0;0;0;0;0;0;0;0
FR;4;2021-02-23;0;0;0;0;0;0;0;0;0;0;0;0;0;0;0;0;0;0
FR;4;2021-02-24;0;0;0;0;0;0;0;0;0;0;0;0;0;0;0;0;0;0
FR;4;2021-02-25;0;0;0;0;0;0;0;0;0;0;0;0;0;0;0;0;0;0
FR;4;2021-02-26;0;0;0;0;0;0;0;0;0;0;0;0;0;0;0;0;0;0
FR;4;2021-02-27;0;0;0;0;0;0;0;0;0;0;0;0;0;0;0;0;0;0
FR;4;2021-02-28;0;0;0;0;0;0;0;0;0;0;0;0;0;0;0;0;0;0
FR;4;2021-03-01;0;0;0;0;0;0;0;0;0;0;0;0;0;0;0;0;0;0
FR;4;2021-03-02;0;0;0;0;0;0;0;0;0;0;0;0;0;0;0;0;0;0
FR;4;2021-03-03;0;0;0;0;0;0;0;0;0;0;0;0;0;0;0;0;0;0
FR;4;2021-03-04;0;0;0;0;0;0;0;0;0;0;0;0;0;0;0;0;0;0
FR;4;2021-03-05;0;0;0;0;0;0;0;0;0;0;0;0;0;0;0;0;0;0
FR;4;2021-03-06;0;0;0;0;0;0;0;0;0;0;0;0;0;0;0;0;0;0
FR;4;2021-03-07;0;0;0;0;0;0;0;0;0;0;0;0;0;0;0;0;0;0
FR;4;2021-03-08;0;0;0;0;0;0;0;0;0;0;0;0;0;0;0;0;0;0
FR;4;2021-03-09;0;0;0;0;0;0;0;0;0;0;0;0;0;0;0;0;0;0
FR;4;2021-03-10;0;0;0;0;0;0;0;0;0;0;0;0;0;0;0;0;0;0
FR;4;2021-03-11;0;0;0;0;0;0;0;0;0;0;0;0;0;0;0;0;0;0
FR;4;2021-03-12;0;0;0;0;0;0;0;0;0;0;0;0;0;0;0;0;0;0
FR;4;2021-03-13;0;0;0;0;0;0;0;0;0;0;0;0;0;0;0;0;0;0
FR;4;2021-03-14;0;0;0;0;0;0;0;0;0;0;0;0;0;0;0;0;0;0
FR;4;2021-03-15;0;0;0;0;0;0;0;0;0;0;0;0;0;0;0;0;0;0
FR;4;2021-03-16;0;0;0;0;0;0;0;0;0;0;0;0;0;0;0;0;0;0
FR;4;2021-03-17;0;0;0;0;0;0;0;0;0;0;0;0;0;0;0;0;0;0
FR;4;2021-03-18;0;0;0;0;0;0;0;0;0;0;0;0;0;0;0;0;0;0
FR;4;2021-03-19;0;0;0;0;0;0;0;0;0;0;0;0;0;0;0;0;0;0
FR;4;2021-03-20;0;0;0;0;0;0;0;0;0;0;0;0;0;0;0;0;0;0
FR;4;2021-03-21;0;0;0;0;0;0;0;0;0;0;0;0;0;0;0;0;0;0
FR;4;2021-03-22;0;0;0;0;0;0;0;0;0;0;0;0;0;0;0;0;0;0
FR;4;2021-03-23;0;0;0;0;0;0;0;0;0;0;0;0;0;0;0;0;0;0
FR;4;2021-03-24;0;0;0;0;0;0;0;0;0;0;0;0;0;0;0;0;0;0
FR;4;2021-03-25;0;0;0;0;0;0;0;0;0;0;0;0;0;0;0;0;0;0
FR;4;2021-03-26;0;0;0;0;0;0;0;0;0;0;0;0;0;0;0;0;0;0
FR;4;2021-03-27;0;0;0;0;0;0;0;0;0;0;0;0;0;0;0;0;0;0
FR;4;2021-03-28;0;0;0;0;0;0;0;0;0;0;0;0;0;0;0;0;0;0
FR;4;2021-03-29;0;0;0;0;0;0;0;0;0;0;0;0;0;0;0;0;0;0
FR;4;2021-03-30;0;0;0;0;0;0;0;0;0;0;0;0;0;0;0;0;0;0
FR;4;2021-03-31;0;0;0;0;0;0;0;0;0;0;0;0;0;0;0;0;0;0
FR;4;2021-04-01;0;0;0;0;0;0;0;0;0;0;0;0;0;0;0;0;0;0
FR;4;2021-04-02;0;0;0;0;0;0;0;0;0;0;0;0;0;0;0;0;0;0
FR;4;2021-04-03;0;0;0;0;0;0;0;0;0;0;0;0;0;0;0;0;0;0
FR;4;2021-04-04;0;0;0;0;0;0;0;0;0;0;0;0;0;0;0;0;0;0
FR;4;2021-04-05;0;0;0;0;0;0;0;0;0;0;0;0;0;0;0;0;0;0
FR;4;2021-04-06;0;0;0;0;0;0;0;0;0;0;0;0;0;0;0;0;0;0
FR;4;2021-04-07;0;0;0;0;0;0;0;0;0;0;0;0;0;0;0;0;0;0
FR;4;2021-04-08;0;0;0;0;0;0;0;0;0;0;0;0;0;0;0;0;0;0
FR;4;2021-04-09;0;0;0;0;0;0;0;0;0;0;0;0;0;0;0;0;0;0
FR;4;2021-04-10;0;0;0;0;0;0;0;0;0;0;0;0;0;0;0;0;0;0
FR;4;2021-04-11;0;0;0;0;0;0;0;0;0;0;0;0;0;0;0;0;0;0
FR;4;2021-04-12;0;0;0;0;0;0;0;0;0;0;0;0;0;0;0;0;0;0
FR;4;2021-04-13;0;0;0;0;0;0;0;0;0;0;0;0;0;0;0;0;0;0
FR;4;2021-04-14;0;0;0;0;0;0;0;0;0;0;0;0;0;0;0;0;0;0
FR;4;2021-04-15;0;0;0;0;0;0;0;0;0;0;0;0;0;0;0;0;0;0
FR;4;2021-04-16;0;0;0;0;0;0;0;0;0;0;0;0;0;0;0;0;0;0
FR;4;2021-04-17;0;0;0;0;0;0;0;0;0;0;0;0;0;0;0;0;0;0
FR;4;2021-04-18;0;0;0;0;0;0;0;0;0;0;0;0;0;0;0;0;0;0
FR;4;2021-04-19;0;0;0;0;0;0;0;0;0;0;0;0;0;0;0;0;0;0
FR;4;2021-04-20;0;0;0;0;0;0;0;0;0;0;0;0;0;0;0;0;0;0
FR;4;2021-04-21;0;0;0;0;0;0;0;0;0;0;0;0;0;0;0;0;0;0
FR;4;2021-04-22;0;0;0;0;0;0;0;0;0;0;0;0;0;0;0;0;0;0
FR;4;2021-04-23;3666;0;0;0;3628;0;0;0;0;3666;0;0;0;3628;0;0;0;0
FR;4;2021-04-24;1569;1;0;0;1558;0;0;0;0;5235;1;0;0;5186;0;0;0;0
FR;4;2021-04-25;125;0;0;0;125;0;0;0;0;5360;1;0;0;5311;0;0;0;0
FR;4;2021-04-26;2871;1;0;0;2860;0;0;0;0;8231;2;0;0;8171;0;0;0;0
FR;4;2021-04-27;9520;3;0;0;9501;0;0;0;0;17751;5;0;0;17672;0;0;0;0
FR;4;2021-04-28;9910;6;0;0;9885;0;0;0;0;27661;11;0;0;27557;0;0;0;0
FR;4;2021-04-29;15996;8;0;0;15980;0;0;0;0;43657;19;0;0;43537;0;0;0;0
FR;4;2021-04-30;19233;10;0;0;19204;0;0;0;0;62890;29;0;0;62741;0;0;0;0
FR;4;2021-05-01;1994;6;0;0;1992;0;0;0;0;64884;35;0;0;64733;0;0;0;0
FR;4;2021-05-02;484;0;0;0;482;0;0;0;0;65368;35;0;0;65215;0;0;0;0
FR;4;2021-05-03;5067;2;0;0;5060;0;0;0;0;70435;37;0;0;70275;0;0;0;0
FR;4;2021-05-04;8411;11;0;0;8400;0;0;0;0;78846;48;0;0;78675;0;0;0;0
FR;4;2021-05-05;6193;7;0;0;6188;0;0;0;0;85039;55;0;0;84863;0;0;0;0
FR;4;2021-05-06;11388;11;0;0;11385;0;0;0;0;96427;66;0;0;96248;0;0;0;0
FR;4;2021-05-07;19126;9;0;0;19087;0;0;0;0;115553;75;0;0;115335;0;0;0;0
FR;4;2021-05-08;2377;6;0;0;2381;0;0;0;0;117930;81;0;0;117716;0;0;0;0
FR;4;2021-05-09;692;3;0;0;693;0;0;0;0;118622;84;0;0;118409;0;0;0;0
FR;4;2021-05-10;7245;5;1;0;7242;0;0;0;0;125867;89;1;0;125651;0;0;0;0
FR;4;2021-05-11;14325;13;0;0;14305;0;0;0;0;140192;102;1;0;139956;0;0;0;0
FR;4;2021-05-12;10176;15;0;0;10179;0;0;0;0;150368;117;1;0;150135;0;0;0;0
FR;4;2021-05-13;1584;4;0;0;1585;0;0;0;0;151952;121;1;0;151720;0;0;0;0
FR;4;2021-05-14;7768;7;0;0;7762;0;0;0;0;159720;128;1;0;159482;0;0;0;0
FR;4;2021-05-15;3721;8;1;0;3720;0;0;0;0;163441;136;2;0;163202;0;0;0;0
FR;4;2021-05-16;417;1;0;0;417;0;0;0;0;163858;137;2;0;163619;0;0;0;0
FR;4;2021-05-17;4484;7;0;0;4483;0;0;0;0;168342;144;2;0;168102;0;0;0;0
FR;4;2021-05-18;8769;10;0;0;8769;0;0;0;0;177111;154;2;0;176871;0;0;0;0
FR;4;2021-05-19;5699;7;0;0;5701;0;0;0;0;182810;161;2;0;182572;0;0;0;0
FR;4;2021-05-20;9487;8;0;0;9479;0;0;0;0;192297;169;2;0;192051;0;0;0;0
FR;4;2021-05-21;12816;30;0;0;12823;0;0;0;0;205113;199;2;0;204874;0;0;0;0
FR;4;2021-05-22;5061;15;0;0;5068;0;0;0;0;210174;214;2;0;209942;0;0;0;0
FR;4;2021-05-23;498;4;0;0;501;0;0;0;0;210672;218;2;0;210443;0;0;0;0
FR;4;2021-05-24;1061;7;0;0;1065;0;0;0;0;211733;225;2;0;211508;0;0;0;0
FR;4;2021-05-25;7637;16;0;0;7643;0;0;0;0;219370;241;2;0;219151;0;0;0;0
FR;4;2021-05-26;7731;16;0;0;7739;0;0;0;0;227101;257;2;0;226890;0;0;0;0
FR;4;2021-05-27;14338;35;0;0;14347;0;0;0;0;241439;292;2;0;241237;0;0;0;0
FR;4;2021-05-28;26593;82;1;0;26634;0;0;0;0;268032;374;3;0;267871;0;0;0;0
FR;4;2021-05-29;11385;19;0;0;11385;0;0;0;0;279417;393;3;0;279256;0;0;0;0
FR;4;2021-05-30;974;7;0;0;973;0;0;0;0;280391;400;3;0;280229;0;0;0;0
FR;4;2021-05-31;12700;21;0;0;12700;0;0;0;0;293091;421;3;0;292929;0;0;0;0
FR;4;2021-06-01;20283;48;1;0;20301;0;0;0;0;313374;469;4;0;313230;0;0;0;0
FR;4;2021-06-02;14525;33;0;0;14537;0;0;0;0;327899;502;4;0;327767;0;0;0;0
FR;4;2021-06-03;19436;24;1;0;19434;0;0;0;0;347335;526;5;0;347201;0;0;0;0
FR;4;2021-06-04;22520;48;0;0;22538;0;0;0;0;369855;574;5;0;369739;0;0;0;0
FR;4;2021-06-05;9717;32;0;0;9721;0;0;0;0;379572;606;5;0;379460;0;0;0;0
FR;4;2021-06-06;1041;2;0;0;1037;0;0;0;0;380613;608;5;0;380497;0;0;0;0
FR;4;2021-06-07;9230;19;0;0;9238;0;0;0;0;389843;627;5;0;389735;0;0;0;0
FR;4;2021-06-08;14614;32;0;0;14626;0;0;0;0;404457;659;5;0;404361;0;0;0;0
FR;4;2021-06-09;12217;25;0;0;12225;0;0;0;0;416674;684;5;0;416586;0;0;0;0
FR;4;2021-06-10;15407;30;0;0;15415;0;0;0;0;432081;714;5;0;432001;0;0;0;0
FR;4;2021-06-11;16989;57;0;0;17016;0;0;0;0;449070;771;5;0;449017;0;0;0;0
FR;4;2021-06-12;7453;27;0;0;7478;0;0;0;0;456523;798;5;0;456495;0;0;0;0
FR;4;2021-06-13;908;3;0;0;910;0;0;0;0;457431;801;5;0;457405;0;0;0;0
FR;4;2021-06-14;6652;27;0;0;6662;0;0;0;0;464083;828;5;0;464067;0;0;0;0
FR;4;2021-06-15;10895;39;0;0;10912;0;0;0;0;474978;867;5;0;474979;0;0;0;0
FR;4;2021-06-16;8909;17;0;0;8917;0;0;0;0;483887;884;5;0;483896;0;0;0;0
FR;4;2021-06-17;10903;37;0;0;10915;0;0;0;0;494790;921;5;0;494811;0;0;0;0
FR;4;2021-06-18;12427;45;0;0;12454;0;0;0;0;507217;966;5;0;507265;0;0;0;0
FR;4;2021-06-19;5567;25;0;0;5587;0;0;0;0;512784;991;5;0;512852;0;0;0;0
FR;4;2021-06-20;828;5;0;0;832;0;0;0;0;513612;996;5;0;513684;0;0;0;0
FR;4;2021-06-21;5103;21;0;0;5103;0;0;0;0;518715;1017;5;0;518787;0;0;0;0
FR;4;2021-06-22;7914;29;2;0;7932;0;0;0;0;526629;1046;7;0;526719;0;0;0;0
FR;4;2021-06-23;7105;43;2;0;7132;0;0;0;0;533734;1089;9;0;533851;0;0;0;0
FR;4;2021-06-24;8656;46;1;0;8688;0;0;0;0;542390;1135;10;0;542539;0;0;0;0
FR;4;2021-06-25;10178;41;2;0;10210;0;0;0;0;552568;1176;12;0;552749;0;0;0;0
FR;4;2021-06-26;4853;21;0;0;4870;0;0;0;0;557421;1197;12;0;557619;0;0;0;0
FR;4;2021-06-27;769;4;0;0;771;0;0;0;0;558190;1201;12;0;558390;0;0;0;0
FR;4;2021-06-28;4834;16;1;0;4842;0;0;0;0;563024;1217;13;0;563232;0;0;0;0
FR;4;2021-06-29;7111;28;2;0;7120;0;0;0;0;570135;1245;15;0;570352;0;0;0;0
FR;4;2021-06-30;6727;40;2;0;6755;0;0;0;0;576862;1285;17;0;577107;0;0;0;0
FR;4;2021-07-01;8212;42;0;0;8234;0;0;0;0;585074;1327;17;0;585341;0;0;0;0
FR;4;2021-07-02;9430;53;1;0;9470;0;0;0;0;594504;1380;18;0;594811;0;0;0;0
FR;4;2021-07-03;4847;20;0;0;4862;0;0;0;0;599351;1400;18;0;599673;0;0;0;0
FR;4;2021-07-04;690;5;0;0;692;0;0;0;0;600041;1405;18;0;600365;0;0;0;0
FR;4;2021-07-05;4771;19;2;0;4782;0;0;0;0;604812;1424;20;0;605147;0;0;0;0
FR;4;2021-07-06;7729;29;4;0;7742;0;0;0;0;612541;1453;24;0;612889;0;0;0;0
FR;4;2021-07-07;7088;34;2;0;7100;0;0;0;0;619629;1487;26;0;619989;0;0;0;0
FR;4;2021-07-08;9233;40;2;0;9256;0;0;0;0;628862;1527;28;0;629245;0;0;0;0
FR;4;2021-07-09;10282;34;1;0;10305;0;0;0;0;639144;1561;29;0;639550;0;0;0;0
FR;4;2021-07-10;4639;14;2;0;4646;0;0;0;0;643783;1575;31;0;644196;0;0;0;0
FR;4;2021-07-11;583;4;1;0;581;0;0;0;0;644366;1579;32;0;644777;0;0;0;0
FR;4;2021-07-12;5877;29;0;0;5899;0;0;0;0;650243;1608;32;0;650676;0;0;0;0
FR;4;2021-07-13;14231;29;0;0;14249;0;0;0;0;664474;1637;32;0;664925;0;0;0;0
FR;4;2021-07-14;2291;15;0;0;2291;0;0;0;0;666765;1652;32;0;667216;0;0;0;0
FR;4;2021-07-15;18238;37;0;0;18255;0;0;0;0;685003;1689;32;0;685471;0;0;0;0
FR;4;2021-07-16;22838;71;2;0;22888;0;0;0;0;707841;1760;34;0;708359;0;0;0;0
FR;4;2021-07-17;9741;20;0;0;9749;0;0;0;0;717582;1780;34;0;718108;0;0;0;0
FR;4;2021-07-18;1358;5;0;0;1361;0;0;0;0;718940;1785;34;0;719469;0;0;0;0
FR;4;2021-07-19;12991;30;1;0;13016;0;0;0;0;731931;1815;35;0;732485;0;0;0;0
FR;4;2021-07-20;17344;26;1;0;17360;0;0;0;0;749275;1841;36;0;749845;0;0;0;0
FR;4;2021-07-21;15622;33;0;0;15642;0;0;0;0;764897;1874;36;0;765487;0;0;0;0
FR;4;2021-07-22;18247;45;2;0;18271;0;0;0;0;783144;1919;38;0;783758;0;0;0;0
FR;4;2021-07-23;20419;57;7;0;20452;0;0;0;0;803563;1976;45;0;804210;0;0;0;0
FR;4;2021-07-24;9289;34;0;0;9304;0;0;0;0;812852;2010;45;0;813514;0;0;0;0
FR;4;2021-07-25;1356;11;0;0;1358;0;0;0;0;814208;2021;45;0;814872;0;0;0;0
FR;4;2021-07-26;11048;23;0;0;11055;0;0;0;0;825256;2044;45;0;825927;0;0;0;0
FR;4;2021-07-27;14687;35;3;0;14707;0;0;0;0;839943;2079;48;0;840634;0;0;0;0
FR;4;2021-07-28;12936;26;2;0;12953;0;0;0;0;852879;2105;50;0;853587;0;0;0;0
FR;4;2021-07-29;14096;54;4;0;14137;0;0;0;0;866975;2159;54;0;867724;0;0;0;0
FR;4;2021-07-30;15502;46;2;0;15533;0;0;0;0;882477;2205;56;0;883257;0;0;0;0
FR;4;2021-07-31;6845;14;2;0;6855;0;0;0;0;889322;2219;58;0;890112;0;0;0;0
FR;4;2021-08-01;906;1;0;0;901;0;0;0;0;890228;2220;58;0;891013;0;0;0;0
FR;4;2021-08-02;7917;31;0;0;7918;0;0;0;0;898145;2251;58;0;898931;0;0;0;0
FR;4;2021-08-03;10805;31;2;0;10801;0;0;0;0;908950;2282;60;0;909732;0;0;0;0
FR;4;2021-08-04;9749;29;0;0;9748;0;0;0;0;918699;2311;60;0;919480;0;0;0;0
FR;4;2021-08-05;9831;42;0;0;9837;0;0;0;0;928530;2353;60;0;929317;0;0;0;0
FR;4;2021-08-06;10201;30;3;0;10198;0;0;0;0;938731;2383;63;0;939515;0;0;0;0
FR;4;2021-08-07;5100;30;1;0;5116;0;0;0;0;943831;2413;64;0;944631;0;0;0;0
FR;4;2021-08-08;1224;13;0;0;1227;0;0;0;0;945055;2426;64;0;945858;0;0;0;0
FR;4;2021-08-09;6350;31;0;0;6343;0;0;0;0;951405;2457;64;0;952201;0;0;0;0
FR;4;2021-08-10;8753;18;0;0;8724;0;0;0;0;960158;2475;64;0;960925;0;0;0;0
FR;4;2021-08-11;7944;34;4;0;7933;0;0;0;0;968102;2509;68;0;968858;0;0;0;0
FR;4;2021-08-12;8585;31;1;0;8573;0;0;0;0;976687;2540;69;0;977431;0;0;0;0
FR;4;2021-08-13;7559;25;0;1;7546;0;0;0;0;984246;2565;69;1;984977;0;0;0;0
FR;4;2021-08-14;3793;20;0;0;3777;0;0;0;0;988039;2585;69;1;988754;0;0;0;0
FR;4;2021-08-15;771;5;0;0;773;0;0;0;0;988810;2590;69;1;989527;0;0;0;0
FR;4;2021-08-16;4009;17;0;0;4004;0;0;0;0;992819;2607;69;1;993531;0;0;0;0
FR;4;2021-08-17;5631;17;1;0;5621;0;0;0;0;998450;2624;70;1;999152;0;0;0;0
FR;4;2021-08-18;5171;37;0;0;5188;0;0;0;0;1003621;2661;70;1;1004340;0;0;0;0
FR;4;2021-08-19;5488;34;3;0;5502;0;0;0;0;1009109;2695;73;1;1009842;0;0;0;0
FR;4;2021-08-20;5225;25;1;0;5235;0;0;0;0;1014334;2720;74;1;1015077;0;0;0;0
FR;4;2021-08-21;2311;22;1;0;2327;0;0;0;0;1016645;2742;75;1;1017404;0;0;0;0
FR;4;2021-08-22;414;2;0;0;415;0;0;0;0;1017059;2744;75;1;1017819;0;0;0;0
FR;4;2021-08-23;2935;21;1;0;2943;0;0;0;0;1019994;2765;76;1;1020762;0;0;0;0
FR;4;2021-08-24;3758;16;0;0;3761;0;0;0;0;1023752;2781;76;1;1024523;0;0;0;0
FR;4;2021-08-25;3545;25;1;0;3561;0;0;0;0;1027297;2806;77;1;1028084;0;0;0;0
FR;4;2021-08-26;3716;21;2;0;3728;0;0;0;0;1031013;2827;79;1;1031812;0;0;0;0
FR;4;2021-08-27;3617;31;2;0;3635;0;0;0;0;1034630;2858;81;1;1035447;0;0;0;0
FR;4;2021-08-28;1732;10;1;0;1737;0;0;0;0;1036362;2868;82;1;1037184;0;0;0;0
FR;4;2021-08-29;385;7;1;0;389;0;0;0;0;1036747;2875;83;1;1037573;0;0;0;0
FR;4;2021-08-30;2010;25;0;0;2018;16;0;0;0;1038757;2900;83;1;1039591;16;0;0;0
FR;4;2021-08-31;2486;21;0;0;2493;14;0;0;0;1041243;2921;83;1;1042084;30;0;0;0
FR;4;2021-09-01;2085;38;1;0;2096;22;0;0;0;1043328;2959;84;1;1044180;52;0;0;0
FR;4;2021-09-02;2307;31;4;0;2320;18;0;0;0;1045635;2990;88;1;1046500;70;0;0;0
FR;4;2021-09-03;2365;44;5;0;2374;36;0;0;0;1048000;3034;93;1;1048874;106;0;0;0
FR;4;2021-09-04;1374;18;0;0;1381;9;0;0;0;1049374;3052;93;1;1050255;115;0;0;0
FR;4;2021-09-05;433;2;0;0;433;2;0;0;0;1049807;3054;93;1;1050688;117;0;0;0
FR;4;2021-09-06;1713;63;0;0;1750;25;0;0;0;1051520;3117;93;1;1052438;142;0;0;0
FR;4;2021-09-07;1681;18;0;0;1690;8;0;0;0;1053201;3135;93;1;1054128;150;0;0;0
FR;4;2021-09-08;1286;26;3;0;1291;19;0;0;0;1054487;3161;96;1;1055419;169;0;0;0
FR;4;2021-09-09;1393;23;2;0;1403;9;0;0;0;1055880;3184;98;1;1056822;178;0;0;0
FR;4;2021-09-10;1521;31;2;0;1525;23;1;0;0;1057401;3215;100;1;1058347;201;1;0;0
FR;4;2021-09-11;746;11;0;0;749;3;0;0;0;1058147;3226;100;1;1059096;204;1;0;0
FR;4;2021-09-12;169;5;0;0;170;4;0;0;0;1058316;3231;100;1;1059266;208;1;0;0
FR;4;2021-09-13;1325;22;1;0;1328;16;0;0;0;1059641;3253;101;1;1060594;224;1;0;0
FR;4;2021-09-14;1504;9;2;0;1506;7;0;0;0;1061145;3262;103;1;1062100;231;1;0;0
FR;4;2021-09-15;1095;28;1;0;1098;25;0;0;0;1062240;3290;104;1;1063198;256;1;0;0
FR;4;2021-09-16;1106;22;2;0;1110;15;0;0;0;1063346;3312;106;1;1064308;271;1;0;0
FR;4;2021-09-17;897;21;1;0;904;12;0;0;0;1064243;3333;107;1;1065212;283;1;0;0
FR;4;2021-09-18;464;7;1;0;465;6;0;0;0;1064707;3340;108;1;1065677;289;1;0;0
FR;4;2021-09-19;182;3;0;0;183;2;0;0;0;1064889;3343;108;1;1065860;291;1;0;0
FR;4;2021-09-20;452;19;0;0;458;13;0;0;0;1065341;3362;108;1;1066318;304;1;0;0
FR;4;2021-09-21;433;11;0;0;435;7;0;0;0;1065774;3373;108;1;1066753;311;1;0;0
FR;4;2021-09-22;376;19;2;0;383;13;0;0;0;1066150;3392;110;1;1067136;324;1;0;0
FR;4;2021-09-23;487;15;1;0;488;14;0;0;0;1066637;3407;111;1;1067624;338;1;0;0
FR;4;2021-09-24;414;13;2;0;418;9;0;0;0;1067051;3420;113;1;1068042;347;1;0;0
FR;4;2021-09-25;280;10;1;0;281;5;0;0;0;1067331;3430;114;1;1068323;352;1;0;0
FR;4;2021-09-26;74;2;0;0;75;1;0;0;0;1067405;3432;114;1;1068398;353;1;0;0
FR;4;2021-09-27;269;10;1;0;270;8;0;0;0;1067674;3442;115;1;1068668;361;1;0;0
FR;4;2021-09-28;319;8;0;0;319;8;0;0;0;1067993;3450;115;1;1068987;369;1;0;0
FR;4;2021-09-29;378;19;1;0;380;13;0;0;0;1068371;3469;116;1;1069367;382;1;0;0
FR;4;2021-09-30;365;41;0;0;379;22;0;0;0;1068736;3510;116;1;1069746;404;1;0;0
FR;4;2021-10-01;411;56;0;0;413;50;0;0;0;1069147;3566;116;1;1070159;454;1;0;0
FR;4;2021-10-02;196;23;1;0;198;14;0;0;0;1069343;3589;117;1;1070357;468;1;0;0
FR;4;2021-10-03;86;1;0;0;87;0;0;0;0;1069429;3590;117;1;1070444;468;1;0;0
FR;4;2021-10-04;363;20;1;0;367;16;0;0;0;1069792;3610;118;1;1070811;484;1;0;0
FR;4;2021-10-05;286;19;2;0;288;15;0;0;0;1070078;3629;120;1;1071099;499;1;0;0
FR;4;2021-10-06;249;23;1;0;254;18;0;0;0;1070327;3652;121;1;1071353;517;1;0;0
FR;4;2021-10-07;267;25;2;0;272;13;0;0;0;1070594;3677;123;1;1071625;530;1;0;0
FR;4;2021-10-08;357;24;2;0;360;20;0;0;0;1070951;3701;125;1;1071985;550;1;0;0
FR;4;2021-10-09;194;6;6;0;195;7;0;0;0;1071145;3707;131;1;1072180;557;1;0;0
FR;4;2021-10-10;97;3;2;0;99;3;0;0;0;1071242;3710;133;1;1072279;560;1;0;0
FR;4;2021-10-11;251;15;1;0;252;14;0;0;0;1071493;3725;134;1;1072531;574;1;0;0
FR;4;2021-10-12;211;14;0;0;211;13;0;0;0;1071704;3739;134;1;1072742;587;1;0;0
FR;4;2021-10-13;221;28;1;0;224;25;0;0;0;1071925;3767;135;1;1072966;612;1;0;0
FR;4;2021-10-14;316;21;4;0;320;15;0;0;0;1072241;3788;139;1;1073286;627;1;0;0
FR;4;2021-10-15;323;24;5;0;324;25;0;0;0;1072564;3812;144;1;1073610;652;1;0;0
FR;4;2021-10-16;167;6;2;0;167;6;0;0;0;1072731;3818;146;1;1073777;658;1;0;0
FR;4;2021-10-17;70;2;0;0;71;1;0;0;0;1072801;3820;146;1;1073848;659;1;0;0
FR;4;2021-10-18;281;16;1;0;283;13;0;0;0;1073082;3836;147;1;1074131;672;1;0;0
FR;4;2021-10-19;216;14;2;0;216;15;0;0;0;1073298;3850;149;1;1074347;687;1;0;0
FR;4;2021-10-20;231;27;4;0;234;15;0;0;0;1073529;3877;153;1;1074581;702;1;0;0
FR;4;2021-10-21;243;18;0;0;245;14;0;0;0;1073772;3895;153;1;1074826;716;1;0;0
FR;4;2021-10-22;217;25;2;0;219;20;1;0;0;1073989;3920;155;1;1075045;736;2;0;0
FR;4;2021-10-23;117;16;1;0;118;15;0;0;0;1074106;3936;156;1;1075163;751;2;0;0
FR;4;2021-10-24;39;4;0;0;39;1;0;0;0;1074145;3940;156;1;1075202;752;2;0;0
FR;4;2021-10-25;218;7;2;0;218;9;0;0;0;1074363;3947;158;1;1075420;761;2;0;0
FR;4;2021-10-26;200;14;0;0;202;12;0;0;0;1074563;3961;158;1;1075622;773;2;0;0
FR;4;2021-10-27;196;12;4;0;196;12;2;0;0;1074759;3973;162;1;1075818;785;4;0;0
FR;4;2021-10-28;186;18;5;0;186;22;0;0;0;1074945;3991;167;1;1076004;807;4;0;0
FR;4;2021-10-29;225;17;2;0;226;15;0;0;0;1075170;4008;169;1;1076230;822;4;0;0
FR;4;2021-10-30;104;2;1;0;105;2;0;0;0;1075274;4010;170;1;1076335;824;4;0;0
FR;4;2021-10-31;59;3;2;0;60;3;0;0;0;1075333;4013;172;1;1076395;827;4;0;0
FR;4;2021-11-01;76;27;4;0;77;24;3;0;0;1075409;4040;176;1;1076472;851;7;0;0
FR;4;2021-11-02;164;21;2;0;165;21;0;0;0;1075573;4061;178;1;1076637;872;7;0;0
FR;4;2021-11-03;132;21;8;1;133;19;6;0;0;1075705;4082;186;2;1076770;891;13;0;0
FR;4;2021-11-04;187;15;1;0;188;12;1;0;0;1075892;4097;187;2;1076958;903;14;0;0
FR;4;2021-11-05;130;17;1;0;131;16;0;0;0;1076022;4114;188;2;1077089;919;14;0;0
FR;4;2021-11-06;81;6;1;0;81;6;0;0;0;1076103;4120;189;2;1077170;925;14;0;0
FR;4;2021-11-07;83;2;2;0;83;4;0;0;0;1076186;4122;191;2;1077253;929;14;0;0
FR;4;2021-11-08;162;20;1;0;163;20;0;0;0;1076348;4142;192;2;1077416;949;14;0;0
FR;4;2021-11-09;159;14;3;0;159;16;0;0;0;1076507;4156;195;2;1077575;965;14;0;0
FR;4;2021-11-10;121;30;7;0;121;33;2;0;0;1076628;4186;202;2;1077696;998;16;0;0
FR;4;2021-11-11;100;10;1;0;100;11;0;0;0;1076728;4196;203;2;1077796;1009;16;0;0
FR;4;2021-11-12;106;19;2;0;107;18;1;0;0;1076834;4215;205;2;1077903;1027;17;0;0
FR;4;2021-11-13;74;15;2;0;75;14;0;0;0;1076908;4230;207;2;1077978;1041;17;0;0
FR;4;2021-11-14;55;5;4;0;56;8;0;0;0;1076963;4235;211;2;1078034;1049;17;0;0
FR;4;2021-11-15;99;26;2;0;101;24;2;0;0;1077062;4261;213;2;1078135;1073;19;0;0
FR;4;2021-11-16;108;14;3;0;108;17;0;0;0;1077170;4275;216;2;1078243;1090;19;0;0
FR;4;2021-11-17;121;30;4;0;121;30;1;0;0;1077291;4305;220;2;1078364;1120;20;0;0
FR;4;2021-11-18;103;34;14;0;105;43;1;0;0;1077394;4339;234;2;1078469;1163;21;0;0
FR;4;2021-11-19;89;21;3;0;89;22;1;0;0;1077483;4360;237;2;1078558;1185;22;0;0
FR;4;2021-11-20;78;8;1;0;78;8;0;0;0;1077561;4368;238;2;1078636;1193;22;0;0
FR;4;2021-11-21;69;7;2;0;69;9;0;0;0;1077630;4375;240;2;1078705;1202;22;0;0
FR;4;2021-11-22;109;28;9;0;110;33;2;0;0;1077739;4403;249;2;1078815;1235;24;0;0
FR;4;2021-11-23;78;31;6;0;79;29;2;0;0;1077817;4434;255;2;1078894;1264;26;0;0
FR;4;2021-11-24;90;23;12;0;92;25;4;0;0;1077907;4457;267;2;1078986;1289;30;0;0
FR;4;2021-11-25;96;28;19;0;97;35;5;0;0;1078003;4485;286;2;1079083;1324;35;0;0
FR;4;2021-11-26;85;43;12;0;89;45;3;0;0;1078088;4528;298;2;1079172;1369;38;0;0
FR;4;2021-11-27;42;22;15;0;42;25;10;0;0;1078130;4550;313;2;1079214;1394;48;0;0
FR;4;2021-11-28;52;8;0;0;53;7;0;0;0;1078182;4558;313;2;1079267;1401;48;0;0
FR;4;2021-11-29;90;31;16;0;90;40;2;0;0;1078272;4589;329;2;1079357;1441;50;0;0
FR;4;2021-11-30;77;37;13;0;77;42;2;0;0;1078349;4626;342;2;1079434;1483;52;0;0
FR;4;2021-12-01;88;60;19;0;88;67;11;0;0;1078437;4686;361;2;1079522;1550;63;0;0
FR;4;2021-12-02;112;48;21;0;116;56;3;0;0;1078549;4734;382;2;1079638;1606;66;0;0
FR;4;2021-12-03;104;36;15;0;104;44;4;0;0;1078653;4770;397;2;1079742;1650;70;0;0
FR;4;2021-12-04;72;31;18;0;74;44;1;0;0;1078725;4801;415;2;1079816;1694;71;0;0
FR;4;2021-12-05;64;7;1;0;65;7;0;0;0;1078789;4808;416;2;1079881;1701;71;0;0
FR;4;2021-12-06;111;46;19;0;111;59;3;0;0;1078900;4854;435;2;1079992;1760;74;0;0
FR;4;2021-12-07;85;37;9;0;88;36;3;0;0;1078985;4891;444;2;1080080;1796;77;0;0
FR;4;2021-12-08;72;31;17;0;74;38;7;0;0;1079057;4922;461;2;1080154;1834;84;0;0
FR;4;2021-12-09;65;32;10;1;65;39;3;0;0;1079122;4954;471;3;1080219;1873;87;0;0
FR;4;2021-12-10;63;64;20;0;64;68;10;0;0;1079185;5018;491;3;1080283;1941;97;0;0
FR;4;2021-12-11;29;34;7;0;29;34;3;0;0;1079214;5052;498;3;1080312;1975;100;0;0
FR;4;2021-12-12;29;12;3;0;29;15;0;0;0;1079243;5064;501;3;1080341;1990;100;0;0
FR;4;2021-12-13;76;40;14;0;78;49;2;0;0;1079319;5104;515;3;1080419;2039;102;0;0
FR;4;2021-12-14;61;43;17;0;62;54;2;0;0;1079380;5147;532;3;1080481;2093;104;0;0
FR;4;2021-12-15;68;64;29;0;68;85;6;0;0;1079448;5211;561;3;1080549;2178;110;0;0
FR;4;2021-12-16;34;45;19;0;35;58;4;0;0;1079482;5256;580;3;1080584;2236;114;0;0
FR;4;2021-12-17;39;55;11;0;39;59;6;0;0;1079521;5311;591;3;1080623;2295;120;0;0
FR;4;2021-12-18;49;30;2;0;50;31;0;0;0;1079570;5341;593;3;1080673;2326;120;0;0
FR;4;2021-12-19;16;4;1;0;17;4;0;0;0;1079586;5345;594;3;1080690;2330;120;0;0
FR;4;2021-12-20;45;38;10;0;46;41;6;0;0;1079631;5383;604;3;1080736;2371;126;0;0
FR;4;2021-12-21;31;32;17;0;33;39;5;0;0;1079662;5415;621;3;1080769;2410;131;0;0
FR;4;2021-12-22;37;38;10;0;38;38;7;0;0;1079699;5453;631;3;1080807;2448;138;0;0
FR;4;2021-12-23;40;45;8;0;40;49;2;0;0;1079739;5498;639;3;1080847;2497;140;0;0
FR;4;2021-12-24;24;28;10;0;26;31;4;0;0;1079763;5526;649;3;1080873;2528;144;0;0
FR;4;2021-12-25;7;3;3;0;7;4;2;0;0;1079770;5529;652;3;1080880;2532;146;0;0
FR;4;2021-12-26;5;3;1;0;6;2;0;0;0;1079775;5532;653;3;1080886;2534;146;0;0
FR;4;2021-12-27;31;41;9;0;32;43;4;0;0;1079806;5573;662;3;1080918;2577;150;0;0
FR;4;2021-12-28;27;28;7;0;29;29;4;0;0;1079833;5601;669;3;1080947;2606;154;0;0
FR;4;2021-12-29;56;25;11;0;57;30;5;0;0;1079889;5626;680;3;1081004;2636;159;0;0
FR;4;2021-12-30;48;19;12;0;51;22;5;0;0;1079937;5645;692;3;1081055;2658;164;0;0
FR;4;2021-12-31;20;6;8;0;21;11;2;0;0;1079957;5651;700;3;1081076;2669;166;0;0
FR;4;2022-01-01;6;4;5;0;6;7;1;0;0;1079963;5655;705;3;1081082;2676;167;0;0
FR;4;2022-01-02;42;5;16;0;42;20;1;0;0;1080005;5660;721;3;1081124;2696;168;0;0
FR;4;2022-01-03;44;55;23;1;46;63;10;0;0;1080049;5715;744;4;1081170;2759;178;0;0
FR;4;2022-01-04;38;28;16;0;39;33;8;0;0;1080087;5743;760;4;1081209;2792;186;0;0
FR;4;2022-01-05;52;24;19;0;58;27;9;0;0;1080139;5767;779;4;1081267;2819;195;0;0
FR;4;2022-01-06;52;23;24;0;52;39;8;0;0;1080191;5790;803;4;1081319;2858;203;0;0
FR;4;2022-01-07;31;20;16;0;33;21;12;0;0;1080222;5810;819;4;1081352;2879;215;0;0
FR;4;2022-01-08;13;6;10;0;14;12;3;0;0;1080235;5816;829;4;1081366;2891;218;0;0
FR;4;2022-01-09;20;2;3;0;21;4;0;0;0;1080255;5818;832;4;1081387;2895;218;0;0
FR;4;2022-01-10;51;22;19;0;51;36;4;0;0;1080306;5840;851;4;1081438;2931;222;0;0
FR;4;2022-01-11;30;31;12;0;34;35;1;0;0;1080336;5871;863;4;1081472;2966;223;0;0
FR;4;2022-01-12;35;21;13;0;37;23;9;0;0;1080371;5892;876;4;1081509;2989;232;0;0
FR;4;2022-01-13;55;20;27;0;56;38;8;0;0;1080426;5912;903;4;1081565;3027;240;0;0
FR;4;2022-01-14;25;32;13;0;26;35;7;0;0;1080451;5944;916;4;1081591;3062;247;0;0
FR;4;2022-01-15;15;6;8;0;16;12;1;0;0;1080466;5950;924;4;1081607;3074;248;0;0
FR;4;2022-01-16;12;9;14;0;12;22;1;0;0;1080478;5959;938;4;1081619;3096;249;0;0
FR;4;2022-01-17;27;19;15;0;27;28;5;0;0;1080505;5978;953;4;1081646;3124;254;0;0
FR;4;2022-01-18;17;14;10;0;17;21;3;0;0;1080522;5992;963;4;1081663;3145;257;0;0
FR;4;2022-01-19;32;23;13;0;32;34;1;0;0;1080554;6015;976;4;1081695;3179;258;0;0
FR;4;2022-01-20;34;34;13;0;36;39;5;0;0;1080588;6049;989;4;1081731;3218;263;0;0
FR;4;2022-01-21;11;12;20;1;11;17;15;0;1;1080599;6061;1009;5;1081742;3235;278;0;1
FR;4;2022-01-22;30;13;3;0;30;14;2;0;0;1080629;6074;1012;5;1081772;3249;280;0;1
FR;4;2022-01-23;8;2;7;0;8;9;0;0;0;1080637;6076;1019;5;1081780;3258;280;0;1
FR;4;2022-01-24;14;21;9;0;15;28;1;0;0;1080651;6097;1028;5;1081795;3286;281;0;1
FR;4;2022-01-25;22;32;10;1;23;38;3;0;0;1080673;6129;1038;6;1081818;3324;284;0;1
FR;4;2022-01-26;20;17;9;1;21;21;4;0;0;1080693;6146;1047;7;1081839;3345;288;0;1
FR;4;2022-01-27;21;19;8;0;22;25;1;0;0;1080714;6165;1055;7;1081861;3370;289;0;1
FR;4;2022-01-28;13;23;8;0;14;26;4;0;0;1080727;6188;1063;7;1081875;3396;293;0;1
FR;4;2022-01-29;17;6;5;0;17;10;0;0;0;1080744;6194;1068;7;1081892;3406;293;0;1
FR;4;2022-01-30;19;3;2;0;19;5;0;0;0;1080763;6197;1070;7;1081911;3411;293;0;1
FR;4;2022-01-31;22;28;8;0;22;32;2;0;0;1080785;6225;1078;7;1081933;3443;295;0;1
FR;4;2022-02-01;13;24;12;0;15;24;9;0;0;1080798;6249;1090;7;1081948;3467;304;0;1
FR;4;2022-02-02;18;11;14;2;18;20;7;0;0;1080816;6260;1104;9;1081966;3487;311;0;1
FR;4;2022-02-03;16;24;11;0;18;29;4;0;0;1080832;6284;1115;9;1081984;3516;315;0;1
FR;4;2022-02-04;7;5;7;0;7;9;3;0;0;1080839;6289;1122;9;1081991;3525;318;0;1
FR;4;2022-02-05;7;14;1;0;8;13;1;0;0;1080846;6303;1123;9;1081999;3538;319;0;1
FR;4;2022-02-06;7;4;4;0;7;7;1;0;0;1080853;6307;1127;9;1082006;3545;320;0;1
FR;4;2022-02-07;15;19;8;0;17;19;6;0;0;1080868;6326;1135;9;1082023;3564;326;0;1
FR;4;2022-02-08;19;21;13;1;21;22;10;0;0;1080887;6347;1148;10;1082044;3586;336;0;1
FR;4;2022-02-09;17;12;9;0;18;17;2;0;0;1080904;6359;1157;10;1082062;3603;338;0;1
FR;4;2022-02-10;23;23;10;0;24;25;7;0;0;1080927;6382;1167;10;1082086;3628;345;0;1
FR;4;2022-02-11;18;15;8;0;18;20;3;0;0;1080945;6397;1175;10;1082104;3648;348;0;1
FR;4;2022-02-12;24;6;3;0;26;7;0;0;0;1080969;6403;1178;10;1082130;3655;348;0;1
FR;4;2022-02-13;7;3;3;0;7;6;0;0;0;1080976;6406;1181;10;1082137;3661;348;0;1
FR;4;2022-02-14;20;10;10;0;20;16;4;0;0;1080996;6416;1191;10;1082157;3677;352;0;1
FR;4;2022-02-15;18;7;2;0;18;8;0;0;0;1081014;6423;1193;10;1082175;3685;352;0;1
FR;4;2022-02-16;17;10;11;0;17;17;3;0;0;1081031;6433;1204;10;1082192;3702;355;0;1
FR;4;2022-02-17;11;4;5;0;11;7;2;0;0;1081042;6437;1209;10;1082203;3709;357;0;1
FR;4;2022-02-18;16;15;8;0;16;21;2;0;0;1081058;6452;1217;10;1082219;3730;359;0;1
FR;4;2022-02-19;16;4;2;0;17;5;0;0;0;1081074;6456;1219;10;1082236;3735;359;0;1
FR;4;2022-02-20;8;3;0;0;9;2;0;0;0;1081082;6459;1219;10;1082245;3737;359;0;1
FR;4;2022-02-21;24;4;4;0;24;6;2;0;0;1081106;6463;1223;10;1082269;3743;361;0;1
FR;4;2022-02-22;8;5;10;0;9;10;4;0;0;1081114;6468;1233;10;1082278;3753;365;0;1
FR;4;2022-02-23;17;6;10;0;17;10;5;0;0;1081131;6474;1243;10;1082295;3763;370;0;1
FR;4;2022-02-24;11;5;4;0;11;7;2;0;0;1081142;6479;1247;10;1082306;3770;372;0;1
FR;4;2022-02-25;16;5;7;0;16;6;6;0;0;1081158;6484;1254;10;1082322;3776;378;0;1
FR;4;2022-02-26;27;3;0;0;27;3;0;0;0;1081185;6487;1254;10;1082349;3779;378;0;1
FR;4;2022-02-27;9;0;1;0;9;1;0;0;0;1081194;6487;1255;10;1082358;3780;378;0;1
FR;4;2022-02-28;18;3;2;0;19;3;1;0;0;1081212;6490;1257;10;1082377;3783;379;0;1
FR;4;2022-03-01;8;4;7;0;8;5;5;0;0;1081220;6494;1264;10;1082385;3788;384;0;1
FR;4;2022-03-02;16;2;5;0;16;6;1;0;0;1081236;6496;1269;10;1082401;3794;385;0;1
FR;4;2022-03-03;19;5;3;0;19;6;1;0;0;1081255;6501;1272;10;1082420;3800;386;0;1
FR;4;2022-03-04;7;8;2;1;7;6;3;0;0;1081262;6509;1274;11;1082427;3806;389;0;1
FR;4;2022-03-05;9;2;0;0;9;2;0;0;0;1081271;6511;1274;11;1082436;3808;389;0;1
FR;4;2022-03-06;4;0;1;0;4;1;0;0;0;1081275;6511;1275;11;1082440;3809;389;0;1
FR;4;2022-03-07;10;6;2;0;10;5;2;0;0;1081285;6517;1277;11;1082450;3814;391;0;1
FR;4;2022-03-08;15;3;0;0;15;3;0;0;0;1081300;6520;1277;11;1082465;3817;391;0;1
FR;4;2022-03-09;9;7;2;0;11;7;0;0;0;1081309;6527;1279;11;1082476;3824;391;0;1
FR;4;2022-03-10;5;1;6;0;5;3;4;0;0;1081314;6528;1285;11;1082481;3827;395;0;1
FR;4;2022-03-11;10;4;5;0;12;2;5;0;0;1081324;6532;1290;11;1082493;3829;400;0;1
FR;4;2022-03-12;10;2;0;0;11;0;0;0;0;1081334;6534;1290;11;1082504;3829;400;0;1
FR;4;2022-03-13;6;2;1;0;7;2;0;0;0;1081340;6536;1291;11;1082511;3831;400;0;1
FR;4;2022-03-14;4;3;1;0;5;3;0;0;0;1081344;6539;1292;11;1082516;3834;400;0;1
FR;4;2022-03-15;8;6;3;0;10;5;2;0;0;1081352;6545;1295;11;1082526;3839;402;0;1
FR;4;2022-03-16;7;3;3;0;7;3;3;0;0;1081359;6548;1298;11;1082533;3842;405;0;1
FR;4;2022-03-17;3;4;1;0;3;5;0;0;0;1081362;6552;1299;11;1082536;3847;405;0;1
FR;4;2022-03-18;9;3;0;0;9;3;0;0;0;1081371;6555;1299;11;1082545;3850;405;0;1
FR;4;2022-03-19;1;1;1;0;1;2;0;0;0;1081372;6556;1300;11;1082546;3852;405;0;1
FR;4;2022-03-20;3;1;2;0;3;2;1;0;0;1081375;6557;1302;11;1082549;3854;406;0;1
FR;4;2022-03-21;6;4;1;0;6;5;0;0;0;1081381;6561;1303;11;1082555;3859;406;0;1
FR;4;2022-03-22;4;2;2;0;4;3;1;0;0;1081385;6563;1305;11;1082559;3862;407;0;1
FR;4;2022-03-23;6;4;5;0;6;8;1;0;0;1081391;6567;1310;11;1082565;3870;408;0;1
FR;4;2022-03-24;2;5;3;1;2;7;2;0;0;1081393;6572;1313;12;1082567;3877;410;0;1
FR;4;2022-03-25;3;1;2;0;3;1;2;0;0;1081396;6573;1315;12;1082570;3878;412;0;1
FR;4;2022-03-26;5;5;0;0;5;5;0;0;0;1081401;6578;1315;12;1082575;3883;412;0;1
FR;4;2022-03-27;1;0;3;0;1;2;1;0;0;1081402;6578;1318;12;1082576;3885;413;0;1
FR;4;2022-03-28;6;1;3;0;7;3;0;0;0;1081408;6579;1321;12;1082583;3888;413;0;1
FR;4;2022-03-29;9;0;4;1;9;0;2;0;0;1081417;6579;1325;13;1082592;3888;415;0;1
FR;4;2022-03-30;3;4;0;0;3;4;0;0;0;1081420;6583;1325;13;1082595;3892;415;0;1
FR;4;2022-03-31;3;3;2;1;3;4;1;0;0;1081423;6586;1327;14;1082598;3896;416;0;1
FR;4;2022-04-01;15;3;5;0;15;6;2;0;0;1081438;6589;1332;14;1082613;3902;418;0;1
FR;4;2022-04-02;4;4;0;0;5;3;0;0;0;1081442;6593;1332;14;1082618;3905;418;0;1
FR;4;2022-04-03;0;1;0;0;0;1;0;0;0;1081442;6594;1332;14;1082618;3906;418;0;1
FR;4;2022-04-04;4;4;4;0;5;5;2;0;0;1081446;6598;1336;14;1082623;3911;420;0;1
FR;4;2022-04-05;4;3;3;1;5;3;3;0;0;1081450;6601;1339;15;1082628;3914;423;0;1
FR;4;2022-04-06;6;1;0;0;6;1;0;0;0;1081456;6602;1339;15;1082634;3915;423;0;1
FR;4;2022-04-07;3;2;3;2;3;5;0;0;0;1081459;6604;1342;17;1082637;3920;423;0;1
FR;4;2022-04-08;4;2;1;0;4;2;1;0;0;1081463;6606;1343;17;1082641;3922;424;0;1
FR;4;2022-04-09;0;0;1;1;0;1;1;0;0;1081463;6606;1344;18;1082641;3923;425;0;1
FR;4;2022-04-10;2;2;0;0;2;2;0;0;0;1081465;6608;1344;18;1082643;3925;425;0;1
FR;4;2022-04-11;4;3;4;0;4;5;2;0;0;1081469;6611;1348;18;1082647;3930;427;0;1
FR;4;2022-04-12;5;1;4;0;5;2;3;0;0;1081474;6612;1352;18;1082652;3932;430;0;1
FR;4;2022-04-13;5;8;2;1;5;10;1;0;0;1081479;6620;1354;19;1082657;3942;431;0;1
FR;4;2022-04-14;6;4;2;1;7;5;1;0;0;1081485;6624;1356;20;1082664;3947;432;0;1
FR;4;2022-04-15;7;9;1;0;7;10;0;0;0;1081492;6633;1357;20;1082671;3957;432;0;1
FR;4;2022-04-16;1;0;0;0;1;0;0;0;0;1081493;6633;1357;20;1082672;3957;432;0;1
FR;4;2022-04-17;3;2;1;0;3;3;0;0;0;1081496;6635;1358;20;1082675;3960;432;0;1
FR;4;2022-04-18;2;2;6;0;2;4;4;0;0;1081498;6637;1364;20;1082677;3964;436;0;1
FR;4;2022-04-19;3;0;1;0;3;0;1;0;0;1081501;6637;1365;20;1082680;3964;437;0;1
FR;4;2022-04-20;15;4;1;1;16;3;1;0;0;1081516;6641;1366;21;1082696;3967;438;0;1
FR;4;2022-04-21;7;1;0;0;7;1;0;0;0;1081523;6642;1366;21;1082703;3968;438;0;1
FR;4;2022-04-22;1;1;2;0;1;2;1;0;0;1081524;6643;1368;21;1082704;3970;439;0;1
FR;4;2022-04-23;2;3;3;0;2;6;0;0;0;1081526;6646;1371;21;1082706;3976;439;0;1
FR;4;2022-04-24;0;3;0;0;0;3;0;0;0;1081526;6649;1371;21;1082706;3979;439;0;1
FR;4;2022-04-25;3;5;3;0;3;8;0;0;0;1081529;6654;1374;21;1082709;3987;439;0;1
FR;4;2022-04-26;5;6;1;0;5;6;1;0;0;1081534;6660;1375;21;1082714;3993;440;0;1
FR;4;2022-04-27;4;1;1;2;5;1;2;0;0;1081538;6661;1376;23;1082719;3994;442;0;1
FR;4;2022-04-28;3;5;5;1;3;7;4;0;0;1081541;6666;1381;24;1082722;4001;446;0;1
FR;4;2022-04-29;6;3;0;0;6;2;0;0;0;1081547;6669;1381;24;1082728;4003;446;0;1
FR;4;2022-04-30;2;1;1;0;2;2;0;0;0;1081549;6670;1382;24;1082730;4005;446;0;1
FR;4;2022-05-01;0;0;0;0;0;0;0;0;0;1081549;6670;1382;24;1082730;4005;446;0;1
FR;4;2022-05-02;5;16;6;0;5;19;3;0;0;1081554;6686;1388;24;1082735;4024;449;0;1
FR;4;2022-05-03;2;6;2;0;2;7;1;0;0;1081556;6692;1390;24;1082737;4031;450;0;1
FR;4;2022-05-04;7;4;1;0;7;4;1;0;0;1081563;6696;1391;24;1082744;4035;451;0;1
FR;4;2022-05-05;5;2;1;1;6;1;2;0;0;1081568;6698;1392;25;1082750;4036;453;0;1
FR;4;2022-05-06;5;3;1;0;6;2;1;0;0;1081573;6701;1393;25;1082756;4038;454;0;1
FR;4;2022-05-07;0;0;0;0;0;0;0;0;0;1081573;6701;1393;25;1082756;4038;454;0;1
FR;4;2022-05-08;1;1;0;0;1;1;0;0;0;1081574;6702;1393;25;1082757;4039;454;0;1
FR;4;2022-05-09;5;1;0;1;5;1;1;0;0;1081579;6703;1393;26;1082762;4040;455;0;1
FR;4;2022-05-10;3;1;0;2;3;3;0;0;0;1081582;6704;1393;28;1082765;4043;455;0;1
FR;4;2022-05-11;4;2;4;0;4;5;1;0;0;1081586;6706;1397;28;1082769;4048;456;0;1
FR;4;2022-05-12;7;4;2;1;7;5;1;0;1;1081593;6710;1399;29;1082776;4053;457;0;2
FR;4;2022-05-13;1;0;2;0;1;2;0;0;0;1081594;6710;1401;29;1082777;4055;457;0;2
FR;4;2022-05-14;0;2;0;0;0;2;0;0;0;1081594;6712;1401;29;1082777;4057;457;0;2
FR;4;2022-05-15;2;2;0;0;4;0;0;0;0;1081596;6714;1401;29;1082781;4057;457;0;2
FR;4;2022-05-16;5;2;2;0;5;2;2;0;0;1081601;6716;1403;29;1082786;4059;459;0;2
FR;4;2022-05-17;5;1;2;0;5;3;0;0;0;1081606;6717;1405;29;1082791;4062;459;0;2
FR;4;2022-05-18;3;6;0;0;3;6;0;0;0;1081609;6723;1405;29;1082794;4068;459;0;2
FR;4;2022-05-19;2;3;3;0;2;5;1;0;0;1081611;6726;1408;29;1082796;4073;460;0;2
FR;4;2022-05-20;4;2;3;0;4;2;3;0;0;1081615;6728;1411;29;1082800;4075;463;0;2
FR;4;2022-05-21;2;0;1;0;2;1;0;0;0;1081617;6728;1412;29;1082802;4076;463;0;2
FR;4;2022-05-22;0;0;1;0;0;1;0;0;0;1081617;6728;1413;29;1082802;4077;463;0;2
FR;4;2022-05-23;0;0;2;0;0;0;2;0;0;1081617;6728;1415;29;1082802;4077;465;0;2
FR;4;2022-05-24;2;4;1;0;2;5;0;0;0;1081619;6732;1416;29;1082804;4082;465;0;2
FR;4;2022-05-25;1;4;1;0;3;3;0;0;0;1081620;6736;1417;29;1082807;4085;465;0;2
FR;4;2022-05-26;5;0;1;0;5;1;0;0;0;1081625;6736;1418;29;1082812;4086;465;0;2
FR;4;2022-05-27;0;2;1;1;0;3;1;0;0;1081625;6738;1419;30;1082812;4089;466;0;2
FR;4;2022-05-28;1;0;0;0;1;0;0;0;0;1081626;6738;1419;30;1082813;4089;466;0;2
FR;4;2022-05-29;1;0;1;0;1;1;0;0;0;1081627;6738;1420;30;1082814;4090;466;0;2
FR;4;2022-05-30;3;4;2;0;3;5;1;0;0;1081630;6742;1422;30;1082817;4095;467;0;2
FR;4;2022-05-31;2;1;0;0;2;1;0;0;0;1081632;6743;1422;30;1082819;4096;467;0;2
FR;4;2022-06-01;3;11;7;0;3;15;3;0;0;1081635;6754;1429;30;1082822;4111;470;0;2
FR;4;2022-06-02;6;7;3;0;6;7;2;0;0;1081641;6761;1432;30;1082828;4118;472;0;2
FR;4;2022-06-03;2;6;4;1;2;7;4;0;0;1081643;6767;1436;31;1082830;4125;476;0;2
FR;4;2022-06-04;0;1;1;1;0;1;2;0;0;1081643;6768;1437;32;1082830;4126;478;0;2
FR;4;2022-06-05;0;0;0;0;0;0;0;0;0;1081643;6768;1437;32;1082830;4126;478;0;2
FR;4;2022-06-06;7;0;3;0;7;2;1;0;0;1081650;6768;1440;32;1082837;4128;479;0;2
FR;4;2022-06-07;6;2;0;1;6;2;1;0;0;1081656;6770;1440;33;1082843;4130;480;0;2
FR;4;2022-06-08;0;5;3;0;1;7;0;0;0;1081656;6775;1443;33;1082844;4137;480;0;2
FR;4;2022-06-09;1;2;0;0;2;1;0;0;0;1081657;6777;1443;33;1082846;4138;480;0;2
FR;4;2022-06-10;4;0;3;0;4;1;2;0;0;1081661;6777;1446;33;1082850;4139;482;0;2
FR;4;2022-06-11;1;0;0;0;1;0;0;0;0;1081662;6777;1446;33;1082851;4139;482;0;2
FR;4;2022-06-12;4;0;0;0;4;0;0;0;0;1081666;6777;1446;33;1082855;4139;482;0;2
FR;4;2022-06-13;6;2;3;0;7;2;1;0;0;1081672;6779;1449;33;1082862;4141;483;0;2
FR;4;2022-06-14;4;3;0;0;5;2;0;0;0;1081676;6782;1449;33;1082867;4143;483;0;2
FR;4;2022-06-15;8;3;4;0;8;3;4;0;0;1081684;6785;1453;33;1082875;4146;487;0;2
FR;4;2022-06-16;2;3;1;1;3;2;1;0;1;1081686;6788;1454;34;1082878;4148;488;0;3
FR;4;2022-06-17;6;1;0;0;6;1;0;0;0;1081692;6789;1454;34;1082884;4149;488;0;3
FR;4;2022-06-18;0;0;0;0;0;0;0;0;0;1081692;6789;1454;34;1082884;4149;488;0;3
FR;4;2022-06-19;3;0;0;0;3;0;0;0;0;1081695;6789;1454;34;1082887;4149;488;0;3
FR;4;2022-06-20;5;2;2;1;5;3;2;0;0;1081700;6791;1456;35;1082892;4152;490;0;3
FR;4;2022-06-21;5;2;4;1;6;4;2;0;0;1081705;6793;1460;36;1082898;4156;492;0;3
FR;4;2022-06-22;3;2;1;3;4;2;1;0;0;1081708;6795;1461;39;1082902;4158;493;0;3
FR;4;2022-06-23;3;3;3;0;3;5;1;0;0;1081711;6798;1464;39;1082905;4163;494;0;3
FR;4;2022-06-24;3;0;2;0;3;0;2;0;0;1081714;6798;1466;39;1082908;4163;496;0;3
FR;4;2022-06-25;3;0;1;1;3;1;1;0;0;1081717;6798;1467;40;1082911;4164;497;0;3
FR;4;2022-06-26;0;0;1;0;0;1;0;0;0;1081717;6798;1468;40;1082911;4165;497;0;3
FR;4;2022-06-27;2;2;0;3;2;2;3;0;0;1081719;6800;1468;43;1082913;4167;500;0;3
FR;4;2022-06-28;0;4;2;1;0;5;2;0;0;1081719;6804;1470;44;1082913;4172;502;0;3
FR;4;2022-06-29;1;2;0;0;1;2;0;0;0;1081720;6806;1470;44;1082914;4174;502;0;3
FR;4;2022-06-30;2;0;0;0;2;0;0;0;0;1081722;6806;1470;44;1082916;4174;502;0;3
FR;4;2022-07-01;2;4;8;0;2;4;8;0;0;1081724;6810;1478;44;1082918;4178;510;0;3
FR;4;2022-07-02;0;1;0;0;1;0;0;0;0;1081724;6811;1478;44;1082919;4178;510;0;3
FR;4;2022-07-03;0;0;0;0;0;0;0;0;0;1081724;6811;1478;44;1082919;4178;510;0;3
FR;4;2022-07-04;4;1;0;0;4;1;0;0;0;1081728;6812;1478;44;1082923;4179;510;0;3
FR;4;2022-07-05;2;1;3;0;2;3;1;0;0;1081730;6813;1481;44;1082925;4182;511;0;3
FR;4;2022-07-06;5;0;1;1;5;0;1;0;1;1081735;6813;1482;45;1082930;4182;512;0;4
FR;4;2022-07-07;2;0;2;1;2;0;3;0;0;1081737;6813;1484;46;1082932;4182;515;0;4
FR;4;2022-07-08;3;1;0;0;3;1;0;0;0;1081740;6814;1484;46;1082935;4183;515;0;4
FR;4;2022-07-09;2;2;1;0;2;3;0;0;0;1081742;6816;1485;46;1082937;4186;515;0;4
FR;4;2022-07-10;2;0;1;0;2;0;0;0;0;1081744;6816;1486;46;1082939;4186;515;0;4
FR;4;2022-07-11;3;0;2;0;3;0;1;0;0;1081747;6816;1488;46;1082942;4186;516;0;4
FR;4;2022-07-12;0;0;2;0;0;2;0;0;0;1081747;6816;1490;46;1082942;4188;516;0;4
FR;4;2022-07-13;2;2;3;1;2;2;4;0;0;1081749;6818;1493;47;1082944;4190;520;0;4
FR;4;2022-07-14;6;0;1;0;6;0;1;0;0;1081755;6818;1494;47;1082950;4190;521;0;4
FR;4;2022-07-15;11;2;0;0;11;2;0;0;0;1081766;6820;1494;47;1082961;4192;521;0;4
FR;4;2022-07-16;5;0;0;2;5;0;2;0;0;1081771;6820;1494;49;1082966;4192;523;0;4
FR;4;2022-07-17;1;0;1;1;1;0;2;0;0;1081772;6820;1495;50;1082967;4192;525;0;4
FR;4;2022-07-18;3;3;2;0;3;3;2;0;0;1081775;6823;1497;50;1082970;4195;527;0;4
FR;4;2022-07-19;4;0;1;0;4;1;0;0;0;1081779;6823;1498;50;1082974;4196;527;0;4
FR;4;2022-07-20;11;1;1;0;12;1;0;0;0;1081790;6824;1499;50;1082986;4197;527;0;4
FR;4;2022-07-21;2;3;1;0;2;3;1;0;0;1081792;6827;1500;50;1082988;4200;528;0;4
FR;4;2022-07-22;4;0;3;0;4;1;2;0;0;1081796;6827;1503;50;1082992;4201;530;0;4
FR;4;2022-07-23;1;2;0;0;1;1;0;0;0;1081797;6829;1503;50;1082993;4202;530;0;4
FR;4;2022-07-24;0;0;0;0;0;0;0;0;0;1081797;6829;1503;50;1082993;4202;530;0;4
FR;4;2022-07-25;7;0;2;0;7;2;0;0;0;1081804;6829;1505;50;1083000;4204;530;0;4
FR;4;2022-07-26;2;0;0;0;2;0;0;0;0;1081806;6829;1505;50;1083002;4204;530;0;4
FR;4;2022-07-27;3;1;0;0;3;0;0;0;0;1081809;6830;1505;50;1083005;4204;530;0;4
FR;4;2022-07-28;11;0;0;0;11;0;0;0;0;1081820;6830;1505;50;1083016;4204;530;0;4
FR;4;2022-07-29;3;0;2;0;3;1;1;0;0;1081823;6830;1507;50;1083019;4205;531;0;4
FR;4;2022-07-30;4;0;2;0;4;0;2;0;0;1081827;6830;1509;50;1083023;4205;533;0;4
FR;4;2022-07-31;0;0;0;0;0;0;0;0;0;1081827;6830;1509;50;1083023;4205;533;0;4
FR;4;2022-08-01;4;0;3;0;4;2;1;0;0;1081831;6830;1512;50;1083027;4207;534;0;4
FR;4;2022-08-02;6;0;0;0;6;0;0;0;0;1081837;6830;1512;50;1083033;4207;534;0;4
FR;4;2022-08-03;2;2;1;0;2;2;1;0;0;1081839;6832;1513;50;1083035;4209;535;0;4
FR;4;2022-08-04;5;2;0;1;5;2;1;0;0;1081844;6834;1513;51;1083040;4211;536;0;4
FR;4;2022-08-05;2;0;1;0;2;0;1;0;0;1081846;6834;1514;51;1083042;4211;537;0;4
FR;4;2022-08-06;2;0;0;0;2;0;0;0;0;1081848;6834;1514;51;1083044;4211;537;0;4
FR;4;2022-08-07;5;0;0;0;5;0;0;0;0;1081853;6834;1514;51;1083049;4211;537;0;4
FR;4;2022-08-08;2;0;1;1;2;1;1;0;0;1081855;6834;1515;52;1083051;4212;538;0;4
FR;4;2022-08-09;1;1;2;2;1;2;3;0;0;1081856;6835;1517;54;1083052;4214;541;0;4
FR;4;2022-08-10;6;1;1;0;7;1;0;0;0;1081862;6836;1518;54;1083059;4215;541;0;4
FR;4;2022-08-11;2;0;1;0;2;1;0;0;0;1081864;6836;1519;54;1083061;4216;541;0;4
FR;4;2022-08-12;4;0;1;0;4;0;1;0;0;1081868;6836;1520;54;1083065;4216;542;0;4
FR;4;2022-08-13;1;0;0;0;1;0;0;0;0;1081869;6836;1520;54;1083066;4216;542;0;4
FR;4;2022-08-14;0;0;0;0;0;0;0;0;0;1081869;6836;1520;54;1083066;4216;542;0;4
FR;4;2022-08-15;1;2;3;0;1;2;3;0;0;1081870;6838;1523;54;1083067;4218;545;0;4
FR;4;2022-08-16;0;0;1;0;0;1;0;0;0;1081870;6838;1524;54;1083067;4219;545;0;4
FR;4;2022-08-17;3;0;0;0;3;0;0;0;0;1081873;6838;1524;54;1083070;4219;545;0;4
FR;4;2022-08-18;4;0;0;0;4;0;0;0;0;1081877;6838;1524;54;1083074;4219;545;0;4
FR;4;2022-08-19;5;0;0;0;5;0;0;0;0;1081882;6838;1524;54;1083079;4219;545;0;4
FR;4;2022-08-20;1;1;0;0;2;0;0;0;0;1081883;6839;1524;54;1083081;4219;545;0;4
FR;4;2022-08-21;1;0;0;0;1;0;0;0;0;1081884;6839;1524;54;1083082;4219;545;0;4
FR;4;2022-08-22;3;9;0;0;3;9;0;0;0;1081887;6848;1524;54;1083085;4228;545;0;4
FR;4;2022-08-23;3;3;3;0;3;4;2;0;0;1081890;6851;1527;54;1083088;4232;547;0;4
FR;4;2022-08-24;6;0;0;1;6;0;1;0;0;1081896;6851;1527;55;1083094;4232;548;0;4
FR;4;2022-08-25;1;3;2;0;1;4;1;0;0;1081897;6854;1529;55;1083095;4236;549;0;4
FR;4;2022-08-26;2;0;0;1;2;0;1;0;0;1081899;6854;1529;56;1083097;4236;550;0;4
FR;4;2022-08-27;1;0;0;0;1;0;0;0;0;1081900;6854;1529;56;1083098;4236;550;0;4
FR;4;2022-08-28;0;1;0;0;0;0;0;0;0;1081900;6855;1529;56;1083098;4236;550;0;4
FR;4;2022-08-29;8;0;0;0;8;0;0;0;0;1081908;6855;1529;56;1083106;4236;550;0;4
FR;4;2022-08-30;5;0;0;0;5;0;0;0;0;1081913;6855;1529;56;1083111;4236;550;0;4
FR;4;2022-08-31;2;1;0;0;2;1;0;0;0;1081915;6856;1529;56;1083113;4237;550;0;4
FR;4;2022-09-01;4;8;2;0;5;7;2;0;0;1081919;6864;1531;56;1083118;4244;552;0;4
FR;4;2022-09-02;2;1;1;0;2;2;0;0;0;1081921;6865;1532;56;1083120;4246;552;0;4
FR;4;2022-09-03;3;0;0;0;3;0;0;0;0;1081924;6865;1532;56;1083123;4246;552;0;4
FR;4;2022-09-04;1;0;0;0;1;0;0;0;0;1081925;6865;1532;56;1083124;4246;552;0;4
FR;4;2022-09-05;4;2;0;0;4;2;0;0;0;1081929;6867;1532;56;1083128;4248;552;0;4
FR;4;2022-09-06;1;0;0;0;1;0;0;0;0;1081930;6867;1532;56;1083129;4248;552;0;4
FR;4;2022-09-07;1;0;1;1;1;1;1;0;0;1081931;6867;1533;57;1083130;4249;553;0;4
FR;4;2022-09-08;3;0;0;0;3;0;0;0;0;1081934;6867;1533;57;1083133;4249;553;0;4
FR;4;2022-09-09;2;0;0;0;2;0;0;0;0;1081936;6867;1533;57;1083135;4249;553;0;4
FR;4;2022-09-10;0;1;0;3;0;2;2;0;0;1081936;6868;1533;60;1083135;4251;555;0;4
FR;4;2022-09-11;2;0;0;0;2;0;0;0;0;1081938;6868;1533;60;1083137;4251;555;0;4
FR;4;2022-09-12;1;1;1;0;1;1;1;0;0;1081939;6869;1534;60;1083138;4252;556;0;4
FR;4;2022-09-13;1;0;0;0;1;0;0;0;0;1081940;6869;1534;60;1083139;4252;556;0;4
FR;4;2022-09-14;3;0;0;0;3;0;0;0;0;1081943;6869;1534;60;1083142;4252;556;0;4
FR;4;2022-09-15;4;0;0;0;4;0;0;0;0;1081947;6869;1534;60;1083146;4252;556;0;4
FR;4;2022-09-16;1;0;0;0;1;0;0;0;0;1081948;6869;1534;60;1083147;4252;556;0;4
FR;4;2022-09-17;2;0;0;0;2;0;0;0;0;1081950;6869;1534;60;1083149;4252;556;0;4
FR;4;2022-09-18;0;1;0;0;0;1;0;0;0;1081950;6870;1534;60;1083149;4253;556;0;4
FR;4;2022-09-19;3;0;2;0;3;2;0;0;0;1081953;6870;1536;60;1083152;4255;556;0;4
FR;4;2022-09-20;4;0;0;0;4;0;0;0;0;1081957;6870;1536;60;1083156;4255;556;0;4
FR;4;2022-09-21;2;1;0;0;2;1;0;0;0;1081959;6871;1536;60;1083158;4256;556;0;4
FR;4;2022-09-22;2;1;0;0;2;1;0;0;0;1081961;6872;1536;60;1083160;4257;556;0;4
FR;4;2022-09-23;2;3;0;0;3;2;0;0;0;1081963;6875;1536;60;1083163;4259;556;0;4
FR;4;2022-09-24;1;0;0;0;1;0;0;0;0;1081964;6875;1536;60;1083164;4259;556;0;4
FR;4;2022-09-25;0;0;0;0;0;0;0;0;0;1081964;6875;1536;60;1083164;4259;556;0;4
FR;4;2022-09-26;2;0;1;0;2;0;1;0;0;1081966;6875;1537;60;1083166;4259;557;0;4
FR;4;2022-09-27;1;0;1;1;1;0;2;0;0;1081967;6875;1538;61;1083167;4259;559;0;4
FR;4;2022-09-28;3;0;2;0;3;2;0;0;0;1081970;6875;1540;61;1083170;4261;559;0;4
FR;4;2022-09-29;3;0;1;1;3;1;1;0;0;1081973;6875;1541;62;1083173;4262;560;0;4
FR;4;2022-09-30;1;0;0;0;1;0;0;0;0;1081974;6875;1541;62;1083174;4262;560;0;4
FR;4;2022-10-01;1;1;0;0;2;0;0;0;0;1081975;6876;1541;62;1083176;4262;560;0;4
FR;4;2022-10-02;0;1;0;0;0;1;0;0;0;1081975;6877;1541;62;1083176;4263;560;0;4
FR;4;2022-10-03;2;2;1;1;3;2;1;0;0;1081977;6879;1542;63;1083179;4265;561;0;4
FR;4;2022-10-04;2;0;0;0;2;0;0;0;0;1081979;6879;1542;63;1083181;4265;561;0;4
FR;4;2022-10-05;0;1;0;0;0;1;0;0;0;1081979;6880;1542;63;1083181;4266;561;0;4
FR;4;2022-10-06;2;0;0;0;2;0;0;0;0;1081981;6880;1542;63;1083183;4266;561;0;4
FR;4;2022-10-07;3;0;1;0;3;0;1;0;0;1081984;6880;1543;63;1083186;4266;562;0;4
FR;4;2022-10-08;4;1;0;0;4;0;0;0;0;1081988;6881;1543;63;1083190;4266;562;0;4
FR;4;2022-10-09;0;0;0;0;0;0;0;0;0;1081988;6881;1543;63;1083190;4266;562;0;4
FR;4;2022-10-10;4;0;2;3;4;2;1;0;2;1081992;6881;1545;66;1083194;4268;563;0;6
FR;4;2022-10-11;1;2;0;0;1;1;0;0;0;1081993;6883;1545;66;1083195;4269;563;0;6
FR;4;2022-10-12;1;0;0;0;1;0;0;0;0;1081994;6883;1545;66;1083196;4269;563;0;6
FR;4;2022-10-13;5;0;0;0;5;0;0;0;0;1081999;6883;1545;66;1083201;4269;563;0;6
FR;4;2022-10-14;1;0;0;0;1;0;0;0;0;1082000;6883;1545;66;1083202;4269;563;0;6
FR;4;2022-10-15;1;2;0;0;1;2;0;0;0;1082001;6885;1545;66;1083203;4271;563;0;6
FR;4;2022-10-16;0;0;0;0;0;0;0;0;0;1082001;6885;1545;66;1083203;4271;563;0;6
FR;4;2022-10-17;2;0;1;0;2;1;0;0;0;1082003;6885;1546;66;1083205;4272;563;0;6
FR;4;2022-10-18;1;0;0;1;1;0;1;0;0;1082004;6885;1546;67;1083206;4272;564;0;6
FR;4;2022-10-19;1;0;0;2;1;0;2;0;3;1082005;6885;1546;69;1083207;4272;566;0;9
FR;4;2022-10-20;4;1;0;0;4;1;0;0;0;1082009;6886;1546;69;1083211;4273;566;0;9
FR;4;2022-10-21;1;0;0;0;1;0;0;0;0;1082010;6886;1546;69;1083212;4273;566;0;9
FR;4;2022-10-22;1;0;0;0;1;0;0;0;0;1082011;6886;1546;69;1083213;4273;566;0;9
FR;4;2022-10-23;0;0;0;0;0;0;0;0;0;1082011;6886;1546;69;1083213;4273;566;0;9
FR;4;2022-10-24;3;0;0;0;3;0;0;0;0;1082014;6886;1546;69;1083216;4273;566;0;9
FR;4;2022-10-25;2;0;0;0;2;0;0;0;0;1082016;6886;1546;69;1083218;4273;566;0;9
FR;4;2022-10-26;2;1;0;0;2;1;0;0;0;1082018;6887;1546;69;1083220;4274;566;0;9
FR;4;2022-10-27;3;1;1;0;3;0;1;0;0;1082021;6888;1547;69;1083223;4274;567;0;9
FR;4;2022-10-28;0;0;0;0;0;0;0;0;0;1082021;6888;1547;69;1083223;4274;567;0;9
FR;4;2022-10-29;1;0;0;3;1;0;3;0;3;1082022;6888;1547;72;1083224;4274;570;0;12
FR;4;2022-10-30;1;0;0;0;1;0;0;0;0;1082023;6888;1547;72;1083225;4274;570;0;12
FR;4;2022-10-31;1;0;0;0;1;0;0;0;0;1082024;6888;1547;72;1083226;4274;570;0;12
FR;4;2022-11-01;1;6;0;0;1;6;0;0;0;1082025;6894;1547;72;1083227;4280;570;0;12
FR;4;2022-11-02;0;0;2;2;0;1;3;0;0;1082025;6894;1549;74;1083227;4281;573;0;12
FR;4;2022-11-03;1;0;0;0;1;0;0;0;0;1082026;6894;1549;74;1083228;4281;573;0;12
FR;4;2022-11-04;4;1;0;0;4;0;0;0;0;1082030;6895;1549;74;1083232;4281;573;0;12
FR;4;2022-11-05;0;0;0;0;0;0;0;0;0;1082030;6895;1549;74;1083232;4281;573;0;12
FR;4;2022-11-06;2;0;0;0;2;0;0;0;0;1082032;6895;1549;74;1083234;4281;573;0;12
FR;4;2022-11-07;2;0;0;0;2;0;0;0;0;1082034;6895;1549;74;1083236;4281;573;0;12
FR;4;2022-11-08;7;0;0;0;7;0;0;0;0;1082041;6895;1549;74;1083243;4281;573;0;12
FR;4;2022-11-09;0;0;0;0;0;0;0;0;0;1082041;6895;1549;74;1083243;4281;573;0;12
FR;4;2022-11-10;0;0;0;0;0;0;0;0;0;1082041;6895;1549;74;1083243;4281;573;0;12
FR;4;2022-11-11;1;0;0;0;1;0;0;0;0;1082042;6895;1549;74;1083244;4281;573;0;12
FR;4;2022-11-12;3;1;0;0;3;1;0;0;0;1082045;6896;1549;74;1083247;4282;573;0;12
FR;4;2022-11-13;0;0;0;0;0;0;0;0;0;1082045;6896;1549;74;1083247;4282;573;0;12
FR;4;2022-11-14;0;0;0;0;0;0;0;0;0;1082045;6896;1549;74;1083247;4282;573;0;12
FR;4;2022-11-15;3;0;0;0;3;0;0;0;0;1082048;6896;1549;74;1083250;4282;573;0;12
FR;4;2022-11-16;1;1;0;0;1;1;0;0;0;1082049;6897;1549;74;1083251;4283;573;0;12
FR;4;2022-11-17;0;0;0;0;0;0;0;0;0;1082049;6897;1549;74;1083251;4283;573;0;12
FR;4;2022-11-18;5;0;1;0;5;0;1;0;0;1082054;6897;1550;74;1083256;4283;574;0;12
FR;4;2022-11-19;0;0;0;0;0;0;0;0;0;1082054;6897;1550;74;1083256;4283;574;0;12
FR;4;2022-11-20;0;0;0;1;0;0;0;0;1;1082054;6897;1550;75;1083256;4283;574;0;13
FR;4;2022-11-21;0;0;0;0;0;0;0;0;0;1082054;6897;1550;75;1083256;4283;574;0;13
FR;4;2022-11-22;0;1;1;0;0;2;0;0;0;1082054;6898;1551;75;1083256;4285;574;0;13
FR;4;2022-11-23;1;0;0;0;1;0;0;0;1;1082055;6898;1551;75;1083257;4285;574;0;14
FR;4;2022-11-24;0;2;0;0;0;2;0;0;0;1082055;6900;1551;75;1083257;4287;574;0;14
FR;4;2022-11-25;3;4;0;0;3;4;0;0;0;1082058;6904;1551;75;1083260;4291;574;0;14
FR;4;2022-11-26;1;0;0;0;1;0;0;0;0;1082059;6904;1551;75;1083261;4291;574;0;14
FR;4;2022-11-27;0;0;0;0;0;0;0;0;0;1082059;6904;1551;75;1083261;4291;574;0;14
FR;4;2022-11-28;3;0;0;0;3;0;0;0;0;1082062;6904;1551;75;1083264;4291;574;0;14
FR;4;2022-11-29;3;0;0;0;3;0;0;0;0;1082065;6904;1551;75;1083267;4291;574;0;14
FR;4;2022-11-30;0;0;0;0;0;0;0;0;0;1082065;6904;1551;75;1083267;4291;574;0;14
FR;4;2022-12-01;1;2;2;0;2;2;1;0;0;1082066;6906;1553;75;1083269;4293;575;0;14
FR;4;2022-12-02;2;1;0;1;2;1;0;0;1;1082068;6907;1553;76;1083271;4294;575;0;15
FR;4;2022-12-03;1;0;0;0;1;0;0;0;0;1082069;6907;1553;76;1083272;4294;575;0;15
FR;4;2022-12-04;0;0;0;0;0;0;0;0;0;1082069;6907;1553;76;1083272;4294;575;0;15
FR;4;2022-12-05;1;1;0;0;1;1;0;0;0;1082070;6908;1553;76;1083273;4295;575;0;15
FR;4;2022-12-06;2;0;0;0;2;0;0;0;0;1082072;6908;1553;76;1083275;4295;575;0;15
FR;4;2022-12-07;2;3;1;0;2;4;0;0;0;1082074;6911;1554;76;1083277;4299;575;0;15
FR;4;2022-12-08;1;0;0;0;1;0;0;0;0;1082075;6911;1554;76;1083278;4299;575;0;15
FR;4;2022-12-09;1;0;1;0;1;0;1;0;0;1082076;6911;1555;76;1083279;4299;576;0;15
FR;4;2022-12-10;1;0;0;0;1;0;0;0;0;1082077;6911;1555;76;1083280;4299;576;0;15
FR;4;2022-12-11;0;0;0;0;0;0;0;0;0;1082077;6911;1555;76;1083280;4299;576;0;15
FR;4;2022-12-12;1;1;0;5;1;1;5;0;0;1082078;6912;1555;81;1083281;4300;581;0;15
FR;4;2022-12-13;1;0;0;0;1;0;0;0;0;1082079;6912;1555;81;1083282;4300;581;0;15
FR;4;2022-12-14;0;0;0;0;0;0;0;0;0;1082079;6912;1555;81;1083282;4300;581;0;15
FR;4;2022-12-15;1;1;0;0;1;1;0;0;0;1082080;6913;1555;81;1083283;4301;581;0;15
FR;4;2022-12-16;2;0;0;0;2;0;0;0;0;1082082;6913;1555;81;1083285;4301;581;0;15
FR;4;2022-12-17;0;0;1;0;0;0;1;0;0;1082082;6913;1556;81;1083285;4301;582;0;15
FR;4;2022-12-18;1;0;0;0;1;0;0;0;0;1082083;6913;1556;81;1083286;4301;582;0;15
FR;4;2022-12-19;1;0;0;0;1;0;0;0;0;1082084;6913;1556;81;1083287;4301;582;0;15
FR;4;2022-12-20;4;2;0;0;5;1;0;0;0;1082088;6915;1556;81;1083292;4302;582;0;15
FR;4;2022-12-21;2;0;0;0;2;0;0;0;0;1082090;6915;1556;81;1083294;4302;582;0;15
FR;4;2022-12-22;0;1;0;0;0;1;0;0;0;1082090;6916;1556;81;1083294;4303;582;0;15
FR;4;2022-12-23;3;0;0;0;3;0;0;0;0;1082093;6916;1556;81;1083297;4303;582;0;15
FR;4;2022-12-24;0;0;0;0;0;0;0;0;0;1082093;6916;1556;81;1083297;4303;582;0;15
FR;4;2022-12-25;0;0;0;0;0;0;0;0;0;1082093;6916;1556;81;1083297;4303;582;0;15
FR;4;2022-12-26;1;2;0;0;1;1;0;0;0;1082094;6918;1556;81;1083298;4304;582;0;15
FR;4;2022-12-27;1;0;0;0;1;0;0;0;0;1082095;6918;1556;81;1083299;4304;582;0;15
FR;4;2022-12-28;0;0;0;0;0;0;0;0;0;1082095;6918;1556;81;1083299;4304;582;0;15
FR;4;2022-12-29;0;1;0;0;1;0;0;0;0;1082095;6919;1556;81;1083300;4304;582;0;15
FR;4;2022-12-30;1;0;0;0;1;0;0;0;0;1082096;6919;1556;81;1083301;4304;582;0;15
FR;4;2022-12-31;0;0;0;0;0;0;0;0;0;1082096;6919;1556;81;1083301;4304;582;0;15
FR;4;2023-01-01;0;0;0;0;0;0;0;0;0;1082096;6919;1556;81;1083301;4304;582;0;15
FR;4;2023-01-02;1;0;0;0;1;0;0;0;0;1082097;6919;1556;81;1083302;4304;582;0;15
FR;4;2023-01-03;0;0;0;0;0;0;0;0;0;1082097;6919;1556;81;1083302;4304;582;0;15
FR;4;2023-01-04;0;0;0;0;0;0;0;0;0;1082097;6919;1556;81;1083302;4304;582;0;15
FR;4;2023-01-05;0;0;0;0;0;0;0;0;0;1082097;6919;1556;81;1083302;4304;582;0;15
FR;4;2023-01-06;0;1;3;0;0;4;0;0;0;1082097;6920;1559;81;1083302;4308;582;0;15
FR;4;2023-01-07;1;0;0;0;1;0;0;0;0;1082098;6920;1559;81;1083303;4308;582;0;15
FR;4;2023-01-08;1;0;0;0;1;0;0;0;0;1082099;6920;1559;81;1083304;4308;582;0;15
FR;4;2023-01-09;1;0;0;0;1;0;0;0;0;1082100;6920;1559;81;1083305;4308;582;0;15
FR;4;2023-01-10;1;0;0;0;1;0;0;0;0;1082101;6920;1559;81;1083306;4308;582;0;15
FR;4;2023-01-11;0;0;0;0;0;0;0;0;0;1082101;6920;1559;81;1083306;4308;582;0;15
FR;4;2023-01-12;1;2;0;0;1;2;0;0;0;1082102;6922;1559;81;1083307;4310;582;0;15
FR;4;2023-01-13;1;0;2;0;1;0;2;0;0;1082103;6922;1561;81;1083308;4310;584;0;15
FR;4;2023-01-14;0;0;0;0;0;0;0;0;0;1082103;6922;1561;81;1083308;4310;584;0;15
FR;4;2023-01-15;0;0;0;0;0;0;0;0;0;1082103;6922;1561;81;1083308;4310;584;0;15
FR;4;2023-01-16;0;0;0;0;0;0;0;0;0;1082103;6922;1561;81;1083308;4310;584;0;15
FR;4;2023-01-17;2;0;0;0;2;0;0;0;0;1082105;6922;1561;81;1083310;4310;584;0;15
FR;4;2023-01-18;1;0;0;0;1;0;0;0;0;1082106;6922;1561;81;1083311;4310;584;0;15
FR;4;2023-01-19;1;0;0;2;1;0;0;0;0;1082107;6922;1561;83;1083312;4310;584;0;15
FR;4;2023-01-20;0;0;0;0;0;0;0;0;0;1082107;6922;1561;83;1083312;4310;584;0;15
FR;4;2023-01-21;0;0;0;0;0;0;0;0;0;1082107;6922;1561;83;1083312;4310;584;0;15
FR;4;2023-01-22;0;0;0;0;0;0;0;0;0;1082107;6922;1561;83;1083312;4310;584;0;15
FR;4;2023-01-23;0;0;0;0;0;0;0;0;0;1082107;6922;1561;83;1083312;4310;584;0;15
FR;4;2023-01-24;2;0;0;0;2;0;0;0;0;1082109;6922;1561;83;1083314;4310;584;0;15
FR;4;2023-01-25;0;0;0;0;0;0;0;0;0;1082109;6922;1561;83;1083314;4310;584;0;15
FR;4;2023-01-26;0;0;0;0;0;0;0;0;0;1082109;6922;1561;83;1083314;4310;584;0;15
FR;5;2020-12-27;0;0;0;0;0;0;0;0;0;0;0;0;0;0;0;0;0;0
FR;5;2020-12-28;0;0;0;0;0;0;0;0;0;0;0;0;0;0;0;0;0;0
FR;5;2020-12-29;0;0;0;0;0;0;0;0;0;0;0;0;0;0;0;0;0;0
FR;5;2020-12-30;0;0;0;0;0;0;0;0;0;0;0;0;0;0;0;0;0;0
FR;5;2020-12-31;0;0;0;0;0;0;0;0;0;0;0;0;0;0;0;0;0;0
FR;5;2021-01-01;0;0;0;0;0;0;0;0;0;0;0;0;0;0;0;0;0;0
FR;5;2021-01-02;0;0;0;0;0;0;0;0;0;0;0;0;0;0;0;0;0;0
FR;5;2021-01-03;0;0;0;0;0;0;0;0;0;0;0;0;0;0;0;0;0;0
FR;5;2021-01-04;0;0;0;0;0;0;0;0;0;0;0;0;0;0;0;0;0;0
FR;5;2021-01-05;0;0;0;0;0;0;0;0;0;0;0;0;0;0;0;0;0;0
FR;5;2021-01-06;0;0;0;0;0;0;0;0;0;0;0;0;0;0;0;0;0;0
FR;5;2021-01-07;0;0;0;0;0;0;0;0;0;0;0;0;0;0;0;0;0;0
FR;5;2021-01-08;0;0;0;0;0;0;0;0;0;0;0;0;0;0;0;0;0;0
FR;5;2021-01-09;0;0;0;0;0;0;0;0;0;0;0;0;0;0;0;0;0;0
FR;5;2021-01-10;0;0;0;0;0;0;0;0;0;0;0;0;0;0;0;0;0;0
FR;5;2021-01-11;0;0;0;0;0;0;0;0;0;0;0;0;0;0;0;0;0;0
FR;5;2021-01-12;0;0;0;0;0;0;0;0;0;0;0;0;0;0;0;0;0;0
FR;5;2021-01-13;0;0;0;0;0;0;0;0;0;0;0;0;0;0;0;0;0;0
FR;5;2021-01-14;0;0;0;0;0;0;0;0;0;0;0;0;0;0;0;0;0;0
FR;5;2021-01-15;0;0;0;0;0;0;0;0;0;0;0;0;0;0;0;0;0;0
FR;5;2021-01-16;0;0;0;0;0;0;0;0;0;0;0;0;0;0;0;0;0;0
FR;5;2021-01-17;0;0;0;0;0;0;0;0;0;0;0;0;0;0;0;0;0;0
FR;5;2021-01-18;0;0;0;0;0;0;0;0;0;0;0;0;0;0;0;0;0;0
FR;5;2021-01-19;0;0;0;0;0;0;0;0;0;0;0;0;0;0;0;0;0;0
FR;5;2021-01-20;0;0;0;0;0;0;0;0;0;0;0;0;0;0;0;0;0;0
FR;5;2021-01-21;0;0;0;0;0;0;0;0;0;0;0;0;0;0;0;0;0;0
FR;5;2021-01-22;0;0;0;0;0;0;0;0;0;0;0;0;0;0;0;0;0;0
FR;5;2021-01-23;0;0;0;0;0;0;0;0;0;0;0;0;0;0;0;0;0;0
FR;5;2021-01-24;0;0;0;0;0;0;0;0;0;0;0;0;0;0;0;0;0;0
FR;5;2021-01-25;0;0;0;0;0;0;0;0;0;0;0;0;0;0;0;0;0;0
FR;5;2021-01-26;0;0;0;0;0;0;0;0;0;0;0;0;0;0;0;0;0;0
FR;5;2021-01-27;0;0;0;0;0;0;0;0;0;0;0;0;0;0;0;0;0;0
FR;5;2021-01-28;0;0;0;0;0;0;0;0;0;0;0;0;0;0;0;0;0;0
FR;5;2021-01-29;0;0;0;0;0;0;0;0;0;0;0;0;0;0;0;0;0;0
FR;5;2021-01-30;0;0;0;0;0;0;0;0;0;0;0;0;0;0;0;0;0;0
FR;5;2021-01-31;0;0;0;0;0;0;0;0;0;0;0;0;0;0;0;0;0;0
FR;5;2021-02-01;0;0;0;0;0;0;0;0;0;0;0;0;0;0;0;0;0;0
FR;5;2021-02-02;0;0;0;0;0;0;0;0;0;0;0;0;0;0;0;0;0;0
FR;5;2021-02-03;0;0;0;0;0;0;0;0;0;0;0;0;0;0;0;0;0;0
FR;5;2021-02-04;0;0;0;0;0;0;0;0;0;0;0;0;0;0;0;0;0;0
FR;5;2021-02-05;0;0;0;0;0;0;0;0;0;0;0;0;0;0;0;0;0;0
FR;5;2021-02-06;0;0;0;0;0;0;0;0;0;0;0;0;0;0;0;0;0;0
FR;5;2021-02-07;0;0;0;0;0;0;0;0;0;0;0;0;0;0;0;0;0;0
FR;5;2021-02-08;0;0;0;0;0;0;0;0;0;0;0;0;0;0;0;0;0;0
FR;5;2021-02-09;0;0;0;0;0;0;0;0;0;0;0;0;0;0;0;0;0;0
FR;5;2021-02-10;0;0;0;0;0;0;0;0;0;0;0;0;0;0;0;0;0;0
FR;5;2021-02-11;0;0;0;0;0;0;0;0;0;0;0;0;0;0;0;0;0;0
FR;5;2021-02-12;0;0;0;0;0;0;0;0;0;0;0;0;0;0;0;0;0;0
FR;5;2021-02-13;0;0;0;0;0;0;0;0;0;0;0;0;0;0;0;0;0;0
FR;5;2021-02-14;0;0;0;0;0;0;0;0;0;0;0;0;0;0;0;0;0;0
FR;5;2021-02-15;0;0;0;0;0;0;0;0;0;0;0;0;0;0;0;0;0;0
FR;5;2021-02-16;0;0;0;0;0;0;0;0;0;0;0;0;0;0;0;0;0;0
FR;5;2021-02-17;0;0;0;0;0;0;0;0;0;0;0;0;0;0;0;0;0;0
FR;5;2021-02-18;0;0;0;0;0;0;0;0;0;0;0;0;0;0;0;0;0;0
FR;5;2021-02-19;0;0;0;0;0;0;0;0;0;0;0;0;0;0;0;0;0;0
FR;5;2021-02-20;0;0;0;0;0;0;0;0;0;0;0;0;0;0;0;0;0;0
FR;5;2021-02-21;0;0;0;0;0;0;0;0;0;0;0;0;0;0;0;0;0;0
FR;5;2021-02-22;0;0;0;0;0;0;0;0;0;0;0;0;0;0;0;0;0;0
FR;5;2021-02-23;0;0;0;0;0;0;0;0;0;0;0;0;0;0;0;0;0;0
FR;5;2021-02-24;0;0;0;0;0;0;0;0;0;0;0;0;0;0;0;0;0;0
FR;5;2021-02-25;0;0;0;0;0;0;0;0;0;0;0;0;0;0;0;0;0;0
FR;5;2021-02-26;0;0;0;0;0;0;0;0;0;0;0;0;0;0;0;0;0;0
FR;5;2021-02-27;0;0;0;0;0;0;0;0;0;0;0;0;0;0;0;0;0;0
FR;5;2021-02-28;0;0;0;0;0;0;0;0;0;0;0;0;0;0;0;0;0;0
FR;5;2021-03-01;0;0;0;0;0;0;0;0;0;0;0;0;0;0;0;0;0;0
FR;5;2021-03-02;0;0;0;0;0;0;0;0;0;0;0;0;0;0;0;0;0;0
FR;5;2021-03-03;0;0;0;0;0;0;0;0;0;0;0;0;0;0;0;0;0;0
FR;5;2021-03-04;0;0;0;0;0;0;0;0;0;0;0;0;0;0;0;0;0;0
FR;5;2021-03-05;0;0;0;0;0;0;0;0;0;0;0;0;0;0;0;0;0;0
FR;5;2021-03-06;0;0;0;0;0;0;0;0;0;0;0;0;0;0;0;0;0;0
FR;5;2021-03-07;0;0;0;0;0;0;0;0;0;0;0;0;0;0;0;0;0;0
FR;5;2021-03-08;0;0;0;0;0;0;0;0;0;0;0;0;0;0;0;0;0;0
FR;5;2021-03-09;0;0;0;0;0;0;0;0;0;0;0;0;0;0;0;0;0;0
FR;5;2021-03-10;0;0;0;0;0;0;0;0;0;0;0;0;0;0;0;0;0;0
FR;5;2021-03-11;0;0;0;0;0;0;0;0;0;0;0;0;0;0;0;0;0;0
FR;5;2021-03-12;0;0;0;0;0;0;0;0;0;0;0;0;0;0;0;0;0;0
FR;5;2021-03-13;0;0;0;0;0;0;0;0;0;0;0;0;0;0;0;0;0;0
FR;5;2021-03-14;0;0;0;0;0;0;0;0;0;0;0;0;0;0;0;0;0;0
FR;5;2021-03-15;0;0;0;0;0;0;0;0;0;0;0;0;0;0;0;0;0;0
FR;5;2021-03-16;0;0;0;0;0;0;0;0;0;0;0;0;0;0;0;0;0;0
FR;5;2021-03-17;0;0;0;0;0;0;0;0;0;0;0;0;0;0;0;0;0;0
FR;5;2021-03-18;0;0;0;0;0;0;0;0;0;0;0;0;0;0;0;0;0;0
FR;5;2021-03-19;0;0;0;0;0;0;0;0;0;0;0;0;0;0;0;0;0;0
FR;5;2021-03-20;0;0;0;0;0;0;0;0;0;0;0;0;0;0;0;0;0;0
FR;5;2021-03-21;0;0;0;0;0;0;0;0;0;0;0;0;0;0;0;0;0;0
FR;5;2021-03-22;0;0;0;0;0;0;0;0;0;0;0;0;0;0;0;0;0;0
FR;5;2021-03-23;0;0;0;0;0;0;0;0;0;0;0;0;0;0;0;0;0;0
FR;5;2021-03-24;0;0;0;0;0;0;0;0;0;0;0;0;0;0;0;0;0;0
FR;5;2021-03-25;0;0;0;0;0;0;0;0;0;0;0;0;0;0;0;0;0;0
FR;5;2021-03-26;0;0;0;0;0;0;0;0;0;0;0;0;0;0;0;0;0;0
FR;5;2021-03-27;0;0;0;0;0;0;0;0;0;0;0;0;0;0;0;0;0;0
FR;5;2021-03-28;0;0;0;0;0;0;0;0;0;0;0;0;0;0;0;0;0;0
FR;5;2021-03-29;0;0;0;0;0;0;0;0;0;0;0;0;0;0;0;0;0;0
FR;5;2021-03-30;0;0;0;0;0;0;0;0;0;0;0;0;0;0;0;0;0;0
FR;5;2021-03-31;0;0;0;0;0;0;0;0;0;0;0;0;0;0;0;0;0;0
FR;5;2021-04-01;0;0;0;0;0;0;0;0;0;0;0;0;0;0;0;0;0;0
FR;5;2021-04-02;0;0;0;0;0;0;0;0;0;0;0;0;0;0;0;0;0;0
FR;5;2021-04-03;0;0;0;0;0;0;0;0;0;0;0;0;0;0;0;0;0;0
FR;5;2021-04-04;0;0;0;0;0;0;0;0;0;0;0;0;0;0;0;0;0;0
FR;5;2021-04-05;0;0;0;0;0;0;0;0;0;0;0;0;0;0;0;0;0;0
FR;5;2021-04-06;0;0;0;0;0;0;0;0;0;0;0;0;0;0;0;0;0;0
FR;5;2021-04-07;0;0;0;0;0;0;0;0;0;0;0;0;0;0;0;0;0;0
FR;5;2021-04-08;0;0;0;0;0;0;0;0;0;0;0;0;0;0;0;0;0;0
FR;5;2021-04-09;0;0;0;0;0;0;0;0;0;0;0;0;0;0;0;0;0;0
FR;5;2021-04-10;0;0;0;0;0;0;0;0;0;0;0;0;0;0;0;0;0;0
FR;5;2021-04-11;0;0;0;0;0;0;0;0;0;0;0;0;0;0;0;0;0;0
FR;5;2021-04-12;0;0;0;0;0;0;0;0;0;0;0;0;0;0;0;0;0;0
FR;5;2021-04-13;0;0;0;0;0;0;0;0;0;0;0;0;0;0;0;0;0;0
FR;5;2021-04-14;0;0;0;0;0;0;0;0;0;0;0;0;0;0;0;0;0;0
FR;5;2021-04-15;0;0;0;0;0;0;0;0;0;0;0;0;0;0;0;0;0;0
FR;5;2021-04-16;0;0;0;0;0;0;0;0;0;0;0;0;0;0;0;0;0;0
FR;5;2021-04-17;0;0;0;0;0;0;0;0;0;0;0;0;0;0;0;0;0;0
FR;5;2021-04-18;0;0;0;0;0;0;0;0;0;0;0;0;0;0;0;0;0;0
FR;5;2021-04-19;0;0;0;0;0;0;0;0;0;0;0;0;0;0;0;0;0;0
FR;5;2021-04-20;0;0;0;0;0;0;0;0;0;0;0;0;0;0;0;0;0;0
FR;5;2021-04-21;0;0;0;0;0;0;0;0;0;0;0;0;0;0;0;0;0;0
FR;5;2021-04-22;0;0;0;0;0;0;0;0;0;0;0;0;0;0;0;0;0;0
FR;5;2021-04-23;0;0;0;0;0;0;0;0;0;0;0;0;0;0;0;0;0;0
FR;5;2021-04-24;0;0;0;0;0;0;0;0;0;0;0;0;0;0;0;0;0;0
FR;5;2021-04-25;0;0;0;0;0;0;0;0;0;0;0;0;0;0;0;0;0;0
FR;5;2021-04-26;0;0;0;0;0;0;0;0;0;0;0;0;0;0;0;0;0;0
FR;5;2021-04-27;0;0;0;0;0;0;0;0;0;0;0;0;0;0;0;0;0;0
FR;5;2021-04-28;0;0;0;0;0;0;0;0;0;0;0;0;0;0;0;0;0;0
FR;5;2021-04-29;0;0;0;0;0;0;0;0;0;0;0;0;0;0;0;0;0;0
FR;5;2021-04-30;0;0;0;0;0;0;0;0;0;0;0;0;0;0;0;0;0;0
FR;5;2021-05-01;0;0;0;0;0;0;0;0;0;0;0;0;0;0;0;0;0;0
FR;5;2021-05-02;0;0;0;0;0;0;0;0;0;0;0;0;0;0;0;0;0;0
FR;5;2021-05-03;0;0;0;0;0;0;0;0;0;0;0;0;0;0;0;0;0;0
FR;5;2021-05-04;0;0;0;0;0;0;0;0;0;0;0;0;0;0;0;0;0;0
FR;5;2021-05-05;0;0;0;0;0;0;0;0;0;0;0;0;0;0;0;0;0;0
FR;5;2021-05-06;0;0;0;0;0;0;0;0;0;0;0;0;0;0;0;0;0;0
FR;5;2021-05-07;0;0;0;0;0;0;0;0;0;0;0;0;0;0;0;0;0;0
FR;5;2021-05-08;0;0;0;0;0;0;0;0;0;0;0;0;0;0;0;0;0;0
FR;5;2021-05-09;0;0;0;0;0;0;0;0;0;0;0;0;0;0;0;0;0;0
FR;5;2021-05-10;0;0;0;0;0;0;0;0;0;0;0;0;0;0;0;0;0;0
FR;5;2021-05-11;0;0;0;0;0;0;0;0;0;0;0;0;0;0;0;0;0;0
FR;5;2021-05-12;0;0;0;0;0;0;0;0;0;0;0;0;0;0;0;0;0;0
FR;5;2021-05-13;0;0;0;0;0;0;0;0;0;0;0;0;0;0;0;0;0;0
FR;5;2021-05-14;0;0;0;0;0;0;0;0;0;0;0;0;0;0;0;0;0;0
FR;5;2021-05-15;0;0;0;0;0;0;0;0;0;0;0;0;0;0;0;0;0;0
FR;5;2021-05-16;0;0;0;0;0;0;0;0;0;0;0;0;0;0;0;0;0;0
FR;5;2021-05-17;0;0;0;0;0;0;0;0;0;0;0;0;0;0;0;0;0;0
FR;5;2021-05-18;0;0;0;0;0;0;0;0;0;0;0;0;0;0;0;0;0;0
FR;5;2021-05-19;0;0;0;0;0;0;0;0;0;0;0;0;0;0;0;0;0;0
FR;5;2021-05-20;0;0;0;0;0;0;0;0;0;0;0;0;0;0;0;0;0;0
FR;5;2021-05-21;0;0;0;0;0;0;0;0;0;0;0;0;0;0;0;0;0;0
FR;5;2021-05-22;0;0;0;0;0;0;0;0;0;0;0;0;0;0;0;0;0;0
FR;5;2021-05-23;0;0;0;0;0;0;0;0;0;0;0;0;0;0;0;0;0;0
FR;5;2021-05-24;0;0;0;0;0;0;0;0;0;0;0;0;0;0;0;0;0;0
FR;5;2021-05-25;0;0;0;0;0;0;0;0;0;0;0;0;0;0;0;0;0;0
FR;5;2021-05-26;0;0;0;0;0;0;0;0;0;0;0;0;0;0;0;0;0;0
FR;5;2021-05-27;0;0;0;0;0;0;0;0;0;0;0;0;0;0;0;0;0;0
FR;5;2021-05-28;0;0;0;0;0;0;0;0;0;0;0;0;0;0;0;0;0;0
FR;5;2021-05-29;0;0;0;0;0;0;0;0;0;0;0;0;0;0;0;0;0;0
FR;5;2021-05-30;0;0;0;0;0;0;0;0;0;0;0;0;0;0;0;0;0;0
FR;5;2021-05-31;0;0;0;0;0;0;0;0;0;0;0;0;0;0;0;0;0;0
FR;5;2021-06-01;0;0;0;0;0;0;0;0;0;0;0;0;0;0;0;0;0;0
FR;5;2021-06-02;0;0;0;0;0;0;0;0;0;0;0;0;0;0;0;0;0;0
FR;5;2021-06-03;0;0;0;0;0;0;0;0;0;0;0;0;0;0;0;0;0;0
FR;5;2021-06-04;0;0;0;0;0;0;0;0;0;0;0;0;0;0;0;0;0;0
FR;5;2021-06-05;0;0;0;0;0;0;0;0;0;0;0;0;0;0;0;0;0;0
FR;5;2021-06-06;0;0;0;0;0;0;0;0;0;0;0;0;0;0;0;0;0;0
FR;5;2021-06-07;0;0;0;0;0;0;0;0;0;0;0;0;0;0;0;0;0;0
FR;5;2021-06-08;0;0;0;0;0;0;0;0;0;0;0;0;0;0;0;0;0;0
FR;5;2021-06-09;0;0;0;0;0;0;0;0;0;0;0;0;0;0;0;0;0;0
FR;5;2021-06-10;0;0;0;0;0;0;0;0;0;0;0;0;0;0;0;0;0;0
FR;5;2021-06-11;0;0;0;0;0;0;0;0;0;0;0;0;0;0;0;0;0;0
FR;5;2021-06-12;0;0;0;0;0;0;0;0;0;0;0;0;0;0;0;0;0;0
FR;5;2021-06-13;0;0;0;0;0;0;0;0;0;0;0;0;0;0;0;0;0;0
FR;5;2021-06-14;0;0;0;0;0;0;0;0;0;0;0;0;0;0;0;0;0;0
FR;5;2021-06-15;0;0;0;0;0;0;0;0;0;0;0;0;0;0;0;0;0;0
FR;5;2021-06-16;0;0;0;0;0;0;0;0;0;0;0;0;0;0;0;0;0;0
FR;5;2021-06-17;0;0;0;0;0;0;0;0;0;0;0;0;0;0;0;0;0;0
FR;5;2021-06-18;0;0;0;0;0;0;0;0;0;0;0;0;0;0;0;0;0;0
FR;5;2021-06-19;0;0;0;0;0;0;0;0;0;0;0;0;0;0;0;0;0;0
FR;5;2021-06-20;0;0;0;0;0;0;0;0;0;0;0;0;0;0;0;0;0;0
FR;5;2021-06-21;0;0;0;0;0;0;0;0;0;0;0;0;0;0;0;0;0;0
FR;5;2021-06-22;0;0;0;0;0;0;0;0;0;0;0;0;0;0;0;0;0;0
FR;5;2021-06-23;0;0;0;0;0;0;0;0;0;0;0;0;0;0;0;0;0;0
FR;5;2021-06-24;0;0;0;0;0;0;0;0;0;0;0;0;0;0;0;0;0;0
FR;5;2021-06-25;0;0;0;0;0;0;0;0;0;0;0;0;0;0;0;0;0;0
FR;5;2021-06-26;0;0;0;0;0;0;0;0;0;0;0;0;0;0;0;0;0;0
FR;5;2021-06-27;0;0;0;0;0;0;0;0;0;0;0;0;0;0;0;0;0;0
FR;5;2021-06-28;0;0;0;0;0;0;0;0;0;0;0;0;0;0;0;0;0;0
FR;5;2021-06-29;0;0;0;0;0;0;0;0;0;0;0;0;0;0;0;0;0;0
FR;5;2021-06-30;0;0;0;0;0;0;0;0;0;0;0;0;0;0;0;0;0;0
FR;5;2021-07-01;0;0;0;0;0;0;0;0;0;0;0;0;0;0;0;0;0;0
FR;5;2021-07-02;0;0;0;0;0;0;0;0;0;0;0;0;0;0;0;0;0;0
FR;5;2021-07-03;0;0;0;0;0;0;0;0;0;0;0;0;0;0;0;0;0;0
FR;5;2021-07-04;0;0;0;0;0;0;0;0;0;0;0;0;0;0;0;0;0;0
FR;5;2021-07-05;0;0;0;0;0;0;0;0;0;0;0;0;0;0;0;0;0;0
FR;5;2021-07-06;0;0;0;0;0;0;0;0;0;0;0;0;0;0;0;0;0;0
FR;5;2021-07-07;0;0;0;0;0;0;0;0;0;0;0;0;0;0;0;0;0;0
FR;5;2021-07-08;0;0;0;0;0;0;0;0;0;0;0;0;0;0;0;0;0;0
FR;5;2021-07-09;0;0;0;0;0;0;0;0;0;0;0;0;0;0;0;0;0;0
FR;5;2021-07-10;0;0;0;0;0;0;0;0;0;0;0;0;0;0;0;0;0;0
FR;5;2021-07-11;0;0;0;0;0;0;0;0;0;0;0;0;0;0;0;0;0;0
FR;5;2021-07-12;0;0;0;0;0;0;0;0;0;0;0;0;0;0;0;0;0;0
FR;5;2021-07-13;0;0;0;0;0;0;0;0;0;0;0;0;0;0;0;0;0;0
FR;5;2021-07-14;0;0;0;0;0;0;0;0;0;0;0;0;0;0;0;0;0;0
FR;5;2021-07-15;0;0;0;0;0;0;0;0;0;0;0;0;0;0;0;0;0;0
FR;5;2021-07-16;0;0;0;0;0;0;0;0;0;0;0;0;0;0;0;0;0;0
FR;5;2021-07-17;0;0;0;0;0;0;0;0;0;0;0;0;0;0;0;0;0;0
FR;5;2021-07-18;0;0;0;0;0;0;0;0;0;0;0;0;0;0;0;0;0;0
FR;5;2021-07-19;0;0;0;0;0;0;0;0;0;0;0;0;0;0;0;0;0;0
FR;5;2021-07-20;0;0;0;0;0;0;0;0;0;0;0;0;0;0;0;0;0;0
FR;5;2021-07-21;0;0;0;0;0;0;0;0;0;0;0;0;0;0;0;0;0;0
FR;5;2021-07-22;0;0;0;0;0;0;0;0;0;0;0;0;0;0;0;0;0;0
FR;5;2021-07-23;0;0;0;0;0;0;0;0;0;0;0;0;0;0;0;0;0;0
FR;5;2021-07-24;0;0;0;0;0;0;0;0;0;0;0;0;0;0;0;0;0;0
FR;5;2021-07-25;0;0;0;0;0;0;0;0;0;0;0;0;0;0;0;0;0;0
FR;5;2021-07-26;0;0;0;0;0;0;0;0;0;0;0;0;0;0;0;0;0;0
FR;5;2021-07-27;0;0;0;0;0;0;0;0;0;0;0;0;0;0;0;0;0;0
FR;5;2021-07-28;0;0;0;0;0;0;0;0;0;0;0;0;0;0;0;0;0;0
FR;5;2021-07-29;0;0;0;0;0;0;0;0;0;0;0;0;0;0;0;0;0;0
FR;5;2021-07-30;0;0;0;0;0;0;0;0;0;0;0;0;0;0;0;0;0;0
FR;5;2021-07-31;0;0;0;0;0;0;0;0;0;0;0;0;0;0;0;0;0;0
FR;5;2021-08-01;0;0;0;0;0;0;0;0;0;0;0;0;0;0;0;0;0;0
FR;5;2021-08-02;0;0;0;0;0;0;0;0;0;0;0;0;0;0;0;0;0;0
FR;5;2021-08-03;0;0;0;0;0;0;0;0;0;0;0;0;0;0;0;0;0;0
FR;5;2021-08-04;0;0;0;0;0;0;0;0;0;0;0;0;0;0;0;0;0;0
FR;5;2021-08-05;0;0;0;0;0;0;0;0;0;0;0;0;0;0;0;0;0;0
FR;5;2021-08-06;0;0;0;0;0;0;0;0;0;0;0;0;0;0;0;0;0;0
FR;5;2021-08-07;0;0;0;0;0;0;0;0;0;0;0;0;0;0;0;0;0;0
FR;5;2021-08-08;0;0;0;0;0;0;0;0;0;0;0;0;0;0;0;0;0;0
FR;5;2021-08-09;0;0;0;0;0;0;0;0;0;0;0;0;0;0;0;0;0;0
FR;5;2021-08-10;0;0;0;0;0;0;0;0;0;0;0;0;0;0;0;0;0;0
FR;5;2021-08-11;0;0;0;0;0;0;0;0;0;0;0;0;0;0;0;0;0;0
FR;5;2021-08-12;0;0;0;0;0;0;0;0;0;0;0;0;0;0;0;0;0;0
FR;5;2021-08-13;0;0;0;0;0;0;0;0;0;0;0;0;0;0;0;0;0;0
FR;5;2021-08-14;0;0;0;0;0;0;0;0;0;0;0;0;0;0;0;0;0;0
FR;5;2021-08-15;0;0;0;0;0;0;0;0;0;0;0;0;0;0;0;0;0;0
FR;5;2021-08-16;0;0;0;0;0;0;0;0;0;0;0;0;0;0;0;0;0;0
FR;5;2021-08-17;0;0;0;0;0;0;0;0;0;0;0;0;0;0;0;0;0;0
FR;5;2021-08-18;0;0;0;0;0;0;0;0;0;0;0;0;0;0;0;0;0;0
FR;5;2021-08-19;0;0;0;0;0;0;0;0;0;0;0;0;0;0;0;0;0;0
FR;5;2021-08-20;0;0;0;0;0;0;0;0;0;0;0;0;0;0;0;0;0;0
FR;5;2021-08-21;0;0;0;0;0;0;0;0;0;0;0;0;0;0;0;0;0;0
FR;5;2021-08-22;0;0;0;0;0;0;0;0;0;0;0;0;0;0;0;0;0;0
FR;5;2021-08-23;0;0;0;0;0;0;0;0;0;0;0;0;0;0;0;0;0;0
FR;5;2021-08-24;0;0;0;0;0;0;0;0;0;0;0;0;0;0;0;0;0;0
FR;5;2021-08-25;0;0;0;0;0;0;0;0;0;0;0;0;0;0;0;0;0;0
FR;5;2021-08-26;0;0;0;0;0;0;0;0;0;0;0;0;0;0;0;0;0;0
FR;5;2021-08-27;0;0;0;0;0;0;0;0;0;0;0;0;0;0;0;0;0;0
FR;5;2021-08-28;0;0;0;0;0;0;0;0;0;0;0;0;0;0;0;0;0;0
FR;5;2021-08-29;0;0;0;0;0;0;0;0;0;0;0;0;0;0;0;0;0;0
FR;5;2021-08-30;0;0;0;0;0;0;0;0;0;0;0;0;0;0;0;0;0;0
FR;5;2021-08-31;0;0;0;0;0;0;0;0;0;0;0;0;0;0;0;0;0;0
FR;5;2021-09-01;0;0;0;0;0;0;0;0;0;0;0;0;0;0;0;0;0;0
FR;5;2021-09-02;0;0;0;0;0;0;0;0;0;0;0;0;0;0;0;0;0;0
FR;5;2021-09-03;0;0;0;0;0;0;0;0;0;0;0;0;0;0;0;0;0;0
FR;5;2021-09-04;0;0;0;0;0;0;0;0;0;0;0;0;0;0;0;0;0;0
FR;5;2021-09-05;0;0;0;0;0;0;0;0;0;0;0;0;0;0;0;0;0;0
FR;5;2021-09-06;0;0;0;0;0;0;0;0;0;0;0;0;0;0;0;0;0;0
FR;5;2021-09-07;0;0;0;0;0;0;0;0;0;0;0;0;0;0;0;0;0;0
FR;5;2021-09-08;0;0;0;0;0;0;0;0;0;0;0;0;0;0;0;0;0;0
FR;5;2021-09-09;0;0;0;0;0;0;0;0;0;0;0;0;0;0;0;0;0;0
FR;5;2021-09-10;0;0;0;0;0;0;0;0;0;0;0;0;0;0;0;0;0;0
FR;5;2021-09-11;0;0;0;0;0;0;0;0;0;0;0;0;0;0;0;0;0;0
FR;5;2021-09-12;0;0;0;0;0;0;0;0;0;0;0;0;0;0;0;0;0;0
FR;5;2021-09-13;0;0;0;0;0;0;0;0;0;0;0;0;0;0;0;0;0;0
FR;5;2021-09-14;0;0;0;0;0;0;0;0;0;0;0;0;0;0;0;0;0;0
FR;5;2021-09-15;0;0;0;0;0;0;0;0;0;0;0;0;0;0;0;0;0;0
FR;5;2021-09-16;0;0;0;0;0;0;0;0;0;0;0;0;0;0;0;0;0;0
FR;5;2021-09-17;0;0;0;0;0;0;0;0;0;0;0;0;0;0;0;0;0;0
FR;5;2021-09-18;0;0;0;0;0;0;0;0;0;0;0;0;0;0;0;0;0;0
FR;5;2021-09-19;0;0;0;0;0;0;0;0;0;0;0;0;0;0;0;0;0;0
FR;5;2021-09-20;0;0;0;0;0;0;0;0;0;0;0;0;0;0;0;0;0;0
FR;5;2021-09-21;0;0;0;0;0;0;0;0;0;0;0;0;0;0;0;0;0;0
FR;5;2021-09-22;0;0;0;0;0;0;0;0;0;0;0;0;0;0;0;0;0;0
FR;5;2021-09-23;0;0;0;0;0;0;0;0;0;0;0;0;0;0;0;0;0;0
FR;5;2021-09-24;0;0;0;0;0;0;0;0;0;0;0;0;0;0;0;0;0;0
FR;5;2021-09-25;0;0;0;0;0;0;0;0;0;0;0;0;0;0;0;0;0;0
FR;5;2021-09-26;0;0;0;0;0;0;0;0;0;0;0;0;0;0;0;0;0;0
FR;5;2021-09-27;0;0;0;0;0;0;0;0;0;0;0;0;0;0;0;0;0;0
FR;5;2021-09-28;0;0;0;0;0;0;0;0;0;0;0;0;0;0;0;0;0;0
FR;5;2021-09-29;0;0;0;0;0;0;0;0;0;0;0;0;0;0;0;0;0;0
FR;5;2021-09-30;0;0;0;0;0;0;0;0;0;0;0;0;0;0;0;0;0;0
FR;5;2021-10-01;0;0;0;0;0;0;0;0;0;0;0;0;0;0;0;0;0;0
FR;5;2021-10-02;0;0;0;0;0;0;0;0;0;0;0;0;0;0;0;0;0;0
FR;5;2021-10-03;0;0;0;0;0;0;0;0;0;0;0;0;0;0;0;0;0;0
FR;5;2021-10-04;0;0;0;0;0;0;0;0;0;0;0;0;0;0;0;0;0;0
FR;5;2021-10-05;0;0;0;0;0;0;0;0;0;0;0;0;0;0;0;0;0;0
FR;5;2021-10-06;0;0;0;0;0;0;0;0;0;0;0;0;0;0;0;0;0;0
FR;5;2021-10-07;0;0;0;0;0;0;0;0;0;0;0;0;0;0;0;0;0;0
FR;5;2021-10-08;0;0;0;0;0;0;0;0;0;0;0;0;0;0;0;0;0;0
FR;5;2021-10-09;0;0;0;0;0;0;0;0;0;0;0;0;0;0;0;0;0;0
FR;5;2021-10-10;0;0;0;0;0;0;0;0;0;0;0;0;0;0;0;0;0;0
FR;5;2021-10-11;0;0;0;0;0;0;0;0;0;0;0;0;0;0;0;0;0;0
FR;5;2021-10-12;0;0;0;0;0;0;0;0;0;0;0;0;0;0;0;0;0;0
FR;5;2021-10-13;0;0;0;0;0;0;0;0;0;0;0;0;0;0;0;0;0;0
FR;5;2021-10-14;0;0;0;0;0;0;0;0;0;0;0;0;0;0;0;0;0;0
FR;5;2021-10-15;0;0;0;0;0;0;0;0;0;0;0;0;0;0;0;0;0;0
FR;5;2021-10-16;0;0;0;0;0;0;0;0;0;0;0;0;0;0;0;0;0;0
FR;5;2021-10-17;0;0;0;0;0;0;0;0;0;0;0;0;0;0;0;0;0;0
FR;5;2021-10-18;0;0;0;0;0;0;0;0;0;0;0;0;0;0;0;0;0;0
FR;5;2021-10-19;0;0;0;0;0;0;0;0;0;0;0;0;0;0;0;0;0;0
FR;5;2021-10-20;0;0;0;0;0;0;0;0;0;0;0;0;0;0;0;0;0;0
FR;5;2021-10-21;0;0;0;0;0;0;0;0;0;0;0;0;0;0;0;0;0;0
FR;5;2021-10-22;0;0;0;0;0;0;0;0;0;0;0;0;0;0;0;0;0;0
FR;5;2021-10-23;0;0;0;0;0;0;0;0;0;0;0;0;0;0;0;0;0;0
FR;5;2021-10-24;0;0;0;0;0;0;0;0;0;0;0;0;0;0;0;0;0;0
FR;5;2021-10-25;0;0;0;0;0;0;0;0;0;0;0;0;0;0;0;0;0;0
FR;5;2021-10-26;0;0;0;0;0;0;0;0;0;0;0;0;0;0;0;0;0;0
FR;5;2021-10-27;0;0;0;0;0;0;0;0;0;0;0;0;0;0;0;0;0;0
FR;5;2021-10-28;0;0;0;0;0;0;0;0;0;0;0;0;0;0;0;0;0;0
FR;5;2021-10-29;0;0;0;0;0;0;0;0;0;0;0;0;0;0;0;0;0;0
FR;5;2021-10-30;0;0;0;0;0;0;0;0;0;0;0;0;0;0;0;0;0;0
FR;5;2021-10-31;0;0;0;0;0;0;0;0;0;0;0;0;0;0;0;0;0;0
FR;5;2021-11-01;0;0;0;0;0;0;0;0;0;0;0;0;0;0;0;0;0;0
FR;5;2021-11-02;0;0;0;0;0;0;0;0;0;0;0;0;0;0;0;0;0;0
FR;5;2021-11-03;0;0;0;0;0;0;0;0;0;0;0;0;0;0;0;0;0;0
FR;5;2021-11-04;0;0;0;0;0;0;0;0;0;0;0;0;0;0;0;0;0;0
FR;5;2021-11-05;0;0;0;0;0;0;0;0;0;0;0;0;0;0;0;0;0;0
FR;5;2021-11-06;0;0;0;0;0;0;0;0;0;0;0;0;0;0;0;0;0;0
FR;5;2021-11-07;0;0;0;0;0;0;0;0;0;0;0;0;0;0;0;0;0;0
FR;5;2021-11-08;0;0;0;0;0;0;0;0;0;0;0;0;0;0;0;0;0;0
FR;5;2021-11-09;0;0;0;0;0;0;0;0;0;0;0;0;0;0;0;0;0;0
FR;5;2021-11-10;0;0;0;0;0;0;0;0;0;0;0;0;0;0;0;0;0;0
FR;5;2021-11-11;0;0;0;0;0;0;0;0;0;0;0;0;0;0;0;0;0;0
FR;5;2021-11-12;0;0;0;0;0;0;0;0;0;0;0;0;0;0;0;0;0;0
FR;5;2021-11-13;0;0;0;0;0;0;0;0;0;0;0;0;0;0;0;0;0;0
FR;5;2021-11-14;0;0;0;0;0;0;0;0;0;0;0;0;0;0;0;0;0;0
FR;5;2021-11-15;0;0;0;0;0;0;0;0;0;0;0;0;0;0;0;0;0;0
FR;5;2021-11-16;0;0;0;0;0;0;0;0;0;0;0;0;0;0;0;0;0;0
FR;5;2021-11-17;0;0;0;0;0;0;0;0;0;0;0;0;0;0;0;0;0;0
FR;5;2021-11-18;0;0;0;0;0;0;0;0;0;0;0;0;0;0;0;0;0;0
FR;5;2021-11-19;0;0;0;0;0;0;0;0;0;0;0;0;0;0;0;0;0;0
FR;5;2021-11-20;0;0;0;0;0;0;0;0;0;0;0;0;0;0;0;0;0;0
FR;5;2021-11-21;0;0;0;0;0;0;0;0;0;0;0;0;0;0;0;0;0;0
FR;5;2021-11-22;0;0;0;0;0;0;0;0;0;0;0;0;0;0;0;0;0;0
FR;5;2021-11-23;0;0;0;0;0;0;0;0;0;0;0;0;0;0;0;0;0;0
FR;5;2021-11-24;0;0;0;0;0;0;0;0;0;0;0;0;0;0;0;0;0;0
FR;5;2021-11-25;0;0;0;0;0;0;0;0;0;0;0;0;0;0;0;0;0;0
FR;5;2021-11-26;0;0;0;0;0;0;0;0;0;0;0;0;0;0;0;0;0;0
FR;5;2021-11-27;0;0;0;0;0;0;0;0;0;0;0;0;0;0;0;0;0;0
FR;5;2021-11-28;0;0;0;0;0;0;0;0;0;0;0;0;0;0;0;0;0;0
FR;5;2021-11-29;0;0;0;0;0;0;0;0;0;0;0;0;0;0;0;0;0;0
FR;5;2021-11-30;0;0;0;0;0;0;0;0;0;0;0;0;0;0;0;0;0;0
FR;5;2021-12-01;0;0;0;0;0;0;0;0;0;0;0;0;0;0;0;0;0;0
FR;5;2021-12-02;0;0;0;0;0;0;0;0;0;0;0;0;0;0;0;0;0;0
FR;5;2021-12-03;0;0;0;0;0;0;0;0;0;0;0;0;0;0;0;0;0;0
FR;5;2021-12-04;0;0;0;0;0;0;0;0;0;0;0;0;0;0;0;0;0;0
FR;5;2021-12-05;0;0;0;0;0;0;0;0;0;0;0;0;0;0;0;0;0;0
FR;5;2021-12-06;0;0;0;0;0;0;0;0;0;0;0;0;0;0;0;0;0;0
FR;5;2021-12-07;0;0;0;0;0;0;0;0;0;0;0;0;0;0;0;0;0;0
FR;5;2021-12-08;0;0;0;0;0;0;0;0;0;0;0;0;0;0;0;0;0;0
FR;5;2021-12-09;0;0;0;0;0;0;0;0;0;0;0;0;0;0;0;0;0;0
FR;5;2021-12-10;0;0;0;0;0;0;0;0;0;0;0;0;0;0;0;0;0;0
FR;5;2021-12-11;0;0;0;0;0;0;0;0;0;0;0;0;0;0;0;0;0;0
FR;5;2021-12-12;0;0;0;0;0;0;0;0;0;0;0;0;0;0;0;0;0;0
FR;5;2021-12-13;0;0;0;0;0;0;0;0;0;0;0;0;0;0;0;0;0;0
FR;5;2021-12-14;33;45;77;0;27;88;1;0;0;33;45;77;0;27;88;1;0;0
FR;5;2021-12-15;196;44;37;0;42;49;0;0;0;229;89;114;0;69;137;1;0;0
FR;5;2021-12-16;181;21;44;0;38;48;0;0;0;410;110;158;0;107;185;1;0;0
FR;5;2021-12-17;313;16;72;0;34;74;2;0;0;723;126;230;0;141;259;3;0;0
FR;5;2021-12-18;766;24;22;0;67;29;0;0;0;1489;150;252;0;208;288;3;0;0
FR;5;2021-12-19;585;15;15;0;67;17;0;0;0;2074;165;267;0;275;305;3;0;0
FR;5;2021-12-20;1225;31;34;0;134;37;2;0;0;3299;196;301;0;409;342;5;0;0
FR;5;2021-12-21;1535;22;54;1;141;60;0;0;0;4834;218;355;1;550;402;5;0;0
FR;5;2021-12-22;4069;40;37;0;420;46;2;0;0;8903;258;392;1;970;448;7;0;0
FR;5;2021-12-23;3043;16;21;0;305;25;0;0;0;11946;274;413;1;1275;473;7;0;0
FR;5;2021-12-24;761;18;9;0;103;14;0;0;0;12707;292;422;1;1378;487;7;0;0
FR;5;2021-12-25;61;5;2;0;9;3;0;0;0;12768;297;424;1;1387;490;7;0;0
FR;5;2021-12-26;623;6;3;0;101;4;0;0;0;13391;303;427;1;1488;494;7;0;0
FR;5;2021-12-27;4085;25;21;0;458;23;1;0;0;17476;328;448;1;1946;517;8;0;0
FR;5;2021-12-28;5204;23;41;1;512;43;2;0;0;22680;351;489;2;2458;560;10;0;0
FR;5;2021-12-29;8105;34;66;1;886;69;0;0;0;30785;385;555;3;3344;629;10;0;0
FR;5;2021-12-30;5173;18;33;0;525;39;0;0;0;35958;403;588;3;3869;668;10;0;0
FR;5;2021-12-31;1553;8;10;0;182;11;0;0;0;37511;411;598;3;4051;679;10;0;0
FR;5;2022-01-01;186;2;2;0;24;3;0;0;0;37697;413;600;3;4075;682;10;0;0
FR;5;2022-01-02;1490;1;1;0;152;1;0;0;0;39187;414;601;3;4227;683;10;0;0
FR;5;2022-01-03;3068;36;34;0;322;33;1;0;0;42255;450;635;3;4549;716;11;0;0
FR;5;2022-01-04;3034;39;33;0;320;42;3;0;0;45289;489;668;3;4869;758;14;0;0
FR;5;2022-01-05;19324;203;97;1;2114;108;0;0;0;64613;692;765;4;6983;866;14;0;0
FR;5;2022-01-06;3748;134;122;0;507;142;2;0;0;68361;826;887;4;7490;1008;16;0;0
FR;5;2022-01-07;5006;202;48;2;703;56;1;0;0;73367;1028;935;6;8193;1064;17;0;0
FR;5;2022-01-08;13659;514;45;0;2001;52;0;0;0;87026;1542;980;6;10194;1116;17;0;0
FR;5;2022-01-09;5754;399;15;0;1113;20;1;0;0;92780;1941;995;6;11307;1136;18;0;0
FR;5;2022-01-10;3455;326;25;0;733;29;0;0;0;96235;2267;1020;6;12040;1165;18;0;0
FR;5;2022-01-11;3671;284;38;0;662;41;1;0;0;99906;2551;1058;6;12702;1206;19;0;0
FR;5;2022-01-12;22650;3005;89;0;5297;112;2;0;0;122556;5556;1147;6;17999;1318;21;0;0
FR;5;2022-01-13;4039;623;29;0;1051;31;2;0;0;126595;6179;1176;6;19050;1349;23;0;0
FR;5;2022-01-14;4843;583;45;0;1115;52;1;0;0;131438;6762;1221;6;20165;1401;24;0;0
FR;5;2022-01-15;14686;1747;38;3;3375;49;3;0;0;146124;8509;1259;9;23540;1450;27;0;0
FR;5;2022-01-16;4728;666;3;0;1260;5;0;0;0;150852;9175;1262;9;24800;1455;27;0;0
FR;5;2022-01-17;2297;718;26;0;986;29;0;0;0;153149;9893;1288;9;25786;1484;27;0;0
FR;5;2022-01-18;2431;870;30;0;1141;40;0;0;0;155580;10763;1318;9;26927;1524;27;0;0
FR;5;2022-01-19;18484;6423;74;2;8364;142;3;0;0;174064;17186;1392;11;35291;1666;30;0;0
FR;5;2022-01-20;1920;1067;25;0;1295;34;2;0;0;175984;18253;1417;11;36586;1700;32;0;0
FR;5;2022-01-21;3077;1372;47;1;1676;59;2;0;0;179061;19625;1464;12;38262;1759;34;0;0
FR;5;2022-01-22;10720;3454;33;1;4671;43;1;0;0;189781;23079;1497;13;42933;1802;35;0;0
FR;5;2022-01-23;2629;1415;6;0;1789;10;0;0;0;192410;24494;1503;13;44722;1812;35;0;0
FR;5;2022-01-24;1161;1340;19;0;1446;23;1;0;0;193571;25834;1522;13;46168;1835;36;0;0
FR;5;2022-01-25;1220;1549;20;2;1682;31;3;0;0;194791;27383;1542;15;47850;1866;39;0;0
FR;5;2022-01-26;10748;12032;50;1;13299;89;1;0;1;205539;39415;1592;16;61149;1955;40;0;1
FR;5;2022-01-27;1291;1693;10;0;1838;17;0;0;0;206830;41108;1602;16;62987;1972;40;0;1
FR;5;2022-01-28;1699;3346;16;0;3566;19;1;0;0;208529;44454;1618;16;66553;1991;41;0;1
FR;5;2022-01-29;6241;8041;68;0;8855;96;2;0;0;214770;52495;1686;16;75408;2087;43;0;1
FR;5;2022-01-30;1509;2950;5;0;3185;18;0;0;0;216279;55445;1691;16;78593;2105;43;0;1
FR;5;2022-01-31;589;1773;23;0;1837;24;3;0;0;216868;57218;1714;16;80430;2129;46;0;1
FR;5;2022-02-01;712;1706;10;0;1791;15;0;0;0;217580;58924;1724;16;82221;2144;46;0;1
FR;5;2022-02-02;6958;15655;52;0;16603;94;0;0;0;224538;74579;1776;16;98824;2238;46;0;1
FR;5;2022-02-03;492;1691;14;0;1748;13;5;0;0;225030;76270;1790;16;100572;2251;51;0;1
FR;5;2022-02-04;945;3002;19;0;3123;31;0;0;0;225975;79272;1809;16;103695;2282;51;0;1
FR;5;2022-02-05;3535;8919;23;0;9517;37;0;0;0;229510;88191;1832;16;113212;2319;51;0;1
FR;5;2022-02-06;737;2397;10;0;2556;19;0;0;0;230247;90588;1842;16;115768;2338;51;0;1
FR;5;2022-02-07;884;1596;23;0;1715;25;2;0;0;231131;92184;1865;16;117483;2363;53;0;1
FR;5;2022-02-08;725;1287;18;0;1407;20;2;0;0;231856;93471;1883;16;118890;2383;55;0;1
FR;5;2022-02-09;4544;12880;44;0;13608;76;1;0;0;236400;106351;1927;16;132498;2459;56;0;1
FR;5;2022-02-10;646;1059;14;0;1166;15;0;0;0;237046;107410;1941;16;133664;2474;56;0;1
FR;5;2022-02-11;793;2032;16;0;2163;21;1;0;0;237839;109442;1957;16;135827;2495;57;0;1
FR;5;2022-02-12;2286;6812;33;0;7279;53;0;0;0;240125;116254;1990;16;143106;2548;57;0;1
FR;5;2022-02-13;464;1541;8;0;1654;8;1;0;0;240589;117795;1998;16;144760;2556;58;0;1
FR;5;2022-02-14;678;1288;10;0;1407;13;1;0;0;241267;119083;2008;16;146167;2569;59;0;1
FR;5;2022-02-15;482;886;9;0;968;14;1;0;0;241749;119969;2017;16;147135;2583;60;0;1
FR;5;2022-02-16;2980;9124;41;1;9676;58;2;0;0;244729;129093;2058;17;156811;2641;62;0;1
FR;5;2022-02-17;436;809;6;0;876;7;1;0;0;245165;129902;2064;17;157687;2648;63;0;1
FR;5;2022-02-18;649;1408;13;0;1535;17;0;0;0;245814;131310;2077;17;159222;2665;63;0;1
FR;5;2022-02-19;1373;4315;16;0;4623;28;0;0;0;247187;135625;2093;17;163845;2693;63;0;1
FR;5;2022-02-20;247;879;6;0;941;8;0;0;0;247434;136504;2099;17;164786;2701;63;0;1
FR;5;2022-02-21;221;607;2;0;661;4;1;0;0;247655;137111;2101;17;165447;2705;64;0;1
FR;5;2022-02-22;262;545;17;0;591;17;1;0;0;247917;137656;2118;17;166038;2722;65;0;1
FR;5;2022-02-23;1909;6926;23;1;7346;43;0;0;0;249826;144582;2141;18;173384;2765;65;0;1
FR;5;2022-02-24;182;374;6;1;421;7;1;0;0;250008;144956;2147;19;173805;2772;66;0;1
FR;5;2022-02-25;336;950;13;0;1027;12;2;0;0;250344;145906;2160;19;174832;2784;68;0;1
FR;5;2022-02-26;972;3071;11;0;3333;15;2;0;0;251316;148977;2171;19;178165;2799;70;0;1
FR;5;2022-02-27;151;506;0;0;549;3;0;0;0;251467;149483;2171;19;178714;2802;70;0;1
FR;5;2022-02-28;162;369;1;0;408;1;0;0;0;251629;149852;2172;19;179122;2803;70;0;1
FR;5;2022-03-01;130;280;6;0;315;7;1;0;0;251759;150132;2178;19;179437;2810;71;0;1
FR;5;2022-03-02;1242;4156;28;3;4497;40;3;0;0;253001;154288;2206;22;183934;2850;74;0;1
FR;5;2022-03-03;121;251;5;0;271;10;1;0;0;253122;154539;2211;22;184205;2860;75;0;1
FR;5;2022-03-04;197;488;13;0;538;14;2;0;0;253319;155027;2224;22;184743;2874;77;0;1
FR;5;2022-03-05;677;1990;8;0;2244;16;2;0;0;253996;157017;2232;22;186987;2890;79;0;1
FR;5;2022-03-06;108;260;0;0;310;0;0;0;0;254104;157277;2232;22;187297;2890;79;0;1
FR;5;2022-03-07;71;228;5;0;254;3;2;0;0;254175;157505;2237;22;187551;2893;81;0;1
FR;5;2022-03-08;46;134;7;1;141;8;3;0;0;254221;157639;2244;23;187692;2901;84;0;1
FR;5;2022-03-09;910;3078;24;0;3408;36;0;0;0;255131;160717;2268;23;191100;2937;84;0;1
FR;5;2022-03-10;82;202;9;0;215;13;3;0;0;255213;160919;2277;23;191315;2950;87;0;1
FR;5;2022-03-11;148;369;13;1;427;15;0;0;0;255361;161288;2290;24;191742;2965;87;0;1
FR;5;2022-03-12;758;1613;13;1;1976;30;0;0;0;256119;162901;2303;25;193718;2995;87;0;1
FR;5;2022-03-13;78;100;0;0;133;0;0;0;0;256197;163001;2303;25;193851;2995;87;0;1
FR;5;2022-03-14;67;119;7;1;139;7;1;0;0;256264;163120;2310;26;193990;3002;88;0;1
FR;5;2022-03-15;83;99;4;0;119;7;1;0;0;256347;163219;2314;26;194109;3009;89;0;1
FR;5;2022-03-16;882;1827;15;3;2227;36;7;0;0;257229;165046;2329;29;196336;3045;96;0;1
FR;5;2022-03-17;68;123;8;4;151;10;4;0;0;257297;165169;2337;33;196487;3055;100;0;1
FR;5;2022-03-18;172;318;13;4;391;18;4;0;0;257469;165487;2350;37;196878;3073;104;0;1
FR;5;2022-03-19;752;1163;12;5;1555;33;8;0;0;258221;166650;2362;42;198433;3106;112;0;1
FR;5;2022-03-20;45;93;1;0;119;1;0;0;0;258266;166743;2363;42;198552;3107;112;0;1
FR;5;2022-03-21;71;120;10;6;136;15;8;0;0;258337;166863;2373;48;198688;3122;120;0;1
FR;5;2022-03-22;56;119;8;7;143;9;6;0;0;258393;166982;2381;55;198831;3131;126;0;1
FR;5;2022-03-23;805;1461;14;8;1878;36;9;0;0;259198;168443;2395;63;200709;3167;135;0;1
FR;5;2022-03-24;71;93;8;7;118;7;10;0;0;259269;168536;2403;70;200827;3174;145;0;1
FR;5;2022-03-25;222;293;14;8;388;18;9;0;0;259491;168829;2417;78;201215;3192;154;0;1
FR;5;2022-03-26;707;853;12;5;1273;26;6;0;1;260198;169682;2429;83;202488;3218;160;0;2
FR;5;2022-03-27;75;81;0;0;124;3;0;0;0;260273;169763;2429;83;202612;3221;160;0;2
FR;5;2022-03-28;81;93;1;2;132;3;2;0;0;260354;169856;2430;85;202744;3224;162;0;2
FR;5;2022-03-29;71;82;10;4;113;12;5;0;0;260425;169938;2440;89;202857;3236;167;0;2
FR;5;2022-03-30;823;1116;16;13;1604;29;14;0;0;261248;171054;2456;102;204461;3265;181;0;2
FR;5;2022-03-31;102;125;1;4;173;6;4;0;0;261350;171179;2457;106;204634;3271;185;0;2
FR;5;2022-04-01;114;86;7;12;135;11;12;0;1;261464;171265;2464;118;204769;3282;197;0;3
FR;5;2022-04-02;330;349;3;3;535;15;4;0;0;261794;171614;2467;121;205304;3297;201;0;3
FR;5;2022-04-03;54;59;1;0;88;1;0;0;0;261848;171673;2468;121;205392;3298;201;0;3
FR;5;2022-04-04;40;57;4;1;70;8;2;0;0;261888;171730;2472;122;205462;3306;203;0;3
FR;5;2022-04-05;53;60;6;6;75;9;5;0;0;261941;171790;2478;128;205537;3315;208;0;3
FR;5;2022-04-06;421;439;7;14;678;16;14;0;0;262362;172229;2485;142;206215;3331;222;0;3
FR;5;2022-04-07;45;69;5;7;89;7;10;0;0;262407;172298;2490;149;206304;3338;232;0;3
FR;5;2022-04-08;134;112;12;13;175;14;15;0;0;262541;172410;2502;162;206479;3352;247;0;3
FR;5;2022-04-09;311;324;2;5;511;17;5;0;0;262852;172734;2504;167;206990;3369;252;0;3
FR;5;2022-04-10;44;31;2;0;61;2;1;0;0;262896;172765;2506;167;207051;3371;253;0;3
FR;5;2022-04-11;50;60;3;2;78;4;3;0;0;262946;172825;2509;169;207129;3375;256;0;3
FR;5;2022-04-12;59;54;3;3;78;5;3;0;0;263005;172879;2512;172;207207;3380;259;0;3
FR;5;2022-04-13;382;413;3;8;606;16;8;0;0;263387;173292;2515;180;207813;3396;267;0;3
FR;5;2022-04-14;48;53;5;5;70;9;3;0;0;263435;173345;2520;185;207883;3405;270;0;3
FR;5;2022-04-15;91;109;4;4;150;5;6;0;0;263526;173454;2524;189;208033;3410;276;0;3
FR;5;2022-04-16;188;184;2;1;265;13;1;0;0;263714;173638;2526;190;208298;3423;277;0;3
FR;5;2022-04-17;12;11;1;0;17;1;0;0;0;263726;173649;2527;190;208315;3424;277;0;3
FR;5;2022-04-18;9;10;2;0;11;3;1;0;0;263735;173659;2529;190;208326;3427;278;0;3
FR;5;2022-04-19;75;71;6;1;96;6;4;0;0;263810;173730;2535;191;208422;3433;282;0;3
FR;5;2022-04-20;361;349;9;6;522;12;7;0;0;264171;174079;2544;197;208944;3445;289;0;3
FR;5;2022-04-21;42;64;9;10;71;12;14;0;0;264213;174143;2553;207;209015;3457;303;0;3
FR;5;2022-04-22;113;96;5;4;144;5;5;0;0;264326;174239;2558;211;209159;3462;308;0;3
FR;5;2022-04-23;209;193;4;2;284;11;3;0;0;264535;174432;2562;213;209443;3473;311;0;3
FR;5;2022-04-24;37;35;0;0;50;3;0;0;0;264572;174467;2562;213;209493;3476;311;0;3
FR;5;2022-04-25;69;65;1;1;102;4;1;0;0;264641;174532;2563;214;209595;3480;312;0;3
FR;5;2022-04-26;60;63;2;1;85;5;1;0;0;264701;174595;2565;215;209680;3485;313;0;3
FR;5;2022-04-27;335;316;3;7;463;14;8;0;0;265036;174911;2568;222;210143;3499;321;0;3
FR;5;2022-04-28;81;54;4;5;81;8;7;0;0;265117;174965;2572;227;210224;3507;328;0;3
FR;5;2022-04-29;117;84;5;19;117;12;17;0;0;265234;175049;2577;246;210341;3519;345;0;3
FR;5;2022-04-30;183;114;2;3;184;10;4;0;0;265417;175163;2579;249;210525;3529;349;0;3
FR;5;2022-05-01;11;7;0;0;11;0;0;0;0;265428;175170;2579;249;210536;3529;349;0;3
FR;5;2022-05-02;52;28;4;5;48;2;7;0;0;265480;175198;2583;254;210584;3531;356;0;3
FR;5;2022-05-03;87;57;2;4;84;11;4;0;0;265567;175255;2585;258;210668;3542;360;0;3
FR;5;2022-05-04;278;205;1;2;324;7;2;0;0;265845;175460;2586;260;210992;3549;362;0;3
FR;5;2022-05-05;62;32;3;4;46;5;4;0;0;265907;175492;2589;264;211038;3554;366;0;3
FR;5;2022-05-06;105;65;2;3;106;5;3;0;0;266012;175557;2591;267;211144;3559;369;0;3
FR;5;2022-05-07;171;117;2;10;180;13;7;0;0;266183;175674;2593;277;211324;3572;376;0;3
FR;5;2022-05-08;8;8;0;0;9;2;0;0;0;266191;175682;2593;277;211333;3574;376;0;3
FR;5;2022-05-09;44;34;15;3;51;16;4;0;0;266235;175716;2608;280;211384;3590;380;0;3
FR;5;2022-05-10;54;49;3;4;67;5;5;0;0;266289;175765;2611;284;211451;3595;385;0;3
FR;5;2022-05-11;327;237;12;7;344;21;11;0;0;266616;176002;2623;291;211795;3616;396;0;3
FR;5;2022-05-12;46;34;2;2;47;2;3;0;0;266662;176036;2625;293;211842;3618;399;0;3
FR;5;2022-05-13;109;83;3;8;119;8;7;0;0;266771;176119;2628;301;211961;3626;406;0;3
FR;5;2022-05-14;209;131;0;1;212;8;0;0;0;266980;176250;2628;302;212173;3634;406;0;3
FR;5;2022-05-15;22;9;2;0;18;1;1;0;0;267002;176259;2630;302;212191;3635;407;0;3
FR;5;2022-05-16;52;34;4;5;53;4;5;0;0;267054;176293;2634;307;212244;3639;412;0;3
FR;5;2022-05-17;72;40;5;0;68;2;3;0;0;267126;176333;2639;307;212312;3641;415;0;3
FR;5;2022-05-18;289;215;4;4;330;8;6;0;0;267415;176548;2643;311;212642;3649;421;0;3
FR;5;2022-05-19;45;35;5;3;42;3;4;0;0;267460;176583;2648;314;212684;3652;425;0;3
FR;5;2022-05-20;76;63;3;10;92;1;11;0;0;267536;176646;2651;324;212776;3653;436;0;3
FR;5;2022-05-21;242;166;2;3;268;17;1;0;0;267778;176812;2653;327;213044;3670;437;0;3
FR;5;2022-05-22;20;14;2;5;20;2;6;0;0;267798;176826;2655;332;213064;3672;443;0;3
FR;5;2022-05-23;42;31;4;3;42;6;3;0;0;267840;176857;2659;335;213106;3678;446;0;3
FR;5;2022-05-24;47;45;3;2;60;5;2;0;0;267887;176902;2662;337;213166;3683;448;0;3
FR;5;2022-05-25;329;257;4;1;385;16;1;0;0;268216;177159;2666;338;213551;3699;449;0;3
FR;5;2022-05-26;17;5;0;1;9;2;0;0;1;268233;177164;2666;339;213560;3701;449;0;4
FR;5;2022-05-27;99;54;4;4;89;9;3;0;0;268332;177218;2670;343;213649;3710;452;0;4
FR;5;2022-05-28;100;78;5;3;106;10;3;0;0;268432;177296;2675;346;213755;3720;455;0;4
FR;5;2022-05-29;14;14;1;0;18;2;0;0;0;268446;177310;2676;346;213773;3722;455;0;4
FR;5;2022-05-30;56;41;2;1;54;2;2;0;0;268502;177351;2678;347;213827;3724;457;0;4
FR;5;2022-05-31;57;43;1;8;62;1;8;0;0;268559;177394;2679;355;213889;3725;465;0;4
FR;5;2022-06-01;257;241;9;2;301;25;5;0;0;268816;177635;2688;357;214190;3750;470;0;4
FR;5;2022-06-02;63;61;5;0;73;9;1;0;0;268879;177696;2693;357;214263;3759;471;0;4
FR;5;2022-06-03;82;71;4;5;88;10;6;0;0;268961;177767;2697;362;214351;3769;477;0;4
FR;5;2022-06-04;157;109;2;1;187;9;1;0;0;269118;177876;2699;363;214538;3778;478;0;4
FR;5;2022-06-05;18;11;0;0;21;1;0;0;0;269136;177887;2699;363;214559;3779;478;0;4
FR;5;2022-06-06;16;12;0;1;15;0;1;0;0;269152;177899;2699;364;214574;3779;479;0;4
FR;5;2022-06-07;50;56;1;1;76;2;1;0;0;269202;177955;2700;365;214650;3781;480;0;4
FR;5;2022-06-08;283;225;3;4;332;17;2;0;0;269485;178180;2703;369;214982;3798;482;0;4
FR;5;2022-06-09;52;41;6;3;57;7;2;0;1;269537;178221;2709;372;215039;3805;484;0;5
FR;5;2022-06-10;81;72;1;1;105;6;1;0;0;269618;178293;2710;373;215144;3811;485;0;5
FR;5;2022-06-11;173;141;3;3;202;10;4;0;0;269791;178434;2713;376;215346;3821;489;0;5
FR;5;2022-06-12;17;16;0;0;19;2;0;0;0;269808;178450;2713;376;215365;3823;489;0;5
FR;5;2022-06-13;56;47;9;3;70;10;6;0;0;269864;178497;2722;379;215435;3833;495;0;5
FR;5;2022-06-14;59;56;1;4;64;6;4;0;0;269923;178553;2723;383;215499;3839;499;0;5
FR;5;2022-06-15;266;260;5;2;363;27;1;0;0;270189;178813;2728;385;215862;3866;500;0;5
FR;5;2022-06-16;47;30;5;2;44;5;2;0;0;270236;178843;2733;387;215906;3871;502;0;5
FR;5;2022-06-17;100;67;5;5;102;10;5;0;0;270336;178910;2738;392;216008;3881;507;0;5
FR;5;2022-06-18;146;95;10;2;152;26;2;0;1;270482;179005;2748;394;216160;3907;509;0;6
FR;5;2022-06-19;26;15;0;1;18;4;1;0;0;270508;179020;2748;395;216178;3911;510;0;6
FR;5;2022-06-20;56;50;8;0;62;11;2;0;0;270564;179070;2756;395;216240;3922;512;0;6
FR;5;2022-06-21;52;73;5;3;90;7;5;0;1;270616;179143;2761;398;216330;3929;517;0;7
FR;5;2022-06-22;224;247;7;9;347;33;10;0;0;270840;179390;2768;407;216677;3962;527;0;7
FR;5;2022-06-23;50;38;2;5;43;6;6;0;0;270890;179428;2770;412;216720;3968;533;0;7
FR;5;2022-06-24;91;70;12;5;101;16;8;0;0;270981;179498;2782;417;216821;3984;541;0;7
FR;5;2022-06-25;154;124;3;7;185;14;8;0;1;271135;179622;2785;424;217006;3998;549;0;8
FR;5;2022-06-26;26;19;2;0;29;5;0;0;0;271161;179641;2787;424;217035;4003;549;0;8
FR;5;2022-06-27;57;60;5;7;78;11;9;0;0;271218;179701;2792;431;217113;4014;558;0;8
FR;5;2022-06-28;70;49;8;2;69;14;5;0;0;271288;179750;2800;433;217182;4028;563;0;8
FR;5;2022-06-29;297;268;9;21;391;34;23;0;0;271585;180018;2809;454;217573;4062;586;0;8
FR;5;2022-06-30;89;57;10;12;89;17;11;0;0;271674;180075;2819;466;217662;4079;597;0;8
FR;5;2022-07-01;127;65;7;11;118;12;11;0;2;271801;180140;2826;477;217780;4091;608;0;10
FR;5;2022-07-02;191;132;4;0;210;22;0;0;0;271992;180272;2830;477;217990;4113;608;0;10
FR;5;2022-07-03;30;25;1;0;36;4;0;0;0;272022;180297;2831;477;218026;4117;608;0;10
FR;5;2022-07-04;103;65;2;5;102;7;5;0;1;272125;180362;2833;482;218128;4124;613;0;11
FR;5;2022-07-05;104;72;3;8;107;13;8;0;1;272229;180434;2836;490;218235;4137;621;0;12
FR;5;2022-07-06;277;168;9;36;289;27;36;0;0;272506;180602;2845;526;218524;4164;657;0;12
FR;5;2022-07-07;88;69;6;9;89;13;11;0;0;272594;180671;2851;535;218613;4177;668;0;12
FR;5;2022-07-08;152;120;7;14;146;25;13;0;1;272746;180791;2858;549;218759;4202;681;0;13
FR;5;2022-07-09;116;68;1;8;100;10;8;0;0;272862;180859;2859;557;218859;4212;689;0;13
FR;5;2022-07-10;15;6;0;0;10;1;0;0;0;272877;180865;2859;557;218869;4213;689;0;13
FR;5;2022-07-11;92;72;10;2;98;19;3;0;0;272969;180937;2869;559;218967;4232;692;0;13
FR;5;2022-07-12;67;63;5;10;81;7;12;0;0;273036;181000;2874;569;219048;4239;704;0;13
FR;5;2022-07-13;169;118;10;19;196;16;23;0;0;273205;181118;2884;588;219244;4255;727;0;13
FR;5;2022-07-14;8;4;0;0;7;0;0;0;0;273213;181122;2884;588;219251;4255;727;0;13
FR;5;2022-07-15;74;66;5;14;86;15;15;0;0;273287;181188;2889;602;219337;4270;742;0;13
FR;5;2022-07-16;54;44;3;0;71;3;2;0;0;273341;181232;2892;602;219408;4273;744;0;13
FR;5;2022-07-17;10;7;3;0;10;2;2;0;0;273351;181239;2895;602;219418;4275;746;0;13
FR;5;2022-07-18;60;47;0;4;70;4;3;0;0;273411;181286;2895;606;219488;4279;749;0;13
FR;5;2022-07-19;63;42;5;3;63;7;4;0;0;273474;181328;2900;609;219551;4286;753;0;13
FR;5;2022-07-20;119;106;4;11;141;14;9;0;0;273593;181434;2904;620;219692;4300;762;0;13
FR;5;2022-07-21;38;43;2;10;52;5;10;0;0;273631;181477;2906;630;219744;4305;772;0;13
FR;5;2022-07-22;48;69;11;13;75;23;11;0;1;273679;181546;2917;643;219819;4328;783;0;14
FR;5;2022-07-23;59;78;2;1;95;11;2;0;0;273738;181624;2919;644;219914;4339;785;0;14
FR;5;2022-07-24;11;9;3;1;12;3;1;0;0;273749;181633;2922;645;219926;4342;786;0;14
FR;5;2022-07-25;53;48;2;7;57;8;8;0;0;273802;181681;2924;652;219983;4350;794;0;14
FR;5;2022-07-26;58;52;5;41;70;6;44;0;0;273860;181733;2929;693;220053;4356;838;0;14
FR;5;2022-07-27;106;118;4;4;161;13;4;0;0;273966;181851;2933;697;220214;4369;842;0;14
FR;5;2022-07-28;39;35;2;2;47;6;1;0;0;274005;181886;2935;699;220261;4375;843;0;14
FR;5;2022-07-29;56;74;3;14;90;8;10;0;0;274061;181960;2938;713;220351;4383;853;0;14
FR;5;2022-07-30;55;53;5;1;75;7;2;0;0;274116;182013;2943;714;220426;4390;855;0;14
FR;5;2022-07-31;7;11;1;0;13;1;0;0;0;274123;182024;2944;714;220439;4391;855;0;14
FR;5;2022-08-01;39;53;1;2;64;6;2;0;0;274162;182077;2945;716;220503;4397;857;0;14
FR;5;2022-08-02;32;43;8;7;47;8;7;0;1;274194;182120;2953;723;220550;4405;864;0;15
FR;5;2022-08-03;54;51;4;10;70;9;8;0;0;274248;182171;2957;733;220620;4414;872;0;15
FR;5;2022-08-04;20;18;1;6;22;1;6;0;0;274268;182189;2958;739;220642;4415;878;0;15
FR;5;2022-08-05;35;26;3;3;39;3;3;0;0;274303;182215;2961;742;220681;4418;881;0;15
FR;5;2022-08-06;23;26;1;0;31;1;0;0;0;274326;182241;2962;742;220712;4419;881;0;15
FR;5;2022-08-07;2;2;1;0;1;1;1;0;0;274328;182243;2963;742;220713;4420;882;0;15
FR;5;2022-08-08;26;19;1;2;24;2;1;0;0;274354;182262;2964;744;220737;4422;883;0;15
FR;5;2022-08-09;26;28;3;3;35;3;3;0;0;274380;182290;2967;747;220772;4425;886;0;15
FR;5;2022-08-10;47;47;2;0;56;5;0;0;0;274427;182337;2969;747;220828;4430;886;0;15
FR;5;2022-08-11;19;36;2;2;42;5;2;0;0;274446;182373;2971;749;220870;4435;888;0;15
FR;5;2022-08-12;27;28;2;0;39;2;0;0;0;274473;182401;2973;749;220909;4437;888;0;15
FR;5;2022-08-13;16;18;0;0;24;0;0;0;0;274489;182419;2973;749;220933;4437;888;0;15
FR;5;2022-08-14;2;3;0;0;4;0;0;0;0;274491;182422;2973;749;220937;4437;888;0;15
FR;5;2022-08-15;2;5;0;0;5;0;0;0;0;274493;182427;2973;749;220942;4437;888;0;15
FR;5;2022-08-16;33;26;3;0;28;6;0;0;0;274526;182453;2976;749;220970;4443;888;0;15
FR;5;2022-08-17;52;55;2;1;72;1;1;0;0;274578;182508;2978;750;221042;4444;889;0;15
FR;5;2022-08-18;26;18;8;17;25;10;16;0;0;274604;182526;2986;767;221067;4454;905;0;15
FR;5;2022-08-19;25;33;1;2;41;2;2;0;0;274629;182559;2987;769;221108;4456;907;0;15
FR;5;2022-08-20;25;27;2;1;33;4;2;0;0;274654;182586;2989;770;221141;4460;909;0;15
FR;5;2022-08-21;7;4;1;0;7;1;0;0;0;274661;182590;2990;770;221148;4461;909;0;15
FR;5;2022-08-22;39;26;1;6;42;2;5;0;1;274700;182616;2991;776;221190;4463;914;0;16
FR;5;2022-08-23;27;26;1;1;32;2;1;0;0;274727;182642;2992;777;221222;4465;915;0;16
FR;5;2022-08-24;50;43;0;0;62;0;0;0;0;274777;182685;2992;777;221284;4465;915;0;16
FR;5;2022-08-25;27;26;3;1;31;2;0;0;1;274804;182711;2995;778;221315;4467;915;0;17
FR;5;2022-08-26;48;39;7;2;58;5;4;0;0;274852;182750;3002;780;221373;4472;919;0;17
FR;5;2022-08-27;46;28;1;0;46;3;1;0;0;274898;182778;3003;780;221419;4475;920;0;17
FR;5;2022-08-28;5;6;0;0;6;0;0;0;0;274903;182784;3003;780;221425;4475;920;0;17
FR;5;2022-08-29;58;44;1;1;66;4;1;0;0;274961;182828;3004;781;221491;4479;921;0;17
FR;5;2022-08-30;45;23;12;29;40;10;30;0;1;275006;182851;3016;810;221531;4489;951;0;18
FR;5;2022-08-31;53;47;6;1;58;11;1;0;0;275059;182898;3022;811;221589;4500;952;0;18
FR;5;2022-09-01;16;8;1;4;13;1;4;0;0;275075;182906;3023;815;221602;4501;956;0;18
FR;5;2022-09-02;42;23;8;2;35;9;3;0;0;275117;182929;3031;817;221637;4510;959;0;18
FR;5;2022-09-03;69;37;2;0;58;2;0;0;0;275186;182966;3033;817;221695;4512;959;0;18
FR;5;2022-09-04;12;7;1;0;8;3;0;0;0;275198;182973;3034;817;221703;4515;959;0;18
FR;5;2022-09-05;7;4;1;0;4;1;0;0;0;275205;182977;3035;817;221707;4516;959;0;18
FR;5;2022-09-06;21;14;3;15;17;2;14;0;2;275226;182991;3038;832;221724;4518;973;0;20
FR;5;2022-09-07;79;53;1;1;76;3;1;0;0;275305;183044;3039;833;221800;4521;974;0;20
FR;5;2022-09-08;9;4;0;4;7;0;4;0;0;275314;183048;3039;837;221807;4521;978;0;20
FR;5;2022-09-09;40;11;9;2;14;10;3;0;0;275354;183059;3048;839;221821;4531;981;0;20
FR;5;2022-09-10;40;45;1;1;50;8;1;0;0;275394;183104;3049;840;221871;4539;982;0;20
FR;5;2022-09-11;3;3;0;0;3;1;0;0;0;275397;183107;3049;840;221874;4540;982;0;20
FR;5;2022-09-12;7;5;2;2;7;2;2;0;0;275404;183112;3051;842;221881;4542;984;0;20
FR;5;2022-09-13;9;6;0;1;4;3;1;0;0;275413;183118;3051;843;221885;4545;985;0;20
FR;5;2022-09-14;52;47;4;6;55;9;5;0;0;275465;183165;3055;849;221940;4554;990;0;20
FR;5;2022-09-15;11;13;2;3;11;5;3;0;0;275476;183178;3057;852;221951;4559;993;0;20
FR;5;2022-09-16;25;33;1;4;38;3;3;0;0;275501;183211;3058;856;221989;4562;996;0;20
FR;5;2022-09-17;60;43;1;1;51;5;1;0;0;275561;183254;3059;857;222040;4567;997;0;20
FR;5;2022-09-18;9;6;0;1;10;1;0;0;0;275570;183260;3059;858;222050;4568;997;0;20
FR;5;2022-09-19;22;17;2;1;20;5;2;0;0;275592;183277;3061;859;222070;4573;999;0;20
FR;5;2022-09-20;15;11;3;3;15;1;4;0;0;275607;183288;3064;862;222085;4574;1003;0;20
FR;5;2022-09-21;68;45;9;0;65;13;0;0;0;275675;183333;3073;862;222150;4587;1003;0;20
FR;5;2022-09-22;12;6;4;24;6;4;23;0;1;275687;183339;3077;886;222156;4591;1026;0;21
FR;5;2022-09-23;20;25;2;3;23;8;3;0;0;275707;183364;3079;889;222179;4599;1029;0;21
FR;5;2022-09-24;44;51;1;8;65;5;8;0;0;275751;183415;3080;897;222244;4604;1037;0;21
FR;5;2022-09-25;6;12;0;0;13;1;0;0;0;275757;183427;3080;897;222257;4605;1037;0;21
FR;5;2022-09-26;15;7;0;2;12;0;1;0;1;275772;183434;3080;899;222269;4605;1038;0;22
FR;5;2022-09-27;7;12;4;9;14;4;9;0;1;275779;183446;3084;908;222283;4609;1047;0;23
FR;5;2022-09-28;65;64;5;0;88;7;0;0;0;275844;183510;3089;908;222371;4616;1047;0;23
FR;5;2022-09-29;17;9;1;0;15;1;1;0;1;275861;183519;3090;908;222386;4617;1048;0;24
FR;5;2022-09-30;28;46;2;2;53;4;3;0;0;275889;183565;3092;910;222439;4621;1051;0;24
FR;5;2022-10-01;40;35;5;5;48;8;7;0;0;275929;183600;3097;915;222487;4629;1058;0;24
FR;5;2022-10-02;1;9;1;0;10;1;0;0;0;275930;183609;3098;915;222497;4630;1058;0;24
FR;5;2022-10-03;7;6;3;0;5;4;0;0;0;275937;183615;3101;915;222502;4634;1058;0;24
FR;5;2022-10-04;11;8;1;3;11;2;3;0;0;275948;183623;3102;918;222513;4636;1061;0;24
FR;5;2022-10-05;57;62;2;2;79;13;2;0;0;276005;183685;3104;920;222592;4649;1063;0;24
FR;5;2022-10-06;12;10;1;4;15;2;4;0;0;276017;183695;3105;924;222607;4651;1067;0;24
FR;5;2022-10-07;21;31;1;0;34;5;0;0;0;276038;183726;3106;924;222641;4656;1067;0;24
FR;5;2022-10-08;33;51;1;0;54;7;0;0;0;276071;183777;3107;924;222695;4663;1067;0;24
FR;5;2022-10-09;7;10;0;0;11;1;0;0;0;276078;183787;3107;924;222706;4664;1067;0;24
FR;5;2022-10-10;14;6;0;1;8;1;1;0;0;276092;183793;3107;925;222714;4665;1068;0;24
FR;5;2022-10-11;6;13;2;1;14;2;2;0;0;276098;183806;3109;926;222728;4667;1070;0;24
FR;5;2022-10-12;39;57;3;2;69;8;2;0;0;276137;183863;3112;928;222797;4675;1072;0;24
FR;5;2022-10-13;11;16;2;0;18;4;0;0;0;276148;183879;3114;928;222815;4679;1072;0;24
FR;5;2022-10-14;21;21;1;0;20;5;0;0;0;276169;183900;3115;928;222835;4684;1072;0;24
FR;5;2022-10-15;19;26;10;0;25;11;2;0;0;276188;183926;3125;928;222860;4695;1074;0;24
FR;5;2022-10-16;3;1;0;0;1;1;0;0;0;276191;183927;3125;928;222861;4696;1074;0;24
FR;5;2022-10-17;8;8;2;1;8;3;1;0;2;276199;183935;3127;929;222869;4699;1075;0;26
FR;5;2022-10-18;6;7;0;2;8;0;2;0;0;276205;183942;3127;931;222877;4699;1077;0;26
FR;5;2022-10-19;38;43;8;0;52;11;0;0;1;276243;183985;3135;931;222929;4710;1077;0;27
FR;5;2022-10-20;18;15;2;1;16;3;1;0;0;276261;184000;3137;932;222945;4713;1078;0;27
FR;5;2022-10-21;22;15;6;0;19;8;1;0;2;276283;184015;3143;932;222964;4721;1079;0;29
FR;5;2022-10-22;34;29;2;12;32;5;12;0;0;276317;184044;3145;944;222996;4726;1091;0;29
FR;5;2022-10-23;9;3;0;0;4;0;0;0;0;276326;184047;3145;944;223000;4726;1091;0;29
FR;5;2022-10-24;14;7;6;7;9;9;8;0;0;276340;184054;3151;951;223009;4735;1099;0;29
FR;5;2022-10-25;12;9;6;3;9;8;3;0;2;276352;184063;3157;954;223018;4743;1102;0;31
FR;5;2022-10-26;34;22;6;0;29;10;0;0;0;276386;184085;3163;954;223047;4753;1102;0;31
FR;5;2022-10-27;16;4;4;0;11;4;0;0;0;276402;184089;3167;954;223058;4757;1102;0;31
FR;5;2022-10-28;19;13;5;3;14;6;4;0;0;276421;184102;3172;957;223072;4763;1106;0;31
FR;5;2022-10-29;21;13;0;0;17;3;0;0;0;276442;184115;3172;957;223089;4766;1106;0;31
FR;5;2022-10-30;1;4;2;0;4;3;0;0;0;276443;184119;3174;957;223093;4769;1106;0;31
FR;5;2022-10-31;14;11;2;1;12;3;1;0;0;276457;184130;3176;958;223105;4772;1107;0;31
FR;5;2022-11-01;3;3;0;1;3;0;1;0;0;276460;184133;3176;959;223108;4772;1108;0;31
FR;5;2022-11-02;23;17;5;4;23;5;5;0;0;276483;184150;3181;963;223131;4777;1113;0;31
FR;5;2022-11-03;22;4;1;1;11;1;1;0;0;276505;184154;3182;964;223142;4778;1114;0;31
FR;5;2022-11-04;19;18;1;0;18;2;0;0;0;276524;184172;3183;964;223160;4780;1114;0;31
FR;5;2022-11-05;25;16;1;0;21;1;0;0;0;276549;184188;3184;964;223181;4781;1114;0;31
FR;5;2022-11-06;1;7;0;0;7;0;0;0;0;276550;184195;3184;964;223188;4781;1114;0;31
FR;5;2022-11-07;5;3;3;0;3;3;0;0;0;276555;184198;3187;964;223191;4784;1114;0;31
FR;5;2022-11-08;12;7;1;2;8;1;1;0;0;276567;184205;3188;966;223199;4785;1115;0;31
FR;5;2022-11-09;30;29;6;1;32;6;1;0;0;276597;184234;3194;967;223231;4791;1116;0;31
FR;5;2022-11-10;11;16;1;0;17;1;0;0;0;276608;184250;3195;967;223248;4792;1116;0;31
FR;5;2022-11-11;2;4;0;1;6;0;1;0;0;276610;184254;3195;968;223254;4792;1117;0;31
FR;5;2022-11-12;19;10;5;9;18;6;9;0;2;276629;184264;3200;977;223272;4798;1126;0;33
FR;5;2022-11-13;2;2;0;1;2;0;1;0;0;276631;184266;3200;978;223274;4798;1127;0;33
FR;5;2022-11-14;8;10;0;1;9;3;0;0;0;276639;184276;3200;979;223283;4801;1127;0;33
FR;5;2022-11-15;8;6;4;3;6;4;3;0;0;276647;184282;3204;982;223289;4805;1130;0;33
FR;5;2022-11-16;29;28;2;1;32;5;0;0;0;276676;184310;3206;983;223321;4810;1130;0;33
FR;5;2022-11-17;6;15;4;0;15;5;0;0;0;276682;184325;3210;983;223336;4815;1130;0;33
FR;5;2022-11-18;16;17;7;0;19;9;0;0;0;276698;184342;3217;983;223355;4824;1130;0;33
FR;5;2022-11-19;18;27;2;0;28;6;0;0;0;276716;184369;3219;983;223383;4830;1130;0;33
FR;5;2022-11-20;6;3;0;0;5;0;0;0;0;276722;184372;3219;983;223388;4830;1130;0;33
FR;5;2022-11-21;8;5;0;2;4;2;1;0;0;276730;184377;3219;985;223392;4832;1131;0;33
FR;5;2022-11-22;9;3;0;1;4;0;1;0;0;276739;184380;3219;986;223396;4832;1132;0;33
FR;5;2022-11-23;34;25;6;1;27;13;0;0;0;276773;184405;3225;987;223423;4845;1132;0;33
FR;5;2022-11-24;3;7;2;1;8;1;2;0;0;276776;184412;3227;988;223431;4846;1134;0;33
FR;5;2022-11-25;15;20;2;0;25;3;0;0;1;276791;184432;3229;988;223456;4849;1134;0;34
FR;5;2022-11-26;22;19;4;0;20;8;0;0;0;276813;184451;3233;988;223476;4857;1134;0;34
FR;5;2022-11-27;7;0;1;0;3;1;0;0;0;276820;184451;3234;988;223479;4858;1134;0;34
FR;5;2022-11-28;7;12;3;0;12;5;0;0;0;276827;184463;3237;988;223491;4863;1134;0;34
FR;5;2022-11-29;10;9;1;0;11;3;0;0;1;276837;184472;3238;988;223502;4866;1134;0;35
FR;5;2022-11-30;35;48;12;0;56;17;1;0;0;276872;184520;3250;988;223558;4883;1135;0;35
FR;5;2022-12-01;5;10;2;0;10;3;0;0;0;276877;184530;3252;988;223568;4886;1135;0;35
FR;5;2022-12-02;1;5;2;1;4;3;1;0;0;276878;184535;3254;989;223572;4889;1136;0;35
FR;5;2022-12-03;3;3;8;1;5;8;1;0;0;276881;184538;3262;990;223577;4897;1137;0;35
FR;5;2022-12-04;3;2;1;0;2;2;0;0;0;276884;184540;3263;990;223579;4899;1137;0;35
FR;5;2022-12-05;0;1;0;0;0;1;0;0;0;276884;184541;3263;990;223579;4900;1137;0;35
FR;5;2022-12-06;4;1;0;0;1;0;0;0;1;276888;184542;3263;990;223580;4900;1137;0;36
FR;5;2022-12-07;5;8;1;0;8;1;0;0;0;276893;184550;3264;990;223588;4901;1137;0;36
FR;5;2022-12-08;2;2;0;0;2;0;0;0;0;276895;184552;3264;990;223590;4901;1137;0;36
FR;5;2022-12-09;3;8;0;0;6;2;0;0;0;276898;184560;3264;990;223596;4903;1137;0;36
FR;5;2022-12-10;4;7;2;1;8;2;1;0;0;276902;184567;3266;991;223604;4905;1138;0;36
FR;5;2022-12-11;2;0;0;0;0;0;0;0;0;276904;184567;3266;991;223604;4905;1138;0;36
FR;5;2022-12-12;0;0;0;0;0;0;0;0;0;276904;184567;3266;991;223604;4905;1138;0;36
FR;5;2022-12-13;2;3;0;0;4;1;0;0;0;276906;184570;3266;991;223608;4906;1138;0;36
FR;5;2022-12-14;2;2;0;9;2;1;8;0;3;276908;184572;3266;1000;223610;4907;1146;0;39
FR;5;2022-12-15;0;2;0;0;2;0;0;0;0;276908;184574;3266;1000;223612;4907;1146;0;39
FR;5;2022-12-16;3;2;2;0;3;3;0;0;0;276911;184576;3268;1000;223615;4910;1146;0;39
FR;5;2022-12-17;3;3;3;0;3;2;1;0;0;276914;184579;3271;1000;223618;4912;1147;0;39
FR;5;2022-12-18;3;0;0;1;0;0;1;0;1;276917;184579;3271;1001;223618;4912;1148;0;40
FR;5;2022-12-19;1;0;0;2;0;0;2;0;0;276918;184579;3271;1003;223618;4912;1150;0;40
FR;5;2022-12-20;0;1;3;0;1;3;0;0;0;276918;184580;3274;1003;223619;4915;1150;0;40
FR;5;2022-12-21;2;4;0;0;4;0;0;0;0;276920;184584;3274;1003;223623;4915;1150;0;40
FR;5;2022-12-22;2;2;0;0;2;0;0;0;0;276922;184586;3274;1003;223625;4915;1150;0;40
FR;5;2022-12-23;3;1;1;0;1;1;0;0;0;276925;184587;3275;1003;223626;4916;1150;0;40
FR;5;2022-12-24;0;1;0;0;1;0;0;0;0;276925;184588;3275;1003;223627;4916;1150;0;40
FR;5;2022-12-25;0;1;2;0;0;3;0;0;0;276925;184589;3277;1003;223627;4919;1150;0;40
FR;5;2022-12-26;2;2;0;0;2;0;0;0;0;276927;184591;3277;1003;223629;4919;1150;0;40
FR;5;2022-12-27;0;3;0;0;3;0;0;0;0;276927;184594;3277;1003;223632;4919;1150;0;40
FR;5;2022-12-28;5;2;3;0;2;3;2;0;0;276932;184596;3280;1003;223634;4922;1152;0;40
FR;5;2022-12-29;3;2;2;0;3;2;0;0;0;276935;184598;3282;1003;223637;4924;1152;0;40
FR;5;2022-12-30;0;2;1;0;2;1;0;0;0;276935;184600;3283;1003;223639;4925;1152;0;40
FR;5;2022-12-31;0;0;0;0;0;0;0;0;0;276935;184600;3283;1003;223639;4925;1152;0;40
FR;5;2023-01-01;0;0;0;0;0;0;0;0;0;276935;184600;3283;1003;223639;4925;1152;0;40
FR;5;2023-01-02;1;1;1;0;1;1;0;0;0;276936;184601;3284;1003;223640;4926;1152;0;40
FR;5;2023-01-03;0;1;0;0;1;0;0;0;0;276936;184602;3284;1003;223641;4926;1152;0;40
FR;5;2023-01-04;6;1;1;0;2;1;0;0;0;276942;184603;3285;1003;223643;4927;1152;0;40
FR;5;2023-01-05;0;1;0;0;1;0;0;0;0;276942;184604;3285;1003;223644;4927;1152;0;40
FR;5;2023-01-06;2;1;1;0;1;1;0;0;0;276944;184605;3286;1003;223645;4928;1152;0;40
FR;5;2023-01-07;4;1;1;0;1;2;0;0;0;276948;184606;3287;1003;223646;4930;1152;0;40
FR;5;2023-01-08;2;2;0;0;2;0;0;0;0;276950;184608;3287;1003;223648;4930;1152;0;40
FR;5;2023-01-09;4;0;1;0;1;1;0;0;0;276954;184608;3288;1003;223649;4931;1152;0;40
FR;5;2023-01-10;3;1;0;0;2;0;0;0;0;276957;184609;3288;1003;223651;4931;1152;0;40
FR;5;2023-01-11;7;5;2;0;4;3;0;0;0;276964;184614;3290;1003;223655;4934;1152;0;40
FR;5;2023-01-12;11;6;4;0;6;6;0;0;0;276975;184620;3294;1003;223661;4940;1152;0;40
FR;5;2023-01-13;53;16;15;0;31;17;0;0;0;277028;184636;3309;1003;223692;4957;1152;0;40
FR;5;2023-01-14;56;34;13;1;33;20;2;0;0;277084;184670;3322;1004;223725;4977;1154;0;40
FR;5;2023-01-15;13;9;0;0;5;4;0;0;0;277097;184679;3322;1004;223730;4981;1154;0;40
FR;5;2023-01-16;13;8;2;0;8;2;0;0;0;277110;184687;3324;1004;223738;4983;1154;0;40
FR;5;2023-01-17;12;8;3;0;4;7;0;0;0;277122;184695;3327;1004;223742;4990;1154;0;40
FR;5;2023-01-18;71;35;21;2;46;25;2;0;0;277193;184730;3348;1006;223788;5015;1156;0;40
FR;5;2023-01-19;13;6;8;0;5;10;1;0;0;277206;184736;3356;1006;223793;5025;1157;0;40
FR;5;2023-01-20;27;14;12;0;14;17;0;0;2;277233;184750;3368;1006;223807;5042;1157;0;42
FR;5;2023-01-21;34;23;18;1;30;21;1;0;0;277267;184773;3386;1007;223837;5063;1158;0;42
FR;5;2023-01-22;6;4;2;0;4;3;0;0;0;277273;184777;3388;1007;223841;5066;1158;0;42
FR;5;2023-01-23;5;5;3;0;3;5;0;0;0;277278;184782;3391;1007;223844;5071;1158;0;42
FR;5;2023-01-24;16;3;3;0;6;4;0;0;0;277294;184785;3394;1007;223850;5075;1158;0;42
FR;5;2023-01-25;32;29;12;2;25;23;2;0;0;277326;184814;3406;1009;223875;5098;1160;0;42
FR;5;2023-01-26;6;5;4;0;6;4;0;0;0;277332;184819;3410;1009;223881;5102;1160;0;42
FR;6;2020-12-27;0;0;0;0;0;0;0;0;0;0;0;0;0;0;0;0;0;0
FR;6;2020-12-28;0;0;0;0;0;0;0;0;0;0;0;0;0;0;0;0;0;0
FR;6;2020-12-29;0;0;0;0;0;0;0;0;0;0;0;0;0;0;0;0;0;0
FR;6;2020-12-30;0;0;0;0;0;0;0;0;0;0;0;0;0;0;0;0;0;0
FR;6;2020-12-31;0;0;0;0;0;0;0;0;0;0;0;0;0;0;0;0;0;0
FR;6;2021-01-01;0;0;0;0;0;0;0;0;0;0;0;0;0;0;0;0;0;0
FR;6;2021-01-02;0;0;0;0;0;0;0;0;0;0;0;0;0;0;0;0;0;0
FR;6;2021-01-03;0;0;0;0;0;0;0;0;0;0;0;0;0;0;0;0;0;0
FR;6;2021-01-04;0;0;0;0;0;0;0;0;0;0;0;0;0;0;0;0;0;0
FR;6;2021-01-05;0;0;0;0;0;0;0;0;0;0;0;0;0;0;0;0;0;0
FR;6;2021-01-06;0;0;0;0;0;0;0;0;0;0;0;0;0;0;0;0;0;0
FR;6;2021-01-07;0;0;0;0;0;0;0;0;0;0;0;0;0;0;0;0;0;0
FR;6;2021-01-08;0;0;0;0;0;0;0;0;0;0;0;0;0;0;0;0;0;0
FR;6;2021-01-09;0;0;0;0;0;0;0;0;0;0;0;0;0;0;0;0;0;0
FR;6;2021-01-10;0;0;0;0;0;0;0;0;0;0;0;0;0;0;0;0;0;0
FR;6;2021-01-11;0;0;0;0;0;0;0;0;0;0;0;0;0;0;0;0;0;0
FR;6;2021-01-12;0;0;0;0;0;0;0;0;0;0;0;0;0;0;0;0;0;0
FR;6;2021-01-13;0;0;0;0;0;0;0;0;0;0;0;0;0;0;0;0;0;0
FR;6;2021-01-14;0;0;0;0;0;0;0;0;0;0;0;0;0;0;0;0;0;0
FR;6;2021-01-15;0;0;0;0;0;0;0;0;0;0;0;0;0;0;0;0;0;0
FR;6;2021-01-16;0;0;0;0;0;0;0;0;0;0;0;0;0;0;0;0;0;0
FR;6;2021-01-17;0;0;0;0;0;0;0;0;0;0;0;0;0;0;0;0;0;0
FR;6;2021-01-18;0;0;0;0;0;0;0;0;0;0;0;0;0;0;0;0;0;0
FR;6;2021-01-19;0;0;0;0;0;0;0;0;0;0;0;0;0;0;0;0;0;0
FR;6;2021-01-20;0;0;0;0;0;0;0;0;0;0;0;0;0;0;0;0;0;0
FR;6;2021-01-21;0;0;0;0;0;0;0;0;0;0;0;0;0;0;0;0;0;0
FR;6;2021-01-22;0;0;0;0;0;0;0;0;0;0;0;0;0;0;0;0;0;0
FR;6;2021-01-23;0;0;0;0;0;0;0;0;0;0;0;0;0;0;0;0;0;0
FR;6;2021-01-24;0;0;0;0;0;0;0;0;0;0;0;0;0;0;0;0;0;0
FR;6;2021-01-25;0;0;0;0;0;0;0;0;0;0;0;0;0;0;0;0;0;0
FR;6;2021-01-26;0;0;0;0;0;0;0;0;0;0;0;0;0;0;0;0;0;0
FR;6;2021-01-27;0;0;0;0;0;0;0;0;0;0;0;0;0;0;0;0;0;0
FR;6;2021-01-28;0;0;0;0;0;0;0;0;0;0;0;0;0;0;0;0;0;0
FR;6;2021-01-29;0;0;0;0;0;0;0;0;0;0;0;0;0;0;0;0;0;0
FR;6;2021-01-30;0;0;0;0;0;0;0;0;0;0;0;0;0;0;0;0;0;0
FR;6;2021-01-31;0;0;0;0;0;0;0;0;0;0;0;0;0;0;0;0;0;0
FR;6;2021-02-01;0;0;0;0;0;0;0;0;0;0;0;0;0;0;0;0;0;0
FR;6;2021-02-02;0;0;0;0;0;0;0;0;0;0;0;0;0;0;0;0;0;0
FR;6;2021-02-03;0;0;0;0;0;0;0;0;0;0;0;0;0;0;0;0;0;0
FR;6;2021-02-04;0;0;0;0;0;0;0;0;0;0;0;0;0;0;0;0;0;0
FR;6;2021-02-05;0;0;0;0;0;0;0;0;0;0;0;0;0;0;0;0;0;0
FR;6;2021-02-06;0;0;0;0;0;0;0;0;0;0;0;0;0;0;0;0;0;0
FR;6;2021-02-07;0;0;0;0;0;0;0;0;0;0;0;0;0;0;0;0;0;0
FR;6;2021-02-08;0;0;0;0;0;0;0;0;0;0;0;0;0;0;0;0;0;0
FR;6;2021-02-09;0;0;0;0;0;0;0;0;0;0;0;0;0;0;0;0;0;0
FR;6;2021-02-10;0;0;0;0;0;0;0;0;0;0;0;0;0;0;0;0;0;0
FR;6;2021-02-11;0;0;0;0;0;0;0;0;0;0;0;0;0;0;0;0;0;0
FR;6;2021-02-12;0;0;0;0;0;0;0;0;0;0;0;0;0;0;0;0;0;0
FR;6;2021-02-13;0;0;0;0;0;0;0;0;0;0;0;0;0;0;0;0;0;0
FR;6;2021-02-14;0;0;0;0;0;0;0;0;0;0;0;0;0;0;0;0;0;0
FR;6;2021-02-15;0;0;0;0;0;0;0;0;0;0;0;0;0;0;0;0;0;0
FR;6;2021-02-16;0;0;0;0;0;0;0;0;0;0;0;0;0;0;0;0;0;0
FR;6;2021-02-17;0;0;0;0;0;0;0;0;0;0;0;0;0;0;0;0;0;0
FR;6;2021-02-18;0;0;0;0;0;0;0;0;0;0;0;0;0;0;0;0;0;0
FR;6;2021-02-19;0;0;0;0;0;0;0;0;0;0;0;0;0;0;0;0;0;0
FR;6;2021-02-20;0;0;0;0;0;0;0;0;0;0;0;0;0;0;0;0;0;0
FR;6;2021-02-21;0;0;0;0;0;0;0;0;0;0;0;0;0;0;0;0;0;0
FR;6;2021-02-22;0;0;0;0;0;0;0;0;0;0;0;0;0;0;0;0;0;0
FR;6;2021-02-23;0;0;0;0;0;0;0;0;0;0;0;0;0;0;0;0;0;0
FR;6;2021-02-24;0;0;0;0;0;0;0;0;0;0;0;0;0;0;0;0;0;0
FR;6;2021-02-25;0;0;0;0;0;0;0;0;0;0;0;0;0;0;0;0;0;0
FR;6;2021-02-26;0;0;0;0;0;0;0;0;0;0;0;0;0;0;0;0;0;0
FR;6;2021-02-27;0;0;0;0;0;0;0;0;0;0;0;0;0;0;0;0;0;0
FR;6;2021-02-28;0;0;0;0;0;0;0;0;0;0;0;0;0;0;0;0;0;0
FR;6;2021-03-01;0;0;0;0;0;0;0;0;0;0;0;0;0;0;0;0;0;0
FR;6;2021-03-02;0;0;0;0;0;0;0;0;0;0;0;0;0;0;0;0;0;0
FR;6;2021-03-03;0;0;0;0;0;0;0;0;0;0;0;0;0;0;0;0;0;0
FR;6;2021-03-04;0;0;0;0;0;0;0;0;0;0;0;0;0;0;0;0;0;0
FR;6;2021-03-05;0;0;0;0;0;0;0;0;0;0;0;0;0;0;0;0;0;0
FR;6;2021-03-06;0;0;0;0;0;0;0;0;0;0;0;0;0;0;0;0;0;0
FR;6;2021-03-07;0;0;0;0;0;0;0;0;0;0;0;0;0;0;0;0;0;0
FR;6;2021-03-08;0;0;0;0;0;0;0;0;0;0;0;0;0;0;0;0;0;0
FR;6;2021-03-09;0;0;0;0;0;0;0;0;0;0;0;0;0;0;0;0;0;0
FR;6;2021-03-10;0;0;0;0;0;0;0;0;0;0;0;0;0;0;0;0;0;0
FR;6;2021-03-11;0;0;0;0;0;0;0;0;0;0;0;0;0;0;0;0;0;0
FR;6;2021-03-12;0;0;0;0;0;0;0;0;0;0;0;0;0;0;0;0;0;0
FR;6;2021-03-13;0;0;0;0;0;0;0;0;0;0;0;0;0;0;0;0;0;0
FR;6;2021-03-14;0;0;0;0;0;0;0;0;0;0;0;0;0;0;0;0;0;0
FR;6;2021-03-15;0;0;0;0;0;0;0;0;0;0;0;0;0;0;0;0;0;0
FR;6;2021-03-16;0;0;0;0;0;0;0;0;0;0;0;0;0;0;0;0;0;0
FR;6;2021-03-17;0;0;0;0;0;0;0;0;0;0;0;0;0;0;0;0;0;0
FR;6;2021-03-18;0;0;0;0;0;0;0;0;0;0;0;0;0;0;0;0;0;0
FR;6;2021-03-19;0;0;0;0;0;0;0;0;0;0;0;0;0;0;0;0;0;0
FR;6;2021-03-20;0;0;0;0;0;0;0;0;0;0;0;0;0;0;0;0;0;0
FR;6;2021-03-21;0;0;0;0;0;0;0;0;0;0;0;0;0;0;0;0;0;0
FR;6;2021-03-22;0;0;0;0;0;0;0;0;0;0;0;0;0;0;0;0;0;0
FR;6;2021-03-23;0;0;0;0;0;0;0;0;0;0;0;0;0;0;0;0;0;0
FR;6;2021-03-24;0;0;0;0;0;0;0;0;0;0;0;0;0;0;0;0;0;0
FR;6;2021-03-25;0;0;0;0;0;0;0;0;0;0;0;0;0;0;0;0;0;0
FR;6;2021-03-26;0;0;0;0;0;0;0;0;0;0;0;0;0;0;0;0;0;0
FR;6;2021-03-27;0;0;0;0;0;0;0;0;0;0;0;0;0;0;0;0;0;0
FR;6;2021-03-28;0;0;0;0;0;0;0;0;0;0;0;0;0;0;0;0;0;0
FR;6;2021-03-29;0;0;0;0;0;0;0;0;0;0;0;0;0;0;0;0;0;0
FR;6;2021-03-30;0;0;0;0;0;0;0;0;0;0;0;0;0;0;0;0;0;0
FR;6;2021-03-31;0;0;0;0;0;0;0;0;0;0;0;0;0;0;0;0;0;0
FR;6;2021-04-01;0;0;0;0;0;0;0;0;0;0;0;0;0;0;0;0;0;0
FR;6;2021-04-02;0;0;0;0;0;0;0;0;0;0;0;0;0;0;0;0;0;0
FR;6;2021-04-03;0;0;0;0;0;0;0;0;0;0;0;0;0;0;0;0;0;0
FR;6;2021-04-04;0;0;0;0;0;0;0;0;0;0;0;0;0;0;0;0;0;0
FR;6;2021-04-05;0;0;0;0;0;0;0;0;0;0;0;0;0;0;0;0;0;0
FR;6;2021-04-06;0;0;0;0;0;0;0;0;0;0;0;0;0;0;0;0;0;0
FR;6;2021-04-07;0;0;0;0;0;0;0;0;0;0;0;0;0;0;0;0;0;0
FR;6;2021-04-08;0;0;0;0;0;0;0;0;0;0;0;0;0;0;0;0;0;0
FR;6;2021-04-09;0;0;0;0;0;0;0;0;0;0;0;0;0;0;0;0;0;0
FR;6;2021-04-10;0;0;0;0;0;0;0;0;0;0;0;0;0;0;0;0;0;0
FR;6;2021-04-11;0;0;0;0;0;0;0;0;0;0;0;0;0;0;0;0;0;0
FR;6;2021-04-12;0;0;0;0;0;0;0;0;0;0;0;0;0;0;0;0;0;0
FR;6;2021-04-13;0;0;0;0;0;0;0;0;0;0;0;0;0;0;0;0;0;0
FR;6;2021-04-14;0;0;0;0;0;0;0;0;0;0;0;0;0;0;0;0;0;0
FR;6;2021-04-15;0;0;0;0;0;0;0;0;0;0;0;0;0;0;0;0;0;0
FR;6;2021-04-16;0;0;0;0;0;0;0;0;0;0;0;0;0;0;0;0;0;0
FR;6;2021-04-17;0;0;0;0;0;0;0;0;0;0;0;0;0;0;0;0;0;0
FR;6;2021-04-18;0;0;0;0;0;0;0;0;0;0;0;0;0;0;0;0;0;0
FR;6;2021-04-19;0;0;0;0;0;0;0;0;0;0;0;0;0;0;0;0;0;0
FR;6;2021-04-20;0;0;0;0;0;0;0;0;0;0;0;0;0;0;0;0;0;0
FR;6;2021-04-21;0;0;0;0;0;0;0;0;0;0;0;0;0;0;0;0;0;0
FR;6;2021-04-22;0;0;0;0;0;0;0;0;0;0;0;0;0;0;0;0;0;0
FR;6;2021-04-23;0;0;0;0;0;0;0;0;0;0;0;0;0;0;0;0;0;0
FR;6;2021-04-24;0;0;0;0;0;0;0;0;0;0;0;0;0;0;0;0;0;0
FR;6;2021-04-25;0;0;0;0;0;0;0;0;0;0;0;0;0;0;0;0;0;0
FR;6;2021-04-26;0;0;0;0;0;0;0;0;0;0;0;0;0;0;0;0;0;0
FR;6;2021-04-27;0;0;0;0;0;0;0;0;0;0;0;0;0;0;0;0;0;0
FR;6;2021-04-28;0;0;0;0;0;0;0;0;0;0;0;0;0;0;0;0;0;0
FR;6;2021-04-29;0;0;0;0;0;0;0;0;0;0;0;0;0;0;0;0;0;0
FR;6;2021-04-30;0;0;0;0;0;0;0;0;0;0;0;0;0;0;0;0;0;0
FR;6;2021-05-01;0;0;0;0;0;0;0;0;0;0;0;0;0;0;0;0;0;0
FR;6;2021-05-02;0;0;0;0;0;0;0;0;0;0;0;0;0;0;0;0;0;0
FR;6;2021-05-03;0;0;0;0;0;0;0;0;0;0;0;0;0;0;0;0;0;0
FR;6;2021-05-04;0;0;0;0;0;0;0;0;0;0;0;0;0;0;0;0;0;0
FR;6;2021-05-05;0;0;0;0;0;0;0;0;0;0;0;0;0;0;0;0;0;0
FR;6;2021-05-06;0;0;0;0;0;0;0;0;0;0;0;0;0;0;0;0;0;0
FR;6;2021-05-07;0;0;0;0;0;0;0;0;0;0;0;0;0;0;0;0;0;0
FR;6;2021-05-08;0;0;0;0;0;0;0;0;0;0;0;0;0;0;0;0;0;0
FR;6;2021-05-09;0;0;0;0;0;0;0;0;0;0;0;0;0;0;0;0;0;0
FR;6;2021-05-10;0;0;0;0;0;0;0;0;0;0;0;0;0;0;0;0;0;0
FR;6;2021-05-11;0;0;0;0;0;0;0;0;0;0;0;0;0;0;0;0;0;0
FR;6;2021-05-12;0;0;0;0;0;0;0;0;0;0;0;0;0;0;0;0;0;0
FR;6;2021-05-13;0;0;0;0;0;0;0;0;0;0;0;0;0;0;0;0;0;0
FR;6;2021-05-14;0;0;0;0;0;0;0;0;0;0;0;0;0;0;0;0;0;0
FR;6;2021-05-15;0;0;0;0;0;0;0;0;0;0;0;0;0;0;0;0;0;0
FR;6;2021-05-16;0;0;0;0;0;0;0;0;0;0;0;0;0;0;0;0;0;0
FR;6;2021-05-17;0;0;0;0;0;0;0;0;0;0;0;0;0;0;0;0;0;0
FR;6;2021-05-18;0;0;0;0;0;0;0;0;0;0;0;0;0;0;0;0;0;0
FR;6;2021-05-19;0;0;0;0;0;0;0;0;0;0;0;0;0;0;0;0;0;0
FR;6;2021-05-20;0;0;0;0;0;0;0;0;0;0;0;0;0;0;0;0;0;0
FR;6;2021-05-21;0;0;0;0;0;0;0;0;0;0;0;0;0;0;0;0;0;0
FR;6;2021-05-22;0;0;0;0;0;0;0;0;0;0;0;0;0;0;0;0;0;0
FR;6;2021-05-23;0;0;0;0;0;0;0;0;0;0;0;0;0;0;0;0;0;0
FR;6;2021-05-24;0;0;0;0;0;0;0;0;0;0;0;0;0;0;0;0;0;0
FR;6;2021-05-25;0;0;0;0;0;0;0;0;0;0;0;0;0;0;0;0;0;0
FR;6;2021-05-26;0;0;0;0;0;0;0;0;0;0;0;0;0;0;0;0;0;0
FR;6;2021-05-27;0;0;0;0;0;0;0;0;0;0;0;0;0;0;0;0;0;0
FR;6;2021-05-28;0;0;0;0;0;0;0;0;0;0;0;0;0;0;0;0;0;0
FR;6;2021-05-29;0;0;0;0;0;0;0;0;0;0;0;0;0;0;0;0;0;0
FR;6;2021-05-30;0;0;0;0;0;0;0;0;0;0;0;0;0;0;0;0;0;0
FR;6;2021-05-31;0;0;0;0;0;0;0;0;0;0;0;0;0;0;0;0;0;0
FR;6;2021-06-01;0;0;0;0;0;0;0;0;0;0;0;0;0;0;0;0;0;0
FR;6;2021-06-02;0;0;0;0;0;0;0;0;0;0;0;0;0;0;0;0;0;0
FR;6;2021-06-03;0;0;0;0;0;0;0;0;0;0;0;0;0;0;0;0;0;0
FR;6;2021-06-04;0;0;0;0;0;0;0;0;0;0;0;0;0;0;0;0;0;0
FR;6;2021-06-05;0;0;0;0;0;0;0;0;0;0;0;0;0;0;0;0;0;0
FR;6;2021-06-06;0;0;0;0;0;0;0;0;0;0;0;0;0;0;0;0;0;0
FR;6;2021-06-07;0;0;0;0;0;0;0;0;0;0;0;0;0;0;0;0;0;0
FR;6;2021-06-08;0;0;0;0;0;0;0;0;0;0;0;0;0;0;0;0;0;0
FR;6;2021-06-09;0;0;0;0;0;0;0;0;0;0;0;0;0;0;0;0;0;0
FR;6;2021-06-10;0;0;0;0;0;0;0;0;0;0;0;0;0;0;0;0;0;0
FR;6;2021-06-11;0;0;0;0;0;0;0;0;0;0;0;0;0;0;0;0;0;0
FR;6;2021-06-12;0;0;0;0;0;0;0;0;0;0;0;0;0;0;0;0;0;0
FR;6;2021-06-13;0;0;0;0;0;0;0;0;0;0;0;0;0;0;0;0;0;0
FR;6;2021-06-14;0;0;0;0;0;0;0;0;0;0;0;0;0;0;0;0;0;0
FR;6;2021-06-15;0;0;0;0;0;0;0;0;0;0;0;0;0;0;0;0;0;0
FR;6;2021-06-16;0;0;0;0;0;0;0;0;0;0;0;0;0;0;0;0;0;0
FR;6;2021-06-17;0;0;0;0;0;0;0;0;0;0;0;0;0;0;0;0;0;0
FR;6;2021-06-18;0;0;0;0;0;0;0;0;0;0;0;0;0;0;0;0;0;0
FR;6;2021-06-19;0;0;0;0;0;0;0;0;0;0;0;0;0;0;0;0;0;0
FR;6;2021-06-20;0;0;0;0;0;0;0;0;0;0;0;0;0;0;0;0;0;0
FR;6;2021-06-21;0;0;0;0;0;0;0;0;0;0;0;0;0;0;0;0;0;0
FR;6;2021-06-22;0;0;0;0;0;0;0;0;0;0;0;0;0;0;0;0;0;0
FR;6;2021-06-23;0;0;0;0;0;0;0;0;0;0;0;0;0;0;0;0;0;0
FR;6;2021-06-24;0;0;0;0;0;0;0;0;0;0;0;0;0;0;0;0;0;0
FR;6;2021-06-25;0;0;0;0;0;0;0;0;0;0;0;0;0;0;0;0;0;0
FR;6;2021-06-26;0;0;0;0;0;0;0;0;0;0;0;0;0;0;0;0;0;0
FR;6;2021-06-27;0;0;0;0;0;0;0;0;0;0;0;0;0;0;0;0;0;0
FR;6;2021-06-28;0;0;0;0;0;0;0;0;0;0;0;0;0;0;0;0;0;0
FR;6;2021-06-29;0;0;0;0;0;0;0;0;0;0;0;0;0;0;0;0;0;0
FR;6;2021-06-30;0;0;0;0;0;0;0;0;0;0;0;0;0;0;0;0;0;0
FR;6;2021-07-01;0;0;0;0;0;0;0;0;0;0;0;0;0;0;0;0;0;0
FR;6;2021-07-02;0;0;0;0;0;0;0;0;0;0;0;0;0;0;0;0;0;0
FR;6;2021-07-03;0;0;0;0;0;0;0;0;0;0;0;0;0;0;0;0;0;0
FR;6;2021-07-04;0;0;0;0;0;0;0;0;0;0;0;0;0;0;0;0;0;0
FR;6;2021-07-05;0;0;0;0;0;0;0;0;0;0;0;0;0;0;0;0;0;0
FR;6;2021-07-06;0;0;0;0;0;0;0;0;0;0;0;0;0;0;0;0;0;0
FR;6;2021-07-07;0;0;0;0;0;0;0;0;0;0;0;0;0;0;0;0;0;0
FR;6;2021-07-08;0;0;0;0;0;0;0;0;0;0;0;0;0;0;0;0;0;0
FR;6;2021-07-09;0;0;0;0;0;0;0;0;0;0;0;0;0;0;0;0;0;0
FR;6;2021-07-10;0;0;0;0;0;0;0;0;0;0;0;0;0;0;0;0;0;0
FR;6;2021-07-11;0;0;0;0;0;0;0;0;0;0;0;0;0;0;0;0;0;0
FR;6;2021-07-12;0;0;0;0;0;0;0;0;0;0;0;0;0;0;0;0;0;0
FR;6;2021-07-13;0;0;0;0;0;0;0;0;0;0;0;0;0;0;0;0;0;0
FR;6;2021-07-14;0;0;0;0;0;0;0;0;0;0;0;0;0;0;0;0;0;0
FR;6;2021-07-15;0;0;0;0;0;0;0;0;0;0;0;0;0;0;0;0;0;0
FR;6;2021-07-16;0;0;0;0;0;0;0;0;0;0;0;0;0;0;0;0;0;0
FR;6;2021-07-17;0;0;0;0;0;0;0;0;0;0;0;0;0;0;0;0;0;0
FR;6;2021-07-18;0;0;0;0;0;0;0;0;0;0;0;0;0;0;0;0;0;0
FR;6;2021-07-19;0;0;0;0;0;0;0;0;0;0;0;0;0;0;0;0;0;0
FR;6;2021-07-20;0;0;0;0;0;0;0;0;0;0;0;0;0;0;0;0;0;0
FR;6;2021-07-21;0;0;0;0;0;0;0;0;0;0;0;0;0;0;0;0;0;0
FR;6;2021-07-22;0;0;0;0;0;0;0;0;0;0;0;0;0;0;0;0;0;0
FR;6;2021-07-23;0;0;0;0;0;0;0;0;0;0;0;0;0;0;0;0;0;0
FR;6;2021-07-24;0;0;0;0;0;0;0;0;0;0;0;0;0;0;0;0;0;0
FR;6;2021-07-25;0;0;0;0;0;0;0;0;0;0;0;0;0;0;0;0;0;0
FR;6;2021-07-26;0;0;0;0;0;0;0;0;0;0;0;0;0;0;0;0;0;0
FR;6;2021-07-27;0;0;0;0;0;0;0;0;0;0;0;0;0;0;0;0;0;0
FR;6;2021-07-28;0;0;0;0;0;0;0;0;0;0;0;0;0;0;0;0;0;0
FR;6;2021-07-29;0;0;0;0;0;0;0;0;0;0;0;0;0;0;0;0;0;0
FR;6;2021-07-30;0;0;0;0;0;0;0;0;0;0;0;0;0;0;0;0;0;0
FR;6;2021-07-31;0;0;0;0;0;0;0;0;0;0;0;0;0;0;0;0;0;0
FR;6;2021-08-01;0;0;0;0;0;0;0;0;0;0;0;0;0;0;0;0;0;0
FR;6;2021-08-02;0;0;0;0;0;0;0;0;0;0;0;0;0;0;0;0;0;0
FR;6;2021-08-03;0;0;0;0;0;0;0;0;0;0;0;0;0;0;0;0;0;0
FR;6;2021-08-04;0;0;0;0;0;0;0;0;0;0;0;0;0;0;0;0;0;0
FR;6;2021-08-05;0;0;0;0;0;0;0;0;0;0;0;0;0;0;0;0;0;0
FR;6;2021-08-06;0;0;0;0;0;0;0;0;0;0;0;0;0;0;0;0;0;0
FR;6;2021-08-07;0;0;0;0;0;0;0;0;0;0;0;0;0;0;0;0;0;0
FR;6;2021-08-08;0;0;0;0;0;0;0;0;0;0;0;0;0;0;0;0;0;0
FR;6;2021-08-09;0;0;0;0;0;0;0;0;0;0;0;0;0;0;0;0;0;0
FR;6;2021-08-10;0;0;0;0;0;0;0;0;0;0;0;0;0;0;0;0;0;0
FR;6;2021-08-11;0;0;0;0;0;0;0;0;0;0;0;0;0;0;0;0;0;0
FR;6;2021-08-12;0;0;0;0;0;0;0;0;0;0;0;0;0;0;0;0;0;0
FR;6;2021-08-13;0;0;0;0;0;0;0;0;0;0;0;0;0;0;0;0;0;0
FR;6;2021-08-14;0;0;0;0;0;0;0;0;0;0;0;0;0;0;0;0;0;0
FR;6;2021-08-15;0;0;0;0;0;0;0;0;0;0;0;0;0;0;0;0;0;0
FR;6;2021-08-16;0;0;0;0;0;0;0;0;0;0;0;0;0;0;0;0;0;0
FR;6;2021-08-17;0;0;0;0;0;0;0;0;0;0;0;0;0;0;0;0;0;0
FR;6;2021-08-18;0;0;0;0;0;0;0;0;0;0;0;0;0;0;0;0;0;0
FR;6;2021-08-19;0;0;0;0;0;0;0;0;0;0;0;0;0;0;0;0;0;0
FR;6;2021-08-20;0;0;0;0;0;0;0;0;0;0;0;0;0;0;0;0;0;0
FR;6;2021-08-21;0;0;0;0;0;0;0;0;0;0;0;0;0;0;0;0;0;0
FR;6;2021-08-22;0;0;0;0;0;0;0;0;0;0;0;0;0;0;0;0;0;0
FR;6;2021-08-23;0;0;0;0;0;0;0;0;0;0;0;0;0;0;0;0;0;0
FR;6;2021-08-24;0;0;0;0;0;0;0;0;0;0;0;0;0;0;0;0;0;0
FR;6;2021-08-25;0;0;0;0;0;0;0;0;0;0;0;0;0;0;0;0;0;0
FR;6;2021-08-26;0;0;0;0;0;0;0;0;0;0;0;0;0;0;0;0;0;0
FR;6;2021-08-27;0;0;0;0;0;0;0;0;0;0;0;0;0;0;0;0;0;0
FR;6;2021-08-28;0;0;0;0;0;0;0;0;0;0;0;0;0;0;0;0;0;0
FR;6;2021-08-29;0;0;0;0;0;0;0;0;0;0;0;0;0;0;0;0;0;0
FR;6;2021-08-30;0;0;0;0;0;0;0;0;0;0;0;0;0;0;0;0;0;0
FR;6;2021-08-31;0;0;0;0;0;0;0;0;0;0;0;0;0;0;0;0;0;0
FR;6;2021-09-01;0;0;0;0;0;0;0;0;0;0;0;0;0;0;0;0;0;0
FR;6;2021-09-02;0;0;0;0;0;0;0;0;0;0;0;0;0;0;0;0;0;0
FR;6;2021-09-03;0;0;0;0;0;0;0;0;0;0;0;0;0;0;0;0;0;0
FR;6;2021-09-04;0;0;0;0;0;0;0;0;0;0;0;0;0;0;0;0;0;0
FR;6;2021-09-05;0;0;0;0;0;0;0;0;0;0;0;0;0;0;0;0;0;0
FR;6;2021-09-06;0;0;0;0;0;0;0;0;0;0;0;0;0;0;0;0;0;0
FR;6;2021-09-07;0;0;0;0;0;0;0;0;0;0;0;0;0;0;0;0;0;0
FR;6;2021-09-08;0;0;0;0;0;0;0;0;0;0;0;0;0;0;0;0;0;0
FR;6;2021-09-09;0;0;0;0;0;0;0;0;0;0;0;0;0;0;0;0;0;0
FR;6;2021-09-10;0;0;0;0;0;0;0;0;0;0;0;0;0;0;0;0;0;0
FR;6;2021-09-11;0;0;0;0;0;0;0;0;0;0;0;0;0;0;0;0;0;0
FR;6;2021-09-12;0;0;0;0;0;0;0;0;0;0;0;0;0;0;0;0;0;0
FR;6;2021-09-13;0;0;0;0;0;0;0;0;0;0;0;0;0;0;0;0;0;0
FR;6;2021-09-14;0;0;0;0;0;0;0;0;0;0;0;0;0;0;0;0;0;0
FR;6;2021-09-15;0;0;0;0;0;0;0;0;0;0;0;0;0;0;0;0;0;0
FR;6;2021-09-16;0;0;0;0;0;0;0;0;0;0;0;0;0;0;0;0;0;0
FR;6;2021-09-17;0;0;0;0;0;0;0;0;0;0;0;0;0;0;0;0;0;0
FR;6;2021-09-18;0;0;0;0;0;0;0;0;0;0;0;0;0;0;0;0;0;0
FR;6;2021-09-19;0;0;0;0;0;0;0;0;0;0;0;0;0;0;0;0;0;0
FR;6;2021-09-20;0;0;0;0;0;0;0;0;0;0;0;0;0;0;0;0;0;0
FR;6;2021-09-21;0;0;0;0;0;0;0;0;0;0;0;0;0;0;0;0;0;0
FR;6;2021-09-22;0;0;0;0;0;0;0;0;0;0;0;0;0;0;0;0;0;0
FR;6;2021-09-23;0;0;0;0;0;0;0;0;0;0;0;0;0;0;0;0;0;0
FR;6;2021-09-24;0;0;0;0;0;0;0;0;0;0;0;0;0;0;0;0;0;0
FR;6;2021-09-25;0;0;0;0;0;0;0;0;0;0;0;0;0;0;0;0;0;0
FR;6;2021-09-26;0;0;0;0;0;0;0;0;0;0;0;0;0;0;0;0;0;0
FR;6;2021-09-27;0;0;0;0;0;0;0;0;0;0;0;0;0;0;0;0;0;0
FR;6;2021-09-28;0;0;0;0;0;0;0;0;0;0;0;0;0;0;0;0;0;0
FR;6;2021-09-29;0;0;0;0;0;0;0;0;0;0;0;0;0;0;0;0;0;0
FR;6;2021-09-30;0;0;0;0;0;0;0;0;0;0;0;0;0;0;0;0;0;0
FR;6;2021-10-01;0;0;0;0;0;0;0;0;0;0;0;0;0;0;0;0;0;0
FR;6;2021-10-02;0;0;0;0;0;0;0;0;0;0;0;0;0;0;0;0;0;0
FR;6;2021-10-03;0;0;0;0;0;0;0;0;0;0;0;0;0;0;0;0;0;0
FR;6;2021-10-04;0;0;0;0;0;0;0;0;0;0;0;0;0;0;0;0;0;0
FR;6;2021-10-05;0;0;0;0;0;0;0;0;0;0;0;0;0;0;0;0;0;0
FR;6;2021-10-06;0;0;0;0;0;0;0;0;0;0;0;0;0;0;0;0;0;0
FR;6;2021-10-07;0;0;0;0;0;0;0;0;0;0;0;0;0;0;0;0;0;0
FR;6;2021-10-08;0;0;0;0;0;0;0;0;0;0;0;0;0;0;0;0;0;0
FR;6;2021-10-09;0;0;0;0;0;0;0;0;0;0;0;0;0;0;0;0;0;0
FR;6;2021-10-10;0;0;0;0;0;0;0;0;0;0;0;0;0;0;0;0;0;0
FR;6;2021-10-11;0;0;0;0;0;0;0;0;0;0;0;0;0;0;0;0;0;0
FR;6;2021-10-12;0;0;0;0;0;0;0;0;0;0;0;0;0;0;0;0;0;0
FR;6;2021-10-13;0;0;0;0;0;0;0;0;0;0;0;0;0;0;0;0;0;0
FR;6;2021-10-14;0;0;0;0;0;0;0;0;0;0;0;0;0;0;0;0;0;0
FR;6;2021-10-15;0;0;0;0;0;0;0;0;0;0;0;0;0;0;0;0;0;0
FR;6;2021-10-16;0;0;0;0;0;0;0;0;0;0;0;0;0;0;0;0;0;0
FR;6;2021-10-17;0;0;0;0;0;0;0;0;0;0;0;0;0;0;0;0;0;0
FR;6;2021-10-18;0;0;0;0;0;0;0;0;0;0;0;0;0;0;0;0;0;0
FR;6;2021-10-19;0;0;0;0;0;0;0;0;0;0;0;0;0;0;0;0;0;0
FR;6;2021-10-20;0;0;0;0;0;0;0;0;0;0;0;0;0;0;0;0;0;0
FR;6;2021-10-21;0;0;0;0;0;0;0;0;0;0;0;0;0;0;0;0;0;0
FR;6;2021-10-22;0;0;0;0;0;0;0;0;0;0;0;0;0;0;0;0;0;0
FR;6;2021-10-23;0;0;0;0;0;0;0;0;0;0;0;0;0;0;0;0;0;0
FR;6;2021-10-24;0;0;0;0;0;0;0;0;0;0;0;0;0;0;0;0;0;0
FR;6;2021-10-25;0;0;0;0;0;0;0;0;0;0;0;0;0;0;0;0;0;0
FR;6;2021-10-26;0;0;0;0;0;0;0;0;0;0;0;0;0;0;0;0;0;0
FR;6;2021-10-27;0;0;0;0;0;0;0;0;0;0;0;0;0;0;0;0;0;0
FR;6;2021-10-28;0;0;0;0;0;0;0;0;0;0;0;0;0;0;0;0;0;0
FR;6;2021-10-29;0;0;0;0;0;0;0;0;0;0;0;0;0;0;0;0;0;0
FR;6;2021-10-30;0;0;0;0;0;0;0;0;0;0;0;0;0;0;0;0;0;0
FR;6;2021-10-31;0;0;0;0;0;0;0;0;0;0;0;0;0;0;0;0;0;0
FR;6;2021-11-01;0;0;0;0;0;0;0;0;0;0;0;0;0;0;0;0;0;0
FR;6;2021-11-02;0;0;0;0;0;0;0;0;0;0;0;0;0;0;0;0;0;0
FR;6;2021-11-03;0;0;0;0;0;0;0;0;0;0;0;0;0;0;0;0;0;0
FR;6;2021-11-04;0;0;0;0;0;0;0;0;0;0;0;0;0;0;0;0;0;0
FR;6;2021-11-05;0;0;0;0;0;0;0;0;0;0;0;0;0;0;0;0;0;0
FR;6;2021-11-06;0;0;0;0;0;0;0;0;0;0;0;0;0;0;0;0;0;0
FR;6;2021-11-07;0;0;0;0;0;0;0;0;0;0;0;0;0;0;0;0;0;0
FR;6;2021-11-08;0;0;0;0;0;0;0;0;0;0;0;0;0;0;0;0;0;0
FR;6;2021-11-09;0;0;0;0;0;0;0;0;0;0;0;0;0;0;0;0;0;0
FR;6;2021-11-10;0;0;0;0;0;0;0;0;0;0;0;0;0;0;0;0;0;0
FR;6;2021-11-11;0;0;0;0;0;0;0;0;0;0;0;0;0;0;0;0;0;0
FR;6;2021-11-12;0;0;0;0;0;0;0;0;0;0;0;0;0;0;0;0;0;0
FR;6;2021-11-13;0;0;0;0;0;0;0;0;0;0;0;0;0;0;0;0;0;0
FR;6;2021-11-14;0;0;0;0;0;0;0;0;0;0;0;0;0;0;0;0;0;0
FR;6;2021-11-15;0;0;0;0;0;0;0;0;0;0;0;0;0;0;0;0;0;0
FR;6;2021-11-16;0;0;0;0;0;0;0;0;0;0;0;0;0;0;0;0;0;0
FR;6;2021-11-17;0;0;0;0;0;0;0;0;0;0;0;0;0;0;0;0;0;0
FR;6;2021-11-18;0;0;0;0;0;0;0;0;0;0;0;0;0;0;0;0;0;0
FR;6;2021-11-19;0;0;0;0;0;0;0;0;0;0;0;0;0;0;0;0;0;0
FR;6;2021-11-20;0;0;0;0;0;0;0;0;0;0;0;0;0;0;0;0;0;0
FR;6;2021-11-21;0;0;0;0;0;0;0;0;0;0;0;0;0;0;0;0;0;0
FR;6;2021-11-22;0;0;0;0;0;0;0;0;0;0;0;0;0;0;0;0;0;0
FR;6;2021-11-23;0;0;0;0;0;0;0;0;0;0;0;0;0;0;0;0;0;0
FR;6;2021-11-24;0;0;0;0;0;0;0;0;0;0;0;0;0;0;0;0;0;0
FR;6;2021-11-25;0;0;0;0;0;0;0;0;0;0;0;0;0;0;0;0;0;0
FR;6;2021-11-26;0;0;0;0;0;0;0;0;0;0;0;0;0;0;0;0;0;0
FR;6;2021-11-27;0;0;0;0;0;0;0;0;0;0;0;0;0;0;0;0;0;0
FR;6;2021-11-28;0;0;0;0;0;0;0;0;0;0;0;0;0;0;0;0;0;0
FR;6;2021-11-29;0;0;0;0;0;0;0;0;0;0;0;0;0;0;0;0;0;0
FR;6;2021-11-30;0;0;0;0;0;0;0;0;0;0;0;0;0;0;0;0;0;0
FR;6;2021-12-01;0;0;0;0;0;0;0;0;0;0;0;0;0;0;0;0;0;0
FR;6;2021-12-02;0;0;0;0;0;0;0;0;0;0;0;0;0;0;0;0;0;0
FR;6;2021-12-03;0;0;0;0;0;0;0;0;0;0;0;0;0;0;0;0;0;0
FR;6;2021-12-04;0;0;0;0;0;0;0;0;0;0;0;0;0;0;0;0;0;0
FR;6;2021-12-05;0;0;0;0;0;0;0;0;0;0;0;0;0;0;0;0;0;0
FR;6;2021-12-06;0;0;0;0;0;0;0;0;0;0;0;0;0;0;0;0;0;0
FR;6;2021-12-07;0;0;0;0;0;0;0;0;0;0;0;0;0;0;0;0;0;0
FR;6;2021-12-08;0;0;0;0;0;0;0;0;0;0;0;0;0;0;0;0;0;0
FR;6;2021-12-09;0;0;0;0;0;0;0;0;0;0;0;0;0;0;0;0;0;0
FR;6;2021-12-10;0;0;0;0;0;0;0;0;0;0;0;0;0;0;0;0;0;0
FR;6;2021-12-11;0;0;0;0;0;0;0;0;0;0;0;0;0;0;0;0;0;0
FR;6;2021-12-12;0;0;0;0;0;0;0;0;0;0;0;0;0;0;0;0;0;0
FR;6;2021-12-13;0;0;0;0;0;0;0;0;0;0;0;0;0;0;0;0;0;0
FR;6;2021-12-14;0;0;0;0;0;0;0;0;0;0;0;0;0;0;0;0;0;0
FR;6;2021-12-15;0;0;0;0;0;0;0;0;0;0;0;0;0;0;0;0;0;0
FR;6;2021-12-16;0;0;0;0;0;0;0;0;0;0;0;0;0;0;0;0;0;0
FR;6;2021-12-17;0;0;0;0;0;0;0;0;0;0;0;0;0;0;0;0;0;0
FR;6;2021-12-18;0;0;0;0;0;0;0;0;0;0;0;0;0;0;0;0;0;0
FR;6;2021-12-19;0;0;0;0;0;0;0;0;0;0;0;0;0;0;0;0;0;0
FR;6;2021-12-20;0;0;0;0;0;0;0;0;0;0;0;0;0;0;0;0;0;0
FR;6;2021-12-21;0;0;0;0;0;0;0;0;0;0;0;0;0;0;0;0;0;0
FR;6;2021-12-22;0;0;0;0;0;0;0;0;0;0;0;0;0;0;0;0;0;0
FR;6;2021-12-23;0;0;0;0;0;0;0;0;0;0;0;0;0;0;0;0;0;0
FR;6;2021-12-24;0;0;0;0;0;0;0;0;0;0;0;0;0;0;0;0;0;0
FR;6;2021-12-25;0;0;0;0;0;0;0;0;0;0;0;0;0;0;0;0;0;0
FR;6;2021-12-26;0;0;0;0;0;0;0;0;0;0;0;0;0;0;0;0;0;0
FR;6;2021-12-27;0;0;0;0;0;0;0;0;0;0;0;0;0;0;0;0;0;0
FR;6;2021-12-28;0;0;0;0;0;0;0;0;0;0;0;0;0;0;0;0;0;0
FR;6;2021-12-29;0;0;0;0;0;0;0;0;0;0;0;0;0;0;0;0;0;0
FR;6;2021-12-30;0;0;0;0;0;0;0;0;0;0;0;0;0;0;0;0;0;0
FR;6;2021-12-31;0;0;0;0;0;0;0;0;0;0;0;0;0;0;0;0;0;0
FR;6;2022-01-01;0;0;0;0;0;0;0;0;0;0;0;0;0;0;0;0;0;0
FR;6;2022-01-02;0;0;0;0;0;0;0;0;0;0;0;0;0;0;0;0;0;0
FR;6;2022-01-03;0;0;0;0;0;0;0;0;0;0;0;0;0;0;0;0;0;0
FR;6;2022-01-04;0;0;0;0;0;0;0;0;0;0;0;0;0;0;0;0;0;0
FR;6;2022-01-05;0;0;0;0;0;0;0;0;0;0;0;0;0;0;0;0;0;0
FR;6;2022-01-06;0;0;0;0;0;0;0;0;0;0;0;0;0;0;0;0;0;0
FR;6;2022-01-07;0;0;0;0;0;0;0;0;0;0;0;0;0;0;0;0;0;0
FR;6;2022-01-08;0;0;0;0;0;0;0;0;0;0;0;0;0;0;0;0;0;0
FR;6;2022-01-09;0;0;0;0;0;0;0;0;0;0;0;0;0;0;0;0;0;0
FR;6;2022-01-10;0;0;0;0;0;0;0;0;0;0;0;0;0;0;0;0;0;0
FR;6;2022-01-11;0;0;0;0;0;0;0;0;0;0;0;0;0;0;0;0;0;0
FR;6;2022-01-12;0;0;0;0;0;0;0;0;0;0;0;0;0;0;0;0;0;0
FR;6;2022-01-13;0;0;0;0;0;0;0;0;0;0;0;0;0;0;0;0;0;0
FR;6;2022-01-14;0;0;0;0;0;0;0;0;0;0;0;0;0;0;0;0;0;0
FR;6;2022-01-15;0;0;0;0;0;0;0;0;0;0;0;0;0;0;0;0;0;0
FR;6;2022-01-16;0;0;0;0;0;0;0;0;0;0;0;0;0;0;0;0;0;0
FR;6;2022-01-17;0;0;0;0;0;0;0;0;0;0;0;0;0;0;0;0;0;0
FR;6;2022-01-18;0;0;0;0;0;0;0;0;0;0;0;0;0;0;0;0;0;0
FR;6;2022-01-19;0;0;0;0;0;0;0;0;0;0;0;0;0;0;0;0;0;0
FR;6;2022-01-20;0;0;0;0;0;0;0;0;0;0;0;0;0;0;0;0;0;0
FR;6;2022-01-21;0;0;0;0;0;0;0;0;0;0;0;0;0;0;0;0;0;0
FR;6;2022-01-22;0;0;0;0;0;0;0;0;0;0;0;0;0;0;0;0;0;0
FR;6;2022-01-23;0;0;0;0;0;0;0;0;0;0;0;0;0;0;0;0;0;0
FR;6;2022-01-24;0;0;0;0;0;0;0;0;0;0;0;0;0;0;0;0;0;0
FR;6;2022-01-25;0;0;0;0;0;0;0;0;0;0;0;0;0;0;0;0;0;0
FR;6;2022-01-26;0;0;0;0;0;0;0;0;0;0;0;0;0;0;0;0;0;0
FR;6;2022-01-27;0;0;0;0;0;0;0;0;0;0;0;0;0;0;0;0;0;0
FR;6;2022-01-28;0;0;0;0;0;0;0;0;0;0;0;0;0;0;0;0;0;0
FR;6;2022-01-29;0;0;0;0;0;0;0;0;0;0;0;0;0;0;0;0;0;0
FR;6;2022-01-30;0;0;0;0;0;0;0;0;0;0;0;0;0;0;0;0;0;0
FR;6;2022-01-31;0;0;0;0;0;0;0;0;0;0;0;0;0;0;0;0;0;0
FR;6;2022-02-01;0;0;0;0;0;0;0;0;0;0;0;0;0;0;0;0;0;0
FR;6;2022-02-02;0;0;0;0;0;0;0;0;0;0;0;0;0;0;0;0;0;0
FR;6;2022-02-03;0;0;0;0;0;0;0;0;0;0;0;0;0;0;0;0;0;0
FR;6;2022-02-04;0;0;0;0;0;0;0;0;0;0;0;0;0;0;0;0;0;0
FR;6;2022-02-05;0;0;0;0;0;0;0;0;0;0;0;0;0;0;0;0;0;0
FR;6;2022-02-06;0;0;0;0;0;0;0;0;0;0;0;0;0;0;0;0;0;0
FR;6;2022-02-07;0;0;0;0;0;0;0;0;0;0;0;0;0;0;0;0;0;0
FR;6;2022-02-08;0;0;0;0;0;0;0;0;0;0;0;0;0;0;0;0;0;0
FR;6;2022-02-09;0;0;0;0;0;0;0;0;0;0;0;0;0;0;0;0;0;0
FR;6;2022-02-10;0;0;0;0;0;0;0;0;0;0;0;0;0;0;0;0;0;0
FR;6;2022-02-11;0;0;0;0;0;0;0;0;0;0;0;0;0;0;0;0;0;0
FR;6;2022-02-12;0;0;0;0;0;0;0;0;0;0;0;0;0;0;0;0;0;0
FR;6;2022-02-13;0;0;0;0;0;0;0;0;0;0;0;0;0;0;0;0;0;0
FR;6;2022-02-14;0;0;0;0;0;0;0;0;0;0;0;0;0;0;0;0;0;0
FR;6;2022-02-15;0;0;0;0;0;0;0;0;0;0;0;0;0;0;0;0;0;0
FR;6;2022-02-16;0;0;0;0;0;0;0;0;0;0;0;0;0;0;0;0;0;0
FR;6;2022-02-17;0;0;0;0;0;0;0;0;0;0;0;0;0;0;0;0;0;0
FR;6;2022-02-18;0;0;0;0;0;0;0;0;0;0;0;0;0;0;0;0;0;0
FR;6;2022-02-19;0;0;0;0;0;0;0;0;0;0;0;0;0;0;0;0;0;0
FR;6;2022-02-20;0;0;0;0;0;0;0;0;0;0;0;0;0;0;0;0;0;0
FR;6;2022-02-21;0;0;0;0;0;0;0;0;0;0;0;0;0;0;0;0;0;0
FR;6;2022-02-22;0;0;0;0;0;0;0;0;0;0;0;0;0;0;0;0;0;0
FR;6;2022-02-23;0;0;0;0;0;0;0;0;0;0;0;0;0;0;0;0;0;0
FR;6;2022-02-24;0;0;0;0;0;0;0;0;0;0;0;0;0;0;0;0;0;0
FR;6;2022-02-25;0;0;0;0;0;0;0;0;0;0;0;0;0;0;0;0;0;0
FR;6;2022-02-26;1;0;0;0;0;0;0;0;0;1;0;0;0;0;0;0;0;0
FR;6;2022-02-27;0;0;0;0;0;0;0;0;0;1;0;0;0;0;0;0;0;0
FR;6;2022-02-28;0;0;0;0;0;0;0;0;0;1;0;0;0;0;0;0;0;0
FR;6;2022-03-01;3;0;0;0;0;0;0;0;0;4;0;0;0;0;0;0;0;0
FR;6;2022-03-02;97;9;2;0;15;7;0;0;0;101;9;2;0;15;7;0;0;0
FR;6;2022-03-03;0;0;0;0;0;0;0;0;0;101;9;2;0;15;7;0;0;0
FR;6;2022-03-04;92;4;0;0;8;4;0;0;0;193;13;2;0;23;11;0;0;0
FR;6;2022-03-05;391;23;2;0;60;14;0;0;0;584;36;4;0;83;25;0;0;0
FR;6;2022-03-06;7;1;0;0;2;0;0;0;0;591;37;4;0;85;25;0;0;0
FR;6;2022-03-07;337;19;0;0;51;13;0;0;0;928;56;4;0;136;38;0;0;0
FR;6;2022-03-08;230;14;0;0;47;5;0;0;0;1158;70;4;0;183;43;0;0;0
FR;6;2022-03-09;519;29;2;0;84;21;1;0;0;1677;99;6;0;267;64;1;0;0
FR;6;2022-03-10;206;19;0;1;54;12;1;0;0;1883;118;6;1;321;76;2;0;0
FR;6;2022-03-11;331;22;6;0;53;21;0;0;0;2214;140;12;1;374;97;2;0;0
FR;6;2022-03-12;518;25;1;0;83;20;0;0;0;2732;165;13;1;457;117;2;0;0
FR;6;2022-03-13;40;2;0;0;2;1;0;0;0;2772;167;13;1;459;118;2;0;0
FR;6;2022-03-14;201;4;2;0;39;3;1;0;0;2973;171;15;1;498;121;3;0;0
FR;6;2022-03-15;112;11;2;0;28;9;0;0;0;3085;182;17;1;526;130;3;0;0
FR;6;2022-03-16;310;17;2;1;49;15;1;0;0;3395;199;19;2;575;145;4;0;0
FR;6;2022-03-17;117;6;1;2;14;4;2;0;0;3512;205;20;4;589;149;6;0;0
FR;6;2022-03-18;215;10;0;0;40;6;0;0;0;3727;215;20;4;629;155;6;0;0
FR;6;2022-03-19;307;19;2;0;89;9;0;0;0;4034;234;22;4;718;164;6;0;0
FR;6;2022-03-20;15;5;0;0;5;1;0;0;0;4049;239;22;4;723;165;6;0;0
FR;6;2022-03-21;132;23;1;0;47;4;0;0;0;4181;262;23;4;770;169;6;0;0
FR;6;2022-03-22;97;15;0;0;34;4;0;0;0;4278;277;23;4;804;173;6;0;0
FR;6;2022-03-23;226;108;3;0;154;14;1;0;0;4504;385;26;4;958;187;7;0;0
FR;6;2022-03-24;100;15;1;3;32;4;3;0;0;4604;400;27;7;990;191;10;0;0
FR;6;2022-03-25;203;141;2;1;179;15;2;0;0;4807;541;29;8;1169;206;12;0;0
FR;6;2022-03-26;331;295;7;1;385;19;1;0;0;5138;836;36;9;1554;225;13;0;0
FR;6;2022-03-27;32;30;1;0;37;1;1;0;0;5170;866;37;9;1591;226;14;0;0
FR;6;2022-03-28;201;208;8;1;234;17;3;0;0;5371;1074;45;10;1825;243;17;0;0
FR;6;2022-03-29;124;189;12;2;206;12;9;0;0;5495;1263;57;12;2031;255;26;0;0
FR;6;2022-03-30;305;476;10;2;548;22;6;0;0;5800;1739;67;14;2579;277;32;0;0
FR;6;2022-03-31;123;140;10;0;160;14;5;0;0;5923;1879;77;14;2739;291;37;0;0
FR;6;2022-04-01;195;150;11;2;178;23;3;0;0;6118;2029;88;16;2917;314;40;0;0
FR;6;2022-04-02;206;241;9;1;280;13;8;0;0;6324;2270;97;17;3197;327;48;0;0
FR;6;2022-04-03;17;21;0;0;26;1;0;0;0;6341;2291;97;17;3223;328;48;0;0
FR;6;2022-04-04;137;114;6;1;131;9;5;0;0;6478;2405;103;18;3354;337;53;0;0
FR;6;2022-04-05;146;88;15;1;105;11;8;0;0;6624;2493;118;19;3459;348;61;0;0
FR;6;2022-04-06;204;245;22;26;291;27;33;0;0;6828;2738;140;45;3750;375;94;0;0
FR;6;2022-04-07;127;96;15;9;115;17;14;0;0;6955;2834;155;54;3865;392;108;0;0
FR;6;2022-04-08;199;171;16;3;214;17;9;0;1;7154;3005;171;57;4079;409;117;0;1
FR;6;2022-04-09;145;139;6;12;171;13;4;0;0;7299;3144;177;69;4250;422;121;0;1
FR;6;2022-04-10;11;20;3;0;26;1;3;0;0;7310;3164;180;69;4276;423;124;0;1
FR;6;2022-04-11;101;106;4;0;128;5;3;0;0;7411;3270;184;69;4404;428;127;0;1
FR;6;2022-04-12;136;75;5;8;114;10;10;0;0;7547;3345;189;77;4518;438;137;0;1
FR;6;2022-04-13;162;175;7;5;208;13;8;0;0;7709;3520;196;82;4726;451;145;0;1
FR;6;2022-04-14;100;103;5;10;121;8;10;0;0;7809;3623;201;92;4847;459;155;0;1
FR;6;2022-04-15;158;149;11;7;167;19;14;0;1;7967;3772;212;99;5014;478;169;0;2
FR;6;2022-04-16;127;132;5;0;162;14;2;0;0;8094;3904;217;99;5176;492;171;0;2
FR;6;2022-04-17;8;9;4;0;10;4;0;0;0;8102;3913;221;99;5186;496;171;0;2
FR;6;2022-04-18;8;15;3;0;14;4;0;0;0;8110;3928;224;99;5200;500;171;0;2
FR;6;2022-04-19;97;112;4;3;130;3;7;0;0;8207;4040;228;102;5330;503;178;0;2
FR;6;2022-04-20;177;227;8;7;269;15;3;0;0;8384;4267;236;109;5599;518;181;0;2
FR;6;2022-04-21;111;93;8;4;110;11;7;0;0;8495;4360;244;113;5709;529;188;0;2
FR;6;2022-04-22;138;160;13;12;189;13;13;0;0;8633;4520;257;125;5898;542;201;0;2
FR;6;2022-04-23;106;129;1;1;161;7;1;0;0;8739;4649;258;126;6059;549;202;0;2
FR;6;2022-04-24;5;21;1;0;22;0;1;0;0;8744;4670;259;126;6081;549;203;0;2
FR;6;2022-04-25;90;128;3;8;150;11;9;0;0;8834;4798;262;134;6231;560;212;0;2
FR;6;2022-04-26;101;128;19;2;151;17;13;0;0;8935;4926;281;136;6382;577;225;0;2
FR;6;2022-04-27;197;159;21;1;222;27;11;0;1;9132;5085;302;137;6604;604;236;0;3
FR;6;2022-04-28;109;87;7;1;123;8;7;0;0;9241;5172;309;138;6727;612;243;0;3
FR;6;2022-04-29;191;169;16;2;215;20;6;0;0;9432;5341;325;140;6942;632;249;0;3
FR;6;2022-04-30;133;125;7;1;168;24;2;0;0;9565;5466;332;141;7110;656;251;0;3
FR;6;2022-05-01;7;6;0;0;8;0;0;0;0;9572;5472;332;141;7118;656;251;0;3
FR;6;2022-05-02;94;65;3;4;88;3;4;0;0;9666;5537;335;145;7206;659;255;0;3
FR;6;2022-05-03;136;93;11;2;125;7;9;0;0;9802;5630;346;147;7331;666;264;0;3
FR;6;2022-05-04;167;118;25;12;161;29;12;0;1;9969;5748;371;159;7492;695;276;0;4
FR;6;2022-05-05;101;70;8;3;97;12;6;0;0;10070;5818;379;162;7589;707;282;0;4
FR;6;2022-05-06;152;110;10;9;155;16;11;0;0;10222;5928;389;171;7744;723;293;0;4
FR;6;2022-05-07;139;93;13;3;136;23;8;0;0;10361;6021;402;174;7880;746;301;0;4
FR;6;2022-05-08;20;8;6;5;16;7;5;0;0;10381;6029;408;179;7896;753;306;0;4
FR;6;2022-05-09;86;78;9;7;95;13;6;0;0;10467;6107;417;186;7991;766;312;0;4
FR;6;2022-05-10;112;80;15;7;110;12;13;0;0;10579;6187;432;193;8101;778;325;0;4
FR;6;2022-05-11;130;124;11;14;163;20;6;0;0;10709;6311;443;207;8264;798;331;0;4
FR;6;2022-05-12;105;76;7;5;96;15;6;0;1;10814;6387;450;212;8360;813;337;0;5
FR;6;2022-05-13;155;97;17;21;137;22;16;0;0;10969;6484;467;233;8497;835;353;0;5
FR;6;2022-05-14;81;60;6;7;84;15;2;0;0;11050;6544;473;240;8581;850;355;0;5
FR;6;2022-05-15;12;7;0;0;14;0;0;0;0;11062;6551;473;240;8595;850;355;0;5
FR;6;2022-05-16;65;54;6;2;69;12;3;0;0;11127;6605;479;242;8664;862;358;0;5
FR;6;2022-05-17;123;77;5;7;92;11;8;0;0;11250;6682;484;249;8756;873;366;0;5
FR;6;2022-05-18;131;116;5;1;158;14;3;0;0;11381;6798;489;250;8914;887;369;0;5
FR;6;2022-05-19;124;57;6;8;96;9;8;0;0;11505;6855;495;258;9010;896;377;0;5
FR;6;2022-05-20;125;115;13;3;151;18;10;0;0;11630;6970;508;261;9161;914;387;0;5
FR;6;2022-05-21;92;69;14;3;93;12;8;0;0;11722;7039;522;264;9254;926;395;0;5
FR;6;2022-05-22;19;12;5;0;21;4;1;0;0;11741;7051;527;264;9275;930;396;0;5
FR;6;2022-05-23;77;72;4;2;90;7;2;0;0;11818;7123;531;266;9365;937;398;0;5
FR;6;2022-05-24;117;98;8;2;132;16;4;0;0;11935;7221;539;268;9497;953;402;0;5
FR;6;2022-05-25;139;129;6;3;170;11;6;0;0;12074;7350;545;271;9667;964;408;0;5
FR;6;2022-05-26;7;9;3;0;5;9;0;0;0;12081;7359;548;271;9672;973;408;0;5
FR;6;2022-05-27;127;105;15;11;136;18;18;0;1;12208;7464;563;282;9808;991;426;0;6
FR;6;2022-05-28;54;75;1;5;89;8;5;0;0;12262;7539;564;287;9897;999;431;0;6
FR;6;2022-05-29;8;10;0;0;10;1;0;0;0;12270;7549;564;287;9907;1000;431;0;6
FR;6;2022-05-30;70;70;7;4;86;4;9;0;0;12340;7619;571;291;9993;1004;440;0;6
FR;6;2022-05-31;87;102;10;2;122;14;7;0;0;12427;7721;581;293;10115;1018;447;0;6
FR;6;2022-06-01;97;89;10;1;111;11;6;0;0;12524;7810;591;294;10226;1029;453;0;6
FR;6;2022-06-02;91;60;6;3;80;9;6;0;0;12615;7870;597;297;10306;1038;459;0;6
FR;6;2022-06-03;126;102;13;7;129;21;8;0;0;12741;7972;610;304;10435;1059;467;0;6
FR;6;2022-06-04;63;51;10;0;64;12;3;0;0;12804;8023;620;304;10499;1071;470;0;6
FR;6;2022-06-05;16;15;2;1;18;4;1;0;0;12820;8038;622;305;10517;1075;471;0;6
FR;6;2022-06-06;9;6;0;0;8;0;0;0;0;12829;8044;622;305;10525;1075;471;0;6
FR;6;2022-06-07;79;90;3;4;117;8;6;0;0;12908;8134;625;309;10642;1083;477;0;6
FR;6;2022-06-08;92;110;13;5;130;20;6;0;0;13000;8244;638;314;10772;1103;483;0;6
FR;6;2022-06-09;75;81;15;3;106;15;8;0;0;13075;8325;653;317;10878;1118;491;0;6
FR;6;2022-06-10;116;93;26;10;121;22;13;0;0;13191;8418;679;327;10999;1140;504;0;6
FR;6;2022-06-11;83;62;6;10;82;12;11;0;0;13274;8480;685;337;11081;1152;515;0;6
FR;6;2022-06-12;6;14;1;0;16;2;0;0;0;13280;8494;686;337;11097;1154;515;0;6
FR;6;2022-06-13;74;59;18;1;68;7;4;0;0;13354;8553;704;338;11165;1161;519;0;6
FR;6;2022-06-14;98;100;8;5;116;16;8;0;0;13452;8653;712;343;11281;1177;527;0;6
FR;6;2022-06-15;80;86;7;8;114;15;10;0;0;13532;8739;719;351;11395;1192;537;0;6
FR;6;2022-06-16;53;40;11;7;45;14;6;0;0;13585;8779;730;358;11440;1206;543;0;6
FR;6;2022-06-17;86;85;3;13;109;11;5;0;0;13671;8864;733;371;11549;1217;548;0;6
FR;6;2022-06-18;71;62;13;0;88;21;1;0;0;13742;8926;746;371;11637;1238;549;0;6
FR;6;2022-06-19;6;6;3;0;7;4;1;0;0;13748;8932;749;371;11644;1242;550;0;6
FR;6;2022-06-20;42;41;4;1;55;6;1;0;0;13790;8973;753;372;11699;1248;551;0;6
FR;6;2022-06-21;59;73;10;7;82;17;7;0;0;13849;9046;763;379;11781;1265;558;0;6
FR;6;2022-06-22;86;85;8;2;98;17;3;0;0;13935;9131;771;381;11879;1282;561;0;6
FR;6;2022-06-23;64;39;13;7;41;15;10;0;0;13999;9170;784;388;11920;1297;571;0;6
FR;6;2022-06-24;77;85;7;14;95;20;16;0;0;14076;9255;791;402;12015;1317;587;0;6
FR;6;2022-06-25;67;61;4;3;77;8;5;0;0;14143;9316;795;405;12092;1325;592;0;6
FR;6;2022-06-26;6;7;1;0;10;1;0;0;0;14149;9323;796;405;12102;1326;592;0;6
FR;6;2022-06-27;51;50;4;9;62;12;7;0;0;14200;9373;800;414;12164;1338;599;0;6
FR;6;2022-06-28;68;47;6;3;53;15;5;0;0;14268;9420;806;417;12217;1353;604;0;6
FR;6;2022-06-29;98;117;26;37;115;19;35;0;5;14366;9537;832;454;12332;1372;639;0;11
FR;6;2022-06-30;84;60;33;10;61;12;7;0;0;14450;9597;865;464;12393;1384;646;0;11
FR;6;2022-07-01;115;94;25;33;102;18;27;0;1;14565;9691;890;497;12495;1402;673;0;12
FR;6;2022-07-02;58;67;26;2;64;37;6;0;0;14623;9758;916;499;12559;1439;679;0;12
FR;6;2022-07-03;11;4;4;3;5;4;3;0;0;14634;9762;920;502;12564;1443;682;0;12
FR;6;2022-07-04;61;43;3;23;55;13;20;0;0;14695;9805;923;525;12619;1456;702;0;12
FR;6;2022-07-05;65;53;19;67;60;27;63;0;0;14760;9858;942;592;12679;1483;765;0;12
FR;6;2022-07-06;94;64;7;11;78;12;17;0;0;14854;9922;949;603;12757;1495;782;0;12
FR;6;2022-07-07;99;79;42;37;99;14;34;0;4;14953;10001;991;640;12856;1509;816;0;16
FR;6;2022-07-08;139;87;42;27;115;10;25;0;3;15092;10088;1033;667;12971;1519;841;0;19
FR;6;2022-07-09;53;51;16;29;51;27;33;0;1;15145;10139;1049;696;13022;1546;874;0;20
FR;6;2022-07-10;3;7;8;0;9;9;0;0;0;15148;10146;1057;696;13031;1555;874;0;20
FR;6;2022-07-11;54;44;5;4;47;12;4;0;0;15202;10190;1062;700;13078;1567;878;0;20
FR;6;2022-07-12;70;72;12;23;87;12;27;0;0;15272;10262;1074;723;13165;1579;905;0;20
FR;6;2022-07-13;84;65;14;21;71;25;22;0;0;15356;10327;1088;744;13236;1604;927;0;20
FR;6;2022-07-14;4;3;1;0;4;1;0;0;0;15360;10330;1089;744;13240;1605;927;0;20
FR;6;2022-07-15;74;59;9;57;85;16;45;0;0;15434;10389;1098;801;13325;1621;972;0;20
FR;6;2022-07-16;27;31;17;0;37;17;3;0;0;15461;10420;1115;801;13362;1638;975;0;20
FR;6;2022-07-17;3;7;0;0;8;0;0;0;0;15464;10427;1115;801;13370;1638;975;0;20
FR;6;2022-07-18;37;62;11;14;60;15;14;0;6;15501;10489;1126;815;13430;1653;989;0;26
FR;6;2022-07-19;54;48;4;19;60;6;21;0;1;15555;10537;1130;834;13490;1659;1010;0;27
FR;6;2022-07-20;53;70;7;22;75;11;27;0;0;15608;10607;1137;856;13565;1670;1037;0;27
FR;6;2022-07-21;51;61;4;7;56;11;9;0;0;15659;10668;1141;863;13621;1681;1046;0;27
FR;6;2022-07-22;55;74;7;26;82;8;16;0;2;15714;10742;1148;889;13703;1689;1062;0;29
FR;6;2022-07-23;38;40;6;10;40;6;9;0;1;15752;10782;1154;899;13743;1695;1071;0;30
FR;6;2022-07-24;11;14;1;3;19;3;3;0;0;15763;10796;1155;902;13762;1698;1074;0;30
FR;6;2022-07-25;60;44;8;12;41;9;13;0;1;15823;10840;1163;914;13803;1707;1087;0;31
FR;6;2022-07-26;47;64;14;6;62;10;13;0;0;15870;10904;1177;920;13865;1717;1100;0;31
FR;6;2022-07-27;54;78;15;11;80;18;15;0;8;15924;10982;1192;931;13945;1735;1115;0;39
FR;6;2022-07-28;30;48;4;6;50;8;7;0;1;15954;11030;1196;937;13995;1743;1122;0;40
FR;6;2022-07-29;43;71;10;38;60;24;36;0;1;15997;11101;1206;975;14055;1767;1158;0;41
FR;6;2022-07-30;26;48;4;15;49;7;15;0;0;16023;11149;1210;990;14104;1774;1173;0;41
FR;6;2022-07-31;0;1;1;0;1;0;1;0;0;16023;11150;1211;990;14105;1774;1174;0;41
FR;6;2022-08-01;39;36;14;8;32;10;6;0;1;16062;11186;1225;998;14137;1784;1180;0;42
FR;6;2022-08-02;37;46;10;14;52;6;16;0;0;16099;11232;1235;1012;14189;1790;1196;0;42
FR;6;2022-08-03;29;52;7;16;53;11;19;0;0;16128;11284;1242;1028;14242;1801;1215;0;42
FR;6;2022-08-04;25;21;4;9;20;6;10;0;1;16153;11305;1246;1037;14262;1807;1225;0;43
FR;6;2022-08-05;43;45;1;7;53;5;7;0;0;16196;11350;1247;1044;14315;1812;1232;0;43
FR;6;2022-08-06;17;27;1;3;33;2;4;0;0;16213;11377;1248;1047;14348;1814;1236;0;43
FR;6;2022-08-07;1;2;0;0;2;0;0;0;0;16214;11379;1248;1047;14350;1814;1236;0;43
FR;6;2022-08-08;24;33;1;0;40;1;0;0;0;16238;11412;1249;1047;14390;1815;1236;0;43
FR;6;2022-08-09;22;30;6;3;29;3;3;0;0;16260;11442;1255;1050;14419;1818;1239;0;43
FR;6;2022-08-10;32;36;5;9;38;5;9;0;5;16292;11478;1260;1059;14457;1823;1248;0;48
FR;6;2022-08-11;33;33;1;1;40;1;0;0;1;16325;11511;1261;1060;14497;1824;1248;0;49
FR;6;2022-08-12;50;44;6;2;50;15;3;0;1;16375;11555;1267;1062;14547;1839;1251;0;50
FR;6;2022-08-13;9;20;0;0;22;1;0;0;0;16384;11575;1267;1062;14569;1840;1251;0;50
FR;6;2022-08-14;3;1;0;0;2;0;0;0;0;16387;11576;1267;1062;14571;1840;1251;0;50
FR;6;2022-08-15;2;3;1;0;4;0;1;0;0;16389;11579;1268;1062;14575;1840;1252;0;50
FR;6;2022-08-16;35;66;21;7;66;7;2;0;0;16424;11645;1289;1069;14641;1847;1254;0;50
FR;6;2022-08-17;32;44;10;9;41;10;6;0;7;16456;11689;1299;1078;14682;1857;1260;0;57
FR;6;2022-08-18;29;55;14;4;61;4;0;0;1;16485;11744;1313;1082;14743;1861;1260;0;58
FR;6;2022-08-19;30;45;5;4;47;3;2;0;1;16515;11789;1318;1086;14790;1864;1262;0;59
FR;6;2022-08-20;26;29;3;0;28;8;1;0;0;16541;11818;1321;1086;14818;1872;1263;0;59
FR;6;2022-08-21;1;5;2;0;5;0;0;0;0;16542;11823;1323;1086;14823;1872;1263;0;59
FR;6;2022-08-22;20;42;15;1;45;0;0;0;0;16562;11865;1338;1087;14868;1872;1263;0;59
FR;6;2022-08-23;34;45;6;7;47;6;4;0;2;16596;11910;1344;1094;14915;1878;1267;0;61
FR;6;2022-08-24;34;30;6;3;36;6;2;0;3;16630;11940;1350;1097;14951;1884;1269;0;64
FR;6;2022-08-25;25;27;1;1;29;5;1;0;0;16655;11967;1351;1098;14980;1889;1270;0;64
FR;6;2022-08-26;38;44;4;4;51;7;7;0;0;16693;12011;1355;1102;15031;1896;1277;0;64
FR;6;2022-08-27;19;21;7;3;22;8;4;0;0;16712;12032;1362;1105;15053;1904;1281;0;64
FR;6;2022-08-28;6;3;0;6;3;1;1;0;4;16718;12035;1362;1111;15056;1905;1282;0;68
FR;6;2022-08-29;26;22;2;6;29;3;6;0;0;16744;12057;1364;1117;15085;1908;1288;0;68
FR;6;2022-08-30;28;35;4;12;33;8;13;0;0;16772;12092;1368;1129;15118;1916;1301;0;68
FR;6;2022-08-31;35;38;2;11;46;3;12;0;0;16807;12130;1370;1140;15164;1919;1313;0;68
FR;6;2022-09-01;17;11;5;1;13;4;3;0;0;16824;12141;1375;1141;15177;1923;1316;0;68
FR;6;2022-09-02;19;14;2;1;13;3;2;0;0;16843;12155;1377;1142;15190;1926;1318;0;68
FR;6;2022-09-03;10;3;1;5;4;2;5;0;0;16853;12158;1378;1147;15194;1928;1323;0;68
FR;6;2022-09-04;4;1;0;0;1;0;0;0;0;16857;12159;1378;1147;15195;1928;1323;0;68
FR;6;2022-09-05;8;7;0;0;10;0;0;0;0;16865;12166;1378;1147;15205;1928;1323;0;68
FR;6;2022-09-06;7;9;7;12;8;6;15;0;0;16872;12175;1385;1159;15213;1934;1338;0;68
FR;6;2022-09-07;3;8;1;0;8;1;0;0;0;16875;12183;1386;1159;15221;1935;1338;0;68
FR;6;2022-09-08;6;4;0;2;3;1;2;0;0;16881;12187;1386;1161;15224;1936;1340;0;68
FR;6;2022-09-09;7;9;2;7;9;3;8;0;0;16888;12196;1388;1168;15233;1939;1348;0;68
FR;6;2022-09-10;3;4;1;0;3;1;1;0;0;16891;12200;1389;1168;15236;1940;1349;0;68
FR;6;2022-09-11;1;3;0;0;3;0;0;0;0;16892;12203;1389;1168;15239;1940;1349;0;68
FR;6;2022-09-12;10;4;1;0;3;3;0;0;0;16902;12207;1390;1168;15242;1943;1349;0;68
FR;6;2022-09-13;7;2;3;0;2;2;2;0;0;16909;12209;1393;1168;15244;1945;1351;0;68
FR;6;2022-09-14;9;8;2;0;7;4;0;0;0;16918;12217;1395;1168;15251;1949;1351;0;68
FR;6;2022-09-15;8;13;5;5;9;9;3;0;2;16926;12230;1400;1173;15260;1958;1354;0;70
FR;6;2022-09-16;25;39;1;1;47;4;1;0;2;16951;12269;1401;1174;15307;1962;1355;0;72
FR;6;2022-09-17;24;22;0;6;24;5;3;0;2;16975;12291;1401;1180;15331;1967;1358;0;74
FR;6;2022-09-18;5;4;0;0;4;1;0;0;0;16980;12295;1401;1180;15335;1968;1358;0;74
FR;6;2022-09-19;30;30;2;1;32;5;1;0;0;17010;12325;1403;1181;15367;1973;1359;0;74
FR;6;2022-09-20;34;25;1;4;30;6;2;0;1;17044;12350;1404;1185;15397;1979;1361;0;75
FR;6;2022-09-21;21;9;3;3;7;7;5;0;3;17065;12359;1407;1188;15404;1986;1366;0;78
FR;6;2022-09-22;19;28;1;22;32;3;21;0;1;17084;12387;1408;1210;15436;1989;1387;0;79
FR;6;2022-09-23;28;41;5;9;47;9;2;0;0;17112;12428;1413;1219;15483;1998;1389;0;79
FR;6;2022-09-24;16;16;4;2;21;6;2;0;0;17128;12444;1417;1221;15504;2004;1391;0;79
FR;6;2022-09-25;3;14;0;0;14;1;0;0;0;17131;12458;1417;1221;15518;2005;1391;0;79
FR;6;2022-09-26;16;13;0;18;12;5;18;0;2;17147;12471;1417;1239;15530;2010;1409;0;81
FR;6;2022-09-27;32;19;2;3;23;4;4;0;0;17179;12490;1419;1242;15553;2014;1413;0;81
FR;6;2022-09-28;27;10;9;11;16;5;17;0;2;17206;12500;1428;1253;15569;2019;1430;0;83
FR;6;2022-09-29;13;13;10;34;16;6;33;0;7;17219;12513;1438;1287;15585;2025;1463;0;90
FR;6;2022-09-30;34;24;5;6;33;5;3;0;0;17253;12537;1443;1293;15618;2030;1466;0;90
FR;6;2022-10-01;17;12;5;8;9;8;8;0;2;17270;12549;1448;1301;15627;2038;1474;0;92
FR;6;2022-10-02;4;0;0;0;1;0;0;0;0;17274;12549;1448;1301;15628;2038;1474;0;92
FR;6;2022-10-03;11;10;3;5;11;4;6;0;0;17285;12559;1451;1306;15639;2042;1480;0;92
FR;6;2022-10-04;19;17;4;28;21;3;30;0;3;17304;12576;1455;1334;15660;2045;1510;0;95
FR;6;2022-10-05;11;12;3;2;9;7;4;0;0;17315;12588;1458;1336;15669;2052;1514;0;95
FR;6;2022-10-06;19;13;4;6;17;2;10;0;0;17334;12601;1462;1342;15686;2054;1524;0;95
FR;6;2022-10-07;27;26;5;24;24;11;16;0;5;17361;12627;1467;1366;15710;2065;1540;0;100
FR;6;2022-10-08;18;13;0;0;16;0;0;0;0;17379;12640;1467;1366;15726;2065;1540;0;100
FR;6;2022-10-09;7;3;4;27;3;4;30;0;6;17386;12643;1471;1393;15729;2069;1570;0;106
FR;6;2022-10-10;15;14;1;16;16;6;13;0;0;17401;12657;1472;1409;15745;2075;1583;0;106
FR;6;2022-10-11;21;23;3;11;22;8;13;0;3;17422;12680;1475;1420;15767;2083;1596;0;109
FR;6;2022-10-12;20;16;7;19;18;3;24;0;7;17442;12696;1482;1439;15785;2086;1620;0;116
FR;6;2022-10-13;28;15;2;36;23;0;38;0;6;17470;12711;1484;1475;15808;2086;1658;0;122
FR;6;2022-10-14;29;23;5;49;23;11;45;0;13;17499;12734;1489;1524;15831;2097;1703;0;135
FR;6;2022-10-15;13;9;0;22;8;4;21;0;6;17512;12743;1489;1546;15839;2101;1724;0;141
FR;6;2022-10-16;4;5;0;6;2;3;6;0;0;17516;12748;1489;1552;15841;2104;1730;0;141
FR;6;2022-10-17;14;14;2;10;14;1;12;0;2;17530;12762;1491;1562;15855;2105;1742;0;143
FR;6;2022-10-18;12;19;9;26;19;4;18;0;11;17542;12781;1500;1588;15874;2109;1760;0;154
FR;6;2022-10-19;10;20;6;16;20;5;19;0;5;17552;12801;1506;1604;15894;2114;1779;0;159
FR;6;2022-10-20;16;15;12;57;18;5;67;0;13;17568;12816;1518;1661;15912;2119;1846;0;172
FR;6;2022-10-21;16;21;9;34;22;11;37;0;10;17584;12837;1527;1695;15934;2130;1883;0;182
FR;6;2022-10-22;19;14;1;4;17;3;4;0;0;17603;12851;1528;1699;15951;2133;1887;0;182
FR;6;2022-10-23;3;3;1;0;4;0;1;0;0;17606;12854;1529;1699;15955;2133;1888;0;182
FR;6;2022-10-24;12;14;2;7;14;6;5;0;2;17618;12868;1531;1706;15969;2139;1893;0;184
FR;6;2022-10-25;20;13;6;17;16;7;19;0;4;17638;12881;1537;1723;15985;2146;1912;0;188
FR;6;2022-10-26;17;9;4;13;12;4;15;0;5;17655;12890;1541;1736;15997;2150;1927;0;193
FR;6;2022-10-27;20;7;8;37;10;6;36;0;14;17675;12897;1549;1773;16007;2156;1963;0;207
FR;6;2022-10-28;21;27;3;4;28;6;5;0;1;17696;12924;1552;1777;16035;2162;1968;0;208
FR;6;2022-10-29;7;11;5;11;10;6;14;0;12;17703;12935;1557;1788;16045;2168;1982;0;220
FR;6;2022-10-30;2;5;0;0;5;0;0;0;0;17705;12940;1557;1788;16050;2168;1982;0;220
FR;6;2022-10-31;20;14;2;13;17;4;12;0;3;17725;12954;1559;1801;16067;2172;1994;0;223
FR;6;2022-11-01;2;1;1;0;1;1;0;0;0;17727;12955;1560;1801;16068;2173;1994;0;223
FR;6;2022-11-02;15;25;9;21;26;11;19;0;12;17742;12980;1569;1822;16094;2184;2013;0;235
FR;6;2022-11-03;17;17;11;39;20;8;43;0;9;17759;12997;1580;1861;16114;2192;2056;0;244
FR;6;2022-11-04;19;22;9;16;27;5;16;0;10;17778;13019;1589;1877;16141;2197;2072;0;254
FR;6;2022-11-05;9;16;2;4;17;4;6;0;0;17787;13035;1591;1881;16158;2201;2078;0;254
FR;6;2022-11-06;5;1;0;0;1;0;0;0;0;17792;13036;1591;1881;16159;2201;2078;0;254
FR;6;2022-11-07;18;10;6;17;12;4;18;0;11;17810;13046;1597;1898;16171;2205;2096;0;265
FR;6;2022-11-08;18;10;2;3;8;5;5;0;4;17828;13056;1599;1901;16179;2210;2101;0;269
FR;6;2022-11-09;16;22;1;6;21;4;5;0;4;17844;13078;1600;1907;16200;2214;2106;0;273
FR;6;2022-11-10;10;10;4;12;8;5;11;0;10;17854;13088;1604;1919;16208;2219;2117;0;283
FR;6;2022-11-11;4;1;0;0;1;1;0;0;0;17858;13089;1604;1919;16209;2220;2117;0;283
FR;6;2022-11-12;4;11;1;7;11;2;5;0;9;17862;13100;1605;1926;16220;2222;2122;0;292
FR;6;2022-11-13;1;1;0;1;1;0;1;0;0;17863;13101;1605;1927;16221;2222;2123;0;292
FR;6;2022-11-14;13;10;7;32;13;8;33;0;14;17876;13111;1612;1959;16234;2230;2156;0;306
FR;6;2022-11-15;7;18;1;11;16;4;7;0;2;17883;13129;1613;1970;16250;2234;2163;0;308
FR;6;2022-11-16;16;15;9;32;17;3;42;0;9;17899;13144;1622;2002;16267;2237;2205;0;317
FR;6;2022-11-17;10;8;1;29;8;2;28;0;5;17909;13152;1623;2031;16275;2239;2233;0;322
FR;6;2022-11-18;20;12;5;23;16;4;25;0;7;17929;13164;1628;2054;16291;2243;2258;0;329
FR;6;2022-11-19;5;13;0;2;11;3;2;0;1;17934;13177;1628;2056;16302;2246;2260;0;330
FR;6;2022-11-20;2;1;2;0;1;2;0;0;0;17936;13178;1630;2056;16303;2248;2260;0;330
FR;6;2022-11-21;22;13;1;14;14;6;11;0;3;17958;13191;1631;2070;16317;2254;2271;0;333
FR;6;2022-11-22;14;9;0;4;11;1;3;0;1;17972;13200;1631;2074;16328;2255;2274;0;334
FR;6;2022-11-23;14;15;15;23;17;9;31;0;8;17986;13215;1646;2097;16345;2264;2305;0;342
FR;6;2022-11-24;14;17;1;11;19;5;10;0;7;18000;13232;1647;2108;16364;2269;2315;0;349
FR;6;2022-11-25;23;15;5;50;15;5;47;0;5;18023;13247;1652;2158;16379;2274;2362;0;354
FR;6;2022-11-26;9;5;2;4;3;2;5;0;1;18032;13252;1654;2162;16382;2276;2367;0;355
FR;6;2022-11-27;1;4;0;0;4;0;0;0;0;18033;13256;1654;2162;16386;2276;2367;0;355
FR;6;2022-11-28;9;11;6;22;11;3;24;0;11;18042;13267;1660;2184;16397;2279;2391;0;366
FR;6;2022-11-29;15;10;1;12;14;1;8;0;7;18057;13277;1661;2196;16411;2280;2399;0;373
FR;6;2022-11-30;18;20;8;23;19;12;22;0;8;18075;13297;1669;2219;16430;2292;2421;0;381
FR;6;2022-12-01;12;9;7;20;11;4;24;0;9;18087;13306;1676;2239;16441;2296;2445;0;390
FR;6;2022-12-02;16;9;12;36;12;8;42;0;1;18103;13315;1688;2275;16453;2304;2487;0;391
FR;6;2022-12-03;13;3;13;20;6;5;28;0;13;18116;13318;1701;2295;16459;2309;2515;0;404
FR;6;2022-12-04;3;1;0;2;1;0;2;0;0;18119;13319;1701;2297;16460;2309;2517;0;404
FR;6;2022-12-05;11;10;7;16;11;4;19;0;8;18130;13329;1708;2313;16471;2313;2536;0;412
FR;6;2022-12-06;10;19;3;30;12;11;28;0;3;18140;13348;1711;2343;16483;2324;2564;0;415
FR;6;2022-12-07;17;8;10;56;10;8;57;0;30;18157;13356;1721;2399;16493;2332;2621;0;445
FR;6;2022-12-08;9;13;8;19;11;7;21;0;13;18166;13369;1729;2418;16504;2339;2642;0;458
FR;6;2022-12-09;15;9;5;29;12;4;30;0;6;18181;13378;1734;2447;16516;2343;2672;0;464
FR;6;2022-12-10;12;9;6;9;7;4;14;0;7;18193;13387;1740;2456;16523;2347;2686;0;471
FR;6;2022-12-11;4;2;1;0;2;1;0;0;0;18197;13389;1741;2456;16525;2348;2686;0;471
FR;6;2022-12-12;17;10;8;36;14;9;33;0;17;18214;13399;1749;2492;16539;2357;2719;0;488
FR;6;2022-12-13;17;21;12;66;16;18;65;0;14;18231;13420;1761;2558;16555;2375;2784;0;502
FR;6;2022-12-14;14;13;8;53;11;12;53;0;14;18245;13433;1769;2611;16566;2387;2837;0;516
FR;6;2022-12-15;12;15;14;38;13;9;44;0;9;18257;13448;1783;2649;16579;2396;2881;0;525
FR;6;2022-12-16;18;14;15;39;15;14;39;0;13;18275;13462;1798;2688;16594;2410;2920;0;538
FR;6;2022-12-17;11;10;15;28;9;15;29;0;8;18286;13472;1813;2716;16603;2425;2949;0;546
FR;6;2022-12-18;7;4;0;2;5;0;2;0;0;18293;13476;1813;2718;16608;2425;2951;0;546
FR;6;2022-12-19;12;8;9;29;8;12;29;0;15;18305;13484;1822;2747;16616;2437;2980;0;561
FR;6;2022-12-20;17;23;11;23;17;19;22;0;21;18322;13507;1833;2770;16633;2456;3002;0;582
FR;6;2022-12-21;23;16;9;19;13;13;17;0;5;18345;13523;1842;2789;16646;2469;3019;0;587
FR;6;2022-12-22;13;14;9;21;15;13;18;0;11;18358;13537;1851;2810;16661;2482;3037;0;598
FR;6;2022-12-23;10;19;12;7;14;18;7;0;3;18368;13556;1863;2817;16675;2500;3044;0;601
FR;6;2022-12-24;4;5;3;1;5;2;2;0;1;18372;13561;1866;2818;16680;2502;3046;0;602
FR;6;2022-12-25;0;0;0;0;0;0;0;0;0;18372;13561;1866;2818;16680;2502;3046;0;602
FR;6;2022-12-26;8;12;12;11;10;18;11;0;3;18380;13573;1878;2829;16690;2520;3057;0;605
FR;6;2022-12-27;17;13;15;8;12;19;8;0;0;18397;13586;1893;2837;16702;2539;3065;0;605
FR;6;2022-12-28;15;19;6;8;19;9;9;0;4;18412;13605;1899;2845;16721;2548;3074;0;609
FR;6;2022-12-29;15;12;7;8;10;9;9;0;7;18427;13617;1906;2853;16731;2557;3083;0;616
FR;6;2022-12-30;20;19;13;8;20;13;11;0;4;18447;13636;1919;2861;16751;2570;3094;0;620
FR;6;2022-12-31;5;2;6;1;4;7;1;0;1;18452;13638;1925;2862;16755;2577;3095;0;621
FR;6;2023-01-01;2;1;0;3;0;3;0;0;1;18454;13639;1925;2865;16755;2580;3095;0;622
FR;6;2023-01-02;9;14;2;3;10;7;3;0;0;18463;13653;1927;2868;16765;2587;3098;0;622
FR;6;2023-01-03;7;17;9;21;17;9;21;0;7;18470;13670;1936;2889;16782;2596;3119;0;629
FR;6;2023-01-04;9;9;4;10;8;8;6;0;14;18479;13679;1940;2899;16790;2604;3125;0;643
FR;6;2023-01-05;9;11;6;23;10;3;26;0;8;18488;13690;1946;2922;16800;2607;3151;0;651
FR;6;2023-01-06;16;24;15;30;21;17;29;0;15;18504;13714;1961;2952;16821;2624;3180;0;666
FR;6;2023-01-07;9;19;4;1;10;13;3;0;1;18513;13733;1965;2953;16831;2637;3183;0;667
FR;6;2023-01-08;2;7;4;11;6;4;11;0;3;18515;13740;1969;2964;16837;2641;3194;0;670
FR;6;2023-01-09;16;10;5;35;8;8;34;0;17;18531;13750;1974;2999;16845;2649;3228;0;687
FR;6;2023-01-10;11;15;13;23;13;10;26;0;9;18542;13765;1987;3022;16858;2659;3254;0;696
FR;6;2023-01-11;15;14;5;16;18;6;14;0;12;18557;13779;1992;3038;16876;2665;3268;0;708
FR;6;2023-01-12;7;13;2;5;10;3;5;0;12;18564;13792;1994;3043;16886;2668;3273;0;720
FR;6;2023-01-13;19;14;18;43;14;20;43;0;31;18583;13806;2012;3086;16900;2688;3316;0;751
FR;6;2023-01-14;20;8;6;2;9;9;2;0;0;18603;13814;2018;3088;16909;2697;3318;0;751
FR;6;2023-01-15;0;0;1;3;0;1;3;0;0;18603;13814;2019;3091;16909;2698;3321;0;751
FR;6;2023-01-16;22;12;2;1;10;6;3;0;2;18625;13826;2021;3092;16919;2704;3324;0;753
FR;6;2023-01-17;8;17;12;8;17;11;14;0;5;18633;13843;2033;3100;16936;2715;3338;0;758
FR;6;2023-01-18;18;15;9;7;17;10;8;0;1;18651;13858;2042;3107;16953;2725;3346;0;759
FR;6;2023-01-19;9;9;14;9;11;12;13;0;7;18660;13867;2056;3116;16964;2737;3359;0;766
FR;6;2023-01-20;17;13;9;32;16;6;34;0;27;18677;13880;2065;3148;16980;2743;3393;0;793
FR;6;2023-01-21;11;7;5;2;6;8;3;0;1;18688;13887;2070;3150;16986;2751;3396;0;794
FR;6;2023-01-22;0;0;0;0;0;0;0;0;0;18688;13887;2070;3150;16986;2751;3396;0;794
FR;6;2023-01-23;9;9;5;11;8;5;11;0;3;18697;13896;2075;3161;16994;2756;3407;0;797
FR;6;2023-01-24;12;14;15;13;11;14;18;0;6;18709;13910;2090;3174;17005;2770;3425;0;803
FR;6;2023-01-25;15;7;5;3;6;6;4;0;4;18724;13917;2095;3177;17011;2776;3429;0;807
FR;6;2023-01-26;13;14;2;10;11;7;12;0;9;18737;13931;2097;3187;17022;2783;3441;0;816
FR;8;2020-12-27;0;0;0;0;0;0;0;0;0;0;0;0;0;0;0;0;0;0
FR;8;2020-12-28;0;0;0;0;0;0;0;0;0;0;0;0;0;0;0;0;0;0
FR;8;2020-12-29;0;0;0;0;0;0;0;0;0;0;0;0;0;0;0;0;0;0
FR;8;2020-12-30;0;0;0;0;0;0;0;0;0;0;0;0;0;0;0;0;0;0
FR;8;2020-12-31;0;0;0;0;0;0;0;0;0;0;0;0;0;0;0;0;0;0
FR;8;2021-01-01;0;0;0;0;0;0;0;0;0;0;0;0;0;0;0;0;0;0
FR;8;2021-01-02;0;0;0;0;0;0;0;0;0;0;0;0;0;0;0;0;0;0
FR;8;2021-01-03;0;0;0;0;0;0;0;0;0;0;0;0;0;0;0;0;0;0
FR;8;2021-01-04;0;0;0;0;0;0;0;0;0;0;0;0;0;0;0;0;0;0
FR;8;2021-01-05;0;0;0;0;0;0;0;0;0;0;0;0;0;0;0;0;0;0
FR;8;2021-01-06;0;0;0;0;0;0;0;0;0;0;0;0;0;0;0;0;0;0
FR;8;2021-01-07;0;0;0;0;0;0;0;0;0;0;0;0;0;0;0;0;0;0
FR;8;2021-01-08;0;0;0;0;0;0;0;0;0;0;0;0;0;0;0;0;0;0
FR;8;2021-01-09;0;0;0;0;0;0;0;0;0;0;0;0;0;0;0;0;0;0
FR;8;2021-01-10;0;0;0;0;0;0;0;0;0;0;0;0;0;0;0;0;0;0
FR;8;2021-01-11;0;0;0;0;0;0;0;0;0;0;0;0;0;0;0;0;0;0
FR;8;2021-01-12;0;0;0;0;0;0;0;0;0;0;0;0;0;0;0;0;0;0
FR;8;2021-01-13;0;0;0;0;0;0;0;0;0;0;0;0;0;0;0;0;0;0
FR;8;2021-01-14;0;0;0;0;0;0;0;0;0;0;0;0;0;0;0;0;0;0
FR;8;2021-01-15;0;0;0;0;0;0;0;0;0;0;0;0;0;0;0;0;0;0
FR;8;2021-01-16;0;0;0;0;0;0;0;0;0;0;0;0;0;0;0;0;0;0
FR;8;2021-01-17;0;0;0;0;0;0;0;0;0;0;0;0;0;0;0;0;0;0
FR;8;2021-01-18;0;0;0;0;0;0;0;0;0;0;0;0;0;0;0;0;0;0
FR;8;2021-01-19;0;0;0;0;0;0;0;0;0;0;0;0;0;0;0;0;0;0
FR;8;2021-01-20;0;0;0;0;0;0;0;0;0;0;0;0;0;0;0;0;0;0
FR;8;2021-01-21;0;0;0;0;0;0;0;0;0;0;0;0;0;0;0;0;0;0
FR;8;2021-01-22;0;0;0;0;0;0;0;0;0;0;0;0;0;0;0;0;0;0
FR;8;2021-01-23;0;0;0;0;0;0;0;0;0;0;0;0;0;0;0;0;0;0
FR;8;2021-01-24;0;0;0;0;0;0;0;0;0;0;0;0;0;0;0;0;0;0
FR;8;2021-01-25;0;0;0;0;0;0;0;0;0;0;0;0;0;0;0;0;0;0
FR;8;2021-01-26;0;0;0;0;0;0;0;0;0;0;0;0;0;0;0;0;0;0
FR;8;2021-01-27;0;0;0;0;0;0;0;0;0;0;0;0;0;0;0;0;0;0
FR;8;2021-01-28;0;0;0;0;0;0;0;0;0;0;0;0;0;0;0;0;0;0
FR;8;2021-01-29;0;0;0;0;0;0;0;0;0;0;0;0;0;0;0;0;0;0
FR;8;2021-01-30;0;0;0;0;0;0;0;0;0;0;0;0;0;0;0;0;0;0
FR;8;2021-01-31;0;0;0;0;0;0;0;0;0;0;0;0;0;0;0;0;0;0
FR;8;2021-02-01;0;0;0;0;0;0;0;0;0;0;0;0;0;0;0;0;0;0
FR;8;2021-02-02;0;0;0;0;0;0;0;0;0;0;0;0;0;0;0;0;0;0
FR;8;2021-02-03;0;0;0;0;0;0;0;0;0;0;0;0;0;0;0;0;0;0
FR;8;2021-02-04;0;0;0;0;0;0;0;0;0;0;0;0;0;0;0;0;0;0
FR;8;2021-02-05;0;0;0;0;0;0;0;0;0;0;0;0;0;0;0;0;0;0
FR;8;2021-02-06;0;0;0;0;0;0;0;0;0;0;0;0;0;0;0;0;0;0
FR;8;2021-02-07;0;0;0;0;0;0;0;0;0;0;0;0;0;0;0;0;0;0
FR;8;2021-02-08;0;0;0;0;0;0;0;0;0;0;0;0;0;0;0;0;0;0
FR;8;2021-02-09;0;0;0;0;0;0;0;0;0;0;0;0;0;0;0;0;0;0
FR;8;2021-02-10;0;0;0;0;0;0;0;0;0;0;0;0;0;0;0;0;0;0
FR;8;2021-02-11;0;0;0;0;0;0;0;0;0;0;0;0;0;0;0;0;0;0
FR;8;2021-02-12;0;0;0;0;0;0;0;0;0;0;0;0;0;0;0;0;0;0
FR;8;2021-02-13;0;0;0;0;0;0;0;0;0;0;0;0;0;0;0;0;0;0
FR;8;2021-02-14;0;0;0;0;0;0;0;0;0;0;0;0;0;0;0;0;0;0
FR;8;2021-02-15;0;0;0;0;0;0;0;0;0;0;0;0;0;0;0;0;0;0
FR;8;2021-02-16;0;0;0;0;0;0;0;0;0;0;0;0;0;0;0;0;0;0
FR;8;2021-02-17;0;0;0;0;0;0;0;0;0;0;0;0;0;0;0;0;0;0
FR;8;2021-02-18;0;0;0;0;0;0;0;0;0;0;0;0;0;0;0;0;0;0
FR;8;2021-02-19;0;0;0;0;0;0;0;0;0;0;0;0;0;0;0;0;0;0
FR;8;2021-02-20;0;0;0;0;0;0;0;0;0;0;0;0;0;0;0;0;0;0
FR;8;2021-02-21;0;0;0;0;0;0;0;0;0;0;0;0;0;0;0;0;0;0
FR;8;2021-02-22;0;0;0;0;0;0;0;0;0;0;0;0;0;0;0;0;0;0
FR;8;2021-02-23;0;0;0;0;0;0;0;0;0;0;0;0;0;0;0;0;0;0
FR;8;2021-02-24;0;0;0;0;0;0;0;0;0;0;0;0;0;0;0;0;0;0
FR;8;2021-02-25;0;0;0;0;0;0;0;0;0;0;0;0;0;0;0;0;0;0
FR;8;2021-02-26;0;0;0;0;0;0;0;0;0;0;0;0;0;0;0;0;0;0
FR;8;2021-02-27;0;0;0;0;0;0;0;0;0;0;0;0;0;0;0;0;0;0
FR;8;2021-02-28;0;0;0;0;0;0;0;0;0;0;0;0;0;0;0;0;0;0
FR;8;2021-03-01;0;0;0;0;0;0;0;0;0;0;0;0;0;0;0;0;0;0
FR;8;2021-03-02;0;0;0;0;0;0;0;0;0;0;0;0;0;0;0;0;0;0
FR;8;2021-03-03;0;0;0;0;0;0;0;0;0;0;0;0;0;0;0;0;0;0
FR;8;2021-03-04;0;0;0;0;0;0;0;0;0;0;0;0;0;0;0;0;0;0
FR;8;2021-03-05;0;0;0;0;0;0;0;0;0;0;0;0;0;0;0;0;0;0
FR;8;2021-03-06;0;0;0;0;0;0;0;0;0;0;0;0;0;0;0;0;0;0
FR;8;2021-03-07;0;0;0;0;0;0;0;0;0;0;0;0;0;0;0;0;0;0
FR;8;2021-03-08;0;0;0;0;0;0;0;0;0;0;0;0;0;0;0;0;0;0
FR;8;2021-03-09;0;0;0;0;0;0;0;0;0;0;0;0;0;0;0;0;0;0
FR;8;2021-03-10;0;0;0;0;0;0;0;0;0;0;0;0;0;0;0;0;0;0
FR;8;2021-03-11;0;0;0;0;0;0;0;0;0;0;0;0;0;0;0;0;0;0
FR;8;2021-03-12;0;0;0;0;0;0;0;0;0;0;0;0;0;0;0;0;0;0
FR;8;2021-03-13;0;0;0;0;0;0;0;0;0;0;0;0;0;0;0;0;0;0
FR;8;2021-03-14;0;0;0;0;0;0;0;0;0;0;0;0;0;0;0;0;0;0
FR;8;2021-03-15;0;0;0;0;0;0;0;0;0;0;0;0;0;0;0;0;0;0
FR;8;2021-03-16;0;0;0;0;0;0;0;0;0;0;0;0;0;0;0;0;0;0
FR;8;2021-03-17;0;0;0;0;0;0;0;0;0;0;0;0;0;0;0;0;0;0
FR;8;2021-03-18;0;0;0;0;0;0;0;0;0;0;0;0;0;0;0;0;0;0
FR;8;2021-03-19;0;0;0;0;0;0;0;0;0;0;0;0;0;0;0;0;0;0
FR;8;2021-03-20;0;0;0;0;0;0;0;0;0;0;0;0;0;0;0;0;0;0
FR;8;2021-03-21;0;0;0;0;0;0;0;0;0;0;0;0;0;0;0;0;0;0
FR;8;2021-03-22;0;0;0;0;0;0;0;0;0;0;0;0;0;0;0;0;0;0
FR;8;2021-03-23;0;0;0;0;0;0;0;0;0;0;0;0;0;0;0;0;0;0
FR;8;2021-03-24;0;0;0;0;0;0;0;0;0;0;0;0;0;0;0;0;0;0
FR;8;2021-03-25;0;0;0;0;0;0;0;0;0;0;0;0;0;0;0;0;0;0
FR;8;2021-03-26;0;0;0;0;0;0;0;0;0;0;0;0;0;0;0;0;0;0
FR;8;2021-03-27;0;0;0;0;0;0;0;0;0;0;0;0;0;0;0;0;0;0
FR;8;2021-03-28;0;0;0;0;0;0;0;0;0;0;0;0;0;0;0;0;0;0
FR;8;2021-03-29;0;0;0;0;0;0;0;0;0;0;0;0;0;0;0;0;0;0
FR;8;2021-03-30;0;0;0;0;0;0;0;0;0;0;0;0;0;0;0;0;0;0
FR;8;2021-03-31;0;0;0;0;0;0;0;0;0;0;0;0;0;0;0;0;0;0
FR;8;2021-04-01;0;0;0;0;0;0;0;0;0;0;0;0;0;0;0;0;0;0
FR;8;2021-04-02;0;0;0;0;0;0;0;0;0;0;0;0;0;0;0;0;0;0
FR;8;2021-04-03;0;0;0;0;0;0;0;0;0;0;0;0;0;0;0;0;0;0
FR;8;2021-04-04;0;0;0;0;0;0;0;0;0;0;0;0;0;0;0;0;0;0
FR;8;2021-04-05;0;0;0;0;0;0;0;0;0;0;0;0;0;0;0;0;0;0
FR;8;2021-04-06;0;0;0;0;0;0;0;0;0;0;0;0;0;0;0;0;0;0
FR;8;2021-04-07;0;0;0;0;0;0;0;0;0;0;0;0;0;0;0;0;0;0
FR;8;2021-04-08;0;0;0;0;0;0;0;0;0;0;0;0;0;0;0;0;0;0
FR;8;2021-04-09;0;0;0;0;0;0;0;0;0;0;0;0;0;0;0;0;0;0
FR;8;2021-04-10;0;0;0;0;0;0;0;0;0;0;0;0;0;0;0;0;0;0
FR;8;2021-04-11;0;0;0;0;0;0;0;0;0;0;0;0;0;0;0;0;0;0
FR;8;2021-04-12;0;0;0;0;0;0;0;0;0;0;0;0;0;0;0;0;0;0
FR;8;2021-04-13;0;0;0;0;0;0;0;0;0;0;0;0;0;0;0;0;0;0
FR;8;2021-04-14;0;0;0;0;0;0;0;0;0;0;0;0;0;0;0;0;0;0
FR;8;2021-04-15;0;0;0;0;0;0;0;0;0;0;0;0;0;0;0;0;0;0
FR;8;2021-04-16;0;0;0;0;0;0;0;0;0;0;0;0;0;0;0;0;0;0
FR;8;2021-04-17;0;0;0;0;0;0;0;0;0;0;0;0;0;0;0;0;0;0
FR;8;2021-04-18;0;0;0;0;0;0;0;0;0;0;0;0;0;0;0;0;0;0
FR;8;2021-04-19;0;0;0;0;0;0;0;0;0;0;0;0;0;0;0;0;0;0
FR;8;2021-04-20;0;0;0;0;0;0;0;0;0;0;0;0;0;0;0;0;0;0
FR;8;2021-04-21;0;0;0;0;0;0;0;0;0;0;0;0;0;0;0;0;0;0
FR;8;2021-04-22;0;0;0;0;0;0;0;0;0;0;0;0;0;0;0;0;0;0
FR;8;2021-04-23;0;0;0;0;0;0;0;0;0;0;0;0;0;0;0;0;0;0
FR;8;2021-04-24;0;0;0;0;0;0;0;0;0;0;0;0;0;0;0;0;0;0
FR;8;2021-04-25;0;0;0;0;0;0;0;0;0;0;0;0;0;0;0;0;0;0
FR;8;2021-04-26;0;0;0;0;0;0;0;0;0;0;0;0;0;0;0;0;0;0
FR;8;2021-04-27;0;0;0;0;0;0;0;0;0;0;0;0;0;0;0;0;0;0
FR;8;2021-04-28;0;0;0;0;0;0;0;0;0;0;0;0;0;0;0;0;0;0
FR;8;2021-04-29;0;0;0;0;0;0;0;0;0;0;0;0;0;0;0;0;0;0
FR;8;2021-04-30;0;0;0;0;0;0;0;0;0;0;0;0;0;0;0;0;0;0
FR;8;2021-05-01;0;0;0;0;0;0;0;0;0;0;0;0;0;0;0;0;0;0
FR;8;2021-05-02;0;0;0;0;0;0;0;0;0;0;0;0;0;0;0;0;0;0
FR;8;2021-05-03;0;0;0;0;0;0;0;0;0;0;0;0;0;0;0;0;0;0
FR;8;2021-05-04;0;0;0;0;0;0;0;0;0;0;0;0;0;0;0;0;0;0
FR;8;2021-05-05;0;0;0;0;0;0;0;0;0;0;0;0;0;0;0;0;0;0
FR;8;2021-05-06;0;0;0;0;0;0;0;0;0;0;0;0;0;0;0;0;0;0
FR;8;2021-05-07;0;0;0;0;0;0;0;0;0;0;0;0;0;0;0;0;0;0
FR;8;2021-05-08;0;0;0;0;0;0;0;0;0;0;0;0;0;0;0;0;0;0
FR;8;2021-05-09;0;0;0;0;0;0;0;0;0;0;0;0;0;0;0;0;0;0
FR;8;2021-05-10;0;0;0;0;0;0;0;0;0;0;0;0;0;0;0;0;0;0
FR;8;2021-05-11;0;0;0;0;0;0;0;0;0;0;0;0;0;0;0;0;0;0
FR;8;2021-05-12;0;0;0;0;0;0;0;0;0;0;0;0;0;0;0;0;0;0
FR;8;2021-05-13;0;0;0;0;0;0;0;0;0;0;0;0;0;0;0;0;0;0
FR;8;2021-05-14;0;0;0;0;0;0;0;0;0;0;0;0;0;0;0;0;0;0
FR;8;2021-05-15;0;0;0;0;0;0;0;0;0;0;0;0;0;0;0;0;0;0
FR;8;2021-05-16;0;0;0;0;0;0;0;0;0;0;0;0;0;0;0;0;0;0
FR;8;2021-05-17;0;0;0;0;0;0;0;0;0;0;0;0;0;0;0;0;0;0
FR;8;2021-05-18;0;0;0;0;0;0;0;0;0;0;0;0;0;0;0;0;0;0
FR;8;2021-05-19;0;0;0;0;0;0;0;0;0;0;0;0;0;0;0;0;0;0
FR;8;2021-05-20;0;0;0;0;0;0;0;0;0;0;0;0;0;0;0;0;0;0
FR;8;2021-05-21;0;0;0;0;0;0;0;0;0;0;0;0;0;0;0;0;0;0
FR;8;2021-05-22;0;0;0;0;0;0;0;0;0;0;0;0;0;0;0;0;0;0
FR;8;2021-05-23;0;0;0;0;0;0;0;0;0;0;0;0;0;0;0;0;0;0
FR;8;2021-05-24;0;0;0;0;0;0;0;0;0;0;0;0;0;0;0;0;0;0
FR;8;2021-05-25;0;0;0;0;0;0;0;0;0;0;0;0;0;0;0;0;0;0
FR;8;2021-05-26;0;0;0;0;0;0;0;0;0;0;0;0;0;0;0;0;0;0
FR;8;2021-05-27;0;0;0;0;0;0;0;0;0;0;0;0;0;0;0;0;0;0
FR;8;2021-05-28;0;0;0;0;0;0;0;0;0;0;0;0;0;0;0;0;0;0
FR;8;2021-05-29;0;0;0;0;0;0;0;0;0;0;0;0;0;0;0;0;0;0
FR;8;2021-05-30;0;0;0;0;0;0;0;0;0;0;0;0;0;0;0;0;0;0
FR;8;2021-05-31;0;0;0;0;0;0;0;0;0;0;0;0;0;0;0;0;0;0
FR;8;2021-06-01;0;0;0;0;0;0;0;0;0;0;0;0;0;0;0;0;0;0
FR;8;2021-06-02;0;0;0;0;0;0;0;0;0;0;0;0;0;0;0;0;0;0
FR;8;2021-06-03;0;0;0;0;0;0;0;0;0;0;0;0;0;0;0;0;0;0
FR;8;2021-06-04;0;0;0;0;0;0;0;0;0;0;0;0;0;0;0;0;0;0
FR;8;2021-06-05;0;0;0;0;0;0;0;0;0;0;0;0;0;0;0;0;0;0
FR;8;2021-06-06;0;0;0;0;0;0;0;0;0;0;0;0;0;0;0;0;0;0
FR;8;2021-06-07;0;0;0;0;0;0;0;0;0;0;0;0;0;0;0;0;0;0
FR;8;2021-06-08;0;0;0;0;0;0;0;0;0;0;0;0;0;0;0;0;0;0
FR;8;2021-06-09;0;0;0;0;0;0;0;0;0;0;0;0;0;0;0;0;0;0
FR;8;2021-06-10;0;0;0;0;0;0;0;0;0;0;0;0;0;0;0;0;0;0
FR;8;2021-06-11;0;0;0;0;0;0;0;0;0;0;0;0;0;0;0;0;0;0
FR;8;2021-06-12;0;0;0;0;0;0;0;0;0;0;0;0;0;0;0;0;0;0
FR;8;2021-06-13;0;0;0;0;0;0;0;0;0;0;0;0;0;0;0;0;0;0
FR;8;2021-06-14;0;0;0;0;0;0;0;0;0;0;0;0;0;0;0;0;0;0
FR;8;2021-06-15;0;0;0;0;0;0;0;0;0;0;0;0;0;0;0;0;0;0
FR;8;2021-06-16;0;0;0;0;0;0;0;0;0;0;0;0;0;0;0;0;0;0
FR;8;2021-06-17;0;0;0;0;0;0;0;0;0;0;0;0;0;0;0;0;0;0
FR;8;2021-06-18;0;0;0;0;0;0;0;0;0;0;0;0;0;0;0;0;0;0
FR;8;2021-06-19;0;0;0;0;0;0;0;0;0;0;0;0;0;0;0;0;0;0
FR;8;2021-06-20;0;0;0;0;0;0;0;0;0;0;0;0;0;0;0;0;0;0
FR;8;2021-06-21;0;0;0;0;0;0;0;0;0;0;0;0;0;0;0;0;0;0
FR;8;2021-06-22;0;0;0;0;0;0;0;0;0;0;0;0;0;0;0;0;0;0
FR;8;2021-06-23;0;0;0;0;0;0;0;0;0;0;0;0;0;0;0;0;0;0
FR;8;2021-06-24;0;0;0;0;0;0;0;0;0;0;0;0;0;0;0;0;0;0
FR;8;2021-06-25;0;0;0;0;0;0;0;0;0;0;0;0;0;0;0;0;0;0
FR;8;2021-06-26;0;0;0;0;0;0;0;0;0;0;0;0;0;0;0;0;0;0
FR;8;2021-06-27;0;0;0;0;0;0;0;0;0;0;0;0;0;0;0;0;0;0
FR;8;2021-06-28;0;0;0;0;0;0;0;0;0;0;0;0;0;0;0;0;0;0
FR;8;2021-06-29;0;0;0;0;0;0;0;0;0;0;0;0;0;0;0;0;0;0
FR;8;2021-06-30;0;0;0;0;0;0;0;0;0;0;0;0;0;0;0;0;0;0
FR;8;2021-07-01;0;0;0;0;0;0;0;0;0;0;0;0;0;0;0;0;0;0
FR;8;2021-07-02;0;0;0;0;0;0;0;0;0;0;0;0;0;0;0;0;0;0
FR;8;2021-07-03;0;0;0;0;0;0;0;0;0;0;0;0;0;0;0;0;0;0
FR;8;2021-07-04;0;0;0;0;0;0;0;0;0;0;0;0;0;0;0;0;0;0
FR;8;2021-07-05;0;0;0;0;0;0;0;0;0;0;0;0;0;0;0;0;0;0
FR;8;2021-07-06;0;0;0;0;0;0;0;0;0;0;0;0;0;0;0;0;0;0
FR;8;2021-07-07;0;0;0;0;0;0;0;0;0;0;0;0;0;0;0;0;0;0
FR;8;2021-07-08;0;0;0;0;0;0;0;0;0;0;0;0;0;0;0;0;0;0
FR;8;2021-07-09;0;0;0;0;0;0;0;0;0;0;0;0;0;0;0;0;0;0
FR;8;2021-07-10;0;0;0;0;0;0;0;0;0;0;0;0;0;0;0;0;0;0
FR;8;2021-07-11;0;0;0;0;0;0;0;0;0;0;0;0;0;0;0;0;0;0
FR;8;2021-07-12;0;0;0;0;0;0;0;0;0;0;0;0;0;0;0;0;0;0
FR;8;2021-07-13;0;0;0;0;0;0;0;0;0;0;0;0;0;0;0;0;0;0
FR;8;2021-07-14;0;0;0;0;0;0;0;0;0;0;0;0;0;0;0;0;0;0
FR;8;2021-07-15;0;0;0;0;0;0;0;0;0;0;0;0;0;0;0;0;0;0
FR;8;2021-07-16;0;0;0;0;0;0;0;0;0;0;0;0;0;0;0;0;0;0
FR;8;2021-07-17;0;0;0;0;0;0;0;0;0;0;0;0;0;0;0;0;0;0
FR;8;2021-07-18;0;0;0;0;0;0;0;0;0;0;0;0;0;0;0;0;0;0
FR;8;2021-07-19;0;0;0;0;0;0;0;0;0;0;0;0;0;0;0;0;0;0
FR;8;2021-07-20;0;0;0;0;0;0;0;0;0;0;0;0;0;0;0;0;0;0
FR;8;2021-07-21;0;0;0;0;0;0;0;0;0;0;0;0;0;0;0;0;0;0
FR;8;2021-07-22;0;0;0;0;0;0;0;0;0;0;0;0;0;0;0;0;0;0
FR;8;2021-07-23;0;0;0;0;0;0;0;0;0;0;0;0;0;0;0;0;0;0
FR;8;2021-07-24;0;0;0;0;0;0;0;0;0;0;0;0;0;0;0;0;0;0
FR;8;2021-07-25;0;0;0;0;0;0;0;0;0;0;0;0;0;0;0;0;0;0
FR;8;2021-07-26;0;0;0;0;0;0;0;0;0;0;0;0;0;0;0;0;0;0
FR;8;2021-07-27;0;0;0;0;0;0;0;0;0;0;0;0;0;0;0;0;0;0
FR;8;2021-07-28;0;0;0;0;0;0;0;0;0;0;0;0;0;0;0;0;0;0
FR;8;2021-07-29;0;0;0;0;0;0;0;0;0;0;0;0;0;0;0;0;0;0
FR;8;2021-07-30;0;0;0;0;0;0;0;0;0;0;0;0;0;0;0;0;0;0
FR;8;2021-07-31;0;0;0;0;0;0;0;0;0;0;0;0;0;0;0;0;0;0
FR;8;2021-08-01;0;0;0;0;0;0;0;0;0;0;0;0;0;0;0;0;0;0
FR;8;2021-08-02;0;0;0;0;0;0;0;0;0;0;0;0;0;0;0;0;0;0
FR;8;2021-08-03;0;0;0;0;0;0;0;0;0;0;0;0;0;0;0;0;0;0
FR;8;2021-08-04;0;0;0;0;0;0;0;0;0;0;0;0;0;0;0;0;0;0
FR;8;2021-08-05;0;0;0;0;0;0;0;0;0;0;0;0;0;0;0;0;0;0
FR;8;2021-08-06;0;0;0;0;0;0;0;0;0;0;0;0;0;0;0;0;0;0
FR;8;2021-08-07;0;0;0;0;0;0;0;0;0;0;0;0;0;0;0;0;0;0
FR;8;2021-08-08;0;0;0;0;0;0;0;0;0;0;0;0;0;0;0;0;0;0
FR;8;2021-08-09;0;0;0;0;0;0;0;0;0;0;0;0;0;0;0;0;0;0
FR;8;2021-08-10;0;0;0;0;0;0;0;0;0;0;0;0;0;0;0;0;0;0
FR;8;2021-08-11;0;0;0;0;0;0;0;0;0;0;0;0;0;0;0;0;0;0
FR;8;2021-08-12;0;0;0;0;0;0;0;0;0;0;0;0;0;0;0;0;0;0
FR;8;2021-08-13;0;0;0;0;0;0;0;0;0;0;0;0;0;0;0;0;0;0
FR;8;2021-08-14;0;0;0;0;0;0;0;0;0;0;0;0;0;0;0;0;0;0
FR;8;2021-08-15;0;0;0;0;0;0;0;0;0;0;0;0;0;0;0;0;0;0
FR;8;2021-08-16;0;0;0;0;0;0;0;0;0;0;0;0;0;0;0;0;0;0
FR;8;2021-08-17;0;0;0;0;0;0;0;0;0;0;0;0;0;0;0;0;0;0
FR;8;2021-08-18;0;0;0;0;0;0;0;0;0;0;0;0;0;0;0;0;0;0
FR;8;2021-08-19;0;0;0;0;0;0;0;0;0;0;0;0;0;0;0;0;0;0
FR;8;2021-08-20;0;0;0;0;0;0;0;0;0;0;0;0;0;0;0;0;0;0
FR;8;2021-08-21;0;0;0;0;0;0;0;0;0;0;0;0;0;0;0;0;0;0
FR;8;2021-08-22;0;0;0;0;0;0;0;0;0;0;0;0;0;0;0;0;0;0
FR;8;2021-08-23;0;0;0;0;0;0;0;0;0;0;0;0;0;0;0;0;0;0
FR;8;2021-08-24;0;0;0;0;0;0;0;0;0;0;0;0;0;0;0;0;0;0
FR;8;2021-08-25;0;0;0;0;0;0;0;0;0;0;0;0;0;0;0;0;0;0
FR;8;2021-08-26;0;0;0;0;0;0;0;0;0;0;0;0;0;0;0;0;0;0
FR;8;2021-08-27;0;0;0;0;0;0;0;0;0;0;0;0;0;0;0;0;0;0
FR;8;2021-08-28;0;0;0;0;0;0;0;0;0;0;0;0;0;0;0;0;0;0
FR;8;2021-08-29;0;0;0;0;0;0;0;0;0;0;0;0;0;0;0;0;0;0
FR;8;2021-08-30;0;0;0;0;0;0;0;0;0;0;0;0;0;0;0;0;0;0
FR;8;2021-08-31;0;0;0;0;0;0;0;0;0;0;0;0;0;0;0;0;0;0
FR;8;2021-09-01;0;0;0;0;0;0;0;0;0;0;0;0;0;0;0;0;0;0
FR;8;2021-09-02;0;0;0;0;0;0;0;0;0;0;0;0;0;0;0;0;0;0
FR;8;2021-09-03;0;0;0;0;0;0;0;0;0;0;0;0;0;0;0;0;0;0
FR;8;2021-09-04;0;0;0;0;0;0;0;0;0;0;0;0;0;0;0;0;0;0
FR;8;2021-09-05;0;0;0;0;0;0;0;0;0;0;0;0;0;0;0;0;0;0
FR;8;2021-09-06;0;0;0;0;0;0;0;0;0;0;0;0;0;0;0;0;0;0
FR;8;2021-09-07;0;0;0;0;0;0;0;0;0;0;0;0;0;0;0;0;0;0
FR;8;2021-09-08;0;0;0;0;0;0;0;0;0;0;0;0;0;0;0;0;0;0
FR;8;2021-09-09;0;0;0;0;0;0;0;0;0;0;0;0;0;0;0;0;0;0
FR;8;2021-09-10;0;0;0;0;0;0;0;0;0;0;0;0;0;0;0;0;0;0
FR;8;2021-09-11;0;0;0;0;0;0;0;0;0;0;0;0;0;0;0;0;0;0
FR;8;2021-09-12;0;0;0;0;0;0;0;0;0;0;0;0;0;0;0;0;0;0
FR;8;2021-09-13;0;0;0;0;0;0;0;0;0;0;0;0;0;0;0;0;0;0
FR;8;2021-09-14;0;0;0;0;0;0;0;0;0;0;0;0;0;0;0;0;0;0
FR;8;2021-09-15;0;0;0;0;0;0;0;0;0;0;0;0;0;0;0;0;0;0
FR;8;2021-09-16;0;0;0;0;0;0;0;0;0;0;0;0;0;0;0;0;0;0
FR;8;2021-09-17;0;0;0;0;0;0;0;0;0;0;0;0;0;0;0;0;0;0
FR;8;2021-09-18;0;0;0;0;0;0;0;0;0;0;0;0;0;0;0;0;0;0
FR;8;2021-09-19;0;0;0;0;0;0;0;0;0;0;0;0;0;0;0;0;0;0
FR;8;2021-09-20;0;0;0;0;0;0;0;0;0;0;0;0;0;0;0;0;0;0
FR;8;2021-09-21;0;0;0;0;0;0;0;0;0;0;0;0;0;0;0;0;0;0
FR;8;2021-09-22;0;0;0;0;0;0;0;0;0;0;0;0;0;0;0;0;0;0
FR;8;2021-09-23;0;0;0;0;0;0;0;0;0;0;0;0;0;0;0;0;0;0
FR;8;2021-09-24;0;0;0;0;0;0;0;0;0;0;0;0;0;0;0;0;0;0
FR;8;2021-09-25;0;0;0;0;0;0;0;0;0;0;0;0;0;0;0;0;0;0
FR;8;2021-09-26;0;0;0;0;0;0;0;0;0;0;0;0;0;0;0;0;0;0
FR;8;2021-09-27;0;0;0;0;0;0;0;0;0;0;0;0;0;0;0;0;0;0
FR;8;2021-09-28;0;0;0;0;0;0;0;0;0;0;0;0;0;0;0;0;0;0
FR;8;2021-09-29;0;0;0;0;0;0;0;0;0;0;0;0;0;0;0;0;0;0
FR;8;2021-09-30;0;0;0;0;0;0;0;0;0;0;0;0;0;0;0;0;0;0
FR;8;2021-10-01;0;0;0;0;0;0;0;0;0;0;0;0;0;0;0;0;0;0
FR;8;2021-10-02;0;0;0;0;0;0;0;0;0;0;0;0;0;0;0;0;0;0
FR;8;2021-10-03;0;0;0;0;0;0;0;0;0;0;0;0;0;0;0;0;0;0
FR;8;2021-10-04;0;0;0;0;0;0;0;0;0;0;0;0;0;0;0;0;0;0
FR;8;2021-10-05;0;0;0;0;0;0;0;0;0;0;0;0;0;0;0;0;0;0
FR;8;2021-10-06;0;0;0;0;0;0;0;0;0;0;0;0;0;0;0;0;0;0
FR;8;2021-10-07;0;0;0;0;0;0;0;0;0;0;0;0;0;0;0;0;0;0
FR;8;2021-10-08;0;0;0;0;0;0;0;0;0;0;0;0;0;0;0;0;0;0
FR;8;2021-10-09;0;0;0;0;0;0;0;0;0;0;0;0;0;0;0;0;0;0
FR;8;2021-10-10;0;0;0;0;0;0;0;0;0;0;0;0;0;0;0;0;0;0
FR;8;2021-10-11;0;0;0;0;0;0;0;0;0;0;0;0;0;0;0;0;0;0
FR;8;2021-10-12;0;0;0;0;0;0;0;0;0;0;0;0;0;0;0;0;0;0
FR;8;2021-10-13;0;0;0;0;0;0;0;0;0;0;0;0;0;0;0;0;0;0
FR;8;2021-10-14;0;0;0;0;0;0;0;0;0;0;0;0;0;0;0;0;0;0
FR;8;2021-10-15;0;0;0;0;0;0;0;0;0;0;0;0;0;0;0;0;0;0
FR;8;2021-10-16;0;0;0;0;0;0;0;0;0;0;0;0;0;0;0;0;0;0
FR;8;2021-10-17;0;0;0;0;0;0;0;0;0;0;0;0;0;0;0;0;0;0
FR;8;2021-10-18;0;0;0;0;0;0;0;0;0;0;0;0;0;0;0;0;0;0
FR;8;2021-10-19;0;0;0;0;0;0;0;0;0;0;0;0;0;0;0;0;0;0
FR;8;2021-10-20;0;0;0;0;0;0;0;0;0;0;0;0;0;0;0;0;0;0
FR;8;2021-10-21;0;0;0;0;0;0;0;0;0;0;0;0;0;0;0;0;0;0
FR;8;2021-10-22;0;0;0;0;0;0;0;0;0;0;0;0;0;0;0;0;0;0
FR;8;2021-10-23;0;0;0;0;0;0;0;0;0;0;0;0;0;0;0;0;0;0
FR;8;2021-10-24;0;0;0;0;0;0;0;0;0;0;0;0;0;0;0;0;0;0
FR;8;2021-10-25;0;0;0;0;0;0;0;0;0;0;0;0;0;0;0;0;0;0
FR;8;2021-10-26;0;0;0;0;0;0;0;0;0;0;0;0;0;0;0;0;0;0
FR;8;2021-10-27;0;0;0;0;0;0;0;0;0;0;0;0;0;0;0;0;0;0
FR;8;2021-10-28;0;0;0;0;0;0;0;0;0;0;0;0;0;0;0;0;0;0
FR;8;2021-10-29;0;0;0;0;0;0;0;0;0;0;0;0;0;0;0;0;0;0
FR;8;2021-10-30;0;0;0;0;0;0;0;0;0;0;0;0;0;0;0;0;0;0
FR;8;2021-10-31;0;0;0;0;0;0;0;0;0;0;0;0;0;0;0;0;0;0
FR;8;2021-11-01;0;0;0;0;0;0;0;0;0;0;0;0;0;0;0;0;0;0
FR;8;2021-11-02;0;0;0;0;0;0;0;0;0;0;0;0;0;0;0;0;0;0
FR;8;2021-11-03;0;0;0;0;0;0;0;0;0;0;0;0;0;0;0;0;0;0
FR;8;2021-11-04;0;0;0;0;0;0;0;0;0;0;0;0;0;0;0;0;0;0
FR;8;2021-11-05;0;0;0;0;0;0;0;0;0;0;0;0;0;0;0;0;0;0
FR;8;2021-11-06;0;0;0;0;0;0;0;0;0;0;0;0;0;0;0;0;0;0
FR;8;2021-11-07;0;0;0;0;0;0;0;0;0;0;0;0;0;0;0;0;0;0
FR;8;2021-11-08;0;0;0;0;0;0;0;0;0;0;0;0;0;0;0;0;0;0
FR;8;2021-11-09;0;0;0;0;0;0;0;0;0;0;0;0;0;0;0;0;0;0
FR;8;2021-11-10;0;0;0;0;0;0;0;0;0;0;0;0;0;0;0;0;0;0
FR;8;2021-11-11;0;0;0;0;0;0;0;0;0;0;0;0;0;0;0;0;0;0
FR;8;2021-11-12;0;0;0;0;0;0;0;0;0;0;0;0;0;0;0;0;0;0
FR;8;2021-11-13;0;0;0;0;0;0;0;0;0;0;0;0;0;0;0;0;0;0
FR;8;2021-11-14;0;0;0;0;0;0;0;0;0;0;0;0;0;0;0;0;0;0
FR;8;2021-11-15;0;0;0;0;0;0;0;0;0;0;0;0;0;0;0;0;0;0
FR;8;2021-11-16;0;0;0;0;0;0;0;0;0;0;0;0;0;0;0;0;0;0
FR;8;2021-11-17;0;0;0;0;0;0;0;0;0;0;0;0;0;0;0;0;0;0
FR;8;2021-11-18;0;0;0;0;0;0;0;0;0;0;0;0;0;0;0;0;0;0
FR;8;2021-11-19;0;0;0;0;0;0;0;0;0;0;0;0;0;0;0;0;0;0
FR;8;2021-11-20;0;0;0;0;0;0;0;0;0;0;0;0;0;0;0;0;0;0
FR;8;2021-11-21;0;0;0;0;0;0;0;0;0;0;0;0;0;0;0;0;0;0
FR;8;2021-11-22;0;0;0;0;0;0;0;0;0;0;0;0;0;0;0;0;0;0
FR;8;2021-11-23;0;0;0;0;0;0;0;0;0;0;0;0;0;0;0;0;0;0
FR;8;2021-11-24;0;0;0;0;0;0;0;0;0;0;0;0;0;0;0;0;0;0
FR;8;2021-11-25;0;0;0;0;0;0;0;0;0;0;0;0;0;0;0;0;0;0
FR;8;2021-11-26;0;0;0;0;0;0;0;0;0;0;0;0;0;0;0;0;0;0
FR;8;2021-11-27;0;0;0;0;0;0;0;0;0;0;0;0;0;0;0;0;0;0
FR;8;2021-11-28;0;0;0;0;0;0;0;0;0;0;0;0;0;0;0;0;0;0
FR;8;2021-11-29;0;0;0;0;0;0;0;0;0;0;0;0;0;0;0;0;0;0
FR;8;2021-11-30;0;0;0;0;0;0;0;0;0;0;0;0;0;0;0;0;0;0
FR;8;2021-12-01;0;0;0;0;0;0;0;0;0;0;0;0;0;0;0;0;0;0
FR;8;2021-12-02;0;0;0;0;0;0;0;0;0;0;0;0;0;0;0;0;0;0
FR;8;2021-12-03;0;0;0;0;0;0;0;0;0;0;0;0;0;0;0;0;0;0
FR;8;2021-12-04;0;0;0;0;0;0;0;0;0;0;0;0;0;0;0;0;0;0
FR;8;2021-12-05;0;0;0;0;0;0;0;0;0;0;0;0;0;0;0;0;0;0
FR;8;2021-12-06;0;0;0;0;0;0;0;0;0;0;0;0;0;0;0;0;0;0
FR;8;2021-12-07;0;0;0;0;0;0;0;0;0;0;0;0;0;0;0;0;0;0
FR;8;2021-12-08;0;0;0;0;0;0;0;0;0;0;0;0;0;0;0;0;0;0
FR;8;2021-12-09;0;0;0;0;0;0;0;0;0;0;0;0;0;0;0;0;0;0
FR;8;2021-12-10;0;0;0;0;0;0;0;0;0;0;0;0;0;0;0;0;0;0
FR;8;2021-12-11;0;0;0;0;0;0;0;0;0;0;0;0;0;0;0;0;0;0
FR;8;2021-12-12;0;0;0;0;0;0;0;0;0;0;0;0;0;0;0;0;0;0
FR;8;2021-12-13;0;0;0;0;0;0;0;0;0;0;0;0;0;0;0;0;0;0
FR;8;2021-12-14;0;0;0;0;0;0;0;0;0;0;0;0;0;0;0;0;0;0
FR;8;2021-12-15;0;0;0;0;0;0;0;0;0;0;0;0;0;0;0;0;0;0
FR;8;2021-12-16;0;0;0;0;0;0;0;0;0;0;0;0;0;0;0;0;0;0
FR;8;2021-12-17;0;0;0;0;0;0;0;0;0;0;0;0;0;0;0;0;0;0
FR;8;2021-12-18;0;0;0;0;0;0;0;0;0;0;0;0;0;0;0;0;0;0
FR;8;2021-12-19;0;0;0;0;0;0;0;0;0;0;0;0;0;0;0;0;0;0
FR;8;2021-12-20;0;0;0;0;0;0;0;0;0;0;0;0;0;0;0;0;0;0
FR;8;2021-12-21;0;0;0;0;0;0;0;0;0;0;0;0;0;0;0;0;0;0
FR;8;2021-12-22;0;0;0;0;0;0;0;0;0;0;0;0;0;0;0;0;0;0
FR;8;2021-12-23;0;0;0;0;0;0;0;0;0;0;0;0;0;0;0;0;0;0
FR;8;2021-12-24;0;0;0;0;0;0;0;0;0;0;0;0;0;0;0;0;0;0
FR;8;2021-12-25;0;0;0;0;0;0;0;0;0;0;0;0;0;0;0;0;0;0
FR;8;2021-12-26;0;0;0;0;0;0;0;0;0;0;0;0;0;0;0;0;0;0
FR;8;2021-12-27;0;0;0;0;0;0;0;0;0;0;0;0;0;0;0;0;0;0
FR;8;2021-12-28;0;0;0;0;0;0;0;0;0;0;0;0;0;0;0;0;0;0
FR;8;2021-12-29;0;0;0;0;0;0;0;0;0;0;0;0;0;0;0;0;0;0
FR;8;2021-12-30;0;0;0;0;0;0;0;0;0;0;0;0;0;0;0;0;0;0
FR;8;2021-12-31;0;0;0;0;0;0;0;0;0;0;0;0;0;0;0;0;0;0
FR;8;2022-01-01;0;0;0;0;0;0;0;0;0;0;0;0;0;0;0;0;0;0
FR;8;2022-01-02;0;0;0;0;0;0;0;0;0;0;0;0;0;0;0;0;0;0
FR;8;2022-01-03;0;0;0;0;0;0;0;0;0;0;0;0;0;0;0;0;0;0
FR;8;2022-01-04;0;0;0;0;0;0;0;0;0;0;0;0;0;0;0;0;0;0
FR;8;2022-01-05;0;0;0;0;0;0;0;0;0;0;0;0;0;0;0;0;0;0
FR;8;2022-01-06;0;0;0;0;0;0;0;0;0;0;0;0;0;0;0;0;0;0
FR;8;2022-01-07;0;0;0;0;0;0;0;0;0;0;0;0;0;0;0;0;0;0
FR;8;2022-01-08;0;0;0;0;0;0;0;0;0;0;0;0;0;0;0;0;0;0
FR;8;2022-01-09;0;0;0;0;0;0;0;0;0;0;0;0;0;0;0;0;0;0
FR;8;2022-01-10;0;0;0;0;0;0;0;0;0;0;0;0;0;0;0;0;0;0
FR;8;2022-01-11;0;0;0;0;0;0;0;0;0;0;0;0;0;0;0;0;0;0
FR;8;2022-01-12;0;0;0;0;0;0;0;0;0;0;0;0;0;0;0;0;0;0
FR;8;2022-01-13;0;0;0;0;0;0;0;0;0;0;0;0;0;0;0;0;0;0
FR;8;2022-01-14;0;0;0;0;0;0;0;0;0;0;0;0;0;0;0;0;0;0
FR;8;2022-01-15;0;0;0;0;0;0;0;0;0;0;0;0;0;0;0;0;0;0
FR;8;2022-01-16;0;0;0;0;0;0;0;0;0;0;0;0;0;0;0;0;0;0
FR;8;2022-01-17;0;0;0;0;0;0;0;0;0;0;0;0;0;0;0;0;0;0
FR;8;2022-01-18;0;0;0;0;0;0;0;0;0;0;0;0;0;0;0;0;0;0
FR;8;2022-01-19;0;0;0;0;0;0;0;0;0;0;0;0;0;0;0;0;0;0
FR;8;2022-01-20;0;0;0;0;0;0;0;0;0;0;0;0;0;0;0;0;0;0
FR;8;2022-01-21;0;0;0;0;0;0;0;0;0;0;0;0;0;0;0;0;0;0
FR;8;2022-01-22;0;0;0;0;0;0;0;0;0;0;0;0;0;0;0;0;0;0
FR;8;2022-01-23;0;0;0;0;0;0;0;0;0;0;0;0;0;0;0;0;0;0
FR;8;2022-01-24;0;0;0;0;0;0;0;0;0;0;0;0;0;0;0;0;0;0
FR;8;2022-01-25;0;0;0;0;0;0;0;0;0;0;0;0;0;0;0;0;0;0
FR;8;2022-01-26;0;0;0;0;0;0;0;0;0;0;0;0;0;0;0;0;0;0
FR;8;2022-01-27;0;0;0;0;0;0;0;0;0;0;0;0;0;0;0;0;0;0
FR;8;2022-01-28;0;0;0;0;0;0;0;0;0;0;0;0;0;0;0;0;0;0
FR;8;2022-01-29;0;0;0;0;0;0;0;0;0;0;0;0;0;0;0;0;0;0
FR;8;2022-01-30;0;0;0;0;0;0;0;0;0;0;0;0;0;0;0;0;0;0
FR;8;2022-01-31;0;0;0;0;0;0;0;0;0;0;0;0;0;0;0;0;0;0
FR;8;2022-02-01;0;0;0;0;0;0;0;0;0;0;0;0;0;0;0;0;0;0
FR;8;2022-02-02;0;0;0;0;0;0;0;0;0;0;0;0;0;0;0;0;0;0
FR;8;2022-02-03;0;0;0;0;0;0;0;0;0;0;0;0;0;0;0;0;0;0
FR;8;2022-02-04;0;0;0;0;0;0;0;0;0;0;0;0;0;0;0;0;0;0
FR;8;2022-02-05;0;0;0;0;0;0;0;0;0;0;0;0;0;0;0;0;0;0
FR;8;2022-02-06;0;0;0;0;0;0;0;0;0;0;0;0;0;0;0;0;0;0
FR;8;2022-02-07;0;0;0;0;0;0;0;0;0;0;0;0;0;0;0;0;0;0
FR;8;2022-02-08;0;0;0;0;0;0;0;0;0;0;0;0;0;0;0;0;0;0
FR;8;2022-02-09;0;0;0;0;0;0;0;0;0;0;0;0;0;0;0;0;0;0
FR;8;2022-02-10;0;0;0;0;0;0;0;0;0;0;0;0;0;0;0;0;0;0
FR;8;2022-02-11;0;0;0;0;0;0;0;0;0;0;0;0;0;0;0;0;0;0
FR;8;2022-02-12;0;0;0;0;0;0;0;0;0;0;0;0;0;0;0;0;0;0
FR;8;2022-02-13;0;0;0;0;0;0;0;0;0;0;0;0;0;0;0;0;0;0
FR;8;2022-02-14;0;0;0;0;0;0;0;0;0;0;0;0;0;0;0;0;0;0
FR;8;2022-02-15;0;0;0;0;0;0;0;0;0;0;0;0;0;0;0;0;0;0
FR;8;2022-02-16;0;0;0;0;0;0;0;0;0;0;0;0;0;0;0;0;0;0
FR;8;2022-02-17;0;0;0;0;0;0;0;0;0;0;0;0;0;0;0;0;0;0
FR;8;2022-02-18;0;0;0;0;0;0;0;0;0;0;0;0;0;0;0;0;0;0
FR;8;2022-02-19;0;0;0;0;0;0;0;0;0;0;0;0;0;0;0;0;0;0
FR;8;2022-02-20;0;0;0;0;0;0;0;0;0;0;0;0;0;0;0;0;0;0
FR;8;2022-02-21;0;0;0;0;0;0;0;0;0;0;0;0;0;0;0;0;0;0
FR;8;2022-02-22;0;0;0;0;0;0;0;0;0;0;0;0;0;0;0;0;0;0
FR;8;2022-02-23;0;0;0;0;0;0;0;0;0;0;0;0;0;0;0;0;0;0
FR;8;2022-02-24;0;0;0;0;0;0;0;0;0;0;0;0;0;0;0;0;0;0
FR;8;2022-02-25;0;0;0;0;0;0;0;0;0;0;0;0;0;0;0;0;0;0
FR;8;2022-02-26;0;0;0;0;0;0;0;0;0;0;0;0;0;0;0;0;0;0
FR;8;2022-02-27;0;0;0;0;0;0;0;0;0;0;0;0;0;0;0;0;0;0
FR;8;2022-02-28;0;0;0;0;0;0;0;0;0;0;0;0;0;0;0;0;0;0
FR;8;2022-03-01;0;0;0;0;0;0;0;0;0;0;0;0;0;0;0;0;0;0
FR;8;2022-03-02;0;0;0;0;0;0;0;0;0;0;0;0;0;0;0;0;0;0
FR;8;2022-03-03;0;0;0;0;0;0;0;0;0;0;0;0;0;0;0;0;0;0
FR;8;2022-03-04;0;0;0;0;0;0;0;0;0;0;0;0;0;0;0;0;0;0
FR;8;2022-03-05;0;0;0;0;0;0;0;0;0;0;0;0;0;0;0;0;0;0
FR;8;2022-03-06;0;0;0;0;0;0;0;0;0;0;0;0;0;0;0;0;0;0
FR;8;2022-03-07;0;0;0;0;0;0;0;0;0;0;0;0;0;0;0;0;0;0
FR;8;2022-03-08;0;0;0;0;0;0;0;0;0;0;0;0;0;0;0;0;0;0
FR;8;2022-03-09;0;0;0;0;0;0;0;0;0;0;0;0;0;0;0;0;0;0
FR;8;2022-03-10;0;0;0;0;0;0;0;0;0;0;0;0;0;0;0;0;0;0
FR;8;2022-03-11;0;0;0;0;0;0;0;0;0;0;0;0;0;0;0;0;0;0
FR;8;2022-03-12;0;0;0;0;0;0;0;0;0;0;0;0;0;0;0;0;0;0
FR;8;2022-03-13;0;0;0;0;0;0;0;0;0;0;0;0;0;0;0;0;0;0
FR;8;2022-03-14;0;0;0;0;0;0;0;0;0;0;0;0;0;0;0;0;0;0
FR;8;2022-03-15;0;0;0;0;0;0;0;0;0;0;0;0;0;0;0;0;0;0
FR;8;2022-03-16;0;0;0;0;0;0;0;0;0;0;0;0;0;0;0;0;0;0
FR;8;2022-03-17;0;0;0;0;0;0;0;0;0;0;0;0;0;0;0;0;0;0
FR;8;2022-03-18;0;0;0;0;0;0;0;0;0;0;0;0;0;0;0;0;0;0
FR;8;2022-03-19;0;0;0;0;0;0;0;0;0;0;0;0;0;0;0;0;0;0
FR;8;2022-03-20;0;0;0;0;0;0;0;0;0;0;0;0;0;0;0;0;0;0
FR;8;2022-03-21;0;0;0;0;0;0;0;0;0;0;0;0;0;0;0;0;0;0
FR;8;2022-03-22;0;0;0;0;0;0;0;0;0;0;0;0;0;0;0;0;0;0
FR;8;2022-03-23;0;0;0;0;0;0;0;0;0;0;0;0;0;0;0;0;0;0
FR;8;2022-03-24;0;0;0;0;0;0;0;0;0;0;0;0;0;0;0;0;0;0
FR;8;2022-03-25;0;0;0;0;0;0;0;0;0;0;0;0;0;0;0;0;0;0
FR;8;2022-03-26;0;0;0;0;0;0;0;0;0;0;0;0;0;0;0;0;0;0
FR;8;2022-03-27;0;0;0;0;0;0;0;0;0;0;0;0;0;0;0;0;0;0
FR;8;2022-03-28;0;0;0;0;0;0;0;0;0;0;0;0;0;0;0;0;0;0
FR;8;2022-03-29;0;0;0;0;0;0;0;0;0;0;0;0;0;0;0;0;0;0
FR;8;2022-03-30;0;0;0;0;0;0;0;0;0;0;0;0;0;0;0;0;0;0
FR;8;2022-03-31;0;0;0;0;0;0;0;0;0;0;0;0;0;0;0;0;0;0
FR;8;2022-04-01;0;0;0;0;0;0;0;0;0;0;0;0;0;0;0;0;0;0
FR;8;2022-04-02;0;0;0;0;0;0;0;0;0;0;0;0;0;0;0;0;0;0
FR;8;2022-04-03;0;0;0;0;0;0;0;0;0;0;0;0;0;0;0;0;0;0
FR;8;2022-04-04;0;0;0;0;0;0;0;0;0;0;0;0;0;0;0;0;0;0
FR;8;2022-04-05;0;0;0;0;0;0;0;0;0;0;0;0;0;0;0;0;0;0
FR;8;2022-04-06;0;0;0;0;0;0;0;0;0;0;0;0;0;0;0;0;0;0
FR;8;2022-04-07;0;0;0;0;0;0;0;0;0;0;0;0;0;0;0;0;0;0
FR;8;2022-04-08;0;0;0;0;0;0;0;0;0;0;0;0;0;0;0;0;0;0
FR;8;2022-04-09;0;0;0;0;0;0;0;0;0;0;0;0;0;0;0;0;0;0
FR;8;2022-04-10;0;0;0;0;0;0;0;0;0;0;0;0;0;0;0;0;0;0
FR;8;2022-04-11;0;0;0;0;0;0;0;0;0;0;0;0;0;0;0;0;0;0
FR;8;2022-04-12;0;0;0;0;0;0;0;0;0;0;0;0;0;0;0;0;0;0
FR;8;2022-04-13;0;0;0;0;0;0;0;0;0;0;0;0;0;0;0;0;0;0
FR;8;2022-04-14;0;0;0;0;0;0;0;0;0;0;0;0;0;0;0;0;0;0
FR;8;2022-04-15;0;0;0;0;0;0;0;0;0;0;0;0;0;0;0;0;0;0
FR;8;2022-04-16;0;0;0;0;0;0;0;0;0;0;0;0;0;0;0;0;0;0
FR;8;2022-04-17;0;0;0;0;0;0;0;0;0;0;0;0;0;0;0;0;0;0
FR;8;2022-04-18;0;0;0;0;0;0;0;0;0;0;0;0;0;0;0;0;0;0
FR;8;2022-04-19;0;0;0;0;0;0;0;0;0;0;0;0;0;0;0;0;0;0
FR;8;2022-04-20;0;0;0;0;0;0;0;0;0;0;0;0;0;0;0;0;0;0
FR;8;2022-04-21;0;0;0;0;0;0;0;0;0;0;0;0;0;0;0;0;0;0
FR;8;2022-04-22;0;0;0;0;0;0;0;0;0;0;0;0;0;0;0;0;0;0
FR;8;2022-04-23;0;0;0;0;0;0;0;0;0;0;0;0;0;0;0;0;0;0
FR;8;2022-04-24;0;0;0;0;0;0;0;0;0;0;0;0;0;0;0;0;0;0
FR;8;2022-04-25;0;0;0;0;0;0;0;0;0;0;0;0;0;0;0;0;0;0
FR;8;2022-04-26;0;0;0;0;0;0;0;0;0;0;0;0;0;0;0;0;0;0
FR;8;2022-04-27;0;0;0;0;0;0;0;0;0;0;0;0;0;0;0;0;0;0
FR;8;2022-04-28;0;0;0;0;0;0;0;0;0;0;0;0;0;0;0;0;0;0
FR;8;2022-04-29;0;0;0;0;0;0;0;0;0;0;0;0;0;0;0;0;0;0
FR;8;2022-04-30;0;0;0;0;0;0;0;0;0;0;0;0;0;0;0;0;0;0
FR;8;2022-05-01;0;0;0;0;0;0;0;0;0;0;0;0;0;0;0;0;0;0
FR;8;2022-05-02;0;0;0;0;0;0;0;0;0;0;0;0;0;0;0;0;0;0
FR;8;2022-05-03;0;0;0;0;0;0;0;0;0;0;0;0;0;0;0;0;0;0
FR;8;2022-05-04;0;0;0;0;0;0;0;0;0;0;0;0;0;0;0;0;0;0
FR;8;2022-05-05;0;0;0;0;0;0;0;0;0;0;0;0;0;0;0;0;0;0
FR;8;2022-05-06;0;0;0;0;0;0;0;0;0;0;0;0;0;0;0;0;0;0
FR;8;2022-05-07;0;0;0;0;0;0;0;0;0;0;0;0;0;0;0;0;0;0
FR;8;2022-05-08;0;0;0;0;0;0;0;0;0;0;0;0;0;0;0;0;0;0
FR;8;2022-05-09;0;0;0;0;0;0;0;0;0;0;0;0;0;0;0;0;0;0
FR;8;2022-05-10;0;0;0;0;0;0;0;0;0;0;0;0;0;0;0;0;0;0
FR;8;2022-05-11;0;0;0;0;0;0;0;0;0;0;0;0;0;0;0;0;0;0
FR;8;2022-05-12;0;0;0;0;0;0;0;0;0;0;0;0;0;0;0;0;0;0
FR;8;2022-05-13;0;0;0;0;0;0;0;0;0;0;0;0;0;0;0;0;0;0
FR;8;2022-05-14;0;0;0;0;0;0;0;0;0;0;0;0;0;0;0;0;0;0
FR;8;2022-05-15;0;0;0;0;0;0;0;0;0;0;0;0;0;0;0;0;0;0
FR;8;2022-05-16;0;0;0;0;0;0;0;0;0;0;0;0;0;0;0;0;0;0
FR;8;2022-05-17;0;0;0;0;0;0;0;0;0;0;0;0;0;0;0;0;0;0
FR;8;2022-05-18;0;0;0;0;0;0;0;0;0;0;0;0;0;0;0;0;0;0
FR;8;2022-05-19;0;0;0;0;0;0;0;0;0;0;0;0;0;0;0;0;0;0
FR;8;2022-05-20;0;0;0;0;0;0;0;0;0;0;0;0;0;0;0;0;0;0
FR;8;2022-05-21;0;0;0;0;0;0;0;0;0;0;0;0;0;0;0;0;0;0
FR;8;2022-05-22;0;0;0;0;0;0;0;0;0;0;0;0;0;0;0;0;0;0
FR;8;2022-05-23;0;0;0;0;0;0;0;0;0;0;0;0;0;0;0;0;0;0
FR;8;2022-05-24;0;0;0;0;0;0;0;0;0;0;0;0;0;0;0;0;0;0
FR;8;2022-05-25;0;0;0;0;0;0;0;0;0;0;0;0;0;0;0;0;0;0
FR;8;2022-05-26;0;0;0;0;0;0;0;0;0;0;0;0;0;0;0;0;0;0
FR;8;2022-05-27;0;0;0;0;0;0;0;0;0;0;0;0;0;0;0;0;0;0
FR;8;2022-05-28;0;0;0;0;0;0;0;0;0;0;0;0;0;0;0;0;0;0
FR;8;2022-05-29;0;0;0;0;0;0;0;0;0;0;0;0;0;0;0;0;0;0
FR;8;2022-05-30;0;0;0;0;0;0;0;0;0;0;0;0;0;0;0;0;0;0
FR;8;2022-05-31;0;0;0;0;0;0;0;0;0;0;0;0;0;0;0;0;0;0
FR;8;2022-06-01;0;0;0;0;0;0;0;0;0;0;0;0;0;0;0;0;0;0
FR;8;2022-06-02;0;0;0;0;0;0;0;0;0;0;0;0;0;0;0;0;0;0
FR;8;2022-06-03;0;0;0;0;0;0;0;0;0;0;0;0;0;0;0;0;0;0
FR;8;2022-06-04;0;0;0;0;0;0;0;0;0;0;0;0;0;0;0;0;0;0
FR;8;2022-06-05;0;0;0;0;0;0;0;0;0;0;0;0;0;0;0;0;0;0
FR;8;2022-06-06;0;0;0;0;0;0;0;0;0;0;0;0;0;0;0;0;0;0
FR;8;2022-06-07;0;0;0;0;0;0;0;0;0;0;0;0;0;0;0;0;0;0
FR;8;2022-06-08;0;0;0;0;0;0;0;0;0;0;0;0;0;0;0;0;0;0
FR;8;2022-06-09;0;0;0;0;0;0;0;0;0;0;0;0;0;0;0;0;0;0
FR;8;2022-06-10;0;0;0;0;0;0;0;0;0;0;0;0;0;0;0;0;0;0
FR;8;2022-06-11;0;0;0;0;0;0;0;0;0;0;0;0;0;0;0;0;0;0
FR;8;2022-06-12;0;0;0;0;0;0;0;0;0;0;0;0;0;0;0;0;0;0
FR;8;2022-06-13;0;0;0;0;0;0;0;0;0;0;0;0;0;0;0;0;0;0
FR;8;2022-06-14;0;0;0;0;0;0;0;0;0;0;0;0;0;0;0;0;0;0
FR;8;2022-06-15;0;0;0;0;0;0;0;0;0;0;0;0;0;0;0;0;0;0
FR;8;2022-06-16;0;0;0;0;0;0;0;0;0;0;0;0;0;0;0;0;0;0
FR;8;2022-06-17;0;0;0;0;0;0;0;0;0;0;0;0;0;0;0;0;0;0
FR;8;2022-06-18;0;0;0;0;0;0;0;0;0;0;0;0;0;0;0;0;0;0
FR;8;2022-06-19;0;0;0;0;0;0;0;0;0;0;0;0;0;0;0;0;0;0
FR;8;2022-06-20;0;0;0;0;0;0;0;0;0;0;0;0;0;0;0;0;0;0
FR;8;2022-06-21;0;0;0;0;0;0;0;0;0;0;0;0;0;0;0;0;0;0
FR;8;2022-06-22;0;0;0;0;0;0;0;0;0;0;0;0;0;0;0;0;0;0
FR;8;2022-06-23;0;0;0;0;0;0;0;0;0;0;0;0;0;0;0;0;0;0
FR;8;2022-06-24;0;0;0;0;0;0;0;0;0;0;0;0;0;0;0;0;0;0
FR;8;2022-06-25;0;0;0;0;0;0;0;0;0;0;0;0;0;0;0;0;0;0
FR;8;2022-06-26;0;0;0;0;0;0;0;0;0;0;0;0;0;0;0;0;0;0
FR;8;2022-06-27;0;0;0;0;0;0;0;0;0;0;0;0;0;0;0;0;0;0
FR;8;2022-06-28;0;0;0;0;0;0;0;0;0;0;0;0;0;0;0;0;0;0
FR;8;2022-06-29;0;0;0;0;0;0;0;0;0;0;0;0;0;0;0;0;0;0
FR;8;2022-06-30;0;0;0;0;0;0;0;0;0;0;0;0;0;0;0;0;0;0
FR;8;2022-07-01;0;0;0;0;0;0;0;0;0;0;0;0;0;0;0;0;0;0
FR;8;2022-07-02;0;0;0;0;0;0;0;0;0;0;0;0;0;0;0;0;0;0
FR;8;2022-07-03;0;0;0;0;0;0;0;0;0;0;0;0;0;0;0;0;0;0
FR;8;2022-07-04;0;0;0;0;0;0;0;0;0;0;0;0;0;0;0;0;0;0
FR;8;2022-07-05;0;0;0;0;0;0;0;0;0;0;0;0;0;0;0;0;0;0
FR;8;2022-07-06;0;0;0;0;0;0;0;0;0;0;0;0;0;0;0;0;0;0
FR;8;2022-07-07;0;0;0;0;0;0;0;0;0;0;0;0;0;0;0;0;0;0
FR;8;2022-07-08;0;0;0;0;0;0;0;0;0;0;0;0;0;0;0;0;0;0
FR;8;2022-07-09;0;0;0;0;0;0;0;0;0;0;0;0;0;0;0;0;0;0
FR;8;2022-07-10;0;0;0;0;0;0;0;0;0;0;0;0;0;0;0;0;0;0
FR;8;2022-07-11;0;0;0;0;0;0;0;0;0;0;0;0;0;0;0;0;0;0
FR;8;2022-07-12;0;0;0;0;0;0;0;0;0;0;0;0;0;0;0;0;0;0
FR;8;2022-07-13;0;0;0;0;0;0;0;0;0;0;0;0;0;0;0;0;0;0
FR;8;2022-07-14;0;0;0;0;0;0;0;0;0;0;0;0;0;0;0;0;0;0
FR;8;2022-07-15;0;0;0;0;0;0;0;0;0;0;0;0;0;0;0;0;0;0
FR;8;2022-07-16;0;0;0;0;0;0;0;0;0;0;0;0;0;0;0;0;0;0
FR;8;2022-07-17;0;0;0;0;0;0;0;0;0;0;0;0;0;0;0;0;0;0
FR;8;2022-07-18;0;0;0;0;0;0;0;0;0;0;0;0;0;0;0;0;0;0
FR;8;2022-07-19;0;0;0;0;0;0;0;0;0;0;0;0;0;0;0;0;0;0
FR;8;2022-07-20;0;0;0;0;0;0;0;0;0;0;0;0;0;0;0;0;0;0
FR;8;2022-07-21;0;0;0;0;0;0;0;0;0;0;0;0;0;0;0;0;0;0
FR;8;2022-07-22;0;0;0;0;0;0;0;0;0;0;0;0;0;0;0;0;0;0
FR;8;2022-07-23;0;0;0;0;0;0;0;0;0;0;0;0;0;0;0;0;0;0
FR;8;2022-07-24;0;0;0;0;0;0;0;0;0;0;0;0;0;0;0;0;0;0
FR;8;2022-07-25;0;0;0;0;0;0;0;0;0;0;0;0;0;0;0;0;0;0
FR;8;2022-07-26;0;0;0;0;0;0;0;0;0;0;0;0;0;0;0;0;0;0
FR;8;2022-07-27;0;0;0;0;0;0;0;0;0;0;0;0;0;0;0;0;0;0
FR;8;2022-07-28;0;0;0;0;0;0;0;0;0;0;0;0;0;0;0;0;0;0
FR;8;2022-07-29;0;0;0;0;0;0;0;0;0;0;0;0;0;0;0;0;0;0
FR;8;2022-07-30;0;0;0;0;0;0;0;0;0;0;0;0;0;0;0;0;0;0
FR;8;2022-07-31;0;0;0;0;0;0;0;0;0;0;0;0;0;0;0;0;0;0
FR;8;2022-08-01;0;0;0;0;0;0;0;0;0;0;0;0;0;0;0;0;0;0
FR;8;2022-08-02;0;0;0;0;0;0;0;0;0;0;0;0;0;0;0;0;0;0
FR;8;2022-08-03;0;0;0;0;0;0;0;0;0;0;0;0;0;0;0;0;0;0
FR;8;2022-08-04;0;0;0;0;0;0;0;0;0;0;0;0;0;0;0;0;0;0
FR;8;2022-08-05;0;0;0;0;0;0;0;0;0;0;0;0;0;0;0;0;0;0
FR;8;2022-08-06;0;0;0;0;0;0;0;0;0;0;0;0;0;0;0;0;0;0
FR;8;2022-08-07;0;0;0;0;0;0;0;0;0;0;0;0;0;0;0;0;0;0
FR;8;2022-08-08;0;0;0;0;0;0;0;0;0;0;0;0;0;0;0;0;0;0
FR;8;2022-08-09;0;0;0;0;0;0;0;0;0;0;0;0;0;0;0;0;0;0
FR;8;2022-08-10;0;0;0;0;0;0;0;0;0;0;0;0;0;0;0;0;0;0
FR;8;2022-08-11;0;0;0;0;0;0;0;0;0;0;0;0;0;0;0;0;0;0
FR;8;2022-08-12;0;0;0;0;0;0;0;0;0;0;0;0;0;0;0;0;0;0
FR;8;2022-08-13;0;0;0;0;0;0;0;0;0;0;0;0;0;0;0;0;0;0
FR;8;2022-08-14;0;0;0;0;0;0;0;0;0;0;0;0;0;0;0;0;0;0
FR;8;2022-08-15;0;0;0;0;0;0;0;0;0;0;0;0;0;0;0;0;0;0
FR;8;2022-08-16;0;0;0;0;0;0;0;0;0;0;0;0;0;0;0;0;0;0
FR;8;2022-08-17;0;0;0;0;0;0;0;0;0;0;0;0;0;0;0;0;0;0
FR;8;2022-08-18;0;0;0;0;0;0;0;0;0;0;0;0;0;0;0;0;0;0
FR;8;2022-08-19;0;0;0;0;0;0;0;0;0;0;0;0;0;0;0;0;0;0
FR;8;2022-08-20;0;0;0;0;0;0;0;0;0;0;0;0;0;0;0;0;0;0
FR;8;2022-08-21;0;0;0;0;0;0;0;0;0;0;0;0;0;0;0;0;0;0
FR;8;2022-08-22;0;0;0;0;0;0;0;0;0;0;0;0;0;0;0;0;0;0
FR;8;2022-08-23;0;0;0;0;0;0;0;0;0;0;0;0;0;0;0;0;0;0
FR;8;2022-08-24;0;0;0;0;0;0;0;0;0;0;0;0;0;0;0;0;0;0
FR;8;2022-08-25;0;0;0;0;0;0;0;0;0;0;0;0;0;0;0;0;0;0
FR;8;2022-08-26;0;0;0;0;0;0;0;0;0;0;0;0;0;0;0;0;0;0
FR;8;2022-08-27;0;0;0;0;0;0;0;0;0;0;0;0;0;0;0;0;0;0
FR;8;2022-08-28;0;0;0;0;0;0;0;0;0;0;0;0;0;0;0;0;0;0
FR;8;2022-08-29;0;0;0;0;0;0;0;0;0;0;0;0;0;0;0;0;0;0
FR;8;2022-08-30;0;0;0;0;0;0;0;0;0;0;0;0;0;0;0;0;0;0
FR;8;2022-08-31;0;0;0;0;0;0;0;0;0;0;0;0;0;0;0;0;0;0
FR;8;2022-09-01;0;0;0;0;0;0;0;0;0;0;0;0;0;0;0;0;0;0
FR;8;2022-09-02;0;0;0;0;0;0;0;0;0;0;0;0;0;0;0;0;0;0
FR;8;2022-09-03;0;0;0;0;0;0;0;0;0;0;0;0;0;0;0;0;0;0
FR;8;2022-09-04;0;0;0;0;0;0;0;0;0;0;0;0;0;0;0;0;0;0
FR;8;2022-09-05;0;0;0;0;0;0;0;0;0;0;0;0;0;0;0;0;0;0
FR;8;2022-09-06;0;0;0;0;0;0;0;0;0;0;0;0;0;0;0;0;0;0
FR;8;2022-09-07;0;0;0;0;0;0;0;0;0;0;0;0;0;0;0;0;0;0
FR;8;2022-09-08;0;0;0;0;0;0;0;0;0;0;0;0;0;0;0;0;0;0
FR;8;2022-09-09;0;0;0;0;0;0;0;0;0;0;0;0;0;0;0;0;0;0
FR;8;2022-09-10;0;0;0;0;0;0;0;0;0;0;0;0;0;0;0;0;0;0
FR;8;2022-09-11;0;0;0;0;0;0;0;0;0;0;0;0;0;0;0;0;0;0
FR;8;2022-09-12;0;0;0;0;0;0;0;0;0;0;0;0;0;0;0;0;0;0
FR;8;2022-09-13;0;0;0;0;0;0;0;0;0;0;0;0;0;0;0;0;0;0
FR;8;2022-09-14;0;0;0;0;0;0;0;0;0;0;0;0;0;0;0;0;0;0
FR;8;2022-09-15;0;0;0;0;0;0;0;0;0;0;0;0;0;0;0;0;0;0
FR;8;2022-09-16;0;0;0;0;0;0;0;0;0;0;0;0;0;0;0;0;0;0
FR;8;2022-09-17;0;0;0;0;0;0;0;0;0;0;0;0;0;0;0;0;0;0
FR;8;2022-09-18;0;0;0;0;0;0;0;0;0;0;0;0;0;0;0;0;0;0
FR;8;2022-09-19;0;0;0;0;0;0;0;0;0;0;0;0;0;0;0;0;0;0
FR;8;2022-09-20;0;0;0;0;0;0;0;0;0;0;0;0;0;0;0;0;0;0
FR;8;2022-09-21;0;0;0;0;0;0;0;0;0;0;0;0;0;0;0;0;0;0
FR;8;2022-09-22;0;0;0;0;0;0;0;0;0;0;0;0;0;0;0;0;0;0
FR;8;2022-09-23;0;0;0;0;0;0;0;0;0;0;0;0;0;0;0;0;0;0
FR;8;2022-09-24;0;0;0;0;0;0;0;0;0;0;0;0;0;0;0;0;0;0
FR;8;2022-09-25;0;0;0;0;0;0;0;0;0;0;0;0;0;0;0;0;0;0
FR;8;2022-09-26;0;0;0;0;0;0;0;0;0;0;0;0;0;0;0;0;0;0
FR;8;2022-09-27;0;0;0;0;0;0;0;0;0;0;0;0;0;0;0;0;0;0
FR;8;2022-09-28;0;0;0;0;0;0;0;0;0;0;0;0;0;0;0;0;0;0
FR;8;2022-09-29;0;0;0;0;0;0;0;0;0;0;0;0;0;0;0;0;0;0
FR;8;2022-09-30;0;0;0;0;0;0;0;0;0;0;0;0;0;0;0;0;0;0
FR;8;2022-10-01;0;0;0;0;0;0;0;0;0;0;0;0;0;0;0;0;0;0
FR;8;2022-10-02;0;0;0;0;0;0;0;0;0;0;0;0;0;0;0;0;0;0
FR;8;2022-10-03;0;0;0;0;0;0;0;0;0;0;0;0;0;0;0;0;0;0
FR;8;2022-10-04;0;0;0;0;0;0;0;0;0;0;0;0;0;0;0;0;0;0
FR;8;2022-10-05;0;0;0;0;0;0;0;0;0;0;0;0;0;0;0;0;0;0
FR;8;2022-10-06;10;17;113;860;8;83;865;1058;110;10;17;113;860;8;83;865;1058;110
FR;8;2022-10-07;72;101;842;8012;62;699;8066;9845;1073;82;118;955;8872;70;782;8931;10903;1183
FR;8;2022-10-08;34;115;610;4057;50;516;4109;5310;676;116;233;1565;12929;120;1298;13040;16213;1859
FR;8;2022-10-09;17;22;145;885;13;132;913;1234;185;133;255;1710;13814;133;1430;13953;17447;2044
FR;8;2022-10-10;119;192;1344;12682;106;1028;12921;16221;2251;252;447;3054;26496;239;2458;26874;33668;4295
FR;8;2022-10-11;182;262;2476;26922;135;2011;27193;33958;4717;434;709;5530;53418;374;4469;54067;67626;9012
FR;8;2022-10-12;155;256;1831;18235;150;1441;18471;23470;3534;589;965;7361;71653;524;5910;72538;91096;12546
FR;8;2022-10-13;206;280;2510;28068;177;1903;28432;35569;5206;795;1245;9871;99721;701;7813;100970;126665;17752
FR;8;2022-10-14;256;419;3271;36243;241;2556;36668;45570;6304;1051;1664;13142;135964;942;10369;137638;172235;24056
FR;8;2022-10-15;102;182;1203;8804;79;1001;8931;11782;1830;1153;1846;14345;144768;1021;11370;146569;184017;25886
FR;8;2022-10-16;34;54;248;1522;26;215;1557;2179;402;1187;1900;14593;146290;1047;11585;148126;186196;26288
FR;8;2022-10-17;157;310;2097;21774;174;1624;22082;28262;4534;1344;2210;16690;168064;1221;13209;170208;214458;30822
FR;8;2022-10-18;269;348;3355;37853;225;2653;38236;50777;9815;1613;2558;20045;205917;1446;15862;208444;265235;40637
FR;8;2022-10-19;197;313;2627;28293;182;2185;28610;38698;7842;1810;2871;22672;234210;1628;18047;237054;303933;48479
FR;8;2022-10-20;251;365;3577;41177;225;2652;41786;55674;11151;2061;3236;26249;275387;1853;20699;278840;359607;59630
FR;8;2022-10-21;325;489;4454;49397;276;3470;49994;66271;12710;2386;3725;30703;324784;2129;24169;328834;425878;72340
FR;8;2022-10-22;124;168;1230;10661;111;927;10849;14742;2948;2510;3893;31933;335445;2240;25096;339683;440620;75288
FR;8;2022-10-23;49;53;266;1761;48;197;1840;2609;571;2559;3946;32199;337206;2288;25293;341523;443229;75859
FR;8;2022-10-24;230;311;2475;24039;173;2074;24337;33543;7081;2789;4257;34674;361245;2461;27367;365860;476772;82940
FR;8;2022-10-25;306;413;4080;43435;256;3133;44035;61263;13992;3095;4670;38754;404680;2717;30500;409895;538035;96932
FR;8;2022-10-26;226;342;2873;28712;184;2371;28989;41355;9907;3321;5012;41627;433392;2901;32871;438884;579390;106839
FR;8;2022-10-27;275;415;3323;36170;242;2631;36644;51207;11867;3596;5427;44950;469562;3143;35502;475528;630597;118706
FR;8;2022-10-28;326;465;3829;39472;257;2863;40198;55123;11993;3922;5892;48779;509034;3400;38365;515726;685720;130699
FR;8;2022-10-29;111;165;1074;8227;94;803;8371;11858;2667;4033;6057;49853;517261;3494;39168;524097;697578;133366
FR;8;2022-10-30;40;53;209;1343;38;180;1388;2057;485;4073;6110;50062;518604;3532;39348;525485;699635;133851
FR;8;2022-10-31;196;256;1660;14535;140;1274;14799;21148;5057;4269;6366;51722;533139;3672;40622;540284;720783;138908
FR;8;2022-11-01;26;41;133;954;23;167;970;1594;455;4295;6407;51855;534093;3695;40789;541254;722377;139363
FR;8;2022-11-02;194;368;2372;23295;204;1971;23693;35015;9284;4489;6775;54227;557388;3899;42760;564947;757392;148647
FR;8;2022-11-03;308;416;3484;36931;255;2604;37570;54611;14338;4797;7191;57711;594319;4154;45364;602517;812003;162985
FR;8;2022-11-04;355;494;3781;40195;258;2972;40714;57964;14167;5152;7685;61492;634514;4412;48336;643231;869967;177152
FR;8;2022-11-05;113;183;1102;8765;117;850;8931;12884;3068;5265;7868;62594;643279;4529;49186;652162;882851;180220
FR;8;2022-11-06;45;56;224;1408;38;205;1441;2249;593;5310;7924;62818;644687;4567;49391;653603;885100;180813
FR;8;2022-11-07;230;277;2321;24817;202;1793;25404;37585;10320;5540;8201;65139;669504;4769;51184;679007;922685;191133
FR;8;2022-11-08;342;503;4337;48369;303;3264;49347;71543;18770;5882;8704;69476;717873;5072;54448;728354;994228;209903
FR;8;2022-11-09;262;367;2877;29167;209;2260;29851;44444;12249;6144;9071;72353;747040;5281;56708;758205;1038672;222152
FR;8;2022-11-10;366;530;3948;40228;302;3016;41143;60453;16154;6510;9601;76301;787268;5583;59724;799348;1099125;238306
FR;8;2022-11-11;39;62;243;1479;31;204;1525;2666;924;6549;9663;76544;788747;5614;59928;800873;1101791;239230
FR;8;2022-11-12;85;165;881;6431;79;686;6635;9892;2552;6634;9828;77425;795178;5693;60614;807508;1111683;241782
FR;8;2022-11-13;36;54;212;1109;35;172;1161;1922;583;6670;9882;77637;796287;5728;60786;808669;1113605;242365
FR;8;2022-11-14;229;305;2239;22427;166;1719;22974;35031;10264;6899;10187;79876;818714;5894;62505;831643;1148636;252629
FR;8;2022-11-15;339;421;3759;42315;254;2861;43222;64736;18521;7238;10608;83635;861029;6148;65366;874865;1213372;271150
FR;8;2022-11-16;300;349;2621;26518;217;2156;26992;41721;12488;7538;10957;86256;887547;6365;67522;901857;1255093;283638
FR;8;2022-11-17;366;428;3381;36844;289;2613;37424;56616;16480;7904;11385;89637;924391;6654;70135;939281;1311709;300118
FR;8;2022-11-18;342;462;4067;42276;283;2971;43128;63605;17402;8246;11847;93704;966667;6937;73106;982409;1375314;317520
FR;8;2022-11-19;121;179;1199;8970;116;844;9150;13823;3791;8367;12026;94903;975637;7053;73950;991559;1389137;321311
FR;8;2022-11-20;33;49;260;1584;33;217;1651;2649;777;8400;12075;95163;977221;7086;74167;993210;1391786;322088
FR;8;2022-11-21;215;302;2073;20059;177;1588;20579;32017;9783;8615;12377;97236;997280;7263;75755;1013789;1423803;331871
FR;8;2022-11-22;336;406;3464;37516;248;2663;38035;58046;17237;8951;12783;100700;1034796;7511;78418;1051824;1481849;349108
FR;8;2022-11-23;227;320;2410;24417;184;2013;24847;39161;12219;9178;13103;103110;1059213;7695;80431;1076671;1521010;361327
FR;8;2022-11-24;346;384;3367;34849;231;2577;35542;55266;17048;9524;13487;106477;1094062;7926;83008;1112213;1576276;378375
FR;8;2022-11-25;309;421;3630;37726;282;2620;38522;57816;16550;9833;13908;110107;1131788;8208;85628;1150735;1634092;394925
FR;8;2022-11-26;170;194;1176;8812;126;897;8969;13680;3783;10003;14102;111283;1140600;8334;86525;1159704;1647772;398708
FR;8;2022-11-27;45;43;227;1545;36;180;1561;2472;721;10048;14145;111510;1142145;8370;86705;1161265;1650244;399429
FR;8;2022-11-28;182;298;2303;23331;169;1693;23994;37240;11479;10230;14443;113813;1165476;8539;88398;1185259;1687484;410908
FR;8;2022-11-29;293;428;3967;44020;217;2942;44695;69041;21281;10523;14871;117780;1209496;8756;91340;1229954;1756525;432189
FR;8;2022-11-30;279;409;3367;34851;225;2541;35595;54651;16397;10802;15280;121147;1244347;8981;93881;1265549;1811176;448586
FR;8;2022-12-01;330;472;4466;49260;269;3116;50036;77465;24150;11132;15752;125613;1293607;9250;96997;1315585;1888641;472736
FR;8;2022-12-02;406;515;5429;58370;301;3734;59543;89676;26210;11538;16267;131042;1351977;9551;100731;1375128;1978317;498946
FR;8;2022-12-03;175;215;1912;16833;107;1322;17246;25799;7195;11713;16482;132954;1368810;9658;102053;1392374;2004116;506141
FR;8;2022-12-04;53;90;488;4049;59;403;4109;6276;1752;11766;16572;133442;1372859;9717;102456;1396483;2010392;507893
FR;8;2022-12-05;276;398;3832;42294;242;2497;43218;66741;20877;12042;16970;137274;1415153;9959;104953;1439701;2077133;528770
FR;8;2022-12-06;420;541;6294;74259;301;4209;75678;117749;37617;12462;17511;143568;1489412;10260;109162;1515379;2194882;566387
FR;8;2022-12-07;359;428;4903;54988;259;3232;56078;87628;28123;12821;17939;148471;1544400;10519;112394;1571457;2282510;594510
FR;8;2022-12-08;452;530;6438;75378;289;4183;76961;120313;38908;13273;18469;154909;1619778;10808;116577;1648418;2402823;633418
FR;8;2022-12-09;543;601;8007;90848;353;5201;92607;142862;44787;13816;19070;162916;1710626;11161;121778;1741025;2545685;678205
FR;8;2022-12-10;261;299;3337;31699;165;2087;32545;48715;13992;14077;19369;166253;1742325;11326;123865;1773570;2594400;692197
FR;8;2022-12-11;89;104;932;7864;66;640;8081;11885;3144;14166;19473;167185;1750189;11392;124505;1781651;2606285;695341
FR;8;2022-12-12;351;455;5842;64254;248;3710;65777;103193;33509;14517;19928;173027;1814443;11640;128215;1847428;2709478;728850
FR;8;2022-12-13;528;603;8417;99009;349;5187;101433;159959;53006;15045;20531;181444;1913452;11989;133402;1948861;2869437;781856
FR;8;2022-12-14;448;529;6346;69967;304;4194;71518;113249;37268;15493;21060;187790;1983419;12293;137596;2020379;2982686;819124
FR;8;2022-12-15;489;640;8135;91607;357;5115;93826;148938;49659;15982;21700;195925;2075026;12650;142711;2114205;3131624;868783
FR;8;2022-12-16;575;706;8849;100162;381;5691;102283;161652;53303;16557;22406;204774;2175188;13031;148402;2216488;3293276;922086
FR;8;2022-12-17;231;308;3143;30020;187;2002;30794;46722;13821;16788;22714;207917;2205208;13218;150404;2247282;3339998;935907
FR;8;2022-12-18;63;91;730;5969;46;498;6116;9284;2641;16851;22805;208647;2211177;13264;150902;2253398;3349282;938548
FR;8;2022-12-19;399;453;5337;53713;265;3361;55274;87646;28829;17250;23258;213984;2264890;13529;154263;2308672;3436928;967377
FR;8;2022-12-20;554;574;7340;76432;342;4745;78532;126870;43266;17804;23832;221324;2341322;13871;159008;2387204;3563798;1010643
FR;8;2022-12-21;416;478;4952;48690;285;3306;49980;81541;28059;18220;24310;226276;2390012;14156;162314;2437184;3645339;1038702
FR;8;2022-12-22;458;519;4564;44142;311;3144;45356;74478;25824;18678;24829;230840;2434154;14467;165458;2482540;3719817;1064526
FR;8;2022-12-23;310;386;2882;24978;249;2071;25644;42176;14345;18988;25215;233722;2459132;14716;167529;2508184;3761993;1078871
FR;8;2022-12-24;68;69;395;2549;40;295;2663;4147;1172;19056;25284;234117;2461681;14756;167824;2510847;3766140;1080043
FR;8;2022-12-25;29;27;104;540;21;81;560;901;257;19085;25311;234221;2462221;14777;167905;2511407;3767041;1080300
FR;8;2022-12-26;241;272;2154;16043;173;1496;16672;26730;8467;19326;25583;236375;2478264;14950;169401;2528079;3793771;1088767
FR;8;2022-12-27;384;451;3759;32367;260;2523;33461;55209;19078;19710;26034;240134;2510631;15210;171924;2561540;3848980;1107845
FR;8;2022-12-28;342;339;2926;24607;189;2041;25196;41640;14284;20052;26373;243060;2535238;15399;173965;2586736;3890620;1122129
FR;8;2022-12-29;295;403;3151;25480;222;2175;26431;43883;15149;20347;26776;246211;2560718;15621;176140;2613167;3934503;1137278
FR;8;2022-12-30;292;338;2437;18625;209;1694;19264;31615;10550;20639;27114;248648;2579343;15830;177834;2632431;3966118;1147828
FR;8;2022-12-31;92;117;452;2950;75;363;3096;4741;1262;20731;27231;249100;2582293;15905;178197;2635527;3970859;1149090
FR;8;2023-01-01;15;30;112;658;14;84;682;991;224;20746;27261;249212;2582951;15919;178281;2636209;3971850;1149314
FR;8;2023-01-02;259;394;2255;18186;229;1599;18648;31979;11647;21005;27655;251467;2601137;16148;179880;2654857;4003829;1160961
FR;8;2023-01-03;457;533;4230;42737;310;2886;43650;80669;33812;21462;28188;255697;2643874;16458;182766;2698507;4084498;1194773
FR;8;2023-01-04;407;463;3480;29897;284;2403;30635;58051;24827;21869;28651;259177;2673771;16742;185169;2729142;4142549;1219600
FR;8;2023-01-05;491;585;4346;41654;390;2895;42521;81610;35874;22360;29236;263523;2715425;17132;188064;2771663;4224159;1255474
FR;8;2023-01-06;502;663;5084;46606;399;3323;47615;89386;38122;22862;29899;268607;2762031;17531;191387;2819278;4313545;1293596
FR;8;2023-01-07;215;287;1682;12269;176;1183;12576;22265;8406;23077;30186;270289;2774300;17707;192570;2831854;4335810;1302002
FR;8;2023-01-08;68;104;439;2725;63;309;2819;5038;1893;23145;30290;270728;2777025;17770;192879;2834673;4340848;1303895
FR;8;2023-01-09;388;473;2597;21367;303;1819;21940;44291;20313;23533;30763;273325;2798392;18073;194698;2856613;4385139;1324208
FR;8;2023-01-10;446;604;4322;39944;365;3043;40743;84543;40378;23979;31367;277647;2838336;18438;197741;2897356;4469682;1364586
FR;8;2023-01-11;339;448;2914;23985;276;2087;24484;51105;24247;24318;31815;280561;2862321;18714;199828;2921840;4520787;1388833
FR;8;2023-01-12;398;533;3620;32976;322;2537;33579;70351;33867;24716;32348;284181;2895297;19036;202365;2955419;4591138;1422700
FR;8;2023-01-13;437;576;4024;34744;335;2834;35337;72550;34001;25153;32924;288205;2930041;19371;205199;2990756;4663688;1456701
FR;8;2023-01-14;174;221;1330;8816;117;946;8998;17103;7079;25327;33145;289535;2938857;19488;206145;2999754;4680791;1463780
FR;8;2023-01-15;55;83;326;1463;51;240;1560;3121;1309;25382;33228;289861;2940320;19539;206385;3001314;4683912;1465089
FR;8;2023-01-16;256;333;1974;15619;198;1407;15889;34871;17374;25638;33561;291835;2955939;19737;207792;3017203;4718783;1482463
FR;8;2023-01-17;345;441;3213;27903;271;2281;28387;63942;32869;25983;34002;295048;2983842;20008;210073;3045590;4782725;1515332
FR;8;2023-01-18;250;389;2151;16594;228;1634;16834;37781;19062;26233;34391;297199;3000436;20236;211707;3062424;4820506;1534394
FR;8;2023-01-19;337;403;2631;22048;237;1915;22390;50636;25970;26570;34794;299830;3022484;20473;213622;3084814;4871142;1560364
FR;8;2023-01-20;389;488;3106;24428;292;2280;24930;55713;28126;26959;35282;302936;3046912;20765;215902;3109744;4926855;1588490
FR;8;2023-01-21;136;183;987;6052;99;715;6174;12733;5750;27095;35465;303923;3052964;20864;216617;3115918;4939588;1594240
FR;8;2023-01-22;29;46;147;793;20;129;837;1771;791;27124;35511;304070;3053757;20884;216746;3116755;4941359;1595031
FR;8;2023-01-23;204;284;1558;10468;154;1119;10695;26208;14151;27328;35795;305628;3064225;21038;217865;3127450;4967567;1609182
FR;8;2023-01-24;301;386;2288;19522;218;1727;19712;48585;26737;27629;36181;307916;3083747;21256;219592;3147162;5016152;1635919
FR;8;2023-01-25;231;356;1710;11720;215;1262;12097;29023;15411;27860;36537;309626;3095467;21471;220854;3159259;5045175;1651330
FR;8;2023-01-26;264;338;2044;15583;215;1451;15761;38895;21357;28124;36875;311670;3111050;21686;222305;3175020;5084070;1672687
FR;9;2020-12-27;0;0;0;0;0;0;0;0;0;0;0;0;0;0;0;0;0;0
FR;9;2020-12-28;0;0;0;0;0;0;0;0;0;0;0;0;0;0;0;0;0;0
FR;9;2020-12-29;0;0;0;0;0;0;0;0;0;0;0;0;0;0;0;0;0;0
FR;9;2020-12-30;0;0;0;0;0;0;0;0;0;0;0;0;0;0;0;0;0;0
FR;9;2020-12-31;0;0;0;0;0;0;0;0;0;0;0;0;0;0;0;0;0;0
FR;9;2021-01-01;0;0;0;0;0;0;0;0;0;0;0;0;0;0;0;0;0;0
FR;9;2021-01-02;0;0;0;0;0;0;0;0;0;0;0;0;0;0;0;0;0;0
FR;9;2021-01-03;0;0;0;0;0;0;0;0;0;0;0;0;0;0;0;0;0;0
FR;9;2021-01-04;0;0;0;0;0;0;0;0;0;0;0;0;0;0;0;0;0;0
FR;9;2021-01-05;0;0;0;0;0;0;0;0;0;0;0;0;0;0;0;0;0;0
FR;9;2021-01-06;0;0;0;0;0;0;0;0;0;0;0;0;0;0;0;0;0;0
FR;9;2021-01-07;0;0;0;0;0;0;0;0;0;0;0;0;0;0;0;0;0;0
FR;9;2021-01-08;0;0;0;0;0;0;0;0;0;0;0;0;0;0;0;0;0;0
FR;9;2021-01-09;0;0;0;0;0;0;0;0;0;0;0;0;0;0;0;0;0;0
FR;9;2021-01-10;0;0;0;0;0;0;0;0;0;0;0;0;0;0;0;0;0;0
FR;9;2021-01-11;0;0;0;0;0;0;0;0;0;0;0;0;0;0;0;0;0;0
FR;9;2021-01-12;0;0;0;0;0;0;0;0;0;0;0;0;0;0;0;0;0;0
FR;9;2021-01-13;0;0;0;0;0;0;0;0;0;0;0;0;0;0;0;0;0;0
FR;9;2021-01-14;0;0;0;0;0;0;0;0;0;0;0;0;0;0;0;0;0;0
FR;9;2021-01-15;0;0;0;0;0;0;0;0;0;0;0;0;0;0;0;0;0;0
FR;9;2021-01-16;0;0;0;0;0;0;0;0;0;0;0;0;0;0;0;0;0;0
FR;9;2021-01-17;0;0;0;0;0;0;0;0;0;0;0;0;0;0;0;0;0;0
FR;9;2021-01-18;0;0;0;0;0;0;0;0;0;0;0;0;0;0;0;0;0;0
FR;9;2021-01-19;0;0;0;0;0;0;0;0;0;0;0;0;0;0;0;0;0;0
FR;9;2021-01-20;0;0;0;0;0;0;0;0;0;0;0;0;0;0;0;0;0;0
FR;9;2021-01-21;0;0;0;0;0;0;0;0;0;0;0;0;0;0;0;0;0;0
FR;9;2021-01-22;0;0;0;0;0;0;0;0;0;0;0;0;0;0;0;0;0;0
FR;9;2021-01-23;0;0;0;0;0;0;0;0;0;0;0;0;0;0;0;0;0;0
FR;9;2021-01-24;0;0;0;0;0;0;0;0;0;0;0;0;0;0;0;0;0;0
FR;9;2021-01-25;0;0;0;0;0;0;0;0;0;0;0;0;0;0;0;0;0;0
FR;9;2021-01-26;0;0;0;0;0;0;0;0;0;0;0;0;0;0;0;0;0;0
FR;9;2021-01-27;0;0;0;0;0;0;0;0;0;0;0;0;0;0;0;0;0;0
FR;9;2021-01-28;0;0;0;0;0;0;0;0;0;0;0;0;0;0;0;0;0;0
FR;9;2021-01-29;0;0;0;0;0;0;0;0;0;0;0;0;0;0;0;0;0;0
FR;9;2021-01-30;0;0;0;0;0;0;0;0;0;0;0;0;0;0;0;0;0;0
FR;9;2021-01-31;0;0;0;0;0;0;0;0;0;0;0;0;0;0;0;0;0;0
FR;9;2021-02-01;0;0;0;0;0;0;0;0;0;0;0;0;0;0;0;0;0;0
FR;9;2021-02-02;0;0;0;0;0;0;0;0;0;0;0;0;0;0;0;0;0;0
FR;9;2021-02-03;0;0;0;0;0;0;0;0;0;0;0;0;0;0;0;0;0;0
FR;9;2021-02-04;0;0;0;0;0;0;0;0;0;0;0;0;0;0;0;0;0;0
FR;9;2021-02-05;0;0;0;0;0;0;0;0;0;0;0;0;0;0;0;0;0;0
FR;9;2021-02-06;0;0;0;0;0;0;0;0;0;0;0;0;0;0;0;0;0;0
FR;9;2021-02-07;0;0;0;0;0;0;0;0;0;0;0;0;0;0;0;0;0;0
FR;9;2021-02-08;0;0;0;0;0;0;0;0;0;0;0;0;0;0;0;0;0;0
FR;9;2021-02-09;0;0;0;0;0;0;0;0;0;0;0;0;0;0;0;0;0;0
FR;9;2021-02-10;0;0;0;0;0;0;0;0;0;0;0;0;0;0;0;0;0;0
FR;9;2021-02-11;0;0;0;0;0;0;0;0;0;0;0;0;0;0;0;0;0;0
FR;9;2021-02-12;0;0;0;0;0;0;0;0;0;0;0;0;0;0;0;0;0;0
FR;9;2021-02-13;0;0;0;0;0;0;0;0;0;0;0;0;0;0;0;0;0;0
FR;9;2021-02-14;0;0;0;0;0;0;0;0;0;0;0;0;0;0;0;0;0;0
FR;9;2021-02-15;0;0;0;0;0;0;0;0;0;0;0;0;0;0;0;0;0;0
FR;9;2021-02-16;0;0;0;0;0;0;0;0;0;0;0;0;0;0;0;0;0;0
FR;9;2021-02-17;0;0;0;0;0;0;0;0;0;0;0;0;0;0;0;0;0;0
FR;9;2021-02-18;0;0;0;0;0;0;0;0;0;0;0;0;0;0;0;0;0;0
FR;9;2021-02-19;0;0;0;0;0;0;0;0;0;0;0;0;0;0;0;0;0;0
FR;9;2021-02-20;0;0;0;0;0;0;0;0;0;0;0;0;0;0;0;0;0;0
FR;9;2021-02-21;0;0;0;0;0;0;0;0;0;0;0;0;0;0;0;0;0;0
FR;9;2021-02-22;0;0;0;0;0;0;0;0;0;0;0;0;0;0;0;0;0;0
FR;9;2021-02-23;0;0;0;0;0;0;0;0;0;0;0;0;0;0;0;0;0;0
FR;9;2021-02-24;0;0;0;0;0;0;0;0;0;0;0;0;0;0;0;0;0;0
FR;9;2021-02-25;0;0;0;0;0;0;0;0;0;0;0;0;0;0;0;0;0;0
FR;9;2021-02-26;0;0;0;0;0;0;0;0;0;0;0;0;0;0;0;0;0;0
FR;9;2021-02-27;0;0;0;0;0;0;0;0;0;0;0;0;0;0;0;0;0;0
FR;9;2021-02-28;0;0;0;0;0;0;0;0;0;0;0;0;0;0;0;0;0;0
FR;9;2021-03-01;0;0;0;0;0;0;0;0;0;0;0;0;0;0;0;0;0;0
FR;9;2021-03-02;0;0;0;0;0;0;0;0;0;0;0;0;0;0;0;0;0;0
FR;9;2021-03-03;0;0;0;0;0;0;0;0;0;0;0;0;0;0;0;0;0;0
FR;9;2021-03-04;0;0;0;0;0;0;0;0;0;0;0;0;0;0;0;0;0;0
FR;9;2021-03-05;0;0;0;0;0;0;0;0;0;0;0;0;0;0;0;0;0;0
FR;9;2021-03-06;0;0;0;0;0;0;0;0;0;0;0;0;0;0;0;0;0;0
FR;9;2021-03-07;0;0;0;0;0;0;0;0;0;0;0;0;0;0;0;0;0;0
FR;9;2021-03-08;0;0;0;0;0;0;0;0;0;0;0;0;0;0;0;0;0;0
FR;9;2021-03-09;0;0;0;0;0;0;0;0;0;0;0;0;0;0;0;0;0;0
FR;9;2021-03-10;0;0;0;0;0;0;0;0;0;0;0;0;0;0;0;0;0;0
FR;9;2021-03-11;0;0;0;0;0;0;0;0;0;0;0;0;0;0;0;0;0;0
FR;9;2021-03-12;0;0;0;0;0;0;0;0;0;0;0;0;0;0;0;0;0;0
FR;9;2021-03-13;0;0;0;0;0;0;0;0;0;0;0;0;0;0;0;0;0;0
FR;9;2021-03-14;0;0;0;0;0;0;0;0;0;0;0;0;0;0;0;0;0;0
FR;9;2021-03-15;0;0;0;0;0;0;0;0;0;0;0;0;0;0;0;0;0;0
FR;9;2021-03-16;0;0;0;0;0;0;0;0;0;0;0;0;0;0;0;0;0;0
FR;9;2021-03-17;0;0;0;0;0;0;0;0;0;0;0;0;0;0;0;0;0;0
FR;9;2021-03-18;0;0;0;0;0;0;0;0;0;0;0;0;0;0;0;0;0;0
FR;9;2021-03-19;0;0;0;0;0;0;0;0;0;0;0;0;0;0;0;0;0;0
FR;9;2021-03-20;0;0;0;0;0;0;0;0;0;0;0;0;0;0;0;0;0;0
FR;9;2021-03-21;0;0;0;0;0;0;0;0;0;0;0;0;0;0;0;0;0;0
FR;9;2021-03-22;0;0;0;0;0;0;0;0;0;0;0;0;0;0;0;0;0;0
FR;9;2021-03-23;0;0;0;0;0;0;0;0;0;0;0;0;0;0;0;0;0;0
FR;9;2021-03-24;0;0;0;0;0;0;0;0;0;0;0;0;0;0;0;0;0;0
FR;9;2021-03-25;0;0;0;0;0;0;0;0;0;0;0;0;0;0;0;0;0;0
FR;9;2021-03-26;0;0;0;0;0;0;0;0;0;0;0;0;0;0;0;0;0;0
FR;9;2021-03-27;0;0;0;0;0;0;0;0;0;0;0;0;0;0;0;0;0;0
FR;9;2021-03-28;0;0;0;0;0;0;0;0;0;0;0;0;0;0;0;0;0;0
FR;9;2021-03-29;0;0;0;0;0;0;0;0;0;0;0;0;0;0;0;0;0;0
FR;9;2021-03-30;0;0;0;0;0;0;0;0;0;0;0;0;0;0;0;0;0;0
FR;9;2021-03-31;0;0;0;0;0;0;0;0;0;0;0;0;0;0;0;0;0;0
FR;9;2021-04-01;0;0;0;0;0;0;0;0;0;0;0;0;0;0;0;0;0;0
FR;9;2021-04-02;0;0;0;0;0;0;0;0;0;0;0;0;0;0;0;0;0;0
FR;9;2021-04-03;0;0;0;0;0;0;0;0;0;0;0;0;0;0;0;0;0;0
FR;9;2021-04-04;0;0;0;0;0;0;0;0;0;0;0;0;0;0;0;0;0;0
FR;9;2021-04-05;0;0;0;0;0;0;0;0;0;0;0;0;0;0;0;0;0;0
FR;9;2021-04-06;0;0;0;0;0;0;0;0;0;0;0;0;0;0;0;0;0;0
FR;9;2021-04-07;0;0;0;0;0;0;0;0;0;0;0;0;0;0;0;0;0;0
FR;9;2021-04-08;0;0;0;0;0;0;0;0;0;0;0;0;0;0;0;0;0;0
FR;9;2021-04-09;0;0;0;0;0;0;0;0;0;0;0;0;0;0;0;0;0;0
FR;9;2021-04-10;0;0;0;0;0;0;0;0;0;0;0;0;0;0;0;0;0;0
FR;9;2021-04-11;0;0;0;0;0;0;0;0;0;0;0;0;0;0;0;0;0;0
FR;9;2021-04-12;0;0;0;0;0;0;0;0;0;0;0;0;0;0;0;0;0;0
FR;9;2021-04-13;0;0;0;0;0;0;0;0;0;0;0;0;0;0;0;0;0;0
FR;9;2021-04-14;0;0;0;0;0;0;0;0;0;0;0;0;0;0;0;0;0;0
FR;9;2021-04-15;0;0;0;0;0;0;0;0;0;0;0;0;0;0;0;0;0;0
FR;9;2021-04-16;0;0;0;0;0;0;0;0;0;0;0;0;0;0;0;0;0;0
FR;9;2021-04-17;0;0;0;0;0;0;0;0;0;0;0;0;0;0;0;0;0;0
FR;9;2021-04-18;0;0;0;0;0;0;0;0;0;0;0;0;0;0;0;0;0;0
FR;9;2021-04-19;0;0;0;0;0;0;0;0;0;0;0;0;0;0;0;0;0;0
FR;9;2021-04-20;0;0;0;0;0;0;0;0;0;0;0;0;0;0;0;0;0;0
FR;9;2021-04-21;0;0;0;0;0;0;0;0;0;0;0;0;0;0;0;0;0;0
FR;9;2021-04-22;0;0;0;0;0;0;0;0;0;0;0;0;0;0;0;0;0;0
FR;9;2021-04-23;0;0;0;0;0;0;0;0;0;0;0;0;0;0;0;0;0;0
FR;9;2021-04-24;0;0;0;0;0;0;0;0;0;0;0;0;0;0;0;0;0;0
FR;9;2021-04-25;0;0;0;0;0;0;0;0;0;0;0;0;0;0;0;0;0;0
FR;9;2021-04-26;0;0;0;0;0;0;0;0;0;0;0;0;0;0;0;0;0;0
FR;9;2021-04-27;0;0;0;0;0;0;0;0;0;0;0;0;0;0;0;0;0;0
FR;9;2021-04-28;0;0;0;0;0;0;0;0;0;0;0;0;0;0;0;0;0;0
FR;9;2021-04-29;0;0;0;0;0;0;0;0;0;0;0;0;0;0;0;0;0;0
FR;9;2021-04-30;0;0;0;0;0;0;0;0;0;0;0;0;0;0;0;0;0;0
FR;9;2021-05-01;0;0;0;0;0;0;0;0;0;0;0;0;0;0;0;0;0;0
FR;9;2021-05-02;0;0;0;0;0;0;0;0;0;0;0;0;0;0;0;0;0;0
FR;9;2021-05-03;0;0;0;0;0;0;0;0;0;0;0;0;0;0;0;0;0;0
FR;9;2021-05-04;0;0;0;0;0;0;0;0;0;0;0;0;0;0;0;0;0;0
FR;9;2021-05-05;0;0;0;0;0;0;0;0;0;0;0;0;0;0;0;0;0;0
FR;9;2021-05-06;0;0;0;0;0;0;0;0;0;0;0;0;0;0;0;0;0;0
FR;9;2021-05-07;0;0;0;0;0;0;0;0;0;0;0;0;0;0;0;0;0;0
FR;9;2021-05-08;0;0;0;0;0;0;0;0;0;0;0;0;0;0;0;0;0;0
FR;9;2021-05-09;0;0;0;0;0;0;0;0;0;0;0;0;0;0;0;0;0;0
FR;9;2021-05-10;0;0;0;0;0;0;0;0;0;0;0;0;0;0;0;0;0;0
FR;9;2021-05-11;0;0;0;0;0;0;0;0;0;0;0;0;0;0;0;0;0;0
FR;9;2021-05-12;0;0;0;0;0;0;0;0;0;0;0;0;0;0;0;0;0;0
FR;9;2021-05-13;0;0;0;0;0;0;0;0;0;0;0;0;0;0;0;0;0;0
FR;9;2021-05-14;0;0;0;0;0;0;0;0;0;0;0;0;0;0;0;0;0;0
FR;9;2021-05-15;0;0;0;0;0;0;0;0;0;0;0;0;0;0;0;0;0;0
FR;9;2021-05-16;0;0;0;0;0;0;0;0;0;0;0;0;0;0;0;0;0;0
FR;9;2021-05-17;0;0;0;0;0;0;0;0;0;0;0;0;0;0;0;0;0;0
FR;9;2021-05-18;0;0;0;0;0;0;0;0;0;0;0;0;0;0;0;0;0;0
FR;9;2021-05-19;0;0;0;0;0;0;0;0;0;0;0;0;0;0;0;0;0;0
FR;9;2021-05-20;0;0;0;0;0;0;0;0;0;0;0;0;0;0;0;0;0;0
FR;9;2021-05-21;0;0;0;0;0;0;0;0;0;0;0;0;0;0;0;0;0;0
FR;9;2021-05-22;0;0;0;0;0;0;0;0;0;0;0;0;0;0;0;0;0;0
FR;9;2021-05-23;0;0;0;0;0;0;0;0;0;0;0;0;0;0;0;0;0;0
FR;9;2021-05-24;0;0;0;0;0;0;0;0;0;0;0;0;0;0;0;0;0;0
FR;9;2021-05-25;0;0;0;0;0;0;0;0;0;0;0;0;0;0;0;0;0;0
FR;9;2021-05-26;0;0;0;0;0;0;0;0;0;0;0;0;0;0;0;0;0;0
FR;9;2021-05-27;0;0;0;0;0;0;0;0;0;0;0;0;0;0;0;0;0;0
FR;9;2021-05-28;0;0;0;0;0;0;0;0;0;0;0;0;0;0;0;0;0;0
FR;9;2021-05-29;0;0;0;0;0;0;0;0;0;0;0;0;0;0;0;0;0;0
FR;9;2021-05-30;0;0;0;0;0;0;0;0;0;0;0;0;0;0;0;0;0;0
FR;9;2021-05-31;0;0;0;0;0;0;0;0;0;0;0;0;0;0;0;0;0;0
FR;9;2021-06-01;0;0;0;0;0;0;0;0;0;0;0;0;0;0;0;0;0;0
FR;9;2021-06-02;0;0;0;0;0;0;0;0;0;0;0;0;0;0;0;0;0;0
FR;9;2021-06-03;0;0;0;0;0;0;0;0;0;0;0;0;0;0;0;0;0;0
FR;9;2021-06-04;0;0;0;0;0;0;0;0;0;0;0;0;0;0;0;0;0;0
FR;9;2021-06-05;0;0;0;0;0;0;0;0;0;0;0;0;0;0;0;0;0;0
FR;9;2021-06-06;0;0;0;0;0;0;0;0;0;0;0;0;0;0;0;0;0;0
FR;9;2021-06-07;0;0;0;0;0;0;0;0;0;0;0;0;0;0;0;0;0;0
FR;9;2021-06-08;0;0;0;0;0;0;0;0;0;0;0;0;0;0;0;0;0;0
FR;9;2021-06-09;0;0;0;0;0;0;0;0;0;0;0;0;0;0;0;0;0;0
FR;9;2021-06-10;0;0;0;0;0;0;0;0;0;0;0;0;0;0;0;0;0;0
FR;9;2021-06-11;0;0;0;0;0;0;0;0;0;0;0;0;0;0;0;0;0;0
FR;9;2021-06-12;0;0;0;0;0;0;0;0;0;0;0;0;0;0;0;0;0;0
FR;9;2021-06-13;0;0;0;0;0;0;0;0;0;0;0;0;0;0;0;0;0;0
FR;9;2021-06-14;0;0;0;0;0;0;0;0;0;0;0;0;0;0;0;0;0;0
FR;9;2021-06-15;0;0;0;0;0;0;0;0;0;0;0;0;0;0;0;0;0;0
FR;9;2021-06-16;0;0;0;0;0;0;0;0;0;0;0;0;0;0;0;0;0;0
FR;9;2021-06-17;0;0;0;0;0;0;0;0;0;0;0;0;0;0;0;0;0;0
FR;9;2021-06-18;0;0;0;0;0;0;0;0;0;0;0;0;0;0;0;0;0;0
FR;9;2021-06-19;0;0;0;0;0;0;0;0;0;0;0;0;0;0;0;0;0;0
FR;9;2021-06-20;0;0;0;0;0;0;0;0;0;0;0;0;0;0;0;0;0;0
FR;9;2021-06-21;0;0;0;0;0;0;0;0;0;0;0;0;0;0;0;0;0;0
FR;9;2021-06-22;0;0;0;0;0;0;0;0;0;0;0;0;0;0;0;0;0;0
FR;9;2021-06-23;0;0;0;0;0;0;0;0;0;0;0;0;0;0;0;0;0;0
FR;9;2021-06-24;0;0;0;0;0;0;0;0;0;0;0;0;0;0;0;0;0;0
FR;9;2021-06-25;0;0;0;0;0;0;0;0;0;0;0;0;0;0;0;0;0;0
FR;9;2021-06-26;0;0;0;0;0;0;0;0;0;0;0;0;0;0;0;0;0;0
FR;9;2021-06-27;0;0;0;0;0;0;0;0;0;0;0;0;0;0;0;0;0;0
FR;9;2021-06-28;0;0;0;0;0;0;0;0;0;0;0;0;0;0;0;0;0;0
FR;9;2021-06-29;0;0;0;0;0;0;0;0;0;0;0;0;0;0;0;0;0;0
FR;9;2021-06-30;0;0;0;0;0;0;0;0;0;0;0;0;0;0;0;0;0;0
FR;9;2021-07-01;0;0;0;0;0;0;0;0;0;0;0;0;0;0;0;0;0;0
FR;9;2021-07-02;0;0;0;0;0;0;0;0;0;0;0;0;0;0;0;0;0;0
FR;9;2021-07-03;0;0;0;0;0;0;0;0;0;0;0;0;0;0;0;0;0;0
FR;9;2021-07-04;0;0;0;0;0;0;0;0;0;0;0;0;0;0;0;0;0;0
FR;9;2021-07-05;0;0;0;0;0;0;0;0;0;0;0;0;0;0;0;0;0;0
FR;9;2021-07-06;0;0;0;0;0;0;0;0;0;0;0;0;0;0;0;0;0;0
FR;9;2021-07-07;0;0;0;0;0;0;0;0;0;0;0;0;0;0;0;0;0;0
FR;9;2021-07-08;0;0;0;0;0;0;0;0;0;0;0;0;0;0;0;0;0;0
FR;9;2021-07-09;0;0;0;0;0;0;0;0;0;0;0;0;0;0;0;0;0;0
FR;9;2021-07-10;0;0;0;0;0;0;0;0;0;0;0;0;0;0;0;0;0;0
FR;9;2021-07-11;0;0;0;0;0;0;0;0;0;0;0;0;0;0;0;0;0;0
FR;9;2021-07-12;0;0;0;0;0;0;0;0;0;0;0;0;0;0;0;0;0;0
FR;9;2021-07-13;0;0;0;0;0;0;0;0;0;0;0;0;0;0;0;0;0;0
FR;9;2021-07-14;0;0;0;0;0;0;0;0;0;0;0;0;0;0;0;0;0;0
FR;9;2021-07-15;0;0;0;0;0;0;0;0;0;0;0;0;0;0;0;0;0;0
FR;9;2021-07-16;0;0;0;0;0;0;0;0;0;0;0;0;0;0;0;0;0;0
FR;9;2021-07-17;0;0;0;0;0;0;0;0;0;0;0;0;0;0;0;0;0;0
FR;9;2021-07-18;0;0;0;0;0;0;0;0;0;0;0;0;0;0;0;0;0;0
FR;9;2021-07-19;0;0;0;0;0;0;0;0;0;0;0;0;0;0;0;0;0;0
FR;9;2021-07-20;0;0;0;0;0;0;0;0;0;0;0;0;0;0;0;0;0;0
FR;9;2021-07-21;0;0;0;0;0;0;0;0;0;0;0;0;0;0;0;0;0;0
FR;9;2021-07-22;0;0;0;0;0;0;0;0;0;0;0;0;0;0;0;0;0;0
FR;9;2021-07-23;0;0;0;0;0;0;0;0;0;0;0;0;0;0;0;0;0;0
FR;9;2021-07-24;0;0;0;0;0;0;0;0;0;0;0;0;0;0;0;0;0;0
FR;9;2021-07-25;0;0;0;0;0;0;0;0;0;0;0;0;0;0;0;0;0;0
FR;9;2021-07-26;0;0;0;0;0;0;0;0;0;0;0;0;0;0;0;0;0;0
FR;9;2021-07-27;0;0;0;0;0;0;0;0;0;0;0;0;0;0;0;0;0;0
FR;9;2021-07-28;0;0;0;0;0;0;0;0;0;0;0;0;0;0;0;0;0;0
FR;9;2021-07-29;0;0;0;0;0;0;0;0;0;0;0;0;0;0;0;0;0;0
FR;9;2021-07-30;0;0;0;0;0;0;0;0;0;0;0;0;0;0;0;0;0;0
FR;9;2021-07-31;0;0;0;0;0;0;0;0;0;0;0;0;0;0;0;0;0;0
FR;9;2021-08-01;0;0;0;0;0;0;0;0;0;0;0;0;0;0;0;0;0;0
FR;9;2021-08-02;0;0;0;0;0;0;0;0;0;0;0;0;0;0;0;0;0;0
FR;9;2021-08-03;0;0;0;0;0;0;0;0;0;0;0;0;0;0;0;0;0;0
FR;9;2021-08-04;0;0;0;0;0;0;0;0;0;0;0;0;0;0;0;0;0;0
FR;9;2021-08-05;0;0;0;0;0;0;0;0;0;0;0;0;0;0;0;0;0;0
FR;9;2021-08-06;0;0;0;0;0;0;0;0;0;0;0;0;0;0;0;0;0;0
FR;9;2021-08-07;0;0;0;0;0;0;0;0;0;0;0;0;0;0;0;0;0;0
FR;9;2021-08-08;0;0;0;0;0;0;0;0;0;0;0;0;0;0;0;0;0;0
FR;9;2021-08-09;0;0;0;0;0;0;0;0;0;0;0;0;0;0;0;0;0;0
FR;9;2021-08-10;0;0;0;0;0;0;0;0;0;0;0;0;0;0;0;0;0;0
FR;9;2021-08-11;0;0;0;0;0;0;0;0;0;0;0;0;0;0;0;0;0;0
FR;9;2021-08-12;0;0;0;0;0;0;0;0;0;0;0;0;0;0;0;0;0;0
FR;9;2021-08-13;0;0;0;0;0;0;0;0;0;0;0;0;0;0;0;0;0;0
FR;9;2021-08-14;0;0;0;0;0;0;0;0;0;0;0;0;0;0;0;0;0;0
FR;9;2021-08-15;0;0;0;0;0;0;0;0;0;0;0;0;0;0;0;0;0;0
FR;9;2021-08-16;0;0;0;0;0;0;0;0;0;0;0;0;0;0;0;0;0;0
FR;9;2021-08-17;0;0;0;0;0;0;0;0;0;0;0;0;0;0;0;0;0;0
FR;9;2021-08-18;0;0;0;0;0;0;0;0;0;0;0;0;0;0;0;0;0;0
FR;9;2021-08-19;0;0;0;0;0;0;0;0;0;0;0;0;0;0;0;0;0;0
FR;9;2021-08-20;0;0;0;0;0;0;0;0;0;0;0;0;0;0;0;0;0;0
FR;9;2021-08-21;0;0;0;0;0;0;0;0;0;0;0;0;0;0;0;0;0;0
FR;9;2021-08-22;0;0;0;0;0;0;0;0;0;0;0;0;0;0;0;0;0;0
FR;9;2021-08-23;0;0;0;0;0;0;0;0;0;0;0;0;0;0;0;0;0;0
FR;9;2021-08-24;0;0;0;0;0;0;0;0;0;0;0;0;0;0;0;0;0;0
FR;9;2021-08-25;0;0;0;0;0;0;0;0;0;0;0;0;0;0;0;0;0;0
FR;9;2021-08-26;0;0;0;0;0;0;0;0;0;0;0;0;0;0;0;0;0;0
FR;9;2021-08-27;0;0;0;0;0;0;0;0;0;0;0;0;0;0;0;0;0;0
FR;9;2021-08-28;0;0;0;0;0;0;0;0;0;0;0;0;0;0;0;0;0;0
FR;9;2021-08-29;0;0;0;0;0;0;0;0;0;0;0;0;0;0;0;0;0;0
FR;9;2021-08-30;0;0;0;0;0;0;0;0;0;0;0;0;0;0;0;0;0;0
FR;9;2021-08-31;0;0;0;0;0;0;0;0;0;0;0;0;0;0;0;0;0;0
FR;9;2021-09-01;0;0;0;0;0;0;0;0;0;0;0;0;0;0;0;0;0;0
FR;9;2021-09-02;0;0;0;0;0;0;0;0;0;0;0;0;0;0;0;0;0;0
FR;9;2021-09-03;0;0;0;0;0;0;0;0;0;0;0;0;0;0;0;0;0;0
FR;9;2021-09-04;0;0;0;0;0;0;0;0;0;0;0;0;0;0;0;0;0;0
FR;9;2021-09-05;0;0;0;0;0;0;0;0;0;0;0;0;0;0;0;0;0;0
FR;9;2021-09-06;0;0;0;0;0;0;0;0;0;0;0;0;0;0;0;0;0;0
FR;9;2021-09-07;0;0;0;0;0;0;0;0;0;0;0;0;0;0;0;0;0;0
FR;9;2021-09-08;0;0;0;0;0;0;0;0;0;0;0;0;0;0;0;0;0;0
FR;9;2021-09-09;0;0;0;0;0;0;0;0;0;0;0;0;0;0;0;0;0;0
FR;9;2021-09-10;0;0;0;0;0;0;0;0;0;0;0;0;0;0;0;0;0;0
FR;9;2021-09-11;0;0;0;0;0;0;0;0;0;0;0;0;0;0;0;0;0;0
FR;9;2021-09-12;0;0;0;0;0;0;0;0;0;0;0;0;0;0;0;0;0;0
FR;9;2021-09-13;0;0;0;0;0;0;0;0;0;0;0;0;0;0;0;0;0;0
FR;9;2021-09-14;0;0;0;0;0;0;0;0;0;0;0;0;0;0;0;0;0;0
FR;9;2021-09-15;0;0;0;0;0;0;0;0;0;0;0;0;0;0;0;0;0;0
FR;9;2021-09-16;0;0;0;0;0;0;0;0;0;0;0;0;0;0;0;0;0;0
FR;9;2021-09-17;0;0;0;0;0;0;0;0;0;0;0;0;0;0;0;0;0;0
FR;9;2021-09-18;0;0;0;0;0;0;0;0;0;0;0;0;0;0;0;0;0;0
FR;9;2021-09-19;0;0;0;0;0;0;0;0;0;0;0;0;0;0;0;0;0;0
FR;9;2021-09-20;0;0;0;0;0;0;0;0;0;0;0;0;0;0;0;0;0;0
FR;9;2021-09-21;0;0;0;0;0;0;0;0;0;0;0;0;0;0;0;0;0;0
FR;9;2021-09-22;0;0;0;0;0;0;0;0;0;0;0;0;0;0;0;0;0;0
FR;9;2021-09-23;0;0;0;0;0;0;0;0;0;0;0;0;0;0;0;0;0;0
FR;9;2021-09-24;0;0;0;0;0;0;0;0;0;0;0;0;0;0;0;0;0;0
FR;9;2021-09-25;0;0;0;0;0;0;0;0;0;0;0;0;0;0;0;0;0;0
FR;9;2021-09-26;0;0;0;0;0;0;0;0;0;0;0;0;0;0;0;0;0;0
FR;9;2021-09-27;0;0;0;0;0;0;0;0;0;0;0;0;0;0;0;0;0;0
FR;9;2021-09-28;0;0;0;0;0;0;0;0;0;0;0;0;0;0;0;0;0;0
FR;9;2021-09-29;0;0;0;0;0;0;0;0;0;0;0;0;0;0;0;0;0;0
FR;9;2021-09-30;0;0;0;0;0;0;0;0;0;0;0;0;0;0;0;0;0;0
FR;9;2021-10-01;0;0;0;0;0;0;0;0;0;0;0;0;0;0;0;0;0;0
FR;9;2021-10-02;0;0;0;0;0;0;0;0;0;0;0;0;0;0;0;0;0;0
FR;9;2021-10-03;0;0;0;0;0;0;0;0;0;0;0;0;0;0;0;0;0;0
FR;9;2021-10-04;0;0;0;0;0;0;0;0;0;0;0;0;0;0;0;0;0;0
FR;9;2021-10-05;0;0;0;0;0;0;0;0;0;0;0;0;0;0;0;0;0;0
FR;9;2021-10-06;0;0;0;0;0;0;0;0;0;0;0;0;0;0;0;0;0;0
FR;9;2021-10-07;0;0;0;0;0;0;0;0;0;0;0;0;0;0;0;0;0;0
FR;9;2021-10-08;0;0;0;0;0;0;0;0;0;0;0;0;0;0;0;0;0;0
FR;9;2021-10-09;0;0;0;0;0;0;0;0;0;0;0;0;0;0;0;0;0;0
FR;9;2021-10-10;0;0;0;0;0;0;0;0;0;0;0;0;0;0;0;0;0;0
FR;9;2021-10-11;0;0;0;0;0;0;0;0;0;0;0;0;0;0;0;0;0;0
FR;9;2021-10-12;0;0;0;0;0;0;0;0;0;0;0;0;0;0;0;0;0;0
FR;9;2021-10-13;0;0;0;0;0;0;0;0;0;0;0;0;0;0;0;0;0;0
FR;9;2021-10-14;0;0;0;0;0;0;0;0;0;0;0;0;0;0;0;0;0;0
FR;9;2021-10-15;0;0;0;0;0;0;0;0;0;0;0;0;0;0;0;0;0;0
FR;9;2021-10-16;0;0;0;0;0;0;0;0;0;0;0;0;0;0;0;0;0;0
FR;9;2021-10-17;0;0;0;0;0;0;0;0;0;0;0;0;0;0;0;0;0;0
FR;9;2021-10-18;0;0;0;0;0;0;0;0;0;0;0;0;0;0;0;0;0;0
FR;9;2021-10-19;0;0;0;0;0;0;0;0;0;0;0;0;0;0;0;0;0;0
FR;9;2021-10-20;0;0;0;0;0;0;0;0;0;0;0;0;0;0;0;0;0;0
FR;9;2021-10-21;0;0;0;0;0;0;0;0;0;0;0;0;0;0;0;0;0;0
FR;9;2021-10-22;0;0;0;0;0;0;0;0;0;0;0;0;0;0;0;0;0;0
FR;9;2021-10-23;0;0;0;0;0;0;0;0;0;0;0;0;0;0;0;0;0;0
FR;9;2021-10-24;0;0;0;0;0;0;0;0;0;0;0;0;0;0;0;0;0;0
FR;9;2021-10-25;0;0;0;0;0;0;0;0;0;0;0;0;0;0;0;0;0;0
FR;9;2021-10-26;0;0;0;0;0;0;0;0;0;0;0;0;0;0;0;0;0;0
FR;9;2021-10-27;0;0;0;0;0;0;0;0;0;0;0;0;0;0;0;0;0;0
FR;9;2021-10-28;0;0;0;0;0;0;0;0;0;0;0;0;0;0;0;0;0;0
FR;9;2021-10-29;0;0;0;0;0;0;0;0;0;0;0;0;0;0;0;0;0;0
FR;9;2021-10-30;0;0;0;0;0;0;0;0;0;0;0;0;0;0;0;0;0;0
FR;9;2021-10-31;0;0;0;0;0;0;0;0;0;0;0;0;0;0;0;0;0;0
FR;9;2021-11-01;0;0;0;0;0;0;0;0;0;0;0;0;0;0;0;0;0;0
FR;9;2021-11-02;0;0;0;0;0;0;0;0;0;0;0;0;0;0;0;0;0;0
FR;9;2021-11-03;0;0;0;0;0;0;0;0;0;0;0;0;0;0;0;0;0;0
FR;9;2021-11-04;0;0;0;0;0;0;0;0;0;0;0;0;0;0;0;0;0;0
FR;9;2021-11-05;0;0;0;0;0;0;0;0;0;0;0;0;0;0;0;0;0;0
FR;9;2021-11-06;0;0;0;0;0;0;0;0;0;0;0;0;0;0;0;0;0;0
FR;9;2021-11-07;0;0;0;0;0;0;0;0;0;0;0;0;0;0;0;0;0;0
FR;9;2021-11-08;0;0;0;0;0;0;0;0;0;0;0;0;0;0;0;0;0;0
FR;9;2021-11-09;0;0;0;0;0;0;0;0;0;0;0;0;0;0;0;0;0;0
FR;9;2021-11-10;0;0;0;0;0;0;0;0;0;0;0;0;0;0;0;0;0;0
FR;9;2021-11-11;0;0;0;0;0;0;0;0;0;0;0;0;0;0;0;0;0;0
FR;9;2021-11-12;0;0;0;0;0;0;0;0;0;0;0;0;0;0;0;0;0;0
FR;9;2021-11-13;0;0;0;0;0;0;0;0;0;0;0;0;0;0;0;0;0;0
FR;9;2021-11-14;0;0;0;0;0;0;0;0;0;0;0;0;0;0;0;0;0;0
FR;9;2021-11-15;0;0;0;0;0;0;0;0;0;0;0;0;0;0;0;0;0;0
FR;9;2021-11-16;0;0;0;0;0;0;0;0;0;0;0;0;0;0;0;0;0;0
FR;9;2021-11-17;0;0;0;0;0;0;0;0;0;0;0;0;0;0;0;0;0;0
FR;9;2021-11-18;0;0;0;0;0;0;0;0;0;0;0;0;0;0;0;0;0;0
FR;9;2021-11-19;0;0;0;0;0;0;0;0;0;0;0;0;0;0;0;0;0;0
FR;9;2021-11-20;0;0;0;0;0;0;0;0;0;0;0;0;0;0;0;0;0;0
FR;9;2021-11-21;0;0;0;0;0;0;0;0;0;0;0;0;0;0;0;0;0;0
FR;9;2021-11-22;0;0;0;0;0;0;0;0;0;0;0;0;0;0;0;0;0;0
FR;9;2021-11-23;0;0;0;0;0;0;0;0;0;0;0;0;0;0;0;0;0;0
FR;9;2021-11-24;0;0;0;0;0;0;0;0;0;0;0;0;0;0;0;0;0;0
FR;9;2021-11-25;0;0;0;0;0;0;0;0;0;0;0;0;0;0;0;0;0;0
FR;9;2021-11-26;0;0;0;0;0;0;0;0;0;0;0;0;0;0;0;0;0;0
FR;9;2021-11-27;0;0;0;0;0;0;0;0;0;0;0;0;0;0;0;0;0;0
FR;9;2021-11-28;0;0;0;0;0;0;0;0;0;0;0;0;0;0;0;0;0;0
FR;9;2021-11-29;0;0;0;0;0;0;0;0;0;0;0;0;0;0;0;0;0;0
FR;9;2021-11-30;0;0;0;0;0;0;0;0;0;0;0;0;0;0;0;0;0;0
FR;9;2021-12-01;0;0;0;0;0;0;0;0;0;0;0;0;0;0;0;0;0;0
FR;9;2021-12-02;0;0;0;0;0;0;0;0;0;0;0;0;0;0;0;0;0;0
FR;9;2021-12-03;0;0;0;0;0;0;0;0;0;0;0;0;0;0;0;0;0;0
FR;9;2021-12-04;0;0;0;0;0;0;0;0;0;0;0;0;0;0;0;0;0;0
FR;9;2021-12-05;0;0;0;0;0;0;0;0;0;0;0;0;0;0;0;0;0;0
FR;9;2021-12-06;0;0;0;0;0;0;0;0;0;0;0;0;0;0;0;0;0;0
FR;9;2021-12-07;0;0;0;0;0;0;0;0;0;0;0;0;0;0;0;0;0;0
FR;9;2021-12-08;0;0;0;0;0;0;0;0;0;0;0;0;0;0;0;0;0;0
FR;9;2021-12-09;0;0;0;0;0;0;0;0;0;0;0;0;0;0;0;0;0;0
FR;9;2021-12-10;0;0;0;0;0;0;0;0;0;0;0;0;0;0;0;0;0;0
FR;9;2021-12-11;0;0;0;0;0;0;0;0;0;0;0;0;0;0;0;0;0;0
FR;9;2021-12-12;0;0;0;0;0;0;0;0;0;0;0;0;0;0;0;0;0;0
FR;9;2021-12-13;0;0;0;0;0;0;0;0;0;0;0;0;0;0;0;0;0;0
FR;9;2021-12-14;0;0;0;0;0;0;0;0;0;0;0;0;0;0;0;0;0;0
FR;9;2021-12-15;0;0;0;0;0;0;0;0;0;0;0;0;0;0;0;0;0;0
FR;9;2021-12-16;0;0;0;0;0;0;0;0;0;0;0;0;0;0;0;0;0;0
FR;9;2021-12-17;0;0;0;0;0;0;0;0;0;0;0;0;0;0;0;0;0;0
FR;9;2021-12-18;0;0;0;0;0;0;0;0;0;0;0;0;0;0;0;0;0;0
FR;9;2021-12-19;0;0;0;0;0;0;0;0;0;0;0;0;0;0;0;0;0;0
FR;9;2021-12-20;0;0;0;0;0;0;0;0;0;0;0;0;0;0;0;0;0;0
FR;9;2021-12-21;0;0;0;0;0;0;0;0;0;0;0;0;0;0;0;0;0;0
FR;9;2021-12-22;0;0;0;0;0;0;0;0;0;0;0;0;0;0;0;0;0;0
FR;9;2021-12-23;0;0;0;0;0;0;0;0;0;0;0;0;0;0;0;0;0;0
FR;9;2021-12-24;0;0;0;0;0;0;0;0;0;0;0;0;0;0;0;0;0;0
FR;9;2021-12-25;0;0;0;0;0;0;0;0;0;0;0;0;0;0;0;0;0;0
FR;9;2021-12-26;0;0;0;0;0;0;0;0;0;0;0;0;0;0;0;0;0;0
FR;9;2021-12-27;0;0;0;0;0;0;0;0;0;0;0;0;0;0;0;0;0;0
FR;9;2021-12-28;0;0;0;0;0;0;0;0;0;0;0;0;0;0;0;0;0;0
FR;9;2021-12-29;0;0;0;0;0;0;0;0;0;0;0;0;0;0;0;0;0;0
FR;9;2021-12-30;0;0;0;0;0;0;0;0;0;0;0;0;0;0;0;0;0;0
FR;9;2021-12-31;0;0;0;0;0;0;0;0;0;0;0;0;0;0;0;0;0;0
FR;9;2022-01-01;0;0;0;0;0;0;0;0;0;0;0;0;0;0;0;0;0;0
FR;9;2022-01-02;0;0;0;0;0;0;0;0;0;0;0;0;0;0;0;0;0;0
FR;9;2022-01-03;0;0;0;0;0;0;0;0;0;0;0;0;0;0;0;0;0;0
FR;9;2022-01-04;0;0;0;0;0;0;0;0;0;0;0;0;0;0;0;0;0;0
FR;9;2022-01-05;0;0;0;0;0;0;0;0;0;0;0;0;0;0;0;0;0;0
FR;9;2022-01-06;0;0;0;0;0;0;0;0;0;0;0;0;0;0;0;0;0;0
FR;9;2022-01-07;0;0;0;0;0;0;0;0;0;0;0;0;0;0;0;0;0;0
FR;9;2022-01-08;0;0;0;0;0;0;0;0;0;0;0;0;0;0;0;0;0;0
FR;9;2022-01-09;0;0;0;0;0;0;0;0;0;0;0;0;0;0;0;0;0;0
FR;9;2022-01-10;0;0;0;0;0;0;0;0;0;0;0;0;0;0;0;0;0;0
FR;9;2022-01-11;0;0;0;0;0;0;0;0;0;0;0;0;0;0;0;0;0;0
FR;9;2022-01-12;0;0;0;0;0;0;0;0;0;0;0;0;0;0;0;0;0;0
FR;9;2022-01-13;0;0;0;0;0;0;0;0;0;0;0;0;0;0;0;0;0;0
FR;9;2022-01-14;0;0;0;0;0;0;0;0;0;0;0;0;0;0;0;0;0;0
FR;9;2022-01-15;0;0;0;0;0;0;0;0;0;0;0;0;0;0;0;0;0;0
FR;9;2022-01-16;0;0;0;0;0;0;0;0;0;0;0;0;0;0;0;0;0;0
FR;9;2022-01-17;0;0;0;0;0;0;0;0;0;0;0;0;0;0;0;0;0;0
FR;9;2022-01-18;0;0;0;0;0;0;0;0;0;0;0;0;0;0;0;0;0;0
FR;9;2022-01-19;0;0;0;0;0;0;0;0;0;0;0;0;0;0;0;0;0;0
FR;9;2022-01-20;0;0;0;0;0;0;0;0;0;0;0;0;0;0;0;0;0;0
FR;9;2022-01-21;0;0;0;0;0;0;0;0;0;0;0;0;0;0;0;0;0;0
FR;9;2022-01-22;0;0;0;0;0;0;0;0;0;0;0;0;0;0;0;0;0;0
FR;9;2022-01-23;0;0;0;0;0;0;0;0;0;0;0;0;0;0;0;0;0;0
FR;9;2022-01-24;0;0;0;0;0;0;0;0;0;0;0;0;0;0;0;0;0;0
FR;9;2022-01-25;0;0;0;0;0;0;0;0;0;0;0;0;0;0;0;0;0;0
FR;9;2022-01-26;0;0;0;0;0;0;0;0;0;0;0;0;0;0;0;0;0;0
FR;9;2022-01-27;0;0;0;0;0;0;0;0;0;0;0;0;0;0;0;0;0;0
FR;9;2022-01-28;0;0;0;0;0;0;0;0;0;0;0;0;0;0;0;0;0;0
FR;9;2022-01-29;0;0;0;0;0;0;0;0;0;0;0;0;0;0;0;0;0;0
FR;9;2022-01-30;0;0;0;0;0;0;0;0;0;0;0;0;0;0;0;0;0;0
FR;9;2022-01-31;0;0;0;0;0;0;0;0;0;0;0;0;0;0;0;0;0;0
FR;9;2022-02-01;0;0;0;0;0;0;0;0;0;0;0;0;0;0;0;0;0;0
FR;9;2022-02-02;0;0;0;0;0;0;0;0;0;0;0;0;0;0;0;0;0;0
FR;9;2022-02-03;0;0;0;0;0;0;0;0;0;0;0;0;0;0;0;0;0;0
FR;9;2022-02-04;0;0;0;0;0;0;0;0;0;0;0;0;0;0;0;0;0;0
FR;9;2022-02-05;0;0;0;0;0;0;0;0;0;0;0;0;0;0;0;0;0;0
FR;9;2022-02-06;0;0;0;0;0;0;0;0;0;0;0;0;0;0;0;0;0;0
FR;9;2022-02-07;0;0;0;0;0;0;0;0;0;0;0;0;0;0;0;0;0;0
FR;9;2022-02-08;0;0;0;0;0;0;0;0;0;0;0;0;0;0;0;0;0;0
FR;9;2022-02-09;0;0;0;0;0;0;0;0;0;0;0;0;0;0;0;0;0;0
FR;9;2022-02-10;0;0;0;0;0;0;0;0;0;0;0;0;0;0;0;0;0;0
FR;9;2022-02-11;0;0;0;0;0;0;0;0;0;0;0;0;0;0;0;0;0;0
FR;9;2022-02-12;0;0;0;0;0;0;0;0;0;0;0;0;0;0;0;0;0;0
FR;9;2022-02-13;0;0;0;0;0;0;0;0;0;0;0;0;0;0;0;0;0;0
FR;9;2022-02-14;0;0;0;0;0;0;0;0;0;0;0;0;0;0;0;0;0;0
FR;9;2022-02-15;0;0;0;0;0;0;0;0;0;0;0;0;0;0;0;0;0;0
FR;9;2022-02-16;0;0;0;0;0;0;0;0;0;0;0;0;0;0;0;0;0;0
FR;9;2022-02-17;0;0;0;0;0;0;0;0;0;0;0;0;0;0;0;0;0;0
FR;9;2022-02-18;0;0;0;0;0;0;0;0;0;0;0;0;0;0;0;0;0;0
FR;9;2022-02-19;0;0;0;0;0;0;0;0;0;0;0;0;0;0;0;0;0;0
FR;9;2022-02-20;0;0;0;0;0;0;0;0;0;0;0;0;0;0;0;0;0;0
FR;9;2022-02-21;0;0;0;0;0;0;0;0;0;0;0;0;0;0;0;0;0;0
FR;9;2022-02-22;0;0;0;0;0;0;0;0;0;0;0;0;0;0;0;0;0;0
FR;9;2022-02-23;0;0;0;0;0;0;0;0;0;0;0;0;0;0;0;0;0;0
FR;9;2022-02-24;0;0;0;0;0;0;0;0;0;0;0;0;0;0;0;0;0;0
FR;9;2022-02-25;0;0;0;0;0;0;0;0;0;0;0;0;0;0;0;0;0;0
FR;9;2022-02-26;0;0;0;0;0;0;0;0;0;0;0;0;0;0;0;0;0;0
FR;9;2022-02-27;0;0;0;0;0;0;0;0;0;0;0;0;0;0;0;0;0;0
FR;9;2022-02-28;0;0;0;0;0;0;0;0;0;0;0;0;0;0;0;0;0;0
FR;9;2022-03-01;0;0;0;0;0;0;0;0;0;0;0;0;0;0;0;0;0;0
FR;9;2022-03-02;0;0;0;0;0;0;0;0;0;0;0;0;0;0;0;0;0;0
FR;9;2022-03-03;0;0;0;0;0;0;0;0;0;0;0;0;0;0;0;0;0;0
FR;9;2022-03-04;0;0;0;0;0;0;0;0;0;0;0;0;0;0;0;0;0;0
FR;9;2022-03-05;0;0;0;0;0;0;0;0;0;0;0;0;0;0;0;0;0;0
FR;9;2022-03-06;0;0;0;0;0;0;0;0;0;0;0;0;0;0;0;0;0;0
FR;9;2022-03-07;0;0;0;0;0;0;0;0;0;0;0;0;0;0;0;0;0;0
FR;9;2022-03-08;0;0;0;0;0;0;0;0;0;0;0;0;0;0;0;0;0;0
FR;9;2022-03-09;0;0;0;0;0;0;0;0;0;0;0;0;0;0;0;0;0;0
FR;9;2022-03-10;0;0;0;0;0;0;0;0;0;0;0;0;0;0;0;0;0;0
FR;9;2022-03-11;0;0;0;0;0;0;0;0;0;0;0;0;0;0;0;0;0;0
FR;9;2022-03-12;0;0;0;0;0;0;0;0;0;0;0;0;0;0;0;0;0;0
FR;9;2022-03-13;0;0;0;0;0;0;0;0;0;0;0;0;0;0;0;0;0;0
FR;9;2022-03-14;0;0;0;0;0;0;0;0;0;0;0;0;0;0;0;0;0;0
FR;9;2022-03-15;0;0;0;0;0;0;0;0;0;0;0;0;0;0;0;0;0;0
FR;9;2022-03-16;0;0;0;0;0;0;0;0;0;0;0;0;0;0;0;0;0;0
FR;9;2022-03-17;0;0;0;0;0;0;0;0;0;0;0;0;0;0;0;0;0;0
FR;9;2022-03-18;0;0;0;0;0;0;0;0;0;0;0;0;0;0;0;0;0;0
FR;9;2022-03-19;0;0;0;0;0;0;0;0;0;0;0;0;0;0;0;0;0;0
FR;9;2022-03-20;0;0;0;0;0;0;0;0;0;0;0;0;0;0;0;0;0;0
FR;9;2022-03-21;0;0;0;0;0;0;0;0;0;0;0;0;0;0;0;0;0;0
FR;9;2022-03-22;0;0;0;0;0;0;0;0;0;0;0;0;0;0;0;0;0;0
FR;9;2022-03-23;0;0;0;0;0;0;0;0;0;0;0;0;0;0;0;0;0;0
FR;9;2022-03-24;0;0;0;0;0;0;0;0;0;0;0;0;0;0;0;0;0;0
FR;9;2022-03-25;0;0;0;0;0;0;0;0;0;0;0;0;0;0;0;0;0;0
FR;9;2022-03-26;0;0;0;0;0;0;0;0;0;0;0;0;0;0;0;0;0;0
FR;9;2022-03-27;0;0;0;0;0;0;0;0;0;0;0;0;0;0;0;0;0;0
FR;9;2022-03-28;0;0;0;0;0;0;0;0;0;0;0;0;0;0;0;0;0;0
FR;9;2022-03-29;0;0;0;0;0;0;0;0;0;0;0;0;0;0;0;0;0;0
FR;9;2022-03-30;0;0;0;0;0;0;0;0;0;0;0;0;0;0;0;0;0;0
FR;9;2022-03-31;0;0;0;0;0;0;0;0;0;0;0;0;0;0;0;0;0;0
FR;9;2022-04-01;0;0;0;0;0;0;0;0;0;0;0;0;0;0;0;0;0;0
FR;9;2022-04-02;0;0;0;0;0;0;0;0;0;0;0;0;0;0;0;0;0;0
FR;9;2022-04-03;0;0;0;0;0;0;0;0;0;0;0;0;0;0;0;0;0;0
FR;9;2022-04-04;0;0;0;0;0;0;0;0;0;0;0;0;0;0;0;0;0;0
FR;9;2022-04-05;0;0;0;0;0;0;0;0;0;0;0;0;0;0;0;0;0;0
FR;9;2022-04-06;0;0;0;0;0;0;0;0;0;0;0;0;0;0;0;0;0;0
FR;9;2022-04-07;0;0;0;0;0;0;0;0;0;0;0;0;0;0;0;0;0;0
FR;9;2022-04-08;0;0;0;0;0;0;0;0;0;0;0;0;0;0;0;0;0;0
FR;9;2022-04-09;0;0;0;0;0;0;0;0;0;0;0;0;0;0;0;0;0;0
FR;9;2022-04-10;0;0;0;0;0;0;0;0;0;0;0;0;0;0;0;0;0;0
FR;9;2022-04-11;0;0;0;0;0;0;0;0;0;0;0;0;0;0;0;0;0;0
FR;9;2022-04-12;0;0;0;0;0;0;0;0;0;0;0;0;0;0;0;0;0;0
FR;9;2022-04-13;0;0;0;0;0;0;0;0;0;0;0;0;0;0;0;0;0;0
FR;9;2022-04-14;0;0;0;0;0;0;0;0;0;0;0;0;0;0;0;0;0;0
FR;9;2022-04-15;0;0;0;0;0;0;0;0;0;0;0;0;0;0;0;0;0;0
FR;9;2022-04-16;0;0;0;0;0;0;0;0;0;0;0;0;0;0;0;0;0;0
FR;9;2022-04-17;0;0;0;0;0;0;0;0;0;0;0;0;0;0;0;0;0;0
FR;9;2022-04-18;0;0;0;0;0;0;0;0;0;0;0;0;0;0;0;0;0;0
FR;9;2022-04-19;0;0;0;0;0;0;0;0;0;0;0;0;0;0;0;0;0;0
FR;9;2022-04-20;0;0;0;0;0;0;0;0;0;0;0;0;0;0;0;0;0;0
FR;9;2022-04-21;0;0;0;0;0;0;0;0;0;0;0;0;0;0;0;0;0;0
FR;9;2022-04-22;0;0;0;0;0;0;0;0;0;0;0;0;0;0;0;0;0;0
FR;9;2022-04-23;0;0;0;0;0;0;0;0;0;0;0;0;0;0;0;0;0;0
FR;9;2022-04-24;0;0;0;0;0;0;0;0;0;0;0;0;0;0;0;0;0;0
FR;9;2022-04-25;0;0;0;0;0;0;0;0;0;0;0;0;0;0;0;0;0;0
FR;9;2022-04-26;0;0;0;0;0;0;0;0;0;0;0;0;0;0;0;0;0;0
FR;9;2022-04-27;0;0;0;0;0;0;0;0;0;0;0;0;0;0;0;0;0;0
FR;9;2022-04-28;0;0;0;0;0;0;0;0;0;0;0;0;0;0;0;0;0;0
FR;9;2022-04-29;0;0;0;0;0;0;0;0;0;0;0;0;0;0;0;0;0;0
FR;9;2022-04-30;0;0;0;0;0;0;0;0;0;0;0;0;0;0;0;0;0;0
FR;9;2022-05-01;0;0;0;0;0;0;0;0;0;0;0;0;0;0;0;0;0;0
FR;9;2022-05-02;0;0;0;0;0;0;0;0;0;0;0;0;0;0;0;0;0;0
FR;9;2022-05-03;0;0;0;0;0;0;0;0;0;0;0;0;0;0;0;0;0;0
FR;9;2022-05-04;0;0;0;0;0;0;0;0;0;0;0;0;0;0;0;0;0;0
FR;9;2022-05-05;0;0;0;0;0;0;0;0;0;0;0;0;0;0;0;0;0;0
FR;9;2022-05-06;0;0;0;0;0;0;0;0;0;0;0;0;0;0;0;0;0;0
FR;9;2022-05-07;0;0;0;0;0;0;0;0;0;0;0;0;0;0;0;0;0;0
FR;9;2022-05-08;0;0;0;0;0;0;0;0;0;0;0;0;0;0;0;0;0;0
FR;9;2022-05-09;0;0;0;0;0;0;0;0;0;0;0;0;0;0;0;0;0;0
FR;9;2022-05-10;0;0;0;0;0;0;0;0;0;0;0;0;0;0;0;0;0;0
FR;9;2022-05-11;0;0;0;0;0;0;0;0;0;0;0;0;0;0;0;0;0;0
FR;9;2022-05-12;0;0;0;0;0;0;0;0;0;0;0;0;0;0;0;0;0;0
FR;9;2022-05-13;0;0;0;0;0;0;0;0;0;0;0;0;0;0;0;0;0;0
FR;9;2022-05-14;0;0;0;0;0;0;0;0;0;0;0;0;0;0;0;0;0;0
FR;9;2022-05-15;0;0;0;0;0;0;0;0;0;0;0;0;0;0;0;0;0;0
FR;9;2022-05-16;0;0;0;0;0;0;0;0;0;0;0;0;0;0;0;0;0;0
FR;9;2022-05-17;0;0;0;0;0;0;0;0;0;0;0;0;0;0;0;0;0;0
FR;9;2022-05-18;0;0;0;0;0;0;0;0;0;0;0;0;0;0;0;0;0;0
FR;9;2022-05-19;0;0;0;0;0;0;0;0;0;0;0;0;0;0;0;0;0;0
FR;9;2022-05-20;0;0;0;0;0;0;0;0;0;0;0;0;0;0;0;0;0;0
FR;9;2022-05-21;0;0;0;0;0;0;0;0;0;0;0;0;0;0;0;0;0;0
FR;9;2022-05-22;0;0;0;0;0;0;0;0;0;0;0;0;0;0;0;0;0;0
FR;9;2022-05-23;0;0;0;0;0;0;0;0;0;0;0;0;0;0;0;0;0;0
FR;9;2022-05-24;0;0;0;0;0;0;0;0;0;0;0;0;0;0;0;0;0;0
FR;9;2022-05-25;0;0;0;0;0;0;0;0;0;0;0;0;0;0;0;0;0;0
FR;9;2022-05-26;0;0;0;0;0;0;0;0;0;0;0;0;0;0;0;0;0;0
FR;9;2022-05-27;0;0;0;0;0;0;0;0;0;0;0;0;0;0;0;0;0;0
FR;9;2022-05-28;0;0;0;0;0;0;0;0;0;0;0;0;0;0;0;0;0;0
FR;9;2022-05-29;0;0;0;0;0;0;0;0;0;0;0;0;0;0;0;0;0;0
FR;9;2022-05-30;0;0;0;0;0;0;0;0;0;0;0;0;0;0;0;0;0;0
FR;9;2022-05-31;0;0;0;0;0;0;0;0;0;0;0;0;0;0;0;0;0;0
FR;9;2022-06-01;0;0;0;0;0;0;0;0;0;0;0;0;0;0;0;0;0;0
FR;9;2022-06-02;0;0;0;0;0;0;0;0;0;0;0;0;0;0;0;0;0;0
FR;9;2022-06-03;0;0;0;0;0;0;0;0;0;0;0;0;0;0;0;0;0;0
FR;9;2022-06-04;0;0;0;0;0;0;0;0;0;0;0;0;0;0;0;0;0;0
FR;9;2022-06-05;0;0;0;0;0;0;0;0;0;0;0;0;0;0;0;0;0;0
FR;9;2022-06-06;0;0;0;0;0;0;0;0;0;0;0;0;0;0;0;0;0;0
FR;9;2022-06-07;0;0;0;0;0;0;0;0;0;0;0;0;0;0;0;0;0;0
FR;9;2022-06-08;0;0;0;0;0;0;0;0;0;0;0;0;0;0;0;0;0;0
FR;9;2022-06-09;0;0;0;0;0;0;0;0;0;0;0;0;0;0;0;0;0;0
FR;9;2022-06-10;0;0;0;0;0;0;0;0;0;0;0;0;0;0;0;0;0;0
FR;9;2022-06-11;0;0;0;0;0;0;0;0;0;0;0;0;0;0;0;0;0;0
FR;9;2022-06-12;0;0;0;0;0;0;0;0;0;0;0;0;0;0;0;0;0;0
FR;9;2022-06-13;0;0;0;0;0;0;0;0;0;0;0;0;0;0;0;0;0;0
FR;9;2022-06-14;0;0;0;0;0;0;0;0;0;0;0;0;0;0;0;0;0;0
FR;9;2022-06-15;0;0;0;0;0;0;0;0;0;0;0;0;0;0;0;0;0;0
FR;9;2022-06-16;0;0;0;0;0;0;0;0;0;0;0;0;0;0;0;0;0;0
FR;9;2022-06-17;0;0;0;0;0;0;0;0;0;0;0;0;0;0;0;0;0;0
FR;9;2022-06-18;0;0;0;0;0;0;0;0;0;0;0;0;0;0;0;0;0;0
FR;9;2022-06-19;0;0;0;0;0;0;0;0;0;0;0;0;0;0;0;0;0;0
FR;9;2022-06-20;0;0;0;0;0;0;0;0;0;0;0;0;0;0;0;0;0;0
FR;9;2022-06-21;0;0;0;0;0;0;0;0;0;0;0;0;0;0;0;0;0;0
FR;9;2022-06-22;0;0;0;0;0;0;0;0;0;0;0;0;0;0;0;0;0;0
FR;9;2022-06-23;0;0;0;0;0;0;0;0;0;0;0;0;0;0;0;0;0;0
FR;9;2022-06-24;0;0;0;0;0;0;0;0;0;0;0;0;0;0;0;0;0;0
FR;9;2022-06-25;0;0;0;0;0;0;0;0;0;0;0;0;0;0;0;0;0;0
FR;9;2022-06-26;0;0;0;0;0;0;0;0;0;0;0;0;0;0;0;0;0;0
FR;9;2022-06-27;0;0;0;0;0;0;0;0;0;0;0;0;0;0;0;0;0;0
FR;9;2022-06-28;0;0;0;0;0;0;0;0;0;0;0;0;0;0;0;0;0;0
FR;9;2022-06-29;0;0;0;0;0;0;0;0;0;0;0;0;0;0;0;0;0;0
FR;9;2022-06-30;0;0;0;0;0;0;0;0;0;0;0;0;0;0;0;0;0;0
FR;9;2022-07-01;0;0;0;0;0;0;0;0;0;0;0;0;0;0;0;0;0;0
FR;9;2022-07-02;0;0;0;0;0;0;0;0;0;0;0;0;0;0;0;0;0;0
FR;9;2022-07-03;0;0;0;0;0;0;0;0;0;0;0;0;0;0;0;0;0;0
FR;9;2022-07-04;0;0;0;0;0;0;0;0;0;0;0;0;0;0;0;0;0;0
FR;9;2022-07-05;0;0;0;0;0;0;0;0;0;0;0;0;0;0;0;0;0;0
FR;9;2022-07-06;0;0;0;0;0;0;0;0;0;0;0;0;0;0;0;0;0;0
FR;9;2022-07-07;0;0;0;0;0;0;0;0;0;0;0;0;0;0;0;0;0;0
FR;9;2022-07-08;0;0;0;0;0;0;0;0;0;0;0;0;0;0;0;0;0;0
FR;9;2022-07-09;0;0;0;0;0;0;0;0;0;0;0;0;0;0;0;0;0;0
FR;9;2022-07-10;0;0;0;0;0;0;0;0;0;0;0;0;0;0;0;0;0;0
FR;9;2022-07-11;0;0;0;0;0;0;0;0;0;0;0;0;0;0;0;0;0;0
FR;9;2022-07-12;0;0;0;0;0;0;0;0;0;0;0;0;0;0;0;0;0;0
FR;9;2022-07-13;0;0;0;0;0;0;0;0;0;0;0;0;0;0;0;0;0;0
FR;9;2022-07-14;0;0;0;0;0;0;0;0;0;0;0;0;0;0;0;0;0;0
FR;9;2022-07-15;0;0;0;0;0;0;0;0;0;0;0;0;0;0;0;0;0;0
FR;9;2022-07-16;0;0;0;0;0;0;0;0;0;0;0;0;0;0;0;0;0;0
FR;9;2022-07-17;0;0;0;0;0;0;0;0;0;0;0;0;0;0;0;0;0;0
FR;9;2022-07-18;0;0;0;0;0;0;0;0;0;0;0;0;0;0;0;0;0;0
FR;9;2022-07-19;0;0;0;0;0;0;0;0;0;0;0;0;0;0;0;0;0;0
FR;9;2022-07-20;0;0;0;0;0;0;0;0;0;0;0;0;0;0;0;0;0;0
FR;9;2022-07-21;0;0;0;0;0;0;0;0;0;0;0;0;0;0;0;0;0;0
FR;9;2022-07-22;0;0;0;0;0;0;0;0;0;0;0;0;0;0;0;0;0;0
FR;9;2022-07-23;0;0;0;0;0;0;0;0;0;0;0;0;0;0;0;0;0;0
FR;9;2022-07-24;0;0;0;0;0;0;0;0;0;0;0;0;0;0;0;0;0;0
FR;9;2022-07-25;0;0;0;0;0;0;0;0;0;0;0;0;0;0;0;0;0;0
FR;9;2022-07-26;0;0;0;0;0;0;0;0;0;0;0;0;0;0;0;0;0;0
FR;9;2022-07-27;0;0;0;0;0;0;0;0;0;0;0;0;0;0;0;0;0;0
FR;9;2022-07-28;0;0;0;0;0;0;0;0;0;0;0;0;0;0;0;0;0;0
FR;9;2022-07-29;0;0;0;0;0;0;0;0;0;0;0;0;0;0;0;0;0;0
FR;9;2022-07-30;0;0;0;0;0;0;0;0;0;0;0;0;0;0;0;0;0;0
FR;9;2022-07-31;0;0;0;0;0;0;0;0;0;0;0;0;0;0;0;0;0;0
FR;9;2022-08-01;0;0;0;0;0;0;0;0;0;0;0;0;0;0;0;0;0;0
FR;9;2022-08-02;0;0;0;0;0;0;0;0;0;0;0;0;0;0;0;0;0;0
FR;9;2022-08-03;0;0;0;0;0;0;0;0;0;0;0;0;0;0;0;0;0;0
FR;9;2022-08-04;0;0;0;0;0;0;0;0;0;0;0;0;0;0;0;0;0;0
FR;9;2022-08-05;0;0;0;0;0;0;0;0;0;0;0;0;0;0;0;0;0;0
FR;9;2022-08-06;0;0;0;0;0;0;0;0;0;0;0;0;0;0;0;0;0;0
FR;9;2022-08-07;0;0;0;0;0;0;0;0;0;0;0;0;0;0;0;0;0;0
FR;9;2022-08-08;0;0;0;0;0;0;0;0;0;0;0;0;0;0;0;0;0;0
FR;9;2022-08-09;0;0;0;0;0;0;0;0;0;0;0;0;0;0;0;0;0;0
FR;9;2022-08-10;0;0;0;0;0;0;0;0;0;0;0;0;0;0;0;0;0;0
FR;9;2022-08-11;0;0;0;0;0;0;0;0;0;0;0;0;0;0;0;0;0;0
FR;9;2022-08-12;0;0;0;0;0;0;0;0;0;0;0;0;0;0;0;0;0;0
FR;9;2022-08-13;0;0;0;0;0;0;0;0;0;0;0;0;0;0;0;0;0;0
FR;9;2022-08-14;0;0;0;0;0;0;0;0;0;0;0;0;0;0;0;0;0;0
FR;9;2022-08-15;0;0;0;0;0;0;0;0;0;0;0;0;0;0;0;0;0;0
FR;9;2022-08-16;0;0;0;0;0;0;0;0;0;0;0;0;0;0;0;0;0;0
FR;9;2022-08-17;0;0;0;0;0;0;0;0;0;0;0;0;0;0;0;0;0;0
FR;9;2022-08-18;0;0;0;0;0;0;0;0;0;0;0;0;0;0;0;0;0;0
FR;9;2022-08-19;0;0;0;0;0;0;0;0;0;0;0;0;0;0;0;0;0;0
FR;9;2022-08-20;0;0;0;0;0;0;0;0;0;0;0;0;0;0;0;0;0;0
FR;9;2022-08-21;0;0;0;0;0;0;0;0;0;0;0;0;0;0;0;0;0;0
FR;9;2022-08-22;0;0;0;0;0;0;0;0;0;0;0;0;0;0;0;0;0;0
FR;9;2022-08-23;0;0;0;0;0;0;0;0;0;0;0;0;0;0;0;0;0;0
FR;9;2022-08-24;0;0;0;0;0;0;0;0;0;0;0;0;0;0;0;0;0;0
FR;9;2022-08-25;0;0;0;0;0;0;0;0;0;0;0;0;0;0;0;0;0;0
FR;9;2022-08-26;0;0;0;0;0;0;0;0;0;0;0;0;0;0;0;0;0;0
FR;9;2022-08-27;0;0;0;0;0;0;0;0;0;0;0;0;0;0;0;0;0;0
FR;9;2022-08-28;0;0;0;0;0;0;0;0;0;0;0;0;0;0;0;0;0;0
FR;9;2022-08-29;0;0;0;0;0;0;0;0;0;0;0;0;0;0;0;0;0;0
FR;9;2022-08-30;0;0;0;0;0;0;0;0;0;0;0;0;0;0;0;0;0;0
FR;9;2022-08-31;0;0;0;0;0;0;0;0;0;0;0;0;0;0;0;0;0;0
FR;9;2022-09-01;0;0;0;0;0;0;0;0;0;0;0;0;0;0;0;0;0;0
FR;9;2022-09-02;0;0;0;0;0;0;0;0;0;0;0;0;0;0;0;0;0;0
FR;9;2022-09-03;0;0;0;0;0;0;0;0;0;0;0;0;0;0;0;0;0;0
FR;9;2022-09-04;0;0;0;0;0;0;0;0;0;0;0;0;0;0;0;0;0;0
FR;9;2022-09-05;0;0;0;0;0;0;0;0;0;0;0;0;0;0;0;0;0;0
FR;9;2022-09-06;0;0;0;0;0;0;0;0;0;0;0;0;0;0;0;0;0;0
FR;9;2022-09-07;0;0;0;0;0;0;0;0;0;0;0;0;0;0;0;0;0;0
FR;9;2022-09-08;0;0;0;0;0;0;0;0;0;0;0;0;0;0;0;0;0;0
FR;9;2022-09-09;0;0;0;0;0;0;0;0;0;0;0;0;0;0;0;0;0;0
FR;9;2022-09-10;0;0;0;0;0;0;0;0;0;0;0;0;0;0;0;0;0;0
FR;9;2022-09-11;0;0;0;0;0;0;0;0;0;0;0;0;0;0;0;0;0;0
FR;9;2022-09-12;0;0;0;0;0;0;0;0;0;0;0;0;0;0;0;0;0;0
FR;9;2022-09-13;0;0;0;0;0;0;0;0;0;0;0;0;0;0;0;0;0;0
FR;9;2022-09-14;0;0;0;0;0;0;0;0;0;0;0;0;0;0;0;0;0;0
FR;9;2022-09-15;0;0;0;0;0;0;0;0;0;0;0;0;0;0;0;0;0;0
FR;9;2022-09-16;0;0;0;0;0;0;0;0;0;0;0;0;0;0;0;0;0;0
FR;9;2022-09-17;0;0;0;0;0;0;0;0;0;0;0;0;0;0;0;0;0;0
FR;9;2022-09-18;0;0;0;0;0;0;0;0;0;0;0;0;0;0;0;0;0;0
FR;9;2022-09-19;0;0;0;0;0;0;0;0;0;0;0;0;0;0;0;0;0;0
FR;9;2022-09-20;0;0;0;0;0;0;0;0;0;0;0;0;0;0;0;0;0;0
FR;9;2022-09-21;0;0;0;0;0;0;0;0;0;0;0;0;0;0;0;0;0;0
FR;9;2022-09-22;0;0;0;0;0;0;0;0;0;0;0;0;0;0;0;0;0;0
FR;9;2022-09-23;0;0;0;0;0;0;0;0;0;0;0;0;0;0;0;0;0;0
FR;9;2022-09-24;0;0;0;0;0;0;0;0;0;0;0;0;0;0;0;0;0;0
FR;9;2022-09-25;0;0;0;0;0;0;0;0;0;0;0;0;0;0;0;0;0;0
FR;9;2022-09-26;0;0;0;0;0;0;0;0;0;0;0;0;0;0;0;0;0;0
FR;9;2022-09-27;0;0;0;0;0;0;0;0;0;0;0;0;0;0;0;0;0;0
FR;9;2022-09-28;0;0;0;0;0;0;0;0;0;0;0;0;0;0;0;0;0;0
FR;9;2022-09-29;1;1;8;33;0;6;35;43;2;1;1;8;33;0;6;35;43;2
FR;9;2022-09-30;5;12;60;606;6;47;613;713;51;6;13;68;639;6;53;648;756;53
FR;9;2022-10-01;10;1;43;327;2;26;335;396;35;16;14;111;966;8;79;983;1152;88
FR;9;2022-10-02;1;1;5;50;0;4;51;66;11;17;15;116;1016;8;83;1034;1218;99
FR;9;2022-10-03;10;17;151;1714;11;129;1708;2074;234;27;32;267;2730;19;212;2742;3292;333
FR;9;2022-10-04;21;48;353;3952;18;228;4020;4702;450;48;80;620;6682;37;440;6762;7994;783
FR;9;2022-10-05;28;20;269;2997;17;203;3010;3655;433;76;100;889;9679;54;643;9772;11649;1216
FR;9;2022-10-06;23;34;399;4598;17;300;4631;5608;672;99;134;1288;14277;71;943;14403;17257;1888
FR;9;2022-10-07;29;50;499;5705;19;384;5719;7028;923;128;184;1787;19982;90;1327;20122;24285;2811
FR;9;2022-10-08;10;18;128;1090;8;86;1108;1389;191;138;202;1915;21072;98;1413;21230;25674;3002
FR;9;2022-10-09;1;7;22;197;1;29;198;277;50;139;209;1937;21269;99;1442;21428;25951;3052
FR;9;2022-10-10;11;26;207;2572;14;181;2576;3296;533;150;235;2144;23841;113;1623;24004;29247;3585
FR;9;2022-10-11;31;40;424;5043;27;312;5024;6197;851;181;275;2568;28884;140;1935;29028;35444;4436
FR;9;2022-10-12;22;26;297;2987;16;212;3044;3830;572;203;301;2865;31871;156;2147;32072;39274;5008
FR;9;2022-10-13;25;42;374;3980;16;245;4036;5027;740;228;343;3239;35851;172;2392;36108;44301;5748
FR;9;2022-10-14;27;26;381;4430;12;293;4414;5556;838;255;369;3620;40281;184;2685;40522;49857;6586
FR;9;2022-10-15;14;8;101;1052;7;79;1029;1308;198;269;377;3721;41333;191;2764;41551;51165;6784
FR;9;2022-10-16;4;1;9;132;2;12;126;168;28;273;378;3730;41465;193;2776;41677;51333;6812
FR;9;2022-10-17;4;22;165;1875;11;127;1883;2492;475;277;400;3895;43340;204;2903;43560;53825;7287
FR;9;2022-10-18;36;28;316;3430;17;235;3454;4661;963;313;428;4211;46770;221;3138;47014;58486;8250
FR;9;2022-10-19;22;19;262;2687;16;174;2717;3725;819;335;447;4473;49457;237;3312;49731;62211;9069
FR;9;2022-10-20;22;22;308;3628;8;233;3639;4813;933;357;469;4781;53085;245;3545;53370;67024;10002
FR;9;2022-10-21;14;31;325;3531;10;228;3553;4654;865;371;500;5106;56616;255;3773;56923;71678;10867
FR;9;2022-10-22;10;11;90;914;8;62;919;1193;207;381;511;5196;57530;263;3835;57842;72871;11074
FR;9;2022-10-23;2;2;17;99;2;10;104;147;33;383;513;5213;57629;265;3845;57946;73018;11107
FR;9;2022-10-24;7;17;159;1363;6;106;1434;1942;397;390;530;5372;58992;271;3951;59380;74960;11504
FR;9;2022-10-25;18;22;228;2837;16;188;2847;3919;881;408;552;5600;61829;287;4139;62227;78879;12385
FR;9;2022-10-26;14;16;169;1799;13;123;1812;2525;588;422;568;5769;63628;300;4262;64039;81404;12973
FR;9;2022-10-27;9;26;230;2291;15;173;2324;3170;662;431;594;5999;65919;315;4435;66363;84574;13635
FR;9;2022-10-28;18;27;224;2277;17;151;2303;3142;681;449;621;6223;68196;332;4586;68666;87716;14316
FR;9;2022-10-29;12;8;55;505;5;46;496;662;119;461;629;6278;68701;337;4632;69162;88378;14435
FR;9;2022-10-30;2;1;8;58;1;8;58;82;16;463;630;6286;68759;338;4640;69220;88460;14451
FR;9;2022-10-31;13;7;105;660;9;59;695;996;240;476;637;6391;69419;347;4699;69915;89456;14691
FR;9;2022-11-01;1;1;15;43;0;11;49;71;11;477;638;6406;69462;347;4710;69964;89527;14702
FR;9;2022-11-02;7;12;102;1027;4;76;1045;1577;452;484;650;6508;70489;351;4786;71009;91104;15154
FR;9;2022-11-03;17;18;157;1599;16;92;1647;2348;599;501;668;6665;72088;367;4878;72656;93452;15753
FR;9;2022-11-04;21;19;193;1748;15;120;1797;2533;611;522;687;6858;73836;382;4998;74453;95985;16364
FR;9;2022-11-05;8;10;58;403;9;39;424;573;107;530;697;6916;74239;391;5037;74877;96558;16471
FR;9;2022-11-06;5;4;5;62;6;2;61;88;25;535;701;6921;74301;397;5039;74938;96646;16496
FR;9;2022-11-07;16;19;88;925;16;109;934;1473;424;551;720;7009;75226;413;5148;75872;98119;16920
FR;9;2022-11-08;10;19;170;1815;13;137;1808;2652;702;561;739;7179;77041;426;5285;77680;100771;17622
FR;9;2022-11-09;16;16;123;1261;9;98;1322;1878;453;577;755;7302;78302;435;5383;79002;102649;18075
FR;9;2022-11-10;13;21;162;1622;13;137;1620;2279;518;590;776;7464;79924;448;5520;80622;104928;18593
FR;9;2022-11-11;1;1;13;81;1;6;83;123;34;591;777;7477;80005;449;5526;80705;105051;18627
FR;9;2022-11-12;5;8;44;259;7;19;278;395;97;596;785;7521;80264;456;5545;80983;105446;18724
FR;9;2022-11-13;2;0;4;30;0;4;31;51;16;598;785;7525;80294;456;5549;81014;105497;18740
FR;9;2022-11-14;11;12;56;707;11;44;722;1107;338;609;797;7581;81001;467;5593;81736;106604;19078
FR;9;2022-11-15;18;16;146;1324;7;103;1331;2078;638;627;813;7727;82325;474;5696;83067;108682;19716
FR;9;2022-11-16;10;5;99;979;8;58;997;1490;431;637;818;7826;83304;482;5754;84064;110172;20147
FR;9;2022-11-17;9;17;126;1083;11;78;1108;1692;501;646;835;7952;84387;493;5832;85172;111864;20648
FR;9;2022-11-18;7;16;119;1440;5;77;1455;2026;492;653;851;8071;85827;498;5909;86627;113890;21140
FR;9;2022-11-19;3;5;50;364;1;27;351;489;106;656;856;8121;86191;499;5936;86978;114379;21246
FR;9;2022-11-20;1;0;5;37;0;3;35;54;16;657;856;8126;86228;499;5939;87013;114433;21262
FR;9;2022-11-21;9;12;66;636;5;51;639;960;263;666;868;8192;86864;504;5990;87652;115393;21525
FR;9;2022-11-22;15;12;121;1037;13;74;1067;1592;449;681;880;8313;87901;517;6064;88719;116985;21974
FR;9;2022-11-23;7;10;69;731;5;33;758;1160;364;688;890;8382;88632;522;6097;89477;118145;22338
FR;9;2022-11-24;8;19;93;979;14;68;992;1472;406;696;909;8475;89611;536;6165;90469;119617;22744
FR;9;2022-11-25;8;10;106;1174;8;81;1190;1747;475;704;919;8581;90785;544;6246;91659;121364;23219
FR;9;2022-11-26;6;6;35;217;7;24;214;310;68;710;925;8616;91002;551;6270;91873;121674;23287
FR;9;2022-11-27;1;1;6;42;0;2;46;82;34;711;926;8622;91044;551;6272;91919;121756;23321
FR;9;2022-11-28;5;7;102;697;7;59;726;1125;335;716;933;8724;91741;558;6331;92645;122881;23656
FR;9;2022-11-29;6;18;140;1297;6;89;1323;1937;520;722;951;8864;93038;564;6420;93968;124818;24176
FR;9;2022-11-30;9;12;99;1026;5;76;1049;1600;470;731;963;8963;94064;569;6496;95017;126418;24646
FR;9;2022-12-01;16;14;111;1330;8;80;1315;1939;540;747;977;9074;95394;577;6576;96332;128357;25186
FR;9;2022-12-02;10;13;192;1816;10;107;1816;2629;700;757;990;9266;97210;587;6683;98148;130986;25886
FR;9;2022-12-03;7;9;79;619;5;41;632;887;208;764;999;9345;97829;592;6724;98780;131873;26094
FR;9;2022-12-04;9;4;15;105;5;8;105;153;40;773;1003;9360;97934;597;6732;98885;132026;26134
FR;9;2022-12-05;19;24;144;1405;17;98;1420;2107;582;792;1027;9504;99339;614;6830;100305;134133;26716
FR;9;2022-12-06;30;21;262;2441;21;147;2535;3798;1097;822;1048;9766;101780;635;6977;102840;137931;27813
FR;9;2022-12-07;15;22;181;1848;20;112;1890;2824;814;837;1070;9947;103628;655;7089;104730;140755;28627
FR;9;2022-12-08;13;22;222;2392;15;125;2455;3682;1085;850;1092;10169;106020;670;7214;107185;144437;29712
FR;9;2022-12-09;14;25;287;2885;10;143;2983;4334;1200;864;1117;10456;108905;680;7357;110168;148771;30912
FR;9;2022-12-10;12;12;122;1319;4;56;1342;1813;409;876;1129;10578;110224;684;7413;111510;150584;31321
FR;9;2022-12-11;5;4;21;277;5;10;283;363;66;881;1133;10599;110501;689;7423;111793;150947;31387
FR;9;2022-12-12;17;13;215;1957;12;108;2031;2889;745;898;1146;10814;112458;701;7531;113824;153836;32132
FR;9;2022-12-13;27;22;317;3081;14;151;3217;4714;1335;925;1168;11131;115539;715;7682;117041;158550;33467
FR;9;2022-12-14;15;10;189;2330;8;94;2398;3498;989;940;1178;11320;117869;723;7776;119439;162048;34456
FR;9;2022-12-15;17;24;256;2609;13;137;2680;4064;1236;957;1202;11576;120478;736;7913;122119;166112;35692
FR;9;2022-12-16;15;29;294;3072;21;165;3155;4603;1274;972;1231;11870;123550;757;8078;125274;170715;36966
FR;9;2022-12-17;8;11;106;1191;6;50;1206;1662;402;980;1242;11976;124741;763;8128;126480;172377;37368
FR;9;2022-12-18;1;7;30;245;6;14;251;333;67;981;1249;12006;124986;769;8142;126731;172710;37435
FR;9;2022-12-19;20;21;149;1599;15;78;1631;2507;789;1001;1270;12155;126585;784;8220;128362;175217;38224
FR;9;2022-12-20;21;19;232;2306;6;115;2349;3708;1233;1022;1289;12387;128891;790;8335;130711;178925;39457
FR;9;2022-12-21;6;14;139;1501;7;66;1554;2402;775;1028;1303;12526;130392;797;8401;132265;181327;40232
FR;9;2022-12-22;18;8;133;1382;8;76;1399;2097;614;1046;1311;12659;131774;805;8477;133664;183424;40846
FR;9;2022-12-23;11;14;76;727;8;50;729;1090;305;1057;1325;12735;132501;813;8527;134393;184514;41151
FR;9;2022-12-24;1;5;12;95;4;5;97;136;34;1058;1330;12747;132596;817;8532;134490;184650;41185
FR;9;2022-12-25;1;0;5;5;0;4;6;12;2;1059;1330;12752;132601;817;8536;134496;184662;41187
FR;9;2022-12-26;16;8;64;547;11;37;554;829;235;1075;1338;12816;133148;828;8573;135050;185491;41422
FR;9;2022-12-27;12;30;97;882;14;69;917;1422;430;1087;1368;12913;134030;842;8642;135967;186913;41852
FR;9;2022-12-28;7;9;82;747;8;40;766;1182;371;1094;1377;12995;134777;850;8682;136733;188095;42223
FR;9;2022-12-29;9;14;92;720;10;51;753;1134;323;1103;1391;13087;135497;860;8733;137486;189229;42546
FR;9;2022-12-30;12;17;75;584;9;46;603;880;228;1115;1408;13162;136081;869;8779;138089;190109;42774
FR;9;2022-12-31;2;3;17;136;2;12;139;190;38;1117;1411;13179;136217;871;8791;138228;190299;42812
FR;9;2023-01-01;0;2;3;19;1;4;19;31;8;1117;1413;13182;136236;872;8795;138247;190330;42820
FR;9;2023-01-02;10;11;56;591;4;40;584;948;320;1127;1424;13238;136827;876;8835;138831;191278;43140
FR;9;2023-01-03;17;18;119;1075;18;74;1098;1936;749;1144;1442;13357;137902;894;8909;139929;193214;43889
FR;9;2023-01-04;21;18;113;846;8;73;898;1609;633;1165;1460;13470;138748;902;8982;140827;194823;44522
FR;9;2023-01-05;5;19;115;1053;11;64;1084;2039;881;1170;1479;13585;139801;913;9046;141911;196862;45403
FR;9;2023-01-06;11;17;151;1367;3;73;1383;2403;936;1181;1496;13736;141168;916;9119;143294;199265;46339
FR;9;2023-01-07;6;13;58;436;14;36;427;687;220;1187;1509;13794;141604;930;9155;143721;199952;46559
FR;9;2023-01-08;3;8;15;92;7;11;91;136;32;1190;1517;13809;141696;937;9166;143812;200088;46591
FR;9;2023-01-09;16;14;87;622;9;61;614;1273;585;1206;1531;13896;142318;946;9227;144426;201361;47176
FR;9;2023-01-10;13;12;154;978;11;74;1032;1989;871;1219;1543;14050;143296;957;9301;145458;203350;48047
FR;9;2023-01-11;19;9;71;677;10;47;686;1380;641;1238;1552;14121;143973;967;9348;146144;204730;48688
FR;9;2023-01-12;20;9;92;842;3;77;822;1685;773;1258;1561;14213;144815;970;9425;146966;206415;49461
FR;9;2023-01-13;15;18;104;874;11;73;893;1705;724;1273;1579;14317;145689;981;9498;147859;208120;50185
FR;9;2023-01-14;6;6;50;294;2;28;299;580;247;1279;1585;14367;145983;983;9526;148158;208700;50432
FR;9;2023-01-15;1;3;15;37;0;9;41;82;32;1280;1588;14382;146020;983;9535;148199;208782;50464
FR;9;2023-01-16;4;15;53;366;13;24;382;783;370;1284;1603;14435;146386;996;9559;148581;209565;50834
FR;9;2023-01-17;7;9;83;561;4;49;575;1238;605;1291;1612;14518;146947;1000;9608;149156;210803;51439
FR;9;2023-01-18;7;14;35;376;6;30;393;827;397;1298;1626;14553;147323;1006;9638;149549;211630;51836
FR;9;2023-01-19;10;9;56;466;8;30;474;1076;562;1308;1635;14609;147789;1014;9668;150023;212706;52398
FR;9;2023-01-20;15;18;95;573;16;56;590;1182;532;1323;1653;14704;148362;1030;9724;150613;213888;52930
FR;9;2023-01-21;7;15;20;190;11;13;188;343;138;1330;1668;14724;148552;1041;9737;150801;214231;53068
FR;9;2023-01-22;0;0;8;19;0;5;21;42;16;1330;1668;14732;148571;1041;9742;150822;214273;53084
FR;9;2023-01-23;4;14;27;253;8;25;242;563;287;1334;1682;14759;148824;1049;9767;151064;214836;53371
FR;9;2023-01-24;8;10;66;458;7;40;480;1156;633;1342;1692;14825;149282;1056;9807;151544;215992;54004
FR;9;2023-01-25;11;19;49;321;8;46;333;791;407;1353;1711;14874;149603;1064;9853;151877;216783;54411
FR;9;2023-01-26;6;11;54;332;3;42;334;796;411;1359;1722;14928;149935;1067;9895;152211;217579;54822
FR;10;2020-12-27;0;0;0;0;0;0;0;0;0;0;0;0;0;0;0;0;0;0
FR;10;2020-12-28;0;0;0;0;0;0;0;0;0;0;0;0;0;0;0;0;0;0
FR;10;2020-12-29;0;0;0;0;0;0;0;0;0;0;0;0;0;0;0;0;0;0
FR;10;2020-12-30;0;0;0;0;0;0;0;0;0;0;0;0;0;0;0;0;0;0
FR;10;2020-12-31;0;0;0;0;0;0;0;0;0;0;0;0;0;0;0;0;0;0
FR;10;2021-01-01;0;0;0;0;0;0;0;0;0;0;0;0;0;0;0;0;0;0
FR;10;2021-01-02;0;0;0;0;0;0;0;0;0;0;0;0;0;0;0;0;0;0
FR;10;2021-01-03;0;0;0;0;0;0;0;0;0;0;0;0;0;0;0;0;0;0
FR;10;2021-01-04;0;0;0;0;0;0;0;0;0;0;0;0;0;0;0;0;0;0
FR;10;2021-01-05;0;0;0;0;0;0;0;0;0;0;0;0;0;0;0;0;0;0
FR;10;2021-01-06;0;0;0;0;0;0;0;0;0;0;0;0;0;0;0;0;0;0
FR;10;2021-01-07;0;0;0;0;0;0;0;0;0;0;0;0;0;0;0;0;0;0
FR;10;2021-01-08;0;0;0;0;0;0;0;0;0;0;0;0;0;0;0;0;0;0
FR;10;2021-01-09;0;0;0;0;0;0;0;0;0;0;0;0;0;0;0;0;0;0
FR;10;2021-01-10;0;0;0;0;0;0;0;0;0;0;0;0;0;0;0;0;0;0
FR;10;2021-01-11;0;0;0;0;0;0;0;0;0;0;0;0;0;0;0;0;0;0
FR;10;2021-01-12;0;0;0;0;0;0;0;0;0;0;0;0;0;0;0;0;0;0
FR;10;2021-01-13;0;0;0;0;0;0;0;0;0;0;0;0;0;0;0;0;0;0
FR;10;2021-01-14;0;0;0;0;0;0;0;0;0;0;0;0;0;0;0;0;0;0
FR;10;2021-01-15;0;0;0;0;0;0;0;0;0;0;0;0;0;0;0;0;0;0
FR;10;2021-01-16;0;0;0;0;0;0;0;0;0;0;0;0;0;0;0;0;0;0
FR;10;2021-01-17;0;0;0;0;0;0;0;0;0;0;0;0;0;0;0;0;0;0
FR;10;2021-01-18;0;0;0;0;0;0;0;0;0;0;0;0;0;0;0;0;0;0
FR;10;2021-01-19;0;0;0;0;0;0;0;0;0;0;0;0;0;0;0;0;0;0
FR;10;2021-01-20;0;0;0;0;0;0;0;0;0;0;0;0;0;0;0;0;0;0
FR;10;2021-01-21;0;0;0;0;0;0;0;0;0;0;0;0;0;0;0;0;0;0
FR;10;2021-01-22;0;0;0;0;0;0;0;0;0;0;0;0;0;0;0;0;0;0
FR;10;2021-01-23;0;0;0;0;0;0;0;0;0;0;0;0;0;0;0;0;0;0
FR;10;2021-01-24;0;0;0;0;0;0;0;0;0;0;0;0;0;0;0;0;0;0
FR;10;2021-01-25;0;0;0;0;0;0;0;0;0;0;0;0;0;0;0;0;0;0
FR;10;2021-01-26;0;0;0;0;0;0;0;0;0;0;0;0;0;0;0;0;0;0
FR;10;2021-01-27;0;0;0;0;0;0;0;0;0;0;0;0;0;0;0;0;0;0
FR;10;2021-01-28;0;0;0;0;0;0;0;0;0;0;0;0;0;0;0;0;0;0
FR;10;2021-01-29;0;0;0;0;0;0;0;0;0;0;0;0;0;0;0;0;0;0
FR;10;2021-01-30;0;0;0;0;0;0;0;0;0;0;0;0;0;0;0;0;0;0
FR;10;2021-01-31;0;0;0;0;0;0;0;0;0;0;0;0;0;0;0;0;0;0
FR;10;2021-02-01;0;0;0;0;0;0;0;0;0;0;0;0;0;0;0;0;0;0
FR;10;2021-02-02;0;0;0;0;0;0;0;0;0;0;0;0;0;0;0;0;0;0
FR;10;2021-02-03;0;0;0;0;0;0;0;0;0;0;0;0;0;0;0;0;0;0
FR;10;2021-02-04;0;0;0;0;0;0;0;0;0;0;0;0;0;0;0;0;0;0
FR;10;2021-02-05;0;0;0;0;0;0;0;0;0;0;0;0;0;0;0;0;0;0
FR;10;2021-02-06;0;0;0;0;0;0;0;0;0;0;0;0;0;0;0;0;0;0
FR;10;2021-02-07;0;0;0;0;0;0;0;0;0;0;0;0;0;0;0;0;0;0
FR;10;2021-02-08;0;0;0;0;0;0;0;0;0;0;0;0;0;0;0;0;0;0
FR;10;2021-02-09;0;0;0;0;0;0;0;0;0;0;0;0;0;0;0;0;0;0
FR;10;2021-02-10;0;0;0;0;0;0;0;0;0;0;0;0;0;0;0;0;0;0
FR;10;2021-02-11;0;0;0;0;0;0;0;0;0;0;0;0;0;0;0;0;0;0
FR;10;2021-02-12;0;0;0;0;0;0;0;0;0;0;0;0;0;0;0;0;0;0
FR;10;2021-02-13;0;0;0;0;0;0;0;0;0;0;0;0;0;0;0;0;0;0
FR;10;2021-02-14;0;0;0;0;0;0;0;0;0;0;0;0;0;0;0;0;0;0
FR;10;2021-02-15;0;0;0;0;0;0;0;0;0;0;0;0;0;0;0;0;0;0
FR;10;2021-02-16;0;0;0;0;0;0;0;0;0;0;0;0;0;0;0;0;0;0
FR;10;2021-02-17;0;0;0;0;0;0;0;0;0;0;0;0;0;0;0;0;0;0
FR;10;2021-02-18;0;0;0;0;0;0;0;0;0;0;0;0;0;0;0;0;0;0
FR;10;2021-02-19;0;0;0;0;0;0;0;0;0;0;0;0;0;0;0;0;0;0
FR;10;2021-02-20;0;0;0;0;0;0;0;0;0;0;0;0;0;0;0;0;0;0
FR;10;2021-02-21;0;0;0;0;0;0;0;0;0;0;0;0;0;0;0;0;0;0
FR;10;2021-02-22;0;0;0;0;0;0;0;0;0;0;0;0;0;0;0;0;0;0
FR;10;2021-02-23;0;0;0;0;0;0;0;0;0;0;0;0;0;0;0;0;0;0
FR;10;2021-02-24;0;0;0;0;0;0;0;0;0;0;0;0;0;0;0;0;0;0
FR;10;2021-02-25;0;0;0;0;0;0;0;0;0;0;0;0;0;0;0;0;0;0
FR;10;2021-02-26;0;0;0;0;0;0;0;0;0;0;0;0;0;0;0;0;0;0
FR;10;2021-02-27;0;0;0;0;0;0;0;0;0;0;0;0;0;0;0;0;0;0
FR;10;2021-02-28;0;0;0;0;0;0;0;0;0;0;0;0;0;0;0;0;0;0
FR;10;2021-03-01;0;0;0;0;0;0;0;0;0;0;0;0;0;0;0;0;0;0
FR;10;2021-03-02;0;0;0;0;0;0;0;0;0;0;0;0;0;0;0;0;0;0
FR;10;2021-03-03;0;0;0;0;0;0;0;0;0;0;0;0;0;0;0;0;0;0
FR;10;2021-03-04;0;0;0;0;0;0;0;0;0;0;0;0;0;0;0;0;0;0
FR;10;2021-03-05;0;0;0;0;0;0;0;0;0;0;0;0;0;0;0;0;0;0
FR;10;2021-03-06;0;0;0;0;0;0;0;0;0;0;0;0;0;0;0;0;0;0
FR;10;2021-03-07;0;0;0;0;0;0;0;0;0;0;0;0;0;0;0;0;0;0
FR;10;2021-03-08;0;0;0;0;0;0;0;0;0;0;0;0;0;0;0;0;0;0
FR;10;2021-03-09;0;0;0;0;0;0;0;0;0;0;0;0;0;0;0;0;0;0
FR;10;2021-03-10;0;0;0;0;0;0;0;0;0;0;0;0;0;0;0;0;0;0
FR;10;2021-03-11;0;0;0;0;0;0;0;0;0;0;0;0;0;0;0;0;0;0
FR;10;2021-03-12;0;0;0;0;0;0;0;0;0;0;0;0;0;0;0;0;0;0
FR;10;2021-03-13;0;0;0;0;0;0;0;0;0;0;0;0;0;0;0;0;0;0
FR;10;2021-03-14;0;0;0;0;0;0;0;0;0;0;0;0;0;0;0;0;0;0
FR;10;2021-03-15;0;0;0;0;0;0;0;0;0;0;0;0;0;0;0;0;0;0
FR;10;2021-03-16;0;0;0;0;0;0;0;0;0;0;0;0;0;0;0;0;0;0
FR;10;2021-03-17;0;0;0;0;0;0;0;0;0;0;0;0;0;0;0;0;0;0
FR;10;2021-03-18;0;0;0;0;0;0;0;0;0;0;0;0;0;0;0;0;0;0
FR;10;2021-03-19;0;0;0;0;0;0;0;0;0;0;0;0;0;0;0;0;0;0
FR;10;2021-03-20;0;0;0;0;0;0;0;0;0;0;0;0;0;0;0;0;0;0
FR;10;2021-03-21;0;0;0;0;0;0;0;0;0;0;0;0;0;0;0;0;0;0
FR;10;2021-03-22;0;0;0;0;0;0;0;0;0;0;0;0;0;0;0;0;0;0
FR;10;2021-03-23;0;0;0;0;0;0;0;0;0;0;0;0;0;0;0;0;0;0
FR;10;2021-03-24;0;0;0;0;0;0;0;0;0;0;0;0;0;0;0;0;0;0
FR;10;2021-03-25;0;0;0;0;0;0;0;0;0;0;0;0;0;0;0;0;0;0
FR;10;2021-03-26;0;0;0;0;0;0;0;0;0;0;0;0;0;0;0;0;0;0
FR;10;2021-03-27;0;0;0;0;0;0;0;0;0;0;0;0;0;0;0;0;0;0
FR;10;2021-03-28;0;0;0;0;0;0;0;0;0;0;0;0;0;0;0;0;0;0
FR;10;2021-03-29;0;0;0;0;0;0;0;0;0;0;0;0;0;0;0;0;0;0
FR;10;2021-03-30;0;0;0;0;0;0;0;0;0;0;0;0;0;0;0;0;0;0
FR;10;2021-03-31;0;0;0;0;0;0;0;0;0;0;0;0;0;0;0;0;0;0
FR;10;2021-04-01;0;0;0;0;0;0;0;0;0;0;0;0;0;0;0;0;0;0
FR;10;2021-04-02;0;0;0;0;0;0;0;0;0;0;0;0;0;0;0;0;0;0
FR;10;2021-04-03;0;0;0;0;0;0;0;0;0;0;0;0;0;0;0;0;0;0
FR;10;2021-04-04;0;0;0;0;0;0;0;0;0;0;0;0;0;0;0;0;0;0
FR;10;2021-04-05;0;0;0;0;0;0;0;0;0;0;0;0;0;0;0;0;0;0
FR;10;2021-04-06;0;0;0;0;0;0;0;0;0;0;0;0;0;0;0;0;0;0
FR;10;2021-04-07;0;0;0;0;0;0;0;0;0;0;0;0;0;0;0;0;0;0
FR;10;2021-04-08;0;0;0;0;0;0;0;0;0;0;0;0;0;0;0;0;0;0
FR;10;2021-04-09;0;0;0;0;0;0;0;0;0;0;0;0;0;0;0;0;0;0
FR;10;2021-04-10;0;0;0;0;0;0;0;0;0;0;0;0;0;0;0;0;0;0
FR;10;2021-04-11;0;0;0;0;0;0;0;0;0;0;0;0;0;0;0;0;0;0
FR;10;2021-04-12;0;0;0;0;0;0;0;0;0;0;0;0;0;0;0;0;0;0
FR;10;2021-04-13;0;0;0;0;0;0;0;0;0;0;0;0;0;0;0;0;0;0
FR;10;2021-04-14;0;0;0;0;0;0;0;0;0;0;0;0;0;0;0;0;0;0
FR;10;2021-04-15;0;0;0;0;0;0;0;0;0;0;0;0;0;0;0;0;0;0
FR;10;2021-04-16;0;0;0;0;0;0;0;0;0;0;0;0;0;0;0;0;0;0
FR;10;2021-04-17;0;0;0;0;0;0;0;0;0;0;0;0;0;0;0;0;0;0
FR;10;2021-04-18;0;0;0;0;0;0;0;0;0;0;0;0;0;0;0;0;0;0
FR;10;2021-04-19;0;0;0;0;0;0;0;0;0;0;0;0;0;0;0;0;0;0
FR;10;2021-04-20;0;0;0;0;0;0;0;0;0;0;0;0;0;0;0;0;0;0
FR;10;2021-04-21;0;0;0;0;0;0;0;0;0;0;0;0;0;0;0;0;0;0
FR;10;2021-04-22;0;0;0;0;0;0;0;0;0;0;0;0;0;0;0;0;0;0
FR;10;2021-04-23;0;0;0;0;0;0;0;0;0;0;0;0;0;0;0;0;0;0
FR;10;2021-04-24;0;0;0;0;0;0;0;0;0;0;0;0;0;0;0;0;0;0
FR;10;2021-04-25;0;0;0;0;0;0;0;0;0;0;0;0;0;0;0;0;0;0
FR;10;2021-04-26;0;0;0;0;0;0;0;0;0;0;0;0;0;0;0;0;0;0
FR;10;2021-04-27;0;0;0;0;0;0;0;0;0;0;0;0;0;0;0;0;0;0
FR;10;2021-04-28;0;0;0;0;0;0;0;0;0;0;0;0;0;0;0;0;0;0
FR;10;2021-04-29;0;0;0;0;0;0;0;0;0;0;0;0;0;0;0;0;0;0
FR;10;2021-04-30;0;0;0;0;0;0;0;0;0;0;0;0;0;0;0;0;0;0
FR;10;2021-05-01;0;0;0;0;0;0;0;0;0;0;0;0;0;0;0;0;0;0
FR;10;2021-05-02;0;0;0;0;0;0;0;0;0;0;0;0;0;0;0;0;0;0
FR;10;2021-05-03;0;0;0;0;0;0;0;0;0;0;0;0;0;0;0;0;0;0
FR;10;2021-05-04;0;0;0;0;0;0;0;0;0;0;0;0;0;0;0;0;0;0
FR;10;2021-05-05;0;0;0;0;0;0;0;0;0;0;0;0;0;0;0;0;0;0
FR;10;2021-05-06;0;0;0;0;0;0;0;0;0;0;0;0;0;0;0;0;0;0
FR;10;2021-05-07;0;0;0;0;0;0;0;0;0;0;0;0;0;0;0;0;0;0
FR;10;2021-05-08;0;0;0;0;0;0;0;0;0;0;0;0;0;0;0;0;0;0
FR;10;2021-05-09;0;0;0;0;0;0;0;0;0;0;0;0;0;0;0;0;0;0
FR;10;2021-05-10;0;0;0;0;0;0;0;0;0;0;0;0;0;0;0;0;0;0
FR;10;2021-05-11;0;0;0;0;0;0;0;0;0;0;0;0;0;0;0;0;0;0
FR;10;2021-05-12;0;0;0;0;0;0;0;0;0;0;0;0;0;0;0;0;0;0
FR;10;2021-05-13;0;0;0;0;0;0;0;0;0;0;0;0;0;0;0;0;0;0
FR;10;2021-05-14;0;0;0;0;0;0;0;0;0;0;0;0;0;0;0;0;0;0
FR;10;2021-05-15;0;0;0;0;0;0;0;0;0;0;0;0;0;0;0;0;0;0
FR;10;2021-05-16;0;0;0;0;0;0;0;0;0;0;0;0;0;0;0;0;0;0
FR;10;2021-05-17;0;0;0;0;0;0;0;0;0;0;0;0;0;0;0;0;0;0
FR;10;2021-05-18;0;0;0;0;0;0;0;0;0;0;0;0;0;0;0;0;0;0
FR;10;2021-05-19;0;0;0;0;0;0;0;0;0;0;0;0;0;0;0;0;0;0
FR;10;2021-05-20;0;0;0;0;0;0;0;0;0;0;0;0;0;0;0;0;0;0
FR;10;2021-05-21;0;0;0;0;0;0;0;0;0;0;0;0;0;0;0;0;0;0
FR;10;2021-05-22;0;0;0;0;0;0;0;0;0;0;0;0;0;0;0;0;0;0
FR;10;2021-05-23;0;0;0;0;0;0;0;0;0;0;0;0;0;0;0;0;0;0
FR;10;2021-05-24;0;0;0;0;0;0;0;0;0;0;0;0;0;0;0;0;0;0
FR;10;2021-05-25;0;0;0;0;0;0;0;0;0;0;0;0;0;0;0;0;0;0
FR;10;2021-05-26;0;0;0;0;0;0;0;0;0;0;0;0;0;0;0;0;0;0
FR;10;2021-05-27;0;0;0;0;0;0;0;0;0;0;0;0;0;0;0;0;0;0
FR;10;2021-05-28;0;0;0;0;0;0;0;0;0;0;0;0;0;0;0;0;0;0
FR;10;2021-05-29;0;0;0;0;0;0;0;0;0;0;0;0;0;0;0;0;0;0
FR;10;2021-05-30;0;0;0;0;0;0;0;0;0;0;0;0;0;0;0;0;0;0
FR;10;2021-05-31;0;0;0;0;0;0;0;0;0;0;0;0;0;0;0;0;0;0
FR;10;2021-06-01;0;0;0;0;0;0;0;0;0;0;0;0;0;0;0;0;0;0
FR;10;2021-06-02;0;0;0;0;0;0;0;0;0;0;0;0;0;0;0;0;0;0
FR;10;2021-06-03;0;0;0;0;0;0;0;0;0;0;0;0;0;0;0;0;0;0
FR;10;2021-06-04;0;0;0;0;0;0;0;0;0;0;0;0;0;0;0;0;0;0
FR;10;2021-06-05;0;0;0;0;0;0;0;0;0;0;0;0;0;0;0;0;0;0
FR;10;2021-06-06;0;0;0;0;0;0;0;0;0;0;0;0;0;0;0;0;0;0
FR;10;2021-06-07;0;0;0;0;0;0;0;0;0;0;0;0;0;0;0;0;0;0
FR;10;2021-06-08;0;0;0;0;0;0;0;0;0;0;0;0;0;0;0;0;0;0
FR;10;2021-06-09;0;0;0;0;0;0;0;0;0;0;0;0;0;0;0;0;0;0
FR;10;2021-06-10;0;0;0;0;0;0;0;0;0;0;0;0;0;0;0;0;0;0
FR;10;2021-06-11;0;0;0;0;0;0;0;0;0;0;0;0;0;0;0;0;0;0
FR;10;2021-06-12;0;0;0;0;0;0;0;0;0;0;0;0;0;0;0;0;0;0
FR;10;2021-06-13;0;0;0;0;0;0;0;0;0;0;0;0;0;0;0;0;0;0
FR;10;2021-06-14;0;0;0;0;0;0;0;0;0;0;0;0;0;0;0;0;0;0
FR;10;2021-06-15;0;0;0;0;0;0;0;0;0;0;0;0;0;0;0;0;0;0
FR;10;2021-06-16;0;0;0;0;0;0;0;0;0;0;0;0;0;0;0;0;0;0
FR;10;2021-06-17;0;0;0;0;0;0;0;0;0;0;0;0;0;0;0;0;0;0
FR;10;2021-06-18;0;0;0;0;0;0;0;0;0;0;0;0;0;0;0;0;0;0
FR;10;2021-06-19;0;0;0;0;0;0;0;0;0;0;0;0;0;0;0;0;0;0
FR;10;2021-06-20;0;0;0;0;0;0;0;0;0;0;0;0;0;0;0;0;0;0
FR;10;2021-06-21;0;0;0;0;0;0;0;0;0;0;0;0;0;0;0;0;0;0
FR;10;2021-06-22;0;0;0;0;0;0;0;0;0;0;0;0;0;0;0;0;0;0
FR;10;2021-06-23;0;0;0;0;0;0;0;0;0;0;0;0;0;0;0;0;0;0
FR;10;2021-06-24;0;0;0;0;0;0;0;0;0;0;0;0;0;0;0;0;0;0
FR;10;2021-06-25;0;0;0;0;0;0;0;0;0;0;0;0;0;0;0;0;0;0
FR;10;2021-06-26;0;0;0;0;0;0;0;0;0;0;0;0;0;0;0;0;0;0
FR;10;2021-06-27;0;0;0;0;0;0;0;0;0;0;0;0;0;0;0;0;0;0
FR;10;2021-06-28;0;0;0;0;0;0;0;0;0;0;0;0;0;0;0;0;0;0
FR;10;2021-06-29;0;0;0;0;0;0;0;0;0;0;0;0;0;0;0;0;0;0
FR;10;2021-06-30;0;0;0;0;0;0;0;0;0;0;0;0;0;0;0;0;0;0
FR;10;2021-07-01;0;0;0;0;0;0;0;0;0;0;0;0;0;0;0;0;0;0
FR;10;2021-07-02;0;0;0;0;0;0;0;0;0;0;0;0;0;0;0;0;0;0
FR;10;2021-07-03;0;0;0;0;0;0;0;0;0;0;0;0;0;0;0;0;0;0
FR;10;2021-07-04;0;0;0;0;0;0;0;0;0;0;0;0;0;0;0;0;0;0
FR;10;2021-07-05;0;0;0;0;0;0;0;0;0;0;0;0;0;0;0;0;0;0
FR;10;2021-07-06;0;0;0;0;0;0;0;0;0;0;0;0;0;0;0;0;0;0
FR;10;2021-07-07;0;0;0;0;0;0;0;0;0;0;0;0;0;0;0;0;0;0
FR;10;2021-07-08;0;0;0;0;0;0;0;0;0;0;0;0;0;0;0;0;0;0
FR;10;2021-07-09;0;0;0;0;0;0;0;0;0;0;0;0;0;0;0;0;0;0
FR;10;2021-07-10;0;0;0;0;0;0;0;0;0;0;0;0;0;0;0;0;0;0
FR;10;2021-07-11;0;0;0;0;0;0;0;0;0;0;0;0;0;0;0;0;0;0
FR;10;2021-07-12;0;0;0;0;0;0;0;0;0;0;0;0;0;0;0;0;0;0
FR;10;2021-07-13;0;0;0;0;0;0;0;0;0;0;0;0;0;0;0;0;0;0
FR;10;2021-07-14;0;0;0;0;0;0;0;0;0;0;0;0;0;0;0;0;0;0
FR;10;2021-07-15;0;0;0;0;0;0;0;0;0;0;0;0;0;0;0;0;0;0
FR;10;2021-07-16;0;0;0;0;0;0;0;0;0;0;0;0;0;0;0;0;0;0
FR;10;2021-07-17;0;0;0;0;0;0;0;0;0;0;0;0;0;0;0;0;0;0
FR;10;2021-07-18;0;0;0;0;0;0;0;0;0;0;0;0;0;0;0;0;0;0
FR;10;2021-07-19;0;0;0;0;0;0;0;0;0;0;0;0;0;0;0;0;0;0
FR;10;2021-07-20;0;0;0;0;0;0;0;0;0;0;0;0;0;0;0;0;0;0
FR;10;2021-07-21;0;0;0;0;0;0;0;0;0;0;0;0;0;0;0;0;0;0
FR;10;2021-07-22;0;0;0;0;0;0;0;0;0;0;0;0;0;0;0;0;0;0
FR;10;2021-07-23;0;0;0;0;0;0;0;0;0;0;0;0;0;0;0;0;0;0
FR;10;2021-07-24;0;0;0;0;0;0;0;0;0;0;0;0;0;0;0;0;0;0
FR;10;2021-07-25;0;0;0;0;0;0;0;0;0;0;0;0;0;0;0;0;0;0
FR;10;2021-07-26;0;0;0;0;0;0;0;0;0;0;0;0;0;0;0;0;0;0
FR;10;2021-07-27;0;0;0;0;0;0;0;0;0;0;0;0;0;0;0;0;0;0
FR;10;2021-07-28;0;0;0;0;0;0;0;0;0;0;0;0;0;0;0;0;0;0
FR;10;2021-07-29;0;0;0;0;0;0;0;0;0;0;0;0;0;0;0;0;0;0
FR;10;2021-07-30;0;0;0;0;0;0;0;0;0;0;0;0;0;0;0;0;0;0
FR;10;2021-07-31;0;0;0;0;0;0;0;0;0;0;0;0;0;0;0;0;0;0
FR;10;2021-08-01;0;0;0;0;0;0;0;0;0;0;0;0;0;0;0;0;0;0
FR;10;2021-08-02;0;0;0;0;0;0;0;0;0;0;0;0;0;0;0;0;0;0
FR;10;2021-08-03;0;0;0;0;0;0;0;0;0;0;0;0;0;0;0;0;0;0
FR;10;2021-08-04;0;0;0;0;0;0;0;0;0;0;0;0;0;0;0;0;0;0
FR;10;2021-08-05;0;0;0;0;0;0;0;0;0;0;0;0;0;0;0;0;0;0
FR;10;2021-08-06;0;0;0;0;0;0;0;0;0;0;0;0;0;0;0;0;0;0
FR;10;2021-08-07;0;0;0;0;0;0;0;0;0;0;0;0;0;0;0;0;0;0
FR;10;2021-08-08;0;0;0;0;0;0;0;0;0;0;0;0;0;0;0;0;0;0
FR;10;2021-08-09;0;0;0;0;0;0;0;0;0;0;0;0;0;0;0;0;0;0
FR;10;2021-08-10;0;0;0;0;0;0;0;0;0;0;0;0;0;0;0;0;0;0
FR;10;2021-08-11;0;0;0;0;0;0;0;0;0;0;0;0;0;0;0;0;0;0
FR;10;2021-08-12;0;0;0;0;0;0;0;0;0;0;0;0;0;0;0;0;0;0
FR;10;2021-08-13;0;0;0;0;0;0;0;0;0;0;0;0;0;0;0;0;0;0
FR;10;2021-08-14;0;0;0;0;0;0;0;0;0;0;0;0;0;0;0;0;0;0
FR;10;2021-08-15;0;0;0;0;0;0;0;0;0;0;0;0;0;0;0;0;0;0
FR;10;2021-08-16;0;0;0;0;0;0;0;0;0;0;0;0;0;0;0;0;0;0
FR;10;2021-08-17;0;0;0;0;0;0;0;0;0;0;0;0;0;0;0;0;0;0
FR;10;2021-08-18;0;0;0;0;0;0;0;0;0;0;0;0;0;0;0;0;0;0
FR;10;2021-08-19;0;0;0;0;0;0;0;0;0;0;0;0;0;0;0;0;0;0
FR;10;2021-08-20;0;0;0;0;0;0;0;0;0;0;0;0;0;0;0;0;0;0
FR;10;2021-08-21;0;0;0;0;0;0;0;0;0;0;0;0;0;0;0;0;0;0
FR;10;2021-08-22;0;0;0;0;0;0;0;0;0;0;0;0;0;0;0;0;0;0
FR;10;2021-08-23;0;0;0;0;0;0;0;0;0;0;0;0;0;0;0;0;0;0
FR;10;2021-08-24;0;0;0;0;0;0;0;0;0;0;0;0;0;0;0;0;0;0
FR;10;2021-08-25;0;0;0;0;0;0;0;0;0;0;0;0;0;0;0;0;0;0
FR;10;2021-08-26;0;0;0;0;0;0;0;0;0;0;0;0;0;0;0;0;0;0
FR;10;2021-08-27;0;0;0;0;0;0;0;0;0;0;0;0;0;0;0;0;0;0
FR;10;2021-08-28;0;0;0;0;0;0;0;0;0;0;0;0;0;0;0;0;0;0
FR;10;2021-08-29;0;0;0;0;0;0;0;0;0;0;0;0;0;0;0;0;0;0
FR;10;2021-08-30;0;0;0;0;0;0;0;0;0;0;0;0;0;0;0;0;0;0
FR;10;2021-08-31;0;0;0;0;0;0;0;0;0;0;0;0;0;0;0;0;0;0
FR;10;2021-09-01;0;0;0;0;0;0;0;0;0;0;0;0;0;0;0;0;0;0
FR;10;2021-09-02;0;0;0;0;0;0;0;0;0;0;0;0;0;0;0;0;0;0
FR;10;2021-09-03;0;0;0;0;0;0;0;0;0;0;0;0;0;0;0;0;0;0
FR;10;2021-09-04;0;0;0;0;0;0;0;0;0;0;0;0;0;0;0;0;0;0
FR;10;2021-09-05;0;0;0;0;0;0;0;0;0;0;0;0;0;0;0;0;0;0
FR;10;2021-09-06;0;0;0;0;0;0;0;0;0;0;0;0;0;0;0;0;0;0
FR;10;2021-09-07;0;0;0;0;0;0;0;0;0;0;0;0;0;0;0;0;0;0
FR;10;2021-09-08;0;0;0;0;0;0;0;0;0;0;0;0;0;0;0;0;0;0
FR;10;2021-09-09;0;0;0;0;0;0;0;0;0;0;0;0;0;0;0;0;0;0
FR;10;2021-09-10;0;0;0;0;0;0;0;0;0;0;0;0;0;0;0;0;0;0
FR;10;2021-09-11;0;0;0;0;0;0;0;0;0;0;0;0;0;0;0;0;0;0
FR;10;2021-09-12;0;0;0;0;0;0;0;0;0;0;0;0;0;0;0;0;0;0
FR;10;2021-09-13;0;0;0;0;0;0;0;0;0;0;0;0;0;0;0;0;0;0
FR;10;2021-09-14;0;0;0;0;0;0;0;0;0;0;0;0;0;0;0;0;0;0
FR;10;2021-09-15;0;0;0;0;0;0;0;0;0;0;0;0;0;0;0;0;0;0
FR;10;2021-09-16;0;0;0;0;0;0;0;0;0;0;0;0;0;0;0;0;0;0
FR;10;2021-09-17;0;0;0;0;0;0;0;0;0;0;0;0;0;0;0;0;0;0
FR;10;2021-09-18;0;0;0;0;0;0;0;0;0;0;0;0;0;0;0;0;0;0
FR;10;2021-09-19;0;0;0;0;0;0;0;0;0;0;0;0;0;0;0;0;0;0
FR;10;2021-09-20;0;0;0;0;0;0;0;0;0;0;0;0;0;0;0;0;0;0
FR;10;2021-09-21;0;0;0;0;0;0;0;0;0;0;0;0;0;0;0;0;0;0
FR;10;2021-09-22;0;0;0;0;0;0;0;0;0;0;0;0;0;0;0;0;0;0
FR;10;2021-09-23;0;0;0;0;0;0;0;0;0;0;0;0;0;0;0;0;0;0
FR;10;2021-09-24;0;0;0;0;0;0;0;0;0;0;0;0;0;0;0;0;0;0
FR;10;2021-09-25;0;0;0;0;0;0;0;0;0;0;0;0;0;0;0;0;0;0
FR;10;2021-09-26;0;0;0;0;0;0;0;0;0;0;0;0;0;0;0;0;0;0
FR;10;2021-09-27;0;0;0;0;0;0;0;0;0;0;0;0;0;0;0;0;0;0
FR;10;2021-09-28;0;0;0;0;0;0;0;0;0;0;0;0;0;0;0;0;0;0
FR;10;2021-09-29;0;0;0;0;0;0;0;0;0;0;0;0;0;0;0;0;0;0
FR;10;2021-09-30;0;0;0;0;0;0;0;0;0;0;0;0;0;0;0;0;0;0
FR;10;2021-10-01;0;0;0;0;0;0;0;0;0;0;0;0;0;0;0;0;0;0
FR;10;2021-10-02;0;0;0;0;0;0;0;0;0;0;0;0;0;0;0;0;0;0
FR;10;2021-10-03;0;0;0;0;0;0;0;0;0;0;0;0;0;0;0;0;0;0
FR;10;2021-10-04;0;0;0;0;0;0;0;0;0;0;0;0;0;0;0;0;0;0
FR;10;2021-10-05;0;0;0;0;0;0;0;0;0;0;0;0;0;0;0;0;0;0
FR;10;2021-10-06;0;0;0;0;0;0;0;0;0;0;0;0;0;0;0;0;0;0
FR;10;2021-10-07;0;0;0;0;0;0;0;0;0;0;0;0;0;0;0;0;0;0
FR;10;2021-10-08;0;0;0;0;0;0;0;0;0;0;0;0;0;0;0;0;0;0
FR;10;2021-10-09;0;0;0;0;0;0;0;0;0;0;0;0;0;0;0;0;0;0
FR;10;2021-10-10;0;0;0;0;0;0;0;0;0;0;0;0;0;0;0;0;0;0
FR;10;2021-10-11;0;0;0;0;0;0;0;0;0;0;0;0;0;0;0;0;0;0
FR;10;2021-10-12;0;0;0;0;0;0;0;0;0;0;0;0;0;0;0;0;0;0
FR;10;2021-10-13;0;0;0;0;0;0;0;0;0;0;0;0;0;0;0;0;0;0
FR;10;2021-10-14;0;0;0;0;0;0;0;0;0;0;0;0;0;0;0;0;0;0
FR;10;2021-10-15;0;0;0;0;0;0;0;0;0;0;0;0;0;0;0;0;0;0
FR;10;2021-10-16;0;0;0;0;0;0;0;0;0;0;0;0;0;0;0;0;0;0
FR;10;2021-10-17;0;0;0;0;0;0;0;0;0;0;0;0;0;0;0;0;0;0
FR;10;2021-10-18;0;0;0;0;0;0;0;0;0;0;0;0;0;0;0;0;0;0
FR;10;2021-10-19;0;0;0;0;0;0;0;0;0;0;0;0;0;0;0;0;0;0
FR;10;2021-10-20;0;0;0;0;0;0;0;0;0;0;0;0;0;0;0;0;0;0
FR;10;2021-10-21;0;0;0;0;0;0;0;0;0;0;0;0;0;0;0;0;0;0
FR;10;2021-10-22;0;0;0;0;0;0;0;0;0;0;0;0;0;0;0;0;0;0
FR;10;2021-10-23;0;0;0;0;0;0;0;0;0;0;0;0;0;0;0;0;0;0
FR;10;2021-10-24;0;0;0;0;0;0;0;0;0;0;0;0;0;0;0;0;0;0
FR;10;2021-10-25;0;0;0;0;0;0;0;0;0;0;0;0;0;0;0;0;0;0
FR;10;2021-10-26;0;0;0;0;0;0;0;0;0;0;0;0;0;0;0;0;0;0
FR;10;2021-10-27;0;0;0;0;0;0;0;0;0;0;0;0;0;0;0;0;0;0
FR;10;2021-10-28;0;0;0;0;0;0;0;0;0;0;0;0;0;0;0;0;0;0
FR;10;2021-10-29;0;0;0;0;0;0;0;0;0;0;0;0;0;0;0;0;0;0
FR;10;2021-10-30;0;0;0;0;0;0;0;0;0;0;0;0;0;0;0;0;0;0
FR;10;2021-10-31;0;0;0;0;0;0;0;0;0;0;0;0;0;0;0;0;0;0
FR;10;2021-11-01;0;0;0;0;0;0;0;0;0;0;0;0;0;0;0;0;0;0
FR;10;2021-11-02;0;0;0;0;0;0;0;0;0;0;0;0;0;0;0;0;0;0
FR;10;2021-11-03;0;0;0;0;0;0;0;0;0;0;0;0;0;0;0;0;0;0
FR;10;2021-11-04;0;0;0;0;0;0;0;0;0;0;0;0;0;0;0;0;0;0
FR;10;2021-11-05;0;0;0;0;0;0;0;0;0;0;0;0;0;0;0;0;0;0
FR;10;2021-11-06;0;0;0;0;0;0;0;0;0;0;0;0;0;0;0;0;0;0
FR;10;2021-11-07;0;0;0;0;0;0;0;0;0;0;0;0;0;0;0;0;0;0
FR;10;2021-11-08;0;0;0;0;0;0;0;0;0;0;0;0;0;0;0;0;0;0
FR;10;2021-11-09;0;0;0;0;0;0;0;0;0;0;0;0;0;0;0;0;0;0
FR;10;2021-11-10;0;0;0;0;0;0;0;0;0;0;0;0;0;0;0;0;0;0
FR;10;2021-11-11;0;0;0;0;0;0;0;0;0;0;0;0;0;0;0;0;0;0
FR;10;2021-11-12;0;0;0;0;0;0;0;0;0;0;0;0;0;0;0;0;0;0
FR;10;2021-11-13;0;0;0;0;0;0;0;0;0;0;0;0;0;0;0;0;0;0
FR;10;2021-11-14;0;0;0;0;0;0;0;0;0;0;0;0;0;0;0;0;0;0
FR;10;2021-11-15;0;0;0;0;0;0;0;0;0;0;0;0;0;0;0;0;0;0
FR;10;2021-11-16;0;0;0;0;0;0;0;0;0;0;0;0;0;0;0;0;0;0
FR;10;2021-11-17;0;0;0;0;0;0;0;0;0;0;0;0;0;0;0;0;0;0
FR;10;2021-11-18;0;0;0;0;0;0;0;0;0;0;0;0;0;0;0;0;0;0
FR;10;2021-11-19;0;0;0;0;0;0;0;0;0;0;0;0;0;0;0;0;0;0
FR;10;2021-11-20;0;0;0;0;0;0;0;0;0;0;0;0;0;0;0;0;0;0
FR;10;2021-11-21;0;0;0;0;0;0;0;0;0;0;0;0;0;0;0;0;0;0
FR;10;2021-11-22;0;0;0;0;0;0;0;0;0;0;0;0;0;0;0;0;0;0
FR;10;2021-11-23;0;0;0;0;0;0;0;0;0;0;0;0;0;0;0;0;0;0
FR;10;2021-11-24;0;0;0;0;0;0;0;0;0;0;0;0;0;0;0;0;0;0
FR;10;2021-11-25;0;0;0;0;0;0;0;0;0;0;0;0;0;0;0;0;0;0
FR;10;2021-11-26;0;0;0;0;0;0;0;0;0;0;0;0;0;0;0;0;0;0
FR;10;2021-11-27;0;0;0;0;0;0;0;0;0;0;0;0;0;0;0;0;0;0
FR;10;2021-11-28;0;0;0;0;0;0;0;0;0;0;0;0;0;0;0;0;0;0
FR;10;2021-11-29;0;0;0;0;0;0;0;0;0;0;0;0;0;0;0;0;0;0
FR;10;2021-11-30;0;0;0;0;0;0;0;0;0;0;0;0;0;0;0;0;0;0
FR;10;2021-12-01;0;0;0;0;0;0;0;0;0;0;0;0;0;0;0;0;0;0
FR;10;2021-12-02;0;0;0;0;0;0;0;0;0;0;0;0;0;0;0;0;0;0
FR;10;2021-12-03;0;0;0;0;0;0;0;0;0;0;0;0;0;0;0;0;0;0
FR;10;2021-12-04;0;0;0;0;0;0;0;0;0;0;0;0;0;0;0;0;0;0
FR;10;2021-12-05;0;0;0;0;0;0;0;0;0;0;0;0;0;0;0;0;0;0
FR;10;2021-12-06;0;0;0;0;0;0;0;0;0;0;0;0;0;0;0;0;0;0
FR;10;2021-12-07;0;0;0;0;0;0;0;0;0;0;0;0;0;0;0;0;0;0
FR;10;2021-12-08;0;0;0;0;0;0;0;0;0;0;0;0;0;0;0;0;0;0
FR;10;2021-12-09;0;0;0;0;0;0;0;0;0;0;0;0;0;0;0;0;0;0
FR;10;2021-12-10;0;0;0;0;0;0;0;0;0;0;0;0;0;0;0;0;0;0
FR;10;2021-12-11;0;0;0;0;0;0;0;0;0;0;0;0;0;0;0;0;0;0
FR;10;2021-12-12;0;0;0;0;0;0;0;0;0;0;0;0;0;0;0;0;0;0
FR;10;2021-12-13;0;0;0;0;0;0;0;0;0;0;0;0;0;0;0;0;0;0
FR;10;2021-12-14;0;0;0;0;0;0;0;0;0;0;0;0;0;0;0;0;0;0
FR;10;2021-12-15;0;0;0;0;0;0;0;0;0;0;0;0;0;0;0;0;0;0
FR;10;2021-12-16;0;0;0;0;0;0;0;0;0;0;0;0;0;0;0;0;0;0
FR;10;2021-12-17;0;0;0;0;0;0;0;0;0;0;0;0;0;0;0;0;0;0
FR;10;2021-12-18;0;0;0;0;0;0;0;0;0;0;0;0;0;0;0;0;0;0
FR;10;2021-12-19;0;0;0;0;0;0;0;0;0;0;0;0;0;0;0;0;0;0
FR;10;2021-12-20;0;0;0;0;0;0;0;0;0;0;0;0;0;0;0;0;0;0
FR;10;2021-12-21;0;0;0;0;0;0;0;0;0;0;0;0;0;0;0;0;0;0
FR;10;2021-12-22;0;0;0;0;0;0;0;0;0;0;0;0;0;0;0;0;0;0
FR;10;2021-12-23;0;0;0;0;0;0;0;0;0;0;0;0;0;0;0;0;0;0
FR;10;2021-12-24;0;0;0;0;0;0;0;0;0;0;0;0;0;0;0;0;0;0
FR;10;2021-12-25;0;0;0;0;0;0;0;0;0;0;0;0;0;0;0;0;0;0
FR;10;2021-12-26;0;0;0;0;0;0;0;0;0;0;0;0;0;0;0;0;0;0
FR;10;2021-12-27;0;0;0;0;0;0;0;0;0;0;0;0;0;0;0;0;0;0
FR;10;2021-12-28;0;0;0;0;0;0;0;0;0;0;0;0;0;0;0;0;0;0
FR;10;2021-12-29;0;0;0;0;0;0;0;0;0;0;0;0;0;0;0;0;0;0
FR;10;2021-12-30;0;0;0;0;0;0;0;0;0;0;0;0;0;0;0;0;0;0
FR;10;2021-12-31;0;0;0;0;0;0;0;0;0;0;0;0;0;0;0;0;0;0
FR;10;2022-01-01;0;0;0;0;0;0;0;0;0;0;0;0;0;0;0;0;0;0
FR;10;2022-01-02;0;0;0;0;0;0;0;0;0;0;0;0;0;0;0;0;0;0
FR;10;2022-01-03;0;0;0;0;0;0;0;0;0;0;0;0;0;0;0;0;0;0
FR;10;2022-01-04;0;0;0;0;0;0;0;0;0;0;0;0;0;0;0;0;0;0
FR;10;2022-01-05;0;0;0;0;0;0;0;0;0;0;0;0;0;0;0;0;0;0
FR;10;2022-01-06;0;0;0;0;0;0;0;0;0;0;0;0;0;0;0;0;0;0
FR;10;2022-01-07;0;0;0;0;0;0;0;0;0;0;0;0;0;0;0;0;0;0
FR;10;2022-01-08;0;0;0;0;0;0;0;0;0;0;0;0;0;0;0;0;0;0
FR;10;2022-01-09;0;0;0;0;0;0;0;0;0;0;0;0;0;0;0;0;0;0
FR;10;2022-01-10;0;0;0;0;0;0;0;0;0;0;0;0;0;0;0;0;0;0
FR;10;2022-01-11;0;0;0;0;0;0;0;0;0;0;0;0;0;0;0;0;0;0
FR;10;2022-01-12;0;0;0;0;0;0;0;0;0;0;0;0;0;0;0;0;0;0
FR;10;2022-01-13;0;0;0;0;0;0;0;0;0;0;0;0;0;0;0;0;0;0
FR;10;2022-01-14;0;0;0;0;0;0;0;0;0;0;0;0;0;0;0;0;0;0
FR;10;2022-01-15;0;0;0;0;0;0;0;0;0;0;0;0;0;0;0;0;0;0
FR;10;2022-01-16;0;0;0;0;0;0;0;0;0;0;0;0;0;0;0;0;0;0
FR;10;2022-01-17;0;0;0;0;0;0;0;0;0;0;0;0;0;0;0;0;0;0
FR;10;2022-01-18;0;0;0;0;0;0;0;0;0;0;0;0;0;0;0;0;0;0
FR;10;2022-01-19;0;0;0;0;0;0;0;0;0;0;0;0;0;0;0;0;0;0
FR;10;2022-01-20;0;0;0;0;0;0;0;0;0;0;0;0;0;0;0;0;0;0
FR;10;2022-01-21;0;0;0;0;0;0;0;0;0;0;0;0;0;0;0;0;0;0
FR;10;2022-01-22;0;0;0;0;0;0;0;0;0;0;0;0;0;0;0;0;0;0
FR;10;2022-01-23;0;0;0;0;0;0;0;0;0;0;0;0;0;0;0;0;0;0
FR;10;2022-01-24;0;0;0;0;0;0;0;0;0;0;0;0;0;0;0;0;0;0
FR;10;2022-01-25;0;0;0;0;0;0;0;0;0;0;0;0;0;0;0;0;0;0
FR;10;2022-01-26;0;0;0;0;0;0;0;0;0;0;0;0;0;0;0;0;0;0
FR;10;2022-01-27;0;0;0;0;0;0;0;0;0;0;0;0;0;0;0;0;0;0
FR;10;2022-01-28;0;0;0;0;0;0;0;0;0;0;0;0;0;0;0;0;0;0
FR;10;2022-01-29;0;0;0;0;0;0;0;0;0;0;0;0;0;0;0;0;0;0
FR;10;2022-01-30;0;0;0;0;0;0;0;0;0;0;0;0;0;0;0;0;0;0
FR;10;2022-01-31;0;0;0;0;0;0;0;0;0;0;0;0;0;0;0;0;0;0
FR;10;2022-02-01;0;0;0;0;0;0;0;0;0;0;0;0;0;0;0;0;0;0
FR;10;2022-02-02;0;0;0;0;0;0;0;0;0;0;0;0;0;0;0;0;0;0
FR;10;2022-02-03;0;0;0;0;0;0;0;0;0;0;0;0;0;0;0;0;0;0
FR;10;2022-02-04;0;0;0;0;0;0;0;0;0;0;0;0;0;0;0;0;0;0
FR;10;2022-02-05;0;0;0;0;0;0;0;0;0;0;0;0;0;0;0;0;0;0
FR;10;2022-02-06;0;0;0;0;0;0;0;0;0;0;0;0;0;0;0;0;0;0
FR;10;2022-02-07;0;0;0;0;0;0;0;0;0;0;0;0;0;0;0;0;0;0
FR;10;2022-02-08;0;0;0;0;0;0;0;0;0;0;0;0;0;0;0;0;0;0
FR;10;2022-02-09;0;0;0;0;0;0;0;0;0;0;0;0;0;0;0;0;0;0
FR;10;2022-02-10;0;0;0;0;0;0;0;0;0;0;0;0;0;0;0;0;0;0
FR;10;2022-02-11;0;0;0;0;0;0;0;0;0;0;0;0;0;0;0;0;0;0
FR;10;2022-02-12;0;0;0;0;0;0;0;0;0;0;0;0;0;0;0;0;0;0
FR;10;2022-02-13;0;0;0;0;0;0;0;0;0;0;0;0;0;0;0;0;0;0
FR;10;2022-02-14;0;0;0;0;0;0;0;0;0;0;0;0;0;0;0;0;0;0
FR;10;2022-02-15;0;0;0;0;0;0;0;0;0;0;0;0;0;0;0;0;0;0
FR;10;2022-02-16;0;0;0;0;0;0;0;0;0;0;0;0;0;0;0;0;0;0
FR;10;2022-02-17;0;0;0;0;0;0;0;0;0;0;0;0;0;0;0;0;0;0
FR;10;2022-02-18;0;0;0;0;0;0;0;0;0;0;0;0;0;0;0;0;0;0
FR;10;2022-02-19;0;0;0;0;0;0;0;0;0;0;0;0;0;0;0;0;0;0
FR;10;2022-02-20;0;0;0;0;0;0;0;0;0;0;0;0;0;0;0;0;0;0
FR;10;2022-02-21;0;0;0;0;0;0;0;0;0;0;0;0;0;0;0;0;0;0
FR;10;2022-02-22;0;0;0;0;0;0;0;0;0;0;0;0;0;0;0;0;0;0
FR;10;2022-02-23;0;0;0;0;0;0;0;0;0;0;0;0;0;0;0;0;0;0
FR;10;2022-02-24;0;0;0;0;0;0;0;0;0;0;0;0;0;0;0;0;0;0
FR;10;2022-02-25;0;0;0;0;0;0;0;0;0;0;0;0;0;0;0;0;0;0
FR;10;2022-02-26;0;0;0;0;0;0;0;0;0;0;0;0;0;0;0;0;0;0
FR;10;2022-02-27;0;0;0;0;0;0;0;0;0;0;0;0;0;0;0;0;0;0
FR;10;2022-02-28;0;0;0;0;0;0;0;0;0;0;0;0;0;0;0;0;0;0
FR;10;2022-03-01;0;0;0;0;0;0;0;0;0;0;0;0;0;0;0;0;0;0
FR;10;2022-03-02;0;0;0;0;0;0;0;0;0;0;0;0;0;0;0;0;0;0
FR;10;2022-03-03;0;0;0;0;0;0;0;0;0;0;0;0;0;0;0;0;0;0
FR;10;2022-03-04;0;0;0;0;0;0;0;0;0;0;0;0;0;0;0;0;0;0
FR;10;2022-03-05;0;0;0;0;0;0;0;0;0;0;0;0;0;0;0;0;0;0
FR;10;2022-03-06;0;0;0;0;0;0;0;0;0;0;0;0;0;0;0;0;0;0
FR;10;2022-03-07;0;0;0;0;0;0;0;0;0;0;0;0;0;0;0;0;0;0
FR;10;2022-03-08;0;0;0;0;0;0;0;0;0;0;0;0;0;0;0;0;0;0
FR;10;2022-03-09;0;0;0;0;0;0;0;0;0;0;0;0;0;0;0;0;0;0
FR;10;2022-03-10;0;0;0;0;0;0;0;0;0;0;0;0;0;0;0;0;0;0
FR;10;2022-03-11;0;0;0;0;0;0;0;0;0;0;0;0;0;0;0;0;0;0
FR;10;2022-03-12;0;0;0;0;0;0;0;0;0;0;0;0;0;0;0;0;0;0
FR;10;2022-03-13;0;0;0;0;0;0;0;0;0;0;0;0;0;0;0;0;0;0
FR;10;2022-03-14;0;0;0;0;0;0;0;0;0;0;0;0;0;0;0;0;0;0
FR;10;2022-03-15;0;0;0;0;0;0;0;0;0;0;0;0;0;0;0;0;0;0
FR;10;2022-03-16;0;0;0;0;0;0;0;0;0;0;0;0;0;0;0;0;0;0
FR;10;2022-03-17;0;0;0;0;0;0;0;0;0;0;0;0;0;0;0;0;0;0
FR;10;2022-03-18;0;0;0;0;0;0;0;0;0;0;0;0;0;0;0;0;0;0
FR;10;2022-03-19;0;0;0;0;0;0;0;0;0;0;0;0;0;0;0;0;0;0
FR;10;2022-03-20;0;0;0;0;0;0;0;0;0;0;0;0;0;0;0;0;0;0
FR;10;2022-03-21;0;0;0;0;0;0;0;0;0;0;0;0;0;0;0;0;0;0
FR;10;2022-03-22;0;0;0;0;0;0;0;0;0;0;0;0;0;0;0;0;0;0
FR;10;2022-03-23;0;0;0;0;0;0;0;0;0;0;0;0;0;0;0;0;0;0
FR;10;2022-03-24;0;0;0;0;0;0;0;0;0;0;0;0;0;0;0;0;0;0
FR;10;2022-03-25;0;0;0;0;0;0;0;0;0;0;0;0;0;0;0;0;0;0
FR;10;2022-03-26;0;0;0;0;0;0;0;0;0;0;0;0;0;0;0;0;0;0
FR;10;2022-03-27;0;0;0;0;0;0;0;0;0;0;0;0;0;0;0;0;0;0
FR;10;2022-03-28;0;0;0;0;0;0;0;0;0;0;0;0;0;0;0;0;0;0
FR;10;2022-03-29;0;0;0;0;0;0;0;0;0;0;0;0;0;0;0;0;0;0
FR;10;2022-03-30;0;0;0;0;0;0;0;0;0;0;0;0;0;0;0;0;0;0
FR;10;2022-03-31;0;0;0;0;0;0;0;0;0;0;0;0;0;0;0;0;0;0
FR;10;2022-04-01;0;0;0;0;0;0;0;0;0;0;0;0;0;0;0;0;0;0
FR;10;2022-04-02;0;0;0;0;0;0;0;0;0;0;0;0;0;0;0;0;0;0
FR;10;2022-04-03;0;0;0;0;0;0;0;0;0;0;0;0;0;0;0;0;0;0
FR;10;2022-04-04;0;0;0;0;0;0;0;0;0;0;0;0;0;0;0;0;0;0
FR;10;2022-04-05;0;0;0;0;0;0;0;0;0;0;0;0;0;0;0;0;0;0
FR;10;2022-04-06;0;0;0;0;0;0;0;0;0;0;0;0;0;0;0;0;0;0
FR;10;2022-04-07;0;0;0;0;0;0;0;0;0;0;0;0;0;0;0;0;0;0
FR;10;2022-04-08;0;0;0;0;0;0;0;0;0;0;0;0;0;0;0;0;0;0
FR;10;2022-04-09;0;0;0;0;0;0;0;0;0;0;0;0;0;0;0;0;0;0
FR;10;2022-04-10;0;0;0;0;0;0;0;0;0;0;0;0;0;0;0;0;0;0
FR;10;2022-04-11;0;0;0;0;0;0;0;0;0;0;0;0;0;0;0;0;0;0
FR;10;2022-04-12;0;0;0;0;0;0;0;0;0;0;0;0;0;0;0;0;0;0
FR;10;2022-04-13;0;0;0;0;0;0;0;0;0;0;0;0;0;0;0;0;0;0
FR;10;2022-04-14;0;0;0;0;0;0;0;0;0;0;0;0;0;0;0;0;0;0
FR;10;2022-04-15;0;0;0;0;0;0;0;0;0;0;0;0;0;0;0;0;0;0
FR;10;2022-04-16;0;0;0;0;0;0;0;0;0;0;0;0;0;0;0;0;0;0
FR;10;2022-04-17;0;0;0;0;0;0;0;0;0;0;0;0;0;0;0;0;0;0
FR;10;2022-04-18;0;0;0;0;0;0;0;0;0;0;0;0;0;0;0;0;0;0
FR;10;2022-04-19;0;0;0;0;0;0;0;0;0;0;0;0;0;0;0;0;0;0
FR;10;2022-04-20;0;0;0;0;0;0;0;0;0;0;0;0;0;0;0;0;0;0
FR;10;2022-04-21;0;0;0;0;0;0;0;0;0;0;0;0;0;0;0;0;0;0
FR;10;2022-04-22;0;0;0;0;0;0;0;0;0;0;0;0;0;0;0;0;0;0
FR;10;2022-04-23;0;0;0;0;0;0;0;0;0;0;0;0;0;0;0;0;0;0
FR;10;2022-04-24;0;0;0;0;0;0;0;0;0;0;0;0;0;0;0;0;0;0
FR;10;2022-04-25;0;0;0;0;0;0;0;0;0;0;0;0;0;0;0;0;0;0
FR;10;2022-04-26;0;0;0;0;0;0;0;0;0;0;0;0;0;0;0;0;0;0
FR;10;2022-04-27;0;0;0;0;0;0;0;0;0;0;0;0;0;0;0;0;0;0
FR;10;2022-04-28;0;0;0;0;0;0;0;0;0;0;0;0;0;0;0;0;0;0
FR;10;2022-04-29;0;0;0;0;0;0;0;0;0;0;0;0;0;0;0;0;0;0
FR;10;2022-04-30;0;0;0;0;0;0;0;0;0;0;0;0;0;0;0;0;0;0
FR;10;2022-05-01;0;0;0;0;0;0;0;0;0;0;0;0;0;0;0;0;0;0
FR;10;2022-05-02;0;0;0;0;0;0;0;0;0;0;0;0;0;0;0;0;0;0
FR;10;2022-05-03;0;0;0;0;0;0;0;0;0;0;0;0;0;0;0;0;0;0
FR;10;2022-05-04;0;0;0;0;0;0;0;0;0;0;0;0;0;0;0;0;0;0
FR;10;2022-05-05;0;0;0;0;0;0;0;0;0;0;0;0;0;0;0;0;0;0
FR;10;2022-05-06;0;0;0;0;0;0;0;0;0;0;0;0;0;0;0;0;0;0
FR;10;2022-05-07;0;0;0;0;0;0;0;0;0;0;0;0;0;0;0;0;0;0
FR;10;2022-05-08;0;0;0;0;0;0;0;0;0;0;0;0;0;0;0;0;0;0
FR;10;2022-05-09;0;0;0;0;0;0;0;0;0;0;0;0;0;0;0;0;0;0
FR;10;2022-05-10;0;0;0;0;0;0;0;0;0;0;0;0;0;0;0;0;0;0
FR;10;2022-05-11;0;0;0;0;0;0;0;0;0;0;0;0;0;0;0;0;0;0
FR;10;2022-05-12;0;0;0;0;0;0;0;0;0;0;0;0;0;0;0;0;0;0
FR;10;2022-05-13;0;0;0;0;0;0;0;0;0;0;0;0;0;0;0;0;0;0
FR;10;2022-05-14;0;0;0;0;0;0;0;0;0;0;0;0;0;0;0;0;0;0
FR;10;2022-05-15;0;0;0;0;0;0;0;0;0;0;0;0;0;0;0;0;0;0
FR;10;2022-05-16;0;0;0;0;0;0;0;0;0;0;0;0;0;0;0;0;0;0
FR;10;2022-05-17;0;0;0;0;0;0;0;0;0;0;0;0;0;0;0;0;0;0
FR;10;2022-05-18;0;0;0;0;0;0;0;0;0;0;0;0;0;0;0;0;0;0
FR;10;2022-05-19;0;0;0;0;0;0;0;0;0;0;0;0;0;0;0;0;0;0
FR;10;2022-05-20;0;0;0;0;0;0;0;0;0;0;0;0;0;0;0;0;0;0
FR;10;2022-05-21;0;0;0;0;0;0;0;0;0;0;0;0;0;0;0;0;0;0
FR;10;2022-05-22;0;0;0;0;0;0;0;0;0;0;0;0;0;0;0;0;0;0
FR;10;2022-05-23;0;0;0;0;0;0;0;0;0;0;0;0;0;0;0;0;0;0
FR;10;2022-05-24;0;0;0;0;0;0;0;0;0;0;0;0;0;0;0;0;0;0
FR;10;2022-05-25;0;0;0;0;0;0;0;0;0;0;0;0;0;0;0;0;0;0
FR;10;2022-05-26;0;0;0;0;0;0;0;0;0;0;0;0;0;0;0;0;0;0
FR;10;2022-05-27;0;0;0;0;0;0;0;0;0;0;0;0;0;0;0;0;0;0
FR;10;2022-05-28;0;0;0;0;0;0;0;0;0;0;0;0;0;0;0;0;0;0
FR;10;2022-05-29;0;0;0;0;0;0;0;0;0;0;0;0;0;0;0;0;0;0
FR;10;2022-05-30;0;0;0;0;0;0;0;0;0;0;0;0;0;0;0;0;0;0
FR;10;2022-05-31;0;0;0;0;0;0;0;0;0;0;0;0;0;0;0;0;0;0
FR;10;2022-06-01;0;0;0;0;0;0;0;0;0;0;0;0;0;0;0;0;0;0
FR;10;2022-06-02;0;0;0;0;0;0;0;0;0;0;0;0;0;0;0;0;0;0
FR;10;2022-06-03;0;0;0;0;0;0;0;0;0;0;0;0;0;0;0;0;0;0
FR;10;2022-06-04;0;0;0;0;0;0;0;0;0;0;0;0;0;0;0;0;0;0
FR;10;2022-06-05;0;0;0;0;0;0;0;0;0;0;0;0;0;0;0;0;0;0
FR;10;2022-06-06;0;0;0;0;0;0;0;0;0;0;0;0;0;0;0;0;0;0
FR;10;2022-06-07;0;0;0;0;0;0;0;0;0;0;0;0;0;0;0;0;0;0
FR;10;2022-06-08;0;0;0;0;0;0;0;0;0;0;0;0;0;0;0;0;0;0
FR;10;2022-06-09;0;0;0;0;0;0;0;0;0;0;0;0;0;0;0;0;0;0
FR;10;2022-06-10;0;0;0;0;0;0;0;0;0;0;0;0;0;0;0;0;0;0
FR;10;2022-06-11;0;0;0;0;0;0;0;0;0;0;0;0;0;0;0;0;0;0
FR;10;2022-06-12;0;0;0;0;0;0;0;0;0;0;0;0;0;0;0;0;0;0
FR;10;2022-06-13;0;0;0;0;0;0;0;0;0;0;0;0;0;0;0;0;0;0
FR;10;2022-06-14;0;0;0;0;0;0;0;0;0;0;0;0;0;0;0;0;0;0
FR;10;2022-06-15;0;0;0;0;0;0;0;0;0;0;0;0;0;0;0;0;0;0
FR;10;2022-06-16;0;0;0;0;0;0;0;0;0;0;0;0;0;0;0;0;0;0
FR;10;2022-06-17;0;0;0;0;0;0;0;0;0;0;0;0;0;0;0;0;0;0
FR;10;2022-06-18;0;0;0;0;0;0;0;0;0;0;0;0;0;0;0;0;0;0
FR;10;2022-06-19;0;0;0;0;0;0;0;0;0;0;0;0;0;0;0;0;0;0
FR;10;2022-06-20;0;0;0;0;0;0;0;0;0;0;0;0;0;0;0;0;0;0
FR;10;2022-06-21;0;0;0;0;0;0;0;0;0;0;0;0;0;0;0;0;0;0
FR;10;2022-06-22;0;0;0;0;0;0;0;0;0;0;0;0;0;0;0;0;0;0
FR;10;2022-06-23;0;0;0;0;0;0;0;0;0;0;0;0;0;0;0;0;0;0
FR;10;2022-06-24;0;0;0;0;0;0;0;0;0;0;0;0;0;0;0;0;0;0
FR;10;2022-06-25;0;0;0;0;0;0;0;0;0;0;0;0;0;0;0;0;0;0
FR;10;2022-06-26;0;0;0;0;0;0;0;0;0;0;0;0;0;0;0;0;0;0
FR;10;2022-06-27;0;0;0;0;0;0;0;0;0;0;0;0;0;0;0;0;0;0
FR;10;2022-06-28;0;0;0;0;0;0;0;0;0;0;0;0;0;0;0;0;0;0
FR;10;2022-06-29;0;0;0;0;0;0;0;0;0;0;0;0;0;0;0;0;0;0
FR;10;2022-06-30;0;0;0;0;0;0;0;0;0;0;0;0;0;0;0;0;0;0
FR;10;2022-07-01;0;0;0;0;0;0;0;0;0;0;0;0;0;0;0;0;0;0
FR;10;2022-07-02;0;0;0;0;0;0;0;0;0;0;0;0;0;0;0;0;0;0
FR;10;2022-07-03;0;0;0;0;0;0;0;0;0;0;0;0;0;0;0;0;0;0
FR;10;2022-07-04;0;0;0;0;0;0;0;0;0;0;0;0;0;0;0;0;0;0
FR;10;2022-07-05;0;0;0;0;0;0;0;0;0;0;0;0;0;0;0;0;0;0
FR;10;2022-07-06;0;0;0;0;0;0;0;0;0;0;0;0;0;0;0;0;0;0
FR;10;2022-07-07;0;0;0;0;0;0;0;0;0;0;0;0;0;0;0;0;0;0
FR;10;2022-07-08;0;0;0;0;0;0;0;0;0;0;0;0;0;0;0;0;0;0
FR;10;2022-07-09;0;0;0;0;0;0;0;0;0;0;0;0;0;0;0;0;0;0
FR;10;2022-07-10;0;0;0;0;0;0;0;0;0;0;0;0;0;0;0;0;0;0
FR;10;2022-07-11;0;0;0;0;0;0;0;0;0;0;0;0;0;0;0;0;0;0
FR;10;2022-07-12;0;0;0;0;0;0;0;0;0;0;0;0;0;0;0;0;0;0
FR;10;2022-07-13;0;0;0;0;0;0;0;0;0;0;0;0;0;0;0;0;0;0
FR;10;2022-07-14;0;0;0;0;0;0;0;0;0;0;0;0;0;0;0;0;0;0
FR;10;2022-07-15;0;0;0;0;0;0;0;0;0;0;0;0;0;0;0;0;0;0
FR;10;2022-07-16;0;0;0;0;0;0;0;0;0;0;0;0;0;0;0;0;0;0
FR;10;2022-07-17;0;0;0;0;0;0;0;0;0;0;0;0;0;0;0;0;0;0
FR;10;2022-07-18;0;0;0;0;0;0;0;0;0;0;0;0;0;0;0;0;0;0
FR;10;2022-07-19;0;0;0;0;0;0;0;0;0;0;0;0;0;0;0;0;0;0
FR;10;2022-07-20;0;0;0;0;0;0;0;0;0;0;0;0;0;0;0;0;0;0
FR;10;2022-07-21;0;0;0;0;0;0;0;0;0;0;0;0;0;0;0;0;0;0
FR;10;2022-07-22;0;0;0;0;0;0;0;0;0;0;0;0;0;0;0;0;0;0
FR;10;2022-07-23;0;0;0;0;0;0;0;0;0;0;0;0;0;0;0;0;0;0
FR;10;2022-07-24;0;0;0;0;0;0;0;0;0;0;0;0;0;0;0;0;0;0
FR;10;2022-07-25;0;0;0;0;0;0;0;0;0;0;0;0;0;0;0;0;0;0
FR;10;2022-07-26;0;0;0;0;0;0;0;0;0;0;0;0;0;0;0;0;0;0
FR;10;2022-07-27;0;0;0;0;0;0;0;0;0;0;0;0;0;0;0;0;0;0
FR;10;2022-07-28;0;0;0;0;0;0;0;0;0;0;0;0;0;0;0;0;0;0
FR;10;2022-07-29;0;0;0;0;0;0;0;0;0;0;0;0;0;0;0;0;0;0
FR;10;2022-07-30;0;0;0;0;0;0;0;0;0;0;0;0;0;0;0;0;0;0
FR;10;2022-07-31;0;0;0;0;0;0;0;0;0;0;0;0;0;0;0;0;0;0
FR;10;2022-08-01;0;0;0;0;0;0;0;0;0;0;0;0;0;0;0;0;0;0
FR;10;2022-08-02;0;0;0;0;0;0;0;0;0;0;0;0;0;0;0;0;0;0
FR;10;2022-08-03;0;0;0;0;0;0;0;0;0;0;0;0;0;0;0;0;0;0
FR;10;2022-08-04;0;0;0;0;0;0;0;0;0;0;0;0;0;0;0;0;0;0
FR;10;2022-08-05;0;0;0;0;0;0;0;0;0;0;0;0;0;0;0;0;0;0
FR;10;2022-08-06;0;0;0;0;0;0;0;0;0;0;0;0;0;0;0;0;0;0
FR;10;2022-08-07;0;0;0;0;0;0;0;0;0;0;0;0;0;0;0;0;0;0
FR;10;2022-08-08;0;0;0;0;0;0;0;0;0;0;0;0;0;0;0;0;0;0
FR;10;2022-08-09;0;0;0;0;0;0;0;0;0;0;0;0;0;0;0;0;0;0
FR;10;2022-08-10;0;0;0;0;0;0;0;0;0;0;0;0;0;0;0;0;0;0
FR;10;2022-08-11;0;0;0;0;0;0;0;0;0;0;0;0;0;0;0;0;0;0
FR;10;2022-08-12;0;0;0;0;0;0;0;0;0;0;0;0;0;0;0;0;0;0
FR;10;2022-08-13;0;0;0;0;0;0;0;0;0;0;0;0;0;0;0;0;0;0
FR;10;2022-08-14;0;0;0;0;0;0;0;0;0;0;0;0;0;0;0;0;0;0
FR;10;2022-08-15;0;0;0;0;0;0;0;0;0;0;0;0;0;0;0;0;0;0
FR;10;2022-08-16;0;0;0;0;0;0;0;0;0;0;0;0;0;0;0;0;0;0
FR;10;2022-08-17;0;0;0;0;0;0;0;0;0;0;0;0;0;0;0;0;0;0
FR;10;2022-08-18;0;0;0;0;0;0;0;0;0;0;0;0;0;0;0;0;0;0
FR;10;2022-08-19;0;0;0;0;0;0;0;0;0;0;0;0;0;0;0;0;0;0
FR;10;2022-08-20;0;0;0;0;0;0;0;0;0;0;0;0;0;0;0;0;0;0
FR;10;2022-08-21;0;0;0;0;0;0;0;0;0;0;0;0;0;0;0;0;0;0
FR;10;2022-08-22;0;0;0;0;0;0;0;0;0;0;0;0;0;0;0;0;0;0
FR;10;2022-08-23;0;0;0;0;0;0;0;0;0;0;0;0;0;0;0;0;0;0
FR;10;2022-08-24;0;0;0;0;0;0;0;0;0;0;0;0;0;0;0;0;0;0
FR;10;2022-08-25;0;0;0;0;0;0;0;0;0;0;0;0;0;0;0;0;0;0
FR;10;2022-08-26;0;0;0;0;0;0;0;0;0;0;0;0;0;0;0;0;0;0
FR;10;2022-08-27;0;0;0;0;0;0;0;0;0;0;0;0;0;0;0;0;0;0
FR;10;2022-08-28;0;0;0;0;0;0;0;0;0;0;0;0;0;0;0;0;0;0
FR;10;2022-08-29;0;0;0;0;0;0;0;0;0;0;0;0;0;0;0;0;0;0
FR;10;2022-08-30;0;0;0;0;0;0;0;0;0;0;0;0;0;0;0;0;0;0
FR;10;2022-08-31;0;0;0;0;0;0;0;0;0;0;0;0;0;0;0;0;0;0
FR;10;2022-09-01;0;0;0;0;0;0;0;0;0;0;0;0;0;0;0;0;0;0
FR;10;2022-09-02;0;0;0;0;0;0;0;0;0;0;0;0;0;0;0;0;0;0
FR;10;2022-09-03;0;0;0;0;0;0;0;0;0;0;0;0;0;0;0;0;0;0
FR;10;2022-09-04;0;0;0;0;0;0;0;0;0;0;0;0;0;0;0;0;0;0
FR;10;2022-09-05;0;0;0;0;0;0;0;0;0;0;0;0;0;0;0;0;0;0
FR;10;2022-09-06;0;0;0;0;0;0;0;0;0;0;0;0;0;0;0;0;0;0
FR;10;2022-09-07;0;0;0;0;0;0;0;0;0;0;0;0;0;0;0;0;0;0
FR;10;2022-09-08;0;0;0;0;0;0;0;0;0;0;0;0;0;0;0;0;0;0
FR;10;2022-09-09;0;0;0;0;0;0;0;0;0;0;0;0;0;0;0;0;0;0
FR;10;2022-09-10;0;0;0;0;0;0;0;0;0;0;0;0;0;0;0;0;0;0
FR;10;2022-09-11;0;0;0;0;0;0;0;0;0;0;0;0;0;0;0;0;0;0
FR;10;2022-09-12;0;0;0;0;0;0;0;0;0;0;0;0;0;0;0;0;0;0
FR;10;2022-09-13;0;0;0;0;0;0;0;0;0;0;0;0;0;0;0;0;0;0
FR;10;2022-09-14;0;0;0;0;0;0;0;0;0;0;0;0;0;0;0;0;0;0
FR;10;2022-09-15;0;0;0;0;0;0;0;0;0;0;0;0;0;0;0;0;0;0
FR;10;2022-09-16;0;0;0;0;0;0;0;0;0;0;0;0;0;0;0;0;0;0
FR;10;2022-09-17;0;0;0;0;0;0;0;0;0;0;0;0;0;0;0;0;0;0
FR;10;2022-09-18;0;0;0;0;0;0;0;0;0;0;0;0;0;0;0;0;0;0
FR;10;2022-09-19;0;0;0;0;0;0;0;0;0;0;0;0;0;0;0;0;0;0
FR;10;2022-09-20;0;0;0;0;0;0;0;0;0;0;0;0;0;0;0;0;0;0
FR;10;2022-09-21;0;0;0;0;0;0;0;0;0;0;0;0;0;0;0;0;0;0
FR;10;2022-09-22;0;0;0;0;0;0;0;0;0;0;0;0;0;0;0;0;0;0
FR;10;2022-09-23;0;0;0;0;0;0;0;0;0;0;0;0;0;0;0;0;0;0
FR;10;2022-09-24;0;0;0;0;0;0;0;0;0;0;0;0;0;0;0;0;0;0
FR;10;2022-09-25;0;0;0;0;0;0;0;0;0;0;0;0;0;0;0;0;0;0
FR;10;2022-09-26;0;0;0;0;0;0;0;0;0;0;0;0;0;0;0;0;0;0
FR;10;2022-09-27;0;0;0;0;0;0;0;0;0;0;0;0;0;0;0;0;0;0
FR;10;2022-09-28;0;0;0;0;0;0;0;0;0;0;0;0;0;0;0;0;0;0
FR;10;2022-09-29;0;0;0;0;0;0;0;0;0;0;0;0;0;0;0;0;0;0
FR;10;2022-09-30;0;0;0;0;0;0;0;0;0;0;0;0;0;0;0;0;0;0
FR;10;2022-10-01;0;0;0;0;0;0;0;0;0;0;0;0;0;0;0;0;0;0
FR;10;2022-10-02;0;0;0;0;0;0;0;0;0;0;0;0;0;0;0;0;0;0
FR;10;2022-10-03;0;0;0;0;0;0;0;0;0;0;0;0;0;0;0;0;0;0
FR;10;2022-10-04;0;0;0;0;0;0;0;0;0;0;0;0;0;0;0;0;0;0
FR;10;2022-10-05;0;0;0;0;0;0;0;0;0;0;0;0;0;0;0;0;0;0
FR;10;2022-10-06;0;0;0;0;0;0;0;0;0;0;0;0;0;0;0;0;0;0
FR;10;2022-10-07;0;0;0;0;0;0;0;0;0;0;0;0;0;0;0;0;0;0
FR;10;2022-10-08;0;0;0;0;0;0;0;0;0;0;0;0;0;0;0;0;0;0
FR;10;2022-10-09;0;0;0;0;0;0;0;0;0;0;0;0;0;0;0;0;0;0
FR;10;2022-10-10;0;0;0;0;0;0;0;0;0;0;0;0;0;0;0;0;0;0
FR;10;2022-10-11;0;0;0;0;0;0;0;0;0;0;0;0;0;0;0;0;0;0
FR;10;2022-10-12;0;0;0;0;0;0;0;0;0;0;0;0;0;0;0;0;0;0
FR;10;2022-10-13;0;0;0;0;0;0;0;0;0;0;0;0;0;0;0;0;0;0
FR;10;2022-10-14;0;0;0;0;0;0;0;0;0;0;0;0;0;0;0;0;0;0
FR;10;2022-10-15;0;0;0;0;0;0;0;0;0;0;0;0;0;0;0;0;0;0
FR;10;2022-10-16;0;0;0;0;0;0;0;0;0;0;0;0;0;0;0;0;0;0
FR;10;2022-10-17;0;0;0;0;0;0;0;0;0;0;0;0;0;0;0;0;0;0
FR;10;2022-10-18;0;0;0;0;0;0;0;0;0;0;0;0;0;0;0;0;0;0
FR;10;2022-10-19;0;0;0;0;0;0;0;0;0;0;0;0;0;0;0;0;0;0
FR;10;2022-10-20;0;0;0;0;0;0;0;0;0;0;0;0;0;0;0;0;0;0
FR;10;2022-10-21;0;0;0;0;0;0;0;0;0;0;0;0;0;0;0;0;0;0
FR;10;2022-10-22;0;0;0;0;0;0;0;0;0;0;0;0;0;0;0;0;0;0
FR;10;2022-10-23;0;0;0;0;0;0;0;0;0;0;0;0;0;0;0;0;0;0
FR;10;2022-10-24;0;0;0;0;0;0;0;0;0;0;0;0;0;0;0;0;0;0
FR;10;2022-10-25;0;0;0;0;0;0;0;0;0;0;0;0;0;0;0;0;0;0
FR;10;2022-10-26;0;0;0;0;0;0;0;0;0;0;0;0;0;0;0;0;0;0
FR;10;2022-10-27;0;0;0;0;0;0;0;0;0;0;0;0;0;0;0;0;0;0
FR;10;2022-10-28;0;0;0;0;0;0;0;0;0;0;0;0;0;0;0;0;0;0
FR;10;2022-10-29;0;0;0;0;0;0;0;0;0;0;0;0;0;0;0;0;0;0
FR;10;2022-10-30;0;0;0;0;0;0;0;0;0;0;0;0;0;0;0;0;0;0
FR;10;2022-10-31;0;0;0;0;0;0;0;0;0;0;0;0;0;0;0;0;0;0
FR;10;2022-11-01;0;0;0;0;0;0;0;0;0;0;0;0;0;0;0;0;0;0
FR;10;2022-11-02;0;0;0;0;0;0;0;0;0;0;0;0;0;0;0;0;0;0
FR;10;2022-11-03;0;0;0;0;0;0;0;0;0;0;0;0;0;0;0;0;0;0
FR;10;2022-11-04;0;0;0;0;0;0;0;0;0;0;0;0;0;0;0;0;0;0
FR;10;2022-11-05;0;0;0;0;0;0;0;0;0;0;0;0;0;0;0;0;0;0
FR;10;2022-11-06;0;0;0;0;0;0;0;0;0;0;0;0;0;0;0;0;0;0
FR;10;2022-11-07;0;0;0;0;0;0;0;0;0;0;0;0;0;0;0;0;0;0
FR;10;2022-11-08;0;0;0;0;0;0;0;0;0;0;0;0;0;0;0;0;0;0
FR;10;2022-11-09;0;0;0;0;0;0;0;0;0;0;0;0;0;0;0;0;0;0
FR;10;2022-11-10;0;0;0;0;0;0;0;0;0;0;0;0;0;0;0;0;0;0
FR;10;2022-11-11;0;0;0;0;0;0;0;0;0;0;0;0;0;0;0;0;0;0
FR;10;2022-11-12;0;0;0;0;0;0;0;0;0;0;0;0;0;0;0;0;0;0
FR;10;2022-11-13;0;0;0;0;0;0;0;0;0;0;0;0;0;0;0;0;0;0
FR;10;2022-11-14;0;0;0;0;0;0;0;0;0;0;0;0;0;0;0;0;0;0
FR;10;2022-11-15;0;0;0;0;0;0;0;0;0;0;0;0;0;0;0;0;0;0
FR;10;2022-11-16;0;0;0;0;0;0;0;0;0;0;0;0;0;0;0;0;0;0
FR;10;2022-11-17;0;0;0;0;0;0;0;0;0;0;0;0;0;0;0;0;0;0
FR;10;2022-11-18;0;0;0;0;0;0;0;0;0;0;0;0;0;0;0;0;0;0
FR;10;2022-11-19;0;0;0;0;0;0;0;0;0;0;0;0;0;0;0;0;0;0
FR;10;2022-11-20;0;0;0;0;0;0;0;0;0;0;0;0;0;0;0;0;0;0
FR;10;2022-11-21;0;0;0;0;0;0;0;0;0;0;0;0;0;0;0;0;0;0
FR;10;2022-11-22;0;0;0;0;0;0;0;0;0;0;0;0;0;0;0;0;0;0
FR;10;2022-11-23;0;0;0;0;0;0;0;0;0;0;0;0;0;0;0;0;0;0
FR;10;2022-11-24;0;0;0;0;0;0;0;0;0;0;0;0;0;0;0;0;0;0
FR;10;2022-11-25;0;0;0;0;0;0;0;0;0;0;0;0;0;0;0;0;0;0
FR;10;2022-11-26;0;0;0;0;0;0;0;0;0;0;0;0;0;0;0;0;0;0
FR;10;2022-11-27;0;0;0;0;0;0;0;0;0;0;0;0;0;0;0;0;0;0
FR;10;2022-11-28;0;0;0;0;0;0;0;0;0;0;0;0;0;0;0;0;0;0
FR;10;2022-11-29;0;0;0;0;0;0;0;0;0;0;0;0;0;0;0;0;0;0
FR;10;2022-11-30;0;0;0;0;0;0;0;0;0;0;0;0;0;0;0;0;0;0
FR;10;2022-12-01;0;0;0;0;0;0;0;0;0;0;0;0;0;0;0;0;0;0
FR;10;2022-12-02;0;0;0;0;0;0;0;0;0;0;0;0;0;0;0;0;0;0
FR;10;2022-12-03;0;0;0;0;0;0;0;0;0;0;0;0;0;0;0;0;0;0
FR;10;2022-12-04;0;0;0;0;0;0;0;0;0;0;0;0;0;0;0;0;0;0
FR;10;2022-12-05;0;0;0;0;0;0;0;0;0;0;0;0;0;0;0;0;0;0
FR;10;2022-12-06;0;0;0;0;0;0;0;0;0;0;0;0;0;0;0;0;0;0
FR;10;2022-12-07;0;0;0;0;0;0;0;0;0;0;0;0;0;0;0;0;0;0
FR;10;2022-12-08;0;0;0;0;0;0;0;0;0;0;0;0;0;0;0;0;0;0
FR;10;2022-12-09;0;0;0;0;0;0;0;0;0;0;0;0;0;0;0;0;0;0
FR;10;2022-12-10;0;0;0;0;0;0;0;0;0;0;0;0;0;0;0;0;0;0
FR;10;2022-12-11;0;0;0;0;0;0;0;0;0;0;0;0;0;0;0;0;0;0
FR;10;2022-12-12;0;0;0;0;0;0;0;0;0;0;0;0;0;0;0;0;0;0
FR;10;2022-12-13;0;0;0;0;0;0;0;0;0;0;0;0;0;0;0;0;0;0
FR;10;2022-12-14;0;0;0;0;0;0;0;0;0;0;0;0;0;0;0;0;0;0
FR;10;2022-12-15;0;0;0;0;0;0;0;0;0;0;0;0;0;0;0;0;0;0
FR;10;2022-12-16;0;0;0;0;0;0;0;0;0;0;0;0;0;0;0;0;0;0
FR;10;2022-12-17;0;0;0;0;0;0;0;0;0;0;0;0;0;0;0;0;0;0
FR;10;2022-12-18;0;0;0;0;0;0;0;0;0;0;0;0;0;0;0;0;0;0
FR;10;2022-12-19;0;0;0;0;0;0;0;0;0;0;0;0;0;0;0;0;0;0
FR;10;2022-12-20;0;0;0;0;0;0;0;0;0;0;0;0;0;0;0;0;0;0
FR;10;2022-12-21;0;0;0;0;0;0;0;0;0;0;0;0;0;0;0;0;0;0
FR;10;2022-12-22;0;0;0;1;0;0;1;0;0;0;0;0;1;0;0;1;0;0
FR;10;2022-12-23;0;0;1;14;0;2;14;0;7;0;0;1;15;0;2;15;0;7
FR;10;2022-12-24;0;0;0;3;0;0;3;0;1;0;0;1;18;0;2;18;0;8
FR;10;2022-12-25;0;0;0;0;0;0;0;0;0;0;0;1;18;0;2;18;0;8
FR;10;2022-12-26;3;1;11;35;0;8;39;0;5;3;1;12;53;0;10;57;0;13
FR;10;2022-12-27;1;1;14;35;1;11;38;0;10;4;2;26;88;1;21;95;0;23
FR;10;2022-12-28;0;0;2;15;0;1;14;0;3;4;2;28;103;1;22;109;0;26
FR;10;2022-12-29;0;0;6;48;0;1;48;0;17;4;2;34;151;1;23;157;0;43
FR;10;2022-12-30;0;1;4;33;0;7;31;0;6;4;3;38;184;1;30;188;0;49
FR;10;2022-12-31;0;0;3;12;0;4;10;0;4;4;3;41;196;1;34;198;0;53
FR;10;2023-01-01;0;0;1;6;0;0;7;0;2;4;3;42;202;1;34;205;0;55
FR;10;2023-01-02;0;4;4;37;1;6;36;0;21;4;7;46;239;2;40;241;0;76
FR;10;2023-01-03;1;1;6;63;1;5;64;0;25;5;8;52;302;3;45;305;0;101
FR;10;2023-01-04;0;1;7;52;0;6;53;0;53;5;9;59;354;3;51;358;0;154
FR;10;2023-01-05;1;1;15;74;0;10;76;0;37;6;10;74;428;3;61;434;0;191
FR;10;2023-01-06;2;3;16;107;2;13;107;0;52;8;13;90;535;5;74;541;0;243
FR;10;2023-01-07;3;1;3;40;1;3;39;0;13;11;14;93;575;6;77;580;0;256
FR;10;2023-01-08;1;0;0;9;0;0;7;0;5;12;14;93;584;6;77;587;0;261
FR;10;2023-01-09;3;2;7;66;1;6;66;0;26;15;16;100;650;7;83;653;0;287
FR;10;2023-01-10;6;1;21;118;0;13;124;0;57;21;17;121;768;7;96;777;0;344
FR;10;2023-01-11;5;4;19;77;1;16;79;0;38;26;21;140;845;8;112;856;0;382
FR;10;2023-01-12;13;1;7;77;2;3;80;0;51;39;22;147;922;10;115;936;0;433
FR;10;2023-01-13;0;6;15;122;1;8;129;0;77;39;28;162;1044;11;123;1065;0;510
FR;10;2023-01-14;2;1;8;43;0;5;47;0;3;41;29;170;1087;11;128;1112;0;513
FR;10;2023-01-15;0;0;1;10;0;0;7;0;8;41;29;171;1097;11;128;1119;0;521
FR;10;2023-01-16;0;1;11;70;1;7;73;0;68;41;30;182;1167;12;135;1192;0;589
FR;10;2023-01-17;0;7;22;109;2;11;118;0;61;41;37;204;1276;14;146;1310;0;650
FR;10;2023-01-18;2;1;13;92;1;9;104;0;15;43;38;217;1368;15;155;1414;0;665
FR;10;2023-01-19;6;6;23;140;3;21;133;0;56;49;44;240;1508;18;176;1547;0;721
FR;10;2023-01-20;2;1;11;111;0;9;106;0;73;51;45;251;1619;18;185;1653;0;794
FR;10;2023-01-21;2;1;5;26;0;5;23;0;15;53;46;256;1645;18;190;1676;0;809
FR;10;2023-01-22;0;0;0;5;0;0;5;0;0;53;46;256;1650;18;190;1681;0;809
FR;10;2023-01-23;1;2;5;61;1;5;58;0;23;54;48;261;1711;19;195;1739;0;832
FR;10;2023-01-24;5;6;27;147;2;19;151;0;75;59;54;288;1858;21;214;1890;0;907
FR;10;2023-01-25;2;1;9;81;1;5;82;0;54;61;55;297;1939;22;219;1972;0;961
FR;10;2023-01-26;4;5;29;122;1;21;131;0;52;65;60;326;2061;23;240;2103;0;1013
FR;0;2020-12-27;616;0;0;0;55;0;0;0;0;616;0;0;0;55;0;0;0;0
FR;0;2020-12-28;704;1;0;0;43;0;0;0;0;1320;1;0;0;98;0;0;0;0
FR;0;2020-12-29;387;0;0;0;19;0;0;0;0;1707;1;0;0;117;0;0;0;0
FR;0;2020-12-30;453;0;0;0;18;0;0;0;0;2160;1;0;0;135;0;0;0;0
FR;0;2020-12-31;447;1;0;0;21;0;0;0;0;2607;2;0;0;156;0;0;0;0
FR;0;2021-01-01;1192;2;0;0;66;0;0;0;0;3799;4;0;0;222;0;0;0;0
FR;0;2021-01-02;367;4;0;0;29;0;0;0;0;4166;8;0;0;251;0;0;0;0
FR;0;2021-01-03;417;0;0;0;23;0;0;0;0;4583;8;0;0;274;0;0;0;0
FR;0;2021-01-04;2137;5;0;0;51;0;0;0;0;6720;13;0;0;325;0;0;0;0
FR;0;2021-01-05;7770;6;0;0;128;0;0;0;0;14490;19;0;0;453;0;0;0;0
FR;0;2021-01-06;12477;23;0;0;127;0;0;0;0;26967;42;0;0;580;0;0;0;0
FR;0;2021-01-07;29477;23;0;0;159;0;0;0;0;56444;65;0;0;739;0;0;0;0
FR;0;2021-01-08;37169;35;0;0;203;0;0;0;0;93613;100;0;0;942;0;0;0;0
FR;0;2021-01-09;11220;9;0;0;77;0;0;0;0;104833;109;0;0;1019;0;0;0;0
FR;0;2021-01-10;6015;8;0;0;28;0;0;0;0;110848;117;0;0;1047;0;0;0;0
FR;0;2021-01-11;39954;39;0;0;231;0;0;0;0;150802;156;0;0;1278;0;0;0;0
FR;0;2021-01-12;62159;30;0;0;298;0;0;0;0;212961;186;0;0;1576;0;0;0;0
FR;0;2021-01-13;65146;62;0;0;433;0;0;0;0;278107;248;0;0;2009;0;0;0;0
FR;0;2021-01-14;83108;257;0;0;1172;0;0;0;0;361215;505;0;0;3181;0;0;0;0
FR;0;2021-01-15;69032;100;0;0;556;0;0;0;0;430247;605;0;0;3737;0;0;0;0
FR;0;2021-01-16;20219;73;0;0;184;0;0;0;0;450466;678;0;0;3921;0;0;0;0
FR;0;2021-01-17;10993;54;0;0;137;0;0;0;0;461459;732;0;0;4058;0;0;0;0
FR;0;2021-01-18;85923;179;0;0;616;0;0;0;0;547382;911;0;0;4674;0;0;0;0
FR;0;2021-01-19;130616;210;0;0;868;0;0;0;0;677998;1121;0;0;5542;0;0;0;0
FR;0;2021-01-20;137566;196;0;0;837;0;0;0;0;815564;1317;0;0;6379;0;0;0;0
FR;0;2021-01-21;158427;205;0;0;952;0;0;0;0;973991;1522;0;0;7331;0;0;0;0
FR;0;2021-01-22;121086;258;0;0;845;0;0;0;0;1095077;1780;0;0;8176;0;0;0;0
FR;0;2021-01-23;38491;83;0;0;220;0;0;0;0;1133568;1863;0;0;8396;0;0;0;0
FR;0;2021-01-24;9752;129;0;0;194;0;0;0;0;1143320;1992;0;0;8590;0;0;0;0
FR;0;2021-01-25;78254;1454;0;0;1805;0;0;0;0;1221574;3446;0;0;10395;0;0;0;0
FR;0;2021-01-26;100395;3706;1;0;4184;0;0;0;0;1321969;7152;1;0;14579;0;0;0;0
FR;0;2021-01-27;107263;6437;0;0;7153;0;0;0;0;1429232;13589;1;0;21732;0;0;0;0
FR;0;2021-01-28;124379;16400;0;0;17223;0;0;0;0;1553611;29989;1;0;38955;0;0;0;0
FR;0;2021-01-29;92202;18763;0;0;19339;0;0;0;0;1645813;48752;1;0;58294;0;0;0;0
FR;0;2021-01-30;29128;4528;0;0;4665;0;0;0;0;1674941;53280;1;0;62959;0;0;0;0
FR;0;2021-01-31;5240;1905;0;0;1950;0;0;0;0;1680181;55185;1;0;64909;0;0;0;0
FR;0;2021-02-01;53157;23013;0;0;23284;0;0;0;0;1733338;78198;1;0;88193;0;0;0;0
FR;0;2021-02-02;72334;38133;0;0;38625;0;0;0;0;1805672;116331;1;0;126818;0;0;0;0
FR;0;2021-02-03;72326;40174;0;0;40678;0;0;0;0;1877998;156505;1;0;167496;0;0;0;0
FR;0;2021-02-04;82090;55005;0;0;55600;0;0;0;0;1960088;211510;1;0;223096;0;0;0;0
FR;0;2021-02-05;68252;48180;0;0;48617;0;0;0;0;2028340;259690;1;0;271713;0;0;0;0
FR;0;2021-02-06;22953;11433;0;0;11672;0;0;0;0;2051293;271123;1;0;283385;0;0;0;0
FR;0;2021-02-07;5195;6065;0;0;6191;0;0;0;0;2056488;277188;1;0;289576;0;0;0;0
FR;0;2021-02-08;46856;48760;0;0;49243;0;0;0;0;2103344;325948;1;0;338819;0;0;0;0
FR;0;2021-02-09;66045;78366;0;0;79462;0;0;0;0;2169389;404314;1;0;418281;0;0;0;0
FR;0;2021-02-10;71040;83368;0;0;84664;0;0;0;0;2240429;487682;1;0;502945;0;0;0;0
FR;0;2021-02-11;87305;105492;0;0;107424;0;0;0;0;2327734;593174;1;0;610369;0;0;0;0
FR;0;2021-02-12;79355;76059;0;0;77802;0;0;0;0;2407089;669233;1;0;688171;0;0;0;0
FR;0;2021-02-13;22389;19519;0;0;19886;0;0;0;0;2429478;688752;1;0;708057;0;0;0;0
FR;0;2021-02-14;5080;7346;0;0;7474;0;0;0;0;2434558;696098;1;0;715531;0;0;0;0
FR;0;2021-02-15;38129;76794;0;0;77807;0;0;0;0;2472687;772892;1;0;793338;0;0;0;0
FR;0;2021-02-16;50419;99708;0;0;101046;0;0;0;0;2523106;872600;1;0;894384;0;0;0;0
FR;0;2021-02-17;50553;106834;20;0;108276;0;0;0;0;2573659;979434;21;0;1002660;0;0;0;0
FR;0;2021-02-18;69812;123609;0;0;125650;0;0;0;0;2643471;1103043;21;0;1128310;0;0;0;0
FR;0;2021-02-19;65091;92249;1;0;94136;0;0;0;0;2708562;1195292;22;0;1222446;0;0;0;0
FR;0;2021-02-20;18601;28546;0;0;28916;0;0;0;0;2727163;1223838;22;0;1251362;0;0;0;0
FR;0;2021-02-21;3334;6039;0;0;6144;0;0;0;0;2730497;1229877;22;0;1257506;0;0;0;0
FR;0;2021-02-22;37510;73201;2;0;74209;0;0;0;0;2768007;1303078;24;0;1331715;0;0;0;0
FR;0;2021-02-23;53803;85261;1;0;86775;0;0;0;0;2821810;1388339;25;0;1418490;0;0;0;0
FR;0;2021-02-24;60036;82905;1;0;84482;0;0;0;0;2881846;1471244;26;0;1502972;0;0;0;0
FR;0;2021-02-25;100608;91258;1;0;94247;0;0;0;0;2982454;1562502;27;0;1597219;0;0;0;0
FR;0;2021-02-26;113490;70744;1;0;73883;0;0;0;0;3095944;1633246;28;0;1671102;0;0;0;0
FR;0;2021-02-27;52129;22433;1;0;23675;0;0;0;0;3148073;1655679;29;0;1694777;0;0;0;0
FR;0;2021-02-28;6209;4129;2;0;4327;0;0;0;0;3154282;1659808;31;0;1699104;0;0;0;0
FR;0;2021-03-01;65940;54107;1;0;55972;0;0;0;0;3220222;1713915;32;0;1755076;0;0;0;0
FR;0;2021-03-02;101412;67197;3;0;70241;0;0;0;0;3321634;1781112;35;0;1825317;0;0;0;0
FR;0;2021-03-03;116558;65477;0;0;69167;0;0;0;0;3438192;1846589;35;0;1894484;0;0;0;0
FR;0;2021-03-04;163661;72588;3;0;78153;0;0;0;0;3601853;1919177;38;0;1972637;0;0;0;0
FR;0;2021-03-05;200959;62689;3;0;69420;0;0;0;0;3802812;1981866;41;0;2042057;0;0;0;0
FR;0;2021-03-06;207988;17503;3;0;22802;0;0;0;0;4010800;1999369;44;0;2064859;0;0;0;0
FR;0;2021-03-07;121292;3997;1;0;7291;0;0;0;0;4132092;2003366;45;0;2072150;0;0;0;0
FR;0;2021-03-08;107176;49574;2;0;53061;0;0;0;0;4239268;2052940;47;0;2125211;0;0;0;0
FR;0;2021-03-09;172487;56045;2;0;61533;0;0;0;0;4411755;2108985;49;0;2186744;0;0;0;0
FR;0;2021-03-10;179039;57056;5;0;62727;0;0;0;0;4590794;2166041;54;0;2249471;0;0;0;0
FR;0;2021-03-11;242930;64012;2;0;72102;0;0;0;0;4833724;2230053;56;0;2321573;0;0;0;0
FR;0;2021-03-12;294871;53359;1;0;62816;0;0;0;0;5128595;2283412;57;0;2384389;0;0;0;0
FR;0;2021-03-13;231443;15275;1;0;21253;0;0;0;0;5360038;2298687;58;0;2405642;0;0;0;0
FR;0;2021-03-14;63363;3062;1;0;5098;0;0;0;0;5423401;2301749;59;0;2410740;0;0;0;0
FR;0;2021-03-15;158695;31519;3;0;36171;0;0;0;0;5582096;2333268;62;0;2446911;0;0;0;0
FR;0;2021-03-16;141597;38823;6;0;42972;0;0;0;0;5723693;2372091;68;0;2489883;0;0;0;0
FR;0;2021-03-17;150516;37581;4;0;42346;0;0;0;0;5874209;2409672;72;0;2532229;0;0;0;0
FR;0;2021-03-18;167866;44337;5;0;49899;0;0;0;0;6042075;2454009;77;0;2582128;0;0;0;0
FR;0;2021-03-19;230055;36733;2;0;44090;0;0;0;0;6272130;2490742;79;0;2626218;0;0;0;0
FR;0;2021-03-20;166717;11388;1;0;16013;0;0;0;0;6438847;2502130;80;0;2642231;0;0;0;0
FR;0;2021-03-21;49954;2136;1;0;3894;0;0;0;0;6488801;2504266;81;0;2646125;0;0;0;0
FR;0;2021-03-22;170081;33525;2;0;39026;0;0;0;0;6658882;2537791;83;0;2685151;0;0;0;0
FR;0;2021-03-23;250435;42389;1;0;50233;0;0;0;0;6909317;2580180;84;0;2735384;0;0;0;0
FR;0;2021-03-24;256947;43567;0;0;51662;0;0;0;0;7166264;2623747;84;0;2787046;0;0;0;0
FR;0;2021-03-25;341868;45255;5;0;56258;0;0;0;0;7508132;2669002;89;0;2843304;0;0;0;0
FR;0;2021-03-26;358845;41773;5;1;53528;0;0;0;0;7866977;2710775;94;1;2896832;0;0;0;0
FR;0;2021-03-27;195295;16945;1;0;23389;0;0;0;0;8062272;2727720;95;1;2920221;0;0;0;0
FR;0;2021-03-28;59353;4579;3;0;6643;0;0;0;0;8121625;2732299;98;1;2926864;0;0;0;0
FR;0;2021-03-29;203019;53415;4;0;60171;0;0;0;0;8324644;2785714;102;1;2987035;0;0;0;0
FR;0;2021-03-30;285539;70020;5;0;80428;0;0;0;0;8610183;2855734;107;1;3067463;0;0;0;0
FR;0;2021-03-31;263076;74019;4;0;84695;0;0;0;0;8873259;2929753;111;1;3152158;0;0;0;0
FR;0;2021-04-01;315570;92778;11;0;106350;0;0;0;0;9188829;3022531;122;1;3258508;0;0;0;0
FR;0;2021-04-02;281380;94787;7;0;106615;0;0;0;0;9470209;3117318;129;1;3365123;0;0;0;0
FR;0;2021-04-03;141094;62587;6;0;67846;0;0;0;0;9611303;3179905;135;1;3432969;0;0;0;0
FR;0;2021-04-04;46551;19020;2;0;21072;0;0;0;0;9657854;3198925;137;1;3454041;0;0;0;0
FR;0;2021-04-05;63368;10405;11;0;13062;0;0;0;0;9721222;3209330;148;1;3467103;0;0;0;0
FR;0;2021-04-06;217269;113052;17;0;121906;0;0;0;0;9938491;3322382;165;1;3589009;0;0;0;0
FR;0;2021-04-07;260317;115283;17;0;126631;0;0;0;0;10198808;3437665;182;1;3715640;0;0;0;0
FR;0;2021-04-08;337912;123198;15;0;138823;0;0;0;0;10536720;3560863;197;1;3854463;0;0;0;0
FR;0;2021-04-09;410230;116887;49;0;134293;0;0;0;0;10946950;3677750;246;1;3988756;0;0;0;0
FR;0;2021-04-10;212660;82867;15;0;91259;0;0;0;0;11159610;3760617;261;1;4080015;0;0;0;0
FR;0;2021-04-11;56160;34177;7;0;36702;0;0;0;0;11215770;3794794;268;1;4116717;0;0;0;0
FR;0;2021-04-12;237121;115827;46;0;125428;0;0;0;0;11452891;3910621;314;1;4242145;0;0;0;0
FR;0;2021-04-13;309544;144166;98;1;157122;0;0;0;0;11762435;4054787;412;2;4399267;0;0;0;0
FR;0;2021-04-14;294593;139819;215;0;153196;0;0;0;0;12057028;4194606;627;2;4552463;0;0;0;0
FR;0;2021-04-15;337192;150490;340;0;166024;0;0;0;0;12394220;4345096;967;2;4718487;0;0;0;0
FR;0;2021-04-16;339360;147018;354;0;161675;0;0;0;0;12733580;4492114;1321;2;4880162;0;0;0;0
FR;0;2021-04-17;188688;89982;109;0;97680;0;0;0;0;12922268;4582096;1430;2;4977842;0;0;0;0
FR;0;2021-04-18;51641;35454;48;0;37875;0;0;0;0;12973909;4617550;1478;2;5015717;0;0;0;0
FR;0;2021-04-19;205746;138282;456;0;147436;0;0;0;0;13179655;4755832;1934;2;5163153;0;0;0;0
FR;0;2021-04-20;254487;172007;569;0;183666;0;0;0;0;13434142;4927839;2503;2;5346819;0;0;0;0
FR;0;2021-04-21;253328;170174;836;0;182194;0;0;0;0;13687470;5098013;3339;2;5529013;0;0;0;0
FR;0;2021-04-22;287624;190397;819;0;204991;0;0;0;0;13975094;5288410;4158;2;5734004;0;0;0;0
FR;0;2021-04-23;297689;184685;747;0;203438;0;0;0;0;14272783;5473095;4905;2;5937442;0;0;0;0
FR;0;2021-04-24;190481;112045;252;0;122498;0;0;0;0;14463264;5585140;5157;2;6059940;0;0;0;0
FR;0;2021-04-25;69575;38860;51;0;42590;0;0;0;0;14532839;5624000;5208;2;6102530;0;0;0;0
FR;0;2021-04-26;221003;158660;563;0;171854;0;0;0;0;14753842;5782660;5771;2;6274384;0;0;0;0
FR;0;2021-04-27;284652;188035;941;0;211347;0;0;0;0;15038494;5970695;6712;2;6485731;0;0;0;0
FR;0;2021-04-28;299573;184697;1427;1;209779;1;0;0;0;15338067;6155392;8139;3;6695510;1;0;0;0
FR;0;2021-04-29;357208;198247;1281;0;233333;0;0;0;0;15695275;6353639;9420;3;6928843;1;0;0;0
FR;0;2021-04-30;372262;186118;1124;1;225458;0;0;0;0;16067537;6539757;10544;4;7154301;1;0;0;0
FR;0;2021-05-01;167678;52528;179;0;63775;0;0;0;0;16235215;6592285;10723;4;7218076;1;0;0;0
FR;0;2021-05-02;91766;37861;83;0;43588;0;0;0;0;16326981;6630146;10806;4;7261664;1;0;0;0
FR;0;2021-05-03;288976;165266;843;0;185795;0;0;0;0;16615957;6795412;11649;4;7447459;1;0;0;0
FR;0;2021-05-04;315753;225543;1237;0;251723;0;0;0;0;16931710;7020955;12886;4;7699182;1;0;0;0
FR;0;2021-05-05;327295;226595;1316;0;251671;0;0;0;0;17259005;7247550;14202;4;7950853;1;0;0;0
FR;0;2021-05-06;379599;241170;1634;0;275424;0;0;0;0;17638604;7488720;15836;4;8226277;1;0;0;0
FR;0;2021-05-07;372825;258881;1224;0;299944;0;0;0;0;18011429;7747601;17060;4;8526221;1;0;0;0
FR;0;2021-05-08;222188;71398;300;0;86610;0;0;0;0;18233617;7818999;17360;4;8612831;1;0;0;0
FR;0;2021-05-09;129733;44554;243;0;53191;0;0;0;0;18363350;7863553;17603;4;8666022;1;0;0;0
FR;0;2021-05-10;313427;229699;1239;0;255481;0;0;0;0;18676777;8093252;18842;4;8921503;1;0;0;0
FR;0;2021-05-11;403976;258397;1566;0;296825;0;0;0;0;19080753;8351649;20408;4;9218328;1;0;0;0
FR;0;2021-05-12;434203;233885;1544;0;270174;0;0;0;0;19514956;8585534;21952;4;9488502;1;0;0;0
FR;0;2021-05-13;338639;56447;432;0;77942;0;0;0;0;19853595;8641981;22384;4;9566444;1;0;0;0
FR;0;2021-05-14;454185;167499;1127;0;203109;0;0;0;0;20307780;8809480;23511;4;9769553;1;0;0;0
FR;0;2021-05-15;375015;94391;444;0;120788;0;0;0;0;20682795;8903871;23955;4;9890341;1;0;0;0
FR;0;2021-05-16;202777;20690;168;0;34090;0;0;0;0;20885572;8924561;24123;4;9924431;1;0;0;0
FR;0;2021-05-17;376160;148869;1555;0;178663;0;0;0;0;21261732;9073430;25678;4;10103094;1;0;0;0
FR;0;2021-05-18;460208;154121;1991;0;193272;0;0;0;0;21721940;9227551;27669;4;10296366;1;0;0;0
FR;0;2021-05-19;467470;142580;2465;0;179850;0;0;0;0;22189410;9370131;30134;4;10476216;1;0;0;0
FR;0;2021-05-20;507593;160264;2340;0;204232;0;0;0;0;22697003;9530395;32474;4;10680448;1;0;0;0
FR;0;2021-05-21;489731;175222;1996;0;221777;0;0;0;0;23186734;9705617;34470;4;10902225;1;0;0;0
FR;0;2021-05-22;347227;80235;670;0;108665;0;0;0;0;23533961;9785852;35140;4;11010890;1;0;0;0
FR;0;2021-05-23;161714;14214;246;0;26684;0;0;0;0;23695675;9800066;35386;4;11037574;1;0;0;0
FR;0;2021-05-24;263220;33104;604;0;52942;0;0;0;0;23958895;9833170;35990;4;11090516;1;0;0;0
FR;0;2021-05-25;400311;190472;2357;1;227042;0;0;0;0;24359206;10023642;38347;5;11317558;1;0;0;0
FR;0;2021-05-26;413500;191183;2227;0;229244;0;0;0;0;24772706;10214825;40574;5;11546802;1;0;0;0
FR;0;2021-05-27;449862;220049;2163;0;267194;0;0;0;0;25222568;10434874;42737;5;11813996;1;0;0;0
FR;0;2021-05-28;429601;261129;1895;0;319228;0;0;0;0;25652169;10696003;44632;5;12133224;1;0;0;0
FR;0;2021-05-29;299005;150508;586;0;183363;0;0;0;0;25951174;10846511;45218;5;12316587;1;0;0;0
FR;0;2021-05-30;107156;32506;164;0;42089;0;0;0;0;26058330;10879017;45382;5;12358676;1;0;0;0
FR;0;2021-05-31;358080;203478;1473;1;241763;1;0;0;0;26416410;11082495;46855;6;12600439;2;0;0;0
FR;0;2021-06-01;431130;251279;1969;1;302925;1;0;0;0;26847540;11333774;48824;7;12903364;3;0;0;0
FR;0;2021-06-02;420160;232686;1985;0;280073;0;0;0;0;27267700;11566460;50809;7;13183437;3;0;0;0
FR;0;2021-06-03;465683;257753;1826;0;312532;0;0;0;0;27733383;11824213;52635;7;13495969;3;0;0;0
FR;0;2021-06-04;456296;305846;1735;1;363258;1;0;0;0;28189679;12130059;54370;8;13859227;4;0;0;0
FR;0;2021-06-05;304837;189556;653;0;222782;0;0;0;0;28494516;12319615;55023;8;14082009;4;0;0;0
FR;0;2021-06-06;133337;49027;227;0;61167;0;0;0;0;28627853;12368642;55250;8;14143176;4;0;0;0
FR;0;2021-06-07;340017;261511;1529;0;298604;0;0;0;0;28967870;12630153;56779;8;14441780;4;0;0;0
FR;0;2021-06-08;393948;291376;1806;0;338246;0;0;0;0;29361818;12921529;58585;8;14780026;4;0;0;0
FR;0;2021-06-09;384943;273804;1734;0;318214;0;0;0;0;29746761;13195333;60319;8;15098240;4;0;0;0
FR;0;2021-06-10;404239;286393;1727;1;335840;0;0;0;0;30151000;13481726;62046;9;15434080;4;0;0;0
FR;0;2021-06-11;386717;356512;1467;1;406953;0;0;0;0;30537717;13838238;63513;10;15841033;4;0;0;0
FR;0;2021-06-12;283293;210988;497;0;243139;0;0;0;0;30821010;14049226;64010;10;16084172;4;0;0;0
FR;0;2021-06-13;104904;73847;204;0;84838;0;0;0;0;30925914;14123073;64214;10;16169010;4;0;0;0
FR;0;2021-06-14;240874;354082;1429;1;383274;0;0;0;0;31166788;14477155;65643;11;16552284;4;0;0;0
FR;0;2021-06-15;308219;384356;1574;1;423134;0;0;0;0;31475007;14861511;67217;12;16975418;4;0;0;0
FR;0;2021-06-16;314017;357571;1418;1;395334;0;0;0;0;31789024;15219082;68635;13;17370752;4;0;0;0
FR;0;2021-06-17;317726;373110;1432;1;414304;0;0;0;0;32106750;15592192;70067;14;17785056;4;0;0;0
FR;0;2021-06-18;321780;442595;1342;1;485996;0;0;0;0;32428530;16034787;71409;15;18271052;4;0;0;0
FR;0;2021-06-19;224361;274019;449;0;301209;0;0;0;0;32652891;16308806;71858;15;18572261;4;0;0;0
FR;0;2021-06-20;74458;102298;130;0;111495;0;0;0;0;32727349;16411104;71988;15;18683756;4;0;0;0
FR;0;2021-06-21;195806;401735;1038;1;427700;1;0;0;0;32923155;16812839;73026;16;19111456;5;0;0;0
FR;0;2021-06-22;223236;467757;1266;10;500419;1;0;0;0;33146391;17280596;74292;26;19611875;6;0;0;0
FR;0;2021-06-23;234073;440087;1198;1;474194;1;0;0;0;33380464;17720683;75490;27;20086069;7;0;0;0
FR;0;2021-06-24;241899;409677;1359;0;447169;0;0;0;0;33622363;18130360;76849;27;20533238;7;0;0;0
FR;0;2021-06-25;227665;523037;1403;0;562036;0;0;0;0;33850028;18653397;78252;27;21095274;7;0;0;0
FR;0;2021-06-26;153287;371071;587;1;395878;0;0;0;0;34003315;19024468;78839;28;21491152;7;0;0;0
FR;0;2021-06-27;55920;155951;169;1;164865;0;0;0;0;34059235;19180419;79008;29;21656017;7;0;0;0
FR;0;2021-06-28;154806;452528;1177;0;478127;0;0;0;0;34214041;19632947;80185;29;22134144;7;0;0;0
FR;0;2021-06-29;182734;507785;2123;0;539168;0;0;0;0;34396775;20140732;82308;29;22673312;7;0;0;0
FR;0;2021-06-30;204040;485185;2015;21;519464;2;0;0;0;34600815;20625917;84323;50;23192776;9;0;0;0
FR;0;2021-07-01;231444;458541;2226;5;498488;0;0;0;0;34832259;21084458;86549;55;23691264;9;0;0;0
FR;0;2021-07-02;228705;519999;2120;5;562319;2;0;0;0;35060964;21604457;88669;60;24253583;11;0;0;0
FR;0;2021-07-03;142056;368762;908;3;395252;1;0;0;0;35203020;21973219;89577;63;24648835;12;0;0;0
FR;0;2021-07-04;56760;141007;265;0;150699;0;0;0;0;35259780;22114226;89842;63;24799534;12;0;0;0
FR;0;2021-07-05;168536;418651;1668;8;448590;0;0;0;0;35428316;22532877;91510;71;25248124;12;0;0;0
FR;0;2021-07-06;196806;474517;1830;45;511119;8;0;0;0;35625122;23007394;93340;116;25759243;20;0;0;0
FR;0;2021-07-07;213243;438969;1881;25;477436;2;0;0;0;35838365;23446363;95221;141;26236679;22;0;0;0
FR;0;2021-07-08;231669;424126;2089;20;468066;2;0;0;0;36070034;23870489;97310;161;26704745;24;0;0;0
FR;0;2021-07-09;228640;511072;2185;4;557377;2;0;0;0;36298674;24381561;99495;165;27262122;26;0;0;0
FR;0;2021-07-10;148633;339920;986;1;368862;1;0;0;0;36447307;24721481;100481;166;27630984;27;0;0;0
FR;0;2021-07-11;60213;110047;284;0;120965;0;0;0;0;36507520;24831528;100765;166;27751949;27;0;0;0
FR;0;2021-07-12;169439;477720;1765;4;512459;0;0;0;0;36676959;25309248;102530;170;28264408;27;0;0;0
FR;0;2021-07-13;287303;526596;2050;8;585640;0;0;0;0;36964262;25835844;104580;178;28850048;27;0;0;0
FR;0;2021-07-14;181120;157340;435;0;186658;0;0;0;0;37145382;25993184;105015;178;29036706;27;0;0;0
FR;0;2021-07-15;347124;501585;2100;1;571562;0;0;0;0;37492506;26494769;107115;179;29608268;27;0;0;0
FR;0;2021-07-16;380123;494992;2023;3;574180;1;0;0;0;37872629;26989761;109138;182;30182448;28;0;0;0
FR;0;2021-07-17;259747;319638;877;1;368605;0;0;0;0;38132376;27309399;110015;183;30551053;28;0;0;0
FR;0;2021-07-18;109741;114570;310;0;133012;0;0;0;0;38242117;27423969;110325;183;30684065;28;0;0;0
FR;0;2021-07-19;285522;423909;1631;3;478935;0;0;0;0;38527639;27847878;111956;186;31163000;28;0;0;0
FR;0;2021-07-20;376938;451210;1725;0;523555;0;0;0;0;38904577;28299088;113681;186;31686555;28;0;0;0
FR;0;2021-07-21;395837;406861;1550;4;481874;1;0;0;0;39300414;28705949;115231;190;32168429;29;0;0;0
FR;0;2021-07-22;441078;387299;1715;4;471795;2;0;0;0;39741492;29093248;116946;194;32640224;31;0;0;0
FR;0;2021-07-23;440348;421990;1883;4;509967;1;0;0;0;40181840;29515238;118829;198;33150191;32;0;0;0
FR;0;2021-07-24;285264;269306;804;1;321996;0;0;0;0;40467104;29784544;119633;199;33472187;32;0;0;0
FR;0;2021-07-25;121126;79917;234;0;100278;0;0;0;0;40588230;29864461;119867;199;33572465;32;0;0;0
FR;0;2021-07-26;347449;322155;1614;3;384718;1;0;0;0;40935679;30186616;121481;202;33957183;33;0;0;0
FR;0;2021-07-27;464102;319267;1698;4;400423;1;0;0;0;41399781;30505883;123179;206;34357606;34;0;0;0
FR;0;2021-07-28;459468;289341;1637;4;366971;1;0;0;0;41859249;30795224;124816;210;34724577;35;0;0;0
FR;0;2021-07-29;489855;276113;1797;2;357003;0;0;0;0;42349104;31071337;126613;212;35081580;35;0;0;0
FR;0;2021-07-30;461858;302356;1942;5;380860;1;0;0;0;42810962;31373693;128555;217;35462440;36;0;0;0
FR;0;2021-07-31;285414;185009;916;1;231508;0;0;0;0;43096376;31558702;129471;218;35693948;36;0;0;0
FR;0;2021-08-01;112040;49909;257;0;65689;0;0;0;0;43208416;31608611;129728;218;35759637;36;0;0;0
FR;0;2021-08-02;341666;234030;1603;2;284732;0;0;0;0;43550082;31842641;131331;220;36044369;36;0;0;0
FR;0;2021-08-03;398639;244448;1729;2;304533;1;0;0;0;43948721;32087089;133060;222;36348902;37;0;0;0
FR;0;2021-08-04;384883;209513;1594;6;265647;3;0;0;0;44333604;32296602;134654;228;36614549;40;0;0;0
FR;0;2021-08-05;366197;228338;1711;0;281722;0;0;0;0;44699801;32524940;136365;228;36896271;40;0;0;0
FR;0;2021-08-06;359751;271209;1835;4;326607;0;0;0;0;45059552;32796149;138200;232;37222878;40;0;0;0
FR;0;2021-08-07;213141;178312;756;5;210052;1;0;0;0;45272693;32974461;138956;237;37432930;41;0;0;0
FR;0;2021-08-08;74207;63184;276;0;73618;0;0;0;0;45346900;33037645;139232;237;37506548;41;0;0;0
FR;0;2021-08-09;258772;258589;1548;4;297514;2;0;0;0;45605672;33296234;140780;241;37804062;43;0;0;0
FR;0;2021-08-10;306891;277065;1663;2;323474;0;0;0;0;45912563;33573299;142443;243;38127536;43;0;0;0
FR;0;2021-08-11;279761;259549;1441;5;301627;0;0;0;0;46192324;33832848;143884;248;38429163;43;0;0;0
FR;0;2021-08-12;271564;278022;1668;3;320297;0;0;0;0;46463888;34110870;145552;251;38749460;43;0;0;0
FR;0;2021-08-13;252171;278104;1594;3;316951;2;0;0;0;46716059;34388974;147146;254;39066411;45;0;0;0
FR;0;2021-08-14;145361;197070;740;0;219005;0;0;0;0;46861420;34586044;147886;254;39285416;45;0;0;0
FR;0;2021-08-15;39401;50090;218;1;55674;0;0;0;0;46900821;34636134;148104;255;39341090;45;0;0;0
FR;0;2021-08-16;186196;317479;1543;0;345410;0;0;0;0;47087017;34953613;149647;255;39686500;45;0;0;0
FR;0;2021-08-17;215710;335808;1638;7;368845;0;0;0;0;47302727;35289421;151285;262;40055345;45;0;0;0
FR;0;2021-08-18;199070;324359;1599;7;354537;4;0;0;0;47501797;35613780;152884;269;40409882;49;0;0;0
FR;0;2021-08-19;192047;325401;1642;1;355974;0;0;0;0;47693844;35939181;154526;270;40765856;49;0;0;0
FR;0;2021-08-20;186488;366187;1821;3;396636;2;0;0;0;47880332;36305368;156347;273;41162492;51;0;0;0
FR;0;2021-08-21;104806;238122;709;0;254559;0;0;0;0;47985138;36543490;157056;273;41417051;51;0;0;0
FR;0;2021-08-22;31946;87208;256;1;92162;1;0;0;0;48017084;36630698;157312;274;41509213;52;0;0;0
FR;0;2021-08-23;140995;356991;1561;3;379597;0;0;0;0;48158079;36987689;158873;277;41888810;52;0;0;0
FR;0;2021-08-24;162517;376600;1850;5;402860;0;0;0;0;48320596;37364289;160723;282;42291670;52;0;0;0
FR;0;2021-08-25;151161;350709;2037;8;375413;2;0;0;0;48471757;37714998;162760;290;42667083;54;0;0;0
FR;0;2021-08-26;142891;342742;2562;10;367560;0;0;0;0;48614648;38057740;165322;300;43034643;54;0;0;0
FR;0;2021-08-27;148460;388244;2791;11;414910;1;0;0;0;48763108;38445984;168113;311;43449553;55;0;0;0
FR;0;2021-08-28;90679;249631;1407;0;264966;0;0;0;0;48853787;38695615;169520;311;43714519;55;0;0;0
FR;0;2021-08-29;27324;83343;518;1;88261;0;0;0;0;48881111;38778958;170038;312;43802780;55;0;0;0
FR;0;2021-08-30;117429;324578;4715;6;342393;5850;0;0;0;48998540;39103536;174753;318;44145173;5905;0;0;0
FR;0;2021-08-31;128827;334443;10189;19;353923;11772;2;0;0;49127367;39437979;184942;337;44499096;17677;2;0;0
FR;0;2021-09-01;136168;285654;22436;8;302415;24406;1;0;0;49263535;39723633;207378;345;44801511;42083;3;0;0
FR;0;2021-09-02;114658;247201;26524;20;262105;29009;0;0;0;49378193;39970834;233902;365;45063616;71092;3;0;0
FR;0;2021-09-03;118324;292658;29966;24;309323;33074;1;0;0;49496517;40263492;263868;389;45372939;104166;4;0;0
FR;0;2021-09-04;89891;217785;12587;12;230494;14152;7;0;0;49586408;40481277;276455;401;45603433;118318;11;0;0
FR;0;2021-09-05;21363;44799;4397;2;48281;4719;0;0;0;49607771;40526076;280852;403;45651714;123037;11;0;0
FR;0;2021-09-06;75700;180505;31956;16;190691;34304;2;0;0;49683471;40706581;312808;419;45842405;157341;13;0;0
FR;0;2021-09-07;80318;181173;33249;43;191052;36314;2;0;0;49763789;40887754;346057;462;46033457;193655;15;0;0
FR;0;2021-09-08;91009;206080;29667;28;216575;32571;4;0;0;49854798;41093834;375724;490;46250032;226226;19;0;0
FR;0;2021-09-09;76961;165299;33084;27;174112;36696;5;0;0;49931759;41259133;408808;517;46424144;262922;24;0;0
FR;0;2021-09-10;96044;203811;35743;28;214905;40790;7;0;0;50027803;41462944;444551;545;46639049;303712;31;0;0
FR;0;2021-09-11;67168;169333;12141;19;178193;14409;0;0;0;50094971;41632277;456692;564;46817242;318121;31;0;0
FR;0;2021-09-12;12828;32096;2783;1;34144;3189;2;0;0;50107799;41664373;459475;565;46851386;321310;33;0;0
FR;0;2021-09-13;64579;126170;41247;35;134197;44258;17;0;0;50172378;41790543;500722;600;46985583;365568;50;0;0
FR;0;2021-09-14;73497;129005;56386;80;135767;62428;43;0;0;50245875;41919548;557108;680;47121350;427996;93;0;0
FR;0;2021-09-15;76656;167734;55670;58;174687;54848;77;0;0;50322531;42087282;612778;738;47296037;482844;170;0;0
FR;0;2021-09-16;63893;114503;60099;82;117884;60170;65;0;0;50386424;42201785;672877;820;47413921;543014;235;0;0
FR;0;2021-09-17;75090;156849;53864;71;159733;57354;68;0;0;50461514;42358634;726741;891;47573654;600368;303;0;0
FR;0;2021-09-18;48243;139629;15602;25;144314;17319;20;0;0;50509757;42498263;742343;916;47717968;617687;323;0;0
FR;0;2021-09-19;7908;23654;2442;1;24883;2619;1;0;0;50517665;42521917;744785;917;47742851;620306;324;0;0
FR;0;2021-09-20;44579;93747;50087;72;96238;50345;36;0;0;50562244;42615664;794872;989;47839089;670651;360;0;0
FR;0;2021-09-21;45912;98368;62772;77;98381;63509;79;0;0;50608156;42714032;857644;1066;47937470;734160;439;0;0
FR;0;2021-09-22;48701;142391;55381;82;144836;55480;47;0;0;50656857;42856423;913025;1148;48082306;789640;486;0;0
FR;0;2021-09-23;43294;92065;62407;95;91276;63590;86;0;0;50700151;42948488;975432;1243;48173582;853230;572;0;0
FR;0;2021-09-24;52317;133298;54566;107;132402;59225;78;0;0;50752468;43081786;1029998;1350;48305984;912455;650;0;0
FR;0;2021-09-25;35221;115659;16276;36;118646;18313;22;0;0;50787689;43197445;1046274;1386;48424630;930768;672;0;0
FR;0;2021-09-26;5558;17804;2273;5;18688;2332;5;0;0;50793247;43215249;1048547;1391;48443318;933100;677;0;0
FR;0;2021-09-27;33983;76903;47204;97;78789;48186;83;0;1;50827230;43292152;1095751;1488;48522107;981286;760;0;1
FR;0;2021-09-28;36524;75251;54978;90;74341;56591;47;0;0;50863754;43367403;1150729;1578;48596448;1037877;807;0;1
FR;0;2021-09-29;44425;100697;53372;112;102857;54907;42;0;0;50908179;43468100;1204101;1690;48699305;1092784;849;0;1
FR;0;2021-09-30;36347;72976;57045;96;71481;59606;58;0;0;50944526;43541076;1261146;1786;48770786;1152390;907;0;1
FR;0;2021-10-01;61718;102853;57833;108;101417;64008;24;0;0;51006244;43643929;1318979;1894;48872203;1216398;931;0;1
FR;0;2021-10-02;39471;78447;20964;39;81732;23383;12;0;0;51045715;43722376;1339943;1933;48953935;1239781;943;0;1
FR;0;2021-10-03;5289;10496;2536;4;11262;2544;4;0;0;51051004;43732872;1342479;1937;48965197;1242325;947;0;1
FR;0;2021-10-04;35200;58502;52635;84;59503;54857;37;0;0;51086204;43791374;1395114;2021;49024700;1297182;984;0;1
FR;0;2021-10-05;33930;64366;61030;135;62102;65113;50;0;0;51120134;43855740;1456144;2156;49086802;1362295;1034;0;1
FR;0;2021-10-06;42726;79295;65761;112;80174;68379;29;0;0;51162860;43935035;1521905;2268;49166976;1430674;1063;0;1
FR;0;2021-10-07;30573;62283;65447;88;59499;68898;38;0;0;51193433;43997318;1587352;2356;49226475;1499572;1101;0;1
FR;0;2021-10-08;49484;91947;77772;111;89890;84811;39;0;0;51242917;44089265;1665124;2467;49316365;1584383;1140;0;1
FR;0;2021-10-09;33677;60942;31548;35;64137;33930;17;0;0;51276594;44150207;1696672;2502;49380502;1618313;1157;0;1
FR;0;2021-10-10;4722;7424;3198;9;7942;3475;2;0;0;51281316;44157631;1699870;2511;49388444;1621788;1159;0;1
FR;0;2021-10-11;30731;49887;61049;105;50605;64110;51;0;0;51312047;44207518;1760919;2616;49439049;1685898;1210;0;1
FR;0;2021-10-12;31646;54481;70633;141;51318;76043;27;0;0;51343693;44261999;1831552;2757;49490367;1761941;1237;0;1
FR;0;2021-10-13;40165;62844;74443;137;62797;79394;30;0;1;51383858;44324843;1905995;2894;49553164;1841335;1267;0;2
FR;0;2021-10-14;30363;52863;68775;116;49695;73860;34;0;0;51414221;44377706;1974770;3010;49602859;1915195;1301;0;2
FR;0;2021-10-15;44953;75237;93250;191;70335;103050;26;0;0;51459174;44452943;2068020;3201;49673194;2018245;1327;0;2
FR;0;2021-10-16;31334;44085;36699;44;46704;39650;15;0;0;51490508;44497028;2104719;3245;49719898;2057895;1342;0;2
FR;0;2021-10-17;3895;5226;3603;2;5674;3673;4;0;0;51494403;44502254;2108322;3247;49725572;2061568;1346;0;2
FR;0;2021-10-18;29214;42341;67517;134;42562;71374;27;0;0;51523617;44544595;2175839;3381;49768134;2132942;1373;0;2
FR;0;2021-10-19;27196;45546;76430;140;43210;81675;45;0;0;51550813;44590141;2252269;3521;49811344;2214617;1418;0;2
FR;0;2021-10-20;35344;52400;96956;181;51807;101575;45;0;0;51586157;44642541;2349225;3702;49863151;2316192;1463;0;2
FR;0;2021-10-21;26164;45170;83995;112;41964;89193;30;0;0;51612321;44687711;2433220;3814;49905115;2405385;1493;0;2
FR;0;2021-10-22;38449;62491;104925;200;59360;112650;61;0;0;51650770;44750202;2538145;4014;49964475;2518035;1554;0;2
FR;0;2021-10-23;27035;41200;45466;57;42431;48637;14;0;0;51677805;44791402;2583611;4071;50006906;2566672;1568;0;2
FR;0;2021-10-24;2947;4766;3685;6;5016;3923;1;0;0;51680752;44796168;2587296;4077;50011922;2570595;1569;0;2
FR;0;2021-10-25;26104;36207;82345;144;35484;86676;38;0;0;51706856;44832375;2669641;4221;50047406;2657271;1607;0;2
FR;0;2021-10-26;23768;34988;87278;166;32161;92405;34;0;0;51730624;44867363;2756919;4387;50079567;2749676;1641;0;2
FR;0;2021-10-27;30116;46310;109031;257;44050;114754;48;0;0;51760740;44913673;2865950;4644;50123617;2864430;1689;0;2
FR;0;2021-10-28;23609;34927;88741;153;31195;94539;35;0;0;51784349;44948600;2954691;4797;50154812;2958969;1724;0;2
FR;0;2021-10-29;31586;51450;117346;206;46502;125428;55;0;0;51815935;45000050;3072037;5003;50201314;3084397;1779;0;2
FR;0;2021-10-30;20578;33233;50360;76;32924;53424;20;0;0;51836513;45033283;3122397;5079;50234238;3137821;1799;0;2
FR;0;2021-10-31;2518;3733;3594;3;3845;3880;3;0;0;51839031;45037016;3125991;5082;50238083;3141701;1802;0;2
FR;0;2021-11-01;8537;4869;3223;3;5023;3586;10;0;0;51847568;45041885;3129214;5085;50243106;3145287;1812;0;2
FR;0;2021-11-02;26379;40104;93611;156;36248;99670;44;0;1;51873947;45081989;3222825;5241;50279354;3244957;1856;0;3
FR;0;2021-11-03;30128;47895;118926;222;43560;125897;64;0;0;51904075;45129884;3341751;5463;50322914;3370854;1920;0;3
FR;0;2021-11-04;23819;37469;107601;217;31580;114482;46;0;0;51927894;45167353;3449352;5680;50354494;3485336;1966;0;3
FR;0;2021-11-05;32408;52932;141673;236;44644;151464;52;0;0;51960302;45220285;3591025;5916;50399138;3636800;2018;0;3
FR;0;2021-11-06;21553;34548;64907;123;32386;68347;26;0;0;51981855;45254833;3655932;6039;50431524;3705147;2044;0;3
FR;0;2021-11-07;2429;4160;5208;6;4006;5597;7;0;0;51984284;45258993;3661140;6045;50435530;3710744;2051;0;3
FR;0;2021-11-08;20630;37739;127228;227;30948;134354;50;0;0;52004914;45296732;3788368;6272;50466478;3845098;2101;0;3
FR;0;2021-11-09;22442;44641;161736;339;32854;172345;65;0;0;52027356;45341373;3950104;6611;50499332;4017443;2166;0;3
FR;0;2021-11-10;31615;54889;187065;447;44031;198890;93;0;0;52058971;45396262;4137169;7058;50543363;4216333;2259;0;3
FR;0;2021-11-11;4750;6745;12996;28;5906;13979;17;0;0;52063721;45403007;4150165;7086;50549269;4230312;2276;0;3
FR;0;2021-11-12;29099;55051;183839;252;41728;197494;88;0;0;52092820;45458058;4334004;7338;50590997;4427806;2364;0;3
FR;0;2021-11-13;20355;32597;80731;118;28229;86356;44;0;0;52113175;45490655;4414735;7456;50619226;4514162;2408;0;3
FR;0;2021-11-14;2365;3858;7183;6;3364;7847;9;0;0;52115540;45494513;4421918;7462;50622590;4522009;2417;0;3
FR;0;2021-11-15;20518;38549;160908;314;27787;171645;77;0;0;52136058;45533062;4582826;7776;50650377;4693654;2494;0;3
FR;0;2021-11-16;23668;43839;200485;394;27714;215183;115;0;1;52159726;45576901;4783311;8170;50678091;4908837;2609;0;4
FR;0;2021-11-17;30542;50236;199903;406;36447;212967;99;0;0;52190268;45627137;4983214;8576;50714538;5121804;2708;0;4
FR;0;2021-11-18;23454;45687;191747;469;29397;205732;95;0;0;52213722;45672824;5174961;9045;50743935;5327536;2803;0;4
FR;0;2021-11-19;33694;61280;243286;551;39918;262306;148;0;0;52247416;45734104;5418247;9596;50783853;5589842;2951;0;4
FR;0;2021-11-20;25423;36653;102190;207;29262;109759;45;0;0;52272839;45770757;5520437;9803;50813115;5699601;2996;0;4
FR;0;2021-11-21;2663;4442;9678;19;3441;10604;19;0;0;52275502;45775199;5530115;9822;50816556;5710205;3015;0;4
FR;0;2021-11-22;22820;33107;180436;472;18911;194917;90;0;0;52298322;45808306;5710551;10294;50835467;5905122;3105;0;4
FR;0;2021-11-23;25735;45464;229488;549;24118;247978;85;0;0;52324057;45853770;5940039;10843;50859585;6153100;3190;0;4
FR;0;2021-11-24;31819;53599;224903;715;34480;243355;80;0;0;52355876;45907369;6164942;11558;50894065;6396455;3270;0;4
FR;0;2021-11-25;25654;49140;256020;739;25056;277929;112;0;0;52381530;45956509;6420962;12297;50919121;6674384;3382;0;4
FR;0;2021-11-26;33254;74670;379562;867;37401;414789;172;0;0;52414784;46031179;6800524;13164;50956522;7089173;3554;0;4
FR;0;2021-11-27;23509;49556;214974;391;28455;236774;135;0;0;52438293;46080735;7015498;13555;50984977;7325947;3689;0;4
FR;0;2021-11-28;3526;10451;56785;66;4059;63335;42;0;0;52441819;46091186;7072283;13621;50989036;7389282;3731;0;4
FR;0;2021-11-29;19444;54070;341564;864;23092;371905;178;0;0;52461263;46145256;7413847;14485;51012128;7761187;3909;0;4
FR;0;2021-11-30;24788;71806;457484;988;26810;500928;286;0;0;52486051;46217062;7871331;15473;51038938;8262115;4195;0;4
FR;0;2021-12-01;27393;75439;469214;1162;31329;511436;304;0;0;52513444;46292501;8340545;16635;51070267;8773551;4499;0;4
FR;0;2021-12-02;22125;71493;527239;1282;21025;575037;309;0;0;52535569;46363994;8867784;17917;51091292;9348588;4808;0;4
FR;0;2021-12-03;25577;92778;596521;1421;34365;651286;342;0;0;52561146;46456772;9464305;19338;51125657;9999874;5150;0;4
FR;0;2021-12-04;18341;60314;336305;692;25678;369888;198;0;0;52579487;46517086;9800610;20030;51151335;10369762;5348;0;4
FR;0;2021-12-05;4158;16094;95816;157;4862;107047;92;0;0;52583645;46533180;9896426;20187;51156197;10476809;5440;0;4
FR;0;2021-12-06;28451;72693;493275;1175;25244;540103;384;0;0;52612096;46605873;10389701;21362;51181441;11016912;5824;0;4
FR;0;2021-12-07;23565;91192;645556;1774;28527;706550;416;0;0;52635661;46697065;11035257;23136;51209968;11723462;6240;0;4
FR;0;2021-12-08;25523;91896;591801;1875;34959;647670;440;0;0;52661184;46788961;11627058;25011;51244927;12371132;6680;0;4
FR;0;2021-12-09;24086;94069;663310;2180;29000;726775;461;0;0;52685270;46883030;12290368;27191;51273927;13097907;7141;0;4
FR;0;2021-12-10;28078;110858;736197;2075;37964;806371;470;0;1;52713348;46993888;13026565;29266;51311891;13904278;7611;0;5
FR;0;2021-12-11;20254;76048;435246;990;29952;480466;344;0;0;52733602;47069936;13461811;30256;51341843;14384744;7955;0;5
FR;0;2021-12-12;5682;23115;142358;262;6391;159235;108;0;0;52739284;47093051;13604169;30518;51348234;14543979;8063;0;5
FR;0;2021-12-13;21365;90742;587830;1699;29685;649453;397;0;0;52760649;47183793;14191999;32217;51377919;15193432;8460;0;5
FR;0;2021-12-14;27988;118228;765777;2657;35438;847744;700;0;1;52788637;47302021;14957776;34874;51413357;16041176;9160;0;6
FR;0;2021-12-15;28454;114168;694509;2266;39523;769294;502;0;1;52817091;47416189;15652285;37140;51452880;16810470;9662;0;7
FR;0;2021-12-16;28055;115575;764233;2559;35111;844634;515;0;0;52845146;47531764;16416518;39699;51487991;17655104;10177;0;7
FR;0;2021-12-17;31666;128264;808020;2713;43360;892177;610;0;0;52876812;47660028;17224538;42412;51531351;18547281;10787;0;7
FR;0;2021-12-18;24944;81495;470053;1179;30055;522269;353;0;0;52901756;47741523;17694591;43591;51561406;19069550;11140;0;7
FR;0;2021-12-19;8770;28530;169448;376;7839;191072;142;0;0;52910526;47770053;17864039;43967;51569245;19260622;11282;0;7
FR;0;2021-12-20;31780;97065;591614;1789;33849;658838;501;0;0;52942306;47867118;18455653;45756;51603094;19919460;11783;0;7
FR;0;2021-12-21;39475;111875;682544;2391;38775;759686;605;0;0;52981781;47978993;19138197;48147;51641869;20679146;12388;0;7
FR;0;2021-12-22;39564;99152;575883;2169;37123;642199;687;0;2;53021345;48078145;19714080;50316;51678992;21321345;13075;0;9
FR;0;2021-12-23;33786;79360;441095;1659;30126;494439;589;0;0;53055131;48157505;20155175;51975;51709118;21815784;13664;0;9
FR;0;2021-12-24;10699;26017;111054;398;11639;126673;236;0;1;53065830;48183522;20266229;52373;51720757;21942457;13900;0;10
FR;0;2021-12-25;777;3571;7600;25;2047;9023;72;0;0;53066607;48187093;20273829;52398;51722804;21951480;13972;0;10
FR;0;2021-12-26;4698;11887;52118;142;4741;60166;170;0;0;53071305;48198980;20325947;52540;51727545;22011646;14142;0;10
FR;0;2021-12-27;30511;83937;453619;1364;33046;509266;665;0;0;53101816;48282917;20779566;53904;51760591;22520912;14807;0;10
FR;0;2021-12-28;38369;98806;564229;1769;35101;632321;1558;0;2;53140185;48381723;21343795;55673;51795692;23153233;16365;0;12
FR;0;2021-12-29;39882;88173;501273;1687;33109;561048;1738;0;1;53180067;48469896;21845068;57360;51828801;23714281;18103;0;13
FR;0;2021-12-30;35925;75057;421069;1520;29514;471160;1880;0;0;53215992;48544953;22266137;58880;51858315;24185441;19983;0;13
FR;0;2021-12-31;12051;25075;116892;405;11269;131675;740;0;0;53228043;48570028;22383029;59285;51869584;24317116;20723;0;13
FR;0;2022-01-01;1586;3217;8532;37;1803;9945;103;0;0;53229629;48573245;22391561;59322;51871387;24327061;20826;0;13
FR;0;2022-01-02;6123;13014;58434;126;5107;66972;408;0;0;53235752;48586259;22449995;59448;51876494;24394033;21234;0;13
FR;0;2022-01-03;39037;90159;494889;1597;36890;551775;2646;0;1;53274789;48676418;22944884;61045;51913384;24945808;23880;0;14
FR;0;2022-01-04;42186;111033;641464;2308;40675;714490;3836;0;3;53316975;48787451;23586348;63353;51954059;25660298;27716;0;17
FR;0;2022-01-05;61212;103594;569260;1984;43812;634295;3428;0;2;53378187;48891045;24155608;65337;51997871;26294593;31144;0;19
FR;0;2022-01-06;44311;110306;639046;2702;40236;711552;4557;0;2;53422498;49001351;24794654;68039;52038107;27006145;35701;0;21
FR;0;2022-01-07;50843;123323;711063;2811;46860;790568;4995;0;2;53473341;49124674;25505717;70850;52084967;27796713;40696;0;23
FR;0;2022-01-08;45014;80268;423837;1213;35054;472901;2444;0;3;53518355;49204942;25929554;72063;52120021;28269614;43140;0;26
FR;0;2022-01-09;15615;26605;128577;300;11495;145655;829;0;0;53533970;49231547;26058131;72363;52131516;28415269;43969;0;26
FR;0;2022-01-10;35409;93277;469387;1816;43038;522780;3721;0;1;53569379;49324824;26527518;74179;52174554;28938049;47690;0;27
FR;0;2022-01-11;41947;100456;548318;2309;42419;608571;5218;0;2;53611326;49425280;27075836;76488;52216973;29546620;52908;0;29
FR;0;2022-01-12;60419;95695;452740;1969;49498;504398;4498;0;8;53671745;49520975;27528576;78457;52266471;30051018;57406;0;37
FR;0;2022-01-13;38272;92533;487397;2084;40571;541081;5466;0;8;53710017;49613508;28015973;80541;52307042;30592099;62872;0;45
FR;0;2022-01-14;42583;103319;568658;2286;43531;629039;6467;0;2;53752600;49716827;28584631;82827;52350573;31221138;69339;0;47
FR;0;2022-01-15;39433;65895;340159;984;31462;377570;3294;0;1;53792033;49782722;28924790;83811;52382035;31598708;72633;0;48
FR;0;2022-01-16;11415;19204;87443;216;9018;99408;763;0;0;53803448;49801926;29012233;84027;52391053;31698116;73396;0;48
FR;0;2022-01-17;24752;60005;320315;1384;28057;354161;3961;0;4;53828200;49861931;29332548;85411;52419110;32052277;77357;0;52
FR;0;2022-01-18;28328;68689;361129;1801;32023;397575;5773;0;1;53856528;49930620;29693677;87212;52451133;32449852;83130;0;53
FR;0;2022-01-19;43228;67031;281331;1452;40401;311075;4392;0;5;53899756;49997651;29975008;88664;52491534;32760927;87522;0;58
FR;0;2022-01-20;23675;59596;299062;1750;29557;328533;5636;0;4;53923431;50057247;30274070;90414;52521091;33089460;93158;0;62
FR;0;2022-01-21;28210;68796;366406;2086;33095;401219;6579;0;3;53951641;50126043;30640476;92500;52554186;33490679;99737;0;65
FR;0;2022-01-22;27630;47980;218803;840;27311;241787;2838;0;2;53979271;50174023;30859279;93340;52581497;33732466;102575;0;67
FR;0;2022-01-23;6741;12970;48688;173;7506;55167;591;0;1;53986012;50186993;30907967;93513;52589003;33787633;103166;0;68
FR;0;2022-01-24;16283;47455;217350;1149;25412;239355;4102;0;3;54002295;50234448;31125317;94662;52614415;34026988;107268;0;71
FR;0;2022-01-25;19031;54325;243087;1548;28811;267091;6067;0;5;54021326;50288773;31368404;96210;52643226;34294079;113335;0;76
FR;0;2022-01-26;28146;60549;209307;1298;41366;229531;4479;0;3;54049472;50349322;31577711;97508;52684592;34523610;117814;0;79
FR;0;2022-01-27;16336;46474;207669;1285;26150;226044;5692;0;4;54065808;50395796;31785380;98793;52710742;34749654;123506;0;83
FR;0;2022-01-28;21591;78657;290079;1574;44971;321345;7411;0;4;54087399;50474453;32075459;100367;52755713;35070999;130917;0;87
FR;0;2022-01-29;18423;52849;184138;689;32749;204574;3256;0;2;54105822;50527302;32259597;101056;52788462;35275573;134173;0;89
FR;0;2022-01-30;4477;14474;39148;124;9139;45058;637;0;1;54110299;50541776;32298745;101180;52797601;35320631;134810;0;90
FR;0;2022-01-31;11259;43919;148217;742;26137;164732;4229;0;5;54121558;50585695;32446962;101922;52823738;35485363;139039;0;95
FR;0;2022-02-01;13641;48306;174139;1144;27337;191344;7043;0;1;54135199;50634001;32621101;103066;52851075;35676707;146082;0;96
FR;0;2022-02-02;20647;66302;171554;1034;46160;190086;5969;0;10;54155846;50700303;32792655;104100;52897235;35866793;152051;0;106
FR;0;2022-02-03;11655;44785;157579;990;25339;173288;6934;0;6;54167501;50745088;32950234;105090;52922574;36040081;158985;0;112
FR;0;2022-02-04;14641;67553;239261;1266;37178;264086;9157;0;6;54182142;50812641;33189495;106356;52959752;36304167;168142;0;118
FR;0;2022-02-05;12901;51447;153563;523;31981;172303;3784;0;3;54195043;50864088;33343058;106879;52991733;36476470;171926;0;121
FR;0;2022-02-06;2725;12168;28897;102;7286;33831;662;0;0;54197768;50876256;33371955;106981;52999019;36510301;172588;0;121
FR;0;2022-02-07;9607;46630;156903;593;24515;176312;5293;0;6;54207375;50922886;33528858;107574;53023534;36686613;177881;0;127
FR;0;2022-02-08;9813;43098;166654;869;20963;184449;7053;0;6;54217188;50965984;33695512;108443;53044497;36871062;184934;0;133
FR;0;2022-02-09;14374;58253;172356;876;35348;193066;5788;0;9;54231562;51024237;33867868;109319;53079845;37064128;190722;0;142
FR;0;2022-02-10;8721;39217;150242;880;18692;166721;6502;0;2;54240283;51063454;34018110;110199;53098537;37230849;197224;0;144
FR;0;2022-02-11;10861;55690;218517;1101;25830;243111;8322;0;3;54251144;51119144;34236627;111300;53124367;37473960;205546;0;147
FR;0;2022-02-12;8408;40969;134738;465;22635;151766;3509;0;4;54259552;51160113;34371365;111765;53147002;37625726;209055;0;151
FR;0;2022-02-13;1940;8604;26566;86;4410;30928;544;0;3;54261492;51168717;34397931;111851;53151412;37656654;209599;0;154
FR;0;2022-02-14;6992;35258;148387;485;14670;166383;4787;0;5;54268484;51203975;34546318;112336;53166082;37823037;214386;0;159
FR;0;2022-02-15;7067;36234;147002;751;16002;162588;6849;0;3;54275551;51240209;34693320;113087;53182084;37985625;221235;0;162
FR;0;2022-02-16;9415;42987;132543;721;25979;146761;5726;0;6;54284966;51283196;34825863;113808;53208063;38132386;226961;0;168
FR;0;2022-02-17;5578;24343;87311;587;13145;94885;5407;0;5;54290544;51307539;34913174;114395;53221208;38227271;232368;0;173
FR;0;2022-02-18;6999;33583;119671;807;18756;129335;7416;0;2;54297543;51341122;35032845;115202;53239964;38356606;239784;0;175
FR;0;2022-02-19;5370;24558;70027;370;15909;77337;3019;0;2;54302913;51365680;35102872;115572;53255873;38433943;242803;0;177
FR;0;2022-02-20;1148;4657;12175;39;2914;13954;460;0;1;54304061;51370337;35115047;115611;53258787;38447897;243263;0;178
FR;0;2022-02-21;4100;17892;61957;351;10172;67185;4059;0;2;54308161;51388229;35177004;115962;53268959;38515082;247322;0;180
FR;0;2022-02-22;4462;18662;60839;577;11263;64480;5255;0;1;54312623;51406891;35237843;116539;53280222;38579562;252577;0;181
FR;0;2022-02-23;6591;27362;66507;593;19629;71905;4596;0;3;54319214;51434253;35304350;117132;53299851;38651467;257173;0;184
FR;0;2022-02-24;3851;15560;50432;519;9519;53257;4530;0;2;54323065;51449813;35354782;117651;53309370;38704724;261703;0;186
FR;0;2022-02-25;5283;24200;76367;804;15176;80100;7335;0;7;54328348;51474013;35431149;118455;53324546;38784824;269038;0;193
FR;0;2022-02-26;3995;17770;47420;359;12172;51487;3083;0;3;54332343;51491783;35478569;118814;53336718;38836311;272121;0;196
FR;0;2022-02-27;880;3010;8038;47;1978;8949;529;0;0;54333223;51494793;35486607;118861;53338696;38845260;272650;0;196
FR;0;2022-02-28;3125;12556;40493;359;7591;42926;3858;0;0;54336348;51507349;35527100;119220;53346287;38888186;276508;0;196
FR;0;2022-03-01;4006;12610;44202;437;7636;44873;5519;0;6;54340354;51519959;35571302;119657;53353923;38933059;282027;0;202
FR;0;2022-03-02;5333;17800;47150;446;12860;49082;4929;0;2;54345687;51537759;35618452;120103;53366783;38982141;286956;0;204
FR;0;2022-03-03;2828;9356;29901;371;6255;30024;4050;0;2;54348515;51547115;35648353;120474;53373038;39012165;291006;0;206
FR;0;2022-03-04;3228;12493;40332;669;8491;39483;6233;0;4;54351743;51559608;35688685;121143;53381529;39051648;297239;0;210
FR;0;2022-03-05;3074;9285;24961;314;7127;25126;3134;0;1;54354817;51568893;35713646;121457;53388656;39076774;300373;0;211
FR;0;2022-03-06;521;1406;3198;43;1029;3441;379;0;0;54355338;51570299;35716844;121500;53389685;39080215;300752;0;211
FR;0;2022-03-07;2391;5635;18435;315;3851;17707;3307;0;4;54357729;51575934;35735279;121815;53393536;39097922;304059;0;215
FR;0;2022-03-08;2152;6079;19449;363;4333;17921;4094;0;3;54359881;51582013;35754728;122178;53397869;39115843;308153;0;218
FR;0;2022-03-09;3582;10501;22194;407;8729;21291;4039;0;4;54363463;51592514;35776922;122585;53406598;39137134;312192;0;222
FR;0;2022-03-10;1831;5839;17007;344;4386;15833;3407;0;3;54365294;51598353;35793929;122929;53410984;39152967;315599;0;225
FR;0;2022-03-11;2422;7559;24511;545;5439;22277;5481;0;2;54367716;51605912;35818440;123474;53416423;39175244;321080;0;227
FR;0;2022-03-12;2698;6778;17167;309;5496;16522;3136;0;2;54370414;51612690;35835607;123783;53421919;39191766;324216;0;229
FR;0;2022-03-13;406;791;2324;149;599;2273;537;0;0;54370820;51613481;35837931;123932;53422518;39194039;324753;0;229
FR;0;2022-03-14;1557;4274;14988;4412;2809;13842;7295;0;8;54372377;51617755;35852919;128344;53425327;39207881;332048;0;237
FR;0;2022-03-15;1750;6290;16385;7556;4807;14614;11035;0;9;54374127;51624045;35869304;135900;53430134;39222495;343083;0;246
FR;0;2022-03-16;3036;7409;19428;13140;6210;18108;16296;0;8;54377163;51631454;35888732;149040;53436344;39240603;359379;0;254
FR;0;2022-03-17;1460;3985;13155;10846;2806;11994;13314;0;9;54378623;51635439;35901887;159886;53439150;39252597;372693;0;263
FR;0;2022-03-18;2269;5757;20015;18306;4099;18111;22038;0;15;54380892;51641196;35921902;178192;53443249;39270708;394731;0;278
FR;0;2022-03-19;2294;4804;13116;9406;4140;12419;11409;0;6;54383186;51646000;35935018;187598;53447389;39283127;406140;0;284
FR;0;2022-03-20;301;736;1919;1073;528;1931;1340;0;2;54383487;51646736;35936937;188671;53447917;39285058;407480;0;286
FR;0;2022-03-21;1394;3220;12733;14951;2156;11957;16910;0;11;54384881;51649956;35949670;203622;53450073;39297015;424390;0;297
FR;0;2022-03-22;1557;3739;13802;20553;2578;12557;22845;0;5;54386438;51653695;35963472;224175;53452651;39309572;447235;0;302
FR;0;2022-03-23;2687;6291;17733;23151;5223;17245;25267;0;40;54389125;51659986;35981205;247326;53457874;39326817;472502;0;342
FR;0;2022-03-24;1407;3160;11596;17615;2248;10682;19389;0;23;54390532;51663146;35992801;264941;53460122;39337499;491891;0;365
FR;0;2022-03-25;2085;5157;18577;27775;3687;16915;30809;0;31;54392617;51668303;36011378;292716;53463809;39354414;522700;0;396
FR;0;2022-03-26;2232;4415;12080;12678;3865;11520;14400;0;26;54394849;51672718;36023458;305394;53467674;39365934;537100;0;422
FR;0;2022-03-27;363;693;1909;1483;516;1943;1740;0;1;54395212;51673411;36025367;306877;53468190;39367877;538840;0;423
FR;0;2022-03-28;1464;3081;11131;17490;2118;10620;19069;0;16;54396676;51676492;36036498;324367;53470308;39378497;557909;0;439
FR;0;2022-03-29;1454;3277;12911;27585;2094;12053;29284;0;34;54398130;51679769;36049409;351952;53472402;39390550;587193;0;473
FR;0;2022-03-30;2853;5521;15686;27429;4704;15086;29335;0;21;54400983;51685290;36065095;379381;53477106;39405636;616528;0;494
FR;0;2022-03-31;1612;3568;12989;25023;2550;12330;26632;0;43;54402595;51688858;36078084;404404;53479656;39417966;643160;0;537
FR;0;2022-04-01;2682;4585;20079;30895;2969;18721;33488;0;61;54405277;51693443;36098163;435299;53482625;39436687;676648;0;598
FR;0;2022-04-02;1531;2647;9052;10133;2009;8724;11296;0;29;54406808;51696090;36107215;445432;53484634;39445411;687944;0;627
FR;0;2022-04-03;293;516;1562;1171;360;1580;1382;0;2;54407101;51696606;36108777;446603;53484994;39446991;689326;0;629
FR;0;2022-04-04;3653;2948;12380;19129;1967;11590;20600;0;35;54410754;51699554;36121157;465732;53486961;39458581;709926;0;664
FR;0;2022-04-05;2573;3164;14343;34142;2043;13196;35759;0;85;54413327;51702718;36135500;499874;53489004;39471777;745685;0;749
FR;0;2022-04-06;2596;3956;13542;26506;3021;12816;27976;0;72;54415923;51706674;36149042;526380;53492025;39484593;773661;0;821
FR;0;2022-04-07;1972;3142;13682;33793;1993;12893;35150;0;76;54417895;51709816;36162724;560173;53494018;39497486;808811;0;897
FR;0;2022-04-08;2301;4329;19229;44011;2662;17852;46364;0;89;54420196;51714145;36181953;604184;53496680;39515338;855175;0;986
FR;0;2022-04-09;1373;2680;9314;13567;1901;8868;14800;0;30;54421569;51716825;36191267;617751;53498581;39524206;869975;0;1016
FR;0;2022-04-10;295;754;1984;2017;552;2006;2279;0;7;54421864;51717579;36193251;619768;53499133;39526212;872254;0;1023
FR;0;2022-04-11;1337;2619;11873;23913;1635;11483;25184;0;74;54423201;51720198;36205124;643681;53500768;39537695;897438;0;1097
FR;0;2022-04-12;1726;3076;14021;40924;1959;13394;41813;0;127;54424927;51723274;36219145;684605;53502727;39551089;939251;0;1224
FR;0;2022-04-13;1979;3720;13415;33117;2717;13037;34086;0;96;54426906;51726994;36232560;717722;53505444;39564126;973337;0;1320
FR;0;2022-04-14;1501;2981;13215;36326;1909;13073;36995;0;105;54428407;51729975;36245775;754048;53507353;39577199;1010332;0;1425
FR;0;2022-04-15;1871;3794;15644;35580;2538;14923;37232;0;115;54430278;51733769;36261419;789628;53509891;39592122;1047564;0;1540
FR;0;2022-04-16;1043;1833;6400;8553;1263;6262;9435;0;40;54431321;51735602;36267819;798181;53511154;39598384;1056999;0;1580
FR;0;2022-04-17;195;339;993;1174;223;1036;1242;0;7;54431516;51735941;36268812;799355;53511377;39599420;1058241;0;1587
FR;0;2022-04-18;199;543;2768;1072;342;2787;1287;0;5;54431715;51736484;36271580;800427;53511719;39602207;1059528;0;1592
FR;0;2022-04-19;1545;3029;12919;29688;1876;12478;30736;0;78;54433260;51739513;36284499;830115;53513595;39614685;1090264;0;1670
FR;0;2022-04-20;2003;3491;13305;29066;2604;12992;30083;0;96;54435263;51743004;36297804;859181;53516199;39627677;1120347;0;1766
FR;0;2022-04-21;1515;2852;12550;35187;1823;12628;35775;0;117;54436778;51745856;36310354;894368;53518022;39640305;1156122;0;1883
FR;0;2022-04-22;1879;3621;16480;37621;2398;15838;39160;0;131;54438657;51749477;36326834;931989;53520420;39656143;1195282;0;2014
FR;0;2022-04-23;1149;2064;7389;10659;1473;7240;11444;0;38;54439806;51751541;36334223;942648;53521893;39663383;1206726;0;2052
FR;0;2022-04-24;250;466;1476;1591;325;1413;1848;0;7;54440056;51752007;36335699;944239;53522218;39664796;1208574;0;2059
FR;0;2022-04-25;1308;2533;10684;21071;1613;10490;22092;0;79;54441364;51754540;36346383;965310;53523831;39675286;1230666;0;2138
FR;0;2022-04-26;1627;3004;13667;38652;1963;13111;39448;0;181;54442991;51757544;36360050;1003962;53525794;39688397;1270114;0;2319
FR;0;2022-04-27;1964;3063;11539;31061;2276;11596;31480;0;130;54444955;51760607;36371589;1035023;53528070;39699993;1301594;0;2449
FR;0;2022-04-28;1570;2771;12527;36247;1853;12269;36563;0;139;54446525;51763378;36384116;1071270;53529923;39712262;1338157;0;2588
FR;0;2022-04-29;2007;4823;15556;37281;3627;14932;38752;0;164;54448532;51768201;36399672;1108551;53533550;39727194;1376909;0;2752
FR;0;2022-04-30;1222;3868;6927;9717;3363;6756;10608;0;44;54449754;51772069;36406599;1118268;53536913;39733950;1387517;0;2796
FR;0;2022-05-01;218;325;916;1000;229;911;1141;0;6;54449972;51772394;36407515;1119268;53537142;39734861;1388658;0;2802
FR;0;2022-05-02;2276;2951;11153;18175;2047;10986;19020;0;69;54452248;51775345;36418668;1137443;53539189;39745847;1407678;0;2871
FR;0;2022-05-03;2058;3264;13724;34683;2126;13565;35604;0;163;54454306;51778609;36432392;1172126;53541315;39759412;1443282;0;3034
FR;0;2022-05-04;1919;3298;12184;25646;2298;12301;26197;0;110;54456225;51781907;36444576;1197772;53543613;39771713;1469479;0;3144
FR;0;2022-05-05;1788;3027;13069;33596;2006;12914;34264;0;180;54458013;51784934;36457645;1231368;53545619;39784627;1503743;0;3324
FR;0;2022-05-06;2216;3658;15351;36806;2317;14861;38268;0;182;54460229;51788592;36472996;1268174;53547936;39799488;1542011;0;3506
FR;0;2022-05-07;1209;1782;6464;9614;1255;6455;10339;0;48;54461438;51790374;36479460;1277788;53549191;39805943;1552350;0;3554
FR;0;2022-05-08;267;400;1175;1548;288;1236;1654;0;8;54461705;51790774;36480635;1279336;53549479;39807179;1554004;0;3562
FR;0;2022-05-09;1396;2303;9926;20259;1410;9796;21176;0;102;54463101;51793077;36490561;1299595;53550889;39816975;1575180;0;3664
FR;0;2022-05-10;1795;3427;13576;38999;2290;13132;40026;0;200;54464896;51796504;36504137;1338594;53553179;39830107;1615206;0;3864
FR;0;2022-05-11;2004;3016;10751;27937;2320;10697;28444;0;146;54466900;51799520;36514888;1366531;53555499;39840804;1643650;0;4010
FR;0;2022-05-12;1594;2736;11381;35735;1806;11051;36497;0;211;54468494;51802256;36526269;1402266;53557305;39851855;1680147;0;4221
FR;0;2022-05-13;1981;3221;13761;37980;2062;13350;39245;0;162;54470475;51805477;36540030;1440246;53559367;39865205;1719392;0;4383
FR;0;2022-05-14;1149;1641;5938;10777;1198;5801;11365;0;57;54471624;51807118;36545968;1451023;53560565;39871006;1730757;0;4440
FR;0;2022-05-15;283;477;1278;1440;300;1361;1593;0;6;54471907;51807595;36547246;1452463;53560865;39872367;1732350;0;4446
FR;0;2022-05-16;1195;2045;8692;21069;1246;8698;21597;0;128;54473102;51809640;36555938;1473532;53562111;39881065;1753947;0;4574
FR;0;2022-05-17;1589;2603;11824;37879;1668;11401;38720;0;180;54474691;51812243;36567762;1511411;53563779;39892466;1792667;0;4754
FR;0;2022-05-18;1816;2652;9691;27163;1955;9666;27780;0;109;54476507;51814895;36577453;1538574;53565734;39902132;1820447;0;4863
FR;0;2022-05-19;1448;2659;10576;35840;1632;10717;36029;0;162;54477955;51817554;36588029;1574414;53567366;39912849;1856476;0;5025
FR;0;2022-05-20;1873;3116;13423;39370;2076;12912;40388;0;168;54479828;51820670;36601452;1613784;53569442;39925761;1896864;0;5193
FR;0;2022-05-21;1158;1714;5662;9897;1308;5534;10533;0;45;54480986;51822384;36607114;1623681;53570750;39931295;1907397;0;5238
FR;0;2022-05-22;240;341;1028;1439;263;1015;1582;0;10;54481226;51822725;36608142;1625120;53571013;39932310;1908979;0;5248
FR;0;2022-05-23;1177;2123;8878;20350;1406;8827;21005;0;86;54482403;51824848;36617020;1645470;53572419;39941137;1929984;0;5334
FR;0;2022-05-24;1541;2760;11366;38880;1738;11238;39509;0;190;54483944;51827608;36628386;1684350;53574157;39952375;1969493;0;5524
FR;0;2022-05-25;1814;2835;9342;24845;2074;9480;25321;0;116;54485758;51830443;36637728;1709195;53576231;39961855;1994814;0;5640
FR;0;2022-05-26;216;430;1666;1201;293;1676;1345;0;26;54485974;51830873;36639394;1710396;53576524;39963531;1996159;0;5666
FR;0;2022-05-27;1387;2474;9265;21292;1667;9005;22326;0;94;54487361;51833347;36648659;1731688;53578191;39972536;2018485;0;5760
FR;0;2022-05-28;669;1271;3916;6792;851;3966;7202;0;38;54488030;51834618;36652575;1738480;53579042;39976502;2025687;0;5798
FR;0;2022-05-29;157;315;752;921;200;773;1033;0;4;54488187;51834933;36653327;1739401;53579242;39977275;2026720;0;5802
FR;0;2022-05-30;1025;1965;6994;19295;1246;7011;19807;0;91;54489212;51836898;36660321;1758696;53580488;39984286;2046527;0;5893
FR;0;2022-05-31;1488;2518;9822;35660;1649;9643;36293;0;171;54490700;51839416;36670143;1794356;53582137;39993929;2082820;0;6064
FR;0;2022-06-01;1745;3101;11027;24537;2247;10894;25490;0;121;54492445;51842517;36681170;1818893;53584384;40004823;2108310;0;6185
FR;0;2022-06-02;1478;2612;11303;35570;1713;10859;36515;0;174;54493923;51845129;36692473;1854463;53586097;40015682;2144825;0;6359
FR;0;2022-06-03;1727;3076;13418;38726;2046;12782;39997;0;176;54495650;51848205;36705891;1893189;53588143;40028464;2184822;0;6535
FR;0;2022-06-04;972;1516;5046;9112;1076;5117;9648;0;73;54496622;51849721;36710937;1902301;53589219;40033581;2194470;0;6608
FR;0;2022-06-05;180;335;875;1106;205;886;1228;0;4;54496802;51850056;36711812;1903407;53589424;40034467;2195698;0;6612
FR;0;2022-06-06;753;1230;2120;1329;1056;2135;1509;0;13;54497555;51851286;36713932;1904736;53590480;40036602;2197207;0;6625
FR;0;2022-06-07;1484;2711;9852;35587;1789;9431;36813;0;153;54499039;51853997;36723784;1940323;53592269;40046033;2234020;0;6778
FR;0;2022-06-08;1579;2695;9168;28785;1940;9011;29750;0;112;54500618;51856692;36732952;1969108;53594209;40055044;2263770;0;6890
FR;0;2022-06-09;1294;2438;10621;39498;1552;10265;40273;0;167;54501912;51859130;36743573;2008606;53595761;40065309;2304043;0;7057
FR;0;2022-06-10;1631;3182;13092;44827;2151;12654;46152;0;223;54503543;51862312;36756665;2053433;53597912;40077963;2350195;0;7280
FR;0;2022-06-11;961;1739;5435;11626;1125;5468;12211;0;55;54504504;51864051;36762100;2065059;53599037;40083431;2362406;0;7335
FR;0;2022-06-12;199;445;1077;1765;255;1140;1866;0;11;54504703;51864496;36763177;2066824;53599292;40084571;2364272;0;7346
FR;0;2022-06-13;1115;2068;7440;23182;1342;7270;24098;0;90;54505818;51866564;36770617;2090006;53600634;40091841;2388370;0;7436
FR;0;2022-06-14;1340;2546;10448;44944;1595;9804;46140;0;200;54507158;51869110;36781065;2134950;53602229;40101645;2434510;0;7636
FR;0;2022-06-15;1518;2454;9323;30895;1922;8955;31592;0;178;54508676;51871564;36790388;2165845;53604151;40110600;2466102;0;7814
FR;0;2022-06-16;1185;2040;9912;39930;1276;9322;40951;0;201;54509861;51873604;36800300;2205775;53605427;40119922;2507053;0;8015
FR;0;2022-06-17;1490;2858;12505;46692;1784;11907;47933;0;240;54511351;51876462;36812805;2252467;53607211;40131829;2554986;0;8255
FR;0;2022-06-18;856;1527;4565;11125;1038;4500;11719;0;67;54512207;51877989;36817370;2263592;53608249;40136329;2566705;0;8322
FR;0;2022-06-19;183;363;1059;1615;208;1131;1701;0;14;54512390;51878352;36818429;2265207;53608457;40137460;2568406;0;8336
FR;0;2022-06-20;1025;1922;8909;26079;1196;8570;27020;0;154;54513415;51880274;36827338;2291286;53609653;40146030;2595426;0;8490
FR;0;2022-06-21;1325;2400;10309;49896;1535;9338;51280;0;264;54514740;51882674;36837647;2341182;53611188;40155368;2646706;0;8754
FR;0;2022-06-22;1396;2512;8912;39058;1802;8420;40002;0;256;54516136;51885186;36846559;2380240;53612990;40163788;2686708;0;9010
FR;0;2022-06-23;1229;2368;10679;55105;1365;9885;56237;0;320;54517365;51887554;36857238;2435345;53614355;40173673;2742945;0;9330
FR;0;2022-06-24;1490;2995;13643;69186;1750;12305;71004;0;405;54518855;51890549;36870881;2504531;53616105;40185978;2813949;0;9735
FR;0;2022-06-25;938;1781;6235;19921;1112;5988;20776;0;177;54519793;51892330;36877116;2524452;53617217;40191966;2834725;0;9912
FR;0;2022-06-26;229;458;1952;3688;258;1817;3966;0;39;54520022;51892788;36879068;2528140;53617475;40193783;2838691;0;9951
FR;0;2022-06-27;1132;2023;10492;48486;1175;9635;49754;0;339;54521154;51894811;36889560;2576626;53618650;40203418;2888445;0;10290
FR;0;2022-06-28;1463;2815;14667;91385;1583;13088;93154;0;623;54522617;51897626;36904227;2668011;53620233;40216506;2981599;0;10913
FR;0;2022-06-29;1712;2830;12291;71891;1843;11239;73033;0;548;54524329;51900456;36916518;2739902;53622076;40227745;3054632;0;11461
FR;0;2022-06-30;1534;2726;14394;95168;1647;12475;97182;0;724;54525863;51903182;36930912;2835070;53623723;40240220;3151814;0;12185
FR;0;2022-07-01;2009;3800;21497;115928;2304;18851;118574;0;954;54527872;51906982;36952409;2950998;53626027;40259071;3270388;0;13139
FR;0;2022-07-02;1087;1857;8525;35752;1106;7702;36873;0;342;54528959;51908839;36960934;2986750;53627133;40266773;3307261;0;13481
FR;0;2022-07-03;292;539;2094;6455;318;1897;6804;0;79;54529251;51909378;36963028;2993205;53627451;40268670;3314065;0;13560
FR;0;2022-07-04;1792;3419;14708;79222;2278;12991;81292;0;639;54531043;51912797;36977736;3072427;53629729;40281661;3395357;0;14199
FR;0;2022-07-05;1753;3165;18835;133254;1795;16017;135546;0;1145;54532796;51915962;36996571;3205681;53631524;40297678;3530903;0;15344
FR;0;2022-07-06;1829;2782;15850;99581;1844;13641;101148;0;900;54534625;51918744;37012421;3305262;53633368;40311319;3632051;0;16244
FR;0;2022-07-07;1709;2871;18002;126039;1713;14781;128365;0;1179;54536334;51921615;37030423;3431301;53635081;40326100;3760416;0;17423
FR;0;2022-07-08;1892;3152;20752;137083;1854;16764;140077;0;1347;54538226;51924767;37051175;3568384;53636935;40342864;3900493;0;18770
FR;0;2022-07-09;867;1461;7742;37924;882;6686;38769;0;426;54539093;51926228;37058917;3606308;53637817;40349550;3939262;0;19196
FR;0;2022-07-10;266;678;2346;7004;432;2125;7395;0;94;54539359;51926906;37061263;3613312;53638249;40351675;3946657;0;19290
FR;0;2022-07-11;1441;2471;15018;88281;1395;12511;90469;0;801;54540800;51929377;37076281;3701593;53639644;40364186;4037126;0;20091
FR;0;2022-07-12;1826;3115;20535;143968;1713;16731;146671;0;1604;54542626;51932492;37096816;3845561;53641357;40380917;4183797;0;21695
FR;0;2022-07-13;1767;2750;15695;94541;1659;13277;96400;0;1080;54544393;51935242;37112511;3940102;53643016;40394194;4280197;0;22775
FR;0;2022-07-14;185;370;1955;5538;220;1834;5705;0;82;54544578;51935612;37114466;3945640;53643236;40396028;4285902;0;22857
FR;0;2022-07-15;1485;2567;15114;84459;1429;12597;86618;0;1035;54546063;51938179;37129580;4030099;53644665;40408625;4372520;0;23892
FR;0;2022-07-16;622;1191;5948;24980;697;5155;25671;0;327;54546685;51939370;37135528;4055079;53645362;40413780;4398191;0;24219
FR;0;2022-07-17;182;394;1737;4665;218;1568;4937;0;66;54546867;51939764;37137265;4059744;53645580;40415348;4403128;0;24285
FR;0;2022-07-18;1130;2249;11827;61803;1338;9975;63668;0;780;54547997;51942013;37149092;4121547;53646918;40425323;4466796;0;25065
FR;0;2022-07-19;1416;2350;15471;103702;1389;12293;105889;0;1459;54549413;51944363;37164563;4225249;53648307;40437616;4572685;0;26524
FR;0;2022-07-20;1426;2297;12966;77580;1468;10738;79169;0;1051;54550839;51946660;37177529;4302829;53649775;40448354;4651854;0;27575
FR;0;2022-07-21;1286;2168;13093;88236;1368;10495;89721;0;1316;54552125;51948828;37190622;4391065;53651143;40458849;4741575;0;28891
FR;0;2022-07-22;1423;2476;14821;89529;1457;11969;91408;0;1346;54553548;51951304;37205443;4480594;53652600;40470818;4832983;0;30237
FR;0;2022-07-23;683;1309;5534;22478;821;4857;23076;0;411;54554231;51952613;37210977;4503072;53653421;40475675;4856059;0;30648
FR;0;2022-07-24;184;352;1397;3904;202;1240;4130;0;72;54554415;51952965;37212374;4506976;53653623;40476915;4860189;0;30720
FR;0;2022-07-25;1060;1793;9491;48071;1145;7841;49511;0;737;54555475;51954758;37221865;4555047;53654768;40484756;4909700;0;31457
FR;0;2022-07-26;1294;2210;13305;85432;1318;10829;87128;0;1311;54556769;51956968;37235170;4640479;53656086;40495585;4996828;0;32768
FR;0;2022-07-27;1222;2007;10235;61316;1337;8531;62520;0;971;54557991;51958975;37245405;4701795;53657423;40504116;5059348;0;33739
FR;0;2022-07-28;1089;1862;10309;64396;1256;8218;65628;0;1046;54559080;51960837;37255714;4766191;53658679;40512334;5124976;0;34785
FR;0;2022-07-29;1282;2072;11007;65894;1380;8762;67324;0;1140;54560362;51962909;37266721;4832085;53660059;40521096;5192300;0;35925
FR;0;2022-07-30;499;862;3523;15282;598;2973;15665;0;303;54560861;51963771;37270244;4847367;53660657;40524069;5207965;0;36228
FR;0;2022-07-31;154;288;929;2439;184;788;2588;0;49;54561015;51964059;37271173;4849806;53660841;40524857;5210553;0;36277
FR;0;2022-08-01;886;1613;7595;30234;1208;6395;31306;0;549;54561901;51965672;37278768;4880040;53662049;40531252;5241859;0;36826
FR;0;2022-08-02;1030;1645;8576;56114;1151;6888;56803;0;1169;54562931;51967317;37287344;4936154;53663200;40538140;5298662;0;37995
FR;0;2022-08-03;841;1263;6424;38679;900;5145;39417;0;701;54563772;51968580;37293768;4974833;53664100;40543285;5338079;0;38696
FR;0;2022-08-04;737;1183;6567;43155;779;5300;43719;0;917;54564509;51969763;37300335;5017988;53664879;40548585;5381798;0;39613
FR;0;2022-08-05;855;1361;7098;44963;967;5677;45626;0;993;54565364;51971124;37307433;5062951;53665846;40554262;5427424;0;40606
FR;0;2022-08-06;339;555;2099;9367;396;1757;9567;0;228;54565703;51971679;37309532;5072318;53666242;40556019;5436991;0;40834
FR;0;2022-08-07;104;157;536;1625;114;453;1702;0;38;54565807;51971836;37310068;5073943;53666356;40556472;5438693;0;40872
FR;0;2022-08-08;581;1101;4026;22097;856;3289;22541;0;490;54566388;51972937;37314094;5096040;53667212;40559761;5461234;0;41362
FR;0;2022-08-09;696;1160;5972;39954;845;4803;40445;0;844;54567084;51974097;37320066;5135994;53668057;40564564;5501679;0;42206
FR;0;2022-08-10;647;1219;4656;28056;934;3797;28390;0;652;54567731;51975316;37324722;5164050;53668991;40568361;5530069;0;42858
FR;0;2022-08-11;622;1027;4488;29248;739;3708;29584;0;676;54568353;51976343;37329210;5193298;53669730;40572069;5559653;0;43534
FR;0;2022-08-12;728;1158;4745;28213;841;3917;28649;0;704;54569081;51977501;37333955;5221511;53670571;40575986;5588302;0;44238
FR;0;2022-08-13;229;424;1295;5257;322;1119;5416;0;121;54569310;51977925;37335250;5226768;53670893;40577105;5593718;0;44359
FR;0;2022-08-14;72;121;288;923;103;246;995;0;25;54569382;51978046;37335538;5227691;53670996;40577351;5594713;0;44384
FR;0;2022-08-15;89;198;608;564;164;556;618;0;19;54569471;51978244;37336146;5228255;53671160;40577907;5595331;0;44403
FR;0;2022-08-16;625;1070;3956;22175;831;3351;22367;0;615;54570096;51979314;37340102;5250430;53671991;40581258;5617698;0;45018
FR;0;2022-08-17;640;1028;3888;22897;805;3292;23142;0;620;54570736;51980342;37343990;5273327;53672796;40584550;5640840;0;45638
FR;0;2022-08-18;618;987;4118;26296;788;3255;26529;0;673;54571354;51981329;37348108;5299623;53673584;40587805;5667369;0;46311
FR;0;2022-08-19;603;1163;4493;27255;871;3694;27561;0;766;54571957;51982492;37352601;5326878;53674455;40591499;5694930;0;47077
FR;0;2022-08-20;292;499;1355;5569;395;1170;5728;0;146;54572249;51982991;37353956;5332447;53674850;40592669;5700658;0;47223
FR;0;2022-08-21;97;134;305;1008;95;267;1043;0;27;54572346;51983125;37354261;5333455;53674945;40592936;5701701;0;47250
FR;0;2022-08-22;562;994;3273;15355;770;2797;15685;0;425;54572908;51984119;37357534;5348810;53675715;40595733;5717386;0;47675
FR;0;2022-08-23;718;1178;4297;28999;851;3611;29085;0;870;54573626;51985297;37361831;5377809;53676566;40599344;5746471;0;48545
FR;0;2022-08-24;658;931;3494;19530;776;2856;19720;0;608;54574284;51986228;37365325;5397339;53677342;40602200;5766191;0;49153
FR;0;2022-08-25;624;1012;3942;23402;721;3290;23666;0;673;54574908;51987240;37369267;5420741;53678063;40605490;5789857;0;49826
FR;0;2022-08-26;852;1261;4474;25883;954;3666;26256;0;777;54575760;51988501;37373741;5446624;53679017;40609156;5816113;0;50603
FR;0;2022-08-27;295;499;1378;5461;360;1244;5525;0;194;54576055;51989000;37375119;5452085;53679377;40610400;5821638;0;50797
FR;0;2022-08-28;123;161;303;919;115;288;964;0;38;54576178;51989161;37375422;5453004;53679492;40610688;5822602;0;50835
FR;0;2022-08-29;618;965;3073;14655;764;2610;14961;0;433;54576796;51990126;37378495;5467659;53680256;40613298;5837563;0;51268
FR;0;2022-08-30;849;1212;4796;28543;889;3913;28873;0;823;54577645;51991338;37383291;5496202;53681145;40617211;5866436;0;52091
FR;0;2022-08-31;695;953;3205;17638;738;2716;17902;0;508;54578340;51992291;37386496;5513840;53681883;40619927;5884338;0;52599
FR;0;2022-09-01;736;990;4474;22479;703;3820;22753;0;623;54579076;51993281;37390970;5536319;53682586;40623747;5907091;0;53222
FR;0;2022-09-02;874;1146;5037;28611;832;4249;28904;0;914;54579950;51994427;37396007;5564930;53683418;40627996;5935995;0;54136
FR;0;2022-09-03;417;566;1918;6085;421;1664;6322;0;181;54580367;51994993;37397925;5571015;53683839;40629660;5942317;0;54317
FR;0;2022-09-04;133;150;351;873;86;347;942;0;24;54580500;51995143;37398276;5571888;53683925;40630007;5943259;0;54341
FR;0;2022-09-05;645;768;3163;16057;588;2643;16370;0;523;54581145;51995911;37401439;5587945;53684513;40632650;5959629;0;54864
FR;0;2022-09-06;800;1030;4737;31849;662;3868;32079;0;1040;54581945;51996941;37406176;5619794;53685175;40636518;5991708;0;55904
FR;0;2022-09-07;649;772;2996;16821;552;2476;16970;0;572;54582594;51997713;37409172;5636615;53685727;40638994;6008678;0;56476
FR;0;2022-09-08;622;855;3807;24848;589;3140;24938;0;818;54583216;51998568;37412979;5661463;53686316;40642134;6033616;0;57294
FR;0;2022-09-09;839;1015;4441;27646;658;3679;27824;0;948;54584055;51999583;37417420;5689109;53686974;40645813;6061440;0;58242
FR;0;2022-09-10;392;554;1733;5709;379;1535;5913;0;208;54584447;52000137;37419153;5694818;53687353;40647348;6067353;0;58450
FR;0;2022-09-11;123;131;323;656;93;306;715;0;17;54584570;52000268;37419476;5695474;53687446;40647654;6068068;0;58467
FR;0;2022-09-12;488;635;2686;13290;452;2291;13583;0;478;54585058;52000903;37422162;5708764;53687898;40649945;6081651;0;58945
FR;0;2022-09-13;617;856;3995;26505;544;3484;26386;0;875;54585675;52001759;37426157;5735269;53688442;40653429;6108037;0;59820
FR;0;2022-09-14;654;777;2960;16180;569;2475;16413;0;573;54586329;52002536;37429117;5751449;53689011;40655904;6124450;0;60393
FR;0;2022-09-15;557;795;3470;23581;546;2960;23649;0;726;54586886;52003331;37432587;5775030;53689557;40658864;6148099;0;61119
FR;0;2022-09-16;792;1039;4141;25901;724;3482;26123;0;932;54587678;52004370;37436728;5800931;53690281;40662346;6174222;0;62051
FR;0;2022-09-17;386;503;1452;6145;381;1282;6237;0;242;54588064;52004873;37438180;5807076;53690662;40663628;6180459;0;62293
FR;0;2022-09-18;117;142;323;961;121;291;1016;0;36;54588181;52005015;37438503;5808037;53690783;40663919;6181475;0;62329
FR;0;2022-09-19;448;644;2254;13201;445;1929;13383;0;436;54588629;52005659;37440757;5821238;53691228;40665848;6194858;0;62765
FR;0;2022-09-20;640;870;3782;26461;624;3150;26515;0;892;54589269;52006529;37444539;5847699;53691852;40668998;6221373;0;63657
FR;0;2022-09-21;577;766;2737;16257;570;2352;16249;0;586;54589846;52007295;37447276;5863956;53692422;40671350;6237622;0;64243
FR;0;2022-09-22;587;837;3420;23578;561;2792;23804;0;772;54590433;52008132;37450696;5887534;53692983;40674142;6261426;0;65015
FR;0;2022-09-23;833;1049;4493;28707;767;3762;28882;0;1019;54591266;52009181;37455189;5916241;53693750;40677904;6290308;0;66034
FR;0;2022-09-24;423;609;1642;6894;468;1417;7077;0;306;54591689;52009790;37456831;5923135;53694218;40679321;6297385;0;66340
FR;0;2022-09-25;99;189;335;1100;143;306;1142;0;37;54591788;52009979;37457166;5924235;53694361;40679627;6298527;0;66377
FR;0;2022-09-26;437;706;2298;13540;475;2018;13645;0;435;54592225;52010685;37459464;5937775;53694836;40681645;6312172;0;66812
FR;0;2022-09-27;610;843;3627;25942;613;2910;26097;0;959;54592835;52011528;37463091;5963717;53695449;40684555;6338269;0;67771
FR;0;2022-09-28;629;819;2554;15396;626;2302;15509;0;622;54593464;52012347;37465645;5979113;53696075;40686857;6353778;0;68393
FR;0;2022-09-29;564;762;3117;21035;539;2631;21062;43;810;54594028;52013109;37468762;6000148;53696614;40689488;6374840;43;69203
FR;0;2022-09-30;776;1101;3952;25557;815;3298;25823;713;1052;54594804;52014210;37472714;6025705;53697429;40692786;6400663;756;70255
FR;0;2022-10-01;427;615;2007;5969;462;1736;6209;396;318;54595231;52014825;37474721;6031674;53697891;40694522;6406872;1152;70573
FR;0;2022-10-02;59;136;218;638;97;215;664;66;42;54595290;52014961;37474939;6032312;53697988;40694737;6407536;1218;70615
FR;0;2022-10-03;473;771;2452;12050;606;2176;12228;2074;745;54595763;52015732;37477391;6044362;53698594;40696913;6419764;3292;71360
FR;0;2022-10-04;619;796;3387;23507;541;2777;23684;4702;1583;54596382;52016528;37480778;6067869;53699135;40699690;6443448;7994;72943
FR;0;2022-10-05;546;812;2438;14600;589;2153;14744;3655;1210;54596928;52017340;37483216;6082469;53699724;40701843;6458192;11649;74153
FR;0;2022-10-06;538;712;3084;21684;514;2516;21895;6666;1907;54597466;52018052;37486300;6104153;53700238;40704359;6480087;18315;76060
FR;0;2022-10-07;724;980;4127;30303;710;3475;30392;16873;3203;54598190;52019032;37490427;6134456;53700948;40707834;6510479;35188;79263
FR;0;2022-10-08;346;515;1649;8431;375;1408;8600;6699;1170;54598536;52019547;37492076;6142887;53701323;40709242;6519079;41887;80433
FR;0;2022-10-09;109;137;336;1587;111;311;1650;1511;296;54598645;52019684;37492412;6144474;53701434;40709553;6520729;43398;80729
FR;0;2022-10-10;480;728;2918;20493;542;2503;20821;19517;3270;54599125;52020412;37495330;6164967;53701976;40712056;6541550;62915;83999
FR;0;2022-10-11;574;796;4263;40314;538;3565;40657;40155;6380;54599699;52021208;37499593;6205281;53702514;40715621;6582207;103070;90379
FR;0;2022-10-12;571;820;3255;26719;605;2761;27047;27300;4689;54600270;52022028;37502848;6232000;53703119;40718382;6609254;130370;95068
FR;0;2022-10-13;611;776;4004;38440;566;3129;38897;40596;6606;54600881;52022804;37506852;6270440;53703685;40721511;6648151;170966;101674
FR;0;2022-10-14;754;1050;4867;47662;762;3952;48136;51126;7859;54601635;52023854;37511719;6318102;53704447;40725463;6696287;222092;109533
FR;0;2022-10-15;357;508;1859;11849;348;1619;11964;13090;2275;54601992;52024362;37513578;6329951;53704795;40727082;6708251;235182;111808
FR;0;2022-10-16;92;129;372;1967;79;356;2012;2347;479;54602084;52024491;37513950;6331918;53704874;40727438;6710263;237529;112287
FR;0;2022-10-17;435;696;3032;26433;484;2471;26805;30754;5408;54602519;52025187;37516982;6358351;53705358;40729909;6737068;268283;117695
FR;0;2022-10-18;599;728;4700;46087;526;3757;46634;55438;11697;54603118;52025915;37521682;6404438;53705884;40733666;6783702;323721;129392
FR;0;2022-10-19;554;775;3632;34363;579;3067;34697;42423;9214;54603672;52026690;37525314;6438801;53706463;40736733;6818399;366144;138606
FR;0;2022-10-20;600;775;4833;49428;561;3715;50092;60487;12920;54604272;52027465;37530147;6488229;53707024;40740448;6868491;426631;151526
FR;0;2022-10-21;686;979;5700;56998;694;4511;57683;70925;14292;54604958;52028444;37535847;6545227;53707718;40744959;6926174;497556;165818
FR;0;2022-10-22;331;405;1654;12943;325;1320;13102;15935;3385;54605289;52028849;37537501;6558170;53708043;40746279;6939276;513491;169203
FR;0;2022-10-23;94;107;349;2062;102;265;2164;2756;631;54605383;52028956;37537850;6560232;53708145;40746544;6941440;516247;169834
FR;0;2022-10-24;551;593;3135;27128;418;2685;27555;35485;7806;54605934;52029549;37540985;6587360;53708563;40749229;6968995;551732;177640
FR;0;2022-10-25;589;720;4867;49080;529;3797;49754;65182;15417;54606523;52030269;37545852;6636440;53709092;40753026;7018749;616914;193057
FR;0;2022-10-26;531;637;3459;32570;472;2886;32875;43880;10962;54607054;52030906;37549311;6669010;53709564;40755912;7051624;660794;204019
FR;0;2022-10-27;588;689;4073;40753;488;3342;41227;54377;13088;54607642;52031595;37553384;6709763;53710052;40759254;7092851;715171;217107
FR;0;2022-10-28;698;851;4608;44180;615;3503;45001;58265;13180;54608340;52032446;37557992;6753943;53710667;40762757;7137852;773436;230287
FR;0;2022-10-29;258;354;1329;9491;251;1083;9624;12520;3011;54608598;52032800;37559321;6763434;53710918;40763840;7147476;785956;233298
FR;0;2022-10-30;87;112;286;1592;88;249;1640;2139;540;54608685;52032912;37559607;6765026;53711006;40764089;7149116;788095;233838
FR;0;2022-10-31;382;477;2069;16054;345;1621;16418;22144;5454;54609067;52033389;37561676;6781080;53711351;40765710;7165534;810239;239292
FR;0;2022-11-01;77;178;920;1114;138;951;1159;1665;484;54609144;52033567;37562596;6782194;53711489;40766661;7166693;811904;239776
FR;0;2022-11-02;504;654;3026;25374;484;2568;25854;36592;10115;54609648;52034221;37565622;6807568;53711973;40769229;7192547;848496;249891
FR;0;2022-11-03;638;690;4109;40025;522;3115;40753;56959;15338;54610286;52034911;37569731;6847593;53712495;40772344;7233300;905455;265229
FR;0;2022-11-04;656;824;4423;43641;569;3514;44257;60497;15236;54610942;52035735;37574154;6891234;53713064;40775858;7277557;965952;280465
FR;0;2022-11-05;253;354;1448;9711;277;1165;9919;13457;3292;54611195;52036089;37575602;6900945;53713341;40777023;7287476;979409;283757
FR;0;2022-11-06;94;112;263;1602;95;246;1631;2337;653;54611289;52036201;37575865;6902547;53713436;40777269;7289107;981746;284410
FR;0;2022-11-07;465;522;2725;26717;433;2206;27359;39058;10986;54611754;52036723;37578590;6929264;53713869;40779475;7316466;1020804;295396
FR;0;2022-11-08;599;781;4986;51925;567;3825;52932;74195;20022;54612353;52037504;37583576;6981189;53714436;40783300;7369398;1094999;315418
FR;0;2022-11-09;511;648;3358;31593;469;2685;32368;46322;13192;54612864;52038152;37586934;7012782;53714905;40785985;7401766;1141321;328610
FR;0;2022-11-10;615;856;4561;43614;605;3611;44515;62732;17276;54613479;52039008;37591495;7056396;53715510;40789596;7446281;1204053;345886
FR;0;2022-11-11;74;104;367;1664;72;309;1727;2789;1002;54613553;52039112;37591862;7058060;53715582;40789905;7448008;1206842;346888
FR;0;2022-11-12;206;319;1194;7100;228;976;7336;10287;2765;54613759;52039431;37593056;7065160;53715810;40790881;7455344;1217129;349653
FR;0;2022-11-13;63;92;247;1207;69;211;1261;1973;625;54613822;52039523;37593303;7066367;53715879;40791092;7456605;1219102;350278
FR;0;2022-11-14;438;519;2572;23963;366;2045;24599;36138;10857;54614260;52040042;37595875;7090330;53716245;40793137;7481204;1255240;361135
FR;0;2022-11-15;595;706;4308;44983;531;3349;45930;66814;19602;54614855;52040748;37600183;7135313;53716776;40796486;7527134;1322054;380737
FR;0;2022-11-16;544;623;3063;28556;495;2568;29093;43211;13305;54615399;52041371;37603246;7163869;53717271;40799054;7556227;1365265;394042
FR;0;2022-11-17;557;655;3815;39217;503;2974;39824;58308;17395;54615956;52042026;37607061;7203086;53717774;40802028;7596051;1423573;411437
FR;0;2022-11-18;619;762;4597;45094;576;3447;46000;65631;18322;54616575;52042788;37611658;7248180;53718350;40805475;7642051;1489204;429759
FR;0;2022-11-19;270;328;1498;9802;258;1093;9995;14312;4005;54616845;52043116;37613156;7257982;53718608;40806568;7652046;1503516;433764
FR;0;2022-11-20;70;93;302;1697;74;259;1770;2703;848;54616915;52043209;37613458;7259679;53718682;40806827;7653816;1506219;434612
FR;0;2022-11-21;434;510;2417;21380;349;1938;21939;32977;10282;54617349;52043719;37615875;7281059;53719031;40808765;7675755;1539196;444894
FR;0;2022-11-22;536;586;4015;39776;412;3153;40352;59638;18163;54617885;52044305;37619890;7320835;53719443;40811918;7716107;1598834;463057
FR;0;2022-11-23;467;548;2749;25998;392;2315;26490;40321;12841;54618352;52044853;37622639;7346833;53719835;40814233;7742597;1639155;475898
FR;0;2022-11-24;507;592;3757;37085;416;2956;37800;56738;17896;54618859;52045445;37626396;7383918;53720251;40817189;7780397;1695893;493794
FR;0;2022-11-25;570;710;4178;40128;561;3139;40970;59563;17431;54619429;52046155;37630574;7424046;53720812;40820328;7821367;1755456;511225
FR;0;2022-11-26;299;335;1333;9363;259;1061;9504;13990;3969;54619728;52046490;37631907;7433409;53721071;40821389;7830871;1769446;515194
FR;0;2022-11-27;71;83;265;1661;63;225;1689;2554;805;54619799;52046573;37632172;7435070;53721134;40821614;7832560;1772000;515999
FR;0;2022-11-28;415;466;2627;24750;346;1968;25488;38365;12162;54620214;52047039;37634799;7459820;53721480;40823582;7858048;1810365;528161
FR;0;2022-11-29;497;606;4387;46457;375;3289;47173;70978;22274;54620711;52047645;37639186;7506277;53721855;40826871;7905221;1881343;550435
FR;0;2022-11-30;502;681;3724;36876;483;2886;37666;56251;17215;54621213;52048326;37642910;7543153;53722338;40829757;7942887;1937594;567650
FR;0;2022-12-01;522;664;5291;51756;441;3882;52556;79404;25085;54621735;52048990;37648201;7594909;53722779;40833639;7995443;2016998;592735
FR;0;2022-12-02;634;735;6157;61457;517;4370;62682;92305;27409;54622369;52049725;37654358;7656366;53723296;40838009;8058125;2109303;620144
FR;0;2022-12-03;301;340;2281;18022;220;1623;18452;26686;7603;54622670;52050065;37656639;7674388;53723516;40839632;8076577;2135989;627747
FR;0;2022-12-04;94;123;523;4298;90;433;4349;6429;1852;54622764;52050188;37657162;7678686;53723606;40840065;8080926;2142418;629599
FR;0;2022-12-05;446;557;4270;44631;393;2880;45597;68848;21797;54623210;52050745;37661432;7723317;53723999;40842945;8126523;2211266;651396
FR;0;2022-12-06;614;722;6835;78219;464;4639;79738;121547;39474;54623824;52051467;37668267;7801536;53724463;40847584;8206261;2332813;690870
FR;0;2022-12-07;546;615;5347;58119;455;3584;59271;90452;29550;54624370;52052082;37673614;7859655;53724918;40851168;8265532;2423265;720420
FR;0;2022-12-08;604;703;6974;79584;444;4572;81279;123995;40787;54624974;52052785;37680588;7939239;53725362;40855740;8346811;2547260;761207
FR;0;2022-12-09;776;837;8659;95625;546;5714;97509;147196;46729;54625750;52053622;37689247;8034864;53725908;40861454;8444320;2694456;807936
FR;0;2022-12-10;401;431;3819;33929;273;2475;34826;50528;14709;54626151;52054053;37693066;8068793;53726181;40863929;8479146;2744984;822645
FR;0;2022-12-11;131;140;987;8361;100;682;8565;12248;3275;54626282;52054193;37694053;8077154;53726281;40864611;8487711;2757232;825920
FR;0;2022-12-12;509;568;6346;67387;363;4095;68991;106082;34739;54626791;52054761;37700399;8144541;53726644;40868706;8556702;2863314;860659
FR;0;2022-12-13;690;768;9030;103488;476;5618;106058;164673;54985;54627481;52055529;37709429;8248029;53727120;40874324;8662760;3027987;915644
FR;0;2022-12-14;581;693;6795;73247;459;4528;74892;116747;38656;54628062;52056222;37716224;8321276;53727579;40878852;8737652;3144734;954300
FR;0;2022-12-15;651;826;8851;95784;517;5677;98104;153002;51611;54628713;52057048;37725075;8417060;53728096;40884529;8835756;3297736;1005911
FR;0;2022-12-16;819;960;9740;104660;633;6430;106896;166255;55225;54629532;52058008;37734815;8521720;53728729;40890959;8942652;3463991;1061136
FR;0;2022-12-17;342;419;3500;31750;281;2291;32545;48384;14439;54629874;52058427;37738315;8553470;53729010;40893250;8975197;3512375;1075575
FR;0;2022-12-18;93;122;785;6327;75;539;6477;9617;2747;54629967;52058549;37739100;8559797;53729085;40893789;8981674;3521992;1078322
FR;0;2022-12-19;587;608;5740;56162;424;3669;57790;90153;30026;54630554;52059157;37744840;8615959;53729509;40897458;9039464;3612145;1108348
FR;0;2022-12-20;734;772;7919;79687;510;5210;81836;130578;44963;54631288;52059929;37752759;8695646;53730019;40902668;9121300;3742723;1153311
FR;0;2022-12-21;582;615;5296;50847;423;3548;52195;83943;29224;54631870;52060544;37758055;8746493;53730442;40906216;9173495;3826666;1182535
FR;0;2022-12-22;635;648;4883;46115;446;3384;47349;76575;26763;54632505;52061192;37762938;8792608;53730888;40909600;9220844;3903241;1209298
FR;0;2022-12-23;463;569;3430;26156;405;2588;26833;43266;14841;54632968;52061761;37766368;8818764;53731293;40912188;9247677;3946507;1224139
FR;0;2022-12-24;103;105;442;2702;78;333;2825;4283;1228;54633071;52061866;37766810;8821466;53731371;40912521;9250502;3950790;1225367
FR;0;2022-12-25;33;36;130;560;28;101;585;913;270;54633104;52061902;37766940;8822026;53731399;40912622;9251087;3951703;1225637
FR;0;2022-12-26;362;385;2495;16897;285;1816;17543;27559;8806;54633466;52062287;37769435;8838923;53731684;40914438;9268630;3979262;1234443
FR;0;2022-12-27;522;654;4189;33682;439;2929;34831;56631;19701;54633988;52062941;37773624;8872605;53732123;40917367;9303461;4035893;1254144
FR;0;2022-12-28;468;507;3217;25658;343;2293;26279;42822;14791;54634456;52063448;37776841;8898263;53732466;40919660;9329740;4078715;1268935
FR;0;2022-12-29;427;531;3408;26550;342;2387;27556;45017;15617;54634883;52063979;37780249;8924813;53732808;40922047;9357296;4123732;1284552
FR;0;2022-12-30;447;497;2612;19513;350;1850;20178;32495;10930;54635330;52064476;37782861;8944326;53733158;40923897;9377474;4156227;1295482
FR;0;2022-12-31;135;155;507;3175;119;412;3322;4931;1330;54635465;52064631;37783368;8947501;53733277;40924309;9380796;4161158;1296812
FR;0;2023-01-01;21;44;170;706;26;141;733;1022;245;54635486;52064675;37783538;8948207;53733303;40924450;9381529;4162180;1297057
FR;0;2023-01-02;359;504;2709;18977;332;2029;19447;32927;12050;54635845;52065179;37786247;8967184;53733635;40926479;9400976;4195107;1309107
FR;0;2023-01-03;627;653;4653;44096;429;3261;45041;82605;34726;54636472;52065832;37790900;9011280;53734064;40929740;9446017;4277712;1343833
FR;0;2023-01-04;524;569;3822;31008;383;2704;31804;59660;25723;54636996;52066401;37794722;9042288;53734447;40932444;9477821;4337372;1369556
FR;0;2023-01-05;646;712;4624;43134;520;3111;44036;83649;37007;54637642;52067113;37799346;9085422;53734967;40935555;9521857;4421021;1406563
FR;0;2023-01-06;723;843;5428;48430;562;3575;49478;91789;39363;54638365;52067956;37804774;9133852;53735529;40939130;9571335;4512810;1445926
FR;0;2023-01-07;338;403;1819;12894;288;1294;13204;22952;8737;54638703;52068359;37806593;9146746;53735817;40940424;9584539;4535762;1454663
FR;0;2023-01-08;102;136;481;2899;91;343;2994;5174;1959;54638805;52068495;37807074;9149645;53735908;40940767;9587533;4540936;1456622
FR;0;2023-01-09;563;615;2805;22231;435;2005;22813;45564;21060;54639368;52069110;37809879;9171876;53736343;40942772;9610346;4586500;1477682
FR;0;2023-01-10;584;735;4632;41305;492;3270;42165;86532;41510;54639952;52069845;37814511;9213181;53736835;40946042;9652511;4673032;1519192
FR;0;2023-01-11;484;568;3089;24942;405;2239;25465;52485;25034;54640436;52070413;37817600;9238123;53737240;40948281;9677976;4725517;1544226
FR;0;2023-01-12;570;655;3857;34136;430;2765;34737;72036;34873;54641006;52071068;37821457;9272259;53737670;40951046;9712713;4797553;1579099
FR;0;2023-01-13;715;767;4266;36053;527;3039;36696;74255;35019;54641721;52071835;37825723;9308312;53738197;40954085;9749409;4871808;1614118
FR;0;2023-01-14;344;325;1445;9259;215;1058;9449;17683;7390;54642065;52072160;37827168;9317571;53738412;40955143;9758858;4889491;1621508
FR;0;2023-01-15;87;111;355;1551;72;264;1652;3203;1377;54642152;52072271;37827523;9319122;53738484;40955407;9760510;4892694;1622885
FR;0;2023-01-16;403;452;2097;16208;307;1504;16474;35654;17913;54642555;52072723;37829620;9335330;53738791;40956911;9776984;4928348;1640798
FR;0;2023-01-17;478;566;3400;28782;383;2421;29323;65180;33662;54643033;52073289;37833020;9364112;53739174;40959332;9806307;4993528;1674460
FR;0;2023-01-18;442;531;2272;17206;375;1750;17494;38608;19587;54643475;52073820;37835292;9381318;53739549;40961082;9823801;5032136;1694047
FR;0;2023-01-19;487;496;2772;22781;329;2035;23134;51712;26731;54643962;52074316;37838064;9404099;53739878;40963117;9846935;5083848;1720778
FR;0;2023-01-20;608;661;3325;25395;467;2491;25898;56895;28933;54644570;52074977;37841389;9429494;53740345;40965608;9872833;5140743;1749711
FR;0;2023-01-21;246;291;1072;6349;206;810;6455;13076;5934;54644816;52075268;37842461;9435843;53740551;40966418;9879288;5153819;1755645
FR;0;2023-01-22;43;58;168;836;30;145;885;1813;821;54644859;52075326;37842629;9436679;53740581;40966563;9880173;5155632;1756466
FR;0;2023-01-23;306;383;1645;10870;244;1195;11104;26771;14525;54645165;52075709;37844274;9447549;53740825;40967758;9891277;5182403;1770991
FR;0;2023-01-24;455;488;2434;20253;325;1837;20483;49741;27608;54645620;52076197;37846708;9467802;53741150;40969595;9911760;5232144;1798599
FR;0;2023-01-25;381;520;1838;12221;363;1398;12625;29814;15974;54646001;52076717;37848546;9480023;53741513;40970993;9924385;5261958;1814573
FR;0;2023-01-26;393;460;2175;16182;317;1574;16387;39691;21924;54646394;52077177;37850721;9496205;53741830;40972567;9940772;5301649;1836497
