fra;vaccin;jour;n_dose1;n_dose2;n_dose3;n_dose4;n_rappel;n_cum_dose1;n_cum_dose2;n_cum_dose3;n_cum_dose4;n_cum_rappel
FR;1;2020-12-27;610;0;0;0;0;610;0;0;0;0
FR;1;2020-12-28;687;1;0;0;0;1297;1;0;0;0
FR;1;2020-12-29;385;0;0;0;0;1682;1;0;0;0
FR;1;2020-12-30;444;0;0;0;0;2126;1;0;0;0
FR;1;2020-12-31;444;1;0;0;0;2570;2;0;0;0
FR;1;2021-01-01;1162;2;0;0;0;3732;4;0;0;0
FR;1;2021-01-02;365;3;0;0;0;4097;7;0;0;0
FR;1;2021-01-03;405;0;0;0;0;4502;7;0;0;0
FR;1;2021-01-04;2117;4;0;0;0;6619;11;0;0;0
FR;1;2021-01-05;7755;3;0;0;0;14374;14;0;0;0
FR;1;2021-01-06;12458;18;0;0;0;26832;32;0;0;0
FR;1;2021-01-07;29470;19;0;0;0;56302;51;0;0;0
FR;1;2021-01-08;37151;22;0;0;0;93453;73;0;0;0
FR;1;2021-01-09;11212;9;0;0;0;104665;82;0;0;0
FR;1;2021-01-10;6009;7;0;0;0;110674;89;0;0;0
FR;1;2021-01-11;39942;26;0;0;0;150616;115;0;0;0
FR;1;2021-01-12;62145;20;0;0;0;212761;135;0;0;0
FR;1;2021-01-13;65129;46;0;0;0;277890;181;0;0;0
FR;1;2021-01-14;81457;169;0;0;0;359347;350;0;0;0
FR;1;2021-01-15;68615;69;0;0;0;427962;419;0;0;0
FR;1;2021-01-16;19901;72;0;0;0;447863;491;0;0;0
FR;1;2021-01-17;10903;49;0;0;0;458766;540;0;0;0
FR;1;2021-01-18;82835;171;0;0;0;541601;711;0;0;0
FR;1;2021-01-19;125923;191;0;0;0;667524;902;0;0;0
FR;1;2021-01-20;132421;183;0;0;0;799945;1085;0;0;0
FR;1;2021-01-21;153066;176;0;0;0;953011;1261;0;0;0
FR;1;2021-01-22;115951;222;0;0;0;1068962;1483;0;0;0
FR;1;2021-01-23;36610;69;0;0;0;1105572;1552;0;0;0
FR;1;2021-01-24;9583;103;0;0;0;1115155;1655;0;0;0
FR;1;2021-01-25;74427;1354;0;0;0;1189582;3009;0;0;0
FR;1;2021-01-26;96456;3533;1;0;0;1286038;6542;1;0;0
FR;1;2021-01-27;103649;6219;0;0;0;1389687;12761;1;0;0
FR;1;2021-01-28;120611;15781;0;0;0;1510298;28542;1;0;0
FR;1;2021-01-29;88891;18328;0;0;0;1599189;46870;1;0;0
FR;1;2021-01-30;27994;4433;0;0;0;1627183;51303;1;0;0
FR;1;2021-01-31;5190;1838;0;0;0;1632373;53141;1;0;0
FR;1;2021-02-01;49728;22225;0;0;0;1682101;75366;1;0;0
FR;1;2021-02-02;67823;37107;0;0;0;1749924;112473;1;0;0
FR;1;2021-02-03;67087;39319;0;0;0;1817011;151792;1;0;0
FR;1;2021-02-04;77142;53559;0;0;0;1894153;205351;1;0;0
FR;1;2021-02-05;63424;47109;0;0;0;1957577;252460;1;0;0
FR;1;2021-02-06;19425;11171;0;0;0;1977002;263631;1;0;0
FR;1;2021-02-07;3666;5745;0;0;0;1980668;269376;1;0;0
FR;1;2021-02-08;36500;48010;0;0;0;2017168;317386;1;0;0
FR;1;2021-02-09;50809;76716;0;0;0;2067977;394102;1;0;0
FR;1;2021-02-10;52071;81506;0;0;0;2120048;475608;1;0;0
FR;1;2021-02-11;63383;103819;0;0;0;2183431;579427;1;0;0
FR;1;2021-02-12;55869;75240;0;0;0;2239300;654667;1;0;0
FR;1;2021-02-13;15463;19322;0;0;0;2254763;673989;1;0;0
FR;1;2021-02-14;3747;7343;0;0;0;2258510;681332;1;0;0
FR;1;2021-02-15;24157;73630;0;0;0;2282667;754962;1;0;0
FR;1;2021-02-16;32777;96192;0;0;0;2315444;851154;1;0;0
FR;1;2021-02-17;35127;101605;20;0;0;2350571;952759;21;0;0
FR;1;2021-02-18;49447;117368;0;0;0;2400018;1070127;21;0;0
FR;1;2021-02-19;45382;87317;1;0;0;2445400;1157444;22;0;0
FR;1;2021-02-20;13392;27160;0;0;0;2458792;1184604;22;0;0
FR;1;2021-02-21;2461;6076;0;0;0;2461253;1190680;22;0;0
FR;1;2021-02-22;24720;69414;2;0;0;2485973;1260094;24;0;0
FR;1;2021-02-23;37430;81378;1;0;0;2523403;1341472;25;0;0
FR;1;2021-02-24;40699;78989;1;0;0;2564102;1420461;26;0;0
FR;1;2021-02-25;50160;87970;1;0;0;2614262;1508431;27;0;0
FR;1;2021-02-26;47222;67630;1;0;0;2661484;1576061;28;0;0
FR;1;2021-02-27;15680;21233;1;0;0;2677164;1597294;29;0;0
FR;1;2021-02-28;3563;4172;2;0;0;2680727;1601466;31;0;0
FR;1;2021-03-01;40199;50105;1;0;0;2720926;1651571;32;0;0
FR;1;2021-03-02;55985;62339;3;0;0;2776911;1713910;35;0;0
FR;1;2021-03-03;61247;60635;0;0;0;2838158;1774545;35;0;0
FR;1;2021-03-04;73000;67675;3;0;0;2911158;1842220;38;0;0
FR;1;2021-03-05;74770;58747;3;0;0;2985928;1900967;41;0;0
FR;1;2021-03-06;82462;15810;2;0;0;3068390;1916777;43;0;0
FR;1;2021-03-07;63724;4356;1;0;0;3132114;1921133;44;0;0
FR;1;2021-03-08;60182;41464;2;0;0;3192296;1962597;46;0;0
FR;1;2021-03-09;85998;47714;1;0;0;3278294;2010311;47;0;0
FR;1;2021-03-10;90929;47824;5;0;0;3369223;2058135;52;0;0
FR;1;2021-03-11;105090;54514;1;0;0;3474313;2112649;53;0;0
FR;1;2021-03-12;104133;44997;1;0;0;3578446;2157646;54;0;0
FR;1;2021-03-13;89208;12626;1;0;0;3667654;2170272;55;0;0
FR;1;2021-03-14;44457;2766;1;0;0;3712111;2173038;56;0;0
FR;1;2021-03-15;95523;28269;3;0;0;3807634;2201307;59;0;0
FR;1;2021-03-16;123595;34296;5;0;0;3931229;2235603;64;0;0
FR;1;2021-03-17;129312;33754;4;0;0;4060541;2269357;68;0;0
FR;1;2021-03-18;142905;39348;5;0;0;4203446;2308705;73;0;0
FR;1;2021-03-19;136259;32232;2;0;0;4339705;2340937;75;0;0
FR;1;2021-03-20;76013;9821;1;0;0;4415718;2350758;76;0;0
FR;1;2021-03-21;26516;2097;1;0;0;4442234;2352855;77;0;0
FR;1;2021-03-22;114767;30447;2;0;0;4557001;2383302;79;0;0
FR;1;2021-03-23;143042;38043;1;0;0;4700043;2421345;80;0;0
FR;1;2021-03-24;142010;38452;0;0;0;4842053;2459797;80;0;0
FR;1;2021-03-25;165010;39778;4;0;0;5007063;2499575;84;0;0
FR;1;2021-03-26;166401;37513;5;1;0;5173464;2537088;89;1;0
FR;1;2021-03-27;110883;15436;1;0;0;5284347;2552524;90;1;0
FR;1;2021-03-28;42304;4263;3;0;0;5326651;2556787;93;1;0
FR;1;2021-03-29;129826;49207;4;0;0;5456477;2605994;97;1;0
FR;1;2021-03-30;167724;63714;5;0;0;5624201;2669708;102;1;0
FR;1;2021-03-31;170946;67717;4;0;0;5795147;2737425;106;1;0
FR;1;2021-04-01;194838;83058;10;0;0;5989985;2820483;116;1;0
FR;1;2021-04-02;164457;86235;7;0;0;6154442;2906718;123;1;0
FR;1;2021-04-03;88249;58116;6;0;0;6242691;2964834;129;1;0
FR;1;2021-04-04;33651;17726;0;0;0;6276342;2982560;129;1;0
FR;1;2021-04-05;46408;9724;11;0;0;6322750;2992284;140;1;0
FR;1;2021-04-06;160320;104452;17;0;0;6483070;3096736;157;1;0
FR;1;2021-04-07;196994;108094;16;0;0;6680064;3204830;173;1;0
FR;1;2021-04-08;222139;113695;13;0;0;6902203;3318525;186;1;0
FR;1;2021-04-09;214571;107805;21;0;0;7116774;3426330;207;1;0
FR;1;2021-04-10;117184;73212;14;0;0;7233958;3499542;221;1;0
FR;1;2021-04-11;40896;29926;6;0;0;7274854;3529468;227;1;0
FR;1;2021-04-12;168477;104424;46;0;0;7443331;3633892;273;1;0
FR;1;2021-04-13;203811;127876;97;1;0;7647142;3761768;370;2;0
FR;1;2021-04-14;208631;122804;208;0;0;7855773;3884572;578;2;0
FR;1;2021-04-15;221691;127839;312;0;0;8077464;4012411;890;2;0
FR;1;2021-04-16;206072;125455;309;0;0;8283536;4137866;1199;2;0
FR;1;2021-04-17;122094;67169;103;0;0;8405630;4205035;1302;2;0
FR;1;2021-04-18;35965;20965;41;0;0;8441595;4226000;1343;2;0
FR;1;2021-04-19;163756;121567;432;0;0;8605351;4347567;1775;2;0
FR;1;2021-04-20;189437;149383;531;0;0;8794788;4496950;2306;2;0
FR;1;2021-04-21;194009;147277;759;0;0;8988797;4644227;3065;2;0
FR;1;2021-04-22;209041;164051;777;0;0;9197838;4808278;3842;2;0
FR;1;2021-04-23;198960;157609;671;0;0;9396798;4965887;4513;2;0
FR;1;2021-04-24;126334;95705;148;0;0;9523132;5061592;4661;2;0
FR;1;2021-04-25;53631;30034;46;0;0;9576763;5091626;4707;2;0
FR;1;2021-04-26;181149;139506;542;0;0;9757912;5231132;5249;2;0
FR;1;2021-04-27;221374;162288;900;0;0;9979286;5393420;6149;2;0
FR;1;2021-04-28;238305;155727;1314;1;1;10217591;5549147;7463;3;1
FR;1;2021-04-29;270294;161060;1211;0;0;10487885;5710207;8674;3;1
FR;1;2021-04-30;272000;148603;1071;0;0;10759885;5858810;9745;3;1
FR;1;2021-05-01;141154;40599;173;0;0;10901039;5899409;9918;3;1
FR;1;2021-05-02;81550;28157;81;0;0;10982589;5927566;9999;3;1
FR;1;2021-05-03;250787;143685;803;0;0;11233376;6071251;10802;3;1
FR;1;2021-05-04;265883;187492;1201;0;0;11499259;6258743;12003;3;1
FR;1;2021-05-05;283883;185626;1267;0;0;11783142;6444369;13270;3;1
FR;1;2021-05-06;309973;183927;1502;0;0;12093115;6628296;14772;3;1
FR;1;2021-05-07;284107;196126;1126;0;0;12377222;6824422;15898;3;1
FR;1;2021-05-08;191662;50454;285;0;0;12568884;6874876;16183;3;1
FR;1;2021-05-09;114057;34946;236;0;0;12682941;6909822;16419;3;1
FR;1;2021-05-10;258214;194586;1186;0;0;12941155;7104408;17605;3;1
FR;1;2021-05-11;318890;210983;1465;0;0;13260045;7315391;19070;3;1
FR;1;2021-05-12;356634;185868;1399;0;0;13616679;7501259;20469;3;1
FR;1;2021-05-13;283448;47464;401;0;0;13900127;7548723;20870;3;1
FR;1;2021-05-14;370503;128520;994;0;0;14270630;7677243;21864;3;1
FR;1;2021-05-15;298092;66148;403;0;0;14568722;7743391;22267;3;1
FR;1;2021-05-16;157776;15486;158;0;0;14726498;7758877;22425;3;1
FR;1;2021-05-17;318932;116164;1441;0;0;15045430;7875041;23866;3;1
FR;1;2021-05-18;383338;111423;1799;0;0;15428768;7986464;25665;3;1
FR;1;2021-05-19;395273;101991;2183;0;0;15824041;8088455;27848;3;1
FR;1;2021-05-20;421812;95865;2048;0;0;16245853;8184320;29896;3;1
FR;1;2021-05-21;399807;97287;1764;0;0;16645660;8281607;31660;3;1
FR;1;2021-05-22;275690;41912;603;0;0;16921350;8323519;32263;3;1
FR;1;2021-05-23;123013;11021;224;0;0;17044363;8334540;32487;3;1
FR;1;2021-05-24;244013;26247;569;0;0;17288376;8360787;33056;3;1
FR;1;2021-05-25;366224;131558;2114;1;0;17654600;8492345;35170;4;1
FR;1;2021-05-26;380815;126709;1993;0;0;18035415;8619054;37163;4;1
FR;1;2021-05-27;406151;128110;1977;0;0;18441566;8747164;39140;4;1
FR;1;2021-05-28;366032;145446;1700;0;0;18807598;8892610;40840;4;1
FR;1;2021-05-29;253832;80986;527;0;0;19061430;8973596;41367;4;1
FR;1;2021-05-30;100974;22573;157;0;0;19162404;8996169;41524;4;1
FR;1;2021-05-31;314317;148961;1283;1;1;19476721;9145130;42807;5;2
FR;1;2021-06-01;361633;166540;1729;1;1;19838354;9311670;44536;6;3
FR;1;2021-06-02;365388;153857;1796;0;0;20203742;9465527;46332;6;3
FR;1;2021-06-03;391424;147470;1653;0;0;20595166;9612997;47985;6;3
FR;1;2021-06-04;364118;175671;1495;1;1;20959284;9788668;49480;7;4
FR;1;2021-06-05;258510;112714;596;0;0;21217794;9901382;50076;7;4
FR;1;2021-06-06;126809;37536;215;0;0;21344603;9938918;50291;7;4
FR;1;2021-06-07;301105;207772;1365;0;0;21645708;10146690;51656;7;4
FR;1;2021-06-08;330844;220865;1643;0;0;21976552;10367555;53299;7;4
FR;1;2021-06-09;336587;211608;1613;0;0;22313139;10579163;54912;7;4
FR;1;2021-06-10;343893;201108;1613;0;0;22657032;10780271;56525;7;4
FR;1;2021-06-11;311898;234844;1299;1;0;22968930;11015115;57824;8;4
FR;1;2021-06-12;244081;150620;436;0;0;23213011;11165735;58260;8;4
FR;1;2021-06-13;100368;60998;188;0;0;23313379;11226733;58448;8;4
FR;1;2021-06-14;207847;288026;1318;1;0;23521226;11514759;59766;9;4
FR;1;2021-06-15;256858;281595;1398;1;0;23778084;11796354;61164;10;4
FR;1;2021-06-16;273649;270566;1263;1;0;24051733;12066920;62427;11;4
FR;1;2021-06-17;268218;244878;1236;1;0;24319951;12311798;63663;12;4
FR;1;2021-06-18;260600;295434;1153;1;0;24580551;12607232;64816;13;4
FR;1;2021-06-19;193452;209513;388;0;0;24774003;12816745;65204;13;4
FR;1;2021-06-20;69710;89097;120;0;0;24843713;12905842;65324;13;4
FR;1;2021-06-21;172375;319732;933;1;1;25016088;13225574;66257;14;5
FR;1;2021-06-22;185867;347903;1102;10;1;25201955;13573477;67359;24;6
FR;1;2021-06-23;204202;339513;1049;0;0;25406157;13912990;68408;24;6
FR;1;2021-06-24;203530;282045;1175;0;0;25609687;14195035;69583;24;6
FR;1;2021-06-25;182666;371780;1198;0;0;25792353;14566815;70781;24;6
FR;1;2021-06-26;131395;278400;504;0;0;25923748;14845215;71285;24;6
FR;1;2021-06-27;52408;122901;145;0;0;25976156;14968116;71430;24;6
FR;1;2021-06-28;136656;368196;1064;0;0;26112812;15336312;72494;24;6
FR;1;2021-06-29;154896;390950;1848;0;0;26267708;15727262;74342;24;6
FR;1;2021-06-30;180057;381937;1666;4;2;26447765;16109199;76008;28;8
FR;1;2021-07-01;201473;332326;1887;5;1;26649238;16441525;77895;33;9
FR;1;2021-07-02;193884;367443;1765;5;2;26843122;16808968;79660;38;11
FR;1;2021-07-03;124478;280426;704;3;1;26967600;17089394;80364;41;12
FR;1;2021-07-04;53964;113701;244;0;0;27021564;17203095;80608;41;12
FR;1;2021-07-05;153961;355921;1500;8;2;27175525;17559016;82108;49;14
FR;1;2021-07-06;173505;382362;1603;45;8;27349030;17941378;83711;94;22
FR;1;2021-07-07;190835;362464;1658;25;4;27539865;18303842;85369;119;26
FR;1;2021-07-08;201567;323074;1826;20;6;27741432;18626916;87195;139;32
FR;1;2021-07-09;189979;387810;1854;3;2;27931411;19014726;89049;142;34
FR;1;2021-07-10;129955;281157;816;1;1;28061366;19295883;89865;143;35
FR;1;2021-07-11;57678;102528;262;0;0;28119044;19398411;90127;143;35
FR;1;2021-07-12;149914;416925;1584;4;0;28268958;19815336;91711;147;35
FR;1;2021-07-13;234276;439227;1806;8;1;28503234;20254563;93517;155;36
FR;1;2021-07-14;171920;151426;418;0;0;28675154;20405989;93935;155;36
FR;1;2021-07-15;279683;424439;1858;1;0;28954837;20830428;95793;156;36
FR;1;2021-07-16;290438;400852;1711;3;1;29245275;21231280;97504;159;37
FR;1;2021-07-17;217345;282033;755;1;0;29462620;21513313;98259;160;37
FR;1;2021-07-18;102010;107223;288;0;0;29564630;21620536;98547;160;37
FR;1;2021-07-19;238216;378705;1497;3;0;29802846;21999241;100044;163;37
FR;1;2021-07-20;305759;380158;1469;0;0;30108605;22379399;101513;163;37
FR;1;2021-07-21;333279;352958;1412;4;2;30441884;22732357;102925;167;39
FR;1;2021-07-22;364677;318796;1502;3;2;30806561;23051153;104427;170;41
FR;1;2021-07-23;349400;343120;1588;4;1;31155961;23394273;106015;174;42
FR;1;2021-07-24;238959;240813;697;1;0;31394920;23635086;106712;175;42
FR;1;2021-07-25;112800;76019;223;0;0;31507720;23711105;106935;175;42
FR;1;2021-07-26;299138;289582;1495;2;2;31806858;24000687;108430;177;44
FR;1;2021-07-27;385834;268134;1459;4;2;32192692;24268821;109889;181;46
FR;1;2021-07-28;390199;251081;1462;4;1;32582891;24519902;111351;185;47
FR;1;2021-07-29;406135;227830;1540;2;0;32989026;24747732;112891;187;47
FR;1;2021-07-30;370741;246677;1638;4;1;33359767;24994409;114529;191;48
FR;1;2021-07-31;243382;165111;793;1;0;33603149;25159520;115322;192;48
FR;1;2021-08-01;105589;47208;233;0;0;33708738;25206728;115555;192;48
FR;1;2021-08-02;297403;212937;1479;2;0;34006141;25419665;117034;194;48
FR;1;2021-08-03;331334;208847;1557;2;1;34337475;25628512;118591;196;49
FR;1;2021-08-04;328034;184012;1439;5;3;34665509;25812524;120030;201;52
FR;1;2021-08-05;301280;193240;1482;0;0;34966789;26005764;121512;201;52
FR;1;2021-08-06;290981;224247;1560;3;1;35257770;26230011;123072;204;53
FR;1;2021-08-07;182663;158793;654;5;2;35440433;26388804;123726;209;55
FR;1;2021-08-08;68887;59104;252;0;0;35509320;26447908;123978;209;55
FR;1;2021-08-09;222786;235392;1444;4;3;35732106;26683300;125422;213;58
FR;1;2021-08-10;252739;240110;1492;2;1;35984845;26923410;126914;215;59
FR;1;2021-08-11;236232;231901;1271;5;1;36221077;27155311;128185;220;60
FR;1;2021-08-12;220783;239908;1487;3;0;36441860;27395219;129672;223;60
FR;1;2021-08-13;201720;238589;1360;2;2;36643580;27633808;131032;225;62
FR;1;2021-08-14;122862;174062;646;0;0;36766442;27807870;131678;225;62
FR;1;2021-08-15;34706;46122;200;1;0;36801148;27853992;131878;226;62
FR;1;2021-08-16;156963;289511;1423;0;0;36958111;28143503;133301;226;62
FR;1;2021-08-17;171613;291148;1422;5;0;37129724;28434651;134723;231;62
FR;1;2021-08-18;161433;286821;1392;6;3;37291157;28721472;136115;237;65
FR;1;2021-08-19;148947;277539;1403;1;0;37440104;28999011;137518;238;65
FR;1;2021-08-20;140508;309052;1532;2;2;37580612;29308063;139050;240;67
FR;1;2021-08-21;84275;213206;589;0;0;37664887;29521269;139639;240;67
FR;1;2021-08-22;28580;82693;233;0;0;37693467;29603962;139872;240;67
FR;1;2021-08-23;118661;321025;1422;2;1;37812128;29924987;141294;242;68
FR;1;2021-08-24;126664;319732;1603;5;1;37938792;30244719;142897;247;69
FR;1;2021-08-25;121528;306505;1779;8;2;38060320;30551224;144676;255;71
FR;1;2021-08-26;106629;286113;2162;10;0;38166949;30837337;146838;265;71
FR;1;2021-08-27;107654;321665;2302;9;3;38274603;31159002;149140;274;74
FR;1;2021-08-28;71020;220697;1101;0;0;38345623;31379699;150241;274;74
FR;1;2021-08-29;24152;78192;469;1;0;38369775;31457891;150710;275;74
FR;1;2021-08-30;96894;286353;4313;6;5004;38466669;31744244;155023;281;5078
FR;1;2021-08-31;98119;276296;9294;15;10096;38564788;32020540;164317;296;15174
FR;1;2021-09-01;112346;245329;21117;8;22133;38677134;32265869;185434;304;37307
FR;1;2021-09-02;86769;197937;24529;18;25503;38763903;32463806;209963;322;62810
FR;1;2021-09-03;82421;227534;26953;21;28032;38846324;32691340;236916;343;90842
FR;1;2021-09-04;71630;189718;11141;11;11693;38917954;32881058;248057;354;102535
FR;1;2021-09-05;18613;41155;4124;2;4277;38936567;32922213;252181;356;106812
FR;1;2021-09-06;59808;151482;30182;15;31199;38996375;33073695;282363;371;138011
FR;1;2021-09-07;57398;139678;30209;30;31216;39053773;33213373;312572;401;169227
FR;1;2021-09-08;72339;173797;26925;22;27927;39126112;33387170;339497;423;197154
FR;1;2021-09-09;54484;124474;28621;24;29716;39180596;33511644;368118;447;226870
FR;1;2021-09-10;66214;152089;30449;24;31651;39246810;33663733;398567;471;258521
FR;1;2021-09-11;52687;146634;9730;14;10344;39299497;33810367;408297;485;268865
FR;1;2021-09-12;10796;29271;2486;1;2649;39310293;33839638;410783;486;271514
FR;1;2021-09-13;51505;104466;38757;31;40039;39361798;33944104;449540;517;311553
FR;1;2021-09-14;53341;96033;51277;67;53147;39415139;34040137;500817;584;364700
FR;1;2021-09-15;60569;139264;50491;55;47046;39475708;34179401;551308;639;411746
FR;1;2021-09-16;46632;81412;53346;70;49581;39522340;34260813;604654;709;461327
FR;1;2021-09-17;53220;109349;45069;61;42678;39575560;34370162;649723;770;504005
FR;1;2021-09-18;37876;118498;11796;19;11274;39613436;34488660;661519;789;515279
FR;1;2021-09-19;6531;21042;2040;1;1983;39619967;34509702;663559;790;517262
FR;1;2021-09-20;36534;74879;46227;65;44181;39656501;34584581;709786;855;561443
FR;1;2021-09-21;34187;68134;56260;70;52707;39690688;34652715;766046;925;614150
FR;1;2021-09-22;38826;118613;49872;76;46898;39729514;34771328;815918;1001;661048
FR;1;2021-09-23;32024;62916;54499;85;50892;39761538;34834244;870417;1086;711940
FR;1;2021-09-24;36782;90055;43666;89;41932;39798320;34924299;914083;1175;753872
FR;1;2021-09-25;27647;96701;12305;27;12180;39825967;35021000;926388;1202;766052
FR;1;2021-09-26;4378;15195;1774;5;1696;39830345;35036195;928162;1207;767748
FR;1;2021-09-27;27350;60222;42911;89;41630;39857695;35096417;971073;1296;809378
FR;1;2021-09-28;26911;49456;47194;76;44461;39884606;35145873;1018267;1372;853839
FR;1;2021-09-29;35923;80331;47276;87;45586;39920529;35226204;1065543;1459;899425
FR;1;2021-09-30;26072;46891;47523;81;45445;39946601;35273095;1113066;1540;944870
FR;1;2021-10-01;47294;66952;44891;83;44592;39993895;35340047;1157957;1623;989462
FR;1;2021-10-02;32383;62415;16112;32;16317;40026278;35402462;1174069;1655;1005779
FR;1;2021-10-03;4342;8561;2039;3;2033;40030620;35411023;1176108;1658;1007812
FR;1;2021-10-04;28971;44441;47104;79;46960;40059591;35455464;1223212;1737;1054772
FR;1;2021-10-05;24566;41667;49874;116;49305;40084157;35497131;1273086;1853;1104077
FR;1;2021-10-06;34652;61401;57498;102;57230;40118809;35558532;1330584;1955;1161307
FR;1;2021-10-07;21078;39911;53040;75;51963;40139887;35598443;1383624;2030;1213270
FR;1;2021-10-08;35659;59657;60395;83;61134;40175546;35658100;1444019;2113;1274404
FR;1;2021-10-09;27463;48015;25495;29;26018;40203009;35706115;1469514;2142;1300422
FR;1;2021-10-10;3723;5812;2754;7;2861;40206732;35711927;1472268;2149;1303283
FR;1;2021-10-11;24852;38249;54583;88;55252;40231584;35750176;1526851;2237;1358535
FR;1;2021-10-12;23376;36596;58067;127;59198;40254960;35786772;1584918;2364;1417733
FR;1;2021-10-13;32961;47843;64167;124;65679;40287921;35834615;1649085;2488;1483412
FR;1;2021-10-14;21710;34792;53763;103;54349;40309631;35869407;1702848;2591;1537761
FR;1;2021-10-15;32744;48798;72326;165;74998;40342375;35918205;1775174;2756;1612759
FR;1;2021-10-16;26009;35299;34867;44;36411;40368384;35953504;1810041;2800;1649170
FR;1;2021-10-17;3156;4050;3413;2;3316;40371540;35957554;1813454;2802;1652486
FR;1;2021-10-18;24298;34898;66834;131;69707;40395838;35992452;1880288;2933;1722193
FR;1;2021-10-19;20715;35588;75657;135;79564;40416553;36028040;1955945;3068;1801757
FR;1;2021-10-20;29909;44237;96174;178;99848;40446462;36072277;2052119;3246;1901605
FR;1;2021-10-21;19777;35065;83174;107;87016;40466239;36107342;2135293;3353;1988621
FR;1;2021-10-22;29729;47790;103736;196;109680;40495968;36155132;2239029;3549;2098301
FR;1;2021-10-23;23031;35139;44868;57;47376;40518999;36190271;2283897;3606;2145677
FR;1;2021-10-24;2381;3843;3583;6;3724;40521380;36194114;2287480;3612;2149401
FR;1;2021-10-25;22482;30761;82018;143;85809;40543862;36224875;2369498;3755;2235210
FR;1;2021-10-26;19332;27675;86103;162;90326;40563194;36252550;2455601;3917;2325536
FR;1;2021-10-27;26192;39646;107804;252;112696;40589386;36292196;2563405;4169;2438232
FR;1;2021-10-28;18778;27138;86950;150;91690;40608164;36319334;2650355;4319;2529922
FR;1;2021-10-29;25926;40282;114823;201;121619;40634090;36359616;2765178;4520;2651541
FR;1;2021-10-30;17693;28721;49361;74;51951;40651783;36388337;2814539;4594;2703492
FR;1;2021-10-31;2060;3172;3450;2;3685;40653843;36391509;2817989;4596;2707177
FR;1;2021-11-01;7986;4267;3028;3;3286;40661829;36395776;2821017;4599;2710463
FR;1;2021-11-02;22883;33244;92392;156;97815;40684712;36429020;2913409;4755;2808278
FR;1;2021-11-03;26604;41597;117500;215;123863;40711316;36470617;3030909;4970;2932141
FR;1;2021-11-04;19600;30332;105801;213;111928;40730916;36500949;3136710;5183;3044069
FR;1;2021-11-05;27008;42342;138771;229;147422;40757924;36543291;3275481;5412;3191491
FR;1;2021-11-06;18846;29832;63479;123;66486;40776770;36573123;3338960;5535;3257977
FR;1;2021-11-07;1810;3288;4976;6;5303;40778580;36576411;3343936;5541;3263280
FR;1;2021-11-08;17847;32274;125997;224;132621;40796427;36608685;3469933;5765;3395901
FR;1;2021-11-09;19486;37659;159294;334;169074;40815913;36646344;3629227;6099;3564975
FR;1;2021-11-10;28864;49160;181893;440;192504;40844777;36695504;3811120;6539;3757479
FR;1;2021-11-11;4170;5944;12226;26;13018;40848947;36701448;3823346;6565;3770497
FR;1;2021-11-12;26011;46875;174810;244;186476;40874958;36748323;3998156;6809;3956973
FR;1;2021-11-13;18729;29175;76831;111;81772;40893687;36777498;4074987;6920;4038745
FR;1;2021-11-14;2043;3260;6820;5;7356;40895730;36780758;4081807;6925;4046101
FR;1;2021-11-15;18758;34815;156415;304;166236;40914488;36815573;4238222;7229;4212337
FR;1;2021-11-16;21348;37927;192113;379;204981;40935836;36853500;4430335;7608;4417318
FR;1;2021-11-17;28645;45623;193223;398;205026;40964481;36899123;4623558;8006;4622344
FR;1;2021-11-18;21128;39559;182488;458;194533;40985609;36938682;4806046;8464;4816877
FR;1;2021-11-19;30879;53402;230239;532;246706;41016488;36992084;5036285;8996;5063583
FR;1;2021-11-20;23759;33247;96982;201;103612;41040247;37025331;5133267;9197;5167195
FR;1;2021-11-21;2328;3927;9112;19;9939;41042575;37029258;5142379;9216;5177134
FR;1;2021-11-22;21408;30403;175894;465;189428;41063983;37059661;5318273;9681;5366562
FR;1;2021-11-23;24018;41051;221199;540;237924;41088001;37100712;5539472;10221;5604486
FR;1;2021-11-24;30285;49744;217335;701;234497;41118286;37150456;5756807;10922;5838983
FR;1;2021-11-25;23720;44106;244462;718;264118;41142006;37194562;6001269;11640;6103101
FR;1;2021-11-26;30624;66763;356793;836;388534;41172630;37261325;6358062;12476;6491635
FR;1;2021-11-27;21945;45352;202616;371;222620;41194575;37306677;6560678;12847;6714255
FR;1;2021-11-28;3168;9609;54784;63;61016;41197743;37316286;6615462;12910;6775271
FR;1;2021-11-29;17879;49538;326371;840;354442;41215622;37365824;6941833;13750;7129713
FR;1;2021-11-30;22785;64950;431130;952;470755;41238407;37430774;7372963;14702;7600468
FR;1;2021-12-01;25338;69302;442875;1130;481739;41263745;37500076;7815838;15832;8082207
FR;1;2021-12-02;20067;64562;489375;1228;532882;41283812;37564638;8305213;17060;8615089
FR;1;2021-12-03;22899;82566;542758;1309;591770;41306711;37647204;8847971;18369;9206859
FR;1;2021-12-04;16395;53943;299084;654;328939;41323106;37701147;9147055;19023;9535798
FR;1;2021-12-05;3633;13851;81522;143;91049;41326739;37714998;9228577;19166;9626847
FR;1;2021-12-06;25819;62651;415430;1066;455159;41352558;37777649;9644007;20232;10082006
FR;1;2021-12-07;20000;75637;522952;1535;572547;41372558;37853286;10166959;21767;10654553
FR;1;2021-12-08;21698;75760;458392;1544;502106;41394256;37929046;10625351;23311;11156659
FR;1;2021-12-09;19446;74082;492916;1625;540853;41413702;38003128;11118267;24936;11697512
FR;1;2021-12-10;23306;87734;547377;1585;600011;41437008;38090862;11665644;26521;12297523
FR;1;2021-12-11;16533;59229;302738;749;335480;41453541;38150091;11968382;27270;12633003
FR;1;2021-12-12;4373;15957;83213;179;94045;41457914;38166048;12051595;27449;12727048
FR;1;2021-12-13;15750;63647;366958;1094;406242;41473664;38229695;12418553;28543;13133290
FR;1;2021-12-14;20855;80360;464734;1746;515195;41494519;38310055;12883287;30289;13648485
FR;1;2021-12-15;21607;77520;409059;1309;453130;41516126;38387575;13292346;31598;14101615
FR;1;2021-12-16;20042;77365;451843;1578;500611;41536168;38464940;13744189;33176;14602226
FR;1;2021-12-17;22613;86647;479926;1735;530969;41558781;38551587;14224115;34911;15133195
FR;1;2021-12-18;17602;54697;257616;730;288519;41576383;38606284;14481731;35641;15421714
FR;1;2021-12-19;5549;17022;79180;194;90714;41581932;38623306;14560911;35835;15512428
FR;1;2021-12-20;20932;63170;316233;1080;355310;41602864;38686476;14877144;36915;15867738
FR;1;2021-12-21;26327;73114;372728;1423;418080;41629191;38759590;15249872;38338;16285818
FR;1;2021-12-22;24977;65917;310621;1216;349590;41654168;38825507;15560493;39554;16635408
FR;1;2021-12-23;21268;52301;241480;956;273034;41675436;38877808;15801973;40510;16908442
FR;1;2021-12-24;7123;18350;67152;258;77063;41682559;38896158;15869125;40768;16985505
FR;1;2021-12-25;506;2873;5584;15;6538;41683065;38899031;15874709;40783;16992043
FR;1;2021-12-26;2748;7589;26935;71;31457;41685813;38906620;15901644;40854;17023500
FR;1;2021-12-27;18305;53595;235106;705;265765;41704118;38960215;16136750;41559;17289265
FR;1;2021-12-28;23297;62040;292030;1026;330210;41727415;39022255;16428780;42585;17619475
FR;1;2021-12-29;22215;55559;254989;920;288214;41749630;39077814;16683769;43505;17907689
FR;1;2021-12-30;21239;46552;212155;858;239627;41770869;39124366;16895924;44363;18147316
FR;1;2021-12-31;7465;16595;61869;229;70408;41778334;39140961;16957793;44592;18217724
FR;1;2022-01-01;1153;2487;5656;30;6575;41779487;39143448;16963449;44622;18224299
FR;1;2022-01-02;3081;8060;28889;50;33522;41782568;39151508;16992338;44672;18257821
FR;1;2022-01-03;24477;54260;228231;786;257698;41807045;39205768;17220569;45458;18515519
FR;1;2022-01-04;26053;65096;299248;1238;337282;41833098;39270864;17519817;46696;18852801
FR;1;2022-01-05;30445;64353;274868;1099;310234;41863543;39335217;17794685;47795;19163035
FR;1;2022-01-06;26810;66268;306880;1399;346533;41890353;39401485;18101565;49194;19509568
FR;1;2022-01-07;31559;75083;349828;1538;393976;41921912;39476568;18451393;50732;19903544
FR;1;2022-01-08;23386;51398;222490;698;251118;41945298;39527966;18673883;51430;20154662
FR;1;2022-01-09;7088;17146;66023;163;76141;41952386;39545112;18739906;51593;20230803
FR;1;2022-01-10;21776;60713;236795;954;267626;41974162;39605825;18976701;52547;20498429
FR;1;2022-01-11;26757;63514;282281;1277;317810;42000919;39669339;19258982;53824;20816239
FR;1;2022-01-12;28947;62549;246251;1105;278035;42029866;39731888;19505233;54929;21094274
FR;1;2022-01-13;24772;60244;262792;1253;296126;42054638;39792132;19768025;56182;21390400
FR;1;2022-01-14;27964;66780;313996;1366;351261;42082602;39858912;20082021;57548;21741661
FR;1;2022-01-15;19359;44442;199306;619;223860;42101961;39903354;20281327;58167;21965521
FR;1;2022-01-16;5158;12995;51526;135;59566;42107119;39916349;20332853;58302;22025087
FR;1;2022-01-17;16862;39790;184820;781;206843;42123981;39956139;20517673;59083;22231930
FR;1;2022-01-18;19450;46034;212417;1154;237049;42143431;40002173;20730090;60237;22468979
FR;1;2022-01-19;20300;44031;176102;897;197191;42163731;40046204;20906192;61134;22666170
FR;1;2022-01-20;16835;40644;183672;1137;204743;42180566;40086848;21089864;62271;22870913
FR;1;2022-01-21;19912;47100;228946;1405;253349;42200478;40133948;21318810;63676;23124262
FR;1;2022-01-22;13842;33361;144491;578;161384;42214320;40167309;21463301;64254;23285646
FR;1;2022-01-23;3372;8778;33425;132;38322;42217692;40176087;21496726;64386;23323968
FR;1;2022-01-24;11804;32996;142206;709;158251;42229496;40209083;21638932;65095;23482219
FR;1;2022-01-25;14210;38231;163397;1047;181564;42243706;40247314;21802329;66142;23663783
FR;1;2022-01-26;14860;37679;150250;932;166351;42258566;40284993;21952579;67074;23830134
FR;1;2022-01-27;12332;33262;143450;889;157986;42270898;40318255;22096029;67963;23988120
FR;1;2022-01-28;16321;56892;198310;1143;222424;42287219;40375147;22294339;69106;24210544
FR;1;2022-01-29;10268;35501;135203;524;151545;42297487;40410648;22429542;69630;24362089
FR;1;2022-01-30;2483;9276;29681;86;34461;42299970;40419924;22459223;69716;24396550
FR;1;2022-01-31;8758;32504;104339;533;117383;42308728;40452428;22563562;70249;24513933
FR;1;2022-02-01;10973;36514;127069;864;141260;42319701;40488942;22690631;71113;24655193
FR;1;2022-02-02;11975;41627;130349;782;145846;42331676;40530569;22820980;71895;24801039
FR;1;2022-02-03;9235;34030;117006;784;130357;42340911;40564599;22937986;72679;24931396
FR;1;2022-02-04;11520;48196;172577;967;192774;42352431;40612795;23110563;73646;25124170
FR;1;2022-02-05;7995;33955;117579;391;133050;42360426;40646750;23228142;74037;25257220
FR;1;2022-02-06;1704;8009;22752;85;26914;42362130;40654759;23250894;74122;25284134
FR;1;2022-02-07;7311;35434;119080;457;134962;42369441;40690193;23369974;74579;25419096
FR;1;2022-02-08;7755;31935;125637;693;140625;42377196;40722128;23495611;75272;25559721
FR;1;2022-02-09;8651;36514;135245;698;152490;42385847;40758642;23630856;75970;25712211
FR;1;2022-02-10;7018;30045;116371;674;130157;42392865;40788687;23747227;76644;25842368
FR;1;2022-02-11;8655;41534;165135;878;185358;42401520;40830221;23912362;77522;26027726
FR;1;2022-02-12;5335;27603;106702;379;120887;42406855;40857824;24019064;77901;26148613
FR;1;2022-02-13;1244;5717;21717;66;25333;42408099;40863541;24040781;77967;26173946
FR;1;2022-02-14;5453;27213;118076;392;133103;42413552;40890754;24158857;78359;26307049
FR;1;2022-02-15;5781;28847;118917;610;132549;42419333;40919601;24277774;78969;26439598
FR;1;2022-02-16;5751;28472;110416;596;123047;42425084;40948073;24388190;79565;26562645
FR;1;2022-02-17;4610;19725;73136;487;80241;42429694;40967798;24461326;80052;26642886
FR;1;2022-02-18;5604;26780;99197;670;108157;42435298;40994578;24560523;80722;26751043
FR;1;2022-02-19;3550;17173;59474;304;66055;42438848;41011751;24619997;81026;26817098
FR;1;2022-02-20;790;3252;10705;36;12332;42439638;41015003;24630702;81062;26829430
FR;1;2022-02-21;3422;14585;52824;286;57670;42443060;41029588;24683526;81348;26887100
FR;1;2022-02-22;3789;15530;51911;500;55648;42446849;41045118;24735437;81848;26942748
FR;1;2022-02-23;4230;17809;57469;508;62570;42451079;41062927;24792906;82356;27005318
FR;1;2022-02-24;3341;13053;43612;436;46401;42454420;41075980;24836518;82792;27051719
FR;1;2022-02-25;4470;19876;64921;696;68792;42458890;41095856;24901439;83488;27120511
FR;1;2022-02-26;2693;12799;41368;310;45121;42461583;41108655;24942807;83798;27165632
FR;1;2022-02-27;644;2188;7127;42;7992;42462227;41110843;24949934;83840;27173624
FR;1;2022-02-28;2612;10477;34954;306;37379;42464839;41121320;24984888;84146;27211003
FR;1;2022-03-01;3544;10747;38697;390;39652;42468383;41132067;25023585;84536;27250655
FR;1;2022-03-02;3660;12176;41854;397;43924;42472043;41144243;25065439;84933;27294579
FR;1;2022-03-03;2450;7968;26174;326;26512;42474493;41152211;25091613;85259;27321091
FR;1;2022-03-04;2685;10444;35429;590;34924;42477178;41162655;25127042;85849;27356015
FR;1;2022-03-05;1820;6357;21964;277;22360;42478998;41169012;25149006;86126;27378375
FR;1;2022-03-06;358;955;2916;38;3119;42479356;41169967;25151922;86164;27381494
FR;1;2022-03-07;1738;4713;16433;245;15900;42481094;41174680;25168355;86409;27397394
FR;1;2022-03-08;1678;5252;17166;308;15993;42482772;41179932;25185521;86717;27413387
FR;1;2022-03-09;1982;6678;19804;368;19164;42484754;41186610;25205325;87085;27432551
FR;1;2022-03-10;1404;4966;15278;308;14317;42486158;41191576;25220603;87393;27446868
FR;1;2022-03-11;1753;6399;21703;483;19857;42487911;41197975;25242306;87876;27466725
FR;1;2022-03-12;1238;4650;15359;280;14909;42489149;41202625;25257665;88156;27481634
FR;1;2022-03-13;249;612;2119;119;2065;42489398;41203237;25259784;88275;27483699
FR;1;2022-03-14;1142;3674;13399;3879;12522;42490540;41206911;25273183;92154;27496221
FR;1;2022-03-15;1389;5726;14650;6862;13247;42491929;41212637;25287833;99016;27509468
FR;1;2022-03-16;1687;5067;17391;11517;16454;42493616;41217704;25305224;110533;27525922
FR;1;2022-03-17;1170;3430;11723;9648;10821;42494786;41221134;25316947;120181;27536743
FR;1;2022-03-18;1725;4924;17962;16502;16400;42496511;41226058;25334909;136683;27553143
FR;1;2022-03-19;1122;3299;11889;8455;11357;42497633;41229357;25346798;145138;27564500
FR;1;2022-03-20;224;559;1725;1014;1759;42497857;41229916;25348523;146152;27566259
FR;1;2022-03-21;1086;2761;11492;13448;10841;42498943;41232677;25360015;159600;27577100
FR;1;2022-03-22;1229;3205;12253;18704;11243;42500172;41235882;25372268;178304;27588343
FR;1;2022-03-23;1501;4340;16024;20110;15707;42501673;41240222;25388292;198414;27604050
FR;1;2022-03-24;1114;2747;10393;16050;9655;42502787;41242969;25398685;214464;27613705
FR;1;2022-03-25;1533;4353;16739;25299;15392;42504320;41247322;25415424;239763;27629097
FR;1;2022-03-26;1108;3011;10854;11450;10515;42505428;41250333;25426278;251213;27639612
FR;1;2022-03-27;233;543;1749;1381;1802;42505661;41250876;25428027;252594;27641414
FR;1;2022-03-28;1079;2482;9973;15883;9596;42506740;41253358;25438000;268477;27651010
FR;1;2022-03-29;1139;2738;11550;25087;10913;42507879;41256096;25449550;293564;27661923
FR;1;2022-03-30;1625;3588;14163;24171;13694;42509504;41259684;25463713;317735;27675617
FR;1;2022-03-31;1278;3009;11688;22648;11196;42510782;41262693;25475401;340383;27686813
FR;1;2022-04-01;2226;4018;18460;28508;17331;42513008;41266711;25493861;368891;27704144
FR;1;2022-04-02;908;1881;8189;9220;7936;42513916;41268592;25502050;378111;27712080
FR;1;2022-04-03;201;379;1432;1056;1433;42514117;41268971;25503482;379167;27713513
FR;1;2022-04-04;1838;2456;11364;17670;10752;42515955;41271427;25514846;396837;27724265
FR;1;2022-04-05;1631;2694;12994;31171;12019;42517586;41274121;25527840;428008;27736284
FR;1;2022-04-06;1620;2973;12195;23914;11625;42519206;41277094;25540035;451922;27747909
FR;1;2022-04-07;1268;2701;12341;31056;11807;42520474;41279795;25552376;482978;27759716
FR;1;2022-04-08;1611;3605;17552;40577;16459;42522085;41283400;25569928;523555;27776175
FR;1;2022-04-09;817;1992;8403;12496;8101;42522902;41285392;25578331;536051;27784276
FR;1;2022-04-10;197;570;1834;1852;1878;42523099;41285962;25580165;537903;27786154
FR;1;2022-04-11;1058;2234;10963;22325;10678;42524157;41288196;25591128;560228;27796832
FR;1;2022-04-12;1300;2616;12818;38107;12305;42525457;41290812;25603946;598335;27809137
FR;1;2022-04-13;1254;2843;12269;30606;11999;42526711;41293655;25616215;628941;27821136
FR;1;2022-04-14;1218;2509;12084;33565;12088;42527929;41296164;25628299;662506;27833224
FR;1;2022-04-15;1480;2933;14389;33202;13765;42529409;41299097;25642688;695708;27846989
FR;1;2022-04-16;658;1403;5840;7985;5765;42530067;41300500;25648528;703693;27852754
FR;1;2022-04-17;155;283;929;1119;974;42530222;41300783;25649457;704812;27853728
FR;1;2022-04-18;164;465;2633;999;2657;42530386;41301248;25652090;705811;27856385
FR;1;2022-04-19;1233;2582;11775;27893;11506;42531619;41303830;25663865;733704;27867891
FR;1;2022-04-20;1333;2625;12171;26845;12009;42532952;41306455;25676036;760549;27879900
FR;1;2022-04-21;1236;2454;11532;33219;11744;42534188;41308909;25687568;793768;27891644
FR;1;2022-04-22;1511;3069;15203;35479;14784;42535699;41311978;25702771;829247;27906428
FR;1;2022-04-23;760;1579;6731;9890;6637;42536459;41313557;25709502;839137;27913065
FR;1;2022-04-24;196;371;1373;1520;1326;42536655;41313928;25710875;840657;27914391
FR;1;2022-04-25;1035;2125;9849;19688;9749;42537690;41316053;25720724;860345;27924140
FR;1;2022-04-26;1343;2618;12590;36542;12196;42539033;41318671;25733314;896887;27936336
FR;1;2022-04-27;1321;2403;10643;29166;10780;42540354;41321074;25743957;926053;27947116
FR;1;2022-04-28;1277;2387;11559;34246;11400;42541631;41323461;25755516;960299;27958516
FR;1;2022-04-29;1611;3854;14393;35507;13836;42543242;41327315;25769909;995806;27972352
FR;1;2022-04-30;827;1555;6446;9163;6288;42544069;41328870;25776355;1004969;27978640
FR;1;2022-05-01;176;284;829;947;822;42544245;41329154;25777184;1005916;27979462
FR;1;2022-05-02;1590;2582;10370;16905;10279;42545835;41331736;25787554;1022821;27989741
FR;1;2022-05-03;1506;2848;12702;32878;12594;42547341;41334584;25800256;1055699;28002335
FR;1;2022-05-04;1346;2722;11224;23798;11381;42548687;41337306;25811480;1079497;28013716
FR;1;2022-05-05;1461;2591;12170;31807;12094;42550148;41339897;25823650;1111304;28025810
FR;1;2022-05-06;1810;3228;14224;34881;13792;42551958;41343125;25837874;1146185;28039602
FR;1;2022-05-07;852;1468;5974;9089;6008;42552810;41344593;25843848;1155274;28045610
FR;1;2022-05-08;190;327;1059;1470;1121;42553000;41344920;25844907;1156744;28046731
FR;1;2022-05-09;1110;2003;9241;19256;9154;42554110;41346923;25854148;1176000;28055885
FR;1;2022-05-10;1459;2785;12600;37051;12199;42555569;41349708;25866748;1213051;28068084
FR;1;2022-05-11;1430;2440;9904;26011;9849;42556999;41352148;25876652;1239062;28077933
FR;1;2022-05-12;1308;2403;10511;33570;10212;42558307;41354551;25887163;1272632;28088145
FR;1;2022-05-13;1601;2792;12755;35715;12401;42559908;41357343;25899918;1308347;28100546
FR;1;2022-05-14;779;1316;5480;10210;5364;42560687;41358659;25905398;1318557;28105910
FR;1;2022-05-15;220;413;1183;1349;1251;42560907;41359072;25906581;1319906;28107161
FR;1;2022-05-16;967;1765;8068;20061;8120;42561874;41360837;25914649;1339967;28115281
FR;1;2022-05-17;1287;2285;11113;36148;10720;42563161;41363122;25925762;1376115;28126001
FR;1;2022-05-18;1302;2114;9032;25695;8983;42564463;41365236;25934794;1401810;28134984
FR;1;2022-05-19;1193;2385;9844;33981;9937;42565656;41367621;25944638;1435791;28144921
FR;1;2022-05-20;1560;2747;12519;37636;12103;42567216;41370368;25957157;1473427;28157024
FR;1;2022-05-21;774;1372;5246;9373;5164;42567990;41371740;25962403;1482800;28162188
FR;1;2022-05-22;191;288;948;1395;948;42568181;41372028;25963351;1484195;28163136
FR;1;2022-05-23;967;1876;8368;19404;8344;42569148;41373904;25971719;1503599;28171480
FR;1;2022-05-24;1283;2442;10716;37223;10585;42570431;41376346;25982435;1540822;28182065
FR;1;2022-05-25;1271;2283;8789;23660;8949;42571702;41378629;25991224;1564482;28191014
FR;1;2022-05-26;167;368;1575;1148;1569;42571869;41378997;25992799;1565630;28192583
FR;1;2022-05-27;1104;2170;8777;20435;8526;42572973;41381167;26001576;1586065;28201109
FR;1;2022-05-28;481;1041;3685;6529;3723;42573454;41382208;26005261;1592594;28204832
FR;1;2022-05-29;119;257;706;890;717;42573573;41382465;26005967;1593484;28205549
FR;1;2022-05-30;829;1721;6557;18529;6586;42574402;41384186;26012524;1612013;28212135
FR;1;2022-05-31;1265;2211;9240;34363;9109;42575667;41386397;26021764;1646376;28221244
FR;1;2022-06-01;1302;2587;10430;23446;10292;42576969;41388984;26032194;1669822;28231536
FR;1;2022-06-02;1218;2301;10667;34114;10234;42578187;41391285;26042861;1703936;28241770
FR;1;2022-06-03;1435;2728;12691;37088;12111;42579622;41394013;26055552;1741024;28253881
FR;1;2022-06-04;679;1259;4745;8675;4822;42580301;41395272;26060297;1749699;28258703
FR;1;2022-06-05;130;286;809;1048;831;42580431;41395558;26061106;1750747;28259534
FR;1;2022-06-06;330;1067;2012;1182;2025;42580761;41396625;26063118;1751929;28261559
FR;1;2022-06-07;1140;2295;9175;34031;8836;42581901;41398920;26072293;1785960;28270395
FR;1;2022-06-08;1101;2224;8665;27534;8548;42583002;41401144;26080958;1813494;28278943
FR;1;2022-06-09;1059;2139;9976;37527;9658;42584061;41403283;26090934;1851021;28288601
FR;1;2022-06-10;1328;2557;12389;43092;11964;42585389;41405840;26103323;1894113;28300565
FR;1;2022-06-11;655;1443;5136;11080;5184;42586044;41407283;26108459;1905193;28305749
FR;1;2022-06-12;151;370;1013;1683;1069;42586195;41407653;26109472;1906876;28306818
FR;1;2022-06-13;902;1824;7007;22217;6864;42587097;41409477;26116479;1929093;28313682
FR;1;2022-06-14;1083;2170;9834;42826;9236;42588180;41411647;26126313;1971919;28322918
FR;1;2022-06-15;1066;1956;8774;29363;8453;42589246;41413603;26135087;2001282;28331371
FR;1;2022-06-16;933;1815;9391;38461;8868;42590179;41415418;26144478;2039743;28340239
FR;1;2022-06-17;1208;2536;11863;44763;11351;42591387;41417954;26156341;2084506;28351590
FR;1;2022-06-18;560;1266;4316;10543;4254;42591947;41419220;26160657;2095049;28355844
FR;1;2022-06-19;137;324;1002;1543;1081;42592084;41419544;26161659;2096592;28356925
FR;1;2022-06-20;855;1692;8490;25033;8152;42592939;41421236;26170149;2121625;28365077
FR;1;2022-06-21;1097;2129;9757;47740;8848;42594036;41423365;26179906;2169365;28373925
FR;1;2022-06-22;1026;2039;8431;37128;7947;42595062;41425404;26188337;2206493;28381872
FR;1;2022-06-23;1046;2157;10118;52783;9404;42596108;41427561;26198455;2259276;28391276
FR;1;2022-06-24;1246;2700;12911;65926;11695;42597354;41430261;26211366;2325202;28402971
FR;1;2022-06-25;681;1501;5922;18915;5704;42598035;41431762;26217288;2344117;28408675
FR;1;2022-06-26;166;404;1816;3492;1708;42598201;41432166;26219104;2347609;28410383
FR;1;2022-06-27;936;1764;9900;45958;9125;42599137;41433930;26229004;2393567;28419508
FR;1;2022-06-28;1205;2566;13830;86496;12396;42600342;41436496;26242834;2480063;28431904
FR;1;2022-06-29;1231;2281;11476;67352;10543;42601573;41438777;26254310;2547415;28442447
FR;1;2022-06-30;1276;2431;13509;89948;11818;42602849;41441208;26267819;2637363;28454265
FR;1;2022-07-01;1631;3465;20270;109182;17934;42604480;41444673;26288089;2746545;28472199
FR;1;2022-07-02;760;1521;8014;33766;7247;42605240;41446194;26296103;2780311;28479446
FR;1;2022-07-03;226;479;1940;6115;1755;42605466;41446673;26298043;2786426;28481201
FR;1;2022-07-04;1261;2820;13898;75387;12316;42606727;41449493;26311941;2861813;28493517
FR;1;2022-07-05;1407;2788;17665;126311;15119;42608134;41452281;26329606;2988124;28508636
FR;1;2022-07-06;1338;2375;14878;93679;12898;42609472;41454656;26344484;3081803;28521534
FR;1;2022-07-07;1428;2525;16912;119373;13982;42610900;41457181;26361396;3201176;28535516
FR;1;2022-07-08;1524;2811;19598;129965;15960;42612424;41459992;26380994;3331141;28551476
FR;1;2022-07-09;660;1268;7302;36004;6345;42613084;41461260;26388296;3367145;28557821
FR;1;2022-07-10;235;478;2239;6684;2033;42613319;41461738;26390535;3373829;28559854
FR;1;2022-07-11;1196;2204;14309;84390;11919;42614515;41463942;26404844;3458219;28571773
FR;1;2022-07-12;1547;2764;19442;137341;15877;42616062;41466706;26424286;3595560;28587650
FR;1;2022-07-13;1397;2388;14771;89801;12613;42617459;41469094;26439057;3685361;28600263
FR;1;2022-07-14;156;340;1859;5283;1769;42617615;41469434;26440916;3690644;28602032
FR;1;2022-07-15;1252;2293;14354;80563;11998;42618867;41471727;26455270;3771207;28614030
FR;1;2022-07-16;503;1041;5630;23940;4883;42619370;41472768;26460900;3795147;28618913
FR;1;2022-07-17;157;363;1655;4458;1498;42619527;41473131;26462555;3799605;28620411
FR;1;2022-07-18;969;2022;11291;59263;9558;42620496;41475153;26473846;3858868;28629969
FR;1;2022-07-19;1222;2114;14684;99375;11714;42621718;41477267;26488530;3958243;28641683
FR;1;2022-07-20;1164;1984;12347;74332;10259;42622882;41479251;26500877;4032575;28651942
FR;1;2022-07-21;1118;1935;12398;84474;9976;42624000;41481186;26513275;4117049;28661918
FR;1;2022-07-22;1233;2195;14080;85858;11409;42625233;41483381;26527355;4202907;28673327
FR;1;2022-07-23;531;1082;5227;21290;4605;42625764;41484463;26532582;4224197;28677932
FR;1;2022-07-24;147;300;1324;3695;1164;42625911;41484763;26533906;4227892;28679096
FR;1;2022-07-25;883;1620;9063;46094;7509;42626794;41486383;26542969;4273986;28686605
FR;1;2022-07-26;1122;1954;12667;81928;10324;42627916;41488337;26555636;4355914;28696929
FR;1;2022-07-27;1012;1711;9736;58403;8114;42628928;41490048;26565372;4414317;28705043
FR;1;2022-07-28;976;1692;9839;61856;7834;42629904;41491740;26575211;4476173;28712877
FR;1;2022-07-29;1110;1795;10422;62891;8348;42631014;41493535;26585633;4539064;28721225
FR;1;2022-07-30;390;707;3339;14474;2843;42631404;41494242;26588972;4553538;28724068
FR;1;2022-07-31;137;256;900;2333;766;42631541;41494498;26589872;4555871;28724834
FR;1;2022-08-01;704;1245;7234;28951;6091;42632245;41495743;26597106;4584822;28730925
FR;1;2022-08-02;889;1458;8208;53977;6602;42633134;41497201;26605314;4638799;28737527
FR;1;2022-08-03;715;1080;6130;37015;4911;42633849;41498281;26611444;4675814;28742438
FR;1;2022-08-04;639;1066;6250;41382;5038;42634488;41499347;26617694;4717196;28747476
FR;1;2022-08-05;733;1187;6747;43019;5407;42635221;41500534;26624441;4760215;28752883
FR;1;2022-08-06;270;459;1990;8994;1670;42635491;41500993;26626431;4769209;28754553
FR;1;2022-08-07;85;141;519;1551;435;42635576;41501134;26626950;4770760;28754988
FR;1;2022-08-08;478;817;3782;21205;3107;42636054;41501951;26630732;4791965;28758095
FR;1;2022-08-09;605;1013;5669;38442;4544;42636659;41502964;26636401;4830407;28762639
FR;1;2022-08-10;522;975;4423;26876;3618;42637181;41503939;26640824;4857283;28766257
FR;1;2022-08-11;536;898;4297;28139;3563;42637717;41504837;26645121;4885422;28769820
FR;1;2022-08-12;586;1017;4539;27149;3749;42638303;41505854;26649660;4912571;28773569
FR;1;2022-08-13;173;346;1247;5101;1062;42638476;41506200;26650907;4917672;28774631
FR;1;2022-08-14;62;111;272;866;231;42638538;41506311;26651179;4918538;28774862
FR;1;2022-08-15;70;154;559;540;521;42638608;41506465;26651738;4919078;28775383
FR;1;2022-08-16;522;918;3775;21462;3202;42639130;41507383;26655513;4940540;28778585
FR;1;2022-08-17;521;868;3756;22093;3181;42639651;41508251;26659269;4962633;28781766
FR;1;2022-08-18;535;861;3898;25415;3100;42640186;41509112;26663167;4988048;28784866
FR;1;2022-08-19;532;1030;4354;26503;3588;42640718;41510142;26667521;5014551;28788454
FR;1;2022-08-20;229;395;1281;5359;1094;42640947;41510537;26668802;5019910;28789548
FR;1;2022-08-21;80;109;281;988;249;42641027;41510646;26669083;5020898;28789797
FR;1;2022-08-22;470;872;3132;14929;2704;42641497;41511518;26672215;5035827;28792501
FR;1;2022-08-23;631;1045;4140;28307;3476;42642128;41512563;26676355;5064134;28795977
FR;1;2022-08-24;549;820;3389;19048;2759;42642677;41513383;26679744;5083182;28798736
FR;1;2022-08-25;558;914;3806;22892;3188;42643235;41514297;26683550;5106074;28801924
FR;1;2022-08-26;744;1117;4337;25140;3552;42643979;41515414;26687887;5131214;28805476
FR;1;2022-08-27;215;426;1321;5298;1189;42644194;41515840;26689208;5136512;28806665
FR;1;2022-08-28;109;144;296;894;277;42644303;41515984;26689504;5137406;28806942
FR;1;2022-08-29;499;846;2971;14211;2510;42644802;41516830;26692475;5151617;28809452
FR;1;2022-08-30;734;1085;4611;27676;3766;42645536;41517915;26697086;5179293;28813218
FR;1;2022-08-31;572;806;3093;17182;2606;42646108;41518721;26700179;5196475;28815824
FR;1;2022-09-01;650;881;4271;21829;3630;42646758;41519602;26704450;5218304;28819454
FR;1;2022-09-02;764;1025;4863;27839;4061;42647522;41520627;26709313;5246143;28823515
FR;1;2022-09-03;307;493;1823;5864;1581;42647829;41521120;26711136;5252007;28825096
FR;1;2022-09-04;102;133;339;840;332;42647931;41521253;26711475;5252847;28825428
FR;1;2022-09-05;553;625;2975;15671;2479;42648484;41521878;26714450;5268518;28827907
FR;1;2022-09-06;714;911;4523;30997;3664;42649198;41522789;26718973;5299515;28831571
FR;1;2022-09-07;526;671;2908;16388;2412;42649724;41523460;26721881;5315903;28833983
FR;1;2022-09-08;560;771;3676;24161;3019;42650284;41524231;26725557;5340064;28837002
FR;1;2022-09-09;755;950;4255;26750;3544;42651039;41525181;26729812;5366814;28840546
FR;1;2022-09-10;311;455;1665;5569;1467;42651350;41525636;26731477;5372383;28842013
FR;1;2022-09-11;102;116;306;642;288;42651452;41525752;26731783;5373025;28842301
FR;1;2022-09-12;442;552;2577;12918;2196;42651894;41526304;26734360;5385943;28844497
FR;1;2022-09-13;568;780;3840;25646;3296;42652462;41527084;26738200;5411589;28847793
FR;1;2022-09-14;566;683;2842;15610;2369;42653028;41527767;26741042;5427199;28850162
FR;1;2022-09-15;500;689;3294;22980;2780;42653528;41528456;26744336;5450179;28852942
FR;1;2022-09-16;711;918;3990;25239;3355;42654239;41529374;26748326;5475418;28856297
FR;1;2022-09-17;290;398;1382;5955;1210;42654529;41529772;26749708;5481373;28857507
FR;1;2022-09-18;94;119;310;919;278;42654623;41529891;26750018;5482292;28857785
FR;1;2022-09-19;358;550;2119;12809;1813;42654981;41530441;26752137;5495101;28859598
FR;1;2022-09-20;545;787;3621;25669;3026;42655526;41531228;26755758;5520770;28862624
FR;1;2022-09-21;463;671;2605;15823;2239;42655989;41531899;26758363;5536593;28864863
FR;1;2022-09-22;527;731;3238;22884;2639;42656516;41532630;26761601;5559477;28867502
FR;1;2022-09-23;741;916;4325;28046;3607;42657257;41533546;26765926;5587523;28871109
FR;1;2022-09-24;345;525;1570;6688;1350;42657602;41534071;26767496;5594211;28872459
FR;1;2022-09-25;73;143;317;1071;289;42657675;41534214;26767813;5595282;28872748
FR;1;2022-09-26;367;616;2149;12943;1901;42658042;41534830;26769962;5608225;28874649
FR;1;2022-09-27;534;746;3427;24981;2755;42658576;41535576;26773389;5633206;28877404
FR;1;2022-09-28;503;705;2432;14940;2198;42659079;41536281;26775821;5648146;28879602
FR;1;2022-09-29;492;678;2949;20205;2466;42659571;41536959;26778770;5668351;28882068
FR;1;2022-09-30;661;952;3731;24331;3115;42660232;41537911;26782501;5692682;28885183
FR;1;2022-10-01;311;524;1675;5463;1439;42660543;41538435;26784176;5698145;28886622
FR;1;2022-10-02;46;111;199;561;198;42660589;41538546;26784375;5698706;28886820
FR;1;2022-10-03;373;531;2023;9956;1775;42660962;41539077;26786398;5708662;28888595
FR;1;2022-10-04;526;651;2672;18858;2239;42661488;41539728;26789070;5727520;28890834
FR;1;2022-10-05;411;649;1962;11029;1738;42661899;41540377;26791032;5738549;28892572
FR;1;2022-10-06;423;587;2387;15659;1966;42662322;41540964;26793419;5754208;28894538
FR;1;2022-10-07;534;716;2556;15971;2177;42662856;41541680;26795975;5770179;28896715
FR;1;2022-10-08;222;296;811;3138;704;42663078;41541976;26796786;5773317;28897419
FR;1;2022-10-09;70;83;142;456;126;42663148;41542059;26796928;5773773;28897545
FR;1;2022-10-10;273;370;932;4888;864;42663421;41542429;26797860;5778661;28898409
FR;1;2022-10-11;310;411;1210;7924;1082;42663731;41542840;26799070;5786585;28899491
FR;1;2022-10-12;310;406;967;5116;969;42664041;41543246;26800037;5791701;28900460
FR;1;2022-10-13;305;361;989;5961;842;42664346;41543607;26801026;5797662;28901302
FR;1;2022-10-14;393;494;1084;6631;953;42664739;41544101;26802110;5804293;28902255
FR;1;2022-10-15;180;228;422;1817;409;42664919;41544329;26802532;5806110;28902664
FR;1;2022-10-16;43;56;101;280;109;42664962;41544385;26802633;5806390;28902773
FR;1;2022-10-17;219;280;545;2559;505;42665181;41544665;26803178;5808949;28903278
FR;1;2022-10-18;244;282;781;4470;664;42665425;41544947;26803959;5813419;28903942
FR;1;2022-10-19;262;335;565;3071;535;42665687;41545282;26804524;5816490;28904477
FR;1;2022-10-20;233;262;665;3880;582;42665920;41545544;26805189;5820370;28905059
FR;2;2020-12-27;0;0;0;0;0;0;0;0;0;0
FR;2;2020-12-28;0;0;0;0;0;0;0;0;0;0
FR;2;2020-12-29;0;0;0;0;0;0;0;0;0;0
FR;2;2020-12-30;0;0;0;0;0;0;0;0;0;0
FR;2;2020-12-31;0;0;0;0;0;0;0;0;0;0
FR;2;2021-01-01;0;0;0;0;0;0;0;0;0;0
FR;2;2021-01-02;0;0;0;0;0;0;0;0;0;0
FR;2;2021-01-03;0;0;0;0;0;0;0;0;0;0
FR;2;2021-01-04;0;0;0;0;0;0;0;0;0;0
FR;2;2021-01-05;0;0;0;0;0;0;0;0;0;0
FR;2;2021-01-06;0;0;0;0;0;0;0;0;0;0
FR;2;2021-01-07;0;0;0;0;0;0;0;0;0;0
FR;2;2021-01-08;0;0;0;0;0;0;0;0;0;0
FR;2;2021-01-09;0;0;0;0;0;0;0;0;0;0
FR;2;2021-01-10;0;0;0;0;0;0;0;0;0;0
FR;2;2021-01-11;0;0;0;0;0;0;0;0;0;0
FR;2;2021-01-12;0;0;0;0;0;0;0;0;0;0
FR;2;2021-01-13;0;0;0;0;0;0;0;0;0;0
FR;2;2021-01-14;1658;0;0;0;0;1658;0;0;0;0
FR;2;2021-01-15;398;0;0;0;0;2056;0;0;0;0
FR;2;2021-01-16;316;0;0;0;0;2372;0;0;0;0
FR;2;2021-01-17;83;0;0;0;0;2455;0;0;0;0
FR;2;2021-01-18;3074;2;0;0;0;5529;2;0;0;0
FR;2;2021-01-19;4681;1;0;0;0;10210;3;0;0;0
FR;2;2021-01-20;5135;6;0;0;0;15345;9;0;0;0
FR;2;2021-01-21;5345;9;0;0;0;20690;18;0;0;0
FR;2;2021-01-22;5118;15;0;0;0;25808;33;0;0;0
FR;2;2021-01-23;1873;2;0;0;0;27681;35;0;0;0
FR;2;2021-01-24;163;2;0;0;0;27844;37;0;0;0
FR;2;2021-01-25;3814;3;0;0;0;31658;40;0;0;0
FR;2;2021-01-26;3924;5;0;0;0;35582;45;0;0;0
FR;2;2021-01-27;3603;4;0;0;0;39185;49;0;0;0
FR;2;2021-01-28;3753;8;0;0;0;42938;57;0;0;0
FR;2;2021-01-29;3295;3;0;0;0;46233;60;0;0;0
FR;2;2021-01-30;1133;3;0;0;0;47366;63;0;0;0
FR;2;2021-01-31;46;2;0;0;0;47412;65;0;0;0
FR;2;2021-02-01;3405;11;0;0;0;50817;76;0;0;0
FR;2;2021-02-02;4493;17;0;0;0;55310;93;0;0;0
FR;2;2021-02-03;5220;7;0;0;0;60530;100;0;0;0
FR;2;2021-02-04;4939;11;0;0;0;65469;111;0;0;0
FR;2;2021-02-05;4815;15;0;0;0;70284;126;0;0;0
FR;2;2021-02-06;2043;15;0;0;0;72327;141;0;0;0
FR;2;2021-02-07;102;4;0;0;0;72429;145;0;0;0
FR;2;2021-02-08;7557;25;0;0;0;79986;170;0;0;0
FR;2;2021-02-09;8426;28;0;0;0;88412;198;0;0;0
FR;2;2021-02-10;9342;60;0;0;0;97754;258;0;0;0
FR;2;2021-02-11;10289;122;0;0;0;108043;380;0;0;0
FR;2;2021-02-12;10056;270;0;0;0;118099;650;0;0;0
FR;2;2021-02-13;3120;225;0;0;0;121219;875;0;0;0
FR;2;2021-02-14;355;10;0;0;0;121574;885;0;0;0
FR;2;2021-02-15;3460;3111;0;0;0;125034;3996;0;0;0
FR;2;2021-02-16;5073;4118;0;0;0;130107;8114;0;0;0
FR;2;2021-02-17;4258;4530;0;0;0;134365;12644;0;0;0
FR;2;2021-02-18;5403;5163;0;0;0;139768;17807;0;0;0
FR;2;2021-02-19;5327;4463;0;0;0;145095;22270;0;0;0
FR;2;2021-02-20;1870;1516;0;0;0;146965;23786;0;0;0
FR;2;2021-02-21;244;95;0;0;0;147209;23881;0;0;0
FR;2;2021-02-22;3613;3767;0;0;0;150822;27648;0;0;0
FR;2;2021-02-23;4954;3725;0;0;0;155776;31373;0;0;0
FR;2;2021-02-24;5015;3531;0;0;0;160791;34904;0;0;0
FR;2;2021-02-25;5494;3474;0;0;0;166285;38378;0;0;0
FR;2;2021-02-26;4363;3166;0;0;0;170648;41544;0;0;0
FR;2;2021-02-27;1626;1063;0;0;0;172274;42607;0;0;0
FR;2;2021-02-28;178;20;0;0;0;172452;42627;0;0;0
FR;2;2021-03-01;5187;3758;0;0;0;177639;46385;0;0;0
FR;2;2021-03-02;6536;4717;0;0;0;184175;51102;0;0;0
FR;2;2021-03-03;6539;4944;0;0;0;190714;56046;0;0;0
FR;2;2021-03-04;8409;4158;0;0;0;199123;60204;0;0;0
FR;2;2021-03-05;8035;4053;0;0;0;207158;64257;0;0;0
FR;2;2021-03-06;4787;1679;0;0;0;211945;65936;0;0;0
FR;2;2021-03-07;2372;29;0;0;0;214317;65965;0;0;0
FR;2;2021-03-08;4166;8380;0;0;0;218483;74345;0;0;0
FR;2;2021-03-09;7491;8569;1;0;0;225974;82914;1;0;0
FR;2;2021-03-10;7103;9203;0;0;0;233077;92117;1;0;0
FR;2;2021-03-11;9376;9323;1;0;0;242453;101440;2;0;0
FR;2;2021-03-12;7979;8328;0;0;0;250432;109768;2;0;0
FR;2;2021-03-13;10054;2581;0;0;0;260486;112349;2;0;0
FR;2;2021-03-14;4841;384;0;0;0;265327;112733;2;0;0
FR;2;2021-03-15;10913;3488;0;0;0;276240;116221;2;0;0
FR;2;2021-03-16;16766;4675;1;0;0;293006;120896;3;0;0
FR;2;2021-03-17;20239;3995;0;0;0;313245;124891;3;0;0
FR;2;2021-03-18;23372;5080;0;0;0;336617;129971;3;0;0
FR;2;2021-03-19;23309;4647;0;0;0;359926;134618;3;0;0
FR;2;2021-03-20;25452;1572;0;0;0;385378;136190;3;0;0
FR;2;2021-03-21;17671;154;0;0;0;403049;136344;3;0;0
FR;2;2021-03-22;17787;3209;0;0;0;420836;139553;3;0;0
FR;2;2021-03-23;22696;4257;0;0;0;443532;143810;3;0;0
FR;2;2021-03-24;23956;5032;0;0;0;467488;148842;3;0;0
FR;2;2021-03-25;26751;5208;1;0;0;494239;154050;4;0;0
FR;2;2021-03-26;26986;4225;0;0;0;521225;158275;4;0;0
FR;2;2021-03-27;15920;1355;0;0;0;537145;159630;4;0;0
FR;2;2021-03-28;10562;137;0;0;0;547707;159767;4;0;0
FR;2;2021-03-29;18995;4312;0;0;0;566702;164079;4;0;0
FR;2;2021-03-30;24588;6085;0;0;0;591290;170164;4;0;0
FR;2;2021-03-31;28561;5922;0;0;0;619851;176086;4;0;0
FR;2;2021-04-01;34552;8553;1;0;0;654403;184639;5;0;0
FR;2;2021-04-02;29984;7704;0;0;0;684387;192343;5;0;0
FR;2;2021-04-03;16955;4117;0;0;0;701342;196460;5;0;0
FR;2;2021-04-04;9306;1193;2;0;0;710648;197653;7;0;0
FR;2;2021-04-05;12445;799;0;0;0;723093;198452;7;0;0
FR;2;2021-04-06;27154;7226;0;0;0;750247;205678;7;0;0
FR;2;2021-04-07;30931;7114;1;0;0;781178;212792;8;0;0
FR;2;2021-04-08;36894;8610;1;0;0;818072;221402;9;0;0
FR;2;2021-04-09;33846;8414;28;0;0;851918;229816;37;0;0
FR;2;2021-04-10;19684;9225;1;0;0;871602;239041;38;0;0
FR;2;2021-04-11;7942;4250;1;0;0;879544;243291;39;0;0
FR;2;2021-04-12;17128;11037;0;0;0;896672;254328;39;0;0
FR;2;2021-04-13;19457;16069;1;0;0;916129;270397;40;0;0
FR;2;2021-04-14;18067;16408;7;0;0;934196;286805;47;0;0
FR;2;2021-04-15;22199;21539;27;0;0;956395;308344;74;0;0
FR;2;2021-04-16;20712;20442;45;0;0;977107;328786;119;0;0
FR;2;2021-04-17;13256;22492;5;0;0;990363;351278;124;0;0
FR;2;2021-04-18;5911;14399;6;0;0;996274;365677;130;0;0
FR;2;2021-04-19;16843;16347;24;0;0;1013117;382024;154;0;0
FR;2;2021-04-20;19325;21685;38;0;0;1032442;403709;192;0;0
FR;2;2021-04-21;20290;21785;76;0;0;1052732;425494;268;0;0
FR;2;2021-04-22;23819;24910;41;0;0;1076551;450404;309;0;0
FR;2;2021-04-23;24528;25409;76;0;0;1101079;475813;385;0;0
FR;2;2021-04-24;25305;15062;104;0;0;1126384;490875;489;0;0
FR;2;2021-04-25;9595;8611;5;0;0;1135979;499486;494;0;0
FR;2;2021-04-26;17164;17480;21;0;0;1153143;516966;515;0;0
FR;2;2021-04-27;19244;24124;40;0;0;1172387;541090;555;0;0
FR;2;2021-04-28;22338;26350;112;0;0;1194725;567440;667;0;0
FR;2;2021-04-29;25472;30319;69;0;0;1220197;597759;736;0;0
FR;2;2021-04-30;25533;27895;49;1;0;1245730;625654;785;1;0
FR;2;2021-05-01;14987;9863;6;0;0;1260717;635517;791;1;0
FR;2;2021-05-02;6639;9170;2;0;0;1267356;644687;793;1;0
FR;2;2021-05-03;20021;19175;40;0;0;1287377;663862;833;1;0
FR;2;2021-05-04;18283;29134;33;0;0;1305660;692996;866;1;0
FR;2;2021-05-05;18374;29445;48;0;0;1324034;722441;914;1;0
FR;2;2021-05-06;23544;35342;132;0;0;1347578;757783;1046;1;0
FR;2;2021-05-07;25335;33222;97;0;0;1372913;791005;1143;1;0
FR;2;2021-05-08;21342;10343;14;0;0;1394255;801348;1157;1;0
FR;2;2021-05-09;13166;7714;7;0;0;1407421;809062;1164;1;0
FR;2;2021-05-10;32941;21884;50;0;0;1440362;830946;1214;1;0
FR;2;2021-05-11;43606;20959;101;0;0;1483968;851905;1315;1;0
FR;2;2021-05-12;50053;19710;143;0;0;1534021;871615;1458;1;0
FR;2;2021-05-13;51295;5673;31;0;0;1585316;877288;1489;1;0
FR;2;2021-05-14;61353;12891;132;0;0;1646669;890179;1621;1;0
FR;2;2021-05-15;65934;7121;39;0;0;1712603;897300;1660;1;0
FR;2;2021-05-16;43587;2574;10;0;0;1756190;899874;1670;1;0
FR;2;2021-05-17;44750;12483;114;0;0;1800940;912357;1784;1;0
FR;2;2021-05-18;54644;12263;191;0;0;1855584;924620;1975;1;0
FR;2;2021-05-19;57176;10535;281;0;0;1912760;935155;2256;1;0
FR;2;2021-05-20;63440;10812;288;0;0;1976200;945967;2544;1;0
FR;2;2021-05-21;64296;11623;230;0;0;2040496;957590;2774;1;0
FR;2;2021-05-22;61485;4519;65;0;0;2101981;962109;2839;1;0
FR;2;2021-05-23;37534;575;22;0;0;2139515;962684;2861;1;0
FR;2;2021-05-24;17243;2037;35;0;0;2156758;964721;2896;1;0
FR;2;2021-05-25;21114;12219;240;0;0;2177872;976940;3136;1;0
FR;2;2021-05-26;19939;11487;230;0;0;2197811;988427;3366;1;0
FR;2;2021-05-27;22997;12647;182;0;0;2220808;1001074;3548;1;0
FR;2;2021-05-28;29392;15000;190;0;0;2250200;1016074;3738;1;0
FR;2;2021-05-29;30420;8187;57;0;0;2280620;1024261;3795;1;0
FR;2;2021-05-30;4647;1818;6;0;0;2285267;1026079;3801;1;0
FR;2;2021-05-31;28589;18738;184;0;0;2313856;1044817;3985;1;0
FR;2;2021-06-01;45731;19926;224;0;0;2359587;1064743;4209;1;0
FR;2;2021-06-02;37474;19274;182;0;0;2397061;1084017;4391;1;0
FR;2;2021-06-03;51278;23173;161;0;0;2448339;1107190;4552;1;0
FR;2;2021-06-04;65511;24069;217;0;0;2513850;1131259;4769;1;0
FR;2;2021-06-05;34601;24074;52;0;0;2548451;1155333;4821;1;0
FR;2;2021-06-06;4956;6193;10;0;0;2553407;1161526;4831;1;0
FR;2;2021-06-07;28174;23017;150;0;0;2581581;1184543;4981;1;0
FR;2;2021-06-08;46376;22914;143;0;0;2627957;1207457;5124;1;0
FR;2;2021-06-09;34291;20945;107;0;0;2662248;1228402;5231;1;0
FR;2;2021-06-10;42640;19133;95;1;0;2704888;1247535;5326;2;0
FR;2;2021-06-11;55300;25159;134;0;0;2760188;1272694;5460;2;0
FR;2;2021-06-12;30561;19784;53;0;0;2790749;1292478;5513;2;0
FR;2;2021-06-13;3331;9195;13;0;0;2794080;1301673;5526;2;0
FR;2;2021-06-14;25300;24129;92;0;0;2819380;1325802;5618;2;0
FR;2;2021-06-15;39046;22835;154;0;0;2858426;1348637;5772;2;0
FR;2;2021-06-16;30163;21396;135;0;0;2888589;1370033;5907;2;0
FR;2;2021-06-17;36912;25811;150;0;0;2925501;1395844;6057;2;0
FR;2;2021-06-18;46859;28853;123;0;0;2972360;1424697;6180;2;0
FR;2;2021-06-19;24525;24903;39;0;0;2996885;1449600;6219;2;0
FR;2;2021-06-20;3742;10064;9;0;0;3000627;1459664;6228;2;0
FR;2;2021-06-21;17529;42840;88;0;0;3018156;1502504;6316;2;0
FR;2;2021-06-22;28361;49577;110;0;0;3046517;1552081;6426;2;0
FR;2;2021-06-23;21790;49588;107;1;1;3068307;1601669;6533;3;1
FR;2;2021-06-24;28376;50287;134;0;0;3096683;1651956;6667;3;1
FR;2;2021-06-25;33400;60427;128;0;0;3130083;1712383;6795;3;1
FR;2;2021-06-26;16387;59308;54;1;0;3146470;1771691;6849;4;1
FR;2;2021-06-27;2566;29314;22;1;0;3149036;1801005;6871;5;1
FR;2;2021-06-28;12640;54331;84;0;0;3161676;1855336;6955;5;1
FR;2;2021-06-29;19853;59950;178;0;0;3181529;1915286;7133;5;1
FR;2;2021-06-30;16330;57988;253;17;0;3197859;1973274;7386;22;1
FR;2;2021-07-01;20491;59881;228;0;0;3218350;2033155;7614;22;1
FR;2;2021-07-02;24080;62143;184;0;0;3242430;2095298;7798;22;1
FR;2;2021-07-03;12117;57115;153;0;0;3254547;2152413;7951;22;1
FR;2;2021-07-04;1959;23305;18;0;0;3256506;2175718;7969;22;1
FR;2;2021-07-05;9177;29337;106;0;0;3265683;2205055;8075;22;1
FR;2;2021-07-06;14582;36241;135;0;0;3280265;2241296;8210;22;1
FR;2;2021-07-07;14414;33657;139;0;0;3294679;2274953;8349;22;1
FR;2;2021-07-08;19722;40314;162;0;0;3314401;2315267;8511;22;1
FR;2;2021-07-09;27101;54314;202;1;0;3341502;2369581;8713;23;1
FR;2;2021-07-10;13386;33693;107;0;0;3354888;2403274;8820;23;1
FR;2;2021-07-11;1809;4353;16;0;0;3356697;2407627;8836;23;1
FR;2;2021-07-12;12970;37295;119;0;0;3369667;2444922;8955;23;1
FR;2;2021-07-13;37113;53178;152;0;0;3406780;2498100;9107;23;1
FR;2;2021-07-14;6626;3547;15;0;0;3413406;2501647;9122;23;1
FR;2;2021-07-15;47241;47027;156;0;0;3460647;2548674;9278;23;1
FR;2;2021-07-16;64316;55791;188;0;0;3524963;2604465;9466;23;1
FR;2;2021-07-17;31599;23926;96;0;0;3556562;2628391;9562;23;1
FR;2;2021-07-18;6088;4838;19;0;0;3562650;2633229;9581;23;1
FR;2;2021-07-19;33004;28629;94;0;0;3595654;2661858;9675;23;1
FR;2;2021-07-20;51998;44531;155;0;0;3647652;2706389;9830;23;1
FR;2;2021-07-21;45254;34699;93;0;0;3692906;2741088;9923;23;1
FR;2;2021-07-22;56280;41082;128;1;0;3749186;2782170;10051;24;1
FR;2;2021-07-23;68296;48994;170;0;0;3817482;2831164;10221;24;1
FR;2;2021-07-24;36176;21600;82;0;0;3853658;2852764;10303;24;1
FR;2;2021-07-25;6749;2624;10;0;0;3860407;2855388;10313;24;1
FR;2;2021-07-26;36315;22387;91;1;0;3896722;2877775;10404;25;1
FR;2;2021-07-27;62386;34588;180;0;0;3959108;2912363;10584;25;1
FR;2;2021-07-28;55320;26428;132;0;0;4014428;2938791;10716;25;1
FR;2;2021-07-29;68475;32805;189;0;0;4082903;2971596;10905;25;1
FR;2;2021-07-30;74463;37803;222;1;0;4157366;3009399;11127;26;1
FR;2;2021-07-31;34770;16206;105;0;0;4192136;3025605;11232;26;1
FR;2;2021-08-01;5413;2256;19;0;0;4197549;3027861;11251;26;1
FR;2;2021-08-02;35883;16189;101;0;0;4233432;3044050;11352;26;1
FR;2;2021-08-03;55985;28279;142;0;0;4289417;3072329;11494;26;1
FR;2;2021-08-04;46635;20842;128;1;0;4336052;3093171;11622;27;1
FR;2;2021-08-05;54637;31571;215;0;0;4390689;3124742;11837;27;1
FR;2;2021-08-06;58094;42398;242;1;0;4448783;3167140;12079;28;1
FR;2;2021-08-07;25149;17624;89;0;0;4473932;3184764;12168;28;1
FR;2;2021-08-08;3838;3652;21;0;0;4477770;3188416;12189;28;1
FR;2;2021-08-09;29307;21076;92;0;0;4507077;3209492;12281;28;1
FR;2;2021-08-10;45007;33487;155;0;0;4552084;3242979;12436;28;1
FR;2;2021-08-11;35274;25159;151;0;0;4587358;3268138;12587;28;1
FR;2;2021-08-12;41903;35702;163;0;0;4629261;3303840;12750;28;1
FR;2;2021-08-13;42602;37259;218;0;0;4671863;3341099;12968;28;1
FR;2;2021-08-14;18519;22172;94;0;0;4690382;3363271;13062;28;1
FR;2;2021-08-15;3854;3803;17;0;0;4694236;3367074;13079;28;1
FR;2;2021-08-16;25092;27145;111;0;0;4719328;3394219;13190;28;1
FR;2;2021-08-17;38260;43422;205;2;0;4757588;3437641;13395;30;1
FR;2;2021-08-18;32252;36367;195;1;1;4789840;3474008;13590;31;2
FR;2;2021-08-19;37434;46577;224;0;0;4827274;3520585;13814;31;2
FR;2;2021-08-20;40567;55640;271;1;0;4867841;3576225;14085;32;2
FR;2;2021-08-21;18120;24310;116;0;0;4885961;3600535;14201;32;2
FR;2;2021-08-22;2907;4326;22;1;1;4888868;3604861;14223;33;3
FR;2;2021-08-23;19248;35155;131;1;0;4908116;3640016;14354;34;3
FR;2;2021-08-24;31947;56048;236;0;0;4940063;3696064;14590;34;3
FR;2;2021-08-25;25934;43456;250;0;0;4965997;3739520;14840;34;3
FR;2;2021-08-26;32361;55818;388;0;0;4998358;3795338;15228;34;3
FR;2;2021-08-27;37003;65667;477;2;0;5035361;3861005;15705;36;3
FR;2;2021-08-28;17819;28526;300;0;0;5053180;3889531;16005;36;3
FR;2;2021-08-29;2656;5015;47;0;0;5055836;3894546;16052;36;3
FR;2;2021-08-30;18416;37740;400;0;760;5074252;3932286;16452;36;763
FR;2;2021-08-31;28076;57500;887;4;1549;5102328;3989786;17339;40;2312
FR;2;2021-09-01;21592;39866;1309;0;2115;5123920;4029652;18648;40;4427
FR;2;2021-09-02;25485;48662;1962;2;3347;5149405;4078314;20610;42;7774
FR;2;2021-09-03;33411;64538;2988;3;4868;5182816;4142852;23598;45;12642
FR;2;2021-09-04;16832;27742;1442;1;2379;5199648;4170594;25040;46;15021
FR;2;2021-09-05;2262;3609;266;0;412;5201910;4174203;25306;46;15433
FR;2;2021-09-06;14043;28710;1770;1;2943;5215953;4202913;27076;47;18376
FR;2;2021-09-07;21107;41097;3021;13;4912;5237060;4244010;30097;60;23288
FR;2;2021-09-08;17247;31923;2734;6;4493;5254307;4275933;32831;66;27781
FR;2;2021-09-09;20978;40473;4435;3;6811;5275285;4316406;37266;69;34592
FR;2;2021-09-10;28201;51262;5285;4;8917;5303486;4367668;42551;73;43509
FR;2;2021-09-11;13654;22424;2404;5;3970;5317140;4390092;44955;78;47479
FR;2;2021-09-12;1824;2775;291;0;510;5318964;4392867;45246;78;47989
FR;2;2021-09-13;11659;21443;2473;4;4034;5330623;4414310;47719;82;52023
FR;2;2021-09-14;18573;32746;5089;13;9053;5349196;4447056;52808;95;61076
FR;2;2021-09-15;14913;28263;5169;3;7766;5364109;4475319;57977;98;68842
FR;2;2021-09-16;16079;32777;6737;12;10527;5380188;4508096;64714;110;79369
FR;2;2021-09-17;20914;47137;8780;10;14608;5401102;4555233;73494;120;93977
FR;2;2021-09-18;9858;20953;3803;6;6030;5410960;4576186;77297;126;100007
FR;2;2021-09-19;1166;2605;396;0;633;5412126;4578791;77693;126;100640
FR;2;2021-09-20;7499;18729;3855;7;6142;5419625;4597520;81548;133;106782
FR;2;2021-09-21;11214;30004;6495;5;10746;5430839;4627524;88043;138;117528
FR;2;2021-09-22;9408;23536;5490;6;8518;5440247;4651060;93533;144;126046
FR;2;2021-09-23;10728;28906;7881;10;12650;5450975;4679966;101414;154;138696
FR;2;2021-09-24;15072;42925;10876;18;17237;5466047;4722891;112290;172;155933
FR;2;2021-09-25;7258;18782;3965;9;6110;5473305;4741673;116255;181;162043
FR;2;2021-09-26;1079;2549;495;0;629;5474384;4744222;116750;181;162672
FR;2;2021-09-27;6313;16417;4285;8;6537;5480697;4760639;121035;189;169209
FR;2;2021-09-28;9240;25549;7769;14;12073;5489937;4786188;128804;203;181282
FR;2;2021-09-29;8081;20207;6067;25;9257;5498018;4806395;134871;228;190539
FR;2;2021-09-30;9864;25828;9506;16;14101;5507882;4832223;144377;244;204640
FR;2;2021-10-01;13975;35720;12918;25;19306;5521857;4867943;157295;269;223946
FR;2;2021-10-02;6874;15915;4849;7;7030;5528731;4883858;162144;276;230976
FR;2;2021-10-03;841;1919;492;1;505;5529572;4885777;162636;277;231481
FR;2;2021-10-04;5824;13902;5515;5;7855;5535396;4899679;168151;282;239336
FR;2;2021-10-05;9058;22549;11121;19;15729;5544454;4922228;179272;301;255065
FR;2;2021-10-06;7783;17745;8242;11;11079;5552237;4939973;187514;312;266144
FR;2;2021-10-07;9202;22204;12383;15;16864;5561439;4962177;199897;327;283008
FR;2;2021-10-08;13429;32101;17349;27;23576;5574868;4994278;217246;354;306584
FR;2;2021-10-09;6000;12843;6042;6;7894;5580868;5007121;223288;360;314478
FR;2;2021-10-10;885;1604;436;2;613;5581753;5008725;223724;362;315091
FR;2;2021-10-11;5607;11560;6455;17;8830;5587360;5020285;230179;379;323921
FR;2;2021-10-12;8031;17785;12548;13;16772;5595391;5038070;242727;392;340693
FR;2;2021-10-13;6943;14853;10255;12;13634;5602334;5052923;252982;404;354327
FR;2;2021-10-14;8314;17933;14996;13;19462;5610648;5070856;267978;417;373789
FR;2;2021-10-15;11852;26302;20903;26;27970;5622500;5097158;288881;443;401759
FR;2;2021-10-16;5139;8742;1819;0;3221;5627639;5105900;290700;443;404980
FR;2;2021-10-17;651;1158;184;0;363;5628290;5107058;290884;443;405343
FR;2;2021-10-18;4563;7361;664;2;1643;5632853;5114419;291548;445;406986
FR;2;2021-10-19;6238;9866;732;5;2042;5639091;5124285;292280;450;409028
FR;2;2021-10-20;5170;8069;758;3;1683;5644261;5132354;293038;453;410711
FR;2;2021-10-21;6090;9973;779;5;2102;5650351;5142327;293817;458;412813
FR;2;2021-10-22;8450;14597;1148;4;2887;5658801;5156924;294965;462;415700
FR;2;2021-10-23;3845;5998;586;0;1234;5662646;5162922;295551;462;416934
FR;2;2021-10-24;494;887;101;0;206;5663140;5163809;295652;462;417140
FR;2;2021-10-25;3357;5348;307;1;825;5666497;5169157;295959;463;417965
FR;2;2021-10-26;4176;7254;1130;4;2022;5670673;5176411;297089;467;419987
FR;2;2021-10-27;3676;6601;1193;5;1993;5674349;5183012;298282;472;421980
FR;2;2021-10-28;4597;7695;1735;3;2748;5678946;5190707;300017;475;424728
FR;2;2021-10-29;5413;11090;2436;4;3677;5684359;5201797;302453;479;428405
FR;2;2021-10-30;2749;4445;976;1;1437;5687108;5206242;303429;480;429842
FR;2;2021-10-31;364;531;139;1;190;5687472;5206773;303568;481;430032
FR;2;2021-11-01;428;548;178;0;264;5687900;5207321;303746;481;430296
FR;2;2021-11-02;3293;6757;1183;0;1762;5691193;5214078;304929;481;432058
FR;2;2021-11-03;3340;6237;1386;2;1966;5694533;5220315;306315;483;434024
FR;2;2021-11-04;3986;7080;1767;4;2496;5698519;5227395;308082;487;436520
FR;2;2021-11-05;5233;10502;2867;5;3955;5703752;5237897;310949;492;440475
FR;2;2021-11-06;2595;4681;1403;0;1817;5706347;5242578;312352;492;442292
FR;2;2021-11-07;505;867;220;0;289;5706852;5243445;312572;492;442581
FR;2;2021-11-08;2578;5356;1203;3;1676;5709430;5248801;313775;495;444257
FR;2;2021-11-09;2750;6917;2402;5;3179;5712180;5255718;316177;500;447436
FR;2;2021-11-10;2589;5683;5111;6;6284;5714769;5261401;321288;506;453720
FR;2;2021-11-11;444;752;746;2;928;5715213;5262153;322034;508;454648
FR;2;2021-11-12;2953;8097;8972;8;10915;5718166;5270250;331006;516;465563
FR;2;2021-11-13;1539;3383;3870;7;4541;5719705;5273633;334876;523;470104
FR;2;2021-11-14;257;590;351;1;482;5719962;5274223;335227;524;470586
FR;2;2021-11-15;1622;3665;4445;8;5327;5721584;5277888;339672;532;475913
FR;2;2021-11-16;2184;5894;8308;14;10075;5723768;5283782;347980;546;485988
FR;2;2021-11-17;1741;4536;6630;8;7852;5725509;5288318;354610;554;493840
FR;2;2021-11-18;2192;5933;9181;10;11014;5727701;5294251;363791;564;504854
FR;2;2021-11-19;2700;7776;12973;19;15474;5730401;5302027;376764;583;520328
FR;2;2021-11-20;1565;3341;5176;5;6085;5731966;5305368;381940;588;526413
FR;2;2021-11-21;247;512;541;0;661;5732213;5305880;382481;588;527074
FR;2;2021-11-22;1278;2594;4479;5;5404;5733491;5308474;386960;593;532478
FR;2;2021-11-23;1617;4295;8199;9;9912;5735108;5312769;395159;602;542390
FR;2;2021-11-24;1418;3760;7475;14;8728;5736526;5316529;402634;616;551118
FR;2;2021-11-25;1813;4879;11468;21;13664;5738339;5321408;414102;637;564782
FR;2;2021-11-26;2540;7752;22669;31;26075;5740879;5329160;436771;668;590857
FR;2;2021-11-27;1497;4161;12271;18;14035;5742376;5333321;449042;686;604892
FR;2;2021-11-28;292;841;1972;3;2296;5742668;5334162;451014;689;607188
FR;2;2021-11-29;1447;4367;15090;23;17258;5744115;5338529;466104;712;624446
FR;2;2021-11-30;1912;6685;26242;36;29994;5746027;5345214;492346;748;654440
FR;2;2021-12-01;1915;6058;26202;31;29522;5747942;5351272;518548;779;683962
FR;2;2021-12-02;1913;6802;37714;52;41961;5749855;5358074;556262;831;725923
FR;2;2021-12-03;2556;10090;53620;111;59365;5752411;5368164;609882;942;785288
FR;2;2021-12-04;1848;6294;37115;38;40806;5754259;5374458;646997;980;826094
FR;2;2021-12-05;458;2252;14259;14;15989;5754717;5376710;661256;994;842083
FR;2;2021-12-06;2486;9881;77713;109;84770;5757203;5386591;738969;1103;926853
FR;2;2021-12-07;3455;15320;122445;238;133761;5760658;5401911;861414;1341;1060614
FR;2;2021-12-08;3726;16012;133199;330;145387;5764384;5417923;994613;1671;1206001
FR;2;2021-12-09;4547;19647;170209;555;185601;5768931;5437570;1164822;2226;1391602
FR;2;2021-12-10;4675;22850;188675;490;206163;5773606;5460420;1353497;2716;1597765
FR;2;2021-12-11;3685;16635;132446;239;144893;5777291;5477055;1485943;2955;1742658
FR;2;2021-12-12;1257;7133;59097;83;65154;5778548;5484188;1545040;3038;1807812
FR;2;2021-12-13;5528;26846;220699;605;242993;5784076;5511034;1765739;3643;2050805
FR;2;2021-12-14;7016;37469;300782;908;332226;5791092;5548503;2066521;4551;2383031
FR;2;2021-12-15;6555;36249;285233;957;315863;5797647;5584752;2351754;5508;2698894
FR;2;2021-12-16;7766;37940;312140;979;343760;5805413;5622692;2663894;6487;3042654
FR;2;2021-12-17;8680;41221;327886;976;360962;5814093;5663913;2991780;7463;3403616
FR;2;2021-12-18;6515;26560;212348;448;233659;5820608;5690473;3204128;7911;3637275
FR;2;2021-12-19;2603;11437;90210;182;100353;5823211;5701910;3294338;8093;3737628
FR;2;2021-12-20;9546;33561;275225;706;303377;5832757;5735471;3569563;8799;4041005
FR;2;2021-12-21;11563;38325;309631;968;341439;5844320;5773796;3879194;9767;4382444
FR;2;2021-12-22;10458;32807;265115;952;292474;5854778;5806603;4144309;10719;4674918
FR;2;2021-12-23;9426;26686;199509;701;221304;5864204;5833289;4343818;11420;4896222
FR;2;2021-12-24;2783;7483;43860;140;49561;5866987;5840772;4387678;11560;4945783
FR;2;2021-12-25;201;682;2002;10;2485;5867188;5841454;4389680;11570;4948268
FR;2;2021-12-26;1319;4211;25156;71;28680;5868507;5845665;4414836;11641;4976948
FR;2;2021-12-27;8077;29920;218414;659;243339;5876584;5875585;4633250;12300;5220287
FR;2;2021-12-28;9837;36328;272095;742;301999;5886421;5911913;4905345;13042;5522286
FR;2;2021-12-29;9497;32260;246134;765;272696;5895918;5944173;5151479;13807;5794982
FR;2;2021-12-30;9461;28103;208831;663;231455;5905379;5972276;5360310;14470;6026437
FR;2;2021-12-31;3010;8348;54991;176;61236;5908389;5980624;5415301;14646;6087673
FR;2;2022-01-01;230;692;2855;7;3353;5908619;5981316;5418156;14653;6091026
FR;2;2022-01-02;1505;4855;29513;75;33403;5910124;5986171;5447669;14728;6124429
FR;2;2022-01-03;9593;35405;266532;806;293905;5919717;6021576;5714201;15534;6418334
FR;2;2022-01-04;12851;45414;342089;1068;377019;5932568;6066990;6056290;16602;6795353
FR;2;2022-01-05;11272;38655;294190;884;323834;5943840;6105645;6350480;17486;7119187
FR;2;2022-01-06;13654;43499;331946;1298;364736;5957494;6149144;6682426;18784;7483923
FR;2;2022-01-07;14225;47641;361095;1270;396447;5971719;6196785;7043521;20054;7880370
FR;2;2022-01-08;7947;28146;201262;515;221702;5979666;6224931;7244783;20569;8102072
FR;2;2022-01-09;2749;8977;62524;137;69510;5982415;6233908;7307307;20706;8171582
FR;2;2022-01-10;10097;31918;232480;858;255054;5992512;6265826;7539787;21564;8426636
FR;2;2022-01-11;11469;36251;265921;1029;290621;6003981;6302077;7805708;22593;8717257
FR;2;2022-01-12;8765;29814;206322;863;226172;6012746;6331891;8012030;23456;8943429
FR;2;2022-01-13;9387;31346;224493;832;244842;6022133;6363237;8236523;24288;9188271
FR;2;2022-01-14;9741;35614;254539;920;277658;6031874;6398851;8491062;25208;9465929
FR;2;2022-01-15;5359;19453;140779;363;153636;6037233;6418304;8631841;25571;9619565
FR;2;2022-01-16;1512;5480;35887;81;39830;6038745;6423784;8667728;25652;9659395
FR;2;2022-01-17;5546;19278;135414;601;147258;6044291;6443062;8803142;26253;9806653
FR;2;2022-01-18;6421;21499;148631;648;160461;6050712;6464561;8951773;26901;9967114
FR;2;2022-01-19;4395;16325;105102;551;113701;6055107;6480886;9056875;27452;10080815
FR;2;2022-01-20;4871;17592;115296;603;123694;6059978;6498478;9172171;28055;10204509
FR;2;2022-01-21;5197;20061;137349;679;147771;6065175;6518539;9309520;28734;10352280
FR;2;2022-01-22;3030;10950;74262;260;80324;6068205;6529489;9383782;28994;10432604
FR;2;2022-01-23;724;2716;15241;41;16831;6068929;6532205;9399023;29035;10449435
FR;2;2022-01-24;3289;12817;75078;430;81031;6072218;6545022;9474101;29465;10530466
FR;2;2022-01-25;3574;14415;79626;496;85451;6075792;6559437;9553727;29961;10615917
FR;2;2022-01-26;2515;10700;58975;363;63025;6078307;6570137;9612702;30324;10678942
FR;2;2022-01-27;2681;11353;64177;388;67935;6080988;6581490;9676879;30712;10746877
FR;2;2022-01-28;3550;18296;91719;429;98915;6084538;6599786;9768598;31141;10845792
FR;2;2022-01-29;1894;9244;48851;164;52931;6086432;6609030;9817449;31305;10898723
FR;2;2022-01-30;464;2226;9454;38;10601;6086896;6611256;9826903;31343;10909324
FR;2;2022-01-31;1888;9565;43830;208;47330;6088784;6620821;9870733;31551;10956654
FR;2;2022-02-01;1916;10040;47030;279;50102;6090700;6630861;9917763;31830;11006756
FR;2;2022-02-02;1614;9003;41118;250;44162;6092314;6639864;9958881;32080;11050918
FR;2;2022-02-03;1725;8947;40523;205;42923;6094039;6648811;9999404;32285;11093841
FR;2;2022-02-04;2151;15194;66646;299;71339;6096190;6664005;10066050;32584;11165180
FR;2;2022-02-05;1360;8525;35945;132;39228;6097550;6672530;10101995;32716;11204408
FR;2;2022-02-06;275;1762;6127;16;6898;6097825;6674292;10108122;32732;11211306
FR;2;2022-02-07;1351;9564;37755;134;41297;6099176;6683856;10145877;32866;11252603
FR;2;2022-02-08;1299;9832;40952;173;43746;6100475;6693688;10186829;33039;11296349
FR;2;2022-02-09;1160;8838;37038;174;40462;6101635;6702526;10223867;33213;11336811
FR;2;2022-02-10;1028;7996;33837;204;36509;6102663;6710522;10257704;33417;11373320
FR;2;2022-02-11;1391;12085;53344;223;57697;6104054;6722607;10311048;33640;11431017
FR;2;2022-02-12;754;6533;27985;85;30804;6104808;6729140;10339033;33725;11461821
FR;2;2022-02-13;200;1340;4836;20;5577;6105008;6730480;10343869;33745;11467398
FR;2;2022-02-14;835;6731;30272;90;33231;6105843;6737211;10374141;33835;11500629
FR;2;2022-02-15;774;6471;28049;141;29992;6106617;6743682;10402190;33976;11530621
FR;2;2022-02-16;657;5361;22064;123;23629;6107274;6749043;10424254;34099;11554250
FR;2;2022-02-17;518;3783;14151;98;14617;6107792;6752826;10438405;34197;11568867
FR;2;2022-02-18;723;5368;20441;134;21128;6108515;6758194;10458846;34331;11589995
FR;2;2022-02-19;430;3056;10531;66;11245;6108945;6761250;10469377;34397;11601240
FR;2;2022-02-20;102;516;1460;3;1608;6109047;6761766;10470837;34400;11602848
FR;2;2022-02-21;422;2685;9122;65;9499;6109469;6764451;10479959;34465;11612347
FR;2;2022-02-22;391;2567;8892;76;8795;6109860;6767018;10488851;34541;11621142
FR;2;2022-02-23;432;2604;8991;82;9267;6110292;6769622;10497842;34623;11630409
FR;2;2022-02-24;314;2036;6800;81;6828;6110606;6771658;10504642;34704;11637237
FR;2;2022-02-25;457;3206;11418;107;11282;6111063;6774864;10516060;34811;11648519
FR;2;2022-02-26;297;1892;6035;49;6342;6111360;6776756;10522095;34860;11654861
FR;2;2022-02-27;76;313;907;5;950;6111436;6777069;10523002;34865;11655811
FR;2;2022-02-28;330;1688;5524;53;5531;6111766;6778757;10528526;34918;11661342
FR;2;2022-03-01;277;1568;5479;46;5196;6112043;6780325;10534005;34964;11666538
FR;2;2022-03-02;298;1445;5246;45;5090;6112341;6781770;10539251;35009;11671628
FR;2;2022-03-03;225;1111;3708;42;3485;6112566;6782881;10542959;35051;11675113
FR;2;2022-03-04;243;1468;4857;74;4505;6112809;6784349;10547816;35125;11679618
FR;2;2022-03-05;174;906;2979;32;2723;6112983;6785255;10550795;35157;11682341
FR;2;2022-03-06;42;183;280;5;320;6113025;6785438;10551075;35162;11682661
FR;2;2022-03-07;156;658;1987;70;1777;6113181;6786096;10553062;35232;11684438
FR;2;2022-03-08;144;668;2273;52;1906;6113325;6786764;10555335;35284;11686344
FR;2;2022-03-09;154;708;2348;37;2050;6113479;6787472;10557683;35321;11688394
FR;2;2022-03-10;123;603;1694;35;1469;6113602;6788075;10559377;35356;11689863
FR;2;2022-03-11;172;756;2768;57;2367;6113774;6788831;10562145;35413;11692230
FR;2;2022-03-12;149;484;1785;27;1554;6113923;6789315;10563930;35440;11693784
FR;2;2022-03-13;25;75;203;30;204;6113948;6789390;10564133;35470;11693988
FR;2;2022-03-14;128;470;1567;529;1297;6114076;6789860;10565700;35999;11695285
FR;2;2022-03-15;138;439;1712;690;1332;6114214;6790299;10567412;36689;11696617
FR;2;2022-03-16;142;476;2013;1615;1593;6114356;6790775;10569425;38304;11698210
FR;2;2022-03-17;93;413;1408;1193;1144;6114449;6791188;10570833;39497;11699354
FR;2;2022-03-18;146;496;2023;1792;1666;6114595;6791684;10572856;41289;11701020
FR;2;2022-03-19;108;321;1210;941;1015;6114703;6792005;10574066;42230;11702035
FR;2;2022-03-20;13;77;191;59;168;6114716;6792082;10574257;42289;11702203
FR;2;2022-03-21;97;307;1214;1483;1077;6114813;6792389;10575471;43772;11703280
FR;2;2022-03-22;118;388;1530;1830;1291;6114931;6792777;10577001;45602;11704571
FR;2;2022-03-23;139;361;1674;3032;1470;6115070;6793138;10578675;48634;11706041
FR;2;2022-03-24;116;293;1183;1547;1001;6115186;6793431;10579858;50181;11707042
FR;2;2022-03-25;119;361;1805;2450;1475;6115305;6793792;10581663;52631;11708517
FR;2;2022-03-26;79;247;1204;1222;952;6115384;6794039;10582867;53853;11709469
FR;2;2022-03-27;19;36;153;100;132;6115403;6794075;10583020;53953;11709601
FR;2;2022-03-28;94;288;1137;1601;995;6115497;6794363;10584157;55554;11710596
FR;2;2022-03-29;108;258;1324;2467;1104;6115605;6794621;10585481;58021;11711700
FR;2;2022-03-30;91;312;1487;3184;1319;6115696;6794933;10586968;61205;11713019
FR;2;2022-03-31;104;284;1275;2331;1090;6115800;6795217;10588243;63536;11714109
FR;2;2022-04-01;123;323;1567;2348;1322;6115923;6795540;10589810;65884;11715431
FR;2;2022-04-02;76;161;845;891;737;6115999;6795701;10590655;66775;11716168
FR;2;2022-04-03;16;53;128;113;142;6116015;6795754;10590783;66888;11716310
FR;2;2022-04-04;113;238;987;1439;796;6116128;6795992;10591770;68327;11717106
FR;2;2022-04-05;143;294;1316;2910;1143;6116271;6796286;10593086;71237;11718249
FR;2;2022-04-06;89;259;1305;2520;1129;6116360;6796545;10594391;73757;11719378
FR;2;2022-04-07;120;224;1300;2682;1040;6116480;6796769;10595691;76439;11720418
FR;2;2022-04-08;125;336;1631;3339;1325;6116605;6797105;10597322;79778;11721743
FR;2;2022-04-09;90;219;899;1046;731;6116695;6797324;10598221;80824;11722474
FR;2;2022-04-10;37;48;143;162;119;6116732;6797372;10598364;80986;11722593
FR;2;2022-04-11;88;195;889;1559;779;6116820;6797567;10599253;82545;11723372
FR;2;2022-04-12;176;270;1182;2769;1061;6116996;6797837;10600435;85314;11724433
FR;2;2022-04-13;146;230;1124;2456;986;6117142;6798067;10601559;87770;11725419
FR;2;2022-04-14;115;222;1085;2676;917;6117257;6798289;10602644;90446;11726336
FR;2;2022-04-15;114;249;1213;2291;1067;6117371;6798538;10603857;92737;11727403
FR;2;2022-04-16;67;108;548;549;459;6117438;6798646;10604405;93286;11727862
FR;2;2022-04-17;15;26;57;53;53;6117453;6798672;10604462;93339;11727915
FR;2;2022-04-18;12;35;120;70;115;6117465;6798707;10604582;93409;11728030
FR;2;2022-04-19;112;237;1117;1714;949;6117577;6798944;10605699;95123;11728979
FR;2;2022-04-20;95;241;1108;2170;932;6117672;6799185;10606807;97293;11729911
FR;2;2022-04-21;111;231;982;1912;837;6117783;6799416;10607789;99205;11730748
FR;2;2022-04-22;99;274;1242;2091;1023;6117882;6799690;10609031;101296;11731771
FR;2;2022-04-23;67;156;644;762;573;6117949;6799846;10609675;102058;11732344
FR;2;2022-04-24;12;29;101;68;79;6117961;6799875;10609776;102126;11732423
FR;2;2022-04-25;103;204;820;1314;710;6118064;6800079;10610596;103440;11733133
FR;2;2022-04-26;108;184;1041;2017;878;6118172;6800263;10611637;105457;11734011
FR;2;2022-04-27;98;178;860;1783;764;6118270;6800441;10612497;107240;11734775
FR;2;2022-04-28;93;214;950;1929;843;6118363;6800655;10613447;109169;11735618
FR;2;2022-04-29;81;280;1130;1695;1040;6118444;6800935;10614577;110864;11736658
FR;2;2022-04-30;65;126;470;538;429;6118509;6801061;10615047;111402;11737087
FR;2;2022-05-01;23;24;84;48;85;6118532;6801085;10615131;111450;11737172
FR;2;2022-05-02;116;232;762;1215;660;6118648;6801317;10615893;112665;11737832
FR;2;2022-05-03;148;233;999;1776;938;6118796;6801550;10616892;114441;11738770
FR;2;2022-05-04;90;226;923;1809;866;6118886;6801776;10617815;116250;11739636
FR;2;2022-05-05;127;197;851;1717;768;6119013;6801973;10618666;117967;11740404
FR;2;2022-05-06;133;246;1099;1848;1014;6119146;6802219;10619765;119815;11741418
FR;2;2022-05-07;40;98;470;504;406;6119186;6802317;10620235;120319;11741824
FR;2;2022-05-08;47;54;107;71;102;6119233;6802371;10620342;120390;11741926
FR;2;2022-05-09;101;174;654;984;604;6119334;6802545;10620996;121374;11742530
FR;2;2022-05-10;120;250;938;1840;893;6119454;6802795;10621934;123214;11743423
FR;2;2022-05-11;100;176;811;1873;791;6119554;6802971;10622745;125087;11744214
FR;2;2022-05-12;111;173;844;2093;802;6119665;6803144;10623589;127180;11745016
FR;2;2022-05-13;100;233;969;2096;899;6119765;6803377;10624558;129276;11745915
FR;2;2022-05-14;76;117;451;554;409;6119841;6803494;10625009;129830;11746324
FR;2;2022-05-15;24;39;94;87;108;6119865;6803533;10625103;129917;11746432
FR;2;2022-05-16;103;170;599;923;536;6119968;6803703;10625702;130840;11746968
FR;2;2022-05-17;95;184;689;1685;657;6120063;6803887;10626391;132525;11747625
FR;2;2022-05-18;80;181;641;1431;646;6120143;6804068;10627032;133956;11748271
FR;2;2022-05-19;70;160;708;1831;750;6120213;6804228;10627740;135787;11749021
FR;2;2022-05-20;107;179;873;1700;777;6120320;6804407;10628613;137487;11749798
FR;2;2022-05-21;48;96;397;517;338;6120368;6804503;10629010;138004;11750136
FR;2;2022-05-22;8;23;69;37;57;6120376;6804526;10629079;138041;11750193
FR;2;2022-05-23;86;133;498;931;469;6120462;6804659;10629577;138972;11750662
FR;2;2022-05-24;87;163;627;1620;615;6120549;6804822;10630204;140592;11751277
FR;2;2022-05-25;72;145;538;1148;492;6120621;6804967;10630742;141740;11751769
FR;2;2022-05-26;11;31;77;42;85;6120632;6804998;10630819;141782;11751854
FR;2;2022-05-27;44;123;456;818;438;6120676;6805121;10631275;142600;11752292
FR;2;2022-05-28;28;60;221;244;221;6120704;6805181;10631496;142844;11752513
FR;2;2022-05-29;13;34;43;25;51;6120717;6805215;10631539;142869;11752564
FR;2;2022-05-30;65;108;424;755;409;6120782;6805323;10631963;143624;11752973
FR;2;2022-05-31;76;135;563;1276;510;6120858;6805458;10632526;144900;11753483
FR;2;2022-06-01;59;157;562;1074;541;6120917;6805615;10633088;145974;11754024
FR;2;2022-06-02;92;175;625;1412;591;6121009;6805790;10633713;147386;11754615
FR;2;2022-06-03;71;155;666;1604;593;6121080;6805945;10634379;148990;11755208
FR;2;2022-06-04;69;93;282;433;269;6121149;6806038;10634661;149423;11755477
FR;2;2022-06-05;12;17;62;57;47;6121161;6806055;10634723;149480;11755524
FR;2;2022-06-06;11;33;92;75;92;6121172;6806088;10634815;149555;11755616
FR;2;2022-06-07;99;220;666;1533;576;6121271;6806308;10635481;151088;11756192
FR;2;2022-06-08;70;118;475;1166;411;6121341;6806426;10635956;152254;11756603
FR;2;2022-06-09;93;166;612;1921;570;6121434;6806592;10636568;154175;11757173
FR;2;2022-06-10;91;167;650;1682;621;6121525;6806759;10637218;155857;11757794
FR;2;2022-06-11;43;84;286;528;258;6121568;6806843;10637504;156385;11758052
FR;2;2022-06-12;18;38;58;78;60;6121586;6806881;10637562;156463;11758112
FR;2;2022-06-13;39;119;393;952;378;6121625;6807000;10637955;157415;11758490
FR;2;2022-06-14;68;157;599;2087;537;6121693;6807157;10638554;159502;11759027
FR;2;2022-06-15;77;104;520;1500;444;6121770;6807261;10639074;161002;11759471
FR;2;2022-06-16;127;127;495;1411;422;6121897;6807388;10639569;162413;11759893
FR;2;2022-06-17;73;136;586;1817;514;6121970;6807524;10640155;164230;11760407
FR;2;2022-06-18;75;92;224;578;196;6122045;6807616;10640379;164808;11760603
FR;2;2022-06-19;11;16;53;71;41;6122056;6807632;10640432;164879;11760644
FR;2;2022-06-20;62;125;401;1027;392;6122118;6807757;10640833;165906;11761036
FR;2;2022-06-21;107;115;524;2123;453;6122225;6807872;10641357;168029;11761489
FR;2;2022-06-22;39;107;462;1889;414;6122264;6807979;10641819;169918;11761903
FR;2;2022-06-23;56;108;537;2281;452;6122320;6808087;10642356;172199;11762355
FR;2;2022-06-24;66;122;708;3198;570;6122386;6808209;10643064;175397;11762925
FR;2;2022-06-25;30;90;295;987;252;6122416;6808299;10643359;176384;11763177
FR;2;2022-06-26;30;27;131;194;97;6122446;6808326;10643490;176578;11763274
FR;2;2022-06-27;79;137;581;2488;482;6122525;6808463;10644071;179066;11763756
FR;2;2022-06-28;110;140;812;4814;650;6122635;6808603;10644883;183880;11764406
FR;2;2022-06-29;71;150;776;4431;637;6122706;6808753;10645659;188311;11765043
FR;2;2022-06-30;72;133;832;5177;618;6122778;6808886;10646491;193488;11765661
FR;2;2022-07-01;112;158;1148;6692;847;6122890;6809044;10647639;200180;11766508
FR;2;2022-07-02;68;132;474;1976;392;6122958;6809176;10648113;202156;11766900
FR;2;2022-07-03;23;30;146;334;130;6122981;6809206;10648259;202490;11767030
FR;2;2022-07-04;120;180;775;3774;611;6123101;6809386;10649034;206264;11767641
FR;2;2022-07-05;118;186;1121;6816;828;6123219;6809572;10650155;213080;11768469
FR;2;2022-07-06;92;148;949;5808;695;6123311;6809720;10651104;218888;11769164
FR;2;2022-07-07;81;185;1021;6498;750;6123392;6809905;10652125;225386;11769914
FR;2;2022-07-08;65;122;1095;7044;758;6123457;6810027;10653220;232430;11770672
FR;2;2022-07-09;34;61;418;1869;299;6123491;6810088;10653638;234299;11770971
FR;2;2022-07-10;6;17;96;315;82;6123497;6810105;10653734;234614;11771053
FR;2;2022-07-11;68;119;682;3815;540;6123565;6810224;10654416;238429;11771593
FR;2;2022-07-12;101;178;1052;6505;808;6123666;6810402;10655468;244934;11772401
FR;2;2022-07-13;63;126;880;4662;592;6123729;6810528;10656348;249596;11772993
FR;2;2022-07-14;6;13;88;248;59;6123735;6810541;10656436;249844;11773052
FR;2;2022-07-15;61;129;739;3791;560;6123796;6810670;10657175;253635;11773612
FR;2;2022-07-16;27;54;289;1029;242;6123823;6810724;10657464;254664;11773854
FR;2;2022-07-17;5;12;77;201;66;6123828;6810736;10657541;254865;11773920
FR;2;2022-07-18;57;103;514;2509;384;6123885;6810839;10658055;257374;11774304
FR;2;2022-07-19;66;132;769;4247;555;6123951;6810971;10658824;261621;11774859
FR;2;2022-07-20;59;118;580;3179;430;6124010;6811089;10659404;264800;11775289
FR;2;2022-07-21;60;109;671;3678;485;6124070;6811198;10660075;268478;11775774
FR;2;2022-07-22;51;98;697;3528;505;6124121;6811296;10660772;272006;11776279
FR;2;2022-07-23;39;96;290;1173;229;6124160;6811392;10661062;273179;11776508
FR;2;2022-07-24;14;23;68;201;67;6124174;6811415;10661130;273380;11776575
FR;2;2022-07-25;50;71;404;1936;299;6124224;6811486;10661534;275316;11776874
FR;2;2022-07-26;57;133;607;3423;478;6124281;6811619;10662141;278739;11777352
FR;2;2022-07-27;42;81;457;2782;361;6124323;6811700;10662598;281521;11777713
FR;2;2022-07-28;29;75;449;2476;356;6124352;6811775;10663047;283997;11778069
FR;2;2022-07-29;68;87;535;2856;347;6124420;6811862;10663582;286853;11778416
FR;2;2022-07-30;22;38;162;774;110;6124442;6811900;10663744;287627;11778526
FR;2;2022-07-31;6;13;27;104;21;6124448;6811913;10663771;287731;11778547
FR;2;2022-08-01;38;103;323;1261;259;6124486;6812016;10664094;288992;11778806
FR;2;2022-08-02;49;73;325;2060;247;6124535;6812089;10664419;291052;11779053
FR;2;2022-08-03;29;52;258;1610;187;6124564;6812141;10664677;292662;11779240
FR;2;2022-08-04;40;63;306;1686;240;6124604;6812204;10664983;294348;11779480
FR;2;2022-08-05;33;94;327;1879;235;6124637;6812298;10665310;296227;11779715
FR;2;2022-08-06;22;40;106;365;82;6124659;6812338;10665416;296592;11779797
FR;2;2022-08-07;7;8;14;69;16;6124666;6812346;10665430;296661;11779813
FR;2;2022-08-08;19;35;216;876;144;6124685;6812381;10665646;297537;11779957
FR;2;2022-08-09;28;51;278;1475;238;6124713;6812432;10665924;299012;11780195
FR;2;2022-08-10;15;21;213;1126;150;6124728;6812453;10666137;300138;11780345
FR;2;2022-08-11;21;41;174;1037;117;6124749;6812494;10666311;301175;11780462
FR;2;2022-08-12;36;49;184;1044;140;6124785;6812543;10666495;302219;11780602
FR;2;2022-08-13;8;19;46;149;52;6124793;6812562;10666541;302368;11780654
FR;2;2022-08-14;1;2;12;52;11;6124794;6812564;10666553;302420;11780665
FR;2;2022-08-15;0;5;32;22;21;6124794;6812569;10666585;302442;11780686
FR;2;2022-08-16;27;32;144;672;120;6124821;6812601;10666729;303114;11780806
FR;2;2022-08-17;16;26;108;738;87;6124837;6812627;10666837;303852;11780893
FR;2;2022-08-18;13;28;159;835;106;6124850;6812655;10666996;304687;11780999
FR;2;2022-08-19;8;38;116;703;86;6124858;6812693;10667112;305390;11781085
FR;2;2022-08-20;6;26;56;196;47;6124864;6812719;10667168;305586;11781132
FR;2;2022-08-21;4;14;15;19;13;6124868;6812733;10667183;305605;11781145
FR;2;2022-08-22;10;24;116;395;73;6124878;6812757;10667299;306000;11781218
FR;2;2022-08-23;11;40;134;671;112;6124889;6812797;10667433;306671;11781330
FR;2;2022-08-24;11;27;86;466;78;6124900;6812824;10667519;307137;11781408
FR;2;2022-08-25;8;31;109;481;69;6124908;6812855;10667628;307618;11781477
FR;2;2022-08-26;15;45;117;720;91;6124923;6812900;10667745;308338;11781568
FR;2;2022-08-27;10;18;47;156;42;6124933;6812918;10667792;308494;11781610
FR;2;2022-08-28;1;5;5;15;7;6124934;6812923;10667797;308509;11781617
FR;2;2022-08-29;24;42;91;400;85;6124958;6812965;10667888;308909;11781702
FR;2;2022-08-30;31;54;154;787;119;6124989;6813019;10668042;309696;11781821
FR;2;2022-08-31;19;34;85;391;79;6125008;6813053;10668127;310087;11781900
FR;2;2022-09-01;19;42;139;600;122;6125027;6813095;10668266;310687;11782022
FR;2;2022-09-02;34;54;145;744;156;6125061;6813149;10668411;311431;11782178
FR;2;2022-09-03;17;20;83;204;67;6125078;6813169;10668494;311635;11782245
FR;2;2022-09-04;8;5;9;31;10;6125086;6813174;10668503;311666;11782255
FR;2;2022-09-05;28;28;123;367;95;6125114;6813202;10668626;312033;11782350
FR;2;2022-09-06;43;61;158;761;153;6125157;6813263;10668784;312794;11782503
FR;2;2022-09-07;21;20;74;375;49;6125178;6813283;10668858;313169;11782552
FR;2;2022-09-08;31;57;109;636;100;6125209;6813340;10668967;313805;11782652
FR;2;2022-09-09;17;24;126;751;74;6125226;6813364;10669093;314556;11782726
FR;2;2022-09-10;14;23;57;117;48;6125240;6813387;10669150;314673;11782774
FR;2;2022-09-11;9;5;10;11;12;6125249;6813392;10669160;314684;11782786
FR;2;2022-09-12;20;30;68;340;55;6125269;6813422;10669228;315024;11782841
FR;2;2022-09-13;15;34;126;670;99;6125284;6813456;10669354;315694;11782940
FR;2;2022-09-14;19;21;81;479;59;6125303;6813477;10669435;316173;11782999
FR;2;2022-09-15;21;42;124;486;101;6125324;6813519;10669559;316659;11783100
FR;2;2022-09-16;18;30;122;563;89;6125342;6813549;10669681;317222;11783189
FR;2;2022-09-17;5;19;56;160;52;6125347;6813568;10669737;317382;11783241
FR;2;2022-09-18;4;7;13;36;10;6125351;6813575;10669750;317418;11783251
FR;2;2022-09-19;26;24;114;353;87;6125377;6813599;10669864;317771;11783338
FR;2;2022-09-20;27;27;117;624;84;6125404;6813626;10669981;318395;11783422
FR;2;2022-09-21;15;30;100;393;78;6125419;6813656;10670081;318788;11783500
FR;2;2022-09-22;16;39;121;581;93;6125435;6813695;10670202;319369;11783593
FR;2;2022-09-23;21;38;133;555;110;6125456;6813733;10670335;319924;11783703
FR;2;2022-09-24;10;8;50;189;35;6125466;6813741;10670385;320113;11783738
FR;2;2022-09-25;9;11;14;29;11;6125475;6813752;10670399;320142;11783749
FR;2;2022-09-26;21;40;103;447;79;6125496;6813792;10670502;320589;11783828
FR;2;2022-09-27;29;46;158;906;107;6125525;6813838;10670660;321495;11783935
FR;2;2022-09-28;14;31;93;421;73;6125539;6813869;10670753;321916;11784008
FR;2;2022-09-29;26;47;113;618;109;6125565;6813916;10670866;322534;11784117
FR;2;2022-09-30;24;44;111;519;84;6125589;6813960;10670977;323053;11784201
FR;2;2022-10-01;10;19;48;128;33;6125599;6813979;10671025;323181;11784234
FR;2;2022-10-02;0;5;8;21;5;6125599;6813984;10671033;323202;11784239
FR;2;2022-10-03;21;25;80;288;63;6125620;6814009;10671113;323490;11784302
FR;2;2022-10-04;16;20;100;599;64;6125636;6814029;10671213;324089;11784366
FR;2;2022-10-05;20;29;74;491;66;6125656;6814058;10671287;324580;11784432
FR;2;2022-10-06;29;23;72;441;70;6125685;6814081;10671359;325021;11784502
FR;2;2022-10-07;21;28;85;498;63;6125706;6814109;10671444;325519;11784565
FR;2;2022-10-08;12;8;18;108;19;6125718;6814117;10671462;325627;11784584
FR;2;2022-10-09;1;8;15;17;11;6125719;6814125;10671477;325644;11784595
FR;2;2022-10-10;18;23;42;222;44;6125737;6814148;10671519;325866;11784639
FR;2;2022-10-11;15;14;44;253;37;6125752;6814162;10671563;326119;11784676
FR;2;2022-10-12;8;20;49;284;36;6125760;6814182;10671612;326403;11784712
FR;2;2022-10-13;11;13;46;253;41;6125771;6814195;10671658;326656;11784753
FR;2;2022-10-14;11;25;32;226;36;6125782;6814220;10671690;326882;11784789
FR;2;2022-10-15;4;9;20;110;14;6125786;6814229;10671710;326992;11784803
FR;2;2022-10-16;0;4;4;10;6;6125786;6814233;10671714;327002;11784809
FR;2;2022-10-17;14;17;27;112;22;6125800;6814250;10671741;327114;11784831
FR;2;2022-10-18;13;10;43;170;24;6125813;6814260;10671784;327284;11784855
FR;2;2022-10-19;8;17;32;181;28;6125821;6814277;10671816;327465;11784883
FR;2;2022-10-20;11;27;29;186;28;6125832;6814304;10671845;327651;11784911
FR;3;2020-12-27;0;0;0;0;0;0;0;0;0;0
FR;3;2020-12-28;0;0;0;0;0;0;0;0;0;0
FR;3;2020-12-29;0;0;0;0;0;0;0;0;0;0
FR;3;2020-12-30;0;0;0;0;0;0;0;0;0;0
FR;3;2020-12-31;0;0;0;0;0;0;0;0;0;0
FR;3;2021-01-01;0;0;0;0;0;0;0;0;0;0
FR;3;2021-01-02;0;0;0;0;0;0;0;0;0;0
FR;3;2021-01-03;0;0;0;0;0;0;0;0;0;0
FR;3;2021-01-04;0;0;0;0;0;0;0;0;0;0
FR;3;2021-01-05;0;0;0;0;0;0;0;0;0;0
FR;3;2021-01-06;0;0;0;0;0;0;0;0;0;0
FR;3;2021-01-07;0;0;0;0;0;0;0;0;0;0
FR;3;2021-01-08;0;0;0;0;0;0;0;0;0;0
FR;3;2021-01-09;0;0;0;0;0;0;0;0;0;0
FR;3;2021-01-10;0;0;0;0;0;0;0;0;0;0
FR;3;2021-01-11;0;0;0;0;0;0;0;0;0;0
FR;3;2021-01-12;0;0;0;0;0;0;0;0;0;0
FR;3;2021-01-13;0;0;0;0;0;0;0;0;0;0
FR;3;2021-01-14;0;0;0;0;0;0;0;0;0;0
FR;3;2021-01-15;0;0;0;0;0;0;0;0;0;0
FR;3;2021-01-16;0;0;0;0;0;0;0;0;0;0
FR;3;2021-01-17;0;0;0;0;0;0;0;0;0;0
FR;3;2021-01-18;0;0;0;0;0;0;0;0;0;0
FR;3;2021-01-19;0;0;0;0;0;0;0;0;0;0
FR;3;2021-01-20;0;0;0;0;0;0;0;0;0;0
FR;3;2021-01-21;0;0;0;0;0;0;0;0;0;0
FR;3;2021-01-22;0;0;0;0;0;0;0;0;0;0
FR;3;2021-01-23;0;0;0;0;0;0;0;0;0;0
FR;3;2021-01-24;0;0;0;0;0;0;0;0;0;0
FR;3;2021-01-25;0;0;0;0;0;0;0;0;0;0
FR;3;2021-01-26;0;0;0;0;0;0;0;0;0;0
FR;3;2021-01-27;0;0;0;0;0;0;0;0;0;0
FR;3;2021-01-28;0;0;0;0;0;0;0;0;0;0
FR;3;2021-01-29;0;0;0;0;0;0;0;0;0;0
FR;3;2021-01-30;0;0;0;0;0;0;0;0;0;0
FR;3;2021-01-31;0;0;0;0;0;0;0;0;0;0
FR;3;2021-02-01;0;0;0;0;0;0;0;0;0;0
FR;3;2021-02-02;0;0;0;0;0;0;0;0;0;0
FR;3;2021-02-03;0;0;0;0;0;0;0;0;0;0
FR;3;2021-02-04;0;0;0;0;0;0;0;0;0;0
FR;3;2021-02-05;0;0;0;0;0;0;0;0;0;0
FR;3;2021-02-06;1548;0;0;0;0;1548;0;0;0;0
FR;3;2021-02-07;1423;1;0;0;0;2971;1;0;0;0
FR;3;2021-02-08;2787;1;0;0;0;5758;2;0;0;0
FR;3;2021-02-09;6785;0;0;0;0;12543;2;0;0;0
FR;3;2021-02-10;9611;0;0;0;0;22154;2;0;0;0
FR;3;2021-02-11;13617;1;0;0;0;35771;3;0;0;0
FR;3;2021-02-12;13408;0;0;0;0;49179;3;0;0;0
FR;3;2021-02-13;3798;1;0;0;0;52977;4;0;0;0
FR;3;2021-02-14;975;1;0;0;0;53952;5;0;0;0
FR;3;2021-02-15;10492;2;0;0;0;64444;7;0;0;0
FR;3;2021-02-16;12551;4;0;0;0;76995;11;0;0;0
FR;3;2021-02-17;11158;1;0;0;0;88153;12;0;0;0
FR;3;2021-02-18;14943;2;0;0;0;103096;14;0;0;0
FR;3;2021-02-19;14362;1;0;0;0;117458;15;0;0;0
FR;3;2021-02-20;3330;0;0;0;0;120788;15;0;0;0
FR;3;2021-02-21;619;0;0;0;0;121407;15;0;0;0
FR;3;2021-02-22;9168;1;0;0;0;130575;16;0;0;0
FR;3;2021-02-23;11400;3;0;0;0;141975;19;0;0;0
FR;3;2021-02-24;14305;1;0;0;0;156280;20;0;0;0
FR;3;2021-02-25;44932;3;0;0;0;201212;23;0;0;0
FR;3;2021-02-26;61889;9;0;0;0;263101;32;0;0;0
FR;3;2021-02-27;34807;11;0;0;0;297908;43;0;0;0
FR;3;2021-02-28;2463;0;0;0;0;300371;43;0;0;0
FR;3;2021-03-01;20519;18;0;0;0;320890;61;0;0;0
FR;3;2021-03-02;38873;22;0;0;0;359763;83;0;0;0
FR;3;2021-03-03;48746;16;0;0;0;408509;99;0;0;0
FR;3;2021-03-04;82222;25;0;0;0;490731;124;0;0;0
FR;3;2021-03-05;118129;42;0;0;0;608860;166;0;0;0
FR;3;2021-03-06;120718;63;1;0;0;729578;229;1;0;0
FR;3;2021-03-07;55182;25;0;0;0;784760;254;1;0;0
FR;3;2021-03-08;42813;24;0;0;0;827573;278;1;0;0
FR;3;2021-03-09;78975;51;0;0;0;906548;329;1;0;0
FR;3;2021-03-10;80981;59;0;0;0;987529;388;1;0;0
FR;3;2021-03-11;128440;59;0;0;0;1115969;447;1;0;0
FR;3;2021-03-12;182720;112;0;0;0;1298689;559;1;0;0
FR;3;2021-03-13;132159;79;0;0;0;1430848;638;1;0;0
FR;3;2021-03-14;14057;5;0;0;0;1444905;643;1;0;0
FR;3;2021-03-15;52234;69;0;0;0;1497139;712;1;0;0
FR;3;2021-03-16;1216;46;0;0;0;1498355;758;1;0;0
FR;3;2021-03-17;947;51;0;0;0;1499302;809;1;0;0
FR;3;2021-03-18;1571;33;0;0;0;1500873;842;1;0;0
FR;3;2021-03-19;70455;53;0;0;0;1571328;895;1;0;0
FR;3;2021-03-20;65238;45;0;0;0;1636566;940;1;0;0
FR;3;2021-03-21;5759;8;0;0;0;1642325;948;1;0;0
FR;3;2021-03-22;37508;44;0;0;0;1679833;992;1;0;0
FR;3;2021-03-23;84662;81;0;0;0;1764495;1073;1;0;0
FR;3;2021-03-24;90950;95;0;0;0;1855445;1168;1;0;0
FR;3;2021-03-25;150064;138;0;0;0;2005509;1306;1;0;0
FR;3;2021-03-26;165427;156;0;0;0;2170936;1462;1;0;0
FR;3;2021-03-27;68462;101;0;0;0;2239398;1563;1;0;0
FR;3;2021-03-28;6479;20;0;0;0;2245877;1583;1;0;0
FR;3;2021-03-29;54168;76;0;0;0;2300045;1659;1;0;0
FR;3;2021-03-30;93180;100;0;0;0;2393225;1759;1;0;0
FR;3;2021-03-31;63541;109;0;0;0;2456766;1868;1;0;0
FR;3;2021-04-01;86133;115;0;0;0;2542899;1983;1;0;0
FR;3;2021-04-02;86911;179;0;0;0;2629810;2162;1;0;0
FR;3;2021-04-03;35875;129;0;0;0;2665685;2291;1;0;0
FR;3;2021-04-04;3576;19;0;0;0;2669261;2310;1;0;0
FR;3;2021-04-05;4491;38;0;0;0;2673752;2348;1;0;0
FR;3;2021-04-06;29758;97;0;0;0;2703510;2445;1;0;0
FR;3;2021-04-07;32344;98;0;0;0;2735854;2543;1;0;0
FR;3;2021-04-08;78822;255;0;0;0;2814676;2798;1;0;0
FR;3;2021-04-09;161754;434;0;0;0;2976430;3232;1;0;0
FR;3;2021-04-10;75762;358;0;0;0;3052192;3590;1;0;0
FR;3;2021-04-11;7312;46;0;0;0;3059504;3636;1;0;0
FR;3;2021-04-12;51482;217;0;0;0;3110986;3853;1;0;0
FR;3;2021-04-13;86232;346;0;0;0;3197218;4199;1;0;0
FR;3;2021-04-14;67845;366;0;0;0;3265063;4565;1;0;0
FR;3;2021-04-15;93233;390;0;0;0;3358296;4955;1;0;0
FR;3;2021-04-16;112524;602;0;0;0;3470820;5557;1;0;0
FR;3;2021-04-17;53318;342;1;0;0;3524138;5899;2;0;0
FR;3;2021-04-18;9749;44;0;0;0;3533887;5943;2;0;0
FR;3;2021-04-19;25112;270;0;0;0;3558999;6213;2;0;0
FR;3;2021-04-20;45673;423;0;0;0;3604672;6636;2;0;0
FR;3;2021-04-21;38985;509;0;0;0;3643657;7145;2;0;0
FR;3;2021-04-22;54715;833;0;0;0;3698372;7978;2;0;0
FR;3;2021-04-23;70490;1059;0;0;0;3768862;9037;2;0;0
FR;3;2021-04-24;37250;1065;0;0;0;3806112;10102;2;0;0
FR;3;2021-04-25;6212;155;0;0;0;3812324;10257;2;0;0
FR;3;2021-04-26;19788;684;0;0;0;3832112;10941;2;0;0
FR;3;2021-04-27;34482;1299;0;0;0;3866594;12240;2;0;0
FR;3;2021-04-28;28967;1998;0;0;0;3895561;14238;2;0;0
FR;3;2021-04-29;45386;6058;0;0;0;3940947;20296;2;0;0
FR;3;2021-04-30;55464;9026;1;0;0;3996411;29322;3;0;0
FR;3;2021-05-01;9516;2033;0;0;0;4005927;31355;3;0;0
FR;3;2021-05-02;3076;477;0;0;0;4009003;31832;3;0;0
FR;3;2021-05-03;13063;3897;0;0;0;4022066;35729;3;0;0
FR;3;2021-05-04;23115;8443;0;0;0;4045181;44172;3;0;0
FR;3;2021-05-05;18760;10748;0;0;0;4063941;54920;3;0;0
FR;3;2021-05-06;34629;21127;0;0;0;4098570;76047;3;0;0
FR;3;2021-05-07;44203;28733;0;0;0;4142773;104780;3;0;0
FR;3;2021-05-08;6785;9203;0;0;0;4149558;113983;3;0;0
FR;3;2021-05-09;1795;2653;0;0;0;4151353;116636;3;0;0
FR;3;2021-05-10;14998;12825;0;0;0;4166351;129461;3;0;0
FR;3;2021-05-11;27098;26110;0;0;0;4193449;155571;3;0;0
FR;3;2021-05-12;17268;27930;0;0;0;4210717;183501;3;0;0
FR;3;2021-05-13;2285;3496;0;0;0;4213002;186997;3;0;0
FR;3;2021-05-14;14520;25993;0;0;0;4227522;212990;3;0;0
FR;3;2021-05-15;7235;20979;0;0;0;4234757;233969;3;0;0
FR;3;2021-05-16;977;2649;0;0;0;4235734;236618;3;0;0
FR;3;2021-05-17;7965;20093;0;0;0;4243699;256711;3;0;0
FR;3;2021-05-18;13414;30023;0;0;0;4257113;286734;3;0;0
FR;3;2021-05-19;9274;30880;0;0;0;4266387;317614;3;0;0
FR;3;2021-05-20;12806;53637;3;0;0;4279193;371251;6;0;0
FR;3;2021-05-21;12766;65992;2;0;0;4291959;437243;8;0;0
FR;3;2021-05-22;4963;33646;1;0;0;4296922;470889;9;0;0
FR;3;2021-05-23;651;2655;0;0;0;4297573;473544;9;0;0
FR;3;2021-05-24;883;4841;0;0;0;4298456;478385;9;0;0
FR;3;2021-05-25;5311;46251;1;0;0;4303767;524636;10;0;0
FR;3;2021-05-26;4978;51841;1;0;0;4308745;576477;11;0;0
FR;3;2021-05-27;6334;78720;3;0;0;4315079;655197;14;0;0
FR;3;2021-05-28;7542;99949;2;0;0;4322621;755146;16;0;0
FR;3;2021-05-29;3349;60880;1;0;0;4325970;816026;17;0;0
FR;3;2021-05-30;549;8142;0;0;0;4326519;824168;17;0;0
FR;3;2021-05-31;2441;35612;3;0;0;4328960;859780;20;0;0
FR;3;2021-06-01;3411;64834;10;0;0;4332371;924614;30;0;0
FR;3;2021-06-02;2733;58714;6;0;0;4335104;983328;36;0;0
FR;3;2021-06-03;3495;87248;10;0;0;4338599;1070576;46;0;0
FR;3;2021-06-04;4117;105655;22;0;0;4342716;1176231;68;0;0
FR;3;2021-06-05;1983;52490;4;0;0;4344699;1228721;72;0;0
FR;3;2021-06-06;509;5311;1;0;0;4345208;1234032;73;0;0
FR;3;2021-06-07;1483;30796;11;0;0;4346691;1264828;84;0;0
FR;3;2021-06-08;2061;47379;18;0;0;4348752;1312207;102;0;0
FR;3;2021-06-09;1793;41940;13;0;0;4350545;1354147;115;0;0
FR;3;2021-06-10;2254;67760;17;0;0;4352799;1421907;132;0;0
FR;3;2021-06-11;2484;96642;34;0;0;4355283;1518549;166;0;0
FR;3;2021-06-12;1176;40655;6;0;0;4356459;1559204;172;0;0
FR;3;2021-06-13;283;3660;3;0;0;4356742;1562864;175;0;0
FR;3;2021-06-14;1047;42405;17;0;0;4357789;1605269;192;0;0
FR;3;2021-06-15;1374;80451;20;0;0;4359163;1685720;212;0;0
FR;3;2021-06-16;1261;65542;20;0;0;4360424;1751262;232;0;0
FR;3;2021-06-17;1666;102124;41;0;0;4362090;1853386;273;0;0
FR;3;2021-06-18;1870;118289;62;0;0;4363960;1971675;335;0;0
FR;3;2021-06-19;802;39447;22;0;0;4364762;2011122;357;0;0
FR;3;2021-06-20;161;3241;0;0;0;4364923;2014363;357;0;0
FR;3;2021-06-21;772;39103;16;0;0;4365695;2053466;373;0;0
FR;3;2021-06-22;1065;70038;52;0;0;4366760;2123504;425;0;0
FR;3;2021-06-23;943;50826;39;0;0;4367703;2174330;464;0;0
FR;3;2021-06-24;1310;77220;48;0;0;4369013;2251550;512;0;0
FR;3;2021-06-25;1410;90560;73;0;0;4370423;2342110;585;0;0
FR;3;2021-06-26;631;33110;29;0;0;4371054;2375220;614;0;0
FR;3;2021-06-27;166;3851;1;0;0;4371220;2379071;615;0;0
FR;3;2021-06-28;653;30121;27;0;0;4371873;2409192;642;0;0
FR;3;2021-06-29;857;56467;95;0;0;4372730;2465659;737;0;0
FR;3;2021-06-30;905;45159;93;0;0;4373635;2510818;830;0;0
FR;3;2021-07-01;1164;65951;108;0;0;4374799;2576769;938;0;0
FR;3;2021-07-02;1305;90489;170;0;0;4376104;2667258;1108;0;0
FR;3;2021-07-03;602;31187;51;0;0;4376706;2698445;1159;0;0
FR;3;2021-07-04;144;4056;3;0;0;4376850;2702501;1162;0;0
FR;3;2021-07-05;612;33694;60;0;0;4377462;2736195;1222;0;0
FR;3;2021-07-06;963;55977;88;0;0;4378425;2792172;1310;0;0
FR;3;2021-07-07;872;42979;80;0;0;4379297;2835151;1390;0;0
FR;3;2021-07-08;1127;60763;99;0;0;4380424;2895914;1489;0;0
FR;3;2021-07-09;1260;68886;128;0;0;4381684;2964800;1617;0;0
FR;3;2021-07-10;643;25041;59;0;0;4382327;2989841;1676;0;0
FR;3;2021-07-11;132;3202;4;0;0;4382459;2993043;1680;0;0
FR;3;2021-07-12;662;23716;59;0;0;4383121;3016759;1739;0;0
FR;3;2021-07-13;1647;34547;90;0;0;4384768;3051306;1829;0;0
FR;3;2021-07-14;269;2509;2;0;0;4385037;3053815;1831;0;0
FR;3;2021-07-15;1941;30502;85;0;0;4386978;3084317;1916;0;0
FR;3;2021-07-16;2520;38721;122;0;0;4389498;3123038;2038;0;0
FR;3;2021-07-17;1051;13728;26;0;0;4390549;3136766;2064;0;0
FR;3;2021-07-18;266;2565;3;0;0;4390815;3139331;2067;0;0
FR;3;2021-07-19;1278;16983;37;0;0;4392093;3156314;2104;0;0
FR;3;2021-07-20;1823;26992;98;0;0;4393916;3183306;2202;0;0
FR;3;2021-07-21;1651;19573;44;0;0;4395567;3202879;2246;0;0
FR;3;2021-07-22;1856;27671;83;0;0;4397423;3230550;2329;0;0
FR;3;2021-07-23;2216;30297;117;0;0;4399639;3260847;2446;0;0
FR;3;2021-07-24;826;6958;25;0;0;4400465;3267805;2471;0;0
FR;3;2021-07-25;210;1302;1;0;0;4400675;3269107;2472;0;0
FR;3;2021-07-26;930;10566;28;0;0;4401605;3279673;2500;0;0
FR;3;2021-07-27;1169;16859;56;0;0;4402774;3296532;2556;0;0
FR;3;2021-07-28;989;12034;40;0;0;4403763;3308566;2596;0;0
FR;3;2021-07-29;1127;15731;63;0;0;4404890;3324297;2659;0;0
FR;3;2021-07-30;1128;18009;79;0;0;4406018;3342306;2738;0;0
FR;3;2021-07-31;406;3728;15;0;0;4406424;3346034;2753;0;0
FR;3;2021-08-01;116;457;1;0;0;4406540;3346491;2754;0;0
FR;3;2021-08-02;421;5055;22;0;0;4406961;3351546;2776;0;0
FR;3;2021-08-03;496;7501;27;0;0;4407457;3359047;2803;0;0
FR;3;2021-08-04;438;4848;26;0;0;4407895;3363895;2829;0;0
FR;3;2021-08-05;431;3672;13;0;0;4408326;3367567;2842;0;0
FR;3;2021-08-06;456;4727;30;0;0;4408782;3372294;2872;0;0
FR;3;2021-08-07;214;1899;11;0;0;4408996;3374193;2883;0;0
FR;3;2021-08-08;250;424;2;0;0;4409246;3374617;2885;0;0
FR;3;2021-08-09;318;2412;11;0;0;4409564;3377029;2896;0;0
FR;3;2021-08-10;368;3787;15;0;0;4409932;3380816;2911;0;0
FR;3;2021-08-11;291;2679;15;0;0;4410223;3383495;2926;0;0
FR;3;2021-08-12;277;2598;12;0;0;4410500;3386093;2938;0;0
FR;3;2021-08-13;278;2264;16;0;0;4410778;3388357;2954;0;0
FR;3;2021-08-14;172;892;1;0;0;4410950;3389249;2955;0;0
FR;3;2021-08-15;56;176;0;0;0;4411006;3389425;2955;0;0
FR;3;2021-08-16;124;1038;8;0;0;4411130;3390463;2963;0;0
FR;3;2021-08-17;189;1450;8;0;0;4411319;3391913;2971;0;0
FR;3;2021-08-18;204;1317;10;0;0;4411523;3393230;2981;0;0
FR;3;2021-08-19;165;1386;10;0;0;4411688;3394616;2991;0;0
FR;3;2021-08-20;167;1605;16;0;0;4411855;3396221;3007;0;0
FR;3;2021-08-21;93;586;2;0;0;4411948;3396807;3009;0;0
FR;3;2021-08-22;42;190;1;0;0;4411990;3396997;3010;0;0
FR;3;2021-08-23;141;903;7;0;0;4412131;3397900;3017;0;0
FR;3;2021-08-24;125;930;10;0;0;4412256;3398830;3027;0;0
FR;3;2021-08-25;137;826;3;0;0;4412393;3399656;3030;0;0
FR;3;2021-08-26;172;837;9;0;0;4412565;3400493;3039;0;0
FR;3;2021-08-27;178;943;9;0;0;4412743;3401436;3048;0;0
FR;3;2021-08-28;101;372;4;0;0;4412844;3401808;3052;0;0
FR;3;2021-08-29;128;132;1;0;0;4412972;3401940;3053;0;0
FR;3;2021-08-30;100;574;0;0;117;4413072;3402514;3053;0;117
FR;3;2021-08-31;133;694;7;0;140;4413205;3403208;3060;0;257
FR;3;2021-09-01;121;462;5;0;112;4413326;3403670;3065;0;369
FR;3;2021-09-02;100;612;22;0;108;4413426;3404282;3087;0;477
FR;3;2021-09-03;116;568;17;0;120;4413542;3404850;3104;0;597
FR;3;2021-09-04;55;298;3;0;53;4413597;3405148;3107;0;650
FR;3;2021-09-05;51;67;5;0;26;4413648;3405215;3112;0;676
FR;3;2021-09-06;118;379;4;0;138;4413766;3405594;3116;0;814
FR;3;2021-09-07;124;442;14;0;119;4413890;3406036;3130;0;933
FR;3;2021-09-08;121;349;2;0;93;4414011;3406385;3132;0;1026
FR;3;2021-09-09;94;382;8;0;104;4414105;3406767;3140;0;1130
FR;3;2021-09-10;101;406;3;0;97;4414206;3407173;3143;0;1227
FR;3;2021-09-11;76;233;4;0;65;4414282;3407406;3147;0;1292
FR;3;2021-09-12;37;47;1;0;16;4414319;3407453;3148;0;1308
FR;3;2021-09-13;73;307;7;0;102;4414392;3407760;3155;0;1410
FR;3;2021-09-14;75;278;6;0;97;4414467;3408038;3161;0;1507
FR;3;2021-09-15;62;258;3;0;6;4414529;3408296;3164;0;1513
FR;3;2021-09-16;65;322;6;0;6;4414594;3408618;3170;0;1519
FR;3;2021-09-17;52;330;3;0;7;4414646;3408948;3173;0;1526
FR;3;2021-09-18;37;174;1;0;1;4414683;3409122;3174;0;1527
FR;3;2021-09-19;28;31;2;0;1;4414711;3409153;3176;0;1528
FR;3;2021-09-20;81;195;0;0;1;4414792;3409348;3176;0;1529
FR;3;2021-09-21;60;278;6;0;7;4414852;3409626;3182;0;1536
FR;3;2021-09-22;65;234;6;0;7;4414917;3409860;3188;0;1543
FR;3;2021-09-23;37;261;11;0;7;4414954;3410121;3199;0;1550
FR;3;2021-09-24;28;320;12;0;18;4414982;3410441;3211;0;1568
FR;3;2021-09-25;31;143;3;0;3;4415013;3410584;3214;0;1571
FR;3;2021-09-26;16;59;1;0;1;4415029;3410643;3215;0;1572
FR;3;2021-09-27;48;289;3;0;5;4415077;3410932;3218;0;1577
FR;3;2021-09-28;49;246;6;0;8;4415126;3411178;3224;0;1585
FR;3;2021-09-29;38;222;10;0;15;4415164;3411400;3234;0;1600
FR;3;2021-09-30;40;201;8;0;10;4415204;3411601;3242;0;1610
FR;3;2021-10-01;23;162;6;0;7;4415227;3411763;3248;0;1617
FR;3;2021-10-02;17;84;0;0;0;4415244;3411847;3248;0;1617
FR;3;2021-10-03;19;18;1;0;2;4415263;3411865;3249;0;1619
FR;3;2021-10-04;33;159;4;0;4;4415296;3412024;3253;0;1623
FR;3;2021-10-05;17;148;10;0;12;4415313;3412172;3263;0;1635
FR;3;2021-10-06;32;148;8;0;9;4415345;3412320;3271;0;1644
FR;3;2021-10-07;19;136;6;0;6;4415364;3412456;3277;0;1650
FR;3;2021-10-08;25;138;10;0;9;4415389;3412594;3287;0;1659
FR;3;2021-10-09;16;72;1;0;1;4415405;3412666;3288;0;1660
FR;3;2021-10-10;13;17;2;0;3;4415418;3412683;3290;0;1663
FR;3;2021-10-11;16;117;4;0;5;4415434;3412800;3294;0;1668
FR;3;2021-10-12;20;103;5;0;5;4415454;3412903;3299;0;1673
FR;3;2021-10-13;25;117;9;0;7;4415479;3413020;3308;0;1680
FR;3;2021-10-14;18;151;3;0;4;4415497;3413171;3311;0;1684
FR;3;2021-10-15;23;144;8;0;12;4415520;3413315;3319;0;1696
FR;3;2021-10-16;13;74;6;0;8;4415533;3413389;3325;0;1704
FR;3;2021-10-17;12;25;0;0;0;4415545;3413414;3325;0;1704
FR;3;2021-10-18;18;116;2;0;2;4415563;3413530;3327;0;1706
FR;3;2021-10-19;16;116;19;0;21;4415579;3413646;3346;0;1727
FR;3;2021-10-20;26;126;6;0;7;4415605;3413772;3352;0;1734
FR;3;2021-10-21;28;129;17;0;13;4415633;3413901;3369;0;1747
FR;3;2021-10-22;24;109;16;0;19;4415657;3414010;3385;0;1766
FR;3;2021-10-23;17;55;2;0;1;4415674;3414065;3387;0;1767
FR;3;2021-10-24;7;36;0;0;0;4415681;3414101;3387;0;1767
FR;3;2021-10-25;24;146;7;0;7;4415705;3414247;3394;0;1774
FR;3;2021-10-26;25;99;22;0;19;4415730;3414346;3416;0;1793
FR;3;2021-10-27;18;99;9;0;9;4415748;3414445;3425;0;1802
FR;3;2021-10-28;22;116;33;0;36;4415770;3414561;3458;0;1838
FR;3;2021-10-29;12;104;64;0;54;4415782;3414665;3522;0;1892
FR;3;2021-10-30;11;63;11;1;10;4415793;3414728;3533;1;1902
FR;3;2021-10-31;8;25;1;0;1;4415801;3414753;3534;1;1903
FR;3;2021-11-01;11;22;2;0;1;4415812;3414775;3536;1;1904
FR;3;2021-11-02;10;102;10;0;12;4415822;3414877;3546;1;1916
FR;3;2021-11-03;20;110;10;0;10;4415842;3414987;3556;1;1926
FR;3;2021-11-04;20;91;5;0;4;4415862;3415078;3561;1;1930
FR;3;2021-11-05;19;124;9;1;6;4415881;3415202;3570;2;1936
FR;3;2021-11-06;10;59;3;0;3;4415891;3415261;3573;2;1939
FR;3;2021-11-07;6;22;1;0;1;4415897;3415283;3574;2;1940
FR;3;2021-11-08;11;136;7;0;5;4415908;3415419;3581;2;1945
FR;3;2021-11-09;13;133;5;0;6;4415921;3415552;3586;2;1951
FR;3;2021-11-10;14;158;14;0;15;4415935;3415710;3600;2;1966
FR;3;2021-11-11;11;50;3;0;3;4415946;3415760;3603;2;1969
FR;3;2021-11-12;15;132;6;0;4;4415961;3415892;3609;2;1973
FR;3;2021-11-13;7;67;9;0;10;4415968;3415959;3618;2;1983
FR;3;2021-11-14;3;24;1;0;1;4415971;3415983;3619;2;1984
FR;3;2021-11-15;5;172;10;0;11;4415976;3416155;3629;2;1995
FR;3;2021-11-16;7;136;11;0;10;4415983;3416291;3640;2;2005
FR;3;2021-11-17;7;147;11;0;8;4415990;3416438;3651;2;2013
FR;3;2021-11-18;15;146;10;0;11;4416005;3416584;3661;2;2024
FR;3;2021-11-19;11;194;22;0;27;4416016;3416778;3683;2;2051
FR;3;2021-11-20;6;105;6;0;6;4416022;3416883;3689;2;2057
FR;3;2021-11-21;3;26;4;0;4;4416025;3416909;3693;2;2061
FR;3;2021-11-22;11;198;11;0;11;4416036;3417107;3704;2;2072
FR;3;2021-11-23;9;198;15;0;14;4416045;3417305;3719;2;2086
FR;3;2021-11-24;9;200;9;0;17;4416054;3417505;3728;2;2103
FR;3;2021-11-25;12;227;11;0;11;4416066;3417732;3739;2;2114
FR;3;2021-11-26;9;299;35;0;33;4416075;3418031;3774;2;2147
FR;3;2021-11-27;8;140;20;0;21;4416083;3418171;3794;2;2168
FR;3;2021-11-28;3;60;7;0;7;4416086;3418231;3801;2;2175
FR;3;2021-11-29;5;251;21;0;22;4416091;3418482;3822;2;2197
FR;3;2021-11-30;7;333;29;0;32;4416098;3418815;3851;2;2229
FR;3;2021-12-01;30;364;37;0;39;4416128;3419179;3888;2;2268
FR;3;2021-12-02;9;382;33;0;36;4416137;3419561;3921;2;2304
FR;3;2021-12-03;4;428;37;0;38;4416141;3419989;3958;2;2342
FR;3;2021-12-04;3;233;26;0;28;4416144;3420222;3984;2;2370
FR;3;2021-12-05;1;66;5;0;5;4416145;3420288;3989;2;2375
FR;3;2021-12-06;6;403;14;0;15;4416151;3420691;4003;2;2390
FR;3;2021-12-07;4;471;20;0;24;4416155;3421162;4023;2;2414
FR;3;2021-12-08;7;430;29;0;30;4416162;3421592;4052;2;2444
FR;3;2021-12-09;3;487;17;0;22;4416165;3422079;4069;2;2466
FR;3;2021-12-10;10;504;29;0;25;4416175;3422583;4098;2;2491
FR;3;2021-12-11;4;330;10;0;9;4416179;3422913;4108;2;2500
FR;3;2021-12-12;1;106;3;0;3;4416180;3423019;4111;2;2503
FR;3;2021-12-13;2;481;19;0;21;4416182;3423500;4130;2;2524
FR;3;2021-12-14;8;620;18;0;21;4416190;3424120;4148;2;2545
FR;3;2021-12-15;9;595;17;0;21;4416199;3424715;4165;2;2566
FR;3;2021-12-16;10;604;19;0;18;4416209;3425319;4184;2;2584
FR;3;2021-12-17;5;682;18;0;19;4416214;3426001;4202;2;2603
FR;3;2021-12-18;4;372;4;0;5;4416218;3426373;4206;2;2608
FR;3;2021-12-19;3;193;2;0;2;4416221;3426566;4208;2;2610
FR;3;2021-12-20;8;625;23;0;28;4416229;3427191;4231;2;2638
FR;3;2021-12-21;3;712;10;0;13;4416232;3427903;4241;2;2651
FR;3;2021-12-22;10;667;9;0;10;4416242;3428570;4250;2;2661
FR;3;2021-12-23;3;582;8;0;8;4416245;3429152;4258;2;2669
FR;3;2021-12-24;2;245;3;0;6;4416247;3429397;4261;2;2675
FR;3;2021-12-25;0;25;0;0;0;4416247;3429422;4261;2;2675
FR;3;2021-12-26;0;92;1;0;1;4416247;3429514;4262;2;2676
FR;3;2021-12-27;7;491;17;0;20;4416254;3430005;4279;2;2696
FR;3;2021-12-28;3;628;6;0;5;4416257;3430633;4285;2;2701
FR;3;2021-12-29;4;525;14;0;16;4416261;3431158;4299;2;2717
FR;3;2021-12-30;3;545;7;0;10;4416264;3431703;4306;2;2727
FR;3;2021-12-31;0;192;5;0;7;4416264;3431895;4311;2;2734
FR;3;2022-01-01;0;26;0;0;2;4416264;3431921;4311;2;2736
FR;3;2022-01-02;0;80;0;0;0;4416264;3432001;4311;2;2736
FR;3;2022-01-03;4;524;17;0;21;4416268;3432525;4328;2;2757
FR;3;2022-01-04;6;569;9;0;8;4416274;3433094;4337;2;2765
FR;3;2022-01-05;5;514;10;0;14;4416279;3433608;4347;2;2779
FR;3;2022-01-06;6;493;9;0;10;4416285;3434101;4356;2;2789
FR;3;2022-01-07;2;521;11;0;13;4416287;3434622;4367;2;2802
FR;3;2022-01-08;4;263;4;0;5;4416291;3434885;4371;2;2807
FR;3;2022-01-09;0;117;0;0;0;4416291;3435002;4371;2;2807
FR;3;2022-01-10;2;451;12;0;12;4416293;3435453;4383;2;2819
FR;3;2022-01-11;3;480;1;0;1;4416296;3435933;4384;2;2820
FR;3;2022-01-12;2;412;9;0;10;4416298;3436345;4393;2;2830
FR;3;2022-01-13;3;403;11;0;12;4416301;3436748;4404;2;2842
FR;3;2022-01-14;3;444;10;0;13;4416304;3437192;4414;2;2855
FR;3;2022-01-15;0;287;2;0;3;4416304;3437479;4416;2;2858
FR;3;2022-01-16;1;110;1;0;1;4416305;3437589;4417;2;2859
FR;3;2022-01-17;2;334;8;0;9;4416307;3437923;4425;2;2868
FR;3;2022-01-18;2;377;1;0;2;4416309;3438300;4426;2;2870
FR;3;2022-01-19;2;335;5;0;10;4416311;3438635;4431;2;2880
FR;3;2022-01-20;1;360;5;0;3;4416312;3438995;4436;2;2883
FR;3;2022-01-21;4;353;5;0;7;4416316;3439348;4441;2;2890
FR;3;2022-01-22;2;229;1;0;2;4416318;3439577;4442;2;2892
FR;3;2022-01-23;0;79;0;0;1;4416318;3439656;4442;2;2893
FR;3;2022-01-24;2;327;1;0;6;4416320;3439983;4443;2;2899
FR;3;2022-01-25;0;179;0;0;0;4416320;3440162;4443;2;2899
FR;3;2022-01-26;0;79;0;0;0;4416320;3440241;4443;2;2899
FR;3;2022-01-27;0;54;0;0;0;4416320;3440295;4443;2;2899
FR;3;2022-01-28;0;123;0;0;0;4416320;3440418;4443;2;2899
FR;3;2022-01-29;0;101;0;0;0;4416320;3440519;4443;2;2899
FR;3;2022-01-30;0;51;0;0;0;4416320;3440570;4443;2;2899
FR;3;2022-01-31;0;93;0;0;0;4416320;3440663;4443;2;2899
FR;3;2022-02-01;0;100;0;0;1;4416320;3440763;4443;2;2900
FR;3;2022-02-02;0;86;0;0;0;4416320;3440849;4443;2;2900
FR;3;2022-02-03;0;96;0;0;0;4416320;3440945;4443;2;2900
FR;3;2022-02-04;0;117;0;0;0;4416320;3441062;4443;2;2900
FR;3;2022-02-05;0;71;0;0;0;4416320;3441133;4443;2;2900
FR;3;2022-02-06;0;11;0;0;0;4416320;3441144;4443;2;2900
FR;3;2022-02-07;0;80;0;0;0;4416320;3441224;4443;2;2900
FR;3;2022-02-08;0;0;0;0;0;4416320;3441224;4443;2;2900
FR;3;2022-02-09;0;0;0;0;0;4416320;3441224;4443;2;2900
FR;3;2022-02-10;0;0;0;0;0;4416320;3441224;4443;2;2900
FR;3;2022-02-11;0;0;0;0;0;4416320;3441224;4443;2;2900
FR;3;2022-02-12;0;0;0;0;0;4416320;3441224;4443;2;2900
FR;3;2022-02-13;0;0;0;0;0;4416320;3441224;4443;2;2900
FR;3;2022-02-14;0;0;0;0;0;4416320;3441224;4443;2;2900
FR;3;2022-02-15;0;0;0;0;0;4416320;3441224;4443;2;2900
FR;3;2022-02-16;0;0;0;0;0;4416320;3441224;4443;2;2900
FR;3;2022-02-17;0;0;0;0;0;4416320;3441224;4443;2;2900
FR;3;2022-02-18;0;0;0;0;0;4416320;3441224;4443;2;2900
FR;3;2022-02-19;0;0;0;0;0;4416320;3441224;4443;2;2900
FR;3;2022-02-20;0;0;0;0;0;4416320;3441224;4443;2;2900
FR;3;2022-02-21;2;0;0;0;0;4416322;3441224;4443;2;2900
FR;3;2022-02-22;0;0;0;0;0;4416322;3441224;4443;2;2900
FR;3;2022-02-23;0;0;0;0;0;4416322;3441224;4443;2;2900
FR;3;2022-02-24;0;0;0;0;0;4416322;3441224;4443;2;2900
FR;3;2022-02-25;0;0;0;0;0;4416322;3441224;4443;2;2900
FR;3;2022-02-26;0;0;0;0;0;4416322;3441224;4443;2;2900
FR;3;2022-02-27;0;0;0;0;0;4416322;3441224;4443;2;2900
FR;3;2022-02-28;1;0;0;0;0;4416323;3441224;4443;2;2900
FR;3;2022-03-01;1;0;0;0;0;4416324;3441224;4443;2;2900
FR;3;2022-03-02;0;0;0;0;0;4416324;3441224;4443;2;2900
FR;3;2022-03-03;0;0;0;0;0;4416324;3441224;4443;2;2900
FR;3;2022-03-04;0;0;0;0;0;4416324;3441224;4443;2;2900
FR;3;2022-03-05;0;0;0;0;0;4416324;3441224;4443;2;2900
FR;3;2022-03-06;1;0;0;0;0;4416325;3441224;4443;2;2900
FR;3;2022-03-07;0;0;0;0;0;4416325;3441224;4443;2;2900
FR;3;2022-03-08;1;0;0;0;0;4416326;3441224;4443;2;2900
FR;3;2022-03-09;0;0;0;0;0;4416326;3441224;4443;2;2900
FR;3;2022-03-10;0;0;0;0;0;4416326;3441224;4443;2;2900
FR;3;2022-03-11;0;0;0;0;0;4416326;3441224;4443;2;2900
FR;3;2022-03-12;0;0;0;0;0;4416326;3441224;4443;2;2900
FR;3;2022-03-13;0;0;0;0;0;4416326;3441224;4443;2;2900
FR;3;2022-03-14;0;0;0;0;0;4416326;3441224;4443;2;2900
FR;3;2022-03-15;0;0;0;0;0;4416326;3441224;4443;2;2900
FR;3;2022-03-16;0;0;0;0;0;4416326;3441224;4443;2;2900
FR;3;2022-03-17;0;0;0;0;0;4416326;3441224;4443;2;2900
FR;3;2022-03-18;0;0;0;0;0;4416326;3441224;4443;2;2900
FR;3;2022-03-19;0;0;0;0;0;4416326;3441224;4443;2;2900
FR;3;2022-03-20;1;0;0;0;0;4416327;3441224;4443;2;2900
FR;3;2022-03-21;0;0;0;0;0;4416327;3441224;4443;2;2900
FR;3;2022-03-22;0;0;0;0;0;4416327;3441224;4443;2;2900
FR;3;2022-03-23;1;0;0;0;0;4416328;3441224;4443;2;2900
FR;3;2022-03-24;0;0;0;0;0;4416328;3441224;4443;2;2900
FR;3;2022-03-25;1;0;0;0;0;4416329;3441224;4443;2;2900
FR;3;2022-03-26;0;0;0;0;0;4416329;3441224;4443;2;2900
FR;3;2022-03-27;0;0;0;0;0;4416329;3441224;4443;2;2900
FR;3;2022-03-28;0;0;0;0;0;4416329;3441224;4443;2;2900
FR;3;2022-03-29;0;0;0;0;0;4416329;3441224;4443;2;2900
FR;3;2022-03-30;0;0;0;0;0;4416329;3441224;4443;2;2900
FR;3;2022-03-31;0;0;0;0;0;4416329;3441224;4443;2;2900
FR;3;2022-04-01;0;0;0;0;0;4416329;3441224;4443;2;2900
FR;3;2022-04-02;0;0;0;0;0;4416329;3441224;4443;2;2900
FR;3;2022-04-03;0;0;0;0;0;4416329;3441224;4443;2;2900
FR;3;2022-04-04;0;0;0;0;0;4416329;3441224;4443;2;2900
FR;3;2022-04-05;0;0;0;0;0;4416329;3441224;4443;2;2900
FR;3;2022-04-06;0;0;0;0;0;4416329;3441224;4443;2;2900
FR;3;2022-04-07;0;0;0;0;0;4416329;3441224;4443;2;2900
FR;3;2022-04-08;0;0;0;0;0;4416329;3441224;4443;2;2900
FR;3;2022-04-09;0;0;0;0;0;4416329;3441224;4443;2;2900
FR;3;2022-04-10;0;0;0;0;0;4416329;3441224;4443;2;2900
FR;3;2022-04-11;0;0;0;0;0;4416329;3441224;4443;2;2900
FR;3;2022-04-12;0;0;0;0;0;4416329;3441224;4443;2;2900
FR;3;2022-04-13;0;0;0;0;0;4416329;3441224;4443;2;2900
FR;3;2022-04-14;0;0;0;0;0;4416329;3441224;4443;2;2900
FR;3;2022-04-15;1;0;0;0;0;4416330;3441224;4443;2;2900
FR;3;2022-04-16;0;0;0;0;0;4416330;3441224;4443;2;2900
FR;3;2022-04-17;0;0;0;0;0;4416330;3441224;4443;2;2900
FR;3;2022-04-18;0;0;0;0;0;4416330;3441224;4443;2;2900
FR;3;2022-04-19;0;0;0;0;0;4416330;3441224;4443;2;2900
FR;3;2022-04-20;0;0;0;0;0;4416330;3441224;4443;2;2900
FR;3;2022-04-21;0;0;0;0;0;4416330;3441224;4443;2;2900
FR;3;2022-04-22;0;0;0;0;0;4416330;3441224;4443;2;2900
FR;3;2022-04-23;0;0;0;0;0;4416330;3441224;4443;2;2900
FR;3;2022-04-24;0;0;0;0;0;4416330;3441224;4443;2;2900
FR;3;2022-04-25;0;0;0;0;0;4416330;3441224;4443;2;2900
FR;3;2022-04-26;0;0;0;0;0;4416330;3441224;4443;2;2900
FR;3;2022-04-27;0;0;0;0;0;4416330;3441224;4443;2;2900
FR;3;2022-04-28;0;0;0;0;0;4416330;3441224;4443;2;2900
FR;3;2022-04-29;0;0;0;0;0;4416330;3441224;4443;2;2900
FR;3;2022-04-30;0;0;0;0;0;4416330;3441224;4443;2;2900
FR;3;2022-05-01;0;0;0;0;0;4416330;3441224;4443;2;2900
FR;3;2022-05-02;0;0;0;0;0;4416330;3441224;4443;2;2900
FR;3;2022-05-03;0;0;0;0;0;4416330;3441224;4443;2;2900
FR;3;2022-05-04;0;0;0;0;0;4416330;3441224;4443;2;2900
FR;3;2022-05-05;0;0;0;0;0;4416330;3441224;4443;2;2900
FR;3;2022-05-06;0;0;0;0;0;4416330;3441224;4443;2;2900
FR;3;2022-05-07;0;0;0;0;0;4416330;3441224;4443;2;2900
FR;3;2022-05-08;0;0;0;0;0;4416330;3441224;4443;2;2900
FR;3;2022-05-09;0;0;0;0;0;4416330;3441224;4443;2;2900
FR;3;2022-05-10;0;0;0;0;0;4416330;3441224;4443;2;2900
FR;3;2022-05-11;0;0;0;0;0;4416330;3441224;4443;2;2900
FR;3;2022-05-12;0;0;0;0;0;4416330;3441224;4443;2;2900
FR;3;2022-05-13;0;0;0;0;0;4416330;3441224;4443;2;2900
FR;3;2022-05-14;1;0;0;0;0;4416331;3441224;4443;2;2900
FR;3;2022-05-15;0;0;0;0;0;4416331;3441224;4443;2;2900
FR;3;2022-05-16;0;0;0;0;0;4416331;3441224;4443;2;2900
FR;3;2022-05-17;0;0;0;0;0;4416331;3441224;4443;2;2900
FR;3;2022-05-18;0;0;0;0;0;4416331;3441224;4443;2;2900
FR;3;2022-05-19;0;0;0;0;0;4416331;3441224;4443;2;2900
FR;3;2022-05-20;0;0;0;0;0;4416331;3441224;4443;2;2900
FR;3;2022-05-21;0;0;0;0;0;4416331;3441224;4443;2;2900
FR;3;2022-05-22;0;0;0;0;0;4416331;3441224;4443;2;2900
FR;3;2022-05-23;0;0;0;0;0;4416331;3441224;4443;2;2900
FR;3;2022-05-24;0;0;0;0;0;4416331;3441224;4443;2;2900
FR;3;2022-05-25;0;0;0;0;0;4416331;3441224;4443;2;2900
FR;3;2022-05-26;0;0;0;0;0;4416331;3441224;4443;2;2900
FR;3;2022-05-27;0;0;0;0;0;4416331;3441224;4443;2;2900
FR;3;2022-05-28;0;0;0;0;0;4416331;3441224;4443;2;2900
FR;3;2022-05-29;0;0;0;0;0;4416331;3441224;4443;2;2900
FR;3;2022-05-30;0;0;0;0;0;4416331;3441224;4443;2;2900
FR;3;2022-05-31;0;0;0;0;0;4416331;3441224;4443;2;2900
FR;3;2022-06-01;0;0;0;0;0;4416331;3441224;4443;2;2900
FR;3;2022-06-02;0;0;0;0;0;4416331;3441224;4443;2;2900
FR;3;2022-06-03;0;0;0;0;0;4416331;3441224;4443;2;2900
FR;3;2022-06-04;0;0;0;0;0;4416331;3441224;4443;2;2900
FR;3;2022-06-05;0;0;0;0;0;4416331;3441224;4443;2;2900
FR;3;2022-06-06;0;0;0;0;0;4416331;3441224;4443;2;2900
FR;3;2022-06-07;0;0;0;0;0;4416331;3441224;4443;2;2900
FR;3;2022-06-08;0;0;0;0;0;4416331;3441224;4443;2;2900
FR;3;2022-06-09;0;0;0;0;0;4416331;3441224;4443;2;2900
FR;3;2022-06-10;0;0;0;0;0;4416331;3441224;4443;2;2900
FR;3;2022-06-11;0;0;0;0;0;4416331;3441224;4443;2;2900
FR;3;2022-06-12;0;0;0;0;0;4416331;3441224;4443;2;2900
FR;3;2022-06-13;1;0;0;0;0;4416332;3441224;4443;2;2900
FR;3;2022-06-14;0;0;0;0;0;4416332;3441224;4443;2;2900
FR;3;2022-06-15;0;0;0;0;0;4416332;3441224;4443;2;2900
FR;3;2022-06-16;0;0;0;0;0;4416332;3441224;4443;2;2900
FR;3;2022-06-17;0;0;0;0;0;4416332;3441224;4443;2;2900
FR;3;2022-06-18;0;0;0;0;0;4416332;3441224;4443;2;2900
FR;3;2022-06-19;0;0;0;0;0;4416332;3441224;4443;2;2900
FR;3;2022-06-20;0;0;0;0;0;4416332;3441224;4443;2;2900
FR;3;2022-06-21;0;0;0;0;0;4416332;3441224;4443;2;2900
FR;3;2022-06-22;0;0;0;0;0;4416332;3441224;4443;2;2900
FR;3;2022-06-23;0;0;0;0;0;4416332;3441224;4443;2;2900
FR;3;2022-06-24;0;0;0;0;0;4416332;3441224;4443;2;2900
FR;3;2022-06-25;0;0;0;0;0;4416332;3441224;4443;2;2900
FR;3;2022-06-26;0;0;0;0;0;4416332;3441224;4443;2;2900
FR;3;2022-06-27;0;0;0;0;0;4416332;3441224;4443;2;2900
FR;3;2022-06-28;0;0;0;0;0;4416332;3441224;4443;2;2900
FR;3;2022-06-29;1;0;0;0;0;4416333;3441224;4443;2;2900
FR;3;2022-06-30;0;0;0;0;0;4416333;3441224;4443;2;2900
FR;3;2022-07-01;0;0;0;0;0;4416333;3441224;4443;2;2900
FR;3;2022-07-02;0;0;0;0;0;4416333;3441224;4443;2;2900
FR;3;2022-07-03;0;0;0;0;0;4416333;3441224;4443;2;2900
FR;3;2022-07-04;0;0;0;0;0;4416333;3441224;4443;2;2900
FR;3;2022-07-05;0;0;0;0;0;4416333;3441224;4443;2;2900
FR;3;2022-07-06;0;0;0;0;0;4416333;3441224;4443;2;2900
FR;3;2022-07-07;0;0;0;0;0;4416333;3441224;4443;2;2900
FR;3;2022-07-08;0;0;0;0;0;4416333;3441224;4443;2;2900
FR;3;2022-07-09;0;0;0;0;0;4416333;3441224;4443;2;2900
FR;3;2022-07-10;0;0;0;0;0;4416333;3441224;4443;2;2900
FR;3;2022-07-11;0;0;0;0;0;4416333;3441224;4443;2;2900
FR;3;2022-07-12;0;0;0;0;0;4416333;3441224;4443;2;2900
FR;3;2022-07-13;0;0;0;0;0;4416333;3441224;4443;2;2900
FR;3;2022-07-14;0;0;0;0;0;4416333;3441224;4443;2;2900
FR;3;2022-07-15;0;0;0;0;0;4416333;3441224;4443;2;2900
FR;3;2022-07-16;0;0;0;0;0;4416333;3441224;4443;2;2900
FR;3;2022-07-17;0;0;0;0;0;4416333;3441224;4443;2;2900
FR;3;2022-07-18;0;0;0;0;0;4416333;3441224;4443;2;2900
FR;3;2022-07-19;0;0;0;0;0;4416333;3441224;4443;2;2900
FR;3;2022-07-20;0;0;0;0;0;4416333;3441224;4443;2;2900
FR;3;2022-07-21;0;0;0;0;0;4416333;3441224;4443;2;2900
FR;3;2022-07-22;0;0;0;0;0;4416333;3441224;4443;2;2900
FR;3;2022-07-23;0;0;0;0;0;4416333;3441224;4443;2;2900
FR;3;2022-07-24;0;0;0;0;0;4416333;3441224;4443;2;2900
FR;3;2022-07-25;0;0;0;0;0;4416333;3441224;4443;2;2900
FR;3;2022-07-26;0;0;0;0;0;4416333;3441224;4443;2;2900
FR;3;2022-07-27;0;0;0;0;0;4416333;3441224;4443;2;2900
FR;3;2022-07-28;0;0;0;0;0;4416333;3441224;4443;2;2900
FR;3;2022-07-29;0;0;0;0;0;4416333;3441224;4443;2;2900
FR;3;2022-07-30;0;0;0;0;0;4416333;3441224;4443;2;2900
FR;3;2022-07-31;0;0;0;0;0;4416333;3441224;4443;2;2900
FR;3;2022-08-01;0;0;0;0;0;4416333;3441224;4443;2;2900
FR;3;2022-08-02;0;0;0;0;0;4416333;3441224;4443;2;2900
FR;3;2022-08-03;0;0;0;0;0;4416333;3441224;4443;2;2900
FR;3;2022-08-04;0;0;0;0;0;4416333;3441224;4443;2;2900
FR;3;2022-08-05;0;0;0;0;0;4416333;3441224;4443;2;2900
FR;3;2022-08-06;0;0;0;0;0;4416333;3441224;4443;2;2900
FR;3;2022-08-07;0;0;0;0;0;4416333;3441224;4443;2;2900
FR;3;2022-08-08;0;0;0;0;0;4416333;3441224;4443;2;2900
FR;3;2022-08-09;0;0;0;0;0;4416333;3441224;4443;2;2900
FR;3;2022-08-10;0;0;0;0;0;4416333;3441224;4443;2;2900
FR;3;2022-08-11;0;0;0;0;0;4416333;3441224;4443;2;2900
FR;3;2022-08-12;0;0;0;0;0;4416333;3441224;4443;2;2900
FR;3;2022-08-13;0;0;0;0;0;4416333;3441224;4443;2;2900
FR;3;2022-08-14;0;0;0;0;0;4416333;3441224;4443;2;2900
FR;3;2022-08-15;0;0;0;0;0;4416333;3441224;4443;2;2900
FR;3;2022-08-16;0;0;0;0;0;4416333;3441224;4443;2;2900
FR;3;2022-08-17;0;0;0;0;0;4416333;3441224;4443;2;2900
FR;3;2022-08-18;0;0;0;0;0;4416333;3441224;4443;2;2900
FR;3;2022-08-19;0;0;0;0;0;4416333;3441224;4443;2;2900
FR;3;2022-08-20;0;0;0;0;0;4416333;3441224;4443;2;2900
FR;3;2022-08-21;0;0;0;0;0;4416333;3441224;4443;2;2900
FR;3;2022-08-22;0;0;0;0;0;4416333;3441224;4443;2;2900
FR;3;2022-08-23;0;0;0;0;0;4416333;3441224;4443;2;2900
FR;3;2022-08-24;0;0;0;0;0;4416333;3441224;4443;2;2900
FR;3;2022-08-25;0;0;0;0;0;4416333;3441224;4443;2;2900
FR;3;2022-08-26;0;0;0;0;0;4416333;3441224;4443;2;2900
FR;3;2022-08-27;0;0;0;0;0;4416333;3441224;4443;2;2900
FR;3;2022-08-28;0;0;0;0;0;4416333;3441224;4443;2;2900
FR;3;2022-08-29;0;0;0;0;0;4416333;3441224;4443;2;2900
FR;3;2022-08-30;0;0;0;0;0;4416333;3441224;4443;2;2900
FR;3;2022-08-31;0;0;0;0;0;4416333;3441224;4443;2;2900
FR;3;2022-09-01;0;0;0;0;0;4416333;3441224;4443;2;2900
FR;3;2022-09-02;0;0;0;0;0;4416333;3441224;4443;2;2900
FR;3;2022-09-03;0;0;0;0;0;4416333;3441224;4443;2;2900
FR;3;2022-09-04;0;0;0;0;0;4416333;3441224;4443;2;2900
FR;3;2022-09-05;0;0;0;0;0;4416333;3441224;4443;2;2900
FR;3;2022-09-06;0;0;0;0;0;4416333;3441224;4443;2;2900
FR;3;2022-09-07;0;0;0;0;0;4416333;3441224;4443;2;2900
FR;3;2022-09-08;0;0;0;0;0;4416333;3441224;4443;2;2900
FR;3;2022-09-09;0;0;0;0;0;4416333;3441224;4443;2;2900
FR;3;2022-09-10;0;0;0;0;0;4416333;3441224;4443;2;2900
FR;3;2022-09-11;0;0;0;0;0;4416333;3441224;4443;2;2900
FR;3;2022-09-12;0;0;0;0;0;4416333;3441224;4443;2;2900
FR;3;2022-09-13;0;0;0;0;0;4416333;3441224;4443;2;2900
FR;3;2022-09-14;0;0;0;0;0;4416333;3441224;4443;2;2900
FR;3;2022-09-15;0;0;0;0;0;4416333;3441224;4443;2;2900
FR;3;2022-09-16;0;0;0;0;0;4416333;3441224;4443;2;2900
FR;3;2022-09-17;0;0;0;0;0;4416333;3441224;4443;2;2900
FR;3;2022-09-18;0;0;0;0;0;4416333;3441224;4443;2;2900
FR;3;2022-09-19;0;0;0;0;0;4416333;3441224;4443;2;2900
FR;3;2022-09-20;0;0;0;0;0;4416333;3441224;4443;2;2900
FR;3;2022-09-21;0;0;0;0;0;4416333;3441224;4443;2;2900
FR;3;2022-09-22;0;0;0;0;0;4416333;3441224;4443;2;2900
FR;3;2022-09-23;0;0;0;0;0;4416333;3441224;4443;2;2900
FR;3;2022-09-24;0;0;0;0;0;4416333;3441224;4443;2;2900
FR;3;2022-09-25;0;0;0;0;0;4416333;3441224;4443;2;2900
FR;3;2022-09-26;0;0;0;0;0;4416333;3441224;4443;2;2900
FR;3;2022-09-27;0;0;0;0;0;4416333;3441224;4443;2;2900
FR;3;2022-09-28;0;0;0;0;0;4416333;3441224;4443;2;2900
FR;3;2022-09-29;0;0;0;0;0;4416333;3441224;4443;2;2900
FR;3;2022-09-30;0;0;0;0;0;4416333;3441224;4443;2;2900
FR;3;2022-10-01;0;0;0;0;0;4416333;3441224;4443;2;2900
FR;3;2022-10-02;0;0;0;0;0;4416333;3441224;4443;2;2900
FR;3;2022-10-03;0;0;0;0;0;4416333;3441224;4443;2;2900
FR;3;2022-10-04;0;0;0;0;0;4416333;3441224;4443;2;2900
FR;3;2022-10-05;0;0;0;0;0;4416333;3441224;4443;2;2900
FR;3;2022-10-06;0;0;0;0;0;4416333;3441224;4443;2;2900
FR;3;2022-10-07;0;0;0;0;0;4416333;3441224;4443;2;2900
FR;3;2022-10-08;0;0;0;0;0;4416333;3441224;4443;2;2900
FR;3;2022-10-09;0;0;0;0;0;4416333;3441224;4443;2;2900
FR;3;2022-10-10;0;0;0;0;0;4416333;3441224;4443;2;2900
FR;3;2022-10-11;0;0;0;0;0;4416333;3441224;4443;2;2900
FR;3;2022-10-12;0;0;0;0;0;4416333;3441224;4443;2;2900
FR;3;2022-10-13;0;0;0;0;0;4416333;3441224;4443;2;2900
FR;3;2022-10-14;0;0;0;0;0;4416333;3441224;4443;2;2900
FR;3;2022-10-15;0;0;0;0;0;4416333;3441224;4443;2;2900
FR;3;2022-10-16;0;0;0;0;0;4416333;3441224;4443;2;2900
FR;3;2022-10-17;0;0;0;0;0;4416333;3441224;4443;2;2900
FR;3;2022-10-18;0;0;0;0;0;4416333;3441224;4443;2;2900
FR;3;2022-10-19;0;0;0;0;0;4416333;3441224;4443;2;2900
FR;3;2022-10-20;0;0;0;0;0;4416333;3441224;4443;2;2900
FR;4;2020-12-27;0;0;0;0;0;0;0;0;0;0
FR;4;2020-12-28;0;0;0;0;0;0;0;0;0;0
FR;4;2020-12-29;0;0;0;0;0;0;0;0;0;0
FR;4;2020-12-30;0;0;0;0;0;0;0;0;0;0
FR;4;2020-12-31;0;0;0;0;0;0;0;0;0;0
FR;4;2021-01-01;0;0;0;0;0;0;0;0;0;0
FR;4;2021-01-02;0;0;0;0;0;0;0;0;0;0
FR;4;2021-01-03;0;0;0;0;0;0;0;0;0;0
FR;4;2021-01-04;0;0;0;0;0;0;0;0;0;0
FR;4;2021-01-05;0;0;0;0;0;0;0;0;0;0
FR;4;2021-01-06;0;0;0;0;0;0;0;0;0;0
FR;4;2021-01-07;0;0;0;0;0;0;0;0;0;0
FR;4;2021-01-08;0;0;0;0;0;0;0;0;0;0
FR;4;2021-01-09;0;0;0;0;0;0;0;0;0;0
FR;4;2021-01-10;0;0;0;0;0;0;0;0;0;0
FR;4;2021-01-11;0;0;0;0;0;0;0;0;0;0
FR;4;2021-01-12;0;0;0;0;0;0;0;0;0;0
FR;4;2021-01-13;0;0;0;0;0;0;0;0;0;0
FR;4;2021-01-14;0;0;0;0;0;0;0;0;0;0
FR;4;2021-01-15;0;0;0;0;0;0;0;0;0;0
FR;4;2021-01-16;0;0;0;0;0;0;0;0;0;0
FR;4;2021-01-17;0;0;0;0;0;0;0;0;0;0
FR;4;2021-01-18;0;0;0;0;0;0;0;0;0;0
FR;4;2021-01-19;0;0;0;0;0;0;0;0;0;0
FR;4;2021-01-20;0;0;0;0;0;0;0;0;0;0
FR;4;2021-01-21;0;0;0;0;0;0;0;0;0;0
FR;4;2021-01-22;0;0;0;0;0;0;0;0;0;0
FR;4;2021-01-23;0;0;0;0;0;0;0;0;0;0
FR;4;2021-01-24;0;0;0;0;0;0;0;0;0;0
FR;4;2021-01-25;0;0;0;0;0;0;0;0;0;0
FR;4;2021-01-26;0;0;0;0;0;0;0;0;0;0
FR;4;2021-01-27;0;0;0;0;0;0;0;0;0;0
FR;4;2021-01-28;0;0;0;0;0;0;0;0;0;0
FR;4;2021-01-29;0;0;0;0;0;0;0;0;0;0
FR;4;2021-01-30;0;0;0;0;0;0;0;0;0;0
FR;4;2021-01-31;0;0;0;0;0;0;0;0;0;0
FR;4;2021-02-01;0;0;0;0;0;0;0;0;0;0
FR;4;2021-02-02;0;0;0;0;0;0;0;0;0;0
FR;4;2021-02-03;0;0;0;0;0;0;0;0;0;0
FR;4;2021-02-04;0;0;0;0;0;0;0;0;0;0
FR;4;2021-02-05;0;0;0;0;0;0;0;0;0;0
FR;4;2021-02-06;0;0;0;0;0;0;0;0;0;0
FR;4;2021-02-07;0;0;0;0;0;0;0;0;0;0
FR;4;2021-02-08;0;0;0;0;0;0;0;0;0;0
FR;4;2021-02-09;0;0;0;0;0;0;0;0;0;0
FR;4;2021-02-10;0;0;0;0;0;0;0;0;0;0
FR;4;2021-02-11;0;0;0;0;0;0;0;0;0;0
FR;4;2021-02-12;0;0;0;0;0;0;0;0;0;0
FR;4;2021-02-13;0;0;0;0;0;0;0;0;0;0
FR;4;2021-02-14;0;0;0;0;0;0;0;0;0;0
FR;4;2021-02-15;0;0;0;0;0;0;0;0;0;0
FR;4;2021-02-16;0;0;0;0;0;0;0;0;0;0
FR;4;2021-02-17;0;0;0;0;0;0;0;0;0;0
FR;4;2021-02-18;0;0;0;0;0;0;0;0;0;0
FR;4;2021-02-19;0;0;0;0;0;0;0;0;0;0
FR;4;2021-02-20;0;0;0;0;0;0;0;0;0;0
FR;4;2021-02-21;0;0;0;0;0;0;0;0;0;0
FR;4;2021-02-22;0;0;0;0;0;0;0;0;0;0
FR;4;2021-02-23;0;0;0;0;0;0;0;0;0;0
FR;4;2021-02-24;0;0;0;0;0;0;0;0;0;0
FR;4;2021-02-25;0;0;0;0;0;0;0;0;0;0
FR;4;2021-02-26;0;0;0;0;0;0;0;0;0;0
FR;4;2021-02-27;0;0;0;0;0;0;0;0;0;0
FR;4;2021-02-28;0;0;0;0;0;0;0;0;0;0
FR;4;2021-03-01;0;0;0;0;0;0;0;0;0;0
FR;4;2021-03-02;0;0;0;0;0;0;0;0;0;0
FR;4;2021-03-03;0;0;0;0;0;0;0;0;0;0
FR;4;2021-03-04;0;0;0;0;0;0;0;0;0;0
FR;4;2021-03-05;0;0;0;0;0;0;0;0;0;0
FR;4;2021-03-06;0;0;0;0;0;0;0;0;0;0
FR;4;2021-03-07;0;0;0;0;0;0;0;0;0;0
FR;4;2021-03-08;0;0;0;0;0;0;0;0;0;0
FR;4;2021-03-09;0;0;0;0;0;0;0;0;0;0
FR;4;2021-03-10;0;0;0;0;0;0;0;0;0;0
FR;4;2021-03-11;0;0;0;0;0;0;0;0;0;0
FR;4;2021-03-12;0;0;0;0;0;0;0;0;0;0
FR;4;2021-03-13;0;0;0;0;0;0;0;0;0;0
FR;4;2021-03-14;0;0;0;0;0;0;0;0;0;0
FR;4;2021-03-15;0;0;0;0;0;0;0;0;0;0
FR;4;2021-03-16;0;0;0;0;0;0;0;0;0;0
FR;4;2021-03-17;0;0;0;0;0;0;0;0;0;0
FR;4;2021-03-18;0;0;0;0;0;0;0;0;0;0
FR;4;2021-03-19;0;0;0;0;0;0;0;0;0;0
FR;4;2021-03-20;0;0;0;0;0;0;0;0;0;0
FR;4;2021-03-21;0;0;0;0;0;0;0;0;0;0
FR;4;2021-03-22;0;0;0;0;0;0;0;0;0;0
FR;4;2021-03-23;0;0;0;0;0;0;0;0;0;0
FR;4;2021-03-24;0;0;0;0;0;0;0;0;0;0
FR;4;2021-03-25;0;0;0;0;0;0;0;0;0;0
FR;4;2021-03-26;0;0;0;0;0;0;0;0;0;0
FR;4;2021-03-27;0;0;0;0;0;0;0;0;0;0
FR;4;2021-03-28;0;0;0;0;0;0;0;0;0;0
FR;4;2021-03-29;0;0;0;0;0;0;0;0;0;0
FR;4;2021-03-30;0;0;0;0;0;0;0;0;0;0
FR;4;2021-03-31;0;0;0;0;0;0;0;0;0;0
FR;4;2021-04-01;0;0;0;0;0;0;0;0;0;0
FR;4;2021-04-02;0;0;0;0;0;0;0;0;0;0
FR;4;2021-04-03;0;0;0;0;0;0;0;0;0;0
FR;4;2021-04-04;0;0;0;0;0;0;0;0;0;0
FR;4;2021-04-05;0;0;0;0;0;0;0;0;0;0
FR;4;2021-04-06;0;0;0;0;0;0;0;0;0;0
FR;4;2021-04-07;0;0;0;0;0;0;0;0;0;0
FR;4;2021-04-08;0;0;0;0;0;0;0;0;0;0
FR;4;2021-04-09;0;0;0;0;0;0;0;0;0;0
FR;4;2021-04-10;0;0;0;0;0;0;0;0;0;0
FR;4;2021-04-11;0;0;0;0;0;0;0;0;0;0
FR;4;2021-04-12;0;0;0;0;0;0;0;0;0;0
FR;4;2021-04-13;0;0;0;0;0;0;0;0;0;0
FR;4;2021-04-14;0;0;0;0;0;0;0;0;0;0
FR;4;2021-04-15;0;0;0;0;0;0;0;0;0;0
FR;4;2021-04-16;0;0;0;0;0;0;0;0;0;0
FR;4;2021-04-17;0;0;0;0;0;0;0;0;0;0
FR;4;2021-04-18;0;0;0;0;0;0;0;0;0;0
FR;4;2021-04-19;0;0;0;0;0;0;0;0;0;0
FR;4;2021-04-20;0;0;0;0;0;0;0;0;0;0
FR;4;2021-04-21;0;0;0;0;0;0;0;0;0;0
FR;4;2021-04-22;0;0;0;0;0;0;0;0;0;0
FR;4;2021-04-23;3813;0;0;0;0;3813;0;0;0;0
FR;4;2021-04-24;1569;1;0;0;0;5382;1;0;0;0
FR;4;2021-04-25;125;0;0;0;0;5507;1;0;0;0
FR;4;2021-04-26;2869;1;0;0;0;8376;2;0;0;0
FR;4;2021-04-27;9521;3;0;0;0;17897;5;0;0;0
FR;4;2021-04-28;9907;6;0;0;0;27804;11;0;0;0
FR;4;2021-04-29;15991;8;0;0;0;43795;19;0;0;0
FR;4;2021-04-30;19233;10;0;0;0;63028;29;0;0;0
FR;4;2021-05-01;1993;6;0;0;0;65021;35;0;0;0
FR;4;2021-05-02;483;0;0;0;0;65504;35;0;0;0
FR;4;2021-05-03;5064;2;0;0;0;70568;37;0;0;0
FR;4;2021-05-04;8405;11;0;0;0;78973;48;0;0;0
FR;4;2021-05-05;6189;7;0;0;0;85162;55;0;0;0
FR;4;2021-05-06;11385;11;0;0;0;96547;66;0;0;0
FR;4;2021-05-07;19124;9;0;0;0;115671;75;0;0;0
FR;4;2021-05-08;2378;6;0;0;0;118049;81;0;0;0
FR;4;2021-05-09;688;3;0;0;0;118737;84;0;0;0
FR;4;2021-05-10;7244;5;1;0;0;125981;89;1;0;0
FR;4;2021-05-11;14323;12;0;0;0;140304;101;1;0;0
FR;4;2021-05-12;10173;15;0;0;0;150477;116;1;0;0
FR;4;2021-05-13;1583;4;0;0;0;152060;120;1;0;0
FR;4;2021-05-14;7766;7;0;0;0;159826;127;1;0;0
FR;4;2021-05-15;3720;8;1;0;0;163546;135;2;0;0
FR;4;2021-05-16;417;1;0;0;0;163963;136;2;0;0
FR;4;2021-05-17;4478;6;0;0;0;168441;142;2;0;0
FR;4;2021-05-18;8765;10;0;0;0;177206;152;2;0;0
FR;4;2021-05-19;5694;7;0;0;0;182900;159;2;0;0
FR;4;2021-05-20;9485;8;0;0;0;192385;167;2;0;0
FR;4;2021-05-21;12807;30;0;0;0;205192;197;2;0;0
FR;4;2021-05-22;5060;15;0;0;0;210252;212;2;0;0
FR;4;2021-05-23;494;4;0;0;0;210746;216;2;0;0
FR;4;2021-05-24;1058;7;0;0;0;211804;223;2;0;0
FR;4;2021-05-25;7632;16;0;0;0;219436;239;2;0;0
FR;4;2021-05-26;7728;16;0;0;0;227164;255;2;0;0
FR;4;2021-05-27;14335;35;0;0;0;241499;290;2;0;0
FR;4;2021-05-28;26591;82;1;0;0;268090;372;3;0;0
FR;4;2021-05-29;11385;18;0;0;0;279475;390;3;0;0
FR;4;2021-05-30;973;6;0;0;0;280448;396;3;0;0
FR;4;2021-05-31;12695;21;0;0;0;293143;417;3;0;0
FR;4;2021-06-01;20263;48;1;0;0;313406;465;4;0;0
FR;4;2021-06-02;14520;33;0;0;0;327926;498;4;0;0
FR;4;2021-06-03;19429;24;1;0;0;347355;522;5;0;0
FR;4;2021-06-04;22514;47;0;0;0;369869;569;5;0;0
FR;4;2021-06-05;9714;32;0;0;0;379583;601;5;0;0
FR;4;2021-06-06;1039;1;0;0;0;380622;602;5;0;0
FR;4;2021-06-07;9227;19;0;0;0;389849;621;5;0;0
FR;4;2021-06-08;14613;32;0;0;0;404462;653;5;0;0
FR;4;2021-06-09;12209;25;0;0;0;416671;678;5;0;0
FR;4;2021-06-10;15404;30;0;0;0;432075;708;5;0;0
FR;4;2021-06-11;16987;57;0;0;0;449062;765;5;0;0
FR;4;2021-06-12;7450;27;0;0;0;456512;792;5;0;0
FR;4;2021-06-13;907;3;0;0;0;457419;795;5;0;0
FR;4;2021-06-14;6649;27;0;0;0;464068;822;5;0;0
FR;4;2021-06-15;10892;37;0;0;0;474960;859;5;0;0
FR;4;2021-06-16;8909;16;0;0;0;483869;875;5;0;0
FR;4;2021-06-17;10899;37;0;0;0;494768;912;5;0;0
FR;4;2021-06-18;12424;45;0;0;0;507192;957;5;0;0
FR;4;2021-06-19;5567;25;0;0;0;512759;982;5;0;0
FR;4;2021-06-20;824;5;0;0;0;513583;987;5;0;0
FR;4;2021-06-21;5100;20;0;0;0;518683;1007;5;0;0
FR;4;2021-06-22;7911;28;2;0;0;526594;1035;7;0;0
FR;4;2021-06-23;7102;42;2;0;0;533696;1077;9;0;0
FR;4;2021-06-24;8653;46;1;0;0;542349;1123;10;0;0
FR;4;2021-06-25;10173;40;2;0;0;552522;1163;12;0;0
FR;4;2021-06-26;4849;21;0;0;0;557371;1184;12;0;0
FR;4;2021-06-27;764;4;0;0;0;558135;1188;12;0;0
FR;4;2021-06-28;4831;16;1;0;0;562966;1204;13;0;0
FR;4;2021-06-29;7110;28;2;0;0;570076;1232;15;0;0
FR;4;2021-06-30;6723;39;2;0;0;576799;1271;17;0;0
FR;4;2021-07-01;8206;42;0;0;0;585005;1313;17;0;0
FR;4;2021-07-02;9427;53;1;0;0;594432;1366;18;0;0
FR;4;2021-07-03;4846;20;0;0;0;599278;1386;18;0;0
FR;4;2021-07-04;689;5;0;0;0;599967;1391;18;0;0
FR;4;2021-07-05;4771;19;2;0;0;604738;1410;20;0;0
FR;4;2021-07-06;7726;29;4;0;0;612464;1439;24;0;0
FR;4;2021-07-07;7084;34;2;0;0;619548;1473;26;0;0
FR;4;2021-07-08;9231;39;2;0;0;628779;1512;28;0;0
FR;4;2021-07-09;10278;34;1;0;0;639057;1546;29;0;0
FR;4;2021-07-10;4639;14;2;0;0;643696;1560;31;0;0
FR;4;2021-07-11;583;4;1;0;0;644279;1564;32;0;0
FR;4;2021-07-12;5875;29;0;0;0;650154;1593;32;0;0
FR;4;2021-07-13;14232;29;0;0;0;664386;1622;32;0;0
FR;4;2021-07-14;2289;15;0;0;0;666675;1637;32;0;0
FR;4;2021-07-15;18235;36;0;0;0;684910;1673;32;0;0
FR;4;2021-07-16;22835;71;2;0;0;707745;1744;34;0;0
FR;4;2021-07-17;9738;20;0;0;0;717483;1764;34;0;0
FR;4;2021-07-18;1357;4;0;0;0;718840;1768;34;0;0
FR;4;2021-07-19;12989;30;1;0;0;731829;1798;35;0;0
FR;4;2021-07-20;17343;26;1;0;0;749172;1824;36;0;0
FR;4;2021-07-21;15616;33;0;0;0;764788;1857;36;0;0
FR;4;2021-07-22;18244;44;2;0;0;783032;1901;38;0;0
FR;4;2021-07-23;20415;57;7;0;0;803447;1958;45;0;0
FR;4;2021-07-24;9289;32;0;0;0;812736;1990;45;0;0
FR;4;2021-07-25;1354;8;0;0;0;814090;1998;45;0;0
FR;4;2021-07-26;11041;22;0;0;0;825131;2020;45;0;0
FR;4;2021-07-27;14681;35;3;0;0;839812;2055;48;0;0
FR;4;2021-07-28;12932;26;2;0;0;852744;2081;50;0;0
FR;4;2021-07-29;14088;54;4;0;0;866832;2135;54;0;0
FR;4;2021-07-30;15498;46;2;0;0;882330;2181;56;0;0
FR;4;2021-07-31;6840;14;2;0;0;889170;2195;58;0;0
FR;4;2021-08-01;906;1;0;0;0;890076;2196;58;0;0
FR;4;2021-08-02;7916;31;0;0;0;897992;2227;58;0;0
FR;4;2021-08-03;10798;31;2;0;0;908790;2258;60;0;0
FR;4;2021-08-04;9745;29;0;0;0;918535;2287;60;0;0
FR;4;2021-08-05;9823;41;0;0;0;928358;2328;60;0;0
FR;4;2021-08-06;10199;31;3;0;0;938557;2359;63;0;0
FR;4;2021-08-07;5098;30;1;0;0;943655;2389;64;0;0
FR;4;2021-08-08;1219;13;0;0;0;944874;2402;64;0;0
FR;4;2021-08-09;6346;31;0;0;0;951220;2433;64;0;0
FR;4;2021-08-10;8749;18;0;0;0;959969;2451;64;0;0
FR;4;2021-08-11;7943;34;4;0;0;967912;2485;68;0;0
FR;4;2021-08-12;8585;31;1;0;0;976497;2516;69;0;0
FR;4;2021-08-13;7558;25;0;1;0;984055;2541;69;1;0
FR;4;2021-08-14;3791;20;0;0;0;987846;2561;69;1;0
FR;4;2021-08-15;771;5;0;0;0;988617;2566;69;1;0
FR;4;2021-08-16;4008;17;0;0;0;992625;2583;69;1;0
FR;4;2021-08-17;5628;17;1;0;0;998253;2600;70;1;0
FR;4;2021-08-18;5166;37;0;0;0;1003419;2637;70;1;0
FR;4;2021-08-19;5486;33;3;0;0;1008905;2670;73;1;0
FR;4;2021-08-20;5222;25;1;0;0;1014127;2695;74;1;0
FR;4;2021-08-21;2310;21;1;0;0;1016437;2716;75;1;0
FR;4;2021-08-22;414;2;0;0;0;1016851;2718;75;1;0
FR;4;2021-08-23;2932;19;1;0;0;1019783;2737;76;1;0
FR;4;2021-08-24;3757;15;0;0;0;1023540;2752;76;1;0
FR;4;2021-08-25;3542;25;1;0;0;1027082;2777;77;1;0
FR;4;2021-08-26;3714;21;2;0;0;1030796;2798;79;1;0
FR;4;2021-08-27;3617;31;2;0;0;1034413;2829;81;1;0
FR;4;2021-08-28;1725;10;1;0;0;1036138;2839;82;1;0
FR;4;2021-08-29;384;7;1;0;0;1036522;2846;83;1;0
FR;4;2021-08-30;2009;25;0;0;15;1038531;2871;83;1;15
FR;4;2021-08-31;2485;21;0;0;14;1041016;2892;83;1;29
FR;4;2021-09-01;2083;38;1;0;21;1043099;2930;84;1;50
FR;4;2021-09-02;2306;31;4;0;18;1045405;2961;88;1;68
FR;4;2021-09-03;2363;44;5;0;36;1047768;3005;93;1;104
FR;4;2021-09-04;1373;18;0;0;9;1049141;3023;93;1;113
FR;4;2021-09-05;433;2;0;0;2;1049574;3025;93;1;115
FR;4;2021-09-06;1713;62;0;0;23;1051287;3087;93;1;138
FR;4;2021-09-07;1678;18;0;0;8;1052965;3105;93;1;146
FR;4;2021-09-08;1285;26;3;0;19;1054250;3131;96;1;165
FR;4;2021-09-09;1389;23;2;0;9;1055639;3154;98;1;174
FR;4;2021-09-10;1521;31;2;0;23;1057160;3185;100;1;197
FR;4;2021-09-11;744;11;0;0;3;1057904;3196;100;1;200
FR;4;2021-09-12;169;4;0;0;3;1058073;3200;100;1;203
FR;4;2021-09-13;1322;22;1;0;16;1059395;3222;101;1;219
FR;4;2021-09-14;1503;9;2;0;6;1060898;3231;103;1;225
FR;4;2021-09-15;1095;28;1;0;25;1061993;3259;104;1;250
FR;4;2021-09-16;1105;22;2;0;15;1063098;3281;106;1;265
FR;4;2021-09-17;896;21;1;0;12;1063994;3302;107;1;277
FR;4;2021-09-18;464;6;1;0;5;1064458;3308;108;1;282
FR;4;2021-09-19;182;3;0;0;2;1064640;3311;108;1;284
FR;4;2021-09-20;453;19;0;0;13;1065093;3330;108;1;297
FR;4;2021-09-21;432;11;0;0;7;1065525;3341;108;1;304
FR;4;2021-09-22;374;19;2;0;13;1065899;3360;110;1;317
FR;4;2021-09-23;483;16;1;0;15;1066382;3376;111;1;332
FR;4;2021-09-24;413;13;2;0;9;1066795;3389;113;1;341
FR;4;2021-09-25;280;10;1;0;5;1067075;3399;114;1;346
FR;4;2021-09-26;74;2;0;0;1;1067149;3401;114;1;347
FR;4;2021-09-27;264;10;1;0;8;1067413;3411;115;1;355
FR;4;2021-09-28;318;8;0;0;8;1067731;3419;115;1;363
FR;4;2021-09-29;375;19;1;0;13;1068106;3438;116;1;376
FR;4;2021-09-30;364;41;0;0;22;1068470;3479;116;1;398
FR;4;2021-10-01;411;56;0;0;50;1068881;3535;116;1;448
FR;4;2021-10-02;196;22;1;0;13;1069077;3557;117;1;461
FR;4;2021-10-03;85;1;0;0;0;1069162;3558;117;1;461
FR;4;2021-10-04;360;20;1;0;16;1069522;3578;118;1;477
FR;4;2021-10-05;286;19;2;0;15;1069808;3597;120;1;492
FR;4;2021-10-06;248;23;1;0;18;1070056;3620;121;1;510
FR;4;2021-10-07;265;25;2;0;13;1070321;3645;123;1;523
FR;4;2021-10-08;356;24;2;0;20;1070677;3669;125;1;543
FR;4;2021-10-09;194;6;6;0;7;1070871;3675;131;1;550
FR;4;2021-10-10;97;3;2;0;3;1070968;3678;133;1;553
FR;4;2021-10-11;249;15;1;0;14;1071217;3693;134;1;567
FR;4;2021-10-12;208;14;0;0;13;1071425;3707;134;1;580
FR;4;2021-10-13;219;28;1;0;25;1071644;3735;135;1;605
FR;4;2021-10-14;314;21;4;0;15;1071958;3756;139;1;620
FR;4;2021-10-15;322;24;5;0;25;1072280;3780;144;1;645
FR;4;2021-10-16;166;6;2;0;6;1072446;3786;146;1;651
FR;4;2021-10-17;70;2;0;0;1;1072516;3788;146;1;652
FR;4;2021-10-18;281;16;1;0;13;1072797;3804;147;1;665
FR;4;2021-10-19;215;14;2;0;15;1073012;3818;149;1;680
FR;4;2021-10-20;230;27;4;0;15;1073242;3845;153;1;695
FR;4;2021-10-21;243;17;0;0;13;1073485;3862;153;1;708
FR;4;2021-10-22;217;25;2;0;20;1073702;3887;155;1;728
FR;4;2021-10-23;116;16;1;0;15;1073818;3903;156;1;743
FR;4;2021-10-24;38;4;0;0;1;1073856;3907;156;1;744
FR;4;2021-10-25;214;7;2;0;9;1074070;3914;158;1;753
FR;4;2021-10-26;200;14;0;0;12;1074270;3928;158;1;765
FR;4;2021-10-27;196;11;4;0;11;1074466;3939;162;1;776
FR;4;2021-10-28;184;18;5;0;22;1074650;3957;167;1;798
FR;4;2021-10-29;224;15;2;0;13;1074874;3972;169;1;811
FR;4;2021-10-30;102;2;1;0;2;1074976;3974;170;1;813
FR;4;2021-10-31;57;3;2;0;3;1075033;3977;172;1;816
FR;4;2021-11-01;75;27;4;0;24;1075108;4004;176;1;840
FR;4;2021-11-02;160;21;2;0;21;1075268;4025;178;1;861
FR;4;2021-11-03;130;20;8;1;18;1075398;4045;186;2;879
FR;4;2021-11-04;185;15;1;0;12;1075583;4060;187;2;891
FR;4;2021-11-05;130;17;1;0;16;1075713;4077;188;2;907
FR;4;2021-11-06;80;6;1;0;6;1075793;4083;189;2;913
FR;4;2021-11-07;81;2;2;0;4;1075874;4085;191;2;917
FR;4;2021-11-08;160;20;1;0;20;1076034;4105;192;2;937
FR;4;2021-11-09;156;14;3;0;16;1076190;4119;195;2;953
FR;4;2021-11-10;121;30;6;0;32;1076311;4149;201;2;985
FR;4;2021-11-11;98;10;1;0;11;1076409;4159;202;2;996
FR;4;2021-11-12;105;19;2;0;18;1076514;4178;204;2;1014
FR;4;2021-11-13;74;15;2;0;14;1076588;4193;206;2;1028
FR;4;2021-11-14;55;5;4;0;8;1076643;4198;210;2;1036
FR;4;2021-11-15;99;26;2;0;24;1076742;4224;212;2;1060
FR;4;2021-11-16;105;13;2;0;15;1076847;4237;214;2;1075
FR;4;2021-11-17;119;30;4;0;30;1076966;4267;218;2;1105
FR;4;2021-11-18;100;34;14;0;43;1077066;4301;232;2;1148
FR;4;2021-11-19;87;21;3;0;22;1077153;4322;235;2;1170
FR;4;2021-11-20;77;8;1;0;8;1077230;4330;236;2;1178
FR;4;2021-11-21;68;7;2;0;9;1077298;4337;238;2;1187
FR;4;2021-11-22;106;28;9;0;33;1077404;4365;247;2;1220
FR;4;2021-11-23;76;31;6;0;29;1077480;4396;253;2;1249
FR;4;2021-11-24;89;23;11;0;24;1077569;4419;264;2;1273
FR;4;2021-11-25;93;28;16;0;32;1077662;4447;280;2;1305
FR;4;2021-11-26;84;43;12;0;45;1077746;4490;292;2;1350
FR;4;2021-11-27;41;22;15;0;25;1077787;4512;307;2;1375
FR;4;2021-11-28;50;8;0;0;7;1077837;4520;307;2;1382
FR;4;2021-11-29;90;31;16;0;40;1077927;4551;323;2;1422
FR;4;2021-11-30;75;37;12;0;41;1078002;4588;335;2;1463
FR;4;2021-12-01;88;60;19;0;67;1078090;4648;354;2;1530
FR;4;2021-12-02;107;48;20;0;54;1078197;4696;374;2;1584
FR;4;2021-12-03;101;36;15;0;44;1078298;4732;389;2;1628
FR;4;2021-12-04;72;31;18;0;44;1078370;4763;407;2;1672
FR;4;2021-12-05;62;7;1;0;7;1078432;4770;408;2;1679
FR;4;2021-12-06;109;46;19;0;59;1078541;4816;427;2;1738
FR;4;2021-12-07;81;37;9;0;36;1078622;4853;436;2;1774
FR;4;2021-12-08;70;31;17;0;38;1078692;4884;453;2;1812
FR;4;2021-12-09;63;32;10;0;38;1078755;4916;463;2;1850
FR;4;2021-12-10;63;64;20;0;68;1078818;4980;483;2;1918
FR;4;2021-12-11;28;34;7;0;34;1078846;5014;490;2;1952
FR;4;2021-12-12;26;10;3;0;13;1078872;5024;493;2;1965
FR;4;2021-12-13;73;40;14;0;49;1078945;5064;507;2;2014
FR;4;2021-12-14;59;43;17;0;54;1079004;5107;524;2;2068
FR;4;2021-12-15;66;64;28;0;84;1079070;5171;552;2;2152
FR;4;2021-12-16;33;45;19;0;58;1079103;5216;571;2;2210
FR;4;2021-12-17;39;55;12;0;60;1079142;5271;583;2;2270
FR;4;2021-12-18;49;30;2;0;31;1079191;5301;585;2;2301
FR;4;2021-12-19;15;4;1;0;4;1079206;5305;586;2;2305
FR;4;2021-12-20;43;38;10;0;41;1079249;5343;596;2;2346
FR;4;2021-12-21;29;32;16;0;38;1079278;5375;612;2;2384
FR;4;2021-12-22;37;37;10;0;38;1079315;5412;622;2;2422
FR;4;2021-12-23;39;45;8;0;49;1079354;5457;630;2;2471
FR;4;2021-12-24;23;26;10;0;30;1079377;5483;640;2;2501
FR;4;2021-12-25;7;3;3;0;4;1079384;5486;643;2;2505
FR;4;2021-12-26;5;3;1;0;2;1079389;5489;644;2;2507
FR;4;2021-12-27;31;41;9;0;43;1079420;5530;653;2;2550
FR;4;2021-12-28;25;28;7;0;29;1079445;5558;660;2;2579
FR;4;2021-12-29;52;25;11;0;30;1079497;5583;671;2;2609
FR;4;2021-12-30;44;19;12;0;22;1079541;5602;683;2;2631
FR;4;2021-12-31;18;6;8;0;11;1079559;5608;691;2;2642
FR;4;2022-01-01;5;4;4;0;6;1079564;5612;695;2;2648
FR;4;2022-01-02;40;5;16;0;20;1079604;5617;711;2;2668
FR;4;2022-01-03;43;55;22;1;62;1079647;5672;733;3;2730
FR;4;2022-01-04;37;28;15;0;33;1079684;5700;748;3;2763
FR;4;2022-01-05;51;22;19;0;25;1079735;5722;767;3;2788
FR;4;2022-01-06;49;22;24;0;38;1079784;5744;791;3;2826
FR;4;2022-01-07;30;20;15;0;20;1079814;5764;806;3;2846
FR;4;2022-01-08;11;6;10;0;12;1079825;5770;816;3;2858
FR;4;2022-01-09;18;2;3;0;4;1079843;5772;819;3;2862
FR;4;2022-01-10;47;22;19;0;36;1079890;5794;838;3;2898
FR;4;2022-01-11;27;31;12;0;35;1079917;5825;850;3;2933
FR;4;2022-01-12;33;21;13;0;23;1079950;5846;863;3;2956
FR;4;2022-01-13;53;20;27;0;38;1080003;5866;890;3;2994
FR;4;2022-01-14;23;29;13;0;32;1080026;5895;903;3;3026
FR;4;2022-01-15;13;6;8;0;12;1080039;5901;911;3;3038
FR;4;2022-01-16;12;9;14;0;22;1080051;5910;925;3;3060
FR;4;2022-01-17;26;19;12;0;25;1080077;5929;937;3;3085
FR;4;2022-01-18;16;13;8;0;18;1080093;5942;945;3;3103
FR;4;2022-01-19;31;23;12;0;33;1080124;5965;957;3;3136
FR;4;2022-01-20;32;34;13;0;39;1080156;5999;970;3;3175
FR;4;2022-01-21;11;12;19;1;16;1080167;6011;989;4;3191
FR;4;2022-01-22;30;13;2;0;13;1080197;6024;991;4;3204
FR;4;2022-01-23;8;2;5;0;7;1080205;6026;996;4;3211
FR;4;2022-01-24;14;21;8;0;27;1080219;6047;1004;4;3238
FR;4;2022-01-25;22;32;10;1;38;1080241;6079;1014;5;3276
FR;4;2022-01-26;19;16;8;1;20;1080260;6095;1022;6;3296
FR;4;2022-01-27;21;18;8;0;24;1080281;6113;1030;6;3320
FR;4;2022-01-28;13;23;8;0;26;1080294;6136;1038;6;3346
FR;4;2022-01-29;17;6;5;0;10;1080311;6142;1043;6;3356
FR;4;2022-01-30;18;3;1;0;4;1080329;6145;1044;6;3360
FR;4;2022-01-31;22;27;8;0;31;1080351;6172;1052;6;3391
FR;4;2022-02-01;12;22;12;0;23;1080363;6194;1064;6;3414
FR;4;2022-02-02;18;11;12;2;18;1080381;6205;1076;8;3432
FR;4;2022-02-03;14;23;10;0;27;1080395;6228;1086;8;3459
FR;4;2022-02-04;7;5;7;0;9;1080402;6233;1093;8;3468
FR;4;2022-02-05;7;14;1;0;13;1080409;6247;1094;8;3481
FR;4;2022-02-06;6;4;3;0;6;1080415;6251;1097;8;3487
FR;4;2022-02-07;15;19;8;0;19;1080430;6270;1105;8;3506
FR;4;2022-02-08;19;21;13;1;22;1080449;6291;1118;9;3528
FR;4;2022-02-09;17;11;8;0;15;1080466;6302;1126;9;3543
FR;4;2022-02-10;22;23;9;0;24;1080488;6325;1135;9;3567
FR;4;2022-02-11;18;15;8;0;20;1080506;6340;1143;9;3587
FR;4;2022-02-12;24;6;2;0;6;1080530;6346;1145;9;3593
FR;4;2022-02-13;7;3;3;0;6;1080537;6349;1148;9;3599
FR;4;2022-02-14;20;10;9;0;15;1080557;6359;1157;9;3614
FR;4;2022-02-15;18;7;1;0;7;1080575;6366;1158;9;3621
FR;4;2022-02-16;16;9;11;0;16;1080591;6375;1169;9;3637
FR;4;2022-02-17;11;4;4;0;6;1080602;6379;1173;9;3643
FR;4;2022-02-18;16;15;8;0;21;1080618;6394;1181;9;3664
FR;4;2022-02-19;16;4;2;0;5;1080634;6398;1183;9;3669
FR;4;2022-02-20;7;3;0;0;2;1080641;6401;1183;9;3671
FR;4;2022-02-21;23;4;4;0;6;1080664;6405;1187;9;3677
FR;4;2022-02-22;8;5;10;0;10;1080672;6410;1197;9;3687
FR;4;2022-02-23;16;6;10;0;10;1080688;6416;1207;9;3697
FR;4;2022-02-24;11;5;3;0;6;1080699;6421;1210;9;3703
FR;4;2022-02-25;15;5;7;0;6;1080714;6426;1217;9;3709
FR;4;2022-02-26;27;3;0;0;3;1080741;6429;1217;9;3712
FR;4;2022-02-27;9;0;1;0;1;1080750;6429;1218;9;3713
FR;4;2022-02-28;18;3;2;0;3;1080768;6432;1220;9;3716
FR;4;2022-03-01;8;4;7;0;5;1080776;6436;1227;9;3721
FR;4;2022-03-02;14;3;4;0;6;1080790;6439;1231;9;3727
FR;4;2022-03-03;17;5;3;0;6;1080807;6444;1234;9;3733
FR;4;2022-03-04;7;7;2;1;5;1080814;6451;1236;10;3738
FR;4;2022-03-05;9;2;0;0;2;1080823;6453;1236;10;3740
FR;4;2022-03-06;4;0;1;0;1;1080827;6453;1237;10;3741
FR;4;2022-03-07;10;4;2;0;3;1080837;6457;1239;10;3744
FR;4;2022-03-08;14;3;0;0;3;1080851;6460;1239;10;3747
FR;4;2022-03-09;8;7;2;0;7;1080859;6467;1241;10;3754
FR;4;2022-03-10;5;1;6;0;3;1080864;6468;1247;10;3757
FR;4;2022-03-11;10;4;5;0;2;1080874;6472;1252;10;3759
FR;4;2022-03-12;9;2;0;0;0;1080883;6474;1252;10;3759
FR;4;2022-03-13;6;1;1;0;2;1080889;6475;1253;10;3761
FR;4;2022-03-14;4;1;1;0;2;1080893;6476;1254;10;3763
FR;4;2022-03-15;7;6;3;0;5;1080900;6482;1257;10;3768
FR;4;2022-03-16;7;3;3;0;3;1080907;6485;1260;10;3771
FR;4;2022-03-17;3;4;1;0;5;1080910;6489;1261;10;3776
FR;4;2022-03-18;9;3;0;0;3;1080919;6492;1261;10;3779
FR;4;2022-03-19;1;1;1;0;2;1080920;6493;1262;10;3781
FR;4;2022-03-20;2;0;2;0;1;1080922;6493;1264;10;3782
FR;4;2022-03-21;6;3;1;0;4;1080928;6496;1265;10;3786
FR;4;2022-03-22;4;2;2;0;3;1080932;6498;1267;10;3789
FR;4;2022-03-23;6;4;4;0;7;1080938;6502;1271;10;3796
FR;4;2022-03-24;2;5;3;1;7;1080940;6507;1274;11;3803
FR;4;2022-03-25;3;1;2;0;1;1080943;6508;1276;11;3804
FR;4;2022-03-26;5;5;0;0;5;1080948;6513;1276;11;3809
FR;4;2022-03-27;1;0;3;0;2;1080949;6513;1279;11;3811
FR;4;2022-03-28;5;1;3;0;3;1080954;6514;1282;11;3814
FR;4;2022-03-29;9;0;4;1;0;1080963;6514;1286;12;3814
FR;4;2022-03-30;3;4;0;0;4;1080966;6518;1286;12;3818
FR;4;2022-03-31;2;3;2;1;4;1080968;6521;1288;13;3822
FR;4;2022-04-01;14;2;5;0;5;1080982;6523;1293;13;3827
FR;4;2022-04-02;4;4;0;0;3;1080986;6527;1293;13;3830
FR;4;2022-04-03;0;1;0;0;1;1080986;6528;1293;13;3831
FR;4;2022-04-04;4;4;4;0;5;1080990;6532;1297;13;3836
FR;4;2022-04-05;4;3;2;1;3;1080994;6535;1299;14;3839
FR;4;2022-04-06;6;0;0;0;0;1081000;6535;1299;14;3839
FR;4;2022-04-07;3;2;3;2;5;1081003;6537;1302;16;3844
FR;4;2022-04-08;4;2;1;0;2;1081007;6539;1303;16;3846
FR;4;2022-04-09;0;0;1;1;1;1081007;6539;1304;17;3847
FR;4;2022-04-10;1;2;0;0;2;1081008;6541;1304;17;3849
FR;4;2022-04-11;4;3;4;0;5;1081012;6544;1308;17;3854
FR;4;2022-04-12;3;1;4;0;2;1081015;6545;1312;17;3856
FR;4;2022-04-13;5;7;2;0;9;1081020;6552;1314;17;3865
FR;4;2022-04-14;6;4;2;1;5;1081026;6556;1316;18;3870
FR;4;2022-04-15;5;8;1;0;9;1081031;6564;1317;18;3879
FR;4;2022-04-16;1;0;0;0;0;1081032;6564;1317;18;3879
FR;4;2022-04-17;3;2;1;0;3;1081035;6566;1318;18;3882
FR;4;2022-04-18;2;2;6;0;4;1081037;6568;1324;18;3886
FR;4;2022-04-19;2;0;1;0;0;1081039;6568;1325;18;3886
FR;4;2022-04-20;14;4;1;0;3;1081053;6572;1326;18;3889
FR;4;2022-04-21;7;1;0;0;1;1081060;6573;1326;18;3890
FR;4;2022-04-22;1;1;2;0;2;1081061;6574;1328;18;3892
FR;4;2022-04-23;2;3;3;0;6;1081063;6577;1331;18;3898
FR;4;2022-04-24;0;2;0;0;2;1081063;6579;1331;18;3900
FR;4;2022-04-25;3;4;3;0;7;1081066;6583;1334;18;3907
FR;4;2022-04-26;5;6;1;0;6;1081071;6589;1335;18;3913
FR;4;2022-04-27;4;1;1;1;1;1081075;6590;1336;19;3914
FR;4;2022-04-28;3;5;5;0;6;1081078;6595;1341;19;3920
FR;4;2022-04-29;6;3;0;0;2;1081084;6598;1341;19;3922
FR;4;2022-04-30;2;1;1;0;2;1081086;6599;1342;19;3924
FR;4;2022-05-01;0;0;0;0;0;1081086;6599;1342;19;3924
FR;4;2022-05-02;5;16;6;0;19;1081091;6615;1348;19;3943
FR;4;2022-05-03;2;6;2;0;7;1081093;6621;1350;19;3950
FR;4;2022-05-04;7;4;1;0;4;1081100;6625;1351;19;3954
FR;4;2022-05-05;2;2;1;1;1;1081102;6627;1352;20;3955
FR;4;2022-05-06;5;3;1;0;2;1081107;6630;1353;20;3957
FR;4;2022-05-07;0;0;0;0;0;1081107;6630;1353;20;3957
FR;4;2022-05-08;1;1;0;0;1;1081108;6631;1353;20;3958
FR;4;2022-05-09;5;1;0;0;1;1081113;6632;1353;20;3959
FR;4;2022-05-10;2;1;0;2;3;1081115;6633;1353;22;3962
FR;4;2022-05-11;3;2;3;0;5;1081118;6635;1356;22;3967
FR;4;2022-05-12;6;4;1;1;5;1081124;6639;1357;23;3972
FR;4;2022-05-13;1;0;2;0;2;1081125;6639;1359;23;3974
FR;4;2022-05-14;0;2;0;0;2;1081125;6641;1359;23;3976
FR;4;2022-05-15;2;2;0;0;0;1081127;6643;1359;23;3976
FR;4;2022-05-16;5;2;2;0;2;1081132;6645;1361;23;3978
FR;4;2022-05-17;5;1;2;0;3;1081137;6646;1363;23;3981
FR;4;2022-05-18;3;6;0;0;6;1081140;6652;1363;23;3987
FR;4;2022-05-19;2;3;3;0;5;1081142;6655;1366;23;3992
FR;4;2022-05-20;4;2;3;0;2;1081146;6657;1369;23;3994
FR;4;2022-05-21;2;0;1;0;1;1081148;6657;1370;23;3995
FR;4;2022-05-22;0;0;1;0;1;1081148;6657;1371;23;3996
FR;4;2022-05-23;0;0;2;0;0;1081148;6657;1373;23;3996
FR;4;2022-05-24;2;4;0;0;4;1081150;6661;1373;23;4000
FR;4;2022-05-25;1;3;0;0;1;1081151;6664;1373;23;4001
FR;4;2022-05-26;5;0;1;0;1;1081156;6664;1374;23;4002
FR;4;2022-05-27;0;2;0;1;2;1081156;6666;1374;24;4004
FR;4;2022-05-28;1;0;0;0;0;1081157;6666;1374;24;4004
FR;4;2022-05-29;1;0;1;0;1;1081158;6666;1375;24;4005
FR;4;2022-05-30;2;4;2;0;5;1081160;6670;1377;24;4010
FR;4;2022-05-31;2;1;0;0;1;1081162;6671;1377;24;4011
FR;4;2022-06-01;3;11;7;0;15;1081165;6682;1384;24;4026
FR;4;2022-06-02;5;6;2;0;6;1081170;6688;1386;24;4032
FR;4;2022-06-03;2;5;4;1;6;1081172;6693;1390;25;4038
FR;4;2022-06-04;0;1;1;0;1;1081172;6694;1391;25;4039
FR;4;2022-06-05;0;0;0;0;0;1081172;6694;1391;25;4039
FR;4;2022-06-06;6;0;3;0;2;1081178;6694;1394;25;4041
FR;4;2022-06-07;5;2;0;1;2;1081183;6696;1394;26;4043
FR;4;2022-06-08;0;3;3;0;6;1081183;6699;1397;26;4049
FR;4;2022-06-09;1;2;0;0;1;1081184;6701;1397;26;4050
FR;4;2022-06-10;3;0;3;0;1;1081187;6701;1400;26;4051
FR;4;2022-06-11;1;0;0;0;0;1081188;6701;1400;26;4051
FR;4;2022-06-12;4;0;0;0;0;1081192;6701;1400;26;4051
FR;4;2022-06-13;5;2;3;0;2;1081197;6703;1403;26;4053
FR;4;2022-06-14;4;3;0;0;2;1081201;6706;1403;26;4055
FR;4;2022-06-15;8;3;4;0;3;1081209;6709;1407;26;4058
FR;4;2022-06-16;1;3;1;1;2;1081210;6712;1408;27;4060
FR;4;2022-06-17;6;1;0;0;1;1081216;6713;1408;27;4061
FR;4;2022-06-18;0;0;0;0;0;1081216;6713;1408;27;4061
FR;4;2022-06-19;0;0;0;0;0;1081216;6713;1408;27;4061
FR;4;2022-06-20;4;2;2;1;3;1081220;6715;1410;28;4064
FR;4;2022-06-21;5;2;3;1;3;1081225;6717;1413;29;4067
FR;4;2022-06-22;3;1;0;3;1;1081228;6718;1413;32;4068
FR;4;2022-06-23;3;3;3;0;5;1081231;6721;1416;32;4073
FR;4;2022-06-24;3;0;2;0;0;1081234;6721;1418;32;4073
FR;4;2022-06-25;1;0;1;1;1;1081235;6721;1419;33;4074
FR;4;2022-06-26;0;0;1;0;1;1081235;6721;1420;33;4075
FR;4;2022-06-27;2;2;0;3;2;1081237;6723;1420;36;4077
FR;4;2022-06-28;0;4;2;1;5;1081237;6727;1422;37;4082
FR;4;2022-06-29;1;2;0;0;2;1081238;6729;1422;37;4084
FR;4;2022-06-30;2;0;0;0;0;1081240;6729;1422;37;4084
FR;4;2022-07-01;2;4;8;0;4;1081242;6733;1430;37;4088
FR;4;2022-07-02;0;1;0;0;0;1081242;6734;1430;37;4088
FR;4;2022-07-03;0;0;0;0;0;1081242;6734;1430;37;4088
FR;4;2022-07-04;3;1;0;0;1;1081245;6735;1430;37;4089
FR;4;2022-07-05;2;0;2;0;2;1081247;6735;1432;37;4091
FR;4;2022-07-06;5;0;1;1;0;1081252;6735;1433;38;4091
FR;4;2022-07-07;1;0;2;1;0;1081253;6735;1435;39;4091
FR;4;2022-07-08;3;1;0;0;1;1081256;6736;1435;39;4092
FR;4;2022-07-09;2;2;1;0;3;1081258;6738;1436;39;4095
FR;4;2022-07-10;2;0;1;0;0;1081260;6738;1437;39;4095
FR;4;2022-07-11;2;0;2;0;0;1081262;6738;1439;39;4095
FR;4;2022-07-12;0;0;2;0;2;1081262;6738;1441;39;4097
FR;4;2022-07-13;2;2;3;0;2;1081264;6740;1444;39;4099
FR;4;2022-07-14;4;0;1;0;0;1081268;6740;1445;39;4099
FR;4;2022-07-15;8;2;0;0;2;1081276;6742;1445;39;4101
FR;4;2022-07-16;4;0;0;2;0;1081280;6742;1445;41;4101
FR;4;2022-07-17;0;0;0;0;0;1081280;6742;1445;41;4101
FR;4;2022-07-18;3;2;2;0;2;1081283;6744;1447;41;4103
FR;4;2022-07-19;4;0;1;0;1;1081287;6744;1448;41;4104
FR;4;2022-07-20;10;0;0;0;0;1081297;6744;1448;41;4104
FR;4;2022-07-21;2;1;1;0;1;1081299;6745;1449;41;4105
FR;4;2022-07-22;4;0;3;0;1;1081303;6745;1452;41;4106
FR;4;2022-07-23;1;2;0;0;1;1081304;6747;1452;41;4107
FR;4;2022-07-24;0;0;0;0;0;1081304;6747;1452;41;4107
FR;4;2022-07-25;5;0;2;0;2;1081309;6747;1454;41;4109
FR;4;2022-07-26;2;0;0;0;0;1081311;6747;1454;41;4109
FR;4;2022-07-27;2;1;0;0;0;1081313;6748;1454;41;4109
FR;4;2022-07-28;9;0;0;0;0;1081322;6748;1454;41;4109
FR;4;2022-07-29;3;0;1;0;0;1081325;6748;1455;41;4109
FR;4;2022-07-30;3;0;2;0;0;1081328;6748;1457;41;4109
FR;4;2022-07-31;0;0;0;0;0;1081328;6748;1457;41;4109
FR;4;2022-08-01;1;0;2;0;1;1081329;6748;1459;41;4110
FR;4;2022-08-02;6;0;0;0;0;1081335;6748;1459;41;4110
FR;4;2022-08-03;0;2;1;0;2;1081335;6750;1460;41;4112
FR;4;2022-08-04;3;2;0;1;2;1081338;6752;1460;42;4114
FR;4;2022-08-05;2;0;1;0;0;1081340;6752;1461;42;4114
FR;4;2022-08-06;2;0;0;0;0;1081342;6752;1461;42;4114
FR;4;2022-08-07;3;0;0;0;0;1081345;6752;1461;42;4114
FR;4;2022-08-08;1;0;1;1;1;1081346;6752;1462;43;4115
FR;4;2022-08-09;1;1;1;2;2;1081347;6753;1463;45;4117
FR;4;2022-08-10;5;1;1;0;1;1081352;6754;1464;45;4118
FR;4;2022-08-11;2;0;1;0;1;1081354;6754;1465;45;4119
FR;4;2022-08-12;4;0;1;0;0;1081358;6754;1466;45;4119
FR;4;2022-08-13;1;0;0;0;0;1081359;6754;1466;45;4119
FR;4;2022-08-14;0;0;0;0;0;1081359;6754;1466;45;4119
FR;4;2022-08-15;1;1;3;0;1;1081360;6755;1469;45;4120
FR;4;2022-08-16;0;0;1;0;1;1081360;6755;1470;45;4121
FR;4;2022-08-17;2;0;0;0;0;1081362;6755;1470;45;4121
FR;4;2022-08-18;0;0;0;0;0;1081362;6755;1470;45;4121
FR;4;2022-08-19;5;0;0;0;0;1081367;6755;1470;45;4121
FR;4;2022-08-20;1;0;0;0;0;1081368;6755;1470;45;4121
FR;4;2022-08-21;1;0;0;0;0;1081369;6755;1470;45;4121
FR;4;2022-08-22;3;9;0;0;9;1081372;6764;1470;45;4130
FR;4;2022-08-23;1;2;3;0;3;1081373;6766;1473;45;4133
FR;4;2022-08-24;3;0;0;1;0;1081376;6766;1473;46;4133
FR;4;2022-08-25;0;3;1;0;3;1081376;6769;1474;46;4136
FR;4;2022-08-26;1;0;0;1;0;1081377;6769;1474;47;4136
FR;4;2022-08-27;1;0;0;0;0;1081378;6769;1474;47;4136
FR;4;2022-08-28;0;0;0;0;0;1081378;6769;1474;47;4136
FR;4;2022-08-29;3;0;0;0;0;1081381;6769;1474;47;4136
FR;4;2022-08-30;4;0;0;0;0;1081385;6769;1474;47;4136
FR;4;2022-08-31;1;1;0;0;1;1081386;6770;1474;47;4137
FR;4;2022-09-01;1;6;2;0;5;1081387;6776;1476;47;4142
FR;4;2022-09-02;1;1;1;0;2;1081388;6777;1477;47;4144
FR;4;2022-09-03;2;0;0;0;0;1081390;6777;1477;47;4144
FR;4;2022-09-04;0;0;0;0;0;1081390;6777;1477;47;4144
FR;4;2022-09-05;2;2;0;0;2;1081392;6779;1477;47;4146
FR;4;2022-09-06;0;0;0;0;0;1081392;6779;1477;47;4146
FR;4;2022-09-07;0;0;1;1;1;1081392;6779;1478;48;4147
FR;4;2022-09-08;3;0;0;0;0;1081395;6779;1478;48;4147
FR;4;2022-09-09;2;0;0;0;0;1081397;6779;1478;48;4147
FR;4;2022-09-10;0;0;0;3;1;1081397;6779;1478;51;4148
FR;4;2022-09-11;2;0;0;0;0;1081399;6779;1478;51;4148
FR;4;2022-09-12;0;1;1;0;1;1081399;6780;1479;51;4149
FR;4;2022-09-13;1;0;0;0;0;1081400;6780;1479;51;4149
FR;4;2022-09-14;0;0;0;0;0;1081400;6780;1479;51;4149
FR;4;2022-09-15;2;0;0;0;0;1081402;6780;1479;51;4149
FR;4;2022-09-16;0;0;0;0;0;1081402;6780;1479;51;4149
FR;4;2022-09-17;2;0;0;0;0;1081404;6780;1479;51;4149
FR;4;2022-09-18;0;0;0;0;0;1081404;6780;1479;51;4149
FR;4;2022-09-19;1;0;1;0;1;1081405;6780;1480;51;4150
FR;4;2022-09-20;0;0;0;0;0;1081405;6780;1480;51;4150
FR;4;2022-09-21;2;0;0;0;0;1081407;6780;1480;51;4150
FR;4;2022-09-22;1;0;0;0;0;1081408;6780;1480;51;4150
FR;4;2022-09-23;1;3;0;0;2;1081409;6783;1480;51;4152
FR;4;2022-09-24;1;0;0;0;0;1081410;6783;1480;51;4152
FR;4;2022-09-25;0;0;0;0;0;1081410;6783;1480;51;4152
FR;4;2022-09-26;2;0;1;0;0;1081412;6783;1481;51;4152
FR;4;2022-09-27;0;0;0;1;0;1081412;6783;1481;52;4152
FR;4;2022-09-28;3;0;0;0;0;1081415;6783;1481;52;4152
FR;4;2022-09-29;2;0;0;1;0;1081417;6783;1481;53;4152
FR;4;2022-09-30;1;0;0;0;0;1081418;6783;1481;53;4152
FR;4;2022-10-01;0;1;0;0;0;1081418;6784;1481;53;4152
FR;4;2022-10-02;0;0;0;0;0;1081418;6784;1481;53;4152
FR;4;2022-10-03;1;1;0;0;0;1081419;6785;1481;53;4152
FR;4;2022-10-04;2;0;0;0;0;1081421;6785;1481;53;4152
FR;4;2022-10-05;0;1;0;0;1;1081421;6786;1481;53;4153
FR;4;2022-10-06;1;0;0;0;0;1081422;6786;1481;53;4153
FR;4;2022-10-07;1;0;1;0;0;1081423;6786;1482;53;4153
FR;4;2022-10-08;3;1;0;0;0;1081426;6787;1482;53;4153
FR;4;2022-10-09;0;0;0;0;0;1081426;6787;1482;53;4153
FR;4;2022-10-10;1;0;0;1;0;1081427;6787;1482;54;4153
FR;4;2022-10-11;1;2;0;0;1;1081428;6789;1482;54;4154
FR;4;2022-10-12;0;0;0;0;0;1081428;6789;1482;54;4154
FR;4;2022-10-13;3;0;0;0;0;1081431;6789;1482;54;4154
FR;4;2022-10-14;0;0;0;0;0;1081431;6789;1482;54;4154
FR;4;2022-10-15;0;0;0;0;0;1081431;6789;1482;54;4154
FR;4;2022-10-16;0;0;0;0;0;1081431;6789;1482;54;4154
FR;4;2022-10-17;2;0;1;0;1;1081433;6789;1483;54;4155
FR;4;2022-10-18;1;0;0;1;0;1081434;6789;1483;55;4155
FR;4;2022-10-19;1;0;0;0;0;1081435;6789;1483;55;4155
FR;4;2022-10-20;1;0;0;0;0;1081436;6789;1483;55;4155
FR;5;2020-12-27;0;0;0;0;0;0;0;0;0;0
FR;5;2020-12-28;0;0;0;0;0;0;0;0;0;0
FR;5;2020-12-29;0;0;0;0;0;0;0;0;0;0
FR;5;2020-12-30;0;0;0;0;0;0;0;0;0;0
FR;5;2020-12-31;0;0;0;0;0;0;0;0;0;0
FR;5;2021-01-01;0;0;0;0;0;0;0;0;0;0
FR;5;2021-01-02;0;0;0;0;0;0;0;0;0;0
FR;5;2021-01-03;0;0;0;0;0;0;0;0;0;0
FR;5;2021-01-04;0;0;0;0;0;0;0;0;0;0
FR;5;2021-01-05;0;0;0;0;0;0;0;0;0;0
FR;5;2021-01-06;0;0;0;0;0;0;0;0;0;0
FR;5;2021-01-07;0;0;0;0;0;0;0;0;0;0
FR;5;2021-01-08;0;0;0;0;0;0;0;0;0;0
FR;5;2021-01-09;0;0;0;0;0;0;0;0;0;0
FR;5;2021-01-10;0;0;0;0;0;0;0;0;0;0
FR;5;2021-01-11;0;0;0;0;0;0;0;0;0;0
FR;5;2021-01-12;0;0;0;0;0;0;0;0;0;0
FR;5;2021-01-13;0;0;0;0;0;0;0;0;0;0
FR;5;2021-01-14;0;0;0;0;0;0;0;0;0;0
FR;5;2021-01-15;0;0;0;0;0;0;0;0;0;0
FR;5;2021-01-16;0;0;0;0;0;0;0;0;0;0
FR;5;2021-01-17;0;0;0;0;0;0;0;0;0;0
FR;5;2021-01-18;0;0;0;0;0;0;0;0;0;0
FR;5;2021-01-19;0;0;0;0;0;0;0;0;0;0
FR;5;2021-01-20;0;0;0;0;0;0;0;0;0;0
FR;5;2021-01-21;0;0;0;0;0;0;0;0;0;0
FR;5;2021-01-22;0;0;0;0;0;0;0;0;0;0
FR;5;2021-01-23;0;0;0;0;0;0;0;0;0;0
FR;5;2021-01-24;0;0;0;0;0;0;0;0;0;0
FR;5;2021-01-25;0;0;0;0;0;0;0;0;0;0
FR;5;2021-01-26;0;0;0;0;0;0;0;0;0;0
FR;5;2021-01-27;0;0;0;0;0;0;0;0;0;0
FR;5;2021-01-28;0;0;0;0;0;0;0;0;0;0
FR;5;2021-01-29;0;0;0;0;0;0;0;0;0;0
FR;5;2021-01-30;0;0;0;0;0;0;0;0;0;0
FR;5;2021-01-31;0;0;0;0;0;0;0;0;0;0
FR;5;2021-02-01;0;0;0;0;0;0;0;0;0;0
FR;5;2021-02-02;0;0;0;0;0;0;0;0;0;0
FR;5;2021-02-03;0;0;0;0;0;0;0;0;0;0
FR;5;2021-02-04;0;0;0;0;0;0;0;0;0;0
FR;5;2021-02-05;0;0;0;0;0;0;0;0;0;0
FR;5;2021-02-06;0;0;0;0;0;0;0;0;0;0
FR;5;2021-02-07;0;0;0;0;0;0;0;0;0;0
FR;5;2021-02-08;0;0;0;0;0;0;0;0;0;0
FR;5;2021-02-09;0;0;0;0;0;0;0;0;0;0
FR;5;2021-02-10;0;0;0;0;0;0;0;0;0;0
FR;5;2021-02-11;0;0;0;0;0;0;0;0;0;0
FR;5;2021-02-12;0;0;0;0;0;0;0;0;0;0
FR;5;2021-02-13;0;0;0;0;0;0;0;0;0;0
FR;5;2021-02-14;0;0;0;0;0;0;0;0;0;0
FR;5;2021-02-15;0;0;0;0;0;0;0;0;0;0
FR;5;2021-02-16;0;0;0;0;0;0;0;0;0;0
FR;5;2021-02-17;0;0;0;0;0;0;0;0;0;0
FR;5;2021-02-18;0;0;0;0;0;0;0;0;0;0
FR;5;2021-02-19;0;0;0;0;0;0;0;0;0;0
FR;5;2021-02-20;0;0;0;0;0;0;0;0;0;0
FR;5;2021-02-21;0;0;0;0;0;0;0;0;0;0
FR;5;2021-02-22;0;0;0;0;0;0;0;0;0;0
FR;5;2021-02-23;0;0;0;0;0;0;0;0;0;0
FR;5;2021-02-24;0;0;0;0;0;0;0;0;0;0
FR;5;2021-02-25;0;0;0;0;0;0;0;0;0;0
FR;5;2021-02-26;0;0;0;0;0;0;0;0;0;0
FR;5;2021-02-27;0;0;0;0;0;0;0;0;0;0
FR;5;2021-02-28;0;0;0;0;0;0;0;0;0;0
FR;5;2021-03-01;0;0;0;0;0;0;0;0;0;0
FR;5;2021-03-02;0;0;0;0;0;0;0;0;0;0
FR;5;2021-03-03;0;0;0;0;0;0;0;0;0;0
FR;5;2021-03-04;0;0;0;0;0;0;0;0;0;0
FR;5;2021-03-05;0;0;0;0;0;0;0;0;0;0
FR;5;2021-03-06;0;0;0;0;0;0;0;0;0;0
FR;5;2021-03-07;0;0;0;0;0;0;0;0;0;0
FR;5;2021-03-08;0;0;0;0;0;0;0;0;0;0
FR;5;2021-03-09;0;0;0;0;0;0;0;0;0;0
FR;5;2021-03-10;0;0;0;0;0;0;0;0;0;0
FR;5;2021-03-11;0;0;0;0;0;0;0;0;0;0
FR;5;2021-03-12;0;0;0;0;0;0;0;0;0;0
FR;5;2021-03-13;0;0;0;0;0;0;0;0;0;0
FR;5;2021-03-14;0;0;0;0;0;0;0;0;0;0
FR;5;2021-03-15;0;0;0;0;0;0;0;0;0;0
FR;5;2021-03-16;0;0;0;0;0;0;0;0;0;0
FR;5;2021-03-17;0;0;0;0;0;0;0;0;0;0
FR;5;2021-03-18;0;0;0;0;0;0;0;0;0;0
FR;5;2021-03-19;0;0;0;0;0;0;0;0;0;0
FR;5;2021-03-20;0;0;0;0;0;0;0;0;0;0
FR;5;2021-03-21;0;0;0;0;0;0;0;0;0;0
FR;5;2021-03-22;0;0;0;0;0;0;0;0;0;0
FR;5;2021-03-23;0;0;0;0;0;0;0;0;0;0
FR;5;2021-03-24;0;0;0;0;0;0;0;0;0;0
FR;5;2021-03-25;0;0;0;0;0;0;0;0;0;0
FR;5;2021-03-26;0;0;0;0;0;0;0;0;0;0
FR;5;2021-03-27;0;0;0;0;0;0;0;0;0;0
FR;5;2021-03-28;0;0;0;0;0;0;0;0;0;0
FR;5;2021-03-29;0;0;0;0;0;0;0;0;0;0
FR;5;2021-03-30;0;0;0;0;0;0;0;0;0;0
FR;5;2021-03-31;0;0;0;0;0;0;0;0;0;0
FR;5;2021-04-01;0;0;0;0;0;0;0;0;0;0
FR;5;2021-04-02;0;0;0;0;0;0;0;0;0;0
FR;5;2021-04-03;0;0;0;0;0;0;0;0;0;0
FR;5;2021-04-04;0;0;0;0;0;0;0;0;0;0
FR;5;2021-04-05;0;0;0;0;0;0;0;0;0;0
FR;5;2021-04-06;0;0;0;0;0;0;0;0;0;0
FR;5;2021-04-07;0;0;0;0;0;0;0;0;0;0
FR;5;2021-04-08;0;0;0;0;0;0;0;0;0;0
FR;5;2021-04-09;0;0;0;0;0;0;0;0;0;0
FR;5;2021-04-10;0;0;0;0;0;0;0;0;0;0
FR;5;2021-04-11;0;0;0;0;0;0;0;0;0;0
FR;5;2021-04-12;0;0;0;0;0;0;0;0;0;0
FR;5;2021-04-13;0;0;0;0;0;0;0;0;0;0
FR;5;2021-04-14;0;0;0;0;0;0;0;0;0;0
FR;5;2021-04-15;0;0;0;0;0;0;0;0;0;0
FR;5;2021-04-16;0;0;0;0;0;0;0;0;0;0
FR;5;2021-04-17;0;0;0;0;0;0;0;0;0;0
FR;5;2021-04-18;0;0;0;0;0;0;0;0;0;0
FR;5;2021-04-19;0;0;0;0;0;0;0;0;0;0
FR;5;2021-04-20;0;0;0;0;0;0;0;0;0;0
FR;5;2021-04-21;0;0;0;0;0;0;0;0;0;0
FR;5;2021-04-22;0;0;0;0;0;0;0;0;0;0
FR;5;2021-04-23;0;0;0;0;0;0;0;0;0;0
FR;5;2021-04-24;0;0;0;0;0;0;0;0;0;0
FR;5;2021-04-25;0;0;0;0;0;0;0;0;0;0
FR;5;2021-04-26;0;0;0;0;0;0;0;0;0;0
FR;5;2021-04-27;0;0;0;0;0;0;0;0;0;0
FR;5;2021-04-28;0;0;0;0;0;0;0;0;0;0
FR;5;2021-04-29;0;0;0;0;0;0;0;0;0;0
FR;5;2021-04-30;0;0;0;0;0;0;0;0;0;0
FR;5;2021-05-01;0;0;0;0;0;0;0;0;0;0
FR;5;2021-05-02;0;0;0;0;0;0;0;0;0;0
FR;5;2021-05-03;0;0;0;0;0;0;0;0;0;0
FR;5;2021-05-04;0;0;0;0;0;0;0;0;0;0
FR;5;2021-05-05;0;0;0;0;0;0;0;0;0;0
FR;5;2021-05-06;0;0;0;0;0;0;0;0;0;0
FR;5;2021-05-07;0;0;0;0;0;0;0;0;0;0
FR;5;2021-05-08;0;0;0;0;0;0;0;0;0;0
FR;5;2021-05-09;0;0;0;0;0;0;0;0;0;0
FR;5;2021-05-10;0;0;0;0;0;0;0;0;0;0
FR;5;2021-05-11;0;0;0;0;0;0;0;0;0;0
FR;5;2021-05-12;0;0;0;0;0;0;0;0;0;0
FR;5;2021-05-13;0;0;0;0;0;0;0;0;0;0
FR;5;2021-05-14;0;0;0;0;0;0;0;0;0;0
FR;5;2021-05-15;0;0;0;0;0;0;0;0;0;0
FR;5;2021-05-16;0;0;0;0;0;0;0;0;0;0
FR;5;2021-05-17;0;0;0;0;0;0;0;0;0;0
FR;5;2021-05-18;0;0;0;0;0;0;0;0;0;0
FR;5;2021-05-19;0;0;0;0;0;0;0;0;0;0
FR;5;2021-05-20;0;0;0;0;0;0;0;0;0;0
FR;5;2021-05-21;0;0;0;0;0;0;0;0;0;0
FR;5;2021-05-22;0;0;0;0;0;0;0;0;0;0
FR;5;2021-05-23;0;0;0;0;0;0;0;0;0;0
FR;5;2021-05-24;0;0;0;0;0;0;0;0;0;0
FR;5;2021-05-25;0;0;0;0;0;0;0;0;0;0
FR;5;2021-05-26;0;0;0;0;0;0;0;0;0;0
FR;5;2021-05-27;0;0;0;0;0;0;0;0;0;0
FR;5;2021-05-28;0;0;0;0;0;0;0;0;0;0
FR;5;2021-05-29;0;0;0;0;0;0;0;0;0;0
FR;5;2021-05-30;0;0;0;0;0;0;0;0;0;0
FR;5;2021-05-31;0;0;0;0;0;0;0;0;0;0
FR;5;2021-06-01;0;0;0;0;0;0;0;0;0;0
FR;5;2021-06-02;0;0;0;0;0;0;0;0;0;0
FR;5;2021-06-03;0;0;0;0;0;0;0;0;0;0
FR;5;2021-06-04;0;0;0;0;0;0;0;0;0;0
FR;5;2021-06-05;0;0;0;0;0;0;0;0;0;0
FR;5;2021-06-06;0;0;0;0;0;0;0;0;0;0
FR;5;2021-06-07;0;0;0;0;0;0;0;0;0;0
FR;5;2021-06-08;0;0;0;0;0;0;0;0;0;0
FR;5;2021-06-09;0;0;0;0;0;0;0;0;0;0
FR;5;2021-06-10;0;0;0;0;0;0;0;0;0;0
FR;5;2021-06-11;0;0;0;0;0;0;0;0;0;0
FR;5;2021-06-12;0;0;0;0;0;0;0;0;0;0
FR;5;2021-06-13;0;0;0;0;0;0;0;0;0;0
FR;5;2021-06-14;0;0;0;0;0;0;0;0;0;0
FR;5;2021-06-15;0;0;0;0;0;0;0;0;0;0
FR;5;2021-06-16;0;0;0;0;0;0;0;0;0;0
FR;5;2021-06-17;0;0;0;0;0;0;0;0;0;0
FR;5;2021-06-18;0;0;0;0;0;0;0;0;0;0
FR;5;2021-06-19;0;0;0;0;0;0;0;0;0;0
FR;5;2021-06-20;0;0;0;0;0;0;0;0;0;0
FR;5;2021-06-21;0;0;0;0;0;0;0;0;0;0
FR;5;2021-06-22;0;0;0;0;0;0;0;0;0;0
FR;5;2021-06-23;0;0;0;0;0;0;0;0;0;0
FR;5;2021-06-24;0;0;0;0;0;0;0;0;0;0
FR;5;2021-06-25;0;0;0;0;0;0;0;0;0;0
FR;5;2021-06-26;0;0;0;0;0;0;0;0;0;0
FR;5;2021-06-27;0;0;0;0;0;0;0;0;0;0
FR;5;2021-06-28;0;0;0;0;0;0;0;0;0;0
FR;5;2021-06-29;0;0;0;0;0;0;0;0;0;0
FR;5;2021-06-30;0;0;0;0;0;0;0;0;0;0
FR;5;2021-07-01;0;0;0;0;0;0;0;0;0;0
FR;5;2021-07-02;0;0;0;0;0;0;0;0;0;0
FR;5;2021-07-03;0;0;0;0;0;0;0;0;0;0
FR;5;2021-07-04;0;0;0;0;0;0;0;0;0;0
FR;5;2021-07-05;0;0;0;0;0;0;0;0;0;0
FR;5;2021-07-06;0;0;0;0;0;0;0;0;0;0
FR;5;2021-07-07;0;0;0;0;0;0;0;0;0;0
FR;5;2021-07-08;0;0;0;0;0;0;0;0;0;0
FR;5;2021-07-09;0;0;0;0;0;0;0;0;0;0
FR;5;2021-07-10;0;0;0;0;0;0;0;0;0;0
FR;5;2021-07-11;0;0;0;0;0;0;0;0;0;0
FR;5;2021-07-12;0;0;0;0;0;0;0;0;0;0
FR;5;2021-07-13;0;0;0;0;0;0;0;0;0;0
FR;5;2021-07-14;0;0;0;0;0;0;0;0;0;0
FR;5;2021-07-15;0;0;0;0;0;0;0;0;0;0
FR;5;2021-07-16;0;0;0;0;0;0;0;0;0;0
FR;5;2021-07-17;0;0;0;0;0;0;0;0;0;0
FR;5;2021-07-18;0;0;0;0;0;0;0;0;0;0
FR;5;2021-07-19;0;0;0;0;0;0;0;0;0;0
FR;5;2021-07-20;0;0;0;0;0;0;0;0;0;0
FR;5;2021-07-21;0;0;0;0;0;0;0;0;0;0
FR;5;2021-07-22;0;0;0;0;0;0;0;0;0;0
FR;5;2021-07-23;0;0;0;0;0;0;0;0;0;0
FR;5;2021-07-24;0;0;0;0;0;0;0;0;0;0
FR;5;2021-07-25;0;0;0;0;0;0;0;0;0;0
FR;5;2021-07-26;0;0;0;0;0;0;0;0;0;0
FR;5;2021-07-27;0;0;0;0;0;0;0;0;0;0
FR;5;2021-07-28;0;0;0;0;0;0;0;0;0;0
FR;5;2021-07-29;0;0;0;0;0;0;0;0;0;0
FR;5;2021-07-30;0;0;0;0;0;0;0;0;0;0
FR;5;2021-07-31;0;0;0;0;0;0;0;0;0;0
FR;5;2021-08-01;0;0;0;0;0;0;0;0;0;0
FR;5;2021-08-02;0;0;0;0;0;0;0;0;0;0
FR;5;2021-08-03;0;0;0;0;0;0;0;0;0;0
FR;5;2021-08-04;0;0;0;0;0;0;0;0;0;0
FR;5;2021-08-05;0;0;0;0;0;0;0;0;0;0
FR;5;2021-08-06;0;0;0;0;0;0;0;0;0;0
FR;5;2021-08-07;0;0;0;0;0;0;0;0;0;0
FR;5;2021-08-08;0;0;0;0;0;0;0;0;0;0
FR;5;2021-08-09;0;0;0;0;0;0;0;0;0;0
FR;5;2021-08-10;0;0;0;0;0;0;0;0;0;0
FR;5;2021-08-11;0;0;0;0;0;0;0;0;0;0
FR;5;2021-08-12;0;0;0;0;0;0;0;0;0;0
FR;5;2021-08-13;0;0;0;0;0;0;0;0;0;0
FR;5;2021-08-14;0;0;0;0;0;0;0;0;0;0
FR;5;2021-08-15;0;0;0;0;0;0;0;0;0;0
FR;5;2021-08-16;0;0;0;0;0;0;0;0;0;0
FR;5;2021-08-17;0;0;0;0;0;0;0;0;0;0
FR;5;2021-08-18;0;0;0;0;0;0;0;0;0;0
FR;5;2021-08-19;0;0;0;0;0;0;0;0;0;0
FR;5;2021-08-20;0;0;0;0;0;0;0;0;0;0
FR;5;2021-08-21;0;0;0;0;0;0;0;0;0;0
FR;5;2021-08-22;0;0;0;0;0;0;0;0;0;0
FR;5;2021-08-23;0;0;0;0;0;0;0;0;0;0
FR;5;2021-08-24;0;0;0;0;0;0;0;0;0;0
FR;5;2021-08-25;0;0;0;0;0;0;0;0;0;0
FR;5;2021-08-26;0;0;0;0;0;0;0;0;0;0
FR;5;2021-08-27;0;0;0;0;0;0;0;0;0;0
FR;5;2021-08-28;0;0;0;0;0;0;0;0;0;0
FR;5;2021-08-29;0;0;0;0;0;0;0;0;0;0
FR;5;2021-08-30;0;0;0;0;0;0;0;0;0;0
FR;5;2021-08-31;0;0;0;0;0;0;0;0;0;0
FR;5;2021-09-01;0;0;0;0;0;0;0;0;0;0
FR;5;2021-09-02;0;0;0;0;0;0;0;0;0;0
FR;5;2021-09-03;0;0;0;0;0;0;0;0;0;0
FR;5;2021-09-04;0;0;0;0;0;0;0;0;0;0
FR;5;2021-09-05;0;0;0;0;0;0;0;0;0;0
FR;5;2021-09-06;0;0;0;0;0;0;0;0;0;0
FR;5;2021-09-07;0;0;0;0;0;0;0;0;0;0
FR;5;2021-09-08;0;0;0;0;0;0;0;0;0;0
FR;5;2021-09-09;0;0;0;0;0;0;0;0;0;0
FR;5;2021-09-10;0;0;0;0;0;0;0;0;0;0
FR;5;2021-09-11;0;0;0;0;0;0;0;0;0;0
FR;5;2021-09-12;0;0;0;0;0;0;0;0;0;0
FR;5;2021-09-13;0;0;0;0;0;0;0;0;0;0
FR;5;2021-09-14;0;0;0;0;0;0;0;0;0;0
FR;5;2021-09-15;0;0;0;0;0;0;0;0;0;0
FR;5;2021-09-16;0;0;0;0;0;0;0;0;0;0
FR;5;2021-09-17;0;0;0;0;0;0;0;0;0;0
FR;5;2021-09-18;0;0;0;0;0;0;0;0;0;0
FR;5;2021-09-19;0;0;0;0;0;0;0;0;0;0
FR;5;2021-09-20;0;0;0;0;0;0;0;0;0;0
FR;5;2021-09-21;0;0;0;0;0;0;0;0;0;0
FR;5;2021-09-22;0;0;0;0;0;0;0;0;0;0
FR;5;2021-09-23;0;0;0;0;0;0;0;0;0;0
FR;5;2021-09-24;0;0;0;0;0;0;0;0;0;0
FR;5;2021-09-25;0;0;0;0;0;0;0;0;0;0
FR;5;2021-09-26;0;0;0;0;0;0;0;0;0;0
FR;5;2021-09-27;0;0;0;0;0;0;0;0;0;0
FR;5;2021-09-28;0;0;0;0;0;0;0;0;0;0
FR;5;2021-09-29;0;0;0;0;0;0;0;0;0;0
FR;5;2021-09-30;0;0;0;0;0;0;0;0;0;0
FR;5;2021-10-01;0;0;0;0;0;0;0;0;0;0
FR;5;2021-10-02;0;0;0;0;0;0;0;0;0;0
FR;5;2021-10-03;0;0;0;0;0;0;0;0;0;0
FR;5;2021-10-04;0;0;0;0;0;0;0;0;0;0
FR;5;2021-10-05;0;0;0;0;0;0;0;0;0;0
FR;5;2021-10-06;0;0;0;0;0;0;0;0;0;0
FR;5;2021-10-07;0;0;0;0;0;0;0;0;0;0
FR;5;2021-10-08;0;0;0;0;0;0;0;0;0;0
FR;5;2021-10-09;0;0;0;0;0;0;0;0;0;0
FR;5;2021-10-10;0;0;0;0;0;0;0;0;0;0
FR;5;2021-10-11;0;0;0;0;0;0;0;0;0;0
FR;5;2021-10-12;0;0;0;0;0;0;0;0;0;0
FR;5;2021-10-13;0;0;0;0;0;0;0;0;0;0
FR;5;2021-10-14;0;0;0;0;0;0;0;0;0;0
FR;5;2021-10-15;0;0;0;0;0;0;0;0;0;0
FR;5;2021-10-16;0;0;0;0;0;0;0;0;0;0
FR;5;2021-10-17;0;0;0;0;0;0;0;0;0;0
FR;5;2021-10-18;0;0;0;0;0;0;0;0;0;0
FR;5;2021-10-19;0;0;0;0;0;0;0;0;0;0
FR;5;2021-10-20;0;0;0;0;0;0;0;0;0;0
FR;5;2021-10-21;0;0;0;0;0;0;0;0;0;0
FR;5;2021-10-22;0;0;0;0;0;0;0;0;0;0
FR;5;2021-10-23;0;0;0;0;0;0;0;0;0;0
FR;5;2021-10-24;0;0;0;0;0;0;0;0;0;0
FR;5;2021-10-25;0;0;0;0;0;0;0;0;0;0
FR;5;2021-10-26;0;0;0;0;0;0;0;0;0;0
FR;5;2021-10-27;0;0;0;0;0;0;0;0;0;0
FR;5;2021-10-28;0;0;0;0;0;0;0;0;0;0
FR;5;2021-10-29;0;0;0;0;0;0;0;0;0;0
FR;5;2021-10-30;0;0;0;0;0;0;0;0;0;0
FR;5;2021-10-31;0;0;0;0;0;0;0;0;0;0
FR;5;2021-11-01;0;0;0;0;0;0;0;0;0;0
FR;5;2021-11-02;0;0;0;0;0;0;0;0;0;0
FR;5;2021-11-03;0;0;0;0;0;0;0;0;0;0
FR;5;2021-11-04;0;0;0;0;0;0;0;0;0;0
FR;5;2021-11-05;0;0;0;0;0;0;0;0;0;0
FR;5;2021-11-06;0;0;0;0;0;0;0;0;0;0
FR;5;2021-11-07;0;0;0;0;0;0;0;0;0;0
FR;5;2021-11-08;0;0;0;0;0;0;0;0;0;0
FR;5;2021-11-09;0;0;0;0;0;0;0;0;0;0
FR;5;2021-11-10;0;0;0;0;0;0;0;0;0;0
FR;5;2021-11-11;0;0;0;0;0;0;0;0;0;0
FR;5;2021-11-12;0;0;0;0;0;0;0;0;0;0
FR;5;2021-11-13;0;0;0;0;0;0;0;0;0;0
FR;5;2021-11-14;0;0;0;0;0;0;0;0;0;0
FR;5;2021-11-15;0;0;0;0;0;0;0;0;0;0
FR;5;2021-11-16;0;0;0;0;0;0;0;0;0;0
FR;5;2021-11-17;0;0;0;0;0;0;0;0;0;0
FR;5;2021-11-18;0;0;0;0;0;0;0;0;0;0
FR;5;2021-11-19;0;0;0;0;0;0;0;0;0;0
FR;5;2021-11-20;0;0;0;0;0;0;0;0;0;0
FR;5;2021-11-21;0;0;0;0;0;0;0;0;0;0
FR;5;2021-11-22;0;0;0;0;0;0;0;0;0;0
FR;5;2021-11-23;0;0;0;0;0;0;0;0;0;0
FR;5;2021-11-24;0;0;0;0;0;0;0;0;0;0
FR;5;2021-11-25;0;0;0;0;0;0;0;0;0;0
FR;5;2021-11-26;0;0;0;0;0;0;0;0;0;0
FR;5;2021-11-27;0;0;0;0;0;0;0;0;0;0
FR;5;2021-11-28;0;0;0;0;0;0;0;0;0;0
FR;5;2021-11-29;0;0;0;0;0;0;0;0;0;0
FR;5;2021-11-30;0;0;0;0;0;0;0;0;0;0
FR;5;2021-12-01;0;0;0;0;0;0;0;0;0;0
FR;5;2021-12-02;0;0;0;0;0;0;0;0;0;0
FR;5;2021-12-03;0;0;0;0;0;0;0;0;0;0
FR;5;2021-12-04;0;0;0;0;0;0;0;0;0;0
FR;5;2021-12-05;0;0;0;0;0;0;0;0;0;0
FR;5;2021-12-06;0;0;0;0;0;0;0;0;0;0
FR;5;2021-12-07;0;0;0;0;0;0;0;0;0;0
FR;5;2021-12-08;0;0;0;0;0;0;0;0;0;0
FR;5;2021-12-09;0;0;0;0;0;0;0;0;0;0
FR;5;2021-12-10;0;0;0;0;0;0;0;0;0;0
FR;5;2021-12-11;0;0;0;0;0;0;0;0;0;0
FR;5;2021-12-12;0;0;0;0;0;0;0;0;0;0
FR;5;2021-12-13;0;0;0;0;0;0;0;0;0;0
FR;5;2021-12-14;33;45;77;0;88;33;45;77;0;88
FR;5;2021-12-15;196;45;37;0;49;229;90;114;0;137
FR;5;2021-12-16;181;21;44;0;48;410;111;158;0;185
FR;5;2021-12-17;312;16;72;0;74;722;127;230;0;259
FR;5;2021-12-18;766;24;22;0;29;1488;151;252;0;288
FR;5;2021-12-19;586;15;15;0;17;2074;166;267;0;305
FR;5;2021-12-20;1223;31;35;0;38;3297;197;302;0;343
FR;5;2021-12-21;1535;22;54;1;60;4832;219;356;1;403
FR;5;2021-12-22;4069;40;37;0;46;8901;259;393;1;449
FR;5;2021-12-23;3042;16;21;0;25;11943;275;414;1;474
FR;5;2021-12-24;761;18;9;0;14;12704;293;423;1;488
FR;5;2021-12-25;61;5;2;0;3;12765;298;425;1;491
FR;5;2021-12-26;623;6;3;0;4;13388;304;428;1;495
FR;5;2021-12-27;4085;25;21;0;23;17473;329;449;1;518
FR;5;2021-12-28;5204;23;41;1;43;22677;352;490;2;561
FR;5;2021-12-29;8107;34;66;2;69;30784;386;556;4;630
FR;5;2021-12-30;5173;18;33;0;39;35957;404;589;4;669
FR;5;2021-12-31;1553;8;10;0;11;37510;412;599;4;680
FR;5;2022-01-01;185;2;2;0;3;37695;414;601;4;683
FR;5;2022-01-02;1489;1;1;0;1;39184;415;602;4;684
FR;5;2022-01-03;3066;36;33;0;32;42250;451;635;4;716
FR;5;2022-01-04;3033;39;33;0;42;45283;490;668;4;758
FR;5;2022-01-05;19323;203;97;1;108;64606;693;765;5;866
FR;5;2022-01-06;3746;134;122;0;142;68352;827;887;5;1008
FR;5;2022-01-07;5007;202;48;2;56;73359;1029;935;7;1064
FR;5;2022-01-08;13659;514;45;0;52;87018;1543;980;7;1116
FR;5;2022-01-09;5754;399;15;0;20;92772;1942;995;7;1136
FR;5;2022-01-10;3455;326;25;0;29;96227;2268;1020;7;1165
FR;5;2022-01-11;3671;284;38;0;41;99898;2552;1058;7;1206
FR;5;2022-01-12;22652;3005;89;0;112;122550;5557;1147;7;1318
FR;5;2022-01-13;4037;622;30;0;32;126587;6179;1177;7;1350
FR;5;2022-01-14;4843;582;44;0;51;131430;6761;1221;7;1401
FR;5;2022-01-15;14686;1746;38;3;49;146116;8507;1259;10;1450
FR;5;2022-01-16;4727;666;3;0;5;150843;9173;1262;10;1455
FR;5;2022-01-17;2297;718;26;0;29;153140;9891;1288;10;1484
FR;5;2022-01-18;2430;870;30;0;40;155570;10761;1318;10;1524
FR;5;2022-01-19;18483;6423;74;2;142;174053;17184;1392;12;1666
FR;5;2022-01-20;1920;1068;25;0;34;175973;18252;1417;12;1700
FR;5;2022-01-21;3077;1372;47;1;59;179050;19624;1464;13;1759
FR;5;2022-01-22;10720;3454;33;1;43;189770;23078;1497;14;1802
FR;5;2022-01-23;2629;1415;6;0;10;192399;24493;1503;14;1812
FR;5;2022-01-24;1160;1340;19;0;23;193559;25833;1522;14;1835
FR;5;2022-01-25;1220;1549;20;2;31;194779;27382;1542;16;1866
FR;5;2022-01-26;10751;12028;50;1;89;205530;39410;1592;17;1955
FR;5;2022-01-27;1291;1693;10;0;17;206821;41103;1602;17;1972
FR;5;2022-01-28;1699;3347;16;0;19;208520;44450;1618;17;1991
FR;5;2022-01-29;6241;8041;68;0;96;214761;52491;1686;17;2087
FR;5;2022-01-30;1509;2950;5;0;18;216270;55441;1691;17;2105
FR;5;2022-01-31;589;1773;23;0;24;216859;57214;1714;17;2129
FR;5;2022-02-01;712;1706;10;0;15;217571;58920;1724;17;2144
FR;5;2022-02-02;6958;15656;52;0;94;224529;74576;1776;17;2238
FR;5;2022-02-03;491;1690;14;0;13;225020;76266;1790;17;2251
FR;5;2022-02-04;945;3002;19;0;31;225965;79268;1809;17;2282
FR;5;2022-02-05;3535;8918;23;0;37;229500;88186;1832;17;2319
FR;5;2022-02-06;737;2397;10;0;19;230237;90583;1842;17;2338
FR;5;2022-02-07;884;1596;23;0;25;231121;92179;1865;17;2363
FR;5;2022-02-08;722;1287;18;0;20;231843;93466;1883;17;2383
FR;5;2022-02-09;4544;12878;44;0;76;236387;106344;1927;17;2459
FR;5;2022-02-10;646;1059;14;0;15;237033;107403;1941;17;2474
FR;5;2022-02-11;793;2032;16;0;21;237826;109435;1957;17;2495
FR;5;2022-02-12;2286;6812;33;0;53;240112;116247;1990;17;2548
FR;5;2022-02-13;464;1540;8;0;8;240576;117787;1998;17;2556
FR;5;2022-02-14;678;1288;10;0;13;241254;119075;2008;17;2569
FR;5;2022-02-15;482;886;9;0;14;241736;119961;2017;17;2583
FR;5;2022-02-16;2980;9123;41;1;58;244716;129084;2058;18;2641
FR;5;2022-02-17;436;809;6;0;7;245152;129893;2064;18;2648
FR;5;2022-02-18;649;1408;13;0;17;245801;131301;2077;18;2665
FR;5;2022-02-19;1373;4315;16;0;28;247174;135616;2093;18;2693
FR;5;2022-02-20;247;879;6;0;8;247421;136495;2099;18;2701
FR;5;2022-02-21;221;607;2;0;4;247642;137102;2101;18;2705
FR;5;2022-02-22;262;545;17;0;17;247904;137647;2118;18;2722
FR;5;2022-02-23;1909;6926;23;1;43;249813;144573;2141;19;2765
FR;5;2022-02-24;182;374;6;1;7;249995;144947;2147;20;2772
FR;5;2022-02-25;336;950;13;0;12;250331;145897;2160;20;2784
FR;5;2022-02-26;972;3070;11;0;15;251303;148967;2171;20;2799
FR;5;2022-02-27;150;506;0;0;3;251453;149473;2171;20;2802
FR;5;2022-02-28;162;369;1;0;1;251615;149842;2172;20;2803
FR;5;2022-03-01;130;280;6;0;7;251745;150122;2178;20;2810
FR;5;2022-03-02;1241;4156;28;3;40;252986;154278;2206;23;2850
FR;5;2022-03-03;121;251;5;0;10;253107;154529;2211;23;2860
FR;5;2022-03-04;197;488;13;0;14;253304;155017;2224;23;2874
FR;5;2022-03-05;677;1990;8;0;16;253981;157007;2232;23;2890
FR;5;2022-03-06;108;260;0;0;0;254089;157267;2232;23;2890
FR;5;2022-03-07;71;228;5;0;3;254160;157495;2237;23;2893
FR;5;2022-03-08;46;134;7;1;8;254206;157629;2244;24;2901
FR;5;2022-03-09;910;3078;24;0;36;255116;160707;2268;24;2937
FR;5;2022-03-10;82;202;9;0;13;255198;160909;2277;24;2950
FR;5;2022-03-11;148;369;13;1;15;255346;161278;2290;25;2965
FR;5;2022-03-12;758;1613;13;1;30;256104;162891;2303;26;2995
FR;5;2022-03-13;78;100;0;0;0;256182;162991;2303;26;2995
FR;5;2022-03-14;67;119;7;1;7;256249;163110;2310;27;3002
FR;5;2022-03-15;83;99;4;0;7;256332;163209;2314;27;3009
FR;5;2022-03-16;882;1827;15;3;36;257214;165036;2329;30;3045
FR;5;2022-03-17;68;123;8;4;10;257282;165159;2337;34;3055
FR;5;2022-03-18;172;318;13;4;18;257454;165477;2350;38;3073
FR;5;2022-03-19;751;1163;12;5;33;258205;166640;2362;43;3106
FR;5;2022-03-20;45;93;1;0;1;258250;166733;2363;43;3107
FR;5;2022-03-21;71;120;10;6;15;258321;166853;2373;49;3122
FR;5;2022-03-22;56;119;8;7;9;258377;166972;2381;56;3131
FR;5;2022-03-23;805;1461;14;8;36;259182;168433;2395;64;3167
FR;5;2022-03-24;70;93;8;7;7;259252;168526;2403;71;3174
FR;5;2022-03-25;222;293;14;8;18;259474;168819;2417;79;3192
FR;5;2022-03-26;707;853;12;5;26;260181;169672;2429;84;3218
FR;5;2022-03-27;75;80;0;0;3;260256;169752;2429;84;3221
FR;5;2022-03-28;81;93;1;2;3;260337;169845;2430;86;3224
FR;5;2022-03-29;71;82;10;4;12;260408;169927;2440;90;3236
FR;5;2022-03-30;823;1116;16;13;29;261231;171043;2456;103;3265
FR;5;2022-03-31;102;125;1;4;6;261333;171168;2457;107;3271
FR;5;2022-04-01;114;86;7;12;11;261447;171254;2464;119;3282
FR;5;2022-04-02;330;349;3;3;15;261777;171603;2467;122;3297
FR;5;2022-04-03;54;59;1;0;1;261831;171662;2468;122;3298
FR;5;2022-04-04;40;57;4;1;8;261871;171719;2472;123;3306
FR;5;2022-04-05;52;60;6;7;9;261923;171779;2478;130;3315
FR;5;2022-04-06;421;439;7;15;16;262344;172218;2485;145;3331
FR;5;2022-04-07;45;69;5;7;7;262389;172287;2490;152;3338
FR;5;2022-04-08;134;112;12;13;14;262523;172399;2502;165;3352
FR;5;2022-04-09;311;324;2;5;17;262834;172723;2504;170;3369
FR;5;2022-04-10;44;31;2;0;2;262878;172754;2506;170;3371
FR;5;2022-04-11;50;60;3;2;4;262928;172814;2509;172;3375
FR;5;2022-04-12;59;54;3;3;5;262987;172868;2512;175;3380
FR;5;2022-04-13;382;413;3;8;16;263369;173281;2515;183;3396
FR;5;2022-04-14;48;48;5;5;9;263417;173329;2520;188;3405
FR;5;2022-04-15;91;109;4;4;5;263508;173438;2524;192;3410
FR;5;2022-04-16;188;184;2;1;13;263696;173622;2526;193;3423
FR;5;2022-04-17;12;11;1;0;1;263708;173633;2527;193;3424
FR;5;2022-04-18;9;10;2;0;3;263717;173643;2529;193;3427
FR;5;2022-04-19;75;71;6;1;6;263792;173714;2535;194;3433
FR;5;2022-04-20;361;349;9;6;12;264153;174063;2544;200;3445
FR;5;2022-04-21;42;64;9;10;12;264195;174127;2553;210;3457
FR;5;2022-04-22;113;96;5;4;5;264308;174223;2558;214;3462
FR;5;2022-04-23;209;193;3;2;10;264517;174416;2561;216;3472
FR;5;2022-04-24;37;35;0;0;3;264554;174451;2561;216;3475
FR;5;2022-04-25;69;65;1;1;4;264623;174516;2562;217;3479
FR;5;2022-04-26;60;63;2;1;5;264683;174579;2564;218;3484
FR;5;2022-04-27;335;316;3;7;14;265018;174895;2567;225;3498
FR;5;2022-04-28;81;54;4;5;8;265099;174949;2571;230;3506
FR;5;2022-04-29;117;84;5;19;12;265216;175033;2576;249;3518
FR;5;2022-04-30;183;114;2;3;10;265399;175147;2578;252;3528
FR;5;2022-05-01;11;7;0;0;0;265410;175154;2578;252;3528
FR;5;2022-05-02;52;28;4;5;2;265462;175182;2582;257;3530
FR;5;2022-05-03;84;57;2;5;11;265546;175239;2584;262;3541
FR;5;2022-05-04;278;205;1;2;7;265824;175444;2585;264;3548
FR;5;2022-05-05;62;32;3;4;5;265886;175476;2588;268;3553
FR;5;2022-05-06;105;65;2;3;5;265991;175541;2590;271;3558
FR;5;2022-05-07;171;117;3;10;13;266162;175658;2593;281;3571
FR;5;2022-05-08;8;8;0;0;2;266170;175666;2593;281;3573
FR;5;2022-05-09;44;34;15;3;16;266214;175700;2608;284;3589
FR;5;2022-05-10;54;49;3;4;5;266268;175749;2611;288;3594
FR;5;2022-05-11;326;237;12;7;21;266594;175986;2623;295;3615
FR;5;2022-05-12;46;34;2;2;2;266640;176020;2625;297;3617
FR;5;2022-05-13;109;83;3;8;8;266749;176103;2628;305;3625
FR;5;2022-05-14;209;131;0;1;8;266958;176234;2628;306;3633
FR;5;2022-05-15;22;9;2;0;1;266980;176243;2630;306;3634
FR;5;2022-05-16;52;34;4;5;4;267032;176277;2634;311;3638
FR;5;2022-05-17;72;40;5;0;2;267104;176317;2639;311;3640
FR;5;2022-05-18;289;215;4;4;8;267393;176532;2643;315;3648
FR;5;2022-05-19;45;35;5;3;3;267438;176567;2648;318;3651
FR;5;2022-05-20;76;63;3;10;1;267514;176630;2651;328;3652
FR;5;2022-05-21;242;166;2;3;17;267756;176796;2653;331;3669
FR;5;2022-05-22;20;14;2;5;2;267776;176810;2655;336;3671
FR;5;2022-05-23;42;31;4;3;6;267818;176841;2659;339;3677
FR;5;2022-05-24;47;45;3;2;5;267865;176886;2662;341;3682
FR;5;2022-05-25;329;257;4;1;16;268194;177143;2666;342;3698
FR;5;2022-05-26;17;5;0;1;2;268211;177148;2666;343;3700
FR;5;2022-05-27;99;54;4;4;9;268310;177202;2670;347;3709
FR;5;2022-05-28;100;78;5;3;10;268410;177280;2675;350;3719
FR;5;2022-05-29;14;14;1;0;2;268424;177294;2676;350;3721
FR;5;2022-05-30;56;41;2;1;2;268480;177335;2678;351;3723
FR;5;2022-05-31;57;43;1;8;1;268537;177378;2679;359;3724
FR;5;2022-06-01;257;241;9;2;25;268794;177619;2688;361;3749
FR;5;2022-06-02;63;61;5;0;9;268857;177680;2693;361;3758
FR;5;2022-06-03;82;71;4;5;10;268939;177751;2697;366;3768
FR;5;2022-06-04;157;109;2;1;9;269096;177860;2699;367;3777
FR;5;2022-06-05;18;11;0;0;1;269114;177871;2699;367;3778
FR;5;2022-06-06;16;9;0;1;0;269130;177880;2699;368;3778
FR;5;2022-06-07;50;56;1;1;2;269180;177936;2700;369;3780
FR;5;2022-06-08;283;225;3;4;17;269463;178161;2703;373;3797
FR;5;2022-06-09;52;41;6;3;7;269515;178202;2709;376;3804
FR;5;2022-06-10;81;72;1;1;6;269596;178274;2710;377;3810
FR;5;2022-06-11;173;141;3;3;10;269769;178415;2713;380;3820
FR;5;2022-06-12;17;16;0;0;2;269786;178431;2713;380;3822
FR;5;2022-06-13;56;47;9;3;10;269842;178478;2722;383;3832
FR;5;2022-06-14;59;56;1;4;6;269901;178534;2723;387;3838
FR;5;2022-06-15;266;260;5;2;27;270167;178794;2728;389;3865
FR;5;2022-06-16;47;30;5;2;5;270214;178824;2733;391;3870
FR;5;2022-06-17;100;67;5;5;10;270314;178891;2738;396;3880
FR;5;2022-06-18;146;95;10;2;26;270460;178986;2748;398;3906
FR;5;2022-06-19;26;15;0;1;4;270486;179001;2748;399;3910
FR;5;2022-06-20;56;50;8;0;11;270542;179051;2756;399;3921
FR;5;2022-06-21;52;73;5;3;7;270594;179124;2761;402;3928
FR;5;2022-06-22;224;247;7;9;33;270818;179371;2768;411;3961
FR;5;2022-06-23;50;38;2;5;6;270868;179409;2770;416;3967
FR;5;2022-06-24;91;70;12;5;16;270959;179479;2782;421;3983
FR;5;2022-06-25;154;124;3;7;14;271113;179603;2785;428;3997
FR;5;2022-06-26;26;19;2;0;5;271139;179622;2787;428;4002
FR;5;2022-06-27;57;60;5;7;11;271196;179682;2792;435;4013
FR;5;2022-06-28;70;49;8;2;14;271266;179731;2800;437;4027
FR;5;2022-06-29;297;268;9;21;34;271563;179999;2809;458;4061
FR;5;2022-06-30;89;57;10;12;17;271652;180056;2819;470;4078
FR;5;2022-07-01;127;65;7;11;12;271779;180121;2826;481;4090
FR;5;2022-07-02;191;132;4;0;22;271970;180253;2830;481;4112
FR;5;2022-07-03;30;25;1;0;4;272000;180278;2831;481;4116
FR;5;2022-07-04;103;64;2;5;6;272103;180342;2833;486;4122
FR;5;2022-07-05;104;72;3;8;13;272207;180414;2836;494;4135
FR;5;2022-07-06;277;168;9;36;27;272484;180582;2845;530;4162
FR;5;2022-07-07;88;68;6;9;13;272572;180650;2851;539;4175
FR;5;2022-07-08;152;120;7;14;25;272724;180770;2858;553;4200
FR;5;2022-07-09;116;68;1;8;10;272840;180838;2859;561;4210
FR;5;2022-07-10;15;6;0;0;1;272855;180844;2859;561;4211
FR;5;2022-07-11;92;72;10;2;19;272947;180916;2869;563;4230
FR;5;2022-07-12;67;63;5;10;7;273014;180979;2874;573;4237
FR;5;2022-07-13;169;118;10;19;16;273183;181097;2884;592;4253
FR;5;2022-07-14;8;4;0;0;0;273191;181101;2884;592;4253
FR;5;2022-07-15;74;66;5;14;15;273265;181167;2889;606;4268
FR;5;2022-07-16;54;44;3;0;3;273319;181211;2892;606;4271
FR;5;2022-07-17;10;7;3;0;2;273329;181218;2895;606;4273
FR;5;2022-07-18;60;47;0;5;4;273389;181265;2895;611;4277
FR;5;2022-07-19;63;42;5;3;7;273452;181307;2900;614;4284
FR;5;2022-07-20;119;106;4;11;14;273571;181413;2904;625;4298
FR;5;2022-07-21;38;43;2;10;5;273609;181456;2906;635;4303
FR;5;2022-07-22;48;69;11;13;23;273657;181525;2917;648;4326
FR;5;2022-07-23;59;78;2;1;11;273716;181603;2919;649;4337
FR;5;2022-07-24;11;9;3;1;3;273727;181612;2922;650;4340
FR;5;2022-07-25;53;48;2;7;8;273780;181660;2924;657;4348
FR;5;2022-07-26;58;53;5;41;6;273838;181713;2929;698;4354
FR;5;2022-07-27;106;118;4;4;13;273944;181831;2933;702;4367
FR;5;2022-07-28;39;35;2;2;6;273983;181866;2935;704;4373
FR;5;2022-07-29;56;74;3;14;8;274039;181940;2938;718;4381
FR;5;2022-07-30;55;53;5;1;7;274094;181993;2943;719;4388
FR;5;2022-07-31;7;11;1;0;1;274101;182004;2944;719;4389
FR;5;2022-08-01;39;53;1;2;6;274140;182057;2945;721;4395
FR;5;2022-08-02;32;43;8;7;8;274172;182100;2953;728;4403
FR;5;2022-08-03;54;51;4;10;9;274226;182151;2957;738;4412
FR;5;2022-08-04;20;18;1;6;1;274246;182169;2958;744;4413
FR;5;2022-08-05;35;26;3;3;3;274281;182195;2961;747;4416
FR;5;2022-08-06;23;26;1;0;1;274304;182221;2962;747;4417
FR;5;2022-08-07;2;2;1;0;1;274306;182223;2963;747;4418
FR;5;2022-08-08;25;19;1;2;2;274331;182242;2964;749;4420
FR;5;2022-08-09;26;28;3;3;3;274357;182270;2967;752;4423
FR;5;2022-08-10;47;47;2;0;5;274404;182317;2969;752;4428
FR;5;2022-08-11;19;36;2;2;5;274423;182353;2971;754;4433
FR;5;2022-08-12;27;28;2;0;2;274450;182381;2973;754;4435
FR;5;2022-08-13;16;18;0;0;0;274466;182399;2973;754;4435
FR;5;2022-08-14;2;3;0;0;0;274468;182402;2973;754;4435
FR;5;2022-08-15;2;5;0;0;0;274470;182407;2973;754;4435
FR;5;2022-08-16;33;26;2;0;5;274503;182433;2975;754;4440
FR;5;2022-08-17;52;55;2;1;1;274555;182488;2977;755;4441
FR;5;2022-08-18;26;18;5;17;7;274581;182506;2982;772;4448
FR;5;2022-08-19;25;33;1;2;2;274606;182539;2983;774;4450
FR;5;2022-08-20;25;27;2;1;4;274631;182566;2985;775;4454
FR;5;2022-08-21;7;4;1;0;1;274638;182570;2986;775;4455
FR;5;2022-08-22;39;26;1;6;2;274677;182596;2987;781;4457
FR;5;2022-08-23;27;26;1;1;2;274704;182622;2988;782;4459
FR;5;2022-08-24;50;43;0;0;0;274754;182665;2988;782;4459
FR;5;2022-08-25;27;26;3;1;2;274781;182691;2991;783;4461
FR;5;2022-08-26;48;38;7;2;5;274829;182729;2998;785;4466
FR;5;2022-08-27;46;28;1;0;3;274875;182757;2999;785;4469
FR;5;2022-08-28;5;6;0;0;0;274880;182763;2999;785;4469
FR;5;2022-08-29;58;44;1;1;4;274938;182807;3000;786;4473
FR;5;2022-08-30;43;23;12;29;10;274981;182830;3012;815;4483
FR;5;2022-08-31;52;47;6;1;11;275033;182877;3018;816;4494
FR;5;2022-09-01;14;8;1;4;1;275047;182885;3019;820;4495
FR;5;2022-09-02;42;22;8;2;9;275089;182907;3027;822;4504
FR;5;2022-09-03;69;37;2;0;2;275158;182944;3029;822;4506
FR;5;2022-09-04;12;7;1;0;3;275170;182951;3030;822;4509
FR;5;2022-09-05;6;4;1;0;1;275176;182955;3031;822;4510
FR;5;2022-09-06;21;14;3;15;2;275197;182969;3034;837;4512
FR;5;2022-09-07;79;53;1;1;3;275276;183022;3035;838;4515
FR;5;2022-09-08;9;4;0;4;0;275285;183026;3035;842;4515
FR;5;2022-09-09;40;11;9;2;10;275325;183037;3044;844;4525
FR;5;2022-09-10;40;45;1;1;8;275365;183082;3045;845;4533
FR;5;2022-09-11;3;3;0;0;1;275368;183085;3045;845;4534
FR;5;2022-09-12;7;5;2;2;2;275375;183090;3047;847;4536
FR;5;2022-09-13;9;6;0;1;3;275384;183096;3047;848;4539
FR;5;2022-09-14;52;46;4;7;9;275436;183142;3051;855;4548
FR;5;2022-09-15;11;13;2;3;5;275447;183155;3053;858;4553
FR;5;2022-09-16;25;33;1;4;3;275472;183188;3054;862;4556
FR;5;2022-09-17;60;43;1;1;5;275532;183231;3055;863;4561
FR;5;2022-09-18;9;5;0;1;1;275541;183236;3055;864;4562
FR;5;2022-09-19;22;17;2;1;5;275563;183253;3057;865;4567
FR;5;2022-09-20;15;11;3;3;1;275578;183264;3060;868;4568
FR;5;2022-09-21;68;45;9;0;13;275646;183309;3069;868;4581
FR;5;2022-09-22;12;6;4;24;4;275658;183315;3073;892;4585
FR;5;2022-09-23;19;24;2;3;8;275677;183339;3075;895;4593
FR;5;2022-09-24;44;51;1;8;5;275721;183390;3076;903;4598
FR;5;2022-09-25;6;12;0;0;1;275727;183402;3076;903;4599
FR;5;2022-09-26;14;6;0;2;0;275741;183408;3076;905;4599
FR;5;2022-09-27;7;12;4;9;4;275748;183420;3080;914;4603
FR;5;2022-09-28;65;64;5;0;7;275813;183484;3085;914;4610
FR;5;2022-09-29;17;9;1;0;1;275830;183493;3086;914;4611
FR;5;2022-09-30;28;44;2;2;4;275858;183537;3088;916;4615
FR;5;2022-10-01;38;35;5;5;8;275896;183572;3093;921;4623
FR;5;2022-10-02;1;9;1;0;1;275897;183581;3094;921;4624
FR;5;2022-10-03;5;6;3;0;4;275902;183587;3097;921;4628
FR;5;2022-10-04;10;8;0;3;1;275912;183595;3097;924;4629
FR;5;2022-10-05;56;61;1;2;12;275968;183656;3098;926;4641
FR;5;2022-10-06;10;10;0;4;1;275978;183666;3098;930;4642
FR;5;2022-10-07;21;31;1;0;5;275999;183697;3099;930;4647
FR;5;2022-10-08;33;51;1;0;7;276032;183748;3100;930;4654
FR;5;2022-10-09;7;10;0;0;1;276039;183758;3100;930;4655
FR;5;2022-10-10;13;3;0;1;0;276052;183761;3100;931;4655
FR;5;2022-10-11;6;12;2;0;2;276058;183773;3102;931;4657
FR;5;2022-10-12;38;56;3;2;8;276096;183829;3105;933;4665
FR;5;2022-10-13;11;16;2;0;4;276107;183845;3107;933;4669
FR;5;2022-10-14;21;21;1;0;5;276128;183866;3108;933;4674
FR;5;2022-10-15;19;26;9;0;10;276147;183892;3117;933;4684
FR;5;2022-10-16;3;0;0;0;0;276150;183892;3117;933;4684
FR;5;2022-10-17;6;8;2;1;3;276156;183900;3119;934;4687
FR;5;2022-10-18;4;7;0;2;0;276160;183907;3119;936;4687
FR;5;2022-10-19;38;42;8;0;11;276198;183949;3127;936;4698
FR;5;2022-10-20;17;12;2;1;3;276215;183961;3129;937;4701
FR;6;2020-12-27;0;0;0;0;0;0;0;0;0;0
FR;6;2020-12-28;0;0;0;0;0;0;0;0;0;0
FR;6;2020-12-29;0;0;0;0;0;0;0;0;0;0
FR;6;2020-12-30;0;0;0;0;0;0;0;0;0;0
FR;6;2020-12-31;0;0;0;0;0;0;0;0;0;0
FR;6;2021-01-01;0;0;0;0;0;0;0;0;0;0
FR;6;2021-01-02;0;0;0;0;0;0;0;0;0;0
FR;6;2021-01-03;0;0;0;0;0;0;0;0;0;0
FR;6;2021-01-04;0;0;0;0;0;0;0;0;0;0
FR;6;2021-01-05;0;0;0;0;0;0;0;0;0;0
FR;6;2021-01-06;0;0;0;0;0;0;0;0;0;0
FR;6;2021-01-07;0;0;0;0;0;0;0;0;0;0
FR;6;2021-01-08;0;0;0;0;0;0;0;0;0;0
FR;6;2021-01-09;0;0;0;0;0;0;0;0;0;0
FR;6;2021-01-10;0;0;0;0;0;0;0;0;0;0
FR;6;2021-01-11;0;0;0;0;0;0;0;0;0;0
FR;6;2021-01-12;0;0;0;0;0;0;0;0;0;0
FR;6;2021-01-13;0;0;0;0;0;0;0;0;0;0
FR;6;2021-01-14;0;0;0;0;0;0;0;0;0;0
FR;6;2021-01-15;0;0;0;0;0;0;0;0;0;0
FR;6;2021-01-16;0;0;0;0;0;0;0;0;0;0
FR;6;2021-01-17;0;0;0;0;0;0;0;0;0;0
FR;6;2021-01-18;0;0;0;0;0;0;0;0;0;0
FR;6;2021-01-19;0;0;0;0;0;0;0;0;0;0
FR;6;2021-01-20;0;0;0;0;0;0;0;0;0;0
FR;6;2021-01-21;0;0;0;0;0;0;0;0;0;0
FR;6;2021-01-22;0;0;0;0;0;0;0;0;0;0
FR;6;2021-01-23;0;0;0;0;0;0;0;0;0;0
FR;6;2021-01-24;0;0;0;0;0;0;0;0;0;0
FR;6;2021-01-25;0;0;0;0;0;0;0;0;0;0
FR;6;2021-01-26;0;0;0;0;0;0;0;0;0;0
FR;6;2021-01-27;0;0;0;0;0;0;0;0;0;0
FR;6;2021-01-28;0;0;0;0;0;0;0;0;0;0
FR;6;2021-01-29;0;0;0;0;0;0;0;0;0;0
FR;6;2021-01-30;0;0;0;0;0;0;0;0;0;0
FR;6;2021-01-31;0;0;0;0;0;0;0;0;0;0
FR;6;2021-02-01;0;0;0;0;0;0;0;0;0;0
FR;6;2021-02-02;0;0;0;0;0;0;0;0;0;0
FR;6;2021-02-03;0;0;0;0;0;0;0;0;0;0
FR;6;2021-02-04;0;0;0;0;0;0;0;0;0;0
FR;6;2021-02-05;0;0;0;0;0;0;0;0;0;0
FR;6;2021-02-06;0;0;0;0;0;0;0;0;0;0
FR;6;2021-02-07;0;0;0;0;0;0;0;0;0;0
FR;6;2021-02-08;0;0;0;0;0;0;0;0;0;0
FR;6;2021-02-09;0;0;0;0;0;0;0;0;0;0
FR;6;2021-02-10;0;0;0;0;0;0;0;0;0;0
FR;6;2021-02-11;0;0;0;0;0;0;0;0;0;0
FR;6;2021-02-12;0;0;0;0;0;0;0;0;0;0
FR;6;2021-02-13;0;0;0;0;0;0;0;0;0;0
FR;6;2021-02-14;0;0;0;0;0;0;0;0;0;0
FR;6;2021-02-15;0;0;0;0;0;0;0;0;0;0
FR;6;2021-02-16;0;0;0;0;0;0;0;0;0;0
FR;6;2021-02-17;0;0;0;0;0;0;0;0;0;0
FR;6;2021-02-18;0;0;0;0;0;0;0;0;0;0
FR;6;2021-02-19;0;0;0;0;0;0;0;0;0;0
FR;6;2021-02-20;0;0;0;0;0;0;0;0;0;0
FR;6;2021-02-21;0;0;0;0;0;0;0;0;0;0
FR;6;2021-02-22;0;0;0;0;0;0;0;0;0;0
FR;6;2021-02-23;0;0;0;0;0;0;0;0;0;0
FR;6;2021-02-24;0;0;0;0;0;0;0;0;0;0
FR;6;2021-02-25;0;0;0;0;0;0;0;0;0;0
FR;6;2021-02-26;0;0;0;0;0;0;0;0;0;0
FR;6;2021-02-27;0;0;0;0;0;0;0;0;0;0
FR;6;2021-02-28;0;0;0;0;0;0;0;0;0;0
FR;6;2021-03-01;0;0;0;0;0;0;0;0;0;0
FR;6;2021-03-02;0;0;0;0;0;0;0;0;0;0
FR;6;2021-03-03;0;0;0;0;0;0;0;0;0;0
FR;6;2021-03-04;0;0;0;0;0;0;0;0;0;0
FR;6;2021-03-05;0;0;0;0;0;0;0;0;0;0
FR;6;2021-03-06;0;0;0;0;0;0;0;0;0;0
FR;6;2021-03-07;0;0;0;0;0;0;0;0;0;0
FR;6;2021-03-08;0;0;0;0;0;0;0;0;0;0
FR;6;2021-03-09;0;0;0;0;0;0;0;0;0;0
FR;6;2021-03-10;0;0;0;0;0;0;0;0;0;0
FR;6;2021-03-11;0;0;0;0;0;0;0;0;0;0
FR;6;2021-03-12;0;0;0;0;0;0;0;0;0;0
FR;6;2021-03-13;0;0;0;0;0;0;0;0;0;0
FR;6;2021-03-14;0;0;0;0;0;0;0;0;0;0
FR;6;2021-03-15;0;0;0;0;0;0;0;0;0;0
FR;6;2021-03-16;0;0;0;0;0;0;0;0;0;0
FR;6;2021-03-17;0;0;0;0;0;0;0;0;0;0
FR;6;2021-03-18;0;0;0;0;0;0;0;0;0;0
FR;6;2021-03-19;0;0;0;0;0;0;0;0;0;0
FR;6;2021-03-20;0;0;0;0;0;0;0;0;0;0
FR;6;2021-03-21;0;0;0;0;0;0;0;0;0;0
FR;6;2021-03-22;0;0;0;0;0;0;0;0;0;0
FR;6;2021-03-23;0;0;0;0;0;0;0;0;0;0
FR;6;2021-03-24;0;0;0;0;0;0;0;0;0;0
FR;6;2021-03-25;0;0;0;0;0;0;0;0;0;0
FR;6;2021-03-26;0;0;0;0;0;0;0;0;0;0
FR;6;2021-03-27;0;0;0;0;0;0;0;0;0;0
FR;6;2021-03-28;0;0;0;0;0;0;0;0;0;0
FR;6;2021-03-29;0;0;0;0;0;0;0;0;0;0
FR;6;2021-03-30;0;0;0;0;0;0;0;0;0;0
FR;6;2021-03-31;0;0;0;0;0;0;0;0;0;0
FR;6;2021-04-01;0;0;0;0;0;0;0;0;0;0
FR;6;2021-04-02;0;0;0;0;0;0;0;0;0;0
FR;6;2021-04-03;0;0;0;0;0;0;0;0;0;0
FR;6;2021-04-04;0;0;0;0;0;0;0;0;0;0
FR;6;2021-04-05;0;0;0;0;0;0;0;0;0;0
FR;6;2021-04-06;0;0;0;0;0;0;0;0;0;0
FR;6;2021-04-07;0;0;0;0;0;0;0;0;0;0
FR;6;2021-04-08;0;0;0;0;0;0;0;0;0;0
FR;6;2021-04-09;0;0;0;0;0;0;0;0;0;0
FR;6;2021-04-10;0;0;0;0;0;0;0;0;0;0
FR;6;2021-04-11;0;0;0;0;0;0;0;0;0;0
FR;6;2021-04-12;0;0;0;0;0;0;0;0;0;0
FR;6;2021-04-13;0;0;0;0;0;0;0;0;0;0
FR;6;2021-04-14;0;0;0;0;0;0;0;0;0;0
FR;6;2021-04-15;0;0;0;0;0;0;0;0;0;0
FR;6;2021-04-16;0;0;0;0;0;0;0;0;0;0
FR;6;2021-04-17;0;0;0;0;0;0;0;0;0;0
FR;6;2021-04-18;0;0;0;0;0;0;0;0;0;0
FR;6;2021-04-19;0;0;0;0;0;0;0;0;0;0
FR;6;2021-04-20;0;0;0;0;0;0;0;0;0;0
FR;6;2021-04-21;0;0;0;0;0;0;0;0;0;0
FR;6;2021-04-22;0;0;0;0;0;0;0;0;0;0
FR;6;2021-04-23;0;0;0;0;0;0;0;0;0;0
FR;6;2021-04-24;0;0;0;0;0;0;0;0;0;0
FR;6;2021-04-25;0;0;0;0;0;0;0;0;0;0
FR;6;2021-04-26;0;0;0;0;0;0;0;0;0;0
FR;6;2021-04-27;0;0;0;0;0;0;0;0;0;0
FR;6;2021-04-28;0;0;0;0;0;0;0;0;0;0
FR;6;2021-04-29;0;0;0;0;0;0;0;0;0;0
FR;6;2021-04-30;0;0;0;0;0;0;0;0;0;0
FR;6;2021-05-01;0;0;0;0;0;0;0;0;0;0
FR;6;2021-05-02;0;0;0;0;0;0;0;0;0;0
FR;6;2021-05-03;0;0;0;0;0;0;0;0;0;0
FR;6;2021-05-04;0;0;0;0;0;0;0;0;0;0
FR;6;2021-05-05;0;0;0;0;0;0;0;0;0;0
FR;6;2021-05-06;0;0;0;0;0;0;0;0;0;0
FR;6;2021-05-07;0;0;0;0;0;0;0;0;0;0
FR;6;2021-05-08;0;0;0;0;0;0;0;0;0;0
FR;6;2021-05-09;0;0;0;0;0;0;0;0;0;0
FR;6;2021-05-10;0;0;0;0;0;0;0;0;0;0
FR;6;2021-05-11;0;0;0;0;0;0;0;0;0;0
FR;6;2021-05-12;0;0;0;0;0;0;0;0;0;0
FR;6;2021-05-13;0;0;0;0;0;0;0;0;0;0
FR;6;2021-05-14;0;0;0;0;0;0;0;0;0;0
FR;6;2021-05-15;0;0;0;0;0;0;0;0;0;0
FR;6;2021-05-16;0;0;0;0;0;0;0;0;0;0
FR;6;2021-05-17;0;0;0;0;0;0;0;0;0;0
FR;6;2021-05-18;0;0;0;0;0;0;0;0;0;0
FR;6;2021-05-19;0;0;0;0;0;0;0;0;0;0
FR;6;2021-05-20;0;0;0;0;0;0;0;0;0;0
FR;6;2021-05-21;0;0;0;0;0;0;0;0;0;0
FR;6;2021-05-22;0;0;0;0;0;0;0;0;0;0
FR;6;2021-05-23;0;0;0;0;0;0;0;0;0;0
FR;6;2021-05-24;0;0;0;0;0;0;0;0;0;0
FR;6;2021-05-25;0;0;0;0;0;0;0;0;0;0
FR;6;2021-05-26;0;0;0;0;0;0;0;0;0;0
FR;6;2021-05-27;0;0;0;0;0;0;0;0;0;0
FR;6;2021-05-28;0;0;0;0;0;0;0;0;0;0
FR;6;2021-05-29;0;0;0;0;0;0;0;0;0;0
FR;6;2021-05-30;0;0;0;0;0;0;0;0;0;0
FR;6;2021-05-31;0;0;0;0;0;0;0;0;0;0
FR;6;2021-06-01;0;0;0;0;0;0;0;0;0;0
FR;6;2021-06-02;0;0;0;0;0;0;0;0;0;0
FR;6;2021-06-03;0;0;0;0;0;0;0;0;0;0
FR;6;2021-06-04;0;0;0;0;0;0;0;0;0;0
FR;6;2021-06-05;0;0;0;0;0;0;0;0;0;0
FR;6;2021-06-06;0;0;0;0;0;0;0;0;0;0
FR;6;2021-06-07;0;0;0;0;0;0;0;0;0;0
FR;6;2021-06-08;0;0;0;0;0;0;0;0;0;0
FR;6;2021-06-09;0;0;0;0;0;0;0;0;0;0
FR;6;2021-06-10;0;0;0;0;0;0;0;0;0;0
FR;6;2021-06-11;0;0;0;0;0;0;0;0;0;0
FR;6;2021-06-12;0;0;0;0;0;0;0;0;0;0
FR;6;2021-06-13;0;0;0;0;0;0;0;0;0;0
FR;6;2021-06-14;0;0;0;0;0;0;0;0;0;0
FR;6;2021-06-15;0;0;0;0;0;0;0;0;0;0
FR;6;2021-06-16;0;0;0;0;0;0;0;0;0;0
FR;6;2021-06-17;0;0;0;0;0;0;0;0;0;0
FR;6;2021-06-18;0;0;0;0;0;0;0;0;0;0
FR;6;2021-06-19;0;0;0;0;0;0;0;0;0;0
FR;6;2021-06-20;0;0;0;0;0;0;0;0;0;0
FR;6;2021-06-21;0;0;0;0;0;0;0;0;0;0
FR;6;2021-06-22;0;0;0;0;0;0;0;0;0;0
FR;6;2021-06-23;0;0;0;0;0;0;0;0;0;0
FR;6;2021-06-24;0;0;0;0;0;0;0;0;0;0
FR;6;2021-06-25;0;0;0;0;0;0;0;0;0;0
FR;6;2021-06-26;0;0;0;0;0;0;0;0;0;0
FR;6;2021-06-27;0;0;0;0;0;0;0;0;0;0
FR;6;2021-06-28;0;0;0;0;0;0;0;0;0;0
FR;6;2021-06-29;0;0;0;0;0;0;0;0;0;0
FR;6;2021-06-30;0;0;0;0;0;0;0;0;0;0
FR;6;2021-07-01;0;0;0;0;0;0;0;0;0;0
FR;6;2021-07-02;0;0;0;0;0;0;0;0;0;0
FR;6;2021-07-03;0;0;0;0;0;0;0;0;0;0
FR;6;2021-07-04;0;0;0;0;0;0;0;0;0;0
FR;6;2021-07-05;0;0;0;0;0;0;0;0;0;0
FR;6;2021-07-06;0;0;0;0;0;0;0;0;0;0
FR;6;2021-07-07;0;0;0;0;0;0;0;0;0;0
FR;6;2021-07-08;0;0;0;0;0;0;0;0;0;0
FR;6;2021-07-09;0;0;0;0;0;0;0;0;0;0
FR;6;2021-07-10;0;0;0;0;0;0;0;0;0;0
FR;6;2021-07-11;0;0;0;0;0;0;0;0;0;0
FR;6;2021-07-12;0;0;0;0;0;0;0;0;0;0
FR;6;2021-07-13;0;0;0;0;0;0;0;0;0;0
FR;6;2021-07-14;0;0;0;0;0;0;0;0;0;0
FR;6;2021-07-15;0;0;0;0;0;0;0;0;0;0
FR;6;2021-07-16;0;0;0;0;0;0;0;0;0;0
FR;6;2021-07-17;0;0;0;0;0;0;0;0;0;0
FR;6;2021-07-18;0;0;0;0;0;0;0;0;0;0
FR;6;2021-07-19;0;0;0;0;0;0;0;0;0;0
FR;6;2021-07-20;0;0;0;0;0;0;0;0;0;0
FR;6;2021-07-21;0;0;0;0;0;0;0;0;0;0
FR;6;2021-07-22;0;0;0;0;0;0;0;0;0;0
FR;6;2021-07-23;0;0;0;0;0;0;0;0;0;0
FR;6;2021-07-24;0;0;0;0;0;0;0;0;0;0
FR;6;2021-07-25;0;0;0;0;0;0;0;0;0;0
FR;6;2021-07-26;0;0;0;0;0;0;0;0;0;0
FR;6;2021-07-27;0;0;0;0;0;0;0;0;0;0
FR;6;2021-07-28;0;0;0;0;0;0;0;0;0;0
FR;6;2021-07-29;0;0;0;0;0;0;0;0;0;0
FR;6;2021-07-30;0;0;0;0;0;0;0;0;0;0
FR;6;2021-07-31;0;0;0;0;0;0;0;0;0;0
FR;6;2021-08-01;0;0;0;0;0;0;0;0;0;0
FR;6;2021-08-02;0;0;0;0;0;0;0;0;0;0
FR;6;2021-08-03;0;0;0;0;0;0;0;0;0;0
FR;6;2021-08-04;0;0;0;0;0;0;0;0;0;0
FR;6;2021-08-05;0;0;0;0;0;0;0;0;0;0
FR;6;2021-08-06;0;0;0;0;0;0;0;0;0;0
FR;6;2021-08-07;0;0;0;0;0;0;0;0;0;0
FR;6;2021-08-08;0;0;0;0;0;0;0;0;0;0
FR;6;2021-08-09;0;0;0;0;0;0;0;0;0;0
FR;6;2021-08-10;0;0;0;0;0;0;0;0;0;0
FR;6;2021-08-11;0;0;0;0;0;0;0;0;0;0
FR;6;2021-08-12;0;0;0;0;0;0;0;0;0;0
FR;6;2021-08-13;0;0;0;0;0;0;0;0;0;0
FR;6;2021-08-14;0;0;0;0;0;0;0;0;0;0
FR;6;2021-08-15;0;0;0;0;0;0;0;0;0;0
FR;6;2021-08-16;0;0;0;0;0;0;0;0;0;0
FR;6;2021-08-17;0;0;0;0;0;0;0;0;0;0
FR;6;2021-08-18;0;0;0;0;0;0;0;0;0;0
FR;6;2021-08-19;0;0;0;0;0;0;0;0;0;0
FR;6;2021-08-20;0;0;0;0;0;0;0;0;0;0
FR;6;2021-08-21;0;0;0;0;0;0;0;0;0;0
FR;6;2021-08-22;0;0;0;0;0;0;0;0;0;0
FR;6;2021-08-23;0;0;0;0;0;0;0;0;0;0
FR;6;2021-08-24;0;0;0;0;0;0;0;0;0;0
FR;6;2021-08-25;0;0;0;0;0;0;0;0;0;0
FR;6;2021-08-26;0;0;0;0;0;0;0;0;0;0
FR;6;2021-08-27;0;0;0;0;0;0;0;0;0;0
FR;6;2021-08-28;0;0;0;0;0;0;0;0;0;0
FR;6;2021-08-29;0;0;0;0;0;0;0;0;0;0
FR;6;2021-08-30;0;0;0;0;0;0;0;0;0;0
FR;6;2021-08-31;0;0;0;0;0;0;0;0;0;0
FR;6;2021-09-01;0;0;0;0;0;0;0;0;0;0
FR;6;2021-09-02;0;0;0;0;0;0;0;0;0;0
FR;6;2021-09-03;0;0;0;0;0;0;0;0;0;0
FR;6;2021-09-04;0;0;0;0;0;0;0;0;0;0
FR;6;2021-09-05;0;0;0;0;0;0;0;0;0;0
FR;6;2021-09-06;0;0;0;0;0;0;0;0;0;0
FR;6;2021-09-07;0;0;0;0;0;0;0;0;0;0
FR;6;2021-09-08;0;0;0;0;0;0;0;0;0;0
FR;6;2021-09-09;0;0;0;0;0;0;0;0;0;0
FR;6;2021-09-10;0;0;0;0;0;0;0;0;0;0
FR;6;2021-09-11;0;0;0;0;0;0;0;0;0;0
FR;6;2021-09-12;0;0;0;0;0;0;0;0;0;0
FR;6;2021-09-13;0;0;0;0;0;0;0;0;0;0
FR;6;2021-09-14;0;0;0;0;0;0;0;0;0;0
FR;6;2021-09-15;0;0;0;0;0;0;0;0;0;0
FR;6;2021-09-16;0;0;0;0;0;0;0;0;0;0
FR;6;2021-09-17;0;0;0;0;0;0;0;0;0;0
FR;6;2021-09-18;0;0;0;0;0;0;0;0;0;0
FR;6;2021-09-19;0;0;0;0;0;0;0;0;0;0
FR;6;2021-09-20;0;0;0;0;0;0;0;0;0;0
FR;6;2021-09-21;0;0;0;0;0;0;0;0;0;0
FR;6;2021-09-22;0;0;0;0;0;0;0;0;0;0
FR;6;2021-09-23;0;0;0;0;0;0;0;0;0;0
FR;6;2021-09-24;0;0;0;0;0;0;0;0;0;0
FR;6;2021-09-25;0;0;0;0;0;0;0;0;0;0
FR;6;2021-09-26;0;0;0;0;0;0;0;0;0;0
FR;6;2021-09-27;0;0;0;0;0;0;0;0;0;0
FR;6;2021-09-28;0;0;0;0;0;0;0;0;0;0
FR;6;2021-09-29;0;0;0;0;0;0;0;0;0;0
FR;6;2021-09-30;0;0;0;0;0;0;0;0;0;0
FR;6;2021-10-01;0;0;0;0;0;0;0;0;0;0
FR;6;2021-10-02;0;0;0;0;0;0;0;0;0;0
FR;6;2021-10-03;0;0;0;0;0;0;0;0;0;0
FR;6;2021-10-04;0;0;0;0;0;0;0;0;0;0
FR;6;2021-10-05;0;0;0;0;0;0;0;0;0;0
FR;6;2021-10-06;0;0;0;0;0;0;0;0;0;0
FR;6;2021-10-07;0;0;0;0;0;0;0;0;0;0
FR;6;2021-10-08;0;0;0;0;0;0;0;0;0;0
FR;6;2021-10-09;0;0;0;0;0;0;0;0;0;0
FR;6;2021-10-10;0;0;0;0;0;0;0;0;0;0
FR;6;2021-10-11;0;0;0;0;0;0;0;0;0;0
FR;6;2021-10-12;0;0;0;0;0;0;0;0;0;0
FR;6;2021-10-13;0;0;0;0;0;0;0;0;0;0
FR;6;2021-10-14;0;0;0;0;0;0;0;0;0;0
FR;6;2021-10-15;0;0;0;0;0;0;0;0;0;0
FR;6;2021-10-16;0;0;0;0;0;0;0;0;0;0
FR;6;2021-10-17;0;0;0;0;0;0;0;0;0;0
FR;6;2021-10-18;0;0;0;0;0;0;0;0;0;0
FR;6;2021-10-19;0;0;0;0;0;0;0;0;0;0
FR;6;2021-10-20;0;0;0;0;0;0;0;0;0;0
FR;6;2021-10-21;0;0;0;0;0;0;0;0;0;0
FR;6;2021-10-22;0;0;0;0;0;0;0;0;0;0
FR;6;2021-10-23;0;0;0;0;0;0;0;0;0;0
FR;6;2021-10-24;0;0;0;0;0;0;0;0;0;0
FR;6;2021-10-25;0;0;0;0;0;0;0;0;0;0
FR;6;2021-10-26;0;0;0;0;0;0;0;0;0;0
FR;6;2021-10-27;0;0;0;0;0;0;0;0;0;0
FR;6;2021-10-28;0;0;0;0;0;0;0;0;0;0
FR;6;2021-10-29;0;0;0;0;0;0;0;0;0;0
FR;6;2021-10-30;0;0;0;0;0;0;0;0;0;0
FR;6;2021-10-31;0;0;0;0;0;0;0;0;0;0
FR;6;2021-11-01;0;0;0;0;0;0;0;0;0;0
FR;6;2021-11-02;0;0;0;0;0;0;0;0;0;0
FR;6;2021-11-03;0;0;0;0;0;0;0;0;0;0
FR;6;2021-11-04;0;0;0;0;0;0;0;0;0;0
FR;6;2021-11-05;0;0;0;0;0;0;0;0;0;0
FR;6;2021-11-06;0;0;0;0;0;0;0;0;0;0
FR;6;2021-11-07;0;0;0;0;0;0;0;0;0;0
FR;6;2021-11-08;0;0;0;0;0;0;0;0;0;0
FR;6;2021-11-09;0;0;0;0;0;0;0;0;0;0
FR;6;2021-11-10;0;0;0;0;0;0;0;0;0;0
FR;6;2021-11-11;0;0;0;0;0;0;0;0;0;0
FR;6;2021-11-12;0;0;0;0;0;0;0;0;0;0
FR;6;2021-11-13;0;0;0;0;0;0;0;0;0;0
FR;6;2021-11-14;0;0;0;0;0;0;0;0;0;0
FR;6;2021-11-15;0;0;0;0;0;0;0;0;0;0
FR;6;2021-11-16;0;0;0;0;0;0;0;0;0;0
FR;6;2021-11-17;0;0;0;0;0;0;0;0;0;0
FR;6;2021-11-18;0;0;0;0;0;0;0;0;0;0
FR;6;2021-11-19;0;0;0;0;0;0;0;0;0;0
FR;6;2021-11-20;0;0;0;0;0;0;0;0;0;0
FR;6;2021-11-21;0;0;0;0;0;0;0;0;0;0
FR;6;2021-11-22;0;0;0;0;0;0;0;0;0;0
FR;6;2021-11-23;0;0;0;0;0;0;0;0;0;0
FR;6;2021-11-24;0;0;0;0;0;0;0;0;0;0
FR;6;2021-11-25;0;0;0;0;0;0;0;0;0;0
FR;6;2021-11-26;0;0;0;0;0;0;0;0;0;0
FR;6;2021-11-27;0;0;0;0;0;0;0;0;0;0
FR;6;2021-11-28;0;0;0;0;0;0;0;0;0;0
FR;6;2021-11-29;0;0;0;0;0;0;0;0;0;0
FR;6;2021-11-30;0;0;0;0;0;0;0;0;0;0
FR;6;2021-12-01;0;0;0;0;0;0;0;0;0;0
FR;6;2021-12-02;0;0;0;0;0;0;0;0;0;0
FR;6;2021-12-03;0;0;0;0;0;0;0;0;0;0
FR;6;2021-12-04;0;0;0;0;0;0;0;0;0;0
FR;6;2021-12-05;0;0;0;0;0;0;0;0;0;0
FR;6;2021-12-06;0;0;0;0;0;0;0;0;0;0
FR;6;2021-12-07;0;0;0;0;0;0;0;0;0;0
FR;6;2021-12-08;0;0;0;0;0;0;0;0;0;0
FR;6;2021-12-09;0;0;0;0;0;0;0;0;0;0
FR;6;2021-12-10;0;0;0;0;0;0;0;0;0;0
FR;6;2021-12-11;0;0;0;0;0;0;0;0;0;0
FR;6;2021-12-12;0;0;0;0;0;0;0;0;0;0
FR;6;2021-12-13;0;0;0;0;0;0;0;0;0;0
FR;6;2021-12-14;0;0;0;0;0;0;0;0;0;0
FR;6;2021-12-15;0;0;0;0;0;0;0;0;0;0
FR;6;2021-12-16;0;0;0;0;0;0;0;0;0;0
FR;6;2021-12-17;0;0;0;0;0;0;0;0;0;0
FR;6;2021-12-18;0;0;0;0;0;0;0;0;0;0
FR;6;2021-12-19;0;0;0;0;0;0;0;0;0;0
FR;6;2021-12-20;0;0;0;0;0;0;0;0;0;0
FR;6;2021-12-21;0;0;0;0;0;0;0;0;0;0
FR;6;2021-12-22;0;0;0;0;0;0;0;0;0;0
FR;6;2021-12-23;0;0;0;0;0;0;0;0;0;0
FR;6;2021-12-24;0;0;0;0;0;0;0;0;0;0
FR;6;2021-12-25;0;0;0;0;0;0;0;0;0;0
FR;6;2021-12-26;0;0;0;0;0;0;0;0;0;0
FR;6;2021-12-27;0;0;0;0;0;0;0;0;0;0
FR;6;2021-12-28;0;0;0;0;0;0;0;0;0;0
FR;6;2021-12-29;0;0;0;0;0;0;0;0;0;0
FR;6;2021-12-30;0;0;0;0;0;0;0;0;0;0
FR;6;2021-12-31;0;0;0;0;0;0;0;0;0;0
FR;6;2022-01-01;0;0;0;0;0;0;0;0;0;0
FR;6;2022-01-02;0;0;0;0;0;0;0;0;0;0
FR;6;2022-01-03;0;0;0;0;0;0;0;0;0;0
FR;6;2022-01-04;0;0;0;0;0;0;0;0;0;0
FR;6;2022-01-05;0;0;0;0;0;0;0;0;0;0
FR;6;2022-01-06;0;0;0;0;0;0;0;0;0;0
FR;6;2022-01-07;0;0;0;0;0;0;0;0;0;0
FR;6;2022-01-08;0;0;0;0;0;0;0;0;0;0
FR;6;2022-01-09;0;0;0;0;0;0;0;0;0;0
FR;6;2022-01-10;0;0;0;0;0;0;0;0;0;0
FR;6;2022-01-11;0;0;0;0;0;0;0;0;0;0
FR;6;2022-01-12;0;0;0;0;0;0;0;0;0;0
FR;6;2022-01-13;0;0;0;0;0;0;0;0;0;0
FR;6;2022-01-14;0;0;0;0;0;0;0;0;0;0
FR;6;2022-01-15;0;0;0;0;0;0;0;0;0;0
FR;6;2022-01-16;0;0;0;0;0;0;0;0;0;0
FR;6;2022-01-17;0;0;0;0;0;0;0;0;0;0
FR;6;2022-01-18;0;0;0;0;0;0;0;0;0;0
FR;6;2022-01-19;0;0;0;0;0;0;0;0;0;0
FR;6;2022-01-20;0;0;0;0;0;0;0;0;0;0
FR;6;2022-01-21;0;0;0;0;0;0;0;0;0;0
FR;6;2022-01-22;0;0;0;0;0;0;0;0;0;0
FR;6;2022-01-23;0;0;0;0;0;0;0;0;0;0
FR;6;2022-01-24;0;0;0;0;0;0;0;0;0;0
FR;6;2022-01-25;0;0;0;0;0;0;0;0;0;0
FR;6;2022-01-26;0;0;0;0;0;0;0;0;0;0
FR;6;2022-01-27;0;0;0;0;0;0;0;0;0;0
FR;6;2022-01-28;0;0;0;0;0;0;0;0;0;0
FR;6;2022-01-29;0;0;0;0;0;0;0;0;0;0
FR;6;2022-01-30;0;0;0;0;0;0;0;0;0;0
FR;6;2022-01-31;0;0;0;0;0;0;0;0;0;0
FR;6;2022-02-01;0;0;0;0;0;0;0;0;0;0
FR;6;2022-02-02;0;0;0;0;0;0;0;0;0;0
FR;6;2022-02-03;0;0;0;0;0;0;0;0;0;0
FR;6;2022-02-04;0;0;0;0;0;0;0;0;0;0
FR;6;2022-02-05;0;0;0;0;0;0;0;0;0;0
FR;6;2022-02-06;0;0;0;0;0;0;0;0;0;0
FR;6;2022-02-07;0;0;0;0;0;0;0;0;0;0
FR;6;2022-02-08;0;0;0;0;0;0;0;0;0;0
FR;6;2022-02-09;0;0;0;0;0;0;0;0;0;0
FR;6;2022-02-10;0;0;0;0;0;0;0;0;0;0
FR;6;2022-02-11;0;0;0;0;0;0;0;0;0;0
FR;6;2022-02-12;0;0;0;0;0;0;0;0;0;0
FR;6;2022-02-13;0;0;0;0;0;0;0;0;0;0
FR;6;2022-02-14;0;0;0;0;0;0;0;0;0;0
FR;6;2022-02-15;0;0;0;0;0;0;0;0;0;0
FR;6;2022-02-16;0;0;0;0;0;0;0;0;0;0
FR;6;2022-02-17;0;0;0;0;0;0;0;0;0;0
FR;6;2022-02-18;0;0;0;0;0;0;0;0;0;0
FR;6;2022-02-19;0;0;0;0;0;0;0;0;0;0
FR;6;2022-02-20;0;0;0;0;0;0;0;0;0;0
FR;6;2022-02-21;0;0;0;0;0;0;0;0;0;0
FR;6;2022-02-22;0;0;0;0;0;0;0;0;0;0
FR;6;2022-02-23;0;0;0;0;0;0;0;0;0;0
FR;6;2022-02-24;0;0;0;0;0;0;0;0;0;0
FR;6;2022-02-25;0;0;0;0;0;0;0;0;0;0
FR;6;2022-02-26;1;0;0;0;0;1;0;0;0;0
FR;6;2022-02-27;0;0;0;0;0;1;0;0;0;0
FR;6;2022-02-28;0;0;0;0;0;1;0;0;0;0
FR;6;2022-03-01;3;0;0;0;0;4;0;0;0;0
FR;6;2022-03-02;97;9;2;0;7;101;9;2;0;7
FR;6;2022-03-03;0;0;0;0;0;101;9;2;0;7
FR;6;2022-03-04;91;4;0;0;4;192;13;2;0;11
FR;6;2022-03-05;391;23;2;0;14;583;36;4;0;25
FR;6;2022-03-06;7;1;0;0;0;590;37;4;0;25
FR;6;2022-03-07;337;19;0;0;13;927;56;4;0;38
FR;6;2022-03-08;230;14;0;0;5;1157;70;4;0;43
FR;6;2022-03-09;519;29;2;0;21;1676;99;6;0;64
FR;6;2022-03-10;206;19;0;1;12;1882;118;6;1;76
FR;6;2022-03-11;331;22;6;0;21;2213;140;12;1;97
FR;6;2022-03-12;518;25;1;0;20;2731;165;13;1;117
FR;6;2022-03-13;40;2;0;0;1;2771;167;13;1;118
FR;6;2022-03-14;201;4;2;0;3;2972;171;15;1;121
FR;6;2022-03-15;112;11;2;0;9;3084;182;17;1;130
FR;6;2022-03-16;310;17;1;1;14;3394;199;18;2;144
FR;6;2022-03-17;117;6;1;2;4;3511;205;19;4;148
FR;6;2022-03-18;215;10;0;0;6;3726;215;19;4;154
FR;6;2022-03-19;307;19;2;0;9;4033;234;21;4;163
FR;6;2022-03-20;15;5;0;0;1;4048;239;21;4;164
FR;6;2022-03-21;132;23;1;0;4;4180;262;22;4;168
FR;6;2022-03-22;97;15;0;0;4;4277;277;22;4;172
FR;6;2022-03-23;226;108;3;0;14;4503;385;25;4;186
FR;6;2022-03-24;100;15;1;3;4;4603;400;26;7;190
FR;6;2022-03-25;203;141;2;1;15;4806;541;28;8;205
FR;6;2022-03-26;331;295;7;1;19;5137;836;35;9;224
FR;6;2022-03-27;32;30;1;0;1;5169;866;36;9;225
FR;6;2022-03-28;201;208;8;1;17;5370;1074;44;10;242
FR;6;2022-03-29;124;189;12;2;12;5494;1263;56;12;254
FR;6;2022-03-30;305;476;10;2;22;5799;1739;66;14;276
FR;6;2022-03-31;123;140;10;0;14;5922;1879;76;14;290
FR;6;2022-04-01;195;150;11;2;23;6117;2029;87;16;313
FR;6;2022-04-02;206;241;9;1;13;6323;2270;96;17;326
FR;6;2022-04-03;17;21;0;0;1;6340;2291;96;17;327
FR;6;2022-04-04;137;114;6;1;9;6477;2405;102;18;336
FR;6;2022-04-05;146;88;15;1;11;6623;2493;117;19;347
FR;6;2022-04-06;204;245;22;26;27;6827;2738;139;45;374
FR;6;2022-04-07;127;96;15;9;17;6954;2834;154;54;391
FR;6;2022-04-08;199;170;16;3;17;7153;3004;170;57;408
FR;6;2022-04-09;145;139;6;12;13;7298;3143;176;69;421
FR;6;2022-04-10;10;20;3;0;1;7308;3163;179;69;422
FR;6;2022-04-11;101;106;4;0;5;7409;3269;183;69;427
FR;6;2022-04-12;136;75;5;8;10;7545;3344;188;77;437
FR;6;2022-04-13;162;175;7;5;13;7707;3519;195;82;450
FR;6;2022-04-14;100;103;5;10;8;7807;3622;200;92;458
FR;6;2022-04-15;158;149;11;7;19;7965;3771;211;99;477
FR;6;2022-04-16;127;132;5;0;14;8092;3903;216;99;491
FR;6;2022-04-17;8;9;4;0;4;8100;3912;220;99;495
FR;6;2022-04-18;8;15;3;0;4;8108;3927;223;99;499
FR;6;2022-04-19;97;112;4;3;3;8205;4039;227;102;502
FR;6;2022-04-20;178;227;8;7;15;8383;4266;235;109;517
FR;6;2022-04-21;111;93;8;4;11;8494;4359;243;113;528
FR;6;2022-04-22;138;160;13;12;13;8632;4519;256;125;541
FR;6;2022-04-23;106;129;1;1;7;8738;4648;257;126;548
FR;6;2022-04-24;5;21;1;0;0;8743;4669;258;126;548
FR;6;2022-04-25;91;128;3;8;11;8834;4797;261;134;559
FR;6;2022-04-26;101;128;19;2;17;8935;4925;280;136;576
FR;6;2022-04-27;197;159;21;1;27;9132;5084;301;137;603
FR;6;2022-04-28;109;87;7;1;8;9241;5171;308;138;611
FR;6;2022-04-29;191;169;16;2;20;9432;5340;324;140;631
FR;6;2022-04-30;133;125;7;1;24;9565;5465;331;141;655
FR;6;2022-05-01;7;6;0;0;0;9572;5471;331;141;655
FR;6;2022-05-02;94;65;3;4;3;9666;5536;334;145;658
FR;6;2022-05-03;136;93;11;2;7;9802;5629;345;147;665
FR;6;2022-05-04;167;118;25;12;29;9969;5747;370;159;694
FR;6;2022-05-05;101;70;8;3;12;10070;5817;378;162;706
FR;6;2022-05-06;152;110;10;9;16;10222;5927;388;171;722
FR;6;2022-05-07;139;93;13;3;23;10361;6020;401;174;745
FR;6;2022-05-08;20;8;6;5;7;10381;6028;407;179;752
FR;6;2022-05-09;86;78;9;7;13;10467;6106;416;186;765
FR;6;2022-05-10;112;80;15;7;12;10579;6186;431;193;777
FR;6;2022-05-11;130;124;11;14;20;10709;6310;442;207;797
FR;6;2022-05-12;105;76;7;5;15;10814;6386;449;212;812
FR;6;2022-05-13;155;97;17;21;22;10969;6483;466;233;834
FR;6;2022-05-14;81;60;6;7;15;11050;6543;472;240;849
FR;6;2022-05-15;12;7;0;0;0;11062;6550;472;240;849
FR;6;2022-05-16;64;54;6;2;12;11126;6604;478;242;861
FR;6;2022-05-17;123;77;5;7;11;11249;6681;483;249;872
FR;6;2022-05-18;131;116;5;1;13;11380;6797;488;250;885
FR;6;2022-05-19;124;57;6;8;9;11504;6854;494;258;894
FR;6;2022-05-20;125;115;13;3;18;11629;6969;507;261;912
FR;6;2022-05-21;92;69;14;3;12;11721;7038;521;264;924
FR;6;2022-05-22;19;12;5;0;4;11740;7050;526;264;928
FR;6;2022-05-23;77;72;4;2;7;11817;7122;530;266;935
FR;6;2022-05-24;117;98;8;2;16;11934;7220;538;268;951
FR;6;2022-05-25;139;129;6;3;11;12073;7349;544;271;962
FR;6;2022-05-26;7;9;3;0;9;12080;7358;547;271;971
FR;6;2022-05-27;127;105;15;11;18;12207;7463;562;282;989
FR;6;2022-05-28;53;75;1;5;8;12260;7538;563;287;997
FR;6;2022-05-29;8;10;0;0;1;12268;7548;563;287;998
FR;6;2022-05-30;70;70;7;4;4;12338;7618;570;291;1002
FR;6;2022-05-31;87;102;10;2;14;12425;7720;580;293;1016
FR;6;2022-06-01;97;89;10;1;11;12522;7809;590;294;1027
FR;6;2022-06-02;91;60;6;3;9;12613;7869;596;297;1036
FR;6;2022-06-03;126;102;13;7;21;12739;7971;609;304;1057
FR;6;2022-06-04;63;51;10;0;12;12802;8022;619;304;1069
FR;6;2022-06-05;16;15;2;1;4;12818;8037;621;305;1073
FR;6;2022-06-06;9;6;0;0;0;12827;8043;621;305;1073
FR;6;2022-06-07;79;90;3;4;8;12906;8133;624;309;1081
FR;6;2022-06-08;92;110;13;5;20;12998;8243;637;314;1101
FR;6;2022-06-09;75;81;15;3;15;13073;8324;652;317;1116
FR;6;2022-06-10;116;93;26;10;22;13189;8417;678;327;1138
FR;6;2022-06-11;83;62;6;10;12;13272;8479;684;337;1150
FR;6;2022-06-12;6;14;1;0;2;13278;8493;685;337;1152
FR;6;2022-06-13;74;59;18;1;7;13352;8552;703;338;1159
FR;6;2022-06-14;98;100;8;5;16;13450;8652;711;343;1175
FR;6;2022-06-15;80;86;7;8;15;13530;8738;718;351;1190
FR;6;2022-06-16;53;40;11;7;14;13583;8778;729;358;1204
FR;6;2022-06-17;86;85;3;13;11;13669;8863;732;371;1215
FR;6;2022-06-18;71;61;13;0;21;13740;8924;745;371;1236
FR;6;2022-06-19;6;6;3;0;4;13746;8930;748;371;1240
FR;6;2022-06-20;42;41;4;1;6;13788;8971;752;372;1246
FR;6;2022-06-21;59;73;10;7;17;13847;9044;762;379;1263
FR;6;2022-06-22;86;85;8;2;17;13933;9129;770;381;1280
FR;6;2022-06-23;64;39;13;7;15;13997;9168;783;388;1295
FR;6;2022-06-24;77;85;7;14;20;14074;9253;790;402;1315
FR;6;2022-06-25;67;61;4;3;8;14141;9314;794;405;1323
FR;6;2022-06-26;6;7;1;0;1;14147;9321;795;405;1324
FR;6;2022-06-27;53;50;4;9;12;14200;9371;799;414;1336
FR;6;2022-06-28;68;47;6;3;15;14268;9418;805;417;1351
FR;6;2022-06-29;98;117;26;37;19;14366;9535;831;454;1370
FR;6;2022-06-30;84;60;33;10;12;14450;9595;864;464;1382
FR;6;2022-07-01;115;94;25;33;18;14565;9689;889;497;1400
FR;6;2022-07-02;58;67;26;2;37;14623;9756;915;499;1437
FR;6;2022-07-03;11;4;4;3;4;14634;9760;919;502;1441
FR;6;2022-07-04;61;43;3;23;13;14695;9803;922;525;1454
FR;6;2022-07-05;65;53;19;67;27;14760;9856;941;592;1481
FR;6;2022-07-06;94;64;7;11;12;14854;9920;948;603;1493
FR;6;2022-07-07;99;79;42;37;14;14953;9999;990;640;1507
FR;6;2022-07-08;139;87;42;27;10;15092;10086;1032;667;1517
FR;6;2022-07-09;53;51;16;29;27;15145;10137;1048;696;1544
FR;6;2022-07-10;3;7;8;0;9;15148;10144;1056;696;1553
FR;6;2022-07-11;54;44;5;4;12;15202;10188;1061;700;1565
FR;6;2022-07-12;70;72;12;23;12;15272;10260;1073;723;1577
FR;6;2022-07-13;84;65;14;21;25;15356;10325;1087;744;1602
FR;6;2022-07-14;4;3;1;0;1;15360;10328;1088;744;1603
FR;6;2022-07-15;74;59;9;57;16;15434;10387;1097;801;1619
FR;6;2022-07-16;27;31;17;0;17;15461;10418;1114;801;1636
FR;6;2022-07-17;3;7;0;0;0;15464;10425;1114;801;1636
FR;6;2022-07-18;37;62;11;14;15;15501;10487;1125;815;1651
FR;6;2022-07-19;54;48;4;19;6;15555;10535;1129;834;1657
FR;6;2022-07-20;53;70;7;22;11;15608;10605;1136;856;1668
FR;6;2022-07-21;51;60;4;7;11;15659;10665;1140;863;1679
FR;6;2022-07-22;55;74;7;26;8;15714;10739;1147;889;1687
FR;6;2022-07-23;38;40;6;10;6;15752;10779;1153;899;1693
FR;6;2022-07-24;11;14;1;3;3;15763;10793;1154;902;1696
FR;6;2022-07-25;60;44;8;12;9;15823;10837;1162;914;1705
FR;6;2022-07-26;47;64;14;6;10;15870;10901;1176;920;1715
FR;6;2022-07-27;54;78;15;11;17;15924;10979;1191;931;1732
FR;6;2022-07-28;30;48;4;6;8;15954;11027;1195;937;1740
FR;6;2022-07-29;43;71;10;38;24;15997;11098;1205;975;1764
FR;6;2022-07-30;26;48;4;15;7;16023;11146;1209;990;1771
FR;6;2022-07-31;0;1;1;0;0;16023;11147;1210;990;1771
FR;6;2022-08-01;39;36;14;8;10;16062;11183;1224;998;1781
FR;6;2022-08-02;37;46;10;14;6;16099;11229;1234;1012;1787
FR;6;2022-08-03;29;52;7;16;11;16128;11281;1241;1028;1798
FR;6;2022-08-04;25;21;4;9;6;16153;11302;1245;1037;1804
FR;6;2022-08-05;43;45;1;7;5;16196;11347;1246;1044;1809
FR;6;2022-08-06;17;27;1;3;2;16213;11374;1247;1047;1811
FR;6;2022-08-07;1;2;0;0;0;16214;11376;1247;1047;1811
FR;6;2022-08-08;24;33;1;0;1;16238;11409;1248;1047;1812
FR;6;2022-08-09;22;30;6;3;3;16260;11439;1254;1050;1815
FR;6;2022-08-10;31;36;5;9;5;16291;11475;1259;1059;1820
FR;6;2022-08-11;33;33;1;1;1;16324;11508;1260;1060;1821
FR;6;2022-08-12;50;44;6;2;15;16374;11552;1266;1062;1836
FR;6;2022-08-13;9;20;0;0;1;16383;11572;1266;1062;1837
FR;6;2022-08-14;3;1;0;0;0;16386;11573;1266;1062;1837
FR;6;2022-08-15;2;3;1;0;0;16388;11576;1267;1062;1837
FR;6;2022-08-16;35;66;21;7;7;16423;11642;1288;1069;1844
FR;6;2022-08-17;32;44;10;9;10;16455;11686;1298;1078;1854
FR;6;2022-08-18;29;55;14;4;4;16484;11741;1312;1082;1858
FR;6;2022-08-19;30;45;5;4;3;16514;11786;1317;1086;1861
FR;6;2022-08-20;26;29;3;0;8;16540;11815;1320;1086;1869
FR;6;2022-08-21;1;5;2;0;0;16541;11820;1322;1086;1869
FR;6;2022-08-22;20;42;15;1;0;16561;11862;1337;1087;1869
FR;6;2022-08-23;34;45;6;7;6;16595;11907;1343;1094;1875
FR;6;2022-08-24;34;30;6;3;6;16629;11937;1349;1097;1881
FR;6;2022-08-25;25;27;1;1;5;16654;11964;1350;1098;1886
FR;6;2022-08-26;38;44;4;4;7;16692;12008;1354;1102;1893
FR;6;2022-08-27;19;21;7;3;8;16711;12029;1361;1105;1901
FR;6;2022-08-28;6;3;0;6;1;16717;12032;1361;1111;1902
FR;6;2022-08-29;26;22;2;6;3;16743;12054;1363;1117;1905
FR;6;2022-08-30;28;35;4;12;8;16771;12089;1367;1129;1913
FR;6;2022-08-31;35;38;2;11;3;16806;12127;1369;1140;1916
FR;6;2022-09-01;16;11;5;1;4;16822;12138;1374;1141;1920
FR;6;2022-09-02;19;14;2;1;3;16841;12152;1376;1142;1923
FR;6;2022-09-03;10;3;1;5;2;16851;12155;1377;1147;1925
FR;6;2022-09-04;4;1;0;0;0;16855;12156;1377;1147;1925
FR;6;2022-09-05;8;7;0;0;0;16863;12163;1377;1147;1925
FR;6;2022-09-06;7;9;7;12;6;16870;12172;1384;1159;1931
FR;6;2022-09-07;3;8;1;0;1;16873;12180;1385;1159;1932
FR;6;2022-09-08;6;4;0;2;1;16879;12184;1385;1161;1933
FR;6;2022-09-09;7;9;2;7;3;16886;12193;1387;1168;1936
FR;6;2022-09-10;3;4;1;0;1;16889;12197;1388;1168;1937
FR;6;2022-09-11;1;3;0;0;0;16890;12200;1388;1168;1937
FR;6;2022-09-12;10;4;1;0;3;16900;12204;1389;1168;1940
FR;6;2022-09-13;7;2;3;0;2;16907;12206;1392;1168;1942
FR;6;2022-09-14;9;8;2;0;4;16916;12214;1394;1168;1946
FR;6;2022-09-15;8;13;5;5;9;16924;12227;1399;1173;1955
FR;6;2022-09-16;24;38;1;1;3;16948;12265;1400;1174;1958
FR;6;2022-09-17;24;22;0;6;5;16972;12287;1400;1180;1963
FR;6;2022-09-18;5;4;0;0;1;16977;12291;1400;1180;1964
FR;6;2022-09-19;30;30;2;1;5;17007;12321;1402;1181;1969
FR;6;2022-09-20;34;25;1;4;6;17041;12346;1403;1185;1975
FR;6;2022-09-21;21;9;3;3;7;17062;12355;1406;1188;1982
FR;6;2022-09-22;19;28;1;22;3;17081;12383;1407;1210;1985
FR;6;2022-09-23;28;41;5;9;9;17109;12424;1412;1219;1994
FR;6;2022-09-24;16;16;4;2;6;17125;12440;1416;1221;2000
FR;6;2022-09-25;3;14;0;0;1;17128;12454;1416;1221;2001
FR;6;2022-09-26;16;13;0;18;5;17144;12467;1416;1239;2006
FR;6;2022-09-27;32;19;2;3;4;17176;12486;1418;1242;2010
FR;6;2022-09-28;27;10;8;11;4;17203;12496;1426;1253;2014
FR;6;2022-09-29;13;13;10;34;6;17216;12509;1436;1287;2020
FR;6;2022-09-30;34;24;5;6;5;17250;12533;1441;1293;2025
FR;6;2022-10-01;14;12;5;8;8;17264;12545;1446;1301;2033
FR;6;2022-10-02;3;0;0;0;0;17267;12545;1446;1301;2033
FR;6;2022-10-03;11;10;3;5;4;17278;12555;1449;1306;2037
FR;6;2022-10-04;19;17;4;28;3;17297;12572;1453;1334;2040
FR;6;2022-10-05;10;12;3;2;7;17307;12584;1456;1336;2047
FR;6;2022-10-06;19;13;4;6;2;17326;12597;1460;1342;2049
FR;6;2022-10-07;27;26;5;24;10;17353;12623;1465;1366;2059
FR;6;2022-10-08;16;13;0;0;0;17369;12636;1465;1366;2059
FR;6;2022-10-09;7;3;4;24;4;17376;12639;1469;1390;2063
FR;6;2022-10-10;15;14;1;16;6;17391;12653;1470;1406;2069
FR;6;2022-10-11;21;23;3;11;8;17412;12676;1473;1417;2077
FR;6;2022-10-12;20;14;7;19;2;17432;12690;1480;1436;2079
FR;6;2022-10-13;28;14;2;36;0;17460;12704;1482;1472;2079
FR;6;2022-10-14;28;23;5;49;11;17488;12727;1487;1521;2090
FR;6;2022-10-15;13;9;0;20;4;17501;12736;1487;1541;2094
FR;6;2022-10-16;4;4;0;5;2;17505;12740;1487;1546;2096
FR;6;2022-10-17;14;13;2;10;1;17519;12753;1489;1556;2097
FR;6;2022-10-18;12;19;9;24;3;17531;12772;1498;1580;2100
FR;6;2022-10-19;10;20;6;16;5;17541;12792;1504;1596;2105
FR;6;2022-10-20;15;15;10;57;3;17556;12807;1514;1653;2108
FR;8;2020-12-27;0;0;0;0;0;0;0;0;0;0
FR;8;2020-12-28;0;0;0;0;0;0;0;0;0;0
FR;8;2020-12-29;0;0;0;0;0;0;0;0;0;0
FR;8;2020-12-30;0;0;0;0;0;0;0;0;0;0
FR;8;2020-12-31;0;0;0;0;0;0;0;0;0;0
FR;8;2021-01-01;0;0;0;0;0;0;0;0;0;0
FR;8;2021-01-02;0;0;0;0;0;0;0;0;0;0
FR;8;2021-01-03;0;0;0;0;0;0;0;0;0;0
FR;8;2021-01-04;0;0;0;0;0;0;0;0;0;0
FR;8;2021-01-05;0;0;0;0;0;0;0;0;0;0
FR;8;2021-01-06;0;0;0;0;0;0;0;0;0;0
FR;8;2021-01-07;0;0;0;0;0;0;0;0;0;0
FR;8;2021-01-08;0;0;0;0;0;0;0;0;0;0
FR;8;2021-01-09;0;0;0;0;0;0;0;0;0;0
FR;8;2021-01-10;0;0;0;0;0;0;0;0;0;0
FR;8;2021-01-11;0;0;0;0;0;0;0;0;0;0
FR;8;2021-01-12;0;0;0;0;0;0;0;0;0;0
FR;8;2021-01-13;0;0;0;0;0;0;0;0;0;0
FR;8;2021-01-14;0;0;0;0;0;0;0;0;0;0
FR;8;2021-01-15;0;0;0;0;0;0;0;0;0;0
FR;8;2021-01-16;0;0;0;0;0;0;0;0;0;0
FR;8;2021-01-17;0;0;0;0;0;0;0;0;0;0
FR;8;2021-01-18;0;0;0;0;0;0;0;0;0;0
FR;8;2021-01-19;0;0;0;0;0;0;0;0;0;0
FR;8;2021-01-20;0;0;0;0;0;0;0;0;0;0
FR;8;2021-01-21;0;0;0;0;0;0;0;0;0;0
FR;8;2021-01-22;0;0;0;0;0;0;0;0;0;0
FR;8;2021-01-23;0;0;0;0;0;0;0;0;0;0
FR;8;2021-01-24;0;0;0;0;0;0;0;0;0;0
FR;8;2021-01-25;0;0;0;0;0;0;0;0;0;0
FR;8;2021-01-26;0;0;0;0;0;0;0;0;0;0
FR;8;2021-01-27;0;0;0;0;0;0;0;0;0;0
FR;8;2021-01-28;0;0;0;0;0;0;0;0;0;0
FR;8;2021-01-29;0;0;0;0;0;0;0;0;0;0
FR;8;2021-01-30;0;0;0;0;0;0;0;0;0;0
FR;8;2021-01-31;0;0;0;0;0;0;0;0;0;0
FR;8;2021-02-01;0;0;0;0;0;0;0;0;0;0
FR;8;2021-02-02;0;0;0;0;0;0;0;0;0;0
FR;8;2021-02-03;0;0;0;0;0;0;0;0;0;0
FR;8;2021-02-04;0;0;0;0;0;0;0;0;0;0
FR;8;2021-02-05;0;0;0;0;0;0;0;0;0;0
FR;8;2021-02-06;0;0;0;0;0;0;0;0;0;0
FR;8;2021-02-07;0;0;0;0;0;0;0;0;0;0
FR;8;2021-02-08;0;0;0;0;0;0;0;0;0;0
FR;8;2021-02-09;0;0;0;0;0;0;0;0;0;0
FR;8;2021-02-10;0;0;0;0;0;0;0;0;0;0
FR;8;2021-02-11;0;0;0;0;0;0;0;0;0;0
FR;8;2021-02-12;0;0;0;0;0;0;0;0;0;0
FR;8;2021-02-13;0;0;0;0;0;0;0;0;0;0
FR;8;2021-02-14;0;0;0;0;0;0;0;0;0;0
FR;8;2021-02-15;0;0;0;0;0;0;0;0;0;0
FR;8;2021-02-16;0;0;0;0;0;0;0;0;0;0
FR;8;2021-02-17;0;0;0;0;0;0;0;0;0;0
FR;8;2021-02-18;0;0;0;0;0;0;0;0;0;0
FR;8;2021-02-19;0;0;0;0;0;0;0;0;0;0
FR;8;2021-02-20;0;0;0;0;0;0;0;0;0;0
FR;8;2021-02-21;0;0;0;0;0;0;0;0;0;0
FR;8;2021-02-22;0;0;0;0;0;0;0;0;0;0
FR;8;2021-02-23;0;0;0;0;0;0;0;0;0;0
FR;8;2021-02-24;0;0;0;0;0;0;0;0;0;0
FR;8;2021-02-25;0;0;0;0;0;0;0;0;0;0
FR;8;2021-02-26;0;0;0;0;0;0;0;0;0;0
FR;8;2021-02-27;0;0;0;0;0;0;0;0;0;0
FR;8;2021-02-28;0;0;0;0;0;0;0;0;0;0
FR;8;2021-03-01;0;0;0;0;0;0;0;0;0;0
FR;8;2021-03-02;0;0;0;0;0;0;0;0;0;0
FR;8;2021-03-03;0;0;0;0;0;0;0;0;0;0
FR;8;2021-03-04;0;0;0;0;0;0;0;0;0;0
FR;8;2021-03-05;0;0;0;0;0;0;0;0;0;0
FR;8;2021-03-06;0;0;0;0;0;0;0;0;0;0
FR;8;2021-03-07;0;0;0;0;0;0;0;0;0;0
FR;8;2021-03-08;0;0;0;0;0;0;0;0;0;0
FR;8;2021-03-09;0;0;0;0;0;0;0;0;0;0
FR;8;2021-03-10;0;0;0;0;0;0;0;0;0;0
FR;8;2021-03-11;0;0;0;0;0;0;0;0;0;0
FR;8;2021-03-12;0;0;0;0;0;0;0;0;0;0
FR;8;2021-03-13;0;0;0;0;0;0;0;0;0;0
FR;8;2021-03-14;0;0;0;0;0;0;0;0;0;0
FR;8;2021-03-15;0;0;0;0;0;0;0;0;0;0
FR;8;2021-03-16;0;0;0;0;0;0;0;0;0;0
FR;8;2021-03-17;0;0;0;0;0;0;0;0;0;0
FR;8;2021-03-18;0;0;0;0;0;0;0;0;0;0
FR;8;2021-03-19;0;0;0;0;0;0;0;0;0;0
FR;8;2021-03-20;0;0;0;0;0;0;0;0;0;0
FR;8;2021-03-21;0;0;0;0;0;0;0;0;0;0
FR;8;2021-03-22;0;0;0;0;0;0;0;0;0;0
FR;8;2021-03-23;0;0;0;0;0;0;0;0;0;0
FR;8;2021-03-24;0;0;0;0;0;0;0;0;0;0
FR;8;2021-03-25;0;0;0;0;0;0;0;0;0;0
FR;8;2021-03-26;0;0;0;0;0;0;0;0;0;0
FR;8;2021-03-27;0;0;0;0;0;0;0;0;0;0
FR;8;2021-03-28;0;0;0;0;0;0;0;0;0;0
FR;8;2021-03-29;0;0;0;0;0;0;0;0;0;0
FR;8;2021-03-30;0;0;0;0;0;0;0;0;0;0
FR;8;2021-03-31;0;0;0;0;0;0;0;0;0;0
FR;8;2021-04-01;0;0;0;0;0;0;0;0;0;0
FR;8;2021-04-02;0;0;0;0;0;0;0;0;0;0
FR;8;2021-04-03;0;0;0;0;0;0;0;0;0;0
FR;8;2021-04-04;0;0;0;0;0;0;0;0;0;0
FR;8;2021-04-05;0;0;0;0;0;0;0;0;0;0
FR;8;2021-04-06;0;0;0;0;0;0;0;0;0;0
FR;8;2021-04-07;0;0;0;0;0;0;0;0;0;0
FR;8;2021-04-08;0;0;0;0;0;0;0;0;0;0
FR;8;2021-04-09;0;0;0;0;0;0;0;0;0;0
FR;8;2021-04-10;0;0;0;0;0;0;0;0;0;0
FR;8;2021-04-11;0;0;0;0;0;0;0;0;0;0
FR;8;2021-04-12;0;0;0;0;0;0;0;0;0;0
FR;8;2021-04-13;0;0;0;0;0;0;0;0;0;0
FR;8;2021-04-14;0;0;0;0;0;0;0;0;0;0
FR;8;2021-04-15;0;0;0;0;0;0;0;0;0;0
FR;8;2021-04-16;0;0;0;0;0;0;0;0;0;0
FR;8;2021-04-17;0;0;0;0;0;0;0;0;0;0
FR;8;2021-04-18;0;0;0;0;0;0;0;0;0;0
FR;8;2021-04-19;0;0;0;0;0;0;0;0;0;0
FR;8;2021-04-20;0;0;0;0;0;0;0;0;0;0
FR;8;2021-04-21;0;0;0;0;0;0;0;0;0;0
FR;8;2021-04-22;0;0;0;0;0;0;0;0;0;0
FR;8;2021-04-23;0;0;0;0;0;0;0;0;0;0
FR;8;2021-04-24;0;0;0;0;0;0;0;0;0;0
FR;8;2021-04-25;0;0;0;0;0;0;0;0;0;0
FR;8;2021-04-26;0;0;0;0;0;0;0;0;0;0
FR;8;2021-04-27;0;0;0;0;0;0;0;0;0;0
FR;8;2021-04-28;0;0;0;0;0;0;0;0;0;0
FR;8;2021-04-29;0;0;0;0;0;0;0;0;0;0
FR;8;2021-04-30;0;0;0;0;0;0;0;0;0;0
FR;8;2021-05-01;0;0;0;0;0;0;0;0;0;0
FR;8;2021-05-02;0;0;0;0;0;0;0;0;0;0
FR;8;2021-05-03;0;0;0;0;0;0;0;0;0;0
FR;8;2021-05-04;0;0;0;0;0;0;0;0;0;0
FR;8;2021-05-05;0;0;0;0;0;0;0;0;0;0
FR;8;2021-05-06;0;0;0;0;0;0;0;0;0;0
FR;8;2021-05-07;0;0;0;0;0;0;0;0;0;0
FR;8;2021-05-08;0;0;0;0;0;0;0;0;0;0
FR;8;2021-05-09;0;0;0;0;0;0;0;0;0;0
FR;8;2021-05-10;0;0;0;0;0;0;0;0;0;0
FR;8;2021-05-11;0;0;0;0;0;0;0;0;0;0
FR;8;2021-05-12;0;0;0;0;0;0;0;0;0;0
FR;8;2021-05-13;0;0;0;0;0;0;0;0;0;0
FR;8;2021-05-14;0;0;0;0;0;0;0;0;0;0
FR;8;2021-05-15;0;0;0;0;0;0;0;0;0;0
FR;8;2021-05-16;0;0;0;0;0;0;0;0;0;0
FR;8;2021-05-17;0;0;0;0;0;0;0;0;0;0
FR;8;2021-05-18;0;0;0;0;0;0;0;0;0;0
FR;8;2021-05-19;0;0;0;0;0;0;0;0;0;0
FR;8;2021-05-20;0;0;0;0;0;0;0;0;0;0
FR;8;2021-05-21;0;0;0;0;0;0;0;0;0;0
FR;8;2021-05-22;0;0;0;0;0;0;0;0;0;0
FR;8;2021-05-23;0;0;0;0;0;0;0;0;0;0
FR;8;2021-05-24;0;0;0;0;0;0;0;0;0;0
FR;8;2021-05-25;0;0;0;0;0;0;0;0;0;0
FR;8;2021-05-26;0;0;0;0;0;0;0;0;0;0
FR;8;2021-05-27;0;0;0;0;0;0;0;0;0;0
FR;8;2021-05-28;0;0;0;0;0;0;0;0;0;0
FR;8;2021-05-29;0;0;0;0;0;0;0;0;0;0
FR;8;2021-05-30;0;0;0;0;0;0;0;0;0;0
FR;8;2021-05-31;0;0;0;0;0;0;0;0;0;0
FR;8;2021-06-01;0;0;0;0;0;0;0;0;0;0
FR;8;2021-06-02;0;0;0;0;0;0;0;0;0;0
FR;8;2021-06-03;0;0;0;0;0;0;0;0;0;0
FR;8;2021-06-04;0;0;0;0;0;0;0;0;0;0
FR;8;2021-06-05;0;0;0;0;0;0;0;0;0;0
FR;8;2021-06-06;0;0;0;0;0;0;0;0;0;0
FR;8;2021-06-07;0;0;0;0;0;0;0;0;0;0
FR;8;2021-06-08;0;0;0;0;0;0;0;0;0;0
FR;8;2021-06-09;0;0;0;0;0;0;0;0;0;0
FR;8;2021-06-10;0;0;0;0;0;0;0;0;0;0
FR;8;2021-06-11;0;0;0;0;0;0;0;0;0;0
FR;8;2021-06-12;0;0;0;0;0;0;0;0;0;0
FR;8;2021-06-13;0;0;0;0;0;0;0;0;0;0
FR;8;2021-06-14;0;0;0;0;0;0;0;0;0;0
FR;8;2021-06-15;0;0;0;0;0;0;0;0;0;0
FR;8;2021-06-16;0;0;0;0;0;0;0;0;0;0
FR;8;2021-06-17;0;0;0;0;0;0;0;0;0;0
FR;8;2021-06-18;0;0;0;0;0;0;0;0;0;0
FR;8;2021-06-19;0;0;0;0;0;0;0;0;0;0
FR;8;2021-06-20;0;0;0;0;0;0;0;0;0;0
FR;8;2021-06-21;0;0;0;0;0;0;0;0;0;0
FR;8;2021-06-22;0;0;0;0;0;0;0;0;0;0
FR;8;2021-06-23;0;0;0;0;0;0;0;0;0;0
FR;8;2021-06-24;0;0;0;0;0;0;0;0;0;0
FR;8;2021-06-25;0;0;0;0;0;0;0;0;0;0
FR;8;2021-06-26;0;0;0;0;0;0;0;0;0;0
FR;8;2021-06-27;0;0;0;0;0;0;0;0;0;0
FR;8;2021-06-28;0;0;0;0;0;0;0;0;0;0
FR;8;2021-06-29;0;0;0;0;0;0;0;0;0;0
FR;8;2021-06-30;0;0;0;0;0;0;0;0;0;0
FR;8;2021-07-01;0;0;0;0;0;0;0;0;0;0
FR;8;2021-07-02;0;0;0;0;0;0;0;0;0;0
FR;8;2021-07-03;0;0;0;0;0;0;0;0;0;0
FR;8;2021-07-04;0;0;0;0;0;0;0;0;0;0
FR;8;2021-07-05;0;0;0;0;0;0;0;0;0;0
FR;8;2021-07-06;0;0;0;0;0;0;0;0;0;0
FR;8;2021-07-07;0;0;0;0;0;0;0;0;0;0
FR;8;2021-07-08;0;0;0;0;0;0;0;0;0;0
FR;8;2021-07-09;0;0;0;0;0;0;0;0;0;0
FR;8;2021-07-10;0;0;0;0;0;0;0;0;0;0
FR;8;2021-07-11;0;0;0;0;0;0;0;0;0;0
FR;8;2021-07-12;0;0;0;0;0;0;0;0;0;0
FR;8;2021-07-13;0;0;0;0;0;0;0;0;0;0
FR;8;2021-07-14;0;0;0;0;0;0;0;0;0;0
FR;8;2021-07-15;0;0;0;0;0;0;0;0;0;0
FR;8;2021-07-16;0;0;0;0;0;0;0;0;0;0
FR;8;2021-07-17;0;0;0;0;0;0;0;0;0;0
FR;8;2021-07-18;0;0;0;0;0;0;0;0;0;0
FR;8;2021-07-19;0;0;0;0;0;0;0;0;0;0
FR;8;2021-07-20;0;0;0;0;0;0;0;0;0;0
FR;8;2021-07-21;0;0;0;0;0;0;0;0;0;0
FR;8;2021-07-22;0;0;0;0;0;0;0;0;0;0
FR;8;2021-07-23;0;0;0;0;0;0;0;0;0;0
FR;8;2021-07-24;0;0;0;0;0;0;0;0;0;0
FR;8;2021-07-25;0;0;0;0;0;0;0;0;0;0
FR;8;2021-07-26;0;0;0;0;0;0;0;0;0;0
FR;8;2021-07-27;0;0;0;0;0;0;0;0;0;0
FR;8;2021-07-28;0;0;0;0;0;0;0;0;0;0
FR;8;2021-07-29;0;0;0;0;0;0;0;0;0;0
FR;8;2021-07-30;0;0;0;0;0;0;0;0;0;0
FR;8;2021-07-31;0;0;0;0;0;0;0;0;0;0
FR;8;2021-08-01;0;0;0;0;0;0;0;0;0;0
FR;8;2021-08-02;0;0;0;0;0;0;0;0;0;0
FR;8;2021-08-03;0;0;0;0;0;0;0;0;0;0
FR;8;2021-08-04;0;0;0;0;0;0;0;0;0;0
FR;8;2021-08-05;0;0;0;0;0;0;0;0;0;0
FR;8;2021-08-06;0;0;0;0;0;0;0;0;0;0
FR;8;2021-08-07;0;0;0;0;0;0;0;0;0;0
FR;8;2021-08-08;0;0;0;0;0;0;0;0;0;0
FR;8;2021-08-09;0;0;0;0;0;0;0;0;0;0
FR;8;2021-08-10;0;0;0;0;0;0;0;0;0;0
FR;8;2021-08-11;0;0;0;0;0;0;0;0;0;0
FR;8;2021-08-12;0;0;0;0;0;0;0;0;0;0
FR;8;2021-08-13;0;0;0;0;0;0;0;0;0;0
FR;8;2021-08-14;0;0;0;0;0;0;0;0;0;0
FR;8;2021-08-15;0;0;0;0;0;0;0;0;0;0
FR;8;2021-08-16;0;0;0;0;0;0;0;0;0;0
FR;8;2021-08-17;0;0;0;0;0;0;0;0;0;0
FR;8;2021-08-18;0;0;0;0;0;0;0;0;0;0
FR;8;2021-08-19;0;0;0;0;0;0;0;0;0;0
FR;8;2021-08-20;0;0;0;0;0;0;0;0;0;0
FR;8;2021-08-21;0;0;0;0;0;0;0;0;0;0
FR;8;2021-08-22;0;0;0;0;0;0;0;0;0;0
FR;8;2021-08-23;0;0;0;0;0;0;0;0;0;0
FR;8;2021-08-24;0;0;0;0;0;0;0;0;0;0
FR;8;2021-08-25;0;0;0;0;0;0;0;0;0;0
FR;8;2021-08-26;0;0;0;0;0;0;0;0;0;0
FR;8;2021-08-27;0;0;0;0;0;0;0;0;0;0
FR;8;2021-08-28;0;0;0;0;0;0;0;0;0;0
FR;8;2021-08-29;0;0;0;0;0;0;0;0;0;0
FR;8;2021-08-30;0;0;0;0;0;0;0;0;0;0
FR;8;2021-08-31;0;0;0;0;0;0;0;0;0;0
FR;8;2021-09-01;0;0;0;0;0;0;0;0;0;0
FR;8;2021-09-02;0;0;0;0;0;0;0;0;0;0
FR;8;2021-09-03;0;0;0;0;0;0;0;0;0;0
FR;8;2021-09-04;0;0;0;0;0;0;0;0;0;0
FR;8;2021-09-05;0;0;0;0;0;0;0;0;0;0
FR;8;2021-09-06;0;0;0;0;0;0;0;0;0;0
FR;8;2021-09-07;0;0;0;0;0;0;0;0;0;0
FR;8;2021-09-08;0;0;0;0;0;0;0;0;0;0
FR;8;2021-09-09;0;0;0;0;0;0;0;0;0;0
FR;8;2021-09-10;0;0;0;0;0;0;0;0;0;0
FR;8;2021-09-11;0;0;0;0;0;0;0;0;0;0
FR;8;2021-09-12;0;0;0;0;0;0;0;0;0;0
FR;8;2021-09-13;0;0;0;0;0;0;0;0;0;0
FR;8;2021-09-14;0;0;0;0;0;0;0;0;0;0
FR;8;2021-09-15;0;0;0;0;0;0;0;0;0;0
FR;8;2021-09-16;0;0;0;0;0;0;0;0;0;0
FR;8;2021-09-17;0;0;0;0;0;0;0;0;0;0
FR;8;2021-09-18;0;0;0;0;0;0;0;0;0;0
FR;8;2021-09-19;0;0;0;0;0;0;0;0;0;0
FR;8;2021-09-20;0;0;0;0;0;0;0;0;0;0
FR;8;2021-09-21;0;0;0;0;0;0;0;0;0;0
FR;8;2021-09-22;0;0;0;0;0;0;0;0;0;0
FR;8;2021-09-23;0;0;0;0;0;0;0;0;0;0
FR;8;2021-09-24;0;0;0;0;0;0;0;0;0;0
FR;8;2021-09-25;0;0;0;0;0;0;0;0;0;0
FR;8;2021-09-26;0;0;0;0;0;0;0;0;0;0
FR;8;2021-09-27;0;0;0;0;0;0;0;0;0;0
FR;8;2021-09-28;0;0;0;0;0;0;0;0;0;0
FR;8;2021-09-29;0;0;0;0;0;0;0;0;0;0
FR;8;2021-09-30;0;0;0;0;0;0;0;0;0;0
FR;8;2021-10-01;0;0;0;0;0;0;0;0;0;0
FR;8;2021-10-02;0;0;0;0;0;0;0;0;0;0
FR;8;2021-10-03;0;0;0;0;0;0;0;0;0;0
FR;8;2021-10-04;0;0;0;0;0;0;0;0;0;0
FR;8;2021-10-05;0;0;0;0;0;0;0;0;0;0
FR;8;2021-10-06;0;0;0;0;0;0;0;0;0;0
FR;8;2021-10-07;0;0;0;0;0;0;0;0;0;0
FR;8;2021-10-08;0;0;0;0;0;0;0;0;0;0
FR;8;2021-10-09;0;0;0;0;0;0;0;0;0;0
FR;8;2021-10-10;0;0;0;0;0;0;0;0;0;0
FR;8;2021-10-11;0;0;0;0;0;0;0;0;0;0
FR;8;2021-10-12;0;0;0;0;0;0;0;0;0;0
FR;8;2021-10-13;0;0;0;0;0;0;0;0;0;0
FR;8;2021-10-14;0;0;0;0;0;0;0;0;0;0
FR;8;2021-10-15;0;0;0;0;0;0;0;0;0;0
FR;8;2021-10-16;0;0;0;0;0;0;0;0;0;0
FR;8;2021-10-17;0;0;0;0;0;0;0;0;0;0
FR;8;2021-10-18;0;0;0;0;0;0;0;0;0;0
FR;8;2021-10-19;0;0;0;0;0;0;0;0;0;0
FR;8;2021-10-20;0;0;0;0;0;0;0;0;0;0
FR;8;2021-10-21;0;0;0;0;0;0;0;0;0;0
FR;8;2021-10-22;0;0;0;0;0;0;0;0;0;0
FR;8;2021-10-23;0;0;0;0;0;0;0;0;0;0
FR;8;2021-10-24;0;0;0;0;0;0;0;0;0;0
FR;8;2021-10-25;0;0;0;0;0;0;0;0;0;0
FR;8;2021-10-26;0;0;0;0;0;0;0;0;0;0
FR;8;2021-10-27;0;0;0;0;0;0;0;0;0;0
FR;8;2021-10-28;0;0;0;0;0;0;0;0;0;0
FR;8;2021-10-29;0;0;0;0;0;0;0;0;0;0
FR;8;2021-10-30;0;0;0;0;0;0;0;0;0;0
FR;8;2021-10-31;0;0;0;0;0;0;0;0;0;0
FR;8;2021-11-01;0;0;0;0;0;0;0;0;0;0
FR;8;2021-11-02;0;0;0;0;0;0;0;0;0;0
FR;8;2021-11-03;0;0;0;0;0;0;0;0;0;0
FR;8;2021-11-04;0;0;0;0;0;0;0;0;0;0
FR;8;2021-11-05;0;0;0;0;0;0;0;0;0;0
FR;8;2021-11-06;0;0;0;0;0;0;0;0;0;0
FR;8;2021-11-07;0;0;0;0;0;0;0;0;0;0
FR;8;2021-11-08;0;0;0;0;0;0;0;0;0;0
FR;8;2021-11-09;0;0;0;0;0;0;0;0;0;0
FR;8;2021-11-10;0;0;0;0;0;0;0;0;0;0
FR;8;2021-11-11;0;0;0;0;0;0;0;0;0;0
FR;8;2021-11-12;0;0;0;0;0;0;0;0;0;0
FR;8;2021-11-13;0;0;0;0;0;0;0;0;0;0
FR;8;2021-11-14;0;0;0;0;0;0;0;0;0;0
FR;8;2021-11-15;0;0;0;0;0;0;0;0;0;0
FR;8;2021-11-16;0;0;0;0;0;0;0;0;0;0
FR;8;2021-11-17;0;0;0;0;0;0;0;0;0;0
FR;8;2021-11-18;0;0;0;0;0;0;0;0;0;0
FR;8;2021-11-19;0;0;0;0;0;0;0;0;0;0
FR;8;2021-11-20;0;0;0;0;0;0;0;0;0;0
FR;8;2021-11-21;0;0;0;0;0;0;0;0;0;0
FR;8;2021-11-22;0;0;0;0;0;0;0;0;0;0
FR;8;2021-11-23;0;0;0;0;0;0;0;0;0;0
FR;8;2021-11-24;0;0;0;0;0;0;0;0;0;0
FR;8;2021-11-25;0;0;0;0;0;0;0;0;0;0
FR;8;2021-11-26;0;0;0;0;0;0;0;0;0;0
FR;8;2021-11-27;0;0;0;0;0;0;0;0;0;0
FR;8;2021-11-28;0;0;0;0;0;0;0;0;0;0
FR;8;2021-11-29;0;0;0;0;0;0;0;0;0;0
FR;8;2021-11-30;0;0;0;0;0;0;0;0;0;0
FR;8;2021-12-01;0;0;0;0;0;0;0;0;0;0
FR;8;2021-12-02;0;0;0;0;0;0;0;0;0;0
FR;8;2021-12-03;0;0;0;0;0;0;0;0;0;0
FR;8;2021-12-04;0;0;0;0;0;0;0;0;0;0
FR;8;2021-12-05;0;0;0;0;0;0;0;0;0;0
FR;8;2021-12-06;0;0;0;0;0;0;0;0;0;0
FR;8;2021-12-07;0;0;0;0;0;0;0;0;0;0
FR;8;2021-12-08;0;0;0;0;0;0;0;0;0;0
FR;8;2021-12-09;0;0;0;0;0;0;0;0;0;0
FR;8;2021-12-10;0;0;0;0;0;0;0;0;0;0
FR;8;2021-12-11;0;0;0;0;0;0;0;0;0;0
FR;8;2021-12-12;0;0;0;0;0;0;0;0;0;0
FR;8;2021-12-13;0;0;0;0;0;0;0;0;0;0
FR;8;2021-12-14;0;0;0;0;0;0;0;0;0;0
FR;8;2021-12-15;0;0;0;0;0;0;0;0;0;0
FR;8;2021-12-16;0;0;0;0;0;0;0;0;0;0
FR;8;2021-12-17;0;0;0;0;0;0;0;0;0;0
FR;8;2021-12-18;0;0;0;0;0;0;0;0;0;0
FR;8;2021-12-19;0;0;0;0;0;0;0;0;0;0
FR;8;2021-12-20;0;0;0;0;0;0;0;0;0;0
FR;8;2021-12-21;0;0;0;0;0;0;0;0;0;0
FR;8;2021-12-22;0;0;0;0;0;0;0;0;0;0
FR;8;2021-12-23;0;0;0;0;0;0;0;0;0;0
FR;8;2021-12-24;0;0;0;0;0;0;0;0;0;0
FR;8;2021-12-25;0;0;0;0;0;0;0;0;0;0
FR;8;2021-12-26;0;0;0;0;0;0;0;0;0;0
FR;8;2021-12-27;0;0;0;0;0;0;0;0;0;0
FR;8;2021-12-28;0;0;0;0;0;0;0;0;0;0
FR;8;2021-12-29;0;0;0;0;0;0;0;0;0;0
FR;8;2021-12-30;0;0;0;0;0;0;0;0;0;0
FR;8;2021-12-31;0;0;0;0;0;0;0;0;0;0
FR;8;2022-01-01;0;0;0;0;0;0;0;0;0;0
FR;8;2022-01-02;0;0;0;0;0;0;0;0;0;0
FR;8;2022-01-03;0;0;0;0;0;0;0;0;0;0
FR;8;2022-01-04;0;0;0;0;0;0;0;0;0;0
FR;8;2022-01-05;0;0;0;0;0;0;0;0;0;0
FR;8;2022-01-06;0;0;0;0;0;0;0;0;0;0
FR;8;2022-01-07;0;0;0;0;0;0;0;0;0;0
FR;8;2022-01-08;0;0;0;0;0;0;0;0;0;0
FR;8;2022-01-09;0;0;0;0;0;0;0;0;0;0
FR;8;2022-01-10;0;0;0;0;0;0;0;0;0;0
FR;8;2022-01-11;0;0;0;0;0;0;0;0;0;0
FR;8;2022-01-12;0;0;0;0;0;0;0;0;0;0
FR;8;2022-01-13;0;0;0;0;0;0;0;0;0;0
FR;8;2022-01-14;0;0;0;0;0;0;0;0;0;0
FR;8;2022-01-15;0;0;0;0;0;0;0;0;0;0
FR;8;2022-01-16;0;0;0;0;0;0;0;0;0;0
FR;8;2022-01-17;0;0;0;0;0;0;0;0;0;0
FR;8;2022-01-18;0;0;0;0;0;0;0;0;0;0
FR;8;2022-01-19;0;0;0;0;0;0;0;0;0;0
FR;8;2022-01-20;0;0;0;0;0;0;0;0;0;0
FR;8;2022-01-21;0;0;0;0;0;0;0;0;0;0
FR;8;2022-01-22;0;0;0;0;0;0;0;0;0;0
FR;8;2022-01-23;0;0;0;0;0;0;0;0;0;0
FR;8;2022-01-24;0;0;0;0;0;0;0;0;0;0
FR;8;2022-01-25;0;0;0;0;0;0;0;0;0;0
FR;8;2022-01-26;0;0;0;0;0;0;0;0;0;0
FR;8;2022-01-27;0;0;0;0;0;0;0;0;0;0
FR;8;2022-01-28;0;0;0;0;0;0;0;0;0;0
FR;8;2022-01-29;0;0;0;0;0;0;0;0;0;0
FR;8;2022-01-30;0;0;0;0;0;0;0;0;0;0
FR;8;2022-01-31;0;0;0;0;0;0;0;0;0;0
FR;8;2022-02-01;0;0;0;0;0;0;0;0;0;0
FR;8;2022-02-02;0;0;0;0;0;0;0;0;0;0
FR;8;2022-02-03;0;0;0;0;0;0;0;0;0;0
FR;8;2022-02-04;0;0;0;0;0;0;0;0;0;0
FR;8;2022-02-05;0;0;0;0;0;0;0;0;0;0
FR;8;2022-02-06;0;0;0;0;0;0;0;0;0;0
FR;8;2022-02-07;0;0;0;0;0;0;0;0;0;0
FR;8;2022-02-08;0;0;0;0;0;0;0;0;0;0
FR;8;2022-02-09;0;0;0;0;0;0;0;0;0;0
FR;8;2022-02-10;0;0;0;0;0;0;0;0;0;0
FR;8;2022-02-11;0;0;0;0;0;0;0;0;0;0
FR;8;2022-02-12;0;0;0;0;0;0;0;0;0;0
FR;8;2022-02-13;0;0;0;0;0;0;0;0;0;0
FR;8;2022-02-14;0;0;0;0;0;0;0;0;0;0
FR;8;2022-02-15;0;0;0;0;0;0;0;0;0;0
FR;8;2022-02-16;0;0;0;0;0;0;0;0;0;0
FR;8;2022-02-17;0;0;0;0;0;0;0;0;0;0
FR;8;2022-02-18;0;0;0;0;0;0;0;0;0;0
FR;8;2022-02-19;0;0;0;0;0;0;0;0;0;0
FR;8;2022-02-20;0;0;0;0;0;0;0;0;0;0
FR;8;2022-02-21;0;0;0;0;0;0;0;0;0;0
FR;8;2022-02-22;0;0;0;0;0;0;0;0;0;0
FR;8;2022-02-23;0;0;0;0;0;0;0;0;0;0
FR;8;2022-02-24;0;0;0;0;0;0;0;0;0;0
FR;8;2022-02-25;0;0;0;0;0;0;0;0;0;0
FR;8;2022-02-26;0;0;0;0;0;0;0;0;0;0
FR;8;2022-02-27;0;0;0;0;0;0;0;0;0;0
FR;8;2022-02-28;0;0;0;0;0;0;0;0;0;0
FR;8;2022-03-01;0;0;0;0;0;0;0;0;0;0
FR;8;2022-03-02;0;0;0;0;0;0;0;0;0;0
FR;8;2022-03-03;0;0;0;0;0;0;0;0;0;0
FR;8;2022-03-04;0;0;0;0;0;0;0;0;0;0
FR;8;2022-03-05;0;0;0;0;0;0;0;0;0;0
FR;8;2022-03-06;0;0;0;0;0;0;0;0;0;0
FR;8;2022-03-07;0;0;0;0;0;0;0;0;0;0
FR;8;2022-03-08;0;0;0;0;0;0;0;0;0;0
FR;8;2022-03-09;0;0;0;0;0;0;0;0;0;0
FR;8;2022-03-10;0;0;0;0;0;0;0;0;0;0
FR;8;2022-03-11;0;0;0;0;0;0;0;0;0;0
FR;8;2022-03-12;0;0;0;0;0;0;0;0;0;0
FR;8;2022-03-13;0;0;0;0;0;0;0;0;0;0
FR;8;2022-03-14;0;0;0;0;0;0;0;0;0;0
FR;8;2022-03-15;0;0;0;0;0;0;0;0;0;0
FR;8;2022-03-16;0;0;0;0;0;0;0;0;0;0
FR;8;2022-03-17;0;0;0;0;0;0;0;0;0;0
FR;8;2022-03-18;0;0;0;0;0;0;0;0;0;0
FR;8;2022-03-19;0;0;0;0;0;0;0;0;0;0
FR;8;2022-03-20;0;0;0;0;0;0;0;0;0;0
FR;8;2022-03-21;0;0;0;0;0;0;0;0;0;0
FR;8;2022-03-22;0;0;0;0;0;0;0;0;0;0
FR;8;2022-03-23;0;0;0;0;0;0;0;0;0;0
FR;8;2022-03-24;0;0;0;0;0;0;0;0;0;0
FR;8;2022-03-25;0;0;0;0;0;0;0;0;0;0
FR;8;2022-03-26;0;0;0;0;0;0;0;0;0;0
FR;8;2022-03-27;0;0;0;0;0;0;0;0;0;0
FR;8;2022-03-28;0;0;0;0;0;0;0;0;0;0
FR;8;2022-03-29;0;0;0;0;0;0;0;0;0;0
FR;8;2022-03-30;0;0;0;0;0;0;0;0;0;0
FR;8;2022-03-31;0;0;0;0;0;0;0;0;0;0
FR;8;2022-04-01;0;0;0;0;0;0;0;0;0;0
FR;8;2022-04-02;0;0;0;0;0;0;0;0;0;0
FR;8;2022-04-03;0;0;0;0;0;0;0;0;0;0
FR;8;2022-04-04;0;0;0;0;0;0;0;0;0;0
FR;8;2022-04-05;0;0;0;0;0;0;0;0;0;0
FR;8;2022-04-06;0;0;0;0;0;0;0;0;0;0
FR;8;2022-04-07;0;0;0;0;0;0;0;0;0;0
FR;8;2022-04-08;0;0;0;0;0;0;0;0;0;0
FR;8;2022-04-09;0;0;0;0;0;0;0;0;0;0
FR;8;2022-04-10;0;0;0;0;0;0;0;0;0;0
FR;8;2022-04-11;0;0;0;0;0;0;0;0;0;0
FR;8;2022-04-12;0;0;0;0;0;0;0;0;0;0
FR;8;2022-04-13;0;0;0;0;0;0;0;0;0;0
FR;8;2022-04-14;0;0;0;0;0;0;0;0;0;0
FR;8;2022-04-15;0;0;0;0;0;0;0;0;0;0
FR;8;2022-04-16;0;0;0;0;0;0;0;0;0;0
FR;8;2022-04-17;0;0;0;0;0;0;0;0;0;0
FR;8;2022-04-18;0;0;0;0;0;0;0;0;0;0
FR;8;2022-04-19;0;0;0;0;0;0;0;0;0;0
FR;8;2022-04-20;0;0;0;0;0;0;0;0;0;0
FR;8;2022-04-21;0;0;0;0;0;0;0;0;0;0
FR;8;2022-04-22;0;0;0;0;0;0;0;0;0;0
FR;8;2022-04-23;0;0;0;0;0;0;0;0;0;0
FR;8;2022-04-24;0;0;0;0;0;0;0;0;0;0
FR;8;2022-04-25;0;0;0;0;0;0;0;0;0;0
FR;8;2022-04-26;0;0;0;0;0;0;0;0;0;0
FR;8;2022-04-27;0;0;0;0;0;0;0;0;0;0
FR;8;2022-04-28;0;0;0;0;0;0;0;0;0;0
FR;8;2022-04-29;0;0;0;0;0;0;0;0;0;0
FR;8;2022-04-30;0;0;0;0;0;0;0;0;0;0
FR;8;2022-05-01;0;0;0;0;0;0;0;0;0;0
FR;8;2022-05-02;0;0;0;0;0;0;0;0;0;0
FR;8;2022-05-03;0;0;0;0;0;0;0;0;0;0
FR;8;2022-05-04;0;0;0;0;0;0;0;0;0;0
FR;8;2022-05-05;0;0;0;0;0;0;0;0;0;0
FR;8;2022-05-06;0;0;0;0;0;0;0;0;0;0
FR;8;2022-05-07;0;0;0;0;0;0;0;0;0;0
FR;8;2022-05-08;0;0;0;0;0;0;0;0;0;0
FR;8;2022-05-09;0;0;0;0;0;0;0;0;0;0
FR;8;2022-05-10;0;0;0;0;0;0;0;0;0;0
FR;8;2022-05-11;0;0;0;0;0;0;0;0;0;0
FR;8;2022-05-12;0;0;0;0;0;0;0;0;0;0
FR;8;2022-05-13;0;0;0;0;0;0;0;0;0;0
FR;8;2022-05-14;0;0;0;0;0;0;0;0;0;0
FR;8;2022-05-15;0;0;0;0;0;0;0;0;0;0
FR;8;2022-05-16;0;0;0;0;0;0;0;0;0;0
FR;8;2022-05-17;0;0;0;0;0;0;0;0;0;0
FR;8;2022-05-18;0;0;0;0;0;0;0;0;0;0
FR;8;2022-05-19;0;0;0;0;0;0;0;0;0;0
FR;8;2022-05-20;0;0;0;0;0;0;0;0;0;0
FR;8;2022-05-21;0;0;0;0;0;0;0;0;0;0
FR;8;2022-05-22;0;0;0;0;0;0;0;0;0;0
FR;8;2022-05-23;0;0;0;0;0;0;0;0;0;0
FR;8;2022-05-24;0;0;0;0;0;0;0;0;0;0
FR;8;2022-05-25;0;0;0;0;0;0;0;0;0;0
FR;8;2022-05-26;0;0;0;0;0;0;0;0;0;0
FR;8;2022-05-27;0;0;0;0;0;0;0;0;0;0
FR;8;2022-05-28;0;0;0;0;0;0;0;0;0;0
FR;8;2022-05-29;0;0;0;0;0;0;0;0;0;0
FR;8;2022-05-30;0;0;0;0;0;0;0;0;0;0
FR;8;2022-05-31;0;0;0;0;0;0;0;0;0;0
FR;8;2022-06-01;0;0;0;0;0;0;0;0;0;0
FR;8;2022-06-02;0;0;0;0;0;0;0;0;0;0
FR;8;2022-06-03;0;0;0;0;0;0;0;0;0;0
FR;8;2022-06-04;0;0;0;0;0;0;0;0;0;0
FR;8;2022-06-05;0;0;0;0;0;0;0;0;0;0
FR;8;2022-06-06;0;0;0;0;0;0;0;0;0;0
FR;8;2022-06-07;0;0;0;0;0;0;0;0;0;0
FR;8;2022-06-08;0;0;0;0;0;0;0;0;0;0
FR;8;2022-06-09;0;0;0;0;0;0;0;0;0;0
FR;8;2022-06-10;0;0;0;0;0;0;0;0;0;0
FR;8;2022-06-11;0;0;0;0;0;0;0;0;0;0
FR;8;2022-06-12;0;0;0;0;0;0;0;0;0;0
FR;8;2022-06-13;0;0;0;0;0;0;0;0;0;0
FR;8;2022-06-14;0;0;0;0;0;0;0;0;0;0
FR;8;2022-06-15;0;0;0;0;0;0;0;0;0;0
FR;8;2022-06-16;0;0;0;0;0;0;0;0;0;0
FR;8;2022-06-17;0;0;0;0;0;0;0;0;0;0
FR;8;2022-06-18;0;0;0;0;0;0;0;0;0;0
FR;8;2022-06-19;0;0;0;0;0;0;0;0;0;0
FR;8;2022-06-20;0;0;0;0;0;0;0;0;0;0
FR;8;2022-06-21;0;0;0;0;0;0;0;0;0;0
FR;8;2022-06-22;0;0;0;0;0;0;0;0;0;0
FR;8;2022-06-23;0;0;0;0;0;0;0;0;0;0
FR;8;2022-06-24;0;0;0;0;0;0;0;0;0;0
FR;8;2022-06-25;0;0;0;0;0;0;0;0;0;0
FR;8;2022-06-26;0;0;0;0;0;0;0;0;0;0
FR;8;2022-06-27;0;0;0;0;0;0;0;0;0;0
FR;8;2022-06-28;0;0;0;0;0;0;0;0;0;0
FR;8;2022-06-29;0;0;0;0;0;0;0;0;0;0
FR;8;2022-06-30;0;0;0;0;0;0;0;0;0;0
FR;8;2022-07-01;0;0;0;0;0;0;0;0;0;0
FR;8;2022-07-02;0;0;0;0;0;0;0;0;0;0
FR;8;2022-07-03;0;0;0;0;0;0;0;0;0;0
FR;8;2022-07-04;0;0;0;0;0;0;0;0;0;0
FR;8;2022-07-05;0;0;0;0;0;0;0;0;0;0
FR;8;2022-07-06;0;0;0;0;0;0;0;0;0;0
FR;8;2022-07-07;0;0;0;0;0;0;0;0;0;0
FR;8;2022-07-08;0;0;0;0;0;0;0;0;0;0
FR;8;2022-07-09;0;0;0;0;0;0;0;0;0;0
FR;8;2022-07-10;0;0;0;0;0;0;0;0;0;0
FR;8;2022-07-11;0;0;0;0;0;0;0;0;0;0
FR;8;2022-07-12;0;0;0;0;0;0;0;0;0;0
FR;8;2022-07-13;0;0;0;0;0;0;0;0;0;0
FR;8;2022-07-14;0;0;0;0;0;0;0;0;0;0
FR;8;2022-07-15;0;0;0;0;0;0;0;0;0;0
FR;8;2022-07-16;0;0;0;0;0;0;0;0;0;0
FR;8;2022-07-17;0;0;0;0;0;0;0;0;0;0
FR;8;2022-07-18;0;0;0;0;0;0;0;0;0;0
FR;8;2022-07-19;0;0;0;0;0;0;0;0;0;0
FR;8;2022-07-20;0;0;0;0;0;0;0;0;0;0
FR;8;2022-07-21;0;0;0;0;0;0;0;0;0;0
FR;8;2022-07-22;0;0;0;0;0;0;0;0;0;0
FR;8;2022-07-23;0;0;0;0;0;0;0;0;0;0
FR;8;2022-07-24;0;0;0;0;0;0;0;0;0;0
FR;8;2022-07-25;0;0;0;0;0;0;0;0;0;0
FR;8;2022-07-26;0;0;0;0;0;0;0;0;0;0
FR;8;2022-07-27;0;0;0;0;0;0;0;0;0;0
FR;8;2022-07-28;0;0;0;0;0;0;0;0;0;0
FR;8;2022-07-29;0;0;0;0;0;0;0;0;0;0
FR;8;2022-07-30;0;0;0;0;0;0;0;0;0;0
FR;8;2022-07-31;0;0;0;0;0;0;0;0;0;0
FR;8;2022-08-01;0;0;0;0;0;0;0;0;0;0
FR;8;2022-08-02;0;0;0;0;0;0;0;0;0;0
FR;8;2022-08-03;0;0;0;0;0;0;0;0;0;0
FR;8;2022-08-04;0;0;0;0;0;0;0;0;0;0
FR;8;2022-08-05;0;0;0;0;0;0;0;0;0;0
FR;8;2022-08-06;0;0;0;0;0;0;0;0;0;0
FR;8;2022-08-07;0;0;0;0;0;0;0;0;0;0
FR;8;2022-08-08;0;0;0;0;0;0;0;0;0;0
FR;8;2022-08-09;0;0;0;0;0;0;0;0;0;0
FR;8;2022-08-10;0;0;0;0;0;0;0;0;0;0
FR;8;2022-08-11;0;0;0;0;0;0;0;0;0;0
FR;8;2022-08-12;0;0;0;0;0;0;0;0;0;0
FR;8;2022-08-13;0;0;0;0;0;0;0;0;0;0
FR;8;2022-08-14;0;0;0;0;0;0;0;0;0;0
FR;8;2022-08-15;0;0;0;0;0;0;0;0;0;0
FR;8;2022-08-16;0;0;0;0;0;0;0;0;0;0
FR;8;2022-08-17;0;0;0;0;0;0;0;0;0;0
FR;8;2022-08-18;0;0;0;0;0;0;0;0;0;0
FR;8;2022-08-19;0;0;0;0;0;0;0;0;0;0
FR;8;2022-08-20;0;0;0;0;0;0;0;0;0;0
FR;8;2022-08-21;0;0;0;0;0;0;0;0;0;0
FR;8;2022-08-22;0;0;0;0;0;0;0;0;0;0
FR;8;2022-08-23;0;0;0;0;0;0;0;0;0;0
FR;8;2022-08-24;0;0;0;0;0;0;0;0;0;0
FR;8;2022-08-25;0;0;0;0;0;0;0;0;0;0
FR;8;2022-08-26;0;0;0;0;0;0;0;0;0;0
FR;8;2022-08-27;0;0;0;0;0;0;0;0;0;0
FR;8;2022-08-28;0;0;0;0;0;0;0;0;0;0
FR;8;2022-08-29;0;0;0;0;0;0;0;0;0;0
FR;8;2022-08-30;0;0;0;0;0;0;0;0;0;0
FR;8;2022-08-31;0;0;0;0;0;0;0;0;0;0
FR;8;2022-09-01;0;0;0;0;0;0;0;0;0;0
FR;8;2022-09-02;0;0;0;0;0;0;0;0;0;0
FR;8;2022-09-03;0;0;0;0;0;0;0;0;0;0
FR;8;2022-09-04;0;0;0;0;0;0;0;0;0;0
FR;8;2022-09-05;0;0;0;0;0;0;0;0;0;0
FR;8;2022-09-06;0;0;0;0;0;0;0;0;0;0
FR;8;2022-09-07;0;0;0;0;0;0;0;0;0;0
FR;8;2022-09-08;0;0;0;0;0;0;0;0;0;0
FR;8;2022-09-09;0;0;0;0;0;0;0;0;0;0
FR;8;2022-09-10;0;0;0;0;0;0;0;0;0;0
FR;8;2022-09-11;0;0;0;0;0;0;0;0;0;0
FR;8;2022-09-12;0;0;0;0;0;0;0;0;0;0
FR;8;2022-09-13;0;0;0;0;0;0;0;0;0;0
FR;8;2022-09-14;0;0;0;0;0;0;0;0;0;0
FR;8;2022-09-15;0;0;0;0;0;0;0;0;0;0
FR;8;2022-09-16;0;0;0;0;0;0;0;0;0;0
FR;8;2022-09-17;0;0;0;0;0;0;0;0;0;0
FR;8;2022-09-18;0;0;0;0;0;0;0;0;0;0
FR;8;2022-09-19;0;0;0;0;0;0;0;0;0;0
FR;8;2022-09-20;0;0;0;0;0;0;0;0;0;0
FR;8;2022-09-21;0;0;0;0;0;0;0;0;0;0
FR;8;2022-09-22;0;0;0;0;0;0;0;0;0;0
FR;8;2022-09-23;0;0;0;0;0;0;0;0;0;0
FR;8;2022-09-24;0;0;0;0;0;0;0;0;0;0
FR;8;2022-09-25;0;0;0;0;0;0;0;0;0;0
FR;8;2022-09-26;0;0;0;0;0;0;0;0;0;0
FR;8;2022-09-27;0;0;0;0;0;0;0;0;0;0
FR;8;2022-09-28;0;0;0;0;0;0;0;0;0;0
FR;8;2022-09-29;0;0;0;0;0;0;0;0;0;0
FR;8;2022-09-30;0;0;0;0;0;0;0;0;0;0
FR;8;2022-10-01;0;0;0;0;0;0;0;0;0;0
FR;8;2022-10-02;0;0;0;0;0;0;0;0;0;0
FR;8;2022-10-03;0;0;0;0;0;0;0;0;0;0
FR;8;2022-10-04;0;0;0;0;0;0;0;0;0;0
FR;8;2022-10-05;0;0;0;0;0;0;0;0;0;0
FR;8;2022-10-06;7;16;108;834;78;7;16;108;834;78
FR;8;2022-10-07;68;97;828;7960;692;75;113;936;8794;770
FR;8;2022-10-08;34;115;608;4025;513;109;228;1544;12819;1283
FR;8;2022-10-09;17;22;144;875;129;126;250;1688;13694;1412
FR;8;2022-10-10;112;190;1319;12521;1013;238;440;3007;26215;2425
FR;8;2022-10-11;170;256;2459;26620;1989;408;696;5466;52835;4414
FR;8;2022-10-12;142;243;1818;18101;1431;550;939;7284;70936;5845
FR;8;2022-10-13;200;270;2472;27786;1867;750;1209;9756;98722;7712
FR;8;2022-10-14;250;409;3233;35916;2517;1000;1618;12989;134638;10229
FR;8;2022-10-15;96;172;1165;8697;974;1096;1790;14154;143335;11203
FR;8;2022-10-16;30;51;227;1485;197;1126;1841;14381;144820;11400
FR;8;2022-10-17;143;296;2047;21399;1567;1269;2137;16428;166219;12967
FR;8;2022-10-18;252;337;3246;36949;2559;1521;2474;19674;203168;15526
FR;8;2022-10-19;185;295;2521;27432;2064;1706;2769;22195;230600;17590
FR;8;2022-10-20;227;328;3349;39017;2423;1933;3097;25544;269617;20013
FR;9;2020-12-27;0;0;0;0;0;0;0;0;0;0
FR;9;2020-12-28;0;0;0;0;0;0;0;0;0;0
FR;9;2020-12-29;0;0;0;0;0;0;0;0;0;0
FR;9;2020-12-30;0;0;0;0;0;0;0;0;0;0
FR;9;2020-12-31;0;0;0;0;0;0;0;0;0;0
FR;9;2021-01-01;0;0;0;0;0;0;0;0;0;0
FR;9;2021-01-02;0;0;0;0;0;0;0;0;0;0
FR;9;2021-01-03;0;0;0;0;0;0;0;0;0;0
FR;9;2021-01-04;0;0;0;0;0;0;0;0;0;0
FR;9;2021-01-05;0;0;0;0;0;0;0;0;0;0
FR;9;2021-01-06;0;0;0;0;0;0;0;0;0;0
FR;9;2021-01-07;0;0;0;0;0;0;0;0;0;0
FR;9;2021-01-08;0;0;0;0;0;0;0;0;0;0
FR;9;2021-01-09;0;0;0;0;0;0;0;0;0;0
FR;9;2021-01-10;0;0;0;0;0;0;0;0;0;0
FR;9;2021-01-11;0;0;0;0;0;0;0;0;0;0
FR;9;2021-01-12;0;0;0;0;0;0;0;0;0;0
FR;9;2021-01-13;0;0;0;0;0;0;0;0;0;0
FR;9;2021-01-14;0;0;0;0;0;0;0;0;0;0
FR;9;2021-01-15;0;0;0;0;0;0;0;0;0;0
FR;9;2021-01-16;0;0;0;0;0;0;0;0;0;0
FR;9;2021-01-17;0;0;0;0;0;0;0;0;0;0
FR;9;2021-01-18;0;0;0;0;0;0;0;0;0;0
FR;9;2021-01-19;0;0;0;0;0;0;0;0;0;0
FR;9;2021-01-20;0;0;0;0;0;0;0;0;0;0
FR;9;2021-01-21;0;0;0;0;0;0;0;0;0;0
FR;9;2021-01-22;0;0;0;0;0;0;0;0;0;0
FR;9;2021-01-23;0;0;0;0;0;0;0;0;0;0
FR;9;2021-01-24;0;0;0;0;0;0;0;0;0;0
FR;9;2021-01-25;0;0;0;0;0;0;0;0;0;0
FR;9;2021-01-26;0;0;0;0;0;0;0;0;0;0
FR;9;2021-01-27;0;0;0;0;0;0;0;0;0;0
FR;9;2021-01-28;0;0;0;0;0;0;0;0;0;0
FR;9;2021-01-29;0;0;0;0;0;0;0;0;0;0
FR;9;2021-01-30;0;0;0;0;0;0;0;0;0;0
FR;9;2021-01-31;0;0;0;0;0;0;0;0;0;0
FR;9;2021-02-01;0;0;0;0;0;0;0;0;0;0
FR;9;2021-02-02;0;0;0;0;0;0;0;0;0;0
FR;9;2021-02-03;0;0;0;0;0;0;0;0;0;0
FR;9;2021-02-04;0;0;0;0;0;0;0;0;0;0
FR;9;2021-02-05;0;0;0;0;0;0;0;0;0;0
FR;9;2021-02-06;0;0;0;0;0;0;0;0;0;0
FR;9;2021-02-07;0;0;0;0;0;0;0;0;0;0
FR;9;2021-02-08;0;0;0;0;0;0;0;0;0;0
FR;9;2021-02-09;0;0;0;0;0;0;0;0;0;0
FR;9;2021-02-10;0;0;0;0;0;0;0;0;0;0
FR;9;2021-02-11;0;0;0;0;0;0;0;0;0;0
FR;9;2021-02-12;0;0;0;0;0;0;0;0;0;0
FR;9;2021-02-13;0;0;0;0;0;0;0;0;0;0
FR;9;2021-02-14;0;0;0;0;0;0;0;0;0;0
FR;9;2021-02-15;0;0;0;0;0;0;0;0;0;0
FR;9;2021-02-16;0;0;0;0;0;0;0;0;0;0
FR;9;2021-02-17;0;0;0;0;0;0;0;0;0;0
FR;9;2021-02-18;0;0;0;0;0;0;0;0;0;0
FR;9;2021-02-19;0;0;0;0;0;0;0;0;0;0
FR;9;2021-02-20;0;0;0;0;0;0;0;0;0;0
FR;9;2021-02-21;0;0;0;0;0;0;0;0;0;0
FR;9;2021-02-22;0;0;0;0;0;0;0;0;0;0
FR;9;2021-02-23;0;0;0;0;0;0;0;0;0;0
FR;9;2021-02-24;0;0;0;0;0;0;0;0;0;0
FR;9;2021-02-25;0;0;0;0;0;0;0;0;0;0
FR;9;2021-02-26;0;0;0;0;0;0;0;0;0;0
FR;9;2021-02-27;0;0;0;0;0;0;0;0;0;0
FR;9;2021-02-28;0;0;0;0;0;0;0;0;0;0
FR;9;2021-03-01;0;0;0;0;0;0;0;0;0;0
FR;9;2021-03-02;0;0;0;0;0;0;0;0;0;0
FR;9;2021-03-03;0;0;0;0;0;0;0;0;0;0
FR;9;2021-03-04;0;0;0;0;0;0;0;0;0;0
FR;9;2021-03-05;0;0;0;0;0;0;0;0;0;0
FR;9;2021-03-06;0;0;0;0;0;0;0;0;0;0
FR;9;2021-03-07;0;0;0;0;0;0;0;0;0;0
FR;9;2021-03-08;0;0;0;0;0;0;0;0;0;0
FR;9;2021-03-09;0;0;0;0;0;0;0;0;0;0
FR;9;2021-03-10;0;0;0;0;0;0;0;0;0;0
FR;9;2021-03-11;0;0;0;0;0;0;0;0;0;0
FR;9;2021-03-12;0;0;0;0;0;0;0;0;0;0
FR;9;2021-03-13;0;0;0;0;0;0;0;0;0;0
FR;9;2021-03-14;0;0;0;0;0;0;0;0;0;0
FR;9;2021-03-15;0;0;0;0;0;0;0;0;0;0
FR;9;2021-03-16;0;0;0;0;0;0;0;0;0;0
FR;9;2021-03-17;0;0;0;0;0;0;0;0;0;0
FR;9;2021-03-18;0;0;0;0;0;0;0;0;0;0
FR;9;2021-03-19;0;0;0;0;0;0;0;0;0;0
FR;9;2021-03-20;0;0;0;0;0;0;0;0;0;0
FR;9;2021-03-21;0;0;0;0;0;0;0;0;0;0
FR;9;2021-03-22;0;0;0;0;0;0;0;0;0;0
FR;9;2021-03-23;0;0;0;0;0;0;0;0;0;0
FR;9;2021-03-24;0;0;0;0;0;0;0;0;0;0
FR;9;2021-03-25;0;0;0;0;0;0;0;0;0;0
FR;9;2021-03-26;0;0;0;0;0;0;0;0;0;0
FR;9;2021-03-27;0;0;0;0;0;0;0;0;0;0
FR;9;2021-03-28;0;0;0;0;0;0;0;0;0;0
FR;9;2021-03-29;0;0;0;0;0;0;0;0;0;0
FR;9;2021-03-30;0;0;0;0;0;0;0;0;0;0
FR;9;2021-03-31;0;0;0;0;0;0;0;0;0;0
FR;9;2021-04-01;0;0;0;0;0;0;0;0;0;0
FR;9;2021-04-02;0;0;0;0;0;0;0;0;0;0
FR;9;2021-04-03;0;0;0;0;0;0;0;0;0;0
FR;9;2021-04-04;0;0;0;0;0;0;0;0;0;0
FR;9;2021-04-05;0;0;0;0;0;0;0;0;0;0
FR;9;2021-04-06;0;0;0;0;0;0;0;0;0;0
FR;9;2021-04-07;0;0;0;0;0;0;0;0;0;0
FR;9;2021-04-08;0;0;0;0;0;0;0;0;0;0
FR;9;2021-04-09;0;0;0;0;0;0;0;0;0;0
FR;9;2021-04-10;0;0;0;0;0;0;0;0;0;0
FR;9;2021-04-11;0;0;0;0;0;0;0;0;0;0
FR;9;2021-04-12;0;0;0;0;0;0;0;0;0;0
FR;9;2021-04-13;0;0;0;0;0;0;0;0;0;0
FR;9;2021-04-14;0;0;0;0;0;0;0;0;0;0
FR;9;2021-04-15;0;0;0;0;0;0;0;0;0;0
FR;9;2021-04-16;0;0;0;0;0;0;0;0;0;0
FR;9;2021-04-17;0;0;0;0;0;0;0;0;0;0
FR;9;2021-04-18;0;0;0;0;0;0;0;0;0;0
FR;9;2021-04-19;0;0;0;0;0;0;0;0;0;0
FR;9;2021-04-20;0;0;0;0;0;0;0;0;0;0
FR;9;2021-04-21;0;0;0;0;0;0;0;0;0;0
FR;9;2021-04-22;0;0;0;0;0;0;0;0;0;0
FR;9;2021-04-23;0;0;0;0;0;0;0;0;0;0
FR;9;2021-04-24;0;0;0;0;0;0;0;0;0;0
FR;9;2021-04-25;0;0;0;0;0;0;0;0;0;0
FR;9;2021-04-26;0;0;0;0;0;0;0;0;0;0
FR;9;2021-04-27;0;0;0;0;0;0;0;0;0;0
FR;9;2021-04-28;0;0;0;0;0;0;0;0;0;0
FR;9;2021-04-29;0;0;0;0;0;0;0;0;0;0
FR;9;2021-04-30;0;0;0;0;0;0;0;0;0;0
FR;9;2021-05-01;0;0;0;0;0;0;0;0;0;0
FR;9;2021-05-02;0;0;0;0;0;0;0;0;0;0
FR;9;2021-05-03;0;0;0;0;0;0;0;0;0;0
FR;9;2021-05-04;0;0;0;0;0;0;0;0;0;0
FR;9;2021-05-05;0;0;0;0;0;0;0;0;0;0
FR;9;2021-05-06;0;0;0;0;0;0;0;0;0;0
FR;9;2021-05-07;0;0;0;0;0;0;0;0;0;0
FR;9;2021-05-08;0;0;0;0;0;0;0;0;0;0
FR;9;2021-05-09;0;0;0;0;0;0;0;0;0;0
FR;9;2021-05-10;0;0;0;0;0;0;0;0;0;0
FR;9;2021-05-11;0;0;0;0;0;0;0;0;0;0
FR;9;2021-05-12;0;0;0;0;0;0;0;0;0;0
FR;9;2021-05-13;0;0;0;0;0;0;0;0;0;0
FR;9;2021-05-14;0;0;0;0;0;0;0;0;0;0
FR;9;2021-05-15;0;0;0;0;0;0;0;0;0;0
FR;9;2021-05-16;0;0;0;0;0;0;0;0;0;0
FR;9;2021-05-17;0;0;0;0;0;0;0;0;0;0
FR;9;2021-05-18;0;0;0;0;0;0;0;0;0;0
FR;9;2021-05-19;0;0;0;0;0;0;0;0;0;0
FR;9;2021-05-20;0;0;0;0;0;0;0;0;0;0
FR;9;2021-05-21;0;0;0;0;0;0;0;0;0;0
FR;9;2021-05-22;0;0;0;0;0;0;0;0;0;0
FR;9;2021-05-23;0;0;0;0;0;0;0;0;0;0
FR;9;2021-05-24;0;0;0;0;0;0;0;0;0;0
FR;9;2021-05-25;0;0;0;0;0;0;0;0;0;0
FR;9;2021-05-26;0;0;0;0;0;0;0;0;0;0
FR;9;2021-05-27;0;0;0;0;0;0;0;0;0;0
FR;9;2021-05-28;0;0;0;0;0;0;0;0;0;0
FR;9;2021-05-29;0;0;0;0;0;0;0;0;0;0
FR;9;2021-05-30;0;0;0;0;0;0;0;0;0;0
FR;9;2021-05-31;0;0;0;0;0;0;0;0;0;0
FR;9;2021-06-01;0;0;0;0;0;0;0;0;0;0
FR;9;2021-06-02;0;0;0;0;0;0;0;0;0;0
FR;9;2021-06-03;0;0;0;0;0;0;0;0;0;0
FR;9;2021-06-04;0;0;0;0;0;0;0;0;0;0
FR;9;2021-06-05;0;0;0;0;0;0;0;0;0;0
FR;9;2021-06-06;0;0;0;0;0;0;0;0;0;0
FR;9;2021-06-07;0;0;0;0;0;0;0;0;0;0
FR;9;2021-06-08;0;0;0;0;0;0;0;0;0;0
FR;9;2021-06-09;0;0;0;0;0;0;0;0;0;0
FR;9;2021-06-10;0;0;0;0;0;0;0;0;0;0
FR;9;2021-06-11;0;0;0;0;0;0;0;0;0;0
FR;9;2021-06-12;0;0;0;0;0;0;0;0;0;0
FR;9;2021-06-13;0;0;0;0;0;0;0;0;0;0
FR;9;2021-06-14;0;0;0;0;0;0;0;0;0;0
FR;9;2021-06-15;0;0;0;0;0;0;0;0;0;0
FR;9;2021-06-16;0;0;0;0;0;0;0;0;0;0
FR;9;2021-06-17;0;0;0;0;0;0;0;0;0;0
FR;9;2021-06-18;0;0;0;0;0;0;0;0;0;0
FR;9;2021-06-19;0;0;0;0;0;0;0;0;0;0
FR;9;2021-06-20;0;0;0;0;0;0;0;0;0;0
FR;9;2021-06-21;0;0;0;0;0;0;0;0;0;0
FR;9;2021-06-22;0;0;0;0;0;0;0;0;0;0
FR;9;2021-06-23;0;0;0;0;0;0;0;0;0;0
FR;9;2021-06-24;0;0;0;0;0;0;0;0;0;0
FR;9;2021-06-25;0;0;0;0;0;0;0;0;0;0
FR;9;2021-06-26;0;0;0;0;0;0;0;0;0;0
FR;9;2021-06-27;0;0;0;0;0;0;0;0;0;0
FR;9;2021-06-28;0;0;0;0;0;0;0;0;0;0
FR;9;2021-06-29;0;0;0;0;0;0;0;0;0;0
FR;9;2021-06-30;0;0;0;0;0;0;0;0;0;0
FR;9;2021-07-01;0;0;0;0;0;0;0;0;0;0
FR;9;2021-07-02;0;0;0;0;0;0;0;0;0;0
FR;9;2021-07-03;0;0;0;0;0;0;0;0;0;0
FR;9;2021-07-04;0;0;0;0;0;0;0;0;0;0
FR;9;2021-07-05;0;0;0;0;0;0;0;0;0;0
FR;9;2021-07-06;0;0;0;0;0;0;0;0;0;0
FR;9;2021-07-07;0;0;0;0;0;0;0;0;0;0
FR;9;2021-07-08;0;0;0;0;0;0;0;0;0;0
FR;9;2021-07-09;0;0;0;0;0;0;0;0;0;0
FR;9;2021-07-10;0;0;0;0;0;0;0;0;0;0
FR;9;2021-07-11;0;0;0;0;0;0;0;0;0;0
FR;9;2021-07-12;0;0;0;0;0;0;0;0;0;0
FR;9;2021-07-13;0;0;0;0;0;0;0;0;0;0
FR;9;2021-07-14;0;0;0;0;0;0;0;0;0;0
FR;9;2021-07-15;0;0;0;0;0;0;0;0;0;0
FR;9;2021-07-16;0;0;0;0;0;0;0;0;0;0
FR;9;2021-07-17;0;0;0;0;0;0;0;0;0;0
FR;9;2021-07-18;0;0;0;0;0;0;0;0;0;0
FR;9;2021-07-19;0;0;0;0;0;0;0;0;0;0
FR;9;2021-07-20;0;0;0;0;0;0;0;0;0;0
FR;9;2021-07-21;0;0;0;0;0;0;0;0;0;0
FR;9;2021-07-22;0;0;0;0;0;0;0;0;0;0
FR;9;2021-07-23;0;0;0;0;0;0;0;0;0;0
FR;9;2021-07-24;0;0;0;0;0;0;0;0;0;0
FR;9;2021-07-25;0;0;0;0;0;0;0;0;0;0
FR;9;2021-07-26;0;0;0;0;0;0;0;0;0;0
FR;9;2021-07-27;0;0;0;0;0;0;0;0;0;0
FR;9;2021-07-28;0;0;0;0;0;0;0;0;0;0
FR;9;2021-07-29;0;0;0;0;0;0;0;0;0;0
FR;9;2021-07-30;0;0;0;0;0;0;0;0;0;0
FR;9;2021-07-31;0;0;0;0;0;0;0;0;0;0
FR;9;2021-08-01;0;0;0;0;0;0;0;0;0;0
FR;9;2021-08-02;0;0;0;0;0;0;0;0;0;0
FR;9;2021-08-03;0;0;0;0;0;0;0;0;0;0
FR;9;2021-08-04;0;0;0;0;0;0;0;0;0;0
FR;9;2021-08-05;0;0;0;0;0;0;0;0;0;0
FR;9;2021-08-06;0;0;0;0;0;0;0;0;0;0
FR;9;2021-08-07;0;0;0;0;0;0;0;0;0;0
FR;9;2021-08-08;0;0;0;0;0;0;0;0;0;0
FR;9;2021-08-09;0;0;0;0;0;0;0;0;0;0
FR;9;2021-08-10;0;0;0;0;0;0;0;0;0;0
FR;9;2021-08-11;0;0;0;0;0;0;0;0;0;0
FR;9;2021-08-12;0;0;0;0;0;0;0;0;0;0
FR;9;2021-08-13;0;0;0;0;0;0;0;0;0;0
FR;9;2021-08-14;0;0;0;0;0;0;0;0;0;0
FR;9;2021-08-15;0;0;0;0;0;0;0;0;0;0
FR;9;2021-08-16;0;0;0;0;0;0;0;0;0;0
FR;9;2021-08-17;0;0;0;0;0;0;0;0;0;0
FR;9;2021-08-18;0;0;0;0;0;0;0;0;0;0
FR;9;2021-08-19;0;0;0;0;0;0;0;0;0;0
FR;9;2021-08-20;0;0;0;0;0;0;0;0;0;0
FR;9;2021-08-21;0;0;0;0;0;0;0;0;0;0
FR;9;2021-08-22;0;0;0;0;0;0;0;0;0;0
FR;9;2021-08-23;0;0;0;0;0;0;0;0;0;0
FR;9;2021-08-24;0;0;0;0;0;0;0;0;0;0
FR;9;2021-08-25;0;0;0;0;0;0;0;0;0;0
FR;9;2021-08-26;0;0;0;0;0;0;0;0;0;0
FR;9;2021-08-27;0;0;0;0;0;0;0;0;0;0
FR;9;2021-08-28;0;0;0;0;0;0;0;0;0;0
FR;9;2021-08-29;0;0;0;0;0;0;0;0;0;0
FR;9;2021-08-30;0;0;0;0;0;0;0;0;0;0
FR;9;2021-08-31;0;0;0;0;0;0;0;0;0;0
FR;9;2021-09-01;0;0;0;0;0;0;0;0;0;0
FR;9;2021-09-02;0;0;0;0;0;0;0;0;0;0
FR;9;2021-09-03;0;0;0;0;0;0;0;0;0;0
FR;9;2021-09-04;0;0;0;0;0;0;0;0;0;0
FR;9;2021-09-05;0;0;0;0;0;0;0;0;0;0
FR;9;2021-09-06;0;0;0;0;0;0;0;0;0;0
FR;9;2021-09-07;0;0;0;0;0;0;0;0;0;0
FR;9;2021-09-08;0;0;0;0;0;0;0;0;0;0
FR;9;2021-09-09;0;0;0;0;0;0;0;0;0;0
FR;9;2021-09-10;0;0;0;0;0;0;0;0;0;0
FR;9;2021-09-11;0;0;0;0;0;0;0;0;0;0
FR;9;2021-09-12;0;0;0;0;0;0;0;0;0;0
FR;9;2021-09-13;0;0;0;0;0;0;0;0;0;0
FR;9;2021-09-14;0;0;0;0;0;0;0;0;0;0
FR;9;2021-09-15;0;0;0;0;0;0;0;0;0;0
FR;9;2021-09-16;0;0;0;0;0;0;0;0;0;0
FR;9;2021-09-17;0;0;0;0;0;0;0;0;0;0
FR;9;2021-09-18;0;0;0;0;0;0;0;0;0;0
FR;9;2021-09-19;0;0;0;0;0;0;0;0;0;0
FR;9;2021-09-20;0;0;0;0;0;0;0;0;0;0
FR;9;2021-09-21;0;0;0;0;0;0;0;0;0;0
FR;9;2021-09-22;0;0;0;0;0;0;0;0;0;0
FR;9;2021-09-23;0;0;0;0;0;0;0;0;0;0
FR;9;2021-09-24;0;0;0;0;0;0;0;0;0;0
FR;9;2021-09-25;0;0;0;0;0;0;0;0;0;0
FR;9;2021-09-26;0;0;0;0;0;0;0;0;0;0
FR;9;2021-09-27;0;0;0;0;0;0;0;0;0;0
FR;9;2021-09-28;0;0;0;0;0;0;0;0;0;0
FR;9;2021-09-29;0;0;0;0;0;0;0;0;0;0
FR;9;2021-09-30;0;0;0;0;0;0;0;0;0;0
FR;9;2021-10-01;0;0;0;0;0;0;0;0;0;0
FR;9;2021-10-02;0;0;0;0;0;0;0;0;0;0
FR;9;2021-10-03;0;0;0;0;0;0;0;0;0;0
FR;9;2021-10-04;0;0;0;0;0;0;0;0;0;0
FR;9;2021-10-05;0;0;0;0;0;0;0;0;0;0
FR;9;2021-10-06;0;0;0;0;0;0;0;0;0;0
FR;9;2021-10-07;0;0;0;0;0;0;0;0;0;0
FR;9;2021-10-08;0;0;0;0;0;0;0;0;0;0
FR;9;2021-10-09;0;0;0;0;0;0;0;0;0;0
FR;9;2021-10-10;0;0;0;0;0;0;0;0;0;0
FR;9;2021-10-11;0;0;0;0;0;0;0;0;0;0
FR;9;2021-10-12;0;0;0;0;0;0;0;0;0;0
FR;9;2021-10-13;0;0;0;0;0;0;0;0;0;0
FR;9;2021-10-14;0;0;0;0;0;0;0;0;0;0
FR;9;2021-10-15;0;0;0;0;0;0;0;0;0;0
FR;9;2021-10-16;0;0;0;0;0;0;0;0;0;0
FR;9;2021-10-17;0;0;0;0;0;0;0;0;0;0
FR;9;2021-10-18;0;0;0;0;0;0;0;0;0;0
FR;9;2021-10-19;0;0;0;0;0;0;0;0;0;0
FR;9;2021-10-20;0;0;0;0;0;0;0;0;0;0
FR;9;2021-10-21;0;0;0;0;0;0;0;0;0;0
FR;9;2021-10-22;0;0;0;0;0;0;0;0;0;0
FR;9;2021-10-23;0;0;0;0;0;0;0;0;0;0
FR;9;2021-10-24;0;0;0;0;0;0;0;0;0;0
FR;9;2021-10-25;0;0;0;0;0;0;0;0;0;0
FR;9;2021-10-26;0;0;0;0;0;0;0;0;0;0
FR;9;2021-10-27;0;0;0;0;0;0;0;0;0;0
FR;9;2021-10-28;0;0;0;0;0;0;0;0;0;0
FR;9;2021-10-29;0;0;0;0;0;0;0;0;0;0
FR;9;2021-10-30;0;0;0;0;0;0;0;0;0;0
FR;9;2021-10-31;0;0;0;0;0;0;0;0;0;0
FR;9;2021-11-01;0;0;0;0;0;0;0;0;0;0
FR;9;2021-11-02;0;0;0;0;0;0;0;0;0;0
FR;9;2021-11-03;0;0;0;0;0;0;0;0;0;0
FR;9;2021-11-04;0;0;0;0;0;0;0;0;0;0
FR;9;2021-11-05;0;0;0;0;0;0;0;0;0;0
FR;9;2021-11-06;0;0;0;0;0;0;0;0;0;0
FR;9;2021-11-07;0;0;0;0;0;0;0;0;0;0
FR;9;2021-11-08;0;0;0;0;0;0;0;0;0;0
FR;9;2021-11-09;0;0;0;0;0;0;0;0;0;0
FR;9;2021-11-10;0;0;0;0;0;0;0;0;0;0
FR;9;2021-11-11;0;0;0;0;0;0;0;0;0;0
FR;9;2021-11-12;0;0;0;0;0;0;0;0;0;0
FR;9;2021-11-13;0;0;0;0;0;0;0;0;0;0
FR;9;2021-11-14;0;0;0;0;0;0;0;0;0;0
FR;9;2021-11-15;0;0;0;0;0;0;0;0;0;0
FR;9;2021-11-16;0;0;0;0;0;0;0;0;0;0
FR;9;2021-11-17;0;0;0;0;0;0;0;0;0;0
FR;9;2021-11-18;0;0;0;0;0;0;0;0;0;0
FR;9;2021-11-19;0;0;0;0;0;0;0;0;0;0
FR;9;2021-11-20;0;0;0;0;0;0;0;0;0;0
FR;9;2021-11-21;0;0;0;0;0;0;0;0;0;0
FR;9;2021-11-22;0;0;0;0;0;0;0;0;0;0
FR;9;2021-11-23;0;0;0;0;0;0;0;0;0;0
FR;9;2021-11-24;0;0;0;0;0;0;0;0;0;0
FR;9;2021-11-25;0;0;0;0;0;0;0;0;0;0
FR;9;2021-11-26;0;0;0;0;0;0;0;0;0;0
FR;9;2021-11-27;0;0;0;0;0;0;0;0;0;0
FR;9;2021-11-28;0;0;0;0;0;0;0;0;0;0
FR;9;2021-11-29;0;0;0;0;0;0;0;0;0;0
FR;9;2021-11-30;0;0;0;0;0;0;0;0;0;0
FR;9;2021-12-01;0;0;0;0;0;0;0;0;0;0
FR;9;2021-12-02;0;0;0;0;0;0;0;0;0;0
FR;9;2021-12-03;0;0;0;0;0;0;0;0;0;0
FR;9;2021-12-04;0;0;0;0;0;0;0;0;0;0
FR;9;2021-12-05;0;0;0;0;0;0;0;0;0;0
FR;9;2021-12-06;0;0;0;0;0;0;0;0;0;0
FR;9;2021-12-07;0;0;0;0;0;0;0;0;0;0
FR;9;2021-12-08;0;0;0;0;0;0;0;0;0;0
FR;9;2021-12-09;0;0;0;0;0;0;0;0;0;0
FR;9;2021-12-10;0;0;0;0;0;0;0;0;0;0
FR;9;2021-12-11;0;0;0;0;0;0;0;0;0;0
FR;9;2021-12-12;0;0;0;0;0;0;0;0;0;0
FR;9;2021-12-13;0;0;0;0;0;0;0;0;0;0
FR;9;2021-12-14;0;0;0;0;0;0;0;0;0;0
FR;9;2021-12-15;0;0;0;0;0;0;0;0;0;0
FR;9;2021-12-16;0;0;0;0;0;0;0;0;0;0
FR;9;2021-12-17;0;0;0;0;0;0;0;0;0;0
FR;9;2021-12-18;0;0;0;0;0;0;0;0;0;0
FR;9;2021-12-19;0;0;0;0;0;0;0;0;0;0
FR;9;2021-12-20;0;0;0;0;0;0;0;0;0;0
FR;9;2021-12-21;0;0;0;0;0;0;0;0;0;0
FR;9;2021-12-22;0;0;0;0;0;0;0;0;0;0
FR;9;2021-12-23;0;0;0;0;0;0;0;0;0;0
FR;9;2021-12-24;0;0;0;0;0;0;0;0;0;0
FR;9;2021-12-25;0;0;0;0;0;0;0;0;0;0
FR;9;2021-12-26;0;0;0;0;0;0;0;0;0;0
FR;9;2021-12-27;0;0;0;0;0;0;0;0;0;0
FR;9;2021-12-28;0;0;0;0;0;0;0;0;0;0
FR;9;2021-12-29;0;0;0;0;0;0;0;0;0;0
FR;9;2021-12-30;0;0;0;0;0;0;0;0;0;0
FR;9;2021-12-31;0;0;0;0;0;0;0;0;0;0
FR;9;2022-01-01;0;0;0;0;0;0;0;0;0;0
FR;9;2022-01-02;0;0;0;0;0;0;0;0;0;0
FR;9;2022-01-03;0;0;0;0;0;0;0;0;0;0
FR;9;2022-01-04;0;0;0;0;0;0;0;0;0;0
FR;9;2022-01-05;0;0;0;0;0;0;0;0;0;0
FR;9;2022-01-06;0;0;0;0;0;0;0;0;0;0
FR;9;2022-01-07;0;0;0;0;0;0;0;0;0;0
FR;9;2022-01-08;0;0;0;0;0;0;0;0;0;0
FR;9;2022-01-09;0;0;0;0;0;0;0;0;0;0
FR;9;2022-01-10;0;0;0;0;0;0;0;0;0;0
FR;9;2022-01-11;0;0;0;0;0;0;0;0;0;0
FR;9;2022-01-12;0;0;0;0;0;0;0;0;0;0
FR;9;2022-01-13;0;0;0;0;0;0;0;0;0;0
FR;9;2022-01-14;0;0;0;0;0;0;0;0;0;0
FR;9;2022-01-15;0;0;0;0;0;0;0;0;0;0
FR;9;2022-01-16;0;0;0;0;0;0;0;0;0;0
FR;9;2022-01-17;0;0;0;0;0;0;0;0;0;0
FR;9;2022-01-18;0;0;0;0;0;0;0;0;0;0
FR;9;2022-01-19;0;0;0;0;0;0;0;0;0;0
FR;9;2022-01-20;0;0;0;0;0;0;0;0;0;0
FR;9;2022-01-21;0;0;0;0;0;0;0;0;0;0
FR;9;2022-01-22;0;0;0;0;0;0;0;0;0;0
FR;9;2022-01-23;0;0;0;0;0;0;0;0;0;0
FR;9;2022-01-24;0;0;0;0;0;0;0;0;0;0
FR;9;2022-01-25;0;0;0;0;0;0;0;0;0;0
FR;9;2022-01-26;0;0;0;0;0;0;0;0;0;0
FR;9;2022-01-27;0;0;0;0;0;0;0;0;0;0
FR;9;2022-01-28;0;0;0;0;0;0;0;0;0;0
FR;9;2022-01-29;0;0;0;0;0;0;0;0;0;0
FR;9;2022-01-30;0;0;0;0;0;0;0;0;0;0
FR;9;2022-01-31;0;0;0;0;0;0;0;0;0;0
FR;9;2022-02-01;0;0;0;0;0;0;0;0;0;0
FR;9;2022-02-02;0;0;0;0;0;0;0;0;0;0
FR;9;2022-02-03;0;0;0;0;0;0;0;0;0;0
FR;9;2022-02-04;0;0;0;0;0;0;0;0;0;0
FR;9;2022-02-05;0;0;0;0;0;0;0;0;0;0
FR;9;2022-02-06;0;0;0;0;0;0;0;0;0;0
FR;9;2022-02-07;0;0;0;0;0;0;0;0;0;0
FR;9;2022-02-08;0;0;0;0;0;0;0;0;0;0
FR;9;2022-02-09;0;0;0;0;0;0;0;0;0;0
FR;9;2022-02-10;0;0;0;0;0;0;0;0;0;0
FR;9;2022-02-11;0;0;0;0;0;0;0;0;0;0
FR;9;2022-02-12;0;0;0;0;0;0;0;0;0;0
FR;9;2022-02-13;0;0;0;0;0;0;0;0;0;0
FR;9;2022-02-14;0;0;0;0;0;0;0;0;0;0
FR;9;2022-02-15;0;0;0;0;0;0;0;0;0;0
FR;9;2022-02-16;0;0;0;0;0;0;0;0;0;0
FR;9;2022-02-17;0;0;0;0;0;0;0;0;0;0
FR;9;2022-02-18;0;0;0;0;0;0;0;0;0;0
FR;9;2022-02-19;0;0;0;0;0;0;0;0;0;0
FR;9;2022-02-20;0;0;0;0;0;0;0;0;0;0
FR;9;2022-02-21;0;0;0;0;0;0;0;0;0;0
FR;9;2022-02-22;0;0;0;0;0;0;0;0;0;0
FR;9;2022-02-23;0;0;0;0;0;0;0;0;0;0
FR;9;2022-02-24;0;0;0;0;0;0;0;0;0;0
FR;9;2022-02-25;0;0;0;0;0;0;0;0;0;0
FR;9;2022-02-26;0;0;0;0;0;0;0;0;0;0
FR;9;2022-02-27;0;0;0;0;0;0;0;0;0;0
FR;9;2022-02-28;0;0;0;0;0;0;0;0;0;0
FR;9;2022-03-01;0;0;0;0;0;0;0;0;0;0
FR;9;2022-03-02;0;0;0;0;0;0;0;0;0;0
FR;9;2022-03-03;0;0;0;0;0;0;0;0;0;0
FR;9;2022-03-04;0;0;0;0;0;0;0;0;0;0
FR;9;2022-03-05;0;0;0;0;0;0;0;0;0;0
FR;9;2022-03-06;0;0;0;0;0;0;0;0;0;0
FR;9;2022-03-07;0;0;0;0;0;0;0;0;0;0
FR;9;2022-03-08;0;0;0;0;0;0;0;0;0;0
FR;9;2022-03-09;0;0;0;0;0;0;0;0;0;0
FR;9;2022-03-10;0;0;0;0;0;0;0;0;0;0
FR;9;2022-03-11;0;0;0;0;0;0;0;0;0;0
FR;9;2022-03-12;0;0;0;0;0;0;0;0;0;0
FR;9;2022-03-13;0;0;0;0;0;0;0;0;0;0
FR;9;2022-03-14;0;0;0;0;0;0;0;0;0;0
FR;9;2022-03-15;0;0;0;0;0;0;0;0;0;0
FR;9;2022-03-16;0;0;0;0;0;0;0;0;0;0
FR;9;2022-03-17;0;0;0;0;0;0;0;0;0;0
FR;9;2022-03-18;0;0;0;0;0;0;0;0;0;0
FR;9;2022-03-19;0;0;0;0;0;0;0;0;0;0
FR;9;2022-03-20;0;0;0;0;0;0;0;0;0;0
FR;9;2022-03-21;0;0;0;0;0;0;0;0;0;0
FR;9;2022-03-22;0;0;0;0;0;0;0;0;0;0
FR;9;2022-03-23;0;0;0;0;0;0;0;0;0;0
FR;9;2022-03-24;0;0;0;0;0;0;0;0;0;0
FR;9;2022-03-25;0;0;0;0;0;0;0;0;0;0
FR;9;2022-03-26;0;0;0;0;0;0;0;0;0;0
FR;9;2022-03-27;0;0;0;0;0;0;0;0;0;0
FR;9;2022-03-28;0;0;0;0;0;0;0;0;0;0
FR;9;2022-03-29;0;0;0;0;0;0;0;0;0;0
FR;9;2022-03-30;0;0;0;0;0;0;0;0;0;0
FR;9;2022-03-31;0;0;0;0;0;0;0;0;0;0
FR;9;2022-04-01;0;0;0;0;0;0;0;0;0;0
FR;9;2022-04-02;0;0;0;0;0;0;0;0;0;0
FR;9;2022-04-03;0;0;0;0;0;0;0;0;0;0
FR;9;2022-04-04;0;0;0;0;0;0;0;0;0;0
FR;9;2022-04-05;0;0;0;0;0;0;0;0;0;0
FR;9;2022-04-06;0;0;0;0;0;0;0;0;0;0
FR;9;2022-04-07;0;0;0;0;0;0;0;0;0;0
FR;9;2022-04-08;0;0;0;0;0;0;0;0;0;0
FR;9;2022-04-09;0;0;0;0;0;0;0;0;0;0
FR;9;2022-04-10;0;0;0;0;0;0;0;0;0;0
FR;9;2022-04-11;0;0;0;0;0;0;0;0;0;0
FR;9;2022-04-12;0;0;0;0;0;0;0;0;0;0
FR;9;2022-04-13;0;0;0;0;0;0;0;0;0;0
FR;9;2022-04-14;0;0;0;0;0;0;0;0;0;0
FR;9;2022-04-15;0;0;0;0;0;0;0;0;0;0
FR;9;2022-04-16;0;0;0;0;0;0;0;0;0;0
FR;9;2022-04-17;0;0;0;0;0;0;0;0;0;0
FR;9;2022-04-18;0;0;0;0;0;0;0;0;0;0
FR;9;2022-04-19;0;0;0;0;0;0;0;0;0;0
FR;9;2022-04-20;0;0;0;0;0;0;0;0;0;0
FR;9;2022-04-21;0;0;0;0;0;0;0;0;0;0
FR;9;2022-04-22;0;0;0;0;0;0;0;0;0;0
FR;9;2022-04-23;0;0;0;0;0;0;0;0;0;0
FR;9;2022-04-24;0;0;0;0;0;0;0;0;0;0
FR;9;2022-04-25;0;0;0;0;0;0;0;0;0;0
FR;9;2022-04-26;0;0;0;0;0;0;0;0;0;0
FR;9;2022-04-27;0;0;0;0;0;0;0;0;0;0
FR;9;2022-04-28;0;0;0;0;0;0;0;0;0;0
FR;9;2022-04-29;0;0;0;0;0;0;0;0;0;0
FR;9;2022-04-30;0;0;0;0;0;0;0;0;0;0
FR;9;2022-05-01;0;0;0;0;0;0;0;0;0;0
FR;9;2022-05-02;0;0;0;0;0;0;0;0;0;0
FR;9;2022-05-03;0;0;0;0;0;0;0;0;0;0
FR;9;2022-05-04;0;0;0;0;0;0;0;0;0;0
FR;9;2022-05-05;0;0;0;0;0;0;0;0;0;0
FR;9;2022-05-06;0;0;0;0;0;0;0;0;0;0
FR;9;2022-05-07;0;0;0;0;0;0;0;0;0;0
FR;9;2022-05-08;0;0;0;0;0;0;0;0;0;0
FR;9;2022-05-09;0;0;0;0;0;0;0;0;0;0
FR;9;2022-05-10;0;0;0;0;0;0;0;0;0;0
FR;9;2022-05-11;0;0;0;0;0;0;0;0;0;0
FR;9;2022-05-12;0;0;0;0;0;0;0;0;0;0
FR;9;2022-05-13;0;0;0;0;0;0;0;0;0;0
FR;9;2022-05-14;0;0;0;0;0;0;0;0;0;0
FR;9;2022-05-15;0;0;0;0;0;0;0;0;0;0
FR;9;2022-05-16;0;0;0;0;0;0;0;0;0;0
FR;9;2022-05-17;0;0;0;0;0;0;0;0;0;0
FR;9;2022-05-18;0;0;0;0;0;0;0;0;0;0
FR;9;2022-05-19;0;0;0;0;0;0;0;0;0;0
FR;9;2022-05-20;0;0;0;0;0;0;0;0;0;0
FR;9;2022-05-21;0;0;0;0;0;0;0;0;0;0
FR;9;2022-05-22;0;0;0;0;0;0;0;0;0;0
FR;9;2022-05-23;0;0;0;0;0;0;0;0;0;0
FR;9;2022-05-24;0;0;0;0;0;0;0;0;0;0
FR;9;2022-05-25;0;0;0;0;0;0;0;0;0;0
FR;9;2022-05-26;0;0;0;0;0;0;0;0;0;0
FR;9;2022-05-27;0;0;0;0;0;0;0;0;0;0
FR;9;2022-05-28;0;0;0;0;0;0;0;0;0;0
FR;9;2022-05-29;0;0;0;0;0;0;0;0;0;0
FR;9;2022-05-30;0;0;0;0;0;0;0;0;0;0
FR;9;2022-05-31;0;0;0;0;0;0;0;0;0;0
FR;9;2022-06-01;0;0;0;0;0;0;0;0;0;0
FR;9;2022-06-02;0;0;0;0;0;0;0;0;0;0
FR;9;2022-06-03;0;0;0;0;0;0;0;0;0;0
FR;9;2022-06-04;0;0;0;0;0;0;0;0;0;0
FR;9;2022-06-05;0;0;0;0;0;0;0;0;0;0
FR;9;2022-06-06;0;0;0;0;0;0;0;0;0;0
FR;9;2022-06-07;0;0;0;0;0;0;0;0;0;0
FR;9;2022-06-08;0;0;0;0;0;0;0;0;0;0
FR;9;2022-06-09;0;0;0;0;0;0;0;0;0;0
FR;9;2022-06-10;0;0;0;0;0;0;0;0;0;0
FR;9;2022-06-11;0;0;0;0;0;0;0;0;0;0
FR;9;2022-06-12;0;0;0;0;0;0;0;0;0;0
FR;9;2022-06-13;0;0;0;0;0;0;0;0;0;0
FR;9;2022-06-14;0;0;0;0;0;0;0;0;0;0
FR;9;2022-06-15;0;0;0;0;0;0;0;0;0;0
FR;9;2022-06-16;0;0;0;0;0;0;0;0;0;0
FR;9;2022-06-17;0;0;0;0;0;0;0;0;0;0
FR;9;2022-06-18;0;0;0;0;0;0;0;0;0;0
FR;9;2022-06-19;0;0;0;0;0;0;0;0;0;0
FR;9;2022-06-20;0;0;0;0;0;0;0;0;0;0
FR;9;2022-06-21;0;0;0;0;0;0;0;0;0;0
FR;9;2022-06-22;0;0;0;0;0;0;0;0;0;0
FR;9;2022-06-23;0;0;0;0;0;0;0;0;0;0
FR;9;2022-06-24;0;0;0;0;0;0;0;0;0;0
FR;9;2022-06-25;0;0;0;0;0;0;0;0;0;0
FR;9;2022-06-26;0;0;0;0;0;0;0;0;0;0
FR;9;2022-06-27;0;0;0;0;0;0;0;0;0;0
FR;9;2022-06-28;0;0;0;0;0;0;0;0;0;0
FR;9;2022-06-29;0;0;0;0;0;0;0;0;0;0
FR;9;2022-06-30;0;0;0;0;0;0;0;0;0;0
FR;9;2022-07-01;0;0;0;0;0;0;0;0;0;0
FR;9;2022-07-02;0;0;0;0;0;0;0;0;0;0
FR;9;2022-07-03;0;0;0;0;0;0;0;0;0;0
FR;9;2022-07-04;0;0;0;0;0;0;0;0;0;0
FR;9;2022-07-05;0;0;0;0;0;0;0;0;0;0
FR;9;2022-07-06;0;0;0;0;0;0;0;0;0;0
FR;9;2022-07-07;0;0;0;0;0;0;0;0;0;0
FR;9;2022-07-08;0;0;0;0;0;0;0;0;0;0
FR;9;2022-07-09;0;0;0;0;0;0;0;0;0;0
FR;9;2022-07-10;0;0;0;0;0;0;0;0;0;0
FR;9;2022-07-11;0;0;0;0;0;0;0;0;0;0
FR;9;2022-07-12;0;0;0;0;0;0;0;0;0;0
FR;9;2022-07-13;0;0;0;0;0;0;0;0;0;0
FR;9;2022-07-14;0;0;0;0;0;0;0;0;0;0
FR;9;2022-07-15;0;0;0;0;0;0;0;0;0;0
FR;9;2022-07-16;0;0;0;0;0;0;0;0;0;0
FR;9;2022-07-17;0;0;0;0;0;0;0;0;0;0
FR;9;2022-07-18;0;0;0;0;0;0;0;0;0;0
FR;9;2022-07-19;0;0;0;0;0;0;0;0;0;0
FR;9;2022-07-20;0;0;0;0;0;0;0;0;0;0
FR;9;2022-07-21;0;0;0;0;0;0;0;0;0;0
FR;9;2022-07-22;0;0;0;0;0;0;0;0;0;0
FR;9;2022-07-23;0;0;0;0;0;0;0;0;0;0
FR;9;2022-07-24;0;0;0;0;0;0;0;0;0;0
FR;9;2022-07-25;0;0;0;0;0;0;0;0;0;0
FR;9;2022-07-26;0;0;0;0;0;0;0;0;0;0
FR;9;2022-07-27;0;0;0;0;0;0;0;0;0;0
FR;9;2022-07-28;0;0;0;0;0;0;0;0;0;0
FR;9;2022-07-29;0;0;0;0;0;0;0;0;0;0
FR;9;2022-07-30;0;0;0;0;0;0;0;0;0;0
FR;9;2022-07-31;0;0;0;0;0;0;0;0;0;0
FR;9;2022-08-01;0;0;0;0;0;0;0;0;0;0
FR;9;2022-08-02;0;0;0;0;0;0;0;0;0;0
FR;9;2022-08-03;0;0;0;0;0;0;0;0;0;0
FR;9;2022-08-04;0;0;0;0;0;0;0;0;0;0
FR;9;2022-08-05;0;0;0;0;0;0;0;0;0;0
FR;9;2022-08-06;0;0;0;0;0;0;0;0;0;0
FR;9;2022-08-07;0;0;0;0;0;0;0;0;0;0
FR;9;2022-08-08;0;0;0;0;0;0;0;0;0;0
FR;9;2022-08-09;0;0;0;0;0;0;0;0;0;0
FR;9;2022-08-10;0;0;0;0;0;0;0;0;0;0
FR;9;2022-08-11;0;0;0;0;0;0;0;0;0;0
FR;9;2022-08-12;0;0;0;0;0;0;0;0;0;0
FR;9;2022-08-13;0;0;0;0;0;0;0;0;0;0
FR;9;2022-08-14;0;0;0;0;0;0;0;0;0;0
FR;9;2022-08-15;0;0;0;0;0;0;0;0;0;0
FR;9;2022-08-16;0;0;0;0;0;0;0;0;0;0
FR;9;2022-08-17;0;0;0;0;0;0;0;0;0;0
FR;9;2022-08-18;0;0;0;0;0;0;0;0;0;0
FR;9;2022-08-19;0;0;0;0;0;0;0;0;0;0
FR;9;2022-08-20;0;0;0;0;0;0;0;0;0;0
FR;9;2022-08-21;0;0;0;0;0;0;0;0;0;0
FR;9;2022-08-22;0;0;0;0;0;0;0;0;0;0
FR;9;2022-08-23;0;0;0;0;0;0;0;0;0;0
FR;9;2022-08-24;0;0;0;0;0;0;0;0;0;0
FR;9;2022-08-25;0;0;0;0;0;0;0;0;0;0
FR;9;2022-08-26;0;0;0;0;0;0;0;0;0;0
FR;9;2022-08-27;0;0;0;0;0;0;0;0;0;0
FR;9;2022-08-28;0;0;0;0;0;0;0;0;0;0
FR;9;2022-08-29;0;0;0;0;0;0;0;0;0;0
FR;9;2022-08-30;0;0;0;0;0;0;0;0;0;0
FR;9;2022-08-31;0;0;0;0;0;0;0;0;0;0
FR;9;2022-09-01;0;0;0;0;0;0;0;0;0;0
FR;9;2022-09-02;0;0;0;0;0;0;0;0;0;0
FR;9;2022-09-03;0;0;0;0;0;0;0;0;0;0
FR;9;2022-09-04;0;0;0;0;0;0;0;0;0;0
FR;9;2022-09-05;0;0;0;0;0;0;0;0;0;0
FR;9;2022-09-06;0;0;0;0;0;0;0;0;0;0
FR;9;2022-09-07;0;0;0;0;0;0;0;0;0;0
FR;9;2022-09-08;0;0;0;0;0;0;0;0;0;0
FR;9;2022-09-09;0;0;0;0;0;0;0;0;0;0
FR;9;2022-09-10;0;0;0;0;0;0;0;0;0;0
FR;9;2022-09-11;0;0;0;0;0;0;0;0;0;0
FR;9;2022-09-12;0;0;0;0;0;0;0;0;0;0
FR;9;2022-09-13;0;0;0;0;0;0;0;0;0;0
FR;9;2022-09-14;0;0;0;0;0;0;0;0;0;0
FR;9;2022-09-15;0;0;0;0;0;0;0;0;0;0
FR;9;2022-09-16;0;0;0;0;0;0;0;0;0;0
FR;9;2022-09-17;0;0;0;0;0;0;0;0;0;0
FR;9;2022-09-18;0;0;0;0;0;0;0;0;0;0
FR;9;2022-09-19;0;0;0;0;0;0;0;0;0;0
FR;9;2022-09-20;0;0;0;0;0;0;0;0;0;0
FR;9;2022-09-21;0;0;0;0;0;0;0;0;0;0
FR;9;2022-09-22;0;0;0;0;0;0;0;0;0;0
FR;9;2022-09-23;0;0;0;0;0;0;0;0;0;0
FR;9;2022-09-24;0;0;0;0;0;0;0;0;0;0
FR;9;2022-09-25;0;0;0;0;0;0;0;0;0;0
FR;9;2022-09-26;0;0;0;0;0;0;0;0;0;0
FR;9;2022-09-27;0;0;0;0;0;0;0;0;0;0
FR;9;2022-09-28;0;0;0;0;0;0;0;0;0;0
FR;9;2022-09-29;1;1;8;31;6;1;1;8;31;6
FR;9;2022-09-30;4;12;60;604;47;5;13;68;635;53
FR;9;2022-10-01;9;1;41;326;26;14;14;109;961;79
FR;9;2022-10-02;1;0;5;50;3;15;14;114;1011;82
FR;9;2022-10-03;10;16;149;1711;128;25;30;263;2722;210
FR;9;2022-10-04;19;48;353;3948;227;44;78;616;6670;437
FR;9;2022-10-05;26;19;268;2993;202;70;97;884;9663;639
FR;9;2022-10-06;22;34;398;4592;299;92;131;1282;14255;938
FR;9;2022-10-07;29;49;497;5688;383;121;180;1779;19943;1321
FR;9;2022-10-08;10;18;126;1085;84;131;198;1905;21028;1405
FR;9;2022-10-09;1;7;22;195;29;132;205;1927;21223;1434
FR;9;2022-10-10;11;24;207;2564;180;143;229;2134;23787;1614
FR;9;2022-10-11;31;40;426;5038;314;174;269;2560;28825;1928
FR;9;2022-10-12;22;23;294;2953;201;196;292;2854;31778;2129
FR;9;2022-10-13;25;43;371;3958;244;221;335;3225;35736;2373
FR;9;2022-10-14;26;26;370;4371;289;247;361;3595;40107;2662
FR;9;2022-10-15;11;8;102;1043;81;258;369;3697;41150;2743
FR;9;2022-10-16;4;1;9;126;12;262;370;3706;41276;2755
FR;9;2022-10-17;4;22;164;1857;125;266;392;3870;43133;2880
FR;9;2022-10-18;34;27;304;3349;215;300;419;4174;46482;3095
FR;9;2022-10-19;20;19;256;2639;168;320;438;4430;49121;3263
FR;9;2022-10-20;20;20;285;3409;203;340;458;4715;52530;3466
FR;0;2020-12-27;610;0;0;0;0;610;0;0;0;0
FR;0;2020-12-28;687;1;0;0;0;1297;1;0;0;0
FR;0;2020-12-29;385;0;0;0;0;1682;1;0;0;0
FR;0;2020-12-30;444;0;0;0;0;2126;1;0;0;0
FR;0;2020-12-31;444;1;0;0;0;2570;2;0;0;0
FR;0;2021-01-01;1162;2;0;0;0;3732;4;0;0;0
FR;0;2021-01-02;365;3;0;0;0;4097;7;0;0;0
FR;0;2021-01-03;405;0;0;0;0;4502;7;0;0;0
FR;0;2021-01-04;2117;4;0;0;0;6619;11;0;0;0
FR;0;2021-01-05;7755;3;0;0;0;14374;14;0;0;0
FR;0;2021-01-06;12458;18;0;0;0;26832;32;0;0;0
FR;0;2021-01-07;29470;19;0;0;0;56302;51;0;0;0
FR;0;2021-01-08;37151;22;0;0;0;93453;73;0;0;0
FR;0;2021-01-09;11212;9;0;0;0;104665;82;0;0;0
FR;0;2021-01-10;6009;7;0;0;0;110674;89;0;0;0
FR;0;2021-01-11;39942;26;0;0;0;150616;115;0;0;0
FR;0;2021-01-12;62145;20;0;0;0;212761;135;0;0;0
FR;0;2021-01-13;65129;46;0;0;0;277890;181;0;0;0
FR;0;2021-01-14;83115;169;0;0;0;361005;350;0;0;0
FR;0;2021-01-15;69013;69;0;0;0;430018;419;0;0;0
FR;0;2021-01-16;20217;72;0;0;0;450235;491;0;0;0
FR;0;2021-01-17;10986;49;0;0;0;461221;540;0;0;0
FR;0;2021-01-18;85909;173;0;0;0;547130;713;0;0;0
FR;0;2021-01-19;130604;192;0;0;0;677734;905;0;0;0
FR;0;2021-01-20;137556;189;0;0;0;815290;1094;0;0;0
FR;0;2021-01-21;158411;185;0;0;0;973701;1279;0;0;0
FR;0;2021-01-22;121069;237;0;0;0;1094770;1516;0;0;0
FR;0;2021-01-23;38483;71;0;0;0;1133253;1587;0;0;0
FR;0;2021-01-24;9746;105;0;0;0;1142999;1692;0;0;0
FR;0;2021-01-25;78241;1357;0;0;0;1221240;3049;0;0;0
FR;0;2021-01-26;100380;3538;1;0;0;1321620;6587;1;0;0
FR;0;2021-01-27;107252;6223;0;0;0;1428872;12810;1;0;0
FR;0;2021-01-28;124364;15789;0;0;0;1553236;28599;1;0;0
FR;0;2021-01-29;92186;18331;0;0;0;1645422;46930;1;0;0
FR;0;2021-01-30;29127;4436;0;0;0;1674549;51366;1;0;0
FR;0;2021-01-31;5236;1840;0;0;0;1679785;53206;1;0;0
FR;0;2021-02-01;53133;22236;0;0;0;1732918;75442;1;0;0
FR;0;2021-02-02;72316;37124;0;0;0;1805234;112566;1;0;0
FR;0;2021-02-03;72307;39326;0;0;0;1877541;151892;1;0;0
FR;0;2021-02-04;82081;53570;0;0;0;1959622;205462;1;0;0
FR;0;2021-02-05;68239;47124;0;0;0;2027861;252586;1;0;0
FR;0;2021-02-06;23016;11186;0;0;0;2050877;263772;1;0;0
FR;0;2021-02-07;5191;5750;0;0;0;2056068;269522;1;0;0
FR;0;2021-02-08;46844;48036;0;0;0;2102912;317558;1;0;0
FR;0;2021-02-09;66020;76744;0;0;0;2168932;394302;1;0;0
FR;0;2021-02-10;71024;81566;0;0;0;2239956;475868;1;0;0
FR;0;2021-02-11;87289;103942;0;0;0;2327245;579810;1;0;0
FR;0;2021-02-12;79333;75510;0;0;0;2406578;655320;1;0;0
FR;0;2021-02-13;22381;19548;0;0;0;2428959;674868;1;0;0
FR;0;2021-02-14;5077;7354;0;0;0;2434036;682222;1;0;0
FR;0;2021-02-15;38109;76743;0;0;0;2472145;758965;1;0;0
FR;0;2021-02-16;50401;100314;0;0;0;2522546;859279;1;0;0
FR;0;2021-02-17;50543;106136;20;0;0;2573089;965415;21;0;0
FR;0;2021-02-18;69793;122533;0;0;0;2642882;1087948;21;0;0
FR;0;2021-02-19;65071;91781;1;0;0;2707953;1179729;22;0;0
FR;0;2021-02-20;18592;28676;0;0;0;2726545;1208405;22;0;0
FR;0;2021-02-21;3324;6171;0;0;0;2729869;1214576;22;0;0
FR;0;2021-02-22;37501;73182;2;0;0;2767370;1287758;24;0;0
FR;0;2021-02-23;53784;85106;1;0;0;2821154;1372864;25;0;0
FR;0;2021-02-24;60019;82521;1;0;0;2881173;1455385;26;0;0
FR;0;2021-02-25;100586;91447;1;0;0;2981759;1546832;27;0;0
FR;0;2021-02-26;113474;70805;1;0;0;3095233;1617637;28;0;0
FR;0;2021-02-27;52113;22307;1;0;0;3147346;1639944;29;0;0
FR;0;2021-02-28;6204;4192;2;0;0;3153550;1644136;31;0;0
FR;0;2021-03-01;65905;53881;1;0;0;3219455;1698017;32;0;0
FR;0;2021-03-02;101394;67078;3;0;0;3320849;1765095;35;0;0
FR;0;2021-03-03;116532;65595;0;0;0;3437381;1830690;35;0;0
FR;0;2021-03-04;163631;71858;3;0;0;3601012;1902548;38;0;0
FR;0;2021-03-05;200934;62842;3;0;0;3801946;1965390;41;0;0
FR;0;2021-03-06;207967;17552;3;0;0;4009913;1982942;44;0;0
FR;0;2021-03-07;121278;4410;1;0;0;4131191;1987352;45;0;0
FR;0;2021-03-08;107161;49868;2;0;0;4238352;2037220;47;0;0
FR;0;2021-03-09;172464;56334;2;0;0;4410816;2093554;49;0;0
FR;0;2021-03-10;179013;57086;5;0;0;4589829;2150640;54;0;0
FR;0;2021-03-11;242906;63896;2;0;0;4832735;2214536;56;0;0
FR;0;2021-03-12;294832;53437;1;0;0;5127567;2267973;57;0;0
FR;0;2021-03-13;231422;15286;1;0;0;5358989;2283259;58;0;0
FR;0;2021-03-14;63355;3155;1;0;0;5422344;2286414;59;0;0
FR;0;2021-03-15;158670;31826;3;0;0;5581014;2318240;62;0;0
FR;0;2021-03-16;141577;39017;6;0;0;5722591;2357257;68;0;0
FR;0;2021-03-17;150498;37800;4;0;0;5873089;2395057;72;0;0
FR;0;2021-03-18;167848;44461;5;0;0;6040937;2439518;77;0;0
FR;0;2021-03-19;230023;36932;2;0;0;6270960;2476450;79;0;0
FR;0;2021-03-20;166703;11438;1;0;0;6437663;2487888;80;0;0
FR;0;2021-03-21;49946;2259;1;0;0;6487609;2490147;81;0;0
FR;0;2021-03-22;170062;33700;2;0;0;6657671;2523847;83;0;0
FR;0;2021-03-23;250400;42381;1;0;0;6908071;2566228;84;0;0
FR;0;2021-03-24;256916;43579;0;0;0;7164987;2609807;84;0;0
FR;0;2021-03-25;341825;45124;5;0;0;7506812;2654931;89;0;0
FR;0;2021-03-26;358814;41894;5;1;0;7865626;2696825;94;1;0
FR;0;2021-03-27;195265;16892;1;0;0;8060891;2713717;95;1;0
FR;0;2021-03-28;59345;4420;3;0;0;8120236;2718137;98;1;0
FR;0;2021-03-29;202989;53595;4;0;0;8323225;2771732;102;1;0
FR;0;2021-03-30;285492;69899;5;0;0;8608717;2841631;107;1;0
FR;0;2021-03-31;263048;73748;4;0;0;8871765;2915379;111;1;0
FR;0;2021-04-01;315524;91726;11;0;0;9187289;3007105;122;1;0
FR;0;2021-04-02;281352;94118;7;0;0;9468641;3101223;129;1;0
FR;0;2021-04-03;141079;62362;6;0;0;9609720;3163585;135;1;0
FR;0;2021-04-04;46533;18938;2;0;0;9656253;3182523;137;1;0
FR;0;2021-04-05;63344;10561;11;0;0;9719597;3193084;148;1;0
FR;0;2021-04-06;217232;111775;17;0;0;9936829;3304859;165;1;0
FR;0;2021-04-07;260269;115306;17;0;0;10197098;3420165;182;1;0
FR;0;2021-04-08;337855;122560;14;0;0;10534953;3542725;196;1;0
FR;0;2021-04-09;410171;116654;49;0;0;10945124;3659379;245;1;0
FR;0;2021-04-10;212630;82795;15;0;0;11157754;3742174;260;1;0
FR;0;2021-04-11;56150;34222;7;0;0;11213904;3776396;267;1;0
FR;0;2021-04-12;237087;115678;46;0;0;11450991;3892074;313;1;0
FR;0;2021-04-13;309500;144291;98;1;0;11760491;4036365;411;2;0
FR;0;2021-04-14;294543;139578;215;0;0;12055034;4175943;626;2;0
FR;0;2021-04-15;337124;149768;339;0;0;12392158;4325711;965;2;0
FR;0;2021-04-16;339308;146499;354;0;0;12731466;4472210;1319;2;0
FR;0;2021-04-17;188668;90003;109;0;0;12920134;4562213;1428;2;0
FR;0;2021-04-18;51625;35408;47;0;0;12971759;4597621;1475;2;0
FR;0;2021-04-19;205711;138184;456;0;0;13177470;4735805;1931;2;0
FR;0;2021-04-20;254435;171491;569;0;0;13431905;4907296;2500;2;0
FR;0;2021-04-21;253284;169571;835;0;0;13685189;5076867;3335;2;0
FR;0;2021-04-22;287575;189794;818;0;0;13972764;5266661;4153;2;0
FR;0;2021-04-23;297791;184077;747;0;0;14270555;5450738;4900;2;0
FR;0;2021-04-24;190458;111833;252;0;0;14461013;5562571;5152;2;0
FR;0;2021-04-25;69563;38800;51;0;0;14530576;5601371;5203;2;0
FR;0;2021-04-26;220970;157671;563;0;0;14751546;5759042;5766;2;0
FR;0;2021-04-27;284621;187714;940;0;0;15036167;5946756;6706;2;0
FR;0;2021-04-28;299517;184081;1426;1;1;15335684;6130837;8132;3;1
FR;0;2021-04-29;357143;197445;1280;0;0;15692827;6328282;9412;3;1
FR;0;2021-04-30;372230;185534;1121;1;0;16065057;6513816;10533;4;1
FR;0;2021-05-01;167650;52501;179;0;0;16232707;6566317;10712;4;1
FR;0;2021-05-02;91748;37804;83;0;0;16324455;6604121;10795;4;1
FR;0;2021-05-03;288935;166759;843;0;0;16613390;6770880;11638;4;1
FR;0;2021-05-04;315686;225080;1234;0;0;16929076;6995960;12872;4;1
FR;0;2021-05-05;327206;225826;1315;0;0;17256282;7221786;14187;4;1
FR;0;2021-05-06;379531;240407;1634;0;0;17635813;7462193;15821;4;1
FR;0;2021-05-07;372769;258091;1223;0;0;18008582;7720284;17044;4;1
FR;0;2021-05-08;222167;70006;299;0;0;18230749;7790290;17343;4;1
FR;0;2021-05-09;129706;45316;243;0;0;18360455;7835606;17586;4;1
FR;0;2021-05-10;313397;229300;1237;0;0;18673852;8064906;18823;4;1
FR;0;2021-05-11;403917;258064;1566;0;0;19077769;8322970;20389;4;1
FR;0;2021-05-12;434128;233523;1542;0;0;19511897;8556493;21931;4;1
FR;0;2021-05-13;338611;56637;432;0;0;19850508;8613130;22363;4;1
FR;0;2021-05-14;454142;167411;1126;0;0;20304650;8780541;23489;4;1
FR;0;2021-05-15;374981;94256;443;0;0;20679631;8874797;23932;4;1
FR;0;2021-05-16;202757;20710;168;0;0;20882388;8895507;24100;4;1
FR;0;2021-05-17;376125;148746;1555;0;0;21258513;9044253;25655;4;1
FR;0;2021-05-18;460161;153719;1990;0;0;21718674;9197972;27645;4;1
FR;0;2021-05-19;467417;143413;2464;0;0;22186091;9341385;30109;4;1
FR;0;2021-05-20;507543;160322;2339;0;0;22693634;9501707;32448;4;1
FR;0;2021-05-21;489676;174932;1996;0;0;23183310;9676639;34444;4;1
FR;0;2021-05-22;347198;80092;669;0;0;23530508;9756731;35113;4;1
FR;0;2021-05-23;161692;14255;246;0;0;23692200;9770986;35359;4;1
FR;0;2021-05-24;263197;33132;604;0;0;23955397;9804118;35963;4;1
FR;0;2021-05-25;400281;190044;2355;1;0;24355678;9994162;38318;5;1
FR;0;2021-05-26;413460;190053;2224;0;0;24769138;10184215;40542;5;1
FR;0;2021-05-27;449817;219513;2162;0;0;25218955;10403728;42704;5;1
FR;0;2021-05-28;429557;260477;1893;0;0;25648512;10664205;44597;5;1
FR;0;2021-05-29;298986;150071;585;0;0;25947498;10814276;45182;5;1
FR;0;2021-05-30;107143;32539;163;0;0;26054641;10846815;45345;5;1
FR;0;2021-05-31;358042;203332;1470;1;1;26412683;11050147;46815;6;2
FR;0;2021-06-01;431038;251348;1964;1;1;26843721;11301495;48779;7;3
FR;0;2021-06-02;420115;231878;1984;0;0;27263836;11533373;50763;7;3
FR;0;2021-06-03;465626;257915;1825;0;0;27729462;11791288;52588;7;3
FR;0;2021-06-04;456260;305442;1734;1;1;28185722;12096730;54322;8;4
FR;0;2021-06-05;304808;189310;652;0;0;28490530;12286040;54974;8;4
FR;0;2021-06-06;133313;49041;226;0;0;28623843;12335081;55200;8;4
FR;0;2021-06-07;339989;261604;1526;0;0;28963832;12596685;56726;8;4
FR;0;2021-06-08;393894;291190;1804;0;0;29357726;12887875;58530;8;4
FR;0;2021-06-09;384880;274518;1733;0;0;29742606;13162393;60263;8;4
FR;0;2021-06-10;404191;288031;1725;1;0;30146797;13450424;61988;9;4
FR;0;2021-06-11;386669;356702;1467;1;0;30533466;13807126;63455;10;4
FR;0;2021-06-12;283268;211086;495;0;0;30816734;14018212;63950;10;4
FR;0;2021-06-13;104889;73856;204;0;0;30921623;14092068;64154;10;4
FR;0;2021-06-14;240843;354587;1427;1;0;31162466;14446655;65581;11;4
FR;0;2021-06-15;308170;384918;1572;1;0;31470636;14831573;67153;12;4
FR;0;2021-06-16;313982;357520;1418;1;0;31784618;15189093;68571;13;4
FR;0;2021-06-17;317695;372850;1427;1;0;32102313;15561943;69998;14;4
FR;0;2021-06-18;321753;442621;1338;1;0;32424066;16004564;71336;15;4
FR;0;2021-06-19;224346;273888;449;0;0;32648412;16278452;71785;15;4
FR;0;2021-06-20;74437;102407;129;0;0;32722849;16380859;71914;15;4
FR;0;2021-06-21;195776;401695;1037;1;1;32918625;16782554;72951;16;5
FR;0;2021-06-22;223204;467546;1266;10;1;33141829;17250100;74217;26;6
FR;0;2021-06-23;234037;439969;1197;1;1;33375866;17690069;75414;27;7
FR;0;2021-06-24;241869;409598;1358;0;0;33617735;18099667;76772;27;7
FR;0;2021-06-25;227649;522807;1401;0;0;33845384;18622474;78173;27;7
FR;0;2021-06-26;153262;370839;587;1;0;33998646;18993313;78760;28;7
FR;0;2021-06-27;55904;156070;168;1;0;34054550;19149383;78928;29;7
FR;0;2021-06-28;154780;452664;1176;0;0;34209330;19602047;80104;29;7
FR;0;2021-06-29;182716;507395;2123;0;0;34392046;20109442;82227;29;7
FR;0;2021-06-30;204015;485123;2014;21;2;34596061;20594565;84241;50;9
FR;0;2021-07-01;231334;458200;2223;5;1;34827395;21052765;86464;55;10
FR;0;2021-07-02;228696;520128;2120;5;2;35056091;21572893;88584;60;12
FR;0;2021-07-03;142043;368748;908;3;1;35198134;21941641;89492;63;13
FR;0;2021-07-04;56756;141067;265;0;0;35254890;22082708;89757;63;13
FR;0;2021-07-05;168521;418971;1668;8;2;35423411;22501679;91425;71;15
FR;0;2021-07-06;196776;474609;1830;45;8;35620187;22976288;93255;116;23
FR;0;2021-07-07;213205;439134;1879;25;4;35833392;23415422;95134;141;27
FR;0;2021-07-08;231647;424190;2089;20;6;36065039;23839612;97223;161;33
FR;0;2021-07-09;228618;511044;2185;4;2;36293657;24350656;99408;165;35
FR;0;2021-07-10;148623;339905;984;1;1;36442280;24690561;100392;166;36
FR;0;2021-07-11;60202;110087;283;0;0;36502482;24800648;100675;166;36
FR;0;2021-07-12;169421;477965;1762;4;0;36671903;25278613;102437;170;36
FR;0;2021-07-13;287268;526981;2048;8;1;36959171;25805594;104485;178;37
FR;0;2021-07-14;181104;157497;435;0;0;37140275;25963091;104920;178;37
FR;0;2021-07-15;347100;502004;2099;1;0;37487375;26465095;107019;179;37
FR;0;2021-07-16;380109;495435;2023;3;1;37867484;26960530;109042;182;38
FR;0;2021-07-17;259733;319707;877;1;0;38127217;27280237;109919;183;38
FR;0;2021-07-18;109721;114630;310;0;0;38236938;27394867;110229;183;38
FR;0;2021-07-19;285487;424347;1629;3;0;38522425;27819214;111858;186;38
FR;0;2021-07-20;376923;451707;1723;0;0;38899348;28270921;113581;186;38
FR;0;2021-07-21;395800;407263;1549;4;2;39295148;28678184;115130;190;40
FR;0;2021-07-22;441057;387593;1715;4;2;39736205;29065777;116845;194;42
FR;0;2021-07-23;440327;422468;1882;4;1;40176532;29488245;118727;198;43
FR;0;2021-07-24;285250;269403;804;1;0;40461782;29757648;119531;199;43
FR;0;2021-07-25;121113;79953;234;0;0;40582895;29837601;119765;199;43
FR;0;2021-07-26;347424;322557;1614;3;2;40930319;30160158;121379;202;45
FR;0;2021-07-27;464070;319616;1698;4;2;41394389;30479774;123077;206;47
FR;0;2021-07-28;459440;289569;1636;4;1;41853829;30769343;124713;210;48
FR;0;2021-07-29;489825;276420;1796;2;0;42343654;31045763;126509;212;48
FR;0;2021-07-30;461830;302535;1941;5;1;42805484;31348298;128450;217;49
FR;0;2021-07-31;285398;185059;915;1;0;43090882;31533357;129365;218;49
FR;0;2021-08-01;112024;49922;253;0;0;43202906;31583279;129618;218;49
FR;0;2021-08-02;341623;234212;1602;2;0;43544529;31817491;131220;220;49
FR;0;2021-08-03;398613;244658;1728;2;1;43943142;32062149;132948;222;50
FR;0;2021-08-04;384852;209731;1593;6;3;44327994;32271880;134541;228;53
FR;0;2021-08-05;366171;228524;1710;0;0;44694165;32500404;136251;228;53
FR;0;2021-08-06;359730;271403;1835;4;1;45053895;32771807;138086;232;54
FR;0;2021-08-07;213124;178346;755;5;2;45267019;32950153;138841;237;56
FR;0;2021-08-08;74194;63193;275;0;0;45341213;33013346;139116;237;56
FR;0;2021-08-09;258757;258911;1547;4;3;45599970;33272257;140663;241;59
FR;0;2021-08-10;306863;277402;1662;2;1;45906833;33549659;142325;243;60
FR;0;2021-08-11;279740;259773;1441;5;1;46186573;33809432;143766;248;61
FR;0;2021-08-12;271548;278239;1663;3;0;46458121;34087671;145429;251;61
FR;0;2021-08-13;252158;278137;1594;3;2;46710279;34365808;147023;254;63
FR;0;2021-08-14;145344;197146;741;0;0;46855623;34562954;147764;254;63
FR;0;2021-08-15;39387;50106;217;1;0;46895010;34613060;147981;255;63
FR;0;2021-08-16;186187;317711;1542;0;0;47081197;34930771;149523;255;63
FR;0;2021-08-17;215690;336037;1636;7;0;47296887;35266808;151159;262;63
FR;0;2021-08-18;199055;324542;1597;7;4;47495942;35591350;152756;269;67
FR;0;2021-08-19;192032;325535;1640;1;0;47687974;35916885;154396;270;67
FR;0;2021-08-20;186464;366322;1820;3;2;47874438;36283207;156216;273;69
FR;0;2021-08-21;104798;238123;708;0;0;47979236;36521330;156924;273;69
FR;0;2021-08-22;31943;87211;256;1;1;48011179;36608541;157180;274;70
FR;0;2021-08-23;140982;357102;1561;3;1;48152161;36965643;158741;277;71
FR;0;2021-08-24;162493;376725;1849;5;1;48314654;37342368;160590;282;72
FR;0;2021-08-25;151141;350812;2033;8;2;48465795;37693180;162623;290;74
FR;0;2021-08-26;142876;342789;2561;10;0;48608671;38035969;165184;300;74
FR;0;2021-08-27;148452;388306;2790;11;3;48757123;38424275;167974;311;77
FR;0;2021-08-28;90665;249605;1406;0;0;48847788;38673880;169380;311;77
FR;0;2021-08-29;27320;83346;518;1;0;48875108;38757226;169898;312;77
FR;0;2021-08-30;117419;324692;4713;6;5896;48992527;39081918;174611;318;5973
FR;0;2021-08-31;128813;334511;10188;19;11799;49121340;39416429;184799;337;17772
FR;0;2021-09-01;136142;285695;22432;8;24381;49257482;39702124;207231;345;42153
FR;0;2021-09-02;114660;247242;26517;20;28976;49372142;39949366;233748;365;71129
FR;0;2021-09-03;118311;292684;29963;24;33056;49490453;40242050;263711;389;104185
FR;0;2021-09-04;89890;217776;12586;12;14134;49580343;40459826;276297;401;118319
FR;0;2021-09-05;21359;44833;4395;2;4717;49601702;40504659;280692;403;123036
FR;0;2021-09-06;75682;180633;31956;16;34303;49677384;40685292;312648;419;157339
FR;0;2021-09-07;80307;181235;33244;43;36255;49757691;40866527;345892;462;193594
FR;0;2021-09-08;90992;206095;29664;28;32532;49848683;41072622;375556;490;226126
FR;0;2021-09-09;76945;165352;33066;27;36640;49925628;41237974;408622;517;262766
FR;0;2021-09-10;96037;203788;35739;28;40688;50021665;41441762;444361;545;303454
FR;0;2021-09-11;67161;169302;12138;19;14382;50088826;41611064;456499;564;317836
FR;0;2021-09-12;12826;32097;2778;1;3178;50101652;41643161;459277;565;321014
FR;0;2021-09-13;64559;126238;41238;35;44191;50166211;41769399;500515;600;365205
FR;0;2021-09-14;73492;129066;56374;80;62303;50239703;41898465;556889;680;427508
FR;0;2021-09-15;76639;167813;55664;58;54843;50316342;42066278;612553;738;482351
FR;0;2021-09-16;63881;114533;60091;82;60129;50380223;42180811;672644;820;542480
FR;0;2021-09-17;75082;156837;53853;71;57305;50455305;42337648;726497;891;599785
FR;0;2021-09-18;48235;139631;15601;25;17310;50503540;42477279;742098;916;617095
FR;0;2021-09-19;7907;23681;2438;1;2619;50511447;42500960;744536;917;619714
FR;0;2021-09-20;44567;93822;50082;72;50337;50556014;42594782;794618;989;670051
FR;0;2021-09-21;45893;98427;62761;75;63467;50601907;42693209;857379;1064;733518
FR;0;2021-09-22;48673;142402;55370;82;55436;50650580;42835611;912749;1146;788954
FR;0;2021-09-23;43272;92099;62392;95;63564;50693852;42927710;975141;1241;852518
FR;0;2021-09-24;52295;133313;54556;107;59196;50746147;43061023;1029697;1348;911714
FR;0;2021-09-25;35216;115636;16274;36;18298;50781363;43176659;1045971;1384;930012
FR;0;2021-09-26;5547;17805;2270;5;2327;50786910;43194464;1048241;1389;932339
FR;0;2021-09-27;33975;76938;47200;97;48180;50820885;43271402;1095441;1486;980519
FR;0;2021-09-28;36518;75259;54969;90;56550;50857403;43346661;1150410;1576;1037069
FR;0;2021-09-29;44417;100779;53354;112;54871;50901820;43447440;1203764;1688;1091940
FR;0;2021-09-30;36340;72961;57037;97;59578;50938160;43520401;1260801;1785;1151518
FR;0;2021-10-01;61703;102890;57815;108;63955;50999863;43623291;1318616;1893;1215473
FR;0;2021-10-02;39470;78436;20962;39;23360;51039333;43701727;1339578;1932;1238833
FR;0;2021-10-03;5287;10499;2532;4;2540;51044620;43712226;1342110;1936;1241373
FR;0;2021-10-04;35188;58522;52624;84;54835;51079808;43770748;1394734;2020;1296208
FR;0;2021-10-05;33927;64383;61007;135;65061;51113735;43835131;1455741;2155;1361269
FR;0;2021-10-06;42715;79317;65749;113;68336;51156450;43914448;1521490;2268;1429605
FR;0;2021-10-07;30564;62276;65431;90;68846;51187014;43976724;1586921;2358;1498451
FR;0;2021-10-08;49469;91920;77756;110;84739;51236483;44068644;1664677;2468;1583190
FR;0;2021-10-09;33673;60936;31544;35;33920;51270156;44129580;1696221;2503;1617110
FR;0;2021-10-10;4718;7436;3194;9;3480;51274874;44137016;1699415;2512;1620590
FR;0;2021-10-11;30724;49941;61043;105;64101;51305598;44186957;1760458;2617;1684691
FR;0;2021-10-12;31635;54498;70620;140;75988;51337233;44241455;1831078;2757;1760679
FR;0;2021-10-13;40148;62841;74432;136;79345;51377381;44304296;1905510;2893;1840024
FR;0;2021-10-14;30356;52897;68766;116;73830;51407737;44357193;1974276;3009;1913854
FR;0;2021-10-15;44941;75268;93242;191;103005;51452678;44432461;2067518;3200;2016859
FR;0;2021-10-16;31327;44121;36694;44;39646;51484005;44476582;2104212;3244;2056505
FR;0;2021-10-17;3889;5235;3597;2;3680;51487894;44481817;2107809;3246;2060185
FR;0;2021-10-18;29160;42391;67501;133;71365;51517054;44524208;2175310;3379;2131550
FR;0;2021-10-19;27184;45584;76410;140;81642;51544238;44569792;2251720;3519;2213192
FR;0;2021-10-20;35335;52459;96942;181;101553;51579573;44622251;2348662;3700;2314745
FR;0;2021-10-21;26138;45184;83970;112;89144;51605711;44667435;2432632;3812;2403889
FR;0;2021-10-22;38420;62521;104902;200;112606;51644131;44729956;2537534;4012;2516495
FR;0;2021-10-23;27009;41208;45457;57;48626;51671140;44771164;2582991;4069;2565121
FR;0;2021-10-24;2920;4770;3684;6;3931;51674060;44775934;2586675;4075;2569052
FR;0;2021-10-25;26077;36262;82334;144;86650;51700137;44812196;2669009;4219;2655702
FR;0;2021-10-26;23733;35042;87255;166;92379;51723870;44847238;2756264;4385;2748081
FR;0;2021-10-27;30082;46357;109010;257;114709;51753952;44893595;2865274;4642;2862790
FR;0;2021-10-28;23581;34967;88723;153;94496;51777533;44928562;2953997;4795;2957286
FR;0;2021-10-29;31575;51491;117325;205;125363;51809108;44980053;3071322;5000;3082649
FR;0;2021-10-30;20555;33231;50349;76;53400;51829663;45013284;3121671;5076;3136049
FR;0;2021-10-31;2489;3731;3592;3;3879;51832152;45017015;3125263;5079;3139928
FR;0;2021-11-01;8500;4864;3212;3;3575;51840652;45021879;3128475;5082;3143503
FR;0;2021-11-02;26346;40124;93587;156;99610;51866998;45062003;3222062;5238;3243113
FR;0;2021-11-03;30094;47964;118904;218;125857;51897092;45109967;3340966;5456;3368970
FR;0;2021-11-04;23791;37518;107574;217;114440;51920883;45147485;3448540;5673;3483410
FR;0;2021-11-05;32390;52985;141648;235;151399;51953273;45200470;3590188;5908;3634809
FR;0;2021-11-06;21531;34578;64886;123;68312;51974804;45235048;3655074;6031;3703121
FR;0;2021-11-07;2402;4179;5199;6;5597;51977206;45239227;3660273;6037;3708718
FR;0;2021-11-08;20596;37786;127208;227;134322;51997802;45277013;3787481;6264;3843040
FR;0;2021-11-09;22405;44723;161704;339;172275;52020207;45321736;3949185;6603;4015315
FR;0;2021-11-10;31588;55031;187024;446;198835;52051795;45376767;4136209;7049;4214150
FR;0;2021-11-11;4723;6756;12976;28;13960;52056518;45383523;4149185;7077;4228110
FR;0;2021-11-12;29084;55123;183790;252;197413;52085602;45438646;4332975;7329;4425523
FR;0;2021-11-13;20349;32640;80712;118;86337;52105951;45471286;4413687;7447;4511860
FR;0;2021-11-14;2358;3879;7176;6;7847;52108309;45475165;4420863;7453;4519707
FR;0;2021-11-15;20484;38678;160872;312;171598;52128793;45513843;4581735;7765;4691305
FR;0;2021-11-16;23644;43970;200434;393;215081;52152437;45557813;4782169;8158;4906386
FR;0;2021-11-17;30512;50336;199868;406;212916;52182949;45608149;4982037;8564;5119302
FR;0;2021-11-18;23435;45672;191693;468;205601;52206384;45653821;5173730;9032;5324903
FR;0;2021-11-19;33677;61393;243237;551;262229;52240061;45715214;5416967;9583;5587132
FR;0;2021-11-20;25407;36701;102165;206;109711;52265468;45751915;5519132;9789;5696843
FR;0;2021-11-21;2646;4472;9659;19;10613;52268114;45756387;5528791;9808;5707456
FR;0;2021-11-22;22803;33223;180393;470;194876;52290917;45789610;5709184;10278;5902332
FR;0;2021-11-23;25720;45575;229419;549;247879;52316637;45835185;5938603;10827;6150211
FR;0;2021-11-24;31801;53727;224830;715;243266;52348438;45888912;6163433;11542;6393477
FR;0;2021-11-25;25638;49240;255957;739;277825;52374076;45938152;6419390;12281;6671302
FR;0;2021-11-26;33257;74857;379509;867;414687;52407333;46013009;6798899;13148;7085989
FR;0;2021-11-27;23491;49675;214922;389;236701;52430824;46062684;7013821;13537;7322690
FR;0;2021-11-28;3513;10518;56763;66;63326;52434337;46073202;7070584;13603;7386016
FR;0;2021-11-29;19421;54187;341498;863;371762;52453758;46127389;7412082;14466;7757778
FR;0;2021-11-30;24779;72005;457413;988;500822;52478537;46199394;7869495;15454;8258600
FR;0;2021-12-01;27371;75784;469133;1161;511367;52505908;46275178;8338628;16615;8769967
FR;0;2021-12-02;22096;71794;527142;1280;574933;52528004;46346972;8865770;17895;9344900
FR;0;2021-12-03;25560;93120;596430;1420;651217;52553564;46440092;9462200;19315;9996117
FR;0;2021-12-04;18318;60501;336243;692;369817;52571882;46500593;9798443;20007;10365934
FR;0;2021-12-05;4154;16176;95787;157;107050;52576036;46516769;9894230;20164;10472984
FR;0;2021-12-06;28420;72981;493176;1175;540003;52604456;46589750;10387406;21339;11012987
FR;0;2021-12-07;23540;91465;645426;1773;706368;52627996;46681215;11032832;23112;11719355
FR;0;2021-12-08;25501;92233;591637;1874;647561;52653497;46773448;11624469;24986;12366916
FR;0;2021-12-09;24059;94248;663152;2180;726514;52677556;46867696;12287621;27166;13093430
FR;0;2021-12-10;28054;111152;736101;2075;806267;52705610;46978848;13023722;29241;13899697
FR;0;2021-12-11;20250;76228;435201;988;480416;52725860;47055076;13458923;30229;14380113
FR;0;2021-12-12;5657;23206;142316;262;159215;52731517;47078282;13601239;30491;14539328
FR;0;2021-12-13;21353;91014;587690;1699;649305;52752870;47169296;14188929;32190;15188633
FR;0;2021-12-14;27971;118537;765628;2654;847584;52780841;47287833;14954557;34844;16036217
FR;0;2021-12-15;28433;114473;694374;2266;769147;52809274;47402306;15648931;37110;16805364
FR;0;2021-12-16;28032;115975;764065;2557;844495;52837306;47518281;16412996;39667;17649859
FR;0;2021-12-17;31649;128621;807914;2711;892084;52868955;47646902;17220910;42378;18541943
FR;0;2021-12-18;24936;81683;469992;1178;522243;52893891;47728585;17690902;43556;19064186
FR;0;2021-12-19;8756;28671;169408;376;191090;52902647;47757256;17860310;43932;19255276
FR;0;2021-12-20;31752;97425;591526;1786;658794;52934399;47854681;18451836;45718;19914070
FR;0;2021-12-21;39457;112205;682439;2392;759630;52973856;47966886;19134275;48110;20673700
FR;0;2021-12-22;39551;99468;575792;2168;642158;53013407;48066354;19710067;50278;21315858
FR;0;2021-12-23;33778;79630;441026;1657;494420;53047185;48145984;20151093;51935;21810278
FR;0;2021-12-24;10692;26122;111034;398;126674;53057877;48172106;20262127;52333;21936952
FR;0;2021-12-25;775;3588;7591;25;9030;53058652;48175694;20269718;52358;21945982
FR;0;2021-12-26;4695;11901;52096;142;60144;53063347;48187595;20321814;52500;22006126
FR;0;2021-12-27;30505;84072;453567;1364;509190;53093852;48271667;20775381;53864;22515316
FR;0;2021-12-28;38366;99047;564179;1769;632286;53132218;48370714;21339560;55633;23147602
FR;0;2021-12-29;39875;88403;501214;1687;561025;53172093;48459117;21840774;57320;23708627
FR;0;2021-12-30;35920;75237;421038;1521;471153;53208013;48534354;22261812;58841;24179780
FR;0;2021-12-31;12046;25149;116883;405;131673;53220059;48559503;22378695;59246;24311453
FR;0;2022-01-01;1573;3211;8517;37;9939;53221632;48562714;22387212;59283;24321392
FR;0;2022-01-02;6115;13001;58419;125;66946;53227747;48575715;22445631;59408;24388338
FR;0;2022-01-03;37183;90280;494835;1593;551718;53264930;48665995;22940466;61001;24940056
FR;0;2022-01-04;41980;111146;641394;2306;714384;53306910;48777141;23581860;63307;25654440
FR;0;2022-01-05;61096;103747;569184;1984;634215;53368006;48880888;24151044;65291;26288655
FR;0;2022-01-06;44265;110416;638981;2697;711459;53412271;48991304;24790025;67988;27000114
FR;0;2022-01-07;50823;123467;710997;2810;790512;53463094;49114771;25501022;70798;27790626
FR;0;2022-01-08;45007;80327;423811;1213;472889;53508101;49195098;25924833;72011;28263515
FR;0;2022-01-09;15609;26641;128565;300;145675;53523710;49221739;26053398;72311;28409190
FR;0;2022-01-10;35377;93430;469331;1812;522757;53559087;49315169;26522729;74123;28931947
FR;0;2022-01-11;41927;100560;548253;2306;608508;53601014;49415729;27070982;76429;29540455
FR;0;2022-01-12;60399;95801;452684;1968;504352;53661413;49511530;27523666;78397;30044807
FR;0;2022-01-13;38252;92635;487353;2085;541050;53699665;49604165;28011019;80482;30585857
FR;0;2022-01-14;42574;103449;568602;2286;629015;53742239;49707614;28579621;82768;31214872
FR;0;2022-01-15;39417;65934;340133;985;377560;53781656;49773548;28919754;83753;31592432
FR;0;2022-01-16;11410;19260;87431;216;99424;53793066;49792808;29007185;83969;31691856
FR;0;2022-01-17;24733;60139;320280;1382;354164;53817799;49852947;29327465;85351;32046020
FR;0;2022-01-18;28319;68793;361087;1802;397570;53846118;49921740;29688552;87153;32443590
FR;0;2022-01-19;43211;67137;281295;1450;311077;53889329;49988877;29969847;88603;32754667
FR;0;2022-01-20;23659;59698;299011;1740;328513;53912988;50048575;30268858;90343;33083180
FR;0;2022-01-21;28201;68898;366366;2086;401202;53941189;50117473;30635224;92429;33484382
FR;0;2022-01-22;27624;48007;218789;839;241766;53968813;50165480;30854013;93268;33726148
FR;0;2022-01-23;6733;12990;48677;173;55171;53975546;50178470;30902690;93441;33781319
FR;0;2022-01-24;16269;47501;217312;1139;239338;53991815;50225971;31120002;94580;34020657
FR;0;2022-01-25;19026;54406;243053;1546;267084;54010841;50280377;31363055;96126;34287741
FR;0;2022-01-26;28145;60502;209283;1297;229485;54038986;50340879;31572338;97423;34517226
FR;0;2022-01-27;16325;46380;207645;1277;225962;54055311;50387259;31779983;98700;34743188
FR;0;2022-01-28;21583;78681;290053;1572;321384;54076894;50465940;32070036;100272;35064572
FR;0;2022-01-29;18420;52893;184127;688;204582;54095314;50518833;32254163;100960;35269154
FR;0;2022-01-30;4474;14506;39141;124;45084;54099788;50533339;32293304;101084;35314238
FR;0;2022-01-31;11257;43962;148200;741;164768;54111045;50577301;32441504;101825;35479006
FR;0;2022-02-01;13613;48382;174121;1143;191401;54124658;50625683;32615625;102968;35670407
FR;0;2022-02-02;20565;66383;171531;1034;190120;54145223;50692066;32787156;104002;35860527
FR;0;2022-02-03;11465;44786;157553;989;173320;54156688;50736852;32944709;104991;36033847
FR;0;2022-02-04;14623;66514;239249;1266;264153;54171311;50803366;33183958;106257;36298000
FR;0;2022-02-05;12897;51483;153548;523;172328;54184208;50854849;33337506;106780;36470328
FR;0;2022-02-06;2722;12183;28892;101;33837;54186930;50867032;33366398;106881;36504165
FR;0;2022-02-07;9561;46693;156866;591;176303;54196491;50913725;33523264;107472;36680468
FR;0;2022-02-08;9795;43075;166620;867;184413;54206286;50956800;33689884;108339;36864881
FR;0;2022-02-09;14372;58241;172335;872;193043;54220658;51015041;33862219;109211;37057924
FR;0;2022-02-10;8714;39123;150231;878;166705;54229372;51054164;34012450;110089;37224629
FR;0;2022-02-11;10857;55666;218503;1101;243096;54240229;51109830;34230953;111190;37467725
FR;0;2022-02-12;8399;40954;134722;464;151750;54248628;51150784;34365675;111654;37619475
FR;0;2022-02-13;1915;8600;26564;86;30924;54250543;51159384;34392239;111740;37650399
FR;0;2022-02-14;6986;35242;148367;482;166362;54257529;51194626;34540606;112222;37816761
FR;0;2022-02-15;7055;36211;146976;751;162562;54264584;51230837;34687582;112973;37979323
FR;0;2022-02-16;9404;42965;132532;720;146750;54273988;51273802;34820114;113693;38126073
FR;0;2022-02-17;5575;24321;87297;585;94871;54279563;51298123;34907411;114278;38220944
FR;0;2022-02-18;6992;33571;119659;804;129323;54286555;51331694;35027070;115082;38350267
FR;0;2022-02-19;5369;24548;70023;370;77333;54291924;51356242;35097093;115452;38427600
FR;0;2022-02-20;1146;4650;12171;39;13950;54293070;51360892;35109264;115491;38441550
FR;0;2022-02-21;4090;17881;61952;351;67179;54297160;51378773;35171216;115842;38508729
FR;0;2022-02-22;4450;18647;60830;576;64470;54301610;51397420;35232046;116418;38573199
FR;0;2022-02-23;6587;27345;66493;591;71890;54308197;51424765;35298539;117009;38645089
FR;0;2022-02-24;3848;15468;50421;518;53242;54312045;51440233;35348960;117527;38698331
FR;0;2022-02-25;5278;24037;76359;803;80092;54317323;51464270;35425319;118330;38778423
FR;0;2022-02-26;3990;17764;47414;359;51481;54321313;51482034;35472733;118689;38829904
FR;0;2022-02-27;879;3007;8035;47;8946;54322192;51485041;35480768;118736;38838850
FR;0;2022-02-28;3123;12537;40481;359;42914;54325315;51497578;35521249;119095;38881764
FR;0;2022-03-01;3963;12599;44189;436;44860;54329278;51510177;35565438;119531;38926624
FR;0;2022-03-02;5310;17789;47134;445;49067;54334588;51527966;35612572;119976;38975691
FR;0;2022-03-03;2813;9335;29890;368;30013;54337401;51537301;35642462;120344;39005704
FR;0;2022-03-04;3223;12411;40301;665;39452;54340624;51549712;35682763;121009;39045156
FR;0;2022-03-05;3071;9278;24953;309;25115;54343695;51558990;35707716;121318;39070271
FR;0;2022-03-06;520;1399;3197;43;3440;54344215;51560389;35710913;121361;39073711
FR;0;2022-03-07;2312;5622;18427;315;17696;54346527;51566011;35729340;121676;39091407
FR;0;2022-03-08;2113;6071;19446;361;17915;54348640;51572082;35748786;122037;39109322
FR;0;2022-03-09;3573;10500;22180;405;21278;54352213;51582582;35770966;122442;39130600
FR;0;2022-03-10;1820;5791;16987;344;15814;54354033;51588373;35787953;122786;39146414
FR;0;2022-03-11;2414;7550;24495;541;22262;54356447;51595923;35812448;123327;39168676
FR;0;2022-03-12;2672;6774;17158;308;16513;54359119;51602697;35829606;123635;39185189
FR;0;2022-03-13;398;790;2323;149;2272;54359517;51603487;35831929;123784;39187461
FR;0;2022-03-14;1542;4268;14976;4409;13831;54361059;51607755;35846905;128193;39201292
FR;0;2022-03-15;1729;6281;16371;7552;14600;54362788;51614036;35863276;135745;39215892
FR;0;2022-03-16;3028;7390;19423;13136;18100;54365816;51621426;35882699;148881;39233992
FR;0;2022-03-17;1451;3976;13141;10847;11984;54367267;51625402;35895840;159728;39245976
FR;0;2022-03-18;2267;5751;19998;18298;18093;54369534;51631153;35915838;178026;39264069
FR;0;2022-03-19;2289;4803;13114;9401;12416;54371823;51635956;35928952;187427;39276485
FR;0;2022-03-20;300;734;1919;1073;1930;54372123;51636690;35930871;188500;39278415
FR;0;2022-03-21;1392;3214;12718;14937;11941;54373515;51639904;35943589;203437;39290356
FR;0;2022-03-22;1504;3729;13793;20541;12550;54375019;51643633;35957382;223978;39302906
FR;0;2022-03-23;2678;6274;17719;23150;17234;54377697;51649907;35975101;247128;39320140
FR;0;2022-03-24;1402;3153;11588;17608;10674;54379099;51653060;35986689;264736;39330814
FR;0;2022-03-25;2081;5149;18562;27758;16901;54381180;51658209;36005251;292494;39347715
FR;0;2022-03-26;2230;4411;12077;12678;11517;54383410;51662620;36017328;305172;39359232
FR;0;2022-03-27;360;689;1906;1481;1940;54383770;51663309;36019234;306653;39361172
FR;0;2022-03-28;1460;3072;11122;17487;10614;54385230;51666381;36030356;324140;39371786
FR;0;2022-03-29;1451;3267;12900;27561;12041;54386681;51669648;36043256;351701;39383827
FR;0;2022-03-30;2847;5496;15676;27370;15068;54389528;51675144;36058932;379071;39398895
FR;0;2022-03-31;1609;3561;12976;24984;12310;54391137;51678705;36071908;404055;39411205
FR;0;2022-04-01;2672;4579;20050;30870;18692;54393809;51683284;36091958;434925;39429897
FR;0;2022-04-02;1524;2636;9046;10115;8704;54395333;51685920;36101004;445040;39438601
FR;0;2022-04-03;288;513;1561;1169;1578;54395621;51686433;36102565;446209;39440179
FR;0;2022-04-04;2132;2869;12365;19111;11570;54397753;51689302;36114930;465320;39451749
FR;0;2022-04-05;1976;3139;14333;34090;13185;54399729;51692441;36129263;499410;39464934
FR;0;2022-04-06;2340;3916;13529;26475;12797;54402069;51696357;36142792;525885;39477731
FR;0;2022-04-07;1563;3092;13664;33756;12876;54403632;51699449;36156456;559641;39490607
FR;0;2022-04-08;2073;4225;19212;43932;17817;54405705;51703674;36175668;603573;39508424
FR;0;2022-04-09;1363;2674;9311;13560;8863;54407068;51706348;36184979;617133;39517287
FR;0;2022-04-10;289;671;1982;2014;2002;54407357;51707019;36186961;619147;39519289
FR;0;2022-04-11;1301;2598;11863;23886;11471;54408658;51709617;36198824;643033;39530760
FR;0;2022-04-12;1674;3016;14012;40887;13383;54410332;51712633;36212836;683920;39544143
FR;0;2022-04-13;1949;3668;13405;33075;13023;54412281;51716301;36226241;716995;39557166
FR;0;2022-04-14;1487;2886;13181;36257;13027;54413768;51719187;36239422;753252;39570193
FR;0;2022-04-15;1849;3448;15618;35504;14865;54415617;51722635;36255040;788756;39585058
FR;0;2022-04-16;1041;1827;6395;8535;6251;54416658;51724462;36261435;797291;39591309
FR;0;2022-04-17;193;331;992;1172;1035;54416851;51724793;36262427;798463;39592344
FR;0;2022-04-18;195;527;2764;1069;2783;54417046;51725320;36265191;799532;39595127
FR;0;2022-04-19;1519;3002;12903;29611;12464;54418565;51728322;36278094;829143;39607591
FR;0;2022-04-20;1981;3446;13297;29028;12971;54420546;51731768;36291391;858171;39620562
FR;0;2022-04-21;1507;2843;12531;35145;12605;54422053;51734611;36303922;893316;39633167
FR;0;2022-04-22;1862;3600;16465;37586;15827;54423915;51738211;36320387;930902;39648994
FR;0;2022-04-23;1144;2060;7382;10655;7233;54425059;51740271;36327769;941557;39656227
FR;0;2022-04-24;250;458;1475;1588;1410;54425309;51740729;36329244;943145;39657637
FR;0;2022-04-25;1301;2526;10676;21011;10481;54426610;51743255;36339920;964156;39668118
FR;0;2022-04-26;1617;2999;13653;38562;13102;54428227;51746254;36353573;1002718;39681220
FR;0;2022-04-27;1955;3057;11528;30958;11586;54430182;51749311;36365101;1033676;39692806
FR;0;2022-04-28;1563;2747;12525;36181;12265;54431745;51752058;36377626;1069857;39705071
FR;0;2022-04-29;2006;4390;15544;37223;14910;54433751;51756448;36393170;1107080;39719981
FR;0;2022-04-30;1210;1921;6926;9705;6753;54434961;51758369;36400096;1116785;39726734
FR;0;2022-05-01;217;321;913;995;907;54435178;51758690;36401009;1117780;39727641
FR;0;2022-05-02;1857;2923;11145;18129;10963;54437035;51761613;36412154;1135909;39738604
FR;0;2022-05-03;1876;3237;13716;34661;13557;54438911;51764850;36425870;1170570;39752161
FR;0;2022-05-04;1888;3275;12174;25621;12287;54440799;51768125;36438044;1196191;39764448
FR;0;2022-05-05;1753;2892;13033;33532;12880;54442552;51771017;36451077;1229723;39777328
FR;0;2022-05-06;2205;3652;15336;36741;14829;54444757;51774669;36466413;1266464;39792157
FR;0;2022-05-07;1202;1776;6460;9606;6450;54445959;51776445;36472873;1276070;39798607
FR;0;2022-05-08;266;398;1172;1546;1233;54446225;51776843;36474045;1277616;39799840
FR;0;2022-05-09;1346;2290;9919;20250;9788;54447571;51779133;36483964;1297866;39809628
FR;0;2022-05-10;1747;3165;13556;38904;13112;54449318;51782298;36497520;1336770;39822740
FR;0;2022-05-11;1989;2979;10741;27905;10686;54451307;51785277;36508261;1364675;39833426
FR;0;2022-05-12;1576;2690;11365;35671;11036;54452883;51787967;36519626;1400346;39844462
FR;0;2022-05-13;1966;3205;13746;37840;13332;54454849;51791172;36533372;1438186;39857794
FR;0;2022-05-14;1146;1626;5937;10772;5798;54455995;51792798;36539309;1448958;39863592
FR;0;2022-05-15;280;470;1279;1436;1360;54456275;51793268;36540588;1450394;39864952
FR;0;2022-05-16;1191;2025;8679;20991;8674;54457466;51795293;36549267;1471385;39873626
FR;0;2022-05-17;1582;2587;11814;37840;11393;54459048;51797880;36561081;1509225;39885019
FR;0;2022-05-18;1805;2632;9682;27131;9656;54460853;51800512;36570763;1536356;39894675
FR;0;2022-05-19;1434;2640;10566;35823;10704;54462287;51803152;36581329;1572179;39905379
FR;0;2022-05-20;1872;3106;13411;39349;12901;54464159;51806258;36594740;1611528;39918280
FR;0;2022-05-21;1158;1703;5660;9896;5532;54465317;51807961;36600400;1621424;39923812
FR;0;2022-05-22;238;337;1025;1437;1012;54465555;51808298;36601425;1622861;39924824
FR;0;2022-05-23;1172;2112;8876;20340;8826;54466727;51810410;36610301;1643201;39933650
FR;0;2022-05-24;1536;2752;11354;38847;11225;54468263;51813162;36621655;1682048;39944875
FR;0;2022-05-25;1812;2817;9337;24812;9469;54470075;51815979;36630992;1706860;39954344
FR;0;2022-05-26;207;413;1656;1191;1666;54470282;51816392;36632648;1708051;39956010
FR;0;2022-05-27;1374;2454;9252;21269;8993;54471656;51818846;36641900;1729320;39965003
FR;0;2022-05-28;663;1254;3912;6781;3962;54472319;51820100;36645812;1736101;39968965
FR;0;2022-05-29;155;315;751;915;772;54472474;51820415;36646563;1737016;39969737
FR;0;2022-05-30;1022;1944;6992;19289;7006;54473496;51822359;36653555;1756305;39976743
FR;0;2022-05-31;1487;2492;9814;35649;9635;54474983;51824851;36663369;1791954;39986378
FR;0;2022-06-01;1718;3085;11018;24523;10884;54476701;51827936;36674387;1816477;39997262
FR;0;2022-06-02;1469;2603;11305;35529;10849;54478170;51830539;36685692;1852006;40008111
FR;0;2022-06-03;1716;3061;13378;38705;12741;54479886;51833600;36699070;1890711;40020852
FR;0;2022-06-04;968;1513;5040;9109;5113;54480854;51835113;36704110;1899820;40025965
FR;0;2022-06-05;176;329;873;1106;883;54481030;51835442;36704983;1900926;40026848
FR;0;2022-06-06;372;1115;2107;1258;2119;54481402;51836557;36707090;1902184;40028967
FR;0;2022-06-07;1373;2663;9845;35570;9424;54482775;51839220;36716935;1937754;40038391
FR;0;2022-06-08;1546;2680;9159;28709;9002;54484321;51841900;36726094;1966463;40047393
FR;0;2022-06-09;1280;2429;10609;39454;10251;54485601;51844329;36736703;2005917;40057644
FR;0;2022-06-10;1619;2889;13069;44785;12614;54487220;51847218;36749772;2050702;40070258
FR;0;2022-06-11;955;1730;5431;11621;5464;54488175;51848948;36755203;2062323;40075722
FR;0;2022-06-12;196;438;1072;1761;1133;54488371;51849386;36756275;2064084;40076855
FR;0;2022-06-13;1077;2051;7430;23173;7261;54489448;51851437;36763705;2087257;40084116
FR;0;2022-06-14;1312;2486;10442;44922;9797;54490760;51853923;36774147;2132179;40093913
FR;0;2022-06-15;1497;2409;9310;30873;8942;54492257;51856332;36783457;2163052;40102855
FR;0;2022-06-16;1161;2015;9903;39882;9311;54493418;51858347;36793360;2202934;40112166
FR;0;2022-06-17;1473;2825;12457;46598;11887;54494891;51861172;36805817;2249532;40124053
FR;0;2022-06-18;852;1514;4563;11123;4497;54495743;51862686;36810380;2260655;40128550
FR;0;2022-06-19;180;361;1058;1615;1130;54495923;51863047;36811438;2262270;40129680
FR;0;2022-06-20;1019;1910;8905;26062;8564;54496942;51864957;36820343;2288332;40138244
FR;0;2022-06-21;1320;2392;10299;49874;9328;54498262;51867349;36830642;2338206;40147572
FR;0;2022-06-22;1378;2479;8908;39031;8412;54499640;51869828;36839550;2377237;40155984
FR;0;2022-06-23;1219;2345;10673;55076;9882;54500859;51872173;36850223;2432313;40165866
FR;0;2022-06-24;1483;2977;13640;69143;12301;54502342;51875150;36863863;2501456;40178167
FR;0;2022-06-25;933;1776;6225;19913;5979;54503275;51876926;36870088;2521369;40184146
FR;0;2022-06-26;228;457;1951;3686;1812;54503503;51877383;36872039;2525055;40185958
FR;0;2022-06-27;1127;2013;10490;48465;9632;54504630;51879396;36882529;2573520;40195590
FR;0;2022-06-28;1453;2806;14658;91316;13080;54506083;51882202;36897187;2664836;40208670
FR;0;2022-06-29;1699;2818;12287;71841;11235;54507782;51885020;36909474;2736677;40219905
FR;0;2022-06-30;1523;2681;14384;95147;12465;54509305;51887701;36923858;2831824;40232370
FR;0;2022-07-01;1987;3786;21458;115918;18815;54511292;51891487;36945316;2947742;40251185
FR;0;2022-07-02;1077;1853;8518;35744;7698;54512369;51893340;36953834;2983486;40258883
FR;0;2022-07-03;290;538;2091;6452;1893;54512659;51893878;36955925;2989938;40260776
FR;0;2022-07-04;1548;3108;14678;79189;12947;54514207;51896986;36970603;3069127;40273723
FR;0;2022-07-05;1696;3099;18810;133202;15989;54515903;51900085;36989413;3202329;40289712
FR;0;2022-07-06;1806;2755;15844;99535;13632;54517709;51902840;37005257;3301864;40303344
FR;0;2022-07-07;1697;2857;17983;125918;14759;54519406;51905697;37023240;3427782;40318103
FR;0;2022-07-08;1883;3141;20742;137050;16754;54521289;51908838;37043982;3564832;40334857
FR;0;2022-07-09;865;1450;7738;37910;6684;54522154;51910288;37051720;3602742;40341541
FR;0;2022-07-10;261;508;2344;6999;2125;54522415;51910796;37054064;3609741;40343666
FR;0;2022-07-11;1412;2439;15008;88211;12490;54523827;51913235;37069072;3697952;40356156
FR;0;2022-07-12;1785;3077;20513;143879;16706;54525612;51916312;37089585;3841831;40372862
FR;0;2022-07-13;1715;2699;15678;94503;13248;54527327;51919011;37105263;3936334;40386110
FR;0;2022-07-14;178;360;1949;5531;1829;54527505;51919371;37107212;3941865;40387939
FR;0;2022-07-15;1469;2549;15107;84425;12591;54528974;51921920;37122319;4026290;40400530
FR;0;2022-07-16;615;1170;5939;24971;5145;54529589;51923090;37128258;4051261;40405675
FR;0;2022-07-17;175;389;1735;4659;1566;54529764;51923479;37129993;4055920;40407241
FR;0;2022-07-18;1126;2236;11818;61791;9963;54530890;51925715;37141811;4117711;40417204
FR;0;2022-07-19;1409;2336;15463;103644;12283;54532299;51928051;37157274;4221355;40429487
FR;0;2022-07-20;1405;2278;12938;77544;10714;54533704;51930329;37170212;4298899;40440201
FR;0;2022-07-21;1269;2148;13076;88169;10478;54534973;51932477;37183288;4387068;40450679
FR;0;2022-07-22;1391;2436;14798;89425;11946;54536364;51934913;37198086;4476493;40462625
FR;0;2022-07-23;668;1298;5525;22474;4852;54537032;51936211;37203611;4498967;40467477
FR;0;2022-07-24;183;346;1396;3900;1237;54537215;51936557;37205007;4502867;40468714
FR;0;2022-07-25;1051;1783;9479;48049;7827;54538266;51938340;37214486;4550916;40476541
FR;0;2022-07-26;1286;2204;13293;85398;10818;54539552;51940544;37227779;4636314;40487359
FR;0;2022-07-27;1216;1989;10212;61200;8505;54540768;51942533;37237991;4697514;40495864
FR;0;2022-07-28;1083;1850;10294;64340;8204;54541851;51944383;37248285;4761854;40504068
FR;0;2022-07-29;1280;2027;10971;65799;8727;54543131;51946410;37259256;4827653;40512795
FR;0;2022-07-30;496;846;3512;15264;2967;54543627;51947256;37262768;4842917;40515762
FR;0;2022-07-31;150;281;929;2437;788;54543777;51947537;37263697;4845354;40516550
FR;0;2022-08-01;821;1437;7574;30222;6367;54544598;51948974;37271271;4875576;40522917
FR;0;2022-08-02;1013;1620;8551;56058;6863;54545611;51950594;37279822;4931634;40529780
FR;0;2022-08-03;827;1237;6400;38651;5120;54546438;51951831;37286222;4970285;40534900
FR;0;2022-08-04;727;1170;6561;43084;5287;54547165;51953001;37292783;5013369;40540187
FR;0;2022-08-05;846;1352;7079;44908;5650;54548011;51954353;37299862;5058277;40545837
FR;0;2022-08-06;334;552;2098;9362;1755;54548345;51954905;37301960;5067639;40547592
FR;0;2022-08-07;98;153;534;1620;452;54548443;51955058;37302494;5069259;40548044
FR;0;2022-08-08;547;904;4001;22084;3255;54548990;51955962;37306495;5091343;40551299
FR;0;2022-08-09;682;1123;5957;39925;4790;54549672;51957085;37312452;5131268;40556089
FR;0;2022-08-10;620;1080;4644;28011;3779;54550292;51958165;37317096;5159279;40559868
FR;0;2022-08-11;611;1008;4475;29179;3687;54550903;51959173;37321571;5188458;40563555
FR;0;2022-08-12;703;1138;4732;28195;3906;54551606;51960311;37326303;5216653;40567461
FR;0;2022-08-13;207;403;1293;5250;1115;54551813;51960714;37327596;5221903;40568576
FR;0;2022-08-14;68;117;284;918;242;54551881;51960831;37327880;5222821;40568818
FR;0;2022-08-15;75;168;595;562;543;54551956;51960999;37328475;5223383;40569361
FR;0;2022-08-16;617;1042;3943;22141;3335;54552573;51962041;37332418;5245524;40572696
FR;0;2022-08-17;623;993;3876;22841;3279;54553196;51963034;37336294;5268365;40575975
FR;0;2022-08-18;603;962;4076;26271;3217;54553799;51963996;37340370;5294636;40579192
FR;0;2022-08-19;600;1146;4476;27212;3679;54554399;51965142;37344846;5321848;40582871
FR;0;2022-08-20;287;477;1342;5556;1153;54554686;51965619;37346188;5327404;40584024
FR;0;2022-08-21;93;132;299;1007;263;54554779;51965751;37346487;5328411;40584287
FR;0;2022-08-22;542;973;3264;15331;2788;54555321;51966724;37349751;5343742;40587075
FR;0;2022-08-23;704;1158;4284;28986;3599;54556025;51967882;37354035;5372728;40590674
FR;0;2022-08-24;647;920;3481;19518;2843;54556672;51968802;37357516;5392246;40593517
FR;0;2022-08-25;618;1001;3920;23375;3267;54557290;51969803;37361436;5415621;40596784
FR;0;2022-08-26;846;1244;4465;25867;3655;54558136;51971047;37365901;5441488;40600439
FR;0;2022-08-27;291;493;1376;5457;1242;54558427;51971540;37367277;5446945;40601681
FR;0;2022-08-28;121;158;301;915;285;54558548;51971698;37367578;5447860;40601966
FR;0;2022-08-29;610;954;3065;14618;2602;54559158;51972652;37370643;5462478;40604568
FR;0;2022-08-30;840;1197;4781;28504;3903;54559998;51973849;37375424;5490982;40608471
FR;0;2022-08-31;679;926;3186;17585;2700;54560677;51974775;37378610;5508567;40611171
FR;0;2022-09-01;700;948;4418;22434;3762;54561377;51975723;37383028;5531001;40614933
FR;0;2022-09-02;860;1116;5019;28586;4231;54562237;51976839;37388047;5559587;40619164
FR;0;2022-09-03;405;553;1909;6073;1652;54562642;51977392;37389956;5565660;40620816
FR;0;2022-09-04;126;146;349;871;345;54562768;51977538;37390305;5566531;40621161
FR;0;2022-09-05;597;666;3099;16038;2577;54563365;51978204;37393404;5582569;40623738
FR;0;2022-09-06;785;995;4691;31785;3825;54564150;51979199;37398095;5614354;40627563
FR;0;2022-09-07;629;752;2985;16765;2466;54564779;51979951;37401080;5631119;40630029
FR;0;2022-09-08;609;836;3785;24803;3120;54565388;51980787;37404865;5655922;40633149
FR;0;2022-09-09;821;994;4392;27510;3631;54566209;51981781;37409257;5683432;40636780
FR;0;2022-09-10;368;527;1724;5690;1525;54566577;51982308;37410981;5689122;40638305
FR;0;2022-09-11;117;127;316;653;301;54566694;51982435;37411297;5689775;40638606
FR;0;2022-09-12;479;592;2649;13260;2257;54567173;51983027;37413946;5703035;40640863
FR;0;2022-09-13;600;822;3969;26317;3400;54567773;51983849;37417915;5729352;40644263
FR;0;2022-09-14;646;758;2929;16096;2441;54568419;51984607;37420844;5745448;40646704
FR;0;2022-09-15;542;757;3425;23474;2895;54568961;51985364;37424269;5768922;40649599
FR;0;2022-09-16;778;1019;4114;25807;3450;54569739;51986383;37428383;5794729;40653049
FR;0;2022-09-17;381;482;1439;6122;1272;54570120;51986865;37429822;5800851;40654321
FR;0;2022-09-18;112;135;323;956;290;54570232;51987000;37430145;5801807;40654611
FR;0;2022-09-19;437;621;2238;13164;1911;54570669;51987621;37432383;5814971;40656522
FR;0;2022-09-20;621;850;3742;26300;3117;54571290;51988471;37436125;5841271;40659639
FR;0;2022-09-21;569;755;2717;16219;2337;54571859;51989226;37438842;5857490;40661976
FR;0;2022-09-22;575;804;3364;23511;2739;54572434;51990030;37442206;5881001;40664715
FR;0;2022-09-23;810;1022;4465;28613;3736;54573244;51991052;37446671;5909614;40668451
FR;0;2022-09-24;416;600;1625;6887;1396;54573660;51991652;37448296;5916501;40669847
FR;0;2022-09-25;91;180;331;1100;302;54573751;51991832;37448627;5917601;40670149
FR;0;2022-09-26;420;675;2253;13410;1985;54574171;51992507;37450880;5931011;40672134
FR;0;2022-09-27;602;823;3591;25900;2870;54574773;51993330;37454471;5956911;40675004
FR;0;2022-09-28;612;810;2538;15372;2282;54575385;51994140;37457009;5972283;40677286
FR;0;2022-09-29;551;748;3081;20889;2588;54575936;51994888;37460090;5993172;40679874
FR;0;2022-09-30;752;1076;3909;25462;3255;54576688;51995964;37463999;6018634;40683129
FR;0;2022-10-01;382;592;1774;5930;1514;54577070;51996556;37465773;6024564;40684643
FR;0;2022-10-02;51;125;213;632;207;54577121;51996681;37465986;6025196;40684850
FR;0;2022-10-03;421;589;2258;11960;1974;54577542;51997270;37468244;6037156;40686824
FR;0;2022-10-04;592;744;3129;23436;2534;54578134;51998014;37471373;6060592;40689358
FR;0;2022-10-05;523;771;2308;14517;2026;54578657;51998785;37473681;6075109;40691384
FR;0;2022-10-06;511;683;2969;21536;2416;54579168;51999468;37476650;6096645;40693800
FR;0;2022-10-07;701;947;3973;30141;3330;54579869;52000415;37480623;6126786;40697130
FR;0;2022-10-08;330;502;1564;8356;1327;54580199;52000917;37482187;6135142;40698457
FR;0;2022-10-09;103;133;327;1567;300;54580302;52001050;37482514;6136709;40698757
FR;0;2022-10-10;443;624;2501;20213;2107;54580745;52001674;37485015;6156922;40700864
FR;0;2022-10-11;554;758;4144;39846;3433;54581299;52002432;37489159;6196768;40704297
FR;0;2022-10-12;540;762;3138;26475;2647;54581839;52003194;37492297;6223243;40706944
FR;0;2022-10-13;583;717;3882;37994;2998;54582422;52003911;37496179;6261237;40709942
FR;0;2022-10-14;729;998;4725;47193;3811;54583151;52004909;37500904;6308430;40713753
FR;0;2022-10-15;323;452;1718;11687;1492;54583474;52005361;37502622;6320117;40715245
FR;0;2022-10-16;84;116;341;1906;326;54583558;52005477;37502963;6322023;40715571
FR;0;2022-10-17;402;636;2788;25938;2224;54583960;52006113;37505751;6347961;40717795
FR;0;2022-10-18;560;682;4383;44965;3465;54584520;52006795;37510134;6392926;40721260
FR;0;2022-10-19;524;728;3388;33339;2811;54585044;52007523;37513522;6426265;40724071
FR;0;2022-10-20;524;664;4340;46550;3242;54585568;52008187;37517862;6472815;40727313
