fra;vaccin;jour;n_dose1;n_dose2;n_cum_dose1;n_cum_dose2
FR;1;2020-12-27;207;0;207;0
FR;1;2020-12-28;224;0;431;0
FR;1;2020-12-29;171;0;602;0
FR;1;2020-12-30;191;0;793;0
FR;1;2020-12-31;159;0;952;0
FR;1;2021-01-01;173;0;1125;0
FR;1;2021-01-02;149;0;1274;0
FR;1;2021-01-03;180;0;1454;0
FR;1;2021-01-04;1615;0;3069;0
FR;1;2021-01-05;5579;0;8648;0
FR;1;2021-01-06;11467;0;20115;0
FR;1;2021-01-07;28898;0;49013;0
FR;1;2021-01-08;36568;0;85581;0
FR;1;2021-01-09;11025;0;96606;0
FR;1;2021-01-10;5715;0;102321;0
FR;1;2021-01-11;39427;0;141748;0
FR;1;2021-01-12;61378;0;203126;0
FR;1;2021-01-13;64376;0;267502;0
FR;1;2021-01-14;80527;0;348029;0
FR;1;2021-01-15;67950;0;415979;0
FR;1;2021-01-16;19690;77;435669;77
FR;1;2021-01-17;10591;42;446260;119
FR;1;2021-01-18;82074;161;528334;280
FR;1;2021-01-19;124948;125;653282;405
FR;1;2021-01-20;131331;157;784613;562
FR;1;2021-01-21;151525;133;936138;695
FR;1;2021-01-22;114878;160;1051016;855
FR;1;2021-01-23;36306;50;1087322;905
FR;1;2021-01-24;9360;27;1096682;932
FR;1;2021-01-25;73708;1215;1170390;2147
FR;1;2021-01-26;95764;3109;1266154;5256
FR;1;2021-01-27;102917;5593;1369071;10849
FR;1;2021-01-28;119783;14357;1488854;25206
FR;1;2021-01-29;88270;17282;1577124;42488
FR;1;2021-01-30;27755;4224;1604879;46712
FR;1;2021-01-31;4980;1679;1609859;48391
FR;1;2021-02-01;48686;21121;1658545;69512
FR;1;2021-02-02;66966;34559;1725511;104071
FR;1;2021-02-03;66419;36957;1791930;141028
FR;1;2021-02-04;76377;50040;1868307;191068
FR;1;2021-02-05;62874;45326;1931181;236394
FR;1;2021-02-06;19167;10393;1950348;246787
FR;1;2021-02-07;3506;5041;1953854;251828
FR;1;2021-02-08;36080;45965;1989934;297793
FR;1;2021-02-09;50330;72389;2040264;370182
FR;1;2021-02-10;51266;76672;2091530;446854
FR;1;2021-02-11;62708;99073;2154238;545927
FR;1;2021-02-12;55265;73976;2209503;619903
FR;1;2021-02-13;15248;19263;2224751;639166
FR;1;2021-02-14;3503;7191;2228254;646357
FR;1;2021-02-15;23761;73435;2252015;719792
FR;1;2021-02-16;32319;96847;2284334;816639
FR;1;2021-02-17;34617;98585;2318951;915224
FR;1;2021-02-18;48768;113433;2367719;1028657
FR;1;2021-02-19;44878;86421;2412597;1115078
FR;1;2021-02-20;13174;26912;2425771;1141990
FR;1;2021-02-21;2218;6286;2427989;1148276
FR;1;2021-02-22;24270;69417;2452259;1217693
FR;1;2021-02-23;36965;80358;2489224;1298051
FR;1;2021-02-24;39975;77648;2529199;1375699
FR;1;2021-02-25;49538;87949;2578737;1463648
FR;1;2021-02-26;46569;67887;2625306;1531535
FR;1;2021-02-27;15383;20931;2640689;1552466
FR;1;2021-02-28;3322;4385;2644011;1556851
FR;1;2021-03-01;39167;49013;2683178;1605864
FR;1;2021-03-02;55179;61512;2738357;1667376
FR;1;2021-03-03;60144;60648;2798501;1728024
FR;1;2021-03-04;72032;64894;2870533;1792918
FR;1;2021-03-05;73786;59261;2944319;1852179
FR;1;2021-03-06;81854;16084;3026173;1868263
FR;1;2021-03-07;63259;5413;3089432;1873676
FR;1;2021-03-08;59345;42463;3148777;1916139
FR;1;2021-03-09;85098;48317;3233875;1964456
FR;1;2021-03-10;89736;48064;3323611;2012520
FR;1;2021-03-11;103926;53855;3427537;2066375
FR;1;2021-03-12;103057;45290;3530594;2111665
FR;1;2021-03-13;88286;12744;3618880;2124409
FR;1;2021-03-14;43982;3028;3662862;2127437
FR;1;2021-03-15;94498;29119;3757360;2156556
FR;1;2021-03-16;122675;34891;3880035;2191447
FR;1;2021-03-17;128409;34831;4008444;2226278
FR;1;2021-03-18;141859;39714;4150303;2265992
FR;1;2021-03-19;135249;32898;4285552;2298890
FR;1;2021-03-20;75409;10208;4360961;2309098
FR;1;2021-03-21;26057;2475;4387018;2311573
FR;1;2021-03-22;113751;31175;4500769;2342748
FR;1;2021-03-23;141937;38171;4642706;2380919
FR;1;2021-03-24;140859;38773;4783565;2419692
FR;1;2021-03-25;163923;39620;4947488;2459312
FR;1;2021-03-26;165440;37492;5112928;2496804
FR;1;2021-03-27;110318;15253;5223246;2512057
FR;1;2021-03-28;41951;3621;5265197;2515678
FR;1;2021-03-29;129081;49950;5394278;2565628
FR;1;2021-03-30;166597;63581;5560875;2629209
FR;1;2021-03-31;169831;66899;5730706;2696108
FR;1;2021-04-01;192562;79245;5923268;2775353
FR;1;2021-04-02;163311;84314;6086579;2859667
FR;1;2021-04-03;87499;58170;6174078;2917837
FR;1;2021-04-04;32571;17732;6206649;2935569
FR;1;2021-04-05;42858;10176;6249507;2945745
FR;1;2021-04-06;158834;100873;6408341;3046618
FR;1;2021-04-07;195281;108250;6603622;3154868
FR;1;2021-04-08;220082;112382;6823704;3267250
FR;1;2021-04-09;212799;107500;7036503;3374750
FR;1;2021-04-10;116354;73456;7152857;3448206
FR;1;2021-04-11;40311;30283;7193168;3478489
FR;1;2021-04-12;167205;103782;7360373;3582271
FR;1;2021-04-13;202196;128243;7562569;3710514
FR;1;2021-04-14;206540;122806;7769109;3833320
FR;1;2021-04-15;219332;126756;7988441;3960076
FR;1;2021-04-16;204698;125143;8193139;4085219
FR;1;2021-04-17;121363;67481;8314502;4152700
FR;1;2021-04-18;35457;20992;8349959;4173692
FR;1;2021-04-19;162512;121910;8512471;4295602
FR;1;2021-04-20;187805;148766;8700276;4444368
FR;1;2021-04-21;192414;146706;8892690;4591074
FR;1;2021-04-22;207399;162632;9100089;4753706
FR;1;2021-04-23;197604;156928;9297693;4910634
FR;1;2021-04-24;125416;95505;9423109;5006139
FR;1;2021-04-25;53094;30130;9476203;5036269
FR;1;2021-04-26;179956;138269;9656159;5174538
FR;1;2021-04-27;219873;161972;9876032;5336510
FR;1;2021-04-28;236806;155109;10112838;5491619
FR;1;2021-04-29;268500;160061;10381338;5651680
FR;1;2021-04-30;270234;148148;10651572;5799828
FR;1;2021-05-01;138843;40710;10790415;5840538
FR;1;2021-05-02;80740;28151;10871155;5868689
FR;1;2021-05-03;248150;146457;11119305;6015146
FR;1;2021-05-04;263381;186833;11382686;6201979
FR;1;2021-05-05;280342;184563;11663028;6386542
FR;1;2021-05-06;306866;183027;11969894;6569569
FR;1;2021-05-07;281878;195724;12251772;6765293
FR;1;2021-05-08;190389;48336;12442161;6813629
FR;1;2021-05-09;113405;36212;12555566;6849841
FR;1;2021-05-10;254303;194253;12809869;7044094
FR;1;2021-05-11;316333;211391;13126202;7255485
FR;1;2021-05-12;353349;185895;13479551;7441380
FR;1;2021-05-13;280890;47648;13760441;7489028
FR;1;2021-05-14;367454;128853;14127895;7617881
FR;1;2021-05-15;295139;66146;14423034;7684027
FR;1;2021-05-16;156722;15578;14579756;7699605
FR;1;2021-05-17;316554;116689;14896310;7816294
FR;1;2021-05-18;379651;111325;15275961;7927619
FR;1;2021-05-19;392532;102913;15668493;8030532
FR;1;2021-05-20;418517;96318;16087010;8126850
FR;1;2021-05-21;397081;97377;16484091;8224227
FR;1;2021-05-22;274122;42088;16758213;8266315
FR;1;2021-05-23;122313;11209;16880526;8277524
FR;1;2021-05-24;242589;26313;17123115;8303837
FR;1;2021-05-25;363564;131941;17486679;8435778
FR;1;2021-05-26;378314;125701;17864993;8561479
FR;1;2021-05-27;403625;128222;18268618;8689701
FR;1;2021-05-28;363826;145547;18632444;8835248
FR;1;2021-05-29;252763;80977;18885207;8916225
FR;1;2021-05-30;100248;22574;18985455;8938799
FR;1;2021-05-31;312449;148820;19297904;9087619
FR;1;2021-06-01;353473;166792;19651377;9254411
FR;1;2021-06-02;357995;153265;20009372;9407676
FR;1;2021-06-03;384373;147765;20393745;9555441
FR;1;2021-06-04;359598;175674;20753343;9731115
FR;1;2021-06-05;256343;112798;21009686;9843913
FR;1;2021-06-06;125157;37539;21134843;9881452
FR;1;2021-06-07;296075;208218;21430918;10089670
FR;1;2021-06-08;327172;221098;21758090;10310768
FR;1;2021-06-09;332272;212692;22090362;10523460
FR;1;2021-06-10;338010;202301;22428372;10725761
FR;1;2021-06-11;309093;235551;22737465;10961312
FR;1;2021-06-12;242223;150863;22979688;11112175
FR;1;2021-06-13;99424;61086;23079112;11173261
FR;1;2021-06-14;205082;289201;23284194;11462462
FR;1;2021-06-15;252385;282580;23536579;11745042
FR;1;2021-06-16;270225;270598;23806804;12015640
FR;1;2021-06-17;264904;244544;24071708;12260184
FR;1;2021-06-18;256997;296162;24328705;12556346
FR;1;2021-06-19;192198;209711;24520903;12766057
FR;1;2021-06-20;68818;89197;24589721;12855254
FR;1;2021-06-21;169661;320178;24759382;13175432
FR;1;2021-06-22;183320;347858;24942702;13523290
FR;1;2021-06-23;201314;339581;25144016;13862871
FR;1;2021-06-24;200878;281919;25344894;14144790
FR;1;2021-06-25;179469;372068;25524363;14516858
FR;1;2021-06-26;130238;278526;25654601;14795384
FR;1;2021-06-27;51778;123059;25706379;14918443
FR;1;2021-06-28;134724;368568;25841103;15287011
FR;1;2021-06-29;152986;389725;25994089;15676736
FR;1;2021-06-30;176723;378479;26170812;16055215
FR;1;2021-07-01;188429;332331;26359241;16387546
FR;1;2021-07-02;182273;367949;26541514;16755495
FR;1;2021-07-03;122327;280687;26663841;17036182
FR;1;2021-07-04;53086;113785;26716927;17149967
FR;1;2021-07-05;147426;356369;26864353;17506336
FR;1;2021-07-06;167800;382881;27032153;17889217
FR;1;2021-07-07;183835;362922;27215988;18252139
FR;1;2021-07-08;196657;323264;27412645;18575403
FR;1;2021-07-09;182952;386893;27595597;18962296
FR;1;2021-07-10;127318;281123;27722915;19243419
FR;1;2021-07-11;56682;102526;27779597;19345945
FR;1;2021-07-12;144276;417187;27923873;19763132
FR;1;2021-07-13;228968;439898;28152841;20203030
FR;1;2021-07-14;168163;151720;28321004;20354750
FR;1;2021-07-15;273121;424988;28594125;20779738
FR;1;2021-07-16;283126;401620;28877251;21181358
FR;1;2021-07-17;213550;282470;29090801;21463828
FR;1;2021-07-18;100884;107520;29191685;21571348
FR;1;2021-07-19;232334;379654;29424019;21951002
FR;1;2021-07-20;299580;381563;29723599;22332565
FR;1;2021-07-21;326509;354121;30050108;22686686
FR;1;2021-07-22;357649;319828;30407757;23006514
FR;1;2021-07-23;340839;343466;30748596;23349980
FR;1;2021-07-24;235785;241565;30984381;23591545
FR;1;2021-07-25;111271;76222;31095652;23667767
FR;1;2021-07-26;293582;290723;31389234;23958490
FR;1;2021-07-27;377906;269306;31767140;24227796
FR;1;2021-07-28;381637;251873;32148777;24479669
FR;1;2021-07-29;399372;228294;32548149;24707963
FR;1;2021-07-30;362057;247026;32910206;24954989
FR;1;2021-07-31;240190;165173;33150396;25120162
FR;1;2021-08-01;101366;47306;33251762;25167468
FR;1;2021-08-02;276803;213043;33528565;25380511
FR;1;2021-08-03;320138;209600;33848703;25590111
FR;1;2021-08-04;317923;184683;34166626;25774794
FR;1;2021-08-05;293061;193530;34459687;25968324
FR;1;2021-08-06;282174;224986;34741861;26193310
FR;1;2021-08-07;179084;159226;34920945;26352536
FR;1;2021-08-08;66675;59274;34987620;26411810
FR;1;2021-08-09;215409;236593;35203029;26648403
FR;1;2021-08-10;243370;241409;35446399;26889812
FR;2;2020-12-27;0;0;0;0
FR;2;2020-12-28;0;0;0;0
FR;2;2020-12-29;0;0;0;0
FR;2;2020-12-30;0;0;0;0
FR;2;2020-12-31;0;0;0;0
FR;2;2021-01-01;0;0;0;0
FR;2;2021-01-02;0;0;0;0
FR;2;2021-01-03;0;0;0;0
FR;2;2021-01-04;0;0;0;0
FR;2;2021-01-05;0;0;0;0
FR;2;2021-01-06;0;0;0;0
FR;2;2021-01-07;0;0;0;0
FR;2;2021-01-08;0;0;0;0
FR;2;2021-01-09;0;0;0;0
FR;2;2021-01-10;0;0;0;0
FR;2;2021-01-11;0;0;0;0
FR;2;2021-01-12;0;0;0;0
FR;2;2021-01-13;0;0;0;0
FR;2;2021-01-14;578;0;578;0
FR;2;2021-01-15;265;0;843;0
FR;2;2021-01-16;219;0;1062;0
FR;2;2021-01-17;26;0;1088;0
FR;2;2021-01-18;2966;0;4054;0
FR;2;2021-01-19;4568;0;8622;0
FR;2;2021-01-20;4987;0;13609;0
FR;2;2021-01-21;5186;0;18795;0
FR;2;2021-01-22;4955;0;23750;0
FR;2;2021-01-23;1768;0;25518;0
FR;2;2021-01-24;121;0;25639;0
FR;2;2021-01-25;3705;0;29344;0
FR;2;2021-01-26;3792;0;33136;0
FR;2;2021-01-27;3474;0;36610;0
FR;2;2021-01-28;3579;0;40189;0
FR;2;2021-01-29;3136;0;43325;0
FR;2;2021-01-30;1080;0;44405;0
FR;2;2021-01-31;11;0;44416;0
FR;2;2021-02-01;3298;0;47714;0
FR;2;2021-02-02;4349;0;52063;0
FR;2;2021-02-03;5067;0;57130;0
FR;2;2021-02-04;4783;3;61913;3
FR;2;2021-02-05;4664;6;66577;9
FR;2;2021-02-06;1956;3;68533;12
FR;2;2021-02-07;52;0;68585;12
FR;2;2021-02-08;7452;8;76037;20
FR;2;2021-02-09;8295;15;84332;35
FR;2;2021-02-10;9190;50;93522;85
FR;2;2021-02-11;10108;66;103630;151
FR;2;2021-02-12;9878;238;113508;389
FR;2;2021-02-13;3047;221;116555;610
FR;2;2021-02-14;309;0;116864;610
FR;2;2021-02-15;3377;3067;120241;3677
FR;2;2021-02-16;4969;3881;125210;7558
FR;2;2021-02-17;4145;4402;129355;11960
FR;2;2021-02-18;5296;5089;134651;17049
FR;2;2021-02-19;5239;4323;139890;21372
FR;2;2021-02-20;1789;1509;141679;22881
FR;2;2021-02-21;208;86;141887;22967
FR;2;2021-02-22;3547;3722;145434;26689
FR;2;2021-02-23;4854;3693;150288;30382
FR;2;2021-02-24;4870;3467;155158;33849
FR;2;2021-02-25;5345;3426;160503;37275
FR;2;2021-02-26;4261;3124;164764;40399
FR;2;2021-02-27;1533;1042;166297;41441
FR;2;2021-02-28;124;28;166421;41469
FR;2;2021-03-01;5012;3764;171433;45233
FR;2;2021-03-02;6378;4727;177811;49960
FR;2;2021-03-03;6357;4882;184168;54842
FR;2;2021-03-04;8195;3966;192363;58808
FR;2;2021-03-05;7849;4058;200212;62866
FR;2;2021-03-06;4672;1683;204884;64549
FR;2;2021-03-07;2320;29;207204;64578
FR;2;2021-03-08;4030;8311;211234;72889
FR;2;2021-03-09;7334;8430;218568;81319
FR;2;2021-03-10;6922;9108;225490;90427
FR;2;2021-03-11;9186;9207;234676;99634
FR;2;2021-03-12;7792;8162;242468;107796
FR;2;2021-03-13;9932;2511;252400;110307
FR;2;2021-03-14;4785;402;257185;110709
FR;2;2021-03-15;10733;3483;267918;114192
FR;2;2021-03-16;16575;4621;284493;118813
FR;2;2021-03-17;20023;3953;304516;122766
FR;2;2021-03-18;23100;4909;327616;127675
FR;2;2021-03-19;23063;4537;350679;132212
FR;2;2021-03-20;25261;1540;375940;133752
FR;2;2021-03-21;17547;147;393487;133899
FR;2;2021-03-22;17546;3079;411033;136978
FR;2;2021-03-23;22418;4184;433451;141162
FR;2;2021-03-24;23705;4986;457156;146148
FR;2;2021-03-25;26461;5020;483617;151168
FR;2;2021-03-26;26712;4262;510329;155430
FR;2;2021-03-27;15764;1308;526093;156738
FR;2;2021-03-28;10478;92;536571;156830
FR;2;2021-03-29;18781;4280;555352;161110
FR;2;2021-03-30;24297;6019;579649;167129
FR;2;2021-03-31;28295;5954;607944;173083
FR;2;2021-04-01;34210;8479;642154;181562
FR;2;2021-04-02;29720;7685;671874;189247
FR;2;2021-04-03;16812;3582;688686;192829
FR;2;2021-04-04;9212;918;697898;193747
FR;2;2021-04-05;12237;808;710135;194555
FR;2;2021-04-06;26904;6926;737039;201481
FR;2;2021-04-07;30699;7156;767738;208637
FR;2;2021-04-08;36640;8818;804378;217455
FR;2;2021-04-09;33547;8595;837925;226050
FR;2;2021-04-10;19535;8969;857460;235019
FR;2;2021-04-11;7845;4271;865305;239290
FR;2;2021-04-12;16935;11253;882240;250543
FR;2;2021-04-13;19259;16425;901499;266968
FR;2;2021-04-14;17800;16280;919299;283248
FR;2;2021-04-15;21957;20755;941256;304003
FR;2;2021-04-16;20503;20077;961759;324080
FR;2;2021-04-17;13125;22461;974884;346541
FR;2;2021-04-18;5821;14403;980705;360944
FR;2;2021-04-19;16573;16254;997278;377198
FR;2;2021-04-20;19063;21578;1016341;398776
FR;2;2021-04-21;19990;21666;1036331;420442
FR;2;2021-04-22;23538;24856;1059869;445298
FR;2;2021-04-23;24302;25349;1084171;470647
FR;2;2021-04-24;25142;15104;1109313;485751
FR;2;2021-04-25;9526;8589;1118839;494340
FR;2;2021-04-26;16976;17198;1135815;511538
FR;2;2021-04-27;19082;24301;1154897;535839
FR;2;2021-04-28;22145;26181;1177042;562020
FR;2;2021-04-29;25270;30130;1202312;592150
FR;2;2021-04-30;25393;27776;1227705;619926
FR;2;2021-05-01;14851;9858;1242556;629784
FR;2;2021-05-02;6560;9183;1249116;638967
FR;2;2021-05-03;19803;19317;1268919;658284
FR;2;2021-05-04;18111;29056;1287030;687340
FR;2;2021-05-05;18083;29409;1305113;716749
FR;2;2021-05-06;23299;35288;1328412;752037
FR;2;2021-05-07;25037;33224;1353449;785261
FR;2;2021-05-08;21129;9701;1374578;794962
FR;2;2021-05-09;13060;7893;1387638;802855
FR;2;2021-05-10;32617;22217;1420255;825072
FR;2;2021-05-11;43302;21072;1463557;846144
FR;2;2021-05-12;49641;19897;1513198;866041
FR;2;2021-05-13;50959;5766;1564157;871807
FR;2;2021-05-14;60986;12953;1625143;884760
FR;2;2021-05-15;65591;7148;1690734;891908
FR;2;2021-05-16;43316;2575;1734050;894483
FR;2;2021-05-17;44422;12586;1778472;907069
FR;2;2021-05-18;54271;12244;1832743;919313
FR;2;2021-05-19;56808;10616;1889551;929929
FR;2;2021-05-20;63020;10875;1952571;940804
FR;2;2021-05-21;63913;11664;2016484;952468
FR;2;2021-05-22;61213;4513;2077697;956981
FR;2;2021-05-23;37305;570;2115002;957551
FR;2;2021-05-24;17002;2030;2132004;959581
FR;2;2021-05-25;20799;12239;2152803;971820
FR;2;2021-05-26;19574;11457;2172377;983277
FR;2;2021-05-27;22656;12662;2195033;995939
FR;2;2021-05-28;29096;14977;2224129;1010916
FR;2;2021-05-29;30217;8180;2254346;1019096
FR;2;2021-05-30;4558;1812;2258904;1020908
FR;2;2021-05-31;28355;18750;2287259;1039658
FR;2;2021-06-01;45207;20069;2332466;1059727
FR;2;2021-06-02;37140;19309;2369606;1079036
FR;2;2021-06-03;50920;23383;2420526;1102419
FR;2;2021-06-04;65207;24097;2485733;1126516
FR;2;2021-06-05;34289;24041;2520022;1150557
FR;2;2021-06-06;4827;6203;2524849;1156760
FR;2;2021-06-07;27901;23100;2552750;1179860
FR;2;2021-06-08;46080;22961;2598830;1202821
FR;2;2021-06-09;34042;20912;2632872;1223733
FR;2;2021-06-10;42351;19154;2675223;1242887
FR;2;2021-06-11;55030;25249;2730253;1268136
FR;2;2021-06-12;30410;19814;2760663;1287950
FR;2;2021-06-13;3229;9189;2763892;1297139
FR;2;2021-06-14;25074;24189;2788966;1321328
FR;2;2021-06-15;38744;22889;2827710;1344217
FR;2;2021-06-16;29944;21487;2857654;1365704
FR;2;2021-06-17;36652;25903;2894306;1391607
FR;2;2021-06-18;46633;28800;2940939;1420407
FR;2;2021-06-19;24399;24918;2965338;1445325
FR;2;2021-06-20;2691;10073;2968029;1455398
FR;2;2021-06-21;17280;42777;2985309;1498175
FR;2;2021-06-22;28152;49621;3013461;1547796
FR;2;2021-06-23;21603;49622;3035064;1597418
FR;2;2021-06-24;28188;50314;3063252;1647732
FR;2;2021-06-25;33201;60438;3096453;1708170
FR;2;2021-06-26;16225;59292;3112678;1767462
FR;2;2021-06-27;2498;29359;3115176;1796821
FR;2;2021-06-28;12471;54387;3127647;1851208
FR;2;2021-06-29;19706;59912;3147353;1911120
FR;2;2021-06-30;16162;57791;3163515;1968911
FR;2;2021-07-01;20057;59922;3183572;2028833
FR;2;2021-07-02;23615;62229;3207187;2091062
FR;2;2021-07-03;11911;57113;3219098;2148175
FR;2;2021-07-04;1889;23335;3220987;2171510
FR;2;2021-07-05;8837;29373;3229824;2200883
FR;2;2021-07-06;14271;36215;3244095;2237098
FR;2;2021-07-07;13976;33695;3258071;2270793
FR;2;2021-07-08;19218;40306;3277289;2311099
FR;2;2021-07-09;26642;54291;3303931;2365390
FR;2;2021-07-10;13163;33686;3317094;2399076
FR;2;2021-07-11;1611;4329;3318705;2403405
FR;2;2021-07-12;12575;37290;3331280;2440695
FR;2;2021-07-13;36719;53295;3367999;2493990
FR;2;2021-07-14;6288;3578;3374287;2497568
FR;2;2021-07-15;46646;47067;3420933;2544635
FR;2;2021-07-16;63625;55905;3484558;2600540
FR;2;2021-07-17;31186;23967;3515744;2624507
FR;2;2021-07-18;5921;4945;3521665;2629452
FR;2;2021-07-19;32496;28746;3554161;2658198
FR;2;2021-07-20;51282;44616;3605443;2702814
FR;2;2021-07-21;44587;34851;3650030;2737665
FR;2;2021-07-22;55384;41121;3705414;2778786
FR;2;2021-07-23;67367;49157;3772781;2827943
FR;2;2021-07-24;35548;21576;3808329;2849519
FR;2;2021-07-25;6469;2682;3814798;2852201
FR;2;2021-07-26;35488;22532;3850286;2874733
FR;2;2021-07-27;61482;34683;3911768;2909416
FR;2;2021-07-28;54512;26504;3966280;2935920
FR;2;2021-07-29;67444;32813;4033724;2968733
FR;2;2021-07-30;73116;37802;4106840;3006535
FR;2;2021-07-31;33945;16169;4140785;3022704
FR;2;2021-08-01;5042;2308;4145827;3025012
FR;2;2021-08-02;34596;16203;4180423;3041215
FR;2;2021-08-03;54884;28262;4235307;3069477
FR;2;2021-08-04;45583;20870;4280890;3090347
FR;2;2021-08-05;53341;31615;4334231;3121962
FR;2;2021-08-06;56596;42391;4390827;3164353
FR;2;2021-08-07;24235;17600;4415062;3181953
FR;2;2021-08-08;3538;3670;4418600;3185623
FR;2;2021-08-09;28012;21158;4446612;3206781
FR;2;2021-08-10;42955;33557;4489567;3240338
FR;3;2020-12-27;0;0;0;0
FR;3;2020-12-28;0;0;0;0
FR;3;2020-12-29;0;0;0;0
FR;3;2020-12-30;0;0;0;0
FR;3;2020-12-31;0;0;0;0
FR;3;2021-01-01;0;0;0;0
FR;3;2021-01-02;0;0;0;0
FR;3;2021-01-03;0;0;0;0
FR;3;2021-01-04;0;0;0;0
FR;3;2021-01-05;0;0;0;0
FR;3;2021-01-06;0;0;0;0
FR;3;2021-01-07;0;0;0;0
FR;3;2021-01-08;0;0;0;0
FR;3;2021-01-09;0;0;0;0
FR;3;2021-01-10;0;0;0;0
FR;3;2021-01-11;0;0;0;0
FR;3;2021-01-12;0;0;0;0
FR;3;2021-01-13;0;0;0;0
FR;3;2021-01-14;0;0;0;0
FR;3;2021-01-15;0;0;0;0
FR;3;2021-01-16;0;0;0;0
FR;3;2021-01-17;0;0;0;0
FR;3;2021-01-18;0;0;0;0
FR;3;2021-01-19;0;0;0;0
FR;3;2021-01-20;0;0;0;0
FR;3;2021-01-21;0;0;0;0
FR;3;2021-01-22;0;0;0;0
FR;3;2021-01-23;0;0;0;0
FR;3;2021-01-24;0;0;0;0
FR;3;2021-01-25;0;0;0;0
FR;3;2021-01-26;0;0;0;0
FR;3;2021-01-27;0;0;0;0
FR;3;2021-01-28;0;0;0;0
FR;3;2021-01-29;0;0;0;0
FR;3;2021-01-30;0;0;0;0
FR;3;2021-01-31;0;0;0;0
FR;3;2021-02-01;0;0;0;0
FR;3;2021-02-02;0;0;0;0
FR;3;2021-02-03;0;0;0;0
FR;3;2021-02-04;0;0;0;0
FR;3;2021-02-05;0;0;0;0
FR;3;2021-02-06;583;0;583;0
FR;3;2021-02-07;1367;0;1950;0
FR;3;2021-02-08;2672;0;4622;0
FR;3;2021-02-09;6681;0;11303;0
FR;3;2021-02-10;9410;0;20713;0
FR;3;2021-02-11;13440;0;34153;0
FR;3;2021-02-12;13145;0;47298;0
FR;3;2021-02-13;3564;0;50862;0
FR;3;2021-02-14;883;0;51745;0
FR;3;2021-02-15;10224;0;61969;0
FR;3;2021-02-16;12289;0;74258;0
FR;3;2021-02-17;10918;0;85176;0
FR;3;2021-02-18;14695;0;99871;0
FR;3;2021-02-19;14205;0;114076;0
FR;3;2021-02-20;3216;0;117292;0
FR;3;2021-02-21;559;0;117851;0
FR;3;2021-02-22;8994;0;126845;0
FR;3;2021-02-23;11195;0;138040;0
FR;3;2021-02-24;14044;0;152084;0
FR;3;2021-02-25;44663;0;196747;0
FR;3;2021-02-26;61657;0;258404;0
FR;3;2021-02-27;34627;6;293031;6
FR;3;2021-02-28;2388;0;295419;6
FR;3;2021-03-01;20149;9;315568;15
FR;3;2021-03-02;38584;12;354152;27
FR;3;2021-03-03;48325;16;402477;43
FR;3;2021-03-04;81815;18;484292;61
FR;3;2021-03-05;117694;42;601986;103
FR;3;2021-03-06;120199;47;722185;150
FR;3;2021-03-07;54931;27;777116;177
FR;3;2021-03-08;42469;20;819585;197
FR;3;2021-03-09;78590;30;898175;227
FR;3;2021-03-10;80442;36;978617;263
FR;3;2021-03-11;127984;46;1106601;309
FR;3;2021-03-12;182197;67;1288798;376
FR;3;2021-03-13;131763;51;1420561;427
FR;3;2021-03-14;13919;4;1434480;431
FR;3;2021-03-15;51852;37;1486332;468
FR;3;2021-03-16;1009;13;1487341;481
FR;3;2021-03-17;763;6;1488104;487
FR;3;2021-03-18;1340;4;1489444;491
FR;3;2021-03-19;70117;36;1559561;527
FR;3;2021-03-20;64958;35;1624519;562
FR;3;2021-03-21;5607;4;1630126;566
FR;3;2021-03-22;37191;30;1667317;596
FR;3;2021-03-23;84244;49;1751561;645
FR;3;2021-03-24;90561;89;1842122;734
FR;3;2021-03-25;149637;114;1991759;848
FR;3;2021-03-26;165000;153;2156759;1001
FR;3;2021-03-27;68159;88;2224918;1089
FR;3;2021-03-28;6343;19;2231261;1108
FR;3;2021-03-29;53873;59;2285134;1167
FR;3;2021-03-30;92840;87;2377974;1254
FR;3;2021-03-31;63200;81;2441174;1335
FR;3;2021-04-01;85741;99;2526915;1434
FR;3;2021-04-02;86610;143;2613525;1577
FR;3;2021-04-03;35671;108;2649196;1685
FR;3;2021-04-04;3452;15;2652648;1700
FR;3;2021-04-05;4342;21;2656990;1721
FR;3;2021-04-06;29422;74;2686412;1795
FR;3;2021-04-07;32011;59;2718423;1854
FR;3;2021-04-08;78475;233;2796898;2087
FR;3;2021-04-09;161374;405;2958272;2492
FR;3;2021-04-10;75475;329;3033747;2821
FR;3;2021-04-11;7176;42;3040923;2863
FR;3;2021-04-12;51149;195;3092072;3058
FR;3;2021-04-13;85879;309;3177951;3367
FR;3;2021-04-14;67433;337;3245384;3704
FR;3;2021-04-15;92733;363;3338117;4067
FR;3;2021-04-16;112162;567;3450279;4634
FR;3;2021-04-17;53071;320;3503350;4954
FR;3;2021-04-18;9587;32;3512937;4986
FR;3;2021-04-19;24814;228;3537751;5214
FR;3;2021-04-20;45304;390;3583055;5604
FR;3;2021-04-21;38614;442;3621669;6046
FR;3;2021-04-22;54402;780;3676071;6826
FR;3;2021-04-23;70193;1009;3746264;7835
FR;3;2021-04-24;37026;969;3783290;8804
FR;3;2021-04-25;6039;152;3789329;8956
FR;3;2021-04-26;19473;649;3808802;9605
FR;3;2021-04-27;34143;1240;3842945;10845
FR;3;2021-04-28;28691;1926;3871636;12771
FR;3;2021-04-29;45090;5947;3916726;18718
FR;3;2021-04-30;55226;8921;3971952;27639
FR;3;2021-05-01;9346;1964;3981298;29603
FR;3;2021-05-02;2904;498;3984202;30101
FR;3;2021-05-03;12790;3881;3996992;33982
FR;3;2021-05-04;22785;8428;4019777;42410
FR;3;2021-05-05;18415;10568;4038192;52978
FR;3;2021-05-06;34296;20893;4072488;73871
FR;3;2021-05-07;43894;28395;4116382;102266
FR;3;2021-05-08;6571;8879;4122953;111145
FR;3;2021-05-09;1671;2651;4124624;113796
FR;3;2021-05-10;14703;12555;4139327;126351
FR;3;2021-05-11;26749;25721;4166076;152072
FR;3;2021-05-12;16994;27447;4183070;179519
FR;3;2021-05-13;2107;3483;4185177;183002
FR;3;2021-05-14;14284;25735;4199461;208737
FR;3;2021-05-15;7023;20730;4206484;229467
FR;3;2021-05-16;874;2678;4207358;232145
FR;3;2021-05-17;7686;19907;4215044;252052
FR;3;2021-05-18;13141;29628;4228185;281680
FR;3;2021-05-19;8976;31856;4237161;313536
FR;3;2021-05-20;12500;53212;4249661;366748
FR;3;2021-05-21;12472;65528;4262133;432276
FR;3;2021-05-22;4766;33297;4266899;465573
FR;3;2021-05-23;539;2665;4267438;468238
FR;3;2021-05-24;625;4915;4268063;473153
FR;3;2021-05-25;5010;45170;4273073;518323
FR;3;2021-05-26;4695;51053;4277768;569376
FR;3;2021-05-27;6042;77836;4283810;647212
FR;3;2021-05-28;7285;99100;4291095;746312
FR;3;2021-05-29;3138;60283;4294233;806595
FR;3;2021-05-30;388;8243;4294621;814838
FR;3;2021-05-31;2141;35992;4296762;850830
FR;3;2021-06-01;3057;64813;4299819;915643
FR;3;2021-06-02;2458;58355;4302277;973998
FR;3;2021-06-03;3243;87581;4305520;1061579
FR;3;2021-06-04;3908;105121;4309428;1166700
FR;3;2021-06-05;1822;52244;4311250;1218944
FR;3;2021-06-06;286;5399;4311536;1224343
FR;3;2021-06-07;1145;31182;4312681;1255525
FR;3;2021-06-08;1748;47282;4314429;1302807
FR;3;2021-06-09;1495;42395;4315924;1345202
FR;3;2021-06-10;1921;68001;4317845;1413203
FR;3;2021-06-11;2265;96799;4320110;1510002
FR;3;2021-06-12;1018;40836;4321128;1550838
FR;3;2021-06-13;156;3823;4321284;1554661
FR;3;2021-06-14;800;42665;4322084;1597326
FR;3;2021-06-15;1181;80698;4323265;1678024
FR;3;2021-06-16;1053;65782;4324318;1743806
FR;3;2021-06-17;1461;101857;4325779;1845663
FR;3;2021-06-18;1746;117924;4327525;1963587
FR;3;2021-06-19;723;39406;4328248;2002993
FR;3;2021-06-20;81;3384;4328329;2006377
FR;3;2021-06-21;587;39290;4328916;2045667
FR;3;2021-06-22;897;70019;4329813;2115686
FR;3;2021-06-23;800;50846;4330613;2166532
FR;3;2021-06-24;1165;77216;4331778;2243748
FR;3;2021-06-25;1282;89970;4333060;2333718
FR;3;2021-06-26;548;33137;4333608;2366855
FR;3;2021-06-27;93;4029;4333701;2370884
FR;3;2021-06-28;485;30460;4334186;2401344
FR;3;2021-06-29;744;56147;4334930;2457491
FR;3;2021-06-30;761;45065;4335691;2502556
FR;3;2021-07-01;1002;65663;4336693;2568219
FR;3;2021-07-02;1180;90450;4337873;2658669
FR;3;2021-07-03;541;31195;4338414;2689864
FR;3;2021-07-04;83;4275;4338497;2694139
FR;3;2021-07-05;502;33934;4338999;2728073
FR;3;2021-07-06;806;56135;4339805;2784208
FR;3;2021-07-07;744;43086;4340549;2827294
FR;3;2021-07-08;1008;60764;4341557;2888058
FR;3;2021-07-09;1146;68842;4342703;2956900
FR;3;2021-07-10;555;25054;4343258;2981954
FR;3;2021-07-11;66;3311;4343324;2985265
FR;3;2021-07-12;520;23933;4343844;3009198
FR;3;2021-07-13;1506;34769;4345350;3043967
FR;3;2021-07-14;134;2652;4345484;3046619
FR;3;2021-07-15;1822;30700;4347306;3077319
FR;3;2021-07-16;2389;38908;4349695;3116227
FR;3;2021-07-17;970;13753;4350665;3129980
FR;3;2021-07-18;200;2611;4350865;3132591
FR;3;2021-07-19;1180;17242;4352045;3149833
FR;3;2021-07-20;1712;27174;4353757;3177007
FR;3;2021-07-21;1534;19755;4355291;3196762
FR;3;2021-07-22;1732;27806;4357023;3224568
FR;3;2021-07-23;2092;30481;4359115;3255049
FR;3;2021-07-24;751;7023;4359866;3262072
FR;3;2021-07-25;159;1353;4360025;3263425
FR;3;2021-07-26;796;10736;4360821;3274161
FR;3;2021-07-27;1051;16984;4361872;3291145
FR;3;2021-07-28;855;12138;4362727;3303283
FR;3;2021-07-29;1024;15872;4363751;3319155
FR;3;2021-07-30;1031;18113;4364782;3337268
FR;3;2021-07-31;332;3751;4365114;3341019
FR;3;2021-08-01;43;484;4365157;3341503
FR;3;2021-08-02;314;5164;4365471;3346667
FR;3;2021-08-03;405;7589;4365876;3354256
FR;3;2021-08-04;358;4893;4366234;3359149
FR;3;2021-08-05;353;3749;4366587;3362898
FR;3;2021-08-06;384;4788;4366971;3367686
FR;3;2021-08-07;154;1926;4367125;3369612
FR;3;2021-08-08;41;423;4367166;3370035
FR;3;2021-08-09;209;2522;4367375;3372557
FR;3;2021-08-10;252;3901;4367627;3376458
FR;4;2020-12-27;0;0;0;0
FR;4;2020-12-28;0;0;0;0
FR;4;2020-12-29;0;0;0;0
FR;4;2020-12-30;0;0;0;0
FR;4;2020-12-31;0;0;0;0
FR;4;2021-01-01;0;0;0;0
FR;4;2021-01-02;0;0;0;0
FR;4;2021-01-03;0;0;0;0
FR;4;2021-01-04;0;0;0;0
FR;4;2021-01-05;0;0;0;0
FR;4;2021-01-06;0;0;0;0
FR;4;2021-01-07;0;0;0;0
FR;4;2021-01-08;0;0;0;0
FR;4;2021-01-09;0;0;0;0
FR;4;2021-01-10;0;0;0;0
FR;4;2021-01-11;0;0;0;0
FR;4;2021-01-12;0;0;0;0
FR;4;2021-01-13;0;0;0;0
FR;4;2021-01-14;0;0;0;0
FR;4;2021-01-15;0;0;0;0
FR;4;2021-01-16;0;0;0;0
FR;4;2021-01-17;0;0;0;0
FR;4;2021-01-18;0;0;0;0
FR;4;2021-01-19;0;0;0;0
FR;4;2021-01-20;0;0;0;0
FR;4;2021-01-21;0;0;0;0
FR;4;2021-01-22;0;0;0;0
FR;4;2021-01-23;0;0;0;0
FR;4;2021-01-24;0;0;0;0
FR;4;2021-01-25;0;0;0;0
FR;4;2021-01-26;0;0;0;0
FR;4;2021-01-27;0;0;0;0
FR;4;2021-01-28;0;0;0;0
FR;4;2021-01-29;0;0;0;0
FR;4;2021-01-30;0;0;0;0
FR;4;2021-01-31;0;0;0;0
FR;4;2021-02-01;0;0;0;0
FR;4;2021-02-02;0;0;0;0
FR;4;2021-02-03;0;0;0;0
FR;4;2021-02-04;0;0;0;0
FR;4;2021-02-05;0;0;0;0
FR;4;2021-02-06;0;0;0;0
FR;4;2021-02-07;0;0;0;0
FR;4;2021-02-08;0;0;0;0
FR;4;2021-02-09;0;0;0;0
FR;4;2021-02-10;0;0;0;0
FR;4;2021-02-11;0;0;0;0
FR;4;2021-02-12;0;0;0;0
FR;4;2021-02-13;0;0;0;0
FR;4;2021-02-14;0;0;0;0
FR;4;2021-02-15;0;0;0;0
FR;4;2021-02-16;0;0;0;0
FR;4;2021-02-17;0;0;0;0
FR;4;2021-02-18;0;0;0;0
FR;4;2021-02-19;0;0;0;0
FR;4;2021-02-20;0;0;0;0
FR;4;2021-02-21;0;0;0;0
FR;4;2021-02-22;0;0;0;0
FR;4;2021-02-23;0;0;0;0
FR;4;2021-02-24;0;0;0;0
FR;4;2021-02-25;0;0;0;0
FR;4;2021-02-26;0;0;0;0
FR;4;2021-02-27;0;0;0;0
FR;4;2021-02-28;0;0;0;0
FR;4;2021-03-01;0;0;0;0
FR;4;2021-03-02;0;0;0;0
FR;4;2021-03-03;0;0;0;0
FR;4;2021-03-04;0;0;0;0
FR;4;2021-03-05;0;1;0;1
FR;4;2021-03-06;0;0;0;1
FR;4;2021-03-07;0;0;0;1
FR;4;2021-03-08;0;0;0;1
FR;4;2021-03-09;0;0;0;1
FR;4;2021-03-10;0;0;0;1
FR;4;2021-03-11;0;0;0;1
FR;4;2021-03-12;0;0;0;1
FR;4;2021-03-13;0;0;0;1
FR;4;2021-03-14;0;0;0;1
FR;4;2021-03-15;0;0;0;1
FR;4;2021-03-16;0;0;0;1
FR;4;2021-03-17;0;0;0;1
FR;4;2021-03-18;0;0;0;1
FR;4;2021-03-19;0;0;0;1
FR;4;2021-03-20;0;0;0;1
FR;4;2021-03-21;0;0;0;1
FR;4;2021-03-22;0;0;0;1
FR;4;2021-03-23;0;0;0;1
FR;4;2021-03-24;0;0;0;1
FR;4;2021-03-25;0;0;0;1
FR;4;2021-03-26;0;0;0;1
FR;4;2021-03-27;0;0;0;1
FR;4;2021-03-28;0;0;0;1
FR;4;2021-03-29;0;0;0;1
FR;4;2021-03-30;0;0;0;1
FR;4;2021-03-31;0;1;0;2
FR;4;2021-04-01;0;0;0;2
FR;4;2021-04-02;0;0;0;2
FR;4;2021-04-03;0;0;0;2
FR;4;2021-04-04;0;0;0;2
FR;4;2021-04-05;0;0;0;2
FR;4;2021-04-06;0;0;0;2
FR;4;2021-04-07;0;0;0;2
FR;4;2021-04-08;0;0;0;2
FR;4;2021-04-09;0;2;0;4
FR;4;2021-04-10;0;0;0;4
FR;4;2021-04-11;0;0;0;4
FR;4;2021-04-12;0;1;0;5
FR;4;2021-04-13;0;0;0;5
FR;4;2021-04-14;0;0;0;5
FR;4;2021-04-15;0;0;0;5
FR;4;2021-04-16;0;0;0;5
FR;4;2021-04-17;0;0;0;5
FR;4;2021-04-18;0;0;0;5
FR;4;2021-04-19;0;0;0;5
FR;4;2021-04-20;0;0;0;5
FR;4;2021-04-21;0;0;0;5
FR;4;2021-04-22;0;0;0;5
FR;4;2021-04-23;2103;0;2103;5
FR;4;2021-04-24;1557;0;3660;5
FR;4;2021-04-25;121;0;3781;5
FR;4;2021-04-26;2847;0;6628;5
FR;4;2021-04-27;9441;4;16069;9
FR;4;2021-04-28;9836;3;25905;12
FR;4;2021-04-29;15940;8;41845;20
FR;4;2021-04-30;19153;7;60998;27
FR;4;2021-05-01;1936;5;62934;32
FR;4;2021-05-02;457;0;63391;32
FR;4;2021-05-03;4977;1;68368;33
FR;4;2021-05-04;8297;8;76665;41
FR;4;2021-05-05;6063;5;82728;46
FR;4;2021-05-06;11293;11;94021;57
FR;4;2021-05-07;18975;8;112996;65
FR;4;2021-05-08;2286;6;115282;71
FR;4;2021-05-09;636;2;115918;73
FR;4;2021-05-10;7140;8;123058;81
FR;4;2021-05-11;14198;12;137256;93
FR;4;2021-05-12;10049;16;147305;109
FR;4;2021-05-13;1485;3;148790;112
FR;4;2021-05-14;7652;7;156442;119
FR;4;2021-05-15;3636;8;160078;127
FR;4;2021-05-16;377;1;160455;128
FR;4;2021-05-17;4375;3;164830;131
FR;4;2021-05-18;8650;10;173480;141
FR;4;2021-05-19;5583;5;179063;146
FR;4;2021-05-20;9308;6;188371;152
FR;4;2021-05-21;12614;29;200985;181
FR;4;2021-05-22;4961;12;205946;193
FR;4;2021-05-23;445;2;206391;195
FR;4;2021-05-24;966;3;207357;198
FR;4;2021-05-25;7457;16;214814;214
FR;4;2021-05-26;7610;13;222424;227
FR;4;2021-05-27;14180;34;236604;261
FR;4;2021-05-28;26359;81;262963;342
FR;4;2021-05-29;11224;20;274187;362
FR;4;2021-05-30;870;2;275057;364
FR;4;2021-05-31;12484;19;287541;383
FR;4;2021-06-01;19967;41;307508;424
FR;4;2021-06-02;14310;33;321818;457
FR;4;2021-06-03;19234;24;341052;481
FR;4;2021-06-04;22233;45;363285;526
FR;4;2021-06-05;9587;29;372872;555
FR;4;2021-06-06;941;0;373813;555
FR;4;2021-06-07;8986;16;382799;571
FR;4;2021-06-08;14403;26;397202;597
FR;4;2021-06-09;12013;24;409215;621
FR;4;2021-06-10;15166;24;424381;645
FR;4;2021-06-11;16754;51;441135;696
FR;4;2021-06-12;7315;27;448450;723
FR;4;2021-06-13;847;3;449297;726
FR;4;2021-06-14;6477;22;455774;748
FR;4;2021-06-15;10721;32;466495;780
FR;4;2021-06-16;8723;13;475218;793
FR;4;2021-06-17;10690;24;485908;817
FR;4;2021-06-18;12229;39;498137;856
FR;4;2021-06-19;5456;24;503593;880
FR;4;2021-06-20;612;2;504205;882
FR;4;2021-06-21;4892;9;509097;891
FR;4;2021-06-22;7698;18;516795;909
FR;4;2021-06-23;6904;33;523699;942
FR;4;2021-06-24;8460;31;532159;973
FR;4;2021-06-25;9910;36;542069;1009
FR;4;2021-06-26;4634;20;546703;1029
FR;4;2021-06-27;603;2;547306;1031
FR;4;2021-06-28;4563;14;551869;1045
FR;4;2021-06-29;6763;16;558632;1061
FR;4;2021-06-30;6406;36;565038;1097
FR;4;2021-07-01;7863;25;572901;1122
FR;4;2021-07-02;9165;44;582066;1166
FR;4;2021-07-03;4688;18;586754;1184
FR;4;2021-07-04;572;5;587326;1189
FR;4;2021-07-05;4571;18;591897;1207
FR;4;2021-07-06;7457;20;599354;1227
FR;4;2021-07-07;6731;27;606085;1254
FR;4;2021-07-08;8945;37;615030;1291
FR;4;2021-07-09;10026;30;625056;1321
FR;4;2021-07-10;4459;10;629515;1331
FR;4;2021-07-11;496;0;630011;1331
FR;4;2021-07-12;5611;27;635622;1358
FR;4;2021-07-13;13991;26;649613;1384
FR;4;2021-07-14;2054;6;651667;1390
FR;4;2021-07-15;17948;32;669615;1422
FR;4;2021-07-16;22480;63;692095;1485
FR;4;2021-07-17;9512;16;701607;1501
FR;4;2021-07-18;1260;3;702867;1504
FR;4;2021-07-19;12695;26;715562;1530
FR;4;2021-07-20;17052;28;732614;1558
FR;4;2021-07-21;15268;27;747882;1585
FR;4;2021-07-22;17910;40;765792;1625
FR;4;2021-07-23;20010;46;785802;1671
FR;4;2021-07-24;8998;28;794800;1699
FR;4;2021-07-25;1183;6;795983;1705
FR;4;2021-07-26;10601;18;806584;1723
FR;4;2021-07-27;14091;25;820675;1748
FR;4;2021-07-28;12259;18;832934;1766
FR;4;2021-07-29;13646;45;846580;1811
FR;4;2021-07-30;15060;38;861640;1849
FR;4;2021-07-31;6521;11;868161;1860
FR;4;2021-08-01;753;1;868914;1861
FR;4;2021-08-02;7009;15;875923;1876
FR;4;2021-08-03;9782;21;885705;1897
FR;4;2021-08-04;8612;19;894317;1916
FR;4;2021-08-05;8818;32;903135;1948
FR;4;2021-08-06;9374;18;912509;1966
FR;4;2021-08-07;4361;21;916870;1987
FR;4;2021-08-08;638;8;917508;1995
FR;4;2021-08-09;5257;16;922765;2011
FR;4;2021-08-10;7776;14;930541;2025
FR;0;2020-12-27;207;0;207;0
FR;0;2020-12-28;224;0;431;0
FR;0;2020-12-29;171;0;602;0
FR;0;2020-12-30;191;0;793;0
FR;0;2020-12-31;159;0;952;0
FR;0;2021-01-01;173;0;1125;0
FR;0;2021-01-02;149;0;1274;0
FR;0;2021-01-03;180;0;1454;0
FR;0;2021-01-04;1615;0;3069;0
FR;0;2021-01-05;5579;0;8648;0
FR;0;2021-01-06;11467;0;20115;0
FR;0;2021-01-07;28898;0;49013;0
FR;0;2021-01-08;36568;0;85581;0
FR;0;2021-01-09;11025;0;96606;0
FR;0;2021-01-10;5715;0;102321;0
FR;0;2021-01-11;39427;0;141748;0
FR;0;2021-01-12;61378;0;203126;0
FR;0;2021-01-13;64376;0;267502;0
FR;0;2021-01-14;81105;0;348607;0
FR;0;2021-01-15;68215;0;416822;0
FR;0;2021-01-16;19909;77;436731;77
FR;0;2021-01-17;10617;42;447348;119
FR;0;2021-01-18;85040;161;532388;280
FR;0;2021-01-19;129516;125;661904;405
FR;0;2021-01-20;136318;157;798222;562
FR;0;2021-01-21;156711;133;954933;695
FR;0;2021-01-22;119833;160;1074766;855
FR;0;2021-01-23;38074;50;1112840;905
FR;0;2021-01-24;9481;27;1122321;932
FR;0;2021-01-25;77413;1215;1199734;2147
FR;0;2021-01-26;99556;3109;1299290;5256
FR;0;2021-01-27;106391;5593;1405681;10849
FR;0;2021-01-28;123362;14357;1529043;25206
FR;0;2021-01-29;91406;17282;1620449;42488
FR;0;2021-01-30;28835;4224;1649284;46712
FR;0;2021-01-31;4991;1679;1654275;48391
FR;0;2021-02-01;51984;21121;1706259;69512
FR;0;2021-02-02;71315;34559;1777574;104071
FR;0;2021-02-03;71486;36957;1849060;141028
FR;0;2021-02-04;81160;50043;1930220;191071
FR;0;2021-02-05;67538;45332;1997758;236403
FR;0;2021-02-06;21706;10396;2019464;246799
FR;0;2021-02-07;4925;5041;2024389;251840
FR;0;2021-02-08;46204;45973;2070593;297813
FR;0;2021-02-09;65306;72404;2135899;370217
FR;0;2021-02-10;69866;76722;2205765;446939
FR;0;2021-02-11;86256;99139;2292021;546078
FR;0;2021-02-12;78288;74214;2370309;620292
FR;0;2021-02-13;21859;19484;2392168;639776
FR;0;2021-02-14;4695;7191;2396863;646967
FR;0;2021-02-15;37362;76502;2434225;723469
FR;0;2021-02-16;49577;100728;2483802;824197
FR;0;2021-02-17;49680;102987;2533482;927184
FR;0;2021-02-18;68759;118522;2602241;1045706
FR;0;2021-02-19;64322;90744;2666563;1136450
FR;0;2021-02-20;18179;28421;2684742;1164871
FR;0;2021-02-21;2985;6372;2687727;1171243
FR;0;2021-02-22;36811;73139;2724538;1244382
FR;0;2021-02-23;53014;84051;2777552;1328433
FR;0;2021-02-24;58889;81115;2836441;1409548
FR;0;2021-02-25;99546;91375;2935987;1500923
FR;0;2021-02-26;112487;71011;3048474;1571934
FR;0;2021-02-27;51543;21979;3100017;1593913
FR;0;2021-02-28;5834;4413;3105851;1598326
FR;0;2021-03-01;64328;52786;3170179;1651112
FR;0;2021-03-02;100141;66251;3270320;1717363
FR;0;2021-03-03;114826;65546;3385146;1782909
FR;0;2021-03-04;162042;68878;3547188;1851787
FR;0;2021-03-05;199329;63362;3746517;1915149
FR;0;2021-03-06;206725;17814;3953242;1932963
FR;0;2021-03-07;120510;5469;4073752;1938432
FR;0;2021-03-08;105844;50794;4179596;1989226
FR;0;2021-03-09;171022;56777;4350618;2046003
FR;0;2021-03-10;177100;57208;4527718;2103211
FR;0;2021-03-11;241096;63108;4768814;2166319
FR;0;2021-03-12;293046;53519;5061860;2219838
FR;0;2021-03-13;229981;15306;5291841;2235144
FR;0;2021-03-14;62686;3434;5354527;2238578
FR;0;2021-03-15;157083;32639;5511610;2271217
FR;0;2021-03-16;140259;39525;5651869;2310742
FR;0;2021-03-17;149195;38790;5801064;2349532
FR;0;2021-03-18;166299;44627;5967363;2394159
FR;0;2021-03-19;228429;37471;6195792;2431630
FR;0;2021-03-20;165628;11783;6361420;2443413
FR;0;2021-03-21;49211;2626;6410631;2446039
FR;0;2021-03-22;168488;34284;6579119;2480323
FR;0;2021-03-23;248599;42404;6827718;2522727
FR;0;2021-03-24;255125;43848;7082843;2566575
FR;0;2021-03-25;340021;44754;7422864;2611329
FR;0;2021-03-26;357152;41907;7780016;2653236
FR;0;2021-03-27;194241;16649;7974257;2669885
FR;0;2021-03-28;58772;3732;8033029;2673617
FR;0;2021-03-29;201735;54289;8234764;2727906
FR;0;2021-03-30;283734;69687;8518498;2797593
FR;0;2021-03-31;261326;72935;8779824;2870528
FR;0;2021-04-01;312513;87823;9092337;2958351
FR;0;2021-04-02;279641;92142;9371978;3050493
FR;0;2021-04-03;139982;61860;9511960;3112353
FR;0;2021-04-04;45235;18665;9557195;3131018
FR;0;2021-04-05;59437;11005;9616632;3142023
FR;0;2021-04-06;215160;107873;9831792;3249896
FR;0;2021-04-07;257991;115465;10089783;3365361
FR;0;2021-04-08;335197;121433;10424980;3486794
FR;0;2021-04-09;407720;116502;10832700;3603296
FR;0;2021-04-10;211364;82754;11044064;3686050
FR;0;2021-04-11;55332;34596;11099396;3720646
FR;0;2021-04-12;235289;115231;11334685;3835877
FR;0;2021-04-13;307334;144977;11642019;3980854
FR;0;2021-04-14;291773;139423;11933792;4120277
FR;0;2021-04-15;334022;147874;12267814;4268151
FR;0;2021-04-16;337363;145787;12605177;4413938
FR;0;2021-04-17;187559;90262;12792736;4504200
FR;0;2021-04-18;50865;35427;12843601;4539627
FR;0;2021-04-19;203899;138392;13047500;4678019
FR;0;2021-04-20;252172;170734;13299672;4848753
FR;0;2021-04-21;251018;168814;13550690;5017567
FR;0;2021-04-22;285339;188268;13836029;5205835
FR;0;2021-04-23;294202;183286;14130231;5389121
FR;0;2021-04-24;189141;111578;14319372;5500699
FR;0;2021-04-25;68780;38871;14388152;5539570
FR;0;2021-04-26;219252;156116;14607404;5695686
FR;0;2021-04-27;282539;187517;14889943;5883203
FR;0;2021-04-28;297478;183219;15187421;6066422
FR;0;2021-04-29;354800;196146;15542221;6262568
FR;0;2021-04-30;370006;184852;15912227;6447420
FR;0;2021-05-01;164976;52537;16077203;6499957
FR;0;2021-05-02;90661;37832;16167864;6537789
FR;0;2021-05-03;285720;169656;16453584;6707445
FR;0;2021-05-04;312574;224325;16766158;6931770
FR;0;2021-05-05;322903;224545;17089061;7156315
FR;0;2021-05-06;375754;239219;17464815;7395534
FR;0;2021-05-07;369784;257351;17834599;7652885
FR;0;2021-05-08;220375;66922;18054974;7719807
FR;0;2021-05-09;128772;46758;18183746;7766565
FR;0;2021-05-10;308763;229033;18492509;7995598
FR;0;2021-05-11;400582;258196;18893091;8253794
FR;0;2021-05-12;430033;233255;19323124;8487049
FR;0;2021-05-13;335441;56900;19658565;8543949
FR;0;2021-05-14;450376;167548;20108941;8711497
FR;0;2021-05-15;371389;94032;20480330;8805529
FR;0;2021-05-16;201289;20832;20681619;8826361
FR;0;2021-05-17;373037;149185;21054656;8975546
FR;0;2021-05-18;455713;153207;21510369;9128753
FR;0;2021-05-19;463899;145390;21974268;9274143
FR;0;2021-05-20;503345;160411;22477613;9434554
FR;0;2021-05-21;486080;174598;22963693;9609152
FR;0;2021-05-22;345062;79910;23308755;9689062
FR;0;2021-05-23;160602;14446;23469357;9703508
FR;0;2021-05-24;261182;33261;23730539;9736769
FR;0;2021-05-25;396830;189366;24127369;9926135
FR;0;2021-05-26;410193;188224;24537562;10114359
FR;0;2021-05-27;446503;218754;24984065;10333113
FR;0;2021-05-28;426566;259705;25410631;10592818
FR;0;2021-05-29;297342;149460;25707973;10742278
FR;0;2021-05-30;106064;32631;25814037;10774909
FR;0;2021-05-31;355429;203581;26169466;10978490
FR;0;2021-06-01;421704;251715;26591170;11230205
FR;0;2021-06-02;411903;230962;27003073;11461167
FR;0;2021-06-03;457770;258753;27460843;11719920
FR;0;2021-06-04;450946;304937;27911789;12024857
FR;0;2021-06-05;302041;189112;28213830;12213969
FR;0;2021-06-06;131211;49141;28345041;12263110
FR;0;2021-06-07;334107;262516;28679148;12525626
FR;0;2021-06-08;389403;291367;29068551;12816993
FR;0;2021-06-09;379822;276023;29448373;13093016
FR;0;2021-06-10;397448;289480;29845821;13382496
FR;0;2021-06-11;383142;357650;30228963;13740146
FR;0;2021-06-12;280966;211540;30509929;13951686
FR;0;2021-06-13;103656;74101;30613585;14025787
FR;0;2021-06-14;237433;356077;30851018;14381864
FR;0;2021-06-15;303031;386199;31154049;14768063
FR;0;2021-06-16;309945;357880;31463994;15125943
FR;0;2021-06-17;313707;372328;31777701;15498271
FR;0;2021-06-18;317605;442925;32095306;15941196
FR;0;2021-06-19;222776;274059;32318082;16215255
FR;0;2021-06-20;72202;102656;32390284;16317911
FR;0;2021-06-21;192420;402254;32582704;16720165
FR;0;2021-06-22;220067;467516;32802771;17187681
FR;0;2021-06-23;230621;440082;33033392;17627763
FR;0;2021-06-24;238691;409480;33272083;18037243
FR;0;2021-06-25;223862;522512;33495945;18559755
FR;0;2021-06-26;151645;370975;33647590;18930730
FR;0;2021-06-27;54972;156449;33702562;19087179
FR;0;2021-06-28;152243;453429;33854805;19540608
FR;0;2021-06-29;180199;505800;34035004;20046408
FR;0;2021-06-30;200052;481371;34235056;20527779
FR;0;2021-07-01;217351;457941;34452407;20985720
FR;0;2021-07-02;216233;520672;34668640;21506392
FR;0;2021-07-03;139467;369013;34808107;21875405
FR;0;2021-07-04;55630;141400;34863737;22016805
FR;0;2021-07-05;161336;419694;35025073;22436499
FR;0;2021-07-06;190334;475251;35215407;22911750
FR;0;2021-07-07;205286;439730;35420693;23351480
FR;0;2021-07-08;225828;424371;35646521;23775851
FR;0;2021-07-09;220766;510056;35867287;24285907
FR;0;2021-07-10;145495;339873;36012782;24625780
FR;0;2021-07-11;58855;110166;36071637;24735946
FR;0;2021-07-12;162982;478437;36234619;25214383
FR;0;2021-07-13;281184;527988;36515803;25742371
FR;0;2021-07-14;176639;157956;36692442;25900327
FR;0;2021-07-15;339537;502787;37031979;26403114
FR;0;2021-07-16;371620;496496;37403599;26899610
FR;0;2021-07-17;255218;320206;37658817;27219816
FR;0;2021-07-18;108265;115079;37767082;27334895
FR;0;2021-07-19;278705;425668;38045787;27760563
FR;0;2021-07-20;369626;453381;38415413;28213944
FR;0;2021-07-21;387898;408754;38803311;28622698
FR;0;2021-07-22;432675;388795;39235986;29011493
FR;0;2021-07-23;430308;423150;39666294;29434643
FR;0;2021-07-24;281082;270192;39947376;29704835
FR;0;2021-07-25;119082;80263;40066458;29785098
FR;0;2021-07-26;340467;324009;40406925;30109107
FR;0;2021-07-27;454530;320998;40861455;30430105
FR;0;2021-07-28;449263;290533;41310718;30720638
FR;0;2021-07-29;481486;277024;41792204;30997662
FR;0;2021-07-30;451264;302979;42243468;31300641
FR;0;2021-07-31;280988;185104;42524456;31485745
FR;0;2021-08-01;107204;50099;42631660;31535844
FR;0;2021-08-02;318722;234425;42950382;31770269
FR;0;2021-08-03;385209;245472;43335591;32015741
FR;0;2021-08-04;372476;210465;43708067;32226206
FR;0;2021-08-05;355573;228926;44063640;32455132
FR;0;2021-08-06;348528;272183;44412168;32727315
FR;0;2021-08-07;207834;178773;44620002;32906088
FR;0;2021-08-08;70892;63375;44690894;32969463
FR;0;2021-08-09;248887;260289;44939781;33229752
FR;0;2021-08-10;294353;278881;45234134;33508633
