fra;vaccin;jour;n_dose1;n_dose2;n_dose3;n_cum_dose1;n_cum_dose2;n_cum_dose3
FR;1;2020-12-27;374;0;0;374;0;0
FR;1;2020-12-28;403;0;0;777;0;0
FR;1;2020-12-29;264;0;0;1041;0;0
FR;1;2020-12-30;309;0;0;1350;0;0
FR;1;2020-12-31;245;0;0;1595;0;0
FR;1;2021-01-01;281;0;0;1876;0;0
FR;1;2021-01-02;226;0;0;2102;0;0
FR;1;2021-01-03;267;0;0;2369;0;0
FR;1;2021-01-04;1759;0;0;4128;0;0
FR;1;2021-01-05;5693;0;0;9821;0;0
FR;1;2021-01-06;11605;0;0;21426;0;0
FR;1;2021-01-07;29062;0;0;50488;0;0
FR;1;2021-01-08;36720;0;0;87208;0;0
FR;1;2021-01-09;11071;0;0;98279;0;0
FR;1;2021-01-10;5762;0;0;104041;0;0
FR;1;2021-01-11;39629;0;0;143670;0;0
FR;1;2021-01-12;61652;0;0;205322;0;0
FR;1;2021-01-13;64597;0;0;269919;0;0
FR;1;2021-01-14;80848;0;0;350767;0;0
FR;1;2021-01-15;68177;0;0;418944;0;0
FR;1;2021-01-16;19769;86;0;438713;86;0
FR;1;2021-01-17;10730;42;0;449443;128;0
FR;1;2021-01-18;82362;160;0;531805;288;0
FR;1;2021-01-19;125413;125;0;657218;413;0
FR;1;2021-01-20;131877;154;0;789095;567;0
FR;1;2021-01-21;152299;130;0;941394;697;0
FR;1;2021-01-22;115369;160;0;1056763;857;0
FR;1;2021-01-23;36425;50;0;1093188;907;0
FR;1;2021-01-24;9444;27;0;1102632;934;0
FR;1;2021-01-25;74013;1214;0;1176645;2148;0
FR;1;2021-01-26;96063;3107;0;1272708;5255;0
FR;1;2021-01-27;103282;5587;0;1375990;10842;0
FR;1;2021-01-28;120202;14347;0;1496192;25189;0
FR;1;2021-01-29;88522;17270;0;1584714;42459;0
FR;1;2021-01-30;27831;4219;0;1612545;46678;0
FR;1;2021-01-31;5057;1678;0;1617602;48356;0
FR;1;2021-02-01;48933;21115;0;1666535;69471;0
FR;1;2021-02-02;67259;34536;0;1733794;104007;0
FR;1;2021-02-03;66658;36937;0;1800452;140944;0
FR;1;2021-02-04;76623;50016;0;1877075;190960;0
FR;1;2021-02-05;63059;45292;0;1940134;236252;0
FR;1;2021-02-06;19251;10383;0;1959385;246635;0
FR;1;2021-02-07;3572;5036;0;1962957;251671;0
FR;1;2021-02-08;36177;45939;0;1999134;297610;0
FR;1;2021-02-09;50482;72346;0;2049616;369956;0
FR;1;2021-02-10;51491;76627;0;2101107;446583;0
FR;1;2021-02-11;62974;99002;0;2164081;545585;0
FR;1;2021-02-12;55441;73942;0;2219522;619527;0
FR;1;2021-02-13;15324;19254;0;2234846;638781;0
FR;1;2021-02-14;3585;7187;0;2238431;645968;0
FR;1;2021-02-15;23860;73381;0;2262291;719349;0
FR;1;2021-02-16;32404;96774;0;2294695;816123;0
FR;1;2021-02-17;34752;98529;1;2329447;914652;1
FR;1;2021-02-18;48937;113359;0;2378384;1028011;1
FR;1;2021-02-19;45022;86375;0;2423406;1114386;1
FR;1;2021-02-20;13235;26895;0;2436641;1141281;1
FR;1;2021-02-21;2308;6283;0;2438949;1147564;1
FR;1;2021-02-22;24393;69377;1;2463342;1216941;2
FR;1;2021-02-23;37080;80318;1;2500422;1297259;3
FR;1;2021-02-24;40190;77604;1;2540612;1374863;4
FR;1;2021-02-25;49713;87922;1;2590325;1462785;5
FR;1;2021-02-26;46729;67842;0;2637054;1530627;5
FR;1;2021-02-27;15472;20924;0;2652526;1551551;5
FR;1;2021-02-28;3406;4385;1;2655932;1555936;6
FR;1;2021-03-01;39336;48983;0;2695268;1604919;6
FR;1;2021-03-02;55393;61466;1;2750661;1666385;7
FR;1;2021-03-03;60397;60621;0;2811058;1727006;7
FR;1;2021-03-04;72283;64866;2;2883341;1791872;9
FR;1;2021-03-05;74004;59229;2;2957345;1851101;11
FR;1;2021-03-06;82015;16083;0;3039360;1867184;11
FR;1;2021-03-07;63396;5410;0;3102756;1872594;11
FR;1;2021-03-08;59532;42453;0;3162288;1915047;11
FR;1;2021-03-09;85317;48299;0;3247605;1963346;11
FR;1;2021-03-10;89997;48042;2;3337602;2011388;13
FR;1;2021-03-11;104174;53831;0;3441776;2065219;13
FR;1;2021-03-12;103296;45276;1;3545072;2110495;14
FR;1;2021-03-13;88493;12736;0;3633565;2123231;14
FR;1;2021-03-14;44121;3025;0;3677686;2126256;14
FR;1;2021-03-15;94698;29102;0;3772384;2155358;14
FR;1;2021-03-16;122896;34878;1;3895280;2190236;15
FR;1;2021-03-17;128653;34809;2;4023933;2225045;17
FR;1;2021-03-18;142105;39685;1;4166038;2264730;18
FR;1;2021-03-19;135526;32882;0;4301564;2297612;18
FR;1;2021-03-20;75557;10202;0;4377121;2307814;18
FR;1;2021-03-21;26169;2475;1;4403290;2310289;19
FR;1;2021-03-22;113989;31164;2;4517279;2341453;21
FR;1;2021-03-23;142173;38154;1;4659452;2379607;22
FR;1;2021-03-24;141119;38754;0;4800571;2418361;22
FR;1;2021-03-25;164188;39609;1;4964759;2457970;23
FR;1;2021-03-26;165657;37469;1;5130416;2495439;24
FR;1;2021-03-27;110452;15249;0;5240868;2510688;24
FR;1;2021-03-28;42026;3620;2;5282894;2514308;26
FR;1;2021-03-29;129252;49941;1;5412146;2564249;27
FR;1;2021-03-30;166846;63562;3;5578992;2627811;30
FR;1;2021-03-31;170056;66887;3;5749048;2694698;33
FR;1;2021-04-01;193022;79218;4;5942070;2773916;37
FR;1;2021-04-02;163505;84299;4;6105575;2858215;41
FR;1;2021-04-03;87627;58157;2;6193202;2916372;43
FR;1;2021-04-04;32673;17726;0;6225875;2934098;43
FR;1;2021-04-05;43034;10172;3;6268909;2944270;46
FR;1;2021-04-06;159125;100851;6;6428034;3045121;52
FR;1;2021-04-07;195525;108228;5;6623559;3153349;57
FR;1;2021-04-08;220441;112358;6;6844000;3265707;63
FR;1;2021-04-09;213107;107481;6;7057107;3373188;69
FR;1;2021-04-10;116460;73440;8;7173567;3446628;77
FR;1;2021-04-11;40419;30275;3;7213986;3476903;80
FR;1;2021-04-12;167344;103768;25;7381330;3580671;105
FR;1;2021-04-13;202461;128217;50;7583791;3708888;155
FR;1;2021-04-14;206790;122782;105;7790581;3831670;260
FR;1;2021-04-15;219621;126735;136;8010202;3958405;396
FR;1;2021-04-16;204914;125125;163;8215116;4083530;559
FR;1;2021-04-17;121419;67469;42;8336535;4150999;601
FR;1;2021-04-18;35539;20990;20;8372074;4171989;621
FR;1;2021-04-19;162675;121883;315;8534749;4293872;936
FR;1;2021-04-20;187966;148742;317;8722715;4442614;1253
FR;1;2021-04-21;192580;146687;471;8915295;4589301;1724
FR;1;2021-04-22;207601;162589;488;9122896;4751890;2212
FR;1;2021-04-23;197765;156901;418;9320661;4908791;2630
FR;1;2021-04-24;125532;95490;66;9446193;5004281;2696
FR;1;2021-04-25;53170;30126;21;9499363;5034407;2717
FR;1;2021-04-26;180146;138250;305;9679509;5172657;3022
FR;1;2021-04-27;220008;161935;545;9899517;5334592;3567
FR;1;2021-04-28;236976;155072;928;10136493;5489664;4495
FR;1;2021-04-29;268700;160027;811;10405193;5649691;5306
FR;1;2021-04-30;270399;148119;675;10675592;5797810;5981
FR;1;2021-05-01;138931;40703;100;10814523;5838513;6081
FR;1;2021-05-02;80798;28149;47;10895321;5866662;6128
FR;1;2021-05-03;248238;146429;499;11143559;6013091;6627
FR;1;2021-05-04;263383;186802;726;11406942;6199893;7353
FR;1;2021-05-05;280453;184528;712;11687395;6384421;8065
FR;1;2021-05-06;306992;182984;949;11994387;6567405;9014
FR;1;2021-05-07;281983;195680;638;12276370;6763085;9652
FR;1;2021-05-08;190578;48324;132;12466948;6811409;9784
FR;1;2021-05-09;113443;36200;85;12580391;6847609;9869
FR;1;2021-05-10;254374;194216;679;12834765;7041825;10548
FR;1;2021-05-11;316375;211344;914;13151140;7253169;11462
FR;1;2021-05-12;353491;185867;758;13504631;7439036;12220
FR;1;2021-05-13;280999;47632;219;13785630;7486668;12439
FR;1;2021-05-14;367569;128820;575;14153199;7615488;13014
FR;1;2021-05-15;295241;66131;192;14448440;7681619;13206
FR;1;2021-05-16;156800;15576;74;14605240;7697195;13280
FR;1;2021-05-17;316639;116659;836;14921879;7813854;14116
FR;1;2021-05-18;379800;111298;1057;15301679;7925152;15173
FR;1;2021-05-19;392698;102884;1358;15694377;8028036;16531
FR;1;2021-05-20;418719;96293;1189;16113096;8124329;17720
FR;1;2021-05-21;397144;97346;1009;16510240;8221675;18729
FR;1;2021-05-22;274097;42071;331;16784337;8263746;19060
FR;1;2021-05-23;122348;11203;128;16906685;8274949;19188
FR;1;2021-05-24;242646;26296;322;17149331;8301245;19510
FR;1;2021-05-25;363648;131913;1232;17512979;8433158;20742
FR;1;2021-05-26;378412;125655;1199;17891391;8558813;21941
FR;1;2021-05-27;403652;128187;1222;18295043;8687000;23163
FR;1;2021-05-28;363832;145517;970;18658875;8832517;24133
FR;1;2021-05-29;252745;80962;300;18911620;8913479;24433
FR;1;2021-05-30;100268;22563;90;19011888;8936042;24523
FR;1;2021-05-31;312453;148792;762;19324341;9084834;25285
FR;1;2021-06-01;353719;166748;1025;19678060;9251582;26310
FR;1;2021-06-02;358136;153228;1061;20036196;9404810;27371
FR;1;2021-06-03;384517;147727;931;20420713;9552537;28302
FR;1;2021-06-04;359827;175639;870;20780540;9728176;29172
FR;1;2021-06-05;256349;112779;355;21036889;9840955;29527
FR;1;2021-06-06;125187;37523;129;21162076;9878478;29656
FR;1;2021-06-07;296095;208156;796;21458171;10086634;30452
FR;1;2021-06-08;327172;221047;904;21785343;10307681;31356
FR;1;2021-06-09;332567;212648;978;22117910;10520329;32334
FR;1;2021-06-10;338369;202238;1012;22456279;10722567;33346
FR;1;2021-06-11;309276;235502;711;22765555;10958069;34057
FR;1;2021-06-12;242236;150826;236;23007791;11108895;34293
FR;1;2021-06-13;99478;61065;104;23107269;11169960;34397
FR;1;2021-06-14;205359;289123;783;23312628;11459083;35180
FR;1;2021-06-15;253596;282493;801;23566224;11741576;35981
FR;1;2021-06-16;270561;270533;772;23836785;12012109;36753
FR;1;2021-06-17;265318;244475;697;24102103;12256584;37450
FR;1;2021-06-18;258146;296069;628;24360249;12552653;38078
FR;1;2021-06-19;192269;209642;218;24552518;12762295;38296
FR;1;2021-06-20;68864;89168;61;24621382;12851463;38357
FR;1;2021-06-21;170167;320066;542;24791549;13171529;38899
FR;1;2021-06-22;183697;347758;638;24975246;13519287;39537
FR;1;2021-06-23;201692;339477;631;25176938;13858764;40168
FR;1;2021-06-24;201260;281827;668;25378198;14140591;40836
FR;1;2021-06-25;179857;371971;696;25558055;14512562;41532
FR;1;2021-06-26;130217;278427;268;25688272;14790989;41800
FR;1;2021-06-27;51829;123029;78;25740101;14914018;41878
FR;1;2021-06-28;134980;368457;646;25875081;15282475;42524
FR;1;2021-06-29;153320;389617;1702;26028401;15672092;44226
FR;1;2021-06-30;178053;378383;1554;26206454;16050475;45780
FR;1;2021-07-01;195485;332191;1809;26401939;16382666;47589
FR;1;2021-07-02;188744;367827;1692;26590683;16750493;49281
FR;1;2021-07-03;122825;280583;684;26713508;17031076;49965
FR;1;2021-07-04;53207;113758;239;26766715;17144834;50204
FR;1;2021-07-05;150261;356254;1430;26916976;17501088;51634
FR;1;2021-07-06;170772;382776;1519;27087748;17883864;53153
FR;1;2021-07-07;187079;362781;1532;27274827;18246645;54685
FR;1;2021-07-08;198740;323148;1753;27473567;18569793;56438
FR;1;2021-07-09;187796;386757;1777;27661363;18956550;58215
FR;1;2021-07-10;128421;281033;779;27789784;19237583;58994
FR;1;2021-07-11;57020;102481;247;27846804;19340064;59241
FR;1;2021-07-12;147414;417050;1541;27994218;19757114;60782
FR;1;2021-07-13;232169;439709;1742;28226387;20196823;62524
FR;1;2021-07-14;170141;151629;404;28396528;20348452;62928
FR;1;2021-07-15;277021;424754;1779;28673549;20773206;64707
FR;1;2021-07-16;288245;401389;1643;28961794;21174595;66350
FR;1;2021-07-17;216168;282309;713;29177962;21456904;67063
FR;1;2021-07-18;101390;107460;283;29279352;21564364;67346
FR;1;2021-07-19;236481;379460;1451;29515833;21943824;68797
FR;1;2021-07-20;303653;381298;1408;29819486;22325122;70205
FR;1;2021-07-21;331242;353820;1360;30150728;22678942;71565
FR;1;2021-07-22;362396;319476;1452;30513124;22998418;73017
FR;1;2021-07-23;346005;343184;1503;30859129;23341602;74520
FR;1;2021-07-24;238322;241361;664;31097451;23582963;75184
FR;1;2021-07-25;112180;76155;209;31209631;23659118;75393
FR;1;2021-07-26;297850;290449;1453;31507481;23949567;76846
FR;1;2021-07-27;383739;268924;1409;31891220;24218491;78255
FR;1;2021-07-28;388173;251560;1426;32279393;24470051;79681
FR;1;2021-07-29;403925;227907;1498;32683318;24697958;81179
FR;1;2021-07-30;368397;246710;1591;33051715;24944668;82770
FR;1;2021-07-31;242738;164974;768;33294453;25109642;83538
FR;1;2021-08-01;103318;47212;206;33397771;25156854;83744
FR;1;2021-08-02;289511;212792;1424;33687282;25369646;85168
FR;1;2021-08-03;326305;209280;1462;34013587;25578926;86630
FR;1;2021-08-04;325267;184341;1342;34338854;25763267;87972
FR;1;2021-08-05;298636;193185;1424;34637490;25956452;89396
FR;1;2021-08-06;288449;224599;1501;34925939;26181051;90897
FR;1;2021-08-07;181242;158810;631;35107181;26339861;91528
FR;1;2021-08-08;67654;59152;213;35174835;26399013;91741
FR;1;2021-08-09;220799;236008;1380;35395634;26635021;93121
FR;1;2021-08-10;249141;240888;1420;35644775;26875909;94541
FR;1;2021-08-11;233245;232508;1198;35878020;27108417;95739
FR;1;2021-08-12;218236;239833;1413;36096256;27348250;97152
FR;1;2021-08-13;199830;236785;1314;36296086;27585035;98466
FR;1;2021-08-14;120950;174421;615;36417036;27759456;99081
FR;1;2021-08-15;33933;46202;165;36450969;27805658;99246
FR;1;2021-08-16;154458;289923;1340;36605427;28095581;100586
FR;1;2021-08-17;169314;291813;1349;36774741;28387394;101935
FR;1;2021-08-18;159292;286933;1324;36934033;28674327;103259
FR;1;2021-08-19;147162;277300;1319;37081195;28951627;104578
FR;1;2021-08-20;137062;307775;1420;37218257;29259402;105998
FR;1;2021-08-21;83401;213136;542;37301658;29472538;106540
FR;1;2021-08-22;28170;82711;196;37329828;29555249;106736
FR;1;2021-08-23;116962;320884;1359;37446790;29876133;108095
FR;1;2021-08-24;124962;319785;1525;37571752;30195918;109620
FR;1;2021-08-25;119356;306233;1690;37691108;30502151;111310
FR;1;2021-08-26;104953;285445;2073;37796061;30787596;113383
FR;1;2021-08-27;105641;320662;2242;37901702;31108258;115625
FR;1;2021-08-28;70088;220719;1056;37971790;31328977;116681
FR;1;2021-08-29;23744;77954;428;37995534;31406931;117109
FR;1;2021-08-30;94905;286179;4222;38090439;31693110;121331
FR;1;2021-08-31;96581;276335;9068;38187020;31969445;130399
FR;1;2021-09-01;92696;244675;20438;38279716;32214120;150837
FR;1;2021-09-02;73706;197846;23771;38353422;32411966;174608
FR;1;2021-09-03;76737;227317;26382;38430159;32639283;200990
FR;1;2021-09-04;68628;189606;10922;38498787;32828889;211912
FR;1;2021-09-05;18058;41207;4012;38516845;32870096;215924
FR;1;2021-09-06;52613;151632;29693;38569458;33021728;245617
FR;1;2021-09-07;50240;139588;29322;38619698;33161316;274939
FR;1;2021-09-08;64999;173766;26343;38684697;33335082;301282
FR;1;2021-09-09;48266;124125;27341;38732963;33459207;328623
FR;1;2021-09-10;59127;151637;28865;38792090;33610844;357488
FR;1;2021-09-11;49573;146499;9441;38841663;33757343;366929
FR;1;2021-09-12;10227;29193;2345;38851890;33786536;369274
FR;1;2021-09-13;44693;104524;36778;38896583;33891060;406052
FR;1;2021-09-14;49279;95822;48574;38945862;33986882;454626
FR;1;2021-09-15;55273;138817;48395;39001135;34125699;503021
FR;1;2021-09-16;42982;81083;49773;39044117;34206782;552794
FR;1;2021-09-17;49516;109095;42807;39093633;34315877;595601
FR;1;2021-09-18;35703;118235;11443;39129336;34434112;607044
FR;1;2021-09-19;6040;21031;1918;39135376;34455143;608962
FR;1;2021-09-20;31787;74600;43271;39167163;34529743;652233
FR;1;2021-09-21;31820;68193;51716;39198983;34597936;703949
FR;1;2021-09-22;35886;117246;45396;39234869;34715182;749345
FR;1;2021-09-23;29513;61568;47797;39264382;34776750;797142
FR;1;2021-09-24;34049;88682;38945;39298431;34865432;836087
FR;1;2021-09-25;25193;96115;11874;39323624;34961547;847961
FR;1;2021-09-26;3961;15201;1643;39327585;34976748;849604
FR;2;2020-12-27;0;0;0;0;0;0
FR;2;2020-12-28;0;0;0;0;0;0
FR;2;2020-12-29;0;0;0;0;0;0
FR;2;2020-12-30;0;0;0;0;0;0
FR;2;2020-12-31;0;0;0;0;0;0
FR;2;2021-01-01;0;0;0;0;0;0
FR;2;2021-01-02;0;0;0;0;0;0
FR;2;2021-01-03;0;0;0;0;0;0
FR;2;2021-01-04;0;0;0;0;0;0
FR;2;2021-01-05;0;0;0;0;0;0
FR;2;2021-01-06;0;0;0;0;0;0
FR;2;2021-01-07;0;0;0;0;0;0
FR;2;2021-01-08;0;0;0;0;0;0
FR;2;2021-01-09;0;0;0;0;0;0
FR;2;2021-01-10;0;0;0;0;0;0
FR;2;2021-01-11;0;0;0;0;0;0
FR;2;2021-01-12;0;0;0;0;0;0
FR;2;2021-01-13;0;0;0;0;0;0
FR;2;2021-01-14;1096;0;0;1096;0;0
FR;2;2021-01-15;318;0;0;1414;0;0
FR;2;2021-01-16;257;0;0;1671;0;0
FR;2;2021-01-17;42;0;0;1713;0;0
FR;2;2021-01-18;3015;0;0;4728;0;0
FR;2;2021-01-19;4619;0;0;9347;0;0
FR;2;2021-01-20;5058;0;0;14405;0;0
FR;2;2021-01-21;5255;0;0;19660;0;0
FR;2;2021-01-22;5033;0;0;24693;0;0
FR;2;2021-01-23;1822;0;0;26515;0;0
FR;2;2021-01-24;143;0;0;26658;0;0
FR;2;2021-01-25;3740;0;0;30398;0;0
FR;2;2021-01-26;3832;0;0;34230;0;0
FR;2;2021-01-27;3518;0;0;37748;0;0
FR;2;2021-01-28;3633;0;0;41381;0;0
FR;2;2021-01-29;3200;0;0;44581;0;0
FR;2;2021-01-30;1109;0;0;45690;0;0
FR;2;2021-01-31;24;0;0;45714;0;0
FR;2;2021-02-01;3323;0;0;49037;0;0
FR;2;2021-02-02;4396;0;0;53433;0;0
FR;2;2021-02-03;5142;0;0;58575;0;0
FR;2;2021-02-04;4829;4;0;63404;4;0
FR;2;2021-02-05;4718;6;0;68122;10;0
FR;2;2021-02-06;1986;3;0;70108;13;0
FR;2;2021-02-07;73;0;0;70181;13;0
FR;2;2021-02-08;7479;8;0;77660;21;0
FR;2;2021-02-09;8338;15;0;85998;36;0
FR;2;2021-02-10;9243;50;0;95241;86;0
FR;2;2021-02-11;10159;66;0;105400;152;0
FR;2;2021-02-12;9925;238;0;115325;390;0
FR;2;2021-02-13;3073;221;0;118398;611;0
FR;2;2021-02-14;325;0;0;118723;611;0
FR;2;2021-02-15;3399;3064;0;122122;3675;0
FR;2;2021-02-16;5006;3877;0;127128;7552;0
FR;2;2021-02-17;4183;4400;0;131311;11952;0
FR;2;2021-02-18;5323;5088;0;136634;17040;0
FR;2;2021-02-19;5268;4323;0;141902;21363;0
FR;2;2021-02-20;1812;1508;0;143714;22871;0
FR;2;2021-02-21;215;86;0;143929;22957;0
FR;2;2021-02-22;3572;3721;0;147501;26678;0
FR;2;2021-02-23;4887;3690;0;152388;30368;0
FR;2;2021-02-24;4916;3465;0;157304;33833;0
FR;2;2021-02-25;5388;3424;0;162692;37257;0
FR;2;2021-02-26;4293;3121;0;166985;40378;0
FR;2;2021-02-27;1570;1042;0;168555;41420;0
FR;2;2021-02-28;143;28;0;168698;41448;0
FR;2;2021-03-01;5051;3764;0;173749;45212;0
FR;2;2021-03-02;6407;4725;0;180156;49937;0
FR;2;2021-03-03;6419;4881;0;186575;54818;0
FR;2;2021-03-04;8255;3963;0;194830;58781;0
FR;2;2021-03-05;7905;4055;0;202735;62836;0
FR;2;2021-03-06;4702;1682;0;207437;64518;0
FR;2;2021-03-07;2342;29;0;209779;64547;0
FR;2;2021-03-08;4079;8308;0;213858;72855;0
FR;2;2021-03-09;7384;8425;1;221242;81280;1
FR;2;2021-03-10;6975;9106;0;228217;90386;1
FR;2;2021-03-11;9251;9199;0;237468;99585;1
FR;2;2021-03-12;7851;8158;0;245319;107743;1
FR;2;2021-03-13;9969;2510;0;255288;110253;1
FR;2;2021-03-14;4806;401;0;260094;110654;1
FR;2;2021-03-15;10781;3482;0;270875;114136;1
FR;2;2021-03-16;16628;4619;0;287503;118755;1
FR;2;2021-03-17;20078;3952;0;307581;122707;1
FR;2;2021-03-18;23185;4902;0;330766;127609;1
FR;2;2021-03-19;23133;4534;0;353899;132143;1
FR;2;2021-03-20;25321;1538;0;379220;133681;1
FR;2;2021-03-21;17589;147;0;396809;133828;1
FR;2;2021-03-22;17614;3079;0;414423;136907;1
FR;2;2021-03-23;22490;4182;0;436913;141089;1
FR;2;2021-03-24;23764;4985;0;460677;146074;1
FR;2;2021-03-25;26538;5018;0;487215;151092;1
FR;2;2021-03-26;26799;4262;0;514014;155354;1
FR;2;2021-03-27;15812;1308;0;529826;156662;1
FR;2;2021-03-28;10503;92;0;540329;156754;1
FR;2;2021-03-29;18841;4277;0;559170;161031;1
FR;2;2021-03-30;24364;6016;0;583534;167047;1
FR;2;2021-03-31;28380;5953;0;611914;173000;1
FR;2;2021-04-01;34291;8479;0;646205;181479;1
FR;2;2021-04-02;29780;7684;0;675985;189163;1
FR;2;2021-04-03;16848;3580;0;692833;192743;1
FR;2;2021-04-04;9235;918;1;702068;193661;2
FR;2;2021-04-05;12276;807;0;714344;194468;2
FR;2;2021-04-06;26946;6926;0;741290;201394;2
FR;2;2021-04-07;30749;7155;0;772039;208549;2
FR;2;2021-04-08;36693;8818;0;808732;217367;2
FR;2;2021-04-09;33642;8590;27;842374;225957;29
FR;2;2021-04-10;19564;8969;0;861938;234926;29
FR;2;2021-04-11;7863;4270;0;869801;239196;29
FR;2;2021-04-12;16962;11248;0;886763;250444;29
FR;2;2021-04-13;19291;16419;1;906054;266863;30
FR;2;2021-04-14;17846;16278;2;923900;283141;32
FR;2;2021-04-15;22008;20753;24;945908;303894;56
FR;2;2021-04-16;20547;20070;39;966455;323964;95
FR;2;2021-04-17;13147;22457;3;979602;346421;98
FR;2;2021-04-18;5841;14403;2;985443;360824;100
FR;2;2021-04-19;16612;16250;17;1002055;377074;117
FR;2;2021-04-20;19092;21574;23;1021147;398648;140
FR;2;2021-04-21;20040;21661;45;1041187;420309;185
FR;2;2021-04-22;23567;24850;17;1064754;445159;202
FR;2;2021-04-23;24332;25347;63;1089086;470506;265
FR;2;2021-04-24;25157;15102;16;1114243;485608;281
FR;2;2021-04-25;9536;8587;4;1123779;494195;285
FR;2;2021-04-26;16999;17197;14;1140778;511392;299
FR;2;2021-04-27;19105;24298;32;1159883;535690;331
FR;2;2021-04-28;22173;26177;97;1182056;561867;428
FR;2;2021-04-29;25288;30125;54;1207344;591992;482
FR;2;2021-04-30;25398;27767;32;1232742;619759;514
FR;2;2021-05-01;14872;9856;3;1247614;629615;517
FR;2;2021-05-02;6569;9181;2;1254183;638796;519
FR;2;2021-05-03;19828;19315;15;1274011;658111;534
FR;2;2021-05-04;18114;29049;12;1292125;687160;546
FR;2;2021-05-05;18091;29404;24;1310216;716564;570
FR;2;2021-05-06;23313;35281;91;1333529;751845;661
FR;2;2021-05-07;25039;33219;64;1358568;785064;725
FR;2;2021-05-08;21150;9700;7;1379718;794764;732
FR;2;2021-05-09;13075;7891;2;1392793;802655;734
FR;2;2021-05-10;32634;22210;20;1425427;824865;754
FR;2;2021-05-11;43272;21066;43;1468699;845931;797
FR;2;2021-05-12;49675;19894;68;1518374;865825;865
FR;2;2021-05-13;50981;5765;13;1569355;871590;878
FR;2;2021-05-14;60984;12947;78;1630339;884537;956
FR;2;2021-05-15;65589;7147;12;1695928;891684;968
FR;2;2021-05-16;43321;2575;4;1739249;894259;972
FR;2;2021-05-17;44439;12581;51;1783688;906840;1023
FR;2;2021-05-18;54288;12242;69;1837976;919082;1092
FR;2;2021-05-19;56809;10609;123;1894785;929691;1215
FR;2;2021-05-20;63033;10872;136;1957818;940563;1351
FR;2;2021-05-21;63909;11659;114;2021727;952222;1465
FR;2;2021-05-22;61203;4513;29;2082930;956735;1494
FR;2;2021-05-23;37317;570;9;2120247;957305;1503
FR;2;2021-05-24;17009;2030;19;2137256;959335;1522
FR;2;2021-05-25;20809;12235;144;2158065;971570;1666
FR;2;2021-05-26;19588;11453;140;2177653;983023;1806
FR;2;2021-05-27;22678;12659;116;2200331;995682;1922
FR;2;2021-05-28;29114;14975;124;2229445;1010657;2046
FR;2;2021-05-29;30222;8181;33;2259667;1018838;2079
FR;2;2021-05-30;4559;1809;2;2264226;1020647;2081
FR;2;2021-05-31;28367;18746;114;2292593;1039393;2195
FR;2;2021-06-01;45285;20065;144;2337878;1059458;2339
FR;2;2021-06-02;37183;19303;97;2375061;1078761;2436
FR;2;2021-06-03;50938;23378;90;2425999;1102139;2526
FR;2;2021-06-04;65207;24092;128;2491206;1126231;2654
FR;2;2021-06-05;34301;24037;20;2525507;1150268;2674
FR;2;2021-06-06;4838;6201;4;2530345;1156469;2678
FR;2;2021-06-07;27899;23092;86;2558244;1179561;2764
FR;2;2021-06-08;46094;22955;89;2604338;1202516;2853
FR;2;2021-06-09;34044;20910;50;2638382;1223426;2903
FR;2;2021-06-10;42376;19151;34;2680758;1242577;2937
FR;2;2021-06-11;55052;25245;67;2735810;1267822;3004
FR;2;2021-06-12;30403;19810;27;2766213;1287632;3031
FR;2;2021-06-13;3240;9187;4;2769453;1296819;3035
FR;2;2021-06-14;25104;24185;50;2794557;1321004;3085
FR;2;2021-06-15;38779;22883;71;2833336;1343887;3156
FR;2;2021-06-16;29968;21479;87;2863304;1365366;3243
FR;2;2021-06-17;36676;25897;77;2899980;1391263;3320
FR;2;2021-06-18;46666;28797;63;2946646;1420060;3383
FR;2;2021-06-19;24417;24915;21;2971063;1444975;3404
FR;2;2021-06-20;2715;10069;5;2973778;1455044;3409
FR;2;2021-06-21;17329;42764;50;2991107;1497808;3459
FR;2;2021-06-22;28183;49609;70;3019290;1547417;3529
FR;2;2021-06-23;21637;49613;64;3040927;1597030;3593
FR;2;2021-06-24;28240;50300;84;3069167;1647330;3677
FR;2;2021-06-25;33240;60416;82;3102407;1707746;3759
FR;2;2021-06-26;16260;59280;28;3118667;1767026;3787
FR;2;2021-06-27;2512;29350;12;3121179;1796376;3799
FR;2;2021-06-28;12491;54368;38;3133670;1850744;3837
FR;2;2021-06-29;19730;59893;174;3153400;1910637;4011
FR;2;2021-06-30;16204;57764;214;3169604;1968401;4225
FR;2;2021-07-01;20259;59909;212;3189863;2028310;4437
FR;2;2021-07-02;23877;62213;180;3213740;2090523;4617
FR;2;2021-07-03;11990;57099;155;3225730;2147622;4772
FR;2;2021-07-04;1902;23331;20;3227632;2170953;4792
FR;2;2021-07-05;8987;29362;101;3236619;2200315;4893
FR;2;2021-07-06;14390;36203;129;3251009;2236518;5022
FR;2;2021-07-07;14112;33679;135;3265121;2270197;5157
FR;2;2021-07-08;19496;40295;159;3284617;2310492;5316
FR;2;2021-07-09;26913;54279;194;3311530;2364771;5510
FR;2;2021-07-10;13254;33673;108;3324784;2398444;5618
FR;2;2021-07-11;1638;4329;12;3326422;2402773;5630
FR;2;2021-07-12;12799;37278;110;3339221;2440051;5740
FR;2;2021-07-13;36929;53277;151;3376150;2493328;5891
FR;2;2021-07-14;6411;3577;14;3382561;2496905;5905
FR;2;2021-07-15;46983;47047;151;3429544;2543952;6056
FR;2;2021-07-16;64090;55869;182;3493634;2599821;6238
FR;2;2021-07-17;31422;23953;95;3525056;2623774;6333
FR;2;2021-07-18;5989;4946;18;3531045;2628720;6351
FR;2;2021-07-19;32810;28729;89;3563855;2657449;6440
FR;2;2021-07-20;51772;44601;143;3615627;2702050;6583
FR;2;2021-07-21;45022;34833;90;3660649;2736883;6673
FR;2;2021-07-22;56036;41107;123;3716685;2777990;6796
FR;2;2021-07-23;68092;49135;168;3784777;2827125;6964
FR;2;2021-07-24;36003;21555;79;3820780;2848680;7043
FR;2;2021-07-25;6642;2678;10;3827422;2851358;7053
FR;2;2021-07-26;36097;22502;88;3863519;2873860;7141
FR;2;2021-07-27;62139;34652;178;3925658;2908512;7319
FR;2;2021-07-28;55060;26488;129;3980718;2935000;7448
FR;2;2021-07-29;68149;32793;180;4048867;2967793;7628
FR;2;2021-07-30;74130;37787;213;4122997;3005580;7841
FR;2;2021-07-31;34538;16164;94;4157535;3021744;7935
FR;2;2021-08-01;5228;2301;13;4162763;3024045;7948
FR;2;2021-08-02;35532;16166;94;4198295;3040211;8042
FR;2;2021-08-03;55670;28249;135;4253965;3068460;8177
FR;2;2021-08-04;46354;20839;127;4300319;3089299;8304
FR;2;2021-08-05;54328;31593;208;4354647;3120892;8512
FR;2;2021-08-06;57824;42363;231;4412471;3163255;8743
FR;2;2021-08-07;24980;17593;90;4437451;3180848;8833
FR;2;2021-08-08;3747;3667;19;4441198;3184515;8852
FR;2;2021-08-09;29122;21149;83;4470320;3205664;8935
FR;2;2021-08-10;44751;33528;145;4515071;3239192;9080
FR;2;2021-08-11;35042;25146;140;4550113;3264338;9220
FR;2;2021-08-12;41668;35737;154;4591781;3300075;9374
FR;2;2021-08-13;42363;36230;203;4634144;3336305;9577
FR;2;2021-08-14;18377;22628;89;4652521;3358933;9666
FR;2;2021-08-15;2945;3845;13;4655466;3362778;9679
FR;2;2021-08-16;24929;27376;93;4680395;3390154;9772
FR;2;2021-08-17;38074;43532;187;4718469;3433686;9959
FR;2;2021-08-18;32079;36400;179;4750548;3470086;10138
FR;2;2021-08-19;37240;46580;210;4787788;3516666;10348
FR;2;2021-08-20;40250;55489;243;4828038;3572155;10591
FR;2;2021-08-21;17978;24258;100;4846016;3596413;10691
FR;2;2021-08-22;2860;4315;18;4848876;3600728;10709
FR;2;2021-08-23;19039;35127;115;4867915;3635855;10824
FR;2;2021-08-24;31739;56043;217;4899654;3691898;11041
FR;2;2021-08-25;25754;43416;228;4925408;3735314;11269
FR;2;2021-08-26;32118;55655;369;4957526;3790969;11638
FR;2;2021-08-27;36682;65414;450;4994208;3856383;12088
FR;2;2021-08-28;17607;28347;283;5011815;3884730;12371
FR;2;2021-08-29;2610;5095;45;5014425;3889825;12416
FR;2;2021-08-30;18153;37790;352;5032578;3927615;12768
FR;2;2021-08-31;27833;57476;839;5060411;3985091;13607
FR;2;2021-09-01;21076;39773;1245;5081487;4024864;14852
FR;2;2021-09-02;24964;48568;1890;5106451;4073432;16742
FR;2;2021-09-03;32821;64352;2838;5139272;4137784;19580
FR;2;2021-09-04;16408;27549;1388;5155680;4165333;20968
FR;2;2021-09-05;2183;3732;243;5157863;4169065;21211
FR;2;2021-09-06;13647;28746;1727;5171510;4197811;22938
FR;2;2021-09-07;20696;41021;2865;5192206;4238832;25803
FR;2;2021-09-08;16736;31935;2674;5208942;4270767;28477
FR;2;2021-09-09;20492;40403;4249;5229434;4311170;32726
FR;2;2021-09-10;27598;51002;5113;5257032;4362172;37839
FR;2;2021-09-11;13348;21990;2262;5270380;4384162;40101
FR;2;2021-09-12;1720;2850;258;5272100;4387012;40359
FR;2;2021-09-13;11317;21500;2355;5283417;4408512;42714
FR;2;2021-09-14;18116;32759;4807;5301533;4441271;47521
FR;2;2021-09-15;14351;28386;5051;5315884;4469657;52572
FR;2;2021-09-16;15712;32711;6562;5331596;4502368;59134
FR;2;2021-09-17;20378;47007;8600;5351974;4549375;67734
FR;2;2021-09-18;9566;20844;3707;5361540;4570219;71441
FR;2;2021-09-19;1113;2729;375;5362653;4572948;71816
FR;2;2021-09-20;7192;18870;3705;5369845;4591818;75521
FR;2;2021-09-21;10913;30031;6372;5380758;4621849;81893
FR;2;2021-09-22;9022;23548;5367;5389780;4645397;87260
FR;2;2021-09-23;10324;28865;7621;5400104;4674262;94881
FR;2;2021-09-24;14452;42750;10509;5414556;4717012;105390
FR;2;2021-09-25;6636;18595;3765;5421192;4735607;109155
FR;2;2021-09-26;883;2595;434;5422075;4738202;109589
FR;3;2020-12-27;0;0;0;0;0;0
FR;3;2020-12-28;0;0;0;0;0;0
FR;3;2020-12-29;0;0;0;0;0;0
FR;3;2020-12-30;0;0;0;0;0;0
FR;3;2020-12-31;0;0;0;0;0;0
FR;3;2021-01-01;0;0;0;0;0;0
FR;3;2021-01-02;0;0;0;0;0;0
FR;3;2021-01-03;0;0;0;0;0;0
FR;3;2021-01-04;0;0;0;0;0;0
FR;3;2021-01-05;0;0;0;0;0;0
FR;3;2021-01-06;0;0;0;0;0;0
FR;3;2021-01-07;0;0;0;0;0;0
FR;3;2021-01-08;0;0;0;0;0;0
FR;3;2021-01-09;0;0;0;0;0;0
FR;3;2021-01-10;0;0;0;0;0;0
FR;3;2021-01-11;0;0;0;0;0;0
FR;3;2021-01-12;0;0;0;0;0;0
FR;3;2021-01-13;0;0;0;0;0;0
FR;3;2021-01-14;0;0;0;0;0;0
FR;3;2021-01-15;0;0;0;0;0;0
FR;3;2021-01-16;0;0;0;0;0;0
FR;3;2021-01-17;0;0;0;0;0;0
FR;3;2021-01-18;0;0;0;0;0;0
FR;3;2021-01-19;0;0;0;0;0;0
FR;3;2021-01-20;0;0;0;0;0;0
FR;3;2021-01-21;0;0;0;0;0;0
FR;3;2021-01-22;0;0;0;0;0;0
FR;3;2021-01-23;0;0;0;0;0;0
FR;3;2021-01-24;0;0;0;0;0;0
FR;3;2021-01-25;0;0;0;0;0;0
FR;3;2021-01-26;0;0;0;0;0;0
FR;3;2021-01-27;0;0;0;0;0;0
FR;3;2021-01-28;0;0;0;0;0;0
FR;3;2021-01-29;0;0;0;0;0;0
FR;3;2021-01-30;0;0;0;0;0;0
FR;3;2021-01-31;0;0;0;0;0;0
FR;3;2021-02-01;0;0;0;0;0;0
FR;3;2021-02-02;0;0;0;0;0;0
FR;3;2021-02-03;0;0;0;0;0;0
FR;3;2021-02-04;0;0;0;0;0;0
FR;3;2021-02-05;0;0;0;0;0;0
FR;3;2021-02-06;889;0;0;889;0;0
FR;3;2021-02-07;1375;0;0;2264;0;0
FR;3;2021-02-08;2701;0;0;4965;0;0
FR;3;2021-02-09;6702;0;0;11667;0;0
FR;3;2021-02-10;9463;0;0;21130;0;0
FR;3;2021-02-11;13484;0;0;34614;0;0
FR;3;2021-02-12;13195;0;0;47809;0;0
FR;3;2021-02-13;3606;0;0;51415;0;0
FR;3;2021-02-14;915;0;0;52330;0;0
FR;3;2021-02-15;10282;0;0;62612;0;0
FR;3;2021-02-16;12350;0;0;74962;0;0
FR;3;2021-02-17;10965;0;0;85927;0;0
FR;3;2021-02-18;14745;0;0;100672;0;0
FR;3;2021-02-19;14213;0;0;114885;0;0
FR;3;2021-02-20;3232;0;0;118117;0;0
FR;3;2021-02-21;579;0;0;118696;0;0
FR;3;2021-02-22;9034;0;0;127730;0;0
FR;3;2021-02-23;11227;0;0;138957;0;0
FR;3;2021-02-24;14099;0;0;153056;0;0
FR;3;2021-02-25;44724;0;0;197780;0;0
FR;3;2021-02-26;61694;0;0;259474;0;0
FR;3;2021-02-27;34660;6;0;294134;6;0
FR;3;2021-02-28;2395;0;0;296529;6;0
FR;3;2021-03-01;20208;9;0;316737;15;0
FR;3;2021-03-02;38624;12;0;355361;27;0
FR;3;2021-03-03;48415;14;0;403776;41;0
FR;3;2021-03-04;81917;18;0;485693;59;0
FR;3;2021-03-05;117773;41;0;603466;100;0
FR;3;2021-03-06;120307;47;1;723773;147;1
FR;3;2021-03-07;54976;26;0;778749;173;1
FR;3;2021-03-08;42558;20;0;821307;193;1
FR;3;2021-03-09;78688;30;0;899995;223;1
FR;3;2021-03-10;80562;36;0;980557;259;1
FR;3;2021-03-11;128063;46;0;1108620;305;1
FR;3;2021-03-12;182332;67;0;1290952;372;1
FR;3;2021-03-13;131854;50;0;1422806;422;1
FR;3;2021-03-14;13943;4;0;1436749;426;1
FR;3;2021-03-15;51927;34;0;1488676;460;1
FR;3;2021-03-16;1044;13;0;1489720;473;1
FR;3;2021-03-17;790;6;0;1490510;479;1
FR;3;2021-03-18;1382;4;0;1491892;483;1
FR;3;2021-03-19;70186;36;0;1562078;519;1
FR;3;2021-03-20;65022;35;0;1627100;554;1
FR;3;2021-03-21;5632;4;0;1632732;558;1
FR;3;2021-03-22;37233;30;0;1669965;588;1
FR;3;2021-03-23;84323;49;0;1754288;637;1
FR;3;2021-03-24;90657;88;0;1844945;725;1
FR;3;2021-03-25;149714;114;0;1994659;839;1
FR;3;2021-03-26;165064;152;0;2159723;991;1
FR;3;2021-03-27;68229;88;0;2227952;1079;1
FR;3;2021-03-28;6360;19;0;2234312;1098;1
FR;3;2021-03-29;53914;59;0;2288226;1157;1
FR;3;2021-03-30;92885;87;0;2381111;1244;1
FR;3;2021-03-31;63255;81;0;2444366;1325;1
FR;3;2021-04-01;85816;98;0;2530182;1423;1
FR;3;2021-04-02;86673;143;0;2616855;1566;1
FR;3;2021-04-03;35704;108;0;2652559;1674;1
FR;3;2021-04-04;3474;15;0;2656033;1689;1
FR;3;2021-04-05;4363;21;0;2660396;1710;1
FR;3;2021-04-06;29481;72;0;2689877;1782;1
FR;3;2021-04-07;32066;59;0;2721943;1841;1
FR;3;2021-04-08;78552;232;0;2800495;2073;1
FR;3;2021-04-09;161437;405;0;2961932;2478;1
FR;3;2021-04-10;75520;327;0;3037452;2805;1
FR;3;2021-04-11;7209;42;0;3044661;2847;1
FR;3;2021-04-12;51220;195;0;3095881;3042;1
FR;3;2021-04-13;85945;309;0;3181826;3351;1
FR;3;2021-04-14;67512;337;0;3249338;3688;1
FR;3;2021-04-15;92816;363;0;3342154;4051;1
FR;3;2021-04-16;112213;566;0;3454367;4617;1
FR;3;2021-04-17;53116;319;1;3507483;4936;2
FR;3;2021-04-18;9613;32;0;3517096;4968;2
FR;3;2021-04-19;24859;228;0;3541955;5196;2
FR;3;2021-04-20;45372;388;0;3587327;5584;2
FR;3;2021-04-21;38680;441;0;3626007;6025;2
FR;3;2021-04-22;54462;778;0;3680469;6803;2
FR;3;2021-04-23;70264;1009;0;3750733;7812;2
FR;3;2021-04-24;37066;969;0;3787799;8781;2
FR;3;2021-04-25;6071;152;0;3793870;8933;2
FR;3;2021-04-26;19523;648;0;3813393;9581;2
FR;3;2021-04-27;34200;1240;0;3847593;10821;2
FR;3;2021-04-28;28740;1926;0;3876333;12747;2
FR;3;2021-04-29;45146;5946;0;3921479;18693;2
FR;3;2021-04-30;55265;8920;0;3976744;27613;2
FR;3;2021-05-01;9372;1963;0;3986116;29576;2
FR;3;2021-05-02;2932;498;0;3989048;30074;2
FR;3;2021-05-03;12835;3880;0;4001883;33954;2
FR;3;2021-05-04;22833;8422;0;4024716;42376;2
FR;3;2021-05-05;18473;10567;0;4043189;52943;2
FR;3;2021-05-06;34343;20889;0;4077532;73832;2
FR;3;2021-05-07;43982;28385;0;4121514;102217;2
FR;3;2021-05-08;6624;8876;0;4128138;111093;2
FR;3;2021-05-09;1689;2650;0;4129827;113743;2
FR;3;2021-05-10;14749;12554;0;4144576;126297;2
FR;3;2021-05-11;26823;25717;0;4171399;152014;2
FR;3;2021-05-12;17061;27443;1;4188460;179457;3
FR;3;2021-05-13;2137;3481;0;4190597;182938;3
FR;3;2021-05-14;14347;25732;0;4204944;208670;3
FR;3;2021-05-15;7080;20728;0;4212024;229398;3
FR;3;2021-05-16;886;2677;0;4212910;232075;3
FR;3;2021-05-17;7740;19904;0;4220650;251979;3
FR;3;2021-05-18;13182;29626;0;4233832;281605;3
FR;3;2021-05-19;9028;31853;0;4242860;313458;3
FR;3;2021-05-20;12560;53204;2;4255420;366662;5
FR;3;2021-05-21;12538;65523;0;4267958;432185;5
FR;3;2021-05-22;4818;33293;1;4272776;465478;6
FR;3;2021-05-23;553;2664;0;4273329;468142;6
FR;3;2021-05-24;671;4914;0;4274000;473056;6
FR;3;2021-05-25;5068;45168;0;4279068;518224;6
FR;3;2021-05-26;4756;51046;1;4283824;569270;7
FR;3;2021-05-27;6107;77826;1;4289931;647096;8
FR;3;2021-05-28;7352;99093;0;4297283;746189;8
FR;3;2021-05-29;3183;60277;1;4300466;806466;9
FR;3;2021-05-30;411;8243;0;4300877;814709;9
FR;3;2021-05-31;2192;35985;0;4303069;850694;9
FR;3;2021-06-01;3119;64808;5;4306188;915502;14
FR;3;2021-06-02;2518;58347;0;4308706;973849;14
FR;3;2021-06-03;3308;87572;3;4312014;1061421;17
FR;3;2021-06-04;3960;105113;12;4315974;1166534;29
FR;3;2021-06-05;1859;52237;0;4317833;1218771;29
FR;3;2021-06-06;331;5399;0;4318164;1224170;29
FR;3;2021-06-07;1216;31179;3;4319380;1255349;32
FR;3;2021-06-08;1824;47275;9;4321204;1302624;41
FR;3;2021-06-09;1545;42392;8;4322749;1345016;49
FR;3;2021-06-10;2011;67987;7;4324760;1413003;56
FR;3;2021-06-11;2328;96792;17;4327088;1509795;73
FR;3;2021-06-12;1045;40835;4;4328133;1550630;77
FR;3;2021-06-13;173;3823;1;4328306;1554453;78
FR;3;2021-06-14;856;42659;11;4329162;1597112;89
FR;3;2021-06-15;1205;80686;5;4330367;1677798;94
FR;3;2021-06-16;1086;65775;7;4331453;1743573;101
FR;3;2021-06-17;1489;101849;20;4332942;1845422;121
FR;3;2021-06-18;1777;117917;24;4334719;1963339;145
FR;3;2021-06-19;739;39401;11;4335458;2002740;156
FR;3;2021-06-20;94;3383;0;4335552;2006123;156
FR;3;2021-06-21;623;39287;8;4336175;2045410;164
FR;3;2021-06-22;935;70010;33;4337110;2115420;197
FR;3;2021-06-23;826;50844;15;4337936;2166264;212
FR;3;2021-06-24;1204;77206;24;4339140;2243470;236
FR;3;2021-06-25;1308;89960;40;4340448;2333430;276
FR;3;2021-06-26;556;33134;12;4341004;2366564;288
FR;3;2021-06-27;109;4026;1;4341113;2370590;289
FR;3;2021-06-28;523;30455;13;4341636;2401045;302
FR;3;2021-06-29;767;56143;93;4342403;2457188;395
FR;3;2021-06-30;797;45054;89;4343200;2502242;484
FR;3;2021-07-01;1047;65655;108;4344247;2567897;592
FR;3;2021-07-02;1202;90442;171;4345449;2658339;763
FR;3;2021-07-03;559;31190;54;4346008;2689529;817
FR;3;2021-07-04;86;4275;3;4346094;2693804;820
FR;3;2021-07-05;534;33930;60;4346628;2727734;880
FR;3;2021-07-06;837;56128;87;4347465;2783862;967
FR;3;2021-07-07;771;43081;77;4348236;2826943;1044
FR;3;2021-07-08;1039;60752;99;4349275;2887695;1143
FR;3;2021-07-09;1176;68837;125;4350451;2956532;1268
FR;3;2021-07-10;565;25053;58;4351016;2981585;1326
FR;3;2021-07-11;73;3309;4;4351089;2984894;1330
FR;3;2021-07-12;546;23931;58;4351635;3008825;1388
FR;3;2021-07-13;1534;34756;88;4353169;3043581;1476
FR;3;2021-07-14;156;2650;2;4353325;3046231;1478
FR;3;2021-07-15;1845;30693;82;4355170;3076924;1560
FR;3;2021-07-16;2419;38902;123;4357589;3115826;1683
FR;3;2021-07-17;979;13753;26;4358568;3129579;1709
FR;3;2021-07-18;205;2610;3;4358773;3132189;1712
FR;3;2021-07-19;1195;17238;34;4359968;3149427;1746
FR;3;2021-07-20;1742;27171;93;4361710;3176598;1839
FR;3;2021-07-21;1569;19746;43;4363279;3196344;1882
FR;3;2021-07-22;1750;27800;79;4365029;3224144;1961
FR;3;2021-07-23;2119;30477;113;4367148;3254621;2074
FR;3;2021-07-24;766;7019;23;4367914;3261640;2097
FR;3;2021-07-25;176;1350;1;4368090;3262990;2098
FR;3;2021-07-26;816;10717;28;4368906;3273707;2126
FR;3;2021-07-27;1073;16977;55;4369979;3290684;2181
FR;3;2021-07-28;890;12125;37;4370869;3302809;2218
FR;3;2021-07-29;1054;15869;63;4371923;3318678;2281
FR;3;2021-07-30;1047;18111;75;4372970;3336789;2356
FR;3;2021-07-31;346;3750;13;4373316;3340539;2369
FR;3;2021-08-01;53;482;1;4373369;3341021;2370
FR;3;2021-08-02;331;5160;23;4373700;3346181;2393
FR;3;2021-08-03;425;7587;25;4374125;3353768;2418
FR;3;2021-08-04;376;4893;25;4374501;3358661;2443
FR;3;2021-08-05;368;3749;12;4374869;3362410;2455
FR;3;2021-08-06;400;4786;28;4375269;3367196;2483
FR;3;2021-08-07;166;1925;11;4375435;3369121;2494
FR;3;2021-08-08;77;423;2;4375512;3369544;2496
FR;3;2021-08-09;227;2521;10;4375739;3372065;2506
FR;3;2021-08-10;280;3898;15;4376019;3375963;2521
FR;3;2021-08-11;198;2719;14;4376217;3378682;2535
FR;3;2021-08-12;216;2625;12;4376433;3381307;2547
FR;3;2021-08-13;226;2251;15;4376659;3383558;2562
FR;3;2021-08-14;130;934;1;4376789;3384492;2563
FR;3;2021-08-15;24;161;0;4376813;3384653;2563
FR;3;2021-08-16;86;1090;8;4376899;3385743;2571
FR;3;2021-08-17;127;1494;7;4377026;3387237;2578
FR;3;2021-08-18;137;1343;8;4377163;3388580;2586
FR;3;2021-08-19;128;1426;9;4377291;3390006;2595
FR;3;2021-08-20;123;1626;15;4377414;3391632;2610
FR;3;2021-08-21;60;583;0;4377474;3392215;2610
FR;3;2021-08-22;16;168;1;4377490;3392383;2611
FR;3;2021-08-23;92;921;7;4377582;3393304;2618
FR;3;2021-08-24;92;958;9;4377674;3394262;2627
FR;3;2021-08-25;89;835;2;4377763;3395097;2629
FR;3;2021-08-26;128;876;9;4377891;3395973;2638
FR;3;2021-08-27;140;953;9;4378031;3396926;2647
FR;3;2021-08-28;76;354;3;4378107;3397280;2650
FR;3;2021-08-29;18;123;1;4378125;3397403;2651
FR;3;2021-08-30;59;590;0;4378184;3397993;2651
FR;3;2021-08-31;78;710;7;4378262;3398703;2658
FR;3;2021-09-01;69;467;4;4378331;3399170;2662
FR;3;2021-09-02;63;624;20;4378394;3399794;2682
FR;3;2021-09-03;75;586;16;4378469;3400380;2698
FR;3;2021-09-04;25;279;3;4378494;3400659;2701
FR;3;2021-09-05;12;58;4;4378506;3400717;2705
FR;3;2021-09-06;46;401;3;4378552;3401118;2708
FR;3;2021-09-07;72;482;13;4378624;3401600;2721
FR;3;2021-09-08;63;354;0;4378687;3401954;2721
FR;3;2021-09-09;37;386;4;4378724;3402340;2725
FR;3;2021-09-10;62;421;2;4378786;3402761;2727
FR;3;2021-09-11;31;230;4;4378817;3402991;2731
FR;3;2021-09-12;8;46;1;4378825;3403037;2732
FR;3;2021-09-13;27;332;3;4378852;3403369;2735
FR;3;2021-09-14;25;287;3;4378877;3403656;2738
FR;3;2021-09-15;12;258;3;4378889;3403914;2741
FR;3;2021-09-16;20;332;5;4378909;3404246;2746
FR;3;2021-09-17;30;345;4;4378939;3404591;2750
FR;3;2021-09-18;13;169;0;4378952;3404760;2750
FR;3;2021-09-19;3;29;1;4378955;3404789;2751
FR;3;2021-09-20;40;212;0;4378995;3405001;2751
FR;3;2021-09-21;19;275;4;4379014;3405276;2755
FR;3;2021-09-22;14;219;6;4379028;3405495;2761
FR;3;2021-09-23;10;267;7;4379038;3405762;2768
FR;3;2021-09-24;9;311;7;4379047;3406073;2775
FR;3;2021-09-25;14;154;2;4379061;3406227;2777
FR;3;2021-09-26;0;40;1;4379061;3406267;2778
FR;4;2020-12-27;0;0;0;0;0;0
FR;4;2020-12-28;0;0;0;0;0;0
FR;4;2020-12-29;0;0;0;0;0;0
FR;4;2020-12-30;0;0;0;0;0;0
FR;4;2020-12-31;0;0;0;0;0;0
FR;4;2021-01-01;0;0;0;0;0;0
FR;4;2021-01-02;0;0;0;0;0;0
FR;4;2021-01-03;0;0;0;0;0;0
FR;4;2021-01-04;0;0;0;0;0;0
FR;4;2021-01-05;0;0;0;0;0;0
FR;4;2021-01-06;0;0;0;0;0;0
FR;4;2021-01-07;0;0;0;0;0;0
FR;4;2021-01-08;0;0;0;0;0;0
FR;4;2021-01-09;0;0;0;0;0;0
FR;4;2021-01-10;0;0;0;0;0;0
FR;4;2021-01-11;0;0;0;0;0;0
FR;4;2021-01-12;0;0;0;0;0;0
FR;4;2021-01-13;0;0;0;0;0;0
FR;4;2021-01-14;0;0;0;0;0;0
FR;4;2021-01-15;0;0;0;0;0;0
FR;4;2021-01-16;0;0;0;0;0;0
FR;4;2021-01-17;0;0;0;0;0;0
FR;4;2021-01-18;0;0;0;0;0;0
FR;4;2021-01-19;0;0;0;0;0;0
FR;4;2021-01-20;0;0;0;0;0;0
FR;4;2021-01-21;0;0;0;0;0;0
FR;4;2021-01-22;0;0;0;0;0;0
FR;4;2021-01-23;0;0;0;0;0;0
FR;4;2021-01-24;0;0;0;0;0;0
FR;4;2021-01-25;0;0;0;0;0;0
FR;4;2021-01-26;0;0;0;0;0;0
FR;4;2021-01-27;0;0;0;0;0;0
FR;4;2021-01-28;0;0;0;0;0;0
FR;4;2021-01-29;0;0;0;0;0;0
FR;4;2021-01-30;0;0;0;0;0;0
FR;4;2021-01-31;0;0;0;0;0;0
FR;4;2021-02-01;0;0;0;0;0;0
FR;4;2021-02-02;0;0;0;0;0;0
FR;4;2021-02-03;0;0;0;0;0;0
FR;4;2021-02-04;0;0;0;0;0;0
FR;4;2021-02-05;0;0;0;0;0;0
FR;4;2021-02-06;0;0;0;0;0;0
FR;4;2021-02-07;0;0;0;0;0;0
FR;4;2021-02-08;0;0;0;0;0;0
FR;4;2021-02-09;0;0;0;0;0;0
FR;4;2021-02-10;0;0;0;0;0;0
FR;4;2021-02-11;0;0;0;0;0;0
FR;4;2021-02-12;0;0;0;0;0;0
FR;4;2021-02-13;0;0;0;0;0;0
FR;4;2021-02-14;0;0;0;0;0;0
FR;4;2021-02-15;0;0;0;0;0;0
FR;4;2021-02-16;0;0;0;0;0;0
FR;4;2021-02-17;0;0;0;0;0;0
FR;4;2021-02-18;0;0;0;0;0;0
FR;4;2021-02-19;0;0;0;0;0;0
FR;4;2021-02-20;0;0;0;0;0;0
FR;4;2021-02-21;0;0;0;0;0;0
FR;4;2021-02-22;0;0;0;0;0;0
FR;4;2021-02-23;0;0;0;0;0;0
FR;4;2021-02-24;0;0;0;0;0;0
FR;4;2021-02-25;0;0;0;0;0;0
FR;4;2021-02-26;0;0;0;0;0;0
FR;4;2021-02-27;0;0;0;0;0;0
FR;4;2021-02-28;0;0;0;0;0;0
FR;4;2021-03-01;0;0;0;0;0;0
FR;4;2021-03-02;0;0;0;0;0;0
FR;4;2021-03-03;0;0;0;0;0;0
FR;4;2021-03-04;0;0;0;0;0;0
FR;4;2021-03-05;0;1;0;0;1;0
FR;4;2021-03-06;0;0;0;0;1;0
FR;4;2021-03-07;0;0;0;0;1;0
FR;4;2021-03-08;0;0;0;0;1;0
FR;4;2021-03-09;0;0;0;0;1;0
FR;4;2021-03-10;0;0;0;0;1;0
FR;4;2021-03-11;0;0;0;0;1;0
FR;4;2021-03-12;0;0;0;0;1;0
FR;4;2021-03-13;0;0;0;0;1;0
FR;4;2021-03-14;0;0;0;0;1;0
FR;4;2021-03-15;0;0;0;0;1;0
FR;4;2021-03-16;0;0;0;0;1;0
FR;4;2021-03-17;0;0;0;0;1;0
FR;4;2021-03-18;0;0;0;0;1;0
FR;4;2021-03-19;0;0;0;0;1;0
FR;4;2021-03-20;0;0;0;0;1;0
FR;4;2021-03-21;0;0;0;0;1;0
FR;4;2021-03-22;0;0;0;0;1;0
FR;4;2021-03-23;0;0;0;0;1;0
FR;4;2021-03-24;0;0;0;0;1;0
FR;4;2021-03-25;0;0;0;0;1;0
FR;4;2021-03-26;0;0;0;0;1;0
FR;4;2021-03-27;0;0;0;0;1;0
FR;4;2021-03-28;0;0;0;0;1;0
FR;4;2021-03-29;0;0;0;0;1;0
FR;4;2021-03-30;0;0;0;0;1;0
FR;4;2021-03-31;0;1;0;0;2;0
FR;4;2021-04-01;0;0;0;0;2;0
FR;4;2021-04-02;0;1;0;0;3;0
FR;4;2021-04-03;0;0;0;0;3;0
FR;4;2021-04-04;0;0;0;0;3;0
FR;4;2021-04-05;0;0;0;0;3;0
FR;4;2021-04-06;0;6;0;0;9;0
FR;4;2021-04-07;0;0;0;0;9;0
FR;4;2021-04-08;0;2;0;0;11;0
FR;4;2021-04-09;0;6;0;0;17;0
FR;4;2021-04-10;0;0;0;0;17;0
FR;4;2021-04-11;0;0;0;0;17;0
FR;4;2021-04-12;0;4;0;0;21;0
FR;4;2021-04-13;0;3;0;0;24;0
FR;4;2021-04-14;0;0;0;0;24;0
FR;4;2021-04-15;0;0;0;0;24;0
FR;4;2021-04-16;0;0;0;0;24;0
FR;4;2021-04-17;0;0;0;0;24;0
FR;4;2021-04-18;0;0;0;0;24;0
FR;4;2021-04-19;0;0;0;0;24;0
FR;4;2021-04-20;0;0;0;0;24;0
FR;4;2021-04-21;0;0;0;0;24;0
FR;4;2021-04-22;0;0;0;0;24;0
FR;4;2021-04-23;2853;0;0;2853;24;0
FR;4;2021-04-24;1558;0;0;4411;24;0
FR;4;2021-04-25;123;0;0;4534;24;0
FR;4;2021-04-26;2851;0;0;7385;24;0
FR;4;2021-04-27;9460;3;0;16845;27;0
FR;4;2021-04-28;9847;3;0;26692;30;0
FR;4;2021-04-29;15954;8;0;42646;38;0
FR;4;2021-04-30;19179;7;0;61825;45;0
FR;4;2021-05-01;1950;5;0;63775;50;0
FR;4;2021-05-02;462;0;0;64237;50;0
FR;4;2021-05-03;4995;1;0;69232;51;0
FR;4;2021-05-04;8314;8;0;77546;59;0
FR;4;2021-05-05;6076;5;0;83622;64;0
FR;4;2021-05-06;11309;10;0;94931;74;0
FR;4;2021-05-07;19005;9;0;113936;83;0
FR;4;2021-05-08;2298;6;0;116234;89;0
FR;4;2021-05-09;649;2;0;116883;91;0
FR;4;2021-05-10;7164;8;0;124047;99;0
FR;4;2021-05-11;14220;11;0;138267;110;0
FR;4;2021-05-12;10082;16;0;148349;126;0
FR;4;2021-05-13;1510;3;0;149859;129;0
FR;4;2021-05-14;7662;6;0;157521;135;0
FR;4;2021-05-15;3651;8;0;161172;143;0
FR;4;2021-05-16;386;1;0;161558;144;0
FR;4;2021-05-17;4387;3;0;165945;147;0
FR;4;2021-05-18;8669;10;0;174614;157;0
FR;4;2021-05-19;5597;5;0;180211;162;0
FR;4;2021-05-20;9333;6;0;189544;168;0
FR;4;2021-05-21;12659;29;0;202203;197;0
FR;4;2021-05-22;4971;12;0;207174;209;0
FR;4;2021-05-23;455;2;0;207629;211;0
FR;4;2021-05-24;983;3;0;208612;214;0
FR;4;2021-05-25;7485;16;0;216097;230;0
FR;4;2021-05-26;7633;13;0;223730;243;0
FR;4;2021-05-27;14207;34;0;237937;277;0
FR;4;2021-05-28;26387;81;1;264324;358;1
FR;4;2021-05-29;11245;20;0;275569;378;1
FR;4;2021-05-30;879;2;0;276448;380;1
FR;4;2021-05-31;12502;19;0;288950;399;1
FR;4;2021-06-01;19997;41;0;308947;440;1
FR;4;2021-06-02;14342;33;0;323289;473;1
FR;4;2021-06-03;19264;24;0;342553;497;1
FR;4;2021-06-04;22285;45;0;364838;542;1
FR;4;2021-06-05;9611;29;0;374449;571;1
FR;4;2021-06-06;950;0;0;375399;571;1
FR;4;2021-06-07;9018;16;0;384417;587;1
FR;4;2021-06-08;14438;27;0;398855;614;1
FR;4;2021-06-09;12035;24;0;410890;638;1
FR;4;2021-06-10;15220;24;0;426110;662;1
FR;4;2021-06-11;16786;53;0;442896;715;1
FR;4;2021-06-12;7325;27;0;450221;742;1
FR;4;2021-06-13;854;2;0;451075;744;1
FR;4;2021-06-14;6505;21;0;457580;765;1
FR;4;2021-06-15;10754;32;0;468334;797;1
FR;4;2021-06-16;8757;13;0;477091;810;1
FR;4;2021-06-17;10731;24;0;487822;834;1
FR;4;2021-06-18;12256;39;0;500078;873;1
FR;4;2021-06-19;5478;24;0;505556;897;1
FR;4;2021-06-20;631;2;0;506187;899;1
FR;4;2021-06-21;4925;10;0;511112;909;1
FR;4;2021-06-22;7720;20;2;518832;929;3
FR;4;2021-06-23;6956;34;1;525788;963;4
FR;4;2021-06-24;8479;36;0;534267;999;4
FR;4;2021-06-25;9939;37;1;544206;1036;5
FR;4;2021-06-26;4646;20;0;548852;1056;5
FR;4;2021-06-27;617;2;0;549469;1058;5
FR;4;2021-06-28;4604;15;1;554073;1073;6
FR;4;2021-06-29;6829;16;2;560902;1089;8
FR;4;2021-06-30;6445;36;0;567347;1125;8
FR;4;2021-07-01;7930;26;0;575277;1151;8
FR;4;2021-07-02;9213;48;1;584490;1199;9
FR;4;2021-07-03;4712;18;0;589202;1217;9
FR;4;2021-07-04;581;5;0;589783;1222;9
FR;4;2021-07-05;4611;18;2;594394;1240;11
FR;4;2021-07-06;7495;20;4;601889;1260;15
FR;4;2021-07-07;6776;27;2;608665;1287;17
FR;4;2021-07-08;8992;37;3;617657;1324;20
FR;4;2021-07-09;10091;30;1;627748;1354;21
FR;4;2021-07-10;4482;10;2;632230;1364;23
FR;4;2021-07-11;507;0;1;632737;1364;24
FR;4;2021-07-12;5673;27;0;638410;1391;24
FR;4;2021-07-13;14036;26;0;652446;1417;24
FR;4;2021-07-14;2080;6;0;654526;1423;24
FR;4;2021-07-15;18004;32;0;672530;1455;24
FR;4;2021-07-16;22553;65;2;695083;1520;26
FR;4;2021-07-17;9559;16;0;704642;1536;26
FR;4;2021-07-18;1273;3;0;705915;1539;26
FR;4;2021-07-19;12731;26;1;718646;1565;27
FR;4;2021-07-20;17098;28;1;735744;1593;28
FR;4;2021-07-21;15332;28;1;751076;1621;29
FR;4;2021-07-22;17994;40;2;769070;1661;31
FR;4;2021-07-23;20103;48;5;789173;1709;36
FR;4;2021-07-24;9049;29;0;798222;1738;36
FR;4;2021-07-25;1208;6;0;799430;1744;36
FR;4;2021-07-26;10699;18;0;810129;1762;36
FR;4;2021-07-27;14216;30;1;824345;1792;37
FR;4;2021-07-28;12416;18;2;836761;1810;39
FR;4;2021-07-29;13731;46;3;850492;1856;42
FR;4;2021-07-30;15183;39;3;865675;1895;45
FR;4;2021-07-31;6594;11;1;872269;1906;46
FR;4;2021-08-01;798;1;0;873067;1907;46
FR;4;2021-08-02;7548;17;0;880615;1924;46
FR;4;2021-08-03;10281;21;2;890896;1945;48
FR;4;2021-08-04;9089;21;0;899985;1966;48
FR;4;2021-08-05;9197;32;0;909182;1998;48
FR;4;2021-08-06;9685;19;4;918867;2017;52
FR;4;2021-08-07;4667;24;1;923534;2041;53
FR;4;2021-08-08;989;8;0;924523;2049;53
FR;4;2021-08-09;5803;17;0;930326;2066;53
FR;4;2021-08-10;8363;13;0;938689;2079;53
FR;4;2021-08-11;7624;21;2;946313;2100;55
FR;4;2021-08-12;8157;13;1;954470;2113;56
FR;4;2021-08-13;7089;22;0;961559;2135;56
FR;4;2021-08-14;3506;16;0;965065;2151;56
FR;4;2021-08-15;609;2;0;965674;2153;56
FR;4;2021-08-16;3730;8;0;969404;2161;56
FR;4;2021-08-17;5312;8;1;974716;2169;57
FR;4;2021-08-18;4874;24;0;979590;2193;57
FR;4;2021-08-19;5191;13;2;984781;2206;59
FR;4;2021-08-20;4913;11;1;989694;2217;60
FR;4;2021-08-21;2126;15;1;991820;2232;61
FR;4;2021-08-22;335;1;0;992155;2233;61
FR;4;2021-08-23;2631;4;0;994786;2237;61
FR;4;2021-08-24;3498;8;0;998284;2245;61
FR;4;2021-08-25;3344;18;0;1001628;2263;61
FR;4;2021-08-26;3515;15;0;1005143;2278;61
FR;4;2021-08-27;3420;16;2;1008563;2294;63
FR;4;2021-08-28;1601;9;0;1010164;2303;63
FR;4;2021-08-29;348;3;1;1010512;2306;64
FR;4;2021-08-30;1835;13;0;1012347;2319;64
FR;4;2021-08-31;2326;12;0;1014673;2331;64
FR;4;2021-09-01;1886;23;1;1016559;2354;65
FR;4;2021-09-02;2146;20;5;1018705;2374;70
FR;4;2021-09-03;2223;34;3;1020928;2408;73
FR;4;2021-09-04;1255;13;0;1022183;2421;73
FR;4;2021-09-05;251;0;0;1022434;2421;73
FR;4;2021-09-06;1290;20;0;1023724;2441;73
FR;4;2021-09-07;1475;9;0;1025199;2450;73
FR;4;2021-09-08;1150;16;4;1026349;2466;77
FR;4;2021-09-09;1258;18;2;1027607;2484;79
FR;4;2021-09-10;1376;13;2;1028983;2497;81
FR;4;2021-09-11;677;10;0;1029660;2507;81
FR;4;2021-09-12;128;1;0;1029788;2508;81
FR;4;2021-09-13;836;10;2;1030624;2518;83
FR;4;2021-09-14;951;4;2;1031575;2522;85
FR;4;2021-09-15;780;10;0;1032355;2532;85
FR;4;2021-09-16;656;9;1;1033011;2541;86
FR;4;2021-09-17;607;16;1;1033618;2557;87
FR;4;2021-09-18;352;0;3;1033970;2557;90
FR;4;2021-09-19;93;1;4;1034063;2558;94
FR;4;2021-09-20;310;9;0;1034373;2567;94
FR;4;2021-09-21;345;4;0;1034718;2571;94
FR;4;2021-09-22;293;10;2;1035011;2581;96
FR;4;2021-09-23;338;5;1;1035349;2586;97
FR;4;2021-09-24;324;8;4;1035673;2594;101
FR;4;2021-09-25;198;8;0;1035871;2602;101
FR;4;2021-09-26;44;1;0;1035915;2603;101
FR;0;2020-12-27;374;0;0;374;0;0
FR;0;2020-12-28;403;0;0;777;0;0
FR;0;2020-12-29;264;0;0;1041;0;0
FR;0;2020-12-30;309;0;0;1350;0;0
FR;0;2020-12-31;245;0;0;1595;0;0
FR;0;2021-01-01;281;0;0;1876;0;0
FR;0;2021-01-02;226;0;0;2102;0;0
FR;0;2021-01-03;267;0;0;2369;0;0
FR;0;2021-01-04;1759;0;0;4128;0;0
FR;0;2021-01-05;5693;0;0;9821;0;0
FR;0;2021-01-06;11605;0;0;21426;0;0
FR;0;2021-01-07;29062;0;0;50488;0;0
FR;0;2021-01-08;36720;0;0;87208;0;0
FR;0;2021-01-09;11071;0;0;98279;0;0
FR;0;2021-01-10;5762;0;0;104041;0;0
FR;0;2021-01-11;39629;0;0;143670;0;0
FR;0;2021-01-12;61652;0;0;205322;0;0
FR;0;2021-01-13;64597;0;0;269919;0;0
FR;0;2021-01-14;81944;0;0;351863;0;0
FR;0;2021-01-15;68495;0;0;420358;0;0
FR;0;2021-01-16;20026;86;0;440384;86;0
FR;0;2021-01-17;10772;42;0;451156;128;0
FR;0;2021-01-18;85377;160;0;536533;288;0
FR;0;2021-01-19;130032;125;0;666565;413;0
FR;0;2021-01-20;136935;154;0;803500;567;0
FR;0;2021-01-21;157554;130;0;961054;697;0
FR;0;2021-01-22;120402;160;0;1081456;857;0
FR;0;2021-01-23;38247;50;0;1119703;907;0
FR;0;2021-01-24;9587;27;0;1129290;934;0
FR;0;2021-01-25;77753;1214;0;1207043;2148;0
FR;0;2021-01-26;99895;3107;0;1306938;5255;0
FR;0;2021-01-27;106800;5587;0;1413738;10842;0
FR;0;2021-01-28;123835;14347;0;1537573;25189;0
FR;0;2021-01-29;91722;17270;0;1629295;42459;0
FR;0;2021-01-30;28940;4219;0;1658235;46678;0
FR;0;2021-01-31;5081;1678;0;1663316;48356;0
FR;0;2021-02-01;52256;21115;0;1715572;69471;0
FR;0;2021-02-02;71655;34536;0;1787227;104007;0
FR;0;2021-02-03;71800;36937;0;1859027;140944;0
FR;0;2021-02-04;81452;50020;0;1940479;190964;0
FR;0;2021-02-05;67777;45298;0;2008256;236262;0
FR;0;2021-02-06;22126;10386;0;2030382;246648;0
FR;0;2021-02-07;5020;5036;0;2035402;251684;0
FR;0;2021-02-08;46357;45947;0;2081759;297631;0
FR;0;2021-02-09;65522;72361;0;2147281;369992;0
FR;0;2021-02-10;70197;76677;0;2217478;446669;0
FR;0;2021-02-11;86617;99068;0;2304095;545737;0
FR;0;2021-02-12;78561;74180;0;2382656;619917;0
FR;0;2021-02-13;22003;19475;0;2404659;639392;0
FR;0;2021-02-14;4825;7187;0;2409484;646579;0
FR;0;2021-02-15;37541;76445;0;2447025;723024;0
FR;0;2021-02-16;49760;100651;0;2496785;823675;0
FR;0;2021-02-17;49900;102929;1;2546685;926604;1
FR;0;2021-02-18;69005;118447;0;2615690;1045051;1
FR;0;2021-02-19;64503;90698;0;2680193;1135749;1
FR;0;2021-02-20;18279;28403;0;2698472;1164152;1
FR;0;2021-02-21;3102;6369;0;2701574;1170521;1
FR;0;2021-02-22;36999;73098;1;2738573;1243619;2
FR;0;2021-02-23;53194;84008;1;2791767;1327627;3
FR;0;2021-02-24;59205;81069;1;2850972;1408696;4
FR;0;2021-02-25;99825;91346;1;2950797;1500042;5
FR;0;2021-02-26;112716;70963;0;3063513;1571005;5
FR;0;2021-02-27;51702;21972;0;3115215;1592977;5
FR;0;2021-02-28;5944;4413;1;3121159;1597390;6
FR;0;2021-03-01;64595;52756;0;3185754;1650146;6
FR;0;2021-03-02;100424;66203;1;3286178;1716349;7
FR;0;2021-03-03;115231;65516;0;3401409;1781865;7
FR;0;2021-03-04;162455;68847;2;3563864;1850712;9
FR;0;2021-03-05;199682;63326;2;3763546;1914038;11
FR;0;2021-03-06;207024;17812;1;3970570;1931850;12
FR;0;2021-03-07;120714;5465;0;4091284;1937315;12
FR;0;2021-03-08;106169;50781;0;4197453;1988096;12
FR;0;2021-03-09;171389;56754;1;4368842;2044850;13
FR;0;2021-03-10;177534;57184;2;4546376;2102034;15
FR;0;2021-03-11;241488;63076;0;4787864;2165110;15
FR;0;2021-03-12;293479;53501;1;5081343;2218611;16
FR;0;2021-03-13;230316;15296;0;5311659;2233907;16
FR;0;2021-03-14;62870;3430;0;5374529;2237337;16
FR;0;2021-03-15;157406;32618;0;5531935;2269955;16
FR;0;2021-03-16;140568;39510;1;5672503;2309465;17
FR;0;2021-03-17;149521;38767;2;5822024;2348232;19
FR;0;2021-03-18;166672;44591;1;5988696;2392823;20
FR;0;2021-03-19;228845;37452;0;6217541;2430275;20
FR;0;2021-03-20;165900;11775;0;6383441;2442050;20
FR;0;2021-03-21;49390;2626;1;6432831;2444676;21
FR;0;2021-03-22;168836;34273;2;6601667;2478949;23
FR;0;2021-03-23;248986;42385;1;6850653;2521334;24
FR;0;2021-03-24;255540;43827;0;7106193;2565161;24
FR;0;2021-03-25;340440;44741;1;7446633;2609902;25
FR;0;2021-03-26;357520;41883;1;7804153;2651785;26
FR;0;2021-03-27;194493;16645;0;7998646;2668430;26
FR;0;2021-03-28;58889;3731;2;8057535;2672161;28
FR;0;2021-03-29;202007;54277;1;8259542;2726438;29
FR;0;2021-03-30;284095;69665;3;8543637;2796103;32
FR;0;2021-03-31;261691;72922;3;8805328;2869025;35
FR;0;2021-04-01;313129;87795;4;9118457;2956820;39
FR;0;2021-04-02;279958;92127;4;9398415;3048947;43
FR;0;2021-04-03;140179;61845;2;9538594;3110792;45
FR;0;2021-04-04;45382;18659;1;9583976;3129451;46
FR;0;2021-04-05;59673;11000;3;9643649;3140451;49
FR;0;2021-04-06;215552;107855;6;9859201;3248306;55
FR;0;2021-04-07;258340;115442;5;10117541;3363748;60
FR;0;2021-04-08;335686;121410;6;10453227;3485158;66
FR;0;2021-04-09;408186;116482;33;10861413;3601640;99
FR;0;2021-04-10;211544;82736;8;11072957;3684376;107
FR;0;2021-04-11;55491;34587;3;11128448;3718963;110
FR;0;2021-04-12;235526;115215;25;11363974;3834178;135
FR;0;2021-04-13;307697;144948;51;11671671;3979126;186
FR;0;2021-04-14;292148;139397;107;11963819;4118523;293
FR;0;2021-04-15;334445;147851;160;12298264;4266374;453
FR;0;2021-04-16;337674;145761;202;12635938;4412135;655
FR;0;2021-04-17;187682;90245;46;12823620;4502380;701
FR;0;2021-04-18;50993;35425;22;12874613;4537805;723
FR;0;2021-04-19;204146;138361;332;13078759;4676166;1055
FR;0;2021-04-20;252430;170704;340;13331189;4846870;1395
FR;0;2021-04-21;251300;168789;516;13582489;5015659;1911
FR;0;2021-04-22;285630;188217;505;13868119;5203876;2416
FR;0;2021-04-23;295214;183257;481;14163333;5387133;2897
FR;0;2021-04-24;189313;111561;82;14352646;5498694;2979
FR;0;2021-04-25;68900;38865;25;14421546;5537559;3004
FR;0;2021-04-26;219519;156095;319;14641065;5693654;3323
FR;0;2021-04-27;282773;187476;577;14923838;5881130;3900
FR;0;2021-04-28;297736;183178;1025;15221574;6064308;4925
FR;0;2021-04-29;355088;196106;865;15576662;6260414;5790
FR;0;2021-04-30;370241;184813;707;15946903;6445227;6497
FR;0;2021-05-01;165125;52527;103;16112028;6497754;6600
FR;0;2021-05-02;90761;37828;49;16202789;6535582;6649
FR;0;2021-05-03;285896;169625;514;16488685;6705207;7163
FR;0;2021-05-04;312644;224281;738;16801329;6929488;7901
FR;0;2021-05-05;323093;224504;736;17124422;7153992;8637
FR;0;2021-05-06;375957;239164;1040;17500379;7393156;9677
FR;0;2021-05-07;370009;257293;702;17870388;7650449;10379
FR;0;2021-05-08;220650;66906;139;18091038;7717355;10518
FR;0;2021-05-09;128856;46743;87;18219894;7764098;10605
FR;0;2021-05-10;308921;228988;699;18528815;7993086;11304
FR;0;2021-05-11;400690;258138;957;18929505;8251224;12261
FR;0;2021-05-12;430309;233220;827;19359814;8484444;13088
FR;0;2021-05-13;335627;56881;232;19695441;8541325;13320
FR;0;2021-05-14;450562;167505;653;20146003;8708830;13973
FR;0;2021-05-15;371561;94014;204;20517564;8802844;14177
FR;0;2021-05-16;201393;20829;78;20718957;8823673;14255
FR;0;2021-05-17;373205;149147;887;21092162;8972820;15142
FR;0;2021-05-18;455939;153176;1126;21548101;9125996;16268
FR;0;2021-05-19;464132;145351;1481;22012233;9271347;17749
FR;0;2021-05-20;503645;160375;1327;22515878;9431722;19076
FR;0;2021-05-21;486250;174557;1123;23002128;9606279;20199
FR;0;2021-05-22;345089;79889;361;23347217;9686168;20560
FR;0;2021-05-23;160673;14439;137;23507890;9700607;20697
FR;0;2021-05-24;261309;33243;341;23769199;9733850;21038
FR;0;2021-05-25;397010;189332;1376;24166209;9923182;22414
FR;0;2021-05-26;410389;188167;1340;24576598;10111349;23754
FR;0;2021-05-27;446644;218706;1339;25023242;10330055;25093
FR;0;2021-05-28;426685;259666;1095;25449927;10589721;26188
FR;0;2021-05-29;297395;149440;334;25747322;10739161;26522
FR;0;2021-05-30;106117;32617;92;25853439;10771778;26614
FR;0;2021-05-31;355514;203542;876;26208953;10975320;27490
FR;0;2021-06-01;422120;251662;1174;26631073;11226982;28664
FR;0;2021-06-02;412179;230911;1158;27043252;11457893;29822
FR;0;2021-06-03;458027;258701;1024;27501279;11716594;30846
FR;0;2021-06-04;451279;304889;1010;27952558;12021483;31856
FR;0;2021-06-05;302120;189082;375;28254678;12210565;32231
FR;0;2021-06-06;131306;49123;133;28385984;12259688;32364
FR;0;2021-06-07;334228;262443;885;28720212;12522131;33249
FR;0;2021-06-08;389528;291304;1002;29109740;12813435;34251
FR;0;2021-06-09;380191;275974;1036;29489931;13089409;35287
FR;0;2021-06-10;397976;289400;1053;29887907;13378809;36340
FR;0;2021-06-11;383442;357592;795;30271349;13736401;37135
FR;0;2021-06-12;281009;211498;267;30552358;13947899;37402
FR;0;2021-06-13;103745;74077;109;30656103;14021976;37511
FR;0;2021-06-14;237824;355988;844;30893927;14377964;38355
FR;0;2021-06-15;304334;386094;877;31198261;14764058;39232
FR;0;2021-06-16;310372;357800;866;31508633;15121858;40098
FR;0;2021-06-17;314214;372245;794;31822847;15494103;40892
FR;0;2021-06-18;318845;442822;715;32141692;15936925;41607
FR;0;2021-06-19;222903;273982;250;32364595;16210907;41857
FR;0;2021-06-20;72304;102622;66;32436899;16313529;41923
FR;0;2021-06-21;193044;402127;600;32629943;16715656;42523
FR;0;2021-06-22;220535;467397;743;32850478;17183053;43266
FR;0;2021-06-23;231111;439968;711;33081589;17623021;43977
FR;0;2021-06-24;239183;409369;776;33320772;18032390;44753
FR;0;2021-06-25;224344;522384;819;33545116;18554774;45572
FR;0;2021-06-26;151679;370861;308;33696795;18925635;45880
FR;0;2021-06-27;55067;156407;91;33751862;19082042;45971
FR;0;2021-06-28;152598;453295;698;33904460;19535337;46669
FR;0;2021-06-29;180646;505669;1971;34085106;20041006;48640
FR;0;2021-06-30;201499;481237;1857;34286605;20522243;50497
FR;0;2021-07-01;224721;457781;2129;34511326;20980024;52626
FR;0;2021-07-02;223036;520530;2044;34734362;21500554;54670
FR;0;2021-07-03;140086;368890;893;34874448;21869444;55563
FR;0;2021-07-04;55776;141369;262;34930224;22010813;55825
FR;0;2021-07-05;164393;419564;1593;35094617;22430377;57418
FR;0;2021-07-06;193494;475127;1739;35288111;22905504;59157
FR;0;2021-07-07;208738;439568;1746;35496849;23345072;60903
FR;0;2021-07-08;228267;424232;2014;35725116;23769304;62917
FR;0;2021-07-09;225976;509903;2097;35951092;24279207;65014
FR;0;2021-07-10;146722;339769;947;36097814;24618976;65961
FR;0;2021-07-11;59238;110119;264;36157052;24729095;66225
FR;0;2021-07-12;166432;478286;1709;36323484;25207381;67934
FR;0;2021-07-13;284668;527768;1981;36608152;25735149;69915
FR;0;2021-07-14;178788;157862;420;36786940;25893011;70335
FR;0;2021-07-15;343853;502526;2012;37130793;26395537;72347
FR;0;2021-07-16;377307;496225;1950;37508100;26891762;74297
FR;0;2021-07-17;258128;320031;834;37766228;27211793;75131
FR;0;2021-07-18;108857;115019;304;37875085;27326812;75435
FR;0;2021-07-19;283217;425453;1575;38158302;27752265;77010
FR;0;2021-07-20;374265;453098;1645;38532567;28205363;78655
FR;0;2021-07-21;393165;408427;1494;38925732;28613790;80149
FR;0;2021-07-22;438176;388423;1656;39363908;29002213;81805
FR;0;2021-07-23;436319;422844;1789;39800227;29425057;83594
FR;0;2021-07-24;284140;269964;766;40084367;29695021;84360
FR;0;2021-07-25;120206;80189;220;40204573;29775210;84580
FR;0;2021-07-26;345462;323686;1569;40550035;30098896;86149
FR;0;2021-07-27;461167;320583;1643;41011202;30419479;87792
FR;0;2021-07-28;456539;290191;1594;41467741;30709670;89386
FR;0;2021-07-29;486859;276615;1744;41954600;30986285;91130
FR;0;2021-07-30;458757;302647;1882;42413357;31288932;93012
FR;0;2021-07-31;284216;184899;876;42697573;31473831;93888
FR;0;2021-08-01;109397;49996;220;42806970;31523827;94108
FR;0;2021-08-02;332922;234135;1541;43139892;31757962;95649
FR;0;2021-08-03;392681;245137;1624;43532573;32003099;97273
FR;0;2021-08-04;381086;210094;1494;43913659;32213193;98767
FR;0;2021-08-05;362529;228559;1644;44276188;32441752;100411
FR;0;2021-08-06;356358;271767;1764;44632546;32713519;102175
FR;0;2021-08-07;211055;178352;733;44843601;32891871;102908
FR;0;2021-08-08;72467;63250;234;44916068;32955121;103142
FR;0;2021-08-09;255951;259695;1473;45172019;33214816;104615
FR;0;2021-08-10;302535;278327;1580;45474554;33493143;106195
FR;0;2021-08-11;276109;260394;1354;45750663;33753537;107549
FR;0;2021-08-12;268277;278208;1580;46018940;34031745;109129
FR;0;2021-08-13;249508;275288;1532;46268448;34307033;110661
FR;0;2021-08-14;142963;197999;705;46411411;34505032;111366
FR;0;2021-08-15;37511;50210;178;46448922;34555242;111544
FR;0;2021-08-16;183203;318397;1441;46632125;34873639;112985
FR;0;2021-08-17;212827;336847;1544;46844952;35210486;114529
FR;0;2021-08-18;196382;324700;1511;47041334;35535186;116040
FR;0;2021-08-19;189721;325319;1540;47231055;35860505;117580
FR;0;2021-08-20;182348;364901;1679;47413403;36225406;119259
FR;0;2021-08-21;103565;237992;643;47516968;36463398;119902
FR;0;2021-08-22;31381;87195;215;47548349;36550593;120117
FR;0;2021-08-23;138724;356936;1481;47687073;36907529;121598
FR;0;2021-08-24;160291;376794;1751;47847364;37284323;123349
FR;0;2021-08-25;148543;350502;1920;47995907;37634825;125269
FR;0;2021-08-26;140714;341991;2451;48136621;37976816;127720
FR;0;2021-08-27;145883;387045;2703;48282504;38363861;130423
FR;0;2021-08-28;89372;249429;1342;48371876;38613290;131765
FR;0;2021-08-29;26720;83175;475;48398596;38696465;132240
FR;0;2021-08-30;114952;324572;4574;48513548;39021037;136814
FR;0;2021-08-31;126818;334533;9914;48640366;39355570;146728
FR;0;2021-09-01;115727;284938;21688;48756093;39640508;168416
FR;0;2021-09-02;100879;247058;25686;48856972;39887566;194102
FR;0;2021-09-03;111856;292289;29239;48968828;40179855;223341
FR;0;2021-09-04;86316;217447;12313;49055144;40397302;235654
FR;0;2021-09-05;20504;44997;4259;49075648;40442299;239913
FR;0;2021-09-06;67596;180799;31423;49143244;40623098;271336
FR;0;2021-09-07;72483;181100;32200;49215727;40804198;303536
FR;0;2021-09-08;82948;206071;29021;49298675;41010269;332557
FR;0;2021-09-09;70053;164932;31596;49368728;41175201;364153
FR;0;2021-09-10;88163;203073;33982;49456891;41378274;398135
FR;0;2021-09-11;63629;168729;11707;49520520;41547003;409842
FR;0;2021-09-12;12083;32090;2604;49532603;41579093;412446
FR;0;2021-09-13;56873;126366;39138;49589476;41705459;451584
FR;0;2021-09-14;68371;128872;53386;49657847;41834331;504970
FR;0;2021-09-15;70416;167471;53449;49728263;42001802;558419
FR;0;2021-09-16;59370;114135;56341;49787633;42115937;614760
FR;0;2021-09-17;70531;156463;51412;49858164;42272400;666172
FR;0;2021-09-18;45634;139248;15153;49903798;42411648;681325
FR;0;2021-09-19;7249;23790;2298;49911047;42435438;683623
FR;0;2021-09-20;39329;93691;46976;49950376;42529129;730599
FR;0;2021-09-21;43097;98503;58092;49993473;42627632;788691
FR;0;2021-09-22;45215;141023;50771;50038688;42768655;839462
FR;0;2021-09-23;40185;90705;55426;50078873;42859360;894888
FR;0;2021-09-24;48834;131751;49465;50127707;42991111;944353
FR;0;2021-09-25;32041;114872;15641;50159748;43105983;959994
FR;0;2021-09-26;4888;17837;2078;50164636;43123820;962072
