fra;vaccin;jour;n_dose1;n_dose2;n_dose3;n_cum_dose1;n_cum_dose2;n_cum_dose3
FR;1;2020-12-27;382;0;0;382;0;0
FR;1;2020-12-28;409;0;0;791;0;0
FR;1;2020-12-29;269;0;0;1060;0;0
FR;1;2020-12-30;319;0;0;1379;0;0
FR;1;2020-12-31;250;0;0;1629;0;0
FR;1;2021-01-01;287;0;0;1916;0;0
FR;1;2021-01-02;228;0;0;2144;0;0
FR;1;2021-01-03;267;0;0;2411;0;0
FR;1;2021-01-04;1766;0;0;4177;0;0
FR;1;2021-01-05;5701;0;0;9878;0;0
FR;1;2021-01-06;11609;0;0;21487;0;0
FR;1;2021-01-07;29068;0;0;50555;0;0
FR;1;2021-01-08;36728;0;0;87283;0;0
FR;1;2021-01-09;11072;0;0;98355;0;0
FR;1;2021-01-10;5765;0;0;104120;0;0
FR;1;2021-01-11;39632;0;0;143752;0;0
FR;1;2021-01-12;61661;0;0;205413;0;0
FR;1;2021-01-13;64613;0;0;270026;0;0
FR;1;2021-01-14;80857;0;0;350883;0;0
FR;1;2021-01-15;68186;0;0;419069;0;0
FR;1;2021-01-16;19771;86;0;438840;86;0
FR;1;2021-01-17;10758;41;0;449598;127;0
FR;1;2021-01-18;82371;160;0;531969;287;0
FR;1;2021-01-19;125439;125;0;657408;412;0
FR;1;2021-01-20;131931;154;0;789339;566;0
FR;1;2021-01-21;152323;130;0;941662;696;0
FR;1;2021-01-22;115388;160;0;1057050;856;0
FR;1;2021-01-23;36437;50;0;1093487;906;0
FR;1;2021-01-24;9451;27;0;1102938;933;0
FR;1;2021-01-25;74015;1214;0;1176953;2147;0
FR;1;2021-01-26;96106;3107;0;1273059;5254;0
FR;1;2021-01-27;103316;5587;0;1376375;10841;0
FR;1;2021-01-28;120217;14342;0;1496592;25183;0
FR;1;2021-01-29;88540;17268;0;1585132;42451;0
FR;1;2021-01-30;27838;4219;0;1612970;46670;0
FR;1;2021-01-31;5060;1678;0;1618030;48348;0
FR;1;2021-02-01;48947;21112;0;1666977;69460;0
FR;1;2021-02-02;67269;34533;0;1734246;103993;0
FR;1;2021-02-03;66662;36936;0;1800908;140929;0
FR;1;2021-02-04;76639;50014;0;1877547;190943;0
FR;1;2021-02-05;63073;45291;0;1940620;236234;0
FR;1;2021-02-06;19254;10383;0;1959874;246617;0
FR;1;2021-02-07;3576;5036;0;1963450;251653;0
FR;1;2021-02-08;36188;45938;0;1999638;297591;0
FR;1;2021-02-09;50494;72343;0;2050132;369934;0
FR;1;2021-02-10;51509;76624;0;2101641;446558;0
FR;1;2021-02-11;62965;98994;0;2164606;545552;0
FR;1;2021-02-12;55450;73938;0;2220056;619490;0
FR;1;2021-02-13;15328;19254;0;2235384;638744;0
FR;1;2021-02-14;3586;7185;0;2238970;645929;0
FR;1;2021-02-15;23868;73379;0;2262838;719308;0
FR;1;2021-02-16;32411;96768;0;2295249;816076;0
FR;1;2021-02-17;34766;98528;1;2330015;914604;1
FR;1;2021-02-18;48943;113347;0;2378958;1027951;1
FR;1;2021-02-19;45038;86368;0;2423996;1114319;1
FR;1;2021-02-20;13234;26893;0;2437230;1141212;1
FR;1;2021-02-21;2312;6283;0;2439542;1147495;1
FR;1;2021-02-22;24396;69373;1;2463938;1216868;2
FR;1;2021-02-23;37090;80313;1;2501028;1297181;3
FR;1;2021-02-24;40209;77595;1;2541237;1374776;4
FR;1;2021-02-25;49725;87919;1;2590962;1462695;5
FR;1;2021-02-26;46741;67838;0;2637703;1530533;5
FR;1;2021-02-27;15478;20920;0;2653181;1551453;5
FR;1;2021-02-28;3414;4384;1;2656595;1555837;6
FR;1;2021-03-01;39353;48981;0;2695948;1604818;6
FR;1;2021-03-02;55406;61464;1;2751354;1666282;7
FR;1;2021-03-03;60405;60617;0;2811759;1726899;7
FR;1;2021-03-04;72299;64864;2;2884058;1791763;9
FR;1;2021-03-05;74012;59225;2;2958070;1850988;11
FR;1;2021-03-06;82029;16083;0;3040099;1867071;11
FR;1;2021-03-07;63400;5410;0;3103499;1872481;11
FR;1;2021-03-08;59537;42450;0;3163036;1914931;11
FR;1;2021-03-09;85332;48297;0;3248368;1963228;11
FR;1;2021-03-10;90005;48035;2;3338373;2011263;13
FR;1;2021-03-11;104181;53830;0;3442554;2065093;13
FR;1;2021-03-12;103306;45273;1;3545860;2110366;14
FR;1;2021-03-13;88500;12736;0;3634360;2123102;14
FR;1;2021-03-14;44125;3025;0;3678485;2126127;14
FR;1;2021-03-15;94710;29100;0;3773195;2155227;14
FR;1;2021-03-16;122905;34872;1;3896100;2190099;15
FR;1;2021-03-17;128655;34808;2;4024755;2224907;17
FR;1;2021-03-18;142123;39683;1;4166878;2264590;18
FR;1;2021-03-19;135530;32881;0;4302408;2297471;18
FR;1;2021-03-20;75563;10202;0;4377971;2307673;18
FR;1;2021-03-21;26181;2475;1;4404152;2310148;19
FR;1;2021-03-22;113993;31163;2;4518145;2341311;21
FR;1;2021-03-23;142181;38151;1;4660326;2379462;22
FR;1;2021-03-24;141131;38754;0;4801457;2418216;22
FR;1;2021-03-25;164193;39605;1;4965650;2457821;23
FR;1;2021-03-26;165659;37464;1;5131309;2495285;24
FR;1;2021-03-27;110451;15246;0;5241760;2510531;24
FR;1;2021-03-28;42031;3620;2;5283791;2514151;26
FR;1;2021-03-29;129253;49940;1;5413044;2564091;27
FR;1;2021-03-30;166850;63559;3;5579894;2627650;30
FR;1;2021-03-31;170062;66884;3;5749956;2694534;33
FR;1;2021-04-01;193035;79217;5;5942991;2773751;38
FR;1;2021-04-02;163513;84299;4;6106504;2858050;42
FR;1;2021-04-03;87637;58154;2;6194141;2916204;44
FR;1;2021-04-04;32677;17726;0;6226818;2933930;44
FR;1;2021-04-05;43044;10172;3;6269862;2944102;47
FR;1;2021-04-06;159133;100849;6;6428995;3044951;53
FR;1;2021-04-07;195548;108225;5;6624543;3153176;58
FR;1;2021-04-08;220454;112358;6;6844997;3265534;64
FR;1;2021-04-09;213114;107479;6;7058111;3373013;70
FR;1;2021-04-10;116463;73440;8;7174574;3446453;78
FR;1;2021-04-11;40424;30275;3;7214998;3476728;81
FR;1;2021-04-12;167356;103766;27;7382354;3580494;108
FR;1;2021-04-13;202468;128215;56;7584822;3708709;164
FR;1;2021-04-14;206831;122781;107;7791653;3831490;271
FR;1;2021-04-15;219634;126734;137;8011287;3958224;408
FR;1;2021-04-16;204922;125124;164;8216209;4083348;572
FR;1;2021-04-17;121428;67468;42;8337637;4150816;614
FR;1;2021-04-18;35540;20990;20;8373177;4171806;634
FR;1;2021-04-19;162676;121881;316;8535853;4293687;950
FR;1;2021-04-20;187968;148739;320;8723821;4442426;1270
FR;1;2021-04-21;192584;146682;472;8916405;4589108;1742
FR;1;2021-04-22;207602;162587;491;9124007;4751695;2233
FR;1;2021-04-23;197769;156901;419;9321776;4908596;2652
FR;1;2021-04-24;125535;95489;68;9447311;5004085;2720
FR;1;2021-04-25;53174;30125;21;9500485;5034210;2741
FR;1;2021-04-26;180147;138244;310;9680632;5172454;3051
FR;1;2021-04-27;220006;161935;550;9900638;5334389;3601
FR;1;2021-04-28;236994;155069;933;10137632;5489458;4534
FR;1;2021-04-29;268704;160023;814;10406336;5649481;5348
FR;1;2021-04-30;270404;148117;686;10676740;5797598;6034
FR;1;2021-05-01;138935;40703;101;10815675;5838301;6135
FR;1;2021-05-02;80802;28149;48;10896477;5866450;6183
FR;1;2021-05-03;248240;146426;504;11144717;6012876;6687
FR;1;2021-05-04;263392;186801;727;11408109;6199677;7414
FR;1;2021-05-05;280458;184526;715;11688567;6384203;8129
FR;1;2021-05-06;306992;182984;959;11995559;6567187;9088
FR;1;2021-05-07;281985;195679;658;12277544;6762866;9746
FR;1;2021-05-08;190583;48324;133;12468127;6811190;9879
FR;1;2021-05-09;113446;36200;85;12581573;6847390;9964
FR;1;2021-05-10;254382;194216;682;12835955;7041606;10646
FR;1;2021-05-11;316376;211344;918;13152331;7252950;11564
FR;1;2021-05-12;353488;185865;764;13505819;7438815;12328
FR;1;2021-05-13;281001;47631;220;13786820;7486446;12548
FR;1;2021-05-14;367573;128818;576;14154393;7615264;13124
FR;1;2021-05-15;295251;66130;195;14449644;7681394;13319
FR;1;2021-05-16;156803;15576;74;14606447;7696970;13393
FR;1;2021-05-17;316639;116659;837;14923086;7813629;14230
FR;1;2021-05-18;379807;111295;1070;15302893;7924924;15300
FR;1;2021-05-19;392709;102881;1372;15695602;8027805;16672
FR;1;2021-05-20;418724;96291;1197;16114326;8124096;17869
FR;1;2021-05-21;397153;97346;1016;16511479;8221442;18885
FR;1;2021-05-22;274099;42070;334;16785578;8263512;19219
FR;1;2021-05-23;122347;11203;132;16907925;8274715;19351
FR;1;2021-05-24;242652;26296;325;17150577;8301011;19676
FR;1;2021-05-25;363647;131909;1238;17514224;8432920;20914
FR;1;2021-05-26;378413;125653;1204;17892637;8558573;22118
FR;1;2021-05-27;403664;128185;1230;18296301;8686758;23348
FR;1;2021-05-28;363835;145515;981;18660136;8832273;24329
FR;1;2021-05-29;252748;80962;301;18912884;8913235;24630
FR;1;2021-05-30;100270;22563;91;19013154;8935798;24721
FR;1;2021-05-31;312454;148791;778;19325608;9084589;25499
FR;1;2021-06-01;353714;166748;1035;19679322;9251337;26534
FR;1;2021-06-02;358137;153225;1074;20037459;9404562;27608
FR;1;2021-06-03;384522;147725;937;20421981;9552287;28545
FR;1;2021-06-04;359837;175638;873;20781818;9727925;29418
FR;1;2021-06-05;256333;112776;356;21038151;9840701;29774
FR;1;2021-06-06;125190;37523;129;21163341;9878224;29903
FR;1;2021-06-07;296092;208153;800;21459433;10086377;30703
FR;1;2021-06-08;327168;221042;907;21786601;10307419;31610
FR;1;2021-06-09;332569;212648;996;22119170;10520067;32606
FR;1;2021-06-10;338377;202236;1015;22457547;10722303;33621
FR;1;2021-06-11;309276;235501;714;22766823;10957804;34335
FR;1;2021-06-12;242242;150826;238;23009065;11108630;34573
FR;1;2021-06-13;99478;61065;104;23108543;11169695;34677
FR;1;2021-06-14;205357;289116;785;23313900;11458811;35462
FR;1;2021-06-15;253600;282491;825;23567500;11741302;36287
FR;1;2021-06-16;270568;270531;778;23838068;12011833;37065
FR;1;2021-06-17;265322;244475;702;24103390;12256308;37767
FR;1;2021-06-18;258150;296068;640;24361540;12552376;38407
FR;1;2021-06-19;192266;209641;220;24553806;12762017;38627
FR;1;2021-06-20;68866;89168;63;24622672;12851185;38690
FR;1;2021-06-21;170168;320064;549;24792840;13171249;39239
FR;1;2021-06-22;183699;347754;640;24976539;13519003;39879
FR;1;2021-06-23;201700;339461;632;25178239;13858464;40511
FR;1;2021-06-24;201268;281819;673;25379507;14140283;41184
FR;1;2021-06-25;179861;371967;699;25559368;14512250;41883
FR;1;2021-06-26;130221;278425;268;25689589;14790675;42151
FR;1;2021-06-27;51831;123028;78;25741420;14913703;42229
FR;1;2021-06-28;134977;368452;648;25876397;15282155;42877
FR;1;2021-06-29;153334;389611;1702;26029731;15671766;44579
FR;1;2021-06-30;178060;378381;1557;26207791;16050147;46136
FR;1;2021-07-01;195536;332189;1810;26403327;16382336;47946
FR;1;2021-07-02;188750;367827;1692;26592077;16750163;49638
FR;1;2021-07-03;122821;280582;684;26714898;17030745;50322
FR;1;2021-07-04;53209;113758;239;26768107;17144503;50561
FR;1;2021-07-05;150266;356252;1430;26918373;17500755;51991
FR;1;2021-07-06;170770;382774;1518;27089143;17883529;53509
FR;1;2021-07-07;187089;362779;1533;27276232;18246308;55042
FR;1;2021-07-08;198804;323148;1753;27475036;18569456;56795
FR;1;2021-07-09;187799;386756;1777;27662835;18956212;58572
FR;1;2021-07-10;128418;281032;779;27791253;19237244;59351
FR;1;2021-07-11;57024;102481;247;27848277;19339725;59598
FR;1;2021-07-12;147424;417049;1542;27995701;19756774;61140
FR;1;2021-07-13;232160;439703;1742;28227861;20196477;62882
FR;1;2021-07-14;170148;151628;404;28398009;20348105;63286
FR;1;2021-07-15;277038;424751;1779;28675047;20772856;65065
FR;1;2021-07-16;288323;401385;1643;28963370;21174241;66708
FR;1;2021-07-17;216169;282307;713;29179539;21456548;67421
FR;1;2021-07-18;101391;107460;283;29280930;21564008;67704
FR;1;2021-07-19;236495;379456;1451;29517425;21943464;69155
FR;1;2021-07-20;303663;381297;1408;29821088;22324761;70563
FR;1;2021-07-21;331253;353818;1360;30152341;22678579;71923
FR;1;2021-07-22;362406;319472;1452;30514747;22998051;73375
FR;1;2021-07-23;346016;343182;1503;30860763;23341233;74878
FR;1;2021-07-24;238327;241359;664;31099090;23582592;75542
FR;1;2021-07-25;112185;76155;211;31211275;23658747;75753
FR;1;2021-07-26;297874;290448;1454;31509149;23949195;77207
FR;1;2021-07-27;383772;268923;1409;31892921;24218118;78616
FR;1;2021-07-28;388195;251556;1426;32281116;24469674;80042
FR;1;2021-07-29;403946;227904;1499;32685062;24697578;81541
FR;1;2021-07-30;368469;246705;1591;33053531;24944283;83132
FR;1;2021-07-31;242745;164974;768;33296276;25109257;83900
FR;1;2021-08-01;103337;47211;207;33399613;25156468;84107
FR;1;2021-08-02;290159;212788;1426;33689772;25369256;85533
FR;1;2021-08-03;326481;209276;1464;34016253;25578532;86997
FR;1;2021-08-04;325371;184339;1373;34341624;25762871;88370
FR;1;2021-08-05;298746;193183;1424;34640370;25956054;89794
FR;1;2021-08-06;288514;224567;1505;34928884;26180621;91299
FR;1;2021-08-07;181264;158810;631;35110148;26339431;91930
FR;1;2021-08-08;67674;59152;213;35177822;26398583;92143
FR;1;2021-08-09;220848;236005;1381;35398670;26634588;93524
FR;1;2021-08-10;249243;240860;1420;35647913;26875448;94944
FR;1;2021-08-11;233389;232504;1198;35881302;27107952;96142
FR;1;2021-08-12;218431;239828;1414;36099733;27347780;97556
FR;1;2021-08-13;199904;236779;1317;36299637;27584559;98873
FR;1;2021-08-14;121356;174420;617;36420993;27758979;99490
FR;1;2021-08-15;33954;46201;166;36454947;27805180;99656
FR;1;2021-08-16;154921;289916;1342;36609868;28095096;100998
FR;1;2021-08-17;169437;291812;1353;36779305;28386908;102351
FR;1;2021-08-18;159401;286933;1328;36938706;28673841;103679
FR;1;2021-08-19;147273;277298;1320;37085979;28951139;104999
FR;1;2021-08-20;137508;307771;1421;37223487;29258910;106420
FR;1;2021-08-21;83494;213133;545;37306981;29472043;106965
FR;1;2021-08-22;28188;82711;197;37335169;29554754;107162
FR;1;2021-08-23;117186;320880;1360;37452355;29875634;108522
FR;1;2021-08-24;125107;319782;1526;37577462;30195416;110048
FR;1;2021-08-25;119613;306226;1691;37697075;30501642;111739
FR;1;2021-08-26;105093;285439;2082;37802168;30787081;113821
FR;1;2021-08-27;105846;320660;2245;37908014;31107741;116066
FR;1;2021-08-28;70150;220717;1057;37978164;31328458;117123
FR;1;2021-08-29;23799;77951;430;38001963;31406409;117553
FR;1;2021-08-30;95115;286173;4225;38097078;31692582;121778
FR;1;2021-08-31;96864;276327;9077;38193942;31968909;130855
FR;1;2021-09-01;93486;244671;20508;38287428;32213580;151363
FR;1;2021-09-02;73857;197838;23791;38361285;32411418;175154
FR;1;2021-09-03;76904;227309;26412;38438189;32638727;201566
FR;1;2021-09-04;68750;189598;10944;38506939;32828325;212510
FR;1;2021-09-05;18096;41204;4016;38525035;32869529;216526
FR;1;2021-09-06;52990;151604;29697;38578025;33021133;246223
FR;1;2021-09-07;50615;139555;29474;38628640;33160688;275697
FR;1;2021-09-08;65342;173713;26378;38693982;33334401;302075
FR;1;2021-09-09;48297;124122;27368;38742279;33458523;329443
FR;1;2021-09-10;59147;151634;28929;38801426;33610157;358372
FR;1;2021-09-11;49576;146497;9464;38851002;33756654;367836
FR;1;2021-09-12;10230;29193;2357;38861232;33785847;370193
FR;1;2021-09-13;44709;104513;37115;38905941;33890360;407308
FR;1;2021-09-14;49292;95818;48848;38955233;33986178;456156
FR;1;2021-09-15;55319;138811;48654;39010552;34124989;504810
FR;1;2021-09-16;43025;81079;50242;39053577;34206068;555052
FR;1;2021-09-17;49559;109060;43121;39103136;34315128;598173
FR;1;2021-09-18;35717;118208;11467;39138853;34433336;609640
FR;1;2021-09-19;6041;21031;1919;39144894;34454367;611559
FR;1;2021-09-20;31884;74544;43829;39176778;34528911;655388
FR;1;2021-09-21;31940;68157;52662;39208718;34597068;708050
FR;1;2021-09-22;36039;117232;46506;39244757;34714300;754556
FR;1;2021-09-23;29728;61530;49699;39274485;34775830;804255
FR;1;2021-09-24;34414;88647;40401;39308899;34864477;844656
FR;1;2021-09-25;25324;96073;12004;39334223;34960550;856660
FR;1;2021-09-26;3973;15196;1651;39338196;34975746;858311
FR;1;2021-09-27;25373;59822;39870;39363569;35035568;898181
FR;1;2021-09-28;24941;48623;41757;39388510;35084191;939938
FR;1;2021-09-29;33330;79863;41233;39421840;35164054;981171
FR;2;2020-12-27;0;0;0;0;0;0
FR;2;2020-12-28;0;0;0;0;0;0
FR;2;2020-12-29;0;0;0;0;0;0
FR;2;2020-12-30;0;0;0;0;0;0
FR;2;2020-12-31;0;0;0;0;0;0
FR;2;2021-01-01;0;0;0;0;0;0
FR;2;2021-01-02;0;0;0;0;0;0
FR;2;2021-01-03;0;0;0;0;0;0
FR;2;2021-01-04;0;0;0;0;0;0
FR;2;2021-01-05;0;0;0;0;0;0
FR;2;2021-01-06;0;0;0;0;0;0
FR;2;2021-01-07;0;0;0;0;0;0
FR;2;2021-01-08;0;0;0;0;0;0
FR;2;2021-01-09;0;0;0;0;0;0
FR;2;2021-01-10;0;0;0;0;0;0
FR;2;2021-01-11;0;0;0;0;0;0
FR;2;2021-01-12;0;0;0;0;0;0
FR;2;2021-01-13;0;0;0;0;0;0
FR;2;2021-01-14;1116;0;0;1116;0;0
FR;2;2021-01-15;319;0;0;1435;0;0
FR;2;2021-01-16;260;0;0;1695;0;0
FR;2;2021-01-17;42;0;0;1737;0;0
FR;2;2021-01-18;3019;0;0;4756;0;0
FR;2;2021-01-19;4621;0;0;9377;0;0
FR;2;2021-01-20;5060;0;0;14437;0;0
FR;2;2021-01-21;5256;0;0;19693;0;0
FR;2;2021-01-22;5035;0;0;24728;0;0
FR;2;2021-01-23;1826;0;0;26554;0;0
FR;2;2021-01-24;143;0;0;26697;0;0
FR;2;2021-01-25;3740;0;0;30437;0;0
FR;2;2021-01-26;3834;0;0;34271;0;0
FR;2;2021-01-27;3518;0;0;37789;0;0
FR;2;2021-01-28;3638;0;0;41427;0;0
FR;2;2021-01-29;3202;0;0;44629;0;0
FR;2;2021-01-30;1108;0;0;45737;0;0
FR;2;2021-01-31;26;0;0;45763;0;0
FR;2;2021-02-01;3325;0;0;49088;0;0
FR;2;2021-02-02;4402;0;0;53490;0;0
FR;2;2021-02-03;5142;0;0;58632;0;0
FR;2;2021-02-04;4834;4;0;63466;4;0
FR;2;2021-02-05;4720;6;0;68186;10;0
FR;2;2021-02-06;1987;3;0;70173;13;0
FR;2;2021-02-07;74;0;0;70247;13;0
FR;2;2021-02-08;7481;8;0;77728;21;0
FR;2;2021-02-09;8340;15;0;86068;36;0
FR;2;2021-02-10;9246;50;0;95314;86;0
FR;2;2021-02-11;10160;66;0;105474;152;0
FR;2;2021-02-12;9927;238;0;115401;390;0
FR;2;2021-02-13;3076;221;0;118477;611;0
FR;2;2021-02-14;325;0;0;118802;611;0
FR;2;2021-02-15;3401;3064;0;122203;3675;0
FR;2;2021-02-16;5009;3876;0;127212;7551;0
FR;2;2021-02-17;4185;4400;0;131397;11951;0
FR;2;2021-02-18;5325;5087;0;136722;17038;0
FR;2;2021-02-19;5268;4323;0;141990;21361;0
FR;2;2021-02-20;1814;1508;0;143804;22869;0
FR;2;2021-02-21;215;86;0;144019;22955;0
FR;2;2021-02-22;3573;3721;0;147592;26676;0
FR;2;2021-02-23;4894;3689;0;152486;30365;0
FR;2;2021-02-24;4919;3464;0;157405;33829;0
FR;2;2021-02-25;5394;3424;0;162799;37253;0
FR;2;2021-02-26;4297;3121;0;167096;40374;0
FR;2;2021-02-27;1571;1042;0;168667;41416;0
FR;2;2021-02-28;143;28;0;168810;41444;0
FR;2;2021-03-01;5052;3764;0;173862;45208;0
FR;2;2021-03-02;6410;4723;0;180272;49931;0
FR;2;2021-03-03;6424;4881;0;186696;54812;0
FR;2;2021-03-04;8256;3961;0;194952;58773;0
FR;2;2021-03-05;7909;4055;0;202861;62828;0
FR;2;2021-03-06;4704;1682;0;207565;64510;0
FR;2;2021-03-07;2344;29;0;209909;64539;0
FR;2;2021-03-08;4080;8308;0;213989;72847;0
FR;2;2021-03-09;7386;8422;1;221375;81269;1
FR;2;2021-03-10;6977;9106;0;228352;90375;1
FR;2;2021-03-11;9256;9198;0;237608;99573;1
FR;2;2021-03-12;7854;8158;0;245462;107731;1
FR;2;2021-03-13;9971;2510;0;255433;110241;1
FR;2;2021-03-14;4806;401;0;260239;110642;1
FR;2;2021-03-15;10786;3482;0;271025;114124;1
FR;2;2021-03-16;16634;4619;0;287659;118743;1
FR;2;2021-03-17;20079;3952;0;307738;122695;1
FR;2;2021-03-18;23192;4902;0;330930;127597;1
FR;2;2021-03-19;23134;4534;0;354064;132131;1
FR;2;2021-03-20;25321;1538;0;379385;133669;1
FR;2;2021-03-21;17590;147;0;396975;133816;1
FR;2;2021-03-22;17619;3079;0;414594;136895;1
FR;2;2021-03-23;22494;4182;0;437088;141077;1
FR;2;2021-03-24;23768;4985;0;460856;146062;1
FR;2;2021-03-25;26541;5018;0;487397;151080;1
FR;2;2021-03-26;26800;4262;0;514197;155342;1
FR;2;2021-03-27;15815;1308;0;530012;156650;1
FR;2;2021-03-28;10506;92;0;540518;156742;1
FR;2;2021-03-29;18845;4277;0;559363;161019;1
FR;2;2021-03-30;24367;6016;0;583730;167035;1
FR;2;2021-03-31;28384;5953;0;612114;172988;1
FR;2;2021-04-01;34294;8478;0;646408;181466;1
FR;2;2021-04-02;29782;7684;0;676190;189150;1
FR;2;2021-04-03;16850;3580;0;693040;192730;1
FR;2;2021-04-04;9236;918;1;702276;193648;2
FR;2;2021-04-05;12282;807;0;714558;194455;2
FR;2;2021-04-06;26946;6925;0;741504;201380;2
FR;2;2021-04-07;30750;7155;0;772254;208535;2
FR;2;2021-04-08;36694;8818;0;808948;217353;2
FR;2;2021-04-09;33646;8590;27;842594;225943;29
FR;2;2021-04-10;19564;8969;0;862158;234912;29
FR;2;2021-04-11;7864;4270;0;870022;239182;29
FR;2;2021-04-12;16965;11248;0;886987;250430;29
FR;2;2021-04-13;19292;16418;1;906279;266848;30
FR;2;2021-04-14;17848;16277;2;924127;283125;32
FR;2;2021-04-15;22016;20752;25;946143;303877;57
FR;2;2021-04-16;20548;20070;39;966691;323947;96
FR;2;2021-04-17;13149;22457;3;979840;346404;99
FR;2;2021-04-18;5841;14403;2;985681;360807;101
FR;2;2021-04-19;16614;16250;17;1002295;377057;118
FR;2;2021-04-20;19094;21573;24;1021389;398630;142
FR;2;2021-04-21;20041;21661;45;1041430;420291;187
FR;2;2021-04-22;23571;24850;18;1065001;445141;205
FR;2;2021-04-23;24332;25347;63;1089333;470488;268
FR;2;2021-04-24;25159;15102;16;1114492;485590;284
FR;2;2021-04-25;9537;8587;4;1124029;494177;288
FR;2;2021-04-26;17001;17197;14;1141030;511374;302
FR;2;2021-04-27;19105;24297;32;1160135;535671;334
FR;2;2021-04-28;22176;26177;97;1182311;561848;431
FR;2;2021-04-29;25290;30125;54;1207601;591973;485
FR;2;2021-04-30;25400;27767;32;1233001;619740;517
FR;2;2021-05-01;14872;9856;3;1247873;629596;520
FR;2;2021-05-02;6570;9181;2;1254443;638777;522
FR;2;2021-05-03;19830;19315;15;1274273;658092;537
FR;2;2021-05-04;18115;29049;13;1292388;687141;550
FR;2;2021-05-05;18093;29404;24;1310481;716545;574
FR;2;2021-05-06;23313;35281;91;1333794;751826;665
FR;2;2021-05-07;25041;33218;64;1358835;785044;729
FR;2;2021-05-08;21153;9700;7;1379988;794744;736
FR;2;2021-05-09;13076;7891;2;1393064;802635;738
FR;2;2021-05-10;32634;22209;20;1425698;824844;758
FR;2;2021-05-11;43271;21066;43;1468969;845910;801
FR;2;2021-05-12;49675;19894;68;1518644;865804;869
FR;2;2021-05-13;50983;5765;13;1569627;871569;882
FR;2;2021-05-14;60986;12947;79;1630613;884516;961
FR;2;2021-05-15;65588;7147;12;1696201;891663;973
FR;2;2021-05-16;43321;2575;4;1739522;894238;977
FR;2;2021-05-17;44442;12581;51;1783964;906819;1028
FR;2;2021-05-18;54296;12242;70;1838260;919061;1098
FR;2;2021-05-19;56808;10609;123;1895068;929670;1221
FR;2;2021-05-20;63033;10872;136;1958101;940542;1357
FR;2;2021-05-21;63911;11659;115;2022012;952201;1472
FR;2;2021-05-22;61203;4513;29;2083215;956714;1501
FR;2;2021-05-23;37317;570;9;2120532;957284;1510
FR;2;2021-05-24;17009;2030;19;2137541;959314;1529
FR;2;2021-05-25;20811;12235;144;2158352;971549;1673
FR;2;2021-05-26;19588;11453;140;2177940;983002;1813
FR;2;2021-05-27;22678;12659;117;2200618;995661;1930
FR;2;2021-05-28;29115;14975;124;2229733;1010636;2054
FR;2;2021-05-29;30223;8181;33;2259956;1018817;2087
FR;2;2021-05-30;4559;1809;2;2264515;1020626;2089
FR;2;2021-05-31;28365;18746;114;2292880;1039372;2203
FR;2;2021-06-01;45284;20065;144;2338164;1059437;2347
FR;2;2021-06-02;37184;19303;97;2375348;1078740;2444
FR;2;2021-06-03;50940;23378;92;2426288;1102118;2536
FR;2;2021-06-04;65206;24092;128;2491494;1126210;2664
FR;2;2021-06-05;34301;24037;21;2525795;1150247;2685
FR;2;2021-06-06;4837;6201;4;2530632;1156448;2689
FR;2;2021-06-07;27899;23092;86;2558531;1179540;2775
FR;2;2021-06-08;46095;22954;89;2604626;1202494;2864
FR;2;2021-06-09;34045;20910;50;2638671;1223404;2914
FR;2;2021-06-10;42374;19151;34;2681045;1242555;2948
FR;2;2021-06-11;55051;25244;68;2736096;1267799;3016
FR;2;2021-06-12;30403;19810;27;2766499;1287609;3043
FR;2;2021-06-13;3240;9187;4;2769739;1296796;3047
FR;2;2021-06-14;25104;24185;50;2794843;1320981;3097
FR;2;2021-06-15;38784;22883;71;2833627;1343864;3168
FR;2;2021-06-16;29967;21479;87;2863594;1365343;3255
FR;2;2021-06-17;36676;25897;77;2900270;1391240;3332
FR;2;2021-06-18;46671;28797;63;2946941;1420037;3395
FR;2;2021-06-19;24417;24915;21;2971358;1444952;3416
FR;2;2021-06-20;2730;10069;5;2974088;1455021;3421
FR;2;2021-06-21;17332;42764;51;2991420;1497785;3472
FR;2;2021-06-22;28183;49609;70;3019603;1547394;3542
FR;2;2021-06-23;21639;49613;64;3041242;1597007;3606
FR;2;2021-06-24;28241;50300;84;3069483;1647307;3690
FR;2;2021-06-25;33242;60416;82;3102725;1707723;3772
FR;2;2021-06-26;16260;59279;28;3118985;1767002;3800
FR;2;2021-06-27;2512;29350;12;3121497;1796352;3812
FR;2;2021-06-28;12491;54368;38;3133988;1850720;3850
FR;2;2021-06-29;19730;59893;174;3153718;1910613;4024
FR;2;2021-06-30;16204;57762;214;3169922;1968375;4238
FR;2;2021-07-01;20261;59909;212;3190183;2028284;4450
FR;2;2021-07-02;23878;62213;180;3214061;2090497;4630
FR;2;2021-07-03;11992;57099;155;3226053;2147596;4785
FR;2;2021-07-04;1902;23331;20;3227955;2170927;4805
FR;2;2021-07-05;8989;29362;101;3236944;2200289;4906
FR;2;2021-07-06;14391;36203;129;3251335;2236492;5035
FR;2;2021-07-07;14113;33679;135;3265448;2270171;5170
FR;2;2021-07-08;19498;40295;159;3284946;2310466;5329
FR;2;2021-07-09;26914;54279;194;3311860;2364745;5523
FR;2;2021-07-10;13255;33673;108;3325115;2398418;5631
FR;2;2021-07-11;1638;4329;12;3326753;2402747;5643
FR;2;2021-07-12;12800;37278;110;3339553;2440025;5753
FR;2;2021-07-13;36936;53277;151;3376489;2493302;5904
FR;2;2021-07-14;6412;3577;14;3382901;2496879;5918
FR;2;2021-07-15;46986;47047;151;3429887;2543926;6069
FR;2;2021-07-16;64091;55869;182;3493978;2599795;6251
FR;2;2021-07-17;31424;23953;95;3525402;2623748;6346
FR;2;2021-07-18;5989;4946;18;3531391;2628694;6364
FR;2;2021-07-19;32816;28728;89;3564207;2657422;6453
FR;2;2021-07-20;51774;44601;143;3615981;2702023;6596
FR;2;2021-07-21;45026;34833;90;3661007;2736856;6686
FR;2;2021-07-22;56036;41105;123;3717043;2777961;6809
FR;2;2021-07-23;68093;49135;168;3785136;2827096;6977
FR;2;2021-07-24;36005;21555;79;3821141;2848651;7056
FR;2;2021-07-25;6643;2678;10;3827784;2851329;7066
FR;2;2021-07-26;36104;22502;88;3863888;2873831;7154
FR;2;2021-07-27;62140;34652;178;3926028;2908483;7332
FR;2;2021-07-28;55061;26488;129;3981089;2934971;7461
FR;2;2021-07-29;68156;32793;181;4049245;2967764;7642
FR;2;2021-07-30;74132;37787;214;4123377;3005551;7856
FR;2;2021-07-31;34544;16164;94;4157921;3021715;7950
FR;2;2021-08-01;5229;2301;13;4163150;3024016;7963
FR;2;2021-08-02;35536;16166;94;4198686;3040182;8057
FR;2;2021-08-03;55678;28249;135;4254364;3068431;8192
FR;2;2021-08-04;46354;20838;127;4300718;3089269;8319
FR;2;2021-08-05;54336;31592;208;4355054;3120861;8527
FR;2;2021-08-06;57831;42360;231;4412885;3163221;8758
FR;2;2021-08-07;24982;17593;90;4437867;3180814;8848
FR;2;2021-08-08;3747;3667;19;4441614;3184481;8867
FR;2;2021-08-09;29130;21149;83;4470744;3205630;8950
FR;2;2021-08-10;44763;33528;146;4515507;3239158;9096
FR;2;2021-08-11;35062;25146;140;4550569;3264304;9236
FR;2;2021-08-12;41680;35737;154;4592249;3300041;9390
FR;2;2021-08-13;42373;36230;203;4634622;3336271;9593
FR;2;2021-08-14;18386;22628;90;4653008;3358899;9683
FR;2;2021-08-15;2962;3845;13;4655970;3362744;9696
FR;2;2021-08-16;24949;27376;96;4680919;3390120;9792
FR;2;2021-08-17;38098;43532;187;4719017;3433652;9979
FR;2;2021-08-18;32111;36399;179;4751128;3470051;10158
FR;2;2021-08-19;37277;46580;210;4788405;3516631;10368
FR;2;2021-08-20;40283;55488;243;4828688;3572119;10611
FR;2;2021-08-21;18000;24258;100;4846688;3596377;10711
FR;2;2021-08-22;2862;4315;18;4849550;3600692;10729
FR;2;2021-08-23;19066;35127;116;4868616;3635819;10845
FR;2;2021-08-24;31779;56041;218;4900395;3691860;11063
FR;2;2021-08-25;25788;43416;230;4926183;3735276;11293
FR;2;2021-08-26;32159;55655;370;4958342;3790931;11663
FR;2;2021-08-27;36745;65412;451;4995087;3856343;12114
FR;2;2021-08-28;17649;28347;283;5012736;3884690;12397
FR;2;2021-08-29;2612;5094;45;5015348;3889784;12442
FR;2;2021-08-30;18217;37789;352;5033565;3927573;12794
FR;2;2021-08-31;27886;57473;841;5061451;3985046;13635
FR;2;2021-09-01;21141;39772;1257;5082592;4024818;14892
FR;2;2021-09-02;24998;48567;1891;5107590;4073385;16783
FR;2;2021-09-03;32866;64350;2845;5140456;4137735;19628
FR;2;2021-09-04;16456;27549;1392;5156912;4165284;21020
FR;2;2021-09-05;2184;3732;243;5159096;4169016;21263
FR;2;2021-09-06;13739;28746;1728;5172835;4197762;22991
FR;2;2021-09-07;20774;41016;2908;5193609;4238778;25899
FR;2;2021-09-08;16816;31933;2680;5210425;4270711;28579
FR;2;2021-09-09;20506;40402;4258;5230931;4311113;32837
FR;2;2021-09-10;27615;51002;5127;5258546;4362115;37964
FR;2;2021-09-11;13351;21989;2271;5271897;4384104;40235
FR;2;2021-09-12;1722;2850;264;5273619;4386954;40499
FR;2;2021-09-13;11325;21500;2361;5284944;4408454;42860
FR;2;2021-09-14;18127;32759;4810;5303071;4441213;47670
FR;2;2021-09-15;14369;28386;5064;5317440;4469599;52734
FR;2;2021-09-16;15737;32710;6590;5333177;4502309;59324
FR;2;2021-09-17;20417;47007;8612;5353594;4549316;67936
FR;2;2021-09-18;9609;20844;3712;5363203;4570160;71648
FR;2;2021-09-19;1120;2729;376;5364323;4572889;72024
FR;2;2021-09-20;7211;18867;3715;5371534;4591756;75739
FR;2;2021-09-21;10942;30031;6390;5382476;4621787;82129
FR;2;2021-09-22;9088;23546;5394;5391564;4645333;87523
FR;2;2021-09-23;10408;28863;7718;5401972;4674196;95241
FR;2;2021-09-24;14661;42749;10619;5416633;4716945;105860
FR;2;2021-09-25;6885;18594;3852;5423518;4735539;109712
FR;2;2021-09-26;989;2590;478;5424507;4738129;110190
FR;2;2021-09-27;6052;16465;4151;5430559;4754594;114341
FR;2;2021-09-28;8923;25527;7522;5439482;4780121;121863
FR;2;2021-09-29;7592;20238;5768;5447074;4800359;127631
FR;3;2020-12-27;0;0;0;0;0;0
FR;3;2020-12-28;0;0;0;0;0;0
FR;3;2020-12-29;0;0;0;0;0;0
FR;3;2020-12-30;0;0;0;0;0;0
FR;3;2020-12-31;0;0;0;0;0;0
FR;3;2021-01-01;0;0;0;0;0;0
FR;3;2021-01-02;0;0;0;0;0;0
FR;3;2021-01-03;0;0;0;0;0;0
FR;3;2021-01-04;0;0;0;0;0;0
FR;3;2021-01-05;0;0;0;0;0;0
FR;3;2021-01-06;0;0;0;0;0;0
FR;3;2021-01-07;0;0;0;0;0;0
FR;3;2021-01-08;0;0;0;0;0;0
FR;3;2021-01-09;0;0;0;0;0;0
FR;3;2021-01-10;0;0;0;0;0;0
FR;3;2021-01-11;0;0;0;0;0;0
FR;3;2021-01-12;0;0;0;0;0;0
FR;3;2021-01-13;0;0;0;0;0;0
FR;3;2021-01-14;0;0;0;0;0;0
FR;3;2021-01-15;0;0;0;0;0;0
FR;3;2021-01-16;0;0;0;0;0;0
FR;3;2021-01-17;0;0;0;0;0;0
FR;3;2021-01-18;0;0;0;0;0;0
FR;3;2021-01-19;0;0;0;0;0;0
FR;3;2021-01-20;0;0;0;0;0;0
FR;3;2021-01-21;0;0;0;0;0;0
FR;3;2021-01-22;0;0;0;0;0;0
FR;3;2021-01-23;0;0;0;0;0;0
FR;3;2021-01-24;0;0;0;0;0;0
FR;3;2021-01-25;0;0;0;0;0;0
FR;3;2021-01-26;0;0;0;0;0;0
FR;3;2021-01-27;0;0;0;0;0;0
FR;3;2021-01-28;0;0;0;0;0;0
FR;3;2021-01-29;0;0;0;0;0;0
FR;3;2021-01-30;0;0;0;0;0;0
FR;3;2021-01-31;0;0;0;0;0;0
FR;3;2021-02-01;0;0;0;0;0;0
FR;3;2021-02-02;0;0;0;0;0;0
FR;3;2021-02-03;0;0;0;0;0;0
FR;3;2021-02-04;0;0;0;0;0;0
FR;3;2021-02-05;0;0;0;0;0;0
FR;3;2021-02-06;907;0;0;907;0;0
FR;3;2021-02-07;1376;0;0;2283;0;0
FR;3;2021-02-08;2705;0;0;4988;0;0
FR;3;2021-02-09;6705;0;0;11693;0;0
FR;3;2021-02-10;9466;0;0;21159;0;0
FR;3;2021-02-11;13486;0;0;34645;0;0
FR;3;2021-02-12;13197;0;0;47842;0;0
FR;3;2021-02-13;3612;0;0;51454;0;0
FR;3;2021-02-14;915;0;0;52369;0;0
FR;3;2021-02-15;10285;0;0;62654;0;0
FR;3;2021-02-16;12353;0;0;75007;0;0
FR;3;2021-02-17;10967;0;0;85974;0;0
FR;3;2021-02-18;14748;0;0;100722;0;0
FR;3;2021-02-19;14214;0;0;114936;0;0
FR;3;2021-02-20;3234;0;0;118170;0;0
FR;3;2021-02-21;579;0;0;118749;0;0
FR;3;2021-02-22;9036;0;0;127785;0;0
FR;3;2021-02-23;11229;0;0;139014;0;0
FR;3;2021-02-24;14100;0;0;153114;0;0
FR;3;2021-02-25;44731;0;0;197845;0;0
FR;3;2021-02-26;61696;0;0;259541;0;0
FR;3;2021-02-27;34659;6;0;294200;6;0
FR;3;2021-02-28;2395;0;0;296595;6;0
FR;3;2021-03-01;20207;9;0;316802;15;0
FR;3;2021-03-02;38625;12;0;355427;27;0
FR;3;2021-03-03;48413;14;0;403840;41;0
FR;3;2021-03-04;81926;18;0;485766;59;0
FR;3;2021-03-05;117779;41;0;603545;100;0
FR;3;2021-03-06;120312;47;1;723857;147;1
FR;3;2021-03-07;54977;26;0;778834;173;1
FR;3;2021-03-08;42561;20;0;821395;193;1
FR;3;2021-03-09;78688;30;0;900083;223;1
FR;3;2021-03-10;80567;36;0;980650;259;1
FR;3;2021-03-11;128065;46;0;1108715;305;1
FR;3;2021-03-12;182332;67;0;1291047;372;1
FR;3;2021-03-13;131857;50;0;1422904;422;1
FR;3;2021-03-14;13942;4;0;1436846;426;1
FR;3;2021-03-15;51928;34;0;1488774;460;1
FR;3;2021-03-16;1046;13;0;1489820;473;1
FR;3;2021-03-17;791;6;0;1490611;479;1
FR;3;2021-03-18;1383;4;0;1491994;483;1
FR;3;2021-03-19;70189;36;0;1562183;519;1
FR;3;2021-03-20;65025;35;0;1627208;554;1
FR;3;2021-03-21;5632;4;0;1632840;558;1
FR;3;2021-03-22;37234;30;0;1670074;588;1
FR;3;2021-03-23;84326;49;0;1754400;637;1
FR;3;2021-03-24;90662;88;0;1845062;725;1
FR;3;2021-03-25;149718;114;0;1994780;839;1
FR;3;2021-03-26;165063;152;0;2159843;991;1
FR;3;2021-03-27;68233;88;0;2228076;1079;1
FR;3;2021-03-28;6361;19;0;2234437;1098;1
FR;3;2021-03-29;53915;59;0;2288352;1157;1
FR;3;2021-03-30;92885;87;0;2381237;1244;1
FR;3;2021-03-31;63259;81;0;2444496;1325;1
FR;3;2021-04-01;85813;98;0;2530309;1423;1
FR;3;2021-04-02;86675;143;0;2616984;1566;1
FR;3;2021-04-03;35705;108;0;2652689;1674;1
FR;3;2021-04-04;3475;15;0;2656164;1689;1
FR;3;2021-04-05;4363;21;0;2660527;1710;1
FR;3;2021-04-06;29482;72;0;2690009;1782;1
FR;3;2021-04-07;32069;59;0;2722078;1841;1
FR;3;2021-04-08;78555;232;0;2800633;2073;1
FR;3;2021-04-09;161438;405;0;2962071;2478;1
FR;3;2021-04-10;75522;327;0;3037593;2805;1
FR;3;2021-04-11;7210;42;0;3044803;2847;1
FR;3;2021-04-12;51221;195;0;3096024;3042;1
FR;3;2021-04-13;85948;309;0;3181972;3351;1
FR;3;2021-04-14;67513;337;0;3249485;3688;1
FR;3;2021-04-15;92819;363;0;3342304;4051;1
FR;3;2021-04-16;112215;566;0;3454519;4617;1
FR;3;2021-04-17;53116;319;1;3507635;4936;2
FR;3;2021-04-18;9616;32;0;3517251;4968;2
FR;3;2021-04-19;24862;228;0;3542113;5196;2
FR;3;2021-04-20;45374;388;0;3587487;5584;2
FR;3;2021-04-21;38682;441;0;3626169;6025;2
FR;3;2021-04-22;54466;778;0;3680635;6803;2
FR;3;2021-04-23;70264;1009;0;3750899;7812;2
FR;3;2021-04-24;37066;969;0;3787965;8781;2
FR;3;2021-04-25;6074;152;0;3794039;8933;2
FR;3;2021-04-26;19527;648;0;3813566;9581;2
FR;3;2021-04-27;34200;1240;0;3847766;10821;2
FR;3;2021-04-28;28741;1925;0;3876507;12746;2
FR;3;2021-04-29;45151;5946;0;3921658;18692;2
FR;3;2021-04-30;55265;8920;0;3976923;27612;2
FR;3;2021-05-01;9373;1963;0;3986296;29575;2
FR;3;2021-05-02;2932;498;0;3989228;30073;2
FR;3;2021-05-03;12837;3880;0;4002065;33953;2
FR;3;2021-05-04;22835;8422;0;4024900;42375;2
FR;3;2021-05-05;18476;10567;0;4043376;52942;2
FR;3;2021-05-06;34347;20889;0;4077723;73831;2
FR;3;2021-05-07;43985;28384;0;4121708;102215;2
FR;3;2021-05-08;6625;8876;0;4128333;111091;2
FR;3;2021-05-09;1690;2650;0;4130023;113741;2
FR;3;2021-05-10;14749;12554;0;4144772;126295;2
FR;3;2021-05-11;26831;25717;0;4171603;152012;2
FR;3;2021-05-12;17062;27443;1;4188665;179455;3
FR;3;2021-05-13;2140;3481;0;4190805;182936;3
FR;3;2021-05-14;14348;25732;0;4205153;208668;3
FR;3;2021-05-15;7080;20728;0;4212233;229396;3
FR;3;2021-05-16;887;2677;0;4213120;232073;3
FR;3;2021-05-17;7741;19904;0;4220861;251977;3
FR;3;2021-05-18;13182;29626;0;4234043;281603;3
FR;3;2021-05-19;9030;31853;0;4243073;313456;3
FR;3;2021-05-20;12562;53204;2;4255635;366660;5
FR;3;2021-05-21;12537;65522;0;4268172;432182;5
FR;3;2021-05-22;4820;33293;1;4272992;465475;6
FR;3;2021-05-23;553;2664;0;4273545;468139;6
FR;3;2021-05-24;676;4914;0;4274221;473053;6
FR;3;2021-05-25;5071;45168;0;4279292;518221;6
FR;3;2021-05-26;4760;51046;1;4284052;569267;7
FR;3;2021-05-27;6106;77826;1;4290158;647093;8
FR;3;2021-05-28;7354;99093;0;4297512;746186;8
FR;3;2021-05-29;3183;60277;1;4300695;806463;9
FR;3;2021-05-30;413;8243;0;4301108;814706;9
FR;3;2021-05-31;2192;35985;0;4303300;850691;9
FR;3;2021-06-01;3119;64808;5;4306419;915499;14
FR;3;2021-06-02;2520;58341;0;4308939;973840;14
FR;3;2021-06-03;3308;87572;3;4312247;1061412;17
FR;3;2021-06-04;3963;105112;12;4316210;1166524;29
FR;3;2021-06-05;1860;52237;0;4318070;1218761;29
FR;3;2021-06-06;335;5399;0;4318405;1224160;29
FR;3;2021-06-07;1216;31179;3;4319621;1255339;32
FR;3;2021-06-08;1825;47275;9;4321446;1302614;41
FR;3;2021-06-09;1547;42392;8;4322993;1345006;49
FR;3;2021-06-10;2014;67987;7;4325007;1412993;56
FR;3;2021-06-11;2330;96788;17;4327337;1509781;73
FR;3;2021-06-12;1045;40835;4;4328382;1550616;77
FR;3;2021-06-13;173;3823;1;4328555;1554439;78
FR;3;2021-06-14;856;42659;11;4329411;1597098;89
FR;3;2021-06-15;1208;80686;5;4330619;1677784;94
FR;3;2021-06-16;1087;65775;7;4331706;1743559;101
FR;3;2021-06-17;1490;101848;20;4333196;1845407;121
FR;3;2021-06-18;1778;117915;24;4334974;1963322;145
FR;3;2021-06-19;740;39401;11;4335714;2002723;156
FR;3;2021-06-20;95;3383;0;4335809;2006106;156
FR;3;2021-06-21;626;39287;9;4336435;2045393;165
FR;3;2021-06-22;937;70010;33;4337372;2115403;198
FR;3;2021-06-23;825;50844;15;4338197;2166247;213
FR;3;2021-06-24;1206;77205;24;4339403;2243452;237
FR;3;2021-06-25;1308;89960;40;4340711;2333412;277
FR;3;2021-06-26;557;33134;12;4341268;2366546;289
FR;3;2021-06-27;110;4026;1;4341378;2370572;290
FR;3;2021-06-28;527;30455;13;4341905;2401027;303
FR;3;2021-06-29;769;56143;93;4342674;2457170;396
FR;3;2021-06-30;797;45054;89;4343471;2502224;485
FR;3;2021-07-01;1048;65655;108;4344519;2567879;593
FR;3;2021-07-02;1208;90442;171;4345727;2658321;764
FR;3;2021-07-03;559;31190;54;4346286;2689511;818
FR;3;2021-07-04;88;4275;3;4346374;2693786;821
FR;3;2021-07-05;535;33930;60;4346909;2727716;881
FR;3;2021-07-06;838;56128;87;4347747;2783844;968
FR;3;2021-07-07;772;43081;77;4348519;2826925;1045
FR;3;2021-07-08;1039;60752;99;4349558;2887677;1144
FR;3;2021-07-09;1177;68837;125;4350735;2956514;1269
FR;3;2021-07-10;565;25052;58;4351300;2981566;1327
FR;3;2021-07-11;77;3309;4;4351377;2984875;1331
FR;3;2021-07-12;549;23930;58;4351926;3008805;1389
FR;3;2021-07-13;1535;34756;88;4353461;3043561;1477
FR;3;2021-07-14;157;2650;2;4353618;3046211;1479
FR;3;2021-07-15;1846;30693;82;4355464;3076904;1561
FR;3;2021-07-16;2419;38902;123;4357883;3115806;1684
FR;3;2021-07-17;979;13753;26;4358862;3129559;1710
FR;3;2021-07-18;205;2610;3;4359067;3132169;1713
FR;3;2021-07-19;1196;17238;34;4360263;3149407;1747
FR;3;2021-07-20;1745;27170;93;4362008;3176577;1840
FR;3;2021-07-21;1571;19746;43;4363579;3196323;1883
FR;3;2021-07-22;1751;27800;79;4365330;3224123;1962
FR;3;2021-07-23;2119;30477;113;4367449;3254600;2075
FR;3;2021-07-24;766;7019;23;4368215;3261619;2098
FR;3;2021-07-25;176;1350;1;4368391;3262969;2099
FR;3;2021-07-26;821;10717;28;4369212;3273686;2127
FR;3;2021-07-27;1074;16977;55;4370286;3290663;2182
FR;3;2021-07-28;894;12125;37;4371180;3302788;2219
FR;3;2021-07-29;1055;15869;63;4372235;3318657;2282
FR;3;2021-07-30;1047;18111;75;4373282;3336768;2357
FR;3;2021-07-31;346;3750;13;4373628;3340518;2370
FR;3;2021-08-01;57;482;1;4373685;3341000;2371
FR;3;2021-08-02;332;5160;23;4374017;3346160;2394
FR;3;2021-08-03;425;7587;25;4374442;3353747;2419
FR;3;2021-08-04;377;4893;25;4374819;3358640;2444
FR;3;2021-08-05;368;3749;12;4375187;3362389;2456
FR;3;2021-08-06;401;4786;28;4375588;3367175;2484
FR;3;2021-08-07;166;1925;11;4375754;3369100;2495
FR;3;2021-08-08;81;423;2;4375835;3369523;2497
FR;3;2021-08-09;229;2521;10;4376064;3372044;2507
FR;3;2021-08-10;280;3898;15;4376344;3375942;2522
FR;3;2021-08-11;199;2719;14;4376543;3378661;2536
FR;3;2021-08-12;216;2625;12;4376759;3381286;2548
FR;3;2021-08-13;226;2251;15;4376985;3383537;2563
FR;3;2021-08-14;132;934;1;4377117;3384471;2564
FR;3;2021-08-15;24;161;0;4377141;3384632;2564
FR;3;2021-08-16;86;1090;8;4377227;3385722;2572
FR;3;2021-08-17;129;1494;7;4377356;3387216;2579
FR;3;2021-08-18;137;1343;8;4377493;3388559;2587
FR;3;2021-08-19;130;1426;9;4377623;3389985;2596
FR;3;2021-08-20;123;1626;15;4377746;3391611;2611
FR;3;2021-08-21;60;583;0;4377806;3392194;2611
FR;3;2021-08-22;17;168;1;4377823;3392362;2612
FR;3;2021-08-23;94;921;7;4377917;3393283;2619
FR;3;2021-08-24;92;958;9;4378009;3394241;2628
FR;3;2021-08-25;92;835;2;4378101;3395076;2630
FR;3;2021-08-26;128;876;9;4378229;3395952;2639
FR;3;2021-08-27;140;953;9;4378369;3396905;2648
FR;3;2021-08-28;76;354;3;4378445;3397259;2651
FR;3;2021-08-29;21;123;1;4378466;3397382;2652
FR;3;2021-08-30;60;590;0;4378526;3397972;2652
FR;3;2021-08-31;78;710;7;4378604;3398682;2659
FR;3;2021-09-01;69;467;4;4378673;3399149;2663
FR;3;2021-09-02;62;623;20;4378735;3399772;2683
FR;3;2021-09-03;77;586;16;4378812;3400358;2699
FR;3;2021-09-04;27;279;3;4378839;3400637;2702
FR;3;2021-09-05;12;58;4;4378851;3400695;2706
FR;3;2021-09-06;46;401;3;4378897;3401096;2709
FR;3;2021-09-07;72;482;13;4378969;3401578;2722
FR;3;2021-09-08;65;354;0;4379034;3401932;2722
FR;3;2021-09-09;37;386;4;4379071;3402318;2726
FR;3;2021-09-10;62;421;2;4379133;3402739;2728
FR;3;2021-09-11;31;229;4;4379164;3402968;2732
FR;3;2021-09-12;8;46;1;4379172;3403014;2733
FR;3;2021-09-13;28;332;3;4379200;3403346;2736
FR;3;2021-09-14;25;287;3;4379225;3403633;2739
FR;3;2021-09-15;14;258;3;4379239;3403891;2742
FR;3;2021-09-16;21;332;5;4379260;3404223;2747
FR;3;2021-09-17;30;345;4;4379290;3404568;2751
FR;3;2021-09-18;13;169;0;4379303;3404737;2751
FR;3;2021-09-19;3;29;1;4379306;3404766;2752
FR;3;2021-09-20;40;212;0;4379346;3404978;2752
FR;3;2021-09-21;19;274;4;4379365;3405252;2756
FR;3;2021-09-22;14;219;6;4379379;3405471;2762
FR;3;2021-09-23;10;267;9;4379389;3405738;2771
FR;3;2021-09-24;9;311;9;4379398;3406049;2780
FR;3;2021-09-25;14;154;3;4379412;3406203;2783
FR;3;2021-09-26;0;40;1;4379412;3406243;2784
FR;3;2021-09-27;13;275;2;4379425;3406518;2786
FR;3;2021-09-28;8;257;5;4379433;3406775;2791
FR;3;2021-09-29;13;210;1;4379446;3406985;2792
FR;4;2020-12-27;0;0;0;0;0;0
FR;4;2020-12-28;0;0;0;0;0;0
FR;4;2020-12-29;0;0;0;0;0;0
FR;4;2020-12-30;0;0;0;0;0;0
FR;4;2020-12-31;0;0;0;0;0;0
FR;4;2021-01-01;0;0;0;0;0;0
FR;4;2021-01-02;0;0;0;0;0;0
FR;4;2021-01-03;0;0;0;0;0;0
FR;4;2021-01-04;0;0;0;0;0;0
FR;4;2021-01-05;0;0;0;0;0;0
FR;4;2021-01-06;0;0;0;0;0;0
FR;4;2021-01-07;0;0;0;0;0;0
FR;4;2021-01-08;0;0;0;0;0;0
FR;4;2021-01-09;0;0;0;0;0;0
FR;4;2021-01-10;0;0;0;0;0;0
FR;4;2021-01-11;0;0;0;0;0;0
FR;4;2021-01-12;0;0;0;0;0;0
FR;4;2021-01-13;0;0;0;0;0;0
FR;4;2021-01-14;0;0;0;0;0;0
FR;4;2021-01-15;0;0;0;0;0;0
FR;4;2021-01-16;0;0;0;0;0;0
FR;4;2021-01-17;0;0;0;0;0;0
FR;4;2021-01-18;0;0;0;0;0;0
FR;4;2021-01-19;0;0;0;0;0;0
FR;4;2021-01-20;0;0;0;0;0;0
FR;4;2021-01-21;0;0;0;0;0;0
FR;4;2021-01-22;0;0;0;0;0;0
FR;4;2021-01-23;0;0;0;0;0;0
FR;4;2021-01-24;0;0;0;0;0;0
FR;4;2021-01-25;0;0;0;0;0;0
FR;4;2021-01-26;0;0;0;0;0;0
FR;4;2021-01-27;0;0;0;0;0;0
FR;4;2021-01-28;0;0;0;0;0;0
FR;4;2021-01-29;0;0;0;0;0;0
FR;4;2021-01-30;0;0;0;0;0;0
FR;4;2021-01-31;0;0;0;0;0;0
FR;4;2021-02-01;0;0;0;0;0;0
FR;4;2021-02-02;0;0;0;0;0;0
FR;4;2021-02-03;0;0;0;0;0;0
FR;4;2021-02-04;0;0;0;0;0;0
FR;4;2021-02-05;0;0;0;0;0;0
FR;4;2021-02-06;0;0;0;0;0;0
FR;4;2021-02-07;0;0;0;0;0;0
FR;4;2021-02-08;0;0;0;0;0;0
FR;4;2021-02-09;0;0;0;0;0;0
FR;4;2021-02-10;0;0;0;0;0;0
FR;4;2021-02-11;0;0;0;0;0;0
FR;4;2021-02-12;0;0;0;0;0;0
FR;4;2021-02-13;0;0;0;0;0;0
FR;4;2021-02-14;0;0;0;0;0;0
FR;4;2021-02-15;0;0;0;0;0;0
FR;4;2021-02-16;0;0;0;0;0;0
FR;4;2021-02-17;0;0;0;0;0;0
FR;4;2021-02-18;0;0;0;0;0;0
FR;4;2021-02-19;0;0;0;0;0;0
FR;4;2021-02-20;0;0;0;0;0;0
FR;4;2021-02-21;0;0;0;0;0;0
FR;4;2021-02-22;0;0;0;0;0;0
FR;4;2021-02-23;0;0;0;0;0;0
FR;4;2021-02-24;0;0;0;0;0;0
FR;4;2021-02-25;0;0;0;0;0;0
FR;4;2021-02-26;0;0;0;0;0;0
FR;4;2021-02-27;0;0;0;0;0;0
FR;4;2021-02-28;0;0;0;0;0;0
FR;4;2021-03-01;0;0;0;0;0;0
FR;4;2021-03-02;0;0;0;0;0;0
FR;4;2021-03-03;0;0;0;0;0;0
FR;4;2021-03-04;0;0;0;0;0;0
FR;4;2021-03-05;0;1;0;0;1;0
FR;4;2021-03-06;0;0;0;0;1;0
FR;4;2021-03-07;0;0;0;0;1;0
FR;4;2021-03-08;0;0;0;0;1;0
FR;4;2021-03-09;0;0;0;0;1;0
FR;4;2021-03-10;0;0;0;0;1;0
FR;4;2021-03-11;0;0;0;0;1;0
FR;4;2021-03-12;0;0;0;0;1;0
FR;4;2021-03-13;0;0;0;0;1;0
FR;4;2021-03-14;0;0;0;0;1;0
FR;4;2021-03-15;0;0;0;0;1;0
FR;4;2021-03-16;0;0;0;0;1;0
FR;4;2021-03-17;0;0;0;0;1;0
FR;4;2021-03-18;0;0;0;0;1;0
FR;4;2021-03-19;0;0;0;0;1;0
FR;4;2021-03-20;0;0;0;0;1;0
FR;4;2021-03-21;0;0;0;0;1;0
FR;4;2021-03-22;0;0;0;0;1;0
FR;4;2021-03-23;0;0;0;0;1;0
FR;4;2021-03-24;0;0;0;0;1;0
FR;4;2021-03-25;0;0;0;0;1;0
FR;4;2021-03-26;0;0;0;0;1;0
FR;4;2021-03-27;0;0;0;0;1;0
FR;4;2021-03-28;0;0;0;0;1;0
FR;4;2021-03-29;0;0;0;0;1;0
FR;4;2021-03-30;0;0;0;0;1;0
FR;4;2021-03-31;0;1;0;0;2;0
FR;4;2021-04-01;0;0;0;0;2;0
FR;4;2021-04-02;0;1;0;0;3;0
FR;4;2021-04-03;0;0;0;0;3;0
FR;4;2021-04-04;0;0;0;0;3;0
FR;4;2021-04-05;0;0;0;0;3;0
FR;4;2021-04-06;0;6;0;0;9;0
FR;4;2021-04-07;0;1;0;0;10;0
FR;4;2021-04-08;0;2;0;0;12;0
FR;4;2021-04-09;0;6;0;0;18;0
FR;4;2021-04-10;0;0;0;0;18;0
FR;4;2021-04-11;0;0;0;0;18;0
FR;4;2021-04-12;0;5;0;0;23;0
FR;4;2021-04-13;0;3;0;0;26;0
FR;4;2021-04-14;0;0;0;0;26;0
FR;4;2021-04-15;0;0;0;0;26;0
FR;4;2021-04-16;0;0;0;0;26;0
FR;4;2021-04-17;0;0;0;0;26;0
FR;4;2021-04-18;0;0;0;0;26;0
FR;4;2021-04-19;0;0;0;0;26;0
FR;4;2021-04-20;0;0;0;0;26;0
FR;4;2021-04-21;0;0;0;0;26;0
FR;4;2021-04-22;0;0;0;0;26;0
FR;4;2021-04-23;2895;0;0;2895;26;0
FR;4;2021-04-24;1558;0;0;4453;26;0
FR;4;2021-04-25;123;0;0;4576;26;0
FR;4;2021-04-26;2851;0;0;7427;26;0
FR;4;2021-04-27;9461;3;0;16888;29;0
FR;4;2021-04-28;9847;3;0;26735;32;0
FR;4;2021-04-29;15953;8;0;42688;40;0
FR;4;2021-04-30;19178;7;0;61866;47;0
FR;4;2021-05-01;1951;5;0;63817;52;0
FR;4;2021-05-02;463;0;0;64280;52;0
FR;4;2021-05-03;4996;1;0;69276;53;0
FR;4;2021-05-04;8314;8;0;77590;61;0
FR;4;2021-05-05;6078;5;0;83668;66;0
FR;4;2021-05-06;11314;10;0;94982;76;0
FR;4;2021-05-07;19005;9;0;113987;85;0
FR;4;2021-05-08;2298;6;0;116285;91;0
FR;4;2021-05-09;650;2;0;116935;93;0
FR;4;2021-05-10;7164;8;0;124099;101;0
FR;4;2021-05-11;14224;11;0;138323;112;0
FR;4;2021-05-12;10087;16;0;148410;128;0
FR;4;2021-05-13;1511;3;0;149921;131;0
FR;4;2021-05-14;7663;6;0;157584;137;0
FR;4;2021-05-15;3654;8;1;161238;145;1
FR;4;2021-05-16;386;1;0;161624;146;1
FR;4;2021-05-17;4388;3;0;166012;149;1
FR;4;2021-05-18;8671;10;0;174683;159;1
FR;4;2021-05-19;5597;5;0;180280;164;1
FR;4;2021-05-20;9333;6;0;189613;170;1
FR;4;2021-05-21;12661;29;0;202274;199;1
FR;4;2021-05-22;4971;12;0;207245;211;1
FR;4;2021-05-23;455;2;0;207700;213;1
FR;4;2021-05-24;985;3;0;208685;216;1
FR;4;2021-05-25;7487;16;0;216172;232;1
FR;4;2021-05-26;7633;13;0;223805;245;1
FR;4;2021-05-27;14208;34;0;238013;279;1
FR;4;2021-05-28;26388;81;1;264401;360;2
FR;4;2021-05-29;11245;20;0;275646;380;2
FR;4;2021-05-30;879;2;0;276525;382;2
FR;4;2021-05-31;12505;19;0;289030;401;2
FR;4;2021-06-01;19999;41;0;309029;442;2
FR;4;2021-06-02;14344;33;0;323373;475;2
FR;4;2021-06-03;19265;24;0;342638;499;2
FR;4;2021-06-04;22286;45;0;364924;544;2
FR;4;2021-06-05;9612;29;0;374536;573;2
FR;4;2021-06-06;950;0;0;375486;573;2
FR;4;2021-06-07;9020;16;0;384506;589;2
FR;4;2021-06-08;14440;28;0;398946;617;2
FR;4;2021-06-09;12034;24;0;410980;641;2
FR;4;2021-06-10;15223;24;0;426203;665;2
FR;4;2021-06-11;16789;53;0;442992;718;2
FR;4;2021-06-12;7326;27;0;450318;745;2
FR;4;2021-06-13;855;2;0;451173;747;2
FR;4;2021-06-14;6507;21;0;457680;768;2
FR;4;2021-06-15;10756;32;0;468436;800;2
FR;4;2021-06-16;8757;13;0;477193;813;2
FR;4;2021-06-17;10732;24;0;487925;837;2
FR;4;2021-06-18;12258;39;0;500183;876;2
FR;4;2021-06-19;5478;24;0;505661;900;2
FR;4;2021-06-20;631;2;0;506292;902;2
FR;4;2021-06-21;4924;10;0;511216;912;2
FR;4;2021-06-22;7725;20;2;518941;932;4
FR;4;2021-06-23;6956;34;1;525897;966;5
FR;4;2021-06-24;8479;36;0;534376;1002;5
FR;4;2021-06-25;9940;37;1;544316;1039;6
FR;4;2021-06-26;4646;20;0;548962;1059;6
FR;4;2021-06-27;618;2;0;549580;1061;6
FR;4;2021-06-28;4604;15;1;554184;1076;7
FR;4;2021-06-29;6829;16;2;561013;1092;9
FR;4;2021-06-30;6447;36;0;567460;1128;9
FR;4;2021-07-01;7929;26;0;575389;1154;9
FR;4;2021-07-02;9213;48;1;584602;1202;10
FR;4;2021-07-03;4712;18;0;589314;1220;10
FR;4;2021-07-04;581;5;0;589895;1225;10
FR;4;2021-07-05;4611;18;2;594506;1243;12
FR;4;2021-07-06;7496;20;4;602002;1263;16
FR;4;2021-07-07;6776;27;2;608778;1290;18
FR;4;2021-07-08;8993;37;3;617771;1327;21
FR;4;2021-07-09;10094;30;1;627865;1357;22
FR;4;2021-07-10;4483;10;2;632348;1367;24
FR;4;2021-07-11;508;0;1;632856;1367;25
FR;4;2021-07-12;5675;27;0;638531;1394;25
FR;4;2021-07-13;14038;26;0;652569;1420;25
FR;4;2021-07-14;2080;6;0;654649;1426;25
FR;4;2021-07-15;18004;32;0;672653;1458;25
FR;4;2021-07-16;22553;65;2;695206;1523;27
FR;4;2021-07-17;9559;16;0;704765;1539;27
FR;4;2021-07-18;1274;3;0;706039;1542;27
FR;4;2021-07-19;12734;26;1;718773;1568;28
FR;4;2021-07-20;17099;28;1;735872;1596;29
FR;4;2021-07-21;15335;28;1;751207;1624;30
FR;4;2021-07-22;17995;40;2;769202;1664;32
FR;4;2021-07-23;20106;48;5;789308;1712;37
FR;4;2021-07-24;9052;29;0;798360;1741;37
FR;4;2021-07-25;1210;6;0;799570;1747;37
FR;4;2021-07-26;10701;18;0;810271;1765;37
FR;4;2021-07-27;14215;30;1;824486;1795;38
FR;4;2021-07-28;12417;18;2;836903;1813;40
FR;4;2021-07-29;13733;46;3;850636;1859;43
FR;4;2021-07-30;15185;39;3;865821;1898;46
FR;4;2021-07-31;6597;11;1;872418;1909;47
FR;4;2021-08-01;800;1;0;873218;1910;47
FR;4;2021-08-02;7559;17;0;880777;1927;47
FR;4;2021-08-03;10288;21;2;891065;1948;49
FR;4;2021-08-04;9091;21;0;900156;1969;49
FR;4;2021-08-05;9200;32;0;909356;2001;49
FR;4;2021-08-06;9691;19;4;919047;2020;53
FR;4;2021-08-07;4671;24;1;923718;2044;54
FR;4;2021-08-08;991;8;0;924709;2052;54
FR;4;2021-08-09;5807;17;0;930516;2069;54
FR;4;2021-08-10;8365;13;0;938881;2082;54
FR;4;2021-08-11;7626;21;2;946507;2103;56
FR;4;2021-08-12;8161;13;1;954668;2116;57
FR;4;2021-08-13;7091;22;0;961759;2138;57
FR;4;2021-08-14;3508;16;0;965267;2154;57
FR;4;2021-08-15;610;2;0;965877;2156;57
FR;4;2021-08-16;3736;8;0;969613;2164;57
FR;4;2021-08-17;5315;8;1;974928;2172;58
FR;4;2021-08-18;4881;24;0;979809;2196;58
FR;4;2021-08-19;5193;13;2;985002;2209;60
FR;4;2021-08-20;4920;11;1;989922;2220;61
FR;4;2021-08-21;2126;15;1;992048;2235;62
FR;4;2021-08-22;338;1;0;992386;2236;62
FR;4;2021-08-23;2634;4;0;995020;2240;62
FR;4;2021-08-24;3502;9;0;998522;2249;62
FR;4;2021-08-25;3351;18;0;1001873;2267;62
FR;4;2021-08-26;3520;15;0;1005393;2282;62
FR;4;2021-08-27;3424;16;2;1008817;2298;64
FR;4;2021-08-28;1606;9;0;1010423;2307;64
FR;4;2021-08-29;351;3;1;1010774;2310;65
FR;4;2021-08-30;1838;13;0;1012612;2323;65
FR;4;2021-08-31;2329;12;0;1014941;2335;65
FR;4;2021-09-01;1894;23;1;1016835;2358;66
FR;4;2021-09-02;2150;20;6;1018985;2378;72
FR;4;2021-09-03;2223;34;3;1021208;2412;75
FR;4;2021-09-04;1260;13;0;1022468;2425;75
FR;4;2021-09-05;251;0;0;1022719;2425;75
FR;4;2021-09-06;1291;20;0;1024010;2445;75
FR;4;2021-09-07;1475;9;0;1025485;2454;75
FR;4;2021-09-08;1150;16;4;1026635;2470;79
FR;4;2021-09-09;1263;18;2;1027898;2488;81
FR;4;2021-09-10;1380;13;2;1029278;2501;83
FR;4;2021-09-11;677;10;0;1029955;2511;83
FR;4;2021-09-12;128;1;0;1030083;2512;83
FR;4;2021-09-13;925;10;2;1031008;2522;85
FR;4;2021-09-14;1005;4;2;1032013;2526;87
FR;4;2021-09-15;818;10;0;1032831;2536;87
FR;4;2021-09-16;684;9;1;1033515;2545;88
FR;4;2021-09-17;688;16;1;1034203;2561;89
FR;4;2021-09-18;409;0;3;1034612;2561;92
FR;4;2021-09-19;101;1;4;1034713;2562;96
FR;4;2021-09-20;314;9;0;1035027;2571;96
FR;4;2021-09-21;348;4;0;1035375;2575;96
FR;4;2021-09-22;295;10;2;1035670;2585;98
FR;4;2021-09-23;343;5;1;1036013;2590;99
FR;4;2021-09-24;326;9;4;1036339;2599;103
FR;4;2021-09-25;226;8;0;1036565;2607;103
FR;4;2021-09-26;45;1;0;1036610;2608;103
FR;4;2021-09-27;196;5;0;1036806;2613;103
FR;4;2021-09-28;242;1;0;1037048;2614;103
FR;4;2021-09-29;283;7;1;1037331;2621;104
FR;0;2020-12-27;382;0;0;382;0;0
FR;0;2020-12-28;409;0;0;791;0;0
FR;0;2020-12-29;269;0;0;1060;0;0
FR;0;2020-12-30;319;0;0;1379;0;0
FR;0;2020-12-31;250;0;0;1629;0;0
FR;0;2021-01-01;287;0;0;1916;0;0
FR;0;2021-01-02;228;0;0;2144;0;0
FR;0;2021-01-03;267;0;0;2411;0;0
FR;0;2021-01-04;1766;0;0;4177;0;0
FR;0;2021-01-05;5701;0;0;9878;0;0
FR;0;2021-01-06;11609;0;0;21487;0;0
FR;0;2021-01-07;29068;0;0;50555;0;0
FR;0;2021-01-08;36728;0;0;87283;0;0
FR;0;2021-01-09;11072;0;0;98355;0;0
FR;0;2021-01-10;5765;0;0;104120;0;0
FR;0;2021-01-11;39632;0;0;143752;0;0
FR;0;2021-01-12;61661;0;0;205413;0;0
FR;0;2021-01-13;64613;0;0;270026;0;0
FR;0;2021-01-14;81973;0;0;351999;0;0
FR;0;2021-01-15;68505;0;0;420504;0;0
FR;0;2021-01-16;20031;86;0;440535;86;0
FR;0;2021-01-17;10800;41;0;451335;127;0
FR;0;2021-01-18;85390;160;0;536725;287;0
FR;0;2021-01-19;130060;125;0;666785;412;0
FR;0;2021-01-20;136991;154;0;803776;566;0
FR;0;2021-01-21;157579;130;0;961355;696;0
FR;0;2021-01-22;120423;160;0;1081778;856;0
FR;0;2021-01-23;38263;50;0;1120041;906;0
FR;0;2021-01-24;9594;27;0;1129635;933;0
FR;0;2021-01-25;77755;1214;0;1207390;2147;0
FR;0;2021-01-26;99940;3107;0;1307330;5254;0
FR;0;2021-01-27;106834;5587;0;1414164;10841;0
FR;0;2021-01-28;123855;14342;0;1538019;25183;0
FR;0;2021-01-29;91742;17268;0;1629761;42451;0
FR;0;2021-01-30;28946;4219;0;1658707;46670;0
FR;0;2021-01-31;5086;1678;0;1663793;48348;0
FR;0;2021-02-01;52272;21112;0;1716065;69460;0
FR;0;2021-02-02;71671;34533;0;1787736;103993;0
FR;0;2021-02-03;71804;36936;0;1859540;140929;0
FR;0;2021-02-04;81473;50018;0;1941013;190947;0
FR;0;2021-02-05;67793;45297;0;2008806;236244;0
FR;0;2021-02-06;22148;10386;0;2030954;246630;0
FR;0;2021-02-07;5026;5036;0;2035980;251666;0
FR;0;2021-02-08;46374;45946;0;2082354;297612;0
FR;0;2021-02-09;65539;72358;0;2147893;369970;0
FR;0;2021-02-10;70221;76674;0;2218114;446644;0
FR;0;2021-02-11;86611;99060;0;2304725;545704;0
FR;0;2021-02-12;78574;74176;0;2383299;619880;0
FR;0;2021-02-13;22016;19475;0;2405315;639355;0
FR;0;2021-02-14;4826;7185;0;2410141;646540;0
FR;0;2021-02-15;37554;76443;0;2447695;722983;0
FR;0;2021-02-16;49773;100644;0;2497468;823627;0
FR;0;2021-02-17;49918;102928;1;2547386;926555;1
FR;0;2021-02-18;69016;118434;0;2616402;1044989;1
FR;0;2021-02-19;64520;90691;0;2680922;1135680;1
FR;0;2021-02-20;18282;28401;0;2699204;1164081;1
FR;0;2021-02-21;3106;6369;0;2702310;1170450;1
FR;0;2021-02-22;37005;73094;1;2739315;1243544;2
FR;0;2021-02-23;53213;84002;1;2792528;1327546;3
FR;0;2021-02-24;59228;81059;1;2851756;1408605;4
FR;0;2021-02-25;99850;91343;1;2951606;1499948;5
FR;0;2021-02-26;112734;70959;0;3064340;1570907;5
FR;0;2021-02-27;51708;21968;0;3116048;1592875;5
FR;0;2021-02-28;5952;4412;1;3122000;1597287;6
FR;0;2021-03-01;64612;52754;0;3186612;1650041;6
FR;0;2021-03-02;100441;66199;1;3287053;1716240;7
FR;0;2021-03-03;115242;65512;0;3402295;1781752;7
FR;0;2021-03-04;162481;68843;2;3564776;1850595;9
FR;0;2021-03-05;199700;63322;2;3764476;1913917;11
FR;0;2021-03-06;207045;17812;1;3971521;1931729;12
FR;0;2021-03-07;120721;5465;0;4092242;1937194;12
FR;0;2021-03-08;106178;50778;0;4198420;1987972;12
FR;0;2021-03-09;171406;56749;1;4369826;2044721;13
FR;0;2021-03-10;177549;57177;2;4547375;2101898;15
FR;0;2021-03-11;241502;63074;0;4788877;2164972;15
FR;0;2021-03-12;293492;53498;1;5082369;2218470;16
FR;0;2021-03-13;230328;15296;0;5312697;2233766;16
FR;0;2021-03-14;62873;3430;0;5375570;2237196;16
FR;0;2021-03-15;157424;32616;0;5532994;2269812;16
FR;0;2021-03-16;140585;39504;1;5673579;2309316;17
FR;0;2021-03-17;149525;38766;2;5823104;2348082;19
FR;0;2021-03-18;166698;44589;1;5989802;2392671;20
FR;0;2021-03-19;228853;37451;0;6218655;2430122;20
FR;0;2021-03-20;165909;11775;0;6384564;2441897;20
FR;0;2021-03-21;49403;2626;1;6433967;2444523;21
FR;0;2021-03-22;168846;34272;2;6602813;2478795;23
FR;0;2021-03-23;249001;42382;1;6851814;2521177;24
FR;0;2021-03-24;255561;43827;0;7107375;2565004;24
FR;0;2021-03-25;340452;44737;1;7447827;2609741;25
FR;0;2021-03-26;357522;41878;1;7805349;2651619;26
FR;0;2021-03-27;194499;16642;0;7999848;2668261;26
FR;0;2021-03-28;58898;3731;2;8058746;2671992;28
FR;0;2021-03-29;202013;54276;1;8260759;2726268;29
FR;0;2021-03-30;284102;69662;3;8544861;2795930;32
FR;0;2021-03-31;261705;72919;3;8806566;2868849;35
FR;0;2021-04-01;313142;87793;5;9119708;2956642;40
FR;0;2021-04-02;279970;92127;4;9399678;3048769;44
FR;0;2021-04-03;140192;61842;2;9539870;3110611;46
FR;0;2021-04-04;45388;18659;1;9585258;3129270;47
FR;0;2021-04-05;59689;11000;3;9644947;3140270;50
FR;0;2021-04-06;215561;107852;6;9860508;3248122;56
FR;0;2021-04-07;258367;115440;5;10118875;3363562;61
FR;0;2021-04-08;335703;121410;6;10454578;3484972;67
FR;0;2021-04-09;408198;116480;33;10862776;3601452;100
FR;0;2021-04-10;211549;82736;8;11074325;3684188;108
FR;0;2021-04-11;55498;34587;3;11129823;3718775;111
FR;0;2021-04-12;235542;115214;27;11365365;3833989;138
FR;0;2021-04-13;307708;144945;57;11673073;3978934;195
FR;0;2021-04-14;292192;139395;109;11965265;4118329;304
FR;0;2021-04-15;334469;147849;162;12299734;4266178;466
FR;0;2021-04-16;337685;145760;203;12637419;4411938;669
FR;0;2021-04-17;187693;90244;46;12825112;4502182;715
FR;0;2021-04-18;50997;35425;22;12876109;4537607;737
FR;0;2021-04-19;204152;138359;333;13080261;4675966;1070
FR;0;2021-04-20;252436;170700;344;13332697;4846666;1414
FR;0;2021-04-21;251307;168784;517;13584004;5015450;1931
FR;0;2021-04-22;285639;188215;509;13869643;5203665;2440
FR;0;2021-04-23;295260;183257;482;14164903;5386922;2922
FR;0;2021-04-24;189318;111560;84;14354221;5498482;3006
FR;0;2021-04-25;68908;38864;25;14423129;5537346;3031
FR;0;2021-04-26;219526;156089;324;14642655;5693435;3355
FR;0;2021-04-27;282772;187475;582;14925427;5880910;3937
FR;0;2021-04-28;297758;183174;1030;15223185;6064084;4967
FR;0;2021-04-29;355098;196102;868;15578283;6260186;5835
FR;0;2021-04-30;370247;184811;718;15948530;6444997;6553
FR;0;2021-05-01;165131;52527;104;16113661;6497524;6657
FR;0;2021-05-02;90767;37828;50;16204428;6535352;6707
FR;0;2021-05-03;285903;169622;519;16490331;6704974;7226
FR;0;2021-05-04;312656;224280;740;16802987;6929254;7966
FR;0;2021-05-05;323105;224502;739;17126092;7153756;8705
FR;0;2021-05-06;375966;239164;1050;17502058;7392920;9755
FR;0;2021-05-07;370016;257290;722;17872074;7650210;10477
FR;0;2021-05-08;220659;66906;140;18092733;7717116;10617
FR;0;2021-05-09;128862;46743;87;18221595;7763859;10704
FR;0;2021-05-10;308929;228987;702;18530524;7992846;11406
FR;0;2021-05-11;400702;258138;961;18931226;8250984;12367
FR;0;2021-05-12;430312;233218;833;19361538;8484202;13200
FR;0;2021-05-13;335635;56880;233;19697173;8541082;13433
FR;0;2021-05-14;450570;167503;655;20147743;8708585;14088
FR;0;2021-05-15;371573;94013;208;20519316;8802598;14296
FR;0;2021-05-16;201397;20829;78;20720713;8823427;14374
FR;0;2021-05-17;373210;149147;888;21093923;8972574;15262
FR;0;2021-05-18;455956;153173;1140;21549879;9125747;16402
FR;0;2021-05-19;464144;145348;1495;22014023;9271095;17897
FR;0;2021-05-20;503652;160373;1335;22517675;9431468;19232
FR;0;2021-05-21;486262;174556;1131;23003937;9606024;20363
FR;0;2021-05-22;345093;79888;364;23349030;9685912;20727
FR;0;2021-05-23;160672;14439;141;23509702;9700351;20868
FR;0;2021-05-24;261322;33243;344;23771024;9733594;21212
FR;0;2021-05-25;397016;189328;1382;24168040;9922922;22594
FR;0;2021-05-26;410394;188165;1345;24578434;10111087;23939
FR;0;2021-05-27;446656;218704;1348;25025090;10329791;25287
FR;0;2021-05-28;426692;259664;1106;25451782;10589455;26393
FR;0;2021-05-29;297399;149440;335;25749181;10738895;26728
FR;0;2021-05-30;106121;32617;93;25855302;10771512;26821
FR;0;2021-05-31;355516;203541;892;26210818;10975053;27713
FR;0;2021-06-01;422116;251662;1184;26632934;11226715;28897
FR;0;2021-06-02;412185;230902;1171;27045119;11457617;30068
FR;0;2021-06-03;458035;258699;1032;27503154;11716316;31100
FR;0;2021-06-04;451292;304887;1013;27954446;12021203;32113
FR;0;2021-06-05;302106;189079;377;28256552;12210282;32490
FR;0;2021-06-06;131312;49123;133;28387864;12259405;32623
FR;0;2021-06-07;334227;262440;889;28722091;12521845;33512
FR;0;2021-06-08;389528;291299;1005;29111619;12813144;34517
FR;0;2021-06-09;380195;275974;1054;29491814;13089118;35571
FR;0;2021-06-10;397988;289398;1056;29889802;13378516;36627
FR;0;2021-06-11;383446;357586;799;30273248;13736102;37426
FR;0;2021-06-12;281016;211498;269;30554264;13947600;37695
FR;0;2021-06-13;103746;74077;109;30658010;14021677;37804
FR;0;2021-06-14;237824;355981;846;30895834;14377658;38650
FR;0;2021-06-15;304348;386092;901;31200182;14763750;39551
FR;0;2021-06-16;310379;357798;872;31510561;15121548;40423
FR;0;2021-06-17;314220;372244;799;31824781;15493792;41222
FR;0;2021-06-18;318857;442819;727;32143638;15936611;41949
FR;0;2021-06-19;222901;273981;252;32366539;16210592;42201
FR;0;2021-06-20;72322;102622;68;32438861;16313214;42269
FR;0;2021-06-21;193050;402125;609;32631911;16715339;42878
FR;0;2021-06-22;220544;467393;745;32852455;17182732;43623
FR;0;2021-06-23;231120;439952;712;33083575;17622684;44335
FR;0;2021-06-24;239194;409360;781;33322769;18032044;45116
FR;0;2021-06-25;224351;522380;822;33547120;18554424;45938
FR;0;2021-06-26;151684;370858;308;33698804;18925282;46246
FR;0;2021-06-27;55071;156406;91;33753875;19081688;46337
FR;0;2021-06-28;152599;453290;700;33906474;19534978;47037
FR;0;2021-06-29;180662;505663;1971;34087136;20040641;49008
FR;0;2021-06-30;201508;481233;1860;34288644;20521874;50868
FR;0;2021-07-01;224774;457779;2130;34513418;20979653;52998
FR;0;2021-07-02;223049;520530;2044;34736467;21500183;55042
FR;0;2021-07-03;140084;368889;893;34876551;21869072;55935
FR;0;2021-07-04;55780;141369;262;34932331;22010441;56197
FR;0;2021-07-05;164401;419562;1593;35096732;22430003;57790
FR;0;2021-07-06;193495;475125;1738;35290227;22905128;59528
FR;0;2021-07-07;208750;439566;1747;35498977;23344694;61275
FR;0;2021-07-08;228334;424232;2014;35727311;23768926;63289
FR;0;2021-07-09;225984;509902;2097;35953295;24278828;65386
FR;0;2021-07-10;146721;339767;947;36100016;24618595;66333
FR;0;2021-07-11;59247;110119;264;36159263;24728714;66597
FR;0;2021-07-12;166448;478284;1710;36325711;25206998;68307
FR;0;2021-07-13;284669;527762;1981;36610380;25734760;70288
FR;0;2021-07-14;178797;157861;420;36789177;25892621;70708
FR;0;2021-07-15;343874;502523;2012;37133051;26395144;72720
FR;0;2021-07-16;377386;496221;1950;37510437;26891365;74670
FR;0;2021-07-17;258131;320029;834;37768568;27211394;75504
FR;0;2021-07-18;108859;115019;304;37877427;27326413;75808
FR;0;2021-07-19;283241;425448;1575;38160668;27751861;77383
FR;0;2021-07-20;374281;453096;1645;38534949;28204957;79028
FR;0;2021-07-21;393185;408425;1494;38928134;28613382;80522
FR;0;2021-07-22;438188;388417;1656;39366322;29001799;82178
FR;0;2021-07-23;436334;422842;1789;39802656;29424641;83967
FR;0;2021-07-24;284150;269962;766;40086806;29694603;84733
FR;0;2021-07-25;120214;80189;222;40207020;29774792;84955
FR;0;2021-07-26;345500;323685;1570;40552520;30098477;86525
FR;0;2021-07-27;461201;320582;1643;41013721;30419059;88168
FR;0;2021-07-28;456567;290187;1594;41470288;30709246;89762
FR;0;2021-07-29;486890;276612;1746;41957178;30985858;91508
FR;0;2021-07-30;458833;302642;1883;42416011;31288500;93391
FR;0;2021-07-31;284232;184899;876;42700243;31473399;94267
FR;0;2021-08-01;109423;49995;221;42809666;31523394;94488
FR;0;2021-08-02;333586;234131;1543;43143252;31757525;96031
FR;0;2021-08-03;392872;245133;1626;43536124;32002658;97657
FR;0;2021-08-04;381193;210091;1525;43917317;32212749;99182
FR;0;2021-08-05;362650;228556;1644;44279967;32441305;100826
FR;0;2021-08-06;356437;271732;1768;44636404;32713037;102594
FR;0;2021-08-07;211083;178352;733;44847487;32891389;103327
FR;0;2021-08-08;72493;63250;234;44919980;32954639;103561
FR;0;2021-08-09;256014;259692;1474;45175994;33214331;105035
FR;0;2021-08-10;302651;278299;1581;45478645;33492630;106616
FR;0;2021-08-11;276276;260390;1354;45754921;33753020;107970
FR;0;2021-08-12;268488;278203;1581;46023409;34031223;109551
FR;0;2021-08-13;249594;275282;1535;46273003;34306505;111086
FR;0;2021-08-14;143382;197998;708;46416385;34504503;111794
FR;0;2021-08-15;37550;50209;179;46453935;34554712;111973
FR;0;2021-08-16;183692;318390;1446;46637627;34873102;113419
FR;0;2021-08-17;212979;336846;1548;46850606;35209948;114967
FR;0;2021-08-18;196530;324699;1515;47047136;35534647;116482
FR;0;2021-08-19;189873;325317;1541;47237009;35859964;118023
FR;0;2021-08-20;182834;364896;1680;47419843;36224860;119703
FR;0;2021-08-21;103680;237989;646;47523523;36462849;120349
FR;0;2021-08-22;31405;87195;216;47554928;36550044;120565
FR;0;2021-08-23;138980;356932;1483;47693908;36906976;122048
FR;0;2021-08-24;160480;376790;1753;47854388;37283766;123801
FR;0;2021-08-25;148844;350495;1923;48003232;37634261;125724
FR;0;2021-08-26;140900;341985;2461;48144132;37976246;128185
FR;0;2021-08-27;146155;387041;2707;48290287;38363287;130892
FR;0;2021-08-28;89481;249427;1343;48379768;38612714;132235
FR;0;2021-08-29;26783;83171;477;48406551;38695885;132712
FR;0;2021-08-30;115230;324565;4577;48521781;39020450;137289
FR;0;2021-08-31;127157;334522;9925;48648938;39354972;147214
FR;0;2021-09-01;116590;284933;21770;48765528;39639905;168984
FR;0;2021-09-02;101067;247048;25708;48866595;39886953;194692
FR;0;2021-09-03;112070;292279;29276;48978665;40179232;223968
FR;0;2021-09-04;86493;217439;12339;49065158;40396671;236307
FR;0;2021-09-05;20543;44994;4263;49085701;40441665;240570
FR;0;2021-09-06;68066;180771;31428;49153767;40622436;271998
FR;0;2021-09-07;72936;181062;32395;49226703;40803498;304393
FR;0;2021-09-08;83373;206016;29062;49310076;41009514;333455
FR;0;2021-09-09;70103;164928;31632;49380179;41174442;365087
FR;0;2021-09-10;88204;203070;34060;49468383;41377512;399147
FR;0;2021-09-11;63635;168725;11739;49532018;41546237;410886
FR;0;2021-09-12;12088;32090;2622;49544106;41578327;413508
FR;0;2021-09-13;56987;126355;39481;49601093;41704682;452989
FR;0;2021-09-14;68449;128868;53663;49669542;41833550;506652
FR;0;2021-09-15;70520;167465;53721;49740062;42001015;560373
FR;0;2021-09-16;59467;114130;56838;49799529;42115145;617211
FR;0;2021-09-17;70694;156428;51738;49870223;42271573;668949
FR;0;2021-09-18;45748;139221;15182;49915971;42410794;684131
FR;0;2021-09-19;7265;23790;2300;49923236;42434584;686431
FR;0;2021-09-20;39449;93632;47544;49962685;42528216;733975
FR;0;2021-09-21;43249;98466;59056;50005934;42626682;793031
FR;0;2021-09-22;45436;141007;51908;50051370;42767689;844939
FR;0;2021-09-23;40489;90665;57427;50091859;42858354;902366
FR;0;2021-09-24;49410;131716;51033;50141269;42990070;953399
FR;0;2021-09-25;32449;114829;15859;50173718;43104899;969258
FR;0;2021-09-26;5007;17827;2130;50178725;43122726;971388
FR;0;2021-09-27;31634;76567;44023;50210359;43199293;1015411
FR;0;2021-09-28;34114;74408;49284;50244473;43273701;1064695
FR;0;2021-09-29;41218;100318;47003;50285691;43374019;1111698
