fra;vaccin;jour;n_dose1;n_dose2;n_dose3;n_dose4;n_complet;n_rappel;n_2_rappel;n_rappel_biv;n_3_rappel;n_cum_dose1;n_cum_dose2;n_cum_dose3;n_cum_dose4;n_cum_complet;n_cum_rappel;n_cum_2_rappel;n_cum_rappel_biv;n_cum_3_rappel
FR;1;2020-12-27;616;0;0;0;55;0;0;0;0;616;0;0;0;55;0;0;0;0
FR;1;2020-12-28;701;1;0;0;43;0;0;0;0;1317;1;0;0;98;0;0;0;0
FR;1;2020-12-29;387;0;0;0;19;0;0;0;0;1704;1;0;0;117;0;0;0;0
FR;1;2020-12-30;450;0;0;0;18;0;0;0;0;2154;1;0;0;135;0;0;0;0
FR;1;2020-12-31;446;1;0;0;23;0;0;0;0;2600;2;0;0;158;0;0;0;0
FR;1;2021-01-01;1187;2;0;0;65;0;0;0;0;3787;4;0;0;223;0;0;0;0
FR;1;2021-01-02;366;3;0;0;28;0;0;0;0;4153;7;0;0;251;0;0;0;0
FR;1;2021-01-03;412;0;0;0;23;0;0;0;0;4565;7;0;0;274;0;0;0;0
FR;1;2021-01-04;2126;4;0;0;50;0;0;0;0;6691;11;0;0;324;0;0;0;0
FR;1;2021-01-05;7763;6;0;0;128;0;0;0;0;14454;17;0;0;452;0;0;0;0
FR;1;2021-01-06;12468;23;0;0;127;0;0;0;0;26922;40;0;0;579;0;0;0;0
FR;1;2021-01-07;29475;22;0;0;158;0;0;0;0;56397;62;0;0;737;0;0;0;0
FR;1;2021-01-08;37165;34;0;0;203;0;0;0;0;93562;96;0;0;940;0;0;0;0
FR;1;2021-01-09;11219;9;0;0;77;0;0;0;0;104781;105;0;0;1017;0;0;0;0
FR;1;2021-01-10;6012;8;0;0;28;0;0;0;0;110793;113;0;0;1045;0;0;0;0
FR;1;2021-01-11;39952;36;0;0;229;0;0;0;0;150745;149;0;0;1274;0;0;0;0
FR;1;2021-01-12;62156;27;0;0;298;0;0;0;0;212901;176;0;0;1572;0;0;0;0
FR;1;2021-01-13;65145;59;0;0;431;0;0;0;0;278046;235;0;0;2003;0;0;0;0
FR;1;2021-01-14;81465;235;0;0;958;0;0;0;0;359511;470;0;0;2961;0;0;0;0
FR;1;2021-01-15;68629;93;0;0;525;0;0;0;0;428140;563;0;0;3486;0;0;0;0
FR;1;2021-01-16;19903;73;0;0;172;0;0;0;0;448043;636;0;0;3658;0;0;0;0
FR;1;2021-01-17;10906;54;0;0;131;0;0;0;0;458949;690;0;0;3789;0;0;0;0
FR;1;2021-01-18;82843;176;0;0;589;0;0;0;0;541792;866;0;0;4378;0;0;0;0
FR;1;2021-01-19;125933;206;0;0;836;0;0;0;0;667725;1072;0;0;5214;0;0;0;0
FR;1;2021-01-20;132426;188;0;0;779;0;0;0;0;800151;1260;0;0;5993;0;0;0;0
FR;1;2021-01-21;153079;189;0;0;890;0;0;0;0;953230;1449;0;0;6883;0;0;0;0
FR;1;2021-01-22;115963;232;0;0;770;0;0;0;0;1069193;1681;0;0;7653;0;0;0;0
FR;1;2021-01-23;36615;78;0;0;201;0;0;0;0;1105808;1759;0;0;7854;0;0;0;0
FR;1;2021-01-24;9585;125;0;0;184;0;0;0;0;1115393;1884;0;0;8038;0;0;0;0
FR;1;2021-01-25;74435;1437;0;0;1756;0;0;0;0;1189828;3321;0;0;9794;0;0;0;0
FR;1;2021-01-26;96463;3682;1;0;4124;0;0;0;0;1286291;7003;1;0;13918;0;0;0;0
FR;1;2021-01-27;103656;6392;0;0;7076;0;0;0;0;1389947;13395;1;0;20994;0;0;0;0
FR;1;2021-01-28;120621;16341;0;0;17130;0;0;0;0;1510568;29736;1;0;38124;0;0;0;0
FR;1;2021-01-29;88901;18692;0;0;19230;0;0;0;0;1599469;48428;1;0;57354;0;0;0;0
FR;1;2021-01-30;27995;4505;0;0;4628;0;0;0;0;1627464;52933;1;0;61982;0;0;0;0
FR;1;2021-01-31;5194;1900;0;0;1937;0;0;0;0;1632658;54833;1;0;63919;0;0;0;0
FR;1;2021-02-01;49743;22885;0;0;23117;0;0;0;0;1682401;77718;1;0;87036;0;0;0;0
FR;1;2021-02-02;67835;37976;0;0;38432;0;0;0;0;1750236;115694;1;0;125468;0;0;0;0
FR;1;2021-02-03;67103;40028;0;0;40457;0;0;0;0;1817339;155722;1;0;165925;0;0;0;0
FR;1;2021-02-04;77149;54772;0;0;55340;0;0;0;0;1894488;210494;1;0;221265;0;0;0;0
FR;1;2021-02-05;63431;47986;0;0;48383;0;0;0;0;1957919;258480;1;0;269648;0;0;0;0
FR;1;2021-02-06;19427;11370;0;0;11476;0;0;0;0;1977346;269850;1;0;281124;0;0;0;0
FR;1;2021-02-07;3669;6013;0;0;6040;0;0;0;0;1981015;275863;1;0;287164;0;0;0;0
FR;1;2021-02-08;36508;48610;0;0;48848;0;0;0;0;2017523;324473;1;0;336012;0;0;0;0
FR;1;2021-02-09;50820;78068;0;0;78589;0;0;0;0;2068343;402541;1;0;414601;0;0;0;0
FR;1;2021-02-10;52077;83009;0;0;83484;0;0;0;0;2120420;485550;1;0;498085;0;0;0;0
FR;1;2021-02-11;63394;105001;0;0;105883;0;0;0;0;2183814;590551;1;0;603968;0;0;0;0
FR;1;2021-02-12;55882;75701;0;0;76374;0;0;0;0;2239696;666252;1;0;680342;0;0;0;0
FR;1;2021-02-13;15468;19310;0;0;19421;0;0;0;0;2255164;685562;1;0;699763;0;0;0;0
FR;1;2021-02-14;3747;7354;0;0;7419;0;0;0;0;2258911;692916;1;0;707182;0;0;0;0
FR;1;2021-02-15;24171;73599;0;0;73838;0;0;0;0;2283082;766515;1;0;781020;0;0;0;0
FR;1;2021-02-16;32782;95657;0;0;96044;0;0;0;0;2315864;862172;1;0;877064;0;0;0;0
FR;1;2021-02-17;35132;102190;20;0;102834;0;0;0;0;2350996;964362;21;0;979898;0;0;0;0
FR;1;2021-02-18;49462;118288;0;0;119264;0;0;0;0;2400458;1082650;21;0;1099162;0;0;0;0
FR;1;2021-02-19;45395;87599;1;0;88533;0;0;0;0;2445853;1170249;22;0;1187695;0;0;0;0
FR;1;2021-02-20;13397;27047;0;0;27220;0;0;0;0;2459250;1197296;22;0;1214915;0;0;0;0
FR;1;2021-02-21;2469;5986;0;0;6054;0;0;0;0;2461719;1203282;22;0;1220969;0;0;0;0
FR;1;2021-02-22;24723;69416;2;0;69708;0;0;0;0;2486442;1272698;24;0;1290677;0;0;0;0
FR;1;2021-02-23;37437;81499;1;0;82189;0;0;0;0;2523879;1354197;25;0;1372866;0;0;0;0
FR;1;2021-02-24;40709;79248;1;0;79942;0;0;0;0;2564588;1433445;26;0;1452808;0;0;0;0
FR;1;2021-02-25;50172;87856;1;0;88936;0;0;0;0;2614760;1521301;27;0;1541744;0;0;0;0
FR;1;2021-02-26;47230;67570;1;0;68441;0;0;0;0;2661990;1588871;28;0;1610185;0;0;0;0
FR;1;2021-02-27;15689;21340;1;0;21549;0;0;0;0;2677679;1610211;29;0;1631734;0;0;0;0
FR;1;2021-02-28;3565;4109;2;0;4181;0;0;0;0;2681244;1614320;31;0;1635915;0;0;0;0
FR;1;2021-03-01;40219;50285;1;0;51008;0;0;0;0;2721463;1664605;32;0;1686923;0;0;0;0
FR;1;2021-03-02;55992;62407;3;0;63580;0;0;0;0;2777455;1727012;35;0;1750503;0;0;0;0
FR;1;2021-03-03;61260;60495;0;0;61922;0;0;0;0;2838715;1787507;35;0;1812425;0;0;0;0
FR;1;2021-03-04;73017;68267;3;0;70475;0;0;0;0;2911732;1855774;38;0;1882900;0;0;0;0
FR;1;2021-03-05;74781;58628;3;0;60521;0;0;0;0;2986513;1914402;41;0;1943421;0;0;0;0
FR;1;2021-03-06;82467;15761;2;0;17465;0;0;0;0;3068980;1930163;43;0;1960886;0;0;0;0
FR;1;2021-03-07;63732;3993;1;0;5537;0;0;0;0;3132712;1934156;44;0;1966423;0;0;0;0
FR;1;2021-03-08;60193;41195;2;0;42475;0;0;0;0;3192905;1975351;46;0;2008898;0;0;0;0
FR;1;2021-03-09;86006;47442;1;0;49434;0;0;0;0;3278911;2022793;47;0;2058332;0;0;0;0
FR;1;2021-03-10;90945;47790;5;0;50053;0;0;0;0;3369856;2070583;52;0;2108385;0;0;0;0
FR;1;2021-03-11;105102;54577;1;0;57639;0;0;0;0;3474958;2125160;53;0;2166024;0;0;0;0
FR;1;2021-03-12;104159;44902;1;0;47899;0;0;0;0;3579117;2170062;54;0;2213923;0;0;0;0
FR;1;2021-03-13;89220;12596;1;0;14813;0;0;0;0;3668337;2182658;55;0;2228736;0;0;0;0
FR;1;2021-03-14;44460;2689;1;0;4021;0;0;0;0;3712797;2185347;56;0;2232757;0;0;0;0
FR;1;2021-03-15;95537;28018;3;0;30361;0;0;0;0;3808334;2213365;59;0;2263118;0;0;0;0
FR;1;2021-03-16;123602;34065;5;0;37607;0;0;0;0;3931936;2247430;64;0;2300725;0;0;0;0
FR;1;2021-03-17;129323;33555;4;0;37607;0;0;0;0;4061259;2280985;68;0;2338332;0;0;0;0
FR;1;2021-03-18;142917;39234;5;0;43905;0;0;0;0;4204176;2320219;73;0;2382237;0;0;0;0
FR;1;2021-03-19;136274;32036;2;0;36625;0;0;0;0;4340450;2352255;75;0;2418862;0;0;0;0
FR;1;2021-03-20;76023;9767;1;0;11984;0;0;0;0;4416473;2362022;76;0;2430846;0;0;0;0
FR;1;2021-03-21;26519;1994;1;0;2983;0;0;0;0;4442992;2364016;77;0;2433829;0;0;0;0
FR;1;2021-03-22;114776;30262;2;0;34084;0;0;0;0;4557768;2394278;79;0;2467913;0;0;0;0
FR;1;2021-03-23;143056;38030;1;0;42817;0;0;0;0;4700824;2432308;80;0;2510730;0;0;0;0
FR;1;2021-03-24;142023;38372;0;0;43230;0;0;0;0;4842847;2470680;80;0;2553960;0;0;0;0
FR;1;2021-03-25;165033;39860;4;0;46010;0;0;0;0;5007880;2510540;84;0;2599970;0;0;0;0
FR;1;2021-03-26;166418;37410;5;1;44018;0;0;0;0;5174298;2547950;89;1;2643988;0;0;0;0
FR;1;2021-03-27;110903;15472;1;0;19482;0;0;0;0;5285201;2563422;90;1;2663470;0;0;0;0
FR;1;2021-03-28;42310;4389;3;0;5944;0;0;0;0;5327511;2567811;93;1;2669414;0;0;0;0
FR;1;2021-03-29;129842;49021;4;0;53675;0;0;0;0;5457353;2616832;97;1;2723089;0;0;0;0
FR;1;2021-03-30;167745;63782;5;0;70785;0;0;0;0;5625098;2680614;102;1;2793874;0;0;0;0
FR;1;2021-03-31;170968;67918;4;0;75448;0;0;0;0;5796066;2748532;106;1;2869322;0;0;0;0
FR;1;2021-04-01;194867;83916;10;0;93410;0;0;0;0;5990933;2832448;116;1;2962732;0;0;0;0
FR;1;2021-04-02;164469;86757;7;0;94572;0;0;0;0;6155402;2919205;123;1;3057304;0;0;0;0
FR;1;2021-04-03;88258;58187;6;0;61730;0;0;0;0;6243660;2977392;129;1;3119034;0;0;0;0
FR;1;2021-04-04;33660;17720;0;0;19216;0;0;0;0;6277320;2995112;129;1;3138250;0;0;0;0
FR;1;2021-04-05;46423;9597;11;0;11474;0;0;0;0;6323743;3004709;140;1;3149724;0;0;0;0
FR;1;2021-04-06;160341;105430;17;0;111896;0;0;0;0;6484084;3110139;157;1;3261620;0;0;0;0
FR;1;2021-04-07;197030;108097;16;0;116918;0;0;0;0;6681114;3218236;173;1;3378538;0;0;0;0
FR;1;2021-04-08;222183;114227;14;0;125567;0;0;0;0;6903297;3332463;187;1;3504105;0;0;0;0
FR;1;2021-04-09;214602;108005;21;0;118886;0;0;0;0;7117899;3440468;208;1;3622991;0;0;0;0
FR;1;2021-04-10;117203;73224;14;0;78364;0;0;0;0;7235102;3513692;222;1;3701355;0;0;0;0
FR;1;2021-04-11;40901;29897;6;0;31800;0;0;0;0;7276003;3543589;228;1;3733155;0;0;0;0
FR;1;2021-04-12;168499;104554;46;0;111786;0;0;0;0;7444502;3648143;274;1;3844941;0;0;0;0
FR;1;2021-04-13;203838;127791;97;1;137124;0;0;0;0;7648340;3775934;371;2;3982065;0;0;0;0
FR;1;2021-04-14;208663;122928;208;0;133150;0;0;0;0;7857003;3898862;579;2;4115215;0;0;0;0
FR;1;2021-04-15;221724;128131;313;0;139159;0;0;0;0;8078727;4026993;892;2;4254374;0;0;0;0
FR;1;2021-04-16;206104;125758;309;0;135423;0;0;0;0;8284831;4152751;1201;2;4389797;0;0;0;0
FR;1;2021-04-17;122110;67116;103;0;72174;0;0;0;0;8406941;4219867;1304;2;4461971;0;0;0;0
FR;1;2021-04-18;35974;21005;41;0;22711;0;0;0;0;8442915;4240872;1345;2;4484682;0;0;0;0
FR;1;2021-04-19;163773;121579;432;0;129115;0;0;0;0;8606688;4362451;1777;2;4613797;0;0;0;0
FR;1;2021-04-20;189476;149661;531;0;158778;0;0;0;0;8796164;4512112;2308;2;4772575;0;0;0;0
FR;1;2021-04-21;194038;147655;760;0;157175;0;0;0;0;8990202;4659767;3068;2;4929750;0;0;0;0
FR;1;2021-04-22;209069;164479;778;0;175704;0;0;0;0;9199271;4824246;3846;2;5105454;0;0;0;0
FR;1;2021-04-23;198981;158012;671;0;169022;0;0;0;0;9398252;4982258;4517;2;5274476;0;0;0;0
FR;1;2021-04-24;126350;95849;148;0;101916;0;0;0;0;9524602;5078107;4665;2;5376392;0;0;0;0
FR;1;2021-04-25;53638;30064;46;0;32821;0;0;0;0;9578240;5108171;4711;2;5409213;0;0;0;0
FR;1;2021-04-26;181169;140176;542;0;148892;0;0;0;0;9759409;5248347;5253;2;5558105;0;0;0;0
FR;1;2021-04-27;221394;162540;901;0;173913;0;0;0;0;9980803;5410887;6154;2;5732018;0;0;0;0
FR;1;2021-04-28;238339;156110;1314;1;168789;1;0;0;0;10219142;5566997;7468;3;5900807;1;0;0;0
FR;1;2021-04-29;270331;161538;1211;0;177140;0;0;0;0;10489473;5728535;8679;3;6077947;1;0;0;0
FR;1;2021-04-30;272015;148929;1073;0;165034;0;0;0;0;10761488;5877464;9752;3;6242981;1;0;0;0
FR;1;2021-05-01;141172;40608;173;0;48636;0;0;0;0;10902660;5918072;9925;3;6291617;1;0;0;0
FR;1;2021-05-02;81561;28216;81;0;32970;0;0;0;0;10984221;5946288;10006;3;6324587;1;0;0;0
FR;1;2021-05-03;250809;142444;803;0;156133;0;0;0;0;11235030;6088732;10809;3;6480720;1;0;0;0
FR;1;2021-05-04;265922;187908;1202;0;203480;0;0;0;0;11500952;6276640;12011;3;6684200;1;0;0;0
FR;1;2021-05-05;283930;186108;1267;0;202760;0;0;0;0;11784882;6462748;13278;3;6886960;1;0;0;0
FR;1;2021-05-06;310013;184358;1502;0;204118;0;0;0;0;12094895;6647106;14780;3;7091078;1;0;0;0
FR;1;2021-05-07;284136;196639;1127;0;214456;0;0;0;0;12379031;6843745;15907;3;7305534;1;0;0;0
FR;1;2021-05-08;191674;51337;285;0;62722;0;0;0;0;12570705;6895082;16192;3;7368256;1;0;0;0
FR;1;2021-05-09;114068;34376;236;0;41548;0;0;0;0;12684773;6929458;16428;3;7409804;1;0;0;0
FR;1;2021-05-10;258231;194968;1187;0;210962;0;0;0;0;12943004;7124426;17615;3;7620766;1;0;0;0
FR;1;2021-05-11;318922;211169;1465;0;231403;0;0;0;0;13261926;7335595;19080;3;7852169;1;0;0;0
FR;1;2021-05-12;356669;186038;1401;0;208342;0;0;0;0;13618595;7521633;20481;3;8060511;1;0;0;0
FR;1;2021-05-13;283465;47356;401;0;64284;0;0;0;0;13902060;7568989;20882;3;8124795;1;0;0;0
FR;1;2021-05-14;370529;128525;995;0;151941;0;0;0;0;14272589;7697514;21877;3;8276736;1;0;0;0
FR;1;2021-05-15;298114;66189;404;0;84897;0;0;0;0;14570703;7763703;22281;3;8361633;1;0;0;0
FR;1;2021-05-16;157787;15476;158;0;26045;0;0;0;0;14728490;7779179;22439;3;8387678;1;0;0;0
FR;1;2021-05-17;318943;116178;1441;0;138148;0;0;0;0;15047433;7895357;23880;3;8525826;1;0;0;0
FR;1;2021-05-18;383360;111613;1800;0;137561;0;0;0;0;15430793;8006970;25680;3;8663387;1;0;0;0
FR;1;2021-05-19;395296;101612;2184;0;128552;0;0;0;0;15826089;8108582;27864;3;8791939;1;0;0;0
FR;1;2021-05-20;421838;95683;2049;0;125167;0;0;0;0;16247927;8204265;29913;3;8917106;1;0;0;0
FR;1;2021-05-21;399827;97391;1764;0;125803;0;0;0;0;16647754;8301656;31677;3;9042909;1;0;0;0
FR;1;2021-05-22;275704;41910;604;0;60934;0;0;0;0;16923458;8343566;32281;3;9103843;1;0;0;0
FR;1;2021-05-23;123025;10978;224;0;20583;0;0;0;0;17046483;8354544;32505;3;9124426;1;0;0;0
FR;1;2021-05-24;244024;26256;569;0;43787;0;0;0;0;17290507;8380800;33074;3;9168213;1;0;0;0
FR;1;2021-05-25;366238;131509;2115;1;158446;0;0;0;0;17656745;8512309;35189;4;9326659;1;0;0;0
FR;1;2021-05-26;380833;127276;1996;0;155621;0;0;0;0;18037578;8639585;37185;4;9482280;1;0;0;0
FR;1;2021-05-27;406177;128223;1978;0;158712;0;0;0;0;18443755;8767808;39163;4;9640992;1;0;0;0
FR;1;2021-05-28;366051;145654;1701;0;174222;0;0;0;0;18809806;8913462;40864;4;9815214;1;0;0;0
FR;1;2021-05-29;253846;81087;527;0;100286;0;0;0;0;19063652;8994549;41391;4;9915500;1;0;0;0
FR;1;2021-05-30;100979;22595;158;0;30831;0;0;0;0;19164631;9017144;41549;4;9946331;1;0;0;0
FR;1;2021-05-31;314337;149187;1286;1;172449;1;0;0;0;19478968;9166331;42835;5;10118780;2;0;0;0
FR;1;2021-06-01;361672;166400;1734;1;194110;1;0;0;0;19840640;9332731;44569;6;10312890;3;0;0;0
FR;1;2021-06-02;365412;154263;1797;0;183804;0;0;0;0;20206052;9486994;46366;6;10496694;3;0;0;0
FR;1;2021-06-03;391452;147379;1654;0;178350;0;0;0;0;20597504;9634373;48020;6;10675044;3;0;0;0
FR;1;2021-06-04;364126;175820;1495;1;205107;1;0;0;0;20961630;9810193;49515;7;10880151;4;0;0;0
FR;1;2021-06-05;258520;112792;597;0;133150;0;0;0;0;21220150;9922985;50112;7;11013301;4;0;0;0
FR;1;2021-06-06;126822;37567;215;0;48207;0;0;0;0;21346972;9960552;50327;7;11061508;4;0;0;0
FR;1;2021-06-07;301115;207764;1368;0;233048;0;0;0;0;21648087;10168316;51695;7;11294556;4;0;0;0
FR;1;2021-06-08;330870;220981;1645;0;248946;0;0;0;0;21978957;10389297;53340;7;11543502;4;0;0;0
FR;1;2021-06-09;336602;211054;1614;0;239836;0;0;0;0;22315559;10600351;54954;7;11783338;4;0;0;0
FR;1;2021-06-10;343918;199847;1614;0;229586;0;0;0;0;22659477;10800198;56568;7;12012924;4;0;0;0
FR;1;2021-06-11;311916;234698;1299;1;262603;0;0;0;0;22971393;11034896;57867;8;12275527;4;0;0;0
FR;1;2021-06-12;244096;150586;438;0;172197;0;0;0;0;23215489;11185482;58305;8;12447724;4;0;0;0
FR;1;2021-06-13;100373;61031;188;0;70692;0;0;0;0;23315862;11246513;58493;8;12518416;4;0;0;0
FR;1;2021-06-14;207863;287676;1320;1;307477;0;0;0;0;23523725;11534189;59813;9;12825893;4;0;0;0
FR;1;2021-06-15;256882;281205;1400;1;305048;0;0;0;0;23780607;11815394;61213;10;13130941;4;0;0;0
FR;1;2021-06-16;273667;270642;1263;1;296077;0;0;0;0;24054274;12086036;62476;11;13427018;4;0;0;0
FR;1;2021-06-17;268237;244986;1240;1;271049;0;0;0;0;24322511;12331022;63716;12;13698067;4;0;0;0
FR;1;2021-06-18;260618;295231;1155;1;321049;0;0;0;0;24583129;12626253;64871;13;14019116;4;0;0;0
FR;1;2021-06-19;193461;209567;388;0;228223;0;0;0;0;24776590;12835820;65259;13;14247339;4;0;0;0
FR;1;2021-06-20;69719;89039;121;0;96880;0;0;0;0;24846309;12924859;65380;13;14344219;4;0;0;0
FR;1;2021-06-21;172387;319740;934;1;338446;1;0;0;0;25018696;13244599;66314;14;14682665;5;0;0;0
FR;1;2021-06-22;185880;347979;1102;10;369031;1;0;0;0;25204576;13592578;67416;24;15051696;6;0;0;0
FR;1;2021-06-23;204225;339537;1049;0;363440;0;0;0;0;25408801;13932115;68465;24;15415136;6;0;0;0
FR;1;2021-06-24;203545;282001;1176;0;306750;0;0;0;0;25612346;14214116;69641;24;15721886;6;0;0;0
FR;1;2021-06-25;182672;371681;1200;0;395692;0;0;0;0;25795018;14585797;70841;24;16117578;6;0;0;0
FR;1;2021-06-26;131402;278530;504;0;295894;0;0;0;0;25926420;14864327;71345;24;16413472;6;0;0;0
FR;1;2021-06-27;52415;122853;146;0;130394;0;0;0;0;25978835;14987180;71491;24;16543866;6;0;0;0
FR;1;2021-06-28;136671;368215;1065;0;386818;0;0;0;0;26115506;15355395;72556;24;16930684;6;0;0;0
FR;1;2021-06-29;154907;391037;1848;0;412142;0;0;0;0;26270413;15746432;74404;24;17342826;6;0;0;0
FR;1;2021-06-30;180067;381848;1667;4;406462;2;0;0;0;26450480;16128280;76071;28;17749288;8;0;0;0
FR;1;2021-07-01;201565;332431;1888;5;360526;1;0;0;0;26652045;16460711;77959;33;18109814;9;0;0;0
FR;1;2021-07-02;193885;367292;1765;5;395510;2;0;0;0;26845930;16828003;79724;38;18505324;11;0;0;0
FR;1;2021-07-03;124484;280423;704;3;299540;1;0;0;0;26970414;17108426;80428;41;18804864;12;0;0;0
FR;1;2021-07-04;53966;113719;244;0;122132;0;0;0;0;27024380;17222145;80672;41;18926996;12;0;0;0
FR;1;2021-07-05;153970;355763;1500;8;379114;0;0;0;0;27178350;17577908;82172;49;19306110;12;0;0;0
FR;1;2021-07-06;173518;382283;1603;45;408187;8;0;0;0;27351868;17960191;83775;94;19714297;20;0;0;0
FR;1;2021-07-07;190854;362323;1659;25;390676;3;0;0;0;27542722;18322514;85434;119;20104973;23;0;0;0
FR;1;2021-07-08;201581;322937;1826;20;353604;3;0;0;0;27744303;18645451;87260;139;20458577;26;0;0;0
FR;1;2021-07-09;189988;387787;1854;3;418215;2;0;0;0;27934291;19033238;89114;142;20876792;28;0;0;0
FR;1;2021-07-10;129957;281164;818;1;302597;1;0;0;0;28064248;19314402;89932;143;21179389;29;0;0;0
FR;1;2021-07-11;57683;102518;262;0;112404;0;0;0;0;28121931;19416920;90194;143;21291793;29;0;0;0
FR;1;2021-07-12;149923;416835;1587;4;442854;0;0;0;0;28271854;19833755;91781;147;21734647;29;0;0;0
FR;1;2021-07-13;234288;439023;1808;8;476228;1;0;0;0;28506142;20272778;93589;155;22210875;30;0;0;0
FR;1;2021-07-14;171928;151348;418;0;176988;0;0;0;0;28678070;20424126;94007;155;22387863;30;0;0;0
FR;1;2021-07-15;279694;424163;1859;1;467163;0;0;0;0;28957764;20848289;95866;156;22855026;30;0;0;0
FR;1;2021-07-16;290446;400583;1711;3;445262;1;0;0;0;29248210;21248872;97577;159;23300288;31;0;0;0
FR;1;2021-07-17;217354;281969;755;1;315446;0;0;0;0;29465564;21530841;98332;160;23615734;31;0;0;0
FR;1;2021-07-18;102021;107201;288;0;123097;0;0;0;0;29567585;21638042;98620;160;23738831;31;0;0;0
FR;1;2021-07-19;238235;378419;1498;3;414491;0;0;0;0;29805820;22016461;100118;163;24153322;31;0;0;0
FR;1;2021-07-20;305769;379815;1470;0;425654;0;0;0;0;30111589;22396276;101588;163;24578976;31;0;0;0
FR;1;2021-07-21;333299;352761;1412;4;404167;1;0;0;0;30444888;22749037;103000;167;24983143;32;0;0;0
FR;1;2021-07-22;364690;318586;1502;3;375029;2;0;0;0;30809578;23067623;104502;170;25358172;34;0;0;0
FR;1;2021-07-23;349406;342829;1589;4;398396;1;0;0;0;31158984;23410452;106091;174;25756568;35;0;0;0
FR;1;2021-07-24;238964;240727;697;1;278073;0;0;0;0;31397948;23651179;106788;175;26034641;35;0;0;0
FR;1;2021-07-25;112805;76007;223;0;93709;0;0;0;0;31510753;23727186;107011;175;26128350;35;0;0;0
FR;1;2021-07-26;299144;289324;1495;2;335060;1;0;0;0;31809897;24016510;108506;177;26463410;36;0;0;0
FR;1;2021-07-27;385850;267935;1459;4;324919;1;0;0;0;32195747;24284445;109965;181;26788329;37;0;0;0
FR;1;2021-07-28;390213;250917;1463;4;307224;1;0;0;0;32585960;24535362;111428;185;27095553;38;0;0;0
FR;1;2021-07-29;406149;227612;1541;2;284346;0;0;0;0;32992109;24762974;112969;187;27379899;38;0;0;0
FR;1;2021-07-30;370751;246551;1638;4;298417;1;0;0;0;33362860;25009525;114607;191;27678316;39;0;0;0
FR;1;2021-07-31;243387;165083;794;1;199434;0;0;0;0;33606247;25174608;115401;192;27877750;39;0;0;0
FR;1;2021-08-01;105600;47212;235;0;61208;0;0;0;0;33711847;25221820;115636;192;27938958;39;0;0;0
FR;1;2021-08-02;297425;212835;1479;2;250655;0;0;0;0;34009272;25434655;117115;194;28189613;39;0;0;0
FR;1;2021-08-03;331345;208718;1557;2;250713;1;0;0;0;34340617;25643373;118672;196;28440326;40;0;0;0
FR;1;2021-08-04;328049;183855;1439;5;224028;3;0;0;0;34668666;25827228;120111;201;28664354;43;0;0;0
FR;1;2021-08-05;301290;193105;1483;0;229415;0;0;0;0;34969956;26020333;121594;201;28893769;43;0;0;0
FR;1;2021-08-06;290988;224111;1560;3;261424;0;0;0;0;35260944;26244444;123154;204;29155193;43;0;0;0
FR;1;2021-08-07;182673;158760;655;5;181683;1;0;0;0;35443617;26403204;123809;209;29336876;44;0;0;0
FR;1;2021-08-08;68890;59099;253;0;67629;0;0;0;0;35512507;26462303;124062;209;29404505;44;0;0;0
FR;1;2021-08-09;222793;235181;1445;4;263919;2;0;0;0;35735300;26697484;125507;213;29668424;46;0;0;0
FR;1;2021-08-10;252754;239866;1493;2;271727;0;0;0;0;35988054;26937350;127000;215;29940151;46;0;0;0
FR;1;2021-08-11;236247;231761;1271;5;261291;0;0;0;0;36224301;27169111;128271;220;30201442;46;0;0;0
FR;1;2021-08-12;220790;239767;1491;3;267896;0;0;0;0;36445091;27408878;129762;223;30469338;46;0;0;0
FR;1;2021-08-13;201723;238493;1360;2;264063;2;0;0;0;36646814;27647371;131122;225;30733401;48;0;0;0
FR;1;2021-08-14;122866;174039;645;0;189562;0;0;0;0;36769680;27821410;131767;225;30922963;48;0;0;0
FR;1;2021-08-15;34708;46117;201;1;50338;0;0;0;0;36804388;27867527;131968;226;30973301;48;0;0;0
FR;1;2021-08-16;156967;289362;1423;0;309965;0;0;0;0;36961355;28156889;133391;226;31283266;48;0;0;0
FR;1;2021-08-17;171618;290979;1422;5;313409;0;0;0;0;37132973;28447868;134813;231;31596675;48;0;0;0
FR;1;2021-08-18;161438;286684;1394;6;307338;3;0;0;0;37294411;28734552;136207;237;31904013;51;0;0;0
FR;1;2021-08-19;148957;277424;1405;1;297294;0;0;0;0;37443368;29011976;137612;238;32201307;51;0;0;0
FR;1;2021-08-20;140521;308942;1532;2;328204;2;0;0;0;37583889;29320918;139144;240;32529511;53;0;0;0
FR;1;2021-08-21;84281;213209;589;0;224543;0;0;0;0;37668170;29534127;139733;240;32754054;53;0;0;0
FR;1;2021-08-22;28582;82694;233;0;86700;0;0;0;0;37696752;29616821;139966;240;32840754;53;0;0;0
FR;1;2021-08-23;118666;320944;1422;2;337705;0;0;0;0;37815418;29937765;141388;242;33178459;53;0;0;0
FR;1;2021-08-24;126676;319636;1604;5;337481;0;0;0;0;37942094;30257401;142992;247;33515940;53;0;0;0
FR;1;2021-08-25;121543;306437;1781;8;323647;2;0;0;0;38063637;30563838;144773;255;33839587;55;0;0;0
FR;1;2021-08-26;106637;286060;2162;10;302386;0;0;0;0;38170274;30849898;146935;265;34141973;55;0;0;0
FR;1;2021-08-27;107659;321604;2303;9;338922;1;0;0;0;38277933;31171502;149238;274;34480895;56;0;0;0
FR;1;2021-08-28;71026;220692;1102;0;231235;0;0;0;0;38348959;31392194;150340;274;34712130;56;0;0;0
FR;1;2021-08-29;24154;78196;469;1;82089;0;0;0;0;38373113;31470390;150809;275;34794219;56;0;0;0
FR;1;2021-08-30;96900;286274;4313;6;299770;4973;0;0;0;38470013;31756664;155122;281;35093989;5029;0;0;0
FR;1;2021-08-31;98127;276249;9295;15;289918;10077;2;0;0;38568140;32032913;164417;296;35383907;15106;2;0;0
FR;1;2021-09-01;112357;245297;21120;8;257700;22150;1;0;0;38680497;32278210;185537;304;35641607;37256;3;0;0
FR;1;2021-09-02;86766;197913;24533;18;208320;25516;0;0;0;38767263;32476123;210070;322;35849927;62772;3;0;0
FR;1;2021-09-03;82428;227492;26957;21;238941;28042;0;0;0;38849691;32703615;237027;343;36088868;90814;3;0;0
FR;1;2021-09-04;71630;189713;11142;11;199314;11707;7;0;0;38921321;32893328;248169;354;36288182;102521;10;0;0
FR;1;2021-09-05;18613;41145;4124;2;43856;4274;0;0;0;38939934;32934473;252293;356;36332038;106795;10;0;0
FR;1;2021-09-06;59822;151396;30181;15;158943;31205;2;0;0;38999756;33085869;282474;371;36490981;138000;12;0;0
FR;1;2021-09-07;57401;139631;30213;30;146773;31247;2;0;0;39057157;33225500;312687;401;36637754;169247;14;0;0
FR;1;2021-09-08;72349;173788;26926;22;182289;27956;4;0;0;39129506;33399288;339613;423;36820043;197203;18;0;0
FR;1;2021-09-09;54491;124418;28634;24;131188;29744;5;0;0;39183997;33523706;368247;447;36951231;226947;23;0;0
FR;1;2021-09-10;66218;152074;30452;24;161178;31690;5;0;0;39250215;33675780;398699;471;37112409;258637;28;0;0
FR;1;2021-09-11;52690;146627;9731;14;154132;10352;0;0;0;39302905;33822407;408430;485;37266541;268989;28;0;0
FR;1;2021-09-12;10797;29271;2489;1;30971;2658;2;0;0;39313702;33851678;410919;486;37297512;271647;30;0;0
FR;1;2021-09-13;51515;104417;38763;31;110974;40083;16;0;0;39365217;33956095;449682;517;37408486;311730;46;0;0
FR;1;2021-09-14;53342;95991;51283;67;102395;53256;40;0;0;39418559;34052086;500965;584;37510881;364986;86;0;0
FR;1;2021-09-15;60579;139238;50497;55;146429;47058;68;0;0;39479138;34191324;551462;639;37657310;412044;154;0;0
FR;1;2021-09-16;46639;81362;53355;70;86264;49605;65;0;0;39525777;34272686;604817;709;37743574;461649;219;0;0
FR;1;2021-09-17;53224;109330;45072;61;115670;42701;62;0;0;39579001;34382016;649889;770;37859244;504350;281;0;0
FR;1;2021-09-18;37882;118488;11796;19;124080;11276;19;0;0;39616883;34500504;661685;789;37983324;515626;300;0;0
FR;1;2021-09-19;6531;21029;2042;1;22132;1983;1;0;0;39623414;34521533;663727;790;38005456;517609;301;0;0
FR;1;2021-09-20;36542;74836;46232;65;78561;44193;32;0;0;39659956;34596369;709959;855;38084017;561802;333;0;0
FR;1;2021-09-21;34201;68110;56267;72;71143;52742;77;0;0;39694157;34664479;766226;927;38155160;614544;410;0;0
FR;1;2021-09-22;38841;118602;49879;76;123026;46922;41;0;0;39732998;34783081;816105;1003;38278186;661466;451;0;0
FR;1;2021-09-23;32039;62898;54509;85;65801;50919;80;0;0;39765037;34845979;870614;1088;38343987;712385;531;0;0
FR;1;2021-09-24;36798;90033;43673;89;94395;41953;57;0;0;39801835;34936012;914287;1177;38438382;754338;588;0;0
FR;1;2021-09-25;27652;96704;12307;27;101065;12186;19;0;0;39829487;35032716;926594;1204;38539447;766524;607;0;0
FR;1;2021-09-26;4386;15197;1777;5;16061;1699;4;0;0;39833873;35047913;928371;1209;38555508;768223;611;0;0
FR;1;2021-09-27;27353;60216;42912;89;63449;41639;81;0;1;39861226;35108129;971283;1298;38618957;809862;692;0;1
FR;1;2021-09-28;26913;49420;47201;76;52047;44483;41;0;0;39888139;35157549;1018484;1374;38671004;854345;733;0;1
FR;1;2021-09-29;35925;80270;47291;87;84659;45614;36;0;0;39924064;35237819;1065775;1461;38755663;899959;769;0;1
FR;1;2021-09-30;26075;46890;47527;80;49258;45469;52;0;0;39950139;35284709;1113302;1541;38804921;945428;821;0;1
FR;1;2021-10-01;47303;66918;44904;83;70813;44620;15;0;0;39997442;35351627;1158206;1624;38875734;990048;836;0;1
FR;1;2021-10-02;32383;62403;16113;32;67217;16323;6;0;0;40029825;35414030;1174319;1656;38942951;1006371;842;0;1
FR;1;2021-10-03;4343;8564;2040;3;9313;2037;4;0;0;40034168;35422594;1176359;1659;38952264;1008408;846;0;1
FR;1;2021-10-04;28977;44421;47111;79;46841;46977;31;0;0;40063145;35467015;1223470;1738;38999105;1055385;877;0;1
FR;1;2021-10-05;24567;41635;49891;116;43138;49339;50;0;0;40087712;35508650;1273361;1854;39042243;1104724;927;0;1
FR;1;2021-10-06;34657;61373;57506;101;64491;57255;25;0;0;40122369;35570023;1330867;1955;39106734;1161979;952;0;1
FR;1;2021-10-07;21079;39910;53049;75;41091;51994;33;0;0;40143448;35609933;1383916;2030;39147825;1213973;985;0;1
FR;1;2021-10-08;35669;59640;60408;83;62875;61163;29;0;0;40179117;35669573;1444324;2113;39210700;1275136;1014;0;1
FR;1;2021-10-09;27466;48014;25496;29;52491;26021;10;0;0;40206583;35717587;1469820;2142;39263191;1301157;1024;0;1
FR;1;2021-10-10;3725;5811;2758;7;6289;2865;1;0;0;40210308;35723398;1472578;2149;39269480;1304022;1025;0;1
FR;1;2021-10-11;24857;38217;54586;88;40305;55260;48;0;0;40235165;35761615;1527164;2237;39309785;1359282;1073;0;1
FR;1;2021-10-12;23381;36584;58075;128;37102;59228;18;0;0;40258546;35798199;1585239;2365;39346887;1418510;1091;0;1
FR;1;2021-10-13;32974;47836;64175;125;50645;65700;23;0;1;40291520;35846035;1649414;2490;39397532;1484210;1114;0;2
FR;1;2021-10-14;21712;34774;53771;103;35684;54364;24;0;0;40313232;35880809;1703185;2593;39433216;1538574;1138;0;2
FR;1;2021-10-15;32750;48760;72329;165;50458;75022;23;0;0;40345982;35929569;1775514;2758;39483674;1613596;1161;0;2
FR;1;2021-10-16;26013;35285;34871;44;38303;36425;14;0;0;40371995;35964854;1810385;2802;39521977;1650021;1175;0;2
FR;1;2021-10-17;3158;4048;3417;2;4492;3317;3;0;0;40375153;35968902;1813802;2804;39526469;1653338;1178;0;2
FR;1;2021-10-18;24347;34886;66847;132;34932;69724;28;0;0;40399500;36003788;1880649;2936;39561401;1723062;1206;0;2
FR;1;2021-10-19;20722;35572;75671;135;33232;79599;41;0;0;40420222;36039360;1956320;3071;39594633;1802661;1247;0;2
FR;1;2021-10-20;29915;44202;96184;178;43284;99870;45;0;0;40450137;36083562;2052504;3249;39637917;1902531;1292;0;2
FR;1;2021-10-21;19803;35051;83192;107;31765;87051;31;0;0;40469940;36118613;2135696;3356;39669682;1989582;1323;0;2
FR;1;2021-10-22;29756;47759;103754;196;44571;109708;59;0;0;40499696;36166372;2239450;3552;39714253;2099290;1382;0;2
FR;1;2021-10-23;23055;35143;44874;57;36139;47384;11;0;0;40522751;36201515;2284324;3609;39750392;2146674;1393;0;2
FR;1;2021-10-24;2406;3841;3584;6;4040;3718;1;0;0;40525157;36205356;2287908;3615;39754432;2150392;1394;0;2
FR;1;2021-10-25;22498;30732;82029;143;29621;85834;37;0;0;40547655;36236088;2369937;3758;39784053;2236226;1431;0;2
FR;1;2021-10-26;19365;27646;86121;162;24750;90344;31;0;0;40567020;36263734;2456058;3920;39808803;2326570;1462;0;2
FR;1;2021-10-27;26220;39619;107822;252;37314;112735;49;0;0;40593240;36303353;2563880;4172;39846117;2439305;1511;0;2
FR;1;2021-10-28;18802;27112;86965;150;23497;91724;37;0;0;40612042;36330465;2650845;4322;39869614;2531029;1548;0;2
FR;1;2021-10-29;25931;40262;114840;202;35499;121673;53;0;0;40637973;36370727;2765685;4524;39905113;2652702;1601;0;2
FR;1;2021-10-30;17711;28713;49371;74;28307;51964;18;0;0;40655684;36399440;2815056;4598;39933420;2704666;1619;0;2
FR;1;2021-10-31;2086;3171;3451;2;3217;3685;2;0;0;40657770;36402611;2818507;4600;39936637;2708351;1621;0;2
FR;1;2021-11-01;8014;4271;3035;3;4358;3292;6;0;0;40665784;36406882;2821542;4603;39940995;2711643;1627;0;2
FR;1;2021-11-02;22908;33227;92410;156;29189;97858;39;0;1;40688692;36440109;2913952;4759;39970184;2809501;1666;0;3
FR;1;2021-11-03;26635;41564;117511;219;37019;123892;58;0;0;40715327;36481673;3031463;4978;40007203;2933393;1724;0;3
FR;1;2021-11-04;19627;30300;105820;213;24188;111971;43;0;0;40734954;36511973;3137283;5191;40031391;3045364;1767;0;3
FR;1;2021-11-05;27024;42301;138791;230;34192;147471;47;0;0;40761978;36554274;3276074;5421;40065583;3192835;1814;0;3
FR;1;2021-11-06;18863;29818;63488;123;27621;66504;25;0;0;40780841;36584092;3339562;5544;40093204;3259339;1839;0;3
FR;1;2021-11-07;1834;3278;4983;6;3033;5302;5;0;0;40782675;36587370;3344545;5550;40096237;3264641;1844;0;3
FR;1;2021-11-08;17876;32239;126009;224;25388;132643;48;0;0;40800551;36619609;3470554;5774;40121625;3397284;1892;0;3
FR;1;2021-11-09;19519;37605;159323;334;26146;169129;67;0;0;40820070;36657214;3629877;6108;40147771;3566413;1959;0;3
FR;1;2021-11-10;28889;49069;181922;441;39031;192538;87;0;0;40848959;36706283;3811799;6549;40186802;3758951;2046;0;3
FR;1;2021-11-11;4191;5937;12237;26;5108;13031;14;0;0;40853150;36712220;3824036;6575;40191910;3771982;2060;0;3
FR;1;2021-11-12;26023;46830;174845;244;35310;186528;81;0;0;40879173;36759050;3998881;6819;40227220;3958510;2141;0;3
FR;1;2021-11-13;18734;29153;76846;111;25379;81794;41;0;0;40897907;36788203;4075727;6930;40252599;4040304;2182;0;3
FR;1;2021-11-14;2050;3243;6827;5;2798;7358;6;0;0;40899957;36791446;4082554;6935;40255397;4047662;2188;0;3
FR;1;2021-11-15;18787;34714;156440;306;24627;166267;60;0;0;40918744;36826160;4238994;7241;40280024;4213929;2248;0;3
FR;1;2021-11-16;21363;37844;192148;380;23353;205057;103;0;1;40940107;36864004;4431142;7621;40303377;4418986;2351;0;4
FR;1;2021-11-17;28672;45559;193250;398;33036;205066;95;0;0;40968779;36909563;4624392;8019;40336413;4624052;2446;0;4
FR;1;2021-11-18;21143;39600;182527;458;25152;194639;87;0;0;40989922;36949163;4806919;8477;40361565;4818691;2533;0;4
FR;1;2021-11-19;30892;53319;230277;532;34834;246752;138;0;0;41020814;37002482;5037196;9009;40396399;5065443;2671;0;4
FR;1;2021-11-20;23768;33222;96998;202;26738;103648;44;0;0;41044582;37035704;5134194;9211;40423137;5169091;2715;0;4
FR;1;2021-11-21;2339;3910;9128;19;2956;9938;16;0;0;41046921;37039614;5143322;9230;40426093;5179029;2731;0;4
FR;1;2021-11-22;21422;30349;175927;467;16961;189479;78;0;0;41068343;37069963;5319249;9697;40443054;5368508;2809;0;4
FR;1;2021-11-23;24028;40978;221249;540;21332;237994;77;0;0;41092371;37110941;5540498;10237;40464386;5606502;2886;0;4
FR;1;2021-11-24;30298;49654;217388;702;31992;234556;68;0;0;41122669;37160595;5757886;10939;40496378;5841058;2954;0;4
FR;1;2021-11-25;23732;44035;244501;718;22095;264172;101;0;0;41146401;37204630;6002387;11657;40518473;6105230;3055;0;4
FR;1;2021-11-26;30621;66661;356831;836;33280;388605;154;0;0;41177022;37271291;6359218;12493;40551753;6493835;3209;0;4
FR;1;2021-11-27;21961;45299;202654;372;26193;222685;112;0;0;41198983;37316590;6561872;12865;40577946;6716520;3321;0;4
FR;1;2021-11-28;3179;9562;54799;63;3476;61019;37;0;0;41202162;37326152;6616671;12928;40581422;6777539;3358;0;4
FR;1;2021-11-29;17902;49469;326413;841;20799;354537;150;0;0;41220064;37375621;6943084;13769;40602221;7132076;3508;0;4
FR;1;2021-11-30;22790;64857;431179;952;23856;470816;262;0;0;41242854;37440478;7374263;14721;40626077;7602892;3770;0;4
FR;1;2021-12-01;25352;69119;442934;1131;28503;481806;271;0;0;41268206;37509597;7817197;15852;40654580;8084698;4041;0;4
FR;1;2021-12-02;20088;64406;489440;1229;18522;532962;271;0;0;41288294;37574003;8306637;17081;40673102;8617660;4312;0;4
FR;1;2021-12-03;22913;82346;542812;1310;30344;591803;307;0;0;41311207;37656349;8849449;18391;40703446;9209463;4619;0;4
FR;1;2021-12-04;16418;53843;299122;654;23257;328989;182;0;0;41327625;37710192;9148571;19045;40726703;9538452;4801;0;4
FR;1;2021-12-05;3635;13795;81543;143;4210;91047;85;0;0;41331260;37723987;9230114;19188;40730913;9629499;4886;0;4
FR;1;2021-12-06;25851;62460;415484;1066;22108;455207;356;0;0;41357111;37786447;9645598;20254;40753021;10084706;5242;0;4
FR;1;2021-12-07;20015;75484;523030;1536;24333;572662;371;0;0;41377126;37861931;10168628;21790;40777354;10657368;5613;0;4
FR;1;2021-12-08;21717;75561;458488;1545;30694;502164;378;0;0;41398843;37937492;10627116;23335;40808048;11159532;5991;0;4
FR;1;2021-12-09;19469;74015;493000;1626;24403;541015;397;0;0;41418312;38011507;11120116;24961;40832451;11700547;6388;0;4
FR;1;2021-12-10;23325;87605;547424;1585;32507;600061;390;0;1;41441637;38099112;11667540;26546;40864958;12300608;6778;0;5
FR;1;2021-12-11;16530;59128;302758;751;25988;335489;279;0;0;41458167;38158240;11970298;27297;40890946;12636097;7057;0;5
FR;1;2021-12-12;4392;15901;83229;179;5261;94042;96;0;0;41462559;38174141;12053527;27476;40896207;12730139;7153;0;5
FR;1;2021-12-13;15756;63486;367039;1094;23991;406323;235;0;0;41478315;38237627;12420566;28570;40920198;13136462;7388;0;5
FR;1;2021-12-14;20864;80184;464836;1748;28726;515282;505;0;1;41499179;38317811;12885402;30318;40948924;13651744;7893;0;6
FR;1;2021-12-15;21619;77355;409131;1309;33069;453204;311;0;1;41520798;38395166;13294533;31627;40981993;14104948;8204;0;7
FR;1;2021-12-16;20064;77146;451926;1577;28005;500669;325;0;0;41540862;38472312;13746459;33204;41009998;14605617;8529;0;7
FR;1;2021-12-17;22625;86487;479980;1737;34741;531019;372;0;0;41563487;38558799;14226439;34941;41044739;15136636;8901;0;7
FR;1;2021-12-18;17609;54603;257643;731;24727;288524;232;0;0;41581096;38613402;14484082;35672;41069466;15425160;9133;0;7
FR;1;2021-12-19;5562;16949;79197;194;5938;90691;116;0;0;41586658;38630351;14563279;35866;41075404;15515851;9249;0;7
FR;1;2021-12-20;20950;62994;316274;1081;26592;355319;283;0;0;41607608;38693345;14879553;36947;41101996;15871170;9532;0;7
FR;1;2021-12-21;26340;72938;372784;1423;30644;418103;337;0;0;41633948;38766283;15252337;38370;41132640;16289273;9869;0;7
FR;1;2021-12-22;24987;65736;310673;1217;29658;349602;361;0;1;41658935;38832019;15563010;39587;41162298;16638875;10230;0;8
FR;1;2021-12-23;21274;52172;241506;958;23399;273052;362;0;0;41680209;38884191;15804516;40545;41185697;16911927;10592;0;8
FR;1;2021-12-24;7128;18303;67162;258;9270;77062;154;0;1;41687337;38902494;15871678;40803;41194967;16988989;10746;0;9
FR;1;2021-12-25;507;2874;5590;15;1804;6536;55;0;0;41687844;38905368;15877268;40818;41196771;16995525;10801;0;9
FR;1;2021-12-26;2750;7579;26950;71;3495;31464;100;0;0;41690594;38912947;15904218;40889;41200266;17026989;10901;0;9
FR;1;2021-12-27;18312;53501;235132;705;25503;265780;365;0;0;41708906;38966448;16139350;41594;41225769;17292769;11266;0;9
FR;1;2021-12-28;23302;61944;292047;1026;27052;330218;595;0;1;41732208;39028392;16431397;42620;41252821;17622987;11861;0;10
FR;1;2021-12-29;22217;55444;255023;920;25313;288233;645;0;1;41754425;39083836;16686420;43540;41278134;17911220;12506;0;11
FR;1;2021-12-30;21241;46463;212168;858;22489;239623;718;0;0;41775666;39130299;16898588;44398;41300623;18150843;13224;0;11
FR;1;2021-12-31;7467;16548;61875;229;8734;70406;346;0;0;41783133;39146847;16960463;44627;41309357;18221249;13570;0;11
FR;1;2022-01-01;1158;2495;5666;30;1541;6583;72;0;0;41784291;39149342;16966129;44657;41310898;18227832;13642;0;11
FR;1;2022-01-02;3087;8076;28893;50;3674;33531;190;0;0;41787378;39157418;16995022;44707;41314572;18261363;13832;0;11
FR;1;2022-01-03;25707;54219;228264;789;27573;257736;957;0;1;41813085;39211637;17223286;45496;41342145;18519099;14789;0;12
FR;1;2022-01-04;26205;65049;299282;1239;29856;337317;1367;0;2;41839290;39276686;17522568;46735;41372001;18856416;16156;0;14
FR;1;2022-01-05;30546;64290;274906;1099;32550;310286;1263;0;0;41869836;39340976;17797474;47834;41404551;19166702;17419;0;14
FR;1;2022-01-06;26838;66227;306904;1400;29304;346568;1566;0;1;41896674;39407203;18104378;49234;41433855;19513270;18985;0;15
FR;1;2022-01-07;31570;75031;349847;1538;34440;393990;1822;0;1;41928244;39482234;18454225;50772;41468295;19907260;20807;0;16
FR;1;2022-01-08;23389;51375;222499;698;25593;251125;913;0;1;41951633;39533609;18676724;51470;41493888;20158385;21720;0;17
FR;1;2022-01-09;7092;17153;66026;163;8186;76135;335;0;0;41958725;39550762;18742750;51633;41502074;20234520;22055;0;17
FR;1;2022-01-10;21793;60635;236810;956;32961;267607;1257;0;1;41980518;39611397;18979560;52589;41535035;20502127;23312;0;18
FR;1;2022-01-11;26764;63469;282307;1280;31229;317832;1835;0;1;42007282;39674866;19261867;53869;41566264;20819959;25147;0;19
FR;1;2022-01-12;28960;62530;246276;1105;35090;278066;1685;0;3;42036242;39737396;19508143;54974;41601354;21098025;26832;0;22
FR;1;2022-01-13;24782;60190;262806;1253;30061;296126;1994;0;4;42061024;39797586;19770949;56227;41631415;21394151;28826;0;26
FR;1;2022-01-14;27967;66737;314027;1366;32159;351277;2475;0;1;42088991;39864323;20084976;57593;41663574;21745428;31301;0;27
FR;1;2022-01-15;19366;44427;199321;618;22475;223863;1362;0;1;42108357;39908750;20284297;58211;41686049;21969291;32663;0;28
FR;1;2022-01-16;5160;12973;51529;135;6032;59557;337;0;0;42113517;39921723;20335826;58346;41692081;22028848;33000;0;28
FR;1;2022-01-17;16867;39715;184841;781;20146;206834;1691;0;2;42130384;39961438;20520667;59127;41712227;22235682;34691;0;30
FR;1;2022-01-18;19453;45981;212436;1154;22992;237047;2457;0;1;42149837;40007419;20733103;60281;41735219;22472729;37148;0;31
FR;1;2022-01-19;20308;43984;176121;897;25490;197200;1974;0;4;42170145;40051403;20909224;61178;41760709;22669929;39122;0;35
FR;1;2022-01-20;16841;40592;183700;1139;20821;204748;2513;0;2;42186986;40091995;21092924;62317;41781530;22874677;41635;0;37
FR;1;2022-01-21;19917;47041;228966;1405;23917;253347;3107;0;1;42206903;40139036;21321890;63722;41805447;23128024;44742;0;38
FR;1;2022-01-22;13844;33349;144498;578;18445;161390;1404;0;2;42220747;40172385;21466388;64300;41823892;23289414;46146;0;40
FR;1;2022-01-23;3377;8769;33431;132;4576;38321;352;0;1;42224124;40181154;21499819;64432;41828468;23327735;46498;0;41
FR;1;2022-01-24;11812;32986;142225;711;17804;158259;2102;0;1;42235936;40214140;21642044;65143;41846272;23485994;48600;0;42
FR;1;2022-01-25;14213;38191;163416;1049;20291;181573;3179;0;1;42250149;40252331;21805460;66192;41866563;23667567;51779;0;43
FR;1;2022-01-26;14863;37717;150257;933;22641;166371;2517;0;1;42265012;40290048;21955717;67125;41889204;23833938;54296;0;44
FR;1;2022-01-27;12340;33321;143457;888;18501;158015;3226;0;3;42277352;40323369;22099174;68013;41907705;23991953;57522;0;47
FR;1;2022-01-28;16329;56933;198322;1143;32677;222398;4005;0;3;42293681;40380302;22297496;69156;41940382;24214351;61527;0;50
FR;1;2022-01-29;10268;35483;135207;525;19615;151543;1879;0;1;42303949;40415785;22432703;69681;41959997;24365894;63406;0;51
FR;1;2022-01-30;2485;9263;29682;86;4831;34449;435;0;1;42306434;40425048;22462385;69767;41964828;24400343;63841;0;52
FR;1;2022-01-31;8758;32493;104349;533;19488;117363;2341;0;3;42315192;40457541;22566734;70300;41984316;24517706;66182;0;55
FR;1;2022-02-01;10997;36469;127086;865;20643;141236;4326;0;1;42326189;40494010;22693820;71165;42004959;24658942;70508;0;56
FR;1;2022-02-02;12054;41591;130358;782;25268;145827;3778;0;9;42338243;40535601;22824178;71947;42030227;24804769;74286;0;65
FR;1;2022-02-03;9327;34057;117018;785;19112;130340;4289;0;4;42347570;40569658;22941196;72732;42049339;24935109;78575;0;69
FR;1;2022-02-04;11533;48712;172583;967;26001;192732;5487;0;5;42359103;40618370;23113779;73699;42075340;25127841;84062;0;74
FR;1;2022-02-05;7998;33931;117590;391;18175;133035;2420;0;3;42367101;40652301;23231369;74090;42093515;25260876;86482;0;77
FR;1;2022-02-06;1706;8000;22752;85;3873;26907;443;0;0;42368807;40660301;23254121;74175;42097388;25287783;86925;0;77
FR;1;2022-02-07;7343;35417;119107;459;18189;134979;3397;0;4;42376150;40695718;23373228;74634;42115577;25422762;90322;0;81
FR;1;2022-02-08;7764;31955;125661;695;14887;140650;4301;0;5;42383914;40727673;23498889;75329;42130464;25563412;94623;0;86
FR;1;2022-02-09;8651;36520;135257;701;17919;152502;3883;0;7;42392565;40764193;23634146;76030;42148383;25715914;98506;0;93
FR;1;2022-02-10;7022;30125;116377;675;13888;130166;4443;0;1;42399587;40794318;23750523;76705;42162271;25846080;102949;0;94
FR;1;2022-02-11;8657;41550;165144;878;18359;185369;5430;0;3;42408244;40835868;23915667;77583;42180630;26031449;108379;0;97
FR;1;2022-02-12;5342;27611;106713;379;12533;120898;2396;0;2;42413586;40863479;24022380;77962;42193163;26152347;110775;0;99
FR;1;2022-02-13;1265;5720;21718;66;2187;25336;402;0;3;42414851;40869199;24044098;78028;42195350;26177683;111177;0;102
FR;1;2022-02-14;5458;27224;118092;394;10640;133120;3384;0;4;42420309;40896423;24162190;78422;42205990;26310803;114561;0;106
FR;1;2022-02-15;5791;28862;118928;611;12208;132561;4882;0;1;42426100;40925285;24281118;79033;42218198;26443364;119443;0;107
FR;1;2022-02-16;5759;28488;110421;596;13753;123052;4152;0;3;42431859;40953773;24391539;79629;42231951;26566416;123595;0;110
FR;1;2022-02-17;4613;19739;73146;489;10125;80251;3998;0;3;42436472;40973512;24464685;80118;42242076;26646667;127593;0;113
FR;1;2022-02-18;5609;26790;99203;673;14163;108163;5519;0;2;42442081;41000302;24563888;80791;42256239;26754830;133112;0;115
FR;1;2022-02-19;3551;17177;59479;304;9569;66060;2266;0;0;42445632;41017479;24623367;81095;42265808;26820890;135378;0;115
FR;1;2022-02-20;791;3257;10706;36;1650;12333;360;0;1;42446423;41020736;24634073;81131;42267458;26833223;135738;0;116
FR;1;2022-02-21;3430;14593;52830;286;7916;57676;3126;0;2;42449853;41035329;24686903;81417;42275374;26890899;138864;0;118
FR;1;2022-02-22;3800;15539;51917;500;9036;55655;4070;0;1;42453653;41050868;24738820;81917;42284410;26946554;142934;0;119
FR;1;2022-02-23;4232;17822;57479;509;10741;62580;3569;0;3;42457885;41068690;24796299;82426;42295151;27009134;146503;0;122
FR;1;2022-02-24;3343;13133;43617;436;7828;46407;3657;0;2;42461228;41081823;24839916;82862;42302979;27055541;150160;0;124
FR;1;2022-02-25;4475;19956;64924;696;12074;68795;5767;0;4;42465703;41101779;24904840;83558;42315053;27124336;155927;0;128
FR;1;2022-02-26;2693;12801;41371;310;7648;45124;2494;0;2;42468396;41114580;24946211;83868;42322701;27169460;158421;0;130
FR;1;2022-02-27;644;2190;7129;42;1206;7994;431;0;0;42469040;41116770;24953340;83910;42323907;27177454;158852;0;130
FR;1;2022-02-28;2611;10493;34964;306;6075;37390;3124;0;0;42471651;41127263;24988304;84216;42329982;27214844;161976;0;130
FR;1;2022-03-01;3583;10753;38704;391;6358;39658;4549;0;4;42475234;41138016;25027008;84607;42336340;27254502;166525;0;134
FR;1;2022-03-02;3679;12185;41862;398;7451;43932;4110;0;1;42478913;41150201;25068870;85005;42343791;27298434;170635;0;135
FR;1;2022-03-03;2462;7985;26181;328;5241;26519;3379;0;1;42481375;41158186;25095051;85333;42349032;27324953;174014;0;136
FR;1;2022-03-04;2683;10502;35446;592;6934;34940;5277;0;3;42484058;41168688;25130497;85925;42355966;27359893;179291;0;139
FR;1;2022-03-05;1822;6363;21968;280;4202;22366;2571;0;1;42485880;41175051;25152465;86205;42360168;27382259;181862;0;140
FR;1;2022-03-06;359;956;2917;38;602;3120;327;0;0;42486239;41176007;25155382;86243;42360770;27385379;182189;0;140
FR;1;2022-03-07;1801;4719;16438;245;3043;15904;2831;0;4;42488040;41180726;25171820;86488;42363813;27401283;185020;0;144
FR;1;2022-03-08;1711;5256;17168;309;3667;15996;3472;0;3;42489751;41185982;25188988;86797;42367480;27417279;188492;0;147
FR;1;2022-03-09;1988;6676;19813;370;4752;19171;3422;0;4;42491739;41192658;25208801;87167;42372232;27436450;191914;0;151
FR;1;2022-03-10;1410;5010;15293;308;3662;14331;2943;0;2;42493149;41197668;25224094;87475;42375894;27450781;194857;0;153
FR;1;2022-03-11;1758;6407;21709;487;4441;19864;4737;0;1;42494907;41204075;25245803;87962;42380335;27470645;199594;0;154
FR;1;2022-03-12;1259;4653;15366;281;3096;14915;2686;0;2;42496166;41208728;25261169;88243;42383431;27485560;202280;0;156
FR;1;2022-03-13;256;612;2120;119;412;2066;468;0;0;42496422;41209340;25263289;88362;42383843;27487626;202748;0;156
FR;1;2022-03-14;1151;3678;13405;3882;2293;12527;6342;0;8;42497573;41213018;25276694;92244;42386136;27500153;209090;0;164
FR;1;2022-03-15;1408;5738;14661;6863;4321;13258;9844;0;8;42498981;41218756;25291355;99107;42390457;27513411;218934;0;172
FR;1;2022-03-16;1694;5085;17394;11520;3595;16459;14125;0;6;42500675;41223841;25308749;110627;42394052;27529870;233059;0;178
FR;1;2022-03-17;1175;3439;11732;9648;2364;10827;11731;0;8;42501850;41227280;25320481;120275;42396416;27540697;244790;0;186
FR;1;2022-03-18;1726;4929;17974;16507;3323;16413;19721;0;14;42503576;41232209;25338455;136782;42399739;27557110;264511;0;200
FR;1;2022-03-19;1126;3299;11890;8459;2275;11359;10141;0;6;42504702;41235508;25350345;145241;42402014;27568469;274652;0;206
FR;1;2022-03-20;224;559;1725;1014;361;1759;1224;0;2;42504926;41236067;25352070;146255;42402375;27570228;275876;0;208
FR;1;2022-03-21;1086;2766;11500;13461;1785;10849;15142;0;10;42506012;41238833;25363570;159716;42404160;27581077;291018;0;218
FR;1;2022-03-22;1279;3212;12259;18714;2153;11248;20616;0;5;42507291;41242045;25375829;178430;42406313;27592325;311634;0;223
FR;1;2022-03-23;1509;4356;16031;20111;2952;15712;21882;0;34;42508800;41246401;25391860;198541;42409265;27608037;333516;0;257
FR;1;2022-03-24;1116;2753;10401;16058;1910;9663;17562;0;15;42509916;41249154;25402261;214599;42411175;27617700;351078;0;272
FR;1;2022-03-25;1535;4360;16748;25315;2877;15400;27959;0;23;42511451;41253514;25419009;239914;42414052;27633100;379037;0;295
FR;1;2022-03-26;1109;3014;10856;11450;2063;10517;12862;0;20;42512560;41256528;25429865;251364;42416115;27643617;391899;0;315
FR;1;2022-03-27;234;546;1751;1382;334;1804;1593;0;1;42512794;41257074;25431616;252746;42416449;27645421;393492;0;316
FR;1;2022-03-28;1082;2488;9978;15885;1555;9601;17228;0;10;42513876;41259562;25441594;268631;42418004;27655022;410720;0;326
FR;1;2022-03-29;1142;2744;11556;25109;1594;10922;26505;0;30;42515018;41262306;25453150;293740;42419598;27665944;437225;0;356
FR;1;2022-03-30;1631;3609;14170;24227;2381;13710;25891;0;19;42516649;41265915;25467320;317967;42421979;27679654;463116;0;375
FR;1;2022-03-31;1279;3016;11698;22685;2043;11212;24005;0;40;42517928;41268931;25479018;340652;42424022;27690866;487121;0;415
FR;1;2022-04-01;2233;4021;18487;28531;2476;17357;30803;0;53;42520161;41272952;25497505;369183;42426498;27708223;517924;0;468
FR;1;2022-04-02;910;1889;8195;9238;1105;7954;10231;0;28;42521071;41274841;25505700;378421;42427603;27716177;528155;0;496
FR;1;2022-04-03;203;381;1433;1057;219;1434;1248;0;1;42521274;41275222;25507133;379478;42427822;27717611;529403;0;497
FR;1;2022-04-04;2485;2482;11371;17681;1565;10763;18899;0;30;42523759;41277704;25518504;397159;42429387;27728374;548302;0;527
FR;1;2022-04-05;2092;2708;13001;31219;1693;12025;32600;0;68;42525851;41280412;25531505;428378;42431080;27740399;580902;0;595
FR;1;2022-04-06;1816;3003;12204;23942;1910;11639;25240;0;62;42527667;41283415;25543709;452320;42432990;27752038;606142;0;657
FR;1;2022-04-07;1559;2738;12353;31081;1638;11818;32157;0;68;42529226;41286153;25556062;483401;42434628;27763856;638299;0;725
FR;1;2022-04-08;1754;3653;17559;40618;2045;16468;42687;0;76;42530980;41289806;25573621;524019;42436673;27780324;680986;0;801
FR;1;2022-04-09;822;1997;8404;12502;1074;8103;13502;0;26;42531802;41291803;25582025;536521;42437747;27788427;694488;0;827
FR;1;2022-04-10;201;650;1836;1855;415;1882;2075;0;6;42532003;41292453;25583861;538376;42438162;27790309;696563;0;833
FR;1;2022-04-11;1085;2256;10969;22347;1305;10687;23453;0;68;42533088;41294709;25594830;560723;42439467;27800996;720016;0;901
FR;1;2022-04-12;1336;2669;12821;38131;1583;12310;38882;0;119;42534424;41297378;25607651;598854;42441050;27813306;758898;0;1020
FR;1;2022-04-13;1277;2893;12271;30617;1788;12003;31388;0;85;42535701;41300271;25619922;629471;42442838;27825309;790286;0;1105
FR;1;2022-04-14;1228;2587;12117;33623;1590;12131;34060;0;88;42536929;41302858;25632039;663094;42444428;27837440;824346;0;1193
FR;1;2022-04-15;1497;3233;14403;33264;2054;13804;34667;0;107;42538426;41306091;25646442;696358;42446482;27851244;859013;0;1300
FR;1;2022-04-16;660;1405;5845;8003;763;5776;8757;0;31;42539086;41307496;25652287;704361;42447245;27857020;867770;0;1331
FR;1;2022-04-17;156;288;930;1121;175;975;1171;0;7;42539242;41307784;25653217;705482;42447420;27857995;868941;0;1338
FR;1;2022-04-18;166;479;2636;1002;296;2659;1187;0;5;42539408;41308263;25655853;706484;42447716;27860654;870128;0;1343
FR;1;2022-04-19;1254;2609;11785;27932;1497;11516;28787;0;69;42540662;41310872;25667638;734416;42449213;27872170;898915;0;1412
FR;1;2022-04-20;1350;2668;12176;26876;1670;12027;27702;0;82;42542012;41313540;25679814;761292;42450883;27884197;926617;0;1494
FR;1;2022-04-21;1243;2459;11547;33247;1508;11759;33603;0;107;42543255;41315999;25691361;794539;42452391;27895956;960220;0;1601
FR;1;2022-04-22;1520;3083;15215;35501;1916;14794;36698;0;120;42544775;41319082;25706576;830040;42454307;27910750;996918;0;1721
FR;1;2022-04-23;764;1581;6735;9893;917;6641;10577;0;30;42545539;41320663;25713311;839933;42455224;27917391;1007495;0;1751
FR;1;2022-04-24;196;373;1373;1521;237;1328;1744;0;7;42545735;41321036;25714684;841454;42455461;27918719;1009239;0;1758
FR;1;2022-04-25;1041;2129;9855;19732;1252;9756;20554;0;64;42546776;41323165;25724539;861186;42456713;27928475;1029793;0;1822
FR;1;2022-04-26;1348;2623;12602;36593;1604;12203;37179;0;163;42548124;41325788;25737141;897779;42458317;27940678;1066972;0;1985
FR;1;2022-04-27;1330;2406;10653;29242;1464;10789;29628;0;122;42549454;41328194;25747794;927021;42459781;27951467;1096600;0;2107
FR;1;2022-04-28;1284;2410;11561;34283;1517;11403;34432;0;127;42550738;41330604;25759355;961304;42461298;27962870;1131032;0;2234
FR;1;2022-04-29;1613;4272;14401;35558;3146;13855;36846;0;153;42552351;41334876;25773756;996862;42464444;27976725;1167878;0;2387
FR;1;2022-04-30;831;2431;6446;9173;1860;6289;9974;0;35;42553182;41337307;25780202;1006035;42466304;27983014;1177852;0;2422
FR;1;2022-05-01;177;288;831;949;190;825;1078;0;5;42553359;41337595;25781033;1006984;42466494;27983839;1178930;0;2427
FR;1;2022-05-02;1867;2606;10377;16948;1762;10300;17631;0;64;42555226;41340201;25791410;1023932;42468256;27994139;1196561;0;2491
FR;1;2022-05-03;1628;2873;12708;32893;1759;12600;33693;0;149;42556854;41343074;25804118;1056825;42470015;28006739;1230254;0;2640
FR;1;2022-05-04;1371;2742;11233;23810;1687;11394;24349;0;96;42558225;41345816;25815351;1080635;42471702;28018133;1254603;0;2736
FR;1;2022-05-05;1475;2695;12195;31846;1680;12119;32394;0;169;42559700;41348511;25827546;1112481;42473382;28030252;1286997;0;2905
FR;1;2022-05-06;1818;3231;14234;34918;1908;13817;36181;0;166;42561518;41351742;25841780;1147399;42475290;28044069;1323178;0;3071
FR;1;2022-05-07;858;1472;5979;9095;878;6013;9729;0;44;42562376;41353214;25847759;1156494;42476168;28050082;1332907;0;3115
FR;1;2022-05-08;190;329;1060;1472;222;1122;1548;0;8;42562566;41353543;25848819;1157966;42476390;28051204;1334455;0;3123
FR;1;2022-05-09;1150;2013;9247;19262;1154;9161;20035;0;93;42563716;41355556;25858066;1177228;42477544;28060365;1354490;0;3216
FR;1;2022-05-10;1491;3010;12620;37142;1920;12219;38040;0;177;42565207;41358566;25870686;1214370;42479464;28072584;1392530;0;3393
FR;1;2022-05-11;1435;2470;9910;26035;1689;9857;26557;0;138;42566642;41361036;25880596;1240405;42481153;28082441;1419087;0;3531
FR;1;2022-05-12;1319;2432;10523;33626;1524;10224;34269;0;188;42567961;41363468;25891119;1274031;42482677;28092665;1453356;0;3719
FR;1;2022-05-13;1610;2803;12767;35846;1680;12414;36942;0;149;42569571;41366271;25903886;1309877;42484357;28105079;1490298;0;3868
FR;1;2022-05-14;781;1321;5480;10215;807;5364;10730;0;51;42570352;41367592;25909366;1320092;42485164;28110443;1501028;0;3919
FR;1;2022-05-15;221;418;1182;1350;243;1252;1495;0;5;42570573;41368010;25910548;1321442;42485407;28111695;1502523;0;3924
FR;1;2022-05-16;970;1783;8075;20123;1003;8128;20547;0;117;42571543;41369793;25918623;1341565;42486410;28119823;1523070;0;4041
FR;1;2022-05-17;1293;2297;11121;36184;1380;10727;36968;0;172;42572836;41372090;25929744;1377749;42487790;28130550;1560038;0;4213
FR;1;2022-05-18;1311;2132;9036;25723;1364;8987;26281;0;99;42574147;41374222;25938780;1403472;42489154;28139537;1586319;0;4312
FR;1;2022-05-19;1202;2397;9851;33990;1406;9946;34191;0;150;42575349;41376619;25948631;1437462;42490560;28149483;1620510;0;4462
FR;1;2022-05-20;1561;2752;12526;37653;1714;12110;38512;0;151;42576910;41379371;25961157;1475115;42492274;28161593;1659022;0;4613
FR;1;2022-05-21;774;1375;5247;9374;866;5165;9943;0;37;42577684;41380746;25966404;1484489;42493140;28166758;1668965;0;4650
FR;1;2022-05-22;191;292;951;1396;203;952;1518;0;10;42577875;41381038;25967355;1485885;42493343;28167710;1670483;0;4660
FR;1;2022-05-23;968;1884;8371;19410;1170;8346;20027;0;79;42578843;41382922;25975726;1505295;42494513;28176056;1690510;0;4739
FR;1;2022-05-24;1286;2447;10722;37245;1437;10591;37819;0;173;42580129;41385369;25986448;1542540;42495950;28186647;1728329;0;4912
FR;1;2022-05-25;1273;2297;8791;23693;1423;8955;24055;0;111;42581402;41387666;25995239;1566233;42497373;28195602;1752384;0;5023
FR;1;2022-05-26;170;378;1584;1155;255;1578;1288;0;24;42581572;41388044;25996823;1567388;42497628;28197180;1753672;0;5047
FR;1;2022-05-27;1115;2185;8785;20456;1371;8534;21408;0;84;42582687;41390229;26005608;1587844;42498999;28205714;1775080;0;5131
FR;1;2022-05-28;486;1053;3689;6540;621;3727;6928;0;37;42583173;41391282;26009297;1594384;42499620;28209441;1782008;0;5168
FR;1;2022-05-29;121;257;707;893;149;718;1002;0;4;42583294;41391539;26010004;1595277;42499769;28210159;1783010;0;5172
FR;1;2022-05-30;831;1735;6558;18535;1038;6590;18989;0;85;42584125;41393274;26016562;1613812;42500807;28216749;1801999;0;5257
FR;1;2022-05-31;1267;2227;9246;34367;1361;9116;34968;0;159;42585392;41395501;26025808;1648179;42502168;28225865;1836967;0;5416
FR;1;2022-06-01;1320;2598;10431;23454;1745;10292;24302;0;115;42586712;41398099;26036239;1671633;42503913;28236157;1861269;0;5531
FR;1;2022-06-02;1224;2305;10666;34152;1444;10246;34984;0;162;42587936;41400404;26046905;1705785;42505357;28246403;1896253;0;5693
FR;1;2022-06-03;1446;2734;12708;37105;1724;12129;38281;0;157;42589382;41403138;26059613;1742890;42507081;28258532;1934534;0;5850
FR;1;2022-06-04;682;1261;4748;8677;758;4824;9167;0;62;42590064;41404399;26064361;1751567;42507839;28263356;1943701;0;5912
FR;1;2022-06-05;131;292;810;1048;150;834;1153;0;3;42590195;41404691;26065171;1752615;42507989;28264190;1944854;0;5915
FR;1;2022-06-06;562;1152;2024;1251;977;2039;1426;0;9;42590757;41405843;26067195;1753866;42508966;28266229;1946280;0;5924
FR;1;2022-06-07;1178;2335;9178;34042;1430;8839;35140;0;143;42591935;41408178;26076373;1787908;42510396;28275068;1981420;0;6067
FR;1;2022-06-08;1118;2235;8671;27576;1400;8554;28446;0;107;42593053;41410413;26085044;1815484;42511796;28283622;2009866;0;6174
FR;1;2022-06-09;1068;2146;9988;37565;1279;9672;38332;0;148;42594121;41412559;26095032;1853049;42513075;28293294;2048198;0;6322
FR;1;2022-06-10;1336;2772;12401;43120;1736;11985;44355;0;201;42595457;41415331;26107433;1896169;42514811;28305279;2092553;0;6523
FR;1;2022-06-11;659;1450;5140;11084;797;5188;11614;0;50;42596116;41416781;26112573;1907253;42515608;28310467;2104167;0;6573
FR;1;2022-06-12;153;375;1015;1687;187;1073;1788;0;11;42596269;41417156;26113588;1908940;42515795;28311540;2105955;0;6584
FR;1;2022-06-13;920;1834;7014;22225;1128;6871;23066;0;84;42597189;41418990;26120602;1931165;42516923;28318411;2129021;0;6668
FR;1;2022-06-14;1091;2220;9840;42847;1299;9243;43939;0;186;42598280;41421210;26130442;1974012;42518222;28327654;2172960;0;6854
FR;1;2022-06-15;1078;2000;8786;29374;1353;8464;29931;0;168;42599358;41423210;26139228;2003386;42519575;28336118;2202891;0;7022
FR;1;2022-06-16;952;1835;9400;38503;1055;8880;39410;0;188;42600310;41425045;26148628;2041889;42520630;28344998;2242301;0;7210
FR;1;2022-06-17;1221;2557;11876;44818;1467;11356;45945;0;224;42601531;41427602;26160504;2086707;42522097;28356354;2288246;0;7434
FR;1;2022-06-18;561;1275;4318;10543;715;4257;11085;0;62;42602092;41428877;26164822;2097250;42522812;28360611;2299331;0;7496
FR;1;2022-06-19;137;325;1002;1543;173;1081;1609;0;12;42602229;41429202;26165824;2098793;42522985;28361692;2300940;0;7508
FR;1;2022-06-20;860;1699;8491;25045;997;8155;25907;0;143;42603089;41430901;26174315;2123838;42523982;28369847;2326847;0;7651
FR;1;2022-06-21;1102;2136;9765;47755;1252;8855;49102;0;241;42604191;41433037;26184080;2171593;42525234;28378702;2375949;0;7892
FR;1;2022-06-22;1037;2061;8434;37153;1290;7952;38015;0;231;42605228;41435098;26192514;2208746;42526524;28386654;2413964;0;8123
FR;1;2022-06-23;1052;2174;10124;52804;1204;9406;53814;0;290;42606280;41437272;26202638;2261550;42527728;28396060;2467778;0;8413
FR;1;2022-06-24;1251;2711;12912;65962;1480;11696;67633;0;367;42607531;41439983;26215550;2327512;42529208;28407756;2535411;0;8780
FR;1;2022-06-25;684;1504;5927;18921;791;5708;19719;0;163;42608215;41441487;26221477;2346433;42529999;28413464;2555130;0;8943
FR;1;2022-06-26;167;406;1817;3494;191;1713;3730;0;34;42608382;41441893;26223294;2349927;42530190;28415177;2558860;0;8977
FR;1;2022-06-27;939;1769;9905;45977;938;9130;47112;0;300;42609321;41443662;26233199;2395904;42531128;28424307;2605972;0;9277
FR;1;2022-06-28;1211;2570;13837;86556;1374;12401;88241;0;570;42610532;41446232;26247036;2482460;42532502;28436708;2694213;0;9847
FR;1;2022-06-29;1239;2288;11480;67391;1252;10546;68438;0;487;42611771;41448520;26258516;2549851;42533754;28447254;2762651;0;10334
FR;1;2022-06-30;1286;2467;13515;89964;1414;11823;91763;0;645;42613057;41450987;26272031;2639815;42535168;28459077;2854414;0;10979
FR;1;2022-07-01;1649;3473;20308;109186;1986;17968;111577;0;859;42614706;41454460;26292339;2749001;42537154;28477045;2965991;0;11838
FR;1;2022-07-02;767;1524;8020;33770;746;7250;34796;0;315;42615473;41455984;26300359;2782771;42537900;28484295;3000787;0;12153
FR;1;2022-07-03;228;480;1941;6118;255;1757;6444;0;71;42615701;41456464;26302300;2788889;42538155;28486052;3007231;0;12224
FR;1;2022-07-04;1408;3039;13927;75406;1918;12353;77295;0;589;42617109;41459503;26316227;2864295;42540073;28498405;3084526;0;12813
FR;1;2022-07-05;1427;2832;17684;126356;1484;15142;128469;0;1059;42618536;41462335;26333911;2990651;42541557;28513547;3212995;0;13872
FR;1;2022-07-06;1349;2390;14881;93715;1372;12901;95151;0;815;42619885;41464725;26348792;3084366;42542929;28526448;3308146;0;14687
FR;1;2022-07-07;1437;2534;16928;119488;1401;13998;121583;0;1074;42621322;41467259;26365720;3203854;42544330;28540446;3429729;0;15761
FR;1;2022-07-08;1530;2818;19603;129994;1532;15967;132800;0;1219;42622852;41470077;26385323;3333848;42545862;28556413;3562529;0;16980
FR;1;2022-07-09;661;1273;7305;36016;689;6347;36805;0;392;42623513;41471350;26392628;3369864;42546551;28562760;3599334;0;17372
FR;1;2022-07-10;238;542;2240;6689;296;2032;7068;0;89;42623751;41471892;26394868;3376553;42546847;28564792;3606402;0;17461
FR;1;2022-07-11;1213;2227;14315;84441;1162;11934;86554;0;734;42624964;41474119;26409183;3460994;42548009;28576726;3692956;0;18195
FR;1;2022-07-12;1557;2788;19458;137401;1425;15896;139890;0;1485;42626521;41476907;26428641;3598395;42549434;28592622;3832846;0;19680
FR;1;2022-07-13;1420;2428;14784;89832;1309;12634;91518;0;1002;42627941;41479335;26443425;3688227;42550743;28605256;3924364;0;20682
FR;1;2022-07-14;161;348;1862;5285;193;1771;5432;0;74;42628102;41479683;26445287;3693512;42550936;28607027;3929796;0;20756
FR;1;2022-07-15;1256;2300;14359;80591;1181;12002;82595;0;959;42629358;41481983;26459646;3774103;42552117;28619029;4012391;0;21715
FR;1;2022-07-16;507;1050;5640;23945;542;4894;24585;0;302;42629865;41483033;26465286;3798048;42552659;28623923;4036976;0;22017
FR;1;2022-07-17;159;363;1655;4461;188;1499;4724;0;60;42630024;41483396;26466941;3802509;42552847;28625422;4041700;0;22077
FR;1;2022-07-18;973;2031;11297;59271;1140;9567;60994;0;715;42630997;41485427;26478238;3861780;42553987;28634989;4102694;0;22792
FR;1;2022-07-19;1228;2124;14689;99419;1186;11722;101414;0;1386;42632225;41487551;26492927;3961199;42555173;28646711;4204108;0;24178
FR;1;2022-07-20;1178;1995;12362;74361;1164;10273;75847;0;964;42633403;41489546;26505289;4035560;42556337;28656984;4279955;0;25142
FR;1;2022-07-21;1133;1949;12411;84538;1182;9988;85901;0;1211;42634536;41491495;26517700;4120098;42557519;28666972;4365856;0;26353
FR;1;2022-07-22;1243;2215;14093;85929;1234;11424;87662;0;1264;42635779;41493710;26531793;4206027;42558753;28678396;4453518;0;27617
FR;1;2022-07-23;534;1089;5232;21293;631;4606;21836;0;374;42636313;41494799;26537025;4227320;42559384;28683002;4475354;0;27991
FR;1;2022-07-24;147;305;1325;3699;150;1167;3923;0;65;42636460;41495104;26538350;4231019;42559534;28684169;4479277;0;28056
FR;1;2022-07-25;889;1627;9071;46110;978;7518;47486;0;680;42637349;41496731;26547421;4277129;42560512;28691687;4526763;0;28736
FR;1;2022-07-26;1126;1960;12678;81961;1115;10334;83574;0;1198;42638475;41498691;26560099;4359090;42561627;28702021;4610337;0;29934
FR;1;2022-07-27;1016;1725;9759;58514;1038;8138;59696;0;874;42639491;41500416;26569858;4417604;42562665;28710159;4670033;0;30808
FR;1;2022-07-28;979;1701;9851;61897;1105;7843;63128;0;967;42640470;41502117;26579709;4479501;42563770;28718002;4733161;0;31775
FR;1;2022-07-29;1111;1831;10452;62956;1155;8378;64269;0;1066;42641581;41503948;26590161;4542457;42564925;28726380;4797430;0;32841
FR;1;2022-07-30;392;714;3347;14491;430;2848;14850;0;279;42641973;41504662;26593508;4556948;42565355;28729228;4812280;0;33120
FR;1;2022-07-31;139;263;900;2335;158;766;2477;0;47;42642112;41504925;26594408;4559283;42565513;28729994;4814757;0;33167
FR;1;2022-08-01;727;1366;7250;28963;985;6109;29955;0;518;42642839;41506291;26601658;4588246;42566498;28736103;4844712;0;33685
FR;1;2022-08-02;897;1472;8230;54021;986;6625;54671;0;1090;42643736;41507763;26609888;4642267;42567484;28742728;4899383;0;34775
FR;1;2022-08-03;723;1101;6149;37033;744;4933;37762;0;644;42644459;41508864;26616037;4679300;42568228;28747661;4937145;0;35419
FR;1;2022-08-04;643;1073;6255;41445;690;5048;42000;0;850;42645102;41509937;26622292;4720745;42568918;28752709;4979145;0;36269
FR;1;2022-08-05;740;1189;6760;43065;799;5429;43695;0;933;42645842;41511126;26629052;4763810;42569717;28758138;5022840;0;37202
FR;1;2022-08-06;274;461;1990;8998;301;1671;9190;0;218;42646116;41511587;26631042;4772808;42570018;28759809;5032030;0;37420
FR;1;2022-08-07;89;144;520;1552;100;436;1629;0;35;42646205;41511731;26631562;4774360;42570118;28760245;5033659;0;37455
FR;1;2022-08-08;493;934;3798;21216;689;3130;21623;0;457;42646698;41512665;26635360;4795576;42570807;28763375;5055282;0;37912
FR;1;2022-08-09;607;1028;5679;38458;719;4552;38952;0;794;42647305;41513693;26641039;4834034;42571526;28767927;5094234;0;38706
FR;1;2022-08-10;536;1016;4432;26912;716;3632;27226;0;601;42647841;41514709;26645471;4860946;42572242;28771559;5121460;0;39307
FR;1;2022-08-11;538;912;4304;28202;623;3578;28530;0;635;42648379;41515621;26649775;4889148;42572865;28775137;5149990;0;39942
FR;1;2022-08-12;596;1025;4548;27160;699;3756;27571;0;666;42648975;41516646;26654323;4916308;42573564;28778893;5177561;0;40608
FR;1;2022-08-13;178;356;1247;5107;249;1064;5278;0;116;42649153;41517002;26655570;4921415;42573813;28779957;5182839;0;40724
FR;1;2022-08-14;65;115;276;871;97;235;941;0;24;42649218;41517117;26655846;4922286;42573910;28780192;5183780;0;40748
FR;1;2022-08-15;77;168;570;542;137;531;593;0;16;42649295;41517285;26656416;4922828;42574047;28780723;5184373;0;40764
FR;1;2022-08-16;522;931;3786;21486;689;3216;21686;0;582;42649817;41518216;26660202;4944314;42574736;28783939;5206059;0;41346
FR;1;2022-08-17;527;889;3766;22147;658;3193;22388;0;579;42650344;41519105;26663968;4966461;42575394;28787132;5228447;0;41925
FR;1;2022-08-18;543;879;3926;25434;679;3128;25653;0;630;42650887;41519984;26667894;4991895;42576073;28790260;5254100;0;42555
FR;1;2022-08-19;533;1038;4365;26531;737;3598;26838;0;732;42651420;41521022;26672259;5018426;42576810;28793858;5280938;0;43287
FR;1;2022-08-20;232;411;1289;5371;311;1106;5524;0;138;42651652;41521433;26673548;5023797;42577121;28794964;5286462;0;43425
FR;1;2022-08-21;82;110;283;989;75;249;1012;0;27;42651734;41521543;26673831;5024786;42577196;28795213;5287474;0;43452
FR;1;2022-08-22;472;886;3140;14945;658;2711;15221;0;411;42652206;41522429;26676971;5039731;42577854;28797924;5302695;0;43863
FR;1;2022-08-23;636;1057;4153;28311;742;3486;28390;0;830;42652842;41523486;26681124;5068042;42578596;28801410;5331085;0;44693
FR;1;2022-08-24;556;829;3401;19059;649;2770;19244;0;587;42653398;41524315;26684525;5087101;42579245;28804180;5350329;0;45280
FR;1;2022-08-25;562;923;3822;22919;643;3205;23148;0;655;42653960;41525238;26688347;5110020;42579888;28807385;5373477;0;45935
FR;1;2022-08-26;746;1125;4345;25155;800;3561;25531;0;745;42654706;41526363;26692692;5135175;42580688;28810946;5399008;0;46680
FR;1;2022-08-27;217;430;1322;5303;274;1190;5357;0;192;42654923;41526793;26694014;5140478;42580962;28812136;5404365;0;46872
FR;1;2022-08-28;111;145;298;898;104;280;947;0;33;42655034;41526938;26694312;5141376;42581066;28812416;5405312;0;46905
FR;1;2022-08-29;502;855;2976;14248;631;2515;14558;0;409;42655536;41527793;26697288;5155624;42581697;28814931;5419870;0;47314
FR;1;2022-08-30;739;1095;4621;27710;772;3772;28031;0;793;42656275;41528888;26701909;5183334;42582469;28818703;5447901;0;48107
FR;1;2022-08-31;579;827;3107;17230;605;2616;17493;0;483;42656854;41529715;26705016;5200564;42583074;28821319;5465394;0;48590
FR;1;2022-09-01;674;911;4325;21870;637;3684;22132;0;586;42657528;41530626;26709341;5222434;42583711;28825003;5487526;0;49176
FR;1;2022-09-02;771;1043;4879;27861;737;4075;28148;0;882;42658299;41531669;26714220;5250295;42584448;28829078;5515674;0;50058
FR;1;2022-09-03;316;502;1831;5874;341;1592;6103;0;174;42658615;41532171;26716051;5256169;42584789;28830670;5521777;0;50232
FR;1;2022-09-04;106;137;341;842;74;334;912;0;21;42658721;41532308;26716392;5257011;42584863;28831004;5522689;0;50253
FR;1;2022-09-05;572;667;3019;15687;490;2525;15970;0;499;42659293;41532975;26719411;5272698;42585353;28833529;5538659;0;50752
FR;1;2022-09-06;720;928;4564;31053;576;3702;31276;0;1002;42660013;41533903;26723975;5303751;42585929;28837231;5569935;0;51754
FR;1;2022-09-07;538;683;2918;16443;443;2421;16580;0;550;42660551;41534586;26726893;5320194;42586372;28839652;5586515;0;52304
FR;1;2022-09-08;567;783;3694;24203;526;3036;24281;0;796;42661118;41535369;26730587;5344397;42586898;28842688;5610796;0;53100
FR;1;2022-09-09;769;965;4300;26882;603;3587;27065;0;902;42661887;41536334;26734887;5371279;42587501;28846275;5637861;0;54002
FR;1;2022-09-10;328;462;1673;5587;292;1474;5777;0;203;42662215;41536796;26736560;5376866;42587793;28847749;5643638;0;54205
FR;1;2022-09-11;105;120;311;645;82;292;701;0;17;42662320;41536916;26736871;5377511;42587875;28848041;5644339;0;54222
FR;1;2022-09-12;447;583;2609;12941;407;2226;13221;0;462;42662767;41537499;26739480;5390452;42588282;28850267;5657560;0;54684
FR;1;2022-09-13;576;793;3866;25833;501;3379;25708;0;835;42663343;41538292;26743346;5416285;42588783;28853646;5683268;0;55519
FR;1;2022-09-14;570;693;2866;15694;478;2396;15930;0;537;42663913;41538985;26746212;5431979;42589261;28856042;5699198;0;56056
FR;1;2022-09-15;508;706;3331;23084;477;2838;23147;0;677;42664421;41539691;26749543;5455063;42589738;28858880;5722345;0;56733
FR;1;2022-09-16;714;927;4011;25330;611;3380;25532;0;891;42665135;41540618;26753554;5480393;42590349;28862260;5747877;0;57624
FR;1;2022-09-17;294;408;1392;5977;278;1217;6085;0;227;42665429;41541026;26754946;5486370;42590627;28863477;5753962;0;57851
FR;1;2022-09-18;97;123;310;923;100;278;979;0;33;42665526;41541149;26755256;5487293;42590727;28863755;5754941;0;57884
FR;1;2022-09-19;365;567;2132;12844;368;1828;12997;0;414;42665891;41541716;26757388;5500137;42591095;28865583;5767938;0;58298
FR;1;2022-09-20;554;802;3658;25806;548;3058;25844;0;853;42666445;41542518;26761046;5525943;42591643;28868641;5793782;0;59151
FR;1;2022-09-21;469;678;2624;15861;478;2252;15826;0;561;42666914;41543196;26763670;5541804;42592121;28870893;5809608;0;59712
FR;1;2022-09-22;534;751;3284;22945;492;2681;23135;0;742;42667448;41543947;26766954;5564749;42592613;28873574;5832743;0;60454
FR;1;2022-09-23;758;933;4349;28134;664;3629;28302;0;978;42668206;41544880;26771303;5592883;42593277;28877203;5861045;0;61432
FR;1;2022-09-24;352;534;1583;6693;375;1368;6864;0;300;42668558;41545414;26772886;5599576;42593652;28878571;5867909;0;61732
FR;1;2022-09-25;80;151;321;1071;104;293;1109;0;32;42668638;41545565;26773207;5600647;42593756;28878864;5869018;0;61764
FR;1;2022-09-26;382;636;2179;13059;414;1931;13153;0;412;42669020;41546201;26775386;5613706;42594170;28880795;5882171;0;62176
FR;1;2022-09-27;540;762;3458;25021;537;2793;25219;0;906;42669560;41546963;26778844;5638727;42594707;28883588;5907390;0;63082
FR;1;2022-09-28;516;711;2441;14957;498;2208;15048;0;597;42670076;41547674;26781285;5653684;42595205;28885796;5922438;0;63679
FR;1;2022-09-29;504;689;2980;20345;480;2504;20358;0;767;42670580;41548363;26784265;5674029;42595685;28888300;5942796;0;64446
FR;1;2022-09-30;677;964;3772;24416;662;3157;24663;0;967;42671257;41549327;26788037;5698445;42596347;28891457;5967459;0;65413
FR;1;2022-10-01;342;542;1899;5501;377;1655;5729;0;272;42671599;41549869;26789936;5703946;42596724;28893112;5973188;0;65685
FR;1;2022-10-02;53;116;204;567;79;203;588;0;29;42671652;41549985;26790140;5704513;42596803;28893315;5973776;0;65714
FR;1;2022-10-03;414;663;2193;10010;505;1937;10194;0;488;42672066;41550648;26792333;5714523;42597308;28895252;5983970;0;66202
FR;1;2022-10-04;543;693;2921;18919;460;2470;19010;0;1082;42672609;41551341;26795254;5733442;42597768;28897722;6002980;0;67284
FR;1;2022-10-05;429;679;2079;11096;450;1852;11230;0;722;42673038;41552020;26797333;5744538;42598218;28899574;6014210;0;68006
FR;1;2022-10-06;441;604;2491;15772;427;2057;15954;0;1060;42673479;41552624;26799824;5760310;42598645;28901631;6030164;0;69066
FR;1;2022-10-07;546;735;2691;16054;534;2307;16079;0;1160;42674025;41553359;26802515;5776364;42599179;28903938;6046243;0;70226
FR;1;2022-10-08;234;306;886;3167;237;775;3271;0;291;42674259;41553665;26803401;5779531;42599416;28904713;6049514;0;70517
FR;1;2022-10-09;75;87;149;461;77;133;487;0;50;42674334;41553752;26803550;5779992;42599493;28904846;6050001;0;70567
FR;1;2022-10-10;295;437;1313;4987;344;1231;5082;0;462;42674629;41554189;26804863;5784979;42599837;28906077;6055083;0;71029
FR;1;2022-10-11;317;430;1308;8083;318;1189;8183;0;757;42674946;41554619;26806171;5793062;42600155;28907266;6063266;0;71786
FR;1;2022-10-12;321;419;1057;5178;312;1051;5193;0;520;42675267;41555038;26807228;5798240;42600467;28908317;6068459;0;72306
FR;1;2022-10-13;324;382;1066;6067;292;921;6117;0;626;42675591;41555420;26808294;5804307;42600759;28909238;6074576;0;72932
FR;1;2022-10-14;408;529;1169;6707;441;1041;6776;0;675;42675999;41555949;26809463;5811014;42601200;28910279;6081352;0;73607
FR;1;2022-10-15;201;257;519;1859;211;500;1867;0;226;42676200;41556206;26809982;5812873;42601411;28910779;6083219;0;73833
FR;1;2022-10-16;47;58;110;292;40;117;311;0;48;42676247;41556264;26810092;5813165;42601451;28910896;6083530;0;73881
FR;1;2022-10-17;235;318;733;2652;252;688;2696;0;366;42676482;41556582;26810825;5815817;42601703;28911584;6086226;0;74247
FR;1;2022-10-18;262;310;951;4587;245;830;4684;0;865;42676744;41556892;26811776;5820404;42601948;28912414;6090910;0;75112
FR;1;2022-10-19;275;358;689;3180;291;661;3158;0;502;42677019;41557250;26812465;5823584;42602239;28913075;6094068;0;75614
FR;1;2022-10-20;278;312;886;4362;259;774;4400;0;770;42677297;41557562;26813351;5827946;42602498;28913849;6098468;0;76384
FR;1;2022-10-21;299;400;844;3802;354;737;3874;0;675;42677596;41557962;26814195;5831748;42602852;28914586;6102342;0;77059
FR;1;2022-10-22;135;168;306;1243;144;300;1209;0;209;42677731;41558130;26814501;5832991;42602996;28914886;6103551;0;77268
FR;1;2022-10-23;30;39;64;197;37;58;213;0;25;42677761;41558169;26814565;5833188;42603033;28914944;6103764;0;77293
FR;1;2022-10-24;272;231;476;1597;203;472;1653;0;306;42678033;41558400;26815041;5834785;42603236;28915416;6105417;0;77599
FR;1;2022-10-25;215;252;521;2649;220;443;2703;0;488;42678248;41558652;26815562;5837434;42603456;28915859;6108120;0;78087
FR;1;2022-10-26;232;244;390;1953;230;367;1959;0;435;42678480;41558896;26815952;5839387;42603686;28916226;6110079;0;78522
FR;1;2022-10-27;258;219;487;2163;191;495;2146;0;511;42678738;41559115;26816439;5841550;42603877;28916721;6112225;0;79033
FR;1;2022-10-28;306;312;528;2329;294;466;2395;0;473;42679044;41559427;26816967;5843879;42604171;28917187;6114620;0;79506
FR;1;2022-10-29;95;148;175;712;116;209;703;0;201;42679139;41559575;26817142;5844591;42604287;28917396;6115323;0;79707
FR;1;2022-10-30;37;41;60;181;33;54;187;0;38;42679176;41559616;26817202;5844772;42604320;28917450;6115510;0;79745
FR;1;2022-10-31;135;180;293;796;158;270;863;0;144;42679311;41559796;26817495;5845568;42604478;28917720;6116373;0;79889
FR;1;2022-11-01;38;107;748;115;93;744;135;0;18;42679349;41559903;26818243;5845683;42604571;28918464;6116508;0;79907
FR;1;2022-11-02;255;224;518;979;220;487;1040;0;354;42679604;41560127;26818761;5846662;42604791;28918951;6117548;0;80261
FR;1;2022-11-03;264;221;430;1376;209;389;1415;0;370;42679868;41560348;26819191;5848038;42605000;28919340;6118963;0;80631
FR;1;2022-11-04;229;250;420;1597;229;399;1635;0;437;42680097;41560598;26819611;5849635;42605229;28919739;6120598;0;81068
FR;1;2022-11-05;95;118;272;500;107;254;522;0;111;42680192;41560716;26819883;5850135;42605336;28919993;6121120;0;81179
FR;1;2022-11-06;35;41;32;131;40;35;129;0;33;42680227;41560757;26819915;5850266;42605376;28920028;6121249;0;81212
FR;1;2022-11-07;181;200;288;891;189;278;937;0;211;42680408;41560957;26820203;5851157;42605565;28920306;6122186;0;81423
FR;1;2022-11-08;194;230;453;1677;218;400;1704;0;518;42680602;41561187;26820656;5852834;42605783;28920706;6123890;0;81941
FR;1;2022-11-09;181;205;330;1101;192;296;1140;0;456;42680783;41561392;26820986;5853935;42605975;28921002;6125030;0;82397
FR;1;2022-11-10;203;261;426;1678;250;435;1665;0;579;42680986;41561653;26821412;5855613;42606225;28921437;6126695;0;82976
FR;1;2022-11-11;27;32;101;98;31;87;114;0;42;42681013;41561685;26821513;5855711;42606256;28921524;6126809;0;83018
FR;1;2022-11-12;80;110;254;375;97;252;390;0;101;42681093;41561795;26821767;5856086;42606353;28921776;6127199;0;83119
FR;1;2022-11-13;19;23;26;64;20;29;66;0;26;42681112;41561818;26821793;5856150;42606373;28921805;6127265;0;83145
FR;1;2022-11-14;164;170;254;765;158;258;835;0;234;42681276;41561988;26822047;5856915;42606531;28922063;6128100;0;83379
FR;1;2022-11-15;197;224;374;1288;223;350;1328;0;433;42681473;41562212;26822421;5858203;42606754;28922413;6129428;0;83812
FR;1;2022-11-16;180;213;323;977;208;336;1012;0;359;42681653;41562425;26822744;5859180;42606962;28922749;6130440;0;84171
FR;1;2022-11-17;163;177;282;1203;171;258;1208;0;386;42681816;41562602;26823026;5860383;42607133;28923007;6131648;0;84557
FR;1;2022-11-18;223;248;385;1310;242;374;1343;0;411;42682039;41562850;26823411;5861693;42607375;28923381;6132991;0;84968
FR;1;2022-11-19;119;100;242;427;98;207;460;0;99;42682158;41562950;26823653;5862120;42607473;28923588;6133451;0;85067
FR;1;2022-11-20;20;32;27;66;27;29;74;0;28;42682178;41562982;26823680;5862186;42607500;28923617;6133525;0;85095
FR;1;2022-11-21;173;163;262;637;138;279;672;0;211;42682351;41563145;26823942;5862823;42607638;28923896;6134197;0;85306
FR;1;2022-11-22;151;141;403;1153;124;386;1176;0;405;42682502;41563286;26824345;5863976;42607762;28924282;6135373;0;85711
FR;1;2022-11-23;176;162;237;757;143;238;779;0;241;42682678;41563448;26824582;5864733;42607905;28924520;6136152;0;85952
FR;1;2022-11-24;129;158;279;1175;140;278;1178;0;424;42682807;41563606;26824861;5865908;42608045;28924798;6137330;0;86376
FR;1;2022-11-25;194;225;420;1152;211;408;1184;0;392;42683001;41563831;26825281;5867060;42608256;28925206;6138514;0;86768
FR;1;2022-11-26;88;103;111;317;92;122;305;0;117;42683089;41563934;26825392;5867377;42608348;28925328;6138819;0;86885
FR;1;2022-11-27;14;28;18;71;15;30;77;0;49;42683103;41563962;26825410;5867448;42608363;28925358;6138896;0;86934
FR;1;2022-11-28;198;134;205;662;142;200;705;0;330;42683301;41564096;26825615;5868110;42608505;28925558;6139601;0;87264
FR;1;2022-11-29;167;133;253;1078;117;238;1088;0;454;42683468;41564229;26825868;5869188;42608622;28925796;6140689;0;87718
FR;1;2022-11-30;155;186;224;927;173;227;949;0;317;42683623;41564415;26826092;5870115;42608795;28926023;6141638;0;88035
FR;1;2022-12-01;128;125;611;1074;118;574;1115;0;360;42683751;41564540;26826703;5871189;42608913;28926597;6142753;0;88395
FR;1;2022-12-02;191;182;465;1175;177;464;1218;0;466;42683942;41564722;26827168;5872364;42609090;28927061;6143971;0;88861
FR;1;2022-12-03;100;101;206;523;90;183;524;0;174;42684042;41564823;26827374;5872887;42609180;28927244;6144495;0;89035
FR;1;2022-12-04;24;26;19;136;23;20;127;0;58;42684066;41564849;26827393;5873023;42609203;28927264;6144622;0;89093
FR;1;2022-12-05;128;115;257;856;110;252;886;0;301;42684194;41564964;26827650;5873879;42609313;28927516;6145508;0;89394
FR;1;2022-12-06;143;136;241;1431;123;245;1438;0;726;42684337;41565100;26827891;5875310;42609436;28927761;6146946;0;90120
FR;1;2022-12-07;143;137;225;1174;147;204;1192;0;558;42684480;41565237;26828116;5876484;42609583;28927965;6148138;0;90678
FR;1;2022-12-08;121;131;268;1715;119;228;1756;0;756;42684601;41565368;26828384;5878199;42609702;28928193;6149894;0;91434
FR;1;2022-12-09;193;185;296;1791;160;304;1810;0;717;42684794;41565553;26828680;5879990;42609862;28928497;6151704;0;92151
FR;1;2022-12-10;108;92;130;838;80;116;853;0;289;42684902;41565645;26828810;5880828;42609942;28928613;6152557;0;92440
FR;1;2022-12-11;31;30;28;213;26;26;199;0;60;42684933;41565675;26828838;5881041;42609968;28928639;6152756;0;92500
FR;1;2022-12-12;115;79;234;1080;79;220;1090;0;446;42685048;41565754;26829072;5882121;42610047;28928859;6153846;0;92946
FR;1;2022-12-13;113;115;217;1276;89;198;1284;0;605;42685161;41565869;26829289;5883397;42610136;28929057;6155130;0;93551
FR;1;2022-12-14;100;122;195;852;120;174;872;0;367;42685261;41565991;26829484;5884249;42610256;28929231;6156002;0;93918
FR;1;2022-12-15;124;116;217;1412;105;194;1427;0;676;42685385;41566107;26829701;5885661;42610361;28929425;6157429;0;94594
FR;1;2022-12-16;192;175;226;1278;182;217;1294;0;613;42685577;41566282;26829927;5886939;42610543;28929642;6158723;0;95207
FR;1;2022-12-17;86;75;89;447;67;87;448;0;200;42685663;41566357;26830016;5887386;42610610;28929729;6159171;0;95407
FR;1;2022-12-18;16;19;21;97;15;23;94;0;37;42685679;41566376;26830037;5887483;42610625;28929752;6159265;0;95444
FR;1;2022-12-19;144;118;183;774;123;158;811;0;351;42685823;41566494;26830220;5888257;42610748;28929910;6160076;0;95795
FR;1;2022-12-20;131;129;165;861;119;159;865;0;398;42685954;41566623;26830385;5889118;42610867;28930069;6160941;0;96193
FR;1;2022-12-21;129;96;132;605;102;103;612;0;344;42686083;41566719;26830517;5889723;42610969;28930172;6161553;0;96537
FR;1;2022-12-22;136;86;99;506;93;88;497;0;289;42686219;41566805;26830616;5890229;42611062;28930260;6162050;0;96826
FR;1;2022-12-23;121;92;89;337;81;90;328;0;163;42686340;41566897;26830705;5890566;42611143;28930350;6162378;0;96989
FR;1;2022-12-24;27;18;25;49;21;24;55;0;16;42686367;41566915;26830730;5890615;42611164;28930374;6162433;0;97005
FR;1;2022-12-25;3;3;6;10;3;4;9;0;11;42686370;41566918;26830736;5890625;42611167;28930378;6162442;0;97016
FR;1;2022-12-26;86;59;44;191;64;50;190;0;88;42686456;41566977;26830780;5890816;42611231;28930428;6162632;0;97104
FR;1;2022-12-27;101;128;100;336;122;107;347;0;161;42686557;41567105;26830880;5891152;42611353;28930535;6162979;0;97265
FR;1;2022-12-28;95;102;60;221;90;68;225;0;98;42686652;41567207;26830940;5891373;42611443;28930603;6163204;0;97363
FR;2;2020-12-27;0;0;0;0;0;0;0;0;0;0;0;0;0;0;0;0;0;0
FR;2;2020-12-28;0;0;0;0;0;0;0;0;0;0;0;0;0;0;0;0;0;0
FR;2;2020-12-29;0;0;0;0;0;0;0;0;0;0;0;0;0;0;0;0;0;0
FR;2;2020-12-30;0;0;0;0;0;0;0;0;0;0;0;0;0;0;0;0;0;0
FR;2;2020-12-31;0;0;0;0;0;0;0;0;0;0;0;0;0;0;0;0;0;0
FR;2;2021-01-01;0;0;0;0;0;0;0;0;0;0;0;0;0;0;0;0;0;0
FR;2;2021-01-02;0;0;0;0;0;0;0;0;0;0;0;0;0;0;0;0;0;0
FR;2;2021-01-03;0;0;0;0;0;0;0;0;0;0;0;0;0;0;0;0;0;0
FR;2;2021-01-04;0;0;0;0;0;0;0;0;0;0;0;0;0;0;0;0;0;0
FR;2;2021-01-05;0;0;0;0;0;0;0;0;0;0;0;0;0;0;0;0;0;0
FR;2;2021-01-06;0;0;0;0;0;0;0;0;0;0;0;0;0;0;0;0;0;0
FR;2;2021-01-07;0;0;0;0;0;0;0;0;0;0;0;0;0;0;0;0;0;0
FR;2;2021-01-08;0;0;0;0;0;0;0;0;0;0;0;0;0;0;0;0;0;0
FR;2;2021-01-09;0;0;0;0;0;0;0;0;0;0;0;0;0;0;0;0;0;0
FR;2;2021-01-10;0;0;0;0;0;0;0;0;0;0;0;0;0;0;0;0;0;0
FR;2;2021-01-11;0;0;0;0;0;0;0;0;0;0;0;0;0;0;0;0;0;0
FR;2;2021-01-12;0;0;0;0;0;0;0;0;0;0;0;0;0;0;0;0;0;0
FR;2;2021-01-13;0;0;0;0;0;0;0;0;0;0;0;0;0;0;0;0;0;0
FR;2;2021-01-14;1646;0;0;0;213;0;0;0;0;1646;0;0;0;213;0;0;0;0
FR;2;2021-01-15;398;0;0;0;28;0;0;0;0;2044;0;0;0;241;0;0;0;0
FR;2;2021-01-16;316;0;0;0;12;0;0;0;0;2360;0;0;0;253;0;0;0;0
FR;2;2021-01-17;84;0;0;0;7;0;0;0;0;2444;0;0;0;260;0;0;0;0
FR;2;2021-01-18;3075;2;0;0;27;0;0;0;0;5519;2;0;0;287;0;0;0;0
FR;2;2021-01-19;4681;2;0;0;31;0;0;0;0;10200;4;0;0;318;0;0;0;0
FR;2;2021-01-20;5137;6;0;0;58;0;0;0;0;15337;10;0;0;376;0;0;0;0
FR;2;2021-01-21;5345;9;0;0;56;0;0;0;0;20682;19;0;0;432;0;0;0;0
FR;2;2021-01-22;5118;17;0;0;69;0;0;0;0;25800;36;0;0;501;0;0;0;0
FR;2;2021-01-23;1874;2;0;0;16;0;0;0;0;27674;38;0;0;517;0;0;0;0
FR;2;2021-01-24;163;2;0;0;8;0;0;0;0;27837;40;0;0;525;0;0;0;0
FR;2;2021-01-25;3814;3;0;0;36;0;0;0;0;31651;43;0;0;561;0;0;0;0
FR;2;2021-01-26;3926;6;0;0;42;0;0;0;0;35577;49;0;0;603;0;0;0;0
FR;2;2021-01-27;3605;4;0;0;36;0;0;0;0;39182;53;0;0;639;0;0;0;0
FR;2;2021-01-28;3755;9;0;0;44;0;0;0;0;42937;62;0;0;683;0;0;0;0
FR;2;2021-01-29;3299;5;0;0;41;0;0;0;0;46236;67;0;0;724;0;0;0;0
FR;2;2021-01-30;1133;3;0;0;16;0;0;0;0;47369;70;0;0;740;0;0;0;0
FR;2;2021-01-31;46;2;0;0;9;0;0;0;0;47415;72;0;0;749;0;0;0;0
FR;2;2021-02-01;3406;13;0;0;44;0;0;0;0;50821;85;0;0;793;0;0;0;0
FR;2;2021-02-02;4496;19;0;0;53;0;0;0;0;55317;104;0;0;846;0;0;0;0
FR;2;2021-02-03;5222;11;0;0;82;0;0;0;0;60539;115;0;0;928;0;0;0;0
FR;2;2021-02-04;4941;11;0;0;36;0;0;0;0;65480;126;0;0;964;0;0;0;0
FR;2;2021-02-05;4817;16;0;0;49;0;0;0;0;70297;142;0;0;1013;0;0;0;0
FR;2;2021-02-06;2044;15;0;0;41;0;0;0;0;72341;157;0;0;1054;0;0;0;0
FR;2;2021-02-07;103;5;0;0;19;0;0;0;0;72444;162;0;0;1073;0;0;0;0
FR;2;2021-02-08;7558;26;0;0;85;0;0;0;0;80002;188;0;0;1158;0;0;0;0
FR;2;2021-02-09;8434;30;0;0;98;0;0;0;0;88436;218;0;0;1256;0;0;0;0
FR;2;2021-02-10;9348;62;0;0;182;0;0;0;0;97784;280;0;0;1438;0;0;0;0
FR;2;2021-02-11;10291;129;0;0;253;0;0;0;0;108075;409;0;0;1691;0;0;0;0
FR;2;2021-02-12;10059;274;0;0;428;0;0;0;0;118134;683;0;0;2119;0;0;0;0
FR;2;2021-02-13;3120;225;0;0;263;0;0;0;0;121254;908;0;0;2382;0;0;0;0
FR;2;2021-02-14;358;11;0;0;21;0;0;0;0;121612;919;0;0;2403;0;0;0;0
FR;2;2021-02-15;3460;3122;0;0;3168;0;0;0;0;125072;4041;0;0;5571;0;0;0;0
FR;2;2021-02-16;5075;4151;0;0;4224;0;0;0;0;130147;8192;0;0;9795;0;0;0;0
FR;2;2021-02-17;4259;4551;0;0;4627;0;0;0;0;134406;12743;0;0;14422;0;0;0;0
FR;2;2021-02-18;5406;5177;0;0;5246;0;0;0;0;139812;17920;0;0;19668;0;0;0;0
FR;2;2021-02-19;5328;4484;0;0;4585;0;0;0;0;145140;22404;0;0;24253;0;0;0;0
FR;2;2021-02-20;1872;1520;0;0;1535;0;0;0;0;147012;23924;0;0;25788;0;0;0;0
FR;2;2021-02-21;244;96;0;0;98;0;0;0;0;147256;24020;0;0;25886;0;0;0;0
FR;2;2021-02-22;3614;3778;0;0;3839;0;0;0;0;150870;27798;0;0;29725;0;0;0;0
FR;2;2021-02-23;4956;3730;0;0;3792;0;0;0;0;155826;31528;0;0;33517;0;0;0;0
FR;2;2021-02-24;5017;3551;0;0;3603;0;0;0;0;160843;35079;0;0;37120;0;0;0;0
FR;2;2021-02-25;5500;3489;0;0;3578;0;0;0;0;166343;38568;0;0;40698;0;0;0;0
FR;2;2021-02-26;4367;3178;0;0;3248;0;0;0;0;170710;41746;0;0;43946;0;0;0;0
FR;2;2021-02-27;1629;1067;0;0;1086;0;0;0;0;172339;42813;0;0;45032;0;0;0;0
FR;2;2021-02-28;179;17;0;0;28;0;0;0;0;172518;42830;0;0;45060;0;0;0;0
FR;2;2021-03-01;5192;3759;0;0;3847;0;0;0;0;177710;46589;0;0;48907;0;0;0;0
FR;2;2021-03-02;6540;4725;0;0;4824;0;0;0;0;184250;51314;0;0;53731;0;0;0;0
FR;2;2021-03-03;6544;4953;0;0;5094;0;0;0;0;190794;56267;0;0;58825;0;0;0;0
FR;2;2021-03-04;8409;4202;0;0;4386;0;0;0;0;199203;60469;0;0;63211;0;0;0;0
FR;2;2021-03-05;8037;4055;0;0;4235;0;0;0;0;207240;64524;0;0;67446;0;0;0;0
FR;2;2021-03-06;4790;1683;0;0;1783;0;0;0;0;212030;66207;0;0;69229;0;0;0;0
FR;2;2021-03-07;2373;32;0;0;76;0;0;0;0;214403;66239;0;0;69305;0;0;0;0
FR;2;2021-03-08;4166;8392;0;0;8548;0;0;0;0;218569;74631;0;0;77853;0;0;0;0
FR;2;2021-03-09;7492;8599;1;0;8857;0;0;0;0;226061;83230;1;0;86710;0;0;0;0
FR;2;2021-03-10;7107;9238;0;0;9463;0;0;0;0;233168;92468;1;0;96173;0;0;0;0
FR;2;2021-03-11;9378;9354;1;0;9673;0;0;0;0;242546;101822;2;0;105846;0;0;0;0
FR;2;2021-03-12;7984;8361;0;0;8662;0;0;0;0;250530;110183;2;0;114508;0;0;0;0
FR;2;2021-03-13;10056;2589;0;0;2910;0;0;0;0;260586;112772;2;0;117418;0;0;0;0
FR;2;2021-03-14;4841;383;0;0;542;0;0;0;0;265427;113155;2;0;117960;0;0;0;0
FR;2;2021-03-15;10916;3473;0;0;3762;0;0;0;0;276343;116628;2;0;121722;0;0;0;0
FR;2;2021-03-16;16769;4708;1;0;5255;0;0;0;0;293112;121336;3;0;126977;0;0;0;0
FR;2;2021-03-17;20241;4004;0;0;4678;0;0;0;0;313353;125340;3;0;131655;0;0;0;0
FR;2;2021-03-18;23370;5118;0;0;5944;0;0;0;0;336723;130458;3;0;137599;0;0;0;0
FR;2;2021-03-19;23315;4671;0;0;5433;0;0;0;0;360038;135129;3;0;143032;0;0;0;0
FR;2;2021-03-20;25451;1579;0;0;2335;0;0;0;0;385489;136708;3;0;145367;0;0;0;0
FR;2;2021-03-21;17673;152;0;0;730;0;0;0;0;403162;136860;3;0;146097;0;0;0;0
FR;2;2021-03-22;17790;3253;0;0;3922;0;0;0;0;420952;140113;3;0;150019;0;0;0;0
FR;2;2021-03-23;22702;4283;0;0;5134;0;0;0;0;443654;144396;3;0;155153;0;0;0;0
FR;2;2021-03-24;23961;5076;0;0;5912;0;0;0;0;467615;149472;3;0;161065;0;0;0;0
FR;2;2021-03-25;26758;5245;1;0;6441;0;0;0;0;494373;154717;4;0;167506;0;0;0;0
FR;2;2021-03-26;26991;4233;0;0;5379;0;0;0;0;521364;158950;4;0;172885;0;0;0;0
FR;2;2021-03-27;15923;1364;0;0;1893;0;0;0;0;537287;160314;4;0;174778;0;0;0;0
FR;2;2021-03-28;10563;133;0;0;425;0;0;0;0;547850;160447;4;0;175203;0;0;0;0
FR;2;2021-03-29;19000;4346;0;0;5047;0;0;0;0;566850;164793;4;0;180250;0;0;0;0
FR;2;2021-03-30;24596;6101;0;0;7040;0;0;0;0;591446;170894;4;0;187290;0;0;0;0
FR;2;2021-03-31;28561;5930;0;0;7221;0;0;0;0;620007;176824;4;0;194511;0;0;0;0
FR;2;2021-04-01;34559;8573;1;0;10265;0;0;0;0;654566;185397;5;0;204776;0;0;0;0
FR;2;2021-04-02;29993;7734;0;0;9161;0;0;0;0;684559;193131;5;0;213937;0;0;0;0
FR;2;2021-04-03;16957;4233;0;0;4915;0;0;0;0;701516;197364;5;0;218852;0;0;0;0
FR;2;2021-04-04;9309;1268;2;0;1676;0;0;0;0;710825;198632;7;0;220528;0;0;0;0
FR;2;2021-04-05;12444;796;0;0;1380;0;0;0;0;723269;199428;7;0;221908;0;0;0;0
FR;2;2021-04-06;27158;7334;0;0;8723;0;0;0;0;750427;206762;7;0;230631;0;0;0;0
FR;2;2021-04-07;30930;7063;1;0;8640;0;0;0;0;781357;213825;8;0;239271;0;0;0;0
FR;2;2021-04-08;36894;8590;1;0;10515;0;0;0;0;818251;222415;9;0;249786;0;0;0;0
FR;2;2021-04-09;33851;8391;28;0;10174;0;0;0;0;852102;230806;37;0;259960;0;0;0;0
FR;2;2021-04-10;19689;9258;1;0;10171;0;0;0;0;871791;240064;38;0;270131;0;0;0;0
FR;2;2021-04-11;7942;4240;1;0;4603;0;0;0;0;879733;244304;39;0;274734;0;0;0;0
FR;2;2021-04-12;17128;11029;0;0;11868;0;0;0;0;896861;255333;39;0;286602;0;0;0;0
FR;2;2021-04-13;19460;16036;1;0;17101;0;0;0;0;916321;271369;40;0;303703;0;0;0;0
FR;2;2021-04-14;18070;16440;7;0;17534;0;0;0;0;934391;287809;47;0;321237;0;0;0;0
FR;2;2021-04-15;22204;21821;27;0;23272;0;0;0;0;956595;309630;74;0;344509;0;0;0;0
FR;2;2021-04-16;20719;20604;45;0;21873;0;0;0;0;977314;330234;119;0;366382;0;0;0;0
FR;2;2021-04-17;13258;22492;5;0;23223;0;0;0;0;990572;352726;124;0;389605;0;0;0;0
FR;2;2021-04-18;5911;14398;6;0;14737;0;0;0;0;996483;367124;130;0;404342;0;0;0;0
FR;2;2021-04-19;16850;16395;24;0;17199;0;0;0;0;1013333;383519;154;0;421541;0;0;0;0
FR;2;2021-04-20;19325;21784;38;0;22846;0;0;0;0;1032658;405303;192;0;444387;0;0;0;0
FR;2;2021-04-21;20292;21860;76;0;23011;0;0;0;0;1052950;427163;268;0;467398;0;0;0;0
FR;2;2021-04-22;23823;24939;41;0;26348;0;0;0;0;1076773;452102;309;0;493746;0;0;0;0
FR;2;2021-04-23;24532;25492;76;0;27002;0;0;0;0;1101305;477594;385;0;520748;0;0;0;0
FR;2;2021-04-24;25305;15064;104;0;16502;0;0;0;0;1126610;492658;489;0;537250;0;0;0;0
FR;2;2021-04-25;9597;8619;5;0;9180;0;0;0;0;1136207;501277;494;0;546430;0;0;0;0
FR;2;2021-04-26;17165;17626;21;0;18512;0;0;0;0;1153372;518903;515;0;564942;0;0;0;0
FR;2;2021-04-27;19246;24120;40;0;25303;0;0;0;0;1172618;543023;555;0;590245;0;0;0;0
FR;2;2021-04-28;22341;26438;112;0;27838;0;0;0;0;1194959;569461;667;0;618083;0;0;0;0
FR;2;2021-04-29;25473;30455;70;0;32144;0;0;0;0;1220432;599916;737;0;650227;0;0;0;0
FR;2;2021-04-30;25539;27952;49;1;29598;0;0;0;0;1245971;627868;786;1;679825;0;0;0;0
FR;2;2021-05-01;14988;9846;6;0;10648;0;0;0;0;1260959;637714;792;1;690473;0;0;0;0
FR;2;2021-05-02;6640;9165;2;0;9509;0;0;0;0;1267599;646879;794;1;699982;0;0;0;0
FR;2;2021-05-03;20023;19133;40;0;20337;0;0;0;0;1287622;666012;834;1;720319;0;0;0;0
FR;2;2021-05-04;18287;29187;33;0;30330;0;0;0;0;1305909;695199;867;1;750649;0;0;0;0
FR;2;2021-05-05;18385;29501;48;0;30797;0;0;0;0;1324294;724700;915;1;781446;0;0;0;0
FR;2;2021-05-06;23550;35403;132;0;36974;0;0;0;0;1347844;760103;1047;1;818420;0;0;0;0
FR;2;2021-05-07;25340;33232;97;0;35089;0;0;0;0;1373184;793335;1144;1;853509;0;0;0;0
FR;2;2021-05-08;21342;10593;15;0;11682;0;0;0;0;1394526;803928;1159;1;865191;0;0;0;0
FR;2;2021-05-09;13169;7655;7;0;8330;0;0;0;0;1407695;811583;1166;1;873521;0;0;0;0
FR;2;2021-05-10;32944;21736;50;0;23594;0;0;0;0;1440639;833319;1216;1;897115;0;0;0;0
FR;2;2021-05-11;43613;20914;101;0;23540;0;0;0;0;1484252;854233;1317;1;920655;0;0;0;0
FR;2;2021-05-12;50064;19642;143;0;22521;0;0;0;0;1534316;873875;1460;1;943176;0;0;0;0
FR;2;2021-05-13;51298;5610;31;0;8478;0;0;0;0;1585614;879485;1491;1;951654;0;0;0;0
FR;2;2021-05-14;61357;12885;132;0;16538;0;0;0;0;1646971;892370;1623;1;968192;0;0;0;0
FR;2;2021-05-15;65936;7097;39;0;10647;0;0;0;0;1712907;899467;1662;1;978839;0;0;0;0
FR;2;2021-05-16;43588;2572;10;0;4942;0;0;0;0;1756495;902039;1672;1;983781;0;0;0;0
FR;2;2021-05-17;44754;12461;114;0;15366;0;0;0;0;1801249;914500;1786;1;999147;0;0;0;0
FR;2;2021-05-18;54646;12278;190;0;15960;0;0;0;0;1855895;926778;1976;1;1015107;0;0;0;0
FR;2;2021-05-19;57177;10465;281;0;14506;0;0;0;0;1913072;937243;2257;1;1029613;0;0;0;0
FR;2;2021-05-20;63447;10799;288;0;14898;0;0;0;0;1976519;948042;2545;1;1044511;0;0;0;0
FR;2;2021-05-21;64305;11610;230;0;16034;0;0;0;0;2040824;959652;2775;1;1060545;0;0;0;0
FR;2;2021-05-22;61488;4530;65;0;8500;0;0;0;0;2102312;964182;2840;1;1069045;0;0;0;0
FR;2;2021-05-23;37536;575;22;0;2912;0;0;0;0;2139848;964757;2862;1;1071957;0;0;0;0
FR;2;2021-05-24;17245;2050;35;0;3257;0;0;0;0;2157093;966807;2897;1;1075214;0;0;0;0
FR;2;2021-05-25;21119;12249;241;0;13851;0;0;0;0;2178212;979056;3138;1;1089065;0;0;0;0
FR;2;2021-05-26;19942;11537;230;0;13061;0;0;0;0;2198154;990593;3368;1;1102126;0;0;0;0
FR;2;2021-05-27;23000;12642;182;0;14379;0;0;0;0;2221154;1003235;3550;1;1116505;0;0;0;0
FR;2;2021-05-28;29394;15038;190;0;17220;0;0;0;0;2250548;1018273;3740;1;1133725;0;0;0;0
FR;2;2021-05-29;30422;8193;58;0;10101;0;0;0;0;2280970;1026466;3798;1;1143826;0;0;0;0
FR;2;2021-05-30;4647;1820;6;0;2155;0;0;0;0;2285617;1028286;3804;1;1145981;0;0;0;0
FR;2;2021-05-31;28590;18748;184;0;20827;0;0;0;0;2314207;1047034;3988;1;1166808;0;0;0;0
FR;2;2021-06-01;45739;19903;225;0;23142;0;0;0;0;2359946;1066937;4213;1;1189950;0;0;0;0
FR;2;2021-06-02;37477;19304;182;0;22309;0;0;0;0;2397423;1086241;4395;1;1212259;0;0;0;0
FR;2;2021-06-03;51282;23117;161;0;26970;0;0;0;0;2448705;1109358;4556;1;1239229;0;0;0;0
FR;2;2021-06-04;65516;24094;217;0;29064;0;0;0;0;2514221;1133452;4773;1;1268293;0;0;0;0
FR;2;2021-06-05;34604;24098;52;0;26953;0;0;0;0;2548825;1157550;4825;1;1295246;0;0;0;0
FR;2;2021-06-06;4957;6194;10;0;6613;0;0;0;0;2553782;1163744;4835;1;1301859;0;0;0;0
FR;2;2021-06-07;28177;23011;150;0;25425;0;0;0;0;2581959;1186755;4985;1;1327284;0;0;0;0
FR;2;2021-06-08;46377;22934;143;0;26898;0;0;0;0;2628336;1209689;5128;1;1354182;0;0;0;0
FR;2;2021-06-09;34296;20977;107;0;24109;0;0;0;0;2662632;1230666;5235;1;1378291;0;0;0;0
FR;2;2021-06-10;42643;19084;96;1;23006;0;0;0;0;2705275;1249750;5331;2;1401297;0;0;0;0
FR;2;2021-06-11;55302;25144;134;0;30242;0;0;0;0;2760577;1274894;5465;2;1431539;0;0;0;0
FR;2;2021-06-12;30563;19796;53;0;22650;0;0;0;0;2791140;1294690;5518;2;1454189;0;0;0;0
FR;2;2021-06-13;3333;9192;13;0;9580;0;0;0;0;2794473;1303882;5531;2;1463769;0;0;0;0
FR;2;2021-06-14;25304;24113;92;0;26695;0;0;0;0;2819777;1327995;5623;2;1490464;0;0;0;0
FR;2;2021-06-15;39048;22826;154;0;26576;0;0;0;0;2858825;1350821;5777;2;1517040;0;0;0;0
FR;2;2021-06-16;30166;21365;135;0;24520;0;0;0;0;2888991;1372186;5912;2;1541560;0;0;0;0
FR;2;2021-06-17;36912;25765;150;0;29628;0;0;0;0;2925903;1397951;6062;2;1571188;0;0;0;0
FR;2;2021-06-18;46860;28880;123;0;33582;0;0;0;0;2972763;1426831;6185;2;1604770;0;0;0;0
FR;2;2021-06-19;24526;24927;39;0;27699;0;0;0;0;2997289;1451758;6224;2;1632469;0;0;0;0
FR;2;2021-06-20;3745;10059;9;0;10558;0;0;0;0;3001034;1461817;6233;2;1643027;0;0;0;0
FR;2;2021-06-21;17537;42855;88;0;44864;0;0;0;0;3018571;1504672;6321;2;1687891;0;0;0;0
FR;2;2021-06-22;28363;49615;110;0;53043;0;0;0;0;3046934;1554287;6431;2;1740934;0;0;0;0
FR;2;2021-06-23;21791;49600;107;1;52446;1;0;0;0;3068725;1603887;6538;3;1793380;1;0;0;0
FR;2;2021-06-24;28378;50302;134;0;54037;0;0;0;0;3097103;1654189;6672;3;1847417;1;0;0;0
FR;2;2021-06-25;33402;60454;128;0;64841;0;0;0;0;3130505;1714643;6800;3;1912258;1;0;0;0
FR;2;2021-06-26;16395;59331;54;1;61721;0;0;0;0;3146900;1773974;6854;4;1973979;1;0;0;0
FR;2;2021-06-27;2566;29318;22;1;29899;0;0;0;0;3149466;1803292;6876;5;2003878;1;0;0;0
FR;2;2021-06-28;12641;54336;84;0;56310;0;0;0;0;3162107;1857628;6960;5;2060188;1;0;0;0
FR;2;2021-06-29;19857;59978;178;0;62922;0;0;0;0;3181964;1917606;7138;5;2123110;1;0;0;0
FR;2;2021-06-30;16334;58022;253;17;60709;0;0;0;0;3198298;1975628;7391;22;2183819;1;0;0;0
FR;2;2021-07-01;20493;59867;228;0;63195;0;0;0;0;3218791;2035495;7619;22;2247014;1;0;0;0
FR;2;2021-07-02;24080;62157;184;0;66373;0;0;0;0;3242871;2097652;7803;22;2313387;1;0;0;0
FR;2;2021-07-03;12121;57136;153;0;59472;0;0;0;0;3254992;2154788;7956;22;2372859;1;0;0;0
FR;2;2021-07-04;1960;23304;18;0;23871;0;0;0;0;3256952;2178092;7974;22;2396730;1;0;0;0
FR;2;2021-07-05;9178;29275;106;0;30911;0;0;0;0;3266130;2207367;8080;22;2427641;1;0;0;0
FR;2;2021-07-06;14583;36264;135;0;38944;0;0;0;0;3280713;2243631;8215;22;2466585;1;0;0;0
FR;2;2021-07-07;14416;33661;139;0;36416;0;0;0;0;3295129;2277292;8354;22;2503001;1;0;0;0
FR;2;2021-07-08;19722;40320;162;0;43981;0;0;0;0;3314851;2317612;8516;22;2546982;1;0;0;0
FR;2;2021-07-09;27104;54320;202;1;59472;0;0;0;0;3341955;2371932;8718;23;2606454;1;0;0;0
FR;2;2021-07-10;13388;33705;107;0;36393;0;0;0;0;3355343;2405637;8825;23;2642847;1;0;0;0
FR;2;2021-07-11;1811;4345;16;0;4774;0;0;0;0;3357154;2409982;8841;23;2647621;1;0;0;0
FR;2;2021-07-12;12971;37277;119;0;39934;0;0;0;0;3370125;2447259;8960;23;2687555;1;0;0;0
FR;2;2021-07-13;37116;53162;152;0;60300;0;0;0;0;3407241;2500421;9112;23;2747855;1;0;0;0
FR;2;2021-07-14;6627;3540;15;0;4888;0;0;0;0;3413868;2503961;9127;23;2752743;1;0;0;0
FR;2;2021-07-15;47244;47013;156;0;55214;0;0;0;0;3461112;2550974;9283;23;2807957;1;0;0;0
FR;2;2021-07-16;64318;55767;188;0;66750;0;0;0;0;3525430;2606741;9471;23;2874707;1;0;0;0
FR;2;2021-07-17;31600;23911;96;0;29365;0;0;0;0;3557030;2630652;9567;23;2904072;1;0;0;0
FR;2;2021-07-18;6090;4811;19;0;5958;0;0;0;0;3563120;2635463;9586;23;2910030;1;0;0;0
FR;2;2021-07-19;33005;28618;94;0;34234;0;0;0;0;3596125;2664081;9680;23;2944264;1;0;0;0
FR;2;2021-07-20;51998;44521;155;0;53160;0;0;0;0;3648123;2708602;9835;23;2997424;1;0;0;0
FR;2;2021-07-21;45256;34650;93;0;42160;0;0;0;0;3693379;2743252;9928;23;3039584;1;0;0;0
FR;2;2021-07-22;56279;41084;128;1;50370;0;0;0;0;3749658;2784336;10056;24;3089954;1;0;0;0
FR;2;2021-07-23;68301;48977;170;0;60271;0;0;0;0;3817959;2833313;10226;24;3150225;1;0;0;0
FR;2;2021-07-24;36180;21613;82;0;27475;0;0;0;0;3854139;2854926;10308;24;3177700;1;0;0;0
FR;2;2021-07-25;6751;2612;10;0;3871;0;0;0;0;3860890;2857538;10318;24;3181571;1;0;0;0
FR;2;2021-07-26;36319;22345;91;1;27852;0;0;0;0;3897209;2879883;10409;25;3209423;1;0;0;0
FR;2;2021-07-27;62390;34564;180;0;43710;0;0;0;0;3959599;2914447;10589;25;3253133;1;0;0;0
FR;2;2021-07-28;55323;26425;132;0;34520;0;0;0;0;4014922;2940872;10721;25;3287653;1;0;0;0
FR;2;2021-07-29;68480;32789;189;0;42477;0;0;0;0;4083402;2973661;10910;25;3330130;1;0;0;0
FR;2;2021-07-30;74465;37812;222;1;48608;0;0;0;0;4157867;3011473;11132;26;3378738;1;0;0;0
FR;2;2021-07-31;34776;16203;105;0;21403;0;0;0;0;4192643;3027676;11237;26;3400141;1;0;0;0
FR;2;2021-08-01;5414;2257;19;0;3120;0;0;0;0;4198057;3029933;11256;26;3403261;1;0;0;0
FR;2;2021-08-02;35888;16162;101;0;21063;0;0;0;0;4233945;3046095;11357;26;3424324;1;0;0;0
FR;2;2021-08-03;55986;28267;142;0;35475;0;0;0;0;4289931;3074362;11499;26;3459799;1;0;0;0
FR;2;2021-08-04;46637;20830;128;1;26945;0;0;0;0;4336568;3095192;11627;27;3486744;1;0;0;0
FR;2;2021-08-05;54638;31553;215;0;38742;0;0;0;0;4391206;3126745;11842;27;3525486;1;0;0;0
FR;2;2021-08-06;58098;42393;242;1;50232;0;0;0;0;4449304;3169138;12084;28;3575718;1;0;0;0
FR;2;2021-08-07;25150;17626;89;0;21319;0;0;0;0;4474454;3186764;12173;28;3597037;1;0;0;0
FR;2;2021-08-08;3838;3648;21;0;4306;0;0;0;0;4478292;3190412;12194;28;3601343;1;0;0;0
FR;2;2021-08-09;29308;21039;92;0;24866;0;0;0;0;4507600;3211451;12286;28;3626209;1;0;0;0
FR;2;2021-08-10;45011;33468;155;0;39237;0;0;0;0;4552611;3244919;12441;28;3665446;1;0;0;0
FR;2;2021-08-11;35274;25148;151;0;29753;0;0;0;0;4587885;3270067;12592;28;3695199;1;0;0;0
FR;2;2021-08-12;41904;35694;163;0;41234;0;0;0;0;4629789;3305761;12755;28;3736433;1;0;0;0
FR;2;2021-08-13;42606;37303;218;0;42995;0;0;0;0;4672395;3343064;12973;28;3779428;1;0;0;0
FR;2;2021-08-14;18524;22149;94;0;24785;0;0;0;0;4690919;3365213;13067;28;3804213;1;0;0;0
FR;2;2021-08-15;3860;3797;17;0;4385;0;0;0;0;4694779;3369010;13084;28;3808598;1;0;0;0
FR;2;2021-08-16;25093;27126;111;0;30453;0;0;0;0;4719872;3396136;13195;28;3839051;1;0;0;0
FR;2;2021-08-17;38264;43408;207;2;48400;0;0;0;0;4758136;3439544;13402;30;3887451;1;0;0;0
FR;2;2021-08-18;32254;36352;195;1;40703;1;0;0;0;4790390;3475896;13597;31;3928154;2;0;0;0
FR;2;2021-08-19;37434;46581;224;0;51790;0;0;0;0;4827824;3522477;13821;31;3979944;2;0;0;0
FR;2;2021-08-20;40568;55637;271;1;61574;0;0;0;0;4868392;3578114;14092;32;4041518;2;0;0;0
FR;2;2021-08-21;18121;24315;116;0;27107;0;0;0;0;4886513;3602429;14208;32;4068625;2;0;0;0
FR;2;2021-08-22;2908;4324;22;1;4856;1;0;0;0;4889421;3606753;14230;33;4073481;3;0;0;0
FR;2;2021-08-23;19248;35150;131;1;38045;0;0;0;0;4908669;3641903;14361;34;4111526;3;0;0;0
FR;2;2021-08-24;31952;56040;236;0;60702;0;0;0;0;4940621;3697943;14597;34;4172228;3;0;0;0
FR;2;2021-08-25;25934;43455;251;0;47408;0;0;0;0;4966555;3741398;14848;34;4219636;3;0;0;0
FR;2;2021-08-26;32362;55831;388;0;60595;0;0;0;0;4998917;3797229;15236;34;4280231;3;0;0;0
FR;2;2021-08-27;37003;65683;477;2;71420;0;0;0;0;5035920;3862912;15713;36;4351651;3;0;0;0
FR;2;2021-08-28;17819;28548;300;0;31614;0;0;0;0;5053739;3891460;16013;36;4383265;3;0;0;0
FR;2;2021-08-29;2656;5014;47;0;5627;0;0;0;0;5056395;3896474;16060;36;4388892;3;0;0;0
FR;2;2021-08-30;18417;37728;400;0;40148;758;0;0;0;5074812;3934202;16460;36;4429040;761;0;0;0
FR;2;2021-08-31;28077;57512;887;4;60950;1557;0;0;0;5102889;3991714;17347;40;4489990;2318;0;0;0
FR;2;2021-09-01;21594;39875;1309;0;42268;2125;0;0;0;5124483;4031589;18656;40;4532258;4443;0;0;0
FR;2;2021-09-02;25485;48662;1962;2;50948;3365;0;0;0;5149968;4080251;20618;42;4583206;7808;0;0;0
FR;2;2021-09-03;33413;64566;2988;3;67542;4881;1;0;0;5183381;4144817;23606;45;4650748;12689;1;0;0
FR;2;2021-09-04;16832;27757;1443;1;29555;2383;0;0;0;5200213;4172574;25049;46;4680303;15072;1;0;0
FR;2;2021-09-05;2264;3589;266;0;3947;412;0;0;0;5202477;4176163;25315;46;4684250;15484;1;0;0
FR;2;2021-09-06;14043;28699;1771;1;29765;2946;0;0;0;5216520;4204862;27086;47;4714015;18430;1;0;0
FR;2;2021-09-07;21108;41108;3021;13;42276;4932;0;0;0;5237628;4245970;30107;60;4756291;23362;1;0;0
FR;2;2021-09-08;17248;31922;2736;6;32743;4500;0;0;0;5254876;4277892;32843;66;4789034;27862;1;0;0
FR;2;2021-09-09;20981;40486;4437;3;41240;6838;0;0;0;5275857;4318378;37280;69;4830274;34700;1;0;0
FR;2;2021-09-10;28200;51300;5286;4;51889;8968;1;0;0;5304057;4369678;42566;73;4882163;43668;2;0;0
FR;2;2021-09-11;13654;22445;2405;5;23134;3977;0;0;0;5317711;4392123;44971;78;4905297;47645;2;0;0
FR;2;2021-09-12;1824;2773;292;0;2968;510;0;0;0;5319535;4394896;45263;78;4908265;48155;2;0;0
FR;2;2021-09-13;11659;21444;2474;4;21708;4048;0;0;0;5331194;4416340;47737;82;4929973;52203;2;0;0
FR;2;2021-09-14;18576;32732;5092;13;31695;9058;2;0;0;5349770;4449072;52829;95;4961668;61261;4;0;0
FR;2;2021-09-15;14915;28238;5169;3;26932;7756;9;0;0;5364685;4477310;57998;98;4988600;69017;13;0;0
FR;2;2021-09-16;16078;32791;6737;12;30182;10537;4;0;0;5380763;4510101;64735;110;5018782;79554;17;0;0
FR;2;2021-09-17;20915;47161;8781;10;42820;14620;6;0;0;5401678;4557262;73516;120;5061602;94174;23;0;0
FR;2;2021-09-18;9857;20959;3804;6;19593;6036;1;0;0;5411535;4578221;77320;126;5081195;100210;24;0;0
FR;2;2021-09-19;1166;2596;396;0;2538;632;0;0;0;5412701;4580817;77716;126;5083733;100842;24;0;0
FR;2;2021-09-20;7500;18703;3856;7;17026;6137;4;0;0;5420201;4599520;81572;133;5100759;106979;28;0;0
FR;2;2021-09-21;11215;29992;6495;5;26541;10749;3;0;0;5431416;4629512;88067;138;5127300;117728;31;0;0
FR;2;2021-09-22;9413;23543;5490;6;21196;8521;8;0;0;5440829;4653055;93557;144;5148496;126249;39;0;0
FR;2;2021-09-23;10731;28899;7881;10;24726;12649;10;0;0;5451560;4681954;101438;154;5173222;138898;49;0;0
FR;2;2021-09-24;15075;42933;10876;18;37276;17240;21;0;0;5466635;4724887;112314;172;5210498;156138;70;0;0
FR;2;2021-09-25;7258;18794;3965;9;17151;6117;3;0;0;5473893;4743681;116279;181;5227649;162255;73;0;0
FR;2;2021-09-26;1080;2547;495;0;2493;630;1;0;0;5474973;4746228;116774;181;5230142;162885;74;0;0
FR;2;2021-09-27;6312;16405;4287;8;14796;6535;2;0;0;5481285;4762633;121061;189;5244938;169420;76;0;0
FR;2;2021-09-28;9241;25569;7769;14;21719;12082;7;0;0;5490526;4788202;128830;203;5266657;181502;83;0;0
FR;2;2021-09-29;8081;20202;6067;25;17608;9262;8;0;0;5498607;4808404;134897;228;5284265;190764;91;0;0
FR;2;2021-09-30;9865;25836;9509;16;21636;14100;6;0;0;5508472;4834240;144406;244;5305901;204864;97;0;0
FR;2;2021-10-01;13978;35729;12919;25;30048;19318;10;0;0;5522450;4869969;157325;269;5335949;224182;107;0;0
FR;2;2021-10-02;6874;15932;4850;7;14228;7047;6;0;0;5529324;4885901;162175;276;5350177;231229;113;0;0
FR;2;2021-10-03;841;1912;492;1;1840;503;0;0;0;5530165;4887813;162667;277;5352017;231732;113;0;0
FR;2;2021-10-04;5826;13900;5516;5;12137;7853;6;0;0;5535991;4901713;168183;282;5364154;239585;119;0;0
FR;2;2021-10-05;9057;22561;11125;19;18526;15739;1;0;0;5545048;4924274;179308;301;5382680;255324;120;0;0
FR;2;2021-10-06;7784;17744;8243;11;15273;11090;4;0;0;5552832;4942018;187551;312;5397953;266414;124;0;0
FR;2;2021-10-07;9203;22205;12386;14;18008;16871;6;0;0;5562035;4964223;199937;326;5415961;283285;130;0;0
FR;2;2021-10-08;13431;32136;17349;28;26509;23611;13;0;0;5575466;4996359;217286;354;5442470;306896;143;0;0
FR;2;2021-10-09;6000;12844;6044;6;11380;7895;7;0;0;5581466;5009203;223330;360;5453850;314791;150;0;0
FR;2;2021-10-10;885;1598;436;2;1541;606;1;0;0;5582351;5010801;223766;362;5455391;315397;151;0;0
FR;2;2021-10-11;5607;11552;6455;17;9942;8828;3;0;0;5587958;5022353;230221;379;5465333;324225;154;0;0
FR;2;2021-10-12;8029;17785;12550;13;13924;16782;9;0;0;5595987;5040138;242771;392;5479257;341007;163;0;0
FR;2;2021-10-13;6945;14852;10256;12;11808;13647;7;0;0;5602932;5054990;253027;404;5491065;354654;170;0;0
FR;2;2021-10-14;8314;17935;14996;13;13558;19471;11;0;0;5611246;5072925;268023;417;5504623;374125;181;0;0
FR;2;2021-10-15;11856;26311;20903;26;19415;27981;4;0;0;5623102;5099236;288926;443;5524038;402106;185;0;0
FR;2;2021-10-16;5140;8742;1819;0;8173;3220;2;0;0;5628242;5107978;290745;443;5532211;405326;187;0;0
FR;2;2021-10-17;651;1149;185;0;1081;355;1;0;0;5628893;5109127;290930;443;5533292;405681;188;0;0
FR;2;2021-10-18;4562;7342;665;2;7246;1633;0;0;0;5633455;5116469;291595;445;5540538;407314;188;0;0
FR;2;2021-10-19;6239;9854;732;5;9656;2035;5;0;0;5639694;5126323;292327;450;5550194;409349;193;0;0
FR;2;2021-10-20;5170;8056;759;3;8177;1677;0;0;0;5644864;5134379;293086;453;5558371;411026;193;0;0
FR;2;2021-10-21;6090;9976;780;5;9835;2103;1;0;0;5650954;5144355;293866;458;5568206;413129;194;0;0
FR;2;2021-10-22;8452;14595;1149;4;14470;2890;2;0;0;5659406;5158950;295015;462;5582676;416019;196;0;0
FR;2;2021-10-23;3845;5993;587;0;6127;1235;3;0;0;5663251;5164943;295602;462;5588803;417254;199;0;0
FR;2;2021-10-24;494;884;101;0;901;205;0;0;0;5663745;5165827;295703;462;5589704;417459;199;0;0
FR;2;2021-10-25;3359;5351;307;1;5525;826;2;0;0;5667104;5171178;296010;463;5595229;418285;201;0;0
FR;2;2021-10-26;4177;7239;1133;4;7130;2021;5;0;0;5671281;5178417;297143;467;5602359;420306;206;0;0
FR;2;2021-10-27;3677;6595;1193;5;6453;1992;1;0;0;5674958;5185012;298336;472;5608812;422298;207;0;0
FR;2;2021-10-28;4597;7687;1736;3;7416;2747;1;0;0;5679555;5192699;300072;475;5616228;425045;208;0;0
FR;2;2021-10-29;5413;11082;2437;4;10695;3682;3;0;0;5684968;5203781;302509;479;5626923;428727;211;0;0
FR;2;2021-10-30;2749;4456;976;1;4456;1444;2;0;0;5687717;5208237;303485;480;5631379;430171;213;0;0
FR;2;2021-10-31;364;535;140;1;544;191;1;0;0;5688081;5208772;303625;481;5631923;430362;214;0;0
FR;2;2021-11-01;429;548;181;0;564;267;1;0;0;5688510;5209320;303806;481;5632487;430629;215;0;0
FR;2;2021-11-02;3293;6757;1183;0;6802;1764;5;0;0;5691803;5216077;304989;481;5639289;432393;220;0;0
FR;2;2021-11-03;3340;6230;1388;2;6318;1967;2;0;0;5695143;5222307;306377;483;5645607;434360;222;0;0
FR;2;2021-11-04;3986;7074;1768;4;7113;2494;3;0;0;5699129;5229381;308145;487;5652720;436854;225;0;0
FR;2;2021-11-05;5234;10504;2867;5;10212;3959;6;0;0;5704363;5239885;311012;492;5662932;440813;231;0;0
FR;2;2021-11-06;2596;4678;1403;0;4638;1818;2;0;0;5706959;5244563;312415;492;5667570;442631;233;0;0
FR;2;2021-11-07;506;866;221;0;873;291;2;0;0;5707465;5245429;312636;492;5668443;442922;235;0;0
FR;2;2021-11-08;2578;5348;1205;3;5268;1676;3;0;0;5710043;5250777;313841;495;5673711;444598;238;0;0
FR;2;2021-11-09;2749;6911;2402;5;6446;3181;2;0;0;5712792;5257688;316243;500;5680157;447779;240;0;0
FR;2;2021-11-10;2590;5671;5114;6;4767;6289;7;0;0;5715382;5263359;321357;506;5684924;454068;247;0;0
FR;2;2021-11-11;446;756;752;2;648;936;3;0;0;5715828;5264115;322109;508;5685572;455004;250;0;0
FR;2;2021-11-12;2953;8084;8982;8;6199;10927;9;0;0;5718781;5272199;331091;516;5691771;465931;259;0;0
FR;2;2021-11-13;1539;3375;3871;7;2723;4538;4;0;0;5720320;5275574;334962;523;5694494;470469;263;0;0
FR;2;2021-11-14;257;588;351;1;487;481;3;0;0;5720577;5276162;335313;524;5694981;470950;266;0;0
FR;2;2021-11-15;1621;3654;4447;8;2910;5326;16;0;0;5722198;5279816;339760;532;5697891;476276;282;0;0
FR;2;2021-11-16;2184;5883;8311;14;4159;10082;16;0;0;5724382;5285699;348071;546;5702050;486358;298;0;0
FR;2;2021-11-17;1741;4524;6632;8;3170;7850;5;0;0;5726123;5290223;354703;554;5705220;494208;303;0;0
FR;2;2021-11-18;2192;5926;9187;10;4024;11018;8;0;0;5728315;5296149;363890;564;5709244;505226;311;0;0
FR;2;2021-11-19;2700;7758;12980;19;4837;15480;12;0;0;5731015;5303907;376870;583;5714081;520706;323;0;0
FR;2;2021-11-20;1566;3337;5181;5;2353;6095;3;0;0;5732581;5307244;382051;588;5716434;526801;326;0;0
FR;2;2021-11-21;250;503;541;0;393;653;3;0;0;5732831;5307747;382592;588;5716827;527454;329;0;0
FR;2;2021-11-22;1278;2573;4482;5;1673;5397;9;0;0;5734109;5310320;387074;593;5718500;532851;338;0;0
FR;2;2021-11-23;1617;4273;8202;9;2537;9913;6;0;0;5735726;5314593;395276;602;5721037;542764;344;0;0
FR;2;2021-11-24;1421;3753;7482;14;2249;8735;9;0;0;5737147;5318346;402758;616;5723286;551499;353;0;0
FR;2;2021-11-25;1813;4866;11472;21;2684;13668;6;0;0;5738960;5323212;414230;637;5725970;565167;359;0;0
FR;2;2021-11-26;2541;7737;22673;31;3816;26086;14;0;0;5741501;5330949;436903;668;5729786;591253;373;0;0
FR;2;2021-11-27;1498;4139;12275;18;2130;14032;12;0;0;5742999;5335088;449178;686;5731916;605285;385;0;0
FR;2;2021-11-28;292;840;1975;3;480;2304;5;0;0;5743291;5335928;451153;689;5732396;607589;390;0;0
FR;2;2021-11-29;1447;4350;15099;23;2013;17266;25;0;0;5744738;5340278;466252;712;5734409;624855;415;0;0
FR;2;2021-11-30;1912;6661;26246;36;2646;30006;22;0;0;5746650;5346939;492498;748;5737055;654861;437;0;0
FR;2;2021-12-01;1916;6020;26205;31;2489;29516;20;0;0;5748566;5352959;518703;779;5739544;684377;457;0;0
FR;2;2021-12-02;1914;6784;37728;52;2120;41980;32;0;0;5750480;5359743;556431;831;5741664;726357;489;0;0
FR;2;2021-12-03;2557;10079;53636;111;3602;59384;30;0;0;5753037;5369822;610067;942;5745266;785741;519;0;0
FR;2;2021-12-04;1850;6280;37126;38;2189;40816;15;0;0;5754887;5376102;647193;980;5747455;826557;534;0;0
FR;2;2021-12-05;458;2247;14263;14;536;15990;7;0;0;5755345;5378349;661456;994;5747991;842547;541;0;0
FR;2;2021-12-06;2487;9858;77725;109;2710;84776;25;0;0;5757832;5388207;739181;1103;5750701;927323;566;0;0
FR;2;2021-12-07;3455;15295;122464;238;3750;133786;40;0;0;5761287;5403502;861645;1341;5754451;1061109;606;0;0
FR;2;2021-12-08;3725;15988;133215;330;3857;145409;54;0;0;5765012;5419490;994860;1671;5758308;1206518;660;0;0
FR;2;2021-12-09;4546;19635;170231;555;4177;185628;61;0;0;5769558;5439125;1165091;2226;5762485;1392146;721;0;0
FR;2;2021-12-10;4675;22807;188692;490;5018;206177;68;0;0;5774233;5461932;1353783;2716;5767503;1598323;789;0;0
FR;2;2021-12-11;3688;16623;132465;239;3675;144926;61;0;0;5777921;5478555;1486248;2955;5771178;1743249;850;0;0
FR;2;2021-12-12;1256;7122;59111;83;1019;65166;12;0;0;5779177;5485677;1545359;3038;5772197;1808415;862;0;0
FR;2;2021-12-13;5530;26815;220720;605;5229;243016;159;0;0;5784707;5512492;1766079;3643;5777426;2051431;1021;0;0
FR;2;2021-12-14;7018;37451;300796;908;6148;332249;189;0;0;5791725;5549943;2066875;4551;5783574;2383680;1210;0;0
FR;2;2021-12-15;6555;36237;285251;957;5877;315895;185;0;0;5798280;5586180;2352126;5508;5789451;2699575;1395;0;0
FR;2;2021-12-16;7765;37917;312167;981;6571;343796;184;0;0;5806045;5624097;2664293;6489;5796022;3043371;1579;0;0
FR;2;2021-12-17;8681;41187;327902;976;8031;360970;231;0;0;5814726;5665284;2992195;7465;5804053;3404341;1810;0;0
FR;2;2021-12-18;6515;26544;212364;448;4913;233672;120;0;0;5821241;5691828;3204559;7913;5808966;3638013;1930;0;0
FR;2;2021-12-19;2603;11408;90221;182;1660;100354;25;0;0;5823844;5703236;3294780;8095;5810626;3738367;1955;0;0
FR;2;2021-12-20;9549;33536;275250;706;6606;303402;208;0;0;5833393;5736772;3570030;8801;5817232;4041769;2163;0;0
FR;2;2021-12-21;11565;38300;309645;968;7384;341438;259;0;0;5844958;5775072;3879675;9769;5824616;4383207;2422;0;0
FR;2;2021-12-22;10459;32777;265134;952;6448;292485;316;0;1;5855417;5807849;4144809;10721;5831064;4675692;2738;0;1
FR;2;2021-12-23;9426;26636;199526;701;5887;221287;227;0;0;5864843;5834485;4344335;11422;5836951;4896979;2965;0;1
FR;2;2021-12-24;2783;7475;43862;140;2039;49561;78;0;0;5867626;5841960;4388197;11562;5838990;4946540;3043;0;1
FR;2;2021-12-25;201;677;2003;10;210;2483;15;0;0;5867827;5842637;4390200;11572;5839200;4949023;3058;0;1
FR;2;2021-12-26;1320;4214;25159;71;1052;28690;70;0;0;5869147;5846851;4415359;11643;5840252;4977713;3128;0;1
FR;2;2021-12-27;8075;29922;218431;659;6631;243370;294;0;0;5877222;5876773;4633790;12302;5846883;5221083;3422;0;1
FR;2;2021-12-28;9834;36304;272108;742;6992;302011;957;0;1;5887056;5913077;4905898;13044;5853875;5523094;4379;0;2
FR;2;2021-12-29;9498;32235;246142;765;6415;272691;1088;0;0;5896554;5945312;5152040;13809;5860290;5795785;5467;0;2
FR;2;2021-12-30;9461;28082;208837;663;5977;231458;1156;0;0;5906015;5973394;5360877;14472;5866267;6027243;6623;0;2
FR;2;2021-12-31;3011;8345;54990;176;2173;61233;392;0;0;5909026;5981739;5415867;14648;5868440;6088476;7015;0;2
FR;2;2022-01-01;231;689;2857;7;204;3352;29;0;0;5909257;5982428;5418724;14655;5868644;6091828;7044;0;2
FR;2;2022-01-02;1503;4852;29522;75;1166;33409;217;0;0;5910760;5987280;5448246;14730;5869810;6125237;7261;0;2
FR;2;2022-01-03;9603;35403;266540;806;8502;293916;1674;0;0;5920363;6022683;5714786;15536;5878312;6419153;8935;0;2
FR;2;2022-01-04;12854;45418;342100;1068;9972;377054;2458;0;1;5933217;6068101;6056886;16604;5888284;6796207;11393;0;3
FR;2;2022-01-05;11273;38628;294213;884;8632;323851;2154;0;2;5944490;6106729;6351099;17488;5896916;7120058;13547;0;5
FR;2;2022-01-06;13655;43492;331953;1298;9940;364760;2979;0;1;5958145;6150221;6683052;18786;5906856;7484818;16526;0;6
FR;2;2022-01-07;14225;47626;361115;1271;11246;396460;3159;0;0;5972370;6197847;7044167;20057;5918102;7881278;19685;0;6
FR;2;2022-01-08;7946;28139;201268;515;7207;221703;1528;0;2;5980316;6225986;7245435;20572;5925309;8102981;21213;0;8
FR;2;2022-01-09;2749;8955;62528;137;2074;69496;493;0;0;5983065;6234941;7307963;20709;5927383;8172477;21706;0;8
FR;2;2022-01-10;10100;31913;232500;858;8909;255077;2458;0;0;5993165;6266854;7540463;21567;5936292;8427554;24164;0;8
FR;2;2022-01-11;11468;36252;265933;1029;10069;290641;3380;0;1;6004633;6303106;7806396;22596;5946361;8718195;27544;0;9
FR;2;2022-01-12;8765;29794;206334;863;8722;226176;2798;0;5;6013398;6332900;8012730;23459;5955083;8944371;30342;0;14
FR;2;2022-01-13;9387;31332;224504;831;9038;244848;3462;0;4;6022785;6364232;8237234;24290;5964121;9189219;33804;0;18
FR;2;2022-01-14;9741;35589;254549;920;9850;277654;3983;0;1;6032526;6399821;8491783;25210;5973971;9466873;37787;0;19
FR;2;2022-01-15;5361;19448;140783;363;5325;153643;1928;0;0;6037887;6419269;8632566;25573;5979296;9620516;39715;0;19
FR;2;2022-01-16;1512;5464;35891;81;1620;39822;424;0;0;6039399;6424733;8668457;25654;5980916;9660338;40139;0;19
FR;2;2022-01-17;5546;19267;135417;601;6603;147260;2264;0;2;6044945;6444000;8803874;26255;5987519;9807598;42403;0;21
FR;2;2022-01-18;6423;21486;148642;647;7525;160466;3311;0;0;6051368;6465486;8952516;26902;5995044;9968064;45714;0;21
FR;2;2022-01-19;4397;16312;105108;551;6212;113699;2410;0;1;6055765;6481798;9057624;27453;6001256;10081763;48124;0;22
FR;2;2022-01-20;4872;17577;115302;603;7071;123694;3111;0;2;6060637;6499375;9172926;28056;6008327;10205457;51235;0;24
FR;2;2022-01-21;5198;20040;137354;679;7171;147771;3453;0;1;6065835;6519415;9310280;28735;6015498;10353228;54688;0;25
FR;2;2022-01-22;3034;10949;74262;260;3956;80329;1428;0;0;6068869;6530364;9384542;28995;6019454;10433557;56116;0;25
FR;2;2022-01-23;724;2710;15242;41;1057;16826;238;0;0;6069593;6533074;9399784;29036;6020511;10450383;56354;0;25
FR;2;2022-01-24;3290;12803;75082;431;5844;81026;1994;0;2;6072883;6545877;9474866;29467;6026355;10531409;58348;0;27
FR;2;2022-01-25;3575;14405;79631;496;6648;85459;2879;0;4;6076458;6560282;9554497;29963;6033003;10616868;61227;0;31
FR;2;2022-01-26;2515;10705;58983;363;5330;63036;1958;0;1;6078973;6570987;9613480;30326;6038333;10679904;63185;0;32
FR;2;2022-01-27;2683;11379;64180;388;5737;67959;2461;0;1;6081656;6582366;9677660;30714;6044070;10747863;65646;0;33
FR;2;2022-01-28;3551;18271;91727;429;8615;98913;3400;0;1;6085207;6600637;9769387;31143;6052685;10846776;69046;0;34
FR;2;2022-01-29;1894;9239;48852;164;4171;52928;1375;0;1;6087101;6609876;9818239;31307;6056856;10899704;70421;0;35
FR;2;2022-01-30;464;2209;9455;38;1051;10585;203;0;0;6087565;6612085;9827694;31345;6057907;10910289;70624;0;35
FR;2;2022-01-31;1890;9559;43833;209;4715;47327;1887;0;2;6089455;6621644;9871527;31554;6062622;10957616;72511;0;37
FR;2;2022-02-01;1916;10025;47031;279;4802;50082;2709;0;0;6091371;6631669;9918558;31833;6067424;11007698;75220;0;37
FR;2;2022-02-02;1614;8981;41122;250;4195;44152;2189;0;1;6092985;6640650;9959680;32083;6071619;11051850;77409;0;38
FR;2;2022-02-03;1728;8937;40526;205;4374;42915;2643;0;2;6094713;6649587;10000206;32288;6075993;11094765;80052;0;40
FR;2;2022-02-04;2151;15176;66648;299;7383;71328;3671;0;1;6096864;6664763;10066854;32587;6083376;11166093;83723;0;41
FR;2;2022-02-05;1360;8523;35946;132;4216;39225;1370;0;0;6098224;6673286;10102800;32719;6087592;11205318;85093;0;41
FR;2;2022-02-06;275;1762;6129;16;840;6900;217;0;0;6098499;6675048;10108929;32735;6088432;11212218;85310;0;41
FR;2;2022-02-07;1352;9551;37758;134;4536;41292;1889;0;2;6099851;6684599;10146687;32869;6092968;11253510;87199;0;43
FR;2;2022-02-08;1299;9832;40955;173;4644;43749;2741;0;1;6101150;6694431;10187642;33042;6097612;11297259;89940;0;44
FR;2;2022-02-09;1160;8841;37040;174;3804;40465;1901;0;2;6102310;6703272;10224682;33216;6101416;11337724;91841;0;46
FR;2;2022-02-10;1029;7999;33837;204;3604;36510;2051;0;1;6103339;6711271;10258519;33420;6105020;11374234;93892;0;47
FR;2;2022-02-11;1391;12086;53347;223;5282;57700;2888;0;0;6104730;6723357;10311866;33643;6110302;11431934;96780;0;47
FR;2;2022-02-12;754;6535;27987;86;2793;30807;1112;0;2;6105484;6729892;10339853;33729;6113095;11462741;97892;0;49
FR;2;2022-02-13;200;1340;4836;20;562;5577;141;0;0;6105684;6731232;10344689;33749;6113657;11468318;98033;0;49
FR;2;2022-02-14;835;6731;30273;91;2598;33232;1398;0;1;6106519;6737963;10374962;33840;6116255;11501550;99431;0;50
FR;2;2022-02-15;774;6473;28050;140;2801;29991;1967;0;2;6107293;6744436;10403012;33980;6119056;11531541;101398;0;52
FR;2;2022-02-16;657;5361;22067;124;2526;23632;1569;0;3;6107950;6749797;10425079;34104;6121582;11555173;102967;0;55
FR;2;2022-02-17;518;3785;14152;98;2130;14617;1406;0;2;6108468;6753582;10439231;34202;6123712;11569790;104373;0;57
FR;2;2022-02-18;723;5368;20442;134;3039;21129;1895;0;0;6109191;6758950;10459673;34336;6126751;11590919;106268;0;57
FR;2;2022-02-19;430;3061;10532;66;1699;11246;753;0;2;6109621;6762011;10470205;34402;6128450;11602165;107021;0;59
FR;2;2022-02-20;102;518;1463;3;314;1611;100;0;0;6109723;6762529;10471668;34405;6128764;11603776;107121;0;59
FR;2;2022-02-21;422;2685;9122;65;1569;9499;930;0;0;6110145;6765214;10480790;34470;6130333;11613275;108051;0;59
FR;2;2022-02-22;392;2567;8894;77;1621;8797;1180;0;0;6110537;6767781;10489684;34547;6131954;11622072;109231;0;59
FR;2;2022-02-23;432;2604;8992;82;1522;9268;1022;0;0;6110969;6770385;10498676;34629;6133476;11631340;110253;0;59
FR;2;2022-02-24;314;2038;6802;82;1250;6832;870;0;0;6111283;6772423;10505478;34711;6134726;11638172;111123;0;59
FR;2;2022-02-25;457;3207;11419;107;1977;11283;1559;0;3;6111740;6775630;10516897;34818;6136703;11649455;112682;0;62
FR;2;2022-02-26;297;1892;6036;49;1161;6343;587;0;1;6112037;6777522;10522933;34867;6137864;11655798;113269;0;63
FR;2;2022-02-27;76;313;907;5;214;950;98;0;0;6112113;6777835;10523840;34872;6138078;11656748;113367;0;63
FR;2;2022-02-28;330;1688;5525;53;1087;5531;733;0;0;6112443;6779523;10529365;34925;6139165;11662279;114100;0;63
FR;2;2022-03-01;279;1569;5483;46;952;5200;964;0;2;6112722;6781092;10534848;34971;6140117;11667479;115064;0;65
FR;2;2022-03-02;298;1445;5248;45;877;5092;815;0;1;6113020;6782537;10540096;35016;6140994;11672571;115879;0;66
FR;2;2022-03-03;226;1112;3709;42;721;3486;668;0;1;6113246;6783649;10543805;35058;6141715;11676057;116547;0;67
FR;2;2022-03-04;243;1469;4859;74;983;4506;949;0;1;6113489;6785118;10548664;35132;6142698;11680563;117496;0;68
FR;2;2022-03-05;174;906;2980;34;612;2724;561;0;0;6113663;6786024;10551644;35166;6143310;11683287;118057;0;68
FR;2;2022-03-06;42;183;280;5;105;320;52;0;0;6113705;6786207;10551924;35171;6143415;11683607;118109;0;68
FR;2;2022-03-07;156;659;1987;70;491;1777;472;0;0;6113861;6786866;10553911;35241;6143906;11685384;118581;0;68
FR;2;2022-03-08;144;670;2272;53;461;1907;619;0;0;6114005;6787536;10556183;35294;6144367;11687291;119200;0;68
FR;2;2022-03-09;154;708;2348;37;473;2050;615;0;0;6114159;6788244;10558531;35331;6144840;11689341;119815;0;68
FR;2;2022-03-10;123;603;1695;35;445;1470;456;0;1;6114282;6788847;10560226;35366;6145285;11690811;120271;0;69
FR;2;2022-03-11;172;757;2769;57;505;2368;737;0;1;6114454;6789604;10562995;35423;6145790;11693179;121008;0;70
FR;2;2022-03-12;149;484;1787;27;331;1556;450;0;0;6114603;6790088;10564782;35450;6146121;11694735;121458;0;70
FR;2;2022-03-13;25;75;203;30;45;204;69;0;0;6114628;6790163;10564985;35480;6146166;11694939;121527;0;70
FR;2;2022-03-14;129;470;1572;529;333;1301;951;0;0;6114757;6790633;10566557;36009;6146499;11696240;122478;0;70
FR;2;2022-03-15;138;441;1713;691;333;1333;1186;0;1;6114895;6791074;10568270;36700;6146832;11697573;123664;0;71
FR;2;2022-03-16;142;476;2013;1616;331;1593;2160;0;2;6115037;6791550;10570283;38316;6147163;11699166;125824;0;73
FR;2;2022-03-17;94;413;1408;1192;273;1144;1576;0;0;6115131;6791963;10571691;39508;6147436;11700310;127400;0;73
FR;2;2022-03-18;147;496;2025;1795;335;1668;2313;0;1;6115278;6792459;10573716;41303;6147771;11701978;129713;0;74
FR;2;2022-03-19;108;321;1210;941;219;1015;1259;0;0;6115386;6792780;10574926;42244;6147990;11702993;130972;0;74
FR;2;2022-03-20;13;77;191;59;39;168;115;0;0;6115399;6792857;10575117;42303;6148029;11703161;131087;0;74
FR;2;2022-03-21;97;307;1218;1483;180;1081;1760;0;1;6115496;6793164;10576335;43786;6148209;11704242;132847;0;75
FR;2;2022-03-22;118;390;1530;1830;244;1291;2218;0;0;6115614;6793554;10577865;45616;6148453;11705533;135065;0;75
FR;2;2022-03-23;137;361;1676;3032;232;1471;3374;0;6;6115751;6793915;10579541;48648;6148685;11707004;138439;0;81
FR;2;2022-03-24;117;293;1183;1548;186;1001;1814;0;8;6115868;6794208;10580724;50196;6148871;11708005;140253;0;89
FR;2;2022-03-25;119;361;1806;2451;238;1476;2837;0;8;6115987;6794569;10582530;52647;6149109;11709481;143090;0;97
FR;2;2022-03-26;79;247;1204;1222;138;952;1531;0;5;6116066;6794816;10583734;53869;6149247;11710433;144621;0;102
FR;2;2022-03-27;19;36;154;100;19;133;144;0;0;6116085;6794852;10583888;53969;6149266;11710566;144765;0;102
FR;2;2022-03-28;94;288;1138;1602;187;995;1834;0;6;6116179;6795140;10585026;55571;6149453;11711561;146599;0;108
FR;2;2022-03-29;108;258;1325;2467;167;1105;2760;0;4;6116287;6795398;10586351;58038;6149620;11712666;149359;0;112
FR;2;2022-03-30;91;312;1489;3185;163;1320;3422;0;2;6116378;6795710;10587840;61223;6149783;11713986;152781;0;114
FR;2;2022-03-31;104;284;1276;2332;172;1091;2616;0;3;6116482;6795994;10589116;63555;6149955;11715077;155397;0;117
FR;2;2022-04-01;123;324;1567;2349;164;1322;2667;0;7;6116605;6796318;10590683;65904;6150119;11716399;158064;0;124
FR;2;2022-04-02;81;161;845;891;83;737;1052;0;1;6116686;6796479;10591528;66795;6150202;11717136;159116;0;125
FR;2;2022-04-03;16;53;128;113;27;142;133;0;1;6116702;6796532;10591656;66908;6150229;11717278;159249;0;126
FR;2;2022-04-04;113;239;989;1447;141;798;1693;0;5;6116815;6796771;10592645;68355;6150370;11718076;160942;0;131
FR;2;2022-04-05;143;298;1317;2914;158;1145;3143;0;17;6116958;6797069;10593962;71269;6150528;11719221;164085;0;148
FR;2;2022-04-06;89;260;1306;2522;128;1130;2686;0;10;6117047;6797329;10595268;73791;6150656;11720351;166771;0;158
FR;2;2022-04-07;120;230;1302;2682;141;1042;2957;0;8;6117167;6797559;10596570;76473;6150797;11721393;169728;0;166
FR;2;2022-04-08;126;343;1634;3352;179;1327;3642;0;12;6117293;6797902;10598204;79825;6150976;11722720;173370;0;178
FR;2;2022-04-09;90;219;900;1046;144;732;1288;0;4;6117383;6798121;10599104;80871;6151120;11723452;174658;0;182
FR;2;2022-04-10;37;48;143;162;45;119;200;0;1;6117420;6798169;10599247;81033;6151165;11723571;174858;0;183
FR;2;2022-04-11;88;195;891;1560;121;781;1718;0;6;6117508;6798364;10600138;82593;6151286;11724352;176576;0;189
FR;2;2022-04-12;176;273;1183;2770;175;1062;2903;0;8;6117684;6798637;10601321;85363;6151461;11725414;179479;0;197
FR;2;2022-04-13;147;231;1125;2477;110;989;2671;0;11;6117831;6798868;10602446;87840;6151571;11726403;182150;0;208
FR;2;2022-04-14;115;226;1085;2677;113;919;2911;0;18;6117946;6799094;10603531;90517;6151684;11727322;185061;0;226
FR;2;2022-04-15;114;259;1218;2293;129;1075;2533;0;7;6118060;6799353;10604749;92810;6151813;11728397;187594;0;233
FR;2;2022-04-16;67;108;548;549;68;459;675;0;9;6118127;6799461;10605297;93359;6151881;11728856;188269;0;242
FR;2;2022-04-17;15;27;57;53;16;53;71;0;0;6118142;6799488;10605354;93412;6151897;11728909;188340;0;242
FR;2;2022-04-18;12;35;121;70;18;116;95;0;0;6118154;6799523;10605475;93482;6151915;11729025;188435;0;242
FR;2;2022-04-19;112;237;1120;1731;149;951;1915;0;9;6118266;6799760;10606595;95213;6152064;11729976;190350;0;251
FR;2;2022-04-20;95;241;1110;2172;125;934;2366;0;14;6118361;6800001;10607705;97385;6152189;11730910;192716;0;265
FR;2;2022-04-21;111;233;983;1912;125;838;2141;0;10;6118472;6800234;10608688;99297;6152314;11731748;194857;0;275
FR;2;2022-04-22;100;276;1242;2093;141;1023;2431;0;11;6118572;6800510;10609930;101390;6152455;11732771;197288;0;286
FR;2;2022-04-23;67;156;645;762;107;574;862;0;8;6118639;6800666;10610575;102152;6152562;11733345;198150;0;294
FR;2;2022-04-24;12;30;101;68;12;79;100;0;0;6118651;6800696;10610676;102220;6152574;11733424;198250;0;294
FR;2;2022-04-25;103;204;821;1315;104;711;1513;0;15;6118754;6800900;10611497;103535;6152678;11734135;199763;0;309
FR;2;2022-04-26;108;184;1041;2018;118;878;2216;0;18;6118862;6801084;10612538;105553;6152796;11735013;201979;0;327
FR;2;2022-04-27;98;179;860;1783;120;764;1805;0;7;6118960;6801263;10613398;107336;6152916;11735777;203784;0;334
FR;2;2022-04-28;93;214;950;1931;128;843;2087;0;12;6119053;6801477;10614348;109267;6153044;11736620;205871;0;346
FR;2;2022-04-29;81;280;1131;1696;131;1040;1875;0;11;6119134;6801757;10615479;110963;6153175;11737660;207746;0;357
FR;2;2022-04-30;66;126;471;540;79;430;628;0;9;6119200;6801883;10615950;111503;6153254;11738090;208374;0;366
FR;2;2022-05-01;23;24;84;49;20;85;61;0;1;6119223;6801907;10616034;111552;6153274;11738175;208435;0;367
FR;2;2022-05-02;115;232;762;1216;141;660;1374;0;5;6119338;6802139;10616796;112768;6153415;11738835;209809;0;372
FR;2;2022-05-03;152;233;999;1780;156;938;1894;0;14;6119490;6802372;10617795;114548;6153571;11739773;211703;0;386
FR;2;2022-05-04;90;226;924;1810;116;867;1821;0;13;6119580;6802598;10618719;116358;6153687;11740640;213524;0;399
FR;2;2022-05-05;127;197;856;1732;146;773;1848;0;10;6119707;6802795;10619575;118090;6153833;11741413;215372;0;409
FR;2;2022-05-06;133;246;1100;1855;139;1016;2052;0;16;6119840;6803041;10620675;119945;6153972;11742429;217424;0;425
FR;2;2022-05-07;40;99;470;504;61;406;593;0;4;6119880;6803140;10621145;120449;6154033;11742835;218017;0;429
FR;2;2022-05-08;48;54;107;70;41;102;100;0;0;6119928;6803194;10621252;120519;6154074;11742937;218117;0;429
FR;2;2022-05-09;101;174;654;986;103;604;1130;0;9;6120029;6803368;10621906;121505;6154177;11743541;219247;0;438
FR;2;2022-05-10;121;252;938;1841;155;893;1965;0;23;6120150;6803620;10622844;123346;6154332;11744434;221212;0;461
FR;2;2022-05-11;103;179;813;1873;117;792;1862;0;8;6120253;6803799;10623657;125219;6154449;11745226;223074;0;469
FR;2;2022-05-12;111;173;845;2096;115;803;2213;0;21;6120364;6803972;10624502;127315;6154564;11746029;225287;0;490
FR;2;2022-05-13;100;235;969;2097;121;900;2273;0;13;6120464;6804207;10625471;129412;6154685;11746929;227560;0;503
FR;2;2022-05-14;76;124;451;553;93;411;632;0;6;6120540;6804331;10625922;129965;6154778;11747340;228192;0;509
FR;2;2022-05-15;24;39;94;88;20;108;95;0;1;6120564;6804370;10626016;130053;6154798;11747448;228287;0;510
FR;2;2022-05-16;102;170;601;925;115;537;1037;0;11;6120666;6804540;10626617;130978;6154913;11747985;229324;0;521
FR;2;2022-05-17;95;184;690;1685;119;658;1737;0;8;6120761;6804724;10627307;132663;6155032;11748643;231061;0;529
FR;2;2022-05-18;80;181;642;1431;97;647;1486;0;10;6120841;6804905;10627949;134094;6155129;11749290;232547;0;539
FR;2;2022-05-19;73;161;709;1831;81;751;1817;0;12;6120914;6805066;10628658;135925;6155210;11750041;234364;0;551
FR;2;2022-05-20;107;180;874;1701;110;779;1849;0;17;6121021;6805246;10629532;137626;6155320;11750820;236213;0;568
FR;2;2022-05-21;48;96;398;517;71;339;581;0;8;6121069;6805342;10629930;138143;6155391;11751159;236794;0;576
FR;2;2022-05-22;8;23;69;37;18;57;56;0;0;6121077;6805365;10629999;138180;6155409;11751216;236850;0;576
FR;2;2022-05-23;86;133;498;931;100;469;967;0;7;6121163;6805498;10630497;139111;6155509;11751685;237817;0;583
FR;2;2022-05-24;87;164;627;1626;103;615;1680;0;17;6121250;6805662;10631124;140737;6155612;11752300;239497;0;600
FR;2;2022-05-25;72;146;539;1148;90;494;1259;0;5;6121322;6805808;10631663;141885;6155702;11752794;240756;0;605
FR;2;2022-05-26;11;31;77;45;13;85;56;0;1;6121333;6805839;10631740;141930;6155715;11752879;240812;0;606
FR;2;2022-05-27;44;124;456;818;68;438;893;0;9;6121377;6805963;10632196;142748;6155783;11753317;241705;0;615
FR;2;2022-05-28;28;60;221;244;29;221;266;0;1;6121405;6806023;10632417;142992;6155812;11753538;241971;0;616
FR;2;2022-05-29;13;34;43;25;22;51;28;0;0;6121418;6806057;10632460;143017;6155834;11753589;241999;0;616
FR;2;2022-05-30;65;109;424;755;60;409;806;0;6;6121483;6806166;10632884;143772;6155894;11753998;242805;0;622
FR;2;2022-05-31;76;135;564;1277;92;511;1303;0;12;6121559;6806301;10633448;145049;6155986;11754509;244108;0;634
FR;2;2022-06-01;59;158;562;1075;84;541;1170;0;6;6121618;6806459;10634010;146124;6156070;11755050;245278;0;640
FR;2;2022-06-02;92;178;625;1413;109;592;1519;0;12;6121710;6806637;10634635;147537;6156179;11755642;246797;0;652
FR;2;2022-06-03;71;155;668;1604;95;594;1693;0;19;6121781;6806792;10635303;149141;6156274;11756236;248490;0;671
FR;2;2022-06-04;69;93;283;433;66;269;475;0;11;6121850;6806885;10635586;149574;6156340;11756505;248965;0;682
FR;2;2022-06-05;12;17;63;57;16;47;74;0;1;6121862;6806902;10635649;149631;6156356;11756552;249039;0;683
FR;2;2022-06-06;12;39;92;76;28;92;80;0;4;6121874;6806941;10635741;149707;6156384;11756644;249119;0;687
FR;2;2022-06-07;99;222;667;1535;155;577;1661;0;10;6121973;6807163;10636408;151242;6156539;11757221;250780;0;697
FR;2;2022-06-08;70;118;476;1166;76;411;1262;0;5;6122043;6807281;10636884;152408;6156615;11757632;252042;0;702
FR;2;2022-06-09;93;166;613;1922;107;571;1927;0;18;6122136;6807447;10637497;154330;6156722;11758203;253969;0;720
FR;2;2022-06-10;91;167;650;1683;107;621;1774;0;23;6122227;6807614;10638147;156013;6156829;11758824;255743;0;743
FR;2;2022-06-11;44;84;287;529;41;258;583;0;5;6122271;6807698;10638434;156542;6156870;11759082;256326;0;748
FR;2;2022-06-12;18;38;58;78;27;60;78;0;0;6122289;6807736;10638492;156620;6156897;11759142;256404;0;748
FR;2;2022-06-13;39;119;395;953;63;378;1021;0;6;6122328;6807855;10638887;157573;6156960;11759520;257425;0;754
FR;2;2022-06-14;68;157;599;2088;101;537;2189;0;14;6122396;6808012;10639486;159661;6157061;11760057;259614;0;768
FR;2;2022-06-15;78;104;520;1503;84;444;1638;0;10;6122474;6808116;10640006;161164;6157145;11760501;261252;0;778
FR;2;2022-06-16;127;127;496;1411;122;423;1526;0;12;6122601;6808243;10640502;162575;6157267;11760924;262778;0;790
FR;2;2022-06-17;73;137;588;1817;87;515;1921;0;16;6122674;6808380;10641090;164392;6157354;11761439;264699;0;806
FR;2;2022-06-18;76;93;224;578;81;196;629;0;4;6122750;6808473;10641314;164970;6157435;11761635;265328;0;810
FR;2;2022-06-19;11;17;53;71;7;41;90;0;2;6122761;6808490;10641367;165041;6157442;11761676;265418;0;812
FR;2;2022-06-20;62;125;401;1028;72;392;1105;0;10;6122823;6808615;10641768;166069;6157514;11762068;266523;0;822
FR;2;2022-06-21;107;115;526;2125;104;455;2162;0;22;6122930;6808730;10642294;168194;6157618;11762523;268685;0;844
FR;2;2022-06-22;39;110;462;1889;57;415;1971;0;25;6122969;6808840;10642756;170083;6157675;11762938;270656;0;869
FR;2;2022-06-23;58;108;537;2282;67;452;2400;0;30;6123027;6808948;10643293;172365;6157742;11763390;273056;0;899
FR;2;2022-06-24;66;122;709;3198;65;571;3338;0;38;6123093;6809070;10644002;175563;6157807;11763961;276394;0;937
FR;2;2022-06-25;30;90;298;987;55;254;1040;0;13;6123123;6809160;10644300;176550;6157862;11764215;277434;0;950
FR;2;2022-06-26;30;27;131;194;29;97;236;0;5;6123153;6809187;10644431;176744;6157891;11764312;277670;0;955
FR;2;2022-06-27;79;137;582;2489;94;483;2622;0;39;6123232;6809324;10645013;179233;6157985;11764795;280292;0;994
FR;2;2022-06-28;108;140;812;4817;80;650;4894;0;54;6123340;6809464;10645825;184050;6158065;11765445;285186;0;1048
FR;2;2022-06-29;73;150;776;4433;80;637;4529;0;56;6123413;6809614;10646601;188483;6158145;11766082;289715;0;1104
FR;2;2022-06-30;72;133;832;5177;71;618;5397;0;79;6123485;6809747;10647433;193660;6158216;11766700;295112;0;1183
FR;2;2022-07-01;113;161;1153;6691;95;853;6944;0;92;6123598;6809908;10648586;200351;6158311;11767553;302056;0;1275
FR;2;2022-07-02;69;132;474;1976;82;392;2067;0;27;6123667;6810040;10649060;202327;6158393;11767945;304123;0;1302
FR;2;2022-07-03;23;30;146;334;21;130;357;0;8;6123690;6810070;10649206;202661;6158414;11768075;304480;0;1310
FR;2;2022-07-04;120;183;775;3785;111;612;3972;0;49;6123810;6810253;10649981;206446;6158525;11768687;308452;0;1359
FR;2;2022-07-05;119;187;1121;6818;120;828;6999;0;85;6123929;6810440;10651102;213264;6158645;11769515;315451;0;1444
FR;2;2022-07-06;92;150;951;5807;93;697;5933;0;84;6124021;6810590;10652053;219071;6158738;11770212;321384;0;1528
FR;2;2022-07-07;81;185;1020;6501;115;751;6732;0;101;6124102;6810775;10653073;225572;6158853;11770963;328116;0;1629
FR;2;2022-07-08;65;122;1095;7044;51;758;7235;0;123;6124167;6810897;10654168;232616;6158904;11771721;335351;0;1752
FR;2;2022-07-09;34;62;418;1869;31;299;1920;0;33;6124201;6810959;10654586;234485;6158935;11772020;337271;0;1785
FR;2;2022-07-10;6;17;97;315;8;83;327;0;5;6124207;6810976;10654683;234800;6158943;11772103;337598;0;1790
FR;2;2022-07-11;68;120;683;3825;75;540;3901;0;67;6124275;6811096;10655366;238625;6159018;11772643;341499;0;1857
FR;2;2022-07-12;102;180;1054;6517;107;809;6725;0;119;6124377;6811276;10656420;245142;6159125;11773452;348224;0;1976
FR;2;2022-07-13;64;127;879;4664;75;591;4830;0;78;6124441;6811403;10657299;249806;6159200;11774043;353054;0;2054
FR;2;2022-07-14;6;13;88;249;8;59;268;0;8;6124447;6811416;10657387;250055;6159208;11774102;353322;0;2062
FR;2;2022-07-15;61;129;739;3793;53;560;3959;0;75;6124508;6811545;10658126;253848;6159261;11774662;357281;0;2137
FR;2;2022-07-16;27;54;289;1029;30;242;1075;0;25;6124535;6811599;10658415;254877;6159291;11774904;358356;0;2162
FR;2;2022-07-17;5;12;78;201;6;67;207;0;6;6124540;6811611;10658493;255078;6159297;11774971;358563;0;2168
FR;2;2022-07-18;57;103;514;2509;61;384;2648;0;59;6124597;6811714;10659007;257587;6159358;11775355;361211;0;2227
FR;2;2022-07-19;66;133;770;4254;72;555;4443;0;72;6124663;6811847;10659777;261841;6159430;11775910;365654;0;2299
FR;2;2022-07-20;59;117;582;3179;68;430;3278;0;87;6124722;6811964;10660359;265020;6159498;11776340;368932;0;2386
FR;2;2022-07-21;60;110;671;3680;73;485;3797;0;105;6124782;6812074;10661030;268700;6159571;11776825;372729;0;2491
FR;2;2022-07-22;51;99;698;3548;48;506;3697;0;80;6124833;6812173;10661728;272248;6159619;11777331;376426;0;2571
FR;2;2022-07-23;39;97;290;1173;52;229;1226;0;37;6124872;6812270;10662018;273421;6159671;11777560;377652;0;2608
FR;2;2022-07-24;14;24;69;201;19;68;203;0;7;6124886;6812294;10662087;273622;6159690;11777628;377855;0;2615
FR;2;2022-07-25;50;71;405;1938;60;300;2000;0;56;6124936;6812365;10662492;275560;6159750;11777928;379855;0;2671
FR;2;2022-07-26;57;133;606;3423;66;477;3496;0;113;6124993;6812498;10663098;278983;6159816;11778405;383351;0;2784
FR;2;2022-07-27;42;81;457;2782;50;361;2801;0;89;6125035;6812579;10663555;281765;6159866;11778766;386152;0;2873
FR;2;2022-07-28;29;75;450;2486;36;357;2490;0;78;6125064;6812654;10664005;284251;6159902;11779123;388642;0;2951
FR;2;2022-07-29;68;88;535;2857;63;347;2978;0;73;6125132;6812742;10664540;287108;6159965;11779470;391620;0;3024
FR;2;2022-07-30;22;39;162;775;32;110;794;0;24;6125154;6812781;10664702;287883;6159997;11779580;392414;0;3048
FR;2;2022-07-31;6;13;27;104;12;21;110;0;2;6125160;6812794;10664729;287987;6160009;11779601;392524;0;3050
FR;2;2022-08-01;38;105;323;1261;73;260;1343;0;29;6125198;6812899;10665052;289248;6160082;11779861;393867;0;3079
FR;2;2022-08-02;49;75;325;2061;50;247;2097;0;78;6125247;6812974;10665377;291309;6160132;11780108;395964;0;3157
FR;2;2022-08-03;29;53;259;1611;25;187;1617;0;57;6125276;6813027;10665636;292920;6160157;11780295;397581;0;3214
FR;2;2022-08-04;40;65;306;1692;39;240;1701;0;66;6125316;6813092;10665942;294612;6160196;11780535;399282;0;3280
FR;2;2022-08-05;33;94;328;1880;67;236;1911;0;60;6125349;6813186;10666270;296492;6160263;11780771;401193;0;3340
FR;2;2022-08-06;22;41;106;365;29;82;372;0;10;6125371;6813227;10666376;296857;6160292;11780853;401565;0;3350
FR;2;2022-08-07;7;8;15;69;5;16;71;0;3;6125378;6813235;10666391;296926;6160297;11780869;401636;0;3353
FR;2;2022-08-08;19;35;218;877;22;146;915;0;33;6125397;6813270;10666609;297803;6160319;11781015;402551;0;3386
FR;2;2022-08-09;29;52;279;1475;41;238;1471;0;50;6125426;6813322;10666888;299278;6160360;11781253;404022;0;3436
FR;2;2022-08-10;16;21;213;1134;18;150;1155;0;46;6125442;6813343;10667101;300412;6160378;11781403;405177;0;3482
FR;2;2022-08-11;21;41;174;1039;26;117;1048;0;40;6125463;6813384;10667275;301451;6160404;11781520;406225;0;3522
FR;2;2022-08-12;36;49;184;1046;37;140;1069;0;35;6125499;6813433;10667459;302497;6160441;11781660;407294;0;3557
FR;2;2022-08-13;9;19;47;149;15;53;137;0;5;6125508;6813452;10667506;302646;6160456;11781713;407431;0;3562
FR;2;2022-08-14;1;2;12;52;1;11;54;0;1;6125509;6813454;10667518;302698;6160457;11781724;407485;0;3563
FR;2;2022-08-15;0;5;32;22;2;21;21;0;3;6125509;6813459;10667550;302720;6160459;11781745;407506;0;3566
FR;2;2022-08-16;27;32;144;681;33;120;678;0;33;6125536;6813491;10667694;303401;6160492;11781865;408184;0;3599
FR;2;2022-08-17;17;26;109;738;18;88;744;0;34;6125553;6813517;10667803;304139;6160510;11781953;408928;0;3633
FR;2;2022-08-18;14;28;160;836;12;107;852;0;42;6125567;6813545;10667963;304975;6160522;11782060;409780;0;3675
FR;2;2022-08-19;8;38;118;706;31;88;706;0;33;6125575;6813583;10668081;305681;6160553;11782148;410486;0;3708
FR;2;2022-08-20;6;26;61;197;16;52;201;0;8;6125581;6813609;10668142;305878;6160569;11782200;410687;0;3716
FR;2;2022-08-21;4;14;15;19;6;13;31;0;0;6125585;6813623;10668157;305897;6160575;11782213;410718;0;3716
FR;2;2022-08-22;11;25;116;395;17;73;451;0;13;6125596;6813648;10668273;306292;6160592;11782286;411169;0;3729
FR;2;2022-08-23;11;41;134;671;22;112;679;0;38;6125607;6813689;10668407;306963;6160614;11782398;411848;0;3767
FR;2;2022-08-24;11;28;87;466;21;80;472;0;18;6125618;6813717;10668494;307429;6160635;11782478;412320;0;3785
FR;2;2022-08-25;8;32;109;481;16;69;516;0;17;6125626;6813749;10668603;307910;6160651;11782547;412836;0;3802
FR;2;2022-08-26;15;46;117;720;36;91;713;0;32;6125641;6813795;10668720;308630;6160687;11782638;413549;0;3834
FR;2;2022-08-27;10;19;47;156;16;42;164;0;2;6125651;6813814;10668767;308786;6160703;11782680;413713;0;3836
FR;2;2022-08-28;1;5;5;15;1;7;16;0;1;6125652;6813819;10668772;308801;6160704;11782687;413729;0;3837
FR;2;2022-08-29;24;43;93;400;29;87;396;0;24;6125676;6813862;10668865;309201;6160733;11782774;414125;0;3861
FR;2;2022-08-30;31;54;154;791;34;119;798;0;29;6125707;6813916;10669019;309992;6160767;11782893;414923;0;3890
FR;2;2022-08-31;19;35;85;392;22;79;393;0;25;6125726;6813951;10669104;310384;6160789;11782972;415316;0;3915
FR;2;2022-09-01;19;42;139;600;24;122;609;0;36;6125745;6813993;10669243;310984;6160813;11783094;415925;0;3951
FR;2;2022-09-02;34;56;146;744;34;158;748;0;32;6125779;6814049;10669389;311728;6160847;11783252;416673;0;3983
FR;2;2022-09-03;17;20;83;205;11;67;213;0;7;6125796;6814069;10669472;311933;6160858;11783319;416886;0;3990
FR;2;2022-09-04;8;5;9;31;2;10;30;0;3;6125804;6814074;10669481;311964;6160860;11783329;416916;0;3993
FR;2;2022-09-05;29;29;125;367;23;96;396;0;24;6125833;6814103;10669606;312331;6160883;11783425;417312;0;4017
FR;2;2022-09-06;43;62;158;761;42;153;767;0;36;6125876;6814165;10669764;313092;6160925;11783578;418079;0;4053
FR;2;2022-09-07;21;20;74;375;16;49;387;0;22;6125897;6814185;10669838;313467;6160941;11783627;418466;0;4075
FR;2;2022-09-08;31;57;109;636;40;100;646;0;22;6125928;6814242;10669947;314103;6160981;11783727;419112;0;4097
FR;2;2022-09-09;18;24;126;753;21;74;746;0;46;6125946;6814266;10670073;314856;6161002;11783801;419858;0;4143
FR;2;2022-09-10;14;24;57;117;16;48;131;0;4;6125960;6814290;10670130;314973;6161018;11783849;419989;0;4147
FR;2;2022-09-11;12;5;11;11;3;13;13;0;0;6125972;6814295;10670141;314984;6161021;11783862;420002;0;4147
FR;2;2022-09-12;20;31;69;340;26;55;352;0;16;6125992;6814326;10670210;315324;6161047;11783917;420354;0;4163
FR;2;2022-09-13;15;34;125;670;13;99;674;0;40;6126007;6814360;10670335;315994;6161060;11784016;421028;0;4203
FR;2;2022-09-14;19;21;81;480;19;59;478;0;36;6126026;6814381;10670416;316474;6161079;11784075;421506;0;4239
FR;2;2022-09-15;22;43;126;486;25;102;493;0;47;6126048;6814424;10670542;316960;6161104;11784177;421999;0;4286
FR;2;2022-09-16;21;31;124;563;17;89;585;0;39;6126069;6814455;10670666;317523;6161121;11784266;422584;0;4325
FR;2;2022-09-17;6;20;56;160;15;52;147;0;13;6126075;6814475;10670722;317683;6161136;11784318;422731;0;4338
FR;2;2022-09-18;4;7;13;37;6;10;37;0;3;6126079;6814482;10670735;317720;6161142;11784328;422768;0;4341
FR;2;2022-09-19;26;24;114;353;16;87;381;0;22;6126105;6814506;10670849;318073;6161158;11784415;423149;0;4363
FR;2;2022-09-20;27;27;117;624;21;84;639;0;38;6126132;6814533;10670966;318697;6161179;11784499;423788;0;4401
FR;2;2022-09-21;15;30;100;393;15;78;418;0;22;6126147;6814563;10671066;319090;6161194;11784577;424206;0;4423
FR;2;2022-09-22;16;39;124;581;18;95;619;0;28;6126163;6814602;10671190;319671;6161212;11784672;424825;0;4451
FR;2;2022-09-23;21;38;135;555;22;111;570;0;39;6126184;6814640;10671325;320226;6161234;11784783;425395;0;4490
FR;2;2022-09-24;10;8;51;190;6;36;201;0;6;6126194;6814648;10671376;320416;6161240;11784819;425596;0;4496
FR;2;2022-09-25;9;11;14;29;11;11;33;0;5;6126203;6814659;10671390;320445;6161251;11784830;425629;0;4501
FR;2;2022-09-26;22;41;106;447;27;79;458;0;20;6126225;6814700;10671496;320892;6161278;11784909;426087;0;4521
FR;2;2022-09-27;30;46;161;906;35;108;861;0;52;6126255;6814746;10671657;321798;6161313;11785017;426948;0;4573
FR;2;2022-09-28;15;31;93;421;18;74;439;0;23;6126270;6814777;10671750;322219;6161331;11785091;427387;0;4596
FR;2;2022-09-29;26;48;114;618;23;110;630;0;33;6126296;6814825;10671864;322837;6161354;11785201;428017;0;4629
FR;2;2022-09-30;25;44;111;520;44;84;533;0;31;6126321;6814869;10671975;323357;6161398;11785285;428550;0;4660
FR;2;2022-10-01;11;20;51;128;20;36;129;0;8;6126332;6814889;10672026;323485;6161418;11785321;428679;0;4668
FR;2;2022-10-02;0;5;8;21;4;5;25;0;2;6126332;6814894;10672034;323506;6161422;11785326;428704;0;4670
FR;2;2022-10-03;22;30;83;291;26;66;306;0;22;6126354;6814924;10672117;323797;6161448;11785392;429010;0;4692
FR;2;2022-10-04;17;21;106;602;19;71;621;0;46;6126371;6814945;10672223;324399;6161467;11785463;429631;0;4738
FR;2;2022-10-05;20;29;75;491;24;67;488;0;54;6126391;6814974;10672298;324890;6161491;11785530;430119;0;4792
FR;2;2022-10-06;30;23;74;442;17;71;428;0;65;6126421;6814997;10672372;325332;6161508;11785601;430547;0;4857
FR;2;2022-10-07;21;30;86;499;26;66;503;0;42;6126442;6815027;10672458;325831;6161534;11785667;431050;0;4899
FR;2;2022-10-08;12;8;23;114;3;24;108;0;12;6126454;6815035;10672481;325945;6161537;11785691;431158;0;4911
FR;2;2022-10-09;1;8;15;17;6;11;22;0;5;6126455;6815043;10672496;325962;6161543;11785702;431180;0;4916
FR;2;2022-10-10;18;24;47;223;22;49;218;0;21;6126473;6815067;10672543;326185;6161565;11785751;431398;0;4937
FR;2;2022-10-11;16;15;47;253;11;39;240;0;52;6126489;6815082;10672590;326438;6161576;11785790;431638;0;4989
FR;2;2022-10-12;8;18;52;290;14;36;305;0;56;6126497;6815100;10672642;326728;6161590;11785826;431943;0;5045
FR;2;2022-10-13;11;14;48;272;9;48;262;0;26;6126508;6815114;10672690;327000;6161599;11785874;432205;0;5071
FR;2;2022-10-14;12;28;36;229;17;39;230;0;29;6126520;6815142;10672726;327229;6161616;11785913;432435;0;5100
FR;2;2022-10-15;4;10;22;111;4;17;113;0;15;6126524;6815152;10672748;327340;6161620;11785930;432548;0;5115
FR;2;2022-10-16;0;6;4;10;5;7;8;0;0;6126524;6815158;10672752;327350;6161625;11785937;432556;0;5115
FR;2;2022-10-17;15;17;31;121;16;26;131;0;29;6126539;6815175;10672783;327471;6161641;11785963;432687;0;5144
FR;2;2022-10-18;13;11;68;181;5;34;217;0;41;6126552;6815186;10672851;327652;6161646;11785997;432904;0;5185
FR;2;2022-10-19;8;17;36;182;12;30;184;0;42;6126560;6815203;10672887;327834;6161658;11786027;433088;0;5227
FR;2;2022-10-20;11;29;41;200;15;40;196;0;52;6126571;6815232;10672928;328034;6161673;11786067;433284;0;5279
FR;2;2022-10-21;5;15;60;232;6;53;222;0;30;6126576;6815247;10672988;328266;6161679;11786120;433506;0;5309
FR;2;2022-10-22;8;7;25;101;2;23;102;0;20;6126584;6815254;10673013;328367;6161681;11786143;433608;0;5329
FR;2;2022-10-23;0;3;1;5;3;0;6;0;2;6126584;6815257;10673014;328372;6161684;11786143;433614;0;5331
FR;2;2022-10-24;12;12;16;109;12;16;112;0;20;6126596;6815269;10673030;328481;6161696;11786159;433726;0;5351
FR;2;2022-10-25;12;7;23;138;6;15;145;0;51;6126608;6815276;10673053;328619;6161702;11786174;433871;0;5402
FR;2;2022-10-26;4;3;16;90;2;11;95;0;27;6126612;6815279;10673069;328709;6161704;11786185;433966;0;5429
FR;2;2022-10-27;7;9;18;88;9;20;71;0;27;6126619;6815288;10673087;328797;6161713;11786205;434037;0;5456
FR;2;2022-10-28;5;3;15;91;3;7;92;0;27;6126624;6815291;10673102;328888;6161716;11786212;434129;0;5483
FR;2;2022-10-29;7;8;18;33;6;14;37;0;8;6126631;6815299;10673120;328921;6161722;11786226;434166;0;5491
FR;2;2022-10-30;3;7;5;8;5;2;5;0;1;6126634;6815306;10673125;328929;6161727;11786228;434171;0;5492
FR;2;2022-10-31;2;8;6;49;6;10;48;0;11;6126636;6815314;10673131;328978;6161733;11786238;434219;0;5503
FR;2;2022-11-01;0;0;7;1;0;5;3;0;0;6126636;6815314;10673138;328979;6161733;11786243;434222;0;5503
FR;2;2022-11-02;6;5;12;44;5;12;45;0;11;6126642;6815319;10673150;329023;6161738;11786255;434267;0;5514
FR;2;2022-11-03;6;7;15;77;6;10;74;0;18;6126648;6815326;10673165;329100;6161744;11786265;434341;0;5532
FR;2;2022-11-04;7;12;14;85;10;14;92;0;10;6126655;6815338;10673179;329185;6161754;11786279;434433;0;5542
FR;2;2022-11-05;0;11;12;38;6;16;35;0;6;6126655;6815349;10673191;329223;6161760;11786295;434468;0;5548
FR;2;2022-11-06;0;2;2;1;0;4;0;0;2;6126655;6815351;10673193;329224;6161760;11786299;434468;0;5550
FR;2;2022-11-07;11;7;14;66;5;13;65;0;20;6126666;6815358;10673207;329290;6161765;11786312;434533;0;5570
FR;2;2022-11-08;10;6;18;58;4;14;65;0;27;6126676;6815364;10673225;329348;6161769;11786326;434598;0;5597
FR;2;2022-11-09;4;5;17;56;2;17;50;0;28;6126680;6815369;10673242;329404;6161771;11786343;434648;0;5625
FR;2;2022-11-10;7;10;17;74;7;14;76;0;14;6126687;6815379;10673259;329478;6161778;11786357;434724;0;5639
FR;2;2022-11-11;0;3;7;3;0;8;4;0;0;6126687;6815382;10673266;329481;6161778;11786365;434728;0;5639
FR;2;2022-11-12;2;5;7;19;4;7;19;0;4;6126689;6815387;10673273;329500;6161782;11786372;434747;0;5643
FR;2;2022-11-13;3;2;3;2;1;4;1;0;0;6126692;6815389;10673276;329502;6161783;11786376;434748;0;5643
FR;2;2022-11-14;4;6;11;29;3;8;33;0;7;6126696;6815395;10673287;329531;6161786;11786384;434781;0;5650
FR;2;2022-11-15;8;12;14;35;13;17;32;0;7;6126704;6815407;10673301;329566;6161799;11786401;434813;0;5657
FR;2;2022-11-16;4;3;4;45;3;4;46;0;18;6126708;6815410;10673305;329611;6161802;11786405;434859;0;5675
FR;2;2022-11-17;2;6;11;53;5;8;52;0;22;6126710;6815416;10673316;329664;6161807;11786413;434911;0;5697
FR;2;2022-11-18;3;4;7;41;4;6;44;0;10;6126713;6815420;10673323;329705;6161811;11786419;434955;0;5707
FR;2;2022-11-19;3;2;2;25;2;3;18;0;5;6126716;6815422;10673325;329730;6161813;11786422;434973;0;5712
FR;2;2022-11-20;0;2;6;8;2;6;10;0;25;6126716;6815424;10673331;329738;6161815;11786428;434983;0;5737
FR;2;2022-11-21;6;10;9;31;7;8;34;0;22;6126722;6815434;10673340;329769;6161822;11786436;435017;0;5759
FR;2;2022-11-22;8;8;20;65;6;21;70;0;71;6126730;6815442;10673360;329834;6161828;11786457;435087;0;5830
FR;2;2022-11-23;7;6;8;67;3;5;72;0;8;6126737;6815448;10673368;329901;6161831;11786462;435159;0;5838
FR;2;2022-11-24;2;2;11;50;2;7;57;0;10;6126739;6815450;10673379;329951;6161833;11786469;435216;0;5848
FR;2;2022-11-25;11;8;11;25;11;13;26;0;8;6126750;6815458;10673390;329976;6161844;11786482;435242;0;5856
FR;2;2022-11-26;1;5;4;8;4;7;6;0;0;6126751;6815463;10673394;329984;6161848;11786489;435248;0;5856
FR;2;2022-11-27;2;2;12;2;0;11;4;0;1;6126753;6815465;10673406;329986;6161848;11786500;435252;0;5857
FR;2;2022-11-28;0;2;7;35;1;5;37;0;5;6126753;6815467;10673413;330021;6161849;11786505;435289;0;5862
FR;2;2022-11-29;1;1;9;24;0;3;30;0;8;6126754;6815468;10673422;330045;6161849;11786508;435319;0;5870
FR;2;2022-11-30;2;1;9;47;0;10;44;0;21;6126756;6815469;10673431;330092;6161849;11786518;435363;0;5891
FR;2;2022-12-01;2;7;4;59;4;12;50;0;24;6126758;6815476;10673435;330151;6161853;11786530;435413;0;5915
FR;2;2022-12-02;1;2;12;52;2;10;52;0;27;6126759;6815478;10673447;330203;6161855;11786540;435465;0;5942
FR;2;2022-12-03;1;3;6;19;1;6;18;0;10;6126760;6815481;10673453;330222;6161856;11786546;435483;0;5952
FR;2;2022-12-04;0;0;0;4;0;0;4;0;0;6126760;6815481;10673453;330226;6161856;11786546;435487;0;5952
FR;2;2022-12-05;3;3;7;50;6;4;43;0;16;6126763;6815484;10673460;330276;6161862;11786550;435530;0;5968
FR;2;2022-12-06;3;4;13;42;3;6;44;0;17;6126766;6815488;10673473;330318;6161865;11786556;435574;0;5985
FR;2;2022-12-07;1;3;8;42;2;6;44;0;11;6126767;6815491;10673481;330360;6161867;11786562;435618;0;5996
FR;2;2022-12-08;0;2;10;44;0;5;49;0;16;6126767;6815493;10673491;330404;6161867;11786567;435667;0;6012
FR;2;2022-12-09;0;1;10;52;0;7;56;0;16;6126767;6815494;10673501;330456;6161867;11786574;435723;0;6028
FR;2;2022-12-10;0;1;8;48;0;1;48;0;8;6126767;6815495;10673509;330504;6161867;11786575;435771;0;6036
FR;2;2022-12-11;0;0;2;2;0;2;1;0;3;6126767;6815495;10673511;330506;6161867;11786577;435772;0;6039
FR;2;2022-12-12;0;0;4;36;0;4;35;0;10;6126767;6815495;10673515;330542;6161867;11786581;435807;0;6049
FR;2;2022-12-13;0;2;1;37;1;1;36;0;14;6126767;6815497;10673516;330579;6161868;11786582;435843;0;6063
FR;2;2022-12-14;0;2;6;25;2;2;30;0;13;6126767;6815499;10673522;330604;6161870;11786584;435873;0;6076
FR;2;2022-12-15;0;4;9;43;4;6;44;0;17;6126767;6815503;10673531;330647;6161874;11786590;435917;0;6093
FR;2;2022-12-16;2;4;14;55;3;10;59;0;15;6126769;6815507;10673545;330702;6161877;11786600;435976;0;6108
FR;2;2022-12-17;1;3;6;44;3;1;39;0;5;6126770;6815510;10673551;330746;6161880;11786601;436015;0;6113
FR;2;2022-12-18;1;0;0;0;0;0;0;0;1;6126771;6815510;10673551;330746;6161880;11786601;436015;0;6114
FR;2;2022-12-19;5;1;1;29;0;2;23;0;23;6126776;6815511;10673552;330775;6161880;11786603;436038;0;6137
FR;2;2022-12-20;0;1;3;34;0;2;36;0;24;6126776;6815512;10673555;330809;6161880;11786605;436074;0;6161
FR;2;2022-12-21;0;0;2;13;0;2;13;0;8;6126776;6815512;10673557;330822;6161880;11786607;436087;0;6169
FR;2;2022-12-22;0;4;2;26;2;3;26;0;10;6126776;6815516;10673559;330848;6161882;11786610;436113;0;6179
FR;2;2022-12-23;1;3;2;13;1;4;12;0;4;6126777;6815519;10673561;330861;6161883;11786614;436125;0;6183
FR;2;2022-12-24;0;0;1;1;0;1;1;0;0;6126777;6815519;10673562;330862;6161883;11786615;436126;0;6183
FR;2;2022-12-25;0;0;1;2;0;0;3;0;0;6126777;6815519;10673563;330864;6161883;11786615;436129;0;6183
FR;2;2022-12-26;0;0;4;11;0;2;11;0;3;6126777;6815519;10673567;330875;6161883;11786617;436140;0;6186
FR;2;2022-12-27;0;1;4;6;1;3;7;0;4;6126777;6815520;10673571;330881;6161884;11786620;436147;0;6190
FR;2;2022-12-28;0;1;2;10;1;1;11;0;2;6126777;6815521;10673573;330891;6161885;11786621;436158;0;6192
FR;3;2020-12-27;0;0;0;0;0;0;0;0;0;0;0;0;0;0;0;0;0;0
FR;3;2020-12-28;0;0;0;0;0;0;0;0;0;0;0;0;0;0;0;0;0;0
FR;3;2020-12-29;0;0;0;0;0;0;0;0;0;0;0;0;0;0;0;0;0;0
FR;3;2020-12-30;0;0;0;0;0;0;0;0;0;0;0;0;0;0;0;0;0;0
FR;3;2020-12-31;0;0;0;0;0;0;0;0;0;0;0;0;0;0;0;0;0;0
FR;3;2021-01-01;0;0;0;0;0;0;0;0;0;0;0;0;0;0;0;0;0;0
FR;3;2021-01-02;0;0;0;0;0;0;0;0;0;0;0;0;0;0;0;0;0;0
FR;3;2021-01-03;0;0;0;0;0;0;0;0;0;0;0;0;0;0;0;0;0;0
FR;3;2021-01-04;0;0;0;0;0;0;0;0;0;0;0;0;0;0;0;0;0;0
FR;3;2021-01-05;0;0;0;0;0;0;0;0;0;0;0;0;0;0;0;0;0;0
FR;3;2021-01-06;0;0;0;0;0;0;0;0;0;0;0;0;0;0;0;0;0;0
FR;3;2021-01-07;0;0;0;0;0;0;0;0;0;0;0;0;0;0;0;0;0;0
FR;3;2021-01-08;0;0;0;0;0;0;0;0;0;0;0;0;0;0;0;0;0;0
FR;3;2021-01-09;0;0;0;0;0;0;0;0;0;0;0;0;0;0;0;0;0;0
FR;3;2021-01-10;0;0;0;0;0;0;0;0;0;0;0;0;0;0;0;0;0;0
FR;3;2021-01-11;0;0;0;0;0;0;0;0;0;0;0;0;0;0;0;0;0;0
FR;3;2021-01-12;0;0;0;0;0;0;0;0;0;0;0;0;0;0;0;0;0;0
FR;3;2021-01-13;0;0;0;0;0;0;0;0;0;0;0;0;0;0;0;0;0;0
FR;3;2021-01-14;0;0;0;0;0;0;0;0;0;0;0;0;0;0;0;0;0;0
FR;3;2021-01-15;0;0;0;0;0;0;0;0;0;0;0;0;0;0;0;0;0;0
FR;3;2021-01-16;0;0;0;0;0;0;0;0;0;0;0;0;0;0;0;0;0;0
FR;3;2021-01-17;0;0;0;0;0;0;0;0;0;0;0;0;0;0;0;0;0;0
FR;3;2021-01-18;0;0;0;0;0;0;0;0;0;0;0;0;0;0;0;0;0;0
FR;3;2021-01-19;0;0;0;0;0;0;0;0;0;0;0;0;0;0;0;0;0;0
FR;3;2021-01-20;0;0;0;0;0;0;0;0;0;0;0;0;0;0;0;0;0;0
FR;3;2021-01-21;0;0;0;0;0;0;0;0;0;0;0;0;0;0;0;0;0;0
FR;3;2021-01-22;0;0;0;0;0;0;0;0;0;0;0;0;0;0;0;0;0;0
FR;3;2021-01-23;0;0;0;0;0;0;0;0;0;0;0;0;0;0;0;0;0;0
FR;3;2021-01-24;0;0;0;0;0;0;0;0;0;0;0;0;0;0;0;0;0;0
FR;3;2021-01-25;0;0;0;0;0;0;0;0;0;0;0;0;0;0;0;0;0;0
FR;3;2021-01-26;0;0;0;0;0;0;0;0;0;0;0;0;0;0;0;0;0;0
FR;3;2021-01-27;0;0;0;0;0;0;0;0;0;0;0;0;0;0;0;0;0;0
FR;3;2021-01-28;0;0;0;0;0;0;0;0;0;0;0;0;0;0;0;0;0;0
FR;3;2021-01-29;0;0;0;0;0;0;0;0;0;0;0;0;0;0;0;0;0;0
FR;3;2021-01-30;0;0;0;0;0;0;0;0;0;0;0;0;0;0;0;0;0;0
FR;3;2021-01-31;0;0;0;0;0;0;0;0;0;0;0;0;0;0;0;0;0;0
FR;3;2021-02-01;0;0;0;0;0;0;0;0;0;0;0;0;0;0;0;0;0;0
FR;3;2021-02-02;0;0;0;0;0;0;0;0;0;0;0;0;0;0;0;0;0;0
FR;3;2021-02-03;0;0;0;0;0;0;0;0;0;0;0;0;0;0;0;0;0;0
FR;3;2021-02-04;0;0;0;0;0;0;0;0;0;0;0;0;0;0;0;0;0;0
FR;3;2021-02-05;0;0;0;0;0;0;0;0;0;0;0;0;0;0;0;0;0;0
FR;3;2021-02-06;1488;0;0;0;106;0;0;0;0;1488;0;0;0;106;0;0;0;0
FR;3;2021-02-07;1423;2;0;0;87;0;0;0;0;2911;2;0;0;193;0;0;0;0
FR;3;2021-02-08;2789;1;0;0;177;0;0;0;0;5700;3;0;0;370;0;0;0;0
FR;3;2021-02-09;6786;0;0;0;502;0;0;0;0;12486;3;0;0;872;0;0;0;0
FR;3;2021-02-10;9611;0;0;0;695;0;0;0;0;22097;3;0;0;1567;0;0;0;0
FR;3;2021-02-11;13620;4;0;0;920;0;0;0;0;35717;7;0;0;2487;0;0;0;0
FR;3;2021-02-12;13410;0;0;0;907;0;0;0;0;49127;7;0;0;3394;0;0;0;0
FR;3;2021-02-13;3799;1;0;0;218;0;0;0;0;52926;8;0;0;3612;0;0;0;0
FR;3;2021-02-14;975;1;0;0;53;0;0;0;0;53901;9;0;0;3665;0;0;0;0
FR;3;2021-02-15;10495;2;0;0;719;0;0;0;0;64396;11;0;0;4384;0;0;0;0
FR;3;2021-02-16;12556;5;0;0;871;0;0;0;0;76952;16;0;0;5255;0;0;0;0
FR;3;2021-02-17;11158;1;0;0;716;0;0;0;0;88110;17;0;0;5971;0;0;0;0
FR;3;2021-02-18;14943;2;0;0;985;0;0;0;0;103053;19;0;0;6956;0;0;0;0
FR;3;2021-02-19;14364;1;0;0;846;0;0;0;0;117417;20;0;0;7802;0;0;0;0
FR;3;2021-02-20;3330;0;0;0;178;0;0;0;0;120747;20;0;0;7980;0;0;0;0
FR;3;2021-02-21;619;0;0;0;35;0;0;0;0;121366;20;0;0;8015;0;0;0;0
FR;3;2021-02-22;9171;1;0;0;654;0;0;0;0;130537;21;0;0;8669;0;0;0;0
FR;3;2021-02-23;11403;5;0;0;759;0;0;0;0;141940;26;0;0;9428;0;0;0;0
FR;3;2021-02-24;14306;1;0;0;829;0;0;0;0;156246;27;0;0;10257;0;0;0;0
FR;3;2021-02-25;44935;3;0;0;1814;0;0;0;0;201181;30;0;0;12071;0;0;0;0
FR;3;2021-02-26;61890;9;0;0;2200;0;0;0;0;263071;39;0;0;14271;0;0;0;0
FR;3;2021-02-27;34810;14;0;0;1028;0;0;0;0;297881;53;0;0;15299;0;0;0;0
FR;3;2021-02-28;2464;0;0;0;114;0;0;0;0;300345;53;0;0;15413;0;0;0;0
FR;3;2021-03-01;20520;21;0;0;1067;0;0;0;0;320865;74;0;0;16480;0;0;0;0
FR;3;2021-03-02;38877;25;0;0;1789;0;0;0;0;359742;99;0;0;18269;0;0;0;0
FR;3;2021-03-03;48748;19;0;0;2132;0;0;0;0;408490;118;0;0;20401;0;0;0;0
FR;3;2021-03-04;82229;25;0;0;3194;0;0;0;0;490719;143;0;0;23595;0;0;0;0
FR;3;2021-03-05;118136;40;0;0;4690;0;0;0;0;608855;183;0;0;28285;0;0;0;0
FR;3;2021-03-06;120726;65;1;0;3560;0;0;0;0;729581;248;1;0;31845;0;0;0;0
FR;3;2021-03-07;55184;23;0;0;1729;0;0;0;0;784765;271;1;0;33574;0;0;0;0
FR;3;2021-03-08;42814;29;0;0;2074;0;0;0;0;827579;300;1;0;35648;0;0;0;0
FR;3;2021-03-09;78978;49;0;0;3285;0;0;0;0;906557;349;1;0;38933;0;0;0;0
FR;3;2021-03-10;80983;64;0;0;3240;0;0;0;0;987540;413;1;0;42173;0;0;0;0
FR;3;2021-03-11;128447;64;0;0;4765;0;0;0;0;1115987;477;1;0;46938;0;0;0;0
FR;3;2021-03-12;182722;120;0;0;6277;0;0;0;0;1298709;597;1;0;53215;0;0;0;0
FR;3;2021-03-13;132163;85;0;0;3524;0;0;0;0;1430872;682;1;0;56739;0;0;0;0
FR;3;2021-03-14;14057;6;0;0;550;0;0;0;0;1444929;688;1;0;57289;0;0;0;0
FR;3;2021-03-15;52237;80;0;0;2095;0;0;0;0;1497166;768;1;0;59384;0;0;0;0
FR;3;2021-03-16;1219;49;0;0;103;0;0;0;0;1498385;817;1;0;59487;0;0;0;0
FR;3;2021-03-17;950;55;0;0;94;0;0;0;0;1499335;872;1;0;59581;0;0;0;0
FR;3;2021-03-18;1575;41;0;0;101;0;0;0;0;1500910;913;1;0;59682;0;0;0;0
FR;3;2021-03-19;70459;55;0;0;2059;0;0;0;0;1571369;968;1;0;61741;0;0;0;0
FR;3;2021-03-20;65241;49;0;0;1701;0;0;0;0;1636610;1017;1;0;63442;0;0;0;0
FR;3;2021-03-21;5761;8;0;0;199;0;0;0;0;1642371;1025;1;0;63641;0;0;0;0
FR;3;2021-03-22;37510;47;0;0;1051;0;0;0;0;1679881;1072;1;0;64692;0;0;0;0
FR;3;2021-03-23;84668;86;0;0;2285;0;0;0;0;1764549;1158;1;0;66977;0;0;0;0
FR;3;2021-03-24;90955;97;0;0;2489;0;0;0;0;1855504;1255;1;0;69466;0;0;0;0
FR;3;2021-03-25;150070;146;0;0;3789;0;0;0;0;2005574;1401;1;0;73255;0;0;0;0
FR;3;2021-03-26;165429;158;0;0;4151;0;0;0;0;2171003;1559;1;0;77406;0;0;0;0
FR;3;2021-03-27;68466;101;0;0;2004;0;0;0;0;2239469;1660;1;0;79410;0;0;0;0
FR;3;2021-03-28;6479;20;0;0;237;0;0;0;0;2245948;1680;1;0;79647;0;0;0;0
FR;3;2021-03-29;54170;80;0;0;1479;0;0;0;0;2300118;1760;1;0;81126;0;0;0;0
FR;3;2021-03-30;93183;103;0;0;2564;0;0;0;0;2393301;1863;1;0;83690;0;0;0;0
FR;3;2021-03-31;63544;111;0;0;1965;0;0;0;0;2456845;1974;1;0;85655;0;0;0;0
FR;3;2021-04-01;86134;112;0;0;2492;0;0;0;0;2542979;2086;1;0;88147;0;0;0;0
FR;3;2021-04-02;86912;186;0;0;2765;0;0;0;0;2629891;2272;1;0;90912;0;0;0;0
FR;3;2021-04-03;35875;131;0;0;1162;0;0;0;0;2665766;2403;1;0;92074;0;0;0;0
FR;3;2021-04-04;3577;19;0;0;164;0;0;0;0;2669343;2422;1;0;92238;0;0;0;0
FR;3;2021-04-05;4492;38;0;0;236;0;0;0;0;2673835;2460;1;0;92474;0;0;0;0
FR;3;2021-04-06;29758;104;0;0;1091;0;0;0;0;2703593;2564;1;0;93565;0;0;0;0
FR;3;2021-04-07;32348;108;0;0;1047;0;0;0;0;2735941;2672;1;0;94612;0;0;0;0
FR;3;2021-04-08;78825;268;0;0;2615;0;0;0;0;2814766;2940;1;0;97227;0;0;0;0
FR;3;2021-04-09;161760;447;0;0;5175;0;0;0;0;2976526;3387;1;0;102402;0;0;0;0
FR;3;2021-04-10;75764;360;0;0;2693;0;0;0;0;3052290;3747;1;0;105095;0;0;0;0
FR;3;2021-04-11;7314;47;0;0;305;0;0;0;0;3059604;3794;1;0;105400;0;0;0;0
FR;3;2021-04-12;51485;213;0;0;1734;0;0;0;0;3111089;4007;1;0;107134;0;0;0;0
FR;3;2021-04-13;86236;359;0;0;2906;0;0;0;0;3197325;4366;1;0;110040;0;0;0;0
FR;3;2021-04-14;67843;376;0;0;2428;0;0;0;0;3265168;4742;1;0;112468;0;0;0;0
FR;3;2021-04-15;93243;401;0;0;3439;0;0;0;0;3358411;5143;1;0;115907;0;0;0;0
FR;3;2021-04-16;112529;624;0;0;4340;0;0;0;0;3470940;5767;1;0;120247;0;0;0;0
FR;3;2021-04-17;53319;365;1;0;2272;0;0;0;0;3524259;6132;2;0;122519;0;0;0;0
FR;3;2021-04-18;9749;49;0;0;423;0;0;0;0;3534008;6181;2;0;122942;0;0;0;0
FR;3;2021-04-19;25116;283;0;0;1089;0;0;0;0;3559124;6464;2;0;124031;0;0;0;0
FR;3;2021-04-20;45675;432;0;0;1903;0;0;0;0;3604799;6896;2;0;125934;0;0;0;0
FR;3;2021-04-21;38985;543;0;0;1887;0;0;0;0;3643784;7439;2;0;127821;0;0;0;0
FR;3;2021-04-22;54723;868;0;0;2820;0;0;0;0;3698507;8307;2;0;130641;0;0;0;0
FR;3;2021-04-23;70493;1088;0;0;3689;0;0;0;0;3769000;9395;2;0;134330;0;0;0;0
FR;3;2021-04-24;37253;1090;0;0;2478;0;0;0;0;3806253;10485;2;0;136808;0;0;0;0
FR;3;2021-04-25;6213;158;0;0;446;0;0;0;0;3812466;10643;2;0;137254;0;0;0;0
FR;3;2021-04-26;19790;693;0;0;1428;0;0;0;0;3832256;11336;2;0;138682;0;0;0;0
FR;3;2021-04-27;34485;1325;0;0;2583;0;0;0;0;3866741;12661;2;0;141265;0;0;0;0
FR;3;2021-04-28;28972;2031;0;0;3148;0;0;0;0;3895713;14692;2;0;144413;0;0;0;0
FR;3;2021-04-29;45394;6108;0;0;7926;0;0;0;0;3941107;20800;2;0;152339;0;0;0;0
FR;3;2021-04-30;55465;9095;1;0;11490;0;0;0;0;3996572;29895;3;0;163829;0;0;0;0
FR;3;2021-05-01;9518;2052;0;0;2483;0;0;0;0;4006090;31947;3;0;166312;0;0;0;0
FR;3;2021-05-02;3081;470;0;0;615;0;0;0;0;4009171;32417;3;0;166927;0;0;0;0
FR;3;2021-05-03;13063;3939;0;0;4506;0;0;0;0;4022234;36356;3;0;171433;0;0;0;0
FR;3;2021-05-04;23119;8379;0;0;9445;0;0;0;0;4045353;44735;3;0;180878;0;0;0;0
FR;3;2021-05-05;18765;10806;0;0;11744;0;0;0;0;4064118;55541;3;0;192622;0;0;0;0
FR;3;2021-05-06;34632;21219;0;0;22766;0;0;0;0;4098750;76760;3;0;215388;0;0;0;0
FR;3;2021-05-07;44210;28857;0;0;31161;0;0;0;0;4142960;105617;3;0;246549;0;0;0;0
FR;3;2021-05-08;6785;9189;0;0;9552;0;0;0;0;4149745;114806;3;0;256101;0;0;0;0
FR;3;2021-05-09;1797;2668;0;0;2768;0;0;0;0;4151542;117474;3;0;258869;0;0;0;0
FR;3;2021-05-10;15001;12889;0;0;13579;0;0;0;0;4166543;130363;3;0;272448;0;0;0;0
FR;3;2021-05-11;27100;26244;0;0;27515;0;0;0;0;4193643;156607;3;0;299963;0;0;0;0
FR;3;2021-05-12;17272;28087;0;0;29022;0;0;0;0;4210915;184694;3;0;328985;0;0;0;0
FR;3;2021-05-13;2285;3514;0;0;3634;0;0;0;0;4213200;188208;3;0;332619;0;0;0;0
FR;3;2021-05-14;14521;26061;0;0;26840;0;0;0;0;4227721;214269;3;0;359459;0;0;0;0
FR;3;2021-05-15;7233;21061;0;0;21486;0;0;0;0;4234954;235330;3;0;380945;0;0;0;0
FR;3;2021-05-16;977;2643;0;0;2688;0;0;0;0;4235931;237973;3;0;383633;0;0;0;0
FR;3;2021-05-17;7966;20201;0;0;20646;0;0;0;0;4243897;258174;3;0;404279;0;0;0;0
FR;3;2021-05-18;13417;30110;0;0;30869;0;0;0;0;4257314;288284;3;0;435148;0;0;0;0
FR;3;2021-05-19;9276;30594;0;0;31185;0;0;0;0;4266590;318878;3;0;466333;0;0;0;0
FR;3;2021-05-20;12806;53799;3;0;54723;0;0;0;0;4279396;372677;6;0;521056;0;0;0;0
FR;3;2021-05-21;12770;66144;2;0;67069;0;0;0;0;4292166;438821;8;0;588125;0;0;0;0
FR;3;2021-05-22;4965;33739;1;0;34120;0;0;0;0;4297131;472560;9;0;622245;0;0;0;0
FR;3;2021-05-23;651;2667;0;0;2699;0;0;0;0;4297782;475227;9;0;624944;0;0;0;0
FR;3;2021-05-24;884;4787;0;0;4831;0;0;0;0;4298666;480014;9;0;629775;0;0;0;0
FR;3;2021-05-25;5312;46650;1;0;47047;0;0;0;0;4303978;526664;10;0;676822;0;0;0;0
FR;3;2021-05-26;4980;52130;1;0;52601;0;0;0;0;4308958;578794;11;0;729423;0;0;0;0
FR;3;2021-05-27;6336;78983;3;0;79592;0;0;0;0;4315294;657777;14;0;809015;0;0;0;0
FR;3;2021-05-28;7544;100252;2;0;101051;0;0;0;0;4322838;758029;16;0;910066;0;0;0;0
FR;3;2021-05-29;3349;61125;1;0;61505;0;0;0;0;4326187;819154;17;0;971571;0;0;0;0
FR;3;2021-05-30;551;8096;0;0;8145;0;0;0;0;4326738;827250;17;0;979716;0;0;0;0
FR;3;2021-05-31;2442;35502;3;0;35767;0;0;0;0;4329180;862752;20;0;1015483;0;0;0;0
FR;3;2021-06-01;3414;64858;10;0;65306;0;0;0;0;4332594;927610;30;0;1080789;0;0;0;0
FR;3;2021-06-02;2735;58899;6;0;59232;0;0;0;0;4335329;986509;36;0;1140021;0;0;0;0
FR;3;2021-06-03;3495;87219;10;0;87751;0;0;0;0;4338824;1073728;46;0;1227772;0;0;0;0
FR;3;2021-06-04;4121;105800;22;0;106458;0;0;0;0;4342945;1179528;68;0;1334230;0;0;0;0
FR;3;2021-06-05;1983;52580;4;0;52894;0;0;0;0;4344928;1232108;72;0;1387124;0;0;0;0
FR;3;2021-06-06;511;5284;1;0;5331;0;0;0;0;4345439;1237392;73;0;1392455;0;0;0;0
FR;3;2021-06-07;1486;30738;11;0;30918;0;0;0;0;4346925;1268130;84;0;1423373;0;0;0;0
FR;3;2021-06-08;2065;47409;18;0;47753;0;0;0;0;4348990;1315539;102;0;1471126;0;0;0;0
FR;3;2021-06-09;1794;41844;13;0;42148;0;0;0;0;4350784;1357383;115;0;1513274;0;0;0;0
FR;3;2021-06-10;2257;67682;17;0;68078;0;0;0;0;4353041;1425065;132;0;1581352;0;0;0;0
FR;3;2021-06-11;2489;96627;34;0;97099;0;0;0;0;4355530;1521692;166;0;1678451;0;0;0;0
FR;3;2021-06-12;1178;40576;6;0;40807;0;0;0;0;4356708;1562268;172;0;1719258;0;0;0;0
FR;3;2021-06-13;283;3624;3;0;3659;0;0;0;0;4356991;1565892;175;0;1722917;0;0;0;0
FR;3;2021-06-14;1048;42321;17;0;42489;0;0;0;0;4358039;1608213;192;0;1765406;0;0;0;0
FR;3;2021-06-15;1379;80369;20;0;80671;0;0;0;0;4359418;1688582;212;0;1846077;0;0;0;0
FR;3;2021-06-16;1262;65507;20;0;65779;0;0;0;0;4360680;1754089;232;0;1911856;0;0;0;0
FR;3;2021-06-17;1667;102256;41;0;102639;0;0;0;0;4362347;1856345;273;0;2014495;0;0;0;0
FR;3;2021-06-18;1872;118435;63;0;118899;0;0;0;0;4364219;1974780;336;0;2133394;0;0;0;0
FR;3;2021-06-19;803;39463;22;0;39655;0;0;0;0;4365022;2014243;358;0;2173049;0;0;0;0
FR;3;2021-06-20;161;3200;0;0;3228;0;0;0;0;4365183;2017443;358;0;2176277;0;0;0;0
FR;3;2021-06-21;773;39067;16;0;39225;0;0;0;0;4365956;2056510;374;0;2215502;0;0;0;0
FR;3;2021-06-22;1065;70044;52;0;70314;0;0;0;0;4367021;2126554;426;0;2285816;0;0;0;0
FR;3;2021-06-23;945;50831;39;0;51103;0;0;0;0;4367966;2177385;465;0;2336919;0;0;0;0
FR;3;2021-06-24;1310;77289;48;0;77661;0;0;0;0;4369276;2254674;513;0;2414580;0;0;0;0
FR;3;2021-06-25;1410;90790;73;0;91223;0;0;0;0;4370686;2345464;586;0;2505803;0;0;0;0
FR;3;2021-06-26;632;33112;29;0;33303;0;0;0;0;4371318;2378576;615;0;2539106;0;0;0;0
FR;3;2021-06-27;167;3785;1;0;3809;0;0;0;0;4371485;2382361;616;0;2542915;0;0;0;0
FR;3;2021-06-28;655;29977;27;0;30171;0;0;0;0;4372140;2412338;643;0;2573086;0;0;0;0
FR;3;2021-06-29;856;56617;95;0;56860;0;0;0;0;4372996;2468955;738;0;2629946;0;0;0;0
FR;3;2021-06-30;905;45198;93;0;45467;0;0;0;0;4373901;2514153;831;0;2675413;0;0;0;0
FR;3;2021-07-01;1164;66078;108;0;66429;0;0;0;0;4375065;2580231;939;0;2741842;0;0;0;0
FR;3;2021-07-02;1305;90506;170;0;90984;0;0;0;0;4376370;2670737;1109;0;2832826;0;0;0;0
FR;3;2021-07-03;602;31180;51;0;31380;0;0;0;0;4376972;2701917;1160;0;2864206;0;0;0;0
FR;3;2021-07-04;144;3986;3;0;4016;0;0;0;0;4377116;2705903;1163;0;2868222;0;0;0;0
FR;3;2021-07-05;613;33615;60;0;33814;0;0;0;0;4377729;2739518;1223;0;2902036;0;0;0;0
FR;3;2021-07-06;964;55929;88;0;56241;0;0;0;0;4378693;2795447;1311;0;2958277;0;0;0;0
FR;3;2021-07-07;873;42958;80;0;43255;0;0;0;0;4379566;2838405;1391;0;3001532;0;0;0;0
FR;3;2021-07-08;1127;60800;99;0;61208;0;0;0;0;4380693;2899205;1490;0;3062740;0;0;0;0
FR;3;2021-07-09;1261;68931;128;0;69399;0;0;0;0;4381954;2968136;1618;0;3132139;0;0;0;0
FR;3;2021-07-10;643;25024;59;0;25221;0;0;0;0;4382597;2993160;1677;0;3157360;0;0;0;0
FR;3;2021-07-11;132;3182;4;0;3208;0;0;0;0;4382729;2996342;1681;0;3160568;0;0;0;0
FR;3;2021-07-12;662;23633;59;0;23846;0;0;0;0;4383391;3019975;1740;0;3184414;0;0;0;0
FR;3;2021-07-13;1648;34472;90;0;34960;0;0;0;0;4385039;3054447;1830;0;3219374;0;0;0;0
FR;3;2021-07-14;271;2475;2;0;2532;0;0;0;0;4385310;3056922;1832;0;3221906;0;0;0;0
FR;3;2021-07-15;1940;30429;85;0;31005;0;0;0;0;4387250;3087351;1917;0;3252911;0;0;0;0
FR;3;2021-07-16;2520;38653;122;0;39387;0;0;0;0;4389770;3126004;2039;0;3292298;0;0;0;0
FR;3;2021-07-17;1051;13721;26;0;14029;0;0;0;0;4390821;3139725;2065;0;3306327;0;0;0;0
FR;3;2021-07-18;266;2560;3;0;2608;0;0;0;0;4391087;3142285;2068;0;3308935;0;0;0;0
FR;3;2021-07-19;1280;16908;38;0;17276;0;0;0;0;4392367;3159193;2106;0;3326211;0;0;0;0
FR;3;2021-07-20;1823;26945;98;0;27487;0;0;0;0;4394190;3186138;2204;0;3353698;0;0;0;0
FR;3;2021-07-21;1651;19508;44;0;20013;0;0;0;0;4395841;3205646;2248;0;3373711;0;0;0;0
FR;3;2021-07-22;1856;27654;83;0;28219;0;0;0;0;4397697;3233300;2331;0;3401930;0;0;0;0
FR;3;2021-07-23;2216;30222;117;0;30960;0;0;0;0;4399913;3263522;2448;0;3432890;0;0;0;0
FR;3;2021-07-24;826;6939;25;0;7162;0;0;0;0;4400739;3270461;2473;0;3440052;0;0;0;0
FR;3;2021-07-25;210;1296;1;0;1351;0;0;0;0;4400949;3271757;2474;0;3441403;0;0;0;0
FR;3;2021-07-26;932;10521;28;0;10828;0;0;0;0;4401881;3282278;2502;0;3452231;0;0;0;0
FR;3;2021-07-27;1170;16810;56;0;17175;0;0;0;0;4403051;3299088;2558;0;3469406;0;0;0;0
FR;3;2021-07-28;989;12003;40;0;12315;0;0;0;0;4404040;3311091;2598;0;3481721;0;0;0;0
FR;3;2021-07-29;1127;15693;63;0;16107;0;0;0;0;4405167;3326784;2661;0;3497828;0;0;0;0
FR;3;2021-07-30;1129;18002;79;0;18376;0;0;0;0;4406296;3344786;2740;0;3516204;0;0;0;0
FR;3;2021-07-31;406;3712;15;0;3836;0;0;0;0;4406702;3348498;2755;0;3520040;0;0;0;0
FR;3;2021-08-01;117;450;1;0;472;0;0;0;0;4406819;3348948;2756;0;3520512;0;0;0;0
FR;3;2021-08-02;423;5027;22;0;5148;0;0;0;0;4407242;3353975;2778;0;3525660;0;0;0;0
FR;3;2021-08-03;498;7475;27;0;7610;0;0;0;0;4407740;3361450;2805;0;3533270;0;0;0;0
FR;3;2021-08-04;440;4831;26;0;4977;0;0;0;0;4408180;3366281;2831;0;3538247;0;0;0;0
FR;3;2021-08-05;433;3658;13;0;3769;0;0;0;0;4408613;3369939;2844;0;3542016;0;0;0;0
FR;3;2021-08-06;456;4705;30;0;4807;0;0;0;0;4409069;3374644;2874;0;3546823;0;0;0;0
FR;3;2021-08-07;214;1901;11;0;1947;0;0;0;0;4409283;3376545;2885;0;3548770;0;0;0;0
FR;3;2021-08-08;250;424;2;0;457;0;0;0;0;4409533;3376969;2887;0;3549227;0;0;0;0
FR;3;2021-08-09;318;2380;11;0;2451;0;0;0;0;4409851;3379349;2898;0;3551678;0;0;0;0
FR;3;2021-08-10;368;3752;15;0;3841;0;0;0;0;4410219;3383101;2913;0;3555519;0;0;0;0
FR;3;2021-08-11;291;2645;15;0;2705;0;0;0;0;4410510;3385746;2928;0;3558224;0;0;0;0
FR;3;2021-08-12;279;2569;13;0;2657;0;0;0;0;4410789;3388315;2941;0;3560881;0;0;0;0
FR;3;2021-08-13;278;2257;16;0;2342;0;0;0;0;4411067;3390572;2957;0;3563223;0;0;0;0
FR;3;2021-08-14;172;879;1;0;910;0;0;0;0;4411239;3391451;2958;0;3564133;0;0;0;0
FR;3;2021-08-15;56;175;0;0;184;0;0;0;0;4411295;3391626;2958;0;3564317;0;0;0;0
FR;3;2021-08-16;126;1017;8;0;1056;0;0;0;0;4411421;3392643;2966;0;3565373;0;0;0;0
FR;3;2021-08-17;191;1432;8;0;1473;0;0;0;0;4411612;3394075;2974;0;3566846;0;0;0;0
FR;3;2021-08-18;204;1314;10;0;1356;0;0;0;0;4411816;3395389;2984;0;3568202;0;0;0;0
FR;3;2021-08-19;165;1373;10;0;1420;0;0;0;0;4411981;3396762;2994;0;3569622;0;0;0;0
FR;3;2021-08-20;167;1597;16;0;1659;0;0;0;0;4412148;3398359;3010;0;3571281;0;0;0;0
FR;3;2021-08-21;93;581;2;0;596;0;0;0;0;4412241;3398940;3012;0;3571877;0;0;0;0
FR;3;2021-08-22;42;191;1;0;194;0;0;0;0;4412283;3399131;3013;0;3572071;0;0;0;0
FR;3;2021-08-23;141;883;7;0;928;0;0;0;0;4412424;3400014;3020;0;3572999;0;0;0;0
FR;3;2021-08-24;125;927;10;0;959;0;0;0;0;4412549;3400941;3030;0;3573958;0;0;0;0
FR;3;2021-08-25;137;820;3;0;849;0;0;0;0;4412686;3401761;3033;0;3574807;0;0;0;0
FR;3;2021-08-26;172;830;9;0;878;0;0;0;0;4412858;3402591;3042;0;3575685;0;0;0;0
FR;3;2021-08-27;178;937;9;0;990;0;0;0;0;4413036;3403528;3051;0;3576675;0;0;0;0
FR;3;2021-08-28;101;371;4;0;388;0;0;0;0;4413137;3403899;3055;0;3577063;0;0;0;0
FR;3;2021-08-29;128;128;1;0;161;0;0;0;0;4413265;3404027;3056;0;3577224;0;0;0;0
FR;3;2021-08-30;100;565;0;0;472;110;0;0;0;4413365;3404592;3056;0;3577696;110;0;0;0
FR;3;2021-08-31;134;687;7;0;591;135;0;0;0;4413499;3405279;3063;0;3578287;245;0;0;0
FR;3;2021-09-01;122;458;5;0;380;107;0;0;0;4413621;3405737;3068;0;3578667;352;0;0;0
FR;3;2021-09-02;100;595;22;0;531;105;0;0;0;4413721;3406332;3090;0;3579198;457;0;0;0
FR;3;2021-09-03;116;557;17;0;480;118;0;0;0;4413837;3406889;3107;0;3579678;575;0;0;0
FR;3;2021-09-04;55;293;3;0;254;50;0;0;0;4413892;3407182;3110;0;3579932;625;0;0;0
FR;3;2021-09-05;52;67;5;0;56;26;0;0;0;4413944;3407249;3115;0;3579988;651;0;0;0
FR;3;2021-09-06;118;368;4;0;261;131;0;0;0;4414062;3407617;3119;0;3580249;782;0;0;0
FR;3;2021-09-07;124;434;14;0;349;117;0;0;0;4414186;3408051;3133;0;3580598;899;0;0;0
FR;3;2021-09-08;121;342;2;0;271;88;0;0;0;4414307;3408393;3135;0;3580869;987;0;0;0
FR;3;2021-09-09;94;379;8;0;299;103;0;0;0;4414401;3408772;3143;0;3581168;1090;0;0;0
FR;3;2021-09-10;101;399;3;0;329;93;0;0;0;4414502;3409171;3146;0;3581497;1183;0;0;0
FR;3;2021-09-11;78;232;4;0;177;65;0;0;0;4414580;3409403;3150;0;3581674;1248;0;0;0
FR;3;2021-09-12;37;48;1;0;37;16;0;0;0;4414617;3409451;3151;0;3581711;1264;0;0;0
FR;3;2021-09-13;78;301;7;0;217;103;1;0;0;4414695;3409752;3158;0;3581928;1367;1;0;0
FR;3;2021-09-14;75;273;6;0;193;94;0;0;0;4414770;3410025;3164;0;3582121;1461;1;0;0
FR;3;2021-09-15;63;255;3;0;260;6;0;0;0;4414833;3410280;3167;0;3582381;1467;1;0;0
FR;3;2021-09-16;65;321;6;0;332;6;0;0;0;4414898;3410601;3173;0;3582713;1473;1;0;0
FR;3;2021-09-17;52;328;3;0;340;6;0;0;0;4414950;3410929;3176;0;3583053;1479;1;0;0
FR;3;2021-09-18;37;172;1;0;176;1;0;0;0;4414987;3411101;3177;0;3583229;1480;1;0;0
FR;3;2021-09-19;29;31;2;0;34;1;0;0;0;4415016;3411132;3179;0;3583263;1481;1;0;0
FR;3;2021-09-20;81;190;0;0;198;1;0;0;0;4415097;3411322;3179;0;3583461;1482;1;0;0
FR;3;2021-09-21;60;271;7;0;275;8;0;0;0;4415157;3411593;3186;0;3583736;1490;1;0;0
FR;3;2021-09-22;66;230;6;0;243;7;0;0;0;4415223;3411823;3192;0;3583979;1497;1;0;0
FR;3;2021-09-23;37;259;11;0;263;7;0;0;0;4415260;3412082;3203;0;3584242;1504;1;0;0
FR;3;2021-09-24;28;320;12;0;318;18;0;0;0;4415288;3412402;3215;0;3584560;1522;1;0;0
FR;3;2021-09-25;31;144;3;0;150;3;0;0;0;4415319;3412546;3218;0;3584710;1525;1;0;0
FR;3;2021-09-26;16;57;1;0;59;1;0;0;0;4415335;3412603;3219;0;3584769;1526;1;0;0
FR;3;2021-09-27;48;283;3;0;286;5;0;0;0;4415383;3412886;3222;0;3585055;1531;1;0;0
FR;3;2021-09-28;49;245;6;0;253;8;0;0;0;4415432;3413131;3228;0;3585308;1539;1;0;0
FR;3;2021-09-29;39;219;10;0;223;15;0;0;0;4415471;3413350;3238;0;3585531;1554;1;0;0
FR;3;2021-09-30;40;201;8;0;205;11;0;0;0;4415511;3413551;3246;0;3585736;1565;1;0;0
FR;3;2021-10-01;23;159;6;0;161;8;0;0;0;4415534;3413710;3252;0;3585897;1573;1;0;0
FR;3;2021-10-02;17;86;0;0;87;0;0;0;0;4415551;3413796;3252;0;3585984;1573;1;0;0
FR;3;2021-10-03;19;19;1;0;19;2;0;0;0;4415570;3413815;3253;0;3586003;1575;1;0;0
FR;3;2021-10-04;33;157;4;0;162;4;0;0;0;4415603;3413972;3257;0;3586165;1579;1;0;0
FR;3;2021-10-05;17;148;10;0;153;12;0;0;0;4415620;3414120;3267;0;3586318;1591;1;0;0
FR;3;2021-10-06;33;143;9;0;151;10;0;0;0;4415653;3414263;3276;0;3586469;1601;1;0;0
FR;3;2021-10-07;20;131;6;0;129;6;0;0;0;4415673;3414394;3282;0;3586598;1607;1;0;0
FR;3;2021-10-08;25;136;10;0;141;9;0;0;0;4415698;3414530;3292;0;3586739;1616;1;0;0
FR;3;2021-10-09;17;72;1;0;73;1;0;0;0;4415715;3414602;3293;0;3586812;1617;1;0;0
FR;3;2021-10-10;13;17;2;0;16;3;0;0;0;4415728;3414619;3295;0;3586828;1620;1;0;0
FR;3;2021-10-11;17;115;4;0;120;5;0;0;0;4415745;3414734;3299;0;3586948;1625;1;0;0
FR;3;2021-10-12;22;99;5;0;99;5;0;0;0;4415767;3414833;3304;0;3587047;1630;1;0;0
FR;3;2021-10-13;25;114;9;0;121;7;0;0;0;4415792;3414947;3313;0;3587168;1637;1;0;0
FR;3;2021-10-14;19;139;3;0;140;4;0;0;0;4415811;3415086;3316;0;3587308;1641;1;0;0
FR;3;2021-10-15;23;141;8;0;140;13;0;0;0;4415834;3415227;3324;0;3587448;1654;1;0;0
FR;3;2021-10-16;13;66;6;0;65;8;0;0;0;4415847;3415293;3330;0;3587513;1662;1;0;0
FR;3;2021-10-17;12;24;0;0;26;0;0;0;0;4415859;3415317;3330;0;3587539;1662;1;0;0
FR;3;2021-10-18;18;112;2;0;117;2;0;0;0;4415877;3415429;3332;0;3587656;1664;1;0;0
FR;3;2021-10-19;18;112;19;0;113;21;0;0;0;4415895;3415541;3351;0;3587769;1685;1;0;0
FR;3;2021-10-20;26;127;6;0;129;7;0;0;0;4415921;3415668;3357;0;3587898;1692;1;0;0
FR;3;2021-10-21;28;120;17;0;120;13;0;0;0;4415949;3415788;3374;0;3588018;1705;1;0;0
FR;3;2021-10-22;24;107;18;0;106;21;0;0;0;4415973;3415895;3392;0;3588124;1726;1;0;0
FR;3;2021-10-23;17;53;3;0;53;2;0;0;0;4415990;3415948;3395;0;3588177;1728;1;0;0
FR;3;2021-10-24;7;36;0;0;34;0;0;0;0;4415997;3415984;3395;0;3588211;1728;1;0;0
FR;3;2021-10-25;26;141;7;0;145;7;0;0;0;4416023;3416125;3402;0;3588356;1735;1;0;0
FR;3;2021-10-26;25;96;22;0;93;19;0;0;0;4416048;3416221;3424;0;3588449;1754;1;0;0
FR;3;2021-10-27;19;93;9;0;95;9;0;0;0;4416067;3416314;3433;0;3588544;1763;1;0;0
FR;3;2021-10-28;23;113;33;0;110;36;0;0;0;4416090;3416427;3466;0;3588654;1799;1;0;0
FR;3;2021-10-29;12;100;64;0;94;54;0;0;0;4416102;3416527;3530;0;3588748;1853;1;0;0
FR;3;2021-10-30;11;62;11;1;62;10;0;0;0;4416113;3416589;3541;1;3588810;1863;1;0;0
FR;3;2021-10-31;8;25;1;0;25;1;0;0;0;4416121;3416614;3542;1;3588835;1864;1;0;0
FR;3;2021-11-01;11;22;2;0;23;1;0;0;0;4416132;3416636;3544;1;3588858;1865;1;0;0
FR;3;2021-11-02;11;101;10;0;101;12;0;0;0;4416143;3416737;3554;1;3588959;1877;1;0;0
FR;3;2021-11-03;20;107;10;0;115;10;0;0;0;4416163;3416844;3564;1;3589074;1887;1;0;0
FR;3;2021-11-04;20;89;5;0;94;4;0;0;0;4416183;3416933;3569;1;3589168;1891;1;0;0
FR;3;2021-11-05;19;119;9;1;125;6;1;0;0;4416202;3417052;3578;2;3589293;1897;2;0;0
FR;3;2021-11-06;11;55;3;0;57;3;0;0;0;4416213;3417107;3581;2;3589350;1900;2;0;0
FR;3;2021-11-07;6;23;1;0;24;1;0;0;0;4416219;3417130;3582;2;3589374;1901;2;0;0
FR;3;2021-11-08;11;128;7;0;133;5;0;0;0;4416230;3417258;3589;2;3589507;1906;2;0;0
FR;3;2021-11-09;15;122;6;0;124;6;0;0;0;4416245;3417380;3595;2;3589631;1912;2;0;0
FR;3;2021-11-10;14;137;14;0;135;15;0;0;0;4416259;3417517;3609;2;3589766;1927;2;0;0
FR;3;2021-11-11;11;49;3;0;51;3;0;0;0;4416270;3417566;3612;2;3589817;1930;2;0;0
FR;3;2021-11-12;15;127;6;0;130;4;0;0;0;4416285;3417693;3618;2;3589947;1934;2;0;0
FR;3;2021-11-13;7;67;9;0;62;10;0;0;0;4416292;3417760;3627;2;3590009;1944;2;0;0
FR;3;2021-11-14;3;24;1;0;24;1;0;0;0;4416295;3417784;3628;2;3590033;1945;2;0;0
FR;3;2021-11-15;6;162;11;0;159;12;0;0;0;4416301;3417946;3639;2;3590192;1957;2;0;0
FR;3;2021-11-16;9;125;11;0;120;10;0;0;0;4416310;3418071;3650;2;3590312;1967;2;0;0
FR;3;2021-11-17;8;134;11;0;135;8;0;0;0;4416318;3418205;3661;2;3590447;1975;2;0;0
FR;3;2021-11-18;16;135;10;0;136;11;0;0;0;4416334;3418340;3671;2;3590583;1986;2;0;0
FR;3;2021-11-19;12;181;23;0;175;28;0;0;0;4416346;3418521;3694;2;3590758;2014;2;0;0
FR;3;2021-11-20;6;100;6;0;101;6;0;0;0;4416352;3418621;3700;2;3590859;2020;2;0;0
FR;3;2021-11-21;3;25;4;0;24;4;0;0;0;4416355;3418646;3704;2;3590883;2024;2;0;0
FR;3;2021-11-22;11;188;11;0;187;11;0;0;0;4416366;3418834;3715;2;3591070;2035;2;0;0
FR;3;2021-11-23;9;184;16;0;182;15;0;0;0;4416375;3419018;3731;2;3591252;2050;2;0;0
FR;3;2021-11-24;11;187;9;0;179;17;0;0;0;4416386;3419205;3740;2;3591431;2067;2;0;0
FR;3;2021-11-25;12;205;11;0;201;11;0;0;0;4416398;3419410;3751;2;3591632;2078;2;0;0
FR;3;2021-11-26;10;256;35;0;255;33;1;0;0;4416408;3419666;3786;2;3591887;2111;3;0;0
FR;3;2021-11-27;8;128;20;0;127;21;0;0;0;4416416;3419794;3806;2;3592014;2132;3;0;0
FR;3;2021-11-28;3;59;7;0;60;7;0;0;0;4416419;3419853;3813;2;3592074;2139;3;0;0
FR;3;2021-11-29;5;222;22;0;217;23;1;0;0;4416424;3420075;3835;2;3592291;2162;4;0;0
FR;3;2021-11-30;8;296;29;0;295;32;0;0;0;4416432;3420371;3864;2;3592586;2194;4;0;0
FR;3;2021-12-01;30;323;38;0;321;40;2;0;0;4416462;3420694;3902;2;3592907;2234;6;0;0
FR;3;2021-12-02;9;350;33;0;346;36;0;0;0;4416471;3421044;3935;2;3593253;2270;6;0;0
FR;3;2021-12-03;6;380;37;0;374;38;0;0;0;4416477;3421424;3972;2;3593627;2308;6;0;0
FR;3;2021-12-04;3;211;26;0;207;28;0;0;0;4416480;3421635;3998;2;3593834;2336;6;0;0
FR;3;2021-12-05;1;61;5;0;61;5;0;0;0;4416481;3421696;4003;2;3593895;2341;6;0;0
FR;3;2021-12-06;7;374;14;0;373;15;0;0;0;4416488;3422070;4017;2;3594268;2356;6;0;0
FR;3;2021-12-07;6;425;20;0;419;24;1;0;0;4416494;3422495;4037;2;3594687;2380;7;0;0
FR;3;2021-12-08;8;386;29;0;378;30;1;0;0;4416502;3422881;4066;2;3595065;2410;8;0;0
FR;3;2021-12-09;3;441;17;0;427;22;1;0;0;4416505;3423322;4083;2;3595492;2432;9;0;0
FR;3;2021-12-10;10;460;29;0;457;25;0;0;0;4416515;3423782;4112;2;3595949;2457;9;0;0
FR;3;2021-12-11;4;303;10;0;300;9;2;0;0;4416519;3424085;4122;2;3596249;2466;11;0;0
FR;3;2021-12-12;1;99;3;0;99;3;0;0;0;4416520;3424184;4125;2;3596348;2469;11;0;0
FR;3;2021-12-13;2;446;19;0;440;21;0;0;0;4416522;3424630;4144;2;3596788;2490;11;0;0
FR;3;2021-12-14;8;561;18;0;549;21;1;0;0;4416530;3425191;4162;2;3597337;2511;12;0;0
FR;3;2021-12-15;10;535;17;0;522;21;0;0;0;4416540;3425726;4179;2;3597859;2532;12;0;0
FR;3;2021-12-16;10;551;19;0;545;18;3;0;0;4416550;3426277;4198;2;3598404;2550;15;0;0
FR;3;2021-12-17;5;616;18;0;612;19;0;0;0;4416555;3426893;4216;2;3599016;2569;15;0;0
FR;3;2021-12-18;5;355;4;0;349;5;1;0;0;4416560;3427248;4220;2;3599365;2574;16;0;0
FR;3;2021-12-19;3;184;2;0;181;2;0;0;0;4416563;3427432;4222;2;3599546;2576;16;0;0
FR;3;2021-12-20;9;587;23;0;581;28;0;0;0;4416572;3428019;4245;2;3600127;2604;16;0;0
FR;3;2021-12-21;5;674;10;0;666;13;2;0;0;4416577;3428693;4255;2;3600793;2617;18;0;0
FR;3;2021-12-22;10;630;9;0;624;10;1;0;0;4416587;3429323;4264;2;3601417;2627;19;0;0
FR;3;2021-12-23;3;560;8;0;558;8;0;0;0;4416590;3429883;4272;2;3601975;2635;19;0;0
FR;3;2021-12-24;2;236;3;0;231;6;0;0;0;4416592;3430119;4275;2;3602206;2641;19;0;0
FR;3;2021-12-25;0;24;0;0;24;0;0;0;0;4416592;3430143;4275;2;3602230;2641;19;0;0
FR;3;2021-12-26;0;88;1;0;88;1;0;0;0;4416592;3430231;4276;2;3602318;2642;19;0;0
FR;3;2021-12-27;7;469;17;0;466;20;1;0;0;4416599;3430700;4293;2;3602784;2662;20;0;0
FR;3;2021-12-28;3;587;6;0;586;5;0;0;0;4416602;3431287;4299;2;3603370;2667;20;0;0
FR;3;2021-12-29;5;500;14;0;495;16;0;0;0;4416607;3431787;4313;2;3603865;2683;20;0;0
FR;3;2021-12-30;3;526;7;0;519;10;2;0;0;4416610;3432313;4320;2;3604384;2693;22;0;0
FR;3;2021-12-31;0;185;5;0;181;7;0;0;0;4416610;3432498;4325;2;3604565;2700;22;0;0
FR;3;2022-01-01;0;26;0;0;24;2;0;0;0;4416610;3432524;4325;2;3604589;2702;22;0;0
FR;3;2022-01-02;0;77;0;0;77;0;0;0;0;4416610;3432601;4325;2;3604666;2702;22;0;0
FR;3;2022-01-03;4;505;17;0;494;21;3;0;0;4416614;3433106;4342;2;3605160;2723;25;0;0
FR;3;2022-01-04;7;548;9;0;547;8;0;0;0;4416621;3433654;4351;2;3605707;2731;25;0;0
FR;3;2022-01-05;5;499;10;0;491;14;1;0;0;4416626;3434153;4361;2;3606198;2745;26;0;0
FR;3;2022-01-06;6;473;9;0;468;10;1;0;0;4416632;3434626;4370;2;3606666;2755;27;0;0
FR;3;2022-01-07;2;498;11;0;492;13;1;0;1;4416634;3435124;4381;2;3607158;2768;28;0;1
FR;3;2022-01-08;6;254;4;0;251;5;0;0;0;4416640;3435378;4385;2;3607409;2773;28;0;1
FR;3;2022-01-09;0;117;0;0;117;0;0;0;0;4416640;3435495;4385;2;3607526;2773;28;0;1
FR;3;2022-01-10;2;433;12;0;431;12;0;0;0;4416642;3435928;4397;2;3607957;2785;28;0;1
FR;3;2022-01-11;3;463;1;0;462;1;0;0;0;4416645;3436391;4398;2;3608419;2786;28;0;1
FR;3;2022-01-12;4;400;9;0;397;10;2;0;0;4416649;3436791;4407;2;3608816;2796;30;0;1
FR;3;2022-01-13;3;392;11;0;390;12;1;0;0;4416652;3437183;4418;2;3609206;2808;31;0;1
FR;3;2022-01-14;4;426;10;0;420;13;1;0;0;4416656;3437609;4428;2;3609626;2821;32;0;1
FR;3;2022-01-15;0;281;2;0;277;3;0;0;0;4416656;3437890;4430;2;3609903;2824;32;0;1
FR;3;2022-01-16;1;108;1;0;106;1;1;0;0;4416657;3437998;4431;2;3610009;2825;33;0;1
FR;3;2022-01-17;2;327;8;0;324;9;1;0;0;4416659;3438325;4439;2;3610333;2834;34;0;1
FR;3;2022-01-18;2;364;1;0;360;2;1;0;0;4416661;3438689;4440;2;3610693;2836;35;0;1
FR;3;2022-01-19;2;326;5;0;320;10;0;0;0;4416663;3439015;4445;2;3611013;2846;35;0;1
FR;3;2022-01-20;1;352;5;0;351;3;2;0;0;4416664;3439367;4450;2;3611364;2849;37;0;1
FR;3;2022-01-21;4;346;5;0;340;7;2;0;0;4416668;3439713;4455;2;3611704;2856;39;0;1
FR;3;2022-01-22;2;224;1;0;220;2;3;0;0;4416670;3439937;4456;2;3611924;2858;42;0;1
FR;3;2022-01-23;0;78;0;0;76;1;1;0;0;4416670;3440015;4456;2;3612000;2859;43;0;1
FR;3;2022-01-24;2;323;1;0;315;6;2;0;0;4416672;3440338;4457;2;3612315;2865;45;0;1
FR;3;2022-01-25;0;175;0;0;172;0;1;0;0;4416672;3440513;4457;2;3612487;2865;46;0;1
FR;3;2022-01-26;0;77;0;0;77;0;0;0;0;4416672;3440590;4457;2;3612564;2865;46;0;1
FR;3;2022-01-27;0;52;0;0;52;0;0;0;0;4416672;3440642;4457;2;3612616;2865;46;0;1
FR;3;2022-01-28;0;116;0;0;115;0;0;0;0;4416672;3440758;4457;2;3612731;2865;46;0;1
FR;3;2022-01-29;0;98;0;0;98;0;0;0;0;4416672;3440856;4457;2;3612829;2865;46;0;1
FR;3;2022-01-30;0;50;0;0;50;0;0;0;0;4416672;3440906;4457;2;3612879;2865;46;0;1
FR;3;2022-01-31;0;91;0;0;91;0;0;0;0;4416672;3440997;4457;2;3612970;2865;46;0;1
FR;3;2022-02-01;0;98;0;0;96;1;0;0;0;4416672;3441095;4457;2;3613066;2866;46;0;1
FR;3;2022-02-02;0;85;0;0;83;0;0;0;0;4416672;3441180;4457;2;3613149;2866;46;0;1
FR;3;2022-02-03;0;94;0;0;92;0;0;0;0;4416672;3441274;4457;2;3613241;2866;46;0;1
FR;3;2022-02-04;0;114;0;0;111;0;1;0;0;4416672;3441388;4457;2;3613352;2866;47;0;1
FR;3;2022-02-05;0;70;0;0;70;0;0;0;0;4416672;3441458;4457;2;3613422;2866;47;0;1
FR;3;2022-02-06;0;10;0;0;10;0;0;0;0;4416672;3441468;4457;2;3613432;2866;47;0;1
FR;3;2022-02-07;0;76;0;0;76;0;0;0;0;4416672;3441544;4457;2;3613508;2866;47;0;1
FR;3;2022-02-08;0;0;0;0;0;0;0;0;0;4416672;3441544;4457;2;3613508;2866;47;0;1
FR;3;2022-02-09;0;0;0;0;0;0;0;0;0;4416672;3441544;4457;2;3613508;2866;47;0;1
FR;3;2022-02-10;0;0;0;0;0;0;0;0;0;4416672;3441544;4457;2;3613508;2866;47;0;1
FR;3;2022-02-11;0;0;0;0;0;0;0;0;0;4416672;3441544;4457;2;3613508;2866;47;0;1
FR;3;2022-02-12;0;0;0;0;0;0;0;0;0;4416672;3441544;4457;2;3613508;2866;47;0;1
FR;3;2022-02-13;0;0;0;0;0;0;0;0;0;4416672;3441544;4457;2;3613508;2866;47;0;1
FR;3;2022-02-14;0;0;0;0;0;0;0;0;0;4416672;3441544;4457;2;3613508;2866;47;0;1
FR;3;2022-02-15;0;0;0;0;0;0;0;0;0;4416672;3441544;4457;2;3613508;2866;47;0;1
FR;3;2022-02-16;0;0;0;0;0;0;0;0;0;4416672;3441544;4457;2;3613508;2866;47;0;1
FR;3;2022-02-17;0;0;0;0;0;0;0;0;0;4416672;3441544;4457;2;3613508;2866;47;0;1
FR;3;2022-02-18;0;0;0;0;0;0;0;0;0;4416672;3441544;4457;2;3613508;2866;47;0;1
FR;3;2022-02-19;0;0;0;0;0;0;0;0;0;4416672;3441544;4457;2;3613508;2866;47;0;1
FR;3;2022-02-20;0;0;0;0;0;0;0;0;0;4416672;3441544;4457;2;3613508;2866;47;0;1
FR;3;2022-02-21;2;0;0;0;0;0;0;0;0;4416674;3441544;4457;2;3613508;2866;47;0;1
FR;3;2022-02-22;0;0;0;0;0;0;0;0;0;4416674;3441544;4457;2;3613508;2866;47;0;1
FR;3;2022-02-23;0;0;0;0;0;0;0;0;0;4416674;3441544;4457;2;3613508;2866;47;0;1
FR;3;2022-02-24;0;0;0;0;0;0;0;0;0;4416674;3441544;4457;2;3613508;2866;47;0;1
FR;3;2022-02-25;0;0;0;0;0;0;0;0;0;4416674;3441544;4457;2;3613508;2866;47;0;1
FR;3;2022-02-26;0;0;0;0;0;0;0;0;0;4416674;3441544;4457;2;3613508;2866;47;0;1
FR;3;2022-02-27;0;0;0;0;0;0;0;0;0;4416674;3441544;4457;2;3613508;2866;47;0;1
FR;3;2022-02-28;1;0;0;0;0;0;0;0;0;4416675;3441544;4457;2;3613508;2866;47;0;1
FR;3;2022-03-01;1;0;0;0;0;0;0;0;0;4416676;3441544;4457;2;3613508;2866;47;0;1
FR;3;2022-03-02;0;0;0;0;0;0;0;0;0;4416676;3441544;4457;2;3613508;2866;47;0;1
FR;3;2022-03-03;0;0;0;0;0;0;0;0;0;4416676;3441544;4457;2;3613508;2866;47;0;1
FR;3;2022-03-04;0;0;0;0;0;0;0;0;0;4416676;3441544;4457;2;3613508;2866;47;0;1
FR;3;2022-03-05;0;0;0;0;0;0;0;0;0;4416676;3441544;4457;2;3613508;2866;47;0;1
FR;3;2022-03-06;1;0;0;0;0;0;0;0;0;4416677;3441544;4457;2;3613508;2866;47;0;1
FR;3;2022-03-07;0;0;0;0;0;0;0;0;0;4416677;3441544;4457;2;3613508;2866;47;0;1
FR;3;2022-03-08;1;0;0;0;0;0;0;0;0;4416678;3441544;4457;2;3613508;2866;47;0;1
FR;3;2022-03-09;0;0;0;0;0;0;0;0;0;4416678;3441544;4457;2;3613508;2866;47;0;1
FR;3;2022-03-10;0;0;0;0;0;0;0;0;0;4416678;3441544;4457;2;3613508;2866;47;0;1
FR;3;2022-03-11;0;0;0;0;0;0;0;0;0;4416678;3441544;4457;2;3613508;2866;47;0;1
FR;3;2022-03-12;0;0;0;0;0;0;0;0;0;4416678;3441544;4457;2;3613508;2866;47;0;1
FR;3;2022-03-13;0;0;0;0;0;0;0;0;0;4416678;3441544;4457;2;3613508;2866;47;0;1
FR;3;2022-03-14;0;0;0;0;0;0;0;0;0;4416678;3441544;4457;2;3613508;2866;47;0;1
FR;3;2022-03-15;0;0;0;0;0;0;0;0;0;4416678;3441544;4457;2;3613508;2866;47;0;1
FR;3;2022-03-16;0;0;0;0;0;0;0;0;0;4416678;3441544;4457;2;3613508;2866;47;0;1
FR;3;2022-03-17;0;0;0;0;0;0;0;0;0;4416678;3441544;4457;2;3613508;2866;47;0;1
FR;3;2022-03-18;0;0;0;0;0;0;0;0;0;4416678;3441544;4457;2;3613508;2866;47;0;1
FR;3;2022-03-19;0;0;0;0;0;0;0;0;0;4416678;3441544;4457;2;3613508;2866;47;0;1
FR;3;2022-03-20;1;0;0;0;0;0;0;0;0;4416679;3441544;4457;2;3613508;2866;47;0;1
FR;3;2022-03-21;0;0;0;0;0;0;0;0;0;4416679;3441544;4457;2;3613508;2866;47;0;1
FR;3;2022-03-22;0;0;0;0;0;0;0;0;0;4416679;3441544;4457;2;3613508;2866;47;0;1
FR;3;2022-03-23;1;0;0;0;0;0;0;0;0;4416680;3441544;4457;2;3613508;2866;47;0;1
FR;3;2022-03-24;0;0;0;0;0;0;0;0;0;4416680;3441544;4457;2;3613508;2866;47;0;1
FR;3;2022-03-25;1;0;0;0;0;0;0;0;0;4416681;3441544;4457;2;3613508;2866;47;0;1
FR;3;2022-03-26;0;0;0;0;0;0;0;0;0;4416681;3441544;4457;2;3613508;2866;47;0;1
FR;3;2022-03-27;0;0;0;0;0;0;0;0;0;4416681;3441544;4457;2;3613508;2866;47;0;1
FR;3;2022-03-28;0;0;0;0;0;0;0;0;0;4416681;3441544;4457;2;3613508;2866;47;0;1
FR;3;2022-03-29;0;0;0;0;0;0;0;0;0;4416681;3441544;4457;2;3613508;2866;47;0;1
FR;3;2022-03-30;0;0;0;0;0;0;0;0;0;4416681;3441544;4457;2;3613508;2866;47;0;1
FR;3;2022-03-31;0;0;0;0;0;0;0;0;0;4416681;3441544;4457;2;3613508;2866;47;0;1
FR;3;2022-04-01;0;0;0;0;0;0;0;0;0;4416681;3441544;4457;2;3613508;2866;47;0;1
FR;3;2022-04-02;0;0;0;0;0;0;0;0;0;4416681;3441544;4457;2;3613508;2866;47;0;1
FR;3;2022-04-03;0;0;0;0;0;0;0;0;0;4416681;3441544;4457;2;3613508;2866;47;0;1
FR;3;2022-04-04;0;0;0;0;0;0;0;0;0;4416681;3441544;4457;2;3613508;2866;47;0;1
FR;3;2022-04-05;0;0;0;0;0;0;0;0;0;4416681;3441544;4457;2;3613508;2866;47;0;1
FR;3;2022-04-06;0;0;0;0;0;0;0;0;0;4416681;3441544;4457;2;3613508;2866;47;0;1
FR;3;2022-04-07;0;0;0;0;0;0;0;0;0;4416681;3441544;4457;2;3613508;2866;47;0;1
FR;3;2022-04-08;0;0;0;0;0;0;0;0;0;4416681;3441544;4457;2;3613508;2866;47;0;1
FR;3;2022-04-09;0;0;0;0;0;0;0;0;0;4416681;3441544;4457;2;3613508;2866;47;0;1
FR;3;2022-04-10;0;0;0;0;0;0;0;0;0;4416681;3441544;4457;2;3613508;2866;47;0;1
FR;3;2022-04-11;0;0;0;0;0;0;0;0;0;4416681;3441544;4457;2;3613508;2866;47;0;1
FR;3;2022-04-12;0;0;0;0;0;0;0;0;0;4416681;3441544;4457;2;3613508;2866;47;0;1
FR;3;2022-04-13;0;0;0;0;0;0;0;0;0;4416681;3441544;4457;2;3613508;2866;47;0;1
FR;3;2022-04-14;0;0;0;0;0;0;0;0;0;4416681;3441544;4457;2;3613508;2866;47;0;1
FR;3;2022-04-15;1;0;0;0;0;0;0;0;0;4416682;3441544;4457;2;3613508;2866;47;0;1
FR;3;2022-04-16;0;0;0;0;0;0;0;0;0;4416682;3441544;4457;2;3613508;2866;47;0;1
FR;3;2022-04-17;0;0;0;0;0;0;0;0;0;4416682;3441544;4457;2;3613508;2866;47;0;1
FR;3;2022-04-18;0;0;0;0;0;0;0;0;0;4416682;3441544;4457;2;3613508;2866;47;0;1
FR;3;2022-04-19;0;0;0;0;0;0;0;0;0;4416682;3441544;4457;2;3613508;2866;47;0;1
FR;3;2022-04-20;0;0;0;0;0;0;0;0;0;4416682;3441544;4457;2;3613508;2866;47;0;1
FR;3;2022-04-21;0;0;0;0;0;0;0;0;0;4416682;3441544;4457;2;3613508;2866;47;0;1
FR;3;2022-04-22;0;0;0;0;0;0;0;0;0;4416682;3441544;4457;2;3613508;2866;47;0;1
FR;3;2022-04-23;0;0;0;0;0;0;0;0;0;4416682;3441544;4457;2;3613508;2866;47;0;1
FR;3;2022-04-24;0;0;0;0;0;0;0;0;0;4416682;3441544;4457;2;3613508;2866;47;0;1
FR;3;2022-04-25;0;0;0;0;0;0;0;0;0;4416682;3441544;4457;2;3613508;2866;47;0;1
FR;3;2022-04-26;0;0;0;0;0;0;0;0;0;4416682;3441544;4457;2;3613508;2866;47;0;1
FR;3;2022-04-27;0;0;0;0;0;0;0;0;0;4416682;3441544;4457;2;3613508;2866;47;0;1
FR;3;2022-04-28;0;0;0;0;0;0;0;0;0;4416682;3441544;4457;2;3613508;2866;47;0;1
FR;3;2022-04-29;0;0;0;0;0;0;0;0;0;4416682;3441544;4457;2;3613508;2866;47;0;1
FR;3;2022-04-30;0;0;0;0;0;0;0;0;0;4416682;3441544;4457;2;3613508;2866;47;0;1
FR;3;2022-05-01;0;0;0;0;0;0;0;0;0;4416682;3441544;4457;2;3613508;2866;47;0;1
FR;3;2022-05-02;0;0;0;0;0;0;0;0;0;4416682;3441544;4457;2;3613508;2866;47;0;1
FR;3;2022-05-03;0;0;0;0;0;0;0;0;0;4416682;3441544;4457;2;3613508;2866;47;0;1
FR;3;2022-05-04;0;0;0;0;0;0;0;0;0;4416682;3441544;4457;2;3613508;2866;47;0;1
FR;3;2022-05-05;0;0;0;0;0;0;0;0;0;4416682;3441544;4457;2;3613508;2866;47;0;1
FR;3;2022-05-06;0;0;0;0;0;0;0;0;0;4416682;3441544;4457;2;3613508;2866;47;0;1
FR;3;2022-05-07;0;0;0;0;0;0;0;0;0;4416682;3441544;4457;2;3613508;2866;47;0;1
FR;3;2022-05-08;0;0;0;0;0;0;0;0;0;4416682;3441544;4457;2;3613508;2866;47;0;1
FR;3;2022-05-09;0;0;0;0;0;0;0;0;0;4416682;3441544;4457;2;3613508;2866;47;0;1
FR;3;2022-05-10;0;0;0;0;0;0;0;0;0;4416682;3441544;4457;2;3613508;2866;47;0;1
FR;3;2022-05-11;0;0;0;0;0;0;0;0;0;4416682;3441544;4457;2;3613508;2866;47;0;1
FR;3;2022-05-12;0;0;0;0;0;0;0;0;0;4416682;3441544;4457;2;3613508;2866;47;0;1
FR;3;2022-05-13;0;0;0;0;0;0;0;0;0;4416682;3441544;4457;2;3613508;2866;47;0;1
FR;3;2022-05-14;1;0;0;0;0;0;0;0;0;4416683;3441544;4457;2;3613508;2866;47;0;1
FR;3;2022-05-15;0;0;0;0;0;0;0;0;0;4416683;3441544;4457;2;3613508;2866;47;0;1
FR;3;2022-05-16;0;0;0;0;0;0;0;0;0;4416683;3441544;4457;2;3613508;2866;47;0;1
FR;3;2022-05-17;0;0;0;0;0;0;0;0;0;4416683;3441544;4457;2;3613508;2866;47;0;1
FR;3;2022-05-18;0;0;0;0;0;0;0;0;0;4416683;3441544;4457;2;3613508;2866;47;0;1
FR;3;2022-05-19;0;0;0;0;0;0;0;0;0;4416683;3441544;4457;2;3613508;2866;47;0;1
FR;3;2022-05-20;0;0;0;0;0;0;0;0;0;4416683;3441544;4457;2;3613508;2866;47;0;1
FR;3;2022-05-21;0;0;0;0;0;0;0;0;0;4416683;3441544;4457;2;3613508;2866;47;0;1
FR;3;2022-05-22;0;0;0;0;0;0;0;0;0;4416683;3441544;4457;2;3613508;2866;47;0;1
FR;3;2022-05-23;0;0;0;0;0;0;0;0;0;4416683;3441544;4457;2;3613508;2866;47;0;1
FR;3;2022-05-24;0;0;0;0;0;0;0;0;0;4416683;3441544;4457;2;3613508;2866;47;0;1
FR;3;2022-05-25;0;0;0;0;0;0;0;0;0;4416683;3441544;4457;2;3613508;2866;47;0;1
FR;3;2022-05-26;0;0;0;0;0;0;0;0;0;4416683;3441544;4457;2;3613508;2866;47;0;1
FR;3;2022-05-27;0;0;0;0;0;0;0;0;0;4416683;3441544;4457;2;3613508;2866;47;0;1
FR;3;2022-05-28;0;0;0;0;0;0;0;0;0;4416683;3441544;4457;2;3613508;2866;47;0;1
FR;3;2022-05-29;0;0;0;0;0;0;0;0;0;4416683;3441544;4457;2;3613508;2866;47;0;1
FR;3;2022-05-30;0;0;0;0;0;0;0;0;0;4416683;3441544;4457;2;3613508;2866;47;0;1
FR;3;2022-05-31;0;0;0;0;0;0;0;0;0;4416683;3441544;4457;2;3613508;2866;47;0;1
FR;3;2022-06-01;0;0;0;0;0;0;0;0;0;4416683;3441544;4457;2;3613508;2866;47;0;1
FR;3;2022-06-02;0;0;0;0;0;0;0;0;0;4416683;3441544;4457;2;3613508;2866;47;0;1
FR;3;2022-06-03;0;0;0;0;0;0;0;0;0;4416683;3441544;4457;2;3613508;2866;47;0;1
FR;3;2022-06-04;0;0;0;0;0;0;0;0;0;4416683;3441544;4457;2;3613508;2866;47;0;1
FR;3;2022-06-05;0;0;0;0;0;0;0;0;0;4416683;3441544;4457;2;3613508;2866;47;0;1
FR;3;2022-06-06;0;0;0;0;0;0;0;0;0;4416683;3441544;4457;2;3613508;2866;47;0;1
FR;3;2022-06-07;0;0;0;0;0;0;0;0;0;4416683;3441544;4457;2;3613508;2866;47;0;1
FR;3;2022-06-08;0;0;0;0;0;0;0;0;0;4416683;3441544;4457;2;3613508;2866;47;0;1
FR;3;2022-06-09;0;0;0;0;0;0;0;0;0;4416683;3441544;4457;2;3613508;2866;47;0;1
FR;3;2022-06-10;0;0;0;0;0;0;0;0;0;4416683;3441544;4457;2;3613508;2866;47;0;1
FR;3;2022-06-11;0;0;0;0;0;0;0;0;0;4416683;3441544;4457;2;3613508;2866;47;0;1
FR;3;2022-06-12;0;0;0;0;0;0;0;0;0;4416683;3441544;4457;2;3613508;2866;47;0;1
FR;3;2022-06-13;1;0;0;0;0;0;0;0;0;4416684;3441544;4457;2;3613508;2866;47;0;1
FR;3;2022-06-14;0;0;0;0;0;0;0;0;0;4416684;3441544;4457;2;3613508;2866;47;0;1
FR;3;2022-06-15;0;0;0;0;0;0;0;0;0;4416684;3441544;4457;2;3613508;2866;47;0;1
FR;3;2022-06-16;0;0;0;0;0;0;0;0;0;4416684;3441544;4457;2;3613508;2866;47;0;1
FR;3;2022-06-17;0;0;0;0;0;0;0;0;0;4416684;3441544;4457;2;3613508;2866;47;0;1
FR;3;2022-06-18;0;0;0;0;0;0;0;0;0;4416684;3441544;4457;2;3613508;2866;47;0;1
FR;3;2022-06-19;0;0;0;0;0;0;0;0;0;4416684;3441544;4457;2;3613508;2866;47;0;1
FR;3;2022-06-20;0;0;0;0;0;0;0;0;0;4416684;3441544;4457;2;3613508;2866;47;0;1
FR;3;2022-06-21;0;0;0;0;0;0;0;0;0;4416684;3441544;4457;2;3613508;2866;47;0;1
FR;3;2022-06-22;0;0;0;0;0;0;0;0;0;4416684;3441544;4457;2;3613508;2866;47;0;1
FR;3;2022-06-23;0;0;0;0;0;0;0;0;0;4416684;3441544;4457;2;3613508;2866;47;0;1
FR;3;2022-06-24;0;0;0;0;0;0;0;0;0;4416684;3441544;4457;2;3613508;2866;47;0;1
FR;3;2022-06-25;0;0;0;0;0;0;0;0;0;4416684;3441544;4457;2;3613508;2866;47;0;1
FR;3;2022-06-26;0;0;0;0;0;0;0;0;0;4416684;3441544;4457;2;3613508;2866;47;0;1
FR;3;2022-06-27;0;0;0;0;0;0;0;0;0;4416684;3441544;4457;2;3613508;2866;47;0;1
FR;3;2022-06-28;0;0;0;0;0;0;0;0;0;4416684;3441544;4457;2;3613508;2866;47;0;1
FR;3;2022-06-29;1;0;0;0;0;0;0;0;0;4416685;3441544;4457;2;3613508;2866;47;0;1
FR;3;2022-06-30;0;0;0;0;0;0;0;0;0;4416685;3441544;4457;2;3613508;2866;47;0;1
FR;3;2022-07-01;0;0;0;0;0;0;0;0;0;4416685;3441544;4457;2;3613508;2866;47;0;1
FR;3;2022-07-02;0;0;0;0;0;0;0;0;0;4416685;3441544;4457;2;3613508;2866;47;0;1
FR;3;2022-07-03;0;0;0;0;0;0;0;0;0;4416685;3441544;4457;2;3613508;2866;47;0;1
FR;3;2022-07-04;0;0;0;0;0;0;0;0;0;4416685;3441544;4457;2;3613508;2866;47;0;1
FR;3;2022-07-05;0;0;0;0;0;0;0;0;0;4416685;3441544;4457;2;3613508;2866;47;0;1
FR;3;2022-07-06;0;0;0;0;0;0;0;0;0;4416685;3441544;4457;2;3613508;2866;47;0;1
FR;3;2022-07-07;0;0;0;0;0;0;0;0;0;4416685;3441544;4457;2;3613508;2866;47;0;1
FR;3;2022-07-08;0;0;0;0;0;0;0;0;0;4416685;3441544;4457;2;3613508;2866;47;0;1
FR;3;2022-07-09;0;0;0;0;0;0;0;0;0;4416685;3441544;4457;2;3613508;2866;47;0;1
FR;3;2022-07-10;0;0;0;0;0;0;0;0;0;4416685;3441544;4457;2;3613508;2866;47;0;1
FR;3;2022-07-11;0;0;0;0;0;0;0;0;0;4416685;3441544;4457;2;3613508;2866;47;0;1
FR;3;2022-07-12;0;0;0;0;0;0;0;0;0;4416685;3441544;4457;2;3613508;2866;47;0;1
FR;3;2022-07-13;0;0;0;0;0;0;0;0;0;4416685;3441544;4457;2;3613508;2866;47;0;1
FR;3;2022-07-14;0;0;0;0;0;0;0;0;0;4416685;3441544;4457;2;3613508;2866;47;0;1
FR;3;2022-07-15;0;0;0;0;0;0;0;0;0;4416685;3441544;4457;2;3613508;2866;47;0;1
FR;3;2022-07-16;0;0;0;0;0;0;0;0;0;4416685;3441544;4457;2;3613508;2866;47;0;1
FR;3;2022-07-17;0;0;0;0;0;0;0;0;0;4416685;3441544;4457;2;3613508;2866;47;0;1
FR;3;2022-07-18;0;0;0;0;0;0;0;0;0;4416685;3441544;4457;2;3613508;2866;47;0;1
FR;3;2022-07-19;0;0;0;0;0;0;0;0;0;4416685;3441544;4457;2;3613508;2866;47;0;1
FR;3;2022-07-20;0;0;0;0;0;0;0;0;0;4416685;3441544;4457;2;3613508;2866;47;0;1
FR;3;2022-07-21;0;0;0;0;0;0;0;0;0;4416685;3441544;4457;2;3613508;2866;47;0;1
FR;3;2022-07-22;0;0;0;0;0;0;0;0;0;4416685;3441544;4457;2;3613508;2866;47;0;1
FR;3;2022-07-23;0;0;0;0;0;0;0;0;0;4416685;3441544;4457;2;3613508;2866;47;0;1
FR;3;2022-07-24;0;0;0;0;0;0;0;0;0;4416685;3441544;4457;2;3613508;2866;47;0;1
FR;3;2022-07-25;0;0;0;0;0;0;0;0;0;4416685;3441544;4457;2;3613508;2866;47;0;1
FR;3;2022-07-26;0;0;0;0;0;0;0;0;0;4416685;3441544;4457;2;3613508;2866;47;0;1
FR;3;2022-07-27;0;0;0;0;0;0;0;0;0;4416685;3441544;4457;2;3613508;2866;47;0;1
FR;3;2022-07-28;0;0;0;0;0;0;0;0;0;4416685;3441544;4457;2;3613508;2866;47;0;1
FR;3;2022-07-29;0;0;0;0;0;0;0;0;0;4416685;3441544;4457;2;3613508;2866;47;0;1
FR;3;2022-07-30;0;0;0;0;0;0;0;0;0;4416685;3441544;4457;2;3613508;2866;47;0;1
FR;3;2022-07-31;0;0;0;0;0;0;0;0;0;4416685;3441544;4457;2;3613508;2866;47;0;1
FR;3;2022-08-01;0;0;0;0;0;0;0;0;0;4416685;3441544;4457;2;3613508;2866;47;0;1
FR;3;2022-08-02;0;0;0;0;0;0;0;0;0;4416685;3441544;4457;2;3613508;2866;47;0;1
FR;3;2022-08-03;0;0;0;0;0;0;0;0;0;4416685;3441544;4457;2;3613508;2866;47;0;1
FR;3;2022-08-04;0;0;0;0;0;0;0;0;0;4416685;3441544;4457;2;3613508;2866;47;0;1
FR;3;2022-08-05;0;0;0;0;0;0;0;0;0;4416685;3441544;4457;2;3613508;2866;47;0;1
FR;3;2022-08-06;0;0;0;0;0;0;0;0;0;4416685;3441544;4457;2;3613508;2866;47;0;1
FR;3;2022-08-07;0;0;0;0;0;0;0;0;0;4416685;3441544;4457;2;3613508;2866;47;0;1
FR;3;2022-08-08;0;0;0;0;0;0;0;0;0;4416685;3441544;4457;2;3613508;2866;47;0;1
FR;3;2022-08-09;0;0;0;0;0;0;0;0;0;4416685;3441544;4457;2;3613508;2866;47;0;1
FR;3;2022-08-10;0;0;0;0;0;0;0;0;0;4416685;3441544;4457;2;3613508;2866;47;0;1
FR;3;2022-08-11;0;0;0;0;0;0;0;0;0;4416685;3441544;4457;2;3613508;2866;47;0;1
FR;3;2022-08-12;0;0;0;0;0;0;0;0;0;4416685;3441544;4457;2;3613508;2866;47;0;1
FR;3;2022-08-13;0;0;0;0;0;0;0;0;0;4416685;3441544;4457;2;3613508;2866;47;0;1
FR;3;2022-08-14;0;0;0;0;0;0;0;0;0;4416685;3441544;4457;2;3613508;2866;47;0;1
FR;3;2022-08-15;0;0;0;0;0;0;0;0;0;4416685;3441544;4457;2;3613508;2866;47;0;1
FR;3;2022-08-16;0;0;0;0;0;0;0;0;0;4416685;3441544;4457;2;3613508;2866;47;0;1
FR;3;2022-08-17;0;0;0;0;0;0;0;0;0;4416685;3441544;4457;2;3613508;2866;47;0;1
FR;3;2022-08-18;0;0;0;0;0;0;0;0;0;4416685;3441544;4457;2;3613508;2866;47;0;1
FR;3;2022-08-19;0;0;0;0;0;0;0;0;0;4416685;3441544;4457;2;3613508;2866;47;0;1
FR;3;2022-08-20;0;0;0;0;0;0;0;0;0;4416685;3441544;4457;2;3613508;2866;47;0;1
FR;3;2022-08-21;0;0;0;0;0;0;0;0;0;4416685;3441544;4457;2;3613508;2866;47;0;1
FR;3;2022-08-22;0;0;0;0;0;0;0;0;0;4416685;3441544;4457;2;3613508;2866;47;0;1
FR;3;2022-08-23;0;0;0;0;0;0;0;0;0;4416685;3441544;4457;2;3613508;2866;47;0;1
FR;3;2022-08-24;0;0;0;0;0;0;0;0;0;4416685;3441544;4457;2;3613508;2866;47;0;1
FR;3;2022-08-25;0;0;0;0;0;0;0;0;0;4416685;3441544;4457;2;3613508;2866;47;0;1
FR;3;2022-08-26;0;0;0;0;0;0;0;0;0;4416685;3441544;4457;2;3613508;2866;47;0;1
FR;3;2022-08-27;0;0;0;0;0;0;0;0;0;4416685;3441544;4457;2;3613508;2866;47;0;1
FR;3;2022-08-28;0;0;0;0;0;0;0;0;0;4416685;3441544;4457;2;3613508;2866;47;0;1
FR;3;2022-08-29;0;0;0;0;0;0;0;0;0;4416685;3441544;4457;2;3613508;2866;47;0;1
FR;3;2022-08-30;0;0;0;0;0;0;0;0;0;4416685;3441544;4457;2;3613508;2866;47;0;1
FR;3;2022-08-31;0;0;0;0;0;0;0;0;0;4416685;3441544;4457;2;3613508;2866;47;0;1
FR;3;2022-09-01;0;0;0;0;0;0;0;0;0;4416685;3441544;4457;2;3613508;2866;47;0;1
FR;3;2022-09-02;0;0;0;0;0;0;0;0;0;4416685;3441544;4457;2;3613508;2866;47;0;1
FR;3;2022-09-03;0;0;0;0;0;0;0;0;0;4416685;3441544;4457;2;3613508;2866;47;0;1
FR;3;2022-09-04;0;0;0;0;0;0;0;0;0;4416685;3441544;4457;2;3613508;2866;47;0;1
FR;3;2022-09-05;0;0;0;0;0;0;0;0;0;4416685;3441544;4457;2;3613508;2866;47;0;1
FR;3;2022-09-06;0;0;0;0;0;0;0;0;0;4416685;3441544;4457;2;3613508;2866;47;0;1
FR;3;2022-09-07;0;0;0;0;0;0;0;0;0;4416685;3441544;4457;2;3613508;2866;47;0;1
FR;3;2022-09-08;0;0;0;0;0;0;0;0;0;4416685;3441544;4457;2;3613508;2866;47;0;1
FR;3;2022-09-09;0;0;0;0;0;0;0;0;0;4416685;3441544;4457;2;3613508;2866;47;0;1
FR;3;2022-09-10;0;0;0;0;0;0;0;0;0;4416685;3441544;4457;2;3613508;2866;47;0;1
FR;3;2022-09-11;0;0;0;0;0;0;0;0;0;4416685;3441544;4457;2;3613508;2866;47;0;1
FR;3;2022-09-12;0;0;0;0;0;0;0;0;0;4416685;3441544;4457;2;3613508;2866;47;0;1
FR;3;2022-09-13;0;0;0;0;0;0;0;0;0;4416685;3441544;4457;2;3613508;2866;47;0;1
FR;3;2022-09-14;0;0;0;0;0;0;0;0;0;4416685;3441544;4457;2;3613508;2866;47;0;1
FR;3;2022-09-15;0;0;0;0;0;0;0;0;0;4416685;3441544;4457;2;3613508;2866;47;0;1
FR;3;2022-09-16;0;0;0;0;0;0;0;0;0;4416685;3441544;4457;2;3613508;2866;47;0;1
FR;3;2022-09-17;0;0;0;0;0;0;0;0;0;4416685;3441544;4457;2;3613508;2866;47;0;1
FR;3;2022-09-18;0;0;0;0;0;0;0;0;0;4416685;3441544;4457;2;3613508;2866;47;0;1
FR;3;2022-09-19;0;0;0;0;0;0;0;0;0;4416685;3441544;4457;2;3613508;2866;47;0;1
FR;3;2022-09-20;0;0;0;0;0;0;0;0;0;4416685;3441544;4457;2;3613508;2866;47;0;1
FR;3;2022-09-21;0;0;0;0;0;0;0;0;0;4416685;3441544;4457;2;3613508;2866;47;0;1
FR;3;2022-09-22;0;0;0;0;0;0;0;0;0;4416685;3441544;4457;2;3613508;2866;47;0;1
FR;3;2022-09-23;0;0;0;0;0;0;0;0;0;4416685;3441544;4457;2;3613508;2866;47;0;1
FR;3;2022-09-24;0;0;0;0;0;0;0;0;0;4416685;3441544;4457;2;3613508;2866;47;0;1
FR;3;2022-09-25;0;0;0;0;0;0;0;0;0;4416685;3441544;4457;2;3613508;2866;47;0;1
FR;3;2022-09-26;0;0;0;0;0;0;0;0;0;4416685;3441544;4457;2;3613508;2866;47;0;1
FR;3;2022-09-27;0;0;0;0;0;0;0;0;0;4416685;3441544;4457;2;3613508;2866;47;0;1
FR;3;2022-09-28;0;0;0;0;0;0;0;0;0;4416685;3441544;4457;2;3613508;2866;47;0;1
FR;3;2022-09-29;0;0;0;0;0;0;0;0;0;4416685;3441544;4457;2;3613508;2866;47;0;1
FR;3;2022-09-30;0;0;0;0;0;0;0;0;0;4416685;3441544;4457;2;3613508;2866;47;0;1
FR;3;2022-10-01;0;0;0;0;0;0;0;0;0;4416685;3441544;4457;2;3613508;2866;47;0;1
FR;3;2022-10-02;0;0;0;0;0;0;0;0;0;4416685;3441544;4457;2;3613508;2866;47;0;1
FR;3;2022-10-03;0;0;0;0;0;0;0;0;0;4416685;3441544;4457;2;3613508;2866;47;0;1
FR;3;2022-10-04;0;0;0;0;0;0;0;0;0;4416685;3441544;4457;2;3613508;2866;47;0;1
FR;3;2022-10-05;0;0;0;0;0;0;0;0;0;4416685;3441544;4457;2;3613508;2866;47;0;1
FR;3;2022-10-06;0;0;0;0;0;0;0;0;0;4416685;3441544;4457;2;3613508;2866;47;0;1
FR;3;2022-10-07;0;0;0;0;0;0;0;0;0;4416685;3441544;4457;2;3613508;2866;47;0;1
FR;3;2022-10-08;0;0;0;0;0;0;0;0;0;4416685;3441544;4457;2;3613508;2866;47;0;1
FR;3;2022-10-09;0;0;0;0;0;0;0;0;0;4416685;3441544;4457;2;3613508;2866;47;0;1
FR;3;2022-10-10;0;0;0;0;0;0;0;0;0;4416685;3441544;4457;2;3613508;2866;47;0;1
FR;3;2022-10-11;0;0;0;0;0;0;0;0;0;4416685;3441544;4457;2;3613508;2866;47;0;1
FR;3;2022-10-12;0;0;0;0;0;0;0;0;0;4416685;3441544;4457;2;3613508;2866;47;0;1
FR;3;2022-10-13;0;0;0;0;0;0;0;0;0;4416685;3441544;4457;2;3613508;2866;47;0;1
FR;3;2022-10-14;0;0;0;0;0;0;0;0;0;4416685;3441544;4457;2;3613508;2866;47;0;1
FR;3;2022-10-15;0;0;0;0;0;0;0;0;0;4416685;3441544;4457;2;3613508;2866;47;0;1
FR;3;2022-10-16;0;0;0;0;0;0;0;0;0;4416685;3441544;4457;2;3613508;2866;47;0;1
FR;3;2022-10-17;0;0;0;0;0;0;0;0;0;4416685;3441544;4457;2;3613508;2866;47;0;1
FR;3;2022-10-18;0;0;0;0;0;0;0;0;0;4416685;3441544;4457;2;3613508;2866;47;0;1
FR;3;2022-10-19;0;0;0;0;0;0;0;0;0;4416685;3441544;4457;2;3613508;2866;47;0;1
FR;3;2022-10-20;0;0;0;0;0;0;0;0;0;4416685;3441544;4457;2;3613508;2866;47;0;1
FR;3;2022-10-21;0;0;0;0;0;0;0;0;0;4416685;3441544;4457;2;3613508;2866;47;0;1
FR;3;2022-10-22;0;0;0;0;0;0;0;0;0;4416685;3441544;4457;2;3613508;2866;47;0;1
FR;3;2022-10-23;0;0;0;0;0;0;0;0;0;4416685;3441544;4457;2;3613508;2866;47;0;1
FR;3;2022-10-24;0;0;0;0;0;0;0;0;0;4416685;3441544;4457;2;3613508;2866;47;0;1
FR;3;2022-10-25;0;0;0;0;0;0;0;0;0;4416685;3441544;4457;2;3613508;2866;47;0;1
FR;3;2022-10-26;0;0;0;0;0;0;0;0;0;4416685;3441544;4457;2;3613508;2866;47;0;1
FR;3;2022-10-27;0;0;0;0;0;0;0;0;0;4416685;3441544;4457;2;3613508;2866;47;0;1
FR;3;2022-10-28;0;0;0;0;0;0;0;0;0;4416685;3441544;4457;2;3613508;2866;47;0;1
FR;3;2022-10-29;0;0;0;0;0;0;0;0;0;4416685;3441544;4457;2;3613508;2866;47;0;1
FR;3;2022-10-30;0;0;0;0;0;0;0;0;0;4416685;3441544;4457;2;3613508;2866;47;0;1
FR;3;2022-10-31;0;0;0;0;0;0;0;0;0;4416685;3441544;4457;2;3613508;2866;47;0;1
FR;3;2022-11-01;0;0;0;0;0;0;0;0;0;4416685;3441544;4457;2;3613508;2866;47;0;1
FR;3;2022-11-02;0;0;0;0;0;0;0;0;0;4416685;3441544;4457;2;3613508;2866;47;0;1
FR;3;2022-11-03;0;0;0;0;0;0;0;0;0;4416685;3441544;4457;2;3613508;2866;47;0;1
FR;3;2022-11-04;0;0;0;0;0;0;0;0;0;4416685;3441544;4457;2;3613508;2866;47;0;1
FR;3;2022-11-05;0;0;0;0;0;0;0;0;0;4416685;3441544;4457;2;3613508;2866;47;0;1
FR;3;2022-11-06;0;0;0;0;0;0;0;0;0;4416685;3441544;4457;2;3613508;2866;47;0;1
FR;3;2022-11-07;0;0;0;0;0;0;0;0;0;4416685;3441544;4457;2;3613508;2866;47;0;1
FR;3;2022-11-08;1;0;0;0;0;0;0;0;0;4416686;3441544;4457;2;3613508;2866;47;0;1
FR;3;2022-11-09;0;0;0;0;0;0;0;0;0;4416686;3441544;4457;2;3613508;2866;47;0;1
FR;3;2022-11-10;0;0;0;0;0;0;0;0;0;4416686;3441544;4457;2;3613508;2866;47;0;1
FR;3;2022-11-11;0;0;0;0;0;0;0;0;0;4416686;3441544;4457;2;3613508;2866;47;0;1
FR;3;2022-11-12;0;0;0;0;0;0;0;0;0;4416686;3441544;4457;2;3613508;2866;47;0;1
FR;3;2022-11-13;0;0;0;0;0;0;0;0;0;4416686;3441544;4457;2;3613508;2866;47;0;1
FR;3;2022-11-14;0;0;0;0;0;0;0;0;0;4416686;3441544;4457;2;3613508;2866;47;0;1
FR;3;2022-11-15;0;0;0;0;0;0;0;0;0;4416686;3441544;4457;2;3613508;2866;47;0;1
FR;3;2022-11-16;0;0;0;0;0;0;0;0;0;4416686;3441544;4457;2;3613508;2866;47;0;1
FR;3;2022-11-17;0;0;0;0;0;0;0;0;0;4416686;3441544;4457;2;3613508;2866;47;0;1
FR;3;2022-11-18;0;0;0;0;0;0;0;0;0;4416686;3441544;4457;2;3613508;2866;47;0;1
FR;3;2022-11-19;0;0;0;0;0;0;0;0;0;4416686;3441544;4457;2;3613508;2866;47;0;1
FR;3;2022-11-20;0;0;0;0;0;0;0;0;0;4416686;3441544;4457;2;3613508;2866;47;0;1
FR;3;2022-11-21;0;0;0;0;0;0;0;0;0;4416686;3441544;4457;2;3613508;2866;47;0;1
FR;3;2022-11-22;0;0;0;0;0;0;0;0;0;4416686;3441544;4457;2;3613508;2866;47;0;1
FR;3;2022-11-23;0;0;0;0;0;0;0;0;0;4416686;3441544;4457;2;3613508;2866;47;0;1
FR;3;2022-11-24;0;0;0;0;0;0;0;0;0;4416686;3441544;4457;2;3613508;2866;47;0;1
FR;3;2022-11-25;0;0;0;0;0;0;0;0;0;4416686;3441544;4457;2;3613508;2866;47;0;1
FR;3;2022-11-26;0;0;0;0;0;0;0;0;0;4416686;3441544;4457;2;3613508;2866;47;0;1
FR;3;2022-11-27;0;0;0;0;0;0;0;0;0;4416686;3441544;4457;2;3613508;2866;47;0;1
FR;3;2022-11-28;0;0;0;0;0;0;0;0;0;4416686;3441544;4457;2;3613508;2866;47;0;1
FR;3;2022-11-29;0;0;0;0;0;0;0;0;0;4416686;3441544;4457;2;3613508;2866;47;0;1
FR;3;2022-11-30;0;0;0;0;0;0;0;0;0;4416686;3441544;4457;2;3613508;2866;47;0;1
FR;3;2022-12-01;0;0;0;0;0;0;0;0;0;4416686;3441544;4457;2;3613508;2866;47;0;1
FR;3;2022-12-02;0;0;0;0;0;0;0;0;0;4416686;3441544;4457;2;3613508;2866;47;0;1
FR;3;2022-12-03;0;0;0;0;0;0;0;0;0;4416686;3441544;4457;2;3613508;2866;47;0;1
FR;3;2022-12-04;0;0;0;0;0;0;0;0;0;4416686;3441544;4457;2;3613508;2866;47;0;1
FR;3;2022-12-05;0;0;0;0;0;0;0;0;0;4416686;3441544;4457;2;3613508;2866;47;0;1
FR;3;2022-12-06;0;0;0;0;0;0;0;0;0;4416686;3441544;4457;2;3613508;2866;47;0;1
FR;3;2022-12-07;0;0;0;0;0;0;0;0;0;4416686;3441544;4457;2;3613508;2866;47;0;1
FR;3;2022-12-08;0;0;0;0;0;0;0;0;0;4416686;3441544;4457;2;3613508;2866;47;0;1
FR;3;2022-12-09;0;0;0;0;0;0;0;0;0;4416686;3441544;4457;2;3613508;2866;47;0;1
FR;3;2022-12-10;0;0;0;0;0;0;0;0;0;4416686;3441544;4457;2;3613508;2866;47;0;1
FR;3;2022-12-11;0;0;0;0;0;0;0;0;0;4416686;3441544;4457;2;3613508;2866;47;0;1
FR;3;2022-12-12;0;0;0;0;0;0;0;0;0;4416686;3441544;4457;2;3613508;2866;47;0;1
FR;3;2022-12-13;0;0;0;0;0;0;0;0;0;4416686;3441544;4457;2;3613508;2866;47;0;1
FR;3;2022-12-14;0;0;0;0;0;0;0;0;0;4416686;3441544;4457;2;3613508;2866;47;0;1
FR;3;2022-12-15;0;0;0;0;0;0;0;0;0;4416686;3441544;4457;2;3613508;2866;47;0;1
FR;3;2022-12-16;0;0;0;0;0;0;0;0;0;4416686;3441544;4457;2;3613508;2866;47;0;1
FR;3;2022-12-17;0;0;0;0;0;0;0;0;0;4416686;3441544;4457;2;3613508;2866;47;0;1
FR;3;2022-12-18;0;0;0;0;0;0;0;0;0;4416686;3441544;4457;2;3613508;2866;47;0;1
FR;3;2022-12-19;0;0;0;0;0;0;0;0;0;4416686;3441544;4457;2;3613508;2866;47;0;1
FR;3;2022-12-20;0;0;0;0;0;0;0;0;0;4416686;3441544;4457;2;3613508;2866;47;0;1
FR;3;2022-12-21;0;0;0;0;0;0;0;0;0;4416686;3441544;4457;2;3613508;2866;47;0;1
FR;3;2022-12-22;0;0;0;0;0;0;0;0;0;4416686;3441544;4457;2;3613508;2866;47;0;1
FR;3;2022-12-23;0;0;0;0;0;0;0;0;0;4416686;3441544;4457;2;3613508;2866;47;0;1
FR;3;2022-12-24;0;0;0;0;0;0;0;0;0;4416686;3441544;4457;2;3613508;2866;47;0;1
FR;3;2022-12-25;0;0;0;0;0;0;0;0;0;4416686;3441544;4457;2;3613508;2866;47;0;1
FR;3;2022-12-26;0;0;0;0;0;0;0;0;0;4416686;3441544;4457;2;3613508;2866;47;0;1
FR;3;2022-12-27;0;0;0;0;0;0;0;0;0;4416686;3441544;4457;2;3613508;2866;47;0;1
FR;3;2022-12-28;0;0;0;0;0;0;0;0;0;4416686;3441544;4457;2;3613508;2866;47;0;1
FR;4;2020-12-27;0;0;0;0;0;0;0;0;0;0;0;0;0;0;0;0;0;0
FR;4;2020-12-28;0;0;0;0;0;0;0;0;0;0;0;0;0;0;0;0;0;0
FR;4;2020-12-29;0;0;0;0;0;0;0;0;0;0;0;0;0;0;0;0;0;0
FR;4;2020-12-30;0;0;0;0;0;0;0;0;0;0;0;0;0;0;0;0;0;0
FR;4;2020-12-31;0;0;0;0;0;0;0;0;0;0;0;0;0;0;0;0;0;0
FR;4;2021-01-01;0;0;0;0;0;0;0;0;0;0;0;0;0;0;0;0;0;0
FR;4;2021-01-02;0;0;0;0;0;0;0;0;0;0;0;0;0;0;0;0;0;0
FR;4;2021-01-03;0;0;0;0;0;0;0;0;0;0;0;0;0;0;0;0;0;0
FR;4;2021-01-04;0;0;0;0;0;0;0;0;0;0;0;0;0;0;0;0;0;0
FR;4;2021-01-05;0;0;0;0;0;0;0;0;0;0;0;0;0;0;0;0;0;0
FR;4;2021-01-06;0;0;0;0;0;0;0;0;0;0;0;0;0;0;0;0;0;0
FR;4;2021-01-07;0;0;0;0;0;0;0;0;0;0;0;0;0;0;0;0;0;0
FR;4;2021-01-08;0;0;0;0;0;0;0;0;0;0;0;0;0;0;0;0;0;0
FR;4;2021-01-09;0;0;0;0;0;0;0;0;0;0;0;0;0;0;0;0;0;0
FR;4;2021-01-10;0;0;0;0;0;0;0;0;0;0;0;0;0;0;0;0;0;0
FR;4;2021-01-11;0;0;0;0;0;0;0;0;0;0;0;0;0;0;0;0;0;0
FR;4;2021-01-12;0;0;0;0;0;0;0;0;0;0;0;0;0;0;0;0;0;0
FR;4;2021-01-13;0;0;0;0;0;0;0;0;0;0;0;0;0;0;0;0;0;0
FR;4;2021-01-14;0;0;0;0;0;0;0;0;0;0;0;0;0;0;0;0;0;0
FR;4;2021-01-15;0;0;0;0;0;0;0;0;0;0;0;0;0;0;0;0;0;0
FR;4;2021-01-16;0;0;0;0;0;0;0;0;0;0;0;0;0;0;0;0;0;0
FR;4;2021-01-17;0;0;0;0;0;0;0;0;0;0;0;0;0;0;0;0;0;0
FR;4;2021-01-18;0;0;0;0;0;0;0;0;0;0;0;0;0;0;0;0;0;0
FR;4;2021-01-19;0;0;0;0;0;0;0;0;0;0;0;0;0;0;0;0;0;0
FR;4;2021-01-20;0;0;0;0;0;0;0;0;0;0;0;0;0;0;0;0;0;0
FR;4;2021-01-21;0;0;0;0;0;0;0;0;0;0;0;0;0;0;0;0;0;0
FR;4;2021-01-22;0;0;0;0;0;0;0;0;0;0;0;0;0;0;0;0;0;0
FR;4;2021-01-23;0;0;0;0;0;0;0;0;0;0;0;0;0;0;0;0;0;0
FR;4;2021-01-24;0;0;0;0;0;0;0;0;0;0;0;0;0;0;0;0;0;0
FR;4;2021-01-25;0;0;0;0;0;0;0;0;0;0;0;0;0;0;0;0;0;0
FR;4;2021-01-26;0;0;0;0;0;0;0;0;0;0;0;0;0;0;0;0;0;0
FR;4;2021-01-27;0;0;0;0;0;0;0;0;0;0;0;0;0;0;0;0;0;0
FR;4;2021-01-28;0;0;0;0;0;0;0;0;0;0;0;0;0;0;0;0;0;0
FR;4;2021-01-29;0;0;0;0;0;0;0;0;0;0;0;0;0;0;0;0;0;0
FR;4;2021-01-30;0;0;0;0;0;0;0;0;0;0;0;0;0;0;0;0;0;0
FR;4;2021-01-31;0;0;0;0;0;0;0;0;0;0;0;0;0;0;0;0;0;0
FR;4;2021-02-01;0;0;0;0;0;0;0;0;0;0;0;0;0;0;0;0;0;0
FR;4;2021-02-02;0;0;0;0;0;0;0;0;0;0;0;0;0;0;0;0;0;0
FR;4;2021-02-03;0;0;0;0;0;0;0;0;0;0;0;0;0;0;0;0;0;0
FR;4;2021-02-04;0;0;0;0;0;0;0;0;0;0;0;0;0;0;0;0;0;0
FR;4;2021-02-05;0;0;0;0;0;0;0;0;0;0;0;0;0;0;0;0;0;0
FR;4;2021-02-06;0;0;0;0;0;0;0;0;0;0;0;0;0;0;0;0;0;0
FR;4;2021-02-07;0;0;0;0;0;0;0;0;0;0;0;0;0;0;0;0;0;0
FR;4;2021-02-08;0;0;0;0;0;0;0;0;0;0;0;0;0;0;0;0;0;0
FR;4;2021-02-09;0;0;0;0;0;0;0;0;0;0;0;0;0;0;0;0;0;0
FR;4;2021-02-10;0;0;0;0;0;0;0;0;0;0;0;0;0;0;0;0;0;0
FR;4;2021-02-11;0;0;0;0;0;0;0;0;0;0;0;0;0;0;0;0;0;0
FR;4;2021-02-12;0;0;0;0;0;0;0;0;0;0;0;0;0;0;0;0;0;0
FR;4;2021-02-13;0;0;0;0;0;0;0;0;0;0;0;0;0;0;0;0;0;0
FR;4;2021-02-14;0;0;0;0;0;0;0;0;0;0;0;0;0;0;0;0;0;0
FR;4;2021-02-15;0;0;0;0;0;0;0;0;0;0;0;0;0;0;0;0;0;0
FR;4;2021-02-16;0;0;0;0;0;0;0;0;0;0;0;0;0;0;0;0;0;0
FR;4;2021-02-17;0;0;0;0;0;0;0;0;0;0;0;0;0;0;0;0;0;0
FR;4;2021-02-18;0;0;0;0;0;0;0;0;0;0;0;0;0;0;0;0;0;0
FR;4;2021-02-19;0;0;0;0;0;0;0;0;0;0;0;0;0;0;0;0;0;0
FR;4;2021-02-20;0;0;0;0;0;0;0;0;0;0;0;0;0;0;0;0;0;0
FR;4;2021-02-21;0;0;0;0;0;0;0;0;0;0;0;0;0;0;0;0;0;0
FR;4;2021-02-22;0;0;0;0;0;0;0;0;0;0;0;0;0;0;0;0;0;0
FR;4;2021-02-23;0;0;0;0;0;0;0;0;0;0;0;0;0;0;0;0;0;0
FR;4;2021-02-24;0;0;0;0;0;0;0;0;0;0;0;0;0;0;0;0;0;0
FR;4;2021-02-25;0;0;0;0;0;0;0;0;0;0;0;0;0;0;0;0;0;0
FR;4;2021-02-26;0;0;0;0;0;0;0;0;0;0;0;0;0;0;0;0;0;0
FR;4;2021-02-27;0;0;0;0;0;0;0;0;0;0;0;0;0;0;0;0;0;0
FR;4;2021-02-28;0;0;0;0;0;0;0;0;0;0;0;0;0;0;0;0;0;0
FR;4;2021-03-01;0;0;0;0;0;0;0;0;0;0;0;0;0;0;0;0;0;0
FR;4;2021-03-02;0;0;0;0;0;0;0;0;0;0;0;0;0;0;0;0;0;0
FR;4;2021-03-03;0;0;0;0;0;0;0;0;0;0;0;0;0;0;0;0;0;0
FR;4;2021-03-04;0;0;0;0;0;0;0;0;0;0;0;0;0;0;0;0;0;0
FR;4;2021-03-05;0;0;0;0;0;0;0;0;0;0;0;0;0;0;0;0;0;0
FR;4;2021-03-06;0;0;0;0;0;0;0;0;0;0;0;0;0;0;0;0;0;0
FR;4;2021-03-07;0;0;0;0;0;0;0;0;0;0;0;0;0;0;0;0;0;0
FR;4;2021-03-08;0;0;0;0;0;0;0;0;0;0;0;0;0;0;0;0;0;0
FR;4;2021-03-09;0;0;0;0;0;0;0;0;0;0;0;0;0;0;0;0;0;0
FR;4;2021-03-10;0;0;0;0;0;0;0;0;0;0;0;0;0;0;0;0;0;0
FR;4;2021-03-11;0;0;0;0;0;0;0;0;0;0;0;0;0;0;0;0;0;0
FR;4;2021-03-12;0;0;0;0;0;0;0;0;0;0;0;0;0;0;0;0;0;0
FR;4;2021-03-13;0;0;0;0;0;0;0;0;0;0;0;0;0;0;0;0;0;0
FR;4;2021-03-14;0;0;0;0;0;0;0;0;0;0;0;0;0;0;0;0;0;0
FR;4;2021-03-15;0;0;0;0;0;0;0;0;0;0;0;0;0;0;0;0;0;0
FR;4;2021-03-16;0;0;0;0;0;0;0;0;0;0;0;0;0;0;0;0;0;0
FR;4;2021-03-17;0;0;0;0;0;0;0;0;0;0;0;0;0;0;0;0;0;0
FR;4;2021-03-18;0;0;0;0;0;0;0;0;0;0;0;0;0;0;0;0;0;0
FR;4;2021-03-19;0;0;0;0;0;0;0;0;0;0;0;0;0;0;0;0;0;0
FR;4;2021-03-20;0;0;0;0;0;0;0;0;0;0;0;0;0;0;0;0;0;0
FR;4;2021-03-21;0;0;0;0;0;0;0;0;0;0;0;0;0;0;0;0;0;0
FR;4;2021-03-22;0;0;0;0;0;0;0;0;0;0;0;0;0;0;0;0;0;0
FR;4;2021-03-23;0;0;0;0;0;0;0;0;0;0;0;0;0;0;0;0;0;0
FR;4;2021-03-24;0;0;0;0;0;0;0;0;0;0;0;0;0;0;0;0;0;0
FR;4;2021-03-25;0;0;0;0;0;0;0;0;0;0;0;0;0;0;0;0;0;0
FR;4;2021-03-26;0;0;0;0;0;0;0;0;0;0;0;0;0;0;0;0;0;0
FR;4;2021-03-27;0;0;0;0;0;0;0;0;0;0;0;0;0;0;0;0;0;0
FR;4;2021-03-28;0;0;0;0;0;0;0;0;0;0;0;0;0;0;0;0;0;0
FR;4;2021-03-29;0;0;0;0;0;0;0;0;0;0;0;0;0;0;0;0;0;0
FR;4;2021-03-30;0;0;0;0;0;0;0;0;0;0;0;0;0;0;0;0;0;0
FR;4;2021-03-31;0;0;0;0;0;0;0;0;0;0;0;0;0;0;0;0;0;0
FR;4;2021-04-01;0;0;0;0;0;0;0;0;0;0;0;0;0;0;0;0;0;0
FR;4;2021-04-02;0;0;0;0;0;0;0;0;0;0;0;0;0;0;0;0;0;0
FR;4;2021-04-03;0;0;0;0;0;0;0;0;0;0;0;0;0;0;0;0;0;0
FR;4;2021-04-04;0;0;0;0;0;0;0;0;0;0;0;0;0;0;0;0;0;0
FR;4;2021-04-05;0;0;0;0;0;0;0;0;0;0;0;0;0;0;0;0;0;0
FR;4;2021-04-06;0;0;0;0;0;0;0;0;0;0;0;0;0;0;0;0;0;0
FR;4;2021-04-07;0;0;0;0;0;0;0;0;0;0;0;0;0;0;0;0;0;0
FR;4;2021-04-08;0;0;0;0;0;0;0;0;0;0;0;0;0;0;0;0;0;0
FR;4;2021-04-09;0;0;0;0;0;0;0;0;0;0;0;0;0;0;0;0;0;0
FR;4;2021-04-10;0;0;0;0;0;0;0;0;0;0;0;0;0;0;0;0;0;0
FR;4;2021-04-11;0;0;0;0;0;0;0;0;0;0;0;0;0;0;0;0;0;0
FR;4;2021-04-12;0;0;0;0;0;0;0;0;0;0;0;0;0;0;0;0;0;0
FR;4;2021-04-13;0;0;0;0;0;0;0;0;0;0;0;0;0;0;0;0;0;0
FR;4;2021-04-14;0;0;0;0;0;0;0;0;0;0;0;0;0;0;0;0;0;0
FR;4;2021-04-15;0;0;0;0;0;0;0;0;0;0;0;0;0;0;0;0;0;0
FR;4;2021-04-16;0;0;0;0;0;0;0;0;0;0;0;0;0;0;0;0;0;0
FR;4;2021-04-17;0;0;0;0;0;0;0;0;0;0;0;0;0;0;0;0;0;0
FR;4;2021-04-18;0;0;0;0;0;0;0;0;0;0;0;0;0;0;0;0;0;0
FR;4;2021-04-19;0;0;0;0;0;0;0;0;0;0;0;0;0;0;0;0;0;0
FR;4;2021-04-20;0;0;0;0;0;0;0;0;0;0;0;0;0;0;0;0;0;0
FR;4;2021-04-21;0;0;0;0;0;0;0;0;0;0;0;0;0;0;0;0;0;0
FR;4;2021-04-22;0;0;0;0;0;0;0;0;0;0;0;0;0;0;0;0;0;0
FR;4;2021-04-23;3697;0;0;0;3656;0;0;0;0;3697;0;0;0;3656;0;0;0;0
FR;4;2021-04-24;1569;1;0;0;1558;0;0;0;0;5266;1;0;0;5214;0;0;0;0
FR;4;2021-04-25;125;0;0;0;125;0;0;0;0;5391;1;0;0;5339;0;0;0;0
FR;4;2021-04-26;2871;1;0;0;2860;0;0;0;0;8262;2;0;0;8199;0;0;0;0
FR;4;2021-04-27;9520;3;0;0;9501;0;0;0;0;17782;5;0;0;17700;0;0;0;0
FR;4;2021-04-28;9909;6;0;0;9884;0;0;0;0;27691;11;0;0;27584;0;0;0;0
FR;4;2021-04-29;15996;8;0;0;15980;0;0;0;0;43687;19;0;0;43564;0;0;0;0
FR;4;2021-04-30;19234;10;0;0;19204;0;0;0;0;62921;29;0;0;62768;0;0;0;0
FR;4;2021-05-01;1994;6;0;0;1992;0;0;0;0;64915;35;0;0;64760;0;0;0;0
FR;4;2021-05-02;484;0;0;0;481;0;0;0;0;65399;35;0;0;65241;0;0;0;0
FR;4;2021-05-03;5067;2;0;0;5060;0;0;0;0;70466;37;0;0;70301;0;0;0;0
FR;4;2021-05-04;8410;11;0;0;8399;0;0;0;0;78876;48;0;0;78700;0;0;0;0
FR;4;2021-05-05;6190;7;0;0;6185;0;0;0;0;85066;55;0;0;84885;0;0;0;0
FR;4;2021-05-06;11388;11;0;0;11385;0;0;0;0;96454;66;0;0;96270;0;0;0;0
FR;4;2021-05-07;19127;9;0;0;19088;0;0;0;0;115581;75;0;0;115358;0;0;0;0
FR;4;2021-05-08;2378;6;0;0;2382;0;0;0;0;117959;81;0;0;117740;0;0;0;0
FR;4;2021-05-09;690;3;0;0;691;0;0;0;0;118649;84;0;0;118431;0;0;0;0
FR;4;2021-05-10;7244;5;1;0;7241;0;0;0;0;125893;89;1;0;125672;0;0;0;0
FR;4;2021-05-11;14325;12;0;0;14305;0;0;0;0;140218;101;1;0;139977;0;0;0;0
FR;4;2021-05-12;10176;15;0;0;10179;0;0;0;0;150394;116;1;0;150156;0;0;0;0
FR;4;2021-05-13;1583;4;0;0;1584;0;0;0;0;151977;120;1;0;151740;0;0;0;0
FR;4;2021-05-14;7768;7;0;0;7762;0;0;0;0;159745;127;1;0;159502;0;0;0;0
FR;4;2021-05-15;3721;8;1;0;3720;0;0;0;0;163466;135;2;0;163222;0;0;0;0
FR;4;2021-05-16;417;1;0;0;417;0;0;0;0;163883;136;2;0;163639;0;0;0;0
FR;4;2021-05-17;4481;7;0;0;4480;0;0;0;0;168364;143;2;0;168119;0;0;0;0
FR;4;2021-05-18;8769;10;0;0;8769;0;0;0;0;177133;153;2;0;176888;0;0;0;0
FR;4;2021-05-19;5698;7;0;0;5700;0;0;0;0;182831;160;2;0;182588;0;0;0;0
FR;4;2021-05-20;9487;8;0;0;9479;0;0;0;0;192318;168;2;0;192067;0;0;0;0
FR;4;2021-05-21;12814;30;0;0;12821;0;0;0;0;205132;198;2;0;204888;0;0;0;0
FR;4;2021-05-22;5061;15;0;0;5068;0;0;0;0;210193;213;2;0;209956;0;0;0;0
FR;4;2021-05-23;497;4;0;0;500;0;0;0;0;210690;217;2;0;210456;0;0;0;0
FR;4;2021-05-24;1059;7;0;0;1063;0;0;0;0;211749;224;2;0;211519;0;0;0;0
FR;4;2021-05-25;7634;16;0;0;7640;0;0;0;0;219383;240;2;0;219159;0;0;0;0
FR;4;2021-05-26;7730;16;0;0;7739;0;0;0;0;227113;256;2;0;226898;0;0;0;0
FR;4;2021-05-27;14336;35;0;0;14345;0;0;0;0;241449;291;2;0;241243;0;0;0;0
FR;4;2021-05-28;26593;82;1;0;26634;0;0;0;0;268042;373;3;0;267877;0;0;0;0
FR;4;2021-05-29;11385;18;0;0;11385;0;0;0;0;279427;391;3;0;279262;0;0;0;0
FR;4;2021-05-30;974;7;0;0;973;0;0;0;0;280401;398;3;0;280235;0;0;0;0
FR;4;2021-05-31;12699;21;0;0;12699;0;0;0;0;293100;419;3;0;292934;0;0;0;0
FR;4;2021-06-01;20279;48;1;0;20297;0;0;0;0;313379;467;4;0;313231;0;0;0;0
FR;4;2021-06-02;14523;33;0;0;14536;0;0;0;0;327902;500;4;0;327767;0;0;0;0
FR;4;2021-06-03;19435;24;1;0;19433;0;0;0;0;347337;524;5;0;347200;0;0;0;0
FR;4;2021-06-04;22518;48;0;0;22536;0;0;0;0;369855;572;5;0;369736;0;0;0;0
FR;4;2021-06-05;9715;32;0;0;9719;0;0;0;0;379570;604;5;0;379455;0;0;0;0
FR;4;2021-06-06;1041;1;0;0;1037;0;0;0;0;380611;605;5;0;380492;0;0;0;0
FR;4;2021-06-07;9230;19;0;0;9237;0;0;0;0;389841;624;5;0;389729;0;0;0;0
FR;4;2021-06-08;14614;32;0;0;14626;0;0;0;0;404455;656;5;0;404355;0;0;0;0
FR;4;2021-06-09;12214;25;0;0;12222;0;0;0;0;416669;681;5;0;416577;0;0;0;0
FR;4;2021-06-10;15406;30;0;0;15414;0;0;0;0;432075;711;5;0;431991;0;0;0;0
FR;4;2021-06-11;16986;57;0;0;17013;0;0;0;0;449061;768;5;0;449004;0;0;0;0
FR;4;2021-06-12;7452;27;0;0;7477;0;0;0;0;456513;795;5;0;456481;0;0;0;0
FR;4;2021-06-13;908;3;0;0;910;0;0;0;0;457421;798;5;0;457391;0;0;0;0
FR;4;2021-06-14;6651;27;0;0;6661;0;0;0;0;464072;825;5;0;464052;0;0;0;0
FR;4;2021-06-15;10894;39;0;0;10911;0;0;0;0;474966;864;5;0;474963;0;0;0;0
FR;4;2021-06-16;8909;17;0;0;8917;0;0;0;0;483875;881;5;0;483880;0;0;0;0
FR;4;2021-06-17;10901;37;0;0;10913;0;0;0;0;494776;918;5;0;494793;0;0;0;0
FR;4;2021-06-18;12425;45;0;0;12452;0;0;0;0;507201;963;5;0;507245;0;0;0;0
FR;4;2021-06-19;5567;25;0;0;5587;0;0;0;0;512768;988;5;0;512832;0;0;0;0
FR;4;2021-06-20;827;5;0;0;831;0;0;0;0;513595;993;5;0;513663;0;0;0;0
FR;4;2021-06-21;5103;21;0;0;5103;0;0;0;0;518698;1014;5;0;518766;0;0;0;0
FR;4;2021-06-22;7914;29;2;0;7932;0;0;0;0;526612;1043;7;0;526698;0;0;0;0
FR;4;2021-06-23;7104;42;2;0;7131;0;0;0;0;533716;1085;9;0;533829;0;0;0;0
FR;4;2021-06-24;8655;46;1;0;8687;0;0;0;0;542371;1131;10;0;542516;0;0;0;0
FR;4;2021-06-25;10177;41;2;0;10209;0;0;0;0;552548;1172;12;0;552725;0;0;0;0
FR;4;2021-06-26;4853;21;0;0;4870;0;0;0;0;557401;1193;12;0;557595;0;0;0;0
FR;4;2021-06-27;768;4;0;0;770;0;0;0;0;558169;1197;12;0;558365;0;0;0;0
FR;4;2021-06-28;4834;16;1;0;4842;0;0;0;0;563003;1213;13;0;563207;0;0;0;0
FR;4;2021-06-29;7110;28;2;0;7119;0;0;0;0;570113;1241;15;0;570326;0;0;0;0
FR;4;2021-06-30;6726;40;2;0;6754;0;0;0;0;576839;1281;17;0;577080;0;0;0;0
FR;4;2021-07-01;8212;42;0;0;8234;0;0;0;0;585051;1323;17;0;585314;0;0;0;0
FR;4;2021-07-02;9429;53;1;0;9469;0;0;0;0;594480;1376;18;0;594783;0;0;0;0
FR;4;2021-07-03;4846;20;0;0;4861;0;0;0;0;599326;1396;18;0;599644;0;0;0;0
FR;4;2021-07-04;690;5;0;0;692;0;0;0;0;600016;1401;18;0;600336;0;0;0;0
FR;4;2021-07-05;4771;19;2;0;4782;0;0;0;0;604787;1420;20;0;605118;0;0;0;0
FR;4;2021-07-06;7728;29;4;0;7741;0;0;0;0;612515;1449;24;0;612859;0;0;0;0
FR;4;2021-07-07;7084;34;2;0;7097;0;0;0;0;619599;1483;26;0;619956;0;0;0;0
FR;4;2021-07-08;9232;40;2;0;9255;0;0;0;0;628831;1523;28;0;629211;0;0;0;0
FR;4;2021-07-09;10281;34;1;0;10304;0;0;0;0;639112;1557;29;0;639515;0;0;0;0
FR;4;2021-07-10;4639;14;2;0;4646;0;0;0;0;643751;1571;31;0;644161;0;0;0;0
FR;4;2021-07-11;583;4;1;0;581;0;0;0;0;644334;1575;32;0;644742;0;0;0;0
FR;4;2021-07-12;5877;29;0;0;5899;0;0;0;0;650211;1604;32;0;650641;0;0;0;0
FR;4;2021-07-13;14231;29;0;0;14249;0;0;0;0;664442;1633;32;0;664890;0;0;0;0
FR;4;2021-07-14;2291;15;0;0;2291;0;0;0;0;666733;1648;32;0;667181;0;0;0;0
FR;4;2021-07-15;18238;37;0;0;18255;0;0;0;0;684971;1685;32;0;685436;0;0;0;0
FR;4;2021-07-16;22837;71;2;0;22887;0;0;0;0;707808;1756;34;0;708323;0;0;0;0
FR;4;2021-07-17;9740;20;0;0;9749;0;0;0;0;717548;1776;34;0;718072;0;0;0;0
FR;4;2021-07-18;1358;5;0;0;1361;0;0;0;0;718906;1781;34;0;719433;0;0;0;0
FR;4;2021-07-19;12991;30;1;0;13016;0;0;0;0;731897;1811;35;0;732449;0;0;0;0
FR;4;2021-07-20;17343;26;1;0;17359;0;0;0;0;749240;1837;36;0;749808;0;0;0;0
FR;4;2021-07-21;15621;33;0;0;15641;0;0;0;0;764861;1870;36;0;765449;0;0;0;0
FR;4;2021-07-22;18246;44;2;0;18270;0;0;0;0;783107;1914;38;0;783719;0;0;0;0
FR;4;2021-07-23;20418;57;7;0;20451;0;0;0;0;803525;1971;45;0;804170;0;0;0;0
FR;4;2021-07-24;9289;33;0;0;9304;0;0;0;0;812814;2004;45;0;813474;0;0;0;0
FR;4;2021-07-25;1354;10;0;0;1356;0;0;0;0;814168;2014;45;0;814830;0;0;0;0
FR;4;2021-07-26;11043;23;0;0;11050;0;0;0;0;825211;2037;45;0;825880;0;0;0;0
FR;4;2021-07-27;14686;35;3;0;14706;0;0;0;0;839897;2072;48;0;840586;0;0;0;0
FR;4;2021-07-28;12933;26;2;0;12950;0;0;0;0;852830;2098;50;0;853536;0;0;0;0
FR;4;2021-07-29;14093;54;4;0;14134;0;0;0;0;866923;2152;54;0;867670;0;0;0;0
FR;4;2021-07-30;15502;46;2;0;15533;0;0;0;0;882425;2198;56;0;883203;0;0;0;0
FR;4;2021-07-31;6845;14;2;0;6855;0;0;0;0;889270;2212;58;0;890058;0;0;0;0
FR;4;2021-08-01;906;1;0;0;901;0;0;0;0;890176;2213;58;0;890959;0;0;0;0
FR;4;2021-08-02;7918;31;0;0;7919;0;0;0;0;898094;2244;58;0;898878;0;0;0;0
FR;4;2021-08-03;10802;31;2;0;10798;0;0;0;0;908896;2275;60;0;909676;0;0;0;0
FR;4;2021-08-04;9748;29;0;0;9747;0;0;0;0;918644;2304;60;0;919423;0;0;0;0
FR;4;2021-08-05;9827;42;0;0;9833;0;0;0;0;928471;2346;60;0;929256;0;0;0;0
FR;4;2021-08-06;10201;30;3;0;10198;0;0;0;0;938672;2376;63;0;939454;0;0;0;0
FR;4;2021-08-07;5100;30;1;0;5116;0;0;0;0;943772;2406;64;0;944570;0;0;0;0
FR;4;2021-08-08;1221;13;0;0;1224;0;0;0;0;944993;2419;64;0;945794;0;0;0;0
FR;4;2021-08-09;6350;31;0;0;6343;0;0;0;0;951343;2450;64;0;952137;0;0;0;0
FR;4;2021-08-10;8753;18;0;0;8724;0;0;0;0;960096;2468;64;0;960861;0;0;0;0
FR;4;2021-08-11;7944;34;4;0;7933;0;0;0;0;968040;2502;68;0;968794;0;0;0;0
FR;4;2021-08-12;8585;31;1;0;8573;0;0;0;0;976625;2533;69;0;977367;0;0;0;0
FR;4;2021-08-13;7558;25;0;1;7545;0;0;0;0;984183;2558;69;1;984912;0;0;0;0
FR;4;2021-08-14;3791;20;0;0;3775;0;0;0;0;987974;2578;69;1;988687;0;0;0;0
FR;4;2021-08-15;771;5;0;0;773;0;0;0;0;988745;2583;69;1;989460;0;0;0;0
FR;4;2021-08-16;4008;17;0;0;4002;0;0;0;0;992753;2600;69;1;993462;0;0;0;0
FR;4;2021-08-17;5630;17;1;0;5620;0;0;0;0;998383;2617;70;1;999082;0;0;0;0
FR;4;2021-08-18;5169;37;0;0;5186;0;0;0;0;1003552;2654;70;1;1004268;0;0;0;0
FR;4;2021-08-19;5487;34;3;0;5501;0;0;0;0;1009039;2688;73;1;1009769;0;0;0;0
FR;4;2021-08-20;5225;25;1;0;5235;0;0;0;0;1014264;2713;74;1;1015004;0;0;0;0
FR;4;2021-08-21;2311;22;1;0;2327;0;0;0;0;1016575;2735;75;1;1017331;0;0;0;0
FR;4;2021-08-22;414;2;0;0;415;0;0;0;0;1016989;2737;75;1;1017746;0;0;0;0
FR;4;2021-08-23;2932;20;1;0;2939;0;0;0;0;1019921;2757;76;1;1020685;0;0;0;0
FR;4;2021-08-24;3758;15;0;0;3761;0;0;0;0;1023679;2772;76;1;1024446;0;0;0;0
FR;4;2021-08-25;3545;25;1;0;3561;0;0;0;0;1027224;2797;77;1;1028007;0;0;0;0
FR;4;2021-08-26;3715;21;2;0;3727;0;0;0;0;1030939;2818;79;1;1031734;0;0;0;0
FR;4;2021-08-27;3617;31;2;0;3635;0;0;0;0;1034556;2849;81;1;1035369;0;0;0;0
FR;4;2021-08-28;1730;10;1;0;1735;0;0;0;0;1036286;2859;82;1;1037104;0;0;0;0
FR;4;2021-08-29;385;7;1;0;389;0;0;0;0;1036671;2866;83;1;1037493;0;0;0;0
FR;4;2021-08-30;2010;25;0;0;2018;16;0;0;0;1038681;2891;83;1;1039511;16;0;0;0
FR;4;2021-08-31;2486;21;0;0;2493;14;0;0;0;1041167;2912;83;1;1042004;30;0;0;0
FR;4;2021-09-01;2085;38;1;0;2097;21;0;0;0;1043252;2950;84;1;1044101;51;0;0;0
FR;4;2021-09-02;2307;31;4;0;2320;18;0;0;0;1045559;2981;88;1;1046421;69;0;0;0
FR;4;2021-09-03;2364;44;5;0;2373;36;0;0;0;1047923;3025;93;1;1048794;105;0;0;0
FR;4;2021-09-04;1374;18;0;0;1381;9;0;0;0;1049297;3043;93;1;1050175;114;0;0;0
FR;4;2021-09-05;433;2;0;0;433;2;0;0;0;1049730;3045;93;1;1050608;116;0;0;0
FR;4;2021-09-06;1713;62;0;0;1750;24;0;0;0;1051443;3107;93;1;1052358;140;0;0;0
FR;4;2021-09-07;1680;18;0;0;1689;8;0;0;0;1053123;3125;93;1;1054047;148;0;0;0
FR;4;2021-09-08;1286;26;3;0;1291;19;0;0;0;1054409;3151;96;1;1055338;167;0;0;0
FR;4;2021-09-09;1392;23;2;0;1402;9;0;0;0;1055801;3174;98;1;1056740;176;0;0;0
FR;4;2021-09-10;1521;31;2;0;1525;23;1;0;0;1057322;3205;100;1;1058265;199;1;0;0
FR;4;2021-09-11;745;11;0;0;748;3;0;0;0;1058067;3216;100;1;1059013;202;1;0;0
FR;4;2021-09-12;169;4;0;0;170;3;0;0;0;1058236;3220;100;1;1059183;205;1;0;0
FR;4;2021-09-13;1323;22;1;0;1326;16;0;0;0;1059559;3242;101;1;1060509;221;1;0;0
FR;4;2021-09-14;1503;9;2;0;1505;7;0;0;0;1061062;3251;103;1;1062014;228;1;0;0
FR;4;2021-09-15;1095;28;1;0;1098;25;0;0;0;1062157;3279;104;1;1063112;253;1;0;0
FR;4;2021-09-16;1105;22;2;0;1109;15;0;0;0;1063262;3301;106;1;1064221;268;1;0;0
FR;4;2021-09-17;897;21;1;0;904;12;0;0;0;1064159;3322;107;1;1065125;280;1;0;0
FR;4;2021-09-18;464;7;1;0;465;6;0;0;0;1064623;3329;108;1;1065590;286;1;0;0
FR;4;2021-09-19;182;3;0;0;183;2;0;0;0;1064805;3332;108;1;1065773;288;1;0;0
FR;4;2021-09-20;452;19;0;0;458;13;0;0;0;1065257;3351;108;1;1066231;301;1;0;0
FR;4;2021-09-21;432;11;0;0;434;7;0;0;0;1065689;3362;108;1;1066665;308;1;0;0
FR;4;2021-09-22;376;19;2;0;383;13;0;0;0;1066065;3381;110;1;1067048;321;1;0;0
FR;4;2021-09-23;485;15;1;0;486;14;0;0;0;1066550;3396;111;1;1067534;335;1;0;0
FR;4;2021-09-24;414;13;2;0;418;9;0;0;0;1066964;3409;113;1;1067952;344;1;0;0
FR;4;2021-09-25;280;10;1;0;281;5;0;0;0;1067244;3419;114;1;1068233;349;1;0;0
FR;4;2021-09-26;74;2;0;0;75;1;0;0;0;1067318;3421;114;1;1068308;350;1;0;0
FR;4;2021-09-27;269;10;1;0;270;8;0;0;0;1067587;3431;115;1;1068578;358;1;0;0
FR;4;2021-09-28;319;8;0;0;319;8;0;0;0;1067906;3439;115;1;1068897;366;1;0;0
FR;4;2021-09-29;378;19;1;0;380;13;0;0;0;1068284;3458;116;1;1069277;379;1;0;0
FR;4;2021-09-30;365;41;0;0;379;22;0;0;0;1068649;3499;116;1;1069656;401;1;0;0
FR;4;2021-10-01;411;56;0;0;413;50;0;0;0;1069060;3555;116;1;1070069;451;1;0;0
FR;4;2021-10-02;196;22;1;0;198;13;0;0;0;1069256;3577;117;1;1070267;464;1;0;0
FR;4;2021-10-03;86;1;0;0;87;0;0;0;0;1069342;3578;117;1;1070354;464;1;0;0
FR;4;2021-10-04;363;20;1;0;367;16;0;0;0;1069705;3598;118;1;1070721;480;1;0;0
FR;4;2021-10-05;286;19;2;0;288;15;0;0;0;1069991;3617;120;1;1071009;495;1;0;0
FR;4;2021-10-06;249;23;1;0;254;18;0;0;0;1070240;3640;121;1;1071263;513;1;0;0
FR;4;2021-10-07;267;25;2;0;272;13;0;0;0;1070507;3665;123;1;1071535;526;1;0;0
FR;4;2021-10-08;357;24;2;0;360;20;0;0;0;1070864;3689;125;1;1071895;546;1;0;0
FR;4;2021-10-09;194;6;6;0;195;7;0;0;0;1071058;3695;131;1;1072090;553;1;0;0
FR;4;2021-10-10;97;3;2;0;99;3;0;0;0;1071155;3698;133;1;1072189;556;1;0;0
FR;4;2021-10-11;251;15;1;0;252;14;0;0;0;1071406;3713;134;1;1072441;570;1;0;0
FR;4;2021-10-12;211;14;0;0;211;13;0;0;0;1071617;3727;134;1;1072652;583;1;0;0
FR;4;2021-10-13;221;28;1;0;224;25;0;0;0;1071838;3755;135;1;1072876;608;1;0;0
FR;4;2021-10-14;315;21;4;0;319;15;0;0;0;1072153;3776;139;1;1073195;623;1;0;0
FR;4;2021-10-15;322;24;5;0;323;25;0;0;0;1072475;3800;144;1;1073518;648;1;0;0
FR;4;2021-10-16;166;6;2;0;166;6;0;0;0;1072641;3806;146;1;1073684;654;1;0;0
FR;4;2021-10-17;70;2;0;0;71;1;0;0;0;1072711;3808;146;1;1073755;655;1;0;0
FR;4;2021-10-18;281;16;1;0;283;13;0;0;0;1072992;3824;147;1;1074038;668;1;0;0
FR;4;2021-10-19;216;14;2;0;216;15;0;0;0;1073208;3838;149;1;1074254;683;1;0;0
FR;4;2021-10-20;231;27;4;0;234;15;0;0;0;1073439;3865;153;1;1074488;698;1;0;0
FR;4;2021-10-21;243;18;0;0;245;14;0;0;0;1073682;3883;153;1;1074733;712;1;0;0
FR;4;2021-10-22;217;25;2;0;219;20;1;0;0;1073899;3908;155;1;1074952;732;2;0;0
FR;4;2021-10-23;116;16;1;0;117;15;0;0;0;1074015;3924;156;1;1075069;747;2;0;0
FR;4;2021-10-24;39;4;0;0;39;1;0;0;0;1074054;3928;156;1;1075108;748;2;0;0
FR;4;2021-10-25;218;7;2;0;218;9;0;0;0;1074272;3935;158;1;1075326;757;2;0;0
FR;4;2021-10-26;200;14;0;0;202;12;0;0;0;1074472;3949;158;1;1075528;769;2;0;0
FR;4;2021-10-27;196;12;4;0;196;12;2;0;0;1074668;3961;162;1;1075724;781;4;0;0
FR;4;2021-10-28;186;18;5;0;186;22;0;0;0;1074854;3979;167;1;1075910;803;4;0;0
FR;4;2021-10-29;225;17;2;0;226;15;0;0;0;1075079;3996;169;1;1076136;818;4;0;0
FR;4;2021-10-30;103;2;1;0;104;2;0;0;0;1075182;3998;170;1;1076240;820;4;0;0
FR;4;2021-10-31;59;3;2;0;60;3;0;0;0;1075241;4001;172;1;1076300;823;4;0;0
FR;4;2021-11-01;75;27;4;0;76;24;3;0;0;1075316;4028;176;1;1076376;847;7;0;0
FR;4;2021-11-02;162;21;2;0;163;21;0;0;0;1075478;4049;178;1;1076539;868;7;0;0
FR;4;2021-11-03;132;21;8;1;133;19;6;0;0;1075610;4070;186;2;1076672;887;13;0;0
FR;4;2021-11-04;187;15;1;0;188;12;1;0;0;1075797;4085;187;2;1076860;899;14;0;0
FR;4;2021-11-05;130;17;1;0;131;16;0;0;0;1075927;4102;188;2;1076991;915;14;0;0
FR;4;2021-11-06;81;6;1;0;81;6;0;0;0;1076008;4108;189;2;1077072;921;14;0;0
FR;4;2021-11-07;81;2;2;0;81;4;0;0;0;1076089;4110;191;2;1077153;925;14;0;0
FR;4;2021-11-08;161;20;1;0;162;20;0;0;0;1076250;4130;192;2;1077315;945;14;0;0
FR;4;2021-11-09;158;14;3;0;158;16;0;0;0;1076408;4144;195;2;1077473;961;14;0;0
FR;4;2021-11-10;121;30;6;0;121;32;2;0;0;1076529;4174;201;2;1077594;993;16;0;0
FR;4;2021-11-11;100;10;1;0;100;11;0;0;0;1076629;4184;202;2;1077694;1004;16;0;0
FR;4;2021-11-12;106;19;2;0;107;18;1;0;0;1076735;4203;204;2;1077801;1022;17;0;0
FR;4;2021-11-13;74;15;2;0;75;14;0;0;0;1076809;4218;206;2;1077876;1036;17;0;0
FR;4;2021-11-14;55;5;4;0;56;8;0;0;0;1076864;4223;210;2;1077932;1044;17;0;0
FR;4;2021-11-15;99;26;2;0;101;24;2;0;0;1076963;4249;212;2;1078033;1068;19;0;0
FR;4;2021-11-16;108;14;3;0;108;17;0;0;0;1077071;4263;215;2;1078141;1085;19;0;0
FR;4;2021-11-17;120;30;4;0;120;30;1;0;0;1077191;4293;219;2;1078261;1115;20;0;0
FR;4;2021-11-18;103;34;14;0;105;43;1;0;0;1077294;4327;233;2;1078366;1158;21;0;0
FR;4;2021-11-19;88;21;3;0;88;22;1;0;0;1077382;4348;236;2;1078454;1180;22;0;0
FR;4;2021-11-20;77;8;1;0;77;8;0;0;0;1077459;4356;237;2;1078531;1188;22;0;0
FR;4;2021-11-21;68;7;2;0;68;9;0;0;0;1077527;4363;239;2;1078599;1197;22;0;0
FR;4;2021-11-22;109;28;9;0;110;33;2;0;0;1077636;4391;248;2;1078709;1230;24;0;0
FR;4;2021-11-23;77;31;6;0;78;29;2;0;0;1077713;4422;254;2;1078787;1259;26;0;0
FR;4;2021-11-24;90;23;11;0;92;24;4;0;0;1077803;4445;265;2;1078879;1283;30;0;0
FR;4;2021-11-25;93;28;17;0;94;33;5;0;0;1077896;4473;282;2;1078973;1316;35;0;0
FR;4;2021-11-26;85;43;12;0;89;45;3;0;0;1077981;4516;294;2;1079062;1361;38;0;0
FR;4;2021-11-27;41;22;15;0;41;25;10;0;0;1078022;4538;309;2;1079103;1386;48;0;0
FR;4;2021-11-28;50;8;0;0;51;7;0;0;0;1078072;4546;309;2;1079154;1393;48;0;0
FR;4;2021-11-29;90;31;16;0;90;40;2;0;0;1078162;4577;325;2;1079244;1433;50;0;0
FR;4;2021-11-30;75;37;13;0;75;42;2;0;0;1078237;4614;338;2;1079319;1475;52;0;0
FR;4;2021-12-01;88;60;19;0;88;67;11;0;0;1078325;4674;357;2;1079407;1542;63;0;0
FR;4;2021-12-02;111;48;21;0;115;56;3;0;0;1078436;4722;378;2;1079522;1598;66;0;0
FR;4;2021-12-03;103;36;15;0;103;44;4;0;0;1078539;4758;393;2;1079625;1642;70;0;0
FR;4;2021-12-04;72;31;18;0;74;44;1;0;0;1078611;4789;411;2;1079699;1686;71;0;0
FR;4;2021-12-05;63;7;1;0;64;7;0;0;0;1078674;4796;412;2;1079763;1693;71;0;0
FR;4;2021-12-06;110;46;19;0;110;59;3;0;0;1078784;4842;431;2;1079873;1752;74;0;0
FR;4;2021-12-07;83;37;9;0;86;36;3;0;0;1078867;4879;440;2;1079959;1788;77;0;0
FR;4;2021-12-08;71;31;17;0;73;38;7;0;0;1078938;4910;457;2;1080032;1826;84;0;0
FR;4;2021-12-09;65;32;10;1;65;39;3;0;0;1079003;4942;467;3;1080097;1865;87;0;0
FR;4;2021-12-10;63;64;20;0;64;68;10;0;0;1079066;5006;487;3;1080161;1933;97;0;0
FR;4;2021-12-11;29;34;7;0;29;34;3;0;0;1079095;5040;494;3;1080190;1967;100;0;0
FR;4;2021-12-12;29;12;3;0;29;15;0;0;0;1079124;5052;497;3;1080219;1982;100;0;0
FR;4;2021-12-13;75;41;14;0;77;50;2;0;0;1079199;5093;511;3;1080296;2032;102;0;0
FR;4;2021-12-14;61;43;17;0;62;54;2;0;0;1079260;5136;528;3;1080358;2086;104;0;0
FR;4;2021-12-15;68;64;29;0;68;85;6;0;0;1079328;5200;557;3;1080426;2171;110;0;0
FR;4;2021-12-16;34;45;19;0;35;58;4;0;0;1079362;5245;576;3;1080461;2229;114;0;0
FR;4;2021-12-17;39;55;11;0;39;59;6;0;0;1079401;5300;587;3;1080500;2288;120;0;0
FR;4;2021-12-18;49;30;2;0;50;31;0;0;0;1079450;5330;589;3;1080550;2319;120;0;0
FR;4;2021-12-19;16;4;1;0;17;4;0;0;0;1079466;5334;590;3;1080567;2323;120;0;0
FR;4;2021-12-20;44;38;10;0;45;41;6;0;0;1079510;5372;600;3;1080612;2364;126;0;0
FR;4;2021-12-21;31;32;17;0;33;39;5;0;0;1079541;5404;617;3;1080645;2403;131;0;0
FR;4;2021-12-22;37;38;10;0;38;38;7;0;0;1079578;5442;627;3;1080683;2441;138;0;0
FR;4;2021-12-23;40;45;8;0;40;49;2;0;0;1079618;5487;635;3;1080723;2490;140;0;0
FR;4;2021-12-24;23;28;10;0;25;31;4;0;0;1079641;5515;645;3;1080748;2521;144;0;0
FR;4;2021-12-25;7;3;3;0;7;4;2;0;0;1079648;5518;648;3;1080755;2525;146;0;0
FR;4;2021-12-26;5;3;1;0;6;2;0;0;0;1079653;5521;649;3;1080761;2527;146;0;0
FR;4;2021-12-27;31;41;9;0;32;43;4;0;0;1079684;5562;658;3;1080793;2570;150;0;0
FR;4;2021-12-28;27;28;7;0;29;29;4;0;0;1079711;5590;665;3;1080822;2599;154;0;0
FR;4;2021-12-29;56;25;11;0;57;30;5;0;0;1079767;5615;676;3;1080879;2629;159;0;0
FR;4;2021-12-30;48;19;12;0;51;22;5;0;0;1079815;5634;688;3;1080930;2651;164;0;0
FR;4;2021-12-31;19;6;8;0;20;11;2;0;0;1079834;5640;696;3;1080950;2662;166;0;0
FR;4;2022-01-01;6;4;5;0;6;7;1;0;0;1079840;5644;701;3;1080956;2669;167;0;0
FR;4;2022-01-02;42;5;16;0;42;20;1;0;0;1079882;5649;717;3;1080998;2689;168;0;0
FR;4;2022-01-03;44;55;23;1;46;63;10;0;0;1079926;5704;740;4;1081044;2752;178;0;0
FR;4;2022-01-04;37;28;15;0;38;33;7;0;0;1079963;5732;755;4;1081082;2785;185;0;0
FR;4;2022-01-05;51;24;19;0;57;27;9;0;0;1080014;5756;774;4;1081139;2812;194;0;0
FR;4;2022-01-06;49;22;24;0;49;38;8;0;0;1080063;5778;798;4;1081188;2850;202;0;0
FR;4;2022-01-07;31;20;16;0;33;21;12;0;0;1080094;5798;814;4;1081221;2871;214;0;0
FR;4;2022-01-08;12;6;10;0;13;12;3;0;0;1080106;5804;824;4;1081234;2883;217;0;0
FR;4;2022-01-09;19;2;3;0;20;4;0;0;0;1080125;5806;827;4;1081254;2887;217;0;0
FR;4;2022-01-10;51;22;19;0;51;36;4;0;0;1080176;5828;846;4;1081305;2923;221;0;0
FR;4;2022-01-11;29;31;12;0;33;35;1;0;0;1080205;5859;858;4;1081338;2958;222;0;0
FR;4;2022-01-12;34;21;13;0;36;23;9;0;0;1080239;5880;871;4;1081374;2981;231;0;0
FR;4;2022-01-13;55;20;27;0;56;38;8;0;0;1080294;5900;898;4;1081430;3019;239;0;0
FR;4;2022-01-14;24;30;13;0;25;33;7;0;0;1080318;5930;911;4;1081455;3052;246;0;0
FR;4;2022-01-15;13;6;8;0;14;12;1;0;0;1080331;5936;919;4;1081469;3064;247;0;0
FR;4;2022-01-16;12;9;14;0;12;22;1;0;0;1080343;5945;933;4;1081481;3086;248;0;0
FR;4;2022-01-17;27;19;13;0;27;26;5;0;0;1080370;5964;946;4;1081508;3112;253;0;0
FR;4;2022-01-18;17;13;10;0;17;20;3;0;0;1080387;5977;956;4;1081525;3132;256;0;0
FR;4;2022-01-19;32;23;13;0;32;34;1;0;0;1080419;6000;969;4;1081557;3166;257;0;0
FR;4;2022-01-20;33;34;13;0;35;39;5;0;0;1080452;6034;982;4;1081592;3205;262;0;0
FR;4;2022-01-21;11;12;20;1;11;17;15;0;1;1080463;6046;1002;5;1081603;3222;277;0;1
FR;4;2022-01-22;30;13;3;0;30;14;2;0;0;1080493;6059;1005;5;1081633;3236;279;0;1
FR;4;2022-01-23;8;2;5;0;8;7;0;0;0;1080501;6061;1010;5;1081641;3243;279;0;1
FR;4;2022-01-24;14;21;8;0;15;27;1;0;0;1080515;6082;1018;5;1081656;3270;280;0;1
FR;4;2022-01-25;22;32;10;1;23;38;3;0;0;1080537;6114;1028;6;1081679;3308;283;0;1
FR;4;2022-01-26;19;17;9;1;20;21;4;0;0;1080556;6131;1037;7;1081699;3329;287;0;1
FR;4;2022-01-27;21;18;8;0;22;24;1;0;0;1080577;6149;1045;7;1081721;3353;288;0;1
FR;4;2022-01-28;13;23;8;0;14;26;4;0;0;1080590;6172;1053;7;1081735;3379;292;0;1
FR;4;2022-01-29;17;6;5;0;17;10;0;0;0;1080607;6178;1058;7;1081752;3389;292;0;1
FR;4;2022-01-30;18;3;1;0;18;4;0;0;0;1080625;6181;1059;7;1081770;3393;292;0;1
FR;4;2022-01-31;22;28;8;0;22;32;2;0;0;1080647;6209;1067;7;1081792;3425;294;0;1
FR;4;2022-02-01;13;24;12;0;15;24;9;0;0;1080660;6233;1079;7;1081807;3449;303;0;1
FR;4;2022-02-02;18;11;14;2;18;20;7;0;0;1080678;6244;1093;9;1081825;3469;310;0;1
FR;4;2022-02-03;15;24;10;0;17;28;4;0;0;1080693;6268;1103;9;1081842;3497;314;0;1
FR;4;2022-02-04;7;5;7;0;7;9;3;0;0;1080700;6273;1110;9;1081849;3506;317;0;1
FR;4;2022-02-05;7;14;1;0;8;13;1;0;0;1080707;6287;1111;9;1081857;3519;318;0;1
FR;4;2022-02-06;7;4;4;0;7;7;1;0;0;1080714;6291;1115;9;1081864;3526;319;0;1
FR;4;2022-02-07;15;19;8;0;17;19;6;0;0;1080729;6310;1123;9;1081881;3545;325;0;1
FR;4;2022-02-08;19;21;13;1;21;22;10;0;0;1080748;6331;1136;10;1081902;3567;335;0;1
FR;4;2022-02-09;17;12;9;0;18;17;2;0;0;1080765;6343;1145;10;1081920;3584;337;0;1
FR;4;2022-02-10;22;23;10;0;23;25;7;0;0;1080787;6366;1155;10;1081943;3609;344;0;1
FR;4;2022-02-11;18;15;8;0;18;20;3;0;0;1080805;6381;1163;10;1081961;3629;347;0;1
FR;4;2022-02-12;24;6;3;0;26;7;0;0;0;1080829;6387;1166;10;1081987;3636;347;0;1
FR;4;2022-02-13;7;3;3;0;7;6;0;0;0;1080836;6390;1169;10;1081994;3642;347;0;1
FR;4;2022-02-14;20;10;10;0;20;16;4;0;0;1080856;6400;1179;10;1082014;3658;351;0;1
FR;4;2022-02-15;18;7;2;0;18;8;0;0;0;1080874;6407;1181;10;1082032;3666;351;0;1
FR;4;2022-02-16;16;10;11;0;16;17;3;0;0;1080890;6417;1192;10;1082048;3683;354;0;1
FR;4;2022-02-17;11;4;5;0;11;7;2;0;0;1080901;6421;1197;10;1082059;3690;356;0;1
FR;4;2022-02-18;16;15;8;0;16;21;2;0;0;1080917;6436;1205;10;1082075;3711;358;0;1
FR;4;2022-02-19;16;4;2;0;17;5;0;0;0;1080933;6440;1207;10;1082092;3716;358;0;1
FR;4;2022-02-20;8;3;0;0;9;2;0;0;0;1080941;6443;1207;10;1082101;3718;358;0;1
FR;4;2022-02-21;23;4;4;0;23;6;2;0;0;1080964;6447;1211;10;1082124;3724;360;0;1
FR;4;2022-02-22;8;5;10;0;9;10;4;0;0;1080972;6452;1221;10;1082133;3734;364;0;1
FR;4;2022-02-23;17;6;10;0;17;10;5;0;0;1080989;6458;1231;10;1082150;3744;369;0;1
FR;4;2022-02-24;11;5;4;0;11;7;2;0;0;1081000;6463;1235;10;1082161;3751;371;0;1
FR;4;2022-02-25;16;5;7;0;16;6;6;0;0;1081016;6468;1242;10;1082177;3757;377;0;1
FR;4;2022-02-26;27;3;0;0;27;3;0;0;0;1081043;6471;1242;10;1082204;3760;377;0;1
FR;4;2022-02-27;9;0;1;0;9;1;0;0;0;1081052;6471;1243;10;1082213;3761;377;0;1
FR;4;2022-02-28;18;3;2;0;19;3;1;0;0;1081070;6474;1245;10;1082232;3764;378;0;1
FR;4;2022-03-01;8;4;7;0;8;5;5;0;0;1081078;6478;1252;10;1082240;3769;383;0;1
FR;4;2022-03-02;16;2;5;0;16;6;1;0;0;1081094;6480;1257;10;1082256;3775;384;0;1
FR;4;2022-03-03;17;5;3;0;17;6;1;0;0;1081111;6485;1260;10;1082273;3781;385;0;1
FR;4;2022-03-04;7;8;2;1;7;6;3;0;0;1081118;6493;1262;11;1082280;3787;388;0;1
FR;4;2022-03-05;9;2;0;0;9;2;0;0;0;1081127;6495;1262;11;1082289;3789;388;0;1
FR;4;2022-03-06;4;0;1;0;4;1;0;0;0;1081131;6495;1263;11;1082293;3790;388;0;1
FR;4;2022-03-07;10;6;2;0;10;5;2;0;0;1081141;6501;1265;11;1082303;3795;390;0;1
FR;4;2022-03-08;15;3;0;0;15;3;0;0;0;1081156;6504;1265;11;1082318;3798;390;0;1
FR;4;2022-03-09;9;7;2;0;11;7;0;0;0;1081165;6511;1267;11;1082329;3805;390;0;1
FR;4;2022-03-10;5;1;6;0;5;3;4;0;0;1081170;6512;1273;11;1082334;3808;394;0;1
FR;4;2022-03-11;10;4;5;0;12;2;5;0;0;1081180;6516;1278;11;1082346;3810;399;0;1
FR;4;2022-03-12;10;2;0;0;11;0;0;0;0;1081190;6518;1278;11;1082357;3810;399;0;1
FR;4;2022-03-13;6;2;1;0;7;2;0;0;0;1081196;6520;1279;11;1082364;3812;399;0;1
FR;4;2022-03-14;4;3;1;0;5;3;0;0;0;1081200;6523;1280;11;1082369;3815;399;0;1
FR;4;2022-03-15;8;6;3;0;10;5;2;0;0;1081208;6529;1283;11;1082379;3820;401;0;1
FR;4;2022-03-16;7;3;3;0;7;3;3;0;0;1081215;6532;1286;11;1082386;3823;404;0;1
FR;4;2022-03-17;3;4;1;0;3;5;0;0;0;1081218;6536;1287;11;1082389;3828;404;0;1
FR;4;2022-03-18;9;3;0;0;9;3;0;0;0;1081227;6539;1287;11;1082398;3831;404;0;1
FR;4;2022-03-19;1;1;1;0;1;2;0;0;0;1081228;6540;1288;11;1082399;3833;404;0;1
FR;4;2022-03-20;2;0;2;0;2;1;1;0;0;1081230;6540;1290;11;1082401;3834;405;0;1
FR;4;2022-03-21;6;4;1;0;6;5;0;0;0;1081236;6544;1291;11;1082407;3839;405;0;1
FR;4;2022-03-22;4;2;2;0;4;3;1;0;0;1081240;6546;1293;11;1082411;3842;406;0;1
FR;4;2022-03-23;6;4;5;0;6;8;1;0;0;1081246;6550;1298;11;1082417;3850;407;0;1
FR;4;2022-03-24;2;5;3;1;2;7;2;0;0;1081248;6555;1301;12;1082419;3857;409;0;1
FR;4;2022-03-25;3;1;2;0;3;1;2;0;0;1081251;6556;1303;12;1082422;3858;411;0;1
FR;4;2022-03-26;5;5;0;0;5;5;0;0;0;1081256;6561;1303;12;1082427;3863;411;0;1
FR;4;2022-03-27;1;0;3;0;1;2;1;0;0;1081257;6561;1306;12;1082428;3865;412;0;1
FR;4;2022-03-28;6;1;3;0;7;3;0;0;0;1081263;6562;1309;12;1082435;3868;412;0;1
FR;4;2022-03-29;9;0;4;1;9;0;2;0;0;1081272;6562;1313;13;1082444;3868;414;0;1
FR;4;2022-03-30;3;4;0;0;3;4;0;0;0;1081275;6566;1313;13;1082447;3872;414;0;1
FR;4;2022-03-31;3;3;2;1;3;4;1;0;0;1081278;6569;1315;14;1082450;3876;415;0;1
FR;4;2022-04-01;15;3;5;0;15;6;2;0;0;1081293;6572;1320;14;1082465;3882;417;0;1
FR;4;2022-04-02;4;4;0;0;5;3;0;0;0;1081297;6576;1320;14;1082470;3885;417;0;1
FR;4;2022-04-03;0;1;0;0;0;1;0;0;0;1081297;6577;1320;14;1082470;3886;417;0;1
FR;4;2022-04-04;4;4;4;0;5;5;2;0;0;1081301;6581;1324;14;1082475;3891;419;0;1
FR;4;2022-04-05;4;3;2;1;5;3;2;0;0;1081305;6584;1326;15;1082480;3894;421;0;1
FR;4;2022-04-06;6;1;0;0;6;1;0;0;0;1081311;6585;1326;15;1082486;3895;421;0;1
FR;4;2022-04-07;3;2;3;2;3;5;0;0;0;1081314;6587;1329;17;1082489;3900;421;0;1
FR;4;2022-04-08;4;2;1;0;4;2;1;0;0;1081318;6589;1330;17;1082493;3902;422;0;1
FR;4;2022-04-09;0;0;1;1;0;1;1;0;0;1081318;6589;1331;18;1082493;3903;423;0;1
FR;4;2022-04-10;2;2;0;0;2;2;0;0;0;1081320;6591;1331;18;1082495;3905;423;0;1
FR;4;2022-04-11;4;3;4;0;4;5;2;0;0;1081324;6594;1335;18;1082499;3910;425;0;1
FR;4;2022-04-12;5;1;4;0;5;2;3;0;0;1081329;6595;1339;18;1082504;3912;428;0;1
FR;4;2022-04-13;5;8;2;0;5;10;0;0;0;1081334;6603;1341;18;1082509;3922;428;0;1
FR;4;2022-04-14;6;4;2;1;7;5;1;0;0;1081340;6607;1343;19;1082516;3927;429;0;1
FR;4;2022-04-15;7;9;1;0;7;10;0;0;0;1081347;6616;1344;19;1082523;3937;429;0;1
FR;4;2022-04-16;1;0;0;0;1;0;0;0;0;1081348;6616;1344;19;1082524;3937;429;0;1
FR;4;2022-04-17;3;2;1;0;3;3;0;0;0;1081351;6618;1345;19;1082527;3940;429;0;1
FR;4;2022-04-18;2;2;6;0;2;4;4;0;0;1081353;6620;1351;19;1082529;3944;433;0;1
FR;4;2022-04-19;2;0;1;0;2;0;1;0;0;1081355;6620;1352;19;1082531;3944;434;0;1
FR;4;2022-04-20;15;4;1;1;16;3;1;0;0;1081370;6624;1353;20;1082547;3947;435;0;1
FR;4;2022-04-21;7;1;0;0;7;1;0;0;0;1081377;6625;1353;20;1082554;3948;435;0;1
FR;4;2022-04-22;1;1;2;0;1;2;1;0;0;1081378;6626;1355;20;1082555;3950;436;0;1
FR;4;2022-04-23;2;3;3;0;2;6;0;0;0;1081380;6629;1358;20;1082557;3956;436;0;1
FR;4;2022-04-24;0;3;0;0;0;3;0;0;0;1081380;6632;1358;20;1082557;3959;436;0;1
FR;4;2022-04-25;3;5;3;0;3;8;0;0;0;1081383;6637;1361;20;1082560;3967;436;0;1
FR;4;2022-04-26;5;6;1;0;5;6;1;0;0;1081388;6643;1362;20;1082565;3973;437;0;1
FR;4;2022-04-27;4;1;1;1;5;1;1;0;0;1081392;6644;1363;21;1082570;3974;438;0;1
FR;4;2022-04-28;3;5;5;1;3;7;4;0;0;1081395;6649;1368;22;1082573;3981;442;0;1
FR;4;2022-04-29;6;3;0;0;6;2;0;0;0;1081401;6652;1368;22;1082579;3983;442;0;1
FR;4;2022-04-30;2;1;1;0;2;2;0;0;0;1081403;6653;1369;22;1082581;3985;442;0;1
FR;4;2022-05-01;0;0;0;0;0;0;0;0;0;1081403;6653;1369;22;1082581;3985;442;0;1
FR;4;2022-05-02;5;16;6;0;5;19;3;0;0;1081408;6669;1375;22;1082586;4004;445;0;1
FR;4;2022-05-03;2;6;2;0;2;7;1;0;0;1081410;6675;1377;22;1082588;4011;446;0;1
FR;4;2022-05-04;7;4;1;0;7;4;1;0;0;1081417;6679;1378;22;1082595;4015;447;0;1
FR;4;2022-05-05;3;2;1;1;4;1;2;0;0;1081420;6681;1379;23;1082599;4016;449;0;1
FR;4;2022-05-06;5;3;1;0;6;2;1;0;0;1081425;6684;1380;23;1082605;4018;450;0;1
FR;4;2022-05-07;0;0;0;0;0;0;0;0;0;1081425;6684;1380;23;1082605;4018;450;0;1
FR;4;2022-05-08;1;1;0;0;1;1;0;0;0;1081426;6685;1380;23;1082606;4019;450;0;1
FR;4;2022-05-09;5;1;0;1;5;1;1;0;0;1081431;6686;1380;24;1082611;4020;451;0;1
FR;4;2022-05-10;3;1;0;2;3;3;0;0;0;1081434;6687;1380;26;1082614;4023;451;0;1
FR;4;2022-05-11;3;2;4;0;3;5;1;0;0;1081437;6689;1384;26;1082617;4028;452;0;1
FR;4;2022-05-12;7;4;2;1;7;5;1;0;1;1081444;6693;1386;27;1082624;4033;453;0;2
FR;4;2022-05-13;1;0;2;0;1;2;0;0;0;1081445;6693;1388;27;1082625;4035;453;0;2
FR;4;2022-05-14;0;2;0;0;0;2;0;0;0;1081445;6695;1388;27;1082625;4037;453;0;2
FR;4;2022-05-15;2;2;0;0;4;0;0;0;0;1081447;6697;1388;27;1082629;4037;453;0;2
FR;4;2022-05-16;5;2;2;0;5;2;2;0;0;1081452;6699;1390;27;1082634;4039;455;0;2
FR;4;2022-05-17;5;1;2;0;5;3;0;0;0;1081457;6700;1392;27;1082639;4042;455;0;2
FR;4;2022-05-18;3;6;0;0;3;6;0;0;0;1081460;6706;1392;27;1082642;4048;455;0;2
FR;4;2022-05-19;2;3;3;0;2;5;1;0;0;1081462;6709;1395;27;1082644;4053;456;0;2
FR;4;2022-05-20;4;2;3;0;4;2;3;0;0;1081466;6711;1398;27;1082648;4055;459;0;2
FR;4;2022-05-21;2;0;1;0;2;1;0;0;0;1081468;6711;1399;27;1082650;4056;459;0;2
FR;4;2022-05-22;0;0;1;0;0;1;0;0;0;1081468;6711;1400;27;1082650;4057;459;0;2
FR;4;2022-05-23;0;0;2;0;0;0;2;0;0;1081468;6711;1402;27;1082650;4057;461;0;2
FR;4;2022-05-24;2;4;1;0;2;5;0;0;0;1081470;6715;1403;27;1082652;4062;461;0;2
FR;4;2022-05-25;1;4;1;0;3;3;0;0;0;1081471;6719;1404;27;1082655;4065;461;0;2
FR;4;2022-05-26;5;0;1;0;5;1;0;0;0;1081476;6719;1405;27;1082660;4066;461;0;2
FR;4;2022-05-27;0;2;1;1;0;3;1;0;0;1081476;6721;1406;28;1082660;4069;462;0;2
FR;4;2022-05-28;1;0;0;0;1;0;0;0;0;1081477;6721;1406;28;1082661;4069;462;0;2
FR;4;2022-05-29;1;0;1;0;1;1;0;0;0;1081478;6721;1407;28;1082662;4070;462;0;2
FR;4;2022-05-30;3;4;2;0;3;5;1;0;0;1081481;6725;1409;28;1082665;4075;463;0;2
FR;4;2022-05-31;2;1;0;0;2;1;0;0;0;1081483;6726;1409;28;1082667;4076;463;0;2
FR;4;2022-06-01;3;11;7;0;3;15;3;0;0;1081486;6737;1416;28;1082670;4091;466;0;2
FR;4;2022-06-02;6;7;3;0;6;7;2;0;0;1081492;6744;1419;28;1082676;4098;468;0;2
FR;4;2022-06-03;2;6;4;1;2;7;4;0;0;1081494;6750;1423;29;1082678;4105;472;0;2
FR;4;2022-06-04;0;1;1;1;0;1;2;0;0;1081494;6751;1424;30;1082678;4106;474;0;2
FR;4;2022-06-05;0;0;0;0;0;0;0;0;0;1081494;6751;1424;30;1082678;4106;474;0;2
FR;4;2022-06-06;7;0;3;0;7;2;1;0;0;1081501;6751;1427;30;1082685;4108;475;0;2
FR;4;2022-06-07;6;2;0;1;6;2;1;0;0;1081507;6753;1427;31;1082691;4110;476;0;2
FR;4;2022-06-08;0;5;3;0;1;7;0;0;0;1081507;6758;1430;31;1082692;4117;476;0;2
FR;4;2022-06-09;1;2;0;0;2;1;0;0;0;1081508;6760;1430;31;1082694;4118;476;0;2
FR;4;2022-06-10;3;0;3;0;3;1;2;0;0;1081511;6760;1433;31;1082697;4119;478;0;2
FR;4;2022-06-11;1;0;0;0;1;0;0;0;0;1081512;6760;1433;31;1082698;4119;478;0;2
FR;4;2022-06-12;4;0;0;0;4;0;0;0;0;1081516;6760;1433;31;1082702;4119;478;0;2
FR;4;2022-06-13;5;2;3;0;6;2;1;0;0;1081521;6762;1436;31;1082708;4121;479;0;2
FR;4;2022-06-14;4;3;0;0;5;2;0;0;0;1081525;6765;1436;31;1082713;4123;479;0;2
FR;4;2022-06-15;8;3;4;0;8;3;4;0;0;1081533;6768;1440;31;1082721;4126;483;0;2
FR;4;2022-06-16;2;3;1;1;3;2;1;0;1;1081535;6771;1441;32;1082724;4128;484;0;3
FR;4;2022-06-17;6;1;0;0;6;1;0;0;0;1081541;6772;1441;32;1082730;4129;484;0;3
FR;4;2022-06-18;0;0;0;0;0;0;0;0;0;1081541;6772;1441;32;1082730;4129;484;0;3
FR;4;2022-06-19;3;0;0;0;3;0;0;0;0;1081544;6772;1441;32;1082733;4129;484;0;3
FR;4;2022-06-20;4;2;2;1;4;3;2;0;0;1081548;6774;1443;33;1082737;4132;486;0;3
FR;4;2022-06-21;5;2;4;1;6;4;2;0;0;1081553;6776;1447;34;1082743;4136;488;0;3
FR;4;2022-06-22;3;2;1;3;4;2;1;0;0;1081556;6778;1448;37;1082747;4138;489;0;3
FR;4;2022-06-23;3;3;3;0;3;5;1;0;0;1081559;6781;1451;37;1082750;4143;490;0;3
FR;4;2022-06-24;3;0;2;0;3;0;2;0;0;1081562;6781;1453;37;1082753;4143;492;0;3
FR;4;2022-06-25;2;0;1;1;2;1;1;0;0;1081564;6781;1454;38;1082755;4144;493;0;3
FR;4;2022-06-26;0;0;1;0;0;1;0;0;0;1081564;6781;1455;38;1082755;4145;493;0;3
FR;4;2022-06-27;2;2;0;3;2;2;3;0;0;1081566;6783;1455;41;1082757;4147;496;0;3
FR;4;2022-06-28;0;4;2;1;0;5;2;0;0;1081566;6787;1457;42;1082757;4152;498;0;3
FR;4;2022-06-29;1;2;0;0;1;2;0;0;0;1081567;6789;1457;42;1082758;4154;498;0;3
FR;4;2022-06-30;2;0;0;0;2;0;0;0;0;1081569;6789;1457;42;1082760;4154;498;0;3
FR;4;2022-07-01;2;4;8;0;2;4;8;0;0;1081571;6793;1465;42;1082762;4158;506;0;3
FR;4;2022-07-02;0;1;0;0;1;0;0;0;0;1081571;6794;1465;42;1082763;4158;506;0;3
FR;4;2022-07-03;0;0;0;0;0;0;0;0;0;1081571;6794;1465;42;1082763;4158;506;0;3
FR;4;2022-07-04;3;1;0;0;3;1;0;0;0;1081574;6795;1465;42;1082766;4159;506;0;3
FR;4;2022-07-05;2;0;2;0;2;2;0;0;0;1081576;6795;1467;42;1082768;4161;506;0;3
FR;4;2022-07-06;5;0;1;1;5;0;1;0;1;1081581;6795;1468;43;1082773;4161;507;0;4
FR;4;2022-07-07;1;0;2;1;1;0;3;0;0;1081582;6795;1470;44;1082774;4161;510;0;4
FR;4;2022-07-08;3;1;0;0;3;1;0;0;0;1081585;6796;1470;44;1082777;4162;510;0;4
FR;4;2022-07-09;2;2;1;0;2;3;0;0;0;1081587;6798;1471;44;1082779;4165;510;0;4
FR;4;2022-07-10;2;0;1;0;2;0;0;0;0;1081589;6798;1472;44;1082781;4165;510;0;4
FR;4;2022-07-11;2;0;2;0;2;0;1;0;0;1081591;6798;1474;44;1082783;4165;511;0;4
FR;4;2022-07-12;0;0;2;0;0;2;0;0;0;1081591;6798;1476;44;1082783;4167;511;0;4
FR;4;2022-07-13;2;2;3;0;2;2;3;0;0;1081593;6800;1479;44;1082785;4169;514;0;4
FR;4;2022-07-14;6;0;1;0;6;0;1;0;0;1081599;6800;1480;44;1082791;4169;515;0;4
FR;4;2022-07-15;11;2;0;0;11;2;0;0;0;1081610;6802;1480;44;1082802;4171;515;0;4
FR;4;2022-07-16;4;0;0;2;4;0;2;0;0;1081614;6802;1480;46;1082806;4171;517;0;4
FR;4;2022-07-17;1;0;1;1;1;0;2;0;0;1081615;6802;1481;47;1082807;4171;519;0;4
FR;4;2022-07-18;3;3;2;0;3;3;2;0;0;1081618;6805;1483;47;1082810;4174;521;0;4
FR;4;2022-07-19;4;0;1;0;4;1;0;0;0;1081622;6805;1484;47;1082814;4175;521;0;4
FR;4;2022-07-20;10;0;1;0;10;1;0;0;0;1081632;6805;1485;47;1082824;4176;521;0;4
FR;4;2022-07-21;2;2;1;0;2;2;1;0;0;1081634;6807;1486;47;1082826;4178;522;0;4
FR;4;2022-07-22;4;0;3;0;4;1;2;0;0;1081638;6807;1489;47;1082830;4179;524;0;4
FR;4;2022-07-23;1;2;0;0;1;1;0;0;0;1081639;6809;1489;47;1082831;4180;524;0;4
FR;4;2022-07-24;0;0;0;0;0;0;0;0;0;1081639;6809;1489;47;1082831;4180;524;0;4
FR;4;2022-07-25;5;0;2;0;5;2;0;0;0;1081644;6809;1491;47;1082836;4182;524;0;4
FR;4;2022-07-26;2;0;0;0;2;0;0;0;0;1081646;6809;1491;47;1082838;4182;524;0;4
FR;4;2022-07-27;2;1;0;0;2;0;0;0;0;1081648;6810;1491;47;1082840;4182;524;0;4
FR;4;2022-07-28;11;0;0;0;11;0;0;0;0;1081659;6810;1491;47;1082851;4182;524;0;4
FR;4;2022-07-29;3;0;2;0;3;1;1;0;0;1081662;6810;1493;47;1082854;4183;525;0;4
FR;4;2022-07-30;4;0;2;0;4;0;2;0;0;1081666;6810;1495;47;1082858;4183;527;0;4
FR;4;2022-07-31;0;0;0;0;0;0;0;0;0;1081666;6810;1495;47;1082858;4183;527;0;4
FR;4;2022-08-01;2;0;3;0;2;2;1;0;0;1081668;6810;1498;47;1082860;4185;528;0;4
FR;4;2022-08-02;6;0;0;0;6;0;0;0;0;1081674;6810;1498;47;1082866;4185;528;0;4
FR;4;2022-08-03;2;2;1;0;2;2;1;0;0;1081676;6812;1499;47;1082868;4187;529;0;4
FR;4;2022-08-04;4;2;0;1;4;2;1;0;0;1081680;6814;1499;48;1082872;4189;530;0;4
FR;4;2022-08-05;2;0;1;0;2;0;1;0;0;1081682;6814;1500;48;1082874;4189;531;0;4
FR;4;2022-08-06;2;0;0;0;2;0;0;0;0;1081684;6814;1500;48;1082876;4189;531;0;4
FR;4;2022-08-07;5;0;0;0;5;0;0;0;0;1081689;6814;1500;48;1082881;4189;531;0;4
FR;4;2022-08-08;1;0;1;1;1;1;1;0;0;1081690;6814;1501;49;1082882;4190;532;0;4
FR;4;2022-08-09;1;1;2;2;1;2;3;0;0;1081691;6815;1503;51;1082883;4192;535;0;4
FR;4;2022-08-10;5;1;1;0;6;1;0;0;0;1081696;6816;1504;51;1082889;4193;535;0;4
FR;4;2022-08-11;2;0;1;0;2;1;0;0;0;1081698;6816;1505;51;1082891;4194;535;0;4
FR;4;2022-08-12;4;0;1;0;4;0;1;0;0;1081702;6816;1506;51;1082895;4194;536;0;4
FR;4;2022-08-13;1;0;0;0;1;0;0;0;0;1081703;6816;1506;51;1082896;4194;536;0;4
FR;4;2022-08-14;0;0;0;0;0;0;0;0;0;1081703;6816;1506;51;1082896;4194;536;0;4
FR;4;2022-08-15;1;2;3;0;1;2;3;0;0;1081704;6818;1509;51;1082897;4196;539;0;4
FR;4;2022-08-16;0;0;1;0;0;1;0;0;0;1081704;6818;1510;51;1082897;4197;539;0;4
FR;4;2022-08-17;2;0;0;0;2;0;0;0;0;1081706;6818;1510;51;1082899;4197;539;0;4
FR;4;2022-08-18;3;0;0;0;3;0;0;0;0;1081709;6818;1510;51;1082902;4197;539;0;4
FR;4;2022-08-19;5;0;0;0;5;0;0;0;0;1081714;6818;1510;51;1082907;4197;539;0;4
FR;4;2022-08-20;1;1;0;0;2;0;0;0;0;1081715;6819;1510;51;1082909;4197;539;0;4
FR;4;2022-08-21;1;0;0;0;1;0;0;0;0;1081716;6819;1510;51;1082910;4197;539;0;4
FR;4;2022-08-22;4;9;0;0;4;9;0;0;0;1081720;6828;1510;51;1082914;4206;539;0;4
FR;4;2022-08-23;3;3;3;0;3;4;2;0;0;1081723;6831;1513;51;1082917;4210;541;0;4
FR;4;2022-08-24;5;0;0;1;5;0;1;0;0;1081728;6831;1513;52;1082922;4210;542;0;4
FR;4;2022-08-25;1;3;1;0;1;3;1;0;0;1081729;6834;1514;52;1082923;4213;543;0;4
FR;4;2022-08-26;2;0;0;1;2;0;1;0;0;1081731;6834;1514;53;1082925;4213;544;0;4
FR;4;2022-08-27;1;0;0;0;1;0;0;0;0;1081732;6834;1514;53;1082926;4213;544;0;4
FR;4;2022-08-28;0;1;0;0;0;0;0;0;0;1081732;6835;1514;53;1082926;4213;544;0;4
FR;4;2022-08-29;8;0;0;0;8;0;0;0;0;1081740;6835;1514;53;1082934;4213;544;0;4
FR;4;2022-08-30;5;0;0;0;5;0;0;0;0;1081745;6835;1514;53;1082939;4213;544;0;4
FR;4;2022-08-31;2;1;0;0;2;1;0;0;0;1081747;6836;1514;53;1082941;4214;544;0;4
FR;4;2022-09-01;3;8;2;0;4;7;2;0;0;1081750;6844;1516;53;1082945;4221;546;0;4
FR;4;2022-09-02;2;1;1;0;2;2;0;0;0;1081752;6845;1517;53;1082947;4223;546;0;4
FR;4;2022-09-03;3;0;0;0;3;0;0;0;0;1081755;6845;1517;53;1082950;4223;546;0;4
FR;4;2022-09-04;1;0;0;0;1;0;0;0;0;1081756;6845;1517;53;1082951;4223;546;0;4
FR;4;2022-09-05;2;2;0;0;2;2;0;0;0;1081758;6847;1517;53;1082953;4225;546;0;4
FR;4;2022-09-06;1;0;0;0;1;0;0;0;0;1081759;6847;1517;53;1082954;4225;546;0;4
FR;4;2022-09-07;1;0;1;1;1;1;1;0;0;1081760;6847;1518;54;1082955;4226;547;0;4
FR;4;2022-09-08;3;0;0;0;3;0;0;0;0;1081763;6847;1518;54;1082958;4226;547;0;4
FR;4;2022-09-09;2;0;0;0;2;0;0;0;0;1081765;6847;1518;54;1082960;4226;547;0;4
FR;4;2022-09-10;0;0;0;3;0;1;2;0;0;1081765;6847;1518;57;1082960;4227;549;0;4
FR;4;2022-09-11;2;0;0;0;2;0;0;0;0;1081767;6847;1518;57;1082962;4227;549;0;4
FR;4;2022-09-12;1;1;1;0;1;1;1;0;0;1081768;6848;1519;57;1082963;4228;550;0;4
FR;4;2022-09-13;1;0;0;0;1;0;0;0;0;1081769;6848;1519;57;1082964;4228;550;0;4
FR;4;2022-09-14;2;0;0;0;2;0;0;0;0;1081771;6848;1519;57;1082966;4228;550;0;4
FR;4;2022-09-15;4;0;0;0;4;0;0;0;0;1081775;6848;1519;57;1082970;4228;550;0;4
FR;4;2022-09-16;0;0;0;0;0;0;0;0;0;1081775;6848;1519;57;1082970;4228;550;0;4
FR;4;2022-09-17;2;0;0;0;2;0;0;0;0;1081777;6848;1519;57;1082972;4228;550;0;4
FR;4;2022-09-18;0;1;0;0;0;1;0;0;0;1081777;6849;1519;57;1082972;4229;550;0;4
FR;4;2022-09-19;2;0;2;0;2;2;0;0;0;1081779;6849;1521;57;1082974;4231;550;0;4
FR;4;2022-09-20;4;0;0;0;4;0;0;0;0;1081783;6849;1521;57;1082978;4231;550;0;4
FR;4;2022-09-21;2;1;0;0;2;1;0;0;0;1081785;6850;1521;57;1082980;4232;550;0;4
FR;4;2022-09-22;1;1;0;0;1;1;0;0;0;1081786;6851;1521;57;1082981;4233;550;0;4
FR;4;2022-09-23;2;3;0;0;3;2;0;0;0;1081788;6854;1521;57;1082984;4235;550;0;4
FR;4;2022-09-24;1;0;0;0;1;0;0;0;0;1081789;6854;1521;57;1082985;4235;550;0;4
FR;4;2022-09-25;0;0;0;0;0;0;0;0;0;1081789;6854;1521;57;1082985;4235;550;0;4
FR;4;2022-09-26;2;0;1;0;2;0;1;0;0;1081791;6854;1522;57;1082987;4235;551;0;4
FR;4;2022-09-27;1;0;1;1;1;0;2;0;0;1081792;6854;1523;58;1082988;4235;553;0;4
FR;4;2022-09-28;3;0;2;0;3;2;0;0;0;1081795;6854;1525;58;1082991;4237;553;0;4
FR;4;2022-09-29;3;0;1;1;3;1;1;0;0;1081798;6854;1526;59;1082994;4238;554;0;4
FR;4;2022-09-30;1;0;0;0;1;0;0;0;0;1081799;6854;1526;59;1082995;4238;554;0;4
FR;4;2022-10-01;1;1;0;0;2;0;0;0;0;1081800;6855;1526;59;1082997;4238;554;0;4
FR;4;2022-10-02;0;1;0;0;0;1;0;0;0;1081800;6856;1526;59;1082997;4239;554;0;4
FR;4;2022-10-03;3;2;1;0;4;2;0;0;0;1081803;6858;1527;59;1083001;4241;554;0;4
FR;4;2022-10-04;2;0;0;0;2;0;0;0;0;1081805;6858;1527;59;1083003;4241;554;0;4
FR;4;2022-10-05;0;1;0;0;0;1;0;0;0;1081805;6859;1527;59;1083003;4242;554;0;4
FR;4;2022-10-06;2;0;0;0;2;0;0;0;0;1081807;6859;1527;59;1083005;4242;554;0;4
FR;4;2022-10-07;3;0;1;0;3;0;1;0;0;1081810;6859;1528;59;1083008;4242;555;0;4
FR;4;2022-10-08;3;1;0;0;3;0;0;0;0;1081813;6860;1528;59;1083011;4242;555;0;4
FR;4;2022-10-09;0;0;0;0;0;0;0;0;0;1081813;6860;1528;59;1083011;4242;555;0;4
FR;4;2022-10-10;4;0;2;3;4;2;1;0;2;1081817;6860;1530;62;1083015;4244;556;0;6
FR;4;2022-10-11;1;2;0;0;1;1;0;0;0;1081818;6862;1530;62;1083016;4245;556;0;6
FR;4;2022-10-12;0;0;0;0;0;0;0;0;0;1081818;6862;1530;62;1083016;4245;556;0;6
FR;4;2022-10-13;5;0;0;0;5;0;0;0;0;1081823;6862;1530;62;1083021;4245;556;0;6
FR;4;2022-10-14;1;0;0;0;1;0;0;0;0;1081824;6862;1530;62;1083022;4245;556;0;6
FR;4;2022-10-15;0;1;0;0;0;1;0;0;0;1081824;6863;1530;62;1083022;4246;556;0;6
FR;4;2022-10-16;0;0;0;0;0;0;0;0;0;1081824;6863;1530;62;1083022;4246;556;0;6
FR;4;2022-10-17;2;0;1;0;2;1;0;0;0;1081826;6863;1531;62;1083024;4247;556;0;6
FR;4;2022-10-18;1;0;0;1;1;0;1;0;0;1081827;6863;1531;63;1083025;4247;557;0;6
FR;4;2022-10-19;1;0;0;2;1;0;2;0;3;1081828;6863;1531;65;1083026;4247;559;0;9
FR;4;2022-10-20;4;1;0;0;4;1;0;0;0;1081832;6864;1531;65;1083030;4248;559;0;9
FR;4;2022-10-21;1;0;0;0;1;0;0;0;0;1081833;6864;1531;65;1083031;4248;559;0;9
FR;4;2022-10-22;1;0;0;0;1;0;0;0;0;1081834;6864;1531;65;1083032;4248;559;0;9
FR;4;2022-10-23;0;0;0;0;0;0;0;0;0;1081834;6864;1531;65;1083032;4248;559;0;9
FR;4;2022-10-24;1;0;0;0;1;0;0;0;0;1081835;6864;1531;65;1083033;4248;559;0;9
FR;4;2022-10-25;1;0;0;0;1;0;0;0;0;1081836;6864;1531;65;1083034;4248;559;0;9
FR;4;2022-10-26;2;1;0;0;2;1;0;0;0;1081838;6865;1531;65;1083036;4249;559;0;9
FR;4;2022-10-27;3;1;1;0;3;0;1;0;0;1081841;6866;1532;65;1083039;4249;560;0;9
FR;4;2022-10-28;0;0;0;0;0;0;0;0;0;1081841;6866;1532;65;1083039;4249;560;0;9
FR;4;2022-10-29;1;0;0;3;1;0;3;0;3;1081842;6866;1532;68;1083040;4249;563;0;12
FR;4;2022-10-30;1;0;0;0;1;0;0;0;0;1081843;6866;1532;68;1083041;4249;563;0;12
FR;4;2022-10-31;0;0;0;0;0;0;0;0;0;1081843;6866;1532;68;1083041;4249;563;0;12
FR;4;2022-11-01;1;5;0;0;1;5;0;0;0;1081844;6871;1532;68;1083042;4254;563;0;12
FR;4;2022-11-02;0;0;2;2;0;1;3;0;0;1081844;6871;1534;70;1083042;4255;566;0;12
FR;4;2022-11-03;1;0;0;0;1;0;0;0;0;1081845;6871;1534;70;1083043;4255;566;0;12
FR;4;2022-11-04;4;1;0;0;4;0;0;0;0;1081849;6872;1534;70;1083047;4255;566;0;12
FR;4;2022-11-05;0;0;0;0;0;0;0;0;0;1081849;6872;1534;70;1083047;4255;566;0;12
FR;4;2022-11-06;2;0;0;0;2;0;0;0;0;1081851;6872;1534;70;1083049;4255;566;0;12
FR;4;2022-11-07;2;0;0;0;2;0;0;0;0;1081853;6872;1534;70;1083051;4255;566;0;12
FR;4;2022-11-08;7;0;0;0;7;0;0;0;0;1081860;6872;1534;70;1083058;4255;566;0;12
FR;4;2022-11-09;0;0;0;0;0;0;0;0;0;1081860;6872;1534;70;1083058;4255;566;0;12
FR;4;2022-11-10;0;0;0;0;0;0;0;0;0;1081860;6872;1534;70;1083058;4255;566;0;12
FR;4;2022-11-11;1;0;0;0;1;0;0;0;0;1081861;6872;1534;70;1083059;4255;566;0;12
FR;4;2022-11-12;3;1;0;0;3;1;0;0;0;1081864;6873;1534;70;1083062;4256;566;0;12
FR;4;2022-11-13;0;0;0;0;0;0;0;0;0;1081864;6873;1534;70;1083062;4256;566;0;12
FR;4;2022-11-14;0;0;0;0;0;0;0;0;0;1081864;6873;1534;70;1083062;4256;566;0;12
FR;4;2022-11-15;3;0;0;0;3;0;0;0;0;1081867;6873;1534;70;1083065;4256;566;0;12
FR;4;2022-11-16;1;1;0;0;1;1;0;0;0;1081868;6874;1534;70;1083066;4257;566;0;12
FR;4;2022-11-17;0;0;0;0;0;0;0;0;0;1081868;6874;1534;70;1083066;4257;566;0;12
FR;4;2022-11-18;5;0;1;0;5;0;1;0;0;1081873;6874;1535;70;1083071;4257;567;0;12
FR;4;2022-11-19;0;0;0;0;0;0;0;0;0;1081873;6874;1535;70;1083071;4257;567;0;12
FR;4;2022-11-20;0;0;0;0;0;0;0;0;0;1081873;6874;1535;70;1083071;4257;567;0;12
FR;4;2022-11-21;0;0;0;0;0;0;0;0;0;1081873;6874;1535;70;1083071;4257;567;0;12
FR;4;2022-11-22;0;0;0;0;0;0;0;0;0;1081873;6874;1535;70;1083071;4257;567;0;12
FR;4;2022-11-23;1;0;0;0;1;0;0;0;1;1081874;6874;1535;70;1083072;4257;567;0;13
FR;4;2022-11-24;0;0;0;0;0;0;0;0;0;1081874;6874;1535;70;1083072;4257;567;0;13
FR;4;2022-11-25;3;3;0;0;3;3;0;0;0;1081877;6877;1535;70;1083075;4260;567;0;13
FR;4;2022-11-26;1;0;0;0;1;0;0;0;0;1081878;6877;1535;70;1083076;4260;567;0;13
FR;4;2022-11-27;0;0;0;0;0;0;0;0;0;1081878;6877;1535;70;1083076;4260;567;0;13
FR;4;2022-11-28;3;0;0;0;3;0;0;0;0;1081881;6877;1535;70;1083079;4260;567;0;13
FR;4;2022-11-29;2;0;0;0;2;0;0;0;0;1081883;6877;1535;70;1083081;4260;567;0;13
FR;4;2022-11-30;0;0;0;0;0;0;0;0;0;1081883;6877;1535;70;1083081;4260;567;0;13
FR;4;2022-12-01;1;2;2;0;2;2;1;0;0;1081884;6879;1537;70;1083083;4262;568;0;13
FR;4;2022-12-02;2;1;0;1;2;1;0;0;1;1081886;6880;1537;71;1083085;4263;568;0;14
FR;4;2022-12-03;1;0;0;0;1;0;0;0;0;1081887;6880;1537;71;1083086;4263;568;0;14
FR;4;2022-12-04;0;0;0;0;0;0;0;0;0;1081887;6880;1537;71;1083086;4263;568;0;14
FR;4;2022-12-05;1;0;0;0;1;0;0;0;0;1081888;6880;1537;71;1083087;4263;568;0;14
FR;4;2022-12-06;1;0;0;0;1;0;0;0;0;1081889;6880;1537;71;1083088;4263;568;0;14
FR;4;2022-12-07;2;0;0;0;2;0;0;0;0;1081891;6880;1537;71;1083090;4263;568;0;14
FR;4;2022-12-08;1;0;0;0;1;0;0;0;0;1081892;6880;1537;71;1083091;4263;568;0;14
FR;4;2022-12-09;1;0;0;0;1;0;0;0;0;1081893;6880;1537;71;1083092;4263;568;0;14
FR;4;2022-12-10;1;0;0;0;1;0;0;0;0;1081894;6880;1537;71;1083093;4263;568;0;14
FR;4;2022-12-11;0;0;0;0;0;0;0;0;0;1081894;6880;1537;71;1083093;4263;568;0;14
FR;4;2022-12-12;0;1;0;5;0;1;5;0;0;1081894;6881;1537;76;1083093;4264;573;0;14
FR;4;2022-12-13;1;0;0;0;1;0;0;0;0;1081895;6881;1537;76;1083094;4264;573;0;14
FR;4;2022-12-14;0;0;0;0;0;0;0;0;0;1081895;6881;1537;76;1083094;4264;573;0;14
FR;4;2022-12-15;1;0;0;0;1;0;0;0;0;1081896;6881;1537;76;1083095;4264;573;0;14
FR;4;2022-12-16;1;0;0;0;1;0;0;0;0;1081897;6881;1537;76;1083096;4264;573;0;14
FR;4;2022-12-17;0;0;0;0;0;0;0;0;0;1081897;6881;1537;76;1083096;4264;573;0;14
FR;4;2022-12-18;0;0;0;0;0;0;0;0;0;1081897;6881;1537;76;1083096;4264;573;0;14
FR;4;2022-12-19;1;0;0;0;1;0;0;0;0;1081898;6881;1537;76;1083097;4264;573;0;14
FR;4;2022-12-20;3;1;0;0;3;1;0;0;0;1081901;6882;1537;76;1083100;4265;573;0;14
FR;4;2022-12-21;2;0;0;0;2;0;0;0;0;1081903;6882;1537;76;1083102;4265;573;0;14
FR;4;2022-12-22;0;0;0;0;0;0;0;0;0;1081903;6882;1537;76;1083102;4265;573;0;14
FR;4;2022-12-23;3;0;0;0;3;0;0;0;0;1081906;6882;1537;76;1083105;4265;573;0;14
FR;4;2022-12-24;0;0;0;0;0;0;0;0;0;1081906;6882;1537;76;1083105;4265;573;0;14
FR;4;2022-12-25;0;0;0;0;0;0;0;0;0;1081906;6882;1537;76;1083105;4265;573;0;14
FR;4;2022-12-26;1;2;0;0;1;1;0;0;0;1081907;6884;1537;76;1083106;4266;573;0;14
FR;4;2022-12-27;1;0;0;0;1;0;0;0;0;1081908;6884;1537;76;1083107;4266;573;0;14
FR;4;2022-12-28;0;0;0;0;0;0;0;0;0;1081908;6884;1537;76;1083107;4266;573;0;14
FR;5;2020-12-27;0;0;0;0;0;0;0;0;0;0;0;0;0;0;0;0;0;0
FR;5;2020-12-28;0;0;0;0;0;0;0;0;0;0;0;0;0;0;0;0;0;0
FR;5;2020-12-29;0;0;0;0;0;0;0;0;0;0;0;0;0;0;0;0;0;0
FR;5;2020-12-30;0;0;0;0;0;0;0;0;0;0;0;0;0;0;0;0;0;0
FR;5;2020-12-31;0;0;0;0;0;0;0;0;0;0;0;0;0;0;0;0;0;0
FR;5;2021-01-01;0;0;0;0;0;0;0;0;0;0;0;0;0;0;0;0;0;0
FR;5;2021-01-02;0;0;0;0;0;0;0;0;0;0;0;0;0;0;0;0;0;0
FR;5;2021-01-03;0;0;0;0;0;0;0;0;0;0;0;0;0;0;0;0;0;0
FR;5;2021-01-04;0;0;0;0;0;0;0;0;0;0;0;0;0;0;0;0;0;0
FR;5;2021-01-05;0;0;0;0;0;0;0;0;0;0;0;0;0;0;0;0;0;0
FR;5;2021-01-06;0;0;0;0;0;0;0;0;0;0;0;0;0;0;0;0;0;0
FR;5;2021-01-07;0;0;0;0;0;0;0;0;0;0;0;0;0;0;0;0;0;0
FR;5;2021-01-08;0;0;0;0;0;0;0;0;0;0;0;0;0;0;0;0;0;0
FR;5;2021-01-09;0;0;0;0;0;0;0;0;0;0;0;0;0;0;0;0;0;0
FR;5;2021-01-10;0;0;0;0;0;0;0;0;0;0;0;0;0;0;0;0;0;0
FR;5;2021-01-11;0;0;0;0;0;0;0;0;0;0;0;0;0;0;0;0;0;0
FR;5;2021-01-12;0;0;0;0;0;0;0;0;0;0;0;0;0;0;0;0;0;0
FR;5;2021-01-13;0;0;0;0;0;0;0;0;0;0;0;0;0;0;0;0;0;0
FR;5;2021-01-14;0;0;0;0;0;0;0;0;0;0;0;0;0;0;0;0;0;0
FR;5;2021-01-15;0;0;0;0;0;0;0;0;0;0;0;0;0;0;0;0;0;0
FR;5;2021-01-16;0;0;0;0;0;0;0;0;0;0;0;0;0;0;0;0;0;0
FR;5;2021-01-17;0;0;0;0;0;0;0;0;0;0;0;0;0;0;0;0;0;0
FR;5;2021-01-18;0;0;0;0;0;0;0;0;0;0;0;0;0;0;0;0;0;0
FR;5;2021-01-19;0;0;0;0;0;0;0;0;0;0;0;0;0;0;0;0;0;0
FR;5;2021-01-20;0;0;0;0;0;0;0;0;0;0;0;0;0;0;0;0;0;0
FR;5;2021-01-21;0;0;0;0;0;0;0;0;0;0;0;0;0;0;0;0;0;0
FR;5;2021-01-22;0;0;0;0;0;0;0;0;0;0;0;0;0;0;0;0;0;0
FR;5;2021-01-23;0;0;0;0;0;0;0;0;0;0;0;0;0;0;0;0;0;0
FR;5;2021-01-24;0;0;0;0;0;0;0;0;0;0;0;0;0;0;0;0;0;0
FR;5;2021-01-25;0;0;0;0;0;0;0;0;0;0;0;0;0;0;0;0;0;0
FR;5;2021-01-26;0;0;0;0;0;0;0;0;0;0;0;0;0;0;0;0;0;0
FR;5;2021-01-27;0;0;0;0;0;0;0;0;0;0;0;0;0;0;0;0;0;0
FR;5;2021-01-28;0;0;0;0;0;0;0;0;0;0;0;0;0;0;0;0;0;0
FR;5;2021-01-29;0;0;0;0;0;0;0;0;0;0;0;0;0;0;0;0;0;0
FR;5;2021-01-30;0;0;0;0;0;0;0;0;0;0;0;0;0;0;0;0;0;0
FR;5;2021-01-31;0;0;0;0;0;0;0;0;0;0;0;0;0;0;0;0;0;0
FR;5;2021-02-01;0;0;0;0;0;0;0;0;0;0;0;0;0;0;0;0;0;0
FR;5;2021-02-02;0;0;0;0;0;0;0;0;0;0;0;0;0;0;0;0;0;0
FR;5;2021-02-03;0;0;0;0;0;0;0;0;0;0;0;0;0;0;0;0;0;0
FR;5;2021-02-04;0;0;0;0;0;0;0;0;0;0;0;0;0;0;0;0;0;0
FR;5;2021-02-05;0;0;0;0;0;0;0;0;0;0;0;0;0;0;0;0;0;0
FR;5;2021-02-06;0;0;0;0;0;0;0;0;0;0;0;0;0;0;0;0;0;0
FR;5;2021-02-07;0;0;0;0;0;0;0;0;0;0;0;0;0;0;0;0;0;0
FR;5;2021-02-08;0;0;0;0;0;0;0;0;0;0;0;0;0;0;0;0;0;0
FR;5;2021-02-09;0;0;0;0;0;0;0;0;0;0;0;0;0;0;0;0;0;0
FR;5;2021-02-10;0;0;0;0;0;0;0;0;0;0;0;0;0;0;0;0;0;0
FR;5;2021-02-11;0;0;0;0;0;0;0;0;0;0;0;0;0;0;0;0;0;0
FR;5;2021-02-12;0;0;0;0;0;0;0;0;0;0;0;0;0;0;0;0;0;0
FR;5;2021-02-13;0;0;0;0;0;0;0;0;0;0;0;0;0;0;0;0;0;0
FR;5;2021-02-14;0;0;0;0;0;0;0;0;0;0;0;0;0;0;0;0;0;0
FR;5;2021-02-15;0;0;0;0;0;0;0;0;0;0;0;0;0;0;0;0;0;0
FR;5;2021-02-16;0;0;0;0;0;0;0;0;0;0;0;0;0;0;0;0;0;0
FR;5;2021-02-17;0;0;0;0;0;0;0;0;0;0;0;0;0;0;0;0;0;0
FR;5;2021-02-18;0;0;0;0;0;0;0;0;0;0;0;0;0;0;0;0;0;0
FR;5;2021-02-19;0;0;0;0;0;0;0;0;0;0;0;0;0;0;0;0;0;0
FR;5;2021-02-20;0;0;0;0;0;0;0;0;0;0;0;0;0;0;0;0;0;0
FR;5;2021-02-21;0;0;0;0;0;0;0;0;0;0;0;0;0;0;0;0;0;0
FR;5;2021-02-22;0;0;0;0;0;0;0;0;0;0;0;0;0;0;0;0;0;0
FR;5;2021-02-23;0;0;0;0;0;0;0;0;0;0;0;0;0;0;0;0;0;0
FR;5;2021-02-24;0;0;0;0;0;0;0;0;0;0;0;0;0;0;0;0;0;0
FR;5;2021-02-25;0;0;0;0;0;0;0;0;0;0;0;0;0;0;0;0;0;0
FR;5;2021-02-26;0;0;0;0;0;0;0;0;0;0;0;0;0;0;0;0;0;0
FR;5;2021-02-27;0;0;0;0;0;0;0;0;0;0;0;0;0;0;0;0;0;0
FR;5;2021-02-28;0;0;0;0;0;0;0;0;0;0;0;0;0;0;0;0;0;0
FR;5;2021-03-01;0;0;0;0;0;0;0;0;0;0;0;0;0;0;0;0;0;0
FR;5;2021-03-02;0;0;0;0;0;0;0;0;0;0;0;0;0;0;0;0;0;0
FR;5;2021-03-03;0;0;0;0;0;0;0;0;0;0;0;0;0;0;0;0;0;0
FR;5;2021-03-04;0;0;0;0;0;0;0;0;0;0;0;0;0;0;0;0;0;0
FR;5;2021-03-05;0;0;0;0;0;0;0;0;0;0;0;0;0;0;0;0;0;0
FR;5;2021-03-06;0;0;0;0;0;0;0;0;0;0;0;0;0;0;0;0;0;0
FR;5;2021-03-07;0;0;0;0;0;0;0;0;0;0;0;0;0;0;0;0;0;0
FR;5;2021-03-08;0;0;0;0;0;0;0;0;0;0;0;0;0;0;0;0;0;0
FR;5;2021-03-09;0;0;0;0;0;0;0;0;0;0;0;0;0;0;0;0;0;0
FR;5;2021-03-10;0;0;0;0;0;0;0;0;0;0;0;0;0;0;0;0;0;0
FR;5;2021-03-11;0;0;0;0;0;0;0;0;0;0;0;0;0;0;0;0;0;0
FR;5;2021-03-12;0;0;0;0;0;0;0;0;0;0;0;0;0;0;0;0;0;0
FR;5;2021-03-13;0;0;0;0;0;0;0;0;0;0;0;0;0;0;0;0;0;0
FR;5;2021-03-14;0;0;0;0;0;0;0;0;0;0;0;0;0;0;0;0;0;0
FR;5;2021-03-15;0;0;0;0;0;0;0;0;0;0;0;0;0;0;0;0;0;0
FR;5;2021-03-16;0;0;0;0;0;0;0;0;0;0;0;0;0;0;0;0;0;0
FR;5;2021-03-17;0;0;0;0;0;0;0;0;0;0;0;0;0;0;0;0;0;0
FR;5;2021-03-18;0;0;0;0;0;0;0;0;0;0;0;0;0;0;0;0;0;0
FR;5;2021-03-19;0;0;0;0;0;0;0;0;0;0;0;0;0;0;0;0;0;0
FR;5;2021-03-20;0;0;0;0;0;0;0;0;0;0;0;0;0;0;0;0;0;0
FR;5;2021-03-21;0;0;0;0;0;0;0;0;0;0;0;0;0;0;0;0;0;0
FR;5;2021-03-22;0;0;0;0;0;0;0;0;0;0;0;0;0;0;0;0;0;0
FR;5;2021-03-23;0;0;0;0;0;0;0;0;0;0;0;0;0;0;0;0;0;0
FR;5;2021-03-24;0;0;0;0;0;0;0;0;0;0;0;0;0;0;0;0;0;0
FR;5;2021-03-25;0;0;0;0;0;0;0;0;0;0;0;0;0;0;0;0;0;0
FR;5;2021-03-26;0;0;0;0;0;0;0;0;0;0;0;0;0;0;0;0;0;0
FR;5;2021-03-27;0;0;0;0;0;0;0;0;0;0;0;0;0;0;0;0;0;0
FR;5;2021-03-28;0;0;0;0;0;0;0;0;0;0;0;0;0;0;0;0;0;0
FR;5;2021-03-29;0;0;0;0;0;0;0;0;0;0;0;0;0;0;0;0;0;0
FR;5;2021-03-30;0;0;0;0;0;0;0;0;0;0;0;0;0;0;0;0;0;0
FR;5;2021-03-31;0;0;0;0;0;0;0;0;0;0;0;0;0;0;0;0;0;0
FR;5;2021-04-01;0;0;0;0;0;0;0;0;0;0;0;0;0;0;0;0;0;0
FR;5;2021-04-02;0;0;0;0;0;0;0;0;0;0;0;0;0;0;0;0;0;0
FR;5;2021-04-03;0;0;0;0;0;0;0;0;0;0;0;0;0;0;0;0;0;0
FR;5;2021-04-04;0;0;0;0;0;0;0;0;0;0;0;0;0;0;0;0;0;0
FR;5;2021-04-05;0;0;0;0;0;0;0;0;0;0;0;0;0;0;0;0;0;0
FR;5;2021-04-06;0;0;0;0;0;0;0;0;0;0;0;0;0;0;0;0;0;0
FR;5;2021-04-07;0;0;0;0;0;0;0;0;0;0;0;0;0;0;0;0;0;0
FR;5;2021-04-08;0;0;0;0;0;0;0;0;0;0;0;0;0;0;0;0;0;0
FR;5;2021-04-09;0;0;0;0;0;0;0;0;0;0;0;0;0;0;0;0;0;0
FR;5;2021-04-10;0;0;0;0;0;0;0;0;0;0;0;0;0;0;0;0;0;0
FR;5;2021-04-11;0;0;0;0;0;0;0;0;0;0;0;0;0;0;0;0;0;0
FR;5;2021-04-12;0;0;0;0;0;0;0;0;0;0;0;0;0;0;0;0;0;0
FR;5;2021-04-13;0;0;0;0;0;0;0;0;0;0;0;0;0;0;0;0;0;0
FR;5;2021-04-14;0;0;0;0;0;0;0;0;0;0;0;0;0;0;0;0;0;0
FR;5;2021-04-15;0;0;0;0;0;0;0;0;0;0;0;0;0;0;0;0;0;0
FR;5;2021-04-16;0;0;0;0;0;0;0;0;0;0;0;0;0;0;0;0;0;0
FR;5;2021-04-17;0;0;0;0;0;0;0;0;0;0;0;0;0;0;0;0;0;0
FR;5;2021-04-18;0;0;0;0;0;0;0;0;0;0;0;0;0;0;0;0;0;0
FR;5;2021-04-19;0;0;0;0;0;0;0;0;0;0;0;0;0;0;0;0;0;0
FR;5;2021-04-20;0;0;0;0;0;0;0;0;0;0;0;0;0;0;0;0;0;0
FR;5;2021-04-21;0;0;0;0;0;0;0;0;0;0;0;0;0;0;0;0;0;0
FR;5;2021-04-22;0;0;0;0;0;0;0;0;0;0;0;0;0;0;0;0;0;0
FR;5;2021-04-23;0;0;0;0;0;0;0;0;0;0;0;0;0;0;0;0;0;0
FR;5;2021-04-24;0;0;0;0;0;0;0;0;0;0;0;0;0;0;0;0;0;0
FR;5;2021-04-25;0;0;0;0;0;0;0;0;0;0;0;0;0;0;0;0;0;0
FR;5;2021-04-26;0;0;0;0;0;0;0;0;0;0;0;0;0;0;0;0;0;0
FR;5;2021-04-27;0;0;0;0;0;0;0;0;0;0;0;0;0;0;0;0;0;0
FR;5;2021-04-28;0;0;0;0;0;0;0;0;0;0;0;0;0;0;0;0;0;0
FR;5;2021-04-29;0;0;0;0;0;0;0;0;0;0;0;0;0;0;0;0;0;0
FR;5;2021-04-30;0;0;0;0;0;0;0;0;0;0;0;0;0;0;0;0;0;0
FR;5;2021-05-01;0;0;0;0;0;0;0;0;0;0;0;0;0;0;0;0;0;0
FR;5;2021-05-02;0;0;0;0;0;0;0;0;0;0;0;0;0;0;0;0;0;0
FR;5;2021-05-03;0;0;0;0;0;0;0;0;0;0;0;0;0;0;0;0;0;0
FR;5;2021-05-04;0;0;0;0;0;0;0;0;0;0;0;0;0;0;0;0;0;0
FR;5;2021-05-05;0;0;0;0;0;0;0;0;0;0;0;0;0;0;0;0;0;0
FR;5;2021-05-06;0;0;0;0;0;0;0;0;0;0;0;0;0;0;0;0;0;0
FR;5;2021-05-07;0;0;0;0;0;0;0;0;0;0;0;0;0;0;0;0;0;0
FR;5;2021-05-08;0;0;0;0;0;0;0;0;0;0;0;0;0;0;0;0;0;0
FR;5;2021-05-09;0;0;0;0;0;0;0;0;0;0;0;0;0;0;0;0;0;0
FR;5;2021-05-10;0;0;0;0;0;0;0;0;0;0;0;0;0;0;0;0;0;0
FR;5;2021-05-11;0;0;0;0;0;0;0;0;0;0;0;0;0;0;0;0;0;0
FR;5;2021-05-12;0;0;0;0;0;0;0;0;0;0;0;0;0;0;0;0;0;0
FR;5;2021-05-13;0;0;0;0;0;0;0;0;0;0;0;0;0;0;0;0;0;0
FR;5;2021-05-14;0;0;0;0;0;0;0;0;0;0;0;0;0;0;0;0;0;0
FR;5;2021-05-15;0;0;0;0;0;0;0;0;0;0;0;0;0;0;0;0;0;0
FR;5;2021-05-16;0;0;0;0;0;0;0;0;0;0;0;0;0;0;0;0;0;0
FR;5;2021-05-17;0;0;0;0;0;0;0;0;0;0;0;0;0;0;0;0;0;0
FR;5;2021-05-18;0;0;0;0;0;0;0;0;0;0;0;0;0;0;0;0;0;0
FR;5;2021-05-19;0;0;0;0;0;0;0;0;0;0;0;0;0;0;0;0;0;0
FR;5;2021-05-20;0;0;0;0;0;0;0;0;0;0;0;0;0;0;0;0;0;0
FR;5;2021-05-21;0;0;0;0;0;0;0;0;0;0;0;0;0;0;0;0;0;0
FR;5;2021-05-22;0;0;0;0;0;0;0;0;0;0;0;0;0;0;0;0;0;0
FR;5;2021-05-23;0;0;0;0;0;0;0;0;0;0;0;0;0;0;0;0;0;0
FR;5;2021-05-24;0;0;0;0;0;0;0;0;0;0;0;0;0;0;0;0;0;0
FR;5;2021-05-25;0;0;0;0;0;0;0;0;0;0;0;0;0;0;0;0;0;0
FR;5;2021-05-26;0;0;0;0;0;0;0;0;0;0;0;0;0;0;0;0;0;0
FR;5;2021-05-27;0;0;0;0;0;0;0;0;0;0;0;0;0;0;0;0;0;0
FR;5;2021-05-28;0;0;0;0;0;0;0;0;0;0;0;0;0;0;0;0;0;0
FR;5;2021-05-29;0;0;0;0;0;0;0;0;0;0;0;0;0;0;0;0;0;0
FR;5;2021-05-30;0;0;0;0;0;0;0;0;0;0;0;0;0;0;0;0;0;0
FR;5;2021-05-31;0;0;0;0;0;0;0;0;0;0;0;0;0;0;0;0;0;0
FR;5;2021-06-01;0;0;0;0;0;0;0;0;0;0;0;0;0;0;0;0;0;0
FR;5;2021-06-02;0;0;0;0;0;0;0;0;0;0;0;0;0;0;0;0;0;0
FR;5;2021-06-03;0;0;0;0;0;0;0;0;0;0;0;0;0;0;0;0;0;0
FR;5;2021-06-04;0;0;0;0;0;0;0;0;0;0;0;0;0;0;0;0;0;0
FR;5;2021-06-05;0;0;0;0;0;0;0;0;0;0;0;0;0;0;0;0;0;0
FR;5;2021-06-06;0;0;0;0;0;0;0;0;0;0;0;0;0;0;0;0;0;0
FR;5;2021-06-07;0;0;0;0;0;0;0;0;0;0;0;0;0;0;0;0;0;0
FR;5;2021-06-08;0;0;0;0;0;0;0;0;0;0;0;0;0;0;0;0;0;0
FR;5;2021-06-09;0;0;0;0;0;0;0;0;0;0;0;0;0;0;0;0;0;0
FR;5;2021-06-10;0;0;0;0;0;0;0;0;0;0;0;0;0;0;0;0;0;0
FR;5;2021-06-11;0;0;0;0;0;0;0;0;0;0;0;0;0;0;0;0;0;0
FR;5;2021-06-12;0;0;0;0;0;0;0;0;0;0;0;0;0;0;0;0;0;0
FR;5;2021-06-13;0;0;0;0;0;0;0;0;0;0;0;0;0;0;0;0;0;0
FR;5;2021-06-14;0;0;0;0;0;0;0;0;0;0;0;0;0;0;0;0;0;0
FR;5;2021-06-15;0;0;0;0;0;0;0;0;0;0;0;0;0;0;0;0;0;0
FR;5;2021-06-16;0;0;0;0;0;0;0;0;0;0;0;0;0;0;0;0;0;0
FR;5;2021-06-17;0;0;0;0;0;0;0;0;0;0;0;0;0;0;0;0;0;0
FR;5;2021-06-18;0;0;0;0;0;0;0;0;0;0;0;0;0;0;0;0;0;0
FR;5;2021-06-19;0;0;0;0;0;0;0;0;0;0;0;0;0;0;0;0;0;0
FR;5;2021-06-20;0;0;0;0;0;0;0;0;0;0;0;0;0;0;0;0;0;0
FR;5;2021-06-21;0;0;0;0;0;0;0;0;0;0;0;0;0;0;0;0;0;0
FR;5;2021-06-22;0;0;0;0;0;0;0;0;0;0;0;0;0;0;0;0;0;0
FR;5;2021-06-23;0;0;0;0;0;0;0;0;0;0;0;0;0;0;0;0;0;0
FR;5;2021-06-24;0;0;0;0;0;0;0;0;0;0;0;0;0;0;0;0;0;0
FR;5;2021-06-25;0;0;0;0;0;0;0;0;0;0;0;0;0;0;0;0;0;0
FR;5;2021-06-26;0;0;0;0;0;0;0;0;0;0;0;0;0;0;0;0;0;0
FR;5;2021-06-27;0;0;0;0;0;0;0;0;0;0;0;0;0;0;0;0;0;0
FR;5;2021-06-28;0;0;0;0;0;0;0;0;0;0;0;0;0;0;0;0;0;0
FR;5;2021-06-29;0;0;0;0;0;0;0;0;0;0;0;0;0;0;0;0;0;0
FR;5;2021-06-30;0;0;0;0;0;0;0;0;0;0;0;0;0;0;0;0;0;0
FR;5;2021-07-01;0;0;0;0;0;0;0;0;0;0;0;0;0;0;0;0;0;0
FR;5;2021-07-02;0;0;0;0;0;0;0;0;0;0;0;0;0;0;0;0;0;0
FR;5;2021-07-03;0;0;0;0;0;0;0;0;0;0;0;0;0;0;0;0;0;0
FR;5;2021-07-04;0;0;0;0;0;0;0;0;0;0;0;0;0;0;0;0;0;0
FR;5;2021-07-05;0;0;0;0;0;0;0;0;0;0;0;0;0;0;0;0;0;0
FR;5;2021-07-06;0;0;0;0;0;0;0;0;0;0;0;0;0;0;0;0;0;0
FR;5;2021-07-07;0;0;0;0;0;0;0;0;0;0;0;0;0;0;0;0;0;0
FR;5;2021-07-08;0;0;0;0;0;0;0;0;0;0;0;0;0;0;0;0;0;0
FR;5;2021-07-09;0;0;0;0;0;0;0;0;0;0;0;0;0;0;0;0;0;0
FR;5;2021-07-10;0;0;0;0;0;0;0;0;0;0;0;0;0;0;0;0;0;0
FR;5;2021-07-11;0;0;0;0;0;0;0;0;0;0;0;0;0;0;0;0;0;0
FR;5;2021-07-12;0;0;0;0;0;0;0;0;0;0;0;0;0;0;0;0;0;0
FR;5;2021-07-13;0;0;0;0;0;0;0;0;0;0;0;0;0;0;0;0;0;0
FR;5;2021-07-14;0;0;0;0;0;0;0;0;0;0;0;0;0;0;0;0;0;0
FR;5;2021-07-15;0;0;0;0;0;0;0;0;0;0;0;0;0;0;0;0;0;0
FR;5;2021-07-16;0;0;0;0;0;0;0;0;0;0;0;0;0;0;0;0;0;0
FR;5;2021-07-17;0;0;0;0;0;0;0;0;0;0;0;0;0;0;0;0;0;0
FR;5;2021-07-18;0;0;0;0;0;0;0;0;0;0;0;0;0;0;0;0;0;0
FR;5;2021-07-19;0;0;0;0;0;0;0;0;0;0;0;0;0;0;0;0;0;0
FR;5;2021-07-20;0;0;0;0;0;0;0;0;0;0;0;0;0;0;0;0;0;0
FR;5;2021-07-21;0;0;0;0;0;0;0;0;0;0;0;0;0;0;0;0;0;0
FR;5;2021-07-22;0;0;0;0;0;0;0;0;0;0;0;0;0;0;0;0;0;0
FR;5;2021-07-23;0;0;0;0;0;0;0;0;0;0;0;0;0;0;0;0;0;0
FR;5;2021-07-24;0;0;0;0;0;0;0;0;0;0;0;0;0;0;0;0;0;0
FR;5;2021-07-25;0;0;0;0;0;0;0;0;0;0;0;0;0;0;0;0;0;0
FR;5;2021-07-26;0;0;0;0;0;0;0;0;0;0;0;0;0;0;0;0;0;0
FR;5;2021-07-27;0;0;0;0;0;0;0;0;0;0;0;0;0;0;0;0;0;0
FR;5;2021-07-28;0;0;0;0;0;0;0;0;0;0;0;0;0;0;0;0;0;0
FR;5;2021-07-29;0;0;0;0;0;0;0;0;0;0;0;0;0;0;0;0;0;0
FR;5;2021-07-30;0;0;0;0;0;0;0;0;0;0;0;0;0;0;0;0;0;0
FR;5;2021-07-31;0;0;0;0;0;0;0;0;0;0;0;0;0;0;0;0;0;0
FR;5;2021-08-01;0;0;0;0;0;0;0;0;0;0;0;0;0;0;0;0;0;0
FR;5;2021-08-02;0;0;0;0;0;0;0;0;0;0;0;0;0;0;0;0;0;0
FR;5;2021-08-03;0;0;0;0;0;0;0;0;0;0;0;0;0;0;0;0;0;0
FR;5;2021-08-04;0;0;0;0;0;0;0;0;0;0;0;0;0;0;0;0;0;0
FR;5;2021-08-05;0;0;0;0;0;0;0;0;0;0;0;0;0;0;0;0;0;0
FR;5;2021-08-06;0;0;0;0;0;0;0;0;0;0;0;0;0;0;0;0;0;0
FR;5;2021-08-07;0;0;0;0;0;0;0;0;0;0;0;0;0;0;0;0;0;0
FR;5;2021-08-08;0;0;0;0;0;0;0;0;0;0;0;0;0;0;0;0;0;0
FR;5;2021-08-09;0;0;0;0;0;0;0;0;0;0;0;0;0;0;0;0;0;0
FR;5;2021-08-10;0;0;0;0;0;0;0;0;0;0;0;0;0;0;0;0;0;0
FR;5;2021-08-11;0;0;0;0;0;0;0;0;0;0;0;0;0;0;0;0;0;0
FR;5;2021-08-12;0;0;0;0;0;0;0;0;0;0;0;0;0;0;0;0;0;0
FR;5;2021-08-13;0;0;0;0;0;0;0;0;0;0;0;0;0;0;0;0;0;0
FR;5;2021-08-14;0;0;0;0;0;0;0;0;0;0;0;0;0;0;0;0;0;0
FR;5;2021-08-15;0;0;0;0;0;0;0;0;0;0;0;0;0;0;0;0;0;0
FR;5;2021-08-16;0;0;0;0;0;0;0;0;0;0;0;0;0;0;0;0;0;0
FR;5;2021-08-17;0;0;0;0;0;0;0;0;0;0;0;0;0;0;0;0;0;0
FR;5;2021-08-18;0;0;0;0;0;0;0;0;0;0;0;0;0;0;0;0;0;0
FR;5;2021-08-19;0;0;0;0;0;0;0;0;0;0;0;0;0;0;0;0;0;0
FR;5;2021-08-20;0;0;0;0;0;0;0;0;0;0;0;0;0;0;0;0;0;0
FR;5;2021-08-21;0;0;0;0;0;0;0;0;0;0;0;0;0;0;0;0;0;0
FR;5;2021-08-22;0;0;0;0;0;0;0;0;0;0;0;0;0;0;0;0;0;0
FR;5;2021-08-23;0;0;0;0;0;0;0;0;0;0;0;0;0;0;0;0;0;0
FR;5;2021-08-24;0;0;0;0;0;0;0;0;0;0;0;0;0;0;0;0;0;0
FR;5;2021-08-25;0;0;0;0;0;0;0;0;0;0;0;0;0;0;0;0;0;0
FR;5;2021-08-26;0;0;0;0;0;0;0;0;0;0;0;0;0;0;0;0;0;0
FR;5;2021-08-27;0;0;0;0;0;0;0;0;0;0;0;0;0;0;0;0;0;0
FR;5;2021-08-28;0;0;0;0;0;0;0;0;0;0;0;0;0;0;0;0;0;0
FR;5;2021-08-29;0;0;0;0;0;0;0;0;0;0;0;0;0;0;0;0;0;0
FR;5;2021-08-30;0;0;0;0;0;0;0;0;0;0;0;0;0;0;0;0;0;0
FR;5;2021-08-31;0;0;0;0;0;0;0;0;0;0;0;0;0;0;0;0;0;0
FR;5;2021-09-01;0;0;0;0;0;0;0;0;0;0;0;0;0;0;0;0;0;0
FR;5;2021-09-02;0;0;0;0;0;0;0;0;0;0;0;0;0;0;0;0;0;0
FR;5;2021-09-03;0;0;0;0;0;0;0;0;0;0;0;0;0;0;0;0;0;0
FR;5;2021-09-04;0;0;0;0;0;0;0;0;0;0;0;0;0;0;0;0;0;0
FR;5;2021-09-05;0;0;0;0;0;0;0;0;0;0;0;0;0;0;0;0;0;0
FR;5;2021-09-06;0;0;0;0;0;0;0;0;0;0;0;0;0;0;0;0;0;0
FR;5;2021-09-07;0;0;0;0;0;0;0;0;0;0;0;0;0;0;0;0;0;0
FR;5;2021-09-08;0;0;0;0;0;0;0;0;0;0;0;0;0;0;0;0;0;0
FR;5;2021-09-09;0;0;0;0;0;0;0;0;0;0;0;0;0;0;0;0;0;0
FR;5;2021-09-10;0;0;0;0;0;0;0;0;0;0;0;0;0;0;0;0;0;0
FR;5;2021-09-11;0;0;0;0;0;0;0;0;0;0;0;0;0;0;0;0;0;0
FR;5;2021-09-12;0;0;0;0;0;0;0;0;0;0;0;0;0;0;0;0;0;0
FR;5;2021-09-13;0;0;0;0;0;0;0;0;0;0;0;0;0;0;0;0;0;0
FR;5;2021-09-14;0;0;0;0;0;0;0;0;0;0;0;0;0;0;0;0;0;0
FR;5;2021-09-15;0;0;0;0;0;0;0;0;0;0;0;0;0;0;0;0;0;0
FR;5;2021-09-16;0;0;0;0;0;0;0;0;0;0;0;0;0;0;0;0;0;0
FR;5;2021-09-17;0;0;0;0;0;0;0;0;0;0;0;0;0;0;0;0;0;0
FR;5;2021-09-18;0;0;0;0;0;0;0;0;0;0;0;0;0;0;0;0;0;0
FR;5;2021-09-19;0;0;0;0;0;0;0;0;0;0;0;0;0;0;0;0;0;0
FR;5;2021-09-20;0;0;0;0;0;0;0;0;0;0;0;0;0;0;0;0;0;0
FR;5;2021-09-21;0;0;0;0;0;0;0;0;0;0;0;0;0;0;0;0;0;0
FR;5;2021-09-22;0;0;0;0;0;0;0;0;0;0;0;0;0;0;0;0;0;0
FR;5;2021-09-23;0;0;0;0;0;0;0;0;0;0;0;0;0;0;0;0;0;0
FR;5;2021-09-24;0;0;0;0;0;0;0;0;0;0;0;0;0;0;0;0;0;0
FR;5;2021-09-25;0;0;0;0;0;0;0;0;0;0;0;0;0;0;0;0;0;0
FR;5;2021-09-26;0;0;0;0;0;0;0;0;0;0;0;0;0;0;0;0;0;0
FR;5;2021-09-27;0;0;0;0;0;0;0;0;0;0;0;0;0;0;0;0;0;0
FR;5;2021-09-28;0;0;0;0;0;0;0;0;0;0;0;0;0;0;0;0;0;0
FR;5;2021-09-29;0;0;0;0;0;0;0;0;0;0;0;0;0;0;0;0;0;0
FR;5;2021-09-30;0;0;0;0;0;0;0;0;0;0;0;0;0;0;0;0;0;0
FR;5;2021-10-01;0;0;0;0;0;0;0;0;0;0;0;0;0;0;0;0;0;0
FR;5;2021-10-02;0;0;0;0;0;0;0;0;0;0;0;0;0;0;0;0;0;0
FR;5;2021-10-03;0;0;0;0;0;0;0;0;0;0;0;0;0;0;0;0;0;0
FR;5;2021-10-04;0;0;0;0;0;0;0;0;0;0;0;0;0;0;0;0;0;0
FR;5;2021-10-05;0;0;0;0;0;0;0;0;0;0;0;0;0;0;0;0;0;0
FR;5;2021-10-06;0;0;0;0;0;0;0;0;0;0;0;0;0;0;0;0;0;0
FR;5;2021-10-07;0;0;0;0;0;0;0;0;0;0;0;0;0;0;0;0;0;0
FR;5;2021-10-08;0;0;0;0;0;0;0;0;0;0;0;0;0;0;0;0;0;0
FR;5;2021-10-09;0;0;0;0;0;0;0;0;0;0;0;0;0;0;0;0;0;0
FR;5;2021-10-10;0;0;0;0;0;0;0;0;0;0;0;0;0;0;0;0;0;0
FR;5;2021-10-11;0;0;0;0;0;0;0;0;0;0;0;0;0;0;0;0;0;0
FR;5;2021-10-12;0;0;0;0;0;0;0;0;0;0;0;0;0;0;0;0;0;0
FR;5;2021-10-13;0;0;0;0;0;0;0;0;0;0;0;0;0;0;0;0;0;0
FR;5;2021-10-14;0;0;0;0;0;0;0;0;0;0;0;0;0;0;0;0;0;0
FR;5;2021-10-15;0;0;0;0;0;0;0;0;0;0;0;0;0;0;0;0;0;0
FR;5;2021-10-16;0;0;0;0;0;0;0;0;0;0;0;0;0;0;0;0;0;0
FR;5;2021-10-17;0;0;0;0;0;0;0;0;0;0;0;0;0;0;0;0;0;0
FR;5;2021-10-18;0;0;0;0;0;0;0;0;0;0;0;0;0;0;0;0;0;0
FR;5;2021-10-19;0;0;0;0;0;0;0;0;0;0;0;0;0;0;0;0;0;0
FR;5;2021-10-20;0;0;0;0;0;0;0;0;0;0;0;0;0;0;0;0;0;0
FR;5;2021-10-21;0;0;0;0;0;0;0;0;0;0;0;0;0;0;0;0;0;0
FR;5;2021-10-22;0;0;0;0;0;0;0;0;0;0;0;0;0;0;0;0;0;0
FR;5;2021-10-23;0;0;0;0;0;0;0;0;0;0;0;0;0;0;0;0;0;0
FR;5;2021-10-24;0;0;0;0;0;0;0;0;0;0;0;0;0;0;0;0;0;0
FR;5;2021-10-25;0;0;0;0;0;0;0;0;0;0;0;0;0;0;0;0;0;0
FR;5;2021-10-26;0;0;0;0;0;0;0;0;0;0;0;0;0;0;0;0;0;0
FR;5;2021-10-27;0;0;0;0;0;0;0;0;0;0;0;0;0;0;0;0;0;0
FR;5;2021-10-28;0;0;0;0;0;0;0;0;0;0;0;0;0;0;0;0;0;0
FR;5;2021-10-29;0;0;0;0;0;0;0;0;0;0;0;0;0;0;0;0;0;0
FR;5;2021-10-30;0;0;0;0;0;0;0;0;0;0;0;0;0;0;0;0;0;0
FR;5;2021-10-31;0;0;0;0;0;0;0;0;0;0;0;0;0;0;0;0;0;0
FR;5;2021-11-01;0;0;0;0;0;0;0;0;0;0;0;0;0;0;0;0;0;0
FR;5;2021-11-02;0;0;0;0;0;0;0;0;0;0;0;0;0;0;0;0;0;0
FR;5;2021-11-03;0;0;0;0;0;0;0;0;0;0;0;0;0;0;0;0;0;0
FR;5;2021-11-04;0;0;0;0;0;0;0;0;0;0;0;0;0;0;0;0;0;0
FR;5;2021-11-05;0;0;0;0;0;0;0;0;0;0;0;0;0;0;0;0;0;0
FR;5;2021-11-06;0;0;0;0;0;0;0;0;0;0;0;0;0;0;0;0;0;0
FR;5;2021-11-07;0;0;0;0;0;0;0;0;0;0;0;0;0;0;0;0;0;0
FR;5;2021-11-08;0;0;0;0;0;0;0;0;0;0;0;0;0;0;0;0;0;0
FR;5;2021-11-09;0;0;0;0;0;0;0;0;0;0;0;0;0;0;0;0;0;0
FR;5;2021-11-10;0;0;0;0;0;0;0;0;0;0;0;0;0;0;0;0;0;0
FR;5;2021-11-11;0;0;0;0;0;0;0;0;0;0;0;0;0;0;0;0;0;0
FR;5;2021-11-12;0;0;0;0;0;0;0;0;0;0;0;0;0;0;0;0;0;0
FR;5;2021-11-13;0;0;0;0;0;0;0;0;0;0;0;0;0;0;0;0;0;0
FR;5;2021-11-14;0;0;0;0;0;0;0;0;0;0;0;0;0;0;0;0;0;0
FR;5;2021-11-15;0;0;0;0;0;0;0;0;0;0;0;0;0;0;0;0;0;0
FR;5;2021-11-16;0;0;0;0;0;0;0;0;0;0;0;0;0;0;0;0;0;0
FR;5;2021-11-17;0;0;0;0;0;0;0;0;0;0;0;0;0;0;0;0;0;0
FR;5;2021-11-18;0;0;0;0;0;0;0;0;0;0;0;0;0;0;0;0;0;0
FR;5;2021-11-19;0;0;0;0;0;0;0;0;0;0;0;0;0;0;0;0;0;0
FR;5;2021-11-20;0;0;0;0;0;0;0;0;0;0;0;0;0;0;0;0;0;0
FR;5;2021-11-21;0;0;0;0;0;0;0;0;0;0;0;0;0;0;0;0;0;0
FR;5;2021-11-22;0;0;0;0;0;0;0;0;0;0;0;0;0;0;0;0;0;0
FR;5;2021-11-23;0;0;0;0;0;0;0;0;0;0;0;0;0;0;0;0;0;0
FR;5;2021-11-24;0;0;0;0;0;0;0;0;0;0;0;0;0;0;0;0;0;0
FR;5;2021-11-25;0;0;0;0;0;0;0;0;0;0;0;0;0;0;0;0;0;0
FR;5;2021-11-26;0;0;0;0;0;0;0;0;0;0;0;0;0;0;0;0;0;0
FR;5;2021-11-27;0;0;0;0;0;0;0;0;0;0;0;0;0;0;0;0;0;0
FR;5;2021-11-28;0;0;0;0;0;0;0;0;0;0;0;0;0;0;0;0;0;0
FR;5;2021-11-29;0;0;0;0;0;0;0;0;0;0;0;0;0;0;0;0;0;0
FR;5;2021-11-30;0;0;0;0;0;0;0;0;0;0;0;0;0;0;0;0;0;0
FR;5;2021-12-01;0;0;0;0;0;0;0;0;0;0;0;0;0;0;0;0;0;0
FR;5;2021-12-02;0;0;0;0;0;0;0;0;0;0;0;0;0;0;0;0;0;0
FR;5;2021-12-03;0;0;0;0;0;0;0;0;0;0;0;0;0;0;0;0;0;0
FR;5;2021-12-04;0;0;0;0;0;0;0;0;0;0;0;0;0;0;0;0;0;0
FR;5;2021-12-05;0;0;0;0;0;0;0;0;0;0;0;0;0;0;0;0;0;0
FR;5;2021-12-06;0;0;0;0;0;0;0;0;0;0;0;0;0;0;0;0;0;0
FR;5;2021-12-07;0;0;0;0;0;0;0;0;0;0;0;0;0;0;0;0;0;0
FR;5;2021-12-08;0;0;0;0;0;0;0;0;0;0;0;0;0;0;0;0;0;0
FR;5;2021-12-09;0;0;0;0;0;0;0;0;0;0;0;0;0;0;0;0;0;0
FR;5;2021-12-10;0;0;0;0;0;0;0;0;0;0;0;0;0;0;0;0;0;0
FR;5;2021-12-11;0;0;0;0;0;0;0;0;0;0;0;0;0;0;0;0;0;0
FR;5;2021-12-12;0;0;0;0;0;0;0;0;0;0;0;0;0;0;0;0;0;0
FR;5;2021-12-13;0;0;0;0;0;0;0;0;0;0;0;0;0;0;0;0;0;0
FR;5;2021-12-14;33;45;77;0;27;88;1;0;0;33;45;77;0;27;88;1;0;0
FR;5;2021-12-15;196;44;37;0;42;49;0;0;0;229;89;114;0;69;137;1;0;0
FR;5;2021-12-16;181;21;44;0;38;48;0;0;0;410;110;158;0;107;185;1;0;0
FR;5;2021-12-17;313;16;72;0;34;74;2;0;0;723;126;230;0;141;259;3;0;0
FR;5;2021-12-18;766;24;22;0;67;29;0;0;0;1489;150;252;0;208;288;3;0;0
FR;5;2021-12-19;585;15;15;0;67;17;0;0;0;2074;165;267;0;275;305;3;0;0
FR;5;2021-12-20;1225;31;34;0;134;37;2;0;0;3299;196;301;0;409;342;5;0;0
FR;5;2021-12-21;1535;22;54;1;141;60;0;0;0;4834;218;355;1;550;402;5;0;0
FR;5;2021-12-22;4069;40;37;0;420;46;2;0;0;8903;258;392;1;970;448;7;0;0
FR;5;2021-12-23;3042;16;21;0;304;25;0;0;0;11945;274;413;1;1274;473;7;0;0
FR;5;2021-12-24;761;18;9;0;103;14;0;0;0;12706;292;422;1;1377;487;7;0;0
FR;5;2021-12-25;61;5;2;0;9;3;0;0;0;12767;297;424;1;1386;490;7;0;0
FR;5;2021-12-26;623;6;3;0;101;4;0;0;0;13390;303;427;1;1487;494;7;0;0
FR;5;2021-12-27;4085;25;21;0;458;23;1;0;0;17475;328;448;1;1945;517;8;0;0
FR;5;2021-12-28;5204;23;41;1;512;43;2;0;0;22679;351;489;2;2457;560;10;0;0
FR;5;2021-12-29;8105;34;66;2;886;69;1;0;0;30784;385;555;4;3343;629;11;0;0
FR;5;2021-12-30;5173;18;33;0;525;39;0;0;0;35957;403;588;4;3868;668;11;0;0
FR;5;2021-12-31;1553;8;10;0;182;11;0;0;0;37510;411;598;4;4050;679;11;0;0
FR;5;2022-01-01;185;2;2;0;24;3;0;0;0;37695;413;600;4;4074;682;11;0;0
FR;5;2022-01-02;1489;1;1;0;150;1;0;0;0;39184;414;601;4;4224;683;11;0;0
FR;5;2022-01-03;3068;36;34;0;321;33;1;0;0;42252;450;635;4;4545;716;12;0;0
FR;5;2022-01-04;3034;39;33;0;320;42;3;0;0;45286;489;668;4;4865;758;15;0;0
FR;5;2022-01-05;19324;203;97;1;2113;108;0;0;0;64610;692;765;5;6978;866;15;0;0
FR;5;2022-01-06;3748;134;122;0;507;142;2;0;0;68358;826;887;5;7485;1008;17;0;0
FR;5;2022-01-07;5006;202;48;2;702;56;1;0;0;73364;1028;935;7;8187;1064;18;0;0
FR;5;2022-01-08;13659;514;45;0;1998;52;0;0;0;87023;1542;980;7;10185;1116;18;0;0
FR;5;2022-01-09;5754;399;15;0;1113;20;1;0;0;92777;1941;995;7;11298;1136;19;0;0
FR;5;2022-01-10;3455;326;25;0;732;29;0;0;0;96232;2267;1020;7;12030;1165;19;0;0
FR;5;2022-01-11;3671;284;38;0;662;41;1;0;0;99903;2551;1058;7;12692;1206;20;0;0
FR;5;2022-01-12;22650;3005;89;0;5295;112;2;0;0;122553;5556;1147;7;17987;1318;22;0;0
FR;5;2022-01-13;4039;622;29;0;1051;31;2;0;0;126592;6178;1176;7;19038;1349;24;0;0
FR;5;2022-01-14;4843;583;45;0;1115;52;1;0;0;131435;6761;1221;7;20153;1401;25;0;0
FR;5;2022-01-15;14686;1746;38;3;3372;49;3;0;0;146121;8507;1259;10;23525;1450;28;0;0
FR;5;2022-01-16;4728;666;3;0;1260;5;0;0;0;150849;9173;1262;10;24785;1455;28;0;0
FR;5;2022-01-17;2297;718;26;0;986;29;0;0;0;153146;9891;1288;10;25771;1484;28;0;0
FR;5;2022-01-18;2431;870;30;0;1141;40;0;0;0;155577;10761;1318;10;26912;1524;28;0;0
FR;5;2022-01-19;18482;6423;74;2;8362;142;3;0;0;174059;17184;1392;12;35274;1666;31;0;0
FR;5;2022-01-20;1920;1067;25;0;1295;34;2;0;0;175979;18251;1417;12;36569;1700;33;0;0
FR;5;2022-01-21;3077;1372;47;1;1675;59;2;0;0;179056;19623;1464;13;38244;1759;35;0;0
FR;5;2022-01-22;10720;3454;33;1;4670;43;1;0;0;189776;23077;1497;14;42914;1802;36;0;0
FR;5;2022-01-23;2629;1415;6;0;1788;10;0;0;0;192405;24492;1503;14;44702;1812;36;0;0
FR;5;2022-01-24;1161;1340;19;0;1446;23;1;0;0;193566;25832;1522;14;46148;1835;37;0;0
FR;5;2022-01-25;1220;1549;20;2;1681;31;3;0;0;194786;27381;1542;16;47829;1866;40;0;0
FR;5;2022-01-26;10750;12032;50;1;13298;89;1;0;1;205536;39413;1592;17;61127;1955;41;0;1
FR;5;2022-01-27;1291;1693;10;0;1838;17;0;0;0;206827;41106;1602;17;62965;1972;41;0;1
FR;5;2022-01-28;1699;3346;16;0;3566;19;1;0;0;208526;44452;1618;17;66531;1991;42;0;1
FR;5;2022-01-29;6241;8041;68;0;8855;96;2;0;0;214767;52493;1686;17;75386;2087;44;0;1
FR;5;2022-01-30;1509;2950;5;0;3185;18;0;0;0;216276;55443;1691;17;78571;2105;44;0;1
FR;5;2022-01-31;589;1773;23;0;1837;24;3;0;0;216865;57216;1714;17;80408;2129;47;0;1
FR;5;2022-02-01;712;1706;10;0;1791;15;0;0;0;217577;58922;1724;17;82199;2144;47;0;1
FR;5;2022-02-02;6958;15655;52;0;16603;94;0;0;0;224535;74577;1776;17;98802;2238;47;0;1
FR;5;2022-02-03;491;1691;14;0;1748;13;5;0;0;225026;76268;1790;17;100550;2251;52;0;1
FR;5;2022-02-04;945;3002;19;0;3123;31;0;0;0;225971;79270;1809;17;103673;2282;52;0;1
FR;5;2022-02-05;3535;8919;23;0;9517;37;0;0;0;229506;88189;1832;17;113190;2319;52;0;1
FR;5;2022-02-06;737;2397;10;0;2556;19;0;0;0;230243;90586;1842;17;115746;2338;52;0;1
FR;5;2022-02-07;884;1596;23;0;1715;25;2;0;0;231127;92182;1865;17;117461;2363;54;0;1
FR;5;2022-02-08;725;1287;18;0;1407;20;2;0;0;231852;93469;1883;17;118868;2383;56;0;1
FR;5;2022-02-09;4544;12880;44;0;13608;76;1;0;0;236396;106349;1927;17;132476;2459;57;0;1
FR;5;2022-02-10;646;1059;14;0;1166;15;0;0;0;237042;107408;1941;17;133642;2474;57;0;1
FR;5;2022-02-11;793;2032;16;0;2163;21;1;0;0;237835;109440;1957;17;135805;2495;58;0;1
FR;5;2022-02-12;2286;6812;33;0;7279;53;0;0;0;240121;116252;1990;17;143084;2548;58;0;1
FR;5;2022-02-13;464;1540;8;0;1653;8;1;0;0;240585;117792;1998;17;144737;2556;59;0;1
FR;5;2022-02-14;678;1288;10;0;1407;13;1;0;0;241263;119080;2008;17;146144;2569;60;0;1
FR;5;2022-02-15;482;886;9;0;968;14;1;0;0;241745;119966;2017;17;147112;2583;61;0;1
FR;5;2022-02-16;2980;9124;41;1;9676;58;2;0;0;244725;129090;2058;18;156788;2641;63;0;1
FR;5;2022-02-17;436;809;6;0;876;7;1;0;0;245161;129899;2064;18;157664;2648;64;0;1
FR;5;2022-02-18;649;1408;13;0;1535;17;0;0;0;245810;131307;2077;18;159199;2665;64;0;1
FR;5;2022-02-19;1373;4315;16;0;4623;28;0;0;0;247183;135622;2093;18;163822;2693;64;0;1
FR;5;2022-02-20;247;879;6;0;941;8;0;0;0;247430;136501;2099;18;164763;2701;64;0;1
FR;5;2022-02-21;221;607;2;0;661;4;1;0;0;247651;137108;2101;18;165424;2705;65;0;1
FR;5;2022-02-22;262;545;17;0;592;17;1;0;0;247913;137653;2118;18;166016;2722;66;0;1
FR;5;2022-02-23;1909;6926;23;1;7346;43;0;0;0;249822;144579;2141;19;173362;2765;66;0;1
FR;5;2022-02-24;182;374;6;1;421;7;1;0;0;250004;144953;2147;20;173783;2772;67;0;1
FR;5;2022-02-25;336;950;13;0;1027;12;2;0;0;250340;145903;2160;20;174810;2784;69;0;1
FR;5;2022-02-26;972;3071;11;0;3333;15;2;0;0;251312;148974;2171;20;178143;2799;71;0;1
FR;5;2022-02-27;151;506;0;0;549;3;0;0;0;251463;149480;2171;20;178692;2802;71;0;1
FR;5;2022-02-28;162;369;1;0;408;1;0;0;0;251625;149849;2172;20;179100;2803;71;0;1
FR;5;2022-03-01;130;280;6;0;315;7;1;0;0;251755;150129;2178;20;179415;2810;72;0;1
FR;5;2022-03-02;1241;4156;28;3;4497;40;3;0;0;252996;154285;2206;23;183912;2850;75;0;1
FR;5;2022-03-03;121;251;5;0;271;10;1;0;0;253117;154536;2211;23;184183;2860;76;0;1
FR;5;2022-03-04;197;488;13;0;538;14;2;0;0;253314;155024;2224;23;184721;2874;78;0;1
FR;5;2022-03-05;677;1990;8;0;2244;16;2;0;0;253991;157014;2232;23;186965;2890;80;0;1
FR;5;2022-03-06;108;260;0;0;310;0;0;0;0;254099;157274;2232;23;187275;2890;80;0;1
FR;5;2022-03-07;71;228;5;0;254;3;2;0;0;254170;157502;2237;23;187529;2893;82;0;1
FR;5;2022-03-08;46;134;7;1;141;8;3;0;0;254216;157636;2244;24;187670;2901;85;0;1
FR;5;2022-03-09;910;3078;24;0;3407;36;0;0;0;255126;160714;2268;24;191077;2937;85;0;1
FR;5;2022-03-10;82;202;9;0;215;13;3;0;0;255208;160916;2277;24;191292;2950;88;0;1
FR;5;2022-03-11;148;369;13;1;427;15;0;0;0;255356;161285;2290;25;191719;2965;88;0;1
FR;5;2022-03-12;758;1613;13;1;1976;30;0;0;0;256114;162898;2303;26;193695;2995;88;0;1
FR;5;2022-03-13;78;100;0;0;133;0;0;0;0;256192;162998;2303;26;193828;2995;88;0;1
FR;5;2022-03-14;67;119;7;1;139;7;1;0;0;256259;163117;2310;27;193967;3002;89;0;1
FR;5;2022-03-15;83;99;4;0;119;7;1;0;0;256342;163216;2314;27;194086;3009;90;0;1
FR;5;2022-03-16;882;1827;15;3;2228;36;7;0;0;257224;165043;2329;30;196314;3045;97;0;1
FR;5;2022-03-17;68;123;8;4;151;10;4;0;0;257292;165166;2337;34;196465;3055;101;0;1
FR;5;2022-03-18;172;318;13;4;390;18;4;0;0;257464;165484;2350;38;196855;3073;105;0;1
FR;5;2022-03-19;752;1163;12;5;1555;33;8;0;0;258216;166647;2362;43;198410;3106;113;0;1
FR;5;2022-03-20;45;93;1;0;119;1;0;0;0;258261;166740;2363;43;198529;3107;113;0;1
FR;5;2022-03-21;71;120;10;6;136;15;8;0;0;258332;166860;2373;49;198665;3122;121;0;1
FR;5;2022-03-22;56;119;8;7;143;9;6;0;0;258388;166979;2381;56;198808;3131;127;0;1
FR;5;2022-03-23;805;1461;14;8;1878;36;9;0;0;259193;168440;2395;64;200686;3167;136;0;1
FR;5;2022-03-24;71;93;8;7;118;7;10;0;0;259264;168533;2403;71;200804;3174;146;0;1
FR;5;2022-03-25;222;293;14;8;388;18;9;0;0;259486;168826;2417;79;201192;3192;155;0;1
FR;5;2022-03-26;707;853;12;5;1273;26;6;0;1;260193;169679;2429;84;202465;3218;161;0;2
FR;5;2022-03-27;75;81;0;0;124;3;0;0;0;260268;169760;2429;84;202589;3221;161;0;2
FR;5;2022-03-28;81;93;1;2;132;3;2;0;0;260349;169853;2430;86;202721;3224;163;0;2
FR;5;2022-03-29;71;82;10;4;113;12;5;0;0;260420;169935;2440;90;202834;3236;168;0;2
FR;5;2022-03-30;823;1116;16;13;1606;29;14;0;0;261243;171051;2456;103;204440;3265;182;0;2
FR;5;2022-03-31;102;125;1;4;173;6;4;0;0;261345;171176;2457;107;204613;3271;186;0;2
FR;5;2022-04-01;114;86;7;12;135;11;12;0;1;261459;171262;2464;119;204748;3282;198;0;3
FR;5;2022-04-02;330;349;3;3;535;15;4;0;0;261789;171611;2467;122;205283;3297;202;0;3
FR;5;2022-04-03;54;59;1;0;88;1;0;0;0;261843;171670;2468;122;205371;3298;202;0;3
FR;5;2022-04-04;40;57;4;1;70;8;2;0;0;261883;171727;2472;123;205441;3306;204;0;3
FR;5;2022-04-05;53;60;6;6;75;9;5;0;0;261936;171787;2478;129;205516;3315;209;0;3
FR;5;2022-04-06;421;439;7;14;678;16;14;0;0;262357;172226;2485;143;206194;3331;223;0;3
FR;5;2022-04-07;45;69;5;7;89;7;10;0;0;262402;172295;2490;150;206283;3338;233;0;3
FR;5;2022-04-08;134;112;12;13;174;14;15;0;0;262536;172407;2502;163;206457;3352;248;0;3
FR;5;2022-04-09;311;324;2;5;511;17;5;0;0;262847;172731;2504;168;206968;3369;253;0;3
FR;5;2022-04-10;44;31;2;0;61;2;1;0;0;262891;172762;2506;168;207029;3371;254;0;3
FR;5;2022-04-11;50;60;3;2;78;4;3;0;0;262941;172822;2509;170;207107;3375;257;0;3
FR;5;2022-04-12;59;54;3;3;78;5;3;0;0;263000;172876;2512;173;207185;3380;260;0;3
FR;5;2022-04-13;382;413;3;8;606;16;8;0;0;263382;173289;2515;181;207791;3396;268;0;3
FR;5;2022-04-14;48;53;5;5;70;9;3;0;0;263430;173342;2520;186;207861;3405;271;0;3
FR;5;2022-04-15;91;109;4;4;150;5;6;0;0;263521;173451;2524;190;208011;3410;277;0;3
FR;5;2022-04-16;188;184;2;1;265;13;1;0;0;263709;173635;2526;191;208276;3423;278;0;3
FR;5;2022-04-17;12;11;1;0;17;1;0;0;0;263721;173646;2527;191;208293;3424;278;0;3
FR;5;2022-04-18;9;10;2;0;11;3;1;0;0;263730;173656;2529;191;208304;3427;279;0;3
FR;5;2022-04-19;75;71;6;1;96;6;4;0;0;263805;173727;2535;192;208400;3433;283;0;3
FR;5;2022-04-20;361;349;9;6;522;12;7;0;0;264166;174076;2544;198;208922;3445;290;0;3
FR;5;2022-04-21;42;64;9;10;71;12;14;0;0;264208;174140;2553;208;208993;3457;304;0;3
FR;5;2022-04-22;113;96;5;4;144;5;5;0;0;264321;174236;2558;212;209137;3462;309;0;3
FR;5;2022-04-23;209;193;4;2;284;11;3;0;0;264530;174429;2562;214;209421;3473;312;0;3
FR;5;2022-04-24;37;35;0;0;50;3;0;0;0;264567;174464;2562;214;209471;3476;312;0;3
FR;5;2022-04-25;69;65;1;1;102;4;1;0;0;264636;174529;2563;215;209573;3480;313;0;3
FR;5;2022-04-26;60;63;2;1;85;5;1;0;0;264696;174592;2565;216;209658;3485;314;0;3
FR;5;2022-04-27;335;316;3;7;463;14;8;0;0;265031;174908;2568;223;210121;3499;322;0;3
FR;5;2022-04-28;81;54;4;5;81;8;7;0;0;265112;174962;2572;228;210202;3507;329;0;3
FR;5;2022-04-29;117;84;5;19;117;12;17;0;0;265229;175046;2577;247;210319;3519;346;0;3
FR;5;2022-04-30;183;114;2;3;184;10;4;0;0;265412;175160;2579;250;210503;3529;350;0;3
FR;5;2022-05-01;11;7;0;0;11;0;0;0;0;265423;175167;2579;250;210514;3529;350;0;3
FR;5;2022-05-02;52;28;4;5;48;2;7;0;0;265475;175195;2583;255;210562;3531;357;0;3
FR;5;2022-05-03;87;57;2;4;84;11;4;0;0;265562;175252;2585;259;210646;3542;361;0;3
FR;5;2022-05-04;278;205;1;2;324;7;2;0;0;265840;175457;2586;261;210970;3549;363;0;3
FR;5;2022-05-05;62;32;3;4;46;5;4;0;0;265902;175489;2589;265;211016;3554;367;0;3
FR;5;2022-05-06;105;65;2;3;106;5;3;0;0;266007;175554;2591;268;211122;3559;370;0;3
FR;5;2022-05-07;171;117;2;10;180;13;7;0;0;266178;175671;2593;278;211302;3572;377;0;3
FR;5;2022-05-08;8;8;0;0;9;2;0;0;0;266186;175679;2593;278;211311;3574;377;0;3
FR;5;2022-05-09;44;34;15;3;51;16;4;0;0;266230;175713;2608;281;211362;3590;381;0;3
FR;5;2022-05-10;54;49;3;4;67;5;5;0;0;266284;175762;2611;285;211429;3595;386;0;3
FR;5;2022-05-11;327;237;12;7;344;21;11;0;0;266611;175999;2623;292;211773;3616;397;0;3
FR;5;2022-05-12;46;34;2;2;46;2;3;0;0;266657;176033;2625;294;211819;3618;400;0;3
FR;5;2022-05-13;109;83;3;8;119;8;7;0;0;266766;176116;2628;302;211938;3626;407;0;3
FR;5;2022-05-14;209;131;0;1;212;8;0;0;0;266975;176247;2628;303;212150;3634;407;0;3
FR;5;2022-05-15;22;9;2;0;18;1;1;0;0;266997;176256;2630;303;212168;3635;408;0;3
FR;5;2022-05-16;52;34;4;5;53;4;5;0;0;267049;176290;2634;308;212221;3639;413;0;3
FR;5;2022-05-17;72;40;5;0;68;2;3;0;0;267121;176330;2639;308;212289;3641;416;0;3
FR;5;2022-05-18;289;215;4;4;330;8;6;0;0;267410;176545;2643;312;212619;3649;422;0;3
FR;5;2022-05-19;45;35;5;3;42;3;4;0;0;267455;176580;2648;315;212661;3652;426;0;3
FR;5;2022-05-20;76;63;3;10;92;1;11;0;0;267531;176643;2651;325;212753;3653;437;0;3
FR;5;2022-05-21;242;166;2;3;268;17;1;0;0;267773;176809;2653;328;213021;3670;438;0;3
FR;5;2022-05-22;20;14;2;5;20;2;6;0;0;267793;176823;2655;333;213041;3672;444;0;3
FR;5;2022-05-23;42;31;4;3;42;6;3;0;0;267835;176854;2659;336;213083;3678;447;0;3
FR;5;2022-05-24;47;45;3;2;60;5;2;0;0;267882;176899;2662;338;213143;3683;449;0;3
FR;5;2022-05-25;329;257;4;1;385;16;1;0;0;268211;177156;2666;339;213528;3699;450;0;3
FR;5;2022-05-26;17;5;0;1;9;2;0;0;1;268228;177161;2666;340;213537;3701;450;0;4
FR;5;2022-05-27;99;54;4;4;89;9;3;0;0;268327;177215;2670;344;213626;3710;453;0;4
FR;5;2022-05-28;100;78;5;3;106;10;3;0;0;268427;177293;2675;347;213732;3720;456;0;4
FR;5;2022-05-29;14;14;1;0;18;2;0;0;0;268441;177307;2676;347;213750;3722;456;0;4
FR;5;2022-05-30;56;41;2;1;54;2;2;0;0;268497;177348;2678;348;213804;3724;458;0;4
FR;5;2022-05-31;57;43;1;8;62;1;8;0;0;268554;177391;2679;356;213866;3725;466;0;4
FR;5;2022-06-01;257;241;9;2;301;25;5;0;0;268811;177632;2688;358;214167;3750;471;0;4
FR;5;2022-06-02;63;61;5;0;73;9;1;0;0;268874;177693;2693;358;214240;3759;472;0;4
FR;5;2022-06-03;82;71;4;5;88;10;6;0;0;268956;177764;2697;363;214328;3769;478;0;4
FR;5;2022-06-04;157;109;2;1;187;9;1;0;0;269113;177873;2699;364;214515;3778;479;0;4
FR;5;2022-06-05;18;11;0;0;21;1;0;0;0;269131;177884;2699;364;214536;3779;479;0;4
FR;5;2022-06-06;16;12;0;1;15;0;1;0;0;269147;177896;2699;365;214551;3779;480;0;4
FR;5;2022-06-07;50;56;1;1;76;2;1;0;0;269197;177952;2700;366;214627;3781;481;0;4
FR;5;2022-06-08;283;225;3;4;332;17;2;0;0;269480;178177;2703;370;214959;3798;483;0;4
FR;5;2022-06-09;52;41;6;3;57;7;2;0;1;269532;178218;2709;373;215016;3805;485;0;5
FR;5;2022-06-10;81;72;1;1;105;6;1;0;0;269613;178290;2710;374;215121;3811;486;0;5
FR;5;2022-06-11;173;141;3;3;202;10;4;0;0;269786;178431;2713;377;215323;3821;490;0;5
FR;5;2022-06-12;17;16;0;0;19;2;0;0;0;269803;178447;2713;377;215342;3823;490;0;5
FR;5;2022-06-13;56;47;9;3;70;10;6;0;0;269859;178494;2722;380;215412;3833;496;0;5
FR;5;2022-06-14;59;56;1;4;64;6;4;0;0;269918;178550;2723;384;215476;3839;500;0;5
FR;5;2022-06-15;266;260;5;2;363;27;1;0;0;270184;178810;2728;386;215839;3866;501;0;5
FR;5;2022-06-16;47;30;5;2;44;5;2;0;0;270231;178840;2733;388;215883;3871;503;0;5
FR;5;2022-06-17;100;67;5;5;102;10;5;0;0;270331;178907;2738;393;215985;3881;508;0;5
FR;5;2022-06-18;146;95;10;2;152;26;2;0;1;270477;179002;2748;395;216137;3907;510;0;6
FR;5;2022-06-19;26;15;0;1;18;4;1;0;0;270503;179017;2748;396;216155;3911;511;0;6
FR;5;2022-06-20;56;50;8;0;62;11;2;0;0;270559;179067;2756;396;216217;3922;513;0;6
FR;5;2022-06-21;52;73;5;3;90;7;5;0;1;270611;179140;2761;399;216307;3929;518;0;7
FR;5;2022-06-22;224;247;7;9;347;33;10;0;0;270835;179387;2768;408;216654;3962;528;0;7
FR;5;2022-06-23;50;38;2;5;43;6;6;0;0;270885;179425;2770;413;216697;3968;534;0;7
FR;5;2022-06-24;91;70;12;5;101;16;8;0;0;270976;179495;2782;418;216798;3984;542;0;7
FR;5;2022-06-25;154;124;3;7;185;14;8;0;1;271130;179619;2785;425;216983;3998;550;0;8
FR;5;2022-06-26;26;19;2;0;29;5;0;0;0;271156;179638;2787;425;217012;4003;550;0;8
FR;5;2022-06-27;57;60;5;7;78;11;9;0;0;271213;179698;2792;432;217090;4014;559;0;8
FR;5;2022-06-28;70;49;8;2;69;14;5;0;0;271283;179747;2800;434;217159;4028;564;0;8
FR;5;2022-06-29;297;268;9;21;391;34;23;0;0;271580;180015;2809;455;217550;4062;587;0;8
FR;5;2022-06-30;89;57;10;12;89;17;11;0;0;271669;180072;2819;467;217639;4079;598;0;8
FR;5;2022-07-01;127;65;7;11;118;12;11;0;2;271796;180137;2826;478;217757;4091;609;0;10
FR;5;2022-07-02;191;132;4;0;209;22;0;0;0;271987;180269;2830;478;217966;4113;609;0;10
FR;5;2022-07-03;30;25;1;0;36;4;0;0;0;272017;180294;2831;478;218002;4117;609;0;10
FR;5;2022-07-04;103;64;2;5;102;6;5;0;1;272120;180358;2833;483;218104;4123;614;0;11
FR;5;2022-07-05;104;72;3;8;107;13;8;0;1;272224;180430;2836;491;218211;4136;622;0;12
FR;5;2022-07-06;277;168;9;36;289;27;36;0;0;272501;180598;2845;527;218500;4163;658;0;12
FR;5;2022-07-07;88;68;6;9;88;13;11;0;0;272589;180666;2851;536;218588;4176;669;0;12
FR;5;2022-07-08;152;120;7;14;146;25;13;0;1;272741;180786;2858;550;218734;4201;682;0;13
FR;5;2022-07-09;116;68;1;8;100;10;8;0;0;272857;180854;2859;558;218834;4211;690;0;13
FR;5;2022-07-10;15;6;0;0;10;1;0;0;0;272872;180860;2859;558;218844;4212;690;0;13
FR;5;2022-07-11;92;72;10;2;98;19;3;0;0;272964;180932;2869;560;218942;4231;693;0;13
FR;5;2022-07-12;67;63;5;10;81;7;12;0;0;273031;180995;2874;570;219023;4238;705;0;13
FR;5;2022-07-13;169;118;10;19;196;16;23;0;0;273200;181113;2884;589;219219;4254;728;0;13
FR;5;2022-07-14;8;4;0;0;7;0;0;0;0;273208;181117;2884;589;219226;4254;728;0;13
FR;5;2022-07-15;74;66;5;14;86;15;15;0;0;273282;181183;2889;603;219312;4269;743;0;13
FR;5;2022-07-16;54;44;3;0;71;3;2;0;0;273336;181227;2892;603;219383;4272;745;0;13
FR;5;2022-07-17;10;7;3;0;10;2;2;0;0;273346;181234;2895;603;219393;4274;747;0;13
FR;5;2022-07-18;60;47;0;4;70;4;3;0;0;273406;181281;2895;607;219463;4278;750;0;13
FR;5;2022-07-19;63;42;5;3;63;7;4;0;0;273469;181323;2900;610;219526;4285;754;0;13
FR;5;2022-07-20;119;106;4;11;141;14;9;0;0;273588;181429;2904;621;219667;4299;763;0;13
FR;5;2022-07-21;38;43;2;10;52;5;10;0;0;273626;181472;2906;631;219719;4304;773;0;13
FR;5;2022-07-22;48;69;11;13;75;23;11;0;1;273674;181541;2917;644;219794;4327;784;0;14
FR;5;2022-07-23;59;78;2;1;95;11;2;0;0;273733;181619;2919;645;219889;4338;786;0;14
FR;5;2022-07-24;11;9;3;1;12;3;1;0;0;273744;181628;2922;646;219901;4341;787;0;14
FR;5;2022-07-25;53;48;2;7;57;8;8;0;0;273797;181676;2924;653;219958;4349;795;0;14
FR;5;2022-07-26;58;52;5;41;70;6;44;0;0;273855;181728;2929;694;220028;4355;839;0;14
FR;5;2022-07-27;106;118;4;4;161;13;4;0;0;273961;181846;2933;698;220189;4368;843;0;14
FR;5;2022-07-28;39;35;2;2;47;6;1;0;0;274000;181881;2935;700;220236;4374;844;0;14
FR;5;2022-07-29;56;74;3;14;90;8;10;0;0;274056;181955;2938;714;220326;4382;854;0;14
FR;5;2022-07-30;55;53;5;1;75;7;2;0;0;274111;182008;2943;715;220401;4389;856;0;14
FR;5;2022-07-31;7;11;1;0;13;1;0;0;0;274118;182019;2944;715;220414;4390;856;0;14
FR;5;2022-08-01;39;53;1;2;62;6;2;0;0;274157;182072;2945;717;220476;4396;858;0;14
FR;5;2022-08-02;32;43;8;7;47;8;7;0;1;274189;182115;2953;724;220523;4404;865;0;15
FR;5;2022-08-03;54;51;4;10;70;9;8;0;0;274243;182166;2957;734;220593;4413;873;0;15
FR;5;2022-08-04;20;18;1;6;22;1;6;0;0;274263;182184;2958;740;220615;4414;879;0;15
FR;5;2022-08-05;35;26;3;3;39;3;3;0;0;274298;182210;2961;743;220654;4417;882;0;15
FR;5;2022-08-06;23;26;1;0;31;1;0;0;0;274321;182236;2962;743;220685;4418;882;0;15
FR;5;2022-08-07;2;2;1;0;1;1;1;0;0;274323;182238;2963;743;220686;4419;883;0;15
FR;5;2022-08-08;26;19;1;2;24;2;1;0;0;274349;182257;2964;745;220710;4421;884;0;15
FR;5;2022-08-09;26;28;3;3;35;3;3;0;0;274375;182285;2967;748;220745;4424;887;0;15
FR;5;2022-08-10;47;47;2;0;56;5;0;0;0;274422;182332;2969;748;220801;4429;887;0;15
FR;5;2022-08-11;19;36;2;2;42;5;2;0;0;274441;182368;2971;750;220843;4434;889;0;15
FR;5;2022-08-12;27;28;2;0;39;2;0;0;0;274468;182396;2973;750;220882;4436;889;0;15
FR;5;2022-08-13;16;18;0;0;24;0;0;0;0;274484;182414;2973;750;220906;4436;889;0;15
FR;5;2022-08-14;2;3;0;0;4;0;0;0;0;274486;182417;2973;750;220910;4436;889;0;15
FR;5;2022-08-15;2;5;0;0;5;0;0;0;0;274488;182422;2973;750;220915;4436;889;0;15
FR;5;2022-08-16;33;26;3;0;28;6;0;0;0;274521;182448;2976;750;220943;4442;889;0;15
FR;5;2022-08-17;52;55;2;1;72;1;1;0;0;274573;182503;2978;751;221015;4443;890;0;15
FR;5;2022-08-18;26;18;8;17;25;10;16;0;0;274599;182521;2986;768;221040;4453;906;0;15
FR;5;2022-08-19;25;33;1;2;41;2;2;0;0;274624;182554;2987;770;221081;4455;908;0;15
FR;5;2022-08-20;25;27;2;1;33;4;2;0;0;274649;182581;2989;771;221114;4459;910;0;15
FR;5;2022-08-21;7;4;1;0;7;1;0;0;0;274656;182585;2990;771;221121;4460;910;0;15
FR;5;2022-08-22;39;26;1;6;42;2;5;0;1;274695;182611;2991;777;221163;4462;915;0;16
FR;5;2022-08-23;27;26;1;1;32;2;1;0;0;274722;182637;2992;778;221195;4464;916;0;16
FR;5;2022-08-24;50;43;0;0;62;0;0;0;0;274772;182680;2992;778;221257;4464;916;0;16
FR;5;2022-08-25;27;26;3;1;31;2;0;0;1;274799;182706;2995;779;221288;4466;916;0;17
FR;5;2022-08-26;48;39;7;2;58;5;4;0;0;274847;182745;3002;781;221346;4471;920;0;17
FR;5;2022-08-27;46;28;1;0;46;3;1;0;0;274893;182773;3003;781;221392;4474;921;0;17
FR;5;2022-08-28;5;6;0;0;6;0;0;0;0;274898;182779;3003;781;221398;4474;921;0;17
FR;5;2022-08-29;58;44;1;1;66;4;1;0;0;274956;182823;3004;782;221464;4478;922;0;17
FR;5;2022-08-30;45;23;12;29;40;10;30;0;1;275001;182846;3016;811;221504;4488;952;0;18
FR;5;2022-08-31;53;47;6;1;58;11;1;0;0;275054;182893;3022;812;221562;4499;953;0;18
FR;5;2022-09-01;16;8;1;4;13;1;4;0;0;275070;182901;3023;816;221575;4500;957;0;18
FR;5;2022-09-02;42;23;8;2;35;9;3;0;0;275112;182924;3031;818;221610;4509;960;0;18
FR;5;2022-09-03;69;37;2;0;58;2;0;0;0;275181;182961;3033;818;221668;4511;960;0;18
FR;5;2022-09-04;12;7;1;0;8;3;0;0;0;275193;182968;3034;818;221676;4514;960;0;18
FR;5;2022-09-05;7;4;1;0;4;1;0;0;0;275200;182972;3035;818;221680;4515;960;0;18
FR;5;2022-09-06;21;14;3;15;17;2;14;0;2;275221;182986;3038;833;221697;4517;974;0;20
FR;5;2022-09-07;79;53;1;1;76;3;1;0;0;275300;183039;3039;834;221773;4520;975;0;20
FR;5;2022-09-08;9;4;0;4;7;0;4;0;0;275309;183043;3039;838;221780;4520;979;0;20
FR;5;2022-09-09;40;11;9;2;14;10;3;0;0;275349;183054;3048;840;221794;4530;982;0;20
FR;5;2022-09-10;40;45;1;1;50;8;1;0;0;275389;183099;3049;841;221844;4538;983;0;20
FR;5;2022-09-11;3;3;0;0;3;1;0;0;0;275392;183102;3049;841;221847;4539;983;0;20
FR;5;2022-09-12;7;5;2;2;7;2;2;0;0;275399;183107;3051;843;221854;4541;985;0;20
FR;5;2022-09-13;9;6;0;1;4;3;1;0;0;275408;183113;3051;844;221858;4544;986;0;20
FR;5;2022-09-14;52;47;4;6;55;9;5;0;0;275460;183160;3055;850;221913;4553;991;0;20
FR;5;2022-09-15;11;13;2;3;11;5;3;0;0;275471;183173;3057;853;221924;4558;994;0;20
FR;5;2022-09-16;25;33;1;4;38;3;3;0;0;275496;183206;3058;857;221962;4561;997;0;20
FR;5;2022-09-17;60;43;1;1;51;5;1;0;0;275556;183249;3059;858;222013;4566;998;0;20
FR;5;2022-09-18;9;6;0;1;10;1;0;0;0;275565;183255;3059;859;222023;4567;998;0;20
FR;5;2022-09-19;22;17;2;1;20;5;2;0;0;275587;183272;3061;860;222043;4572;1000;0;20
FR;5;2022-09-20;15;11;3;3;15;1;4;0;0;275602;183283;3064;863;222058;4573;1004;0;20
FR;5;2022-09-21;68;45;9;0;65;13;0;0;0;275670;183328;3073;863;222123;4586;1004;0;20
FR;5;2022-09-22;12;6;4;24;6;4;23;0;1;275682;183334;3077;887;222129;4590;1027;0;21
FR;5;2022-09-23;20;25;2;3;23;8;3;0;0;275702;183359;3079;890;222152;4598;1030;0;21
FR;5;2022-09-24;44;51;1;8;65;5;8;0;0;275746;183410;3080;898;222217;4603;1038;0;21
FR;5;2022-09-25;6;12;0;0;13;1;0;0;0;275752;183422;3080;898;222230;4604;1038;0;21
FR;5;2022-09-26;15;7;0;2;12;0;1;0;1;275767;183429;3080;900;222242;4604;1039;0;22
FR;5;2022-09-27;7;12;4;9;14;4;9;0;1;275774;183441;3084;909;222256;4608;1048;0;23
FR;5;2022-09-28;65;64;5;0;88;7;0;0;0;275839;183505;3089;909;222344;4615;1048;0;23
FR;5;2022-09-29;17;9;1;0;15;1;1;0;1;275856;183514;3090;909;222359;4616;1049;0;24
FR;5;2022-09-30;28;46;2;2;53;4;3;0;0;275884;183560;3092;911;222412;4620;1052;0;24
FR;5;2022-10-01;40;35;5;5;48;8;7;0;0;275924;183595;3097;916;222460;4628;1059;0;24
FR;5;2022-10-02;1;9;1;0;10;1;0;0;0;275925;183604;3098;916;222470;4629;1059;0;24
FR;5;2022-10-03;7;6;3;0;5;4;0;0;0;275932;183610;3101;916;222475;4633;1059;0;24
FR;5;2022-10-04;11;8;1;3;11;2;3;0;0;275943;183618;3102;919;222486;4635;1062;0;24
FR;5;2022-10-05;57;62;2;2;79;13;2;0;0;276000;183680;3104;921;222565;4648;1064;0;24
FR;5;2022-10-06;12;10;1;4;15;2;4;0;0;276012;183690;3105;925;222580;4650;1068;0;24
FR;5;2022-10-07;21;31;1;0;34;5;0;0;0;276033;183721;3106;925;222614;4655;1068;0;24
FR;5;2022-10-08;33;51;1;0;54;7;0;0;0;276066;183772;3107;925;222668;4662;1068;0;24
FR;5;2022-10-09;7;10;0;0;11;1;0;0;0;276073;183782;3107;925;222679;4663;1068;0;24
FR;5;2022-10-10;14;6;0;1;8;1;1;0;0;276087;183788;3107;926;222687;4664;1069;0;24
FR;5;2022-10-11;6;13;2;1;14;2;2;0;0;276093;183801;3109;927;222701;4666;1071;0;24
FR;5;2022-10-12;39;57;3;2;69;8;2;0;0;276132;183858;3112;929;222770;4674;1073;0;24
FR;5;2022-10-13;11;16;2;0;18;4;0;0;0;276143;183874;3114;929;222788;4678;1073;0;24
FR;5;2022-10-14;21;21;1;0;20;5;0;0;0;276164;183895;3115;929;222808;4683;1073;0;24
FR;5;2022-10-15;19;26;10;0;24;11;2;0;0;276183;183921;3125;929;222832;4694;1075;0;24
FR;5;2022-10-16;3;1;0;0;1;1;0;0;0;276186;183922;3125;929;222833;4695;1075;0;24
FR;5;2022-10-17;8;8;2;1;8;3;1;0;2;276194;183930;3127;930;222841;4698;1076;0;26
FR;5;2022-10-18;6;7;0;2;8;0;2;0;0;276200;183937;3127;932;222849;4698;1078;0;26
FR;5;2022-10-19;38;43;8;0;52;11;0;0;1;276238;183980;3135;932;222901;4709;1078;0;27
FR;5;2022-10-20;18;15;2;1;16;3;1;0;0;276256;183995;3137;933;222917;4712;1079;0;27
FR;5;2022-10-21;22;15;6;0;19;8;1;0;2;276278;184010;3143;933;222936;4720;1080;0;29
FR;5;2022-10-22;34;29;2;12;32;5;12;0;0;276312;184039;3145;945;222968;4725;1092;0;29
FR;5;2022-10-23;9;3;0;0;4;0;0;0;0;276321;184042;3145;945;222972;4725;1092;0;29
FR;5;2022-10-24;14;7;6;7;9;9;8;0;0;276335;184049;3151;952;222981;4734;1100;0;29
FR;5;2022-10-25;12;9;6;3;9;8;3;0;2;276347;184058;3157;955;222990;4742;1103;0;31
FR;5;2022-10-26;34;22;6;0;29;10;0;0;0;276381;184080;3163;955;223019;4752;1103;0;31
FR;5;2022-10-27;16;4;4;0;11;4;0;0;0;276397;184084;3167;955;223030;4756;1103;0;31
FR;5;2022-10-28;19;13;5;3;14;6;4;0;0;276416;184097;3172;958;223044;4762;1107;0;31
FR;5;2022-10-29;21;13;0;0;17;3;0;0;0;276437;184110;3172;958;223061;4765;1107;0;31
FR;5;2022-10-30;1;4;2;0;4;3;0;0;0;276438;184114;3174;958;223065;4768;1107;0;31
FR;5;2022-10-31;14;11;2;1;12;3;1;0;0;276452;184125;3176;959;223077;4771;1108;0;31
FR;5;2022-11-01;3;3;0;1;3;0;1;0;0;276455;184128;3176;960;223080;4771;1109;0;31
FR;5;2022-11-02;23;17;5;4;23;5;5;0;0;276478;184145;3181;964;223103;4776;1114;0;31
FR;5;2022-11-03;22;4;1;1;11;1;1;0;0;276500;184149;3182;965;223114;4777;1115;0;31
FR;5;2022-11-04;19;18;1;0;18;2;0;0;0;276519;184167;3183;965;223132;4779;1115;0;31
FR;5;2022-11-05;25;16;1;0;21;1;0;0;0;276544;184183;3184;965;223153;4780;1115;0;31
FR;5;2022-11-06;1;7;0;0;7;0;0;0;0;276545;184190;3184;965;223160;4780;1115;0;31
FR;5;2022-11-07;4;3;3;0;3;3;0;0;0;276549;184193;3187;965;223163;4783;1115;0;31
FR;5;2022-11-08;11;7;1;2;8;1;1;0;0;276560;184200;3188;967;223171;4784;1116;0;31
FR;5;2022-11-09;28;29;6;1;32;6;1;0;0;276588;184229;3194;968;223203;4790;1117;0;31
FR;5;2022-11-10;11;16;1;0;17;1;0;0;0;276599;184245;3195;968;223220;4791;1117;0;31
FR;5;2022-11-11;2;4;0;1;6;0;1;0;0;276601;184249;3195;969;223226;4791;1118;0;31
FR;5;2022-11-12;19;10;5;9;18;6;9;0;2;276620;184259;3200;978;223244;4797;1127;0;33
FR;5;2022-11-13;2;2;0;1;2;0;1;0;0;276622;184261;3200;979;223246;4797;1128;0;33
FR;5;2022-11-14;8;10;0;1;9;3;0;0;0;276630;184271;3200;980;223255;4800;1128;0;33
FR;5;2022-11-15;8;6;4;3;6;4;3;0;0;276638;184277;3204;983;223261;4804;1131;0;33
FR;5;2022-11-16;29;28;2;1;32;5;0;0;0;276667;184305;3206;984;223293;4809;1131;0;33
FR;5;2022-11-17;6;15;2;0;15;3;0;0;0;276673;184320;3208;984;223308;4812;1131;0;33
FR;5;2022-11-18;16;17;6;0;19;8;0;0;0;276689;184337;3214;984;223327;4820;1131;0;33
FR;5;2022-11-19;18;27;2;0;27;6;0;0;0;276707;184364;3216;984;223354;4826;1131;0;33
FR;5;2022-11-20;6;3;0;0;5;0;0;0;0;276713;184367;3216;984;223359;4826;1131;0;33
FR;5;2022-11-21;8;5;0;2;4;2;1;0;0;276721;184372;3216;986;223363;4828;1132;0;33
FR;5;2022-11-22;9;3;0;1;4;0;1;0;0;276730;184375;3216;987;223367;4828;1133;0;33
FR;5;2022-11-23;34;25;6;1;27;13;0;0;0;276764;184400;3222;988;223394;4841;1133;0;33
FR;5;2022-11-24;3;7;2;1;8;1;2;0;0;276767;184407;3224;989;223402;4842;1135;0;33
FR;5;2022-11-25;15;20;2;0;25;3;0;0;1;276782;184427;3226;989;223427;4845;1135;0;34
FR;5;2022-11-26;22;19;4;0;20;8;0;0;0;276804;184446;3230;989;223447;4853;1135;0;34
FR;5;2022-11-27;7;0;1;0;2;1;0;0;0;276811;184446;3231;989;223449;4854;1135;0;34
FR;5;2022-11-28;7;11;3;0;11;5;0;0;0;276818;184457;3234;989;223460;4859;1135;0;34
FR;5;2022-11-29;10;9;1;0;11;3;0;0;1;276828;184466;3235;989;223471;4862;1135;0;35
FR;5;2022-11-30;34;48;12;0;55;17;1;0;0;276862;184514;3247;989;223526;4879;1136;0;35
FR;5;2022-12-01;4;8;2;0;8;3;0;0;0;276866;184522;3249;989;223534;4882;1136;0;35
FR;5;2022-12-02;1;5;2;1;4;3;1;0;0;276867;184527;3251;990;223538;4885;1137;0;35
FR;5;2022-12-03;3;3;8;1;5;8;1;0;0;276870;184530;3259;991;223543;4893;1138;0;35
FR;5;2022-12-04;3;2;1;0;2;2;0;0;0;276873;184532;3260;991;223545;4895;1138;0;35
FR;5;2022-12-05;0;1;0;0;0;1;0;0;0;276873;184533;3260;991;223545;4896;1138;0;35
FR;5;2022-12-06;4;1;0;0;1;0;0;0;1;276877;184534;3260;991;223546;4896;1138;0;36
FR;5;2022-12-07;5;8;1;0;9;1;0;0;0;276882;184542;3261;991;223555;4897;1138;0;36
FR;5;2022-12-08;2;2;0;0;2;0;0;0;0;276884;184544;3261;991;223557;4897;1138;0;36
FR;5;2022-12-09;3;8;0;0;6;2;0;0;0;276887;184552;3261;991;223563;4899;1138;0;36
FR;5;2022-12-10;4;7;2;1;8;2;1;0;0;276891;184559;3263;992;223571;4901;1139;0;36
FR;5;2022-12-11;2;0;0;0;0;0;0;0;0;276893;184559;3263;992;223571;4901;1139;0;36
FR;5;2022-12-12;0;0;0;0;0;0;0;0;0;276893;184559;3263;992;223571;4901;1139;0;36
FR;5;2022-12-13;2;3;0;0;4;1;0;0;0;276895;184562;3263;992;223575;4902;1139;0;36
FR;5;2022-12-14;1;2;0;9;2;1;8;0;3;276896;184564;3263;1001;223577;4903;1147;0;39
FR;5;2022-12-15;0;2;0;0;2;0;0;0;0;276896;184566;3263;1001;223579;4903;1147;0;39
FR;5;2022-12-16;3;2;2;0;3;3;0;0;0;276899;184568;3265;1001;223582;4906;1147;0;39
FR;5;2022-12-17;3;3;3;0;3;2;1;0;0;276902;184571;3268;1001;223585;4908;1148;0;39
FR;5;2022-12-18;3;0;0;1;0;0;1;0;1;276905;184571;3268;1002;223585;4908;1149;0;40
FR;5;2022-12-19;1;0;0;2;0;0;2;0;0;276906;184571;3268;1004;223585;4908;1151;0;40
FR;5;2022-12-20;0;1;3;0;1;3;0;0;0;276906;184572;3271;1004;223586;4911;1151;0;40
FR;5;2022-12-21;2;4;0;0;4;0;0;0;0;276908;184576;3271;1004;223590;4911;1151;0;40
FR;5;2022-12-22;2;1;0;0;1;0;0;0;0;276910;184577;3271;1004;223591;4911;1151;0;40
FR;5;2022-12-23;3;1;0;0;1;0;0;0;0;276913;184578;3271;1004;223592;4911;1151;0;40
FR;5;2022-12-24;0;1;0;0;1;0;0;0;0;276913;184579;3271;1004;223593;4911;1151;0;40
FR;5;2022-12-25;0;1;0;0;0;1;0;0;0;276913;184580;3271;1004;223593;4912;1151;0;40
FR;5;2022-12-26;2;0;0;0;0;0;0;0;0;276915;184580;3271;1004;223593;4912;1151;0;40
FR;5;2022-12-27;0;3;0;0;3;0;0;0;0;276915;184583;3271;1004;223596;4912;1151;0;40
FR;5;2022-12-28;5;2;3;0;2;3;2;0;0;276920;184585;3274;1004;223598;4915;1153;0;40
FR;6;2020-12-27;0;0;0;0;0;0;0;0;0;0;0;0;0;0;0;0;0;0
FR;6;2020-12-28;0;0;0;0;0;0;0;0;0;0;0;0;0;0;0;0;0;0
FR;6;2020-12-29;0;0;0;0;0;0;0;0;0;0;0;0;0;0;0;0;0;0
FR;6;2020-12-30;0;0;0;0;0;0;0;0;0;0;0;0;0;0;0;0;0;0
FR;6;2020-12-31;0;0;0;0;0;0;0;0;0;0;0;0;0;0;0;0;0;0
FR;6;2021-01-01;0;0;0;0;0;0;0;0;0;0;0;0;0;0;0;0;0;0
FR;6;2021-01-02;0;0;0;0;0;0;0;0;0;0;0;0;0;0;0;0;0;0
FR;6;2021-01-03;0;0;0;0;0;0;0;0;0;0;0;0;0;0;0;0;0;0
FR;6;2021-01-04;0;0;0;0;0;0;0;0;0;0;0;0;0;0;0;0;0;0
FR;6;2021-01-05;0;0;0;0;0;0;0;0;0;0;0;0;0;0;0;0;0;0
FR;6;2021-01-06;0;0;0;0;0;0;0;0;0;0;0;0;0;0;0;0;0;0
FR;6;2021-01-07;0;0;0;0;0;0;0;0;0;0;0;0;0;0;0;0;0;0
FR;6;2021-01-08;0;0;0;0;0;0;0;0;0;0;0;0;0;0;0;0;0;0
FR;6;2021-01-09;0;0;0;0;0;0;0;0;0;0;0;0;0;0;0;0;0;0
FR;6;2021-01-10;0;0;0;0;0;0;0;0;0;0;0;0;0;0;0;0;0;0
FR;6;2021-01-11;0;0;0;0;0;0;0;0;0;0;0;0;0;0;0;0;0;0
FR;6;2021-01-12;0;0;0;0;0;0;0;0;0;0;0;0;0;0;0;0;0;0
FR;6;2021-01-13;0;0;0;0;0;0;0;0;0;0;0;0;0;0;0;0;0;0
FR;6;2021-01-14;0;0;0;0;0;0;0;0;0;0;0;0;0;0;0;0;0;0
FR;6;2021-01-15;0;0;0;0;0;0;0;0;0;0;0;0;0;0;0;0;0;0
FR;6;2021-01-16;0;0;0;0;0;0;0;0;0;0;0;0;0;0;0;0;0;0
FR;6;2021-01-17;0;0;0;0;0;0;0;0;0;0;0;0;0;0;0;0;0;0
FR;6;2021-01-18;0;0;0;0;0;0;0;0;0;0;0;0;0;0;0;0;0;0
FR;6;2021-01-19;0;0;0;0;0;0;0;0;0;0;0;0;0;0;0;0;0;0
FR;6;2021-01-20;0;0;0;0;0;0;0;0;0;0;0;0;0;0;0;0;0;0
FR;6;2021-01-21;0;0;0;0;0;0;0;0;0;0;0;0;0;0;0;0;0;0
FR;6;2021-01-22;0;0;0;0;0;0;0;0;0;0;0;0;0;0;0;0;0;0
FR;6;2021-01-23;0;0;0;0;0;0;0;0;0;0;0;0;0;0;0;0;0;0
FR;6;2021-01-24;0;0;0;0;0;0;0;0;0;0;0;0;0;0;0;0;0;0
FR;6;2021-01-25;0;0;0;0;0;0;0;0;0;0;0;0;0;0;0;0;0;0
FR;6;2021-01-26;0;0;0;0;0;0;0;0;0;0;0;0;0;0;0;0;0;0
FR;6;2021-01-27;0;0;0;0;0;0;0;0;0;0;0;0;0;0;0;0;0;0
FR;6;2021-01-28;0;0;0;0;0;0;0;0;0;0;0;0;0;0;0;0;0;0
FR;6;2021-01-29;0;0;0;0;0;0;0;0;0;0;0;0;0;0;0;0;0;0
FR;6;2021-01-30;0;0;0;0;0;0;0;0;0;0;0;0;0;0;0;0;0;0
FR;6;2021-01-31;0;0;0;0;0;0;0;0;0;0;0;0;0;0;0;0;0;0
FR;6;2021-02-01;0;0;0;0;0;0;0;0;0;0;0;0;0;0;0;0;0;0
FR;6;2021-02-02;0;0;0;0;0;0;0;0;0;0;0;0;0;0;0;0;0;0
FR;6;2021-02-03;0;0;0;0;0;0;0;0;0;0;0;0;0;0;0;0;0;0
FR;6;2021-02-04;0;0;0;0;0;0;0;0;0;0;0;0;0;0;0;0;0;0
FR;6;2021-02-05;0;0;0;0;0;0;0;0;0;0;0;0;0;0;0;0;0;0
FR;6;2021-02-06;0;0;0;0;0;0;0;0;0;0;0;0;0;0;0;0;0;0
FR;6;2021-02-07;0;0;0;0;0;0;0;0;0;0;0;0;0;0;0;0;0;0
FR;6;2021-02-08;0;0;0;0;0;0;0;0;0;0;0;0;0;0;0;0;0;0
FR;6;2021-02-09;0;0;0;0;0;0;0;0;0;0;0;0;0;0;0;0;0;0
FR;6;2021-02-10;0;0;0;0;0;0;0;0;0;0;0;0;0;0;0;0;0;0
FR;6;2021-02-11;0;0;0;0;0;0;0;0;0;0;0;0;0;0;0;0;0;0
FR;6;2021-02-12;0;0;0;0;0;0;0;0;0;0;0;0;0;0;0;0;0;0
FR;6;2021-02-13;0;0;0;0;0;0;0;0;0;0;0;0;0;0;0;0;0;0
FR;6;2021-02-14;0;0;0;0;0;0;0;0;0;0;0;0;0;0;0;0;0;0
FR;6;2021-02-15;0;0;0;0;0;0;0;0;0;0;0;0;0;0;0;0;0;0
FR;6;2021-02-16;0;0;0;0;0;0;0;0;0;0;0;0;0;0;0;0;0;0
FR;6;2021-02-17;0;0;0;0;0;0;0;0;0;0;0;0;0;0;0;0;0;0
FR;6;2021-02-18;0;0;0;0;0;0;0;0;0;0;0;0;0;0;0;0;0;0
FR;6;2021-02-19;0;0;0;0;0;0;0;0;0;0;0;0;0;0;0;0;0;0
FR;6;2021-02-20;0;0;0;0;0;0;0;0;0;0;0;0;0;0;0;0;0;0
FR;6;2021-02-21;0;0;0;0;0;0;0;0;0;0;0;0;0;0;0;0;0;0
FR;6;2021-02-22;0;0;0;0;0;0;0;0;0;0;0;0;0;0;0;0;0;0
FR;6;2021-02-23;0;0;0;0;0;0;0;0;0;0;0;0;0;0;0;0;0;0
FR;6;2021-02-24;0;0;0;0;0;0;0;0;0;0;0;0;0;0;0;0;0;0
FR;6;2021-02-25;0;0;0;0;0;0;0;0;0;0;0;0;0;0;0;0;0;0
FR;6;2021-02-26;0;0;0;0;0;0;0;0;0;0;0;0;0;0;0;0;0;0
FR;6;2021-02-27;0;0;0;0;0;0;0;0;0;0;0;0;0;0;0;0;0;0
FR;6;2021-02-28;0;0;0;0;0;0;0;0;0;0;0;0;0;0;0;0;0;0
FR;6;2021-03-01;0;0;0;0;0;0;0;0;0;0;0;0;0;0;0;0;0;0
FR;6;2021-03-02;0;0;0;0;0;0;0;0;0;0;0;0;0;0;0;0;0;0
FR;6;2021-03-03;0;0;0;0;0;0;0;0;0;0;0;0;0;0;0;0;0;0
FR;6;2021-03-04;0;0;0;0;0;0;0;0;0;0;0;0;0;0;0;0;0;0
FR;6;2021-03-05;0;0;0;0;0;0;0;0;0;0;0;0;0;0;0;0;0;0
FR;6;2021-03-06;0;0;0;0;0;0;0;0;0;0;0;0;0;0;0;0;0;0
FR;6;2021-03-07;0;0;0;0;0;0;0;0;0;0;0;0;0;0;0;0;0;0
FR;6;2021-03-08;0;0;0;0;0;0;0;0;0;0;0;0;0;0;0;0;0;0
FR;6;2021-03-09;0;0;0;0;0;0;0;0;0;0;0;0;0;0;0;0;0;0
FR;6;2021-03-10;0;0;0;0;0;0;0;0;0;0;0;0;0;0;0;0;0;0
FR;6;2021-03-11;0;0;0;0;0;0;0;0;0;0;0;0;0;0;0;0;0;0
FR;6;2021-03-12;0;0;0;0;0;0;0;0;0;0;0;0;0;0;0;0;0;0
FR;6;2021-03-13;0;0;0;0;0;0;0;0;0;0;0;0;0;0;0;0;0;0
FR;6;2021-03-14;0;0;0;0;0;0;0;0;0;0;0;0;0;0;0;0;0;0
FR;6;2021-03-15;0;0;0;0;0;0;0;0;0;0;0;0;0;0;0;0;0;0
FR;6;2021-03-16;0;0;0;0;0;0;0;0;0;0;0;0;0;0;0;0;0;0
FR;6;2021-03-17;0;0;0;0;0;0;0;0;0;0;0;0;0;0;0;0;0;0
FR;6;2021-03-18;0;0;0;0;0;0;0;0;0;0;0;0;0;0;0;0;0;0
FR;6;2021-03-19;0;0;0;0;0;0;0;0;0;0;0;0;0;0;0;0;0;0
FR;6;2021-03-20;0;0;0;0;0;0;0;0;0;0;0;0;0;0;0;0;0;0
FR;6;2021-03-21;0;0;0;0;0;0;0;0;0;0;0;0;0;0;0;0;0;0
FR;6;2021-03-22;0;0;0;0;0;0;0;0;0;0;0;0;0;0;0;0;0;0
FR;6;2021-03-23;0;0;0;0;0;0;0;0;0;0;0;0;0;0;0;0;0;0
FR;6;2021-03-24;0;0;0;0;0;0;0;0;0;0;0;0;0;0;0;0;0;0
FR;6;2021-03-25;0;0;0;0;0;0;0;0;0;0;0;0;0;0;0;0;0;0
FR;6;2021-03-26;0;0;0;0;0;0;0;0;0;0;0;0;0;0;0;0;0;0
FR;6;2021-03-27;0;0;0;0;0;0;0;0;0;0;0;0;0;0;0;0;0;0
FR;6;2021-03-28;0;0;0;0;0;0;0;0;0;0;0;0;0;0;0;0;0;0
FR;6;2021-03-29;0;0;0;0;0;0;0;0;0;0;0;0;0;0;0;0;0;0
FR;6;2021-03-30;0;0;0;0;0;0;0;0;0;0;0;0;0;0;0;0;0;0
FR;6;2021-03-31;0;0;0;0;0;0;0;0;0;0;0;0;0;0;0;0;0;0
FR;6;2021-04-01;0;0;0;0;0;0;0;0;0;0;0;0;0;0;0;0;0;0
FR;6;2021-04-02;0;0;0;0;0;0;0;0;0;0;0;0;0;0;0;0;0;0
FR;6;2021-04-03;0;0;0;0;0;0;0;0;0;0;0;0;0;0;0;0;0;0
FR;6;2021-04-04;0;0;0;0;0;0;0;0;0;0;0;0;0;0;0;0;0;0
FR;6;2021-04-05;0;0;0;0;0;0;0;0;0;0;0;0;0;0;0;0;0;0
FR;6;2021-04-06;0;0;0;0;0;0;0;0;0;0;0;0;0;0;0;0;0;0
FR;6;2021-04-07;0;0;0;0;0;0;0;0;0;0;0;0;0;0;0;0;0;0
FR;6;2021-04-08;0;0;0;0;0;0;0;0;0;0;0;0;0;0;0;0;0;0
FR;6;2021-04-09;0;0;0;0;0;0;0;0;0;0;0;0;0;0;0;0;0;0
FR;6;2021-04-10;0;0;0;0;0;0;0;0;0;0;0;0;0;0;0;0;0;0
FR;6;2021-04-11;0;0;0;0;0;0;0;0;0;0;0;0;0;0;0;0;0;0
FR;6;2021-04-12;0;0;0;0;0;0;0;0;0;0;0;0;0;0;0;0;0;0
FR;6;2021-04-13;0;0;0;0;0;0;0;0;0;0;0;0;0;0;0;0;0;0
FR;6;2021-04-14;0;0;0;0;0;0;0;0;0;0;0;0;0;0;0;0;0;0
FR;6;2021-04-15;0;0;0;0;0;0;0;0;0;0;0;0;0;0;0;0;0;0
FR;6;2021-04-16;0;0;0;0;0;0;0;0;0;0;0;0;0;0;0;0;0;0
FR;6;2021-04-17;0;0;0;0;0;0;0;0;0;0;0;0;0;0;0;0;0;0
FR;6;2021-04-18;0;0;0;0;0;0;0;0;0;0;0;0;0;0;0;0;0;0
FR;6;2021-04-19;0;0;0;0;0;0;0;0;0;0;0;0;0;0;0;0;0;0
FR;6;2021-04-20;0;0;0;0;0;0;0;0;0;0;0;0;0;0;0;0;0;0
FR;6;2021-04-21;0;0;0;0;0;0;0;0;0;0;0;0;0;0;0;0;0;0
FR;6;2021-04-22;0;0;0;0;0;0;0;0;0;0;0;0;0;0;0;0;0;0
FR;6;2021-04-23;0;0;0;0;0;0;0;0;0;0;0;0;0;0;0;0;0;0
FR;6;2021-04-24;0;0;0;0;0;0;0;0;0;0;0;0;0;0;0;0;0;0
FR;6;2021-04-25;0;0;0;0;0;0;0;0;0;0;0;0;0;0;0;0;0;0
FR;6;2021-04-26;0;0;0;0;0;0;0;0;0;0;0;0;0;0;0;0;0;0
FR;6;2021-04-27;0;0;0;0;0;0;0;0;0;0;0;0;0;0;0;0;0;0
FR;6;2021-04-28;0;0;0;0;0;0;0;0;0;0;0;0;0;0;0;0;0;0
FR;6;2021-04-29;0;0;0;0;0;0;0;0;0;0;0;0;0;0;0;0;0;0
FR;6;2021-04-30;0;0;0;0;0;0;0;0;0;0;0;0;0;0;0;0;0;0
FR;6;2021-05-01;0;0;0;0;0;0;0;0;0;0;0;0;0;0;0;0;0;0
FR;6;2021-05-02;0;0;0;0;0;0;0;0;0;0;0;0;0;0;0;0;0;0
FR;6;2021-05-03;0;0;0;0;0;0;0;0;0;0;0;0;0;0;0;0;0;0
FR;6;2021-05-04;0;0;0;0;0;0;0;0;0;0;0;0;0;0;0;0;0;0
FR;6;2021-05-05;0;0;0;0;0;0;0;0;0;0;0;0;0;0;0;0;0;0
FR;6;2021-05-06;0;0;0;0;0;0;0;0;0;0;0;0;0;0;0;0;0;0
FR;6;2021-05-07;0;0;0;0;0;0;0;0;0;0;0;0;0;0;0;0;0;0
FR;6;2021-05-08;0;0;0;0;0;0;0;0;0;0;0;0;0;0;0;0;0;0
FR;6;2021-05-09;0;0;0;0;0;0;0;0;0;0;0;0;0;0;0;0;0;0
FR;6;2021-05-10;0;0;0;0;0;0;0;0;0;0;0;0;0;0;0;0;0;0
FR;6;2021-05-11;0;0;0;0;0;0;0;0;0;0;0;0;0;0;0;0;0;0
FR;6;2021-05-12;0;0;0;0;0;0;0;0;0;0;0;0;0;0;0;0;0;0
FR;6;2021-05-13;0;0;0;0;0;0;0;0;0;0;0;0;0;0;0;0;0;0
FR;6;2021-05-14;0;0;0;0;0;0;0;0;0;0;0;0;0;0;0;0;0;0
FR;6;2021-05-15;0;0;0;0;0;0;0;0;0;0;0;0;0;0;0;0;0;0
FR;6;2021-05-16;0;0;0;0;0;0;0;0;0;0;0;0;0;0;0;0;0;0
FR;6;2021-05-17;0;0;0;0;0;0;0;0;0;0;0;0;0;0;0;0;0;0
FR;6;2021-05-18;0;0;0;0;0;0;0;0;0;0;0;0;0;0;0;0;0;0
FR;6;2021-05-19;0;0;0;0;0;0;0;0;0;0;0;0;0;0;0;0;0;0
FR;6;2021-05-20;0;0;0;0;0;0;0;0;0;0;0;0;0;0;0;0;0;0
FR;6;2021-05-21;0;0;0;0;0;0;0;0;0;0;0;0;0;0;0;0;0;0
FR;6;2021-05-22;0;0;0;0;0;0;0;0;0;0;0;0;0;0;0;0;0;0
FR;6;2021-05-23;0;0;0;0;0;0;0;0;0;0;0;0;0;0;0;0;0;0
FR;6;2021-05-24;0;0;0;0;0;0;0;0;0;0;0;0;0;0;0;0;0;0
FR;6;2021-05-25;0;0;0;0;0;0;0;0;0;0;0;0;0;0;0;0;0;0
FR;6;2021-05-26;0;0;0;0;0;0;0;0;0;0;0;0;0;0;0;0;0;0
FR;6;2021-05-27;0;0;0;0;0;0;0;0;0;0;0;0;0;0;0;0;0;0
FR;6;2021-05-28;0;0;0;0;0;0;0;0;0;0;0;0;0;0;0;0;0;0
FR;6;2021-05-29;0;0;0;0;0;0;0;0;0;0;0;0;0;0;0;0;0;0
FR;6;2021-05-30;0;0;0;0;0;0;0;0;0;0;0;0;0;0;0;0;0;0
FR;6;2021-05-31;0;0;0;0;0;0;0;0;0;0;0;0;0;0;0;0;0;0
FR;6;2021-06-01;0;0;0;0;0;0;0;0;0;0;0;0;0;0;0;0;0;0
FR;6;2021-06-02;0;0;0;0;0;0;0;0;0;0;0;0;0;0;0;0;0;0
FR;6;2021-06-03;0;0;0;0;0;0;0;0;0;0;0;0;0;0;0;0;0;0
FR;6;2021-06-04;0;0;0;0;0;0;0;0;0;0;0;0;0;0;0;0;0;0
FR;6;2021-06-05;0;0;0;0;0;0;0;0;0;0;0;0;0;0;0;0;0;0
FR;6;2021-06-06;0;0;0;0;0;0;0;0;0;0;0;0;0;0;0;0;0;0
FR;6;2021-06-07;0;0;0;0;0;0;0;0;0;0;0;0;0;0;0;0;0;0
FR;6;2021-06-08;0;0;0;0;0;0;0;0;0;0;0;0;0;0;0;0;0;0
FR;6;2021-06-09;0;0;0;0;0;0;0;0;0;0;0;0;0;0;0;0;0;0
FR;6;2021-06-10;0;0;0;0;0;0;0;0;0;0;0;0;0;0;0;0;0;0
FR;6;2021-06-11;0;0;0;0;0;0;0;0;0;0;0;0;0;0;0;0;0;0
FR;6;2021-06-12;0;0;0;0;0;0;0;0;0;0;0;0;0;0;0;0;0;0
FR;6;2021-06-13;0;0;0;0;0;0;0;0;0;0;0;0;0;0;0;0;0;0
FR;6;2021-06-14;0;0;0;0;0;0;0;0;0;0;0;0;0;0;0;0;0;0
FR;6;2021-06-15;0;0;0;0;0;0;0;0;0;0;0;0;0;0;0;0;0;0
FR;6;2021-06-16;0;0;0;0;0;0;0;0;0;0;0;0;0;0;0;0;0;0
FR;6;2021-06-17;0;0;0;0;0;0;0;0;0;0;0;0;0;0;0;0;0;0
FR;6;2021-06-18;0;0;0;0;0;0;0;0;0;0;0;0;0;0;0;0;0;0
FR;6;2021-06-19;0;0;0;0;0;0;0;0;0;0;0;0;0;0;0;0;0;0
FR;6;2021-06-20;0;0;0;0;0;0;0;0;0;0;0;0;0;0;0;0;0;0
FR;6;2021-06-21;0;0;0;0;0;0;0;0;0;0;0;0;0;0;0;0;0;0
FR;6;2021-06-22;0;0;0;0;0;0;0;0;0;0;0;0;0;0;0;0;0;0
FR;6;2021-06-23;0;0;0;0;0;0;0;0;0;0;0;0;0;0;0;0;0;0
FR;6;2021-06-24;0;0;0;0;0;0;0;0;0;0;0;0;0;0;0;0;0;0
FR;6;2021-06-25;0;0;0;0;0;0;0;0;0;0;0;0;0;0;0;0;0;0
FR;6;2021-06-26;0;0;0;0;0;0;0;0;0;0;0;0;0;0;0;0;0;0
FR;6;2021-06-27;0;0;0;0;0;0;0;0;0;0;0;0;0;0;0;0;0;0
FR;6;2021-06-28;0;0;0;0;0;0;0;0;0;0;0;0;0;0;0;0;0;0
FR;6;2021-06-29;0;0;0;0;0;0;0;0;0;0;0;0;0;0;0;0;0;0
FR;6;2021-06-30;0;0;0;0;0;0;0;0;0;0;0;0;0;0;0;0;0;0
FR;6;2021-07-01;0;0;0;0;0;0;0;0;0;0;0;0;0;0;0;0;0;0
FR;6;2021-07-02;0;0;0;0;0;0;0;0;0;0;0;0;0;0;0;0;0;0
FR;6;2021-07-03;0;0;0;0;0;0;0;0;0;0;0;0;0;0;0;0;0;0
FR;6;2021-07-04;0;0;0;0;0;0;0;0;0;0;0;0;0;0;0;0;0;0
FR;6;2021-07-05;0;0;0;0;0;0;0;0;0;0;0;0;0;0;0;0;0;0
FR;6;2021-07-06;0;0;0;0;0;0;0;0;0;0;0;0;0;0;0;0;0;0
FR;6;2021-07-07;0;0;0;0;0;0;0;0;0;0;0;0;0;0;0;0;0;0
FR;6;2021-07-08;0;0;0;0;0;0;0;0;0;0;0;0;0;0;0;0;0;0
FR;6;2021-07-09;0;0;0;0;0;0;0;0;0;0;0;0;0;0;0;0;0;0
FR;6;2021-07-10;0;0;0;0;0;0;0;0;0;0;0;0;0;0;0;0;0;0
FR;6;2021-07-11;0;0;0;0;0;0;0;0;0;0;0;0;0;0;0;0;0;0
FR;6;2021-07-12;0;0;0;0;0;0;0;0;0;0;0;0;0;0;0;0;0;0
FR;6;2021-07-13;0;0;0;0;0;0;0;0;0;0;0;0;0;0;0;0;0;0
FR;6;2021-07-14;0;0;0;0;0;0;0;0;0;0;0;0;0;0;0;0;0;0
FR;6;2021-07-15;0;0;0;0;0;0;0;0;0;0;0;0;0;0;0;0;0;0
FR;6;2021-07-16;0;0;0;0;0;0;0;0;0;0;0;0;0;0;0;0;0;0
FR;6;2021-07-17;0;0;0;0;0;0;0;0;0;0;0;0;0;0;0;0;0;0
FR;6;2021-07-18;0;0;0;0;0;0;0;0;0;0;0;0;0;0;0;0;0;0
FR;6;2021-07-19;0;0;0;0;0;0;0;0;0;0;0;0;0;0;0;0;0;0
FR;6;2021-07-20;0;0;0;0;0;0;0;0;0;0;0;0;0;0;0;0;0;0
FR;6;2021-07-21;0;0;0;0;0;0;0;0;0;0;0;0;0;0;0;0;0;0
FR;6;2021-07-22;0;0;0;0;0;0;0;0;0;0;0;0;0;0;0;0;0;0
FR;6;2021-07-23;0;0;0;0;0;0;0;0;0;0;0;0;0;0;0;0;0;0
FR;6;2021-07-24;0;0;0;0;0;0;0;0;0;0;0;0;0;0;0;0;0;0
FR;6;2021-07-25;0;0;0;0;0;0;0;0;0;0;0;0;0;0;0;0;0;0
FR;6;2021-07-26;0;0;0;0;0;0;0;0;0;0;0;0;0;0;0;0;0;0
FR;6;2021-07-27;0;0;0;0;0;0;0;0;0;0;0;0;0;0;0;0;0;0
FR;6;2021-07-28;0;0;0;0;0;0;0;0;0;0;0;0;0;0;0;0;0;0
FR;6;2021-07-29;0;0;0;0;0;0;0;0;0;0;0;0;0;0;0;0;0;0
FR;6;2021-07-30;0;0;0;0;0;0;0;0;0;0;0;0;0;0;0;0;0;0
FR;6;2021-07-31;0;0;0;0;0;0;0;0;0;0;0;0;0;0;0;0;0;0
FR;6;2021-08-01;0;0;0;0;0;0;0;0;0;0;0;0;0;0;0;0;0;0
FR;6;2021-08-02;0;0;0;0;0;0;0;0;0;0;0;0;0;0;0;0;0;0
FR;6;2021-08-03;0;0;0;0;0;0;0;0;0;0;0;0;0;0;0;0;0;0
FR;6;2021-08-04;0;0;0;0;0;0;0;0;0;0;0;0;0;0;0;0;0;0
FR;6;2021-08-05;0;0;0;0;0;0;0;0;0;0;0;0;0;0;0;0;0;0
FR;6;2021-08-06;0;0;0;0;0;0;0;0;0;0;0;0;0;0;0;0;0;0
FR;6;2021-08-07;0;0;0;0;0;0;0;0;0;0;0;0;0;0;0;0;0;0
FR;6;2021-08-08;0;0;0;0;0;0;0;0;0;0;0;0;0;0;0;0;0;0
FR;6;2021-08-09;0;0;0;0;0;0;0;0;0;0;0;0;0;0;0;0;0;0
FR;6;2021-08-10;0;0;0;0;0;0;0;0;0;0;0;0;0;0;0;0;0;0
FR;6;2021-08-11;0;0;0;0;0;0;0;0;0;0;0;0;0;0;0;0;0;0
FR;6;2021-08-12;0;0;0;0;0;0;0;0;0;0;0;0;0;0;0;0;0;0
FR;6;2021-08-13;0;0;0;0;0;0;0;0;0;0;0;0;0;0;0;0;0;0
FR;6;2021-08-14;0;0;0;0;0;0;0;0;0;0;0;0;0;0;0;0;0;0
FR;6;2021-08-15;0;0;0;0;0;0;0;0;0;0;0;0;0;0;0;0;0;0
FR;6;2021-08-16;0;0;0;0;0;0;0;0;0;0;0;0;0;0;0;0;0;0
FR;6;2021-08-17;0;0;0;0;0;0;0;0;0;0;0;0;0;0;0;0;0;0
FR;6;2021-08-18;0;0;0;0;0;0;0;0;0;0;0;0;0;0;0;0;0;0
FR;6;2021-08-19;0;0;0;0;0;0;0;0;0;0;0;0;0;0;0;0;0;0
FR;6;2021-08-20;0;0;0;0;0;0;0;0;0;0;0;0;0;0;0;0;0;0
FR;6;2021-08-21;0;0;0;0;0;0;0;0;0;0;0;0;0;0;0;0;0;0
FR;6;2021-08-22;0;0;0;0;0;0;0;0;0;0;0;0;0;0;0;0;0;0
FR;6;2021-08-23;0;0;0;0;0;0;0;0;0;0;0;0;0;0;0;0;0;0
FR;6;2021-08-24;0;0;0;0;0;0;0;0;0;0;0;0;0;0;0;0;0;0
FR;6;2021-08-25;0;0;0;0;0;0;0;0;0;0;0;0;0;0;0;0;0;0
FR;6;2021-08-26;0;0;0;0;0;0;0;0;0;0;0;0;0;0;0;0;0;0
FR;6;2021-08-27;0;0;0;0;0;0;0;0;0;0;0;0;0;0;0;0;0;0
FR;6;2021-08-28;0;0;0;0;0;0;0;0;0;0;0;0;0;0;0;0;0;0
FR;6;2021-08-29;0;0;0;0;0;0;0;0;0;0;0;0;0;0;0;0;0;0
FR;6;2021-08-30;0;0;0;0;0;0;0;0;0;0;0;0;0;0;0;0;0;0
FR;6;2021-08-31;0;0;0;0;0;0;0;0;0;0;0;0;0;0;0;0;0;0
FR;6;2021-09-01;0;0;0;0;0;0;0;0;0;0;0;0;0;0;0;0;0;0
FR;6;2021-09-02;0;0;0;0;0;0;0;0;0;0;0;0;0;0;0;0;0;0
FR;6;2021-09-03;0;0;0;0;0;0;0;0;0;0;0;0;0;0;0;0;0;0
FR;6;2021-09-04;0;0;0;0;0;0;0;0;0;0;0;0;0;0;0;0;0;0
FR;6;2021-09-05;0;0;0;0;0;0;0;0;0;0;0;0;0;0;0;0;0;0
FR;6;2021-09-06;0;0;0;0;0;0;0;0;0;0;0;0;0;0;0;0;0;0
FR;6;2021-09-07;0;0;0;0;0;0;0;0;0;0;0;0;0;0;0;0;0;0
FR;6;2021-09-08;0;0;0;0;0;0;0;0;0;0;0;0;0;0;0;0;0;0
FR;6;2021-09-09;0;0;0;0;0;0;0;0;0;0;0;0;0;0;0;0;0;0
FR;6;2021-09-10;0;0;0;0;0;0;0;0;0;0;0;0;0;0;0;0;0;0
FR;6;2021-09-11;0;0;0;0;0;0;0;0;0;0;0;0;0;0;0;0;0;0
FR;6;2021-09-12;0;0;0;0;0;0;0;0;0;0;0;0;0;0;0;0;0;0
FR;6;2021-09-13;0;0;0;0;0;0;0;0;0;0;0;0;0;0;0;0;0;0
FR;6;2021-09-14;0;0;0;0;0;0;0;0;0;0;0;0;0;0;0;0;0;0
FR;6;2021-09-15;0;0;0;0;0;0;0;0;0;0;0;0;0;0;0;0;0;0
FR;6;2021-09-16;0;0;0;0;0;0;0;0;0;0;0;0;0;0;0;0;0;0
FR;6;2021-09-17;0;0;0;0;0;0;0;0;0;0;0;0;0;0;0;0;0;0
FR;6;2021-09-18;0;0;0;0;0;0;0;0;0;0;0;0;0;0;0;0;0;0
FR;6;2021-09-19;0;0;0;0;0;0;0;0;0;0;0;0;0;0;0;0;0;0
FR;6;2021-09-20;0;0;0;0;0;0;0;0;0;0;0;0;0;0;0;0;0;0
FR;6;2021-09-21;0;0;0;0;0;0;0;0;0;0;0;0;0;0;0;0;0;0
FR;6;2021-09-22;0;0;0;0;0;0;0;0;0;0;0;0;0;0;0;0;0;0
FR;6;2021-09-23;0;0;0;0;0;0;0;0;0;0;0;0;0;0;0;0;0;0
FR;6;2021-09-24;0;0;0;0;0;0;0;0;0;0;0;0;0;0;0;0;0;0
FR;6;2021-09-25;0;0;0;0;0;0;0;0;0;0;0;0;0;0;0;0;0;0
FR;6;2021-09-26;0;0;0;0;0;0;0;0;0;0;0;0;0;0;0;0;0;0
FR;6;2021-09-27;0;0;0;0;0;0;0;0;0;0;0;0;0;0;0;0;0;0
FR;6;2021-09-28;0;0;0;0;0;0;0;0;0;0;0;0;0;0;0;0;0;0
FR;6;2021-09-29;0;0;0;0;0;0;0;0;0;0;0;0;0;0;0;0;0;0
FR;6;2021-09-30;0;0;0;0;0;0;0;0;0;0;0;0;0;0;0;0;0;0
FR;6;2021-10-01;0;0;0;0;0;0;0;0;0;0;0;0;0;0;0;0;0;0
FR;6;2021-10-02;0;0;0;0;0;0;0;0;0;0;0;0;0;0;0;0;0;0
FR;6;2021-10-03;0;0;0;0;0;0;0;0;0;0;0;0;0;0;0;0;0;0
FR;6;2021-10-04;0;0;0;0;0;0;0;0;0;0;0;0;0;0;0;0;0;0
FR;6;2021-10-05;0;0;0;0;0;0;0;0;0;0;0;0;0;0;0;0;0;0
FR;6;2021-10-06;0;0;0;0;0;0;0;0;0;0;0;0;0;0;0;0;0;0
FR;6;2021-10-07;0;0;0;0;0;0;0;0;0;0;0;0;0;0;0;0;0;0
FR;6;2021-10-08;0;0;0;0;0;0;0;0;0;0;0;0;0;0;0;0;0;0
FR;6;2021-10-09;0;0;0;0;0;0;0;0;0;0;0;0;0;0;0;0;0;0
FR;6;2021-10-10;0;0;0;0;0;0;0;0;0;0;0;0;0;0;0;0;0;0
FR;6;2021-10-11;0;0;0;0;0;0;0;0;0;0;0;0;0;0;0;0;0;0
FR;6;2021-10-12;0;0;0;0;0;0;0;0;0;0;0;0;0;0;0;0;0;0
FR;6;2021-10-13;0;0;0;0;0;0;0;0;0;0;0;0;0;0;0;0;0;0
FR;6;2021-10-14;0;0;0;0;0;0;0;0;0;0;0;0;0;0;0;0;0;0
FR;6;2021-10-15;0;0;0;0;0;0;0;0;0;0;0;0;0;0;0;0;0;0
FR;6;2021-10-16;0;0;0;0;0;0;0;0;0;0;0;0;0;0;0;0;0;0
FR;6;2021-10-17;0;0;0;0;0;0;0;0;0;0;0;0;0;0;0;0;0;0
FR;6;2021-10-18;0;0;0;0;0;0;0;0;0;0;0;0;0;0;0;0;0;0
FR;6;2021-10-19;0;0;0;0;0;0;0;0;0;0;0;0;0;0;0;0;0;0
FR;6;2021-10-20;0;0;0;0;0;0;0;0;0;0;0;0;0;0;0;0;0;0
FR;6;2021-10-21;0;0;0;0;0;0;0;0;0;0;0;0;0;0;0;0;0;0
FR;6;2021-10-22;0;0;0;0;0;0;0;0;0;0;0;0;0;0;0;0;0;0
FR;6;2021-10-23;0;0;0;0;0;0;0;0;0;0;0;0;0;0;0;0;0;0
FR;6;2021-10-24;0;0;0;0;0;0;0;0;0;0;0;0;0;0;0;0;0;0
FR;6;2021-10-25;0;0;0;0;0;0;0;0;0;0;0;0;0;0;0;0;0;0
FR;6;2021-10-26;0;0;0;0;0;0;0;0;0;0;0;0;0;0;0;0;0;0
FR;6;2021-10-27;0;0;0;0;0;0;0;0;0;0;0;0;0;0;0;0;0;0
FR;6;2021-10-28;0;0;0;0;0;0;0;0;0;0;0;0;0;0;0;0;0;0
FR;6;2021-10-29;0;0;0;0;0;0;0;0;0;0;0;0;0;0;0;0;0;0
FR;6;2021-10-30;0;0;0;0;0;0;0;0;0;0;0;0;0;0;0;0;0;0
FR;6;2021-10-31;0;0;0;0;0;0;0;0;0;0;0;0;0;0;0;0;0;0
FR;6;2021-11-01;0;0;0;0;0;0;0;0;0;0;0;0;0;0;0;0;0;0
FR;6;2021-11-02;0;0;0;0;0;0;0;0;0;0;0;0;0;0;0;0;0;0
FR;6;2021-11-03;0;0;0;0;0;0;0;0;0;0;0;0;0;0;0;0;0;0
FR;6;2021-11-04;0;0;0;0;0;0;0;0;0;0;0;0;0;0;0;0;0;0
FR;6;2021-11-05;0;0;0;0;0;0;0;0;0;0;0;0;0;0;0;0;0;0
FR;6;2021-11-06;0;0;0;0;0;0;0;0;0;0;0;0;0;0;0;0;0;0
FR;6;2021-11-07;0;0;0;0;0;0;0;0;0;0;0;0;0;0;0;0;0;0
FR;6;2021-11-08;0;0;0;0;0;0;0;0;0;0;0;0;0;0;0;0;0;0
FR;6;2021-11-09;0;0;0;0;0;0;0;0;0;0;0;0;0;0;0;0;0;0
FR;6;2021-11-10;0;0;0;0;0;0;0;0;0;0;0;0;0;0;0;0;0;0
FR;6;2021-11-11;0;0;0;0;0;0;0;0;0;0;0;0;0;0;0;0;0;0
FR;6;2021-11-12;0;0;0;0;0;0;0;0;0;0;0;0;0;0;0;0;0;0
FR;6;2021-11-13;0;0;0;0;0;0;0;0;0;0;0;0;0;0;0;0;0;0
FR;6;2021-11-14;0;0;0;0;0;0;0;0;0;0;0;0;0;0;0;0;0;0
FR;6;2021-11-15;0;0;0;0;0;0;0;0;0;0;0;0;0;0;0;0;0;0
FR;6;2021-11-16;0;0;0;0;0;0;0;0;0;0;0;0;0;0;0;0;0;0
FR;6;2021-11-17;0;0;0;0;0;0;0;0;0;0;0;0;0;0;0;0;0;0
FR;6;2021-11-18;0;0;0;0;0;0;0;0;0;0;0;0;0;0;0;0;0;0
FR;6;2021-11-19;0;0;0;0;0;0;0;0;0;0;0;0;0;0;0;0;0;0
FR;6;2021-11-20;0;0;0;0;0;0;0;0;0;0;0;0;0;0;0;0;0;0
FR;6;2021-11-21;0;0;0;0;0;0;0;0;0;0;0;0;0;0;0;0;0;0
FR;6;2021-11-22;0;0;0;0;0;0;0;0;0;0;0;0;0;0;0;0;0;0
FR;6;2021-11-23;0;0;0;0;0;0;0;0;0;0;0;0;0;0;0;0;0;0
FR;6;2021-11-24;0;0;0;0;0;0;0;0;0;0;0;0;0;0;0;0;0;0
FR;6;2021-11-25;0;0;0;0;0;0;0;0;0;0;0;0;0;0;0;0;0;0
FR;6;2021-11-26;0;0;0;0;0;0;0;0;0;0;0;0;0;0;0;0;0;0
FR;6;2021-11-27;0;0;0;0;0;0;0;0;0;0;0;0;0;0;0;0;0;0
FR;6;2021-11-28;0;0;0;0;0;0;0;0;0;0;0;0;0;0;0;0;0;0
FR;6;2021-11-29;0;0;0;0;0;0;0;0;0;0;0;0;0;0;0;0;0;0
FR;6;2021-11-30;0;0;0;0;0;0;0;0;0;0;0;0;0;0;0;0;0;0
FR;6;2021-12-01;0;0;0;0;0;0;0;0;0;0;0;0;0;0;0;0;0;0
FR;6;2021-12-02;0;0;0;0;0;0;0;0;0;0;0;0;0;0;0;0;0;0
FR;6;2021-12-03;0;0;0;0;0;0;0;0;0;0;0;0;0;0;0;0;0;0
FR;6;2021-12-04;0;0;0;0;0;0;0;0;0;0;0;0;0;0;0;0;0;0
FR;6;2021-12-05;0;0;0;0;0;0;0;0;0;0;0;0;0;0;0;0;0;0
FR;6;2021-12-06;0;0;0;0;0;0;0;0;0;0;0;0;0;0;0;0;0;0
FR;6;2021-12-07;0;0;0;0;0;0;0;0;0;0;0;0;0;0;0;0;0;0
FR;6;2021-12-08;0;0;0;0;0;0;0;0;0;0;0;0;0;0;0;0;0;0
FR;6;2021-12-09;0;0;0;0;0;0;0;0;0;0;0;0;0;0;0;0;0;0
FR;6;2021-12-10;0;0;0;0;0;0;0;0;0;0;0;0;0;0;0;0;0;0
FR;6;2021-12-11;0;0;0;0;0;0;0;0;0;0;0;0;0;0;0;0;0;0
FR;6;2021-12-12;0;0;0;0;0;0;0;0;0;0;0;0;0;0;0;0;0;0
FR;6;2021-12-13;0;0;0;0;0;0;0;0;0;0;0;0;0;0;0;0;0;0
FR;6;2021-12-14;0;0;0;0;0;0;0;0;0;0;0;0;0;0;0;0;0;0
FR;6;2021-12-15;0;0;0;0;0;0;0;0;0;0;0;0;0;0;0;0;0;0
FR;6;2021-12-16;0;0;0;0;0;0;0;0;0;0;0;0;0;0;0;0;0;0
FR;6;2021-12-17;0;0;0;0;0;0;0;0;0;0;0;0;0;0;0;0;0;0
FR;6;2021-12-18;0;0;0;0;0;0;0;0;0;0;0;0;0;0;0;0;0;0
FR;6;2021-12-19;0;0;0;0;0;0;0;0;0;0;0;0;0;0;0;0;0;0
FR;6;2021-12-20;0;0;0;0;0;0;0;0;0;0;0;0;0;0;0;0;0;0
FR;6;2021-12-21;0;0;0;0;0;0;0;0;0;0;0;0;0;0;0;0;0;0
FR;6;2021-12-22;0;0;0;0;0;0;0;0;0;0;0;0;0;0;0;0;0;0
FR;6;2021-12-23;0;0;0;0;0;0;0;0;0;0;0;0;0;0;0;0;0;0
FR;6;2021-12-24;0;0;0;0;0;0;0;0;0;0;0;0;0;0;0;0;0;0
FR;6;2021-12-25;0;0;0;0;0;0;0;0;0;0;0;0;0;0;0;0;0;0
FR;6;2021-12-26;0;0;0;0;0;0;0;0;0;0;0;0;0;0;0;0;0;0
FR;6;2021-12-27;0;0;0;0;0;0;0;0;0;0;0;0;0;0;0;0;0;0
FR;6;2021-12-28;0;0;0;0;0;0;0;0;0;0;0;0;0;0;0;0;0;0
FR;6;2021-12-29;0;0;0;0;0;0;0;0;0;0;0;0;0;0;0;0;0;0
FR;6;2021-12-30;0;0;0;0;0;0;0;0;0;0;0;0;0;0;0;0;0;0
FR;6;2021-12-31;0;0;0;0;0;0;0;0;0;0;0;0;0;0;0;0;0;0
FR;6;2022-01-01;0;0;0;0;0;0;0;0;0;0;0;0;0;0;0;0;0;0
FR;6;2022-01-02;0;0;0;0;0;0;0;0;0;0;0;0;0;0;0;0;0;0
FR;6;2022-01-03;0;0;0;0;0;0;0;0;0;0;0;0;0;0;0;0;0;0
FR;6;2022-01-04;0;0;0;0;0;0;0;0;0;0;0;0;0;0;0;0;0;0
FR;6;2022-01-05;0;0;0;0;0;0;0;0;0;0;0;0;0;0;0;0;0;0
FR;6;2022-01-06;0;0;0;0;0;0;0;0;0;0;0;0;0;0;0;0;0;0
FR;6;2022-01-07;0;0;0;0;0;0;0;0;0;0;0;0;0;0;0;0;0;0
FR;6;2022-01-08;0;0;0;0;0;0;0;0;0;0;0;0;0;0;0;0;0;0
FR;6;2022-01-09;0;0;0;0;0;0;0;0;0;0;0;0;0;0;0;0;0;0
FR;6;2022-01-10;0;0;0;0;0;0;0;0;0;0;0;0;0;0;0;0;0;0
FR;6;2022-01-11;0;0;0;0;0;0;0;0;0;0;0;0;0;0;0;0;0;0
FR;6;2022-01-12;0;0;0;0;0;0;0;0;0;0;0;0;0;0;0;0;0;0
FR;6;2022-01-13;0;0;0;0;0;0;0;0;0;0;0;0;0;0;0;0;0;0
FR;6;2022-01-14;0;0;0;0;0;0;0;0;0;0;0;0;0;0;0;0;0;0
FR;6;2022-01-15;0;0;0;0;0;0;0;0;0;0;0;0;0;0;0;0;0;0
FR;6;2022-01-16;0;0;0;0;0;0;0;0;0;0;0;0;0;0;0;0;0;0
FR;6;2022-01-17;0;0;0;0;0;0;0;0;0;0;0;0;0;0;0;0;0;0
FR;6;2022-01-18;0;0;0;0;0;0;0;0;0;0;0;0;0;0;0;0;0;0
FR;6;2022-01-19;0;0;0;0;0;0;0;0;0;0;0;0;0;0;0;0;0;0
FR;6;2022-01-20;0;0;0;0;0;0;0;0;0;0;0;0;0;0;0;0;0;0
FR;6;2022-01-21;0;0;0;0;0;0;0;0;0;0;0;0;0;0;0;0;0;0
FR;6;2022-01-22;0;0;0;0;0;0;0;0;0;0;0;0;0;0;0;0;0;0
FR;6;2022-01-23;0;0;0;0;0;0;0;0;0;0;0;0;0;0;0;0;0;0
FR;6;2022-01-24;0;0;0;0;0;0;0;0;0;0;0;0;0;0;0;0;0;0
FR;6;2022-01-25;0;0;0;0;0;0;0;0;0;0;0;0;0;0;0;0;0;0
FR;6;2022-01-26;0;0;0;0;0;0;0;0;0;0;0;0;0;0;0;0;0;0
FR;6;2022-01-27;0;0;0;0;0;0;0;0;0;0;0;0;0;0;0;0;0;0
FR;6;2022-01-28;0;0;0;0;0;0;0;0;0;0;0;0;0;0;0;0;0;0
FR;6;2022-01-29;0;0;0;0;0;0;0;0;0;0;0;0;0;0;0;0;0;0
FR;6;2022-01-30;0;0;0;0;0;0;0;0;0;0;0;0;0;0;0;0;0;0
FR;6;2022-01-31;0;0;0;0;0;0;0;0;0;0;0;0;0;0;0;0;0;0
FR;6;2022-02-01;0;0;0;0;0;0;0;0;0;0;0;0;0;0;0;0;0;0
FR;6;2022-02-02;0;0;0;0;0;0;0;0;0;0;0;0;0;0;0;0;0;0
FR;6;2022-02-03;0;0;0;0;0;0;0;0;0;0;0;0;0;0;0;0;0;0
FR;6;2022-02-04;0;0;0;0;0;0;0;0;0;0;0;0;0;0;0;0;0;0
FR;6;2022-02-05;0;0;0;0;0;0;0;0;0;0;0;0;0;0;0;0;0;0
FR;6;2022-02-06;0;0;0;0;0;0;0;0;0;0;0;0;0;0;0;0;0;0
FR;6;2022-02-07;0;0;0;0;0;0;0;0;0;0;0;0;0;0;0;0;0;0
FR;6;2022-02-08;0;0;0;0;0;0;0;0;0;0;0;0;0;0;0;0;0;0
FR;6;2022-02-09;0;0;0;0;0;0;0;0;0;0;0;0;0;0;0;0;0;0
FR;6;2022-02-10;0;0;0;0;0;0;0;0;0;0;0;0;0;0;0;0;0;0
FR;6;2022-02-11;0;0;0;0;0;0;0;0;0;0;0;0;0;0;0;0;0;0
FR;6;2022-02-12;0;0;0;0;0;0;0;0;0;0;0;0;0;0;0;0;0;0
FR;6;2022-02-13;0;0;0;0;0;0;0;0;0;0;0;0;0;0;0;0;0;0
FR;6;2022-02-14;0;0;0;0;0;0;0;0;0;0;0;0;0;0;0;0;0;0
FR;6;2022-02-15;0;0;0;0;0;0;0;0;0;0;0;0;0;0;0;0;0;0
FR;6;2022-02-16;0;0;0;0;0;0;0;0;0;0;0;0;0;0;0;0;0;0
FR;6;2022-02-17;0;0;0;0;0;0;0;0;0;0;0;0;0;0;0;0;0;0
FR;6;2022-02-18;0;0;0;0;0;0;0;0;0;0;0;0;0;0;0;0;0;0
FR;6;2022-02-19;0;0;0;0;0;0;0;0;0;0;0;0;0;0;0;0;0;0
FR;6;2022-02-20;0;0;0;0;0;0;0;0;0;0;0;0;0;0;0;0;0;0
FR;6;2022-02-21;0;0;0;0;0;0;0;0;0;0;0;0;0;0;0;0;0;0
FR;6;2022-02-22;0;0;0;0;0;0;0;0;0;0;0;0;0;0;0;0;0;0
FR;6;2022-02-23;0;0;0;0;0;0;0;0;0;0;0;0;0;0;0;0;0;0
FR;6;2022-02-24;0;0;0;0;0;0;0;0;0;0;0;0;0;0;0;0;0;0
FR;6;2022-02-25;0;0;0;0;0;0;0;0;0;0;0;0;0;0;0;0;0;0
FR;6;2022-02-26;1;0;0;0;0;0;0;0;0;1;0;0;0;0;0;0;0;0
FR;6;2022-02-27;0;0;0;0;0;0;0;0;0;1;0;0;0;0;0;0;0;0
FR;6;2022-02-28;0;0;0;0;0;0;0;0;0;1;0;0;0;0;0;0;0;0
FR;6;2022-03-01;3;0;0;0;0;0;0;0;0;4;0;0;0;0;0;0;0;0
FR;6;2022-03-02;97;9;2;0;15;7;0;0;0;101;9;2;0;15;7;0;0;0
FR;6;2022-03-03;0;0;0;0;0;0;0;0;0;101;9;2;0;15;7;0;0;0
FR;6;2022-03-04;92;4;0;0;8;4;0;0;0;193;13;2;0;23;11;0;0;0
FR;6;2022-03-05;391;23;2;0;60;14;0;0;0;584;36;4;0;83;25;0;0;0
FR;6;2022-03-06;7;1;0;0;2;0;0;0;0;591;37;4;0;85;25;0;0;0
FR;6;2022-03-07;337;19;0;0;51;13;0;0;0;928;56;4;0;136;38;0;0;0
FR;6;2022-03-08;230;14;0;0;47;5;0;0;0;1158;70;4;0;183;43;0;0;0
FR;6;2022-03-09;519;29;2;0;84;21;1;0;0;1677;99;6;0;267;64;1;0;0
FR;6;2022-03-10;206;19;0;1;54;12;1;0;0;1883;118;6;1;321;76;2;0;0
FR;6;2022-03-11;331;22;6;0;53;21;0;0;0;2214;140;12;1;374;97;2;0;0
FR;6;2022-03-12;518;25;1;0;83;20;0;0;0;2732;165;13;1;457;117;2;0;0
FR;6;2022-03-13;40;2;0;0;2;1;0;0;0;2772;167;13;1;459;118;2;0;0
FR;6;2022-03-14;201;4;2;0;39;3;1;0;0;2973;171;15;1;498;121;3;0;0
FR;6;2022-03-15;112;11;2;0;29;9;0;0;0;3085;182;17;1;527;130;3;0;0
FR;6;2022-03-16;310;17;2;1;49;15;1;0;0;3395;199;19;2;576;145;4;0;0
FR;6;2022-03-17;117;6;1;2;14;4;2;0;0;3512;205;20;4;590;149;6;0;0
FR;6;2022-03-18;215;10;0;0;40;6;0;0;0;3727;215;20;4;630;155;6;0;0
FR;6;2022-03-19;307;19;2;0;89;9;0;0;0;4034;234;22;4;719;164;6;0;0
FR;6;2022-03-20;15;5;0;0;5;1;0;0;0;4049;239;22;4;724;165;6;0;0
FR;6;2022-03-21;132;23;1;0;47;4;0;0;0;4181;262;23;4;771;169;6;0;0
FR;6;2022-03-22;97;15;0;0;34;4;0;0;0;4278;277;23;4;805;173;6;0;0
FR;6;2022-03-23;226;108;3;0;154;14;1;0;0;4504;385;26;4;959;187;7;0;0
FR;6;2022-03-24;100;15;1;3;32;4;3;0;0;4604;400;27;7;991;191;10;0;0
FR;6;2022-03-25;203;141;2;1;179;15;2;0;0;4807;541;29;8;1170;206;12;0;0
FR;6;2022-03-26;331;295;7;1;384;19;1;0;0;5138;836;36;9;1554;225;13;0;0
FR;6;2022-03-27;32;30;1;0;37;1;1;0;0;5170;866;37;9;1591;226;14;0;0
FR;6;2022-03-28;201;208;8;1;234;17;3;0;0;5371;1074;45;10;1825;243;17;0;0
FR;6;2022-03-29;124;189;12;2;206;12;9;0;0;5495;1263;57;12;2031;255;26;0;0
FR;6;2022-03-30;305;476;10;2;548;22;6;0;0;5800;1739;67;14;2579;277;32;0;0
FR;6;2022-03-31;123;140;10;0;160;14;5;0;0;5923;1879;77;14;2739;291;37;0;0
FR;6;2022-04-01;195;150;11;2;178;23;3;0;0;6118;2029;88;16;2917;314;40;0;0
FR;6;2022-04-02;206;241;9;1;280;13;8;0;0;6324;2270;97;17;3197;327;48;0;0
FR;6;2022-04-03;17;21;0;0;26;1;0;0;0;6341;2291;97;17;3223;328;48;0;0
FR;6;2022-04-04;137;114;6;1;131;9;5;0;0;6478;2405;103;18;3354;337;53;0;0
FR;6;2022-04-05;146;88;15;1;105;11;8;0;0;6624;2493;118;19;3459;348;61;0;0
FR;6;2022-04-06;204;245;22;26;291;27;33;0;0;6828;2738;140;45;3750;375;94;0;0
FR;6;2022-04-07;127;96;15;9;115;17;14;0;0;6955;2834;155;54;3865;392;108;0;0
FR;6;2022-04-08;199;171;16;3;214;17;9;0;1;7154;3005;171;57;4079;409;117;0;1
FR;6;2022-04-09;145;139;6;12;171;13;4;0;0;7299;3144;177;69;4250;422;121;0;1
FR;6;2022-04-10;10;20;3;0;25;1;3;0;0;7309;3164;180;69;4275;423;124;0;1
FR;6;2022-04-11;101;106;4;0;128;5;3;0;0;7410;3270;184;69;4403;428;127;0;1
FR;6;2022-04-12;136;75;5;8;114;10;10;0;0;7546;3345;189;77;4517;438;137;0;1
FR;6;2022-04-13;162;175;7;5;208;13;8;0;0;7708;3520;196;82;4725;451;145;0;1
FR;6;2022-04-14;100;103;5;10;121;8;10;0;0;7808;3623;201;92;4846;459;155;0;1
FR;6;2022-04-15;158;149;11;7;167;19;14;0;1;7966;3772;212;99;5013;478;169;0;2
FR;6;2022-04-16;127;132;5;0;162;14;2;0;0;8093;3904;217;99;5175;492;171;0;2
FR;6;2022-04-17;8;9;4;0;10;4;0;0;0;8101;3913;221;99;5185;496;171;0;2
FR;6;2022-04-18;8;15;3;0;15;4;0;0;0;8109;3928;224;99;5200;500;171;0;2
FR;6;2022-04-19;97;112;4;3;130;3;7;0;0;8206;4040;228;102;5330;503;178;0;2
FR;6;2022-04-20;178;227;8;7;269;15;3;0;0;8384;4267;236;109;5599;518;181;0;2
FR;6;2022-04-21;111;93;8;4;110;11;7;0;0;8495;4360;244;113;5709;529;188;0;2
FR;6;2022-04-22;138;160;13;12;190;13;13;0;0;8633;4520;257;125;5899;542;201;0;2
FR;6;2022-04-23;106;129;1;1;161;7;1;0;0;8739;4649;258;126;6060;549;202;0;2
FR;6;2022-04-24;5;21;1;0;22;0;1;0;0;8744;4670;259;126;6082;549;203;0;2
FR;6;2022-04-25;90;128;3;8;150;11;9;0;0;8834;4798;262;134;6232;560;212;0;2
FR;6;2022-04-26;101;128;19;2;151;17;13;0;0;8935;4926;281;136;6383;577;225;0;2
FR;6;2022-04-27;197;159;21;1;222;27;11;0;1;9132;5085;302;137;6605;604;236;0;3
FR;6;2022-04-28;109;87;7;1;123;8;7;0;0;9241;5172;309;138;6728;612;243;0;3
FR;6;2022-04-29;191;169;16;2;215;20;6;0;0;9432;5341;325;140;6943;632;249;0;3
FR;6;2022-04-30;133;125;7;1;168;24;2;0;0;9565;5466;332;141;7111;656;251;0;3
FR;6;2022-05-01;7;6;0;0;8;0;0;0;0;9572;5472;332;141;7119;656;251;0;3
FR;6;2022-05-02;94;65;3;4;88;3;4;0;0;9666;5537;335;145;7207;659;255;0;3
FR;6;2022-05-03;136;93;11;2;125;7;9;0;0;9802;5630;346;147;7332;666;264;0;3
FR;6;2022-05-04;167;118;25;12;161;29;12;0;1;9969;5748;371;159;7493;695;276;0;4
FR;6;2022-05-05;101;70;8;3;96;12;6;0;0;10070;5818;379;162;7589;707;282;0;4
FR;6;2022-05-06;152;110;10;9;155;16;11;0;0;10222;5928;389;171;7744;723;293;0;4
FR;6;2022-05-07;139;93;13;3;136;23;8;0;0;10361;6021;402;174;7880;746;301;0;4
FR;6;2022-05-08;20;8;6;5;16;7;5;0;0;10381;6029;408;179;7896;753;306;0;4
FR;6;2022-05-09;86;78;9;7;95;13;6;0;0;10467;6107;417;186;7991;766;312;0;4
FR;6;2022-05-10;112;80;15;7;110;12;13;0;0;10579;6187;432;193;8101;778;325;0;4
FR;6;2022-05-11;130;124;11;14;163;20;6;0;0;10709;6311;443;207;8264;798;331;0;4
FR;6;2022-05-12;105;76;7;5;96;15;6;0;1;10814;6387;450;212;8360;813;337;0;5
FR;6;2022-05-13;155;97;17;21;137;22;16;0;0;10969;6484;467;233;8497;835;353;0;5
FR;6;2022-05-14;81;60;6;7;84;15;2;0;0;11050;6544;473;240;8581;850;355;0;5
FR;6;2022-05-15;12;7;0;0;14;0;0;0;0;11062;6551;473;240;8595;850;355;0;5
FR;6;2022-05-16;65;54;6;2;69;12;3;0;0;11127;6605;479;242;8664;862;358;0;5
FR;6;2022-05-17;123;77;5;7;92;11;8;0;0;11250;6682;484;249;8756;873;366;0;5
FR;6;2022-05-18;131;116;5;1;159;13;3;0;0;11381;6798;489;250;8915;886;369;0;5
FR;6;2022-05-19;124;57;6;8;96;9;8;0;0;11505;6855;495;258;9011;895;377;0;5
FR;6;2022-05-20;125;115;13;3;151;18;10;0;0;11630;6970;508;261;9162;913;387;0;5
FR;6;2022-05-21;92;69;14;3;93;12;8;0;0;11722;7039;522;264;9255;925;395;0;5
FR;6;2022-05-22;19;12;5;0;21;4;1;0;0;11741;7051;527;264;9276;929;396;0;5
FR;6;2022-05-23;77;72;4;2;90;7;2;0;0;11818;7123;531;266;9366;936;398;0;5
FR;6;2022-05-24;117;98;8;2;132;16;4;0;0;11935;7221;539;268;9498;952;402;0;5
FR;6;2022-05-25;139;129;6;3;170;11;6;0;0;12074;7350;545;271;9668;963;408;0;5
FR;6;2022-05-26;7;9;3;0;5;9;0;0;0;12081;7359;548;271;9673;972;408;0;5
FR;6;2022-05-27;127;105;15;11;137;18;18;0;1;12208;7464;563;282;9810;990;426;0;6
FR;6;2022-05-28;54;75;1;5;89;8;5;0;0;12262;7539;564;287;9899;998;431;0;6
FR;6;2022-05-29;8;10;0;0;10;1;0;0;0;12270;7549;564;287;9909;999;431;0;6
FR;6;2022-05-30;70;70;7;4;86;4;9;0;0;12340;7619;571;291;9995;1003;440;0;6
FR;6;2022-05-31;87;102;10;2;121;14;7;0;0;12427;7721;581;293;10116;1017;447;0;6
FR;6;2022-06-01;97;89;10;1;111;11;6;0;0;12524;7810;591;294;10227;1028;453;0;6
FR;6;2022-06-02;91;60;6;3;80;9;6;0;0;12615;7870;597;297;10307;1037;459;0;6
FR;6;2022-06-03;126;102;13;7;129;21;8;0;0;12741;7972;610;304;10436;1058;467;0;6
FR;6;2022-06-04;63;51;10;0;64;12;3;0;0;12804;8023;620;304;10500;1070;470;0;6
FR;6;2022-06-05;16;15;2;1;18;4;1;0;0;12820;8038;622;305;10518;1074;471;0;6
FR;6;2022-06-06;9;6;0;0;8;0;0;0;0;12829;8044;622;305;10526;1074;471;0;6
FR;6;2022-06-07;79;90;3;4;117;8;6;0;0;12908;8134;625;309;10643;1082;477;0;6
FR;6;2022-06-08;92;110;13;5;130;20;6;0;0;13000;8244;638;314;10773;1102;483;0;6
FR;6;2022-06-09;75;81;15;3;106;15;8;0;0;13075;8325;653;317;10879;1117;491;0;6
FR;6;2022-06-10;116;93;26;10;121;22;13;0;0;13191;8418;679;327;11000;1139;504;0;6
FR;6;2022-06-11;83;62;6;10;82;12;11;0;0;13274;8480;685;337;11082;1151;515;0;6
FR;6;2022-06-12;6;14;1;0;16;2;0;0;0;13280;8494;686;337;11098;1153;515;0;6
FR;6;2022-06-13;74;59;18;1;68;7;4;0;0;13354;8553;704;338;11166;1160;519;0;6
FR;6;2022-06-14;98;100;8;5;116;16;8;0;0;13452;8653;712;343;11282;1176;527;0;6
FR;6;2022-06-15;80;86;7;8;114;15;10;0;0;13532;8739;719;351;11396;1191;537;0;6
FR;6;2022-06-16;53;40;11;7;45;14;6;0;0;13585;8779;730;358;11441;1205;543;0;6
FR;6;2022-06-17;86;85;3;13;109;11;5;0;0;13671;8864;733;371;11550;1216;548;0;6
FR;6;2022-06-18;71;62;13;0;87;21;1;0;0;13742;8926;746;371;11637;1237;549;0;6
FR;6;2022-06-19;6;6;3;0;7;4;1;0;0;13748;8932;749;371;11644;1241;550;0;6
FR;6;2022-06-20;42;41;4;1;55;6;1;0;0;13790;8973;753;372;11699;1247;551;0;6
FR;6;2022-06-21;59;73;10;7;82;17;7;0;0;13849;9046;763;379;11781;1264;558;0;6
FR;6;2022-06-22;86;85;8;2;98;17;3;0;0;13935;9131;771;381;11879;1281;561;0;6
FR;6;2022-06-23;64;39;13;7;41;15;10;0;0;13999;9170;784;388;11920;1296;571;0;6
FR;6;2022-06-24;77;85;7;14;95;20;16;0;0;14076;9255;791;402;12015;1316;587;0;6
FR;6;2022-06-25;67;61;4;3;77;8;5;0;0;14143;9316;795;405;12092;1324;592;0;6
FR;6;2022-06-26;6;7;1;0;10;1;0;0;0;14149;9323;796;405;12102;1325;592;0;6
FR;6;2022-06-27;51;50;4;9;62;12;7;0;0;14200;9373;800;414;12164;1337;599;0;6
FR;6;2022-06-28;68;47;6;3;53;15;5;0;0;14268;9420;806;417;12217;1352;604;0;6
FR;6;2022-06-29;98;117;26;37;115;19;35;0;5;14366;9537;832;454;12332;1371;639;0;11
FR;6;2022-06-30;84;60;33;10;61;12;7;0;0;14450;9597;865;464;12393;1383;646;0;11
FR;6;2022-07-01;115;94;25;33;102;18;27;0;1;14565;9691;890;497;12495;1401;673;0;12
FR;6;2022-07-02;58;67;26;2;64;37;6;0;0;14623;9758;916;499;12559;1438;679;0;12
FR;6;2022-07-03;11;4;4;3;5;4;3;0;0;14634;9762;920;502;12564;1442;682;0;12
FR;6;2022-07-04;61;43;3;23;55;13;20;0;0;14695;9805;923;525;12619;1455;702;0;12
FR;6;2022-07-05;65;53;19;67;60;27;63;0;0;14760;9858;942;592;12679;1482;765;0;12
FR;6;2022-07-06;94;64;7;11;77;12;17;0;0;14854;9922;949;603;12756;1494;782;0;12
FR;6;2022-07-07;99;79;42;37;99;14;34;0;4;14953;10001;991;640;12855;1508;816;0;16
FR;6;2022-07-08;139;87;42;27;116;10;25;0;3;15092;10088;1033;667;12971;1518;841;0;19
FR;6;2022-07-09;53;51;16;29;51;27;33;0;1;15145;10139;1049;696;13022;1545;874;0;20
FR;6;2022-07-10;3;7;8;0;9;9;0;0;0;15148;10146;1057;696;13031;1554;874;0;20
FR;6;2022-07-11;54;44;5;4;47;12;4;0;0;15202;10190;1062;700;13078;1566;878;0;20
FR;6;2022-07-12;70;72;12;23;87;12;27;0;0;15272;10262;1074;723;13165;1578;905;0;20
FR;6;2022-07-13;84;65;14;21;71;25;22;0;0;15356;10327;1088;744;13236;1603;927;0;20
FR;6;2022-07-14;4;3;1;0;4;1;0;0;0;15360;10330;1089;744;13240;1604;927;0;20
FR;6;2022-07-15;74;59;9;57;85;16;45;0;0;15434;10389;1098;801;13325;1620;972;0;20
FR;6;2022-07-16;27;31;17;0;37;17;3;0;0;15461;10420;1115;801;13362;1637;975;0;20
FR;6;2022-07-17;3;7;0;0;8;0;0;0;0;15464;10427;1115;801;13370;1637;975;0;20
FR;6;2022-07-18;37;62;11;14;60;15;14;0;6;15501;10489;1126;815;13430;1652;989;0;26
FR;6;2022-07-19;54;48;4;19;60;6;21;0;1;15555;10537;1130;834;13490;1658;1010;0;27
FR;6;2022-07-20;53;70;7;22;75;11;27;0;0;15608;10607;1137;856;13565;1669;1037;0;27
FR;6;2022-07-21;51;61;4;7;56;11;9;0;0;15659;10668;1141;863;13621;1680;1046;0;27
FR;6;2022-07-22;55;74;7;26;82;8;16;0;2;15714;10742;1148;889;13703;1688;1062;0;29
FR;6;2022-07-23;38;40;6;10;40;6;9;0;1;15752;10782;1154;899;13743;1694;1071;0;30
FR;6;2022-07-24;11;14;1;3;19;3;3;0;0;15763;10796;1155;902;13762;1697;1074;0;30
FR;6;2022-07-25;60;44;8;12;41;9;13;0;1;15823;10840;1163;914;13803;1706;1087;0;31
FR;6;2022-07-26;47;64;14;6;62;10;13;0;0;15870;10904;1177;920;13865;1716;1100;0;31
FR;6;2022-07-27;54;78;15;11;81;17;15;0;8;15924;10982;1192;931;13946;1733;1115;0;39
FR;6;2022-07-28;30;48;4;6;50;8;7;0;1;15954;11030;1196;937;13996;1741;1122;0;40
FR;6;2022-07-29;43;71;10;38;60;24;36;0;1;15997;11101;1206;975;14056;1765;1158;0;41
FR;6;2022-07-30;26;48;4;15;49;7;15;0;0;16023;11149;1210;990;14105;1772;1173;0;41
FR;6;2022-07-31;0;1;1;0;1;0;1;0;0;16023;11150;1211;990;14106;1772;1174;0;41
FR;6;2022-08-01;39;36;14;8;32;10;6;0;1;16062;11186;1225;998;14138;1782;1180;0;42
FR;6;2022-08-02;37;46;10;14;52;6;16;0;0;16099;11232;1235;1012;14190;1788;1196;0;42
FR;6;2022-08-03;29;52;7;16;53;11;19;0;0;16128;11284;1242;1028;14243;1799;1215;0;42
FR;6;2022-08-04;25;21;4;9;20;6;10;0;1;16153;11305;1246;1037;14263;1805;1225;0;43
FR;6;2022-08-05;43;45;1;7;53;5;7;0;0;16196;11350;1247;1044;14316;1810;1232;0;43
FR;6;2022-08-06;17;27;1;3;33;2;4;0;0;16213;11377;1248;1047;14349;1812;1236;0;43
FR;6;2022-08-07;1;2;0;0;2;0;0;0;0;16214;11379;1248;1047;14351;1812;1236;0;43
FR;6;2022-08-08;24;33;1;0;40;1;0;0;0;16238;11412;1249;1047;14391;1813;1236;0;43
FR;6;2022-08-09;22;30;6;3;29;3;3;0;0;16260;11442;1255;1050;14420;1816;1239;0;43
FR;6;2022-08-10;32;36;5;9;38;5;9;0;5;16292;11478;1260;1059;14458;1821;1248;0;48
FR;6;2022-08-11;33;33;1;1;40;1;0;0;1;16325;11511;1261;1060;14498;1822;1248;0;49
FR;6;2022-08-12;50;44;6;2;50;15;3;0;1;16375;11555;1267;1062;14548;1837;1251;0;50
FR;6;2022-08-13;9;20;0;0;22;1;0;0;0;16384;11575;1267;1062;14570;1838;1251;0;50
FR;6;2022-08-14;3;1;0;0;2;0;0;0;0;16387;11576;1267;1062;14572;1838;1251;0;50
FR;6;2022-08-15;2;3;1;0;4;0;1;0;0;16389;11579;1268;1062;14576;1838;1252;0;50
FR;6;2022-08-16;35;66;21;7;66;7;2;0;0;16424;11645;1289;1069;14642;1845;1254;0;50
FR;6;2022-08-17;32;44;10;9;41;10;6;0;7;16456;11689;1299;1078;14683;1855;1260;0;57
FR;6;2022-08-18;29;55;14;4;61;4;0;0;1;16485;11744;1313;1082;14744;1859;1260;0;58
FR;6;2022-08-19;30;45;5;4;47;3;2;0;1;16515;11789;1318;1086;14791;1862;1262;0;59
FR;6;2022-08-20;26;29;3;0;29;8;1;0;0;16541;11818;1321;1086;14820;1870;1263;0;59
FR;6;2022-08-21;1;5;2;0;5;0;0;0;0;16542;11823;1323;1086;14825;1870;1263;0;59
FR;6;2022-08-22;20;42;15;1;45;0;0;0;0;16562;11865;1338;1087;14870;1870;1263;0;59
FR;6;2022-08-23;34;45;6;7;47;6;4;0;2;16596;11910;1344;1094;14917;1876;1267;0;61
FR;6;2022-08-24;34;30;6;3;36;6;2;0;3;16630;11940;1350;1097;14953;1882;1269;0;64
FR;6;2022-08-25;25;27;1;1;29;5;1;0;0;16655;11967;1351;1098;14982;1887;1270;0;64
FR;6;2022-08-26;38;44;4;4;51;7;7;0;0;16693;12011;1355;1102;15033;1894;1277;0;64
FR;6;2022-08-27;19;21;7;3;22;8;4;0;0;16712;12032;1362;1105;15055;1902;1281;0;64
FR;6;2022-08-28;6;3;0;6;3;1;1;0;4;16718;12035;1362;1111;15058;1903;1282;0;68
FR;6;2022-08-29;26;22;2;6;29;3;6;0;0;16744;12057;1364;1117;15087;1906;1288;0;68
FR;6;2022-08-30;28;35;4;12;33;8;13;0;0;16772;12092;1368;1129;15120;1914;1301;0;68
FR;6;2022-08-31;35;38;2;11;46;3;12;0;0;16807;12130;1370;1140;15166;1917;1313;0;68
FR;6;2022-09-01;17;11;5;1;13;4;3;0;0;16824;12141;1375;1141;15179;1921;1316;0;68
FR;6;2022-09-02;19;14;2;1;13;3;2;0;0;16843;12155;1377;1142;15192;1924;1318;0;68
FR;6;2022-09-03;10;3;1;5;4;2;5;0;0;16853;12158;1378;1147;15196;1926;1323;0;68
FR;6;2022-09-04;4;1;0;0;1;0;0;0;0;16857;12159;1378;1147;15197;1926;1323;0;68
FR;6;2022-09-05;8;7;0;0;10;0;0;0;0;16865;12166;1378;1147;15207;1926;1323;0;68
FR;6;2022-09-06;7;9;7;12;8;6;15;0;0;16872;12175;1385;1159;15215;1932;1338;0;68
FR;6;2022-09-07;3;8;1;0;8;1;0;0;0;16875;12183;1386;1159;15223;1933;1338;0;68
FR;6;2022-09-08;6;4;0;2;3;1;2;0;0;16881;12187;1386;1161;15226;1934;1340;0;68
FR;6;2022-09-09;7;9;2;7;9;3;8;0;0;16888;12196;1388;1168;15235;1937;1348;0;68
FR;6;2022-09-10;3;4;1;0;3;1;1;0;0;16891;12200;1389;1168;15238;1938;1349;0;68
FR;6;2022-09-11;1;3;0;0;3;0;0;0;0;16892;12203;1389;1168;15241;1938;1349;0;68
FR;6;2022-09-12;10;4;1;0;3;3;0;0;0;16902;12207;1390;1168;15244;1941;1349;0;68
FR;6;2022-09-13;7;2;3;0;2;2;2;0;0;16909;12209;1393;1168;15246;1943;1351;0;68
FR;6;2022-09-14;9;8;2;0;7;4;0;0;0;16918;12217;1395;1168;15253;1947;1351;0;68
FR;6;2022-09-15;8;13;5;5;9;9;3;0;2;16926;12230;1400;1173;15262;1956;1354;0;70
FR;6;2022-09-16;25;39;1;1;47;4;1;0;2;16951;12269;1401;1174;15309;1960;1355;0;72
FR;6;2022-09-17;24;22;0;6;24;5;3;0;2;16975;12291;1401;1180;15333;1965;1358;0;74
FR;6;2022-09-18;5;4;0;0;4;1;0;0;0;16980;12295;1401;1180;15337;1966;1358;0;74
FR;6;2022-09-19;30;30;2;1;31;5;1;0;0;17010;12325;1403;1181;15368;1971;1359;0;74
FR;6;2022-09-20;34;25;1;4;29;6;2;0;1;17044;12350;1404;1185;15397;1977;1361;0;75
FR;6;2022-09-21;21;9;3;3;7;7;5;0;3;17065;12359;1407;1188;15404;1984;1366;0;78
FR;6;2022-09-22;19;28;1;22;32;3;21;0;1;17084;12387;1408;1210;15436;1987;1387;0;79
FR;6;2022-09-23;28;41;5;9;47;9;2;0;0;17112;12428;1413;1219;15483;1996;1389;0;79
FR;6;2022-09-24;16;16;4;2;21;6;2;0;0;17128;12444;1417;1221;15504;2002;1391;0;79
FR;6;2022-09-25;3;14;0;0;14;1;0;0;0;17131;12458;1417;1221;15518;2003;1391;0;79
FR;6;2022-09-26;16;13;0;18;12;5;18;0;2;17147;12471;1417;1239;15530;2008;1409;0;81
FR;6;2022-09-27;32;19;2;3;23;4;4;0;0;17179;12490;1419;1242;15553;2012;1413;0;81
FR;6;2022-09-28;27;10;9;11;16;5;17;0;2;17206;12500;1428;1253;15569;2017;1430;0;83
FR;6;2022-09-29;13;13;10;34;16;6;33;0;7;17219;12513;1438;1287;15585;2023;1463;0;90
FR;6;2022-09-30;34;24;5;6;33;5;3;0;0;17253;12537;1443;1293;15618;2028;1466;0;90
FR;6;2022-10-01;17;12;5;8;9;8;8;0;2;17270;12549;1448;1301;15627;2036;1474;0;92
FR;6;2022-10-02;3;0;0;0;1;0;0;0;0;17273;12549;1448;1301;15628;2036;1474;0;92
FR;6;2022-10-03;11;10;3;5;11;4;6;0;0;17284;12559;1451;1306;15639;2040;1480;0;92
FR;6;2022-10-04;19;17;4;28;21;3;30;0;3;17303;12576;1455;1334;15660;2043;1510;0;95
FR;6;2022-10-05;11;12;3;2;9;7;4;0;0;17314;12588;1458;1336;15669;2050;1514;0;95
FR;6;2022-10-06;19;13;4;6;17;2;10;0;0;17333;12601;1462;1342;15686;2052;1524;0;95
FR;6;2022-10-07;27;26;5;24;25;10;16;0;5;17360;12627;1467;1366;15711;2062;1540;0;100
FR;6;2022-10-08;18;13;0;0;16;0;0;0;0;17378;12640;1467;1366;15727;2062;1540;0;100
FR;6;2022-10-09;7;3;4;27;3;4;30;0;6;17385;12643;1471;1393;15730;2066;1570;0;106
FR;6;2022-10-10;15;14;1;16;16;6;13;0;0;17400;12657;1472;1409;15746;2072;1583;0;106
FR;6;2022-10-11;21;23;3;11;21;8;13;0;3;17421;12680;1475;1420;15767;2080;1596;0;109
FR;6;2022-10-12;20;16;7;19;18;3;24;0;7;17441;12696;1482;1439;15785;2083;1620;0;116
FR;6;2022-10-13;28;15;2;36;23;0;38;0;6;17469;12711;1484;1475;15808;2083;1658;0;122
FR;6;2022-10-14;29;23;5;49;23;11;45;0;13;17498;12734;1489;1524;15831;2094;1703;0;135
FR;6;2022-10-15;13;9;0;22;8;4;21;0;6;17511;12743;1489;1546;15839;2098;1724;0;141
FR;6;2022-10-16;4;5;0;6;2;3;6;0;0;17515;12748;1489;1552;15841;2101;1730;0;141
FR;6;2022-10-17;14;14;2;10;14;1;12;0;2;17529;12762;1491;1562;15855;2102;1742;0;143
FR;6;2022-10-18;12;19;9;26;19;4;18;0;11;17541;12781;1500;1588;15874;2106;1760;0;154
FR;6;2022-10-19;10;20;6;16;20;5;19;0;5;17551;12801;1506;1604;15894;2111;1779;0;159
FR;6;2022-10-20;16;15;12;57;18;5;67;0;13;17567;12816;1518;1661;15912;2116;1846;0;172
FR;6;2022-10-21;16;21;9;34;22;11;37;0;10;17583;12837;1527;1695;15934;2127;1883;0;182
FR;6;2022-10-22;19;14;1;4;17;3;4;0;0;17602;12851;1528;1699;15951;2130;1887;0;182
FR;6;2022-10-23;3;2;1;0;3;0;1;0;0;17605;12853;1529;1699;15954;2130;1888;0;182
FR;6;2022-10-24;12;14;2;7;14;6;5;0;2;17617;12867;1531;1706;15968;2136;1893;0;184
FR;6;2022-10-25;20;13;6;17;16;7;19;0;4;17637;12880;1537;1723;15984;2143;1912;0;188
FR;6;2022-10-26;17;9;4;13;12;4;15;0;5;17654;12889;1541;1736;15996;2147;1927;0;193
FR;6;2022-10-27;20;7;8;37;10;6;36;0;14;17674;12896;1549;1773;16006;2153;1963;0;207
FR;6;2022-10-28;21;27;3;4;28;6;5;0;1;17695;12923;1552;1777;16034;2159;1968;0;208
FR;6;2022-10-29;7;11;5;11;10;6;14;0;12;17702;12934;1557;1788;16044;2165;1982;0;220
FR;6;2022-10-30;2;5;0;0;5;0;0;0;0;17704;12939;1557;1788;16049;2165;1982;0;220
FR;6;2022-10-31;20;14;2;13;17;4;12;0;3;17724;12953;1559;1801;16066;2169;1994;0;223
FR;6;2022-11-01;2;1;1;0;1;1;0;0;0;17726;12954;1560;1801;16067;2170;1994;0;223
FR;6;2022-11-02;15;25;9;21;26;11;19;0;12;17741;12979;1569;1822;16093;2181;2013;0;235
FR;6;2022-11-03;17;17;11;39;20;8;43;0;9;17758;12996;1580;1861;16113;2189;2056;0;244
FR;6;2022-11-04;19;22;9;16;27;5;16;0;10;17777;13018;1589;1877;16140;2194;2072;0;254
FR;6;2022-11-05;9;16;2;4;17;4;6;0;0;17786;13034;1591;1881;16157;2198;2078;0;254
FR;6;2022-11-06;5;1;0;0;1;0;0;0;0;17791;13035;1591;1881;16158;2198;2078;0;254
FR;6;2022-11-07;18;10;6;17;12;4;18;0;11;17809;13045;1597;1898;16170;2202;2096;0;265
FR;6;2022-11-08;18;10;2;3;8;5;5;0;4;17827;13055;1599;1901;16178;2207;2101;0;269
FR;6;2022-11-09;16;22;1;6;21;4;5;0;4;17843;13077;1600;1907;16199;2211;2106;0;273
FR;6;2022-11-10;10;10;4;12;8;5;11;0;10;17853;13087;1604;1919;16207;2216;2117;0;283
FR;6;2022-11-11;3;1;0;0;1;1;0;0;0;17856;13088;1604;1919;16208;2217;2117;0;283
FR;6;2022-11-12;4;11;1;7;11;2;5;0;9;17860;13099;1605;1926;16219;2219;2122;0;292
FR;6;2022-11-13;1;1;0;1;1;0;1;0;0;17861;13100;1605;1927;16220;2219;2123;0;292
FR;6;2022-11-14;13;10;7;32;14;8;33;0;14;17874;13110;1612;1959;16234;2227;2156;0;306
FR;6;2022-11-15;7;18;1;11;16;4;7;0;2;17881;13128;1613;1970;16250;2231;2163;0;308
FR;6;2022-11-16;16;15;9;32;17;3;42;0;9;17897;13143;1622;2002;16267;2234;2205;0;317
FR;6;2022-11-17;10;8;1;29;8;2;28;0;5;17907;13151;1623;2031;16275;2236;2233;0;322
FR;6;2022-11-18;20;12;5;23;16;4;25;0;7;17927;13163;1628;2054;16291;2240;2258;0;329
FR;6;2022-11-19;5;13;0;2;11;3;2;0;1;17932;13176;1628;2056;16302;2243;2260;0;330
FR;6;2022-11-20;2;1;2;0;1;2;0;0;0;17934;13177;1630;2056;16303;2245;2260;0;330
FR;6;2022-11-21;22;13;1;14;14;6;11;0;3;17956;13190;1631;2070;16317;2251;2271;0;333
FR;6;2022-11-22;14;9;0;4;11;1;3;0;1;17970;13199;1631;2074;16328;2252;2274;0;334
FR;6;2022-11-23;14;15;15;23;17;9;31;0;8;17984;13214;1646;2097;16345;2261;2305;0;342
FR;6;2022-11-24;14;17;1;11;19;5;10;0;7;17998;13231;1647;2108;16364;2266;2315;0;349
FR;6;2022-11-25;23;15;5;50;15;5;47;0;5;18021;13246;1652;2158;16379;2271;2362;0;354
FR;6;2022-11-26;9;5;2;4;3;2;5;0;1;18030;13251;1654;2162;16382;2273;2367;0;355
FR;6;2022-11-27;1;4;0;0;4;0;0;0;0;18031;13255;1654;2162;16386;2273;2367;0;355
FR;6;2022-11-28;9;11;6;22;11;3;24;0;11;18040;13266;1660;2184;16397;2276;2391;0;366
FR;6;2022-11-29;15;10;1;12;14;1;8;0;7;18055;13276;1661;2196;16411;2277;2399;0;373
FR;6;2022-11-30;18;20;8;23;19;12;22;0;8;18073;13296;1669;2219;16430;2289;2421;0;381
FR;6;2022-12-01;12;8;7;20;10;4;24;0;9;18085;13304;1676;2239;16440;2293;2445;0;390
FR;6;2022-12-02;16;9;12;36;12;8;42;0;1;18101;13313;1688;2275;16452;2301;2487;0;391
FR;6;2022-12-03;13;3;13;20;6;5;28;0;13;18114;13316;1701;2295;16458;2306;2515;0;404
FR;6;2022-12-04;3;1;0;2;1;0;2;0;0;18117;13317;1701;2297;16459;2306;2517;0;404
FR;6;2022-12-05;11;10;7;16;11;4;19;0;8;18128;13327;1708;2313;16470;2310;2536;0;412
FR;6;2022-12-06;10;19;3;30;12;11;28;0;3;18138;13346;1711;2343;16482;2321;2564;0;415
FR;6;2022-12-07;17;8;10;56;10;8;57;0;30;18155;13354;1721;2399;16492;2329;2621;0;445
FR;6;2022-12-08;9;13;8;18;11;7;21;0;12;18164;13367;1729;2417;16503;2336;2642;0;457
FR;6;2022-12-09;15;9;5;29;12;4;30;0;6;18179;13376;1734;2446;16515;2340;2672;0;463
FR;6;2022-12-10;12;9;6;9;7;4;14;0;7;18191;13385;1740;2455;16522;2344;2686;0;470
FR;6;2022-12-11;4;2;1;0;2;1;0;0;0;18195;13387;1741;2455;16524;2345;2686;0;470
FR;6;2022-12-12;16;10;8;36;14;9;33;0;17;18211;13397;1749;2491;16538;2354;2719;0;487
FR;6;2022-12-13;17;21;11;66;16;17;65;0;14;18228;13418;1760;2557;16554;2371;2784;0;501
FR;6;2022-12-14;14;13;8;53;10;12;53;0;14;18242;13431;1768;2610;16564;2383;2837;0;515
FR;6;2022-12-15;12;15;14;38;13;9;44;0;9;18254;13446;1782;2648;16577;2392;2881;0;524
FR;6;2022-12-16;18;14;15;39;15;14;39;0;13;18272;13460;1797;2687;16592;2406;2920;0;537
FR;6;2022-12-17;11;10;15;28;8;15;29;0;8;18283;13470;1812;2715;16600;2421;2949;0;545
FR;6;2022-12-18;7;4;0;2;5;0;2;0;0;18290;13474;1812;2717;16605;2421;2951;0;545
FR;6;2022-12-19;12;8;8;29;8;11;29;0;15;18302;13482;1820;2746;16613;2432;2980;0;560
FR;6;2022-12-20;17;23;11;23;17;19;22;0;21;18319;13505;1831;2769;16630;2451;3002;0;581
FR;6;2022-12-21;23;16;9;19;13;13;17;0;5;18342;13521;1840;2788;16643;2464;3019;0;586
FR;6;2022-12-22;13;14;9;21;15;13;18;0;11;18355;13535;1849;2809;16658;2477;3037;0;597
FR;6;2022-12-23;10;19;11;7;14;17;7;0;3;18365;13554;1860;2816;16672;2494;3044;0;600
FR;6;2022-12-24;2;5;2;0;5;1;2;0;0;18367;13559;1862;2816;16677;2495;3046;0;600
FR;6;2022-12-25;0;0;0;0;0;0;0;0;0;18367;13559;1862;2816;16677;2495;3046;0;600
FR;6;2022-12-26;8;12;12;11;10;18;11;0;3;18375;13571;1874;2827;16687;2513;3057;0;603
FR;6;2022-12-27;17;13;15;8;12;19;8;0;0;18392;13584;1889;2835;16699;2532;3065;0;603
FR;6;2022-12-28;15;18;6;8;18;8;9;0;4;18407;13602;1895;2843;16717;2540;3074;0;607
FR;8;2020-12-27;0;0;0;0;0;0;0;0;0;0;0;0;0;0;0;0;0;0
FR;8;2020-12-28;0;0;0;0;0;0;0;0;0;0;0;0;0;0;0;0;0;0
FR;8;2020-12-29;0;0;0;0;0;0;0;0;0;0;0;0;0;0;0;0;0;0
FR;8;2020-12-30;0;0;0;0;0;0;0;0;0;0;0;0;0;0;0;0;0;0
FR;8;2020-12-31;0;0;0;0;0;0;0;0;0;0;0;0;0;0;0;0;0;0
FR;8;2021-01-01;0;0;0;0;0;0;0;0;0;0;0;0;0;0;0;0;0;0
FR;8;2021-01-02;0;0;0;0;0;0;0;0;0;0;0;0;0;0;0;0;0;0
FR;8;2021-01-03;0;0;0;0;0;0;0;0;0;0;0;0;0;0;0;0;0;0
FR;8;2021-01-04;0;0;0;0;0;0;0;0;0;0;0;0;0;0;0;0;0;0
FR;8;2021-01-05;0;0;0;0;0;0;0;0;0;0;0;0;0;0;0;0;0;0
FR;8;2021-01-06;0;0;0;0;0;0;0;0;0;0;0;0;0;0;0;0;0;0
FR;8;2021-01-07;0;0;0;0;0;0;0;0;0;0;0;0;0;0;0;0;0;0
FR;8;2021-01-08;0;0;0;0;0;0;0;0;0;0;0;0;0;0;0;0;0;0
FR;8;2021-01-09;0;0;0;0;0;0;0;0;0;0;0;0;0;0;0;0;0;0
FR;8;2021-01-10;0;0;0;0;0;0;0;0;0;0;0;0;0;0;0;0;0;0
FR;8;2021-01-11;0;0;0;0;0;0;0;0;0;0;0;0;0;0;0;0;0;0
FR;8;2021-01-12;0;0;0;0;0;0;0;0;0;0;0;0;0;0;0;0;0;0
FR;8;2021-01-13;0;0;0;0;0;0;0;0;0;0;0;0;0;0;0;0;0;0
FR;8;2021-01-14;0;0;0;0;0;0;0;0;0;0;0;0;0;0;0;0;0;0
FR;8;2021-01-15;0;0;0;0;0;0;0;0;0;0;0;0;0;0;0;0;0;0
FR;8;2021-01-16;0;0;0;0;0;0;0;0;0;0;0;0;0;0;0;0;0;0
FR;8;2021-01-17;0;0;0;0;0;0;0;0;0;0;0;0;0;0;0;0;0;0
FR;8;2021-01-18;0;0;0;0;0;0;0;0;0;0;0;0;0;0;0;0;0;0
FR;8;2021-01-19;0;0;0;0;0;0;0;0;0;0;0;0;0;0;0;0;0;0
FR;8;2021-01-20;0;0;0;0;0;0;0;0;0;0;0;0;0;0;0;0;0;0
FR;8;2021-01-21;0;0;0;0;0;0;0;0;0;0;0;0;0;0;0;0;0;0
FR;8;2021-01-22;0;0;0;0;0;0;0;0;0;0;0;0;0;0;0;0;0;0
FR;8;2021-01-23;0;0;0;0;0;0;0;0;0;0;0;0;0;0;0;0;0;0
FR;8;2021-01-24;0;0;0;0;0;0;0;0;0;0;0;0;0;0;0;0;0;0
FR;8;2021-01-25;0;0;0;0;0;0;0;0;0;0;0;0;0;0;0;0;0;0
FR;8;2021-01-26;0;0;0;0;0;0;0;0;0;0;0;0;0;0;0;0;0;0
FR;8;2021-01-27;0;0;0;0;0;0;0;0;0;0;0;0;0;0;0;0;0;0
FR;8;2021-01-28;0;0;0;0;0;0;0;0;0;0;0;0;0;0;0;0;0;0
FR;8;2021-01-29;0;0;0;0;0;0;0;0;0;0;0;0;0;0;0;0;0;0
FR;8;2021-01-30;0;0;0;0;0;0;0;0;0;0;0;0;0;0;0;0;0;0
FR;8;2021-01-31;0;0;0;0;0;0;0;0;0;0;0;0;0;0;0;0;0;0
FR;8;2021-02-01;0;0;0;0;0;0;0;0;0;0;0;0;0;0;0;0;0;0
FR;8;2021-02-02;0;0;0;0;0;0;0;0;0;0;0;0;0;0;0;0;0;0
FR;8;2021-02-03;0;0;0;0;0;0;0;0;0;0;0;0;0;0;0;0;0;0
FR;8;2021-02-04;0;0;0;0;0;0;0;0;0;0;0;0;0;0;0;0;0;0
FR;8;2021-02-05;0;0;0;0;0;0;0;0;0;0;0;0;0;0;0;0;0;0
FR;8;2021-02-06;0;0;0;0;0;0;0;0;0;0;0;0;0;0;0;0;0;0
FR;8;2021-02-07;0;0;0;0;0;0;0;0;0;0;0;0;0;0;0;0;0;0
FR;8;2021-02-08;0;0;0;0;0;0;0;0;0;0;0;0;0;0;0;0;0;0
FR;8;2021-02-09;0;0;0;0;0;0;0;0;0;0;0;0;0;0;0;0;0;0
FR;8;2021-02-10;0;0;0;0;0;0;0;0;0;0;0;0;0;0;0;0;0;0
FR;8;2021-02-11;0;0;0;0;0;0;0;0;0;0;0;0;0;0;0;0;0;0
FR;8;2021-02-12;0;0;0;0;0;0;0;0;0;0;0;0;0;0;0;0;0;0
FR;8;2021-02-13;0;0;0;0;0;0;0;0;0;0;0;0;0;0;0;0;0;0
FR;8;2021-02-14;0;0;0;0;0;0;0;0;0;0;0;0;0;0;0;0;0;0
FR;8;2021-02-15;0;0;0;0;0;0;0;0;0;0;0;0;0;0;0;0;0;0
FR;8;2021-02-16;0;0;0;0;0;0;0;0;0;0;0;0;0;0;0;0;0;0
FR;8;2021-02-17;0;0;0;0;0;0;0;0;0;0;0;0;0;0;0;0;0;0
FR;8;2021-02-18;0;0;0;0;0;0;0;0;0;0;0;0;0;0;0;0;0;0
FR;8;2021-02-19;0;0;0;0;0;0;0;0;0;0;0;0;0;0;0;0;0;0
FR;8;2021-02-20;0;0;0;0;0;0;0;0;0;0;0;0;0;0;0;0;0;0
FR;8;2021-02-21;0;0;0;0;0;0;0;0;0;0;0;0;0;0;0;0;0;0
FR;8;2021-02-22;0;0;0;0;0;0;0;0;0;0;0;0;0;0;0;0;0;0
FR;8;2021-02-23;0;0;0;0;0;0;0;0;0;0;0;0;0;0;0;0;0;0
FR;8;2021-02-24;0;0;0;0;0;0;0;0;0;0;0;0;0;0;0;0;0;0
FR;8;2021-02-25;0;0;0;0;0;0;0;0;0;0;0;0;0;0;0;0;0;0
FR;8;2021-02-26;0;0;0;0;0;0;0;0;0;0;0;0;0;0;0;0;0;0
FR;8;2021-02-27;0;0;0;0;0;0;0;0;0;0;0;0;0;0;0;0;0;0
FR;8;2021-02-28;0;0;0;0;0;0;0;0;0;0;0;0;0;0;0;0;0;0
FR;8;2021-03-01;0;0;0;0;0;0;0;0;0;0;0;0;0;0;0;0;0;0
FR;8;2021-03-02;0;0;0;0;0;0;0;0;0;0;0;0;0;0;0;0;0;0
FR;8;2021-03-03;0;0;0;0;0;0;0;0;0;0;0;0;0;0;0;0;0;0
FR;8;2021-03-04;0;0;0;0;0;0;0;0;0;0;0;0;0;0;0;0;0;0
FR;8;2021-03-05;0;0;0;0;0;0;0;0;0;0;0;0;0;0;0;0;0;0
FR;8;2021-03-06;0;0;0;0;0;0;0;0;0;0;0;0;0;0;0;0;0;0
FR;8;2021-03-07;0;0;0;0;0;0;0;0;0;0;0;0;0;0;0;0;0;0
FR;8;2021-03-08;0;0;0;0;0;0;0;0;0;0;0;0;0;0;0;0;0;0
FR;8;2021-03-09;0;0;0;0;0;0;0;0;0;0;0;0;0;0;0;0;0;0
FR;8;2021-03-10;0;0;0;0;0;0;0;0;0;0;0;0;0;0;0;0;0;0
FR;8;2021-03-11;0;0;0;0;0;0;0;0;0;0;0;0;0;0;0;0;0;0
FR;8;2021-03-12;0;0;0;0;0;0;0;0;0;0;0;0;0;0;0;0;0;0
FR;8;2021-03-13;0;0;0;0;0;0;0;0;0;0;0;0;0;0;0;0;0;0
FR;8;2021-03-14;0;0;0;0;0;0;0;0;0;0;0;0;0;0;0;0;0;0
FR;8;2021-03-15;0;0;0;0;0;0;0;0;0;0;0;0;0;0;0;0;0;0
FR;8;2021-03-16;0;0;0;0;0;0;0;0;0;0;0;0;0;0;0;0;0;0
FR;8;2021-03-17;0;0;0;0;0;0;0;0;0;0;0;0;0;0;0;0;0;0
FR;8;2021-03-18;0;0;0;0;0;0;0;0;0;0;0;0;0;0;0;0;0;0
FR;8;2021-03-19;0;0;0;0;0;0;0;0;0;0;0;0;0;0;0;0;0;0
FR;8;2021-03-20;0;0;0;0;0;0;0;0;0;0;0;0;0;0;0;0;0;0
FR;8;2021-03-21;0;0;0;0;0;0;0;0;0;0;0;0;0;0;0;0;0;0
FR;8;2021-03-22;0;0;0;0;0;0;0;0;0;0;0;0;0;0;0;0;0;0
FR;8;2021-03-23;0;0;0;0;0;0;0;0;0;0;0;0;0;0;0;0;0;0
FR;8;2021-03-24;0;0;0;0;0;0;0;0;0;0;0;0;0;0;0;0;0;0
FR;8;2021-03-25;0;0;0;0;0;0;0;0;0;0;0;0;0;0;0;0;0;0
FR;8;2021-03-26;0;0;0;0;0;0;0;0;0;0;0;0;0;0;0;0;0;0
FR;8;2021-03-27;0;0;0;0;0;0;0;0;0;0;0;0;0;0;0;0;0;0
FR;8;2021-03-28;0;0;0;0;0;0;0;0;0;0;0;0;0;0;0;0;0;0
FR;8;2021-03-29;0;0;0;0;0;0;0;0;0;0;0;0;0;0;0;0;0;0
FR;8;2021-03-30;0;0;0;0;0;0;0;0;0;0;0;0;0;0;0;0;0;0
FR;8;2021-03-31;0;0;0;0;0;0;0;0;0;0;0;0;0;0;0;0;0;0
FR;8;2021-04-01;0;0;0;0;0;0;0;0;0;0;0;0;0;0;0;0;0;0
FR;8;2021-04-02;0;0;0;0;0;0;0;0;0;0;0;0;0;0;0;0;0;0
FR;8;2021-04-03;0;0;0;0;0;0;0;0;0;0;0;0;0;0;0;0;0;0
FR;8;2021-04-04;0;0;0;0;0;0;0;0;0;0;0;0;0;0;0;0;0;0
FR;8;2021-04-05;0;0;0;0;0;0;0;0;0;0;0;0;0;0;0;0;0;0
FR;8;2021-04-06;0;0;0;0;0;0;0;0;0;0;0;0;0;0;0;0;0;0
FR;8;2021-04-07;0;0;0;0;0;0;0;0;0;0;0;0;0;0;0;0;0;0
FR;8;2021-04-08;0;0;0;0;0;0;0;0;0;0;0;0;0;0;0;0;0;0
FR;8;2021-04-09;0;0;0;0;0;0;0;0;0;0;0;0;0;0;0;0;0;0
FR;8;2021-04-10;0;0;0;0;0;0;0;0;0;0;0;0;0;0;0;0;0;0
FR;8;2021-04-11;0;0;0;0;0;0;0;0;0;0;0;0;0;0;0;0;0;0
FR;8;2021-04-12;0;0;0;0;0;0;0;0;0;0;0;0;0;0;0;0;0;0
FR;8;2021-04-13;0;0;0;0;0;0;0;0;0;0;0;0;0;0;0;0;0;0
FR;8;2021-04-14;0;0;0;0;0;0;0;0;0;0;0;0;0;0;0;0;0;0
FR;8;2021-04-15;0;0;0;0;0;0;0;0;0;0;0;0;0;0;0;0;0;0
FR;8;2021-04-16;0;0;0;0;0;0;0;0;0;0;0;0;0;0;0;0;0;0
FR;8;2021-04-17;0;0;0;0;0;0;0;0;0;0;0;0;0;0;0;0;0;0
FR;8;2021-04-18;0;0;0;0;0;0;0;0;0;0;0;0;0;0;0;0;0;0
FR;8;2021-04-19;0;0;0;0;0;0;0;0;0;0;0;0;0;0;0;0;0;0
FR;8;2021-04-20;0;0;0;0;0;0;0;0;0;0;0;0;0;0;0;0;0;0
FR;8;2021-04-21;0;0;0;0;0;0;0;0;0;0;0;0;0;0;0;0;0;0
FR;8;2021-04-22;0;0;0;0;0;0;0;0;0;0;0;0;0;0;0;0;0;0
FR;8;2021-04-23;0;0;0;0;0;0;0;0;0;0;0;0;0;0;0;0;0;0
FR;8;2021-04-24;0;0;0;0;0;0;0;0;0;0;0;0;0;0;0;0;0;0
FR;8;2021-04-25;0;0;0;0;0;0;0;0;0;0;0;0;0;0;0;0;0;0
FR;8;2021-04-26;0;0;0;0;0;0;0;0;0;0;0;0;0;0;0;0;0;0
FR;8;2021-04-27;0;0;0;0;0;0;0;0;0;0;0;0;0;0;0;0;0;0
FR;8;2021-04-28;0;0;0;0;0;0;0;0;0;0;0;0;0;0;0;0;0;0
FR;8;2021-04-29;0;0;0;0;0;0;0;0;0;0;0;0;0;0;0;0;0;0
FR;8;2021-04-30;0;0;0;0;0;0;0;0;0;0;0;0;0;0;0;0;0;0
FR;8;2021-05-01;0;0;0;0;0;0;0;0;0;0;0;0;0;0;0;0;0;0
FR;8;2021-05-02;0;0;0;0;0;0;0;0;0;0;0;0;0;0;0;0;0;0
FR;8;2021-05-03;0;0;0;0;0;0;0;0;0;0;0;0;0;0;0;0;0;0
FR;8;2021-05-04;0;0;0;0;0;0;0;0;0;0;0;0;0;0;0;0;0;0
FR;8;2021-05-05;0;0;0;0;0;0;0;0;0;0;0;0;0;0;0;0;0;0
FR;8;2021-05-06;0;0;0;0;0;0;0;0;0;0;0;0;0;0;0;0;0;0
FR;8;2021-05-07;0;0;0;0;0;0;0;0;0;0;0;0;0;0;0;0;0;0
FR;8;2021-05-08;0;0;0;0;0;0;0;0;0;0;0;0;0;0;0;0;0;0
FR;8;2021-05-09;0;0;0;0;0;0;0;0;0;0;0;0;0;0;0;0;0;0
FR;8;2021-05-10;0;0;0;0;0;0;0;0;0;0;0;0;0;0;0;0;0;0
FR;8;2021-05-11;0;0;0;0;0;0;0;0;0;0;0;0;0;0;0;0;0;0
FR;8;2021-05-12;0;0;0;0;0;0;0;0;0;0;0;0;0;0;0;0;0;0
FR;8;2021-05-13;0;0;0;0;0;0;0;0;0;0;0;0;0;0;0;0;0;0
FR;8;2021-05-14;0;0;0;0;0;0;0;0;0;0;0;0;0;0;0;0;0;0
FR;8;2021-05-15;0;0;0;0;0;0;0;0;0;0;0;0;0;0;0;0;0;0
FR;8;2021-05-16;0;0;0;0;0;0;0;0;0;0;0;0;0;0;0;0;0;0
FR;8;2021-05-17;0;0;0;0;0;0;0;0;0;0;0;0;0;0;0;0;0;0
FR;8;2021-05-18;0;0;0;0;0;0;0;0;0;0;0;0;0;0;0;0;0;0
FR;8;2021-05-19;0;0;0;0;0;0;0;0;0;0;0;0;0;0;0;0;0;0
FR;8;2021-05-20;0;0;0;0;0;0;0;0;0;0;0;0;0;0;0;0;0;0
FR;8;2021-05-21;0;0;0;0;0;0;0;0;0;0;0;0;0;0;0;0;0;0
FR;8;2021-05-22;0;0;0;0;0;0;0;0;0;0;0;0;0;0;0;0;0;0
FR;8;2021-05-23;0;0;0;0;0;0;0;0;0;0;0;0;0;0;0;0;0;0
FR;8;2021-05-24;0;0;0;0;0;0;0;0;0;0;0;0;0;0;0;0;0;0
FR;8;2021-05-25;0;0;0;0;0;0;0;0;0;0;0;0;0;0;0;0;0;0
FR;8;2021-05-26;0;0;0;0;0;0;0;0;0;0;0;0;0;0;0;0;0;0
FR;8;2021-05-27;0;0;0;0;0;0;0;0;0;0;0;0;0;0;0;0;0;0
FR;8;2021-05-28;0;0;0;0;0;0;0;0;0;0;0;0;0;0;0;0;0;0
FR;8;2021-05-29;0;0;0;0;0;0;0;0;0;0;0;0;0;0;0;0;0;0
FR;8;2021-05-30;0;0;0;0;0;0;0;0;0;0;0;0;0;0;0;0;0;0
FR;8;2021-05-31;0;0;0;0;0;0;0;0;0;0;0;0;0;0;0;0;0;0
FR;8;2021-06-01;0;0;0;0;0;0;0;0;0;0;0;0;0;0;0;0;0;0
FR;8;2021-06-02;0;0;0;0;0;0;0;0;0;0;0;0;0;0;0;0;0;0
FR;8;2021-06-03;0;0;0;0;0;0;0;0;0;0;0;0;0;0;0;0;0;0
FR;8;2021-06-04;0;0;0;0;0;0;0;0;0;0;0;0;0;0;0;0;0;0
FR;8;2021-06-05;0;0;0;0;0;0;0;0;0;0;0;0;0;0;0;0;0;0
FR;8;2021-06-06;0;0;0;0;0;0;0;0;0;0;0;0;0;0;0;0;0;0
FR;8;2021-06-07;0;0;0;0;0;0;0;0;0;0;0;0;0;0;0;0;0;0
FR;8;2021-06-08;0;0;0;0;0;0;0;0;0;0;0;0;0;0;0;0;0;0
FR;8;2021-06-09;0;0;0;0;0;0;0;0;0;0;0;0;0;0;0;0;0;0
FR;8;2021-06-10;0;0;0;0;0;0;0;0;0;0;0;0;0;0;0;0;0;0
FR;8;2021-06-11;0;0;0;0;0;0;0;0;0;0;0;0;0;0;0;0;0;0
FR;8;2021-06-12;0;0;0;0;0;0;0;0;0;0;0;0;0;0;0;0;0;0
FR;8;2021-06-13;0;0;0;0;0;0;0;0;0;0;0;0;0;0;0;0;0;0
FR;8;2021-06-14;0;0;0;0;0;0;0;0;0;0;0;0;0;0;0;0;0;0
FR;8;2021-06-15;0;0;0;0;0;0;0;0;0;0;0;0;0;0;0;0;0;0
FR;8;2021-06-16;0;0;0;0;0;0;0;0;0;0;0;0;0;0;0;0;0;0
FR;8;2021-06-17;0;0;0;0;0;0;0;0;0;0;0;0;0;0;0;0;0;0
FR;8;2021-06-18;0;0;0;0;0;0;0;0;0;0;0;0;0;0;0;0;0;0
FR;8;2021-06-19;0;0;0;0;0;0;0;0;0;0;0;0;0;0;0;0;0;0
FR;8;2021-06-20;0;0;0;0;0;0;0;0;0;0;0;0;0;0;0;0;0;0
FR;8;2021-06-21;0;0;0;0;0;0;0;0;0;0;0;0;0;0;0;0;0;0
FR;8;2021-06-22;0;0;0;0;0;0;0;0;0;0;0;0;0;0;0;0;0;0
FR;8;2021-06-23;0;0;0;0;0;0;0;0;0;0;0;0;0;0;0;0;0;0
FR;8;2021-06-24;0;0;0;0;0;0;0;0;0;0;0;0;0;0;0;0;0;0
FR;8;2021-06-25;0;0;0;0;0;0;0;0;0;0;0;0;0;0;0;0;0;0
FR;8;2021-06-26;0;0;0;0;0;0;0;0;0;0;0;0;0;0;0;0;0;0
FR;8;2021-06-27;0;0;0;0;0;0;0;0;0;0;0;0;0;0;0;0;0;0
FR;8;2021-06-28;0;0;0;0;0;0;0;0;0;0;0;0;0;0;0;0;0;0
FR;8;2021-06-29;0;0;0;0;0;0;0;0;0;0;0;0;0;0;0;0;0;0
FR;8;2021-06-30;0;0;0;0;0;0;0;0;0;0;0;0;0;0;0;0;0;0
FR;8;2021-07-01;0;0;0;0;0;0;0;0;0;0;0;0;0;0;0;0;0;0
FR;8;2021-07-02;0;0;0;0;0;0;0;0;0;0;0;0;0;0;0;0;0;0
FR;8;2021-07-03;0;0;0;0;0;0;0;0;0;0;0;0;0;0;0;0;0;0
FR;8;2021-07-04;0;0;0;0;0;0;0;0;0;0;0;0;0;0;0;0;0;0
FR;8;2021-07-05;0;0;0;0;0;0;0;0;0;0;0;0;0;0;0;0;0;0
FR;8;2021-07-06;0;0;0;0;0;0;0;0;0;0;0;0;0;0;0;0;0;0
FR;8;2021-07-07;0;0;0;0;0;0;0;0;0;0;0;0;0;0;0;0;0;0
FR;8;2021-07-08;0;0;0;0;0;0;0;0;0;0;0;0;0;0;0;0;0;0
FR;8;2021-07-09;0;0;0;0;0;0;0;0;0;0;0;0;0;0;0;0;0;0
FR;8;2021-07-10;0;0;0;0;0;0;0;0;0;0;0;0;0;0;0;0;0;0
FR;8;2021-07-11;0;0;0;0;0;0;0;0;0;0;0;0;0;0;0;0;0;0
FR;8;2021-07-12;0;0;0;0;0;0;0;0;0;0;0;0;0;0;0;0;0;0
FR;8;2021-07-13;0;0;0;0;0;0;0;0;0;0;0;0;0;0;0;0;0;0
FR;8;2021-07-14;0;0;0;0;0;0;0;0;0;0;0;0;0;0;0;0;0;0
FR;8;2021-07-15;0;0;0;0;0;0;0;0;0;0;0;0;0;0;0;0;0;0
FR;8;2021-07-16;0;0;0;0;0;0;0;0;0;0;0;0;0;0;0;0;0;0
FR;8;2021-07-17;0;0;0;0;0;0;0;0;0;0;0;0;0;0;0;0;0;0
FR;8;2021-07-18;0;0;0;0;0;0;0;0;0;0;0;0;0;0;0;0;0;0
FR;8;2021-07-19;0;0;0;0;0;0;0;0;0;0;0;0;0;0;0;0;0;0
FR;8;2021-07-20;0;0;0;0;0;0;0;0;0;0;0;0;0;0;0;0;0;0
FR;8;2021-07-21;0;0;0;0;0;0;0;0;0;0;0;0;0;0;0;0;0;0
FR;8;2021-07-22;0;0;0;0;0;0;0;0;0;0;0;0;0;0;0;0;0;0
FR;8;2021-07-23;0;0;0;0;0;0;0;0;0;0;0;0;0;0;0;0;0;0
FR;8;2021-07-24;0;0;0;0;0;0;0;0;0;0;0;0;0;0;0;0;0;0
FR;8;2021-07-25;0;0;0;0;0;0;0;0;0;0;0;0;0;0;0;0;0;0
FR;8;2021-07-26;0;0;0;0;0;0;0;0;0;0;0;0;0;0;0;0;0;0
FR;8;2021-07-27;0;0;0;0;0;0;0;0;0;0;0;0;0;0;0;0;0;0
FR;8;2021-07-28;0;0;0;0;0;0;0;0;0;0;0;0;0;0;0;0;0;0
FR;8;2021-07-29;0;0;0;0;0;0;0;0;0;0;0;0;0;0;0;0;0;0
FR;8;2021-07-30;0;0;0;0;0;0;0;0;0;0;0;0;0;0;0;0;0;0
FR;8;2021-07-31;0;0;0;0;0;0;0;0;0;0;0;0;0;0;0;0;0;0
FR;8;2021-08-01;0;0;0;0;0;0;0;0;0;0;0;0;0;0;0;0;0;0
FR;8;2021-08-02;0;0;0;0;0;0;0;0;0;0;0;0;0;0;0;0;0;0
FR;8;2021-08-03;0;0;0;0;0;0;0;0;0;0;0;0;0;0;0;0;0;0
FR;8;2021-08-04;0;0;0;0;0;0;0;0;0;0;0;0;0;0;0;0;0;0
FR;8;2021-08-05;0;0;0;0;0;0;0;0;0;0;0;0;0;0;0;0;0;0
FR;8;2021-08-06;0;0;0;0;0;0;0;0;0;0;0;0;0;0;0;0;0;0
FR;8;2021-08-07;0;0;0;0;0;0;0;0;0;0;0;0;0;0;0;0;0;0
FR;8;2021-08-08;0;0;0;0;0;0;0;0;0;0;0;0;0;0;0;0;0;0
FR;8;2021-08-09;0;0;0;0;0;0;0;0;0;0;0;0;0;0;0;0;0;0
FR;8;2021-08-10;0;0;0;0;0;0;0;0;0;0;0;0;0;0;0;0;0;0
FR;8;2021-08-11;0;0;0;0;0;0;0;0;0;0;0;0;0;0;0;0;0;0
FR;8;2021-08-12;0;0;0;0;0;0;0;0;0;0;0;0;0;0;0;0;0;0
FR;8;2021-08-13;0;0;0;0;0;0;0;0;0;0;0;0;0;0;0;0;0;0
FR;8;2021-08-14;0;0;0;0;0;0;0;0;0;0;0;0;0;0;0;0;0;0
FR;8;2021-08-15;0;0;0;0;0;0;0;0;0;0;0;0;0;0;0;0;0;0
FR;8;2021-08-16;0;0;0;0;0;0;0;0;0;0;0;0;0;0;0;0;0;0
FR;8;2021-08-17;0;0;0;0;0;0;0;0;0;0;0;0;0;0;0;0;0;0
FR;8;2021-08-18;0;0;0;0;0;0;0;0;0;0;0;0;0;0;0;0;0;0
FR;8;2021-08-19;0;0;0;0;0;0;0;0;0;0;0;0;0;0;0;0;0;0
FR;8;2021-08-20;0;0;0;0;0;0;0;0;0;0;0;0;0;0;0;0;0;0
FR;8;2021-08-21;0;0;0;0;0;0;0;0;0;0;0;0;0;0;0;0;0;0
FR;8;2021-08-22;0;0;0;0;0;0;0;0;0;0;0;0;0;0;0;0;0;0
FR;8;2021-08-23;0;0;0;0;0;0;0;0;0;0;0;0;0;0;0;0;0;0
FR;8;2021-08-24;0;0;0;0;0;0;0;0;0;0;0;0;0;0;0;0;0;0
FR;8;2021-08-25;0;0;0;0;0;0;0;0;0;0;0;0;0;0;0;0;0;0
FR;8;2021-08-26;0;0;0;0;0;0;0;0;0;0;0;0;0;0;0;0;0;0
FR;8;2021-08-27;0;0;0;0;0;0;0;0;0;0;0;0;0;0;0;0;0;0
FR;8;2021-08-28;0;0;0;0;0;0;0;0;0;0;0;0;0;0;0;0;0;0
FR;8;2021-08-29;0;0;0;0;0;0;0;0;0;0;0;0;0;0;0;0;0;0
FR;8;2021-08-30;0;0;0;0;0;0;0;0;0;0;0;0;0;0;0;0;0;0
FR;8;2021-08-31;0;0;0;0;0;0;0;0;0;0;0;0;0;0;0;0;0;0
FR;8;2021-09-01;0;0;0;0;0;0;0;0;0;0;0;0;0;0;0;0;0;0
FR;8;2021-09-02;0;0;0;0;0;0;0;0;0;0;0;0;0;0;0;0;0;0
FR;8;2021-09-03;0;0;0;0;0;0;0;0;0;0;0;0;0;0;0;0;0;0
FR;8;2021-09-04;0;0;0;0;0;0;0;0;0;0;0;0;0;0;0;0;0;0
FR;8;2021-09-05;0;0;0;0;0;0;0;0;0;0;0;0;0;0;0;0;0;0
FR;8;2021-09-06;0;0;0;0;0;0;0;0;0;0;0;0;0;0;0;0;0;0
FR;8;2021-09-07;0;0;0;0;0;0;0;0;0;0;0;0;0;0;0;0;0;0
FR;8;2021-09-08;0;0;0;0;0;0;0;0;0;0;0;0;0;0;0;0;0;0
FR;8;2021-09-09;0;0;0;0;0;0;0;0;0;0;0;0;0;0;0;0;0;0
FR;8;2021-09-10;0;0;0;0;0;0;0;0;0;0;0;0;0;0;0;0;0;0
FR;8;2021-09-11;0;0;0;0;0;0;0;0;0;0;0;0;0;0;0;0;0;0
FR;8;2021-09-12;0;0;0;0;0;0;0;0;0;0;0;0;0;0;0;0;0;0
FR;8;2021-09-13;0;0;0;0;0;0;0;0;0;0;0;0;0;0;0;0;0;0
FR;8;2021-09-14;0;0;0;0;0;0;0;0;0;0;0;0;0;0;0;0;0;0
FR;8;2021-09-15;0;0;0;0;0;0;0;0;0;0;0;0;0;0;0;0;0;0
FR;8;2021-09-16;0;0;0;0;0;0;0;0;0;0;0;0;0;0;0;0;0;0
FR;8;2021-09-17;0;0;0;0;0;0;0;0;0;0;0;0;0;0;0;0;0;0
FR;8;2021-09-18;0;0;0;0;0;0;0;0;0;0;0;0;0;0;0;0;0;0
FR;8;2021-09-19;0;0;0;0;0;0;0;0;0;0;0;0;0;0;0;0;0;0
FR;8;2021-09-20;0;0;0;0;0;0;0;0;0;0;0;0;0;0;0;0;0;0
FR;8;2021-09-21;0;0;0;0;0;0;0;0;0;0;0;0;0;0;0;0;0;0
FR;8;2021-09-22;0;0;0;0;0;0;0;0;0;0;0;0;0;0;0;0;0;0
FR;8;2021-09-23;0;0;0;0;0;0;0;0;0;0;0;0;0;0;0;0;0;0
FR;8;2021-09-24;0;0;0;0;0;0;0;0;0;0;0;0;0;0;0;0;0;0
FR;8;2021-09-25;0;0;0;0;0;0;0;0;0;0;0;0;0;0;0;0;0;0
FR;8;2021-09-26;0;0;0;0;0;0;0;0;0;0;0;0;0;0;0;0;0;0
FR;8;2021-09-27;0;0;0;0;0;0;0;0;0;0;0;0;0;0;0;0;0;0
FR;8;2021-09-28;0;0;0;0;0;0;0;0;0;0;0;0;0;0;0;0;0;0
FR;8;2021-09-29;0;0;0;0;0;0;0;0;0;0;0;0;0;0;0;0;0;0
FR;8;2021-09-30;0;0;0;0;0;0;0;0;0;0;0;0;0;0;0;0;0;0
FR;8;2021-10-01;0;0;0;0;0;0;0;0;0;0;0;0;0;0;0;0;0;0
FR;8;2021-10-02;0;0;0;0;0;0;0;0;0;0;0;0;0;0;0;0;0;0
FR;8;2021-10-03;0;0;0;0;0;0;0;0;0;0;0;0;0;0;0;0;0;0
FR;8;2021-10-04;0;0;0;0;0;0;0;0;0;0;0;0;0;0;0;0;0;0
FR;8;2021-10-05;0;0;0;0;0;0;0;0;0;0;0;0;0;0;0;0;0;0
FR;8;2021-10-06;0;0;0;0;0;0;0;0;0;0;0;0;0;0;0;0;0;0
FR;8;2021-10-07;0;0;0;0;0;0;0;0;0;0;0;0;0;0;0;0;0;0
FR;8;2021-10-08;0;0;0;0;0;0;0;0;0;0;0;0;0;0;0;0;0;0
FR;8;2021-10-09;0;0;0;0;0;0;0;0;0;0;0;0;0;0;0;0;0;0
FR;8;2021-10-10;0;0;0;0;0;0;0;0;0;0;0;0;0;0;0;0;0;0
FR;8;2021-10-11;0;0;0;0;0;0;0;0;0;0;0;0;0;0;0;0;0;0
FR;8;2021-10-12;0;0;0;0;0;0;0;0;0;0;0;0;0;0;0;0;0;0
FR;8;2021-10-13;0;0;0;0;0;0;0;0;0;0;0;0;0;0;0;0;0;0
FR;8;2021-10-14;0;0;0;0;0;0;0;0;0;0;0;0;0;0;0;0;0;0
FR;8;2021-10-15;0;0;0;0;0;0;0;0;0;0;0;0;0;0;0;0;0;0
FR;8;2021-10-16;0;0;0;0;0;0;0;0;0;0;0;0;0;0;0;0;0;0
FR;8;2021-10-17;0;0;0;0;0;0;0;0;0;0;0;0;0;0;0;0;0;0
FR;8;2021-10-18;0;0;0;0;0;0;0;0;0;0;0;0;0;0;0;0;0;0
FR;8;2021-10-19;0;0;0;0;0;0;0;0;0;0;0;0;0;0;0;0;0;0
FR;8;2021-10-20;0;0;0;0;0;0;0;0;0;0;0;0;0;0;0;0;0;0
FR;8;2021-10-21;0;0;0;0;0;0;0;0;0;0;0;0;0;0;0;0;0;0
FR;8;2021-10-22;0;0;0;0;0;0;0;0;0;0;0;0;0;0;0;0;0;0
FR;8;2021-10-23;0;0;0;0;0;0;0;0;0;0;0;0;0;0;0;0;0;0
FR;8;2021-10-24;0;0;0;0;0;0;0;0;0;0;0;0;0;0;0;0;0;0
FR;8;2021-10-25;0;0;0;0;0;0;0;0;0;0;0;0;0;0;0;0;0;0
FR;8;2021-10-26;0;0;0;0;0;0;0;0;0;0;0;0;0;0;0;0;0;0
FR;8;2021-10-27;0;0;0;0;0;0;0;0;0;0;0;0;0;0;0;0;0;0
FR;8;2021-10-28;0;0;0;0;0;0;0;0;0;0;0;0;0;0;0;0;0;0
FR;8;2021-10-29;0;0;0;0;0;0;0;0;0;0;0;0;0;0;0;0;0;0
FR;8;2021-10-30;0;0;0;0;0;0;0;0;0;0;0;0;0;0;0;0;0;0
FR;8;2021-10-31;0;0;0;0;0;0;0;0;0;0;0;0;0;0;0;0;0;0
FR;8;2021-11-01;0;0;0;0;0;0;0;0;0;0;0;0;0;0;0;0;0;0
FR;8;2021-11-02;0;0;0;0;0;0;0;0;0;0;0;0;0;0;0;0;0;0
FR;8;2021-11-03;0;0;0;0;0;0;0;0;0;0;0;0;0;0;0;0;0;0
FR;8;2021-11-04;0;0;0;0;0;0;0;0;0;0;0;0;0;0;0;0;0;0
FR;8;2021-11-05;0;0;0;0;0;0;0;0;0;0;0;0;0;0;0;0;0;0
FR;8;2021-11-06;0;0;0;0;0;0;0;0;0;0;0;0;0;0;0;0;0;0
FR;8;2021-11-07;0;0;0;0;0;0;0;0;0;0;0;0;0;0;0;0;0;0
FR;8;2021-11-08;0;0;0;0;0;0;0;0;0;0;0;0;0;0;0;0;0;0
FR;8;2021-11-09;0;0;0;0;0;0;0;0;0;0;0;0;0;0;0;0;0;0
FR;8;2021-11-10;0;0;0;0;0;0;0;0;0;0;0;0;0;0;0;0;0;0
FR;8;2021-11-11;0;0;0;0;0;0;0;0;0;0;0;0;0;0;0;0;0;0
FR;8;2021-11-12;0;0;0;0;0;0;0;0;0;0;0;0;0;0;0;0;0;0
FR;8;2021-11-13;0;0;0;0;0;0;0;0;0;0;0;0;0;0;0;0;0;0
FR;8;2021-11-14;0;0;0;0;0;0;0;0;0;0;0;0;0;0;0;0;0;0
FR;8;2021-11-15;0;0;0;0;0;0;0;0;0;0;0;0;0;0;0;0;0;0
FR;8;2021-11-16;0;0;0;0;0;0;0;0;0;0;0;0;0;0;0;0;0;0
FR;8;2021-11-17;0;0;0;0;0;0;0;0;0;0;0;0;0;0;0;0;0;0
FR;8;2021-11-18;0;0;0;0;0;0;0;0;0;0;0;0;0;0;0;0;0;0
FR;8;2021-11-19;0;0;0;0;0;0;0;0;0;0;0;0;0;0;0;0;0;0
FR;8;2021-11-20;0;0;0;0;0;0;0;0;0;0;0;0;0;0;0;0;0;0
FR;8;2021-11-21;0;0;0;0;0;0;0;0;0;0;0;0;0;0;0;0;0;0
FR;8;2021-11-22;0;0;0;0;0;0;0;0;0;0;0;0;0;0;0;0;0;0
FR;8;2021-11-23;0;0;0;0;0;0;0;0;0;0;0;0;0;0;0;0;0;0
FR;8;2021-11-24;0;0;0;0;0;0;0;0;0;0;0;0;0;0;0;0;0;0
FR;8;2021-11-25;0;0;0;0;0;0;0;0;0;0;0;0;0;0;0;0;0;0
FR;8;2021-11-26;0;0;0;0;0;0;0;0;0;0;0;0;0;0;0;0;0;0
FR;8;2021-11-27;0;0;0;0;0;0;0;0;0;0;0;0;0;0;0;0;0;0
FR;8;2021-11-28;0;0;0;0;0;0;0;0;0;0;0;0;0;0;0;0;0;0
FR;8;2021-11-29;0;0;0;0;0;0;0;0;0;0;0;0;0;0;0;0;0;0
FR;8;2021-11-30;0;0;0;0;0;0;0;0;0;0;0;0;0;0;0;0;0;0
FR;8;2021-12-01;0;0;0;0;0;0;0;0;0;0;0;0;0;0;0;0;0;0
FR;8;2021-12-02;0;0;0;0;0;0;0;0;0;0;0;0;0;0;0;0;0;0
FR;8;2021-12-03;0;0;0;0;0;0;0;0;0;0;0;0;0;0;0;0;0;0
FR;8;2021-12-04;0;0;0;0;0;0;0;0;0;0;0;0;0;0;0;0;0;0
FR;8;2021-12-05;0;0;0;0;0;0;0;0;0;0;0;0;0;0;0;0;0;0
FR;8;2021-12-06;0;0;0;0;0;0;0;0;0;0;0;0;0;0;0;0;0;0
FR;8;2021-12-07;0;0;0;0;0;0;0;0;0;0;0;0;0;0;0;0;0;0
FR;8;2021-12-08;0;0;0;0;0;0;0;0;0;0;0;0;0;0;0;0;0;0
FR;8;2021-12-09;0;0;0;0;0;0;0;0;0;0;0;0;0;0;0;0;0;0
FR;8;2021-12-10;0;0;0;0;0;0;0;0;0;0;0;0;0;0;0;0;0;0
FR;8;2021-12-11;0;0;0;0;0;0;0;0;0;0;0;0;0;0;0;0;0;0
FR;8;2021-12-12;0;0;0;0;0;0;0;0;0;0;0;0;0;0;0;0;0;0
FR;8;2021-12-13;0;0;0;0;0;0;0;0;0;0;0;0;0;0;0;0;0;0
FR;8;2021-12-14;0;0;0;0;0;0;0;0;0;0;0;0;0;0;0;0;0;0
FR;8;2021-12-15;0;0;0;0;0;0;0;0;0;0;0;0;0;0;0;0;0;0
FR;8;2021-12-16;0;0;0;0;0;0;0;0;0;0;0;0;0;0;0;0;0;0
FR;8;2021-12-17;0;0;0;0;0;0;0;0;0;0;0;0;0;0;0;0;0;0
FR;8;2021-12-18;0;0;0;0;0;0;0;0;0;0;0;0;0;0;0;0;0;0
FR;8;2021-12-19;0;0;0;0;0;0;0;0;0;0;0;0;0;0;0;0;0;0
FR;8;2021-12-20;0;0;0;0;0;0;0;0;0;0;0;0;0;0;0;0;0;0
FR;8;2021-12-21;0;0;0;0;0;0;0;0;0;0;0;0;0;0;0;0;0;0
FR;8;2021-12-22;0;0;0;0;0;0;0;0;0;0;0;0;0;0;0;0;0;0
FR;8;2021-12-23;0;0;0;0;0;0;0;0;0;0;0;0;0;0;0;0;0;0
FR;8;2021-12-24;0;0;0;0;0;0;0;0;0;0;0;0;0;0;0;0;0;0
FR;8;2021-12-25;0;0;0;0;0;0;0;0;0;0;0;0;0;0;0;0;0;0
FR;8;2021-12-26;0;0;0;0;0;0;0;0;0;0;0;0;0;0;0;0;0;0
FR;8;2021-12-27;0;0;0;0;0;0;0;0;0;0;0;0;0;0;0;0;0;0
FR;8;2021-12-28;0;0;0;0;0;0;0;0;0;0;0;0;0;0;0;0;0;0
FR;8;2021-12-29;0;0;0;0;0;0;0;0;0;0;0;0;0;0;0;0;0;0
FR;8;2021-12-30;0;0;0;0;0;0;0;0;0;0;0;0;0;0;0;0;0;0
FR;8;2021-12-31;0;0;0;0;0;0;0;0;0;0;0;0;0;0;0;0;0;0
FR;8;2022-01-01;0;0;0;0;0;0;0;0;0;0;0;0;0;0;0;0;0;0
FR;8;2022-01-02;0;0;0;0;0;0;0;0;0;0;0;0;0;0;0;0;0;0
FR;8;2022-01-03;0;0;0;0;0;0;0;0;0;0;0;0;0;0;0;0;0;0
FR;8;2022-01-04;0;0;0;0;0;0;0;0;0;0;0;0;0;0;0;0;0;0
FR;8;2022-01-05;0;0;0;0;0;0;0;0;0;0;0;0;0;0;0;0;0;0
FR;8;2022-01-06;0;0;0;0;0;0;0;0;0;0;0;0;0;0;0;0;0;0
FR;8;2022-01-07;0;0;0;0;0;0;0;0;0;0;0;0;0;0;0;0;0;0
FR;8;2022-01-08;0;0;0;0;0;0;0;0;0;0;0;0;0;0;0;0;0;0
FR;8;2022-01-09;0;0;0;0;0;0;0;0;0;0;0;0;0;0;0;0;0;0
FR;8;2022-01-10;0;0;0;0;0;0;0;0;0;0;0;0;0;0;0;0;0;0
FR;8;2022-01-11;0;0;0;0;0;0;0;0;0;0;0;0;0;0;0;0;0;0
FR;8;2022-01-12;0;0;0;0;0;0;0;0;0;0;0;0;0;0;0;0;0;0
FR;8;2022-01-13;0;0;0;0;0;0;0;0;0;0;0;0;0;0;0;0;0;0
FR;8;2022-01-14;0;0;0;0;0;0;0;0;0;0;0;0;0;0;0;0;0;0
FR;8;2022-01-15;0;0;0;0;0;0;0;0;0;0;0;0;0;0;0;0;0;0
FR;8;2022-01-16;0;0;0;0;0;0;0;0;0;0;0;0;0;0;0;0;0;0
FR;8;2022-01-17;0;0;0;0;0;0;0;0;0;0;0;0;0;0;0;0;0;0
FR;8;2022-01-18;0;0;0;0;0;0;0;0;0;0;0;0;0;0;0;0;0;0
FR;8;2022-01-19;0;0;0;0;0;0;0;0;0;0;0;0;0;0;0;0;0;0
FR;8;2022-01-20;0;0;0;0;0;0;0;0;0;0;0;0;0;0;0;0;0;0
FR;8;2022-01-21;0;0;0;0;0;0;0;0;0;0;0;0;0;0;0;0;0;0
FR;8;2022-01-22;0;0;0;0;0;0;0;0;0;0;0;0;0;0;0;0;0;0
FR;8;2022-01-23;0;0;0;0;0;0;0;0;0;0;0;0;0;0;0;0;0;0
FR;8;2022-01-24;0;0;0;0;0;0;0;0;0;0;0;0;0;0;0;0;0;0
FR;8;2022-01-25;0;0;0;0;0;0;0;0;0;0;0;0;0;0;0;0;0;0
FR;8;2022-01-26;0;0;0;0;0;0;0;0;0;0;0;0;0;0;0;0;0;0
FR;8;2022-01-27;0;0;0;0;0;0;0;0;0;0;0;0;0;0;0;0;0;0
FR;8;2022-01-28;0;0;0;0;0;0;0;0;0;0;0;0;0;0;0;0;0;0
FR;8;2022-01-29;0;0;0;0;0;0;0;0;0;0;0;0;0;0;0;0;0;0
FR;8;2022-01-30;0;0;0;0;0;0;0;0;0;0;0;0;0;0;0;0;0;0
FR;8;2022-01-31;0;0;0;0;0;0;0;0;0;0;0;0;0;0;0;0;0;0
FR;8;2022-02-01;0;0;0;0;0;0;0;0;0;0;0;0;0;0;0;0;0;0
FR;8;2022-02-02;0;0;0;0;0;0;0;0;0;0;0;0;0;0;0;0;0;0
FR;8;2022-02-03;0;0;0;0;0;0;0;0;0;0;0;0;0;0;0;0;0;0
FR;8;2022-02-04;0;0;0;0;0;0;0;0;0;0;0;0;0;0;0;0;0;0
FR;8;2022-02-05;0;0;0;0;0;0;0;0;0;0;0;0;0;0;0;0;0;0
FR;8;2022-02-06;0;0;0;0;0;0;0;0;0;0;0;0;0;0;0;0;0;0
FR;8;2022-02-07;0;0;0;0;0;0;0;0;0;0;0;0;0;0;0;0;0;0
FR;8;2022-02-08;0;0;0;0;0;0;0;0;0;0;0;0;0;0;0;0;0;0
FR;8;2022-02-09;0;0;0;0;0;0;0;0;0;0;0;0;0;0;0;0;0;0
FR;8;2022-02-10;0;0;0;0;0;0;0;0;0;0;0;0;0;0;0;0;0;0
FR;8;2022-02-11;0;0;0;0;0;0;0;0;0;0;0;0;0;0;0;0;0;0
FR;8;2022-02-12;0;0;0;0;0;0;0;0;0;0;0;0;0;0;0;0;0;0
FR;8;2022-02-13;0;0;0;0;0;0;0;0;0;0;0;0;0;0;0;0;0;0
FR;8;2022-02-14;0;0;0;0;0;0;0;0;0;0;0;0;0;0;0;0;0;0
FR;8;2022-02-15;0;0;0;0;0;0;0;0;0;0;0;0;0;0;0;0;0;0
FR;8;2022-02-16;0;0;0;0;0;0;0;0;0;0;0;0;0;0;0;0;0;0
FR;8;2022-02-17;0;0;0;0;0;0;0;0;0;0;0;0;0;0;0;0;0;0
FR;8;2022-02-18;0;0;0;0;0;0;0;0;0;0;0;0;0;0;0;0;0;0
FR;8;2022-02-19;0;0;0;0;0;0;0;0;0;0;0;0;0;0;0;0;0;0
FR;8;2022-02-20;0;0;0;0;0;0;0;0;0;0;0;0;0;0;0;0;0;0
FR;8;2022-02-21;0;0;0;0;0;0;0;0;0;0;0;0;0;0;0;0;0;0
FR;8;2022-02-22;0;0;0;0;0;0;0;0;0;0;0;0;0;0;0;0;0;0
FR;8;2022-02-23;0;0;0;0;0;0;0;0;0;0;0;0;0;0;0;0;0;0
FR;8;2022-02-24;0;0;0;0;0;0;0;0;0;0;0;0;0;0;0;0;0;0
FR;8;2022-02-25;0;0;0;0;0;0;0;0;0;0;0;0;0;0;0;0;0;0
FR;8;2022-02-26;0;0;0;0;0;0;0;0;0;0;0;0;0;0;0;0;0;0
FR;8;2022-02-27;0;0;0;0;0;0;0;0;0;0;0;0;0;0;0;0;0;0
FR;8;2022-02-28;0;0;0;0;0;0;0;0;0;0;0;0;0;0;0;0;0;0
FR;8;2022-03-01;0;0;0;0;0;0;0;0;0;0;0;0;0;0;0;0;0;0
FR;8;2022-03-02;0;0;0;0;0;0;0;0;0;0;0;0;0;0;0;0;0;0
FR;8;2022-03-03;0;0;0;0;0;0;0;0;0;0;0;0;0;0;0;0;0;0
FR;8;2022-03-04;0;0;0;0;0;0;0;0;0;0;0;0;0;0;0;0;0;0
FR;8;2022-03-05;0;0;0;0;0;0;0;0;0;0;0;0;0;0;0;0;0;0
FR;8;2022-03-06;0;0;0;0;0;0;0;0;0;0;0;0;0;0;0;0;0;0
FR;8;2022-03-07;0;0;0;0;0;0;0;0;0;0;0;0;0;0;0;0;0;0
FR;8;2022-03-08;0;0;0;0;0;0;0;0;0;0;0;0;0;0;0;0;0;0
FR;8;2022-03-09;0;0;0;0;0;0;0;0;0;0;0;0;0;0;0;0;0;0
FR;8;2022-03-10;0;0;0;0;0;0;0;0;0;0;0;0;0;0;0;0;0;0
FR;8;2022-03-11;0;0;0;0;0;0;0;0;0;0;0;0;0;0;0;0;0;0
FR;8;2022-03-12;0;0;0;0;0;0;0;0;0;0;0;0;0;0;0;0;0;0
FR;8;2022-03-13;0;0;0;0;0;0;0;0;0;0;0;0;0;0;0;0;0;0
FR;8;2022-03-14;0;0;0;0;0;0;0;0;0;0;0;0;0;0;0;0;0;0
FR;8;2022-03-15;0;0;0;0;0;0;0;0;0;0;0;0;0;0;0;0;0;0
FR;8;2022-03-16;0;0;0;0;0;0;0;0;0;0;0;0;0;0;0;0;0;0
FR;8;2022-03-17;0;0;0;0;0;0;0;0;0;0;0;0;0;0;0;0;0;0
FR;8;2022-03-18;0;0;0;0;0;0;0;0;0;0;0;0;0;0;0;0;0;0
FR;8;2022-03-19;0;0;0;0;0;0;0;0;0;0;0;0;0;0;0;0;0;0
FR;8;2022-03-20;0;0;0;0;0;0;0;0;0;0;0;0;0;0;0;0;0;0
FR;8;2022-03-21;0;0;0;0;0;0;0;0;0;0;0;0;0;0;0;0;0;0
FR;8;2022-03-22;0;0;0;0;0;0;0;0;0;0;0;0;0;0;0;0;0;0
FR;8;2022-03-23;0;0;0;0;0;0;0;0;0;0;0;0;0;0;0;0;0;0
FR;8;2022-03-24;0;0;0;0;0;0;0;0;0;0;0;0;0;0;0;0;0;0
FR;8;2022-03-25;0;0;0;0;0;0;0;0;0;0;0;0;0;0;0;0;0;0
FR;8;2022-03-26;0;0;0;0;0;0;0;0;0;0;0;0;0;0;0;0;0;0
FR;8;2022-03-27;0;0;0;0;0;0;0;0;0;0;0;0;0;0;0;0;0;0
FR;8;2022-03-28;0;0;0;0;0;0;0;0;0;0;0;0;0;0;0;0;0;0
FR;8;2022-03-29;0;0;0;0;0;0;0;0;0;0;0;0;0;0;0;0;0;0
FR;8;2022-03-30;0;0;0;0;0;0;0;0;0;0;0;0;0;0;0;0;0;0
FR;8;2022-03-31;0;0;0;0;0;0;0;0;0;0;0;0;0;0;0;0;0;0
FR;8;2022-04-01;0;0;0;0;0;0;0;0;0;0;0;0;0;0;0;0;0;0
FR;8;2022-04-02;0;0;0;0;0;0;0;0;0;0;0;0;0;0;0;0;0;0
FR;8;2022-04-03;0;0;0;0;0;0;0;0;0;0;0;0;0;0;0;0;0;0
FR;8;2022-04-04;0;0;0;0;0;0;0;0;0;0;0;0;0;0;0;0;0;0
FR;8;2022-04-05;0;0;0;0;0;0;0;0;0;0;0;0;0;0;0;0;0;0
FR;8;2022-04-06;0;0;0;0;0;0;0;0;0;0;0;0;0;0;0;0;0;0
FR;8;2022-04-07;0;0;0;0;0;0;0;0;0;0;0;0;0;0;0;0;0;0
FR;8;2022-04-08;0;0;0;0;0;0;0;0;0;0;0;0;0;0;0;0;0;0
FR;8;2022-04-09;0;0;0;0;0;0;0;0;0;0;0;0;0;0;0;0;0;0
FR;8;2022-04-10;0;0;0;0;0;0;0;0;0;0;0;0;0;0;0;0;0;0
FR;8;2022-04-11;0;0;0;0;0;0;0;0;0;0;0;0;0;0;0;0;0;0
FR;8;2022-04-12;0;0;0;0;0;0;0;0;0;0;0;0;0;0;0;0;0;0
FR;8;2022-04-13;0;0;0;0;0;0;0;0;0;0;0;0;0;0;0;0;0;0
FR;8;2022-04-14;0;0;0;0;0;0;0;0;0;0;0;0;0;0;0;0;0;0
FR;8;2022-04-15;0;0;0;0;0;0;0;0;0;0;0;0;0;0;0;0;0;0
FR;8;2022-04-16;0;0;0;0;0;0;0;0;0;0;0;0;0;0;0;0;0;0
FR;8;2022-04-17;0;0;0;0;0;0;0;0;0;0;0;0;0;0;0;0;0;0
FR;8;2022-04-18;0;0;0;0;0;0;0;0;0;0;0;0;0;0;0;0;0;0
FR;8;2022-04-19;0;0;0;0;0;0;0;0;0;0;0;0;0;0;0;0;0;0
FR;8;2022-04-20;0;0;0;0;0;0;0;0;0;0;0;0;0;0;0;0;0;0
FR;8;2022-04-21;0;0;0;0;0;0;0;0;0;0;0;0;0;0;0;0;0;0
FR;8;2022-04-22;0;0;0;0;0;0;0;0;0;0;0;0;0;0;0;0;0;0
FR;8;2022-04-23;0;0;0;0;0;0;0;0;0;0;0;0;0;0;0;0;0;0
FR;8;2022-04-24;0;0;0;0;0;0;0;0;0;0;0;0;0;0;0;0;0;0
FR;8;2022-04-25;0;0;0;0;0;0;0;0;0;0;0;0;0;0;0;0;0;0
FR;8;2022-04-26;0;0;0;0;0;0;0;0;0;0;0;0;0;0;0;0;0;0
FR;8;2022-04-27;0;0;0;0;0;0;0;0;0;0;0;0;0;0;0;0;0;0
FR;8;2022-04-28;0;0;0;0;0;0;0;0;0;0;0;0;0;0;0;0;0;0
FR;8;2022-04-29;0;0;0;0;0;0;0;0;0;0;0;0;0;0;0;0;0;0
FR;8;2022-04-30;0;0;0;0;0;0;0;0;0;0;0;0;0;0;0;0;0;0
FR;8;2022-05-01;0;0;0;0;0;0;0;0;0;0;0;0;0;0;0;0;0;0
FR;8;2022-05-02;0;0;0;0;0;0;0;0;0;0;0;0;0;0;0;0;0;0
FR;8;2022-05-03;0;0;0;0;0;0;0;0;0;0;0;0;0;0;0;0;0;0
FR;8;2022-05-04;0;0;0;0;0;0;0;0;0;0;0;0;0;0;0;0;0;0
FR;8;2022-05-05;0;0;0;0;0;0;0;0;0;0;0;0;0;0;0;0;0;0
FR;8;2022-05-06;0;0;0;0;0;0;0;0;0;0;0;0;0;0;0;0;0;0
FR;8;2022-05-07;0;0;0;0;0;0;0;0;0;0;0;0;0;0;0;0;0;0
FR;8;2022-05-08;0;0;0;0;0;0;0;0;0;0;0;0;0;0;0;0;0;0
FR;8;2022-05-09;0;0;0;0;0;0;0;0;0;0;0;0;0;0;0;0;0;0
FR;8;2022-05-10;0;0;0;0;0;0;0;0;0;0;0;0;0;0;0;0;0;0
FR;8;2022-05-11;0;0;0;0;0;0;0;0;0;0;0;0;0;0;0;0;0;0
FR;8;2022-05-12;0;0;0;0;0;0;0;0;0;0;0;0;0;0;0;0;0;0
FR;8;2022-05-13;0;0;0;0;0;0;0;0;0;0;0;0;0;0;0;0;0;0
FR;8;2022-05-14;0;0;0;0;0;0;0;0;0;0;0;0;0;0;0;0;0;0
FR;8;2022-05-15;0;0;0;0;0;0;0;0;0;0;0;0;0;0;0;0;0;0
FR;8;2022-05-16;0;0;0;0;0;0;0;0;0;0;0;0;0;0;0;0;0;0
FR;8;2022-05-17;0;0;0;0;0;0;0;0;0;0;0;0;0;0;0;0;0;0
FR;8;2022-05-18;0;0;0;0;0;0;0;0;0;0;0;0;0;0;0;0;0;0
FR;8;2022-05-19;0;0;0;0;0;0;0;0;0;0;0;0;0;0;0;0;0;0
FR;8;2022-05-20;0;0;0;0;0;0;0;0;0;0;0;0;0;0;0;0;0;0
FR;8;2022-05-21;0;0;0;0;0;0;0;0;0;0;0;0;0;0;0;0;0;0
FR;8;2022-05-22;0;0;0;0;0;0;0;0;0;0;0;0;0;0;0;0;0;0
FR;8;2022-05-23;0;0;0;0;0;0;0;0;0;0;0;0;0;0;0;0;0;0
FR;8;2022-05-24;0;0;0;0;0;0;0;0;0;0;0;0;0;0;0;0;0;0
FR;8;2022-05-25;0;0;0;0;0;0;0;0;0;0;0;0;0;0;0;0;0;0
FR;8;2022-05-26;0;0;0;0;0;0;0;0;0;0;0;0;0;0;0;0;0;0
FR;8;2022-05-27;0;0;0;0;0;0;0;0;0;0;0;0;0;0;0;0;0;0
FR;8;2022-05-28;0;0;0;0;0;0;0;0;0;0;0;0;0;0;0;0;0;0
FR;8;2022-05-29;0;0;0;0;0;0;0;0;0;0;0;0;0;0;0;0;0;0
FR;8;2022-05-30;0;0;0;0;0;0;0;0;0;0;0;0;0;0;0;0;0;0
FR;8;2022-05-31;0;0;0;0;0;0;0;0;0;0;0;0;0;0;0;0;0;0
FR;8;2022-06-01;0;0;0;0;0;0;0;0;0;0;0;0;0;0;0;0;0;0
FR;8;2022-06-02;0;0;0;0;0;0;0;0;0;0;0;0;0;0;0;0;0;0
FR;8;2022-06-03;0;0;0;0;0;0;0;0;0;0;0;0;0;0;0;0;0;0
FR;8;2022-06-04;0;0;0;0;0;0;0;0;0;0;0;0;0;0;0;0;0;0
FR;8;2022-06-05;0;0;0;0;0;0;0;0;0;0;0;0;0;0;0;0;0;0
FR;8;2022-06-06;0;0;0;0;0;0;0;0;0;0;0;0;0;0;0;0;0;0
FR;8;2022-06-07;0;0;0;0;0;0;0;0;0;0;0;0;0;0;0;0;0;0
FR;8;2022-06-08;0;0;0;0;0;0;0;0;0;0;0;0;0;0;0;0;0;0
FR;8;2022-06-09;0;0;0;0;0;0;0;0;0;0;0;0;0;0;0;0;0;0
FR;8;2022-06-10;0;0;0;0;0;0;0;0;0;0;0;0;0;0;0;0;0;0
FR;8;2022-06-11;0;0;0;0;0;0;0;0;0;0;0;0;0;0;0;0;0;0
FR;8;2022-06-12;0;0;0;0;0;0;0;0;0;0;0;0;0;0;0;0;0;0
FR;8;2022-06-13;0;0;0;0;0;0;0;0;0;0;0;0;0;0;0;0;0;0
FR;8;2022-06-14;0;0;0;0;0;0;0;0;0;0;0;0;0;0;0;0;0;0
FR;8;2022-06-15;0;0;0;0;0;0;0;0;0;0;0;0;0;0;0;0;0;0
FR;8;2022-06-16;0;0;0;0;0;0;0;0;0;0;0;0;0;0;0;0;0;0
FR;8;2022-06-17;0;0;0;0;0;0;0;0;0;0;0;0;0;0;0;0;0;0
FR;8;2022-06-18;0;0;0;0;0;0;0;0;0;0;0;0;0;0;0;0;0;0
FR;8;2022-06-19;0;0;0;0;0;0;0;0;0;0;0;0;0;0;0;0;0;0
FR;8;2022-06-20;0;0;0;0;0;0;0;0;0;0;0;0;0;0;0;0;0;0
FR;8;2022-06-21;0;0;0;0;0;0;0;0;0;0;0;0;0;0;0;0;0;0
FR;8;2022-06-22;0;0;0;0;0;0;0;0;0;0;0;0;0;0;0;0;0;0
FR;8;2022-06-23;0;0;0;0;0;0;0;0;0;0;0;0;0;0;0;0;0;0
FR;8;2022-06-24;0;0;0;0;0;0;0;0;0;0;0;0;0;0;0;0;0;0
FR;8;2022-06-25;0;0;0;0;0;0;0;0;0;0;0;0;0;0;0;0;0;0
FR;8;2022-06-26;0;0;0;0;0;0;0;0;0;0;0;0;0;0;0;0;0;0
FR;8;2022-06-27;0;0;0;0;0;0;0;0;0;0;0;0;0;0;0;0;0;0
FR;8;2022-06-28;0;0;0;0;0;0;0;0;0;0;0;0;0;0;0;0;0;0
FR;8;2022-06-29;0;0;0;0;0;0;0;0;0;0;0;0;0;0;0;0;0;0
FR;8;2022-06-30;0;0;0;0;0;0;0;0;0;0;0;0;0;0;0;0;0;0
FR;8;2022-07-01;0;0;0;0;0;0;0;0;0;0;0;0;0;0;0;0;0;0
FR;8;2022-07-02;0;0;0;0;0;0;0;0;0;0;0;0;0;0;0;0;0;0
FR;8;2022-07-03;0;0;0;0;0;0;0;0;0;0;0;0;0;0;0;0;0;0
FR;8;2022-07-04;0;0;0;0;0;0;0;0;0;0;0;0;0;0;0;0;0;0
FR;8;2022-07-05;0;0;0;0;0;0;0;0;0;0;0;0;0;0;0;0;0;0
FR;8;2022-07-06;0;0;0;0;0;0;0;0;0;0;0;0;0;0;0;0;0;0
FR;8;2022-07-07;0;0;0;0;0;0;0;0;0;0;0;0;0;0;0;0;0;0
FR;8;2022-07-08;0;0;0;0;0;0;0;0;0;0;0;0;0;0;0;0;0;0
FR;8;2022-07-09;0;0;0;0;0;0;0;0;0;0;0;0;0;0;0;0;0;0
FR;8;2022-07-10;0;0;0;0;0;0;0;0;0;0;0;0;0;0;0;0;0;0
FR;8;2022-07-11;0;0;0;0;0;0;0;0;0;0;0;0;0;0;0;0;0;0
FR;8;2022-07-12;0;0;0;0;0;0;0;0;0;0;0;0;0;0;0;0;0;0
FR;8;2022-07-13;0;0;0;0;0;0;0;0;0;0;0;0;0;0;0;0;0;0
FR;8;2022-07-14;0;0;0;0;0;0;0;0;0;0;0;0;0;0;0;0;0;0
FR;8;2022-07-15;0;0;0;0;0;0;0;0;0;0;0;0;0;0;0;0;0;0
FR;8;2022-07-16;0;0;0;0;0;0;0;0;0;0;0;0;0;0;0;0;0;0
FR;8;2022-07-17;0;0;0;0;0;0;0;0;0;0;0;0;0;0;0;0;0;0
FR;8;2022-07-18;0;0;0;0;0;0;0;0;0;0;0;0;0;0;0;0;0;0
FR;8;2022-07-19;0;0;0;0;0;0;0;0;0;0;0;0;0;0;0;0;0;0
FR;8;2022-07-20;0;0;0;0;0;0;0;0;0;0;0;0;0;0;0;0;0;0
FR;8;2022-07-21;0;0;0;0;0;0;0;0;0;0;0;0;0;0;0;0;0;0
FR;8;2022-07-22;0;0;0;0;0;0;0;0;0;0;0;0;0;0;0;0;0;0
FR;8;2022-07-23;0;0;0;0;0;0;0;0;0;0;0;0;0;0;0;0;0;0
FR;8;2022-07-24;0;0;0;0;0;0;0;0;0;0;0;0;0;0;0;0;0;0
FR;8;2022-07-25;0;0;0;0;0;0;0;0;0;0;0;0;0;0;0;0;0;0
FR;8;2022-07-26;0;0;0;0;0;0;0;0;0;0;0;0;0;0;0;0;0;0
FR;8;2022-07-27;0;0;0;0;0;0;0;0;0;0;0;0;0;0;0;0;0;0
FR;8;2022-07-28;0;0;0;0;0;0;0;0;0;0;0;0;0;0;0;0;0;0
FR;8;2022-07-29;0;0;0;0;0;0;0;0;0;0;0;0;0;0;0;0;0;0
FR;8;2022-07-30;0;0;0;0;0;0;0;0;0;0;0;0;0;0;0;0;0;0
FR;8;2022-07-31;0;0;0;0;0;0;0;0;0;0;0;0;0;0;0;0;0;0
FR;8;2022-08-01;0;0;0;0;0;0;0;0;0;0;0;0;0;0;0;0;0;0
FR;8;2022-08-02;0;0;0;0;0;0;0;0;0;0;0;0;0;0;0;0;0;0
FR;8;2022-08-03;0;0;0;0;0;0;0;0;0;0;0;0;0;0;0;0;0;0
FR;8;2022-08-04;0;0;0;0;0;0;0;0;0;0;0;0;0;0;0;0;0;0
FR;8;2022-08-05;0;0;0;0;0;0;0;0;0;0;0;0;0;0;0;0;0;0
FR;8;2022-08-06;0;0;0;0;0;0;0;0;0;0;0;0;0;0;0;0;0;0
FR;8;2022-08-07;0;0;0;0;0;0;0;0;0;0;0;0;0;0;0;0;0;0
FR;8;2022-08-08;0;0;0;0;0;0;0;0;0;0;0;0;0;0;0;0;0;0
FR;8;2022-08-09;0;0;0;0;0;0;0;0;0;0;0;0;0;0;0;0;0;0
FR;8;2022-08-10;0;0;0;0;0;0;0;0;0;0;0;0;0;0;0;0;0;0
FR;8;2022-08-11;0;0;0;0;0;0;0;0;0;0;0;0;0;0;0;0;0;0
FR;8;2022-08-12;0;0;0;0;0;0;0;0;0;0;0;0;0;0;0;0;0;0
FR;8;2022-08-13;0;0;0;0;0;0;0;0;0;0;0;0;0;0;0;0;0;0
FR;8;2022-08-14;0;0;0;0;0;0;0;0;0;0;0;0;0;0;0;0;0;0
FR;8;2022-08-15;0;0;0;0;0;0;0;0;0;0;0;0;0;0;0;0;0;0
FR;8;2022-08-16;0;0;0;0;0;0;0;0;0;0;0;0;0;0;0;0;0;0
FR;8;2022-08-17;0;0;0;0;0;0;0;0;0;0;0;0;0;0;0;0;0;0
FR;8;2022-08-18;0;0;0;0;0;0;0;0;0;0;0;0;0;0;0;0;0;0
FR;8;2022-08-19;0;0;0;0;0;0;0;0;0;0;0;0;0;0;0;0;0;0
FR;8;2022-08-20;0;0;0;0;0;0;0;0;0;0;0;0;0;0;0;0;0;0
FR;8;2022-08-21;0;0;0;0;0;0;0;0;0;0;0;0;0;0;0;0;0;0
FR;8;2022-08-22;0;0;0;0;0;0;0;0;0;0;0;0;0;0;0;0;0;0
FR;8;2022-08-23;0;0;0;0;0;0;0;0;0;0;0;0;0;0;0;0;0;0
FR;8;2022-08-24;0;0;0;0;0;0;0;0;0;0;0;0;0;0;0;0;0;0
FR;8;2022-08-25;0;0;0;0;0;0;0;0;0;0;0;0;0;0;0;0;0;0
FR;8;2022-08-26;0;0;0;0;0;0;0;0;0;0;0;0;0;0;0;0;0;0
FR;8;2022-08-27;0;0;0;0;0;0;0;0;0;0;0;0;0;0;0;0;0;0
FR;8;2022-08-28;0;0;0;0;0;0;0;0;0;0;0;0;0;0;0;0;0;0
FR;8;2022-08-29;0;0;0;0;0;0;0;0;0;0;0;0;0;0;0;0;0;0
FR;8;2022-08-30;0;0;0;0;0;0;0;0;0;0;0;0;0;0;0;0;0;0
FR;8;2022-08-31;0;0;0;0;0;0;0;0;0;0;0;0;0;0;0;0;0;0
FR;8;2022-09-01;0;0;0;0;0;0;0;0;0;0;0;0;0;0;0;0;0;0
FR;8;2022-09-02;0;0;0;0;0;0;0;0;0;0;0;0;0;0;0;0;0;0
FR;8;2022-09-03;0;0;0;0;0;0;0;0;0;0;0;0;0;0;0;0;0;0
FR;8;2022-09-04;0;0;0;0;0;0;0;0;0;0;0;0;0;0;0;0;0;0
FR;8;2022-09-05;0;0;0;0;0;0;0;0;0;0;0;0;0;0;0;0;0;0
FR;8;2022-09-06;0;0;0;0;0;0;0;0;0;0;0;0;0;0;0;0;0;0
FR;8;2022-09-07;0;0;0;0;0;0;0;0;0;0;0;0;0;0;0;0;0;0
FR;8;2022-09-08;0;0;0;0;0;0;0;0;0;0;0;0;0;0;0;0;0;0
FR;8;2022-09-09;0;0;0;0;0;0;0;0;0;0;0;0;0;0;0;0;0;0
FR;8;2022-09-10;0;0;0;0;0;0;0;0;0;0;0;0;0;0;0;0;0;0
FR;8;2022-09-11;0;0;0;0;0;0;0;0;0;0;0;0;0;0;0;0;0;0
FR;8;2022-09-12;0;0;0;0;0;0;0;0;0;0;0;0;0;0;0;0;0;0
FR;8;2022-09-13;0;0;0;0;0;0;0;0;0;0;0;0;0;0;0;0;0;0
FR;8;2022-09-14;0;0;0;0;0;0;0;0;0;0;0;0;0;0;0;0;0;0
FR;8;2022-09-15;0;0;0;0;0;0;0;0;0;0;0;0;0;0;0;0;0;0
FR;8;2022-09-16;0;0;0;0;0;0;0;0;0;0;0;0;0;0;0;0;0;0
FR;8;2022-09-17;0;0;0;0;0;0;0;0;0;0;0;0;0;0;0;0;0;0
FR;8;2022-09-18;0;0;0;0;0;0;0;0;0;0;0;0;0;0;0;0;0;0
FR;8;2022-09-19;0;0;0;0;0;0;0;0;0;0;0;0;0;0;0;0;0;0
FR;8;2022-09-20;0;0;0;0;0;0;0;0;0;0;0;0;0;0;0;0;0;0
FR;8;2022-09-21;0;0;0;0;0;0;0;0;0;0;0;0;0;0;0;0;0;0
FR;8;2022-09-22;0;0;0;0;0;0;0;0;0;0;0;0;0;0;0;0;0;0
FR;8;2022-09-23;0;0;0;0;0;0;0;0;0;0;0;0;0;0;0;0;0;0
FR;8;2022-09-24;0;0;0;0;0;0;0;0;0;0;0;0;0;0;0;0;0;0
FR;8;2022-09-25;0;0;0;0;0;0;0;0;0;0;0;0;0;0;0;0;0;0
FR;8;2022-09-26;0;0;0;0;0;0;0;0;0;0;0;0;0;0;0;0;0;0
FR;8;2022-09-27;0;0;0;0;0;0;0;0;0;0;0;0;0;0;0;0;0;0
FR;8;2022-09-28;0;0;0;0;0;0;0;0;0;0;0;0;0;0;0;0;0;0
FR;8;2022-09-29;0;0;0;0;0;0;0;0;0;0;0;0;0;0;0;0;0;0
FR;8;2022-09-30;0;0;0;0;0;0;0;0;0;0;0;0;0;0;0;0;0;0
FR;8;2022-10-01;0;0;0;0;0;0;0;0;0;0;0;0;0;0;0;0;0;0
FR;8;2022-10-02;0;0;0;0;0;0;0;0;0;0;0;0;0;0;0;0;0;0
FR;8;2022-10-03;0;0;0;0;0;0;0;0;0;0;0;0;0;0;0;0;0;0
FR;8;2022-10-04;0;0;0;0;0;0;0;0;0;0;0;0;0;0;0;0;0;0
FR;8;2022-10-05;0;0;0;0;0;0;0;0;0;0;0;0;0;0;0;0;0;0
FR;8;2022-10-06;7;17;113;859;8;82;865;1057;110;7;17;113;859;8;82;865;1057;110
FR;8;2022-10-07;71;101;842;8010;62;699;8064;9841;1071;78;118;955;8869;70;781;8929;10898;1181
FR;8;2022-10-08;35;115;610;4055;50;516;4107;5308;676;113;233;1565;12924;120;1297;13036;16206;1857
FR;8;2022-10-09;17;22;145;885;13;132;913;1233;184;130;255;1710;13809;133;1429;13949;17439;2041
FR;8;2022-10-10;117;192;1342;12681;106;1026;12920;16218;2251;247;447;3052;26490;239;2455;26869;33657;4292
FR;8;2022-10-11;179;261;2475;26915;135;2010;27187;33949;4715;426;708;5527;53405;374;4465;54056;67606;9007
FR;8;2022-10-12;153;255;1830;18230;149;1441;18465;23463;3533;579;963;7357;71635;523;5906;72521;91069;12540
FR;8;2022-10-13;206;277;2507;28038;174;1900;28402;35534;5204;785;1240;9864;99673;697;7806;100923;126603;17744
FR;8;2022-10-14;254;419;3271;36232;242;2555;36658;45558;6303;1039;1659;13135;135905;939;10361;137581;172161;24047
FR;8;2022-10-15;102;181;1203;8802;78;1001;8931;11782;1830;1141;1840;14338;144707;1017;11362;146512;183943;25877
FR;8;2022-10-16;34;54;248;1520;26;215;1555;2177;402;1175;1894;14586;146227;1043;11577;148067;186120;26279
FR;8;2022-10-17;157;310;2097;21761;173;1624;22069;28249;4534;1332;2204;16683;167988;1216;13201;170136;214369;30813
FR;8;2022-10-18;268;347;3354;37836;224;2652;38219;50754;9810;1600;2551;20037;205824;1440;15853;208355;265123;40623
FR;8;2022-10-19;193;313;2625;28279;182;2183;28608;38684;7832;1793;2864;22662;234103;1622;18036;236963;303807;48455
FR;8;2022-10-20;251;363;3574;41153;222;2639;41774;55628;11130;2044;3227;26236;275256;1844;20675;278737;359435;59585
FR;8;2022-10-21;324;489;4451;49377;276;3465;49977;66246;12707;2368;3716;30687;324633;2120;24140;328714;425681;72292
FR;8;2022-10-22;124;168;1230;10658;111;926;10847;14730;2939;2492;3884;31917;335291;2231;25066;339561;440411;75231
FR;8;2022-10-23;49;53;266;1760;48;197;1839;2605;568;2541;3937;32183;337051;2279;25263;341400;443016;75799
FR;8;2022-10-24;230;311;2474;24025;173;2071;24325;33494;7048;2771;4248;34657;361076;2452;27334;365725;476510;82847
FR;8;2022-10-25;306;412;4075;43398;255;3130;43996;61215;13986;3077;4660;38732;404474;2707;30464;409721;537725;96833
FR;8;2022-10-26;225;339;2861;28640;182;2364;28947;41262;9863;3302;4999;41593;433114;2889;32828;438668;578987;106696
FR;8;2022-10-27;273;414;3319;36101;241;2626;36589;51077;11797;3575;5413;44912;469215;3130;35454;475257;630064;118493
FR;8;2022-10-28;327;461;3823;39388;256;2858;40129;54978;11922;3902;5874;48735;508603;3386;38312;515386;685042;130415
FR;8;2022-10-29;109;165;1072;8222;94;801;8367;11851;2666;4011;6039;49807;516825;3480;39113;523753;696893;133081
FR;8;2022-10-30;40;53;209;1334;38;180;1379;2047;484;4051;6092;50016;518159;3518;39293;525132;698940;133565
FR;8;2022-10-31;195;256;1660;14515;140;1274;14781;21105;5032;4246;6348;51676;532674;3658;40567;539913;720045;138597
FR;8;2022-11-01;24;39;133;952;21;167;968;1589;452;4270;6387;51809;533626;3679;40734;540881;721634;139049
FR;8;2022-11-02;192;368;2369;23242;202;1967;23639;34922;9249;4462;6755;54178;556868;3881;42701;564520;756556;148298
FR;8;2022-11-03;308;415;3474;36876;254;2599;37513;54507;14296;4770;7170;57652;593744;4135;45300;602033;811063;162594
FR;8;2022-11-04;352;494;3779;40177;258;2971;40696;57920;14142;5122;7664;61431;633921;4393;48271;642729;868983;176736
FR;8;2022-11-05;113;182;1102;8754;117;849;8921;12870;3065;5235;7846;62533;642675;4510;49120;651650;881853;179801
FR;8;2022-11-06;41;56;223;1402;38;205;1435;2240;590;5276;7902;62756;644077;4548;49325;653085;884093;180391
FR;8;2022-11-07;226;274;2314;24693;200;1785;25276;37371;10242;5502;8176;65070;668770;4748;51110;678361;921464;190633
FR;8;2022-11-08;336;499;4321;48303;299;3251;49247;71343;18684;5838;8675;69391;717073;5047;54361;727608;992807;209317
FR;8;2022-11-09;257;366;2874;29143;207;2258;29821;44398;12236;6095;9041;72265;746216;5254;56619;757429;1037205;221553
FR;8;2022-11-10;361;529;3941;40173;302;3010;41091;60330;16091;6456;9570;76206;786389;5556;59629;798520;1097535;237644
FR;8;2022-11-11;39;63;242;1473;30;206;1518;2661;924;6495;9633;76448;787862;5586;59835;800038;1100196;238568
FR;8;2022-11-12;84;165;881;6428;79;686;6632;9889;2552;6579;9798;77329;794290;5665;60521;806670;1110085;241120
FR;8;2022-11-13;36;54;211;1108;34;171;1160;1916;579;6615;9852;77540;795398;5699;60692;807830;1112001;241699
FR;8;2022-11-14;226;302;2226;22373;161;1714;22907;34926;10231;6841;10154;79766;817771;5860;62406;830737;1146927;251930
FR;8;2022-11-15;336;419;3745;42173;252;2831;43093;64507;18452;7177;10573;83511;859944;6112;65237;873830;1211434;270382
FR;8;2022-11-16;295;345;2601;26332;211;2137;26799;41450;12430;7472;10918;86112;886276;6323;67374;900629;1252884;282812
FR;8;2022-11-17;359;425;3364;36744;284;2597;37327;56376;16355;7831;11343;89476;923020;6607;69971;937956;1309260;299167
FR;8;2022-11-18;341;461;4055;42225;279;2963;43071;63464;17326;8172;11804;93531;965245;6886;72934;981027;1372724;316493
FR;8;2022-11-19;119;178;1198;8947;115;837;9131;13764;3759;8291;11982;94729;974192;7001;73771;990158;1386488;320252
FR;8;2022-11-20;33;48;260;1583;33;216;1650;2643;773;8324;12030;94989;975775;7034;73987;991808;1389131;321025
FR;8;2022-11-21;210;299;2058;19976;172;1581;20495;31829;9690;8534;12329;97047;995751;7206;75568;1012303;1420960;330715
FR;8;2022-11-22;331;404;3449;37436;243;2652;37935;57834;17136;8865;12733;100496;1033187;7449;78220;1050238;1478794;347851
FR;8;2022-11-23;223;314;2398;24331;176;2002;24761;39029;12185;9088;13047;102894;1057518;7625;80222;1074999;1517823;360036
FR;8;2022-11-24;344;376;3359;34765;227;2569;35455;54958;16836;9432;13423;106253;1092283;7852;82791;1110454;1572781;376872
FR;8;2022-11-25;306;414;3619;37622;275;2610;38415;57592;16443;9738;13837;109872;1129905;8127;85401;1148869;1630373;393315
FR;8;2022-11-26;166;194;1176;8790;126;896;8951;13647;3769;9904;14031;111048;1138695;8253;86297;1157820;1644020;397084
FR;8;2022-11-27;44;40;226;1541;33;180;1556;2467;721;9948;14071;111274;1140236;8286;86477;1159376;1646487;397805
FR;8;2022-11-28;177;294;2293;23225;166;1686;23875;37013;11378;10125;14365;113567;1163461;8452;88163;1183251;1683500;409183
FR;8;2022-11-29;289;424;3939;43844;213;2916;44505;68727;21183;10414;14789;117506;1207305;8665;91079;1227756;1752227;430366
FR;8;2022-11-30;279;403;3342;34748;221;2521;35488;54469;16342;10693;15192;120848;1242053;8886;93600;1263244;1806696;446708
FR;8;2022-12-01;321;459;4409;48956;261;3044;49761;76972;24005;11014;15651;125257;1291009;9147;96644;1313005;1883668;470713
FR;8;2022-12-02;396;511;5402;58217;296;3712;59395;89367;26072;11410;16162;130659;1349226;9443;100356;1372400;1973035;496785
FR;8;2022-12-03;171;215;1906;16798;109;1316;17211;25738;7175;11581;16377;132565;1366024;9552;101672;1389611;1998773;503960
FR;8;2022-12-04;53;89;487;4035;59;402;4095;6253;1744;11634;16466;133052;1370059;9611;102074;1393706;2005026;505704
FR;8;2022-12-05;272;391;3813;42180;240;2479;43104;66545;20814;11906;16857;136865;1412239;9851;104553;1436810;2071571;526518
FR;8;2022-12-06;411;532;6271;73991;288;4193;75399;117257;37421;12317;17389;143136;1486230;10139;108746;1512209;2188828;563939
FR;8;2022-12-07;346;422;4870;54778;252;3207;55864;87152;27889;12663;17811;148006;1541008;10391;111953;1568073;2275980;591828
FR;8;2022-12-08;443;521;6378;75026;283;4141;76599;119702;38706;13106;18332;154384;1616034;10674;116094;1644672;2395682;630534
FR;8;2022-12-09;536;595;7950;90544;346;5140;92299;142197;44494;13642;18927;162334;1706578;11020;121234;1736971;2537879;675028
FR;8;2022-12-10;257;293;3327;31616;160;2076;32465;48565;13934;13899;19220;165661;1738194;11180;123310;1769436;2586444;688962
FR;8;2022-12-11;87;101;930;7831;65;635;8048;11837;3134;13986;19321;166591;1746025;11245;123945;1777484;2598281;692096
FR;8;2022-12-12;343;450;5809;64018;242;3683;65533;102732;33319;14329;19771;172400;1810043;11487;127628;1843017;2701013;725415
FR;8;2022-12-13;517;597;8362;98631;343;5158;101034;159184;52660;14846;20368;180762;1908674;11830;132786;1944051;2860197;778075
FR;8;2022-12-14;437;519;6289;69576;293;4107;71111;112328;36847;15283;20887;187051;1978250;12123;136893;2015162;2972525;814922
FR;8;2022-12-15;472;629;8046;91006;344;5047;93160;147707;49165;15755;21516;195097;2069256;12467;141940;2108322;3120232;864087
FR;8;2022-12-16;558;695;8781;99582;367;5626;101689;160536;52849;16313;22211;203878;2168838;12834;147566;2210011;3280768;916936
FR;8;2022-12-17;227;297;3115;29864;176;1979;30629;46404;13691;16540;22508;206993;2198702;13010;149545;2240640;3327172;930627
FR;8;2022-12-18;65;89;721;5908;43;490;6056;9188;2613;16605;22597;207714;2204610;13053;150035;2246696;3336360;933240
FR;8;2022-12-19;389;445;5288;53329;257;3314;54870;86877;28514;16994;23042;213002;2257939;13310;153349;2301566;3423237;961754
FR;8;2022-12-20;539;555;7250;75775;325;4674;77832;125460;42638;17533;23597;220252;2333714;13635;158023;2379398;3548697;1004392
FR;8;2022-12-21;395;458;4861;48132;266;3244;49379;80310;27501;17928;24055;225113;2381846;13901;161267;2428777;3629007;1031893
FR;8;2022-12-22;440;507;4474;43413;296;3080;44577;72978;25171;18368;24562;229587;2425259;14197;164347;2473354;3701985;1057064
FR;8;2022-12-23;288;360;2810;24636;224;2002;25295;41434;14025;18656;24922;232397;2449895;14421;166349;2498649;3743419;1071089
FR;8;2022-12-24;68;67;381;2486;39;283;2597;4020;1125;18724;24989;232778;2452381;14460;166632;2501246;3747439;1072214
FR;8;2022-12-25;27;26;95;517;21;73;536;861;249;18751;25015;232873;2452898;14481;166705;2501782;3748300;1072463
FR;8;2022-12-26;220;258;2112;15726;156;1468;16357;26053;8159;18971;25273;234985;2468624;14637;168173;2518139;3774353;1080622
FR;8;2022-12-27;359;433;3646;31731;241;2444;32791;53918;18541;19330;25706;238631;2500355;14878;170617;2550930;3828271;1099163
FR;8;2022-12-28;312;325;2797;23763;178;1937;24354;40015;13611;19642;26031;241428;2524118;15056;172554;2575284;3868286;1112774
FR;9;2020-12-27;0;0;0;0;0;0;0;0;0;0;0;0;0;0;0;0;0;0
FR;9;2020-12-28;0;0;0;0;0;0;0;0;0;0;0;0;0;0;0;0;0;0
FR;9;2020-12-29;0;0;0;0;0;0;0;0;0;0;0;0;0;0;0;0;0;0
FR;9;2020-12-30;0;0;0;0;0;0;0;0;0;0;0;0;0;0;0;0;0;0
FR;9;2020-12-31;0;0;0;0;0;0;0;0;0;0;0;0;0;0;0;0;0;0
FR;9;2021-01-01;0;0;0;0;0;0;0;0;0;0;0;0;0;0;0;0;0;0
FR;9;2021-01-02;0;0;0;0;0;0;0;0;0;0;0;0;0;0;0;0;0;0
FR;9;2021-01-03;0;0;0;0;0;0;0;0;0;0;0;0;0;0;0;0;0;0
FR;9;2021-01-04;0;0;0;0;0;0;0;0;0;0;0;0;0;0;0;0;0;0
FR;9;2021-01-05;0;0;0;0;0;0;0;0;0;0;0;0;0;0;0;0;0;0
FR;9;2021-01-06;0;0;0;0;0;0;0;0;0;0;0;0;0;0;0;0;0;0
FR;9;2021-01-07;0;0;0;0;0;0;0;0;0;0;0;0;0;0;0;0;0;0
FR;9;2021-01-08;0;0;0;0;0;0;0;0;0;0;0;0;0;0;0;0;0;0
FR;9;2021-01-09;0;0;0;0;0;0;0;0;0;0;0;0;0;0;0;0;0;0
FR;9;2021-01-10;0;0;0;0;0;0;0;0;0;0;0;0;0;0;0;0;0;0
FR;9;2021-01-11;0;0;0;0;0;0;0;0;0;0;0;0;0;0;0;0;0;0
FR;9;2021-01-12;0;0;0;0;0;0;0;0;0;0;0;0;0;0;0;0;0;0
FR;9;2021-01-13;0;0;0;0;0;0;0;0;0;0;0;0;0;0;0;0;0;0
FR;9;2021-01-14;0;0;0;0;0;0;0;0;0;0;0;0;0;0;0;0;0;0
FR;9;2021-01-15;0;0;0;0;0;0;0;0;0;0;0;0;0;0;0;0;0;0
FR;9;2021-01-16;0;0;0;0;0;0;0;0;0;0;0;0;0;0;0;0;0;0
FR;9;2021-01-17;0;0;0;0;0;0;0;0;0;0;0;0;0;0;0;0;0;0
FR;9;2021-01-18;0;0;0;0;0;0;0;0;0;0;0;0;0;0;0;0;0;0
FR;9;2021-01-19;0;0;0;0;0;0;0;0;0;0;0;0;0;0;0;0;0;0
FR;9;2021-01-20;0;0;0;0;0;0;0;0;0;0;0;0;0;0;0;0;0;0
FR;9;2021-01-21;0;0;0;0;0;0;0;0;0;0;0;0;0;0;0;0;0;0
FR;9;2021-01-22;0;0;0;0;0;0;0;0;0;0;0;0;0;0;0;0;0;0
FR;9;2021-01-23;0;0;0;0;0;0;0;0;0;0;0;0;0;0;0;0;0;0
FR;9;2021-01-24;0;0;0;0;0;0;0;0;0;0;0;0;0;0;0;0;0;0
FR;9;2021-01-25;0;0;0;0;0;0;0;0;0;0;0;0;0;0;0;0;0;0
FR;9;2021-01-26;0;0;0;0;0;0;0;0;0;0;0;0;0;0;0;0;0;0
FR;9;2021-01-27;0;0;0;0;0;0;0;0;0;0;0;0;0;0;0;0;0;0
FR;9;2021-01-28;0;0;0;0;0;0;0;0;0;0;0;0;0;0;0;0;0;0
FR;9;2021-01-29;0;0;0;0;0;0;0;0;0;0;0;0;0;0;0;0;0;0
FR;9;2021-01-30;0;0;0;0;0;0;0;0;0;0;0;0;0;0;0;0;0;0
FR;9;2021-01-31;0;0;0;0;0;0;0;0;0;0;0;0;0;0;0;0;0;0
FR;9;2021-02-01;0;0;0;0;0;0;0;0;0;0;0;0;0;0;0;0;0;0
FR;9;2021-02-02;0;0;0;0;0;0;0;0;0;0;0;0;0;0;0;0;0;0
FR;9;2021-02-03;0;0;0;0;0;0;0;0;0;0;0;0;0;0;0;0;0;0
FR;9;2021-02-04;0;0;0;0;0;0;0;0;0;0;0;0;0;0;0;0;0;0
FR;9;2021-02-05;0;0;0;0;0;0;0;0;0;0;0;0;0;0;0;0;0;0
FR;9;2021-02-06;0;0;0;0;0;0;0;0;0;0;0;0;0;0;0;0;0;0
FR;9;2021-02-07;0;0;0;0;0;0;0;0;0;0;0;0;0;0;0;0;0;0
FR;9;2021-02-08;0;0;0;0;0;0;0;0;0;0;0;0;0;0;0;0;0;0
FR;9;2021-02-09;0;0;0;0;0;0;0;0;0;0;0;0;0;0;0;0;0;0
FR;9;2021-02-10;0;0;0;0;0;0;0;0;0;0;0;0;0;0;0;0;0;0
FR;9;2021-02-11;0;0;0;0;0;0;0;0;0;0;0;0;0;0;0;0;0;0
FR;9;2021-02-12;0;0;0;0;0;0;0;0;0;0;0;0;0;0;0;0;0;0
FR;9;2021-02-13;0;0;0;0;0;0;0;0;0;0;0;0;0;0;0;0;0;0
FR;9;2021-02-14;0;0;0;0;0;0;0;0;0;0;0;0;0;0;0;0;0;0
FR;9;2021-02-15;0;0;0;0;0;0;0;0;0;0;0;0;0;0;0;0;0;0
FR;9;2021-02-16;0;0;0;0;0;0;0;0;0;0;0;0;0;0;0;0;0;0
FR;9;2021-02-17;0;0;0;0;0;0;0;0;0;0;0;0;0;0;0;0;0;0
FR;9;2021-02-18;0;0;0;0;0;0;0;0;0;0;0;0;0;0;0;0;0;0
FR;9;2021-02-19;0;0;0;0;0;0;0;0;0;0;0;0;0;0;0;0;0;0
FR;9;2021-02-20;0;0;0;0;0;0;0;0;0;0;0;0;0;0;0;0;0;0
FR;9;2021-02-21;0;0;0;0;0;0;0;0;0;0;0;0;0;0;0;0;0;0
FR;9;2021-02-22;0;0;0;0;0;0;0;0;0;0;0;0;0;0;0;0;0;0
FR;9;2021-02-23;0;0;0;0;0;0;0;0;0;0;0;0;0;0;0;0;0;0
FR;9;2021-02-24;0;0;0;0;0;0;0;0;0;0;0;0;0;0;0;0;0;0
FR;9;2021-02-25;0;0;0;0;0;0;0;0;0;0;0;0;0;0;0;0;0;0
FR;9;2021-02-26;0;0;0;0;0;0;0;0;0;0;0;0;0;0;0;0;0;0
FR;9;2021-02-27;0;0;0;0;0;0;0;0;0;0;0;0;0;0;0;0;0;0
FR;9;2021-02-28;0;0;0;0;0;0;0;0;0;0;0;0;0;0;0;0;0;0
FR;9;2021-03-01;0;0;0;0;0;0;0;0;0;0;0;0;0;0;0;0;0;0
FR;9;2021-03-02;0;0;0;0;0;0;0;0;0;0;0;0;0;0;0;0;0;0
FR;9;2021-03-03;0;0;0;0;0;0;0;0;0;0;0;0;0;0;0;0;0;0
FR;9;2021-03-04;0;0;0;0;0;0;0;0;0;0;0;0;0;0;0;0;0;0
FR;9;2021-03-05;0;0;0;0;0;0;0;0;0;0;0;0;0;0;0;0;0;0
FR;9;2021-03-06;0;0;0;0;0;0;0;0;0;0;0;0;0;0;0;0;0;0
FR;9;2021-03-07;0;0;0;0;0;0;0;0;0;0;0;0;0;0;0;0;0;0
FR;9;2021-03-08;0;0;0;0;0;0;0;0;0;0;0;0;0;0;0;0;0;0
FR;9;2021-03-09;0;0;0;0;0;0;0;0;0;0;0;0;0;0;0;0;0;0
FR;9;2021-03-10;0;0;0;0;0;0;0;0;0;0;0;0;0;0;0;0;0;0
FR;9;2021-03-11;0;0;0;0;0;0;0;0;0;0;0;0;0;0;0;0;0;0
FR;9;2021-03-12;0;0;0;0;0;0;0;0;0;0;0;0;0;0;0;0;0;0
FR;9;2021-03-13;0;0;0;0;0;0;0;0;0;0;0;0;0;0;0;0;0;0
FR;9;2021-03-14;0;0;0;0;0;0;0;0;0;0;0;0;0;0;0;0;0;0
FR;9;2021-03-15;0;0;0;0;0;0;0;0;0;0;0;0;0;0;0;0;0;0
FR;9;2021-03-16;0;0;0;0;0;0;0;0;0;0;0;0;0;0;0;0;0;0
FR;9;2021-03-17;0;0;0;0;0;0;0;0;0;0;0;0;0;0;0;0;0;0
FR;9;2021-03-18;0;0;0;0;0;0;0;0;0;0;0;0;0;0;0;0;0;0
FR;9;2021-03-19;0;0;0;0;0;0;0;0;0;0;0;0;0;0;0;0;0;0
FR;9;2021-03-20;0;0;0;0;0;0;0;0;0;0;0;0;0;0;0;0;0;0
FR;9;2021-03-21;0;0;0;0;0;0;0;0;0;0;0;0;0;0;0;0;0;0
FR;9;2021-03-22;0;0;0;0;0;0;0;0;0;0;0;0;0;0;0;0;0;0
FR;9;2021-03-23;0;0;0;0;0;0;0;0;0;0;0;0;0;0;0;0;0;0
FR;9;2021-03-24;0;0;0;0;0;0;0;0;0;0;0;0;0;0;0;0;0;0
FR;9;2021-03-25;0;0;0;0;0;0;0;0;0;0;0;0;0;0;0;0;0;0
FR;9;2021-03-26;0;0;0;0;0;0;0;0;0;0;0;0;0;0;0;0;0;0
FR;9;2021-03-27;0;0;0;0;0;0;0;0;0;0;0;0;0;0;0;0;0;0
FR;9;2021-03-28;0;0;0;0;0;0;0;0;0;0;0;0;0;0;0;0;0;0
FR;9;2021-03-29;0;0;0;0;0;0;0;0;0;0;0;0;0;0;0;0;0;0
FR;9;2021-03-30;0;0;0;0;0;0;0;0;0;0;0;0;0;0;0;0;0;0
FR;9;2021-03-31;0;0;0;0;0;0;0;0;0;0;0;0;0;0;0;0;0;0
FR;9;2021-04-01;0;0;0;0;0;0;0;0;0;0;0;0;0;0;0;0;0;0
FR;9;2021-04-02;0;0;0;0;0;0;0;0;0;0;0;0;0;0;0;0;0;0
FR;9;2021-04-03;0;0;0;0;0;0;0;0;0;0;0;0;0;0;0;0;0;0
FR;9;2021-04-04;0;0;0;0;0;0;0;0;0;0;0;0;0;0;0;0;0;0
FR;9;2021-04-05;0;0;0;0;0;0;0;0;0;0;0;0;0;0;0;0;0;0
FR;9;2021-04-06;0;0;0;0;0;0;0;0;0;0;0;0;0;0;0;0;0;0
FR;9;2021-04-07;0;0;0;0;0;0;0;0;0;0;0;0;0;0;0;0;0;0
FR;9;2021-04-08;0;0;0;0;0;0;0;0;0;0;0;0;0;0;0;0;0;0
FR;9;2021-04-09;0;0;0;0;0;0;0;0;0;0;0;0;0;0;0;0;0;0
FR;9;2021-04-10;0;0;0;0;0;0;0;0;0;0;0;0;0;0;0;0;0;0
FR;9;2021-04-11;0;0;0;0;0;0;0;0;0;0;0;0;0;0;0;0;0;0
FR;9;2021-04-12;0;0;0;0;0;0;0;0;0;0;0;0;0;0;0;0;0;0
FR;9;2021-04-13;0;0;0;0;0;0;0;0;0;0;0;0;0;0;0;0;0;0
FR;9;2021-04-14;0;0;0;0;0;0;0;0;0;0;0;0;0;0;0;0;0;0
FR;9;2021-04-15;0;0;0;0;0;0;0;0;0;0;0;0;0;0;0;0;0;0
FR;9;2021-04-16;0;0;0;0;0;0;0;0;0;0;0;0;0;0;0;0;0;0
FR;9;2021-04-17;0;0;0;0;0;0;0;0;0;0;0;0;0;0;0;0;0;0
FR;9;2021-04-18;0;0;0;0;0;0;0;0;0;0;0;0;0;0;0;0;0;0
FR;9;2021-04-19;0;0;0;0;0;0;0;0;0;0;0;0;0;0;0;0;0;0
FR;9;2021-04-20;0;0;0;0;0;0;0;0;0;0;0;0;0;0;0;0;0;0
FR;9;2021-04-21;0;0;0;0;0;0;0;0;0;0;0;0;0;0;0;0;0;0
FR;9;2021-04-22;0;0;0;0;0;0;0;0;0;0;0;0;0;0;0;0;0;0
FR;9;2021-04-23;0;0;0;0;0;0;0;0;0;0;0;0;0;0;0;0;0;0
FR;9;2021-04-24;0;0;0;0;0;0;0;0;0;0;0;0;0;0;0;0;0;0
FR;9;2021-04-25;0;0;0;0;0;0;0;0;0;0;0;0;0;0;0;0;0;0
FR;9;2021-04-26;0;0;0;0;0;0;0;0;0;0;0;0;0;0;0;0;0;0
FR;9;2021-04-27;0;0;0;0;0;0;0;0;0;0;0;0;0;0;0;0;0;0
FR;9;2021-04-28;0;0;0;0;0;0;0;0;0;0;0;0;0;0;0;0;0;0
FR;9;2021-04-29;0;0;0;0;0;0;0;0;0;0;0;0;0;0;0;0;0;0
FR;9;2021-04-30;0;0;0;0;0;0;0;0;0;0;0;0;0;0;0;0;0;0
FR;9;2021-05-01;0;0;0;0;0;0;0;0;0;0;0;0;0;0;0;0;0;0
FR;9;2021-05-02;0;0;0;0;0;0;0;0;0;0;0;0;0;0;0;0;0;0
FR;9;2021-05-03;0;0;0;0;0;0;0;0;0;0;0;0;0;0;0;0;0;0
FR;9;2021-05-04;0;0;0;0;0;0;0;0;0;0;0;0;0;0;0;0;0;0
FR;9;2021-05-05;0;0;0;0;0;0;0;0;0;0;0;0;0;0;0;0;0;0
FR;9;2021-05-06;0;0;0;0;0;0;0;0;0;0;0;0;0;0;0;0;0;0
FR;9;2021-05-07;0;0;0;0;0;0;0;0;0;0;0;0;0;0;0;0;0;0
FR;9;2021-05-08;0;0;0;0;0;0;0;0;0;0;0;0;0;0;0;0;0;0
FR;9;2021-05-09;0;0;0;0;0;0;0;0;0;0;0;0;0;0;0;0;0;0
FR;9;2021-05-10;0;0;0;0;0;0;0;0;0;0;0;0;0;0;0;0;0;0
FR;9;2021-05-11;0;0;0;0;0;0;0;0;0;0;0;0;0;0;0;0;0;0
FR;9;2021-05-12;0;0;0;0;0;0;0;0;0;0;0;0;0;0;0;0;0;0
FR;9;2021-05-13;0;0;0;0;0;0;0;0;0;0;0;0;0;0;0;0;0;0
FR;9;2021-05-14;0;0;0;0;0;0;0;0;0;0;0;0;0;0;0;0;0;0
FR;9;2021-05-15;0;0;0;0;0;0;0;0;0;0;0;0;0;0;0;0;0;0
FR;9;2021-05-16;0;0;0;0;0;0;0;0;0;0;0;0;0;0;0;0;0;0
FR;9;2021-05-17;0;0;0;0;0;0;0;0;0;0;0;0;0;0;0;0;0;0
FR;9;2021-05-18;0;0;0;0;0;0;0;0;0;0;0;0;0;0;0;0;0;0
FR;9;2021-05-19;0;0;0;0;0;0;0;0;0;0;0;0;0;0;0;0;0;0
FR;9;2021-05-20;0;0;0;0;0;0;0;0;0;0;0;0;0;0;0;0;0;0
FR;9;2021-05-21;0;0;0;0;0;0;0;0;0;0;0;0;0;0;0;0;0;0
FR;9;2021-05-22;0;0;0;0;0;0;0;0;0;0;0;0;0;0;0;0;0;0
FR;9;2021-05-23;0;0;0;0;0;0;0;0;0;0;0;0;0;0;0;0;0;0
FR;9;2021-05-24;0;0;0;0;0;0;0;0;0;0;0;0;0;0;0;0;0;0
FR;9;2021-05-25;0;0;0;0;0;0;0;0;0;0;0;0;0;0;0;0;0;0
FR;9;2021-05-26;0;0;0;0;0;0;0;0;0;0;0;0;0;0;0;0;0;0
FR;9;2021-05-27;0;0;0;0;0;0;0;0;0;0;0;0;0;0;0;0;0;0
FR;9;2021-05-28;0;0;0;0;0;0;0;0;0;0;0;0;0;0;0;0;0;0
FR;9;2021-05-29;0;0;0;0;0;0;0;0;0;0;0;0;0;0;0;0;0;0
FR;9;2021-05-30;0;0;0;0;0;0;0;0;0;0;0;0;0;0;0;0;0;0
FR;9;2021-05-31;0;0;0;0;0;0;0;0;0;0;0;0;0;0;0;0;0;0
FR;9;2021-06-01;0;0;0;0;0;0;0;0;0;0;0;0;0;0;0;0;0;0
FR;9;2021-06-02;0;0;0;0;0;0;0;0;0;0;0;0;0;0;0;0;0;0
FR;9;2021-06-03;0;0;0;0;0;0;0;0;0;0;0;0;0;0;0;0;0;0
FR;9;2021-06-04;0;0;0;0;0;0;0;0;0;0;0;0;0;0;0;0;0;0
FR;9;2021-06-05;0;0;0;0;0;0;0;0;0;0;0;0;0;0;0;0;0;0
FR;9;2021-06-06;0;0;0;0;0;0;0;0;0;0;0;0;0;0;0;0;0;0
FR;9;2021-06-07;0;0;0;0;0;0;0;0;0;0;0;0;0;0;0;0;0;0
FR;9;2021-06-08;0;0;0;0;0;0;0;0;0;0;0;0;0;0;0;0;0;0
FR;9;2021-06-09;0;0;0;0;0;0;0;0;0;0;0;0;0;0;0;0;0;0
FR;9;2021-06-10;0;0;0;0;0;0;0;0;0;0;0;0;0;0;0;0;0;0
FR;9;2021-06-11;0;0;0;0;0;0;0;0;0;0;0;0;0;0;0;0;0;0
FR;9;2021-06-12;0;0;0;0;0;0;0;0;0;0;0;0;0;0;0;0;0;0
FR;9;2021-06-13;0;0;0;0;0;0;0;0;0;0;0;0;0;0;0;0;0;0
FR;9;2021-06-14;0;0;0;0;0;0;0;0;0;0;0;0;0;0;0;0;0;0
FR;9;2021-06-15;0;0;0;0;0;0;0;0;0;0;0;0;0;0;0;0;0;0
FR;9;2021-06-16;0;0;0;0;0;0;0;0;0;0;0;0;0;0;0;0;0;0
FR;9;2021-06-17;0;0;0;0;0;0;0;0;0;0;0;0;0;0;0;0;0;0
FR;9;2021-06-18;0;0;0;0;0;0;0;0;0;0;0;0;0;0;0;0;0;0
FR;9;2021-06-19;0;0;0;0;0;0;0;0;0;0;0;0;0;0;0;0;0;0
FR;9;2021-06-20;0;0;0;0;0;0;0;0;0;0;0;0;0;0;0;0;0;0
FR;9;2021-06-21;0;0;0;0;0;0;0;0;0;0;0;0;0;0;0;0;0;0
FR;9;2021-06-22;0;0;0;0;0;0;0;0;0;0;0;0;0;0;0;0;0;0
FR;9;2021-06-23;0;0;0;0;0;0;0;0;0;0;0;0;0;0;0;0;0;0
FR;9;2021-06-24;0;0;0;0;0;0;0;0;0;0;0;0;0;0;0;0;0;0
FR;9;2021-06-25;0;0;0;0;0;0;0;0;0;0;0;0;0;0;0;0;0;0
FR;9;2021-06-26;0;0;0;0;0;0;0;0;0;0;0;0;0;0;0;0;0;0
FR;9;2021-06-27;0;0;0;0;0;0;0;0;0;0;0;0;0;0;0;0;0;0
FR;9;2021-06-28;0;0;0;0;0;0;0;0;0;0;0;0;0;0;0;0;0;0
FR;9;2021-06-29;0;0;0;0;0;0;0;0;0;0;0;0;0;0;0;0;0;0
FR;9;2021-06-30;0;0;0;0;0;0;0;0;0;0;0;0;0;0;0;0;0;0
FR;9;2021-07-01;0;0;0;0;0;0;0;0;0;0;0;0;0;0;0;0;0;0
FR;9;2021-07-02;0;0;0;0;0;0;0;0;0;0;0;0;0;0;0;0;0;0
FR;9;2021-07-03;0;0;0;0;0;0;0;0;0;0;0;0;0;0;0;0;0;0
FR;9;2021-07-04;0;0;0;0;0;0;0;0;0;0;0;0;0;0;0;0;0;0
FR;9;2021-07-05;0;0;0;0;0;0;0;0;0;0;0;0;0;0;0;0;0;0
FR;9;2021-07-06;0;0;0;0;0;0;0;0;0;0;0;0;0;0;0;0;0;0
FR;9;2021-07-07;0;0;0;0;0;0;0;0;0;0;0;0;0;0;0;0;0;0
FR;9;2021-07-08;0;0;0;0;0;0;0;0;0;0;0;0;0;0;0;0;0;0
FR;9;2021-07-09;0;0;0;0;0;0;0;0;0;0;0;0;0;0;0;0;0;0
FR;9;2021-07-10;0;0;0;0;0;0;0;0;0;0;0;0;0;0;0;0;0;0
FR;9;2021-07-11;0;0;0;0;0;0;0;0;0;0;0;0;0;0;0;0;0;0
FR;9;2021-07-12;0;0;0;0;0;0;0;0;0;0;0;0;0;0;0;0;0;0
FR;9;2021-07-13;0;0;0;0;0;0;0;0;0;0;0;0;0;0;0;0;0;0
FR;9;2021-07-14;0;0;0;0;0;0;0;0;0;0;0;0;0;0;0;0;0;0
FR;9;2021-07-15;0;0;0;0;0;0;0;0;0;0;0;0;0;0;0;0;0;0
FR;9;2021-07-16;0;0;0;0;0;0;0;0;0;0;0;0;0;0;0;0;0;0
FR;9;2021-07-17;0;0;0;0;0;0;0;0;0;0;0;0;0;0;0;0;0;0
FR;9;2021-07-18;0;0;0;0;0;0;0;0;0;0;0;0;0;0;0;0;0;0
FR;9;2021-07-19;0;0;0;0;0;0;0;0;0;0;0;0;0;0;0;0;0;0
FR;9;2021-07-20;0;0;0;0;0;0;0;0;0;0;0;0;0;0;0;0;0;0
FR;9;2021-07-21;0;0;0;0;0;0;0;0;0;0;0;0;0;0;0;0;0;0
FR;9;2021-07-22;0;0;0;0;0;0;0;0;0;0;0;0;0;0;0;0;0;0
FR;9;2021-07-23;0;0;0;0;0;0;0;0;0;0;0;0;0;0;0;0;0;0
FR;9;2021-07-24;0;0;0;0;0;0;0;0;0;0;0;0;0;0;0;0;0;0
FR;9;2021-07-25;0;0;0;0;0;0;0;0;0;0;0;0;0;0;0;0;0;0
FR;9;2021-07-26;0;0;0;0;0;0;0;0;0;0;0;0;0;0;0;0;0;0
FR;9;2021-07-27;0;0;0;0;0;0;0;0;0;0;0;0;0;0;0;0;0;0
FR;9;2021-07-28;0;0;0;0;0;0;0;0;0;0;0;0;0;0;0;0;0;0
FR;9;2021-07-29;0;0;0;0;0;0;0;0;0;0;0;0;0;0;0;0;0;0
FR;9;2021-07-30;0;0;0;0;0;0;0;0;0;0;0;0;0;0;0;0;0;0
FR;9;2021-07-31;0;0;0;0;0;0;0;0;0;0;0;0;0;0;0;0;0;0
FR;9;2021-08-01;0;0;0;0;0;0;0;0;0;0;0;0;0;0;0;0;0;0
FR;9;2021-08-02;0;0;0;0;0;0;0;0;0;0;0;0;0;0;0;0;0;0
FR;9;2021-08-03;0;0;0;0;0;0;0;0;0;0;0;0;0;0;0;0;0;0
FR;9;2021-08-04;0;0;0;0;0;0;0;0;0;0;0;0;0;0;0;0;0;0
FR;9;2021-08-05;0;0;0;0;0;0;0;0;0;0;0;0;0;0;0;0;0;0
FR;9;2021-08-06;0;0;0;0;0;0;0;0;0;0;0;0;0;0;0;0;0;0
FR;9;2021-08-07;0;0;0;0;0;0;0;0;0;0;0;0;0;0;0;0;0;0
FR;9;2021-08-08;0;0;0;0;0;0;0;0;0;0;0;0;0;0;0;0;0;0
FR;9;2021-08-09;0;0;0;0;0;0;0;0;0;0;0;0;0;0;0;0;0;0
FR;9;2021-08-10;0;0;0;0;0;0;0;0;0;0;0;0;0;0;0;0;0;0
FR;9;2021-08-11;0;0;0;0;0;0;0;0;0;0;0;0;0;0;0;0;0;0
FR;9;2021-08-12;0;0;0;0;0;0;0;0;0;0;0;0;0;0;0;0;0;0
FR;9;2021-08-13;0;0;0;0;0;0;0;0;0;0;0;0;0;0;0;0;0;0
FR;9;2021-08-14;0;0;0;0;0;0;0;0;0;0;0;0;0;0;0;0;0;0
FR;9;2021-08-15;0;0;0;0;0;0;0;0;0;0;0;0;0;0;0;0;0;0
FR;9;2021-08-16;0;0;0;0;0;0;0;0;0;0;0;0;0;0;0;0;0;0
FR;9;2021-08-17;0;0;0;0;0;0;0;0;0;0;0;0;0;0;0;0;0;0
FR;9;2021-08-18;0;0;0;0;0;0;0;0;0;0;0;0;0;0;0;0;0;0
FR;9;2021-08-19;0;0;0;0;0;0;0;0;0;0;0;0;0;0;0;0;0;0
FR;9;2021-08-20;0;0;0;0;0;0;0;0;0;0;0;0;0;0;0;0;0;0
FR;9;2021-08-21;0;0;0;0;0;0;0;0;0;0;0;0;0;0;0;0;0;0
FR;9;2021-08-22;0;0;0;0;0;0;0;0;0;0;0;0;0;0;0;0;0;0
FR;9;2021-08-23;0;0;0;0;0;0;0;0;0;0;0;0;0;0;0;0;0;0
FR;9;2021-08-24;0;0;0;0;0;0;0;0;0;0;0;0;0;0;0;0;0;0
FR;9;2021-08-25;0;0;0;0;0;0;0;0;0;0;0;0;0;0;0;0;0;0
FR;9;2021-08-26;0;0;0;0;0;0;0;0;0;0;0;0;0;0;0;0;0;0
FR;9;2021-08-27;0;0;0;0;0;0;0;0;0;0;0;0;0;0;0;0;0;0
FR;9;2021-08-28;0;0;0;0;0;0;0;0;0;0;0;0;0;0;0;0;0;0
FR;9;2021-08-29;0;0;0;0;0;0;0;0;0;0;0;0;0;0;0;0;0;0
FR;9;2021-08-30;0;0;0;0;0;0;0;0;0;0;0;0;0;0;0;0;0;0
FR;9;2021-08-31;0;0;0;0;0;0;0;0;0;0;0;0;0;0;0;0;0;0
FR;9;2021-09-01;0;0;0;0;0;0;0;0;0;0;0;0;0;0;0;0;0;0
FR;9;2021-09-02;0;0;0;0;0;0;0;0;0;0;0;0;0;0;0;0;0;0
FR;9;2021-09-03;0;0;0;0;0;0;0;0;0;0;0;0;0;0;0;0;0;0
FR;9;2021-09-04;0;0;0;0;0;0;0;0;0;0;0;0;0;0;0;0;0;0
FR;9;2021-09-05;0;0;0;0;0;0;0;0;0;0;0;0;0;0;0;0;0;0
FR;9;2021-09-06;0;0;0;0;0;0;0;0;0;0;0;0;0;0;0;0;0;0
FR;9;2021-09-07;0;0;0;0;0;0;0;0;0;0;0;0;0;0;0;0;0;0
FR;9;2021-09-08;0;0;0;0;0;0;0;0;0;0;0;0;0;0;0;0;0;0
FR;9;2021-09-09;0;0;0;0;0;0;0;0;0;0;0;0;0;0;0;0;0;0
FR;9;2021-09-10;0;0;0;0;0;0;0;0;0;0;0;0;0;0;0;0;0;0
FR;9;2021-09-11;0;0;0;0;0;0;0;0;0;0;0;0;0;0;0;0;0;0
FR;9;2021-09-12;0;0;0;0;0;0;0;0;0;0;0;0;0;0;0;0;0;0
FR;9;2021-09-13;0;0;0;0;0;0;0;0;0;0;0;0;0;0;0;0;0;0
FR;9;2021-09-14;0;0;0;0;0;0;0;0;0;0;0;0;0;0;0;0;0;0
FR;9;2021-09-15;0;0;0;0;0;0;0;0;0;0;0;0;0;0;0;0;0;0
FR;9;2021-09-16;0;0;0;0;0;0;0;0;0;0;0;0;0;0;0;0;0;0
FR;9;2021-09-17;0;0;0;0;0;0;0;0;0;0;0;0;0;0;0;0;0;0
FR;9;2021-09-18;0;0;0;0;0;0;0;0;0;0;0;0;0;0;0;0;0;0
FR;9;2021-09-19;0;0;0;0;0;0;0;0;0;0;0;0;0;0;0;0;0;0
FR;9;2021-09-20;0;0;0;0;0;0;0;0;0;0;0;0;0;0;0;0;0;0
FR;9;2021-09-21;0;0;0;0;0;0;0;0;0;0;0;0;0;0;0;0;0;0
FR;9;2021-09-22;0;0;0;0;0;0;0;0;0;0;0;0;0;0;0;0;0;0
FR;9;2021-09-23;0;0;0;0;0;0;0;0;0;0;0;0;0;0;0;0;0;0
FR;9;2021-09-24;0;0;0;0;0;0;0;0;0;0;0;0;0;0;0;0;0;0
FR;9;2021-09-25;0;0;0;0;0;0;0;0;0;0;0;0;0;0;0;0;0;0
FR;9;2021-09-26;0;0;0;0;0;0;0;0;0;0;0;0;0;0;0;0;0;0
FR;9;2021-09-27;0;0;0;0;0;0;0;0;0;0;0;0;0;0;0;0;0;0
FR;9;2021-09-28;0;0;0;0;0;0;0;0;0;0;0;0;0;0;0;0;0;0
FR;9;2021-09-29;0;0;0;0;0;0;0;0;0;0;0;0;0;0;0;0;0;0
FR;9;2021-09-30;0;0;0;0;0;0;0;0;0;0;0;0;0;0;0;0;0;0
FR;9;2021-10-01;0;0;0;0;0;0;0;0;0;0;0;0;0;0;0;0;0;0
FR;9;2021-10-02;0;0;0;0;0;0;0;0;0;0;0;0;0;0;0;0;0;0
FR;9;2021-10-03;0;0;0;0;0;0;0;0;0;0;0;0;0;0;0;0;0;0
FR;9;2021-10-04;0;0;0;0;0;0;0;0;0;0;0;0;0;0;0;0;0;0
FR;9;2021-10-05;0;0;0;0;0;0;0;0;0;0;0;0;0;0;0;0;0;0
FR;9;2021-10-06;0;0;0;0;0;0;0;0;0;0;0;0;0;0;0;0;0;0
FR;9;2021-10-07;0;0;0;0;0;0;0;0;0;0;0;0;0;0;0;0;0;0
FR;9;2021-10-08;0;0;0;0;0;0;0;0;0;0;0;0;0;0;0;0;0;0
FR;9;2021-10-09;0;0;0;0;0;0;0;0;0;0;0;0;0;0;0;0;0;0
FR;9;2021-10-10;0;0;0;0;0;0;0;0;0;0;0;0;0;0;0;0;0;0
FR;9;2021-10-11;0;0;0;0;0;0;0;0;0;0;0;0;0;0;0;0;0;0
FR;9;2021-10-12;0;0;0;0;0;0;0;0;0;0;0;0;0;0;0;0;0;0
FR;9;2021-10-13;0;0;0;0;0;0;0;0;0;0;0;0;0;0;0;0;0;0
FR;9;2021-10-14;0;0;0;0;0;0;0;0;0;0;0;0;0;0;0;0;0;0
FR;9;2021-10-15;0;0;0;0;0;0;0;0;0;0;0;0;0;0;0;0;0;0
FR;9;2021-10-16;0;0;0;0;0;0;0;0;0;0;0;0;0;0;0;0;0;0
FR;9;2021-10-17;0;0;0;0;0;0;0;0;0;0;0;0;0;0;0;0;0;0
FR;9;2021-10-18;0;0;0;0;0;0;0;0;0;0;0;0;0;0;0;0;0;0
FR;9;2021-10-19;0;0;0;0;0;0;0;0;0;0;0;0;0;0;0;0;0;0
FR;9;2021-10-20;0;0;0;0;0;0;0;0;0;0;0;0;0;0;0;0;0;0
FR;9;2021-10-21;0;0;0;0;0;0;0;0;0;0;0;0;0;0;0;0;0;0
FR;9;2021-10-22;0;0;0;0;0;0;0;0;0;0;0;0;0;0;0;0;0;0
FR;9;2021-10-23;0;0;0;0;0;0;0;0;0;0;0;0;0;0;0;0;0;0
FR;9;2021-10-24;0;0;0;0;0;0;0;0;0;0;0;0;0;0;0;0;0;0
FR;9;2021-10-25;0;0;0;0;0;0;0;0;0;0;0;0;0;0;0;0;0;0
FR;9;2021-10-26;0;0;0;0;0;0;0;0;0;0;0;0;0;0;0;0;0;0
FR;9;2021-10-27;0;0;0;0;0;0;0;0;0;0;0;0;0;0;0;0;0;0
FR;9;2021-10-28;0;0;0;0;0;0;0;0;0;0;0;0;0;0;0;0;0;0
FR;9;2021-10-29;0;0;0;0;0;0;0;0;0;0;0;0;0;0;0;0;0;0
FR;9;2021-10-30;0;0;0;0;0;0;0;0;0;0;0;0;0;0;0;0;0;0
FR;9;2021-10-31;0;0;0;0;0;0;0;0;0;0;0;0;0;0;0;0;0;0
FR;9;2021-11-01;0;0;0;0;0;0;0;0;0;0;0;0;0;0;0;0;0;0
FR;9;2021-11-02;0;0;0;0;0;0;0;0;0;0;0;0;0;0;0;0;0;0
FR;9;2021-11-03;0;0;0;0;0;0;0;0;0;0;0;0;0;0;0;0;0;0
FR;9;2021-11-04;0;0;0;0;0;0;0;0;0;0;0;0;0;0;0;0;0;0
FR;9;2021-11-05;0;0;0;0;0;0;0;0;0;0;0;0;0;0;0;0;0;0
FR;9;2021-11-06;0;0;0;0;0;0;0;0;0;0;0;0;0;0;0;0;0;0
FR;9;2021-11-07;0;0;0;0;0;0;0;0;0;0;0;0;0;0;0;0;0;0
FR;9;2021-11-08;0;0;0;0;0;0;0;0;0;0;0;0;0;0;0;0;0;0
FR;9;2021-11-09;0;0;0;0;0;0;0;0;0;0;0;0;0;0;0;0;0;0
FR;9;2021-11-10;0;0;0;0;0;0;0;0;0;0;0;0;0;0;0;0;0;0
FR;9;2021-11-11;0;0;0;0;0;0;0;0;0;0;0;0;0;0;0;0;0;0
FR;9;2021-11-12;0;0;0;0;0;0;0;0;0;0;0;0;0;0;0;0;0;0
FR;9;2021-11-13;0;0;0;0;0;0;0;0;0;0;0;0;0;0;0;0;0;0
FR;9;2021-11-14;0;0;0;0;0;0;0;0;0;0;0;0;0;0;0;0;0;0
FR;9;2021-11-15;0;0;0;0;0;0;0;0;0;0;0;0;0;0;0;0;0;0
FR;9;2021-11-16;0;0;0;0;0;0;0;0;0;0;0;0;0;0;0;0;0;0
FR;9;2021-11-17;0;0;0;0;0;0;0;0;0;0;0;0;0;0;0;0;0;0
FR;9;2021-11-18;0;0;0;0;0;0;0;0;0;0;0;0;0;0;0;0;0;0
FR;9;2021-11-19;0;0;0;0;0;0;0;0;0;0;0;0;0;0;0;0;0;0
FR;9;2021-11-20;0;0;0;0;0;0;0;0;0;0;0;0;0;0;0;0;0;0
FR;9;2021-11-21;0;0;0;0;0;0;0;0;0;0;0;0;0;0;0;0;0;0
FR;9;2021-11-22;0;0;0;0;0;0;0;0;0;0;0;0;0;0;0;0;0;0
FR;9;2021-11-23;0;0;0;0;0;0;0;0;0;0;0;0;0;0;0;0;0;0
FR;9;2021-11-24;0;0;0;0;0;0;0;0;0;0;0;0;0;0;0;0;0;0
FR;9;2021-11-25;0;0;0;0;0;0;0;0;0;0;0;0;0;0;0;0;0;0
FR;9;2021-11-26;0;0;0;0;0;0;0;0;0;0;0;0;0;0;0;0;0;0
FR;9;2021-11-27;0;0;0;0;0;0;0;0;0;0;0;0;0;0;0;0;0;0
FR;9;2021-11-28;0;0;0;0;0;0;0;0;0;0;0;0;0;0;0;0;0;0
FR;9;2021-11-29;0;0;0;0;0;0;0;0;0;0;0;0;0;0;0;0;0;0
FR;9;2021-11-30;0;0;0;0;0;0;0;0;0;0;0;0;0;0;0;0;0;0
FR;9;2021-12-01;0;0;0;0;0;0;0;0;0;0;0;0;0;0;0;0;0;0
FR;9;2021-12-02;0;0;0;0;0;0;0;0;0;0;0;0;0;0;0;0;0;0
FR;9;2021-12-03;0;0;0;0;0;0;0;0;0;0;0;0;0;0;0;0;0;0
FR;9;2021-12-04;0;0;0;0;0;0;0;0;0;0;0;0;0;0;0;0;0;0
FR;9;2021-12-05;0;0;0;0;0;0;0;0;0;0;0;0;0;0;0;0;0;0
FR;9;2021-12-06;0;0;0;0;0;0;0;0;0;0;0;0;0;0;0;0;0;0
FR;9;2021-12-07;0;0;0;0;0;0;0;0;0;0;0;0;0;0;0;0;0;0
FR;9;2021-12-08;0;0;0;0;0;0;0;0;0;0;0;0;0;0;0;0;0;0
FR;9;2021-12-09;0;0;0;0;0;0;0;0;0;0;0;0;0;0;0;0;0;0
FR;9;2021-12-10;0;0;0;0;0;0;0;0;0;0;0;0;0;0;0;0;0;0
FR;9;2021-12-11;0;0;0;0;0;0;0;0;0;0;0;0;0;0;0;0;0;0
FR;9;2021-12-12;0;0;0;0;0;0;0;0;0;0;0;0;0;0;0;0;0;0
FR;9;2021-12-13;0;0;0;0;0;0;0;0;0;0;0;0;0;0;0;0;0;0
FR;9;2021-12-14;0;0;0;0;0;0;0;0;0;0;0;0;0;0;0;0;0;0
FR;9;2021-12-15;0;0;0;0;0;0;0;0;0;0;0;0;0;0;0;0;0;0
FR;9;2021-12-16;0;0;0;0;0;0;0;0;0;0;0;0;0;0;0;0;0;0
FR;9;2021-12-17;0;0;0;0;0;0;0;0;0;0;0;0;0;0;0;0;0;0
FR;9;2021-12-18;0;0;0;0;0;0;0;0;0;0;0;0;0;0;0;0;0;0
FR;9;2021-12-19;0;0;0;0;0;0;0;0;0;0;0;0;0;0;0;0;0;0
FR;9;2021-12-20;0;0;0;0;0;0;0;0;0;0;0;0;0;0;0;0;0;0
FR;9;2021-12-21;0;0;0;0;0;0;0;0;0;0;0;0;0;0;0;0;0;0
FR;9;2021-12-22;0;0;0;0;0;0;0;0;0;0;0;0;0;0;0;0;0;0
FR;9;2021-12-23;0;0;0;0;0;0;0;0;0;0;0;0;0;0;0;0;0;0
FR;9;2021-12-24;0;0;0;0;0;0;0;0;0;0;0;0;0;0;0;0;0;0
FR;9;2021-12-25;0;0;0;0;0;0;0;0;0;0;0;0;0;0;0;0;0;0
FR;9;2021-12-26;0;0;0;0;0;0;0;0;0;0;0;0;0;0;0;0;0;0
FR;9;2021-12-27;0;0;0;0;0;0;0;0;0;0;0;0;0;0;0;0;0;0
FR;9;2021-12-28;0;0;0;0;0;0;0;0;0;0;0;0;0;0;0;0;0;0
FR;9;2021-12-29;0;0;0;0;0;0;0;0;0;0;0;0;0;0;0;0;0;0
FR;9;2021-12-30;0;0;0;0;0;0;0;0;0;0;0;0;0;0;0;0;0;0
FR;9;2021-12-31;0;0;0;0;0;0;0;0;0;0;0;0;0;0;0;0;0;0
FR;9;2022-01-01;0;0;0;0;0;0;0;0;0;0;0;0;0;0;0;0;0;0
FR;9;2022-01-02;0;0;0;0;0;0;0;0;0;0;0;0;0;0;0;0;0;0
FR;9;2022-01-03;0;0;0;0;0;0;0;0;0;0;0;0;0;0;0;0;0;0
FR;9;2022-01-04;0;0;0;0;0;0;0;0;0;0;0;0;0;0;0;0;0;0
FR;9;2022-01-05;0;0;0;0;0;0;0;0;0;0;0;0;0;0;0;0;0;0
FR;9;2022-01-06;0;0;0;0;0;0;0;0;0;0;0;0;0;0;0;0;0;0
FR;9;2022-01-07;0;0;0;0;0;0;0;0;0;0;0;0;0;0;0;0;0;0
FR;9;2022-01-08;0;0;0;0;0;0;0;0;0;0;0;0;0;0;0;0;0;0
FR;9;2022-01-09;0;0;0;0;0;0;0;0;0;0;0;0;0;0;0;0;0;0
FR;9;2022-01-10;0;0;0;0;0;0;0;0;0;0;0;0;0;0;0;0;0;0
FR;9;2022-01-11;0;0;0;0;0;0;0;0;0;0;0;0;0;0;0;0;0;0
FR;9;2022-01-12;0;0;0;0;0;0;0;0;0;0;0;0;0;0;0;0;0;0
FR;9;2022-01-13;0;0;0;0;0;0;0;0;0;0;0;0;0;0;0;0;0;0
FR;9;2022-01-14;0;0;0;0;0;0;0;0;0;0;0;0;0;0;0;0;0;0
FR;9;2022-01-15;0;0;0;0;0;0;0;0;0;0;0;0;0;0;0;0;0;0
FR;9;2022-01-16;0;0;0;0;0;0;0;0;0;0;0;0;0;0;0;0;0;0
FR;9;2022-01-17;0;0;0;0;0;0;0;0;0;0;0;0;0;0;0;0;0;0
FR;9;2022-01-18;0;0;0;0;0;0;0;0;0;0;0;0;0;0;0;0;0;0
FR;9;2022-01-19;0;0;0;0;0;0;0;0;0;0;0;0;0;0;0;0;0;0
FR;9;2022-01-20;0;0;0;0;0;0;0;0;0;0;0;0;0;0;0;0;0;0
FR;9;2022-01-21;0;0;0;0;0;0;0;0;0;0;0;0;0;0;0;0;0;0
FR;9;2022-01-22;0;0;0;0;0;0;0;0;0;0;0;0;0;0;0;0;0;0
FR;9;2022-01-23;0;0;0;0;0;0;0;0;0;0;0;0;0;0;0;0;0;0
FR;9;2022-01-24;0;0;0;0;0;0;0;0;0;0;0;0;0;0;0;0;0;0
FR;9;2022-01-25;0;0;0;0;0;0;0;0;0;0;0;0;0;0;0;0;0;0
FR;9;2022-01-26;0;0;0;0;0;0;0;0;0;0;0;0;0;0;0;0;0;0
FR;9;2022-01-27;0;0;0;0;0;0;0;0;0;0;0;0;0;0;0;0;0;0
FR;9;2022-01-28;0;0;0;0;0;0;0;0;0;0;0;0;0;0;0;0;0;0
FR;9;2022-01-29;0;0;0;0;0;0;0;0;0;0;0;0;0;0;0;0;0;0
FR;9;2022-01-30;0;0;0;0;0;0;0;0;0;0;0;0;0;0;0;0;0;0
FR;9;2022-01-31;0;0;0;0;0;0;0;0;0;0;0;0;0;0;0;0;0;0
FR;9;2022-02-01;0;0;0;0;0;0;0;0;0;0;0;0;0;0;0;0;0;0
FR;9;2022-02-02;0;0;0;0;0;0;0;0;0;0;0;0;0;0;0;0;0;0
FR;9;2022-02-03;0;0;0;0;0;0;0;0;0;0;0;0;0;0;0;0;0;0
FR;9;2022-02-04;0;0;0;0;0;0;0;0;0;0;0;0;0;0;0;0;0;0
FR;9;2022-02-05;0;0;0;0;0;0;0;0;0;0;0;0;0;0;0;0;0;0
FR;9;2022-02-06;0;0;0;0;0;0;0;0;0;0;0;0;0;0;0;0;0;0
FR;9;2022-02-07;0;0;0;0;0;0;0;0;0;0;0;0;0;0;0;0;0;0
FR;9;2022-02-08;0;0;0;0;0;0;0;0;0;0;0;0;0;0;0;0;0;0
FR;9;2022-02-09;0;0;0;0;0;0;0;0;0;0;0;0;0;0;0;0;0;0
FR;9;2022-02-10;0;0;0;0;0;0;0;0;0;0;0;0;0;0;0;0;0;0
FR;9;2022-02-11;0;0;0;0;0;0;0;0;0;0;0;0;0;0;0;0;0;0
FR;9;2022-02-12;0;0;0;0;0;0;0;0;0;0;0;0;0;0;0;0;0;0
FR;9;2022-02-13;0;0;0;0;0;0;0;0;0;0;0;0;0;0;0;0;0;0
FR;9;2022-02-14;0;0;0;0;0;0;0;0;0;0;0;0;0;0;0;0;0;0
FR;9;2022-02-15;0;0;0;0;0;0;0;0;0;0;0;0;0;0;0;0;0;0
FR;9;2022-02-16;0;0;0;0;0;0;0;0;0;0;0;0;0;0;0;0;0;0
FR;9;2022-02-17;0;0;0;0;0;0;0;0;0;0;0;0;0;0;0;0;0;0
FR;9;2022-02-18;0;0;0;0;0;0;0;0;0;0;0;0;0;0;0;0;0;0
FR;9;2022-02-19;0;0;0;0;0;0;0;0;0;0;0;0;0;0;0;0;0;0
FR;9;2022-02-20;0;0;0;0;0;0;0;0;0;0;0;0;0;0;0;0;0;0
FR;9;2022-02-21;0;0;0;0;0;0;0;0;0;0;0;0;0;0;0;0;0;0
FR;9;2022-02-22;0;0;0;0;0;0;0;0;0;0;0;0;0;0;0;0;0;0
FR;9;2022-02-23;0;0;0;0;0;0;0;0;0;0;0;0;0;0;0;0;0;0
FR;9;2022-02-24;0;0;0;0;0;0;0;0;0;0;0;0;0;0;0;0;0;0
FR;9;2022-02-25;0;0;0;0;0;0;0;0;0;0;0;0;0;0;0;0;0;0
FR;9;2022-02-26;0;0;0;0;0;0;0;0;0;0;0;0;0;0;0;0;0;0
FR;9;2022-02-27;0;0;0;0;0;0;0;0;0;0;0;0;0;0;0;0;0;0
FR;9;2022-02-28;0;0;0;0;0;0;0;0;0;0;0;0;0;0;0;0;0;0
FR;9;2022-03-01;0;0;0;0;0;0;0;0;0;0;0;0;0;0;0;0;0;0
FR;9;2022-03-02;0;0;0;0;0;0;0;0;0;0;0;0;0;0;0;0;0;0
FR;9;2022-03-03;0;0;0;0;0;0;0;0;0;0;0;0;0;0;0;0;0;0
FR;9;2022-03-04;0;0;0;0;0;0;0;0;0;0;0;0;0;0;0;0;0;0
FR;9;2022-03-05;0;0;0;0;0;0;0;0;0;0;0;0;0;0;0;0;0;0
FR;9;2022-03-06;0;0;0;0;0;0;0;0;0;0;0;0;0;0;0;0;0;0
FR;9;2022-03-07;0;0;0;0;0;0;0;0;0;0;0;0;0;0;0;0;0;0
FR;9;2022-03-08;0;0;0;0;0;0;0;0;0;0;0;0;0;0;0;0;0;0
FR;9;2022-03-09;0;0;0;0;0;0;0;0;0;0;0;0;0;0;0;0;0;0
FR;9;2022-03-10;0;0;0;0;0;0;0;0;0;0;0;0;0;0;0;0;0;0
FR;9;2022-03-11;0;0;0;0;0;0;0;0;0;0;0;0;0;0;0;0;0;0
FR;9;2022-03-12;0;0;0;0;0;0;0;0;0;0;0;0;0;0;0;0;0;0
FR;9;2022-03-13;0;0;0;0;0;0;0;0;0;0;0;0;0;0;0;0;0;0
FR;9;2022-03-14;0;0;0;0;0;0;0;0;0;0;0;0;0;0;0;0;0;0
FR;9;2022-03-15;0;0;0;0;0;0;0;0;0;0;0;0;0;0;0;0;0;0
FR;9;2022-03-16;0;0;0;0;0;0;0;0;0;0;0;0;0;0;0;0;0;0
FR;9;2022-03-17;0;0;0;0;0;0;0;0;0;0;0;0;0;0;0;0;0;0
FR;9;2022-03-18;0;0;0;0;0;0;0;0;0;0;0;0;0;0;0;0;0;0
FR;9;2022-03-19;0;0;0;0;0;0;0;0;0;0;0;0;0;0;0;0;0;0
FR;9;2022-03-20;0;0;0;0;0;0;0;0;0;0;0;0;0;0;0;0;0;0
FR;9;2022-03-21;0;0;0;0;0;0;0;0;0;0;0;0;0;0;0;0;0;0
FR;9;2022-03-22;0;0;0;0;0;0;0;0;0;0;0;0;0;0;0;0;0;0
FR;9;2022-03-23;0;0;0;0;0;0;0;0;0;0;0;0;0;0;0;0;0;0
FR;9;2022-03-24;0;0;0;0;0;0;0;0;0;0;0;0;0;0;0;0;0;0
FR;9;2022-03-25;0;0;0;0;0;0;0;0;0;0;0;0;0;0;0;0;0;0
FR;9;2022-03-26;0;0;0;0;0;0;0;0;0;0;0;0;0;0;0;0;0;0
FR;9;2022-03-27;0;0;0;0;0;0;0;0;0;0;0;0;0;0;0;0;0;0
FR;9;2022-03-28;0;0;0;0;0;0;0;0;0;0;0;0;0;0;0;0;0;0
FR;9;2022-03-29;0;0;0;0;0;0;0;0;0;0;0;0;0;0;0;0;0;0
FR;9;2022-03-30;0;0;0;0;0;0;0;0;0;0;0;0;0;0;0;0;0;0
FR;9;2022-03-31;0;0;0;0;0;0;0;0;0;0;0;0;0;0;0;0;0;0
FR;9;2022-04-01;0;0;0;0;0;0;0;0;0;0;0;0;0;0;0;0;0;0
FR;9;2022-04-02;0;0;0;0;0;0;0;0;0;0;0;0;0;0;0;0;0;0
FR;9;2022-04-03;0;0;0;0;0;0;0;0;0;0;0;0;0;0;0;0;0;0
FR;9;2022-04-04;0;0;0;0;0;0;0;0;0;0;0;0;0;0;0;0;0;0
FR;9;2022-04-05;0;0;0;0;0;0;0;0;0;0;0;0;0;0;0;0;0;0
FR;9;2022-04-06;0;0;0;0;0;0;0;0;0;0;0;0;0;0;0;0;0;0
FR;9;2022-04-07;0;0;0;0;0;0;0;0;0;0;0;0;0;0;0;0;0;0
FR;9;2022-04-08;0;0;0;0;0;0;0;0;0;0;0;0;0;0;0;0;0;0
FR;9;2022-04-09;0;0;0;0;0;0;0;0;0;0;0;0;0;0;0;0;0;0
FR;9;2022-04-10;0;0;0;0;0;0;0;0;0;0;0;0;0;0;0;0;0;0
FR;9;2022-04-11;0;0;0;0;0;0;0;0;0;0;0;0;0;0;0;0;0;0
FR;9;2022-04-12;0;0;0;0;0;0;0;0;0;0;0;0;0;0;0;0;0;0
FR;9;2022-04-13;0;0;0;0;0;0;0;0;0;0;0;0;0;0;0;0;0;0
FR;9;2022-04-14;0;0;0;0;0;0;0;0;0;0;0;0;0;0;0;0;0;0
FR;9;2022-04-15;0;0;0;0;0;0;0;0;0;0;0;0;0;0;0;0;0;0
FR;9;2022-04-16;0;0;0;0;0;0;0;0;0;0;0;0;0;0;0;0;0;0
FR;9;2022-04-17;0;0;0;0;0;0;0;0;0;0;0;0;0;0;0;0;0;0
FR;9;2022-04-18;0;0;0;0;0;0;0;0;0;0;0;0;0;0;0;0;0;0
FR;9;2022-04-19;0;0;0;0;0;0;0;0;0;0;0;0;0;0;0;0;0;0
FR;9;2022-04-20;0;0;0;0;0;0;0;0;0;0;0;0;0;0;0;0;0;0
FR;9;2022-04-21;0;0;0;0;0;0;0;0;0;0;0;0;0;0;0;0;0;0
FR;9;2022-04-22;0;0;0;0;0;0;0;0;0;0;0;0;0;0;0;0;0;0
FR;9;2022-04-23;0;0;0;0;0;0;0;0;0;0;0;0;0;0;0;0;0;0
FR;9;2022-04-24;0;0;0;0;0;0;0;0;0;0;0;0;0;0;0;0;0;0
FR;9;2022-04-25;0;0;0;0;0;0;0;0;0;0;0;0;0;0;0;0;0;0
FR;9;2022-04-26;0;0;0;0;0;0;0;0;0;0;0;0;0;0;0;0;0;0
FR;9;2022-04-27;0;0;0;0;0;0;0;0;0;0;0;0;0;0;0;0;0;0
FR;9;2022-04-28;0;0;0;0;0;0;0;0;0;0;0;0;0;0;0;0;0;0
FR;9;2022-04-29;0;0;0;0;0;0;0;0;0;0;0;0;0;0;0;0;0;0
FR;9;2022-04-30;0;0;0;0;0;0;0;0;0;0;0;0;0;0;0;0;0;0
FR;9;2022-05-01;0;0;0;0;0;0;0;0;0;0;0;0;0;0;0;0;0;0
FR;9;2022-05-02;0;0;0;0;0;0;0;0;0;0;0;0;0;0;0;0;0;0
FR;9;2022-05-03;0;0;0;0;0;0;0;0;0;0;0;0;0;0;0;0;0;0
FR;9;2022-05-04;0;0;0;0;0;0;0;0;0;0;0;0;0;0;0;0;0;0
FR;9;2022-05-05;0;0;0;0;0;0;0;0;0;0;0;0;0;0;0;0;0;0
FR;9;2022-05-06;0;0;0;0;0;0;0;0;0;0;0;0;0;0;0;0;0;0
FR;9;2022-05-07;0;0;0;0;0;0;0;0;0;0;0;0;0;0;0;0;0;0
FR;9;2022-05-08;0;0;0;0;0;0;0;0;0;0;0;0;0;0;0;0;0;0
FR;9;2022-05-09;0;0;0;0;0;0;0;0;0;0;0;0;0;0;0;0;0;0
FR;9;2022-05-10;0;0;0;0;0;0;0;0;0;0;0;0;0;0;0;0;0;0
FR;9;2022-05-11;0;0;0;0;0;0;0;0;0;0;0;0;0;0;0;0;0;0
FR;9;2022-05-12;0;0;0;0;0;0;0;0;0;0;0;0;0;0;0;0;0;0
FR;9;2022-05-13;0;0;0;0;0;0;0;0;0;0;0;0;0;0;0;0;0;0
FR;9;2022-05-14;0;0;0;0;0;0;0;0;0;0;0;0;0;0;0;0;0;0
FR;9;2022-05-15;0;0;0;0;0;0;0;0;0;0;0;0;0;0;0;0;0;0
FR;9;2022-05-16;0;0;0;0;0;0;0;0;0;0;0;0;0;0;0;0;0;0
FR;9;2022-05-17;0;0;0;0;0;0;0;0;0;0;0;0;0;0;0;0;0;0
FR;9;2022-05-18;0;0;0;0;0;0;0;0;0;0;0;0;0;0;0;0;0;0
FR;9;2022-05-19;0;0;0;0;0;0;0;0;0;0;0;0;0;0;0;0;0;0
FR;9;2022-05-20;0;0;0;0;0;0;0;0;0;0;0;0;0;0;0;0;0;0
FR;9;2022-05-21;0;0;0;0;0;0;0;0;0;0;0;0;0;0;0;0;0;0
FR;9;2022-05-22;0;0;0;0;0;0;0;0;0;0;0;0;0;0;0;0;0;0
FR;9;2022-05-23;0;0;0;0;0;0;0;0;0;0;0;0;0;0;0;0;0;0
FR;9;2022-05-24;0;0;0;0;0;0;0;0;0;0;0;0;0;0;0;0;0;0
FR;9;2022-05-25;0;0;0;0;0;0;0;0;0;0;0;0;0;0;0;0;0;0
FR;9;2022-05-26;0;0;0;0;0;0;0;0;0;0;0;0;0;0;0;0;0;0
FR;9;2022-05-27;0;0;0;0;0;0;0;0;0;0;0;0;0;0;0;0;0;0
FR;9;2022-05-28;0;0;0;0;0;0;0;0;0;0;0;0;0;0;0;0;0;0
FR;9;2022-05-29;0;0;0;0;0;0;0;0;0;0;0;0;0;0;0;0;0;0
FR;9;2022-05-30;0;0;0;0;0;0;0;0;0;0;0;0;0;0;0;0;0;0
FR;9;2022-05-31;0;0;0;0;0;0;0;0;0;0;0;0;0;0;0;0;0;0
FR;9;2022-06-01;0;0;0;0;0;0;0;0;0;0;0;0;0;0;0;0;0;0
FR;9;2022-06-02;0;0;0;0;0;0;0;0;0;0;0;0;0;0;0;0;0;0
FR;9;2022-06-03;0;0;0;0;0;0;0;0;0;0;0;0;0;0;0;0;0;0
FR;9;2022-06-04;0;0;0;0;0;0;0;0;0;0;0;0;0;0;0;0;0;0
FR;9;2022-06-05;0;0;0;0;0;0;0;0;0;0;0;0;0;0;0;0;0;0
FR;9;2022-06-06;0;0;0;0;0;0;0;0;0;0;0;0;0;0;0;0;0;0
FR;9;2022-06-07;0;0;0;0;0;0;0;0;0;0;0;0;0;0;0;0;0;0
FR;9;2022-06-08;0;0;0;0;0;0;0;0;0;0;0;0;0;0;0;0;0;0
FR;9;2022-06-09;0;0;0;0;0;0;0;0;0;0;0;0;0;0;0;0;0;0
FR;9;2022-06-10;0;0;0;0;0;0;0;0;0;0;0;0;0;0;0;0;0;0
FR;9;2022-06-11;0;0;0;0;0;0;0;0;0;0;0;0;0;0;0;0;0;0
FR;9;2022-06-12;0;0;0;0;0;0;0;0;0;0;0;0;0;0;0;0;0;0
FR;9;2022-06-13;0;0;0;0;0;0;0;0;0;0;0;0;0;0;0;0;0;0
FR;9;2022-06-14;0;0;0;0;0;0;0;0;0;0;0;0;0;0;0;0;0;0
FR;9;2022-06-15;0;0;0;0;0;0;0;0;0;0;0;0;0;0;0;0;0;0
FR;9;2022-06-16;0;0;0;0;0;0;0;0;0;0;0;0;0;0;0;0;0;0
FR;9;2022-06-17;0;0;0;0;0;0;0;0;0;0;0;0;0;0;0;0;0;0
FR;9;2022-06-18;0;0;0;0;0;0;0;0;0;0;0;0;0;0;0;0;0;0
FR;9;2022-06-19;0;0;0;0;0;0;0;0;0;0;0;0;0;0;0;0;0;0
FR;9;2022-06-20;0;0;0;0;0;0;0;0;0;0;0;0;0;0;0;0;0;0
FR;9;2022-06-21;0;0;0;0;0;0;0;0;0;0;0;0;0;0;0;0;0;0
FR;9;2022-06-22;0;0;0;0;0;0;0;0;0;0;0;0;0;0;0;0;0;0
FR;9;2022-06-23;0;0;0;0;0;0;0;0;0;0;0;0;0;0;0;0;0;0
FR;9;2022-06-24;0;0;0;0;0;0;0;0;0;0;0;0;0;0;0;0;0;0
FR;9;2022-06-25;0;0;0;0;0;0;0;0;0;0;0;0;0;0;0;0;0;0
FR;9;2022-06-26;0;0;0;0;0;0;0;0;0;0;0;0;0;0;0;0;0;0
FR;9;2022-06-27;0;0;0;0;0;0;0;0;0;0;0;0;0;0;0;0;0;0
FR;9;2022-06-28;0;0;0;0;0;0;0;0;0;0;0;0;0;0;0;0;0;0
FR;9;2022-06-29;0;0;0;0;0;0;0;0;0;0;0;0;0;0;0;0;0;0
FR;9;2022-06-30;0;0;0;0;0;0;0;0;0;0;0;0;0;0;0;0;0;0
FR;9;2022-07-01;0;0;0;0;0;0;0;0;0;0;0;0;0;0;0;0;0;0
FR;9;2022-07-02;0;0;0;0;0;0;0;0;0;0;0;0;0;0;0;0;0;0
FR;9;2022-07-03;0;0;0;0;0;0;0;0;0;0;0;0;0;0;0;0;0;0
FR;9;2022-07-04;0;0;0;0;0;0;0;0;0;0;0;0;0;0;0;0;0;0
FR;9;2022-07-05;0;0;0;0;0;0;0;0;0;0;0;0;0;0;0;0;0;0
FR;9;2022-07-06;0;0;0;0;0;0;0;0;0;0;0;0;0;0;0;0;0;0
FR;9;2022-07-07;0;0;0;0;0;0;0;0;0;0;0;0;0;0;0;0;0;0
FR;9;2022-07-08;0;0;0;0;0;0;0;0;0;0;0;0;0;0;0;0;0;0
FR;9;2022-07-09;0;0;0;0;0;0;0;0;0;0;0;0;0;0;0;0;0;0
FR;9;2022-07-10;0;0;0;0;0;0;0;0;0;0;0;0;0;0;0;0;0;0
FR;9;2022-07-11;0;0;0;0;0;0;0;0;0;0;0;0;0;0;0;0;0;0
FR;9;2022-07-12;0;0;0;0;0;0;0;0;0;0;0;0;0;0;0;0;0;0
FR;9;2022-07-13;0;0;0;0;0;0;0;0;0;0;0;0;0;0;0;0;0;0
FR;9;2022-07-14;0;0;0;0;0;0;0;0;0;0;0;0;0;0;0;0;0;0
FR;9;2022-07-15;0;0;0;0;0;0;0;0;0;0;0;0;0;0;0;0;0;0
FR;9;2022-07-16;0;0;0;0;0;0;0;0;0;0;0;0;0;0;0;0;0;0
FR;9;2022-07-17;0;0;0;0;0;0;0;0;0;0;0;0;0;0;0;0;0;0
FR;9;2022-07-18;0;0;0;0;0;0;0;0;0;0;0;0;0;0;0;0;0;0
FR;9;2022-07-19;0;0;0;0;0;0;0;0;0;0;0;0;0;0;0;0;0;0
FR;9;2022-07-20;0;0;0;0;0;0;0;0;0;0;0;0;0;0;0;0;0;0
FR;9;2022-07-21;0;0;0;0;0;0;0;0;0;0;0;0;0;0;0;0;0;0
FR;9;2022-07-22;0;0;0;0;0;0;0;0;0;0;0;0;0;0;0;0;0;0
FR;9;2022-07-23;0;0;0;0;0;0;0;0;0;0;0;0;0;0;0;0;0;0
FR;9;2022-07-24;0;0;0;0;0;0;0;0;0;0;0;0;0;0;0;0;0;0
FR;9;2022-07-25;0;0;0;0;0;0;0;0;0;0;0;0;0;0;0;0;0;0
FR;9;2022-07-26;0;0;0;0;0;0;0;0;0;0;0;0;0;0;0;0;0;0
FR;9;2022-07-27;0;0;0;0;0;0;0;0;0;0;0;0;0;0;0;0;0;0
FR;9;2022-07-28;0;0;0;0;0;0;0;0;0;0;0;0;0;0;0;0;0;0
FR;9;2022-07-29;0;0;0;0;0;0;0;0;0;0;0;0;0;0;0;0;0;0
FR;9;2022-07-30;0;0;0;0;0;0;0;0;0;0;0;0;0;0;0;0;0;0
FR;9;2022-07-31;0;0;0;0;0;0;0;0;0;0;0;0;0;0;0;0;0;0
FR;9;2022-08-01;0;0;0;0;0;0;0;0;0;0;0;0;0;0;0;0;0;0
FR;9;2022-08-02;0;0;0;0;0;0;0;0;0;0;0;0;0;0;0;0;0;0
FR;9;2022-08-03;0;0;0;0;0;0;0;0;0;0;0;0;0;0;0;0;0;0
FR;9;2022-08-04;0;0;0;0;0;0;0;0;0;0;0;0;0;0;0;0;0;0
FR;9;2022-08-05;0;0;0;0;0;0;0;0;0;0;0;0;0;0;0;0;0;0
FR;9;2022-08-06;0;0;0;0;0;0;0;0;0;0;0;0;0;0;0;0;0;0
FR;9;2022-08-07;0;0;0;0;0;0;0;0;0;0;0;0;0;0;0;0;0;0
FR;9;2022-08-08;0;0;0;0;0;0;0;0;0;0;0;0;0;0;0;0;0;0
FR;9;2022-08-09;0;0;0;0;0;0;0;0;0;0;0;0;0;0;0;0;0;0
FR;9;2022-08-10;0;0;0;0;0;0;0;0;0;0;0;0;0;0;0;0;0;0
FR;9;2022-08-11;0;0;0;0;0;0;0;0;0;0;0;0;0;0;0;0;0;0
FR;9;2022-08-12;0;0;0;0;0;0;0;0;0;0;0;0;0;0;0;0;0;0
FR;9;2022-08-13;0;0;0;0;0;0;0;0;0;0;0;0;0;0;0;0;0;0
FR;9;2022-08-14;0;0;0;0;0;0;0;0;0;0;0;0;0;0;0;0;0;0
FR;9;2022-08-15;0;0;0;0;0;0;0;0;0;0;0;0;0;0;0;0;0;0
FR;9;2022-08-16;0;0;0;0;0;0;0;0;0;0;0;0;0;0;0;0;0;0
FR;9;2022-08-17;0;0;0;0;0;0;0;0;0;0;0;0;0;0;0;0;0;0
FR;9;2022-08-18;0;0;0;0;0;0;0;0;0;0;0;0;0;0;0;0;0;0
FR;9;2022-08-19;0;0;0;0;0;0;0;0;0;0;0;0;0;0;0;0;0;0
FR;9;2022-08-20;0;0;0;0;0;0;0;0;0;0;0;0;0;0;0;0;0;0
FR;9;2022-08-21;0;0;0;0;0;0;0;0;0;0;0;0;0;0;0;0;0;0
FR;9;2022-08-22;0;0;0;0;0;0;0;0;0;0;0;0;0;0;0;0;0;0
FR;9;2022-08-23;0;0;0;0;0;0;0;0;0;0;0;0;0;0;0;0;0;0
FR;9;2022-08-24;0;0;0;0;0;0;0;0;0;0;0;0;0;0;0;0;0;0
FR;9;2022-08-25;0;0;0;0;0;0;0;0;0;0;0;0;0;0;0;0;0;0
FR;9;2022-08-26;0;0;0;0;0;0;0;0;0;0;0;0;0;0;0;0;0;0
FR;9;2022-08-27;0;0;0;0;0;0;0;0;0;0;0;0;0;0;0;0;0;0
FR;9;2022-08-28;0;0;0;0;0;0;0;0;0;0;0;0;0;0;0;0;0;0
FR;9;2022-08-29;0;0;0;0;0;0;0;0;0;0;0;0;0;0;0;0;0;0
FR;9;2022-08-30;0;0;0;0;0;0;0;0;0;0;0;0;0;0;0;0;0;0
FR;9;2022-08-31;0;0;0;0;0;0;0;0;0;0;0;0;0;0;0;0;0;0
FR;9;2022-09-01;0;0;0;0;0;0;0;0;0;0;0;0;0;0;0;0;0;0
FR;9;2022-09-02;0;0;0;0;0;0;0;0;0;0;0;0;0;0;0;0;0;0
FR;9;2022-09-03;0;0;0;0;0;0;0;0;0;0;0;0;0;0;0;0;0;0
FR;9;2022-09-04;0;0;0;0;0;0;0;0;0;0;0;0;0;0;0;0;0;0
FR;9;2022-09-05;0;0;0;0;0;0;0;0;0;0;0;0;0;0;0;0;0;0
FR;9;2022-09-06;0;0;0;0;0;0;0;0;0;0;0;0;0;0;0;0;0;0
FR;9;2022-09-07;0;0;0;0;0;0;0;0;0;0;0;0;0;0;0;0;0;0
FR;9;2022-09-08;0;0;0;0;0;0;0;0;0;0;0;0;0;0;0;0;0;0
FR;9;2022-09-09;0;0;0;0;0;0;0;0;0;0;0;0;0;0;0;0;0;0
FR;9;2022-09-10;0;0;0;0;0;0;0;0;0;0;0;0;0;0;0;0;0;0
FR;9;2022-09-11;0;0;0;0;0;0;0;0;0;0;0;0;0;0;0;0;0;0
FR;9;2022-09-12;0;0;0;0;0;0;0;0;0;0;0;0;0;0;0;0;0;0
FR;9;2022-09-13;0;0;0;0;0;0;0;0;0;0;0;0;0;0;0;0;0;0
FR;9;2022-09-14;0;0;0;0;0;0;0;0;0;0;0;0;0;0;0;0;0;0
FR;9;2022-09-15;0;0;0;0;0;0;0;0;0;0;0;0;0;0;0;0;0;0
FR;9;2022-09-16;0;0;0;0;0;0;0;0;0;0;0;0;0;0;0;0;0;0
FR;9;2022-09-17;0;0;0;0;0;0;0;0;0;0;0;0;0;0;0;0;0;0
FR;9;2022-09-18;0;0;0;0;0;0;0;0;0;0;0;0;0;0;0;0;0;0
FR;9;2022-09-19;0;0;0;0;0;0;0;0;0;0;0;0;0;0;0;0;0;0
FR;9;2022-09-20;0;0;0;0;0;0;0;0;0;0;0;0;0;0;0;0;0;0
FR;9;2022-09-21;0;0;0;0;0;0;0;0;0;0;0;0;0;0;0;0;0;0
FR;9;2022-09-22;0;0;0;0;0;0;0;0;0;0;0;0;0;0;0;0;0;0
FR;9;2022-09-23;0;0;0;0;0;0;0;0;0;0;0;0;0;0;0;0;0;0
FR;9;2022-09-24;0;0;0;0;0;0;0;0;0;0;0;0;0;0;0;0;0;0
FR;9;2022-09-25;0;0;0;0;0;0;0;0;0;0;0;0;0;0;0;0;0;0
FR;9;2022-09-26;0;0;0;0;0;0;0;0;0;0;0;0;0;0;0;0;0;0
FR;9;2022-09-27;0;0;0;0;0;0;0;0;0;0;0;0;0;0;0;0;0;0
FR;9;2022-09-28;0;0;0;0;0;0;0;0;0;0;0;0;0;0;0;0;0;0
FR;9;2022-09-29;1;1;8;31;0;6;33;41;2;1;1;8;31;0;6;33;41;2
FR;9;2022-09-30;5;12;60;606;6;47;613;713;51;6;13;68;637;6;53;646;754;53
FR;9;2022-10-01;9;1;43;327;2;26;335;396;35;15;14;111;964;8;79;981;1150;88
FR;9;2022-10-02;1;1;5;50;0;4;51;66;11;16;15;116;1014;8;83;1032;1216;99
FR;9;2022-10-03;10;16;151;1713;10;129;1707;2073;234;26;31;267;2727;18;212;2739;3289;333
FR;9;2022-10-04;20;48;353;3952;18;228;4020;4702;450;46;79;620;6679;36;440;6759;7991;783
FR;9;2022-10-05;27;19;269;2997;16;203;3010;3655;433;73;98;889;9676;52;643;9769;11646;1216
FR;9;2022-10-06;23;34;399;4598;17;300;4631;5608;672;96;132;1288;14274;69;943;14400;17254;1888
FR;9;2022-10-07;29;50;499;5704;19;384;5718;7027;923;125;182;1787;19978;88;1327;20118;24281;2811
FR;9;2022-10-08;10;18;128;1089;8;86;1107;1387;190;135;200;1915;21067;96;1413;21225;25668;3001
FR;9;2022-10-09;1;7;22;197;1;29;198;277;50;136;207;1937;21264;97;1442;21423;25945;3051
FR;9;2022-10-10;11;26;207;2572;14;181;2576;3296;533;147;233;2144;23836;111;1623;23999;29241;3584
FR;9;2022-10-11;31;40;424;5043;27;312;5024;6197;851;178;273;2568;28879;138;1935;29023;35438;4435
FR;9;2022-10-12;22;26;297;2987;16;212;3044;3830;572;200;299;2865;31866;154;2147;32067;39268;5007
FR;9;2022-10-13;25;42;374;3980;16;245;4036;5027;740;225;341;3239;35846;170;2392;36103;44295;5747
FR;9;2022-10-14;27;26;381;4427;12;293;4411;5553;838;252;367;3620;40273;182;2685;40514;49848;6585
FR;9;2022-10-15;14;8;101;1051;7;79;1028;1307;198;266;375;3721;41324;189;2764;41542;51155;6783
FR;9;2022-10-16;4;1;9;131;2;12;125;167;28;270;376;3730;41455;191;2776;41667;51322;6811
FR;9;2022-10-17;4;22;165;1875;11;127;1883;2492;475;274;398;3895;43330;202;2903;43550;53814;7286
FR;9;2022-10-18;36;28;316;3429;17;235;3453;4652;955;310;426;4211;46759;219;3138;47003;58466;8241
FR;9;2022-10-19;22;19;262;2687;16;174;2717;3725;819;332;445;4473;49446;235;3312;49720;62191;9060
FR;9;2022-10-20;21;22;308;3625;8;232;3626;4798;932;353;467;4781;53071;243;3544;53346;66989;9992
FR;9;2022-10-21;14;31;324;3525;10;226;3543;4636;859;367;498;5105;56596;253;3770;56889;71625;10851
FR;9;2022-10-22;10;11;90;914;8;62;919;1193;207;377;509;5195;57510;261;3832;57808;72818;11058
FR;9;2022-10-23;2;2;17;99;2;10;104;147;33;379;511;5212;57609;263;3842;57912;72965;11091
FR;9;2022-10-24;7;17;158;1362;6;104;1430;1934;395;386;528;5370;58971;269;3946;59342;74899;11486
FR;9;2022-10-25;18;22;227;2837;16;188;2846;3908;871;404;550;5597;61808;285;4134;62188;78807;12357
FR;9;2022-10-26;14;16;169;1797;13;123;1810;2519;584;418;566;5766;63605;298;4257;63998;81326;12941
FR;9;2022-10-27;9;26;230;2291;15;173;2324;3170;662;427;592;5996;65896;313;4430;66322;84496;13603
FR;9;2022-10-28;18;27;224;2277;17;151;2303;3141;680;445;619;6220;68173;330;4581;68625;87637;14283
FR;9;2022-10-29;12;8;55;505;5;46;496;662;119;457;627;6275;68678;335;4627;69121;88299;14402
FR;9;2022-10-30;2;1;8;58;1;8;58;82;16;459;628;6283;68736;336;4635;69179;88381;14418
FR;9;2022-10-31;13;7;105;658;9;59;693;986;232;472;635;6388;69394;345;4694;69872;89367;14650
FR;9;2022-11-01;1;1;15;43;0;11;49;71;11;473;636;6403;69437;345;4705;69921;89438;14661
FR;9;2022-11-02;7;12;102;1025;4;76;1043;1574;451;480;648;6505;70462;349;4781;70964;91012;15112
FR;9;2022-11-03;17;17;155;1583;15;90;1631;2325;594;497;665;6660;72045;364;4871;72595;93337;15706
FR;9;2022-11-04;21;19;193;1746;15;120;1795;2521;601;518;684;6853;73791;379;4991;74390;95858;16307
FR;9;2022-11-05;8;10;58;403;9;39;424;573;107;526;694;6911;74194;388;5030;74814;96431;16414
FR;9;2022-11-06;5;4;5;61;6;2;60;87;25;531;698;6916;74255;394;5032;74874;96518;16439
FR;9;2022-11-07;16;19;88;923;16;109;929;1468;424;547;717;7004;75178;410;5141;75803;97986;16863
FR;9;2022-11-08;10;19;164;1800;13;132;1795;2634;702;557;736;7168;76978;423;5273;77598;100620;17565
FR;9;2022-11-09;16;16;123;1260;9;98;1321;1877;453;573;752;7291;78238;432;5371;78919;102497;18018
FR;9;2022-11-10;13;21;158;1620;13;137;1613;2272;518;586;773;7449;79858;445;5508;80532;104769;18536
FR;9;2022-11-11;1;1;13;81;1;6;83;123;34;587;774;7462;79939;446;5514;80615;104892;18570
FR;9;2022-11-12;5;8;44;259;7;19;278;395;97;592;782;7506;80198;453;5533;80893;105287;18667
FR;9;2022-11-13;2;0;4;30;0;4;31;51;16;594;782;7510;80228;453;5537;80924;105338;18683
FR;9;2022-11-14;11;12;56;707;11;44;722;1107;338;605;794;7566;80935;464;5581;81646;106445;19021
FR;9;2022-11-15;18;16;146;1322;7;103;1329;2074;636;623;810;7712;82257;471;5684;82975;108519;19657
FR;9;2022-11-16;10;4;99;979;7;58;997;1488;429;633;814;7811;83236;478;5742;83972;110007;20086
FR;9;2022-11-17;9;16;125;1079;11;76;1104;1685;500;642;830;7936;84315;489;5818;85076;111692;20586
FR;9;2022-11-18;7;16;119;1436;5;77;1451;2021;491;649;846;8055;85751;494;5895;86527;113713;21077
FR;9;2022-11-19;3;5;50;364;1;27;350;488;106;652;851;8105;86115;495;5922;86877;114201;21183
FR;9;2022-11-20;1;0;5;37;0;3;35;54;16;653;851;8110;86152;495;5925;86912;114255;21199
FR;9;2022-11-21;9;12;66;636;5;51;639;960;263;662;863;8176;86788;500;5976;87551;115215;21462
FR;9;2022-11-22;15;12;121;1037;13;74;1067;1591;448;677;875;8297;87825;513;6050;88618;116806;21910
FR;9;2022-11-23;7;10;67;712;5;33;738;1136;360;684;885;8364;88537;518;6083;89356;117942;22270
FR;9;2022-11-24;8;19;93;977;14;68;990;1470;406;692;904;8457;89514;532;6151;90346;119412;22676
FR;9;2022-11-25;8;10;106;1173;8;81;1189;1742;471;700;914;8563;90687;540;6232;91535;121154;23147
FR;9;2022-11-26;6;6;35;217;7;24;211;307;68;706;920;8598;90904;547;6256;91746;121461;23215
FR;9;2022-11-27;1;1;6;42;0;2;46;82;34;707;921;8604;90946;547;6258;91792;121543;23249
FR;9;2022-11-28;5;7;98;689;7;57;716;1107;329;712;928;8702;91635;554;6315;92508;122650;23578
FR;9;2022-11-29;5;17;139;1295;6;87;1322;1930;516;717;945;8841;92930;560;6402;93830;124580;24094
FR;9;2022-11-30;9;12;99;1026;5;76;1049;1599;469;726;957;8940;93956;565;6478;94879;126179;24563
FR;9;2022-12-01;16;14;111;1329;8;80;1314;1938;540;742;971;9051;95285;573;6558;96193;128117;25103
FR;9;2022-12-02;10;13;192;1814;10;107;1814;2625;698;752;984;9243;97099;583;6665;98007;130742;25801
FR;9;2022-12-03;7;9;78;617;5;40;631;884;207;759;993;9321;97716;588;6705;98638;131626;26008
FR;9;2022-12-04;9;4;15;105;5;8;105;153;40;768;997;9336;97821;593;6713;98743;131779;26048
FR;9;2022-12-05;19;24;144;1404;17;98;1420;2105;580;787;1021;9480;99225;610;6811;100163;133884;26628
FR;9;2022-12-06;30;21;261;2436;20;146;2530;3783;1089;817;1042;9741;101661;630;6957;102693;137667;27717
FR;9;2022-12-07;15;22;180;1843;20;111;1885;2815;811;832;1064;9921;103504;650;7068;104578;140482;28528
FR;9;2022-12-08;13;22;218;2377;15;119;2433;3610;1042;845;1086;10139;105881;665;7187;107011;144092;29570
FR;9;2022-12-09;14;25;287;2870;10;143;2962;4296;1183;859;1111;10426;108751;675;7330;109973;148388;30753
FR;9;2022-12-10;12;12;122;1319;4;56;1342;1812;408;871;1123;10548;110070;679;7386;111315;150200;31161
FR;9;2022-12-11;5;4;21;277;5;10;283;363;66;876;1127;10569;110347;684;7396;111598;150563;31227
FR;9;2022-12-12;17;13;216;1952;12;108;2027;2878;738;893;1140;10785;112299;696;7504;113625;153441;31965
FR;9;2022-12-13;27;22;316;3073;14;151;3208;4699;1329;920;1162;11101;115372;710;7655;116833;158140;33294
FR;9;2022-12-14;15;10;186;2300;8;91;2367;3448;973;935;1172;11287;117672;718;7746;119200;161588;34267
FR;9;2022-12-15;17;23;248;2563;12;137;2638;4011;1226;952;1195;11535;120235;730;7883;121838;165599;35493
FR;9;2022-12-16;14;29;290;3045;21;163;3131;4542;1239;966;1224;11825;123280;751;8046;124969;170141;36732
FR;9;2022-12-17;8;12;106;1188;7;49;1205;1650;392;974;1236;11931;124468;758;8095;126174;171791;37124
FR;9;2022-12-18;1;7;30;242;6;14;248;330;67;975;1243;11961;124710;764;8109;126422;172121;37191
FR;9;2022-12-19;20;20;149;1599;14;78;1631;2505;787;995;1263;12110;126309;778;8187;128053;174626;37978
FR;9;2022-12-20;21;19;232;2299;6;114;2342;3692;1225;1016;1282;12342;128608;784;8301;130395;178318;39203
FR;9;2022-12-21;6;14;138;1446;7;64;1503;2304;731;1022;1296;12480;130054;791;8365;131898;180622;39934
FR;9;2022-12-22;16;5;132;1352;8;65;1367;2046;606;1038;1301;12612;131406;799;8430;133265;182668;40540
FR;9;2022-12-23;11;14;76;724;8;50;726;1088;306;1049;1315;12688;132130;807;8480;133991;183756;40846
FR;9;2022-12-24;1;3;12;95;2;5;97;136;34;1050;1318;12700;132225;809;8485;134088;183892;40880
FR;9;2022-12-25;1;0;5;5;0;4;6;12;2;1051;1318;12705;132230;809;8489;134094;183904;40882
FR;9;2022-12-26;16;6;63;544;9;37;550;823;233;1067;1324;12768;132774;818;8526;134644;184727;41115
FR;9;2022-12-27;10;29;95;861;12;66;895;1386;419;1077;1353;12863;133635;830;8592;135539;186113;41534
FR;9;2022-12-28;7;7;77;700;6;39;715;1096;338;1084;1360;12940;134335;836;8631;136254;187209;41872
FR;10;2020-12-27;0;0;0;0;0;0;0;0;0;0;0;0;0;0;0;0;0;0
FR;10;2020-12-28;0;0;0;0;0;0;0;0;0;0;0;0;0;0;0;0;0;0
FR;10;2020-12-29;0;0;0;0;0;0;0;0;0;0;0;0;0;0;0;0;0;0
FR;10;2020-12-30;0;0;0;0;0;0;0;0;0;0;0;0;0;0;0;0;0;0
FR;10;2020-12-31;0;0;0;0;0;0;0;0;0;0;0;0;0;0;0;0;0;0
FR;10;2021-01-01;0;0;0;0;0;0;0;0;0;0;0;0;0;0;0;0;0;0
FR;10;2021-01-02;0;0;0;0;0;0;0;0;0;0;0;0;0;0;0;0;0;0
FR;10;2021-01-03;0;0;0;0;0;0;0;0;0;0;0;0;0;0;0;0;0;0
FR;10;2021-01-04;0;0;0;0;0;0;0;0;0;0;0;0;0;0;0;0;0;0
FR;10;2021-01-05;0;0;0;0;0;0;0;0;0;0;0;0;0;0;0;0;0;0
FR;10;2021-01-06;0;0;0;0;0;0;0;0;0;0;0;0;0;0;0;0;0;0
FR;10;2021-01-07;0;0;0;0;0;0;0;0;0;0;0;0;0;0;0;0;0;0
FR;10;2021-01-08;0;0;0;0;0;0;0;0;0;0;0;0;0;0;0;0;0;0
FR;10;2021-01-09;0;0;0;0;0;0;0;0;0;0;0;0;0;0;0;0;0;0
FR;10;2021-01-10;0;0;0;0;0;0;0;0;0;0;0;0;0;0;0;0;0;0
FR;10;2021-01-11;0;0;0;0;0;0;0;0;0;0;0;0;0;0;0;0;0;0
FR;10;2021-01-12;0;0;0;0;0;0;0;0;0;0;0;0;0;0;0;0;0;0
FR;10;2021-01-13;0;0;0;0;0;0;0;0;0;0;0;0;0;0;0;0;0;0
FR;10;2021-01-14;0;0;0;0;0;0;0;0;0;0;0;0;0;0;0;0;0;0
FR;10;2021-01-15;0;0;0;0;0;0;0;0;0;0;0;0;0;0;0;0;0;0
FR;10;2021-01-16;0;0;0;0;0;0;0;0;0;0;0;0;0;0;0;0;0;0
FR;10;2021-01-17;0;0;0;0;0;0;0;0;0;0;0;0;0;0;0;0;0;0
FR;10;2021-01-18;0;0;0;0;0;0;0;0;0;0;0;0;0;0;0;0;0;0
FR;10;2021-01-19;0;0;0;0;0;0;0;0;0;0;0;0;0;0;0;0;0;0
FR;10;2021-01-20;0;0;0;0;0;0;0;0;0;0;0;0;0;0;0;0;0;0
FR;10;2021-01-21;0;0;0;0;0;0;0;0;0;0;0;0;0;0;0;0;0;0
FR;10;2021-01-22;0;0;0;0;0;0;0;0;0;0;0;0;0;0;0;0;0;0
FR;10;2021-01-23;0;0;0;0;0;0;0;0;0;0;0;0;0;0;0;0;0;0
FR;10;2021-01-24;0;0;0;0;0;0;0;0;0;0;0;0;0;0;0;0;0;0
FR;10;2021-01-25;0;0;0;0;0;0;0;0;0;0;0;0;0;0;0;0;0;0
FR;10;2021-01-26;0;0;0;0;0;0;0;0;0;0;0;0;0;0;0;0;0;0
FR;10;2021-01-27;0;0;0;0;0;0;0;0;0;0;0;0;0;0;0;0;0;0
FR;10;2021-01-28;0;0;0;0;0;0;0;0;0;0;0;0;0;0;0;0;0;0
FR;10;2021-01-29;0;0;0;0;0;0;0;0;0;0;0;0;0;0;0;0;0;0
FR;10;2021-01-30;0;0;0;0;0;0;0;0;0;0;0;0;0;0;0;0;0;0
FR;10;2021-01-31;0;0;0;0;0;0;0;0;0;0;0;0;0;0;0;0;0;0
FR;10;2021-02-01;0;0;0;0;0;0;0;0;0;0;0;0;0;0;0;0;0;0
FR;10;2021-02-02;0;0;0;0;0;0;0;0;0;0;0;0;0;0;0;0;0;0
FR;10;2021-02-03;0;0;0;0;0;0;0;0;0;0;0;0;0;0;0;0;0;0
FR;10;2021-02-04;0;0;0;0;0;0;0;0;0;0;0;0;0;0;0;0;0;0
FR;10;2021-02-05;0;0;0;0;0;0;0;0;0;0;0;0;0;0;0;0;0;0
FR;10;2021-02-06;0;0;0;0;0;0;0;0;0;0;0;0;0;0;0;0;0;0
FR;10;2021-02-07;0;0;0;0;0;0;0;0;0;0;0;0;0;0;0;0;0;0
FR;10;2021-02-08;0;0;0;0;0;0;0;0;0;0;0;0;0;0;0;0;0;0
FR;10;2021-02-09;0;0;0;0;0;0;0;0;0;0;0;0;0;0;0;0;0;0
FR;10;2021-02-10;0;0;0;0;0;0;0;0;0;0;0;0;0;0;0;0;0;0
FR;10;2021-02-11;0;0;0;0;0;0;0;0;0;0;0;0;0;0;0;0;0;0
FR;10;2021-02-12;0;0;0;0;0;0;0;0;0;0;0;0;0;0;0;0;0;0
FR;10;2021-02-13;0;0;0;0;0;0;0;0;0;0;0;0;0;0;0;0;0;0
FR;10;2021-02-14;0;0;0;0;0;0;0;0;0;0;0;0;0;0;0;0;0;0
FR;10;2021-02-15;0;0;0;0;0;0;0;0;0;0;0;0;0;0;0;0;0;0
FR;10;2021-02-16;0;0;0;0;0;0;0;0;0;0;0;0;0;0;0;0;0;0
FR;10;2021-02-17;0;0;0;0;0;0;0;0;0;0;0;0;0;0;0;0;0;0
FR;10;2021-02-18;0;0;0;0;0;0;0;0;0;0;0;0;0;0;0;0;0;0
FR;10;2021-02-19;0;0;0;0;0;0;0;0;0;0;0;0;0;0;0;0;0;0
FR;10;2021-02-20;0;0;0;0;0;0;0;0;0;0;0;0;0;0;0;0;0;0
FR;10;2021-02-21;0;0;0;0;0;0;0;0;0;0;0;0;0;0;0;0;0;0
FR;10;2021-02-22;0;0;0;0;0;0;0;0;0;0;0;0;0;0;0;0;0;0
FR;10;2021-02-23;0;0;0;0;0;0;0;0;0;0;0;0;0;0;0;0;0;0
FR;10;2021-02-24;0;0;0;0;0;0;0;0;0;0;0;0;0;0;0;0;0;0
FR;10;2021-02-25;0;0;0;0;0;0;0;0;0;0;0;0;0;0;0;0;0;0
FR;10;2021-02-26;0;0;0;0;0;0;0;0;0;0;0;0;0;0;0;0;0;0
FR;10;2021-02-27;0;0;0;0;0;0;0;0;0;0;0;0;0;0;0;0;0;0
FR;10;2021-02-28;0;0;0;0;0;0;0;0;0;0;0;0;0;0;0;0;0;0
FR;10;2021-03-01;0;0;0;0;0;0;0;0;0;0;0;0;0;0;0;0;0;0
FR;10;2021-03-02;0;0;0;0;0;0;0;0;0;0;0;0;0;0;0;0;0;0
FR;10;2021-03-03;0;0;0;0;0;0;0;0;0;0;0;0;0;0;0;0;0;0
FR;10;2021-03-04;0;0;0;0;0;0;0;0;0;0;0;0;0;0;0;0;0;0
FR;10;2021-03-05;0;0;0;0;0;0;0;0;0;0;0;0;0;0;0;0;0;0
FR;10;2021-03-06;0;0;0;0;0;0;0;0;0;0;0;0;0;0;0;0;0;0
FR;10;2021-03-07;0;0;0;0;0;0;0;0;0;0;0;0;0;0;0;0;0;0
FR;10;2021-03-08;0;0;0;0;0;0;0;0;0;0;0;0;0;0;0;0;0;0
FR;10;2021-03-09;0;0;0;0;0;0;0;0;0;0;0;0;0;0;0;0;0;0
FR;10;2021-03-10;0;0;0;0;0;0;0;0;0;0;0;0;0;0;0;0;0;0
FR;10;2021-03-11;0;0;0;0;0;0;0;0;0;0;0;0;0;0;0;0;0;0
FR;10;2021-03-12;0;0;0;0;0;0;0;0;0;0;0;0;0;0;0;0;0;0
FR;10;2021-03-13;0;0;0;0;0;0;0;0;0;0;0;0;0;0;0;0;0;0
FR;10;2021-03-14;0;0;0;0;0;0;0;0;0;0;0;0;0;0;0;0;0;0
FR;10;2021-03-15;0;0;0;0;0;0;0;0;0;0;0;0;0;0;0;0;0;0
FR;10;2021-03-16;0;0;0;0;0;0;0;0;0;0;0;0;0;0;0;0;0;0
FR;10;2021-03-17;0;0;0;0;0;0;0;0;0;0;0;0;0;0;0;0;0;0
FR;10;2021-03-18;0;0;0;0;0;0;0;0;0;0;0;0;0;0;0;0;0;0
FR;10;2021-03-19;0;0;0;0;0;0;0;0;0;0;0;0;0;0;0;0;0;0
FR;10;2021-03-20;0;0;0;0;0;0;0;0;0;0;0;0;0;0;0;0;0;0
FR;10;2021-03-21;0;0;0;0;0;0;0;0;0;0;0;0;0;0;0;0;0;0
FR;10;2021-03-22;0;0;0;0;0;0;0;0;0;0;0;0;0;0;0;0;0;0
FR;10;2021-03-23;0;0;0;0;0;0;0;0;0;0;0;0;0;0;0;0;0;0
FR;10;2021-03-24;0;0;0;0;0;0;0;0;0;0;0;0;0;0;0;0;0;0
FR;10;2021-03-25;0;0;0;0;0;0;0;0;0;0;0;0;0;0;0;0;0;0
FR;10;2021-03-26;0;0;0;0;0;0;0;0;0;0;0;0;0;0;0;0;0;0
FR;10;2021-03-27;0;0;0;0;0;0;0;0;0;0;0;0;0;0;0;0;0;0
FR;10;2021-03-28;0;0;0;0;0;0;0;0;0;0;0;0;0;0;0;0;0;0
FR;10;2021-03-29;0;0;0;0;0;0;0;0;0;0;0;0;0;0;0;0;0;0
FR;10;2021-03-30;0;0;0;0;0;0;0;0;0;0;0;0;0;0;0;0;0;0
FR;10;2021-03-31;0;0;0;0;0;0;0;0;0;0;0;0;0;0;0;0;0;0
FR;10;2021-04-01;0;0;0;0;0;0;0;0;0;0;0;0;0;0;0;0;0;0
FR;10;2021-04-02;0;0;0;0;0;0;0;0;0;0;0;0;0;0;0;0;0;0
FR;10;2021-04-03;0;0;0;0;0;0;0;0;0;0;0;0;0;0;0;0;0;0
FR;10;2021-04-04;0;0;0;0;0;0;0;0;0;0;0;0;0;0;0;0;0;0
FR;10;2021-04-05;0;0;0;0;0;0;0;0;0;0;0;0;0;0;0;0;0;0
FR;10;2021-04-06;0;0;0;0;0;0;0;0;0;0;0;0;0;0;0;0;0;0
FR;10;2021-04-07;0;0;0;0;0;0;0;0;0;0;0;0;0;0;0;0;0;0
FR;10;2021-04-08;0;0;0;0;0;0;0;0;0;0;0;0;0;0;0;0;0;0
FR;10;2021-04-09;0;0;0;0;0;0;0;0;0;0;0;0;0;0;0;0;0;0
FR;10;2021-04-10;0;0;0;0;0;0;0;0;0;0;0;0;0;0;0;0;0;0
FR;10;2021-04-11;0;0;0;0;0;0;0;0;0;0;0;0;0;0;0;0;0;0
FR;10;2021-04-12;0;0;0;0;0;0;0;0;0;0;0;0;0;0;0;0;0;0
FR;10;2021-04-13;0;0;0;0;0;0;0;0;0;0;0;0;0;0;0;0;0;0
FR;10;2021-04-14;0;0;0;0;0;0;0;0;0;0;0;0;0;0;0;0;0;0
FR;10;2021-04-15;0;0;0;0;0;0;0;0;0;0;0;0;0;0;0;0;0;0
FR;10;2021-04-16;0;0;0;0;0;0;0;0;0;0;0;0;0;0;0;0;0;0
FR;10;2021-04-17;0;0;0;0;0;0;0;0;0;0;0;0;0;0;0;0;0;0
FR;10;2021-04-18;0;0;0;0;0;0;0;0;0;0;0;0;0;0;0;0;0;0
FR;10;2021-04-19;0;0;0;0;0;0;0;0;0;0;0;0;0;0;0;0;0;0
FR;10;2021-04-20;0;0;0;0;0;0;0;0;0;0;0;0;0;0;0;0;0;0
FR;10;2021-04-21;0;0;0;0;0;0;0;0;0;0;0;0;0;0;0;0;0;0
FR;10;2021-04-22;0;0;0;0;0;0;0;0;0;0;0;0;0;0;0;0;0;0
FR;10;2021-04-23;0;0;0;0;0;0;0;0;0;0;0;0;0;0;0;0;0;0
FR;10;2021-04-24;0;0;0;0;0;0;0;0;0;0;0;0;0;0;0;0;0;0
FR;10;2021-04-25;0;0;0;0;0;0;0;0;0;0;0;0;0;0;0;0;0;0
FR;10;2021-04-26;0;0;0;0;0;0;0;0;0;0;0;0;0;0;0;0;0;0
FR;10;2021-04-27;0;0;0;0;0;0;0;0;0;0;0;0;0;0;0;0;0;0
FR;10;2021-04-28;0;0;0;0;0;0;0;0;0;0;0;0;0;0;0;0;0;0
FR;10;2021-04-29;0;0;0;0;0;0;0;0;0;0;0;0;0;0;0;0;0;0
FR;10;2021-04-30;0;0;0;0;0;0;0;0;0;0;0;0;0;0;0;0;0;0
FR;10;2021-05-01;0;0;0;0;0;0;0;0;0;0;0;0;0;0;0;0;0;0
FR;10;2021-05-02;0;0;0;0;0;0;0;0;0;0;0;0;0;0;0;0;0;0
FR;10;2021-05-03;0;0;0;0;0;0;0;0;0;0;0;0;0;0;0;0;0;0
FR;10;2021-05-04;0;0;0;0;0;0;0;0;0;0;0;0;0;0;0;0;0;0
FR;10;2021-05-05;0;0;0;0;0;0;0;0;0;0;0;0;0;0;0;0;0;0
FR;10;2021-05-06;0;0;0;0;0;0;0;0;0;0;0;0;0;0;0;0;0;0
FR;10;2021-05-07;0;0;0;0;0;0;0;0;0;0;0;0;0;0;0;0;0;0
FR;10;2021-05-08;0;0;0;0;0;0;0;0;0;0;0;0;0;0;0;0;0;0
FR;10;2021-05-09;0;0;0;0;0;0;0;0;0;0;0;0;0;0;0;0;0;0
FR;10;2021-05-10;0;0;0;0;0;0;0;0;0;0;0;0;0;0;0;0;0;0
FR;10;2021-05-11;0;0;0;0;0;0;0;0;0;0;0;0;0;0;0;0;0;0
FR;10;2021-05-12;0;0;0;0;0;0;0;0;0;0;0;0;0;0;0;0;0;0
FR;10;2021-05-13;0;0;0;0;0;0;0;0;0;0;0;0;0;0;0;0;0;0
FR;10;2021-05-14;0;0;0;0;0;0;0;0;0;0;0;0;0;0;0;0;0;0
FR;10;2021-05-15;0;0;0;0;0;0;0;0;0;0;0;0;0;0;0;0;0;0
FR;10;2021-05-16;0;0;0;0;0;0;0;0;0;0;0;0;0;0;0;0;0;0
FR;10;2021-05-17;0;0;0;0;0;0;0;0;0;0;0;0;0;0;0;0;0;0
FR;10;2021-05-18;0;0;0;0;0;0;0;0;0;0;0;0;0;0;0;0;0;0
FR;10;2021-05-19;0;0;0;0;0;0;0;0;0;0;0;0;0;0;0;0;0;0
FR;10;2021-05-20;0;0;0;0;0;0;0;0;0;0;0;0;0;0;0;0;0;0
FR;10;2021-05-21;0;0;0;0;0;0;0;0;0;0;0;0;0;0;0;0;0;0
FR;10;2021-05-22;0;0;0;0;0;0;0;0;0;0;0;0;0;0;0;0;0;0
FR;10;2021-05-23;0;0;0;0;0;0;0;0;0;0;0;0;0;0;0;0;0;0
FR;10;2021-05-24;0;0;0;0;0;0;0;0;0;0;0;0;0;0;0;0;0;0
FR;10;2021-05-25;0;0;0;0;0;0;0;0;0;0;0;0;0;0;0;0;0;0
FR;10;2021-05-26;0;0;0;0;0;0;0;0;0;0;0;0;0;0;0;0;0;0
FR;10;2021-05-27;0;0;0;0;0;0;0;0;0;0;0;0;0;0;0;0;0;0
FR;10;2021-05-28;0;0;0;0;0;0;0;0;0;0;0;0;0;0;0;0;0;0
FR;10;2021-05-29;0;0;0;0;0;0;0;0;0;0;0;0;0;0;0;0;0;0
FR;10;2021-05-30;0;0;0;0;0;0;0;0;0;0;0;0;0;0;0;0;0;0
FR;10;2021-05-31;0;0;0;0;0;0;0;0;0;0;0;0;0;0;0;0;0;0
FR;10;2021-06-01;0;0;0;0;0;0;0;0;0;0;0;0;0;0;0;0;0;0
FR;10;2021-06-02;0;0;0;0;0;0;0;0;0;0;0;0;0;0;0;0;0;0
FR;10;2021-06-03;0;0;0;0;0;0;0;0;0;0;0;0;0;0;0;0;0;0
FR;10;2021-06-04;0;0;0;0;0;0;0;0;0;0;0;0;0;0;0;0;0;0
FR;10;2021-06-05;0;0;0;0;0;0;0;0;0;0;0;0;0;0;0;0;0;0
FR;10;2021-06-06;0;0;0;0;0;0;0;0;0;0;0;0;0;0;0;0;0;0
FR;10;2021-06-07;0;0;0;0;0;0;0;0;0;0;0;0;0;0;0;0;0;0
FR;10;2021-06-08;0;0;0;0;0;0;0;0;0;0;0;0;0;0;0;0;0;0
FR;10;2021-06-09;0;0;0;0;0;0;0;0;0;0;0;0;0;0;0;0;0;0
FR;10;2021-06-10;0;0;0;0;0;0;0;0;0;0;0;0;0;0;0;0;0;0
FR;10;2021-06-11;0;0;0;0;0;0;0;0;0;0;0;0;0;0;0;0;0;0
FR;10;2021-06-12;0;0;0;0;0;0;0;0;0;0;0;0;0;0;0;0;0;0
FR;10;2021-06-13;0;0;0;0;0;0;0;0;0;0;0;0;0;0;0;0;0;0
FR;10;2021-06-14;0;0;0;0;0;0;0;0;0;0;0;0;0;0;0;0;0;0
FR;10;2021-06-15;0;0;0;0;0;0;0;0;0;0;0;0;0;0;0;0;0;0
FR;10;2021-06-16;0;0;0;0;0;0;0;0;0;0;0;0;0;0;0;0;0;0
FR;10;2021-06-17;0;0;0;0;0;0;0;0;0;0;0;0;0;0;0;0;0;0
FR;10;2021-06-18;0;0;0;0;0;0;0;0;0;0;0;0;0;0;0;0;0;0
FR;10;2021-06-19;0;0;0;0;0;0;0;0;0;0;0;0;0;0;0;0;0;0
FR;10;2021-06-20;0;0;0;0;0;0;0;0;0;0;0;0;0;0;0;0;0;0
FR;10;2021-06-21;0;0;0;0;0;0;0;0;0;0;0;0;0;0;0;0;0;0
FR;10;2021-06-22;0;0;0;0;0;0;0;0;0;0;0;0;0;0;0;0;0;0
FR;10;2021-06-23;0;0;0;0;0;0;0;0;0;0;0;0;0;0;0;0;0;0
FR;10;2021-06-24;0;0;0;0;0;0;0;0;0;0;0;0;0;0;0;0;0;0
FR;10;2021-06-25;0;0;0;0;0;0;0;0;0;0;0;0;0;0;0;0;0;0
FR;10;2021-06-26;0;0;0;0;0;0;0;0;0;0;0;0;0;0;0;0;0;0
FR;10;2021-06-27;0;0;0;0;0;0;0;0;0;0;0;0;0;0;0;0;0;0
FR;10;2021-06-28;0;0;0;0;0;0;0;0;0;0;0;0;0;0;0;0;0;0
FR;10;2021-06-29;0;0;0;0;0;0;0;0;0;0;0;0;0;0;0;0;0;0
FR;10;2021-06-30;0;0;0;0;0;0;0;0;0;0;0;0;0;0;0;0;0;0
FR;10;2021-07-01;0;0;0;0;0;0;0;0;0;0;0;0;0;0;0;0;0;0
FR;10;2021-07-02;0;0;0;0;0;0;0;0;0;0;0;0;0;0;0;0;0;0
FR;10;2021-07-03;0;0;0;0;0;0;0;0;0;0;0;0;0;0;0;0;0;0
FR;10;2021-07-04;0;0;0;0;0;0;0;0;0;0;0;0;0;0;0;0;0;0
FR;10;2021-07-05;0;0;0;0;0;0;0;0;0;0;0;0;0;0;0;0;0;0
FR;10;2021-07-06;0;0;0;0;0;0;0;0;0;0;0;0;0;0;0;0;0;0
FR;10;2021-07-07;0;0;0;0;0;0;0;0;0;0;0;0;0;0;0;0;0;0
FR;10;2021-07-08;0;0;0;0;0;0;0;0;0;0;0;0;0;0;0;0;0;0
FR;10;2021-07-09;0;0;0;0;0;0;0;0;0;0;0;0;0;0;0;0;0;0
FR;10;2021-07-10;0;0;0;0;0;0;0;0;0;0;0;0;0;0;0;0;0;0
FR;10;2021-07-11;0;0;0;0;0;0;0;0;0;0;0;0;0;0;0;0;0;0
FR;10;2021-07-12;0;0;0;0;0;0;0;0;0;0;0;0;0;0;0;0;0;0
FR;10;2021-07-13;0;0;0;0;0;0;0;0;0;0;0;0;0;0;0;0;0;0
FR;10;2021-07-14;0;0;0;0;0;0;0;0;0;0;0;0;0;0;0;0;0;0
FR;10;2021-07-15;0;0;0;0;0;0;0;0;0;0;0;0;0;0;0;0;0;0
FR;10;2021-07-16;0;0;0;0;0;0;0;0;0;0;0;0;0;0;0;0;0;0
FR;10;2021-07-17;0;0;0;0;0;0;0;0;0;0;0;0;0;0;0;0;0;0
FR;10;2021-07-18;0;0;0;0;0;0;0;0;0;0;0;0;0;0;0;0;0;0
FR;10;2021-07-19;0;0;0;0;0;0;0;0;0;0;0;0;0;0;0;0;0;0
FR;10;2021-07-20;0;0;0;0;0;0;0;0;0;0;0;0;0;0;0;0;0;0
FR;10;2021-07-21;0;0;0;0;0;0;0;0;0;0;0;0;0;0;0;0;0;0
FR;10;2021-07-22;0;0;0;0;0;0;0;0;0;0;0;0;0;0;0;0;0;0
FR;10;2021-07-23;0;0;0;0;0;0;0;0;0;0;0;0;0;0;0;0;0;0
FR;10;2021-07-24;0;0;0;0;0;0;0;0;0;0;0;0;0;0;0;0;0;0
FR;10;2021-07-25;0;0;0;0;0;0;0;0;0;0;0;0;0;0;0;0;0;0
FR;10;2021-07-26;0;0;0;0;0;0;0;0;0;0;0;0;0;0;0;0;0;0
FR;10;2021-07-27;0;0;0;0;0;0;0;0;0;0;0;0;0;0;0;0;0;0
FR;10;2021-07-28;0;0;0;0;0;0;0;0;0;0;0;0;0;0;0;0;0;0
FR;10;2021-07-29;0;0;0;0;0;0;0;0;0;0;0;0;0;0;0;0;0;0
FR;10;2021-07-30;0;0;0;0;0;0;0;0;0;0;0;0;0;0;0;0;0;0
FR;10;2021-07-31;0;0;0;0;0;0;0;0;0;0;0;0;0;0;0;0;0;0
FR;10;2021-08-01;0;0;0;0;0;0;0;0;0;0;0;0;0;0;0;0;0;0
FR;10;2021-08-02;0;0;0;0;0;0;0;0;0;0;0;0;0;0;0;0;0;0
FR;10;2021-08-03;0;0;0;0;0;0;0;0;0;0;0;0;0;0;0;0;0;0
FR;10;2021-08-04;0;0;0;0;0;0;0;0;0;0;0;0;0;0;0;0;0;0
FR;10;2021-08-05;0;0;0;0;0;0;0;0;0;0;0;0;0;0;0;0;0;0
FR;10;2021-08-06;0;0;0;0;0;0;0;0;0;0;0;0;0;0;0;0;0;0
FR;10;2021-08-07;0;0;0;0;0;0;0;0;0;0;0;0;0;0;0;0;0;0
FR;10;2021-08-08;0;0;0;0;0;0;0;0;0;0;0;0;0;0;0;0;0;0
FR;10;2021-08-09;0;0;0;0;0;0;0;0;0;0;0;0;0;0;0;0;0;0
FR;10;2021-08-10;0;0;0;0;0;0;0;0;0;0;0;0;0;0;0;0;0;0
FR;10;2021-08-11;0;0;0;0;0;0;0;0;0;0;0;0;0;0;0;0;0;0
FR;10;2021-08-12;0;0;0;0;0;0;0;0;0;0;0;0;0;0;0;0;0;0
FR;10;2021-08-13;0;0;0;0;0;0;0;0;0;0;0;0;0;0;0;0;0;0
FR;10;2021-08-14;0;0;0;0;0;0;0;0;0;0;0;0;0;0;0;0;0;0
FR;10;2021-08-15;0;0;0;0;0;0;0;0;0;0;0;0;0;0;0;0;0;0
FR;10;2021-08-16;0;0;0;0;0;0;0;0;0;0;0;0;0;0;0;0;0;0
FR;10;2021-08-17;0;0;0;0;0;0;0;0;0;0;0;0;0;0;0;0;0;0
FR;10;2021-08-18;0;0;0;0;0;0;0;0;0;0;0;0;0;0;0;0;0;0
FR;10;2021-08-19;0;0;0;0;0;0;0;0;0;0;0;0;0;0;0;0;0;0
FR;10;2021-08-20;0;0;0;0;0;0;0;0;0;0;0;0;0;0;0;0;0;0
FR;10;2021-08-21;0;0;0;0;0;0;0;0;0;0;0;0;0;0;0;0;0;0
FR;10;2021-08-22;0;0;0;0;0;0;0;0;0;0;0;0;0;0;0;0;0;0
FR;10;2021-08-23;0;0;0;0;0;0;0;0;0;0;0;0;0;0;0;0;0;0
FR;10;2021-08-24;0;0;0;0;0;0;0;0;0;0;0;0;0;0;0;0;0;0
FR;10;2021-08-25;0;0;0;0;0;0;0;0;0;0;0;0;0;0;0;0;0;0
FR;10;2021-08-26;0;0;0;0;0;0;0;0;0;0;0;0;0;0;0;0;0;0
FR;10;2021-08-27;0;0;0;0;0;0;0;0;0;0;0;0;0;0;0;0;0;0
FR;10;2021-08-28;0;0;0;0;0;0;0;0;0;0;0;0;0;0;0;0;0;0
FR;10;2021-08-29;0;0;0;0;0;0;0;0;0;0;0;0;0;0;0;0;0;0
FR;10;2021-08-30;0;0;0;0;0;0;0;0;0;0;0;0;0;0;0;0;0;0
FR;10;2021-08-31;0;0;0;0;0;0;0;0;0;0;0;0;0;0;0;0;0;0
FR;10;2021-09-01;0;0;0;0;0;0;0;0;0;0;0;0;0;0;0;0;0;0
FR;10;2021-09-02;0;0;0;0;0;0;0;0;0;0;0;0;0;0;0;0;0;0
FR;10;2021-09-03;0;0;0;0;0;0;0;0;0;0;0;0;0;0;0;0;0;0
FR;10;2021-09-04;0;0;0;0;0;0;0;0;0;0;0;0;0;0;0;0;0;0
FR;10;2021-09-05;0;0;0;0;0;0;0;0;0;0;0;0;0;0;0;0;0;0
FR;10;2021-09-06;0;0;0;0;0;0;0;0;0;0;0;0;0;0;0;0;0;0
FR;10;2021-09-07;0;0;0;0;0;0;0;0;0;0;0;0;0;0;0;0;0;0
FR;10;2021-09-08;0;0;0;0;0;0;0;0;0;0;0;0;0;0;0;0;0;0
FR;10;2021-09-09;0;0;0;0;0;0;0;0;0;0;0;0;0;0;0;0;0;0
FR;10;2021-09-10;0;0;0;0;0;0;0;0;0;0;0;0;0;0;0;0;0;0
FR;10;2021-09-11;0;0;0;0;0;0;0;0;0;0;0;0;0;0;0;0;0;0
FR;10;2021-09-12;0;0;0;0;0;0;0;0;0;0;0;0;0;0;0;0;0;0
FR;10;2021-09-13;0;0;0;0;0;0;0;0;0;0;0;0;0;0;0;0;0;0
FR;10;2021-09-14;0;0;0;0;0;0;0;0;0;0;0;0;0;0;0;0;0;0
FR;10;2021-09-15;0;0;0;0;0;0;0;0;0;0;0;0;0;0;0;0;0;0
FR;10;2021-09-16;0;0;0;0;0;0;0;0;0;0;0;0;0;0;0;0;0;0
FR;10;2021-09-17;0;0;0;0;0;0;0;0;0;0;0;0;0;0;0;0;0;0
FR;10;2021-09-18;0;0;0;0;0;0;0;0;0;0;0;0;0;0;0;0;0;0
FR;10;2021-09-19;0;0;0;0;0;0;0;0;0;0;0;0;0;0;0;0;0;0
FR;10;2021-09-20;0;0;0;0;0;0;0;0;0;0;0;0;0;0;0;0;0;0
FR;10;2021-09-21;0;0;0;0;0;0;0;0;0;0;0;0;0;0;0;0;0;0
FR;10;2021-09-22;0;0;0;0;0;0;0;0;0;0;0;0;0;0;0;0;0;0
FR;10;2021-09-23;0;0;0;0;0;0;0;0;0;0;0;0;0;0;0;0;0;0
FR;10;2021-09-24;0;0;0;0;0;0;0;0;0;0;0;0;0;0;0;0;0;0
FR;10;2021-09-25;0;0;0;0;0;0;0;0;0;0;0;0;0;0;0;0;0;0
FR;10;2021-09-26;0;0;0;0;0;0;0;0;0;0;0;0;0;0;0;0;0;0
FR;10;2021-09-27;0;0;0;0;0;0;0;0;0;0;0;0;0;0;0;0;0;0
FR;10;2021-09-28;0;0;0;0;0;0;0;0;0;0;0;0;0;0;0;0;0;0
FR;10;2021-09-29;0;0;0;0;0;0;0;0;0;0;0;0;0;0;0;0;0;0
FR;10;2021-09-30;0;0;0;0;0;0;0;0;0;0;0;0;0;0;0;0;0;0
FR;10;2021-10-01;0;0;0;0;0;0;0;0;0;0;0;0;0;0;0;0;0;0
FR;10;2021-10-02;0;0;0;0;0;0;0;0;0;0;0;0;0;0;0;0;0;0
FR;10;2021-10-03;0;0;0;0;0;0;0;0;0;0;0;0;0;0;0;0;0;0
FR;10;2021-10-04;0;0;0;0;0;0;0;0;0;0;0;0;0;0;0;0;0;0
FR;10;2021-10-05;0;0;0;0;0;0;0;0;0;0;0;0;0;0;0;0;0;0
FR;10;2021-10-06;0;0;0;0;0;0;0;0;0;0;0;0;0;0;0;0;0;0
FR;10;2021-10-07;0;0;0;0;0;0;0;0;0;0;0;0;0;0;0;0;0;0
FR;10;2021-10-08;0;0;0;0;0;0;0;0;0;0;0;0;0;0;0;0;0;0
FR;10;2021-10-09;0;0;0;0;0;0;0;0;0;0;0;0;0;0;0;0;0;0
FR;10;2021-10-10;0;0;0;0;0;0;0;0;0;0;0;0;0;0;0;0;0;0
FR;10;2021-10-11;0;0;0;0;0;0;0;0;0;0;0;0;0;0;0;0;0;0
FR;10;2021-10-12;0;0;0;0;0;0;0;0;0;0;0;0;0;0;0;0;0;0
FR;10;2021-10-13;0;0;0;0;0;0;0;0;0;0;0;0;0;0;0;0;0;0
FR;10;2021-10-14;0;0;0;0;0;0;0;0;0;0;0;0;0;0;0;0;0;0
FR;10;2021-10-15;0;0;0;0;0;0;0;0;0;0;0;0;0;0;0;0;0;0
FR;10;2021-10-16;0;0;0;0;0;0;0;0;0;0;0;0;0;0;0;0;0;0
FR;10;2021-10-17;0;0;0;0;0;0;0;0;0;0;0;0;0;0;0;0;0;0
FR;10;2021-10-18;0;0;0;0;0;0;0;0;0;0;0;0;0;0;0;0;0;0
FR;10;2021-10-19;0;0;0;0;0;0;0;0;0;0;0;0;0;0;0;0;0;0
FR;10;2021-10-20;0;0;0;0;0;0;0;0;0;0;0;0;0;0;0;0;0;0
FR;10;2021-10-21;0;0;0;0;0;0;0;0;0;0;0;0;0;0;0;0;0;0
FR;10;2021-10-22;0;0;0;0;0;0;0;0;0;0;0;0;0;0;0;0;0;0
FR;10;2021-10-23;0;0;0;0;0;0;0;0;0;0;0;0;0;0;0;0;0;0
FR;10;2021-10-24;0;0;0;0;0;0;0;0;0;0;0;0;0;0;0;0;0;0
FR;10;2021-10-25;0;0;0;0;0;0;0;0;0;0;0;0;0;0;0;0;0;0
FR;10;2021-10-26;0;0;0;0;0;0;0;0;0;0;0;0;0;0;0;0;0;0
FR;10;2021-10-27;0;0;0;0;0;0;0;0;0;0;0;0;0;0;0;0;0;0
FR;10;2021-10-28;0;0;0;0;0;0;0;0;0;0;0;0;0;0;0;0;0;0
FR;10;2021-10-29;0;0;0;0;0;0;0;0;0;0;0;0;0;0;0;0;0;0
FR;10;2021-10-30;0;0;0;0;0;0;0;0;0;0;0;0;0;0;0;0;0;0
FR;10;2021-10-31;0;0;0;0;0;0;0;0;0;0;0;0;0;0;0;0;0;0
FR;10;2021-11-01;0;0;0;0;0;0;0;0;0;0;0;0;0;0;0;0;0;0
FR;10;2021-11-02;0;0;0;0;0;0;0;0;0;0;0;0;0;0;0;0;0;0
FR;10;2021-11-03;0;0;0;0;0;0;0;0;0;0;0;0;0;0;0;0;0;0
FR;10;2021-11-04;0;0;0;0;0;0;0;0;0;0;0;0;0;0;0;0;0;0
FR;10;2021-11-05;0;0;0;0;0;0;0;0;0;0;0;0;0;0;0;0;0;0
FR;10;2021-11-06;0;0;0;0;0;0;0;0;0;0;0;0;0;0;0;0;0;0
FR;10;2021-11-07;0;0;0;0;0;0;0;0;0;0;0;0;0;0;0;0;0;0
FR;10;2021-11-08;0;0;0;0;0;0;0;0;0;0;0;0;0;0;0;0;0;0
FR;10;2021-11-09;0;0;0;0;0;0;0;0;0;0;0;0;0;0;0;0;0;0
FR;10;2021-11-10;0;0;0;0;0;0;0;0;0;0;0;0;0;0;0;0;0;0
FR;10;2021-11-11;0;0;0;0;0;0;0;0;0;0;0;0;0;0;0;0;0;0
FR;10;2021-11-12;0;0;0;0;0;0;0;0;0;0;0;0;0;0;0;0;0;0
FR;10;2021-11-13;0;0;0;0;0;0;0;0;0;0;0;0;0;0;0;0;0;0
FR;10;2021-11-14;0;0;0;0;0;0;0;0;0;0;0;0;0;0;0;0;0;0
FR;10;2021-11-15;0;0;0;0;0;0;0;0;0;0;0;0;0;0;0;0;0;0
FR;10;2021-11-16;0;0;0;0;0;0;0;0;0;0;0;0;0;0;0;0;0;0
FR;10;2021-11-17;0;0;0;0;0;0;0;0;0;0;0;0;0;0;0;0;0;0
FR;10;2021-11-18;0;0;0;0;0;0;0;0;0;0;0;0;0;0;0;0;0;0
FR;10;2021-11-19;0;0;0;0;0;0;0;0;0;0;0;0;0;0;0;0;0;0
FR;10;2021-11-20;0;0;0;0;0;0;0;0;0;0;0;0;0;0;0;0;0;0
FR;10;2021-11-21;0;0;0;0;0;0;0;0;0;0;0;0;0;0;0;0;0;0
FR;10;2021-11-22;0;0;0;0;0;0;0;0;0;0;0;0;0;0;0;0;0;0
FR;10;2021-11-23;0;0;0;0;0;0;0;0;0;0;0;0;0;0;0;0;0;0
FR;10;2021-11-24;0;0;0;0;0;0;0;0;0;0;0;0;0;0;0;0;0;0
FR;10;2021-11-25;0;0;0;0;0;0;0;0;0;0;0;0;0;0;0;0;0;0
FR;10;2021-11-26;0;0;0;0;0;0;0;0;0;0;0;0;0;0;0;0;0;0
FR;10;2021-11-27;0;0;0;0;0;0;0;0;0;0;0;0;0;0;0;0;0;0
FR;10;2021-11-28;0;0;0;0;0;0;0;0;0;0;0;0;0;0;0;0;0;0
FR;10;2021-11-29;0;0;0;0;0;0;0;0;0;0;0;0;0;0;0;0;0;0
FR;10;2021-11-30;0;0;0;0;0;0;0;0;0;0;0;0;0;0;0;0;0;0
FR;10;2021-12-01;0;0;0;0;0;0;0;0;0;0;0;0;0;0;0;0;0;0
FR;10;2021-12-02;0;0;0;0;0;0;0;0;0;0;0;0;0;0;0;0;0;0
FR;10;2021-12-03;0;0;0;0;0;0;0;0;0;0;0;0;0;0;0;0;0;0
FR;10;2021-12-04;0;0;0;0;0;0;0;0;0;0;0;0;0;0;0;0;0;0
FR;10;2021-12-05;0;0;0;0;0;0;0;0;0;0;0;0;0;0;0;0;0;0
FR;10;2021-12-06;0;0;0;0;0;0;0;0;0;0;0;0;0;0;0;0;0;0
FR;10;2021-12-07;0;0;0;0;0;0;0;0;0;0;0;0;0;0;0;0;0;0
FR;10;2021-12-08;0;0;0;0;0;0;0;0;0;0;0;0;0;0;0;0;0;0
FR;10;2021-12-09;0;0;0;0;0;0;0;0;0;0;0;0;0;0;0;0;0;0
FR;10;2021-12-10;0;0;0;0;0;0;0;0;0;0;0;0;0;0;0;0;0;0
FR;10;2021-12-11;0;0;0;0;0;0;0;0;0;0;0;0;0;0;0;0;0;0
FR;10;2021-12-12;0;0;0;0;0;0;0;0;0;0;0;0;0;0;0;0;0;0
FR;10;2021-12-13;0;0;0;0;0;0;0;0;0;0;0;0;0;0;0;0;0;0
FR;10;2021-12-14;0;0;0;0;0;0;0;0;0;0;0;0;0;0;0;0;0;0
FR;10;2021-12-15;0;0;0;0;0;0;0;0;0;0;0;0;0;0;0;0;0;0
FR;10;2021-12-16;0;0;0;0;0;0;0;0;0;0;0;0;0;0;0;0;0;0
FR;10;2021-12-17;0;0;0;0;0;0;0;0;0;0;0;0;0;0;0;0;0;0
FR;10;2021-12-18;0;0;0;0;0;0;0;0;0;0;0;0;0;0;0;0;0;0
FR;10;2021-12-19;0;0;0;0;0;0;0;0;0;0;0;0;0;0;0;0;0;0
FR;10;2021-12-20;0;0;0;0;0;0;0;0;0;0;0;0;0;0;0;0;0;0
FR;10;2021-12-21;0;0;0;0;0;0;0;0;0;0;0;0;0;0;0;0;0;0
FR;10;2021-12-22;0;0;0;0;0;0;0;0;0;0;0;0;0;0;0;0;0;0
FR;10;2021-12-23;0;0;0;0;0;0;0;0;0;0;0;0;0;0;0;0;0;0
FR;10;2021-12-24;0;0;0;0;0;0;0;0;0;0;0;0;0;0;0;0;0;0
FR;10;2021-12-25;0;0;0;0;0;0;0;0;0;0;0;0;0;0;0;0;0;0
FR;10;2021-12-26;0;0;0;0;0;0;0;0;0;0;0;0;0;0;0;0;0;0
FR;10;2021-12-27;0;0;0;0;0;0;0;0;0;0;0;0;0;0;0;0;0;0
FR;10;2021-12-28;0;0;0;0;0;0;0;0;0;0;0;0;0;0;0;0;0;0
FR;10;2021-12-29;0;0;0;0;0;0;0;0;0;0;0;0;0;0;0;0;0;0
FR;10;2021-12-30;0;0;0;0;0;0;0;0;0;0;0;0;0;0;0;0;0;0
FR;10;2021-12-31;0;0;0;0;0;0;0;0;0;0;0;0;0;0;0;0;0;0
FR;10;2022-01-01;0;0;0;0;0;0;0;0;0;0;0;0;0;0;0;0;0;0
FR;10;2022-01-02;0;0;0;0;0;0;0;0;0;0;0;0;0;0;0;0;0;0
FR;10;2022-01-03;0;0;0;0;0;0;0;0;0;0;0;0;0;0;0;0;0;0
FR;10;2022-01-04;0;0;0;0;0;0;0;0;0;0;0;0;0;0;0;0;0;0
FR;10;2022-01-05;0;0;0;0;0;0;0;0;0;0;0;0;0;0;0;0;0;0
FR;10;2022-01-06;0;0;0;0;0;0;0;0;0;0;0;0;0;0;0;0;0;0
FR;10;2022-01-07;0;0;0;0;0;0;0;0;0;0;0;0;0;0;0;0;0;0
FR;10;2022-01-08;0;0;0;0;0;0;0;0;0;0;0;0;0;0;0;0;0;0
FR;10;2022-01-09;0;0;0;0;0;0;0;0;0;0;0;0;0;0;0;0;0;0
FR;10;2022-01-10;0;0;0;0;0;0;0;0;0;0;0;0;0;0;0;0;0;0
FR;10;2022-01-11;0;0;0;0;0;0;0;0;0;0;0;0;0;0;0;0;0;0
FR;10;2022-01-12;0;0;0;0;0;0;0;0;0;0;0;0;0;0;0;0;0;0
FR;10;2022-01-13;0;0;0;0;0;0;0;0;0;0;0;0;0;0;0;0;0;0
FR;10;2022-01-14;0;0;0;0;0;0;0;0;0;0;0;0;0;0;0;0;0;0
FR;10;2022-01-15;0;0;0;0;0;0;0;0;0;0;0;0;0;0;0;0;0;0
FR;10;2022-01-16;0;0;0;0;0;0;0;0;0;0;0;0;0;0;0;0;0;0
FR;10;2022-01-17;0;0;0;0;0;0;0;0;0;0;0;0;0;0;0;0;0;0
FR;10;2022-01-18;0;0;0;0;0;0;0;0;0;0;0;0;0;0;0;0;0;0
FR;10;2022-01-19;0;0;0;0;0;0;0;0;0;0;0;0;0;0;0;0;0;0
FR;10;2022-01-20;0;0;0;0;0;0;0;0;0;0;0;0;0;0;0;0;0;0
FR;10;2022-01-21;0;0;0;0;0;0;0;0;0;0;0;0;0;0;0;0;0;0
FR;10;2022-01-22;0;0;0;0;0;0;0;0;0;0;0;0;0;0;0;0;0;0
FR;10;2022-01-23;0;0;0;0;0;0;0;0;0;0;0;0;0;0;0;0;0;0
FR;10;2022-01-24;0;0;0;0;0;0;0;0;0;0;0;0;0;0;0;0;0;0
FR;10;2022-01-25;0;0;0;0;0;0;0;0;0;0;0;0;0;0;0;0;0;0
FR;10;2022-01-26;0;0;0;0;0;0;0;0;0;0;0;0;0;0;0;0;0;0
FR;10;2022-01-27;0;0;0;0;0;0;0;0;0;0;0;0;0;0;0;0;0;0
FR;10;2022-01-28;0;0;0;0;0;0;0;0;0;0;0;0;0;0;0;0;0;0
FR;10;2022-01-29;0;0;0;0;0;0;0;0;0;0;0;0;0;0;0;0;0;0
FR;10;2022-01-30;0;0;0;0;0;0;0;0;0;0;0;0;0;0;0;0;0;0
FR;10;2022-01-31;0;0;0;0;0;0;0;0;0;0;0;0;0;0;0;0;0;0
FR;10;2022-02-01;0;0;0;0;0;0;0;0;0;0;0;0;0;0;0;0;0;0
FR;10;2022-02-02;0;0;0;0;0;0;0;0;0;0;0;0;0;0;0;0;0;0
FR;10;2022-02-03;0;0;0;0;0;0;0;0;0;0;0;0;0;0;0;0;0;0
FR;10;2022-02-04;0;0;0;0;0;0;0;0;0;0;0;0;0;0;0;0;0;0
FR;10;2022-02-05;0;0;0;0;0;0;0;0;0;0;0;0;0;0;0;0;0;0
FR;10;2022-02-06;0;0;0;0;0;0;0;0;0;0;0;0;0;0;0;0;0;0
FR;10;2022-02-07;0;0;0;0;0;0;0;0;0;0;0;0;0;0;0;0;0;0
FR;10;2022-02-08;0;0;0;0;0;0;0;0;0;0;0;0;0;0;0;0;0;0
FR;10;2022-02-09;0;0;0;0;0;0;0;0;0;0;0;0;0;0;0;0;0;0
FR;10;2022-02-10;0;0;0;0;0;0;0;0;0;0;0;0;0;0;0;0;0;0
FR;10;2022-02-11;0;0;0;0;0;0;0;0;0;0;0;0;0;0;0;0;0;0
FR;10;2022-02-12;0;0;0;0;0;0;0;0;0;0;0;0;0;0;0;0;0;0
FR;10;2022-02-13;0;0;0;0;0;0;0;0;0;0;0;0;0;0;0;0;0;0
FR;10;2022-02-14;0;0;0;0;0;0;0;0;0;0;0;0;0;0;0;0;0;0
FR;10;2022-02-15;0;0;0;0;0;0;0;0;0;0;0;0;0;0;0;0;0;0
FR;10;2022-02-16;0;0;0;0;0;0;0;0;0;0;0;0;0;0;0;0;0;0
FR;10;2022-02-17;0;0;0;0;0;0;0;0;0;0;0;0;0;0;0;0;0;0
FR;10;2022-02-18;0;0;0;0;0;0;0;0;0;0;0;0;0;0;0;0;0;0
FR;10;2022-02-19;0;0;0;0;0;0;0;0;0;0;0;0;0;0;0;0;0;0
FR;10;2022-02-20;0;0;0;0;0;0;0;0;0;0;0;0;0;0;0;0;0;0
FR;10;2022-02-21;0;0;0;0;0;0;0;0;0;0;0;0;0;0;0;0;0;0
FR;10;2022-02-22;0;0;0;0;0;0;0;0;0;0;0;0;0;0;0;0;0;0
FR;10;2022-02-23;0;0;0;0;0;0;0;0;0;0;0;0;0;0;0;0;0;0
FR;10;2022-02-24;0;0;0;0;0;0;0;0;0;0;0;0;0;0;0;0;0;0
FR;10;2022-02-25;0;0;0;0;0;0;0;0;0;0;0;0;0;0;0;0;0;0
FR;10;2022-02-26;0;0;0;0;0;0;0;0;0;0;0;0;0;0;0;0;0;0
FR;10;2022-02-27;0;0;0;0;0;0;0;0;0;0;0;0;0;0;0;0;0;0
FR;10;2022-02-28;0;0;0;0;0;0;0;0;0;0;0;0;0;0;0;0;0;0
FR;10;2022-03-01;0;0;0;0;0;0;0;0;0;0;0;0;0;0;0;0;0;0
FR;10;2022-03-02;0;0;0;0;0;0;0;0;0;0;0;0;0;0;0;0;0;0
FR;10;2022-03-03;0;0;0;0;0;0;0;0;0;0;0;0;0;0;0;0;0;0
FR;10;2022-03-04;0;0;0;0;0;0;0;0;0;0;0;0;0;0;0;0;0;0
FR;10;2022-03-05;0;0;0;0;0;0;0;0;0;0;0;0;0;0;0;0;0;0
FR;10;2022-03-06;0;0;0;0;0;0;0;0;0;0;0;0;0;0;0;0;0;0
FR;10;2022-03-07;0;0;0;0;0;0;0;0;0;0;0;0;0;0;0;0;0;0
FR;10;2022-03-08;0;0;0;0;0;0;0;0;0;0;0;0;0;0;0;0;0;0
FR;10;2022-03-09;0;0;0;0;0;0;0;0;0;0;0;0;0;0;0;0;0;0
FR;10;2022-03-10;0;0;0;0;0;0;0;0;0;0;0;0;0;0;0;0;0;0
FR;10;2022-03-11;0;0;0;0;0;0;0;0;0;0;0;0;0;0;0;0;0;0
FR;10;2022-03-12;0;0;0;0;0;0;0;0;0;0;0;0;0;0;0;0;0;0
FR;10;2022-03-13;0;0;0;0;0;0;0;0;0;0;0;0;0;0;0;0;0;0
FR;10;2022-03-14;0;0;0;0;0;0;0;0;0;0;0;0;0;0;0;0;0;0
FR;10;2022-03-15;0;0;0;0;0;0;0;0;0;0;0;0;0;0;0;0;0;0
FR;10;2022-03-16;0;0;0;0;0;0;0;0;0;0;0;0;0;0;0;0;0;0
FR;10;2022-03-17;0;0;0;0;0;0;0;0;0;0;0;0;0;0;0;0;0;0
FR;10;2022-03-18;0;0;0;0;0;0;0;0;0;0;0;0;0;0;0;0;0;0
FR;10;2022-03-19;0;0;0;0;0;0;0;0;0;0;0;0;0;0;0;0;0;0
FR;10;2022-03-20;0;0;0;0;0;0;0;0;0;0;0;0;0;0;0;0;0;0
FR;10;2022-03-21;0;0;0;0;0;0;0;0;0;0;0;0;0;0;0;0;0;0
FR;10;2022-03-22;0;0;0;0;0;0;0;0;0;0;0;0;0;0;0;0;0;0
FR;10;2022-03-23;0;0;0;0;0;0;0;0;0;0;0;0;0;0;0;0;0;0
FR;10;2022-03-24;0;0;0;0;0;0;0;0;0;0;0;0;0;0;0;0;0;0
FR;10;2022-03-25;0;0;0;0;0;0;0;0;0;0;0;0;0;0;0;0;0;0
FR;10;2022-03-26;0;0;0;0;0;0;0;0;0;0;0;0;0;0;0;0;0;0
FR;10;2022-03-27;0;0;0;0;0;0;0;0;0;0;0;0;0;0;0;0;0;0
FR;10;2022-03-28;0;0;0;0;0;0;0;0;0;0;0;0;0;0;0;0;0;0
FR;10;2022-03-29;0;0;0;0;0;0;0;0;0;0;0;0;0;0;0;0;0;0
FR;10;2022-03-30;0;0;0;0;0;0;0;0;0;0;0;0;0;0;0;0;0;0
FR;10;2022-03-31;0;0;0;0;0;0;0;0;0;0;0;0;0;0;0;0;0;0
FR;10;2022-04-01;0;0;0;0;0;0;0;0;0;0;0;0;0;0;0;0;0;0
FR;10;2022-04-02;0;0;0;0;0;0;0;0;0;0;0;0;0;0;0;0;0;0
FR;10;2022-04-03;0;0;0;0;0;0;0;0;0;0;0;0;0;0;0;0;0;0
FR;10;2022-04-04;0;0;0;0;0;0;0;0;0;0;0;0;0;0;0;0;0;0
FR;10;2022-04-05;0;0;0;0;0;0;0;0;0;0;0;0;0;0;0;0;0;0
FR;10;2022-04-06;0;0;0;0;0;0;0;0;0;0;0;0;0;0;0;0;0;0
FR;10;2022-04-07;0;0;0;0;0;0;0;0;0;0;0;0;0;0;0;0;0;0
FR;10;2022-04-08;0;0;0;0;0;0;0;0;0;0;0;0;0;0;0;0;0;0
FR;10;2022-04-09;0;0;0;0;0;0;0;0;0;0;0;0;0;0;0;0;0;0
FR;10;2022-04-10;0;0;0;0;0;0;0;0;0;0;0;0;0;0;0;0;0;0
FR;10;2022-04-11;0;0;0;0;0;0;0;0;0;0;0;0;0;0;0;0;0;0
FR;10;2022-04-12;0;0;0;0;0;0;0;0;0;0;0;0;0;0;0;0;0;0
FR;10;2022-04-13;0;0;0;0;0;0;0;0;0;0;0;0;0;0;0;0;0;0
FR;10;2022-04-14;0;0;0;0;0;0;0;0;0;0;0;0;0;0;0;0;0;0
FR;10;2022-04-15;0;0;0;0;0;0;0;0;0;0;0;0;0;0;0;0;0;0
FR;10;2022-04-16;0;0;0;0;0;0;0;0;0;0;0;0;0;0;0;0;0;0
FR;10;2022-04-17;0;0;0;0;0;0;0;0;0;0;0;0;0;0;0;0;0;0
FR;10;2022-04-18;0;0;0;0;0;0;0;0;0;0;0;0;0;0;0;0;0;0
FR;10;2022-04-19;0;0;0;0;0;0;0;0;0;0;0;0;0;0;0;0;0;0
FR;10;2022-04-20;0;0;0;0;0;0;0;0;0;0;0;0;0;0;0;0;0;0
FR;10;2022-04-21;0;0;0;0;0;0;0;0;0;0;0;0;0;0;0;0;0;0
FR;10;2022-04-22;0;0;0;0;0;0;0;0;0;0;0;0;0;0;0;0;0;0
FR;10;2022-04-23;0;0;0;0;0;0;0;0;0;0;0;0;0;0;0;0;0;0
FR;10;2022-04-24;0;0;0;0;0;0;0;0;0;0;0;0;0;0;0;0;0;0
FR;10;2022-04-25;0;0;0;0;0;0;0;0;0;0;0;0;0;0;0;0;0;0
FR;10;2022-04-26;0;0;0;0;0;0;0;0;0;0;0;0;0;0;0;0;0;0
FR;10;2022-04-27;0;0;0;0;0;0;0;0;0;0;0;0;0;0;0;0;0;0
FR;10;2022-04-28;0;0;0;0;0;0;0;0;0;0;0;0;0;0;0;0;0;0
FR;10;2022-04-29;0;0;0;0;0;0;0;0;0;0;0;0;0;0;0;0;0;0
FR;10;2022-04-30;0;0;0;0;0;0;0;0;0;0;0;0;0;0;0;0;0;0
FR;10;2022-05-01;0;0;0;0;0;0;0;0;0;0;0;0;0;0;0;0;0;0
FR;10;2022-05-02;0;0;0;0;0;0;0;0;0;0;0;0;0;0;0;0;0;0
FR;10;2022-05-03;0;0;0;0;0;0;0;0;0;0;0;0;0;0;0;0;0;0
FR;10;2022-05-04;0;0;0;0;0;0;0;0;0;0;0;0;0;0;0;0;0;0
FR;10;2022-05-05;0;0;0;0;0;0;0;0;0;0;0;0;0;0;0;0;0;0
FR;10;2022-05-06;0;0;0;0;0;0;0;0;0;0;0;0;0;0;0;0;0;0
FR;10;2022-05-07;0;0;0;0;0;0;0;0;0;0;0;0;0;0;0;0;0;0
FR;10;2022-05-08;0;0;0;0;0;0;0;0;0;0;0;0;0;0;0;0;0;0
FR;10;2022-05-09;0;0;0;0;0;0;0;0;0;0;0;0;0;0;0;0;0;0
FR;10;2022-05-10;0;0;0;0;0;0;0;0;0;0;0;0;0;0;0;0;0;0
FR;10;2022-05-11;0;0;0;0;0;0;0;0;0;0;0;0;0;0;0;0;0;0
FR;10;2022-05-12;0;0;0;0;0;0;0;0;0;0;0;0;0;0;0;0;0;0
FR;10;2022-05-13;0;0;0;0;0;0;0;0;0;0;0;0;0;0;0;0;0;0
FR;10;2022-05-14;0;0;0;0;0;0;0;0;0;0;0;0;0;0;0;0;0;0
FR;10;2022-05-15;0;0;0;0;0;0;0;0;0;0;0;0;0;0;0;0;0;0
FR;10;2022-05-16;0;0;0;0;0;0;0;0;0;0;0;0;0;0;0;0;0;0
FR;10;2022-05-17;0;0;0;0;0;0;0;0;0;0;0;0;0;0;0;0;0;0
FR;10;2022-05-18;0;0;0;0;0;0;0;0;0;0;0;0;0;0;0;0;0;0
FR;10;2022-05-19;0;0;0;0;0;0;0;0;0;0;0;0;0;0;0;0;0;0
FR;10;2022-05-20;0;0;0;0;0;0;0;0;0;0;0;0;0;0;0;0;0;0
FR;10;2022-05-21;0;0;0;0;0;0;0;0;0;0;0;0;0;0;0;0;0;0
FR;10;2022-05-22;0;0;0;0;0;0;0;0;0;0;0;0;0;0;0;0;0;0
FR;10;2022-05-23;0;0;0;0;0;0;0;0;0;0;0;0;0;0;0;0;0;0
FR;10;2022-05-24;0;0;0;0;0;0;0;0;0;0;0;0;0;0;0;0;0;0
FR;10;2022-05-25;0;0;0;0;0;0;0;0;0;0;0;0;0;0;0;0;0;0
FR;10;2022-05-26;0;0;0;0;0;0;0;0;0;0;0;0;0;0;0;0;0;0
FR;10;2022-05-27;0;0;0;0;0;0;0;0;0;0;0;0;0;0;0;0;0;0
FR;10;2022-05-28;0;0;0;0;0;0;0;0;0;0;0;0;0;0;0;0;0;0
FR;10;2022-05-29;0;0;0;0;0;0;0;0;0;0;0;0;0;0;0;0;0;0
FR;10;2022-05-30;0;0;0;0;0;0;0;0;0;0;0;0;0;0;0;0;0;0
FR;10;2022-05-31;0;0;0;0;0;0;0;0;0;0;0;0;0;0;0;0;0;0
FR;10;2022-06-01;0;0;0;0;0;0;0;0;0;0;0;0;0;0;0;0;0;0
FR;10;2022-06-02;0;0;0;0;0;0;0;0;0;0;0;0;0;0;0;0;0;0
FR;10;2022-06-03;0;0;0;0;0;0;0;0;0;0;0;0;0;0;0;0;0;0
FR;10;2022-06-04;0;0;0;0;0;0;0;0;0;0;0;0;0;0;0;0;0;0
FR;10;2022-06-05;0;0;0;0;0;0;0;0;0;0;0;0;0;0;0;0;0;0
FR;10;2022-06-06;0;0;0;0;0;0;0;0;0;0;0;0;0;0;0;0;0;0
FR;10;2022-06-07;0;0;0;0;0;0;0;0;0;0;0;0;0;0;0;0;0;0
FR;10;2022-06-08;0;0;0;0;0;0;0;0;0;0;0;0;0;0;0;0;0;0
FR;10;2022-06-09;0;0;0;0;0;0;0;0;0;0;0;0;0;0;0;0;0;0
FR;10;2022-06-10;0;0;0;0;0;0;0;0;0;0;0;0;0;0;0;0;0;0
FR;10;2022-06-11;0;0;0;0;0;0;0;0;0;0;0;0;0;0;0;0;0;0
FR;10;2022-06-12;0;0;0;0;0;0;0;0;0;0;0;0;0;0;0;0;0;0
FR;10;2022-06-13;0;0;0;0;0;0;0;0;0;0;0;0;0;0;0;0;0;0
FR;10;2022-06-14;0;0;0;0;0;0;0;0;0;0;0;0;0;0;0;0;0;0
FR;10;2022-06-15;0;0;0;0;0;0;0;0;0;0;0;0;0;0;0;0;0;0
FR;10;2022-06-16;0;0;0;0;0;0;0;0;0;0;0;0;0;0;0;0;0;0
FR;10;2022-06-17;0;0;0;0;0;0;0;0;0;0;0;0;0;0;0;0;0;0
FR;10;2022-06-18;0;0;0;0;0;0;0;0;0;0;0;0;0;0;0;0;0;0
FR;10;2022-06-19;0;0;0;0;0;0;0;0;0;0;0;0;0;0;0;0;0;0
FR;10;2022-06-20;0;0;0;0;0;0;0;0;0;0;0;0;0;0;0;0;0;0
FR;10;2022-06-21;0;0;0;0;0;0;0;0;0;0;0;0;0;0;0;0;0;0
FR;10;2022-06-22;0;0;0;0;0;0;0;0;0;0;0;0;0;0;0;0;0;0
FR;10;2022-06-23;0;0;0;0;0;0;0;0;0;0;0;0;0;0;0;0;0;0
FR;10;2022-06-24;0;0;0;0;0;0;0;0;0;0;0;0;0;0;0;0;0;0
FR;10;2022-06-25;0;0;0;0;0;0;0;0;0;0;0;0;0;0;0;0;0;0
FR;10;2022-06-26;0;0;0;0;0;0;0;0;0;0;0;0;0;0;0;0;0;0
FR;10;2022-06-27;0;0;0;0;0;0;0;0;0;0;0;0;0;0;0;0;0;0
FR;10;2022-06-28;0;0;0;0;0;0;0;0;0;0;0;0;0;0;0;0;0;0
FR;10;2022-06-29;0;0;0;0;0;0;0;0;0;0;0;0;0;0;0;0;0;0
FR;10;2022-06-30;0;0;0;0;0;0;0;0;0;0;0;0;0;0;0;0;0;0
FR;10;2022-07-01;0;0;0;0;0;0;0;0;0;0;0;0;0;0;0;0;0;0
FR;10;2022-07-02;0;0;0;0;0;0;0;0;0;0;0;0;0;0;0;0;0;0
FR;10;2022-07-03;0;0;0;0;0;0;0;0;0;0;0;0;0;0;0;0;0;0
FR;10;2022-07-04;0;0;0;0;0;0;0;0;0;0;0;0;0;0;0;0;0;0
FR;10;2022-07-05;0;0;0;0;0;0;0;0;0;0;0;0;0;0;0;0;0;0
FR;10;2022-07-06;0;0;0;0;0;0;0;0;0;0;0;0;0;0;0;0;0;0
FR;10;2022-07-07;0;0;0;0;0;0;0;0;0;0;0;0;0;0;0;0;0;0
FR;10;2022-07-08;0;0;0;0;0;0;0;0;0;0;0;0;0;0;0;0;0;0
FR;10;2022-07-09;0;0;0;0;0;0;0;0;0;0;0;0;0;0;0;0;0;0
FR;10;2022-07-10;0;0;0;0;0;0;0;0;0;0;0;0;0;0;0;0;0;0
FR;10;2022-07-11;0;0;0;0;0;0;0;0;0;0;0;0;0;0;0;0;0;0
FR;10;2022-07-12;0;0;0;0;0;0;0;0;0;0;0;0;0;0;0;0;0;0
FR;10;2022-07-13;0;0;0;0;0;0;0;0;0;0;0;0;0;0;0;0;0;0
FR;10;2022-07-14;0;0;0;0;0;0;0;0;0;0;0;0;0;0;0;0;0;0
FR;10;2022-07-15;0;0;0;0;0;0;0;0;0;0;0;0;0;0;0;0;0;0
FR;10;2022-07-16;0;0;0;0;0;0;0;0;0;0;0;0;0;0;0;0;0;0
FR;10;2022-07-17;0;0;0;0;0;0;0;0;0;0;0;0;0;0;0;0;0;0
FR;10;2022-07-18;0;0;0;0;0;0;0;0;0;0;0;0;0;0;0;0;0;0
FR;10;2022-07-19;0;0;0;0;0;0;0;0;0;0;0;0;0;0;0;0;0;0
FR;10;2022-07-20;0;0;0;0;0;0;0;0;0;0;0;0;0;0;0;0;0;0
FR;10;2022-07-21;0;0;0;0;0;0;0;0;0;0;0;0;0;0;0;0;0;0
FR;10;2022-07-22;0;0;0;0;0;0;0;0;0;0;0;0;0;0;0;0;0;0
FR;10;2022-07-23;0;0;0;0;0;0;0;0;0;0;0;0;0;0;0;0;0;0
FR;10;2022-07-24;0;0;0;0;0;0;0;0;0;0;0;0;0;0;0;0;0;0
FR;10;2022-07-25;0;0;0;0;0;0;0;0;0;0;0;0;0;0;0;0;0;0
FR;10;2022-07-26;0;0;0;0;0;0;0;0;0;0;0;0;0;0;0;0;0;0
FR;10;2022-07-27;0;0;0;0;0;0;0;0;0;0;0;0;0;0;0;0;0;0
FR;10;2022-07-28;0;0;0;0;0;0;0;0;0;0;0;0;0;0;0;0;0;0
FR;10;2022-07-29;0;0;0;0;0;0;0;0;0;0;0;0;0;0;0;0;0;0
FR;10;2022-07-30;0;0;0;0;0;0;0;0;0;0;0;0;0;0;0;0;0;0
FR;10;2022-07-31;0;0;0;0;0;0;0;0;0;0;0;0;0;0;0;0;0;0
FR;10;2022-08-01;0;0;0;0;0;0;0;0;0;0;0;0;0;0;0;0;0;0
FR;10;2022-08-02;0;0;0;0;0;0;0;0;0;0;0;0;0;0;0;0;0;0
FR;10;2022-08-03;0;0;0;0;0;0;0;0;0;0;0;0;0;0;0;0;0;0
FR;10;2022-08-04;0;0;0;0;0;0;0;0;0;0;0;0;0;0;0;0;0;0
FR;10;2022-08-05;0;0;0;0;0;0;0;0;0;0;0;0;0;0;0;0;0;0
FR;10;2022-08-06;0;0;0;0;0;0;0;0;0;0;0;0;0;0;0;0;0;0
FR;10;2022-08-07;0;0;0;0;0;0;0;0;0;0;0;0;0;0;0;0;0;0
FR;10;2022-08-08;0;0;0;0;0;0;0;0;0;0;0;0;0;0;0;0;0;0
FR;10;2022-08-09;0;0;0;0;0;0;0;0;0;0;0;0;0;0;0;0;0;0
FR;10;2022-08-10;0;0;0;0;0;0;0;0;0;0;0;0;0;0;0;0;0;0
FR;10;2022-08-11;0;0;0;0;0;0;0;0;0;0;0;0;0;0;0;0;0;0
FR;10;2022-08-12;0;0;0;0;0;0;0;0;0;0;0;0;0;0;0;0;0;0
FR;10;2022-08-13;0;0;0;0;0;0;0;0;0;0;0;0;0;0;0;0;0;0
FR;10;2022-08-14;0;0;0;0;0;0;0;0;0;0;0;0;0;0;0;0;0;0
FR;10;2022-08-15;0;0;0;0;0;0;0;0;0;0;0;0;0;0;0;0;0;0
FR;10;2022-08-16;0;0;0;0;0;0;0;0;0;0;0;0;0;0;0;0;0;0
FR;10;2022-08-17;0;0;0;0;0;0;0;0;0;0;0;0;0;0;0;0;0;0
FR;10;2022-08-18;0;0;0;0;0;0;0;0;0;0;0;0;0;0;0;0;0;0
FR;10;2022-08-19;0;0;0;0;0;0;0;0;0;0;0;0;0;0;0;0;0;0
FR;10;2022-08-20;0;0;0;0;0;0;0;0;0;0;0;0;0;0;0;0;0;0
FR;10;2022-08-21;0;0;0;0;0;0;0;0;0;0;0;0;0;0;0;0;0;0
FR;10;2022-08-22;0;0;0;0;0;0;0;0;0;0;0;0;0;0;0;0;0;0
FR;10;2022-08-23;0;0;0;0;0;0;0;0;0;0;0;0;0;0;0;0;0;0
FR;10;2022-08-24;0;0;0;0;0;0;0;0;0;0;0;0;0;0;0;0;0;0
FR;10;2022-08-25;0;0;0;0;0;0;0;0;0;0;0;0;0;0;0;0;0;0
FR;10;2022-08-26;0;0;0;0;0;0;0;0;0;0;0;0;0;0;0;0;0;0
FR;10;2022-08-27;0;0;0;0;0;0;0;0;0;0;0;0;0;0;0;0;0;0
FR;10;2022-08-28;0;0;0;0;0;0;0;0;0;0;0;0;0;0;0;0;0;0
FR;10;2022-08-29;0;0;0;0;0;0;0;0;0;0;0;0;0;0;0;0;0;0
FR;10;2022-08-30;0;0;0;0;0;0;0;0;0;0;0;0;0;0;0;0;0;0
FR;10;2022-08-31;0;0;0;0;0;0;0;0;0;0;0;0;0;0;0;0;0;0
FR;10;2022-09-01;0;0;0;0;0;0;0;0;0;0;0;0;0;0;0;0;0;0
FR;10;2022-09-02;0;0;0;0;0;0;0;0;0;0;0;0;0;0;0;0;0;0
FR;10;2022-09-03;0;0;0;0;0;0;0;0;0;0;0;0;0;0;0;0;0;0
FR;10;2022-09-04;0;0;0;0;0;0;0;0;0;0;0;0;0;0;0;0;0;0
FR;10;2022-09-05;0;0;0;0;0;0;0;0;0;0;0;0;0;0;0;0;0;0
FR;10;2022-09-06;0;0;0;0;0;0;0;0;0;0;0;0;0;0;0;0;0;0
FR;10;2022-09-07;0;0;0;0;0;0;0;0;0;0;0;0;0;0;0;0;0;0
FR;10;2022-09-08;0;0;0;0;0;0;0;0;0;0;0;0;0;0;0;0;0;0
FR;10;2022-09-09;0;0;0;0;0;0;0;0;0;0;0;0;0;0;0;0;0;0
FR;10;2022-09-10;0;0;0;0;0;0;0;0;0;0;0;0;0;0;0;0;0;0
FR;10;2022-09-11;0;0;0;0;0;0;0;0;0;0;0;0;0;0;0;0;0;0
FR;10;2022-09-12;0;0;0;0;0;0;0;0;0;0;0;0;0;0;0;0;0;0
FR;10;2022-09-13;0;0;0;0;0;0;0;0;0;0;0;0;0;0;0;0;0;0
FR;10;2022-09-14;0;0;0;0;0;0;0;0;0;0;0;0;0;0;0;0;0;0
FR;10;2022-09-15;0;0;0;0;0;0;0;0;0;0;0;0;0;0;0;0;0;0
FR;10;2022-09-16;0;0;0;0;0;0;0;0;0;0;0;0;0;0;0;0;0;0
FR;10;2022-09-17;0;0;0;0;0;0;0;0;0;0;0;0;0;0;0;0;0;0
FR;10;2022-09-18;0;0;0;0;0;0;0;0;0;0;0;0;0;0;0;0;0;0
FR;10;2022-09-19;0;0;0;0;0;0;0;0;0;0;0;0;0;0;0;0;0;0
FR;10;2022-09-20;0;0;0;0;0;0;0;0;0;0;0;0;0;0;0;0;0;0
FR;10;2022-09-21;0;0;0;0;0;0;0;0;0;0;0;0;0;0;0;0;0;0
FR;10;2022-09-22;0;0;0;0;0;0;0;0;0;0;0;0;0;0;0;0;0;0
FR;10;2022-09-23;0;0;0;0;0;0;0;0;0;0;0;0;0;0;0;0;0;0
FR;10;2022-09-24;0;0;0;0;0;0;0;0;0;0;0;0;0;0;0;0;0;0
FR;10;2022-09-25;0;0;0;0;0;0;0;0;0;0;0;0;0;0;0;0;0;0
FR;10;2022-09-26;0;0;0;0;0;0;0;0;0;0;0;0;0;0;0;0;0;0
FR;10;2022-09-27;0;0;0;0;0;0;0;0;0;0;0;0;0;0;0;0;0;0
FR;10;2022-09-28;0;0;0;0;0;0;0;0;0;0;0;0;0;0;0;0;0;0
FR;10;2022-09-29;0;0;0;0;0;0;0;0;0;0;0;0;0;0;0;0;0;0
FR;10;2022-09-30;0;0;0;0;0;0;0;0;0;0;0;0;0;0;0;0;0;0
FR;10;2022-10-01;0;0;0;0;0;0;0;0;0;0;0;0;0;0;0;0;0;0
FR;10;2022-10-02;0;0;0;0;0;0;0;0;0;0;0;0;0;0;0;0;0;0
FR;10;2022-10-03;0;0;0;0;0;0;0;0;0;0;0;0;0;0;0;0;0;0
FR;10;2022-10-04;0;0;0;0;0;0;0;0;0;0;0;0;0;0;0;0;0;0
FR;10;2022-10-05;0;0;0;0;0;0;0;0;0;0;0;0;0;0;0;0;0;0
FR;10;2022-10-06;0;0;0;0;0;0;0;0;0;0;0;0;0;0;0;0;0;0
FR;10;2022-10-07;0;0;0;0;0;0;0;0;0;0;0;0;0;0;0;0;0;0
FR;10;2022-10-08;0;0;0;0;0;0;0;0;0;0;0;0;0;0;0;0;0;0
FR;10;2022-10-09;0;0;0;0;0;0;0;0;0;0;0;0;0;0;0;0;0;0
FR;10;2022-10-10;0;0;0;0;0;0;0;0;0;0;0;0;0;0;0;0;0;0
FR;10;2022-10-11;0;0;0;0;0;0;0;0;0;0;0;0;0;0;0;0;0;0
FR;10;2022-10-12;0;0;0;0;0;0;0;0;0;0;0;0;0;0;0;0;0;0
FR;10;2022-10-13;0;0;0;0;0;0;0;0;0;0;0;0;0;0;0;0;0;0
FR;10;2022-10-14;0;0;0;0;0;0;0;0;0;0;0;0;0;0;0;0;0;0
FR;10;2022-10-15;0;0;0;0;0;0;0;0;0;0;0;0;0;0;0;0;0;0
FR;10;2022-10-16;0;0;0;0;0;0;0;0;0;0;0;0;0;0;0;0;0;0
FR;10;2022-10-17;0;0;0;0;0;0;0;0;0;0;0;0;0;0;0;0;0;0
FR;10;2022-10-18;0;0;0;0;0;0;0;0;0;0;0;0;0;0;0;0;0;0
FR;10;2022-10-19;0;0;0;0;0;0;0;0;0;0;0;0;0;0;0;0;0;0
FR;10;2022-10-20;0;0;0;0;0;0;0;0;0;0;0;0;0;0;0;0;0;0
FR;10;2022-10-21;0;0;0;0;0;0;0;0;0;0;0;0;0;0;0;0;0;0
FR;10;2022-10-22;0;0;0;0;0;0;0;0;0;0;0;0;0;0;0;0;0;0
FR;10;2022-10-23;0;0;0;0;0;0;0;0;0;0;0;0;0;0;0;0;0;0
FR;10;2022-10-24;0;0;0;0;0;0;0;0;0;0;0;0;0;0;0;0;0;0
FR;10;2022-10-25;0;0;0;0;0;0;0;0;0;0;0;0;0;0;0;0;0;0
FR;10;2022-10-26;0;0;0;0;0;0;0;0;0;0;0;0;0;0;0;0;0;0
FR;10;2022-10-27;0;0;0;0;0;0;0;0;0;0;0;0;0;0;0;0;0;0
FR;10;2022-10-28;0;0;0;0;0;0;0;0;0;0;0;0;0;0;0;0;0;0
FR;10;2022-10-29;0;0;0;0;0;0;0;0;0;0;0;0;0;0;0;0;0;0
FR;10;2022-10-30;0;0;0;0;0;0;0;0;0;0;0;0;0;0;0;0;0;0
FR;10;2022-10-31;0;0;0;0;0;0;0;0;0;0;0;0;0;0;0;0;0;0
FR;10;2022-11-01;0;0;0;0;0;0;0;0;0;0;0;0;0;0;0;0;0;0
FR;10;2022-11-02;0;0;0;0;0;0;0;0;0;0;0;0;0;0;0;0;0;0
FR;10;2022-11-03;0;0;0;0;0;0;0;0;0;0;0;0;0;0;0;0;0;0
FR;10;2022-11-04;0;0;0;0;0;0;0;0;0;0;0;0;0;0;0;0;0;0
FR;10;2022-11-05;0;0;0;0;0;0;0;0;0;0;0;0;0;0;0;0;0;0
FR;10;2022-11-06;0;0;0;0;0;0;0;0;0;0;0;0;0;0;0;0;0;0
FR;10;2022-11-07;0;0;0;0;0;0;0;0;0;0;0;0;0;0;0;0;0;0
FR;10;2022-11-08;0;0;0;0;0;0;0;0;0;0;0;0;0;0;0;0;0;0
FR;10;2022-11-09;0;0;0;0;0;0;0;0;0;0;0;0;0;0;0;0;0;0
FR;10;2022-11-10;0;0;0;0;0;0;0;0;0;0;0;0;0;0;0;0;0;0
FR;10;2022-11-11;0;0;0;0;0;0;0;0;0;0;0;0;0;0;0;0;0;0
FR;10;2022-11-12;0;0;0;0;0;0;0;0;0;0;0;0;0;0;0;0;0;0
FR;10;2022-11-13;0;0;0;0;0;0;0;0;0;0;0;0;0;0;0;0;0;0
FR;10;2022-11-14;0;0;0;0;0;0;0;0;0;0;0;0;0;0;0;0;0;0
FR;10;2022-11-15;0;0;0;0;0;0;0;0;0;0;0;0;0;0;0;0;0;0
FR;10;2022-11-16;0;0;0;0;0;0;0;0;0;0;0;0;0;0;0;0;0;0
FR;10;2022-11-17;0;0;0;0;0;0;0;0;0;0;0;0;0;0;0;0;0;0
FR;10;2022-11-18;0;0;0;0;0;0;0;0;0;0;0;0;0;0;0;0;0;0
FR;10;2022-11-19;0;0;0;0;0;0;0;0;0;0;0;0;0;0;0;0;0;0
FR;10;2022-11-20;0;0;0;0;0;0;0;0;0;0;0;0;0;0;0;0;0;0
FR;10;2022-11-21;0;0;0;0;0;0;0;0;0;0;0;0;0;0;0;0;0;0
FR;10;2022-11-22;0;0;0;0;0;0;0;0;0;0;0;0;0;0;0;0;0;0
FR;10;2022-11-23;0;0;0;0;0;0;0;0;0;0;0;0;0;0;0;0;0;0
FR;10;2022-11-24;0;0;0;0;0;0;0;0;0;0;0;0;0;0;0;0;0;0
FR;10;2022-11-25;0;0;0;0;0;0;0;0;0;0;0;0;0;0;0;0;0;0
FR;10;2022-11-26;0;0;0;0;0;0;0;0;0;0;0;0;0;0;0;0;0;0
FR;10;2022-11-27;0;0;0;0;0;0;0;0;0;0;0;0;0;0;0;0;0;0
FR;10;2022-11-28;0;0;0;0;0;0;0;0;0;0;0;0;0;0;0;0;0;0
FR;10;2022-11-29;0;0;0;0;0;0;0;0;0;0;0;0;0;0;0;0;0;0
FR;10;2022-11-30;0;0;0;0;0;0;0;0;0;0;0;0;0;0;0;0;0;0
FR;10;2022-12-01;0;0;0;0;0;0;0;0;0;0;0;0;0;0;0;0;0;0
FR;10;2022-12-02;0;0;0;0;0;0;0;0;0;0;0;0;0;0;0;0;0;0
FR;10;2022-12-03;0;0;0;0;0;0;0;0;0;0;0;0;0;0;0;0;0;0
FR;10;2022-12-04;0;0;0;0;0;0;0;0;0;0;0;0;0;0;0;0;0;0
FR;10;2022-12-05;0;0;0;0;0;0;0;0;0;0;0;0;0;0;0;0;0;0
FR;10;2022-12-06;0;0;0;0;0;0;0;0;0;0;0;0;0;0;0;0;0;0
FR;10;2022-12-07;0;0;0;0;0;0;0;0;0;0;0;0;0;0;0;0;0;0
FR;10;2022-12-08;0;0;0;0;0;0;0;0;0;0;0;0;0;0;0;0;0;0
FR;10;2022-12-09;0;0;0;0;0;0;0;0;0;0;0;0;0;0;0;0;0;0
FR;10;2022-12-10;0;0;0;0;0;0;0;0;0;0;0;0;0;0;0;0;0;0
FR;10;2022-12-11;0;0;0;0;0;0;0;0;0;0;0;0;0;0;0;0;0;0
FR;10;2022-12-12;0;0;0;0;0;0;0;0;0;0;0;0;0;0;0;0;0;0
FR;10;2022-12-13;0;0;0;0;0;0;0;0;0;0;0;0;0;0;0;0;0;0
FR;10;2022-12-14;0;0;0;0;0;0;0;0;0;0;0;0;0;0;0;0;0;0
FR;10;2022-12-15;0;0;0;0;0;0;0;0;0;0;0;0;0;0;0;0;0;0
FR;10;2022-12-16;0;0;0;0;0;0;0;0;0;0;0;0;0;0;0;0;0;0
FR;10;2022-12-17;0;0;0;0;0;0;0;0;0;0;0;0;0;0;0;0;0;0
FR;10;2022-12-18;0;0;0;0;0;0;0;0;0;0;0;0;0;0;0;0;0;0
FR;10;2022-12-19;0;0;0;0;0;0;0;0;0;0;0;0;0;0;0;0;0;0
FR;10;2022-12-20;0;0;0;0;0;0;0;0;0;0;0;0;0;0;0;0;0;0
FR;10;2022-12-21;0;0;0;0;0;0;0;0;0;0;0;0;0;0;0;0;0;0
FR;10;2022-12-22;0;0;0;1;0;0;1;0;0;0;0;0;1;0;0;1;0;0
FR;10;2022-12-23;0;0;1;14;0;2;14;0;7;0;0;1;15;0;2;15;0;7
FR;10;2022-12-24;0;0;0;3;0;0;3;0;1;0;0;1;18;0;2;18;0;8
FR;10;2022-12-25;0;0;0;0;0;0;0;0;0;0;0;1;18;0;2;18;0;8
FR;10;2022-12-26;3;1;11;35;0;8;39;0;5;3;1;12;53;0;10;57;0;13
FR;10;2022-12-27;1;1;13;34;1;11;36;0;10;4;2;25;87;1;21;93;0;23
FR;10;2022-12-28;0;0;1;13;0;0;12;0;2;4;2;26;100;1;21;105;0;25
FR;0;2020-12-27;616;0;0;0;55;0;0;0;0;616;0;0;0;55;0;0;0;0
FR;0;2020-12-28;701;1;0;0;43;0;0;0;0;1317;1;0;0;98;0;0;0;0
FR;0;2020-12-29;387;0;0;0;19;0;0;0;0;1704;1;0;0;117;0;0;0;0
FR;0;2020-12-30;450;0;0;0;18;0;0;0;0;2154;1;0;0;135;0;0;0;0
FR;0;2020-12-31;446;1;0;0;23;0;0;0;0;2600;2;0;0;158;0;0;0;0
FR;0;2021-01-01;1187;2;0;0;65;0;0;0;0;3787;4;0;0;223;0;0;0;0
FR;0;2021-01-02;366;3;0;0;28;0;0;0;0;4153;7;0;0;251;0;0;0;0
FR;0;2021-01-03;412;0;0;0;23;0;0;0;0;4565;7;0;0;274;0;0;0;0
FR;0;2021-01-04;2126;4;0;0;50;0;0;0;0;6691;11;0;0;324;0;0;0;0
FR;0;2021-01-05;7763;6;0;0;128;0;0;0;0;14454;17;0;0;452;0;0;0;0
FR;0;2021-01-06;12468;23;0;0;127;0;0;0;0;26922;40;0;0;579;0;0;0;0
FR;0;2021-01-07;29475;22;0;0;158;0;0;0;0;56397;62;0;0;737;0;0;0;0
FR;0;2021-01-08;37165;34;0;0;203;0;0;0;0;93562;96;0;0;940;0;0;0;0
FR;0;2021-01-09;11219;9;0;0;77;0;0;0;0;104781;105;0;0;1017;0;0;0;0
FR;0;2021-01-10;6012;8;0;0;28;0;0;0;0;110793;113;0;0;1045;0;0;0;0
FR;0;2021-01-11;39952;36;0;0;229;0;0;0;0;150745;149;0;0;1274;0;0;0;0
FR;0;2021-01-12;62156;27;0;0;298;0;0;0;0;212901;176;0;0;1572;0;0;0;0
FR;0;2021-01-13;65145;59;0;0;431;0;0;0;0;278046;235;0;0;2003;0;0;0;0
FR;0;2021-01-14;83111;235;0;0;1171;0;0;0;0;361157;470;0;0;3174;0;0;0;0
FR;0;2021-01-15;69027;93;0;0;553;0;0;0;0;430184;563;0;0;3727;0;0;0;0
FR;0;2021-01-16;20219;73;0;0;184;0;0;0;0;450403;636;0;0;3911;0;0;0;0
FR;0;2021-01-17;10990;54;0;0;138;0;0;0;0;461393;690;0;0;4049;0;0;0;0
FR;0;2021-01-18;85918;178;0;0;616;0;0;0;0;547311;868;0;0;4665;0;0;0;0
FR;0;2021-01-19;130614;208;0;0;867;0;0;0;0;677925;1076;0;0;5532;0;0;0;0
FR;0;2021-01-20;137563;194;0;0;837;0;0;0;0;815488;1270;0;0;6369;0;0;0;0
FR;0;2021-01-21;158424;198;0;0;946;0;0;0;0;973912;1468;0;0;7315;0;0;0;0
FR;0;2021-01-22;121081;249;0;0;839;0;0;0;0;1094993;1717;0;0;8154;0;0;0;0
FR;0;2021-01-23;38489;80;0;0;217;0;0;0;0;1133482;1797;0;0;8371;0;0;0;0
FR;0;2021-01-24;9748;127;0;0;192;0;0;0;0;1143230;1924;0;0;8563;0;0;0;0
FR;0;2021-01-25;78249;1440;0;0;1792;0;0;0;0;1221479;3364;0;0;10355;0;0;0;0
FR;0;2021-01-26;100389;3688;1;0;4166;0;0;0;0;1321868;7052;1;0;14521;0;0;0;0
FR;0;2021-01-27;107261;6396;0;0;7112;0;0;0;0;1429129;13448;1;0;21633;0;0;0;0
FR;0;2021-01-28;124376;16350;0;0;17174;0;0;0;0;1553505;29798;1;0;38807;0;0;0;0
FR;0;2021-01-29;92200;18697;0;0;19271;0;0;0;0;1645705;48495;1;0;58078;0;0;0;0
FR;0;2021-01-30;29128;4508;0;0;4644;0;0;0;0;1674833;53003;1;0;62722;0;0;0;0
FR;0;2021-01-31;5240;1902;0;0;1946;0;0;0;0;1680073;54905;1;0;64668;0;0;0;0
FR;0;2021-02-01;53149;22898;0;0;23161;0;0;0;0;1733222;77803;1;0;87829;0;0;0;0
FR;0;2021-02-02;72331;37995;0;0;38485;0;0;0;0;1805553;115798;1;0;126314;0;0;0;0
FR;0;2021-02-03;72325;40039;0;0;40539;0;0;0;0;1877878;155837;1;0;166853;0;0;0;0
FR;0;2021-02-04;82090;54783;0;0;55376;0;0;0;0;1959968;210620;1;0;222229;0;0;0;0
FR;0;2021-02-05;68248;48002;0;0;48432;0;0;0;0;2028216;258622;1;0;270661;0;0;0;0
FR;0;2021-02-06;22959;11385;0;0;11623;0;0;0;0;2051175;270007;1;0;282284;0;0;0;0
FR;0;2021-02-07;5195;6020;0;0;6146;0;0;0;0;2056370;276027;1;0;288430;0;0;0;0
FR;0;2021-02-08;46855;48637;0;0;49110;0;0;0;0;2103225;324664;1;0;337540;0;0;0;0
FR;0;2021-02-09;66040;78098;0;0;79189;0;0;0;0;2169265;402762;1;0;416729;0;0;0;0
FR;0;2021-02-10;71036;83071;0;0;84361;0;0;0;0;2240301;485833;1;0;501090;0;0;0;0
FR;0;2021-02-11;87305;105134;0;0;107056;0;0;0;0;2327606;590967;1;0;608146;0;0;0;0
FR;0;2021-02-12;79351;75975;0;0;77709;0;0;0;0;2406957;666942;1;0;685855;0;0;0;0
FR;0;2021-02-13;22387;19536;0;0;19902;0;0;0;0;2429344;686478;1;0;705757;0;0;0;0
FR;0;2021-02-14;5080;7366;0;0;7493;0;0;0;0;2434424;693844;1;0;713250;0;0;0;0
FR;0;2021-02-15;38126;76723;0;0;77725;0;0;0;0;2472550;770567;1;0;790975;0;0;0;0
FR;0;2021-02-16;50413;99813;0;0;101139;0;0;0;0;2522963;870380;1;0;892114;0;0;0;0
FR;0;2021-02-17;50549;106742;20;0;108177;0;0;0;0;2573512;977122;21;0;1000291;0;0;0;0
FR;0;2021-02-18;69811;123467;0;0;125495;0;0;0;0;2643323;1100589;21;0;1125786;0;0;0;0
FR;0;2021-02-19;65087;92084;1;0;93964;0;0;0;0;2708410;1192673;22;0;1219750;0;0;0;0
FR;0;2021-02-20;18599;28567;0;0;28933;0;0;0;0;2727009;1221240;22;0;1248683;0;0;0;0
FR;0;2021-02-21;3332;6082;0;0;6187;0;0;0;0;2730341;1227322;22;0;1254870;0;0;0;0
FR;0;2021-02-22;37508;73195;2;0;74201;0;0;0;0;2767849;1300517;24;0;1329071;0;0;0;0
FR;0;2021-02-23;53796;85234;1;0;86740;0;0;0;0;2821645;1385751;25;0;1415811;0;0;0;0
FR;0;2021-02-24;60032;82800;1;0;84374;0;0;0;0;2881677;1468551;26;0;1500185;0;0;0;0
FR;0;2021-02-25;100607;91348;1;0;94328;0;0;0;0;2982284;1559899;27;0;1594513;0;0;0;0
FR;0;2021-02-26;113487;70757;1;0;73889;0;0;0;0;3095771;1630656;28;0;1668402;0;0;0;0
FR;0;2021-02-27;52128;22421;1;0;23663;0;0;0;0;3147899;1653077;29;0;1692065;0;0;0;0
FR;0;2021-02-28;6208;4126;2;0;4323;0;0;0;0;3154107;1657203;31;0;1696388;0;0;0;0
FR;0;2021-03-01;65931;54065;1;0;55922;0;0;0;0;3220038;1711268;32;0;1752310;0;0;0;0
FR;0;2021-03-02;101409;67157;3;0;70193;0;0;0;0;3321447;1778425;35;0;1822503;0;0;0;0
FR;0;2021-03-03;116552;65467;0;0;69148;0;0;0;0;3437999;1843892;35;0;1891651;0;0;0;0
FR;0;2021-03-04;163655;72494;3;0;78055;0;0;0;0;3601654;1916386;38;0;1969706;0;0;0;0
FR;0;2021-03-05;200954;62723;3;0;69446;0;0;0;0;3802608;1979109;41;0;2039152;0;0;0;0
FR;0;2021-03-06;207983;17509;3;0;22808;0;0;0;0;4010591;1996618;44;0;2061960;0;0;0;0
FR;0;2021-03-07;121289;4048;1;0;7342;0;0;0;0;4131880;2000666;45;0;2069302;0;0;0;0
FR;0;2021-03-08;107173;49616;2;0;53097;0;0;0;0;4239053;2050282;47;0;2122399;0;0;0;0
FR;0;2021-03-09;172476;56090;2;0;61576;0;0;0;0;4411529;2106372;49;0;2183975;0;0;0;0
FR;0;2021-03-10;179035;57092;5;0;62756;0;0;0;0;4590564;2163464;54;0;2246731;0;0;0;0
FR;0;2021-03-11;242927;63995;2;0;72077;0;0;0;0;4833491;2227459;56;0;2318808;0;0;0;0
FR;0;2021-03-12;294865;53383;1;0;62838;0;0;0;0;5128356;2280842;57;0;2381646;0;0;0;0
FR;0;2021-03-13;231440;15270;1;0;21248;0;0;0;0;5359796;2296112;58;0;2402894;0;0;0;0
FR;0;2021-03-14;63358;3078;1;0;5113;0;0;0;0;5423154;2299190;59;0;2408007;0;0;0;0
FR;0;2021-03-15;158690;31571;3;0;36218;0;0;0;0;5581844;2330761;62;0;2444225;0;0;0;0
FR;0;2021-03-16;141590;38822;6;0;42965;0;0;0;0;5723434;2369583;68;0;2487190;0;0;0;0
FR;0;2021-03-17;150514;37614;4;0;42379;0;0;0;0;5873948;2407197;72;0;2529569;0;0;0;0
FR;0;2021-03-18;167862;44393;5;0;49950;0;0;0;0;6041810;2451590;77;0;2579519;0;0;0;0
FR;0;2021-03-19;230048;36762;2;0;44117;0;0;0;0;6271858;2488352;79;0;2623636;0;0;0;0
FR;0;2021-03-20;166715;11395;1;0;16020;0;0;0;0;6438573;2499747;80;0;2639656;0;0;0;0
FR;0;2021-03-21;49953;2154;1;0;3912;0;0;0;0;6488526;2501901;81;0;2643568;0;0;0;0
FR;0;2021-03-22;170076;33562;2;0;39057;0;0;0;0;6658602;2535463;83;0;2682625;0;0;0;0
FR;0;2021-03-23;250426;42399;1;0;50236;0;0;0;0;6909028;2577862;84;0;2732861;0;0;0;0
FR;0;2021-03-24;256939;43545;0;0;51631;0;0;0;0;7165967;2621407;84;0;2784492;0;0;0;0
FR;0;2021-03-25;341861;45251;5;0;56240;0;0;0;0;7507828;2666658;89;0;2840732;0;0;0;0
FR;0;2021-03-26;358838;41801;5;1;53548;0;0;0;0;7866666;2708459;94;1;2894280;0;0;0;0
FR;0;2021-03-27;195292;16937;1;0;23379;0;0;0;0;8061958;2725396;95;1;2917659;0;0;0;0
FR;0;2021-03-28;59352;4542;3;0;6606;0;0;0;0;8121310;2729938;98;1;2924265;0;0;0;0
FR;0;2021-03-29;203012;53447;4;0;60201;0;0;0;0;8324322;2783385;102;1;2984466;0;0;0;0
FR;0;2021-03-30;285524;69986;5;0;80389;0;0;0;0;8609846;2853371;107;1;3064855;0;0;0;0
FR;0;2021-03-31;263073;73959;4;0;84634;0;0;0;0;8872919;2927330;111;1;3149489;0;0;0;0
FR;0;2021-04-01;315561;92601;11;0;106168;0;0;0;0;9188480;3019931;122;1;3255657;0;0;0;0
FR;0;2021-04-02;281374;94677;7;0;106498;0;0;0;0;9469854;3114608;129;1;3362155;0;0;0;0
FR;0;2021-04-03;141090;62551;6;0;67807;0;0;0;0;9610944;3177159;135;1;3429962;0;0;0;0
FR;0;2021-04-04;46546;19007;2;0;21056;0;0;0;0;9657490;3196166;137;1;3451018;0;0;0;0
FR;0;2021-04-05;63359;10431;11;0;13090;0;0;0;0;9720849;3206597;148;1;3464108;0;0;0;0
FR;0;2021-04-06;217257;112868;17;0;121710;0;0;0;0;9938106;3319465;165;1;3585818;0;0;0;0
FR;0;2021-04-07;260308;115268;17;0;126605;0;0;0;0;10198414;3434733;182;1;3712423;0;0;0;0
FR;0;2021-04-08;337902;123085;15;0;138697;0;0;0;0;10536316;3557818;197;1;3851120;0;0;0;0
FR;0;2021-04-09;410213;116844;49;0;134236;0;0;0;0;10946529;3674662;246;1;3985356;0;0;0;0
FR;0;2021-04-10;212656;82842;15;0;91228;0;0;0;0;11159185;3757504;261;1;4076584;0;0;0;0
FR;0;2021-04-11;56157;34184;7;0;36708;0;0;0;0;11215342;3791688;268;1;4113292;0;0;0;0
FR;0;2021-04-12;237112;115796;46;0;125388;0;0;0;0;11452454;3907484;314;1;4238680;0;0;0;0
FR;0;2021-04-13;309534;144186;98;1;157131;0;0;0;0;11761988;4051670;412;2;4395811;0;0;0;0
FR;0;2021-04-14;294576;139744;215;0;153112;0;0;0;0;12056564;4191414;627;2;4548923;0;0;0;0
FR;0;2021-04-15;337172;150353;340;0;165871;0;0;0;0;12393736;4341767;967;2;4714794;0;0;0;0
FR;0;2021-04-16;339352;146986;354;0;161636;0;0;0;0;12733088;4488753;1321;2;4876430;0;0;0;0
FR;0;2021-04-17;188687;89973;109;0;97669;0;0;0;0;12921775;4578726;1430;2;4974099;0;0;0;0
FR;0;2021-04-18;51634;35452;47;0;37871;0;0;0;0;12973409;4614178;1477;2;5011970;0;0;0;0
FR;0;2021-04-19;205739;138257;456;0;147403;0;0;0;0;13179148;4752435;1933;2;5159373;0;0;0;0
FR;0;2021-04-20;254476;171877;569;0;183527;0;0;0;0;13433624;4924312;2502;2;5342900;0;0;0;0
FR;0;2021-04-21;253315;170058;836;0;182073;0;0;0;0;13686939;5094370;3338;2;5524973;0;0;0;0
FR;0;2021-04-22;287615;190286;819;0;204872;0;0;0;0;13974554;5284656;4157;2;5729845;0;0;0;0
FR;0;2021-04-23;297703;184592;747;0;203369;0;0;0;0;14272257;5469248;4904;2;5933214;0;0;0;0
FR;0;2021-04-24;190477;112004;252;0;122454;0;0;0;0;14462734;5581252;5156;2;6055668;0;0;0;0
FR;0;2021-04-25;69573;38841;51;0;42572;0;0;0;0;14532307;5620093;5207;2;6098240;0;0;0;0
FR;0;2021-04-26;220995;158496;563;0;171692;0;0;0;0;14753302;5778589;5770;2;6269932;0;0;0;0
FR;0;2021-04-27;284645;187988;941;0;211300;0;0;0;0;15037947;5966577;6711;2;6481232;0;0;0;0
FR;0;2021-04-28;299561;184585;1426;1;209659;1;0;0;0;15337508;6151162;8137;3;6690891;1;0;0;0
FR;0;2021-04-29;357194;198109;1281;0;233190;0;0;0;0;15694702;6349271;9418;3;6924081;1;0;0;0
FR;0;2021-04-30;372253;185986;1123;1;225326;0;0;0;0;16066955;6535257;10541;4;7149407;1;0;0;0
FR;0;2021-05-01;167672;52512;179;0;63759;0;0;0;0;16234627;6587769;10720;4;7213166;1;0;0;0
FR;0;2021-05-02;91766;37851;83;0;43575;0;0;0;0;16326393;6625620;10803;4;7256741;1;0;0;0
FR;0;2021-05-03;288962;165518;843;0;186036;0;0;0;0;16615355;6791138;11646;4;7442777;1;0;0;0
FR;0;2021-05-04;315738;225485;1235;0;251654;0;0;0;0;16931093;7016623;12881;4;7694431;1;0;0;0
FR;0;2021-05-05;327270;226422;1315;0;251486;0;0;0;0;17258363;7243045;14196;4;7945917;1;0;0;0
FR;0;2021-05-06;379583;240991;1634;0;275243;0;0;0;0;17637946;7484036;15830;4;8221160;1;0;0;0
FR;0;2021-05-07;372813;258738;1224;0;299795;0;0;0;0;18010759;7742774;17054;4;8520955;1;0;0;0
FR;0;2021-05-08;222179;71125;300;0;86338;0;0;0;0;18232938;7813899;17354;4;8607293;1;0;0;0
FR;0;2021-05-09;129724;44702;243;0;53337;0;0;0;0;18362662;7858601;17597;4;8660630;1;0;0;0
FR;0;2021-05-10;313420;229598;1238;0;255376;0;0;0;0;18676082;8088199;18835;4;8916006;1;0;0;0
FR;0;2021-05-11;403960;258339;1566;0;296763;0;0;0;0;19080042;8346538;20401;4;9212769;1;0;0;0
FR;0;2021-05-12;434181;233782;1544;0;270064;0;0;0;0;19514223;8580320;21945;4;9482833;1;0;0;0
FR;0;2021-05-13;338631;56484;432;0;77980;0;0;0;0;19852854;8636804;22377;4;9560813;1;0;0;0
FR;0;2021-05-14;454175;167478;1127;0;203081;0;0;0;0;20307029;8804282;23504;4;9763894;1;0;0;0
FR;0;2021-05-15;375004;94355;444;0;120750;0;0;0;0;20682033;8898637;23948;4;9884644;1;0;0;0
FR;0;2021-05-16;202769;20692;168;0;34092;0;0;0;0;20884802;8919329;24116;4;9918736;1;0;0;0
FR;0;2021-05-17;376144;148847;1555;0;178640;0;0;0;0;21260946;9068176;25671;4;10097376;1;0;0;0
FR;0;2021-05-18;460192;154011;1990;0;193159;0;0;0;0;21721138;9222187;27661;4;10290535;1;0;0;0
FR;0;2021-05-19;467447;142678;2465;0;179943;0;0;0;0;22188585;9364865;30126;4;10470478;1;0;0;0
FR;0;2021-05-20;507578;160289;2340;0;204267;0;0;0;0;22696163;9525154;32466;4;10674745;1;0;0;0
FR;0;2021-05-21;489716;175175;1996;0;221727;0;0;0;0;23185879;9700329;34462;4;10896472;1;0;0;0
FR;0;2021-05-22;347218;80194;670;0;108622;0;0;0;0;23533097;9780523;35132;4;11005094;1;0;0;0
FR;0;2021-05-23;161709;14224;246;0;26694;0;0;0;0;23694806;9794747;35378;4;11031788;1;0;0;0
FR;0;2021-05-24;263212;33100;604;0;52938;0;0;0;0;23958018;9827847;35982;4;11084726;1;0;0;0
FR;0;2021-05-25;400303;190424;2357;1;226984;0;0;0;0;24358321;10018271;38339;5;11311710;1;0;0;0
FR;0;2021-05-26;413485;190959;2227;0;229022;0;0;0;0;24771806;10209230;40566;5;11540732;1;0;0;0
FR;0;2021-05-27;449849;219884;2163;0;267029;0;0;0;0;25221655;10429114;42729;5;11807761;1;0;0;0
FR;0;2021-05-28;429582;261026;1894;0;319127;0;0;0;0;25651237;10690140;44623;5;12126888;1;0;0;0
FR;0;2021-05-29;299002;150423;586;0;183277;0;0;0;0;25950239;10840563;45209;5;12310165;1;0;0;0
FR;0;2021-05-30;107151;32518;164;0;42104;0;0;0;0;26057390;10873081;45373;5;12352269;1;0;0;0
FR;0;2021-05-31;358068;203458;1473;1;241742;1;0;0;0;26415458;11076539;46846;6;12594011;2;0;0;0
FR;0;2021-06-01;431104;251209;1970;1;302855;1;0;0;0;26846562;11327748;48816;7;12896866;3;0;0;0
FR;0;2021-06-02;420147;232499;1985;0;279881;0;0;0;0;27266709;11560247;50801;7;13176747;3;0;0;0
FR;0;2021-06-03;465664;257739;1826;0;312504;0;0;0;0;27732373;11817986;52627;7;13489251;3;0;0;0
FR;0;2021-06-04;456281;305762;1734;1;363165;1;0;0;0;28188654;12123748;54361;8;13852416;4;0;0;0
FR;0;2021-06-05;304822;189502;653;0;222716;0;0;0;0;28493476;12313250;55014;8;14075132;4;0;0;0
FR;0;2021-06-06;133331;49046;226;0;61188;0;0;0;0;28626807;12362296;55240;8;14136320;4;0;0;0
FR;0;2021-06-07;340008;261532;1529;0;298628;0;0;0;0;28966815;12623828;56769;8;14434948;4;0;0;0
FR;0;2021-06-08;393926;291356;1806;0;338223;0;0;0;0;29360741;12915184;58575;8;14773171;4;0;0;0
FR;0;2021-06-09;384906;273900;1734;0;318315;0;0;0;0;29745647;13189084;60309;8;15091486;4;0;0;0
FR;0;2021-06-10;404224;286643;1727;1;336084;0;0;0;0;30149871;13475727;62036;9;15427570;4;0;0;0
FR;0;2021-06-11;386693;356526;1467;1;406957;0;0;0;0;30536564;13832253;63503;10;15834527;4;0;0;0
FR;0;2021-06-12;283289;210985;497;0;243131;0;0;0;0;30819853;14043238;64000;10;16077658;4;0;0;0
FR;0;2021-06-13;104897;73850;204;0;84841;0;0;0;0;30924750;14117088;64204;10;16162499;4;0;0;0
FR;0;2021-06-14;240866;354137;1429;1;383322;0;0;0;0;31165616;14471225;65633;11;16545821;4;0;0;0
FR;0;2021-06-15;308203;384439;1574;1;423206;0;0;0;0;31473819;14855664;67207;12;16969027;4;0;0;0
FR;0;2021-06-16;314004;357531;1418;1;395293;0;0;0;0;31787823;15213195;68625;13;17364320;4;0;0;0
FR;0;2021-06-17;317717;373044;1431;1;414229;0;0;0;0;32105540;15586239;70056;14;17778549;4;0;0;0
FR;0;2021-06-18;321775;442591;1341;1;485982;0;0;0;0;32427315;16028830;71397;15;18264531;4;0;0;0
FR;0;2021-06-19;224357;273982;449;0;301164;0;0;0;0;32651672;16302812;71846;15;18565695;4;0;0;0
FR;0;2021-06-20;74452;102303;130;0;111497;0;0;0;0;32726124;16405115;71976;15;18677192;4;0;0;0
FR;0;2021-06-21;195800;401683;1038;1;427638;1;0;0;0;32921924;16806798;73014;16;19104830;5;0;0;0
FR;0;2021-06-22;223222;467667;1266;10;500320;1;0;0;0;33145146;17274465;74280;26;19605150;6;0;0;0
FR;0;2021-06-23;234065;440010;1197;1;474120;1;0;0;0;33379211;17714475;75477;27;20079270;7;0;0;0
FR;0;2021-06-24;241888;409638;1359;0;447135;0;0;0;0;33621099;18124113;76836;27;20526405;7;0;0;0
FR;0;2021-06-25;227661;522966;1403;0;561965;0;0;0;0;33848760;18647079;78239;27;21088370;7;0;0;0
FR;0;2021-06-26;153282;370994;587;1;395788;0;0;0;0;34002042;19018073;78826;28;21484158;7;0;0;0
FR;0;2021-06-27;55916;155960;169;1;164872;0;0;0;0;34057958;19174033;78995;29;21649030;7;0;0;0
FR;0;2021-06-28;154801;452544;1177;0;478141;0;0;0;0;34212759;19626577;80172;29;22127171;7;0;0;0
FR;0;2021-06-29;182730;507660;2123;0;539043;0;0;0;0;34395489;20134237;82295;29;22666214;7;0;0;0
FR;0;2021-06-30;204032;485108;2015;21;519392;2;0;0;0;34599521;20619345;84310;50;23185606;9;0;0;0
FR;0;2021-07-01;231434;458418;2224;5;498384;1;0;0;0;34830955;21077763;86534;55;23683990;10;0;0;0
FR;0;2021-07-02;228699;520008;2120;5;562336;2;0;0;0;35059654;21597771;88654;60;24246326;12;0;0;0
FR;0;2021-07-03;142053;368759;908;3;395253;1;0;0;0;35201707;21966530;89562;63;24641579;13;0;0;0
FR;0;2021-07-04;56760;141014;265;0;150711;0;0;0;0;35258467;22107544;89827;63;24792290;13;0;0;0
FR;0;2021-07-05;168532;418672;1668;8;448621;0;0;0;0;35426999;22526216;91495;71;25240911;13;0;0;0
FR;0;2021-07-06;196793;474505;1830;45;511113;8;0;0;0;35623792;23000721;93325;116;25752024;21;0;0;0
FR;0;2021-07-07;213227;438976;1880;25;477444;3;0;0;0;35837019;23439697;95205;141;26229468;24;0;0;0
FR;0;2021-07-08;231662;424097;2089;20;468048;3;0;0;0;36068681;23863794;97294;161;26697516;27;0;0;0
FR;0;2021-07-09;228634;511072;2185;4;557390;2;0;0;0;36297315;24374866;99479;165;27254906;29;0;0;0
FR;0;2021-07-10;148627;339907;986;1;368857;1;0;0;0;36445942;24714773;100465;166;27623763;30;0;0;0
FR;0;2021-07-11;60209;110049;283;0;120967;0;0;0;0;36506151;24824822;100748;166;27744730;30;0;0;0
FR;0;2021-07-12;169433;477774;1765;4;512533;0;0;0;0;36675584;25302596;102513;170;28257263;30;0;0;0
FR;0;2021-07-13;287283;526686;2050;8;585737;1;0;0;0;36962867;25829282;104563;178;28843000;31;0;0;0
FR;0;2021-07-14;181117;157378;435;0;186699;0;0;0;0;37143984;25986660;104998;178;29029699;31;0;0;0
FR;0;2021-07-15;347116;501642;2100;1;571637;0;0;0;0;37491100;26488302;107098;179;29601336;31;0;0;0
FR;0;2021-07-16;380121;495074;2023;3;574286;1;0;0;0;37871221;26983376;109121;182;30175622;32;0;0;0
FR;0;2021-07-17;259745;319621;877;1;368589;0;0;0;0;38130966;27302997;109998;183;30544211;32;0;0;0
FR;0;2021-07-18;109735;114577;310;0;133024;0;0;0;0;38240701;27417574;110308;183;30677235;32;0;0;0
FR;0;2021-07-19;285511;423975;1631;3;479017;0;0;0;0;38526212;27841549;111939;186;31156252;32;0;0;0
FR;0;2021-07-20;376933;451307;1724;0;523660;0;0;0;0;38903145;28292856;113663;186;31679912;32;0;0;0
FR;0;2021-07-21;395827;406952;1549;4;481981;1;0;0;0;39298972;28699808;115212;190;32161893;33;0;0;0
FR;0;2021-07-22;441071;387368;1715;4;471888;2;0;0;0;39740043;29087176;116927;194;32633781;35;0;0;0
FR;0;2021-07-23;440341;422085;1883;4;510078;1;0;0;0;40180384;29509261;118810;198;33143859;36;0;0;0
FR;0;2021-07-24;285259;269312;804;1;322014;0;0;0;0;40465643;29778573;119614;199;33465873;36;0;0;0
FR;0;2021-07-25;121120;79925;234;0;100287;0;0;0;0;40586763;29858498;119848;199;33566160;36;0;0;0
FR;0;2021-07-26;347438;322213;1614;3;384790;1;0;0;0;40934201;30180711;121462;202;33950950;37;0;0;0
FR;0;2021-07-27;464096;319344;1698;4;400510;1;0;0;0;41398297;30500055;123160;206;34351460;38;0;0;0
FR;0;2021-07-28;459458;289371;1637;4;367009;1;0;0;0;41857755;30789426;124797;210;34718469;39;0;0;0
FR;0;2021-07-29;489849;276148;1797;2;357064;0;0;0;0;42347604;31065574;126594;212;35075533;39;0;0;0
FR;0;2021-07-30;461847;302411;1941;5;380934;1;0;0;0;42809451;31367985;128535;217;35456467;40;0;0;0
FR;0;2021-07-31;285414;185012;916;1;231528;0;0;0;0;43094865;31552997;129451;218;35687995;40;0;0;0
FR;0;2021-08-01;112037;49920;255;0;65701;0;0;0;0;43206902;31602917;129706;218;35753696;40;0;0;0
FR;0;2021-08-02;341654;234055;1602;2;284785;0;0;0;0;43548556;31836972;131308;220;36038481;40;0;0;0
FR;0;2021-08-03;398631;244491;1728;2;304596;1;0;0;0;43947187;32081463;133036;222;36343077;41;0;0;0
FR;0;2021-08-04;384874;209545;1593;6;265697;3;0;0;0;44332061;32291008;134629;228;36608774;44;0;0;0
FR;0;2021-08-05;366188;228358;1711;0;281759;0;0;0;0;44698249;32519366;136340;228;36890533;44;0;0;0
FR;0;2021-08-06;359743;271239;1835;4;326661;0;0;0;0;45057992;32790605;138175;232;37217194;44;0;0;0
FR;0;2021-08-07;213137;178317;756;5;210065;1;0;0;0;45271129;32968922;138931;237;37427259;45;0;0;0
FR;0;2021-08-08;74199;63184;276;0;73616;0;0;0;0;45345328;33032106;139207;237;37500875;45;0;0;0
FR;0;2021-08-09;258769;258631;1548;4;297579;2;0;0;0;45604097;33290737;140755;241;37798454;47;0;0;0
FR;0;2021-08-10;306886;277104;1663;2;323529;0;0;0;0;45910983;33567841;142418;243;38121983;47;0;0;0
FR;0;2021-08-11;279756;259588;1441;5;301682;0;0;0;0;46190739;33827429;143859;248;38423665;47;0;0;0
FR;0;2021-08-12;271558;278061;1668;3;320360;0;0;0;0;46462297;34105490;145527;251;38744025;47;0;0;0
FR;0;2021-08-13;252165;278078;1594;3;316945;2;0;0;0;46714462;34383568;147121;254;39060970;49;0;0;0
FR;0;2021-08-14;145353;197087;740;0;219032;0;0;0;0;46859815;34580655;147861;254;39280002;49;0;0;0
FR;0;2021-08-15;39395;50094;218;1;55680;0;0;0;0;46899210;34630749;148079;255;39335682;49;0;0;0
FR;0;2021-08-16;186194;317522;1542;0;345476;0;0;0;0;47085404;34948271;149621;255;39681158;49;0;0;0
FR;0;2021-08-17;215703;335836;1638;7;368902;0;0;0;0;47301107;35284107;151259;262;40050060;49;0;0;0
FR;0;2021-08-18;199065;324387;1599;7;354583;4;0;0;0;47500172;35608494;152858;269;40404643;53;0;0;0
FR;0;2021-08-19;192043;325412;1642;1;356005;0;0;0;0;47692215;35933906;154500;270;40760648;53;0;0;0
FR;0;2021-08-20;186481;366201;1820;3;396672;2;0;0;0;47878696;36300107;156320;273;41157320;55;0;0;0
FR;0;2021-08-21;104806;238127;708;0;254573;0;0;0;0;47983502;36538234;157028;273;41411893;55;0;0;0
FR;0;2021-08-22;31946;87211;256;1;92165;1;0;0;0;48015448;36625445;157284;274;41504058;56;0;0;0
FR;0;2021-08-23;140987;356997;1561;3;379617;0;0;0;0;48156435;36982442;158845;277;41883675;56;0;0;0
FR;0;2021-08-24;162511;376618;1850;5;402903;0;0;0;0;48318946;37359060;160695;282;42286578;56;0;0;0
FR;0;2021-08-25;151159;350737;2036;8;375465;2;0;0;0;48470105;37709797;162731;290;42662043;58;0;0;0
FR;0;2021-08-26;142886;342742;2561;10;367586;0;0;0;0;48612991;38052539;165292;300;43029629;58;0;0;0
FR;0;2021-08-27;148457;388255;2791;11;414967;1;0;0;0;48761448;38440794;168083;311;43444596;59;0;0;0
FR;0;2021-08-28;90676;249621;1407;0;264972;0;0;0;0;48852124;38690415;169490;311;43709568;59;0;0;0
FR;0;2021-08-29;27323;83345;518;1;88266;0;0;0;0;48879447;38773760;170008;312;43797834;59;0;0;0
FR;0;2021-08-30;117427;324592;4713;6;342408;5857;0;0;0;48996874;39098352;174721;318;44140242;5916;0;0;0
FR;0;2021-08-31;128824;334469;10189;19;353952;11783;2;0;0;49125698;39432821;184910;337;44494194;17699;2;0;0
FR;0;2021-09-01;136158;285668;22435;8;302445;24403;1;0;0;49261856;39718489;207345;345;44796639;42102;3;0;0
FR;0;2021-09-02;114658;247201;26521;20;262119;29004;0;0;0;49376514;39965690;233866;365;45058758;71106;3;0;0
FR;0;2021-09-03;118321;292659;29967;24;309336;33077;1;0;0;49494835;40258349;263833;389;45368094;104183;4;0;0
FR;0;2021-09-04;89891;217781;12588;12;230504;14149;7;0;0;49584726;40476130;276421;401;45598598;118332;11;0;0
FR;0;2021-09-05;21362;44803;4395;2;48292;4714;0;0;0;49606088;40520933;280816;403;45646890;123046;11;0;0
FR;0;2021-09-06;75696;180525;31956;16;190719;34306;2;0;0;49681784;40701458;312772;419;45837609;157352;13;0;0
FR;0;2021-09-07;80313;181191;33248;43;191087;36304;2;0;0;49762097;40882649;346020;462;46028696;193656;15;0;0
FR;0;2021-09-08;91004;206078;29667;28;216594;32563;4;0;0;49853101;41088727;375687;490;46245290;226219;19;0;0
FR;0;2021-09-09;76958;165306;33081;27;174129;36694;5;0;0;49930059;41254033;408768;517;46419419;262913;24;0;0
FR;0;2021-09-10;96040;203804;35743;28;214921;40774;7;0;0;50026099;41457837;444511;545;46634340;303687;31;0;0
FR;0;2021-09-11;67167;169315;12140;19;178191;14397;0;0;0;50093266;41627152;456651;564;46812531;318084;31;0;0
FR;0;2021-09-12;12827;32096;2782;1;34146;3187;2;0;0;50106093;41659248;459433;565;46846677;321271;33;0;0
FR;0;2021-09-13;64575;126184;41245;35;134225;44250;17;0;0;50170668;41785432;500678;600;46980902;365521;50;0;0
FR;0;2021-09-14;73496;129005;56383;80;135788;62415;42;0;0;50244164;41914437;557061;680;47116690;427936;92;0;0
FR;0;2021-09-15;76652;167759;55670;58;174719;54845;77;0;0;50320816;42082196;612731;738;47291409;482781;169;0;0
FR;0;2021-09-16;63887;114496;60100;82;117887;60163;69;0;0;50384703;42196692;672831;820;47409296;542944;238;0;0
FR;0;2021-09-17;75088;156840;53857;71;159734;57339;68;0;0;50459791;42353532;726688;891;47569030;600283;306;0;0
FR;0;2021-09-18;48240;139626;15602;25;144314;17319;20;0;0;50508031;42493158;742290;916;47713344;617602;326;0;0
FR;0;2021-09-19;7908;23659;2440;1;24887;2618;1;0;0;50515939;42516817;744730;917;47738231;620220;327;0;0
FR;0;2021-09-20;44575;93748;50088;72;96243;50344;36;0;0;50560514;42610565;794818;989;47834474;670564;363;0;0
FR;0;2021-09-21;45908;98384;62769;77;98393;63506;80;0;0;50606422;42708949;857587;1066;47932867;734070;443;0;0
FR;0;2021-09-22;48696;142394;55377;82;144848;55463;49;0;0;50655118;42851343;912964;1148;48077715;789533;492;0;0
FR;0;2021-09-23;43292;92071;62402;95;91276;63589;90;0;0;50698410;42943414;975366;1243;48168991;853122;582;0;0
FR;0;2021-09-24;52315;133299;54563;107;132407;59220;78;0;0;50750725;43076713;1029929;1350;48301398;912342;660;0;0
FR;0;2021-09-25;35221;115652;16276;36;118647;18311;22;0;0;50785946;43192365;1046205;1386;48420045;930653;682;0;0
FR;0;2021-09-26;5556;17803;2273;5;18688;2331;5;0;0;50791502;43210168;1048478;1391;48438733;932984;687;0;0
FR;0;2021-09-27;33982;76914;47203;97;78801;48187;83;0;1;50825484;43287082;1095681;1488;48517534;981171;770;0;1
FR;0;2021-09-28;36522;75242;54976;90;74338;56581;48;0;0;50862006;43362324;1150657;1578;48591872;1037752;818;0;1
FR;0;2021-09-29;44423;100710;53369;112;102870;54904;44;0;0;50906429;43463034;1204026;1690;48694742;1092656;862;0;1
FR;0;2021-09-30;36345;72968;57044;96;71478;59602;58;0;0;50942774;43536002;1261070;1786;48766220;1152258;920;0;1
FR;0;2021-10-01;61715;102862;57829;108;101435;63996;25;0;0;51004489;43638864;1318899;1894;48867655;1216254;945;0;1
FR;0;2021-10-02;39470;78443;20964;39;81730;23383;12;0;0;51043959;43717307;1339863;1933;48949385;1239637;957;0;1
FR;0;2021-10-03;5289;10496;2533;4;11259;2542;4;0;0;51049248;43727803;1342396;1937;48960644;1242179;961;0;1
FR;0;2021-10-04;35199;58498;52632;84;59507;54850;37;0;0;51084447;43786301;1395028;2021;49020151;1297029;998;0;1
FR;0;2021-10-05;33927;64363;61028;135;62105;65105;51;0;0;51118374;43850664;1456056;2156;49082256;1362134;1049;0;1
FR;0;2021-10-06;42723;79283;65759;112;80169;68373;29;0;0;51161097;43929947;1521815;2268;49162425;1430507;1078;0;1
FR;0;2021-10-07;30569;62271;65443;89;59500;68884;39;0;0;51191666;43992218;1587258;2357;49221925;1499391;1117;0;1
FR;0;2021-10-08;49482;91936;77769;111;89885;84803;42;0;0;51241148;44084154;1665027;2468;49311810;1584194;1159;0;1
FR;0;2021-10-09;33677;60936;31547;35;64139;33924;17;0;0;51274825;44145090;1696574;2503;49375949;1618118;1176;0;1
FR;0;2021-10-10;4720;7429;3198;9;7945;3477;2;0;0;51279545;44152519;1699772;2512;49383894;1621595;1178;0;1
FR;0;2021-10-11;30732;49899;61046;105;50619;64107;51;0;0;51310277;44202418;1760818;2617;49434513;1685702;1229;0;1
FR;0;2021-10-12;31643;54482;70630;141;51336;76028;27;0;0;51341920;44256900;1831448;2758;49485849;1761730;1256;0;1
FR;0;2021-10-13;40165;62830;74441;137;62798;79379;30;0;1;51382085;44319730;1905889;2895;49548647;1841109;1286;0;2
FR;0;2021-10-14;30360;52869;68774;116;49701;73854;35;0;0;51412445;44372599;1974663;3011;49598348;1914963;1321;0;2
FR;0;2021-10-15;44951;75236;93245;191;70336;103041;27;0;0;51457396;44447835;2067908;3202;49668684;2018004;1348;0;2
FR;0;2021-10-16;31332;44099;36698;44;46707;39659;16;0;0;51488728;44491934;2104606;3246;49715391;2057663;1364;0;2
FR;0;2021-10-17;3891;5223;3602;2;5670;3673;4;0;0;51492619;44497157;2108208;3248;49721061;2061336;1368;0;2
FR;0;2021-10-18;29208;42356;67515;134;42578;71372;28;0;0;51521827;44539513;2175723;3382;49763639;2132708;1396;0;2
FR;0;2021-10-19;27195;45552;76424;140;43217;81670;46;0;0;51549022;44585065;2252147;3522;49806856;2214378;1442;0;2
FR;0;2021-10-20;35342;52412;96953;181;51824;101569;45;0;0;51584364;44637477;2349100;3703;49858680;2315947;1487;0;2
FR;0;2021-10-21;26164;45165;83989;112;41965;89181;32;0;0;51610528;44682642;2433089;3815;49900645;2405128;1519;0;2
FR;0;2021-10-22;38449;62486;104923;200;59366;112639;62;0;0;51648977;44745128;2538012;4015;49960011;2517767;1581;0;2
FR;0;2021-10-23;27033;41205;45465;57;42436;48636;14;0;0;51676010;44786333;2583477;4072;50002447;2566403;1595;0;2
FR;0;2021-10-24;2946;4765;3685;6;5014;3924;1;0;0;51678956;44791098;2587162;4078;50007461;2570327;1596;0;2
FR;0;2021-10-25;26101;36231;82345;144;35509;86676;39;0;0;51705057;44827329;2669507;4222;50042970;2657003;1635;0;2
FR;0;2021-10-26;23767;34995;87276;166;32175;92396;36;0;0;51728824;44862324;2756783;4388;50075145;2749399;1671;0;2
FR;0;2021-10-27;30112;46319;109028;257;44058;114748;52;0;0;51758936;44908643;2865811;4645;50119203;2864147;1723;0;2
FR;0;2021-10-28;23608;34930;88739;153;31209;94529;38;0;0;51782544;44943573;2954550;4798;50150412;2958676;1761;0;2
FR;0;2021-10-29;31581;51461;117343;206;46514;125424;56;0;0;51814125;44995034;3071893;5004;50196926;3084100;1817;0;2
FR;0;2021-10-30;20574;33233;50359;76;32929;53420;20;0;0;51834699;45028267;3122252;5080;50229855;3137520;1837;0;2
FR;0;2021-10-31;2517;3734;3594;3;3846;3880;3;0;0;51837216;45032001;3125846;5083;50233701;3141400;1840;0;2
FR;0;2021-11-01;8529;4868;3222;3;5021;3584;10;0;0;51845745;45036869;3129068;5086;50238722;3144984;1850;0;2
FR;0;2021-11-02;26374;40106;93605;156;36255;99655;44;0;1;51872119;45076975;3222673;5242;50274977;3244639;1894;0;3
FR;0;2021-11-03;30127;47922;118917;222;43585;125888;66;0;0;51902246;45124897;3341590;5464;50318562;3370527;1960;0;3
FR;0;2021-11-04;23820;37478;107594;217;31583;114481;47;0;0;51926066;45162375;3449184;5681;50350145;3485008;2007;0;3
FR;0;2021-11-05;32407;52941;141668;236;44660;151452;54;0;0;51958473;45215316;3590852;5917;50394805;3636460;2061;0;3
FR;0;2021-11-06;21551;34557;64895;123;32397;68331;27;0;0;51980024;45249873;3655747;6040;50427202;3704791;2088;0;3
FR;0;2021-11-07;2427;4169;5207;6;4011;5598;7;0;0;51982451;45254042;3660954;6046;50431213;3710389;2095;0;3
FR;0;2021-11-08;20626;37735;127222;227;30951;134344;51;0;0;52003077;45291777;3788176;6273;50462164;3844733;2146;0;3
FR;0;2021-11-09;22441;44652;161734;339;32874;172332;69;0;0;52025518;45336429;3949910;6612;50495038;4017065;2215;0;3
FR;0;2021-11-10;31614;54907;187056;447;44054;198874;96;0;0;52057132;45391336;4136966;7059;50539092;4215939;2311;0;3
FR;0;2021-11-11;4748;6752;12993;28;5907;13981;17;0;0;52061880;45398088;4149959;7087;50544999;4229920;2328;0;3
FR;0;2021-11-12;29097;55060;183835;252;41746;197477;91;0;0;52090977;45453148;4333794;7339;50586745;4427397;2419;0;3
FR;0;2021-11-13;20354;32610;80728;118;28239;86356;45;0;0;52111331;45485758;4414522;7457;50614984;4513753;2464;0;3
FR;0;2021-11-14;2365;3860;7183;6;3365;7848;9;0;0;52113696;45489618;4421705;7463;50618349;4521601;2473;0;3
FR;0;2021-11-15;20513;38556;160900;314;27797;171629;78;0;0;52134209;45528174;4582605;7777;50646146;4693230;2551;0;3
FR;0;2021-11-16;23664;43866;200473;394;27740;215166;119;0;1;52157873;45572040;4783078;8171;50673886;4908396;2670;0;4
FR;0;2021-11-17;30541;50247;199897;406;36461;212954;101;0;0;52188414;45622287;4982975;8577;50710347;5121350;2771;0;4
FR;0;2021-11-18;23454;45695;191738;468;29417;205711;96;0;0;52211868;45667982;5174713;9045;50739764;5327061;2867;0;4
FR;0;2021-11-19;33692;61279;243283;551;39934;262282;151;0;0;52245560;45729261;5417996;9596;50779698;5589343;3018;0;4
FR;0;2021-11-20;25417;36667;102186;207;29269;109757;47;0;0;52270977;45765928;5520182;9803;50808967;5699100;3065;0;4
FR;0;2021-11-21;2660;4445;9675;19;3441;10604;19;0;0;52273637;45770373;5529857;9822;50812408;5709704;3084;0;4
FR;0;2021-11-22;22820;33138;180429;472;18931;194920;89;0;0;52296457;45803511;5710286;10294;50831339;5904624;3173;0;4
FR;0;2021-11-23;25731;45466;229473;549;24129;247951;85;0;0;52322188;45848977;5939759;10843;50855468;6152575;3258;0;4
FR;0;2021-11-24;31820;53617;224890;716;34512;243332;81;0;0;52354008;45902594;6164649;11559;50889980;6395907;3339;0;4
FR;0;2021-11-25;25650;49134;256001;739;25074;277884;112;0;0;52379658;45951728;6420650;12298;50915054;6673791;3451;0;4
FR;0;2021-11-26;33257;74697;379551;867;37440;414769;172;0;0;52412915;46026425;6800201;13165;50952494;7088560;3623;0;4
FR;0;2021-11-27;23508;49588;214964;390;28491;236763;134;0;0;52436423;46076013;7015165;13555;50980985;7325323;3757;0;4
FR;0;2021-11-28;3524;10469;56781;66;4067;63337;42;0;0;52439947;46086482;7071946;13621;50985052;7388660;3799;0;4
FR;0;2021-11-29;19444;54072;341550;864;23119;371866;178;0;0;52459391;46140554;7413496;14485;51008171;7760526;3977;0;4
FR;0;2021-11-30;24785;71851;457467;988;26872;500896;286;0;0;52484176;46212405;7870963;15473;51035043;8261422;4263;0;4
FR;0;2021-12-01;27386;75522;469196;1162;31401;511429;304;0;0;52511562;46287927;8340159;16635;51066444;8772851;4567;0;4
FR;0;2021-12-02;22122;71588;527222;1281;21103;575034;306;0;0;52533684;46359515;8867381;17916;51087547;9347885;4873;0;4
FR;0;2021-12-03;25579;92841;596500;1421;34423;651269;341;0;0;52559263;46452356;9463881;19337;51121970;9999154;5214;0;4
FR;0;2021-12-04;18343;60365;336292;692;25727;369877;198;0;0;52577606;46512721;9800173;20029;51147697;10369031;5412;0;4
FR;0;2021-12-05;4157;16110;95812;157;4871;107049;92;0;0;52581763;46528831;9895985;20186;51152568;10476080;5504;0;4
FR;0;2021-12-06;28455;72738;493242;1175;25301;540057;384;0;0;52610218;46601569;10389227;21361;51177869;11016137;5888;0;4
FR;0;2021-12-07;23559;91241;645523;1774;28588;706508;415;0;0;52633777;46692810;11034750;23135;51206457;11722645;6303;0;4
FR;0;2021-12-08;25521;91966;591749;1875;35002;647641;440;0;0;52659298;46784776;11626499;25010;51241459;12370286;6743;0;4
FR;0;2021-12-09;24083;94123;663258;2182;29072;726704;462;0;0;52683381;46878899;12289757;27192;51270531;13096990;7205;0;4
FR;0;2021-12-10;28073;110936;736165;2075;38046;806331;468;0;1;52711454;46989835;13025922;29267;51308577;13903321;7673;0;5
FR;0;2021-12-11;20251;76088;435240;990;29992;480458;345;0;0;52731705;47065923;13461162;30257;51338569;14383779;8018;0;5
FR;0;2021-12-12;5678;23134;142346;262;6408;159226;108;0;0;52737383;47089057;13603508;30519;51344977;14543005;8126;0;5
FR;0;2021-12-13;21363;90788;587792;1699;29737;649410;396;0;0;52758746;47179845;14191300;32218;51374714;15192415;8522;0;5
FR;0;2021-12-14;27984;118284;765744;2656;35512;847694;698;0;1;52786730;47298129;14957044;34874;51410226;16040109;9220;0;6
FR;0;2021-12-15;28448;114235;694465;2266;39578;769254;502;0;1;52815178;47412364;15651509;37140;51449804;16809363;9722;0;7
FR;0;2021-12-16;28054;115680;764175;2558;35194;844589;516;0;0;52843232;47528044;16415684;39698;51484998;17653952;10238;0;7
FR;0;2021-12-17;31663;128361;807983;2713;43457;892141;611;0;0;52874895;47656405;17223667;42411;51528455;18546093;10849;0;7
FR;0;2021-12-18;24944;81556;470035;1179;30106;522261;353;0;0;52899839;47737961;17693702;43590;51558561;19068354;11202;0;7
FR;0;2021-12-19;8769;28560;169436;376;7863;191068;141;0;0;52908608;47766521;17863138;43966;51566424;19259422;11343;0;7
FR;0;2021-12-20;31777;97186;591591;1787;33958;658827;499;0;0;52940385;47863707;18454729;45753;51600382;19918249;11842;0;7
FR;0;2021-12-21;39476;111966;682510;2392;38868;759653;603;0;0;52979861;47975673;19137239;48145;51639250;20677902;12445;0;7
FR;0;2021-12-22;39562;99221;575863;2169;37188;642181;687;0;2;53019423;48074894;19713102;50314;51676438;21320083;13132;0;9
FR;0;2021-12-23;33785;79429;441069;1659;30188;494421;591;0;0;53053208;48154323;20154171;51973;51706626;21814504;13723;0;9
FR;0;2021-12-24;10697;26060;111046;398;11668;126674;236;0;1;53063905;48180383;20265217;52371;51718294;21941178;13959;0;10
FR;0;2021-12-25;776;3583;7598;25;2054;9026;72;0;0;53064681;48183966;20272815;52396;51720348;21950204;14031;0;10
FR;0;2021-12-26;4698;11890;52114;142;4742;60161;170;0;0;53069379;48195856;20324929;52538;51725090;22010365;14201;0;10
FR;0;2021-12-27;30510;83958;453610;1364;33090;509236;665;0;0;53099889;48279814;20778539;53902;51758180;22519601;14866;0;10
FR;0;2021-12-28;38370;98886;564209;1769;35171;632306;1558;0;2;53138259;48378700;21342748;55671;51793351;23151907;16424;0;12
FR;0;2021-12-29;39881;88238;501256;1687;33166;561039;1739;0;1;53178140;48466938;21844004;57358;51826517;23712946;18163;0;13
FR;0;2021-12-30;35926;75108;421057;1521;29561;471152;1881;0;0;53214066;48542046;22265061;58879;51856078;24184098;20044;0;13
FR;0;2021-12-31;12050;25092;116888;405;11290;131668;740;0;0;53226116;48567138;22381949;59284;51867368;24315766;20784;0;13
FR;0;2022-01-01;1580;3216;8530;37;1799;9947;102;0;0;53227696;48570354;22390479;59321;51869167;24325713;20886;0;13
FR;0;2022-01-02;6121;13011;58432;125;5109;66961;408;0;0;53233817;48583365;22448911;59446;51874276;24392674;21294;0;13
FR;0;2022-01-03;38426;90218;494878;1596;36936;551769;2645;0;1;53272243;48673583;22943789;61042;51911212;24944443;23939;0;14
FR;0;2022-01-04;42137;111082;641439;2307;40733;714454;3835;0;3;53314380;48784665;23585228;63349;51951945;25658897;27774;0;17
FR;0;2022-01-05;61199;103644;569245;1984;43843;634286;3427;0;2;53375579;48888309;24154473;65333;51995788;26293183;31201;0;19
FR;0;2022-01-06;44296;110348;639012;2698;40268;711518;4556;0;2;53419875;48998657;24793485;68031;52036056;27004701;35757;0;21
FR;0;2022-01-07;50834;123377;711037;2811;46913;790540;4995;0;2;53470709;49122034;25504522;70842;52082969;27795241;40752;0;23
FR;0;2022-01-08;45012;80288;423826;1213;35062;472897;2444;0;3;53515721;49202322;25928348;72055;52118031;28268138;43196;0;26
FR;0;2022-01-09;15614;26626;128572;300;11510;145655;829;0;0;53531335;49228948;26056920;72355;52129541;28413793;44025;0;26
FR;0;2022-01-10;35401;93329;469366;1814;43084;522761;3719;0;1;53566736;49322277;26526286;74169;52172625;28936554;47744;0;27
FR;0;2022-01-11;41935;100499;548291;2309;42455;608550;5217;0;2;53608671;49422776;27074577;76478;52215080;29545104;52961;0;29
FR;0;2022-01-12;60413;95750;452721;1968;49540;504387;4496;0;8;53669084;49518526;27527298;78446;52264620;30049491;57457;0;37
FR;0;2022-01-13;38266;92556;487377;2084;40596;541055;5467;0;8;53707350;49611082;28014675;80530;52305216;30590546;62924;0;45
FR;0;2022-01-14;42579;103365;568644;2286;43569;629029;6467;0;2;53749929;49714447;28583319;82816;52348785;31219575;69391;0;47
FR;0;2022-01-15;39426;65908;340152;984;31463;377570;3294;0;1;53789355;49780355;28923471;83800;52380248;31597145;72685;0;48
FR;0;2022-01-16;11413;19220;87438;216;9030;99407;763;0;0;53800768;49799575;29010909;84016;52389278;31696552;73448;0;48
FR;0;2022-01-17;24739;60046;320305;1382;28086;354158;3961;0;4;53825507;49859621;29331214;85398;52417364;32050710;77409;0;52
FR;0;2022-01-18;28326;68714;361119;1801;32035;397575;5772;0;1;53853833;49928335;29692333;87199;52449399;32448285;83181;0;53
FR;0;2022-01-19;43221;67068;281321;1450;40416;311085;4388;0;5;53897054;49995403;29973654;88649;52489815;32759370;87569;0;58
FR;0;2022-01-20;23667;59622;299045;1742;29573;328518;5633;0;4;53920721;50055025;30272699;90391;52519388;33087888;93202;0;62
FR;0;2022-01-21;28207;68811;366392;2086;33114;401201;6579;0;3;53948928;50123836;30639091;92477;52552502;33489089;99781;0;65
FR;0;2022-01-22;27630;47989;218797;839;27321;241778;2838;0;2;53976558;50171825;30857888;93316;52579823;33730867;102619;0;67
FR;0;2022-01-23;6738;12974;48684;173;7505;55165;591;0;1;53983296;50184799;30906572;93489;52587328;33786032;103210;0;68
FR;0;2022-01-24;16279;47473;217335;1142;25424;239341;4100;0;3;53999575;50232272;31123907;94631;52612752;34025373;107310;0;71
FR;0;2022-01-25;19030;54352;243077;1548;28815;267101;6065;0;5;54018605;50286624;31366984;96179;52641567;34292474;113375;0;76
FR;0;2022-01-26;28147;60548;209299;1298;41366;229517;4480;0;3;54046752;50347172;31576283;97477;52682933;34521991;117855;0;79
FR;0;2022-01-27;16335;46463;207655;1276;26150;226015;5688;0;4;54063087;50393635;31783938;98753;52709083;34748006;123543;0;83
FR;0;2022-01-28;21592;78689;290073;1572;44987;321356;7410;0;4;54084679;50472324;32074011;100325;52754070;35069362;130953;0;87
FR;0;2022-01-29;18420;52867;184132;689;32756;204577;3256;0;2;54103099;50525191;32258143;101014;52786826;35273939;134209;0;89
FR;0;2022-01-30;4476;14475;39143;124;9135;45056;638;0;1;54107575;50539666;32297286;101138;52795961;35318995;134847;0;90
FR;0;2022-01-31;11259;43944;148213;742;26153;164746;4233;0;5;54118834;50583610;32445499;101880;52822114;35483741;139080;0;95
FR;0;2022-02-01;13638;48322;174139;1144;27347;191358;7044;0;1;54132472;50631932;32619638;103024;52849461;35675099;146124;0;96
FR;0;2022-02-02;20644;66323;171546;1034;46167;190093;5974;0;10;54153116;50698255;32791184;104058;52895628;35865192;152098;0;106
FR;0;2022-02-03;11561;44803;157568;990;25343;173296;6941;0;6;54164677;50743058;32948752;105048;52920971;36038488;159039;0;112
FR;0;2022-02-04;14636;67009;239257;1266;36625;264100;9162;0;6;54179313;50810067;33188009;106314;52957596;36302588;168201;0;118
FR;0;2022-02-05;12900;51457;153560;523;31986;172310;3791;0;3;54192213;50861524;33341569;106837;52989582;36474898;171992;0;121
FR;0;2022-02-06;2725;12173;28895;101;7286;33833;661;0;0;54194938;50873697;33370464;106938;52996868;36508731;172653;0;121
FR;0;2022-02-07;9594;46659;156896;593;24533;176315;5294;0;6;54204532;50920356;33527360;107531;53021401;36685046;177947;0;127
FR;0;2022-02-08;9807;43095;166647;869;20959;184441;7054;0;6;54214339;50963451;33694007;108400;53042360;36869487;185001;0;133
FR;0;2022-02-09;14372;58253;172350;875;35349;193060;5787;0;9;54228711;51021704;33866357;109275;53077709;37062547;190788;0;142
FR;0;2022-02-10;8719;39206;150238;879;18681;166716;6501;0;2;54237430;51060910;34016595;110154;53096390;37229263;197289;0;144
FR;0;2022-02-11;10859;55683;218515;1101;25822;243110;8322;0;3;54248289;51116593;34235110;111255;53122212;37472373;205611;0;147
FR;0;2022-02-12;8406;40964;134736;465;22631;151765;3508;0;4;54256695;51157557;34369846;111720;53144843;37624138;209119;0;151
FR;0;2022-02-13;1936;8603;26565;86;4409;30927;544;0;3;54258631;51166160;34396411;111806;53149252;37655065;209663;0;154
FR;0;2022-02-14;6991;35253;148385;485;14665;166381;4787;0;5;54265622;51201413;34544796;112291;53163917;37821446;214450;0;159
FR;0;2022-02-15;7065;36228;146989;751;15995;162574;6850;0;3;54272687;51237641;34691785;113042;53179912;37984020;221300;0;162
FR;0;2022-02-16;9412;42983;132540;721;25971;146759;5726;0;6;54282099;51280624;34824325;113763;53205883;38130779;227026;0;168
FR;0;2022-02-17;5578;24337;87309;587;13142;94882;5407;0;5;54287677;51304961;34911634;114350;53219025;38225661;232433;0;173
FR;0;2022-02-18;6997;33581;119666;807;18753;129330;7416;0;2;54294674;51338542;35031300;115157;53237778;38354991;239849;0;175
FR;0;2022-02-19;5370;24557;70029;370;15908;77339;3019;0;2;54300044;51363099;35101329;115527;53253686;38432330;242868;0;177
FR;0;2022-02-20;1148;4657;12175;39;2914;13954;460;0;1;54301192;51367756;35113504;115566;53256600;38446284;243328;0;178
FR;0;2022-02-21;4098;17889;61958;351;10169;67185;4059;0;2;54305290;51385645;35175462;115917;53266769;38513469;247387;0;180
FR;0;2022-02-22;4462;18656;60838;577;11258;64479;5255;0;1;54309752;51404301;35236300;116494;53278027;38577948;252642;0;181
FR;0;2022-02-23;6590;27358;66504;592;19626;71901;4596;0;3;54316342;51431659;35302804;117086;53297653;38649849;257238;0;184
FR;0;2022-02-24;3850;15550;50429;519;9510;53253;4530;0;2;54320192;51447209;35353233;117605;53307163;38703102;261768;0;186
FR;0;2022-02-25;5284;24118;76363;803;15094;80096;7334;0;7;54325476;51471327;35429596;118408;53322257;38783198;269102;0;193
FR;0;2022-02-26;3990;17767;47418;359;12169;51485;3083;0;3;54329466;51489094;35477014;118767;53334426;38834683;272185;0;196
FR;0;2022-02-27;880;3009;8037;47;1978;8948;529;0;0;54330346;51492103;35485051;118814;53336404;38843631;272714;0;196
FR;0;2022-02-28;3122;12553;40492;359;7589;42925;3858;0;0;54333468;51504656;35525543;119173;53343993;38886556;276572;0;196
FR;0;2022-03-01;4004;12606;44200;437;7633;44870;5519;0;6;54337472;51517262;35569743;119610;53351626;38931426;282091;0;202
FR;0;2022-03-02;5331;17797;47145;446;12856;49077;4929;0;2;54342803;51535059;35616888;120056;53364482;38980503;287020;0;204
FR;0;2022-03-03;2826;9353;29898;370;6250;30021;4049;0;2;54345629;51544412;35646786;120426;53370732;39010524;291069;0;206
FR;0;2022-03-04;3222;12471;40320;667;8470;39470;6231;0;4;54348851;51556883;35687106;121093;53379202;39049994;297300;0;210
FR;0;2022-03-05;3073;9284;24958;314;7127;25122;3134;0;1;54351924;51566167;35712064;121407;53386329;39075116;300434;0;211
FR;0;2022-03-06;521;1400;3198;43;1023;3441;379;0;0;54352445;51567567;35715262;121450;53387352;39078557;300813;0;211
FR;0;2022-03-07;2375;5631;18432;315;3849;17702;3307;0;4;54354820;51573198;35733694;121765;53391201;39096259;304120;0;215
FR;0;2022-03-08;2147;6077;19447;363;4331;17919;4094;0;3;54356967;51579275;35753141;122128;53395532;39114178;308214;0;218
FR;0;2022-03-09;3580;10498;22189;407;8727;21285;4038;0;4;54360547;51589773;35775330;122535;53404259;39135463;312252;0;222
FR;0;2022-03-10;1826;5835;17003;344;4381;15829;3407;0;3;54362373;51595608;35792333;122879;53408640;39151292;315659;0;225
FR;0;2022-03-11;2419;7559;24502;545;5438;22270;5479;0;2;54364792;51603167;35816835;123424;53414078;39173562;321138;0;227
FR;0;2022-03-12;2694;6777;17167;309;5497;16521;3136;0;2;54367486;51609944;35834002;123733;53419575;39190083;324274;0;229
FR;0;2022-03-13;405;791;2324;149;599;2273;537;0;0;54367891;51610735;35836326;123882;53420174;39192356;324811;0;229
FR;0;2022-03-14;1552;4274;14987;4412;2809;13841;7295;0;8;54369443;51615009;35851313;128294;53422983;39206197;332106;0;237
FR;0;2022-03-15;1749;6295;16383;7554;4812;14612;11033;0;9;54371192;51621304;35867696;135848;53427795;39220809;343139;0;246
FR;0;2022-03-16;3035;7408;19427;13140;6210;18106;16296;0;8;54374227;51628712;35887123;148988;53434005;39238915;359435;0;254
FR;0;2022-03-17;1457;3985;13150;10846;2805;11990;13313;0;8;54375684;51632697;35900273;159834;53436810;39250905;372748;0;262
FR;0;2022-03-18;2269;5756;20012;18306;4097;18108;22038;0;15;54377953;51638453;35920285;178140;53440907;39269013;394786;0;277
FR;0;2022-03-19;2294;4803;13115;9405;4139;12418;11408;0;6;54380247;51643256;35933400;187545;53445046;39281431;406194;0;283
FR;0;2022-03-20;300;734;1919;1073;526;1930;1340;0;2;54380547;51643990;35935319;188618;53445572;39283361;407534;0;285
FR;0;2022-03-21;1392;3220;12730;14950;2154;11954;16910;0;11;54381939;51647210;35948049;203568;53447726;39295315;424444;0;296
FR;0;2022-03-22;1554;3738;13799;20551;2578;12555;22841;0;5;54383493;51650948;35961848;224119;53450304;39307870;447285;0;301
FR;0;2022-03-23;2684;6290;17729;23151;5222;17241;25267;0;40;54386177;51657238;35979577;247270;53455526;39325111;472552;0;341
FR;0;2022-03-24;1406;3159;11596;17617;2248;10682;19391;0;23;54387583;51660397;35991173;264887;53457774;39335793;491943;0;364
FR;0;2022-03-25;2083;5156;18572;27775;3685;16910;30809;0;31;54389666;51665553;36009745;292662;53461459;39352703;522752;0;395
FR;0;2022-03-26;2231;4414;12079;12678;3863;11519;14400;0;26;54391897;51669967;36021824;305340;53465322;39364222;537152;0;421
FR;0;2022-03-27;361;693;1909;1482;515;1943;1739;0;1;54392258;51670660;36023733;306822;53465837;39366165;538891;0;422
FR;0;2022-03-28;1464;3078;11128;17490;2115;10619;19067;0;16;54393722;51673738;36034861;324312;53467952;39376784;557958;0;438
FR;0;2022-03-29;1454;3273;12907;27583;2089;12051;29281;0;34;54395176;51677011;36047768;351895;53470041;39388835;587239;0;472
FR;0;2022-03-30;2853;5517;15685;27427;4701;15085;29333;0;21;54398029;51682528;36063453;379322;53474742;39403920;616572;0;493
FR;0;2022-03-31;1611;3568;12987;25022;2551;12327;26631;0;43;54399640;51686096;36076440;404344;53477293;39416247;643203;0;536
FR;0;2022-04-01;2680;4584;20077;30894;2968;18719;33487;0;61;54402320;51690680;36096517;435238;53480261;39434966;676690;0;597
FR;0;2022-04-02;1531;2644;9052;10133;2008;8722;11295;0;29;54403851;51693324;36105569;445371;53482269;39443688;687985;0;626
FR;0;2022-04-03;290;515;1562;1170;360;1579;1381;0;2;54404141;51693839;36107131;446541;53482629;39445267;689366;0;628
FR;0;2022-04-04;2779;2896;12374;19130;1912;11583;20601;0;35;54406920;51696735;36119505;465671;53484541;39456850;709967;0;663
FR;0;2022-04-05;2438;3157;14341;34141;2036;13193;35758;0;85;54409358;51699892;36133846;499812;53486577;39470043;745725;0;748
FR;0;2022-04-06;2536;3948;13539;26504;3013;12813;27973;0;72;54411894;51703840;36147385;526316;53489590;39482856;773698;0;820
FR;0;2022-04-07;1854;3135;13678;33781;1986;12889;35138;0;76;54413748;51706975;36161063;560097;53491576;39495745;808836;0;896
FR;0;2022-04-08;2217;4281;19222;43986;2616;17828;46354;0;89;54415965;51711256;36180285;604083;53494192;39513573;855190;0;985
FR;0;2022-04-09;1368;2679;9313;13566;1900;8866;14800;0;30;54417333;51713935;36189598;617649;53496092;39522439;869990;0;1015
FR;0;2022-04-10;294;751;1984;2017;548;2006;2279;0;7;54417627;51714686;36191582;619666;53496640;39524445;872269;0;1022
FR;0;2022-04-11;1328;2620;11871;23909;1636;11482;25179;0;74;54418955;51717306;36203453;643575;53498276;39535927;897448;0;1096
FR;0;2022-04-12;1712;3072;14016;40912;1955;13389;41801;0;127;54420667;51720378;36217469;684487;53500231;39549316;939249;0;1223
FR;0;2022-04-13;1973;3720;13408;33107;2717;13031;34075;0;96;54422640;51724098;36230877;717594;53502948;39562347;973324;0;1319
FR;0;2022-04-14;1497;2973;13214;36316;1901;13072;36985;0;106;54424137;51727071;36244091;753910;53504849;39575419;1010309;0;1425
FR;0;2022-04-15;1868;3759;15637;35568;2507;14913;37220;0;115;54426005;51730830;36259728;789478;53507356;39590332;1047529;0;1540
FR;0;2022-04-16;1043;1829;6400;8553;1259;6262;9435;0;40;54427048;51732659;36266128;798031;53508615;39596594;1056964;0;1580
FR;0;2022-04-17;194;337;993;1174;221;1036;1242;0;7;54427242;51732996;36267121;799205;53508836;39597630;1058206;0;1587
FR;0;2022-04-18;197;541;2768;1072;342;2786;1287;0;5;54427439;51733537;36269889;800277;53509178;39600416;1059493;0;1592
FR;0;2022-04-19;1540;3029;12916;29667;1874;12476;30714;0;78;54428979;51736566;36282805;829944;53511052;39612892;1090207;0;1670
FR;0;2022-04-20;1999;3489;13304;29062;2602;12991;30079;0;96;54430978;51740055;36296109;859006;53513654;39625883;1120286;0;1766
FR;0;2022-04-21;1514;2850;12547;35173;1821;12621;35765;0;117;54432492;51742905;36308656;894179;53515475;39638504;1156051;0;1883
FR;0;2022-04-22;1872;3616;16477;37610;2392;15837;39148;0;131;54434364;51746521;36325133;931789;53517867;39654341;1195199;0;2014
FR;0;2022-04-23;1148;2062;7388;10658;1471;7239;11443;0;38;54435512;51748583;36332521;942447;53519338;39661580;1206642;0;2052
FR;0;2022-04-24;250;462;1475;1589;321;1413;1845;0;7;54435762;51749045;36333996;944036;53519659;39662993;1208487;0;2059
FR;0;2022-04-25;1306;2531;10683;21056;1611;10490;22077;0;79;54437068;51751576;36344679;965092;53521270;39673483;1230564;0;2138
FR;0;2022-04-26;1622;3004;13665;38614;1963;13109;39410;0;181;54438690;51754580;36358344;1003706;53523233;39686592;1269974;0;2319
FR;0;2022-04-27;1964;3061;11538;31034;2274;11595;31453;0;130;54440654;51757641;36369882;1034740;53525507;39698187;1301427;0;2449
FR;0;2022-04-28;1570;2770;12527;36221;1852;12269;36537;0;139;54442224;51760411;36382409;1070961;53527359;39710456;1337964;0;2588
FR;0;2022-04-29;2008;4808;15553;37275;3615;14929;38744;0;164;54444232;51765219;36397962;1108236;53530974;39725385;1376708;0;2752
FR;0;2022-04-30;1215;2797;6927;9717;2293;6755;10608;0;44;54445447;51768016;36404889;1117953;53533267;39732140;1387316;0;2796
FR;0;2022-05-01;218;325;915;998;229;910;1139;0;6;54445665;51768341;36405804;1118951;53533496;39733050;1388455;0;2802
FR;0;2022-05-02;2133;2947;11152;18173;2044;10984;19019;0;69;54447798;51771288;36416956;1137124;53535540;39744034;1407474;0;2871
FR;0;2022-05-03;2005;3262;13722;34679;2126;13563;35601;0;163;54449803;51774550;36430678;1171803;53537666;39757597;1443075;0;3034
FR;0;2022-05-04;1913;3295;12184;25634;2295;12301;26185;0;110;54451716;51777845;36442862;1197437;53539961;39769898;1469260;0;3144
FR;0;2022-05-05;1768;2996;13063;33586;1972;12910;34254;0;179;54453484;51780841;36455925;1231023;53541933;39782808;1503514;0;3323
FR;0;2022-05-06;2213;3655;15347;36785;2314;14856;38248;0;182;54455697;51784496;36471272;1267808;53544247;39797664;1541762;0;3505
FR;0;2022-05-07;1208;1781;6464;9612;1255;6455;10337;0;48;54456905;51786277;36477736;1277420;53545502;39804119;1552099;0;3553
FR;0;2022-05-08;267;400;1173;1547;289;1234;1653;0;8;54457172;51786677;36478909;1278967;53545791;39805353;1553752;0;3561
FR;0;2022-05-09;1386;2300;9925;20259;1408;9795;21176;0;102;54458558;51788977;36488834;1299226;53547199;39815148;1574928;0;3663
FR;0;2022-05-10;1781;3392;13576;38996;2255;13132;40023;0;200;54460339;51792369;36502410;1338222;53549454;39828280;1614951;0;3863
FR;0;2022-05-11;1998;3012;10750;27929;2316;10695;28437;0;146;54462337;51795381;36513160;1366151;53551770;39838975;1643388;0;4009
FR;0;2022-05-12;1588;2719;11379;35730;1788;11049;36492;0;211;54463925;51798100;36524539;1401881;53553558;39850024;1679880;0;4220
FR;0;2022-05-13;1975;3218;13758;37972;2058;13346;39238;0;162;54465900;51801318;36538297;1439853;53555616;39863370;1719118;0;4382
FR;0;2022-05-14;1148;1638;5937;10776;1196;5800;11364;0;57;54467048;51802956;36544234;1450629;53556812;39869170;1730482;0;4439
FR;0;2022-05-15;281;475;1278;1438;299;1361;1591;0;6;54467329;51803431;36545512;1452067;53557111;39870531;1732073;0;4445
FR;0;2022-05-16;1194;2043;8688;21055;1245;8683;21594;0;128;54468523;51805474;36554200;1473122;53558356;39879214;1753667;0;4573
FR;0;2022-05-17;1588;2599;11823;37876;1664;11401;38716;0;180;54470111;51808073;36566023;1510998;53560020;39890615;1792383;0;4753
FR;0;2022-05-18;1814;2650;9687;27159;1953;9661;27776;0;109;54471925;51810723;36575710;1538157;53561973;39900276;1820159;0;4862
FR;0;2022-05-19;1446;2653;10574;35832;1627;10714;36021;0;162;54473371;51813376;36586284;1573989;53563600;39910990;1856180;0;5024
FR;0;2022-05-20;1873;3112;13419;39367;2071;12910;40385;0;168;54475244;51816488;36599703;1613356;53565671;39923900;1896565;0;5192
FR;0;2022-05-21;1158;1706;5662;9897;1300;5534;10533;0;45;54476402;51818194;36605365;1623253;53566971;39929434;1907098;0;5237
FR;0;2022-05-22;238;341;1028;1438;262;1016;1581;0;10;54476640;51818535;36606393;1624691;53567233;39930450;1908679;0;5247
FR;0;2022-05-23;1173;2120;8879;20346;1402;8828;21001;0;86;54477813;51820655;36615272;1645037;53568635;39939278;1929680;0;5333
FR;0;2022-05-24;1539;2758;11361;38875;1734;11232;39505;0;190;54479352;51823413;36626633;1683912;53570369;39950510;1969185;0;5523
FR;0;2022-05-25;1814;2833;9341;24845;2071;9479;25321;0;116;54481166;51826246;36635974;1708757;53572440;39959989;1994506;0;5639
FR;0;2022-05-26;210;423;1665;1201;287;1675;1344;0;26;54481376;51826669;36637639;1709958;53572727;39961664;1995850;0;5665
FR;0;2022-05-27;1385;2470;9261;21290;1665;9002;22323;0;94;54482761;51829139;36646900;1731248;53574392;39970666;2018173;0;5759
FR;0;2022-05-28;669;1266;3916;6792;846;3966;7202;0;38;54483430;51830405;36650816;1738040;53575238;39974632;2025375;0;5797
FR;0;2022-05-29;157;315;752;918;200;773;1030;0;4;54483587;51830720;36651568;1738958;53575438;39975405;2026405;0;5801
FR;0;2022-05-30;1025;1959;6993;19295;1241;7010;19807;0;91;54484612;51832679;36658561;1758253;53576679;39982415;2046212;0;5892
FR;0;2022-05-31;1489;2508;9821;35654;1638;9643;36286;0;171;54486101;51835187;36668382;1793907;53578317;39992058;2082498;0;6063
FR;0;2022-06-01;1736;3097;11019;24532;2244;10884;25486;0;121;54487837;51838284;36679401;1818439;53580561;40002942;2107984;0;6184
FR;0;2022-06-02;1476;2611;11305;35568;1712;10863;36512;0;174;54489313;51840895;36690706;1854007;53582273;40013805;2144496;0;6358
FR;0;2022-06-03;1727;3068;13397;38722;2038;12761;39992;0;176;54491040;51843963;36704103;1892729;53584311;40026566;2184488;0;6534
FR;0;2022-06-04;971;1515;5044;9112;1075;5115;9648;0;73;54492011;51845478;36709147;1901841;53585386;40031681;2194136;0;6607
FR;0;2022-06-05;177;335;875;1106;205;886;1228;0;4;54492188;51845813;36710022;1902947;53585591;40032567;2195364;0;6611
FR;0;2022-06-06;606;1209;2119;1328;1035;2133;1508;0;13;54492794;51847022;36712141;1904275;53586626;40034700;2196872;0;6624
FR;0;2022-06-07;1412;2705;9849;35583;1784;9428;36809;0;153;54494206;51849727;36721990;1939858;53588410;40044128;2233681;0;6777
FR;0;2022-06-08;1563;2693;9166;28751;1939;9009;29716;0;112;54495769;51852420;36731156;1968609;53590349;40053137;2263397;0;6889
FR;0;2022-06-09;1289;2436;10622;39493;1551;10266;40269;0;167;54497058;51854856;36741778;2008102;53591900;40063403;2303666;0;7056
FR;0;2022-06-10;1627;3104;13081;44814;2072;12635;46145;0;224;54498685;51857960;36754859;2052916;53593972;40076038;2349811;0;7280
FR;0;2022-06-11;960;1737;5436;11626;1123;5468;12212;0;55;54499645;51859697;36760295;2064542;53595095;40081506;2362023;0;7335
FR;0;2022-06-12;198;443;1074;1765;253;1137;1866;0;11;54499843;51860140;36761369;2066307;53595348;40082643;2363889;0;7346
FR;0;2022-06-13;1095;2061;7439;23182;1335;7268;24098;0;90;54500938;51862201;36768808;2089489;53596683;40089911;2387987;0;7436
FR;0;2022-06-14;1320;2536;10448;44944;1585;9804;46140;0;200;54502258;51864737;36779256;2134433;53598268;40099715;2434127;0;7636
FR;0;2022-06-15;1510;2453;9322;30887;1922;8953;31584;0;178;54503768;51867190;36788578;2165320;53600190;40108668;2465711;0;7814
FR;0;2022-06-16;1181;2035;9913;39924;1269;9324;40945;0;201;54504949;51869225;36798491;2205244;53601459;40117992;2506656;0;8015
FR;0;2022-06-17;1486;2847;12472;46653;1771;11893;47876;0;240;54506435;51872072;36810963;2251897;53603230;40129885;2554532;0;8255
FR;0;2022-06-18;854;1525;4565;11123;1035;4500;11717;0;67;54507289;51873597;36815528;2263020;53604265;40134385;2566249;0;8322
FR;0;2022-06-19;183;363;1058;1615;208;1130;1701;0;14;54507472;51873960;36816586;2264635;53604473;40135515;2567950;0;8336
FR;0;2022-06-20;1024;1917;8906;26075;1190;8567;27017;0;153;54508496;51875877;36825492;2290710;53605663;40144082;2594967;0;8489
FR;0;2022-06-21;1325;2399;10310;49891;1534;9338;51278;0;264;54509821;51878276;36835802;2340601;53607197;40153420;2646245;0;8753
FR;0;2022-06-22;1389;2505;8912;39056;1796;8419;40000;0;256;54511210;51880781;36844714;2379657;53608993;40161839;2686245;0;9009
FR;0;2022-06-23;1227;2362;10679;55098;1358;9884;56231;0;320;54512437;51883143;36855393;2434755;53610351;40171723;2742476;0;9329
FR;0;2022-06-24;1488;2988;13642;69179;1744;12303;70997;0;405;54513925;51886131;36869035;2503934;53612095;40184026;2813473;0;9734
FR;0;2022-06-25;937;1779;6233;19919;1110;5985;20773;0;177;54514862;51887910;36875268;2523853;53613205;40190011;2834246;0;9911
FR;0;2022-06-26;229;459;1952;3688;259;1817;3966;0;39;54515091;51888369;36877220;2527541;53613464;40191828;2838212;0;9950
FR;0;2022-06-27;1128;2018;10496;48485;1174;9638;49753;0;339;54516219;51890387;36887716;2576026;53614638;40201466;2887965;0;10289
FR;0;2022-06-28;1457;2810;14665;91379;1576;13085;93147;0;624;54517676;51893197;36902381;2667405;53616214;40214551;2981112;0;10913
FR;0;2022-06-29;1709;2825;12291;71882;1839;11238;73025;0;548;54519385;51896022;36914672;2739287;53618053;40225789;3054137;0;11461
FR;0;2022-06-30;1533;2717;14390;95163;1637;12470;97178;0;724;54520918;51898739;36929062;2834450;53619690;40238259;3151315;0;12185
FR;0;2022-07-01;2006;3797;21501;115921;2303;18855;118567;0;954;54522924;51902536;36950563;2950371;53621993;40257114;3269882;0;13139
FR;0;2022-07-02;1085;1856;8524;35748;1102;7701;36869;0;342;54524009;51904392;36959087;2986119;53623095;40264815;3306751;0;13481
FR;0;2022-07-03;292;539;2092;6455;317;1895;6804;0;79;54524301;51904931;36961179;2992574;53623412;40266710;3313555;0;13560
FR;0;2022-07-04;1695;3330;14707;79219;2189;12985;81292;0;639;54525996;51908261;36975886;3071793;53625601;40279695;3394847;0;14199
FR;0;2022-07-05;1717;3144;18829;133249;1773;16012;135539;0;1145;54527713;51911405;36994715;3205042;53627374;40295707;3530386;0;15344
FR;0;2022-07-06;1817;2772;15849;99570;1836;13637;101138;0;900;54529530;51914177;37010564;3304612;53629210;40309344;3631524;0;16244
FR;0;2022-07-07;1706;2866;17998;126036;1704;14776;128363;0;1179;54531236;51917043;37028562;3430648;53630914;40324120;3759887;0;17423
FR;0;2022-07-08;1889;3148;20747;137079;1848;16761;140073;0;1346;54533125;51920191;37049309;3567727;53632762;40340881;3899960;0;18769
FR;0;2022-07-09;866;1456;7741;37922;873;6686;38766;0;426;54533991;51921647;37057050;3605649;53633635;40347567;3938726;0;19195
FR;0;2022-07-10;264;572;2346;7004;325;2125;7395;0;94;54534255;51922219;37059396;3612653;53633960;40349692;3946121;0;19289
FR;0;2022-07-11;1429;2463;15015;88272;1384;12505;90463;0;801;54535684;51924682;37074411;3700925;53635344;40362197;4036584;0;20090
FR;0;2022-07-12;1796;3103;20531;143951;1700;16726;146654;0;1604;54537480;51927785;37094942;3844876;53637044;40378923;4183238;0;21694
FR;0;2022-07-13;1739;2740;15690;94536;1653;13268;96396;0;1080;54539219;51930525;37110632;3939412;53638697;40392191;4279634;0;22774
FR;0;2022-07-14;185;368;1952;5534;218;1831;5701;0;82;54539404;51930893;37112584;3944946;53638915;40394022;4285335;0;22856
FR;0;2022-07-15;1476;2556;15112;84455;1416;12595;86614;0;1034;54540880;51933449;37127696;4029401;53640331;40406617;4371949;0;23890
FR;0;2022-07-16;619;1179;5949;24976;684;5156;25667;0;327;54541499;51934628;37133645;4054377;53641015;40411773;4397616;0;24217
FR;0;2022-07-17;178;389;1737;4663;213;1568;4935;0;66;54541677;51935017;37135382;4059040;53641228;40413341;4402551;0;24283
FR;0;2022-07-18;1130;2246;11824;61798;1334;9973;63661;0;780;54542807;51937263;37147206;4120838;53642562;40423314;4466212;0;25063
FR;0;2022-07-19;1415;2347;15469;103695;1385;12291;105882;0;1459;54544222;51939610;37162675;4224533;53643947;40435605;4572094;0;26522
FR;0;2022-07-20;1419;2288;12956;77573;1458;10729;79161;0;1051;54545641;51941898;37175631;4302106;53645405;40446334;4651255;0;27573
FR;0;2022-07-21;1284;2165;13089;88235;1365;10491;89718;0;1316;54546925;51944063;37188720;4390341;53646770;40456825;4740973;0;28889
FR;0;2022-07-22;1401;2457;14812;89516;1443;11962;91388;0;1347;54548326;51946520;37203532;4479857;53648213;40468787;4832361;0;30236
FR;0;2022-07-23;671;1306;5530;22477;819;4853;23073;0;412;54548997;51947826;37209062;4502334;53649032;40473640;4855434;0;30648
FR;0;2022-07-24;183;352;1398;3904;200;1241;4130;0;72;54549180;51948178;37210460;4506238;53649232;40474881;4859564;0;30720
FR;0;2022-07-25;1057;1790;9488;48067;1141;7837;49507;0;737;54550237;51949968;37219948;4554305;53650373;40482718;4909071;0;31457
FR;0;2022-07-26;1290;2209;13303;85431;1315;10827;87127;0;1311;54551527;51952177;37233251;4639736;53651688;40493545;4996198;0;32768
FR;0;2022-07-27;1220;2003;10235;61311;1332;8529;62516;0;971;54552747;51954180;37243486;4701047;53653020;40502074;5058714;0;33739
FR;0;2022-07-28;1088;1859;10307;64391;1249;8214;65626;0;1046;54553835;51956039;37253793;4765438;53654269;40510288;5124340;0;34785
FR;0;2022-07-29;1281;2064;11002;65865;1371;8758;67294;0;1140;54555116;51958103;37264795;4831303;53655640;40519046;5191634;0;35925
FR;0;2022-07-30;499;854;3520;15282;590;2972;15663;0;303;54555615;51958957;37268315;4846585;53656230;40522018;5207297;0;36228
FR;0;2022-07-31;152;288;929;2439;184;788;2588;0;49;54555767;51959245;37269244;4849024;53656414;40522806;5209885;0;36277
FR;0;2022-08-01;845;1560;7591;30234;1154;6387;31307;0;548;54556612;51960805;37276835;4879258;53657568;40529193;5241192;0;36825
FR;0;2022-08-02;1021;1636;8573;56103;1141;6886;56791;0;1169;54557633;51962441;37285408;4935361;53658709;40536079;5297983;0;37994
FR;0;2022-08-03;837;1259;6420;38670;894;5142;39407;0;701;54558470;51963700;37291828;4974031;53659603;40541221;5337390;0;38695
FR;0;2022-08-04;732;1179;6566;43153;775;5297;43718;0;917;54559202;51964879;37298394;5017184;53660378;40546518;5381108;0;39612
FR;0;2022-08-05;853;1354;7093;44955;960;5673;45617;0;993;54560055;51966233;37305487;5062139;53661338;40552191;5426725;0;40605
FR;0;2022-08-06;338;555;2098;9366;396;1756;9566;0;228;54560393;51966788;37307585;5071505;53661734;40553947;5436291;0;40833
FR;0;2022-08-07;104;156;536;1621;113;453;1701;0;38;54560497;51966944;37308121;5073126;53661847;40554400;5437992;0;40871
FR;0;2022-08-08;563;1021;4019;22096;776;3280;22540;0;490;54561060;51967965;37312140;5095222;53662623;40557680;5460532;0;41361
FR;0;2022-08-09;685;1139;5969;39941;825;4798;40432;0;844;54561745;51969104;37318109;5135163;53663448;40562478;5500964;0;42205
FR;0;2022-08-10;636;1121;4653;28055;834;3793;28390;0;652;54562381;51970225;37322762;5163218;53664282;40566271;5529354;0;42857
FR;0;2022-08-11;613;1022;4482;29244;733;3702;29580;0;676;54562994;51971247;37327244;5192462;53665015;40569973;5558934;0;43533
FR;0;2022-08-12;713;1146;4741;28208;829;3913;28644;0;702;54563707;51972393;37331985;5220670;53665844;40573886;5587578;0;44235
FR;0;2022-08-13;213;413;1294;5256;311;1118;5415;0;121;54563920;51972806;37333279;5225926;53666155;40575004;5592993;0;44356
FR;0;2022-08-14;71;121;288;923;104;246;995;0;25;54563991;51972927;37333567;5226849;53666259;40575250;5593988;0;44381
FR;0;2022-08-15;82;183;606;564;149;554;618;0;19;54564073;51973110;37334173;5227413;53666408;40575804;5594606;0;44400
FR;0;2022-08-16;617;1055;3955;22174;816;3350;22366;0;615;54564690;51974165;37338128;5249587;53667224;40579154;5616972;0;45015
FR;0;2022-08-17;630;1014;3887;22895;791;3292;23139;0;620;54565320;51975179;37342015;5272482;53668015;40582446;5640111;0;45635
FR;0;2022-08-18;615;980;4108;26291;780;3249;26521;0;673;54565935;51976159;37346123;5298773;53668795;40585695;5666632;0;46308
FR;0;2022-08-19;601;1154;4489;27243;861;3691;27548;0;766;54566536;51977313;37350612;5326016;53669656;40589386;5694180;0;47074
FR;0;2022-08-20;290;494;1355;5569;391;1170;5728;0;146;54566826;51977807;37351967;5331585;53670047;40590556;5699908;0;47220
FR;0;2022-08-21;95;133;301;1008;94;263;1043;0;27;54566921;51977940;37352268;5332593;53670141;40590819;5700951;0;47247
FR;0;2022-08-22;546;988;3272;15347;766;2795;15677;0;425;54567467;51978928;37355540;5347940;53670907;40593614;5716628;0;47672
FR;0;2022-08-23;711;1172;4297;28990;846;3610;29076;0;870;54568178;51980100;37359837;5376930;53671753;40597224;5745704;0;48542
FR;0;2022-08-24;656;930;3494;19529;773;2856;19719;0;608;54568834;51981030;37363331;5396459;53672526;40600080;5765423;0;49150
FR;0;2022-08-25;623;1011;3936;23402;720;3284;23666;0;673;54569457;51982041;37367267;5419861;53673246;40603364;5789089;0;49823
FR;0;2022-08-26;849;1254;4473;25882;947;3664;26256;0;777;54570306;51983295;37371740;5445743;53674193;40607028;5815345;0;50600
FR;0;2022-08-27;293;498;1377;5462;359;1243;5526;0;194;54570599;51983793;37373117;5451205;53674552;40608271;5820871;0;50794
FR;0;2022-08-28;123;160;303;919;114;288;964;0;38;54570722;51983953;37373420;5452124;53674666;40608559;5821835;0;50832
FR;0;2022-08-29;618;964;3072;14655;763;2609;14961;0;433;54571340;51984917;37376492;5466779;53675429;40611168;5836796;0;51265
FR;0;2022-08-30;848;1207;4791;28542;884;3909;28872;0;823;54572188;51986124;37381283;5495321;53676313;40615077;5865668;0;52088
FR;0;2022-08-31;688;948;3200;17634;733;2710;17899;0;508;54572876;51987072;37384483;5512955;53677046;40617787;5883567;0;52596
FR;0;2022-09-01;729;980;4472;22475;691;3818;22750;0;622;54573605;51988052;37388955;5535430;53677737;40621605;5906317;0;53218
FR;0;2022-09-02;868;1137;5036;28608;821;4247;28901;0;914;54574473;51989189;37393991;5564038;53678558;40625852;5935218;0;54132
FR;0;2022-09-03;415;562;1917;6084;417;1663;6321;0;181;54574888;51989751;37395908;5570122;53678975;40627515;5941539;0;54313
FR;0;2022-09-04;131;150;351;873;86;347;942;0;24;54575019;51989901;37396259;5570995;53679061;40627862;5942481;0;54337
FR;0;2022-09-05;618;709;3145;16054;529;2624;16366;0;523;54575637;51990610;37399404;5587049;53679590;40630486;5958847;0;54860
FR;0;2022-09-06;792;1013;4732;31841;644;3863;32072;0;1040;54576429;51991623;37404136;5618890;53680234;40634349;5990919;0;55900
FR;0;2022-09-07;642;764;2995;16820;544;2475;16969;0;572;54577071;51992387;37407131;5635710;53680778;40636824;6007888;0;56472
FR;0;2022-09-08;616;848;3803;24845;579;3137;24933;0;818;54577687;51993235;37410934;5660555;53681357;40639961;6032821;0;57290
FR;0;2022-09-09;836;1009;4437;27644;649;3674;27822;0;948;54578523;51994244;37415371;5688199;53682006;40643635;6060643;0;58238
FR;0;2022-09-10;385;535;1732;5708;361;1532;5912;0;207;54578908;51994779;37417103;5693907;53682367;40645167;6066555;0;58445
FR;0;2022-09-11;123;131;322;656;93;306;714;0;17;54579031;51994910;37417425;5694563;53682460;40645473;6067269;0;58462
FR;0;2022-09-12;485;624;2682;13283;444;2287;13576;0;478;54579516;51995534;37420107;5707846;53682904;40647760;6080845;0;58940
FR;0;2022-09-13;608;835;3994;26504;521;3483;26385;0;875;54580124;51996369;37424101;5734350;53683425;40651243;6107230;0;59815
FR;0;2022-09-14;652;769;2953;16180;561;2468;16413;0;573;54580776;51997138;37427054;5750530;53683986;40653711;6123643;0;60388
FR;0;2022-09-15;553;775;3464;23578;526;2954;23646;0;726;54581329;51997913;37430518;5774108;53684512;40656665;6147289;0;61114
FR;0;2022-09-16;785;1030;4137;25898;713;3476;26121;0;932;54582114;51998943;37434655;5800006;53685225;40660141;6173410;0;62046
FR;0;2022-09-17;386;493;1449;6144;370;1279;6236;0;242;54582500;51999436;37436104;5806150;53685595;40661420;6179646;0;62288
FR;0;2022-09-18;115;141;323;961;120;291;1016;0;36;54582615;51999577;37436427;5807111;53685715;40661711;6180662;0;62324
FR;0;2022-09-19;445;638;2252;13199;437;1927;13381;0;436;54583060;52000215;37438679;5820310;53686152;40663638;6194043;0;62760
FR;0;2022-09-20;634;865;3779;26437;617;3149;26489;0;892;54583694;52001080;37442458;5846747;53686769;40666787;6220532;0;63652
FR;0;2022-09-21;575;763;2736;16257;567;2351;16249;0;586;54584269;52001843;37445194;5863004;53687336;40669138;6236781;0;64238
FR;0;2022-09-22;582;825;3413;23572;549;2784;23798;0;772;54584851;52002668;37448607;5886576;53687885;40671922;6260579;0;65010
FR;0;2022-09-23;829;1040;4491;28701;759;3759;28877;0;1017;54585680;52003708;37453098;5915277;53688644;40675681;6289456;0;66027
FR;0;2022-09-24;423;609;1639;6893;468;1415;7075;0;306;54586103;52004317;37454737;5922170;53689112;40677096;6296531;0;66333
FR;0;2022-09-25;98;188;335;1100;142;306;1142;0;37;54586201;52004505;37455072;5923270;53689254;40677402;6297673;0;66370
FR;0;2022-09-26;437;697;2286;13526;467;2015;13631;0;435;54586638;52005202;37457358;5936796;53689721;40679417;6311304;0;66805
FR;0;2022-09-27;610;839;3626;25940;610;2909;26095;0;959;54587248;52006041;37460984;5962736;53690331;40682326;6337399;0;67764
FR;0;2022-09-28;626;816;2550;15389;623;2296;15504;0;622;54587874;52006857;37463534;5978125;53690954;40684622;6352903;0;68386
FR;0;2022-09-29;564;760;3114;21029;537;2628;21056;41;810;54588438;52007617;37466648;5999154;53691491;40687250;6373959;41;69196
FR;0;2022-09-30;770;1090;3950;25550;799;3297;25815;713;1049;54589208;52008707;37470598;6024704;53692290;40690547;6399774;754;70245
FR;0;2022-10-01;420;611;2003;5969;458;1733;6208;396;317;54589628;52009318;37472601;6030673;53692748;40692280;6405982;1150;70562
FR;0;2022-10-02;58;132;218;638;94;214;664;66;42;54589686;52009450;37472819;6031311;53692842;40692494;6406646;1216;70604
FR;0;2022-10-03;467;727;2434;12019;561;2142;12213;2073;744;54590153;52010177;37475253;6043330;53693403;40694636;6418859;3289;71348
FR;0;2022-10-04;612;787;3385;23504;531;2774;23684;4702;1581;54590765;52010964;37478638;6066834;53693934;40697410;6442543;7991;72929
FR;0;2022-10-05;544;802;2428;14588;578;2143;14734;3655;1209;54591309;52011766;37481066;6081422;53694512;40699553;6457277;11646;74138
FR;0;2022-10-06;534;701;3082;21681;503;2514;21892;6665;1907;54591843;52012467;37484148;6103103;53695015;40702067;6479169;18311;76045
FR;0;2022-10-07;718;973;4125;30291;703;3471;30381;16868;3201;54592561;52013440;37488273;6133394;53695718;40705538;6509550;35179;79246
FR;0;2022-10-08;345;512;1648;8425;371;1408;8593;6695;1169;54592906;52013952;37489921;6141819;53696089;40706946;6518143;41874;80415
FR;0;2022-10-09;108;137;335;1587;111;310;1650;1510;295;54593014;52014089;37490256;6143406;53696200;40707256;6519793;43384;80710
FR;0;2022-10-10;474;699;2912;20483;514;2496;20811;19514;3269;54593488;52014788;37493168;6163889;53696714;40709752;6540604;62898;83979
FR;0;2022-10-11;571;784;4259;40306;527;3561;40649;40146;6378;54594059;52015572;37497427;6204195;53697241;40713313;6581253;103044;90357
FR;0;2022-10-12;563;791;3246;26706;578;2751;27033;27293;4688;54594622;52016363;37500673;6230901;53697819;40716064;6608286;130337;95045
FR;0;2022-10-13;610;746;3999;38393;537;3118;38855;40561;6602;54595232;52017109;37504672;6269294;53698356;40719182;6647141;170898;101647
FR;0;2022-10-14;752;1046;4863;47644;756;3944;48120;51111;7858;54595984;52018155;37509535;6316938;53699112;40723126;6695261;222009;109505
FR;0;2022-10-15;353;492;1855;11845;332;1613;11962;13089;2275;54596337;52018647;37511390;6328783;53699444;40724739;6707223;235098;111780
FR;0;2022-10-16;92;125;371;1959;76;355;2005;2344;478;54596429;52018772;37511761;6330742;53699520;40725094;6709228;237442;112258
FR;0;2022-10-17;435;689;3031;26420;476;2470;26792;30741;5408;54596864;52019461;37514792;6357162;53699996;40727564;6736020;268183;117666
FR;0;2022-10-18;598;722;4698;46062;519;3755;46594;55406;11682;54597462;52020183;37519490;6403224;53700515;40731319;6782614;323589;129348
FR;0;2022-10-19;547;770;3626;34346;574;3064;34688;42409;9204;54598009;52020953;37523116;6437570;53701089;40734383;6817302;365998;138552
FR;0;2022-10-20;599;757;4823;49398;542;3694;50064;60426;12897;54598608;52021710;37527939;6486968;53701631;40738077;6867366;426424;151449
FR;0;2022-10-21;681;971;5694;56970;688;4500;57654;70882;14283;54599289;52022681;37533633;6543938;53702319;40742577;6925020;497306;165732
FR;0;2022-10-22;331;397;1654;12932;315;1319;13093;15923;3375;54599620;52023078;37535287;6556870;53702634;40743896;6938113;513229;169107
FR;0;2022-10-23;93;102;349;2061;97;265;2163;2752;628;54599713;52023180;37535636;6558931;53702731;40744161;6940276;515981;169735
FR;0;2022-10-24;548;592;3132;27107;418;2678;27533;35428;7771;54600261;52023772;37538768;6586038;53703149;40746839;6967809;551409;177506
FR;0;2022-10-25;584;715;4858;49042;523;3791;49712;65123;15402;54600845;52024487;37543626;6635080;53703672;40750630;7017521;616532;192908
FR;0;2022-10-26;528;634;3446;32493;470;2880;32826;43781;10914;54601373;52025121;37547072;6667573;53704142;40753510;7050347;660313;203822
FR;0;2022-10-27;586;680;4067;40680;480;3324;41167;54247;13011;54601959;52025801;37551139;6708253;53704622;40756834;7091514;714560;216833
FR;0;2022-10-28;696;843;4598;44092;612;3494;44928;58119;13103;54602655;52026644;37555737;6752345;53705234;40760328;7136442;772679;229936
FR;0;2022-10-29;252;353;1325;9486;249;1079;9620;12513;3009;54602907;52026997;37557062;6761831;53705483;40761407;7146062;785192;232945
FR;0;2022-10-30;86;111;284;1581;87;247;1629;2129;539;54602993;52027108;37557346;6763412;53705570;40761654;7147691;787321;233484
FR;0;2022-10-31;379;476;2068;16032;342;1620;16398;22091;5422;54603372;52027584;37559414;6779444;53705912;40763274;7164089;809412;238906
FR;0;2022-11-01;69;156;904;1112;119;933;1156;1660;481;54603441;52027740;37560318;6780556;53706031;40764207;7165245;811072;239387
FR;0;2022-11-02;498;651;3017;25317;480;2559;25794;36496;10077;54603939;52028391;37563335;6805873;53706511;40766766;7191039;847568;249464
FR;0;2022-11-03;635;681;4086;39952;516;3097;40677;56832;15287;54604574;52029072;37567421;6845825;53707027;40769863;7231716;904400;264751
FR;0;2022-11-04;651;816;4416;43621;561;3511;44234;60441;15200;54605225;52029888;37571837;6889446;53707588;40773374;7275950;964841;279951
FR;0;2022-11-05;250;353;1447;9699;277;1163;9908;13443;3289;54605475;52030241;37573284;6899145;53707865;40774537;7285858;978284;283240
FR;0;2022-11-06;89;111;262;1595;94;246;1624;2327;650;54605564;52030352;37573546;6900740;53707959;40774783;7287482;980611;283890
FR;0;2022-11-07;458;513;2713;26590;427;2192;27225;38839;10908;54606022;52030865;37576259;6927330;53708386;40776975;7314707;1019450;294798
FR;0;2022-11-08;587;771;4959;51843;557;3803;52817;73977;19935;54606609;52031636;37581218;6979173;53708943;40780778;7367524;1093427;314733
FR;0;2022-11-09;502;643;3351;31567;463;2679;32338;46275;13177;54607111;52032279;37584569;7010740;53709406;40783457;7399862;1139702;327910
FR;0;2022-11-10;605;847;4547;43557;597;3602;44456;62602;17212;54607716;52033126;37589116;7054297;53710003;40787059;7444318;1202304;345122
FR;0;2022-11-11;73;104;363;1656;70;308;1720;2784;1000;54607789;52033230;37589479;7055953;53710073;40787367;7446038;1205088;346122
FR;0;2022-11-12;197;310;1192;7097;219;973;7333;10284;2765;54607986;52033540;37590671;7063050;53710292;40788340;7453371;1215372;348887
FR;0;2022-11-13;63;82;244;1206;58;208;1260;1967;621;54608049;52033622;37590915;7064256;53710350;40788548;7454631;1217339;349508
FR;0;2022-11-14;426;510;2554;23907;356;2035;24530;36033;10824;54608475;52034132;37593469;7088163;53710706;40790583;7479161;1253372;360332
FR;0;2022-11-15;577;695;4284;44832;520;3309;45792;66581;19530;54609052;52034827;37597753;7132995;53711226;40793892;7524953;1319953;379862
FR;0;2022-11-16;535;609;3038;28366;479;2544;28896;42938;13245;54609587;52035436;37600791;7161361;53711705;40796436;7553849;1362891;393107
FR;0;2022-11-17;549;647;3785;39108;494;2944;39719;58061;17268;54610136;52036083;37604576;7200469;53712199;40799380;7593568;1420952;410375
FR;0;2022-11-18;615;758;4578;45035;570;3432;45935;65485;18245;54610751;52036841;37609154;7245504;53712769;40802812;7639503;1486437;428620
FR;0;2022-11-19;267;325;1494;9765;254;1083;9961;14252;3970;54611018;52037166;37610648;7255269;53713023;40803895;7649464;1500689;432590
FR;0;2022-11-20;62;86;300;1694;68;256;1769;2697;842;54611080;52037252;37610948;7256963;53713091;40804151;7651233;1503386;433432
FR;0;2022-11-21;428;502;2396;21296;340;1927;21852;32789;10189;54611508;52037754;37613344;7278259;53713431;40806078;7673085;1536175;443621
FR;0;2022-11-22;528;577;3993;39696;401;3134;40252;59425;18061;54612036;52038331;37617337;7317955;53713832;40809212;7713337;1595600;461682
FR;0;2022-11-23;462;532;2731;25891;372;2300;26381;40165;12803;54612498;52038863;37620068;7343846;53714204;40811512;7739718;1635765;474485
FR;0;2022-11-24;500;579;3745;36979;410;2928;37692;56428;17683;54612998;52039442;37623813;7380825;53714614;40814440;7777410;1692193;492168
FR;0;2022-11-25;560;695;4163;40022;548;3123;40861;59334;17320;54613558;52040137;37627976;7420847;53715162;40817563;7818271;1751527;509488
FR;0;2022-11-26;293;332;1332;9336;253;1059;9478;13954;3955;54613851;52040469;37629308;7430183;53715415;40818622;7827749;1765481;513443
FR;0;2022-11-27;69;75;263;1656;54;224;1683;2549;805;54613920;52040544;37629571;7431839;53715469;40818846;7829432;1768030;514248
FR;0;2022-11-28;399;459;2612;24633;341;1956;25357;38120;12053;54614319;52041003;37632183;7456472;53715810;40820802;7854789;1806150;526301
FR;0;2022-11-29;489;594;4342;46253;363;3248;46953;70657;22169;54614808;52041597;37636525;7502725;53716173;40824050;7901742;1876807;548470
FR;0;2022-11-30;497;670;3694;36771;473;2863;37553;56068;17157;54615305;52042267;37640219;7539496;53716646;40826913;7939295;1932875;565627
FR;0;2022-12-01;484;623;5146;51438;411;3719;52265;78910;24938;54615789;52042890;37645365;7590934;53717057;40830632;7991560;2011785;590565
FR;0;2022-12-02;617;723;6085;61296;503;4305;62522;91992;27265;54616406;52043613;37651450;7652230;53717560;40834937;8054082;2103777;617830
FR;0;2022-12-03;296;334;2217;17978;217;1558;18413;26622;7579;54616702;52043947;37653667;7670208;53717777;40836495;8072495;2130399;625409
FR;0;2022-12-04;92;122;522;4282;90;432;4333;6406;1842;54616794;52044069;37654189;7674490;53717867;40836927;8076828;2136805;627251
FR;0;2022-12-05;434;544;4228;44506;385;2838;45472;68650;21719;54617228;52044613;37658417;7718996;53718252;40839765;8122300;2205455;648970
FR;0;2022-12-06;602;713;6789;77930;448;4601;79439;121040;39257;54617830;52045326;37665206;7796926;53718700;40844366;8201739;2326495;688227
FR;0;2022-12-07;529;600;5294;57893;442;3537;59042;89967;29299;54618359;52045926;37670500;7854819;53719142;40847903;8260781;2416462;717526
FR;0;2022-12-08;589;691;6882;79180;431;4500;80858;123312;40532;54618948;52046617;37677382;7933999;53719573;40852403;8341639;2539774;758058
FR;0;2022-12-09;762;823;8548;95286;535;5600;97157;146493;46416;54619710;52047440;37685930;8029285;53720108;40858003;8438796;2686267;804474
FR;0;2022-12-10;394;414;3595;33831;260;2255;34723;50377;14646;54620104;52047854;37689525;8063116;53720368;40860258;8473519;2736644;819120
FR;0;2022-12-11;129;137;982;8323;98;674;8531;12200;3263;54620233;52047991;37690507;8071439;53720466;40860932;8482050;2748844;822383
FR;0;2022-12-12;491;553;6271;67127;347;4025;68723;105610;34530;54620724;52048544;37696778;8138566;53720813;40864957;8550773;2854454;856913
FR;0;2022-12-13;677;760;8907;103083;468;5526;105627;163883;54622;54621401;52049304;37705685;8241649;53721281;40870483;8656400;3018337;911535
FR;0;2022-12-14;567;668;6684;72815;435;4387;74441;115776;38217;54621968;52049972;37712369;8314464;53721716;40874870;8730841;3134113;949752
FR;0;2022-12-15;626;789;8534;95062;481;5393;97313;151718;51093;54622594;52050761;37720903;8409526;53722197;40880263;8828154;3285831;1000845
FR;0;2022-12-16;788;919;9328;103999;592;6033;106212;165078;54729;54623382;52051680;37730231;8513525;53722789;40886296;8934366;3450909;1055574
FR;0;2022-12-17;336;400;3334;31571;264;2133;32351;48054;14296;54623718;52052080;37733565;8545096;53723053;40888429;8966717;3498963;1069870
FR;0;2022-12-18;93;119;772;6250;69;527;6401;9518;2719;54623811;52052199;37734337;8551346;53723122;40888956;8973118;3508481;1072589
FR;0;2022-12-19;572;592;5629;55762;403;3563;57366;89382;29690;54624383;52052791;37739966;8607108;53723525;40892519;9030484;3597863;1102279
FR;0;2022-12-20;711;729;7664;78992;471;4972;81097;129152;44306;54625094;52053520;37747630;8686100;53723996;40897491;9111581;3727015;1146585
FR;0;2022-12-21;557;588;5142;50215;394;3426;51524;82614;28589;54625651;52054108;37752772;8736315;53724390;40900917;9163105;3809629;1175174
FR;0;2022-12-22;607;617;4716;45319;415;3249;46486;75024;26087;54626258;52054725;37757488;8781634;53724805;40904166;9209591;3884653;1201261
FR;0;2022-12-23;437;489;2989;25731;332;2165;26382;42522;14508;54626695;52055214;37760477;8807365;53725137;40906331;9235973;3927175;1215769
FR;0;2022-12-24;98;94;421;2634;68;314;2755;4156;1176;54626793;52055308;37760898;8809999;53725205;40906645;9238728;3931331;1216945
FR;0;2022-12-25;31;30;107;534;24;82;554;873;262;54626824;52055338;37761005;8810533;53725229;40906727;9239282;3932204;1217207
FR;0;2022-12-26;336;338;2246;16518;240;1584;17158;26876;8491;54627160;52055676;37763251;8827051;53725469;40908311;9256440;3959080;1225698
FR;0;2022-12-27;489;608;3873;32976;393;2650;34084;55304;19135;54627649;52056284;37767124;8860027;53725862;40910961;9290524;4014384;1244833
FR;0;2022-12-28;434;455;2946;24715;295;2056;25328;41111;14055;54628083;52056739;37770070;8884742;53726157;40913017;9315852;4055495;1258888
