fra;vaccin;jour;n_dose1;n_dose2;n_dose3;n_dose4;n_rappel;n_cum_dose1;n_cum_dose2;n_cum_dose3;n_cum_dose4;n_cum_rappel
FR;1;2020-12-27;609;0;0;0;0;609;0;0;0;0
FR;1;2020-12-28;683;1;0;0;0;1292;1;0;0;0
FR;1;2020-12-29;384;0;0;0;0;1676;1;0;0;0
FR;1;2020-12-30;444;0;0;0;0;2120;1;0;0;0
FR;1;2020-12-31;442;1;0;0;0;2562;2;0;0;0
FR;1;2021-01-01;1158;2;0;0;0;3720;4;0;0;0
FR;1;2021-01-02;364;3;0;0;0;4084;7;0;0;0
FR;1;2021-01-03;404;0;0;0;0;4488;7;0;0;0
FR;1;2021-01-04;2115;4;0;0;0;6603;11;0;0;0
FR;1;2021-01-05;7752;3;0;0;0;14355;14;0;0;0
FR;1;2021-01-06;12456;17;0;0;0;26811;31;0;0;0
FR;1;2021-01-07;29468;17;0;0;0;56279;48;0;0;0
FR;1;2021-01-08;37147;18;0;0;0;93426;66;0;0;0
FR;1;2021-01-09;11212;7;0;0;0;104638;73;0;0;0
FR;1;2021-01-10;6008;7;0;0;0;110646;80;0;0;0
FR;1;2021-01-11;39937;24;0;0;0;150583;104;0;0;0
FR;1;2021-01-12;62143;20;0;0;0;212726;124;0;0;0
FR;1;2021-01-13;65121;44;0;0;0;277847;168;0;0;0
FR;1;2021-01-14;81455;156;0;0;0;359302;324;0;0;0
FR;1;2021-01-15;68612;66;0;0;0;427914;390;0;0;0
FR;1;2021-01-16;19901;72;0;0;0;447815;462;0;0;0
FR;1;2021-01-17;10903;51;0;0;0;458718;513;0;0;0
FR;1;2021-01-18;82833;169;0;0;0;541551;682;0;0;0
FR;1;2021-01-19;125922;189;0;0;0;667473;871;0;0;0
FR;1;2021-01-20;132418;182;0;0;0;799891;1053;0;0;0
FR;1;2021-01-21;153063;175;0;0;0;952954;1228;0;0;0
FR;1;2021-01-22;115948;220;0;0;0;1068902;1448;0;0;0
FR;1;2021-01-23;36608;68;0;0;0;1105510;1516;0;0;0
FR;1;2021-01-24;9583;98;0;0;0;1115093;1614;0;0;0
FR;1;2021-01-25;74427;1345;0;0;0;1189520;2959;0;0;0
FR;1;2021-01-26;96455;3504;1;0;0;1285975;6463;1;0;0
FR;1;2021-01-27;103647;6147;0;0;0;1389622;12610;1;0;0
FR;1;2021-01-28;120606;15702;0;0;0;1510228;28312;1;0;0
FR;1;2021-01-29;88893;18216;0;0;0;1599121;46528;1;0;0
FR;1;2021-01-30;27993;4415;0;0;0;1627114;50943;1;0;0
FR;1;2021-01-31;5189;1819;0;0;0;1632303;52762;1;0;0
FR;1;2021-02-01;49728;22128;0;0;0;1682031;74890;1;0;0
FR;1;2021-02-02;67820;36980;0;0;0;1749851;111870;1;0;0
FR;1;2021-02-03;67087;39085;0;0;0;1816938;150955;1;0;0
FR;1;2021-02-04;77142;53305;0;0;0;1894080;204260;1;0;0
FR;1;2021-02-05;63423;46893;0;0;0;1957503;251153;1;0;0
FR;1;2021-02-06;19425;11094;0;0;0;1976928;262247;1;0;0
FR;1;2021-02-07;3666;5684;0;0;0;1980594;267931;1;0;0
FR;1;2021-02-08;36498;47831;0;0;0;2017092;315762;1;0;0
FR;1;2021-02-09;50805;76400;0;0;0;2067897;392162;1;0;0
FR;1;2021-02-10;52068;81162;0;0;0;2119965;473324;1;0;0
FR;1;2021-02-11;63377;103655;0;0;0;2183342;576979;1;0;0
FR;1;2021-02-12;55865;75092;0;0;0;2239207;652071;1;0;0
FR;1;2021-02-13;15463;19345;0;0;0;2254670;671416;1;0;0
FR;1;2021-02-14;3747;7349;0;0;0;2258417;678765;1;0;0
FR;1;2021-02-15;24153;73635;0;0;0;2282570;752400;1;0;0
FR;1;2021-02-16;32775;96382;0;0;0;2315345;848782;1;0;0
FR;1;2021-02-17;35126;101431;20;0;0;2350471;950213;21;0;0
FR;1;2021-02-18;49444;117180;0;0;0;2399915;1067393;21;0;0
FR;1;2021-02-19;45381;87245;1;0;0;2445296;1154638;22;0;0
FR;1;2021-02-20;13389;27161;0;0;0;2458685;1181799;22;0;0
FR;1;2021-02-21;2460;6078;0;0;0;2461145;1187877;22;0;0
FR;1;2021-02-22;24719;69441;2;0;0;2485864;1257318;24;0;0
FR;1;2021-02-23;37430;81402;1;0;0;2523294;1338720;25;0;0
FR;1;2021-02-24;40700;78952;1;0;0;2563994;1417672;26;0;0
FR;1;2021-02-25;50157;88014;1;0;0;2614151;1505686;27;0;0
FR;1;2021-02-26;47220;67593;1;0;0;2661371;1573279;28;0;0
FR;1;2021-02-27;15677;21208;1;0;0;2677048;1594487;29;0;0
FR;1;2021-02-28;3561;4178;2;0;0;2680609;1598665;31;0;0
FR;1;2021-03-01;40194;50044;1;0;0;2720803;1648709;32;0;0
FR;1;2021-03-02;55980;62266;3;0;0;2776783;1710975;35;0;0
FR;1;2021-03-03;61247;60585;0;0;0;2838030;1771560;35;0;0
FR;1;2021-03-04;72999;67550;3;0;0;2911029;1839110;38;0;0
FR;1;2021-03-05;74768;58744;3;0;0;2985797;1897854;41;0;0
FR;1;2021-03-06;82457;15833;2;0;0;3068254;1913687;43;0;0
FR;1;2021-03-07;63724;4427;1;0;0;3131978;1918114;44;0;0
FR;1;2021-03-08;60173;41509;2;0;0;3192151;1959623;46;0;0
FR;1;2021-03-09;85996;47710;1;0;0;3278147;2007333;47;0;0
FR;1;2021-03-10;90923;47935;5;0;0;3369070;2055268;52;0;0
FR;1;2021-03-11;105083;54502;1;0;0;3474153;2109770;53;0;0
FR;1;2021-03-12;104125;45011;1;0;0;3578278;2154781;54;0;0
FR;1;2021-03-13;89203;12621;1;0;0;3667481;2167402;55;0;0
FR;1;2021-03-14;44458;2781;1;0;0;3711939;2170183;56;0;0
FR;1;2021-03-15;95519;28342;3;0;0;3807458;2198525;59;0;0
FR;1;2021-03-16;123588;34343;5;0;0;3931046;2232868;64;0;0
FR;1;2021-03-17;129311;33777;4;0;0;4060357;2266645;68;0;0
FR;1;2021-03-18;142900;39355;5;0;0;4203257;2306000;73;0;0
FR;1;2021-03-19;136254;32275;2;0;0;4339511;2338275;75;0;0
FR;1;2021-03-20;76008;9841;1;0;0;4415519;2348116;76;0;0
FR;1;2021-03-21;26514;2121;1;0;0;4442033;2350237;77;0;0
FR;1;2021-03-22;114767;30514;2;0;0;4556800;2380751;79;0;0
FR;1;2021-03-23;143039;38078;1;0;0;4699839;2418829;80;0;0
FR;1;2021-03-24;142003;38470;0;0;0;4841842;2457299;80;0;0
FR;1;2021-03-25;165001;39745;4;0;0;5006843;2497044;84;0;0
FR;1;2021-03-26;166395;37480;5;1;0;5173238;2534524;89;1;0
FR;1;2021-03-27;110881;15422;1;0;0;5284119;2549946;90;1;0
FR;1;2021-03-28;42305;4243;3;0;0;5326424;2554189;93;1;0
FR;1;2021-03-29;129821;49263;4;0;0;5456245;2603452;97;1;0
FR;1;2021-03-30;167721;63731;5;0;0;5623966;2667183;102;1;0
FR;1;2021-03-31;170941;67661;4;0;0;5794907;2734844;106;1;0
FR;1;2021-04-01;194824;82837;10;0;0;5989731;2817681;116;1;0
FR;1;2021-04-02;164455;86114;7;0;0;6154186;2903795;123;1;0
FR;1;2021-04-03;88249;58097;6;0;0;6242435;2961892;129;1;0
FR;1;2021-04-04;33650;17728;0;0;0;6276085;2979620;129;1;0
FR;1;2021-04-05;46407;9771;11;0;0;6322492;2989391;140;1;0
FR;1;2021-04-06;160316;104223;17;0;0;6482808;3093614;157;1;0
FR;1;2021-04-07;196990;108080;16;0;0;6679798;3201694;173;1;0
FR;1;2021-04-08;222129;113645;13;0;0;6901927;3315339;186;1;0
FR;1;2021-04-09;214562;107772;21;0;0;7116489;3423111;207;1;0
FR;1;2021-04-10;117180;73211;14;0;0;7233669;3496322;221;1;0
FR;1;2021-04-11;40894;29959;6;0;0;7274563;3526281;227;1;0
FR;1;2021-04-12;168472;104379;46;0;0;7443035;3630660;273;1;0
FR;1;2021-04-13;203805;127901;97;1;0;7646840;3758561;370;2;0
FR;1;2021-04-14;208627;122774;208;0;0;7855467;3881335;578;2;0
FR;1;2021-04-15;221679;127758;312;0;0;8077146;4009093;890;2;0
FR;1;2021-04-16;206065;125428;309;0;0;8283211;4134521;1199;2;0
FR;1;2021-04-17;122089;67166;103;0;0;8405300;4201687;1302;2;0
FR;1;2021-04-18;35964;20970;41;0;0;8441264;4222657;1343;2;0
FR;1;2021-04-19;163750;121601;432;0;0;8605014;4344258;1775;2;0
FR;1;2021-04-20;189427;149337;531;0;0;8794441;4493595;2306;2;0
FR;1;2021-04-21;194002;147257;759;0;0;8988443;4640852;3065;2;0
FR;1;2021-04-22;209036;163880;777;0;0;9197479;4804732;3842;2;0
FR;1;2021-04-23;198955;157539;671;0;0;9396434;4962271;4513;2;0
FR;1;2021-04-24;126333;95668;148;0;0;9522767;5057939;4661;2;0
FR;1;2021-04-25;53628;30035;46;0;0;9576395;5087974;4707;2;0
FR;1;2021-04-26;181143;139362;542;0;0;9757538;5227336;5249;2;0
FR;1;2021-04-27;221366;162269;900;0;0;9978904;5389605;6149;2;0
FR;1;2021-04-28;238296;155658;1314;1;1;10217200;5545263;7463;3;1
FR;1;2021-04-29;270286;161020;1209;0;0;10487486;5706283;8672;3;1
FR;1;2021-04-30;271994;148552;1071;0;0;10759480;5854835;9743;3;1
FR;1;2021-05-01;141150;40592;173;0;0;10900630;5895427;9916;3;1
FR;1;2021-05-02;81550;28153;81;0;0;10982180;5923580;9997;3;1
FR;1;2021-05-03;250785;143875;803;0;0;11232965;6067455;10800;3;1
FR;1;2021-05-04;265879;187436;1200;0;0;11498844;6254891;12000;3;1
FR;1;2021-05-05;283874;185561;1267;0;0;11782718;6440452;13267;3;1
FR;1;2021-05-06;309962;183881;1501;0;0;12092680;6624333;14768;3;1
FR;1;2021-05-07;284095;196086;1126;0;0;12376775;6820419;15894;3;1
FR;1;2021-05-08;191661;50271;285;0;0;12568436;6870690;16179;3;1
FR;1;2021-05-09;114055;35033;236;0;0;12682491;6905723;16415;3;1
FR;1;2021-05-10;258208;194515;1186;0;0;12940699;7100238;17601;3;1
FR;1;2021-05-11;318886;210999;1465;0;0;13259585;7311237;19066;3;1
FR;1;2021-05-12;356628;185865;1399;0;0;13616213;7497102;20465;3;1
FR;1;2021-05-13;283445;47480;401;0;0;13899658;7544582;20866;3;1
FR;1;2021-05-14;370495;128523;994;0;0;14270153;7673105;21860;3;1
FR;1;2021-05-15;298089;66136;403;0;0;14568242;7739241;22263;3;1
FR;1;2021-05-16;157775;15487;158;0;0;14726017;7754728;22421;3;1
FR;1;2021-05-17;318929;116172;1439;0;0;15044946;7870900;23860;3;1
FR;1;2021-05-18;383331;111391;1798;0;0;15428277;7982291;25658;3;1
FR;1;2021-05-19;395266;102051;2182;0;0;15823543;8084342;27840;3;1
FR;1;2021-05-20;421806;95870;2048;0;0;16245349;8180212;29888;3;1
FR;1;2021-05-21;399805;97261;1764;0;0;16645154;8277473;31652;3;1
FR;1;2021-05-22;275688;41909;602;0;0;16920842;8319382;32254;3;1
FR;1;2021-05-23;123013;11038;224;0;0;17043855;8330420;32478;3;1
FR;1;2021-05-24;244010;26252;569;0;0;17287865;8356672;33047;3;1
FR;1;2021-05-25;366222;131554;2112;1;0;17654087;8488226;35159;4;1
FR;1;2021-05-26;380815;126615;1993;0;0;18034902;8614841;37152;4;1
FR;1;2021-05-27;406145;128081;1977;0;0;18441047;8742922;39129;4;1
FR;1;2021-05-28;366028;145401;1700;0;0;18807075;8888323;40829;4;1
FR;1;2021-05-29;253825;80955;527;0;0;19060900;8969278;41356;4;1
FR;1;2021-05-30;100974;22570;157;0;0;19161874;8991848;41513;4;1
FR;1;2021-05-31;314313;148943;1282;1;1;19476187;9140791;42795;5;2
FR;1;2021-06-01;361623;166532;1727;1;1;19837810;9307323;44522;6;3
FR;1;2021-06-02;365385;153778;1796;0;0;20203195;9461101;46318;6;3
FR;1;2021-06-03;391417;147480;1651;0;0;20594612;9608581;47969;6;3
FR;1;2021-06-04;364110;175648;1495;1;1;20958722;9784229;49464;7;4
FR;1;2021-06-05;258509;112703;596;0;0;21217231;9896932;50060;7;4
FR;1;2021-06-06;126807;37538;215;0;0;21344038;9934470;50275;7;4
FR;1;2021-06-07;301106;207805;1365;0;0;21645144;10142275;51640;7;4
FR;1;2021-06-08;330834;220827;1642;0;0;21975978;10363102;53282;7;4
FR;1;2021-06-09;336576;211717;1612;0;0;22312554;10574819;54894;7;4
FR;1;2021-06-10;343889;201251;1612;0;0;22656443;10776070;56506;7;4
FR;1;2021-06-11;311894;234886;1299;1;0;22968337;11010956;57805;8;4
FR;1;2021-06-12;244080;150627;436;0;0;23212417;11161583;58241;8;4
FR;1;2021-06-13;100365;60994;188;0;0;23312782;11222577;58429;8;4
FR;1;2021-06-14;207835;288066;1318;1;0;23520617;11510643;59747;9;4
FR;1;2021-06-15;256851;281628;1395;1;0;23777468;11792271;61142;10;4
FR;1;2021-06-16;273643;270569;1263;1;0;24051111;12062840;62405;11;4
FR;1;2021-06-17;268216;244848;1236;1;0;24319327;12307688;63641;12;4
FR;1;2021-06-18;260596;295458;1153;1;0;24579923;12603146;64794;13;4
FR;1;2021-06-19;193448;209495;388;0;0;24773371;12812641;65182;13;4
FR;1;2021-06-20;69706;89105;120;0;0;24843077;12901746;65302;13;4
FR;1;2021-06-21;172366;319731;933;1;1;25015443;13221477;66235;14;5
FR;1;2021-06-22;185867;347877;1101;10;1;25201310;13569354;67336;24;6
FR;1;2021-06-23;204197;339521;1049;0;0;25405507;13908875;68385;24;6
FR;1;2021-06-24;203529;282041;1174;0;0;25609036;14190916;69559;24;6
FR;1;2021-06-25;182661;371773;1198;0;0;25791697;14562689;70757;24;6
FR;1;2021-06-26;131392;278401;504;0;0;25923089;14841090;71261;24;6
FR;1;2021-06-27;52404;122901;145;0;0;25975493;14963991;71406;24;6
FR;1;2021-06-28;136656;368220;1064;0;0;26112149;15332211;72470;24;6
FR;1;2021-06-29;154888;390934;1848;0;0;26267037;15723145;74318;24;6
FR;1;2021-06-30;180052;381940;1666;4;2;26447089;16105085;75984;28;8
FR;1;2021-07-01;201471;332310;1887;5;1;26648560;16437395;77871;33;9
FR;1;2021-07-02;193883;367463;1765;5;2;26842443;16804858;79636;38;11
FR;1;2021-07-03;124472;280432;704;3;1;26966915;17085290;80340;41;12
FR;1;2021-07-04;53960;113695;244;0;0;27020875;17198985;80584;41;12
FR;1;2021-07-05;153955;355933;1500;8;2;27174830;17554918;82084;49;14
FR;1;2021-07-06;173501;382382;1603;45;8;27348331;17937300;83687;94;22
FR;1;2021-07-07;190827;362502;1657;25;4;27539158;18299802;85344;119;26
FR;1;2021-07-08;201564;323081;1826;20;6;27740722;18622883;87170;139;32
FR;1;2021-07-09;189975;387792;1854;3;2;27930697;19010675;89024;142;34
FR;1;2021-07-10;129949;281158;815;1;1;28060646;19291833;89839;143;35
FR;1;2021-07-11;57674;102528;262;0;0;28118320;19394361;90101;143;35
FR;1;2021-07-12;149909;416937;1583;4;0;28268229;19811298;91684;147;35
FR;1;2021-07-13;234273;439251;1806;8;1;28502502;20250549;93490;155;36
FR;1;2021-07-14;171914;151433;418;0;0;28674416;20401982;93908;155;36
FR;1;2021-07-15;279679;424483;1858;1;0;28954095;20826465;95766;156;36
FR;1;2021-07-16;290432;400884;1711;3;1;29244527;21227349;97477;159;37
FR;1;2021-07-17;217340;282048;755;1;0;29461867;21509397;98232;160;37
FR;1;2021-07-18;102001;107230;288;0;0;29563868;21616627;98520;160;37
FR;1;2021-07-19;238203;378741;1497;3;0;29802071;21995368;100017;163;37
FR;1;2021-07-20;305754;380231;1469;0;0;30107825;22375599;101486;163;37
FR;1;2021-07-21;333268;353017;1412;4;2;30441093;22728616;102898;167;39
FR;1;2021-07-22;364666;318859;1502;3;2;30805759;23047475;104400;170;41
FR;1;2021-07-23;349401;343184;1588;4;1;31155160;23390659;105988;174;42
FR;1;2021-07-24;238958;240825;697;1;0;31394118;23631484;106685;175;42
FR;1;2021-07-25;112799;76020;223;0;0;31506917;23707504;106908;175;42
FR;1;2021-07-26;299137;289611;1495;2;2;31806054;23997115;108403;177;44
FR;1;2021-07-27;385833;268188;1458;4;2;32191887;24265303;109861;181;46
FR;1;2021-07-28;390200;251111;1462;4;2;32582087;24516414;111323;185;48
FR;1;2021-07-29;406133;227891;1540;2;0;32988220;24744305;112863;187;48
FR;1;2021-07-30;370734;246709;1638;4;1;33358954;24991014;114501;191;49
FR;1;2021-07-31;243382;165117;793;1;0;33602336;25156131;115294;192;49
FR;1;2021-08-01;105585;47212;233;0;0;33707921;25203343;115527;192;49
FR;1;2021-08-02;297387;212973;1479;2;0;34005308;25416316;117006;194;49
FR;1;2021-08-03;331328;208866;1557;2;1;34336636;25625182;118563;196;50
FR;1;2021-08-04;328032;184036;1439;5;3;34664668;25809218;120002;201;53
FR;1;2021-08-05;301277;193281;1482;0;0;34965945;26002499;121484;201;53
FR;1;2021-08-06;290978;224283;1560;3;1;35256923;26226782;123044;204;54
FR;1;2021-08-07;182657;158797;654;5;3;35439580;26385579;123698;209;57
FR;1;2021-08-08;68886;59115;252;0;0;35508466;26444694;123950;209;57
FR;1;2021-08-09;222783;235463;1444;4;3;35731249;26680157;125394;213;60
FR;1;2021-08-10;252733;240145;1492;2;1;35983982;26920302;126886;215;61
FR;1;2021-08-11;236227;231972;1271;5;1;36220209;27152274;128157;220;62
FR;1;2021-08-12;220780;239939;1487;3;0;36440989;27392213;129644;223;62
FR;1;2021-08-13;201718;238603;1358;2;2;36642707;27630816;131002;225;64
FR;1;2021-08-14;122857;174061;646;0;0;36765564;27804877;131648;225;64
FR;1;2021-08-15;34700;46125;200;1;0;36800264;27851002;131848;226;64
FR;1;2021-08-16;156959;289548;1423;0;0;36957223;28140550;133271;226;64
FR;1;2021-08-17;171607;291201;1422;5;0;37128830;28431751;134693;231;64
FR;1;2021-08-18;161429;286819;1392;6;3;37290259;28718570;136085;237;67
FR;1;2021-08-19;148946;277548;1403;1;0;37439205;28996118;137488;238;67
FR;1;2021-08-20;140505;309058;1532;2;2;37579710;29305176;139020;240;69
FR;1;2021-08-21;84272;213209;588;0;0;37663982;29518385;139608;240;69
FR;1;2021-08-22;28580;82698;233;0;0;37692562;29601083;139841;240;69
FR;1;2021-08-23;118660;321038;1422;2;1;37811222;29922121;141263;242;70
FR;1;2021-08-24;126659;319752;1603;5;1;37937881;30241873;142866;247;71
FR;1;2021-08-25;121525;306517;1779;8;2;38059406;30548390;144645;255;73
FR;1;2021-08-26;106630;286123;2161;10;0;38166036;30834513;146806;265;73
FR;1;2021-08-27;107654;321666;2301;9;3;38273690;31156179;149107;274;76
FR;1;2021-08-28;71018;220699;1101;0;0;38344708;31376878;150208;274;76
FR;1;2021-08-29;24151;78190;469;1;0;38368859;31455068;150677;275;76
FR;1;2021-08-30;96890;286409;4312;6;5053;38465749;31741477;154989;281;5129
FR;1;2021-08-31;98110;276314;9293;15;10112;38563859;32017791;164282;296;15241
FR;1;2021-09-01;112342;245342;21116;7;22131;38676201;32263133;185398;303;37372
FR;1;2021-09-02;86778;197948;24528;18;25494;38762979;32461081;209926;321;62866
FR;1;2021-09-03;82420;227558;26953;21;28024;38845399;32688639;236879;342;90890
FR;1;2021-09-04;71629;189726;11140;11;11688;38917028;32878365;248019;353;102578
FR;1;2021-09-05;18612;41156;4124;2;4278;38935640;32919521;252143;355;106856
FR;1;2021-09-06;59806;151490;30180;15;31199;38995446;33071011;282323;370;138055
FR;1;2021-09-07;57392;139687;30209;30;31212;39052838;33210698;312532;400;169267
FR;1;2021-09-08;72335;173798;26922;22;27913;39125173;33384496;339454;422;197180
FR;1;2021-09-09;54479;124482;28621;24;29704;39179652;33508978;368075;446;226884
FR;1;2021-09-10;66211;152101;30446;24;31640;39245863;33661079;398521;470;258524
FR;1;2021-09-11;52687;146632;9730;14;10338;39298550;33807711;408251;484;268862
FR;1;2021-09-12;10795;29275;2484;1;2648;39309345;33836986;410735;485;271510
FR;1;2021-09-13;51504;104474;38743;31;40018;39360849;33941460;449478;516;311528
FR;1;2021-09-14;53339;96037;51273;67;53118;39414188;34037497;500751;583;364646
FR;1;2021-09-15;60567;139279;50488;55;47041;39474755;34176776;551239;638;411687
FR;1;2021-09-16;46632;81417;53339;70;49556;39521387;34258193;604578;708;461243
FR;1;2021-09-17;53219;109352;45068;61;42674;39574606;34367545;649646;769;503917
FR;1;2021-09-18;37877;118499;11796;19;11272;39612483;34486044;661442;788;515189
FR;1;2021-09-19;6530;21041;2039;1;1981;39619013;34507085;663481;789;517170
FR;1;2021-09-20;36534;74887;46226;65;44176;39655547;34581972;709707;854;561346
FR;1;2021-09-21;34186;68143;56259;70;52699;39689733;34650115;765966;924;614045
FR;1;2021-09-22;38825;118607;49870;76;46887;39728558;34768722;815836;1000;660932
FR;1;2021-09-23;32020;62912;54497;85;50887;39760578;34831634;870333;1085;711819
FR;1;2021-09-24;36781;90077;43661;89;41923;39797359;34921711;913994;1174;753742
FR;1;2021-09-25;27647;96696;12304;27;12178;39825006;35018407;926298;1201;765920
FR;1;2021-09-26;4378;15194;1773;5;1695;39829384;35033601;928071;1206;767615
FR;1;2021-09-27;27350;60230;42909;89;41624;39856734;35093831;970980;1295;809239
FR;1;2021-09-28;26911;49463;47190;75;44454;39883645;35143294;1018170;1370;853693
FR;1;2021-09-29;35920;80342;47272;87;45578;39919565;35223636;1065442;1457;899271
FR;1;2021-09-30;26050;46887;47521;81;45440;39945615;35270523;1112963;1538;944711
FR;1;2021-10-01;47290;66969;44884;83;44584;39992905;35337492;1157847;1621;989295
FR;1;2021-10-02;32369;62416;16112;32;16317;40025274;35399908;1173959;1653;1005612
FR;1;2021-10-03;4340;8564;2038;3;2032;40029614;35408472;1175997;1656;1007644
FR;1;2021-10-04;28933;44443;47099;79;46952;40058547;35452915;1223096;1735;1054596
FR;1;2021-10-05;24533;41662;49880;116;49306;40083080;35494577;1272976;1851;1103902
FR;1;2021-10-06;34629;61411;57495;102;57221;40117709;35555988;1330471;1953;1161123
FR;1;2021-10-07;21041;39904;53038;75;51958;40138750;35595892;1383509;2028;1213081
FR;1;2021-10-08;35644;59658;60393;83;61129;40174394;35655550;1443902;2111;1274210
FR;1;2021-10-09;27449;48017;25494;29;26014;40201843;35703567;1469396;2140;1300224
FR;1;2021-10-10;3713;5811;2753;7;2860;40205556;35709378;1472149;2147;1303084
FR;1;2021-10-11;24821;38239;54581;88;55245;40230377;35747617;1526730;2235;1358329
FR;1;2021-10-12;23336;36600;58065;127;59185;40253713;35784217;1584795;2362;1417514
FR;1;2021-10-13;32917;47844;64166;124;65674;40286630;35832061;1648961;2486;1483188
FR;1;2021-10-14;21671;34805;53757;103;54344;40308301;35866866;1702718;2589;1537532
FR;1;2021-10-15;32702;48807;72324;165;74989;40341003;35915673;1775042;2754;1612521
FR;1;2021-10-16;25986;35305;34866;44;36408;40366989;35950978;1809908;2798;1648929
FR;1;2021-10-17;3108;4051;3411;2;3314;40370097;35955029;1813319;2800;1652243
FR;1;2021-10-18;24192;34897;66828;131;69698;40394289;35989926;1880147;2931;1721941
FR;1;2021-10-19;20684;35595;75653;135;79547;40414973;36025521;1955800;3066;1801488
FR;1;2021-10-20;29879;44240;96172;178;99841;40444852;36069761;2051972;3244;1901329
FR;1;2021-10-21;19776;35075;83172;107;87018;40464628;36104836;2135144;3351;1988347
FR;1;2021-10-22;29722;47788;103733;196;109673;40494350;36152624;2238877;3547;2098020
FR;1;2021-10-23;23028;35144;44867;57;47374;40517378;36187768;2283744;3604;2145394
FR;1;2021-10-24;2381;3845;3582;6;3724;40519759;36191613;2287326;3610;2149118
FR;1;2021-10-25;22463;30765;82017;143;85806;40542222;36222378;2369343;3753;2234924
FR;1;2021-10-26;19331;27678;86100;162;90317;40561553;36250056;2455443;3915;2325241
FR;1;2021-10-27;26192;39650;107802;252;112691;40587745;36289706;2563245;4167;2437932
FR;1;2021-10-28;18780;27143;86945;150;91680;40606525;36316849;2650190;4317;2529612
FR;1;2021-10-29;25926;40286;114821;201;121619;40632451;36357135;2765011;4518;2651231
FR;1;2021-10-30;17696;28729;49360;74;51945;40650147;36385864;2814371;4592;2703176
FR;1;2021-10-31;2060;3176;3448;2;3684;40652207;36389040;2817819;4594;2706860
FR;1;2021-11-01;7963;4271;3027;3;3286;40660170;36393311;2820846;4597;2710146
FR;1;2021-11-02;22876;33247;92391;156;97800;40683046;36426558;2913237;4753;2807946
FR;1;2021-11-03;26602;41607;117489;215;123858;40709648;36468165;3030726;4968;2931804
FR;1;2021-11-04;19595;30344;105799;213;111924;40729243;36498509;3136525;5181;3043728
FR;1;2021-11-05;27007;42353;138768;229;147417;40756250;36540862;3275293;5410;3191145
FR;1;2021-11-06;18844;29830;63479;123;66483;40775094;36570692;3338772;5533;3257628
FR;1;2021-11-07;1808;3290;4973;6;5301;40776902;36573982;3343745;5539;3262929
FR;1;2021-11-08;17844;32285;125991;224;132613;40794746;36606267;3469736;5763;3395542
FR;1;2021-11-09;19484;37673;159285;334;169066;40814230;36643940;3629021;6097;3564608
FR;1;2021-11-10;28866;49173;181888;440;192494;40843096;36693113;3810909;6537;3757102
FR;1;2021-11-11;4170;5949;12224;26;13019;40847266;36699062;3823133;6563;3770121
FR;1;2021-11-12;26000;46902;174803;244;186468;40873266;36745964;3997936;6807;3956589
FR;1;2021-11-13;18728;29179;76824;111;81761;40891994;36775143;4074760;6918;4038350
FR;1;2021-11-14;2042;3264;6819;5;7359;40894036;36778407;4081579;6923;4045709
FR;1;2021-11-15;18755;34822;156406;304;166220;40912791;36813229;4237985;7227;4211929
FR;1;2021-11-16;21347;37939;192110;378;204968;40934138;36851168;4430095;7605;4416897
FR;1;2021-11-17;28647;45630;193212;398;205006;40962785;36896798;4623307;8003;4621903
FR;1;2021-11-18;21129;39500;182479;458;194522;40983914;36936298;4805786;8461;4816425
FR;1;2021-11-19;30875;53420;230226;532;246692;41014789;36989718;5036012;8993;5063117
FR;1;2021-11-20;23757;33254;96981;201;103612;41038546;37022972;5132993;9194;5166729
FR;1;2021-11-21;2327;3942;9110;19;9944;41040873;37026914;5142103;9213;5176673
FR;1;2021-11-22;21408;30433;175883;465;189422;41062281;37057347;5317986;9678;5366095
FR;1;2021-11-23;24010;41078;221174;540;237902;41086291;37098425;5539160;10218;5603997
FR;1;2021-11-24;30283;49762;217330;701;234483;41116574;37148187;5756490;10919;5838480
FR;1;2021-11-25;23719;44091;244456;718;264104;41140293;37192278;6000946;11637;6102584
FR;1;2021-11-26;30621;66763;356791;834;388517;41170914;37259041;6357737;12471;6491101
FR;1;2021-11-27;21944;45368;202610;371;222613;41192858;37304409;6560347;12842;6713714
FR;1;2021-11-28;3166;9618;54782;63;61017;41196024;37314027;6615129;12905;6774731
FR;1;2021-11-29;17877;49562;326359;840;354423;41213901;37363589;6941488;13745;7129154
FR;1;2021-11-30;22785;64964;431118;952;470744;41236686;37428553;7372606;14697;7599898
FR;1;2021-12-01;25328;69317;442862;1129;481721;41262014;37497870;7815468;15826;8081619
FR;1;2021-12-02;20064;64581;489356;1228;532853;41282078;37562451;8304824;17054;8614472
FR;1;2021-12-03;22894;82603;542740;1309;591761;41304972;37645054;8847564;18363;9206233
FR;1;2021-12-04;16392;53950;299074;652;328918;41321364;37699004;9146638;19015;9535151
FR;1;2021-12-05;3633;13871;81521;143;91051;41324997;37712875;9228159;19158;9626202
FR;1;2021-12-06;25833;62684;415415;1065;455151;41350830;37775559;9643574;20223;10081353
FR;1;2021-12-07;19997;75662;522944;1535;572535;41370827;37851221;10166518;21758;10653888
FR;1;2021-12-08;21694;75783;458370;1544;502081;41392521;37927004;10624888;23302;11155969
FR;1;2021-12-09;19443;74084;492894;1625;540819;41411964;38001088;11117782;24927;11696788
FR;1;2021-12-10;23303;87759;547364;1585;599990;41435267;38088847;11665146;26512;12296778
FR;1;2021-12-11;16533;59241;302728;748;335466;41451800;38148088;11967874;27260;12632244
FR;1;2021-12-12;4364;15967;83208;179;94051;41456164;38164055;12051082;27439;12726295
FR;1;2021-12-13;15749;63683;366946;1094;406237;41471913;38227738;12418028;28533;13132532
FR;1;2021-12-14;20853;80388;464709;1745;515168;41492766;38308126;12882737;30278;13647700
FR;1;2021-12-15;21602;77562;409052;1309;453125;41514368;38385688;13291789;31587;14100825
FR;1;2021-12-16;20038;77371;451826;1578;500585;41534406;38463059;13743615;33165;14601410
FR;1;2021-12-17;22609;86684;479904;1734;530965;41557015;38549743;14223519;34899;15132375
FR;1;2021-12-18;17598;54704;257603;730;288504;41574613;38604447;14481122;35629;15420879
FR;1;2021-12-19;5550;17037;79168;194;90710;41580163;38621484;14560290;35823;15511589
FR;1;2021-12-20;20930;63170;316214;1080;355291;41601093;38684654;14876504;36903;15866880
FR;1;2021-12-21;26325;73139;372720;1423;418070;41627418;38757793;15249224;38326;16284950
FR;1;2021-12-22;24977;65951;310608;1216;349591;41652395;38823744;15559832;39542;16634541
FR;1;2021-12-23;21267;52333;241474;956;273032;41673662;38876077;15801306;40498;16907573
FR;1;2021-12-24;7121;18356;67151;258;77066;41680783;38894433;15868457;40756;16984639
FR;1;2021-12-25;506;2871;5584;15;6538;41681289;38897304;15874041;40771;16991177
FR;1;2021-12-26;2748;7592;26934;71;31457;41684037;38904896;15900975;40842;17022634
FR;1;2021-12-27;18303;53597;235102;705;265753;41702340;38958493;16136077;41547;17288387
FR;1;2021-12-28;23294;62061;292024;1026;330212;41725634;39020554;16428101;42573;17618599
FR;1;2021-12-29;22213;55565;254984;920;288203;41747847;39076119;16683085;43493;17906802
FR;1;2021-12-30;21239;46575;212151;858;239627;41769086;39122694;16895236;44351;18146429
FR;1;2021-12-31;7463;16607;61863;229;70407;41776549;39139301;16957099;44580;18216836
FR;1;2022-01-01;1085;2482;5656;30;6577;41777634;39141783;16962755;44610;18223413
FR;1;2022-01-02;3060;8055;28889;50;33525;41780694;39149838;16991644;44660;18256938
FR;1;2022-01-03;23930;54273;228224;785;257689;41804624;39204111;17219868;45445;18514627
FR;1;2022-01-04;26013;65075;299243;1238;337284;41830637;39269186;17519111;46683;18851911
FR;1;2022-01-05;30415;64333;274861;1096;310225;41861052;39333519;17793972;47779;19162136
FR;1;2022-01-06;26799;66264;306873;1398;346521;41887851;39399783;18100845;49177;19508657
FR;1;2022-01-07;31553;75059;349826;1538;393970;41919404;39474842;18450671;50715;19902627
FR;1;2022-01-08;23384;51389;222483;698;251109;41942788;39526231;18673154;51413;20153736
FR;1;2022-01-09;7085;17142;66023;163;76142;41949873;39543373;18739177;51576;20229878
FR;1;2022-01-10;21744;60727;236785;954;267619;41971617;39604100;18975962;52530;20497497
FR;1;2022-01-11;26752;63510;282273;1277;317805;41998369;39667610;19258235;53807;20815302
FR;1;2022-01-12;28914;62532;246243;1104;278023;42027283;39730142;19504478;54911;21093325
FR;1;2022-01-13;24732;60242;262787;1253;296126;42052015;39790384;19767265;56164;21389451
FR;1;2022-01-14;27952;66764;313991;1366;351260;42079967;39857148;20081256;57530;21740711
FR;1;2022-01-15;19334;44408;199303;619;223857;42099301;39901556;20280559;58149;21964568
FR;1;2022-01-16;5149;12977;51522;135;59565;42104450;39914533;20332081;58284;22024133
FR;1;2022-01-17;16845;39761;184817;780;206844;42121295;39954294;20516898;59064;22230977
FR;1;2022-01-18;19438;46016;212406;1154;237036;42140733;40000310;20729304;60218;22468013
FR;1;2022-01-19;20297;44008;176095;897;197189;42161030;40044318;20905399;61115;22665202
FR;1;2022-01-20;16827;40633;183667;1137;204740;42177857;40084951;21089066;62252;22869942
FR;1;2022-01-21;19901;47105;228942;1405;253343;42197758;40132056;21318008;63657;23123285
FR;1;2022-01-22;13838;33359;144491;578;161387;42211596;40165415;21462499;64235;23284672
FR;1;2022-01-23;3349;8773;33423;132;38320;42214945;40174188;21495922;64367;23322992
FR;1;2022-01-24;11796;32995;142197;709;158246;42226741;40207183;21638119;65076;23481238
FR;1;2022-01-25;14202;38234;163387;1048;181554;42240943;40245417;21801506;66124;23662792
FR;1;2022-01-26;14858;37674;150245;932;166343;42255801;40283091;21951751;67056;23829135
FR;1;2022-01-27;12333;33254;143448;886;157977;42268134;40316345;22095199;67942;23987112
FR;1;2022-01-28;16318;56436;198306;1144;222420;42284452;40372781;22293505;69086;24209532
FR;1;2022-01-29;10267;35476;135202;524;151549;42294719;40408257;22428707;69610;24361081
FR;1;2022-01-30;2480;9265;29681;86;34467;42297199;40417522;22458388;69696;24395548
FR;1;2022-01-31;8756;32516;104336;533;117391;42305955;40450038;22562724;70229;24512939
FR;1;2022-02-01;10891;36514;127066;864;141265;42316846;40486552;22689790;71093;24654204
FR;1;2022-02-02;11933;41638;130343;782;145858;42328779;40528190;22820133;71875;24800062
FR;1;2022-02-03;9227;34023;117004;784;130354;42338006;40562213;22937137;72659;24930416
FR;1;2022-02-04;11516;48205;172575;967;192777;42349522;40610418;23109712;73626;25123193
FR;1;2022-02-05;7995;33958;117577;391;133052;42357517;40644376;23227289;74017;25256245
FR;1;2022-02-06;1704;8011;22750;85;26913;42359221;40652387;23250039;74102;25283158
FR;1;2022-02-07;7303;35446;119078;457;134971;42366524;40687833;23369117;74559;25418129
FR;1;2022-02-08;7742;31927;125637;693;140625;42374266;40719760;23494754;75252;25558754
FR;1;2022-02-09;8639;36513;135243;696;152488;42382905;40756273;23629997;75948;25711242
FR;1;2022-02-10;6992;30002;116364;674;130148;42389897;40786275;23746361;76622;25841390
FR;1;2022-02-11;8654;41527;165134;877;185357;42398551;40827802;23911495;77499;26026747
FR;1;2022-02-12;5322;27601;106699;378;120884;42403873;40855403;24018194;77877;26147631
FR;1;2022-02-13;1229;5715;21716;66;25331;42405102;40861118;24039910;77943;26172962
FR;1;2022-02-14;5450;27206;118072;391;133098;42410552;40888324;24157982;78334;26306060
FR;1;2022-02-15;5772;28845;118913;610;132544;42416324;40917169;24276895;78944;26438604
FR;1;2022-02-16;5745;28466;110414;596;123046;42422069;40945635;24387309;79540;26561650
FR;1;2022-02-17;4608;19713;73133;487;80237;42426677;40965348;24460442;80027;26641887
FR;1;2022-02-18;5604;26766;99191;670;108150;42432281;40992114;24559633;80697;26750037
FR;1;2022-02-19;3550;17171;59473;304;66054;42435831;41009285;24619106;81001;26816091
FR;1;2022-02-20;788;3252;10705;36;12332;42436619;41012537;24629811;81037;26828423
FR;1;2022-02-21;3421;14586;52821;286;57669;42440040;41027123;24682632;81323;26886092
FR;1;2022-02-22;3789;15526;51901;500;55637;42443829;41042649;24734533;81823;26941729
FR;1;2022-02-23;4229;17806;57468;508;62569;42448058;41060455;24792001;82331;27004298
FR;1;2022-02-24;3340;13048;43612;435;46401;42451398;41073503;24835613;82766;27050699
FR;1;2022-02-25;4470;19839;64915;695;68785;42455868;41093342;24900528;83461;27119484
FR;1;2022-02-26;2692;12798;41366;310;45119;42458560;41106140;24941894;83771;27164603
FR;1;2022-02-27;644;2186;7126;42;7991;42459204;41108326;24949020;83813;27172594
FR;1;2022-02-28;2613;10464;34948;305;37374;42461817;41118790;24983968;84118;27209968
FR;1;2022-03-01;3459;10736;38695;390;39650;42465276;41129526;25022663;84508;27249618
FR;1;2022-03-02;3641;12168;41844;397;43912;42468917;41141694;25064507;84905;27293530
FR;1;2022-03-03;2447;7963;26174;326;26511;42471364;41149657;25090681;85231;27320041
FR;1;2022-03-04;2684;10426;35422;590;34915;42474048;41160083;25126103;85821;27354956
FR;1;2022-03-05;1819;6356;21962;278;22358;42475867;41166439;25148065;86099;27377314
FR;1;2022-03-06;358;952;2916;38;3119;42476225;41167391;25150981;86137;27380433
FR;1;2022-03-07;1726;4705;16430;245;15896;42477951;41172096;25167411;86382;27396329
FR;1;2022-03-08;1662;5248;17162;307;15989;42479613;41177344;25184573;86689;27412318
FR;1;2022-03-09;1969;6673;19804;368;19162;42481582;41184017;25204377;87057;27431480
FR;1;2022-03-10;1393;4868;15274;307;14312;42482975;41188885;25219651;87364;27445792
FR;1;2022-03-11;1751;6392;21699;482;19851;42484726;41195277;25241350;87846;27465643
FR;1;2022-03-12;1237;4649;15358;280;14908;42485963;41199926;25256708;88126;27480551
FR;1;2022-03-13;244;609;2119;118;2064;42486207;41200535;25258827;88244;27482615
FR;1;2022-03-14;1139;3671;13398;3878;12520;42487346;41204206;25272225;92122;27495135
FR;1;2022-03-15;1382;5725;14648;6862;13244;42488728;41209931;25286873;98984;27508379
FR;1;2022-03-16;1679;5057;17391;11517;16452;42490407;41214988;25304264;110501;27524831
FR;1;2022-03-17;1166;3429;11719;9646;10817;42491573;41218417;25315983;120147;27535648
FR;1;2022-03-18;1724;4922;17957;16493;16394;42493297;41223339;25333940;136640;27552042
FR;1;2022-03-19;1121;3296;11889;8455;11357;42494418;41226635;25345829;145095;27563399
FR;1;2022-03-20;224;557;1724;1014;1758;42494642;41227192;25347553;146109;27565157
FR;1;2022-03-21;1085;2756;11493;13448;10840;42495727;41229948;25359046;159557;27575997
FR;1;2022-03-22;1225;3205;12251;18691;11241;42496952;41233153;25371297;178248;27587238
FR;1;2022-03-23;1500;4320;16019;20109;15699;42498452;41237473;25387316;198357;27602937
FR;1;2022-03-24;1111;2743;10389;16049;9651;42499563;41240216;25397705;214406;27612588
FR;1;2022-03-25;1531;4337;16729;25297;15380;42501094;41244553;25414434;239703;27627968
FR;1;2022-03-26;1107;3010;10852;11449;10513;42502201;41247563;25425286;251152;27638481
FR;1;2022-03-27;233;543;1748;1381;1801;42502434;41248106;25427034;252533;27640282
FR;1;2022-03-28;1079;2482;9969;15883;9593;42503513;41250588;25437003;268416;27649875
FR;1;2022-03-29;1139;2736;11549;25081;10912;42504652;41253324;25448552;293497;27660787
FR;1;2022-03-30;1625;3555;14163;24170;13694;42506277;41256879;25462715;317667;27674481
FR;1;2022-03-31;1277;3007;11685;22630;11193;42507554;41259886;25474400;340297;27685674
FR;1;2022-04-01;2226;4012;18455;28503;17326;42509780;41263898;25492855;368800;27703000
FR;1;2022-04-02;907;1871;8189;9218;7934;42510687;41265769;25501044;378018;27710934
FR;1;2022-04-03;200;373;1432;1054;1433;42510887;41266142;25502476;379072;27712367
FR;1;2022-04-04;1693;2444;11362;17657;10748;42512580;41268586;25513838;396729;27723115
FR;1;2022-04-05;1490;2678;12993;31171;12017;42514070;41271264;25526831;427900;27735132
FR;1;2022-04-06;1496;2946;12190;23911;11620;42515566;41274210;25539021;451811;27746752
FR;1;2022-04-07;1251;2691;12334;31042;11800;42516817;41276901;25551355;482853;27758552
FR;1;2022-04-08;1604;3600;17548;40574;16455;42518421;41280501;25568903;523427;27775007
FR;1;2022-04-09;817;1989;8401;12493;8099;42519238;41282490;25577304;535920;27783106
FR;1;2022-04-10;197;514;1834;1849;1877;42519435;41283004;25579138;537769;27784983
FR;1;2022-04-11;1043;2229;10960;22312;10669;42520478;41285233;25590098;560081;27795652
FR;1;2022-04-12;1297;2610;12813;38093;12299;42521775;41287843;25602911;598174;27807951
FR;1;2022-04-13;1249;2823;12264;30587;11995;42523024;41290666;25615175;628761;27819946
FR;1;2022-04-14;1219;2499;12080;33561;12083;42524243;41293165;25627255;662322;27832029
FR;1;2022-04-15;1480;2925;14387;33190;13762;42525723;41296090;25641642;695512;27845791
FR;1;2022-04-16;658;1397;5840;7983;5764;42526381;41297487;25647482;703495;27851555
FR;1;2022-04-17;153;274;929;1119;971;42526534;41297761;25648411;704614;27852526
FR;1;2022-04-18;162;461;2632;999;2655;42526696;41298222;25651043;705613;27855181
FR;1;2022-04-19;1233;2581;11773;27889;11504;42527929;41300803;25662816;733502;27866685
FR;1;2022-04-20;1330;2621;12164;26818;12005;42529259;41303424;25674980;760320;27878690
FR;1;2022-04-21;1235;2448;11525;33134;11697;42530494;41305872;25686505;793454;27890387
FR;1;2022-04-22;1509;3063;15196;35468;14778;42532003;41308935;25701701;828922;27905165
FR;1;2022-04-23;760;1569;6730;9889;6635;42532763;41310504;25708431;838811;27911800
FR;1;2022-04-24;196;361;1373;1520;1326;42532959;41310865;25709804;840331;27913126
FR;1;2022-04-25;1035;2118;9851;19686;9750;42533994;41312983;25719655;860017;27922876
FR;1;2022-04-26;1339;2615;12589;36538;12196;42535333;41315598;25732244;896555;27935072
FR;1;2022-04-27;1322;2395;10641;29159;10778;42536655;41317993;25742885;925714;27945850
FR;1;2022-04-28;1276;2382;11555;34207;11395;42537931;41320375;25754440;959921;27957245
FR;1;2022-04-29;1607;3577;14392;35492;13831;42539538;41323952;25768832;995413;27971076
FR;1;2022-04-30;827;1539;6446;9162;6288;42540365;41325491;25775278;1004575;27977364
FR;1;2022-05-01;176;281;827;947;821;42540541;41325772;25776105;1005522;27978185
FR;1;2022-05-02;1461;2533;10369;16902;10274;42542002;41328305;25786474;1022424;27988459
FR;1;2022-05-03;1501;2818;12694;32820;12586;42543503;41331123;25799168;1055244;28001045
FR;1;2022-05-04;1343;2702;11216;23790;11371;42544846;41333825;25810384;1079034;28012416
FR;1;2022-05-05;1455;2575;12163;31738;12089;42546301;41336400;25822547;1110772;28024505
FR;1;2022-05-06;1806;3220;14210;34854;13777;42548107;41339620;25836757;1145626;28038282
FR;1;2022-05-07;851;1458;5973;9089;6005;42548958;41341078;25842730;1154715;28044287
FR;1;2022-05-08;189;326;1059;1470;1121;42549147;41341404;25843789;1156185;28045408
FR;1;2022-05-09;1098;1992;9238;19246;9152;42550245;41343396;25853027;1175431;28054560
FR;1;2022-05-10;1456;2743;12592;36997;12188;42551701;41346139;25865619;1212428;28066748
FR;1;2022-05-11;1425;2411;9895;25985;9838;42553126;41348550;25875514;1238413;28076586
FR;1;2022-05-12;1303;2385;10491;33492;10178;42554429;41350935;25886005;1271905;28086764
FR;1;2022-05-13;1594;2775;12748;35700;12392;42556023;41353710;25898753;1307605;28099156
FR;1;2022-05-14;777;1302;5477;10210;5359;42556800;41355012;25904230;1317815;28104515
FR;1;2022-05-15;220;401;1181;1347;1245;42557020;41355413;25905411;1319162;28105760
FR;1;2022-05-16;963;1744;8064;20061;8116;42557983;41357157;25913475;1339223;28113876
FR;1;2022-05-17;1279;2262;11112;36145;10717;42559262;41359419;25924587;1375368;28124593
FR;1;2022-05-18;1297;2103;9027;25689;8978;42560559;41361522;25933614;1401057;28133571
FR;1;2022-05-19;1187;2379;9829;33892;9925;42561746;41363901;25943443;1434949;28143496
FR;1;2022-05-20;1557;2739;12512;37622;12096;42563303;41366640;25955955;1472571;28155592
FR;1;2022-05-21;774;1367;5244;9373;5163;42564077;41368007;25961199;1481944;28160755
FR;1;2022-05-22;190;286;948;1392;948;42564267;41368293;25962147;1483336;28161703
FR;1;2022-05-23;960;1853;8366;19403;8332;42565227;41370146;25970513;1502739;28170035
FR;1;2022-05-24;1278;2429;10711;37178;10554;42566505;41372575;25981224;1539917;28180589
FR;1;2022-05-25;1263;2267;8789;23653;8946;42567768;41374842;25990013;1563570;28189535
FR;1;2022-05-26;162;353;1575;1147;1567;42567930;41375195;25991588;1564717;28191102
FR;1;2022-05-27;1100;2163;8774;20431;8524;42569030;41377358;26000362;1585148;28199626
FR;1;2022-05-28;481;1038;3683;6529;3721;42569511;41378396;26004045;1591677;28203347
FR;1;2022-05-29;119;256;706;890;717;42569630;41378652;26004751;1592567;28204064
FR;1;2022-05-30;826;1716;6556;18529;6585;42570456;41380368;26011307;1611096;28210649
FR;1;2022-05-31;1263;2195;9240;34348;9108;42571719;41382563;26020547;1645444;28219757
FR;1;2022-06-01;1291;2581;10430;23427;10293;42573010;41385144;26030977;1668871;28230050
FR;1;2022-06-02;1213;2300;10668;34084;10225;42574223;41387444;26041645;1702955;28240275
FR;1;2022-06-03;1434;2722;12687;37076;12108;42575657;41390166;26054332;1740031;28252383
FR;1;2022-06-04;679;1258;4743;8675;4821;42576336;41391424;26059075;1748706;28257204
FR;1;2022-06-05;128;286;808;1047;830;42576464;41391710;26059883;1749753;28258034
FR;1;2022-06-06;276;924;2008;1179;2014;42576740;41392634;26061891;1750932;28260048
FR;1;2022-06-07;1131;2285;9171;34023;8832;42577871;41394919;26071062;1784955;28268880
FR;1;2022-06-08;1094;2219;8663;27533;8546;42578965;41397138;26079725;1812488;28277426
FR;1;2022-06-09;1052;2134;9971;37513;9651;42580017;41399272;26089696;1850001;28287077
FR;1;2022-06-10;1323;2552;12377;43052;11953;42581340;41401824;26102073;1893053;28299030
FR;1;2022-06-11;654;1441;5136;11079;5184;42581994;41403265;26107209;1904132;28304214
FR;1;2022-06-12;150;368;1013;1680;1069;42582144;41403633;26108222;1905812;28305283
FR;1;2022-06-13;898;1797;7001;22201;6860;42583042;41405430;26115223;1928013;28312143
FR;1;2022-06-14;1077;2159;9830;42773;9233;42584119;41407589;26125053;1970786;28321376
FR;1;2022-06-15;1058;1933;8766;29358;8446;42585177;41409522;26133819;2000144;28329822
FR;1;2022-06-16;928;1806;9385;38458;8861;42586105;41411328;26143204;2038602;28338683
FR;1;2022-06-17;1204;2532;11864;44761;11350;42587309;41413860;26155068;2083363;28350033
FR;1;2022-06-18;559;1262;4313;10540;4250;42587868;41415122;26159381;2093903;28354283
FR;1;2022-06-19;137;324;1002;1543;1081;42588005;41415446;26160383;2095446;28355364
FR;1;2022-06-20;855;1687;8484;25030;8149;42588860;41417133;26168867;2120476;28363513
FR;1;2022-06-21;1096;2128;9754;47731;8844;42589956;41419261;26178621;2168207;28372357
FR;1;2022-06-22;1021;2027;8426;37097;7929;42590977;41421288;26187047;2205304;28380286
FR;1;2022-06-23;1045;2149;10114;52766;9388;42592022;41423437;26197161;2258070;28389674
FR;1;2022-06-24;1240;2695;12896;65871;11674;42593262;41426132;26210057;2323941;28401348
FR;1;2022-06-25;680;1499;5922;18915;5704;42593942;41427631;26215979;2342856;28407052
FR;1;2022-06-26;166;402;1818;3492;1709;42594108;41428033;26217797;2346348;28408761
FR;1;2022-06-27;934;1761;9896;45941;9120;42595042;41429794;26227693;2392289;28417881
FR;1;2022-06-28;1201;2559;13824;86472;12391;42596243;41432353;26241517;2478761;28430272
FR;1;2022-06-29;1226;2278;11471;67341;10538;42597469;41434631;26252988;2546102;28440810
FR;1;2022-06-30;1276;2414;13502;89931;11810;42598745;41437045;26266490;2636033;28452620
FR;1;2022-07-01;1625;3450;20194;109160;17857;42600370;41440495;26286684;2745193;28470477
FR;1;2022-07-02;757;1520;8011;33763;7246;42601127;41442015;26294695;2778956;28477723
FR;1;2022-07-03;226;478;1938;6113;1753;42601353;41442493;26296633;2785069;28479476
FR;1;2022-07-04;1236;2745;13887;75381;12303;42602589;41445238;26310520;2860450;28491779
FR;1;2022-07-05;1405;2781;17656;126296;15110;42603994;41448019;26328176;2986746;28506889
FR;1;2022-07-06;1336;2367;14866;93635;12889;42605330;41450386;26343042;3080381;28519778
FR;1;2022-07-07;1426;2523;16899;119345;13972;42606756;41452909;26359941;3199726;28533750
FR;1;2022-07-08;1522;2808;19591;129949;15958;42608278;41455717;26379532;3329675;28549708
FR;1;2022-07-09;657;1267;7299;36003;6343;42608935;41456984;26386831;3365678;28556051
FR;1;2022-07-10;235;475;2239;6684;2033;42609170;41457459;26389070;3372362;28558084
FR;1;2022-07-11;1191;2193;14306;84375;11914;42610361;41459652;26403376;3456737;28569998
FR;1;2022-07-12;1545;2756;19432;137250;15864;42611906;41462408;26422808;3593987;28585862
FR;1;2022-07-13;1393;2371;14754;89750;12600;42613299;41464779;26437562;3683737;28598462
FR;1;2022-07-14;155;330;1858;5281;1767;42613454;41465109;26439420;3689018;28600229
FR;1;2022-07-15;1252;2285;14336;80545;11986;42614706;41467394;26453756;3769563;28612215
FR;1;2022-07-16;504;1033;5629;23932;4880;42615210;41468427;26459385;3793495;28617095
FR;1;2022-07-17;157;359;1654;4458;1498;42615367;41468786;26461039;3797953;28618593
FR;1;2022-07-18;966;2014;11288;59250;9555;42616333;41470800;26472327;3857203;28628148
FR;1;2022-07-19;1221;2109;14677;99353;11708;42617554;41472909;26487004;3956556;28639856
FR;1;2022-07-20;1162;1976;12337;74325;10251;42618716;41474885;26499341;4030881;28650107
FR;1;2022-07-21;1116;1920;12386;84441;9967;42619832;41476805;26511727;4115322;28660074
FR;1;2022-07-22;1226;2184;14071;85817;11401;42621058;41478989;26525798;4201139;28671475
FR;1;2022-07-23;528;1079;5226;21286;4604;42621586;41480068;26531024;4222425;28676079
FR;1;2022-07-24;147;300;1323;3683;1164;42621733;41480368;26532347;4226108;28677243
FR;1;2022-07-25;880;1613;9064;46066;7508;42622613;41481981;26541411;4272174;28684751
FR;1;2022-07-26;1120;1947;12662;81911;10314;42623733;41483928;26554073;4354085;28695065
FR;1;2022-07-27;1012;1707;9732;58366;8109;42624745;41485635;26563805;4412451;28703174
FR;1;2022-07-28;974;1675;9836;61821;7831;42625719;41487310;26573641;4474272;28711005
FR;1;2022-07-29;1109;1781;10409;62864;8339;42626828;41489091;26584050;4537136;28719344
FR;1;2022-07-30;390;701;3339;14467;2843;42627218;41489792;26587389;4551603;28722187
FR;1;2022-07-31;136;255;900;2328;766;42627354;41490047;26588289;4553931;28722953
FR;1;2022-08-01;697;1217;7216;28915;6074;42628051;41491264;26595505;4582846;28729027
FR;1;2022-08-02;885;1453;8199;53931;6589;42628936;41492717;26603704;4636777;28735616
FR;1;2022-08-03;711;1074;6122;36998;4904;42629647;41493791;26609826;4673775;28740520
FR;1;2022-08-04;635;1056;6246;41364;5035;42630282;41494847;26616072;4715139;28745555
FR;1;2022-08-05;729;1180;6738;42995;5395;42631011;41496027;26622810;4758134;28750950
FR;1;2022-08-06;270;458;1987;8987;1659;42631281;41496485;26624797;4767121;28752609
FR;1;2022-08-07;84;140;515;1548;431;42631365;41496625;26625312;4768669;28753040
FR;1;2022-08-08;472;806;3766;21183;3091;42631837;41497431;26629078;4789852;28756131
FR;1;2022-08-09;604;1002;5661;38414;4532;42632441;41498433;26634739;4828266;28760663
FR;1;2022-08-10;511;966;4414;26850;3611;42632952;41499399;26639153;4855116;28764274
FR;1;2022-08-11;533;888;4289;28094;3554;42633485;41500287;26643442;4883210;28767828
FR;1;2022-08-12;581;1009;4526;27122;3728;42634066;41501296;26647968;4910332;28771556
FR;1;2022-08-13;171;342;1244;5095;1058;42634237;41501638;26649212;4915427;28772614
FR;1;2022-08-14;60;111;272;866;231;42634297;41501749;26649484;4916293;28772845
FR;1;2022-08-15;62;147;557;531;521;42634359;41501896;26650041;4916824;28773366
FR;1;2022-08-16;519;911;3763;21454;3194;42634878;41502807;26653804;4938278;28776560
FR;1;2022-08-17;518;858;3751;22076;3180;42635396;41503665;26657555;4960354;28779740
FR;1;2022-08-18;533;851;3893;25355;3095;42635929;41504516;26661448;4985709;28782835
FR;1;2022-08-19;518;1025;4343;26495;3575;42636447;41505541;26665791;5012204;28786410
FR;1;2022-08-20;224;393;1279;5356;1091;42636671;41505934;26667070;5017560;28787501
FR;1;2022-08-21;78;109;281;987;249;42636749;41506043;26667351;5018547;28787750
FR;1;2022-08-22;464;865;3118;14899;2691;42637213;41506908;26670469;5033446;28790441
FR;1;2022-08-23;627;1044;4136;28299;3473;42637840;41507952;26674605;5061745;28793914
FR;1;2022-08-24;540;814;3380;18969;2734;42638380;41508766;26677985;5080714;28796648
FR;1;2022-08-25;554;908;3794;22863;3175;42638934;41509674;26681779;5103577;28799823
FR;1;2022-08-26;741;1108;4325;25065;3537;42639675;41510782;26686104;5128642;28803360
FR;1;2022-08-27;214;422;1313;5284;1182;42639889;41511204;26687417;5133926;28804542
FR;1;2022-08-28;107;143;294;877;273;42639996;41511347;26687711;5134803;28804815
FR;1;2022-08-29;496;840;2966;14190;2503;42640492;41512187;26690677;5148993;28807318
FR;1;2022-08-30;732;1083;4595;27634;3751;42641224;41513270;26695272;5176627;28811069
FR;1;2022-08-31;567;804;3090;17157;2603;42641791;41514074;26698362;5193784;28813672
FR;1;2022-09-01;624;863;4153;21704;3527;42642415;41514937;26702515;5215488;28817199
FR;1;2022-09-02;756;1016;4784;27750;3982;42643171;41515953;26707299;5243238;28821181
FR;1;2022-09-03;303;490;1752;5848;1516;42643474;41516443;26709051;5249086;28822697
FR;1;2022-09-04;98;133;336;837;330;42643572;41516576;26709387;5249923;28823027
FR;1;2022-09-05;542;611;2801;15646;2323;42644114;41517187;26712188;5265569;28825350
FR;1;2022-09-06;693;908;4305;30906;3456;42644807;41518095;26716493;5296475;28828806
FR;1;2022-09-07;518;663;2862;16353;2369;42645325;41518758;26719355;5312828;28831175
FR;1;2022-09-08;542;759;3629;24080;2961;42645867;41519517;26722984;5336908;28834136
FR;1;2022-09-09;746;942;4180;26668;3476;42646613;41520459;26727164;5363576;28837612
FR;1;2022-09-10;303;438;1518;5532;1319;42646916;41520897;26728682;5369108;28838931
FR;1;2022-09-11;96;113;303;638;283;42647012;41521010;26728985;5369746;28839214
FR;1;2022-09-12;433;526;2230;12730;1873;42647445;41521536;26731215;5382476;28841087
FR;1;2022-09-13;558;768;3719;25519;3175;42648003;41522304;26734934;5407995;28844262
FR;1;2022-09-14;555;667;2701;15556;2239;42648558;41522971;26737635;5423551;28846501
FR;1;2022-09-15;489;660;3106;22830;2590;42649047;41523631;26740741;5446381;28849091
FR;1;2022-09-16;701;891;3833;25076;3180;42649748;41524522;26744574;5471457;28852271
FR;1;2022-09-17;277;390;1302;5913;1143;42650025;41524912;26745876;5477370;28853414
FR;1;2022-09-18;94;115;301;890;273;42650119;41525027;26746177;5478260;28853687
FR;1;2022-09-19;339;531;1985;12731;1693;42650458;41525558;26748162;5490991;28855380
FR;1;2022-09-20;536;764;3393;25444;2831;42650994;41526322;26751555;5516435;28858211
FR;1;2022-09-21;459;663;2552;15701;2174;42651453;41526985;26754107;5532136;28860385
FR;1;2022-09-22;515;711;3176;22626;2553;42651968;41527696;26757283;5554762;28862938
FR;1;2022-09-23;717;855;3866;27711;3140;42652685;41528551;26761149;5582473;28866078
FR;1;2022-09-24;337;510;1509;6617;1298;42653022;41529061;26762658;5589090;28867376
FR;1;2022-09-25;71;133;305;1042;276;42653093;41529194;26762963;5590132;28867652
FR;1;2022-09-26;356;589;2038;12716;1745;42653449;41529783;26765001;5602848;28869397
FR;1;2022-09-27;519;723;3269;24511;2586;42653968;41530506;26768270;5627359;28871983
FR;1;2022-09-28;479;680;2300;14575;2050;42654447;41531186;26770570;5641934;28874033
FR;1;2022-09-29;453;621;2739;19151;2236;42654900;41531807;26773309;5661085;28876269
FR;2;2020-12-27;0;0;0;0;0;0;0;0;0;0
FR;2;2020-12-28;0;0;0;0;0;0;0;0;0;0
FR;2;2020-12-29;0;0;0;0;0;0;0;0;0;0
FR;2;2020-12-30;0;0;0;0;0;0;0;0;0;0
FR;2;2020-12-31;0;0;0;0;0;0;0;0;0;0
FR;2;2021-01-01;0;0;0;0;0;0;0;0;0;0
FR;2;2021-01-02;0;0;0;0;0;0;0;0;0;0
FR;2;2021-01-03;0;0;0;0;0;0;0;0;0;0
FR;2;2021-01-04;0;0;0;0;0;0;0;0;0;0
FR;2;2021-01-05;0;0;0;0;0;0;0;0;0;0
FR;2;2021-01-06;0;0;0;0;0;0;0;0;0;0
FR;2;2021-01-07;0;0;0;0;0;0;0;0;0;0
FR;2;2021-01-08;0;0;0;0;0;0;0;0;0;0
FR;2;2021-01-09;0;0;0;0;0;0;0;0;0;0
FR;2;2021-01-10;0;0;0;0;0;0;0;0;0;0
FR;2;2021-01-11;0;0;0;0;0;0;0;0;0;0
FR;2;2021-01-12;0;0;0;0;0;0;0;0;0;0
FR;2;2021-01-13;0;0;0;0;0;0;0;0;0;0
FR;2;2021-01-14;1663;0;0;0;0;1663;0;0;0;0
FR;2;2021-01-15;398;0;0;0;0;2061;0;0;0;0
FR;2;2021-01-16;316;0;0;0;0;2377;0;0;0;0
FR;2;2021-01-17;83;0;0;0;0;2460;0;0;0;0
FR;2;2021-01-18;3074;2;0;0;0;5534;2;0;0;0
FR;2;2021-01-19;4680;0;0;0;0;10214;2;0;0;0
FR;2;2021-01-20;5135;6;0;0;0;15349;8;0;0;0
FR;2;2021-01-21;5344;9;0;0;0;20693;17;0;0;0
FR;2;2021-01-22;5118;14;0;0;0;25811;31;0;0;0
FR;2;2021-01-23;1873;1;0;0;0;27684;32;0;0;0
FR;2;2021-01-24;162;2;0;0;0;27846;34;0;0;0
FR;2;2021-01-25;3814;3;0;0;0;31660;37;0;0;0
FR;2;2021-01-26;3923;5;0;0;0;35583;42;0;0;0
FR;2;2021-01-27;3602;4;0;0;0;39185;46;0;0;0
FR;2;2021-01-28;3752;8;0;0;0;42937;54;0;0;0
FR;2;2021-01-29;3295;3;0;0;0;46232;57;0;0;0
FR;2;2021-01-30;1130;3;0;0;0;47362;60;0;0;0
FR;2;2021-01-31;45;2;0;0;0;47407;62;0;0;0
FR;2;2021-02-01;3405;9;0;0;0;50812;71;0;0;0
FR;2;2021-02-02;4493;15;0;0;0;55305;86;0;0;0
FR;2;2021-02-03;5220;7;0;0;0;60525;93;0;0;0
FR;2;2021-02-04;4938;11;0;0;0;65463;104;0;0;0
FR;2;2021-02-05;4813;15;0;0;0;70276;119;0;0;0
FR;2;2021-02-06;2043;14;0;0;0;72319;133;0;0;0
FR;2;2021-02-07;102;4;0;0;0;72421;137;0;0;0
FR;2;2021-02-08;7555;24;0;0;0;79976;161;0;0;0
FR;2;2021-02-09;8425;27;0;0;0;88401;188;0;0;0
FR;2;2021-02-10;9342;59;0;0;0;97743;247;0;0;0
FR;2;2021-02-11;10287;118;0;0;0;108030;365;0;0;0
FR;2;2021-02-12;10055;269;0;0;0;118085;634;0;0;0
FR;2;2021-02-13;3120;225;0;0;0;121205;859;0;0;0
FR;2;2021-02-14;355;9;0;0;0;121560;868;0;0;0
FR;2;2021-02-15;3458;3111;0;0;0;125018;3979;0;0;0
FR;2;2021-02-16;5073;4115;0;0;0;130091;8094;0;0;0
FR;2;2021-02-17;4256;4526;0;0;0;134347;12620;0;0;0
FR;2;2021-02-18;5402;5155;0;0;0;139749;17775;0;0;0
FR;2;2021-02-19;5327;4454;0;0;0;145076;22229;0;0;0
FR;2;2021-02-20;1870;1515;0;0;0;146946;23744;0;0;0
FR;2;2021-02-21;244;95;0;0;0;147190;23839;0;0;0
FR;2;2021-02-22;3613;3763;0;0;0;150803;27602;0;0;0
FR;2;2021-02-23;4954;3719;0;0;0;155757;31321;0;0;0
FR;2;2021-02-24;5015;3528;0;0;0;160772;34849;0;0;0
FR;2;2021-02-25;5492;3471;0;0;0;166264;38320;0;0;0
FR;2;2021-02-26;4363;3167;0;0;0;170627;41487;0;0;0
FR;2;2021-02-27;1625;1059;0;0;0;172252;42546;0;0;0
FR;2;2021-02-28;178;22;0;0;0;172430;42568;0;0;0
FR;2;2021-03-01;5184;3752;0;0;0;177614;46320;0;0;0
FR;2;2021-03-02;6535;4720;0;0;0;184149;51040;0;0;0
FR;2;2021-03-03;6539;4938;0;0;0;190688;55978;0;0;0
FR;2;2021-03-04;8409;4153;0;0;0;199097;60131;0;0;0
FR;2;2021-03-05;8035;4053;0;0;0;207132;64184;0;0;0
FR;2;2021-03-06;4787;1680;0;0;0;211919;65864;0;0;0
FR;2;2021-03-07;2372;30;0;0;0;214291;65894;0;0;0
FR;2;2021-03-08;4166;8377;0;0;0;218457;74271;0;0;0
FR;2;2021-03-09;7491;8563;1;0;0;225948;82834;1;0;0
FR;2;2021-03-10;7102;9195;0;0;0;233050;92029;1;0;0
FR;2;2021-03-11;9377;9311;1;0;0;242427;101340;2;0;0
FR;2;2021-03-12;7978;8323;0;0;0;250405;109663;2;0;0
FR;2;2021-03-13;10054;2578;0;0;0;260459;112241;2;0;0
FR;2;2021-03-14;4840;385;0;0;0;265299;112626;2;0;0
FR;2;2021-03-15;10912;3476;0;0;0;276211;116102;2;0;0
FR;2;2021-03-16;16764;4673;1;0;0;292975;120775;3;0;0
FR;2;2021-03-17;20238;3993;0;0;0;313213;124768;3;0;0
FR;2;2021-03-18;23372;5060;0;0;0;336585;129828;3;0;0
FR;2;2021-03-19;23308;4632;0;0;0;359893;134460;3;0;0
FR;2;2021-03-20;25450;1588;0;0;0;385343;136048;3;0;0
FR;2;2021-03-21;17671;154;0;0;0;403014;136202;3;0;0
FR;2;2021-03-22;17786;3203;0;0;0;420800;139405;3;0;0
FR;2;2021-03-23;22694;4239;0;0;0;443494;143644;3;0;0
FR;2;2021-03-24;23958;5041;0;0;0;467452;148685;3;0;0
FR;2;2021-03-25;26750;5193;1;0;0;494202;153878;4;0;0
FR;2;2021-03-26;26983;4221;0;0;0;521185;158099;4;0;0
FR;2;2021-03-27;15920;1348;0;0;0;537105;159447;4;0;0
FR;2;2021-03-28;10562;133;0;0;0;547667;159580;4;0;0
FR;2;2021-03-29;18995;4318;0;0;0;566662;163898;4;0;0
FR;2;2021-03-30;24587;6078;0;0;0;591249;169976;4;0;0
FR;2;2021-03-31;28561;5916;0;0;0;619810;175892;4;0;0
FR;2;2021-04-01;34549;8550;1;0;0;654359;184442;5;0;0
FR;2;2021-04-02;29983;7698;0;0;0;684342;192140;5;0;0
FR;2;2021-04-03;16955;4081;0;0;0;701297;196221;5;0;0
FR;2;2021-04-04;9306;1175;2;0;0;710603;197396;7;0;0
FR;2;2021-04-05;12445;798;0;0;0;723048;198194;7;0;0
FR;2;2021-04-06;27153;7197;0;0;0;750201;205391;7;0;0
FR;2;2021-04-07;30930;7141;1;0;0;781131;212532;8;0;0
FR;2;2021-04-08;36891;8632;1;0;0;818022;221164;9;0;0
FR;2;2021-04-09;33846;8433;28;0;0;851868;229597;37;0;0
FR;2;2021-04-10;19683;9201;1;0;0;871551;238798;38;0;0
FR;2;2021-04-11;7942;4250;1;0;0;879493;243048;39;0;0
FR;2;2021-04-12;17127;11042;0;0;0;896620;254090;39;0;0
FR;2;2021-04-13;19457;16087;1;0;0;916077;270177;40;0;0
FR;2;2021-04-14;18065;16401;7;0;0;934142;286578;47;0;0
FR;2;2021-04-15;22198;21494;27;0;0;956340;308072;74;0;0
FR;2;2021-04-16;20709;20425;45;0;0;977049;328497;119;0;0
FR;2;2021-04-17;13255;22491;5;0;0;990304;350988;124;0;0
FR;2;2021-04-18;5909;14397;6;0;0;996213;365385;130;0;0
FR;2;2021-04-19;16840;16335;24;0;0;1013053;381720;154;0;0
FR;2;2021-04-20;19324;21672;38;0;0;1032377;403392;192;0;0
FR;2;2021-04-21;20290;21775;76;0;0;1052667;425167;268;0;0
FR;2;2021-04-22;23819;24907;41;0;0;1076486;450074;309;0;0
FR;2;2021-04-23;24527;25400;76;0;0;1101013;475474;385;0;0
FR;2;2021-04-24;25304;15065;104;0;0;1126317;490539;489;0;0
FR;2;2021-04-25;9595;8609;5;0;0;1135912;499148;494;0;0
FR;2;2021-04-26;17164;17455;21;0;0;1153076;516603;515;0;0
FR;2;2021-04-27;19243;24132;40;0;0;1172319;540735;555;0;0
FR;2;2021-04-28;22337;26331;112;0;0;1194656;567066;667;0;0
FR;2;2021-04-29;25471;30302;69;0;0;1220127;597368;736;0;0
FR;2;2021-04-30;25531;27891;49;1;0;1245658;625259;785;1;0
FR;2;2021-05-01;14986;9861;6;0;0;1260644;635120;791;1;0
FR;2;2021-05-02;6639;9171;2;0;0;1267283;644291;793;1;0
FR;2;2021-05-03;20018;19183;40;0;0;1287301;663474;833;1;0
FR;2;2021-05-04;18282;29127;33;0;0;1305583;692601;866;1;0
FR;2;2021-05-05;18374;29432;48;0;0;1323957;722033;914;1;0
FR;2;2021-05-06;23544;35320;131;0;0;1347501;757353;1045;1;0
FR;2;2021-05-07;25331;33218;97;0;0;1372832;790571;1142;1;0
FR;2;2021-05-08;21342;10302;14;0;0;1394174;800873;1156;1;0
FR;2;2021-05-09;13166;7723;7;0;0;1407340;808596;1163;1;0
FR;2;2021-05-10;32939;21901;49;0;0;1440279;830497;1212;1;0
FR;2;2021-05-11;43604;20964;101;0;0;1483883;851461;1313;1;0
FR;2;2021-05-12;50050;19716;143;0;0;1533933;871177;1456;1;0
FR;2;2021-05-13;51295;5674;31;0;0;1585228;876851;1487;1;0
FR;2;2021-05-14;61352;12893;132;0;0;1646580;889744;1619;1;0
FR;2;2021-05-15;65932;7124;39;0;0;1712512;896868;1658;1;0
FR;2;2021-05-16;43587;2572;10;0;0;1756099;899440;1668;1;0
FR;2;2021-05-17;44748;12496;114;0;0;1800847;911936;1782;1;0
FR;2;2021-05-18;54643;12262;191;0;0;1855490;924198;1973;1;0
FR;2;2021-05-19;57176;10543;281;0;0;1912666;934741;2254;1;0
FR;2;2021-05-20;63440;10813;288;0;0;1976106;945554;2542;1;0
FR;2;2021-05-21;64296;11628;230;0;0;2040402;957182;2772;1;0
FR;2;2021-05-22;61482;4518;65;0;0;2101884;961700;2837;1;0
FR;2;2021-05-23;37533;574;22;0;0;2139417;962274;2859;1;0
FR;2;2021-05-24;17242;2037;35;0;0;2156659;964311;2894;1;0
FR;2;2021-05-25;21111;12216;240;0;0;2177770;976527;3134;1;0
FR;2;2021-05-26;19939;11484;230;0;0;2197709;988011;3364;1;0
FR;2;2021-05-27;22997;12648;182;0;0;2220706;1000659;3546;1;0
FR;2;2021-05-28;29392;14992;190;0;0;2250098;1015651;3736;1;0
FR;2;2021-05-29;30420;8192;57;0;0;2280518;1023843;3793;1;0
FR;2;2021-05-30;4647;1816;6;0;0;2285165;1025659;3799;1;0
FR;2;2021-05-31;28589;18735;184;0;0;2313754;1044394;3983;1;0
FR;2;2021-06-01;45728;19934;224;0;0;2359482;1064328;4207;1;0
FR;2;2021-06-02;37474;19263;182;0;0;2396956;1083591;4389;1;0
FR;2;2021-06-03;51278;23191;161;0;0;2448234;1106782;4550;1;0
FR;2;2021-06-04;65512;24060;217;0;0;2513746;1130842;4767;1;0
FR;2;2021-06-05;34600;24068;52;0;0;2548346;1154910;4819;1;0
FR;2;2021-06-06;4956;6192;10;0;0;2553302;1161102;4829;1;0
FR;2;2021-06-07;28174;23011;150;0;0;2581476;1184113;4979;1;0
FR;2;2021-06-08;46376;22917;143;0;0;2627852;1207030;5122;1;0
FR;2;2021-06-09;34291;20944;107;0;0;2662143;1227974;5229;1;0
FR;2;2021-06-10;42639;19134;95;1;0;2704782;1247108;5324;2;0
FR;2;2021-06-11;55298;25164;134;0;0;2760080;1272272;5458;2;0
FR;2;2021-06-12;30561;19777;53;0;0;2790641;1292049;5511;2;0
FR;2;2021-06-13;3331;9191;13;0;0;2793972;1301240;5524;2;0
FR;2;2021-06-14;25300;24131;92;0;0;2819272;1325371;5616;2;0
FR;2;2021-06-15;39045;22836;154;0;0;2858317;1348207;5770;2;0
FR;2;2021-06-16;30163;21398;135;0;0;2888480;1369605;5905;2;0
FR;2;2021-06-17;36911;25813;150;0;0;2925391;1395418;6055;2;0
FR;2;2021-06-18;46859;28851;123;0;0;2972250;1424269;6178;2;0
FR;2;2021-06-19;24525;24897;39;0;0;2996775;1449166;6217;2;0
FR;2;2021-06-20;3741;10064;9;0;0;3000516;1459230;6226;2;0
FR;2;2021-06-21;17529;42840;88;0;0;3018045;1502070;6314;2;0
FR;2;2021-06-22;28360;49571;110;0;0;3046405;1551641;6424;2;0
FR;2;2021-06-23;21789;49586;107;1;1;3068194;1601227;6531;3;1
FR;2;2021-06-24;28375;50280;134;0;0;3096569;1651507;6665;3;1
FR;2;2021-06-25;33400;60425;128;0;0;3129969;1711932;6793;3;1
FR;2;2021-06-26;16386;59304;54;1;0;3146355;1771236;6847;4;1
FR;2;2021-06-27;2566;29313;22;1;0;3148921;1800549;6869;5;1
FR;2;2021-06-28;12640;54327;84;0;0;3161561;1854876;6953;5;1
FR;2;2021-06-29;19853;59946;178;0;0;3181414;1914822;7131;5;1
FR;2;2021-06-30;16330;57978;253;17;0;3197744;1972800;7384;22;1
FR;2;2021-07-01;20492;59877;228;0;0;3218236;2032677;7612;22;1
FR;2;2021-07-02;24078;62148;184;0;0;3242314;2094825;7796;22;1
FR;2;2021-07-03;12117;57107;153;0;0;3254431;2151932;7949;22;1
FR;2;2021-07-04;1959;23306;18;0;0;3256390;2175238;7967;22;1
FR;2;2021-07-05;9177;29341;106;0;0;3265567;2204579;8073;22;1
FR;2;2021-07-06;14581;36237;135;0;0;3280148;2240816;8208;22;1
FR;2;2021-07-07;14413;33658;139;0;0;3294561;2274474;8347;22;1
FR;2;2021-07-08;19719;40309;162;0;0;3314280;2314783;8509;22;1
FR;2;2021-07-09;27101;54304;202;1;0;3341381;2369087;8711;23;1
FR;2;2021-07-10;13386;33691;107;0;0;3354767;2402778;8818;23;1
FR;2;2021-07-11;1809;4354;16;0;0;3356576;2407132;8834;23;1
FR;2;2021-07-12;12969;37298;119;0;0;3369545;2444430;8953;23;1
FR;2;2021-07-13;37114;53179;150;0;0;3406659;2497609;9103;23;1
FR;2;2021-07-14;6625;3550;15;0;0;3413284;2501159;9118;23;1
FR;2;2021-07-15;47239;47026;156;0;0;3460523;2548185;9274;23;1
FR;2;2021-07-16;64316;55800;188;0;0;3524839;2603985;9462;23;1
FR;2;2021-07-17;31598;23926;96;0;0;3556437;2627911;9558;23;1
FR;2;2021-07-18;6088;4837;19;0;0;3562525;2632748;9577;23;1
FR;2;2021-07-19;33002;28636;94;0;0;3595527;2661384;9671;23;1
FR;2;2021-07-20;51998;44538;155;0;0;3647525;2705922;9826;23;1
FR;2;2021-07-21;45251;34710;93;0;0;3692776;2740632;9919;23;1
FR;2;2021-07-22;56280;41086;128;1;0;3749056;2781718;10047;24;1
FR;2;2021-07-23;68296;48994;170;0;0;3817352;2830712;10217;24;1
FR;2;2021-07-24;36175;21594;82;0;0;3853527;2852306;10299;24;1
FR;2;2021-07-25;6749;2623;10;0;0;3860276;2854929;10309;24;1
FR;2;2021-07-26;36312;22394;91;1;0;3896588;2877323;10400;25;1
FR;2;2021-07-27;62387;34588;180;0;0;3958975;2911911;10580;25;1
FR;2;2021-07-28;55319;26430;132;0;0;4014294;2938341;10712;25;1
FR;2;2021-07-29;68475;32806;189;0;0;4082769;2971147;10901;25;1
FR;2;2021-07-30;74462;37800;222;1;0;4157231;3008947;11123;26;1
FR;2;2021-07-31;34769;16204;104;0;0;4192000;3025151;11227;26;1
FR;2;2021-08-01;5413;2264;19;0;0;4197413;3027415;11246;26;1
FR;2;2021-08-02;35881;16188;101;0;0;4233294;3043603;11347;26;1
FR;2;2021-08-03;55983;28281;142;0;0;4289277;3071884;11489;26;1
FR;2;2021-08-04;46634;20841;128;1;0;4335911;3092725;11617;27;1
FR;2;2021-08-05;54634;31581;215;0;0;4390545;3124306;11832;27;1
FR;2;2021-08-06;58094;42398;242;1;0;4448639;3166704;12074;28;1
FR;2;2021-08-07;25147;17625;89;0;0;4473786;3184329;12163;28;1
FR;2;2021-08-08;3838;3652;21;0;0;4477624;3187981;12184;28;1
FR;2;2021-08-09;29307;21077;92;0;0;4506931;3209058;12276;28;1
FR;2;2021-08-10;45005;33484;155;0;0;4551936;3242542;12431;28;1
FR;2;2021-08-11;35274;25165;151;0;0;4587210;3267707;12582;28;1
FR;2;2021-08-12;41900;35707;162;0;0;4629110;3303414;12744;28;1
FR;2;2021-08-13;42598;37232;218;0;0;4671708;3340646;12962;28;1
FR;2;2021-08-14;18517;22181;93;0;0;4690225;3362827;13055;28;1
FR;2;2021-08-15;3853;3806;17;0;0;4694078;3366633;13072;28;1
FR;2;2021-08-16;25090;27151;111;0;0;4719168;3393784;13183;28;1
FR;2;2021-08-17;38259;43424;205;2;0;4757427;3437208;13388;30;1
FR;2;2021-08-18;32251;36368;195;1;1;4789678;3473576;13583;31;2
FR;2;2021-08-19;37434;46574;224;0;0;4827112;3520150;13807;31;2
FR;2;2021-08-20;40566;55627;269;1;0;4867678;3575777;14076;32;2
FR;2;2021-08-21;18120;24311;116;0;0;4885798;3600088;14192;32;2
FR;2;2021-08-22;2906;4326;22;1;1;4888704;3604414;14214;33;3
FR;2;2021-08-23;19248;35152;131;1;0;4907952;3639566;14345;34;3
FR;2;2021-08-24;31947;56056;236;0;0;4939899;3695622;14581;34;3
FR;2;2021-08-25;25934;43458;250;0;0;4965833;3739080;14831;34;3
FR;2;2021-08-26;32360;55812;388;0;0;4998193;3794892;15219;34;3
FR;2;2021-08-27;37003;65662;478;2;0;5035196;3860554;15697;36;3
FR;2;2021-08-28;17819;28524;300;0;0;5053015;3889078;15997;36;3
FR;2;2021-08-29;2656;5017;47;0;0;5055671;3894095;16044;36;3
FR;2;2021-08-30;18415;37740;400;0;759;5074086;3931835;16444;36;762
FR;2;2021-08-31;28077;57506;887;4;1548;5102163;3989341;17331;40;2310
FR;2;2021-09-01;21592;39863;1309;0;2112;5123755;4029204;18640;40;4422
FR;2;2021-09-02;25484;48657;1962;2;3341;5149239;4077861;20602;42;7763
FR;2;2021-09-03;33410;64533;2988;3;4861;5182649;4142394;23590;45;12624
FR;2;2021-09-04;16832;27733;1442;1;2373;5199481;4170127;25032;46;14997
FR;2;2021-09-05;2262;3609;266;0;412;5201743;4173736;25298;46;15409
FR;2;2021-09-06;14041;28713;1769;1;2942;5215784;4202449;27067;47;18351
FR;2;2021-09-07;21106;41096;3020;13;4900;5236890;4243545;30087;60;23251
FR;2;2021-09-08;17246;31925;2734;6;4488;5254136;4275470;32821;66;27739
FR;2;2021-09-09;20977;40476;4434;3;6806;5275113;4315946;37255;69;34545
FR;2;2021-09-10;28202;51255;5285;4;8913;5303315;4367201;42540;73;43458
FR;2;2021-09-11;13654;22424;2404;5;3969;5316969;4389625;44944;78;47427
FR;2;2021-09-12;1824;2776;291;0;510;5318793;4392401;45235;78;47937
FR;2;2021-09-13;11658;21439;2472;4;4031;5330451;4413840;47707;82;51968
FR;2;2021-09-14;18573;32749;5087;13;9051;5349024;4446589;52794;95;61019
FR;2;2021-09-15;14913;28259;5169;3;7766;5363937;4474848;57963;98;68785
FR;2;2021-09-16;16080;32778;6736;12;10524;5380017;4507626;64699;110;79309
FR;2;2021-09-17;20914;47134;8780;10;14606;5400931;4554760;73479;120;93915
FR;2;2021-09-18;9857;20948;3803;6;6032;5410788;4575708;77282;126;99947
FR;2;2021-09-19;1166;2608;396;0;633;5411954;4578316;77678;126;100580
FR;2;2021-09-20;7498;18736;3855;7;6143;5419452;4597052;81533;133;106723
FR;2;2021-09-21;11214;30004;6495;5;10746;5430666;4627056;88028;138;117469
FR;2;2021-09-22;9408;23539;5490;6;8520;5440074;4650595;93518;144;125989
FR;2;2021-09-23;10728;28903;7882;9;12647;5450802;4679498;101400;153;138636
FR;2;2021-09-24;15072;42920;10876;18;17232;5465874;4722418;112276;171;155868
FR;2;2021-09-25;7258;18777;3965;9;6110;5473132;4741195;116241;180;161978
FR;2;2021-09-26;1079;2552;495;0;630;5474211;4743747;116736;180;162608
FR;2;2021-09-27;6313;16416;4285;8;6537;5480524;4760163;121021;188;169145
FR;2;2021-09-28;9240;25547;7768;14;12071;5489764;4785710;128789;202;181216
FR;2;2021-09-29;8081;20204;6067;25;9256;5497845;4805914;134856;227;190472
FR;2;2021-09-30;9864;25826;9506;16;14100;5507709;4831740;144362;243;204572
FR;2;2021-10-01;13974;35714;12916;25;19299;5521683;4867454;157278;268;223871
FR;2;2021-10-02;6874;15917;4849;7;7031;5528557;4883371;162127;275;230902
FR;2;2021-10-03;841;1920;492;1;506;5529398;4885291;162619;276;231408
FR;2;2021-10-04;5824;13904;5515;5;7859;5535222;4899195;168134;281;239267
FR;2;2021-10-05;9056;22545;11121;19;15727;5544278;4921740;179255;300;254994
FR;2;2021-10-06;7783;17744;8241;11;11073;5552061;4939484;187496;311;266067
FR;2;2021-10-07;9202;22203;12381;15;16859;5561263;4961687;199877;326;282926
FR;2;2021-10-08;13429;32095;17348;27;23564;5574692;4993782;217225;353;306490
FR;2;2021-10-09;5999;12854;6042;6;7900;5580691;5006636;223267;359;314390
FR;2;2021-10-10;885;1606;436;2;615;5581576;5008242;223703;361;315005
FR;2;2021-10-11;5607;11566;6455;17;8832;5587183;5019808;230158;378;323837
FR;2;2021-10-12;8033;17785;12546;13;16769;5595216;5037593;242704;391;340606
FR;2;2021-10-13;6943;14854;10255;12;13634;5602159;5052447;252959;403;354240
FR;2;2021-10-14;8314;17935;14994;13;19459;5610473;5070382;267953;416;373699
FR;2;2021-10-15;11853;26304;20903;26;27970;5622326;5096686;288856;442;401669
FR;2;2021-10-16;5139;8738;1819;0;3216;5627465;5105424;290675;442;404885
FR;2;2021-10-17;651;1163;184;0;366;5628116;5106587;290859;442;405251
FR;2;2021-10-18;4562;7365;664;2;1644;5632678;5113952;291523;444;406895
FR;2;2021-10-19;6237;9868;732;5;2043;5638915;5123820;292255;449;408938
FR;2;2021-10-20;5169;8072;758;3;1683;5644084;5131892;293013;452;410621
FR;2;2021-10-21;6090;9970;779;5;2101;5650174;5141862;293792;457;412722
FR;2;2021-10-22;8450;14594;1148;4;2882;5658624;5156456;294940;461;415604
FR;2;2021-10-23;3845;5996;586;0;1231;5662469;5162452;295526;461;416835
FR;2;2021-10-24;494;888;100;0;206;5662963;5163340;295626;461;417041
FR;2;2021-10-25;3357;5350;306;1;825;5666320;5168690;295932;462;417866
FR;2;2021-10-26;4176;7256;1130;4;2021;5670496;5175946;297062;466;419887
FR;2;2021-10-27;3676;6606;1193;5;1994;5674172;5182552;298255;471;421881
FR;2;2021-10-28;4597;7698;1732;3;2749;5678769;5190250;299987;474;424630
FR;2;2021-10-29;5412;11087;2435;4;3675;5684181;5201337;302422;478;428305
FR;2;2021-10-30;2749;4444;975;1;1437;5686930;5205781;303397;479;429742
FR;2;2021-10-31;364;531;139;1;190;5687294;5206312;303536;480;429932
FR;2;2021-11-01;428;549;177;0;264;5687722;5206861;303713;480;430196
FR;2;2021-11-02;3293;6759;1183;0;1762;5691015;5213620;304896;480;431958
FR;2;2021-11-03;3340;6235;1386;2;1967;5694355;5219855;306282;482;433925
FR;2;2021-11-04;3986;7081;1766;4;2494;5698341;5226936;308048;486;436419
FR;2;2021-11-05;5232;10502;2867;5;3956;5703573;5237438;310915;491;440375
FR;2;2021-11-06;2594;4682;1403;0;1815;5706167;5242120;312318;491;442190
FR;2;2021-11-07;505;864;220;0;286;5706672;5242984;312538;491;442476
FR;2;2021-11-08;2578;5354;1202;3;1673;5709250;5248338;313740;494;444149
FR;2;2021-11-09;2750;6923;2399;5;3180;5712000;5255261;316139;499;447329
FR;2;2021-11-10;2589;5690;5110;6;6286;5714589;5260951;321249;505;453615
FR;2;2021-11-11;444;750;745;2;926;5715033;5261701;321994;507;454541
FR;2;2021-11-12;2953;8102;8972;8;10915;5717986;5269803;330966;515;465456
FR;2;2021-11-13;1539;3381;3868;7;4538;5719525;5273184;334834;522;469994
FR;2;2021-11-14;257;593;351;1;486;5719782;5273777;335185;523;470480
FR;2;2021-11-15;1622;3668;4445;9;5329;5721404;5277445;339630;532;475809
FR;2;2021-11-16;2184;5900;8307;14;10073;5723588;5283345;347937;546;485882
FR;2;2021-11-17;1741;4542;6628;8;7852;5725329;5287887;354565;554;493734
FR;2;2021-11-18;2192;5934;9180;10;11013;5727521;5293821;363745;564;504747
FR;2;2021-11-19;2698;7785;12972;19;15474;5730219;5301606;376717;583;520221
FR;2;2021-11-20;1565;3340;5173;5;6082;5731784;5304946;381890;588;526303
FR;2;2021-11-21;247;513;541;0;661;5732031;5305459;382431;588;526964
FR;2;2021-11-22;1278;2596;4479;5;5402;5733309;5308055;386910;593;532366
FR;2;2021-11-23;1617;4296;8198;9;9911;5734926;5312351;395108;602;542277
FR;2;2021-11-24;1418;3771;7473;14;8729;5736344;5316122;402581;616;551006
FR;2;2021-11-25;1813;4880;11468;21;13663;5738157;5321002;414049;637;564669
FR;2;2021-11-26;2540;7760;22669;31;26077;5740697;5328762;436718;668;590746
FR;2;2021-11-27;1497;4164;12270;18;14036;5742194;5332926;448988;686;604782
FR;2;2021-11-28;292;844;1971;3;2296;5742486;5333770;450959;689;607078
FR;2;2021-11-29;1446;4368;15089;23;17256;5743932;5338138;466048;712;624334
FR;2;2021-11-30;1912;6690;26240;36;29991;5745844;5344828;492288;748;654325
FR;2;2021-12-01;1915;6065;26202;31;29524;5747759;5350893;518490;779;683849
FR;2;2021-12-02;1913;6808;37712;52;41958;5749672;5357701;556202;831;725807
FR;2;2021-12-03;2556;10098;53619;111;59363;5752228;5367799;609821;942;785170
FR;2;2021-12-04;1848;6295;37115;38;40805;5754076;5374094;646936;980;825975
FR;2;2021-12-05;458;2253;14259;14;15990;5754534;5376347;661195;994;841965
FR;2;2021-12-06;2485;9883;77710;109;84768;5757019;5386230;738905;1103;926733
FR;2;2021-12-07;3455;15317;122443;238;133751;5760474;5401547;861348;1341;1060484
FR;2;2021-12-08;3724;16015;133193;330;145377;5764198;5417562;994541;1671;1205861
FR;2;2021-12-09;4548;19644;170202;554;185592;5768746;5437206;1164743;2225;1391453
FR;2;2021-12-10;4673;22843;188655;490;206133;5773419;5460049;1353398;2715;1597586
FR;2;2021-12-11;3686;16637;132443;239;144889;5777105;5476686;1485841;2954;1742475
FR;2;2021-12-12;1257;7133;59095;83;65152;5778362;5483819;1544936;3037;1807627
FR;2;2021-12-13;5527;26853;220693;605;242988;5783889;5510672;1765629;3642;2050615
FR;2;2021-12-14;7015;37483;300773;909;332220;5790904;5548155;2066402;4551;2382835
FR;2;2021-12-15;6555;36251;285222;957;315850;5797459;5584406;2351624;5508;2698685
FR;2;2021-12-16;7763;37924;312135;979;343745;5805222;5622330;2663759;6487;3042430
FR;2;2021-12-17;8680;41232;327880;976;360963;5813902;5663562;2991639;7463;3403393
FR;2;2021-12-18;6514;26562;212341;448;233653;5820416;5690124;3203980;7911;3637046
FR;2;2021-12-19;2603;11449;90210;182;100357;5823019;5701573;3294190;8093;3737403
FR;2;2021-12-20;9546;33567;275220;706;303373;5832565;5735140;3569410;8799;4040776
FR;2;2021-12-21;11563;38328;309627;968;341435;5844128;5773468;3879037;9767;4382211
FR;2;2021-12-22;10458;32811;265116;952;292474;5854586;5806279;4144153;10719;4674685
FR;2;2021-12-23;9426;26688;199506;701;221301;5864012;5832967;4343659;11420;4895986
FR;2;2021-12-24;2783;7486;43856;140;49558;5866795;5840453;4387515;11560;4945544
FR;2;2021-12-25;201;684;2002;10;2487;5866996;5841137;4389517;11570;4948031
FR;2;2021-12-26;1319;4212;25156;71;28682;5868315;5845349;4414673;11641;4976713
FR;2;2021-12-27;8077;29922;218411;659;243336;5876392;5875271;4633084;12300;5220049
FR;2;2021-12-28;9838;36329;272090;742;301991;5886230;5911600;4905174;13042;5522040
FR;2;2021-12-29;9497;32265;246135;765;272699;5895727;5943865;5151309;13807;5794739
FR;2;2021-12-30;9461;28104;208828;663;231456;5905188;5971969;5360137;14470;6026195
FR;2;2021-12-31;3010;8350;54991;176;61235;5908198;5980319;5415128;14646;6087430
FR;2;2022-01-01;228;693;2854;7;3352;5908426;5981012;5417982;14653;6090782
FR;2;2022-01-02;1505;4856;29512;75;33401;5909931;5985868;5447494;14728;6124183
FR;2;2022-01-03;9592;35405;266530;806;293901;5919523;6021273;5714024;15534;6418084
FR;2;2022-01-04;12851;45418;342087;1068;377016;5932374;6066691;6056111;16602;6795100
FR;2;2022-01-05;11272;38649;294183;884;323820;5943646;6105340;6350294;17486;7118920
FR;2;2022-01-06;13653;43503;331946;1298;364735;5957299;6148843;6682240;18784;7483655
FR;2;2022-01-07;14225;47631;361091;1270;396435;5971524;6196474;7043331;20054;7880090
FR;2;2022-01-08;7948;28151;201262;515;221707;5979472;6224625;7244593;20569;8101797
FR;2;2022-01-09;2749;8981;62524;137;69512;5982221;6233606;7307117;20706;8171309
FR;2;2022-01-10;10097;31919;232472;858;255045;5992318;6265525;7539589;21564;8426354
FR;2;2022-01-11;11469;36248;265916;1029;290611;6003787;6301773;7805505;22593;8716965
FR;2;2022-01-12;8765;29815;206320;863;226169;6012552;6331588;8011825;23456;8943134
FR;2;2022-01-13;9387;31349;224486;832;244837;6021939;6362937;8236311;24288;9187971
FR;2;2022-01-14;9742;35612;254539;920;277655;6031681;6398549;8490850;25208;9465626
FR;2;2022-01-15;5359;19448;140779;363;153633;6037040;6417997;8631629;25571;9619259
FR;2;2022-01-16;1512;5486;35885;81;39833;6038552;6423483;8667514;25652;9659092
FR;2;2022-01-17;5546;19279;135413;601;147256;6044098;6442762;8802927;26253;9806348
FR;2;2022-01-18;6421;21507;148629;648;160465;6050519;6464269;8951556;26901;9966813
FR;2;2022-01-19;4395;16325;105100;551;113701;6054914;6480594;9056656;27452;10080514
FR;2;2022-01-20;4871;17594;115294;603;123692;6059785;6498188;9171950;28055;10204206
FR;2;2022-01-21;5197;20059;137347;679;147766;6064982;6518247;9309297;28734;10351972
FR;2;2022-01-22;3030;10954;74262;260;80328;6068012;6529201;9383559;28994;10432300
FR;2;2022-01-23;724;2714;15241;41;16829;6068736;6531915;9398800;29035;10449129
FR;2;2022-01-24;3289;12821;75078;430;81035;6072025;6544736;9473878;29465;10530164
FR;2;2022-01-25;3574;14422;79625;496;85454;6075599;6559158;9553503;29961;10615618
FR;2;2022-01-26;2515;10700;58975;363;63024;6078114;6569858;9612478;30324;10678642
FR;2;2022-01-27;2681;11342;64177;388;67929;6080795;6581200;9676655;30712;10746571
FR;2;2022-01-28;3551;18308;91718;429;98924;6084346;6599508;9768373;31141;10845495
FR;2;2022-01-29;1894;9247;48851;164;52934;6086240;6608755;9817224;31305;10898429
FR;2;2022-01-30;464;2226;9454;38;10601;6086704;6610981;9826678;31343;10909030
FR;2;2022-01-31;1888;9571;43830;208;47338;6088592;6620552;9870508;31551;10956368
FR;2;2022-02-01;1915;10046;47029;279;50106;6090507;6630598;9917537;31830;11006474
FR;2;2022-02-02;1614;9006;41114;250;44160;6092121;6639604;9958651;32080;11050634
FR;2;2022-02-03;1725;8943;40522;205;42923;6093846;6648547;9999173;32285;11093557
FR;2;2022-02-04;2152;15197;66645;299;71341;6095998;6663744;10065818;32584;11164898
FR;2;2022-02-05;1360;8519;35944;132;39227;6097358;6672263;10101762;32716;11204125
FR;2;2022-02-06;275;1767;6127;16;6901;6097633;6674030;10107889;32732;11211026
FR;2;2022-02-07;1351;9572;37755;134;41301;6098984;6683602;10145644;32866;11252327
FR;2;2022-02-08;1299;9832;40952;173;43746;6100283;6693434;10186596;33039;11296073
FR;2;2022-02-09;1160;8837;37038;174;40461;6101443;6702271;10223634;33213;11336534
FR;2;2022-02-10;1028;7996;33836;204;36508;6102471;6710267;10257470;33417;11373042
FR;2;2022-02-11;1391;12083;53342;223;57693;6103862;6722350;10310812;33640;11430735
FR;2;2022-02-12;753;6533;27985;85;30804;6104615;6728883;10338797;33725;11461539
FR;2;2022-02-13;200;1340;4835;20;5576;6104815;6730223;10343632;33745;11467115
FR;2;2022-02-14;834;6730;30272;90;33230;6105649;6736953;10373904;33835;11500345
FR;2;2022-02-15;774;6471;28048;141;29991;6106423;6743424;10401952;33976;11530336
FR;2;2022-02-16;657;5361;22063;123;23628;6107080;6748785;10424015;34099;11553964
FR;2;2022-02-17;518;3782;14150;98;14617;6107598;6752567;10438165;34197;11568581
FR;2;2022-02-18;723;5368;20439;134;21128;6108321;6757935;10458604;34331;11589709
FR;2;2022-02-19;430;3056;10531;66;11245;6108751;6760991;10469135;34397;11600954
FR;2;2022-02-20;102;516;1460;3;1608;6108853;6761507;10470595;34400;11602562
FR;2;2022-02-21;422;2685;9122;65;9499;6109275;6764192;10479717;34465;11612061
FR;2;2022-02-22;390;2567;8892;76;8794;6109665;6766759;10488609;34541;11620855
FR;2;2022-02-23;432;2604;8991;82;9267;6110097;6769363;10497600;34623;11630122
FR;2;2022-02-24;314;2036;6800;81;6828;6110411;6771399;10504400;34704;11636950
FR;2;2022-02-25;457;3205;11418;107;11282;6110868;6774604;10515818;34811;11648232
FR;2;2022-02-26;297;1892;6035;49;6342;6111165;6776496;10521853;34860;11654574
FR;2;2022-02-27;76;313;907;5;950;6111241;6776809;10522760;34865;11655524
FR;2;2022-02-28;330;1688;5523;53;5531;6111571;6778497;10528283;34918;11661055
FR;2;2022-03-01;277;1566;5479;46;5196;6111848;6780063;10533762;34964;11666251
FR;2;2022-03-02;298;1445;5246;45;5090;6112146;6781508;10539008;35009;11671341
FR;2;2022-03-03;225;1111;3708;42;3485;6112371;6782619;10542716;35051;11674826
FR;2;2022-03-04;243;1468;4857;74;4505;6112614;6784087;10547573;35125;11679331
FR;2;2022-03-05;174;905;2979;32;2723;6112788;6784992;10550552;35157;11682054
FR;2;2022-03-06;42;183;279;5;319;6112830;6785175;10550831;35162;11682373
FR;2;2022-03-07;156;658;1987;70;1777;6112986;6785833;10552818;35232;11684150
FR;2;2022-03-08;144;667;2272;51;1905;6113130;6786500;10555090;35283;11686055
FR;2;2022-03-09;154;707;2346;37;2047;6113284;6787207;10557436;35320;11688102
FR;2;2022-03-10;123;603;1693;35;1468;6113407;6787810;10559129;35355;11689570
FR;2;2022-03-11;172;756;2767;57;2366;6113579;6788566;10561896;35412;11691936
FR;2;2022-03-12;149;484;1785;27;1554;6113728;6789050;10563681;35439;11693490
FR;2;2022-03-13;25;75;202;29;203;6113753;6789125;10563883;35468;11693693
FR;2;2022-03-14;128;470;1566;529;1296;6113881;6789595;10565449;35997;11694989
FR;2;2022-03-15;138;438;1712;689;1332;6114019;6790033;10567161;36686;11696321
FR;2;2022-03-16;142;475;2013;1615;1593;6114161;6790508;10569174;38301;11697914
FR;2;2022-03-17;93;413;1408;1193;1144;6114254;6790921;10570582;39494;11699058
FR;2;2022-03-18;146;494;2019;1792;1662;6114400;6791415;10572601;41286;11700720
FR;2;2022-03-19;108;321;1210;940;1015;6114508;6791736;10573811;42226;11701735
FR;2;2022-03-20;13;77;191;59;168;6114521;6791813;10574002;42285;11701903
FR;2;2022-03-21;96;307;1214;1483;1077;6114617;6792120;10575216;43768;11702980
FR;2;2022-03-22;117;388;1530;1829;1291;6114734;6792508;10576746;45597;11704271
FR;2;2022-03-23;139;361;1671;3031;1467;6114873;6792869;10578417;48628;11705738
FR;2;2022-03-24;116;293;1183;1547;1000;6114989;6793162;10579600;50175;11706738
FR;2;2022-03-25;119;361;1804;2449;1474;6115108;6793523;10581404;52624;11708212
FR;2;2022-03-26;77;247;1203;1222;952;6115185;6793770;10582607;53846;11709164
FR;2;2022-03-27;19;36;153;100;132;6115204;6793806;10582760;53946;11709296
FR;2;2022-03-28;94;288;1137;1601;995;6115298;6794094;10583897;55547;11710291
FR;2;2022-03-29;108;258;1324;2466;1104;6115406;6794352;10585221;58013;11711395
FR;2;2022-03-30;91;312;1487;3184;1319;6115497;6794664;10586708;61197;11712714
FR;2;2022-03-31;104;284;1275;2330;1090;6115601;6794948;10587983;63527;11713804
FR;2;2022-04-01;123;323;1567;2347;1322;6115724;6795271;10589550;65874;11715126
FR;2;2022-04-02;76;161;845;891;737;6115800;6795432;10590395;66765;11715863
FR;2;2022-04-03;16;53;128;113;142;6115816;6795485;10590523;66878;11716005
FR;2;2022-04-04;112;238;986;1438;795;6115928;6795723;10591509;68316;11716800
FR;2;2022-04-05;143;293;1314;2903;1141;6116071;6796016;10592823;71219;11717941
FR;2;2022-04-06;89;257;1305;2520;1129;6116160;6796273;10594128;73739;11719070
FR;2;2022-04-07;120;221;1300;2682;1040;6116280;6796494;10595428;76421;11720110
FR;2;2022-04-08;125;336;1629;3267;1323;6116405;6796830;10597057;79688;11721433
FR;2;2022-04-09;90;219;899;1045;731;6116495;6797049;10597956;80733;11722164
FR;2;2022-04-10;37;48;143;162;119;6116532;6797097;10598099;80895;11722283
FR;2;2022-04-11;88;194;889;1558;779;6116620;6797291;10598988;82453;11723062
FR;2;2022-04-12;176;269;1180;2738;1059;6116796;6797560;10600168;85191;11724121
FR;2;2022-04-13;146;230;1124;2455;986;6116942;6797790;10601292;87646;11725107
FR;2;2022-04-14;115;222;1085;2676;917;6117057;6798012;10602377;90322;11726024
FR;2;2022-04-15;114;249;1213;2286;1067;6117171;6798261;10603590;92608;11727091
FR;2;2022-04-16;67;108;548;549;459;6117238;6798369;10604138;93157;11727550
FR;2;2022-04-17;15;26;57;53;53;6117253;6798395;10604195;93210;11727603
FR;2;2022-04-18;12;35;120;70;115;6117265;6798430;10604315;93280;11727718
FR;2;2022-04-19;112;237;1117;1707;949;6117377;6798667;10605432;94987;11728667
FR;2;2022-04-20;95;240;1106;2157;931;6117472;6798907;10606538;97144;11729598
FR;2;2022-04-21;111;231;981;1911;837;6117583;6799138;10607519;99055;11730435
FR;2;2022-04-22;98;273;1242;2086;1023;6117681;6799411;10608761;101141;11731458
FR;2;2022-04-23;67;156;644;762;573;6117748;6799567;10609405;101903;11732031
FR;2;2022-04-24;12;29;101;68;79;6117760;6799596;10609506;101971;11732110
FR;2;2022-04-25;103;204;820;1314;710;6117863;6799800;10610326;103285;11732820
FR;2;2022-04-26;108;183;1041;2016;878;6117971;6799983;10611367;105301;11733698
FR;2;2022-04-27;98;178;860;1783;764;6118069;6800161;10612227;107084;11734462
FR;2;2022-04-28;92;214;950;1926;843;6118161;6800375;10613177;109010;11735305
FR;2;2022-04-29;81;280;1130;1695;1040;6118242;6800655;10614307;110705;11736345
FR;2;2022-04-30;65;126;470;538;429;6118307;6800781;10614777;111243;11736774
FR;2;2022-05-01;23;24;84;48;85;6118330;6800805;10614861;111291;11736859
FR;2;2022-05-02;116;231;762;1212;660;6118446;6801036;10615623;112503;11737519
FR;2;2022-05-03;148;230;998;1768;937;6118594;6801266;10616621;114271;11738456
FR;2;2022-05-04;90;225;923;1809;866;6118684;6801491;10617544;116080;11739322
FR;2;2022-05-05;127;196;851;1697;768;6118811;6801687;10618395;117777;11740090
FR;2;2022-05-06;133;246;1099;1848;1014;6118944;6801933;10619494;119625;11741104
FR;2;2022-05-07;40;98;470;504;406;6118984;6802031;10619964;120129;11741510
FR;2;2022-05-08;46;54;106;71;101;6119030;6802085;10620070;120200;11741611
FR;2;2022-05-09;101;174;654;984;604;6119131;6802259;10620724;121184;11742215
FR;2;2022-05-10;120;249;938;1831;893;6119251;6802508;10621662;123015;11743108
FR;2;2022-05-11;100;176;811;1871;791;6119351;6802684;10622473;124886;11743899
FR;2;2022-05-12;111;173;843;2092;801;6119462;6802857;10623316;126978;11744700
FR;2;2022-05-13;100;232;967;2089;896;6119562;6803089;10624283;129067;11745596
FR;2;2022-05-14;76;117;451;554;409;6119638;6803206;10624734;129621;11746005
FR;2;2022-05-15;24;39;94;87;108;6119662;6803245;10624828;129708;11746113
FR;2;2022-05-16;103;170;599;922;536;6119765;6803415;10625427;130630;11746649
FR;2;2022-05-17;95;184;689;1685;657;6119860;6803599;10626116;132315;11747306
FR;2;2022-05-18;80;181;641;1431;646;6119940;6803780;10626757;133746;11747952
FR;2;2022-05-19;70;160;708;1831;750;6120010;6803940;10627465;135577;11748702
FR;2;2022-05-20;107;178;872;1700;777;6120117;6804118;10628337;137277;11749479
FR;2;2022-05-21;48;96;397;517;338;6120165;6804214;10628734;137794;11749817
FR;2;2022-05-22;8;23;69;37;57;6120173;6804237;10628803;137831;11749874
FR;2;2022-05-23;86;133;498;930;469;6120259;6804370;10629301;138761;11750343
FR;2;2022-05-24;87;161;627;1620;614;6120346;6804531;10629928;140381;11750957
FR;2;2022-05-25;72;145;538;1148;492;6120418;6804676;10630466;141529;11751449
FR;2;2022-05-26;10;31;77;42;85;6120428;6804707;10630543;141571;11751534
FR;2;2022-05-27;44;123;456;817;438;6120472;6804830;10630999;142388;11751972
FR;2;2022-05-28;28;60;221;244;221;6120500;6804890;10631220;142632;11752193
FR;2;2022-05-29;13;34;43;25;51;6120513;6804924;10631263;142657;11752244
FR;2;2022-05-30;65;108;421;721;407;6120578;6805032;10631684;143378;11752651
FR;2;2022-05-31;76;135;563;1277;510;6120654;6805167;10632247;144655;11753161
FR;2;2022-06-01;59;156;562;1074;541;6120713;6805323;10632809;145729;11753702
FR;2;2022-06-02;92;175;625;1412;591;6120805;6805498;10633434;147141;11754293
FR;2;2022-06-03;71;155;666;1604;593;6120876;6805653;10634100;148745;11754886
FR;2;2022-06-04;68;93;282;433;269;6120944;6805746;10634382;149178;11755155
FR;2;2022-06-05;12;17;62;57;47;6120956;6805763;10634444;149235;11755202
FR;2;2022-06-06;11;32;92;75;92;6120967;6805795;10634536;149310;11755294
FR;2;2022-06-07;99;218;664;1533;576;6121066;6806013;10635200;150843;11755870
FR;2;2022-06-08;70;118;475;1165;411;6121136;6806131;10635675;152008;11756281
FR;2;2022-06-09;93;166;611;1921;569;6121229;6806297;10636286;153929;11756850
FR;2;2022-06-10;91;167;650;1682;621;6121320;6806464;10636936;155611;11757471
FR;2;2022-06-11;43;84;286;528;258;6121363;6806548;10637222;156139;11757729
FR;2;2022-06-12;18;38;58;78;60;6121381;6806586;10637280;156217;11757789
FR;2;2022-06-13;39;119;390;948;375;6121420;6806705;10637670;157165;11758164
FR;2;2022-06-14;68;155;599;2087;537;6121488;6806860;10638269;159252;11758701
FR;2;2022-06-15;77;104;521;1500;445;6121565;6806964;10638790;160752;11759146
FR;2;2022-06-16;127;127;495;1411;422;6121692;6807091;10639285;162163;11759568
FR;2;2022-06-17;72;135;586;1817;513;6121764;6807226;10639871;163980;11760081
FR;2;2022-06-18;75;92;224;578;196;6121839;6807318;10640095;164558;11760277
FR;2;2022-06-19;11;15;53;71;41;6121850;6807333;10640148;164629;11760318
FR;2;2022-06-20;62;125;401;1027;392;6121912;6807458;10640549;165656;11760710
FR;2;2022-06-21;107;115;524;2123;453;6122019;6807573;10641073;167779;11761163
FR;2;2022-06-22;39;107;462;1889;414;6122058;6807680;10641535;169668;11761577
FR;2;2022-06-23;56;108;537;2281;452;6122114;6807788;10642072;171949;11762029
FR;2;2022-06-24;66;122;708;3198;570;6122180;6807910;10642780;175147;11762599
FR;2;2022-06-25;30;90;295;986;251;6122210;6808000;10643075;176133;11762850
FR;2;2022-06-26;30;27;131;194;97;6122240;6808027;10643206;176327;11762947
FR;2;2022-06-27;79;137;580;2472;481;6122319;6808164;10643786;178799;11763428
FR;2;2022-06-28;110;140;812;4814;650;6122429;6808304;10644598;183613;11764078
FR;2;2022-06-29;71;149;775;4407;636;6122500;6808453;10645373;188020;11764714
FR;2;2022-06-30;72;133;832;5176;618;6122572;6808586;10646205;193196;11765332
FR;2;2022-07-01;112;158;1148;6691;847;6122684;6808744;10647353;199887;11766179
FR;2;2022-07-02;68;131;473;1975;391;6122752;6808875;10647826;201862;11766570
FR;2;2022-07-03;23;30;144;334;128;6122775;6808905;10647970;202196;11766698
FR;2;2022-07-04;120;180;776;3774;612;6122895;6809085;10648746;205970;11767310
FR;2;2022-07-05;117;184;1120;6812;826;6123012;6809269;10649866;212782;11768136
FR;2;2022-07-06;92;148;947;5802;693;6123104;6809417;10650813;218584;11768829
FR;2;2022-07-07;81;185;1020;6496;748;6123185;6809602;10651833;225080;11769577
FR;2;2022-07-08;64;122;1092;7031;755;6123249;6809724;10652925;232111;11770332
FR;2;2022-07-09;34;61;417;1869;298;6123283;6809785;10653342;233980;11770630
FR;2;2022-07-10;6;17;96;315;82;6123289;6809802;10653438;234295;11770712
FR;2;2022-07-11;68;119;682;3815;540;6123357;6809921;10654120;238110;11771252
FR;2;2022-07-12;101;178;1051;6505;807;6123458;6810099;10655171;244615;11772059
FR;2;2022-07-13;63;126;879;4661;592;6123521;6810225;10656050;249276;11772651
FR;2;2022-07-14;6;13;87;248;58;6123527;6810238;10656137;249524;11772709
FR;2;2022-07-15;60;129;739;3789;560;6123587;6810367;10656876;253313;11773269
FR;2;2022-07-16;27;54;288;1029;241;6123614;6810421;10657164;254342;11773510
FR;2;2022-07-17;5;12;77;201;66;6123619;6810433;10657241;254543;11773576
FR;2;2022-07-18;57;103;514;2508;384;6123676;6810536;10657755;257051;11773960
FR;2;2022-07-19;66;132;769;4247;555;6123742;6810668;10658524;261298;11774515
FR;2;2022-07-20;59;118;580;3179;430;6123801;6810786;10659104;264477;11774945
FR;2;2022-07-21;60;109;671;3678;485;6123861;6810895;10659775;268155;11775430
FR;2;2022-07-22;51;98;696;3524;504;6123912;6810993;10660471;271679;11775934
FR;2;2022-07-23;39;95;290;1173;229;6123951;6811088;10660761;272852;11776163
FR;2;2022-07-24;14;23;68;201;67;6123965;6811111;10660829;273053;11776230
FR;2;2022-07-25;50;70;401;1924;296;6124015;6811181;10661230;274977;11776526
FR;2;2022-07-26;59;133;602;3422;474;6124074;6811314;10661832;278399;11777000
FR;2;2022-07-27;42;81;454;2777;358;6124116;6811395;10662286;281176;11777358
FR;2;2022-07-28;29;75;449;2476;356;6124145;6811470;10662735;283652;11777714
FR;2;2022-07-29;68;87;535;2855;347;6124213;6811557;10663270;286507;11778061
FR;2;2022-07-30;21;38;162;774;110;6124234;6811595;10663432;287281;11778171
FR;2;2022-07-31;6;13;27;104;21;6124240;6811608;10663459;287385;11778192
FR;2;2022-08-01;38;102;323;1261;258;6124278;6811710;10663782;288646;11778450
FR;2;2022-08-02;49;73;324;2060;246;6124327;6811783;10664106;290706;11778696
FR;2;2022-08-03;29;52;257;1610;187;6124356;6811835;10664363;292316;11778883
FR;2;2022-08-04;40;63;306;1686;240;6124396;6811898;10664669;294002;11779123
FR;2;2022-08-05;33;93;326;1879;234;6124429;6811991;10664995;295881;11779357
FR;2;2022-08-06;22;40;106;365;82;6124451;6812031;10665101;296246;11779439
FR;2;2022-08-07;7;8;14;69;16;6124458;6812039;10665115;296315;11779455
FR;2;2022-08-08;18;35;216;874;144;6124476;6812074;10665331;297189;11779599
FR;2;2022-08-09;27;51;278;1474;238;6124503;6812125;10665609;298663;11779837
FR;2;2022-08-10;15;21;213;1126;150;6124518;6812146;10665822;299789;11779987
FR;2;2022-08-11;21;41;174;1037;117;6124539;6812187;10665996;300826;11780104
FR;2;2022-08-12;36;47;183;1042;139;6124575;6812234;10666179;301868;11780243
FR;2;2022-08-13;8;18;45;149;50;6124583;6812252;10666224;302017;11780293
FR;2;2022-08-14;1;2;12;52;11;6124584;6812254;10666236;302069;11780304
FR;2;2022-08-15;0;3;32;22;20;6124584;6812257;10666268;302091;11780324
FR;2;2022-08-16;27;31;144;672;120;6124611;6812288;10666412;302763;11780444
FR;2;2022-08-17;16;26;108;738;87;6124627;6812314;10666520;303501;11780531
FR;2;2022-08-18;13;28;158;835;106;6124640;6812342;10666678;304336;11780637
FR;2;2022-08-19;8;38;114;702;84;6124648;6812380;10666792;305038;11780721
FR;2;2022-08-20;6;26;56;196;47;6124654;6812406;10666848;305234;11780768
FR;2;2022-08-21;4;14;15;19;13;6124658;6812420;10666863;305253;11780781
FR;2;2022-08-22;10;24;115;395;72;6124668;6812444;10666978;305648;11780853
FR;2;2022-08-23;11;40;134;669;112;6124679;6812484;10667112;306317;11780965
FR;2;2022-08-24;11;27;86;466;78;6124690;6812511;10667198;306783;11781043
FR;2;2022-08-25;7;31;109;481;69;6124697;6812542;10667307;307264;11781112
FR;2;2022-08-26;15;45;117;720;91;6124712;6812587;10667424;307984;11781203
FR;2;2022-08-27;10;18;47;156;42;6124722;6812605;10667471;308140;11781245
FR;2;2022-08-28;1;5;5;15;7;6124723;6812610;10667476;308155;11781252
FR;2;2022-08-29;24;42;91;400;85;6124747;6812652;10667567;308555;11781337
FR;2;2022-08-30;31;54;153;786;118;6124778;6812706;10667720;309341;11781455
FR;2;2022-08-31;18;34;85;391;79;6124796;6812740;10667805;309732;11781534
FR;2;2022-09-01;19;42;136;598;120;6124815;6812782;10667941;310330;11781654
FR;2;2022-09-02;31;54;145;743;156;6124846;6812836;10668086;311073;11781810
FR;2;2022-09-03;14;20;79;204;63;6124860;6812856;10668165;311277;11781873
FR;2;2022-09-04;8;5;9;31;10;6124868;6812861;10668174;311308;11781883
FR;2;2022-09-05;28;28;123;366;95;6124896;6812889;10668297;311674;11781978
FR;2;2022-09-06;41;61;158;761;153;6124937;6812950;10668455;312435;11782131
FR;2;2022-09-07;20;20;74;375;49;6124957;6812970;10668529;312810;11782180
FR;2;2022-09-08;31;56;107;636;98;6124988;6813026;10668636;313446;11782278
FR;2;2022-09-09;17;24;125;749;73;6125005;6813050;10668761;314195;11782351
FR;2;2022-09-10;13;23;48;117;41;6125018;6813073;10668809;314312;11782392
FR;2;2022-09-11;9;5;10;11;12;6125027;6813078;10668819;314323;11782404
FR;2;2022-09-12;18;30;66;339;53;6125045;6813108;10668885;314662;11782457
FR;2;2022-09-13;15;33;125;669;98;6125060;6813141;10669010;315331;11782555
FR;2;2022-09-14;18;21;79;477;56;6125078;6813162;10669089;315808;11782611
FR;2;2022-09-15;19;39;116;485;90;6125097;6813201;10669205;316293;11782701
FR;2;2022-09-16;18;29;119;562;86;6125115;6813230;10669324;316855;11782787
FR;2;2022-09-17;4;18;53;153;51;6125119;6813248;10669377;317008;11782838
FR;2;2022-09-18;3;7;13;35;10;6125122;6813255;10669390;317043;11782848
FR;2;2022-09-19;26;23;106;349;82;6125148;6813278;10669496;317392;11782930
FR;2;2022-09-20;26;26;114;623;81;6125174;6813304;10669610;318015;11783011
FR;2;2022-09-21;15;27;98;391;75;6125189;6813331;10669708;318406;11783086
FR;2;2022-09-22;17;38;117;536;89;6125206;6813369;10669825;318942;11783175
FR;2;2022-09-23;20;36;120;550;99;6125226;6813405;10669945;319492;11783274
FR;2;2022-09-24;9;8;48;189;33;6125235;6813413;10669993;319681;11783307
FR;2;2022-09-25;7;9;14;29;11;6125242;6813422;10670007;319710;11783318
FR;2;2022-09-26;19;39;99;401;76;6125261;6813461;10670106;320111;11783394
FR;2;2022-09-27;29;42;152;826;99;6125290;6813503;10670258;320937;11783493
FR;2;2022-09-28;14;29;92;418;72;6125304;6813532;10670350;321355;11783565
FR;2;2022-09-29;25;42;97;570;100;6125329;6813574;10670447;321925;11783665
FR;3;2020-12-27;0;0;0;0;0;0;0;0;0;0
FR;3;2020-12-28;0;0;0;0;0;0;0;0;0;0
FR;3;2020-12-29;0;0;0;0;0;0;0;0;0;0
FR;3;2020-12-30;0;0;0;0;0;0;0;0;0;0
FR;3;2020-12-31;0;0;0;0;0;0;0;0;0;0
FR;3;2021-01-01;0;0;0;0;0;0;0;0;0;0
FR;3;2021-01-02;0;0;0;0;0;0;0;0;0;0
FR;3;2021-01-03;0;0;0;0;0;0;0;0;0;0
FR;3;2021-01-04;0;0;0;0;0;0;0;0;0;0
FR;3;2021-01-05;0;0;0;0;0;0;0;0;0;0
FR;3;2021-01-06;0;0;0;0;0;0;0;0;0;0
FR;3;2021-01-07;0;0;0;0;0;0;0;0;0;0
FR;3;2021-01-08;0;0;0;0;0;0;0;0;0;0
FR;3;2021-01-09;0;0;0;0;0;0;0;0;0;0
FR;3;2021-01-10;0;0;0;0;0;0;0;0;0;0
FR;3;2021-01-11;0;0;0;0;0;0;0;0;0;0
FR;3;2021-01-12;0;0;0;0;0;0;0;0;0;0
FR;3;2021-01-13;0;0;0;0;0;0;0;0;0;0
FR;3;2021-01-14;0;0;0;0;0;0;0;0;0;0
FR;3;2021-01-15;0;0;0;0;0;0;0;0;0;0
FR;3;2021-01-16;0;0;0;0;0;0;0;0;0;0
FR;3;2021-01-17;0;0;0;0;0;0;0;0;0;0
FR;3;2021-01-18;0;0;0;0;0;0;0;0;0;0
FR;3;2021-01-19;0;0;0;0;0;0;0;0;0;0
FR;3;2021-01-20;0;0;0;0;0;0;0;0;0;0
FR;3;2021-01-21;0;0;0;0;0;0;0;0;0;0
FR;3;2021-01-22;0;0;0;0;0;0;0;0;0;0
FR;3;2021-01-23;0;0;0;0;0;0;0;0;0;0
FR;3;2021-01-24;0;0;0;0;0;0;0;0;0;0
FR;3;2021-01-25;0;0;0;0;0;0;0;0;0;0
FR;3;2021-01-26;0;0;0;0;0;0;0;0;0;0
FR;3;2021-01-27;0;0;0;0;0;0;0;0;0;0
FR;3;2021-01-28;0;0;0;0;0;0;0;0;0;0
FR;3;2021-01-29;0;0;0;0;0;0;0;0;0;0
FR;3;2021-01-30;0;0;0;0;0;0;0;0;0;0
FR;3;2021-01-31;0;0;0;0;0;0;0;0;0;0
FR;3;2021-02-01;0;0;0;0;0;0;0;0;0;0
FR;3;2021-02-02;0;0;0;0;0;0;0;0;0;0
FR;3;2021-02-03;0;0;0;0;0;0;0;0;0;0
FR;3;2021-02-04;0;0;0;0;0;0;0;0;0;0
FR;3;2021-02-05;0;0;0;0;0;0;0;0;0;0
FR;3;2021-02-06;1559;0;0;0;0;1559;0;0;0;0
FR;3;2021-02-07;1423;1;0;0;0;2982;1;0;0;0
FR;3;2021-02-08;2786;1;0;0;0;5768;2;0;0;0
FR;3;2021-02-09;6783;0;0;0;0;12551;2;0;0;0
FR;3;2021-02-10;9609;0;0;0;0;22160;2;0;0;0
FR;3;2021-02-11;13618;1;0;0;0;35778;3;0;0;0
FR;3;2021-02-12;13407;0;0;0;0;49185;3;0;0;0
FR;3;2021-02-13;3798;1;0;0;0;52983;4;0;0;0
FR;3;2021-02-14;975;0;0;0;0;53958;4;0;0;0
FR;3;2021-02-15;10492;1;0;0;0;64450;5;0;0;0
FR;3;2021-02-16;12550;4;0;0;0;77000;9;0;0;0
FR;3;2021-02-17;11157;1;0;0;0;88157;10;0;0;0
FR;3;2021-02-18;14942;2;0;0;0;103099;12;0;0;0
FR;3;2021-02-19;14362;1;0;0;0;117461;13;0;0;0
FR;3;2021-02-20;3330;0;0;0;0;120791;13;0;0;0
FR;3;2021-02-21;619;0;0;0;0;121410;13;0;0;0
FR;3;2021-02-22;9166;0;0;0;0;130576;13;0;0;0
FR;3;2021-02-23;11398;3;0;0;0;141974;16;0;0;0
FR;3;2021-02-24;14305;1;0;0;0;156279;17;0;0;0
FR;3;2021-02-25;44931;3;0;0;0;201210;20;0;0;0
FR;3;2021-02-26;61887;8;0;0;0;263097;28;0;0;0
FR;3;2021-02-27;34806;11;0;0;0;297903;39;0;0;0
FR;3;2021-02-28;2463;0;0;0;0;300366;39;0;0;0
FR;3;2021-03-01;20518;15;0;0;0;320884;54;0;0;0
FR;3;2021-03-02;38870;22;0;0;0;359754;76;0;0;0
FR;3;2021-03-03;48746;17;0;0;0;408500;93;0;0;0
FR;3;2021-03-04;82222;22;0;0;0;490722;115;0;0;0
FR;3;2021-03-05;118129;43;0;0;0;608851;158;0;0;0
FR;3;2021-03-06;120718;61;1;0;0;729569;219;1;0;0
FR;3;2021-03-07;55180;25;0;0;0;784749;244;1;0;0
FR;3;2021-03-08;42813;25;0;0;0;827562;269;1;0;0
FR;3;2021-03-09;78973;51;0;0;0;906535;320;1;0;0
FR;3;2021-03-10;80980;58;0;0;0;987515;378;1;0;0
FR;3;2021-03-11;128440;59;0;0;0;1115955;437;1;0;0
FR;3;2021-03-12;182722;107;0;0;0;1298677;544;1;0;0
FR;3;2021-03-13;132157;78;0;0;0;1430834;622;1;0;0
FR;3;2021-03-14;14057;5;0;0;0;1444891;627;1;0;0
FR;3;2021-03-15;52235;66;0;0;0;1497126;693;1;0;0
FR;3;2021-03-16;1215;46;0;0;0;1498341;739;1;0;0
FR;3;2021-03-17;946;48;0;0;0;1499287;787;1;0;0
FR;3;2021-03-18;1571;29;0;0;0;1500858;816;1;0;0
FR;3;2021-03-19;70455;53;0;0;0;1571313;869;1;0;0
FR;3;2021-03-20;65235;44;0;0;0;1636548;913;1;0;0
FR;3;2021-03-21;5759;8;0;0;0;1642307;921;1;0;0
FR;3;2021-03-22;37506;44;0;0;0;1679813;965;1;0;0
FR;3;2021-03-23;84661;76;0;0;0;1764474;1041;1;0;0
FR;3;2021-03-24;90949;98;0;0;0;1855423;1139;1;0;0
FR;3;2021-03-25;150063;138;0;0;0;2005486;1277;1;0;0
FR;3;2021-03-26;165426;156;0;0;0;2170912;1433;1;0;0
FR;3;2021-03-27;68462;102;0;0;0;2239374;1535;1;0;0
FR;3;2021-03-28;6476;21;0;0;0;2245850;1556;1;0;0
FR;3;2021-03-29;54168;77;0;0;0;2300018;1633;1;0;0
FR;3;2021-03-30;93177;101;0;0;0;2393195;1734;1;0;0
FR;3;2021-03-31;63540;106;0;0;0;2456735;1840;1;0;0
FR;3;2021-04-01;86132;113;0;0;0;2542867;1953;1;0;0
FR;3;2021-04-02;86910;176;0;0;0;2629777;2129;1;0;0
FR;3;2021-04-03;35875;129;0;0;0;2665652;2258;1;0;0
FR;3;2021-04-04;3574;19;0;0;0;2669226;2277;1;0;0
FR;3;2021-04-05;4491;38;0;0;0;2673717;2315;1;0;0
FR;3;2021-04-06;29755;95;0;0;0;2703472;2410;1;0;0
FR;3;2021-04-07;32343;98;0;0;0;2735815;2508;1;0;0
FR;3;2021-04-08;78821;254;0;0;0;2814636;2762;1;0;0
FR;3;2021-04-09;161754;432;0;0;0;2976390;3194;1;0;0
FR;3;2021-04-10;75762;356;0;0;0;3052152;3550;1;0;0
FR;3;2021-04-11;7312;46;0;0;0;3059464;3596;1;0;0
FR;3;2021-04-12;51480;215;0;0;0;3110944;3811;1;0;0
FR;3;2021-04-13;86232;344;0;0;0;3197176;4155;1;0;0
FR;3;2021-04-14;67845;360;0;0;0;3265021;4515;1;0;0
FR;3;2021-04-15;93233;390;0;0;0;3358254;4905;1;0;0
FR;3;2021-04-16;112521;598;0;0;0;3470775;5503;1;0;0
FR;3;2021-04-17;53318;339;1;0;0;3524093;5842;2;0;0
FR;3;2021-04-18;9747;44;0;0;0;3533840;5886;2;0;0
FR;3;2021-04-19;25112;266;0;0;0;3558952;6152;2;0;0
FR;3;2021-04-20;45673;418;0;0;0;3604625;6570;2;0;0
FR;3;2021-04-21;38982;501;0;0;0;3643607;7071;2;0;0
FR;3;2021-04-22;54712;825;0;0;0;3698319;7896;2;0;0
FR;3;2021-04-23;70489;1053;0;0;0;3768808;8949;2;0;0
FR;3;2021-04-24;37249;1062;0;0;0;3806057;10011;2;0;0
FR;3;2021-04-25;6211;151;0;0;0;3812268;10162;2;0;0
FR;3;2021-04-26;19788;681;0;0;0;3832056;10843;2;0;0
FR;3;2021-04-27;34482;1294;0;0;0;3866538;12137;2;0;0
FR;3;2021-04-28;28967;1990;0;0;0;3895505;14127;2;0;0
FR;3;2021-04-29;45385;6047;0;0;0;3940890;20174;2;0;0
FR;3;2021-04-30;55464;9019;1;0;0;3996354;29193;3;0;0
FR;3;2021-05-01;9516;2030;0;0;0;4005870;31223;3;0;0
FR;3;2021-05-02;3076;478;0;0;0;4008946;31701;3;0;0
FR;3;2021-05-03;13062;3898;0;0;0;4022008;35599;3;0;0
FR;3;2021-05-04;23113;8452;0;0;0;4045121;44051;3;0;0
FR;3;2021-05-05;18759;10732;0;0;0;4063880;54783;3;0;0
FR;3;2021-05-06;34628;21102;0;0;0;4098508;75885;3;0;0
FR;3;2021-05-07;44201;28695;0;0;0;4142709;104580;3;0;0
FR;3;2021-05-08;6785;9182;0;0;0;4149494;113762;3;0;0
FR;3;2021-05-09;1795;2649;0;0;0;4151289;116411;3;0;0
FR;3;2021-05-10;14996;12811;0;0;0;4166285;129222;3;0;0
FR;3;2021-05-11;27098;26072;0;0;0;4193383;155294;3;0;0
FR;3;2021-05-12;17268;27881;0;0;0;4210651;183175;3;0;0
FR;3;2021-05-13;2284;3494;0;0;0;4212935;186669;3;0;0
FR;3;2021-05-14;14519;25985;0;0;0;4227454;212654;3;0;0
FR;3;2021-05-15;7234;20956;0;0;0;4234688;233610;3;0;0
FR;3;2021-05-16;977;2648;0;0;0;4235665;236258;3;0;0
FR;3;2021-05-17;7965;20067;0;0;0;4243630;256325;3;0;0
FR;3;2021-05-18;13413;29980;0;0;0;4257043;286305;3;0;0
FR;3;2021-05-19;9272;30971;0;0;0;4266315;317276;3;0;0
FR;3;2021-05-20;12806;53618;3;0;0;4279121;370894;6;0;0
FR;3;2021-05-21;12765;65957;2;0;0;4291886;436851;8;0;0
FR;3;2021-05-22;4963;33608;1;0;0;4296849;470459;9;0;0
FR;3;2021-05-23;651;2651;0;0;0;4297500;473110;9;0;0
FR;3;2021-05-24;883;4842;0;0;0;4298383;477952;9;0;0
FR;3;2021-05-25;5310;46182;1;0;0;4303693;524134;10;0;0
FR;3;2021-05-26;4976;51805;1;0;0;4308669;575939;11;0;0
FR;3;2021-05-27;6333;78653;3;0;0;4315002;654592;14;0;0
FR;3;2021-05-28;7542;99847;2;0;0;4322544;754439;16;0;0
FR;3;2021-05-29;3349;60814;1;0;0;4325893;815253;17;0;0
FR;3;2021-05-30;549;8160;0;0;0;4326442;823413;17;0;0
FR;3;2021-05-31;2441;35642;3;0;0;4328883;859055;20;0;0
FR;3;2021-06-01;3409;64844;10;0;0;4332292;923899;30;0;0
FR;3;2021-06-02;2732;58672;6;0;0;4335024;982571;36;0;0
FR;3;2021-06-03;3495;87281;10;0;0;4338519;1069852;46;0;0
FR;3;2021-06-04;4116;105609;22;0;0;4342635;1175461;68;0;0
FR;3;2021-06-05;1983;52465;4;0;0;4344618;1227926;72;0;0
FR;3;2021-06-06;508;5318;1;0;0;4345126;1233244;73;0;0
FR;3;2021-06-07;1480;30814;11;0;0;4346606;1264058;84;0;0
FR;3;2021-06-08;2059;47349;18;0;0;4348665;1311407;102;0;0
FR;3;2021-06-09;1794;41966;13;0;0;4350459;1353373;115;0;0
FR;3;2021-06-10;2253;67772;17;0;0;4352712;1421145;132;0;0
FR;3;2021-06-11;2481;96647;34;0;0;4355193;1517792;166;0;0
FR;3;2021-06-12;1176;40663;6;0;0;4356369;1558455;172;0;0
FR;3;2021-06-13;282;3666;3;0;0;4356651;1562121;175;0;0
FR;3;2021-06-14;1045;42429;17;0;0;4357696;1604550;192;0;0
FR;3;2021-06-15;1371;80472;20;0;0;4359067;1685022;212;0;0
FR;3;2021-06-16;1261;65541;20;0;0;4360328;1750563;232;0;0
FR;3;2021-06-17;1666;102117;41;0;0;4361994;1852680;273;0;0
FR;3;2021-06-18;1870;118247;62;0;0;4363864;1970927;335;0;0
FR;3;2021-06-19;802;39450;22;0;0;4364666;2010377;357;0;0
FR;3;2021-06-20;160;3241;0;0;0;4364826;2013618;357;0;0
FR;3;2021-06-21;772;39099;16;0;0;4365598;2052717;373;0;0
FR;3;2021-06-22;1065;70022;52;0;0;4366663;2122739;425;0;0
FR;3;2021-06-23;942;50837;39;0;0;4367605;2173576;464;0;0
FR;3;2021-06-24;1310;77207;48;0;0;4368915;2250783;512;0;0
FR;3;2021-06-25;1406;90510;73;0;0;4370321;2341293;585;0;0
FR;3;2021-06-26;631;33116;29;0;0;4370952;2374409;614;0;0
FR;3;2021-06-27;166;3866;1;0;0;4371118;2378275;615;0;0
FR;3;2021-06-28;653;30145;27;0;0;4371771;2408420;642;0;0
FR;3;2021-06-29;857;56432;95;0;0;4372628;2464852;737;0;0
FR;3;2021-06-30;905;45138;93;0;0;4373533;2509990;830;0;0
FR;3;2021-07-01;1163;65948;108;0;0;4374696;2575938;938;0;0
FR;3;2021-07-02;1305;90474;170;0;0;4376001;2666412;1108;0;0
FR;3;2021-07-03;602;31181;51;0;0;4376603;2697593;1159;0;0
FR;3;2021-07-04;144;4066;3;0;0;4376747;2701659;1162;0;0
FR;3;2021-07-05;612;33703;60;0;0;4377359;2735362;1222;0;0
FR;3;2021-07-06;963;55983;88;0;0;4378322;2791345;1310;0;0
FR;3;2021-07-07;871;42973;80;0;0;4379193;2834318;1390;0;0
FR;3;2021-07-08;1125;60765;99;0;0;4380318;2895083;1489;0;0
FR;3;2021-07-09;1260;68874;128;0;0;4381578;2963957;1617;0;0
FR;3;2021-07-10;643;25045;59;0;0;4382221;2989002;1676;0;0
FR;3;2021-07-11;131;3214;4;0;0;4382352;2992216;1680;0;0
FR;3;2021-07-12;662;23735;59;0;0;4383014;3015951;1739;0;0
FR;3;2021-07-13;1647;34562;90;0;0;4384661;3050513;1829;0;0
FR;3;2021-07-14;268;2516;2;0;0;4384929;3053029;1831;0;0
FR;3;2021-07-15;1940;30509;85;0;0;4386869;3083538;1916;0;0
FR;3;2021-07-16;2520;38729;122;0;0;4389389;3122267;2038;0;0
FR;3;2021-07-17;1049;13726;26;0;0;4390438;3135993;2064;0;0
FR;3;2021-07-18;265;2560;3;0;0;4390703;3138553;2067;0;0
FR;3;2021-07-19;1277;17010;37;0;0;4391980;3155563;2104;0;0
FR;3;2021-07-20;1823;26999;98;0;0;4393803;3182562;2202;0;0
FR;3;2021-07-21;1651;19587;44;0;0;4395454;3202149;2246;0;0
FR;3;2021-07-22;1854;27673;83;0;0;4397308;3229822;2329;0;0
FR;3;2021-07-23;2216;30318;117;0;0;4399524;3260140;2446;0;0
FR;3;2021-07-24;826;6958;25;0;0;4400350;3267098;2471;0;0
FR;3;2021-07-25;210;1303;1;0;0;4400560;3268401;2472;0;0
FR;3;2021-07-26;929;10572;28;0;0;4401489;3278973;2500;0;0
FR;3;2021-07-27;1169;16868;56;0;0;4402658;3295841;2556;0;0
FR;3;2021-07-28;989;12032;40;0;0;4403647;3307873;2596;0;0
FR;3;2021-07-29;1127;15732;63;0;0;4404774;3323605;2659;0;0
FR;3;2021-07-30;1128;18018;79;0;0;4405902;3341623;2738;0;0
FR;3;2021-07-31;406;3733;15;0;0;4406308;3345356;2753;0;0
FR;3;2021-08-01;116;457;1;0;0;4406424;3345813;2754;0;0
FR;3;2021-08-02;421;5063;22;0;0;4406845;3350876;2776;0;0
FR;3;2021-08-03;495;7509;27;0;0;4407340;3358385;2803;0;0
FR;3;2021-08-04;438;4849;26;0;0;4407778;3363234;2829;0;0
FR;3;2021-08-05;430;3679;13;0;0;4408208;3366913;2842;0;0
FR;3;2021-08-06;456;4731;30;0;0;4408664;3371644;2872;0;0
FR;3;2021-08-07;214;1901;11;0;0;4408878;3373545;2883;0;0
FR;3;2021-08-08;250;426;2;0;0;4409128;3373971;2885;0;0
FR;3;2021-08-09;318;2418;11;0;0;4409446;3376389;2896;0;0
FR;3;2021-08-10;368;3797;15;0;0;4409814;3380186;2911;0;0
FR;3;2021-08-11;291;2682;15;0;0;4410105;3382868;2926;0;0
FR;3;2021-08-12;277;2603;12;0;0;4410382;3385471;2938;0;0
FR;3;2021-08-13;277;2264;16;0;0;4410659;3387735;2954;0;0
FR;3;2021-08-14;172;898;1;0;0;4410831;3388633;2955;0;0
FR;3;2021-08-15;56;173;0;0;0;4410887;3388806;2955;0;0
FR;3;2021-08-16;124;1035;8;0;0;4411011;3389841;2963;0;0
FR;3;2021-08-17;188;1453;8;0;0;4411199;3391294;2971;0;0
FR;3;2021-08-18;204;1319;10;0;0;4411403;3392613;2981;0;0
FR;3;2021-08-19;165;1390;10;0;0;4411568;3394003;2991;0;0
FR;3;2021-08-20;167;1607;16;0;0;4411735;3395610;3007;0;0
FR;3;2021-08-21;93;586;2;0;0;4411828;3396196;3009;0;0
FR;3;2021-08-22;42;190;1;0;0;4411870;3396386;3010;0;0
FR;3;2021-08-23;141;906;7;0;0;4412011;3397292;3017;0;0
FR;3;2021-08-24;124;937;10;0;0;4412135;3398229;3027;0;0
FR;3;2021-08-25;137;829;3;0;0;4412272;3399058;3030;0;0
FR;3;2021-08-26;172;843;9;0;0;4412444;3399901;3039;0;0
FR;3;2021-08-27;178;943;9;0;0;4412622;3400844;3048;0;0
FR;3;2021-08-28;101;372;4;0;0;4412723;3401216;3052;0;0
FR;3;2021-08-29;128;131;1;0;0;4412851;3401347;3053;0;0
FR;3;2021-08-30;100;576;0;0;118;4412951;3401923;3053;0;118
FR;3;2021-08-31;133;695;7;0;142;4413084;3402618;3060;0;260
FR;3;2021-09-01;121;462;5;0;113;4413205;3403080;3065;0;373
FR;3;2021-09-02;100;616;22;0;110;4413305;3403696;3087;0;483
FR;3;2021-09-03;116;570;17;0;120;4413421;3404266;3104;0;603
FR;3;2021-09-04;55;299;3;0;54;4413476;3404565;3107;0;657
FR;3;2021-09-05;51;65;5;0;26;4413527;3404630;3112;0;683
FR;3;2021-09-06;118;378;4;0;138;4413645;3405008;3116;0;821
FR;3;2021-09-07;124;445;14;0;121;4413769;3405453;3130;0;942
FR;3;2021-09-08;121;351;2;0;93;4413890;3405804;3132;0;1035
FR;3;2021-09-09;94;383;8;0;105;4413984;3406187;3140;0;1140
FR;3;2021-09-10;101;408;3;0;96;4414085;3406595;3143;0;1236
FR;3;2021-09-11;76;234;4;0;66;4414161;3406829;3147;0;1302
FR;3;2021-09-12;37;46;1;0;16;4414198;3406875;3148;0;1318
FR;3;2021-09-13;73;307;7;0;102;4414271;3407182;3155;0;1420
FR;3;2021-09-14;72;280;6;0;98;4414343;3407462;3161;0;1518
FR;3;2021-09-15;61;256;3;0;6;4414404;3407718;3164;0;1524
FR;3;2021-09-16;64;322;6;0;6;4414468;3408040;3170;0;1530
FR;3;2021-09-17;52;330;3;0;7;4414520;3408370;3173;0;1537
FR;3;2021-09-18;36;176;1;0;1;4414556;3408546;3174;0;1538
FR;3;2021-09-19;28;31;2;0;1;4414584;3408577;3176;0;1539
FR;3;2021-09-20;81;197;0;0;1;4414665;3408774;3176;0;1540
FR;3;2021-09-21;60;281;6;0;7;4414725;3409055;3182;0;1547
FR;3;2021-09-22;64;233;6;0;7;4414789;3409288;3188;0;1554
FR;3;2021-09-23;37;264;11;0;7;4414826;3409552;3199;0;1561
FR;3;2021-09-24;28;321;12;0;18;4414854;3409873;3211;0;1579
FR;3;2021-09-25;31;143;3;0;3;4414885;3410016;3214;0;1582
FR;3;2021-09-26;16;59;1;0;1;4414901;3410075;3215;0;1583
FR;3;2021-09-27;47;290;3;0;5;4414948;3410365;3218;0;1588
FR;3;2021-09-28;49;249;6;0;8;4414997;3410614;3224;0;1596
FR;3;2021-09-29;37;224;10;0;14;4415034;3410838;3234;0;1610
FR;3;2021-09-30;39;202;8;0;10;4415073;3411040;3242;0;1620
FR;3;2021-10-01;23;162;6;0;7;4415096;3411202;3248;0;1627
FR;3;2021-10-02;17;85;0;0;0;4415113;3411287;3248;0;1627
FR;3;2021-10-03;19;18;1;0;2;4415132;3411305;3249;0;1629
FR;3;2021-10-04;33;159;4;0;4;4415165;3411464;3253;0;1633
FR;3;2021-10-05;17;149;10;0;13;4415182;3411613;3263;0;1646
FR;3;2021-10-06;32;146;8;0;9;4415214;3411759;3271;0;1655
FR;3;2021-10-07;19;133;6;0;6;4415233;3411892;3277;0;1661
FR;3;2021-10-08;24;140;10;0;9;4415257;3412032;3287;0;1670
FR;3;2021-10-09;16;72;1;0;1;4415273;3412104;3288;0;1671
FR;3;2021-10-10;13;18;2;0;3;4415286;3412122;3290;0;1674
FR;3;2021-10-11;16;118;4;0;5;4415302;3412240;3294;0;1679
FR;3;2021-10-12;20;104;5;0;5;4415322;3412344;3299;0;1684
FR;3;2021-10-13;25;116;9;0;7;4415347;3412460;3308;0;1691
FR;3;2021-10-14;18;153;3;0;4;4415365;3412613;3311;0;1695
FR;3;2021-10-15;23;146;8;0;12;4415388;3412759;3319;0;1707
FR;3;2021-10-16;13;75;6;0;8;4415401;3412834;3325;0;1715
FR;3;2021-10-17;12;25;0;0;0;4415413;3412859;3325;0;1715
FR;3;2021-10-18;18;116;2;0;2;4415431;3412975;3327;0;1717
FR;3;2021-10-19;16;115;19;0;21;4415447;3413090;3346;0;1738
FR;3;2021-10-20;25;127;6;0;7;4415472;3413217;3352;0;1745
FR;3;2021-10-21;28;130;17;0;13;4415500;3413347;3369;0;1758
FR;3;2021-10-22;24;110;16;0;19;4415524;3413457;3385;0;1777
FR;3;2021-10-23;17;56;2;0;1;4415541;3413513;3387;0;1778
FR;3;2021-10-24;7;36;0;0;0;4415548;3413549;3387;0;1778
FR;3;2021-10-25;24;147;7;0;7;4415572;3413696;3394;0;1785
FR;3;2021-10-26;25;100;22;0;19;4415597;3413796;3416;0;1804
FR;3;2021-10-27;18;99;9;0;9;4415615;3413895;3425;0;1813
FR;3;2021-10-28;22;119;33;0;36;4415637;3414014;3458;0;1849
FR;3;2021-10-29;12;106;64;0;54;4415649;3414120;3522;0;1903
FR;3;2021-10-30;11;63;11;1;10;4415660;3414183;3533;1;1913
FR;3;2021-10-31;8;25;1;0;1;4415668;3414208;3534;1;1914
FR;3;2021-11-01;10;22;2;0;1;4415678;3414230;3536;1;1915
FR;3;2021-11-02;10;102;10;0;12;4415688;3414332;3546;1;1927
FR;3;2021-11-03;19;112;10;0;10;4415707;3414444;3556;1;1937
FR;3;2021-11-04;20;91;5;0;4;4415727;3414535;3561;1;1941
FR;3;2021-11-05;19;127;8;1;5;4415746;3414662;3569;2;1946
FR;3;2021-11-06;10;59;3;0;3;4415756;3414721;3572;2;1949
FR;3;2021-11-07;6;21;1;0;1;4415762;3414742;3573;2;1950
FR;3;2021-11-08;11;134;7;0;5;4415773;3414876;3580;2;1955
FR;3;2021-11-09;13;134;5;0;5;4415786;3415010;3585;2;1960
FR;3;2021-11-10;14;162;14;0;15;4415800;3415172;3599;2;1975
FR;3;2021-11-11;11;49;3;0;3;4415811;3415221;3602;2;1978
FR;3;2021-11-12;14;135;6;0;4;4415825;3415356;3608;2;1982
FR;3;2021-11-13;7;67;9;0;10;4415832;3415423;3617;2;1992
FR;3;2021-11-14;3;24;1;0;1;4415835;3415447;3618;2;1993
FR;3;2021-11-15;5;173;10;0;11;4415840;3415620;3628;2;2004
FR;3;2021-11-16;6;144;11;0;10;4415846;3415764;3639;2;2014
FR;3;2021-11-17;7;149;11;0;8;4415853;3415913;3650;2;2022
FR;3;2021-11-18;15;148;10;0;11;4415868;3416061;3660;2;2033
FR;3;2021-11-19;10;200;22;0;27;4415878;3416261;3682;2;2060
FR;3;2021-11-20;6;107;6;0;6;4415884;3416368;3688;2;2066
FR;3;2021-11-21;3;26;4;0;4;4415887;3416394;3692;2;2070
FR;3;2021-11-22;11;201;11;0;11;4415898;3416595;3703;2;2081
FR;3;2021-11-23;9;199;15;0;14;4415907;3416794;3718;2;2095
FR;3;2021-11-24;9;203;9;0;17;4415916;3416997;3727;2;2112
FR;3;2021-11-25;12;233;11;0;11;4415928;3417230;3738;2;2123
FR;3;2021-11-26;8;305;35;0;33;4415936;3417535;3773;2;2156
FR;3;2021-11-27;8;141;20;0;21;4415944;3417676;3793;2;2177
FR;3;2021-11-28;3;62;7;0;7;4415947;3417738;3800;2;2184
FR;3;2021-11-29;5;255;21;0;22;4415952;3417993;3821;2;2206
FR;3;2021-11-30;7;344;28;0;31;4415959;3418337;3849;2;2237
FR;3;2021-12-01;30;375;37;0;39;4415989;3418712;3886;2;2276
FR;3;2021-12-02;9;396;33;0;36;4415998;3419108;3919;2;2312
FR;3;2021-12-03;4;444;37;0;38;4416002;3419552;3956;2;2350
FR;3;2021-12-04;3;237;26;0;28;4416005;3419789;3982;2;2378
FR;3;2021-12-05;1;66;5;0;5;4416006;3419855;3987;2;2383
FR;3;2021-12-06;6;414;14;0;15;4416012;3420269;4001;2;2398
FR;3;2021-12-07;4;488;20;0;24;4416016;3420757;4021;2;2422
FR;3;2021-12-08;7;441;29;0;30;4416023;3421198;4050;2;2452
FR;3;2021-12-09;3;498;17;0;22;4416026;3421696;4067;2;2474
FR;3;2021-12-10;10;515;29;0;25;4416036;3422211;4096;2;2499
FR;3;2021-12-11;4;334;10;0;9;4416040;3422545;4106;2;2508
FR;3;2021-12-12;1;108;3;0;3;4416041;3422653;4109;2;2511
FR;3;2021-12-13;2;497;19;0;21;4416043;3423150;4128;2;2532
FR;3;2021-12-14;8;633;18;0;21;4416051;3423783;4146;2;2553
FR;3;2021-12-15;9;606;17;0;21;4416060;3424389;4163;2;2574
FR;3;2021-12-16;10;619;19;0;18;4416070;3425008;4182;2;2592
FR;3;2021-12-17;5;699;18;0;19;4416075;3425707;4200;2;2611
FR;3;2021-12-18;4;376;4;0;5;4416079;3426083;4204;2;2616
FR;3;2021-12-19;3;194;2;0;2;4416082;3426277;4206;2;2618
FR;3;2021-12-20;8;632;23;0;28;4416090;3426909;4229;2;2646
FR;3;2021-12-21;3;728;10;0;13;4416093;3427637;4239;2;2659
FR;3;2021-12-22;10;678;9;0;10;4416103;3428315;4248;2;2669
FR;3;2021-12-23;2;588;8;0;8;4416105;3428903;4256;2;2677
FR;3;2021-12-24;2;246;3;0;6;4416107;3429149;4259;2;2683
FR;3;2021-12-25;0;25;0;0;0;4416107;3429174;4259;2;2683
FR;3;2021-12-26;0;92;1;0;1;4416107;3429266;4260;2;2684
FR;3;2021-12-27;7;496;17;0;20;4416114;3429762;4277;2;2704
FR;3;2021-12-28;3;640;6;0;5;4416117;3430402;4283;2;2709
FR;3;2021-12-29;4;533;14;0;16;4416121;3430935;4297;2;2725
FR;3;2021-12-30;3;550;7;0;10;4416124;3431485;4304;2;2735
FR;3;2021-12-31;0;193;5;0;7;4416124;3431678;4309;2;2742
FR;3;2022-01-01;0;26;0;0;2;4416124;3431704;4309;2;2744
FR;3;2022-01-02;0;80;0;0;0;4416124;3431784;4309;2;2744
FR;3;2022-01-03;4;531;17;0;21;4416128;3432315;4326;2;2765
FR;3;2022-01-04;6;578;9;0;8;4416134;3432893;4335;2;2773
FR;3;2022-01-05;5;522;10;0;14;4416139;3433415;4345;2;2787
FR;3;2022-01-06;6;500;9;0;10;4416145;3433915;4354;2;2797
FR;3;2022-01-07;2;530;11;0;13;4416147;3434445;4365;2;2810
FR;3;2022-01-08;4;263;4;0;5;4416151;3434708;4369;2;2815
FR;3;2022-01-09;0;117;0;0;0;4416151;3434825;4369;2;2815
FR;3;2022-01-10;2;455;12;0;12;4416153;3435280;4381;2;2827
FR;3;2022-01-11;3;491;1;0;1;4416156;3435771;4382;2;2828
FR;3;2022-01-12;2;416;9;0;10;4416158;3436187;4391;2;2838
FR;3;2022-01-13;3;406;11;0;12;4416161;3436593;4402;2;2850
FR;3;2022-01-14;3;448;10;0;13;4416164;3437041;4412;2;2863
FR;3;2022-01-15;0;289;2;0;3;4416164;3437330;4414;2;2866
FR;3;2022-01-16;1;110;1;0;1;4416165;3437440;4415;2;2867
FR;3;2022-01-17;2;335;8;0;9;4416167;3437775;4423;2;2876
FR;3;2022-01-18;2;381;1;0;2;4416169;3438156;4424;2;2878
FR;3;2022-01-19;2;336;5;0;10;4416171;3438492;4429;2;2888
FR;3;2022-01-20;1;365;5;0;3;4416172;3438857;4434;2;2891
FR;3;2022-01-21;4;353;5;0;7;4416176;3439210;4439;2;2898
FR;3;2022-01-22;2;230;1;0;2;4416178;3439440;4440;2;2900
FR;3;2022-01-23;0;81;0;0;1;4416178;3439521;4440;2;2901
FR;3;2022-01-24;2;331;1;0;6;4416180;3439852;4441;2;2907
FR;3;2022-01-25;0;180;0;0;0;4416180;3440032;4441;2;2907
FR;3;2022-01-26;0;80;0;0;0;4416180;3440112;4441;2;2907
FR;3;2022-01-27;0;54;0;0;0;4416180;3440166;4441;2;2907
FR;3;2022-01-28;0;123;0;0;0;4416180;3440289;4441;2;2907
FR;3;2022-01-29;0;101;0;0;0;4416180;3440390;4441;2;2907
FR;3;2022-01-30;0;51;0;0;0;4416180;3440441;4441;2;2907
FR;3;2022-01-31;0;95;0;0;0;4416180;3440536;4441;2;2907
FR;3;2022-02-01;0;101;0;0;1;4416180;3440637;4441;2;2908
FR;3;2022-02-02;0;87;0;0;0;4416180;3440724;4441;2;2908
FR;3;2022-02-03;0;96;0;0;0;4416180;3440820;4441;2;2908
FR;3;2022-02-04;0;117;0;0;0;4416180;3440937;4441;2;2908
FR;3;2022-02-05;0;71;0;0;0;4416180;3441008;4441;2;2908
FR;3;2022-02-06;0;11;0;0;0;4416180;3441019;4441;2;2908
FR;3;2022-02-07;0;83;0;0;0;4416180;3441102;4441;2;2908
FR;3;2022-02-08;0;0;0;0;0;4416180;3441102;4441;2;2908
FR;3;2022-02-09;0;0;0;0;0;4416180;3441102;4441;2;2908
FR;3;2022-02-10;0;0;0;0;0;4416180;3441102;4441;2;2908
FR;3;2022-02-11;0;0;0;0;0;4416180;3441102;4441;2;2908
FR;3;2022-02-12;0;0;0;0;0;4416180;3441102;4441;2;2908
FR;3;2022-02-13;0;0;0;0;0;4416180;3441102;4441;2;2908
FR;3;2022-02-14;0;0;0;0;0;4416180;3441102;4441;2;2908
FR;3;2022-02-15;0;0;0;0;0;4416180;3441102;4441;2;2908
FR;3;2022-02-16;0;0;0;0;0;4416180;3441102;4441;2;2908
FR;3;2022-02-17;0;0;0;0;0;4416180;3441102;4441;2;2908
FR;3;2022-02-18;0;0;0;0;0;4416180;3441102;4441;2;2908
FR;3;2022-02-19;0;0;0;0;0;4416180;3441102;4441;2;2908
FR;3;2022-02-20;0;0;0;0;0;4416180;3441102;4441;2;2908
FR;3;2022-02-21;2;0;0;0;0;4416182;3441102;4441;2;2908
FR;3;2022-02-22;0;0;0;0;0;4416182;3441102;4441;2;2908
FR;3;2022-02-23;0;0;0;0;0;4416182;3441102;4441;2;2908
FR;3;2022-02-24;0;0;0;0;0;4416182;3441102;4441;2;2908
FR;3;2022-02-25;0;0;0;0;0;4416182;3441102;4441;2;2908
FR;3;2022-02-26;0;0;0;0;0;4416182;3441102;4441;2;2908
FR;3;2022-02-27;0;0;0;0;0;4416182;3441102;4441;2;2908
FR;3;2022-02-28;1;0;0;0;0;4416183;3441102;4441;2;2908
FR;3;2022-03-01;1;0;0;0;0;4416184;3441102;4441;2;2908
FR;3;2022-03-02;0;0;0;0;0;4416184;3441102;4441;2;2908
FR;3;2022-03-03;0;0;0;0;0;4416184;3441102;4441;2;2908
FR;3;2022-03-04;0;0;0;0;0;4416184;3441102;4441;2;2908
FR;3;2022-03-05;0;0;0;0;0;4416184;3441102;4441;2;2908
FR;3;2022-03-06;1;0;0;0;0;4416185;3441102;4441;2;2908
FR;3;2022-03-07;0;0;0;0;0;4416185;3441102;4441;2;2908
FR;3;2022-03-08;1;0;0;0;0;4416186;3441102;4441;2;2908
FR;3;2022-03-09;0;0;0;0;0;4416186;3441102;4441;2;2908
FR;3;2022-03-10;0;0;0;0;0;4416186;3441102;4441;2;2908
FR;3;2022-03-11;0;0;0;0;0;4416186;3441102;4441;2;2908
FR;3;2022-03-12;0;0;0;0;0;4416186;3441102;4441;2;2908
FR;3;2022-03-13;0;0;0;0;0;4416186;3441102;4441;2;2908
FR;3;2022-03-14;0;0;0;0;0;4416186;3441102;4441;2;2908
FR;3;2022-03-15;0;0;0;0;0;4416186;3441102;4441;2;2908
FR;3;2022-03-16;0;0;0;0;0;4416186;3441102;4441;2;2908
FR;3;2022-03-17;0;0;0;0;0;4416186;3441102;4441;2;2908
FR;3;2022-03-18;0;0;0;0;0;4416186;3441102;4441;2;2908
FR;3;2022-03-19;0;0;0;0;0;4416186;3441102;4441;2;2908
FR;3;2022-03-20;1;0;0;0;0;4416187;3441102;4441;2;2908
FR;3;2022-03-21;0;0;0;0;0;4416187;3441102;4441;2;2908
FR;3;2022-03-22;0;0;0;0;0;4416187;3441102;4441;2;2908
FR;3;2022-03-23;1;0;0;0;0;4416188;3441102;4441;2;2908
FR;3;2022-03-24;0;0;0;0;0;4416188;3441102;4441;2;2908
FR;3;2022-03-25;1;0;0;0;0;4416189;3441102;4441;2;2908
FR;3;2022-03-26;0;0;0;0;0;4416189;3441102;4441;2;2908
FR;3;2022-03-27;0;0;0;0;0;4416189;3441102;4441;2;2908
FR;3;2022-03-28;0;0;0;0;0;4416189;3441102;4441;2;2908
FR;3;2022-03-29;0;0;0;0;0;4416189;3441102;4441;2;2908
FR;3;2022-03-30;0;0;0;0;0;4416189;3441102;4441;2;2908
FR;3;2022-03-31;0;0;0;0;0;4416189;3441102;4441;2;2908
FR;3;2022-04-01;0;0;0;0;0;4416189;3441102;4441;2;2908
FR;3;2022-04-02;0;0;0;0;0;4416189;3441102;4441;2;2908
FR;3;2022-04-03;0;0;0;0;0;4416189;3441102;4441;2;2908
FR;3;2022-04-04;0;0;0;0;0;4416189;3441102;4441;2;2908
FR;3;2022-04-05;0;0;0;0;0;4416189;3441102;4441;2;2908
FR;3;2022-04-06;0;0;0;0;0;4416189;3441102;4441;2;2908
FR;3;2022-04-07;0;0;0;0;0;4416189;3441102;4441;2;2908
FR;3;2022-04-08;0;0;0;0;0;4416189;3441102;4441;2;2908
FR;3;2022-04-09;0;0;0;0;0;4416189;3441102;4441;2;2908
FR;3;2022-04-10;0;0;0;0;0;4416189;3441102;4441;2;2908
FR;3;2022-04-11;0;0;0;0;0;4416189;3441102;4441;2;2908
FR;3;2022-04-12;0;0;0;0;0;4416189;3441102;4441;2;2908
FR;3;2022-04-13;0;0;0;0;0;4416189;3441102;4441;2;2908
FR;3;2022-04-14;0;0;0;0;0;4416189;3441102;4441;2;2908
FR;3;2022-04-15;1;0;0;0;0;4416190;3441102;4441;2;2908
FR;3;2022-04-16;0;0;0;0;0;4416190;3441102;4441;2;2908
FR;3;2022-04-17;0;0;0;0;0;4416190;3441102;4441;2;2908
FR;3;2022-04-18;0;0;0;0;0;4416190;3441102;4441;2;2908
FR;3;2022-04-19;0;0;0;0;0;4416190;3441102;4441;2;2908
FR;3;2022-04-20;0;0;0;0;0;4416190;3441102;4441;2;2908
FR;3;2022-04-21;0;0;0;0;0;4416190;3441102;4441;2;2908
FR;3;2022-04-22;0;0;0;0;0;4416190;3441102;4441;2;2908
FR;3;2022-04-23;0;0;0;0;0;4416190;3441102;4441;2;2908
FR;3;2022-04-24;0;0;0;0;0;4416190;3441102;4441;2;2908
FR;3;2022-04-25;0;0;0;0;0;4416190;3441102;4441;2;2908
FR;3;2022-04-26;0;0;0;0;0;4416190;3441102;4441;2;2908
FR;3;2022-04-27;0;0;0;0;0;4416190;3441102;4441;2;2908
FR;3;2022-04-28;0;0;0;0;0;4416190;3441102;4441;2;2908
FR;3;2022-04-29;0;0;0;0;0;4416190;3441102;4441;2;2908
FR;3;2022-04-30;0;0;0;0;0;4416190;3441102;4441;2;2908
FR;3;2022-05-01;0;0;0;0;0;4416190;3441102;4441;2;2908
FR;3;2022-05-02;0;0;0;0;0;4416190;3441102;4441;2;2908
FR;3;2022-05-03;0;0;0;0;0;4416190;3441102;4441;2;2908
FR;3;2022-05-04;0;0;0;0;0;4416190;3441102;4441;2;2908
FR;3;2022-05-05;0;0;0;0;0;4416190;3441102;4441;2;2908
FR;3;2022-05-06;0;0;0;0;0;4416190;3441102;4441;2;2908
FR;3;2022-05-07;0;0;0;0;0;4416190;3441102;4441;2;2908
FR;3;2022-05-08;0;0;0;0;0;4416190;3441102;4441;2;2908
FR;3;2022-05-09;0;0;0;0;0;4416190;3441102;4441;2;2908
FR;3;2022-05-10;0;0;0;0;0;4416190;3441102;4441;2;2908
FR;3;2022-05-11;0;0;0;0;0;4416190;3441102;4441;2;2908
FR;3;2022-05-12;0;0;0;0;0;4416190;3441102;4441;2;2908
FR;3;2022-05-13;0;0;0;0;0;4416190;3441102;4441;2;2908
FR;3;2022-05-14;1;0;0;0;0;4416191;3441102;4441;2;2908
FR;3;2022-05-15;0;0;0;0;0;4416191;3441102;4441;2;2908
FR;3;2022-05-16;0;0;0;0;0;4416191;3441102;4441;2;2908
FR;3;2022-05-17;0;0;0;0;0;4416191;3441102;4441;2;2908
FR;3;2022-05-18;0;0;0;0;0;4416191;3441102;4441;2;2908
FR;3;2022-05-19;0;0;0;0;0;4416191;3441102;4441;2;2908
FR;3;2022-05-20;0;0;0;0;0;4416191;3441102;4441;2;2908
FR;3;2022-05-21;0;0;0;0;0;4416191;3441102;4441;2;2908
FR;3;2022-05-22;0;0;0;0;0;4416191;3441102;4441;2;2908
FR;3;2022-05-23;0;0;0;0;0;4416191;3441102;4441;2;2908
FR;3;2022-05-24;0;0;0;0;0;4416191;3441102;4441;2;2908
FR;3;2022-05-25;0;0;0;0;0;4416191;3441102;4441;2;2908
FR;3;2022-05-26;0;0;0;0;0;4416191;3441102;4441;2;2908
FR;3;2022-05-27;0;0;0;0;0;4416191;3441102;4441;2;2908
FR;3;2022-05-28;0;0;0;0;0;4416191;3441102;4441;2;2908
FR;3;2022-05-29;0;0;0;0;0;4416191;3441102;4441;2;2908
FR;3;2022-05-30;0;0;0;0;0;4416191;3441102;4441;2;2908
FR;3;2022-05-31;0;0;0;0;0;4416191;3441102;4441;2;2908
FR;3;2022-06-01;0;0;0;0;0;4416191;3441102;4441;2;2908
FR;3;2022-06-02;0;0;0;0;0;4416191;3441102;4441;2;2908
FR;3;2022-06-03;0;0;0;0;0;4416191;3441102;4441;2;2908
FR;3;2022-06-04;0;0;0;0;0;4416191;3441102;4441;2;2908
FR;3;2022-06-05;0;0;0;0;0;4416191;3441102;4441;2;2908
FR;3;2022-06-06;0;0;0;0;0;4416191;3441102;4441;2;2908
FR;3;2022-06-07;0;0;0;0;0;4416191;3441102;4441;2;2908
FR;3;2022-06-08;0;0;0;0;0;4416191;3441102;4441;2;2908
FR;3;2022-06-09;0;0;0;0;0;4416191;3441102;4441;2;2908
FR;3;2022-06-10;0;0;0;0;0;4416191;3441102;4441;2;2908
FR;3;2022-06-11;0;0;0;0;0;4416191;3441102;4441;2;2908
FR;3;2022-06-12;0;0;0;0;0;4416191;3441102;4441;2;2908
FR;3;2022-06-13;1;0;0;0;0;4416192;3441102;4441;2;2908
FR;3;2022-06-14;0;0;0;0;0;4416192;3441102;4441;2;2908
FR;3;2022-06-15;0;0;0;0;0;4416192;3441102;4441;2;2908
FR;3;2022-06-16;0;0;0;0;0;4416192;3441102;4441;2;2908
FR;3;2022-06-17;0;0;0;0;0;4416192;3441102;4441;2;2908
FR;3;2022-06-18;0;0;0;0;0;4416192;3441102;4441;2;2908
FR;3;2022-06-19;0;0;0;0;0;4416192;3441102;4441;2;2908
FR;3;2022-06-20;0;0;0;0;0;4416192;3441102;4441;2;2908
FR;3;2022-06-21;0;0;0;0;0;4416192;3441102;4441;2;2908
FR;3;2022-06-22;0;0;0;0;0;4416192;3441102;4441;2;2908
FR;3;2022-06-23;0;0;0;0;0;4416192;3441102;4441;2;2908
FR;3;2022-06-24;0;0;0;0;0;4416192;3441102;4441;2;2908
FR;3;2022-06-25;0;0;0;0;0;4416192;3441102;4441;2;2908
FR;3;2022-06-26;0;0;0;0;0;4416192;3441102;4441;2;2908
FR;3;2022-06-27;0;0;0;0;0;4416192;3441102;4441;2;2908
FR;3;2022-06-28;0;0;0;0;0;4416192;3441102;4441;2;2908
FR;3;2022-06-29;1;0;0;0;0;4416193;3441102;4441;2;2908
FR;3;2022-06-30;0;0;0;0;0;4416193;3441102;4441;2;2908
FR;3;2022-07-01;0;0;0;0;0;4416193;3441102;4441;2;2908
FR;3;2022-07-02;0;0;0;0;0;4416193;3441102;4441;2;2908
FR;3;2022-07-03;0;0;0;0;0;4416193;3441102;4441;2;2908
FR;3;2022-07-04;0;0;0;0;0;4416193;3441102;4441;2;2908
FR;3;2022-07-05;0;0;0;0;0;4416193;3441102;4441;2;2908
FR;3;2022-07-06;0;0;0;0;0;4416193;3441102;4441;2;2908
FR;3;2022-07-07;0;0;0;0;0;4416193;3441102;4441;2;2908
FR;3;2022-07-08;0;0;0;0;0;4416193;3441102;4441;2;2908
FR;3;2022-07-09;0;0;0;0;0;4416193;3441102;4441;2;2908
FR;3;2022-07-10;0;0;0;0;0;4416193;3441102;4441;2;2908
FR;3;2022-07-11;0;0;0;0;0;4416193;3441102;4441;2;2908
FR;3;2022-07-12;0;0;0;0;0;4416193;3441102;4441;2;2908
FR;3;2022-07-13;0;0;0;0;0;4416193;3441102;4441;2;2908
FR;3;2022-07-14;0;0;0;0;0;4416193;3441102;4441;2;2908
FR;3;2022-07-15;0;0;0;0;0;4416193;3441102;4441;2;2908
FR;3;2022-07-16;0;0;0;0;0;4416193;3441102;4441;2;2908
FR;3;2022-07-17;0;0;0;0;0;4416193;3441102;4441;2;2908
FR;3;2022-07-18;0;0;0;0;0;4416193;3441102;4441;2;2908
FR;3;2022-07-19;0;0;0;0;0;4416193;3441102;4441;2;2908
FR;3;2022-07-20;0;0;0;0;0;4416193;3441102;4441;2;2908
FR;3;2022-07-21;0;0;0;0;0;4416193;3441102;4441;2;2908
FR;3;2022-07-22;0;0;0;0;0;4416193;3441102;4441;2;2908
FR;3;2022-07-23;0;0;0;0;0;4416193;3441102;4441;2;2908
FR;3;2022-07-24;0;0;0;0;0;4416193;3441102;4441;2;2908
FR;3;2022-07-25;0;0;0;0;0;4416193;3441102;4441;2;2908
FR;3;2022-07-26;0;0;0;0;0;4416193;3441102;4441;2;2908
FR;3;2022-07-27;0;0;0;0;0;4416193;3441102;4441;2;2908
FR;3;2022-07-28;0;0;0;0;0;4416193;3441102;4441;2;2908
FR;3;2022-07-29;0;0;0;0;0;4416193;3441102;4441;2;2908
FR;3;2022-07-30;0;0;0;0;0;4416193;3441102;4441;2;2908
FR;3;2022-07-31;0;0;0;0;0;4416193;3441102;4441;2;2908
FR;3;2022-08-01;0;0;0;0;0;4416193;3441102;4441;2;2908
FR;3;2022-08-02;0;0;0;0;0;4416193;3441102;4441;2;2908
FR;3;2022-08-03;0;0;0;0;0;4416193;3441102;4441;2;2908
FR;3;2022-08-04;0;0;0;0;0;4416193;3441102;4441;2;2908
FR;3;2022-08-05;0;0;0;0;0;4416193;3441102;4441;2;2908
FR;3;2022-08-06;0;0;0;0;0;4416193;3441102;4441;2;2908
FR;3;2022-08-07;0;0;0;0;0;4416193;3441102;4441;2;2908
FR;3;2022-08-08;0;0;0;0;0;4416193;3441102;4441;2;2908
FR;3;2022-08-09;0;0;0;0;0;4416193;3441102;4441;2;2908
FR;3;2022-08-10;0;0;0;0;0;4416193;3441102;4441;2;2908
FR;3;2022-08-11;0;0;0;0;0;4416193;3441102;4441;2;2908
FR;3;2022-08-12;0;0;0;0;0;4416193;3441102;4441;2;2908
FR;3;2022-08-13;0;0;0;0;0;4416193;3441102;4441;2;2908
FR;3;2022-08-14;0;0;0;0;0;4416193;3441102;4441;2;2908
FR;3;2022-08-15;0;0;0;0;0;4416193;3441102;4441;2;2908
FR;3;2022-08-16;0;0;0;0;0;4416193;3441102;4441;2;2908
FR;3;2022-08-17;0;0;0;0;0;4416193;3441102;4441;2;2908
FR;3;2022-08-18;0;0;0;0;0;4416193;3441102;4441;2;2908
FR;3;2022-08-19;0;0;0;0;0;4416193;3441102;4441;2;2908
FR;3;2022-08-20;0;0;0;0;0;4416193;3441102;4441;2;2908
FR;3;2022-08-21;0;0;0;0;0;4416193;3441102;4441;2;2908
FR;3;2022-08-22;0;0;0;0;0;4416193;3441102;4441;2;2908
FR;3;2022-08-23;0;0;0;0;0;4416193;3441102;4441;2;2908
FR;3;2022-08-24;0;0;0;0;0;4416193;3441102;4441;2;2908
FR;3;2022-08-25;0;0;0;0;0;4416193;3441102;4441;2;2908
FR;3;2022-08-26;0;0;0;0;0;4416193;3441102;4441;2;2908
FR;3;2022-08-27;0;0;0;0;0;4416193;3441102;4441;2;2908
FR;3;2022-08-28;0;0;0;0;0;4416193;3441102;4441;2;2908
FR;3;2022-08-29;0;0;0;0;0;4416193;3441102;4441;2;2908
FR;3;2022-08-30;0;0;0;0;0;4416193;3441102;4441;2;2908
FR;3;2022-08-31;0;0;0;0;0;4416193;3441102;4441;2;2908
FR;3;2022-09-01;0;0;0;0;0;4416193;3441102;4441;2;2908
FR;3;2022-09-02;0;0;0;0;0;4416193;3441102;4441;2;2908
FR;3;2022-09-03;0;0;0;0;0;4416193;3441102;4441;2;2908
FR;3;2022-09-04;0;0;0;0;0;4416193;3441102;4441;2;2908
FR;3;2022-09-05;0;0;0;0;0;4416193;3441102;4441;2;2908
FR;3;2022-09-06;0;0;0;0;0;4416193;3441102;4441;2;2908
FR;3;2022-09-07;0;0;0;0;0;4416193;3441102;4441;2;2908
FR;3;2022-09-08;0;0;0;0;0;4416193;3441102;4441;2;2908
FR;3;2022-09-09;0;0;0;0;0;4416193;3441102;4441;2;2908
FR;3;2022-09-10;0;0;0;0;0;4416193;3441102;4441;2;2908
FR;3;2022-09-11;0;0;0;0;0;4416193;3441102;4441;2;2908
FR;3;2022-09-12;0;0;0;0;0;4416193;3441102;4441;2;2908
FR;3;2022-09-13;0;0;0;0;0;4416193;3441102;4441;2;2908
FR;3;2022-09-14;0;0;0;0;0;4416193;3441102;4441;2;2908
FR;3;2022-09-15;0;0;0;0;0;4416193;3441102;4441;2;2908
FR;3;2022-09-16;0;0;0;0;0;4416193;3441102;4441;2;2908
FR;3;2022-09-17;0;0;0;0;0;4416193;3441102;4441;2;2908
FR;3;2022-09-18;0;0;0;0;0;4416193;3441102;4441;2;2908
FR;3;2022-09-19;0;0;0;0;0;4416193;3441102;4441;2;2908
FR;3;2022-09-20;0;0;0;0;0;4416193;3441102;4441;2;2908
FR;3;2022-09-21;0;0;0;0;0;4416193;3441102;4441;2;2908
FR;3;2022-09-22;0;0;0;0;0;4416193;3441102;4441;2;2908
FR;3;2022-09-23;0;0;0;0;0;4416193;3441102;4441;2;2908
FR;3;2022-09-24;0;0;0;0;0;4416193;3441102;4441;2;2908
FR;3;2022-09-25;0;0;0;0;0;4416193;3441102;4441;2;2908
FR;3;2022-09-26;0;0;0;0;0;4416193;3441102;4441;2;2908
FR;3;2022-09-27;0;0;0;0;0;4416193;3441102;4441;2;2908
FR;3;2022-09-28;0;0;0;0;0;4416193;3441102;4441;2;2908
FR;3;2022-09-29;0;0;0;0;0;4416193;3441102;4441;2;2908
FR;4;2020-12-27;0;0;0;0;0;0;0;0;0;0
FR;4;2020-12-28;0;0;0;0;0;0;0;0;0;0
FR;4;2020-12-29;0;0;0;0;0;0;0;0;0;0
FR;4;2020-12-30;0;0;0;0;0;0;0;0;0;0
FR;4;2020-12-31;0;0;0;0;0;0;0;0;0;0
FR;4;2021-01-01;0;0;0;0;0;0;0;0;0;0
FR;4;2021-01-02;0;0;0;0;0;0;0;0;0;0
FR;4;2021-01-03;0;0;0;0;0;0;0;0;0;0
FR;4;2021-01-04;0;0;0;0;0;0;0;0;0;0
FR;4;2021-01-05;0;0;0;0;0;0;0;0;0;0
FR;4;2021-01-06;0;0;0;0;0;0;0;0;0;0
FR;4;2021-01-07;0;0;0;0;0;0;0;0;0;0
FR;4;2021-01-08;0;0;0;0;0;0;0;0;0;0
FR;4;2021-01-09;0;0;0;0;0;0;0;0;0;0
FR;4;2021-01-10;0;0;0;0;0;0;0;0;0;0
FR;4;2021-01-11;0;0;0;0;0;0;0;0;0;0
FR;4;2021-01-12;0;0;0;0;0;0;0;0;0;0
FR;4;2021-01-13;0;0;0;0;0;0;0;0;0;0
FR;4;2021-01-14;0;0;0;0;0;0;0;0;0;0
FR;4;2021-01-15;0;0;0;0;0;0;0;0;0;0
FR;4;2021-01-16;0;0;0;0;0;0;0;0;0;0
FR;4;2021-01-17;0;0;0;0;0;0;0;0;0;0
FR;4;2021-01-18;0;0;0;0;0;0;0;0;0;0
FR;4;2021-01-19;0;0;0;0;0;0;0;0;0;0
FR;4;2021-01-20;0;0;0;0;0;0;0;0;0;0
FR;4;2021-01-21;0;0;0;0;0;0;0;0;0;0
FR;4;2021-01-22;0;0;0;0;0;0;0;0;0;0
FR;4;2021-01-23;0;0;0;0;0;0;0;0;0;0
FR;4;2021-01-24;0;0;0;0;0;0;0;0;0;0
FR;4;2021-01-25;0;0;0;0;0;0;0;0;0;0
FR;4;2021-01-26;0;0;0;0;0;0;0;0;0;0
FR;4;2021-01-27;0;0;0;0;0;0;0;0;0;0
FR;4;2021-01-28;0;0;0;0;0;0;0;0;0;0
FR;4;2021-01-29;0;0;0;0;0;0;0;0;0;0
FR;4;2021-01-30;0;0;0;0;0;0;0;0;0;0
FR;4;2021-01-31;0;0;0;0;0;0;0;0;0;0
FR;4;2021-02-01;0;0;0;0;0;0;0;0;0;0
FR;4;2021-02-02;0;0;0;0;0;0;0;0;0;0
FR;4;2021-02-03;0;0;0;0;0;0;0;0;0;0
FR;4;2021-02-04;0;0;0;0;0;0;0;0;0;0
FR;4;2021-02-05;0;0;0;0;0;0;0;0;0;0
FR;4;2021-02-06;0;0;0;0;0;0;0;0;0;0
FR;4;2021-02-07;0;0;0;0;0;0;0;0;0;0
FR;4;2021-02-08;0;0;0;0;0;0;0;0;0;0
FR;4;2021-02-09;0;0;0;0;0;0;0;0;0;0
FR;4;2021-02-10;0;0;0;0;0;0;0;0;0;0
FR;4;2021-02-11;0;0;0;0;0;0;0;0;0;0
FR;4;2021-02-12;0;0;0;0;0;0;0;0;0;0
FR;4;2021-02-13;0;0;0;0;0;0;0;0;0;0
FR;4;2021-02-14;0;0;0;0;0;0;0;0;0;0
FR;4;2021-02-15;0;0;0;0;0;0;0;0;0;0
FR;4;2021-02-16;0;0;0;0;0;0;0;0;0;0
FR;4;2021-02-17;0;0;0;0;0;0;0;0;0;0
FR;4;2021-02-18;0;0;0;0;0;0;0;0;0;0
FR;4;2021-02-19;0;0;0;0;0;0;0;0;0;0
FR;4;2021-02-20;0;0;0;0;0;0;0;0;0;0
FR;4;2021-02-21;0;0;0;0;0;0;0;0;0;0
FR;4;2021-02-22;0;0;0;0;0;0;0;0;0;0
FR;4;2021-02-23;0;0;0;0;0;0;0;0;0;0
FR;4;2021-02-24;0;0;0;0;0;0;0;0;0;0
FR;4;2021-02-25;0;0;0;0;0;0;0;0;0;0
FR;4;2021-02-26;0;0;0;0;0;0;0;0;0;0
FR;4;2021-02-27;0;0;0;0;0;0;0;0;0;0
FR;4;2021-02-28;0;0;0;0;0;0;0;0;0;0
FR;4;2021-03-01;0;0;0;0;0;0;0;0;0;0
FR;4;2021-03-02;0;0;0;0;0;0;0;0;0;0
FR;4;2021-03-03;0;0;0;0;0;0;0;0;0;0
FR;4;2021-03-04;0;0;0;0;0;0;0;0;0;0
FR;4;2021-03-05;0;0;0;0;0;0;0;0;0;0
FR;4;2021-03-06;0;0;0;0;0;0;0;0;0;0
FR;4;2021-03-07;0;0;0;0;0;0;0;0;0;0
FR;4;2021-03-08;0;0;0;0;0;0;0;0;0;0
FR;4;2021-03-09;0;0;0;0;0;0;0;0;0;0
FR;4;2021-03-10;0;0;0;0;0;0;0;0;0;0
FR;4;2021-03-11;0;0;0;0;0;0;0;0;0;0
FR;4;2021-03-12;0;0;0;0;0;0;0;0;0;0
FR;4;2021-03-13;0;0;0;0;0;0;0;0;0;0
FR;4;2021-03-14;0;0;0;0;0;0;0;0;0;0
FR;4;2021-03-15;0;0;0;0;0;0;0;0;0;0
FR;4;2021-03-16;0;0;0;0;0;0;0;0;0;0
FR;4;2021-03-17;0;0;0;0;0;0;0;0;0;0
FR;4;2021-03-18;0;0;0;0;0;0;0;0;0;0
FR;4;2021-03-19;0;0;0;0;0;0;0;0;0;0
FR;4;2021-03-20;0;0;0;0;0;0;0;0;0;0
FR;4;2021-03-21;0;0;0;0;0;0;0;0;0;0
FR;4;2021-03-22;0;0;0;0;0;0;0;0;0;0
FR;4;2021-03-23;0;0;0;0;0;0;0;0;0;0
FR;4;2021-03-24;0;0;0;0;0;0;0;0;0;0
FR;4;2021-03-25;0;0;0;0;0;0;0;0;0;0
FR;4;2021-03-26;0;0;0;0;0;0;0;0;0;0
FR;4;2021-03-27;0;0;0;0;0;0;0;0;0;0
FR;4;2021-03-28;0;0;0;0;0;0;0;0;0;0
FR;4;2021-03-29;0;0;0;0;0;0;0;0;0;0
FR;4;2021-03-30;0;0;0;0;0;0;0;0;0;0
FR;4;2021-03-31;0;0;0;0;0;0;0;0;0;0
FR;4;2021-04-01;0;0;0;0;0;0;0;0;0;0
FR;4;2021-04-02;0;0;0;0;0;0;0;0;0;0
FR;4;2021-04-03;0;0;0;0;0;0;0;0;0;0
FR;4;2021-04-04;0;0;0;0;0;0;0;0;0;0
FR;4;2021-04-05;0;0;0;0;0;0;0;0;0;0
FR;4;2021-04-06;0;0;0;0;0;0;0;0;0;0
FR;4;2021-04-07;0;0;0;0;0;0;0;0;0;0
FR;4;2021-04-08;0;0;0;0;0;0;0;0;0;0
FR;4;2021-04-09;0;0;0;0;0;0;0;0;0;0
FR;4;2021-04-10;0;0;0;0;0;0;0;0;0;0
FR;4;2021-04-11;0;0;0;0;0;0;0;0;0;0
FR;4;2021-04-12;0;0;0;0;0;0;0;0;0;0
FR;4;2021-04-13;0;0;0;0;0;0;0;0;0;0
FR;4;2021-04-14;0;0;0;0;0;0;0;0;0;0
FR;4;2021-04-15;0;0;0;0;0;0;0;0;0;0
FR;4;2021-04-16;0;0;0;0;0;0;0;0;0;0
FR;4;2021-04-17;0;0;0;0;0;0;0;0;0;0
FR;4;2021-04-18;0;0;0;0;0;0;0;0;0;0
FR;4;2021-04-19;0;0;0;0;0;0;0;0;0;0
FR;4;2021-04-20;0;0;0;0;0;0;0;0;0;0
FR;4;2021-04-21;0;0;0;0;0;0;0;0;0;0
FR;4;2021-04-22;0;0;0;0;0;0;0;0;0;0
FR;4;2021-04-23;3832;0;0;0;0;3832;0;0;0;0
FR;4;2021-04-24;1569;0;0;0;0;5401;0;0;0;0
FR;4;2021-04-25;125;0;0;0;0;5526;0;0;0;0
FR;4;2021-04-26;2869;1;0;0;0;8395;1;0;0;0
FR;4;2021-04-27;9520;3;0;0;0;17915;4;0;0;0
FR;4;2021-04-28;9906;6;0;0;0;27821;10;0;0;0
FR;4;2021-04-29;15991;8;0;0;0;43812;18;0;0;0
FR;4;2021-04-30;19233;10;0;0;0;63045;28;0;0;0
FR;4;2021-05-01;1993;6;0;0;0;65038;34;0;0;0
FR;4;2021-05-02;483;0;0;0;0;65521;34;0;0;0
FR;4;2021-05-03;5064;2;0;0;0;70585;36;0;0;0
FR;4;2021-05-04;8402;11;0;0;0;78987;47;0;0;0
FR;4;2021-05-05;6189;7;0;0;0;85176;54;0;0;0
FR;4;2021-05-06;11385;11;0;0;0;96561;65;0;0;0
FR;4;2021-05-07;19124;9;0;0;0;115685;74;0;0;0
FR;4;2021-05-08;2378;6;0;0;0;118063;80;0;0;0
FR;4;2021-05-09;688;3;0;0;0;118751;83;0;0;0
FR;4;2021-05-10;7243;5;1;0;0;125994;88;1;0;0
FR;4;2021-05-11;14321;12;0;0;0;140315;100;1;0;0
FR;4;2021-05-12;10172;15;0;0;0;150487;115;1;0;0
FR;4;2021-05-13;1583;4;0;0;0;152070;119;1;0;0
FR;4;2021-05-14;7766;7;0;0;0;159836;126;1;0;0
FR;4;2021-05-15;3720;8;1;0;0;163556;134;2;0;0
FR;4;2021-05-16;417;1;0;0;0;163973;135;2;0;0
FR;4;2021-05-17;4478;6;0;0;0;168451;141;2;0;0
FR;4;2021-05-18;8762;10;0;0;0;177213;151;2;0;0
FR;4;2021-05-19;5693;7;0;0;0;182906;158;2;0;0
FR;4;2021-05-20;9483;8;0;0;0;192389;166;2;0;0
FR;4;2021-05-21;12803;30;0;0;0;205192;196;2;0;0
FR;4;2021-05-22;5058;15;0;0;0;210250;211;2;0;0
FR;4;2021-05-23;494;4;0;0;0;210744;215;2;0;0
FR;4;2021-05-24;1058;7;0;0;0;211802;222;2;0;0
FR;4;2021-05-25;7632;16;0;0;0;219434;238;2;0;0
FR;4;2021-05-26;7728;16;0;0;0;227162;254;2;0;0
FR;4;2021-05-27;14333;35;0;0;0;241495;289;2;0;0
FR;4;2021-05-28;26591;82;1;0;0;268086;371;3;0;0
FR;4;2021-05-29;11385;18;0;0;0;279471;389;3;0;0
FR;4;2021-05-30;973;6;0;0;0;280444;395;3;0;0
FR;4;2021-05-31;12693;21;0;0;0;293137;416;3;0;0
FR;4;2021-06-01;20263;47;1;0;0;313400;463;4;0;0
FR;4;2021-06-02;14520;33;0;0;0;327920;496;4;0;0
FR;4;2021-06-03;19427;24;1;0;0;347347;520;5;0;0
FR;4;2021-06-04;22515;47;0;0;0;369862;567;5;0;0
FR;4;2021-06-05;9714;32;0;0;0;379576;599;5;0;0
FR;4;2021-06-06;1039;1;0;0;0;380615;600;5;0;0
FR;4;2021-06-07;9227;19;0;0;0;389842;619;5;0;0
FR;4;2021-06-08;14613;31;0;0;0;404455;650;5;0;0
FR;4;2021-06-09;12206;25;0;0;0;416661;675;5;0;0
FR;4;2021-06-10;15405;30;0;0;0;432066;705;5;0;0
FR;4;2021-06-11;16984;56;0;0;0;449050;761;5;0;0
FR;4;2021-06-12;7449;27;0;0;0;456499;788;5;0;0
FR;4;2021-06-13;907;3;0;0;0;457406;791;5;0;0
FR;4;2021-06-14;6649;26;0;0;0;464055;817;5;0;0
FR;4;2021-06-15;10890;37;0;0;0;474945;854;5;0;0
FR;4;2021-06-16;8908;16;0;0;0;483853;870;5;0;0
FR;4;2021-06-17;10898;37;0;0;0;494751;907;5;0;0
FR;4;2021-06-18;12422;45;0;0;0;507173;952;5;0;0
FR;4;2021-06-19;5567;25;0;0;0;512740;977;5;0;0
FR;4;2021-06-20;824;5;0;0;0;513564;982;5;0;0
FR;4;2021-06-21;5099;20;0;0;0;518663;1002;5;0;0
FR;4;2021-06-22;7911;28;2;0;0;526574;1030;7;0;0
FR;4;2021-06-23;7100;41;2;0;0;533674;1071;9;0;0
FR;4;2021-06-24;8652;46;1;0;0;542326;1117;10;0;0
FR;4;2021-06-25;10171;40;2;0;0;552497;1157;12;0;0
FR;4;2021-06-26;4848;21;0;0;0;557345;1178;12;0;0
FR;4;2021-06-27;764;4;0;0;0;558109;1182;12;0;0
FR;4;2021-06-28;4830;16;1;0;0;562939;1198;13;0;0
FR;4;2021-06-29;7108;28;2;0;0;570047;1226;15;0;0
FR;4;2021-06-30;6721;39;2;0;0;576768;1265;17;0;0
FR;4;2021-07-01;8206;42;0;0;0;584974;1307;17;0;0
FR;4;2021-07-02;9427;53;1;0;0;594401;1360;18;0;0
FR;4;2021-07-03;4846;20;0;0;0;599247;1380;18;0;0
FR;4;2021-07-04;689;5;0;0;0;599936;1385;18;0;0
FR;4;2021-07-05;4772;19;2;0;0;604708;1404;20;0;0
FR;4;2021-07-06;7725;28;4;0;0;612433;1432;24;0;0
FR;4;2021-07-07;7084;34;2;0;0;619517;1466;26;0;0
FR;4;2021-07-08;9231;39;2;0;0;628748;1505;28;0;0
FR;4;2021-07-09;10278;34;1;0;0;639026;1539;29;0;0
FR;4;2021-07-10;4638;14;2;0;0;643664;1553;31;0;0
FR;4;2021-07-11;583;4;1;0;0;644247;1557;32;0;0
FR;4;2021-07-12;5874;29;0;0;0;650121;1586;32;0;0
FR;4;2021-07-13;14232;29;0;0;0;664353;1615;32;0;0
FR;4;2021-07-14;2289;15;0;0;0;666642;1630;32;0;0
FR;4;2021-07-15;18235;36;0;0;0;684877;1666;32;0;0
FR;4;2021-07-16;22835;71;2;0;0;707712;1737;34;0;0
FR;4;2021-07-17;9736;20;0;0;0;717448;1757;34;0;0
FR;4;2021-07-18;1356;4;0;0;0;718804;1761;34;0;0
FR;4;2021-07-19;12989;30;1;0;0;731793;1791;35;0;0
FR;4;2021-07-20;17343;26;1;0;0;749136;1817;36;0;0
FR;4;2021-07-21;15616;33;0;0;0;764752;1850;36;0;0
FR;4;2021-07-22;18244;44;2;0;0;782996;1894;38;0;0
FR;4;2021-07-23;20415;57;7;0;0;803411;1951;45;0;0
FR;4;2021-07-24;9289;32;0;0;0;812700;1983;45;0;0
FR;4;2021-07-25;1354;8;0;0;0;814054;1991;45;0;0
FR;4;2021-07-26;11041;22;0;0;0;825095;2013;45;0;0
FR;4;2021-07-27;14678;35;3;0;0;839773;2048;48;0;0
FR;4;2021-07-28;12930;26;2;0;0;852703;2074;50;0;0
FR;4;2021-07-29;14088;54;4;0;0;866791;2128;54;0;0
FR;4;2021-07-30;15497;46;2;0;0;882288;2174;56;0;0
FR;4;2021-07-31;6840;14;2;0;0;889128;2188;58;0;0
FR;4;2021-08-01;905;1;0;0;0;890033;2189;58;0;0
FR;4;2021-08-02;7916;31;0;0;0;897949;2220;58;0;0
FR;4;2021-08-03;10798;31;2;0;0;908747;2251;60;0;0
FR;4;2021-08-04;9745;29;0;0;0;918492;2280;60;0;0
FR;4;2021-08-05;9823;41;0;0;0;928315;2321;60;0;0
FR;4;2021-08-06;10197;31;3;0;0;938512;2352;63;0;0
FR;4;2021-08-07;5098;30;1;0;0;943610;2382;64;0;0
FR;4;2021-08-08;1219;13;0;0;0;944829;2395;64;0;0
FR;4;2021-08-09;6345;31;0;0;0;951174;2426;64;0;0
FR;4;2021-08-10;8749;18;0;0;0;959923;2444;64;0;0
FR;4;2021-08-11;7942;34;4;0;0;967865;2478;68;0;0
FR;4;2021-08-12;8584;30;1;0;0;976449;2508;69;0;0
FR;4;2021-08-13;7557;25;0;1;0;984006;2533;69;1;0
FR;4;2021-08-14;3791;20;0;0;0;987797;2553;69;1;0
FR;4;2021-08-15;771;5;0;0;0;988568;2558;69;1;0
FR;4;2021-08-16;4008;17;0;0;0;992576;2575;69;1;0
FR;4;2021-08-17;5628;17;1;0;0;998204;2592;70;1;0
FR;4;2021-08-18;5166;37;0;0;0;1003370;2629;70;1;0
FR;4;2021-08-19;5486;33;3;0;0;1008856;2662;73;1;0
FR;4;2021-08-20;5222;25;1;0;0;1014078;2687;74;1;0
FR;4;2021-08-21;2310;21;1;0;0;1016388;2708;75;1;0
FR;4;2021-08-22;414;2;0;0;0;1016802;2710;75;1;0
FR;4;2021-08-23;2932;19;1;0;0;1019734;2729;76;1;0
FR;4;2021-08-24;3757;15;0;0;0;1023491;2744;76;1;0
FR;4;2021-08-25;3542;25;1;0;0;1027033;2769;77;1;0
FR;4;2021-08-26;3713;21;2;0;0;1030746;2790;79;1;0
FR;4;2021-08-27;3617;31;2;0;0;1034363;2821;81;1;0
FR;4;2021-08-28;1725;10;1;0;0;1036088;2831;82;1;0
FR;4;2021-08-29;384;7;1;0;0;1036472;2838;83;1;0
FR;4;2021-08-30;2009;25;0;0;15;1038481;2863;83;1;15
FR;4;2021-08-31;2485;21;0;0;14;1040966;2884;83;1;29
FR;4;2021-09-01;2083;38;1;0;21;1043049;2922;84;1;50
FR;4;2021-09-02;2305;31;4;0;18;1045354;2953;88;1;68
FR;4;2021-09-03;2362;44;5;0;36;1047716;2997;93;1;104
FR;4;2021-09-04;1373;17;0;0;8;1049089;3014;93;1;112
FR;4;2021-09-05;433;2;0;0;2;1049522;3016;93;1;114
FR;4;2021-09-06;1712;61;0;0;22;1051234;3077;93;1;136
FR;4;2021-09-07;1678;18;0;0;8;1052912;3095;93;1;144
FR;4;2021-09-08;1285;26;3;0;19;1054197;3121;96;1;163
FR;4;2021-09-09;1388;23;2;0;9;1055585;3144;98;1;172
FR;4;2021-09-10;1521;31;2;0;23;1057106;3175;100;1;195
FR;4;2021-09-11;744;11;0;0;3;1057850;3186;100;1;198
FR;4;2021-09-12;169;4;0;0;3;1058019;3190;100;1;201
FR;4;2021-09-13;1321;22;1;0;16;1059340;3212;101;1;217
FR;4;2021-09-14;1502;9;2;0;6;1060842;3221;103;1;223
FR;4;2021-09-15;1095;27;1;0;24;1061937;3248;104;1;247
FR;4;2021-09-16;1104;22;2;0;15;1063041;3270;106;1;262
FR;4;2021-09-17;896;21;1;0;12;1063937;3291;107;1;274
FR;4;2021-09-18;464;6;1;0;5;1064401;3297;108;1;279
FR;4;2021-09-19;182;3;0;0;2;1064583;3300;108;1;281
FR;4;2021-09-20;453;19;0;0;13;1065036;3319;108;1;294
FR;4;2021-09-21;432;11;0;0;7;1065468;3330;108;1;301
FR;4;2021-09-22;374;19;2;0;13;1065842;3349;110;1;314
FR;4;2021-09-23;483;16;1;0;15;1066325;3365;111;1;329
FR;4;2021-09-24;412;13;2;0;9;1066737;3378;113;1;338
FR;4;2021-09-25;280;10;1;0;5;1067017;3388;114;1;343
FR;4;2021-09-26;74;2;0;0;1;1067091;3390;114;1;344
FR;4;2021-09-27;263;10;1;0;8;1067354;3400;115;1;352
FR;4;2021-09-28;318;8;0;0;8;1067672;3408;115;1;360
FR;4;2021-09-29;375;19;1;0;13;1068047;3427;116;1;373
FR;4;2021-09-30;364;40;0;0;21;1068411;3467;116;1;394
FR;4;2021-10-01;411;56;0;0;50;1068822;3523;116;1;444
FR;4;2021-10-02;196;22;1;0;13;1069018;3545;117;1;457
FR;4;2021-10-03;85;1;0;0;0;1069103;3546;117;1;457
FR;4;2021-10-04;359;20;1;0;16;1069462;3566;118;1;473
FR;4;2021-10-05;286;19;2;0;15;1069748;3585;120;1;488
FR;4;2021-10-06;247;23;1;0;18;1069995;3608;121;1;506
FR;4;2021-10-07;265;25;2;0;13;1070260;3633;123;1;519
FR;4;2021-10-08;356;24;2;0;20;1070616;3657;125;1;539
FR;4;2021-10-09;194;6;6;0;7;1070810;3663;131;1;546
FR;4;2021-10-10;97;3;2;0;3;1070907;3666;133;1;549
FR;4;2021-10-11;249;15;1;0;14;1071156;3681;134;1;563
FR;4;2021-10-12;208;14;0;0;13;1071364;3695;134;1;576
FR;4;2021-10-13;219;28;1;0;25;1071583;3723;135;1;601
FR;4;2021-10-14;312;21;4;0;15;1071895;3744;139;1;616
FR;4;2021-10-15;322;24;5;0;25;1072217;3768;144;1;641
FR;4;2021-10-16;166;6;2;0;6;1072383;3774;146;1;647
FR;4;2021-10-17;70;2;0;0;1;1072453;3776;146;1;648
FR;4;2021-10-18;281;15;1;0;12;1072734;3791;147;1;660
FR;4;2021-10-19;214;14;2;0;15;1072948;3805;149;1;675
FR;4;2021-10-20;230;27;4;0;15;1073178;3832;153;1;690
FR;4;2021-10-21;242;17;0;0;13;1073420;3849;153;1;703
FR;4;2021-10-22;217;25;2;0;20;1073637;3874;155;1;723
FR;4;2021-10-23;116;16;1;0;15;1073753;3890;156;1;738
FR;4;2021-10-24;38;4;0;0;1;1073791;3894;156;1;739
FR;4;2021-10-25;214;7;2;0;9;1074005;3901;158;1;748
FR;4;2021-10-26;200;14;0;0;12;1074205;3915;158;1;760
FR;4;2021-10-27;196;11;4;0;11;1074401;3926;162;1;771
FR;4;2021-10-28;184;18;4;0;21;1074585;3944;166;1;792
FR;4;2021-10-29;224;15;2;0;13;1074809;3959;168;1;805
FR;4;2021-10-30;102;2;1;0;2;1074911;3961;169;1;807
FR;4;2021-10-31;57;3;2;0;3;1074968;3964;171;1;810
FR;4;2021-11-01;75;27;4;0;24;1075043;3991;175;1;834
FR;4;2021-11-02;160;20;2;0;21;1075203;4011;177;1;855
FR;4;2021-11-03;129;20;8;1;18;1075332;4031;185;2;873
FR;4;2021-11-04;183;15;1;0;12;1075515;4046;186;2;885
FR;4;2021-11-05;130;17;1;0;16;1075645;4063;187;2;901
FR;4;2021-11-06;80;6;1;0;6;1075725;4069;188;2;907
FR;4;2021-11-07;81;2;2;0;4;1075806;4071;190;2;911
FR;4;2021-11-08;159;20;1;0;20;1075965;4091;191;2;931
FR;4;2021-11-09;156;14;3;0;16;1076121;4105;194;2;947
FR;4;2021-11-10;119;30;6;0;32;1076240;4135;200;2;979
FR;4;2021-11-11;98;10;1;0;11;1076338;4145;201;2;990
FR;4;2021-11-12;105;19;2;0;18;1076443;4164;203;2;1008
FR;4;2021-11-13;74;15;2;0;14;1076517;4179;205;2;1022
FR;4;2021-11-14;54;5;4;0;8;1076571;4184;209;2;1030
FR;4;2021-11-15;99;26;2;0;24;1076670;4210;211;2;1054
FR;4;2021-11-16;105;13;2;0;15;1076775;4223;213;2;1069
FR;4;2021-11-17;119;30;4;0;30;1076894;4253;217;2;1099
FR;4;2021-11-18;100;34;13;0;42;1076994;4287;230;2;1141
FR;4;2021-11-19;87;21;3;0;22;1077081;4308;233;2;1163
FR;4;2021-11-20;77;8;1;0;8;1077158;4316;234;2;1171
FR;4;2021-11-21;67;7;2;0;9;1077225;4323;236;2;1180
FR;4;2021-11-22;106;28;9;0;33;1077331;4351;245;2;1213
FR;4;2021-11-23;76;31;5;0;28;1077407;4382;250;2;1241
FR;4;2021-11-24;88;23;11;0;24;1077495;4405;261;2;1265
FR;4;2021-11-25;93;28;16;0;32;1077588;4433;277;2;1297
FR;4;2021-11-26;84;43;12;0;45;1077672;4476;289;2;1342
FR;4;2021-11-27;41;22;15;0;25;1077713;4498;304;2;1367
FR;4;2021-11-28;50;8;0;0;7;1077763;4506;304;2;1374
FR;4;2021-11-29;89;31;16;0;40;1077852;4537;320;2;1414
FR;4;2021-11-30;74;37;12;0;41;1077926;4574;332;2;1455
FR;4;2021-12-01;88;60;19;0;67;1078014;4634;351;2;1522
FR;4;2021-12-02;105;48;19;0;53;1078119;4682;370;2;1575
FR;4;2021-12-03;100;36;15;0;44;1078219;4718;385;2;1619
FR;4;2021-12-04;72;31;18;0;44;1078291;4749;403;2;1663
FR;4;2021-12-05;62;6;1;0;7;1078353;4755;404;2;1670
FR;4;2021-12-06;107;46;19;0;59;1078460;4801;423;2;1729
FR;4;2021-12-07;81;37;9;0;36;1078541;4838;432;2;1765
FR;4;2021-12-08;70;31;16;0;37;1078611;4869;448;2;1802
FR;4;2021-12-09;62;32;10;0;38;1078673;4901;458;2;1840
FR;4;2021-12-10;63;64;20;0;68;1078736;4965;478;2;1908
FR;4;2021-12-11;28;34;7;0;34;1078764;4999;485;2;1942
FR;4;2021-12-12;24;10;3;0;13;1078788;5009;488;2;1955
FR;4;2021-12-13;72;40;14;0;49;1078860;5049;502;2;2004
FR;4;2021-12-14;59;43;17;0;54;1078919;5092;519;2;2058
FR;4;2021-12-15;66;64;28;0;84;1078985;5156;547;2;2142
FR;4;2021-12-16;33;44;19;0;57;1079018;5200;566;2;2199
FR;4;2021-12-17;40;55;12;0;60;1079058;5255;578;2;2259
FR;4;2021-12-18;48;30;2;0;31;1079106;5285;580;2;2290
FR;4;2021-12-19;15;4;1;0;4;1079121;5289;581;2;2294
FR;4;2021-12-20;42;38;10;0;41;1079163;5327;591;2;2335
FR;4;2021-12-21;29;31;16;0;38;1079192;5358;607;2;2373
FR;4;2021-12-22;37;37;10;0;38;1079229;5395;617;2;2411
FR;4;2021-12-23;39;45;8;0;49;1079268;5440;625;2;2460
FR;4;2021-12-24;23;26;10;0;30;1079291;5466;635;2;2490
FR;4;2021-12-25;6;3;3;0;4;1079297;5469;638;2;2494
FR;4;2021-12-26;5;3;1;0;2;1079302;5472;639;2;2496
FR;4;2021-12-27;31;41;9;0;43;1079333;5513;648;2;2539
FR;4;2021-12-28;25;28;7;0;29;1079358;5541;655;2;2568
FR;4;2021-12-29;50;25;11;0;30;1079408;5566;666;2;2598
FR;4;2021-12-30;43;19;12;0;22;1079451;5585;678;2;2620
FR;4;2021-12-31;18;6;8;0;11;1079469;5591;686;2;2631
FR;4;2022-01-01;5;4;4;0;6;1079474;5595;690;2;2637
FR;4;2022-01-02;40;5;16;0;20;1079514;5600;706;2;2657
FR;4;2022-01-03;41;55;22;1;62;1079555;5655;728;3;2719
FR;4;2022-01-04;36;28;14;0;32;1079591;5683;742;3;2751
FR;4;2022-01-05;50;22;19;0;25;1079641;5705;761;3;2776
FR;4;2022-01-06;48;22;24;0;38;1079689;5727;785;3;2814
FR;4;2022-01-07;29;20;15;0;20;1079718;5747;800;3;2834
FR;4;2022-01-08;10;6;10;0;12;1079728;5753;810;3;2846
FR;4;2022-01-09;18;2;3;0;4;1079746;5755;813;3;2850
FR;4;2022-01-10;45;22;19;0;36;1079791;5777;832;3;2886
FR;4;2022-01-11;27;31;12;0;35;1079818;5808;844;3;2921
FR;4;2022-01-12;33;21;13;0;23;1079851;5829;857;3;2944
FR;4;2022-01-13;53;20;27;0;38;1079904;5849;884;3;2982
FR;4;2022-01-14;23;29;13;0;32;1079927;5878;897;3;3014
FR;4;2022-01-15;13;6;8;0;12;1079940;5884;905;3;3026
FR;4;2022-01-16;11;9;12;0;20;1079951;5893;917;3;3046
FR;4;2022-01-17;26;19;12;0;25;1079977;5912;929;3;3071
FR;4;2022-01-18;16;13;8;0;18;1079993;5925;937;3;3089
FR;4;2022-01-19;31;23;11;0;32;1080024;5948;948;3;3121
FR;4;2022-01-20;31;34;12;0;38;1080055;5982;960;3;3159
FR;4;2022-01-21;10;12;19;1;16;1080065;5994;979;4;3175
FR;4;2022-01-22;30;13;2;0;13;1080095;6007;981;4;3188
FR;4;2022-01-23;7;2;4;0;6;1080102;6009;985;4;3194
FR;4;2022-01-24;14;21;8;0;27;1080116;6030;993;4;3221
FR;4;2022-01-25;21;32;9;1;37;1080137;6062;1002;5;3258
FR;4;2022-01-26;19;16;8;1;19;1080156;6078;1010;6;3277
FR;4;2022-01-27;20;18;8;0;24;1080176;6096;1018;6;3301
FR;4;2022-01-28;13;23;8;0;26;1080189;6119;1026;6;3327
FR;4;2022-01-29;17;6;5;0;10;1080206;6125;1031;6;3337
FR;4;2022-01-30;18;3;1;0;4;1080224;6128;1032;6;3341
FR;4;2022-01-31;22;27;8;0;31;1080246;6155;1040;6;3372
FR;4;2022-02-01;11;22;12;0;23;1080257;6177;1052;6;3395
FR;4;2022-02-02;17;11;12;2;18;1080274;6188;1064;8;3413
FR;4;2022-02-03;14;23;10;0;27;1080288;6211;1074;8;3440
FR;4;2022-02-04;7;5;7;0;9;1080295;6216;1081;8;3449
FR;4;2022-02-05;7;14;1;0;13;1080302;6230;1082;8;3462
FR;4;2022-02-06;6;4;3;0;6;1080308;6234;1085;8;3468
FR;4;2022-02-07;15;19;7;0;19;1080323;6253;1092;8;3487
FR;4;2022-02-08;19;21;13;1;22;1080342;6274;1105;9;3509
FR;4;2022-02-09;16;11;8;0;15;1080358;6285;1113;9;3524
FR;4;2022-02-10;21;23;9;0;24;1080379;6308;1122;9;3548
FR;4;2022-02-11;18;15;8;0;20;1080397;6323;1130;9;3568
FR;4;2022-02-12;24;6;2;0;6;1080421;6329;1132;9;3574
FR;4;2022-02-13;7;3;3;0;6;1080428;6332;1135;9;3580
FR;4;2022-02-14;20;10;9;0;15;1080448;6342;1144;9;3595
FR;4;2022-02-15;17;7;1;0;7;1080465;6349;1145;9;3602
FR;4;2022-02-16;16;9;10;0;15;1080481;6358;1155;9;3617
FR;4;2022-02-17;11;4;4;0;6;1080492;6362;1159;9;3623
FR;4;2022-02-18;16;15;7;0;20;1080508;6377;1166;9;3643
FR;4;2022-02-19;16;4;2;0;5;1080524;6381;1168;9;3648
FR;4;2022-02-20;7;3;0;0;2;1080531;6384;1168;9;3650
FR;4;2022-02-21;23;3;4;0;5;1080554;6387;1172;9;3655
FR;4;2022-02-22;8;5;10;0;10;1080562;6392;1182;9;3665
FR;4;2022-02-23;16;6;10;0;10;1080578;6398;1192;9;3675
FR;4;2022-02-24;11;5;3;0;6;1080589;6403;1195;9;3681
FR;4;2022-02-25;15;5;7;0;6;1080604;6408;1202;9;3687
FR;4;2022-02-26;27;3;0;0;3;1080631;6411;1202;9;3690
FR;4;2022-02-27;9;0;1;0;1;1080640;6411;1203;9;3691
FR;4;2022-02-28;18;3;2;0;3;1080658;6414;1205;9;3694
FR;4;2022-03-01;7;4;7;0;5;1080665;6418;1212;9;3699
FR;4;2022-03-02;14;3;4;0;6;1080679;6421;1216;9;3705
FR;4;2022-03-03;17;5;3;0;6;1080696;6426;1219;9;3711
FR;4;2022-03-04;7;7;2;1;5;1080703;6433;1221;10;3716
FR;4;2022-03-05;9;2;0;0;2;1080712;6435;1221;10;3718
FR;4;2022-03-06;4;0;1;0;1;1080716;6435;1222;10;3719
FR;4;2022-03-07;10;4;2;0;3;1080726;6439;1224;10;3722
FR;4;2022-03-08;13;3;0;0;3;1080739;6442;1224;10;3725
FR;4;2022-03-09;8;7;2;0;7;1080747;6449;1226;10;3732
FR;4;2022-03-10;5;1;5;0;2;1080752;6450;1231;10;3734
FR;4;2022-03-11;9;4;5;0;2;1080761;6454;1236;10;3736
FR;4;2022-03-12;9;2;0;0;0;1080770;6456;1236;10;3736
FR;4;2022-03-13;5;1;1;0;2;1080775;6457;1237;10;3738
FR;4;2022-03-14;4;1;1;0;2;1080779;6458;1238;10;3740
FR;4;2022-03-15;7;6;3;0;5;1080786;6464;1241;10;3745
FR;4;2022-03-16;7;3;3;0;3;1080793;6467;1244;10;3748
FR;4;2022-03-17;3;4;1;0;5;1080796;6471;1245;10;3753
FR;4;2022-03-18;9;3;0;0;3;1080805;6474;1245;10;3756
FR;4;2022-03-19;1;1;1;0;2;1080806;6475;1246;10;3758
FR;4;2022-03-20;2;0;2;0;1;1080808;6475;1248;10;3759
FR;4;2022-03-21;6;3;1;0;4;1080814;6478;1249;10;3763
FR;4;2022-03-22;3;2;2;0;3;1080817;6480;1251;10;3766
FR;4;2022-03-23;6;4;4;0;7;1080823;6484;1255;10;3773
FR;4;2022-03-24;2;5;3;1;7;1080825;6489;1258;11;3780
FR;4;2022-03-25;3;1;2;0;1;1080828;6490;1260;11;3781
FR;4;2022-03-26;5;5;0;0;5;1080833;6495;1260;11;3786
FR;4;2022-03-27;1;0;3;0;2;1080834;6495;1263;11;3788
FR;4;2022-03-28;5;1;3;0;3;1080839;6496;1266;11;3791
FR;4;2022-03-29;8;0;4;1;0;1080847;6496;1270;12;3791
FR;4;2022-03-30;3;4;0;0;4;1080850;6500;1270;12;3795
FR;4;2022-03-31;2;3;1;1;3;1080852;6503;1271;13;3798
FR;4;2022-04-01;14;2;5;0;5;1080866;6505;1276;13;3803
FR;4;2022-04-02;4;4;0;0;3;1080870;6509;1276;13;3806
FR;4;2022-04-03;0;0;0;0;0;1080870;6509;1276;13;3806
FR;4;2022-04-04;4;4;4;0;5;1080874;6513;1280;13;3811
FR;4;2022-04-05;4;3;1;1;2;1080878;6516;1281;14;3813
FR;4;2022-04-06;6;0;0;0;0;1080884;6516;1281;14;3813
FR;4;2022-04-07;3;2;3;2;5;1080887;6518;1284;16;3818
FR;4;2022-04-08;4;1;1;0;1;1080891;6519;1285;16;3819
FR;4;2022-04-09;0;0;1;1;1;1080891;6519;1286;17;3820
FR;4;2022-04-10;1;2;0;0;2;1080892;6521;1286;17;3822
FR;4;2022-04-11;4;3;4;0;5;1080896;6524;1290;17;3827
FR;4;2022-04-12;3;1;4;0;2;1080899;6525;1294;17;3829
FR;4;2022-04-13;5;7;2;0;9;1080904;6532;1296;17;3838
FR;4;2022-04-14;6;4;2;1;5;1080910;6536;1298;18;3843
FR;4;2022-04-15;5;8;1;0;9;1080915;6544;1299;18;3852
FR;4;2022-04-16;1;0;0;0;0;1080916;6544;1299;18;3852
FR;4;2022-04-17;2;1;0;0;1;1080918;6545;1299;18;3853
FR;4;2022-04-18;2;2;6;0;4;1080920;6547;1305;18;3857
FR;4;2022-04-19;2;0;1;0;0;1080922;6547;1306;18;3857
FR;4;2022-04-20;14;4;1;0;3;1080936;6551;1307;18;3860
FR;4;2022-04-21;7;1;0;0;1;1080943;6552;1307;18;3861
FR;4;2022-04-22;1;1;2;0;2;1080944;6553;1309;18;3863
FR;4;2022-04-23;2;3;3;0;6;1080946;6556;1312;18;3869
FR;4;2022-04-24;0;2;0;0;2;1080946;6558;1312;18;3871
FR;4;2022-04-25;3;4;3;0;7;1080949;6562;1315;18;3878
FR;4;2022-04-26;5;6;1;0;6;1080954;6568;1316;18;3884
FR;4;2022-04-27;4;1;1;1;1;1080958;6569;1317;19;3885
FR;4;2022-04-28;3;5;5;0;6;1080961;6574;1322;19;3891
FR;4;2022-04-29;6;3;0;0;2;1080967;6577;1322;19;3893
FR;4;2022-04-30;2;1;1;0;2;1080969;6578;1323;19;3895
FR;4;2022-05-01;0;0;0;0;0;1080969;6578;1323;19;3895
FR;4;2022-05-02;5;16;6;0;19;1080974;6594;1329;19;3914
FR;4;2022-05-03;2;6;2;0;7;1080976;6600;1331;19;3921
FR;4;2022-05-04;7;4;1;0;4;1080983;6604;1332;19;3925
FR;4;2022-05-05;2;2;1;1;1;1080985;6606;1333;20;3926
FR;4;2022-05-06;5;3;1;0;2;1080990;6609;1334;20;3928
FR;4;2022-05-07;0;0;0;0;0;1080990;6609;1334;20;3928
FR;4;2022-05-08;1;1;0;0;1;1080991;6610;1334;20;3929
FR;4;2022-05-09;5;1;0;0;1;1080996;6611;1334;20;3930
FR;4;2022-05-10;1;1;0;2;3;1080997;6612;1334;22;3933
FR;4;2022-05-11;3;2;3;0;5;1081000;6614;1337;22;3938
FR;4;2022-05-12;6;3;1;1;4;1081006;6617;1338;23;3942
FR;4;2022-05-13;1;0;2;0;2;1081007;6617;1340;23;3944
FR;4;2022-05-14;0;2;0;0;2;1081007;6619;1340;23;3946
FR;4;2022-05-15;2;2;0;0;0;1081009;6621;1340;23;3946
FR;4;2022-05-16;5;2;2;0;2;1081014;6623;1342;23;3948
FR;4;2022-05-17;5;1;2;0;3;1081019;6624;1344;23;3951
FR;4;2022-05-18;3;6;0;0;6;1081022;6630;1344;23;3957
FR;4;2022-05-19;2;2;3;0;4;1081024;6632;1347;23;3961
FR;4;2022-05-20;4;2;3;0;2;1081028;6634;1350;23;3963
FR;4;2022-05-21;2;0;1;0;1;1081030;6634;1351;23;3964
FR;4;2022-05-22;0;0;1;0;1;1081030;6634;1352;23;3965
FR;4;2022-05-23;0;0;2;0;0;1081030;6634;1354;23;3965
FR;4;2022-05-24;1;4;0;0;4;1081031;6638;1354;23;3969
FR;4;2022-05-25;1;3;0;0;1;1081032;6641;1354;23;3970
FR;4;2022-05-26;4;0;1;0;1;1081036;6641;1355;23;3971
FR;4;2022-05-27;0;2;0;1;2;1081036;6643;1355;24;3973
FR;4;2022-05-28;1;0;0;0;0;1081037;6643;1355;24;3973
FR;4;2022-05-29;1;0;1;0;1;1081038;6643;1356;24;3974
FR;4;2022-05-30;2;4;2;0;5;1081040;6647;1358;24;3979
FR;4;2022-05-31;2;1;0;0;1;1081042;6648;1358;24;3980
FR;4;2022-06-01;1;11;7;0;15;1081043;6659;1365;24;3995
FR;4;2022-06-02;5;6;2;0;6;1081048;6665;1367;24;4001
FR;4;2022-06-03;2;5;4;1;6;1081050;6670;1371;25;4007
FR;4;2022-06-04;0;1;1;0;1;1081050;6671;1372;25;4008
FR;4;2022-06-05;0;0;0;0;0;1081050;6671;1372;25;4008
FR;4;2022-06-06;6;0;3;0;2;1081056;6671;1375;25;4010
FR;4;2022-06-07;5;1;0;1;1;1081061;6672;1375;26;4011
FR;4;2022-06-08;0;3;3;0;6;1081061;6675;1378;26;4017
FR;4;2022-06-09;1;2;0;0;1;1081062;6677;1378;26;4018
FR;4;2022-06-10;3;0;3;0;1;1081065;6677;1381;26;4019
FR;4;2022-06-11;1;0;0;0;0;1081066;6677;1381;26;4019
FR;4;2022-06-12;4;0;0;0;0;1081070;6677;1381;26;4019
FR;4;2022-06-13;4;2;3;0;2;1081074;6679;1384;26;4021
FR;4;2022-06-14;4;2;0;0;2;1081078;6681;1384;26;4023
FR;4;2022-06-15;8;0;4;0;0;1081086;6681;1388;26;4023
FR;4;2022-06-16;1;3;1;1;2;1081087;6684;1389;27;4025
FR;4;2022-06-17;6;1;0;0;1;1081093;6685;1389;27;4026
FR;4;2022-06-18;0;0;0;0;0;1081093;6685;1389;27;4026
FR;4;2022-06-19;0;0;0;0;0;1081093;6685;1389;27;4026
FR;4;2022-06-20;4;2;2;1;3;1081097;6687;1391;28;4029
FR;4;2022-06-21;5;2;3;1;3;1081102;6689;1394;29;4032
FR;4;2022-06-22;3;1;0;3;1;1081105;6690;1394;32;4033
FR;4;2022-06-23;3;3;3;0;5;1081108;6693;1397;32;4038
FR;4;2022-06-24;3;0;2;0;0;1081111;6693;1399;32;4038
FR;4;2022-06-25;1;0;1;1;1;1081112;6693;1400;33;4039
FR;4;2022-06-26;0;0;1;0;1;1081112;6693;1401;33;4040
FR;4;2022-06-27;1;2;0;3;2;1081113;6695;1401;36;4042
FR;4;2022-06-28;0;4;2;1;5;1081113;6699;1403;37;4047
FR;4;2022-06-29;1;2;0;0;2;1081114;6701;1403;37;4049
FR;4;2022-06-30;2;0;0;0;0;1081116;6701;1403;37;4049
FR;4;2022-07-01;2;4;8;0;4;1081118;6705;1411;37;4053
FR;4;2022-07-02;0;1;0;0;0;1081118;6706;1411;37;4053
FR;4;2022-07-03;0;0;0;0;0;1081118;6706;1411;37;4053
FR;4;2022-07-04;3;1;0;0;1;1081121;6707;1411;37;4054
FR;4;2022-07-05;2;0;2;0;2;1081123;6707;1413;37;4056
FR;4;2022-07-06;5;0;1;1;0;1081128;6707;1414;38;4056
FR;4;2022-07-07;1;0;2;1;0;1081129;6707;1416;39;4056
FR;4;2022-07-08;3;1;0;0;1;1081132;6708;1416;39;4057
FR;4;2022-07-09;2;2;1;0;3;1081134;6710;1417;39;4060
FR;4;2022-07-10;2;0;1;0;0;1081136;6710;1418;39;4060
FR;4;2022-07-11;2;0;2;0;0;1081138;6710;1420;39;4060
FR;4;2022-07-12;0;0;2;0;2;1081138;6710;1422;39;4062
FR;4;2022-07-13;2;2;3;0;2;1081140;6712;1425;39;4064
FR;4;2022-07-14;4;0;1;0;0;1081144;6712;1426;39;4064
FR;4;2022-07-15;8;2;0;0;2;1081152;6714;1426;39;4066
FR;4;2022-07-16;4;0;0;2;0;1081156;6714;1426;41;4066
FR;4;2022-07-17;0;0;0;0;0;1081156;6714;1426;41;4066
FR;4;2022-07-18;2;2;2;0;2;1081158;6716;1428;41;4068
FR;4;2022-07-19;4;0;1;0;1;1081162;6716;1429;41;4069
FR;4;2022-07-20;10;0;0;0;0;1081172;6716;1429;41;4069
FR;4;2022-07-21;2;1;1;0;1;1081174;6717;1430;41;4070
FR;4;2022-07-22;3;0;3;0;1;1081177;6717;1433;41;4071
FR;4;2022-07-23;1;2;0;0;1;1081178;6719;1433;41;4072
FR;4;2022-07-24;0;0;0;0;0;1081178;6719;1433;41;4072
FR;4;2022-07-25;5;0;2;0;2;1081183;6719;1435;41;4074
FR;4;2022-07-26;2;0;0;0;0;1081185;6719;1435;41;4074
FR;4;2022-07-27;2;1;0;0;0;1081187;6720;1435;41;4074
FR;4;2022-07-28;6;0;0;0;0;1081193;6720;1435;41;4074
FR;4;2022-07-29;3;0;1;0;0;1081196;6720;1436;41;4074
FR;4;2022-07-30;3;0;2;0;0;1081199;6720;1438;41;4074
FR;4;2022-07-31;0;0;0;0;0;1081199;6720;1438;41;4074
FR;4;2022-08-01;1;0;2;0;1;1081200;6720;1440;41;4075
FR;4;2022-08-02;6;0;0;0;0;1081206;6720;1440;41;4075
FR;4;2022-08-03;0;2;1;0;2;1081206;6722;1441;41;4077
FR;4;2022-08-04;3;2;0;0;2;1081209;6724;1441;41;4079
FR;4;2022-08-05;2;0;1;0;0;1081211;6724;1442;41;4079
FR;4;2022-08-06;2;0;0;0;0;1081213;6724;1442;41;4079
FR;4;2022-08-07;3;0;0;0;0;1081216;6724;1442;41;4079
FR;4;2022-08-08;1;0;1;1;1;1081217;6724;1443;42;4080
FR;4;2022-08-09;1;1;1;2;2;1081218;6725;1444;44;4082
FR;4;2022-08-10;5;1;1;0;1;1081223;6726;1445;44;4083
FR;4;2022-08-11;2;0;1;0;1;1081225;6726;1446;44;4084
FR;4;2022-08-12;4;0;1;0;0;1081229;6726;1447;44;4084
FR;4;2022-08-13;1;0;0;0;0;1081230;6726;1447;44;4084
FR;4;2022-08-14;0;0;0;0;0;1081230;6726;1447;44;4084
FR;4;2022-08-15;0;1;3;0;1;1081230;6727;1450;44;4085
FR;4;2022-08-16;0;0;1;0;1;1081230;6727;1451;44;4086
FR;4;2022-08-17;1;0;0;0;0;1081231;6727;1451;44;4086
FR;4;2022-08-18;0;0;0;0;0;1081231;6727;1451;44;4086
FR;4;2022-08-19;5;0;0;0;0;1081236;6727;1451;44;4086
FR;4;2022-08-20;1;0;0;0;0;1081237;6727;1451;44;4086
FR;4;2022-08-21;1;0;0;0;0;1081238;6727;1451;44;4086
FR;4;2022-08-22;3;9;0;0;9;1081241;6736;1451;44;4095
FR;4;2022-08-23;1;0;1;0;0;1081242;6736;1452;44;4095
FR;4;2022-08-24;3;0;0;0;0;1081245;6736;1452;44;4095
FR;4;2022-08-25;0;3;1;0;3;1081245;6739;1453;44;4098
FR;4;2022-08-26;1;0;0;1;0;1081246;6739;1453;45;4098
FR;4;2022-08-27;1;0;0;0;0;1081247;6739;1453;45;4098
FR;4;2022-08-28;0;0;0;0;0;1081247;6739;1453;45;4098
FR;4;2022-08-29;2;0;0;0;0;1081249;6739;1453;45;4098
FR;4;2022-08-30;3;0;0;0;0;1081252;6739;1453;45;4098
FR;4;2022-08-31;0;1;0;0;1;1081252;6740;1453;45;4099
FR;4;2022-09-01;1;5;2;0;4;1081253;6745;1455;45;4103
FR;4;2022-09-02;1;1;1;0;2;1081254;6746;1456;45;4105
FR;4;2022-09-03;2;0;0;0;0;1081256;6746;1456;45;4105
FR;4;2022-09-04;0;0;0;0;0;1081256;6746;1456;45;4105
FR;4;2022-09-05;2;2;0;0;2;1081258;6748;1456;45;4107
FR;4;2022-09-06;0;0;0;0;0;1081258;6748;1456;45;4107
FR;4;2022-09-07;0;0;1;1;1;1081258;6748;1457;46;4108
FR;4;2022-09-08;3;0;0;0;0;1081261;6748;1457;46;4108
FR;4;2022-09-09;1;0;0;0;0;1081262;6748;1457;46;4108
FR;4;2022-09-10;0;0;0;3;1;1081262;6748;1457;49;4109
FR;4;2022-09-11;2;0;0;0;0;1081264;6748;1457;49;4109
FR;4;2022-09-12;0;1;0;0;1;1081264;6749;1457;49;4110
FR;4;2022-09-13;0;0;0;0;0;1081264;6749;1457;49;4110
FR;4;2022-09-14;0;0;0;0;0;1081264;6749;1457;49;4110
FR;4;2022-09-15;0;0;0;0;0;1081264;6749;1457;49;4110
FR;4;2022-09-16;0;0;0;0;0;1081264;6749;1457;49;4110
FR;4;2022-09-17;2;0;0;0;0;1081266;6749;1457;49;4110
FR;4;2022-09-18;0;0;0;0;0;1081266;6749;1457;49;4110
FR;4;2022-09-19;1;0;0;0;0;1081267;6749;1457;49;4110
FR;4;2022-09-20;0;0;0;0;0;1081267;6749;1457;49;4110
FR;4;2022-09-21;2;0;0;0;0;1081269;6749;1457;49;4110
FR;4;2022-09-22;1;0;0;0;0;1081270;6749;1457;49;4110
FR;4;2022-09-23;1;1;0;0;0;1081271;6750;1457;49;4110
FR;4;2022-09-24;0;0;0;0;0;1081271;6750;1457;49;4110
FR;4;2022-09-25;0;0;0;0;0;1081271;6750;1457;49;4110
FR;4;2022-09-26;0;0;0;0;0;1081271;6750;1457;49;4110
FR;4;2022-09-27;0;0;0;1;0;1081271;6750;1457;50;4110
FR;4;2022-09-28;2;0;0;0;0;1081273;6750;1457;50;4110
FR;4;2022-09-29;1;0;0;1;0;1081274;6750;1457;51;4110
FR;5;2020-12-27;0;0;0;0;0;0;0;0;0;0
FR;5;2020-12-28;0;0;0;0;0;0;0;0;0;0
FR;5;2020-12-29;0;0;0;0;0;0;0;0;0;0
FR;5;2020-12-30;0;0;0;0;0;0;0;0;0;0
FR;5;2020-12-31;0;0;0;0;0;0;0;0;0;0
FR;5;2021-01-01;0;0;0;0;0;0;0;0;0;0
FR;5;2021-01-02;0;0;0;0;0;0;0;0;0;0
FR;5;2021-01-03;0;0;0;0;0;0;0;0;0;0
FR;5;2021-01-04;0;0;0;0;0;0;0;0;0;0
FR;5;2021-01-05;0;0;0;0;0;0;0;0;0;0
FR;5;2021-01-06;0;0;0;0;0;0;0;0;0;0
FR;5;2021-01-07;0;0;0;0;0;0;0;0;0;0
FR;5;2021-01-08;0;0;0;0;0;0;0;0;0;0
FR;5;2021-01-09;0;0;0;0;0;0;0;0;0;0
FR;5;2021-01-10;0;0;0;0;0;0;0;0;0;0
FR;5;2021-01-11;0;0;0;0;0;0;0;0;0;0
FR;5;2021-01-12;0;0;0;0;0;0;0;0;0;0
FR;5;2021-01-13;0;0;0;0;0;0;0;0;0;0
FR;5;2021-01-14;0;0;0;0;0;0;0;0;0;0
FR;5;2021-01-15;0;0;0;0;0;0;0;0;0;0
FR;5;2021-01-16;0;0;0;0;0;0;0;0;0;0
FR;5;2021-01-17;0;0;0;0;0;0;0;0;0;0
FR;5;2021-01-18;0;0;0;0;0;0;0;0;0;0
FR;5;2021-01-19;0;0;0;0;0;0;0;0;0;0
FR;5;2021-01-20;0;0;0;0;0;0;0;0;0;0
FR;5;2021-01-21;0;0;0;0;0;0;0;0;0;0
FR;5;2021-01-22;0;0;0;0;0;0;0;0;0;0
FR;5;2021-01-23;0;0;0;0;0;0;0;0;0;0
FR;5;2021-01-24;0;0;0;0;0;0;0;0;0;0
FR;5;2021-01-25;0;0;0;0;0;0;0;0;0;0
FR;5;2021-01-26;0;0;0;0;0;0;0;0;0;0
FR;5;2021-01-27;0;0;0;0;0;0;0;0;0;0
FR;5;2021-01-28;0;0;0;0;0;0;0;0;0;0
FR;5;2021-01-29;0;0;0;0;0;0;0;0;0;0
FR;5;2021-01-30;0;0;0;0;0;0;0;0;0;0
FR;5;2021-01-31;0;0;0;0;0;0;0;0;0;0
FR;5;2021-02-01;0;0;0;0;0;0;0;0;0;0
FR;5;2021-02-02;0;0;0;0;0;0;0;0;0;0
FR;5;2021-02-03;0;0;0;0;0;0;0;0;0;0
FR;5;2021-02-04;0;0;0;0;0;0;0;0;0;0
FR;5;2021-02-05;0;0;0;0;0;0;0;0;0;0
FR;5;2021-02-06;0;0;0;0;0;0;0;0;0;0
FR;5;2021-02-07;0;0;0;0;0;0;0;0;0;0
FR;5;2021-02-08;0;0;0;0;0;0;0;0;0;0
FR;5;2021-02-09;0;0;0;0;0;0;0;0;0;0
FR;5;2021-02-10;0;0;0;0;0;0;0;0;0;0
FR;5;2021-02-11;0;0;0;0;0;0;0;0;0;0
FR;5;2021-02-12;0;0;0;0;0;0;0;0;0;0
FR;5;2021-02-13;0;0;0;0;0;0;0;0;0;0
FR;5;2021-02-14;0;0;0;0;0;0;0;0;0;0
FR;5;2021-02-15;0;0;0;0;0;0;0;0;0;0
FR;5;2021-02-16;0;0;0;0;0;0;0;0;0;0
FR;5;2021-02-17;0;0;0;0;0;0;0;0;0;0
FR;5;2021-02-18;0;0;0;0;0;0;0;0;0;0
FR;5;2021-02-19;0;0;0;0;0;0;0;0;0;0
FR;5;2021-02-20;0;0;0;0;0;0;0;0;0;0
FR;5;2021-02-21;0;0;0;0;0;0;0;0;0;0
FR;5;2021-02-22;0;0;0;0;0;0;0;0;0;0
FR;5;2021-02-23;0;0;0;0;0;0;0;0;0;0
FR;5;2021-02-24;0;0;0;0;0;0;0;0;0;0
FR;5;2021-02-25;0;0;0;0;0;0;0;0;0;0
FR;5;2021-02-26;0;0;0;0;0;0;0;0;0;0
FR;5;2021-02-27;0;0;0;0;0;0;0;0;0;0
FR;5;2021-02-28;0;0;0;0;0;0;0;0;0;0
FR;5;2021-03-01;0;0;0;0;0;0;0;0;0;0
FR;5;2021-03-02;0;0;0;0;0;0;0;0;0;0
FR;5;2021-03-03;0;0;0;0;0;0;0;0;0;0
FR;5;2021-03-04;0;0;0;0;0;0;0;0;0;0
FR;5;2021-03-05;0;0;0;0;0;0;0;0;0;0
FR;5;2021-03-06;0;0;0;0;0;0;0;0;0;0
FR;5;2021-03-07;0;0;0;0;0;0;0;0;0;0
FR;5;2021-03-08;0;0;0;0;0;0;0;0;0;0
FR;5;2021-03-09;0;0;0;0;0;0;0;0;0;0
FR;5;2021-03-10;0;0;0;0;0;0;0;0;0;0
FR;5;2021-03-11;0;0;0;0;0;0;0;0;0;0
FR;5;2021-03-12;0;0;0;0;0;0;0;0;0;0
FR;5;2021-03-13;0;0;0;0;0;0;0;0;0;0
FR;5;2021-03-14;0;0;0;0;0;0;0;0;0;0
FR;5;2021-03-15;0;0;0;0;0;0;0;0;0;0
FR;5;2021-03-16;0;0;0;0;0;0;0;0;0;0
FR;5;2021-03-17;0;0;0;0;0;0;0;0;0;0
FR;5;2021-03-18;0;0;0;0;0;0;0;0;0;0
FR;5;2021-03-19;0;0;0;0;0;0;0;0;0;0
FR;5;2021-03-20;0;0;0;0;0;0;0;0;0;0
FR;5;2021-03-21;0;0;0;0;0;0;0;0;0;0
FR;5;2021-03-22;0;0;0;0;0;0;0;0;0;0
FR;5;2021-03-23;0;0;0;0;0;0;0;0;0;0
FR;5;2021-03-24;0;0;0;0;0;0;0;0;0;0
FR;5;2021-03-25;0;0;0;0;0;0;0;0;0;0
FR;5;2021-03-26;0;0;0;0;0;0;0;0;0;0
FR;5;2021-03-27;0;0;0;0;0;0;0;0;0;0
FR;5;2021-03-28;0;0;0;0;0;0;0;0;0;0
FR;5;2021-03-29;0;0;0;0;0;0;0;0;0;0
FR;5;2021-03-30;0;0;0;0;0;0;0;0;0;0
FR;5;2021-03-31;0;0;0;0;0;0;0;0;0;0
FR;5;2021-04-01;0;0;0;0;0;0;0;0;0;0
FR;5;2021-04-02;0;0;0;0;0;0;0;0;0;0
FR;5;2021-04-03;0;0;0;0;0;0;0;0;0;0
FR;5;2021-04-04;0;0;0;0;0;0;0;0;0;0
FR;5;2021-04-05;0;0;0;0;0;0;0;0;0;0
FR;5;2021-04-06;0;0;0;0;0;0;0;0;0;0
FR;5;2021-04-07;0;0;0;0;0;0;0;0;0;0
FR;5;2021-04-08;0;0;0;0;0;0;0;0;0;0
FR;5;2021-04-09;0;0;0;0;0;0;0;0;0;0
FR;5;2021-04-10;0;0;0;0;0;0;0;0;0;0
FR;5;2021-04-11;0;0;0;0;0;0;0;0;0;0
FR;5;2021-04-12;0;0;0;0;0;0;0;0;0;0
FR;5;2021-04-13;0;0;0;0;0;0;0;0;0;0
FR;5;2021-04-14;0;0;0;0;0;0;0;0;0;0
FR;5;2021-04-15;0;0;0;0;0;0;0;0;0;0
FR;5;2021-04-16;0;0;0;0;0;0;0;0;0;0
FR;5;2021-04-17;0;0;0;0;0;0;0;0;0;0
FR;5;2021-04-18;0;0;0;0;0;0;0;0;0;0
FR;5;2021-04-19;0;0;0;0;0;0;0;0;0;0
FR;5;2021-04-20;0;0;0;0;0;0;0;0;0;0
FR;5;2021-04-21;0;0;0;0;0;0;0;0;0;0
FR;5;2021-04-22;0;0;0;0;0;0;0;0;0;0
FR;5;2021-04-23;0;0;0;0;0;0;0;0;0;0
FR;5;2021-04-24;0;0;0;0;0;0;0;0;0;0
FR;5;2021-04-25;0;0;0;0;0;0;0;0;0;0
FR;5;2021-04-26;0;0;0;0;0;0;0;0;0;0
FR;5;2021-04-27;0;0;0;0;0;0;0;0;0;0
FR;5;2021-04-28;0;0;0;0;0;0;0;0;0;0
FR;5;2021-04-29;0;0;0;0;0;0;0;0;0;0
FR;5;2021-04-30;0;0;0;0;0;0;0;0;0;0
FR;5;2021-05-01;0;0;0;0;0;0;0;0;0;0
FR;5;2021-05-02;0;0;0;0;0;0;0;0;0;0
FR;5;2021-05-03;0;0;0;0;0;0;0;0;0;0
FR;5;2021-05-04;0;0;0;0;0;0;0;0;0;0
FR;5;2021-05-05;0;0;0;0;0;0;0;0;0;0
FR;5;2021-05-06;0;0;0;0;0;0;0;0;0;0
FR;5;2021-05-07;0;0;0;0;0;0;0;0;0;0
FR;5;2021-05-08;0;0;0;0;0;0;0;0;0;0
FR;5;2021-05-09;0;0;0;0;0;0;0;0;0;0
FR;5;2021-05-10;0;0;0;0;0;0;0;0;0;0
FR;5;2021-05-11;0;0;0;0;0;0;0;0;0;0
FR;5;2021-05-12;0;0;0;0;0;0;0;0;0;0
FR;5;2021-05-13;0;0;0;0;0;0;0;0;0;0
FR;5;2021-05-14;0;0;0;0;0;0;0;0;0;0
FR;5;2021-05-15;0;0;0;0;0;0;0;0;0;0
FR;5;2021-05-16;0;0;0;0;0;0;0;0;0;0
FR;5;2021-05-17;0;0;0;0;0;0;0;0;0;0
FR;5;2021-05-18;0;0;0;0;0;0;0;0;0;0
FR;5;2021-05-19;0;0;0;0;0;0;0;0;0;0
FR;5;2021-05-20;0;0;0;0;0;0;0;0;0;0
FR;5;2021-05-21;0;0;0;0;0;0;0;0;0;0
FR;5;2021-05-22;0;0;0;0;0;0;0;0;0;0
FR;5;2021-05-23;0;0;0;0;0;0;0;0;0;0
FR;5;2021-05-24;0;0;0;0;0;0;0;0;0;0
FR;5;2021-05-25;0;0;0;0;0;0;0;0;0;0
FR;5;2021-05-26;0;0;0;0;0;0;0;0;0;0
FR;5;2021-05-27;0;0;0;0;0;0;0;0;0;0
FR;5;2021-05-28;0;0;0;0;0;0;0;0;0;0
FR;5;2021-05-29;0;0;0;0;0;0;0;0;0;0
FR;5;2021-05-30;0;0;0;0;0;0;0;0;0;0
FR;5;2021-05-31;0;0;0;0;0;0;0;0;0;0
FR;5;2021-06-01;0;0;0;0;0;0;0;0;0;0
FR;5;2021-06-02;0;0;0;0;0;0;0;0;0;0
FR;5;2021-06-03;0;0;0;0;0;0;0;0;0;0
FR;5;2021-06-04;0;0;0;0;0;0;0;0;0;0
FR;5;2021-06-05;0;0;0;0;0;0;0;0;0;0
FR;5;2021-06-06;0;0;0;0;0;0;0;0;0;0
FR;5;2021-06-07;0;0;0;0;0;0;0;0;0;0
FR;5;2021-06-08;0;0;0;0;0;0;0;0;0;0
FR;5;2021-06-09;0;0;0;0;0;0;0;0;0;0
FR;5;2021-06-10;0;0;0;0;0;0;0;0;0;0
FR;5;2021-06-11;0;0;0;0;0;0;0;0;0;0
FR;5;2021-06-12;0;0;0;0;0;0;0;0;0;0
FR;5;2021-06-13;0;0;0;0;0;0;0;0;0;0
FR;5;2021-06-14;0;0;0;0;0;0;0;0;0;0
FR;5;2021-06-15;0;0;0;0;0;0;0;0;0;0
FR;5;2021-06-16;0;0;0;0;0;0;0;0;0;0
FR;5;2021-06-17;0;0;0;0;0;0;0;0;0;0
FR;5;2021-06-18;0;0;0;0;0;0;0;0;0;0
FR;5;2021-06-19;0;0;0;0;0;0;0;0;0;0
FR;5;2021-06-20;0;0;0;0;0;0;0;0;0;0
FR;5;2021-06-21;0;0;0;0;0;0;0;0;0;0
FR;5;2021-06-22;0;0;0;0;0;0;0;0;0;0
FR;5;2021-06-23;0;0;0;0;0;0;0;0;0;0
FR;5;2021-06-24;0;0;0;0;0;0;0;0;0;0
FR;5;2021-06-25;0;0;0;0;0;0;0;0;0;0
FR;5;2021-06-26;0;0;0;0;0;0;0;0;0;0
FR;5;2021-06-27;0;0;0;0;0;0;0;0;0;0
FR;5;2021-06-28;0;0;0;0;0;0;0;0;0;0
FR;5;2021-06-29;0;0;0;0;0;0;0;0;0;0
FR;5;2021-06-30;0;0;0;0;0;0;0;0;0;0
FR;5;2021-07-01;0;0;0;0;0;0;0;0;0;0
FR;5;2021-07-02;0;0;0;0;0;0;0;0;0;0
FR;5;2021-07-03;0;0;0;0;0;0;0;0;0;0
FR;5;2021-07-04;0;0;0;0;0;0;0;0;0;0
FR;5;2021-07-05;0;0;0;0;0;0;0;0;0;0
FR;5;2021-07-06;0;0;0;0;0;0;0;0;0;0
FR;5;2021-07-07;0;0;0;0;0;0;0;0;0;0
FR;5;2021-07-08;0;0;0;0;0;0;0;0;0;0
FR;5;2021-07-09;0;0;0;0;0;0;0;0;0;0
FR;5;2021-07-10;0;0;0;0;0;0;0;0;0;0
FR;5;2021-07-11;0;0;0;0;0;0;0;0;0;0
FR;5;2021-07-12;0;0;0;0;0;0;0;0;0;0
FR;5;2021-07-13;0;0;0;0;0;0;0;0;0;0
FR;5;2021-07-14;0;0;0;0;0;0;0;0;0;0
FR;5;2021-07-15;0;0;0;0;0;0;0;0;0;0
FR;5;2021-07-16;0;0;0;0;0;0;0;0;0;0
FR;5;2021-07-17;0;0;0;0;0;0;0;0;0;0
FR;5;2021-07-18;0;0;0;0;0;0;0;0;0;0
FR;5;2021-07-19;0;0;0;0;0;0;0;0;0;0
FR;5;2021-07-20;0;0;0;0;0;0;0;0;0;0
FR;5;2021-07-21;0;0;0;0;0;0;0;0;0;0
FR;5;2021-07-22;0;0;0;0;0;0;0;0;0;0
FR;5;2021-07-23;0;0;0;0;0;0;0;0;0;0
FR;5;2021-07-24;0;0;0;0;0;0;0;0;0;0
FR;5;2021-07-25;0;0;0;0;0;0;0;0;0;0
FR;5;2021-07-26;0;0;0;0;0;0;0;0;0;0
FR;5;2021-07-27;0;0;0;0;0;0;0;0;0;0
FR;5;2021-07-28;0;0;0;0;0;0;0;0;0;0
FR;5;2021-07-29;0;0;0;0;0;0;0;0;0;0
FR;5;2021-07-30;0;0;0;0;0;0;0;0;0;0
FR;5;2021-07-31;0;0;0;0;0;0;0;0;0;0
FR;5;2021-08-01;0;0;0;0;0;0;0;0;0;0
FR;5;2021-08-02;0;0;0;0;0;0;0;0;0;0
FR;5;2021-08-03;0;0;0;0;0;0;0;0;0;0
FR;5;2021-08-04;0;0;0;0;0;0;0;0;0;0
FR;5;2021-08-05;0;0;0;0;0;0;0;0;0;0
FR;5;2021-08-06;0;0;0;0;0;0;0;0;0;0
FR;5;2021-08-07;0;0;0;0;0;0;0;0;0;0
FR;5;2021-08-08;0;0;0;0;0;0;0;0;0;0
FR;5;2021-08-09;0;0;0;0;0;0;0;0;0;0
FR;5;2021-08-10;0;0;0;0;0;0;0;0;0;0
FR;5;2021-08-11;0;0;0;0;0;0;0;0;0;0
FR;5;2021-08-12;0;0;0;0;0;0;0;0;0;0
FR;5;2021-08-13;0;0;0;0;0;0;0;0;0;0
FR;5;2021-08-14;0;0;0;0;0;0;0;0;0;0
FR;5;2021-08-15;0;0;0;0;0;0;0;0;0;0
FR;5;2021-08-16;0;0;0;0;0;0;0;0;0;0
FR;5;2021-08-17;0;0;0;0;0;0;0;0;0;0
FR;5;2021-08-18;0;0;0;0;0;0;0;0;0;0
FR;5;2021-08-19;0;0;0;0;0;0;0;0;0;0
FR;5;2021-08-20;0;0;0;0;0;0;0;0;0;0
FR;5;2021-08-21;0;0;0;0;0;0;0;0;0;0
FR;5;2021-08-22;0;0;0;0;0;0;0;0;0;0
FR;5;2021-08-23;0;0;0;0;0;0;0;0;0;0
FR;5;2021-08-24;0;0;0;0;0;0;0;0;0;0
FR;5;2021-08-25;0;0;0;0;0;0;0;0;0;0
FR;5;2021-08-26;0;0;0;0;0;0;0;0;0;0
FR;5;2021-08-27;0;0;0;0;0;0;0;0;0;0
FR;5;2021-08-28;0;0;0;0;0;0;0;0;0;0
FR;5;2021-08-29;0;0;0;0;0;0;0;0;0;0
FR;5;2021-08-30;0;0;0;0;0;0;0;0;0;0
FR;5;2021-08-31;0;0;0;0;0;0;0;0;0;0
FR;5;2021-09-01;0;0;0;0;0;0;0;0;0;0
FR;5;2021-09-02;0;0;0;0;0;0;0;0;0;0
FR;5;2021-09-03;0;0;0;0;0;0;0;0;0;0
FR;5;2021-09-04;0;0;0;0;0;0;0;0;0;0
FR;5;2021-09-05;0;0;0;0;0;0;0;0;0;0
FR;5;2021-09-06;0;0;0;0;0;0;0;0;0;0
FR;5;2021-09-07;0;0;0;0;0;0;0;0;0;0
FR;5;2021-09-08;0;0;0;0;0;0;0;0;0;0
FR;5;2021-09-09;0;0;0;0;0;0;0;0;0;0
FR;5;2021-09-10;0;0;0;0;0;0;0;0;0;0
FR;5;2021-09-11;0;0;0;0;0;0;0;0;0;0
FR;5;2021-09-12;0;0;0;0;0;0;0;0;0;0
FR;5;2021-09-13;0;0;0;0;0;0;0;0;0;0
FR;5;2021-09-14;0;0;0;0;0;0;0;0;0;0
FR;5;2021-09-15;0;0;0;0;0;0;0;0;0;0
FR;5;2021-09-16;0;0;0;0;0;0;0;0;0;0
FR;5;2021-09-17;0;0;0;0;0;0;0;0;0;0
FR;5;2021-09-18;0;0;0;0;0;0;0;0;0;0
FR;5;2021-09-19;0;0;0;0;0;0;0;0;0;0
FR;5;2021-09-20;0;0;0;0;0;0;0;0;0;0
FR;5;2021-09-21;0;0;0;0;0;0;0;0;0;0
FR;5;2021-09-22;0;0;0;0;0;0;0;0;0;0
FR;5;2021-09-23;0;0;0;0;0;0;0;0;0;0
FR;5;2021-09-24;0;0;0;0;0;0;0;0;0;0
FR;5;2021-09-25;0;0;0;0;0;0;0;0;0;0
FR;5;2021-09-26;0;0;0;0;0;0;0;0;0;0
FR;5;2021-09-27;0;0;0;0;0;0;0;0;0;0
FR;5;2021-09-28;0;0;0;0;0;0;0;0;0;0
FR;5;2021-09-29;0;0;0;0;0;0;0;0;0;0
FR;5;2021-09-30;0;0;0;0;0;0;0;0;0;0
FR;5;2021-10-01;0;0;0;0;0;0;0;0;0;0
FR;5;2021-10-02;0;0;0;0;0;0;0;0;0;0
FR;5;2021-10-03;0;0;0;0;0;0;0;0;0;0
FR;5;2021-10-04;0;0;0;0;0;0;0;0;0;0
FR;5;2021-10-05;0;0;0;0;0;0;0;0;0;0
FR;5;2021-10-06;0;0;0;0;0;0;0;0;0;0
FR;5;2021-10-07;0;0;0;0;0;0;0;0;0;0
FR;5;2021-10-08;0;0;0;0;0;0;0;0;0;0
FR;5;2021-10-09;0;0;0;0;0;0;0;0;0;0
FR;5;2021-10-10;0;0;0;0;0;0;0;0;0;0
FR;5;2021-10-11;0;0;0;0;0;0;0;0;0;0
FR;5;2021-10-12;0;0;0;0;0;0;0;0;0;0
FR;5;2021-10-13;0;0;0;0;0;0;0;0;0;0
FR;5;2021-10-14;0;0;0;0;0;0;0;0;0;0
FR;5;2021-10-15;0;0;0;0;0;0;0;0;0;0
FR;5;2021-10-16;0;0;0;0;0;0;0;0;0;0
FR;5;2021-10-17;0;0;0;0;0;0;0;0;0;0
FR;5;2021-10-18;0;0;0;0;0;0;0;0;0;0
FR;5;2021-10-19;0;0;0;0;0;0;0;0;0;0
FR;5;2021-10-20;0;0;0;0;0;0;0;0;0;0
FR;5;2021-10-21;0;0;0;0;0;0;0;0;0;0
FR;5;2021-10-22;0;0;0;0;0;0;0;0;0;0
FR;5;2021-10-23;0;0;0;0;0;0;0;0;0;0
FR;5;2021-10-24;0;0;0;0;0;0;0;0;0;0
FR;5;2021-10-25;0;0;0;0;0;0;0;0;0;0
FR;5;2021-10-26;0;0;0;0;0;0;0;0;0;0
FR;5;2021-10-27;0;0;0;0;0;0;0;0;0;0
FR;5;2021-10-28;0;0;0;0;0;0;0;0;0;0
FR;5;2021-10-29;0;0;0;0;0;0;0;0;0;0
FR;5;2021-10-30;0;0;0;0;0;0;0;0;0;0
FR;5;2021-10-31;0;0;0;0;0;0;0;0;0;0
FR;5;2021-11-01;0;0;0;0;0;0;0;0;0;0
FR;5;2021-11-02;0;0;0;0;0;0;0;0;0;0
FR;5;2021-11-03;0;0;0;0;0;0;0;0;0;0
FR;5;2021-11-04;0;0;0;0;0;0;0;0;0;0
FR;5;2021-11-05;0;0;0;0;0;0;0;0;0;0
FR;5;2021-11-06;0;0;0;0;0;0;0;0;0;0
FR;5;2021-11-07;0;0;0;0;0;0;0;0;0;0
FR;5;2021-11-08;0;0;0;0;0;0;0;0;0;0
FR;5;2021-11-09;0;0;0;0;0;0;0;0;0;0
FR;5;2021-11-10;0;0;0;0;0;0;0;0;0;0
FR;5;2021-11-11;0;0;0;0;0;0;0;0;0;0
FR;5;2021-11-12;0;0;0;0;0;0;0;0;0;0
FR;5;2021-11-13;0;0;0;0;0;0;0;0;0;0
FR;5;2021-11-14;0;0;0;0;0;0;0;0;0;0
FR;5;2021-11-15;0;0;0;0;0;0;0;0;0;0
FR;5;2021-11-16;0;0;0;0;0;0;0;0;0;0
FR;5;2021-11-17;0;0;0;0;0;0;0;0;0;0
FR;5;2021-11-18;0;0;0;0;0;0;0;0;0;0
FR;5;2021-11-19;0;0;0;0;0;0;0;0;0;0
FR;5;2021-11-20;0;0;0;0;0;0;0;0;0;0
FR;5;2021-11-21;0;0;0;0;0;0;0;0;0;0
FR;5;2021-11-22;0;0;0;0;0;0;0;0;0;0
FR;5;2021-11-23;0;0;0;0;0;0;0;0;0;0
FR;5;2021-11-24;0;0;0;0;0;0;0;0;0;0
FR;5;2021-11-25;0;0;0;0;0;0;0;0;0;0
FR;5;2021-11-26;0;0;0;0;0;0;0;0;0;0
FR;5;2021-11-27;0;0;0;0;0;0;0;0;0;0
FR;5;2021-11-28;0;0;0;0;0;0;0;0;0;0
FR;5;2021-11-29;0;0;0;0;0;0;0;0;0;0
FR;5;2021-11-30;0;0;0;0;0;0;0;0;0;0
FR;5;2021-12-01;0;0;0;0;0;0;0;0;0;0
FR;5;2021-12-02;0;0;0;0;0;0;0;0;0;0
FR;5;2021-12-03;0;0;0;0;0;0;0;0;0;0
FR;5;2021-12-04;0;0;0;0;0;0;0;0;0;0
FR;5;2021-12-05;0;0;0;0;0;0;0;0;0;0
FR;5;2021-12-06;0;0;0;0;0;0;0;0;0;0
FR;5;2021-12-07;0;0;0;0;0;0;0;0;0;0
FR;5;2021-12-08;0;0;0;0;0;0;0;0;0;0
FR;5;2021-12-09;0;0;0;0;0;0;0;0;0;0
FR;5;2021-12-10;0;0;0;0;0;0;0;0;0;0
FR;5;2021-12-11;0;0;0;0;0;0;0;0;0;0
FR;5;2021-12-12;0;0;0;0;0;0;0;0;0;0
FR;5;2021-12-13;0;0;0;0;0;0;0;0;0;0
FR;5;2021-12-14;33;45;77;0;88;33;45;77;0;88
FR;5;2021-12-15;196;45;37;0;49;229;90;114;0;137
FR;5;2021-12-16;181;21;44;0;48;410;111;158;0;185
FR;5;2021-12-17;312;16;72;0;74;722;127;230;0;259
FR;5;2021-12-18;766;24;22;0;29;1488;151;252;0;288
FR;5;2021-12-19;586;15;15;0;17;2074;166;267;0;305
FR;5;2021-12-20;1223;31;35;0;38;3297;197;302;0;343
FR;5;2021-12-21;1535;22;54;1;60;4832;219;356;1;403
FR;5;2021-12-22;4069;40;37;0;46;8901;259;393;1;449
FR;5;2021-12-23;3042;16;21;0;25;11943;275;414;1;474
FR;5;2021-12-24;761;18;9;0;14;12704;293;423;1;488
FR;5;2021-12-25;61;5;2;0;3;12765;298;425;1;491
FR;5;2021-12-26;623;6;3;0;4;13388;304;428;1;495
FR;5;2021-12-27;4084;25;21;0;23;17472;329;449;1;518
FR;5;2021-12-28;5204;23;41;1;43;22676;352;490;2;561
FR;5;2021-12-29;8107;34;66;2;69;30783;386;556;4;630
FR;5;2021-12-30;5173;18;33;0;39;35956;404;589;4;669
FR;5;2021-12-31;1553;8;10;0;11;37509;412;599;4;680
FR;5;2022-01-01;185;2;2;0;3;37694;414;601;4;683
FR;5;2022-01-02;1489;1;1;0;1;39183;415;602;4;684
FR;5;2022-01-03;3066;36;33;0;32;42249;451;635;4;716
FR;5;2022-01-04;3033;39;33;0;42;45282;490;668;4;758
FR;5;2022-01-05;19323;203;97;1;108;64605;693;765;5;866
FR;5;2022-01-06;3746;134;122;0;142;68351;827;887;5;1008
FR;5;2022-01-07;5007;202;48;2;56;73358;1029;935;7;1064
FR;5;2022-01-08;13659;514;45;0;52;87017;1543;980;7;1116
FR;5;2022-01-09;5754;399;15;0;20;92771;1942;995;7;1136
FR;5;2022-01-10;3455;326;25;0;29;96226;2268;1020;7;1165
FR;5;2022-01-11;3671;284;38;0;41;99897;2552;1058;7;1206
FR;5;2022-01-12;22652;3005;90;0;113;122549;5557;1148;7;1319
FR;5;2022-01-13;4037;622;30;0;32;126586;6179;1178;7;1351
FR;5;2022-01-14;4843;582;44;0;51;131429;6761;1222;7;1402
FR;5;2022-01-15;14686;1746;38;3;49;146115;8507;1260;10;1451
FR;5;2022-01-16;4727;666;3;0;5;150842;9173;1263;10;1456
FR;5;2022-01-17;2297;718;26;0;29;153139;9891;1289;10;1485
FR;5;2022-01-18;2430;870;30;0;40;155569;10761;1319;10;1525
FR;5;2022-01-19;18483;6423;74;2;142;174052;17184;1393;12;1667
FR;5;2022-01-20;1920;1068;25;0;34;175972;18252;1418;12;1701
FR;5;2022-01-21;3077;1372;47;1;59;179049;19624;1465;13;1760
FR;5;2022-01-22;10721;3454;33;1;43;189770;23078;1498;14;1803
FR;5;2022-01-23;2629;1415;6;0;10;192399;24493;1504;14;1813
FR;5;2022-01-24;1160;1340;19;0;23;193559;25833;1523;14;1836
FR;5;2022-01-25;1220;1549;20;2;31;194779;27382;1543;16;1867
FR;5;2022-01-26;10752;12027;50;1;89;205531;39409;1593;17;1956
FR;5;2022-01-27;1291;1693;10;0;17;206822;41102;1603;17;1973
FR;5;2022-01-28;1699;3347;16;0;19;208521;44449;1619;17;1992
FR;5;2022-01-29;6240;8041;68;0;96;214761;52490;1687;17;2088
FR;5;2022-01-30;1509;2950;5;0;18;216270;55440;1692;17;2106
FR;5;2022-01-31;589;1773;23;0;24;216859;57213;1715;17;2130
FR;5;2022-02-01;712;1706;10;0;15;217571;58919;1725;17;2145
FR;5;2022-02-02;6958;15656;52;0;94;224529;74575;1777;17;2239
FR;5;2022-02-03;491;1690;14;0;13;225020;76265;1791;17;2252
FR;5;2022-02-04;945;3002;19;0;31;225965;79267;1810;17;2283
FR;5;2022-02-05;3535;8918;23;0;37;229500;88185;1833;17;2320
FR;5;2022-02-06;737;2397;10;0;19;230237;90582;1843;17;2339
FR;5;2022-02-07;884;1596;23;0;25;231121;92178;1866;17;2364
FR;5;2022-02-08;722;1287;18;0;20;231843;93465;1884;17;2384
FR;5;2022-02-09;4544;12878;44;0;76;236387;106343;1928;17;2460
FR;5;2022-02-10;646;1059;14;0;15;237033;107402;1942;17;2475
FR;5;2022-02-11;793;2032;16;0;21;237826;109434;1958;17;2496
FR;5;2022-02-12;2286;6813;33;0;53;240112;116247;1991;17;2549
FR;5;2022-02-13;464;1540;8;0;8;240576;117787;1999;17;2557
FR;5;2022-02-14;678;1288;10;0;13;241254;119075;2009;17;2570
FR;5;2022-02-15;482;886;9;0;14;241736;119961;2018;17;2584
FR;5;2022-02-16;2980;9123;41;1;58;244716;129084;2059;18;2642
FR;5;2022-02-17;436;809;6;0;7;245152;129893;2065;18;2649
FR;5;2022-02-18;649;1408;13;0;17;245801;131301;2078;18;2666
FR;5;2022-02-19;1373;4315;16;0;28;247174;135616;2094;18;2694
FR;5;2022-02-20;247;879;6;0;8;247421;136495;2100;18;2702
FR;5;2022-02-21;221;607;2;0;4;247642;137102;2102;18;2706
FR;5;2022-02-22;262;545;17;0;17;247904;137647;2119;18;2723
FR;5;2022-02-23;1909;6926;23;1;43;249813;144573;2142;19;2766
FR;5;2022-02-24;182;374;6;1;7;249995;144947;2148;20;2773
FR;5;2022-02-25;336;950;13;0;12;250331;145897;2161;20;2785
FR;5;2022-02-26;972;3070;11;0;15;251303;148967;2172;20;2800
FR;5;2022-02-27;150;506;0;0;3;251453;149473;2172;20;2803
FR;5;2022-02-28;162;369;1;0;1;251615;149842;2173;20;2804
FR;5;2022-03-01;130;280;6;0;7;251745;150122;2179;20;2811
FR;5;2022-03-02;1241;4156;28;3;40;252986;154278;2207;23;2851
FR;5;2022-03-03;121;251;5;0;10;253107;154529;2212;23;2861
FR;5;2022-03-04;196;488;13;0;14;253303;155017;2225;23;2875
FR;5;2022-03-05;677;1990;8;0;16;253980;157007;2233;23;2891
FR;5;2022-03-06;108;260;0;0;0;254088;157267;2233;23;2891
FR;5;2022-03-07;71;228;5;0;3;254159;157495;2238;23;2894
FR;5;2022-03-08;46;134;7;1;8;254205;157629;2245;24;2902
FR;5;2022-03-09;910;3078;24;0;36;255115;160707;2269;24;2938
FR;5;2022-03-10;82;202;8;0;12;255197;160909;2277;24;2950
FR;5;2022-03-11;148;369;13;1;15;255345;161278;2290;25;2965
FR;5;2022-03-12;758;1613;13;1;30;256103;162891;2303;26;2995
FR;5;2022-03-13;78;100;0;0;0;256181;162991;2303;26;2995
FR;5;2022-03-14;67;119;7;1;7;256248;163110;2310;27;3002
FR;5;2022-03-15;83;99;4;0;7;256331;163209;2314;27;3009
FR;5;2022-03-16;883;1827;15;3;36;257214;165036;2329;30;3045
FR;5;2022-03-17;68;123;8;4;10;257282;165159;2337;34;3055
FR;5;2022-03-18;172;318;13;4;18;257454;165477;2350;38;3073
FR;5;2022-03-19;751;1163;12;5;33;258205;166640;2362;43;3106
FR;5;2022-03-20;45;93;1;0;1;258250;166733;2363;43;3107
FR;5;2022-03-21;71;120;10;6;15;258321;166853;2373;49;3122
FR;5;2022-03-22;56;119;8;7;9;258377;166972;2381;56;3131
FR;5;2022-03-23;805;1461;14;8;36;259182;168433;2395;64;3167
FR;5;2022-03-24;70;93;8;7;7;259252;168526;2403;71;3174
FR;5;2022-03-25;222;293;14;8;18;259474;168819;2417;79;3192
FR;5;2022-03-26;707;853;12;5;26;260181;169672;2429;84;3218
FR;5;2022-03-27;75;80;0;0;3;260256;169752;2429;84;3221
FR;5;2022-03-28;81;93;1;2;3;260337;169845;2430;86;3224
FR;5;2022-03-29;71;82;10;4;12;260408;169927;2440;90;3236
FR;5;2022-03-30;823;1116;16;13;29;261231;171043;2456;103;3265
FR;5;2022-03-31;102;125;1;4;6;261333;171168;2457;107;3271
FR;5;2022-04-01;114;86;7;12;11;261447;171254;2464;119;3282
FR;5;2022-04-02;330;349;3;3;15;261777;171603;2467;122;3297
FR;5;2022-04-03;54;59;1;0;1;261831;171662;2468;122;3298
FR;5;2022-04-04;40;57;4;1;8;261871;171719;2472;123;3306
FR;5;2022-04-05;52;60;6;7;9;261923;171779;2478;130;3315
FR;5;2022-04-06;421;439;7;15;16;262344;172218;2485;145;3331
FR;5;2022-04-07;45;69;5;7;7;262389;172287;2490;152;3338
FR;5;2022-04-08;134;112;12;13;14;262523;172399;2502;165;3352
FR;5;2022-04-09;311;324;2;5;17;262834;172723;2504;170;3369
FR;5;2022-04-10;43;31;2;0;2;262877;172754;2506;170;3371
FR;5;2022-04-11;50;60;3;2;4;262927;172814;2509;172;3375
FR;5;2022-04-12;59;54;3;3;5;262986;172868;2512;175;3380
FR;5;2022-04-13;382;413;3;8;16;263368;173281;2515;183;3396
FR;5;2022-04-14;48;48;5;5;9;263416;173329;2520;188;3405
FR;5;2022-04-15;91;109;4;4;5;263507;173438;2524;192;3410
FR;5;2022-04-16;188;184;2;1;13;263695;173622;2526;193;3423
FR;5;2022-04-17;12;11;1;0;1;263707;173633;2527;193;3424
FR;5;2022-04-18;9;10;2;0;3;263716;173643;2529;193;3427
FR;5;2022-04-19;75;71;6;1;6;263791;173714;2535;194;3433
FR;5;2022-04-20;361;349;9;6;12;264152;174063;2544;200;3445
FR;5;2022-04-21;42;64;9;10;12;264194;174127;2553;210;3457
FR;5;2022-04-22;113;96;5;4;5;264307;174223;2558;214;3462
FR;5;2022-04-23;209;193;3;2;10;264516;174416;2561;216;3472
FR;5;2022-04-24;37;35;0;0;3;264553;174451;2561;216;3475
FR;5;2022-04-25;69;65;1;1;4;264622;174516;2562;217;3479
FR;5;2022-04-26;60;63;2;1;5;264682;174579;2564;218;3484
FR;5;2022-04-27;335;316;3;7;14;265017;174895;2567;225;3498
FR;5;2022-04-28;81;54;4;5;8;265098;174949;2571;230;3506
FR;5;2022-04-29;117;84;5;19;12;265215;175033;2576;249;3518
FR;5;2022-04-30;183;114;2;3;10;265398;175147;2578;252;3528
FR;5;2022-05-01;11;7;0;0;0;265409;175154;2578;252;3528
FR;5;2022-05-02;52;28;4;5;2;265461;175182;2582;257;3530
FR;5;2022-05-03;84;57;2;5;11;265545;175239;2584;262;3541
FR;5;2022-05-04;278;205;1;2;7;265823;175444;2585;264;3548
FR;5;2022-05-05;62;32;3;4;5;265885;175476;2588;268;3553
FR;5;2022-05-06;105;65;2;3;5;265990;175541;2590;271;3558
FR;5;2022-05-07;171;117;3;10;13;266161;175658;2593;281;3571
FR;5;2022-05-08;8;8;0;0;2;266169;175666;2593;281;3573
FR;5;2022-05-09;44;34;15;3;16;266213;175700;2608;284;3589
FR;5;2022-05-10;54;49;3;4;5;266267;175749;2611;288;3594
FR;5;2022-05-11;326;237;12;7;21;266593;175986;2623;295;3615
FR;5;2022-05-12;46;34;2;2;2;266639;176020;2625;297;3617
FR;5;2022-05-13;109;83;3;8;8;266748;176103;2628;305;3625
FR;5;2022-05-14;209;131;0;1;8;266957;176234;2628;306;3633
FR;5;2022-05-15;22;9;2;0;1;266979;176243;2630;306;3634
FR;5;2022-05-16;52;34;4;5;4;267031;176277;2634;311;3638
FR;5;2022-05-17;72;40;5;0;2;267103;176317;2639;311;3640
FR;5;2022-05-18;289;215;4;4;8;267392;176532;2643;315;3648
FR;5;2022-05-19;45;35;5;3;3;267437;176567;2648;318;3651
FR;5;2022-05-20;76;63;3;10;1;267513;176630;2651;328;3652
FR;5;2022-05-21;242;166;2;3;17;267755;176796;2653;331;3669
FR;5;2022-05-22;20;14;2;5;2;267775;176810;2655;336;3671
FR;5;2022-05-23;42;31;4;3;6;267817;176841;2659;339;3677
FR;5;2022-05-24;47;45;3;2;5;267864;176886;2662;341;3682
FR;5;2022-05-25;329;257;4;1;16;268193;177143;2666;342;3698
FR;5;2022-05-26;17;5;0;1;2;268210;177148;2666;343;3700
FR;5;2022-05-27;99;54;4;4;9;268309;177202;2670;347;3709
FR;5;2022-05-28;100;78;5;3;10;268409;177280;2675;350;3719
FR;5;2022-05-29;14;14;1;0;2;268423;177294;2676;350;3721
FR;5;2022-05-30;56;41;2;1;2;268479;177335;2678;351;3723
FR;5;2022-05-31;57;43;1;8;1;268536;177378;2679;359;3724
FR;5;2022-06-01;257;241;9;2;25;268793;177619;2688;361;3749
FR;5;2022-06-02;63;61;5;0;9;268856;177680;2693;361;3758
FR;5;2022-06-03;81;71;4;5;10;268937;177751;2697;366;3768
FR;5;2022-06-04;156;109;2;1;9;269093;177860;2699;367;3777
FR;5;2022-06-05;18;11;0;0;1;269111;177871;2699;367;3778
FR;5;2022-06-06;16;9;0;1;0;269127;177880;2699;368;3778
FR;5;2022-06-07;50;56;1;1;2;269177;177936;2700;369;3780
FR;5;2022-06-08;283;225;3;4;17;269460;178161;2703;373;3797
FR;5;2022-06-09;52;41;6;3;7;269512;178202;2709;376;3804
FR;5;2022-06-10;81;72;1;1;6;269593;178274;2710;377;3810
FR;5;2022-06-11;173;141;3;3;10;269766;178415;2713;380;3820
FR;5;2022-06-12;17;16;0;0;2;269783;178431;2713;380;3822
FR;5;2022-06-13;56;47;9;3;10;269839;178478;2722;383;3832
FR;5;2022-06-14;59;56;1;4;6;269898;178534;2723;387;3838
FR;5;2022-06-15;266;260;5;2;27;270164;178794;2728;389;3865
FR;5;2022-06-16;47;30;5;2;5;270211;178824;2733;391;3870
FR;5;2022-06-17;100;67;5;5;10;270311;178891;2738;396;3880
FR;5;2022-06-18;146;95;10;2;26;270457;178986;2748;398;3906
FR;5;2022-06-19;26;15;0;1;4;270483;179001;2748;399;3910
FR;5;2022-06-20;56;50;8;0;11;270539;179051;2756;399;3921
FR;5;2022-06-21;52;73;5;3;7;270591;179124;2761;402;3928
FR;5;2022-06-22;223;247;7;9;33;270814;179371;2768;411;3961
FR;5;2022-06-23;50;38;2;5;6;270864;179409;2770;416;3967
FR;5;2022-06-24;91;69;12;5;16;270955;179478;2782;421;3983
FR;5;2022-06-25;154;124;3;7;14;271109;179602;2785;428;3997
FR;5;2022-06-26;26;19;2;0;5;271135;179621;2787;428;4002
FR;5;2022-06-27;57;60;5;7;11;271192;179681;2792;435;4013
FR;5;2022-06-28;70;49;8;2;14;271262;179730;2800;437;4027
FR;5;2022-06-29;297;268;9;21;34;271559;179998;2809;458;4061
FR;5;2022-06-30;89;57;10;12;17;271648;180055;2819;470;4078
FR;5;2022-07-01;126;65;7;11;12;271774;180120;2826;481;4090
FR;5;2022-07-02;191;132;4;0;22;271965;180252;2830;481;4112
FR;5;2022-07-03;30;25;1;0;4;271995;180277;2831;481;4116
FR;5;2022-07-04;103;64;2;5;6;272098;180341;2833;486;4122
FR;5;2022-07-05;104;72;3;8;13;272202;180413;2836;494;4135
FR;5;2022-07-06;277;168;9;36;27;272479;180581;2845;530;4162
FR;5;2022-07-07;88;68;6;9;13;272567;180649;2851;539;4175
FR;5;2022-07-08;152;120;7;14;25;272719;180769;2858;553;4200
FR;5;2022-07-09;116;68;1;8;10;272835;180837;2859;561;4210
FR;5;2022-07-10;15;6;0;0;1;272850;180843;2859;561;4211
FR;5;2022-07-11;92;72;10;2;19;272942;180915;2869;563;4230
FR;5;2022-07-12;67;63;5;10;7;273009;180978;2874;573;4237
FR;5;2022-07-13;169;118;10;19;16;273178;181096;2884;592;4253
FR;5;2022-07-14;8;4;0;0;0;273186;181100;2884;592;4253
FR;5;2022-07-15;74;66;5;14;15;273260;181166;2889;606;4268
FR;5;2022-07-16;54;44;3;0;3;273314;181210;2892;606;4271
FR;5;2022-07-17;10;7;3;0;2;273324;181217;2895;606;4273
FR;5;2022-07-18;60;46;0;5;3;273384;181263;2895;611;4276
FR;5;2022-07-19;63;42;5;3;7;273447;181305;2900;614;4283
FR;5;2022-07-20;119;106;4;11;14;273566;181411;2904;625;4297
FR;5;2022-07-21;38;43;2;10;5;273604;181454;2906;635;4302
FR;5;2022-07-22;46;69;11;14;23;273650;181523;2917;649;4325
FR;5;2022-07-23;59;78;2;1;11;273709;181601;2919;650;4336
FR;5;2022-07-24;11;9;3;1;3;273720;181610;2922;651;4339
FR;5;2022-07-25;53;48;2;7;8;273773;181658;2924;658;4347
FR;5;2022-07-26;58;53;5;41;6;273831;181711;2929;699;4353
FR;5;2022-07-27;106;118;4;4;13;273937;181829;2933;703;4366
FR;5;2022-07-28;39;35;2;2;6;273976;181864;2935;705;4372
FR;5;2022-07-29;56;74;3;14;8;274032;181938;2938;719;4380
FR;5;2022-07-30;55;53;5;1;7;274087;181991;2943;720;4387
FR;5;2022-07-31;7;11;1;0;1;274094;182002;2944;720;4388
FR;5;2022-08-01;39;52;1;2;6;274133;182054;2945;722;4394
FR;5;2022-08-02;31;43;8;7;8;274164;182097;2953;729;4402
FR;5;2022-08-03;54;51;4;10;9;274218;182148;2957;739;4411
FR;5;2022-08-04;20;18;1;6;1;274238;182166;2958;745;4412
FR;5;2022-08-05;35;26;3;3;3;274273;182192;2961;748;4415
FR;5;2022-08-06;23;26;1;0;1;274296;182218;2962;748;4416
FR;5;2022-08-07;2;2;1;0;1;274298;182220;2963;748;4417
FR;5;2022-08-08;25;19;1;2;2;274323;182239;2964;750;4419
FR;5;2022-08-09;26;28;3;3;3;274349;182267;2967;753;4422
FR;5;2022-08-10;47;47;2;0;5;274396;182314;2969;753;4427
FR;5;2022-08-11;19;34;2;2;5;274415;182348;2971;755;4432
FR;5;2022-08-12;27;28;2;0;2;274442;182376;2973;755;4434
FR;5;2022-08-13;16;18;0;0;0;274458;182394;2973;755;4434
FR;5;2022-08-14;2;3;0;0;0;274460;182397;2973;755;4434
FR;5;2022-08-15;2;5;0;0;0;274462;182402;2973;755;4434
FR;5;2022-08-16;33;26;2;0;5;274495;182428;2975;755;4439
FR;5;2022-08-17;52;55;2;1;1;274547;182483;2977;756;4440
FR;5;2022-08-18;26;18;5;17;7;274573;182501;2982;773;4447
FR;5;2022-08-19;25;33;1;2;2;274598;182534;2983;775;4449
FR;5;2022-08-20;25;27;2;1;4;274623;182561;2985;776;4453
FR;5;2022-08-21;7;4;1;0;1;274630;182565;2986;776;4454
FR;5;2022-08-22;38;26;1;6;2;274668;182591;2987;782;4456
FR;5;2022-08-23;27;25;1;1;2;274695;182616;2988;783;4458
FR;5;2022-08-24;50;43;0;0;0;274745;182659;2988;783;4458
FR;5;2022-08-25;27;26;3;1;2;274772;182685;2991;784;4460
FR;5;2022-08-26;48;38;7;2;5;274820;182723;2998;786;4465
FR;5;2022-08-27;46;28;1;0;3;274866;182751;2999;786;4468
FR;5;2022-08-28;5;6;0;0;0;274871;182757;2999;786;4468
FR;5;2022-08-29;58;44;1;1;4;274929;182801;3000;787;4472
FR;5;2022-08-30;42;23;12;29;10;274971;182824;3012;816;4482
FR;5;2022-08-31;52;47;6;1;11;275023;182871;3018;817;4493
FR;5;2022-09-01;14;8;1;4;1;275037;182879;3019;821;4494
FR;5;2022-09-02;42;21;8;2;8;275079;182900;3027;823;4502
FR;5;2022-09-03;67;37;2;0;2;275146;182937;3029;823;4504
FR;5;2022-09-04;12;7;1;0;3;275158;182944;3030;823;4507
FR;5;2022-09-05;6;4;0;0;0;275164;182948;3030;823;4507
FR;5;2022-09-06;19;14;3;15;2;275183;182962;3033;838;4509
FR;5;2022-09-07;79;53;1;1;3;275262;183015;3034;839;4512
FR;5;2022-09-08;9;4;0;4;0;275271;183019;3034;843;4512
FR;5;2022-09-09;40;11;9;2;10;275311;183030;3043;845;4522
FR;5;2022-09-10;40;45;1;1;8;275351;183075;3044;846;4530
FR;5;2022-09-11;3;3;0;0;1;275354;183078;3044;846;4531
FR;5;2022-09-12;7;5;2;2;2;275361;183083;3046;848;4533
FR;5;2022-09-13;8;6;0;1;3;275369;183089;3046;849;4536
FR;5;2022-09-14;52;46;4;7;9;275421;183135;3050;856;4545
FR;5;2022-09-15;11;13;2;3;5;275432;183148;3052;859;4550
FR;5;2022-09-16;25;33;1;4;3;275457;183181;3053;863;4553
FR;5;2022-09-17;60;42;1;1;5;275517;183223;3054;864;4558
FR;5;2022-09-18;9;2;0;1;1;275526;183225;3054;865;4559
FR;5;2022-09-19;22;16;2;1;4;275548;183241;3056;866;4563
FR;5;2022-09-20;15;11;3;3;1;275563;183252;3059;869;4564
FR;5;2022-09-21;67;45;9;0;13;275630;183297;3068;869;4577
FR;5;2022-09-22;11;6;4;24;4;275641;183303;3072;893;4581
FR;5;2022-09-23;19;22;2;3;6;275660;183325;3074;896;4587
FR;5;2022-09-24;44;51;1;8;5;275704;183376;3075;904;4592
FR;5;2022-09-25;6;12;0;0;1;275710;183388;3075;904;4593
FR;5;2022-09-26;13;6;0;2;0;275723;183394;3075;906;4593
FR;5;2022-09-27;7;11;4;9;4;275730;183405;3079;915;4597
FR;5;2022-09-28;67;59;5;0;5;275797;183464;3084;915;4602
FR;5;2022-09-29;17;8;1;0;1;275814;183472;3085;915;4603
FR;6;2020-12-27;0;0;0;0;0;0;0;0;0;0
FR;6;2020-12-28;0;0;0;0;0;0;0;0;0;0
FR;6;2020-12-29;0;0;0;0;0;0;0;0;0;0
FR;6;2020-12-30;0;0;0;0;0;0;0;0;0;0
FR;6;2020-12-31;0;0;0;0;0;0;0;0;0;0
FR;6;2021-01-01;0;0;0;0;0;0;0;0;0;0
FR;6;2021-01-02;0;0;0;0;0;0;0;0;0;0
FR;6;2021-01-03;0;0;0;0;0;0;0;0;0;0
FR;6;2021-01-04;0;0;0;0;0;0;0;0;0;0
FR;6;2021-01-05;0;0;0;0;0;0;0;0;0;0
FR;6;2021-01-06;0;0;0;0;0;0;0;0;0;0
FR;6;2021-01-07;0;0;0;0;0;0;0;0;0;0
FR;6;2021-01-08;0;0;0;0;0;0;0;0;0;0
FR;6;2021-01-09;0;0;0;0;0;0;0;0;0;0
FR;6;2021-01-10;0;0;0;0;0;0;0;0;0;0
FR;6;2021-01-11;0;0;0;0;0;0;0;0;0;0
FR;6;2021-01-12;0;0;0;0;0;0;0;0;0;0
FR;6;2021-01-13;0;0;0;0;0;0;0;0;0;0
FR;6;2021-01-14;0;0;0;0;0;0;0;0;0;0
FR;6;2021-01-15;0;0;0;0;0;0;0;0;0;0
FR;6;2021-01-16;0;0;0;0;0;0;0;0;0;0
FR;6;2021-01-17;0;0;0;0;0;0;0;0;0;0
FR;6;2021-01-18;0;0;0;0;0;0;0;0;0;0
FR;6;2021-01-19;0;0;0;0;0;0;0;0;0;0
FR;6;2021-01-20;0;0;0;0;0;0;0;0;0;0
FR;6;2021-01-21;0;0;0;0;0;0;0;0;0;0
FR;6;2021-01-22;0;0;0;0;0;0;0;0;0;0
FR;6;2021-01-23;0;0;0;0;0;0;0;0;0;0
FR;6;2021-01-24;0;0;0;0;0;0;0;0;0;0
FR;6;2021-01-25;0;0;0;0;0;0;0;0;0;0
FR;6;2021-01-26;0;0;0;0;0;0;0;0;0;0
FR;6;2021-01-27;0;0;0;0;0;0;0;0;0;0
FR;6;2021-01-28;0;0;0;0;0;0;0;0;0;0
FR;6;2021-01-29;0;0;0;0;0;0;0;0;0;0
FR;6;2021-01-30;0;0;0;0;0;0;0;0;0;0
FR;6;2021-01-31;0;0;0;0;0;0;0;0;0;0
FR;6;2021-02-01;0;0;0;0;0;0;0;0;0;0
FR;6;2021-02-02;0;0;0;0;0;0;0;0;0;0
FR;6;2021-02-03;0;0;0;0;0;0;0;0;0;0
FR;6;2021-02-04;0;0;0;0;0;0;0;0;0;0
FR;6;2021-02-05;0;0;0;0;0;0;0;0;0;0
FR;6;2021-02-06;0;0;0;0;0;0;0;0;0;0
FR;6;2021-02-07;0;0;0;0;0;0;0;0;0;0
FR;6;2021-02-08;0;0;0;0;0;0;0;0;0;0
FR;6;2021-02-09;0;0;0;0;0;0;0;0;0;0
FR;6;2021-02-10;0;0;0;0;0;0;0;0;0;0
FR;6;2021-02-11;0;0;0;0;0;0;0;0;0;0
FR;6;2021-02-12;0;0;0;0;0;0;0;0;0;0
FR;6;2021-02-13;0;0;0;0;0;0;0;0;0;0
FR;6;2021-02-14;0;0;0;0;0;0;0;0;0;0
FR;6;2021-02-15;0;0;0;0;0;0;0;0;0;0
FR;6;2021-02-16;0;0;0;0;0;0;0;0;0;0
FR;6;2021-02-17;0;0;0;0;0;0;0;0;0;0
FR;6;2021-02-18;0;0;0;0;0;0;0;0;0;0
FR;6;2021-02-19;0;0;0;0;0;0;0;0;0;0
FR;6;2021-02-20;0;0;0;0;0;0;0;0;0;0
FR;6;2021-02-21;0;0;0;0;0;0;0;0;0;0
FR;6;2021-02-22;0;0;0;0;0;0;0;0;0;0
FR;6;2021-02-23;0;0;0;0;0;0;0;0;0;0
FR;6;2021-02-24;0;0;0;0;0;0;0;0;0;0
FR;6;2021-02-25;0;0;0;0;0;0;0;0;0;0
FR;6;2021-02-26;0;0;0;0;0;0;0;0;0;0
FR;6;2021-02-27;0;0;0;0;0;0;0;0;0;0
FR;6;2021-02-28;0;0;0;0;0;0;0;0;0;0
FR;6;2021-03-01;0;0;0;0;0;0;0;0;0;0
FR;6;2021-03-02;0;0;0;0;0;0;0;0;0;0
FR;6;2021-03-03;0;0;0;0;0;0;0;0;0;0
FR;6;2021-03-04;0;0;0;0;0;0;0;0;0;0
FR;6;2021-03-05;0;0;0;0;0;0;0;0;0;0
FR;6;2021-03-06;0;0;0;0;0;0;0;0;0;0
FR;6;2021-03-07;0;0;0;0;0;0;0;0;0;0
FR;6;2021-03-08;0;0;0;0;0;0;0;0;0;0
FR;6;2021-03-09;0;0;0;0;0;0;0;0;0;0
FR;6;2021-03-10;0;0;0;0;0;0;0;0;0;0
FR;6;2021-03-11;0;0;0;0;0;0;0;0;0;0
FR;6;2021-03-12;0;0;0;0;0;0;0;0;0;0
FR;6;2021-03-13;0;0;0;0;0;0;0;0;0;0
FR;6;2021-03-14;0;0;0;0;0;0;0;0;0;0
FR;6;2021-03-15;0;0;0;0;0;0;0;0;0;0
FR;6;2021-03-16;0;0;0;0;0;0;0;0;0;0
FR;6;2021-03-17;0;0;0;0;0;0;0;0;0;0
FR;6;2021-03-18;0;0;0;0;0;0;0;0;0;0
FR;6;2021-03-19;0;0;0;0;0;0;0;0;0;0
FR;6;2021-03-20;0;0;0;0;0;0;0;0;0;0
FR;6;2021-03-21;0;0;0;0;0;0;0;0;0;0
FR;6;2021-03-22;0;0;0;0;0;0;0;0;0;0
FR;6;2021-03-23;0;0;0;0;0;0;0;0;0;0
FR;6;2021-03-24;0;0;0;0;0;0;0;0;0;0
FR;6;2021-03-25;0;0;0;0;0;0;0;0;0;0
FR;6;2021-03-26;0;0;0;0;0;0;0;0;0;0
FR;6;2021-03-27;0;0;0;0;0;0;0;0;0;0
FR;6;2021-03-28;0;0;0;0;0;0;0;0;0;0
FR;6;2021-03-29;0;0;0;0;0;0;0;0;0;0
FR;6;2021-03-30;0;0;0;0;0;0;0;0;0;0
FR;6;2021-03-31;0;0;0;0;0;0;0;0;0;0
FR;6;2021-04-01;0;0;0;0;0;0;0;0;0;0
FR;6;2021-04-02;0;0;0;0;0;0;0;0;0;0
FR;6;2021-04-03;0;0;0;0;0;0;0;0;0;0
FR;6;2021-04-04;0;0;0;0;0;0;0;0;0;0
FR;6;2021-04-05;0;0;0;0;0;0;0;0;0;0
FR;6;2021-04-06;0;0;0;0;0;0;0;0;0;0
FR;6;2021-04-07;0;0;0;0;0;0;0;0;0;0
FR;6;2021-04-08;0;0;0;0;0;0;0;0;0;0
FR;6;2021-04-09;0;0;0;0;0;0;0;0;0;0
FR;6;2021-04-10;0;0;0;0;0;0;0;0;0;0
FR;6;2021-04-11;0;0;0;0;0;0;0;0;0;0
FR;6;2021-04-12;0;0;0;0;0;0;0;0;0;0
FR;6;2021-04-13;0;0;0;0;0;0;0;0;0;0
FR;6;2021-04-14;0;0;0;0;0;0;0;0;0;0
FR;6;2021-04-15;0;0;0;0;0;0;0;0;0;0
FR;6;2021-04-16;0;0;0;0;0;0;0;0;0;0
FR;6;2021-04-17;0;0;0;0;0;0;0;0;0;0
FR;6;2021-04-18;0;0;0;0;0;0;0;0;0;0
FR;6;2021-04-19;0;0;0;0;0;0;0;0;0;0
FR;6;2021-04-20;0;0;0;0;0;0;0;0;0;0
FR;6;2021-04-21;0;0;0;0;0;0;0;0;0;0
FR;6;2021-04-22;0;0;0;0;0;0;0;0;0;0
FR;6;2021-04-23;0;0;0;0;0;0;0;0;0;0
FR;6;2021-04-24;0;0;0;0;0;0;0;0;0;0
FR;6;2021-04-25;0;0;0;0;0;0;0;0;0;0
FR;6;2021-04-26;0;0;0;0;0;0;0;0;0;0
FR;6;2021-04-27;0;0;0;0;0;0;0;0;0;0
FR;6;2021-04-28;0;0;0;0;0;0;0;0;0;0
FR;6;2021-04-29;0;0;0;0;0;0;0;0;0;0
FR;6;2021-04-30;0;0;0;0;0;0;0;0;0;0
FR;6;2021-05-01;0;0;0;0;0;0;0;0;0;0
FR;6;2021-05-02;0;0;0;0;0;0;0;0;0;0
FR;6;2021-05-03;0;0;0;0;0;0;0;0;0;0
FR;6;2021-05-04;0;0;0;0;0;0;0;0;0;0
FR;6;2021-05-05;0;0;0;0;0;0;0;0;0;0
FR;6;2021-05-06;0;0;0;0;0;0;0;0;0;0
FR;6;2021-05-07;0;0;0;0;0;0;0;0;0;0
FR;6;2021-05-08;0;0;0;0;0;0;0;0;0;0
FR;6;2021-05-09;0;0;0;0;0;0;0;0;0;0
FR;6;2021-05-10;0;0;0;0;0;0;0;0;0;0
FR;6;2021-05-11;0;0;0;0;0;0;0;0;0;0
FR;6;2021-05-12;0;0;0;0;0;0;0;0;0;0
FR;6;2021-05-13;0;0;0;0;0;0;0;0;0;0
FR;6;2021-05-14;0;0;0;0;0;0;0;0;0;0
FR;6;2021-05-15;0;0;0;0;0;0;0;0;0;0
FR;6;2021-05-16;0;0;0;0;0;0;0;0;0;0
FR;6;2021-05-17;0;0;0;0;0;0;0;0;0;0
FR;6;2021-05-18;0;0;0;0;0;0;0;0;0;0
FR;6;2021-05-19;0;0;0;0;0;0;0;0;0;0
FR;6;2021-05-20;0;0;0;0;0;0;0;0;0;0
FR;6;2021-05-21;0;0;0;0;0;0;0;0;0;0
FR;6;2021-05-22;0;0;0;0;0;0;0;0;0;0
FR;6;2021-05-23;0;0;0;0;0;0;0;0;0;0
FR;6;2021-05-24;0;0;0;0;0;0;0;0;0;0
FR;6;2021-05-25;0;0;0;0;0;0;0;0;0;0
FR;6;2021-05-26;0;0;0;0;0;0;0;0;0;0
FR;6;2021-05-27;0;0;0;0;0;0;0;0;0;0
FR;6;2021-05-28;0;0;0;0;0;0;0;0;0;0
FR;6;2021-05-29;0;0;0;0;0;0;0;0;0;0
FR;6;2021-05-30;0;0;0;0;0;0;0;0;0;0
FR;6;2021-05-31;0;0;0;0;0;0;0;0;0;0
FR;6;2021-06-01;0;0;0;0;0;0;0;0;0;0
FR;6;2021-06-02;0;0;0;0;0;0;0;0;0;0
FR;6;2021-06-03;0;0;0;0;0;0;0;0;0;0
FR;6;2021-06-04;0;0;0;0;0;0;0;0;0;0
FR;6;2021-06-05;0;0;0;0;0;0;0;0;0;0
FR;6;2021-06-06;0;0;0;0;0;0;0;0;0;0
FR;6;2021-06-07;0;0;0;0;0;0;0;0;0;0
FR;6;2021-06-08;0;0;0;0;0;0;0;0;0;0
FR;6;2021-06-09;0;0;0;0;0;0;0;0;0;0
FR;6;2021-06-10;0;0;0;0;0;0;0;0;0;0
FR;6;2021-06-11;0;0;0;0;0;0;0;0;0;0
FR;6;2021-06-12;0;0;0;0;0;0;0;0;0;0
FR;6;2021-06-13;0;0;0;0;0;0;0;0;0;0
FR;6;2021-06-14;0;0;0;0;0;0;0;0;0;0
FR;6;2021-06-15;0;0;0;0;0;0;0;0;0;0
FR;6;2021-06-16;0;0;0;0;0;0;0;0;0;0
FR;6;2021-06-17;0;0;0;0;0;0;0;0;0;0
FR;6;2021-06-18;0;0;0;0;0;0;0;0;0;0
FR;6;2021-06-19;0;0;0;0;0;0;0;0;0;0
FR;6;2021-06-20;0;0;0;0;0;0;0;0;0;0
FR;6;2021-06-21;0;0;0;0;0;0;0;0;0;0
FR;6;2021-06-22;0;0;0;0;0;0;0;0;0;0
FR;6;2021-06-23;0;0;0;0;0;0;0;0;0;0
FR;6;2021-06-24;0;0;0;0;0;0;0;0;0;0
FR;6;2021-06-25;0;0;0;0;0;0;0;0;0;0
FR;6;2021-06-26;0;0;0;0;0;0;0;0;0;0
FR;6;2021-06-27;0;0;0;0;0;0;0;0;0;0
FR;6;2021-06-28;0;0;0;0;0;0;0;0;0;0
FR;6;2021-06-29;0;0;0;0;0;0;0;0;0;0
FR;6;2021-06-30;0;0;0;0;0;0;0;0;0;0
FR;6;2021-07-01;0;0;0;0;0;0;0;0;0;0
FR;6;2021-07-02;0;0;0;0;0;0;0;0;0;0
FR;6;2021-07-03;0;0;0;0;0;0;0;0;0;0
FR;6;2021-07-04;0;0;0;0;0;0;0;0;0;0
FR;6;2021-07-05;0;0;0;0;0;0;0;0;0;0
FR;6;2021-07-06;0;0;0;0;0;0;0;0;0;0
FR;6;2021-07-07;0;0;0;0;0;0;0;0;0;0
FR;6;2021-07-08;0;0;0;0;0;0;0;0;0;0
FR;6;2021-07-09;0;0;0;0;0;0;0;0;0;0
FR;6;2021-07-10;0;0;0;0;0;0;0;0;0;0
FR;6;2021-07-11;0;0;0;0;0;0;0;0;0;0
FR;6;2021-07-12;0;0;0;0;0;0;0;0;0;0
FR;6;2021-07-13;0;0;0;0;0;0;0;0;0;0
FR;6;2021-07-14;0;0;0;0;0;0;0;0;0;0
FR;6;2021-07-15;0;0;0;0;0;0;0;0;0;0
FR;6;2021-07-16;0;0;0;0;0;0;0;0;0;0
FR;6;2021-07-17;0;0;0;0;0;0;0;0;0;0
FR;6;2021-07-18;0;0;0;0;0;0;0;0;0;0
FR;6;2021-07-19;0;0;0;0;0;0;0;0;0;0
FR;6;2021-07-20;0;0;0;0;0;0;0;0;0;0
FR;6;2021-07-21;0;0;0;0;0;0;0;0;0;0
FR;6;2021-07-22;0;0;0;0;0;0;0;0;0;0
FR;6;2021-07-23;0;0;0;0;0;0;0;0;0;0
FR;6;2021-07-24;0;0;0;0;0;0;0;0;0;0
FR;6;2021-07-25;0;0;0;0;0;0;0;0;0;0
FR;6;2021-07-26;0;0;0;0;0;0;0;0;0;0
FR;6;2021-07-27;0;0;0;0;0;0;0;0;0;0
FR;6;2021-07-28;0;0;0;0;0;0;0;0;0;0
FR;6;2021-07-29;0;0;0;0;0;0;0;0;0;0
FR;6;2021-07-30;0;0;0;0;0;0;0;0;0;0
FR;6;2021-07-31;0;0;0;0;0;0;0;0;0;0
FR;6;2021-08-01;0;0;0;0;0;0;0;0;0;0
FR;6;2021-08-02;0;0;0;0;0;0;0;0;0;0
FR;6;2021-08-03;0;0;0;0;0;0;0;0;0;0
FR;6;2021-08-04;0;0;0;0;0;0;0;0;0;0
FR;6;2021-08-05;0;0;0;0;0;0;0;0;0;0
FR;6;2021-08-06;0;0;0;0;0;0;0;0;0;0
FR;6;2021-08-07;0;0;0;0;0;0;0;0;0;0
FR;6;2021-08-08;0;0;0;0;0;0;0;0;0;0
FR;6;2021-08-09;0;0;0;0;0;0;0;0;0;0
FR;6;2021-08-10;0;0;0;0;0;0;0;0;0;0
FR;6;2021-08-11;0;0;0;0;0;0;0;0;0;0
FR;6;2021-08-12;0;0;0;0;0;0;0;0;0;0
FR;6;2021-08-13;0;0;0;0;0;0;0;0;0;0
FR;6;2021-08-14;0;0;0;0;0;0;0;0;0;0
FR;6;2021-08-15;0;0;0;0;0;0;0;0;0;0
FR;6;2021-08-16;0;0;0;0;0;0;0;0;0;0
FR;6;2021-08-17;0;0;0;0;0;0;0;0;0;0
FR;6;2021-08-18;0;0;0;0;0;0;0;0;0;0
FR;6;2021-08-19;0;0;0;0;0;0;0;0;0;0
FR;6;2021-08-20;0;0;0;0;0;0;0;0;0;0
FR;6;2021-08-21;0;0;0;0;0;0;0;0;0;0
FR;6;2021-08-22;0;0;0;0;0;0;0;0;0;0
FR;6;2021-08-23;0;0;0;0;0;0;0;0;0;0
FR;6;2021-08-24;0;0;0;0;0;0;0;0;0;0
FR;6;2021-08-25;0;0;0;0;0;0;0;0;0;0
FR;6;2021-08-26;0;0;0;0;0;0;0;0;0;0
FR;6;2021-08-27;0;0;0;0;0;0;0;0;0;0
FR;6;2021-08-28;0;0;0;0;0;0;0;0;0;0
FR;6;2021-08-29;0;0;0;0;0;0;0;0;0;0
FR;6;2021-08-30;0;0;0;0;0;0;0;0;0;0
FR;6;2021-08-31;0;0;0;0;0;0;0;0;0;0
FR;6;2021-09-01;0;0;0;0;0;0;0;0;0;0
FR;6;2021-09-02;0;0;0;0;0;0;0;0;0;0
FR;6;2021-09-03;0;0;0;0;0;0;0;0;0;0
FR;6;2021-09-04;0;0;0;0;0;0;0;0;0;0
FR;6;2021-09-05;0;0;0;0;0;0;0;0;0;0
FR;6;2021-09-06;0;0;0;0;0;0;0;0;0;0
FR;6;2021-09-07;0;0;0;0;0;0;0;0;0;0
FR;6;2021-09-08;0;0;0;0;0;0;0;0;0;0
FR;6;2021-09-09;0;0;0;0;0;0;0;0;0;0
FR;6;2021-09-10;0;0;0;0;0;0;0;0;0;0
FR;6;2021-09-11;0;0;0;0;0;0;0;0;0;0
FR;6;2021-09-12;0;0;0;0;0;0;0;0;0;0
FR;6;2021-09-13;0;0;0;0;0;0;0;0;0;0
FR;6;2021-09-14;0;0;0;0;0;0;0;0;0;0
FR;6;2021-09-15;0;0;0;0;0;0;0;0;0;0
FR;6;2021-09-16;0;0;0;0;0;0;0;0;0;0
FR;6;2021-09-17;0;0;0;0;0;0;0;0;0;0
FR;6;2021-09-18;0;0;0;0;0;0;0;0;0;0
FR;6;2021-09-19;0;0;0;0;0;0;0;0;0;0
FR;6;2021-09-20;0;0;0;0;0;0;0;0;0;0
FR;6;2021-09-21;0;0;0;0;0;0;0;0;0;0
FR;6;2021-09-22;0;0;0;0;0;0;0;0;0;0
FR;6;2021-09-23;0;0;0;0;0;0;0;0;0;0
FR;6;2021-09-24;0;0;0;0;0;0;0;0;0;0
FR;6;2021-09-25;0;0;0;0;0;0;0;0;0;0
FR;6;2021-09-26;0;0;0;0;0;0;0;0;0;0
FR;6;2021-09-27;0;0;0;0;0;0;0;0;0;0
FR;6;2021-09-28;0;0;0;0;0;0;0;0;0;0
FR;6;2021-09-29;0;0;0;0;0;0;0;0;0;0
FR;6;2021-09-30;0;0;0;0;0;0;0;0;0;0
FR;6;2021-10-01;0;0;0;0;0;0;0;0;0;0
FR;6;2021-10-02;0;0;0;0;0;0;0;0;0;0
FR;6;2021-10-03;0;0;0;0;0;0;0;0;0;0
FR;6;2021-10-04;0;0;0;0;0;0;0;0;0;0
FR;6;2021-10-05;0;0;0;0;0;0;0;0;0;0
FR;6;2021-10-06;0;0;0;0;0;0;0;0;0;0
FR;6;2021-10-07;0;0;0;0;0;0;0;0;0;0
FR;6;2021-10-08;0;0;0;0;0;0;0;0;0;0
FR;6;2021-10-09;0;0;0;0;0;0;0;0;0;0
FR;6;2021-10-10;0;0;0;0;0;0;0;0;0;0
FR;6;2021-10-11;0;0;0;0;0;0;0;0;0;0
FR;6;2021-10-12;0;0;0;0;0;0;0;0;0;0
FR;6;2021-10-13;0;0;0;0;0;0;0;0;0;0
FR;6;2021-10-14;0;0;0;0;0;0;0;0;0;0
FR;6;2021-10-15;0;0;0;0;0;0;0;0;0;0
FR;6;2021-10-16;0;0;0;0;0;0;0;0;0;0
FR;6;2021-10-17;0;0;0;0;0;0;0;0;0;0
FR;6;2021-10-18;0;0;0;0;0;0;0;0;0;0
FR;6;2021-10-19;0;0;0;0;0;0;0;0;0;0
FR;6;2021-10-20;0;0;0;0;0;0;0;0;0;0
FR;6;2021-10-21;0;0;0;0;0;0;0;0;0;0
FR;6;2021-10-22;0;0;0;0;0;0;0;0;0;0
FR;6;2021-10-23;0;0;0;0;0;0;0;0;0;0
FR;6;2021-10-24;0;0;0;0;0;0;0;0;0;0
FR;6;2021-10-25;0;0;0;0;0;0;0;0;0;0
FR;6;2021-10-26;0;0;0;0;0;0;0;0;0;0
FR;6;2021-10-27;0;0;0;0;0;0;0;0;0;0
FR;6;2021-10-28;0;0;0;0;0;0;0;0;0;0
FR;6;2021-10-29;0;0;0;0;0;0;0;0;0;0
FR;6;2021-10-30;0;0;0;0;0;0;0;0;0;0
FR;6;2021-10-31;0;0;0;0;0;0;0;0;0;0
FR;6;2021-11-01;0;0;0;0;0;0;0;0;0;0
FR;6;2021-11-02;0;0;0;0;0;0;0;0;0;0
FR;6;2021-11-03;0;0;0;0;0;0;0;0;0;0
FR;6;2021-11-04;0;0;0;0;0;0;0;0;0;0
FR;6;2021-11-05;0;0;0;0;0;0;0;0;0;0
FR;6;2021-11-06;0;0;0;0;0;0;0;0;0;0
FR;6;2021-11-07;0;0;0;0;0;0;0;0;0;0
FR;6;2021-11-08;0;0;0;0;0;0;0;0;0;0
FR;6;2021-11-09;0;0;0;0;0;0;0;0;0;0
FR;6;2021-11-10;0;0;0;0;0;0;0;0;0;0
FR;6;2021-11-11;0;0;0;0;0;0;0;0;0;0
FR;6;2021-11-12;0;0;0;0;0;0;0;0;0;0
FR;6;2021-11-13;0;0;0;0;0;0;0;0;0;0
FR;6;2021-11-14;0;0;0;0;0;0;0;0;0;0
FR;6;2021-11-15;0;0;0;0;0;0;0;0;0;0
FR;6;2021-11-16;0;0;0;0;0;0;0;0;0;0
FR;6;2021-11-17;0;0;0;0;0;0;0;0;0;0
FR;6;2021-11-18;0;0;0;0;0;0;0;0;0;0
FR;6;2021-11-19;0;0;0;0;0;0;0;0;0;0
FR;6;2021-11-20;0;0;0;0;0;0;0;0;0;0
FR;6;2021-11-21;0;0;0;0;0;0;0;0;0;0
FR;6;2021-11-22;0;0;0;0;0;0;0;0;0;0
FR;6;2021-11-23;0;0;0;0;0;0;0;0;0;0
FR;6;2021-11-24;0;0;0;0;0;0;0;0;0;0
FR;6;2021-11-25;0;0;0;0;0;0;0;0;0;0
FR;6;2021-11-26;0;0;0;0;0;0;0;0;0;0
FR;6;2021-11-27;0;0;0;0;0;0;0;0;0;0
FR;6;2021-11-28;0;0;0;0;0;0;0;0;0;0
FR;6;2021-11-29;0;0;0;0;0;0;0;0;0;0
FR;6;2021-11-30;0;0;0;0;0;0;0;0;0;0
FR;6;2021-12-01;0;0;0;0;0;0;0;0;0;0
FR;6;2021-12-02;0;0;0;0;0;0;0;0;0;0
FR;6;2021-12-03;0;0;0;0;0;0;0;0;0;0
FR;6;2021-12-04;0;0;0;0;0;0;0;0;0;0
FR;6;2021-12-05;0;0;0;0;0;0;0;0;0;0
FR;6;2021-12-06;0;0;0;0;0;0;0;0;0;0
FR;6;2021-12-07;0;0;0;0;0;0;0;0;0;0
FR;6;2021-12-08;0;0;0;0;0;0;0;0;0;0
FR;6;2021-12-09;0;0;0;0;0;0;0;0;0;0
FR;6;2021-12-10;0;0;0;0;0;0;0;0;0;0
FR;6;2021-12-11;0;0;0;0;0;0;0;0;0;0
FR;6;2021-12-12;0;0;0;0;0;0;0;0;0;0
FR;6;2021-12-13;0;0;0;0;0;0;0;0;0;0
FR;6;2021-12-14;0;0;0;0;0;0;0;0;0;0
FR;6;2021-12-15;0;0;0;0;0;0;0;0;0;0
FR;6;2021-12-16;0;0;0;0;0;0;0;0;0;0
FR;6;2021-12-17;0;0;0;0;0;0;0;0;0;0
FR;6;2021-12-18;0;0;0;0;0;0;0;0;0;0
FR;6;2021-12-19;0;0;0;0;0;0;0;0;0;0
FR;6;2021-12-20;0;0;0;0;0;0;0;0;0;0
FR;6;2021-12-21;0;0;0;0;0;0;0;0;0;0
FR;6;2021-12-22;0;0;0;0;0;0;0;0;0;0
FR;6;2021-12-23;0;0;0;0;0;0;0;0;0;0
FR;6;2021-12-24;0;0;0;0;0;0;0;0;0;0
FR;6;2021-12-25;0;0;0;0;0;0;0;0;0;0
FR;6;2021-12-26;0;0;0;0;0;0;0;0;0;0
FR;6;2021-12-27;0;0;0;0;0;0;0;0;0;0
FR;6;2021-12-28;0;0;0;0;0;0;0;0;0;0
FR;6;2021-12-29;0;0;0;0;0;0;0;0;0;0
FR;6;2021-12-30;0;0;0;0;0;0;0;0;0;0
FR;6;2021-12-31;0;0;0;0;0;0;0;0;0;0
FR;6;2022-01-01;0;0;0;0;0;0;0;0;0;0
FR;6;2022-01-02;0;0;0;0;0;0;0;0;0;0
FR;6;2022-01-03;0;0;0;0;0;0;0;0;0;0
FR;6;2022-01-04;0;0;0;0;0;0;0;0;0;0
FR;6;2022-01-05;0;0;0;0;0;0;0;0;0;0
FR;6;2022-01-06;0;0;0;0;0;0;0;0;0;0
FR;6;2022-01-07;0;0;0;0;0;0;0;0;0;0
FR;6;2022-01-08;0;0;0;0;0;0;0;0;0;0
FR;6;2022-01-09;0;0;0;0;0;0;0;0;0;0
FR;6;2022-01-10;0;0;0;0;0;0;0;0;0;0
FR;6;2022-01-11;0;0;0;0;0;0;0;0;0;0
FR;6;2022-01-12;0;0;0;0;0;0;0;0;0;0
FR;6;2022-01-13;0;0;0;0;0;0;0;0;0;0
FR;6;2022-01-14;0;0;0;0;0;0;0;0;0;0
FR;6;2022-01-15;0;0;0;0;0;0;0;0;0;0
FR;6;2022-01-16;0;0;0;0;0;0;0;0;0;0
FR;6;2022-01-17;0;0;0;0;0;0;0;0;0;0
FR;6;2022-01-18;0;0;0;0;0;0;0;0;0;0
FR;6;2022-01-19;0;0;0;0;0;0;0;0;0;0
FR;6;2022-01-20;0;0;0;0;0;0;0;0;0;0
FR;6;2022-01-21;0;0;0;0;0;0;0;0;0;0
FR;6;2022-01-22;0;0;0;0;0;0;0;0;0;0
FR;6;2022-01-23;0;0;0;0;0;0;0;0;0;0
FR;6;2022-01-24;0;0;0;0;0;0;0;0;0;0
FR;6;2022-01-25;0;0;0;0;0;0;0;0;0;0
FR;6;2022-01-26;0;0;0;0;0;0;0;0;0;0
FR;6;2022-01-27;0;0;0;0;0;0;0;0;0;0
FR;6;2022-01-28;0;0;0;0;0;0;0;0;0;0
FR;6;2022-01-29;0;0;0;0;0;0;0;0;0;0
FR;6;2022-01-30;0;0;0;0;0;0;0;0;0;0
FR;6;2022-01-31;0;0;0;0;0;0;0;0;0;0
FR;6;2022-02-01;0;0;0;0;0;0;0;0;0;0
FR;6;2022-02-02;0;0;0;0;0;0;0;0;0;0
FR;6;2022-02-03;0;0;0;0;0;0;0;0;0;0
FR;6;2022-02-04;0;0;0;0;0;0;0;0;0;0
FR;6;2022-02-05;0;0;0;0;0;0;0;0;0;0
FR;6;2022-02-06;0;0;0;0;0;0;0;0;0;0
FR;6;2022-02-07;0;0;0;0;0;0;0;0;0;0
FR;6;2022-02-08;0;0;0;0;0;0;0;0;0;0
FR;6;2022-02-09;0;0;0;0;0;0;0;0;0;0
FR;6;2022-02-10;0;0;0;0;0;0;0;0;0;0
FR;6;2022-02-11;0;0;0;0;0;0;0;0;0;0
FR;6;2022-02-12;0;0;0;0;0;0;0;0;0;0
FR;6;2022-02-13;0;0;0;0;0;0;0;0;0;0
FR;6;2022-02-14;0;0;0;0;0;0;0;0;0;0
FR;6;2022-02-15;0;0;0;0;0;0;0;0;0;0
FR;6;2022-02-16;0;0;0;0;0;0;0;0;0;0
FR;6;2022-02-17;0;0;0;0;0;0;0;0;0;0
FR;6;2022-02-18;0;0;0;0;0;0;0;0;0;0
FR;6;2022-02-19;0;0;0;0;0;0;0;0;0;0
FR;6;2022-02-20;0;0;0;0;0;0;0;0;0;0
FR;6;2022-02-21;0;0;0;0;0;0;0;0;0;0
FR;6;2022-02-22;0;0;0;0;0;0;0;0;0;0
FR;6;2022-02-23;0;0;0;0;0;0;0;0;0;0
FR;6;2022-02-24;0;0;0;0;0;0;0;0;0;0
FR;6;2022-02-25;0;0;0;0;0;0;0;0;0;0
FR;6;2022-02-26;1;0;0;0;0;1;0;0;0;0
FR;6;2022-02-27;0;0;0;0;0;1;0;0;0;0
FR;6;2022-02-28;0;0;0;0;0;1;0;0;0;0
FR;6;2022-03-01;3;0;0;0;0;4;0;0;0;0
FR;6;2022-03-02;97;9;2;0;7;101;9;2;0;7
FR;6;2022-03-03;0;0;0;0;0;101;9;2;0;7
FR;6;2022-03-04;91;4;0;0;4;192;13;2;0;11
FR;6;2022-03-05;391;23;2;0;14;583;36;4;0;25
FR;6;2022-03-06;7;1;0;0;0;590;37;4;0;25
FR;6;2022-03-07;337;19;0;0;13;927;56;4;0;38
FR;6;2022-03-08;230;14;0;0;5;1157;70;4;0;43
FR;6;2022-03-09;519;29;2;0;21;1676;99;6;0;64
FR;6;2022-03-10;206;19;0;1;12;1882;118;6;1;76
FR;6;2022-03-11;328;21;6;0;21;2210;139;12;1;97
FR;6;2022-03-12;518;25;1;0;20;2728;164;13;1;117
FR;6;2022-03-13;40;2;0;0;1;2768;166;13;1;118
FR;6;2022-03-14;201;4;2;0;3;2969;170;15;1;121
FR;6;2022-03-15;112;11;2;0;9;3081;181;17;1;130
FR;6;2022-03-16;310;17;1;1;14;3391;198;18;2;144
FR;6;2022-03-17;117;6;1;2;4;3508;204;19;4;148
FR;6;2022-03-18;215;10;0;0;6;3723;214;19;4;154
FR;6;2022-03-19;307;19;2;0;9;4030;233;21;4;163
FR;6;2022-03-20;15;5;0;0;1;4045;238;21;4;164
FR;6;2022-03-21;132;23;1;0;4;4177;261;22;4;168
FR;6;2022-03-22;97;15;0;0;4;4274;276;22;4;172
FR;6;2022-03-23;226;108;3;0;14;4500;384;25;4;186
FR;6;2022-03-24;100;15;1;3;4;4600;399;26;7;190
FR;6;2022-03-25;203;141;2;1;15;4803;540;28;8;205
FR;6;2022-03-26;331;295;7;1;19;5134;835;35;9;224
FR;6;2022-03-27;32;30;1;0;1;5166;865;36;9;225
FR;6;2022-03-28;200;208;8;1;17;5366;1073;44;10;242
FR;6;2022-03-29;124;189;12;2;12;5490;1262;56;12;254
FR;6;2022-03-30;305;476;10;2;22;5795;1738;66;14;276
FR;6;2022-03-31;123;140;10;0;14;5918;1878;76;14;290
FR;6;2022-04-01;195;150;11;2;23;6113;2028;87;16;313
FR;6;2022-04-02;206;241;9;1;13;6319;2269;96;17;326
FR;6;2022-04-03;17;21;0;0;1;6336;2290;96;17;327
FR;6;2022-04-04;137;114;6;1;9;6473;2404;102;18;336
FR;6;2022-04-05;146;88;15;1;11;6619;2492;117;19;347
FR;6;2022-04-06;204;245;22;26;27;6823;2737;139;45;374
FR;6;2022-04-07;127;96;15;9;17;6950;2833;154;54;391
FR;6;2022-04-08;199;170;16;3;17;7149;3003;170;57;408
FR;6;2022-04-09;145;139;6;12;13;7294;3142;176;69;421
FR;6;2022-04-10;10;20;3;0;1;7304;3162;179;69;422
FR;6;2022-04-11;101;106;4;0;5;7405;3268;183;69;427
FR;6;2022-04-12;136;75;5;8;10;7541;3343;188;77;437
FR;6;2022-04-13;162;175;7;5;13;7703;3518;195;82;450
FR;6;2022-04-14;100;103;5;10;8;7803;3621;200;92;458
FR;6;2022-04-15;158;149;11;7;19;7961;3770;211;99;477
FR;6;2022-04-16;127;132;5;0;14;8088;3902;216;99;491
FR;6;2022-04-17;8;9;4;0;4;8096;3911;220;99;495
FR;6;2022-04-18;8;15;3;0;4;8104;3926;223;99;499
FR;6;2022-04-19;97;112;4;3;3;8201;4038;227;102;502
FR;6;2022-04-20;178;227;8;7;15;8379;4265;235;109;517
FR;6;2022-04-21;111;93;8;4;11;8490;4358;243;113;528
FR;6;2022-04-22;138;160;13;12;13;8628;4518;256;125;541
FR;6;2022-04-23;106;129;1;1;7;8734;4647;257;126;548
FR;6;2022-04-24;5;21;1;0;0;8739;4668;258;126;548
FR;6;2022-04-25;91;128;3;8;11;8830;4796;261;134;559
FR;6;2022-04-26;101;128;18;2;16;8931;4924;279;136;575
FR;6;2022-04-27;197;159;21;1;27;9128;5083;300;137;602
FR;6;2022-04-28;109;87;7;1;8;9237;5170;307;138;610
FR;6;2022-04-29;191;169;16;2;20;9428;5339;323;140;630
FR;6;2022-04-30;133;125;7;1;24;9561;5464;330;141;654
FR;6;2022-05-01;7;6;0;0;0;9568;5470;330;141;654
FR;6;2022-05-02;94;65;3;4;3;9662;5535;333;145;657
FR;6;2022-05-03;136;93;11;2;7;9798;5628;344;147;664
FR;6;2022-05-04;167;118;25;12;29;9965;5746;369;159;693
FR;6;2022-05-05;101;70;8;3;12;10066;5816;377;162;705
FR;6;2022-05-06;152;110;10;9;16;10218;5926;387;171;721
FR;6;2022-05-07;139;93;13;3;23;10357;6019;400;174;744
FR;6;2022-05-08;20;8;6;5;7;10377;6027;406;179;751
FR;6;2022-05-09;86;78;9;7;13;10463;6105;415;186;764
FR;6;2022-05-10;111;80;15;7;12;10574;6185;430;193;776
FR;6;2022-05-11;130;124;11;14;20;10704;6309;441;207;796
FR;6;2022-05-12;105;76;7;5;15;10809;6385;448;212;811
FR;6;2022-05-13;155;97;17;21;22;10964;6482;465;233;833
FR;6;2022-05-14;81;60;6;7;15;11045;6542;471;240;848
FR;6;2022-05-15;12;7;0;0;0;11057;6549;471;240;848
FR;6;2022-05-16;64;54;6;2;12;11121;6603;477;242;860
FR;6;2022-05-17;123;77;5;7;11;11244;6680;482;249;871
FR;6;2022-05-18;131;116;5;1;13;11375;6796;487;250;884
FR;6;2022-05-19;124;57;6;8;9;11499;6853;493;258;893
FR;6;2022-05-20;125;115;13;3;18;11624;6968;506;261;911
FR;6;2022-05-21;92;69;14;3;12;11716;7037;520;264;923
FR;6;2022-05-22;19;12;5;0;4;11735;7049;525;264;927
FR;6;2022-05-23;77;72;4;2;7;11812;7121;529;266;934
FR;6;2022-05-24;117;98;8;2;16;11929;7219;537;268;950
FR;6;2022-05-25;139;129;6;3;11;12068;7348;543;271;961
FR;6;2022-05-26;7;9;3;0;9;12075;7357;546;271;970
FR;6;2022-05-27;127;105;15;11;18;12202;7462;561;282;988
FR;6;2022-05-28;53;75;1;5;8;12255;7537;562;287;996
FR;6;2022-05-29;8;10;0;0;1;12263;7547;562;287;997
FR;6;2022-05-30;70;70;7;4;4;12333;7617;569;291;1001
FR;6;2022-05-31;87;102;10;2;14;12420;7719;579;293;1015
FR;6;2022-06-01;97;89;10;1;11;12517;7808;589;294;1026
FR;6;2022-06-02;91;60;6;3;9;12608;7868;595;297;1035
FR;6;2022-06-03;126;102;13;7;21;12734;7970;608;304;1056
FR;6;2022-06-04;63;51;10;0;12;12797;8021;618;304;1068
FR;6;2022-06-05;16;15;2;1;4;12813;8036;620;305;1072
FR;6;2022-06-06;9;6;0;0;0;12822;8042;620;305;1072
FR;6;2022-06-07;79;90;3;4;8;12901;8132;623;309;1080
FR;6;2022-06-08;92;110;13;5;20;12993;8242;636;314;1100
FR;6;2022-06-09;75;81;15;3;15;13068;8323;651;317;1115
FR;6;2022-06-10;116;93;26;10;22;13184;8416;677;327;1137
FR;6;2022-06-11;83;62;6;10;12;13267;8478;683;337;1149
FR;6;2022-06-12;6;14;1;0;2;13273;8492;684;337;1151
FR;6;2022-06-13;74;59;18;1;7;13347;8551;702;338;1158
FR;6;2022-06-14;98;100;8;5;16;13445;8651;710;343;1174
FR;6;2022-06-15;80;86;7;8;15;13525;8737;717;351;1189
FR;6;2022-06-16;53;40;11;7;14;13578;8777;728;358;1203
FR;6;2022-06-17;86;85;3;13;11;13664;8862;731;371;1214
FR;6;2022-06-18;71;61;13;0;21;13735;8923;744;371;1235
FR;6;2022-06-19;6;6;3;0;4;13741;8929;747;371;1239
FR;6;2022-06-20;42;41;4;1;6;13783;8970;751;372;1245
FR;6;2022-06-21;59;73;10;7;17;13842;9043;761;379;1262
FR;6;2022-06-22;86;85;8;2;17;13928;9128;769;381;1279
FR;6;2022-06-23;64;39;13;7;15;13992;9167;782;388;1294
FR;6;2022-06-24;77;85;7;14;20;14069;9252;789;402;1314
FR;6;2022-06-25;67;61;4;3;8;14136;9313;793;405;1322
FR;6;2022-06-26;6;7;1;0;1;14142;9320;794;405;1323
FR;6;2022-06-27;53;50;4;9;12;14195;9370;798;414;1335
FR;6;2022-06-28;68;47;6;3;15;14263;9417;804;417;1350
FR;6;2022-06-29;98;117;26;37;19;14361;9534;830;454;1369
FR;6;2022-06-30;84;59;33;10;12;14445;9593;863;464;1381
FR;6;2022-07-01;115;94;25;33;18;14560;9687;888;497;1399
FR;6;2022-07-02;58;67;26;2;37;14618;9754;914;499;1436
FR;6;2022-07-03;11;4;4;3;4;14629;9758;918;502;1440
FR;6;2022-07-04;61;43;3;23;13;14690;9801;921;525;1453
FR;6;2022-07-05;65;53;19;67;27;14755;9854;940;592;1480
FR;6;2022-07-06;94;64;7;11;12;14849;9918;947;603;1492
FR;6;2022-07-07;99;79;42;37;14;14948;9997;989;640;1506
FR;6;2022-07-08;139;87;42;27;10;15087;10084;1031;667;1516
FR;6;2022-07-09;53;51;16;29;27;15140;10135;1047;696;1543
FR;6;2022-07-10;3;7;8;0;9;15143;10142;1055;696;1552
FR;6;2022-07-11;54;44;5;4;12;15197;10186;1060;700;1564
FR;6;2022-07-12;70;72;12;23;12;15267;10258;1072;723;1576
FR;6;2022-07-13;84;65;14;21;25;15351;10323;1086;744;1601
FR;6;2022-07-14;4;3;1;0;1;15355;10326;1087;744;1602
FR;6;2022-07-15;74;59;9;57;16;15429;10385;1096;801;1618
FR;6;2022-07-16;27;31;17;0;17;15456;10416;1113;801;1635
FR;6;2022-07-17;3;7;0;0;0;15459;10423;1113;801;1635
FR;6;2022-07-18;37;62;11;14;15;15496;10485;1124;815;1650
FR;6;2022-07-19;54;48;4;19;6;15550;10533;1128;834;1656
FR;6;2022-07-20;53;70;7;22;11;15603;10603;1135;856;1667
FR;6;2022-07-21;50;60;4;7;11;15653;10663;1139;863;1678
FR;6;2022-07-22;55;74;7;26;8;15708;10737;1146;889;1686
FR;6;2022-07-23;38;40;6;10;6;15746;10777;1152;899;1692
FR;6;2022-07-24;11;14;1;3;3;15757;10791;1153;902;1695
FR;6;2022-07-25;60;44;8;12;9;15817;10835;1161;914;1704
FR;6;2022-07-26;47;64;14;6;10;15864;10899;1175;920;1714
FR;6;2022-07-27;54;78;15;11;17;15918;10977;1190;931;1731
FR;6;2022-07-28;30;48;4;6;8;15948;11025;1194;937;1739
FR;6;2022-07-29;43;71;10;38;24;15991;11096;1204;975;1763
FR;6;2022-07-30;26;48;4;15;7;16017;11144;1208;990;1770
FR;6;2022-07-31;0;1;1;0;0;16017;11145;1209;990;1770
FR;6;2022-08-01;39;36;14;8;10;16056;11181;1223;998;1780
FR;6;2022-08-02;37;46;10;14;6;16093;11227;1233;1012;1786
FR;6;2022-08-03;29;52;7;16;11;16122;11279;1240;1028;1797
FR;6;2022-08-04;25;21;4;9;6;16147;11300;1244;1037;1803
FR;6;2022-08-05;43;45;1;7;5;16190;11345;1245;1044;1808
FR;6;2022-08-06;17;27;1;3;2;16207;11372;1246;1047;1810
FR;6;2022-08-07;1;2;0;0;0;16208;11374;1246;1047;1810
FR;6;2022-08-08;24;33;1;0;1;16232;11407;1247;1047;1811
FR;6;2022-08-09;22;30;6;3;3;16254;11437;1253;1050;1814
FR;6;2022-08-10;31;36;5;9;5;16285;11473;1258;1059;1819
FR;6;2022-08-11;33;33;1;1;1;16318;11506;1259;1060;1820
FR;6;2022-08-12;50;44;6;2;15;16368;11550;1265;1062;1835
FR;6;2022-08-13;9;20;0;0;1;16377;11570;1265;1062;1836
FR;6;2022-08-14;3;1;0;0;0;16380;11571;1265;1062;1836
FR;6;2022-08-15;2;3;1;0;0;16382;11574;1266;1062;1836
FR;6;2022-08-16;35;66;21;7;7;16417;11640;1287;1069;1843
FR;6;2022-08-17;32;44;10;9;10;16449;11684;1297;1078;1853
FR;6;2022-08-18;29;55;14;4;4;16478;11739;1311;1082;1857
FR;6;2022-08-19;30;45;5;4;3;16508;11784;1316;1086;1860
FR;6;2022-08-20;26;29;3;0;8;16534;11813;1319;1086;1868
FR;6;2022-08-21;1;5;2;0;0;16535;11818;1321;1086;1868
FR;6;2022-08-22;19;42;15;1;0;16554;11860;1336;1087;1868
FR;6;2022-08-23;34;45;6;7;6;16588;11905;1342;1094;1874
FR;6;2022-08-24;34;30;6;3;6;16622;11935;1348;1097;1880
FR;6;2022-08-25;25;27;1;1;5;16647;11962;1349;1098;1885
FR;6;2022-08-26;38;44;4;4;7;16685;12006;1353;1102;1892
FR;6;2022-08-27;19;21;7;3;8;16704;12027;1360;1105;1900
FR;6;2022-08-28;6;3;0;6;1;16710;12030;1360;1111;1901
FR;6;2022-08-29;26;22;2;6;3;16736;12052;1362;1117;1904
FR;6;2022-08-30;28;35;4;12;8;16764;12087;1366;1129;1912
FR;6;2022-08-31;35;38;2;11;3;16799;12125;1368;1140;1915
FR;6;2022-09-01;15;11;5;1;4;16814;12136;1373;1141;1919
FR;6;2022-09-02;19;14;2;1;3;16833;12150;1375;1142;1922
FR;6;2022-09-03;9;3;1;5;2;16842;12153;1376;1147;1924
FR;6;2022-09-04;4;1;0;0;0;16846;12154;1376;1147;1924
FR;6;2022-09-05;8;7;0;0;0;16854;12161;1376;1147;1924
FR;6;2022-09-06;7;9;7;12;6;16861;12170;1383;1159;1930
FR;6;2022-09-07;3;8;1;0;1;16864;12178;1384;1159;1931
FR;6;2022-09-08;5;4;0;2;1;16869;12182;1384;1161;1932
FR;6;2022-09-09;7;9;2;7;3;16876;12191;1386;1168;1935
FR;6;2022-09-10;3;4;1;0;1;16879;12195;1387;1168;1936
FR;6;2022-09-11;1;3;0;0;0;16880;12198;1387;1168;1936
FR;6;2022-09-12;10;4;1;0;3;16890;12202;1388;1168;1939
FR;6;2022-09-13;6;2;3;0;2;16896;12204;1391;1168;1941
FR;6;2022-09-14;7;7;1;0;3;16903;12211;1392;1168;1944
FR;6;2022-09-15;8;13;5;5;9;16911;12224;1397;1173;1953
FR;6;2022-09-16;24;38;1;1;3;16935;12262;1398;1174;1956
FR;6;2022-09-17;24;22;0;6;5;16959;12284;1398;1180;1961
FR;6;2022-09-18;5;4;0;0;1;16964;12288;1398;1180;1962
FR;6;2022-09-19;30;30;2;1;5;16994;12318;1400;1181;1967
FR;6;2022-09-20;34;25;1;4;6;17028;12343;1401;1185;1973
FR;6;2022-09-21;21;9;3;3;7;17049;12352;1404;1188;1980
FR;6;2022-09-22;19;28;1;22;3;17068;12380;1405;1210;1983
FR;6;2022-09-23;28;38;5;9;9;17096;12418;1410;1219;1992
FR;6;2022-09-24;16;16;4;2;6;17112;12434;1414;1221;1998
FR;6;2022-09-25;3;14;0;0;1;17115;12448;1414;1221;1999
FR;6;2022-09-26;16;13;0;18;5;17131;12461;1414;1239;2004
FR;6;2022-09-27;32;19;2;3;4;17163;12480;1416;1242;2008
FR;6;2022-09-28;25;10;8;11;4;17188;12490;1424;1253;2012
FR;6;2022-09-29;11;13;10;34;6;17199;12503;1434;1287;2018
FR;9;2020-12-27;0;0;0;0;0;0;0;0;0;0
FR;9;2020-12-28;0;0;0;0;0;0;0;0;0;0
FR;9;2020-12-29;0;0;0;0;0;0;0;0;0;0
FR;9;2020-12-30;0;0;0;0;0;0;0;0;0;0
FR;9;2020-12-31;0;0;0;0;0;0;0;0;0;0
FR;9;2021-01-01;0;0;0;0;0;0;0;0;0;0
FR;9;2021-01-02;0;0;0;0;0;0;0;0;0;0
FR;9;2021-01-03;0;0;0;0;0;0;0;0;0;0
FR;9;2021-01-04;0;0;0;0;0;0;0;0;0;0
FR;9;2021-01-05;0;0;0;0;0;0;0;0;0;0
FR;9;2021-01-06;0;0;0;0;0;0;0;0;0;0
FR;9;2021-01-07;0;0;0;0;0;0;0;0;0;0
FR;9;2021-01-08;0;0;0;0;0;0;0;0;0;0
FR;9;2021-01-09;0;0;0;0;0;0;0;0;0;0
FR;9;2021-01-10;0;0;0;0;0;0;0;0;0;0
FR;9;2021-01-11;0;0;0;0;0;0;0;0;0;0
FR;9;2021-01-12;0;0;0;0;0;0;0;0;0;0
FR;9;2021-01-13;0;0;0;0;0;0;0;0;0;0
FR;9;2021-01-14;0;0;0;0;0;0;0;0;0;0
FR;9;2021-01-15;0;0;0;0;0;0;0;0;0;0
FR;9;2021-01-16;0;0;0;0;0;0;0;0;0;0
FR;9;2021-01-17;0;0;0;0;0;0;0;0;0;0
FR;9;2021-01-18;0;0;0;0;0;0;0;0;0;0
FR;9;2021-01-19;0;0;0;0;0;0;0;0;0;0
FR;9;2021-01-20;0;0;0;0;0;0;0;0;0;0
FR;9;2021-01-21;0;0;0;0;0;0;0;0;0;0
FR;9;2021-01-22;0;0;0;0;0;0;0;0;0;0
FR;9;2021-01-23;0;0;0;0;0;0;0;0;0;0
FR;9;2021-01-24;0;0;0;0;0;0;0;0;0;0
FR;9;2021-01-25;0;0;0;0;0;0;0;0;0;0
FR;9;2021-01-26;0;0;0;0;0;0;0;0;0;0
FR;9;2021-01-27;0;0;0;0;0;0;0;0;0;0
FR;9;2021-01-28;0;0;0;0;0;0;0;0;0;0
FR;9;2021-01-29;0;0;0;0;0;0;0;0;0;0
FR;9;2021-01-30;0;0;0;0;0;0;0;0;0;0
FR;9;2021-01-31;0;0;0;0;0;0;0;0;0;0
FR;9;2021-02-01;0;0;0;0;0;0;0;0;0;0
FR;9;2021-02-02;0;0;0;0;0;0;0;0;0;0
FR;9;2021-02-03;0;0;0;0;0;0;0;0;0;0
FR;9;2021-02-04;0;0;0;0;0;0;0;0;0;0
FR;9;2021-02-05;0;0;0;0;0;0;0;0;0;0
FR;9;2021-02-06;0;0;0;0;0;0;0;0;0;0
FR;9;2021-02-07;0;0;0;0;0;0;0;0;0;0
FR;9;2021-02-08;0;0;0;0;0;0;0;0;0;0
FR;9;2021-02-09;0;0;0;0;0;0;0;0;0;0
FR;9;2021-02-10;0;0;0;0;0;0;0;0;0;0
FR;9;2021-02-11;0;0;0;0;0;0;0;0;0;0
FR;9;2021-02-12;0;0;0;0;0;0;0;0;0;0
FR;9;2021-02-13;0;0;0;0;0;0;0;0;0;0
FR;9;2021-02-14;0;0;0;0;0;0;0;0;0;0
FR;9;2021-02-15;0;0;0;0;0;0;0;0;0;0
FR;9;2021-02-16;0;0;0;0;0;0;0;0;0;0
FR;9;2021-02-17;0;0;0;0;0;0;0;0;0;0
FR;9;2021-02-18;0;0;0;0;0;0;0;0;0;0
FR;9;2021-02-19;0;0;0;0;0;0;0;0;0;0
FR;9;2021-02-20;0;0;0;0;0;0;0;0;0;0
FR;9;2021-02-21;0;0;0;0;0;0;0;0;0;0
FR;9;2021-02-22;0;0;0;0;0;0;0;0;0;0
FR;9;2021-02-23;0;0;0;0;0;0;0;0;0;0
FR;9;2021-02-24;0;0;0;0;0;0;0;0;0;0
FR;9;2021-02-25;0;0;0;0;0;0;0;0;0;0
FR;9;2021-02-26;0;0;0;0;0;0;0;0;0;0
FR;9;2021-02-27;0;0;0;0;0;0;0;0;0;0
FR;9;2021-02-28;0;0;0;0;0;0;0;0;0;0
FR;9;2021-03-01;0;0;0;0;0;0;0;0;0;0
FR;9;2021-03-02;0;0;0;0;0;0;0;0;0;0
FR;9;2021-03-03;0;0;0;0;0;0;0;0;0;0
FR;9;2021-03-04;0;0;0;0;0;0;0;0;0;0
FR;9;2021-03-05;0;0;0;0;0;0;0;0;0;0
FR;9;2021-03-06;0;0;0;0;0;0;0;0;0;0
FR;9;2021-03-07;0;0;0;0;0;0;0;0;0;0
FR;9;2021-03-08;0;0;0;0;0;0;0;0;0;0
FR;9;2021-03-09;0;0;0;0;0;0;0;0;0;0
FR;9;2021-03-10;0;0;0;0;0;0;0;0;0;0
FR;9;2021-03-11;0;0;0;0;0;0;0;0;0;0
FR;9;2021-03-12;0;0;0;0;0;0;0;0;0;0
FR;9;2021-03-13;0;0;0;0;0;0;0;0;0;0
FR;9;2021-03-14;0;0;0;0;0;0;0;0;0;0
FR;9;2021-03-15;0;0;0;0;0;0;0;0;0;0
FR;9;2021-03-16;0;0;0;0;0;0;0;0;0;0
FR;9;2021-03-17;0;0;0;0;0;0;0;0;0;0
FR;9;2021-03-18;0;0;0;0;0;0;0;0;0;0
FR;9;2021-03-19;0;0;0;0;0;0;0;0;0;0
FR;9;2021-03-20;0;0;0;0;0;0;0;0;0;0
FR;9;2021-03-21;0;0;0;0;0;0;0;0;0;0
FR;9;2021-03-22;0;0;0;0;0;0;0;0;0;0
FR;9;2021-03-23;0;0;0;0;0;0;0;0;0;0
FR;9;2021-03-24;0;0;0;0;0;0;0;0;0;0
FR;9;2021-03-25;0;0;0;0;0;0;0;0;0;0
FR;9;2021-03-26;0;0;0;0;0;0;0;0;0;0
FR;9;2021-03-27;0;0;0;0;0;0;0;0;0;0
FR;9;2021-03-28;0;0;0;0;0;0;0;0;0;0
FR;9;2021-03-29;0;0;0;0;0;0;0;0;0;0
FR;9;2021-03-30;0;0;0;0;0;0;0;0;0;0
FR;9;2021-03-31;0;0;0;0;0;0;0;0;0;0
FR;9;2021-04-01;0;0;0;0;0;0;0;0;0;0
FR;9;2021-04-02;0;0;0;0;0;0;0;0;0;0
FR;9;2021-04-03;0;0;0;0;0;0;0;0;0;0
FR;9;2021-04-04;0;0;0;0;0;0;0;0;0;0
FR;9;2021-04-05;0;0;0;0;0;0;0;0;0;0
FR;9;2021-04-06;0;0;0;0;0;0;0;0;0;0
FR;9;2021-04-07;0;0;0;0;0;0;0;0;0;0
FR;9;2021-04-08;0;0;0;0;0;0;0;0;0;0
FR;9;2021-04-09;0;0;0;0;0;0;0;0;0;0
FR;9;2021-04-10;0;0;0;0;0;0;0;0;0;0
FR;9;2021-04-11;0;0;0;0;0;0;0;0;0;0
FR;9;2021-04-12;0;0;0;0;0;0;0;0;0;0
FR;9;2021-04-13;0;0;0;0;0;0;0;0;0;0
FR;9;2021-04-14;0;0;0;0;0;0;0;0;0;0
FR;9;2021-04-15;0;0;0;0;0;0;0;0;0;0
FR;9;2021-04-16;0;0;0;0;0;0;0;0;0;0
FR;9;2021-04-17;0;0;0;0;0;0;0;0;0;0
FR;9;2021-04-18;0;0;0;0;0;0;0;0;0;0
FR;9;2021-04-19;0;0;0;0;0;0;0;0;0;0
FR;9;2021-04-20;0;0;0;0;0;0;0;0;0;0
FR;9;2021-04-21;0;0;0;0;0;0;0;0;0;0
FR;9;2021-04-22;0;0;0;0;0;0;0;0;0;0
FR;9;2021-04-23;0;0;0;0;0;0;0;0;0;0
FR;9;2021-04-24;0;0;0;0;0;0;0;0;0;0
FR;9;2021-04-25;0;0;0;0;0;0;0;0;0;0
FR;9;2021-04-26;0;0;0;0;0;0;0;0;0;0
FR;9;2021-04-27;0;0;0;0;0;0;0;0;0;0
FR;9;2021-04-28;0;0;0;0;0;0;0;0;0;0
FR;9;2021-04-29;0;0;0;0;0;0;0;0;0;0
FR;9;2021-04-30;0;0;0;0;0;0;0;0;0;0
FR;9;2021-05-01;0;0;0;0;0;0;0;0;0;0
FR;9;2021-05-02;0;0;0;0;0;0;0;0;0;0
FR;9;2021-05-03;0;0;0;0;0;0;0;0;0;0
FR;9;2021-05-04;0;0;0;0;0;0;0;0;0;0
FR;9;2021-05-05;0;0;0;0;0;0;0;0;0;0
FR;9;2021-05-06;0;0;0;0;0;0;0;0;0;0
FR;9;2021-05-07;0;0;0;0;0;0;0;0;0;0
FR;9;2021-05-08;0;0;0;0;0;0;0;0;0;0
FR;9;2021-05-09;0;0;0;0;0;0;0;0;0;0
FR;9;2021-05-10;0;0;0;0;0;0;0;0;0;0
FR;9;2021-05-11;0;0;0;0;0;0;0;0;0;0
FR;9;2021-05-12;0;0;0;0;0;0;0;0;0;0
FR;9;2021-05-13;0;0;0;0;0;0;0;0;0;0
FR;9;2021-05-14;0;0;0;0;0;0;0;0;0;0
FR;9;2021-05-15;0;0;0;0;0;0;0;0;0;0
FR;9;2021-05-16;0;0;0;0;0;0;0;0;0;0
FR;9;2021-05-17;0;0;0;0;0;0;0;0;0;0
FR;9;2021-05-18;0;0;0;0;0;0;0;0;0;0
FR;9;2021-05-19;0;0;0;0;0;0;0;0;0;0
FR;9;2021-05-20;0;0;0;0;0;0;0;0;0;0
FR;9;2021-05-21;0;0;0;0;0;0;0;0;0;0
FR;9;2021-05-22;0;0;0;0;0;0;0;0;0;0
FR;9;2021-05-23;0;0;0;0;0;0;0;0;0;0
FR;9;2021-05-24;0;0;0;0;0;0;0;0;0;0
FR;9;2021-05-25;0;0;0;0;0;0;0;0;0;0
FR;9;2021-05-26;0;0;0;0;0;0;0;0;0;0
FR;9;2021-05-27;0;0;0;0;0;0;0;0;0;0
FR;9;2021-05-28;0;0;0;0;0;0;0;0;0;0
FR;9;2021-05-29;0;0;0;0;0;0;0;0;0;0
FR;9;2021-05-30;0;0;0;0;0;0;0;0;0;0
FR;9;2021-05-31;0;0;0;0;0;0;0;0;0;0
FR;9;2021-06-01;0;0;0;0;0;0;0;0;0;0
FR;9;2021-06-02;0;0;0;0;0;0;0;0;0;0
FR;9;2021-06-03;0;0;0;0;0;0;0;0;0;0
FR;9;2021-06-04;0;0;0;0;0;0;0;0;0;0
FR;9;2021-06-05;0;0;0;0;0;0;0;0;0;0
FR;9;2021-06-06;0;0;0;0;0;0;0;0;0;0
FR;9;2021-06-07;0;0;0;0;0;0;0;0;0;0
FR;9;2021-06-08;0;0;0;0;0;0;0;0;0;0
FR;9;2021-06-09;0;0;0;0;0;0;0;0;0;0
FR;9;2021-06-10;0;0;0;0;0;0;0;0;0;0
FR;9;2021-06-11;0;0;0;0;0;0;0;0;0;0
FR;9;2021-06-12;0;0;0;0;0;0;0;0;0;0
FR;9;2021-06-13;0;0;0;0;0;0;0;0;0;0
FR;9;2021-06-14;0;0;0;0;0;0;0;0;0;0
FR;9;2021-06-15;0;0;0;0;0;0;0;0;0;0
FR;9;2021-06-16;0;0;0;0;0;0;0;0;0;0
FR;9;2021-06-17;0;0;0;0;0;0;0;0;0;0
FR;9;2021-06-18;0;0;0;0;0;0;0;0;0;0
FR;9;2021-06-19;0;0;0;0;0;0;0;0;0;0
FR;9;2021-06-20;0;0;0;0;0;0;0;0;0;0
FR;9;2021-06-21;0;0;0;0;0;0;0;0;0;0
FR;9;2021-06-22;0;0;0;0;0;0;0;0;0;0
FR;9;2021-06-23;0;0;0;0;0;0;0;0;0;0
FR;9;2021-06-24;0;0;0;0;0;0;0;0;0;0
FR;9;2021-06-25;0;0;0;0;0;0;0;0;0;0
FR;9;2021-06-26;0;0;0;0;0;0;0;0;0;0
FR;9;2021-06-27;0;0;0;0;0;0;0;0;0;0
FR;9;2021-06-28;0;0;0;0;0;0;0;0;0;0
FR;9;2021-06-29;0;0;0;0;0;0;0;0;0;0
FR;9;2021-06-30;0;0;0;0;0;0;0;0;0;0
FR;9;2021-07-01;0;0;0;0;0;0;0;0;0;0
FR;9;2021-07-02;0;0;0;0;0;0;0;0;0;0
FR;9;2021-07-03;0;0;0;0;0;0;0;0;0;0
FR;9;2021-07-04;0;0;0;0;0;0;0;0;0;0
FR;9;2021-07-05;0;0;0;0;0;0;0;0;0;0
FR;9;2021-07-06;0;0;0;0;0;0;0;0;0;0
FR;9;2021-07-07;0;0;0;0;0;0;0;0;0;0
FR;9;2021-07-08;0;0;0;0;0;0;0;0;0;0
FR;9;2021-07-09;0;0;0;0;0;0;0;0;0;0
FR;9;2021-07-10;0;0;0;0;0;0;0;0;0;0
FR;9;2021-07-11;0;0;0;0;0;0;0;0;0;0
FR;9;2021-07-12;0;0;0;0;0;0;0;0;0;0
FR;9;2021-07-13;0;0;0;0;0;0;0;0;0;0
FR;9;2021-07-14;0;0;0;0;0;0;0;0;0;0
FR;9;2021-07-15;0;0;0;0;0;0;0;0;0;0
FR;9;2021-07-16;0;0;0;0;0;0;0;0;0;0
FR;9;2021-07-17;0;0;0;0;0;0;0;0;0;0
FR;9;2021-07-18;0;0;0;0;0;0;0;0;0;0
FR;9;2021-07-19;0;0;0;0;0;0;0;0;0;0
FR;9;2021-07-20;0;0;0;0;0;0;0;0;0;0
FR;9;2021-07-21;0;0;0;0;0;0;0;0;0;0
FR;9;2021-07-22;0;0;0;0;0;0;0;0;0;0
FR;9;2021-07-23;0;0;0;0;0;0;0;0;0;0
FR;9;2021-07-24;0;0;0;0;0;0;0;0;0;0
FR;9;2021-07-25;0;0;0;0;0;0;0;0;0;0
FR;9;2021-07-26;0;0;0;0;0;0;0;0;0;0
FR;9;2021-07-27;0;0;0;0;0;0;0;0;0;0
FR;9;2021-07-28;0;0;0;0;0;0;0;0;0;0
FR;9;2021-07-29;0;0;0;0;0;0;0;0;0;0
FR;9;2021-07-30;0;0;0;0;0;0;0;0;0;0
FR;9;2021-07-31;0;0;0;0;0;0;0;0;0;0
FR;9;2021-08-01;0;0;0;0;0;0;0;0;0;0
FR;9;2021-08-02;0;0;0;0;0;0;0;0;0;0
FR;9;2021-08-03;0;0;0;0;0;0;0;0;0;0
FR;9;2021-08-04;0;0;0;0;0;0;0;0;0;0
FR;9;2021-08-05;0;0;0;0;0;0;0;0;0;0
FR;9;2021-08-06;0;0;0;0;0;0;0;0;0;0
FR;9;2021-08-07;0;0;0;0;0;0;0;0;0;0
FR;9;2021-08-08;0;0;0;0;0;0;0;0;0;0
FR;9;2021-08-09;0;0;0;0;0;0;0;0;0;0
FR;9;2021-08-10;0;0;0;0;0;0;0;0;0;0
FR;9;2021-08-11;0;0;0;0;0;0;0;0;0;0
FR;9;2021-08-12;0;0;0;0;0;0;0;0;0;0
FR;9;2021-08-13;0;0;0;0;0;0;0;0;0;0
FR;9;2021-08-14;0;0;0;0;0;0;0;0;0;0
FR;9;2021-08-15;0;0;0;0;0;0;0;0;0;0
FR;9;2021-08-16;0;0;0;0;0;0;0;0;0;0
FR;9;2021-08-17;0;0;0;0;0;0;0;0;0;0
FR;9;2021-08-18;0;0;0;0;0;0;0;0;0;0
FR;9;2021-08-19;0;0;0;0;0;0;0;0;0;0
FR;9;2021-08-20;0;0;0;0;0;0;0;0;0;0
FR;9;2021-08-21;0;0;0;0;0;0;0;0;0;0
FR;9;2021-08-22;0;0;0;0;0;0;0;0;0;0
FR;9;2021-08-23;0;0;0;0;0;0;0;0;0;0
FR;9;2021-08-24;0;0;0;0;0;0;0;0;0;0
FR;9;2021-08-25;0;0;0;0;0;0;0;0;0;0
FR;9;2021-08-26;0;0;0;0;0;0;0;0;0;0
FR;9;2021-08-27;0;0;0;0;0;0;0;0;0;0
FR;9;2021-08-28;0;0;0;0;0;0;0;0;0;0
FR;9;2021-08-29;0;0;0;0;0;0;0;0;0;0
FR;9;2021-08-30;0;0;0;0;0;0;0;0;0;0
FR;9;2021-08-31;0;0;0;0;0;0;0;0;0;0
FR;9;2021-09-01;0;0;0;0;0;0;0;0;0;0
FR;9;2021-09-02;0;0;0;0;0;0;0;0;0;0
FR;9;2021-09-03;0;0;0;0;0;0;0;0;0;0
FR;9;2021-09-04;0;0;0;0;0;0;0;0;0;0
FR;9;2021-09-05;0;0;0;0;0;0;0;0;0;0
FR;9;2021-09-06;0;0;0;0;0;0;0;0;0;0
FR;9;2021-09-07;0;0;0;0;0;0;0;0;0;0
FR;9;2021-09-08;0;0;0;0;0;0;0;0;0;0
FR;9;2021-09-09;0;0;0;0;0;0;0;0;0;0
FR;9;2021-09-10;0;0;0;0;0;0;0;0;0;0
FR;9;2021-09-11;0;0;0;0;0;0;0;0;0;0
FR;9;2021-09-12;0;0;0;0;0;0;0;0;0;0
FR;9;2021-09-13;0;0;0;0;0;0;0;0;0;0
FR;9;2021-09-14;0;0;0;0;0;0;0;0;0;0
FR;9;2021-09-15;0;0;0;0;0;0;0;0;0;0
FR;9;2021-09-16;0;0;0;0;0;0;0;0;0;0
FR;9;2021-09-17;0;0;0;0;0;0;0;0;0;0
FR;9;2021-09-18;0;0;0;0;0;0;0;0;0;0
FR;9;2021-09-19;0;0;0;0;0;0;0;0;0;0
FR;9;2021-09-20;0;0;0;0;0;0;0;0;0;0
FR;9;2021-09-21;0;0;0;0;0;0;0;0;0;0
FR;9;2021-09-22;0;0;0;0;0;0;0;0;0;0
FR;9;2021-09-23;0;0;0;0;0;0;0;0;0;0
FR;9;2021-09-24;0;0;0;0;0;0;0;0;0;0
FR;9;2021-09-25;0;0;0;0;0;0;0;0;0;0
FR;9;2021-09-26;0;0;0;0;0;0;0;0;0;0
FR;9;2021-09-27;0;0;0;0;0;0;0;0;0;0
FR;9;2021-09-28;0;0;0;0;0;0;0;0;0;0
FR;9;2021-09-29;0;0;0;0;0;0;0;0;0;0
FR;9;2021-09-30;0;0;0;0;0;0;0;0;0;0
FR;9;2021-10-01;0;0;0;0;0;0;0;0;0;0
FR;9;2021-10-02;0;0;0;0;0;0;0;0;0;0
FR;9;2021-10-03;0;0;0;0;0;0;0;0;0;0
FR;9;2021-10-04;0;0;0;0;0;0;0;0;0;0
FR;9;2021-10-05;0;0;0;0;0;0;0;0;0;0
FR;9;2021-10-06;0;0;0;0;0;0;0;0;0;0
FR;9;2021-10-07;0;0;0;0;0;0;0;0;0;0
FR;9;2021-10-08;0;0;0;0;0;0;0;0;0;0
FR;9;2021-10-09;0;0;0;0;0;0;0;0;0;0
FR;9;2021-10-10;0;0;0;0;0;0;0;0;0;0
FR;9;2021-10-11;0;0;0;0;0;0;0;0;0;0
FR;9;2021-10-12;0;0;0;0;0;0;0;0;0;0
FR;9;2021-10-13;0;0;0;0;0;0;0;0;0;0
FR;9;2021-10-14;0;0;0;0;0;0;0;0;0;0
FR;9;2021-10-15;0;0;0;0;0;0;0;0;0;0
FR;9;2021-10-16;0;0;0;0;0;0;0;0;0;0
FR;9;2021-10-17;0;0;0;0;0;0;0;0;0;0
FR;9;2021-10-18;0;0;0;0;0;0;0;0;0;0
FR;9;2021-10-19;0;0;0;0;0;0;0;0;0;0
FR;9;2021-10-20;0;0;0;0;0;0;0;0;0;0
FR;9;2021-10-21;0;0;0;0;0;0;0;0;0;0
FR;9;2021-10-22;0;0;0;0;0;0;0;0;0;0
FR;9;2021-10-23;0;0;0;0;0;0;0;0;0;0
FR;9;2021-10-24;0;0;0;0;0;0;0;0;0;0
FR;9;2021-10-25;0;0;0;0;0;0;0;0;0;0
FR;9;2021-10-26;0;0;0;0;0;0;0;0;0;0
FR;9;2021-10-27;0;0;0;0;0;0;0;0;0;0
FR;9;2021-10-28;0;0;0;0;0;0;0;0;0;0
FR;9;2021-10-29;0;0;0;0;0;0;0;0;0;0
FR;9;2021-10-30;0;0;0;0;0;0;0;0;0;0
FR;9;2021-10-31;0;0;0;0;0;0;0;0;0;0
FR;9;2021-11-01;0;0;0;0;0;0;0;0;0;0
FR;9;2021-11-02;0;0;0;0;0;0;0;0;0;0
FR;9;2021-11-03;0;0;0;0;0;0;0;0;0;0
FR;9;2021-11-04;0;0;0;0;0;0;0;0;0;0
FR;9;2021-11-05;0;0;0;0;0;0;0;0;0;0
FR;9;2021-11-06;0;0;0;0;0;0;0;0;0;0
FR;9;2021-11-07;0;0;0;0;0;0;0;0;0;0
FR;9;2021-11-08;0;0;0;0;0;0;0;0;0;0
FR;9;2021-11-09;0;0;0;0;0;0;0;0;0;0
FR;9;2021-11-10;0;0;0;0;0;0;0;0;0;0
FR;9;2021-11-11;0;0;0;0;0;0;0;0;0;0
FR;9;2021-11-12;0;0;0;0;0;0;0;0;0;0
FR;9;2021-11-13;0;0;0;0;0;0;0;0;0;0
FR;9;2021-11-14;0;0;0;0;0;0;0;0;0;0
FR;9;2021-11-15;0;0;0;0;0;0;0;0;0;0
FR;9;2021-11-16;0;0;0;0;0;0;0;0;0;0
FR;9;2021-11-17;0;0;0;0;0;0;0;0;0;0
FR;9;2021-11-18;0;0;0;0;0;0;0;0;0;0
FR;9;2021-11-19;0;0;0;0;0;0;0;0;0;0
FR;9;2021-11-20;0;0;0;0;0;0;0;0;0;0
FR;9;2021-11-21;0;0;0;0;0;0;0;0;0;0
FR;9;2021-11-22;0;0;0;0;0;0;0;0;0;0
FR;9;2021-11-23;0;0;0;0;0;0;0;0;0;0
FR;9;2021-11-24;0;0;0;0;0;0;0;0;0;0
FR;9;2021-11-25;0;0;0;0;0;0;0;0;0;0
FR;9;2021-11-26;0;0;0;0;0;0;0;0;0;0
FR;9;2021-11-27;0;0;0;0;0;0;0;0;0;0
FR;9;2021-11-28;0;0;0;0;0;0;0;0;0;0
FR;9;2021-11-29;0;0;0;0;0;0;0;0;0;0
FR;9;2021-11-30;0;0;0;0;0;0;0;0;0;0
FR;9;2021-12-01;0;0;0;0;0;0;0;0;0;0
FR;9;2021-12-02;0;0;0;0;0;0;0;0;0;0
FR;9;2021-12-03;0;0;0;0;0;0;0;0;0;0
FR;9;2021-12-04;0;0;0;0;0;0;0;0;0;0
FR;9;2021-12-05;0;0;0;0;0;0;0;0;0;0
FR;9;2021-12-06;0;0;0;0;0;0;0;0;0;0
FR;9;2021-12-07;0;0;0;0;0;0;0;0;0;0
FR;9;2021-12-08;0;0;0;0;0;0;0;0;0;0
FR;9;2021-12-09;0;0;0;0;0;0;0;0;0;0
FR;9;2021-12-10;0;0;0;0;0;0;0;0;0;0
FR;9;2021-12-11;0;0;0;0;0;0;0;0;0;0
FR;9;2021-12-12;0;0;0;0;0;0;0;0;0;0
FR;9;2021-12-13;0;0;0;0;0;0;0;0;0;0
FR;9;2021-12-14;0;0;0;0;0;0;0;0;0;0
FR;9;2021-12-15;0;0;0;0;0;0;0;0;0;0
FR;9;2021-12-16;0;0;0;0;0;0;0;0;0;0
FR;9;2021-12-17;0;0;0;0;0;0;0;0;0;0
FR;9;2021-12-18;0;0;0;0;0;0;0;0;0;0
FR;9;2021-12-19;0;0;0;0;0;0;0;0;0;0
FR;9;2021-12-20;0;0;0;0;0;0;0;0;0;0
FR;9;2021-12-21;0;0;0;0;0;0;0;0;0;0
FR;9;2021-12-22;0;0;0;0;0;0;0;0;0;0
FR;9;2021-12-23;0;0;0;0;0;0;0;0;0;0
FR;9;2021-12-24;0;0;0;0;0;0;0;0;0;0
FR;9;2021-12-25;0;0;0;0;0;0;0;0;0;0
FR;9;2021-12-26;0;0;0;0;0;0;0;0;0;0
FR;9;2021-12-27;0;0;0;0;0;0;0;0;0;0
FR;9;2021-12-28;0;0;0;0;0;0;0;0;0;0
FR;9;2021-12-29;0;0;0;0;0;0;0;0;0;0
FR;9;2021-12-30;0;0;0;0;0;0;0;0;0;0
FR;9;2021-12-31;0;0;0;0;0;0;0;0;0;0
FR;9;2022-01-01;0;0;0;0;0;0;0;0;0;0
FR;9;2022-01-02;0;0;0;0;0;0;0;0;0;0
FR;9;2022-01-03;0;0;0;0;0;0;0;0;0;0
FR;9;2022-01-04;0;0;0;0;0;0;0;0;0;0
FR;9;2022-01-05;0;0;0;0;0;0;0;0;0;0
FR;9;2022-01-06;0;0;0;0;0;0;0;0;0;0
FR;9;2022-01-07;0;0;0;0;0;0;0;0;0;0
FR;9;2022-01-08;0;0;0;0;0;0;0;0;0;0
FR;9;2022-01-09;0;0;0;0;0;0;0;0;0;0
FR;9;2022-01-10;0;0;0;0;0;0;0;0;0;0
FR;9;2022-01-11;0;0;0;0;0;0;0;0;0;0
FR;9;2022-01-12;0;0;0;0;0;0;0;0;0;0
FR;9;2022-01-13;0;0;0;0;0;0;0;0;0;0
FR;9;2022-01-14;0;0;0;0;0;0;0;0;0;0
FR;9;2022-01-15;0;0;0;0;0;0;0;0;0;0
FR;9;2022-01-16;0;0;0;0;0;0;0;0;0;0
FR;9;2022-01-17;0;0;0;0;0;0;0;0;0;0
FR;9;2022-01-18;0;0;0;0;0;0;0;0;0;0
FR;9;2022-01-19;0;0;0;0;0;0;0;0;0;0
FR;9;2022-01-20;0;0;0;0;0;0;0;0;0;0
FR;9;2022-01-21;0;0;0;0;0;0;0;0;0;0
FR;9;2022-01-22;0;0;0;0;0;0;0;0;0;0
FR;9;2022-01-23;0;0;0;0;0;0;0;0;0;0
FR;9;2022-01-24;0;0;0;0;0;0;0;0;0;0
FR;9;2022-01-25;0;0;0;0;0;0;0;0;0;0
FR;9;2022-01-26;0;0;0;0;0;0;0;0;0;0
FR;9;2022-01-27;0;0;0;0;0;0;0;0;0;0
FR;9;2022-01-28;0;0;0;0;0;0;0;0;0;0
FR;9;2022-01-29;0;0;0;0;0;0;0;0;0;0
FR;9;2022-01-30;0;0;0;0;0;0;0;0;0;0
FR;9;2022-01-31;0;0;0;0;0;0;0;0;0;0
FR;9;2022-02-01;0;0;0;0;0;0;0;0;0;0
FR;9;2022-02-02;0;0;0;0;0;0;0;0;0;0
FR;9;2022-02-03;0;0;0;0;0;0;0;0;0;0
FR;9;2022-02-04;0;0;0;0;0;0;0;0;0;0
FR;9;2022-02-05;0;0;0;0;0;0;0;0;0;0
FR;9;2022-02-06;0;0;0;0;0;0;0;0;0;0
FR;9;2022-02-07;0;0;0;0;0;0;0;0;0;0
FR;9;2022-02-08;0;0;0;0;0;0;0;0;0;0
FR;9;2022-02-09;0;0;0;0;0;0;0;0;0;0
FR;9;2022-02-10;0;0;0;0;0;0;0;0;0;0
FR;9;2022-02-11;0;0;0;0;0;0;0;0;0;0
FR;9;2022-02-12;0;0;0;0;0;0;0;0;0;0
FR;9;2022-02-13;0;0;0;0;0;0;0;0;0;0
FR;9;2022-02-14;0;0;0;0;0;0;0;0;0;0
FR;9;2022-02-15;0;0;0;0;0;0;0;0;0;0
FR;9;2022-02-16;0;0;0;0;0;0;0;0;0;0
FR;9;2022-02-17;0;0;0;0;0;0;0;0;0;0
FR;9;2022-02-18;0;0;0;0;0;0;0;0;0;0
FR;9;2022-02-19;0;0;0;0;0;0;0;0;0;0
FR;9;2022-02-20;0;0;0;0;0;0;0;0;0;0
FR;9;2022-02-21;0;0;0;0;0;0;0;0;0;0
FR;9;2022-02-22;0;0;0;0;0;0;0;0;0;0
FR;9;2022-02-23;0;0;0;0;0;0;0;0;0;0
FR;9;2022-02-24;0;0;0;0;0;0;0;0;0;0
FR;9;2022-02-25;0;0;0;0;0;0;0;0;0;0
FR;9;2022-02-26;0;0;0;0;0;0;0;0;0;0
FR;9;2022-02-27;0;0;0;0;0;0;0;0;0;0
FR;9;2022-02-28;0;0;0;0;0;0;0;0;0;0
FR;9;2022-03-01;0;0;0;0;0;0;0;0;0;0
FR;9;2022-03-02;0;0;0;0;0;0;0;0;0;0
FR;9;2022-03-03;0;0;0;0;0;0;0;0;0;0
FR;9;2022-03-04;0;0;0;0;0;0;0;0;0;0
FR;9;2022-03-05;0;0;0;0;0;0;0;0;0;0
FR;9;2022-03-06;0;0;0;0;0;0;0;0;0;0
FR;9;2022-03-07;0;0;0;0;0;0;0;0;0;0
FR;9;2022-03-08;0;0;0;0;0;0;0;0;0;0
FR;9;2022-03-09;0;0;0;0;0;0;0;0;0;0
FR;9;2022-03-10;0;0;0;0;0;0;0;0;0;0
FR;9;2022-03-11;0;0;0;0;0;0;0;0;0;0
FR;9;2022-03-12;0;0;0;0;0;0;0;0;0;0
FR;9;2022-03-13;0;0;0;0;0;0;0;0;0;0
FR;9;2022-03-14;0;0;0;0;0;0;0;0;0;0
FR;9;2022-03-15;0;0;0;0;0;0;0;0;0;0
FR;9;2022-03-16;0;0;0;0;0;0;0;0;0;0
FR;9;2022-03-17;0;0;0;0;0;0;0;0;0;0
FR;9;2022-03-18;0;0;0;0;0;0;0;0;0;0
FR;9;2022-03-19;0;0;0;0;0;0;0;0;0;0
FR;9;2022-03-20;0;0;0;0;0;0;0;0;0;0
FR;9;2022-03-21;0;0;0;0;0;0;0;0;0;0
FR;9;2022-03-22;0;0;0;0;0;0;0;0;0;0
FR;9;2022-03-23;0;0;0;0;0;0;0;0;0;0
FR;9;2022-03-24;0;0;0;0;0;0;0;0;0;0
FR;9;2022-03-25;0;0;0;0;0;0;0;0;0;0
FR;9;2022-03-26;0;0;0;0;0;0;0;0;0;0
FR;9;2022-03-27;0;0;0;0;0;0;0;0;0;0
FR;9;2022-03-28;0;0;0;0;0;0;0;0;0;0
FR;9;2022-03-29;0;0;0;0;0;0;0;0;0;0
FR;9;2022-03-30;0;0;0;0;0;0;0;0;0;0
FR;9;2022-03-31;0;0;0;0;0;0;0;0;0;0
FR;9;2022-04-01;0;0;0;0;0;0;0;0;0;0
FR;9;2022-04-02;0;0;0;0;0;0;0;0;0;0
FR;9;2022-04-03;0;0;0;0;0;0;0;0;0;0
FR;9;2022-04-04;0;0;0;0;0;0;0;0;0;0
FR;9;2022-04-05;0;0;0;0;0;0;0;0;0;0
FR;9;2022-04-06;0;0;0;0;0;0;0;0;0;0
FR;9;2022-04-07;0;0;0;0;0;0;0;0;0;0
FR;9;2022-04-08;0;0;0;0;0;0;0;0;0;0
FR;9;2022-04-09;0;0;0;0;0;0;0;0;0;0
FR;9;2022-04-10;0;0;0;0;0;0;0;0;0;0
FR;9;2022-04-11;0;0;0;0;0;0;0;0;0;0
FR;9;2022-04-12;0;0;0;0;0;0;0;0;0;0
FR;9;2022-04-13;0;0;0;0;0;0;0;0;0;0
FR;9;2022-04-14;0;0;0;0;0;0;0;0;0;0
FR;9;2022-04-15;0;0;0;0;0;0;0;0;0;0
FR;9;2022-04-16;0;0;0;0;0;0;0;0;0;0
FR;9;2022-04-17;0;0;0;0;0;0;0;0;0;0
FR;9;2022-04-18;0;0;0;0;0;0;0;0;0;0
FR;9;2022-04-19;0;0;0;0;0;0;0;0;0;0
FR;9;2022-04-20;0;0;0;0;0;0;0;0;0;0
FR;9;2022-04-21;0;0;0;0;0;0;0;0;0;0
FR;9;2022-04-22;0;0;0;0;0;0;0;0;0;0
FR;9;2022-04-23;0;0;0;0;0;0;0;0;0;0
FR;9;2022-04-24;0;0;0;0;0;0;0;0;0;0
FR;9;2022-04-25;0;0;0;0;0;0;0;0;0;0
FR;9;2022-04-26;0;0;0;0;0;0;0;0;0;0
FR;9;2022-04-27;0;0;0;0;0;0;0;0;0;0
FR;9;2022-04-28;0;0;0;0;0;0;0;0;0;0
FR;9;2022-04-29;0;0;0;0;0;0;0;0;0;0
FR;9;2022-04-30;0;0;0;0;0;0;0;0;0;0
FR;9;2022-05-01;0;0;0;0;0;0;0;0;0;0
FR;9;2022-05-02;0;0;0;0;0;0;0;0;0;0
FR;9;2022-05-03;0;0;0;0;0;0;0;0;0;0
FR;9;2022-05-04;0;0;0;0;0;0;0;0;0;0
FR;9;2022-05-05;0;0;0;0;0;0;0;0;0;0
FR;9;2022-05-06;0;0;0;0;0;0;0;0;0;0
FR;9;2022-05-07;0;0;0;0;0;0;0;0;0;0
FR;9;2022-05-08;0;0;0;0;0;0;0;0;0;0
FR;9;2022-05-09;0;0;0;0;0;0;0;0;0;0
FR;9;2022-05-10;0;0;0;0;0;0;0;0;0;0
FR;9;2022-05-11;0;0;0;0;0;0;0;0;0;0
FR;9;2022-05-12;0;0;0;0;0;0;0;0;0;0
FR;9;2022-05-13;0;0;0;0;0;0;0;0;0;0
FR;9;2022-05-14;0;0;0;0;0;0;0;0;0;0
FR;9;2022-05-15;0;0;0;0;0;0;0;0;0;0
FR;9;2022-05-16;0;0;0;0;0;0;0;0;0;0
FR;9;2022-05-17;0;0;0;0;0;0;0;0;0;0
FR;9;2022-05-18;0;0;0;0;0;0;0;0;0;0
FR;9;2022-05-19;0;0;0;0;0;0;0;0;0;0
FR;9;2022-05-20;0;0;0;0;0;0;0;0;0;0
FR;9;2022-05-21;0;0;0;0;0;0;0;0;0;0
FR;9;2022-05-22;0;0;0;0;0;0;0;0;0;0
FR;9;2022-05-23;0;0;0;0;0;0;0;0;0;0
FR;9;2022-05-24;0;0;0;0;0;0;0;0;0;0
FR;9;2022-05-25;0;0;0;0;0;0;0;0;0;0
FR;9;2022-05-26;0;0;0;0;0;0;0;0;0;0
FR;9;2022-05-27;0;0;0;0;0;0;0;0;0;0
FR;9;2022-05-28;0;0;0;0;0;0;0;0;0;0
FR;9;2022-05-29;0;0;0;0;0;0;0;0;0;0
FR;9;2022-05-30;0;0;0;0;0;0;0;0;0;0
FR;9;2022-05-31;0;0;0;0;0;0;0;0;0;0
FR;9;2022-06-01;0;0;0;0;0;0;0;0;0;0
FR;9;2022-06-02;0;0;0;0;0;0;0;0;0;0
FR;9;2022-06-03;0;0;0;0;0;0;0;0;0;0
FR;9;2022-06-04;0;0;0;0;0;0;0;0;0;0
FR;9;2022-06-05;0;0;0;0;0;0;0;0;0;0
FR;9;2022-06-06;0;0;0;0;0;0;0;0;0;0
FR;9;2022-06-07;0;0;0;0;0;0;0;0;0;0
FR;9;2022-06-08;0;0;0;0;0;0;0;0;0;0
FR;9;2022-06-09;0;0;0;0;0;0;0;0;0;0
FR;9;2022-06-10;0;0;0;0;0;0;0;0;0;0
FR;9;2022-06-11;0;0;0;0;0;0;0;0;0;0
FR;9;2022-06-12;0;0;0;0;0;0;0;0;0;0
FR;9;2022-06-13;0;0;0;0;0;0;0;0;0;0
FR;9;2022-06-14;0;0;0;0;0;0;0;0;0;0
FR;9;2022-06-15;0;0;0;0;0;0;0;0;0;0
FR;9;2022-06-16;0;0;0;0;0;0;0;0;0;0
FR;9;2022-06-17;0;0;0;0;0;0;0;0;0;0
FR;9;2022-06-18;0;0;0;0;0;0;0;0;0;0
FR;9;2022-06-19;0;0;0;0;0;0;0;0;0;0
FR;9;2022-06-20;0;0;0;0;0;0;0;0;0;0
FR;9;2022-06-21;0;0;0;0;0;0;0;0;0;0
FR;9;2022-06-22;0;0;0;0;0;0;0;0;0;0
FR;9;2022-06-23;0;0;0;0;0;0;0;0;0;0
FR;9;2022-06-24;0;0;0;0;0;0;0;0;0;0
FR;9;2022-06-25;0;0;0;0;0;0;0;0;0;0
FR;9;2022-06-26;0;0;0;0;0;0;0;0;0;0
FR;9;2022-06-27;0;0;0;0;0;0;0;0;0;0
FR;9;2022-06-28;0;0;0;0;0;0;0;0;0;0
FR;9;2022-06-29;0;0;0;0;0;0;0;0;0;0
FR;9;2022-06-30;0;0;0;0;0;0;0;0;0;0
FR;9;2022-07-01;0;0;0;0;0;0;0;0;0;0
FR;9;2022-07-02;0;0;0;0;0;0;0;0;0;0
FR;9;2022-07-03;0;0;0;0;0;0;0;0;0;0
FR;9;2022-07-04;0;0;0;0;0;0;0;0;0;0
FR;9;2022-07-05;0;0;0;0;0;0;0;0;0;0
FR;9;2022-07-06;0;0;0;0;0;0;0;0;0;0
FR;9;2022-07-07;0;0;0;0;0;0;0;0;0;0
FR;9;2022-07-08;0;0;0;0;0;0;0;0;0;0
FR;9;2022-07-09;0;0;0;0;0;0;0;0;0;0
FR;9;2022-07-10;0;0;0;0;0;0;0;0;0;0
FR;9;2022-07-11;0;0;0;0;0;0;0;0;0;0
FR;9;2022-07-12;0;0;0;0;0;0;0;0;0;0
FR;9;2022-07-13;0;0;0;0;0;0;0;0;0;0
FR;9;2022-07-14;0;0;0;0;0;0;0;0;0;0
FR;9;2022-07-15;0;0;0;0;0;0;0;0;0;0
FR;9;2022-07-16;0;0;0;0;0;0;0;0;0;0
FR;9;2022-07-17;0;0;0;0;0;0;0;0;0;0
FR;9;2022-07-18;0;0;0;0;0;0;0;0;0;0
FR;9;2022-07-19;0;0;0;0;0;0;0;0;0;0
FR;9;2022-07-20;0;0;0;0;0;0;0;0;0;0
FR;9;2022-07-21;0;0;0;0;0;0;0;0;0;0
FR;9;2022-07-22;0;0;0;0;0;0;0;0;0;0
FR;9;2022-07-23;0;0;0;0;0;0;0;0;0;0
FR;9;2022-07-24;0;0;0;0;0;0;0;0;0;0
FR;9;2022-07-25;0;0;0;0;0;0;0;0;0;0
FR;9;2022-07-26;0;0;0;0;0;0;0;0;0;0
FR;9;2022-07-27;0;0;0;0;0;0;0;0;0;0
FR;9;2022-07-28;0;0;0;0;0;0;0;0;0;0
FR;9;2022-07-29;0;0;0;0;0;0;0;0;0;0
FR;9;2022-07-30;0;0;0;0;0;0;0;0;0;0
FR;9;2022-07-31;0;0;0;0;0;0;0;0;0;0
FR;9;2022-08-01;0;0;0;0;0;0;0;0;0;0
FR;9;2022-08-02;0;0;0;0;0;0;0;0;0;0
FR;9;2022-08-03;0;0;0;0;0;0;0;0;0;0
FR;9;2022-08-04;0;0;0;0;0;0;0;0;0;0
FR;9;2022-08-05;0;0;0;0;0;0;0;0;0;0
FR;9;2022-08-06;0;0;0;0;0;0;0;0;0;0
FR;9;2022-08-07;0;0;0;0;0;0;0;0;0;0
FR;9;2022-08-08;0;0;0;0;0;0;0;0;0;0
FR;9;2022-08-09;0;0;0;0;0;0;0;0;0;0
FR;9;2022-08-10;0;0;0;0;0;0;0;0;0;0
FR;9;2022-08-11;0;0;0;0;0;0;0;0;0;0
FR;9;2022-08-12;0;0;0;0;0;0;0;0;0;0
FR;9;2022-08-13;0;0;0;0;0;0;0;0;0;0
FR;9;2022-08-14;0;0;0;0;0;0;0;0;0;0
FR;9;2022-08-15;0;0;0;0;0;0;0;0;0;0
FR;9;2022-08-16;0;0;0;0;0;0;0;0;0;0
FR;9;2022-08-17;0;0;0;0;0;0;0;0;0;0
FR;9;2022-08-18;0;0;0;0;0;0;0;0;0;0
FR;9;2022-08-19;0;0;0;0;0;0;0;0;0;0
FR;9;2022-08-20;0;0;0;0;0;0;0;0;0;0
FR;9;2022-08-21;0;0;0;0;0;0;0;0;0;0
FR;9;2022-08-22;0;0;0;0;0;0;0;0;0;0
FR;9;2022-08-23;0;0;0;0;0;0;0;0;0;0
FR;9;2022-08-24;0;0;0;0;0;0;0;0;0;0
FR;9;2022-08-25;0;0;0;0;0;0;0;0;0;0
FR;9;2022-08-26;0;0;0;0;0;0;0;0;0;0
FR;9;2022-08-27;0;0;0;0;0;0;0;0;0;0
FR;9;2022-08-28;0;0;0;0;0;0;0;0;0;0
FR;9;2022-08-29;0;0;0;0;0;0;0;0;0;0
FR;9;2022-08-30;0;0;0;0;0;0;0;0;0;0
FR;9;2022-08-31;0;0;0;0;0;0;0;0;0;0
FR;9;2022-09-01;0;0;0;0;0;0;0;0;0;0
FR;9;2022-09-02;0;0;0;0;0;0;0;0;0;0
FR;9;2022-09-03;0;0;0;0;0;0;0;0;0;0
FR;9;2022-09-04;0;0;0;0;0;0;0;0;0;0
FR;9;2022-09-05;0;0;0;0;0;0;0;0;0;0
FR;9;2022-09-06;0;0;0;0;0;0;0;0;0;0
FR;9;2022-09-07;0;0;0;0;0;0;0;0;0;0
FR;9;2022-09-08;0;0;0;0;0;0;0;0;0;0
FR;9;2022-09-09;0;0;0;0;0;0;0;0;0;0
FR;9;2022-09-10;0;0;0;0;0;0;0;0;0;0
FR;9;2022-09-11;0;0;0;0;0;0;0;0;0;0
FR;9;2022-09-12;0;0;0;0;0;0;0;0;0;0
FR;9;2022-09-13;0;0;0;0;0;0;0;0;0;0
FR;9;2022-09-14;0;0;0;0;0;0;0;0;0;0
FR;9;2022-09-15;0;0;0;0;0;0;0;0;0;0
FR;9;2022-09-16;0;0;0;0;0;0;0;0;0;0
FR;9;2022-09-17;0;0;0;0;0;0;0;0;0;0
FR;9;2022-09-18;0;0;0;0;0;0;0;0;0;0
FR;9;2022-09-19;0;0;0;0;0;0;0;0;0;0
FR;9;2022-09-20;0;0;0;0;0;0;0;0;0;0
FR;9;2022-09-21;0;0;0;0;0;0;0;0;0;0
FR;9;2022-09-22;0;0;0;0;0;0;0;0;0;0
FR;9;2022-09-23;0;0;0;0;0;0;0;0;0;0
FR;9;2022-09-24;0;0;0;0;0;0;0;0;0;0
FR;9;2022-09-25;0;0;0;0;0;0;0;0;0;0
FR;9;2022-09-26;0;0;0;0;0;0;0;0;0;0
FR;9;2022-09-27;0;0;0;0;0;0;0;0;0;0
FR;9;2022-09-28;0;0;0;0;0;0;0;0;0;0
FR;9;2022-09-29;1;0;6;29;3;1;0;6;29;3
FR;0;2020-12-27;609;0;0;0;0;609;0;0;0;0
FR;0;2020-12-28;683;1;0;0;0;1292;1;0;0;0
FR;0;2020-12-29;384;0;0;0;0;1676;1;0;0;0
FR;0;2020-12-30;444;0;0;0;0;2120;1;0;0;0
FR;0;2020-12-31;442;1;0;0;0;2562;2;0;0;0
FR;0;2021-01-01;1158;2;0;0;0;3720;4;0;0;0
FR;0;2021-01-02;364;3;0;0;0;4084;7;0;0;0
FR;0;2021-01-03;404;0;0;0;0;4488;7;0;0;0
FR;0;2021-01-04;2115;4;0;0;0;6603;11;0;0;0
FR;0;2021-01-05;7752;3;0;0;0;14355;14;0;0;0
FR;0;2021-01-06;12456;17;0;0;0;26811;31;0;0;0
FR;0;2021-01-07;29468;17;0;0;0;56279;48;0;0;0
FR;0;2021-01-08;37147;18;0;0;0;93426;66;0;0;0
FR;0;2021-01-09;11212;7;0;0;0;104638;73;0;0;0
FR;0;2021-01-10;6008;7;0;0;0;110646;80;0;0;0
FR;0;2021-01-11;39937;24;0;0;0;150583;104;0;0;0
FR;0;2021-01-12;62143;20;0;0;0;212726;124;0;0;0
FR;0;2021-01-13;65121;44;0;0;0;277847;168;0;0;0
FR;0;2021-01-14;83118;156;0;0;0;360965;324;0;0;0
FR;0;2021-01-15;69010;66;0;0;0;429975;390;0;0;0
FR;0;2021-01-16;20217;72;0;0;0;450192;462;0;0;0
FR;0;2021-01-17;10986;51;0;0;0;461178;513;0;0;0
FR;0;2021-01-18;85907;171;0;0;0;547085;684;0;0;0
FR;0;2021-01-19;130602;189;0;0;0;677687;873;0;0;0
FR;0;2021-01-20;137553;188;0;0;0;815240;1061;0;0;0
FR;0;2021-01-21;158407;184;0;0;0;973647;1245;0;0;0
FR;0;2021-01-22;121066;234;0;0;0;1094713;1479;0;0;0
FR;0;2021-01-23;38481;69;0;0;0;1133194;1548;0;0;0
FR;0;2021-01-24;9745;100;0;0;0;1142939;1648;0;0;0
FR;0;2021-01-25;78241;1348;0;0;0;1221180;2996;0;0;0
FR;0;2021-01-26;100378;3509;1;0;0;1321558;6505;1;0;0
FR;0;2021-01-27;107249;6151;0;0;0;1428807;12656;1;0;0
FR;0;2021-01-28;124358;15710;0;0;0;1553165;28366;1;0;0
FR;0;2021-01-29;92188;18219;0;0;0;1645353;46585;1;0;0
FR;0;2021-01-30;29123;4418;0;0;0;1674476;51003;1;0;0
FR;0;2021-01-31;5234;1821;0;0;0;1679710;52824;1;0;0
FR;0;2021-02-01;53133;22137;0;0;0;1732843;74961;1;0;0
FR;0;2021-02-02;72313;36995;0;0;0;1805156;111956;1;0;0
FR;0;2021-02-03;72307;39092;0;0;0;1877463;151048;1;0;0
FR;0;2021-02-04;82080;53316;0;0;0;1959543;204364;1;0;0
FR;0;2021-02-05;68236;46908;0;0;0;2027779;251272;1;0;0
FR;0;2021-02-06;23027;11108;0;0;0;2050806;262380;1;0;0
FR;0;2021-02-07;5191;5689;0;0;0;2055997;268069;1;0;0
FR;0;2021-02-08;46839;47856;0;0;0;2102836;315925;1;0;0
FR;0;2021-02-09;66013;76427;0;0;0;2168849;392352;1;0;0
FR;0;2021-02-10;71019;81221;0;0;0;2239868;473573;1;0;0
FR;0;2021-02-11;87282;103774;0;0;0;2327150;577347;1;0;0
FR;0;2021-02-12;79327;75361;0;0;0;2406477;652708;1;0;0
FR;0;2021-02-13;22381;19571;0;0;0;2428858;672279;1;0;0
FR;0;2021-02-14;5077;7358;0;0;0;2433935;679637;1;0;0
FR;0;2021-02-15;38103;76747;0;0;0;2472038;756384;1;0;0
FR;0;2021-02-16;50398;100501;0;0;0;2522436;856885;1;0;0
FR;0;2021-02-17;50539;105958;20;0;0;2572975;962843;21;0;0
FR;0;2021-02-18;69788;122337;0;0;0;2642763;1085180;21;0;0
FR;0;2021-02-19;65070;91700;1;0;0;2707833;1176880;22;0;0
FR;0;2021-02-20;18589;28676;0;0;0;2726422;1205556;22;0;0
FR;0;2021-02-21;3323;6173;0;0;0;2729745;1211729;22;0;0
FR;0;2021-02-22;37498;73204;2;0;0;2767243;1284933;24;0;0
FR;0;2021-02-23;53782;85124;1;0;0;2821025;1370057;25;0;0
FR;0;2021-02-24;60020;82481;1;0;0;2881045;1452538;26;0;0
FR;0;2021-02-25;100580;91488;1;0;0;2981625;1544026;27;0;0
FR;0;2021-02-26;113470;70768;1;0;0;3095095;1614794;28;0;0
FR;0;2021-02-27;52108;22278;1;0;0;3147203;1637072;29;0;0
FR;0;2021-02-28;6202;4200;2;0;0;3153405;1641272;31;0;0
FR;0;2021-03-01;65896;53811;1;0;0;3219301;1695083;32;0;0
FR;0;2021-03-02;101385;67008;3;0;0;3320686;1762091;35;0;0
FR;0;2021-03-03;116532;65540;0;0;0;3437218;1827631;35;0;0
FR;0;2021-03-04;163630;71725;3;0;0;3600848;1899356;38;0;0
FR;0;2021-03-05;200932;62840;3;0;0;3801780;1962196;41;0;0
FR;0;2021-03-06;207962;17574;3;0;0;4009742;1979770;44;0;0
FR;0;2021-03-07;121276;4482;1;0;0;4131018;1984252;45;0;0
FR;0;2021-03-08;107152;49911;2;0;0;4238170;2034163;47;0;0
FR;0;2021-03-09;172460;56324;2;0;0;4410630;2090487;49;0;0
FR;0;2021-03-10;179005;57188;5;0;0;4589635;2147675;54;0;0
FR;0;2021-03-11;242900;63872;2;0;0;4832535;2211547;56;0;0
FR;0;2021-03-12;294825;53441;1;0;0;5127360;2264988;57;0;0
FR;0;2021-03-13;231415;15277;1;0;0;5358775;2280265;58;0;0
FR;0;2021-03-14;63355;3171;1;0;0;5422130;2283436;59;0;0
FR;0;2021-03-15;158666;31884;3;0;0;5580796;2315320;62;0;0
FR;0;2021-03-16;141567;39062;6;0;0;5722363;2354382;68;0;0
FR;0;2021-03-17;150495;37818;4;0;0;5872858;2392200;72;0;0
FR;0;2021-03-18;167843;44444;5;0;0;6040701;2436644;77;0;0
FR;0;2021-03-19;230017;36960;2;0;0;6270718;2473604;79;0;0
FR;0;2021-03-20;166693;11473;1;0;0;6437411;2485077;80;0;0
FR;0;2021-03-21;49944;2283;1;0;0;6487355;2487360;81;0;0
FR;0;2021-03-22;170059;33761;2;0;0;6657414;2521121;83;0;0
FR;0;2021-03-23;250394;42393;1;0;0;6907808;2563514;84;0;0
FR;0;2021-03-24;256910;43609;0;0;0;7164718;2607123;84;0;0
FR;0;2021-03-25;341814;45076;5;0;0;7506532;2652199;89;0;0
FR;0;2021-03-26;358804;41857;5;1;0;7865336;2694056;94;1;0
FR;0;2021-03-27;195263;16872;1;0;0;8060599;2710928;95;1;0
FR;0;2021-03-28;59343;4397;3;0;0;8119942;2715325;98;1;0
FR;0;2021-03-29;202984;53658;4;0;0;8322926;2768983;102;1;0
FR;0;2021-03-30;285485;69910;5;0;0;8608411;2838893;107;1;0
FR;0;2021-03-31;263042;73683;4;0;0;8871453;2912576;111;1;0
FR;0;2021-04-01;315506;91500;11;0;0;9186959;3004076;122;1;0
FR;0;2021-04-02;281348;93988;7;0;0;9468307;3098064;129;1;0
FR;0;2021-04-03;141079;62307;6;0;0;9609386;3160371;135;1;0
FR;0;2021-04-04;46530;18922;2;0;0;9655916;3179293;137;1;0
FR;0;2021-04-05;63343;10607;11;0;0;9719259;3189900;148;1;0
FR;0;2021-04-06;217224;111515;17;0;0;9936483;3301415;165;1;0
FR;0;2021-04-07;260263;115319;17;0;0;10196746;3416734;182;1;0
FR;0;2021-04-08;337841;122531;14;0;0;10534587;3539265;196;1;0
FR;0;2021-04-09;410162;116638;49;0;0;10944749;3655903;245;1;0
FR;0;2021-04-10;212625;82768;15;0;0;11157374;3738671;260;1;0
FR;0;2021-04-11;56148;34255;7;0;0;11213522;3772926;267;1;0
FR;0;2021-04-12;237079;115636;46;0;0;11450601;3888562;313;1;0
FR;0;2021-04-13;309494;144332;98;1;0;11760095;4032894;411;2;0
FR;0;2021-04-14;294537;139535;215;0;0;12054632;4172429;626;2;0
FR;0;2021-04-15;337111;149642;339;0;0;12391743;4322071;965;2;0
FR;0;2021-04-16;339295;146451;354;0;0;12731038;4468522;1319;2;0
FR;0;2021-04-17;188662;89996;109;0;0;12919700;4558518;1428;2;0
FR;0;2021-04-18;51620;35411;47;0;0;12971320;4593929;1475;2;0
FR;0;2021-04-19;205702;138202;456;0;0;13177022;4732131;1931;2;0
FR;0;2021-04-20;254424;171427;569;0;0;13431446;4903558;2500;2;0
FR;0;2021-04-21;253274;169533;835;0;0;13684720;5073091;3335;2;0
FR;0;2021-04-22;287567;189612;818;0;0;13972287;5262703;4153;2;0
FR;0;2021-04-23;297803;183992;747;0;0;14270090;5446695;4900;2;0
FR;0;2021-04-24;190455;111795;252;0;0;14460545;5558490;5152;2;0
FR;0;2021-04-25;69559;38795;51;0;0;14530104;5597285;5203;2;0
FR;0;2021-04-26;220964;157499;563;0;0;14751068;5754784;5766;2;0
FR;0;2021-04-27;284611;187698;940;0;0;15035679;5942482;6706;2;0
FR;0;2021-04-28;299506;183985;1426;1;1;15335185;6126467;8132;3;1
FR;0;2021-04-29;357133;197377;1278;0;0;15692318;6323844;9410;3;1
FR;0;2021-04-30;372222;185472;1121;1;0;16064540;6509316;10531;4;1
FR;0;2021-05-01;167645;52489;179;0;0;16232185;6561805;10710;4;1
FR;0;2021-05-02;91748;37802;83;0;0;16323933;6599607;10793;4;1
FR;0;2021-05-03;288929;166958;843;0;0;16612862;6766565;11636;4;1
FR;0;2021-05-04;315676;225026;1233;0;0;16928538;6991591;12869;4;1
FR;0;2021-05-05;327196;225732;1315;0;0;17255734;7217323;14184;4;1
FR;0;2021-05-06;379519;240314;1632;0;0;17635253;7457637;15816;4;1
FR;0;2021-05-07;372751;258009;1223;0;0;18008004;7715646;17039;4;1
FR;0;2021-05-08;222166;69761;299;0;0;18230170;7785407;17338;4;1
FR;0;2021-05-09;129704;45408;243;0;0;18359874;7830815;17581;4;1
FR;0;2021-05-10;313386;229232;1236;0;0;18673260;8060047;18817;4;1
FR;0;2021-05-11;403909;258047;1566;0;0;19077169;8318094;20383;4;1
FR;0;2021-05-12;434118;233477;1542;0;0;19511287;8551571;21925;4;1
FR;0;2021-05-13;338607;56652;432;0;0;19849894;8608223;22357;4;1
FR;0;2021-05-14;454132;167408;1126;0;0;20304026;8775631;23483;4;1
FR;0;2021-05-15;374975;94224;443;0;0;20679001;8869855;23926;4;1
FR;0;2021-05-16;202756;20708;168;0;0;20881757;8890563;24094;4;1
FR;0;2021-05-17;376120;148741;1553;0;0;21257877;9039304;25647;4;1
FR;0;2021-05-18;460149;153643;1989;0;0;21718026;9192947;27636;4;1
FR;0;2021-05-19;467407;143572;2463;0;0;22185433;9336519;30099;4;1
FR;0;2021-05-20;507535;160309;2339;0;0;22692968;9496828;32438;4;1
FR;0;2021-05-21;489669;174876;1996;0;0;23182637;9671704;34434;4;1
FR;0;2021-05-22;347191;80050;668;0;0;23529828;9751754;35102;4;1
FR;0;2021-05-23;161691;14267;246;0;0;23691519;9766021;35348;4;1
FR;0;2021-05-24;263193;33138;604;0;0;23954712;9799159;35952;4;1
FR;0;2021-05-25;400275;189968;2353;1;0;24354987;9989127;38305;5;1
FR;0;2021-05-26;413458;189920;2224;0;0;24768445;10179047;40529;5;1
FR;0;2021-05-27;449808;219418;2162;0;0;25218253;10398465;42691;5;1
FR;0;2021-05-28;429553;260322;1893;0;0;25647806;10658787;44584;5;1
FR;0;2021-05-29;298979;149979;585;0;0;25946785;10808766;45169;5;1
FR;0;2021-05-30;107143;32552;163;0;0;26053928;10841318;45332;5;1
FR;0;2021-05-31;358036;203341;1469;1;1;26411964;11044659;46801;6;2
FR;0;2021-06-01;431023;251357;1962;1;1;26842987;11296016;48763;7;3
FR;0;2021-06-02;420111;231746;1984;0;0;27263098;11527762;50747;7;3
FR;0;2021-06-03;465617;257976;1823;0;0;27728715;11785738;52570;7;3
FR;0;2021-06-04;456253;305364;1734;1;1;28184968;12091102;54304;8;4
FR;0;2021-06-05;304806;189268;652;0;0;28489774;12280370;54956;8;4
FR;0;2021-06-06;133310;49049;226;0;0;28623084;12329419;55182;8;4
FR;0;2021-06-07;339987;261649;1526;0;0;28963071;12591068;56708;8;4
FR;0;2021-06-08;393882;291124;1803;0;0;29356953;12882192;58511;8;4
FR;0;2021-06-09;384867;274652;1732;0;0;29741820;13156844;60243;8;4
FR;0;2021-06-10;404186;288187;1724;1;0;30146006;13445031;61967;9;4
FR;0;2021-06-11;386657;356753;1467;1;0;30532663;13801784;63434;10;4
FR;0;2021-06-12;283266;211094;495;0;0;30815929;14012878;63929;10;4
FR;0;2021-06-13;104885;73854;204;0;0;30920814;14086732;64133;10;4
FR;0;2021-06-14;240829;354652;1427;1;0;31161643;14441384;65560;11;4
FR;0;2021-06-15;308157;384973;1569;1;0;31469800;14826357;67129;12;4
FR;0;2021-06-16;313975;357524;1418;1;0;31783775;15183881;68547;13;4
FR;0;2021-06-17;317691;372815;1427;1;0;32101466;15556696;69974;14;4
FR;0;2021-06-18;321747;442601;1338;1;0;32423213;15999297;71312;15;4
FR;0;2021-06-19;224342;273867;449;0;0;32647555;16273164;71761;15;4
FR;0;2021-06-20;74431;102415;129;0;0;32721986;16375579;71890;15;4
FR;0;2021-06-21;195766;401690;1037;1;1;32917752;16777269;72927;16;5
FR;0;2021-06-22;223203;467498;1265;10;1;33140955;17244767;74192;26;6
FR;0;2021-06-23;234028;439985;1197;1;1;33374983;17684752;75389;27;7
FR;0;2021-06-24;241866;409574;1357;0;0;33616849;18094326;76746;27;7
FR;0;2021-06-25;227638;522748;1401;0;0;33844487;18617074;78147;27;7
FR;0;2021-06-26;153257;370842;587;1;0;33997744;18987916;78734;28;7
FR;0;2021-06-27;55900;156084;168;1;0;34053644;19144000;78902;29;7
FR;0;2021-06-28;154779;452708;1176;0;0;34208423;19596708;80078;29;7
FR;0;2021-06-29;182706;507340;2123;0;0;34391129;20104048;82201;29;7
FR;0;2021-06-30;204008;485095;2014;21;2;34595137;20589143;84215;50;9
FR;0;2021-07-01;231332;458177;2223;5;1;34826469;21047320;86438;55;10
FR;0;2021-07-02;228693;520138;2120;5;2;35055162;21567458;88558;60;12
FR;0;2021-07-03;142037;368740;908;3;1;35197199;21936198;89466;63;13
FR;0;2021-07-04;56752;141072;265;0;0;35253951;22077270;89731;63;13
FR;0;2021-07-05;168516;418996;1668;8;2;35422467;22496266;91399;71;15
FR;0;2021-07-06;196770;474630;1830;45;8;35619237;22970896;93229;116;23
FR;0;2021-07-07;213195;439167;1878;25;4;35832432;23410063;95107;141;27
FR;0;2021-07-08;231639;424194;2089;20;6;36064071;23834257;97196;161;33
FR;0;2021-07-09;228614;511004;2185;4;2;36292685;24345261;99381;165;35
FR;0;2021-07-10;148616;339908;983;1;1;36441301;24685169;100364;166;36
FR;0;2021-07-11;60197;110100;283;0;0;36501498;24795269;100647;166;36
FR;0;2021-07-12;169414;477999;1761;4;0;36670912;25273268;102408;170;36
FR;0;2021-07-13;287266;527021;2046;8;1;36958178;25800289;104454;178;37
FR;0;2021-07-14;181096;157514;435;0;0;37139274;25957803;104889;178;37
FR;0;2021-07-15;347093;502054;2099;1;0;37486367;26459857;106988;179;37
FR;0;2021-07-16;380103;495484;2023;3;1;37866470;26955341;109011;182;38
FR;0;2021-07-17;259723;319720;877;1;0;38126193;27275061;109888;183;38
FR;0;2021-07-18;109710;114631;310;0;0;38235903;27389692;110198;183;38
FR;0;2021-07-19;285471;424417;1629;3;0;38521374;27814109;111827;186;38
FR;0;2021-07-20;376918;451794;1723;0;0;38898292;28265903;113550;186;38
FR;0;2021-07-21;395786;407347;1549;4;2;39294078;28673250;115099;190;40
FR;0;2021-07-22;441044;387662;1715;4;2;39735122;29060912;116814;194;42
FR;0;2021-07-23;440328;422553;1882;4;1;40175450;29483465;118696;198;43
FR;0;2021-07-24;285248;269409;804;1;0;40460698;29752874;119500;199;43
FR;0;2021-07-25;121112;79954;234;0;0;40581810;29832828;119734;199;43
FR;0;2021-07-26;347419;322599;1614;3;2;40929229;30155427;121348;202;45
FR;0;2021-07-27;464067;319679;1697;4;2;41393296;30475106;123045;206;47
FR;0;2021-07-28;459438;289599;1636;4;2;41852734;30764705;124681;210;49
FR;0;2021-07-29;489823;276483;1796;2;0;42342557;31041188;126477;212;49
FR;0;2021-07-30;461821;302573;1941;5;1;42804378;31343761;128418;217;50
FR;0;2021-07-31;285397;185068;914;1;0;43089775;31528829;129332;218;50
FR;0;2021-08-01;112019;49934;253;0;0;43201794;31578763;129585;218;50
FR;0;2021-08-02;341605;234255;1602;2;0;43543399;31813018;131187;220;50
FR;0;2021-08-03;398604;244687;1728;2;1;43942003;32057705;132915;222;51
FR;0;2021-08-04;384849;209755;1593;6;3;44326852;32267460;134508;228;54
FR;0;2021-08-05;366164;228582;1710;0;0;44693016;32496042;136218;228;54
FR;0;2021-08-06;359725;271443;1835;4;1;45052741;32767485;138053;232;55
FR;0;2021-08-07;213116;178353;755;5;3;45265857;32945838;138808;237;58
FR;0;2021-08-08;74193;63206;275;0;0;45340050;33009044;139083;237;58
FR;0;2021-08-09;258753;258989;1547;4;3;45598803;33268033;140630;241;61
FR;0;2021-08-10;306855;277444;1662;2;1;45905658;33545477;142292;243;62
FR;0;2021-08-11;279734;259853;1441;5;1;46185392;33805330;143733;248;63
FR;0;2021-08-12;271541;278279;1662;3;0;46456933;34083609;145395;251;63
FR;0;2021-08-13;252150;278124;1592;3;2;46709083;34361733;146987;254;65
FR;0;2021-08-14;145337;197160;740;0;0;46854420;34558893;147727;254;65
FR;0;2021-08-15;39380;50109;217;1;0;46893800;34609002;147944;255;65
FR;0;2021-08-16;186181;317751;1542;0;0;47079981;34926753;149486;255;65
FR;0;2021-08-17;215682;336095;1636;7;0;47295663;35262848;151122;262;65
FR;0;2021-08-18;199050;324543;1597;7;4;47494713;35587391;152719;269;69
FR;0;2021-08-19;192031;325545;1640;1;0;47686744;35912936;154359;270;69
FR;0;2021-08-20;186460;366317;1818;3;2;47873204;36279253;156177;273;71
FR;0;2021-08-21;104795;238127;707;0;0;47977999;36517380;156884;273;71
FR;0;2021-08-22;31942;87216;256;1;1;48009941;36604596;157140;274;72
FR;0;2021-08-23;140981;357115;1561;3;1;48150922;36961711;158701;277;73
FR;0;2021-08-24;162487;376760;1849;5;1;48313409;37338471;160550;282;74
FR;0;2021-08-25;151138;350829;2033;8;2;48464547;37689300;162583;290;76
FR;0;2021-08-26;142875;342799;2560;10;0;48607422;38032099;165143;300;76
FR;0;2021-08-27;148452;388302;2790;11;3;48755874;38420401;167933;311;79
FR;0;2021-08-28;90663;249605;1406;0;0;48846537;38670006;169339;311;79
FR;0;2021-08-29;27319;83345;518;1;0;48873856;38753351;169857;312;79
FR;0;2021-08-30;117414;324750;4712;6;5945;48991270;39078101;174569;318;6024
FR;0;2021-08-31;128805;334536;10187;19;11816;49120075;39412637;184756;337;17840
FR;0;2021-09-01;136138;285705;22431;7;24377;49256213;39698342;207187;344;42217
FR;0;2021-09-02;114667;247252;26516;20;28963;49370880;39945594;233703;364;71180
FR;0;2021-09-03;118308;292705;29963;24;33041;49489188;40238299;263666;388;104221
FR;0;2021-09-04;89889;217775;12585;12;14123;49579077;40456074;276251;400;118344
FR;0;2021-09-05;21358;44832;4395;2;4718;49600435;40500906;280646;402;123062
FR;0;2021-09-06;75677;180642;31953;16;34301;49676112;40681548;312599;418;157363
FR;0;2021-09-07;80300;181246;33243;43;36241;49756412;40862794;345842;461;193604
FR;0;2021-09-08;90987;206100;29661;28;32513;49847399;41068894;375503;489;226117
FR;0;2021-09-09;76938;165364;33065;27;36624;49924337;41234258;408568;516;262741
FR;0;2021-09-10;96035;203795;35736;28;40672;50020372;41438053;444304;544;303413
FR;0;2021-09-11;67161;169301;12138;19;14376;50087533;41607354;456442;563;317789
FR;0;2021-09-12;12825;32101;2776;1;3177;50100358;41639455;459218;564;320966
FR;0;2021-09-13;64556;126242;41223;35;44167;50164914;41765697;500441;599;365133
FR;0;2021-09-14;73486;129075;56368;80;62273;50238400;41894772;556809;679;427406
FR;0;2021-09-15;76636;167821;55661;58;54837;50315036;42062593;612470;737;482243
FR;0;2021-09-16;63880;114539;60083;82;60101;50378916;42177132;672553;819;542344
FR;0;2021-09-17;75081;156837;53852;71;57299;50453997;42333969;726405;890;599643
FR;0;2021-09-18;48234;139629;15601;25;17310;50502231;42473598;742006;915;616953
FR;0;2021-09-19;7906;23683;2437;1;2617;50510137;42497281;744443;916;619570
FR;0;2021-09-20;44566;93839;50081;72;50333;50554703;42591120;794524;988;669903
FR;0;2021-09-21;45892;98439;62760;75;63459;50600595;42689559;857284;1063;733362
FR;0;2021-09-22;48671;142398;55368;82;55427;50649266;42831957;912652;1145;788789
FR;0;2021-09-23;43268;92095;62391;94;63556;50692534;42924052;975043;1239;852345
FR;0;2021-09-24;52293;133331;54551;107;59182;50744827;43057383;1029594;1346;911527
FR;0;2021-09-25;35216;115626;16273;36;18296;50780043;43173009;1045867;1382;929823
FR;0;2021-09-26;5547;17807;2269;5;2327;50785590;43190816;1048136;1387;932150
FR;0;2021-09-27;33973;76946;47198;97;48174;50819563;43267762;1095334;1484;980324
FR;0;2021-09-28;36518;75267;54964;89;56541;50856081;43343029;1150298;1573;1036865
FR;0;2021-09-29;44413;100789;53350;112;54861;50900494;43443818;1203648;1685;1091726
FR;0;2021-09-30;36317;72955;57035;97;59571;50936811;43516773;1260683;1782;1151297
FR;0;2021-10-01;61698;102901;57806;108;63940;50998509;43619674;1318489;1890;1215237
FR;0;2021-10-02;39456;78440;20962;39;23361;51037965;43698114;1339451;1929;1238598
FR;0;2021-10-03;5285;10503;2531;4;2540;51043250;43708617;1341982;1933;1241138
FR;0;2021-10-04;35149;58526;52619;84;54831;51078399;43767143;1394601;2017;1295969
FR;0;2021-10-05;33892;64375;61013;135;65061;51112291;43831518;1455614;2152;1361030
FR;0;2021-10-06;42691;79324;65745;113;68321;51154982;43910842;1521359;2265;1429351
FR;0;2021-10-07;30527;62265;65427;90;68836;51185509;43973107;1586786;2355;1498187
FR;0;2021-10-08;49453;91917;77753;110;84722;51234962;44065024;1664539;2465;1582909
FR;0;2021-10-09;33658;60949;31543;35;33922;51268620;44125973;1696082;2500;1616831
FR;0;2021-10-10;4708;7438;3193;9;3481;51273328;44133411;1699275;2509;1620312
FR;0;2021-10-11;30693;49938;61041;105;64096;51304021;44183349;1760316;2614;1684408
FR;0;2021-10-12;31597;54503;70616;140;75972;51335618;44237852;1830932;2754;1760380
FR;0;2021-10-13;40104;62842;74431;136;79340;51375722;44300694;1905363;2890;1839720
FR;0;2021-10-14;30315;52914;68758;116;73822;51406037;44353608;1974121;3006;1913542
FR;0;2021-10-15;44900;75281;93240;191;102996;51450937;44428889;2067361;3197;2016538
FR;0;2021-10-16;31304;44124;36693;44;39638;51482241;44473013;2104054;3241;2056176
FR;0;2021-10-17;3841;5241;3595;2;3681;51486082;44478254;2107649;3243;2059857
FR;0;2021-10-18;29053;42393;67495;133;71356;51515135;44520647;2175144;3376;2131213
FR;0;2021-10-19;27151;45592;76406;140;81626;51542286;44566239;2251550;3516;2212839
FR;0;2021-10-20;35303;52466;96940;181;101546;51577589;44618705;2348490;3697;2314385
FR;0;2021-10-21;26136;45192;83968;112;89145;51603725;44663897;2432458;3809;2403530
FR;0;2021-10-22;38413;62517;104899;200;112594;51642138;44726414;2537357;4009;2516124
FR;0;2021-10-23;27006;41212;45456;57;48621;51669144;44767626;2582813;4066;2564745
FR;0;2021-10-24;2920;4773;3682;6;3931;51672064;44772399;2586495;4072;2568676
FR;0;2021-10-25;26058;36269;82332;144;86647;51698122;44808668;2668827;4216;2655323
FR;0;2021-10-26;23732;35048;87252;166;92369;51721854;44843716;2756079;4382;2747692
FR;0;2021-10-27;30082;46366;109008;257;114705;51751936;44890082;2865087;4639;2862397
FR;0;2021-10-28;23583;34978;88714;153;94486;51775519;44925060;2953801;4792;2956883
FR;0;2021-10-29;31574;51494;117322;205;125361;51807093;44976554;3071123;4997;3082244
FR;0;2021-10-30;20558;33238;50347;76;53394;51827651;45009792;3121470;5073;3135638
FR;0;2021-10-31;2489;3735;3590;3;3878;51830140;45013527;3125060;5076;3139516
FR;0;2021-11-01;8476;4869;3210;3;3575;51838616;45018396;3128270;5079;3143091
FR;0;2021-11-02;26339;40128;93586;156;99595;51864955;45058524;3221856;5235;3242686
FR;0;2021-11-03;30090;47974;118893;218;125853;51895045;45106498;3340749;5453;3368539
FR;0;2021-11-04;23784;37531;107571;217;114434;51918829;45144029;3448320;5670;3482973
FR;0;2021-11-05;32388;52999;141644;235;151394;51951217;45197028;3589964;5905;3634367
FR;0;2021-11-06;21528;34577;64886;123;68307;51972745;45231605;3654850;6028;3702674
FR;0;2021-11-07;2400;4177;5196;6;5592;51975145;45235782;3660046;6034;3708266
FR;0;2021-11-08;20592;37793;127201;227;134311;51995737;45273575;3787247;6261;3842577
FR;0;2021-11-09;22403;44744;161692;339;172267;52018140;45318319;3948939;6600;4014844
FR;0;2021-11-10;31588;55055;187018;446;198827;52049728;45373374;4135957;7046;4213671
FR;0;2021-11-11;4723;6758;12973;28;13959;52054451;45380132;4148930;7074;4227630
FR;0;2021-11-12;29072;55158;183783;252;197405;52083523;45435290;4332713;7326;4425035
FR;0;2021-11-13;20348;32642;80703;118;86323;52103871;45467932;4413416;7444;4511358
FR;0;2021-11-14;2356;3886;7175;6;7854;52106227;45471818;4420591;7450;4519212
FR;0;2021-11-15;20481;38689;160863;313;171584;52126708;45510507;4581454;7763;4690796
FR;0;2021-11-16;23642;43996;200430;392;215066;52150350;45554503;4781884;8155;4905862
FR;0;2021-11-17;30514;50351;199855;406;212896;52180864;45604854;4981739;8561;5118758
FR;0;2021-11-18;23436;45616;191682;468;205588;52204300;45650470;5173421;9029;5324346
FR;0;2021-11-19;33670;61426;243223;551;262215;52237970;45711896;5416644;9580;5586561
FR;0;2021-11-20;25405;36709;102161;206;109708;52263375;45748605;5518805;9786;5696269
FR;0;2021-11-21;2644;4488;9657;19;10618;52266019;45753093;5528462;9805;5706887
FR;0;2021-11-22;22803;33258;180382;470;194868;52288822;45786351;5708844;10275;5901755
FR;0;2021-11-23;25712;45604;229392;549;247855;52314534;45831955;5938236;10824;6149610
FR;0;2021-11-24;31798;53759;224823;715;243253;52346332;45885714;6163059;11539;6392863
FR;0;2021-11-25;25637;49232;255951;739;277810;52371969;45934946;6419010;12278;6670673
FR;0;2021-11-26;33253;74871;379507;865;414672;52405222;46009817;6798517;13143;7085345
FR;0;2021-11-27;23490;49695;214915;389;236695;52428712;46059512;7013432;13532;7322040
FR;0;2021-11-28;3511;10532;56760;66;63327;52432223;46070044;7070192;13598;7385367
FR;0;2021-11-29;19417;54216;341485;863;371741;52451640;46124260;7411677;14461;7757108
FR;0;2021-11-30;24778;72035;457398;988;500807;52476418;46196295;7869075;15449;8257915
FR;0;2021-12-01;27361;75817;469120;1160;511351;52503779;46272112;8338195;16609;8769266
FR;0;2021-12-02;22091;71833;527120;1280;574900;52525870;46343945;8865315;17889;9344166
FR;0;2021-12-03;25554;93181;596411;1420;651206;52551424;46437126;9461726;19309;9995372
FR;0;2021-12-04;18315;60513;336233;690;369795;52569739;46497639;9797959;19999;10365167
FR;0;2021-12-05;4154;16196;95786;157;107053;52573893;46513835;9893745;20156;10472220
FR;0;2021-12-06;28431;73027;493158;1174;539993;52602324;46586862;10386903;21330;11012213
FR;0;2021-12-07;23537;91504;645416;1773;706346;52625861;46678366;11032319;23103;11718559
FR;0;2021-12-08;25495;92270;591608;1874;647525;52651356;46770636;11623927;24977;12366084
FR;0;2021-12-09;24056;94258;663123;2179;726471;52675412;46864894;12287050;27156;13092555
FR;0;2021-12-10;28049;111181;736068;2075;806216;52703461;46976075;13023118;29231;13898771
FR;0;2021-12-11;20251;76246;435188;987;480398;52723712;47052321;13458306;30218;14379169
FR;0;2021-12-12;5646;23218;142309;262;159219;52729358;47075539;13600615;30480;14538388
FR;0;2021-12-13;21350;91073;587672;1699;649295;52750708;47166612;14188287;32179;15187683
FR;0;2021-12-14;27968;118592;765594;2654;847551;52778676;47285204;14953881;34833;16035234
FR;0;2021-12-15;28428;114528;694356;2266;769129;52807104;47399732;15648237;37099;16804363
FR;0;2021-12-16;28025;115979;764043;2557;844453;52835129;47515711;16412280;39656;17648816
FR;0;2021-12-17;31646;128686;807886;2710;892081;52866775;47644397;17220166;42366;18540897
FR;0;2021-12-18;24930;81696;469972;1178;522222;52891705;47726093;17690138;43544;19063119
FR;0;2021-12-19;8757;28699;169396;376;191090;52900462;47754792;17859534;43920;19254209
FR;0;2021-12-20;31749;97438;591502;1786;658771;52932211;47852230;18451036;45706;19912980
FR;0;2021-12-21;39455;112248;682427;2392;759616;52971666;47964478;19133463;48098;20672596
FR;0;2021-12-22;39551;99517;575780;2168;642159;53011217;48063995;19709243;50266;21314755
FR;0;2021-12-23;33776;79670;441017;1657;494415;53044993;48143665;20150260;51923;21809170
FR;0;2021-12-24;10690;26132;111029;398;126674;53055683;48169797;20261289;52321;21935844
FR;0;2021-12-25;774;3588;7591;25;9032;53056457;48173385;20268880;52346;21944876
FR;0;2021-12-26;4695;11905;52095;142;60146;53061152;48185290;20320975;52488;22005022
FR;0;2021-12-27;30502;84081;453560;1364;509175;53091654;48269371;20774535;53852;22514197
FR;0;2021-12-28;38364;99081;564168;1769;632280;53130018;48368452;21338703;55621;23146477
FR;0;2021-12-29;39871;88422;501210;1687;561017;53169889;48456874;21839913;57308;23707494
FR;0;2021-12-30;35919;75266;421031;1521;471154;53205808;48532140;22260944;58829;24178648
FR;0;2021-12-31;12044;25164;116877;405;131671;53217852;48557304;22377821;59234;24310319
FR;0;2022-01-01;1503;3207;8516;37;9940;53219355;48560511;22386337;59271;24320259
FR;0;2022-01-02;6094;12997;58418;125;66947;53225449;48573508;22444755;59396;24387206
FR;0;2022-01-03;36633;90300;494826;1592;551705;53262082;48663808;22939581;60988;24938911
FR;0;2022-01-04;41939;111138;641386;2306;714382;53304021;48774946;23580967;63294;25653293
FR;0;2022-01-05;61065;103729;569170;1981;634192;53365086;48878675;24150137;65275;26287485
FR;0;2022-01-06;44252;110423;638974;2696;711446;53409338;48989098;24789111;67971;26998931
FR;0;2022-01-07;50816;123442;710991;2810;790494;53460154;49112540;25500102;70781;27789425
FR;0;2022-01-08;45005;80323;423804;1213;472885;53505159;49192863;25923906;71994;28262310
FR;0;2022-01-09;15606;26641;128565;300;145678;53520765;49219504;26052471;72294;28407988
FR;0;2022-01-10;35343;93449;469313;1812;522741;53556108;49312953;26521784;74106;28930729
FR;0;2022-01-11;41922;100564;548240;2306;608493;53598030;49413517;27070024;76412;29539222
FR;0;2022-01-12;60366;95789;452675;1967;504338;53658396;49509306;27522699;78379;30043560
FR;0;2022-01-13;38212;92639;487341;2085;541045;53696608;49601945;28010040;80464;30584605
FR;0;2022-01-14;42563;103435;568597;2286;629011;53739171;49705380;28578637;82750;31213616
FR;0;2022-01-15;39392;65897;340130;985;377554;53778563;49771277;28918767;83735;31591170
FR;0;2022-01-16;11400;19248;87423;216;99424;53789963;49790525;29006190;83951;31690594
FR;0;2022-01-17;24716;60112;320276;1381;354163;53814679;49850637;29326466;85332;32044757
FR;0;2022-01-18;28307;68787;361074;1802;397561;53842986;49919424;29687540;87134;32442318
FR;0;2022-01-19;43208;67115;281285;1450;311074;53886194;49986539;29968825;88584;32753392
FR;0;2022-01-20;23650;59694;299003;1740;328507;53909844;50046233;30267828;90324;33081899
FR;0;2022-01-21;28189;68901;366360;2086;401191;53938033;50115134;30634188;92410;33483090
FR;0;2022-01-22;27621;48010;218789;839;241773;53965654;50163144;30852977;93249;33724863
FR;0;2022-01-23;6709;12985;48674;173;55166;53972363;50176129;30901651;93422;33780029
FR;0;2022-01-24;16261;47508;217303;1139;239337;53988624;50223637;31118954;94561;34019366
FR;0;2022-01-25;19017;54417;243041;1547;267076;54007641;50278054;31361995;96108;34286442
FR;0;2022-01-26;28144;60497;209278;1297;229475;54035785;50338551;31571273;97405;34515917
FR;0;2022-01-27;16325;46361;207643;1274;225947;54052110;50384912;31778916;98679;34741864
FR;0;2022-01-28;21581;78237;290048;1573;321389;54073691;50463149;32068964;100252;35063253
FR;0;2022-01-29;18418;52871;184126;688;204589;54092109;50516020;32253090;100940;35267842
FR;0;2022-01-30;4471;14495;39141;124;45090;54096580;50530515;32292231;101064;35312932
FR;0;2022-01-31;11255;43982;148197;741;164784;54107835;50574497;32440428;101805;35477716
FR;0;2022-02-01;13529;48389;174117;1143;191410;54121364;50622886;32614545;102948;35669126
FR;0;2022-02-02;20522;66398;171521;1034;190130;54141886;50689284;32786066;103982;35859256
FR;0;2022-02-03;11457;44775;157550;989;173317;54153343;50734059;32943616;104971;36032573
FR;0;2022-02-04;14620;66526;239246;1266;264158;54167963;50800585;33182862;106237;36296731
FR;0;2022-02-05;12897;51480;153545;523;172329;54180860;50852065;33336407;106760;36469060
FR;0;2022-02-06;2722;12190;28890;101;33839;54183582;50864255;33365297;106861;36502899
FR;0;2022-02-07;9553;46716;156863;591;176316;54193135;50910971;33522160;107452;36679215
FR;0;2022-02-08;9782;43067;166620;867;184413;54202917;50954038;33688780;108319;36863628
FR;0;2022-02-09;14359;58239;172333;870;193040;54217276;51012277;33861113;109189;37056668
FR;0;2022-02-10;8687;39080;150223;878;166695;54225963;51051357;34011336;110067;37223363
FR;0;2022-02-11;10856;55657;218500;1100;243091;54236819;51107014;34229836;111167;37466454
FR;0;2022-02-12;8385;40953;134719;463;151747;54245204;51147967;34364555;111630;37618201
FR;0;2022-02-13;1900;8598;26562;86;30921;54247104;51156565;34391117;111716;37649122
FR;0;2022-02-14;6982;35234;148363;481;166356;54254086;51191799;34539480;112197;37815478
FR;0;2022-02-15;7045;36209;146971;751;162556;54261131;51228008;34686451;112948;37978034
FR;0;2022-02-16;9398;42959;132528;720;146747;54270529;51270967;34818979;113668;38124781
FR;0;2022-02-17;5573;24308;87293;585;94867;54276102;51295275;34906272;114253;38219648
FR;0;2022-02-18;6992;33557;119650;804;129315;54283094;51328832;35025922;115057;38348963
FR;0;2022-02-19;5369;24546;70022;370;77332;54288463;51353378;35095944;115427;38426295
FR;0;2022-02-20;1144;4650;12171;39;13950;54289607;51358028;35108115;115466;38440245
FR;0;2022-02-21;4089;17881;61949;351;67177;54293696;51375909;35170064;115817;38507422
FR;0;2022-02-22;4449;18643;60820;576;64458;54298145;51394552;35230884;116393;38571880
FR;0;2022-02-23;6586;27342;66492;591;71889;54304731;51421894;35297376;116984;38643769
FR;0;2022-02-24;3847;15463;50421;517;53242;54308578;51437357;35347797;117501;38697011
FR;0;2022-02-25;5278;23999;76353;802;80085;54313856;51461356;35424150;118303;38777096
FR;0;2022-02-26;3989;17763;47412;359;51479;54317845;51479119;35471562;118662;38828575
FR;0;2022-02-27;879;3005;8034;47;8945;54318724;51482124;35479596;118709;38837520
FR;0;2022-02-28;3124;12524;40474;358;42909;54321848;51494648;35520070;119067;38880429
FR;0;2022-03-01;3877;12586;44187;436;44858;54325725;51507234;35564257;119503;38925287
FR;0;2022-03-02;5291;17781;47124;445;49055;54331016;51525015;35611381;119948;38974342
FR;0;2022-03-03;2810;9330;29890;368;30012;54333826;51534345;35641271;120316;39004354
FR;0;2022-03-04;3221;12393;40294;665;39443;54337047;51546738;35681565;120981;39043797
FR;0;2022-03-05;3070;9276;24951;310;25113;54340117;51556014;35706516;121291;39068910
FR;0;2022-03-06;520;1396;3196;43;3439;54340637;51557410;35709712;121334;39072349
FR;0;2022-03-07;2300;5614;18424;315;17692;54342937;51563024;35728136;121649;39090041
FR;0;2022-03-08;2096;6066;19441;359;17910;54345033;51569090;35747577;122008;39107951
FR;0;2022-03-09;3560;10494;22178;405;21273;54348593;51579584;35769755;122413;39129224
FR;0;2022-03-10;1809;5693;16980;343;15806;54350402;51585277;35786735;122756;39145030
FR;0;2022-03-11;2408;7542;24490;540;22255;54352810;51592819;35811225;123296;39167285
FR;0;2022-03-12;2671;6773;17157;308;16512;54355481;51599592;35828382;123604;39183797
FR;0;2022-03-13;392;787;2322;147;2270;54355873;51600379;35830704;123751;39186067
FR;0;2022-03-14;1539;4265;14974;4408;13828;54357412;51604644;35845678;128159;39199895
FR;0;2022-03-15;1722;6279;16369;7551;14597;54359134;51610923;35862047;135710;39214492
FR;0;2022-03-16;3021;7379;19423;13136;18098;54362155;51618302;35881470;148846;39232590
FR;0;2022-03-17;1447;3975;13137;10845;11980;54363602;51622277;35894607;159691;39244570
FR;0;2022-03-18;2266;5747;19989;18289;18083;54365868;51628024;35914596;177980;39262653
FR;0;2022-03-19;2288;4800;13114;9400;12416;54368156;51632824;35927710;187380;39275069
FR;0;2022-03-20;300;732;1918;1073;1929;54368456;51633556;35929628;188453;39276998
FR;0;2022-03-21;1390;3209;12719;14937;11940;54369846;51636765;35942347;203390;39288938
FR;0;2022-03-22;1498;3729;13791;20527;12548;54371344;51640494;35956138;223917;39301486
FR;0;2022-03-23;2677;6254;17711;23148;17223;54374021;51646748;35973849;247065;39318709
FR;0;2022-03-24;1399;3149;11584;17607;10669;54375420;51649897;35985433;264672;39329378
FR;0;2022-03-25;2079;5133;18551;27755;16888;54377499;51655030;36003984;292427;39346266
FR;0;2022-03-26;2227;4410;12074;12677;11515;54379726;51659440;36016058;305104;39357781
FR;0;2022-03-27;360;689;1905;1481;1939;54380086;51660129;36017963;306585;39359720
FR;0;2022-03-28;1459;3072;11118;17487;10611;54381545;51663201;36029081;324072;39370331
FR;0;2022-03-29;1450;3265;12899;27554;12040;54382995;51666466;36041980;351626;39382371
FR;0;2022-03-30;2847;5463;15676;27369;15068;54385842;51671929;36057656;378995;39397439
FR;0;2022-03-31;1608;3559;12972;24965;12306;54387450;51675488;36070628;403960;39409745
FR;0;2022-04-01;2672;4573;20045;30864;18687;54390122;51680061;36090673;434824;39428432
FR;0;2022-04-02;1523;2626;9046;10113;8702;54391645;51682687;36099719;444937;39437134
FR;0;2022-04-03;287;506;1561;1167;1577;54391932;51683193;36101280;446104;39438711
FR;0;2022-04-04;1986;2857;12362;19097;11565;54393918;51686050;36113642;465201;39450276
FR;0;2022-04-05;1835;3122;14329;34083;13180;54395753;51689172;36127971;499284;39463456
FR;0;2022-04-06;2216;3887;13524;26472;12792;54397969;51693059;36141495;525756;39476248
FR;0;2022-04-07;1546;3079;13657;33742;12869;54399515;51696138;36155152;559498;39489117
FR;0;2022-04-08;2066;4219;19206;43857;17810;54401581;51700357;36174358;603355;39506927
FR;0;2022-04-09;1363;2671;9309;13556;8861;54402944;51703028;36183667;616911;39515788
FR;0;2022-04-10;288;615;1982;2011;2001;54403232;51703643;36185649;618922;39517789
FR;0;2022-04-11;1286;2592;11860;23872;11462;54404518;51706235;36197509;642794;39529251
FR;0;2022-04-12;1671;3009;14005;40842;13375;54406189;51709244;36211514;683636;39542626
FR;0;2022-04-13;1944;3648;13400;33055;13019;54408133;51712892;36224914;716691;39555645
FR;0;2022-04-14;1488;2876;13177;36253;13022;54409621;51715768;36238091;752944;39568667
FR;0;2022-04-15;1849;3440;15616;35487;14862;54411470;51719208;36253707;788431;39583529
FR;0;2022-04-16;1041;1821;6395;8533;6250;54412511;51721029;36260102;796964;39589779
FR;0;2022-04-17;190;321;991;1172;1030;54412701;51721350;36261093;798136;39590809
FR;0;2022-04-18;193;523;2763;1069;2781;54412894;51721873;36263856;799205;39593590
FR;0;2022-04-19;1519;3001;12901;29600;12462;54414413;51724874;36276757;828805;39606052
FR;0;2022-04-20;1978;3441;13288;28988;12966;54416391;51728315;36290045;857793;39619018
FR;0;2022-04-21;1506;2837;12523;35059;12558;54417897;51731152;36302568;892852;39631576
FR;0;2022-04-22;1859;3593;16458;37570;15821;54419756;51734745;36319026;930422;39647397
FR;0;2022-04-23;1144;2050;7381;10654;7231;54420900;51736795;36326407;941076;39654628
FR;0;2022-04-24;250;448;1475;1588;1410;54421150;51737243;36327882;942664;39656038
FR;0;2022-04-25;1301;2519;10678;21009;10482;54422451;51739762;36338560;963673;39666520
FR;0;2022-04-26;1613;2995;13651;38557;13101;54424064;51742757;36352211;1002230;39679621
FR;0;2022-04-27;1956;3049;11526;30951;11584;54426020;51745806;36363737;1033181;39691205
FR;0;2022-04-28;1561;2742;12521;36139;12260;54427581;51748548;36376258;1069320;39703465
FR;0;2022-04-29;2002;4113;15543;37208;14905;54429583;51752661;36391801;1106528;39718370
FR;0;2022-04-30;1210;1905;6926;9704;6753;54430793;51754566;36398727;1116232;39725123
FR;0;2022-05-01;217;318;911;995;906;54431010;51754884;36399638;1117227;39726029
FR;0;2022-05-02;1728;2873;11144;18123;10958;54432738;51757757;36410782;1135350;39736987
FR;0;2022-05-03;1871;3204;13707;34595;13548;54434609;51760961;36424489;1169945;39750535
FR;0;2022-05-04;1885;3254;12166;25613;12277;54436494;51764215;36436655;1195558;39762812
FR;0;2022-05-05;1747;2875;13026;33443;12875;54438241;51767090;36449681;1229001;39775687
FR;0;2022-05-06;2201;3644;15322;36714;14814;54440442;51770734;36465003;1265715;39790501
FR;0;2022-05-07;1201;1766;6459;9606;6447;54441643;51772500;36471462;1275321;39796948
FR;0;2022-05-08;264;397;1171;1546;1232;54441907;51772897;36472633;1276867;39798180
FR;0;2022-05-09;1334;2279;9916;20240;9786;54443241;51775176;36482549;1297107;39807966
FR;0;2022-05-10;1742;3122;13548;38841;13101;54444983;51778298;36496097;1335948;39821067
FR;0;2022-05-11;1984;2950;10732;27877;10675;54446967;51781248;36506829;1363825;39831742
FR;0;2022-05-12;1571;2671;11344;35592;11000;54448538;51783919;36518173;1399417;39842742
FR;0;2022-05-13;1959;3187;13737;37818;13320;54450497;51787106;36531910;1437235;39856062
FR;0;2022-05-14;1144;1612;5934;10772;5793;54451641;51788718;36537844;1448007;39861855
FR;0;2022-05-15;280;458;1277;1434;1354;54451921;51789176;36539121;1449441;39863209
FR;0;2022-05-16;1187;2004;8675;20990;8670;54453108;51791180;36547796;1470431;39871879
FR;0;2022-05-17;1574;2564;11813;37837;11390;54454682;51793744;36559609;1508268;39883269
FR;0;2022-05-18;1800;2621;9677;27125;9651;54456482;51796365;36569286;1535393;39892920
FR;0;2022-05-19;1428;2633;10551;35734;10691;54457910;51798998;36579837;1571127;39903611
FR;0;2022-05-20;1869;3097;13403;39335;12894;54459779;51802095;36593240;1610462;39916505
FR;0;2022-05-21;1158;1698;5658;9896;5531;54460937;51803793;36598898;1620358;39922036
FR;0;2022-05-22;237;335;1025;1434;1012;54461174;51804128;36599923;1621792;39923048
FR;0;2022-05-23;1165;2089;8874;20338;8814;54462339;51806217;36608797;1642130;39931862
FR;0;2022-05-24;1530;2737;11349;38802;11193;54463869;51808954;36620146;1680932;39943055
FR;0;2022-05-25;1804;2801;9337;24805;9466;54465673;51811755;36629483;1705737;39952521
FR;0;2022-05-26;200;398;1656;1190;1664;54465873;51812153;36631139;1706927;39954185
FR;0;2022-05-27;1370;2447;9249;21264;8991;54467243;51814600;36640388;1728191;39963176
FR;0;2022-05-28;663;1251;3910;6781;3960;54467906;51815851;36644298;1734972;39967136
FR;0;2022-05-29;155;314;751;915;772;54468061;51816165;36645049;1735887;39967908
FR;0;2022-05-30;1019;1939;6988;19255;7003;54469080;51818104;36652037;1755142;39974911
FR;0;2022-05-31;1485;2476;9814;35635;9634;54470565;51820580;36661851;1790777;39984545
FR;0;2022-06-01;1705;3078;11018;24504;10885;54472270;51823658;36672869;1815281;39995430
FR;0;2022-06-02;1464;2602;11306;35499;10840;54473734;51826260;36684175;1850780;40006270
FR;0;2022-06-03;1714;3055;13374;38693;12738;54475448;51829315;36697549;1889473;40019008
FR;0;2022-06-04;966;1512;5038;9109;5112;54476414;51830827;36702587;1898582;40024120
FR;0;2022-06-05;174;329;872;1105;882;54476588;51831156;36703459;1899687;40025002
FR;0;2022-06-06;318;971;2103;1255;2108;54476906;51832127;36705562;1900942;40027110
FR;0;2022-06-07;1364;2650;9839;35562;9419;54478270;51834777;36715401;1936504;40036529
FR;0;2022-06-08;1539;2675;9157;28707;9000;54479809;51837452;36724558;1965211;40045529
FR;0;2022-06-09;1273;2424;10603;39440;10243;54481082;51839876;36735161;2004651;40055772
FR;0;2022-06-10;1614;2884;13057;44745;12603;54482696;51842760;36748218;2049396;40068375
FR;0;2022-06-11;954;1728;5431;11620;5464;54483650;51844488;36753649;2061016;40073839
FR;0;2022-06-12;195;436;1072;1758;1133;54483845;51844924;36754721;2062774;40074972
FR;0;2022-06-13;1072;2024;7421;23153;7254;54484917;51846948;36762142;2085927;40082226
FR;0;2022-06-14;1306;2472;10438;44869;9794;54486223;51849420;36772580;2130796;40092020
FR;0;2022-06-15;1489;2383;9303;30868;8933;54487712;51851803;36781883;2161664;40100953
FR;0;2022-06-16;1156;2006;9897;39879;9304;54488868;51853809;36791780;2201543;40110257
FR;0;2022-06-17;1468;2820;12458;46596;11885;54490336;51856629;36804238;2248139;40122142
FR;0;2022-06-18;851;1510;4560;11120;4493;54491187;51858139;36808798;2259259;40126635
FR;0;2022-06-19;180;360;1058;1615;1130;54491367;51858499;36809856;2260874;40127765
FR;0;2022-06-20;1019;1905;8899;26059;8561;54492386;51860404;36818755;2286933;40136326
FR;0;2022-06-21;1319;2391;10296;49865;9324;54493705;51862795;36829051;2336798;40145650
FR;0;2022-06-22;1372;2467;8903;39000;8394;54495077;51865262;36837954;2375798;40154044
FR;0;2022-06-23;1218;2337;10669;55059;9866;54496295;51867599;36848623;2430857;40163910
FR;0;2022-06-24;1477;2971;13625;69088;12280;54497772;51870570;36862248;2499945;40176190
FR;0;2022-06-25;932;1774;6225;19912;5978;54498704;51872344;36868473;2519857;40182168
FR;0;2022-06-26;228;455;1953;3686;1813;54498932;51872799;36870426;2523543;40183981
FR;0;2022-06-27;1124;2010;10485;48432;9626;54500056;51874809;36880911;2571975;40193607
FR;0;2022-06-28;1449;2799;14652;91292;13075;54501505;51877608;36895563;2663267;40206682
FR;0;2022-06-29;1694;2814;12281;71806;11229;54503199;51880422;36907844;2735073;40217911
FR;0;2022-06-30;1523;2663;14377;95129;12457;54504722;51883085;36922221;2830202;40230368
FR;0;2022-07-01;1980;3771;21382;115895;18738;54506702;51886856;36943603;2946097;40249106
FR;0;2022-07-02;1074;1851;8514;35740;7696;54507776;51888707;36952117;2981837;40256802
FR;0;2022-07-03;290;537;2087;6450;1889;54508066;51889244;36954204;2988287;40258691
FR;0;2022-07-04;1523;3033;14668;79183;12935;54509589;51892277;36968872;3067470;40271626
FR;0;2022-07-05;1693;3090;18800;133183;15978;54511282;51895367;36987672;3200653;40287604
FR;0;2022-07-06;1804;2747;15830;99485;13621;54513086;51898114;37003502;3300138;40301225
FR;0;2022-07-07;1695;2855;17969;125888;14747;54514781;51900969;37021471;3426026;40315972
FR;0;2022-07-08;1880;3138;20732;137021;16749;54516661;51904107;37042203;3563047;40332721
FR;0;2022-07-09;862;1449;7734;37909;6681;54517523;51905556;37049937;3600956;40339402
FR;0;2022-07-10;261;505;2344;6999;2125;54517784;51906061;37052281;3607955;40341527
FR;0;2022-07-11;1407;2428;15005;88196;12485;54519191;51908489;37067286;3696151;40354012
FR;0;2022-07-12;1783;3069;20502;143788;16692;54520974;51911558;37087788;3839939;40370704
FR;0;2022-07-13;1711;2682;15660;94451;13235;54522685;51914240;37103448;3934390;40383939
FR;0;2022-07-14;177;350;1947;5529;1826;54522862;51914590;37105395;3939919;40385765
FR;0;2022-07-15;1468;2541;15089;84405;12579;54524330;51917131;37120484;4024324;40398344
FR;0;2022-07-16;616;1162;5937;24963;5141;54524946;51918293;37126421;4049287;40403485
FR;0;2022-07-17;175;385;1734;4659;1566;54525121;51918678;37128155;4053946;40405051
FR;0;2022-07-18;1122;2227;11815;61777;9959;54526243;51920905;37139970;4115723;40415010
FR;0;2022-07-19;1408;2331;15456;103622;12277;54527651;51923236;37155426;4219345;40427287
FR;0;2022-07-20;1403;2270;12928;77537;10706;54529054;51925506;37168354;4296882;40437993
FR;0;2022-07-21;1266;2133;13064;88136;10469;54530320;51927639;37181418;4385018;40448462
FR;0;2022-07-22;1381;2425;14788;89381;11937;54531701;51930064;37196206;4474399;40460399
FR;0;2022-07-23;665;1294;5524;22470;4851;54532366;51931358;37201730;4496869;40465250
FR;0;2022-07-24;183;346;1395;3888;1237;54532549;51931704;37203125;4500757;40466487
FR;0;2022-07-25;1048;1775;9477;48009;7823;54533597;51933479;37212602;4548766;40474310
FR;0;2022-07-26;1286;2197;13283;85380;10804;54534883;51935676;37225885;4634146;40485114
FR;0;2022-07-27;1216;1985;10205;61158;8497;54536099;51937661;37236090;4695304;40493611
FR;0;2022-07-28;1078;1833;10291;64305;8201;54537177;51939494;37246381;4759609;40501812
FR;0;2022-07-29;1279;2013;10958;65771;8718;54538456;51941507;37257339;4825380;40510530
FR;0;2022-07-30;495;840;3512;15257;2967;54538951;51942347;37260851;4840637;40513497
FR;0;2022-07-31;149;280;929;2432;788;54539100;51942627;37261780;4843069;40514285
FR;0;2022-08-01;814;1407;7556;30186;6349;54539914;51944034;37269336;4873255;40520634
FR;0;2022-08-02;1008;1615;8541;56012;6849;54540922;51945649;37277877;4929267;40527483
FR;0;2022-08-03;823;1231;6391;38634;5113;54541745;51946880;37284268;4967901;40532596
FR;0;2022-08-04;723;1160;6557;43065;5284;54542468;51948040;37290825;5010966;40537880
FR;0;2022-08-05;842;1344;7069;44884;5637;54543310;51949384;37297894;5055850;40543517
FR;0;2022-08-06;334;551;2095;9355;1744;54543644;51949935;37299989;5065205;40545261
FR;0;2022-08-07;97;152;530;1617;448;54543741;51950087;37300519;5066822;40545709
FR;0;2022-08-08;540;893;3985;22060;3239;54544281;51950980;37304504;5088882;40548948
FR;0;2022-08-09;680;1112;5949;39896;4778;54544961;51952092;37310453;5128778;40553726
FR;0;2022-08-10;609;1071;4635;27985;3772;54545570;51953163;37315088;5156763;40557498
FR;0;2022-08-11;608;996;4467;29134;3678;54546178;51954159;37319555;5185897;40561176
FR;0;2022-08-12;698;1128;4718;28166;3884;54546876;51955287;37324273;5214063;40565060
FR;0;2022-08-13;205;398;1289;5244;1109;54547081;51955685;37325562;5219307;40566169
FR;0;2022-08-14;66;117;284;918;242;54547147;51955802;37325846;5220225;40566411
FR;0;2022-08-15;66;159;593;553;542;54547213;51955961;37326439;5220778;40566953
FR;0;2022-08-16;614;1034;3931;22133;3327;54547827;51956995;37330370;5242911;40570280
FR;0;2022-08-17;619;983;3871;22824;3278;54548446;51957978;37334241;5265735;40573558
FR;0;2022-08-18;601;952;4070;26211;3212;54549047;51958930;37338311;5291946;40576770
FR;0;2022-08-19;586;1141;4463;27203;3664;54549633;51960071;37342774;5319149;40580434
FR;0;2022-08-20;282;475;1340;5553;1150;54549915;51960546;37344114;5324702;40581584
FR;0;2022-08-21;91;132;299;1006;263;54550006;51960678;37344413;5325708;40581847
FR;0;2022-08-22;534;966;3249;15301;2774;54550540;51961644;37347662;5341009;40584621
FR;0;2022-08-23;700;1154;4278;28976;3593;54551240;51962798;37351940;5369985;40588214
FR;0;2022-08-24;638;914;3472;19438;2818;54551878;51963712;37355412;5389423;40591032
FR;0;2022-08-25;613;995;3908;23346;3254;54552491;51964707;37359320;5412769;40594286
FR;0;2022-08-26;843;1235;4453;25792;3640;54553334;51965942;37363773;5438561;40597926
FR;0;2022-08-27;290;489;1368;5443;1235;54553624;51966431;37365141;5444004;40599161
FR;0;2022-08-28;119;157;299;898;281;54553743;51966588;37365440;5444902;40599442
FR;0;2022-08-29;606;948;3060;14597;2595;54554349;51967536;37368500;5459499;40602037
FR;0;2022-08-30;836;1195;4764;28461;3887;54555185;51968731;37373264;5487960;40605924
FR;0;2022-08-31;672;924;3183;17560;2697;54555857;51969655;37376447;5505520;40608621
FR;0;2022-09-01;673;929;4297;22307;3656;54556530;51970584;37380744;5527827;40612277
FR;0;2022-09-02;849;1106;4940;28496;4151;54557379;51971690;37385684;5556323;40616428
FR;0;2022-09-03;395;550;1834;6057;1583;54557774;51972240;37387518;5562380;40618011
FR;0;2022-09-04;122;146;346;868;343;54557896;51972386;37387864;5563248;40618354
FR;0;2022-09-05;586;652;2924;16012;2420;54558482;51973038;37390788;5579260;40620774
FR;0;2022-09-06;760;992;4473;31694;3617;54559242;51974030;37395261;5610954;40624391
FR;0;2022-09-07;620;744;2939;16730;2423;54559862;51974774;37398200;5627684;40626814
FR;0;2022-09-08;590;823;3736;24722;3060;54560452;51975597;37401936;5652406;40629874
FR;0;2022-09-09;811;986;4316;27426;3562;54561263;51976583;37406252;5679832;40633436
FR;0;2022-09-10;359;510;1568;5653;1370;54561622;51977093;37407820;5685485;40634806
FR;0;2022-09-11;111;124;313;649;296;54561733;51977217;37408133;5686134;40635102
FR;0;2022-09-12;468;566;2299;13071;1932;54562201;51977783;37410432;5699205;40637034
FR;0;2022-09-13;587;809;3847;26189;3278;54562788;51978592;37414279;5725394;40640312
FR;0;2022-09-14;632;741;2785;16040;2307;54563420;51979333;37417064;5741434;40642619
FR;0;2022-09-15;527;725;3229;23323;2694;54563947;51980058;37420293;5764757;40645313
FR;0;2022-09-16;768;991;3954;25643;3272;54564715;51981049;37424247;5790400;40648585
FR;0;2022-09-17;367;472;1356;6073;1204;54565082;51981521;37425603;5796473;40649789
FR;0;2022-09-18;111;128;314;926;285;54565193;51981649;37425917;5797399;40650074
FR;0;2022-09-19;418;600;2095;13082;1784;54565611;51982249;37428012;5810481;40651858
FR;0;2022-09-20;611;826;3511;26074;2919;54566222;51983075;37431523;5836555;40654777
FR;0;2022-09-21;564;744;2662;16095;2269;54566786;51983819;37434185;5852650;40657046
FR;0;2022-09-22;563;783;3298;23208;2649;54567349;51984602;37437483;5875858;40659695
FR;0;2022-09-23;785;952;3993;28273;3254;54568134;51985554;37441476;5904131;40662949
FR;0;2022-09-24;406;585;1562;6816;1342;54568540;51986139;37443038;5910947;40664291
FR;0;2022-09-25;87;168;319;1071;289;54568627;51986307;37443357;5912018;40664580
FR;0;2022-09-26;404;647;2137;13137;1826;54569031;51986954;37445494;5925155;40666406
FR;0;2022-09-27;587;795;3427;25350;2693;54569618;51987749;37448921;5950505;40669099
FR;0;2022-09-28;587;778;2405;15004;2131;54570205;51988527;37451326;5965509;40671230
FR;0;2022-09-29;508;684;2853;19785;2346;54570713;51989211;37454179;5985294;40673576
