fra;vaccin;jour;n_dose1;n_dose2;n_dose3;n_dose4;n_complet;n_rappel;n_2_rappel;n_rappel_biv;n_3_rappel;n_cum_dose1;n_cum_dose2;n_cum_dose3;n_cum_dose4;n_cum_complet;n_cum_rappel;n_cum_2_rappel;n_cum_rappel_biv;n_cum_3_rappel
FR;1;2020-12-27;614;0;0;0;55;0;0;0;0;614;0;0;0;55;0;0;0;0
FR;1;2020-12-28;700;1;0;0;43;0;0;0;0;1314;1;0;0;98;0;0;0;0
FR;1;2020-12-29;387;0;0;0;19;0;0;0;0;1701;1;0;0;117;0;0;0;0
FR;1;2020-12-30;450;0;0;0;18;0;0;0;0;2151;1;0;0;135;0;0;0;0
FR;1;2020-12-31;446;1;0;0;23;0;0;0;0;2597;2;0;0;158;0;0;0;0
FR;1;2021-01-01;1186;2;0;0;65;0;0;0;0;3783;4;0;0;223;0;0;0;0
FR;1;2021-01-02;366;3;0;0;28;0;0;0;0;4149;7;0;0;251;0;0;0;0
FR;1;2021-01-03;412;0;0;0;23;0;0;0;0;4561;7;0;0;274;0;0;0;0
FR;1;2021-01-04;2126;4;0;0;50;0;0;0;0;6687;11;0;0;324;0;0;0;0
FR;1;2021-01-05;7762;6;0;0;128;0;0;0;0;14449;17;0;0;452;0;0;0;0
FR;1;2021-01-06;12468;23;0;0;127;0;0;0;0;26917;40;0;0;579;0;0;0;0
FR;1;2021-01-07;29474;22;0;0;159;0;0;0;0;56391;62;0;0;738;0;0;0;0
FR;1;2021-01-08;37163;33;0;0;203;0;0;0;0;93554;95;0;0;941;0;0;0;0
FR;1;2021-01-09;11219;9;0;0;77;0;0;0;0;104773;104;0;0;1018;0;0;0;0
FR;1;2021-01-10;6012;8;0;0;28;0;0;0;0;110785;112;0;0;1046;0;0;0;0
FR;1;2021-01-11;39952;35;0;0;228;0;0;0;0;150737;147;0;0;1274;0;0;0;0
FR;1;2021-01-12;62156;27;0;0;298;0;0;0;0;212893;174;0;0;1572;0;0;0;0
FR;1;2021-01-13;65144;57;0;0;431;0;0;0;0;278037;231;0;0;2003;0;0;0;0
FR;1;2021-01-14;81465;230;0;0;957;0;0;0;0;359502;461;0;0;2960;0;0;0;0
FR;1;2021-01-15;68626;90;0;0;524;0;0;0;0;428128;551;0;0;3484;0;0;0;0
FR;1;2021-01-16;19903;73;0;0;172;0;0;0;0;448031;624;0;0;3656;0;0;0;0
FR;1;2021-01-17;10905;52;0;0;129;0;0;0;0;458936;676;0;0;3785;0;0;0;0
FR;1;2021-01-18;82841;175;0;0;588;0;0;0;0;541777;851;0;0;4373;0;0;0;0
FR;1;2021-01-19;125931;205;0;0;836;0;0;0;0;667708;1056;0;0;5209;0;0;0;0
FR;1;2021-01-20;132427;186;0;0;783;0;0;0;0;800135;1242;0;0;5992;0;0;0;0
FR;1;2021-01-21;153078;190;0;0;892;0;0;0;0;953213;1432;0;0;6884;0;0;0;0
FR;1;2021-01-22;115962;232;0;0;770;0;0;0;0;1069175;1664;0;0;7654;0;0;0;0
FR;1;2021-01-23;36615;78;0;0;201;0;0;0;0;1105790;1742;0;0;7855;0;0;0;0
FR;1;2021-01-24;9585;125;0;0;184;0;0;0;0;1115375;1867;0;0;8039;0;0;0;0
FR;1;2021-01-25;74435;1435;0;0;1755;0;0;0;0;1189810;3302;0;0;9794;0;0;0;0
FR;1;2021-01-26;96464;3674;1;0;4117;0;0;0;0;1286274;6976;1;0;13911;0;0;0;0
FR;1;2021-01-27;103655;6387;0;0;7072;0;0;0;0;1389929;13363;1;0;20983;0;0;0;0
FR;1;2021-01-28;120620;16325;0;0;17114;0;0;0;0;1510549;29688;1;0;38097;0;0;0;0
FR;1;2021-01-29;88900;18660;0;0;19198;0;0;0;0;1599449;48348;1;0;57295;0;0;0;0
FR;1;2021-01-30;27995;4503;0;0;4626;0;0;0;0;1627444;52851;1;0;61921;0;0;0;0
FR;1;2021-01-31;5194;1897;0;0;1934;0;0;0;0;1632638;54748;1;0;63855;0;0;0;0
FR;1;2021-02-01;49743;22834;0;0;23064;0;0;0;0;1682381;77582;1;0;86919;0;0;0;0
FR;1;2021-02-02;67834;37938;0;0;38393;0;0;0;0;1750215;115520;1;0;125312;0;0;0;0
FR;1;2021-02-03;67103;39981;0;0;40407;0;0;0;0;1817318;155501;1;0;165719;0;0;0;0
FR;1;2021-02-04;77148;54685;0;0;55253;0;0;0;0;1894466;210186;1;0;220972;0;0;0;0
FR;1;2021-02-05;63431;47935;0;0;48329;0;0;0;0;1957897;258121;1;0;269301;0;0;0;0
FR;1;2021-02-06;19427;11363;0;0;11468;0;0;0;0;1977324;269484;1;0;280769;0;0;0;0
FR;1;2021-02-07;3669;5996;0;0;6023;0;0;0;0;1980993;275480;1;0;286792;0;0;0;0
FR;1;2021-02-08;36507;48596;0;0;48832;0;0;0;0;2017500;324076;1;0;335624;0;0;0;0
FR;1;2021-02-09;50819;77964;0;0;78484;0;0;0;0;2068319;402040;1;0;414108;0;0;0;0
FR;1;2021-02-10;52078;82901;0;0;83376;0;0;0;0;2120397;484941;1;0;497484;0;0;0;0
FR;1;2021-02-11;63391;104879;0;0;105752;0;0;0;0;2183788;589820;1;0;603236;0;0;0;0
FR;1;2021-02-12;55881;75714;0;0;76383;0;0;0;0;2239669;665534;1;0;679619;0;0;0;0
FR;1;2021-02-13;15468;19307;0;0;19418;0;0;0;0;2255137;684841;1;0;699037;0;0;0;0
FR;1;2021-02-14;3747;7351;0;0;7415;0;0;0;0;2258884;692192;1;0;706452;0;0;0;0
FR;1;2021-02-15;24170;73586;0;0;73822;0;0;0;0;2283054;765778;1;0;780274;0;0;0;0
FR;1;2021-02-16;32780;95671;0;0;96058;0;0;0;0;2315834;861449;1;0;876332;0;0;0;0
FR;1;2021-02-17;35132;102147;20;0;102788;0;0;0;0;2350966;963596;21;0;979120;0;0;0;0
FR;1;2021-02-18;49461;118200;0;0;119174;0;0;0;0;2400427;1081796;21;0;1098294;0;0;0;0
FR;1;2021-02-19;45395;87600;1;0;88534;0;0;0;0;2445822;1169396;22;0;1186828;0;0;0;0
FR;1;2021-02-20;13397;27049;0;0;27221;0;0;0;0;2459219;1196445;22;0;1214049;0;0;0;0
FR;1;2021-02-21;2467;5989;0;0;6057;0;0;0;0;2461686;1202434;22;0;1220106;0;0;0;0
FR;1;2021-02-22;24723;69400;2;0;69690;0;0;0;0;2486409;1271834;24;0;1289796;0;0;0;0
FR;1;2021-02-23;37437;81523;1;0;82209;0;0;0;0;2523846;1353357;25;0;1372005;0;0;0;0
FR;1;2021-02-24;40708;79222;1;0;79913;0;0;0;0;2564554;1432579;26;0;1451918;0;0;0;0
FR;1;2021-02-25;50169;87856;1;0;88935;0;0;0;0;2614723;1520435;27;0;1540853;0;0;0;0
FR;1;2021-02-26;47230;67573;1;0;68441;0;0;0;0;2661953;1588008;28;0;1609294;0;0;0;0
FR;1;2021-02-27;15687;21327;1;0;21535;0;0;0;0;2677640;1609335;29;0;1630829;0;0;0;0
FR;1;2021-02-28;3564;4109;2;0;4181;0;0;0;0;2681204;1613444;31;0;1635010;0;0;0;0
FR;1;2021-03-01;40216;50278;1;0;50999;0;0;0;0;2721420;1663722;32;0;1686009;0;0;0;0
FR;1;2021-03-02;55990;62404;3;0;63576;0;0;0;0;2777410;1726126;35;0;1749585;0;0;0;0
FR;1;2021-03-03;61259;60487;0;0;61911;0;0;0;0;2838669;1786613;35;0;1811496;0;0;0;0
FR;1;2021-03-04;73017;68211;3;0;70419;0;0;0;0;2911686;1854824;38;0;1881915;0;0;0;0
FR;1;2021-03-05;74779;58618;3;0;60510;0;0;0;0;2986465;1913442;41;0;1942425;0;0;0;0
FR;1;2021-03-06;82466;15767;2;0;17472;0;0;0;0;3068931;1929209;43;0;1959897;0;0;0;0
FR;1;2021-03-07;63732;4023;1;0;5567;0;0;0;0;3132663;1933232;44;0;1965464;0;0;0;0
FR;1;2021-03-08;60192;41229;2;0;42506;0;0;0;0;3192855;1974461;46;0;2007970;0;0;0;0
FR;1;2021-03-09;86004;47450;1;0;49439;0;0;0;0;3278859;2021911;47;0;2057409;0;0;0;0
FR;1;2021-03-10;90941;47814;5;0;50076;0;0;0;0;3369800;2069725;52;0;2107485;0;0;0;0
FR;1;2021-03-11;105101;54583;1;0;57643;0;0;0;0;3474901;2124308;53;0;2165128;0;0;0;0
FR;1;2021-03-12;104158;44908;1;0;47905;0;0;0;0;3579059;2169216;54;0;2213033;0;0;0;0
FR;1;2021-03-13;89214;12596;1;0;14813;0;0;0;0;3668273;2181812;55;0;2227846;0;0;0;0
FR;1;2021-03-14;44460;2706;1;0;4038;0;0;0;0;3712733;2184518;56;0;2231884;0;0;0;0
FR;1;2021-03-15;95534;28029;3;0;30372;0;0;0;0;3808267;2212547;59;0;2262256;0;0;0;0
FR;1;2021-03-16;123601;34103;5;0;37644;0;0;0;0;3931868;2246650;64;0;2299900;0;0;0;0
FR;1;2021-03-17;129322;33575;4;0;37627;0;0;0;0;4061190;2280225;68;0;2337527;0;0;0;0
FR;1;2021-03-18;142917;39240;5;0;43908;0;0;0;0;4204107;2319465;73;0;2381435;0;0;0;0
FR;1;2021-03-19;136270;32040;2;0;36628;0;0;0;0;4340377;2351505;75;0;2418063;0;0;0;0
FR;1;2021-03-20;76022;9768;1;0;11984;0;0;0;0;4416399;2361273;76;0;2430047;0;0;0;0
FR;1;2021-03-21;26518;1998;1;0;2987;0;0;0;0;4442917;2363271;77;0;2433034;0;0;0;0
FR;1;2021-03-22;114776;30262;2;0;34084;0;0;0;0;4557693;2393533;79;0;2467118;0;0;0;0
FR;1;2021-03-23;143054;38035;1;0;42820;0;0;0;0;4700747;2431568;80;0;2509938;0;0;0;0
FR;1;2021-03-24;142021;38374;0;0;43228;0;0;0;0;4842768;2469942;80;0;2553166;0;0;0;0
FR;1;2021-03-25;165029;39856;4;0;46005;0;0;0;0;5007797;2509798;84;0;2599171;0;0;0;0
FR;1;2021-03-26;166418;37411;5;1;44018;0;0;0;0;5174215;2547209;89;1;2643189;0;0;0;0
FR;1;2021-03-27;110902;15471;1;0;19481;0;0;0;0;5285117;2562680;90;1;2662670;0;0;0;0
FR;1;2021-03-28;42307;4378;3;0;5933;0;0;0;0;5327424;2567058;93;1;2668603;0;0;0;0
FR;1;2021-03-29;129840;49019;4;0;53673;0;0;0;0;5457264;2616077;97;1;2722276;0;0;0;0
FR;1;2021-03-30;167741;63774;5;0;70776;0;0;0;0;5625005;2679851;102;1;2793052;0;0;0;0
FR;1;2021-03-31;170965;67880;4;0;75407;0;0;0;0;5795970;2747731;106;1;2868459;0;0;0;0
FR;1;2021-04-01;194864;83877;10;0;93368;0;0;0;0;5990834;2831608;116;1;2961827;0;0;0;0
FR;1;2021-04-02;164468;86716;7;0;94526;0;0;0;0;6155302;2918324;123;1;3056353;0;0;0;0
FR;1;2021-04-03;88257;58182;6;0;61724;0;0;0;0;6243559;2976506;129;1;3118077;0;0;0;0
FR;1;2021-04-04;33660;17717;0;0;19213;0;0;0;0;6277219;2994223;129;1;3137290;0;0;0;0
FR;1;2021-04-05;46423;9597;11;0;11472;0;0;0;0;6323642;3003820;140;1;3148762;0;0;0;0
FR;1;2021-04-06;160338;105363;17;0;111824;0;0;0;0;6483980;3109183;157;1;3260586;0;0;0;0
FR;1;2021-04-07;197027;108095;16;0;116914;0;0;0;0;6681007;3217278;173;1;3377500;0;0;0;0
FR;1;2021-04-08;222176;114170;14;0;125506;0;0;0;0;6903183;3331448;187;1;3503006;0;0;0;0
FR;1;2021-04-09;214598;107995;21;0;118876;0;0;0;0;7117781;3439443;208;1;3621882;0;0;0;0
FR;1;2021-04-10;117203;73246;14;0;78383;0;0;0;0;7234984;3512689;222;1;3700265;0;0;0;0
FR;1;2021-04-11;40897;29894;6;0;31797;0;0;0;0;7275881;3542583;228;1;3732062;0;0;0;0
FR;1;2021-04-12;168496;104561;46;0;111791;0;0;0;0;7444377;3647144;274;1;3843853;0;0;0;0
FR;1;2021-04-13;203836;127793;97;1;137127;0;0;0;0;7648213;3774937;371;2;3980980;0;0;0;0
FR;1;2021-04-14;208663;122913;208;0;133134;0;0;0;0;7856876;3897850;579;2;4114114;0;0;0;0
FR;1;2021-04-15;221714;128090;313;0;139112;0;0;0;0;8078590;4025940;892;2;4253226;0;0;0;0
FR;1;2021-04-16;206101;125743;309;0;135408;0;0;0;0;8284691;4151683;1201;2;4388634;0;0;0;0
FR;1;2021-04-17;122106;67125;103;0;72181;0;0;0;0;8406797;4218808;1304;2;4460815;0;0;0;0
FR;1;2021-04-18;35974;21009;41;0;22715;0;0;0;0;8442771;4239817;1345;2;4483530;0;0;0;0
FR;1;2021-04-19;163770;121571;432;0;129106;0;0;0;0;8606541;4361388;1777;2;4612636;0;0;0;0
FR;1;2021-04-20;189469;149641;531;0;158752;0;0;0;0;8796010;4511029;2308;2;4771388;0;0;0;0
FR;1;2021-04-21;194037;147618;760;0;157136;0;0;0;0;8990047;4658647;3068;2;4928524;0;0;0;0
FR;1;2021-04-22;209066;164469;778;0;175691;0;0;0;0;9199113;4823116;3846;2;5104215;0;0;0;0
FR;1;2021-04-23;198981;157981;671;0;168991;0;0;0;0;9398094;4981097;4517;2;5273206;0;0;0;0
FR;1;2021-04-24;126349;95832;148;0;101897;0;0;0;0;9524443;5076929;4665;2;5375103;0;0;0;0
FR;1;2021-04-25;53635;30069;46;0;32826;0;0;0;0;9578078;5106998;4711;2;5407929;0;0;0;0
FR;1;2021-04-26;181166;140133;542;0;148847;0;0;0;0;9759244;5247131;5253;2;5556776;0;0;0;0
FR;1;2021-04-27;221391;162519;901;0;173888;0;0;0;0;9980635;5409650;6154;2;5730664;0;0;0;0
FR;1;2021-04-28;238333;156074;1314;1;168755;1;0;0;0;10218968;5565724;7468;3;5899419;1;0;0;0
FR;1;2021-04-29;270329;161508;1211;0;177110;0;0;0;0;10489297;5727232;8679;3;6076529;1;0;0;0
FR;1;2021-04-30;272013;148893;1073;0;164998;0;0;0;0;10761310;5876125;9752;3;6241527;1;0;0;0
FR;1;2021-05-01;141170;40602;173;0;48631;0;0;0;0;10902480;5916727;9925;3;6290158;1;0;0;0
FR;1;2021-05-02;81560;28204;81;0;32958;0;0;0;0;10984040;5944931;10006;3;6323116;1;0;0;0
FR;1;2021-05-03;250806;142535;803;0;156222;0;0;0;0;11234846;6087466;10809;3;6479338;1;0;0;0
FR;1;2021-05-04;265917;187856;1202;0;203428;0;0;0;0;11500763;6275322;12011;3;6682766;1;0;0;0
FR;1;2021-05-05;283925;186069;1267;0;202720;0;0;0;0;11784688;6461391;13278;3;6885486;1;0;0;0
FR;1;2021-05-06;310003;184334;1502;0;204095;0;0;0;0;12094691;6645725;14780;3;7089581;1;0;0;0
FR;1;2021-05-07;284131;196595;1127;0;214414;0;0;0;0;12378822;6842320;15907;3;7303995;1;0;0;0
FR;1;2021-05-08;191673;51268;285;0;62653;0;0;0;0;12570495;6893588;16192;3;7366648;1;0;0;0
FR;1;2021-05-09;114067;34426;236;0;41598;0;0;0;0;12684562;6928014;16428;3;7408246;1;0;0;0
FR;1;2021-05-10;258226;194931;1187;0;210924;0;0;0;0;12942788;7122945;17615;3;7619170;1;0;0;0
FR;1;2021-05-11;318920;211143;1465;0;231372;0;0;0;0;13261708;7334088;19080;3;7850542;1;0;0;0
FR;1;2021-05-12;356668;186030;1401;0;208335;0;0;0;0;13618376;7520118;20481;3;8058877;1;0;0;0
FR;1;2021-05-13;283464;47360;401;0;64288;0;0;0;0;13901840;7567478;20882;3;8123165;1;0;0;0
FR;1;2021-05-14;370527;128527;994;0;151941;0;0;0;0;14272367;7696005;21876;3;8275106;1;0;0;0
FR;1;2021-05-15;298113;66182;404;0;84889;0;0;0;0;14570480;7762187;22280;3;8359995;1;0;0;0
FR;1;2021-05-16;157786;15473;158;0;26041;0;0;0;0;14728266;7777660;22438;3;8386036;1;0;0;0
FR;1;2021-05-17;318941;116169;1441;0;138138;0;0;0;0;15047207;7893829;23879;3;8524174;1;0;0;0
FR;1;2021-05-18;383356;111597;1800;0;137547;0;0;0;0;15430563;8005426;25679;3;8661721;1;0;0;0
FR;1;2021-05-19;395289;101654;2184;0;128595;0;0;0;0;15825852;8107080;27863;3;8790316;1;0;0;0
FR;1;2021-05-20;421836;95696;2048;0;125183;0;0;0;0;16247688;8202776;29911;3;8915499;1;0;0;0
FR;1;2021-05-21;399822;97375;1764;0;125788;0;0;0;0;16647510;8300151;31675;3;9041287;1;0;0;0
FR;1;2021-05-22;275703;41906;604;0;60931;0;0;0;0;16923213;8342057;32279;3;9102218;1;0;0;0
FR;1;2021-05-23;123022;10978;224;0;20581;0;0;0;0;17046235;8353035;32503;3;9122799;1;0;0;0
FR;1;2021-05-24;244020;26248;569;0;43779;0;0;0;0;17290255;8379283;33072;3;9166578;1;0;0;0
FR;1;2021-05-25;366234;131521;2115;1;158459;0;0;0;0;17656489;8510804;35187;4;9325037;1;0;0;0
FR;1;2021-05-26;380829;127182;1995;0;155532;0;0;0;0;18037318;8637986;37182;4;9480569;1;0;0;0
FR;1;2021-05-27;406175;128234;1978;0;158725;0;0;0;0;18443493;8766220;39160;4;9639294;1;0;0;0
FR;1;2021-05-28;366047;145611;1701;0;174180;0;0;0;0;18809540;8911831;40861;4;9813474;1;0;0;0
FR;1;2021-05-29;253844;81076;527;0;100273;0;0;0;0;19063384;8992907;41388;4;9913747;1;0;0;0
FR;1;2021-05-30;100978;22597;158;0;30830;0;0;0;0;19164362;9015504;41546;4;9944577;1;0;0;0
FR;1;2021-05-31;314334;149150;1285;1;172414;1;0;0;0;19478696;9164654;42831;5;10116991;2;0;0;0
FR;1;2021-06-01;361669;166385;1734;1;194099;1;0;0;0;19840365;9331039;44565;6;10311090;3;0;0;0
FR;1;2021-06-02;365410;154246;1797;0;183784;0;0;0;0;20205775;9485285;46362;6;10494874;3;0;0;0
FR;1;2021-06-03;391445;147365;1654;0;178336;0;0;0;0;20597220;9632650;48016;6;10673210;3;0;0;0
FR;1;2021-06-04;364124;175802;1495;1;205085;1;0;0;0;20961344;9808452;49511;7;10878295;4;0;0;0
FR;1;2021-06-05;258519;112782;597;0;133142;0;0;0;0;21219863;9921234;50108;7;11011437;4;0;0;0
FR;1;2021-06-06;126822;37563;215;0;48203;0;0;0;0;21346685;9958797;50323;7;11059640;4;0;0;0
FR;1;2021-06-07;301115;207749;1368;0;233029;0;0;0;0;21647800;10166546;51691;7;11292669;4;0;0;0
FR;1;2021-06-08;330867;220965;1645;0;248928;0;0;0;0;21978667;10387511;53336;7;11541597;4;0;0;0
FR;1;2021-06-09;336600;211086;1614;0;239869;0;0;0;0;22315267;10598597;54950;7;11781466;4;0;0;0
FR;1;2021-06-10;343912;199936;1614;0;229673;0;0;0;0;22659179;10798533;56564;7;12011139;4;0;0;0
FR;1;2021-06-11;311909;234694;1299;1;262597;0;0;0;0;22971088;11033227;57863;8;12273736;4;0;0;0
FR;1;2021-06-12;244094;150589;438;0;172198;0;0;0;0;23215182;11183816;58301;8;12445934;4;0;0;0
FR;1;2021-06-13;100372;61025;188;0;70685;0;0;0;0;23315554;11244841;58489;8;12516619;4;0;0;0
FR;1;2021-06-14;207862;287724;1320;1;307520;0;0;0;0;23523416;11532565;59809;9;12824139;4;0;0;0
FR;1;2021-06-15;256880;281225;1400;1;305069;0;0;0;0;23780296;11813790;61209;10;13129208;4;0;0;0
FR;1;2021-06-16;273665;270623;1263;1;296055;0;0;0;0;24053961;12084413;62472;11;13425263;4;0;0;0
FR;1;2021-06-17;268236;244961;1240;1;271019;0;0;0;0;24322197;12329374;63712;12;13696282;4;0;0;0
FR;1;2021-06-18;260614;295246;1155;1;321064;0;0;0;0;24582811;12624620;64867;13;14017346;4;0;0;0
FR;1;2021-06-19;193460;209561;388;0;228218;0;0;0;0;24776271;12834181;65255;13;14245564;4;0;0;0
FR;1;2021-06-20;69717;89045;121;0;96887;0;0;0;0;24845988;12923226;65376;13;14342451;4;0;0;0
FR;1;2021-06-21;172388;319716;934;1;338422;1;0;0;0;25018376;13242942;66310;14;14680873;5;0;0;0
FR;1;2021-06-22;185877;347957;1102;10;369007;1;0;0;0;25204253;13590899;67412;24;15049880;6;0;0;0
FR;1;2021-06-23;204223;339544;1049;0;363445;0;0;0;0;25408476;13930443;68461;24;15413325;6;0;0;0
FR;1;2021-06-24;203541;282010;1176;0;306760;0;0;0;0;25612017;14212453;69637;24;15720085;6;0;0;0
FR;1;2021-06-25;182668;371688;1200;0;395694;0;0;0;0;25794685;14584141;70837;24;16115779;6;0;0;0
FR;1;2021-06-26;131401;278514;504;0;295879;0;0;0;0;25926086;14862655;71341;24;16411658;6;0;0;0
FR;1;2021-06-27;52412;122853;146;0;130393;0;0;0;0;25978498;14985508;71487;24;16542051;6;0;0;0
FR;1;2021-06-28;136670;368200;1065;0;386803;0;0;0;0;26115168;15353708;72552;24;16928854;6;0;0;0
FR;1;2021-06-29;154906;391010;1848;0;412118;0;0;0;0;26270074;15744718;74400;24;17340972;6;0;0;0
FR;1;2021-06-30;180064;381845;1667;4;406462;2;0;0;0;26450138;16126563;76067;28;17747434;8;0;0;0
FR;1;2021-07-01;201562;332423;1888;5;360520;1;0;0;0;26651700;16458986;77955;33;18107954;9;0;0;0
FR;1;2021-07-02;193883;367296;1765;5;395517;2;0;0;0;26845583;16826282;79720;38;18503471;11;0;0;0
FR;1;2021-07-03;124483;280414;704;3;299527;1;0;0;0;26970066;17106696;80424;41;18802998;12;0;0;0
FR;1;2021-07-04;53966;113714;244;0;122128;0;0;0;0;27024032;17220410;80668;41;18925126;12;0;0;0
FR;1;2021-07-05;153968;355770;1500;8;379122;0;0;0;0;27178000;17576180;82168;49;19304248;12;0;0;0
FR;1;2021-07-06;173515;382262;1603;45;408171;8;0;0;0;27351515;17958442;83771;94;19712419;20;0;0;0
FR;1;2021-07-07;190850;362342;1659;25;390692;3;0;0;0;27542365;18320784;85430;119;20103111;23;0;0;0
FR;1;2021-07-08;201578;322951;1826;20;353628;3;0;0;0;27743943;18643735;87256;139;20456739;26;0;0;0
FR;1;2021-07-09;189987;387772;1854;3;418204;2;0;0;0;27933930;19031507;89110;142;20874943;28;0;0;0
FR;1;2021-07-10;129957;281153;818;1;302584;1;0;0;0;28063887;19312660;89928;143;21177527;29;0;0;0
FR;1;2021-07-11;57683;102517;262;0;112404;0;0;0;0;28121570;19415177;90190;143;21289931;29;0;0;0
FR;1;2021-07-12;149923;416842;1587;4;442862;0;0;0;0;28271493;19832019;91777;147;21732793;29;0;0;0
FR;1;2021-07-13;234287;439047;1808;8;476250;1;0;0;0;28505780;20271066;93585;155;22209043;30;0;0;0
FR;1;2021-07-14;171928;151349;418;0;176991;0;0;0;0;28677708;20422415;94003;155;22386034;30;0;0;0
FR;1;2021-07-15;279694;424164;1859;1;467169;0;0;0;0;28957402;20846579;95862;156;22853203;30;0;0;0
FR;1;2021-07-16;290445;400592;1711;3;445273;1;0;0;0;29247847;21247171;97573;159;23298476;31;0;0;0
FR;1;2021-07-17;217354;281969;755;1;315449;0;0;0;0;29465201;21529140;98328;160;23613925;31;0;0;0
FR;1;2021-07-18;102019;107201;288;0;123100;0;0;0;0;29567220;21636341;98616;160;23737025;31;0;0;0
FR;1;2021-07-19;238232;378450;1498;3;414522;0;0;0;0;29805452;22014791;100114;163;24151547;31;0;0;0
FR;1;2021-07-20;305767;379846;1470;0;425692;0;0;0;0;30111219;22394637;101584;163;24577239;31;0;0;0
FR;1;2021-07-21;333299;352767;1412;4;404175;1;0;0;0;30444518;22747404;102996;167;24981414;32;0;0;0
FR;1;2021-07-22;364689;318598;1502;3;375038;2;0;0;0;30809207;23066002;104498;170;25356452;34;0;0;0
FR;1;2021-07-23;349404;342851;1589;4;398419;1;0;0;0;31158611;23408853;106087;174;25754871;35;0;0;0
FR;1;2021-07-24;238963;240726;697;1;278070;0;0;0;0;31397574;23649579;106784;175;26032941;35;0;0;0
FR;1;2021-07-25;112803;76010;223;0;93713;0;0;0;0;31510377;23725589;107007;175;26126654;35;0;0;0
FR;1;2021-07-26;299144;289347;1495;2;335087;1;0;0;0;31809521;24014936;108502;177;26461741;36;0;0;0
FR;1;2021-07-27;385841;267945;1459;4;324934;1;0;0;0;32195362;24282881;109961;181;26786675;37;0;0;0
FR;1;2021-07-28;390211;250925;1463;4;307232;1;0;0;0;32585573;24533806;111424;185;27093907;38;0;0;0
FR;1;2021-07-29;406145;227622;1541;2;284359;0;0;0;0;32991718;24761428;112965;187;27378266;38;0;0;0
FR;1;2021-07-30;370751;246551;1638;4;298418;1;0;0;0;33362469;25007979;114603;191;27676684;39;0;0;0
FR;1;2021-07-31;243388;165081;793;1;199435;0;0;0;0;33605857;25173060;115396;192;27876119;39;0;0;0
FR;1;2021-08-01;105599;47210;235;0;61207;0;0;0;0;33711456;25220270;115631;192;27937326;39;0;0;0
FR;1;2021-08-02;297419;212854;1479;2;250673;0;0;0;0;34008875;25433124;117110;194;28187999;39;0;0;0
FR;1;2021-08-03;331344;208728;1557;2;250725;1;0;0;0;34340219;25641852;118667;196;28438724;40;0;0;0
FR;1;2021-08-04;328048;183860;1439;5;224038;3;0;0;0;34668267;25825712;120106;201;28662762;43;0;0;0
FR;1;2021-08-05;301289;193119;1483;0;229432;0;0;0;0;34969556;26018831;121589;201;28892194;43;0;0;0
FR;1;2021-08-06;290986;224117;1560;3;261438;0;0;0;0;35260542;26242948;123149;204;29153632;43;0;0;0
FR;1;2021-08-07;182673;158760;655;5;181684;1;0;0;0;35443215;26401708;123804;209;29335316;44;0;0;0
FR;1;2021-08-08;68889;59098;253;0;67629;0;0;0;0;35512104;26460806;124057;209;29402945;44;0;0;0
FR;1;2021-08-09;222792;235198;1445;4;263944;2;0;0;0;35734896;26696004;125502;213;29666889;46;0;0;0
FR;1;2021-08-10;252751;239879;1493;2;271744;0;0;0;0;35987647;26935883;126995;215;29938633;46;0;0;0
FR;1;2021-08-11;236245;231771;1271;5;261306;0;0;0;0;36223892;27167654;128266;220;30199939;46;0;0;0
FR;1;2021-08-12;220789;239779;1490;3;267913;0;0;0;0;36444681;27407433;129756;223;30467852;46;0;0;0
FR;1;2021-08-13;201722;238492;1360;2;264071;2;0;0;0;36646403;27645925;131116;225;30731923;48;0;0;0
FR;1;2021-08-14;122866;174040;645;0;189564;0;0;0;0;36769269;27819965;131761;225;30921487;48;0;0;0
FR;1;2021-08-15;34708;46119;201;1;50341;0;0;0;0;36803977;27866084;131962;226;30971828;48;0;0;0
FR;1;2021-08-16;156966;289372;1423;0;309977;0;0;0;0;36960943;28155456;133385;226;31281805;48;0;0;0
FR;1;2021-08-17;171618;291002;1422;5;313442;0;0;0;0;37132561;28446458;134807;231;31595247;48;0;0;0
FR;1;2021-08-18;161436;286693;1394;6;307353;3;0;0;0;37293997;28733151;136201;237;31902600;51;0;0;0
FR;1;2021-08-19;148956;277424;1404;1;297298;0;0;0;0;37442953;29010575;137605;238;32199898;51;0;0;0
FR;1;2021-08-20;140518;308957;1532;2;328226;2;0;0;0;37583471;29319532;139137;240;32528124;53;0;0;0
FR;1;2021-08-21;84281;213204;589;0;224539;0;0;0;0;37667752;29532736;139726;240;32752663;53;0;0;0
FR;1;2021-08-22;28581;82694;233;0;86701;0;0;0;0;37696333;29615430;139959;240;32839364;53;0;0;0
FR;1;2021-08-23;118665;320948;1422;2;337714;1;0;0;0;37814998;29936378;141381;242;33177078;54;0;0;0
FR;1;2021-08-24;126673;319647;1604;5;337494;0;0;0;0;37941671;30256025;142985;247;33514572;54;0;0;0
FR;1;2021-08-25;121540;306432;1781;8;323647;2;0;0;0;38063211;30562457;144766;255;33838219;56;0;0;0
FR;1;2021-08-26;106634;286067;2162;10;302396;0;0;0;0;38169845;30848524;146928;265;34140615;56;0;0;0
FR;1;2021-08-27;107656;321601;2302;9;338928;1;0;0;0;38277501;31170125;149230;274;34479543;57;0;0;0
FR;1;2021-08-28;71025;220690;1102;0;231243;0;0;0;0;38348526;31390815;150332;274;34710786;57;0;0;0
FR;1;2021-08-29;24153;78197;469;1;82092;0;0;0;0;38372679;31469012;150801;275;34792878;57;0;0;0
FR;1;2021-08-30;96899;286276;4313;6;299773;4975;0;0;0;38469578;31755288;155114;281;35092651;5032;0;0;0
FR;1;2021-08-31;98126;276256;9295;15;289922;10081;2;0;0;38567704;32031544;164409;296;35382573;15113;2;0;0
FR;1;2021-09-01;112355;245299;21120;8;257704;22151;1;0;0;38680059;32276843;185529;304;35640277;37264;3;0;0
FR;1;2021-09-02;86766;197913;24533;18;208323;25514;0;0;0;38766825;32474756;210062;322;35848600;62778;3;0;0
FR;1;2021-09-03;82425;227496;26957;21;238950;28040;0;0;0;38849250;32702252;237019;343;36087550;90818;3;0;0
FR;1;2021-09-04;71630;189713;11141;11;199317;11705;7;0;0;38920880;32891965;248160;354;36286867;102523;10;0;0
FR;1;2021-09-05;18613;41146;4124;2;43856;4275;0;0;0;38939493;32933111;252284;356;36330723;106798;10;0;0
FR;1;2021-09-06;59821;151404;30181;15;158947;31214;2;0;0;38999314;33084515;282465;371;36489670;138012;12;0;0
FR;1;2021-09-07;57400;139633;30213;30;146782;31242;2;0;0;39056714;33224148;312678;401;36636452;169254;14;0;0
FR;1;2021-09-08;72349;173791;26927;22;182291;27956;4;0;0;39129063;33397939;339605;423;36818743;197210;18;0;0
FR;1;2021-09-09;54490;124423;28633;24;131196;29740;5;0;0;39183553;33522362;368238;447;36949939;226950;23;0;0
FR;1;2021-09-10;66217;152070;30452;24;161177;31689;5;0;0;39249770;33674432;398690;471;37111116;258639;28;0;0
FR;1;2021-09-11;52689;146628;9731;14;154133;10352;0;0;0;39302459;33821060;408421;485;37265249;268991;28;0;0
FR;1;2021-09-12;10796;29272;2489;1;30972;2658;2;0;0;39313255;33850332;410910;486;37296221;271649;30;0;0
FR;1;2021-09-13;51514;104421;38764;31;110978;40085;16;0;0;39364769;33954753;449674;517;37407199;311734;46;0;0
FR;1;2021-09-14;53342;95995;51280;67;102406;53248;39;0;0;39418111;34050748;500954;584;37509605;364982;85;0;0
FR;1;2021-09-15;60577;139236;50497;55;146426;47058;68;0;0;39478688;34189984;551451;639;37656031;412040;153;0;0
FR;1;2021-09-16;46637;81365;53354;70;86267;49599;70;0;0;39525325;34271349;604805;709;37742298;461639;223;0;0
FR;1;2021-09-17;53224;109330;45072;61;115669;42701;63;0;0;39578549;34380679;649877;770;37857967;504340;286;0;0
FR;1;2021-09-18;37882;118487;11795;19;124080;11274;19;0;0;39616431;34499166;661672;789;37982047;515614;305;0;0
FR;1;2021-09-19;6531;21032;2042;1;22135;1983;1;0;0;39622962;34520198;663714;790;38004182;517597;306;0;0
FR;1;2021-09-20;36542;74836;46229;65;78560;44190;32;0;0;39659504;34595034;709943;855;38082742;561787;338;0;0
FR;1;2021-09-21;34199;68112;56266;72;71145;52739;79;0;0;39693703;34663146;766209;927;38153887;614526;417;0;0
FR;1;2021-09-22;38840;118597;49878;76;123022;46920;41;0;0;39732543;34781743;816087;1003;38276909;661446;458;0;0
FR;1;2021-09-23;32039;62899;54507;85;65801;50915;84;0;0;39764582;34844642;870594;1088;38342710;712361;542;0;0
FR;1;2021-09-24;36797;90031;43673;89;94396;41951;58;0;0;39801379;34934673;914267;1177;38437106;754312;600;0;0
FR;1;2021-09-25;27652;96703;12307;27;101066;12185;19;0;0;39829031;35031376;926574;1204;38538172;766497;619;0;0
FR;1;2021-09-26;4385;15195;1776;5;16058;1698;4;0;0;39833416;35046571;928350;1209;38554230;768195;623;0;0
FR;1;2021-09-27;27353;60210;42912;89;63445;41638;81;0;1;39860769;35106781;971262;1298;38617675;809833;704;0;1
FR;1;2021-09-28;26912;49417;47199;76;52046;44478;42;0;0;39887681;35156198;1018461;1374;38669721;854311;746;0;1
FR;1;2021-09-29;35925;80271;47289;87;84659;45613;36;0;0;39923606;35236469;1065750;1461;38754380;899924;782;0;1
FR;1;2021-09-30;26076;46888;47525;80;49261;45464;52;0;0;39949682;35283357;1113275;1541;38803641;945388;834;0;1
FR;1;2021-10-01;47301;66921;44903;83;70817;44618;15;0;0;39996983;35350278;1158178;1624;38874458;990006;849;0;1
FR;1;2021-10-02;32383;62403;16112;32;67218;16321;6;0;0;40029366;35412681;1174290;1656;38941676;1006327;855;0;1
FR;1;2021-10-03;4343;8564;2040;3;9313;2037;4;0;0;40033709;35421245;1176330;1659;38950989;1008364;859;0;1
FR;1;2021-10-04;28976;44413;47110;79;46833;46976;31;0;0;40062685;35465658;1223440;1738;38997822;1055340;890;0;1
FR;1;2021-10-05;24566;41633;49891;116;43139;49334;51;0;0;40087251;35507291;1273331;1854;39040961;1104674;941;0;1
FR;1;2021-10-06;34656;61378;57505;102;64496;57253;27;0;0;40121907;35568669;1330836;1956;39105457;1161927;968;0;1
FR;1;2021-10-07;21078;39914;53047;75;41096;51991;34;0;0;40142985;35608583;1383883;2031;39146553;1213918;1002;0;1
FR;1;2021-10-08;35669;59644;60408;83;62879;61163;29;0;0;40178654;35668227;1444291;2114;39209432;1275081;1031;0;1
FR;1;2021-10-09;27467;48011;25496;29;52490;26021;10;0;0;40206121;35716238;1469787;2143;39261922;1301102;1041;0;1
FR;1;2021-10-10;3726;5811;2758;7;6289;2865;1;0;0;40209847;35722049;1472545;2150;39268211;1303967;1042;0;1
FR;1;2021-10-11;24858;38223;54586;88;40311;55261;48;0;0;40234705;35760272;1527131;2238;39308522;1359228;1090;0;1
FR;1;2021-10-12;23380;36584;58074;128;37104;59225;18;0;0;40258085;35796856;1585205;2366;39345626;1418453;1108;0;1
FR;1;2021-10-13;32974;47838;64175;125;50647;65700;23;0;1;40291059;35844694;1649380;2491;39396273;1484153;1131;0;2
FR;1;2021-10-14;21712;34772;53772;103;35683;54363;24;0;0;40312771;35879466;1703152;2594;39431956;1538516;1155;0;2
FR;1;2021-10-15;32750;48762;72329;165;50462;75021;23;0;0;40345521;35928228;1775481;2759;39482418;1613537;1178;0;2
FR;1;2021-10-16;26013;35286;34871;44;38304;36423;15;0;0;40371534;35963514;1810352;2803;39520722;1649960;1193;0;2
FR;1;2021-10-17;3158;4048;3417;2;4492;3317;3;0;0;40374692;35967562;1813769;2805;39525214;1653277;1196;0;2
FR;1;2021-10-18;24346;34889;66844;132;34936;69721;28;0;0;40399038;36002451;1880613;2937;39560150;1722998;1224;0;2
FR;1;2021-10-19;20721;35572;75670;135;33232;79598;41;0;0;40419759;36038023;1956283;3072;39593382;1802596;1265;0;2
FR;1;2021-10-20;29914;44203;96183;178;43284;99869;45;0;0;40449673;36082226;2052466;3250;39636666;1902465;1310;0;2
FR;1;2021-10-21;19802;35050;83190;107;31766;87047;31;0;0;40469475;36117276;2135656;3357;39668432;1989512;1341;0;2
FR;1;2021-10-22;29756;47757;103753;196;44572;109701;62;0;0;40499231;36165033;2239409;3553;39713004;2099213;1403;0;2
FR;1;2021-10-23;23054;35142;44874;57;36139;47383;12;0;0;40522285;36200175;2284283;3610;39749143;2146596;1415;0;2
FR;1;2021-10-24;2406;3843;3583;6;4042;3717;1;0;0;40524691;36204018;2287866;3616;39753185;2150313;1416;0;2
FR;1;2021-10-25;22496;30737;82028;143;29627;85832;37;0;0;40547187;36234755;2369894;3759;39782812;2236145;1453;0;2
FR;1;2021-10-26;19366;27648;86119;162;24753;90341;31;0;0;40566553;36262403;2456013;3921;39807565;2326486;1484;0;2
FR;1;2021-10-27;26219;39617;107817;252;37316;112726;51;0;0;40592772;36302020;2563830;4173;39844881;2439212;1535;0;2
FR;1;2021-10-28;18802;27115;86965;150;23502;91723;37;0;0;40611574;36329135;2650795;4323;39868383;2530935;1572;0;2
FR;1;2021-10-29;25931;40263;114838;202;35505;121666;53;0;0;40637505;36369398;2765633;4525;39903888;2652601;1625;0;2
FR;1;2021-10-30;17710;28712;49371;74;28307;51963;18;0;0;40655215;36398110;2815004;4599;39932195;2704564;1643;0;2
FR;1;2021-10-31;2086;3173;3451;2;3218;3686;2;0;0;40657301;36401283;2818455;4601;39935413;2708250;1645;0;2
FR;1;2021-11-01;8014;4269;3035;3;4354;3294;6;0;0;40665315;36405552;2821490;4604;39939767;2711544;1651;0;2
FR;1;2021-11-02;22908;33234;92408;156;29194;97858;39;0;1;40688223;36438786;2913898;4760;39968961;2809402;1690;0;3
FR;1;2021-11-03;26635;41566;117511;219;37023;123888;59;0;0;40714858;36480352;3031409;4979;40005984;2933290;1749;0;3
FR;1;2021-11-04;19627;30304;105819;213;24193;111970;43;0;0;40734485;36510656;3137228;5192;40030177;3045260;1792;0;3
FR;1;2021-11-05;27023;42306;138787;230;34200;147462;49;0;0;40761508;36552962;3276015;5422;40064377;3192722;1841;0;3
FR;1;2021-11-06;18861;29816;63487;123;27621;66500;25;0;0;40780369;36582778;3339502;5545;40091998;3259222;1866;0;3
FR;1;2021-11-07;1834;3279;4982;6;3034;5301;5;0;0;40782203;36586057;3344484;5551;40095032;3264523;1871;0;3
FR;1;2021-11-08;17877;32239;126007;224;25387;132642;48;0;0;40800080;36618296;3470491;5775;40120419;3397165;1919;0;3
FR;1;2021-11-09;19518;37614;159321;334;26153;169128;68;0;0;40819598;36655910;3629812;6109;40146572;3566293;1987;0;3
FR;1;2021-11-10;28889;49068;181922;441;39035;192535;87;0;0;40848487;36704978;3811734;6550;40185607;3758828;2074;0;3
FR;1;2021-11-11;4191;5942;12236;26;5112;13029;14;0;0;40852678;36710920;3823970;6576;40190719;3771857;2088;0;3
FR;1;2021-11-12;26023;46831;174840;244;35310;186523;82;0;0;40878701;36757751;3998810;6820;40226029;3958380;2170;0;3
FR;1;2021-11-13;18734;29152;76845;111;25382;81792;41;0;0;40897435;36786903;4075655;6931;40251411;4040172;2211;0;3
FR;1;2021-11-14;2050;3242;6827;5;2798;7357;6;0;0;40899485;36790145;4082482;6936;40254209;4047529;2217;0;3
FR;1;2021-11-15;18787;34721;156439;306;24634;166262;62;0;0;40918272;36824866;4238921;7242;40278843;4213791;2279;0;3
FR;1;2021-11-16;21363;37859;192144;380;23365;205055;103;0;1;40939635;36862725;4431065;7622;40302208;4418846;2382;0;4
FR;1;2021-11-17;28669;45556;193247;398;33034;205062;95;0;0;40968304;36908281;4624312;8020;40335242;4623908;2477;0;4
FR;1;2021-11-18;21142;39591;182526;458;25154;194629;87;0;0;40989446;36947872;4806838;8478;40360396;4818537;2564;0;4
FR;1;2021-11-19;30890;53323;230274;532;34840;246748;138;0;0;41020336;37001195;5037112;9010;40395236;5065285;2702;0;4
FR;1;2021-11-20;23766;33223;96997;202;26740;103646;45;0;0;41044102;37034418;5134109;9212;40421976;5168931;2747;0;4
FR;1;2021-11-21;2339;3910;9124;19;2956;9934;16;0;0;41046441;37038328;5143233;9231;40424932;5178865;2763;0;4
FR;1;2021-11-22;21422;30362;175925;467;16970;189481;78;0;0;41067863;37068690;5319158;9698;40441902;5368346;2841;0;4
FR;1;2021-11-23;24028;40984;221245;540;21341;237989;77;0;0;41091891;37109674;5540403;10238;40463243;5606335;2918;0;4
FR;1;2021-11-24;30298;49662;217383;702;32003;234551;68;0;0;41122189;37159336;5757786;10940;40495246;5840886;2986;0;4
FR;1;2021-11-25;23732;44036;244500;718;22099;264166;101;0;0;41145921;37203372;6002286;11658;40517345;6105052;3087;0;4
FR;1;2021-11-26;30622;66670;356828;836;33293;388602;154;0;0;41176543;37270042;6359114;12494;40550638;6493654;3241;0;4
FR;1;2021-11-27;21961;45297;202653;372;26193;222682;112;0;0;41198504;37315339;6561767;12866;40576831;6716336;3353;0;4
FR;1;2021-11-28;3178;9569;54797;63;3480;61018;37;0;0;41201682;37324908;6616564;12929;40580311;6777354;3390;0;4
FR;1;2021-11-29;17902;49477;326412;841;20813;354529;150;0;0;41219584;37374385;6942976;13770;40601124;7131883;3540;0;4
FR;1;2021-11-30;22789;64875;431174;952;23872;470813;262;0;0;41242373;37439260;7374150;14722;40624996;7602696;3802;0;4
FR;1;2021-12-01;25350;69144;442929;1131;28526;481800;271;0;0;41267723;37508404;7817079;15853;40653522;8084496;4073;0;4
FR;1;2021-12-02;20089;64421;489435;1228;18539;532953;271;0;0;41287812;37572825;8306514;17081;40672061;8617449;4344;0;4
FR;1;2021-12-03;22912;82369;542807;1310;30371;591796;307;0;0;41310724;37655194;8849321;18391;40702432;9209245;4651;0;4
FR;1;2021-12-04;16415;53860;299114;654;23272;328983;182;0;0;41327139;37709054;9148435;19045;40725704;9538228;4833;0;4
FR;1;2021-12-05;3635;13803;81540;143;4216;91046;85;0;0;41330774;37722857;9229975;19188;40729920;9629274;4918;0;4
FR;1;2021-12-06;25853;62477;415477;1066;22128;455197;356;0;0;41356627;37785334;9645452;20254;40752048;10084471;5274;0;4
FR;1;2021-12-07;20014;75504;523024;1536;24348;572660;371;0;0;41376641;37860838;10168476;21790;40776396;10657131;5645;0;4
FR;1;2021-12-08;21713;75572;458471;1545;30708;502141;378;0;0;41398354;37936410;10626947;23335;40807104;11159272;6023;0;4
FR;1;2021-12-09;19468;73999;492982;1626;24425;540960;397;0;0;41417822;38010409;11119929;24961;40831529;11700232;6420;0;4
FR;1;2021-12-10;23325;87612;547418;1585;32517;600052;390;0;1;41441147;38098021;11667347;26546;40864046;12300284;6810;0;5
FR;1;2021-12-11;16531;59131;302756;751;25999;335484;278;0;0;41457678;38157152;11970103;27297;40890045;12635768;7088;0;5
FR;1;2021-12-12;4392;15908;83227;179;5266;94043;96;0;0;41462070;38173060;12053330;27476;40895311;12729811;7184;0;5
FR;1;2021-12-13;15755;63503;367027;1094;24013;406309;234;0;0;41477825;38236563;12420357;28570;40919324;13136120;7418;0;5
FR;1;2021-12-14;20864;80210;464829;1748;28740;515286;505;0;1;41498689;38316773;12885186;30318;40948064;13651406;7923;0;6
FR;1;2021-12-15;21618;77377;409117;1309;33095;453188;311;0;1;41520307;38394150;13294303;31627;40981159;14104594;8234;0;7
FR;1;2021-12-16;20064;77166;451913;1577;28027;500652;325;0;0;41540371;38471316;13746216;33204;41009186;14605246;8559;0;7
FR;1;2021-12-17;22625;86503;479967;1737;34754;531009;372;0;0;41562996;38557819;14226183;34941;41043940;15136255;8931;0;7
FR;1;2021-12-18;17609;54629;257639;731;24734;288541;230;0;0;41580605;38612448;14483822;35672;41068674;15424796;9161;0;7
FR;1;2021-12-19;5562;16960;79193;194;5943;90692;116;0;0;41586167;38629408;14563015;35866;41074617;15515488;9277;0;7
FR;1;2021-12-20;20951;63012;316267;1081;26609;355314;283;0;0;41607118;38692420;14879282;36947;41101226;15870802;9560;0;7
FR;1;2021-12-21;26328;72967;372776;1423;30673;418093;338;0;0;41633446;38765387;15252058;38370;41131899;16288895;9898;0;7
FR;1;2021-12-22;24980;65763;310654;1217;29683;349586;361;0;1;41658426;38831150;15562712;39587;41161582;16638481;10259;0;8
FR;1;2021-12-23;21272;52205;241499;957;23427;273051;361;0;0;41679698;38883355;15804211;40544;41185009;16911532;10620;0;8
FR;1;2021-12-24;7127;18313;67159;258;9279;77060;154;0;1;41686825;38901668;15871370;40802;41194288;16988592;10774;0;9
FR;1;2021-12-25;508;2876;5589;15;1805;6536;55;0;0;41687333;38904544;15876959;40817;41196093;16995128;10829;0;9
FR;1;2021-12-26;2749;7580;26948;71;3498;31460;100;0;0;41690082;38912124;15903907;40888;41199591;17026588;10929;0;9
FR;1;2021-12-27;18312;53521;235122;705;25523;265769;365;0;0;41708394;38965645;16139029;41593;41225114;17292357;11294;0;9
FR;1;2021-12-28;23302;61964;292043;1026;27074;330213;595;0;1;41731696;39027609;16431072;42619;41252188;17622570;11889;0;10
FR;1;2021-12-29;22217;55460;255019;920;25326;288230;645;0;1;41753913;39083069;16686091;43539;41277514;17910800;12534;0;11
FR;1;2021-12-30;21241;46487;212167;858;22510;239623;718;0;0;41775154;39129556;16898258;44397;41300024;18150423;13252;0;11
FR;1;2021-12-31;7467;16562;61875;229;8746;70407;346;0;0;41782621;39146118;16960133;44626;41308770;18220830;13598;0;11
FR;1;2022-01-01;1158;2496;5666;30;1542;6583;72;0;0;41783779;39148614;16965799;44656;41310312;18227413;13670;0;11
FR;1;2022-01-02;3087;8077;28892;50;3674;33531;190;0;0;41786866;39156691;16994691;44706;41313986;18260944;13860;0;11
FR;1;2022-01-03;25619;54227;228258;789;27580;257728;958;0;1;41812485;39210918;17222949;45495;41341566;18518672;14818;0;12
FR;1;2022-01-04;26206;65059;299280;1239;29866;337313;1368;0;2;41838691;39275977;17522229;46734;41371432;18855985;16186;0;14
FR;1;2022-01-05;30545;64294;274898;1099;32553;310276;1263;0;0;41869236;39340271;17797127;47833;41403985;19166261;17449;0;14
FR;1;2022-01-06;26837;66241;306901;1400;29311;346572;1566;0;1;41896073;39406512;18104028;49233;41433296;19512833;19015;0;15
FR;1;2022-01-07;31570;75038;349844;1538;34448;393985;1823;0;1;41927643;39481550;18453872;50771;41467744;19906818;20838;0;16
FR;1;2022-01-08;23388;51381;222499;698;25597;251123;913;0;1;41951031;39532931;18676371;51469;41493341;20157941;21751;0;17
FR;1;2022-01-09;7092;17158;66025;163;8189;76137;335;0;0;41958123;39550089;18742396;51632;41501530;20234078;22086;0;17
FR;1;2022-01-10;21790;60651;236808;955;32971;267608;1257;0;1;41979913;39610740;18979204;52587;41534501;20501686;23343;0;18
FR;1;2022-01-11;26764;63474;282303;1280;31236;317828;1835;0;1;42006677;39674214;19261507;53867;41565737;20819514;25178;0;19
FR;1;2022-01-12;28958;62538;246271;1105;35094;278063;1685;0;3;42035635;39736752;19507778;54972;41600831;21097577;26863;0;22
FR;1;2022-01-13;24782;60198;262801;1253;30068;296122;1994;0;4;42060417;39796950;19770579;56225;41630899;21393699;28857;0;26
FR;1;2022-01-14;27967;66742;314022;1366;32166;351270;2475;0;1;42088384;39863692;20084601;57591;41663065;21744969;31332;0;27
FR;1;2022-01-15;19366;44432;199319;618;22478;223864;1362;0;1;42107750;39908124;20283920;58209;41685543;21968833;32694;0;28
FR;1;2022-01-16;5160;12976;51529;135;6031;59560;337;0;0;42112910;39921100;20335449;58344;41691574;22028393;33031;0;28
FR;1;2022-01-17;16867;39721;184840;781;20151;206833;1690;0;2;42129777;39960821;20520289;59125;41711725;22235226;34721;0;30
FR;1;2022-01-18;19453;45984;212434;1154;22995;237046;2456;0;1;42149230;40006805;20732723;60279;41734720;22472272;37177;0;31
FR;1;2022-01-19;20308;43990;176120;897;25495;197201;1974;0;4;42169538;40050795;20908843;61176;41760215;22669473;39151;0;35
FR;1;2022-01-20;16841;40598;183697;1139;20825;204746;2513;0;2;42186379;40091393;21092540;62315;41781040;22874219;41664;0;37
FR;1;2022-01-21;19916;47051;228963;1405;23921;253349;3107;0;1;42206295;40138444;21321503;63720;41804961;23127568;44771;0;38
FR;1;2022-01-22;13844;33352;144495;578;18446;161389;1404;0;2;42220139;40171796;21465998;64298;41823407;23288957;46175;0;40
FR;1;2022-01-23;3377;8766;33429;132;4574;38319;352;0;1;42223516;40180562;21499427;64430;41827981;23327276;46527;0;41
FR;1;2022-01-24;11809;32992;142222;711;17809;158257;2102;0;1;42235325;40213554;21641649;65141;41845790;23485533;48629;0;42
FR;1;2022-01-25;14213;38195;163412;1049;20295;181570;3179;0;1;42249538;40251749;21805061;66190;41866085;23667103;51808;0;43
FR;1;2022-01-26;14863;37712;150256;933;22639;166367;2517;0;1;42264401;40289461;21955317;67123;41888724;23833470;54325;0;44
FR;1;2022-01-27;12340;33325;143455;888;18501;158016;3226;0;3;42276741;40322786;22098772;68011;41907225;23991486;57551;0;47
FR;1;2022-01-28;16326;56933;198320;1143;32679;222394;4005;0;3;42293067;40379719;22297092;69154;41939904;24213880;61556;0;50
FR;1;2022-01-29;10267;35488;135204;525;19617;151542;1879;0;1;42303334;40415207;22432296;69679;41959521;24365422;63435;0;51
FR;1;2022-01-30;2485;9269;29682;86;4832;34453;435;0;1;42305819;40424476;22461978;69765;41964353;24399875;63870;0;52
FR;1;2022-01-31;8758;32495;104346;533;19489;117361;2342;0;3;42314577;40456971;22566324;70298;41983842;24517236;66212;0;55
FR;1;2022-02-01;10995;36474;127083;865;20643;141238;4326;0;1;42325572;40493445;22693407;71163;42004485;24658474;70538;0;56
FR;1;2022-02-02;12049;41597;130358;782;25273;145829;3780;0;9;42337621;40535042;22823765;71945;42029758;24804303;74318;0;65
FR;1;2022-02-03;9311;34061;117016;785;19117;130339;4294;0;4;42346932;40569103;22940781;72730;42048875;24934642;78612;0;69
FR;1;2022-02-04;11532;48641;172583;967;25930;192738;5487;0;5;42358464;40617744;23113364;73697;42074805;25127380;84099;0;74
FR;1;2022-02-05;7998;33934;117589;391;18178;133034;2421;0;3;42366462;40651678;23230953;74088;42092983;25260414;86520;0;77
FR;1;2022-02-06;1706;8001;22752;85;3874;26907;443;0;0;42368168;40659679;23253705;74173;42096857;25287321;86963;0;77
FR;1;2022-02-07;7340;35419;119107;459;18191;134979;3397;0;4;42375508;40695098;23372812;74632;42115048;25422300;90360;0;81
FR;1;2022-02-08;7763;31956;125660;695;14888;140649;4301;0;5;42383271;40727054;23498472;75327;42129936;25562949;94661;0;86
FR;1;2022-02-09;8651;36520;135256;701;17921;152501;3883;0;7;42391922;40763574;23633728;76028;42147857;25715450;98544;0;93
FR;1;2022-02-10;7022;30124;116376;675;13887;130164;4444;0;1;42398944;40793698;23750104;76703;42161744;25845614;102988;0;94
FR;1;2022-02-11;8658;41551;165144;878;18361;185369;5430;0;3;42407602;40835249;23915248;77581;42180105;26030983;108418;0;97
FR;1;2022-02-12;5341;27609;106713;379;12531;120898;2396;0;2;42412943;40862858;24021961;77960;42192636;26151881;110814;0;99
FR;1;2022-02-13;1265;5718;21718;66;2187;25334;402;0;3;42414208;40868576;24043679;78026;42194823;26177215;111216;0;102
FR;1;2022-02-14;5458;27224;118092;394;10640;133120;3384;0;4;42419666;40895800;24161771;78420;42205463;26310335;114600;0;106
FR;1;2022-02-15;5790;28859;118928;611;12207;132560;4882;0;1;42425456;40924659;24280699;79031;42217670;26442895;119482;0;107
FR;1;2022-02-16;5758;28487;110420;596;13752;123051;4152;0;3;42431214;40953146;24391119;79627;42231422;26565946;123634;0;110
FR;1;2022-02-17;4613;19739;73146;488;10125;80251;3997;0;3;42435827;40972885;24464265;80115;42241547;26646197;127631;0;113
FR;1;2022-02-18;5609;26790;99202;673;14163;108162;5519;0;2;42441436;40999675;24563467;80788;42255710;26754359;133150;0;115
FR;1;2022-02-19;3550;17177;59479;304;9569;66060;2266;0;0;42444986;41016852;24622946;81092;42265279;26820419;135416;0;115
FR;1;2022-02-20;791;3256;10706;36;1649;12333;360;0;1;42445777;41020108;24633652;81128;42266928;26832752;135776;0;116
FR;1;2022-02-21;3429;14592;52830;286;7915;57676;3126;0;2;42449206;41034700;24686482;81414;42274843;26890428;138902;0;118
FR;1;2022-02-22;3799;15539;51916;500;9036;55655;4069;0;1;42453005;41050239;24738398;81914;42283879;26946083;142971;0;119
FR;1;2022-02-23;4233;17821;57475;508;10742;62575;3568;0;3;42457238;41068060;24795873;82422;42294621;27008658;146539;0;122
FR;1;2022-02-24;3343;13132;43617;436;7827;46407;3657;0;2;42460581;41081192;24839490;82858;42302448;27055065;150196;0;124
FR;1;2022-02-25;4474;19941;64923;696;12060;68794;5767;0;4;42465055;41101133;24904413;83554;42314508;27123859;155963;0;128
FR;1;2022-02-26;2693;12802;41369;310;7648;45122;2494;0;2;42467748;41113935;24945782;83864;42322156;27168981;158457;0;130
FR;1;2022-02-27;644;2190;7128;42;1206;7993;431;0;0;42468392;41116125;24952910;83906;42323362;27176974;158888;0;130
FR;1;2022-02-28;2611;10491;34962;306;6073;37388;3124;0;0;42471003;41126616;24987872;84212;42329435;27214362;162012;0;130
FR;1;2022-03-01;3581;10752;38704;391;6357;39658;4549;0;4;42474584;41137368;25026576;84603;42335792;27254020;166561;0;134
FR;1;2022-03-02;3676;12185;41861;398;7451;43931;4110;0;1;42478260;41149553;25068437;85001;42343243;27297951;170671;0;135
FR;1;2022-03-03;2461;7984;26181;328;5240;26519;3379;0;1;42480721;41157537;25094618;85329;42348483;27324470;174050;0;136
FR;1;2022-03-04;2683;10494;35441;592;6925;34935;5277;0;3;42483404;41168031;25130059;85921;42355408;27359405;179327;0;139
FR;1;2022-03-05;1822;6362;21968;280;4201;22366;2571;0;1;42485226;41174393;25152027;86201;42359609;27381771;181898;0;140
FR;1;2022-03-06;358;956;2917;38;602;3120;327;0;0;42485584;41175349;25154944;86239;42360211;27384891;182225;0;140
FR;1;2022-03-07;1787;4719;16438;245;3043;15904;2831;0;4;42487371;41180068;25171382;86484;42363254;27400795;185056;0;144
FR;1;2022-03-08;1711;5256;17168;309;3667;15996;3472;0;3;42489082;41185324;25188550;86793;42366921;27416791;188528;0;147
FR;1;2022-03-09;1988;6676;19813;370;4752;19171;3422;0;4;42491070;41192000;25208363;87163;42371673;27435962;191950;0;151
FR;1;2022-03-10;1407;5008;15292;308;3659;14331;2943;0;2;42492477;41197008;25223655;87471;42375332;27450293;194893;0;153
FR;1;2022-03-11;1757;6407;21709;487;4440;19864;4737;0;1;42494234;41203415;25245364;87958;42379772;27470157;199630;0;154
FR;1;2022-03-12;1255;4653;15364;281;3096;14914;2685;0;2;42495489;41208068;25260728;88239;42382868;27485071;202315;0;156
FR;1;2022-03-13;255;612;2120;119;412;2066;468;0;0;42495744;41208680;25262848;88358;42383280;27487137;202783;0;156
FR;1;2022-03-14;1150;3678;13405;3882;2293;12527;6342;0;8;42496894;41212358;25276253;92240;42385573;27499664;209125;0;164
FR;1;2022-03-15;1408;5738;14660;6863;4321;13258;9843;0;8;42498302;41218096;25290913;99103;42389894;27512922;218968;0;172
FR;1;2022-03-16;1693;5083;17393;11520;3593;16458;14125;0;6;42499995;41223179;25308306;110623;42393487;27529380;233093;0;178
FR;1;2022-03-17;1171;3440;11731;9648;2364;10828;11730;0;8;42501166;41226619;25320037;120271;42395851;27540208;244823;0;186
FR;1;2022-03-18;1727;4929;17973;16507;3323;16412;19721;0;14;42502893;41231548;25338010;136778;42399174;27556620;264544;0;200
FR;1;2022-03-19;1125;3299;11890;8458;2275;11359;10140;0;6;42504018;41234847;25349900;145236;42401449;27567979;274684;0;206
FR;1;2022-03-20;224;559;1724;1014;361;1758;1224;0;2;42504242;41235406;25351624;146250;42401810;27569737;275908;0;208
FR;1;2022-03-21;1086;2766;11501;13461;1786;10850;15142;0;10;42505328;41238172;25363125;159711;42403596;27580587;291050;0;218
FR;1;2022-03-22;1249;3210;12258;18713;2151;11246;20616;0;5;42506577;41241382;25375383;178424;42405747;27591833;311666;0;223
FR;1;2022-03-23;1506;4357;16029;20111;2952;15712;21881;0;34;42508083;41245739;25391412;198535;42408699;27607545;333547;0;257
FR;1;2022-03-24;1116;2753;10400;16058;1910;9662;17562;0;15;42509199;41248492;25401812;214593;42410609;27617207;351109;0;272
FR;1;2022-03-25;1535;4361;16747;25315;2878;15399;27959;0;23;42510734;41252853;25418559;239908;42413487;27632606;379068;0;295
FR;1;2022-03-26;1108;3014;10856;11450;2063;10517;12862;0;20;42511842;41255867;25429415;251358;42415550;27643123;391930;0;315
FR;1;2022-03-27;234;546;1751;1382;334;1804;1593;0;1;42512076;41256413;25431166;252740;42415884;27644927;393523;0;316
FR;1;2022-03-28;1082;2487;9978;15885;1554;9601;17228;0;10;42513158;41258900;25441144;268625;42417438;27654528;410751;0;326
FR;1;2022-03-29;1142;2740;11556;25109;1590;10922;26505;0;30;42514300;41261640;25452700;293734;42419028;27665450;437256;0;356
FR;1;2022-03-30;1630;3601;14170;24223;2373;13710;25890;0;19;42515930;41265241;25466870;317957;42421401;27679160;463146;0;375
FR;1;2022-03-31;1278;3016;11698;22685;2041;11212;24005;0;40;42517208;41268257;25478568;340642;42423442;27690372;487151;0;415
FR;1;2022-04-01;2232;4021;18485;28531;2476;17355;30803;0;53;42519440;41272278;25497053;369173;42425918;27707727;517954;0;468
FR;1;2022-04-02;910;1889;8195;9238;1105;7954;10231;0;28;42520350;41274167;25505248;378411;42427023;27715681;528185;0;496
FR;1;2022-04-03;203;380;1433;1057;218;1434;1248;0;1;42520553;41274547;25506681;379468;42427241;27717115;529433;0;497
FR;1;2022-04-04;2368;2472;11371;17678;1552;10761;18899;0;30;42522921;41277019;25518052;397146;42428793;27727876;548332;0;527
FR;1;2022-04-05;2085;2708;13001;31218;1693;12025;32599;0;68;42525006;41279727;25531053;428364;42430486;27739901;580931;0;595
FR;1;2022-04-06;1815;3001;12204;23942;1908;11639;25240;0;62;42526821;41282728;25543257;452306;42432394;27751540;606171;0;657
FR;1;2022-04-07;1543;2738;12352;31081;1638;11817;32157;0;68;42528364;41285466;25555609;483387;42434032;27763357;638328;0;725
FR;1;2022-04-08;1752;3651;17559;40619;2043;16468;42688;0;76;42530116;41289117;25573168;524006;42436075;27779825;681016;0;801
FR;1;2022-04-09;820;1997;8404;12501;1074;8103;13501;0;26;42530936;41291114;25581572;536507;42437149;27787928;694517;0;827
FR;1;2022-04-10;200;646;1836;1855;410;1882;2075;0;6;42531136;41291760;25583408;538362;42437559;27789810;696592;0;833
FR;1;2022-04-11;1083;2256;10969;22346;1304;10687;23452;0;68;42532219;41294016;25594377;560708;42438863;27800497;720044;0;901
FR;1;2022-04-12;1332;2670;12821;38130;1583;12311;38881;0;119;42533551;41296686;25607198;598838;42440446;27812808;758925;0;1020
FR;1;2022-04-13;1275;2892;12270;30617;1787;12003;31387;0;85;42534826;41299578;25619468;629455;42442233;27824811;790312;0;1105
FR;1;2022-04-14;1228;2584;12116;33621;1587;12130;34058;0;88;42536054;41302162;25631584;663076;42443820;27836941;824370;0;1193
FR;1;2022-04-15;1497;3230;14401;33264;2051;13804;34664;0;107;42537551;41305392;25645985;696340;42445871;27850745;859034;0;1300
FR;1;2022-04-16;660;1405;5844;8003;763;5775;8757;0;31;42538211;41306797;25651829;704343;42446634;27856520;867791;0;1331
FR;1;2022-04-17;155;288;930;1121;175;975;1171;0;7;42538366;41307085;25652759;705464;42446809;27857495;868962;0;1338
FR;1;2022-04-18;166;479;2636;1002;296;2659;1187;0;5;42538532;41307564;25655395;706466;42447105;27860154;870149;0;1343
FR;1;2022-04-19;1253;2608;11785;27931;1496;11516;28786;0;69;42539785;41310172;25667180;734397;42448601;27871670;898935;0;1412
FR;1;2022-04-20;1349;2667;12177;26875;1667;12027;27704;0;82;42541134;41312839;25679357;761272;42450268;27883697;926639;0;1494
FR;1;2022-04-21;1242;2459;11547;33247;1508;11759;33603;0;107;42542376;41315298;25690904;794519;42451776;27895456;960242;0;1601
FR;1;2022-04-22;1515;3082;15213;35498;1915;14792;36695;0;120;42543891;41318380;25706117;830017;42453691;27910248;996937;0;1721
FR;1;2022-04-23;762;1581;6734;9893;917;6640;10577;0;30;42544653;41319961;25712851;839910;42454608;27916888;1007514;0;1751
FR;1;2022-04-24;196;373;1373;1521;237;1328;1744;0;7;42544849;41320334;25714224;841431;42454845;27918216;1009258;0;1758
FR;1;2022-04-25;1041;2130;9855;19731;1252;9757;20553;0;64;42545890;41322464;25724079;861162;42456097;27927973;1029811;0;1822
FR;1;2022-04-26;1348;2622;12602;36591;1603;12203;37177;0;163;42547238;41325086;25736681;897753;42457700;27940176;1066988;0;1985
FR;1;2022-04-27;1330;2405;10653;29242;1463;10789;29628;0;122;42548568;41327491;25747334;926995;42459163;27950965;1096616;0;2107
FR;1;2022-04-28;1283;2410;11562;34280;1517;11404;34429;0;127;42549851;41329901;25758896;961275;42460680;27962369;1131045;0;2234
FR;1;2022-04-29;1612;4271;14401;35556;3145;13855;36844;0;153;42551463;41334172;25773297;996831;42463825;27976224;1167889;0;2387
FR;1;2022-04-30;831;2328;6445;9174;1757;6288;9975;0;35;42552294;41336500;25779742;1006005;42465582;27982512;1177864;0;2422
FR;1;2022-05-01;177;288;831;948;190;825;1077;0;5;42552471;41336788;25780573;1006953;42465772;27983337;1178941;0;2427
FR;1;2022-05-02;1827;2603;10377;16946;1759;10300;17629;0;64;42554298;41339391;25790950;1023899;42467531;27993637;1196570;0;2491
FR;1;2022-05-03;1622;2871;12707;32893;1757;12599;33693;0;149;42555920;41342262;25803657;1056792;42469288;28006236;1230263;0;2640
FR;1;2022-05-04;1370;2742;11231;23810;1687;11393;24348;0;96;42557290;41345004;25814888;1080602;42470975;28017629;1254611;0;2736
FR;1;2022-05-05;1475;2694;12193;31846;1680;12117;32393;0;169;42558765;41347698;25827081;1112448;42472655;28029746;1287004;0;2905
FR;1;2022-05-06;1819;3231;14234;34918;1908;13817;36181;0;166;42560584;41350929;25841315;1147366;42474563;28043563;1323185;0;3071
FR;1;2022-05-07;857;1472;5977;9094;878;6011;9728;0;44;42561441;41352401;25847292;1156460;42475441;28049574;1332913;0;3115
FR;1;2022-05-08;190;329;1060;1472;222;1122;1548;0;8;42561631;41352730;25848352;1157932;42475663;28050696;1334461;0;3123
FR;1;2022-05-09;1146;2012;9247;19262;1152;9161;20035;0;93;42562777;41354742;25857599;1177194;42476815;28059857;1354496;0;3216
FR;1;2022-05-10;1489;2998;12620;37135;1907;12218;38034;0;177;42564266;41357740;25870219;1214329;42478722;28072075;1392530;0;3393
FR;1;2022-05-11;1435;2469;9910;26027;1688;9857;26549;0;138;42565701;41360209;25880129;1240356;42480410;28081932;1419079;0;3531
FR;1;2022-05-12;1319;2431;10520;33595;1523;10222;34237;0;188;42567020;41362640;25890649;1273951;42481933;28092154;1453316;0;3719
FR;1;2022-05-13;1610;2803;12766;35845;1680;12413;36941;0;149;42568630;41365443;25903415;1309796;42483613;28104567;1490257;0;3868
FR;1;2022-05-14;781;1320;5480;10215;806;5364;10730;0;51;42569411;41366763;25908895;1320011;42484419;28109931;1500987;0;3919
FR;1;2022-05-15;221;417;1182;1350;242;1252;1495;0;5;42569632;41367180;25910077;1321361;42484661;28111183;1502482;0;3924
FR;1;2022-05-16;970;1780;8074;20121;1000;8127;20545;0;117;42570602;41368960;25918151;1341482;42485661;28119310;1523027;0;4041
FR;1;2022-05-17;1292;2295;11122;36182;1378;10728;36966;0;172;42571894;41371255;25929273;1377664;42487039;28130038;1559993;0;4213
FR;1;2022-05-18;1311;2132;9035;25721;1364;8986;26279;0;99;42573205;41373387;25938308;1403385;42488403;28139024;1586272;0;4312
FR;1;2022-05-19;1201;2397;9850;33990;1406;9945;34191;0;150;42574406;41375784;25948158;1437375;42489809;28148969;1620463;0;4462
FR;1;2022-05-20;1560;2752;12526;37652;1714;12110;38511;0;151;42575966;41378536;25960684;1475027;42491523;28161079;1658974;0;4613
FR;1;2022-05-21;774;1375;5247;9374;866;5165;9943;0;37;42576740;41379911;25965931;1484401;42492389;28166244;1668917;0;4650
FR;1;2022-05-22;191;292;951;1396;203;952;1518;0;10;42576931;41380203;25966882;1485797;42492592;28167196;1670435;0;4660
FR;1;2022-05-23;968;1883;8371;19410;1169;8346;20027;0;79;42577899;41382086;25975253;1505207;42493761;28175542;1690462;0;4739
FR;1;2022-05-24;1286;2447;10720;37243;1437;10588;37818;0;173;42579185;41384533;25985973;1542450;42495198;28186130;1728280;0;4912
FR;1;2022-05-25;1273;2297;8791;23690;1423;8955;24052;0;111;42580458;41386830;25994764;1566140;42496621;28195085;1752332;0;5023
FR;1;2022-05-26;169;377;1582;1155;254;1576;1288;0;24;42580627;41387207;25996346;1567295;42496875;28196661;1753620;0;5047
FR;1;2022-05-27;1114;2184;8785;20456;1369;8534;21408;0;84;42581741;41389391;26005131;1587751;42498244;28205195;1775028;0;5131
FR;1;2022-05-28;486;1051;3689;6539;619;3727;6927;0;37;42582227;41390442;26008820;1594290;42498863;28208922;1781955;0;5168
FR;1;2022-05-29;121;257;707;893;149;718;1002;0;4;42582348;41390699;26009527;1595183;42499012;28209640;1782957;0;5172
FR;1;2022-05-30;831;1733;6558;18535;1036;6590;18989;0;85;42583179;41392432;26016085;1613718;42500048;28216230;1801946;0;5257
FR;1;2022-05-31;1267;2224;9245;34367;1358;9115;34968;0;159;42584446;41394656;26025330;1648085;42501406;28225345;1836914;0;5416
FR;1;2022-06-01;1319;2598;10430;23453;1745;10291;24301;0;115;42585765;41397254;26035760;1671538;42503151;28235636;1861215;0;5531
FR;1;2022-06-02;1223;2305;10666;34151;1444;10246;34983;0;162;42586988;41399559;26046426;1705689;42504595;28245882;1896198;0;5693
FR;1;2022-06-03;1444;2734;12705;37105;1724;12126;38281;0;157;42588432;41402293;26059131;1742794;42506319;28258008;1934479;0;5850
FR;1;2022-06-04;682;1261;4748;8677;758;4824;9167;0;62;42589114;41403554;26063879;1751471;42507077;28262832;1943646;0;5912
FR;1;2022-06-05;131;292;810;1048;150;834;1153;0;3;42589245;41403846;26064689;1752519;42507227;28263666;1944799;0;5915
FR;1;2022-06-06;539;1150;2024;1250;975;2039;1425;0;9;42589784;41404996;26066713;1753769;42508202;28265705;1946224;0;5924
FR;1;2022-06-07;1175;2332;9179;34042;1426;8840;35140;0;143;42590959;41407328;26075892;1787811;42509628;28274545;1981364;0;6067
FR;1;2022-06-08;1116;2235;8671;27574;1400;8554;28444;0;107;42592075;41409563;26084563;1815385;42511028;28283099;2009808;0;6174
FR;1;2022-06-09;1067;2146;9987;37564;1279;9671;38331;0;148;42593142;41411709;26094550;1852949;42512307;28292770;2048139;0;6322
FR;1;2022-06-10;1336;2753;12402;43110;1717;11978;44353;0;201;42594478;41414462;26106952;1896059;42514024;28304748;2092492;0;6523
FR;1;2022-06-11;658;1450;5140;11083;796;5188;11613;0;50;42595136;41415912;26112092;1907142;42514820;28309936;2104105;0;6573
FR;1;2022-06-12;152;375;1015;1686;187;1073;1787;0;11;42595288;41416287;26113107;1908828;42515007;28311009;2105892;0;6584
FR;1;2022-06-13;917;1832;7014;22225;1126;6871;23066;0;84;42596205;41418119;26120121;1931053;42516133;28317880;2128958;0;6668
FR;1;2022-06-14;1090;2216;9840;42845;1295;9243;43937;0;186;42597295;41420335;26129961;1973898;42517428;28327123;2172895;0;6854
FR;1;2022-06-15;1077;1999;8786;29372;1352;8464;29929;0;168;42598372;41422334;26138747;2003270;42518780;28335587;2202824;0;7022
FR;1;2022-06-16;952;1834;9398;38502;1053;8879;39408;0;188;42599324;41424168;26148145;2041772;42519833;28344466;2242232;0;7210
FR;1;2022-06-17;1221;2556;11875;44795;1466;11357;45924;0;223;42600545;41426724;26160020;2086567;42521299;28355823;2288156;0;7433
FR;1;2022-06-18;561;1275;4316;10543;715;4255;11085;0;62;42601106;41427999;26164336;2097110;42522014;28360078;2299241;0;7495
FR;1;2022-06-19;137;325;1002;1543;173;1081;1609;0;12;42601243;41428324;26165338;2098653;42522187;28361159;2300850;0;7507
FR;1;2022-06-20;860;1699;8491;25041;997;8153;25905;0;143;42602103;41430023;26173829;2123694;42523184;28369312;2326755;0;7650
FR;1;2022-06-21;1102;2135;9763;47754;1251;8853;49101;0;241;42603205;41432158;26183592;2171448;42524435;28378165;2375856;0;7891
FR;1;2022-06-22;1037;2057;8434;37152;1287;7951;38014;0;231;42604242;41434215;26192026;2208600;42525722;28386116;2413870;0;8122
FR;1;2022-06-23;1051;2173;10123;52803;1202;9405;53813;0;290;42605293;41436388;26202149;2261403;42526924;28395521;2467683;0;8412
FR;1;2022-06-24;1250;2709;12912;65959;1476;11696;67630;0;367;42606543;41439097;26215061;2327362;42528400;28407217;2535313;0;8779
FR;1;2022-06-25;686;1504;5927;18917;792;5708;19716;0;162;42607229;41440601;26220988;2346279;42529192;28412925;2555029;0;8941
FR;1;2022-06-26;167;406;1818;3494;191;1713;3731;0;34;42607396;41441007;26222806;2349773;42529383;28414638;2558760;0;8975
FR;1;2022-06-27;940;1767;9904;45976;936;9128;47111;0;300;42608336;41442774;26232710;2395749;42530319;28423766;2605871;0;9275
FR;1;2022-06-28;1209;2570;13834;86554;1374;12398;88239;0;570;42609545;41445344;26246544;2482303;42531693;28436164;2694110;0;9845
FR;1;2022-06-29;1238;2288;11480;67390;1252;10546;68437;0;487;42610783;41447632;26258024;2549693;42532945;28446710;2762547;0;10332
FR;1;2022-06-30;1285;2466;13515;89963;1412;11823;91762;0;645;42612068;41450098;26271539;2639656;42534357;28458533;2854309;0;10977
FR;1;2022-07-01;1636;3472;20305;109186;1984;17964;111577;0;859;42613704;41453570;26291844;2748842;42536341;28476497;2965886;0;11836
FR;1;2022-07-02;767;1523;8020;33770;745;7250;34796;0;315;42614471;41455093;26299864;2782612;42537086;28483747;3000682;0;12151
FR;1;2022-07-03;228;480;1940;6118;255;1756;6444;0;71;42614699;41455573;26301804;2788730;42537341;28485503;3007126;0;12222
FR;1;2022-07-04;1402;3016;13925;75400;1895;12347;77292;0;589;42616101;41458589;26315729;2864130;42539236;28497850;3084418;0;12811
FR;1;2022-07-05;1427;2825;17684;126355;1478;15141;128468;0;1059;42617528;41461414;26333413;2990485;42540714;28512991;3212886;0;13870
FR;1;2022-07-06;1349;2388;14881;93713;1369;12901;95149;0;815;42618877;41463802;26348294;3084198;42542083;28525892;3308035;0;14685
FR;1;2022-07-07;1436;2533;16928;119483;1400;13998;121578;0;1075;42620313;41466335;26365222;3203681;42543483;28539890;3429613;0;15760
FR;1;2022-07-08;1529;2818;19603;129994;1532;15967;132800;0;1219;42621842;41469153;26384825;3333675;42545015;28555857;3562413;0;16979
FR;1;2022-07-09;661;1273;7305;36015;690;6347;36804;0;392;42622503;41470426;26392130;3369690;42545705;28562204;3599217;0;17371
FR;1;2022-07-10;237;534;2240;6688;288;2032;7067;0;89;42622740;41470960;26394370;3376378;42545993;28564236;3606284;0;17460
FR;1;2022-07-11;1213;2223;14314;84439;1160;11930;86553;0;734;42623953;41473183;26408684;3460817;42547153;28576166;3692837;0;18194
FR;1;2022-07-12;1557;2784;19453;137400;1421;15891;139889;0;1485;42625510;41475967;26428137;3598217;42548574;28592057;3832726;0;19679
FR;1;2022-07-13;1417;2426;14783;89824;1305;12633;91510;0;1002;42626927;41478393;26442920;3688041;42549879;28604690;3924236;0;20681
FR;1;2022-07-14;161;348;1862;5285;193;1771;5432;0;74;42627088;41478741;26444782;3693326;42550072;28606461;3929668;0;20755
FR;1;2022-07-15;1256;2298;14359;80588;1180;12001;82592;0;959;42628344;41481039;26459141;3773914;42551252;28618462;4012260;0;21714
FR;1;2022-07-16;505;1049;5639;23945;541;4893;24585;0;302;42628849;41482088;26464780;3797859;42551793;28623355;4036845;0;22016
FR;1;2022-07-17;158;363;1655;4461;188;1499;4724;0;60;42629007;41482451;26466435;3802320;42551981;28624854;4041569;0;22076
FR;1;2022-07-18;973;2030;11297;59270;1139;9567;60993;0;715;42629980;41484481;26477732;3861590;42553120;28634421;4102562;0;22791
FR;1;2022-07-19;1228;2121;14689;99419;1184;11722;101414;0;1386;42631208;41486602;26492421;3961009;42554304;28646143;4203976;0;24177
FR;1;2022-07-20;1176;1994;12360;74350;1162;10271;75836;0;964;42632384;41488596;26504781;4035359;42555466;28656414;4279812;0;25141
FR;1;2022-07-21;1133;1948;12407;84532;1181;9986;85894;0;1210;42633517;41490544;26517188;4119891;42556647;28666400;4365706;0;26351
FR;1;2022-07-22;1242;2211;14087;85929;1232;11418;87660;0;1264;42634759;41492755;26531275;4205820;42557879;28677818;4453366;0;27615
FR;1;2022-07-23;534;1086;5231;21293;628;4605;21836;0;374;42635293;41493841;26536506;4227113;42558507;28682423;4475202;0;27989
FR;1;2022-07-24;147;304;1325;3695;149;1165;3921;0;65;42635440;41494145;26537831;4230808;42558656;28683588;4479123;0;28054
FR;1;2022-07-25;889;1627;9071;46110;978;7518;47486;0;680;42636329;41495772;26546902;4276918;42559634;28691106;4526609;0;28734
FR;1;2022-07-26;1125;1958;12678;81946;1113;10334;83561;0;1197;42637454;41497730;26559580;4358864;42560747;28701440;4610170;0;29931
FR;1;2022-07-27;1016;1725;9759;58513;1038;8138;59695;0;874;42638470;41499455;26569339;4417377;42561785;28709578;4669865;0;30805
FR;1;2022-07-28;979;1701;9851;61897;1105;7843;63128;0;967;42639449;41501156;26579190;4479274;42562890;28717421;4732993;0;31772
FR;1;2022-07-29;1111;1821;10452;62956;1145;8378;64269;0;1066;42640560;41502977;26589642;4542230;42564035;28725799;4797262;0;32838
FR;1;2022-07-30;392;714;3346;14490;429;2847;14849;0;279;42640952;41503691;26592988;4556720;42564464;28728646;4812111;0;33117
FR;1;2022-07-31;139;263;900;2335;158;766;2477;0;47;42641091;41503954;26593888;4559055;42564622;28729412;4814588;0;33164
FR;1;2022-08-01;722;1357;7250;28963;975;6109;29955;0;518;42641813;41505311;26601138;4588018;42565597;28735521;4844543;0;33682
FR;1;2022-08-02;897;1470;8229;54021;983;6624;54671;0;1090;42642710;41506781;26609367;4642039;42566580;28742145;4899214;0;34772
FR;1;2022-08-03;722;1099;6149;37035;742;4933;37762;0;645;42643432;41507880;26615516;4679074;42567322;28747078;4936976;0;35417
FR;1;2022-08-04;642;1073;6255;41445;690;5047;42001;0;850;42644074;41508953;26621771;4720519;42568012;28752125;4978977;0;36267
FR;1;2022-08-05;739;1189;6759;43061;799;5428;43691;0;933;42644813;41510142;26628530;4763580;42568811;28757553;5022668;0;37200
FR;1;2022-08-06;274;461;1990;8998;301;1671;9190;0;218;42645087;41510603;26630520;4772578;42569112;28759224;5031858;0;37418
FR;1;2022-08-07;89;144;520;1552;100;436;1629;0;35;42645176;41510747;26631040;4774130;42569212;28759660;5033487;0;37453
FR;1;2022-08-08;492;924;3797;21216;679;3130;21622;0;457;42645668;41511671;26634837;4795346;42569891;28762790;5055109;0;37910
FR;1;2022-08-09;607;1027;5677;38453;718;4551;38947;0;793;42646275;41512698;26640514;4833799;42570609;28767341;5094056;0;38703
FR;1;2022-08-10;533;1015;4432;26912;715;3632;27226;0;601;42646808;41513713;26644946;4860711;42571324;28770973;5121282;0;39304
FR;1;2022-08-11;538;911;4304;28202;624;3578;28530;0;635;42647346;41514624;26649250;4888913;42571948;28774551;5149812;0;39939
FR;1;2022-08-12;592;1024;4548;27160;698;3756;27571;0;666;42647938;41515648;26653798;4916073;42572646;28778307;5177383;0;40605
FR;1;2022-08-13;178;353;1247;5106;246;1064;5277;0;116;42648116;41516001;26655045;4921179;42572892;28779371;5182660;0;40721
FR;1;2022-08-14;65;115;276;871;97;235;941;0;24;42648181;41516116;26655321;4922050;42572989;28779606;5183601;0;40745
FR;1;2022-08-15;77;167;571;541;136;532;592;0;16;42648258;41516283;26655892;4922591;42573125;28780138;5184193;0;40761
FR;1;2022-08-16;522;930;3784;21486;688;3214;21686;0;582;42648780;41517213;26659676;4944077;42573813;28783352;5205879;0;41343
FR;1;2022-08-17;526;888;3765;22147;657;3192;22388;0;579;42649306;41518101;26663441;4966224;42574470;28786544;5228267;0;41922
FR;1;2022-08-18;543;878;3925;25434;678;3127;25653;0;630;42649849;41518979;26667366;4991658;42575148;28789671;5253920;0;42552
FR;1;2022-08-19;533;1037;4364;26530;736;3597;26837;0;732;42650382;41520016;26671730;5018188;42575884;28793268;5280757;0;43284
FR;1;2022-08-20;232;411;1289;5370;311;1106;5524;0;137;42650614;41520427;26673019;5023558;42576195;28794374;5286281;0;43421
FR;1;2022-08-21;81;110;283;989;75;249;1012;0;27;42650695;41520537;26673302;5024547;42576270;28794623;5287293;0;43448
FR;1;2022-08-22;472;881;3140;14944;652;2710;15221;0;411;42651167;41521418;26676442;5039491;42576922;28797333;5302514;0;43859
FR;1;2022-08-23;636;1057;4150;28311;742;3484;28389;0;830;42651803;41522475;26680592;5067802;42577664;28800817;5330903;0;44689
FR;1;2022-08-24;556;829;3401;19059;649;2770;19244;0;587;42652359;41523304;26683993;5086861;42578313;28803587;5350147;0;45276
FR;1;2022-08-25;561;923;3822;22918;643;3205;23147;0;655;42652920;41524227;26687815;5109779;42578956;28806792;5373294;0;45931
FR;1;2022-08-26;745;1122;4345;25152;796;3561;25528;0;745;42653665;41525349;26692160;5134931;42579752;28810353;5398822;0;46676
FR;1;2022-08-27;217;429;1322;5303;273;1190;5357;0;192;42653882;41525778;26693482;5140234;42580025;28811543;5404179;0;46868
FR;1;2022-08-28;111;145;298;898;104;280;947;0;33;42653993;41525923;26693780;5141132;42580129;28811823;5405126;0;46901
FR;1;2022-08-29;502;854;2976;14248;630;2515;14558;0;409;42654495;41526777;26696756;5155380;42580759;28814338;5419684;0;47310
FR;1;2022-08-30;739;1093;4621;27709;771;3771;28030;0;793;42655234;41527870;26701377;5183089;42581530;28818109;5447714;0;48103
FR;1;2022-08-31;579;824;3107;17229;602;2615;17493;0;483;42655813;41528694;26704484;5200318;42582132;28820724;5465207;0;48586
FR;1;2022-09-01;673;911;4325;21868;639;3684;22130;0;586;42656486;41529605;26708809;5222186;42582771;28824408;5487337;0;49172
FR;1;2022-09-02;769;1043;4878;27861;736;4074;28148;0;882;42657255;41530648;26713687;5250047;42583507;28828482;5515485;0;50054
FR;1;2022-09-03;316;500;1831;5873;339;1592;6102;0;174;42657571;41531148;26715518;5255920;42583846;28830074;5521587;0;50228
FR;1;2022-09-04;106;137;341;842;73;334;912;0;21;42657677;41531285;26715859;5256762;42583919;28830408;5522499;0;50249
FR;1;2022-09-05;572;654;3017;15687;478;2522;15970;0;499;42658249;41531939;26718876;5272449;42584397;28832930;5538469;0;50748
FR;1;2022-09-06;720;927;4562;31053;575;3700;31276;0;1002;42658969;41532866;26723438;5303502;42584972;28836630;5569745;0;51750
FR;1;2022-09-07;538;683;2917;16443;443;2420;16580;0;550;42659507;41533549;26726355;5319945;42585415;28839050;5586325;0;52300
FR;1;2022-09-08;567;783;3693;24202;527;3035;24280;0;796;42660074;41534332;26730048;5344147;42585942;28842085;5610605;0;53096
FR;1;2022-09-09;768;964;4298;26882;603;3584;27065;0;902;42660842;41535296;26734346;5371029;42586545;28845669;5637670;0;53998
FR;1;2022-09-10;327;460;1671;5587;290;1472;5777;0;203;42661169;41535756;26736017;5376616;42586835;28847141;5643447;0;54201
FR;1;2022-09-11;105;118;310;645;80;291;701;0;17;42661274;41535874;26736327;5377261;42586915;28847432;5644148;0;54218
FR;1;2022-09-12;448;577;2607;12940;401;2226;13218;0;462;42661722;41536451;26738934;5390201;42587316;28849658;5657366;0;54680
FR;1;2022-09-13;577;790;3865;25831;498;3377;25707;0;835;42662299;41537241;26742799;5416032;42587814;28853035;5683073;0;55515
FR;1;2022-09-14;569;691;2864;15692;476;2394;15928;0;537;42662868;41537932;26745663;5431724;42588290;28855429;5699001;0;56052
FR;1;2022-09-15;508;705;3330;23071;476;2832;23139;0;676;42663376;41538637;26748993;5454795;42588766;28858261;5722140;0;56728
FR;1;2022-09-16;714;926;4011;25330;610;3379;25532;0;891;42664090;41539563;26753004;5480125;42589376;28861640;5747672;0;57619
FR;1;2022-09-17;294;403;1392;5977;273;1217;6085;0;227;42664384;41539966;26754396;5486102;42589649;28862857;5753757;0;57846
FR;1;2022-09-18;97;121;310;923;97;278;979;0;33;42664481;41540087;26754706;5487025;42589746;28863135;5754736;0;57879
FR;1;2022-09-19;365;563;2131;12844;364;1827;12997;0;414;42664846;41540650;26756837;5499869;42590110;28864962;5767733;0;58293
FR;1;2022-09-20;553;800;3658;25802;546;3057;25841;0;853;42665399;41541450;26760495;5525671;42590656;28868019;5793574;0;59146
FR;1;2022-09-21;469;678;2624;15861;478;2252;15826;0;561;42665868;41542128;26763119;5541532;42591134;28870271;5809400;0;59707
FR;1;2022-09-22;532;745;3284;22945;488;2679;23135;0;742;42666400;41542873;26766403;5564477;42591622;28872950;5832535;0;60449
FR;1;2022-09-23;756;926;4349;28131;657;3629;28299;0;978;42667156;41543799;26770752;5592608;42592279;28876579;5860834;0;61427
FR;1;2022-09-24;352;533;1583;6693;375;1367;6864;0;300;42667508;41544332;26772335;5599301;42592654;28877946;5867698;0;61727
FR;1;2022-09-25;80;150;321;1071;103;293;1109;0;32;42667588;41544482;26772656;5600372;42592757;28878239;5868807;0;61759
FR;1;2022-09-26;382;633;2179;13044;412;1931;13141;0;409;42667970;41545115;26774835;5613416;42593169;28880170;5881948;0;62168
FR;1;2022-09-27;540;756;3458;25016;531;2793;25214;0;906;42668510;41545871;26778293;5638432;42593700;28882963;5907162;0;63074
FR;1;2022-09-28;516;709;2439;14955;496;2206;15046;0;597;42669026;41546580;26780732;5653387;42594196;28885169;5922208;0;63671
FR;1;2022-09-29;503;687;2978;20345;478;2502;20358;0;767;42669529;41547267;26783710;5673732;42594674;28887671;5942566;0;64438
FR;1;2022-09-30;676;964;3772;24415;661;3157;24662;0;966;42670205;41548231;26787482;5698147;42595335;28890828;5967228;0;65404
FR;1;2022-10-01;341;540;1899;5501;375;1655;5729;0;272;42670546;41548771;26789381;5703648;42595710;28892483;5972957;0;65676
FR;1;2022-10-02;52;115;204;567;78;203;588;0;29;42670598;41548886;26789585;5704215;42595788;28892686;5973545;0;65705
FR;1;2022-10-03;414;663;2190;10010;505;1934;10194;0;488;42671012;41549549;26791775;5714225;42596293;28894620;5983739;0;66193
FR;1;2022-10-04;543;693;2919;18916;459;2469;19007;0;1082;42671555;41550242;26794694;5733141;42596752;28897089;6002746;0;67275
FR;1;2022-10-05;428;679;2079;11092;450;1852;11226;0;722;42671983;41550921;26796773;5744233;42597202;28898941;6013972;0;67997
FR;1;2022-10-06;440;604;2491;15772;427;2057;15954;0;1060;42672423;41551525;26799264;5760005;42597629;28900998;6029926;0;69057
FR;1;2022-10-07;545;735;2690;16054;534;2306;16079;0;1160;42672968;41552260;26801954;5776059;42598163;28903304;6046005;0;70217
FR;1;2022-10-08;234;304;886;3167;235;775;3271;0;291;42673202;41552564;26802840;5779226;42598398;28904079;6049276;0;70508
FR;1;2022-10-09;75;87;149;461;77;133;487;0;50;42673277;41552651;26802989;5779687;42598475;28904212;6049763;0;70558
FR;1;2022-10-10;295;436;1312;4987;343;1230;5082;0;462;42673572;41553087;26804301;5784674;42598818;28905442;6054845;0;71020
FR;1;2022-10-11;317;430;1308;8082;318;1189;8182;0;757;42673889;41553517;26805609;5792756;42599136;28906631;6063027;0;71777
FR;1;2022-10-12;321;416;1056;5177;309;1051;5190;0;520;42674210;41553933;26806665;5797933;42599445;28907682;6068217;0;72297
FR;1;2022-10-13;323;382;1065;6064;291;920;6114;0;625;42674533;41554315;26807730;5803997;42599736;28908602;6074331;0;72922
FR;1;2022-10-14;408;527;1169;6706;439;1041;6775;0;675;42674941;41554842;26808899;5810703;42600175;28909643;6081106;0;73597
FR;1;2022-10-15;201;257;516;1859;210;497;1867;0;226;42675142;41555099;26809415;5812562;42600385;28910140;6082973;0;73823
FR;1;2022-10-16;47;58;110;292;40;117;311;0;48;42675189;41555157;26809525;5812854;42600425;28910257;6083284;0;73871
FR;1;2022-10-17;235;318;733;2652;252;688;2696;0;366;42675424;41555475;26810258;5815506;42600677;28910945;6085980;0;74237
FR;1;2022-10-18;262;311;951;4586;246;828;4685;0;865;42675686;41555786;26811209;5820092;42600923;28911773;6090665;0;75102
FR;1;2022-10-19;275;358;687;3176;291;656;3157;0;502;42675961;41556144;26811896;5823268;42601214;28912429;6093822;0;75604
FR;1;2022-10-20;277;311;884;4359;257;772;4397;0;769;42676238;41556455;26812780;5827627;42601471;28913201;6098219;0;76373
FR;1;2022-10-21;300;398;843;3800;353;736;3873;0;674;42676538;41556853;26813623;5831427;42601824;28913937;6102092;0;77047
FR;1;2022-10-22;135;167;306;1243;144;299;1209;0;209;42676673;41557020;26813929;5832670;42601968;28914236;6103301;0;77256
FR;1;2022-10-23;30;37;64;197;35;58;213;0;25;42676703;41557057;26813993;5832867;42602003;28914294;6103514;0;77281
FR;1;2022-10-24;272;230;476;1597;202;472;1653;0;306;42676975;41557287;26814469;5834464;42602205;28914766;6105167;0;77587
FR;1;2022-10-25;213;252;521;2648;220;443;2702;0;488;42677188;41557539;26814990;5837112;42602425;28915209;6107869;0;78075
FR;1;2022-10-26;232;242;390;1953;228;367;1959;0;435;42677420;41557781;26815380;5839065;42602653;28915576;6109828;0;78510
FR;1;2022-10-27;258;219;487;2163;191;495;2146;0;509;42677678;41558000;26815867;5841228;42602844;28916071;6111974;0;79019
FR;1;2022-10-28;306;309;526;2326;291;464;2392;0;473;42677984;41558309;26816393;5843554;42603135;28916535;6114366;0;79492
FR;1;2022-10-29;95;148;175;712;116;209;703;0;201;42678079;41558457;26816568;5844266;42603251;28916744;6115069;0;79693
FR;1;2022-10-30;37;40;60;181;33;53;187;0;38;42678116;41558497;26816628;5844447;42603284;28916797;6115256;0;79731
FR;1;2022-10-31;135;180;293;796;158;270;863;0;144;42678251;41558677;26816921;5845243;42603442;28917067;6116119;0;79875
FR;1;2022-11-01;35;96;744;115;83;739;135;0;18;42678286;41558773;26817665;5845358;42603525;28917806;6116254;0;79893
FR;1;2022-11-02;252;221;517;979;217;486;1040;0;354;42678538;41558994;26818182;5846337;42603742;28918292;6117294;0;80247
FR;1;2022-11-03;264;221;426;1376;208;386;1415;0;369;42678802;41559215;26818608;5847713;42603950;28918678;6118709;0;80616
FR;1;2022-11-04;226;250;419;1597;229;398;1635;0;437;42679028;41559465;26819027;5849310;42604179;28919076;6120344;0;81053
FR;1;2022-11-05;94;118;272;500;107;254;522;0;111;42679122;41559583;26819299;5849810;42604286;28919330;6120866;0;81164
FR;1;2022-11-06;34;41;32;131;40;35;129;0;33;42679156;41559624;26819331;5849941;42604326;28919365;6120995;0;81197
FR;1;2022-11-07;181;200;288;890;189;278;936;0;211;42679337;41559824;26819619;5850831;42604515;28919643;6121931;0;81408
FR;1;2022-11-08;194;230;451;1677;218;398;1702;0;504;42679531;41560054;26820070;5852508;42604733;28920041;6123633;0;81912
FR;1;2022-11-09;180;204;330;1101;192;295;1140;0;456;42679711;41560258;26820400;5853609;42604925;28920336;6124773;0;82368
FR;1;2022-11-10;199;261;426;1677;249;435;1664;0;577;42679910;41560519;26820826;5855286;42605174;28920771;6126437;0;82945
FR;1;2022-11-11;22;32;98;98;31;84;114;0;42;42679932;41560551;26820924;5855384;42605205;28920855;6126551;0;82987
FR;1;2022-11-12;80;110;254;373;97;252;390;0;99;42680012;41560661;26821178;5855757;42605302;28921107;6126941;0;83086
FR;1;2022-11-13;19;23;22;64;20;25;66;0;26;42680031;41560684;26821200;5855821;42605322;28921132;6127007;0;83112
FR;1;2022-11-14;164;170;253;763;158;257;833;0;234;42680195;41560854;26821453;5856584;42605480;28921389;6127840;0;83346
FR;1;2022-11-15;196;222;371;1288;220;347;1328;0;432;42680391;41561076;26821824;5857872;42605700;28921736;6129168;0;83778
FR;1;2022-11-16;180;212;323;976;207;336;1011;0;357;42680571;41561288;26822147;5858848;42605907;28922072;6130179;0;84135
FR;1;2022-11-17;163;177;281;1200;171;257;1205;0;387;42680734;41561465;26822428;5860048;42606078;28922329;6131384;0;84522
FR;1;2022-11-18;223;246;385;1313;240;374;1346;0;412;42680957;41561711;26822813;5861361;42606318;28922703;6132730;0;84934
FR;1;2022-11-19;117;100;242;426;98;207;459;0;99;42681074;41561811;26823055;5861787;42606416;28922910;6133189;0;85033
FR;1;2022-11-20;19;31;25;66;26;27;74;0;28;42681093;41561842;26823080;5861853;42606442;28922937;6133263;0;85061
FR;1;2022-11-21;173;163;262;636;138;279;670;0;211;42681266;41562005;26823342;5862489;42606580;28923216;6133933;0;85272
FR;1;2022-11-22;151;141;396;1111;124;379;1137;0;369;42681417;41562146;26823738;5863600;42606704;28923595;6135070;0;85641
FR;1;2022-11-23;171;162;233;757;143;234;779;0;241;42681588;41562308;26823971;5864357;42606847;28923829;6135849;0;85882
FR;1;2022-11-24;129;158;276;1174;140;275;1177;0;424;42681717;41562466;26824247;5865531;42606987;28924104;6137026;0;86306
FR;1;2022-11-25;192;222;414;1152;209;402;1182;0;391;42681909;41562688;26824661;5866683;42607196;28924506;6138208;0;86697
FR;1;2022-11-26;87;103;108;312;92;119;299;0;114;42681996;41562791;26824769;5866995;42607288;28924625;6138507;0;86811
FR;1;2022-11-27;14;27;15;71;14;27;77;0;49;42682010;41562818;26824784;5867066;42607302;28924652;6138584;0;86860
FR;1;2022-11-28;196;132;199;605;141;189;643;0;274;42682206;41562950;26824983;5867671;42607443;28924841;6139227;0;87134
FR;1;2022-11-29;166;132;253;1075;116;238;1085;0;454;42682372;41563082;26825236;5868746;42607559;28925079;6140312;0;87588
FR;1;2022-11-30;152;182;221;926;168;224;947;0;316;42682524;41563264;26825457;5869672;42607727;28925303;6141259;0;87904
FR;1;2022-12-01;127;116;495;1053;109;456;1095;0;359;42682651;41563380;26825952;5870725;42607836;28925759;6142354;0;88263
FR;1;2022-12-02;188;177;395;1167;172;396;1208;0;460;42682839;41563557;26826347;5871892;42608008;28926155;6143562;0;88723
FR;1;2022-12-03;99;101;169;517;90;151;513;0;174;42682938;41563658;26826516;5872409;42608098;28926306;6144075;0;88897
FR;1;2022-12-04;23;23;19;136;20;20;127;0;58;42682961;41563681;26826535;5872545;42608118;28926326;6144202;0;88955
FR;1;2022-12-05;127;110;230;853;105;229;879;0;298;42683088;41563791;26826765;5873398;42608223;28926555;6145081;0;89253
FR;1;2022-12-06;139;134;226;1424;120;231;1432;0;706;42683227;41563925;26826991;5874822;42608343;28926786;6146513;0;89959
FR;1;2022-12-07;143;136;199;1165;145;180;1180;0;555;42683370;41564061;26827190;5875987;42608488;28926966;6147693;0;90514
FR;1;2022-12-08;121;128;257;1693;117;217;1734;0;752;42683491;41564189;26827447;5877680;42608605;28927183;6149427;0;91266
FR;1;2022-12-09;192;181;274;1781;157;281;1800;0;711;42683683;41564370;26827721;5879461;42608762;28927464;6151227;0;91977
FR;1;2022-12-10;108;86;116;833;77;100;847;0;289;42683791;41564456;26827837;5880294;42608839;28927564;6152074;0;92266
FR;1;2022-12-11;31;24;28;212;21;25;198;0;59;42683822;41564480;26827865;5880506;42608860;28927589;6152272;0;92325
FR;1;2022-12-12;114;78;191;1073;78;179;1081;0;444;42683936;41564558;26828056;5881579;42608938;28927768;6153353;0;92769
FR;1;2022-12-13;111;108;203;1254;85;185;1258;0;605;42684047;41564666;26828259;5882833;42609023;28927953;6154611;0;93374
FR;1;2022-12-14;99;118;167;824;116;145;844;0;362;42684146;41564784;26828426;5883657;42609139;28928098;6155455;0;93736
FR;1;2022-12-15;122;112;197;1344;101;173;1359;0;654;42684268;41564896;26828623;5885001;42609240;28928271;6156814;0;94390
FR;1;2022-12-16;187;169;189;1237;173;181;1249;0;592;42684455;41565065;26828812;5886238;42609413;28928452;6158063;0;94982
FR;1;2022-12-17;86;73;85;435;66;81;437;0;198;42684541;41565138;26828897;5886673;42609479;28928533;6158500;0;95180
FR;1;2022-12-18;15;17;12;95;13;14;92;0;37;42684556;41565155;26828909;5886768;42609492;28928547;6158592;0;95217
FR;1;2022-12-19;142;114;169;745;120;144;778;0;333;42684698;41565269;26829078;5887513;42609612;28928691;6159370;0;95550
FR;1;2022-12-20;124;114;146;824;106;139;833;0;386;42684822;41565383;26829224;5888337;42609718;28928830;6160203;0;95936
FR;2;2020-12-27;0;0;0;0;0;0;0;0;0;0;0;0;0;0;0;0;0;0
FR;2;2020-12-28;0;0;0;0;0;0;0;0;0;0;0;0;0;0;0;0;0;0
FR;2;2020-12-29;0;0;0;0;0;0;0;0;0;0;0;0;0;0;0;0;0;0
FR;2;2020-12-30;0;0;0;0;0;0;0;0;0;0;0;0;0;0;0;0;0;0
FR;2;2020-12-31;0;0;0;0;0;0;0;0;0;0;0;0;0;0;0;0;0;0
FR;2;2021-01-01;0;0;0;0;0;0;0;0;0;0;0;0;0;0;0;0;0;0
FR;2;2021-01-02;0;0;0;0;0;0;0;0;0;0;0;0;0;0;0;0;0;0
FR;2;2021-01-03;0;0;0;0;0;0;0;0;0;0;0;0;0;0;0;0;0;0
FR;2;2021-01-04;0;0;0;0;0;0;0;0;0;0;0;0;0;0;0;0;0;0
FR;2;2021-01-05;0;0;0;0;0;0;0;0;0;0;0;0;0;0;0;0;0;0
FR;2;2021-01-06;0;0;0;0;0;0;0;0;0;0;0;0;0;0;0;0;0;0
FR;2;2021-01-07;0;0;0;0;0;0;0;0;0;0;0;0;0;0;0;0;0;0
FR;2;2021-01-08;0;0;0;0;0;0;0;0;0;0;0;0;0;0;0;0;0;0
FR;2;2021-01-09;0;0;0;0;0;0;0;0;0;0;0;0;0;0;0;0;0;0
FR;2;2021-01-10;0;0;0;0;0;0;0;0;0;0;0;0;0;0;0;0;0;0
FR;2;2021-01-11;0;0;0;0;0;0;0;0;0;0;0;0;0;0;0;0;0;0
FR;2;2021-01-12;0;0;0;0;0;0;0;0;0;0;0;0;0;0;0;0;0;0
FR;2;2021-01-13;0;0;0;0;0;0;0;0;0;0;0;0;0;0;0;0;0;0
FR;2;2021-01-14;1646;0;0;0;213;0;0;0;0;1646;0;0;0;213;0;0;0;0
FR;2;2021-01-15;398;0;0;0;28;0;0;0;0;2044;0;0;0;241;0;0;0;0
FR;2;2021-01-16;316;0;0;0;12;0;0;0;0;2360;0;0;0;253;0;0;0;0
FR;2;2021-01-17;84;0;0;0;7;0;0;0;0;2444;0;0;0;260;0;0;0;0
FR;2;2021-01-18;3075;2;0;0;27;0;0;0;0;5519;2;0;0;287;0;0;0;0
FR;2;2021-01-19;4681;2;0;0;31;0;0;0;0;10200;4;0;0;318;0;0;0;0
FR;2;2021-01-20;5137;6;0;0;58;0;0;0;0;15337;10;0;0;376;0;0;0;0
FR;2;2021-01-21;5345;9;0;0;56;0;0;0;0;20682;19;0;0;432;0;0;0;0
FR;2;2021-01-22;5118;17;0;0;69;0;0;0;0;25800;36;0;0;501;0;0;0;0
FR;2;2021-01-23;1874;2;0;0;16;0;0;0;0;27674;38;0;0;517;0;0;0;0
FR;2;2021-01-24;163;2;0;0;8;0;0;0;0;27837;40;0;0;525;0;0;0;0
FR;2;2021-01-25;3814;3;0;0;36;0;0;0;0;31651;43;0;0;561;0;0;0;0
FR;2;2021-01-26;3926;6;0;0;42;0;0;0;0;35577;49;0;0;603;0;0;0;0
FR;2;2021-01-27;3605;4;0;0;36;0;0;0;0;39182;53;0;0;639;0;0;0;0
FR;2;2021-01-28;3755;9;0;0;44;0;0;0;0;42937;62;0;0;683;0;0;0;0
FR;2;2021-01-29;3299;5;0;0;41;0;0;0;0;46236;67;0;0;724;0;0;0;0
FR;2;2021-01-30;1133;3;0;0;16;0;0;0;0;47369;70;0;0;740;0;0;0;0
FR;2;2021-01-31;46;2;0;0;9;0;0;0;0;47415;72;0;0;749;0;0;0;0
FR;2;2021-02-01;3406;13;0;0;44;0;0;0;0;50821;85;0;0;793;0;0;0;0
FR;2;2021-02-02;4496;19;0;0;53;0;0;0;0;55317;104;0;0;846;0;0;0;0
FR;2;2021-02-03;5222;11;0;0;82;0;0;0;0;60539;115;0;0;928;0;0;0;0
FR;2;2021-02-04;4941;11;0;0;36;0;0;0;0;65480;126;0;0;964;0;0;0;0
FR;2;2021-02-05;4817;16;0;0;49;0;0;0;0;70297;142;0;0;1013;0;0;0;0
FR;2;2021-02-06;2044;15;0;0;41;0;0;0;0;72341;157;0;0;1054;0;0;0;0
FR;2;2021-02-07;103;4;0;0;18;0;0;0;0;72444;161;0;0;1072;0;0;0;0
FR;2;2021-02-08;7558;26;0;0;85;0;0;0;0;80002;187;0;0;1157;0;0;0;0
FR;2;2021-02-09;8433;30;0;0;98;0;0;0;0;88435;217;0;0;1255;0;0;0;0
FR;2;2021-02-10;9348;62;0;0;182;0;0;0;0;97783;279;0;0;1437;0;0;0;0
FR;2;2021-02-11;10291;128;0;0;252;0;0;0;0;108074;407;0;0;1689;0;0;0;0
FR;2;2021-02-12;10060;273;0;0;427;0;0;0;0;118134;680;0;0;2116;0;0;0;0
FR;2;2021-02-13;3120;226;0;0;264;0;0;0;0;121254;906;0;0;2380;0;0;0;0
FR;2;2021-02-14;358;11;0;0;21;0;0;0;0;121612;917;0;0;2401;0;0;0;0
FR;2;2021-02-15;3460;3122;0;0;3168;0;0;0;0;125072;4039;0;0;5569;0;0;0;0
FR;2;2021-02-16;5075;4151;0;0;4224;0;0;0;0;130147;8190;0;0;9793;0;0;0;0
FR;2;2021-02-17;4259;4550;0;0;4626;0;0;0;0;134406;12740;0;0;14419;0;0;0;0
FR;2;2021-02-18;5406;5177;0;0;5246;0;0;0;0;139812;17917;0;0;19665;0;0;0;0
FR;2;2021-02-19;5328;4483;0;0;4585;0;0;0;0;145140;22400;0;0;24250;0;0;0;0
FR;2;2021-02-20;1872;1520;0;0;1535;0;0;0;0;147012;23920;0;0;25785;0;0;0;0
FR;2;2021-02-21;244;96;0;0;98;0;0;0;0;147256;24016;0;0;25883;0;0;0;0
FR;2;2021-02-22;3613;3778;0;0;3838;0;0;0;0;150869;27794;0;0;29721;0;0;0;0
FR;2;2021-02-23;4956;3728;0;0;3789;0;0;0;0;155825;31522;0;0;33510;0;0;0;0
FR;2;2021-02-24;5017;3551;0;0;3603;0;0;0;0;160842;35073;0;0;37113;0;0;0;0
FR;2;2021-02-25;5499;3489;0;0;3577;0;0;0;0;166341;38562;0;0;40690;0;0;0;0
FR;2;2021-02-26;4367;3176;0;0;3245;0;0;0;0;170708;41738;0;0;43935;0;0;0;0
FR;2;2021-02-27;1629;1067;0;0;1086;0;0;0;0;172337;42805;0;0;45021;0;0;0;0
FR;2;2021-02-28;179;17;0;0;28;0;0;0;0;172516;42822;0;0;45049;0;0;0;0
FR;2;2021-03-01;5192;3758;0;0;3846;0;0;0;0;177708;46580;0;0;48895;0;0;0;0
FR;2;2021-03-02;6540;4725;0;0;4824;0;0;0;0;184248;51305;0;0;53719;0;0;0;0
FR;2;2021-03-03;6544;4953;0;0;5092;0;0;0;0;190792;56258;0;0;58811;0;0;0;0
FR;2;2021-03-04;8409;4201;0;0;4385;0;0;0;0;199201;60459;0;0;63196;0;0;0;0
FR;2;2021-03-05;8037;4052;0;0;4232;0;0;0;0;207238;64511;0;0;67428;0;0;0;0
FR;2;2021-03-06;4790;1683;0;0;1783;0;0;0;0;212028;66194;0;0;69211;0;0;0;0
FR;2;2021-03-07;2373;32;0;0;76;0;0;0;0;214401;66226;0;0;69287;0;0;0;0
FR;2;2021-03-08;4166;8389;0;0;8545;0;0;0;0;218567;74615;0;0;77832;0;0;0;0
FR;2;2021-03-09;7493;8596;1;0;8852;0;0;0;0;226060;83211;1;0;86684;0;0;0;0
FR;2;2021-03-10;7107;9234;0;0;9459;0;0;0;0;233167;92445;1;0;96143;0;0;0;0
FR;2;2021-03-11;9378;9351;1;0;9669;0;0;0;0;242545;101796;2;0;105812;0;0;0;0
FR;2;2021-03-12;7984;8358;0;0;8659;0;0;0;0;250529;110154;2;0;114471;0;0;0;0
FR;2;2021-03-13;10056;2589;0;0;2910;0;0;0;0;260585;112743;2;0;117381;0;0;0;0
FR;2;2021-03-14;4841;384;0;0;543;0;0;0;0;265426;113127;2;0;117924;0;0;0;0
FR;2;2021-03-15;10916;3475;0;0;3764;0;0;0;0;276342;116602;2;0;121688;0;0;0;0
FR;2;2021-03-16;16769;4702;1;0;5249;0;0;0;0;293111;121304;3;0;126937;0;0;0;0
FR;2;2021-03-17;20241;4002;0;0;4676;0;0;0;0;313352;125306;3;0;131613;0;0;0;0
FR;2;2021-03-18;23370;5120;0;0;5946;0;0;0;0;336722;130426;3;0;137559;0;0;0;0
FR;2;2021-03-19;23315;4671;0;0;5430;0;0;0;0;360037;135097;3;0;142989;0;0;0;0
FR;2;2021-03-20;25451;1579;0;0;2335;0;0;0;0;385488;136676;3;0;145324;0;0;0;0
FR;2;2021-03-21;17672;152;0;0;730;0;0;0;0;403160;136828;3;0;146054;0;0;0;0
FR;2;2021-03-22;17789;3257;0;0;3926;0;0;0;0;420949;140085;3;0;149980;0;0;0;0
FR;2;2021-03-23;22702;4275;0;0;5126;0;0;0;0;443651;144360;3;0;155106;0;0;0;0
FR;2;2021-03-24;23961;5073;0;0;5909;0;0;0;0;467612;149433;3;0;161015;0;0;0;0
FR;2;2021-03-25;26758;5246;1;0;6442;0;0;0;0;494370;154679;4;0;167457;0;0;0;0
FR;2;2021-03-26;26990;4225;0;0;5371;0;0;0;0;521360;158904;4;0;172828;0;0;0;0
FR;2;2021-03-27;15923;1362;0;0;1891;0;0;0;0;537283;160266;4;0;174719;0;0;0;0
FR;2;2021-03-28;10562;130;0;0;422;0;0;0;0;547845;160396;4;0;175141;0;0;0;0
FR;2;2021-03-29;18998;4347;0;0;5048;0;0;0;0;566843;164743;4;0;180189;0;0;0;0
FR;2;2021-03-30;24594;6103;0;0;7042;0;0;0;0;591437;170846;4;0;187231;0;0;0;0
FR;2;2021-03-31;28561;5930;0;0;7221;0;0;0;0;619998;176776;4;0;194452;0;0;0;0
FR;2;2021-04-01;34558;8573;1;0;10266;0;0;0;0;654556;185349;5;0;204718;0;0;0;0
FR;2;2021-04-02;29990;7724;0;0;9151;0;0;0;0;684546;193073;5;0;213869;0;0;0;0
FR;2;2021-04-03;16957;4232;0;0;4914;0;0;0;0;701503;197305;5;0;218783;0;0;0;0
FR;2;2021-04-04;9309;1267;2;0;1675;0;0;0;0;710812;198572;7;0;220458;0;0;0;0
FR;2;2021-04-05;12445;796;0;0;1380;0;0;0;0;723257;199368;7;0;221838;0;0;0;0
FR;2;2021-04-06;27158;7330;0;0;8719;0;0;0;0;750415;206698;7;0;230557;0;0;0;0
FR;2;2021-04-07;30930;7074;1;0;8651;0;0;0;0;781345;213772;8;0;239208;0;0;0;0
FR;2;2021-04-08;36894;8592;1;0;10516;0;0;0;0;818239;222364;9;0;249724;0;0;0;0
FR;2;2021-04-09;33850;8388;28;0;10171;0;0;0;0;852089;230752;37;0;259895;0;0;0;0
FR;2;2021-04-10;19689;9258;1;0;10171;0;0;0;0;871778;240010;38;0;270066;0;0;0;0
FR;2;2021-04-11;7942;4238;1;0;4601;0;0;0;0;879720;244248;39;0;274667;0;0;0;0
FR;2;2021-04-12;17128;11027;0;0;11866;0;0;0;0;896848;255275;39;0;286533;0;0;0;0
FR;2;2021-04-13;19460;16043;1;0;17108;0;0;0;0;916308;271318;40;0;303641;0;0;0;0
FR;2;2021-04-14;18070;16437;7;0;17531;0;0;0;0;934378;287755;47;0;321172;0;0;0;0
FR;2;2021-04-15;22204;21802;27;0;23253;0;0;0;0;956582;309557;74;0;344425;0;0;0;0
FR;2;2021-04-16;20719;20593;45;0;21862;0;0;0;0;977301;330150;119;0;366287;0;0;0;0
FR;2;2021-04-17;13258;22488;5;0;23219;0;0;0;0;990559;352638;124;0;389506;0;0;0;0
FR;2;2021-04-18;5911;14398;6;0;14737;0;0;0;0;996470;367036;130;0;404243;0;0;0;0
FR;2;2021-04-19;16849;16385;24;0;17189;0;0;0;0;1013319;383421;154;0;421432;0;0;0;0
FR;2;2021-04-20;19324;21775;38;0;22835;0;0;0;0;1032643;405196;192;0;444267;0;0;0;0
FR;2;2021-04-21;20292;21854;76;0;23006;0;0;0;0;1052935;427050;268;0;467273;0;0;0;0
FR;2;2021-04-22;23822;24940;41;0;26349;0;0;0;0;1076757;451990;309;0;493622;0;0;0;0
FR;2;2021-04-23;24531;25484;76;0;26994;0;0;0;0;1101288;477474;385;0;520616;0;0;0;0
FR;2;2021-04-24;25305;15065;104;0;16503;0;0;0;0;1126593;492539;489;0;537119;0;0;0;0
FR;2;2021-04-25;9596;8618;5;0;9179;0;0;0;0;1136189;501157;494;0;546298;0;0;0;0
FR;2;2021-04-26;17165;17606;21;0;18491;0;0;0;0;1153354;518763;515;0;564789;0;0;0;0
FR;2;2021-04-27;19246;24119;40;0;25302;0;0;0;0;1172600;542882;555;0;590091;0;0;0;0
FR;2;2021-04-28;22341;26432;112;0;27832;0;0;0;0;1194941;569314;667;0;617923;0;0;0;0
FR;2;2021-04-29;25472;30450;70;0;32139;0;0;0;0;1220413;599764;737;0;650062;0;0;0;0
FR;2;2021-04-30;25538;27942;49;1;29588;0;0;0;0;1245951;627706;786;1;679650;0;0;0;0
FR;2;2021-05-01;14988;9847;6;0;10649;0;0;0;0;1260939;637553;792;1;690299;0;0;0;0
FR;2;2021-05-02;6640;9165;2;0;9509;0;0;0;0;1267579;646718;794;1;699808;0;0;0;0
FR;2;2021-05-03;20023;19143;40;0;20346;0;0;0;0;1287602;665861;834;1;720154;0;0;0;0
FR;2;2021-05-04;18286;29177;33;0;30320;0;0;0;0;1305888;695038;867;1;750474;0;0;0;0
FR;2;2021-05-05;18385;29491;48;0;30787;0;0;0;0;1324273;724529;915;1;781261;0;0;0;0
FR;2;2021-05-06;23549;35399;132;0;36971;0;0;0;0;1347822;759928;1047;1;818232;0;0;0;0
FR;2;2021-05-07;25339;33236;97;0;35092;0;0;0;0;1373161;793164;1144;1;853324;0;0;0;0
FR;2;2021-05-08;21342;10577;15;0;11666;0;0;0;0;1394503;803741;1159;1;864990;0;0;0;0
FR;2;2021-05-09;13168;7657;7;0;8332;0;0;0;0;1407671;811398;1166;1;873322;0;0;0;0
FR;2;2021-05-10;32944;21746;50;0;23604;0;0;0;0;1440615;833144;1216;1;896926;0;0;0;0
FR;2;2021-05-11;43612;20921;101;0;23547;0;0;0;0;1484227;854065;1317;1;920473;0;0;0;0
FR;2;2021-05-12;50063;19646;143;0;22525;0;0;0;0;1534290;873711;1460;1;942998;0;0;0;0
FR;2;2021-05-13;51298;5613;31;0;8482;0;0;0;0;1585588;879324;1491;1;951480;0;0;0;0
FR;2;2021-05-14;61356;12887;132;0;16540;0;0;0;0;1646944;892211;1623;1;968020;0;0;0;0
FR;2;2021-05-15;65936;7103;39;0;10653;0;0;0;0;1712880;899314;1662;1;978673;0;0;0;0
FR;2;2021-05-16;43588;2572;10;0;4942;0;0;0;0;1756468;901886;1672;1;983615;0;0;0;0
FR;2;2021-05-17;44754;12460;114;0;15365;0;0;0;0;1801222;914346;1786;1;998980;0;0;0;0
FR;2;2021-05-18;54646;12274;190;0;15955;0;0;0;0;1855868;926620;1976;1;1014935;0;0;0;0
FR;2;2021-05-19;57177;10471;281;0;14513;0;0;0;0;1913045;937091;2257;1;1029448;0;0;0;0
FR;2;2021-05-20;63445;10801;288;0;14900;0;0;0;0;1976490;947892;2545;1;1044348;0;0;0;0
FR;2;2021-05-21;64302;11611;230;0;16034;0;0;0;0;2040792;959503;2775;1;1060382;0;0;0;0
FR;2;2021-05-22;61488;4529;65;0;8500;0;0;0;0;2102280;964032;2840;1;1068882;0;0;0;0
FR;2;2021-05-23;37534;576;22;0;2913;0;0;0;0;2139814;964608;2862;1;1071795;0;0;0;0
FR;2;2021-05-24;17245;2048;35;0;3255;0;0;0;0;2157059;966656;2897;1;1075050;0;0;0;0
FR;2;2021-05-25;21118;12246;240;0;13848;0;0;0;0;2178177;978902;3137;1;1088898;0;0;0;0
FR;2;2021-05-26;19942;11531;230;0;13055;0;0;0;0;2198119;990433;3367;1;1101953;0;0;0;0
FR;2;2021-05-27;23000;12645;182;0;14382;0;0;0;0;2221119;1003078;3549;1;1116335;0;0;0;0
FR;2;2021-05-28;29394;15035;190;0;17217;0;0;0;0;2250513;1018113;3739;1;1133552;0;0;0;0
FR;2;2021-05-29;30422;8192;58;0;10100;0;0;0;0;2280935;1026305;3797;1;1143652;0;0;0;0
FR;2;2021-05-30;4647;1820;6;0;2155;0;0;0;0;2285582;1028125;3803;1;1145807;0;0;0;0
FR;2;2021-05-31;28590;18748;184;0;20828;0;0;0;0;2314172;1046873;3987;1;1166635;0;0;0;0
FR;2;2021-06-01;45737;19899;225;0;23138;0;0;0;0;2359909;1066772;4212;1;1189773;0;0;0;0
FR;2;2021-06-02;37477;19299;182;0;22304;0;0;0;0;2397386;1086071;4394;1;1212077;0;0;0;0
FR;2;2021-06-03;51282;23118;161;0;26971;0;0;0;0;2448668;1109189;4555;1;1239048;0;0;0;0
FR;2;2021-06-04;65515;24093;217;0;29062;0;0;0;0;2514183;1133282;4772;1;1268110;0;0;0;0
FR;2;2021-06-05;34603;24094;52;0;26949;0;0;0;0;2548786;1157376;4824;1;1295059;0;0;0;0
FR;2;2021-06-06;4956;6195;10;0;6613;0;0;0;0;2553742;1163571;4834;1;1301672;0;0;0;0
FR;2;2021-06-07;28177;23011;150;0;25425;0;0;0;0;2581919;1186582;4984;1;1327097;0;0;0;0
FR;2;2021-06-08;46377;22928;143;0;26890;0;0;0;0;2628296;1209510;5127;1;1353987;0;0;0;0
FR;2;2021-06-09;34295;20973;107;0;24106;0;0;0;0;2662591;1230483;5234;1;1378093;0;0;0;0
FR;2;2021-06-10;42643;19083;96;1;23005;0;0;0;0;2705234;1249566;5330;2;1401098;0;0;0;0
FR;2;2021-06-11;55301;25147;134;0;30246;0;0;0;0;2760535;1274713;5464;2;1431344;0;0;0;0
FR;2;2021-06-12;30563;19794;53;0;22648;0;0;0;0;2791098;1294507;5517;2;1453992;0;0;0;0
FR;2;2021-06-13;3331;9192;13;0;9580;0;0;0;0;2794429;1303699;5530;2;1463572;0;0;0;0
FR;2;2021-06-14;25304;24110;92;0;26692;0;0;0;0;2819733;1327809;5622;2;1490264;0;0;0;0
FR;2;2021-06-15;39047;22826;154;0;26576;0;0;0;0;2858780;1350635;5776;2;1516840;0;0;0;0
FR;2;2021-06-16;30165;21370;135;0;24525;0;0;0;0;2888945;1372005;5911;2;1541365;0;0;0;0
FR;2;2021-06-17;36912;25766;150;0;29629;0;0;0;0;2925857;1397771;6061;2;1570994;0;0;0;0
FR;2;2021-06-18;46860;28883;123;0;33584;0;0;0;0;2972717;1426654;6184;2;1604578;0;0;0;0
FR;2;2021-06-19;24526;24925;39;0;27697;0;0;0;0;2997243;1451579;6223;2;1632275;0;0;0;0
FR;2;2021-06-20;3745;10059;9;0;10558;0;0;0;0;3000988;1461638;6232;2;1642833;0;0;0;0
FR;2;2021-06-21;17536;42850;88;0;44859;0;0;0;0;3018524;1504488;6320;2;1687692;0;0;0;0
FR;2;2021-06-22;28361;49603;110;0;53031;0;0;0;0;3046885;1554091;6430;2;1740723;0;0;0;0
FR;2;2021-06-23;21791;49604;107;1;52451;1;0;0;0;3068676;1603695;6537;3;1793174;1;0;0;0
FR;2;2021-06-24;28378;50298;134;0;54034;0;0;0;0;3097054;1653993;6671;3;1847208;1;0;0;0
FR;2;2021-06-25;33401;60451;128;0;64838;0;0;0;0;3130455;1714444;6799;3;1912046;1;0;0;0
FR;2;2021-06-26;16395;59324;54;1;61714;0;0;0;0;3146850;1773768;6853;4;1973760;1;0;0;0
FR;2;2021-06-27;2566;29316;22;1;29896;0;0;0;0;3149416;1803084;6875;5;2003656;1;0;0;0
FR;2;2021-06-28;12640;54330;84;0;56304;0;0;0;0;3162056;1857414;6959;5;2059960;1;0;0;0
FR;2;2021-06-29;19857;59976;178;0;62921;0;0;0;0;3181913;1917390;7137;5;2122881;1;0;0;0
FR;2;2021-06-30;16332;58021;253;17;60709;0;0;0;0;3198245;1975411;7390;22;2183590;1;0;0;0
FR;2;2021-07-01;20493;59865;228;0;63193;0;0;0;0;3218738;2035276;7618;22;2246783;1;0;0;0
FR;2;2021-07-02;24080;62155;184;0;66371;0;0;0;0;3242818;2097431;7802;22;2313154;1;0;0;0
FR;2;2021-07-03;12120;57132;153;0;59468;0;0;0;0;3254938;2154563;7955;22;2372622;1;0;0;0
FR;2;2021-07-04;1960;23306;18;0;23873;0;0;0;0;3256898;2177869;7973;22;2396495;1;0;0;0
FR;2;2021-07-05;9178;29285;106;0;30921;0;0;0;0;3266076;2207154;8079;22;2427416;1;0;0;0
FR;2;2021-07-06;14583;36260;135;0;38941;0;0;0;0;3280659;2243414;8214;22;2466357;1;0;0;0
FR;2;2021-07-07;14416;33662;139;0;36418;0;0;0;0;3295075;2277076;8353;22;2502775;1;0;0;0
FR;2;2021-07-08;19722;40313;162;0;43974;0;0;0;0;3314797;2317389;8515;22;2546749;1;0;0;0
FR;2;2021-07-09;27104;54318;202;1;59471;0;0;0;0;3341901;2371707;8717;23;2606220;1;0;0;0
FR;2;2021-07-10;13387;33702;107;0;36392;0;0;0;0;3355288;2405409;8824;23;2642612;1;0;0;0
FR;2;2021-07-11;1810;4346;16;0;4775;0;0;0;0;3357098;2409755;8840;23;2647387;1;0;0;0
FR;2;2021-07-12;12971;37278;119;0;39935;0;0;0;0;3370069;2447033;8959;23;2687322;1;0;0;0
FR;2;2021-07-13;37116;53166;152;0;60305;0;0;0;0;3407185;2500199;9111;23;2747627;1;0;0;0
FR;2;2021-07-14;6627;3539;15;0;4887;0;0;0;0;3413812;2503738;9126;23;2752514;1;0;0;0
FR;2;2021-07-15;47244;47013;156;0;55214;0;0;0;0;3461056;2550751;9282;23;2807728;1;0;0;0
FR;2;2021-07-16;64317;55767;188;0;66748;0;0;0;0;3525373;2606518;9470;23;2874476;1;0;0;0
FR;2;2021-07-17;31600;23914;96;0;29369;0;0;0;0;3556973;2630432;9566;23;2903845;1;0;0;0
FR;2;2021-07-18;6090;4812;19;0;5960;0;0;0;0;3563063;2635244;9585;23;2909805;1;0;0;0
FR;2;2021-07-19;33004;28618;94;0;34234;0;0;0;0;3596067;2663862;9679;23;2944039;1;0;0;0
FR;2;2021-07-20;51997;44516;155;0;53155;0;0;0;0;3648064;2708378;9834;23;2997194;1;0;0;0
FR;2;2021-07-21;45256;34654;93;0;42163;0;0;0;0;3693320;2743032;9927;23;3039357;1;0;0;0
FR;2;2021-07-22;56279;41084;128;1;50372;0;0;0;0;3749599;2784116;10055;24;3089729;1;0;0;0
FR;2;2021-07-23;68301;48976;170;0;60268;0;0;0;0;3817900;2833092;10225;24;3149997;1;0;0;0
FR;2;2021-07-24;36180;21612;82;0;27474;0;0;0;0;3854080;2854704;10307;24;3177471;1;0;0;0
FR;2;2021-07-25;6751;2612;10;0;3871;0;0;0;0;3860831;2857316;10317;24;3181342;1;0;0;0
FR;2;2021-07-26;36319;22351;91;1;27858;0;0;0;0;3897150;2879667;10408;25;3209200;1;0;0;0
FR;2;2021-07-27;62390;34566;180;0;43712;0;0;0;0;3959540;2914233;10588;25;3252912;1;0;0;0
FR;2;2021-07-28;55323;26426;132;0;34523;0;0;0;0;4014863;2940659;10720;25;3287435;1;0;0;0
FR;2;2021-07-29;68479;32789;189;0;42476;0;0;0;0;4083342;2973448;10909;25;3329911;1;0;0;0
FR;2;2021-07-30;74465;37812;222;1;48609;0;0;0;0;4157807;3011260;11131;26;3378520;1;0;0;0
FR;2;2021-07-31;34773;16203;105;0;21403;0;0;0;0;4192580;3027463;11236;26;3399923;1;0;0;0
FR;2;2021-08-01;5414;2258;19;0;3121;0;0;0;0;4197994;3029721;11255;26;3403044;1;0;0;0
FR;2;2021-08-02;35888;16163;101;0;21063;0;0;0;0;4233882;3045884;11356;26;3424107;1;0;0;0
FR;2;2021-08-03;55986;28266;142;0;35474;0;0;0;0;4289868;3074150;11498;26;3459581;1;0;0;0
FR;2;2021-08-04;46637;20830;128;1;26945;0;0;0;0;4336505;3094980;11626;27;3486526;1;0;0;0
FR;2;2021-08-05;54637;31555;215;0;38745;0;0;0;0;4391142;3126535;11841;27;3525271;1;0;0;0
FR;2;2021-08-06;58097;42391;242;1;50231;0;0;0;0;4449239;3168926;12083;28;3575502;1;0;0;0
FR;2;2021-08-07;25150;17625;89;0;21320;0;0;0;0;4474389;3186551;12172;28;3596822;1;0;0;0
FR;2;2021-08-08;3838;3648;21;0;4306;0;0;0;0;4478227;3190199;12193;28;3601128;1;0;0;0
FR;2;2021-08-09;29308;21044;92;0;24871;0;0;0;0;4507535;3211243;12285;28;3625999;1;0;0;0
FR;2;2021-08-10;45010;33468;155;0;39237;0;0;0;0;4552545;3244711;12440;28;3665236;1;0;0;0
FR;2;2021-08-11;35274;25145;151;0;29751;0;0;0;0;4587819;3269856;12591;28;3694987;1;0;0;0
FR;2;2021-08-12;41904;35691;163;0;41234;0;0;0;0;4629723;3305547;12754;28;3736221;1;0;0;0
FR;2;2021-08-13;42606;37297;218;0;42990;0;0;0;0;4672329;3342844;12972;28;3779211;1;0;0;0
FR;2;2021-08-14;18524;22152;94;0;24789;0;0;0;0;4690853;3364996;13066;28;3804000;1;0;0;0
FR;2;2021-08-15;3860;3799;17;0;4387;0;0;0;0;4694713;3368795;13083;28;3808387;1;0;0;0
FR;2;2021-08-16;25093;27123;111;0;30450;0;0;0;0;4719806;3395918;13194;28;3838837;1;0;0;0
FR;2;2021-08-17;38264;43412;207;2;48404;0;0;0;0;4758070;3439330;13401;30;3887241;1;0;0;0
FR;2;2021-08-18;32254;36352;195;1;40704;1;0;0;0;4790324;3475682;13596;31;3927945;2;0;0;0
FR;2;2021-08-19;37434;46580;224;0;51789;0;0;0;0;4827758;3522262;13820;31;3979734;2;0;0;0
FR;2;2021-08-20;40568;55639;271;1;61576;0;0;0;0;4868326;3577901;14091;32;4041310;2;0;0;0
FR;2;2021-08-21;18121;24310;116;0;27102;0;0;0;0;4886447;3602211;14207;32;4068412;2;0;0;0
FR;2;2021-08-22;2907;4326;22;1;4859;1;0;0;0;4889354;3606537;14229;33;4073271;3;0;0;0
FR;2;2021-08-23;19248;35152;131;1;38049;0;0;0;0;4908602;3641689;14360;34;4111320;3;0;0;0
FR;2;2021-08-24;31952;56040;236;0;60701;0;0;0;0;4940554;3697729;14596;34;4172021;3;0;0;0
FR;2;2021-08-25;25934;43456;251;0;47413;0;0;0;0;4966488;3741185;14847;34;4219434;3;0;0;0
FR;2;2021-08-26;32362;55830;388;0;60595;0;0;0;0;4998850;3797015;15235;34;4280029;3;0;0;0
FR;2;2021-08-27;37003;65681;477;2;71422;0;0;0;0;5035853;3862696;15712;36;4351451;3;0;0;0
FR;2;2021-08-28;17819;28543;300;0;31610;0;0;0;0;5053672;3891239;16012;36;4383061;3;0;0;0
FR;2;2021-08-29;2656;5015;47;0;5629;0;0;0;0;5056328;3896254;16059;36;4388690;3;0;0;0
FR;2;2021-08-30;18417;37728;400;0;40148;758;0;0;0;5074745;3933982;16459;36;4428838;761;0;0;0
FR;2;2021-08-31;28076;57508;887;4;60947;1557;0;0;0;5102821;3991490;17346;40;4489785;2318;0;0;0
FR;2;2021-09-01;21594;39873;1309;0;42269;2123;0;0;0;5124415;4031363;18655;40;4532054;4441;0;0;0
FR;2;2021-09-02;25485;48663;1962;2;50951;3364;0;0;0;5149900;4080026;20617;42;4583005;7805;0;0;0
FR;2;2021-09-03;33412;64562;2988;3;67540;4881;1;0;0;5183312;4144588;23605;45;4650545;12686;1;0;0
FR;2;2021-09-04;16832;27760;1443;1;29562;2381;0;0;0;5200144;4172348;25048;46;4680107;15067;1;0;0
FR;2;2021-09-05;2264;3593;266;0;3951;412;0;0;0;5202408;4175941;25314;46;4684058;15479;1;0;0
FR;2;2021-09-06;14043;28698;1771;1;29765;2945;0;0;0;5216451;4204639;27085;47;4713823;18424;1;0;0
FR;2;2021-09-07;21108;41106;3021;13;42276;4930;0;0;0;5237559;4245745;30106;60;4756099;23354;1;0;0
FR;2;2021-09-08;17248;31922;2736;6;32744;4500;0;0;0;5254807;4277667;32842;66;4788843;27854;1;0;0
FR;2;2021-09-09;20981;40482;4437;3;41242;6836;0;0;0;5275788;4318149;37279;69;4830085;34690;1;0;0
FR;2;2021-09-10;28201;51296;5286;4;51892;8962;1;0;0;5303989;4369445;42565;73;4881977;43652;2;0;0
FR;2;2021-09-11;13654;22444;2405;5;23134;3976;0;0;0;5317643;4391889;44970;78;4905111;47628;2;0;0
FR;2;2021-09-12;1824;2773;292;0;2968;510;0;0;0;5319467;4394662;45262;78;4908079;48138;2;0;0
FR;2;2021-09-13;11659;21446;2474;4;21710;4048;0;0;0;5331126;4416108;47736;82;4929789;52186;2;0;0
FR;2;2021-09-14;18576;32732;5092;13;31701;9054;2;0;0;5349702;4448840;52828;95;4961490;61240;4;0;0
FR;2;2021-09-15;14915;28245;5169;3;26936;7759;9;0;0;5364617;4477085;57997;98;4988426;68999;13;0;0
FR;2;2021-09-16;16078;32789;6737;12;30182;10535;4;0;0;5380695;4509874;64734;110;5018608;79534;17;0;0
FR;2;2021-09-17;20915;47156;8781;10;42818;14618;6;0;0;5401610;4557030;73515;120;5061426;94152;23;0;0
FR;2;2021-09-18;9857;20963;3804;6;19596;6037;1;0;0;5411467;4577993;77319;126;5081022;100189;24;0;0
FR;2;2021-09-19;1166;2596;396;0;2538;632;0;0;0;5412633;4580589;77715;126;5083560;100821;24;0;0
FR;2;2021-09-20;7500;18705;3856;7;17027;6137;4;0;0;5420133;4599294;81571;133;5100587;106958;28;0;0
FR;2;2021-09-21;11215;29992;6495;5;26542;10749;3;0;0;5431348;4629286;88066;138;5127129;117707;31;0;0
FR;2;2021-09-22;9413;23543;5490;6;21197;8520;8;0;0;5440761;4652829;93556;144;5148326;126227;39;0;0
FR;2;2021-09-23;10730;28900;7881;10;24727;12648;11;0;0;5451491;4681729;101437;154;5173053;138875;50;0;0
FR;2;2021-09-24;15075;42931;10876;18;37275;17239;21;0;0;5466566;4724660;112313;172;5210328;156114;71;0;0
FR;2;2021-09-25;7258;18794;3965;9;17150;6118;3;0;0;5473824;4743454;116278;181;5227478;162232;74;0;0
FR;2;2021-09-26;1080;2549;495;0;2494;631;1;0;0;5474904;4746003;116773;181;5229972;162863;75;0;0
FR;2;2021-09-27;6313;16407;4287;8;14797;6536;2;0;0;5481217;4762410;121060;189;5244769;169399;77;0;0
FR;2;2021-09-28;9241;25565;7769;14;21717;12080;7;0;0;5490458;4787975;128829;203;5266486;181479;84;0;0
FR;2;2021-09-29;8081;20202;6067;25;17609;9261;8;0;0;5498539;4808177;134896;228;5284095;190740;92;0;0
FR;2;2021-09-30;9864;25835;9509;16;21634;14100;6;0;0;5508403;4834012;144405;244;5305729;204840;98;0;0
FR;2;2021-10-01;13978;35729;12919;25;30049;19317;10;0;0;5522381;4869741;157324;269;5335778;224157;108;0;0
FR;2;2021-10-02;6874;15932;4850;7;14229;7046;6;0;0;5529255;4885673;162174;276;5350007;231203;114;0;0
FR;2;2021-10-03;841;1912;492;1;1840;503;0;0;0;5530096;4887585;162666;277;5351847;231706;114;0;0
FR;2;2021-10-04;5825;13896;5516;5;12134;7852;6;0;0;5535921;4901481;168182;282;5363981;239558;120;0;0
FR;2;2021-10-05;9057;22564;11125;19;18528;15740;1;0;0;5544978;4924045;179307;301;5382509;255298;121;0;0
FR;2;2021-10-06;7783;17744;8243;11;15273;11090;4;0;0;5552761;4941789;187550;312;5397782;266388;125;0;0
FR;2;2021-10-07;9203;22204;12386;14;18007;16870;6;0;0;5561964;4963993;199936;326;5415789;283258;131;0;0
FR;2;2021-10-08;13431;32135;17349;28;26511;23609;13;0;0;5575395;4996128;217285;354;5442300;306867;144;0;0
FR;2;2021-10-09;6000;12841;6044;6;11379;7893;7;0;0;5581395;5008969;223329;360;5453679;314760;151;0;0
FR;2;2021-10-10;885;1598;436;2;1541;606;1;0;0;5582280;5010567;223765;362;5455220;315366;152;0;0
FR;2;2021-10-11;5607;11554;6455;17;9942;8830;3;0;0;5587887;5022121;230220;379;5465162;324196;155;0;0
FR;2;2021-10-12;8029;17787;12550;13;13925;16783;9;0;0;5595916;5039908;242770;392;5479087;340979;164;0;0
FR;2;2021-10-13;6945;14851;10256;12;11808;13646;7;0;0;5602861;5054759;253026;404;5490895;354625;171;0;0
FR;2;2021-10-14;8314;17937;14996;13;13559;19472;11;0;0;5611175;5072696;268022;417;5504454;374097;182;0;0
FR;2;2021-10-15;11856;26309;20903;26;19416;27978;4;0;0;5623031;5099005;288925;443;5523870;402075;186;0;0
FR;2;2021-10-16;5140;8739;1819;0;8173;3217;2;0;0;5628171;5107744;290744;443;5532043;405292;188;0;0
FR;2;2021-10-17;651;1153;185;0;1081;359;1;0;0;5628822;5108897;290929;443;5533124;405651;189;0;0
FR;2;2021-10-18;4562;7343;665;2;7247;1633;0;0;0;5633384;5116240;291594;445;5540371;407284;189;0;0
FR;2;2021-10-19;6238;9854;732;5;9657;2035;5;0;0;5639622;5126094;292326;450;5550028;409319;194;0;0
FR;2;2021-10-20;5170;8057;759;3;8177;1678;0;0;0;5644792;5134151;293085;453;5558205;410997;194;0;0
FR;2;2021-10-21;6090;9978;780;5;9837;2103;1;0;0;5650882;5144129;293865;458;5568042;413100;195;0;0
FR;2;2021-10-22;8452;14596;1149;4;14471;2890;2;0;0;5659334;5158725;295014;462;5582513;415990;197;0;0
FR;2;2021-10-23;3845;5995;587;0;6128;1236;3;0;0;5663179;5164720;295601;462;5588641;417226;200;0;0
FR;2;2021-10-24;494;884;101;0;901;205;0;0;0;5663673;5165604;295702;462;5589542;417431;200;0;0
FR;2;2021-10-25;3359;5348;307;1;5523;825;2;0;0;5667032;5170952;296009;463;5595065;418256;202;0;0
FR;2;2021-10-26;4177;7241;1133;4;7131;2022;5;0;0;5671209;5178193;297142;467;5602196;420278;207;0;0
FR;2;2021-10-27;3676;6596;1193;5;6454;1991;1;0;0;5674885;5184789;298335;472;5608650;422269;208;0;0
FR;2;2021-10-28;4597;7690;1735;3;7418;2747;1;0;0;5679482;5192479;300070;475;5616068;425016;209;0;0
FR;2;2021-10-29;5413;11082;2437;4;10695;3682;3;0;0;5684895;5203561;302507;479;5626763;428698;212;0;0
FR;2;2021-10-30;2749;4451;976;1;4455;1440;2;0;0;5687644;5208012;303483;480;5631218;430138;214;0;0
FR;2;2021-10-31;364;535;140;1;544;191;1;0;0;5688008;5208547;303623;481;5631762;430329;215;0;0
FR;2;2021-11-01;429;547;181;0;563;267;1;0;0;5688437;5209094;303804;481;5632325;430596;216;0;0
FR;2;2021-11-02;3293;6758;1183;0;6804;1763;5;0;0;5691730;5215852;304987;481;5639129;432359;221;0;0
FR;2;2021-11-03;3340;6229;1388;2;6315;1969;2;0;0;5695070;5222081;306375;483;5645444;434328;223;0;0
FR;2;2021-11-04;3986;7075;1768;4;7113;2495;3;0;0;5699056;5229156;308143;487;5652557;436823;226;0;0
FR;2;2021-11-05;5234;10503;2867;5;10212;3958;6;0;0;5704290;5239659;311010;492;5662769;440781;232;0;0
FR;2;2021-11-06;2596;4677;1403;0;4638;1817;2;0;0;5706886;5244336;312413;492;5667407;442598;234;0;0
FR;2;2021-11-07;506;866;221;0;873;291;2;0;0;5707392;5245202;312634;492;5668280;442889;236;0;0
FR;2;2021-11-08;2578;5346;1205;3;5266;1676;3;0;0;5709970;5250548;313839;495;5673546;444565;239;0;0
FR;2;2021-11-09;2749;6912;2402;5;6448;3180;2;0;0;5712719;5257460;316241;500;5679994;447745;241;0;0
FR;2;2021-11-10;2590;5670;5114;6;4768;6286;8;0;0;5715309;5263130;321355;506;5684762;454031;249;0;0
FR;2;2021-11-11;446;755;752;2;647;936;3;0;0;5715755;5263885;322107;508;5685409;454967;252;0;0
FR;2;2021-11-12;2953;8084;8982;8;6200;10926;9;0;0;5718708;5271969;331089;516;5691609;465893;261;0;0
FR;2;2021-11-13;1539;3375;3871;7;2723;4538;4;0;0;5720247;5275344;334960;523;5694332;470431;265;0;0
FR;2;2021-11-14;257;587;351;1;487;480;3;0;0;5720504;5275931;335311;524;5694819;470911;268;0;0
FR;2;2021-11-15;1622;3661;4447;8;2916;5328;16;0;0;5722126;5279592;339758;532;5697735;476239;284;0;0
FR;2;2021-11-16;2184;5886;8311;14;4162;10082;16;0;0;5724310;5285478;348069;546;5701897;486321;300;0;0
FR;2;2021-11-17;1741;4521;6632;8;3171;7848;5;0;0;5726051;5289999;354701;554;5705068;494169;305;0;0
FR;2;2021-11-18;2192;5931;9187;10;4027;11020;8;0;0;5728243;5295930;363888;564;5709095;505189;313;0;0
FR;2;2021-11-19;2700;7761;12980;19;4839;15481;12;0;0;5730943;5303691;376868;583;5713934;520670;325;0;0
FR;2;2021-11-20;1566;3336;5180;5;2354;6092;3;0;0;5732509;5307027;382048;588;5716288;526762;328;0;0
FR;2;2021-11-21;249;510;541;0;394;659;3;0;0;5732758;5307537;382589;588;5716682;527421;331;0;0
FR;2;2021-11-22;1278;2574;4482;5;1673;5398;9;0;0;5734036;5310111;387071;593;5718355;532819;340;0;0
FR;2;2021-11-23;1617;4277;8202;9;2539;9915;6;0;0;5735653;5314388;395273;602;5720894;542734;346;0;0
FR;2;2021-11-24;1421;3754;7481;14;2250;8734;9;0;0;5737074;5318142;402754;616;5723144;551468;355;0;0
FR;2;2021-11-25;1813;4868;11472;21;2685;13667;6;0;0;5738887;5323010;414226;637;5725829;565135;361;0;0
FR;2;2021-11-26;2541;7739;22672;31;3819;26085;14;0;0;5741428;5330749;436898;668;5729648;591220;375;0;0
FR;2;2021-11-27;1498;4140;12273;18;2131;14030;12;0;0;5742926;5334889;449171;686;5731779;605250;387;0;0
FR;2;2021-11-28;292;840;1974;3;480;2303;5;0;0;5743218;5335729;451145;689;5732259;607553;392;0;0
FR;2;2021-11-29;1447;4351;15098;23;2014;17265;25;0;0;5744665;5340080;466243;712;5734273;624818;417;0;0
FR;2;2021-11-30;1912;6660;26246;36;2647;30004;22;0;0;5746577;5346740;492489;748;5736920;654822;439;0;0
FR;2;2021-12-01;1916;6023;26204;31;2492;29515;20;0;0;5748493;5352763;518693;779;5739412;684337;459;0;0
FR;2;2021-12-02;1914;6788;37727;52;2125;41978;32;0;0;5750407;5359551;556420;831;5741537;726315;491;0;0
FR;2;2021-12-03;2557;10084;53633;111;3606;59382;30;0;0;5752964;5369635;610053;942;5745143;785697;521;0;0
FR;2;2021-12-04;1850;6282;37126;38;2190;40817;15;0;0;5754814;5375917;647179;980;5747333;826514;536;0;0
FR;2;2021-12-05;458;2249;14263;14;538;15990;7;0;0;5755272;5378166;661442;994;5747871;842504;543;0;0
FR;2;2021-12-06;2487;9859;77723;109;2711;84774;25;0;0;5757759;5388025;739165;1103;5750582;927278;568;0;0
FR;2;2021-12-07;3454;15297;122460;238;3752;133781;40;0;0;5761213;5403322;861625;1341;5754334;1061059;608;0;0
FR;2;2021-12-08;3725;15985;133213;330;3858;145403;54;0;0;5764938;5419307;994838;1671;5758192;1206462;662;0;0
FR;2;2021-12-09;4546;19635;170229;555;4180;185624;61;0;0;5769484;5438942;1165067;2226;5762372;1392086;723;0;0
FR;2;2021-12-10;4675;22812;188691;490;5020;206179;68;0;0;5774159;5461754;1353758;2716;5767392;1598265;791;0;0
FR;2;2021-12-11;3687;16621;132462;239;3677;144916;62;0;0;5777846;5478375;1486220;2955;5771069;1743181;853;0;0
FR;2;2021-12-12;1256;7127;59109;83;1021;65168;12;0;0;5779102;5485502;1545329;3038;5772090;1808349;865;0;0
FR;2;2021-12-13;5530;26815;220716;605;5232;243009;159;0;0;5784632;5512317;1766045;3643;5777322;2051358;1024;0;0
FR;2;2021-12-14;7018;37455;300794;908;6153;332245;189;0;0;5791650;5549772;2066839;4551;5783475;2383603;1213;0;0
FR;2;2021-12-15;6555;36237;285247;957;5879;315888;185;0;0;5798205;5586009;2352086;5508;5789354;2699491;1398;0;0
FR;2;2021-12-16;7764;37921;312163;980;6571;343795;183;0;0;5805969;5623930;2664249;6488;5795925;3043286;1581;0;0
FR;2;2021-12-17;8681;41190;327900;976;8033;360969;231;0;0;5814650;5665120;2992149;7464;5803958;3404255;1812;0;0
FR;2;2021-12-18;6515;26551;212361;448;4914;233674;119;0;0;5821165;5691671;3204510;7912;5808872;3637929;1931;0;0
FR;2;2021-12-19;2603;11412;90220;182;1662;100352;25;0;0;5823768;5703083;3294730;8094;5810534;3738281;1956;0;0
FR;2;2021-12-20;9547;33539;275245;706;6606;303397;208;0;0;5833315;5736622;3569975;8800;5817140;4041678;2164;0;0
FR;2;2021-12-21;11565;38305;309644;968;7391;341436;258;0;0;5844880;5774927;3879619;9768;5824531;4383114;2422;0;0
FR;2;2021-12-22;10459;32781;265128;952;6449;292483;315;0;1;5855339;5807708;4144747;10720;5830980;4675597;2737;0;1
FR;2;2021-12-23;9425;26646;199521;701;5894;221285;227;0;0;5864764;5834354;4344268;11421;5836874;4896882;2964;0;1
FR;2;2021-12-24;2783;7476;43861;140;2039;49561;78;0;0;5867547;5841830;4388129;11561;5838913;4946443;3042;0;1
FR;2;2021-12-25;201;679;2003;10;210;2484;15;0;0;5867748;5842509;4390132;11571;5839123;4948927;3057;0;1
FR;2;2021-12-26;1320;4214;25158;71;1052;28689;70;0;0;5869068;5846723;4415290;11642;5840175;4977616;3127;0;1
FR;2;2021-12-27;8077;29923;218429;659;6636;243366;294;0;0;5877145;5876646;4633719;12301;5846811;5220982;3421;0;1
FR;2;2021-12-28;9834;36303;272107;742;6994;302006;957;0;1;5886979;5912949;4905826;13043;5853805;5522988;4378;0;2
FR;2;2021-12-29;9498;32234;246142;765;6416;272689;1088;0;0;5896477;5945183;5151968;13808;5860221;5795677;5466;0;2
FR;2;2021-12-30;9462;28082;208834;663;5978;231455;1156;0;0;5905939;5973265;5360802;14471;5866199;6027132;6622;0;2
FR;2;2021-12-31;3011;8349;54990;176;2173;61237;392;0;0;5908950;5981614;5415792;14647;5868372;6088369;7014;0;2
FR;2;2022-01-01;231;688;2857;7;204;3351;29;0;0;5909181;5982302;5418649;14654;5868576;6091720;7043;0;2
FR;2;2022-01-02;1503;4852;29521;75;1166;33408;217;0;0;5910684;5987154;5448170;14729;5869742;6125128;7260;0;2
FR;2;2022-01-03;9602;35402;266538;806;8501;293914;1674;0;0;5920286;6022556;5714708;15535;5878243;6419042;8934;0;2
FR;2;2022-01-04;12854;45421;342100;1068;9977;377053;2458;0;1;5933140;6067977;6056808;16603;5888220;6796095;11392;0;3
FR;2;2022-01-05;11273;38631;294209;884;8633;323850;2155;0;2;5944413;6106608;6351017;17487;5896853;7119945;13547;0;5
FR;2;2022-01-06;13655;43492;331951;1298;9939;364757;2979;0;1;5958068;6150100;6682968;18785;5906792;7484702;16526;0;6
FR;2;2022-01-07;14225;47627;361114;1271;11247;396459;3159;0;0;5972293;6197727;7044082;20056;5918039;7881161;19685;0;6
FR;2;2022-01-08;7946;28143;201267;515;7208;221704;1528;0;2;5980239;6225870;7245349;20571;5925247;8102865;21213;0;8
FR;2;2022-01-09;2749;8956;62527;137;2075;69495;493;0;0;5982988;6234826;7307876;20708;5927322;8172360;21706;0;8
FR;2;2022-01-10;10099;31910;232496;858;8908;255071;2458;0;0;5993087;6266736;7540372;21566;5936230;8427431;24164;0;8
FR;2;2022-01-11;11468;36252;265932;1029;10069;290640;3380;0;1;6004555;6302988;7806304;22595;5946299;8718071;27544;0;9
FR;2;2022-01-12;8765;29798;206334;863;8723;226178;2798;0;5;6013320;6332786;8012638;23458;5955022;8944249;30342;0;14
FR;2;2022-01-13;9387;31335;224503;831;9040;244848;3462;0;4;6022707;6364121;8237141;24289;5964062;9189097;33804;0;18
FR;2;2022-01-14;9740;35589;254548;920;9851;277652;3983;0;1;6032447;6399710;8491689;25209;5973913;9466749;37787;0;19
FR;2;2022-01-15;5361;19451;140783;363;5326;153645;1928;0;0;6037808;6419161;8632472;25572;5979239;9620394;39715;0;19
FR;2;2022-01-16;1512;5464;35891;81;1620;39822;424;0;0;6039320;6424625;8668363;25653;5980859;9660216;40139;0;19
FR;2;2022-01-17;5546;19269;135417;601;6604;147260;2264;0;2;6044866;6443894;8803780;26254;5987463;9807476;42403;0;21
FR;2;2022-01-18;6423;21482;148640;647;7524;160460;3312;0;0;6051289;6465376;8952420;26901;5994987;9967936;45715;0;21
FR;2;2022-01-19;4397;16320;105108;551;6214;113706;2409;0;1;6055686;6481696;9057528;27452;6001201;10081642;48124;0;22
FR;2;2022-01-20;4872;17578;115300;603;7071;123693;3111;0;2;6060558;6499274;9172828;28055;6008272;10205335;51235;0;24
FR;2;2022-01-21;5198;20039;137354;679;7171;147770;3453;0;1;6065756;6519313;9310182;28734;6015443;10353105;54688;0;25
FR;2;2022-01-22;3034;10948;74261;260;3956;80327;1428;0;0;6068790;6530261;9384443;28994;6019399;10433432;56116;0;25
FR;2;2022-01-23;724;2711;15242;41;1057;16827;238;0;0;6069514;6532972;9399685;29035;6020456;10450259;56354;0;25
FR;2;2022-01-24;3290;12804;75082;431;5845;81026;1994;0;2;6072804;6545776;9474767;29466;6026301;10531285;58348;0;27
FR;2;2022-01-25;3575;14409;79629;496;6651;85458;2879;0;4;6076379;6560185;9554396;29962;6032952;10616743;61227;0;31
FR;2;2022-01-26;2515;10704;58981;363;5330;63034;1957;0;1;6078894;6570889;9613377;30325;6038282;10679777;63184;0;32
FR;2;2022-01-27;2683;11380;64179;388;5736;67961;2460;0;1;6081577;6582269;9677556;30713;6044018;10747738;65644;0;33
FR;2;2022-01-28;3551;18271;91725;429;8615;98911;3401;0;1;6085128;6600540;9769281;31142;6052633;10846649;69045;0;34
FR;2;2022-01-29;1893;9239;48852;164;4169;52928;1375;0;1;6087021;6609779;9818133;31306;6056802;10899577;70420;0;35
FR;2;2022-01-30;464;2209;9455;38;1051;10585;203;0;0;6087485;6611988;9827588;31344;6057853;10910162;70623;0;35
FR;2;2022-01-31;1890;9560;43833;209;4716;47328;1886;0;2;6089375;6621548;9871421;31553;6062569;10957490;72509;0;37
FR;2;2022-02-01;1915;10026;47031;279;4802;50083;2709;0;0;6091290;6631574;9918452;31832;6067371;11007573;75218;0;37
FR;2;2022-02-02;1614;8982;41121;250;4195;44152;2190;0;1;6092904;6640556;9959573;32082;6071566;11051725;77408;0;38
FR;2;2022-02-03;1727;8937;40526;205;4373;42916;2643;0;2;6094631;6649493;10000099;32287;6075939;11094641;80051;0;40
FR;2;2022-02-04;2151;15180;66647;299;7386;71329;3671;0;1;6096782;6664673;10066746;32586;6083325;11165970;83722;0;41
FR;2;2022-02-05;1360;8522;35946;132;4215;39225;1370;0;0;6098142;6673195;10102692;32718;6087540;11205195;85092;0;41
FR;2;2022-02-06;275;1762;6127;16;840;6898;217;0;0;6098417;6674957;10108819;32734;6088380;11212093;85309;0;41
FR;2;2022-02-07;1352;9553;37758;134;4538;41292;1889;0;2;6099769;6684510;10146577;32868;6092918;11253385;87198;0;43
FR;2;2022-02-08;1299;9832;40955;173;4644;43749;2741;0;1;6101068;6694342;10187532;33041;6097562;11297134;89939;0;44
FR;2;2022-02-09;1160;8841;37040;174;3804;40465;1901;0;2;6102228;6703183;10224572;33215;6101366;11337599;91840;0;46
FR;2;2022-02-10;1029;7999;33837;204;3604;36510;2051;0;1;6103257;6711182;10258409;33419;6104970;11374109;93891;0;47
FR;2;2022-02-11;1391;12085;53347;223;5281;57700;2888;0;0;6104648;6723267;10311756;33642;6110251;11431809;96779;0;47
FR;2;2022-02-12;754;6535;27987;86;2793;30807;1112;0;2;6105402;6729802;10339743;33728;6113044;11462616;97891;0;49
FR;2;2022-02-13;200;1340;4836;20;562;5577;141;0;0;6105602;6731142;10344579;33748;6113606;11468193;98032;0;49
FR;2;2022-02-14;835;6731;30273;91;2598;33232;1398;0;1;6106437;6737873;10374852;33839;6116204;11501425;99430;0;50
FR;2;2022-02-15;774;6472;28050;140;2800;29991;1967;0;2;6107211;6744345;10402902;33979;6119004;11531416;101397;0;52
FR;2;2022-02-16;657;5361;22067;124;2526;23632;1569;0;3;6107868;6749706;10424969;34103;6121530;11555048;102966;0;55
FR;2;2022-02-17;518;3784;14152;98;2129;14617;1406;0;2;6108386;6753490;10439121;34201;6123659;11569665;104372;0;57
FR;2;2022-02-18;723;5368;20442;134;3039;21129;1895;0;0;6109109;6758858;10459563;34335;6126698;11590794;106267;0;57
FR;2;2022-02-19;430;3061;10532;66;1699;11246;753;0;2;6109539;6761919;10470095;34401;6128397;11602040;107020;0;59
FR;2;2022-02-20;102;518;1463;3;314;1611;100;0;0;6109641;6762437;10471558;34404;6128711;11603651;107120;0;59
FR;2;2022-02-21;422;2685;9122;65;1569;9499;930;0;0;6110063;6765122;10480680;34469;6130280;11613150;108050;0;59
FR;2;2022-02-22;392;2567;8894;77;1621;8797;1180;0;0;6110455;6767689;10489574;34546;6131901;11621947;109230;0;59
FR;2;2022-02-23;432;2604;8992;82;1522;9268;1022;0;0;6110887;6770293;10498566;34628;6133423;11631215;110252;0;59
FR;2;2022-02-24;314;2036;6802;82;1250;6830;870;0;0;6111201;6772329;10505368;34710;6134673;11638045;111122;0;59
FR;2;2022-02-25;457;3207;11419;107;1977;11283;1559;0;3;6111658;6775536;10516787;34817;6136650;11649328;112681;0;62
FR;2;2022-02-26;297;1892;6036;49;1161;6343;587;0;1;6111955;6777428;10522823;34866;6137811;11655671;113268;0;63
FR;2;2022-02-27;76;313;907;5;214;950;98;0;0;6112031;6777741;10523730;34871;6138025;11656621;113366;0;63
FR;2;2022-02-28;330;1688;5525;53;1087;5531;733;0;0;6112361;6779429;10529255;34924;6139112;11662152;114099;0;63
FR;2;2022-03-01;279;1569;5483;46;952;5200;964;0;2;6112640;6780998;10534738;34970;6140064;11667352;115063;0;65
FR;2;2022-03-02;298;1445;5248;45;877;5092;815;0;1;6112938;6782443;10539986;35015;6140941;11672444;115878;0;66
FR;2;2022-03-03;226;1112;3708;42;721;3485;668;0;1;6113164;6783555;10543694;35057;6141662;11675929;116546;0;67
FR;2;2022-03-04;243;1468;4859;74;982;4506;949;0;1;6113407;6785023;10548553;35131;6142644;11680435;117495;0;68
FR;2;2022-03-05;174;906;2979;34;612;2723;561;0;0;6113581;6785929;10551532;35165;6143256;11683158;118056;0;68
FR;2;2022-03-06;42;183;280;5;105;320;52;0;0;6113623;6786112;10551812;35170;6143361;11683478;118108;0;68
FR;2;2022-03-07;156;659;1987;70;491;1777;472;0;0;6113779;6786771;10553799;35240;6143852;11685255;118580;0;68
FR;2;2022-03-08;144;670;2273;53;461;1907;620;0;0;6113923;6787441;10556072;35293;6144313;11687162;119200;0;68
FR;2;2022-03-09;154;708;2348;37;473;2050;615;0;0;6114077;6788149;10558420;35330;6144786;11689212;119815;0;68
FR;2;2022-03-10;123;603;1695;35;445;1470;456;0;1;6114200;6788752;10560115;35365;6145231;11690682;120271;0;69
FR;2;2022-03-11;172;756;2769;57;504;2368;737;0;1;6114372;6789508;10562884;35422;6145735;11693050;121008;0;70
FR;2;2022-03-12;149;484;1787;27;331;1556;450;0;0;6114521;6789992;10564671;35449;6146066;11694606;121458;0;70
FR;2;2022-03-13;25;75;203;30;45;204;69;0;0;6114546;6790067;10564874;35479;6146111;11694810;121527;0;70
FR;2;2022-03-14;129;470;1572;529;333;1301;951;0;0;6114675;6790537;10566446;36008;6146444;11696111;122478;0;70
FR;2;2022-03-15;138;441;1713;691;333;1333;1186;0;1;6114813;6790978;10568159;36699;6146777;11697444;123664;0;71
FR;2;2022-03-16;142;476;2013;1616;331;1593;2160;0;2;6114955;6791454;10570172;38315;6147108;11699037;125824;0;73
FR;2;2022-03-17;94;413;1408;1192;273;1144;1576;0;0;6115049;6791867;10571580;39507;6147381;11700181;127400;0;73
FR;2;2022-03-18;147;496;2025;1795;335;1668;2313;0;1;6115196;6792363;10573605;41302;6147716;11701849;129713;0;74
FR;2;2022-03-19;108;321;1210;941;219;1015;1259;0;0;6115304;6792684;10574815;42243;6147935;11702864;130972;0;74
FR;2;2022-03-20;13;77;191;59;39;168;115;0;0;6115317;6792761;10575006;42302;6147974;11703032;131087;0;74
FR;2;2022-03-21;97;307;1218;1483;180;1081;1760;0;1;6115414;6793068;10576224;43785;6148154;11704113;132847;0;75
FR;2;2022-03-22;118;390;1530;1830;244;1291;2218;0;0;6115532;6793458;10577754;45615;6148398;11705404;135065;0;75
FR;2;2022-03-23;138;361;1675;3032;232;1470;3374;0;6;6115670;6793819;10579429;48647;6148630;11706874;138439;0;81
FR;2;2022-03-24;117;293;1183;1548;186;1001;1814;0;8;6115787;6794112;10580612;50195;6148816;11707875;140253;0;89
FR;2;2022-03-25;119;361;1806;2451;238;1476;2837;0;8;6115906;6794473;10582418;52646;6149054;11709351;143090;0;97
FR;2;2022-03-26;79;247;1204;1222;138;952;1531;0;5;6115985;6794720;10583622;53868;6149192;11710303;144621;0;102
FR;2;2022-03-27;19;36;154;100;19;133;144;0;0;6116004;6794756;10583776;53968;6149211;11710436;144765;0;102
FR;2;2022-03-28;94;288;1138;1602;187;995;1834;0;6;6116098;6795044;10584914;55570;6149398;11711431;146599;0;108
FR;2;2022-03-29;108;258;1325;2467;167;1105;2760;0;4;6116206;6795302;10586239;58037;6149565;11712536;149359;0;112
FR;2;2022-03-30;91;312;1489;3185;163;1320;3422;0;2;6116297;6795614;10587728;61222;6149728;11713856;152781;0;114
FR;2;2022-03-31;104;284;1276;2332;172;1091;2616;0;3;6116401;6795898;10589004;63554;6149900;11714947;155397;0;117
FR;2;2022-04-01;123;324;1567;2349;164;1322;2667;0;7;6116524;6796222;10590571;65903;6150064;11716269;158064;0;124
FR;2;2022-04-02;81;161;845;891;83;737;1052;0;1;6116605;6796383;10591416;66794;6150147;11717006;159116;0;125
FR;2;2022-04-03;16;53;128;113;27;142;133;0;1;6116621;6796436;10591544;66907;6150174;11717148;159249;0;126
FR;2;2022-04-04;113;239;989;1447;141;798;1693;0;5;6116734;6796675;10592533;68354;6150315;11717946;160942;0;131
FR;2;2022-04-05;143;298;1317;2914;158;1145;3143;0;17;6116877;6796973;10593850;71268;6150473;11719091;164085;0;148
FR;2;2022-04-06;89;260;1306;2522;128;1130;2686;0;10;6116966;6797233;10595156;73790;6150601;11720221;166771;0;158
FR;2;2022-04-07;120;229;1302;2682;140;1042;2957;0;8;6117086;6797462;10596458;76472;6150741;11721263;169728;0;166
FR;2;2022-04-08;126;343;1634;3351;179;1327;3641;0;12;6117212;6797805;10598092;79823;6150920;11722590;173369;0;178
FR;2;2022-04-09;90;219;900;1046;144;732;1288;0;4;6117302;6798024;10598992;80869;6151064;11723322;174657;0;182
FR;2;2022-04-10;37;48;143;162;45;119;200;0;1;6117339;6798072;10599135;81031;6151109;11723441;174857;0;183
FR;2;2022-04-11;88;195;891;1560;121;781;1718;0;6;6117427;6798267;10600026;82591;6151230;11724222;176575;0;189
FR;2;2022-04-12;176;273;1183;2770;175;1062;2903;0;8;6117603;6798540;10601209;85361;6151405;11725284;179478;0;197
FR;2;2022-04-13;147;230;1125;2477;110;988;2671;0;11;6117750;6798770;10602334;87838;6151515;11726272;182149;0;208
FR;2;2022-04-14;115;226;1085;2677;113;919;2911;0;18;6117865;6798996;10603419;90515;6151628;11727191;185060;0;226
FR;2;2022-04-15;114;258;1217;2293;128;1074;2533;0;7;6117979;6799254;10604636;92808;6151756;11728265;187593;0;233
FR;2;2022-04-16;67;108;548;549;68;459;675;0;9;6118046;6799362;10605184;93357;6151824;11728724;188268;0;242
FR;2;2022-04-17;15;27;57;53;16;53;71;0;0;6118061;6799389;10605241;93410;6151840;11728777;188339;0;242
FR;2;2022-04-18;12;35;121;70;18;116;95;0;0;6118073;6799424;10605362;93480;6151858;11728893;188434;0;242
FR;2;2022-04-19;112;237;1120;1731;149;951;1915;0;9;6118185;6799661;10606482;95211;6152007;11729844;190349;0;251
FR;2;2022-04-20;95;241;1110;2172;125;934;2366;0;14;6118280;6799902;10607592;97383;6152132;11730778;192715;0;265
FR;2;2022-04-21;111;233;983;1912;125;838;2141;0;10;6118391;6800135;10608575;99295;6152257;11731616;194856;0;275
FR;2;2022-04-22;100;276;1242;2093;141;1023;2431;0;11;6118491;6800411;10609817;101388;6152398;11732639;197287;0;286
FR;2;2022-04-23;67;156;645;762;107;574;862;0;8;6118558;6800567;10610462;102150;6152505;11733213;198149;0;294
FR;2;2022-04-24;12;30;101;68;12;79;100;0;0;6118570;6800597;10610563;102218;6152517;11733292;198249;0;294
FR;2;2022-04-25;103;204;821;1315;104;711;1513;0;15;6118673;6800801;10611384;103533;6152621;11734003;199762;0;309
FR;2;2022-04-26;108;184;1041;2018;118;878;2216;0;18;6118781;6800985;10612425;105551;6152739;11734881;201978;0;327
FR;2;2022-04-27;98;179;860;1783;120;764;1805;0;7;6118879;6801164;10613285;107334;6152859;11735645;203783;0;334
FR;2;2022-04-28;93;214;950;1931;128;843;2087;0;12;6118972;6801378;10614235;109265;6152987;11736488;205870;0;346
FR;2;2022-04-29;81;280;1130;1696;131;1040;1874;0;11;6119053;6801658;10615365;110961;6153118;11737528;207744;0;357
FR;2;2022-04-30;66;126;471;539;79;430;627;0;9;6119119;6801784;10615836;111500;6153197;11737958;208371;0;366
FR;2;2022-05-01;23;24;84;49;20;85;61;0;1;6119142;6801808;10615920;111549;6153217;11738043;208432;0;367
FR;2;2022-05-02;115;232;762;1216;141;660;1374;0;5;6119257;6802040;10616682;112765;6153358;11738703;209806;0;372
FR;2;2022-05-03;152;233;999;1780;156;938;1894;0;14;6119409;6802273;10617681;114545;6153514;11739641;211700;0;386
FR;2;2022-05-04;90;226;924;1810;116;867;1821;0;13;6119499;6802499;10618605;116355;6153630;11740508;213521;0;399
FR;2;2022-05-05;127;197;856;1731;146;772;1848;0;10;6119626;6802696;10619461;118086;6153776;11741280;215369;0;409
FR;2;2022-05-06;133;246;1100;1855;139;1016;2052;0;16;6119759;6802942;10620561;119941;6153915;11742296;217421;0;425
FR;2;2022-05-07;40;99;470;504;61;406;593;0;4;6119799;6803041;10621031;120445;6153976;11742702;218014;0;429
FR;2;2022-05-08;48;54;107;70;41;102;100;0;0;6119847;6803095;10621138;120515;6154017;11742804;218114;0;429
FR;2;2022-05-09;101;174;654;986;103;604;1130;0;9;6119948;6803269;10621792;121501;6154120;11743408;219244;0;438
FR;2;2022-05-10;121;252;938;1840;155;893;1964;0;23;6120069;6803521;10622730;123341;6154275;11744301;221208;0;461
FR;2;2022-05-11;101;179;813;1873;117;792;1862;0;8;6120170;6803700;10623543;125214;6154392;11745093;223070;0;469
FR;2;2022-05-12;111;173;845;2096;115;803;2213;0;21;6120281;6803873;10624388;127310;6154507;11745896;225283;0;490
FR;2;2022-05-13;100;235;969;2096;121;900;2272;0;13;6120381;6804108;10625357;129406;6154628;11746796;227555;0;503
FR;2;2022-05-14;76;124;451;553;93;411;632;0;6;6120457;6804232;10625808;129959;6154721;11747207;228187;0;509
FR;2;2022-05-15;24;39;94;88;20;108;95;0;1;6120481;6804271;10625902;130047;6154741;11747315;228282;0;510
FR;2;2022-05-16;102;170;601;925;115;537;1037;0;11;6120583;6804441;10626503;130972;6154856;11747852;229319;0;521
FR;2;2022-05-17;95;184;690;1685;119;658;1737;0;8;6120678;6804625;10627193;132657;6154975;11748510;231056;0;529
FR;2;2022-05-18;80;181;642;1431;97;647;1486;0;10;6120758;6804806;10627835;134088;6155072;11749157;232542;0;539
FR;2;2022-05-19;73;161;708;1831;81;751;1816;0;12;6120831;6804967;10628543;135919;6155153;11749908;234358;0;551
FR;2;2022-05-20;107;180;874;1701;110;779;1849;0;17;6120938;6805147;10629417;137620;6155263;11750687;236207;0;568
FR;2;2022-05-21;48;96;397;517;71;338;581;0;8;6120986;6805243;10629814;138137;6155334;11751025;236788;0;576
FR;2;2022-05-22;8;23;69;37;18;57;56;0;0;6120994;6805266;10629883;138174;6155352;11751082;236844;0;576
FR;2;2022-05-23;86;133;498;931;100;469;967;0;7;6121080;6805399;10630381;139105;6155452;11751551;237811;0;583
FR;2;2022-05-24;87;164;627;1626;103;615;1680;0;17;6121167;6805563;10631008;140731;6155555;11752166;239491;0;600
FR;2;2022-05-25;72;145;539;1148;90;493;1259;0;5;6121239;6805708;10631547;141879;6155645;11752659;240750;0;605
FR;2;2022-05-26;11;31;77;45;13;85;56;0;1;6121250;6805739;10631624;141924;6155658;11752744;240806;0;606
FR;2;2022-05-27;44;124;456;818;68;438;893;0;9;6121294;6805863;10632080;142742;6155726;11753182;241699;0;615
FR;2;2022-05-28;28;60;221;244;29;221;266;0;1;6121322;6805923;10632301;142986;6155755;11753403;241965;0;616
FR;2;2022-05-29;13;34;43;25;22;51;28;0;0;6121335;6805957;10632344;143011;6155777;11753454;241993;0;616
FR;2;2022-05-30;65;109;424;755;60;409;806;0;6;6121400;6806066;10632768;143766;6155837;11753863;242799;0;622
FR;2;2022-05-31;76;135;564;1277;92;511;1303;0;12;6121476;6806201;10633332;145043;6155929;11754374;244102;0;634
FR;2;2022-06-01;59;158;562;1075;84;541;1170;0;6;6121535;6806359;10633894;146118;6156013;11754915;245272;0;640
FR;2;2022-06-02;92;178;625;1413;109;592;1519;0;12;6121627;6806537;10634519;147531;6156122;11755507;246791;0;652
FR;2;2022-06-03;71;155;668;1604;94;594;1693;0;19;6121698;6806692;10635187;149135;6156216;11756101;248484;0;671
FR;2;2022-06-04;69;93;283;433;66;269;475;0;11;6121767;6806785;10635470;149568;6156282;11756370;248959;0;682
FR;2;2022-06-05;12;17;63;57;16;47;74;0;1;6121779;6806802;10635533;149625;6156298;11756417;249033;0;683
FR;2;2022-06-06;11;39;92;75;28;92;80;0;3;6121790;6806841;10635625;149700;6156326;11756509;249113;0;686
FR;2;2022-06-07;99;222;667;1535;155;577;1661;0;10;6121889;6807063;10636292;151235;6156481;11757086;250774;0;696
FR;2;2022-06-08;70;118;475;1166;76;411;1261;0;5;6121959;6807181;10636767;152401;6156557;11757497;252035;0;701
FR;2;2022-06-09;93;166;613;1922;107;571;1927;0;18;6122052;6807347;10637380;154323;6156664;11758068;253962;0;719
FR;2;2022-06-10;91;167;650;1683;107;621;1774;0;23;6122143;6807514;10638030;156006;6156771;11758689;255736;0;742
FR;2;2022-06-11;44;84;287;529;41;258;583;0;5;6122187;6807598;10638317;156535;6156812;11758947;256319;0;747
FR;2;2022-06-12;18;38;58;78;27;60;78;0;0;6122205;6807636;10638375;156613;6156839;11759007;256397;0;747
FR;2;2022-06-13;39;119;393;953;63;378;1019;0;6;6122244;6807755;10638768;157566;6156902;11759385;257416;0;753
FR;2;2022-06-14;68;157;599;2087;101;537;2188;0;14;6122312;6807912;10639367;159653;6157003;11759922;259604;0;767
FR;2;2022-06-15;78;104;520;1503;84;444;1638;0;10;6122390;6808016;10639887;161156;6157087;11760366;261242;0;777
FR;2;2022-06-16;127;127;496;1411;122;423;1526;0;12;6122517;6808143;10640383;162567;6157209;11760789;262768;0;789
FR;2;2022-06-17;73;137;588;1817;87;515;1921;0;16;6122590;6808280;10640971;164384;6157296;11761304;264689;0;805
FR;2;2022-06-18;76;93;224;578;81;196;629;0;4;6122666;6808373;10641195;164962;6157377;11761500;265318;0;809
FR;2;2022-06-19;11;17;53;71;7;41;90;0;2;6122677;6808390;10641248;165033;6157384;11761541;265408;0;811
FR;2;2022-06-20;62;125;401;1027;71;392;1104;0;10;6122739;6808515;10641649;166060;6157455;11761933;266512;0;821
FR;2;2022-06-21;107;115;525;2125;104;454;2162;0;22;6122846;6808630;10642174;168185;6157559;11762387;268674;0;843
FR;2;2022-06-22;39;110;462;1889;57;415;1971;0;25;6122885;6808740;10642636;170074;6157616;11762802;270645;0;868
FR;2;2022-06-23;58;108;537;2282;67;452;2400;0;30;6122943;6808848;10643173;172356;6157683;11763254;273045;0;898
FR;2;2022-06-24;66;122;709;3198;67;571;3338;0;38;6123009;6808970;10643882;175554;6157750;11763825;276383;0;936
FR;2;2022-06-25;30;90;298;987;55;254;1040;0;13;6123039;6809060;10644180;176541;6157805;11764079;277423;0;949
FR;2;2022-06-26;30;27;131;194;29;97;236;0;5;6123069;6809087;10644311;176735;6157834;11764176;277659;0;954
FR;2;2022-06-27;79;137;582;2489;94;483;2622;0;39;6123148;6809224;10644893;179224;6157928;11764659;280281;0;993
FR;2;2022-06-28;108;140;812;4817;80;650;4894;0;54;6123256;6809364;10645705;184041;6158008;11765309;285175;0;1047
FR;2;2022-06-29;73;150;776;4433;80;637;4529;0;56;6123329;6809514;10646481;188474;6158088;11765946;289704;0;1103
FR;2;2022-06-30;72;133;832;5177;71;618;5397;0;79;6123401;6809647;10647313;193651;6158159;11766564;295101;0;1182
FR;2;2022-07-01;113;161;1150;6691;95;851;6943;0;92;6123514;6809808;10648463;200342;6158254;11767415;302044;0;1274
FR;2;2022-07-02;69;132;474;1976;82;392;2067;0;27;6123583;6809940;10648937;202318;6158336;11767807;304111;0;1301
FR;2;2022-07-03;23;30;146;334;21;130;357;0;8;6123606;6809970;10649083;202652;6158357;11767937;304468;0;1309
FR;2;2022-07-04;120;183;775;3785;111;612;3972;0;49;6123726;6810153;10649858;206437;6158468;11768549;308440;0;1358
FR;2;2022-07-05;119;187;1121;6818;120;828;6999;0;85;6123845;6810340;10650979;213255;6158588;11769377;315439;0;1443
FR;2;2022-07-06;92;150;951;5807;93;697;5933;0;84;6123937;6810490;10651930;219062;6158681;11770074;321372;0;1527
FR;2;2022-07-07;81;185;1020;6501;115;751;6732;0;101;6124018;6810675;10652950;225563;6158796;11770825;328104;0;1628
FR;2;2022-07-08;65;122;1095;7044;51;758;7235;0;123;6124083;6810797;10654045;232607;6158847;11771583;335339;0;1751
FR;2;2022-07-09;34;62;418;1869;31;299;1920;0;33;6124117;6810859;10654463;234476;6158878;11771882;337259;0;1784
FR;2;2022-07-10;6;17;96;315;8;82;327;0;5;6124123;6810876;10654559;234791;6158886;11771964;337586;0;1789
FR;2;2022-07-11;68;120;683;3825;75;540;3901;0;67;6124191;6810996;10655242;238616;6158961;11772504;341487;0;1856
FR;2;2022-07-12;102;180;1054;6517;107;809;6725;0;119;6124293;6811176;10656296;245133;6159068;11773313;348212;0;1975
FR;2;2022-07-13;64;126;879;4664;74;591;4830;0;78;6124357;6811302;10657175;249797;6159142;11773904;353042;0;2053
FR;2;2022-07-14;6;13;88;248;8;59;267;0;8;6124363;6811315;10657263;250045;6159150;11773963;353309;0;2061
FR;2;2022-07-15;61;129;739;3793;53;560;3959;0;75;6124424;6811444;10658002;253838;6159203;11774523;357268;0;2136
FR;2;2022-07-16;27;54;289;1029;30;242;1075;0;25;6124451;6811498;10658291;254867;6159233;11774765;358343;0;2161
FR;2;2022-07-17;5;12;77;201;6;66;207;0;6;6124456;6811510;10658368;255068;6159239;11774831;358550;0;2167
FR;2;2022-07-18;57;103;514;2509;61;384;2648;0;59;6124513;6811613;10658882;257577;6159300;11775215;361198;0;2226
FR;2;2022-07-19;66;133;770;4254;72;555;4443;0;72;6124579;6811746;10659652;261831;6159372;11775770;365641;0;2298
FR;2;2022-07-20;59;117;582;3179;68;430;3278;0;87;6124638;6811863;10660234;265010;6159440;11776200;368919;0;2385
FR;2;2022-07-21;60;110;671;3680;73;485;3797;0;105;6124698;6811973;10660905;268690;6159513;11776685;372716;0;2490
FR;2;2022-07-22;51;99;698;3548;48;506;3697;0;80;6124749;6812072;10661603;272238;6159561;11777191;376413;0;2570
FR;2;2022-07-23;39;97;290;1173;52;229;1226;0;37;6124788;6812169;10661893;273411;6159613;11777420;377639;0;2607
FR;2;2022-07-24;14;24;68;201;19;67;203;0;7;6124802;6812193;10661961;273612;6159632;11777487;377842;0;2614
FR;2;2022-07-25;50;71;405;1938;60;300;2000;0;56;6124852;6812264;10662366;275550;6159692;11777787;379842;0;2670
FR;2;2022-07-26;57;133;606;3423;66;477;3496;0;113;6124909;6812397;10662972;278973;6159758;11778264;383338;0;2783
FR;2;2022-07-27;42;81;457;2782;50;361;2801;0;89;6124951;6812478;10663429;281755;6159808;11778625;386139;0;2872
FR;2;2022-07-28;29;75;450;2485;36;357;2489;0;78;6124980;6812553;10663879;284240;6159844;11778982;388628;0;2950
FR;2;2022-07-29;68;88;535;2857;63;347;2978;0;72;6125048;6812641;10664414;287097;6159907;11779329;391606;0;3022
FR;2;2022-07-30;22;39;162;775;32;110;794;0;24;6125070;6812680;10664576;287872;6159939;11779439;392400;0;3046
FR;2;2022-07-31;6;13;27;104;12;21;110;0;2;6125076;6812693;10664603;287976;6159951;11779460;392510;0;3048
FR;2;2022-08-01;38;105;323;1261;73;260;1343;0;29;6125114;6812798;10664926;289237;6160024;11779720;393853;0;3077
FR;2;2022-08-02;49;75;325;2060;50;247;2096;0;78;6125163;6812873;10665251;291297;6160074;11779967;395949;0;3155
FR;2;2022-08-03;29;53;259;1611;25;187;1617;0;57;6125192;6812926;10665510;292908;6160099;11780154;397566;0;3212
FR;2;2022-08-04;40;65;306;1692;39;240;1701;0;66;6125232;6812991;10665816;294600;6160138;11780394;399267;0;3278
FR;2;2022-08-05;33;94;328;1880;67;236;1911;0;60;6125265;6813085;10666144;296480;6160205;11780630;401178;0;3338
FR;2;2022-08-06;22;41;106;365;29;82;372;0;10;6125287;6813126;10666250;296845;6160234;11780712;401550;0;3348
FR;2;2022-08-07;7;8;15;69;5;16;71;0;3;6125294;6813134;10666265;296914;6160239;11780728;401621;0;3351
FR;2;2022-08-08;19;35;218;877;22;146;915;0;33;6125313;6813169;10666483;297791;6160261;11780874;402536;0;3384
FR;2;2022-08-09;29;51;279;1475;40;238;1471;0;50;6125342;6813220;10666762;299266;6160301;11781112;404007;0;3434
FR;2;2022-08-10;15;21;213;1133;18;150;1154;0;46;6125357;6813241;10666975;300399;6160319;11781262;405161;0;3480
FR;2;2022-08-11;21;41;174;1039;26;117;1048;0;40;6125378;6813282;10667149;301438;6160345;11781379;406209;0;3520
FR;2;2022-08-12;36;49;184;1046;37;140;1069;0;35;6125414;6813331;10667333;302484;6160382;11781519;407278;0;3555
FR;2;2022-08-13;9;19;47;149;15;53;137;0;5;6125423;6813350;10667380;302633;6160397;11781572;407415;0;3560
FR;2;2022-08-14;1;2;12;52;1;11;54;0;1;6125424;6813352;10667392;302685;6160398;11781583;407469;0;3561
FR;2;2022-08-15;0;5;32;22;2;21;21;0;3;6125424;6813357;10667424;302707;6160400;11781604;407490;0;3564
FR;2;2022-08-16;27;32;144;681;33;120;678;0;33;6125451;6813389;10667568;303388;6160433;11781724;408168;0;3597
FR;2;2022-08-17;17;26;109;738;18;88;744;0;34;6125468;6813415;10667677;304126;6160451;11781812;408912;0;3631
FR;2;2022-08-18;14;28;160;836;12;107;852;0;42;6125482;6813443;10667837;304962;6160463;11781919;409764;0;3673
FR;2;2022-08-19;8;38;118;706;31;88;706;0;33;6125490;6813481;10667955;305668;6160494;11782007;410470;0;3706
FR;2;2022-08-20;6;26;61;197;16;52;201;0;8;6125496;6813507;10668016;305865;6160510;11782059;410671;0;3714
FR;2;2022-08-21;4;14;15;19;6;13;31;0;0;6125500;6813521;10668031;305884;6160516;11782072;410702;0;3714
FR;2;2022-08-22;11;25;116;395;17;73;451;0;13;6125511;6813546;10668147;306279;6160533;11782145;411153;0;3727
FR;2;2022-08-23;11;41;134;671;22;112;679;0;38;6125522;6813587;10668281;306950;6160555;11782257;411832;0;3765
FR;2;2022-08-24;11;28;87;466;21;80;472;0;18;6125533;6813615;10668368;307416;6160576;11782337;412304;0;3783
FR;2;2022-08-25;8;32;109;481;16;69;516;0;17;6125541;6813647;10668477;307897;6160592;11782406;412820;0;3800
FR;2;2022-08-26;15;46;117;720;36;91;713;0;32;6125556;6813693;10668594;308617;6160628;11782497;413533;0;3832
FR;2;2022-08-27;10;19;47;156;16;42;164;0;2;6125566;6813712;10668641;308773;6160644;11782539;413697;0;3834
FR;2;2022-08-28;1;5;5;15;1;7;16;0;1;6125567;6813717;10668646;308788;6160645;11782546;413713;0;3835
FR;2;2022-08-29;24;43;93;400;29;87;396;0;24;6125591;6813760;10668739;309188;6160674;11782633;414109;0;3859
FR;2;2022-08-30;31;54;154;791;34;119;798;0;29;6125622;6813814;10668893;309979;6160708;11782752;414907;0;3888
FR;2;2022-08-31;19;35;85;392;22;79;393;0;25;6125641;6813849;10668978;310371;6160730;11782831;415300;0;3913
FR;2;2022-09-01;19;42;139;600;24;122;609;0;36;6125660;6813891;10669117;310971;6160754;11782953;415909;0;3949
FR;2;2022-09-02;34;56;146;744;34;158;748;0;32;6125694;6813947;10669263;311715;6160788;11783111;416657;0;3981
FR;2;2022-09-03;17;20;83;205;11;67;213;0;7;6125711;6813967;10669346;311920;6160799;11783178;416870;0;3988
FR;2;2022-09-04;8;5;9;31;2;10;30;0;3;6125719;6813972;10669355;311951;6160801;11783188;416900;0;3991
FR;2;2022-09-05;29;29;125;367;23;96;396;0;24;6125748;6814001;10669480;312318;6160824;11783284;417296;0;4015
FR;2;2022-09-06;43;62;158;761;42;153;767;0;36;6125791;6814063;10669638;313079;6160866;11783437;418063;0;4051
FR;2;2022-09-07;21;20;74;375;16;49;387;0;22;6125812;6814083;10669712;313454;6160882;11783486;418450;0;4073
FR;2;2022-09-08;31;57;109;636;40;100;646;0;22;6125843;6814140;10669821;314090;6160922;11783586;419096;0;4095
FR;2;2022-09-09;18;24;126;752;21;74;745;0;46;6125861;6814164;10669947;314842;6160943;11783660;419841;0;4141
FR;2;2022-09-10;14;24;57;117;16;48;131;0;4;6125875;6814188;10670004;314959;6160959;11783708;419972;0;4145
FR;2;2022-09-11;11;5;11;11;2;13;13;0;0;6125886;6814193;10670015;314970;6160961;11783721;419985;0;4145
FR;2;2022-09-12;20;30;69;340;25;55;352;0;16;6125906;6814223;10670084;315310;6160986;11783776;420337;0;4161
FR;2;2022-09-13;15;34;125;670;13;99;674;0;40;6125921;6814257;10670209;315980;6160999;11783875;421011;0;4201
FR;2;2022-09-14;19;21;81;480;19;59;478;0;36;6125940;6814278;10670290;316460;6161018;11783934;421489;0;4237
FR;2;2022-09-15;22;43;126;486;25;102;493;0;47;6125962;6814321;10670416;316946;6161043;11784036;421982;0;4284
FR;2;2022-09-16;21;31;124;563;17;89;585;0;39;6125983;6814352;10670540;317509;6161060;11784125;422567;0;4323
FR;2;2022-09-17;6;20;56;160;15;52;147;0;13;6125989;6814372;10670596;317669;6161075;11784177;422714;0;4336
FR;2;2022-09-18;4;7;13;37;6;10;37;0;3;6125993;6814379;10670609;317706;6161081;11784187;422751;0;4339
FR;2;2022-09-19;26;24;114;353;16;87;381;0;22;6126019;6814403;10670723;318059;6161097;11784274;423132;0;4361
FR;2;2022-09-20;27;27;117;624;21;84;639;0;38;6126046;6814430;10670840;318683;6161118;11784358;423771;0;4399
FR;2;2022-09-21;15;30;100;393;15;78;418;0;22;6126061;6814460;10670940;319076;6161133;11784436;424189;0;4421
FR;2;2022-09-22;16;39;124;581;18;95;619;0;28;6126077;6814499;10671064;319657;6161151;11784531;424808;0;4449
FR;2;2022-09-23;21;38;135;555;22;111;570;0;39;6126098;6814537;10671199;320212;6161173;11784642;425378;0;4488
FR;2;2022-09-24;10;8;51;190;6;36;201;0;6;6126108;6814545;10671250;320402;6161179;11784678;425579;0;4494
FR;2;2022-09-25;9;11;14;29;11;11;33;0;5;6126117;6814556;10671264;320431;6161190;11784689;425612;0;4499
FR;2;2022-09-26;22;41;106;447;27;79;458;0;20;6126139;6814597;10671370;320878;6161217;11784768;426070;0;4519
FR;2;2022-09-27;30;46;161;906;35;108;861;0;52;6126169;6814643;10671531;321784;6161252;11784876;426931;0;4571
FR;2;2022-09-28;15;31;93;421;18;74;439;0;23;6126184;6814674;10671624;322205;6161270;11784950;427370;0;4594
FR;2;2022-09-29;26;48;114;618;23;110;630;0;33;6126210;6814722;10671738;322823;6161293;11785060;428000;0;4627
FR;2;2022-09-30;25;44;111;520;44;84;533;0;31;6126235;6814766;10671849;323343;6161337;11785144;428533;0;4658
FR;2;2022-10-01;11;20;51;128;20;36;129;0;8;6126246;6814786;10671900;323471;6161357;11785180;428662;0;4666
FR;2;2022-10-02;0;5;8;21;4;5;25;0;2;6126246;6814791;10671908;323492;6161361;11785185;428687;0;4668
FR;2;2022-10-03;22;30;83;291;26;66;306;0;22;6126268;6814821;10671991;323783;6161387;11785251;428993;0;4690
FR;2;2022-10-04;17;21;106;602;19;71;621;0;46;6126285;6814842;10672097;324385;6161406;11785322;429614;0;4736
FR;2;2022-10-05;20;29;75;491;24;67;488;0;54;6126305;6814871;10672172;324876;6161430;11785389;430102;0;4790
FR;2;2022-10-06;30;23;74;442;17;71;428;0;65;6126335;6814894;10672246;325318;6161447;11785460;430530;0;4855
FR;2;2022-10-07;21;30;86;499;26;66;503;0;42;6126356;6814924;10672332;325817;6161473;11785526;431033;0;4897
FR;2;2022-10-08;12;8;23;114;3;24;108;0;12;6126368;6814932;10672355;325931;6161476;11785550;431141;0;4909
FR;2;2022-10-09;1;8;15;17;6;11;22;0;5;6126369;6814940;10672370;325948;6161482;11785561;431163;0;4914
FR;2;2022-10-10;18;24;47;223;22;49;218;0;21;6126387;6814964;10672417;326171;6161504;11785610;431381;0;4935
FR;2;2022-10-11;16;15;47;253;11;39;240;0;52;6126403;6814979;10672464;326424;6161515;11785649;431621;0;4987
FR;2;2022-10-12;8;17;52;290;13;36;305;0;56;6126411;6814996;10672516;326714;6161528;11785685;431926;0;5043
FR;2;2022-10-13;11;14;48;271;9;48;262;0;25;6126422;6815010;10672564;326985;6161537;11785733;432188;0;5068
FR;2;2022-10-14;12;28;36;229;17;39;230;0;29;6126434;6815038;10672600;327214;6161554;11785772;432418;0;5097
FR;2;2022-10-15;4;10;22;111;4;17;113;0;15;6126438;6815048;10672622;327325;6161558;11785789;432531;0;5112
FR;2;2022-10-16;0;5;4;10;5;6;8;0;0;6126438;6815053;10672626;327335;6161563;11785795;432539;0;5112
FR;2;2022-10-17;15;17;31;122;16;26;132;0;29;6126453;6815070;10672657;327457;6161579;11785821;432671;0;5141
FR;2;2022-10-18;13;11;68;181;5;34;217;0;41;6126466;6815081;10672725;327638;6161584;11785855;432888;0;5182
FR;2;2022-10-19;8;17;36;182;12;30;184;0;42;6126474;6815098;10672761;327820;6161596;11785885;433072;0;5224
FR;2;2022-10-20;11;29;41;200;15;40;196;0;52;6126485;6815127;10672802;328020;6161611;11785925;433268;0;5276
FR;2;2022-10-21;5;15;60;232;6;53;222;0;30;6126490;6815142;10672862;328252;6161617;11785978;433490;0;5306
FR;2;2022-10-22;8;7;25;101;2;23;102;0;20;6126498;6815149;10672887;328353;6161619;11786001;433592;0;5326
FR;2;2022-10-23;0;3;1;5;3;0;6;0;2;6126498;6815152;10672888;328358;6161622;11786001;433598;0;5328
FR;2;2022-10-24;12;12;16;109;12;16;112;0;20;6126510;6815164;10672904;328467;6161634;11786017;433710;0;5348
FR;2;2022-10-25;12;7;23;138;6;15;145;0;51;6126522;6815171;10672927;328605;6161640;11786032;433855;0;5399
FR;2;2022-10-26;4;3;16;90;2;11;95;0;27;6126526;6815174;10672943;328695;6161642;11786043;433950;0;5426
FR;2;2022-10-27;7;9;18;86;9;20;69;0;26;6126533;6815183;10672961;328781;6161651;11786063;434019;0;5452
FR;2;2022-10-28;5;3;15;91;3;7;92;0;27;6126538;6815186;10672976;328872;6161654;11786070;434111;0;5479
FR;2;2022-10-29;7;8;18;33;6;14;37;0;8;6126545;6815194;10672994;328905;6161660;11786084;434148;0;5487
FR;2;2022-10-30;3;7;5;8;5;2;5;0;1;6126548;6815201;10672999;328913;6161665;11786086;434153;0;5488
FR;2;2022-10-31;2;8;6;49;6;10;48;0;11;6126550;6815209;10673005;328962;6161671;11786096;434201;0;5499
FR;2;2022-11-01;0;0;7;1;0;5;3;0;0;6126550;6815209;10673012;328963;6161671;11786101;434204;0;5499
FR;2;2022-11-02;6;5;12;44;5;12;45;0;11;6126556;6815214;10673024;329007;6161676;11786113;434249;0;5510
FR;2;2022-11-03;6;7;15;77;6;10;74;0;18;6126562;6815221;10673039;329084;6161682;11786123;434323;0;5528
FR;2;2022-11-04;7;12;14;85;10;14;92;0;10;6126569;6815233;10673053;329169;6161692;11786137;434415;0;5538
FR;2;2022-11-05;0;11;12;38;6;16;35;0;6;6126569;6815244;10673065;329207;6161698;11786153;434450;0;5544
FR;2;2022-11-06;0;1;2;1;0;3;0;0;2;6126569;6815245;10673067;329208;6161698;11786156;434450;0;5546
FR;2;2022-11-07;11;7;14;66;5;13;65;0;20;6126580;6815252;10673081;329274;6161703;11786169;434515;0;5566
FR;2;2022-11-08;10;6;18;58;4;14;65;0;27;6126590;6815258;10673099;329332;6161707;11786183;434580;0;5593
FR;2;2022-11-09;4;5;17;56;2;17;50;0;28;6126594;6815263;10673116;329388;6161709;11786200;434630;0;5621
FR;2;2022-11-10;7;10;17;74;7;14;76;0;14;6126601;6815273;10673133;329462;6161716;11786214;434706;0;5635
FR;2;2022-11-11;0;3;7;3;0;8;4;0;0;6126601;6815276;10673140;329465;6161716;11786222;434710;0;5635
FR;2;2022-11-12;2;5;7;19;4;7;19;0;4;6126603;6815281;10673147;329484;6161720;11786229;434729;0;5639
FR;2;2022-11-13;2;2;3;2;1;4;1;0;0;6126605;6815283;10673150;329486;6161721;11786233;434730;0;5639
FR;2;2022-11-14;4;6;11;29;3;8;33;0;7;6126609;6815289;10673161;329515;6161724;11786241;434763;0;5646
FR;2;2022-11-15;6;12;14;35;13;17;32;0;7;6126615;6815301;10673175;329550;6161737;11786258;434795;0;5653
FR;2;2022-11-16;4;3;4;45;3;4;46;0;18;6126619;6815304;10673179;329595;6161740;11786262;434841;0;5671
FR;2;2022-11-17;2;6;11;53;5;8;52;0;22;6126621;6815310;10673190;329648;6161745;11786270;434893;0;5693
FR;2;2022-11-18;3;4;7;41;4;6;44;0;10;6126624;6815314;10673197;329689;6161749;11786276;434937;0;5703
FR;2;2022-11-19;3;2;2;25;2;3;18;0;5;6126627;6815316;10673199;329714;6161751;11786279;434955;0;5708
FR;2;2022-11-20;0;2;6;8;2;6;10;0;25;6126627;6815318;10673205;329722;6161753;11786285;434965;0;5733
FR;2;2022-11-21;6;10;9;31;7;8;34;0;22;6126633;6815328;10673214;329753;6161760;11786293;434999;0;5755
FR;2;2022-11-22;8;8;20;65;6;21;70;0;71;6126641;6815336;10673234;329818;6161766;11786314;435069;0;5826
FR;2;2022-11-23;7;6;8;67;3;5;72;0;8;6126648;6815342;10673242;329885;6161769;11786319;435141;0;5834
FR;2;2022-11-24;2;2;11;50;2;7;57;0;10;6126650;6815344;10673253;329935;6161771;11786326;435198;0;5844
FR;2;2022-11-25;11;8;11;25;11;13;26;0;8;6126661;6815352;10673264;329960;6161782;11786339;435224;0;5852
FR;2;2022-11-26;1;5;4;8;4;7;6;0;0;6126662;6815357;10673268;329968;6161786;11786346;435230;0;5852
FR;2;2022-11-27;2;2;12;2;0;11;4;0;1;6126664;6815359;10673280;329970;6161786;11786357;435234;0;5853
FR;2;2022-11-28;0;2;7;35;1;5;37;0;5;6126664;6815361;10673287;330005;6161787;11786362;435271;0;5858
FR;2;2022-11-29;1;1;9;24;0;3;30;0;8;6126665;6815362;10673296;330029;6161787;11786365;435301;0;5866
FR;2;2022-11-30;2;1;9;47;0;10;44;0;21;6126667;6815363;10673305;330076;6161787;11786375;435345;0;5887
FR;2;2022-12-01;2;7;4;58;4;12;50;0;23;6126669;6815370;10673309;330134;6161791;11786387;435395;0;5910
FR;2;2022-12-02;1;1;10;52;1;8;52;0;27;6126670;6815371;10673319;330186;6161792;11786395;435447;0;5937
FR;2;2022-12-03;1;3;4;19;1;4;18;0;10;6126671;6815374;10673323;330205;6161793;11786399;435465;0;5947
FR;2;2022-12-04;0;0;0;4;0;0;4;0;0;6126671;6815374;10673323;330209;6161793;11786399;435469;0;5947
FR;2;2022-12-05;3;1;4;49;4;1;42;0;16;6126674;6815375;10673327;330258;6161797;11786400;435511;0;5963
FR;2;2022-12-06;3;4;11;41;3;6;41;0;17;6126677;6815379;10673338;330299;6161800;11786406;435552;0;5980
FR;2;2022-12-07;1;3;8;42;2;6;44;0;11;6126678;6815382;10673346;330341;6161802;11786412;435596;0;5991
FR;2;2022-12-08;0;2;10;44;0;5;49;0;16;6126678;6815384;10673356;330385;6161802;11786417;435645;0;6007
FR;2;2022-12-09;0;1;10;52;0;7;56;0;16;6126678;6815385;10673366;330437;6161802;11786424;435701;0;6023
FR;2;2022-12-10;0;0;8;48;0;0;48;0;8;6126678;6815385;10673374;330485;6161802;11786424;435749;0;6031
FR;2;2022-12-11;0;0;2;2;0;2;1;0;3;6126678;6815385;10673376;330487;6161802;11786426;435750;0;6034
FR;2;2022-12-12;0;0;4;36;0;4;35;0;10;6126678;6815385;10673380;330523;6161802;11786430;435785;0;6044
FR;2;2022-12-13;0;2;1;37;1;1;36;0;14;6126678;6815387;10673381;330560;6161803;11786431;435821;0;6058
FR;2;2022-12-14;0;2;6;25;2;2;30;0;13;6126678;6815389;10673387;330585;6161805;11786433;435851;0;6071
FR;2;2022-12-15;0;2;6;42;2;3;43;0;17;6126678;6815391;10673393;330627;6161807;11786436;435894;0;6088
FR;2;2022-12-16;2;4;13;55;3;9;59;0;15;6126680;6815395;10673406;330682;6161810;11786445;435953;0;6103
FR;2;2022-12-17;1;2;6;44;2;1;39;0;4;6126681;6815397;10673412;330726;6161812;11786446;435992;0;6107
FR;2;2022-12-18;1;0;0;0;0;0;0;0;1;6126682;6815397;10673412;330726;6161812;11786446;435992;0;6108
FR;2;2022-12-19;5;1;1;27;0;2;21;0;23;6126687;6815398;10673413;330753;6161812;11786448;436013;0;6131
FR;2;2022-12-20;0;1;2;34;0;2;35;0;24;6126687;6815399;10673415;330787;6161812;11786450;436048;0;6155
FR;3;2020-12-27;0;0;0;0;0;0;0;0;0;0;0;0;0;0;0;0;0;0
FR;3;2020-12-28;0;0;0;0;0;0;0;0;0;0;0;0;0;0;0;0;0;0
FR;3;2020-12-29;0;0;0;0;0;0;0;0;0;0;0;0;0;0;0;0;0;0
FR;3;2020-12-30;0;0;0;0;0;0;0;0;0;0;0;0;0;0;0;0;0;0
FR;3;2020-12-31;0;0;0;0;0;0;0;0;0;0;0;0;0;0;0;0;0;0
FR;3;2021-01-01;0;0;0;0;0;0;0;0;0;0;0;0;0;0;0;0;0;0
FR;3;2021-01-02;0;0;0;0;0;0;0;0;0;0;0;0;0;0;0;0;0;0
FR;3;2021-01-03;0;0;0;0;0;0;0;0;0;0;0;0;0;0;0;0;0;0
FR;3;2021-01-04;0;0;0;0;0;0;0;0;0;0;0;0;0;0;0;0;0;0
FR;3;2021-01-05;0;0;0;0;0;0;0;0;0;0;0;0;0;0;0;0;0;0
FR;3;2021-01-06;0;0;0;0;0;0;0;0;0;0;0;0;0;0;0;0;0;0
FR;3;2021-01-07;0;0;0;0;0;0;0;0;0;0;0;0;0;0;0;0;0;0
FR;3;2021-01-08;0;0;0;0;0;0;0;0;0;0;0;0;0;0;0;0;0;0
FR;3;2021-01-09;0;0;0;0;0;0;0;0;0;0;0;0;0;0;0;0;0;0
FR;3;2021-01-10;0;0;0;0;0;0;0;0;0;0;0;0;0;0;0;0;0;0
FR;3;2021-01-11;0;0;0;0;0;0;0;0;0;0;0;0;0;0;0;0;0;0
FR;3;2021-01-12;0;0;0;0;0;0;0;0;0;0;0;0;0;0;0;0;0;0
FR;3;2021-01-13;0;0;0;0;0;0;0;0;0;0;0;0;0;0;0;0;0;0
FR;3;2021-01-14;0;0;0;0;0;0;0;0;0;0;0;0;0;0;0;0;0;0
FR;3;2021-01-15;0;0;0;0;0;0;0;0;0;0;0;0;0;0;0;0;0;0
FR;3;2021-01-16;0;0;0;0;0;0;0;0;0;0;0;0;0;0;0;0;0;0
FR;3;2021-01-17;0;0;0;0;0;0;0;0;0;0;0;0;0;0;0;0;0;0
FR;3;2021-01-18;0;0;0;0;0;0;0;0;0;0;0;0;0;0;0;0;0;0
FR;3;2021-01-19;0;0;0;0;0;0;0;0;0;0;0;0;0;0;0;0;0;0
FR;3;2021-01-20;0;0;0;0;0;0;0;0;0;0;0;0;0;0;0;0;0;0
FR;3;2021-01-21;0;0;0;0;0;0;0;0;0;0;0;0;0;0;0;0;0;0
FR;3;2021-01-22;0;0;0;0;0;0;0;0;0;0;0;0;0;0;0;0;0;0
FR;3;2021-01-23;0;0;0;0;0;0;0;0;0;0;0;0;0;0;0;0;0;0
FR;3;2021-01-24;0;0;0;0;0;0;0;0;0;0;0;0;0;0;0;0;0;0
FR;3;2021-01-25;0;0;0;0;0;0;0;0;0;0;0;0;0;0;0;0;0;0
FR;3;2021-01-26;0;0;0;0;0;0;0;0;0;0;0;0;0;0;0;0;0;0
FR;3;2021-01-27;0;0;0;0;0;0;0;0;0;0;0;0;0;0;0;0;0;0
FR;3;2021-01-28;0;0;0;0;0;0;0;0;0;0;0;0;0;0;0;0;0;0
FR;3;2021-01-29;0;0;0;0;0;0;0;0;0;0;0;0;0;0;0;0;0;0
FR;3;2021-01-30;0;0;0;0;0;0;0;0;0;0;0;0;0;0;0;0;0;0
FR;3;2021-01-31;0;0;0;0;0;0;0;0;0;0;0;0;0;0;0;0;0;0
FR;3;2021-02-01;0;0;0;0;0;0;0;0;0;0;0;0;0;0;0;0;0;0
FR;3;2021-02-02;0;0;0;0;0;0;0;0;0;0;0;0;0;0;0;0;0;0
FR;3;2021-02-03;0;0;0;0;0;0;0;0;0;0;0;0;0;0;0;0;0;0
FR;3;2021-02-04;0;0;0;0;0;0;0;0;0;0;0;0;0;0;0;0;0;0
FR;3;2021-02-05;0;0;0;0;0;0;0;0;0;0;0;0;0;0;0;0;0;0
FR;3;2021-02-06;1495;0;0;0;107;0;0;0;0;1495;0;0;0;107;0;0;0;0
FR;3;2021-02-07;1423;2;0;0;87;0;0;0;0;2918;2;0;0;194;0;0;0;0
FR;3;2021-02-08;2789;1;0;0;177;0;0;0;0;5707;3;0;0;371;0;0;0;0
FR;3;2021-02-09;6786;0;0;0;502;0;0;0;0;12493;3;0;0;873;0;0;0;0
FR;3;2021-02-10;9611;0;0;0;695;0;0;0;0;22104;3;0;0;1568;0;0;0;0
FR;3;2021-02-11;13620;4;0;0;920;0;0;0;0;35724;7;0;0;2488;0;0;0;0
FR;3;2021-02-12;13409;0;0;0;907;0;0;0;0;49133;7;0;0;3395;0;0;0;0
FR;3;2021-02-13;3799;1;0;0;218;0;0;0;0;52932;8;0;0;3613;0;0;0;0
FR;3;2021-02-14;975;1;0;0;53;0;0;0;0;53907;9;0;0;3666;0;0;0;0
FR;3;2021-02-15;10495;2;0;0;719;0;0;0;0;64402;11;0;0;4385;0;0;0;0
FR;3;2021-02-16;12555;5;0;0;871;0;0;0;0;76957;16;0;0;5256;0;0;0;0
FR;3;2021-02-17;11158;1;0;0;716;0;0;0;0;88115;17;0;0;5972;0;0;0;0
FR;3;2021-02-18;14943;2;0;0;985;0;0;0;0;103058;19;0;0;6957;0;0;0;0
FR;3;2021-02-19;14365;1;0;0;846;0;0;0;0;117423;20;0;0;7803;0;0;0;0
FR;3;2021-02-20;3330;0;0;0;178;0;0;0;0;120753;20;0;0;7981;0;0;0;0
FR;3;2021-02-21;619;0;0;0;35;0;0;0;0;121372;20;0;0;8016;0;0;0;0
FR;3;2021-02-22;9170;1;0;0;654;0;0;0;0;130542;21;0;0;8670;0;0;0;0
FR;3;2021-02-23;11403;5;0;0;759;0;0;0;0;141945;26;0;0;9429;0;0;0;0
FR;3;2021-02-24;14306;1;0;0;829;0;0;0;0;156251;27;0;0;10258;0;0;0;0
FR;3;2021-02-25;44935;3;0;0;1814;0;0;0;0;201186;30;0;0;12072;0;0;0;0
FR;3;2021-02-26;61890;9;0;0;2200;0;0;0;0;263076;39;0;0;14272;0;0;0;0
FR;3;2021-02-27;34810;14;0;0;1028;0;0;0;0;297886;53;0;0;15300;0;0;0;0
FR;3;2021-02-28;2464;0;0;0;114;0;0;0;0;300350;53;0;0;15414;0;0;0;0
FR;3;2021-03-01;20520;21;0;0;1067;0;0;0;0;320870;74;0;0;16481;0;0;0;0
FR;3;2021-03-02;38877;25;0;0;1789;0;0;0;0;359747;99;0;0;18270;0;0;0;0
FR;3;2021-03-03;48747;19;0;0;2132;0;0;0;0;408494;118;0;0;20402;0;0;0;0
FR;3;2021-03-04;82229;25;0;0;3194;0;0;0;0;490723;143;0;0;23596;0;0;0;0
FR;3;2021-03-05;118136;40;0;0;4690;0;0;0;0;608859;183;0;0;28286;0;0;0;0
FR;3;2021-03-06;120726;65;1;0;3560;0;0;0;0;729585;248;1;0;31846;0;0;0;0
FR;3;2021-03-07;55185;23;0;0;1729;0;0;0;0;784770;271;1;0;33575;0;0;0;0
FR;3;2021-03-08;42813;29;0;0;2073;0;0;0;0;827583;300;1;0;35648;0;0;0;0
FR;3;2021-03-09;78978;49;0;0;3285;0;0;0;0;906561;349;1;0;38933;0;0;0;0
FR;3;2021-03-10;80983;64;0;0;3240;0;0;0;0;987544;413;1;0;42173;0;0;0;0
FR;3;2021-03-11;128448;64;0;0;4765;0;0;0;0;1115992;477;1;0;46938;0;0;0;0
FR;3;2021-03-12;182723;120;0;0;6277;0;0;0;0;1298715;597;1;0;53215;0;0;0;0
FR;3;2021-03-13;132163;84;0;0;3523;0;0;0;0;1430878;681;1;0;56738;0;0;0;0
FR;3;2021-03-14;14057;5;0;0;549;0;0;0;0;1444935;686;1;0;57287;0;0;0;0
FR;3;2021-03-15;52236;79;0;0;2094;0;0;0;0;1497171;765;1;0;59381;0;0;0;0
FR;3;2021-03-16;1218;48;0;0;102;0;0;0;0;1498389;813;1;0;59483;0;0;0;0
FR;3;2021-03-17;950;53;0;0;92;0;0;0;0;1499339;866;1;0;59575;0;0;0;0
FR;3;2021-03-18;1575;40;0;0;100;0;0;0;0;1500914;906;1;0;59675;0;0;0;0
FR;3;2021-03-19;70459;55;0;0;2059;0;0;0;0;1571373;961;1;0;61734;0;0;0;0
FR;3;2021-03-20;65241;49;0;0;1701;0;0;0;0;1636614;1010;1;0;63435;0;0;0;0
FR;3;2021-03-21;5761;8;0;0;199;0;0;0;0;1642375;1018;1;0;63634;0;0;0;0
FR;3;2021-03-22;37510;47;0;0;1051;0;0;0;0;1679885;1065;1;0;64685;0;0;0;0
FR;3;2021-03-23;84667;86;0;0;2285;0;0;0;0;1764552;1151;1;0;66970;0;0;0;0
FR;3;2021-03-24;90954;96;0;0;2488;0;0;0;0;1855506;1247;1;0;69458;0;0;0;0
FR;3;2021-03-25;150069;144;0;0;3788;0;0;0;0;2005575;1391;1;0;73246;0;0;0;0
FR;3;2021-03-26;165430;158;0;0;4152;0;0;0;0;2171005;1549;1;0;77398;0;0;0;0
FR;3;2021-03-27;68466;102;0;0;2005;0;0;0;0;2239471;1651;1;0;79403;0;0;0;0
FR;3;2021-03-28;6479;20;0;0;237;0;0;0;0;2245950;1671;1;0;79640;0;0;0;0
FR;3;2021-03-29;54169;80;0;0;1479;0;0;0;0;2300119;1751;1;0;81119;0;0;0;0
FR;3;2021-03-30;93183;104;0;0;2565;0;0;0;0;2393302;1855;1;0;83684;0;0;0;0
FR;3;2021-03-31;63544;111;0;0;1965;0;0;0;0;2456846;1966;1;0;85649;0;0;0;0
FR;3;2021-04-01;86135;111;0;0;2491;0;0;0;0;2542981;2077;1;0;88140;0;0;0;0
FR;3;2021-04-02;86913;185;0;0;2764;0;0;0;0;2629894;2262;1;0;90904;0;0;0;0
FR;3;2021-04-03;35874;130;0;0;1160;0;0;0;0;2665768;2392;1;0;92064;0;0;0;0
FR;3;2021-04-04;3577;19;0;0;164;0;0;0;0;2669345;2411;1;0;92228;0;0;0;0
FR;3;2021-04-05;4492;38;0;0;236;0;0;0;0;2673837;2449;1;0;92464;0;0;0;0
FR;3;2021-04-06;29758;104;0;0;1091;0;0;0;0;2703595;2553;1;0;93555;0;0;0;0
FR;3;2021-04-07;32348;108;0;0;1047;0;0;0;0;2735943;2661;1;0;94602;0;0;0;0
FR;3;2021-04-08;78825;266;0;0;2613;0;0;0;0;2814768;2927;1;0;97215;0;0;0;0
FR;3;2021-04-09;161759;447;0;0;5175;0;0;0;0;2976527;3374;1;0;102390;0;0;0;0
FR;3;2021-04-10;75764;361;0;0;2694;0;0;0;0;3052291;3735;1;0;105084;0;0;0;0
FR;3;2021-04-11;7313;47;0;0;305;0;0;0;0;3059604;3782;1;0;105389;0;0;0;0
FR;3;2021-04-12;51485;213;0;0;1734;0;0;0;0;3111089;3995;1;0;107123;0;0;0;0
FR;3;2021-04-13;86234;358;0;0;2905;0;0;0;0;3197323;4353;1;0;110028;0;0;0;0
FR;3;2021-04-14;67843;375;0;0;2426;0;0;0;0;3265166;4728;1;0;112454;0;0;0;0
FR;3;2021-04-15;93242;399;0;0;3437;0;0;0;0;3358408;5127;1;0;115891;0;0;0;0
FR;3;2021-04-16;112529;621;0;0;4337;0;0;0;0;3470937;5748;1;0;120228;0;0;0;0
FR;3;2021-04-17;53319;363;1;0;2269;0;0;0;0;3524256;6111;2;0;122497;0;0;0;0
FR;3;2021-04-18;9749;49;0;0;423;0;0;0;0;3534005;6160;2;0;122920;0;0;0;0
FR;3;2021-04-19;25115;281;0;0;1087;0;0;0;0;3559120;6441;2;0;124007;0;0;0;0
FR;3;2021-04-20;45675;433;0;0;1904;0;0;0;0;3604795;6874;2;0;125911;0;0;0;0
FR;3;2021-04-21;38984;542;0;0;1886;0;0;0;0;3643779;7416;2;0;127797;0;0;0;0
FR;3;2021-04-22;54721;866;0;0;2818;0;0;0;0;3698500;8282;2;0;130615;0;0;0;0
FR;3;2021-04-23;70491;1084;0;0;3685;0;0;0;0;3768991;9366;2;0;134300;0;0;0;0
FR;3;2021-04-24;37252;1089;0;0;2477;0;0;0;0;3806243;10455;2;0;136777;0;0;0;0
FR;3;2021-04-25;6213;158;0;0;446;0;0;0;0;3812456;10613;2;0;137223;0;0;0;0
FR;3;2021-04-26;19789;693;0;0;1428;0;0;0;0;3832245;11306;2;0;138651;0;0;0;0
FR;3;2021-04-27;34485;1320;0;0;2578;0;0;0;0;3866730;12626;2;0;141229;0;0;0;0
FR;3;2021-04-28;28971;2028;0;0;3145;0;0;0;0;3895701;14654;2;0;144374;0;0;0;0
FR;3;2021-04-29;45391;6107;0;0;7925;0;0;0;0;3941092;20761;2;0;152299;0;0;0;0
FR;3;2021-04-30;55466;9089;1;0;11485;0;0;0;0;3996558;29850;3;0;163784;0;0;0;0
FR;3;2021-05-01;9517;2050;0;0;2481;0;0;0;0;4006075;31900;3;0;166265;0;0;0;0
FR;3;2021-05-02;3080;472;0;0;616;0;0;0;0;4009155;32372;3;0;166881;0;0;0;0
FR;3;2021-05-03;13063;3935;0;0;4502;0;0;0;0;4022218;36307;3;0;171383;0;0;0;0
FR;3;2021-05-04;23119;8389;0;0;9455;0;0;0;0;4045337;44696;3;0;180838;0;0;0;0
FR;3;2021-05-05;18764;10800;0;0;11738;0;0;0;0;4064101;55496;3;0;192576;0;0;0;0
FR;3;2021-05-06;34630;21215;0;0;22761;0;0;0;0;4098731;76711;3;0;215337;0;0;0;0
FR;3;2021-05-07;44210;28847;0;0;31151;0;0;0;0;4142941;105558;3;0;246488;0;0;0;0
FR;3;2021-05-08;6785;9188;0;0;9551;0;0;0;0;4149726;114746;3;0;256039;0;0;0;0
FR;3;2021-05-09;1797;2668;0;0;2768;0;0;0;0;4151523;117414;3;0;258807;0;0;0;0
FR;3;2021-05-10;15001;12885;0;0;13575;0;0;0;0;4166524;130299;3;0;272382;0;0;0;0
FR;3;2021-05-11;27100;26228;0;0;27499;0;0;0;0;4193624;156527;3;0;299881;0;0;0;0
FR;3;2021-05-12;17271;28079;0;0;29014;0;0;0;0;4210895;184606;3;0;328895;0;0;0;0
FR;3;2021-05-13;2285;3512;0;0;3632;0;0;0;0;4213180;188118;3;0;332527;0;0;0;0
FR;3;2021-05-14;14520;26051;0;0;26830;0;0;0;0;4227700;214169;3;0;359357;0;0;0;0
FR;3;2021-05-15;7233;21053;0;0;21478;0;0;0;0;4234933;235222;3;0;380835;0;0;0;0
FR;3;2021-05-16;977;2643;0;0;2688;0;0;0;0;4235910;237865;3;0;383523;0;0;0;0
FR;3;2021-05-17;7966;20188;0;0;20633;0;0;0;0;4243876;258053;3;0;404156;0;0;0;0
FR;3;2021-05-18;13416;30102;0;0;30861;0;0;0;0;4257292;288155;3;0;435017;0;0;0;0
FR;3;2021-05-19;9275;30617;0;0;31203;0;0;0;0;4266567;318772;3;0;466220;0;0;0;0
FR;3;2021-05-20;12806;53788;3;0;54709;0;0;0;0;4279373;372560;6;0;520929;0;0;0;0
FR;3;2021-05-21;12769;66127;2;0;67052;0;0;0;0;4292142;438687;8;0;587981;0;0;0;0
FR;3;2021-05-22;4965;33731;1;0;34112;0;0;0;0;4297107;472418;9;0;622093;0;0;0;0
FR;3;2021-05-23;651;2673;0;0;2705;0;0;0;0;4297758;475091;9;0;624798;0;0;0;0
FR;3;2021-05-24;884;4789;0;0;4833;0;0;0;0;4298642;479880;9;0;629631;0;0;0;0
FR;3;2021-05-25;5312;46642;1;0;47039;0;0;0;0;4303954;526522;10;0;676670;0;0;0;0
FR;3;2021-05-26;4980;52103;1;0;52573;0;0;0;0;4308934;578625;11;0;729243;0;0;0;0
FR;3;2021-05-27;6336;78964;3;0;79570;0;0;0;0;4315270;657589;14;0;808813;0;0;0;0
FR;3;2021-05-28;7544;100222;2;0;101019;0;0;0;0;4322814;757811;16;0;909832;0;0;0;0
FR;3;2021-05-29;3349;61108;1;0;61487;0;0;0;0;4326163;818919;17;0;971319;0;0;0;0
FR;3;2021-05-30;551;8101;0;0;8150;0;0;0;0;4326714;827020;17;0;979469;0;0;0;0
FR;3;2021-05-31;2442;35518;3;0;35782;0;0;0;0;4329156;862538;20;0;1015251;0;0;0;0
FR;3;2021-06-01;3414;64864;10;0;65310;0;0;0;0;4332570;927402;30;0;1080561;0;0;0;0
FR;3;2021-06-02;2735;58888;6;0;59221;0;0;0;0;4335305;986290;36;0;1139782;0;0;0;0
FR;3;2021-06-03;3495;87208;10;0;87738;0;0;0;0;4338800;1073498;46;0;1227520;0;0;0;0
FR;3;2021-06-04;4119;105795;22;0;106453;0;0;0;0;4342919;1179293;68;0;1333973;0;0;0;0
FR;3;2021-06-05;1983;52569;4;0;52882;0;0;0;0;4344902;1231862;72;0;1386855;0;0;0;0
FR;3;2021-06-06;511;5284;1;0;5331;0;0;0;0;4345413;1237146;73;0;1392186;0;0;0;0
FR;3;2021-06-07;1485;30741;11;0;30921;0;0;0;0;4346898;1267887;84;0;1423107;0;0;0;0
FR;3;2021-06-08;2062;47402;18;0;47745;0;0;0;0;4348960;1315289;102;0;1470852;0;0;0;0
FR;3;2021-06-09;1794;41851;13;0;42155;0;0;0;0;4350754;1357140;115;0;1513007;0;0;0;0
FR;3;2021-06-10;2257;67669;17;0;68065;0;0;0;0;4353011;1424809;132;0;1581072;0;0;0;0
FR;3;2021-06-11;2488;96628;34;0;97100;0;0;0;0;4355499;1521437;166;0;1678172;0;0;0;0
FR;3;2021-06-12;1178;40570;6;0;40801;0;0;0;0;4356677;1562007;172;0;1718973;0;0;0;0
FR;3;2021-06-13;283;3626;3;0;3661;0;0;0;0;4356960;1565633;175;0;1722634;0;0;0;0
FR;3;2021-06-14;1048;42321;17;0;42489;0;0;0;0;4358008;1607954;192;0;1765123;0;0;0;0
FR;3;2021-06-15;1378;80367;20;0;80666;0;0;0;0;4359386;1688321;212;0;1845789;0;0;0;0
FR;3;2021-06-16;1262;65505;20;0;65777;0;0;0;0;4360648;1753826;232;0;1911566;0;0;0;0
FR;3;2021-06-17;1667;102244;41;0;102627;0;0;0;0;4362315;1856070;273;0;2014193;0;0;0;0
FR;3;2021-06-18;1872;118432;63;0;118894;0;0;0;0;4364187;1974502;336;0;2133087;0;0;0;0
FR;3;2021-06-19;803;39458;22;0;39650;0;0;0;0;4364990;2013960;358;0;2172737;0;0;0;0
FR;3;2021-06-20;161;3213;0;0;3241;0;0;0;0;4365151;2017173;358;0;2175978;0;0;0;0
FR;3;2021-06-21;773;39068;16;0;39226;0;0;0;0;4365924;2056241;374;0;2215204;0;0;0;0
FR;3;2021-06-22;1065;70052;52;0;70322;0;0;0;0;4366989;2126293;426;0;2285526;0;0;0;0
FR;3;2021-06-23;945;50830;39;0;51102;0;0;0;0;4367934;2177123;465;0;2336628;0;0;0;0
FR;3;2021-06-24;1310;77281;48;0;77653;0;0;0;0;4369244;2254404;513;0;2414281;0;0;0;0
FR;3;2021-06-25;1410;90770;73;0;91203;0;0;0;0;4370654;2345174;586;0;2505484;0;0;0;0
FR;3;2021-06-26;632;33111;29;0;33301;0;0;0;0;4371286;2378285;615;0;2538785;0;0;0;0
FR;3;2021-06-27;167;3784;1;0;3808;0;0;0;0;4371453;2382069;616;0;2542593;0;0;0;0
FR;3;2021-06-28;655;29985;27;0;30179;0;0;0;0;4372108;2412054;643;0;2572772;0;0;0;0
FR;3;2021-06-29;856;56604;95;0;56846;0;0;0;0;4372964;2468658;738;0;2629618;0;0;0;0
FR;3;2021-06-30;905;45186;93;0;45455;0;0;0;0;4373869;2513844;831;0;2675073;0;0;0;0
FR;3;2021-07-01;1164;66064;108;0;66416;0;0;0;0;4375033;2579908;939;0;2741489;0;0;0;0
FR;3;2021-07-02;1305;90507;170;0;90985;0;0;0;0;4376338;2670415;1109;0;2832474;0;0;0;0
FR;3;2021-07-03;602;31176;51;0;31376;0;0;0;0;4376940;2701591;1160;0;2863850;0;0;0;0
FR;3;2021-07-04;144;3993;3;0;4023;0;0;0;0;4377084;2705584;1163;0;2867873;0;0;0;0
FR;3;2021-07-05;612;33633;60;0;33832;0;0;0;0;4377696;2739217;1223;0;2901705;0;0;0;0
FR;3;2021-07-06;964;55929;88;0;56241;0;0;0;0;4378660;2795146;1311;0;2957946;0;0;0;0
FR;3;2021-07-07;873;42956;80;0;43253;0;0;0;0;4379533;2838102;1391;0;3001199;0;0;0;0
FR;3;2021-07-08;1127;60793;99;0;61202;0;0;0;0;4380660;2898895;1490;0;3062401;0;0;0;0
FR;3;2021-07-09;1261;68934;128;0;69401;0;0;0;0;4381921;2967829;1618;0;3131802;0;0;0;0
FR;3;2021-07-10;643;25027;59;0;25224;0;0;0;0;4382564;2992856;1677;0;3157026;0;0;0;0
FR;3;2021-07-11;132;3181;4;0;3207;0;0;0;0;4382696;2996037;1681;0;3160233;0;0;0;0
FR;3;2021-07-12;662;23639;59;0;23852;0;0;0;0;4383358;3019676;1740;0;3184085;0;0;0;0
FR;3;2021-07-13;1648;34482;90;0;34970;0;0;0;0;4385006;3054158;1830;0;3219055;0;0;0;0
FR;3;2021-07-14;271;2477;2;0;2534;0;0;0;0;4385277;3056635;1832;0;3221589;0;0;0;0
FR;3;2021-07-15;1940;30430;85;0;31006;0;0;0;0;4387217;3087065;1917;0;3252595;0;0;0;0
FR;3;2021-07-16;2520;38663;122;0;39398;0;0;0;0;4389737;3125728;2039;0;3291993;0;0;0;0
FR;3;2021-07-17;1051;13720;26;0;14028;0;0;0;0;4390788;3139448;2065;0;3306021;0;0;0;0
FR;3;2021-07-18;266;2560;3;0;2608;0;0;0;0;4391054;3142008;2068;0;3308629;0;0;0;0
FR;3;2021-07-19;1280;16914;38;0;17282;0;0;0;0;4392334;3158922;2106;0;3325911;0;0;0;0
FR;3;2021-07-20;1823;26940;98;0;27482;0;0;0;0;4394157;3185862;2204;0;3353393;0;0;0;0
FR;3;2021-07-21;1651;19523;44;0;20028;0;0;0;0;4395808;3205385;2248;0;3373421;0;0;0;0
FR;3;2021-07-22;1856;27650;83;0;28215;0;0;0;0;4397664;3233035;2331;0;3401636;0;0;0;0
FR;3;2021-07-23;2216;30231;117;0;30970;0;0;0;0;4399880;3263266;2448;0;3432606;0;0;0;0
FR;3;2021-07-24;826;6937;25;0;7160;0;0;0;0;4400706;3270203;2473;0;3439766;0;0;0;0
FR;3;2021-07-25;210;1297;1;0;1352;0;0;0;0;4400916;3271500;2474;0;3441118;0;0;0;0
FR;3;2021-07-26;932;10525;28;0;10832;0;0;0;0;4401848;3282025;2502;0;3451950;0;0;0;0
FR;3;2021-07-27;1169;16814;56;0;17179;0;0;0;0;4403017;3298839;2558;0;3469129;0;0;0;0
FR;3;2021-07-28;989;12005;40;0;12317;0;0;0;0;4404006;3310844;2598;0;3481446;0;0;0;0
FR;3;2021-07-29;1127;15697;63;0;16110;0;0;0;0;4405133;3326541;2661;0;3497556;0;0;0;0
FR;3;2021-07-30;1129;18007;79;0;18381;0;0;0;0;4406262;3344548;2740;0;3515937;0;0;0;0
FR;3;2021-07-31;406;3714;15;0;3838;0;0;0;0;4406668;3348262;2755;0;3519775;0;0;0;0
FR;3;2021-08-01;117;452;1;0;474;0;0;0;0;4406785;3348714;2756;0;3520249;0;0;0;0
FR;3;2021-08-02;423;5035;22;0;5156;0;0;0;0;4407208;3353749;2778;0;3525405;0;0;0;0
FR;3;2021-08-03;498;7484;27;0;7619;0;0;0;0;4407706;3361233;2805;0;3533024;0;0;0;0
FR;3;2021-08-04;439;4833;26;0;4978;0;0;0;0;4408145;3366066;2831;0;3538002;0;0;0;0
FR;3;2021-08-05;433;3658;13;0;3769;0;0;0;0;4408578;3369724;2844;0;3541771;0;0;0;0
FR;3;2021-08-06;456;4706;30;0;4808;0;0;0;0;4409034;3374430;2874;0;3546579;0;0;0;0
FR;3;2021-08-07;214;1901;11;0;1947;0;0;0;0;4409248;3376331;2885;0;3548526;0;0;0;0
FR;3;2021-08-08;250;425;2;0;458;0;0;0;0;4409498;3376756;2887;0;3548984;0;0;0;0
FR;3;2021-08-09;318;2384;11;0;2455;0;0;0;0;4409816;3379140;2898;0;3551439;0;0;0;0
FR;3;2021-08-10;368;3755;15;0;3844;0;0;0;0;4410184;3382895;2913;0;3555283;0;0;0;0
FR;3;2021-08-11;291;2649;15;0;2709;0;0;0;0;4410475;3385544;2928;0;3557992;0;0;0;0
FR;3;2021-08-12;279;2572;13;0;2660;0;0;0;0;4410754;3388116;2941;0;3560652;0;0;0;0
FR;3;2021-08-13;278;2256;16;0;2341;0;0;0;0;4411032;3390372;2957;0;3562993;0;0;0;0
FR;3;2021-08-14;172;882;1;0;913;0;0;0;0;4411204;3391254;2958;0;3563906;0;0;0;0
FR;3;2021-08-15;56;174;0;0;183;0;0;0;0;4411260;3391428;2958;0;3564089;0;0;0;0
FR;3;2021-08-16;125;1018;8;0;1057;0;0;0;0;4411385;3392446;2966;0;3565146;0;0;0;0
FR;3;2021-08-17;191;1431;8;0;1472;0;0;0;0;4411576;3393877;2974;0;3566618;0;0;0;0
FR;3;2021-08-18;204;1313;10;0;1355;0;0;0;0;4411780;3395190;2984;0;3567973;0;0;0;0
FR;3;2021-08-19;165;1374;10;0;1422;0;0;0;0;4411945;3396564;2994;0;3569395;0;0;0;0
FR;3;2021-08-20;167;1599;16;0;1661;0;0;0;0;4412112;3398163;3010;0;3571056;0;0;0;0
FR;3;2021-08-21;93;581;2;0;596;0;0;0;0;4412205;3398744;3012;0;3571652;0;0;0;0
FR;3;2021-08-22;42;191;1;0;194;0;0;0;0;4412247;3398935;3013;0;3571846;0;0;0;0
FR;3;2021-08-23;141;884;7;0;929;0;0;0;0;4412388;3399819;3020;0;3572775;0;0;0;0
FR;3;2021-08-24;125;927;10;0;959;0;0;0;0;4412513;3400746;3030;0;3573734;0;0;0;0
FR;3;2021-08-25;137;821;3;0;850;0;0;0;0;4412650;3401567;3033;0;3574584;0;0;0;0
FR;3;2021-08-26;172;830;9;0;878;0;0;0;0;4412822;3402397;3042;0;3575462;0;0;0;0
FR;3;2021-08-27;178;937;9;0;990;0;0;0;0;4413000;3403334;3051;0;3576452;0;0;0;0
FR;3;2021-08-28;101;373;4;0;390;0;0;0;0;4413101;3403707;3055;0;3576842;0;0;0;0
FR;3;2021-08-29;128;128;1;0;161;0;0;0;0;4413229;3403835;3056;0;3577003;0;0;0;0
FR;3;2021-08-30;100;565;0;0;472;110;0;0;0;4413329;3404400;3056;0;3577475;110;0;0;0
FR;3;2021-08-31;134;687;7;0;591;135;0;0;0;4413463;3405087;3063;0;3578066;245;0;0;0
FR;3;2021-09-01;122;461;5;0;381;109;0;0;0;4413585;3405548;3068;0;3578447;354;0;0;0
FR;3;2021-09-02;100;596;22;0;533;104;0;0;0;4413685;3406144;3090;0;3578980;458;0;0;0
FR;3;2021-09-03;116;557;17;0;480;118;0;0;0;4413801;3406701;3107;0;3579460;576;0;0;0
FR;3;2021-09-04;55;292;3;0;253;50;0;0;0;4413856;3406993;3110;0;3579713;626;0;0;0
FR;3;2021-09-05;52;67;5;0;56;26;0;0;0;4413908;3407060;3115;0;3579769;652;0;0;0
FR;3;2021-09-06;118;369;4;0;262;131;0;0;0;4414026;3407429;3119;0;3580031;783;0;0;0
FR;3;2021-09-07;124;436;14;0;351;117;0;0;0;4414150;3407865;3133;0;3580382;900;0;0;0
FR;3;2021-09-08;121;342;2;0;271;88;0;0;0;4414271;3408207;3135;0;3580653;988;0;0;0
FR;3;2021-09-09;94;380;8;0;300;103;0;0;0;4414365;3408587;3143;0;3580953;1091;0;0;0
FR;3;2021-09-10;101;399;3;0;329;93;0;0;0;4414466;3408986;3146;0;3581282;1184;0;0;0
FR;3;2021-09-11;78;232;4;0;177;65;0;0;0;4414544;3409218;3150;0;3581459;1249;0;0;0
FR;3;2021-09-12;37;48;1;0;37;16;0;0;0;4414581;3409266;3151;0;3581496;1265;0;0;0
FR;3;2021-09-13;78;301;7;0;217;103;1;0;0;4414659;3409567;3158;0;3581713;1368;1;0;0
FR;3;2021-09-14;75;273;6;0;193;94;0;0;0;4414734;3409840;3164;0;3581906;1462;1;0;0
FR;3;2021-09-15;63;254;3;0;259;6;0;0;0;4414797;3410094;3167;0;3582165;1468;1;0;0
FR;3;2021-09-16;65;321;6;0;332;6;0;0;0;4414862;3410415;3173;0;3582497;1474;1;0;0
FR;3;2021-09-17;52;327;3;0;339;6;0;0;0;4414914;3410742;3176;0;3582836;1480;1;0;0
FR;3;2021-09-18;37;172;1;0;176;1;0;0;0;4414951;3410914;3177;0;3583012;1481;1;0;0
FR;3;2021-09-19;29;31;2;0;34;1;0;0;0;4414980;3410945;3179;0;3583046;1482;1;0;0
FR;3;2021-09-20;81;192;0;0;200;1;0;0;0;4415061;3411137;3179;0;3583246;1483;1;0;0
FR;3;2021-09-21;60;271;7;0;275;8;0;0;0;4415121;3411408;3186;0;3583521;1491;1;0;0
FR;3;2021-09-22;66;230;6;0;243;7;0;0;0;4415187;3411638;3192;0;3583764;1498;1;0;0
FR;3;2021-09-23;37;258;11;0;262;7;0;0;0;4415224;3411896;3203;0;3584026;1505;1;0;0
FR;3;2021-09-24;28;320;12;0;318;18;0;0;0;4415252;3412216;3215;0;3584344;1523;1;0;0
FR;3;2021-09-25;31;144;3;0;150;3;0;0;0;4415283;3412360;3218;0;3584494;1526;1;0;0
FR;3;2021-09-26;16;57;1;0;59;1;0;0;0;4415299;3412417;3219;0;3584553;1527;1;0;0
FR;3;2021-09-27;48;285;3;0;288;5;0;0;0;4415347;3412702;3222;0;3584841;1532;1;0;0
FR;3;2021-09-28;49;245;6;0;253;8;0;0;0;4415396;3412947;3228;0;3585094;1540;1;0;0
FR;3;2021-09-29;39;219;10;0;223;15;0;0;0;4415435;3413166;3238;0;3585317;1555;1;0;0
FR;3;2021-09-30;40;202;8;0;206;11;0;0;0;4415475;3413368;3246;0;3585523;1566;1;0;0
FR;3;2021-10-01;23;159;6;0;161;8;0;0;0;4415498;3413527;3252;0;3585684;1574;1;0;0
FR;3;2021-10-02;17;84;0;0;85;0;0;0;0;4415515;3413611;3252;0;3585769;1574;1;0;0
FR;3;2021-10-03;19;19;1;0;19;2;0;0;0;4415534;3413630;3253;0;3585788;1576;1;0;0
FR;3;2021-10-04;33;158;4;0;163;4;0;0;0;4415567;3413788;3257;0;3585951;1580;1;0;0
FR;3;2021-10-05;17;148;10;0;153;12;0;0;0;4415584;3413936;3267;0;3586104;1592;1;0;0
FR;3;2021-10-06;33;143;9;0;151;10;0;0;0;4415617;3414079;3276;0;3586255;1602;1;0;0
FR;3;2021-10-07;20;132;6;0;130;6;0;0;0;4415637;3414211;3282;0;3586385;1608;1;0;0
FR;3;2021-10-08;25;137;10;0;142;9;0;0;0;4415662;3414348;3292;0;3586527;1617;1;0;0
FR;3;2021-10-09;17;71;1;0;72;1;0;0;0;4415679;3414419;3293;0;3586599;1618;1;0;0
FR;3;2021-10-10;13;17;2;0;16;3;0;0;0;4415692;3414436;3295;0;3586615;1621;1;0;0
FR;3;2021-10-11;17;115;4;0;120;5;0;0;0;4415709;3414551;3299;0;3586735;1626;1;0;0
FR;3;2021-10-12;22;100;5;0;100;5;0;0;0;4415731;3414651;3304;0;3586835;1631;1;0;0
FR;3;2021-10-13;25;114;9;0;121;7;0;0;0;4415756;3414765;3313;0;3586956;1638;1;0;0
FR;3;2021-10-14;19;139;3;0;140;4;0;0;0;4415775;3414904;3316;0;3587096;1642;1;0;0
FR;3;2021-10-15;23;141;8;0;140;13;0;0;0;4415798;3415045;3324;0;3587236;1655;1;0;0
FR;3;2021-10-16;13;67;6;0;66;8;0;0;0;4415811;3415112;3330;0;3587302;1663;1;0;0
FR;3;2021-10-17;12;24;0;0;26;0;0;0;0;4415823;3415136;3330;0;3587328;1663;1;0;0
FR;3;2021-10-18;18;113;2;0;118;2;0;0;0;4415841;3415249;3332;0;3587446;1665;1;0;0
FR;3;2021-10-19;18;113;19;0;114;21;0;0;0;4415859;3415362;3351;0;3587560;1686;1;0;0
FR;3;2021-10-20;26;127;6;0;129;7;0;0;0;4415885;3415489;3357;0;3587689;1693;1;0;0
FR;3;2021-10-21;28;122;17;0;122;13;0;0;0;4415913;3415611;3374;0;3587811;1706;1;0;0
FR;3;2021-10-22;24;107;18;0;106;21;0;0;0;4415937;3415718;3392;0;3587917;1727;1;0;0
FR;3;2021-10-23;17;53;3;0;53;2;0;0;0;4415954;3415771;3395;0;3587970;1729;1;0;0
FR;3;2021-10-24;7;36;0;0;34;0;0;0;0;4415961;3415807;3395;0;3588004;1729;1;0;0
FR;3;2021-10-25;26;141;7;0;145;7;0;0;0;4415987;3415948;3402;0;3588149;1736;1;0;0
FR;3;2021-10-26;25;95;22;0;92;19;0;0;0;4416012;3416043;3424;0;3588241;1755;1;0;0
FR;3;2021-10-27;19;93;9;0;95;9;0;0;0;4416031;3416136;3433;0;3588336;1764;1;0;0
FR;3;2021-10-28;23;114;33;0;111;36;0;0;0;4416054;3416250;3466;0;3588447;1800;1;0;0
FR;3;2021-10-29;12;100;64;0;94;54;0;0;0;4416066;3416350;3530;0;3588541;1854;1;0;0
FR;3;2021-10-30;11;62;11;1;62;10;0;0;0;4416077;3416412;3541;1;3588603;1864;1;0;0
FR;3;2021-10-31;8;25;1;0;25;1;0;0;0;4416085;3416437;3542;1;3588628;1865;1;0;0
FR;3;2021-11-01;11;22;2;0;23;1;0;0;0;4416096;3416459;3544;1;3588651;1866;1;0;0
FR;3;2021-11-02;11;101;10;0;101;12;0;0;0;4416107;3416560;3554;1;3588752;1878;1;0;0
FR;3;2021-11-03;20;107;10;0;115;10;0;0;0;4416127;3416667;3564;1;3588867;1888;1;0;0
FR;3;2021-11-04;20;89;5;0;94;4;0;0;0;4416147;3416756;3569;1;3588961;1892;1;0;0
FR;3;2021-11-05;19;120;9;1;126;6;1;0;0;4416166;3416876;3578;2;3589087;1898;2;0;0
FR;3;2021-11-06;11;55;3;0;57;3;0;0;0;4416177;3416931;3581;2;3589144;1901;2;0;0
FR;3;2021-11-07;6;23;1;0;24;1;0;0;0;4416183;3416954;3582;2;3589168;1902;2;0;0
FR;3;2021-11-08;11;128;7;0;133;5;0;0;0;4416194;3417082;3589;2;3589301;1907;2;0;0
FR;3;2021-11-09;15;123;6;0;125;6;0;0;0;4416209;3417205;3595;2;3589426;1913;2;0;0
FR;3;2021-11-10;14;138;14;0;136;15;0;0;0;4416223;3417343;3609;2;3589562;1928;2;0;0
FR;3;2021-11-11;11;50;3;0;52;3;0;0;0;4416234;3417393;3612;2;3589614;1931;2;0;0
FR;3;2021-11-12;15;127;6;0;130;4;0;0;0;4416249;3417520;3618;2;3589744;1935;2;0;0
FR;3;2021-11-13;7;67;9;0;62;10;0;0;0;4416256;3417587;3627;2;3589806;1945;2;0;0
FR;3;2021-11-14;3;24;1;0;24;1;0;0;0;4416259;3417611;3628;2;3589830;1946;2;0;0
FR;3;2021-11-15;5;162;11;0;159;12;0;0;0;4416264;3417773;3639;2;3589989;1958;2;0;0
FR;3;2021-11-16;9;126;11;0;121;10;0;0;0;4416273;3417899;3650;2;3590110;1968;2;0;0
FR;3;2021-11-17;8;134;11;0;135;8;0;0;0;4416281;3418033;3661;2;3590245;1976;2;0;0
FR;3;2021-11-18;16;135;10;0;136;11;0;0;0;4416297;3418168;3671;2;3590381;1987;2;0;0
FR;3;2021-11-19;12;182;23;0;176;28;0;0;0;4416309;3418350;3694;2;3590557;2015;2;0;0
FR;3;2021-11-20;6;100;6;0;101;6;0;0;0;4416315;3418450;3700;2;3590658;2021;2;0;0
FR;3;2021-11-21;3;25;4;0;24;4;0;0;0;4416318;3418475;3704;2;3590682;2025;2;0;0
FR;3;2021-11-22;11;190;11;0;189;11;0;0;0;4416329;3418665;3715;2;3590871;2036;2;0;0
FR;3;2021-11-23;9;185;16;0;183;15;0;0;0;4416338;3418850;3731;2;3591054;2051;2;0;0
FR;3;2021-11-24;10;191;9;0;183;17;0;0;0;4416348;3419041;3740;2;3591237;2068;2;0;0
FR;3;2021-11-25;12;207;11;0;203;11;0;0;0;4416360;3419248;3751;2;3591440;2079;2;0;0
FR;3;2021-11-26;10;257;35;0;256;33;1;0;0;4416370;3419505;3786;2;3591696;2112;3;0;0
FR;3;2021-11-27;8;128;20;0;127;21;0;0;0;4416378;3419633;3806;2;3591823;2133;3;0;0
FR;3;2021-11-28;3;59;7;0;60;7;0;0;0;4416381;3419692;3813;2;3591883;2140;3;0;0
FR;3;2021-11-29;5;223;22;0;218;23;1;0;0;4416386;3419915;3835;2;3592101;2163;4;0;0
FR;3;2021-11-30;7;303;29;0;302;32;0;0;0;4416393;3420218;3864;2;3592403;2195;4;0;0
FR;3;2021-12-01;30;327;38;0;325;40;2;0;0;4416423;3420545;3902;2;3592728;2235;6;0;0
FR;3;2021-12-02;9;354;33;0;350;36;0;0;0;4416432;3420899;3935;2;3593078;2271;6;0;0
FR;3;2021-12-03;6;381;37;0;375;38;0;0;0;4416438;3421280;3972;2;3593453;2309;6;0;0
FR;3;2021-12-04;3;213;26;0;209;28;0;0;0;4416441;3421493;3998;2;3593662;2337;6;0;0
FR;3;2021-12-05;1;61;5;0;61;5;0;0;0;4416442;3421554;4003;2;3593723;2342;6;0;0
FR;3;2021-12-06;7;374;14;0;373;15;0;0;0;4416449;3421928;4017;2;3594096;2357;6;0;0
FR;3;2021-12-07;6;425;20;0;419;24;1;0;0;4416455;3422353;4037;2;3594515;2381;7;0;0
FR;3;2021-12-08;8;389;29;0;381;30;1;0;0;4416463;3422742;4066;2;3594896;2411;8;0;0
FR;3;2021-12-09;3;445;17;0;431;22;1;0;0;4416466;3423187;4083;2;3595327;2433;9;0;0
FR;3;2021-12-10;11;465;29;0;462;25;0;0;0;4416477;3423652;4112;2;3595789;2458;9;0;0
FR;3;2021-12-11;4;306;10;0;303;9;2;0;0;4416481;3423958;4122;2;3596092;2467;11;0;0
FR;3;2021-12-12;1;99;3;0;99;3;0;0;0;4416482;3424057;4125;2;3596191;2470;11;0;0
FR;3;2021-12-13;2;448;19;0;442;21;0;0;0;4416484;3424505;4144;2;3596633;2491;11;0;0
FR;3;2021-12-14;8;565;18;0;553;21;1;0;0;4416492;3425070;4162;2;3597186;2512;12;0;0
FR;3;2021-12-15;9;542;17;0;529;21;0;0;0;4416501;3425612;4179;2;3597715;2533;12;0;0
FR;3;2021-12-16;10;557;19;0;551;18;3;0;0;4416511;3426169;4198;2;3598266;2551;15;0;0
FR;3;2021-12-17;5;622;18;0;618;19;0;0;0;4416516;3426791;4216;2;3598884;2570;15;0;0
FR;3;2021-12-18;5;356;4;0;350;5;1;0;0;4416521;3427147;4220;2;3599234;2575;16;0;0
FR;3;2021-12-19;3;186;2;0;183;2;0;0;0;4416524;3427333;4222;2;3599417;2577;16;0;0
FR;3;2021-12-20;9;591;23;0;585;28;0;0;0;4416533;3427924;4245;2;3600002;2605;16;0;0
FR;3;2021-12-21;5;678;10;0;670;13;2;0;0;4416538;3428602;4255;2;3600672;2618;18;0;0
FR;3;2021-12-22;10;634;9;0;628;10;1;0;0;4416548;3429236;4264;2;3601300;2628;19;0;0
FR;3;2021-12-23;3;563;8;0;561;8;0;0;0;4416551;3429799;4272;2;3601861;2636;19;0;0
FR;3;2021-12-24;2;237;3;0;232;6;0;0;0;4416553;3430036;4275;2;3602093;2642;19;0;0
FR;3;2021-12-25;0;24;0;0;24;0;0;0;0;4416553;3430060;4275;2;3602117;2642;19;0;0
FR;3;2021-12-26;0;90;1;0;90;1;0;0;0;4416553;3430150;4276;2;3602207;2643;19;0;0
FR;3;2021-12-27;7;473;17;0;470;20;1;0;0;4416560;3430623;4293;2;3602677;2663;20;0;0
FR;3;2021-12-28;3;594;6;0;593;5;0;0;0;4416563;3431217;4299;2;3603270;2668;20;0;0
FR;3;2021-12-29;5;505;14;0;499;16;0;0;0;4416568;3431722;4313;2;3603769;2684;20;0;0
FR;3;2021-12-30;3;529;7;0;522;10;2;0;0;4416571;3432251;4320;2;3604291;2694;22;0;0
FR;3;2021-12-31;0;185;5;0;181;7;0;0;0;4416571;3432436;4325;2;3604472;2701;22;0;0
FR;3;2022-01-01;0;26;0;0;24;2;0;0;0;4416571;3432462;4325;2;3604496;2703;22;0;0
FR;3;2022-01-02;0;78;0;0;78;0;0;0;0;4416571;3432540;4325;2;3604574;2703;22;0;0
FR;3;2022-01-03;4;508;17;0;497;21;3;0;0;4416575;3433048;4342;2;3605071;2724;25;0;0
FR;3;2022-01-04;6;549;9;0;548;8;0;0;0;4416581;3433597;4351;2;3605619;2732;25;0;0
FR;3;2022-01-05;5;502;10;0;494;14;1;0;0;4416586;3434099;4361;2;3606113;2746;26;0;0
FR;3;2022-01-06;6;474;9;0;469;10;1;0;0;4416592;3434573;4370;2;3606582;2756;27;0;0
FR;3;2022-01-07;2;500;11;0;494;13;1;0;1;4416594;3435073;4381;2;3607076;2769;28;0;1
FR;3;2022-01-08;5;255;4;0;252;5;0;0;0;4416599;3435328;4385;2;3607328;2774;28;0;1
FR;3;2022-01-09;0;117;0;0;117;0;0;0;0;4416599;3435445;4385;2;3607445;2774;28;0;1
FR;3;2022-01-10;2;436;12;0;434;12;0;0;0;4416601;3435881;4397;2;3607879;2786;28;0;1
FR;3;2022-01-11;3;466;1;0;465;1;0;0;0;4416604;3436347;4398;2;3608344;2787;28;0;1
FR;3;2022-01-12;4;401;9;0;398;10;2;0;0;4416608;3436748;4407;2;3608742;2797;30;0;1
FR;3;2022-01-13;3;393;11;0;391;12;1;0;0;4416611;3437141;4418;2;3609133;2809;31;0;1
FR;3;2022-01-14;4;427;10;0;421;13;1;0;0;4416615;3437568;4428;2;3609554;2822;32;0;1
FR;3;2022-01-15;0;283;2;0;279;3;0;0;0;4416615;3437851;4430;2;3609833;2825;32;0;1
FR;3;2022-01-16;1;108;1;0;106;1;1;0;0;4416616;3437959;4431;2;3609939;2826;33;0;1
FR;3;2022-01-17;2;327;8;0;324;9;1;0;0;4416618;3438286;4439;2;3610263;2835;34;0;1
FR;3;2022-01-18;2;366;1;0;362;2;1;0;0;4416620;3438652;4440;2;3610625;2837;35;0;1
FR;3;2022-01-19;2;326;5;0;320;10;0;0;0;4416622;3438978;4445;2;3610945;2847;35;0;1
FR;3;2022-01-20;1;353;5;0;352;3;2;0;0;4416623;3439331;4450;2;3611297;2850;37;0;1
FR;3;2022-01-21;4;347;5;0;341;7;2;0;0;4416627;3439678;4455;2;3611638;2857;39;0;1
FR;3;2022-01-22;2;224;1;0;220;2;3;0;0;4416629;3439902;4456;2;3611858;2859;42;0;1
FR;3;2022-01-23;0;78;0;0;76;1;1;0;0;4416629;3439980;4456;2;3611934;2860;43;0;1
FR;3;2022-01-24;2;323;1;0;315;6;2;0;0;4416631;3440303;4457;2;3612249;2866;45;0;1
FR;3;2022-01-25;0;176;0;0;173;0;1;0;0;4416631;3440479;4457;2;3612422;2866;46;0;1
FR;3;2022-01-26;0;77;0;0;77;0;0;0;0;4416631;3440556;4457;2;3612499;2866;46;0;1
FR;3;2022-01-27;0;53;0;0;53;0;0;0;0;4416631;3440609;4457;2;3612552;2866;46;0;1
FR;3;2022-01-28;0;116;0;0;115;0;0;0;0;4416631;3440725;4457;2;3612667;2866;46;0;1
FR;3;2022-01-29;0;98;0;0;98;0;0;0;0;4416631;3440823;4457;2;3612765;2866;46;0;1
FR;3;2022-01-30;0;50;0;0;50;0;0;0;0;4416631;3440873;4457;2;3612815;2866;46;0;1
FR;3;2022-01-31;0;91;0;0;91;0;0;0;0;4416631;3440964;4457;2;3612906;2866;46;0;1
FR;3;2022-02-01;0;98;0;0;96;1;0;0;0;4416631;3441062;4457;2;3613002;2867;46;0;1
FR;3;2022-02-02;0;85;0;0;83;0;0;0;0;4416631;3441147;4457;2;3613085;2867;46;0;1
FR;3;2022-02-03;0;94;0;0;92;0;0;0;0;4416631;3441241;4457;2;3613177;2867;46;0;1
FR;3;2022-02-04;0;114;0;0;111;0;1;0;0;4416631;3441355;4457;2;3613288;2867;47;0;1
FR;3;2022-02-05;0;71;0;0;71;0;0;0;0;4416631;3441426;4457;2;3613359;2867;47;0;1
FR;3;2022-02-06;0;10;0;0;10;0;0;0;0;4416631;3441436;4457;2;3613369;2867;47;0;1
FR;3;2022-02-07;0;76;0;0;76;0;0;0;0;4416631;3441512;4457;2;3613445;2867;47;0;1
FR;3;2022-02-08;0;0;0;0;0;0;0;0;0;4416631;3441512;4457;2;3613445;2867;47;0;1
FR;3;2022-02-09;0;0;0;0;0;0;0;0;0;4416631;3441512;4457;2;3613445;2867;47;0;1
FR;3;2022-02-10;0;0;0;0;0;0;0;0;0;4416631;3441512;4457;2;3613445;2867;47;0;1
FR;3;2022-02-11;0;0;0;0;0;0;0;0;0;4416631;3441512;4457;2;3613445;2867;47;0;1
FR;3;2022-02-12;0;0;0;0;0;0;0;0;0;4416631;3441512;4457;2;3613445;2867;47;0;1
FR;3;2022-02-13;0;0;0;0;0;0;0;0;0;4416631;3441512;4457;2;3613445;2867;47;0;1
FR;3;2022-02-14;0;0;0;0;0;0;0;0;0;4416631;3441512;4457;2;3613445;2867;47;0;1
FR;3;2022-02-15;0;0;0;0;0;0;0;0;0;4416631;3441512;4457;2;3613445;2867;47;0;1
FR;3;2022-02-16;0;0;0;0;0;0;0;0;0;4416631;3441512;4457;2;3613445;2867;47;0;1
FR;3;2022-02-17;0;0;0;0;0;0;0;0;0;4416631;3441512;4457;2;3613445;2867;47;0;1
FR;3;2022-02-18;0;0;0;0;0;0;0;0;0;4416631;3441512;4457;2;3613445;2867;47;0;1
FR;3;2022-02-19;0;0;0;0;0;0;0;0;0;4416631;3441512;4457;2;3613445;2867;47;0;1
FR;3;2022-02-20;0;0;0;0;0;0;0;0;0;4416631;3441512;4457;2;3613445;2867;47;0;1
FR;3;2022-02-21;2;0;0;0;0;0;0;0;0;4416633;3441512;4457;2;3613445;2867;47;0;1
FR;3;2022-02-22;0;0;0;0;0;0;0;0;0;4416633;3441512;4457;2;3613445;2867;47;0;1
FR;3;2022-02-23;0;0;0;0;0;0;0;0;0;4416633;3441512;4457;2;3613445;2867;47;0;1
FR;3;2022-02-24;0;0;0;0;0;0;0;0;0;4416633;3441512;4457;2;3613445;2867;47;0;1
FR;3;2022-02-25;0;0;0;0;0;0;0;0;0;4416633;3441512;4457;2;3613445;2867;47;0;1
FR;3;2022-02-26;0;0;0;0;0;0;0;0;0;4416633;3441512;4457;2;3613445;2867;47;0;1
FR;3;2022-02-27;0;0;0;0;0;0;0;0;0;4416633;3441512;4457;2;3613445;2867;47;0;1
FR;3;2022-02-28;1;0;0;0;0;0;0;0;0;4416634;3441512;4457;2;3613445;2867;47;0;1
FR;3;2022-03-01;1;0;0;0;0;0;0;0;0;4416635;3441512;4457;2;3613445;2867;47;0;1
FR;3;2022-03-02;0;0;0;0;0;0;0;0;0;4416635;3441512;4457;2;3613445;2867;47;0;1
FR;3;2022-03-03;0;0;0;0;0;0;0;0;0;4416635;3441512;4457;2;3613445;2867;47;0;1
FR;3;2022-03-04;0;0;0;0;0;0;0;0;0;4416635;3441512;4457;2;3613445;2867;47;0;1
FR;3;2022-03-05;0;0;0;0;0;0;0;0;0;4416635;3441512;4457;2;3613445;2867;47;0;1
FR;3;2022-03-06;1;0;0;0;0;0;0;0;0;4416636;3441512;4457;2;3613445;2867;47;0;1
FR;3;2022-03-07;0;0;0;0;0;0;0;0;0;4416636;3441512;4457;2;3613445;2867;47;0;1
FR;3;2022-03-08;1;0;0;0;0;0;0;0;0;4416637;3441512;4457;2;3613445;2867;47;0;1
FR;3;2022-03-09;0;0;0;0;0;0;0;0;0;4416637;3441512;4457;2;3613445;2867;47;0;1
FR;3;2022-03-10;0;0;0;0;0;0;0;0;0;4416637;3441512;4457;2;3613445;2867;47;0;1
FR;3;2022-03-11;0;0;0;0;0;0;0;0;0;4416637;3441512;4457;2;3613445;2867;47;0;1
FR;3;2022-03-12;0;0;0;0;0;0;0;0;0;4416637;3441512;4457;2;3613445;2867;47;0;1
FR;3;2022-03-13;0;0;0;0;0;0;0;0;0;4416637;3441512;4457;2;3613445;2867;47;0;1
FR;3;2022-03-14;0;0;0;0;0;0;0;0;0;4416637;3441512;4457;2;3613445;2867;47;0;1
FR;3;2022-03-15;0;0;0;0;0;0;0;0;0;4416637;3441512;4457;2;3613445;2867;47;0;1
FR;3;2022-03-16;0;0;0;0;0;0;0;0;0;4416637;3441512;4457;2;3613445;2867;47;0;1
FR;3;2022-03-17;0;0;0;0;0;0;0;0;0;4416637;3441512;4457;2;3613445;2867;47;0;1
FR;3;2022-03-18;0;0;0;0;0;0;0;0;0;4416637;3441512;4457;2;3613445;2867;47;0;1
FR;3;2022-03-19;0;0;0;0;0;0;0;0;0;4416637;3441512;4457;2;3613445;2867;47;0;1
FR;3;2022-03-20;1;0;0;0;0;0;0;0;0;4416638;3441512;4457;2;3613445;2867;47;0;1
FR;3;2022-03-21;0;0;0;0;0;0;0;0;0;4416638;3441512;4457;2;3613445;2867;47;0;1
FR;3;2022-03-22;0;0;0;0;0;0;0;0;0;4416638;3441512;4457;2;3613445;2867;47;0;1
FR;3;2022-03-23;1;0;0;0;0;0;0;0;0;4416639;3441512;4457;2;3613445;2867;47;0;1
FR;3;2022-03-24;0;0;0;0;0;0;0;0;0;4416639;3441512;4457;2;3613445;2867;47;0;1
FR;3;2022-03-25;1;0;0;0;0;0;0;0;0;4416640;3441512;4457;2;3613445;2867;47;0;1
FR;3;2022-03-26;0;0;0;0;0;0;0;0;0;4416640;3441512;4457;2;3613445;2867;47;0;1
FR;3;2022-03-27;0;0;0;0;0;0;0;0;0;4416640;3441512;4457;2;3613445;2867;47;0;1
FR;3;2022-03-28;0;0;0;0;0;0;0;0;0;4416640;3441512;4457;2;3613445;2867;47;0;1
FR;3;2022-03-29;0;0;0;0;0;0;0;0;0;4416640;3441512;4457;2;3613445;2867;47;0;1
FR;3;2022-03-30;0;0;0;0;0;0;0;0;0;4416640;3441512;4457;2;3613445;2867;47;0;1
FR;3;2022-03-31;0;0;0;0;0;0;0;0;0;4416640;3441512;4457;2;3613445;2867;47;0;1
FR;3;2022-04-01;0;0;0;0;0;0;0;0;0;4416640;3441512;4457;2;3613445;2867;47;0;1
FR;3;2022-04-02;0;0;0;0;0;0;0;0;0;4416640;3441512;4457;2;3613445;2867;47;0;1
FR;3;2022-04-03;0;0;0;0;0;0;0;0;0;4416640;3441512;4457;2;3613445;2867;47;0;1
FR;3;2022-04-04;0;0;0;0;0;0;0;0;0;4416640;3441512;4457;2;3613445;2867;47;0;1
FR;3;2022-04-05;0;0;0;0;0;0;0;0;0;4416640;3441512;4457;2;3613445;2867;47;0;1
FR;3;2022-04-06;0;0;0;0;0;0;0;0;0;4416640;3441512;4457;2;3613445;2867;47;0;1
FR;3;2022-04-07;0;0;0;0;0;0;0;0;0;4416640;3441512;4457;2;3613445;2867;47;0;1
FR;3;2022-04-08;0;0;0;0;0;0;0;0;0;4416640;3441512;4457;2;3613445;2867;47;0;1
FR;3;2022-04-09;0;0;0;0;0;0;0;0;0;4416640;3441512;4457;2;3613445;2867;47;0;1
FR;3;2022-04-10;0;0;0;0;0;0;0;0;0;4416640;3441512;4457;2;3613445;2867;47;0;1
FR;3;2022-04-11;0;0;0;0;0;0;0;0;0;4416640;3441512;4457;2;3613445;2867;47;0;1
FR;3;2022-04-12;0;0;0;0;0;0;0;0;0;4416640;3441512;4457;2;3613445;2867;47;0;1
FR;3;2022-04-13;0;0;0;0;0;0;0;0;0;4416640;3441512;4457;2;3613445;2867;47;0;1
FR;3;2022-04-14;0;0;0;0;0;0;0;0;0;4416640;3441512;4457;2;3613445;2867;47;0;1
FR;3;2022-04-15;1;0;0;0;0;0;0;0;0;4416641;3441512;4457;2;3613445;2867;47;0;1
FR;3;2022-04-16;0;0;0;0;0;0;0;0;0;4416641;3441512;4457;2;3613445;2867;47;0;1
FR;3;2022-04-17;0;0;0;0;0;0;0;0;0;4416641;3441512;4457;2;3613445;2867;47;0;1
FR;3;2022-04-18;0;0;0;0;0;0;0;0;0;4416641;3441512;4457;2;3613445;2867;47;0;1
FR;3;2022-04-19;0;0;0;0;0;0;0;0;0;4416641;3441512;4457;2;3613445;2867;47;0;1
FR;3;2022-04-20;0;0;0;0;0;0;0;0;0;4416641;3441512;4457;2;3613445;2867;47;0;1
FR;3;2022-04-21;0;0;0;0;0;0;0;0;0;4416641;3441512;4457;2;3613445;2867;47;0;1
FR;3;2022-04-22;0;0;0;0;0;0;0;0;0;4416641;3441512;4457;2;3613445;2867;47;0;1
FR;3;2022-04-23;0;0;0;0;0;0;0;0;0;4416641;3441512;4457;2;3613445;2867;47;0;1
FR;3;2022-04-24;0;0;0;0;0;0;0;0;0;4416641;3441512;4457;2;3613445;2867;47;0;1
FR;3;2022-04-25;0;0;0;0;0;0;0;0;0;4416641;3441512;4457;2;3613445;2867;47;0;1
FR;3;2022-04-26;0;0;0;0;0;0;0;0;0;4416641;3441512;4457;2;3613445;2867;47;0;1
FR;3;2022-04-27;0;0;0;0;0;0;0;0;0;4416641;3441512;4457;2;3613445;2867;47;0;1
FR;3;2022-04-28;0;0;0;0;0;0;0;0;0;4416641;3441512;4457;2;3613445;2867;47;0;1
FR;3;2022-04-29;0;0;0;0;0;0;0;0;0;4416641;3441512;4457;2;3613445;2867;47;0;1
FR;3;2022-04-30;0;0;0;0;0;0;0;0;0;4416641;3441512;4457;2;3613445;2867;47;0;1
FR;3;2022-05-01;0;0;0;0;0;0;0;0;0;4416641;3441512;4457;2;3613445;2867;47;0;1
FR;3;2022-05-02;0;0;0;0;0;0;0;0;0;4416641;3441512;4457;2;3613445;2867;47;0;1
FR;3;2022-05-03;0;0;0;0;0;0;0;0;0;4416641;3441512;4457;2;3613445;2867;47;0;1
FR;3;2022-05-04;0;0;0;0;0;0;0;0;0;4416641;3441512;4457;2;3613445;2867;47;0;1
FR;3;2022-05-05;0;0;0;0;0;0;0;0;0;4416641;3441512;4457;2;3613445;2867;47;0;1
FR;3;2022-05-06;0;0;0;0;0;0;0;0;0;4416641;3441512;4457;2;3613445;2867;47;0;1
FR;3;2022-05-07;0;0;0;0;0;0;0;0;0;4416641;3441512;4457;2;3613445;2867;47;0;1
FR;3;2022-05-08;0;0;0;0;0;0;0;0;0;4416641;3441512;4457;2;3613445;2867;47;0;1
FR;3;2022-05-09;0;0;0;0;0;0;0;0;0;4416641;3441512;4457;2;3613445;2867;47;0;1
FR;3;2022-05-10;0;0;0;0;0;0;0;0;0;4416641;3441512;4457;2;3613445;2867;47;0;1
FR;3;2022-05-11;0;0;0;0;0;0;0;0;0;4416641;3441512;4457;2;3613445;2867;47;0;1
FR;3;2022-05-12;0;0;0;0;0;0;0;0;0;4416641;3441512;4457;2;3613445;2867;47;0;1
FR;3;2022-05-13;0;0;0;0;0;0;0;0;0;4416641;3441512;4457;2;3613445;2867;47;0;1
FR;3;2022-05-14;1;0;0;0;0;0;0;0;0;4416642;3441512;4457;2;3613445;2867;47;0;1
FR;3;2022-05-15;0;0;0;0;0;0;0;0;0;4416642;3441512;4457;2;3613445;2867;47;0;1
FR;3;2022-05-16;0;0;0;0;0;0;0;0;0;4416642;3441512;4457;2;3613445;2867;47;0;1
FR;3;2022-05-17;0;0;0;0;0;0;0;0;0;4416642;3441512;4457;2;3613445;2867;47;0;1
FR;3;2022-05-18;0;0;0;0;0;0;0;0;0;4416642;3441512;4457;2;3613445;2867;47;0;1
FR;3;2022-05-19;0;0;0;0;0;0;0;0;0;4416642;3441512;4457;2;3613445;2867;47;0;1
FR;3;2022-05-20;0;0;0;0;0;0;0;0;0;4416642;3441512;4457;2;3613445;2867;47;0;1
FR;3;2022-05-21;0;0;0;0;0;0;0;0;0;4416642;3441512;4457;2;3613445;2867;47;0;1
FR;3;2022-05-22;0;0;0;0;0;0;0;0;0;4416642;3441512;4457;2;3613445;2867;47;0;1
FR;3;2022-05-23;0;0;0;0;0;0;0;0;0;4416642;3441512;4457;2;3613445;2867;47;0;1
FR;3;2022-05-24;0;0;0;0;0;0;0;0;0;4416642;3441512;4457;2;3613445;2867;47;0;1
FR;3;2022-05-25;0;0;0;0;0;0;0;0;0;4416642;3441512;4457;2;3613445;2867;47;0;1
FR;3;2022-05-26;0;0;0;0;0;0;0;0;0;4416642;3441512;4457;2;3613445;2867;47;0;1
FR;3;2022-05-27;0;0;0;0;0;0;0;0;0;4416642;3441512;4457;2;3613445;2867;47;0;1
FR;3;2022-05-28;0;0;0;0;0;0;0;0;0;4416642;3441512;4457;2;3613445;2867;47;0;1
FR;3;2022-05-29;0;0;0;0;0;0;0;0;0;4416642;3441512;4457;2;3613445;2867;47;0;1
FR;3;2022-05-30;0;0;0;0;0;0;0;0;0;4416642;3441512;4457;2;3613445;2867;47;0;1
FR;3;2022-05-31;0;0;0;0;0;0;0;0;0;4416642;3441512;4457;2;3613445;2867;47;0;1
FR;3;2022-06-01;0;0;0;0;0;0;0;0;0;4416642;3441512;4457;2;3613445;2867;47;0;1
FR;3;2022-06-02;0;0;0;0;0;0;0;0;0;4416642;3441512;4457;2;3613445;2867;47;0;1
FR;3;2022-06-03;0;0;0;0;0;0;0;0;0;4416642;3441512;4457;2;3613445;2867;47;0;1
FR;3;2022-06-04;0;0;0;0;0;0;0;0;0;4416642;3441512;4457;2;3613445;2867;47;0;1
FR;3;2022-06-05;0;0;0;0;0;0;0;0;0;4416642;3441512;4457;2;3613445;2867;47;0;1
FR;3;2022-06-06;0;0;0;0;0;0;0;0;0;4416642;3441512;4457;2;3613445;2867;47;0;1
FR;3;2022-06-07;0;0;0;0;0;0;0;0;0;4416642;3441512;4457;2;3613445;2867;47;0;1
FR;3;2022-06-08;0;0;0;0;0;0;0;0;0;4416642;3441512;4457;2;3613445;2867;47;0;1
FR;3;2022-06-09;0;0;0;0;0;0;0;0;0;4416642;3441512;4457;2;3613445;2867;47;0;1
FR;3;2022-06-10;0;0;0;0;0;0;0;0;0;4416642;3441512;4457;2;3613445;2867;47;0;1
FR;3;2022-06-11;0;0;0;0;0;0;0;0;0;4416642;3441512;4457;2;3613445;2867;47;0;1
FR;3;2022-06-12;0;0;0;0;0;0;0;0;0;4416642;3441512;4457;2;3613445;2867;47;0;1
FR;3;2022-06-13;1;0;0;0;0;0;0;0;0;4416643;3441512;4457;2;3613445;2867;47;0;1
FR;3;2022-06-14;0;0;0;0;0;0;0;0;0;4416643;3441512;4457;2;3613445;2867;47;0;1
FR;3;2022-06-15;0;0;0;0;0;0;0;0;0;4416643;3441512;4457;2;3613445;2867;47;0;1
FR;3;2022-06-16;0;0;0;0;0;0;0;0;0;4416643;3441512;4457;2;3613445;2867;47;0;1
FR;3;2022-06-17;0;0;0;0;0;0;0;0;0;4416643;3441512;4457;2;3613445;2867;47;0;1
FR;3;2022-06-18;0;0;0;0;0;0;0;0;0;4416643;3441512;4457;2;3613445;2867;47;0;1
FR;3;2022-06-19;0;0;0;0;0;0;0;0;0;4416643;3441512;4457;2;3613445;2867;47;0;1
FR;3;2022-06-20;0;0;0;0;0;0;0;0;0;4416643;3441512;4457;2;3613445;2867;47;0;1
FR;3;2022-06-21;0;0;0;0;0;0;0;0;0;4416643;3441512;4457;2;3613445;2867;47;0;1
FR;3;2022-06-22;0;0;0;0;0;0;0;0;0;4416643;3441512;4457;2;3613445;2867;47;0;1
FR;3;2022-06-23;0;0;0;0;0;0;0;0;0;4416643;3441512;4457;2;3613445;2867;47;0;1
FR;3;2022-06-24;0;0;0;0;0;0;0;0;0;4416643;3441512;4457;2;3613445;2867;47;0;1
FR;3;2022-06-25;0;0;0;0;0;0;0;0;0;4416643;3441512;4457;2;3613445;2867;47;0;1
FR;3;2022-06-26;0;0;0;0;0;0;0;0;0;4416643;3441512;4457;2;3613445;2867;47;0;1
FR;3;2022-06-27;0;0;0;0;0;0;0;0;0;4416643;3441512;4457;2;3613445;2867;47;0;1
FR;3;2022-06-28;0;0;0;0;0;0;0;0;0;4416643;3441512;4457;2;3613445;2867;47;0;1
FR;3;2022-06-29;1;0;0;0;0;0;0;0;0;4416644;3441512;4457;2;3613445;2867;47;0;1
FR;3;2022-06-30;0;0;0;0;0;0;0;0;0;4416644;3441512;4457;2;3613445;2867;47;0;1
FR;3;2022-07-01;0;0;0;0;0;0;0;0;0;4416644;3441512;4457;2;3613445;2867;47;0;1
FR;3;2022-07-02;0;0;0;0;0;0;0;0;0;4416644;3441512;4457;2;3613445;2867;47;0;1
FR;3;2022-07-03;0;0;0;0;0;0;0;0;0;4416644;3441512;4457;2;3613445;2867;47;0;1
FR;3;2022-07-04;0;0;0;0;0;0;0;0;0;4416644;3441512;4457;2;3613445;2867;47;0;1
FR;3;2022-07-05;0;0;0;0;0;0;0;0;0;4416644;3441512;4457;2;3613445;2867;47;0;1
FR;3;2022-07-06;0;0;0;0;0;0;0;0;0;4416644;3441512;4457;2;3613445;2867;47;0;1
FR;3;2022-07-07;0;0;0;0;0;0;0;0;0;4416644;3441512;4457;2;3613445;2867;47;0;1
FR;3;2022-07-08;0;0;0;0;0;0;0;0;0;4416644;3441512;4457;2;3613445;2867;47;0;1
FR;3;2022-07-09;0;0;0;0;0;0;0;0;0;4416644;3441512;4457;2;3613445;2867;47;0;1
FR;3;2022-07-10;0;0;0;0;0;0;0;0;0;4416644;3441512;4457;2;3613445;2867;47;0;1
FR;3;2022-07-11;0;0;0;0;0;0;0;0;0;4416644;3441512;4457;2;3613445;2867;47;0;1
FR;3;2022-07-12;0;0;0;0;0;0;0;0;0;4416644;3441512;4457;2;3613445;2867;47;0;1
FR;3;2022-07-13;0;0;0;0;0;0;0;0;0;4416644;3441512;4457;2;3613445;2867;47;0;1
FR;3;2022-07-14;0;0;0;0;0;0;0;0;0;4416644;3441512;4457;2;3613445;2867;47;0;1
FR;3;2022-07-15;0;0;0;0;0;0;0;0;0;4416644;3441512;4457;2;3613445;2867;47;0;1
FR;3;2022-07-16;0;0;0;0;0;0;0;0;0;4416644;3441512;4457;2;3613445;2867;47;0;1
FR;3;2022-07-17;0;0;0;0;0;0;0;0;0;4416644;3441512;4457;2;3613445;2867;47;0;1
FR;3;2022-07-18;0;0;0;0;0;0;0;0;0;4416644;3441512;4457;2;3613445;2867;47;0;1
FR;3;2022-07-19;0;0;0;0;0;0;0;0;0;4416644;3441512;4457;2;3613445;2867;47;0;1
FR;3;2022-07-20;0;0;0;0;0;0;0;0;0;4416644;3441512;4457;2;3613445;2867;47;0;1
FR;3;2022-07-21;0;0;0;0;0;0;0;0;0;4416644;3441512;4457;2;3613445;2867;47;0;1
FR;3;2022-07-22;0;0;0;0;0;0;0;0;0;4416644;3441512;4457;2;3613445;2867;47;0;1
FR;3;2022-07-23;0;0;0;0;0;0;0;0;0;4416644;3441512;4457;2;3613445;2867;47;0;1
FR;3;2022-07-24;0;0;0;0;0;0;0;0;0;4416644;3441512;4457;2;3613445;2867;47;0;1
FR;3;2022-07-25;0;0;0;0;0;0;0;0;0;4416644;3441512;4457;2;3613445;2867;47;0;1
FR;3;2022-07-26;0;0;0;0;0;0;0;0;0;4416644;3441512;4457;2;3613445;2867;47;0;1
FR;3;2022-07-27;0;0;0;0;0;0;0;0;0;4416644;3441512;4457;2;3613445;2867;47;0;1
FR;3;2022-07-28;0;0;0;0;0;0;0;0;0;4416644;3441512;4457;2;3613445;2867;47;0;1
FR;3;2022-07-29;0;0;0;0;0;0;0;0;0;4416644;3441512;4457;2;3613445;2867;47;0;1
FR;3;2022-07-30;0;0;0;0;0;0;0;0;0;4416644;3441512;4457;2;3613445;2867;47;0;1
FR;3;2022-07-31;0;0;0;0;0;0;0;0;0;4416644;3441512;4457;2;3613445;2867;47;0;1
FR;3;2022-08-01;0;0;0;0;0;0;0;0;0;4416644;3441512;4457;2;3613445;2867;47;0;1
FR;3;2022-08-02;0;0;0;0;0;0;0;0;0;4416644;3441512;4457;2;3613445;2867;47;0;1
FR;3;2022-08-03;0;0;0;0;0;0;0;0;0;4416644;3441512;4457;2;3613445;2867;47;0;1
FR;3;2022-08-04;0;0;0;0;0;0;0;0;0;4416644;3441512;4457;2;3613445;2867;47;0;1
FR;3;2022-08-05;0;0;0;0;0;0;0;0;0;4416644;3441512;4457;2;3613445;2867;47;0;1
FR;3;2022-08-06;0;0;0;0;0;0;0;0;0;4416644;3441512;4457;2;3613445;2867;47;0;1
FR;3;2022-08-07;0;0;0;0;0;0;0;0;0;4416644;3441512;4457;2;3613445;2867;47;0;1
FR;3;2022-08-08;0;0;0;0;0;0;0;0;0;4416644;3441512;4457;2;3613445;2867;47;0;1
FR;3;2022-08-09;0;0;0;0;0;0;0;0;0;4416644;3441512;4457;2;3613445;2867;47;0;1
FR;3;2022-08-10;0;0;0;0;0;0;0;0;0;4416644;3441512;4457;2;3613445;2867;47;0;1
FR;3;2022-08-11;0;0;0;0;0;0;0;0;0;4416644;3441512;4457;2;3613445;2867;47;0;1
FR;3;2022-08-12;0;0;0;0;0;0;0;0;0;4416644;3441512;4457;2;3613445;2867;47;0;1
FR;3;2022-08-13;0;0;0;0;0;0;0;0;0;4416644;3441512;4457;2;3613445;2867;47;0;1
FR;3;2022-08-14;0;0;0;0;0;0;0;0;0;4416644;3441512;4457;2;3613445;2867;47;0;1
FR;3;2022-08-15;0;0;0;0;0;0;0;0;0;4416644;3441512;4457;2;3613445;2867;47;0;1
FR;3;2022-08-16;0;0;0;0;0;0;0;0;0;4416644;3441512;4457;2;3613445;2867;47;0;1
FR;3;2022-08-17;0;0;0;0;0;0;0;0;0;4416644;3441512;4457;2;3613445;2867;47;0;1
FR;3;2022-08-18;0;0;0;0;0;0;0;0;0;4416644;3441512;4457;2;3613445;2867;47;0;1
FR;3;2022-08-19;0;0;0;0;0;0;0;0;0;4416644;3441512;4457;2;3613445;2867;47;0;1
FR;3;2022-08-20;0;0;0;0;0;0;0;0;0;4416644;3441512;4457;2;3613445;2867;47;0;1
FR;3;2022-08-21;0;0;0;0;0;0;0;0;0;4416644;3441512;4457;2;3613445;2867;47;0;1
FR;3;2022-08-22;0;0;0;0;0;0;0;0;0;4416644;3441512;4457;2;3613445;2867;47;0;1
FR;3;2022-08-23;0;0;0;0;0;0;0;0;0;4416644;3441512;4457;2;3613445;2867;47;0;1
FR;3;2022-08-24;0;0;0;0;0;0;0;0;0;4416644;3441512;4457;2;3613445;2867;47;0;1
FR;3;2022-08-25;0;0;0;0;0;0;0;0;0;4416644;3441512;4457;2;3613445;2867;47;0;1
FR;3;2022-08-26;0;0;0;0;0;0;0;0;0;4416644;3441512;4457;2;3613445;2867;47;0;1
FR;3;2022-08-27;0;0;0;0;0;0;0;0;0;4416644;3441512;4457;2;3613445;2867;47;0;1
FR;3;2022-08-28;0;0;0;0;0;0;0;0;0;4416644;3441512;4457;2;3613445;2867;47;0;1
FR;3;2022-08-29;0;0;0;0;0;0;0;0;0;4416644;3441512;4457;2;3613445;2867;47;0;1
FR;3;2022-08-30;0;0;0;0;0;0;0;0;0;4416644;3441512;4457;2;3613445;2867;47;0;1
FR;3;2022-08-31;0;0;0;0;0;0;0;0;0;4416644;3441512;4457;2;3613445;2867;47;0;1
FR;3;2022-09-01;0;0;0;0;0;0;0;0;0;4416644;3441512;4457;2;3613445;2867;47;0;1
FR;3;2022-09-02;0;0;0;0;0;0;0;0;0;4416644;3441512;4457;2;3613445;2867;47;0;1
FR;3;2022-09-03;0;0;0;0;0;0;0;0;0;4416644;3441512;4457;2;3613445;2867;47;0;1
FR;3;2022-09-04;0;0;0;0;0;0;0;0;0;4416644;3441512;4457;2;3613445;2867;47;0;1
FR;3;2022-09-05;0;0;0;0;0;0;0;0;0;4416644;3441512;4457;2;3613445;2867;47;0;1
FR;3;2022-09-06;0;0;0;0;0;0;0;0;0;4416644;3441512;4457;2;3613445;2867;47;0;1
FR;3;2022-09-07;0;0;0;0;0;0;0;0;0;4416644;3441512;4457;2;3613445;2867;47;0;1
FR;3;2022-09-08;0;0;0;0;0;0;0;0;0;4416644;3441512;4457;2;3613445;2867;47;0;1
FR;3;2022-09-09;0;0;0;0;0;0;0;0;0;4416644;3441512;4457;2;3613445;2867;47;0;1
FR;3;2022-09-10;0;0;0;0;0;0;0;0;0;4416644;3441512;4457;2;3613445;2867;47;0;1
FR;3;2022-09-11;0;0;0;0;0;0;0;0;0;4416644;3441512;4457;2;3613445;2867;47;0;1
FR;3;2022-09-12;0;0;0;0;0;0;0;0;0;4416644;3441512;4457;2;3613445;2867;47;0;1
FR;3;2022-09-13;0;0;0;0;0;0;0;0;0;4416644;3441512;4457;2;3613445;2867;47;0;1
FR;3;2022-09-14;0;0;0;0;0;0;0;0;0;4416644;3441512;4457;2;3613445;2867;47;0;1
FR;3;2022-09-15;0;0;0;0;0;0;0;0;0;4416644;3441512;4457;2;3613445;2867;47;0;1
FR;3;2022-09-16;0;0;0;0;0;0;0;0;0;4416644;3441512;4457;2;3613445;2867;47;0;1
FR;3;2022-09-17;0;0;0;0;0;0;0;0;0;4416644;3441512;4457;2;3613445;2867;47;0;1
FR;3;2022-09-18;0;0;0;0;0;0;0;0;0;4416644;3441512;4457;2;3613445;2867;47;0;1
FR;3;2022-09-19;0;0;0;0;0;0;0;0;0;4416644;3441512;4457;2;3613445;2867;47;0;1
FR;3;2022-09-20;0;0;0;0;0;0;0;0;0;4416644;3441512;4457;2;3613445;2867;47;0;1
FR;3;2022-09-21;0;0;0;0;0;0;0;0;0;4416644;3441512;4457;2;3613445;2867;47;0;1
FR;3;2022-09-22;0;0;0;0;0;0;0;0;0;4416644;3441512;4457;2;3613445;2867;47;0;1
FR;3;2022-09-23;0;0;0;0;0;0;0;0;0;4416644;3441512;4457;2;3613445;2867;47;0;1
FR;3;2022-09-24;0;0;0;0;0;0;0;0;0;4416644;3441512;4457;2;3613445;2867;47;0;1
FR;3;2022-09-25;0;0;0;0;0;0;0;0;0;4416644;3441512;4457;2;3613445;2867;47;0;1
FR;3;2022-09-26;0;0;0;0;0;0;0;0;0;4416644;3441512;4457;2;3613445;2867;47;0;1
FR;3;2022-09-27;0;0;0;0;0;0;0;0;0;4416644;3441512;4457;2;3613445;2867;47;0;1
FR;3;2022-09-28;0;0;0;0;0;0;0;0;0;4416644;3441512;4457;2;3613445;2867;47;0;1
FR;3;2022-09-29;0;0;0;0;0;0;0;0;0;4416644;3441512;4457;2;3613445;2867;47;0;1
FR;3;2022-09-30;0;0;0;0;0;0;0;0;0;4416644;3441512;4457;2;3613445;2867;47;0;1
FR;3;2022-10-01;0;0;0;0;0;0;0;0;0;4416644;3441512;4457;2;3613445;2867;47;0;1
FR;3;2022-10-02;0;0;0;0;0;0;0;0;0;4416644;3441512;4457;2;3613445;2867;47;0;1
FR;3;2022-10-03;0;0;0;0;0;0;0;0;0;4416644;3441512;4457;2;3613445;2867;47;0;1
FR;3;2022-10-04;0;0;0;0;0;0;0;0;0;4416644;3441512;4457;2;3613445;2867;47;0;1
FR;3;2022-10-05;0;0;0;0;0;0;0;0;0;4416644;3441512;4457;2;3613445;2867;47;0;1
FR;3;2022-10-06;0;0;0;0;0;0;0;0;0;4416644;3441512;4457;2;3613445;2867;47;0;1
FR;3;2022-10-07;0;0;0;0;0;0;0;0;0;4416644;3441512;4457;2;3613445;2867;47;0;1
FR;3;2022-10-08;0;0;0;0;0;0;0;0;0;4416644;3441512;4457;2;3613445;2867;47;0;1
FR;3;2022-10-09;0;0;0;0;0;0;0;0;0;4416644;3441512;4457;2;3613445;2867;47;0;1
FR;3;2022-10-10;0;0;0;0;0;0;0;0;0;4416644;3441512;4457;2;3613445;2867;47;0;1
FR;3;2022-10-11;0;0;0;0;0;0;0;0;0;4416644;3441512;4457;2;3613445;2867;47;0;1
FR;3;2022-10-12;0;0;0;0;0;0;0;0;0;4416644;3441512;4457;2;3613445;2867;47;0;1
FR;3;2022-10-13;0;0;0;0;0;0;0;0;0;4416644;3441512;4457;2;3613445;2867;47;0;1
FR;3;2022-10-14;0;0;0;0;0;0;0;0;0;4416644;3441512;4457;2;3613445;2867;47;0;1
FR;3;2022-10-15;0;0;0;0;0;0;0;0;0;4416644;3441512;4457;2;3613445;2867;47;0;1
FR;3;2022-10-16;0;0;0;0;0;0;0;0;0;4416644;3441512;4457;2;3613445;2867;47;0;1
FR;3;2022-10-17;0;0;0;0;0;0;0;0;0;4416644;3441512;4457;2;3613445;2867;47;0;1
FR;3;2022-10-18;0;0;0;0;0;0;0;0;0;4416644;3441512;4457;2;3613445;2867;47;0;1
FR;3;2022-10-19;0;0;0;0;0;0;0;0;0;4416644;3441512;4457;2;3613445;2867;47;0;1
FR;3;2022-10-20;0;0;0;0;0;0;0;0;0;4416644;3441512;4457;2;3613445;2867;47;0;1
FR;3;2022-10-21;0;0;0;0;0;0;0;0;0;4416644;3441512;4457;2;3613445;2867;47;0;1
FR;3;2022-10-22;0;0;0;0;0;0;0;0;0;4416644;3441512;4457;2;3613445;2867;47;0;1
FR;3;2022-10-23;0;0;0;0;0;0;0;0;0;4416644;3441512;4457;2;3613445;2867;47;0;1
FR;3;2022-10-24;0;0;0;0;0;0;0;0;0;4416644;3441512;4457;2;3613445;2867;47;0;1
FR;3;2022-10-25;0;0;0;0;0;0;0;0;0;4416644;3441512;4457;2;3613445;2867;47;0;1
FR;3;2022-10-26;0;0;0;0;0;0;0;0;0;4416644;3441512;4457;2;3613445;2867;47;0;1
FR;3;2022-10-27;0;0;0;0;0;0;0;0;0;4416644;3441512;4457;2;3613445;2867;47;0;1
FR;3;2022-10-28;0;0;0;0;0;0;0;0;0;4416644;3441512;4457;2;3613445;2867;47;0;1
FR;3;2022-10-29;0;0;0;0;0;0;0;0;0;4416644;3441512;4457;2;3613445;2867;47;0;1
FR;3;2022-10-30;0;0;0;0;0;0;0;0;0;4416644;3441512;4457;2;3613445;2867;47;0;1
FR;3;2022-10-31;0;0;0;0;0;0;0;0;0;4416644;3441512;4457;2;3613445;2867;47;0;1
FR;3;2022-11-01;0;0;0;0;0;0;0;0;0;4416644;3441512;4457;2;3613445;2867;47;0;1
FR;3;2022-11-02;0;0;0;0;0;0;0;0;0;4416644;3441512;4457;2;3613445;2867;47;0;1
FR;3;2022-11-03;0;0;0;0;0;0;0;0;0;4416644;3441512;4457;2;3613445;2867;47;0;1
FR;3;2022-11-04;0;0;0;0;0;0;0;0;0;4416644;3441512;4457;2;3613445;2867;47;0;1
FR;3;2022-11-05;0;0;0;0;0;0;0;0;0;4416644;3441512;4457;2;3613445;2867;47;0;1
FR;3;2022-11-06;0;0;0;0;0;0;0;0;0;4416644;3441512;4457;2;3613445;2867;47;0;1
FR;3;2022-11-07;0;0;0;0;0;0;0;0;0;4416644;3441512;4457;2;3613445;2867;47;0;1
FR;3;2022-11-08;1;0;0;0;0;0;0;0;0;4416645;3441512;4457;2;3613445;2867;47;0;1
FR;3;2022-11-09;0;0;0;0;0;0;0;0;0;4416645;3441512;4457;2;3613445;2867;47;0;1
FR;3;2022-11-10;0;0;0;0;0;0;0;0;0;4416645;3441512;4457;2;3613445;2867;47;0;1
FR;3;2022-11-11;0;0;0;0;0;0;0;0;0;4416645;3441512;4457;2;3613445;2867;47;0;1
FR;3;2022-11-12;0;0;0;0;0;0;0;0;0;4416645;3441512;4457;2;3613445;2867;47;0;1
FR;3;2022-11-13;0;0;0;0;0;0;0;0;0;4416645;3441512;4457;2;3613445;2867;47;0;1
FR;3;2022-11-14;0;0;0;0;0;0;0;0;0;4416645;3441512;4457;2;3613445;2867;47;0;1
FR;3;2022-11-15;0;0;0;0;0;0;0;0;0;4416645;3441512;4457;2;3613445;2867;47;0;1
FR;3;2022-11-16;0;0;0;0;0;0;0;0;0;4416645;3441512;4457;2;3613445;2867;47;0;1
FR;3;2022-11-17;0;0;0;0;0;0;0;0;0;4416645;3441512;4457;2;3613445;2867;47;0;1
FR;3;2022-11-18;0;0;0;0;0;0;0;0;0;4416645;3441512;4457;2;3613445;2867;47;0;1
FR;3;2022-11-19;0;0;0;0;0;0;0;0;0;4416645;3441512;4457;2;3613445;2867;47;0;1
FR;3;2022-11-20;0;0;0;0;0;0;0;0;0;4416645;3441512;4457;2;3613445;2867;47;0;1
FR;3;2022-11-21;0;0;0;0;0;0;0;0;0;4416645;3441512;4457;2;3613445;2867;47;0;1
FR;3;2022-11-22;0;0;0;0;0;0;0;0;0;4416645;3441512;4457;2;3613445;2867;47;0;1
FR;3;2022-11-23;0;0;0;0;0;0;0;0;0;4416645;3441512;4457;2;3613445;2867;47;0;1
FR;3;2022-11-24;0;0;0;0;0;0;0;0;0;4416645;3441512;4457;2;3613445;2867;47;0;1
FR;3;2022-11-25;0;0;0;0;0;0;0;0;0;4416645;3441512;4457;2;3613445;2867;47;0;1
FR;3;2022-11-26;0;0;0;0;0;0;0;0;0;4416645;3441512;4457;2;3613445;2867;47;0;1
FR;3;2022-11-27;0;0;0;0;0;0;0;0;0;4416645;3441512;4457;2;3613445;2867;47;0;1
FR;3;2022-11-28;0;0;0;0;0;0;0;0;0;4416645;3441512;4457;2;3613445;2867;47;0;1
FR;3;2022-11-29;0;0;0;0;0;0;0;0;0;4416645;3441512;4457;2;3613445;2867;47;0;1
FR;3;2022-11-30;0;0;0;0;0;0;0;0;0;4416645;3441512;4457;2;3613445;2867;47;0;1
FR;3;2022-12-01;0;0;0;0;0;0;0;0;0;4416645;3441512;4457;2;3613445;2867;47;0;1
FR;3;2022-12-02;0;0;0;0;0;0;0;0;0;4416645;3441512;4457;2;3613445;2867;47;0;1
FR;3;2022-12-03;0;0;0;0;0;0;0;0;0;4416645;3441512;4457;2;3613445;2867;47;0;1
FR;3;2022-12-04;0;0;0;0;0;0;0;0;0;4416645;3441512;4457;2;3613445;2867;47;0;1
FR;3;2022-12-05;0;0;0;0;0;0;0;0;0;4416645;3441512;4457;2;3613445;2867;47;0;1
FR;3;2022-12-06;0;0;0;0;0;0;0;0;0;4416645;3441512;4457;2;3613445;2867;47;0;1
FR;3;2022-12-07;0;0;0;0;0;0;0;0;0;4416645;3441512;4457;2;3613445;2867;47;0;1
FR;3;2022-12-08;0;0;0;0;0;0;0;0;0;4416645;3441512;4457;2;3613445;2867;47;0;1
FR;3;2022-12-09;0;0;0;0;0;0;0;0;0;4416645;3441512;4457;2;3613445;2867;47;0;1
FR;3;2022-12-10;0;0;0;0;0;0;0;0;0;4416645;3441512;4457;2;3613445;2867;47;0;1
FR;3;2022-12-11;0;0;0;0;0;0;0;0;0;4416645;3441512;4457;2;3613445;2867;47;0;1
FR;3;2022-12-12;0;0;0;0;0;0;0;0;0;4416645;3441512;4457;2;3613445;2867;47;0;1
FR;3;2022-12-13;0;0;0;0;0;0;0;0;0;4416645;3441512;4457;2;3613445;2867;47;0;1
FR;3;2022-12-14;0;0;0;0;0;0;0;0;0;4416645;3441512;4457;2;3613445;2867;47;0;1
FR;3;2022-12-15;0;0;0;0;0;0;0;0;0;4416645;3441512;4457;2;3613445;2867;47;0;1
FR;3;2022-12-16;0;0;0;0;0;0;0;0;0;4416645;3441512;4457;2;3613445;2867;47;0;1
FR;3;2022-12-17;0;0;0;0;0;0;0;0;0;4416645;3441512;4457;2;3613445;2867;47;0;1
FR;3;2022-12-18;0;0;0;0;0;0;0;0;0;4416645;3441512;4457;2;3613445;2867;47;0;1
FR;3;2022-12-19;0;0;0;0;0;0;0;0;0;4416645;3441512;4457;2;3613445;2867;47;0;1
FR;3;2022-12-20;0;0;0;0;0;0;0;0;0;4416645;3441512;4457;2;3613445;2867;47;0;1
FR;4;2020-12-27;0;0;0;0;0;0;0;0;0;0;0;0;0;0;0;0;0;0
FR;4;2020-12-28;0;0;0;0;0;0;0;0;0;0;0;0;0;0;0;0;0;0
FR;4;2020-12-29;0;0;0;0;0;0;0;0;0;0;0;0;0;0;0;0;0;0
FR;4;2020-12-30;0;0;0;0;0;0;0;0;0;0;0;0;0;0;0;0;0;0
FR;4;2020-12-31;0;0;0;0;0;0;0;0;0;0;0;0;0;0;0;0;0;0
FR;4;2021-01-01;0;0;0;0;0;0;0;0;0;0;0;0;0;0;0;0;0;0
FR;4;2021-01-02;0;0;0;0;0;0;0;0;0;0;0;0;0;0;0;0;0;0
FR;4;2021-01-03;0;0;0;0;0;0;0;0;0;0;0;0;0;0;0;0;0;0
FR;4;2021-01-04;0;0;0;0;0;0;0;0;0;0;0;0;0;0;0;0;0;0
FR;4;2021-01-05;0;0;0;0;0;0;0;0;0;0;0;0;0;0;0;0;0;0
FR;4;2021-01-06;0;0;0;0;0;0;0;0;0;0;0;0;0;0;0;0;0;0
FR;4;2021-01-07;0;0;0;0;0;0;0;0;0;0;0;0;0;0;0;0;0;0
FR;4;2021-01-08;0;0;0;0;0;0;0;0;0;0;0;0;0;0;0;0;0;0
FR;4;2021-01-09;0;0;0;0;0;0;0;0;0;0;0;0;0;0;0;0;0;0
FR;4;2021-01-10;0;0;0;0;0;0;0;0;0;0;0;0;0;0;0;0;0;0
FR;4;2021-01-11;0;0;0;0;0;0;0;0;0;0;0;0;0;0;0;0;0;0
FR;4;2021-01-12;0;0;0;0;0;0;0;0;0;0;0;0;0;0;0;0;0;0
FR;4;2021-01-13;0;0;0;0;0;0;0;0;0;0;0;0;0;0;0;0;0;0
FR;4;2021-01-14;0;0;0;0;0;0;0;0;0;0;0;0;0;0;0;0;0;0
FR;4;2021-01-15;0;0;0;0;0;0;0;0;0;0;0;0;0;0;0;0;0;0
FR;4;2021-01-16;0;0;0;0;0;0;0;0;0;0;0;0;0;0;0;0;0;0
FR;4;2021-01-17;0;0;0;0;0;0;0;0;0;0;0;0;0;0;0;0;0;0
FR;4;2021-01-18;0;0;0;0;0;0;0;0;0;0;0;0;0;0;0;0;0;0
FR;4;2021-01-19;0;0;0;0;0;0;0;0;0;0;0;0;0;0;0;0;0;0
FR;4;2021-01-20;0;0;0;0;0;0;0;0;0;0;0;0;0;0;0;0;0;0
FR;4;2021-01-21;0;0;0;0;0;0;0;0;0;0;0;0;0;0;0;0;0;0
FR;4;2021-01-22;0;0;0;0;0;0;0;0;0;0;0;0;0;0;0;0;0;0
FR;4;2021-01-23;0;0;0;0;0;0;0;0;0;0;0;0;0;0;0;0;0;0
FR;4;2021-01-24;0;0;0;0;0;0;0;0;0;0;0;0;0;0;0;0;0;0
FR;4;2021-01-25;0;0;0;0;0;0;0;0;0;0;0;0;0;0;0;0;0;0
FR;4;2021-01-26;0;0;0;0;0;0;0;0;0;0;0;0;0;0;0;0;0;0
FR;4;2021-01-27;0;0;0;0;0;0;0;0;0;0;0;0;0;0;0;0;0;0
FR;4;2021-01-28;0;0;0;0;0;0;0;0;0;0;0;0;0;0;0;0;0;0
FR;4;2021-01-29;0;0;0;0;0;0;0;0;0;0;0;0;0;0;0;0;0;0
FR;4;2021-01-30;0;0;0;0;0;0;0;0;0;0;0;0;0;0;0;0;0;0
FR;4;2021-01-31;0;0;0;0;0;0;0;0;0;0;0;0;0;0;0;0;0;0
FR;4;2021-02-01;0;0;0;0;0;0;0;0;0;0;0;0;0;0;0;0;0;0
FR;4;2021-02-02;0;0;0;0;0;0;0;0;0;0;0;0;0;0;0;0;0;0
FR;4;2021-02-03;0;0;0;0;0;0;0;0;0;0;0;0;0;0;0;0;0;0
FR;4;2021-02-04;0;0;0;0;0;0;0;0;0;0;0;0;0;0;0;0;0;0
FR;4;2021-02-05;0;0;0;0;0;0;0;0;0;0;0;0;0;0;0;0;0;0
FR;4;2021-02-06;0;0;0;0;0;0;0;0;0;0;0;0;0;0;0;0;0;0
FR;4;2021-02-07;0;0;0;0;0;0;0;0;0;0;0;0;0;0;0;0;0;0
FR;4;2021-02-08;0;0;0;0;0;0;0;0;0;0;0;0;0;0;0;0;0;0
FR;4;2021-02-09;0;0;0;0;0;0;0;0;0;0;0;0;0;0;0;0;0;0
FR;4;2021-02-10;0;0;0;0;0;0;0;0;0;0;0;0;0;0;0;0;0;0
FR;4;2021-02-11;0;0;0;0;0;0;0;0;0;0;0;0;0;0;0;0;0;0
FR;4;2021-02-12;0;0;0;0;0;0;0;0;0;0;0;0;0;0;0;0;0;0
FR;4;2021-02-13;0;0;0;0;0;0;0;0;0;0;0;0;0;0;0;0;0;0
FR;4;2021-02-14;0;0;0;0;0;0;0;0;0;0;0;0;0;0;0;0;0;0
FR;4;2021-02-15;0;0;0;0;0;0;0;0;0;0;0;0;0;0;0;0;0;0
FR;4;2021-02-16;0;0;0;0;0;0;0;0;0;0;0;0;0;0;0;0;0;0
FR;4;2021-02-17;0;0;0;0;0;0;0;0;0;0;0;0;0;0;0;0;0;0
FR;4;2021-02-18;0;0;0;0;0;0;0;0;0;0;0;0;0;0;0;0;0;0
FR;4;2021-02-19;0;0;0;0;0;0;0;0;0;0;0;0;0;0;0;0;0;0
FR;4;2021-02-20;0;0;0;0;0;0;0;0;0;0;0;0;0;0;0;0;0;0
FR;4;2021-02-21;0;0;0;0;0;0;0;0;0;0;0;0;0;0;0;0;0;0
FR;4;2021-02-22;0;0;0;0;0;0;0;0;0;0;0;0;0;0;0;0;0;0
FR;4;2021-02-23;0;0;0;0;0;0;0;0;0;0;0;0;0;0;0;0;0;0
FR;4;2021-02-24;0;0;0;0;0;0;0;0;0;0;0;0;0;0;0;0;0;0
FR;4;2021-02-25;0;0;0;0;0;0;0;0;0;0;0;0;0;0;0;0;0;0
FR;4;2021-02-26;0;0;0;0;0;0;0;0;0;0;0;0;0;0;0;0;0;0
FR;4;2021-02-27;0;0;0;0;0;0;0;0;0;0;0;0;0;0;0;0;0;0
FR;4;2021-02-28;0;0;0;0;0;0;0;0;0;0;0;0;0;0;0;0;0;0
FR;4;2021-03-01;0;0;0;0;0;0;0;0;0;0;0;0;0;0;0;0;0;0
FR;4;2021-03-02;0;0;0;0;0;0;0;0;0;0;0;0;0;0;0;0;0;0
FR;4;2021-03-03;0;0;0;0;0;0;0;0;0;0;0;0;0;0;0;0;0;0
FR;4;2021-03-04;0;0;0;0;0;0;0;0;0;0;0;0;0;0;0;0;0;0
FR;4;2021-03-05;0;0;0;0;0;0;0;0;0;0;0;0;0;0;0;0;0;0
FR;4;2021-03-06;0;0;0;0;0;0;0;0;0;0;0;0;0;0;0;0;0;0
FR;4;2021-03-07;0;0;0;0;0;0;0;0;0;0;0;0;0;0;0;0;0;0
FR;4;2021-03-08;0;0;0;0;0;0;0;0;0;0;0;0;0;0;0;0;0;0
FR;4;2021-03-09;0;0;0;0;0;0;0;0;0;0;0;0;0;0;0;0;0;0
FR;4;2021-03-10;0;0;0;0;0;0;0;0;0;0;0;0;0;0;0;0;0;0
FR;4;2021-03-11;0;0;0;0;0;0;0;0;0;0;0;0;0;0;0;0;0;0
FR;4;2021-03-12;0;0;0;0;0;0;0;0;0;0;0;0;0;0;0;0;0;0
FR;4;2021-03-13;0;0;0;0;0;0;0;0;0;0;0;0;0;0;0;0;0;0
FR;4;2021-03-14;0;0;0;0;0;0;0;0;0;0;0;0;0;0;0;0;0;0
FR;4;2021-03-15;0;0;0;0;0;0;0;0;0;0;0;0;0;0;0;0;0;0
FR;4;2021-03-16;0;0;0;0;0;0;0;0;0;0;0;0;0;0;0;0;0;0
FR;4;2021-03-17;0;0;0;0;0;0;0;0;0;0;0;0;0;0;0;0;0;0
FR;4;2021-03-18;0;0;0;0;0;0;0;0;0;0;0;0;0;0;0;0;0;0
FR;4;2021-03-19;0;0;0;0;0;0;0;0;0;0;0;0;0;0;0;0;0;0
FR;4;2021-03-20;0;0;0;0;0;0;0;0;0;0;0;0;0;0;0;0;0;0
FR;4;2021-03-21;0;0;0;0;0;0;0;0;0;0;0;0;0;0;0;0;0;0
FR;4;2021-03-22;0;0;0;0;0;0;0;0;0;0;0;0;0;0;0;0;0;0
FR;4;2021-03-23;0;0;0;0;0;0;0;0;0;0;0;0;0;0;0;0;0;0
FR;4;2021-03-24;0;0;0;0;0;0;0;0;0;0;0;0;0;0;0;0;0;0
FR;4;2021-03-25;0;0;0;0;0;0;0;0;0;0;0;0;0;0;0;0;0;0
FR;4;2021-03-26;0;0;0;0;0;0;0;0;0;0;0;0;0;0;0;0;0;0
FR;4;2021-03-27;0;0;0;0;0;0;0;0;0;0;0;0;0;0;0;0;0;0
FR;4;2021-03-28;0;0;0;0;0;0;0;0;0;0;0;0;0;0;0;0;0;0
FR;4;2021-03-29;0;0;0;0;0;0;0;0;0;0;0;0;0;0;0;0;0;0
FR;4;2021-03-30;0;0;0;0;0;0;0;0;0;0;0;0;0;0;0;0;0;0
FR;4;2021-03-31;0;0;0;0;0;0;0;0;0;0;0;0;0;0;0;0;0;0
FR;4;2021-04-01;0;0;0;0;0;0;0;0;0;0;0;0;0;0;0;0;0;0
FR;4;2021-04-02;0;0;0;0;0;0;0;0;0;0;0;0;0;0;0;0;0;0
FR;4;2021-04-03;0;0;0;0;0;0;0;0;0;0;0;0;0;0;0;0;0;0
FR;4;2021-04-04;0;0;0;0;0;0;0;0;0;0;0;0;0;0;0;0;0;0
FR;4;2021-04-05;0;0;0;0;0;0;0;0;0;0;0;0;0;0;0;0;0;0
FR;4;2021-04-06;0;0;0;0;0;0;0;0;0;0;0;0;0;0;0;0;0;0
FR;4;2021-04-07;0;0;0;0;0;0;0;0;0;0;0;0;0;0;0;0;0;0
FR;4;2021-04-08;0;0;0;0;0;0;0;0;0;0;0;0;0;0;0;0;0;0
FR;4;2021-04-09;0;0;0;0;0;0;0;0;0;0;0;0;0;0;0;0;0;0
FR;4;2021-04-10;0;0;0;0;0;0;0;0;0;0;0;0;0;0;0;0;0;0
FR;4;2021-04-11;0;0;0;0;0;0;0;0;0;0;0;0;0;0;0;0;0;0
FR;4;2021-04-12;0;0;0;0;0;0;0;0;0;0;0;0;0;0;0;0;0;0
FR;4;2021-04-13;0;0;0;0;0;0;0;0;0;0;0;0;0;0;0;0;0;0
FR;4;2021-04-14;0;0;0;0;0;0;0;0;0;0;0;0;0;0;0;0;0;0
FR;4;2021-04-15;0;0;0;0;0;0;0;0;0;0;0;0;0;0;0;0;0;0
FR;4;2021-04-16;0;0;0;0;0;0;0;0;0;0;0;0;0;0;0;0;0;0
FR;4;2021-04-17;0;0;0;0;0;0;0;0;0;0;0;0;0;0;0;0;0;0
FR;4;2021-04-18;0;0;0;0;0;0;0;0;0;0;0;0;0;0;0;0;0;0
FR;4;2021-04-19;0;0;0;0;0;0;0;0;0;0;0;0;0;0;0;0;0;0
FR;4;2021-04-20;0;0;0;0;0;0;0;0;0;0;0;0;0;0;0;0;0;0
FR;4;2021-04-21;0;0;0;0;0;0;0;0;0;0;0;0;0;0;0;0;0;0
FR;4;2021-04-22;0;0;0;0;0;0;0;0;0;0;0;0;0;0;0;0;0;0
FR;4;2021-04-23;3709;0;0;0;3667;0;0;0;0;3709;0;0;0;3667;0;0;0;0
FR;4;2021-04-24;1569;1;0;0;1558;0;0;0;0;5278;1;0;0;5225;0;0;0;0
FR;4;2021-04-25;125;0;0;0;125;0;0;0;0;5403;1;0;0;5350;0;0;0;0
FR;4;2021-04-26;2871;1;0;0;2860;0;0;0;0;8274;2;0;0;8210;0;0;0;0
FR;4;2021-04-27;9520;3;0;0;9501;0;0;0;0;17794;5;0;0;17711;0;0;0;0
FR;4;2021-04-28;9909;6;0;0;9884;0;0;0;0;27703;11;0;0;27595;0;0;0;0
FR;4;2021-04-29;15996;8;0;0;15980;0;0;0;0;43699;19;0;0;43575;0;0;0;0
FR;4;2021-04-30;19234;10;0;0;19204;0;0;0;0;62933;29;0;0;62779;0;0;0;0
FR;4;2021-05-01;1994;6;0;0;1992;0;0;0;0;64927;35;0;0;64771;0;0;0;0
FR;4;2021-05-02;484;0;0;0;481;0;0;0;0;65411;35;0;0;65252;0;0;0;0
FR;4;2021-05-03;5066;2;0;0;5060;0;0;0;0;70477;37;0;0;70312;0;0;0;0
FR;4;2021-05-04;8410;11;0;0;8399;0;0;0;0;78887;48;0;0;78711;0;0;0;0
FR;4;2021-05-05;6190;7;0;0;6185;0;0;0;0;85077;55;0;0;84896;0;0;0;0
FR;4;2021-05-06;11387;11;0;0;11384;0;0;0;0;96464;66;0;0;96280;0;0;0;0
FR;4;2021-05-07;19127;9;0;0;19088;0;0;0;0;115591;75;0;0;115368;0;0;0;0
FR;4;2021-05-08;2378;6;0;0;2382;0;0;0;0;117969;81;0;0;117750;0;0;0;0
FR;4;2021-05-09;690;3;0;0;691;0;0;0;0;118659;84;0;0;118441;0;0;0;0
FR;4;2021-05-10;7244;5;1;0;7241;0;0;0;0;125903;89;1;0;125682;0;0;0;0
FR;4;2021-05-11;14325;12;0;0;14305;0;0;0;0;140228;101;1;0;139987;0;0;0;0
FR;4;2021-05-12;10176;15;0;0;10179;0;0;0;0;150404;116;1;0;150166;0;0;0;0
FR;4;2021-05-13;1583;4;0;0;1584;0;0;0;0;151987;120;1;0;151750;0;0;0;0
FR;4;2021-05-14;7768;7;0;0;7762;0;0;0;0;159755;127;1;0;159512;0;0;0;0
FR;4;2021-05-15;3721;8;1;0;3720;0;0;0;0;163476;135;2;0;163232;0;0;0;0
FR;4;2021-05-16;417;1;0;0;417;0;0;0;0;163893;136;2;0;163649;0;0;0;0
FR;4;2021-05-17;4480;6;0;0;4479;0;0;0;0;168373;142;2;0;168128;0;0;0;0
FR;4;2021-05-18;8769;10;0;0;8769;0;0;0;0;177142;152;2;0;176897;0;0;0;0
FR;4;2021-05-19;5698;7;0;0;5700;0;0;0;0;182840;159;2;0;182597;0;0;0;0
FR;4;2021-05-20;9486;8;0;0;9478;0;0;0;0;192326;167;2;0;192075;0;0;0;0
FR;4;2021-05-21;12814;30;0;0;12821;0;0;0;0;205140;197;2;0;204896;0;0;0;0
FR;4;2021-05-22;5061;15;0;0;5068;0;0;0;0;210201;212;2;0;209964;0;0;0;0
FR;4;2021-05-23;497;4;0;0;500;0;0;0;0;210698;216;2;0;210464;0;0;0;0
FR;4;2021-05-24;1059;7;0;0;1063;0;0;0;0;211757;223;2;0;211527;0;0;0;0
FR;4;2021-05-25;7634;16;0;0;7640;0;0;0;0;219391;239;2;0;219167;0;0;0;0
FR;4;2021-05-26;7729;16;0;0;7738;0;0;0;0;227120;255;2;0;226905;0;0;0;0
FR;4;2021-05-27;14336;35;0;0;14345;0;0;0;0;241456;290;2;0;241250;0;0;0;0
FR;4;2021-05-28;26593;82;1;0;26634;0;0;0;0;268049;372;3;0;267884;0;0;0;0
FR;4;2021-05-29;11385;18;0;0;11385;0;0;0;0;279434;390;3;0;279269;0;0;0;0
FR;4;2021-05-30;974;7;0;0;973;0;0;0;0;280408;397;3;0;280242;0;0;0;0
FR;4;2021-05-31;12699;21;0;0;12699;0;0;0;0;293107;418;3;0;292941;0;0;0;0
FR;4;2021-06-01;20277;48;1;0;20295;0;0;0;0;313384;466;4;0;313236;0;0;0;0
FR;4;2021-06-02;14523;33;0;0;14536;0;0;0;0;327907;499;4;0;327772;0;0;0;0
FR;4;2021-06-03;19435;24;1;0;19433;0;0;0;0;347342;523;5;0;347205;0;0;0;0
FR;4;2021-06-04;22518;48;0;0;22536;0;0;0;0;369860;571;5;0;369741;0;0;0;0
FR;4;2021-06-05;9715;32;0;0;9718;0;0;0;0;379575;603;5;0;379459;0;0;0;0
FR;4;2021-06-06;1040;1;0;0;1036;0;0;0;0;380615;604;5;0;380495;0;0;0;0
FR;4;2021-06-07;9230;19;0;0;9237;0;0;0;0;389845;623;5;0;389732;0;0;0;0
FR;4;2021-06-08;14613;32;0;0;14625;0;0;0;0;404458;655;5;0;404357;0;0;0;0
FR;4;2021-06-09;12212;25;0;0;12220;0;0;0;0;416670;680;5;0;416577;0;0;0;0
FR;4;2021-06-10;15406;30;0;0;15414;0;0;0;0;432076;710;5;0;431991;0;0;0;0
FR;4;2021-06-11;16986;57;0;0;17013;0;0;0;0;449062;767;5;0;449004;0;0;0;0
FR;4;2021-06-12;7452;27;0;0;7477;0;0;0;0;456514;794;5;0;456481;0;0;0;0
FR;4;2021-06-13;908;3;0;0;910;0;0;0;0;457422;797;5;0;457391;0;0;0;0
FR;4;2021-06-14;6650;27;0;0;6660;0;0;0;0;464072;824;5;0;464051;0;0;0;0
FR;4;2021-06-15;10893;39;0;0;10910;0;0;0;0;474965;863;5;0;474961;0;0;0;0
FR;4;2021-06-16;8909;16;0;0;8917;0;0;0;0;483874;879;5;0;483878;0;0;0;0
FR;4;2021-06-17;10900;37;0;0;10912;0;0;0;0;494774;916;5;0;494790;0;0;0;0
FR;4;2021-06-18;12424;45;0;0;12451;0;0;0;0;507198;961;5;0;507241;0;0;0;0
FR;4;2021-06-19;5567;25;0;0;5587;0;0;0;0;512765;986;5;0;512828;0;0;0;0
FR;4;2021-06-20;826;5;0;0;830;0;0;0;0;513591;991;5;0;513658;0;0;0;0
FR;4;2021-06-21;5103;21;0;0;5103;0;0;0;0;518694;1012;5;0;518761;0;0;0;0
FR;4;2021-06-22;7914;29;2;0;7931;0;0;0;0;526608;1041;7;0;526692;0;0;0;0
FR;4;2021-06-23;7104;42;2;0;7131;0;0;0;0;533712;1083;9;0;533823;0;0;0;0
FR;4;2021-06-24;8655;46;1;0;8687;0;0;0;0;542367;1129;10;0;542510;0;0;0;0
FR;4;2021-06-25;10175;41;2;0;10207;0;0;0;0;552542;1170;12;0;552717;0;0;0;0
FR;4;2021-06-26;4853;21;0;0;4870;0;0;0;0;557395;1191;12;0;557587;0;0;0;0
FR;4;2021-06-27;766;4;0;0;768;0;0;0;0;558161;1195;12;0;558355;0;0;0;0
FR;4;2021-06-28;4834;16;1;0;4842;0;0;0;0;562995;1211;13;0;563197;0;0;0;0
FR;4;2021-06-29;7110;28;2;0;7119;0;0;0;0;570105;1239;15;0;570316;0;0;0;0
FR;4;2021-06-30;6725;40;2;0;6753;0;0;0;0;576830;1279;17;0;577069;0;0;0;0
FR;4;2021-07-01;8211;42;0;0;8233;0;0;0;0;585041;1321;17;0;585302;0;0;0;0
FR;4;2021-07-02;9429;53;1;0;9469;0;0;0;0;594470;1374;18;0;594771;0;0;0;0
FR;4;2021-07-03;4846;20;0;0;4861;0;0;0;0;599316;1394;18;0;599632;0;0;0;0
FR;4;2021-07-04;689;5;0;0;691;0;0;0;0;600005;1399;18;0;600323;0;0;0;0
FR;4;2021-07-05;4771;19;2;0;4782;0;0;0;0;604776;1418;20;0;605105;0;0;0;0
FR;4;2021-07-06;7728;29;4;0;7741;0;0;0;0;612504;1447;24;0;612846;0;0;0;0
FR;4;2021-07-07;7084;34;2;0;7097;0;0;0;0;619588;1481;26;0;619943;0;0;0;0
FR;4;2021-07-08;9232;40;2;0;9255;0;0;0;0;628820;1521;28;0;629198;0;0;0;0
FR;4;2021-07-09;10281;34;1;0;10304;0;0;0;0;639101;1555;29;0;639502;0;0;0;0
FR;4;2021-07-10;4639;14;2;0;4646;0;0;0;0;643740;1569;31;0;644148;0;0;0;0
FR;4;2021-07-11;582;4;1;0;580;0;0;0;0;644322;1573;32;0;644728;0;0;0;0
FR;4;2021-07-12;5876;29;0;0;5898;0;0;0;0;650198;1602;32;0;650626;0;0;0;0
FR;4;2021-07-13;14230;29;0;0;14248;0;0;0;0;664428;1631;32;0;664874;0;0;0;0
FR;4;2021-07-14;2289;15;0;0;2289;0;0;0;0;666717;1646;32;0;667163;0;0;0;0
FR;4;2021-07-15;18237;37;0;0;18254;0;0;0;0;684954;1683;32;0;685417;0;0;0;0
FR;4;2021-07-16;22836;71;2;0;22886;0;0;0;0;707790;1754;34;0;708303;0;0;0;0
FR;4;2021-07-17;9740;20;0;0;9749;0;0;0;0;717530;1774;34;0;718052;0;0;0;0
FR;4;2021-07-18;1358;5;0;0;1361;0;0;0;0;718888;1779;34;0;719413;0;0;0;0
FR;4;2021-07-19;12991;30;1;0;13016;0;0;0;0;731879;1809;35;0;732429;0;0;0;0
FR;4;2021-07-20;17343;26;1;0;17359;0;0;0;0;749222;1835;36;0;749788;0;0;0;0
FR;4;2021-07-21;15620;33;0;0;15640;0;0;0;0;764842;1868;36;0;765428;0;0;0;0
FR;4;2021-07-22;18246;44;2;0;18270;0;0;0;0;783088;1912;38;0;783698;0;0;0;0
FR;4;2021-07-23;20417;57;7;0;20450;0;0;0;0;803505;1969;45;0;804148;0;0;0;0
FR;4;2021-07-24;9289;33;0;0;9304;0;0;0;0;812794;2002;45;0;813452;0;0;0;0
FR;4;2021-07-25;1354;10;0;0;1356;0;0;0;0;814148;2012;45;0;814808;0;0;0;0
FR;4;2021-07-26;11042;23;0;0;11049;0;0;0;0;825190;2035;45;0;825857;0;0;0;0
FR;4;2021-07-27;14686;35;3;0;14706;0;0;0;0;839876;2070;48;0;840563;0;0;0;0
FR;4;2021-07-28;12933;26;2;0;12950;0;0;0;0;852809;2096;50;0;853513;0;0;0;0
FR;4;2021-07-29;14093;54;4;0;14134;0;0;0;0;866902;2150;54;0;867647;0;0;0;0
FR;4;2021-07-30;15502;46;2;0;15533;0;0;0;0;882404;2196;56;0;883180;0;0;0;0
FR;4;2021-07-31;6845;14;2;0;6855;0;0;0;0;889249;2210;58;0;890035;0;0;0;0
FR;4;2021-08-01;906;1;0;0;901;0;0;0;0;890155;2211;58;0;890936;0;0;0;0
FR;4;2021-08-02;7918;31;0;0;7919;0;0;0;0;898073;2242;58;0;898855;0;0;0;0
FR;4;2021-08-03;10802;31;2;0;10798;0;0;0;0;908875;2273;60;0;909653;0;0;0;0
FR;4;2021-08-04;9748;29;0;0;9747;0;0;0;0;918623;2302;60;0;919400;0;0;0;0
FR;4;2021-08-05;9825;42;0;0;9831;0;0;0;0;928448;2344;60;0;929231;0;0;0;0
FR;4;2021-08-06;10201;30;3;0;10198;0;0;0;0;938649;2374;63;0;939429;0;0;0;0
FR;4;2021-08-07;5100;30;1;0;5116;0;0;0;0;943749;2404;64;0;944545;0;0;0;0
FR;4;2021-08-08;1220;13;0;0;1223;0;0;0;0;944969;2417;64;0;945768;0;0;0;0
FR;4;2021-08-09;6350;31;0;0;6343;0;0;0;0;951319;2448;64;0;952111;0;0;0;0
FR;4;2021-08-10;8753;18;0;0;8724;0;0;0;0;960072;2466;64;0;960835;0;0;0;0
FR;4;2021-08-11;7944;34;4;0;7933;0;0;0;0;968016;2500;68;0;968768;0;0;0;0
FR;4;2021-08-12;8585;31;1;0;8573;0;0;0;0;976601;2531;69;0;977341;0;0;0;0
FR;4;2021-08-13;7558;25;0;1;7545;0;0;0;0;984159;2556;69;1;984886;0;0;0;0
FR;4;2021-08-14;3791;20;0;0;3775;0;0;0;0;987950;2576;69;1;988661;0;0;0;0
FR;4;2021-08-15;771;5;0;0;773;0;0;0;0;988721;2581;69;1;989434;0;0;0;0
FR;4;2021-08-16;4008;17;0;0;4002;0;0;0;0;992729;2598;69;1;993436;0;0;0;0
FR;4;2021-08-17;5630;17;1;0;5620;0;0;0;0;998359;2615;70;1;999056;0;0;0;0
FR;4;2021-08-18;5169;37;0;0;5186;0;0;0;0;1003528;2652;70;1;1004242;0;0;0;0
FR;4;2021-08-19;5487;34;3;0;5501;0;0;0;0;1009015;2686;73;1;1009743;0;0;0;0
FR;4;2021-08-20;5225;25;1;0;5235;0;0;0;0;1014240;2711;74;1;1014978;0;0;0;0
FR;4;2021-08-21;2311;22;1;0;2327;0;0;0;0;1016551;2733;75;1;1017305;0;0;0;0
FR;4;2021-08-22;414;2;0;0;415;0;0;0;0;1016965;2735;75;1;1017720;0;0;0;0
FR;4;2021-08-23;2931;20;1;0;2938;0;0;0;0;1019896;2755;76;1;1020658;0;0;0;0
FR;4;2021-08-24;3758;15;0;0;3761;0;0;0;0;1023654;2770;76;1;1024419;0;0;0;0
FR;4;2021-08-25;3543;25;1;0;3559;0;0;0;0;1027197;2795;77;1;1027978;0;0;0;0
FR;4;2021-08-26;3715;21;2;0;3727;0;0;0;0;1030912;2816;79;1;1031705;0;0;0;0
FR;4;2021-08-27;3617;31;2;0;3635;0;0;0;0;1034529;2847;81;1;1035340;0;0;0;0
FR;4;2021-08-28;1729;10;1;0;1734;0;0;0;0;1036258;2857;82;1;1037074;0;0;0;0
FR;4;2021-08-29;385;7;1;0;389;0;0;0;0;1036643;2864;83;1;1037463;0;0;0;0
FR;4;2021-08-30;2010;25;0;0;2018;16;0;0;0;1038653;2889;83;1;1039481;16;0;0;0
FR;4;2021-08-31;2486;21;0;0;2493;14;0;0;0;1041139;2910;83;1;1041974;30;0;0;0
FR;4;2021-09-01;2085;38;1;0;2097;21;0;0;0;1043224;2948;84;1;1044071;51;0;0;0
FR;4;2021-09-02;2307;31;4;0;2320;18;0;0;0;1045531;2979;88;1;1046391;69;0;0;0
FR;4;2021-09-03;2364;44;5;0;2373;36;0;0;0;1047895;3023;93;1;1048764;105;0;0;0
FR;4;2021-09-04;1374;18;0;0;1381;9;0;0;0;1049269;3041;93;1;1050145;114;0;0;0
FR;4;2021-09-05;433;2;0;0;433;2;0;0;0;1049702;3043;93;1;1050578;116;0;0;0
FR;4;2021-09-06;1713;62;0;0;1750;24;0;0;0;1051415;3105;93;1;1052328;140;0;0;0
FR;4;2021-09-07;1680;18;0;0;1689;8;0;0;0;1053095;3123;93;1;1054017;148;0;0;0
FR;4;2021-09-08;1286;26;3;0;1291;19;0;0;0;1054381;3149;96;1;1055308;167;0;0;0
FR;4;2021-09-09;1392;23;2;0;1402;9;0;0;0;1055773;3172;98;1;1056710;176;0;0;0
FR;4;2021-09-10;1521;31;2;0;1525;23;1;0;0;1057294;3203;100;1;1058235;199;1;0;0
FR;4;2021-09-11;745;11;0;0;748;3;0;0;0;1058039;3214;100;1;1058983;202;1;0;0
FR;4;2021-09-12;169;4;0;0;170;3;0;0;0;1058208;3218;100;1;1059153;205;1;0;0
FR;4;2021-09-13;1323;22;1;0;1326;16;0;0;0;1059531;3240;101;1;1060479;221;1;0;0
FR;4;2021-09-14;1503;9;2;0;1505;7;0;0;0;1061034;3249;103;1;1061984;228;1;0;0
FR;4;2021-09-15;1095;28;1;0;1098;25;0;0;0;1062129;3277;104;1;1063082;253;1;0;0
FR;4;2021-09-16;1105;22;2;0;1109;15;0;0;0;1063234;3299;106;1;1064191;268;1;0;0
FR;4;2021-09-17;897;21;1;0;904;12;0;0;0;1064131;3320;107;1;1065095;280;1;0;0
FR;4;2021-09-18;464;6;1;0;465;5;0;0;0;1064595;3326;108;1;1065560;285;1;0;0
FR;4;2021-09-19;182;3;0;0;183;2;0;0;0;1064777;3329;108;1;1065743;287;1;0;0
FR;4;2021-09-20;452;19;0;0;458;13;0;0;0;1065229;3348;108;1;1066201;300;1;0;0
FR;4;2021-09-21;432;11;0;0;434;7;0;0;0;1065661;3359;108;1;1066635;307;1;0;0
FR;4;2021-09-22;376;19;2;0;383;13;0;0;0;1066037;3378;110;1;1067018;320;1;0;0
FR;4;2021-09-23;485;15;1;0;486;14;0;0;0;1066522;3393;111;1;1067504;334;1;0;0
FR;4;2021-09-24;413;13;2;0;417;9;0;0;0;1066935;3406;113;1;1067921;343;1;0;0
FR;4;2021-09-25;280;10;1;0;281;5;0;0;0;1067215;3416;114;1;1068202;348;1;0;0
FR;4;2021-09-26;74;2;0;0;75;1;0;0;0;1067289;3418;114;1;1068277;349;1;0;0
FR;4;2021-09-27;268;10;1;0;269;8;0;0;0;1067557;3428;115;1;1068546;357;1;0;0
FR;4;2021-09-28;319;8;0;0;319;8;0;0;0;1067876;3436;115;1;1068865;365;1;0;0
FR;4;2021-09-29;377;19;1;0;379;13;0;0;0;1068253;3455;116;1;1069244;378;1;0;0
FR;4;2021-09-30;365;41;0;0;379;22;0;0;0;1068618;3496;116;1;1069623;400;1;0;0
FR;4;2021-10-01;411;56;0;0;413;50;0;0;0;1069029;3552;116;1;1070036;450;1;0;0
FR;4;2021-10-02;196;22;1;0;198;13;0;0;0;1069225;3574;117;1;1070234;463;1;0;0
FR;4;2021-10-03;86;1;0;0;87;0;0;0;0;1069311;3575;117;1;1070321;463;1;0;0
FR;4;2021-10-04;363;20;1;0;367;16;0;0;0;1069674;3595;118;1;1070688;479;1;0;0
FR;4;2021-10-05;286;19;2;0;288;15;0;0;0;1069960;3614;120;1;1070976;494;1;0;0
FR;4;2021-10-06;249;23;1;0;254;18;0;0;0;1070209;3637;121;1;1071230;512;1;0;0
FR;4;2021-10-07;267;25;2;0;272;13;0;0;0;1070476;3662;123;1;1071502;525;1;0;0
FR;4;2021-10-08;357;24;2;0;360;20;0;0;0;1070833;3686;125;1;1071862;545;1;0;0
FR;4;2021-10-09;194;6;6;0;195;7;0;0;0;1071027;3692;131;1;1072057;552;1;0;0
FR;4;2021-10-10;97;3;2;0;99;3;0;0;0;1071124;3695;133;1;1072156;555;1;0;0
FR;4;2021-10-11;251;15;1;0;252;14;0;0;0;1071375;3710;134;1;1072408;569;1;0;0
FR;4;2021-10-12;211;14;0;0;211;13;0;0;0;1071586;3724;134;1;1072619;582;1;0;0
FR;4;2021-10-13;221;28;1;0;224;25;0;0;0;1071807;3752;135;1;1072843;607;1;0;0
FR;4;2021-10-14;315;21;4;0;319;15;0;0;0;1072122;3773;139;1;1073162;622;1;0;0
FR;4;2021-10-15;322;24;5;0;323;25;0;0;0;1072444;3797;144;1;1073485;647;1;0;0
FR;4;2021-10-16;166;6;2;0;166;6;0;0;0;1072610;3803;146;1;1073651;653;1;0;0
FR;4;2021-10-17;70;2;0;0;71;1;0;0;0;1072680;3805;146;1;1073722;654;1;0;0
FR;4;2021-10-18;281;16;1;0;283;13;0;0;0;1072961;3821;147;1;1074005;667;1;0;0
FR;4;2021-10-19;216;14;2;0;216;15;0;0;0;1073177;3835;149;1;1074221;682;1;0;0
FR;4;2021-10-20;231;27;4;0;234;15;0;0;0;1073408;3862;153;1;1074455;697;1;0;0
FR;4;2021-10-21;243;18;0;0;245;14;0;0;0;1073651;3880;153;1;1074700;711;1;0;0
FR;4;2021-10-22;217;25;2;0;219;20;1;0;0;1073868;3905;155;1;1074919;731;2;0;0
FR;4;2021-10-23;116;16;1;0;117;15;0;0;0;1073984;3921;156;1;1075036;746;2;0;0
FR;4;2021-10-24;39;4;0;0;39;1;0;0;0;1074023;3925;156;1;1075075;747;2;0;0
FR;4;2021-10-25;218;7;2;0;218;9;0;0;0;1074241;3932;158;1;1075293;756;2;0;0
FR;4;2021-10-26;200;14;0;0;202;12;0;0;0;1074441;3946;158;1;1075495;768;2;0;0
FR;4;2021-10-27;196;12;4;0;196;12;2;0;0;1074637;3958;162;1;1075691;780;4;0;0
FR;4;2021-10-28;185;18;5;0;185;22;0;0;0;1074822;3976;167;1;1075876;802;4;0;0
FR;4;2021-10-29;225;17;2;0;226;15;0;0;0;1075047;3993;169;1;1076102;817;4;0;0
FR;4;2021-10-30;103;2;1;0;104;2;0;0;0;1075150;3995;170;1;1076206;819;4;0;0
FR;4;2021-10-31;59;3;2;0;60;3;0;0;0;1075209;3998;172;1;1076266;822;4;0;0
FR;4;2021-11-01;75;27;4;0;76;24;3;0;0;1075284;4025;176;1;1076342;846;7;0;0
FR;4;2021-11-02;162;21;2;0;163;21;0;0;0;1075446;4046;178;1;1076505;867;7;0;0
FR;4;2021-11-03;130;21;8;1;131;19;6;0;0;1075576;4067;186;2;1076636;886;13;0;0
FR;4;2021-11-04;186;15;1;0;187;12;1;0;0;1075762;4082;187;2;1076823;898;14;0;0
FR;4;2021-11-05;130;17;1;0;131;16;0;0;0;1075892;4099;188;2;1076954;914;14;0;0
FR;4;2021-11-06;81;6;1;0;81;6;0;0;0;1075973;4105;189;2;1077035;920;14;0;0
FR;4;2021-11-07;81;2;2;0;81;4;0;0;0;1076054;4107;191;2;1077116;924;14;0;0
FR;4;2021-11-08;161;20;1;0;162;20;0;0;0;1076215;4127;192;2;1077278;944;14;0;0
FR;4;2021-11-09;158;14;3;0;158;16;0;0;0;1076373;4141;195;2;1077436;960;14;0;0
FR;4;2021-11-10;121;30;6;0;121;32;2;0;0;1076494;4171;201;2;1077557;992;16;0;0
FR;4;2021-11-11;99;10;1;0;99;11;0;0;0;1076593;4181;202;2;1077656;1003;16;0;0
FR;4;2021-11-12;106;19;2;0;107;18;1;0;0;1076699;4200;204;2;1077763;1021;17;0;0
FR;4;2021-11-13;74;15;2;0;75;14;0;0;0;1076773;4215;206;2;1077838;1035;17;0;0
FR;4;2021-11-14;55;5;4;0;56;8;0;0;0;1076828;4220;210;2;1077894;1043;17;0;0
FR;4;2021-11-15;99;26;2;0;101;24;2;0;0;1076927;4246;212;2;1077995;1067;19;0;0
FR;4;2021-11-16;108;13;3;0;108;16;0;0;0;1077035;4259;215;2;1078103;1083;19;0;0
FR;4;2021-11-17;120;30;4;0;120;30;1;0;0;1077155;4289;219;2;1078223;1113;20;0;0
FR;4;2021-11-18;103;34;14;0;105;43;1;0;0;1077258;4323;233;2;1078328;1156;21;0;0
FR;4;2021-11-19;87;21;3;0;87;22;1;0;0;1077345;4344;236;2;1078415;1178;22;0;0
FR;4;2021-11-20;77;8;1;0;77;8;0;0;0;1077422;4352;237;2;1078492;1186;22;0;0
FR;4;2021-11-21;68;7;2;0;68;9;0;0;0;1077490;4359;239;2;1078560;1195;22;0;0
FR;4;2021-11-22;109;28;9;0;110;33;2;0;0;1077599;4387;248;2;1078670;1228;24;0;0
FR;4;2021-11-23;77;31;6;0;78;29;2;0;0;1077676;4418;254;2;1078748;1257;26;0;0
FR;4;2021-11-24;90;23;11;0;92;24;4;0;0;1077766;4441;265;2;1078840;1281;30;0;0
FR;4;2021-11-25;93;28;17;0;94;33;5;0;0;1077859;4469;282;2;1078934;1314;35;0;0
FR;4;2021-11-26;85;43;12;0;89;45;3;0;0;1077944;4512;294;2;1079023;1359;38;0;0
FR;4;2021-11-27;41;22;15;0;41;25;10;0;0;1077985;4534;309;2;1079064;1384;48;0;0
FR;4;2021-11-28;50;8;0;0;51;7;0;0;0;1078035;4542;309;2;1079115;1391;48;0;0
FR;4;2021-11-29;90;31;16;0;90;40;2;0;0;1078125;4573;325;2;1079205;1431;50;0;0
FR;4;2021-11-30;75;37;12;0;75;41;2;0;0;1078200;4610;337;2;1079280;1472;52;0;0
FR;4;2021-12-01;88;60;19;0;88;67;11;0;0;1078288;4670;356;2;1079368;1539;63;0;0
FR;4;2021-12-02;110;48;21;0;114;56;3;0;0;1078398;4718;377;2;1079482;1595;66;0;0
FR;4;2021-12-03;102;36;15;0;102;44;4;0;0;1078500;4754;392;2;1079584;1639;70;0;0
FR;4;2021-12-04;72;31;18;0;74;44;1;0;0;1078572;4785;410;2;1079658;1683;71;0;0
FR;4;2021-12-05;63;7;1;0;64;7;0;0;0;1078635;4792;411;2;1079722;1690;71;0;0
FR;4;2021-12-06;110;46;19;0;110;59;3;0;0;1078745;4838;430;2;1079832;1749;74;0;0
FR;4;2021-12-07;83;37;9;0;86;36;3;0;0;1078828;4875;439;2;1079918;1785;77;0;0
FR;4;2021-12-08;71;31;17;0;73;38;7;0;0;1078899;4906;456;2;1079991;1823;84;0;0
FR;4;2021-12-09;64;32;10;1;64;39;3;0;0;1078963;4938;466;3;1080055;1862;87;0;0
FR;4;2021-12-10;63;64;20;0;64;68;10;0;0;1079026;5002;486;3;1080119;1930;97;0;0
FR;4;2021-12-11;29;34;7;0;29;34;3;0;0;1079055;5036;493;3;1080148;1964;100;0;0
FR;4;2021-12-12;29;12;3;0;29;15;0;0;0;1079084;5048;496;3;1080177;1979;100;0;0
FR;4;2021-12-13;75;41;14;0;77;50;2;0;0;1079159;5089;510;3;1080254;2029;102;0;0
FR;4;2021-12-14;61;43;17;0;62;54;2;0;0;1079220;5132;527;3;1080316;2083;104;0;0
FR;4;2021-12-15;68;64;29;0;68;85;6;0;0;1079288;5196;556;3;1080384;2168;110;0;0
FR;4;2021-12-16;34;45;19;0;35;58;4;0;0;1079322;5241;575;3;1080419;2226;114;0;0
FR;4;2021-12-17;39;55;11;0;39;59;6;0;0;1079361;5296;586;3;1080458;2285;120;0;0
FR;4;2021-12-18;49;30;2;0;50;31;0;0;0;1079410;5326;588;3;1080508;2316;120;0;0
FR;4;2021-12-19;16;4;1;0;17;4;0;0;0;1079426;5330;589;3;1080525;2320;120;0;0
FR;4;2021-12-20;44;38;10;0;45;41;6;0;0;1079470;5368;599;3;1080570;2361;126;0;0
FR;4;2021-12-21;31;32;16;0;33;38;5;0;0;1079501;5400;615;3;1080603;2399;131;0;0
FR;4;2021-12-22;37;38;10;0;38;38;7;0;0;1079538;5438;625;3;1080641;2437;138;0;0
FR;4;2021-12-23;40;45;8;0;40;49;2;0;0;1079578;5483;633;3;1080681;2486;140;0;0
FR;4;2021-12-24;23;28;10;0;25;31;4;0;0;1079601;5511;643;3;1080706;2517;144;0;0
FR;4;2021-12-25;7;3;3;0;7;4;2;0;0;1079608;5514;646;3;1080713;2521;146;0;0
FR;4;2021-12-26;5;3;1;0;6;2;0;0;0;1079613;5517;647;3;1080719;2523;146;0;0
FR;4;2021-12-27;31;41;9;0;32;43;4;0;0;1079644;5558;656;3;1080751;2566;150;0;0
FR;4;2021-12-28;26;28;7;0;28;29;4;0;0;1079670;5586;663;3;1080779;2595;154;0;0
FR;4;2021-12-29;56;25;11;0;57;30;5;0;0;1079726;5611;674;3;1080836;2625;159;0;0
FR;4;2021-12-30;48;19;12;0;51;22;5;0;0;1079774;5630;686;3;1080887;2647;164;0;0
FR;4;2021-12-31;19;6;8;0;20;11;2;0;0;1079793;5636;694;3;1080907;2658;166;0;0
FR;4;2022-01-01;6;4;4;0;6;6;1;0;0;1079799;5640;698;3;1080913;2664;167;0;0
FR;4;2022-01-02;41;5;16;0;41;20;1;0;0;1079840;5645;714;3;1080954;2684;168;0;0
FR;4;2022-01-03;44;55;23;1;46;63;10;0;0;1079884;5700;737;4;1081000;2747;178;0;0
FR;4;2022-01-04;37;28;15;0;38;33;7;0;0;1079921;5728;752;4;1081038;2780;185;0;0
FR;4;2022-01-05;51;24;19;0;57;27;9;0;0;1079972;5752;771;4;1081095;2807;194;0;0
FR;4;2022-01-06;49;22;24;0;49;38;8;0;0;1080021;5774;795;4;1081144;2845;202;0;0
FR;4;2022-01-07;30;20;16;0;32;21;12;0;0;1080051;5794;811;4;1081176;2866;214;0;0
FR;4;2022-01-08;12;6;10;0;13;12;3;0;0;1080063;5800;821;4;1081189;2878;217;0;0
FR;4;2022-01-09;19;2;3;0;20;4;0;0;0;1080082;5802;824;4;1081209;2882;217;0;0
FR;4;2022-01-10;51;22;19;0;51;36;4;0;0;1080133;5824;843;4;1081260;2918;221;0;0
FR;4;2022-01-11;29;31;12;0;33;35;1;0;0;1080162;5855;855;4;1081293;2953;222;0;0
FR;4;2022-01-12;33;21;13;0;35;23;9;0;0;1080195;5876;868;4;1081328;2976;231;0;0
FR;4;2022-01-13;55;20;27;0;56;38;8;0;0;1080250;5896;895;4;1081384;3014;239;0;0
FR;4;2022-01-14;24;30;13;0;25;33;7;0;0;1080274;5926;908;4;1081409;3047;246;0;0
FR;4;2022-01-15;13;6;8;0;14;12;1;0;0;1080287;5932;916;4;1081423;3059;247;0;0
FR;4;2022-01-16;12;9;14;0;12;22;1;0;0;1080299;5941;930;4;1081435;3081;248;0;0
FR;4;2022-01-17;27;19;13;0;27;26;5;0;0;1080326;5960;943;4;1081462;3107;253;0;0
FR;4;2022-01-18;17;13;10;0;17;20;3;0;0;1080343;5973;953;4;1081479;3127;256;0;0
FR;4;2022-01-19;31;23;13;0;31;34;1;0;0;1080374;5996;966;4;1081510;3161;257;0;0
FR;4;2022-01-20;33;34;13;0;35;39;5;0;0;1080407;6030;979;4;1081545;3200;262;0;0
FR;4;2022-01-21;11;12;20;1;11;17;15;0;1;1080418;6042;999;5;1081556;3217;277;0;1
FR;4;2022-01-22;30;13;3;0;30;14;2;0;0;1080448;6055;1002;5;1081586;3231;279;0;1
FR;4;2022-01-23;8;2;5;0;8;7;0;0;0;1080456;6057;1007;5;1081594;3238;279;0;1
FR;4;2022-01-24;14;21;8;0;15;27;1;0;0;1080470;6078;1015;5;1081609;3265;280;0;1
FR;4;2022-01-25;22;32;10;1;23;38;3;0;0;1080492;6110;1025;6;1081632;3303;283;0;1
FR;4;2022-01-26;19;17;9;1;20;21;4;0;0;1080511;6127;1034;7;1081652;3324;287;0;1
FR;4;2022-01-27;21;18;8;0;22;24;1;0;0;1080532;6145;1042;7;1081674;3348;288;0;1
FR;4;2022-01-28;13;23;8;0;14;26;4;0;0;1080545;6168;1050;7;1081688;3374;292;0;1
FR;4;2022-01-29;17;6;5;0;17;10;0;0;0;1080562;6174;1055;7;1081705;3384;292;0;1
FR;4;2022-01-30;18;3;1;0;18;4;0;0;0;1080580;6177;1056;7;1081723;3388;292;0;1
FR;4;2022-01-31;22;28;8;0;22;32;2;0;0;1080602;6205;1064;7;1081745;3420;294;0;1
FR;4;2022-02-01;13;24;12;0;15;24;9;0;0;1080615;6229;1076;7;1081760;3444;303;0;1
FR;4;2022-02-02;18;11;14;2;18;20;7;0;0;1080633;6240;1090;9;1081778;3464;310;0;1
FR;4;2022-02-03;15;24;10;0;17;28;4;0;0;1080648;6264;1100;9;1081795;3492;314;0;1
FR;4;2022-02-04;7;5;7;0;7;9;3;0;0;1080655;6269;1107;9;1081802;3501;317;0;1
FR;4;2022-02-05;7;14;1;0;8;13;1;0;0;1080662;6283;1108;9;1081810;3514;318;0;1
FR;4;2022-02-06;7;4;4;0;7;7;1;0;0;1080669;6287;1112;9;1081817;3521;319;0;1
FR;4;2022-02-07;15;19;8;0;17;19;6;0;0;1080684;6306;1120;9;1081834;3540;325;0;1
FR;4;2022-02-08;19;21;13;1;21;22;10;0;0;1080703;6327;1133;10;1081855;3562;335;0;1
FR;4;2022-02-09;17;11;9;0;18;16;2;0;0;1080720;6338;1142;10;1081873;3578;337;0;1
FR;4;2022-02-10;22;23;10;0;23;25;7;0;0;1080742;6361;1152;10;1081896;3603;344;0;1
FR;4;2022-02-11;18;15;8;0;18;20;3;0;0;1080760;6376;1160;10;1081914;3623;347;0;1
FR;4;2022-02-12;24;6;3;0;26;7;0;0;0;1080784;6382;1163;10;1081940;3630;347;0;1
FR;4;2022-02-13;7;3;3;0;7;6;0;0;0;1080791;6385;1166;10;1081947;3636;347;0;1
FR;4;2022-02-14;20;10;10;0;20;16;4;0;0;1080811;6395;1176;10;1081967;3652;351;0;1
FR;4;2022-02-15;18;7;2;0;18;8;0;0;0;1080829;6402;1178;10;1081985;3660;351;0;1
FR;4;2022-02-16;16;10;11;0;16;17;3;0;0;1080845;6412;1189;10;1082001;3677;354;0;1
FR;4;2022-02-17;11;4;5;0;11;7;2;0;0;1080856;6416;1194;10;1082012;3684;356;0;1
FR;4;2022-02-18;16;15;8;0;16;21;2;0;0;1080872;6431;1202;10;1082028;3705;358;0;1
FR;4;2022-02-19;16;4;2;0;17;5;0;0;0;1080888;6435;1204;10;1082045;3710;358;0;1
FR;4;2022-02-20;8;3;0;0;9;2;0;0;0;1080896;6438;1204;10;1082054;3712;358;0;1
FR;4;2022-02-21;23;4;4;0;23;6;2;0;0;1080919;6442;1208;10;1082077;3718;360;0;1
FR;4;2022-02-22;8;5;10;0;9;10;4;0;0;1080927;6447;1218;10;1082086;3728;364;0;1
FR;4;2022-02-23;17;6;10;0;17;10;5;0;0;1080944;6453;1228;10;1082103;3738;369;0;1
FR;4;2022-02-24;11;5;4;0;11;7;2;0;0;1080955;6458;1232;10;1082114;3745;371;0;1
FR;4;2022-02-25;16;5;7;0;16;6;6;0;0;1080971;6463;1239;10;1082130;3751;377;0;1
FR;4;2022-02-26;27;3;0;0;27;3;0;0;0;1080998;6466;1239;10;1082157;3754;377;0;1
FR;4;2022-02-27;9;0;1;0;9;1;0;0;0;1081007;6466;1240;10;1082166;3755;377;0;1
FR;4;2022-02-28;18;3;2;0;19;3;1;0;0;1081025;6469;1242;10;1082185;3758;378;0;1
FR;4;2022-03-01;8;4;7;0;8;5;5;0;0;1081033;6473;1249;10;1082193;3763;383;0;1
FR;4;2022-03-02;16;2;5;0;16;6;1;0;0;1081049;6475;1254;10;1082209;3769;384;0;1
FR;4;2022-03-03;17;5;3;0;17;6;1;0;0;1081066;6480;1257;10;1082226;3775;385;0;1
FR;4;2022-03-04;7;7;2;1;7;5;3;0;0;1081073;6487;1259;11;1082233;3780;388;0;1
FR;4;2022-03-05;9;2;0;0;9;2;0;0;0;1081082;6489;1259;11;1082242;3782;388;0;1
FR;4;2022-03-06;4;0;1;0;4;1;0;0;0;1081086;6489;1260;11;1082246;3783;388;0;1
FR;4;2022-03-07;10;6;2;0;10;5;2;0;0;1081096;6495;1262;11;1082256;3788;390;0;1
FR;4;2022-03-08;15;3;0;0;15;3;0;0;0;1081111;6498;1262;11;1082271;3791;390;0;1
FR;4;2022-03-09;9;7;2;0;11;7;0;0;0;1081120;6505;1264;11;1082282;3798;390;0;1
FR;4;2022-03-10;5;1;6;0;5;3;4;0;0;1081125;6506;1270;11;1082287;3801;394;0;1
FR;4;2022-03-11;10;4;5;0;12;2;5;0;0;1081135;6510;1275;11;1082299;3803;399;0;1
FR;4;2022-03-12;10;2;0;0;11;0;0;0;0;1081145;6512;1275;11;1082310;3803;399;0;1
FR;4;2022-03-13;6;2;1;0;7;2;0;0;0;1081151;6514;1276;11;1082317;3805;399;0;1
FR;4;2022-03-14;4;3;1;0;5;3;0;0;0;1081155;6517;1277;11;1082322;3808;399;0;1
FR;4;2022-03-15;8;6;3;0;10;5;2;0;0;1081163;6523;1280;11;1082332;3813;401;0;1
FR;4;2022-03-16;7;3;3;0;7;3;3;0;0;1081170;6526;1283;11;1082339;3816;404;0;1
FR;4;2022-03-17;3;4;1;0;3;5;0;0;0;1081173;6530;1284;11;1082342;3821;404;0;1
FR;4;2022-03-18;9;3;0;0;9;3;0;0;0;1081182;6533;1284;11;1082351;3824;404;0;1
FR;4;2022-03-19;1;1;1;0;1;2;0;0;0;1081183;6534;1285;11;1082352;3826;404;0;1
FR;4;2022-03-20;2;0;2;0;2;1;1;0;0;1081185;6534;1287;11;1082354;3827;405;0;1
FR;4;2022-03-21;6;4;1;0;6;5;0;0;0;1081191;6538;1288;11;1082360;3832;405;0;1
FR;4;2022-03-22;4;2;2;0;4;3;1;0;0;1081195;6540;1290;11;1082364;3835;406;0;1
FR;4;2022-03-23;6;4;5;0;6;8;1;0;0;1081201;6544;1295;11;1082370;3843;407;0;1
FR;4;2022-03-24;2;5;3;1;2;7;2;0;0;1081203;6549;1298;12;1082372;3850;409;0;1
FR;4;2022-03-25;3;1;2;0;3;1;2;0;0;1081206;6550;1300;12;1082375;3851;411;0;1
FR;4;2022-03-26;5;5;0;0;5;5;0;0;0;1081211;6555;1300;12;1082380;3856;411;0;1
FR;4;2022-03-27;1;0;3;0;1;2;1;0;0;1081212;6555;1303;12;1082381;3858;412;0;1
FR;4;2022-03-28;6;1;3;0;7;3;0;0;0;1081218;6556;1306;12;1082388;3861;412;0;1
FR;4;2022-03-29;9;0;4;1;9;0;2;0;0;1081227;6556;1310;13;1082397;3861;414;0;1
FR;4;2022-03-30;3;4;0;0;3;4;0;0;0;1081230;6560;1310;13;1082400;3865;414;0;1
FR;4;2022-03-31;3;3;2;1;3;4;1;0;0;1081233;6563;1312;14;1082403;3869;415;0;1
FR;4;2022-04-01;15;3;5;0;15;6;2;0;0;1081248;6566;1317;14;1082418;3875;417;0;1
FR;4;2022-04-02;4;4;0;0;5;3;0;0;0;1081252;6570;1317;14;1082423;3878;417;0;1
FR;4;2022-04-03;0;1;0;0;0;1;0;0;0;1081252;6571;1317;14;1082423;3879;417;0;1
FR;4;2022-04-04;4;4;4;0;5;5;2;0;0;1081256;6575;1321;14;1082428;3884;419;0;1
FR;4;2022-04-05;4;3;2;1;5;3;2;0;0;1081260;6578;1323;15;1082433;3887;421;0;1
FR;4;2022-04-06;6;0;0;0;6;0;0;0;0;1081266;6578;1323;15;1082439;3887;421;0;1
FR;4;2022-04-07;3;2;3;2;3;5;0;0;0;1081269;6580;1326;17;1082442;3892;421;0;1
FR;4;2022-04-08;4;2;1;0;4;2;1;0;0;1081273;6582;1327;17;1082446;3894;422;0;1
FR;4;2022-04-09;0;0;1;1;0;1;1;0;0;1081273;6582;1328;18;1082446;3895;423;0;1
FR;4;2022-04-10;2;2;0;0;2;2;0;0;0;1081275;6584;1328;18;1082448;3897;423;0;1
FR;4;2022-04-11;4;3;4;0;4;5;2;0;0;1081279;6587;1332;18;1082452;3902;425;0;1
FR;4;2022-04-12;5;1;4;0;5;2;3;0;0;1081284;6588;1336;18;1082457;3904;428;0;1
FR;4;2022-04-13;5;8;2;0;5;10;0;0;0;1081289;6596;1338;18;1082462;3914;428;0;1
FR;4;2022-04-14;6;4;2;1;7;5;1;0;0;1081295;6600;1340;19;1082469;3919;429;0;1
FR;4;2022-04-15;6;9;1;0;6;10;0;0;0;1081301;6609;1341;19;1082475;3929;429;0;1
FR;4;2022-04-16;1;0;0;0;1;0;0;0;0;1081302;6609;1341;19;1082476;3929;429;0;1
FR;4;2022-04-17;3;2;1;0;3;3;0;0;0;1081305;6611;1342;19;1082479;3932;429;0;1
FR;4;2022-04-18;2;2;6;0;2;4;4;0;0;1081307;6613;1348;19;1082481;3936;433;0;1
FR;4;2022-04-19;2;0;1;0;2;0;1;0;0;1081309;6613;1349;19;1082483;3936;434;0;1
FR;4;2022-04-20;14;4;1;1;15;3;1;0;0;1081323;6617;1350;20;1082498;3939;435;0;1
FR;4;2022-04-21;7;1;0;0;7;1;0;0;0;1081330;6618;1350;20;1082505;3940;435;0;1
FR;4;2022-04-22;1;1;2;0;1;2;1;0;0;1081331;6619;1352;20;1082506;3942;436;0;1
FR;4;2022-04-23;2;3;3;0;2;6;0;0;0;1081333;6622;1355;20;1082508;3948;436;0;1
FR;4;2022-04-24;0;3;0;0;0;3;0;0;0;1081333;6625;1355;20;1082508;3951;436;0;1
FR;4;2022-04-25;3;5;3;0;3;8;0;0;0;1081336;6630;1358;20;1082511;3959;436;0;1
FR;4;2022-04-26;5;6;1;0;5;6;1;0;0;1081341;6636;1359;20;1082516;3965;437;0;1
FR;4;2022-04-27;4;1;1;1;5;1;1;0;0;1081345;6637;1360;21;1082521;3966;438;0;1
FR;4;2022-04-28;3;5;5;1;3;7;4;0;0;1081348;6642;1365;22;1082524;3973;442;0;1
FR;4;2022-04-29;6;3;0;0;6;2;0;0;0;1081354;6645;1365;22;1082530;3975;442;0;1
FR;4;2022-04-30;2;1;1;0;2;2;0;0;0;1081356;6646;1366;22;1082532;3977;442;0;1
FR;4;2022-05-01;0;0;0;0;0;0;0;0;0;1081356;6646;1366;22;1082532;3977;442;0;1
FR;4;2022-05-02;5;16;6;0;5;19;3;0;0;1081361;6662;1372;22;1082537;3996;445;0;1
FR;4;2022-05-03;2;6;2;0;2;7;1;0;0;1081363;6668;1374;22;1082539;4003;446;0;1
FR;4;2022-05-04;7;4;1;0;7;4;1;0;0;1081370;6672;1375;22;1082546;4007;447;0;1
FR;4;2022-05-05;3;2;1;1;4;1;2;0;0;1081373;6674;1376;23;1082550;4008;449;0;1
FR;4;2022-05-06;5;3;1;0;6;2;1;0;0;1081378;6677;1377;23;1082556;4010;450;0;1
FR;4;2022-05-07;0;0;0;0;0;0;0;0;0;1081378;6677;1377;23;1082556;4010;450;0;1
FR;4;2022-05-08;1;1;0;0;1;1;0;0;0;1081379;6678;1377;23;1082557;4011;450;0;1
FR;4;2022-05-09;5;1;0;1;5;1;1;0;0;1081384;6679;1377;24;1082562;4012;451;0;1
FR;4;2022-05-10;3;1;0;2;3;3;0;0;0;1081387;6680;1377;26;1082565;4015;451;0;1
FR;4;2022-05-11;3;2;4;0;3;5;1;0;0;1081390;6682;1381;26;1082568;4020;452;0;1
FR;4;2022-05-12;7;4;2;1;7;5;1;0;1;1081397;6686;1383;27;1082575;4025;453;0;2
FR;4;2022-05-13;1;0;2;0;1;2;0;0;0;1081398;6686;1385;27;1082576;4027;453;0;2
FR;4;2022-05-14;0;2;0;0;0;2;0;0;0;1081398;6688;1385;27;1082576;4029;453;0;2
FR;4;2022-05-15;2;2;0;0;4;0;0;0;0;1081400;6690;1385;27;1082580;4029;453;0;2
FR;4;2022-05-16;5;2;2;0;5;2;2;0;0;1081405;6692;1387;27;1082585;4031;455;0;2
FR;4;2022-05-17;5;1;2;0;5;3;0;0;0;1081410;6693;1389;27;1082590;4034;455;0;2
FR;4;2022-05-18;3;6;0;0;3;6;0;0;0;1081413;6699;1389;27;1082593;4040;455;0;2
FR;4;2022-05-19;2;3;3;0;2;5;1;0;0;1081415;6702;1392;27;1082595;4045;456;0;2
FR;4;2022-05-20;4;2;3;0;4;2;3;0;0;1081419;6704;1395;27;1082599;4047;459;0;2
FR;4;2022-05-21;2;0;1;0;2;1;0;0;0;1081421;6704;1396;27;1082601;4048;459;0;2
FR;4;2022-05-22;0;0;1;0;0;1;0;0;0;1081421;6704;1397;27;1082601;4049;459;0;2
FR;4;2022-05-23;0;0;2;0;0;0;2;0;0;1081421;6704;1399;27;1082601;4049;461;0;2
FR;4;2022-05-24;2;4;1;0;2;5;0;0;0;1081423;6708;1400;27;1082603;4054;461;0;2
FR;4;2022-05-25;1;4;1;0;3;3;0;0;0;1081424;6712;1401;27;1082606;4057;461;0;2
FR;4;2022-05-26;5;0;1;0;5;1;0;0;0;1081429;6712;1402;27;1082611;4058;461;0;2
FR;4;2022-05-27;0;2;1;1;0;3;1;0;0;1081429;6714;1403;28;1082611;4061;462;0;2
FR;4;2022-05-28;1;0;0;0;1;0;0;0;0;1081430;6714;1403;28;1082612;4061;462;0;2
FR;4;2022-05-29;1;0;1;0;1;1;0;0;0;1081431;6714;1404;28;1082613;4062;462;0;2
FR;4;2022-05-30;3;4;2;0;3;5;1;0;0;1081434;6718;1406;28;1082616;4067;463;0;2
FR;4;2022-05-31;2;1;0;0;2;1;0;0;0;1081436;6719;1406;28;1082618;4068;463;0;2
FR;4;2022-06-01;3;11;7;0;3;15;3;0;0;1081439;6730;1413;28;1082621;4083;466;0;2
FR;4;2022-06-02;6;7;3;0;6;7;2;0;0;1081445;6737;1416;28;1082627;4090;468;0;2
FR;4;2022-06-03;2;6;4;1;2;7;4;0;0;1081447;6743;1420;29;1082629;4097;472;0;2
FR;4;2022-06-04;0;1;1;1;0;1;2;0;0;1081447;6744;1421;30;1082629;4098;474;0;2
FR;4;2022-06-05;0;0;0;0;0;0;0;0;0;1081447;6744;1421;30;1082629;4098;474;0;2
FR;4;2022-06-06;7;0;3;0;7;2;1;0;0;1081454;6744;1424;30;1082636;4100;475;0;2
FR;4;2022-06-07;6;2;0;1;6;2;1;0;0;1081460;6746;1424;31;1082642;4102;476;0;2
FR;4;2022-06-08;0;4;3;0;0;7;0;0;0;1081460;6750;1427;31;1082642;4109;476;0;2
FR;4;2022-06-09;1;2;0;0;2;1;0;0;0;1081461;6752;1427;31;1082644;4110;476;0;2
FR;4;2022-06-10;3;0;3;0;3;1;2;0;0;1081464;6752;1430;31;1082647;4111;478;0;2
FR;4;2022-06-11;1;0;0;0;1;0;0;0;0;1081465;6752;1430;31;1082648;4111;478;0;2
FR;4;2022-06-12;4;0;0;0;4;0;0;0;0;1081469;6752;1430;31;1082652;4111;478;0;2
FR;4;2022-06-13;5;2;3;0;6;2;1;0;0;1081474;6754;1433;31;1082658;4113;479;0;2
FR;4;2022-06-14;4;3;0;0;5;2;0;0;0;1081478;6757;1433;31;1082663;4115;479;0;2
FR;4;2022-06-15;8;3;4;0;8;3;4;0;0;1081486;6760;1437;31;1082671;4118;483;0;2
FR;4;2022-06-16;2;3;1;1;3;2;1;0;1;1081488;6763;1438;32;1082674;4120;484;0;3
FR;4;2022-06-17;6;1;0;0;6;1;0;0;0;1081494;6764;1438;32;1082680;4121;484;0;3
FR;4;2022-06-18;0;0;0;0;0;0;0;0;0;1081494;6764;1438;32;1082680;4121;484;0;3
FR;4;2022-06-19;3;0;0;0;3;0;0;0;0;1081497;6764;1438;32;1082683;4121;484;0;3
FR;4;2022-06-20;4;2;2;1;4;3;2;0;0;1081501;6766;1440;33;1082687;4124;486;0;3
FR;4;2022-06-21;5;2;3;1;6;3;2;0;0;1081506;6768;1443;34;1082693;4127;488;0;3
FR;4;2022-06-22;3;2;1;3;4;2;1;0;0;1081509;6770;1444;37;1082697;4129;489;0;3
FR;4;2022-06-23;3;3;3;0;3;5;1;0;0;1081512;6773;1447;37;1082700;4134;490;0;3
FR;4;2022-06-24;3;0;2;0;3;0;2;0;0;1081515;6773;1449;37;1082703;4134;492;0;3
FR;4;2022-06-25;2;0;1;1;2;1;1;0;0;1081517;6773;1450;38;1082705;4135;493;0;3
FR;4;2022-06-26;0;0;1;0;0;1;0;0;0;1081517;6773;1451;38;1082705;4136;493;0;3
FR;4;2022-06-27;2;2;0;3;2;2;3;0;0;1081519;6775;1451;41;1082707;4138;496;0;3
FR;4;2022-06-28;0;4;2;1;0;5;2;0;0;1081519;6779;1453;42;1082707;4143;498;0;3
FR;4;2022-06-29;1;2;0;0;1;2;0;0;0;1081520;6781;1453;42;1082708;4145;498;0;3
FR;4;2022-06-30;2;0;0;0;2;0;0;0;0;1081522;6781;1453;42;1082710;4145;498;0;3
FR;4;2022-07-01;2;4;8;0;2;4;8;0;0;1081524;6785;1461;42;1082712;4149;506;0;3
FR;4;2022-07-02;0;1;0;0;1;0;0;0;0;1081524;6786;1461;42;1082713;4149;506;0;3
FR;4;2022-07-03;0;0;0;0;0;0;0;0;0;1081524;6786;1461;42;1082713;4149;506;0;3
FR;4;2022-07-04;3;1;0;0;3;1;0;0;0;1081527;6787;1461;42;1082716;4150;506;0;3
FR;4;2022-07-05;2;0;2;0;2;2;0;0;0;1081529;6787;1463;42;1082718;4152;506;0;3
FR;4;2022-07-06;5;0;1;1;5;0;1;0;1;1081534;6787;1464;43;1082723;4152;507;0;4
FR;4;2022-07-07;1;0;2;1;1;0;3;0;0;1081535;6787;1466;44;1082724;4152;510;0;4
FR;4;2022-07-08;3;1;0;0;3;1;0;0;0;1081538;6788;1466;44;1082727;4153;510;0;4
FR;4;2022-07-09;2;2;1;0;2;3;0;0;0;1081540;6790;1467;44;1082729;4156;510;0;4
FR;4;2022-07-10;2;0;1;0;2;0;0;0;0;1081542;6790;1468;44;1082731;4156;510;0;4
FR;4;2022-07-11;2;0;2;0;2;0;1;0;0;1081544;6790;1470;44;1082733;4156;511;0;4
FR;4;2022-07-12;0;0;2;0;0;2;0;0;0;1081544;6790;1472;44;1082733;4158;511;0;4
FR;4;2022-07-13;2;2;3;0;2;2;3;0;0;1081546;6792;1475;44;1082735;4160;514;0;4
FR;4;2022-07-14;4;0;1;0;4;0;1;0;0;1081550;6792;1476;44;1082739;4160;515;0;4
FR;4;2022-07-15;10;2;0;0;10;2;0;0;0;1081560;6794;1476;44;1082749;4162;515;0;4
FR;4;2022-07-16;4;0;0;2;4;0;2;0;0;1081564;6794;1476;46;1082753;4162;517;0;4
FR;4;2022-07-17;1;0;1;1;1;0;2;0;0;1081565;6794;1477;47;1082754;4162;519;0;4
FR;4;2022-07-18;3;3;2;0;3;3;2;0;0;1081568;6797;1479;47;1082757;4165;521;0;4
FR;4;2022-07-19;4;0;1;0;4;1;0;0;0;1081572;6797;1480;47;1082761;4166;521;0;4
FR;4;2022-07-20;10;0;1;0;10;1;0;0;0;1081582;6797;1481;47;1082771;4167;521;0;4
FR;4;2022-07-21;2;1;1;0;2;1;1;0;0;1081584;6798;1482;47;1082773;4168;522;0;4
FR;4;2022-07-22;4;0;3;0;4;1;2;0;0;1081588;6798;1485;47;1082777;4169;524;0;4
FR;4;2022-07-23;1;2;0;0;1;1;0;0;0;1081589;6800;1485;47;1082778;4170;524;0;4
FR;4;2022-07-24;0;0;0;0;0;0;0;0;0;1081589;6800;1485;47;1082778;4170;524;0;4
FR;4;2022-07-25;5;0;2;0;5;2;0;0;0;1081594;6800;1487;47;1082783;4172;524;0;4
FR;4;2022-07-26;2;0;0;0;2;0;0;0;0;1081596;6800;1487;47;1082785;4172;524;0;4
FR;4;2022-07-27;2;1;0;0;2;0;0;0;0;1081598;6801;1487;47;1082787;4172;524;0;4
FR;4;2022-07-28;11;0;0;0;11;0;0;0;0;1081609;6801;1487;47;1082798;4172;524;0;4
FR;4;2022-07-29;3;0;2;0;3;1;1;0;0;1081612;6801;1489;47;1082801;4173;525;0;4
FR;4;2022-07-30;4;0;2;0;4;0;2;0;0;1081616;6801;1491;47;1082805;4173;527;0;4
FR;4;2022-07-31;0;0;0;0;0;0;0;0;0;1081616;6801;1491;47;1082805;4173;527;0;4
FR;4;2022-08-01;2;0;3;0;2;2;1;0;0;1081618;6801;1494;47;1082807;4175;528;0;4
FR;4;2022-08-02;6;0;0;0;6;0;0;0;0;1081624;6801;1494;47;1082813;4175;528;0;4
FR;4;2022-08-03;1;2;1;0;1;2;1;0;0;1081625;6803;1495;47;1082814;4177;529;0;4
FR;4;2022-08-04;4;2;0;1;4;2;1;0;0;1081629;6805;1495;48;1082818;4179;530;0;4
FR;4;2022-08-05;2;0;1;0;2;0;1;0;0;1081631;6805;1496;48;1082820;4179;531;0;4
FR;4;2022-08-06;2;0;0;0;2;0;0;0;0;1081633;6805;1496;48;1082822;4179;531;0;4
FR;4;2022-08-07;5;0;0;0;5;0;0;0;0;1081638;6805;1496;48;1082827;4179;531;0;4
FR;4;2022-08-08;1;0;1;1;1;1;1;0;0;1081639;6805;1497;49;1082828;4180;532;0;4
FR;4;2022-08-09;1;1;1;2;1;2;2;0;0;1081640;6806;1498;51;1082829;4182;534;0;4
FR;4;2022-08-10;5;1;1;0;6;1;0;0;0;1081645;6807;1499;51;1082835;4183;534;0;4
FR;4;2022-08-11;2;0;1;0;2;1;0;0;0;1081647;6807;1500;51;1082837;4184;534;0;4
FR;4;2022-08-12;4;0;1;0;4;0;1;0;0;1081651;6807;1501;51;1082841;4184;535;0;4
FR;4;2022-08-13;1;0;0;0;1;0;0;0;0;1081652;6807;1501;51;1082842;4184;535;0;4
FR;4;2022-08-14;0;0;0;0;0;0;0;0;0;1081652;6807;1501;51;1082842;4184;535;0;4
FR;4;2022-08-15;1;2;3;0;1;2;3;0;0;1081653;6809;1504;51;1082843;4186;538;0;4
FR;4;2022-08-16;0;0;1;0;0;1;0;0;0;1081653;6809;1505;51;1082843;4187;538;0;4
FR;4;2022-08-17;2;0;0;0;2;0;0;0;0;1081655;6809;1505;51;1082845;4187;538;0;4
FR;4;2022-08-18;3;0;0;0;3;0;0;0;0;1081658;6809;1505;51;1082848;4187;538;0;4
FR;4;2022-08-19;5;0;0;0;5;0;0;0;0;1081663;6809;1505;51;1082853;4187;538;0;4
FR;4;2022-08-20;1;1;0;0;2;0;0;0;0;1081664;6810;1505;51;1082855;4187;538;0;4
FR;4;2022-08-21;1;0;0;0;1;0;0;0;0;1081665;6810;1505;51;1082856;4187;538;0;4
FR;4;2022-08-22;4;9;0;0;4;9;0;0;0;1081669;6819;1505;51;1082860;4196;538;0;4
FR;4;2022-08-23;3;3;3;0;3;4;2;0;0;1081672;6822;1508;51;1082863;4200;540;0;4
FR;4;2022-08-24;5;0;0;1;5;0;1;0;0;1081677;6822;1508;52;1082868;4200;541;0;4
FR;4;2022-08-25;1;3;1;0;1;3;1;0;0;1081678;6825;1509;52;1082869;4203;542;0;4
FR;4;2022-08-26;2;0;0;1;2;0;1;0;0;1081680;6825;1509;53;1082871;4203;543;0;4
FR;4;2022-08-27;1;0;0;0;1;0;0;0;0;1081681;6825;1509;53;1082872;4203;543;0;4
FR;4;2022-08-28;0;1;0;0;0;0;0;0;0;1081681;6826;1509;53;1082872;4203;543;0;4
FR;4;2022-08-29;7;0;0;0;7;0;0;0;0;1081688;6826;1509;53;1082879;4203;543;0;4
FR;4;2022-08-30;5;0;0;0;5;0;0;0;0;1081693;6826;1509;53;1082884;4203;543;0;4
FR;4;2022-08-31;2;1;0;0;2;1;0;0;0;1081695;6827;1509;53;1082886;4204;543;0;4
FR;4;2022-09-01;3;8;2;0;4;7;2;0;0;1081698;6835;1511;53;1082890;4211;545;0;4
FR;4;2022-09-02;2;1;1;0;2;2;0;0;0;1081700;6836;1512;53;1082892;4213;545;0;4
FR;4;2022-09-03;3;0;0;0;3;0;0;0;0;1081703;6836;1512;53;1082895;4213;545;0;4
FR;4;2022-09-04;1;0;0;0;1;0;0;0;0;1081704;6836;1512;53;1082896;4213;545;0;4
FR;4;2022-09-05;2;2;0;0;2;2;0;0;0;1081706;6838;1512;53;1082898;4215;545;0;4
FR;4;2022-09-06;1;0;0;0;1;0;0;0;0;1081707;6838;1512;53;1082899;4215;545;0;4
FR;4;2022-09-07;1;0;1;1;1;1;1;0;0;1081708;6838;1513;54;1082900;4216;546;0;4
FR;4;2022-09-08;3;0;0;0;3;0;0;0;0;1081711;6838;1513;54;1082903;4216;546;0;4
FR;4;2022-09-09;2;0;0;0;2;0;0;0;0;1081713;6838;1513;54;1082905;4216;546;0;4
FR;4;2022-09-10;0;0;0;3;0;1;2;0;0;1081713;6838;1513;57;1082905;4217;548;0;4
FR;4;2022-09-11;2;0;0;0;2;0;0;0;0;1081715;6838;1513;57;1082907;4217;548;0;4
FR;4;2022-09-12;1;1;1;0;1;1;1;0;0;1081716;6839;1514;57;1082908;4218;549;0;4
FR;4;2022-09-13;1;0;0;0;1;0;0;0;0;1081717;6839;1514;57;1082909;4218;549;0;4
FR;4;2022-09-14;2;0;0;0;2;0;0;0;0;1081719;6839;1514;57;1082911;4218;549;0;4
FR;4;2022-09-15;4;0;0;0;4;0;0;0;0;1081723;6839;1514;57;1082915;4218;549;0;4
FR;4;2022-09-16;0;0;0;0;0;0;0;0;0;1081723;6839;1514;57;1082915;4218;549;0;4
FR;4;2022-09-17;2;0;0;0;2;0;0;0;0;1081725;6839;1514;57;1082917;4218;549;0;4
FR;4;2022-09-18;0;1;0;0;0;1;0;0;0;1081725;6840;1514;57;1082917;4219;549;0;4
FR;4;2022-09-19;2;0;2;0;2;2;0;0;0;1081727;6840;1516;57;1082919;4221;549;0;4
FR;4;2022-09-20;4;0;0;0;4;0;0;0;0;1081731;6840;1516;57;1082923;4221;549;0;4
FR;4;2022-09-21;2;1;0;0;2;1;0;0;0;1081733;6841;1516;57;1082925;4222;549;0;4
FR;4;2022-09-22;1;1;0;0;1;1;0;0;0;1081734;6842;1516;57;1082926;4223;549;0;4
FR;4;2022-09-23;2;3;0;0;3;2;0;0;0;1081736;6845;1516;57;1082929;4225;549;0;4
FR;4;2022-09-24;1;0;0;0;1;0;0;0;0;1081737;6845;1516;57;1082930;4225;549;0;4
FR;4;2022-09-25;0;0;0;0;0;0;0;0;0;1081737;6845;1516;57;1082930;4225;549;0;4
FR;4;2022-09-26;2;0;1;0;2;0;1;0;0;1081739;6845;1517;57;1082932;4225;550;0;4
FR;4;2022-09-27;0;0;1;1;0;0;2;0;0;1081739;6845;1518;58;1082932;4225;552;0;4
FR;4;2022-09-28;3;0;2;0;3;2;0;0;0;1081742;6845;1520;58;1082935;4227;552;0;4
FR;4;2022-09-29;3;0;1;1;3;1;1;0;0;1081745;6845;1521;59;1082938;4228;553;0;4
FR;4;2022-09-30;1;0;0;0;1;0;0;0;0;1081746;6845;1521;59;1082939;4228;553;0;4
FR;4;2022-10-01;1;1;0;0;2;0;0;0;0;1081747;6846;1521;59;1082941;4228;553;0;4
FR;4;2022-10-02;0;1;0;0;0;1;0;0;0;1081747;6847;1521;59;1082941;4229;553;0;4
FR;4;2022-10-03;3;2;1;0;4;2;0;0;0;1081750;6849;1522;59;1082945;4231;553;0;4
FR;4;2022-10-04;2;0;0;0;2;0;0;0;0;1081752;6849;1522;59;1082947;4231;553;0;4
FR;4;2022-10-05;0;1;0;0;0;1;0;0;0;1081752;6850;1522;59;1082947;4232;553;0;4
FR;4;2022-10-06;1;0;0;0;1;0;0;0;0;1081753;6850;1522;59;1082948;4232;553;0;4
FR;4;2022-10-07;3;0;1;0;3;0;1;0;0;1081756;6850;1523;59;1082951;4232;554;0;4
FR;4;2022-10-08;3;1;0;0;3;0;0;0;0;1081759;6851;1523;59;1082954;4232;554;0;4
FR;4;2022-10-09;0;0;0;0;0;0;0;0;0;1081759;6851;1523;59;1082954;4232;554;0;4
FR;4;2022-10-10;4;0;2;3;4;2;1;0;2;1081763;6851;1525;62;1082958;4234;555;0;6
FR;4;2022-10-11;1;2;0;0;1;1;0;0;0;1081764;6853;1525;62;1082959;4235;555;0;6
FR;4;2022-10-12;0;0;0;0;0;0;0;0;0;1081764;6853;1525;62;1082959;4235;555;0;6
FR;4;2022-10-13;5;0;0;0;5;0;0;0;0;1081769;6853;1525;62;1082964;4235;555;0;6
FR;4;2022-10-14;1;0;0;0;1;0;0;0;0;1081770;6853;1525;62;1082965;4235;555;0;6
FR;4;2022-10-15;0;1;0;0;0;1;0;0;0;1081770;6854;1525;62;1082965;4236;555;0;6
FR;4;2022-10-16;0;0;0;0;0;0;0;0;0;1081770;6854;1525;62;1082965;4236;555;0;6
FR;4;2022-10-17;2;0;1;0;2;1;0;0;0;1081772;6854;1526;62;1082967;4237;555;0;6
FR;4;2022-10-18;1;0;0;1;1;0;1;0;0;1081773;6854;1526;63;1082968;4237;556;0;6
FR;4;2022-10-19;1;0;0;2;1;0;2;0;3;1081774;6854;1526;65;1082969;4237;558;0;9
FR;4;2022-10-20;4;1;0;0;4;1;0;0;0;1081778;6855;1526;65;1082973;4238;558;0;9
FR;4;2022-10-21;1;0;0;0;1;0;0;0;0;1081779;6855;1526;65;1082974;4238;558;0;9
FR;4;2022-10-22;1;0;0;0;1;0;0;0;0;1081780;6855;1526;65;1082975;4238;558;0;9
FR;4;2022-10-23;0;0;0;0;0;0;0;0;0;1081780;6855;1526;65;1082975;4238;558;0;9
FR;4;2022-10-24;1;0;0;0;1;0;0;0;0;1081781;6855;1526;65;1082976;4238;558;0;9
FR;4;2022-10-25;1;0;0;0;1;0;0;0;0;1081782;6855;1526;65;1082977;4238;558;0;9
FR;4;2022-10-26;2;1;0;0;2;1;0;0;0;1081784;6856;1526;65;1082979;4239;558;0;9
FR;4;2022-10-27;3;1;1;0;3;0;1;0;0;1081787;6857;1527;65;1082982;4239;559;0;9
FR;4;2022-10-28;0;0;0;0;0;0;0;0;0;1081787;6857;1527;65;1082982;4239;559;0;9
FR;4;2022-10-29;1;0;0;3;1;0;3;0;3;1081788;6857;1527;68;1082983;4239;562;0;12
FR;4;2022-10-30;1;0;0;0;1;0;0;0;0;1081789;6857;1527;68;1082984;4239;562;0;12
FR;4;2022-10-31;0;0;0;0;0;0;0;0;0;1081789;6857;1527;68;1082984;4239;562;0;12
FR;4;2022-11-01;1;5;0;0;1;5;0;0;0;1081790;6862;1527;68;1082985;4244;562;0;12
FR;4;2022-11-02;0;0;2;2;0;1;3;0;0;1081790;6862;1529;70;1082985;4245;565;0;12
FR;4;2022-11-03;1;0;0;0;1;0;0;0;0;1081791;6862;1529;70;1082986;4245;565;0;12
FR;4;2022-11-04;4;1;0;0;4;0;0;0;0;1081795;6863;1529;70;1082990;4245;565;0;12
FR;4;2022-11-05;0;0;0;0;0;0;0;0;0;1081795;6863;1529;70;1082990;4245;565;0;12
FR;4;2022-11-06;1;0;0;0;1;0;0;0;0;1081796;6863;1529;70;1082991;4245;565;0;12
FR;4;2022-11-07;2;0;0;0;2;0;0;0;0;1081798;6863;1529;70;1082993;4245;565;0;12
FR;4;2022-11-08;7;0;0;0;7;0;0;0;0;1081805;6863;1529;70;1083000;4245;565;0;12
FR;4;2022-11-09;0;0;0;0;0;0;0;0;0;1081805;6863;1529;70;1083000;4245;565;0;12
FR;4;2022-11-10;0;0;0;0;0;0;0;0;0;1081805;6863;1529;70;1083000;4245;565;0;12
FR;4;2022-11-11;1;0;0;0;1;0;0;0;0;1081806;6863;1529;70;1083001;4245;565;0;12
FR;4;2022-11-12;3;1;0;0;3;1;0;0;0;1081809;6864;1529;70;1083004;4246;565;0;12
FR;4;2022-11-13;0;0;0;0;0;0;0;0;0;1081809;6864;1529;70;1083004;4246;565;0;12
FR;4;2022-11-14;0;0;0;0;0;0;0;0;0;1081809;6864;1529;70;1083004;4246;565;0;12
FR;4;2022-11-15;3;0;0;0;3;0;0;0;0;1081812;6864;1529;70;1083007;4246;565;0;12
FR;4;2022-11-16;1;1;0;0;1;1;0;0;0;1081813;6865;1529;70;1083008;4247;565;0;12
FR;4;2022-11-17;0;0;0;0;0;0;0;0;0;1081813;6865;1529;70;1083008;4247;565;0;12
FR;4;2022-11-18;2;0;1;0;2;0;1;0;0;1081815;6865;1530;70;1083010;4247;566;0;12
FR;4;2022-11-19;0;0;0;0;0;0;0;0;0;1081815;6865;1530;70;1083010;4247;566;0;12
FR;4;2022-11-20;0;0;0;0;0;0;0;0;0;1081815;6865;1530;70;1083010;4247;566;0;12
FR;4;2022-11-21;0;0;0;0;0;0;0;0;0;1081815;6865;1530;70;1083010;4247;566;0;12
FR;4;2022-11-22;0;0;0;0;0;0;0;0;0;1081815;6865;1530;70;1083010;4247;566;0;12
FR;4;2022-11-23;1;0;0;0;1;0;0;0;1;1081816;6865;1530;70;1083011;4247;566;0;13
FR;4;2022-11-24;0;0;0;0;0;0;0;0;0;1081816;6865;1530;70;1083011;4247;566;0;13
FR;4;2022-11-25;3;1;0;0;3;1;0;0;0;1081819;6866;1530;70;1083014;4248;566;0;13
FR;4;2022-11-26;0;0;0;0;0;0;0;0;0;1081819;6866;1530;70;1083014;4248;566;0;13
FR;4;2022-11-27;0;0;0;0;0;0;0;0;0;1081819;6866;1530;70;1083014;4248;566;0;13
FR;4;2022-11-28;3;0;0;0;3;0;0;0;0;1081822;6866;1530;70;1083017;4248;566;0;13
FR;4;2022-11-29;2;0;0;0;2;0;0;0;0;1081824;6866;1530;70;1083019;4248;566;0;13
FR;4;2022-11-30;0;0;0;0;0;0;0;0;0;1081824;6866;1530;70;1083019;4248;566;0;13
FR;4;2022-12-01;1;1;2;0;1;2;1;0;0;1081825;6867;1532;70;1083020;4250;567;0;13
FR;4;2022-12-02;2;0;0;1;2;0;0;0;1;1081827;6867;1532;71;1083022;4250;567;0;14
FR;4;2022-12-03;1;0;0;0;1;0;0;0;0;1081828;6867;1532;71;1083023;4250;567;0;14
FR;4;2022-12-04;0;0;0;0;0;0;0;0;0;1081828;6867;1532;71;1083023;4250;567;0;14
FR;4;2022-12-05;1;0;0;0;1;0;0;0;0;1081829;6867;1532;71;1083024;4250;567;0;14
FR;4;2022-12-06;1;0;0;0;1;0;0;0;0;1081830;6867;1532;71;1083025;4250;567;0;14
FR;4;2022-12-07;2;0;0;0;2;0;0;0;0;1081832;6867;1532;71;1083027;4250;567;0;14
FR;4;2022-12-08;1;0;0;0;1;0;0;0;0;1081833;6867;1532;71;1083028;4250;567;0;14
FR;4;2022-12-09;1;0;0;0;1;0;0;0;0;1081834;6867;1532;71;1083029;4250;567;0;14
FR;4;2022-12-10;1;0;0;0;1;0;0;0;0;1081835;6867;1532;71;1083030;4250;567;0;14
FR;4;2022-12-11;0;0;0;0;0;0;0;0;0;1081835;6867;1532;71;1083030;4250;567;0;14
FR;4;2022-12-12;0;1;0;5;0;1;5;0;0;1081835;6868;1532;76;1083030;4251;572;0;14
FR;4;2022-12-13;1;0;0;0;1;0;0;0;0;1081836;6868;1532;76;1083031;4251;572;0;14
FR;4;2022-12-14;0;0;0;0;0;0;0;0;0;1081836;6868;1532;76;1083031;4251;572;0;14
FR;4;2022-12-15;1;0;0;0;1;0;0;0;0;1081837;6868;1532;76;1083032;4251;572;0;14
FR;4;2022-12-16;1;0;0;0;1;0;0;0;0;1081838;6868;1532;76;1083033;4251;572;0;14
FR;4;2022-12-17;0;0;0;0;0;0;0;0;0;1081838;6868;1532;76;1083033;4251;572;0;14
FR;4;2022-12-18;0;0;0;0;0;0;0;0;0;1081838;6868;1532;76;1083033;4251;572;0;14
FR;4;2022-12-19;1;0;0;0;1;0;0;0;0;1081839;6868;1532;76;1083034;4251;572;0;14
FR;4;2022-12-20;3;1;0;0;3;1;0;0;0;1081842;6869;1532;76;1083037;4252;572;0;14
FR;5;2020-12-27;0;0;0;0;0;0;0;0;0;0;0;0;0;0;0;0;0;0
FR;5;2020-12-28;0;0;0;0;0;0;0;0;0;0;0;0;0;0;0;0;0;0
FR;5;2020-12-29;0;0;0;0;0;0;0;0;0;0;0;0;0;0;0;0;0;0
FR;5;2020-12-30;0;0;0;0;0;0;0;0;0;0;0;0;0;0;0;0;0;0
FR;5;2020-12-31;0;0;0;0;0;0;0;0;0;0;0;0;0;0;0;0;0;0
FR;5;2021-01-01;0;0;0;0;0;0;0;0;0;0;0;0;0;0;0;0;0;0
FR;5;2021-01-02;0;0;0;0;0;0;0;0;0;0;0;0;0;0;0;0;0;0
FR;5;2021-01-03;0;0;0;0;0;0;0;0;0;0;0;0;0;0;0;0;0;0
FR;5;2021-01-04;0;0;0;0;0;0;0;0;0;0;0;0;0;0;0;0;0;0
FR;5;2021-01-05;0;0;0;0;0;0;0;0;0;0;0;0;0;0;0;0;0;0
FR;5;2021-01-06;0;0;0;0;0;0;0;0;0;0;0;0;0;0;0;0;0;0
FR;5;2021-01-07;0;0;0;0;0;0;0;0;0;0;0;0;0;0;0;0;0;0
FR;5;2021-01-08;0;0;0;0;0;0;0;0;0;0;0;0;0;0;0;0;0;0
FR;5;2021-01-09;0;0;0;0;0;0;0;0;0;0;0;0;0;0;0;0;0;0
FR;5;2021-01-10;0;0;0;0;0;0;0;0;0;0;0;0;0;0;0;0;0;0
FR;5;2021-01-11;0;0;0;0;0;0;0;0;0;0;0;0;0;0;0;0;0;0
FR;5;2021-01-12;0;0;0;0;0;0;0;0;0;0;0;0;0;0;0;0;0;0
FR;5;2021-01-13;0;0;0;0;0;0;0;0;0;0;0;0;0;0;0;0;0;0
FR;5;2021-01-14;0;0;0;0;0;0;0;0;0;0;0;0;0;0;0;0;0;0
FR;5;2021-01-15;0;0;0;0;0;0;0;0;0;0;0;0;0;0;0;0;0;0
FR;5;2021-01-16;0;0;0;0;0;0;0;0;0;0;0;0;0;0;0;0;0;0
FR;5;2021-01-17;0;0;0;0;0;0;0;0;0;0;0;0;0;0;0;0;0;0
FR;5;2021-01-18;0;0;0;0;0;0;0;0;0;0;0;0;0;0;0;0;0;0
FR;5;2021-01-19;0;0;0;0;0;0;0;0;0;0;0;0;0;0;0;0;0;0
FR;5;2021-01-20;0;0;0;0;0;0;0;0;0;0;0;0;0;0;0;0;0;0
FR;5;2021-01-21;0;0;0;0;0;0;0;0;0;0;0;0;0;0;0;0;0;0
FR;5;2021-01-22;0;0;0;0;0;0;0;0;0;0;0;0;0;0;0;0;0;0
FR;5;2021-01-23;0;0;0;0;0;0;0;0;0;0;0;0;0;0;0;0;0;0
FR;5;2021-01-24;0;0;0;0;0;0;0;0;0;0;0;0;0;0;0;0;0;0
FR;5;2021-01-25;0;0;0;0;0;0;0;0;0;0;0;0;0;0;0;0;0;0
FR;5;2021-01-26;0;0;0;0;0;0;0;0;0;0;0;0;0;0;0;0;0;0
FR;5;2021-01-27;0;0;0;0;0;0;0;0;0;0;0;0;0;0;0;0;0;0
FR;5;2021-01-28;0;0;0;0;0;0;0;0;0;0;0;0;0;0;0;0;0;0
FR;5;2021-01-29;0;0;0;0;0;0;0;0;0;0;0;0;0;0;0;0;0;0
FR;5;2021-01-30;0;0;0;0;0;0;0;0;0;0;0;0;0;0;0;0;0;0
FR;5;2021-01-31;0;0;0;0;0;0;0;0;0;0;0;0;0;0;0;0;0;0
FR;5;2021-02-01;0;0;0;0;0;0;0;0;0;0;0;0;0;0;0;0;0;0
FR;5;2021-02-02;0;0;0;0;0;0;0;0;0;0;0;0;0;0;0;0;0;0
FR;5;2021-02-03;0;0;0;0;0;0;0;0;0;0;0;0;0;0;0;0;0;0
FR;5;2021-02-04;0;0;0;0;0;0;0;0;0;0;0;0;0;0;0;0;0;0
FR;5;2021-02-05;0;0;0;0;0;0;0;0;0;0;0;0;0;0;0;0;0;0
FR;5;2021-02-06;0;0;0;0;0;0;0;0;0;0;0;0;0;0;0;0;0;0
FR;5;2021-02-07;0;0;0;0;0;0;0;0;0;0;0;0;0;0;0;0;0;0
FR;5;2021-02-08;0;0;0;0;0;0;0;0;0;0;0;0;0;0;0;0;0;0
FR;5;2021-02-09;0;0;0;0;0;0;0;0;0;0;0;0;0;0;0;0;0;0
FR;5;2021-02-10;0;0;0;0;0;0;0;0;0;0;0;0;0;0;0;0;0;0
FR;5;2021-02-11;0;0;0;0;0;0;0;0;0;0;0;0;0;0;0;0;0;0
FR;5;2021-02-12;0;0;0;0;0;0;0;0;0;0;0;0;0;0;0;0;0;0
FR;5;2021-02-13;0;0;0;0;0;0;0;0;0;0;0;0;0;0;0;0;0;0
FR;5;2021-02-14;0;0;0;0;0;0;0;0;0;0;0;0;0;0;0;0;0;0
FR;5;2021-02-15;0;0;0;0;0;0;0;0;0;0;0;0;0;0;0;0;0;0
FR;5;2021-02-16;0;0;0;0;0;0;0;0;0;0;0;0;0;0;0;0;0;0
FR;5;2021-02-17;0;0;0;0;0;0;0;0;0;0;0;0;0;0;0;0;0;0
FR;5;2021-02-18;0;0;0;0;0;0;0;0;0;0;0;0;0;0;0;0;0;0
FR;5;2021-02-19;0;0;0;0;0;0;0;0;0;0;0;0;0;0;0;0;0;0
FR;5;2021-02-20;0;0;0;0;0;0;0;0;0;0;0;0;0;0;0;0;0;0
FR;5;2021-02-21;0;0;0;0;0;0;0;0;0;0;0;0;0;0;0;0;0;0
FR;5;2021-02-22;0;0;0;0;0;0;0;0;0;0;0;0;0;0;0;0;0;0
FR;5;2021-02-23;0;0;0;0;0;0;0;0;0;0;0;0;0;0;0;0;0;0
FR;5;2021-02-24;0;0;0;0;0;0;0;0;0;0;0;0;0;0;0;0;0;0
FR;5;2021-02-25;0;0;0;0;0;0;0;0;0;0;0;0;0;0;0;0;0;0
FR;5;2021-02-26;0;0;0;0;0;0;0;0;0;0;0;0;0;0;0;0;0;0
FR;5;2021-02-27;0;0;0;0;0;0;0;0;0;0;0;0;0;0;0;0;0;0
FR;5;2021-02-28;0;0;0;0;0;0;0;0;0;0;0;0;0;0;0;0;0;0
FR;5;2021-03-01;0;0;0;0;0;0;0;0;0;0;0;0;0;0;0;0;0;0
FR;5;2021-03-02;0;0;0;0;0;0;0;0;0;0;0;0;0;0;0;0;0;0
FR;5;2021-03-03;0;0;0;0;0;0;0;0;0;0;0;0;0;0;0;0;0;0
FR;5;2021-03-04;0;0;0;0;0;0;0;0;0;0;0;0;0;0;0;0;0;0
FR;5;2021-03-05;0;0;0;0;0;0;0;0;0;0;0;0;0;0;0;0;0;0
FR;5;2021-03-06;0;0;0;0;0;0;0;0;0;0;0;0;0;0;0;0;0;0
FR;5;2021-03-07;0;0;0;0;0;0;0;0;0;0;0;0;0;0;0;0;0;0
FR;5;2021-03-08;0;0;0;0;0;0;0;0;0;0;0;0;0;0;0;0;0;0
FR;5;2021-03-09;0;0;0;0;0;0;0;0;0;0;0;0;0;0;0;0;0;0
FR;5;2021-03-10;0;0;0;0;0;0;0;0;0;0;0;0;0;0;0;0;0;0
FR;5;2021-03-11;0;0;0;0;0;0;0;0;0;0;0;0;0;0;0;0;0;0
FR;5;2021-03-12;0;0;0;0;0;0;0;0;0;0;0;0;0;0;0;0;0;0
FR;5;2021-03-13;0;0;0;0;0;0;0;0;0;0;0;0;0;0;0;0;0;0
FR;5;2021-03-14;0;0;0;0;0;0;0;0;0;0;0;0;0;0;0;0;0;0
FR;5;2021-03-15;0;0;0;0;0;0;0;0;0;0;0;0;0;0;0;0;0;0
FR;5;2021-03-16;0;0;0;0;0;0;0;0;0;0;0;0;0;0;0;0;0;0
FR;5;2021-03-17;0;0;0;0;0;0;0;0;0;0;0;0;0;0;0;0;0;0
FR;5;2021-03-18;0;0;0;0;0;0;0;0;0;0;0;0;0;0;0;0;0;0
FR;5;2021-03-19;0;0;0;0;0;0;0;0;0;0;0;0;0;0;0;0;0;0
FR;5;2021-03-20;0;0;0;0;0;0;0;0;0;0;0;0;0;0;0;0;0;0
FR;5;2021-03-21;0;0;0;0;0;0;0;0;0;0;0;0;0;0;0;0;0;0
FR;5;2021-03-22;0;0;0;0;0;0;0;0;0;0;0;0;0;0;0;0;0;0
FR;5;2021-03-23;0;0;0;0;0;0;0;0;0;0;0;0;0;0;0;0;0;0
FR;5;2021-03-24;0;0;0;0;0;0;0;0;0;0;0;0;0;0;0;0;0;0
FR;5;2021-03-25;0;0;0;0;0;0;0;0;0;0;0;0;0;0;0;0;0;0
FR;5;2021-03-26;0;0;0;0;0;0;0;0;0;0;0;0;0;0;0;0;0;0
FR;5;2021-03-27;0;0;0;0;0;0;0;0;0;0;0;0;0;0;0;0;0;0
FR;5;2021-03-28;0;0;0;0;0;0;0;0;0;0;0;0;0;0;0;0;0;0
FR;5;2021-03-29;0;0;0;0;0;0;0;0;0;0;0;0;0;0;0;0;0;0
FR;5;2021-03-30;0;0;0;0;0;0;0;0;0;0;0;0;0;0;0;0;0;0
FR;5;2021-03-31;0;0;0;0;0;0;0;0;0;0;0;0;0;0;0;0;0;0
FR;5;2021-04-01;0;0;0;0;0;0;0;0;0;0;0;0;0;0;0;0;0;0
FR;5;2021-04-02;0;0;0;0;0;0;0;0;0;0;0;0;0;0;0;0;0;0
FR;5;2021-04-03;0;0;0;0;0;0;0;0;0;0;0;0;0;0;0;0;0;0
FR;5;2021-04-04;0;0;0;0;0;0;0;0;0;0;0;0;0;0;0;0;0;0
FR;5;2021-04-05;0;0;0;0;0;0;0;0;0;0;0;0;0;0;0;0;0;0
FR;5;2021-04-06;0;0;0;0;0;0;0;0;0;0;0;0;0;0;0;0;0;0
FR;5;2021-04-07;0;0;0;0;0;0;0;0;0;0;0;0;0;0;0;0;0;0
FR;5;2021-04-08;0;0;0;0;0;0;0;0;0;0;0;0;0;0;0;0;0;0
FR;5;2021-04-09;0;0;0;0;0;0;0;0;0;0;0;0;0;0;0;0;0;0
FR;5;2021-04-10;0;0;0;0;0;0;0;0;0;0;0;0;0;0;0;0;0;0
FR;5;2021-04-11;0;0;0;0;0;0;0;0;0;0;0;0;0;0;0;0;0;0
FR;5;2021-04-12;0;0;0;0;0;0;0;0;0;0;0;0;0;0;0;0;0;0
FR;5;2021-04-13;0;0;0;0;0;0;0;0;0;0;0;0;0;0;0;0;0;0
FR;5;2021-04-14;0;0;0;0;0;0;0;0;0;0;0;0;0;0;0;0;0;0
FR;5;2021-04-15;0;0;0;0;0;0;0;0;0;0;0;0;0;0;0;0;0;0
FR;5;2021-04-16;0;0;0;0;0;0;0;0;0;0;0;0;0;0;0;0;0;0
FR;5;2021-04-17;0;0;0;0;0;0;0;0;0;0;0;0;0;0;0;0;0;0
FR;5;2021-04-18;0;0;0;0;0;0;0;0;0;0;0;0;0;0;0;0;0;0
FR;5;2021-04-19;0;0;0;0;0;0;0;0;0;0;0;0;0;0;0;0;0;0
FR;5;2021-04-20;0;0;0;0;0;0;0;0;0;0;0;0;0;0;0;0;0;0
FR;5;2021-04-21;0;0;0;0;0;0;0;0;0;0;0;0;0;0;0;0;0;0
FR;5;2021-04-22;0;0;0;0;0;0;0;0;0;0;0;0;0;0;0;0;0;0
FR;5;2021-04-23;0;0;0;0;0;0;0;0;0;0;0;0;0;0;0;0;0;0
FR;5;2021-04-24;0;0;0;0;0;0;0;0;0;0;0;0;0;0;0;0;0;0
FR;5;2021-04-25;0;0;0;0;0;0;0;0;0;0;0;0;0;0;0;0;0;0
FR;5;2021-04-26;0;0;0;0;0;0;0;0;0;0;0;0;0;0;0;0;0;0
FR;5;2021-04-27;0;0;0;0;0;0;0;0;0;0;0;0;0;0;0;0;0;0
FR;5;2021-04-28;0;0;0;0;0;0;0;0;0;0;0;0;0;0;0;0;0;0
FR;5;2021-04-29;0;0;0;0;0;0;0;0;0;0;0;0;0;0;0;0;0;0
FR;5;2021-04-30;0;0;0;0;0;0;0;0;0;0;0;0;0;0;0;0;0;0
FR;5;2021-05-01;0;0;0;0;0;0;0;0;0;0;0;0;0;0;0;0;0;0
FR;5;2021-05-02;0;0;0;0;0;0;0;0;0;0;0;0;0;0;0;0;0;0
FR;5;2021-05-03;0;0;0;0;0;0;0;0;0;0;0;0;0;0;0;0;0;0
FR;5;2021-05-04;0;0;0;0;0;0;0;0;0;0;0;0;0;0;0;0;0;0
FR;5;2021-05-05;0;0;0;0;0;0;0;0;0;0;0;0;0;0;0;0;0;0
FR;5;2021-05-06;0;0;0;0;0;0;0;0;0;0;0;0;0;0;0;0;0;0
FR;5;2021-05-07;0;0;0;0;0;0;0;0;0;0;0;0;0;0;0;0;0;0
FR;5;2021-05-08;0;0;0;0;0;0;0;0;0;0;0;0;0;0;0;0;0;0
FR;5;2021-05-09;0;0;0;0;0;0;0;0;0;0;0;0;0;0;0;0;0;0
FR;5;2021-05-10;0;0;0;0;0;0;0;0;0;0;0;0;0;0;0;0;0;0
FR;5;2021-05-11;0;0;0;0;0;0;0;0;0;0;0;0;0;0;0;0;0;0
FR;5;2021-05-12;0;0;0;0;0;0;0;0;0;0;0;0;0;0;0;0;0;0
FR;5;2021-05-13;0;0;0;0;0;0;0;0;0;0;0;0;0;0;0;0;0;0
FR;5;2021-05-14;0;0;0;0;0;0;0;0;0;0;0;0;0;0;0;0;0;0
FR;5;2021-05-15;0;0;0;0;0;0;0;0;0;0;0;0;0;0;0;0;0;0
FR;5;2021-05-16;0;0;0;0;0;0;0;0;0;0;0;0;0;0;0;0;0;0
FR;5;2021-05-17;0;0;0;0;0;0;0;0;0;0;0;0;0;0;0;0;0;0
FR;5;2021-05-18;0;0;0;0;0;0;0;0;0;0;0;0;0;0;0;0;0;0
FR;5;2021-05-19;0;0;0;0;0;0;0;0;0;0;0;0;0;0;0;0;0;0
FR;5;2021-05-20;0;0;0;0;0;0;0;0;0;0;0;0;0;0;0;0;0;0
FR;5;2021-05-21;0;0;0;0;0;0;0;0;0;0;0;0;0;0;0;0;0;0
FR;5;2021-05-22;0;0;0;0;0;0;0;0;0;0;0;0;0;0;0;0;0;0
FR;5;2021-05-23;0;0;0;0;0;0;0;0;0;0;0;0;0;0;0;0;0;0
FR;5;2021-05-24;0;0;0;0;0;0;0;0;0;0;0;0;0;0;0;0;0;0
FR;5;2021-05-25;0;0;0;0;0;0;0;0;0;0;0;0;0;0;0;0;0;0
FR;5;2021-05-26;0;0;0;0;0;0;0;0;0;0;0;0;0;0;0;0;0;0
FR;5;2021-05-27;0;0;0;0;0;0;0;0;0;0;0;0;0;0;0;0;0;0
FR;5;2021-05-28;0;0;0;0;0;0;0;0;0;0;0;0;0;0;0;0;0;0
FR;5;2021-05-29;0;0;0;0;0;0;0;0;0;0;0;0;0;0;0;0;0;0
FR;5;2021-05-30;0;0;0;0;0;0;0;0;0;0;0;0;0;0;0;0;0;0
FR;5;2021-05-31;0;0;0;0;0;0;0;0;0;0;0;0;0;0;0;0;0;0
FR;5;2021-06-01;0;0;0;0;0;0;0;0;0;0;0;0;0;0;0;0;0;0
FR;5;2021-06-02;0;0;0;0;0;0;0;0;0;0;0;0;0;0;0;0;0;0
FR;5;2021-06-03;0;0;0;0;0;0;0;0;0;0;0;0;0;0;0;0;0;0
FR;5;2021-06-04;0;0;0;0;0;0;0;0;0;0;0;0;0;0;0;0;0;0
FR;5;2021-06-05;0;0;0;0;0;0;0;0;0;0;0;0;0;0;0;0;0;0
FR;5;2021-06-06;0;0;0;0;0;0;0;0;0;0;0;0;0;0;0;0;0;0
FR;5;2021-06-07;0;0;0;0;0;0;0;0;0;0;0;0;0;0;0;0;0;0
FR;5;2021-06-08;0;0;0;0;0;0;0;0;0;0;0;0;0;0;0;0;0;0
FR;5;2021-06-09;0;0;0;0;0;0;0;0;0;0;0;0;0;0;0;0;0;0
FR;5;2021-06-10;0;0;0;0;0;0;0;0;0;0;0;0;0;0;0;0;0;0
FR;5;2021-06-11;0;0;0;0;0;0;0;0;0;0;0;0;0;0;0;0;0;0
FR;5;2021-06-12;0;0;0;0;0;0;0;0;0;0;0;0;0;0;0;0;0;0
FR;5;2021-06-13;0;0;0;0;0;0;0;0;0;0;0;0;0;0;0;0;0;0
FR;5;2021-06-14;0;0;0;0;0;0;0;0;0;0;0;0;0;0;0;0;0;0
FR;5;2021-06-15;0;0;0;0;0;0;0;0;0;0;0;0;0;0;0;0;0;0
FR;5;2021-06-16;0;0;0;0;0;0;0;0;0;0;0;0;0;0;0;0;0;0
FR;5;2021-06-17;0;0;0;0;0;0;0;0;0;0;0;0;0;0;0;0;0;0
FR;5;2021-06-18;0;0;0;0;0;0;0;0;0;0;0;0;0;0;0;0;0;0
FR;5;2021-06-19;0;0;0;0;0;0;0;0;0;0;0;0;0;0;0;0;0;0
FR;5;2021-06-20;0;0;0;0;0;0;0;0;0;0;0;0;0;0;0;0;0;0
FR;5;2021-06-21;0;0;0;0;0;0;0;0;0;0;0;0;0;0;0;0;0;0
FR;5;2021-06-22;0;0;0;0;0;0;0;0;0;0;0;0;0;0;0;0;0;0
FR;5;2021-06-23;0;0;0;0;0;0;0;0;0;0;0;0;0;0;0;0;0;0
FR;5;2021-06-24;0;0;0;0;0;0;0;0;0;0;0;0;0;0;0;0;0;0
FR;5;2021-06-25;0;0;0;0;0;0;0;0;0;0;0;0;0;0;0;0;0;0
FR;5;2021-06-26;0;0;0;0;0;0;0;0;0;0;0;0;0;0;0;0;0;0
FR;5;2021-06-27;0;0;0;0;0;0;0;0;0;0;0;0;0;0;0;0;0;0
FR;5;2021-06-28;0;0;0;0;0;0;0;0;0;0;0;0;0;0;0;0;0;0
FR;5;2021-06-29;0;0;0;0;0;0;0;0;0;0;0;0;0;0;0;0;0;0
FR;5;2021-06-30;0;0;0;0;0;0;0;0;0;0;0;0;0;0;0;0;0;0
FR;5;2021-07-01;0;0;0;0;0;0;0;0;0;0;0;0;0;0;0;0;0;0
FR;5;2021-07-02;0;0;0;0;0;0;0;0;0;0;0;0;0;0;0;0;0;0
FR;5;2021-07-03;0;0;0;0;0;0;0;0;0;0;0;0;0;0;0;0;0;0
FR;5;2021-07-04;0;0;0;0;0;0;0;0;0;0;0;0;0;0;0;0;0;0
FR;5;2021-07-05;0;0;0;0;0;0;0;0;0;0;0;0;0;0;0;0;0;0
FR;5;2021-07-06;0;0;0;0;0;0;0;0;0;0;0;0;0;0;0;0;0;0
FR;5;2021-07-07;0;0;0;0;0;0;0;0;0;0;0;0;0;0;0;0;0;0
FR;5;2021-07-08;0;0;0;0;0;0;0;0;0;0;0;0;0;0;0;0;0;0
FR;5;2021-07-09;0;0;0;0;0;0;0;0;0;0;0;0;0;0;0;0;0;0
FR;5;2021-07-10;0;0;0;0;0;0;0;0;0;0;0;0;0;0;0;0;0;0
FR;5;2021-07-11;0;0;0;0;0;0;0;0;0;0;0;0;0;0;0;0;0;0
FR;5;2021-07-12;0;0;0;0;0;0;0;0;0;0;0;0;0;0;0;0;0;0
FR;5;2021-07-13;0;0;0;0;0;0;0;0;0;0;0;0;0;0;0;0;0;0
FR;5;2021-07-14;0;0;0;0;0;0;0;0;0;0;0;0;0;0;0;0;0;0
FR;5;2021-07-15;0;0;0;0;0;0;0;0;0;0;0;0;0;0;0;0;0;0
FR;5;2021-07-16;0;0;0;0;0;0;0;0;0;0;0;0;0;0;0;0;0;0
FR;5;2021-07-17;0;0;0;0;0;0;0;0;0;0;0;0;0;0;0;0;0;0
FR;5;2021-07-18;0;0;0;0;0;0;0;0;0;0;0;0;0;0;0;0;0;0
FR;5;2021-07-19;0;0;0;0;0;0;0;0;0;0;0;0;0;0;0;0;0;0
FR;5;2021-07-20;0;0;0;0;0;0;0;0;0;0;0;0;0;0;0;0;0;0
FR;5;2021-07-21;0;0;0;0;0;0;0;0;0;0;0;0;0;0;0;0;0;0
FR;5;2021-07-22;0;0;0;0;0;0;0;0;0;0;0;0;0;0;0;0;0;0
FR;5;2021-07-23;0;0;0;0;0;0;0;0;0;0;0;0;0;0;0;0;0;0
FR;5;2021-07-24;0;0;0;0;0;0;0;0;0;0;0;0;0;0;0;0;0;0
FR;5;2021-07-25;0;0;0;0;0;0;0;0;0;0;0;0;0;0;0;0;0;0
FR;5;2021-07-26;0;0;0;0;0;0;0;0;0;0;0;0;0;0;0;0;0;0
FR;5;2021-07-27;0;0;0;0;0;0;0;0;0;0;0;0;0;0;0;0;0;0
FR;5;2021-07-28;0;0;0;0;0;0;0;0;0;0;0;0;0;0;0;0;0;0
FR;5;2021-07-29;0;0;0;0;0;0;0;0;0;0;0;0;0;0;0;0;0;0
FR;5;2021-07-30;0;0;0;0;0;0;0;0;0;0;0;0;0;0;0;0;0;0
FR;5;2021-07-31;0;0;0;0;0;0;0;0;0;0;0;0;0;0;0;0;0;0
FR;5;2021-08-01;0;0;0;0;0;0;0;0;0;0;0;0;0;0;0;0;0;0
FR;5;2021-08-02;0;0;0;0;0;0;0;0;0;0;0;0;0;0;0;0;0;0
FR;5;2021-08-03;0;0;0;0;0;0;0;0;0;0;0;0;0;0;0;0;0;0
FR;5;2021-08-04;0;0;0;0;0;0;0;0;0;0;0;0;0;0;0;0;0;0
FR;5;2021-08-05;0;0;0;0;0;0;0;0;0;0;0;0;0;0;0;0;0;0
FR;5;2021-08-06;0;0;0;0;0;0;0;0;0;0;0;0;0;0;0;0;0;0
FR;5;2021-08-07;0;0;0;0;0;0;0;0;0;0;0;0;0;0;0;0;0;0
FR;5;2021-08-08;0;0;0;0;0;0;0;0;0;0;0;0;0;0;0;0;0;0
FR;5;2021-08-09;0;0;0;0;0;0;0;0;0;0;0;0;0;0;0;0;0;0
FR;5;2021-08-10;0;0;0;0;0;0;0;0;0;0;0;0;0;0;0;0;0;0
FR;5;2021-08-11;0;0;0;0;0;0;0;0;0;0;0;0;0;0;0;0;0;0
FR;5;2021-08-12;0;0;0;0;0;0;0;0;0;0;0;0;0;0;0;0;0;0
FR;5;2021-08-13;0;0;0;0;0;0;0;0;0;0;0;0;0;0;0;0;0;0
FR;5;2021-08-14;0;0;0;0;0;0;0;0;0;0;0;0;0;0;0;0;0;0
FR;5;2021-08-15;0;0;0;0;0;0;0;0;0;0;0;0;0;0;0;0;0;0
FR;5;2021-08-16;0;0;0;0;0;0;0;0;0;0;0;0;0;0;0;0;0;0
FR;5;2021-08-17;0;0;0;0;0;0;0;0;0;0;0;0;0;0;0;0;0;0
FR;5;2021-08-18;0;0;0;0;0;0;0;0;0;0;0;0;0;0;0;0;0;0
FR;5;2021-08-19;0;0;0;0;0;0;0;0;0;0;0;0;0;0;0;0;0;0
FR;5;2021-08-20;0;0;0;0;0;0;0;0;0;0;0;0;0;0;0;0;0;0
FR;5;2021-08-21;0;0;0;0;0;0;0;0;0;0;0;0;0;0;0;0;0;0
FR;5;2021-08-22;0;0;0;0;0;0;0;0;0;0;0;0;0;0;0;0;0;0
FR;5;2021-08-23;0;0;0;0;0;0;0;0;0;0;0;0;0;0;0;0;0;0
FR;5;2021-08-24;0;0;0;0;0;0;0;0;0;0;0;0;0;0;0;0;0;0
FR;5;2021-08-25;0;0;0;0;0;0;0;0;0;0;0;0;0;0;0;0;0;0
FR;5;2021-08-26;0;0;0;0;0;0;0;0;0;0;0;0;0;0;0;0;0;0
FR;5;2021-08-27;0;0;0;0;0;0;0;0;0;0;0;0;0;0;0;0;0;0
FR;5;2021-08-28;0;0;0;0;0;0;0;0;0;0;0;0;0;0;0;0;0;0
FR;5;2021-08-29;0;0;0;0;0;0;0;0;0;0;0;0;0;0;0;0;0;0
FR;5;2021-08-30;0;0;0;0;0;0;0;0;0;0;0;0;0;0;0;0;0;0
FR;5;2021-08-31;0;0;0;0;0;0;0;0;0;0;0;0;0;0;0;0;0;0
FR;5;2021-09-01;0;0;0;0;0;0;0;0;0;0;0;0;0;0;0;0;0;0
FR;5;2021-09-02;0;0;0;0;0;0;0;0;0;0;0;0;0;0;0;0;0;0
FR;5;2021-09-03;0;0;0;0;0;0;0;0;0;0;0;0;0;0;0;0;0;0
FR;5;2021-09-04;0;0;0;0;0;0;0;0;0;0;0;0;0;0;0;0;0;0
FR;5;2021-09-05;0;0;0;0;0;0;0;0;0;0;0;0;0;0;0;0;0;0
FR;5;2021-09-06;0;0;0;0;0;0;0;0;0;0;0;0;0;0;0;0;0;0
FR;5;2021-09-07;0;0;0;0;0;0;0;0;0;0;0;0;0;0;0;0;0;0
FR;5;2021-09-08;0;0;0;0;0;0;0;0;0;0;0;0;0;0;0;0;0;0
FR;5;2021-09-09;0;0;0;0;0;0;0;0;0;0;0;0;0;0;0;0;0;0
FR;5;2021-09-10;0;0;0;0;0;0;0;0;0;0;0;0;0;0;0;0;0;0
FR;5;2021-09-11;0;0;0;0;0;0;0;0;0;0;0;0;0;0;0;0;0;0
FR;5;2021-09-12;0;0;0;0;0;0;0;0;0;0;0;0;0;0;0;0;0;0
FR;5;2021-09-13;0;0;0;0;0;0;0;0;0;0;0;0;0;0;0;0;0;0
FR;5;2021-09-14;0;0;0;0;0;0;0;0;0;0;0;0;0;0;0;0;0;0
FR;5;2021-09-15;0;0;0;0;0;0;0;0;0;0;0;0;0;0;0;0;0;0
FR;5;2021-09-16;0;0;0;0;0;0;0;0;0;0;0;0;0;0;0;0;0;0
FR;5;2021-09-17;0;0;0;0;0;0;0;0;0;0;0;0;0;0;0;0;0;0
FR;5;2021-09-18;0;0;0;0;0;0;0;0;0;0;0;0;0;0;0;0;0;0
FR;5;2021-09-19;0;0;0;0;0;0;0;0;0;0;0;0;0;0;0;0;0;0
FR;5;2021-09-20;0;0;0;0;0;0;0;0;0;0;0;0;0;0;0;0;0;0
FR;5;2021-09-21;0;0;0;0;0;0;0;0;0;0;0;0;0;0;0;0;0;0
FR;5;2021-09-22;0;0;0;0;0;0;0;0;0;0;0;0;0;0;0;0;0;0
FR;5;2021-09-23;0;0;0;0;0;0;0;0;0;0;0;0;0;0;0;0;0;0
FR;5;2021-09-24;0;0;0;0;0;0;0;0;0;0;0;0;0;0;0;0;0;0
FR;5;2021-09-25;0;0;0;0;0;0;0;0;0;0;0;0;0;0;0;0;0;0
FR;5;2021-09-26;0;0;0;0;0;0;0;0;0;0;0;0;0;0;0;0;0;0
FR;5;2021-09-27;0;0;0;0;0;0;0;0;0;0;0;0;0;0;0;0;0;0
FR;5;2021-09-28;0;0;0;0;0;0;0;0;0;0;0;0;0;0;0;0;0;0
FR;5;2021-09-29;0;0;0;0;0;0;0;0;0;0;0;0;0;0;0;0;0;0
FR;5;2021-09-30;0;0;0;0;0;0;0;0;0;0;0;0;0;0;0;0;0;0
FR;5;2021-10-01;0;0;0;0;0;0;0;0;0;0;0;0;0;0;0;0;0;0
FR;5;2021-10-02;0;0;0;0;0;0;0;0;0;0;0;0;0;0;0;0;0;0
FR;5;2021-10-03;0;0;0;0;0;0;0;0;0;0;0;0;0;0;0;0;0;0
FR;5;2021-10-04;0;0;0;0;0;0;0;0;0;0;0;0;0;0;0;0;0;0
FR;5;2021-10-05;0;0;0;0;0;0;0;0;0;0;0;0;0;0;0;0;0;0
FR;5;2021-10-06;0;0;0;0;0;0;0;0;0;0;0;0;0;0;0;0;0;0
FR;5;2021-10-07;0;0;0;0;0;0;0;0;0;0;0;0;0;0;0;0;0;0
FR;5;2021-10-08;0;0;0;0;0;0;0;0;0;0;0;0;0;0;0;0;0;0
FR;5;2021-10-09;0;0;0;0;0;0;0;0;0;0;0;0;0;0;0;0;0;0
FR;5;2021-10-10;0;0;0;0;0;0;0;0;0;0;0;0;0;0;0;0;0;0
FR;5;2021-10-11;0;0;0;0;0;0;0;0;0;0;0;0;0;0;0;0;0;0
FR;5;2021-10-12;0;0;0;0;0;0;0;0;0;0;0;0;0;0;0;0;0;0
FR;5;2021-10-13;0;0;0;0;0;0;0;0;0;0;0;0;0;0;0;0;0;0
FR;5;2021-10-14;0;0;0;0;0;0;0;0;0;0;0;0;0;0;0;0;0;0
FR;5;2021-10-15;0;0;0;0;0;0;0;0;0;0;0;0;0;0;0;0;0;0
FR;5;2021-10-16;0;0;0;0;0;0;0;0;0;0;0;0;0;0;0;0;0;0
FR;5;2021-10-17;0;0;0;0;0;0;0;0;0;0;0;0;0;0;0;0;0;0
FR;5;2021-10-18;0;0;0;0;0;0;0;0;0;0;0;0;0;0;0;0;0;0
FR;5;2021-10-19;0;0;0;0;0;0;0;0;0;0;0;0;0;0;0;0;0;0
FR;5;2021-10-20;0;0;0;0;0;0;0;0;0;0;0;0;0;0;0;0;0;0
FR;5;2021-10-21;0;0;0;0;0;0;0;0;0;0;0;0;0;0;0;0;0;0
FR;5;2021-10-22;0;0;0;0;0;0;0;0;0;0;0;0;0;0;0;0;0;0
FR;5;2021-10-23;0;0;0;0;0;0;0;0;0;0;0;0;0;0;0;0;0;0
FR;5;2021-10-24;0;0;0;0;0;0;0;0;0;0;0;0;0;0;0;0;0;0
FR;5;2021-10-25;0;0;0;0;0;0;0;0;0;0;0;0;0;0;0;0;0;0
FR;5;2021-10-26;0;0;0;0;0;0;0;0;0;0;0;0;0;0;0;0;0;0
FR;5;2021-10-27;0;0;0;0;0;0;0;0;0;0;0;0;0;0;0;0;0;0
FR;5;2021-10-28;0;0;0;0;0;0;0;0;0;0;0;0;0;0;0;0;0;0
FR;5;2021-10-29;0;0;0;0;0;0;0;0;0;0;0;0;0;0;0;0;0;0
FR;5;2021-10-30;0;0;0;0;0;0;0;0;0;0;0;0;0;0;0;0;0;0
FR;5;2021-10-31;0;0;0;0;0;0;0;0;0;0;0;0;0;0;0;0;0;0
FR;5;2021-11-01;0;0;0;0;0;0;0;0;0;0;0;0;0;0;0;0;0;0
FR;5;2021-11-02;0;0;0;0;0;0;0;0;0;0;0;0;0;0;0;0;0;0
FR;5;2021-11-03;0;0;0;0;0;0;0;0;0;0;0;0;0;0;0;0;0;0
FR;5;2021-11-04;0;0;0;0;0;0;0;0;0;0;0;0;0;0;0;0;0;0
FR;5;2021-11-05;0;0;0;0;0;0;0;0;0;0;0;0;0;0;0;0;0;0
FR;5;2021-11-06;0;0;0;0;0;0;0;0;0;0;0;0;0;0;0;0;0;0
FR;5;2021-11-07;0;0;0;0;0;0;0;0;0;0;0;0;0;0;0;0;0;0
FR;5;2021-11-08;0;0;0;0;0;0;0;0;0;0;0;0;0;0;0;0;0;0
FR;5;2021-11-09;0;0;0;0;0;0;0;0;0;0;0;0;0;0;0;0;0;0
FR;5;2021-11-10;0;0;0;0;0;0;0;0;0;0;0;0;0;0;0;0;0;0
FR;5;2021-11-11;0;0;0;0;0;0;0;0;0;0;0;0;0;0;0;0;0;0
FR;5;2021-11-12;0;0;0;0;0;0;0;0;0;0;0;0;0;0;0;0;0;0
FR;5;2021-11-13;0;0;0;0;0;0;0;0;0;0;0;0;0;0;0;0;0;0
FR;5;2021-11-14;0;0;0;0;0;0;0;0;0;0;0;0;0;0;0;0;0;0
FR;5;2021-11-15;0;0;0;0;0;0;0;0;0;0;0;0;0;0;0;0;0;0
FR;5;2021-11-16;0;0;0;0;0;0;0;0;0;0;0;0;0;0;0;0;0;0
FR;5;2021-11-17;0;0;0;0;0;0;0;0;0;0;0;0;0;0;0;0;0;0
FR;5;2021-11-18;0;0;0;0;0;0;0;0;0;0;0;0;0;0;0;0;0;0
FR;5;2021-11-19;0;0;0;0;0;0;0;0;0;0;0;0;0;0;0;0;0;0
FR;5;2021-11-20;0;0;0;0;0;0;0;0;0;0;0;0;0;0;0;0;0;0
FR;5;2021-11-21;0;0;0;0;0;0;0;0;0;0;0;0;0;0;0;0;0;0
FR;5;2021-11-22;0;0;0;0;0;0;0;0;0;0;0;0;0;0;0;0;0;0
FR;5;2021-11-23;0;0;0;0;0;0;0;0;0;0;0;0;0;0;0;0;0;0
FR;5;2021-11-24;0;0;0;0;0;0;0;0;0;0;0;0;0;0;0;0;0;0
FR;5;2021-11-25;0;0;0;0;0;0;0;0;0;0;0;0;0;0;0;0;0;0
FR;5;2021-11-26;0;0;0;0;0;0;0;0;0;0;0;0;0;0;0;0;0;0
FR;5;2021-11-27;0;0;0;0;0;0;0;0;0;0;0;0;0;0;0;0;0;0
FR;5;2021-11-28;0;0;0;0;0;0;0;0;0;0;0;0;0;0;0;0;0;0
FR;5;2021-11-29;0;0;0;0;0;0;0;0;0;0;0;0;0;0;0;0;0;0
FR;5;2021-11-30;0;0;0;0;0;0;0;0;0;0;0;0;0;0;0;0;0;0
FR;5;2021-12-01;0;0;0;0;0;0;0;0;0;0;0;0;0;0;0;0;0;0
FR;5;2021-12-02;0;0;0;0;0;0;0;0;0;0;0;0;0;0;0;0;0;0
FR;5;2021-12-03;0;0;0;0;0;0;0;0;0;0;0;0;0;0;0;0;0;0
FR;5;2021-12-04;0;0;0;0;0;0;0;0;0;0;0;0;0;0;0;0;0;0
FR;5;2021-12-05;0;0;0;0;0;0;0;0;0;0;0;0;0;0;0;0;0;0
FR;5;2021-12-06;0;0;0;0;0;0;0;0;0;0;0;0;0;0;0;0;0;0
FR;5;2021-12-07;0;0;0;0;0;0;0;0;0;0;0;0;0;0;0;0;0;0
FR;5;2021-12-08;0;0;0;0;0;0;0;0;0;0;0;0;0;0;0;0;0;0
FR;5;2021-12-09;0;0;0;0;0;0;0;0;0;0;0;0;0;0;0;0;0;0
FR;5;2021-12-10;0;0;0;0;0;0;0;0;0;0;0;0;0;0;0;0;0;0
FR;5;2021-12-11;0;0;0;0;0;0;0;0;0;0;0;0;0;0;0;0;0;0
FR;5;2021-12-12;0;0;0;0;0;0;0;0;0;0;0;0;0;0;0;0;0;0
FR;5;2021-12-13;0;0;0;0;0;0;0;0;0;0;0;0;0;0;0;0;0;0
FR;5;2021-12-14;33;45;77;0;27;88;1;0;0;33;45;77;0;27;88;1;0;0
FR;5;2021-12-15;196;44;37;0;42;49;0;0;0;229;89;114;0;69;137;1;0;0
FR;5;2021-12-16;181;21;44;0;38;48;0;0;0;410;110;158;0;107;185;1;0;0
FR;5;2021-12-17;313;16;72;0;34;74;2;0;0;723;126;230;0;141;259;3;0;0
FR;5;2021-12-18;766;24;22;0;67;29;0;0;0;1489;150;252;0;208;288;3;0;0
FR;5;2021-12-19;586;15;15;0;67;17;0;0;0;2075;165;267;0;275;305;3;0;0
FR;5;2021-12-20;1225;31;34;0;134;37;2;0;0;3300;196;301;0;409;342;5;0;0
FR;5;2021-12-21;1535;22;54;1;141;60;0;0;0;4835;218;355;1;550;402;5;0;0
FR;5;2021-12-22;4069;40;37;0;420;46;2;0;0;8904;258;392;1;970;448;7;0;0
FR;5;2021-12-23;3042;16;21;0;304;25;0;0;0;11946;274;413;1;1274;473;7;0;0
FR;5;2021-12-24;761;18;9;0;103;14;0;0;0;12707;292;422;1;1377;487;7;0;0
FR;5;2021-12-25;61;5;2;0;9;3;0;0;0;12768;297;424;1;1386;490;7;0;0
FR;5;2021-12-26;623;6;3;0;101;4;0;0;0;13391;303;427;1;1487;494;7;0;0
FR;5;2021-12-27;4085;25;21;0;458;23;1;0;0;17476;328;448;1;1945;517;8;0;0
FR;5;2021-12-28;5204;23;41;1;511;43;2;0;0;22680;351;489;2;2456;560;10;0;0
FR;5;2021-12-29;8105;34;66;2;886;69;1;0;0;30785;385;555;4;3342;629;11;0;0
FR;5;2021-12-30;5173;18;33;0;525;39;0;0;0;35958;403;588;4;3867;668;11;0;0
FR;5;2021-12-31;1553;8;10;0;181;11;0;0;0;37511;411;598;4;4048;679;11;0;0
FR;5;2022-01-01;185;2;2;0;24;3;0;0;0;37696;413;600;4;4072;682;11;0;0
FR;5;2022-01-02;1489;1;1;0;149;1;0;0;0;39185;414;601;4;4221;683;11;0;0
FR;5;2022-01-03;3067;36;34;0;321;33;1;0;0;42252;450;635;4;4542;716;12;0;0
FR;5;2022-01-04;3034;39;33;0;320;42;3;0;0;45286;489;668;4;4862;758;15;0;0
FR;5;2022-01-05;19324;203;97;1;2113;108;0;0;0;64610;692;765;5;6975;866;15;0;0
FR;5;2022-01-06;3748;134;122;0;507;142;2;0;0;68358;826;887;5;7482;1008;17;0;0
FR;5;2022-01-07;5005;202;48;2;702;56;1;0;0;73363;1028;935;7;8184;1064;18;0;0
FR;5;2022-01-08;13659;514;45;0;1998;52;0;0;0;87022;1542;980;7;10182;1116;18;0;0
FR;5;2022-01-09;5754;399;15;0;1113;20;1;0;0;92776;1941;995;7;11295;1136;19;0;0
FR;5;2022-01-10;3454;326;25;0;731;29;0;0;0;96230;2267;1020;7;12026;1165;19;0;0
FR;5;2022-01-11;3671;284;38;0;662;41;1;0;0;99901;2551;1058;7;12688;1206;20;0;0
FR;5;2022-01-12;22650;3005;89;0;5293;112;2;0;0;122551;5556;1147;7;17981;1318;22;0;0
FR;5;2022-01-13;4039;622;29;0;1051;31;2;0;0;126590;6178;1176;7;19032;1349;24;0;0
FR;5;2022-01-14;4843;583;45;0;1115;52;1;0;0;131433;6761;1221;7;20147;1401;25;0;0
FR;5;2022-01-15;14686;1746;38;3;3370;49;3;0;0;146119;8507;1259;10;23517;1450;28;0;0
FR;5;2022-01-16;4727;666;3;0;1260;5;0;0;0;150846;9173;1262;10;24777;1455;28;0;0
FR;5;2022-01-17;2297;718;26;0;986;29;0;0;0;153143;9891;1288;10;25763;1484;28;0;0
FR;5;2022-01-18;2431;870;30;0;1141;40;0;0;0;155574;10761;1318;10;26904;1524;28;0;0
FR;5;2022-01-19;18482;6423;74;2;8362;142;3;0;0;174056;17184;1392;12;35266;1666;31;0;0
FR;5;2022-01-20;1920;1067;25;0;1295;34;2;0;0;175976;18251;1417;12;36561;1700;33;0;0
FR;5;2022-01-21;3077;1372;47;1;1675;59;2;0;0;179053;19623;1464;13;38236;1759;35;0;0
FR;5;2022-01-22;10720;3454;33;1;4670;43;1;0;0;189773;23077;1497;14;42906;1802;36;0;0
FR;5;2022-01-23;2629;1415;6;0;1788;10;0;0;0;192402;24492;1503;14;44694;1812;36;0;0
FR;5;2022-01-24;1161;1340;19;0;1446;23;1;0;0;193563;25832;1522;14;46140;1835;37;0;0
FR;5;2022-01-25;1220;1549;20;2;1681;31;3;0;0;194783;27381;1542;16;47821;1866;40;0;0
FR;5;2022-01-26;10750;12032;50;1;13298;89;1;0;1;205533;39413;1592;17;61119;1955;41;0;1
FR;5;2022-01-27;1291;1692;10;0;1837;17;0;0;0;206824;41105;1602;17;62956;1972;41;0;1
FR;5;2022-01-28;1699;3345;16;0;3565;19;1;0;0;208523;44450;1618;17;66521;1991;42;0;1
FR;5;2022-01-29;6241;8041;68;0;8855;96;2;0;0;214764;52491;1686;17;75376;2087;44;0;1
FR;5;2022-01-30;1509;2950;5;0;3185;18;0;0;0;216273;55441;1691;17;78561;2105;44;0;1
FR;5;2022-01-31;589;1773;23;0;1837;24;3;0;0;216862;57214;1714;17;80398;2129;47;0;1
FR;5;2022-02-01;712;1706;10;0;1791;15;0;0;0;217574;58920;1724;17;82189;2144;47;0;1
FR;5;2022-02-02;6958;15655;52;0;16603;94;0;0;0;224532;74575;1776;17;98792;2238;47;0;1
FR;5;2022-02-03;491;1691;14;0;1748;13;5;0;0;225023;76266;1790;17;100540;2251;52;0;1
FR;5;2022-02-04;945;3002;19;0;3123;31;0;0;0;225968;79268;1809;17;103663;2282;52;0;1
FR;5;2022-02-05;3535;8919;23;0;9517;37;0;0;0;229503;88187;1832;17;113180;2319;52;0;1
FR;5;2022-02-06;737;2397;10;0;2556;19;0;0;0;230240;90584;1842;17;115736;2338;52;0;1
FR;5;2022-02-07;884;1596;23;0;1715;25;2;0;0;231124;92180;1865;17;117451;2363;54;0;1
FR;5;2022-02-08;725;1287;18;0;1407;20;2;0;0;231849;93467;1883;17;118858;2383;56;0;1
FR;5;2022-02-09;4544;12880;44;0;13608;76;1;0;0;236393;106347;1927;17;132466;2459;57;0;1
FR;5;2022-02-10;646;1059;14;0;1166;15;0;0;0;237039;107406;1941;17;133632;2474;57;0;1
FR;5;2022-02-11;793;2032;16;0;2163;21;1;0;0;237832;109438;1957;17;135795;2495;58;0;1
FR;5;2022-02-12;2286;6812;33;0;7279;53;0;0;0;240118;116250;1990;17;143074;2548;58;0;1
FR;5;2022-02-13;464;1540;8;0;1653;8;1;0;0;240582;117790;1998;17;144727;2556;59;0;1
FR;5;2022-02-14;678;1288;10;0;1407;13;1;0;0;241260;119078;2008;17;146134;2569;60;0;1
FR;5;2022-02-15;482;886;9;0;968;14;1;0;0;241742;119964;2017;17;147102;2583;61;0;1
FR;5;2022-02-16;2980;9123;41;1;9675;58;2;0;0;244722;129087;2058;18;156777;2641;63;0;1
FR;5;2022-02-17;436;809;6;0;876;7;1;0;0;245158;129896;2064;18;157653;2648;64;0;1
FR;5;2022-02-18;649;1408;13;0;1535;17;0;0;0;245807;131304;2077;18;159188;2665;64;0;1
FR;5;2022-02-19;1373;4315;16;0;4623;28;0;0;0;247180;135619;2093;18;163811;2693;64;0;1
FR;5;2022-02-20;247;879;6;0;941;8;0;0;0;247427;136498;2099;18;164752;2701;64;0;1
FR;5;2022-02-21;221;607;2;0;661;4;1;0;0;247648;137105;2101;18;165413;2705;65;0;1
FR;5;2022-02-22;262;545;17;0;592;17;1;0;0;247910;137650;2118;18;166005;2722;66;0;1
FR;5;2022-02-23;1909;6926;23;1;7346;43;0;0;0;249819;144576;2141;19;173351;2765;66;0;1
FR;5;2022-02-24;182;374;6;1;421;7;1;0;0;250001;144950;2147;20;173772;2772;67;0;1
FR;5;2022-02-25;336;950;13;0;1027;12;2;0;0;250337;145900;2160;20;174799;2784;69;0;1
FR;5;2022-02-26;972;3071;11;0;3333;15;2;0;0;251309;148971;2171;20;178132;2799;71;0;1
FR;5;2022-02-27;151;506;0;0;549;3;0;0;0;251460;149477;2171;20;178681;2802;71;0;1
FR;5;2022-02-28;162;369;1;0;408;1;0;0;0;251622;149846;2172;20;179089;2803;71;0;1
FR;5;2022-03-01;130;280;6;0;315;7;1;0;0;251752;150126;2178;20;179404;2810;72;0;1
FR;5;2022-03-02;1241;4156;28;3;4497;40;3;0;0;252993;154282;2206;23;183901;2850;75;0;1
FR;5;2022-03-03;121;251;5;0;271;10;1;0;0;253114;154533;2211;23;184172;2860;76;0;1
FR;5;2022-03-04;197;488;13;0;538;14;2;0;0;253311;155021;2224;23;184710;2874;78;0;1
FR;5;2022-03-05;677;1990;8;0;2244;16;2;0;0;253988;157011;2232;23;186954;2890;80;0;1
FR;5;2022-03-06;108;260;0;0;310;0;0;0;0;254096;157271;2232;23;187264;2890;80;0;1
FR;5;2022-03-07;71;228;5;0;254;3;2;0;0;254167;157499;2237;23;187518;2893;82;0;1
FR;5;2022-03-08;46;134;7;1;141;8;3;0;0;254213;157633;2244;24;187659;2901;85;0;1
FR;5;2022-03-09;910;3078;24;0;3407;36;0;0;0;255123;160711;2268;24;191066;2937;85;0;1
FR;5;2022-03-10;82;202;9;0;215;13;3;0;0;255205;160913;2277;24;191281;2950;88;0;1
FR;5;2022-03-11;148;369;13;1;427;15;0;0;0;255353;161282;2290;25;191708;2965;88;0;1
FR;5;2022-03-12;758;1613;13;1;1976;30;0;0;0;256111;162895;2303;26;193684;2995;88;0;1
FR;5;2022-03-13;78;100;0;0;133;0;0;0;0;256189;162995;2303;26;193817;2995;88;0;1
FR;5;2022-03-14;67;119;7;1;139;7;1;0;0;256256;163114;2310;27;193956;3002;89;0;1
FR;5;2022-03-15;83;99;4;0;119;7;1;0;0;256339;163213;2314;27;194075;3009;90;0;1
FR;5;2022-03-16;882;1827;15;3;2228;36;7;0;0;257221;165040;2329;30;196303;3045;97;0;1
FR;5;2022-03-17;68;123;8;4;151;10;4;0;0;257289;165163;2337;34;196454;3055;101;0;1
FR;5;2022-03-18;172;318;13;4;390;18;4;0;0;257461;165481;2350;38;196844;3073;105;0;1
FR;5;2022-03-19;752;1163;12;5;1555;33;8;0;0;258213;166644;2362;43;198399;3106;113;0;1
FR;5;2022-03-20;45;93;1;0;119;1;0;0;0;258258;166737;2363;43;198518;3107;113;0;1
FR;5;2022-03-21;71;120;10;6;136;15;8;0;0;258329;166857;2373;49;198654;3122;121;0;1
FR;5;2022-03-22;56;119;8;7;143;9;6;0;0;258385;166976;2381;56;198797;3131;127;0;1
FR;5;2022-03-23;805;1461;14;8;1878;36;9;0;0;259190;168437;2395;64;200675;3167;136;0;1
FR;5;2022-03-24;71;93;8;7;118;7;10;0;0;259261;168530;2403;71;200793;3174;146;0;1
FR;5;2022-03-25;222;293;14;8;388;18;9;0;0;259483;168823;2417;79;201181;3192;155;0;1
FR;5;2022-03-26;707;853;12;5;1273;26;6;0;1;260190;169676;2429;84;202454;3218;161;0;2
FR;5;2022-03-27;75;81;0;0;124;3;0;0;0;260265;169757;2429;84;202578;3221;161;0;2
FR;5;2022-03-28;81;93;1;2;132;3;2;0;0;260346;169850;2430;86;202710;3224;163;0;2
FR;5;2022-03-29;71;82;10;4;113;12;5;0;0;260417;169932;2440;90;202823;3236;168;0;2
FR;5;2022-03-30;823;1116;16;13;1606;29;14;0;0;261240;171048;2456;103;204429;3265;182;0;2
FR;5;2022-03-31;102;125;1;4;173;6;4;0;0;261342;171173;2457;107;204602;3271;186;0;2
FR;5;2022-04-01;114;86;7;12;135;11;12;0;1;261456;171259;2464;119;204737;3282;198;0;3
FR;5;2022-04-02;330;349;3;3;535;15;4;0;0;261786;171608;2467;122;205272;3297;202;0;3
FR;5;2022-04-03;54;59;1;0;88;1;0;0;0;261840;171667;2468;122;205360;3298;202;0;3
FR;5;2022-04-04;40;57;4;1;70;8;2;0;0;261880;171724;2472;123;205430;3306;204;0;3
FR;5;2022-04-05;53;60;6;6;75;9;5;0;0;261933;171784;2478;129;205505;3315;209;0;3
FR;5;2022-04-06;421;439;7;14;678;16;14;0;0;262354;172223;2485;143;206183;3331;223;0;3
FR;5;2022-04-07;45;69;5;7;89;7;10;0;0;262399;172292;2490;150;206272;3338;233;0;3
FR;5;2022-04-08;134;112;12;13;174;14;15;0;0;262533;172404;2502;163;206446;3352;248;0;3
FR;5;2022-04-09;311;324;2;5;511;17;5;0;0;262844;172728;2504;168;206957;3369;253;0;3
FR;5;2022-04-10;44;31;2;0;61;2;1;0;0;262888;172759;2506;168;207018;3371;254;0;3
FR;5;2022-04-11;50;60;3;2;78;4;3;0;0;262938;172819;2509;170;207096;3375;257;0;3
FR;5;2022-04-12;59;54;3;3;78;5;3;0;0;262997;172873;2512;173;207174;3380;260;0;3
FR;5;2022-04-13;382;413;3;8;606;16;8;0;0;263379;173286;2515;181;207780;3396;268;0;3
FR;5;2022-04-14;48;53;5;5;70;9;3;0;0;263427;173339;2520;186;207850;3405;271;0;3
FR;5;2022-04-15;91;109;4;4;150;5;6;0;0;263518;173448;2524;190;208000;3410;277;0;3
FR;5;2022-04-16;188;184;2;1;265;13;1;0;0;263706;173632;2526;191;208265;3423;278;0;3
FR;5;2022-04-17;12;11;1;0;17;1;0;0;0;263718;173643;2527;191;208282;3424;278;0;3
FR;5;2022-04-18;9;10;2;0;11;3;1;0;0;263727;173653;2529;191;208293;3427;279;0;3
FR;5;2022-04-19;75;71;6;1;96;6;4;0;0;263802;173724;2535;192;208389;3433;283;0;3
FR;5;2022-04-20;361;349;9;6;522;12;7;0;0;264163;174073;2544;198;208911;3445;290;0;3
FR;5;2022-04-21;42;64;9;10;71;12;14;0;0;264205;174137;2553;208;208982;3457;304;0;3
FR;5;2022-04-22;113;96;5;4;144;5;5;0;0;264318;174233;2558;212;209126;3462;309;0;3
FR;5;2022-04-23;209;193;4;2;284;11;3;0;0;264527;174426;2562;214;209410;3473;312;0;3
FR;5;2022-04-24;37;35;0;0;50;3;0;0;0;264564;174461;2562;214;209460;3476;312;0;3
FR;5;2022-04-25;69;65;1;1;102;4;1;0;0;264633;174526;2563;215;209562;3480;313;0;3
FR;5;2022-04-26;60;63;2;1;85;5;1;0;0;264693;174589;2565;216;209647;3485;314;0;3
FR;5;2022-04-27;335;316;3;7;463;14;8;0;0;265028;174905;2568;223;210110;3499;322;0;3
FR;5;2022-04-28;81;54;4;5;81;8;7;0;0;265109;174959;2572;228;210191;3507;329;0;3
FR;5;2022-04-29;117;84;5;19;117;12;17;0;0;265226;175043;2577;247;210308;3519;346;0;3
FR;5;2022-04-30;183;114;2;3;184;10;4;0;0;265409;175157;2579;250;210492;3529;350;0;3
FR;5;2022-05-01;11;7;0;0;11;0;0;0;0;265420;175164;2579;250;210503;3529;350;0;3
FR;5;2022-05-02;52;28;4;5;48;2;7;0;0;265472;175192;2583;255;210551;3531;357;0;3
FR;5;2022-05-03;87;57;2;4;84;11;4;0;0;265559;175249;2585;259;210635;3542;361;0;3
FR;5;2022-05-04;278;205;1;2;324;7;2;0;0;265837;175454;2586;261;210959;3549;363;0;3
FR;5;2022-05-05;62;32;3;4;46;5;4;0;0;265899;175486;2589;265;211005;3554;367;0;3
FR;5;2022-05-06;105;65;2;3;106;5;3;0;0;266004;175551;2591;268;211111;3559;370;0;3
FR;5;2022-05-07;171;117;2;10;180;13;7;0;0;266175;175668;2593;278;211291;3572;377;0;3
FR;5;2022-05-08;8;8;0;0;9;2;0;0;0;266183;175676;2593;278;211300;3574;377;0;3
FR;5;2022-05-09;44;34;15;3;51;16;4;0;0;266227;175710;2608;281;211351;3590;381;0;3
FR;5;2022-05-10;54;49;3;4;67;5;5;0;0;266281;175759;2611;285;211418;3595;386;0;3
FR;5;2022-05-11;327;237;12;7;344;21;11;0;0;266608;175996;2623;292;211762;3616;397;0;3
FR;5;2022-05-12;46;34;2;2;46;2;3;0;0;266654;176030;2625;294;211808;3618;400;0;3
FR;5;2022-05-13;109;83;3;8;119;8;7;0;0;266763;176113;2628;302;211927;3626;407;0;3
FR;5;2022-05-14;209;131;0;1;212;8;0;0;0;266972;176244;2628;303;212139;3634;407;0;3
FR;5;2022-05-15;22;9;2;0;18;1;1;0;0;266994;176253;2630;303;212157;3635;408;0;3
FR;5;2022-05-16;52;34;4;5;53;4;5;0;0;267046;176287;2634;308;212210;3639;413;0;3
FR;5;2022-05-17;72;40;5;0;68;2;3;0;0;267118;176327;2639;308;212278;3641;416;0;3
FR;5;2022-05-18;289;215;4;4;330;8;6;0;0;267407;176542;2643;312;212608;3649;422;0;3
FR;5;2022-05-19;45;35;5;3;42;3;4;0;0;267452;176577;2648;315;212650;3652;426;0;3
FR;5;2022-05-20;76;63;3;10;92;1;11;0;0;267528;176640;2651;325;212742;3653;437;0;3
FR;5;2022-05-21;242;166;2;3;268;17;1;0;0;267770;176806;2653;328;213010;3670;438;0;3
FR;5;2022-05-22;20;14;2;5;20;2;6;0;0;267790;176820;2655;333;213030;3672;444;0;3
FR;5;2022-05-23;42;31;4;3;42;6;3;0;0;267832;176851;2659;336;213072;3678;447;0;3
FR;5;2022-05-24;47;45;3;2;60;5;2;0;0;267879;176896;2662;338;213132;3683;449;0;3
FR;5;2022-05-25;329;257;4;1;385;16;1;0;0;268208;177153;2666;339;213517;3699;450;0;3
FR;5;2022-05-26;17;5;0;1;9;2;0;0;1;268225;177158;2666;340;213526;3701;450;0;4
FR;5;2022-05-27;99;54;4;4;89;9;3;0;0;268324;177212;2670;344;213615;3710;453;0;4
FR;5;2022-05-28;100;78;5;3;106;10;3;0;0;268424;177290;2675;347;213721;3720;456;0;4
FR;5;2022-05-29;14;14;1;0;18;2;0;0;0;268438;177304;2676;347;213739;3722;456;0;4
FR;5;2022-05-30;56;41;2;1;54;2;2;0;0;268494;177345;2678;348;213793;3724;458;0;4
FR;5;2022-05-31;57;43;1;8;62;1;8;0;0;268551;177388;2679;356;213855;3725;466;0;4
FR;5;2022-06-01;257;241;9;2;301;25;5;0;0;268808;177629;2688;358;214156;3750;471;0;4
FR;5;2022-06-02;63;61;5;0;73;9;1;0;0;268871;177690;2693;358;214229;3759;472;0;4
FR;5;2022-06-03;82;71;4;5;88;10;6;0;0;268953;177761;2697;363;214317;3769;478;0;4
FR;5;2022-06-04;157;109;2;1;187;9;1;0;0;269110;177870;2699;364;214504;3778;479;0;4
FR;5;2022-06-05;18;11;0;0;21;1;0;0;0;269128;177881;2699;364;214525;3779;479;0;4
FR;5;2022-06-06;16;12;0;1;15;0;1;0;0;269144;177893;2699;365;214540;3779;480;0;4
FR;5;2022-06-07;50;56;1;1;76;2;1;0;0;269194;177949;2700;366;214616;3781;481;0;4
FR;5;2022-06-08;283;225;3;4;332;17;2;0;0;269477;178174;2703;370;214948;3798;483;0;4
FR;5;2022-06-09;52;41;6;3;57;7;2;0;1;269529;178215;2709;373;215005;3805;485;0;5
FR;5;2022-06-10;81;72;1;1;105;6;1;0;0;269610;178287;2710;374;215110;3811;486;0;5
FR;5;2022-06-11;173;141;3;3;202;10;4;0;0;269783;178428;2713;377;215312;3821;490;0;5
FR;5;2022-06-12;17;16;0;0;19;2;0;0;0;269800;178444;2713;377;215331;3823;490;0;5
FR;5;2022-06-13;56;47;9;3;70;10;6;0;0;269856;178491;2722;380;215401;3833;496;0;5
FR;5;2022-06-14;59;56;1;4;64;6;4;0;0;269915;178547;2723;384;215465;3839;500;0;5
FR;5;2022-06-15;266;260;5;2;363;27;1;0;0;270181;178807;2728;386;215828;3866;501;0;5
FR;5;2022-06-16;47;30;5;2;44;5;2;0;0;270228;178837;2733;388;215872;3871;503;0;5
FR;5;2022-06-17;100;67;5;5;102;10;5;0;0;270328;178904;2738;393;215974;3881;508;0;5
FR;5;2022-06-18;146;95;10;2;152;26;2;0;1;270474;178999;2748;395;216126;3907;510;0;6
FR;5;2022-06-19;26;15;0;1;18;4;1;0;0;270500;179014;2748;396;216144;3911;511;0;6
FR;5;2022-06-20;56;50;8;0;62;11;2;0;0;270556;179064;2756;396;216206;3922;513;0;6
FR;5;2022-06-21;52;73;5;3;90;7;5;0;1;270608;179137;2761;399;216296;3929;518;0;7
FR;5;2022-06-22;224;247;7;9;347;33;10;0;0;270832;179384;2768;408;216643;3962;528;0;7
FR;5;2022-06-23;50;38;2;5;43;6;6;0;0;270882;179422;2770;413;216686;3968;534;0;7
FR;5;2022-06-24;91;70;12;5;101;16;8;0;0;270973;179492;2782;418;216787;3984;542;0;7
FR;5;2022-06-25;154;124;3;7;185;14;8;0;1;271127;179616;2785;425;216972;3998;550;0;8
FR;5;2022-06-26;26;19;2;0;29;5;0;0;0;271153;179635;2787;425;217001;4003;550;0;8
FR;5;2022-06-27;57;60;5;7;78;11;9;0;0;271210;179695;2792;432;217079;4014;559;0;8
FR;5;2022-06-28;70;49;8;2;69;14;5;0;0;271280;179744;2800;434;217148;4028;564;0;8
FR;5;2022-06-29;297;268;9;21;391;34;23;0;0;271577;180012;2809;455;217539;4062;587;0;8
FR;5;2022-06-30;89;57;10;12;89;17;11;0;0;271666;180069;2819;467;217628;4079;598;0;8
FR;5;2022-07-01;127;65;7;11;118;12;11;0;2;271793;180134;2826;478;217746;4091;609;0;10
FR;5;2022-07-02;191;132;4;0;209;22;0;0;0;271984;180266;2830;478;217955;4113;609;0;10
FR;5;2022-07-03;30;25;1;0;36;4;0;0;0;272014;180291;2831;478;217991;4117;609;0;10
FR;5;2022-07-04;103;64;2;5;102;6;5;0;1;272117;180355;2833;483;218093;4123;614;0;11
FR;5;2022-07-05;104;72;3;8;107;13;8;0;1;272221;180427;2836;491;218200;4136;622;0;12
FR;5;2022-07-06;277;168;9;36;289;27;36;0;0;272498;180595;2845;527;218489;4163;658;0;12
FR;5;2022-07-07;88;68;6;9;88;13;11;0;0;272586;180663;2851;536;218577;4176;669;0;12
FR;5;2022-07-08;152;120;7;14;146;25;13;0;1;272738;180783;2858;550;218723;4201;682;0;13
FR;5;2022-07-09;116;68;1;8;100;10;8;0;0;272854;180851;2859;558;218823;4211;690;0;13
FR;5;2022-07-10;15;6;0;0;10;1;0;0;0;272869;180857;2859;558;218833;4212;690;0;13
FR;5;2022-07-11;92;72;10;2;98;19;3;0;0;272961;180929;2869;560;218931;4231;693;0;13
FR;5;2022-07-12;67;63;5;10;81;7;12;0;0;273028;180992;2874;570;219012;4238;705;0;13
FR;5;2022-07-13;169;118;10;19;196;16;23;0;0;273197;181110;2884;589;219208;4254;728;0;13
FR;5;2022-07-14;8;4;0;0;7;0;0;0;0;273205;181114;2884;589;219215;4254;728;0;13
FR;5;2022-07-15;74;66;5;14;86;15;15;0;0;273279;181180;2889;603;219301;4269;743;0;13
FR;5;2022-07-16;54;44;3;0;71;3;2;0;0;273333;181224;2892;603;219372;4272;745;0;13
FR;5;2022-07-17;10;7;3;0;10;2;2;0;0;273343;181231;2895;603;219382;4274;747;0;13
FR;5;2022-07-18;60;47;0;4;70;4;3;0;0;273403;181278;2895;607;219452;4278;750;0;13
FR;5;2022-07-19;63;42;5;3;63;7;4;0;0;273466;181320;2900;610;219515;4285;754;0;13
FR;5;2022-07-20;119;106;4;11;141;14;9;0;0;273585;181426;2904;621;219656;4299;763;0;13
FR;5;2022-07-21;38;43;2;10;52;5;10;0;0;273623;181469;2906;631;219708;4304;773;0;13
FR;5;2022-07-22;48;69;11;13;75;23;11;0;1;273671;181538;2917;644;219783;4327;784;0;14
FR;5;2022-07-23;59;78;2;1;95;11;2;0;0;273730;181616;2919;645;219878;4338;786;0;14
FR;5;2022-07-24;11;9;3;1;12;3;1;0;0;273741;181625;2922;646;219890;4341;787;0;14
FR;5;2022-07-25;53;48;2;7;57;8;8;0;0;273794;181673;2924;653;219947;4349;795;0;14
FR;5;2022-07-26;58;52;5;41;70;6;44;0;0;273852;181725;2929;694;220017;4355;839;0;14
FR;5;2022-07-27;106;118;4;4;161;13;4;0;0;273958;181843;2933;698;220178;4368;843;0;14
FR;5;2022-07-28;39;35;2;2;47;6;1;0;0;273997;181878;2935;700;220225;4374;844;0;14
FR;5;2022-07-29;56;74;3;14;90;8;10;0;0;274053;181952;2938;714;220315;4382;854;0;14
FR;5;2022-07-30;55;53;5;1;75;7;2;0;0;274108;182005;2943;715;220390;4389;856;0;14
FR;5;2022-07-31;7;11;1;0;13;1;0;0;0;274115;182016;2944;715;220403;4390;856;0;14
FR;5;2022-08-01;39;53;1;2;62;6;2;0;0;274154;182069;2945;717;220465;4396;858;0;14
FR;5;2022-08-02;32;43;8;7;47;8;7;0;1;274186;182112;2953;724;220512;4404;865;0;15
FR;5;2022-08-03;54;51;4;10;70;9;8;0;0;274240;182163;2957;734;220582;4413;873;0;15
FR;5;2022-08-04;20;18;1;6;22;1;6;0;0;274260;182181;2958;740;220604;4414;879;0;15
FR;5;2022-08-05;35;26;3;3;39;3;3;0;0;274295;182207;2961;743;220643;4417;882;0;15
FR;5;2022-08-06;23;26;1;0;31;1;0;0;0;274318;182233;2962;743;220674;4418;882;0;15
FR;5;2022-08-07;2;2;1;0;1;1;1;0;0;274320;182235;2963;743;220675;4419;883;0;15
FR;5;2022-08-08;26;19;1;2;24;2;1;0;0;274346;182254;2964;745;220699;4421;884;0;15
FR;5;2022-08-09;26;28;3;3;35;3;3;0;0;274372;182282;2967;748;220734;4424;887;0;15
FR;5;2022-08-10;47;47;2;0;56;5;0;0;0;274419;182329;2969;748;220790;4429;887;0;15
FR;5;2022-08-11;19;36;2;2;42;5;2;0;0;274438;182365;2971;750;220832;4434;889;0;15
FR;5;2022-08-12;27;28;2;0;39;2;0;0;0;274465;182393;2973;750;220871;4436;889;0;15
FR;5;2022-08-13;16;18;0;0;24;0;0;0;0;274481;182411;2973;750;220895;4436;889;0;15
FR;5;2022-08-14;2;3;0;0;4;0;0;0;0;274483;182414;2973;750;220899;4436;889;0;15
FR;5;2022-08-15;2;5;0;0;5;0;0;0;0;274485;182419;2973;750;220904;4436;889;0;15
FR;5;2022-08-16;33;26;3;0;28;6;0;0;0;274518;182445;2976;750;220932;4442;889;0;15
FR;5;2022-08-17;52;55;2;1;72;1;1;0;0;274570;182500;2978;751;221004;4443;890;0;15
FR;5;2022-08-18;26;18;8;17;25;10;16;0;0;274596;182518;2986;768;221029;4453;906;0;15
FR;5;2022-08-19;25;33;1;2;41;2;2;0;0;274621;182551;2987;770;221070;4455;908;0;15
FR;5;2022-08-20;25;27;2;1;33;4;2;0;0;274646;182578;2989;771;221103;4459;910;0;15
FR;5;2022-08-21;7;4;1;0;7;1;0;0;0;274653;182582;2990;771;221110;4460;910;0;15
FR;5;2022-08-22;39;26;1;6;42;2;5;0;1;274692;182608;2991;777;221152;4462;915;0;16
FR;5;2022-08-23;27;26;1;1;32;2;1;0;0;274719;182634;2992;778;221184;4464;916;0;16
FR;5;2022-08-24;50;43;0;0;62;0;0;0;0;274769;182677;2992;778;221246;4464;916;0;16
FR;5;2022-08-25;27;26;3;1;31;2;0;0;1;274796;182703;2995;779;221277;4466;916;0;17
FR;5;2022-08-26;48;39;7;2;58;5;4;0;0;274844;182742;3002;781;221335;4471;920;0;17
FR;5;2022-08-27;46;28;1;0;46;3;1;0;0;274890;182770;3003;781;221381;4474;921;0;17
FR;5;2022-08-28;5;6;0;0;6;0;0;0;0;274895;182776;3003;781;221387;4474;921;0;17
FR;5;2022-08-29;58;44;1;1;66;4;1;0;0;274953;182820;3004;782;221453;4478;922;0;17
FR;5;2022-08-30;45;23;12;29;40;10;30;0;1;274998;182843;3016;811;221493;4488;952;0;18
FR;5;2022-08-31;53;47;6;1;58;11;1;0;0;275051;182890;3022;812;221551;4499;953;0;18
FR;5;2022-09-01;16;8;1;4;13;1;4;0;0;275067;182898;3023;816;221564;4500;957;0;18
FR;5;2022-09-02;42;22;8;2;34;9;3;0;0;275109;182920;3031;818;221598;4509;960;0;18
FR;5;2022-09-03;69;37;2;0;58;2;0;0;0;275178;182957;3033;818;221656;4511;960;0;18
FR;5;2022-09-04;12;7;1;0;8;3;0;0;0;275190;182964;3034;818;221664;4514;960;0;18
FR;5;2022-09-05;7;4;1;0;4;1;0;0;0;275197;182968;3035;818;221668;4515;960;0;18
FR;5;2022-09-06;21;14;3;15;17;2;14;0;2;275218;182982;3038;833;221685;4517;974;0;20
FR;5;2022-09-07;79;53;1;1;76;3;1;0;0;275297;183035;3039;834;221761;4520;975;0;20
FR;5;2022-09-08;9;4;0;4;7;0;4;0;0;275306;183039;3039;838;221768;4520;979;0;20
FR;5;2022-09-09;40;11;9;2;14;10;3;0;0;275346;183050;3048;840;221782;4530;982;0;20
FR;5;2022-09-10;40;45;1;1;50;8;1;0;0;275386;183095;3049;841;221832;4538;983;0;20
FR;5;2022-09-11;3;3;0;0;3;1;0;0;0;275389;183098;3049;841;221835;4539;983;0;20
FR;5;2022-09-12;7;5;2;2;7;2;2;0;0;275396;183103;3051;843;221842;4541;985;0;20
FR;5;2022-09-13;9;6;0;1;4;3;1;0;0;275405;183109;3051;844;221846;4544;986;0;20
FR;5;2022-09-14;52;47;4;6;55;9;5;0;0;275457;183156;3055;850;221901;4553;991;0;20
FR;5;2022-09-15;11;13;2;3;11;5;3;0;0;275468;183169;3057;853;221912;4558;994;0;20
FR;5;2022-09-16;25;33;1;4;38;3;3;0;0;275493;183202;3058;857;221950;4561;997;0;20
FR;5;2022-09-17;60;43;1;1;51;5;1;0;0;275553;183245;3059;858;222001;4566;998;0;20
FR;5;2022-09-18;9;6;0;1;10;1;0;0;0;275562;183251;3059;859;222011;4567;998;0;20
FR;5;2022-09-19;22;17;2;1;20;5;2;0;0;275584;183268;3061;860;222031;4572;1000;0;20
FR;5;2022-09-20;15;11;3;3;15;1;4;0;0;275599;183279;3064;863;222046;4573;1004;0;20
FR;5;2022-09-21;68;45;9;0;65;13;0;0;0;275667;183324;3073;863;222111;4586;1004;0;20
FR;5;2022-09-22;12;6;4;24;6;4;23;0;1;275679;183330;3077;887;222117;4590;1027;0;21
FR;5;2022-09-23;20;25;2;3;23;8;3;0;0;275699;183355;3079;890;222140;4598;1030;0;21
FR;5;2022-09-24;44;51;1;8;65;5;8;0;0;275743;183406;3080;898;222205;4603;1038;0;21
FR;5;2022-09-25;6;12;0;0;13;1;0;0;0;275749;183418;3080;898;222218;4604;1038;0;21
FR;5;2022-09-26;15;7;0;2;12;0;1;0;1;275764;183425;3080;900;222230;4604;1039;0;22
FR;5;2022-09-27;7;12;4;9;14;4;9;0;1;275771;183437;3084;909;222244;4608;1048;0;23
FR;5;2022-09-28;65;64;5;0;88;7;0;0;0;275836;183501;3089;909;222332;4615;1048;0;23
FR;5;2022-09-29;17;9;1;0;15;1;1;0;1;275853;183510;3090;909;222347;4616;1049;0;24
FR;5;2022-09-30;28;46;2;2;53;4;3;0;0;275881;183556;3092;911;222400;4620;1052;0;24
FR;5;2022-10-01;40;35;5;5;48;8;7;0;0;275921;183591;3097;916;222448;4628;1059;0;24
FR;5;2022-10-02;1;9;1;0;10;1;0;0;0;275922;183600;3098;916;222458;4629;1059;0;24
FR;5;2022-10-03;7;6;3;0;5;4;0;0;0;275929;183606;3101;916;222463;4633;1059;0;24
FR;5;2022-10-04;11;8;1;3;11;2;3;0;0;275940;183614;3102;919;222474;4635;1062;0;24
FR;5;2022-10-05;57;62;2;2;79;13;2;0;0;275997;183676;3104;921;222553;4648;1064;0;24
FR;5;2022-10-06;12;10;1;4;15;2;4;0;0;276009;183686;3105;925;222568;4650;1068;0;24
FR;5;2022-10-07;21;31;1;0;34;5;0;0;0;276030;183717;3106;925;222602;4655;1068;0;24
FR;5;2022-10-08;33;51;1;0;54;7;0;0;0;276063;183768;3107;925;222656;4662;1068;0;24
FR;5;2022-10-09;7;10;0;0;11;1;0;0;0;276070;183778;3107;925;222667;4663;1068;0;24
FR;5;2022-10-10;14;6;0;1;8;1;1;0;0;276084;183784;3107;926;222675;4664;1069;0;24
FR;5;2022-10-11;6;13;2;1;14;2;2;0;0;276090;183797;3109;927;222689;4666;1071;0;24
FR;5;2022-10-12;39;57;3;2;69;8;2;0;0;276129;183854;3112;929;222758;4674;1073;0;24
FR;5;2022-10-13;11;16;2;0;18;4;0;0;0;276140;183870;3114;929;222776;4678;1073;0;24
FR;5;2022-10-14;21;21;1;0;20;5;0;0;0;276161;183891;3115;929;222796;4683;1073;0;24
FR;5;2022-10-15;19;26;10;0;24;11;2;0;0;276180;183917;3125;929;222820;4694;1075;0;24
FR;5;2022-10-16;3;1;0;0;1;1;0;0;0;276183;183918;3125;929;222821;4695;1075;0;24
FR;5;2022-10-17;8;8;2;1;8;3;1;0;2;276191;183926;3127;930;222829;4698;1076;0;26
FR;5;2022-10-18;6;7;0;2;8;0;2;0;0;276197;183933;3127;932;222837;4698;1078;0;26
FR;5;2022-10-19;38;43;8;0;52;11;0;0;1;276235;183976;3135;932;222889;4709;1078;0;27
FR;5;2022-10-20;18;15;2;1;16;3;1;0;0;276253;183991;3137;933;222905;4712;1079;0;27
FR;5;2022-10-21;22;15;6;0;19;8;1;0;2;276275;184006;3143;933;222924;4720;1080;0;29
FR;5;2022-10-22;34;28;2;12;31;5;12;0;0;276309;184034;3145;945;222955;4725;1092;0;29
FR;5;2022-10-23;9;3;0;0;4;0;0;0;0;276318;184037;3145;945;222959;4725;1092;0;29
FR;5;2022-10-24;14;7;6;7;9;9;8;0;0;276332;184044;3151;952;222968;4734;1100;0;29
FR;5;2022-10-25;12;9;6;3;9;8;3;0;2;276344;184053;3157;955;222977;4742;1103;0;31
FR;5;2022-10-26;34;22;6;0;29;10;0;0;0;276378;184075;3163;955;223006;4752;1103;0;31
FR;5;2022-10-27;16;4;4;0;11;4;0;0;0;276394;184079;3167;955;223017;4756;1103;0;31
FR;5;2022-10-28;19;13;5;3;14;6;4;0;0;276413;184092;3172;958;223031;4762;1107;0;31
FR;5;2022-10-29;21;13;0;0;17;3;0;0;0;276434;184105;3172;958;223048;4765;1107;0;31
FR;5;2022-10-30;1;4;2;0;4;3;0;0;0;276435;184109;3174;958;223052;4768;1107;0;31
FR;5;2022-10-31;14;11;2;1;12;3;1;0;0;276449;184120;3176;959;223064;4771;1108;0;31
FR;5;2022-11-01;3;3;0;1;3;0;1;0;0;276452;184123;3176;960;223067;4771;1109;0;31
FR;5;2022-11-02;23;17;5;4;23;5;5;0;0;276475;184140;3181;964;223090;4776;1114;0;31
FR;5;2022-11-03;22;4;1;1;11;1;1;0;0;276497;184144;3182;965;223101;4777;1115;0;31
FR;5;2022-11-04;19;18;1;0;18;2;0;0;0;276516;184162;3183;965;223119;4779;1115;0;31
FR;5;2022-11-05;25;16;1;0;21;1;0;0;0;276541;184178;3184;965;223140;4780;1115;0;31
FR;5;2022-11-06;1;7;0;0;7;0;0;0;0;276542;184185;3184;965;223147;4780;1115;0;31
FR;5;2022-11-07;4;3;3;0;3;3;0;0;0;276546;184188;3187;965;223150;4783;1115;0;31
FR;5;2022-11-08;11;7;1;2;8;1;1;0;0;276557;184195;3188;967;223158;4784;1116;0;31
FR;5;2022-11-09;28;29;6;1;32;6;1;0;0;276585;184224;3194;968;223190;4790;1117;0;31
FR;5;2022-11-10;11;16;1;0;17;1;0;0;0;276596;184240;3195;968;223207;4791;1117;0;31
FR;5;2022-11-11;2;4;0;1;6;0;1;0;0;276598;184244;3195;969;223213;4791;1118;0;31
FR;5;2022-11-12;19;10;5;9;18;6;9;0;2;276617;184254;3200;978;223231;4797;1127;0;33
FR;5;2022-11-13;2;2;0;1;2;0;1;0;0;276619;184256;3200;979;223233;4797;1128;0;33
FR;5;2022-11-14;8;10;0;1;9;3;0;0;0;276627;184266;3200;980;223242;4800;1128;0;33
FR;5;2022-11-15;8;6;4;3;6;4;3;0;0;276635;184272;3204;983;223248;4804;1131;0;33
FR;5;2022-11-16;29;28;2;1;32;5;0;0;0;276664;184300;3206;984;223280;4809;1131;0;33
FR;5;2022-11-17;6;15;2;0;15;3;0;0;0;276670;184315;3208;984;223295;4812;1131;0;33
FR;5;2022-11-18;16;17;6;0;19;8;0;0;0;276686;184332;3214;984;223314;4820;1131;0;33
FR;5;2022-11-19;18;27;2;0;27;6;0;0;0;276704;184359;3216;984;223341;4826;1131;0;33
FR;5;2022-11-20;6;3;0;0;5;0;0;0;0;276710;184362;3216;984;223346;4826;1131;0;33
FR;5;2022-11-21;8;5;0;2;4;2;1;0;0;276718;184367;3216;986;223350;4828;1132;0;33
FR;5;2022-11-22;9;3;0;1;4;0;1;0;0;276727;184370;3216;987;223354;4828;1133;0;33
FR;5;2022-11-23;34;25;6;1;27;13;0;0;0;276761;184395;3222;988;223381;4841;1133;0;33
FR;5;2022-11-24;3;7;2;1;8;1;2;0;0;276764;184402;3224;989;223389;4842;1135;0;33
FR;5;2022-11-25;15;20;2;0;25;3;0;0;1;276779;184422;3226;989;223414;4845;1135;0;34
FR;5;2022-11-26;22;19;4;0;20;8;0;0;0;276801;184441;3230;989;223434;4853;1135;0;34
FR;5;2022-11-27;7;0;1;0;2;1;0;0;0;276808;184441;3231;989;223436;4854;1135;0;34
FR;5;2022-11-28;7;11;3;0;11;5;0;0;0;276815;184452;3234;989;223447;4859;1135;0;34
FR;5;2022-11-29;10;9;1;0;11;3;0;0;1;276825;184461;3235;989;223458;4862;1135;0;35
FR;5;2022-11-30;34;48;12;0;55;17;1;0;0;276859;184509;3247;989;223513;4879;1136;0;35
FR;5;2022-12-01;3;8;2;0;8;3;0;0;0;276862;184517;3249;989;223521;4882;1136;0;35
FR;5;2022-12-02;1;5;2;1;4;3;1;0;0;276863;184522;3251;990;223525;4885;1137;0;35
FR;5;2022-12-03;3;3;8;1;5;8;1;0;0;276866;184525;3259;991;223530;4893;1138;0;35
FR;5;2022-12-04;3;2;1;0;2;2;0;0;0;276869;184527;3260;991;223532;4895;1138;0;35
FR;5;2022-12-05;0;1;0;0;0;1;0;0;0;276869;184528;3260;991;223532;4896;1138;0;35
FR;5;2022-12-06;3;1;0;0;1;0;0;0;1;276872;184529;3260;991;223533;4896;1138;0;36
FR;5;2022-12-07;5;8;1;0;9;1;0;0;0;276877;184537;3261;991;223542;4897;1138;0;36
FR;5;2022-12-08;2;2;0;0;2;0;0;0;0;276879;184539;3261;991;223544;4897;1138;0;36
FR;5;2022-12-09;3;8;0;0;6;2;0;0;0;276882;184547;3261;991;223550;4899;1138;0;36
FR;5;2022-12-10;4;7;2;1;8;2;1;0;0;276886;184554;3263;992;223558;4901;1139;0;36
FR;5;2022-12-11;2;0;0;0;0;0;0;0;0;276888;184554;3263;992;223558;4901;1139;0;36
FR;5;2022-12-12;0;0;0;0;0;0;0;0;0;276888;184554;3263;992;223558;4901;1139;0;36
FR;5;2022-12-13;2;3;0;0;4;1;0;0;0;276890;184557;3263;992;223562;4902;1139;0;36
FR;5;2022-12-14;1;2;0;9;2;1;8;0;3;276891;184559;3263;1001;223564;4903;1147;0;39
FR;5;2022-12-15;0;2;0;0;2;0;0;0;0;276891;184561;3263;1001;223566;4903;1147;0;39
FR;5;2022-12-16;3;2;2;0;3;3;0;0;0;276894;184563;3265;1001;223569;4906;1147;0;39
FR;5;2022-12-17;3;3;3;0;3;2;1;0;0;276897;184566;3268;1001;223572;4908;1148;0;39
FR;5;2022-12-18;3;0;0;1;0;0;1;0;1;276900;184566;3268;1002;223572;4908;1149;0;40
FR;5;2022-12-19;1;0;0;2;0;0;2;0;0;276901;184566;3268;1004;223572;4908;1151;0;40
FR;5;2022-12-20;0;1;3;0;1;3;0;0;0;276901;184567;3271;1004;223573;4911;1151;0;40
FR;6;2020-12-27;0;0;0;0;0;0;0;0;0;0;0;0;0;0;0;0;0;0
FR;6;2020-12-28;0;0;0;0;0;0;0;0;0;0;0;0;0;0;0;0;0;0
FR;6;2020-12-29;0;0;0;0;0;0;0;0;0;0;0;0;0;0;0;0;0;0
FR;6;2020-12-30;0;0;0;0;0;0;0;0;0;0;0;0;0;0;0;0;0;0
FR;6;2020-12-31;0;0;0;0;0;0;0;0;0;0;0;0;0;0;0;0;0;0
FR;6;2021-01-01;0;0;0;0;0;0;0;0;0;0;0;0;0;0;0;0;0;0
FR;6;2021-01-02;0;0;0;0;0;0;0;0;0;0;0;0;0;0;0;0;0;0
FR;6;2021-01-03;0;0;0;0;0;0;0;0;0;0;0;0;0;0;0;0;0;0
FR;6;2021-01-04;0;0;0;0;0;0;0;0;0;0;0;0;0;0;0;0;0;0
FR;6;2021-01-05;0;0;0;0;0;0;0;0;0;0;0;0;0;0;0;0;0;0
FR;6;2021-01-06;0;0;0;0;0;0;0;0;0;0;0;0;0;0;0;0;0;0
FR;6;2021-01-07;0;0;0;0;0;0;0;0;0;0;0;0;0;0;0;0;0;0
FR;6;2021-01-08;0;0;0;0;0;0;0;0;0;0;0;0;0;0;0;0;0;0
FR;6;2021-01-09;0;0;0;0;0;0;0;0;0;0;0;0;0;0;0;0;0;0
FR;6;2021-01-10;0;0;0;0;0;0;0;0;0;0;0;0;0;0;0;0;0;0
FR;6;2021-01-11;0;0;0;0;0;0;0;0;0;0;0;0;0;0;0;0;0;0
FR;6;2021-01-12;0;0;0;0;0;0;0;0;0;0;0;0;0;0;0;0;0;0
FR;6;2021-01-13;0;0;0;0;0;0;0;0;0;0;0;0;0;0;0;0;0;0
FR;6;2021-01-14;0;0;0;0;0;0;0;0;0;0;0;0;0;0;0;0;0;0
FR;6;2021-01-15;0;0;0;0;0;0;0;0;0;0;0;0;0;0;0;0;0;0
FR;6;2021-01-16;0;0;0;0;0;0;0;0;0;0;0;0;0;0;0;0;0;0
FR;6;2021-01-17;0;0;0;0;0;0;0;0;0;0;0;0;0;0;0;0;0;0
FR;6;2021-01-18;0;0;0;0;0;0;0;0;0;0;0;0;0;0;0;0;0;0
FR;6;2021-01-19;0;0;0;0;0;0;0;0;0;0;0;0;0;0;0;0;0;0
FR;6;2021-01-20;0;0;0;0;0;0;0;0;0;0;0;0;0;0;0;0;0;0
FR;6;2021-01-21;0;0;0;0;0;0;0;0;0;0;0;0;0;0;0;0;0;0
FR;6;2021-01-22;0;0;0;0;0;0;0;0;0;0;0;0;0;0;0;0;0;0
FR;6;2021-01-23;0;0;0;0;0;0;0;0;0;0;0;0;0;0;0;0;0;0
FR;6;2021-01-24;0;0;0;0;0;0;0;0;0;0;0;0;0;0;0;0;0;0
FR;6;2021-01-25;0;0;0;0;0;0;0;0;0;0;0;0;0;0;0;0;0;0
FR;6;2021-01-26;0;0;0;0;0;0;0;0;0;0;0;0;0;0;0;0;0;0
FR;6;2021-01-27;0;0;0;0;0;0;0;0;0;0;0;0;0;0;0;0;0;0
FR;6;2021-01-28;0;0;0;0;0;0;0;0;0;0;0;0;0;0;0;0;0;0
FR;6;2021-01-29;0;0;0;0;0;0;0;0;0;0;0;0;0;0;0;0;0;0
FR;6;2021-01-30;0;0;0;0;0;0;0;0;0;0;0;0;0;0;0;0;0;0
FR;6;2021-01-31;0;0;0;0;0;0;0;0;0;0;0;0;0;0;0;0;0;0
FR;6;2021-02-01;0;0;0;0;0;0;0;0;0;0;0;0;0;0;0;0;0;0
FR;6;2021-02-02;0;0;0;0;0;0;0;0;0;0;0;0;0;0;0;0;0;0
FR;6;2021-02-03;0;0;0;0;0;0;0;0;0;0;0;0;0;0;0;0;0;0
FR;6;2021-02-04;0;0;0;0;0;0;0;0;0;0;0;0;0;0;0;0;0;0
FR;6;2021-02-05;0;0;0;0;0;0;0;0;0;0;0;0;0;0;0;0;0;0
FR;6;2021-02-06;0;0;0;0;0;0;0;0;0;0;0;0;0;0;0;0;0;0
FR;6;2021-02-07;0;0;0;0;0;0;0;0;0;0;0;0;0;0;0;0;0;0
FR;6;2021-02-08;0;0;0;0;0;0;0;0;0;0;0;0;0;0;0;0;0;0
FR;6;2021-02-09;0;0;0;0;0;0;0;0;0;0;0;0;0;0;0;0;0;0
FR;6;2021-02-10;0;0;0;0;0;0;0;0;0;0;0;0;0;0;0;0;0;0
FR;6;2021-02-11;0;0;0;0;0;0;0;0;0;0;0;0;0;0;0;0;0;0
FR;6;2021-02-12;0;0;0;0;0;0;0;0;0;0;0;0;0;0;0;0;0;0
FR;6;2021-02-13;0;0;0;0;0;0;0;0;0;0;0;0;0;0;0;0;0;0
FR;6;2021-02-14;0;0;0;0;0;0;0;0;0;0;0;0;0;0;0;0;0;0
FR;6;2021-02-15;0;0;0;0;0;0;0;0;0;0;0;0;0;0;0;0;0;0
FR;6;2021-02-16;0;0;0;0;0;0;0;0;0;0;0;0;0;0;0;0;0;0
FR;6;2021-02-17;0;0;0;0;0;0;0;0;0;0;0;0;0;0;0;0;0;0
FR;6;2021-02-18;0;0;0;0;0;0;0;0;0;0;0;0;0;0;0;0;0;0
FR;6;2021-02-19;0;0;0;0;0;0;0;0;0;0;0;0;0;0;0;0;0;0
FR;6;2021-02-20;0;0;0;0;0;0;0;0;0;0;0;0;0;0;0;0;0;0
FR;6;2021-02-21;0;0;0;0;0;0;0;0;0;0;0;0;0;0;0;0;0;0
FR;6;2021-02-22;0;0;0;0;0;0;0;0;0;0;0;0;0;0;0;0;0;0
FR;6;2021-02-23;0;0;0;0;0;0;0;0;0;0;0;0;0;0;0;0;0;0
FR;6;2021-02-24;0;0;0;0;0;0;0;0;0;0;0;0;0;0;0;0;0;0
FR;6;2021-02-25;0;0;0;0;0;0;0;0;0;0;0;0;0;0;0;0;0;0
FR;6;2021-02-26;0;0;0;0;0;0;0;0;0;0;0;0;0;0;0;0;0;0
FR;6;2021-02-27;0;0;0;0;0;0;0;0;0;0;0;0;0;0;0;0;0;0
FR;6;2021-02-28;0;0;0;0;0;0;0;0;0;0;0;0;0;0;0;0;0;0
FR;6;2021-03-01;0;0;0;0;0;0;0;0;0;0;0;0;0;0;0;0;0;0
FR;6;2021-03-02;0;0;0;0;0;0;0;0;0;0;0;0;0;0;0;0;0;0
FR;6;2021-03-03;0;0;0;0;0;0;0;0;0;0;0;0;0;0;0;0;0;0
FR;6;2021-03-04;0;0;0;0;0;0;0;0;0;0;0;0;0;0;0;0;0;0
FR;6;2021-03-05;0;0;0;0;0;0;0;0;0;0;0;0;0;0;0;0;0;0
FR;6;2021-03-06;0;0;0;0;0;0;0;0;0;0;0;0;0;0;0;0;0;0
FR;6;2021-03-07;0;0;0;0;0;0;0;0;0;0;0;0;0;0;0;0;0;0
FR;6;2021-03-08;0;0;0;0;0;0;0;0;0;0;0;0;0;0;0;0;0;0
FR;6;2021-03-09;0;0;0;0;0;0;0;0;0;0;0;0;0;0;0;0;0;0
FR;6;2021-03-10;0;0;0;0;0;0;0;0;0;0;0;0;0;0;0;0;0;0
FR;6;2021-03-11;0;0;0;0;0;0;0;0;0;0;0;0;0;0;0;0;0;0
FR;6;2021-03-12;0;0;0;0;0;0;0;0;0;0;0;0;0;0;0;0;0;0
FR;6;2021-03-13;0;0;0;0;0;0;0;0;0;0;0;0;0;0;0;0;0;0
FR;6;2021-03-14;0;0;0;0;0;0;0;0;0;0;0;0;0;0;0;0;0;0
FR;6;2021-03-15;0;0;0;0;0;0;0;0;0;0;0;0;0;0;0;0;0;0
FR;6;2021-03-16;0;0;0;0;0;0;0;0;0;0;0;0;0;0;0;0;0;0
FR;6;2021-03-17;0;0;0;0;0;0;0;0;0;0;0;0;0;0;0;0;0;0
FR;6;2021-03-18;0;0;0;0;0;0;0;0;0;0;0;0;0;0;0;0;0;0
FR;6;2021-03-19;0;0;0;0;0;0;0;0;0;0;0;0;0;0;0;0;0;0
FR;6;2021-03-20;0;0;0;0;0;0;0;0;0;0;0;0;0;0;0;0;0;0
FR;6;2021-03-21;0;0;0;0;0;0;0;0;0;0;0;0;0;0;0;0;0;0
FR;6;2021-03-22;0;0;0;0;0;0;0;0;0;0;0;0;0;0;0;0;0;0
FR;6;2021-03-23;0;0;0;0;0;0;0;0;0;0;0;0;0;0;0;0;0;0
FR;6;2021-03-24;0;0;0;0;0;0;0;0;0;0;0;0;0;0;0;0;0;0
FR;6;2021-03-25;0;0;0;0;0;0;0;0;0;0;0;0;0;0;0;0;0;0
FR;6;2021-03-26;0;0;0;0;0;0;0;0;0;0;0;0;0;0;0;0;0;0
FR;6;2021-03-27;0;0;0;0;0;0;0;0;0;0;0;0;0;0;0;0;0;0
FR;6;2021-03-28;0;0;0;0;0;0;0;0;0;0;0;0;0;0;0;0;0;0
FR;6;2021-03-29;0;0;0;0;0;0;0;0;0;0;0;0;0;0;0;0;0;0
FR;6;2021-03-30;0;0;0;0;0;0;0;0;0;0;0;0;0;0;0;0;0;0
FR;6;2021-03-31;0;0;0;0;0;0;0;0;0;0;0;0;0;0;0;0;0;0
FR;6;2021-04-01;0;0;0;0;0;0;0;0;0;0;0;0;0;0;0;0;0;0
FR;6;2021-04-02;0;0;0;0;0;0;0;0;0;0;0;0;0;0;0;0;0;0
FR;6;2021-04-03;0;0;0;0;0;0;0;0;0;0;0;0;0;0;0;0;0;0
FR;6;2021-04-04;0;0;0;0;0;0;0;0;0;0;0;0;0;0;0;0;0;0
FR;6;2021-04-05;0;0;0;0;0;0;0;0;0;0;0;0;0;0;0;0;0;0
FR;6;2021-04-06;0;0;0;0;0;0;0;0;0;0;0;0;0;0;0;0;0;0
FR;6;2021-04-07;0;0;0;0;0;0;0;0;0;0;0;0;0;0;0;0;0;0
FR;6;2021-04-08;0;0;0;0;0;0;0;0;0;0;0;0;0;0;0;0;0;0
FR;6;2021-04-09;0;0;0;0;0;0;0;0;0;0;0;0;0;0;0;0;0;0
FR;6;2021-04-10;0;0;0;0;0;0;0;0;0;0;0;0;0;0;0;0;0;0
FR;6;2021-04-11;0;0;0;0;0;0;0;0;0;0;0;0;0;0;0;0;0;0
FR;6;2021-04-12;0;0;0;0;0;0;0;0;0;0;0;0;0;0;0;0;0;0
FR;6;2021-04-13;0;0;0;0;0;0;0;0;0;0;0;0;0;0;0;0;0;0
FR;6;2021-04-14;0;0;0;0;0;0;0;0;0;0;0;0;0;0;0;0;0;0
FR;6;2021-04-15;0;0;0;0;0;0;0;0;0;0;0;0;0;0;0;0;0;0
FR;6;2021-04-16;0;0;0;0;0;0;0;0;0;0;0;0;0;0;0;0;0;0
FR;6;2021-04-17;0;0;0;0;0;0;0;0;0;0;0;0;0;0;0;0;0;0
FR;6;2021-04-18;0;0;0;0;0;0;0;0;0;0;0;0;0;0;0;0;0;0
FR;6;2021-04-19;0;0;0;0;0;0;0;0;0;0;0;0;0;0;0;0;0;0
FR;6;2021-04-20;0;0;0;0;0;0;0;0;0;0;0;0;0;0;0;0;0;0
FR;6;2021-04-21;0;0;0;0;0;0;0;0;0;0;0;0;0;0;0;0;0;0
FR;6;2021-04-22;0;0;0;0;0;0;0;0;0;0;0;0;0;0;0;0;0;0
FR;6;2021-04-23;0;0;0;0;0;0;0;0;0;0;0;0;0;0;0;0;0;0
FR;6;2021-04-24;0;0;0;0;0;0;0;0;0;0;0;0;0;0;0;0;0;0
FR;6;2021-04-25;0;0;0;0;0;0;0;0;0;0;0;0;0;0;0;0;0;0
FR;6;2021-04-26;0;0;0;0;0;0;0;0;0;0;0;0;0;0;0;0;0;0
FR;6;2021-04-27;0;0;0;0;0;0;0;0;0;0;0;0;0;0;0;0;0;0
FR;6;2021-04-28;0;0;0;0;0;0;0;0;0;0;0;0;0;0;0;0;0;0
FR;6;2021-04-29;0;0;0;0;0;0;0;0;0;0;0;0;0;0;0;0;0;0
FR;6;2021-04-30;0;0;0;0;0;0;0;0;0;0;0;0;0;0;0;0;0;0
FR;6;2021-05-01;0;0;0;0;0;0;0;0;0;0;0;0;0;0;0;0;0;0
FR;6;2021-05-02;0;0;0;0;0;0;0;0;0;0;0;0;0;0;0;0;0;0
FR;6;2021-05-03;0;0;0;0;0;0;0;0;0;0;0;0;0;0;0;0;0;0
FR;6;2021-05-04;0;0;0;0;0;0;0;0;0;0;0;0;0;0;0;0;0;0
FR;6;2021-05-05;0;0;0;0;0;0;0;0;0;0;0;0;0;0;0;0;0;0
FR;6;2021-05-06;0;0;0;0;0;0;0;0;0;0;0;0;0;0;0;0;0;0
FR;6;2021-05-07;0;0;0;0;0;0;0;0;0;0;0;0;0;0;0;0;0;0
FR;6;2021-05-08;0;0;0;0;0;0;0;0;0;0;0;0;0;0;0;0;0;0
FR;6;2021-05-09;0;0;0;0;0;0;0;0;0;0;0;0;0;0;0;0;0;0
FR;6;2021-05-10;0;0;0;0;0;0;0;0;0;0;0;0;0;0;0;0;0;0
FR;6;2021-05-11;0;0;0;0;0;0;0;0;0;0;0;0;0;0;0;0;0;0
FR;6;2021-05-12;0;0;0;0;0;0;0;0;0;0;0;0;0;0;0;0;0;0
FR;6;2021-05-13;0;0;0;0;0;0;0;0;0;0;0;0;0;0;0;0;0;0
FR;6;2021-05-14;0;0;0;0;0;0;0;0;0;0;0;0;0;0;0;0;0;0
FR;6;2021-05-15;0;0;0;0;0;0;0;0;0;0;0;0;0;0;0;0;0;0
FR;6;2021-05-16;0;0;0;0;0;0;0;0;0;0;0;0;0;0;0;0;0;0
FR;6;2021-05-17;0;0;0;0;0;0;0;0;0;0;0;0;0;0;0;0;0;0
FR;6;2021-05-18;0;0;0;0;0;0;0;0;0;0;0;0;0;0;0;0;0;0
FR;6;2021-05-19;0;0;0;0;0;0;0;0;0;0;0;0;0;0;0;0;0;0
FR;6;2021-05-20;0;0;0;0;0;0;0;0;0;0;0;0;0;0;0;0;0;0
FR;6;2021-05-21;0;0;0;0;0;0;0;0;0;0;0;0;0;0;0;0;0;0
FR;6;2021-05-22;0;0;0;0;0;0;0;0;0;0;0;0;0;0;0;0;0;0
FR;6;2021-05-23;0;0;0;0;0;0;0;0;0;0;0;0;0;0;0;0;0;0
FR;6;2021-05-24;0;0;0;0;0;0;0;0;0;0;0;0;0;0;0;0;0;0
FR;6;2021-05-25;0;0;0;0;0;0;0;0;0;0;0;0;0;0;0;0;0;0
FR;6;2021-05-26;0;0;0;0;0;0;0;0;0;0;0;0;0;0;0;0;0;0
FR;6;2021-05-27;0;0;0;0;0;0;0;0;0;0;0;0;0;0;0;0;0;0
FR;6;2021-05-28;0;0;0;0;0;0;0;0;0;0;0;0;0;0;0;0;0;0
FR;6;2021-05-29;0;0;0;0;0;0;0;0;0;0;0;0;0;0;0;0;0;0
FR;6;2021-05-30;0;0;0;0;0;0;0;0;0;0;0;0;0;0;0;0;0;0
FR;6;2021-05-31;0;0;0;0;0;0;0;0;0;0;0;0;0;0;0;0;0;0
FR;6;2021-06-01;0;0;0;0;0;0;0;0;0;0;0;0;0;0;0;0;0;0
FR;6;2021-06-02;0;0;0;0;0;0;0;0;0;0;0;0;0;0;0;0;0;0
FR;6;2021-06-03;0;0;0;0;0;0;0;0;0;0;0;0;0;0;0;0;0;0
FR;6;2021-06-04;0;0;0;0;0;0;0;0;0;0;0;0;0;0;0;0;0;0
FR;6;2021-06-05;0;0;0;0;0;0;0;0;0;0;0;0;0;0;0;0;0;0
FR;6;2021-06-06;0;0;0;0;0;0;0;0;0;0;0;0;0;0;0;0;0;0
FR;6;2021-06-07;0;0;0;0;0;0;0;0;0;0;0;0;0;0;0;0;0;0
FR;6;2021-06-08;0;0;0;0;0;0;0;0;0;0;0;0;0;0;0;0;0;0
FR;6;2021-06-09;0;0;0;0;0;0;0;0;0;0;0;0;0;0;0;0;0;0
FR;6;2021-06-10;0;0;0;0;0;0;0;0;0;0;0;0;0;0;0;0;0;0
FR;6;2021-06-11;0;0;0;0;0;0;0;0;0;0;0;0;0;0;0;0;0;0
FR;6;2021-06-12;0;0;0;0;0;0;0;0;0;0;0;0;0;0;0;0;0;0
FR;6;2021-06-13;0;0;0;0;0;0;0;0;0;0;0;0;0;0;0;0;0;0
FR;6;2021-06-14;0;0;0;0;0;0;0;0;0;0;0;0;0;0;0;0;0;0
FR;6;2021-06-15;0;0;0;0;0;0;0;0;0;0;0;0;0;0;0;0;0;0
FR;6;2021-06-16;0;0;0;0;0;0;0;0;0;0;0;0;0;0;0;0;0;0
FR;6;2021-06-17;0;0;0;0;0;0;0;0;0;0;0;0;0;0;0;0;0;0
FR;6;2021-06-18;0;0;0;0;0;0;0;0;0;0;0;0;0;0;0;0;0;0
FR;6;2021-06-19;0;0;0;0;0;0;0;0;0;0;0;0;0;0;0;0;0;0
FR;6;2021-06-20;0;0;0;0;0;0;0;0;0;0;0;0;0;0;0;0;0;0
FR;6;2021-06-21;0;0;0;0;0;0;0;0;0;0;0;0;0;0;0;0;0;0
FR;6;2021-06-22;0;0;0;0;0;0;0;0;0;0;0;0;0;0;0;0;0;0
FR;6;2021-06-23;0;0;0;0;0;0;0;0;0;0;0;0;0;0;0;0;0;0
FR;6;2021-06-24;0;0;0;0;0;0;0;0;0;0;0;0;0;0;0;0;0;0
FR;6;2021-06-25;0;0;0;0;0;0;0;0;0;0;0;0;0;0;0;0;0;0
FR;6;2021-06-26;0;0;0;0;0;0;0;0;0;0;0;0;0;0;0;0;0;0
FR;6;2021-06-27;0;0;0;0;0;0;0;0;0;0;0;0;0;0;0;0;0;0
FR;6;2021-06-28;0;0;0;0;0;0;0;0;0;0;0;0;0;0;0;0;0;0
FR;6;2021-06-29;0;0;0;0;0;0;0;0;0;0;0;0;0;0;0;0;0;0
FR;6;2021-06-30;0;0;0;0;0;0;0;0;0;0;0;0;0;0;0;0;0;0
FR;6;2021-07-01;0;0;0;0;0;0;0;0;0;0;0;0;0;0;0;0;0;0
FR;6;2021-07-02;0;0;0;0;0;0;0;0;0;0;0;0;0;0;0;0;0;0
FR;6;2021-07-03;0;0;0;0;0;0;0;0;0;0;0;0;0;0;0;0;0;0
FR;6;2021-07-04;0;0;0;0;0;0;0;0;0;0;0;0;0;0;0;0;0;0
FR;6;2021-07-05;0;0;0;0;0;0;0;0;0;0;0;0;0;0;0;0;0;0
FR;6;2021-07-06;0;0;0;0;0;0;0;0;0;0;0;0;0;0;0;0;0;0
FR;6;2021-07-07;0;0;0;0;0;0;0;0;0;0;0;0;0;0;0;0;0;0
FR;6;2021-07-08;0;0;0;0;0;0;0;0;0;0;0;0;0;0;0;0;0;0
FR;6;2021-07-09;0;0;0;0;0;0;0;0;0;0;0;0;0;0;0;0;0;0
FR;6;2021-07-10;0;0;0;0;0;0;0;0;0;0;0;0;0;0;0;0;0;0
FR;6;2021-07-11;0;0;0;0;0;0;0;0;0;0;0;0;0;0;0;0;0;0
FR;6;2021-07-12;0;0;0;0;0;0;0;0;0;0;0;0;0;0;0;0;0;0
FR;6;2021-07-13;0;0;0;0;0;0;0;0;0;0;0;0;0;0;0;0;0;0
FR;6;2021-07-14;0;0;0;0;0;0;0;0;0;0;0;0;0;0;0;0;0;0
FR;6;2021-07-15;0;0;0;0;0;0;0;0;0;0;0;0;0;0;0;0;0;0
FR;6;2021-07-16;0;0;0;0;0;0;0;0;0;0;0;0;0;0;0;0;0;0
FR;6;2021-07-17;0;0;0;0;0;0;0;0;0;0;0;0;0;0;0;0;0;0
FR;6;2021-07-18;0;0;0;0;0;0;0;0;0;0;0;0;0;0;0;0;0;0
FR;6;2021-07-19;0;0;0;0;0;0;0;0;0;0;0;0;0;0;0;0;0;0
FR;6;2021-07-20;0;0;0;0;0;0;0;0;0;0;0;0;0;0;0;0;0;0
FR;6;2021-07-21;0;0;0;0;0;0;0;0;0;0;0;0;0;0;0;0;0;0
FR;6;2021-07-22;0;0;0;0;0;0;0;0;0;0;0;0;0;0;0;0;0;0
FR;6;2021-07-23;0;0;0;0;0;0;0;0;0;0;0;0;0;0;0;0;0;0
FR;6;2021-07-24;0;0;0;0;0;0;0;0;0;0;0;0;0;0;0;0;0;0
FR;6;2021-07-25;0;0;0;0;0;0;0;0;0;0;0;0;0;0;0;0;0;0
FR;6;2021-07-26;0;0;0;0;0;0;0;0;0;0;0;0;0;0;0;0;0;0
FR;6;2021-07-27;0;0;0;0;0;0;0;0;0;0;0;0;0;0;0;0;0;0
FR;6;2021-07-28;0;0;0;0;0;0;0;0;0;0;0;0;0;0;0;0;0;0
FR;6;2021-07-29;0;0;0;0;0;0;0;0;0;0;0;0;0;0;0;0;0;0
FR;6;2021-07-30;0;0;0;0;0;0;0;0;0;0;0;0;0;0;0;0;0;0
FR;6;2021-07-31;0;0;0;0;0;0;0;0;0;0;0;0;0;0;0;0;0;0
FR;6;2021-08-01;0;0;0;0;0;0;0;0;0;0;0;0;0;0;0;0;0;0
FR;6;2021-08-02;0;0;0;0;0;0;0;0;0;0;0;0;0;0;0;0;0;0
FR;6;2021-08-03;0;0;0;0;0;0;0;0;0;0;0;0;0;0;0;0;0;0
FR;6;2021-08-04;0;0;0;0;0;0;0;0;0;0;0;0;0;0;0;0;0;0
FR;6;2021-08-05;0;0;0;0;0;0;0;0;0;0;0;0;0;0;0;0;0;0
FR;6;2021-08-06;0;0;0;0;0;0;0;0;0;0;0;0;0;0;0;0;0;0
FR;6;2021-08-07;0;0;0;0;0;0;0;0;0;0;0;0;0;0;0;0;0;0
FR;6;2021-08-08;0;0;0;0;0;0;0;0;0;0;0;0;0;0;0;0;0;0
FR;6;2021-08-09;0;0;0;0;0;0;0;0;0;0;0;0;0;0;0;0;0;0
FR;6;2021-08-10;0;0;0;0;0;0;0;0;0;0;0;0;0;0;0;0;0;0
FR;6;2021-08-11;0;0;0;0;0;0;0;0;0;0;0;0;0;0;0;0;0;0
FR;6;2021-08-12;0;0;0;0;0;0;0;0;0;0;0;0;0;0;0;0;0;0
FR;6;2021-08-13;0;0;0;0;0;0;0;0;0;0;0;0;0;0;0;0;0;0
FR;6;2021-08-14;0;0;0;0;0;0;0;0;0;0;0;0;0;0;0;0;0;0
FR;6;2021-08-15;0;0;0;0;0;0;0;0;0;0;0;0;0;0;0;0;0;0
FR;6;2021-08-16;0;0;0;0;0;0;0;0;0;0;0;0;0;0;0;0;0;0
FR;6;2021-08-17;0;0;0;0;0;0;0;0;0;0;0;0;0;0;0;0;0;0
FR;6;2021-08-18;0;0;0;0;0;0;0;0;0;0;0;0;0;0;0;0;0;0
FR;6;2021-08-19;0;0;0;0;0;0;0;0;0;0;0;0;0;0;0;0;0;0
FR;6;2021-08-20;0;0;0;0;0;0;0;0;0;0;0;0;0;0;0;0;0;0
FR;6;2021-08-21;0;0;0;0;0;0;0;0;0;0;0;0;0;0;0;0;0;0
FR;6;2021-08-22;0;0;0;0;0;0;0;0;0;0;0;0;0;0;0;0;0;0
FR;6;2021-08-23;0;0;0;0;0;0;0;0;0;0;0;0;0;0;0;0;0;0
FR;6;2021-08-24;0;0;0;0;0;0;0;0;0;0;0;0;0;0;0;0;0;0
FR;6;2021-08-25;0;0;0;0;0;0;0;0;0;0;0;0;0;0;0;0;0;0
FR;6;2021-08-26;0;0;0;0;0;0;0;0;0;0;0;0;0;0;0;0;0;0
FR;6;2021-08-27;0;0;0;0;0;0;0;0;0;0;0;0;0;0;0;0;0;0
FR;6;2021-08-28;0;0;0;0;0;0;0;0;0;0;0;0;0;0;0;0;0;0
FR;6;2021-08-29;0;0;0;0;0;0;0;0;0;0;0;0;0;0;0;0;0;0
FR;6;2021-08-30;0;0;0;0;0;0;0;0;0;0;0;0;0;0;0;0;0;0
FR;6;2021-08-31;0;0;0;0;0;0;0;0;0;0;0;0;0;0;0;0;0;0
FR;6;2021-09-01;0;0;0;0;0;0;0;0;0;0;0;0;0;0;0;0;0;0
FR;6;2021-09-02;0;0;0;0;0;0;0;0;0;0;0;0;0;0;0;0;0;0
FR;6;2021-09-03;0;0;0;0;0;0;0;0;0;0;0;0;0;0;0;0;0;0
FR;6;2021-09-04;0;0;0;0;0;0;0;0;0;0;0;0;0;0;0;0;0;0
FR;6;2021-09-05;0;0;0;0;0;0;0;0;0;0;0;0;0;0;0;0;0;0
FR;6;2021-09-06;0;0;0;0;0;0;0;0;0;0;0;0;0;0;0;0;0;0
FR;6;2021-09-07;0;0;0;0;0;0;0;0;0;0;0;0;0;0;0;0;0;0
FR;6;2021-09-08;0;0;0;0;0;0;0;0;0;0;0;0;0;0;0;0;0;0
FR;6;2021-09-09;0;0;0;0;0;0;0;0;0;0;0;0;0;0;0;0;0;0
FR;6;2021-09-10;0;0;0;0;0;0;0;0;0;0;0;0;0;0;0;0;0;0
FR;6;2021-09-11;0;0;0;0;0;0;0;0;0;0;0;0;0;0;0;0;0;0
FR;6;2021-09-12;0;0;0;0;0;0;0;0;0;0;0;0;0;0;0;0;0;0
FR;6;2021-09-13;0;0;0;0;0;0;0;0;0;0;0;0;0;0;0;0;0;0
FR;6;2021-09-14;0;0;0;0;0;0;0;0;0;0;0;0;0;0;0;0;0;0
FR;6;2021-09-15;0;0;0;0;0;0;0;0;0;0;0;0;0;0;0;0;0;0
FR;6;2021-09-16;0;0;0;0;0;0;0;0;0;0;0;0;0;0;0;0;0;0
FR;6;2021-09-17;0;0;0;0;0;0;0;0;0;0;0;0;0;0;0;0;0;0
FR;6;2021-09-18;0;0;0;0;0;0;0;0;0;0;0;0;0;0;0;0;0;0
FR;6;2021-09-19;0;0;0;0;0;0;0;0;0;0;0;0;0;0;0;0;0;0
FR;6;2021-09-20;0;0;0;0;0;0;0;0;0;0;0;0;0;0;0;0;0;0
FR;6;2021-09-21;0;0;0;0;0;0;0;0;0;0;0;0;0;0;0;0;0;0
FR;6;2021-09-22;0;0;0;0;0;0;0;0;0;0;0;0;0;0;0;0;0;0
FR;6;2021-09-23;0;0;0;0;0;0;0;0;0;0;0;0;0;0;0;0;0;0
FR;6;2021-09-24;0;0;0;0;0;0;0;0;0;0;0;0;0;0;0;0;0;0
FR;6;2021-09-25;0;0;0;0;0;0;0;0;0;0;0;0;0;0;0;0;0;0
FR;6;2021-09-26;0;0;0;0;0;0;0;0;0;0;0;0;0;0;0;0;0;0
FR;6;2021-09-27;0;0;0;0;0;0;0;0;0;0;0;0;0;0;0;0;0;0
FR;6;2021-09-28;0;0;0;0;0;0;0;0;0;0;0;0;0;0;0;0;0;0
FR;6;2021-09-29;0;0;0;0;0;0;0;0;0;0;0;0;0;0;0;0;0;0
FR;6;2021-09-30;0;0;0;0;0;0;0;0;0;0;0;0;0;0;0;0;0;0
FR;6;2021-10-01;0;0;0;0;0;0;0;0;0;0;0;0;0;0;0;0;0;0
FR;6;2021-10-02;0;0;0;0;0;0;0;0;0;0;0;0;0;0;0;0;0;0
FR;6;2021-10-03;0;0;0;0;0;0;0;0;0;0;0;0;0;0;0;0;0;0
FR;6;2021-10-04;0;0;0;0;0;0;0;0;0;0;0;0;0;0;0;0;0;0
FR;6;2021-10-05;0;0;0;0;0;0;0;0;0;0;0;0;0;0;0;0;0;0
FR;6;2021-10-06;0;0;0;0;0;0;0;0;0;0;0;0;0;0;0;0;0;0
FR;6;2021-10-07;0;0;0;0;0;0;0;0;0;0;0;0;0;0;0;0;0;0
FR;6;2021-10-08;0;0;0;0;0;0;0;0;0;0;0;0;0;0;0;0;0;0
FR;6;2021-10-09;0;0;0;0;0;0;0;0;0;0;0;0;0;0;0;0;0;0
FR;6;2021-10-10;0;0;0;0;0;0;0;0;0;0;0;0;0;0;0;0;0;0
FR;6;2021-10-11;0;0;0;0;0;0;0;0;0;0;0;0;0;0;0;0;0;0
FR;6;2021-10-12;0;0;0;0;0;0;0;0;0;0;0;0;0;0;0;0;0;0
FR;6;2021-10-13;0;0;0;0;0;0;0;0;0;0;0;0;0;0;0;0;0;0
FR;6;2021-10-14;0;0;0;0;0;0;0;0;0;0;0;0;0;0;0;0;0;0
FR;6;2021-10-15;0;0;0;0;0;0;0;0;0;0;0;0;0;0;0;0;0;0
FR;6;2021-10-16;0;0;0;0;0;0;0;0;0;0;0;0;0;0;0;0;0;0
FR;6;2021-10-17;0;0;0;0;0;0;0;0;0;0;0;0;0;0;0;0;0;0
FR;6;2021-10-18;0;0;0;0;0;0;0;0;0;0;0;0;0;0;0;0;0;0
FR;6;2021-10-19;0;0;0;0;0;0;0;0;0;0;0;0;0;0;0;0;0;0
FR;6;2021-10-20;0;0;0;0;0;0;0;0;0;0;0;0;0;0;0;0;0;0
FR;6;2021-10-21;0;0;0;0;0;0;0;0;0;0;0;0;0;0;0;0;0;0
FR;6;2021-10-22;0;0;0;0;0;0;0;0;0;0;0;0;0;0;0;0;0;0
FR;6;2021-10-23;0;0;0;0;0;0;0;0;0;0;0;0;0;0;0;0;0;0
FR;6;2021-10-24;0;0;0;0;0;0;0;0;0;0;0;0;0;0;0;0;0;0
FR;6;2021-10-25;0;0;0;0;0;0;0;0;0;0;0;0;0;0;0;0;0;0
FR;6;2021-10-26;0;0;0;0;0;0;0;0;0;0;0;0;0;0;0;0;0;0
FR;6;2021-10-27;0;0;0;0;0;0;0;0;0;0;0;0;0;0;0;0;0;0
FR;6;2021-10-28;0;0;0;0;0;0;0;0;0;0;0;0;0;0;0;0;0;0
FR;6;2021-10-29;0;0;0;0;0;0;0;0;0;0;0;0;0;0;0;0;0;0
FR;6;2021-10-30;0;0;0;0;0;0;0;0;0;0;0;0;0;0;0;0;0;0
FR;6;2021-10-31;0;0;0;0;0;0;0;0;0;0;0;0;0;0;0;0;0;0
FR;6;2021-11-01;0;0;0;0;0;0;0;0;0;0;0;0;0;0;0;0;0;0
FR;6;2021-11-02;0;0;0;0;0;0;0;0;0;0;0;0;0;0;0;0;0;0
FR;6;2021-11-03;0;0;0;0;0;0;0;0;0;0;0;0;0;0;0;0;0;0
FR;6;2021-11-04;0;0;0;0;0;0;0;0;0;0;0;0;0;0;0;0;0;0
FR;6;2021-11-05;0;0;0;0;0;0;0;0;0;0;0;0;0;0;0;0;0;0
FR;6;2021-11-06;0;0;0;0;0;0;0;0;0;0;0;0;0;0;0;0;0;0
FR;6;2021-11-07;0;0;0;0;0;0;0;0;0;0;0;0;0;0;0;0;0;0
FR;6;2021-11-08;0;0;0;0;0;0;0;0;0;0;0;0;0;0;0;0;0;0
FR;6;2021-11-09;0;0;0;0;0;0;0;0;0;0;0;0;0;0;0;0;0;0
FR;6;2021-11-10;0;0;0;0;0;0;0;0;0;0;0;0;0;0;0;0;0;0
FR;6;2021-11-11;0;0;0;0;0;0;0;0;0;0;0;0;0;0;0;0;0;0
FR;6;2021-11-12;0;0;0;0;0;0;0;0;0;0;0;0;0;0;0;0;0;0
FR;6;2021-11-13;0;0;0;0;0;0;0;0;0;0;0;0;0;0;0;0;0;0
FR;6;2021-11-14;0;0;0;0;0;0;0;0;0;0;0;0;0;0;0;0;0;0
FR;6;2021-11-15;0;0;0;0;0;0;0;0;0;0;0;0;0;0;0;0;0;0
FR;6;2021-11-16;0;0;0;0;0;0;0;0;0;0;0;0;0;0;0;0;0;0
FR;6;2021-11-17;0;0;0;0;0;0;0;0;0;0;0;0;0;0;0;0;0;0
FR;6;2021-11-18;0;0;0;0;0;0;0;0;0;0;0;0;0;0;0;0;0;0
FR;6;2021-11-19;0;0;0;0;0;0;0;0;0;0;0;0;0;0;0;0;0;0
FR;6;2021-11-20;0;0;0;0;0;0;0;0;0;0;0;0;0;0;0;0;0;0
FR;6;2021-11-21;0;0;0;0;0;0;0;0;0;0;0;0;0;0;0;0;0;0
FR;6;2021-11-22;0;0;0;0;0;0;0;0;0;0;0;0;0;0;0;0;0;0
FR;6;2021-11-23;0;0;0;0;0;0;0;0;0;0;0;0;0;0;0;0;0;0
FR;6;2021-11-24;0;0;0;0;0;0;0;0;0;0;0;0;0;0;0;0;0;0
FR;6;2021-11-25;0;0;0;0;0;0;0;0;0;0;0;0;0;0;0;0;0;0
FR;6;2021-11-26;0;0;0;0;0;0;0;0;0;0;0;0;0;0;0;0;0;0
FR;6;2021-11-27;0;0;0;0;0;0;0;0;0;0;0;0;0;0;0;0;0;0
FR;6;2021-11-28;0;0;0;0;0;0;0;0;0;0;0;0;0;0;0;0;0;0
FR;6;2021-11-29;0;0;0;0;0;0;0;0;0;0;0;0;0;0;0;0;0;0
FR;6;2021-11-30;0;0;0;0;0;0;0;0;0;0;0;0;0;0;0;0;0;0
FR;6;2021-12-01;0;0;0;0;0;0;0;0;0;0;0;0;0;0;0;0;0;0
FR;6;2021-12-02;0;0;0;0;0;0;0;0;0;0;0;0;0;0;0;0;0;0
FR;6;2021-12-03;0;0;0;0;0;0;0;0;0;0;0;0;0;0;0;0;0;0
FR;6;2021-12-04;0;0;0;0;0;0;0;0;0;0;0;0;0;0;0;0;0;0
FR;6;2021-12-05;0;0;0;0;0;0;0;0;0;0;0;0;0;0;0;0;0;0
FR;6;2021-12-06;0;0;0;0;0;0;0;0;0;0;0;0;0;0;0;0;0;0
FR;6;2021-12-07;0;0;0;0;0;0;0;0;0;0;0;0;0;0;0;0;0;0
FR;6;2021-12-08;0;0;0;0;0;0;0;0;0;0;0;0;0;0;0;0;0;0
FR;6;2021-12-09;0;0;0;0;0;0;0;0;0;0;0;0;0;0;0;0;0;0
FR;6;2021-12-10;0;0;0;0;0;0;0;0;0;0;0;0;0;0;0;0;0;0
FR;6;2021-12-11;0;0;0;0;0;0;0;0;0;0;0;0;0;0;0;0;0;0
FR;6;2021-12-12;0;0;0;0;0;0;0;0;0;0;0;0;0;0;0;0;0;0
FR;6;2021-12-13;0;0;0;0;0;0;0;0;0;0;0;0;0;0;0;0;0;0
FR;6;2021-12-14;0;0;0;0;0;0;0;0;0;0;0;0;0;0;0;0;0;0
FR;6;2021-12-15;0;0;0;0;0;0;0;0;0;0;0;0;0;0;0;0;0;0
FR;6;2021-12-16;0;0;0;0;0;0;0;0;0;0;0;0;0;0;0;0;0;0
FR;6;2021-12-17;0;0;0;0;0;0;0;0;0;0;0;0;0;0;0;0;0;0
FR;6;2021-12-18;0;0;0;0;0;0;0;0;0;0;0;0;0;0;0;0;0;0
FR;6;2021-12-19;0;0;0;0;0;0;0;0;0;0;0;0;0;0;0;0;0;0
FR;6;2021-12-20;0;0;0;0;0;0;0;0;0;0;0;0;0;0;0;0;0;0
FR;6;2021-12-21;0;0;0;0;0;0;0;0;0;0;0;0;0;0;0;0;0;0
FR;6;2021-12-22;0;0;0;0;0;0;0;0;0;0;0;0;0;0;0;0;0;0
FR;6;2021-12-23;0;0;0;0;0;0;0;0;0;0;0;0;0;0;0;0;0;0
FR;6;2021-12-24;0;0;0;0;0;0;0;0;0;0;0;0;0;0;0;0;0;0
FR;6;2021-12-25;0;0;0;0;0;0;0;0;0;0;0;0;0;0;0;0;0;0
FR;6;2021-12-26;0;0;0;0;0;0;0;0;0;0;0;0;0;0;0;0;0;0
FR;6;2021-12-27;0;0;0;0;0;0;0;0;0;0;0;0;0;0;0;0;0;0
FR;6;2021-12-28;0;0;0;0;0;0;0;0;0;0;0;0;0;0;0;0;0;0
FR;6;2021-12-29;0;0;0;0;0;0;0;0;0;0;0;0;0;0;0;0;0;0
FR;6;2021-12-30;0;0;0;0;0;0;0;0;0;0;0;0;0;0;0;0;0;0
FR;6;2021-12-31;0;0;0;0;0;0;0;0;0;0;0;0;0;0;0;0;0;0
FR;6;2022-01-01;0;0;0;0;0;0;0;0;0;0;0;0;0;0;0;0;0;0
FR;6;2022-01-02;0;0;0;0;0;0;0;0;0;0;0;0;0;0;0;0;0;0
FR;6;2022-01-03;0;0;0;0;0;0;0;0;0;0;0;0;0;0;0;0;0;0
FR;6;2022-01-04;0;0;0;0;0;0;0;0;0;0;0;0;0;0;0;0;0;0
FR;6;2022-01-05;0;0;0;0;0;0;0;0;0;0;0;0;0;0;0;0;0;0
FR;6;2022-01-06;0;0;0;0;0;0;0;0;0;0;0;0;0;0;0;0;0;0
FR;6;2022-01-07;0;0;0;0;0;0;0;0;0;0;0;0;0;0;0;0;0;0
FR;6;2022-01-08;0;0;0;0;0;0;0;0;0;0;0;0;0;0;0;0;0;0
FR;6;2022-01-09;0;0;0;0;0;0;0;0;0;0;0;0;0;0;0;0;0;0
FR;6;2022-01-10;0;0;0;0;0;0;0;0;0;0;0;0;0;0;0;0;0;0
FR;6;2022-01-11;0;0;0;0;0;0;0;0;0;0;0;0;0;0;0;0;0;0
FR;6;2022-01-12;0;0;0;0;0;0;0;0;0;0;0;0;0;0;0;0;0;0
FR;6;2022-01-13;0;0;0;0;0;0;0;0;0;0;0;0;0;0;0;0;0;0
FR;6;2022-01-14;0;0;0;0;0;0;0;0;0;0;0;0;0;0;0;0;0;0
FR;6;2022-01-15;0;0;0;0;0;0;0;0;0;0;0;0;0;0;0;0;0;0
FR;6;2022-01-16;0;0;0;0;0;0;0;0;0;0;0;0;0;0;0;0;0;0
FR;6;2022-01-17;0;0;0;0;0;0;0;0;0;0;0;0;0;0;0;0;0;0
FR;6;2022-01-18;0;0;0;0;0;0;0;0;0;0;0;0;0;0;0;0;0;0
FR;6;2022-01-19;0;0;0;0;0;0;0;0;0;0;0;0;0;0;0;0;0;0
FR;6;2022-01-20;0;0;0;0;0;0;0;0;0;0;0;0;0;0;0;0;0;0
FR;6;2022-01-21;0;0;0;0;0;0;0;0;0;0;0;0;0;0;0;0;0;0
FR;6;2022-01-22;0;0;0;0;0;0;0;0;0;0;0;0;0;0;0;0;0;0
FR;6;2022-01-23;0;0;0;0;0;0;0;0;0;0;0;0;0;0;0;0;0;0
FR;6;2022-01-24;0;0;0;0;0;0;0;0;0;0;0;0;0;0;0;0;0;0
FR;6;2022-01-25;0;0;0;0;0;0;0;0;0;0;0;0;0;0;0;0;0;0
FR;6;2022-01-26;0;0;0;0;0;0;0;0;0;0;0;0;0;0;0;0;0;0
FR;6;2022-01-27;0;0;0;0;0;0;0;0;0;0;0;0;0;0;0;0;0;0
FR;6;2022-01-28;0;0;0;0;0;0;0;0;0;0;0;0;0;0;0;0;0;0
FR;6;2022-01-29;0;0;0;0;0;0;0;0;0;0;0;0;0;0;0;0;0;0
FR;6;2022-01-30;0;0;0;0;0;0;0;0;0;0;0;0;0;0;0;0;0;0
FR;6;2022-01-31;0;0;0;0;0;0;0;0;0;0;0;0;0;0;0;0;0;0
FR;6;2022-02-01;0;0;0;0;0;0;0;0;0;0;0;0;0;0;0;0;0;0
FR;6;2022-02-02;0;0;0;0;0;0;0;0;0;0;0;0;0;0;0;0;0;0
FR;6;2022-02-03;0;0;0;0;0;0;0;0;0;0;0;0;0;0;0;0;0;0
FR;6;2022-02-04;0;0;0;0;0;0;0;0;0;0;0;0;0;0;0;0;0;0
FR;6;2022-02-05;0;0;0;0;0;0;0;0;0;0;0;0;0;0;0;0;0;0
FR;6;2022-02-06;0;0;0;0;0;0;0;0;0;0;0;0;0;0;0;0;0;0
FR;6;2022-02-07;0;0;0;0;0;0;0;0;0;0;0;0;0;0;0;0;0;0
FR;6;2022-02-08;0;0;0;0;0;0;0;0;0;0;0;0;0;0;0;0;0;0
FR;6;2022-02-09;0;0;0;0;0;0;0;0;0;0;0;0;0;0;0;0;0;0
FR;6;2022-02-10;0;0;0;0;0;0;0;0;0;0;0;0;0;0;0;0;0;0
FR;6;2022-02-11;0;0;0;0;0;0;0;0;0;0;0;0;0;0;0;0;0;0
FR;6;2022-02-12;0;0;0;0;0;0;0;0;0;0;0;0;0;0;0;0;0;0
FR;6;2022-02-13;0;0;0;0;0;0;0;0;0;0;0;0;0;0;0;0;0;0
FR;6;2022-02-14;0;0;0;0;0;0;0;0;0;0;0;0;0;0;0;0;0;0
FR;6;2022-02-15;0;0;0;0;0;0;0;0;0;0;0;0;0;0;0;0;0;0
FR;6;2022-02-16;0;0;0;0;0;0;0;0;0;0;0;0;0;0;0;0;0;0
FR;6;2022-02-17;0;0;0;0;0;0;0;0;0;0;0;0;0;0;0;0;0;0
FR;6;2022-02-18;0;0;0;0;0;0;0;0;0;0;0;0;0;0;0;0;0;0
FR;6;2022-02-19;0;0;0;0;0;0;0;0;0;0;0;0;0;0;0;0;0;0
FR;6;2022-02-20;0;0;0;0;0;0;0;0;0;0;0;0;0;0;0;0;0;0
FR;6;2022-02-21;0;0;0;0;0;0;0;0;0;0;0;0;0;0;0;0;0;0
FR;6;2022-02-22;0;0;0;0;0;0;0;0;0;0;0;0;0;0;0;0;0;0
FR;6;2022-02-23;0;0;0;0;0;0;0;0;0;0;0;0;0;0;0;0;0;0
FR;6;2022-02-24;0;0;0;0;0;0;0;0;0;0;0;0;0;0;0;0;0;0
FR;6;2022-02-25;0;0;0;0;0;0;0;0;0;0;0;0;0;0;0;0;0;0
FR;6;2022-02-26;1;0;0;0;0;0;0;0;0;1;0;0;0;0;0;0;0;0
FR;6;2022-02-27;0;0;0;0;0;0;0;0;0;1;0;0;0;0;0;0;0;0
FR;6;2022-02-28;0;0;0;0;0;0;0;0;0;1;0;0;0;0;0;0;0;0
FR;6;2022-03-01;3;0;0;0;0;0;0;0;0;4;0;0;0;0;0;0;0;0
FR;6;2022-03-02;97;9;2;0;15;7;0;0;0;101;9;2;0;15;7;0;0;0
FR;6;2022-03-03;0;0;0;0;0;0;0;0;0;101;9;2;0;15;7;0;0;0
FR;6;2022-03-04;92;4;0;0;8;4;0;0;0;193;13;2;0;23;11;0;0;0
FR;6;2022-03-05;391;23;2;0;60;14;0;0;0;584;36;4;0;83;25;0;0;0
FR;6;2022-03-06;7;1;0;0;2;0;0;0;0;591;37;4;0;85;25;0;0;0
FR;6;2022-03-07;337;19;0;0;51;13;0;0;0;928;56;4;0;136;38;0;0;0
FR;6;2022-03-08;230;14;0;0;47;5;0;0;0;1158;70;4;0;183;43;0;0;0
FR;6;2022-03-09;519;29;2;0;84;21;1;0;0;1677;99;6;0;267;64;1;0;0
FR;6;2022-03-10;206;19;0;1;54;12;1;0;0;1883;118;6;1;321;76;2;0;0
FR;6;2022-03-11;331;22;6;0;53;21;0;0;0;2214;140;12;1;374;97;2;0;0
FR;6;2022-03-12;518;25;1;0;83;20;0;0;0;2732;165;13;1;457;117;2;0;0
FR;6;2022-03-13;40;2;0;0;2;1;0;0;0;2772;167;13;1;459;118;2;0;0
FR;6;2022-03-14;201;4;2;0;39;3;1;0;0;2973;171;15;1;498;121;3;0;0
FR;6;2022-03-15;112;11;2;0;29;9;0;0;0;3085;182;17;1;527;130;3;0;0
FR;6;2022-03-16;310;17;2;1;49;15;1;0;0;3395;199;19;2;576;145;4;0;0
FR;6;2022-03-17;117;6;1;2;14;4;2;0;0;3512;205;20;4;590;149;6;0;0
FR;6;2022-03-18;215;10;0;0;40;6;0;0;0;3727;215;20;4;630;155;6;0;0
FR;6;2022-03-19;307;19;2;0;89;9;0;0;0;4034;234;22;4;719;164;6;0;0
FR;6;2022-03-20;15;5;0;0;5;1;0;0;0;4049;239;22;4;724;165;6;0;0
FR;6;2022-03-21;132;23;1;0;47;4;0;0;0;4181;262;23;4;771;169;6;0;0
FR;6;2022-03-22;97;15;0;0;34;4;0;0;0;4278;277;23;4;805;173;6;0;0
FR;6;2022-03-23;226;108;3;0;154;14;1;0;0;4504;385;26;4;959;187;7;0;0
FR;6;2022-03-24;100;15;1;3;32;4;3;0;0;4604;400;27;7;991;191;10;0;0
FR;6;2022-03-25;203;141;2;1;177;15;2;0;0;4807;541;29;8;1168;206;12;0;0
FR;6;2022-03-26;331;295;7;1;384;19;1;0;0;5138;836;36;9;1552;225;13;0;0
FR;6;2022-03-27;32;30;1;0;37;1;1;0;0;5170;866;37;9;1589;226;14;0;0
FR;6;2022-03-28;201;208;8;1;234;17;3;0;0;5371;1074;45;10;1823;243;17;0;0
FR;6;2022-03-29;124;189;12;2;206;12;9;0;0;5495;1263;57;12;2029;255;26;0;0
FR;6;2022-03-30;305;476;10;2;548;22;6;0;0;5800;1739;67;14;2577;277;32;0;0
FR;6;2022-03-31;123;140;10;0;160;14;5;0;0;5923;1879;77;14;2737;291;37;0;0
FR;6;2022-04-01;195;150;11;2;178;23;3;0;0;6118;2029;88;16;2915;314;40;0;0
FR;6;2022-04-02;206;241;9;1;280;13;8;0;0;6324;2270;97;17;3195;327;48;0;0
FR;6;2022-04-03;17;21;0;0;26;1;0;0;0;6341;2291;97;17;3221;328;48;0;0
FR;6;2022-04-04;137;114;6;1;131;9;5;0;0;6478;2405;103;18;3352;337;53;0;0
FR;6;2022-04-05;146;88;15;1;105;11;8;0;0;6624;2493;118;19;3457;348;61;0;0
FR;6;2022-04-06;204;245;22;26;291;27;33;0;0;6828;2738;140;45;3748;375;94;0;0
FR;6;2022-04-07;127;96;15;9;115;17;14;0;0;6955;2834;155;54;3863;392;108;0;0
FR;6;2022-04-08;199;171;16;3;214;17;9;0;1;7154;3005;171;57;4077;409;117;0;1
FR;6;2022-04-09;145;139;6;12;171;13;4;0;0;7299;3144;177;69;4248;422;121;0;1
FR;6;2022-04-10;10;20;3;0;25;1;3;0;0;7309;3164;180;69;4273;423;124;0;1
FR;6;2022-04-11;101;106;4;0;128;5;3;0;0;7410;3270;184;69;4401;428;127;0;1
FR;6;2022-04-12;136;75;5;8;114;10;10;0;0;7546;3345;189;77;4515;438;137;0;1
FR;6;2022-04-13;162;175;7;5;208;13;8;0;0;7708;3520;196;82;4723;451;145;0;1
FR;6;2022-04-14;100;103;5;10;121;8;10;0;0;7808;3623;201;92;4844;459;155;0;1
FR;6;2022-04-15;158;149;11;7;167;19;14;0;1;7966;3772;212;99;5011;478;169;0;2
FR;6;2022-04-16;127;132;5;0;162;14;2;0;0;8093;3904;217;99;5173;492;171;0;2
FR;6;2022-04-17;8;9;4;0;10;4;0;0;0;8101;3913;221;99;5183;496;171;0;2
FR;6;2022-04-18;8;15;3;0;15;4;0;0;0;8109;3928;224;99;5198;500;171;0;2
FR;6;2022-04-19;97;112;4;3;130;3;7;0;0;8206;4040;228;102;5328;503;178;0;2
FR;6;2022-04-20;178;227;8;7;269;15;3;0;0;8384;4267;236;109;5597;518;181;0;2
FR;6;2022-04-21;111;93;8;4;110;11;7;0;0;8495;4360;244;113;5707;529;188;0;2
FR;6;2022-04-22;138;160;13;12;190;13;13;0;0;8633;4520;257;125;5897;542;201;0;2
FR;6;2022-04-23;106;129;1;1;161;7;1;0;0;8739;4649;258;126;6058;549;202;0;2
FR;6;2022-04-24;5;21;1;0;22;0;1;0;0;8744;4670;259;126;6080;549;203;0;2
FR;6;2022-04-25;91;128;3;8;151;11;9;0;0;8835;4798;262;134;6231;560;212;0;2
FR;6;2022-04-26;101;128;19;2;151;17;13;0;0;8936;4926;281;136;6382;577;225;0;2
FR;6;2022-04-27;197;159;21;1;222;27;11;0;1;9133;5085;302;137;6604;604;236;0;3
FR;6;2022-04-28;109;87;7;1;123;8;7;0;0;9242;5172;309;138;6727;612;243;0;3
FR;6;2022-04-29;191;169;16;2;215;20;6;0;0;9433;5341;325;140;6942;632;249;0;3
FR;6;2022-04-30;133;125;7;1;168;24;2;0;0;9566;5466;332;141;7110;656;251;0;3
FR;6;2022-05-01;7;6;0;0;8;0;0;0;0;9573;5472;332;141;7118;656;251;0;3
FR;6;2022-05-02;94;65;3;4;88;3;4;0;0;9667;5537;335;145;7206;659;255;0;3
FR;6;2022-05-03;136;93;11;2;125;7;9;0;0;9803;5630;346;147;7331;666;264;0;3
FR;6;2022-05-04;167;118;25;12;161;29;12;0;1;9970;5748;371;159;7492;695;276;0;4
FR;6;2022-05-05;101;70;8;3;96;12;6;0;0;10071;5818;379;162;7588;707;282;0;4
FR;6;2022-05-06;152;110;10;9;155;16;11;0;0;10223;5928;389;171;7743;723;293;0;4
FR;6;2022-05-07;139;93;13;3;136;23;8;0;0;10362;6021;402;174;7879;746;301;0;4
FR;6;2022-05-08;20;8;6;5;16;7;5;0;0;10382;6029;408;179;7895;753;306;0;4
FR;6;2022-05-09;86;78;9;7;95;13;6;0;0;10468;6107;417;186;7990;766;312;0;4
FR;6;2022-05-10;112;80;15;7;110;12;13;0;0;10580;6187;432;193;8100;778;325;0;4
FR;6;2022-05-11;130;124;11;14;163;20;6;0;0;10710;6311;443;207;8263;798;331;0;4
FR;6;2022-05-12;105;76;7;5;96;15;6;0;1;10815;6387;450;212;8359;813;337;0;5
FR;6;2022-05-13;155;97;17;21;137;22;16;0;0;10970;6484;467;233;8496;835;353;0;5
FR;6;2022-05-14;81;60;6;7;84;15;2;0;0;11051;6544;473;240;8580;850;355;0;5
FR;6;2022-05-15;12;7;0;0;14;0;0;0;0;11063;6551;473;240;8594;850;355;0;5
FR;6;2022-05-16;65;54;6;2;69;12;3;0;0;11128;6605;479;242;8663;862;358;0;5
FR;6;2022-05-17;123;77;5;7;92;11;8;0;0;11251;6682;484;249;8755;873;366;0;5
FR;6;2022-05-18;131;116;5;1;159;13;3;0;0;11382;6798;489;250;8914;886;369;0;5
FR;6;2022-05-19;124;57;6;8;96;9;8;0;0;11506;6855;495;258;9010;895;377;0;5
FR;6;2022-05-20;125;115;13;3;151;18;10;0;0;11631;6970;508;261;9161;913;387;0;5
FR;6;2022-05-21;92;69;14;3;93;12;8;0;0;11723;7039;522;264;9254;925;395;0;5
FR;6;2022-05-22;19;12;5;0;21;4;1;0;0;11742;7051;527;264;9275;929;396;0;5
FR;6;2022-05-23;77;72;4;2;90;7;2;0;0;11819;7123;531;266;9365;936;398;0;5
FR;6;2022-05-24;117;98;8;2;132;16;4;0;0;11936;7221;539;268;9497;952;402;0;5
FR;6;2022-05-25;139;129;6;3;170;11;6;0;0;12075;7350;545;271;9667;963;408;0;5
FR;6;2022-05-26;7;9;3;0;5;9;0;0;0;12082;7359;548;271;9672;972;408;0;5
FR;6;2022-05-27;127;105;15;11;136;18;18;0;1;12209;7464;563;282;9808;990;426;0;6
FR;6;2022-05-28;54;75;1;5;89;8;5;0;0;12263;7539;564;287;9897;998;431;0;6
FR;6;2022-05-29;8;10;0;0;10;1;0;0;0;12271;7549;564;287;9907;999;431;0;6
FR;6;2022-05-30;70;70;7;4;86;4;9;0;0;12341;7619;571;291;9993;1003;440;0;6
FR;6;2022-05-31;87;102;10;2;121;14;7;0;0;12428;7721;581;293;10114;1017;447;0;6
FR;6;2022-06-01;97;89;10;1;111;11;6;0;0;12525;7810;591;294;10225;1028;453;0;6
FR;6;2022-06-02;91;60;6;3;80;9;6;0;0;12616;7870;597;297;10305;1037;459;0;6
FR;6;2022-06-03;126;102;13;7;129;21;8;0;0;12742;7972;610;304;10434;1058;467;0;6
FR;6;2022-06-04;63;51;10;0;64;12;3;0;0;12805;8023;620;304;10498;1070;470;0;6
FR;6;2022-06-05;16;15;2;1;18;4;1;0;0;12821;8038;622;305;10516;1074;471;0;6
FR;6;2022-06-06;9;6;0;0;8;0;0;0;0;12830;8044;622;305;10524;1074;471;0;6
FR;6;2022-06-07;79;90;3;4;117;8;6;0;0;12909;8134;625;309;10641;1082;477;0;6
FR;6;2022-06-08;92;110;13;5;130;20;6;0;0;13001;8244;638;314;10771;1102;483;0;6
FR;6;2022-06-09;75;81;15;3;106;15;8;0;0;13076;8325;653;317;10877;1117;491;0;6
FR;6;2022-06-10;116;93;26;10;121;22;13;0;0;13192;8418;679;327;10998;1139;504;0;6
FR;6;2022-06-11;83;62;6;10;82;12;11;0;0;13275;8480;685;337;11080;1151;515;0;6
FR;6;2022-06-12;6;14;1;0;16;2;0;0;0;13281;8494;686;337;11096;1153;515;0;6
FR;6;2022-06-13;74;59;18;1;68;7;4;0;0;13355;8553;704;338;11164;1160;519;0;6
FR;6;2022-06-14;98;100;8;5;116;16;8;0;0;13453;8653;712;343;11280;1176;527;0;6
FR;6;2022-06-15;80;86;7;8;114;15;10;0;0;13533;8739;719;351;11394;1191;537;0;6
FR;6;2022-06-16;53;40;11;7;45;14;6;0;0;13586;8779;730;358;11439;1205;543;0;6
FR;6;2022-06-17;86;85;3;13;109;11;5;0;0;13672;8864;733;371;11548;1216;548;0;6
FR;6;2022-06-18;71;62;13;0;87;21;1;0;0;13743;8926;746;371;11635;1237;549;0;6
FR;6;2022-06-19;6;6;3;0;7;4;1;0;0;13749;8932;749;371;11642;1241;550;0;6
FR;6;2022-06-20;42;41;4;1;55;6;1;0;0;13791;8973;753;372;11697;1247;551;0;6
FR;6;2022-06-21;59;73;10;7;82;17;7;0;0;13850;9046;763;379;11779;1264;558;0;6
FR;6;2022-06-22;86;85;8;2;98;17;3;0;0;13936;9131;771;381;11877;1281;561;0;6
FR;6;2022-06-23;64;39;13;7;41;15;10;0;0;14000;9170;784;388;11918;1296;571;0;6
FR;6;2022-06-24;77;85;7;14;95;20;16;0;0;14077;9255;791;402;12013;1316;587;0;6
FR;6;2022-06-25;67;61;4;3;77;8;5;0;0;14144;9316;795;405;12090;1324;592;0;6
FR;6;2022-06-26;6;7;1;0;10;1;0;0;0;14150;9323;796;405;12100;1325;592;0;6
FR;6;2022-06-27;51;50;4;9;62;12;7;0;0;14201;9373;800;414;12162;1337;599;0;6
FR;6;2022-06-28;68;47;6;3;53;15;5;0;0;14269;9420;806;417;12215;1352;604;0;6
FR;6;2022-06-29;98;117;26;37;115;19;35;0;5;14367;9537;832;454;12330;1371;639;0;11
FR;6;2022-06-30;84;60;33;10;61;12;7;0;0;14451;9597;865;464;12391;1383;646;0;11
FR;6;2022-07-01;115;94;25;33;102;18;27;0;1;14566;9691;890;497;12493;1401;673;0;12
FR;6;2022-07-02;58;67;26;2;64;37;6;0;0;14624;9758;916;499;12557;1438;679;0;12
FR;6;2022-07-03;11;4;4;3;5;4;3;0;0;14635;9762;920;502;12562;1442;682;0;12
FR;6;2022-07-04;61;43;3;23;55;13;20;0;0;14696;9805;923;525;12617;1455;702;0;12
FR;6;2022-07-05;65;53;19;67;60;27;63;0;0;14761;9858;942;592;12677;1482;765;0;12
FR;6;2022-07-06;94;64;7;11;77;12;17;0;0;14855;9922;949;603;12754;1494;782;0;12
FR;6;2022-07-07;99;79;42;37;99;14;34;0;4;14954;10001;991;640;12853;1508;816;0;16
FR;6;2022-07-08;139;87;42;27;116;10;25;0;3;15093;10088;1033;667;12969;1518;841;0;19
FR;6;2022-07-09;53;51;16;29;51;27;33;0;1;15146;10139;1049;696;13020;1545;874;0;20
FR;6;2022-07-10;3;7;8;0;9;9;0;0;0;15149;10146;1057;696;13029;1554;874;0;20
FR;6;2022-07-11;54;44;5;4;47;12;4;0;0;15203;10190;1062;700;13076;1566;878;0;20
FR;6;2022-07-12;70;72;12;23;87;12;27;0;0;15273;10262;1074;723;13163;1578;905;0;20
FR;6;2022-07-13;84;65;14;21;71;25;22;0;0;15357;10327;1088;744;13234;1603;927;0;20
FR;6;2022-07-14;4;3;1;0;4;1;0;0;0;15361;10330;1089;744;13238;1604;927;0;20
FR;6;2022-07-15;74;59;9;57;85;16;45;0;0;15435;10389;1098;801;13323;1620;972;0;20
FR;6;2022-07-16;27;31;17;0;37;17;3;0;0;15462;10420;1115;801;13360;1637;975;0;20
FR;6;2022-07-17;3;7;0;0;8;0;0;0;0;15465;10427;1115;801;13368;1637;975;0;20
FR;6;2022-07-18;37;62;11;14;60;15;14;0;6;15502;10489;1126;815;13428;1652;989;0;26
FR;6;2022-07-19;54;48;4;19;60;6;21;0;1;15556;10537;1130;834;13488;1658;1010;0;27
FR;6;2022-07-20;53;70;7;22;75;11;27;0;0;15609;10607;1137;856;13563;1669;1037;0;27
FR;6;2022-07-21;51;61;4;7;56;11;9;0;0;15660;10668;1141;863;13619;1680;1046;0;27
FR;6;2022-07-22;55;74;7;26;82;8;16;0;2;15715;10742;1148;889;13701;1688;1062;0;29
FR;6;2022-07-23;38;40;6;10;40;6;9;0;1;15753;10782;1154;899;13741;1694;1071;0;30
FR;6;2022-07-24;11;14;1;3;19;3;3;0;0;15764;10796;1155;902;13760;1697;1074;0;30
FR;6;2022-07-25;60;44;8;12;41;9;13;0;1;15824;10840;1163;914;13801;1706;1087;0;31
FR;6;2022-07-26;47;64;14;6;62;10;13;0;0;15871;10904;1177;920;13863;1716;1100;0;31
FR;6;2022-07-27;54;78;15;11;81;17;15;0;8;15925;10982;1192;931;13944;1733;1115;0;39
FR;6;2022-07-28;30;48;4;6;50;8;7;0;1;15955;11030;1196;937;13994;1741;1122;0;40
FR;6;2022-07-29;43;71;10;38;60;24;36;0;1;15998;11101;1206;975;14054;1765;1158;0;41
FR;6;2022-07-30;26;48;4;15;49;7;15;0;0;16024;11149;1210;990;14103;1772;1173;0;41
FR;6;2022-07-31;0;1;1;0;1;0;1;0;0;16024;11150;1211;990;14104;1772;1174;0;41
FR;6;2022-08-01;39;36;14;8;32;10;6;0;1;16063;11186;1225;998;14136;1782;1180;0;42
FR;6;2022-08-02;37;46;10;14;52;6;16;0;0;16100;11232;1235;1012;14188;1788;1196;0;42
FR;6;2022-08-03;29;52;7;16;53;11;19;0;0;16129;11284;1242;1028;14241;1799;1215;0;42
FR;6;2022-08-04;25;21;4;9;20;6;10;0;1;16154;11305;1246;1037;14261;1805;1225;0;43
FR;6;2022-08-05;43;45;1;7;53;5;7;0;0;16197;11350;1247;1044;14314;1810;1232;0;43
FR;6;2022-08-06;17;27;1;3;33;2;4;0;0;16214;11377;1248;1047;14347;1812;1236;0;43
FR;6;2022-08-07;1;2;0;0;2;0;0;0;0;16215;11379;1248;1047;14349;1812;1236;0;43
FR;6;2022-08-08;24;33;1;0;40;1;0;0;0;16239;11412;1249;1047;14389;1813;1236;0;43
FR;6;2022-08-09;22;30;6;3;29;3;3;0;0;16261;11442;1255;1050;14418;1816;1239;0;43
FR;6;2022-08-10;32;36;5;9;38;5;9;0;5;16293;11478;1260;1059;14456;1821;1248;0;48
FR;6;2022-08-11;33;33;1;1;40;1;0;0;1;16326;11511;1261;1060;14496;1822;1248;0;49
FR;6;2022-08-12;50;44;6;2;50;15;3;0;1;16376;11555;1267;1062;14546;1837;1251;0;50
FR;6;2022-08-13;9;20;0;0;22;1;0;0;0;16385;11575;1267;1062;14568;1838;1251;0;50
FR;6;2022-08-14;3;1;0;0;2;0;0;0;0;16388;11576;1267;1062;14570;1838;1251;0;50
FR;6;2022-08-15;2;3;1;0;4;0;1;0;0;16390;11579;1268;1062;14574;1838;1252;0;50
FR;6;2022-08-16;35;66;21;7;66;7;2;0;0;16425;11645;1289;1069;14640;1845;1254;0;50
FR;6;2022-08-17;32;44;10;9;41;10;6;0;7;16457;11689;1299;1078;14681;1855;1260;0;57
FR;6;2022-08-18;29;55;14;4;61;4;0;0;1;16486;11744;1313;1082;14742;1859;1260;0;58
FR;6;2022-08-19;30;45;5;4;47;3;2;0;1;16516;11789;1318;1086;14789;1862;1262;0;59
FR;6;2022-08-20;26;29;3;0;29;8;1;0;0;16542;11818;1321;1086;14818;1870;1263;0;59
FR;6;2022-08-21;1;5;2;0;5;0;0;0;0;16543;11823;1323;1086;14823;1870;1263;0;59
FR;6;2022-08-22;20;42;15;1;45;0;0;0;0;16563;11865;1338;1087;14868;1870;1263;0;59
FR;6;2022-08-23;34;45;6;7;48;6;4;0;2;16597;11910;1344;1094;14916;1876;1267;0;61
FR;6;2022-08-24;34;30;6;3;36;6;2;0;3;16631;11940;1350;1097;14952;1882;1269;0;64
FR;6;2022-08-25;25;27;1;1;29;5;1;0;0;16656;11967;1351;1098;14981;1887;1270;0;64
FR;6;2022-08-26;38;44;4;4;51;7;7;0;0;16694;12011;1355;1102;15032;1894;1277;0;64
FR;6;2022-08-27;19;21;7;3;22;8;4;0;0;16713;12032;1362;1105;15054;1902;1281;0;64
FR;6;2022-08-28;6;3;0;6;3;1;1;0;4;16719;12035;1362;1111;15057;1903;1282;0;68
FR;6;2022-08-29;26;22;2;6;29;3;6;0;0;16745;12057;1364;1117;15086;1906;1288;0;68
FR;6;2022-08-30;28;35;4;12;33;8;13;0;0;16773;12092;1368;1129;15119;1914;1301;0;68
FR;6;2022-08-31;35;38;2;11;46;3;12;0;0;16808;12130;1370;1140;15165;1917;1313;0;68
FR;6;2022-09-01;16;11;5;1;12;4;3;0;0;16824;12141;1375;1141;15177;1921;1316;0;68
FR;6;2022-09-02;19;14;2;1;13;3;2;0;0;16843;12155;1377;1142;15190;1924;1318;0;68
FR;6;2022-09-03;10;3;1;5;4;2;5;0;0;16853;12158;1378;1147;15194;1926;1323;0;68
FR;6;2022-09-04;4;1;0;0;1;0;0;0;0;16857;12159;1378;1147;15195;1926;1323;0;68
FR;6;2022-09-05;8;7;0;0;10;0;0;0;0;16865;12166;1378;1147;15205;1926;1323;0;68
FR;6;2022-09-06;7;9;7;12;8;6;15;0;0;16872;12175;1385;1159;15213;1932;1338;0;68
FR;6;2022-09-07;3;8;1;0;8;1;0;0;0;16875;12183;1386;1159;15221;1933;1338;0;68
FR;6;2022-09-08;6;4;0;2;3;1;2;0;0;16881;12187;1386;1161;15224;1934;1340;0;68
FR;6;2022-09-09;7;9;2;7;9;3;8;0;0;16888;12196;1388;1168;15233;1937;1348;0;68
FR;6;2022-09-10;3;4;1;0;3;1;1;0;0;16891;12200;1389;1168;15236;1938;1349;0;68
FR;6;2022-09-11;1;3;0;0;3;0;0;0;0;16892;12203;1389;1168;15239;1938;1349;0;68
FR;6;2022-09-12;10;4;1;0;3;3;0;0;0;16902;12207;1390;1168;15242;1941;1349;0;68
FR;6;2022-09-13;7;2;3;0;2;2;2;0;0;16909;12209;1393;1168;15244;1943;1351;0;68
FR;6;2022-09-14;9;8;2;0;7;4;0;0;0;16918;12217;1395;1168;15251;1947;1351;0;68
FR;6;2022-09-15;8;13;5;5;9;9;3;0;2;16926;12230;1400;1173;15260;1956;1354;0;70
FR;6;2022-09-16;25;39;1;1;46;4;1;0;2;16951;12269;1401;1174;15306;1960;1355;0;72
FR;6;2022-09-17;24;22;0;6;24;5;3;0;2;16975;12291;1401;1180;15330;1965;1358;0;74
FR;6;2022-09-18;5;4;0;0;4;1;0;0;0;16980;12295;1401;1180;15334;1966;1358;0;74
FR;6;2022-09-19;30;30;2;1;31;5;1;0;0;17010;12325;1403;1181;15365;1971;1359;0;74
FR;6;2022-09-20;34;25;1;4;29;6;2;0;1;17044;12350;1404;1185;15394;1977;1361;0;75
FR;6;2022-09-21;21;9;3;3;7;7;5;0;3;17065;12359;1407;1188;15401;1984;1366;0;78
FR;6;2022-09-22;19;28;1;22;32;3;21;0;1;17084;12387;1408;1210;15433;1987;1387;0;79
FR;6;2022-09-23;28;41;5;9;47;9;2;0;0;17112;12428;1413;1219;15480;1996;1389;0;79
FR;6;2022-09-24;16;16;4;2;21;6;2;0;0;17128;12444;1417;1221;15501;2002;1391;0;79
FR;6;2022-09-25;3;14;0;0;14;1;0;0;0;17131;12458;1417;1221;15515;2003;1391;0;79
FR;6;2022-09-26;16;13;0;18;12;5;18;0;2;17147;12471;1417;1239;15527;2008;1409;0;81
FR;6;2022-09-27;32;19;2;3;23;4;4;0;0;17179;12490;1419;1242;15550;2012;1413;0;81
FR;6;2022-09-28;27;10;9;11;16;5;17;0;2;17206;12500;1428;1253;15566;2017;1430;0;83
FR;6;2022-09-29;13;13;10;34;16;6;33;0;7;17219;12513;1438;1287;15582;2023;1463;0;90
FR;6;2022-09-30;34;24;5;6;33;5;3;0;0;17253;12537;1443;1293;15615;2028;1466;0;90
FR;6;2022-10-01;17;12;5;8;9;8;8;0;2;17270;12549;1448;1301;15624;2036;1474;0;92
FR;6;2022-10-02;3;0;0;0;1;0;0;0;0;17273;12549;1448;1301;15625;2036;1474;0;92
FR;6;2022-10-03;11;10;3;5;11;4;6;0;0;17284;12559;1451;1306;15636;2040;1480;0;92
FR;6;2022-10-04;19;17;4;28;21;3;30;0;3;17303;12576;1455;1334;15657;2043;1510;0;95
FR;6;2022-10-05;11;12;3;2;9;7;4;0;0;17314;12588;1458;1336;15666;2050;1514;0;95
FR;6;2022-10-06;19;13;4;6;17;2;10;0;0;17333;12601;1462;1342;15683;2052;1524;0;95
FR;6;2022-10-07;27;26;5;24;25;10;16;0;5;17360;12627;1467;1366;15708;2062;1540;0;100
FR;6;2022-10-08;18;13;0;0;16;0;0;0;0;17378;12640;1467;1366;15724;2062;1540;0;100
FR;6;2022-10-09;7;3;4;27;3;4;30;0;6;17385;12643;1471;1393;15727;2066;1570;0;106
FR;6;2022-10-10;15;14;1;16;16;6;13;0;0;17400;12657;1472;1409;15743;2072;1583;0;106
FR;6;2022-10-11;21;23;3;11;21;8;13;0;3;17421;12680;1475;1420;15764;2080;1596;0;109
FR;6;2022-10-12;20;16;7;19;18;3;24;0;7;17441;12696;1482;1439;15782;2083;1620;0;116
FR;6;2022-10-13;28;15;2;36;23;0;38;0;6;17469;12711;1484;1475;15805;2083;1658;0;122
FR;6;2022-10-14;29;23;5;49;23;11;45;0;13;17498;12734;1489;1524;15828;2094;1703;0;135
FR;6;2022-10-15;13;9;0;22;8;4;21;0;6;17511;12743;1489;1546;15836;2098;1724;0;141
FR;6;2022-10-16;4;5;0;6;2;3;6;0;0;17515;12748;1489;1552;15838;2101;1730;0;141
FR;6;2022-10-17;14;14;2;10;14;1;12;0;2;17529;12762;1491;1562;15852;2102;1742;0;143
FR;6;2022-10-18;12;19;9;26;19;4;18;0;11;17541;12781;1500;1588;15871;2106;1760;0;154
FR;6;2022-10-19;10;20;6;16;20;5;19;0;5;17551;12801;1506;1604;15891;2111;1779;0;159
FR;6;2022-10-20;16;15;12;57;18;5;67;0;13;17567;12816;1518;1661;15909;2116;1846;0;172
FR;6;2022-10-21;16;21;9;34;22;11;37;0;10;17583;12837;1527;1695;15931;2127;1883;0;182
FR;6;2022-10-22;19;14;1;4;17;3;4;0;0;17602;12851;1528;1699;15948;2130;1887;0;182
FR;6;2022-10-23;3;2;1;0;3;0;1;0;0;17605;12853;1529;1699;15951;2130;1888;0;182
FR;6;2022-10-24;12;14;2;7;14;6;5;0;2;17617;12867;1531;1706;15965;2136;1893;0;184
FR;6;2022-10-25;20;13;6;17;16;7;19;0;4;17637;12880;1537;1723;15981;2143;1912;0;188
FR;6;2022-10-26;17;9;4;13;12;4;15;0;5;17654;12889;1541;1736;15993;2147;1927;0;193
FR;6;2022-10-27;20;7;8;37;10;6;36;0;14;17674;12896;1549;1773;16003;2153;1963;0;207
FR;6;2022-10-28;21;27;3;4;28;6;5;0;1;17695;12923;1552;1777;16031;2159;1968;0;208
FR;6;2022-10-29;7;11;5;11;10;6;14;0;12;17702;12934;1557;1788;16041;2165;1982;0;220
FR;6;2022-10-30;2;5;0;0;5;0;0;0;0;17704;12939;1557;1788;16046;2165;1982;0;220
FR;6;2022-10-31;20;14;2;13;17;4;12;0;3;17724;12953;1559;1801;16063;2169;1994;0;223
FR;6;2022-11-01;2;1;1;0;1;1;0;0;0;17726;12954;1560;1801;16064;2170;1994;0;223
FR;6;2022-11-02;15;25;9;21;26;11;19;0;12;17741;12979;1569;1822;16090;2181;2013;0;235
FR;6;2022-11-03;17;17;11;39;20;8;43;0;9;17758;12996;1580;1861;16110;2189;2056;0;244
FR;6;2022-11-04;19;22;9;16;27;5;16;0;10;17777;13018;1589;1877;16137;2194;2072;0;254
FR;6;2022-11-05;9;16;2;4;17;4;6;0;0;17786;13034;1591;1881;16154;2198;2078;0;254
FR;6;2022-11-06;5;1;0;0;1;0;0;0;0;17791;13035;1591;1881;16155;2198;2078;0;254
FR;6;2022-11-07;18;10;6;17;12;4;18;0;11;17809;13045;1597;1898;16167;2202;2096;0;265
FR;6;2022-11-08;18;10;2;3;8;5;5;0;4;17827;13055;1599;1901;16175;2207;2101;0;269
FR;6;2022-11-09;16;22;1;6;21;4;5;0;4;17843;13077;1600;1907;16196;2211;2106;0;273
FR;6;2022-11-10;10;10;4;12;8;5;11;0;10;17853;13087;1604;1919;16204;2216;2117;0;283
FR;6;2022-11-11;3;1;0;0;1;1;0;0;0;17856;13088;1604;1919;16205;2217;2117;0;283
FR;6;2022-11-12;4;11;1;7;11;2;5;0;9;17860;13099;1605;1926;16216;2219;2122;0;292
FR;6;2022-11-13;1;1;0;1;1;0;1;0;0;17861;13100;1605;1927;16217;2219;2123;0;292
FR;6;2022-11-14;13;10;7;32;14;8;33;0;14;17874;13110;1612;1959;16231;2227;2156;0;306
FR;6;2022-11-15;7;18;1;11;16;4;7;0;2;17881;13128;1613;1970;16247;2231;2163;0;308
FR;6;2022-11-16;16;15;9;32;17;3;42;0;9;17897;13143;1622;2002;16264;2234;2205;0;317
FR;6;2022-11-17;10;8;1;29;8;2;28;0;5;17907;13151;1623;2031;16272;2236;2233;0;322
FR;6;2022-11-18;20;12;5;23;16;4;25;0;7;17927;13163;1628;2054;16288;2240;2258;0;329
FR;6;2022-11-19;5;13;0;2;11;3;2;0;1;17932;13176;1628;2056;16299;2243;2260;0;330
FR;6;2022-11-20;2;1;2;0;1;2;0;0;0;17934;13177;1630;2056;16300;2245;2260;0;330
FR;6;2022-11-21;22;13;1;14;14;6;11;0;3;17956;13190;1631;2070;16314;2251;2271;0;333
FR;6;2022-11-22;14;9;0;4;11;1;3;0;1;17970;13199;1631;2074;16325;2252;2274;0;334
FR;6;2022-11-23;14;15;15;23;17;9;31;0;8;17984;13214;1646;2097;16342;2261;2305;0;342
FR;6;2022-11-24;14;17;1;11;19;5;10;0;7;17998;13231;1647;2108;16361;2266;2315;0;349
FR;6;2022-11-25;23;15;5;50;15;5;47;0;5;18021;13246;1652;2158;16376;2271;2362;0;354
FR;6;2022-11-26;9;5;2;4;3;2;5;0;1;18030;13251;1654;2162;16379;2273;2367;0;355
FR;6;2022-11-27;1;4;0;0;4;0;0;0;0;18031;13255;1654;2162;16383;2273;2367;0;355
FR;6;2022-11-28;9;11;6;22;11;3;24;0;11;18040;13266;1660;2184;16394;2276;2391;0;366
FR;6;2022-11-29;15;10;1;12;14;1;8;0;7;18055;13276;1661;2196;16408;2277;2399;0;373
FR;6;2022-11-30;18;20;8;23;19;12;22;0;8;18073;13296;1669;2219;16427;2289;2421;0;381
FR;6;2022-12-01;12;8;7;20;10;4;24;0;9;18085;13304;1676;2239;16437;2293;2445;0;390
FR;6;2022-12-02;16;9;12;36;12;8;42;0;1;18101;13313;1688;2275;16449;2301;2487;0;391
FR;6;2022-12-03;12;3;13;20;6;5;28;0;13;18113;13316;1701;2295;16455;2306;2515;0;404
FR;6;2022-12-04;3;1;0;2;1;0;2;0;0;18116;13317;1701;2297;16456;2306;2517;0;404
FR;6;2022-12-05;11;10;7;16;11;4;19;0;8;18127;13327;1708;2313;16467;2310;2536;0;412
FR;6;2022-12-06;10;19;3;30;12;11;28;0;3;18137;13346;1711;2343;16479;2321;2564;0;415
FR;6;2022-12-07;17;8;10;56;10;8;57;0;30;18154;13354;1721;2399;16489;2329;2621;0;445
FR;6;2022-12-08;9;13;8;18;11;7;21;0;12;18163;13367;1729;2417;16500;2336;2642;0;457
FR;6;2022-12-09;15;9;5;29;12;4;30;0;6;18178;13376;1734;2446;16512;2340;2672;0;463
FR;6;2022-12-10;12;9;6;9;7;4;14;0;7;18190;13385;1740;2455;16519;2344;2686;0;470
FR;6;2022-12-11;4;2;1;0;2;1;0;0;0;18194;13387;1741;2455;16521;2345;2686;0;470
FR;6;2022-12-12;16;10;8;36;14;9;33;0;17;18210;13397;1749;2491;16535;2354;2719;0;487
FR;6;2022-12-13;17;21;11;58;16;17;57;0;12;18227;13418;1760;2549;16551;2371;2776;0;499
FR;6;2022-12-14;14;13;8;53;10;12;53;0;14;18241;13431;1768;2602;16561;2383;2829;0;513
FR;6;2022-12-15;12;15;14;38;13;9;44;0;8;18253;13446;1782;2640;16574;2392;2873;0;521
FR;6;2022-12-16;18;14;15;35;15;14;37;0;9;18271;13460;1797;2675;16589;2406;2910;0;530
FR;6;2022-12-17;11;10;15;28;8;15;29;0;8;18282;13470;1812;2703;16597;2421;2939;0;538
FR;6;2022-12-18;7;4;0;2;5;0;2;0;0;18289;13474;1812;2705;16602;2421;2941;0;538
FR;6;2022-12-19;12;8;8;29;8;11;29;0;15;18301;13482;1820;2734;16610;2432;2970;0;553
FR;6;2022-12-20;17;19;11;23;13;19;22;0;21;18318;13501;1831;2757;16623;2451;2992;0;574
FR;8;2020-12-27;0;0;0;0;0;0;0;0;0;0;0;0;0;0;0;0;0;0
FR;8;2020-12-28;0;0;0;0;0;0;0;0;0;0;0;0;0;0;0;0;0;0
FR;8;2020-12-29;0;0;0;0;0;0;0;0;0;0;0;0;0;0;0;0;0;0
FR;8;2020-12-30;0;0;0;0;0;0;0;0;0;0;0;0;0;0;0;0;0;0
FR;8;2020-12-31;0;0;0;0;0;0;0;0;0;0;0;0;0;0;0;0;0;0
FR;8;2021-01-01;0;0;0;0;0;0;0;0;0;0;0;0;0;0;0;0;0;0
FR;8;2021-01-02;0;0;0;0;0;0;0;0;0;0;0;0;0;0;0;0;0;0
FR;8;2021-01-03;0;0;0;0;0;0;0;0;0;0;0;0;0;0;0;0;0;0
FR;8;2021-01-04;0;0;0;0;0;0;0;0;0;0;0;0;0;0;0;0;0;0
FR;8;2021-01-05;0;0;0;0;0;0;0;0;0;0;0;0;0;0;0;0;0;0
FR;8;2021-01-06;0;0;0;0;0;0;0;0;0;0;0;0;0;0;0;0;0;0
FR;8;2021-01-07;0;0;0;0;0;0;0;0;0;0;0;0;0;0;0;0;0;0
FR;8;2021-01-08;0;0;0;0;0;0;0;0;0;0;0;0;0;0;0;0;0;0
FR;8;2021-01-09;0;0;0;0;0;0;0;0;0;0;0;0;0;0;0;0;0;0
FR;8;2021-01-10;0;0;0;0;0;0;0;0;0;0;0;0;0;0;0;0;0;0
FR;8;2021-01-11;0;0;0;0;0;0;0;0;0;0;0;0;0;0;0;0;0;0
FR;8;2021-01-12;0;0;0;0;0;0;0;0;0;0;0;0;0;0;0;0;0;0
FR;8;2021-01-13;0;0;0;0;0;0;0;0;0;0;0;0;0;0;0;0;0;0
FR;8;2021-01-14;0;0;0;0;0;0;0;0;0;0;0;0;0;0;0;0;0;0
FR;8;2021-01-15;0;0;0;0;0;0;0;0;0;0;0;0;0;0;0;0;0;0
FR;8;2021-01-16;0;0;0;0;0;0;0;0;0;0;0;0;0;0;0;0;0;0
FR;8;2021-01-17;0;0;0;0;0;0;0;0;0;0;0;0;0;0;0;0;0;0
FR;8;2021-01-18;0;0;0;0;0;0;0;0;0;0;0;0;0;0;0;0;0;0
FR;8;2021-01-19;0;0;0;0;0;0;0;0;0;0;0;0;0;0;0;0;0;0
FR;8;2021-01-20;0;0;0;0;0;0;0;0;0;0;0;0;0;0;0;0;0;0
FR;8;2021-01-21;0;0;0;0;0;0;0;0;0;0;0;0;0;0;0;0;0;0
FR;8;2021-01-22;0;0;0;0;0;0;0;0;0;0;0;0;0;0;0;0;0;0
FR;8;2021-01-23;0;0;0;0;0;0;0;0;0;0;0;0;0;0;0;0;0;0
FR;8;2021-01-24;0;0;0;0;0;0;0;0;0;0;0;0;0;0;0;0;0;0
FR;8;2021-01-25;0;0;0;0;0;0;0;0;0;0;0;0;0;0;0;0;0;0
FR;8;2021-01-26;0;0;0;0;0;0;0;0;0;0;0;0;0;0;0;0;0;0
FR;8;2021-01-27;0;0;0;0;0;0;0;0;0;0;0;0;0;0;0;0;0;0
FR;8;2021-01-28;0;0;0;0;0;0;0;0;0;0;0;0;0;0;0;0;0;0
FR;8;2021-01-29;0;0;0;0;0;0;0;0;0;0;0;0;0;0;0;0;0;0
FR;8;2021-01-30;0;0;0;0;0;0;0;0;0;0;0;0;0;0;0;0;0;0
FR;8;2021-01-31;0;0;0;0;0;0;0;0;0;0;0;0;0;0;0;0;0;0
FR;8;2021-02-01;0;0;0;0;0;0;0;0;0;0;0;0;0;0;0;0;0;0
FR;8;2021-02-02;0;0;0;0;0;0;0;0;0;0;0;0;0;0;0;0;0;0
FR;8;2021-02-03;0;0;0;0;0;0;0;0;0;0;0;0;0;0;0;0;0;0
FR;8;2021-02-04;0;0;0;0;0;0;0;0;0;0;0;0;0;0;0;0;0;0
FR;8;2021-02-05;0;0;0;0;0;0;0;0;0;0;0;0;0;0;0;0;0;0
FR;8;2021-02-06;0;0;0;0;0;0;0;0;0;0;0;0;0;0;0;0;0;0
FR;8;2021-02-07;0;0;0;0;0;0;0;0;0;0;0;0;0;0;0;0;0;0
FR;8;2021-02-08;0;0;0;0;0;0;0;0;0;0;0;0;0;0;0;0;0;0
FR;8;2021-02-09;0;0;0;0;0;0;0;0;0;0;0;0;0;0;0;0;0;0
FR;8;2021-02-10;0;0;0;0;0;0;0;0;0;0;0;0;0;0;0;0;0;0
FR;8;2021-02-11;0;0;0;0;0;0;0;0;0;0;0;0;0;0;0;0;0;0
FR;8;2021-02-12;0;0;0;0;0;0;0;0;0;0;0;0;0;0;0;0;0;0
FR;8;2021-02-13;0;0;0;0;0;0;0;0;0;0;0;0;0;0;0;0;0;0
FR;8;2021-02-14;0;0;0;0;0;0;0;0;0;0;0;0;0;0;0;0;0;0
FR;8;2021-02-15;0;0;0;0;0;0;0;0;0;0;0;0;0;0;0;0;0;0
FR;8;2021-02-16;0;0;0;0;0;0;0;0;0;0;0;0;0;0;0;0;0;0
FR;8;2021-02-17;0;0;0;0;0;0;0;0;0;0;0;0;0;0;0;0;0;0
FR;8;2021-02-18;0;0;0;0;0;0;0;0;0;0;0;0;0;0;0;0;0;0
FR;8;2021-02-19;0;0;0;0;0;0;0;0;0;0;0;0;0;0;0;0;0;0
FR;8;2021-02-20;0;0;0;0;0;0;0;0;0;0;0;0;0;0;0;0;0;0
FR;8;2021-02-21;0;0;0;0;0;0;0;0;0;0;0;0;0;0;0;0;0;0
FR;8;2021-02-22;0;0;0;0;0;0;0;0;0;0;0;0;0;0;0;0;0;0
FR;8;2021-02-23;0;0;0;0;0;0;0;0;0;0;0;0;0;0;0;0;0;0
FR;8;2021-02-24;0;0;0;0;0;0;0;0;0;0;0;0;0;0;0;0;0;0
FR;8;2021-02-25;0;0;0;0;0;0;0;0;0;0;0;0;0;0;0;0;0;0
FR;8;2021-02-26;0;0;0;0;0;0;0;0;0;0;0;0;0;0;0;0;0;0
FR;8;2021-02-27;0;0;0;0;0;0;0;0;0;0;0;0;0;0;0;0;0;0
FR;8;2021-02-28;0;0;0;0;0;0;0;0;0;0;0;0;0;0;0;0;0;0
FR;8;2021-03-01;0;0;0;0;0;0;0;0;0;0;0;0;0;0;0;0;0;0
FR;8;2021-03-02;0;0;0;0;0;0;0;0;0;0;0;0;0;0;0;0;0;0
FR;8;2021-03-03;0;0;0;0;0;0;0;0;0;0;0;0;0;0;0;0;0;0
FR;8;2021-03-04;0;0;0;0;0;0;0;0;0;0;0;0;0;0;0;0;0;0
FR;8;2021-03-05;0;0;0;0;0;0;0;0;0;0;0;0;0;0;0;0;0;0
FR;8;2021-03-06;0;0;0;0;0;0;0;0;0;0;0;0;0;0;0;0;0;0
FR;8;2021-03-07;0;0;0;0;0;0;0;0;0;0;0;0;0;0;0;0;0;0
FR;8;2021-03-08;0;0;0;0;0;0;0;0;0;0;0;0;0;0;0;0;0;0
FR;8;2021-03-09;0;0;0;0;0;0;0;0;0;0;0;0;0;0;0;0;0;0
FR;8;2021-03-10;0;0;0;0;0;0;0;0;0;0;0;0;0;0;0;0;0;0
FR;8;2021-03-11;0;0;0;0;0;0;0;0;0;0;0;0;0;0;0;0;0;0
FR;8;2021-03-12;0;0;0;0;0;0;0;0;0;0;0;0;0;0;0;0;0;0
FR;8;2021-03-13;0;0;0;0;0;0;0;0;0;0;0;0;0;0;0;0;0;0
FR;8;2021-03-14;0;0;0;0;0;0;0;0;0;0;0;0;0;0;0;0;0;0
FR;8;2021-03-15;0;0;0;0;0;0;0;0;0;0;0;0;0;0;0;0;0;0
FR;8;2021-03-16;0;0;0;0;0;0;0;0;0;0;0;0;0;0;0;0;0;0
FR;8;2021-03-17;0;0;0;0;0;0;0;0;0;0;0;0;0;0;0;0;0;0
FR;8;2021-03-18;0;0;0;0;0;0;0;0;0;0;0;0;0;0;0;0;0;0
FR;8;2021-03-19;0;0;0;0;0;0;0;0;0;0;0;0;0;0;0;0;0;0
FR;8;2021-03-20;0;0;0;0;0;0;0;0;0;0;0;0;0;0;0;0;0;0
FR;8;2021-03-21;0;0;0;0;0;0;0;0;0;0;0;0;0;0;0;0;0;0
FR;8;2021-03-22;0;0;0;0;0;0;0;0;0;0;0;0;0;0;0;0;0;0
FR;8;2021-03-23;0;0;0;0;0;0;0;0;0;0;0;0;0;0;0;0;0;0
FR;8;2021-03-24;0;0;0;0;0;0;0;0;0;0;0;0;0;0;0;0;0;0
FR;8;2021-03-25;0;0;0;0;0;0;0;0;0;0;0;0;0;0;0;0;0;0
FR;8;2021-03-26;0;0;0;0;0;0;0;0;0;0;0;0;0;0;0;0;0;0
FR;8;2021-03-27;0;0;0;0;0;0;0;0;0;0;0;0;0;0;0;0;0;0
FR;8;2021-03-28;0;0;0;0;0;0;0;0;0;0;0;0;0;0;0;0;0;0
FR;8;2021-03-29;0;0;0;0;0;0;0;0;0;0;0;0;0;0;0;0;0;0
FR;8;2021-03-30;0;0;0;0;0;0;0;0;0;0;0;0;0;0;0;0;0;0
FR;8;2021-03-31;0;0;0;0;0;0;0;0;0;0;0;0;0;0;0;0;0;0
FR;8;2021-04-01;0;0;0;0;0;0;0;0;0;0;0;0;0;0;0;0;0;0
FR;8;2021-04-02;0;0;0;0;0;0;0;0;0;0;0;0;0;0;0;0;0;0
FR;8;2021-04-03;0;0;0;0;0;0;0;0;0;0;0;0;0;0;0;0;0;0
FR;8;2021-04-04;0;0;0;0;0;0;0;0;0;0;0;0;0;0;0;0;0;0
FR;8;2021-04-05;0;0;0;0;0;0;0;0;0;0;0;0;0;0;0;0;0;0
FR;8;2021-04-06;0;0;0;0;0;0;0;0;0;0;0;0;0;0;0;0;0;0
FR;8;2021-04-07;0;0;0;0;0;0;0;0;0;0;0;0;0;0;0;0;0;0
FR;8;2021-04-08;0;0;0;0;0;0;0;0;0;0;0;0;0;0;0;0;0;0
FR;8;2021-04-09;0;0;0;0;0;0;0;0;0;0;0;0;0;0;0;0;0;0
FR;8;2021-04-10;0;0;0;0;0;0;0;0;0;0;0;0;0;0;0;0;0;0
FR;8;2021-04-11;0;0;0;0;0;0;0;0;0;0;0;0;0;0;0;0;0;0
FR;8;2021-04-12;0;0;0;0;0;0;0;0;0;0;0;0;0;0;0;0;0;0
FR;8;2021-04-13;0;0;0;0;0;0;0;0;0;0;0;0;0;0;0;0;0;0
FR;8;2021-04-14;0;0;0;0;0;0;0;0;0;0;0;0;0;0;0;0;0;0
FR;8;2021-04-15;0;0;0;0;0;0;0;0;0;0;0;0;0;0;0;0;0;0
FR;8;2021-04-16;0;0;0;0;0;0;0;0;0;0;0;0;0;0;0;0;0;0
FR;8;2021-04-17;0;0;0;0;0;0;0;0;0;0;0;0;0;0;0;0;0;0
FR;8;2021-04-18;0;0;0;0;0;0;0;0;0;0;0;0;0;0;0;0;0;0
FR;8;2021-04-19;0;0;0;0;0;0;0;0;0;0;0;0;0;0;0;0;0;0
FR;8;2021-04-20;0;0;0;0;0;0;0;0;0;0;0;0;0;0;0;0;0;0
FR;8;2021-04-21;0;0;0;0;0;0;0;0;0;0;0;0;0;0;0;0;0;0
FR;8;2021-04-22;0;0;0;0;0;0;0;0;0;0;0;0;0;0;0;0;0;0
FR;8;2021-04-23;0;0;0;0;0;0;0;0;0;0;0;0;0;0;0;0;0;0
FR;8;2021-04-24;0;0;0;0;0;0;0;0;0;0;0;0;0;0;0;0;0;0
FR;8;2021-04-25;0;0;0;0;0;0;0;0;0;0;0;0;0;0;0;0;0;0
FR;8;2021-04-26;0;0;0;0;0;0;0;0;0;0;0;0;0;0;0;0;0;0
FR;8;2021-04-27;0;0;0;0;0;0;0;0;0;0;0;0;0;0;0;0;0;0
FR;8;2021-04-28;0;0;0;0;0;0;0;0;0;0;0;0;0;0;0;0;0;0
FR;8;2021-04-29;0;0;0;0;0;0;0;0;0;0;0;0;0;0;0;0;0;0
FR;8;2021-04-30;0;0;0;0;0;0;0;0;0;0;0;0;0;0;0;0;0;0
FR;8;2021-05-01;0;0;0;0;0;0;0;0;0;0;0;0;0;0;0;0;0;0
FR;8;2021-05-02;0;0;0;0;0;0;0;0;0;0;0;0;0;0;0;0;0;0
FR;8;2021-05-03;0;0;0;0;0;0;0;0;0;0;0;0;0;0;0;0;0;0
FR;8;2021-05-04;0;0;0;0;0;0;0;0;0;0;0;0;0;0;0;0;0;0
FR;8;2021-05-05;0;0;0;0;0;0;0;0;0;0;0;0;0;0;0;0;0;0
FR;8;2021-05-06;0;0;0;0;0;0;0;0;0;0;0;0;0;0;0;0;0;0
FR;8;2021-05-07;0;0;0;0;0;0;0;0;0;0;0;0;0;0;0;0;0;0
FR;8;2021-05-08;0;0;0;0;0;0;0;0;0;0;0;0;0;0;0;0;0;0
FR;8;2021-05-09;0;0;0;0;0;0;0;0;0;0;0;0;0;0;0;0;0;0
FR;8;2021-05-10;0;0;0;0;0;0;0;0;0;0;0;0;0;0;0;0;0;0
FR;8;2021-05-11;0;0;0;0;0;0;0;0;0;0;0;0;0;0;0;0;0;0
FR;8;2021-05-12;0;0;0;0;0;0;0;0;0;0;0;0;0;0;0;0;0;0
FR;8;2021-05-13;0;0;0;0;0;0;0;0;0;0;0;0;0;0;0;0;0;0
FR;8;2021-05-14;0;0;0;0;0;0;0;0;0;0;0;0;0;0;0;0;0;0
FR;8;2021-05-15;0;0;0;0;0;0;0;0;0;0;0;0;0;0;0;0;0;0
FR;8;2021-05-16;0;0;0;0;0;0;0;0;0;0;0;0;0;0;0;0;0;0
FR;8;2021-05-17;0;0;0;0;0;0;0;0;0;0;0;0;0;0;0;0;0;0
FR;8;2021-05-18;0;0;0;0;0;0;0;0;0;0;0;0;0;0;0;0;0;0
FR;8;2021-05-19;0;0;0;0;0;0;0;0;0;0;0;0;0;0;0;0;0;0
FR;8;2021-05-20;0;0;0;0;0;0;0;0;0;0;0;0;0;0;0;0;0;0
FR;8;2021-05-21;0;0;0;0;0;0;0;0;0;0;0;0;0;0;0;0;0;0
FR;8;2021-05-22;0;0;0;0;0;0;0;0;0;0;0;0;0;0;0;0;0;0
FR;8;2021-05-23;0;0;0;0;0;0;0;0;0;0;0;0;0;0;0;0;0;0
FR;8;2021-05-24;0;0;0;0;0;0;0;0;0;0;0;0;0;0;0;0;0;0
FR;8;2021-05-25;0;0;0;0;0;0;0;0;0;0;0;0;0;0;0;0;0;0
FR;8;2021-05-26;0;0;0;0;0;0;0;0;0;0;0;0;0;0;0;0;0;0
FR;8;2021-05-27;0;0;0;0;0;0;0;0;0;0;0;0;0;0;0;0;0;0
FR;8;2021-05-28;0;0;0;0;0;0;0;0;0;0;0;0;0;0;0;0;0;0
FR;8;2021-05-29;0;0;0;0;0;0;0;0;0;0;0;0;0;0;0;0;0;0
FR;8;2021-05-30;0;0;0;0;0;0;0;0;0;0;0;0;0;0;0;0;0;0
FR;8;2021-05-31;0;0;0;0;0;0;0;0;0;0;0;0;0;0;0;0;0;0
FR;8;2021-06-01;0;0;0;0;0;0;0;0;0;0;0;0;0;0;0;0;0;0
FR;8;2021-06-02;0;0;0;0;0;0;0;0;0;0;0;0;0;0;0;0;0;0
FR;8;2021-06-03;0;0;0;0;0;0;0;0;0;0;0;0;0;0;0;0;0;0
FR;8;2021-06-04;0;0;0;0;0;0;0;0;0;0;0;0;0;0;0;0;0;0
FR;8;2021-06-05;0;0;0;0;0;0;0;0;0;0;0;0;0;0;0;0;0;0
FR;8;2021-06-06;0;0;0;0;0;0;0;0;0;0;0;0;0;0;0;0;0;0
FR;8;2021-06-07;0;0;0;0;0;0;0;0;0;0;0;0;0;0;0;0;0;0
FR;8;2021-06-08;0;0;0;0;0;0;0;0;0;0;0;0;0;0;0;0;0;0
FR;8;2021-06-09;0;0;0;0;0;0;0;0;0;0;0;0;0;0;0;0;0;0
FR;8;2021-06-10;0;0;0;0;0;0;0;0;0;0;0;0;0;0;0;0;0;0
FR;8;2021-06-11;0;0;0;0;0;0;0;0;0;0;0;0;0;0;0;0;0;0
FR;8;2021-06-12;0;0;0;0;0;0;0;0;0;0;0;0;0;0;0;0;0;0
FR;8;2021-06-13;0;0;0;0;0;0;0;0;0;0;0;0;0;0;0;0;0;0
FR;8;2021-06-14;0;0;0;0;0;0;0;0;0;0;0;0;0;0;0;0;0;0
FR;8;2021-06-15;0;0;0;0;0;0;0;0;0;0;0;0;0;0;0;0;0;0
FR;8;2021-06-16;0;0;0;0;0;0;0;0;0;0;0;0;0;0;0;0;0;0
FR;8;2021-06-17;0;0;0;0;0;0;0;0;0;0;0;0;0;0;0;0;0;0
FR;8;2021-06-18;0;0;0;0;0;0;0;0;0;0;0;0;0;0;0;0;0;0
FR;8;2021-06-19;0;0;0;0;0;0;0;0;0;0;0;0;0;0;0;0;0;0
FR;8;2021-06-20;0;0;0;0;0;0;0;0;0;0;0;0;0;0;0;0;0;0
FR;8;2021-06-21;0;0;0;0;0;0;0;0;0;0;0;0;0;0;0;0;0;0
FR;8;2021-06-22;0;0;0;0;0;0;0;0;0;0;0;0;0;0;0;0;0;0
FR;8;2021-06-23;0;0;0;0;0;0;0;0;0;0;0;0;0;0;0;0;0;0
FR;8;2021-06-24;0;0;0;0;0;0;0;0;0;0;0;0;0;0;0;0;0;0
FR;8;2021-06-25;0;0;0;0;0;0;0;0;0;0;0;0;0;0;0;0;0;0
FR;8;2021-06-26;0;0;0;0;0;0;0;0;0;0;0;0;0;0;0;0;0;0
FR;8;2021-06-27;0;0;0;0;0;0;0;0;0;0;0;0;0;0;0;0;0;0
FR;8;2021-06-28;0;0;0;0;0;0;0;0;0;0;0;0;0;0;0;0;0;0
FR;8;2021-06-29;0;0;0;0;0;0;0;0;0;0;0;0;0;0;0;0;0;0
FR;8;2021-06-30;0;0;0;0;0;0;0;0;0;0;0;0;0;0;0;0;0;0
FR;8;2021-07-01;0;0;0;0;0;0;0;0;0;0;0;0;0;0;0;0;0;0
FR;8;2021-07-02;0;0;0;0;0;0;0;0;0;0;0;0;0;0;0;0;0;0
FR;8;2021-07-03;0;0;0;0;0;0;0;0;0;0;0;0;0;0;0;0;0;0
FR;8;2021-07-04;0;0;0;0;0;0;0;0;0;0;0;0;0;0;0;0;0;0
FR;8;2021-07-05;0;0;0;0;0;0;0;0;0;0;0;0;0;0;0;0;0;0
FR;8;2021-07-06;0;0;0;0;0;0;0;0;0;0;0;0;0;0;0;0;0;0
FR;8;2021-07-07;0;0;0;0;0;0;0;0;0;0;0;0;0;0;0;0;0;0
FR;8;2021-07-08;0;0;0;0;0;0;0;0;0;0;0;0;0;0;0;0;0;0
FR;8;2021-07-09;0;0;0;0;0;0;0;0;0;0;0;0;0;0;0;0;0;0
FR;8;2021-07-10;0;0;0;0;0;0;0;0;0;0;0;0;0;0;0;0;0;0
FR;8;2021-07-11;0;0;0;0;0;0;0;0;0;0;0;0;0;0;0;0;0;0
FR;8;2021-07-12;0;0;0;0;0;0;0;0;0;0;0;0;0;0;0;0;0;0
FR;8;2021-07-13;0;0;0;0;0;0;0;0;0;0;0;0;0;0;0;0;0;0
FR;8;2021-07-14;0;0;0;0;0;0;0;0;0;0;0;0;0;0;0;0;0;0
FR;8;2021-07-15;0;0;0;0;0;0;0;0;0;0;0;0;0;0;0;0;0;0
FR;8;2021-07-16;0;0;0;0;0;0;0;0;0;0;0;0;0;0;0;0;0;0
FR;8;2021-07-17;0;0;0;0;0;0;0;0;0;0;0;0;0;0;0;0;0;0
FR;8;2021-07-18;0;0;0;0;0;0;0;0;0;0;0;0;0;0;0;0;0;0
FR;8;2021-07-19;0;0;0;0;0;0;0;0;0;0;0;0;0;0;0;0;0;0
FR;8;2021-07-20;0;0;0;0;0;0;0;0;0;0;0;0;0;0;0;0;0;0
FR;8;2021-07-21;0;0;0;0;0;0;0;0;0;0;0;0;0;0;0;0;0;0
FR;8;2021-07-22;0;0;0;0;0;0;0;0;0;0;0;0;0;0;0;0;0;0
FR;8;2021-07-23;0;0;0;0;0;0;0;0;0;0;0;0;0;0;0;0;0;0
FR;8;2021-07-24;0;0;0;0;0;0;0;0;0;0;0;0;0;0;0;0;0;0
FR;8;2021-07-25;0;0;0;0;0;0;0;0;0;0;0;0;0;0;0;0;0;0
FR;8;2021-07-26;0;0;0;0;0;0;0;0;0;0;0;0;0;0;0;0;0;0
FR;8;2021-07-27;0;0;0;0;0;0;0;0;0;0;0;0;0;0;0;0;0;0
FR;8;2021-07-28;0;0;0;0;0;0;0;0;0;0;0;0;0;0;0;0;0;0
FR;8;2021-07-29;0;0;0;0;0;0;0;0;0;0;0;0;0;0;0;0;0;0
FR;8;2021-07-30;0;0;0;0;0;0;0;0;0;0;0;0;0;0;0;0;0;0
FR;8;2021-07-31;0;0;0;0;0;0;0;0;0;0;0;0;0;0;0;0;0;0
FR;8;2021-08-01;0;0;0;0;0;0;0;0;0;0;0;0;0;0;0;0;0;0
FR;8;2021-08-02;0;0;0;0;0;0;0;0;0;0;0;0;0;0;0;0;0;0
FR;8;2021-08-03;0;0;0;0;0;0;0;0;0;0;0;0;0;0;0;0;0;0
FR;8;2021-08-04;0;0;0;0;0;0;0;0;0;0;0;0;0;0;0;0;0;0
FR;8;2021-08-05;0;0;0;0;0;0;0;0;0;0;0;0;0;0;0;0;0;0
FR;8;2021-08-06;0;0;0;0;0;0;0;0;0;0;0;0;0;0;0;0;0;0
FR;8;2021-08-07;0;0;0;0;0;0;0;0;0;0;0;0;0;0;0;0;0;0
FR;8;2021-08-08;0;0;0;0;0;0;0;0;0;0;0;0;0;0;0;0;0;0
FR;8;2021-08-09;0;0;0;0;0;0;0;0;0;0;0;0;0;0;0;0;0;0
FR;8;2021-08-10;0;0;0;0;0;0;0;0;0;0;0;0;0;0;0;0;0;0
FR;8;2021-08-11;0;0;0;0;0;0;0;0;0;0;0;0;0;0;0;0;0;0
FR;8;2021-08-12;0;0;0;0;0;0;0;0;0;0;0;0;0;0;0;0;0;0
FR;8;2021-08-13;0;0;0;0;0;0;0;0;0;0;0;0;0;0;0;0;0;0
FR;8;2021-08-14;0;0;0;0;0;0;0;0;0;0;0;0;0;0;0;0;0;0
FR;8;2021-08-15;0;0;0;0;0;0;0;0;0;0;0;0;0;0;0;0;0;0
FR;8;2021-08-16;0;0;0;0;0;0;0;0;0;0;0;0;0;0;0;0;0;0
FR;8;2021-08-17;0;0;0;0;0;0;0;0;0;0;0;0;0;0;0;0;0;0
FR;8;2021-08-18;0;0;0;0;0;0;0;0;0;0;0;0;0;0;0;0;0;0
FR;8;2021-08-19;0;0;0;0;0;0;0;0;0;0;0;0;0;0;0;0;0;0
FR;8;2021-08-20;0;0;0;0;0;0;0;0;0;0;0;0;0;0;0;0;0;0
FR;8;2021-08-21;0;0;0;0;0;0;0;0;0;0;0;0;0;0;0;0;0;0
FR;8;2021-08-22;0;0;0;0;0;0;0;0;0;0;0;0;0;0;0;0;0;0
FR;8;2021-08-23;0;0;0;0;0;0;0;0;0;0;0;0;0;0;0;0;0;0
FR;8;2021-08-24;0;0;0;0;0;0;0;0;0;0;0;0;0;0;0;0;0;0
FR;8;2021-08-25;0;0;0;0;0;0;0;0;0;0;0;0;0;0;0;0;0;0
FR;8;2021-08-26;0;0;0;0;0;0;0;0;0;0;0;0;0;0;0;0;0;0
FR;8;2021-08-27;0;0;0;0;0;0;0;0;0;0;0;0;0;0;0;0;0;0
FR;8;2021-08-28;0;0;0;0;0;0;0;0;0;0;0;0;0;0;0;0;0;0
FR;8;2021-08-29;0;0;0;0;0;0;0;0;0;0;0;0;0;0;0;0;0;0
FR;8;2021-08-30;0;0;0;0;0;0;0;0;0;0;0;0;0;0;0;0;0;0
FR;8;2021-08-31;0;0;0;0;0;0;0;0;0;0;0;0;0;0;0;0;0;0
FR;8;2021-09-01;0;0;0;0;0;0;0;0;0;0;0;0;0;0;0;0;0;0
FR;8;2021-09-02;0;0;0;0;0;0;0;0;0;0;0;0;0;0;0;0;0;0
FR;8;2021-09-03;0;0;0;0;0;0;0;0;0;0;0;0;0;0;0;0;0;0
FR;8;2021-09-04;0;0;0;0;0;0;0;0;0;0;0;0;0;0;0;0;0;0
FR;8;2021-09-05;0;0;0;0;0;0;0;0;0;0;0;0;0;0;0;0;0;0
FR;8;2021-09-06;0;0;0;0;0;0;0;0;0;0;0;0;0;0;0;0;0;0
FR;8;2021-09-07;0;0;0;0;0;0;0;0;0;0;0;0;0;0;0;0;0;0
FR;8;2021-09-08;0;0;0;0;0;0;0;0;0;0;0;0;0;0;0;0;0;0
FR;8;2021-09-09;0;0;0;0;0;0;0;0;0;0;0;0;0;0;0;0;0;0
FR;8;2021-09-10;0;0;0;0;0;0;0;0;0;0;0;0;0;0;0;0;0;0
FR;8;2021-09-11;0;0;0;0;0;0;0;0;0;0;0;0;0;0;0;0;0;0
FR;8;2021-09-12;0;0;0;0;0;0;0;0;0;0;0;0;0;0;0;0;0;0
FR;8;2021-09-13;0;0;0;0;0;0;0;0;0;0;0;0;0;0;0;0;0;0
FR;8;2021-09-14;0;0;0;0;0;0;0;0;0;0;0;0;0;0;0;0;0;0
FR;8;2021-09-15;0;0;0;0;0;0;0;0;0;0;0;0;0;0;0;0;0;0
FR;8;2021-09-16;0;0;0;0;0;0;0;0;0;0;0;0;0;0;0;0;0;0
FR;8;2021-09-17;0;0;0;0;0;0;0;0;0;0;0;0;0;0;0;0;0;0
FR;8;2021-09-18;0;0;0;0;0;0;0;0;0;0;0;0;0;0;0;0;0;0
FR;8;2021-09-19;0;0;0;0;0;0;0;0;0;0;0;0;0;0;0;0;0;0
FR;8;2021-09-20;0;0;0;0;0;0;0;0;0;0;0;0;0;0;0;0;0;0
FR;8;2021-09-21;0;0;0;0;0;0;0;0;0;0;0;0;0;0;0;0;0;0
FR;8;2021-09-22;0;0;0;0;0;0;0;0;0;0;0;0;0;0;0;0;0;0
FR;8;2021-09-23;0;0;0;0;0;0;0;0;0;0;0;0;0;0;0;0;0;0
FR;8;2021-09-24;0;0;0;0;0;0;0;0;0;0;0;0;0;0;0;0;0;0
FR;8;2021-09-25;0;0;0;0;0;0;0;0;0;0;0;0;0;0;0;0;0;0
FR;8;2021-09-26;0;0;0;0;0;0;0;0;0;0;0;0;0;0;0;0;0;0
FR;8;2021-09-27;0;0;0;0;0;0;0;0;0;0;0;0;0;0;0;0;0;0
FR;8;2021-09-28;0;0;0;0;0;0;0;0;0;0;0;0;0;0;0;0;0;0
FR;8;2021-09-29;0;0;0;0;0;0;0;0;0;0;0;0;0;0;0;0;0;0
FR;8;2021-09-30;0;0;0;0;0;0;0;0;0;0;0;0;0;0;0;0;0;0
FR;8;2021-10-01;0;0;0;0;0;0;0;0;0;0;0;0;0;0;0;0;0;0
FR;8;2021-10-02;0;0;0;0;0;0;0;0;0;0;0;0;0;0;0;0;0;0
FR;8;2021-10-03;0;0;0;0;0;0;0;0;0;0;0;0;0;0;0;0;0;0
FR;8;2021-10-04;0;0;0;0;0;0;0;0;0;0;0;0;0;0;0;0;0;0
FR;8;2021-10-05;0;0;0;0;0;0;0;0;0;0;0;0;0;0;0;0;0;0
FR;8;2021-10-06;0;0;0;0;0;0;0;0;0;0;0;0;0;0;0;0;0;0
FR;8;2021-10-07;0;0;0;0;0;0;0;0;0;0;0;0;0;0;0;0;0;0
FR;8;2021-10-08;0;0;0;0;0;0;0;0;0;0;0;0;0;0;0;0;0;0
FR;8;2021-10-09;0;0;0;0;0;0;0;0;0;0;0;0;0;0;0;0;0;0
FR;8;2021-10-10;0;0;0;0;0;0;0;0;0;0;0;0;0;0;0;0;0;0
FR;8;2021-10-11;0;0;0;0;0;0;0;0;0;0;0;0;0;0;0;0;0;0
FR;8;2021-10-12;0;0;0;0;0;0;0;0;0;0;0;0;0;0;0;0;0;0
FR;8;2021-10-13;0;0;0;0;0;0;0;0;0;0;0;0;0;0;0;0;0;0
FR;8;2021-10-14;0;0;0;0;0;0;0;0;0;0;0;0;0;0;0;0;0;0
FR;8;2021-10-15;0;0;0;0;0;0;0;0;0;0;0;0;0;0;0;0;0;0
FR;8;2021-10-16;0;0;0;0;0;0;0;0;0;0;0;0;0;0;0;0;0;0
FR;8;2021-10-17;0;0;0;0;0;0;0;0;0;0;0;0;0;0;0;0;0;0
FR;8;2021-10-18;0;0;0;0;0;0;0;0;0;0;0;0;0;0;0;0;0;0
FR;8;2021-10-19;0;0;0;0;0;0;0;0;0;0;0;0;0;0;0;0;0;0
FR;8;2021-10-20;0;0;0;0;0;0;0;0;0;0;0;0;0;0;0;0;0;0
FR;8;2021-10-21;0;0;0;0;0;0;0;0;0;0;0;0;0;0;0;0;0;0
FR;8;2021-10-22;0;0;0;0;0;0;0;0;0;0;0;0;0;0;0;0;0;0
FR;8;2021-10-23;0;0;0;0;0;0;0;0;0;0;0;0;0;0;0;0;0;0
FR;8;2021-10-24;0;0;0;0;0;0;0;0;0;0;0;0;0;0;0;0;0;0
FR;8;2021-10-25;0;0;0;0;0;0;0;0;0;0;0;0;0;0;0;0;0;0
FR;8;2021-10-26;0;0;0;0;0;0;0;0;0;0;0;0;0;0;0;0;0;0
FR;8;2021-10-27;0;0;0;0;0;0;0;0;0;0;0;0;0;0;0;0;0;0
FR;8;2021-10-28;0;0;0;0;0;0;0;0;0;0;0;0;0;0;0;0;0;0
FR;8;2021-10-29;0;0;0;0;0;0;0;0;0;0;0;0;0;0;0;0;0;0
FR;8;2021-10-30;0;0;0;0;0;0;0;0;0;0;0;0;0;0;0;0;0;0
FR;8;2021-10-31;0;0;0;0;0;0;0;0;0;0;0;0;0;0;0;0;0;0
FR;8;2021-11-01;0;0;0;0;0;0;0;0;0;0;0;0;0;0;0;0;0;0
FR;8;2021-11-02;0;0;0;0;0;0;0;0;0;0;0;0;0;0;0;0;0;0
FR;8;2021-11-03;0;0;0;0;0;0;0;0;0;0;0;0;0;0;0;0;0;0
FR;8;2021-11-04;0;0;0;0;0;0;0;0;0;0;0;0;0;0;0;0;0;0
FR;8;2021-11-05;0;0;0;0;0;0;0;0;0;0;0;0;0;0;0;0;0;0
FR;8;2021-11-06;0;0;0;0;0;0;0;0;0;0;0;0;0;0;0;0;0;0
FR;8;2021-11-07;0;0;0;0;0;0;0;0;0;0;0;0;0;0;0;0;0;0
FR;8;2021-11-08;0;0;0;0;0;0;0;0;0;0;0;0;0;0;0;0;0;0
FR;8;2021-11-09;0;0;0;0;0;0;0;0;0;0;0;0;0;0;0;0;0;0
FR;8;2021-11-10;0;0;0;0;0;0;0;0;0;0;0;0;0;0;0;0;0;0
FR;8;2021-11-11;0;0;0;0;0;0;0;0;0;0;0;0;0;0;0;0;0;0
FR;8;2021-11-12;0;0;0;0;0;0;0;0;0;0;0;0;0;0;0;0;0;0
FR;8;2021-11-13;0;0;0;0;0;0;0;0;0;0;0;0;0;0;0;0;0;0
FR;8;2021-11-14;0;0;0;0;0;0;0;0;0;0;0;0;0;0;0;0;0;0
FR;8;2021-11-15;0;0;0;0;0;0;0;0;0;0;0;0;0;0;0;0;0;0
FR;8;2021-11-16;0;0;0;0;0;0;0;0;0;0;0;0;0;0;0;0;0;0
FR;8;2021-11-17;0;0;0;0;0;0;0;0;0;0;0;0;0;0;0;0;0;0
FR;8;2021-11-18;0;0;0;0;0;0;0;0;0;0;0;0;0;0;0;0;0;0
FR;8;2021-11-19;0;0;0;0;0;0;0;0;0;0;0;0;0;0;0;0;0;0
FR;8;2021-11-20;0;0;0;0;0;0;0;0;0;0;0;0;0;0;0;0;0;0
FR;8;2021-11-21;0;0;0;0;0;0;0;0;0;0;0;0;0;0;0;0;0;0
FR;8;2021-11-22;0;0;0;0;0;0;0;0;0;0;0;0;0;0;0;0;0;0
FR;8;2021-11-23;0;0;0;0;0;0;0;0;0;0;0;0;0;0;0;0;0;0
FR;8;2021-11-24;0;0;0;0;0;0;0;0;0;0;0;0;0;0;0;0;0;0
FR;8;2021-11-25;0;0;0;0;0;0;0;0;0;0;0;0;0;0;0;0;0;0
FR;8;2021-11-26;0;0;0;0;0;0;0;0;0;0;0;0;0;0;0;0;0;0
FR;8;2021-11-27;0;0;0;0;0;0;0;0;0;0;0;0;0;0;0;0;0;0
FR;8;2021-11-28;0;0;0;0;0;0;0;0;0;0;0;0;0;0;0;0;0;0
FR;8;2021-11-29;0;0;0;0;0;0;0;0;0;0;0;0;0;0;0;0;0;0
FR;8;2021-11-30;0;0;0;0;0;0;0;0;0;0;0;0;0;0;0;0;0;0
FR;8;2021-12-01;0;0;0;0;0;0;0;0;0;0;0;0;0;0;0;0;0;0
FR;8;2021-12-02;0;0;0;0;0;0;0;0;0;0;0;0;0;0;0;0;0;0
FR;8;2021-12-03;0;0;0;0;0;0;0;0;0;0;0;0;0;0;0;0;0;0
FR;8;2021-12-04;0;0;0;0;0;0;0;0;0;0;0;0;0;0;0;0;0;0
FR;8;2021-12-05;0;0;0;0;0;0;0;0;0;0;0;0;0;0;0;0;0;0
FR;8;2021-12-06;0;0;0;0;0;0;0;0;0;0;0;0;0;0;0;0;0;0
FR;8;2021-12-07;0;0;0;0;0;0;0;0;0;0;0;0;0;0;0;0;0;0
FR;8;2021-12-08;0;0;0;0;0;0;0;0;0;0;0;0;0;0;0;0;0;0
FR;8;2021-12-09;0;0;0;0;0;0;0;0;0;0;0;0;0;0;0;0;0;0
FR;8;2021-12-10;0;0;0;0;0;0;0;0;0;0;0;0;0;0;0;0;0;0
FR;8;2021-12-11;0;0;0;0;0;0;0;0;0;0;0;0;0;0;0;0;0;0
FR;8;2021-12-12;0;0;0;0;0;0;0;0;0;0;0;0;0;0;0;0;0;0
FR;8;2021-12-13;0;0;0;0;0;0;0;0;0;0;0;0;0;0;0;0;0;0
FR;8;2021-12-14;0;0;0;0;0;0;0;0;0;0;0;0;0;0;0;0;0;0
FR;8;2021-12-15;0;0;0;0;0;0;0;0;0;0;0;0;0;0;0;0;0;0
FR;8;2021-12-16;0;0;0;0;0;0;0;0;0;0;0;0;0;0;0;0;0;0
FR;8;2021-12-17;0;0;0;0;0;0;0;0;0;0;0;0;0;0;0;0;0;0
FR;8;2021-12-18;0;0;0;0;0;0;0;0;0;0;0;0;0;0;0;0;0;0
FR;8;2021-12-19;0;0;0;0;0;0;0;0;0;0;0;0;0;0;0;0;0;0
FR;8;2021-12-20;0;0;0;0;0;0;0;0;0;0;0;0;0;0;0;0;0;0
FR;8;2021-12-21;0;0;0;0;0;0;0;0;0;0;0;0;0;0;0;0;0;0
FR;8;2021-12-22;0;0;0;0;0;0;0;0;0;0;0;0;0;0;0;0;0;0
FR;8;2021-12-23;0;0;0;0;0;0;0;0;0;0;0;0;0;0;0;0;0;0
FR;8;2021-12-24;0;0;0;0;0;0;0;0;0;0;0;0;0;0;0;0;0;0
FR;8;2021-12-25;0;0;0;0;0;0;0;0;0;0;0;0;0;0;0;0;0;0
FR;8;2021-12-26;0;0;0;0;0;0;0;0;0;0;0;0;0;0;0;0;0;0
FR;8;2021-12-27;0;0;0;0;0;0;0;0;0;0;0;0;0;0;0;0;0;0
FR;8;2021-12-28;0;0;0;0;0;0;0;0;0;0;0;0;0;0;0;0;0;0
FR;8;2021-12-29;0;0;0;0;0;0;0;0;0;0;0;0;0;0;0;0;0;0
FR;8;2021-12-30;0;0;0;0;0;0;0;0;0;0;0;0;0;0;0;0;0;0
FR;8;2021-12-31;0;0;0;0;0;0;0;0;0;0;0;0;0;0;0;0;0;0
FR;8;2022-01-01;0;0;0;0;0;0;0;0;0;0;0;0;0;0;0;0;0;0
FR;8;2022-01-02;0;0;0;0;0;0;0;0;0;0;0;0;0;0;0;0;0;0
FR;8;2022-01-03;0;0;0;0;0;0;0;0;0;0;0;0;0;0;0;0;0;0
FR;8;2022-01-04;0;0;0;0;0;0;0;0;0;0;0;0;0;0;0;0;0;0
FR;8;2022-01-05;0;0;0;0;0;0;0;0;0;0;0;0;0;0;0;0;0;0
FR;8;2022-01-06;0;0;0;0;0;0;0;0;0;0;0;0;0;0;0;0;0;0
FR;8;2022-01-07;0;0;0;0;0;0;0;0;0;0;0;0;0;0;0;0;0;0
FR;8;2022-01-08;0;0;0;0;0;0;0;0;0;0;0;0;0;0;0;0;0;0
FR;8;2022-01-09;0;0;0;0;0;0;0;0;0;0;0;0;0;0;0;0;0;0
FR;8;2022-01-10;0;0;0;0;0;0;0;0;0;0;0;0;0;0;0;0;0;0
FR;8;2022-01-11;0;0;0;0;0;0;0;0;0;0;0;0;0;0;0;0;0;0
FR;8;2022-01-12;0;0;0;0;0;0;0;0;0;0;0;0;0;0;0;0;0;0
FR;8;2022-01-13;0;0;0;0;0;0;0;0;0;0;0;0;0;0;0;0;0;0
FR;8;2022-01-14;0;0;0;0;0;0;0;0;0;0;0;0;0;0;0;0;0;0
FR;8;2022-01-15;0;0;0;0;0;0;0;0;0;0;0;0;0;0;0;0;0;0
FR;8;2022-01-16;0;0;0;0;0;0;0;0;0;0;0;0;0;0;0;0;0;0
FR;8;2022-01-17;0;0;0;0;0;0;0;0;0;0;0;0;0;0;0;0;0;0
FR;8;2022-01-18;0;0;0;0;0;0;0;0;0;0;0;0;0;0;0;0;0;0
FR;8;2022-01-19;0;0;0;0;0;0;0;0;0;0;0;0;0;0;0;0;0;0
FR;8;2022-01-20;0;0;0;0;0;0;0;0;0;0;0;0;0;0;0;0;0;0
FR;8;2022-01-21;0;0;0;0;0;0;0;0;0;0;0;0;0;0;0;0;0;0
FR;8;2022-01-22;0;0;0;0;0;0;0;0;0;0;0;0;0;0;0;0;0;0
FR;8;2022-01-23;0;0;0;0;0;0;0;0;0;0;0;0;0;0;0;0;0;0
FR;8;2022-01-24;0;0;0;0;0;0;0;0;0;0;0;0;0;0;0;0;0;0
FR;8;2022-01-25;0;0;0;0;0;0;0;0;0;0;0;0;0;0;0;0;0;0
FR;8;2022-01-26;0;0;0;0;0;0;0;0;0;0;0;0;0;0;0;0;0;0
FR;8;2022-01-27;0;0;0;0;0;0;0;0;0;0;0;0;0;0;0;0;0;0
FR;8;2022-01-28;0;0;0;0;0;0;0;0;0;0;0;0;0;0;0;0;0;0
FR;8;2022-01-29;0;0;0;0;0;0;0;0;0;0;0;0;0;0;0;0;0;0
FR;8;2022-01-30;0;0;0;0;0;0;0;0;0;0;0;0;0;0;0;0;0;0
FR;8;2022-01-31;0;0;0;0;0;0;0;0;0;0;0;0;0;0;0;0;0;0
FR;8;2022-02-01;0;0;0;0;0;0;0;0;0;0;0;0;0;0;0;0;0;0
FR;8;2022-02-02;0;0;0;0;0;0;0;0;0;0;0;0;0;0;0;0;0;0
FR;8;2022-02-03;0;0;0;0;0;0;0;0;0;0;0;0;0;0;0;0;0;0
FR;8;2022-02-04;0;0;0;0;0;0;0;0;0;0;0;0;0;0;0;0;0;0
FR;8;2022-02-05;0;0;0;0;0;0;0;0;0;0;0;0;0;0;0;0;0;0
FR;8;2022-02-06;0;0;0;0;0;0;0;0;0;0;0;0;0;0;0;0;0;0
FR;8;2022-02-07;0;0;0;0;0;0;0;0;0;0;0;0;0;0;0;0;0;0
FR;8;2022-02-08;0;0;0;0;0;0;0;0;0;0;0;0;0;0;0;0;0;0
FR;8;2022-02-09;0;0;0;0;0;0;0;0;0;0;0;0;0;0;0;0;0;0
FR;8;2022-02-10;0;0;0;0;0;0;0;0;0;0;0;0;0;0;0;0;0;0
FR;8;2022-02-11;0;0;0;0;0;0;0;0;0;0;0;0;0;0;0;0;0;0
FR;8;2022-02-12;0;0;0;0;0;0;0;0;0;0;0;0;0;0;0;0;0;0
FR;8;2022-02-13;0;0;0;0;0;0;0;0;0;0;0;0;0;0;0;0;0;0
FR;8;2022-02-14;0;0;0;0;0;0;0;0;0;0;0;0;0;0;0;0;0;0
FR;8;2022-02-15;0;0;0;0;0;0;0;0;0;0;0;0;0;0;0;0;0;0
FR;8;2022-02-16;0;0;0;0;0;0;0;0;0;0;0;0;0;0;0;0;0;0
FR;8;2022-02-17;0;0;0;0;0;0;0;0;0;0;0;0;0;0;0;0;0;0
FR;8;2022-02-18;0;0;0;0;0;0;0;0;0;0;0;0;0;0;0;0;0;0
FR;8;2022-02-19;0;0;0;0;0;0;0;0;0;0;0;0;0;0;0;0;0;0
FR;8;2022-02-20;0;0;0;0;0;0;0;0;0;0;0;0;0;0;0;0;0;0
FR;8;2022-02-21;0;0;0;0;0;0;0;0;0;0;0;0;0;0;0;0;0;0
FR;8;2022-02-22;0;0;0;0;0;0;0;0;0;0;0;0;0;0;0;0;0;0
FR;8;2022-02-23;0;0;0;0;0;0;0;0;0;0;0;0;0;0;0;0;0;0
FR;8;2022-02-24;0;0;0;0;0;0;0;0;0;0;0;0;0;0;0;0;0;0
FR;8;2022-02-25;0;0;0;0;0;0;0;0;0;0;0;0;0;0;0;0;0;0
FR;8;2022-02-26;0;0;0;0;0;0;0;0;0;0;0;0;0;0;0;0;0;0
FR;8;2022-02-27;0;0;0;0;0;0;0;0;0;0;0;0;0;0;0;0;0;0
FR;8;2022-02-28;0;0;0;0;0;0;0;0;0;0;0;0;0;0;0;0;0;0
FR;8;2022-03-01;0;0;0;0;0;0;0;0;0;0;0;0;0;0;0;0;0;0
FR;8;2022-03-02;0;0;0;0;0;0;0;0;0;0;0;0;0;0;0;0;0;0
FR;8;2022-03-03;0;0;0;0;0;0;0;0;0;0;0;0;0;0;0;0;0;0
FR;8;2022-03-04;0;0;0;0;0;0;0;0;0;0;0;0;0;0;0;0;0;0
FR;8;2022-03-05;0;0;0;0;0;0;0;0;0;0;0;0;0;0;0;0;0;0
FR;8;2022-03-06;0;0;0;0;0;0;0;0;0;0;0;0;0;0;0;0;0;0
FR;8;2022-03-07;0;0;0;0;0;0;0;0;0;0;0;0;0;0;0;0;0;0
FR;8;2022-03-08;0;0;0;0;0;0;0;0;0;0;0;0;0;0;0;0;0;0
FR;8;2022-03-09;0;0;0;0;0;0;0;0;0;0;0;0;0;0;0;0;0;0
FR;8;2022-03-10;0;0;0;0;0;0;0;0;0;0;0;0;0;0;0;0;0;0
FR;8;2022-03-11;0;0;0;0;0;0;0;0;0;0;0;0;0;0;0;0;0;0
FR;8;2022-03-12;0;0;0;0;0;0;0;0;0;0;0;0;0;0;0;0;0;0
FR;8;2022-03-13;0;0;0;0;0;0;0;0;0;0;0;0;0;0;0;0;0;0
FR;8;2022-03-14;0;0;0;0;0;0;0;0;0;0;0;0;0;0;0;0;0;0
FR;8;2022-03-15;0;0;0;0;0;0;0;0;0;0;0;0;0;0;0;0;0;0
FR;8;2022-03-16;0;0;0;0;0;0;0;0;0;0;0;0;0;0;0;0;0;0
FR;8;2022-03-17;0;0;0;0;0;0;0;0;0;0;0;0;0;0;0;0;0;0
FR;8;2022-03-18;0;0;0;0;0;0;0;0;0;0;0;0;0;0;0;0;0;0
FR;8;2022-03-19;0;0;0;0;0;0;0;0;0;0;0;0;0;0;0;0;0;0
FR;8;2022-03-20;0;0;0;0;0;0;0;0;0;0;0;0;0;0;0;0;0;0
FR;8;2022-03-21;0;0;0;0;0;0;0;0;0;0;0;0;0;0;0;0;0;0
FR;8;2022-03-22;0;0;0;0;0;0;0;0;0;0;0;0;0;0;0;0;0;0
FR;8;2022-03-23;0;0;0;0;0;0;0;0;0;0;0;0;0;0;0;0;0;0
FR;8;2022-03-24;0;0;0;0;0;0;0;0;0;0;0;0;0;0;0;0;0;0
FR;8;2022-03-25;0;0;0;0;0;0;0;0;0;0;0;0;0;0;0;0;0;0
FR;8;2022-03-26;0;0;0;0;0;0;0;0;0;0;0;0;0;0;0;0;0;0
FR;8;2022-03-27;0;0;0;0;0;0;0;0;0;0;0;0;0;0;0;0;0;0
FR;8;2022-03-28;0;0;0;0;0;0;0;0;0;0;0;0;0;0;0;0;0;0
FR;8;2022-03-29;0;0;0;0;0;0;0;0;0;0;0;0;0;0;0;0;0;0
FR;8;2022-03-30;0;0;0;0;0;0;0;0;0;0;0;0;0;0;0;0;0;0
FR;8;2022-03-31;0;0;0;0;0;0;0;0;0;0;0;0;0;0;0;0;0;0
FR;8;2022-04-01;0;0;0;0;0;0;0;0;0;0;0;0;0;0;0;0;0;0
FR;8;2022-04-02;0;0;0;0;0;0;0;0;0;0;0;0;0;0;0;0;0;0
FR;8;2022-04-03;0;0;0;0;0;0;0;0;0;0;0;0;0;0;0;0;0;0
FR;8;2022-04-04;0;0;0;0;0;0;0;0;0;0;0;0;0;0;0;0;0;0
FR;8;2022-04-05;0;0;0;0;0;0;0;0;0;0;0;0;0;0;0;0;0;0
FR;8;2022-04-06;0;0;0;0;0;0;0;0;0;0;0;0;0;0;0;0;0;0
FR;8;2022-04-07;0;0;0;0;0;0;0;0;0;0;0;0;0;0;0;0;0;0
FR;8;2022-04-08;0;0;0;0;0;0;0;0;0;0;0;0;0;0;0;0;0;0
FR;8;2022-04-09;0;0;0;0;0;0;0;0;0;0;0;0;0;0;0;0;0;0
FR;8;2022-04-10;0;0;0;0;0;0;0;0;0;0;0;0;0;0;0;0;0;0
FR;8;2022-04-11;0;0;0;0;0;0;0;0;0;0;0;0;0;0;0;0;0;0
FR;8;2022-04-12;0;0;0;0;0;0;0;0;0;0;0;0;0;0;0;0;0;0
FR;8;2022-04-13;0;0;0;0;0;0;0;0;0;0;0;0;0;0;0;0;0;0
FR;8;2022-04-14;0;0;0;0;0;0;0;0;0;0;0;0;0;0;0;0;0;0
FR;8;2022-04-15;0;0;0;0;0;0;0;0;0;0;0;0;0;0;0;0;0;0
FR;8;2022-04-16;0;0;0;0;0;0;0;0;0;0;0;0;0;0;0;0;0;0
FR;8;2022-04-17;0;0;0;0;0;0;0;0;0;0;0;0;0;0;0;0;0;0
FR;8;2022-04-18;0;0;0;0;0;0;0;0;0;0;0;0;0;0;0;0;0;0
FR;8;2022-04-19;0;0;0;0;0;0;0;0;0;0;0;0;0;0;0;0;0;0
FR;8;2022-04-20;0;0;0;0;0;0;0;0;0;0;0;0;0;0;0;0;0;0
FR;8;2022-04-21;0;0;0;0;0;0;0;0;0;0;0;0;0;0;0;0;0;0
FR;8;2022-04-22;0;0;0;0;0;0;0;0;0;0;0;0;0;0;0;0;0;0
FR;8;2022-04-23;0;0;0;0;0;0;0;0;0;0;0;0;0;0;0;0;0;0
FR;8;2022-04-24;0;0;0;0;0;0;0;0;0;0;0;0;0;0;0;0;0;0
FR;8;2022-04-25;0;0;0;0;0;0;0;0;0;0;0;0;0;0;0;0;0;0
FR;8;2022-04-26;0;0;0;0;0;0;0;0;0;0;0;0;0;0;0;0;0;0
FR;8;2022-04-27;0;0;0;0;0;0;0;0;0;0;0;0;0;0;0;0;0;0
FR;8;2022-04-28;0;0;0;0;0;0;0;0;0;0;0;0;0;0;0;0;0;0
FR;8;2022-04-29;0;0;0;0;0;0;0;0;0;0;0;0;0;0;0;0;0;0
FR;8;2022-04-30;0;0;0;0;0;0;0;0;0;0;0;0;0;0;0;0;0;0
FR;8;2022-05-01;0;0;0;0;0;0;0;0;0;0;0;0;0;0;0;0;0;0
FR;8;2022-05-02;0;0;0;0;0;0;0;0;0;0;0;0;0;0;0;0;0;0
FR;8;2022-05-03;0;0;0;0;0;0;0;0;0;0;0;0;0;0;0;0;0;0
FR;8;2022-05-04;0;0;0;0;0;0;0;0;0;0;0;0;0;0;0;0;0;0
FR;8;2022-05-05;0;0;0;0;0;0;0;0;0;0;0;0;0;0;0;0;0;0
FR;8;2022-05-06;0;0;0;0;0;0;0;0;0;0;0;0;0;0;0;0;0;0
FR;8;2022-05-07;0;0;0;0;0;0;0;0;0;0;0;0;0;0;0;0;0;0
FR;8;2022-05-08;0;0;0;0;0;0;0;0;0;0;0;0;0;0;0;0;0;0
FR;8;2022-05-09;0;0;0;0;0;0;0;0;0;0;0;0;0;0;0;0;0;0
FR;8;2022-05-10;0;0;0;0;0;0;0;0;0;0;0;0;0;0;0;0;0;0
FR;8;2022-05-11;0;0;0;0;0;0;0;0;0;0;0;0;0;0;0;0;0;0
FR;8;2022-05-12;0;0;0;0;0;0;0;0;0;0;0;0;0;0;0;0;0;0
FR;8;2022-05-13;0;0;0;0;0;0;0;0;0;0;0;0;0;0;0;0;0;0
FR;8;2022-05-14;0;0;0;0;0;0;0;0;0;0;0;0;0;0;0;0;0;0
FR;8;2022-05-15;0;0;0;0;0;0;0;0;0;0;0;0;0;0;0;0;0;0
FR;8;2022-05-16;0;0;0;0;0;0;0;0;0;0;0;0;0;0;0;0;0;0
FR;8;2022-05-17;0;0;0;0;0;0;0;0;0;0;0;0;0;0;0;0;0;0
FR;8;2022-05-18;0;0;0;0;0;0;0;0;0;0;0;0;0;0;0;0;0;0
FR;8;2022-05-19;0;0;0;0;0;0;0;0;0;0;0;0;0;0;0;0;0;0
FR;8;2022-05-20;0;0;0;0;0;0;0;0;0;0;0;0;0;0;0;0;0;0
FR;8;2022-05-21;0;0;0;0;0;0;0;0;0;0;0;0;0;0;0;0;0;0
FR;8;2022-05-22;0;0;0;0;0;0;0;0;0;0;0;0;0;0;0;0;0;0
FR;8;2022-05-23;0;0;0;0;0;0;0;0;0;0;0;0;0;0;0;0;0;0
FR;8;2022-05-24;0;0;0;0;0;0;0;0;0;0;0;0;0;0;0;0;0;0
FR;8;2022-05-25;0;0;0;0;0;0;0;0;0;0;0;0;0;0;0;0;0;0
FR;8;2022-05-26;0;0;0;0;0;0;0;0;0;0;0;0;0;0;0;0;0;0
FR;8;2022-05-27;0;0;0;0;0;0;0;0;0;0;0;0;0;0;0;0;0;0
FR;8;2022-05-28;0;0;0;0;0;0;0;0;0;0;0;0;0;0;0;0;0;0
FR;8;2022-05-29;0;0;0;0;0;0;0;0;0;0;0;0;0;0;0;0;0;0
FR;8;2022-05-30;0;0;0;0;0;0;0;0;0;0;0;0;0;0;0;0;0;0
FR;8;2022-05-31;0;0;0;0;0;0;0;0;0;0;0;0;0;0;0;0;0;0
FR;8;2022-06-01;0;0;0;0;0;0;0;0;0;0;0;0;0;0;0;0;0;0
FR;8;2022-06-02;0;0;0;0;0;0;0;0;0;0;0;0;0;0;0;0;0;0
FR;8;2022-06-03;0;0;0;0;0;0;0;0;0;0;0;0;0;0;0;0;0;0
FR;8;2022-06-04;0;0;0;0;0;0;0;0;0;0;0;0;0;0;0;0;0;0
FR;8;2022-06-05;0;0;0;0;0;0;0;0;0;0;0;0;0;0;0;0;0;0
FR;8;2022-06-06;0;0;0;0;0;0;0;0;0;0;0;0;0;0;0;0;0;0
FR;8;2022-06-07;0;0;0;0;0;0;0;0;0;0;0;0;0;0;0;0;0;0
FR;8;2022-06-08;0;0;0;0;0;0;0;0;0;0;0;0;0;0;0;0;0;0
FR;8;2022-06-09;0;0;0;0;0;0;0;0;0;0;0;0;0;0;0;0;0;0
FR;8;2022-06-10;0;0;0;0;0;0;0;0;0;0;0;0;0;0;0;0;0;0
FR;8;2022-06-11;0;0;0;0;0;0;0;0;0;0;0;0;0;0;0;0;0;0
FR;8;2022-06-12;0;0;0;0;0;0;0;0;0;0;0;0;0;0;0;0;0;0
FR;8;2022-06-13;0;0;0;0;0;0;0;0;0;0;0;0;0;0;0;0;0;0
FR;8;2022-06-14;0;0;0;0;0;0;0;0;0;0;0;0;0;0;0;0;0;0
FR;8;2022-06-15;0;0;0;0;0;0;0;0;0;0;0;0;0;0;0;0;0;0
FR;8;2022-06-16;0;0;0;0;0;0;0;0;0;0;0;0;0;0;0;0;0;0
FR;8;2022-06-17;0;0;0;0;0;0;0;0;0;0;0;0;0;0;0;0;0;0
FR;8;2022-06-18;0;0;0;0;0;0;0;0;0;0;0;0;0;0;0;0;0;0
FR;8;2022-06-19;0;0;0;0;0;0;0;0;0;0;0;0;0;0;0;0;0;0
FR;8;2022-06-20;0;0;0;0;0;0;0;0;0;0;0;0;0;0;0;0;0;0
FR;8;2022-06-21;0;0;0;0;0;0;0;0;0;0;0;0;0;0;0;0;0;0
FR;8;2022-06-22;0;0;0;0;0;0;0;0;0;0;0;0;0;0;0;0;0;0
FR;8;2022-06-23;0;0;0;0;0;0;0;0;0;0;0;0;0;0;0;0;0;0
FR;8;2022-06-24;0;0;0;0;0;0;0;0;0;0;0;0;0;0;0;0;0;0
FR;8;2022-06-25;0;0;0;0;0;0;0;0;0;0;0;0;0;0;0;0;0;0
FR;8;2022-06-26;0;0;0;0;0;0;0;0;0;0;0;0;0;0;0;0;0;0
FR;8;2022-06-27;0;0;0;0;0;0;0;0;0;0;0;0;0;0;0;0;0;0
FR;8;2022-06-28;0;0;0;0;0;0;0;0;0;0;0;0;0;0;0;0;0;0
FR;8;2022-06-29;0;0;0;0;0;0;0;0;0;0;0;0;0;0;0;0;0;0
FR;8;2022-06-30;0;0;0;0;0;0;0;0;0;0;0;0;0;0;0;0;0;0
FR;8;2022-07-01;0;0;0;0;0;0;0;0;0;0;0;0;0;0;0;0;0;0
FR;8;2022-07-02;0;0;0;0;0;0;0;0;0;0;0;0;0;0;0;0;0;0
FR;8;2022-07-03;0;0;0;0;0;0;0;0;0;0;0;0;0;0;0;0;0;0
FR;8;2022-07-04;0;0;0;0;0;0;0;0;0;0;0;0;0;0;0;0;0;0
FR;8;2022-07-05;0;0;0;0;0;0;0;0;0;0;0;0;0;0;0;0;0;0
FR;8;2022-07-06;0;0;0;0;0;0;0;0;0;0;0;0;0;0;0;0;0;0
FR;8;2022-07-07;0;0;0;0;0;0;0;0;0;0;0;0;0;0;0;0;0;0
FR;8;2022-07-08;0;0;0;0;0;0;0;0;0;0;0;0;0;0;0;0;0;0
FR;8;2022-07-09;0;0;0;0;0;0;0;0;0;0;0;0;0;0;0;0;0;0
FR;8;2022-07-10;0;0;0;0;0;0;0;0;0;0;0;0;0;0;0;0;0;0
FR;8;2022-07-11;0;0;0;0;0;0;0;0;0;0;0;0;0;0;0;0;0;0
FR;8;2022-07-12;0;0;0;0;0;0;0;0;0;0;0;0;0;0;0;0;0;0
FR;8;2022-07-13;0;0;0;0;0;0;0;0;0;0;0;0;0;0;0;0;0;0
FR;8;2022-07-14;0;0;0;0;0;0;0;0;0;0;0;0;0;0;0;0;0;0
FR;8;2022-07-15;0;0;0;0;0;0;0;0;0;0;0;0;0;0;0;0;0;0
FR;8;2022-07-16;0;0;0;0;0;0;0;0;0;0;0;0;0;0;0;0;0;0
FR;8;2022-07-17;0;0;0;0;0;0;0;0;0;0;0;0;0;0;0;0;0;0
FR;8;2022-07-18;0;0;0;0;0;0;0;0;0;0;0;0;0;0;0;0;0;0
FR;8;2022-07-19;0;0;0;0;0;0;0;0;0;0;0;0;0;0;0;0;0;0
FR;8;2022-07-20;0;0;0;0;0;0;0;0;0;0;0;0;0;0;0;0;0;0
FR;8;2022-07-21;0;0;0;0;0;0;0;0;0;0;0;0;0;0;0;0;0;0
FR;8;2022-07-22;0;0;0;0;0;0;0;0;0;0;0;0;0;0;0;0;0;0
FR;8;2022-07-23;0;0;0;0;0;0;0;0;0;0;0;0;0;0;0;0;0;0
FR;8;2022-07-24;0;0;0;0;0;0;0;0;0;0;0;0;0;0;0;0;0;0
FR;8;2022-07-25;0;0;0;0;0;0;0;0;0;0;0;0;0;0;0;0;0;0
FR;8;2022-07-26;0;0;0;0;0;0;0;0;0;0;0;0;0;0;0;0;0;0
FR;8;2022-07-27;0;0;0;0;0;0;0;0;0;0;0;0;0;0;0;0;0;0
FR;8;2022-07-28;0;0;0;0;0;0;0;0;0;0;0;0;0;0;0;0;0;0
FR;8;2022-07-29;0;0;0;0;0;0;0;0;0;0;0;0;0;0;0;0;0;0
FR;8;2022-07-30;0;0;0;0;0;0;0;0;0;0;0;0;0;0;0;0;0;0
FR;8;2022-07-31;0;0;0;0;0;0;0;0;0;0;0;0;0;0;0;0;0;0
FR;8;2022-08-01;0;0;0;0;0;0;0;0;0;0;0;0;0;0;0;0;0;0
FR;8;2022-08-02;0;0;0;0;0;0;0;0;0;0;0;0;0;0;0;0;0;0
FR;8;2022-08-03;0;0;0;0;0;0;0;0;0;0;0;0;0;0;0;0;0;0
FR;8;2022-08-04;0;0;0;0;0;0;0;0;0;0;0;0;0;0;0;0;0;0
FR;8;2022-08-05;0;0;0;0;0;0;0;0;0;0;0;0;0;0;0;0;0;0
FR;8;2022-08-06;0;0;0;0;0;0;0;0;0;0;0;0;0;0;0;0;0;0
FR;8;2022-08-07;0;0;0;0;0;0;0;0;0;0;0;0;0;0;0;0;0;0
FR;8;2022-08-08;0;0;0;0;0;0;0;0;0;0;0;0;0;0;0;0;0;0
FR;8;2022-08-09;0;0;0;0;0;0;0;0;0;0;0;0;0;0;0;0;0;0
FR;8;2022-08-10;0;0;0;0;0;0;0;0;0;0;0;0;0;0;0;0;0;0
FR;8;2022-08-11;0;0;0;0;0;0;0;0;0;0;0;0;0;0;0;0;0;0
FR;8;2022-08-12;0;0;0;0;0;0;0;0;0;0;0;0;0;0;0;0;0;0
FR;8;2022-08-13;0;0;0;0;0;0;0;0;0;0;0;0;0;0;0;0;0;0
FR;8;2022-08-14;0;0;0;0;0;0;0;0;0;0;0;0;0;0;0;0;0;0
FR;8;2022-08-15;0;0;0;0;0;0;0;0;0;0;0;0;0;0;0;0;0;0
FR;8;2022-08-16;0;0;0;0;0;0;0;0;0;0;0;0;0;0;0;0;0;0
FR;8;2022-08-17;0;0;0;0;0;0;0;0;0;0;0;0;0;0;0;0;0;0
FR;8;2022-08-18;0;0;0;0;0;0;0;0;0;0;0;0;0;0;0;0;0;0
FR;8;2022-08-19;0;0;0;0;0;0;0;0;0;0;0;0;0;0;0;0;0;0
FR;8;2022-08-20;0;0;0;0;0;0;0;0;0;0;0;0;0;0;0;0;0;0
FR;8;2022-08-21;0;0;0;0;0;0;0;0;0;0;0;0;0;0;0;0;0;0
FR;8;2022-08-22;0;0;0;0;0;0;0;0;0;0;0;0;0;0;0;0;0;0
FR;8;2022-08-23;0;0;0;0;0;0;0;0;0;0;0;0;0;0;0;0;0;0
FR;8;2022-08-24;0;0;0;0;0;0;0;0;0;0;0;0;0;0;0;0;0;0
FR;8;2022-08-25;0;0;0;0;0;0;0;0;0;0;0;0;0;0;0;0;0;0
FR;8;2022-08-26;0;0;0;0;0;0;0;0;0;0;0;0;0;0;0;0;0;0
FR;8;2022-08-27;0;0;0;0;0;0;0;0;0;0;0;0;0;0;0;0;0;0
FR;8;2022-08-28;0;0;0;0;0;0;0;0;0;0;0;0;0;0;0;0;0;0
FR;8;2022-08-29;0;0;0;0;0;0;0;0;0;0;0;0;0;0;0;0;0;0
FR;8;2022-08-30;0;0;0;0;0;0;0;0;0;0;0;0;0;0;0;0;0;0
FR;8;2022-08-31;0;0;0;0;0;0;0;0;0;0;0;0;0;0;0;0;0;0
FR;8;2022-09-01;0;0;0;0;0;0;0;0;0;0;0;0;0;0;0;0;0;0
FR;8;2022-09-02;0;0;0;0;0;0;0;0;0;0;0;0;0;0;0;0;0;0
FR;8;2022-09-03;0;0;0;0;0;0;0;0;0;0;0;0;0;0;0;0;0;0
FR;8;2022-09-04;0;0;0;0;0;0;0;0;0;0;0;0;0;0;0;0;0;0
FR;8;2022-09-05;0;0;0;0;0;0;0;0;0;0;0;0;0;0;0;0;0;0
FR;8;2022-09-06;0;0;0;0;0;0;0;0;0;0;0;0;0;0;0;0;0;0
FR;8;2022-09-07;0;0;0;0;0;0;0;0;0;0;0;0;0;0;0;0;0;0
FR;8;2022-09-08;0;0;0;0;0;0;0;0;0;0;0;0;0;0;0;0;0;0
FR;8;2022-09-09;0;0;0;0;0;0;0;0;0;0;0;0;0;0;0;0;0;0
FR;8;2022-09-10;0;0;0;0;0;0;0;0;0;0;0;0;0;0;0;0;0;0
FR;8;2022-09-11;0;0;0;0;0;0;0;0;0;0;0;0;0;0;0;0;0;0
FR;8;2022-09-12;0;0;0;0;0;0;0;0;0;0;0;0;0;0;0;0;0;0
FR;8;2022-09-13;0;0;0;0;0;0;0;0;0;0;0;0;0;0;0;0;0;0
FR;8;2022-09-14;0;0;0;0;0;0;0;0;0;0;0;0;0;0;0;0;0;0
FR;8;2022-09-15;0;0;0;0;0;0;0;0;0;0;0;0;0;0;0;0;0;0
FR;8;2022-09-16;0;0;0;0;0;0;0;0;0;0;0;0;0;0;0;0;0;0
FR;8;2022-09-17;0;0;0;0;0;0;0;0;0;0;0;0;0;0;0;0;0;0
FR;8;2022-09-18;0;0;0;0;0;0;0;0;0;0;0;0;0;0;0;0;0;0
FR;8;2022-09-19;0;0;0;0;0;0;0;0;0;0;0;0;0;0;0;0;0;0
FR;8;2022-09-20;0;0;0;0;0;0;0;0;0;0;0;0;0;0;0;0;0;0
FR;8;2022-09-21;0;0;0;0;0;0;0;0;0;0;0;0;0;0;0;0;0;0
FR;8;2022-09-22;0;0;0;0;0;0;0;0;0;0;0;0;0;0;0;0;0;0
FR;8;2022-09-23;0;0;0;0;0;0;0;0;0;0;0;0;0;0;0;0;0;0
FR;8;2022-09-24;0;0;0;0;0;0;0;0;0;0;0;0;0;0;0;0;0;0
FR;8;2022-09-25;0;0;0;0;0;0;0;0;0;0;0;0;0;0;0;0;0;0
FR;8;2022-09-26;0;0;0;0;0;0;0;0;0;0;0;0;0;0;0;0;0;0
FR;8;2022-09-27;0;0;0;0;0;0;0;0;0;0;0;0;0;0;0;0;0;0
FR;8;2022-09-28;0;0;0;0;0;0;0;0;0;0;0;0;0;0;0;0;0;0
FR;8;2022-09-29;0;0;0;0;0;0;0;0;0;0;0;0;0;0;0;0;0;0
FR;8;2022-09-30;0;0;0;0;0;0;0;0;0;0;0;0;0;0;0;0;0;0
FR;8;2022-10-01;0;0;0;0;0;0;0;0;0;0;0;0;0;0;0;0;0;0
FR;8;2022-10-02;0;0;0;0;0;0;0;0;0;0;0;0;0;0;0;0;0;0
FR;8;2022-10-03;0;0;0;0;0;0;0;0;0;0;0;0;0;0;0;0;0;0
FR;8;2022-10-04;0;0;0;0;0;0;0;0;0;0;0;0;0;0;0;0;0;0
FR;8;2022-10-05;0;0;0;0;0;0;0;0;0;0;0;0;0;0;0;0;0;0
FR;8;2022-10-06;7;17;111;859;8;80;865;1055;110;7;17;111;859;8;80;865;1055;110
FR;8;2022-10-07;70;101;842;8010;62;699;8064;9841;1071;77;118;953;8869;70;779;8929;10896;1181
FR;8;2022-10-08;35;115;610;4054;50;516;4106;5307;676;112;233;1563;12923;120;1295;13035;16203;1857
FR;8;2022-10-09;17;22;145;885;13;132;913;1233;184;129;255;1708;13808;133;1427;13948;17436;2041
FR;8;2022-10-10;117;192;1342;12681;106;1026;12920;16190;2224;246;447;3050;26489;239;2453;26868;33626;4265
FR;8;2022-10-11;176;261;2475;26914;135;2010;27186;33941;4708;422;708;5525;53403;374;4463;54054;67567;8973
FR;8;2022-10-12;151;255;1830;18230;149;1441;18465;23462;3532;573;963;7355;71633;523;5904;72519;91029;12505
FR;8;2022-10-13;205;276;2506;28034;173;1899;28397;35529;5205;778;1239;9861;99667;696;7803;100916;126558;17710
FR;8;2022-10-14;254;419;3271;36228;242;2555;36655;45547;6295;1032;1658;13132;135895;938;10358;137571;172105;24005
FR;8;2022-10-15;102;181;1201;8802;78;1000;8931;11781;1830;1134;1839;14333;144697;1016;11358;146502;183886;25835
FR;8;2022-10-16;34;54;248;1520;26;215;1555;2175;400;1168;1893;14581;146217;1042;11573;148057;186061;26235
FR;8;2022-10-17;157;308;2097;21754;171;1624;22063;28242;4533;1325;2201;16678;167971;1213;13197;170120;214303;30768
FR;8;2022-10-18;268;347;3352;37832;224;2652;38214;50747;9808;1593;2548;20030;205803;1437;15849;208334;265050;40576
FR;8;2022-10-19;192;313;2625;28275;182;2183;28604;38677;7829;1785;2861;22655;234078;1619;18032;236938;303727;48405
FR;8;2022-10-20;251;363;3574;41147;222;2639;41770;55616;11122;2036;3224;26229;275225;1841;20671;278708;359343;59527
FR;8;2022-10-21;324;489;4448;49368;276;3460;49970;66230;12703;2360;3713;30677;324593;2117;24131;328678;425573;72230
FR;8;2022-10-22;123;168;1230;10658;110;926;10847;14732;2941;2483;3881;31907;335251;2227;25057;339525;440305;75171
FR;8;2022-10-23;49;53;266;1760;48;197;1839;2605;568;2532;3934;32173;337011;2275;25254;341364;442910;75739
FR;8;2022-10-24;230;311;2474;24024;173;2071;24324;33491;7046;2762;4245;34647;361035;2448;27325;365688;476401;82785
FR;8;2022-10-25;307;411;4075;43389;255;3130;43988;61190;13969;3069;4656;38722;404424;2703;30455;409676;537591;96754
FR;8;2022-10-26;224;338;2858;28626;181;2360;28939;41224;9837;3293;4994;41580;433050;2884;32815;438615;578815;106591
FR;8;2022-10-27;273;414;3318;36091;241;2626;36584;51060;11785;3566;5408;44898;469141;3125;35441;475199;629875;118376
FR;8;2022-10-28;327;460;3821;39368;255;2858;40112;54924;11885;3893;5868;48719;508509;3380;38299;515311;684799;130261
FR;8;2022-10-29;109;165;1071;8219;94;800;8363;11844;2664;4002;6033;49790;516728;3474;39099;523674;696643;132925
FR;8;2022-10-30;40;53;209;1333;38;180;1377;2045;484;4042;6086;49999;518061;3512;39279;525051;698688;133409
FR;8;2022-10-31;195;255;1658;14513;139;1271;14777;21094;5028;4237;6341;51657;532574;3651;40550;539828;719782;138437
FR;8;2022-11-01;24;39;132;951;21;166;967;1587;452;4261;6380;51789;533525;3672;40716;540795;721369;138889
FR;8;2022-11-02;192;368;2368;23240;202;1966;23630;34910;9247;4453;6748;54157;556765;3874;42682;564425;756279;148136
FR;8;2022-11-03;307;412;3467;36815;251;2594;37453;54365;14221;4760;7160;57624;593580;4125;45276;601878;810644;162357
FR;8;2022-11-04;352;494;3778;40174;258;2971;40692;57912;14138;5112;7654;61402;633754;4383;48247;642570;868556;176495
FR;8;2022-11-05;113;182;1097;8741;117;847;8904;12844;3058;5225;7836;62499;642495;4500;49094;651474;881400;179553
FR;8;2022-11-06;41;56;223;1400;38;205;1433;2236;588;5266;7892;62722;643895;4538;49299;652907;883636;180141
FR;8;2022-11-07;225;274;2311;24639;200;1784;25221;37240;10168;5491;8166;65033;668534;4738;51083;678128;920876;190309
FR;8;2022-11-08;337;499;4318;48276;298;3236;49232;71304;18675;5828;8665;69351;716810;5036;54319;727360;992180;208984
FR;8;2022-11-09;255;365;2874;29131;206;2258;29809;44347;12198;6083;9030;72225;745941;5242;56577;757169;1036527;221182
FR;8;2022-11-10;362;529;3937;40134;301;3007;41051;60219;16023;6445;9559;76162;786075;5543;59584;798220;1096746;237205
FR;8;2022-11-11;39;63;242;1468;30;204;1515;2654;922;6484;9622;76404;787543;5573;59788;799735;1099400;238127
FR;8;2022-11-12;84;165;881;6425;79;686;6629;9884;2550;6568;9787;77285;793968;5652;60474;806364;1109284;240677
FR;8;2022-11-13;35;54;211;1108;34;171;1160;1916;579;6603;9841;77496;795076;5686;60645;807524;1111200;241256
FR;8;2022-11-14;225;302;2218;22336;161;1709;22864;34813;10167;6828;10143;79714;817412;5847;62354;830388;1146013;251423
FR;8;2022-11-15;334;416;3738;42131;251;2827;43050;64400;18393;7162;10559;83452;859543;6098;65181;873438;1210413;269816
FR;8;2022-11-16;295;344;2594;26266;210;2130;26725;41321;12382;7457;10903;86046;885809;6308;67311;900163;1251734;282198
FR;8;2022-11-17;359;423;3356;36670;283;2588;37253;56123;16185;7816;11326;89402;922479;6591;69899;937416;1307857;298383
FR;8;2022-11-18;338;460;4052;42185;278;2963;43024;63373;17282;8154;11786;93454;964664;6869;72862;980440;1371230;315665
FR;8;2022-11-19;118;177;1195;8930;115;835;9112;13712;3729;8272;11963;94649;973594;6984;73697;989552;1384942;319394
FR;8;2022-11-20;33;48;260;1581;33;216;1648;2641;773;8305;12011;94909;975175;7017;73913;991200;1387583;320167
FR;8;2022-11-21;206;298;2052;19941;171;1565;20467;31766;9671;8511;12309;96961;995116;7188;75478;1011667;1419349;329838
FR;8;2022-11-22;331;404;3441;37340;243;2643;37847;57700;17099;8842;12713;100402;1032456;7431;78121;1049514;1477049;346937
FR;8;2022-11-23;222;314;2388;24266;176;1991;24697;38901;12132;9064;13027;102790;1056722;7607;80112;1074211;1515950;359069
FR;8;2022-11-24;341;372;3342;34654;225;2540;35306;54675;16733;9405;13399;106132;1091376;7832;82652;1109517;1570625;375802
FR;8;2022-11-25;306;412;3616;37559;273;2607;38353;57470;16386;9711;13811;109748;1128935;8105;85259;1147870;1628095;392188
FR;8;2022-11-26;165;194;1174;8779;126;896;8938;13629;3764;9876;14005;110922;1137714;8231;86155;1156808;1641724;395952
FR;8;2022-11-27;43;40;224;1538;33;179;1552;2456;715;9919;14045;111146;1139252;8264;86334;1158360;1644180;396667
FR;8;2022-11-28;175;294;2286;23208;166;1682;23850;36966;11360;10094;14339;113432;1162460;8430;88016;1182210;1681146;408027
FR;8;2022-11-29;287;420;3929;43789;214;2896;44454;68612;21139;10381;14759;117361;1206249;8644;90912;1226664;1749758;429166
FR;8;2022-11-30;277;401;3333;34674;217;2513;35408;54295;16256;10658;15160;120694;1240923;8861;93425;1262072;1804053;445422
FR;8;2022-12-01;317;451;4394;48838;256;3021;49637;76721;23902;10975;15611;125088;1289761;9117;96446;1311709;1880774;469324
FR;8;2022-12-02;392;508;5386;58071;292;3695;59254;89151;26014;11367;16119;130474;1347832;9409;100141;1370963;1969925;495338
FR;8;2022-12-03;171;215;1901;16779;109;1311;17193;25705;7165;11538;16334;132375;1364611;9518;101452;1388156;1995630;502503
FR;8;2022-12-04;54;88;487;4028;58;402;4088;6239;1737;11592;16422;132862;1368639;9576;101854;1392244;2001869;504240
FR;8;2022-12-05;268;387;3792;42109;238;2462;43024;66373;20740;11860;16809;136654;1410748;9814;104316;1435268;2068242;524980
FR;8;2022-12-06;407;528;6251;73838;285;4166;75264;116989;37317;12267;17337;142905;1484586;10099;108482;1510532;2185231;562297
FR;8;2022-12-07;343;418;4856;54662;251;3182;55740;86914;27800;12610;17755;147761;1539248;10350;111664;1566272;2272145;590097
FR;8;2022-12-08;442;519;6359;74838;283;4109;76410;119344;38570;13052;18274;154120;1614086;10633;115773;1642682;2391489;628667
FR;8;2022-12-09;534;592;7911;90229;345;5113;91985;141537;44178;13586;18866;162031;1704315;10978;120886;1734667;2533026;672845
FR;8;2022-12-10;257;288;3317;31529;156;2068;32377;48426;13891;13843;19154;165348;1735844;11134;122954;1767044;2581452;686736
FR;8;2022-12-11;85;95;930;7766;62;629;8013;11776;3114;13928;19249;166278;1743610;11196;123583;1775057;2593228;689850
FR;8;2022-12-12;341;448;5744;63732;239;3646;65196;102184;33150;14269;19697;172022;1807342;11435;127229;1840253;2695412;723000
FR;8;2022-12-13;507;585;8307;98305;335;5103;100704;158560;52424;14776;20282;180329;1905647;11770;132332;1940957;2853972;775424
FR;8;2022-12-14;435;512;6250;69206;292;4083;70747;111635;36546;15211;20794;186579;1974853;12062;136415;2011704;2965607;811970
FR;8;2022-12-15;461;609;7945;90308;326;4999;92506;146552;48721;15672;21403;194524;2065161;12388;141414;2104210;3112159;860691
FR;8;2022-12-16;539;683;8683;98605;355;5548;100583;158754;52259;16211;22086;203207;2163766;12743;146962;2204793;3270913;912950
FR;8;2022-12-17;222;290;3069;29458;168;1942;30248;45754;13462;16433;22376;206276;2193224;12911;148904;2235041;3316667;926412
FR;8;2022-12-18;64;84;704;5793;42;467;5949;8967;2524;16497;22460;206980;2199017;12953;149371;2240990;3325634;928936
FR;8;2022-12-19;373;429;5180;52339;240;3220;53855;84992;27750;16870;22889;212160;2251356;13193;152591;2294845;3410626;956686
FR;8;2022-12-20;510;517;6971;73411;298;4446;75409;121077;40921;17380;23406;219131;2324767;13491;157037;2370254;3531703;997607
FR;9;2020-12-27;0;0;0;0;0;0;0;0;0;0;0;0;0;0;0;0;0;0
FR;9;2020-12-28;0;0;0;0;0;0;0;0;0;0;0;0;0;0;0;0;0;0
FR;9;2020-12-29;0;0;0;0;0;0;0;0;0;0;0;0;0;0;0;0;0;0
FR;9;2020-12-30;0;0;0;0;0;0;0;0;0;0;0;0;0;0;0;0;0;0
FR;9;2020-12-31;0;0;0;0;0;0;0;0;0;0;0;0;0;0;0;0;0;0
FR;9;2021-01-01;0;0;0;0;0;0;0;0;0;0;0;0;0;0;0;0;0;0
FR;9;2021-01-02;0;0;0;0;0;0;0;0;0;0;0;0;0;0;0;0;0;0
FR;9;2021-01-03;0;0;0;0;0;0;0;0;0;0;0;0;0;0;0;0;0;0
FR;9;2021-01-04;0;0;0;0;0;0;0;0;0;0;0;0;0;0;0;0;0;0
FR;9;2021-01-05;0;0;0;0;0;0;0;0;0;0;0;0;0;0;0;0;0;0
FR;9;2021-01-06;0;0;0;0;0;0;0;0;0;0;0;0;0;0;0;0;0;0
FR;9;2021-01-07;0;0;0;0;0;0;0;0;0;0;0;0;0;0;0;0;0;0
FR;9;2021-01-08;0;0;0;0;0;0;0;0;0;0;0;0;0;0;0;0;0;0
FR;9;2021-01-09;0;0;0;0;0;0;0;0;0;0;0;0;0;0;0;0;0;0
FR;9;2021-01-10;0;0;0;0;0;0;0;0;0;0;0;0;0;0;0;0;0;0
FR;9;2021-01-11;0;0;0;0;0;0;0;0;0;0;0;0;0;0;0;0;0;0
FR;9;2021-01-12;0;0;0;0;0;0;0;0;0;0;0;0;0;0;0;0;0;0
FR;9;2021-01-13;0;0;0;0;0;0;0;0;0;0;0;0;0;0;0;0;0;0
FR;9;2021-01-14;0;0;0;0;0;0;0;0;0;0;0;0;0;0;0;0;0;0
FR;9;2021-01-15;0;0;0;0;0;0;0;0;0;0;0;0;0;0;0;0;0;0
FR;9;2021-01-16;0;0;0;0;0;0;0;0;0;0;0;0;0;0;0;0;0;0
FR;9;2021-01-17;0;0;0;0;0;0;0;0;0;0;0;0;0;0;0;0;0;0
FR;9;2021-01-18;0;0;0;0;0;0;0;0;0;0;0;0;0;0;0;0;0;0
FR;9;2021-01-19;0;0;0;0;0;0;0;0;0;0;0;0;0;0;0;0;0;0
FR;9;2021-01-20;0;0;0;0;0;0;0;0;0;0;0;0;0;0;0;0;0;0
FR;9;2021-01-21;0;0;0;0;0;0;0;0;0;0;0;0;0;0;0;0;0;0
FR;9;2021-01-22;0;0;0;0;0;0;0;0;0;0;0;0;0;0;0;0;0;0
FR;9;2021-01-23;0;0;0;0;0;0;0;0;0;0;0;0;0;0;0;0;0;0
FR;9;2021-01-24;0;0;0;0;0;0;0;0;0;0;0;0;0;0;0;0;0;0
FR;9;2021-01-25;0;0;0;0;0;0;0;0;0;0;0;0;0;0;0;0;0;0
FR;9;2021-01-26;0;0;0;0;0;0;0;0;0;0;0;0;0;0;0;0;0;0
FR;9;2021-01-27;0;0;0;0;0;0;0;0;0;0;0;0;0;0;0;0;0;0
FR;9;2021-01-28;0;0;0;0;0;0;0;0;0;0;0;0;0;0;0;0;0;0
FR;9;2021-01-29;0;0;0;0;0;0;0;0;0;0;0;0;0;0;0;0;0;0
FR;9;2021-01-30;0;0;0;0;0;0;0;0;0;0;0;0;0;0;0;0;0;0
FR;9;2021-01-31;0;0;0;0;0;0;0;0;0;0;0;0;0;0;0;0;0;0
FR;9;2021-02-01;0;0;0;0;0;0;0;0;0;0;0;0;0;0;0;0;0;0
FR;9;2021-02-02;0;0;0;0;0;0;0;0;0;0;0;0;0;0;0;0;0;0
FR;9;2021-02-03;0;0;0;0;0;0;0;0;0;0;0;0;0;0;0;0;0;0
FR;9;2021-02-04;0;0;0;0;0;0;0;0;0;0;0;0;0;0;0;0;0;0
FR;9;2021-02-05;0;0;0;0;0;0;0;0;0;0;0;0;0;0;0;0;0;0
FR;9;2021-02-06;0;0;0;0;0;0;0;0;0;0;0;0;0;0;0;0;0;0
FR;9;2021-02-07;0;0;0;0;0;0;0;0;0;0;0;0;0;0;0;0;0;0
FR;9;2021-02-08;0;0;0;0;0;0;0;0;0;0;0;0;0;0;0;0;0;0
FR;9;2021-02-09;0;0;0;0;0;0;0;0;0;0;0;0;0;0;0;0;0;0
FR;9;2021-02-10;0;0;0;0;0;0;0;0;0;0;0;0;0;0;0;0;0;0
FR;9;2021-02-11;0;0;0;0;0;0;0;0;0;0;0;0;0;0;0;0;0;0
FR;9;2021-02-12;0;0;0;0;0;0;0;0;0;0;0;0;0;0;0;0;0;0
FR;9;2021-02-13;0;0;0;0;0;0;0;0;0;0;0;0;0;0;0;0;0;0
FR;9;2021-02-14;0;0;0;0;0;0;0;0;0;0;0;0;0;0;0;0;0;0
FR;9;2021-02-15;0;0;0;0;0;0;0;0;0;0;0;0;0;0;0;0;0;0
FR;9;2021-02-16;0;0;0;0;0;0;0;0;0;0;0;0;0;0;0;0;0;0
FR;9;2021-02-17;0;0;0;0;0;0;0;0;0;0;0;0;0;0;0;0;0;0
FR;9;2021-02-18;0;0;0;0;0;0;0;0;0;0;0;0;0;0;0;0;0;0
FR;9;2021-02-19;0;0;0;0;0;0;0;0;0;0;0;0;0;0;0;0;0;0
FR;9;2021-02-20;0;0;0;0;0;0;0;0;0;0;0;0;0;0;0;0;0;0
FR;9;2021-02-21;0;0;0;0;0;0;0;0;0;0;0;0;0;0;0;0;0;0
FR;9;2021-02-22;0;0;0;0;0;0;0;0;0;0;0;0;0;0;0;0;0;0
FR;9;2021-02-23;0;0;0;0;0;0;0;0;0;0;0;0;0;0;0;0;0;0
FR;9;2021-02-24;0;0;0;0;0;0;0;0;0;0;0;0;0;0;0;0;0;0
FR;9;2021-02-25;0;0;0;0;0;0;0;0;0;0;0;0;0;0;0;0;0;0
FR;9;2021-02-26;0;0;0;0;0;0;0;0;0;0;0;0;0;0;0;0;0;0
FR;9;2021-02-27;0;0;0;0;0;0;0;0;0;0;0;0;0;0;0;0;0;0
FR;9;2021-02-28;0;0;0;0;0;0;0;0;0;0;0;0;0;0;0;0;0;0
FR;9;2021-03-01;0;0;0;0;0;0;0;0;0;0;0;0;0;0;0;0;0;0
FR;9;2021-03-02;0;0;0;0;0;0;0;0;0;0;0;0;0;0;0;0;0;0
FR;9;2021-03-03;0;0;0;0;0;0;0;0;0;0;0;0;0;0;0;0;0;0
FR;9;2021-03-04;0;0;0;0;0;0;0;0;0;0;0;0;0;0;0;0;0;0
FR;9;2021-03-05;0;0;0;0;0;0;0;0;0;0;0;0;0;0;0;0;0;0
FR;9;2021-03-06;0;0;0;0;0;0;0;0;0;0;0;0;0;0;0;0;0;0
FR;9;2021-03-07;0;0;0;0;0;0;0;0;0;0;0;0;0;0;0;0;0;0
FR;9;2021-03-08;0;0;0;0;0;0;0;0;0;0;0;0;0;0;0;0;0;0
FR;9;2021-03-09;0;0;0;0;0;0;0;0;0;0;0;0;0;0;0;0;0;0
FR;9;2021-03-10;0;0;0;0;0;0;0;0;0;0;0;0;0;0;0;0;0;0
FR;9;2021-03-11;0;0;0;0;0;0;0;0;0;0;0;0;0;0;0;0;0;0
FR;9;2021-03-12;0;0;0;0;0;0;0;0;0;0;0;0;0;0;0;0;0;0
FR;9;2021-03-13;0;0;0;0;0;0;0;0;0;0;0;0;0;0;0;0;0;0
FR;9;2021-03-14;0;0;0;0;0;0;0;0;0;0;0;0;0;0;0;0;0;0
FR;9;2021-03-15;0;0;0;0;0;0;0;0;0;0;0;0;0;0;0;0;0;0
FR;9;2021-03-16;0;0;0;0;0;0;0;0;0;0;0;0;0;0;0;0;0;0
FR;9;2021-03-17;0;0;0;0;0;0;0;0;0;0;0;0;0;0;0;0;0;0
FR;9;2021-03-18;0;0;0;0;0;0;0;0;0;0;0;0;0;0;0;0;0;0
FR;9;2021-03-19;0;0;0;0;0;0;0;0;0;0;0;0;0;0;0;0;0;0
FR;9;2021-03-20;0;0;0;0;0;0;0;0;0;0;0;0;0;0;0;0;0;0
FR;9;2021-03-21;0;0;0;0;0;0;0;0;0;0;0;0;0;0;0;0;0;0
FR;9;2021-03-22;0;0;0;0;0;0;0;0;0;0;0;0;0;0;0;0;0;0
FR;9;2021-03-23;0;0;0;0;0;0;0;0;0;0;0;0;0;0;0;0;0;0
FR;9;2021-03-24;0;0;0;0;0;0;0;0;0;0;0;0;0;0;0;0;0;0
FR;9;2021-03-25;0;0;0;0;0;0;0;0;0;0;0;0;0;0;0;0;0;0
FR;9;2021-03-26;0;0;0;0;0;0;0;0;0;0;0;0;0;0;0;0;0;0
FR;9;2021-03-27;0;0;0;0;0;0;0;0;0;0;0;0;0;0;0;0;0;0
FR;9;2021-03-28;0;0;0;0;0;0;0;0;0;0;0;0;0;0;0;0;0;0
FR;9;2021-03-29;0;0;0;0;0;0;0;0;0;0;0;0;0;0;0;0;0;0
FR;9;2021-03-30;0;0;0;0;0;0;0;0;0;0;0;0;0;0;0;0;0;0
FR;9;2021-03-31;0;0;0;0;0;0;0;0;0;0;0;0;0;0;0;0;0;0
FR;9;2021-04-01;0;0;0;0;0;0;0;0;0;0;0;0;0;0;0;0;0;0
FR;9;2021-04-02;0;0;0;0;0;0;0;0;0;0;0;0;0;0;0;0;0;0
FR;9;2021-04-03;0;0;0;0;0;0;0;0;0;0;0;0;0;0;0;0;0;0
FR;9;2021-04-04;0;0;0;0;0;0;0;0;0;0;0;0;0;0;0;0;0;0
FR;9;2021-04-05;0;0;0;0;0;0;0;0;0;0;0;0;0;0;0;0;0;0
FR;9;2021-04-06;0;0;0;0;0;0;0;0;0;0;0;0;0;0;0;0;0;0
FR;9;2021-04-07;0;0;0;0;0;0;0;0;0;0;0;0;0;0;0;0;0;0
FR;9;2021-04-08;0;0;0;0;0;0;0;0;0;0;0;0;0;0;0;0;0;0
FR;9;2021-04-09;0;0;0;0;0;0;0;0;0;0;0;0;0;0;0;0;0;0
FR;9;2021-04-10;0;0;0;0;0;0;0;0;0;0;0;0;0;0;0;0;0;0
FR;9;2021-04-11;0;0;0;0;0;0;0;0;0;0;0;0;0;0;0;0;0;0
FR;9;2021-04-12;0;0;0;0;0;0;0;0;0;0;0;0;0;0;0;0;0;0
FR;9;2021-04-13;0;0;0;0;0;0;0;0;0;0;0;0;0;0;0;0;0;0
FR;9;2021-04-14;0;0;0;0;0;0;0;0;0;0;0;0;0;0;0;0;0;0
FR;9;2021-04-15;0;0;0;0;0;0;0;0;0;0;0;0;0;0;0;0;0;0
FR;9;2021-04-16;0;0;0;0;0;0;0;0;0;0;0;0;0;0;0;0;0;0
FR;9;2021-04-17;0;0;0;0;0;0;0;0;0;0;0;0;0;0;0;0;0;0
FR;9;2021-04-18;0;0;0;0;0;0;0;0;0;0;0;0;0;0;0;0;0;0
FR;9;2021-04-19;0;0;0;0;0;0;0;0;0;0;0;0;0;0;0;0;0;0
FR;9;2021-04-20;0;0;0;0;0;0;0;0;0;0;0;0;0;0;0;0;0;0
FR;9;2021-04-21;0;0;0;0;0;0;0;0;0;0;0;0;0;0;0;0;0;0
FR;9;2021-04-22;0;0;0;0;0;0;0;0;0;0;0;0;0;0;0;0;0;0
FR;9;2021-04-23;0;0;0;0;0;0;0;0;0;0;0;0;0;0;0;0;0;0
FR;9;2021-04-24;0;0;0;0;0;0;0;0;0;0;0;0;0;0;0;0;0;0
FR;9;2021-04-25;0;0;0;0;0;0;0;0;0;0;0;0;0;0;0;0;0;0
FR;9;2021-04-26;0;0;0;0;0;0;0;0;0;0;0;0;0;0;0;0;0;0
FR;9;2021-04-27;0;0;0;0;0;0;0;0;0;0;0;0;0;0;0;0;0;0
FR;9;2021-04-28;0;0;0;0;0;0;0;0;0;0;0;0;0;0;0;0;0;0
FR;9;2021-04-29;0;0;0;0;0;0;0;0;0;0;0;0;0;0;0;0;0;0
FR;9;2021-04-30;0;0;0;0;0;0;0;0;0;0;0;0;0;0;0;0;0;0
FR;9;2021-05-01;0;0;0;0;0;0;0;0;0;0;0;0;0;0;0;0;0;0
FR;9;2021-05-02;0;0;0;0;0;0;0;0;0;0;0;0;0;0;0;0;0;0
FR;9;2021-05-03;0;0;0;0;0;0;0;0;0;0;0;0;0;0;0;0;0;0
FR;9;2021-05-04;0;0;0;0;0;0;0;0;0;0;0;0;0;0;0;0;0;0
FR;9;2021-05-05;0;0;0;0;0;0;0;0;0;0;0;0;0;0;0;0;0;0
FR;9;2021-05-06;0;0;0;0;0;0;0;0;0;0;0;0;0;0;0;0;0;0
FR;9;2021-05-07;0;0;0;0;0;0;0;0;0;0;0;0;0;0;0;0;0;0
FR;9;2021-05-08;0;0;0;0;0;0;0;0;0;0;0;0;0;0;0;0;0;0
FR;9;2021-05-09;0;0;0;0;0;0;0;0;0;0;0;0;0;0;0;0;0;0
FR;9;2021-05-10;0;0;0;0;0;0;0;0;0;0;0;0;0;0;0;0;0;0
FR;9;2021-05-11;0;0;0;0;0;0;0;0;0;0;0;0;0;0;0;0;0;0
FR;9;2021-05-12;0;0;0;0;0;0;0;0;0;0;0;0;0;0;0;0;0;0
FR;9;2021-05-13;0;0;0;0;0;0;0;0;0;0;0;0;0;0;0;0;0;0
FR;9;2021-05-14;0;0;0;0;0;0;0;0;0;0;0;0;0;0;0;0;0;0
FR;9;2021-05-15;0;0;0;0;0;0;0;0;0;0;0;0;0;0;0;0;0;0
FR;9;2021-05-16;0;0;0;0;0;0;0;0;0;0;0;0;0;0;0;0;0;0
FR;9;2021-05-17;0;0;0;0;0;0;0;0;0;0;0;0;0;0;0;0;0;0
FR;9;2021-05-18;0;0;0;0;0;0;0;0;0;0;0;0;0;0;0;0;0;0
FR;9;2021-05-19;0;0;0;0;0;0;0;0;0;0;0;0;0;0;0;0;0;0
FR;9;2021-05-20;0;0;0;0;0;0;0;0;0;0;0;0;0;0;0;0;0;0
FR;9;2021-05-21;0;0;0;0;0;0;0;0;0;0;0;0;0;0;0;0;0;0
FR;9;2021-05-22;0;0;0;0;0;0;0;0;0;0;0;0;0;0;0;0;0;0
FR;9;2021-05-23;0;0;0;0;0;0;0;0;0;0;0;0;0;0;0;0;0;0
FR;9;2021-05-24;0;0;0;0;0;0;0;0;0;0;0;0;0;0;0;0;0;0
FR;9;2021-05-25;0;0;0;0;0;0;0;0;0;0;0;0;0;0;0;0;0;0
FR;9;2021-05-26;0;0;0;0;0;0;0;0;0;0;0;0;0;0;0;0;0;0
FR;9;2021-05-27;0;0;0;0;0;0;0;0;0;0;0;0;0;0;0;0;0;0
FR;9;2021-05-28;0;0;0;0;0;0;0;0;0;0;0;0;0;0;0;0;0;0
FR;9;2021-05-29;0;0;0;0;0;0;0;0;0;0;0;0;0;0;0;0;0;0
FR;9;2021-05-30;0;0;0;0;0;0;0;0;0;0;0;0;0;0;0;0;0;0
FR;9;2021-05-31;0;0;0;0;0;0;0;0;0;0;0;0;0;0;0;0;0;0
FR;9;2021-06-01;0;0;0;0;0;0;0;0;0;0;0;0;0;0;0;0;0;0
FR;9;2021-06-02;0;0;0;0;0;0;0;0;0;0;0;0;0;0;0;0;0;0
FR;9;2021-06-03;0;0;0;0;0;0;0;0;0;0;0;0;0;0;0;0;0;0
FR;9;2021-06-04;0;0;0;0;0;0;0;0;0;0;0;0;0;0;0;0;0;0
FR;9;2021-06-05;0;0;0;0;0;0;0;0;0;0;0;0;0;0;0;0;0;0
FR;9;2021-06-06;0;0;0;0;0;0;0;0;0;0;0;0;0;0;0;0;0;0
FR;9;2021-06-07;0;0;0;0;0;0;0;0;0;0;0;0;0;0;0;0;0;0
FR;9;2021-06-08;0;0;0;0;0;0;0;0;0;0;0;0;0;0;0;0;0;0
FR;9;2021-06-09;0;0;0;0;0;0;0;0;0;0;0;0;0;0;0;0;0;0
FR;9;2021-06-10;0;0;0;0;0;0;0;0;0;0;0;0;0;0;0;0;0;0
FR;9;2021-06-11;0;0;0;0;0;0;0;0;0;0;0;0;0;0;0;0;0;0
FR;9;2021-06-12;0;0;0;0;0;0;0;0;0;0;0;0;0;0;0;0;0;0
FR;9;2021-06-13;0;0;0;0;0;0;0;0;0;0;0;0;0;0;0;0;0;0
FR;9;2021-06-14;0;0;0;0;0;0;0;0;0;0;0;0;0;0;0;0;0;0
FR;9;2021-06-15;0;0;0;0;0;0;0;0;0;0;0;0;0;0;0;0;0;0
FR;9;2021-06-16;0;0;0;0;0;0;0;0;0;0;0;0;0;0;0;0;0;0
FR;9;2021-06-17;0;0;0;0;0;0;0;0;0;0;0;0;0;0;0;0;0;0
FR;9;2021-06-18;0;0;0;0;0;0;0;0;0;0;0;0;0;0;0;0;0;0
FR;9;2021-06-19;0;0;0;0;0;0;0;0;0;0;0;0;0;0;0;0;0;0
FR;9;2021-06-20;0;0;0;0;0;0;0;0;0;0;0;0;0;0;0;0;0;0
FR;9;2021-06-21;0;0;0;0;0;0;0;0;0;0;0;0;0;0;0;0;0;0
FR;9;2021-06-22;0;0;0;0;0;0;0;0;0;0;0;0;0;0;0;0;0;0
FR;9;2021-06-23;0;0;0;0;0;0;0;0;0;0;0;0;0;0;0;0;0;0
FR;9;2021-06-24;0;0;0;0;0;0;0;0;0;0;0;0;0;0;0;0;0;0
FR;9;2021-06-25;0;0;0;0;0;0;0;0;0;0;0;0;0;0;0;0;0;0
FR;9;2021-06-26;0;0;0;0;0;0;0;0;0;0;0;0;0;0;0;0;0;0
FR;9;2021-06-27;0;0;0;0;0;0;0;0;0;0;0;0;0;0;0;0;0;0
FR;9;2021-06-28;0;0;0;0;0;0;0;0;0;0;0;0;0;0;0;0;0;0
FR;9;2021-06-29;0;0;0;0;0;0;0;0;0;0;0;0;0;0;0;0;0;0
FR;9;2021-06-30;0;0;0;0;0;0;0;0;0;0;0;0;0;0;0;0;0;0
FR;9;2021-07-01;0;0;0;0;0;0;0;0;0;0;0;0;0;0;0;0;0;0
FR;9;2021-07-02;0;0;0;0;0;0;0;0;0;0;0;0;0;0;0;0;0;0
FR;9;2021-07-03;0;0;0;0;0;0;0;0;0;0;0;0;0;0;0;0;0;0
FR;9;2021-07-04;0;0;0;0;0;0;0;0;0;0;0;0;0;0;0;0;0;0
FR;9;2021-07-05;0;0;0;0;0;0;0;0;0;0;0;0;0;0;0;0;0;0
FR;9;2021-07-06;0;0;0;0;0;0;0;0;0;0;0;0;0;0;0;0;0;0
FR;9;2021-07-07;0;0;0;0;0;0;0;0;0;0;0;0;0;0;0;0;0;0
FR;9;2021-07-08;0;0;0;0;0;0;0;0;0;0;0;0;0;0;0;0;0;0
FR;9;2021-07-09;0;0;0;0;0;0;0;0;0;0;0;0;0;0;0;0;0;0
FR;9;2021-07-10;0;0;0;0;0;0;0;0;0;0;0;0;0;0;0;0;0;0
FR;9;2021-07-11;0;0;0;0;0;0;0;0;0;0;0;0;0;0;0;0;0;0
FR;9;2021-07-12;0;0;0;0;0;0;0;0;0;0;0;0;0;0;0;0;0;0
FR;9;2021-07-13;0;0;0;0;0;0;0;0;0;0;0;0;0;0;0;0;0;0
FR;9;2021-07-14;0;0;0;0;0;0;0;0;0;0;0;0;0;0;0;0;0;0
FR;9;2021-07-15;0;0;0;0;0;0;0;0;0;0;0;0;0;0;0;0;0;0
FR;9;2021-07-16;0;0;0;0;0;0;0;0;0;0;0;0;0;0;0;0;0;0
FR;9;2021-07-17;0;0;0;0;0;0;0;0;0;0;0;0;0;0;0;0;0;0
FR;9;2021-07-18;0;0;0;0;0;0;0;0;0;0;0;0;0;0;0;0;0;0
FR;9;2021-07-19;0;0;0;0;0;0;0;0;0;0;0;0;0;0;0;0;0;0
FR;9;2021-07-20;0;0;0;0;0;0;0;0;0;0;0;0;0;0;0;0;0;0
FR;9;2021-07-21;0;0;0;0;0;0;0;0;0;0;0;0;0;0;0;0;0;0
FR;9;2021-07-22;0;0;0;0;0;0;0;0;0;0;0;0;0;0;0;0;0;0
FR;9;2021-07-23;0;0;0;0;0;0;0;0;0;0;0;0;0;0;0;0;0;0
FR;9;2021-07-24;0;0;0;0;0;0;0;0;0;0;0;0;0;0;0;0;0;0
FR;9;2021-07-25;0;0;0;0;0;0;0;0;0;0;0;0;0;0;0;0;0;0
FR;9;2021-07-26;0;0;0;0;0;0;0;0;0;0;0;0;0;0;0;0;0;0
FR;9;2021-07-27;0;0;0;0;0;0;0;0;0;0;0;0;0;0;0;0;0;0
FR;9;2021-07-28;0;0;0;0;0;0;0;0;0;0;0;0;0;0;0;0;0;0
FR;9;2021-07-29;0;0;0;0;0;0;0;0;0;0;0;0;0;0;0;0;0;0
FR;9;2021-07-30;0;0;0;0;0;0;0;0;0;0;0;0;0;0;0;0;0;0
FR;9;2021-07-31;0;0;0;0;0;0;0;0;0;0;0;0;0;0;0;0;0;0
FR;9;2021-08-01;0;0;0;0;0;0;0;0;0;0;0;0;0;0;0;0;0;0
FR;9;2021-08-02;0;0;0;0;0;0;0;0;0;0;0;0;0;0;0;0;0;0
FR;9;2021-08-03;0;0;0;0;0;0;0;0;0;0;0;0;0;0;0;0;0;0
FR;9;2021-08-04;0;0;0;0;0;0;0;0;0;0;0;0;0;0;0;0;0;0
FR;9;2021-08-05;0;0;0;0;0;0;0;0;0;0;0;0;0;0;0;0;0;0
FR;9;2021-08-06;0;0;0;0;0;0;0;0;0;0;0;0;0;0;0;0;0;0
FR;9;2021-08-07;0;0;0;0;0;0;0;0;0;0;0;0;0;0;0;0;0;0
FR;9;2021-08-08;0;0;0;0;0;0;0;0;0;0;0;0;0;0;0;0;0;0
FR;9;2021-08-09;0;0;0;0;0;0;0;0;0;0;0;0;0;0;0;0;0;0
FR;9;2021-08-10;0;0;0;0;0;0;0;0;0;0;0;0;0;0;0;0;0;0
FR;9;2021-08-11;0;0;0;0;0;0;0;0;0;0;0;0;0;0;0;0;0;0
FR;9;2021-08-12;0;0;0;0;0;0;0;0;0;0;0;0;0;0;0;0;0;0
FR;9;2021-08-13;0;0;0;0;0;0;0;0;0;0;0;0;0;0;0;0;0;0
FR;9;2021-08-14;0;0;0;0;0;0;0;0;0;0;0;0;0;0;0;0;0;0
FR;9;2021-08-15;0;0;0;0;0;0;0;0;0;0;0;0;0;0;0;0;0;0
FR;9;2021-08-16;0;0;0;0;0;0;0;0;0;0;0;0;0;0;0;0;0;0
FR;9;2021-08-17;0;0;0;0;0;0;0;0;0;0;0;0;0;0;0;0;0;0
FR;9;2021-08-18;0;0;0;0;0;0;0;0;0;0;0;0;0;0;0;0;0;0
FR;9;2021-08-19;0;0;0;0;0;0;0;0;0;0;0;0;0;0;0;0;0;0
FR;9;2021-08-20;0;0;0;0;0;0;0;0;0;0;0;0;0;0;0;0;0;0
FR;9;2021-08-21;0;0;0;0;0;0;0;0;0;0;0;0;0;0;0;0;0;0
FR;9;2021-08-22;0;0;0;0;0;0;0;0;0;0;0;0;0;0;0;0;0;0
FR;9;2021-08-23;0;0;0;0;0;0;0;0;0;0;0;0;0;0;0;0;0;0
FR;9;2021-08-24;0;0;0;0;0;0;0;0;0;0;0;0;0;0;0;0;0;0
FR;9;2021-08-25;0;0;0;0;0;0;0;0;0;0;0;0;0;0;0;0;0;0
FR;9;2021-08-26;0;0;0;0;0;0;0;0;0;0;0;0;0;0;0;0;0;0
FR;9;2021-08-27;0;0;0;0;0;0;0;0;0;0;0;0;0;0;0;0;0;0
FR;9;2021-08-28;0;0;0;0;0;0;0;0;0;0;0;0;0;0;0;0;0;0
FR;9;2021-08-29;0;0;0;0;0;0;0;0;0;0;0;0;0;0;0;0;0;0
FR;9;2021-08-30;0;0;0;0;0;0;0;0;0;0;0;0;0;0;0;0;0;0
FR;9;2021-08-31;0;0;0;0;0;0;0;0;0;0;0;0;0;0;0;0;0;0
FR;9;2021-09-01;0;0;0;0;0;0;0;0;0;0;0;0;0;0;0;0;0;0
FR;9;2021-09-02;0;0;0;0;0;0;0;0;0;0;0;0;0;0;0;0;0;0
FR;9;2021-09-03;0;0;0;0;0;0;0;0;0;0;0;0;0;0;0;0;0;0
FR;9;2021-09-04;0;0;0;0;0;0;0;0;0;0;0;0;0;0;0;0;0;0
FR;9;2021-09-05;0;0;0;0;0;0;0;0;0;0;0;0;0;0;0;0;0;0
FR;9;2021-09-06;0;0;0;0;0;0;0;0;0;0;0;0;0;0;0;0;0;0
FR;9;2021-09-07;0;0;0;0;0;0;0;0;0;0;0;0;0;0;0;0;0;0
FR;9;2021-09-08;0;0;0;0;0;0;0;0;0;0;0;0;0;0;0;0;0;0
FR;9;2021-09-09;0;0;0;0;0;0;0;0;0;0;0;0;0;0;0;0;0;0
FR;9;2021-09-10;0;0;0;0;0;0;0;0;0;0;0;0;0;0;0;0;0;0
FR;9;2021-09-11;0;0;0;0;0;0;0;0;0;0;0;0;0;0;0;0;0;0
FR;9;2021-09-12;0;0;0;0;0;0;0;0;0;0;0;0;0;0;0;0;0;0
FR;9;2021-09-13;0;0;0;0;0;0;0;0;0;0;0;0;0;0;0;0;0;0
FR;9;2021-09-14;0;0;0;0;0;0;0;0;0;0;0;0;0;0;0;0;0;0
FR;9;2021-09-15;0;0;0;0;0;0;0;0;0;0;0;0;0;0;0;0;0;0
FR;9;2021-09-16;0;0;0;0;0;0;0;0;0;0;0;0;0;0;0;0;0;0
FR;9;2021-09-17;0;0;0;0;0;0;0;0;0;0;0;0;0;0;0;0;0;0
FR;9;2021-09-18;0;0;0;0;0;0;0;0;0;0;0;0;0;0;0;0;0;0
FR;9;2021-09-19;0;0;0;0;0;0;0;0;0;0;0;0;0;0;0;0;0;0
FR;9;2021-09-20;0;0;0;0;0;0;0;0;0;0;0;0;0;0;0;0;0;0
FR;9;2021-09-21;0;0;0;0;0;0;0;0;0;0;0;0;0;0;0;0;0;0
FR;9;2021-09-22;0;0;0;0;0;0;0;0;0;0;0;0;0;0;0;0;0;0
FR;9;2021-09-23;0;0;0;0;0;0;0;0;0;0;0;0;0;0;0;0;0;0
FR;9;2021-09-24;0;0;0;0;0;0;0;0;0;0;0;0;0;0;0;0;0;0
FR;9;2021-09-25;0;0;0;0;0;0;0;0;0;0;0;0;0;0;0;0;0;0
FR;9;2021-09-26;0;0;0;0;0;0;0;0;0;0;0;0;0;0;0;0;0;0
FR;9;2021-09-27;0;0;0;0;0;0;0;0;0;0;0;0;0;0;0;0;0;0
FR;9;2021-09-28;0;0;0;0;0;0;0;0;0;0;0;0;0;0;0;0;0;0
FR;9;2021-09-29;0;0;0;0;0;0;0;0;0;0;0;0;0;0;0;0;0;0
FR;9;2021-09-30;0;0;0;0;0;0;0;0;0;0;0;0;0;0;0;0;0;0
FR;9;2021-10-01;0;0;0;0;0;0;0;0;0;0;0;0;0;0;0;0;0;0
FR;9;2021-10-02;0;0;0;0;0;0;0;0;0;0;0;0;0;0;0;0;0;0
FR;9;2021-10-03;0;0;0;0;0;0;0;0;0;0;0;0;0;0;0;0;0;0
FR;9;2021-10-04;0;0;0;0;0;0;0;0;0;0;0;0;0;0;0;0;0;0
FR;9;2021-10-05;0;0;0;0;0;0;0;0;0;0;0;0;0;0;0;0;0;0
FR;9;2021-10-06;0;0;0;0;0;0;0;0;0;0;0;0;0;0;0;0;0;0
FR;9;2021-10-07;0;0;0;0;0;0;0;0;0;0;0;0;0;0;0;0;0;0
FR;9;2021-10-08;0;0;0;0;0;0;0;0;0;0;0;0;0;0;0;0;0;0
FR;9;2021-10-09;0;0;0;0;0;0;0;0;0;0;0;0;0;0;0;0;0;0
FR;9;2021-10-10;0;0;0;0;0;0;0;0;0;0;0;0;0;0;0;0;0;0
FR;9;2021-10-11;0;0;0;0;0;0;0;0;0;0;0;0;0;0;0;0;0;0
FR;9;2021-10-12;0;0;0;0;0;0;0;0;0;0;0;0;0;0;0;0;0;0
FR;9;2021-10-13;0;0;0;0;0;0;0;0;0;0;0;0;0;0;0;0;0;0
FR;9;2021-10-14;0;0;0;0;0;0;0;0;0;0;0;0;0;0;0;0;0;0
FR;9;2021-10-15;0;0;0;0;0;0;0;0;0;0;0;0;0;0;0;0;0;0
FR;9;2021-10-16;0;0;0;0;0;0;0;0;0;0;0;0;0;0;0;0;0;0
FR;9;2021-10-17;0;0;0;0;0;0;0;0;0;0;0;0;0;0;0;0;0;0
FR;9;2021-10-18;0;0;0;0;0;0;0;0;0;0;0;0;0;0;0;0;0;0
FR;9;2021-10-19;0;0;0;0;0;0;0;0;0;0;0;0;0;0;0;0;0;0
FR;9;2021-10-20;0;0;0;0;0;0;0;0;0;0;0;0;0;0;0;0;0;0
FR;9;2021-10-21;0;0;0;0;0;0;0;0;0;0;0;0;0;0;0;0;0;0
FR;9;2021-10-22;0;0;0;0;0;0;0;0;0;0;0;0;0;0;0;0;0;0
FR;9;2021-10-23;0;0;0;0;0;0;0;0;0;0;0;0;0;0;0;0;0;0
FR;9;2021-10-24;0;0;0;0;0;0;0;0;0;0;0;0;0;0;0;0;0;0
FR;9;2021-10-25;0;0;0;0;0;0;0;0;0;0;0;0;0;0;0;0;0;0
FR;9;2021-10-26;0;0;0;0;0;0;0;0;0;0;0;0;0;0;0;0;0;0
FR;9;2021-10-27;0;0;0;0;0;0;0;0;0;0;0;0;0;0;0;0;0;0
FR;9;2021-10-28;0;0;0;0;0;0;0;0;0;0;0;0;0;0;0;0;0;0
FR;9;2021-10-29;0;0;0;0;0;0;0;0;0;0;0;0;0;0;0;0;0;0
FR;9;2021-10-30;0;0;0;0;0;0;0;0;0;0;0;0;0;0;0;0;0;0
FR;9;2021-10-31;0;0;0;0;0;0;0;0;0;0;0;0;0;0;0;0;0;0
FR;9;2021-11-01;0;0;0;0;0;0;0;0;0;0;0;0;0;0;0;0;0;0
FR;9;2021-11-02;0;0;0;0;0;0;0;0;0;0;0;0;0;0;0;0;0;0
FR;9;2021-11-03;0;0;0;0;0;0;0;0;0;0;0;0;0;0;0;0;0;0
FR;9;2021-11-04;0;0;0;0;0;0;0;0;0;0;0;0;0;0;0;0;0;0
FR;9;2021-11-05;0;0;0;0;0;0;0;0;0;0;0;0;0;0;0;0;0;0
FR;9;2021-11-06;0;0;0;0;0;0;0;0;0;0;0;0;0;0;0;0;0;0
FR;9;2021-11-07;0;0;0;0;0;0;0;0;0;0;0;0;0;0;0;0;0;0
FR;9;2021-11-08;0;0;0;0;0;0;0;0;0;0;0;0;0;0;0;0;0;0
FR;9;2021-11-09;0;0;0;0;0;0;0;0;0;0;0;0;0;0;0;0;0;0
FR;9;2021-11-10;0;0;0;0;0;0;0;0;0;0;0;0;0;0;0;0;0;0
FR;9;2021-11-11;0;0;0;0;0;0;0;0;0;0;0;0;0;0;0;0;0;0
FR;9;2021-11-12;0;0;0;0;0;0;0;0;0;0;0;0;0;0;0;0;0;0
FR;9;2021-11-13;0;0;0;0;0;0;0;0;0;0;0;0;0;0;0;0;0;0
FR;9;2021-11-14;0;0;0;0;0;0;0;0;0;0;0;0;0;0;0;0;0;0
FR;9;2021-11-15;0;0;0;0;0;0;0;0;0;0;0;0;0;0;0;0;0;0
FR;9;2021-11-16;0;0;0;0;0;0;0;0;0;0;0;0;0;0;0;0;0;0
FR;9;2021-11-17;0;0;0;0;0;0;0;0;0;0;0;0;0;0;0;0;0;0
FR;9;2021-11-18;0;0;0;0;0;0;0;0;0;0;0;0;0;0;0;0;0;0
FR;9;2021-11-19;0;0;0;0;0;0;0;0;0;0;0;0;0;0;0;0;0;0
FR;9;2021-11-20;0;0;0;0;0;0;0;0;0;0;0;0;0;0;0;0;0;0
FR;9;2021-11-21;0;0;0;0;0;0;0;0;0;0;0;0;0;0;0;0;0;0
FR;9;2021-11-22;0;0;0;0;0;0;0;0;0;0;0;0;0;0;0;0;0;0
FR;9;2021-11-23;0;0;0;0;0;0;0;0;0;0;0;0;0;0;0;0;0;0
FR;9;2021-11-24;0;0;0;0;0;0;0;0;0;0;0;0;0;0;0;0;0;0
FR;9;2021-11-25;0;0;0;0;0;0;0;0;0;0;0;0;0;0;0;0;0;0
FR;9;2021-11-26;0;0;0;0;0;0;0;0;0;0;0;0;0;0;0;0;0;0
FR;9;2021-11-27;0;0;0;0;0;0;0;0;0;0;0;0;0;0;0;0;0;0
FR;9;2021-11-28;0;0;0;0;0;0;0;0;0;0;0;0;0;0;0;0;0;0
FR;9;2021-11-29;0;0;0;0;0;0;0;0;0;0;0;0;0;0;0;0;0;0
FR;9;2021-11-30;0;0;0;0;0;0;0;0;0;0;0;0;0;0;0;0;0;0
FR;9;2021-12-01;0;0;0;0;0;0;0;0;0;0;0;0;0;0;0;0;0;0
FR;9;2021-12-02;0;0;0;0;0;0;0;0;0;0;0;0;0;0;0;0;0;0
FR;9;2021-12-03;0;0;0;0;0;0;0;0;0;0;0;0;0;0;0;0;0;0
FR;9;2021-12-04;0;0;0;0;0;0;0;0;0;0;0;0;0;0;0;0;0;0
FR;9;2021-12-05;0;0;0;0;0;0;0;0;0;0;0;0;0;0;0;0;0;0
FR;9;2021-12-06;0;0;0;0;0;0;0;0;0;0;0;0;0;0;0;0;0;0
FR;9;2021-12-07;0;0;0;0;0;0;0;0;0;0;0;0;0;0;0;0;0;0
FR;9;2021-12-08;0;0;0;0;0;0;0;0;0;0;0;0;0;0;0;0;0;0
FR;9;2021-12-09;0;0;0;0;0;0;0;0;0;0;0;0;0;0;0;0;0;0
FR;9;2021-12-10;0;0;0;0;0;0;0;0;0;0;0;0;0;0;0;0;0;0
FR;9;2021-12-11;0;0;0;0;0;0;0;0;0;0;0;0;0;0;0;0;0;0
FR;9;2021-12-12;0;0;0;0;0;0;0;0;0;0;0;0;0;0;0;0;0;0
FR;9;2021-12-13;0;0;0;0;0;0;0;0;0;0;0;0;0;0;0;0;0;0
FR;9;2021-12-14;0;0;0;0;0;0;0;0;0;0;0;0;0;0;0;0;0;0
FR;9;2021-12-15;0;0;0;0;0;0;0;0;0;0;0;0;0;0;0;0;0;0
FR;9;2021-12-16;0;0;0;0;0;0;0;0;0;0;0;0;0;0;0;0;0;0
FR;9;2021-12-17;0;0;0;0;0;0;0;0;0;0;0;0;0;0;0;0;0;0
FR;9;2021-12-18;0;0;0;0;0;0;0;0;0;0;0;0;0;0;0;0;0;0
FR;9;2021-12-19;0;0;0;0;0;0;0;0;0;0;0;0;0;0;0;0;0;0
FR;9;2021-12-20;0;0;0;0;0;0;0;0;0;0;0;0;0;0;0;0;0;0
FR;9;2021-12-21;0;0;0;0;0;0;0;0;0;0;0;0;0;0;0;0;0;0
FR;9;2021-12-22;0;0;0;0;0;0;0;0;0;0;0;0;0;0;0;0;0;0
FR;9;2021-12-23;0;0;0;0;0;0;0;0;0;0;0;0;0;0;0;0;0;0
FR;9;2021-12-24;0;0;0;0;0;0;0;0;0;0;0;0;0;0;0;0;0;0
FR;9;2021-12-25;0;0;0;0;0;0;0;0;0;0;0;0;0;0;0;0;0;0
FR;9;2021-12-26;0;0;0;0;0;0;0;0;0;0;0;0;0;0;0;0;0;0
FR;9;2021-12-27;0;0;0;0;0;0;0;0;0;0;0;0;0;0;0;0;0;0
FR;9;2021-12-28;0;0;0;0;0;0;0;0;0;0;0;0;0;0;0;0;0;0
FR;9;2021-12-29;0;0;0;0;0;0;0;0;0;0;0;0;0;0;0;0;0;0
FR;9;2021-12-30;0;0;0;0;0;0;0;0;0;0;0;0;0;0;0;0;0;0
FR;9;2021-12-31;0;0;0;0;0;0;0;0;0;0;0;0;0;0;0;0;0;0
FR;9;2022-01-01;0;0;0;0;0;0;0;0;0;0;0;0;0;0;0;0;0;0
FR;9;2022-01-02;0;0;0;0;0;0;0;0;0;0;0;0;0;0;0;0;0;0
FR;9;2022-01-03;0;0;0;0;0;0;0;0;0;0;0;0;0;0;0;0;0;0
FR;9;2022-01-04;0;0;0;0;0;0;0;0;0;0;0;0;0;0;0;0;0;0
FR;9;2022-01-05;0;0;0;0;0;0;0;0;0;0;0;0;0;0;0;0;0;0
FR;9;2022-01-06;0;0;0;0;0;0;0;0;0;0;0;0;0;0;0;0;0;0
FR;9;2022-01-07;0;0;0;0;0;0;0;0;0;0;0;0;0;0;0;0;0;0
FR;9;2022-01-08;0;0;0;0;0;0;0;0;0;0;0;0;0;0;0;0;0;0
FR;9;2022-01-09;0;0;0;0;0;0;0;0;0;0;0;0;0;0;0;0;0;0
FR;9;2022-01-10;0;0;0;0;0;0;0;0;0;0;0;0;0;0;0;0;0;0
FR;9;2022-01-11;0;0;0;0;0;0;0;0;0;0;0;0;0;0;0;0;0;0
FR;9;2022-01-12;0;0;0;0;0;0;0;0;0;0;0;0;0;0;0;0;0;0
FR;9;2022-01-13;0;0;0;0;0;0;0;0;0;0;0;0;0;0;0;0;0;0
FR;9;2022-01-14;0;0;0;0;0;0;0;0;0;0;0;0;0;0;0;0;0;0
FR;9;2022-01-15;0;0;0;0;0;0;0;0;0;0;0;0;0;0;0;0;0;0
FR;9;2022-01-16;0;0;0;0;0;0;0;0;0;0;0;0;0;0;0;0;0;0
FR;9;2022-01-17;0;0;0;0;0;0;0;0;0;0;0;0;0;0;0;0;0;0
FR;9;2022-01-18;0;0;0;0;0;0;0;0;0;0;0;0;0;0;0;0;0;0
FR;9;2022-01-19;0;0;0;0;0;0;0;0;0;0;0;0;0;0;0;0;0;0
FR;9;2022-01-20;0;0;0;0;0;0;0;0;0;0;0;0;0;0;0;0;0;0
FR;9;2022-01-21;0;0;0;0;0;0;0;0;0;0;0;0;0;0;0;0;0;0
FR;9;2022-01-22;0;0;0;0;0;0;0;0;0;0;0;0;0;0;0;0;0;0
FR;9;2022-01-23;0;0;0;0;0;0;0;0;0;0;0;0;0;0;0;0;0;0
FR;9;2022-01-24;0;0;0;0;0;0;0;0;0;0;0;0;0;0;0;0;0;0
FR;9;2022-01-25;0;0;0;0;0;0;0;0;0;0;0;0;0;0;0;0;0;0
FR;9;2022-01-26;0;0;0;0;0;0;0;0;0;0;0;0;0;0;0;0;0;0
FR;9;2022-01-27;0;0;0;0;0;0;0;0;0;0;0;0;0;0;0;0;0;0
FR;9;2022-01-28;0;0;0;0;0;0;0;0;0;0;0;0;0;0;0;0;0;0
FR;9;2022-01-29;0;0;0;0;0;0;0;0;0;0;0;0;0;0;0;0;0;0
FR;9;2022-01-30;0;0;0;0;0;0;0;0;0;0;0;0;0;0;0;0;0;0
FR;9;2022-01-31;0;0;0;0;0;0;0;0;0;0;0;0;0;0;0;0;0;0
FR;9;2022-02-01;0;0;0;0;0;0;0;0;0;0;0;0;0;0;0;0;0;0
FR;9;2022-02-02;0;0;0;0;0;0;0;0;0;0;0;0;0;0;0;0;0;0
FR;9;2022-02-03;0;0;0;0;0;0;0;0;0;0;0;0;0;0;0;0;0;0
FR;9;2022-02-04;0;0;0;0;0;0;0;0;0;0;0;0;0;0;0;0;0;0
FR;9;2022-02-05;0;0;0;0;0;0;0;0;0;0;0;0;0;0;0;0;0;0
FR;9;2022-02-06;0;0;0;0;0;0;0;0;0;0;0;0;0;0;0;0;0;0
FR;9;2022-02-07;0;0;0;0;0;0;0;0;0;0;0;0;0;0;0;0;0;0
FR;9;2022-02-08;0;0;0;0;0;0;0;0;0;0;0;0;0;0;0;0;0;0
FR;9;2022-02-09;0;0;0;0;0;0;0;0;0;0;0;0;0;0;0;0;0;0
FR;9;2022-02-10;0;0;0;0;0;0;0;0;0;0;0;0;0;0;0;0;0;0
FR;9;2022-02-11;0;0;0;0;0;0;0;0;0;0;0;0;0;0;0;0;0;0
FR;9;2022-02-12;0;0;0;0;0;0;0;0;0;0;0;0;0;0;0;0;0;0
FR;9;2022-02-13;0;0;0;0;0;0;0;0;0;0;0;0;0;0;0;0;0;0
FR;9;2022-02-14;0;0;0;0;0;0;0;0;0;0;0;0;0;0;0;0;0;0
FR;9;2022-02-15;0;0;0;0;0;0;0;0;0;0;0;0;0;0;0;0;0;0
FR;9;2022-02-16;0;0;0;0;0;0;0;0;0;0;0;0;0;0;0;0;0;0
FR;9;2022-02-17;0;0;0;0;0;0;0;0;0;0;0;0;0;0;0;0;0;0
FR;9;2022-02-18;0;0;0;0;0;0;0;0;0;0;0;0;0;0;0;0;0;0
FR;9;2022-02-19;0;0;0;0;0;0;0;0;0;0;0;0;0;0;0;0;0;0
FR;9;2022-02-20;0;0;0;0;0;0;0;0;0;0;0;0;0;0;0;0;0;0
FR;9;2022-02-21;0;0;0;0;0;0;0;0;0;0;0;0;0;0;0;0;0;0
FR;9;2022-02-22;0;0;0;0;0;0;0;0;0;0;0;0;0;0;0;0;0;0
FR;9;2022-02-23;0;0;0;0;0;0;0;0;0;0;0;0;0;0;0;0;0;0
FR;9;2022-02-24;0;0;0;0;0;0;0;0;0;0;0;0;0;0;0;0;0;0
FR;9;2022-02-25;0;0;0;0;0;0;0;0;0;0;0;0;0;0;0;0;0;0
FR;9;2022-02-26;0;0;0;0;0;0;0;0;0;0;0;0;0;0;0;0;0;0
FR;9;2022-02-27;0;0;0;0;0;0;0;0;0;0;0;0;0;0;0;0;0;0
FR;9;2022-02-28;0;0;0;0;0;0;0;0;0;0;0;0;0;0;0;0;0;0
FR;9;2022-03-01;0;0;0;0;0;0;0;0;0;0;0;0;0;0;0;0;0;0
FR;9;2022-03-02;0;0;0;0;0;0;0;0;0;0;0;0;0;0;0;0;0;0
FR;9;2022-03-03;0;0;0;0;0;0;0;0;0;0;0;0;0;0;0;0;0;0
FR;9;2022-03-04;0;0;0;0;0;0;0;0;0;0;0;0;0;0;0;0;0;0
FR;9;2022-03-05;0;0;0;0;0;0;0;0;0;0;0;0;0;0;0;0;0;0
FR;9;2022-03-06;0;0;0;0;0;0;0;0;0;0;0;0;0;0;0;0;0;0
FR;9;2022-03-07;0;0;0;0;0;0;0;0;0;0;0;0;0;0;0;0;0;0
FR;9;2022-03-08;0;0;0;0;0;0;0;0;0;0;0;0;0;0;0;0;0;0
FR;9;2022-03-09;0;0;0;0;0;0;0;0;0;0;0;0;0;0;0;0;0;0
FR;9;2022-03-10;0;0;0;0;0;0;0;0;0;0;0;0;0;0;0;0;0;0
FR;9;2022-03-11;0;0;0;0;0;0;0;0;0;0;0;0;0;0;0;0;0;0
FR;9;2022-03-12;0;0;0;0;0;0;0;0;0;0;0;0;0;0;0;0;0;0
FR;9;2022-03-13;0;0;0;0;0;0;0;0;0;0;0;0;0;0;0;0;0;0
FR;9;2022-03-14;0;0;0;0;0;0;0;0;0;0;0;0;0;0;0;0;0;0
FR;9;2022-03-15;0;0;0;0;0;0;0;0;0;0;0;0;0;0;0;0;0;0
FR;9;2022-03-16;0;0;0;0;0;0;0;0;0;0;0;0;0;0;0;0;0;0
FR;9;2022-03-17;0;0;0;0;0;0;0;0;0;0;0;0;0;0;0;0;0;0
FR;9;2022-03-18;0;0;0;0;0;0;0;0;0;0;0;0;0;0;0;0;0;0
FR;9;2022-03-19;0;0;0;0;0;0;0;0;0;0;0;0;0;0;0;0;0;0
FR;9;2022-03-20;0;0;0;0;0;0;0;0;0;0;0;0;0;0;0;0;0;0
FR;9;2022-03-21;0;0;0;0;0;0;0;0;0;0;0;0;0;0;0;0;0;0
FR;9;2022-03-22;0;0;0;0;0;0;0;0;0;0;0;0;0;0;0;0;0;0
FR;9;2022-03-23;0;0;0;0;0;0;0;0;0;0;0;0;0;0;0;0;0;0
FR;9;2022-03-24;0;0;0;0;0;0;0;0;0;0;0;0;0;0;0;0;0;0
FR;9;2022-03-25;0;0;0;0;0;0;0;0;0;0;0;0;0;0;0;0;0;0
FR;9;2022-03-26;0;0;0;0;0;0;0;0;0;0;0;0;0;0;0;0;0;0
FR;9;2022-03-27;0;0;0;0;0;0;0;0;0;0;0;0;0;0;0;0;0;0
FR;9;2022-03-28;0;0;0;0;0;0;0;0;0;0;0;0;0;0;0;0;0;0
FR;9;2022-03-29;0;0;0;0;0;0;0;0;0;0;0;0;0;0;0;0;0;0
FR;9;2022-03-30;0;0;0;0;0;0;0;0;0;0;0;0;0;0;0;0;0;0
FR;9;2022-03-31;0;0;0;0;0;0;0;0;0;0;0;0;0;0;0;0;0;0
FR;9;2022-04-01;0;0;0;0;0;0;0;0;0;0;0;0;0;0;0;0;0;0
FR;9;2022-04-02;0;0;0;0;0;0;0;0;0;0;0;0;0;0;0;0;0;0
FR;9;2022-04-03;0;0;0;0;0;0;0;0;0;0;0;0;0;0;0;0;0;0
FR;9;2022-04-04;0;0;0;0;0;0;0;0;0;0;0;0;0;0;0;0;0;0
FR;9;2022-04-05;0;0;0;0;0;0;0;0;0;0;0;0;0;0;0;0;0;0
FR;9;2022-04-06;0;0;0;0;0;0;0;0;0;0;0;0;0;0;0;0;0;0
FR;9;2022-04-07;0;0;0;0;0;0;0;0;0;0;0;0;0;0;0;0;0;0
FR;9;2022-04-08;0;0;0;0;0;0;0;0;0;0;0;0;0;0;0;0;0;0
FR;9;2022-04-09;0;0;0;0;0;0;0;0;0;0;0;0;0;0;0;0;0;0
FR;9;2022-04-10;0;0;0;0;0;0;0;0;0;0;0;0;0;0;0;0;0;0
FR;9;2022-04-11;0;0;0;0;0;0;0;0;0;0;0;0;0;0;0;0;0;0
FR;9;2022-04-12;0;0;0;0;0;0;0;0;0;0;0;0;0;0;0;0;0;0
FR;9;2022-04-13;0;0;0;0;0;0;0;0;0;0;0;0;0;0;0;0;0;0
FR;9;2022-04-14;0;0;0;0;0;0;0;0;0;0;0;0;0;0;0;0;0;0
FR;9;2022-04-15;0;0;0;0;0;0;0;0;0;0;0;0;0;0;0;0;0;0
FR;9;2022-04-16;0;0;0;0;0;0;0;0;0;0;0;0;0;0;0;0;0;0
FR;9;2022-04-17;0;0;0;0;0;0;0;0;0;0;0;0;0;0;0;0;0;0
FR;9;2022-04-18;0;0;0;0;0;0;0;0;0;0;0;0;0;0;0;0;0;0
FR;9;2022-04-19;0;0;0;0;0;0;0;0;0;0;0;0;0;0;0;0;0;0
FR;9;2022-04-20;0;0;0;0;0;0;0;0;0;0;0;0;0;0;0;0;0;0
FR;9;2022-04-21;0;0;0;0;0;0;0;0;0;0;0;0;0;0;0;0;0;0
FR;9;2022-04-22;0;0;0;0;0;0;0;0;0;0;0;0;0;0;0;0;0;0
FR;9;2022-04-23;0;0;0;0;0;0;0;0;0;0;0;0;0;0;0;0;0;0
FR;9;2022-04-24;0;0;0;0;0;0;0;0;0;0;0;0;0;0;0;0;0;0
FR;9;2022-04-25;0;0;0;0;0;0;0;0;0;0;0;0;0;0;0;0;0;0
FR;9;2022-04-26;0;0;0;0;0;0;0;0;0;0;0;0;0;0;0;0;0;0
FR;9;2022-04-27;0;0;0;0;0;0;0;0;0;0;0;0;0;0;0;0;0;0
FR;9;2022-04-28;0;0;0;0;0;0;0;0;0;0;0;0;0;0;0;0;0;0
FR;9;2022-04-29;0;0;0;0;0;0;0;0;0;0;0;0;0;0;0;0;0;0
FR;9;2022-04-30;0;0;0;0;0;0;0;0;0;0;0;0;0;0;0;0;0;0
FR;9;2022-05-01;0;0;0;0;0;0;0;0;0;0;0;0;0;0;0;0;0;0
FR;9;2022-05-02;0;0;0;0;0;0;0;0;0;0;0;0;0;0;0;0;0;0
FR;9;2022-05-03;0;0;0;0;0;0;0;0;0;0;0;0;0;0;0;0;0;0
FR;9;2022-05-04;0;0;0;0;0;0;0;0;0;0;0;0;0;0;0;0;0;0
FR;9;2022-05-05;0;0;0;0;0;0;0;0;0;0;0;0;0;0;0;0;0;0
FR;9;2022-05-06;0;0;0;0;0;0;0;0;0;0;0;0;0;0;0;0;0;0
FR;9;2022-05-07;0;0;0;0;0;0;0;0;0;0;0;0;0;0;0;0;0;0
FR;9;2022-05-08;0;0;0;0;0;0;0;0;0;0;0;0;0;0;0;0;0;0
FR;9;2022-05-09;0;0;0;0;0;0;0;0;0;0;0;0;0;0;0;0;0;0
FR;9;2022-05-10;0;0;0;0;0;0;0;0;0;0;0;0;0;0;0;0;0;0
FR;9;2022-05-11;0;0;0;0;0;0;0;0;0;0;0;0;0;0;0;0;0;0
FR;9;2022-05-12;0;0;0;0;0;0;0;0;0;0;0;0;0;0;0;0;0;0
FR;9;2022-05-13;0;0;0;0;0;0;0;0;0;0;0;0;0;0;0;0;0;0
FR;9;2022-05-14;0;0;0;0;0;0;0;0;0;0;0;0;0;0;0;0;0;0
FR;9;2022-05-15;0;0;0;0;0;0;0;0;0;0;0;0;0;0;0;0;0;0
FR;9;2022-05-16;0;0;0;0;0;0;0;0;0;0;0;0;0;0;0;0;0;0
FR;9;2022-05-17;0;0;0;0;0;0;0;0;0;0;0;0;0;0;0;0;0;0
FR;9;2022-05-18;0;0;0;0;0;0;0;0;0;0;0;0;0;0;0;0;0;0
FR;9;2022-05-19;0;0;0;0;0;0;0;0;0;0;0;0;0;0;0;0;0;0
FR;9;2022-05-20;0;0;0;0;0;0;0;0;0;0;0;0;0;0;0;0;0;0
FR;9;2022-05-21;0;0;0;0;0;0;0;0;0;0;0;0;0;0;0;0;0;0
FR;9;2022-05-22;0;0;0;0;0;0;0;0;0;0;0;0;0;0;0;0;0;0
FR;9;2022-05-23;0;0;0;0;0;0;0;0;0;0;0;0;0;0;0;0;0;0
FR;9;2022-05-24;0;0;0;0;0;0;0;0;0;0;0;0;0;0;0;0;0;0
FR;9;2022-05-25;0;0;0;0;0;0;0;0;0;0;0;0;0;0;0;0;0;0
FR;9;2022-05-26;0;0;0;0;0;0;0;0;0;0;0;0;0;0;0;0;0;0
FR;9;2022-05-27;0;0;0;0;0;0;0;0;0;0;0;0;0;0;0;0;0;0
FR;9;2022-05-28;0;0;0;0;0;0;0;0;0;0;0;0;0;0;0;0;0;0
FR;9;2022-05-29;0;0;0;0;0;0;0;0;0;0;0;0;0;0;0;0;0;0
FR;9;2022-05-30;0;0;0;0;0;0;0;0;0;0;0;0;0;0;0;0;0;0
FR;9;2022-05-31;0;0;0;0;0;0;0;0;0;0;0;0;0;0;0;0;0;0
FR;9;2022-06-01;0;0;0;0;0;0;0;0;0;0;0;0;0;0;0;0;0;0
FR;9;2022-06-02;0;0;0;0;0;0;0;0;0;0;0;0;0;0;0;0;0;0
FR;9;2022-06-03;0;0;0;0;0;0;0;0;0;0;0;0;0;0;0;0;0;0
FR;9;2022-06-04;0;0;0;0;0;0;0;0;0;0;0;0;0;0;0;0;0;0
FR;9;2022-06-05;0;0;0;0;0;0;0;0;0;0;0;0;0;0;0;0;0;0
FR;9;2022-06-06;0;0;0;0;0;0;0;0;0;0;0;0;0;0;0;0;0;0
FR;9;2022-06-07;0;0;0;0;0;0;0;0;0;0;0;0;0;0;0;0;0;0
FR;9;2022-06-08;0;0;0;0;0;0;0;0;0;0;0;0;0;0;0;0;0;0
FR;9;2022-06-09;0;0;0;0;0;0;0;0;0;0;0;0;0;0;0;0;0;0
FR;9;2022-06-10;0;0;0;0;0;0;0;0;0;0;0;0;0;0;0;0;0;0
FR;9;2022-06-11;0;0;0;0;0;0;0;0;0;0;0;0;0;0;0;0;0;0
FR;9;2022-06-12;0;0;0;0;0;0;0;0;0;0;0;0;0;0;0;0;0;0
FR;9;2022-06-13;0;0;0;0;0;0;0;0;0;0;0;0;0;0;0;0;0;0
FR;9;2022-06-14;0;0;0;0;0;0;0;0;0;0;0;0;0;0;0;0;0;0
FR;9;2022-06-15;0;0;0;0;0;0;0;0;0;0;0;0;0;0;0;0;0;0
FR;9;2022-06-16;0;0;0;0;0;0;0;0;0;0;0;0;0;0;0;0;0;0
FR;9;2022-06-17;0;0;0;0;0;0;0;0;0;0;0;0;0;0;0;0;0;0
FR;9;2022-06-18;0;0;0;0;0;0;0;0;0;0;0;0;0;0;0;0;0;0
FR;9;2022-06-19;0;0;0;0;0;0;0;0;0;0;0;0;0;0;0;0;0;0
FR;9;2022-06-20;0;0;0;0;0;0;0;0;0;0;0;0;0;0;0;0;0;0
FR;9;2022-06-21;0;0;0;0;0;0;0;0;0;0;0;0;0;0;0;0;0;0
FR;9;2022-06-22;0;0;0;0;0;0;0;0;0;0;0;0;0;0;0;0;0;0
FR;9;2022-06-23;0;0;0;0;0;0;0;0;0;0;0;0;0;0;0;0;0;0
FR;9;2022-06-24;0;0;0;0;0;0;0;0;0;0;0;0;0;0;0;0;0;0
FR;9;2022-06-25;0;0;0;0;0;0;0;0;0;0;0;0;0;0;0;0;0;0
FR;9;2022-06-26;0;0;0;0;0;0;0;0;0;0;0;0;0;0;0;0;0;0
FR;9;2022-06-27;0;0;0;0;0;0;0;0;0;0;0;0;0;0;0;0;0;0
FR;9;2022-06-28;0;0;0;0;0;0;0;0;0;0;0;0;0;0;0;0;0;0
FR;9;2022-06-29;0;0;0;0;0;0;0;0;0;0;0;0;0;0;0;0;0;0
FR;9;2022-06-30;0;0;0;0;0;0;0;0;0;0;0;0;0;0;0;0;0;0
FR;9;2022-07-01;0;0;0;0;0;0;0;0;0;0;0;0;0;0;0;0;0;0
FR;9;2022-07-02;0;0;0;0;0;0;0;0;0;0;0;0;0;0;0;0;0;0
FR;9;2022-07-03;0;0;0;0;0;0;0;0;0;0;0;0;0;0;0;0;0;0
FR;9;2022-07-04;0;0;0;0;0;0;0;0;0;0;0;0;0;0;0;0;0;0
FR;9;2022-07-05;0;0;0;0;0;0;0;0;0;0;0;0;0;0;0;0;0;0
FR;9;2022-07-06;0;0;0;0;0;0;0;0;0;0;0;0;0;0;0;0;0;0
FR;9;2022-07-07;0;0;0;0;0;0;0;0;0;0;0;0;0;0;0;0;0;0
FR;9;2022-07-08;0;0;0;0;0;0;0;0;0;0;0;0;0;0;0;0;0;0
FR;9;2022-07-09;0;0;0;0;0;0;0;0;0;0;0;0;0;0;0;0;0;0
FR;9;2022-07-10;0;0;0;0;0;0;0;0;0;0;0;0;0;0;0;0;0;0
FR;9;2022-07-11;0;0;0;0;0;0;0;0;0;0;0;0;0;0;0;0;0;0
FR;9;2022-07-12;0;0;0;0;0;0;0;0;0;0;0;0;0;0;0;0;0;0
FR;9;2022-07-13;0;0;0;0;0;0;0;0;0;0;0;0;0;0;0;0;0;0
FR;9;2022-07-14;0;0;0;0;0;0;0;0;0;0;0;0;0;0;0;0;0;0
FR;9;2022-07-15;0;0;0;0;0;0;0;0;0;0;0;0;0;0;0;0;0;0
FR;9;2022-07-16;0;0;0;0;0;0;0;0;0;0;0;0;0;0;0;0;0;0
FR;9;2022-07-17;0;0;0;0;0;0;0;0;0;0;0;0;0;0;0;0;0;0
FR;9;2022-07-18;0;0;0;0;0;0;0;0;0;0;0;0;0;0;0;0;0;0
FR;9;2022-07-19;0;0;0;0;0;0;0;0;0;0;0;0;0;0;0;0;0;0
FR;9;2022-07-20;0;0;0;0;0;0;0;0;0;0;0;0;0;0;0;0;0;0
FR;9;2022-07-21;0;0;0;0;0;0;0;0;0;0;0;0;0;0;0;0;0;0
FR;9;2022-07-22;0;0;0;0;0;0;0;0;0;0;0;0;0;0;0;0;0;0
FR;9;2022-07-23;0;0;0;0;0;0;0;0;0;0;0;0;0;0;0;0;0;0
FR;9;2022-07-24;0;0;0;0;0;0;0;0;0;0;0;0;0;0;0;0;0;0
FR;9;2022-07-25;0;0;0;0;0;0;0;0;0;0;0;0;0;0;0;0;0;0
FR;9;2022-07-26;0;0;0;0;0;0;0;0;0;0;0;0;0;0;0;0;0;0
FR;9;2022-07-27;0;0;0;0;0;0;0;0;0;0;0;0;0;0;0;0;0;0
FR;9;2022-07-28;0;0;0;0;0;0;0;0;0;0;0;0;0;0;0;0;0;0
FR;9;2022-07-29;0;0;0;0;0;0;0;0;0;0;0;0;0;0;0;0;0;0
FR;9;2022-07-30;0;0;0;0;0;0;0;0;0;0;0;0;0;0;0;0;0;0
FR;9;2022-07-31;0;0;0;0;0;0;0;0;0;0;0;0;0;0;0;0;0;0
FR;9;2022-08-01;0;0;0;0;0;0;0;0;0;0;0;0;0;0;0;0;0;0
FR;9;2022-08-02;0;0;0;0;0;0;0;0;0;0;0;0;0;0;0;0;0;0
FR;9;2022-08-03;0;0;0;0;0;0;0;0;0;0;0;0;0;0;0;0;0;0
FR;9;2022-08-04;0;0;0;0;0;0;0;0;0;0;0;0;0;0;0;0;0;0
FR;9;2022-08-05;0;0;0;0;0;0;0;0;0;0;0;0;0;0;0;0;0;0
FR;9;2022-08-06;0;0;0;0;0;0;0;0;0;0;0;0;0;0;0;0;0;0
FR;9;2022-08-07;0;0;0;0;0;0;0;0;0;0;0;0;0;0;0;0;0;0
FR;9;2022-08-08;0;0;0;0;0;0;0;0;0;0;0;0;0;0;0;0;0;0
FR;9;2022-08-09;0;0;0;0;0;0;0;0;0;0;0;0;0;0;0;0;0;0
FR;9;2022-08-10;0;0;0;0;0;0;0;0;0;0;0;0;0;0;0;0;0;0
FR;9;2022-08-11;0;0;0;0;0;0;0;0;0;0;0;0;0;0;0;0;0;0
FR;9;2022-08-12;0;0;0;0;0;0;0;0;0;0;0;0;0;0;0;0;0;0
FR;9;2022-08-13;0;0;0;0;0;0;0;0;0;0;0;0;0;0;0;0;0;0
FR;9;2022-08-14;0;0;0;0;0;0;0;0;0;0;0;0;0;0;0;0;0;0
FR;9;2022-08-15;0;0;0;0;0;0;0;0;0;0;0;0;0;0;0;0;0;0
FR;9;2022-08-16;0;0;0;0;0;0;0;0;0;0;0;0;0;0;0;0;0;0
FR;9;2022-08-17;0;0;0;0;0;0;0;0;0;0;0;0;0;0;0;0;0;0
FR;9;2022-08-18;0;0;0;0;0;0;0;0;0;0;0;0;0;0;0;0;0;0
FR;9;2022-08-19;0;0;0;0;0;0;0;0;0;0;0;0;0;0;0;0;0;0
FR;9;2022-08-20;0;0;0;0;0;0;0;0;0;0;0;0;0;0;0;0;0;0
FR;9;2022-08-21;0;0;0;0;0;0;0;0;0;0;0;0;0;0;0;0;0;0
FR;9;2022-08-22;0;0;0;0;0;0;0;0;0;0;0;0;0;0;0;0;0;0
FR;9;2022-08-23;0;0;0;0;0;0;0;0;0;0;0;0;0;0;0;0;0;0
FR;9;2022-08-24;0;0;0;0;0;0;0;0;0;0;0;0;0;0;0;0;0;0
FR;9;2022-08-25;0;0;0;0;0;0;0;0;0;0;0;0;0;0;0;0;0;0
FR;9;2022-08-26;0;0;0;0;0;0;0;0;0;0;0;0;0;0;0;0;0;0
FR;9;2022-08-27;0;0;0;0;0;0;0;0;0;0;0;0;0;0;0;0;0;0
FR;9;2022-08-28;0;0;0;0;0;0;0;0;0;0;0;0;0;0;0;0;0;0
FR;9;2022-08-29;0;0;0;0;0;0;0;0;0;0;0;0;0;0;0;0;0;0
FR;9;2022-08-30;0;0;0;0;0;0;0;0;0;0;0;0;0;0;0;0;0;0
FR;9;2022-08-31;0;0;0;0;0;0;0;0;0;0;0;0;0;0;0;0;0;0
FR;9;2022-09-01;0;0;0;0;0;0;0;0;0;0;0;0;0;0;0;0;0;0
FR;9;2022-09-02;0;0;0;0;0;0;0;0;0;0;0;0;0;0;0;0;0;0
FR;9;2022-09-03;0;0;0;0;0;0;0;0;0;0;0;0;0;0;0;0;0;0
FR;9;2022-09-04;0;0;0;0;0;0;0;0;0;0;0;0;0;0;0;0;0;0
FR;9;2022-09-05;0;0;0;0;0;0;0;0;0;0;0;0;0;0;0;0;0;0
FR;9;2022-09-06;0;0;0;0;0;0;0;0;0;0;0;0;0;0;0;0;0;0
FR;9;2022-09-07;0;0;0;0;0;0;0;0;0;0;0;0;0;0;0;0;0;0
FR;9;2022-09-08;0;0;0;0;0;0;0;0;0;0;0;0;0;0;0;0;0;0
FR;9;2022-09-09;0;0;0;0;0;0;0;0;0;0;0;0;0;0;0;0;0;0
FR;9;2022-09-10;0;0;0;0;0;0;0;0;0;0;0;0;0;0;0;0;0;0
FR;9;2022-09-11;0;0;0;0;0;0;0;0;0;0;0;0;0;0;0;0;0;0
FR;9;2022-09-12;0;0;0;0;0;0;0;0;0;0;0;0;0;0;0;0;0;0
FR;9;2022-09-13;0;0;0;0;0;0;0;0;0;0;0;0;0;0;0;0;0;0
FR;9;2022-09-14;0;0;0;0;0;0;0;0;0;0;0;0;0;0;0;0;0;0
FR;9;2022-09-15;0;0;0;0;0;0;0;0;0;0;0;0;0;0;0;0;0;0
FR;9;2022-09-16;0;0;0;0;0;0;0;0;0;0;0;0;0;0;0;0;0;0
FR;9;2022-09-17;0;0;0;0;0;0;0;0;0;0;0;0;0;0;0;0;0;0
FR;9;2022-09-18;0;0;0;0;0;0;0;0;0;0;0;0;0;0;0;0;0;0
FR;9;2022-09-19;0;0;0;0;0;0;0;0;0;0;0;0;0;0;0;0;0;0
FR;9;2022-09-20;0;0;0;0;0;0;0;0;0;0;0;0;0;0;0;0;0;0
FR;9;2022-09-21;0;0;0;0;0;0;0;0;0;0;0;0;0;0;0;0;0;0
FR;9;2022-09-22;0;0;0;0;0;0;0;0;0;0;0;0;0;0;0;0;0;0
FR;9;2022-09-23;0;0;0;0;0;0;0;0;0;0;0;0;0;0;0;0;0;0
FR;9;2022-09-24;0;0;0;0;0;0;0;0;0;0;0;0;0;0;0;0;0;0
FR;9;2022-09-25;0;0;0;0;0;0;0;0;0;0;0;0;0;0;0;0;0;0
FR;9;2022-09-26;0;0;0;0;0;0;0;0;0;0;0;0;0;0;0;0;0;0
FR;9;2022-09-27;0;0;0;0;0;0;0;0;0;0;0;0;0;0;0;0;0;0
FR;9;2022-09-28;0;0;0;0;0;0;0;0;0;0;0;0;0;0;0;0;0;0
FR;9;2022-09-29;1;1;8;31;0;6;33;40;1;1;1;8;31;0;6;33;40;1
FR;9;2022-09-30;5;12;60;606;6;47;613;713;51;6;13;68;637;6;53;646;753;52
FR;9;2022-10-01;9;1;43;327;2;26;335;396;35;15;14;111;964;8;79;981;1149;87
FR;9;2022-10-02;1;1;5;50;0;4;51;66;11;16;15;116;1014;8;83;1032;1215;98
FR;9;2022-10-03;10;16;151;1713;10;129;1707;2073;234;26;31;267;2727;18;212;2739;3288;332
FR;9;2022-10-04;20;48;353;3952;18;228;4020;4702;450;46;79;620;6679;36;440;6759;7990;782
FR;9;2022-10-05;27;19;269;2997;16;203;3010;3655;433;73;98;889;9676;52;643;9769;11645;1215
FR;9;2022-10-06;23;34;399;4598;17;300;4631;5608;672;96;132;1288;14274;69;943;14400;17253;1887
FR;9;2022-10-07;29;50;499;5704;19;384;5718;7027;923;125;182;1787;19978;88;1327;20118;24280;2810
FR;9;2022-10-08;10;18;128;1088;8;86;1106;1386;190;135;200;1915;21066;96;1413;21224;25666;3000
FR;9;2022-10-09;1;7;22;197;1;29;198;277;50;136;207;1937;21263;97;1442;21422;25943;3050
FR;9;2022-10-10;11;26;207;2572;14;181;2576;3296;533;147;233;2144;23835;111;1623;23998;29239;3583
FR;9;2022-10-11;31;40;424;5043;27;312;5024;6197;851;178;273;2568;28878;138;1935;29022;35436;4434
FR;9;2022-10-12;22;26;297;2985;16;212;3043;3828;571;200;299;2865;31863;154;2147;32065;39264;5005
FR;9;2022-10-13;25;42;374;3980;16;245;4036;5026;739;225;341;3239;35843;170;2392;36101;44290;5744
FR;9;2022-10-14;27;26;381;4427;12;293;4411;5553;838;252;367;3620;40270;182;2685;40512;49843;6582
FR;9;2022-10-15;14;8;101;1051;7;79;1028;1307;198;266;375;3721;41321;189;2764;41540;51150;6780
FR;9;2022-10-16;4;1;9;131;2;12;125;167;28;270;376;3730;41452;191;2776;41665;51317;6808
FR;9;2022-10-17;4;22;165;1875;11;127;1883;2492;475;274;398;3895;43327;202;2903;43548;53809;7283
FR;9;2022-10-18;35;28;315;3427;17;226;3437;4624;952;309;426;4210;46754;219;3129;46985;58433;8235
FR;9;2022-10-19;22;19;262;2687;16;174;2717;3725;819;331;445;4472;49441;235;3303;49702;62158;9054
FR;9;2022-10-20;21;22;308;3625;8;232;3626;4798;932;352;467;4780;53066;243;3535;53328;66956;9986
FR;9;2022-10-21;14;31;324;3524;10;226;3542;4635;859;366;498;5104;56590;253;3761;56870;71591;10845
FR;9;2022-10-22;10;11;90;914;8;62;919;1193;207;376;509;5194;57504;261;3823;57789;72784;11052
FR;9;2022-10-23;2;2;17;99;2;10;104;147;33;378;511;5211;57603;263;3833;57893;72931;11085
FR;9;2022-10-24;7;17;158;1361;6;104;1430;1934;395;385;528;5369;58964;269;3937;59323;74865;11480
FR;9;2022-10-25;18;22;227;2837;16;188;2846;3908;871;403;550;5596;61801;285;4125;62169;78773;12351
FR;9;2022-10-26;14;16;169;1797;13;123;1810;2519;584;417;566;5765;63598;298;4248;63979;81292;12935
FR;9;2022-10-27;9;26;230;2291;15;173;2324;3170;662;426;592;5995;65889;313;4421;66303;84462;13597
FR;9;2022-10-28;18;27;224;2277;17;151;2301;3139;680;444;619;6219;68166;330;4572;68604;87601;14277
FR;9;2022-10-29;12;8;55;505;5;46;496;662;119;456;627;6274;68671;335;4618;69100;88263;14396
FR;9;2022-10-30;2;1;8;58;1;8;58;82;16;458;628;6282;68729;336;4626;69158;88345;14412
FR;9;2022-10-31;13;7;105;658;9;59;693;986;232;471;635;6387;69387;345;4685;69851;89331;14644
FR;9;2022-11-01;1;1;15;43;0;11;49;71;11;472;636;6402;69430;345;4696;69900;89402;14655
FR;9;2022-11-02;7;12;102;1025;4;76;1043;1573;450;479;648;6504;70455;349;4772;70943;90975;15105
FR;9;2022-11-03;17;17;155;1583;15;90;1631;2325;594;496;665;6659;72038;364;4862;72574;93300;15699
FR;9;2022-11-04;21;18;193;1746;14;120;1795;2521;601;517;683;6852;73784;378;4982;74369;95821;16300
FR;9;2022-11-05;8;10;58;403;9;39;424;573;107;525;693;6910;74187;387;5021;74793;96394;16407
FR;9;2022-11-06;5;4;5;61;6;2;60;87;25;530;697;6915;74248;393;5023;74853;96481;16432
FR;9;2022-11-07;16;19;88;923;16;109;929;1468;424;546;716;7003;75171;409;5132;75782;97949;16856
FR;9;2022-11-08;10;19;164;1799;13;132;1795;2634;702;556;735;7167;76970;422;5264;77577;100583;17558
FR;9;2022-11-09;16;16;123;1260;9;98;1321;1877;453;572;751;7290;78230;431;5362;78898;102460;18011
FR;9;2022-11-10;13;21;158;1620;13;137;1613;2272;518;585;772;7448;79850;444;5499;80511;104732;18529
FR;9;2022-11-11;1;1;13;81;1;6;83;123;34;586;773;7461;79931;445;5505;80594;104855;18563
FR;9;2022-11-12;5;8;44;259;7;19;278;395;97;591;781;7505;80190;452;5524;80872;105250;18660
FR;9;2022-11-13;2;0;4;30;0;4;31;51;16;593;781;7509;80220;452;5528;80903;105301;18676
FR;9;2022-11-14;11;12;56;707;11;44;722;1107;338;604;793;7565;80927;463;5572;81625;106408;19014
FR;9;2022-11-15;16;16;146;1314;7;103;1324;2040;608;620;809;7711;82241;470;5675;82949;108448;19622
FR;9;2022-11-16;10;4;99;977;7;58;996;1486;428;630;813;7810;83218;477;5733;83945;109934;20050
FR;9;2022-11-17;9;15;121;1069;10;74;1092;1659;488;639;828;7931;84287;487;5807;85037;111593;20538
FR;9;2022-11-18;7;16;119;1435;5;77;1450;2014;485;646;844;8050;85722;492;5884;86487;113607;21023
FR;9;2022-11-19;3;5;50;364;1;27;350;488;106;649;849;8100;86086;493;5911;86837;114095;21129
FR;9;2022-11-20;1;0;5;37;0;3;35;54;16;650;849;8105;86123;493;5914;86872;114149;21145
FR;9;2022-11-21;9;12;65;636;5;51;638;959;263;659;861;8170;86759;498;5965;87510;115108;21408
FR;9;2022-11-22;15;12;121;1037;13;74;1067;1591;448;674;873;8291;87796;511;6039;88577;116699;21856
FR;9;2022-11-23;6;10;67;710;5;33;736;1134;360;680;883;8358;88506;516;6072;89313;117833;22216
FR;9;2022-11-24;8;19;91;975;14;66;988;1466;406;688;902;8449;89481;530;6138;90301;119299;22622
FR;9;2022-11-25;8;10;106;1174;8;81;1190;1743;471;696;912;8555;90655;538;6219;91491;121042;23093
FR;9;2022-11-26;6;6;35;217;7;24;211;307;68;702;918;8590;90872;545;6243;91702;121349;23161
FR;9;2022-11-27;1;1;6;42;0;2;46;82;34;703;919;8596;90914;545;6245;91748;121431;23195
FR;9;2022-11-28;5;7;98;689;7;57;716;1107;329;708;926;8694;91603;552;6302;92464;122538;23524
FR;9;2022-11-29;5;17;139;1295;6;87;1322;1930;516;713;943;8833;92898;558;6389;93786;124468;24040
FR;9;2022-11-30;9;12;99;1025;5;76;1048;1598;469;722;955;8932;93923;563;6465;94834;126066;24509
FR;9;2022-12-01;16;14;111;1329;8;80;1314;1938;540;738;969;9043;95252;571;6545;96148;128004;25049
FR;9;2022-12-02;10;13;192;1813;10;107;1813;2623;697;748;982;9235;97065;581;6652;97961;130627;25746
FR;9;2022-12-03;7;9;78;617;5;40;631;884;207;755;991;9313;97682;586;6692;98592;131511;25953
FR;9;2022-12-04;9;4;15;105;5;8;105;153;40;764;995;9328;97787;591;6700;98697;131664;25993
FR;9;2022-12-05;19;24;144;1403;17;98;1419;2104;580;783;1019;9472;99190;608;6798;100116;133768;26573
FR;9;2022-12-06;30;21;261;2436;20;146;2530;3782;1088;813;1040;9733;101626;628;6944;102646;137550;27661
FR;9;2022-12-07;15;22;180;1843;20;111;1885;2815;811;828;1062;9913;103469;648;7055;104531;140365;28472
FR;9;2022-12-08;13;22;218;2373;15;119;2429;3605;1041;841;1084;10131;105842;663;7174;106960;143970;29513
FR;9;2022-12-09;14;25;285;2868;10;141;2949;4272;1174;855;1109;10416;108710;673;7315;109909;148242;30687
FR;9;2022-12-10;12;12;121;1319;4;56;1341;1811;408;867;1121;10537;110029;677;7371;111250;150053;31095
FR;9;2022-12-11;5;4;21;277;5;10;283;363;66;872;1125;10558;110306;682;7381;111533;150416;31161
FR;9;2022-12-12;17;13;216;1951;12;108;2026;2873;734;889;1138;10774;112257;694;7489;113559;153289;31895
FR;9;2022-12-13;27;20;316;3071;13;150;3206;4692;1325;916;1158;11090;115328;707;7639;116765;157981;33220
FR;9;2022-12-14;15;10;182;2286;8;85;2352;3398;945;931;1168;11272;117614;715;7724;119117;161379;34165
FR;9;2022-12-15;17;22;246;2552;12;136;2625;3980;1209;948;1190;11518;120166;727;7860;121742;165359;35374
FR;9;2022-12-16;14;29;291;3033;21;164;3117;4523;1233;962;1219;11809;123199;748;8024;124859;169882;36607
FR;9;2022-12-17;8;12;106;1182;7;49;1199;1644;392;970;1231;11915;124381;755;8073;126058;171526;36999
FR;9;2022-12-18;1;5;27;237;4;14;242;323;66;971;1236;11942;124618;759;8087;126300;171849;37065
FR;9;2022-12-19;20;20;148;1584;14;78;1615;2481;779;991;1256;12090;126202;773;8165;127915;174330;37844
FR;9;2022-12-20;20;19;230;2271;6;113;2312;3640;1206;1011;1275;12320;128473;779;8278;130227;177970;39050
FR;0;2020-12-27;614;0;0;0;55;0;0;0;0;614;0;0;0;55;0;0;0;0
FR;0;2020-12-28;700;1;0;0;43;0;0;0;0;1314;1;0;0;98;0;0;0;0
FR;0;2020-12-29;387;0;0;0;19;0;0;0;0;1701;1;0;0;117;0;0;0;0
FR;0;2020-12-30;450;0;0;0;18;0;0;0;0;2151;1;0;0;135;0;0;0;0
FR;0;2020-12-31;446;1;0;0;23;0;0;0;0;2597;2;0;0;158;0;0;0;0
FR;0;2021-01-01;1186;2;0;0;65;0;0;0;0;3783;4;0;0;223;0;0;0;0
FR;0;2021-01-02;366;3;0;0;28;0;0;0;0;4149;7;0;0;251;0;0;0;0
FR;0;2021-01-03;412;0;0;0;23;0;0;0;0;4561;7;0;0;274;0;0;0;0
FR;0;2021-01-04;2126;4;0;0;50;0;0;0;0;6687;11;0;0;324;0;0;0;0
FR;0;2021-01-05;7762;6;0;0;128;0;0;0;0;14449;17;0;0;452;0;0;0;0
FR;0;2021-01-06;12468;23;0;0;127;0;0;0;0;26917;40;0;0;579;0;0;0;0
FR;0;2021-01-07;29474;22;0;0;159;0;0;0;0;56391;62;0;0;738;0;0;0;0
FR;0;2021-01-08;37163;33;0;0;203;0;0;0;0;93554;95;0;0;941;0;0;0;0
FR;0;2021-01-09;11219;9;0;0;77;0;0;0;0;104773;104;0;0;1018;0;0;0;0
FR;0;2021-01-10;6012;8;0;0;28;0;0;0;0;110785;112;0;0;1046;0;0;0;0
FR;0;2021-01-11;39952;35;0;0;228;0;0;0;0;150737;147;0;0;1274;0;0;0;0
FR;0;2021-01-12;62156;27;0;0;298;0;0;0;0;212893;174;0;0;1572;0;0;0;0
FR;0;2021-01-13;65144;57;0;0;431;0;0;0;0;278037;231;0;0;2003;0;0;0;0
FR;0;2021-01-14;83111;230;0;0;1170;0;0;0;0;361148;461;0;0;3173;0;0;0;0
FR;0;2021-01-15;69024;90;0;0;552;0;0;0;0;430172;551;0;0;3725;0;0;0;0
FR;0;2021-01-16;20219;73;0;0;184;0;0;0;0;450391;624;0;0;3909;0;0;0;0
FR;0;2021-01-17;10989;52;0;0;136;0;0;0;0;461380;676;0;0;4045;0;0;0;0
FR;0;2021-01-18;85916;177;0;0;615;0;0;0;0;547296;853;0;0;4660;0;0;0;0
FR;0;2021-01-19;130612;207;0;0;867;0;0;0;0;677908;1060;0;0;5527;0;0;0;0
FR;0;2021-01-20;137564;192;0;0;841;0;0;0;0;815472;1252;0;0;6368;0;0;0;0
FR;0;2021-01-21;158423;199;0;0;948;0;0;0;0;973895;1451;0;0;7316;0;0;0;0
FR;0;2021-01-22;121080;249;0;0;839;0;0;0;0;1094975;1700;0;0;8155;0;0;0;0
FR;0;2021-01-23;38489;80;0;0;217;0;0;0;0;1133464;1780;0;0;8372;0;0;0;0
FR;0;2021-01-24;9748;127;0;0;192;0;0;0;0;1143212;1907;0;0;8564;0;0;0;0
FR;0;2021-01-25;78249;1438;0;0;1791;0;0;0;0;1221461;3345;0;0;10355;0;0;0;0
FR;0;2021-01-26;100390;3680;1;0;4159;0;0;0;0;1321851;7025;1;0;14514;0;0;0;0
FR;0;2021-01-27;107260;6391;0;0;7108;0;0;0;0;1429111;13416;1;0;21622;0;0;0;0
FR;0;2021-01-28;124375;16334;0;0;17158;0;0;0;0;1553486;29750;1;0;38780;0;0;0;0
FR;0;2021-01-29;92199;18665;0;0;19239;0;0;0;0;1645685;48415;1;0;58019;0;0;0;0
FR;0;2021-01-30;29128;4506;0;0;4642;0;0;0;0;1674813;52921;1;0;62661;0;0;0;0
FR;0;2021-01-31;5240;1899;0;0;1943;0;0;0;0;1680053;54820;1;0;64604;0;0;0;0
FR;0;2021-02-01;53149;22847;0;0;23108;0;0;0;0;1733202;77667;1;0;87712;0;0;0;0
FR;0;2021-02-02;72330;37957;0;0;38446;0;0;0;0;1805532;115624;1;0;126158;0;0;0;0
FR;0;2021-02-03;72325;39992;0;0;40489;0;0;0;0;1877857;155616;1;0;166647;0;0;0;0
FR;0;2021-02-04;82089;54696;0;0;55289;0;0;0;0;1959946;210312;1;0;221936;0;0;0;0
FR;0;2021-02-05;68248;47951;0;0;48378;0;0;0;0;2028194;258263;1;0;270314;0;0;0;0
FR;0;2021-02-06;22966;11378;0;0;11616;0;0;0;0;2051160;269641;1;0;281930;0;0;0;0
FR;0;2021-02-07;5195;6002;0;0;6128;0;0;0;0;2056355;275643;1;0;288058;0;0;0;0
FR;0;2021-02-08;46854;48623;0;0;49094;0;0;0;0;2103209;324266;1;0;337152;0;0;0;0
FR;0;2021-02-09;66038;77994;0;0;79084;0;0;0;0;2169247;402260;1;0;416236;0;0;0;0
FR;0;2021-02-10;71037;82963;0;0;84253;0;0;0;0;2240284;485223;1;0;500489;0;0;0;0
FR;0;2021-02-11;87302;105011;0;0;106924;0;0;0;0;2327586;590234;1;0;607413;0;0;0;0
FR;0;2021-02-12;79350;75987;0;0;77717;0;0;0;0;2406936;666221;1;0;685130;0;0;0;0
FR;0;2021-02-13;22387;19534;0;0;19900;0;0;0;0;2429323;685755;1;0;705030;0;0;0;0
FR;0;2021-02-14;5080;7363;0;0;7489;0;0;0;0;2434403;693118;1;0;712519;0;0;0;0
FR;0;2021-02-15;38125;76710;0;0;77709;0;0;0;0;2472528;769828;1;0;790228;0;0;0;0
FR;0;2021-02-16;50410;99827;0;0;101153;0;0;0;0;2522938;869655;1;0;891381;0;0;0;0
FR;0;2021-02-17;50549;106698;20;0;108130;0;0;0;0;2573487;976353;21;0;999511;0;0;0;0
FR;0;2021-02-18;69810;123379;0;0;125405;0;0;0;0;2643297;1099732;21;0;1124916;0;0;0;0
FR;0;2021-02-19;65088;92084;1;0;93965;0;0;0;0;2708385;1191816;22;0;1218881;0;0;0;0
FR;0;2021-02-20;18599;28569;0;0;28934;0;0;0;0;2726984;1220385;22;0;1247815;0;0;0;0
FR;0;2021-02-21;3330;6085;0;0;6190;0;0;0;0;2730314;1226470;22;0;1254005;0;0;0;0
FR;0;2021-02-22;37506;73179;2;0;74182;0;0;0;0;2767820;1299649;24;0;1328187;0;0;0;0
FR;0;2021-02-23;53796;85256;1;0;86757;0;0;0;0;2821616;1384905;25;0;1414944;0;0;0;0
FR;0;2021-02-24;60031;82774;1;0;84345;0;0;0;0;2881647;1467679;26;0;1499289;0;0;0;0
FR;0;2021-02-25;100603;91348;1;0;94326;0;0;0;0;2982250;1559027;27;0;1593615;0;0;0;0
FR;0;2021-02-26;113487;70758;1;0;73886;0;0;0;0;3095737;1629785;28;0;1667501;0;0;0;0
FR;0;2021-02-27;52126;22408;1;0;23649;0;0;0;0;3147863;1652193;29;0;1691150;0;0;0;0
FR;0;2021-02-28;6207;4126;2;0;4323;0;0;0;0;3154070;1656319;31;0;1695473;0;0;0;0
FR;0;2021-03-01;65928;54057;1;0;55912;0;0;0;0;3219998;1710376;32;0;1751385;0;0;0;0
FR;0;2021-03-02;101407;67154;3;0;70189;0;0;0;0;3321405;1777530;35;0;1821574;0;0;0;0
FR;0;2021-03-03;116550;65459;0;0;69135;0;0;0;0;3437955;1842989;35;0;1890709;0;0;0;0
FR;0;2021-03-04;163655;72437;3;0;77998;0;0;0;0;3601610;1915426;38;0;1968707;0;0;0;0
FR;0;2021-03-05;200952;62710;3;0;69432;0;0;0;0;3802562;1978136;41;0;2038139;0;0;0;0
FR;0;2021-03-06;207982;17515;3;0;22815;0;0;0;0;4010544;1995651;44;0;2060954;0;0;0;0
FR;0;2021-03-07;121290;4078;1;0;7372;0;0;0;0;4131834;1999729;45;0;2068326;0;0;0;0
FR;0;2021-03-08;107171;49647;2;0;53124;0;0;0;0;4239005;2049376;47;0;2121450;0;0;0;0
FR;0;2021-03-09;172475;56095;2;0;61576;0;0;0;0;4411480;2105471;49;0;2183026;0;0;0;0
FR;0;2021-03-10;179031;57112;5;0;62775;0;0;0;0;4590511;2162583;54;0;2245801;0;0;0;0
FR;0;2021-03-11;242927;63998;2;0;72077;0;0;0;0;4833438;2226581;56;0;2317878;0;0;0;0
FR;0;2021-03-12;294865;53386;1;0;62841;0;0;0;0;5128303;2279967;57;0;2380719;0;0;0;0
FR;0;2021-03-13;231434;15269;1;0;21247;0;0;0;0;5359737;2295236;58;0;2401966;0;0;0;0
FR;0;2021-03-14;63358;3095;1;0;5130;0;0;0;0;5423095;2298331;59;0;2407096;0;0;0;0
FR;0;2021-03-15;158686;31583;3;0;36230;0;0;0;0;5581781;2329914;62;0;2443326;0;0;0;0
FR;0;2021-03-16;141588;38853;6;0;42995;0;0;0;0;5723369;2368767;68;0;2486321;0;0;0;0
FR;0;2021-03-17;150513;37630;4;0;42395;0;0;0;0;5873882;2406397;72;0;2528716;0;0;0;0
FR;0;2021-03-18;167862;44400;5;0;49954;0;0;0;0;6041744;2450797;77;0;2578670;0;0;0;0
FR;0;2021-03-19;230044;36766;2;0;44117;0;0;0;0;6271788;2487563;79;0;2622787;0;0;0;0
FR;0;2021-03-20;166714;11396;1;0;16020;0;0;0;0;6438502;2498959;80;0;2638807;0;0;0;0
FR;0;2021-03-21;49951;2158;1;0;3916;0;0;0;0;6488453;2501117;81;0;2642723;0;0;0;0
FR;0;2021-03-22;170075;33566;2;0;39061;0;0;0;0;6658528;2534683;83;0;2681784;0;0;0;0
FR;0;2021-03-23;250423;42396;1;0;50231;0;0;0;0;6908951;2577079;84;0;2732015;0;0;0;0
FR;0;2021-03-24;256936;43543;0;0;51625;0;0;0;0;7165887;2620622;84;0;2783640;0;0;0;0
FR;0;2021-03-25;341856;45246;5;0;56235;0;0;0;0;7507743;2665868;89;0;2839875;0;0;0;0
FR;0;2021-03-26;358838;41794;5;1;53541;0;0;0;0;7866581;2707662;94;1;2893416;0;0;0;0
FR;0;2021-03-27;195291;16935;1;0;23377;0;0;0;0;8061872;2724597;95;1;2916793;0;0;0;0
FR;0;2021-03-28;59348;4528;3;0;6592;0;0;0;0;8121220;2729125;98;1;2923385;0;0;0;0
FR;0;2021-03-29;203007;53446;4;0;60200;0;0;0;0;8324227;2782571;102;1;2983585;0;0;0;0
FR;0;2021-03-30;285518;69981;5;0;80383;0;0;0;0;8609745;2852552;107;1;3063968;0;0;0;0
FR;0;2021-03-31;263070;73921;4;0;84593;0;0;0;0;8872815;2926473;111;1;3148561;0;0;0;0
FR;0;2021-04-01;315558;92561;11;0;106126;0;0;0;0;9188373;3019034;122;1;3254687;0;0;0;0
FR;0;2021-04-02;281371;94625;7;0;106441;0;0;0;0;9469744;3113659;129;1;3361128;0;0;0;0
FR;0;2021-04-03;141088;62544;6;0;67798;0;0;0;0;9610832;3176203;135;1;3428926;0;0;0;0
FR;0;2021-04-04;46546;19003;2;0;21052;0;0;0;0;9657378;3195206;137;1;3449978;0;0;0;0
FR;0;2021-04-05;63360;10431;11;0;13088;0;0;0;0;9720738;3205637;148;1;3463066;0;0;0;0
FR;0;2021-04-06;217254;112797;17;0;121634;0;0;0;0;9937992;3318434;165;1;3584700;0;0;0;0
FR;0;2021-04-07;260305;115277;17;0;126612;0;0;0;0;10198297;3433711;182;1;3711312;0;0;0;0
FR;0;2021-04-08;337895;123028;15;0;138635;0;0;0;0;10536192;3556739;197;1;3849947;0;0;0;0
FR;0;2021-04-09;410207;116831;49;0;134223;0;0;0;0;10946399;3673570;246;1;3984170;0;0;0;0
FR;0;2021-04-10;212656;82865;15;0;91248;0;0;0;0;11159055;3756435;261;1;4075418;0;0;0;0
FR;0;2021-04-11;56152;34179;7;0;36703;0;0;0;0;11215207;3790614;268;1;4112121;0;0;0;0
FR;0;2021-04-12;237109;115801;46;0;125391;0;0;0;0;11452316;3906415;314;1;4237512;0;0;0;0
FR;0;2021-04-13;309530;144194;98;1;157140;0;0;0;0;11761846;4050609;412;2;4394652;0;0;0;0
FR;0;2021-04-14;294576;139725;215;0;153091;0;0;0;0;12056422;4190334;627;2;4547743;0;0;0;0
FR;0;2021-04-15;337161;150291;340;0;165803;0;0;0;0;12393583;4340625;967;2;4713546;0;0;0;0
FR;0;2021-04-16;339349;146957;354;0;161607;0;0;0;0;12732932;4487582;1321;2;4875153;0;0;0;0
FR;0;2021-04-17;188683;89976;109;0;97669;0;0;0;0;12921615;4577558;1430;2;4972822;0;0;0;0
FR;0;2021-04-18;51634;35456;47;0;37875;0;0;0;0;12973249;4613014;1477;2;5010697;0;0;0;0
FR;0;2021-04-19;205734;138237;456;0;147382;0;0;0;0;13178983;4751251;1933;2;5158079;0;0;0;0
FR;0;2021-04-20;254468;171849;569;0;183491;0;0;0;0;13433451;4923100;2502;2;5341570;0;0;0;0
FR;0;2021-04-21;253313;170014;836;0;182028;0;0;0;0;13686764;5093114;3338;2;5523598;0;0;0;0
FR;0;2021-04-22;287609;190275;819;0;204858;0;0;0;0;13974373;5283389;4157;2;5728456;0;0;0;0
FR;0;2021-04-23;297712;184549;747;0;203337;0;0;0;0;14272085;5467938;4904;2;5931793;0;0;0;0
FR;0;2021-04-24;190475;111987;252;0;122435;0;0;0;0;14462560;5579925;5156;2;6054228;0;0;0;0
FR;0;2021-04-25;69569;38845;51;0;42576;0;0;0;0;14532129;5618770;5207;2;6096804;0;0;0;0
FR;0;2021-04-26;220991;158433;563;0;171626;0;0;0;0;14753120;5777203;5770;2;6268430;0;0;0;0
FR;0;2021-04-27;284642;187961;941;0;211269;0;0;0;0;15037762;5965164;6711;2;6479699;0;0;0;0
FR;0;2021-04-28;299554;184540;1426;1;209616;1;0;0;0;15337316;6149704;8137;3;6689315;1;0;0;0
FR;0;2021-04-29;357188;198073;1281;0;233154;0;0;0;0;15694504;6347777;9418;3;6922469;1;0;0;0
FR;0;2021-04-30;372251;185934;1123;1;225275;0;0;0;0;16066755;6533711;10541;4;7147744;1;0;0;0
FR;0;2021-05-01;167669;52505;179;0;63753;0;0;0;0;16234424;6586216;10720;4;7211497;1;0;0;0
FR;0;2021-05-02;91764;37841;83;0;43564;0;0;0;0;16326188;6624057;10803;4;7255061;1;0;0;0
FR;0;2021-05-03;288958;165615;843;0;186130;0;0;0;0;16615146;6789672;11646;4;7441191;1;0;0;0
FR;0;2021-05-04;315732;225433;1235;0;251602;0;0;0;0;16930878;7015105;12881;4;7692793;1;0;0;0
FR;0;2021-05-05;327264;226367;1315;0;251430;0;0;0;0;17258142;7241472;14196;4;7944223;1;0;0;0
FR;0;2021-05-06;379569;240959;1634;0;275211;0;0;0;0;17637711;7482431;15830;4;8219434;1;0;0;0
FR;0;2021-05-07;372807;258688;1224;0;299746;0;0;0;0;18010518;7741119;17054;4;8519180;1;0;0;0
FR;0;2021-05-08;222178;71039;300;0;86252;0;0;0;0;18232696;7812158;17354;4;8605432;1;0;0;0
FR;0;2021-05-09;129722;44754;243;0;53389;0;0;0;0;18362418;7856912;17597;4;8658821;1;0;0;0
FR;0;2021-05-10;313415;229567;1238;0;255344;0;0;0;0;18675833;8086479;18835;4;8914165;1;0;0;0
FR;0;2021-05-11;403957;258304;1566;0;296723;0;0;0;0;19079790;8344783;20401;4;9210888;1;0;0;0
FR;0;2021-05-12;434178;233770;1544;0;270053;0;0;0;0;19513968;8578553;21945;4;9480941;1;0;0;0
FR;0;2021-05-13;338630;56489;432;0;77986;0;0;0;0;19852598;8635042;22377;4;9558927;1;0;0;0
FR;0;2021-05-14;454171;167472;1126;0;203073;0;0;0;0;20306769;8802514;23503;4;9762000;1;0;0;0
FR;0;2021-05-15;375003;94346;444;0;120740;0;0;0;0;20681772;8896860;23947;4;9882740;1;0;0;0
FR;0;2021-05-16;202768;20689;168;0;34088;0;0;0;0;20884540;8917549;24115;4;9916828;1;0;0;0
FR;0;2021-05-17;376141;148823;1555;0;178615;0;0;0;0;21260681;9066372;25670;4;10095443;1;0;0;0
FR;0;2021-05-18;460187;153983;1990;0;193132;0;0;0;0;21720868;9220355;27660;4;10288575;1;0;0;0
FR;0;2021-05-19;467439;142749;2465;0;180011;0;0;0;0;22188307;9363104;30125;4;10468586;1;0;0;0
FR;0;2021-05-20;507573;160293;2339;0;204270;0;0;0;0;22695880;9523397;32464;4;10672856;1;0;0;0
FR;0;2021-05-21;489707;175143;1996;0;221695;0;0;0;0;23185587;9698540;34460;4;10894551;1;0;0;0
FR;0;2021-05-22;347217;80181;670;0;108611;0;0;0;0;23532804;9778721;35130;4;11003162;1;0;0;0
FR;0;2021-05-23;161704;14231;246;0;26699;0;0;0;0;23694508;9792952;35376;4;11029861;1;0;0;0
FR;0;2021-05-24;263208;33092;604;0;52930;0;0;0;0;23957716;9826044;35980;4;11082791;1;0;0;0
FR;0;2021-05-25;400298;190425;2356;1;226986;0;0;0;0;24358014;10016469;38336;5;11309777;1;0;0;0
FR;0;2021-05-26;413480;190832;2226;0;228898;0;0;0;0;24771494;10207301;40562;5;11538675;1;0;0;0
FR;0;2021-05-27;449847;219879;2163;0;267023;0;0;0;0;25221341;10427180;42725;5;11805698;1;0;0;0
FR;0;2021-05-28;429578;260950;1894;0;319050;0;0;0;0;25650919;10688130;44619;5;12124748;1;0;0;0
FR;0;2021-05-29;299000;150394;586;0;183245;0;0;0;0;25949919;10838524;45205;5;12307993;1;0;0;0
FR;0;2021-05-30;107150;32525;164;0;42108;0;0;0;0;26057069;10871049;45369;5;12350101;1;0;0;0
FR;0;2021-05-31;358065;203437;1472;1;241723;1;0;0;0;26415134;11074486;46841;6;12591824;2;0;0;0
FR;0;2021-06-01;431097;251196;1970;1;302842;1;0;0;0;26846231;11325682;48811;7;12894666;3;0;0;0
FR;0;2021-06-02;420145;232466;1985;0;279845;0;0;0;0;27266376;11558148;50796;7;13174511;3;0;0;0
FR;0;2021-06-03;465657;257715;1826;0;312478;0;0;0;0;27732033;11815863;52622;7;13486989;3;0;0;0
FR;0;2021-06-04;456276;305738;1734;1;363136;1;0;0;0;28188309;12121601;54356;8;13850125;4;0;0;0
FR;0;2021-06-05;304820;189477;653;0;222691;0;0;0;0;28493129;12311078;55009;8;14072816;4;0;0;0
FR;0;2021-06-06;133329;49043;226;0;61183;0;0;0;0;28626458;12360121;55235;8;14133999;4;0;0;0
FR;0;2021-06-07;340007;261520;1529;0;298612;0;0;0;0;28966465;12621641;56764;8;14432611;4;0;0;0
FR;0;2021-06-08;393919;291327;1806;0;338188;0;0;0;0;29360384;12912968;58570;8;14770799;4;0;0;0
FR;0;2021-06-09;384901;273935;1734;0;318350;0;0;0;0;29745285;13186903;60304;8;15089149;4;0;0;0
FR;0;2021-06-10;404218;286718;1727;1;336157;0;0;0;0;30149503;13473621;62031;9;15425306;4;0;0;0
FR;0;2021-06-11;386684;356526;1467;1;406956;0;0;0;0;30536187;13830147;63498;10;15832262;4;0;0;0
FR;0;2021-06-12;283287;210980;497;0;243124;0;0;0;0;30819474;14041127;63995;10;16075386;4;0;0;0
FR;0;2021-06-13;104894;73846;204;0;84836;0;0;0;0;30924368;14114973;64199;10;16160222;4;0;0;0
FR;0;2021-06-14;240864;354182;1429;1;383361;0;0;0;0;31165232;14469155;65628;11;16543583;4;0;0;0
FR;0;2021-06-15;308198;384457;1574;1;423221;0;0;0;0;31473430;14853612;67202;12;16966804;4;0;0;0
FR;0;2021-06-16;314001;357514;1418;1;395274;0;0;0;0;31787431;15211126;68620;13;17362078;4;0;0;0
FR;0;2021-06-17;317715;373008;1431;1;414187;0;0;0;0;32105146;15584134;70051;14;17776265;4;0;0;0
FR;0;2021-06-18;321770;442606;1341;1;485993;0;0;0;0;32426916;16026740;71392;15;18262258;4;0;0;0
FR;0;2021-06-19;224356;273969;449;0;301152;0;0;0;0;32651272;16300709;71841;15;18563410;4;0;0;0
FR;0;2021-06-20;74449;102322;130;0;111516;0;0;0;0;32725721;16403031;71971;15;18674926;4;0;0;0
FR;0;2021-06-21;195800;401655;1038;1;427610;1;0;0;0;32921521;16804686;73009;16;19102536;5;0;0;0
FR;0;2021-06-22;223217;467641;1266;10;500291;1;0;0;0;33144738;17272327;74275;26;19602827;6;0;0;0
FR;0;2021-06-23;234063;440020;1197;1;474129;1;0;0;0;33378801;17712347;75472;27;20076956;7;0;0;0
FR;0;2021-06-24;241884;409635;1359;0;447134;0;0;0;0;33620685;18121982;76831;27;20524090;7;0;0;0
FR;0;2021-06-25;227654;522950;1403;0;561942;0;0;0;0;33848339;18644932;78234;27;21086032;7;0;0;0
FR;0;2021-06-26;153281;370970;587;1;395764;0;0;0;0;34001620;19015902;78821;28;21481796;7;0;0;0
FR;0;2021-06-27;55911;155957;169;1;164865;0;0;0;0;34057531;19171859;78990;29;21646661;7;0;0;0
FR;0;2021-06-28;154799;452531;1177;0;478128;0;0;0;0;34212330;19624390;80167;29;22124789;7;0;0;0
FR;0;2021-06-29;182729;507618;2123;0;539004;0;0;0;0;34395059;20132008;82290;29;22663793;7;0;0;0
FR;0;2021-06-30;204026;485092;2015;21;519379;2;0;0;0;34599085;20617100;84305;50;23183172;9;0;0;0
FR;0;2021-07-01;231430;458394;2224;5;498362;1;0;0;0;34830515;21075494;86529;55;23681534;10;0;0;0
FR;0;2021-07-02;228697;520011;2120;5;562342;2;0;0;0;35059212;21595505;88649;60;24243876;12;0;0;0
FR;0;2021-07-03;142051;368742;908;3;395232;1;0;0;0;35201263;21964247;89557;63;24639108;13;0;0;0
FR;0;2021-07-04;56759;141018;265;0;150715;0;0;0;0;35258022;22105265;89822;63;24789823;13;0;0;0
FR;0;2021-07-05;168529;418707;1668;8;448657;0;0;0;0;35426551;22523972;91490;71;25238480;13;0;0;0
FR;0;2021-07-06;196790;474480;1830;45;511094;8;0;0;0;35623341;22998452;93320;116;25749574;21;0;0;0
FR;0;2021-07-07;213223;438994;1880;25;477460;3;0;0;0;35836564;23437446;95200;141;26227034;24;0;0;0
FR;0;2021-07-08;231659;424097;2089;20;468059;3;0;0;0;36068223;23861543;97289;161;26695093;27;0;0;0
FR;0;2021-07-09;228633;511058;2185;4;557380;2;0;0;0;36296856;24372601;99474;165;27252473;29;0;0;0
FR;0;2021-07-10;148626;339896;986;1;368846;1;0;0;0;36445482;24712497;100460;166;27621319;30;0;0;0
FR;0;2021-07-11;60207;110048;283;0;120966;0;0;0;0;36505689;24822545;100743;166;27742285;30;0;0;0
FR;0;2021-07-12;169432;477788;1765;4;512547;0;0;0;0;36675121;25300333;102508;170;28254832;30;0;0;0
FR;0;2021-07-13;287281;526724;2050;8;585773;1;0;0;0;36962402;25827057;104558;178;28840605;31;0;0;0
FR;0;2021-07-14;181115;157380;435;0;186701;0;0;0;0;37143517;25984437;104993;178;29027306;31;0;0;0
FR;0;2021-07-15;347115;501644;2100;1;571643;0;0;0;0;37490632;26486081;107093;179;29598949;31;0;0;0
FR;0;2021-07-16;380118;495093;2023;3;574305;1;0;0;0;37870750;26981174;109116;182;30173254;32;0;0;0
FR;0;2021-07-17;259745;319623;877;1;368595;0;0;0;0;38130495;27300797;109993;183;30541849;32;0;0;0
FR;0;2021-07-18;109733;114578;310;0;133029;0;0;0;0;38240228;27415375;110303;183;30674878;32;0;0;0
FR;0;2021-07-19;285507;424012;1631;3;479054;0;0;0;0;38525735;27839387;111934;186;31153932;32;0;0;0
FR;0;2021-07-20;376930;451328;1724;0;523688;0;0;0;0;38902665;28290715;113658;186;31677620;32;0;0;0
FR;0;2021-07-21;395826;406977;1549;4;482006;1;0;0;0;39298491;28697692;115207;190;32159626;33;0;0;0
FR;0;2021-07-22;441070;387376;1715;4;471895;2;0;0;0;39739561;29085068;116922;194;32631521;35;0;0;0
FR;0;2021-07-23;440338;422115;1883;4;510107;1;0;0;0;40179899;29507183;118805;198;33141628;36;0;0;0
FR;0;2021-07-24;285258;269308;804;1;322008;0;0;0;0;40465157;29776491;119609;199;33463636;36;0;0;0
FR;0;2021-07-25;121118;79929;234;0;100292;0;0;0;0;40586275;29856420;119843;199;33563928;36;0;0;0
FR;0;2021-07-26;347437;322246;1614;3;384826;1;0;0;0;40933712;30178666;121457;202;33948754;37;0;0;0
FR;0;2021-07-27;464086;319360;1698;4;400531;1;0;0;0;41397798;30498026;123155;206;34349285;38;0;0;0
FR;0;2021-07-28;459456;289382;1637;4;367022;1;0;0;0;41857254;30787408;124792;210;34716307;39;0;0;0
FR;0;2021-07-29;489844;276162;1797;2;357079;0;0;0;0;42347098;31063570;126589;212;35073386;39;0;0;0
FR;0;2021-07-30;461847;302416;1941;5;380941;1;0;0;0;42808945;31365986;128530;217;35454327;40;0;0;0
FR;0;2021-07-31;285412;185012;915;1;231531;0;0;0;0;43094357;31550998;129445;218;35685858;40;0;0;0
FR;0;2021-08-01;112036;49921;255;0;65703;0;0;0;0;43206393;31600919;129700;218;35751561;40;0;0;0
FR;0;2021-08-02;341648;234083;1602;2;284811;0;0;0;0;43548041;31835002;131302;220;36036372;40;0;0;0
FR;0;2021-08-03;398630;244509;1728;2;304616;1;0;0;0;43946671;32079511;133030;222;36340988;41;0;0;0
FR;0;2021-08-04;384872;209552;1593;6;265708;3;0;0;0;44331543;32289063;134623;228;36606696;44;0;0;0
FR;0;2021-08-05;366184;228374;1711;0;281777;0;0;0;0;44697727;32517437;136334;228;36888473;44;0;0;0
FR;0;2021-08-06;359740;271244;1835;4;326675;0;0;0;0;45057467;32788681;138169;232;37215148;44;0;0;0
FR;0;2021-08-07;213137;178316;756;5;210067;1;0;0;0;45270604;32966997;138925;237;37425215;45;0;0;0
FR;0;2021-08-08;74197;63184;276;0;73616;0;0;0;0;45344801;33030181;139201;237;37498831;45;0;0;0
FR;0;2021-08-09;258768;258657;1548;4;297613;2;0;0;0;45603569;33288838;140749;241;37796444;47;0;0;0
FR;0;2021-08-10;306882;277120;1663;2;323549;0;0;0;0;45910451;33565958;142412;243;38119993;47;0;0;0
FR;0;2021-08-11;279754;259599;1441;5;301699;0;0;0;0;46190205;33825557;143853;248;38421692;47;0;0;0
FR;0;2021-08-12;271557;278073;1667;3;320380;0;0;0;0;46461762;34103630;145520;251;38742072;47;0;0;0
FR;0;2021-08-13;252164;278070;1594;3;316947;2;0;0;0;46713926;34381700;147114;254;39059019;49;0;0;0
FR;0;2021-08-14;145353;197094;740;0;219041;0;0;0;0;46859279;34578794;147854;254;39278060;49;0;0;0
FR;0;2021-08-15;39395;50097;218;1;55684;0;0;0;0;46898674;34628891;148072;255;39333744;49;0;0;0
FR;0;2021-08-16;186192;317530;1542;0;345486;0;0;0;0;47084866;34946421;149614;255;39679230;49;0;0;0
FR;0;2021-08-17;215703;335862;1638;7;368938;0;0;0;0;47300569;35282283;151252;262;40048168;49;0;0;0
FR;0;2021-08-18;199063;324395;1599;7;354598;4;0;0;0;47499632;35606678;152851;269;40402766;53;0;0;0
FR;0;2021-08-19;192042;325412;1641;1;356010;0;0;0;0;47691674;35932090;154492;270;40758776;53;0;0;0
FR;0;2021-08-20;186478;366220;1820;3;396698;2;0;0;0;47878152;36298310;156312;273;41155474;55;0;0;0
FR;0;2021-08-21;104806;238117;708;0;254564;0;0;0;0;47982958;36536427;157020;273;41410038;55;0;0;0
FR;0;2021-08-22;31944;87213;256;1;92169;1;0;0;0;48014902;36623640;157276;274;41502207;56;0;0;0
FR;0;2021-08-23;140985;357004;1561;3;379630;1;0;0;0;48155887;36980644;158837;277;41881837;57;0;0;0
FR;0;2021-08-24;162508;376629;1850;5;402915;0;0;0;0;48318395;37357273;160687;282;42284752;57;0;0;0
FR;0;2021-08-25;151154;350734;2036;8;375469;2;0;0;0;48469549;37708007;162723;290;42660221;59;0;0;0
FR;0;2021-08-26;142883;342748;2561;10;367596;0;0;0;0;48612432;38050755;165284;300;43027817;59;0;0;0
FR;0;2021-08-27;148454;388250;2790;11;414975;1;0;0;0;48760886;38439005;168074;311;43442792;60;0;0;0
FR;0;2021-08-28;90674;249616;1407;0;264977;0;0;0;0;48851560;38688621;169481;311;43707769;60;0;0;0
FR;0;2021-08-29;27322;83347;518;1;88271;0;0;0;0;48878882;38771968;169999;312;43796040;60;0;0;0
FR;0;2021-08-30;117426;324594;4713;6;342411;5859;0;0;0;48996308;39096562;174712;318;44138451;5919;0;0;0
FR;0;2021-08-31;128822;334472;10189;19;353953;11787;2;0;0;49125130;39431034;184901;337;44492404;17706;2;0;0
FR;0;2021-09-01;136156;285671;22435;8;302451;24404;1;0;0;49261286;39716705;207336;345;44794855;42110;3;0;0
FR;0;2021-09-02;114658;247203;26521;20;262127;29000;0;0;0;49375944;39963908;233857;365;45056982;71110;3;0;0
FR;0;2021-09-03;118317;292659;29967;24;309343;33075;1;0;0;49494261;40256567;263824;389;45366325;104185;4;0;0
FR;0;2021-09-04;89891;217783;12587;12;230513;14145;7;0;0;49584152;40474350;276411;401;45596838;118330;11;0;0
FR;0;2021-09-05;21362;44808;4395;2;48296;4715;0;0;0;49605514;40519158;280806;403;45645134;123045;11;0;0
FR;0;2021-09-06;75695;180533;31956;16;190724;34314;2;0;0;49681209;40699691;312762;419;45835858;157359;13;0;0
FR;0;2021-09-07;80312;181193;33248;43;191098;36297;2;0;0;49761521;40880884;346010;462;46026956;193656;15;0;0
FR;0;2021-09-08;91004;206081;29668;28;216597;32563;4;0;0;49852525;41086965;375678;490;46243553;226219;19;0;0
FR;0;2021-09-09;76957;165308;33080;27;174140;36688;5;0;0;49929482;41252273;408758;517;46417693;262907;24;0;0
FR;0;2021-09-10;96040;203796;35743;28;214923;40767;7;0;0;50025522;41456069;444501;545;46632616;303674;31;0;0
FR;0;2021-09-11;67166;169315;12140;19;178192;14396;0;0;0;50092688;41625384;456641;564;46810808;318070;31;0;0
FR;0;2021-09-12;12826;32097;2782;1;34147;3187;2;0;0;50105514;41657481;459423;565;46844955;321257;33;0;0
FR;0;2021-09-13;64574;126190;41246;35;134231;44252;17;0;0;50170088;41783671;500669;600;46979186;365509;50;0;0
FR;0;2021-09-14;73496;129009;56380;80;135805;62403;41;0;0;50243584;41912680;557049;680;47114991;427912;91;0;0
FR;0;2021-09-15;76650;167763;55670;58;174719;54848;77;0;0;50320234;42080443;612719;738;47289710;482760;168;0;0
FR;0;2021-09-16;63885;114497;60099;82;117890;60155;74;0;0;50384119;42194940;672818;820;47407600;542915;242;0;0
FR;0;2021-09-17;75088;156834;53857;71;159730;57337;69;0;0;50459207;42351774;726675;891;47567330;600252;311;0;0
FR;0;2021-09-18;48240;139628;15601;25;144317;17317;20;0;0;50507447;42491402;742276;916;47711647;617569;331;0;0
FR;0;2021-09-19;7908;23662;2440;1;24890;2618;1;0;0;50515355;42515064;744716;917;47736537;620187;332;0;0
FR;0;2021-09-20;44575;93752;50085;72;96245;50341;36;0;0;50559930;42608816;794801;989;47832782;670528;368;0;0
FR;0;2021-09-21;45906;98386;62768;77;98396;63503;82;0;0;50605836;42707202;857569;1066;47931178;734031;450;0;0
FR;0;2021-09-22;48695;142389;55376;82;144845;55460;49;0;0;50654531;42849591;912945;1148;48076023;789491;499;0;0
FR;0;2021-09-23;43291;92072;62400;95;91276;63584;95;0;0;50697822;42941663;975345;1243;48167299;853075;594;0;0
FR;0;2021-09-24;52313;133295;54563;107;132406;59217;79;0;0;50750135;43074958;1029908;1350;48299705;912292;673;0;0
FR;0;2021-09-25;35221;115651;16276;36;118647;18311;22;0;0;50785356;43190609;1046184;1386;48418352;930603;695;0;0
FR;0;2021-09-26;5555;17803;2272;5;18686;2331;5;0;0;50790911;43208412;1048456;1391;48437038;932934;700;0;0
FR;0;2021-09-27;33982;76912;47203;97;78799;48187;83;0;1;50824893;43285324;1095659;1488;48515837;981121;783;0;1
FR;0;2021-09-28;36521;75235;54974;90;74335;56574;49;0;0;50861414;43360559;1150633;1578;48590172;1037695;832;0;1
FR;0;2021-09-29;44422;100711;53367;112;102870;54902;44;0;0;50905836;43461270;1204000;1690;48693042;1092597;876;0;1
FR;0;2021-09-30;36345;72966;57042;96;71480;59597;58;0;0;50942181;43534236;1261042;1786;48764522;1152194;934;0;1
FR;0;2021-10-01;61713;102865;57828;108;101440;63993;25;0;0;51003894;43637101;1318870;1894;48865962;1216187;959;0;1
FR;0;2021-10-02;39470;78441;20963;39;81730;23380;12;0;0;51043364;43715542;1339833;1933;48947692;1239567;971;0;1
FR;0;2021-10-03;5289;10496;2533;4;11259;2542;4;0;0;51048653;43726038;1342366;1937;48958951;1242109;975;0;1
FR;0;2021-10-04;35197;58487;52631;84;59497;54848;37;0;0;51083850;43784525;1394997;2021;49018448;1296957;1012;0;1
FR;0;2021-10-05;33926;64364;61028;135;62108;65101;52;0;0;51117776;43848889;1456025;2156;49080556;1362058;1064;0;1
FR;0;2021-10-06;42721;79288;65758;113;80174;68371;31;0;0;51160497;43928177;1521783;2269;49160730;1430429;1095;0;1
FR;0;2021-10-07;30568;62275;65441;89;59505;68880;40;0;0;51191065;43990452;1587224;2358;49220235;1499309;1135;0;1
FR;0;2021-10-08;49482;91940;77769;111;89892;84801;42;0;0;51240547;44082392;1664993;2469;49310127;1584110;1177;0;1
FR;0;2021-10-09;33678;60929;31547;35;64136;33922;17;0;0;51274225;44143321;1696540;2504;49374263;1618032;1194;0;1
FR;0;2021-10-10;4721;7429;3198;9;7945;3477;2;0;0;51278946;44150750;1699738;2513;49382208;1621509;1196;0;1
FR;0;2021-10-11;30733;49907;61046;105;50625;64110;51;0;0;51309679;44200657;1760784;2618;49432833;1685619;1247;0;1
FR;0;2021-10-12;31642;54485;70629;141;51340;76026;27;0;0;51341321;44255142;1831413;2759;49484173;1761645;1274;0;1
FR;0;2021-10-13;40165;62831;74441;137;62800;79378;30;0;1;51381486;44317973;1905854;2896;49546973;1841023;1304;0;2
FR;0;2021-10-14;30360;52869;68775;116;49701;73854;35;0;0;51411846;44370842;1974629;3012;49596674;1914877;1339;0;2
FR;0;2021-10-15;44951;75236;93245;191;70341;103037;27;0;0;51456797;44446078;2067874;3203;49667015;2017914;1366;0;2
FR;0;2021-10-16;31332;44098;36698;44;46709;39654;17;0;0;51488129;44490176;2104572;3247;49713724;2057568;1383;0;2
FR;0;2021-10-17;3891;5227;3602;2;5670;3677;4;0;0;51492020;44495403;2108174;3249;49719394;2061245;1387;0;2
FR;0;2021-10-18;29207;42361;67512;134;42584;71369;28;0;0;51521227;44537764;2175686;3383;49761978;2132614;1415;0;2
FR;0;2021-10-19;27193;45553;76423;140;43219;81669;46;0;0;51548420;44583317;2252109;3523;49805197;2214283;1461;0;2
FR;0;2021-10-20;35341;52414;96952;181;51824;101569;45;0;0;51583761;44635731;2349061;3704;49857021;2315852;1506;0;2
FR;0;2021-10-21;26163;45168;83987;112;41970;89177;32;0;0;51609924;44680899;2433048;3816;49898991;2405029;1538;0;2
FR;0;2021-10-22;38449;62485;104922;200;59368;112632;65;0;0;51648373;44743384;2537970;4016;49958359;2517661;1603;0;2
FR;0;2021-10-23;27032;41206;45465;57;42437;48636;15;0;0;51675405;44784590;2583435;4073;50000796;2566297;1618;0;2
FR;0;2021-10-24;2946;4767;3684;6;5016;3923;1;0;0;51678351;44789357;2587119;4079;50005812;2570220;1619;0;2
FR;0;2021-10-25;26099;36233;82344;144;35513;86673;39;0;0;51704450;44825590;2669463;4223;50041325;2656893;1658;0;2
FR;0;2021-10-26;23768;34998;87274;166;32178;92394;36;0;0;51728218;44860588;2756737;4389;50073503;2749287;1694;0;2
FR;0;2021-10-27;30110;46318;109023;257;44061;114738;54;0;0;51758328;44906906;2865760;4646;50117564;2864025;1748;0;2
FR;0;2021-10-28;23607;34937;88738;153;31216;94528;38;0;0;51781935;44941843;2954498;4799;50148780;2958553;1786;0;2
FR;0;2021-10-29;31581;51462;117341;206;46520;125417;56;0;0;51813516;44993305;3071839;5005;50195300;3083970;1842;0;2
FR;0;2021-10-30;20573;33227;50359;76;32928;53415;20;0;0;51834089;45026532;3122198;5081;50228228;3137385;1862;0;2
FR;0;2021-10-31;2517;3736;3594;3;3847;3881;3;0;0;51836606;45030268;3125792;5084;50232075;3141266;1865;0;2
FR;0;2021-11-01;8529;4865;3222;3;5016;3586;10;0;0;51845135;45035133;3129014;5087;50237091;3144852;1875;0;2
FR;0;2021-11-02;26374;40114;93603;156;36262;99654;44;0;1;51871509;45075247;3222617;5243;50273353;3244506;1919;0;3
FR;0;2021-11-03;30125;47923;118917;222;43584;125886;67;0;0;51901634;45123170;3341534;5465;50316937;3370392;1986;0;3
FR;0;2021-11-04;23819;37483;107593;217;31587;114481;47;0;0;51925453;45160653;3449127;5682;50348524;3484873;2033;0;3
FR;0;2021-11-05;32406;52946;141664;236;44669;151442;56;0;0;51957859;45213599;3590791;5918;50393193;3636315;2089;0;3
FR;0;2021-11-06;21549;34554;64894;123;32397;68326;27;0;0;51979408;45248153;3655685;6041;50425590;3704641;2116;0;3
FR;0;2021-11-07;2427;4170;5206;6;4012;5597;7;0;0;51981835;45252323;3660891;6047;50429602;3710238;2123;0;3
FR;0;2021-11-08;20627;37733;127220;227;30948;134343;51;0;0;52002462;45290056;3788111;6274;50460550;3844581;2174;0;3
FR;0;2021-11-09;22440;44663;161732;339;32884;172330;70;0;0;52024902;45334719;3949843;6613;50493434;4016911;2244;0;3
FR;0;2021-11-10;31614;54906;187056;447;44060;198868;97;0;0;52056516;45389625;4136899;7060;50537494;4215779;2341;0;3
FR;0;2021-11-11;4747;6757;12992;28;5910;13979;17;0;0;52061263;45396382;4149891;7088;50543404;4229758;2358;0;3
FR;0;2021-11-12;29097;55061;183830;252;41747;197471;92;0;0;52090360;45451443;4333721;7340;50585151;4427229;2450;0;3
FR;0;2021-11-13;20354;32609;80727;118;28242;86354;45;0;0;52110714;45484052;4414448;7458;50613393;4513583;2495;0;3
FR;0;2021-11-14;2365;3858;7183;6;3365;7846;9;0;0;52113079;45487910;4421631;7464;50616758;4521429;2504;0;3
FR;0;2021-11-15;20513;38570;160899;314;27810;171626;80;0;0;52133592;45526480;4582530;7778;50644568;4693055;2584;0;3
FR;0;2021-11-16;23664;43884;200469;394;27756;215163;119;0;1;52157256;45570364;4782999;8172;50672324;4908218;2703;0;4
FR;0;2021-11-17;30538;50241;199894;406;36460;212948;101;0;0;52187794;45620605;4982893;8578;50708784;5121166;2804;0;4
FR;0;2021-11-18;23453;45691;191737;468;29422;205703;96;0;0;52211247;45666296;5174630;9046;50738206;5326869;2900;0;4
FR;0;2021-11-19;33689;61287;243280;551;39942;262279;151;0;0;52244936;45727583;5417910;9597;50778148;5589148;3051;0;4
FR;0;2021-11-20;25415;36667;102184;207;29272;109752;48;0;0;52270351;45764250;5520094;9804;50807420;5698900;3099;0;4
FR;0;2021-11-21;2659;4452;9671;19;3442;10606;19;0;0;52273010;45768702;5529765;9823;50810862;5709506;3118;0;4
FR;0;2021-11-22;22820;33154;180427;472;18942;194923;89;0;0;52295830;45801856;5710192;10295;50829804;5904429;3207;0;4
FR;0;2021-11-23;25731;45477;229469;549;24141;247948;85;0;0;52321561;45847333;5939661;10844;50853945;6152377;3292;0;4
FR;0;2021-11-24;31819;53630;224884;716;34528;243326;81;0;0;52353380;45900963;6164545;11560;50888473;6395703;3373;0;4
FR;0;2021-11-25;25650;49139;256000;739;25081;277877;112;0;0;52379030;45950102;6420545;12299;50913554;6673580;3485;0;4
FR;0;2021-11-26;33258;74709;379547;867;37457;414765;172;0;0;52412288;46024811;6800092;13166;50951011;7088345;3657;0;4
FR;0;2021-11-27;23508;49587;214961;390;28492;236758;134;0;0;52435796;46074398;7015053;13556;50979503;7325103;3791;0;4
FR;0;2021-11-28;3523;10476;56778;66;4071;63335;42;0;0;52439319;46084874;7071831;13622;50983574;7388438;3833;0;4
FR;0;2021-11-29;19444;54082;341548;864;23135;371857;178;0;0;52458763;46138956;7413379;14486;51006709;7760295;4011;0;4
FR;0;2021-11-30;24783;71875;457461;988;26896;500890;286;0;0;52483546;46210831;7870840;15474;51033605;8261185;4297;0;4
FR;0;2021-12-01;27384;75554;469190;1162;31431;511422;304;0;0;52510930;46286385;8340030;16636;51065036;8772607;4601;0;4
FR;0;2021-12-02;22122;71611;527216;1280;21128;575023;306;0;0;52533052;46357996;8867246;17916;51086164;9347630;4907;0;4
FR;0;2021-12-03;25577;92870;596492;1421;34454;651260;341;0;0;52558629;46450866;9463738;19337;51120618;9998890;5248;0;4
FR;0;2021-12-04;18340;60386;336284;692;25745;369872;198;0;0;52576969;46511252;9800022;20029;51146363;10368762;5446;0;4
FR;0;2021-12-05;4157;16120;95809;157;4879;107048;92;0;0;52581126;46527372;9895831;20186;51151242;10475810;5538;0;4
FR;0;2021-12-06;28457;72756;493233;1175;25322;540045;384;0;0;52609583;46600128;10389064;21361;51176564;11015855;5922;0;4
FR;0;2021-12-07;23557;91263;645513;1774;28605;706501;415;0;0;52633140;46691391;11034577;23135;51205169;11722356;6337;0;4
FR;0;2021-12-08;25517;91977;591730;1875;35020;647612;440;0;0;52658657;46783368;11626307;25010;51240189;12369968;6777;0;4
FR;0;2021-12-09;24081;94111;663238;2182;29100;726645;462;0;0;52682738;46877479;12289545;27192;51269289;13096613;7239;0;4
FR;0;2021-12-10;28074;110953;736158;2075;38063;806324;468;0;1;52710812;46988432;13025703;29267;51307352;13902937;7707;0;5
FR;0;2021-12-11;20251;76092;435235;990;30008;480443;345;0;0;52731063;47064524;13460938;30257;51337360;14383380;8052;0;5
FR;0;2021-12-12;5678;23146;142342;262;6415;159229;108;0;0;52736741;47087670;13603280;30519;51343775;14542609;8160;0;5
FR;0;2021-12-13;21362;90807;587776;1699;29764;649389;395;0;0;52758103;47178477;14191056;32218;51373539;15191998;8555;0;5
FR;0;2021-12-14;27984;118318;765735;2656;35535;847694;698;0;1;52786087;47296795;14956791;34874;51409074;16039692;9253;0;6
FR;0;2021-12-15;28446;114264;694447;2266;39613;769231;502;0;1;52814533;47411059;15651238;37140;51448687;16808923;9755;0;7
FR;0;2021-12-16;28053;115710;764158;2557;35222;844571;515;0;0;52842586;47526769;16415396;39697;51483909;17653494;10270;0;7
FR;0;2021-12-17;31663;128386;807968;2713;43478;892130;611;0;0;52874249;47655155;17223364;42410;51527387;18545624;10881;0;7
FR;0;2021-12-18;24944;81590;470028;1179;30115;522280;350;0;0;52899193;47736745;17693392;43589;51557502;19067904;11231;0;7
FR;0;2021-12-19;8770;28577;169431;376;7872;191067;141;0;0;52907963;47765322;17862823;43965;51565374;19258971;11372;0;7
FR;0;2021-12-20;31776;97211;591579;1787;33979;658817;499;0;0;52939739;47862533;18454402;45752;51599353;19917788;11871;0;7
FR;0;2021-12-21;39464;112004;682500;2392;38908;759640;603;0;0;52979203;47974537;19136902;48144;51638261;20677428;12474;0;7
FR;0;2021-12-22;39555;99256;575838;2169;37218;642163;686;0;2;53018758;48073793;19712740;50313;51675479;21319591;13160;0;9
FR;0;2021-12-23;33782;79475;441057;1658;30226;494418;590;0;0;53052540;48153268;20153797;51971;51705705;21814009;13750;0;9
FR;0;2021-12-24;10696;26072;111042;398;11678;126672;236;0;1;53063236;48179340;20264839;52369;51717383;21940681;13986;0;10
FR;0;2021-12-25;777;3587;7597;25;2055;9027;72;0;0;53064013;48182927;20272436;52394;51719438;21949708;14058;0;10
FR;0;2021-12-26;4697;11893;52111;142;4747;60156;170;0;0;53068710;48194820;20324547;52536;51724185;22009864;14228;0;10
FR;0;2021-12-27;30512;83983;453598;1364;33119;509221;665;0;0;53099222;48278803;20778145;53900;51757304;22519085;14893;0;10
FR;0;2021-12-28;38369;98912;564204;1769;35200;632296;1558;0;2;53137591;48377715;21342349;55669;51792504;23151381;16451;0;12
FR;0;2021-12-29;39881;88258;501252;1687;33184;561034;1739;0;1;53177472;48465973;21843601;57356;51825688;23712415;18190;0;13
FR;0;2021-12-30;35927;75135;421053;1521;29586;471149;1881;0;0;53213399;48541108;22264654;58877;51855274;24183564;20071;0;13
FR;0;2021-12-31;12050;25110;116888;405;11301;131673;740;0;0;53225449;48566218;22381542;59282;51866575;24315237;20811;0;13
FR;0;2022-01-01;1580;3216;8529;37;1800;9945;102;0;0;53227029;48569434;22390071;59319;51868375;24325182;20913;0;13
FR;0;2022-01-02;6120;13013;58430;125;5108;66960;408;0;0;53233149;48582447;22448501;59444;51873483;24392142;21321;0;13
FR;0;2022-01-03;38336;90228;494870;1596;36945;551759;2646;0;1;53271485;48672675;22943371;61040;51910428;24943901;23967;0;14
FR;0;2022-01-04;42137;111096;641437;2307;40749;714449;3836;0;3;53313622;48783771;23584808;63347;51951177;25658350;27803;0;17
FR;0;2022-01-05;61198;103654;569233;1984;43850;634275;3428;0;2;53374820;48887425;24154041;65331;51995027;26292625;31231;0;19
FR;0;2022-01-06;44295;110363;639007;2698;40275;711519;4556;0;2;53419115;48997788;24793048;68029;52035302;27004144;35787;0;21
FR;0;2022-01-07;50832;123387;711033;2811;46923;790534;4996;0;2;53469947;49121175;25504081;70840;52082225;27794678;40783;0;23
FR;0;2022-01-08;45010;80299;423825;1213;35068;472896;2444;0;3;53514957;49201474;25927906;72053;52117293;28267574;43227;0;26
FR;0;2022-01-09;15614;26632;128570;300;11514;145656;829;0;0;53530571;49228106;26056476;72353;52128807;28413230;44056;0;26
FR;0;2022-01-10;35396;93345;469360;1813;43095;522756;3719;0;1;53565967;49321451;26525836;74166;52171902;28935986;47775;0;27
FR;0;2022-01-11;41935;100507;548286;2309;42465;608545;5217;0;2;53607902;49421958;27074122;76475;52214367;29544531;52992;0;29
FR;0;2022-01-12;60410;95763;452716;1968;49543;504386;4496;0;8;53668312;49517721;27526838;78443;52263910;30048917;57488;0;37
FR;0;2022-01-13;38266;92568;487371;2084;40606;541051;5467;0;8;53706578;49610289;28014209;80527;52304516;30589968;62955;0;45
FR;0;2022-01-14;42578;103371;568638;2286;43578;629020;6467;0;2;53749156;49713660;28582847;82813;52348094;31218988;69422;0;47
FR;0;2022-01-15;39426;65918;340150;984;31467;377573;3294;0;1;53788582;49779578;28922997;83797;52379561;31596561;72716;0;48
FR;0;2022-01-16;11412;19223;87438;216;9029;99410;763;0;0;53799994;49798801;29010435;84013;52388590;31695971;73479;0;48
FR;0;2022-01-17;24739;60054;320304;1382;28092;354157;3960;0;4;53824733;49858855;29330739;85395;52416682;32050128;77439;0;52
FR;0;2022-01-18;28326;68715;361115;1801;32039;397568;5772;0;1;53853059;49927570;29691854;87196;52448721;32447696;83211;0;53
FR;0;2022-01-19;43220;67082;281320;1450;40422;311093;4387;0;5;53896279;49994652;29973174;88646;52489143;32758789;87598;0;58
FR;0;2022-01-20;23667;59630;299040;1742;29578;328515;5633;0;4;53919946;50054282;30272214;90388;52518721;33087304;93231;0;62
FR;0;2022-01-21;28206;68821;366389;2086;33119;401202;6579;0;3;53948152;50123103;30638603;92474;52551840;33488506;99810;0;65
FR;0;2022-01-22;27630;47991;218793;839;27322;241775;2838;0;2;53975782;50171094;30857396;93313;52579162;33730281;102648;0;67
FR;0;2022-01-23;6738;12972;48682;173;7503;55164;591;0;1;53982520;50184066;30906078;93486;52586665;33785445;103239;0;68
FR;0;2022-01-24;16276;47480;217332;1142;25430;239339;4100;0;3;53998796;50231546;31123410;94628;52612095;34024784;107339;0;71
FR;0;2022-01-25;19030;54361;243071;1548;28823;267097;6065;0;5;54017826;50285907;31366481;96176;52640918;34291881;113404;0;76
FR;0;2022-01-26;28147;60542;209296;1298;41364;229511;4479;0;3;54045973;50346449;31575777;97474;52682282;34521392;117883;0;79
FR;0;2022-01-27;16335;46468;207652;1276;26149;226018;5687;0;4;54062308;50392917;31783429;98750;52708431;34747410;123570;0;83
FR;0;2022-01-28;21589;78688;290069;1572;44988;321350;7411;0;4;54083897;50471605;32073498;100322;52753419;35068760;130981;0;87
FR;0;2022-01-29;18418;52872;184129;689;32756;204576;3256;0;2;54102315;50524477;32257627;101011;52786175;35273336;134237;0;89
FR;0;2022-01-30;4476;14481;39143;124;9136;45060;638;0;1;54106791;50538958;32296770;101135;52795311;35318396;134875;0;90
FR;0;2022-01-31;11259;43947;148210;742;26155;164745;4233;0;5;54118050;50582905;32444980;101877;52821466;35483141;139108;0;95
FR;0;2022-02-01;13635;48328;174136;1144;27347;191361;7044;0;1;54131685;50631233;32619116;103021;52848813;35674502;146152;0;96
FR;0;2022-02-02;20639;66330;171545;1034;46172;190095;5977;0;10;54152324;50697563;32790661;104055;52894985;35864597;152129;0;106
FR;0;2022-02-03;11544;44807;157566;990;25347;173296;6946;0;6;54163868;50742370;32948227;105045;52920332;36037893;159075;0;112
FR;0;2022-02-04;14635;66942;239256;1266;36557;264107;9162;0;6;54178503;50809312;33187483;106311;52956889;36302000;168237;0;118
FR;0;2022-02-05;12900;51460;153559;523;31989;172309;3792;0;3;54191403;50860772;33341042;106834;52988878;36474309;172029;0;121
FR;0;2022-02-06;2725;12174;28893;101;7287;33831;661;0;0;54194128;50872946;33369935;106935;52996165;36508140;172690;0;121
FR;0;2022-02-07;9591;46663;156896;593;24537;176315;5294;0;6;54203719;50919609;33526831;107528;53020702;36684455;177984;0;127
FR;0;2022-02-08;9806;43096;166646;869;20960;184440;7054;0;6;54213525;50962705;33693477;108397;53041662;36868895;185038;0;133
FR;0;2022-02-09;14372;58252;172349;875;35351;193058;5787;0;9;54227897;51020957;33865826;109272;53077013;37061953;190825;0;142
FR;0;2022-02-10;8719;39205;150237;879;18680;166714;6502;0;2;54236616;51060162;34016063;110151;53095693;37228667;197327;0;144
FR;0;2022-02-11;10860;55683;218515;1101;25823;243110;8322;0;3;54247476;51115845;34234578;111252;53121516;37471777;205649;0;147
FR;0;2022-02-12;8405;40962;134736;465;22629;151765;3508;0;4;54255881;51156807;34369314;111717;53144145;37623542;209157;0;151
FR;0;2022-02-13;1936;8601;26565;86;4409;30925;544;0;3;54257817;51165408;34395879;111803;53148554;37654467;209701;0;154
FR;0;2022-02-14;6991;35253;148385;485;14665;166381;4787;0;5;54264808;51200661;34544264;112288;53163219;37820848;214488;0;159
FR;0;2022-02-15;7064;36224;146989;751;15993;162573;6850;0;3;54271872;51236885;34691253;113039;53179212;37983421;221338;0;162
FR;0;2022-02-16;9411;42981;132539;721;25969;146758;5726;0;6;54281283;51279866;34823792;113760;53205181;38130179;227064;0;168
FR;0;2022-02-17;5578;24336;87309;586;13141;94882;5406;0;5;54286861;51304202;34911101;114346;53218322;38225061;232470;0;173
FR;0;2022-02-18;6997;33581;119665;807;18753;129329;7416;0;2;54293858;51337783;35030766;115153;53237075;38354390;239886;0;175
FR;0;2022-02-19;5369;24557;70029;370;15908;77339;3019;0;2;54299227;51362340;35100795;115523;53252983;38431729;242905;0;177
FR;0;2022-02-20;1148;4656;12175;39;2913;13954;460;0;1;54300375;51366996;35112970;115562;53255896;38445683;243365;0;178
FR;0;2022-02-21;4097;17888;61958;351;10168;67185;4059;0;2;54304472;51384884;35174928;115913;53266064;38512868;247424;0;180
FR;0;2022-02-22;4461;18656;60837;577;11258;64479;5254;0;1;54308933;51403540;35235765;116490;53277322;38577347;252678;0;181
FR;0;2022-02-23;6591;27357;66500;591;19627;71896;4595;0;3;54315524;51430897;35302265;117081;53296949;38649243;257273;0;184
FR;0;2022-02-24;3850;15547;50429;519;9509;53251;4530;0;2;54319374;51446444;35352694;117600;53306458;38702494;261803;0;186
FR;0;2022-02-25;5283;24103;76362;803;15080;80095;7334;0;7;54324657;51470547;35429056;118403;53321538;38782589;269137;0;193
FR;0;2022-02-26;3990;17768;47416;359;12169;51483;3083;0;3;54328647;51488315;35476472;118762;53333707;38834072;272220;0;196
FR;0;2022-02-27;880;3009;8036;47;1978;8947;529;0;0;54329527;51491324;35484508;118809;53335685;38843019;272749;0;196
FR;0;2022-02-28;3122;12551;40490;359;7587;42923;3858;0;0;54332649;51503875;35524998;119168;53343272;38885942;276607;0;196
FR;0;2022-03-01;4002;12605;44200;437;7632;44870;5519;0;6;54336651;51516480;35569198;119605;53350904;38930812;282126;0;202
FR;0;2022-03-02;5328;17797;47144;446;12856;49076;4929;0;2;54341979;51534277;35616342;120051;53363760;38979888;287055;0;204
FR;0;2022-03-03;2825;9352;29897;370;6249;30020;4049;0;2;54344804;51543629;35646239;120421;53370009;39009908;291104;0;206
FR;0;2022-03-04;3222;12461;40315;667;8460;39464;6231;0;4;54348026;51556090;35686554;121088;53378469;39049372;297335;0;210
FR;0;2022-03-05;3073;9283;24957;314;7126;25121;3134;0;1;54351099;51565373;35711511;121402;53385595;39074493;300469;0;211
FR;0;2022-03-06;520;1400;3198;43;1023;3441;379;0;0;54351619;51566773;35714709;121445;53386618;39077934;300848;0;211
FR;0;2022-03-07;2361;5631;18432;315;3849;17702;3307;0;4;54353980;51572404;35733141;121760;53390467;39095636;304155;0;215
FR;0;2022-03-08;2147;6077;19448;363;4331;17919;4095;0;3;54356127;51578481;35752589;122123;53394798;39113555;308250;0;218
FR;0;2022-03-09;3580;10498;22189;407;8727;21285;4038;0;4;54359707;51588979;35774778;122530;53403525;39134840;312288;0;222
FR;0;2022-03-10;1823;5833;17002;344;4378;15829;3407;0;3;54361530;51594812;35791780;122874;53407903;39150669;315695;0;225
FR;0;2022-03-11;2418;7558;24502;545;5436;22270;5479;0;2;54363948;51602370;35816282;123419;53413339;39172939;321174;0;227
FR;0;2022-03-12;2690;6777;17165;309;5497;16520;3135;0;2;54366638;51609147;35833447;123728;53418836;39189459;324309;0;229
FR;0;2022-03-13;404;791;2324;149;599;2273;537;0;0;54367042;51609938;35835771;123877;53419435;39191732;324846;0;229
FR;0;2022-03-14;1551;4274;14987;4412;2809;13841;7295;0;8;54368593;51614212;35850758;128289;53422244;39205573;332141;0;237
FR;0;2022-03-15;1749;6295;16382;7554;4812;14612;11032;0;9;54370342;51620507;35867140;135843;53427056;39220185;343173;0;246
FR;0;2022-03-16;3034;7406;19426;13140;6208;18105;16296;0;8;54373376;51627913;35886566;148983;53433264;39238290;359469;0;254
FR;0;2022-03-17;1453;3986;13149;10846;2805;11991;13312;0;8;54374829;51631899;35899715;159829;53436069;39250281;372781;0;262
FR;0;2022-03-18;2270;5756;20011;18306;4097;18107;22038;0;15;54377099;51637655;35919726;178135;53440166;39268388;394819;0;277
FR;0;2022-03-19;2293;4803;13115;9404;4139;12418;11407;0;6;54379392;51642458;35932841;187539;53444305;39280806;406226;0;283
FR;0;2022-03-20;300;734;1918;1073;526;1929;1340;0;2;54379692;51643192;35934759;188612;53444831;39282735;407566;0;285
FR;0;2022-03-21;1392;3220;12731;14950;2155;11955;16910;0;11;54381084;51646412;35947490;203562;53446986;39294690;424476;0;296
FR;0;2022-03-22;1524;3736;13798;20550;2576;12553;22841;0;5;54382608;51650148;35961288;224112;53449562;39307243;447317;0;301
FR;0;2022-03-23;2682;6291;17726;23151;5222;17240;25266;0;40;54385290;51656439;35979014;247263;53454784;39324483;472583;0;341
FR;0;2022-03-24;1406;3159;11595;17617;2248;10681;19391;0;23;54386696;51659598;35990609;264880;53457032;39335164;491974;0;364
FR;0;2022-03-25;2083;5157;18571;27775;3684;16909;30809;0;31;54388779;51664755;36009180;292655;53460716;39352073;522783;0;395
FR;0;2022-03-26;2230;4414;12079;12678;3863;11519;14400;0;26;54391009;51669169;36021259;305333;53464579;39363592;537183;0;421
FR;0;2022-03-27;361;693;1909;1482;515;1943;1739;0;1;54391370;51669862;36023168;306815;53465094;39365535;538922;0;422
FR;0;2022-03-28;1464;3077;11128;17490;2114;10619;19067;0;16;54392834;51672939;36034296;324305;53467208;39376154;557989;0;438
FR;0;2022-03-29;1454;3269;12907;27583;2085;12051;29281;0;34;54394288;51676208;36047203;351888;53469293;39388205;587270;0;472
FR;0;2022-03-30;2852;5509;15685;27423;4693;15085;29332;0;21;54397140;51681717;36062888;379311;53473986;39403290;616602;0;493
FR;0;2022-03-31;1610;3568;12987;25022;2549;12327;26631;0;43;54398750;51685285;36075875;404333;53476535;39415617;643233;0;536
FR;0;2022-04-01;2679;4584;20075;30894;2968;18717;33487;0;61;54401429;51689869;36095950;435227;53479503;39434334;676720;0;597
FR;0;2022-04-02;1531;2644;9052;10133;2008;8722;11295;0;29;54402960;51692513;36105002;445360;53481511;39443056;688015;0;626
FR;0;2022-04-03;290;514;1562;1170;359;1579;1381;0;2;54403250;51693027;36106564;446530;53481870;39444635;689396;0;628
FR;0;2022-04-04;2662;2886;12374;19127;1899;11581;20601;0;35;54405912;51695913;36118938;465657;53483769;39456216;709997;0;663
FR;0;2022-04-05;2431;3157;14341;34140;2036;13193;35757;0;85;54408343;51699070;36133279;499797;53485805;39469409;745754;0;748
FR;0;2022-04-06;2535;3945;13539;26504;3011;12812;27973;0;72;54410878;51703015;36146818;526301;53488816;39482221;773727;0;820
FR;0;2022-04-07;1838;3134;13677;33781;1985;12888;35138;0;76;54412716;51706149;36160495;560082;53490801;39495109;808865;0;896
FR;0;2022-04-08;2215;4279;19222;43986;2614;17828;46354;0;89;54414931;51710428;36179717;604068;53493415;39512937;855219;0;985
FR;0;2022-04-09;1366;2679;9313;13565;1900;8866;14799;0;30;54416297;51713107;36189030;617633;53495315;39521803;870018;0;1015
FR;0;2022-04-10;293;747;1984;2017;543;2006;2279;0;7;54416590;51713854;36191014;619650;53495858;39523809;872297;0;1022
FR;0;2022-04-11;1326;2620;11871;23908;1635;11482;25178;0;74;54417916;51716474;36202885;643558;53497493;39535291;897475;0;1096
FR;0;2022-04-12;1708;3073;14016;40911;1955;13390;41800;0;127;54419624;51719547;36216901;684469;53499448;39548681;939275;0;1223
FR;0;2022-04-13;1971;3718;13407;33107;2716;13030;34074;0;96;54421595;51723265;36230308;717576;53502164;39561711;973349;0;1319
FR;0;2022-04-14;1497;2970;13213;36314;1898;13071;36983;0;106;54423092;51726235;36243521;753890;53504062;39574782;1010332;0;1425
FR;0;2022-04-15;1867;3755;15634;35568;2502;14912;37217;0;115;54424959;51729990;36259155;789458;53506564;39589694;1047549;0;1540
FR;0;2022-04-16;1043;1829;6399;8553;1259;6261;9435;0;40;54426002;51731819;36265554;798011;53507823;39595955;1056984;0;1580
FR;0;2022-04-17;193;337;993;1174;221;1036;1242;0;7;54426195;51732156;36266547;799185;53508044;39596991;1058226;0;1587
FR;0;2022-04-18;197;541;2768;1072;342;2786;1287;0;5;54426392;51732697;36269315;800257;53508386;39599777;1059513;0;1592
FR;0;2022-04-19;1539;3028;12916;29666;1873;12476;30713;0;78;54427931;51735725;36282231;829923;53510259;39612253;1090226;0;1670
FR;0;2022-04-20;1997;3488;13305;29061;2598;12991;30081;0;96;54429928;51739213;36295536;858984;53512857;39625244;1120307;0;1766
FR;0;2022-04-21;1513;2850;12547;35173;1821;12621;35765;0;117;54431441;51742063;36308083;894157;53514678;39637865;1156072;0;1883
FR;0;2022-04-22;1867;3615;16475;37607;2391;15835;39145;0;131;54433308;51745678;36324558;931764;53517069;39653700;1195217;0;2014
FR;0;2022-04-23;1146;2062;7387;10658;1471;7238;11443;0;38;54434454;51747740;36331945;942422;53518540;39660938;1206660;0;2052
FR;0;2022-04-24;250;462;1475;1589;321;1413;1845;0;7;54434704;51748202;36333420;944011;53518861;39662351;1208505;0;2059
FR;0;2022-04-25;1307;2532;10683;21055;1612;10491;22076;0;79;54436011;51750734;36344103;965066;53520473;39672842;1230581;0;2138
FR;0;2022-04-26;1622;3003;13665;38612;1962;13109;39408;0;181;54437633;51753737;36357768;1003678;53522435;39685951;1269989;0;2319
FR;0;2022-04-27;1964;3060;11538;31034;2273;11595;31453;0;130;54439597;51756797;36369306;1034712;53524708;39697546;1301442;0;2449
FR;0;2022-04-28;1569;2770;12528;36218;1852;12270;36534;0;139;54441166;51759567;36381834;1070930;53526560;39709816;1337976;0;2588
FR;0;2022-04-29;2007;4807;15552;37273;3614;14929;38741;0;164;54443173;51764374;36397386;1108203;53530174;39724745;1376717;0;2752
FR;0;2022-04-30;1215;2694;6926;9717;2190;6754;10608;0;44;54444388;51767068;36404312;1117920;53532364;39731499;1387325;0;2796
FR;0;2022-05-01;218;325;915;997;229;910;1138;0;6;54444606;51767393;36405227;1118917;53532593;39732409;1388463;0;2802
FR;0;2022-05-02;2093;2944;11152;18171;2041;10984;19017;0;69;54446699;51770337;36416379;1137088;53534634;39743393;1407480;0;2871
FR;0;2022-05-03;1999;3260;13721;34679;2124;13562;35601;0;163;54448698;51773597;36430100;1171767;53536758;39756955;1443081;0;3034
FR;0;2022-05-04;1912;3295;12182;25634;2295;12300;26184;0;110;54450610;51776892;36442282;1197401;53539053;39769255;1469265;0;3144
FR;0;2022-05-05;1768;2995;13061;33585;1972;12907;34253;0;179;54452378;51779887;36455343;1230986;53541025;39782162;1503518;0;3323
FR;0;2022-05-06;2214;3655;15347;36785;2314;14856;38248;0;182;54454592;51783542;36470690;1267771;53543339;39797018;1541766;0;3505
FR;0;2022-05-07;1207;1781;6462;9611;1255;6453;10336;0;48;54455799;51785323;36477152;1277382;53544594;39803471;1552102;0;3553
FR;0;2022-05-08;267;400;1173;1547;289;1234;1653;0;8;54456066;51785723;36478325;1278929;53544883;39804705;1553755;0;3561
FR;0;2022-05-09;1382;2299;9925;20259;1406;9795;21176;0;102;54457448;51788022;36488250;1299188;53546289;39814500;1574931;0;3663
FR;0;2022-05-10;1779;3380;13576;38988;2242;13131;40016;0;200;54459227;51791402;36501826;1338176;53548531;39827631;1614947;0;3863
FR;0;2022-05-11;1996;3011;10750;27921;2315;10695;28429;0;146;54461223;51794413;36512576;1366097;53550846;39838326;1643376;0;4009
FR;0;2022-05-12;1588;2718;11376;35699;1787;11047;36460;0;211;54462811;51797131;36523952;1401796;53552633;39849373;1679836;0;4220
FR;0;2022-05-13;1975;3218;13757;37970;2058;13345;39236;0;162;54464786;51800349;36537709;1439766;53554691;39862718;1719072;0;4382
FR;0;2022-05-14;1148;1637;5937;10776;1195;5800;11364;0;57;54465934;51801986;36543646;1450542;53555886;39868518;1730436;0;4439
FR;0;2022-05-15;281;474;1278;1438;298;1361;1591;0;6;54466215;51802460;36544924;1451980;53556184;39869879;1732027;0;4445
FR;0;2022-05-16;1194;2040;8687;21053;1242;8682;21592;0;128;54467409;51804500;36553611;1473033;53557426;39878561;1753619;0;4573
FR;0;2022-05-17;1587;2597;11824;37874;1662;11402;38714;0;180;54468996;51807097;36565435;1510907;53559088;39889963;1792333;0;4753
FR;0;2022-05-18;1814;2650;9686;27157;1953;9660;27774;0;109;54470810;51809747;36575121;1538064;53561041;39899623;1820107;0;4862
FR;0;2022-05-19;1445;2653;10572;35832;1627;10713;36020;0;162;54472255;51812400;36585693;1573896;53562668;39910336;1856127;0;5024
FR;0;2022-05-20;1872;3112;13419;39366;2071;12910;40384;0;168;54474127;51815512;36599112;1613262;53564739;39923246;1896511;0;5192
FR;0;2022-05-21;1158;1706;5661;9897;1300;5533;10533;0;45;54475285;51817218;36604773;1623159;53566039;39928779;1907044;0;5237
FR;0;2022-05-22;238;341;1028;1438;262;1016;1581;0;10;54475523;51817559;36605801;1624597;53566301;39929795;1908625;0;5247
FR;0;2022-05-23;1173;2119;8879;20346;1401;8828;21001;0;86;54476696;51819678;36614680;1644943;53567702;39938623;1929626;0;5333
FR;0;2022-05-24;1539;2758;11359;38873;1734;11229;39504;0;190;54478235;51822436;36626039;1683816;53569436;39949852;1969130;0;5523
FR;0;2022-05-25;1814;2832;9341;24842;2071;9478;25318;0;116;54480049;51825268;36635380;1708658;53571507;39959330;1994448;0;5639
FR;0;2022-05-26;209;422;1663;1201;286;1673;1344;0;26;54480258;51825690;36637043;1709859;53571793;39961003;1995792;0;5665
FR;0;2022-05-27;1384;2469;9261;21290;1662;9002;22323;0;94;54481642;51828159;36646304;1731149;53573455;39970005;2018115;0;5759
FR;0;2022-05-28;669;1264;3916;6791;844;3966;7201;0;38;54482311;51829423;36650220;1737940;53574299;39973971;2025316;0;5797
FR;0;2022-05-29;157;315;752;918;200;773;1030;0;4;54482468;51829738;36650972;1738858;53574499;39974744;2026346;0;5801
FR;0;2022-05-30;1025;1957;6993;19295;1239;7010;19807;0;91;54483493;51831695;36657965;1758153;53575738;39981754;2046153;0;5892
FR;0;2022-05-31;1489;2505;9820;35654;1635;9642;36286;0;171;54484982;51834200;36667785;1793807;53577373;39991396;2082439;0;6063
FR;0;2022-06-01;1735;3097;11018;24531;2244;10883;25485;0;121;54486717;51837297;36678803;1818338;53579617;40002279;2107924;0;6184
FR;0;2022-06-02;1475;2611;11305;35567;1712;10863;36511;0;174;54488192;51839908;36690108;1853905;53581329;40013142;2144435;0;6358
FR;0;2022-06-03;1725;3068;13394;38722;2037;12758;39992;0;176;54489917;51842976;36703502;1892627;53583366;40025900;2184427;0;6534
FR;0;2022-06-04;971;1515;5044;9112;1075;5115;9648;0;73;54490888;51844491;36708546;1901739;53584441;40031015;2194075;0;6607
FR;0;2022-06-05;177;335;875;1106;205;886;1228;0;4;54491065;51844826;36709421;1902845;53584646;40031901;2195303;0;6611
FR;0;2022-06-06;582;1207;2119;1326;1033;2133;1507;0;12;54491647;51846033;36711540;1904171;53585679;40034034;2196810;0;6623
FR;0;2022-06-07;1409;2702;9850;35583;1780;9429;36809;0;153;54493056;51848735;36721390;1939754;53587459;40043463;2233619;0;6776
FR;0;2022-06-08;1561;2692;9165;28749;1938;9009;29713;0;112;54494617;51851427;36730555;1968503;53589397;40052472;2263332;0;6888
FR;0;2022-06-09;1288;2436;10621;39492;1551;10265;40268;0;167;54495905;51853863;36741176;2007995;53590948;40062737;2303600;0;7055
FR;0;2022-06-10;1627;3085;13082;44804;2053;12628;46143;0;224;54497532;51856948;36754258;2052799;53593001;40075365;2349743;0;7279
FR;0;2022-06-11;959;1737;5436;11625;1122;5468;12211;0;55;54498491;51858685;36759694;2064424;53594123;40080833;2361954;0;7334
FR;0;2022-06-12;197;443;1074;1764;253;1137;1865;0;11;54498688;51859128;36760768;2066188;53594376;40081970;2363819;0;7345
FR;0;2022-06-13;1092;2059;7437;23182;1333;7268;24096;0;90;54499780;51861187;36768205;2089370;53595709;40089238;2387915;0;7435
FR;0;2022-06-14;1319;2532;10448;44941;1581;9804;46137;0;200;54501099;51863719;36778653;2134311;53597290;40099042;2434052;0;7635
FR;0;2022-06-15;1509;2452;9322;30885;1921;8953;31582;0;178;54502608;51866171;36787975;2165196;53599211;40107995;2465634;0;7813
FR;0;2022-06-16;1181;2034;9911;39923;1267;9323;40943;0;201;54503789;51868205;36797886;2205119;53600478;40117318;2506577;0;8014
FR;0;2022-06-17;1486;2846;12471;46630;1770;11894;47855;0;239;54505275;51871051;36810357;2251749;53602248;40129212;2554432;0;8253
FR;0;2022-06-18;854;1525;4563;11123;1035;4498;11717;0;67;54506129;51872576;36814920;2262872;53603283;40133710;2566149;0;8320
FR;0;2022-06-19;183;363;1058;1615;208;1130;1701;0;14;54506312;51872939;36815978;2264487;53603491;40134840;2567850;0;8334
FR;0;2022-06-20;1024;1917;8906;26070;1189;8565;27014;0;153;54507336;51874856;36824884;2290557;53604680;40143405;2594864;0;8487
FR;0;2022-06-21;1325;2398;10306;49890;1533;9334;51277;0;264;54508661;51877254;36835190;2340447;53606213;40152739;2646141;0;8751
FR;0;2022-06-22;1389;2501;8912;39055;1793;8418;39999;0;256;54510050;51879755;36844102;2379502;53608006;40161157;2686140;0;9007
FR;0;2022-06-23;1226;2361;10678;55097;1356;9883;56230;0;320;54511276;51882116;36854780;2434599;53609362;40171040;2742370;0;9327
FR;0;2022-06-24;1487;2986;13642;69176;1742;12303;70994;0;405;54512763;51885102;36868422;2503775;53611104;40183343;2813364;0;9732
FR;0;2022-06-25;939;1779;6233;19915;1111;5985;20770;0;176;54513702;51886881;36874655;2523690;53612215;40189328;2834134;0;9908
FR;0;2022-06-26;229;459;1953;3688;259;1817;3967;0;39;54513931;51887340;36876608;2527378;53612474;40191145;2838101;0;9947
FR;0;2022-06-27;1129;2016;10495;48484;1172;9636;49752;0;339;54515060;51889356;36887103;2575862;53613646;40200781;2887853;0;10286
FR;0;2022-06-28;1455;2810;14662;91377;1576;13082;93145;0;624;54516515;51892166;36901765;2667239;53615222;40213863;2980998;0;10910
FR;0;2022-06-29;1708;2825;12291;71881;1839;11238;73024;0;548;54518223;51894991;36914056;2739120;53617061;40225101;3054022;0;11458
FR;0;2022-06-30;1532;2716;14390;95162;1635;12470;97177;0;724;54519755;51897707;36928446;2834282;53618696;40237571;3151199;0;12182
FR;0;2022-07-01;1993;3796;21495;115921;2301;18849;118566;0;954;54521748;51901503;36949941;2950203;53620997;40256420;3269765;0;13136
FR;0;2022-07-02;1085;1855;8524;35748;1101;7701;36869;0;342;54522833;51903358;36958465;2985951;53622098;40264121;3306634;0;13478
FR;0;2022-07-03;292;539;2091;6455;317;1894;6804;0;79;54523125;51903897;36960556;2992406;53622415;40266015;3313438;0;13557
FR;0;2022-07-04;1689;3307;14705;79213;2166;12979;81289;0;639;54524814;51907204;36975261;3071619;53624581;40278994;3394727;0;14196
FR;0;2022-07-05;1717;3137;18829;133248;1767;16011;135538;0;1145;54526531;51910341;36994090;3204867;53626348;40295005;3530265;0;15341
FR;0;2022-07-06;1817;2770;15849;99568;1833;13637;101136;0;900;54528348;51913111;37009939;3304435;53628181;40308642;3631401;0;16241
FR;0;2022-07-07;1705;2865;17998;126031;1703;14776;128358;0;1180;54530053;51915976;37027937;3430466;53629884;40323418;3759759;0;17421
FR;0;2022-07-08;1888;3148;20747;137079;1848;16761;140073;0;1346;54531941;51919124;37048684;3567545;53631732;40340179;3899832;0;18767
FR;0;2022-07-09;866;1456;7741;37921;874;6686;38765;0;426;54532807;51920580;37056425;3605466;53632606;40346865;3938597;0;19193
FR;0;2022-07-10;263;564;2345;7003;317;2124;7394;0;94;54533070;51921144;37058770;3612469;53632923;40348989;3945991;0;19287
FR;0;2022-07-11;1429;2459;15014;88270;1382;12501;90462;0;801;54534499;51923603;37073784;3700739;53634305;40361490;4036453;0;20088
FR;0;2022-07-12;1796;3099;20526;143950;1696;16721;146653;0;1604;54536295;51926702;37094310;3844689;53636001;40378211;4183106;0;21692
FR;0;2022-07-13;1736;2737;15689;94528;1648;13267;96388;0;1080;54538031;51929439;37109999;3939217;53637649;40391478;4279494;0;22772
FR;0;2022-07-14;183;368;1952;5533;216;1831;5700;0;82;54538214;51929807;37111951;3944750;53637865;40393309;4285194;0;22854
FR;0;2022-07-15;1475;2554;15112;84452;1414;12594;86611;0;1034;54539689;51932361;37127063;4029202;53639279;40405903;4371805;0;23888
FR;0;2022-07-16;617;1178;5948;24976;683;5155;25667;0;327;54540306;51933539;37133011;4054178;53639962;40411058;4397472;0;24215
FR;0;2022-07-17;177;389;1736;4663;213;1567;4935;0;66;54540483;51933928;37134747;4058841;53640175;40412625;4402407;0;24281
FR;0;2022-07-18;1130;2245;11824;61797;1333;9973;63660;0;780;54541613;51936173;37146571;4120638;53641508;40422598;4466067;0;25061
FR;0;2022-07-19;1415;2344;15469;103695;1383;12291;105882;0;1459;54543028;51938517;37162040;4224333;53642891;40434889;4571949;0;26520
FR;0;2022-07-20;1417;2287;12954;77562;1456;10727;79150;0;1051;54544445;51940804;37174994;4301895;53644347;40445616;4651099;0;27571
FR;0;2022-07-21;1284;2163;13085;88229;1364;10488;89711;0;1315;54545729;51942967;37188079;4390124;53645711;40456104;4740810;0;28886
FR;0;2022-07-22;1400;2453;14806;89516;1441;11956;91386;0;1347;54547129;51945420;37202885;4479640;53647152;40468060;4832196;0;30233
FR;0;2022-07-23;671;1303;5529;22477;816;4852;23073;0;412;54547800;51946723;37208414;4502117;53647968;40472912;4855269;0;30645
FR;0;2022-07-24;183;351;1397;3900;199;1238;4128;0;72;54547983;51947074;37209811;4506017;53648167;40474150;4859397;0;30717
FR;0;2022-07-25;1057;1790;9488;48067;1141;7837;49507;0;737;54549040;51948864;37219299;4554084;53649308;40481987;4908904;0;31454
FR;0;2022-07-26;1289;2207;13303;85416;1313;10827;87114;0;1310;54550329;51951071;37232602;4639500;53650621;40492814;4996018;0;32764
FR;0;2022-07-27;1220;2003;10235;61310;1332;8529;62515;0;971;54551549;51953074;37242837;4700810;53651953;40501343;5058533;0;33735
FR;0;2022-07-28;1088;1859;10307;64390;1249;8214;65625;0;1046;54552637;51954933;37253144;4765200;53653202;40509557;5124158;0;34781
FR;0;2022-07-29;1281;2054;11002;65865;1361;8758;67294;0;1139;54553918;51956987;37264146;4831065;53654563;40518315;5191452;0;35920
FR;0;2022-07-30;499;854;3519;15281;589;2971;15662;0;303;54554417;51957841;37267665;4846346;53655152;40521286;5207114;0;36223
FR;0;2022-07-31;152;288;929;2439;184;788;2588;0;49;54554569;51958129;37268594;4848785;53655336;40522074;5209702;0;36272
FR;0;2022-08-01;840;1551;7591;30234;1144;6387;31307;0;548;54555409;51959680;37276185;4879019;53656480;40528461;5241009;0;36820
FR;0;2022-08-02;1021;1634;8572;56102;1138;6885;56790;0;1169;54556430;51961314;37284757;4935121;53657618;40535346;5297799;0;37989
FR;0;2022-08-03;835;1257;6420;38672;891;5142;39407;0;702;54557265;51962571;37291177;4973793;53658509;40540488;5337206;0;38691
FR;0;2022-08-04;731;1179;6566;43153;775;5296;43719;0;917;54557996;51963750;37297743;5016946;53659284;40545784;5380925;0;39608
FR;0;2022-08-05;852;1354;7092;44951;960;5672;45613;0;993;54558848;51965104;37304835;5061897;53660244;40551456;5426538;0;40601
FR;0;2022-08-06;338;555;2098;9366;396;1756;9566;0;228;54559186;51965659;37306933;5071263;53660640;40553212;5436104;0;40829
FR;0;2022-08-07;104;156;536;1621;113;453;1701;0;38;54559290;51965815;37307469;5072884;53660753;40553665;5437805;0;40867
FR;0;2022-08-08;562;1011;4018;22096;766;3280;22539;0;490;54559852;51966826;37311487;5094980;53661519;40556945;5460344;0;41357
FR;0;2022-08-09;685;1137;5966;39936;823;4797;40426;0;843;54560537;51967963;37317453;5134916;53662342;40561742;5500770;0;42200
FR;0;2022-08-10;632;1120;4653;28054;833;3793;28389;0;652;54561169;51969083;37322106;5162970;53663175;40565535;5529159;0;42852
FR;0;2022-08-11;613;1021;4482;29244;734;3702;29580;0;676;54561782;51970104;37326588;5192214;53663909;40569237;5558739;0;43528
FR;0;2022-08-12;709;1145;4741;28208;828;3913;28644;0;702;54562491;51971249;37331329;5220422;53664737;40573150;5587383;0;44230
FR;0;2022-08-13;213;410;1294;5255;308;1118;5414;0;121;54562704;51971659;37332623;5225677;53665045;40574268;5592797;0;44351
FR;0;2022-08-14;71;121;288;923;104;246;995;0;25;54562775;51971780;37332911;5226600;53665149;40574514;5593792;0;44376
FR;0;2022-08-15;82;182;607;563;148;555;617;0;19;54562857;51971962;37333518;5227163;53665297;40575069;5594409;0;44395
FR;0;2022-08-16;617;1054;3953;22174;815;3348;22366;0;615;54563474;51973016;37337471;5249337;53666112;40578417;5616775;0;45010
FR;0;2022-08-17;629;1013;3886;22895;790;3291;23139;0;620;54564103;51974029;37341357;5272232;53666902;40581708;5639914;0;45630
FR;0;2022-08-18;615;979;4107;26291;779;3248;26521;0;673;54564718;51975008;37345464;5298523;53667681;40584956;5666435;0;46303
FR;0;2022-08-19;601;1153;4488;27242;860;3690;27547;0;766;54565319;51976161;37349952;5325765;53668541;40588646;5693982;0;47069
FR;0;2022-08-20;290;494;1355;5568;391;1170;5728;0;145;54565609;51976655;37351307;5331333;53668932;40589816;5699710;0;47214
FR;0;2022-08-21;94;133;301;1008;94;263;1043;0;27;54565703;51976788;37351608;5332341;53669026;40590079;5700753;0;47241
FR;0;2022-08-22;546;983;3272;15346;760;2794;15677;0;425;54566249;51977771;37354880;5347687;53669786;40592873;5716430;0;47666
FR;0;2022-08-23;711;1172;4294;28990;847;3608;29075;0;870;54566960;51978943;37359174;5376677;53670633;40596481;5745505;0;48536
FR;0;2022-08-24;656;930;3494;19529;773;2856;19719;0;608;54567616;51979873;37362668;5396206;53671406;40599337;5765224;0;49144
FR;0;2022-08-25;622;1011;3936;23401;720;3284;23665;0;673;54568238;51980884;37366604;5419607;53672126;40602621;5788889;0;49817
FR;0;2022-08-26;848;1251;4473;25879;943;3664;26253;0;777;54569086;51982135;37371077;5445486;53673069;40606285;5815142;0;50594
FR;0;2022-08-27;293;497;1377;5462;358;1243;5526;0;194;54569379;51982632;37372454;5450948;53673427;40607528;5820668;0;50788
FR;0;2022-08-28;123;160;303;919;114;288;964;0;38;54569502;51982792;37372757;5451867;53673541;40607816;5821632;0;50826
FR;0;2022-08-29;617;963;3072;14655;761;2609;14961;0;433;54570119;51983755;37375829;5466522;53674302;40610425;5836593;0;51259
FR;0;2022-08-30;848;1205;4791;28541;883;3908;28871;0;823;54570967;51984960;37380620;5495063;53675185;40614333;5865464;0;52082
FR;0;2022-08-31;688;945;3200;17633;730;2709;17899;0;508;54571655;51985905;37383820;5512696;53675915;40617042;5883363;0;52590
FR;0;2022-09-01;727;980;4472;22473;692;3818;22748;0;622;54572382;51986885;37388292;5535169;53676607;40620860;5906111;0;53212
FR;0;2022-09-02;866;1136;5035;28608;819;4246;28901;0;914;54573248;51988021;37393327;5563777;53677426;40625106;5935012;0;54126
FR;0;2022-09-03;415;560;1917;6083;415;1663;6320;0;181;54573663;51988581;37395244;5569860;53677841;40626769;5941332;0;54307
FR;0;2022-09-04;131;150;351;873;85;347;942;0;24;54573794;51988731;37395595;5570733;53677926;40627116;5942274;0;54331
FR;0;2022-09-05;618;696;3143;16054;517;2621;16366;0;523;54574412;51989427;37398738;5586787;53678443;40629737;5958640;0;54854
FR;0;2022-09-06;792;1012;4730;31841;643;3861;32072;0;1040;54575204;51990439;37403468;5618628;53679086;40633598;5990712;0;55894
FR;0;2022-09-07;642;764;2994;16820;544;2474;16969;0;572;54575846;51991203;37406462;5635448;53679630;40636072;6007681;0;56466
FR;0;2022-09-08;616;848;3802;24844;580;3136;24932;0;818;54576462;51992051;37410264;5660292;53680210;40639208;6032613;0;57284
FR;0;2022-09-09;835;1008;4435;27643;649;3671;27821;0;948;54577297;51993059;37414699;5687935;53680859;40642879;6060434;0;58232
FR;0;2022-09-10;384;533;1730;5708;359;1530;5912;0;207;54577681;51993592;37416429;5693643;53681218;40644409;6066346;0;58439
FR;0;2022-09-11;122;129;321;656;90;305;714;0;17;54577803;51993721;37416750;5694299;53681308;40644714;6067060;0;58456
FR;0;2022-09-12;486;617;2680;13282;437;2287;13573;0;478;54578289;51994338;37419430;5707581;53681745;40647001;6080633;0;58934
FR;0;2022-09-13;609;832;3993;26502;518;3481;26384;0;875;54578898;51995170;37423423;5734083;53682263;40650482;6107017;0;59809
FR;0;2022-09-14;651;767;2951;16178;559;2466;16411;0;573;54579549;51995937;37426374;5750261;53682822;40652948;6123428;0;60382
FR;0;2022-09-15;553;774;3463;23565;525;2948;23638;0;725;54580102;51996711;37429837;5773826;53683347;40655896;6147066;0;61107
FR;0;2022-09-16;785;1029;4137;25898;711;3475;26121;0;932;54580887;51997740;37433974;5799724;53684058;40659371;6173187;0;62039
FR;0;2022-09-17;386;488;1449;6144;365;1279;6236;0;242;54581273;51998228;37435423;5805868;53684423;40660650;6179423;0;62281
FR;0;2022-09-18;115;139;323;961;117;291;1016;0;36;54581388;51998367;37435746;5806829;53684540;40660941;6180439;0;62317
FR;0;2022-09-19;445;634;2251;13199;433;1926;13381;0;436;54581833;51999001;37437997;5820028;53684973;40662867;6193820;0;62753
FR;0;2022-09-20;633;863;3779;26433;615;3148;26486;0;892;54582466;51999864;37441776;5846461;53685588;40666015;6220306;0;63645
FR;0;2022-09-21;575;763;2736;16257;567;2351;16249;0;586;54583041;52000627;37444512;5862718;53686155;40668366;6236555;0;64231
FR;0;2022-09-22;580;819;3413;23572;545;2782;23798;0;772;54583621;52001446;37447925;5886290;53686700;40671148;6260353;0;65003
FR;0;2022-09-23;827;1033;4491;28698;752;3759;28874;0;1017;54584448;52002479;37452416;5914988;53687452;40674907;6289227;0;66020
FR;0;2022-09-24;423;608;1639;6893;468;1414;7075;0;306;54584871;52003087;37454055;5921881;53687920;40676321;6296302;0;66326
FR;0;2022-09-25;98;187;335;1100;141;306;1142;0;37;54584969;52003274;37454390;5922981;53688061;40676627;6297444;0;66363
FR;0;2022-09-26;437;694;2286;13511;465;2015;13619;0;432;54585406;52003968;37456676;5936492;53688526;40678642;6311063;0;66795
FR;0;2022-09-27;609;833;3626;25935;603;2909;26090;0;959;54586015;52004801;37460302;5962427;53689129;40681551;6337153;0;67754
FR;0;2022-09-28;626;814;2548;15387;621;2294;15502;0;622;54586641;52005615;37462850;5977814;53689750;40683845;6352655;0;68376
FR;0;2022-09-29;563;758;3112;21029;535;2626;21056;40;809;54587204;52006373;37465962;5998843;53690285;40686471;6373711;40;69185
FR;0;2022-09-30;769;1090;3950;25549;798;3297;25814;713;1048;54587973;52007463;37469912;6024392;53691083;40689768;6399525;753;70233
FR;0;2022-10-01;419;609;2003;5969;456;1733;6208;396;317;54588392;52008072;37471915;6030361;53691539;40691501;6405733;1149;70550
FR;0;2022-10-02;57;131;218;638;93;214;664;66;42;54588449;52008203;37472133;6030999;53691632;40691715;6406397;1215;70592
FR;0;2022-10-03;467;727;2431;12019;561;2139;12213;2073;744;54588916;52008930;37474564;6043018;53692193;40693854;6418610;3288;71336
FR;0;2022-10-04;612;787;3383;23501;530;2773;23681;4702;1581;54589528;52009717;37477947;6066519;53692723;40696627;6442291;7990;72917
FR;0;2022-10-05;543;802;2428;14584;578;2143;14730;3655;1209;54590071;52010519;37480375;6081103;53693301;40698770;6457021;11645;74126
FR;0;2022-10-06;532;701;3080;21681;502;2512;21892;6663;1907;54590603;52011220;37483455;6102784;53693803;40701282;6478913;18308;76033
FR;0;2022-10-07;716;973;4124;30291;703;3470;30381;16868;3201;54591319;52012193;37487579;6133075;53694506;40704752;6509294;35176;79234
FR;0;2022-10-08;345;510;1648;8423;369;1408;8591;6693;1169;54591664;52012703;37489227;6141498;53694875;40706160;6517885;41869;80403
FR;0;2022-10-09;108;137;335;1587;111;310;1650;1510;295;54591772;52012840;37489562;6143085;53694986;40706470;6519535;43379;80698
FR;0;2022-10-10;474;698;2911;20483;513;2495;20811;19486;3242;54592246;52013538;37492473;6163568;53695499;40708965;6540346;62865;83940
FR;0;2022-10-11;568;784;4259;40304;527;3561;40647;40138;6371;54592814;52014322;37496732;6203872;53696026;40712526;6580993;103003;90311
FR;0;2022-10-12;561;787;3245;26703;574;2751;27029;27290;4686;54593375;52015109;37499977;6230575;53696600;40715277;6608022;130293;94997
FR;0;2022-10-13;608;745;3997;38385;535;3116;38847;40555;6600;54593983;52015854;37503974;6268960;53697135;40718393;6646869;170848;101597
FR;0;2022-10-14;752;1044;4863;47639;754;3944;48116;51100;7850;54594735;52016898;37508837;6316599;53697889;40722337;6694985;221948;109447
FR;0;2022-10-15;353;492;1850;11845;331;1609;11962;13088;2275;54595088;52017390;37510687;6328444;53698220;40723946;6706947;235036;111722
FR;0;2022-10-16;92;124;371;1959;76;354;2005;2342;476;54595180;52017514;37511058;6330403;53698296;40724300;6708952;237378;112198
FR;0;2022-10-17;435;687;3031;26414;474;2470;26787;30734;5407;54595615;52018201;37514089;6356817;53698770;40726770;6735739;268112;117605
FR;0;2022-10-18;597;723;4695;46055;520;3744;46574;55371;11677;54596212;52018924;37518784;6402872;53699290;40730514;6782313;323483;129282
FR;0;2022-10-19;546;770;3624;34338;574;3059;34683;42402;9201;54596758;52019694;37522408;6437210;53699864;40733573;6816996;365885;138483
FR;0;2022-10-20;598;756;4821;49389;540;3692;50057;60414;12888;54597356;52020450;37527229;6486599;53700404;40737265;6867053;426299;151371
FR;0;2022-10-21;682;969;5690;56958;687;4494;57645;70865;14278;54598038;52021419;37532919;6543557;53701091;40741759;6924698;497164;165649
FR;0;2022-10-22;330;395;1654;12932;313;1318;13093;15925;3377;54598368;52021814;37534573;6556489;53701404;40743077;6937791;513089;169026
FR;0;2022-10-23;93;100;349;2061;95;265;2163;2752;628;54598461;52021914;37534922;6558550;53701499;40743342;6939954;515841;169654
FR;0;2022-10-24;548;591;3132;27105;417;2678;27532;35425;7769;54599009;52022505;37538054;6585655;53701916;40746020;6967486;551266;177423
FR;0;2022-10-25;583;714;4858;49032;523;3791;49703;65098;15385;54599592;52023219;37542912;6634687;53702439;40749811;7017189;616364;192808
FR;0;2022-10-26;527;631;3443;32479;467;2876;32818;43743;10888;54600119;52023850;37546355;6667166;53702906;40752687;7050007;660107;203696
FR;0;2022-10-27;586;680;4066;40668;480;3324;41160;54230;12996;54600705;52024530;37550421;6707834;53703386;40756011;7091167;714337;216692
FR;0;2022-10-28;696;839;4594;44069;608;3492;44906;58063;13066;54601401;52025369;37555015;6751903;53703994;40759503;7136073;772400;229758
FR;0;2022-10-29;252;353;1324;9483;249;1078;9616;12506;3007;54601653;52025722;37556339;6761386;53704243;40760581;7145689;784906;232765
FR;0;2022-10-30;86;110;284;1580;87;246;1627;2127;539;54601739;52025832;37556623;6762966;53704330;40760827;7147316;787033;233304
FR;0;2022-10-31;379;475;2066;16030;341;1617;16394;22080;5418;54602118;52026307;37558689;6778996;53704671;40762444;7163710;809113;238722
FR;0;2022-11-01;66;145;899;1111;109;927;1155;1658;481;54602184;52026452;37559588;6780107;53704780;40763371;7164865;810771;239203
FR;0;2022-11-02;495;648;3015;25315;477;2557;25785;36483;10074;54602679;52027100;37562603;6805422;53705257;40765928;7190650;847254;249277
FR;0;2022-11-03;634;678;4075;39891;512;3089;40617;56690;15211;54603313;52027778;37566678;6845313;53705769;40769017;7231267;903944;264488
FR;0;2022-11-04;648;815;4414;43618;560;3510;44230;60433;15196;54603961;52028593;37571092;6888931;53706329;40772527;7275497;964377;279684
FR;0;2022-11-05;249;353;1442;9686;277;1161;9891;13417;3282;54604210;52028946;37572534;6898617;53706606;40773688;7285388;977794;282966
FR;0;2022-11-06;87;110;262;1593;93;245;1622;2323;648;54604297;52029056;37572796;6900210;53706699;40773933;7287010;980117;283614
FR;0;2022-11-07;457;513;2710;26535;427;2191;27169;38708;10834;54604754;52029569;37575506;6926745;53707126;40776124;7314179;1018825;294448
FR;0;2022-11-08;588;771;4954;51815;556;3786;52800;73938;19912;54605342;52030340;37580460;6978560;53707682;40779910;7366979;1092763;314360
FR;0;2022-11-09;499;641;3351;31555;462;2678;32326;46224;13139;54605841;52030981;37583811;7010115;53708144;40782588;7399305;1138987;327499
FR;0;2022-11-10;602;847;4543;43517;595;3599;44415;62491;17142;54606443;52031828;37588354;7053632;53708739;40786187;7443720;1201478;344641
FR;0;2022-11-11;68;104;360;1651;70;303;1717;2777;998;54606511;52031932;37588714;7055283;53708809;40786490;7445437;1204255;345639
FR;0;2022-11-12;197;310;1192;7092;219;973;7330;10279;2761;54606708;52032242;37589906;7062375;53709028;40787463;7452767;1214534;348400
FR;0;2022-11-13;61;82;240;1206;58;204;1260;1967;621;54606769;52032324;37590146;7063581;53709086;40787667;7454027;1216501;349021
FR;0;2022-11-14;425;510;2545;23868;356;2029;24485;35920;10760;54607194;52032834;37592691;7087449;53709442;40789696;7478512;1252421;359781
FR;0;2022-11-15;570;690;4274;44782;516;3302;45744;66440;19442;54607764;52033524;37596965;7132231;53709958;40792998;7524256;1318861;379223
FR;0;2022-11-16;535;607;3031;28297;477;2537;28820;42807;13194;54608299;52034131;37599996;7160528;53710435;40795535;7553076;1361668;392417
FR;0;2022-11-17;549;644;3772;39021;492;2932;39630;57782;17087;54608848;52034775;37603768;7199549;53710927;40798467;7592706;1419450;409504
FR;0;2022-11-18;609;755;4575;44997;564;3432;45890;65387;18196;54609457;52035530;37608343;7244546;53711491;40801899;7638596;1484837;427700
FR;0;2022-11-19;264;324;1491;9747;254;1081;9941;14200;3940;54609721;52035854;37609834;7254293;53711745;40802980;7648537;1499037;431640
FR;0;2022-11-20;61;85;298;1692;67;254;1767;2695;842;54609782;52035939;37610132;7255985;53711812;40803234;7650304;1501732;432482
FR;0;2022-11-21;424;501;2389;21260;339;1911;21821;32725;10170;54610206;52036440;37612521;7277245;53712151;40805145;7672125;1534457;442652
FR;0;2022-11-22;528;577;3978;39558;401;3118;40125;59291;17988;54610734;52037017;37616499;7316803;53712552;40808263;7712250;1593748;460640
FR;0;2022-11-23;455;532;2717;25824;372;2285;26315;40035;12750;54611189;52037549;37619216;7342627;53712924;40810548;7738565;1633783;473390
FR;0;2022-11-24;497;575;3723;36865;408;2894;37540;56141;17580;54611686;52038124;37622939;7379492;53713332;40813442;7776105;1689924;490970
FR;0;2022-11-25;558;688;4154;39960;544;3112;40798;59213;17262;54612244;52038812;37627093;7419452;53713876;40816554;7816903;1749137;508232
FR;0;2022-11-26;290;332;1327;9320;252;1056;9459;13936;3947;54612534;52039144;37628420;7428772;53714128;40817610;7826362;1763073;512179
FR;0;2022-11-27;68;74;258;1653;53;220;1679;2538;799;54612602;52039218;37628678;7430425;53714181;40817830;7828041;1765611;512978
FR;0;2022-11-28;395;457;2599;24559;340;1941;25270;38073;11979;54612997;52039675;37631277;7454984;53714521;40819771;7853311;1803684;524957
FR;0;2022-11-29;486;589;4332;46195;363;3228;46899;70542;22125;54613483;52040264;37635609;7501179;53714884;40822999;7900210;1874226;547082
FR;0;2022-11-30;492;664;3682;36695;464;2852;37470;55893;17070;54613975;52040928;37639291;7537874;53715348;40825851;7937680;1930119;564152
FR;0;2022-12-01;478;605;5015;51298;396;3578;52121;78659;24833;54614453;52041533;37644306;7589172;53715744;40829429;7989801;2008778;588985
FR;0;2022-12-02;610;713;5997;61141;493;4217;62370;91774;27200;54615063;52042246;37650303;7650313;53716237;40833646;8052171;2100552;616185
FR;0;2022-12-03;294;334;2173;17953;217;1519;18384;26589;7569;54615357;52042580;37652476;7668266;53716454;40835165;8070555;2127141;623754
FR;0;2022-12-04;92;118;522;4275;86;432;4326;6392;1835;54615449;52042698;37652998;7672541;53716540;40835597;8074881;2133533;625589
FR;0;2022-12-05;429;533;4177;44430;376;2795;45383;68477;21642;54615878;52043231;37657175;7716971;53716916;40838392;8120264;2202010;647231
FR;0;2022-12-06;593;707;6752;77769;442;4560;79295;120771;39132;54616471;52043938;37663927;7794740;53717358;40842952;8199559;2322781;686363
FR;0;2022-12-07;526;595;5254;57768;439;3488;58906;89729;29207;54616997;52044533;37669181;7852508;53717797;40846440;8258465;2412510;715570
FR;0;2022-12-08;588;686;6852;78966;429;4457;80643;122949;40391;54617585;52045219;37676033;7931474;53718226;40850897;8339108;2535459;755961
FR;0;2022-12-09;759;816;8485;94959;531;5548;96820;145809;46085;54618344;52046035;37684518;8026433;53718757;40856445;8435928;2681268;802046
FR;0;2022-12-10;394;402;3570;33739;253;2230;34628;50237;14603;54618738;52046437;37688088;8060172;53719010;40858675;8470556;2731505;816649
FR;0;2022-12-11;127;125;982;8257;90;667;8495;12139;3242;54618865;52046562;37689070;8068429;53719100;40859342;8479051;2743644;819891
FR;0;2022-12-12;488;550;6163;66833;343;3947;68376;105057;34355;54619353;52047112;37695233;8135262;53719443;40863289;8547427;2848701;854246
FR;0;2022-12-13;665;739;8838;102725;455;5457;105261;163252;54380;54620018;52047851;37704071;8237987;53719898;40868746;8652688;3011953;908626
FR;0;2022-12-14;564;657;6613;72403;430;4328;74034;115033;37883;54620582;52048508;37710684;8310390;53720328;40873074;8726722;3126986;946509
FR;0;2022-12-15;613;762;8408;94284;457;5320;96577;150532;50609;54621195;52049270;37719092;8404674;53720785;40878394;8823299;3277518;997118
FR;0;2022-12-16;764;901;9193;102965;571;5919;105045;163277;54108;54621959;52050171;37728285;8507639;53721356;40884313;8928344;3440795;1051226
FR;0;2022-12-17;331;390;3284;31147;254;2090;31953;47398;14064;54622290;52050561;37731569;8538786;53721610;40886403;8960297;3488193;1065290
FR;0;2022-12-18;91;110;743;6128;64;495;6286;9290;2629;54622381;52050671;37732312;8544914;53721674;40886898;8966583;3497483;1067919
FR;0;2022-12-19;554;572;5506;54726;383;3455;56300;87473;28900;54622935;52051243;37737818;8599640;53722057;40890353;9022883;3584956;1096819
FR;0;2022-12-20;674;672;7363;76563;427;4723;78611;124717;42558;54623609;52051915;37745181;8676203;53722484;40895076;9101494;3709673;1139377
