fra;vaccin;jour;n_dose1;n_dose2;n_dose3;n_dose4;n_rappel;n_cum_dose1;n_cum_dose2;n_cum_dose3;n_cum_dose4;n_cum_rappel
FR;1;2020-12-27;609;0;0;0;0;609;0;0;0;0
FR;1;2020-12-28;683;1;0;0;0;1292;1;0;0;0
FR;1;2020-12-29;384;0;0;0;0;1676;1;0;0;0
FR;1;2020-12-30;443;0;0;0;0;2119;1;0;0;0
FR;1;2020-12-31;440;1;0;0;0;2559;2;0;0;0
FR;1;2021-01-01;1156;2;0;0;0;3715;4;0;0;0
FR;1;2021-01-02;362;3;0;0;0;4077;7;0;0;0
FR;1;2021-01-03;404;0;0;0;0;4481;7;0;0;0
FR;1;2021-01-04;2109;4;0;0;0;6590;11;0;0;0
FR;1;2021-01-05;7752;3;0;0;0;14342;14;0;0;0
FR;1;2021-01-06;12454;16;0;0;0;26796;30;0;0;0
FR;1;2021-01-07;29461;17;0;0;0;56257;47;0;0;0
FR;1;2021-01-08;37143;17;0;0;0;93400;64;0;0;0
FR;1;2021-01-09;11212;7;0;0;0;104612;71;0;0;0
FR;1;2021-01-10;6007;7;0;0;0;110619;78;0;0;0
FR;1;2021-01-11;39934;22;0;0;0;150553;100;0;0;0
FR;1;2021-01-12;62142;19;0;0;0;212695;119;0;0;0
FR;1;2021-01-13;65119;42;0;0;0;277814;161;0;0;0
FR;1;2021-01-14;81452;149;0;0;0;359266;310;0;0;0
FR;1;2021-01-15;68611;63;0;0;0;427877;373;0;0;0
FR;1;2021-01-16;19901;72;0;0;0;447778;445;0;0;0
FR;1;2021-01-17;10903;51;0;0;0;458681;496;0;0;0
FR;1;2021-01-18;82828;167;0;0;0;541509;663;0;0;0
FR;1;2021-01-19;125919;189;0;0;0;667428;852;0;0;0
FR;1;2021-01-20;132413;182;0;0;0;799841;1034;0;0;0
FR;1;2021-01-21;153058;174;0;0;0;952899;1208;0;0;0
FR;1;2021-01-22;115944;219;0;0;0;1068843;1427;0;0;0
FR;1;2021-01-23;36608;68;0;0;0;1105451;1495;0;0;0
FR;1;2021-01-24;9583;97;0;0;0;1115034;1592;0;0;0
FR;1;2021-01-25;74424;1337;0;0;0;1189458;2929;0;0;0
FR;1;2021-01-26;96454;3489;1;0;0;1285912;6418;1;0;0
FR;1;2021-01-27;103644;6120;0;0;0;1389556;12538;1;0;0
FR;1;2021-01-28;120603;15580;0;0;0;1510159;28118;1;0;0
FR;1;2021-01-29;88889;18184;0;0;0;1599048;46302;1;0;0
FR;1;2021-01-30;27992;4401;0;0;0;1627040;50703;1;0;0
FR;1;2021-01-31;5189;1814;0;0;0;1632229;52517;1;0;0
FR;1;2021-02-01;49726;22053;0;0;0;1681955;74570;1;0;0
FR;1;2021-02-02;67817;36820;0;0;0;1749772;111390;1;0;0
FR;1;2021-02-03;67085;38973;0;0;0;1816857;150363;1;0;0
FR;1;2021-02-04;77140;53205;0;0;0;1893997;203568;1;0;0
FR;1;2021-02-05;63421;46798;0;0;0;1957418;250366;1;0;0
FR;1;2021-02-06;19424;11069;0;0;0;1976842;261435;1;0;0
FR;1;2021-02-07;3665;5597;0;0;0;1980507;267032;1;0;0
FR;1;2021-02-08;36498;47733;0;0;0;2017005;314765;1;0;0
FR;1;2021-02-09;50800;76178;0;0;0;2067805;390943;1;0;0
FR;1;2021-02-10;52066;80891;0;0;0;2119871;471834;1;0;0
FR;1;2021-02-11;63375;103304;0;0;0;2183246;575138;1;0;0
FR;1;2021-02-12;55864;75138;0;0;0;2239110;650276;1;0;0
FR;1;2021-02-13;15463;19347;0;0;0;2254573;669623;1;0;0
FR;1;2021-02-14;3747;7339;0;0;0;2258320;676962;1;0;0
FR;1;2021-02-15;24149;73629;0;0;0;2282469;750591;1;0;0
FR;1;2021-02-16;32775;96427;0;0;0;2315244;847018;1;0;0
FR;1;2021-02-17;35122;101239;20;0;0;2350366;948257;21;0;0
FR;1;2021-02-18;49443;116888;0;0;0;2399809;1065145;21;0;0
FR;1;2021-02-19;45379;87224;1;0;0;2445188;1152369;22;0;0
FR;1;2021-02-20;13389;27169;0;0;0;2458577;1179538;22;0;0
FR;1;2021-02-21;2459;6099;0;0;0;2461036;1185637;22;0;0
FR;1;2021-02-22;24717;69592;2;0;0;2485753;1255229;24;0;0
FR;1;2021-02-23;37428;81349;1;0;0;2523181;1336578;25;0;0
FR;1;2021-02-24;40698;78895;1;0;0;2563879;1415473;26;0;0
FR;1;2021-02-25;50157;87970;1;0;0;2614036;1503443;27;0;0
FR;1;2021-02-26;47217;67598;1;0;0;2661253;1571041;28;0;0
FR;1;2021-02-27;15673;21242;1;0;0;2676926;1592283;29;0;0
FR;1;2021-02-28;3558;4173;2;0;0;2680484;1596456;31;0;0
FR;1;2021-03-01;40192;50011;1;0;0;2720676;1646467;32;0;0
FR;1;2021-03-02;55978;62253;3;0;0;2776654;1708720;35;0;0
FR;1;2021-03-03;61242;60482;0;0;0;2837896;1769202;35;0;0
FR;1;2021-03-04;72998;67383;3;0;0;2910894;1836585;38;0;0
FR;1;2021-03-05;74767;58818;3;0;0;2985661;1895403;41;0;0
FR;1;2021-03-06;82456;15878;2;0;0;3068117;1911281;43;0;0
FR;1;2021-03-07;63724;4490;1;0;0;3131841;1915771;44;0;0
FR;1;2021-03-08;60171;41559;2;0;0;3192012;1957330;46;0;0
FR;1;2021-03-09;85992;47708;1;0;0;3278004;2005038;47;0;0
FR;1;2021-03-10;90916;47965;5;0;0;3368920;2053003;52;0;0
FR;1;2021-03-11;105082;54527;1;0;0;3474002;2107530;53;0;0
FR;1;2021-03-12;104122;45025;1;0;0;3578124;2152555;54;0;0
FR;1;2021-03-13;89201;12620;1;0;0;3667325;2165175;55;0;0
FR;1;2021-03-14;44456;2791;1;0;0;3711781;2167966;56;0;0
FR;1;2021-03-15;95515;28372;3;0;0;3807296;2196338;59;0;0
FR;1;2021-03-16;123588;34331;5;0;0;3930884;2230669;64;0;0
FR;1;2021-03-17;129306;33822;4;0;0;4060190;2264491;68;0;0
FR;1;2021-03-18;142896;39383;5;0;0;4203086;2303874;73;0;0
FR;1;2021-03-19;136247;32299;2;0;0;4339333;2336173;75;0;0
FR;1;2021-03-20;76003;9852;1;0;0;4415336;2346025;76;0;0
FR;1;2021-03-21;26512;2131;1;0;0;4441848;2348156;77;0;0
FR;1;2021-03-22;114760;30606;2;0;0;4556608;2378762;79;0;0
FR;1;2021-03-23;143037;38074;1;0;0;4699645;2416836;80;0;0
FR;1;2021-03-24;142001;38479;0;0;0;4841646;2455315;80;0;0
FR;1;2021-03-25;164998;39706;4;0;0;5006644;2495021;84;0;0
FR;1;2021-03-26;166394;37501;5;1;0;5173038;2532522;89;1;0
FR;1;2021-03-27;110881;15409;1;0;0;5283919;2547931;90;1;0
FR;1;2021-03-28;42305;4216;3;0;0;5326224;2552147;93;1;0
FR;1;2021-03-29;129819;49276;4;0;0;5456043;2601423;97;1;0
FR;1;2021-03-30;167718;63741;5;0;0;5623761;2665164;102;1;0
FR;1;2021-03-31;170938;67644;4;0;0;5794699;2732808;106;1;0
FR;1;2021-04-01;194810;82632;10;0;0;5989509;2815440;116;1;0
FR;1;2021-04-02;164452;86072;7;0;0;6153961;2901512;123;1;0
FR;1;2021-04-03;88246;58095;6;0;0;6242207;2959607;129;1;0
FR;1;2021-04-04;33650;17731;0;0;0;6275857;2977338;129;1;0
FR;1;2021-04-05;46404;9798;11;0;0;6322261;2987136;140;1;0
FR;1;2021-04-06;160314;104068;17;0;0;6482575;3091204;157;1;0
FR;1;2021-04-07;196983;108086;16;0;0;6679558;3199290;173;1;0
FR;1;2021-04-08;222125;113546;13;0;0;6901683;3312836;186;1;0
FR;1;2021-04-09;214556;107824;21;0;0;7116239;3420660;207;1;0
FR;1;2021-04-10;117178;73214;14;0;0;7233417;3493874;221;1;0
FR;1;2021-04-11;40890;29985;6;0;0;7274307;3523859;227;1;0
FR;1;2021-04-12;168465;104345;46;0;0;7442772;3628204;273;1;0
FR;1;2021-04-13;203802;127921;97;1;0;7646574;3756125;370;2;0
FR;1;2021-04-14;208617;122747;207;0;0;7855191;3878872;577;2;0
FR;1;2021-04-15;221676;127694;312;0;0;8076867;4006566;889;2;0
FR;1;2021-04-16;206057;125383;308;0;0;8282924;4131949;1197;2;0
FR;1;2021-04-17;122084;67163;103;0;0;8405008;4199112;1300;2;0
FR;1;2021-04-18;35963;20959;41;0;0;8440971;4220071;1341;2;0
FR;1;2021-04-19;163746;121596;432;0;0;8604717;4341667;1773;2;0
FR;1;2021-04-20;189421;149306;531;0;0;8794138;4490973;2304;2;0
FR;1;2021-04-21;193998;147229;759;0;0;8988136;4638202;3063;2;0
FR;1;2021-04-22;209033;163792;777;0;0;9197169;4801994;3840;2;0
FR;1;2021-04-23;198953;157468;671;0;0;9396122;4959462;4511;2;0
FR;1;2021-04-24;126330;95648;148;0;0;9522452;5055110;4659;2;0
FR;1;2021-04-25;53629;30038;46;0;0;9576081;5085148;4705;2;0
FR;1;2021-04-26;181140;139294;542;0;0;9757221;5224442;5247;2;0
FR;1;2021-04-27;221361;162223;900;0;0;9978582;5386665;6147;2;0
FR;1;2021-04-28;238293;155596;1314;1;1;10216875;5542261;7461;3;1
FR;1;2021-04-29;270282;160980;1208;0;0;10487157;5703241;8669;3;1
FR;1;2021-04-30;271987;148511;1071;0;0;10759144;5851752;9740;3;1
FR;1;2021-05-01;141146;40609;173;0;0;10900290;5892361;9913;3;1
FR;1;2021-05-02;81546;28142;81;0;0;10981836;5920503;9994;3;1
FR;1;2021-05-03;250776;144005;803;0;0;11232612;6064508;10797;3;1
FR;1;2021-05-04;265871;187398;1200;0;0;11498483;6251906;11997;3;1
FR;1;2021-05-05;283870;185490;1267;0;0;11782353;6437396;13264;3;1
FR;1;2021-05-06;309958;183861;1501;0;0;12092311;6621257;14765;3;1
FR;1;2021-05-07;284089;196055;1125;0;0;12376400;6817312;15890;3;1
FR;1;2021-05-08;191658;50141;285;0;0;12568058;6867453;16175;3;1
FR;1;2021-05-09;114054;35101;236;0;0;12682112;6902554;16411;3;1
FR;1;2021-05-10;258205;194456;1186;0;0;12940317;7097010;17597;3;1
FR;1;2021-05-11;318879;210970;1465;0;0;13259196;7307980;19062;3;1
FR;1;2021-05-12;356623;185846;1399;0;0;13615819;7493826;20461;3;1
FR;1;2021-05-13;283442;47497;401;0;0;13899261;7541323;20862;3;1
FR;1;2021-05-14;370491;128516;994;0;0;14269752;7669839;21856;3;1
FR;1;2021-05-15;298086;66128;403;0;0;14567838;7735967;22259;3;1
FR;1;2021-05-16;157773;15486;158;0;0;14725611;7751453;22417;3;1
FR;1;2021-05-17;318926;116197;1439;0;0;15044537;7867650;23856;3;1
FR;1;2021-05-18;383322;111400;1798;0;0;15427859;7979050;25654;3;1
FR;1;2021-05-19;395256;102099;2181;0;0;15823115;8081149;27835;3;1
FR;1;2021-05-20;421799;95904;2047;0;0;16244914;8177053;29882;3;1
FR;1;2021-05-21;399803;97253;1764;0;0;16644717;8274306;31646;3;1
FR;1;2021-05-22;275686;41919;602;0;0;16920403;8316225;32248;3;1
FR;1;2021-05-23;123012;11039;224;0;0;17043415;8327264;32472;3;1
FR;1;2021-05-24;244008;26254;569;0;0;17287423;8353518;33041;3;1
FR;1;2021-05-25;366220;131563;2110;1;0;17653643;8485081;35151;4;1
FR;1;2021-05-26;380811;126545;1993;0;0;18034454;8611626;37144;4;1
FR;1;2021-05-27;406140;128100;1976;0;0;18440594;8739726;39120;4;1
FR;1;2021-05-28;366024;145411;1700;0;0;18806618;8885137;40820;4;1
FR;1;2021-05-29;253823;80937;527;0;0;19060441;8966074;41347;4;1
FR;1;2021-05-30;100974;22571;157;0;0;19161415;8988645;41504;4;1
FR;1;2021-05-31;314309;148925;1282;1;1;19475724;9137570;42786;5;2
FR;1;2021-06-01;361616;166516;1727;1;1;19837340;9304086;44513;6;3
FR;1;2021-06-02;365378;153733;1796;0;0;20202718;9457819;46309;6;3
FR;1;2021-06-03;391407;147512;1651;0;0;20594125;9605331;47960;6;3
FR;1;2021-06-04;364109;175627;1495;1;1;20958234;9780958;49455;7;4
FR;1;2021-06-05;258507;112687;596;0;0;21216741;9893645;50051;7;4
FR;1;2021-06-06;126801;37539;215;0;0;21343542;9931184;50266;7;4
FR;1;2021-06-07;301114;207811;1365;0;0;21644656;10138995;51631;7;4
FR;1;2021-06-08;330829;220800;1642;0;0;21975485;10359795;53273;7;4
FR;1;2021-06-09;336573;211727;1609;0;0;22312058;10571522;54882;7;4
FR;1;2021-06-10;343880;201291;1612;0;0;22655938;10772813;56494;7;4
FR;1;2021-06-11;311888;234911;1299;0;0;22967826;11007724;57793;7;4
FR;1;2021-06-12;244077;150618;435;0;0;23211903;11158342;58228;7;4
FR;1;2021-06-13;100365;60994;188;0;0;23312268;11219336;58416;7;4
FR;1;2021-06-14;207832;288104;1317;1;0;23520100;11507440;59733;8;4
FR;1;2021-06-15;256844;281689;1395;1;0;23776944;11789129;61128;9;4
FR;1;2021-06-16;273641;270564;1263;1;0;24050585;12059693;62391;10;4
FR;1;2021-06-17;268209;244832;1235;1;0;24318794;12304525;63626;11;4
FR;1;2021-06-18;260595;295460;1152;1;0;24579389;12599985;64778;12;4
FR;1;2021-06-19;193447;209499;388;0;0;24772836;12809484;65166;12;4
FR;1;2021-06-20;69703;89108;120;0;0;24842539;12898592;65286;12;4
FR;1;2021-06-21;172362;319753;933;1;1;25014901;13218345;66219;13;5
FR;1;2021-06-22;185859;347858;1100;10;1;25200760;13566203;67319;23;6
FR;1;2021-06-23;204191;339536;1049;0;0;25404951;13905739;68368;23;6
FR;1;2021-06-24;203520;282043;1173;0;0;25608471;14187782;69541;23;6
FR;1;2021-06-25;182653;371773;1197;0;0;25791124;14559555;70738;23;6
FR;1;2021-06-26;131383;278390;504;0;0;25922507;14837945;71242;23;6
FR;1;2021-06-27;52403;122896;145;0;0;25974910;14960841;71387;23;6
FR;1;2021-06-28;136651;368211;1064;0;0;26111561;15329052;72451;23;6
FR;1;2021-06-29;154880;390913;1848;0;0;26266441;15719965;74299;23;6
FR;1;2021-06-30;180046;381954;1666;4;2;26446487;16101919;75965;27;8
FR;1;2021-07-01;201467;332313;1887;5;1;26647954;16434232;77852;32;9
FR;1;2021-07-02;193884;367487;1765;5;2;26841838;16801719;79617;37;11
FR;1;2021-07-03;124473;280434;704;3;1;26966311;17082153;80321;40;12
FR;1;2021-07-04;53954;113691;244;0;0;27020265;17195844;80565;40;12
FR;1;2021-07-05;153952;355932;1500;8;2;27174217;17551776;82065;48;14
FR;1;2021-07-06;173495;382392;1602;45;8;27347712;17934168;83667;93;22
FR;1;2021-07-07;190814;362493;1657;25;4;27538526;18296661;85324;118;26
FR;1;2021-07-08;201561;323084;1826;20;6;27740087;18619745;87150;138;32
FR;1;2021-07-09;189967;387802;1853;3;2;27930054;19007547;89003;141;34
FR;1;2021-07-10;129944;281160;815;1;1;28059998;19288707;89818;142;35
FR;1;2021-07-11;57674;102531;262;0;0;28117672;19391238;90080;142;35
FR;1;2021-07-12;149878;416948;1583;4;0;28267550;19808186;91663;146;35
FR;1;2021-07-13;234261;439272;1805;8;1;28501811;20247458;93468;154;36
FR;1;2021-07-14;171904;151434;418;0;0;28673715;20398892;93886;154;36
FR;1;2021-07-15;279679;424525;1858;1;0;28953394;20823417;95744;155;36
FR;1;2021-07-16;290424;400902;1711;3;1;29243818;21224319;97455;158;37
FR;1;2021-07-17;217336;282049;754;1;0;29461154;21506368;98209;159;37
FR;1;2021-07-18;101998;107232;288;0;0;29563152;21613600;98497;159;37
FR;1;2021-07-19;238198;378774;1497;3;0;29801350;21992374;99994;162;37
FR;1;2021-07-20;305745;380287;1469;0;0;30107095;22372661;101463;162;37
FR;1;2021-07-21;333261;353055;1412;4;2;30440356;22725716;102875;166;39
FR;1;2021-07-22;364661;318915;1502;3;2;30805017;23044631;104377;169;41
FR;1;2021-07-23;349397;343224;1588;4;1;31154414;23387855;105965;173;42
FR;1;2021-07-24;238955;240833;697;1;0;31393369;23628688;106662;174;42
FR;1;2021-07-25;112799;76028;223;0;0;31506168;23704716;106885;174;42
FR;1;2021-07-26;299136;289650;1495;2;2;31805304;23994366;108380;176;44
FR;1;2021-07-27;385827;268222;1458;4;2;32191131;24262588;109838;180;46
FR;1;2021-07-28;390198;251144;1461;4;2;32581329;24513732;111299;184;48
FR;1;2021-07-29;406127;227921;1540;2;0;32987456;24741653;112839;186;48
FR;1;2021-07-30;370732;246734;1638;4;1;33358188;24988387;114477;190;49
FR;1;2021-07-31;243378;165114;793;1;0;33601566;25153501;115270;191;49
FR;1;2021-08-01;105578;47213;233;0;0;33707144;25200714;115503;191;49
FR;1;2021-08-02;297378;213013;1479;2;0;34004522;25413727;116982;193;49
FR;1;2021-08-03;331325;208891;1557;2;1;34335847;25622618;118539;195;50
FR;1;2021-08-04;328025;184090;1439;5;3;34663872;25806708;119978;200;53
FR;1;2021-08-05;301274;193310;1482;0;0;34965146;26000018;121460;200;53
FR;1;2021-08-06;290976;224301;1560;3;1;35256122;26224319;123020;203;54
FR;1;2021-08-07;182654;158807;654;4;3;35438776;26383126;123674;207;57
FR;1;2021-08-08;68886;59115;252;0;0;35507662;26442241;123926;207;57
FR;1;2021-08-09;222777;235511;1444;4;3;35730439;26677752;125370;211;60
FR;1;2021-08-10;252726;240183;1491;2;1;35983165;26917935;126861;213;61
FR;1;2021-08-11;236227;231993;1271;5;1;36219392;27149928;128132;218;62
FR;1;2021-08-12;220775;239976;1487;3;0;36440167;27389904;129619;221;62
FR;1;2021-08-13;201714;238597;1358;2;2;36641881;27628501;130977;223;64
FR;1;2021-08-14;122855;174070;646;0;0;36764736;27802571;131623;223;64
FR;1;2021-08-15;34698;46132;200;1;0;36799434;27848703;131823;224;64
FR;1;2021-08-16;156951;289588;1423;0;0;36956385;28138291;133246;224;64
FR;1;2021-08-17;171602;291222;1422;5;0;37127987;28429513;134668;229;64
FR;1;2021-08-18;161423;286836;1392;6;3;37289410;28716349;136060;235;67
FR;1;2021-08-19;148943;277565;1403;1;0;37438353;28993914;137463;236;67
FR;1;2021-08-20;140501;309081;1532;2;2;37578854;29302995;138995;238;69
FR;1;2021-08-21;84269;213209;586;0;0;37663123;29516204;139581;238;69
FR;1;2021-08-22;28575;82698;232;0;0;37691698;29598902;139813;238;69
FR;1;2021-08-23;118662;321054;1422;2;1;37810360;29919956;141235;240;70
FR;1;2021-08-24;126649;319792;1602;5;1;37937009;30239748;142837;245;71
FR;1;2021-08-25;121517;306518;1779;8;2;38058526;30546266;144616;253;73
FR;1;2021-08-26;106626;286128;2161;10;0;38165152;30832394;146777;263;73
FR;1;2021-08-27;107651;321676;2301;9;3;38272803;31154070;149078;272;76
FR;1;2021-08-28;71016;220697;1100;0;0;38343819;31374767;150178;272;76
FR;1;2021-08-29;24149;78187;469;1;0;38367968;31452954;150647;273;76
FR;1;2021-08-30;96880;286446;4312;6;5070;38464848;31739400;154959;279;5146
FR;1;2021-08-31;98100;276316;9293;15;10116;38562948;32015716;164252;294;15262
FR;1;2021-09-01;112315;245344;21113;7;22131;38675263;32261060;185365;301;37393
FR;1;2021-09-02;86773;197961;24528;18;25482;38762036;32459021;209893;319;62875
FR;1;2021-09-03;82414;227559;26953;21;28022;38844450;32686580;236846;340;90897
FR;1;2021-09-04;71626;189737;11140;11;11685;38916076;32876317;247986;351;102582
FR;1;2021-09-05;18610;41158;4124;2;4280;38934686;32917475;252110;353;106862
FR;1;2021-09-06;59622;151505;30179;15;31196;38994308;33068980;282289;368;138058
FR;1;2021-09-07;57375;139689;30209;30;31211;39051683;33208669;312498;398;169269
FR;1;2021-09-08;72319;173809;26922;22;27912;39124002;33382478;339420;420;197181
FR;1;2021-09-09;54461;124496;28619;24;29695;39178463;33506974;368039;444;226876
FR;1;2021-09-10;66167;152113;30446;24;31646;39244630;33659087;398485;468;258522
FR;1;2021-09-11;52682;146632;9730;14;10337;39297312;33805719;408215;482;268859
FR;1;2021-09-12;10793;29275;2484;1;2646;39308105;33834994;410699;483;271505
FR;1;2021-09-13;51475;104489;38744;31;40014;39359580;33939483;449443;514;311519
FR;1;2021-09-14;53302;96032;51268;66;53096;39412882;34035515;500711;580;364615
FR;1;2021-09-15;60512;139287;50484;55;47036;39473394;34174802;551195;635;411651
FR;1;2021-09-16;46597;81420;53334;70;49541;39519991;34256222;604529;705;461192
FR;1;2021-09-17;53191;109364;45066;61;42673;39573182;34365586;649595;766;503865
FR;1;2021-09-18;37860;118497;11796;19;11270;39611042;34484083;661391;785;515135
FR;1;2021-09-19;6506;21042;2038;1;1980;39617548;34505125;663429;786;517115
FR;1;2021-09-20;36489;74885;46223;65;44167;39654037;34580010;709652;851;561282
FR;1;2021-09-21;34170;68151;56257;70;52691;39688207;34648161;765909;921;613973
FR;1;2021-09-22;38811;118609;49869;76;46880;39727018;34766770;815778;997;660853
FR;1;2021-09-23;32002;62910;54495;85;50887;39759020;34829680;870273;1082;711740
FR;1;2021-09-24;36766;90078;43659;89;41918;39795786;34919758;913932;1171;753658
FR;1;2021-09-25;27644;96700;12303;27;12177;39823430;35016458;926235;1198;765835
FR;1;2021-09-26;4377;15194;1773;5;1696;39827807;35031652;928008;1203;767531
FR;1;2021-09-27;27336;60237;42905;89;41618;39855143;35091889;970913;1292;809149
FR;1;2021-09-28;26882;49468;47190;75;44445;39882025;35141357;1018103;1367;853594
FR;1;2021-09-29;35890;80364;47267;87;45573;39917915;35221721;1065370;1454;899167
FR;1;2021-09-30;26049;46888;47521;80;45435;39943964;35268609;1112891;1534;944602
FR;1;2021-10-01;47286;66973;44882;83;44582;39991250;35335582;1157773;1617;989184
FR;1;2021-10-02;32370;62419;16112;32;16316;40023620;35398001;1173885;1649;1005500
FR;1;2021-10-03;4338;8563;2038;3;2032;40027958;35406564;1175923;1652;1007532
FR;1;2021-10-04;28924;44448;47098;79;46950;40056882;35451012;1223021;1731;1054482
FR;1;2021-10-05;24518;41665;49877;116;49298;40081400;35492677;1272898;1847;1103780
FR;1;2021-10-06;34623;61401;57491;102;57211;40116023;35554078;1330389;1949;1160991
FR;1;2021-10-07;21038;39896;53035;75;51951;40137061;35593974;1383424;2024;1212942
FR;1;2021-10-08;35638;59652;60388;83;61121;40172699;35653626;1443812;2107;1274063
FR;1;2021-10-09;27445;48014;25493;29;26010;40200144;35701640;1469305;2136;1300073
FR;1;2021-10-10;3712;5811;2753;7;2860;40203856;35707451;1472058;2143;1302933
FR;1;2021-10-11;24822;38245;54581;88;55246;40228678;35745696;1526639;2231;1358179
FR;1;2021-10-12;23335;36585;58062;127;59174;40252013;35782281;1584701;2358;1417353
FR;1;2021-10-13;32913;47841;64165;124;65669;40284926;35830122;1648866;2482;1483022
FR;1;2021-10-14;21669;34798;53756;103;54341;40306595;35864920;1702622;2585;1537363
FR;1;2021-10-15;32696;48811;72322;165;74983;40339291;35913731;1774944;2750;1612346
FR;1;2021-10-16;25984;35302;34865;44;36407;40365275;35949033;1809809;2794;1648753
FR;1;2021-10-17;3108;4053;3410;2;3313;40368383;35953086;1813219;2796;1652066
FR;1;2021-10-18;24122;34894;66827;131;69697;40392505;35987980;1880046;2927;1721763
FR;1;2021-10-19;20685;35601;75650;135;79544;40413190;36023581;1955696;3062;1801307
FR;1;2021-10-20;29874;44242;96170;178;99822;40443064;36067823;2051866;3240;1901129
FR;1;2021-10-21;19769;35085;83169;107;87015;40462833;36102908;2135035;3347;1988144
FR;1;2021-10-22;29721;47782;103730;196;109666;40492554;36150690;2238765;3543;2097810
FR;1;2021-10-23;23027;35148;44866;57;47375;40515581;36185838;2283631;3600;2145185
FR;1;2021-10-24;2380;3849;3582;6;3724;40517961;36189687;2287213;3606;2148909
FR;1;2021-10-25;22413;30775;82014;143;85796;40540374;36220462;2369227;3749;2234705
FR;1;2021-10-26;19328;27675;86093;162;90308;40559702;36248137;2455320;3911;2325013
FR;1;2021-10-27;26189;39654;107797;252;112681;40585891;36287791;2563117;4163;2437694
FR;1;2021-10-28;18780;27141;86937;150;91672;40604671;36314932;2650054;4313;2529366
FR;1;2021-10-29;25924;40279;114818;201;121609;40630595;36355211;2764872;4514;2650975
FR;1;2021-10-30;17694;28728;49360;74;51944;40648289;36383939;2814232;4588;2702919
FR;1;2021-10-31;2059;3177;3447;2;3684;40650348;36387116;2817679;4590;2706603
FR;1;2021-11-01;7924;4271;3027;3;3285;40658272;36391387;2820706;4593;2709888
FR;1;2021-11-02;22825;33243;92388;156;97794;40681097;36424630;2913094;4749;2807682
FR;1;2021-11-03;26590;41609;117485;215;123852;40707687;36466239;3030579;4964;2931534
FR;1;2021-11-04;19593;30343;105796;213;111917;40727280;36496582;3136375;5177;3043451
FR;1;2021-11-05;27005;42351;138765;229;147410;40754285;36538933;3275140;5406;3190861
FR;1;2021-11-06;18841;29829;63477;123;66476;40773126;36568762;3338617;5529;3257337
FR;1;2021-11-07;1808;3292;4972;6;5301;40774934;36572054;3343589;5535;3262638
FR;1;2021-11-08;17842;32290;125987;224;132608;40792776;36604344;3469576;5759;3395246
FR;1;2021-11-09;19484;37667;159281;334;169049;40812260;36642011;3628857;6093;3564295
FR;1;2021-11-10;28856;49196;181885;440;192492;40841116;36691207;3810742;6533;3756787
FR;1;2021-11-11;4154;5950;12222;26;13019;40845270;36697157;3822964;6559;3769806
FR;1;2021-11-12;26000;46900;174798;244;186451;40871270;36744057;3997762;6803;3956257
FR;1;2021-11-13;18727;29193;76820;111;81760;40889997;36773250;4074582;6914;4038017
FR;1;2021-11-14;2041;3265;6817;5;7358;40892038;36776515;4081399;6919;4045375
FR;1;2021-11-15;18754;34824;156397;304;166210;40910792;36811339;4237796;7223;4211585
FR;1;2021-11-16;21344;37926;192099;378;204935;40932136;36849265;4429895;7601;4416520
FR;1;2021-11-17;28639;45647;193207;398;205001;40960775;36894912;4623102;7999;4621521
FR;1;2021-11-18;21124;39431;182473;458;194510;40981899;36934343;4805575;8457;4816031
FR;1;2021-11-19;30870;53442;230222;530;246689;41012769;36987785;5035797;8987;5062720
FR;1;2021-11-20;23752;33251;96975;201;103605;41036521;37021036;5132772;9188;5166325
FR;1;2021-11-21;2327;3948;9108;19;9945;41038848;37024984;5141880;9207;5176270
FR;1;2021-11-22;21407;30435;175881;465;189414;41060255;37055419;5317761;9672;5365684
FR;1;2021-11-23;24010;41101;221164;540;237896;41084265;37096520;5538925;10212;5603580
FR;1;2021-11-24;30282;49768;217322;701;234472;41114547;37146288;5756247;10913;5838052
FR;1;2021-11-25;23712;44067;244450;718;264090;41138259;37190355;6000697;11631;6102142
FR;1;2021-11-26;30616;66760;356783;834;388489;41168875;37257115;6357480;12465;6490631
FR;1;2021-11-27;21942;45385;202604;371;222611;41190817;37302500;6560084;12836;6713242
FR;1;2021-11-28;3164;9622;54780;63;61018;41193981;37312122;6614864;12899;6774260
FR;1;2021-11-29;17876;49532;326351;839;354402;41211857;37361654;6941215;13738;7128662
FR;1;2021-11-30;22783;64952;431115;952;470729;41234640;37426606;7372330;14690;7599391
FR;1;2021-12-01;25320;69354;442851;1129;481727;41259960;37495960;7815181;15819;8081118
FR;1;2021-12-02;20062;64584;489348;1228;532835;41280022;37560544;8304529;17047;8613953
FR;1;2021-12-03;22889;82577;542731;1309;591761;41302911;37643121;8847260;18356;9205714
FR;1;2021-12-04;16391;53971;299071;652;328920;41319302;37697092;9146331;19008;9534634
FR;1;2021-12-05;3633;13874;81520;143;91053;41322935;37710966;9227851;19151;9625687
FR;1;2021-12-06;25801;62693;415411;1064;455141;41348736;37773659;9643262;20215;10080828
FR;1;2021-12-07;19990;75675;522932;1535;572519;41368726;37849334;10166194;21750;10653347
FR;1;2021-12-08;21684;75786;458349;1544;502059;41390410;37925120;10624543;23294;11155406
FR;1;2021-12-09;19440;74075;492878;1625;540777;41409850;37999195;11117421;24919;11696183
FR;1;2021-12-10;23299;87757;547360;1585;599965;41433149;38086952;11664781;26504;12296148
FR;1;2021-12-11;16533;59245;302722;748;335468;41449682;38146197;11967503;27252;12631616
FR;1;2021-12-12;4361;15980;83207;179;94059;41454043;38162177;12050710;27431;12725675
FR;1;2021-12-13;15747;63749;366930;1094;406261;41469790;38225926;12417640;28525;13131936
FR;1;2021-12-14;20835;80389;464672;1745;515127;41490625;38306315;12882312;30270;13647063
FR;1;2021-12-15;21589;77558;409043;1309;453125;41512214;38383873;13291355;31579;14100188
FR;1;2021-12-16;20035;77382;451812;1578;500578;41532249;38461255;13743167;33157;14600766
FR;1;2021-12-17;22606;86730;479893;1733;530974;41554855;38547985;14223060;34890;15131740
FR;1;2021-12-18;17598;54705;257600;730;288493;41572453;38602690;14480660;35620;15420233
FR;1;2021-12-19;5550;17052;79165;194;90718;41578003;38619742;14559825;35814;15510951
FR;1;2021-12-20;20928;63193;316207;1080;355282;41598931;38682935;14876032;36894;15866233
FR;1;2021-12-21;26324;73172;372707;1422;418062;41625255;38756107;15248739;38316;16284295
FR;1;2021-12-22;24975;65963;310596;1216;349576;41650230;38822070;15559335;39532;16633871
FR;1;2021-12-23;21265;52349;241468;955;273031;41671495;38874419;15800803;40487;16906902
FR;1;2021-12-24;7121;18363;67149;258;77065;41678616;38892782;15867952;40745;16983967
FR;1;2021-12-25;506;2857;5582;15;6536;41679122;38895639;15873534;40760;16990503
FR;1;2021-12-26;2748;7589;26934;71;31458;41681870;38903228;15900468;40831;17021961
FR;1;2021-12-27;18303;53599;235096;705;265747;41700173;38956827;16135564;41536;17287708
FR;1;2021-12-28;23292;62072;292019;1026;330211;41723465;39018899;16427583;42562;17617919
FR;1;2021-12-29;22209;55569;254974;920;288194;41745674;39074468;16682557;43482;17906113
FR;1;2021-12-30;21236;46584;212147;858;239623;41766910;39121052;16894704;44340;18145736
FR;1;2021-12-31;7463;16604;61859;229;70399;41774373;39137656;16956563;44569;18216135
FR;1;2022-01-01;1076;2488;5656;30;6583;41775449;39140144;16962219;44599;18222718
FR;1;2022-01-02;3060;8056;28887;50;33525;41778509;39148200;16991106;44649;18256243
FR;1;2022-01-03;23624;54285;228219;786;257682;41802133;39202485;17219325;45435;18513925
FR;1;2022-01-04;25935;65075;299231;1239;337275;41828068;39267560;17518556;46674;18851200
FR;1;2022-01-05;30271;64312;274851;1096;310212;41858339;39331872;17793407;47770;19161412
FR;1;2022-01-06;26779;66276;306865;1398;346521;41885118;39398148;18100272;49168;19507933
FR;1;2022-01-07;31547;75048;349822;1537;393967;41916665;39473196;18450094;50705;19901900
FR;1;2022-01-08;23382;51391;222482;698;251105;41940047;39524587;18672576;51403;20153005
FR;1;2022-01-09;7077;17143;66021;163;76142;41947124;39541730;18738597;51566;20229147
FR;1;2022-01-10;21730;60743;236773;954;267614;41968854;39602473;18975370;52520;20496761
FR;1;2022-01-11;26736;63521;282264;1277;317799;41995590;39665994;19257634;53797;20814560
FR;1;2022-01-12;28891;62520;246234;1104;278016;42024481;39728514;19503868;54901;21092576
FR;1;2022-01-13;24723;60204;262781;1253;296119;42049204;39788718;19766649;56154;21388695
FR;1;2022-01-14;27946;66741;313983;1366;351251;42077150;39855459;20080632;57520;21739946
FR;1;2022-01-15;19330;44376;199300;619;223856;42096480;39899835;20279932;58139;21963802
FR;1;2022-01-16;5148;12949;51520;135;59567;42101628;39912784;20331452;58274;22023369
FR;1;2022-01-17;16843;39753;184815;780;206850;42118471;39952537;20516267;59054;22230219
FR;1;2022-01-18;19435;45979;212397;1154;237014;42137906;39998516;20728664;60208;22467233
FR;1;2022-01-19;20291;43999;176089;897;197194;42158197;40042515;20904753;61105;22664427
FR;1;2022-01-20;16775;40589;183656;1136;204731;42174972;40083104;21088409;62241;22869158
FR;1;2022-01-21;19895;47097;228940;1405;253339;42194867;40130201;21317349;63646;23122497
FR;1;2022-01-22;13836;33351;144487;578;161382;42208703;40163552;21461836;64224;23283879
FR;1;2022-01-23;3349;8766;33421;132;38320;42212052;40172318;21495257;64356;23322199
FR;1;2022-01-24;11794;33000;142194;709;158248;42223846;40205318;21637451;65065;23480447
FR;1;2022-01-25;14199;38236;163372;1048;181535;42238045;40243554;21800823;66113;23661982
FR;1;2022-01-26;14857;37664;150237;932;166328;42252902;40281218;21951060;67045;23828310
FR;1;2022-01-27;12332;33236;143443;886;157970;42265234;40314454;22094503;67931;23986280
FR;1;2022-01-28;16311;56198;198305;1145;222431;42281545;40370652;22292808;69076;24208711
FR;1;2022-01-29;10265;35436;135198;524;151539;42291810;40406088;22428006;69600;24360250
FR;1;2022-01-30;2479;9268;29680;86;34469;42294289;40415356;22457686;69686;24394719
FR;1;2022-01-31;8755;32513;104336;532;117395;42303044;40447869;22562022;70218;24512114
FR;1;2022-02-01;10812;36514;127064;863;141268;42313856;40484383;22689086;71081;24653382
FR;1;2022-02-02;11849;41601;130341;782;145859;42325705;40525984;22819427;71863;24799241
FR;1;2022-02-03;9212;34006;117000;784;130358;42334917;40559990;22936427;72647;24929599
FR;1;2022-02-04;11512;48196;172574;967;192785;42346429;40608186;23109001;73614;25122384
FR;1;2022-02-05;7990;33950;117576;391;133056;42354419;40642136;23226577;74005;25255440
FR;1;2022-02-06;1702;8013;22750;85;26914;42356121;40650149;23249327;74090;25282354
FR;1;2022-02-07;7288;35443;119077;457;134974;42363409;40685592;23368404;74547;25417328
FR;1;2022-02-08;7725;31921;125636;693;140624;42371134;40717513;23494040;75240;25557952
FR;1;2022-02-09;8603;36499;135242;696;152486;42379737;40754012;23629282;75936;25710438
FR;1;2022-02-10;6982;29922;116359;674;130142;42386719;40783934;23745641;76610;25840580
FR;1;2022-02-11;8652;41513;165127;877;185350;42395371;40825447;23910768;77487;26025930
FR;1;2022-02-12;5316;27585;106696;378;120878;42400687;40853032;24017464;77865;26146808
FR;1;2022-02-13;1227;5713;21714;65;25329;42401914;40858745;24039178;77930;26172137
FR;1;2022-02-14;5446;27200;118069;392;133096;42407360;40885945;24157247;78322;26305233
FR;1;2022-02-15;5769;28823;118906;610;132535;42413129;40914768;24276153;78932;26437768
FR;1;2022-02-16;5735;28455;110412;596;123045;42418864;40943223;24386565;79528;26560813
FR;1;2022-02-17;4605;19693;73131;488;80231;42423469;40962916;24459696;80016;26641044
FR;1;2022-02-18;5601;26752;99186;670;108143;42429070;40989668;24558882;80686;26749187
FR;1;2022-02-19;3548;17169;59473;304;66054;42432618;41006837;24618355;80990;26815241
FR;1;2022-02-20;787;3252;10701;36;12328;42433405;41010089;24629056;81026;26827569
FR;1;2022-02-21;3420;14585;52814;286;57663;42436825;41024674;24681870;81312;26885232
FR;1;2022-02-22;3784;15519;51899;500;55634;42440609;41040193;24733769;81812;26940866
FR;1;2022-02-23;4219;17800;57467;508;62568;42444828;41057993;24791236;82320;27003434
FR;1;2022-02-24;3338;13042;43609;435;46399;42448166;41071035;24834845;82755;27049833
FR;1;2022-02-25;4469;19796;64903;695;68775;42452635;41090831;24899748;83450;27118608
FR;1;2022-02-26;2692;12796;41362;310;45115;42455327;41103627;24941110;83760;27163723
FR;1;2022-02-27;644;2183;7125;42;7990;42455971;41105810;24948235;83802;27171713
FR;1;2022-02-28;2612;10456;34945;305;37371;42458583;41116266;24983180;84107;27209084
FR;1;2022-03-01;3419;10712;38691;390;39643;42462002;41126978;25021871;84497;27248727
FR;1;2022-03-02;3629;12149;41844;397;43912;42465631;41139127;25063715;84894;27292639
FR;1;2022-03-03;2435;7935;26170;326;26504;42468066;41147062;25089885;85220;27319143
FR;1;2022-03-04;2681;10408;35420;590;34913;42470747;41157470;25125305;85810;27354056
FR;1;2022-03-05;1817;6345;21961;278;22357;42472564;41163815;25147266;86088;27376413
FR;1;2022-03-06;354;951;2915;38;3118;42472918;41164766;25150181;86126;27379531
FR;1;2022-03-07;1702;4696;16429;246;15893;42474620;41169462;25166610;86372;27395424
FR;1;2022-03-08;1653;5243;17161;307;15988;42476273;41174705;25183771;86679;27411412
FR;1;2022-03-09;1952;6668;19805;368;19163;42478225;41181373;25203576;87047;27430575
FR;1;2022-03-10;1367;4765;15269;306;14308;42479592;41186138;25218845;87353;27444883
FR;1;2022-03-11;1748;6382;21699;481;19850;42481340;41192520;25240544;87834;27464733
FR;1;2022-03-12;1228;4647;15359;280;14908;42482568;41197167;25255903;88114;27479641
FR;1;2022-03-13;242;608;2117;118;2064;42482810;41197775;25258020;88232;27481705
FR;1;2022-03-14;1137;3666;13397;3878;12519;42483947;41201441;25271417;92110;27494224
FR;1;2022-03-15;1377;5697;14643;6862;13239;42485324;41207138;25286060;98972;27507463
FR;1;2022-03-16;1669;4998;17385;11517;16446;42486993;41212136;25303445;110489;27523909
FR;1;2022-03-17;1162;3424;11713;9643;10814;42488155;41215560;25315158;120132;27534723
FR;1;2022-03-18;1721;4913;17954;16490;16391;42489876;41220473;25333112;136622;27551114
FR;1;2022-03-19;1121;3296;11887;8455;11355;42490997;41223769;25344999;145077;27562469
FR;1;2022-03-20;222;556;1723;1014;1757;42491219;41224325;25346722;146091;27564226
FR;1;2022-03-21;1082;2752;11488;13448;10836;42492301;41227077;25358210;159539;27575062
FR;1;2022-03-22;1222;3205;12249;18691;11239;42493523;41230282;25370459;178230;27586301
FR;1;2022-03-23;1490;4303;16013;20109;15695;42495013;41234585;25386472;198339;27601996
FR;1;2022-03-24;1107;2736;10388;16046;9649;42496120;41237321;25396860;214385;27611645
FR;1;2022-03-25;1528;4334;16723;25294;15373;42497648;41241655;25413583;239679;27627018
FR;1;2022-03-26;1103;3009;10851;11449;10512;42498751;41244664;25424434;251128;27637530
FR;1;2022-03-27;232;542;1748;1380;1800;42498983;41245206;25426182;252508;27639330
FR;1;2022-03-28;1077;2475;9967;15882;9591;42500060;41247681;25436149;268390;27648921
FR;1;2022-03-29;1138;2734;11547;25082;10910;42501198;41250415;25447696;293472;27659831
FR;1;2022-03-30;1619;3541;14158;24168;13692;42502817;41253956;25461854;317640;27673523
FR;1;2022-03-31;1276;2991;11683;22631;11192;42504093;41256947;25473537;340271;27684715
FR;1;2022-04-01;2212;4008;18452;28502;17321;42506305;41260955;25491989;368773;27702036
FR;1;2022-04-02;907;1869;8189;9215;7935;42507212;41262824;25500178;377988;27709971
FR;1;2022-04-03;200;371;1432;1054;1433;42507412;41263195;25501610;379042;27711404
FR;1;2022-04-04;1518;2429;11357;17656;10741;42508930;41265624;25512967;396698;27722145
FR;1;2022-04-05;1406;2650;12991;31169;12015;42510336;41268274;25525958;427867;27734160
FR;1;2022-04-06;1419;2910;12187;23911;11618;42511755;41271184;25538145;451778;27745778
FR;1;2022-04-07;1231;2675;12331;31044;11796;42512986;41273859;25550476;482822;27757574
FR;1;2022-04-08;1597;3592;17544;40568;16453;42514583;41277451;25568020;523390;27774027
FR;1;2022-04-09;815;1983;8401;12492;8099;42515398;41279434;25576421;535882;27782126
FR;1;2022-04-10;193;491;1833;1849;1876;42515591;41279925;25578254;537731;27784002
FR;1;2022-04-11;1020;2222;10956;22305;10665;42516611;41282147;25589210;560036;27794667
FR;1;2022-04-12;1284;2610;12807;38092;12293;42517895;41284757;25602017;598128;27806960
FR;1;2022-04-13;1238;2815;12262;30585;11992;42519133;41287572;25614279;628713;27818952
FR;1;2022-04-14;1210;2495;12080;33554;12083;42520343;41290067;25626359;662267;27831035
FR;1;2022-04-15;1475;2921;14386;33188;13761;42521818;41292988;25640745;695455;27844796
FR;1;2022-04-16;657;1390;5839;7983;5763;42522475;41294378;25646584;703438;27850559
FR;1;2022-04-17;153;274;929;1119;971;42522628;41294652;25647513;704557;27851530
FR;1;2022-04-18;148;460;2633;998;2656;42522776;41295112;25650146;705555;27854186
FR;1;2022-04-19;1228;2579;11772;27887;11504;42524004;41297691;25661918;733442;27865690
FR;1;2022-04-20;1323;2619;12161;26813;12001;42525327;41300310;25674079;760255;27877691
FR;1;2022-04-21;1223;2442;11524;33123;11690;42526550;41302752;25685603;793378;27889381
FR;1;2022-04-22;1502;3060;15191;35463;14773;42528052;41305812;25700794;828841;27904154
FR;1;2022-04-23;759;1566;6729;9889;6635;42528811;41307378;25707523;838730;27910789
FR;1;2022-04-24;195;361;1373;1520;1326;42529006;41307739;25708896;840250;27912115
FR;1;2022-04-25;1023;2117;9849;19685;9748;42530029;41309856;25718745;859935;27921863
FR;1;2022-04-26;1333;2610;12587;36534;12194;42531362;41312466;25731332;896469;27934057
FR;1;2022-04-27;1315;2394;10640;29151;10777;42532677;41314860;25741972;925620;27944834
FR;1;2022-04-28;1263;2368;11551;34159;11389;42533940;41317228;25753523;959779;27956223
FR;1;2022-04-29;1595;3500;14389;35488;13827;42535535;41320728;25767912;995267;27970050
FR;1;2022-04-30;822;1462;6443;9162;6285;42536357;41322190;25774355;1004429;27976335
FR;1;2022-05-01;175;281;824;947;818;42536532;41322471;25775179;1005376;27977153
FR;1;2022-05-02;1183;2458;10357;16859;10252;42537715;41324929;25785536;1022235;27987405
FR;1;2022-05-03;1469;2804;12690;32818;12583;42539184;41327733;25798226;1055053;27999988
FR;1;2022-05-04;1323;2687;11212;23777;11364;42540507;41330420;25809438;1078830;28011352
FR;1;2022-05-05;1436;2523;12158;31716;12083;42541943;41332943;25821596;1110546;28023435
FR;1;2022-05-06;1769;3207;14206;34845;13773;42543712;41336150;25835802;1145391;28037208
FR;1;2022-05-07;843;1456;5972;9084;6003;42544555;41337606;25841774;1154475;28043211
FR;1;2022-05-08;188;325;1059;1469;1121;42544743;41337931;25842833;1155944;28044332
FR;1;2022-05-09;1059;1982;9233;19243;9145;42545802;41339913;25852066;1175187;28053477
FR;1;2022-05-10;1433;2727;12586;36963;12180;42547235;41342640;25864652;1212150;28065657
FR;1;2022-05-11;1415;2405;9890;25956;9817;42548650;41345045;25874542;1238106;28075474
FR;1;2022-05-12;1287;2362;10483;33487;10170;42549937;41347407;25885025;1271593;28085644
FR;1;2022-05-13;1593;2766;12745;35681;12389;42551530;41350173;25897770;1307274;28098033
FR;1;2022-05-14;775;1298;5477;10207;5359;42552305;41351471;25903247;1317481;28103392
FR;1;2022-05-15;220;393;1180;1345;1244;42552525;41351864;25904427;1318826;28104636
FR;1;2022-05-16;951;1737;8057;20060;8109;42553476;41353601;25912484;1338886;28112745
FR;1;2022-05-17;1273;2252;11111;36116;10716;42554749;41355853;25923595;1375002;28123461
FR;1;2022-05-18;1282;2094;9024;25668;8973;42556031;41357947;25932619;1400670;28132434
FR;1;2022-05-19;1176;2367;9825;33889;9921;42557207;41360314;25942444;1434559;28142355
FR;1;2022-05-20;1552;2730;12503;37622;12087;42558759;41363044;25954947;1472181;28154442
FR;1;2022-05-21;773;1359;5242;9372;5161;42559532;41364403;25960189;1481553;28159603
FR;1;2022-05-22;190;284;947;1392;947;42559722;41364687;25961136;1482945;28160550
FR;1;2022-05-23;950;1809;8363;19395;8321;42560672;41366496;25969499;1502340;28168871
FR;1;2022-05-24;1274;2426;10708;37175;10551;42561946;41368922;25980207;1539515;28179422
FR;1;2022-05-25;1261;2263;8785;23652;8943;42563207;41371185;25988992;1563167;28188365
FR;1;2022-05-26;161;350;1574;1146;1567;42563368;41371535;25990566;1564313;28189932
FR;1;2022-05-27;1100;2158;8774;20427;8524;42564468;41373693;25999340;1584740;28198456
FR;1;2022-05-28;481;1033;3684;6529;3722;42564949;41374726;26003024;1591269;28202178
FR;1;2022-05-29;119;256;706;890;716;42565068;41374982;26003730;1592159;28202894
FR;1;2022-05-30;810;1709;6554;18528;6582;42565878;41376691;26010284;1610687;28209476
FR;1;2022-05-31;1260;2186;9239;34335;9108;42567138;41378877;26019523;1645022;28218584
FR;1;2022-06-01;1279;2567;10432;23372;10295;42568417;41381444;26029955;1668394;28228879
FR;1;2022-06-02;1208;2262;10668;34074;10224;42569625;41383706;26040623;1702468;28239103
FR;1;2022-06-03;1431;2700;12690;37077;12112;42571056;41386406;26053313;1739545;28251215
FR;1;2022-06-04;680;1255;4745;8671;4821;42571736;41387661;26058058;1748216;28256036
FR;1;2022-06-05;127;283;808;1046;830;42571863;41387944;26058866;1749262;28256866
FR;1;2022-06-06;200;728;2004;1175;1996;42572063;41388672;26060870;1750437;28258862
FR;1;2022-06-07;1130;2272;9166;34016;8825;42573193;41390944;26070036;1784453;28267687
FR;1;2022-06-08;1087;2194;8661;27528;8542;42574280;41393138;26078697;1811981;28276229
FR;1;2022-06-09;1047;2113;9966;37503;9646;42575327;41395251;26088663;1849484;28285875
FR;1;2022-06-10;1316;2537;12379;43049;11954;42576643;41397788;26101042;1892533;28297829
FR;1;2022-06-11;654;1438;5138;11075;5185;42577297;41399226;26106180;1903608;28303014
FR;1;2022-06-12;150;361;1012;1680;1068;42577447;41399587;26107192;1905288;28304082
FR;1;2022-06-13;887;1765;6997;22193;6855;42578334;41401352;26114189;1927481;28310937
FR;1;2022-06-14;1076;2142;9826;42743;9228;42579410;41403494;26124015;1970224;28320165
FR;1;2022-06-15;1052;1913;8759;29357;8442;42580462;41405407;26132774;1999581;28328607
FR;1;2022-06-16;928;1788;9375;38412;8853;42581390;41407195;26142149;2037993;28337460
FR;1;2022-06-17;1203;2518;11865;44754;11352;42582593;41409713;26154014;2082747;28348812
FR;1;2022-06-18;557;1259;4311;10538;4247;42583150;41410972;26158325;2093285;28353059
FR;1;2022-06-19;137;320;1001;1541;1080;42583287;41411292;26159326;2094826;28354139
FR;1;2022-06-20;852;1673;8482;25027;8146;42584139;41412965;26167808;2119853;28362285
FR;1;2022-06-21;1091;2112;9753;47714;8841;42585230;41415077;26177561;2167567;28371126
FR;1;2022-06-22;1015;2012;8423;37079;7924;42586245;41417089;26185984;2204646;28379050
FR;1;2022-06-23;1043;2124;10114;52757;9384;42587288;41419213;26196098;2257403;28388434
FR;1;2022-06-24;1238;2683;12894;65859;11669;42588526;41421896;26208992;2323262;28400103
FR;1;2022-06-25;679;1498;5918;18912;5700;42589205;41423394;26214910;2342174;28405803
FR;1;2022-06-26;166;401;1816;3491;1707;42589371;41423795;26216726;2345665;28407510
FR;1;2022-06-27;929;1758;9895;45933;9120;42590300;41425553;26226621;2391598;28416630
FR;1;2022-06-28;1196;2553;13819;86444;12378;42591496;41428106;26240440;2478042;28429008
FR;1;2022-06-29;1223;2276;11469;67327;10537;42592719;41430382;26251909;2545369;28439545
FR;1;2022-06-30;1271;2381;13496;89918;11805;42593990;41432763;26265405;2635287;28451350
FR;1;2022-07-01;1593;3397;20105;109143;17759;42595583;41436160;26285510;2744430;28469109
FR;1;2022-07-02;754;1520;8006;33757;7243;42596337;41437680;26293516;2778187;28476352
FR;1;2022-07-03;225;478;1935;6110;1750;42596562;41438158;26295451;2784297;28478102
FR;1;2022-07-04;1217;2437;13866;75371;12262;42597779;41440595;26309317;2859668;28490364
FR;1;2022-07-05;1402;2732;17643;126202;15100;42599181;41443327;26326960;2985870;28505464
FR;1;2022-07-06;1329;2309;14852;93582;12875;42600510;41445636;26341812;3079452;28518339
FR;1;2022-07-07;1416;2490;16889;119306;13950;42601926;41448126;26358701;3198758;28532289
FR;1;2022-07-08;1513;2791;19569;129840;15942;42603439;41450917;26378270;3328598;28548231
FR;1;2022-07-09;657;1264;7294;35994;6339;42604096;41452181;26385564;3364592;28554570
FR;1;2022-07-10;233;475;2239;6681;2033;42604329;41452656;26387803;3371273;28556603
FR;1;2022-07-11;1178;2174;14297;84366;11905;42605507;41454830;26402100;3455639;28568508
FR;1;2022-07-12;1534;2739;19418;137225;15852;42607041;41457569;26421518;3592864;28584360
FR;1;2022-07-13;1381;2329;14746;89694;12589;42608422;41459898;26436264;3682558;28596949
FR;1;2022-07-14;156;299;1858;5275;1766;42608578;41460197;26438122;3687833;28598715
FR;1;2022-07-15;1247;2265;14318;80512;11972;42609825;41462462;26452440;3768345;28610687
FR;1;2022-07-16;503;1028;5624;23911;4874;42610328;41463490;26458064;3792256;28615561
FR;1;2022-07-17;155;359;1654;4455;1498;42610483;41463849;26459718;3796711;28617059
FR;1;2022-07-18;960;1978;11278;59214;9544;42611443;41465827;26470996;3855925;28626603
FR;1;2022-07-19;1216;2098;14654;99308;11687;42612659;41467925;26485650;3955233;28638290
FR;1;2022-07-20;1158;1955;12306;74285;10217;42613817;41469880;26497956;4029518;28648507
FR;1;2022-07-21;1108;1905;12373;84381;9951;42614925;41471785;26510329;4113899;28658458
FR;1;2022-07-22;1224;2171;14047;85746;11378;42616149;41473956;26524376;4199645;28669836
FR;1;2022-07-23;526;1073;5217;21271;4598;42616675;41475029;26529593;4220916;28674434
FR;1;2022-07-24;142;300;1318;3677;1161;42616817;41475329;26530911;4224593;28675595
FR;1;2022-07-25;858;1594;9058;46052;7501;42617675;41476923;26539969;4270645;28683096
FR;1;2022-07-26;1120;1938;12660;81872;10304;42618795;41478861;26552629;4352517;28693400
FR;1;2022-07-27;1010;1697;9715;58333;8094;42619805;41480558;26562344;4410850;28701494
FR;1;2022-07-28;966;1652;9814;61695;7809;42620771;41482210;26572158;4472545;28709303
FR;1;2022-07-29;1103;1761;10387;62810;8320;42621874;41483971;26582545;4535355;28717623
FR;1;2022-07-30;386;699;3334;14441;2839;42622260;41484670;26585879;4549796;28720462
FR;1;2022-07-31;135;254;896;2316;765;42622395;41484924;26586775;4552112;28721227
FR;1;2022-08-01;669;1166;7188;28886;6044;42623064;41486090;26593963;4580998;28727271
FR;1;2022-08-02;868;1436;8174;53832;6556;42623932;41487526;26602137;4634830;28733827
FR;1;2022-08-03;697;1059;6099;36988;4884;42624629;41488585;26608236;4671818;28738711
FR;1;2022-08-04;624;1047;6169;41300;4986;42625253;41489632;26614405;4713118;28743697
FR;1;2022-08-05;723;1172;6628;42942;5292;42625976;41490804;26621033;4756060;28748989
FR;1;2022-08-06;269;456;1914;8957;1589;42626245;41491260;26622947;4765017;28750578
FR;1;2022-08-07;84;139;508;1540;424;42626329;41491399;26623455;4766557;28751002
FR;1;2022-08-08;457;795;3746;21143;3072;42626786;41492194;26627201;4787700;28754074
FR;1;2022-08-09;600;995;5648;38362;4508;42627386;41493189;26632849;4826062;28758582
FR;1;2022-08-10;505;945;4364;26792;3560;42627891;41494134;26637213;4852854;28762142
FR;1;2022-08-11;530;873;4245;28011;3514;42628421;41495007;26641458;4880865;28765656
FR;1;2022-08-12;579;996;4476;27081;3667;42629000;41496003;26645934;4907946;28769323
FR;1;2022-08-13;167;333;1213;5061;1023;42629167;41496336;26647147;4913007;28770346
FR;1;2022-08-14;58;110;264;836;225;42629225;41496446;26647411;4913843;28770571
FR;1;2022-08-15;53;140;519;516;487;42629278;41496586;26647930;4914359;28771058
FR;1;2022-08-16;507;900;3732;21421;3164;42629785;41497486;26651662;4935780;28774222
FR;1;2022-08-17;506;848;3693;22028;3122;42630291;41498334;26655355;4957808;28777344
FR;1;2022-08-18;514;836;3837;25301;3038;42630805;41499170;26659192;4983109;28780382
FR;1;2022-08-19;504;1002;4133;26424;3379;42631309;41500172;26663325;5009533;28783761
FR;1;2022-08-20;221;388;1245;5338;1058;42631530;41500560;26664570;5014871;28784819
FR;1;2022-08-21;78;108;274;959;245;42631608;41500668;26664844;5015830;28785064
FR;1;2022-08-22;457;841;2925;14843;2508;42632065;41501509;26667769;5030673;28787572
FR;1;2022-08-23;618;1029;4084;28197;3414;42632683;41502538;26671853;5058870;28790986
FR;1;2022-08-24;531;802;3299;18918;2653;42633214;41503340;26675152;5077788;28793639
FR;1;2022-08-25;542;872;3729;22754;3114;42633756;41504212;26678881;5100542;28796753
FR;1;2022-08-26;727;1088;4223;24941;3449;42634483;41505300;26683104;5125483;28800202
FR;1;2022-08-27;210;403;1283;5241;1138;42634693;41505703;26684387;5130724;28801340
FR;1;2022-08-28;98;133;285;866;262;42634791;41505836;26684672;5131590;28801602
FR;1;2022-08-29;481;816;2808;14114;2349;42635272;41506652;26687480;5145704;28803951
FR;1;2022-08-30;714;1057;4317;27338;3499;42635986;41507709;26691797;5173042;28807450
FR;1;2022-08-31;554;778;2897;16970;2414;42636540;41508487;26694694;5190012;28809864
FR;1;2022-09-01;604;798;3309;21301;2735;42637144;41509285;26698003;5211313;28812599
FR;1;2022-09-02;732;969;4311;27289;3526;42637876;41510254;26702314;5238602;28816125
FR;1;2022-09-03;286;449;1536;5764;1299;42638162;41510703;26703850;5244366;28817424
FR;1;2022-09-04;90;118;309;814;306;42638252;41510821;26704159;5245180;28817730
FR;1;2022-09-05;508;558;2448;15365;1982;42638760;41511379;26706607;5260545;28819712
FR;1;2022-09-06;637;832;3939;29664;3084;42639397;41512211;26710546;5290209;28822796
FR;2;2020-12-27;0;0;0;0;0;0;0;0;0;0
FR;2;2020-12-28;0;0;0;0;0;0;0;0;0;0
FR;2;2020-12-29;0;0;0;0;0;0;0;0;0;0
FR;2;2020-12-30;0;0;0;0;0;0;0;0;0;0
FR;2;2020-12-31;0;0;0;0;0;0;0;0;0;0
FR;2;2021-01-01;0;0;0;0;0;0;0;0;0;0
FR;2;2021-01-02;0;0;0;0;0;0;0;0;0;0
FR;2;2021-01-03;0;0;0;0;0;0;0;0;0;0
FR;2;2021-01-04;0;0;0;0;0;0;0;0;0;0
FR;2;2021-01-05;0;0;0;0;0;0;0;0;0;0
FR;2;2021-01-06;0;0;0;0;0;0;0;0;0;0
FR;2;2021-01-07;0;0;0;0;0;0;0;0;0;0
FR;2;2021-01-08;0;0;0;0;0;0;0;0;0;0
FR;2;2021-01-09;0;0;0;0;0;0;0;0;0;0
FR;2;2021-01-10;0;0;0;0;0;0;0;0;0;0
FR;2;2021-01-11;0;0;0;0;0;0;0;0;0;0
FR;2;2021-01-12;0;0;0;0;0;0;0;0;0;0
FR;2;2021-01-13;0;0;0;0;0;0;0;0;0;0
FR;2;2021-01-14;1665;0;0;0;0;1665;0;0;0;0
FR;2;2021-01-15;398;0;0;0;0;2063;0;0;0;0
FR;2;2021-01-16;316;0;0;0;0;2379;0;0;0;0
FR;2;2021-01-17;83;0;0;0;0;2462;0;0;0;0
FR;2;2021-01-18;3074;2;0;0;0;5536;2;0;0;0
FR;2;2021-01-19;4680;0;0;0;0;10216;2;0;0;0
FR;2;2021-01-20;5135;6;0;0;0;15351;8;0;0;0
FR;2;2021-01-21;5344;9;0;0;0;20695;17;0;0;0
FR;2;2021-01-22;5119;14;0;0;0;25814;31;0;0;0
FR;2;2021-01-23;1872;1;0;0;0;27686;32;0;0;0
FR;2;2021-01-24;162;2;0;0;0;27848;34;0;0;0
FR;2;2021-01-25;3814;3;0;0;0;31662;37;0;0;0
FR;2;2021-01-26;3923;5;0;0;0;35585;42;0;0;0
FR;2;2021-01-27;3602;4;0;0;0;39187;46;0;0;0
FR;2;2021-01-28;3752;8;0;0;0;42939;54;0;0;0
FR;2;2021-01-29;3295;3;0;0;0;46234;57;0;0;0
FR;2;2021-01-30;1130;3;0;0;0;47364;60;0;0;0
FR;2;2021-01-31;45;2;0;0;0;47409;62;0;0;0
FR;2;2021-02-01;3404;9;0;0;0;50813;71;0;0;0
FR;2;2021-02-02;4492;14;0;0;0;55305;85;0;0;0
FR;2;2021-02-03;5220;7;0;0;0;60525;92;0;0;0
FR;2;2021-02-04;4936;11;0;0;0;65461;103;0;0;0
FR;2;2021-02-05;4812;14;0;0;0;70273;117;0;0;0
FR;2;2021-02-06;2042;14;0;0;0;72315;131;0;0;0
FR;2;2021-02-07;102;4;0;0;0;72417;135;0;0;0
FR;2;2021-02-08;7555;23;0;0;0;79972;158;0;0;0
FR;2;2021-02-09;8425;27;0;0;0;88397;185;0;0;0
FR;2;2021-02-10;9342;58;0;0;0;97739;243;0;0;0
FR;2;2021-02-11;10287;117;0;0;0;108026;360;0;0;0
FR;2;2021-02-12;10055;267;0;0;0;118081;627;0;0;0
FR;2;2021-02-13;3120;225;0;0;0;121201;852;0;0;0
FR;2;2021-02-14;355;9;0;0;0;121556;861;0;0;0
FR;2;2021-02-15;3458;3111;0;0;0;125014;3972;0;0;0
FR;2;2021-02-16;5073;4108;0;0;0;130087;8080;0;0;0
FR;2;2021-02-17;4256;4523;0;0;0;134343;12603;0;0;0
FR;2;2021-02-18;5402;5150;0;0;0;139745;17753;0;0;0
FR;2;2021-02-19;5327;4451;0;0;0;145072;22204;0;0;0
FR;2;2021-02-20;1869;1515;0;0;0;146941;23719;0;0;0
FR;2;2021-02-21;244;95;0;0;0;147185;23814;0;0;0
FR;2;2021-02-22;3613;3765;0;0;0;150798;27579;0;0;0
FR;2;2021-02-23;4954;3720;0;0;0;155752;31299;0;0;0
FR;2;2021-02-24;5015;3524;0;0;0;160767;34823;0;0;0
FR;2;2021-02-25;5491;3469;0;0;0;166258;38292;0;0;0
FR;2;2021-02-26;4363;3167;0;0;0;170621;41459;0;0;0
FR;2;2021-02-27;1624;1058;0;0;0;172245;42517;0;0;0
FR;2;2021-02-28;178;22;0;0;0;172423;42539;0;0;0
FR;2;2021-03-01;5184;3751;0;0;0;177607;46290;0;0;0
FR;2;2021-03-02;6532;4721;0;0;0;184139;51011;0;0;0
FR;2;2021-03-03;6539;4935;0;0;0;190678;55946;0;0;0
FR;2;2021-03-04;8408;4140;0;0;0;199086;60086;0;0;0
FR;2;2021-03-05;8035;4055;0;0;0;207121;64141;0;0;0
FR;2;2021-03-06;4786;1681;0;0;0;211907;65822;0;0;0
FR;2;2021-03-07;2372;30;0;0;0;214279;65852;0;0;0
FR;2;2021-03-08;4166;8377;0;0;0;218445;74229;0;0;0
FR;2;2021-03-09;7491;8559;1;0;0;225936;82788;1;0;0
FR;2;2021-03-10;7102;9186;0;0;0;233038;91974;1;0;0
FR;2;2021-03-11;9377;9308;1;0;0;242415;101282;2;0;0
FR;2;2021-03-12;7978;8318;0;0;0;250393;109600;2;0;0
FR;2;2021-03-13;10053;2576;0;0;0;260446;112176;2;0;0
FR;2;2021-03-14;4840;385;0;0;0;265286;112561;2;0;0
FR;2;2021-03-15;10910;3473;0;0;0;276196;116034;2;0;0
FR;2;2021-03-16;16764;4670;1;0;0;292960;120704;3;0;0
FR;2;2021-03-17;20237;3991;0;0;0;313197;124695;3;0;0
FR;2;2021-03-18;23372;5050;0;0;0;336569;129745;3;0;0
FR;2;2021-03-19;23307;4630;0;0;0;359876;134375;3;0;0
FR;2;2021-03-20;25449;1585;0;0;0;385325;135960;3;0;0
FR;2;2021-03-21;17671;153;0;0;0;402996;136113;3;0;0
FR;2;2021-03-22;17786;3199;0;0;0;420782;139312;3;0;0
FR;2;2021-03-23;22694;4232;0;0;0;443476;143544;3;0;0
FR;2;2021-03-24;23958;5043;0;0;0;467434;148587;3;0;0
FR;2;2021-03-25;26750;5186;1;0;0;494184;153773;4;0;0
FR;2;2021-03-26;26982;4223;0;0;0;521166;157996;4;0;0
FR;2;2021-03-27;15920;1350;0;0;0;537086;159346;4;0;0
FR;2;2021-03-28;10561;138;0;0;0;547647;159484;4;0;0
FR;2;2021-03-29;18994;4318;0;0;0;566641;163802;4;0;0
FR;2;2021-03-30;24586;6075;0;0;0;591227;169877;4;0;0
FR;2;2021-03-31;28561;5915;0;0;0;619788;175792;4;0;0
FR;2;2021-04-01;34549;8545;1;0;0;654337;184337;5;0;0
FR;2;2021-04-02;29981;7695;0;0;0;684318;192032;5;0;0
FR;2;2021-04-03;16955;4052;0;0;0;701273;196084;5;0;0
FR;2;2021-04-04;9306;1158;2;0;0;710579;197242;7;0;0
FR;2;2021-04-05;12445;800;0;0;0;723024;198042;7;0;0
FR;2;2021-04-06;27151;7183;0;0;0;750175;205225;7;0;0
FR;2;2021-04-07;30929;7141;1;0;0;781104;212366;8;0;0
FR;2;2021-04-08;36891;8643;1;0;0;817995;221009;9;0;0
FR;2;2021-04-09;33845;8440;28;0;0;851840;229449;37;0;0
FR;2;2021-04-10;19682;9193;1;0;0;871522;238642;38;0;0
FR;2;2021-04-11;7942;4250;1;0;0;879464;242892;39;0;0
FR;2;2021-04-12;17126;11045;0;0;0;896590;253937;39;0;0
FR;2;2021-04-13;19453;16073;1;0;0;916043;270010;40;0;0
FR;2;2021-04-14;18065;16389;7;0;0;934108;286399;47;0;0
FR;2;2021-04-15;22196;21464;27;0;0;956304;307863;74;0;0
FR;2;2021-04-16;20708;20411;45;0;0;977012;328274;119;0;0
FR;2;2021-04-17;13255;22488;5;0;0;990267;350762;124;0;0
FR;2;2021-04-18;5909;14397;6;0;0;996176;365159;130;0;0
FR;2;2021-04-19;16838;16330;24;0;0;1013014;381489;154;0;0
FR;2;2021-04-20;19325;21660;38;0;0;1032339;403149;192;0;0
FR;2;2021-04-21;20290;21770;76;0;0;1052629;424919;268;0;0
FR;2;2021-04-22;23819;24906;41;0;0;1076448;449825;309;0;0
FR;2;2021-04-23;24526;25393;76;0;0;1100974;475218;385;0;0
FR;2;2021-04-24;25304;15063;104;0;0;1126278;490281;489;0;0
FR;2;2021-04-25;9595;8607;5;0;0;1135873;498888;494;0;0
FR;2;2021-04-26;17162;17439;21;0;0;1153035;516327;515;0;0
FR;2;2021-04-27;19243;24122;40;0;0;1172278;540449;555;0;0
FR;2;2021-04-28;22337;26316;112;0;0;1194615;566765;667;0;0
FR;2;2021-04-29;25471;30297;69;0;0;1220086;597062;736;0;0
FR;2;2021-04-30;25531;27877;49;1;0;1245617;624939;785;1;0
FR;2;2021-05-01;14986;9863;6;0;0;1260603;634802;791;1;0
FR;2;2021-05-02;6639;9173;2;0;0;1267242;643975;793;1;0
FR;2;2021-05-03;20016;19192;40;0;0;1287258;663167;833;1;0
FR;2;2021-05-04;18282;29109;33;0;0;1305540;692276;866;1;0
FR;2;2021-05-05;18374;29427;48;0;0;1323914;721703;914;1;0
FR;2;2021-05-06;23544;35314;131;0;0;1347458;757017;1045;1;0
FR;2;2021-05-07;25330;33219;97;0;0;1372788;790236;1142;1;0
FR;2;2021-05-08;21341;10260;14;0;0;1394129;800496;1156;1;0
FR;2;2021-05-09;13166;7740;7;0;0;1407295;808236;1163;1;0
FR;2;2021-05-10;32939;21918;49;0;0;1440234;830154;1212;1;0
FR;2;2021-05-11;43603;20974;101;0;0;1483837;851128;1313;1;0
FR;2;2021-05-12;50049;19719;143;0;0;1533886;870847;1456;1;0
FR;2;2021-05-13;51293;5676;31;0;0;1585179;876523;1487;1;0
FR;2;2021-05-14;61351;12888;132;0;0;1646530;889411;1619;1;0
FR;2;2021-05-15;65932;7124;39;0;0;1712462;896535;1658;1;0
FR;2;2021-05-16;43586;2572;10;0;0;1756048;899107;1668;1;0
FR;2;2021-05-17;44747;12506;114;0;0;1800795;911613;1782;1;0
FR;2;2021-05-18;54641;12259;191;0;0;1855436;923872;1973;1;0
FR;2;2021-05-19;57176;10552;281;0;0;1912612;934424;2254;1;0
FR;2;2021-05-20;63436;10817;288;0;0;1976048;945241;2542;1;0
FR;2;2021-05-21;64296;11631;230;0;0;2040344;956872;2772;1;0
FR;2;2021-05-22;61482;4515;65;0;0;2101826;961387;2837;1;0
FR;2;2021-05-23;37533;574;22;0;0;2139359;961961;2859;1;0
FR;2;2021-05-24;17242;2039;35;0;0;2156601;964000;2894;1;0
FR;2;2021-05-25;21110;12214;240;0;0;2177711;976214;3134;1;0
FR;2;2021-05-26;19939;11476;229;0;0;2197650;987690;3363;1;0
FR;2;2021-05-27;22997;12652;182;0;0;2220647;1000342;3545;1;0
FR;2;2021-05-28;29392;14993;190;0;0;2250039;1015335;3735;1;0
FR;2;2021-05-29;30420;8189;57;0;0;2280459;1023524;3792;1;0
FR;2;2021-05-30;4647;1815;6;0;0;2285106;1025339;3798;1;0
FR;2;2021-05-31;28590;18733;184;0;0;2313696;1044072;3982;1;0
FR;2;2021-06-01;45727;19945;224;0;0;2359423;1064017;4206;1;0
FR;2;2021-06-02;37474;19246;182;0;0;2396897;1083263;4388;1;0
FR;2;2021-06-03;51278;23208;161;0;0;2448175;1106471;4549;1;0
FR;2;2021-06-04;65512;24057;217;0;0;2513687;1130528;4766;1;0
FR;2;2021-06-05;34600;24064;52;0;0;2548287;1154592;4818;1;0
FR;2;2021-06-06;4956;6193;10;0;0;2553243;1160785;4828;1;0
FR;2;2021-06-07;28174;23024;150;0;0;2581417;1183809;4978;1;0
FR;2;2021-06-08;46375;22912;143;0;0;2627792;1206721;5121;1;0
FR;2;2021-06-09;34291;20949;107;0;0;2662083;1227670;5228;1;0
FR;2;2021-06-10;42639;19123;95;1;0;2704722;1246793;5323;2;0
FR;2;2021-06-11;55299;25171;134;0;0;2760021;1271964;5457;2;0
FR;2;2021-06-12;30561;19777;53;0;0;2790582;1291741;5510;2;0
FR;2;2021-06-13;3330;9189;13;0;0;2793912;1300930;5523;2;0
FR;2;2021-06-14;25300;24133;92;0;0;2819212;1325063;5615;2;0
FR;2;2021-06-15;39044;22838;154;0;0;2858256;1347901;5769;2;0
FR;2;2021-06-16;30162;21395;135;0;0;2888418;1369296;5904;2;0
FR;2;2021-06-17;36910;25820;150;0;0;2925328;1395116;6054;2;0
FR;2;2021-06-18;46858;28847;123;0;0;2972186;1423963;6177;2;0
FR;2;2021-06-19;24525;24897;39;0;0;2996711;1448860;6216;2;0
FR;2;2021-06-20;3741;10066;9;0;0;3000452;1458926;6225;2;0
FR;2;2021-06-21;17528;42841;88;0;0;3017980;1501767;6313;2;0
FR;2;2021-06-22;28360;49570;110;0;0;3046340;1551337;6423;2;0
FR;2;2021-06-23;21789;49585;107;1;1;3068129;1600922;6530;3;1
FR;2;2021-06-24;28376;50281;134;0;0;3096505;1651203;6664;3;1
FR;2;2021-06-25;33399;60424;128;0;0;3129904;1711627;6792;3;1
FR;2;2021-06-26;16386;59297;54;1;0;3146290;1770924;6846;4;1
FR;2;2021-06-27;2566;29313;22;1;0;3148856;1800237;6868;5;1
FR;2;2021-06-28;12640;54328;83;0;0;3161496;1854565;6951;5;1
FR;2;2021-06-29;19850;59937;178;0;0;3181346;1914502;7129;5;1
FR;2;2021-06-30;16329;57976;253;17;0;3197675;1972478;7382;22;1
FR;2;2021-07-01;20492;59876;228;0;0;3218167;2032354;7610;22;1
FR;2;2021-07-02;24074;62145;184;0;0;3242241;2094499;7794;22;1
FR;2;2021-07-03;12116;57105;153;0;0;3254357;2151604;7947;22;1
FR;2;2021-07-04;1959;23306;18;0;0;3256316;2174910;7965;22;1
FR;2;2021-07-05;9177;29347;106;0;0;3265493;2204257;8071;22;1
FR;2;2021-07-06;14580;36228;135;0;0;3280073;2240485;8206;22;1
FR;2;2021-07-07;14413;33664;139;0;0;3294486;2274149;8345;22;1
FR;2;2021-07-08;19719;40316;162;0;0;3314205;2314465;8507;22;1
FR;2;2021-07-09;27101;54299;202;1;0;3341306;2368764;8709;23;1
FR;2;2021-07-10;13386;33692;107;0;0;3354692;2402456;8816;23;1
FR;2;2021-07-11;1808;4357;16;0;0;3356500;2406813;8832;23;1
FR;2;2021-07-12;12968;37295;119;0;0;3369468;2444108;8951;23;1
FR;2;2021-07-13;37115;53176;150;0;0;3406583;2497284;9101;23;1
FR;2;2021-07-14;6623;3548;15;0;0;3413206;2500832;9116;23;1
FR;2;2021-07-15;47240;47026;156;0;0;3460446;2547858;9272;23;1
FR;2;2021-07-16;64312;55794;188;0;0;3524758;2603652;9460;23;1
FR;2;2021-07-17;31598;23924;96;0;0;3556356;2627576;9556;23;1
FR;2;2021-07-18;6088;4843;19;0;0;3562444;2632419;9575;23;1
FR;2;2021-07-19;33000;28640;94;0;0;3595444;2661059;9669;23;1
FR;2;2021-07-20;51997;44536;155;0;0;3647441;2705595;9824;23;1
FR;2;2021-07-21;45251;34705;93;0;0;3692692;2740300;9917;23;1
FR;2;2021-07-22;56279;41089;128;1;0;3748971;2781389;10045;24;1
FR;2;2021-07-23;68291;49004;170;0;0;3817262;2830393;10215;24;1
FR;2;2021-07-24;36175;21593;82;0;0;3853437;2851986;10297;24;1
FR;2;2021-07-25;6749;2626;10;0;0;3860186;2854612;10307;24;1
FR;2;2021-07-26;36312;22405;91;1;0;3896498;2877017;10398;25;1
FR;2;2021-07-27;62385;34593;180;0;0;3958883;2911610;10578;25;1
FR;2;2021-07-28;55315;26430;132;0;0;4014198;2938040;10710;25;1
FR;2;2021-07-29;68472;32803;189;0;0;4082670;2970843;10899;25;1
FR;2;2021-07-30;74460;37799;222;1;0;4157130;3008642;11121;26;1
FR;2;2021-07-31;34769;16201;104;0;0;4191899;3024843;11225;26;1
FR;2;2021-08-01;5412;2269;19;0;0;4197311;3027112;11244;26;1
FR;2;2021-08-02;35880;16191;101;0;0;4233191;3043303;11345;26;1
FR;2;2021-08-03;55982;28280;142;0;0;4289173;3071583;11487;26;1
FR;2;2021-08-04;46633;20847;128;1;0;4335806;3092430;11615;27;1
FR;2;2021-08-05;54633;31578;215;0;0;4390439;3124008;11830;27;1
FR;2;2021-08-06;58094;42398;242;1;0;4448533;3166406;12072;28;1
FR;2;2021-08-07;25145;17620;89;0;0;4473678;3184026;12161;28;1
FR;2;2021-08-08;3837;3655;21;0;0;4477515;3187681;12182;28;1
FR;2;2021-08-09;29307;21078;92;0;0;4506822;3208759;12274;28;1
FR;2;2021-08-10;45002;33487;155;0;0;4551824;3242246;12429;28;1
FR;2;2021-08-11;35273;25166;151;0;0;4587097;3267412;12580;28;1
FR;2;2021-08-12;41902;35712;162;0;0;4628999;3303124;12742;28;1
FR;2;2021-08-13;42598;37216;218;0;0;4671597;3340340;12960;28;1
FR;2;2021-08-14;18515;22192;93;0;0;4690112;3362532;13053;28;1
FR;2;2021-08-15;3851;3804;17;0;0;4693963;3366336;13070;28;1
FR;2;2021-08-16;25091;27154;111;0;0;4719054;3393490;13181;28;1
FR;2;2021-08-17;38256;43428;205;2;0;4757310;3436918;13386;30;1
FR;2;2021-08-18;32250;36369;195;1;1;4789560;3473287;13581;31;2
FR;2;2021-08-19;37434;46567;224;0;0;4826994;3519854;13805;31;2
FR;2;2021-08-20;40565;55617;269;1;0;4867559;3575471;14074;32;2
FR;2;2021-08-21;18120;24318;116;0;0;4885679;3599789;14190;32;2
FR;2;2021-08-22;2906;4325;22;1;1;4888585;3604114;14212;33;3
FR;2;2021-08-23;19248;35157;131;1;0;4907833;3639271;14343;34;3
FR;2;2021-08-24;31947;56049;236;0;0;4939780;3695320;14579;34;3
FR;2;2021-08-25;25934;43458;250;0;0;4965714;3738778;14829;34;3
FR;2;2021-08-26;32360;55817;387;0;0;4998074;3794595;15216;34;3
FR;2;2021-08-27;37002;65649;478;2;0;5035076;3860244;15694;36;3
FR;2;2021-08-28;17821;28518;300;0;0;5052897;3888762;15994;36;3
FR;2;2021-08-29;2655;5023;47;0;0;5055552;3893785;16041;36;3
FR;2;2021-08-30;18415;37743;400;0;759;5073967;3931528;16441;36;762
FR;2;2021-08-31;28076;57504;887;4;1546;5102043;3989032;17328;40;2308
FR;2;2021-09-01;21592;39862;1309;0;2114;5123635;4028894;18637;40;4422
FR;2;2021-09-02;25484;48653;1962;2;3334;5149119;4077547;20599;42;7756
FR;2;2021-09-03;33409;64532;2988;3;4862;5182528;4142079;23587;45;12618
FR;2;2021-09-04;16832;27728;1442;1;2370;5199360;4169807;25029;46;14988
FR;2;2021-09-05;2262;3609;266;0;413;5201622;4173416;25295;46;15401
FR;2;2021-09-06;14041;28712;1769;1;2942;5215663;4202128;27064;47;18343
FR;2;2021-09-07;21106;41091;3020;13;4892;5236769;4243219;30084;60;23235
FR;2;2021-09-08;17245;31935;2734;6;4494;5254014;4275154;32818;66;27729
FR;2;2021-09-09;20977;40474;4433;3;6801;5274991;4315628;37251;69;34530
FR;2;2021-09-10;28203;51238;5285;4;8898;5303194;4366866;42536;73;43428
FR;2;2021-09-11;13655;22423;2404;5;3968;5316849;4389289;44940;78;47396
FR;2;2021-09-12;1824;2780;291;0;511;5318673;4392069;45231;78;47907
FR;2;2021-09-13;11658;21438;2472;4;4028;5330331;4413507;47703;82;51935
FR;2;2021-09-14;18573;32755;5086;13;9053;5348904;4446262;52789;95;60988
FR;2;2021-09-15;14913;28258;5169;3;7766;5363817;4474520;57958;98;68754
FR;2;2021-09-16;16077;32776;6736;12;10522;5379894;4507296;64694;110;79276
FR;2;2021-09-17;20912;47119;8779;10;14592;5400806;4554415;73473;120;93868
FR;2;2021-09-18;9857;20949;3803;6;6036;5410663;4575364;77276;126;99904
FR;2;2021-09-19;1166;2611;396;0;632;5411829;4577975;77672;126;100536
FR;2;2021-09-20;7498;18741;3855;7;6145;5419327;4596716;81527;133;106681
FR;2;2021-09-21;11214;30002;6495;5;10743;5430541;4626718;88022;138;117424
FR;2;2021-09-22;9407;23541;5491;6;8522;5439948;4650259;93513;144;125946
FR;2;2021-09-23;10727;28900;7881;9;12644;5450675;4679159;101394;153;138590
FR;2;2021-09-24;15072;42921;10876;18;17228;5465747;4722080;112270;171;155818
FR;2;2021-09-25;7259;18772;3965;9;6109;5473006;4740852;116235;180;161927
FR;2;2021-09-26;1079;2549;495;0;630;5474085;4743401;116730;180;162557
FR;2;2021-09-27;6313;16421;4285;8;6533;5480398;4759822;121015;188;169090
FR;2;2021-09-28;9239;25545;7768;14;12070;5489637;4785367;128783;202;181160
FR;2;2021-09-29;8080;20202;6067;25;9257;5497717;4805569;134850;227;190417
FR;2;2021-09-30;9865;25825;9506;16;14099;5507582;4831394;144356;243;204516
FR;2;2021-10-01;13974;35721;12916;25;19300;5521556;4867115;157272;268;223816
FR;2;2021-10-02;6874;15910;4847;7;7024;5528430;4883025;162119;275;230840
FR;2;2021-10-03;841;1921;492;1;506;5529271;4884946;162611;276;231346
FR;2;2021-10-04;5824;13898;5515;5;7855;5535095;4898844;168126;281;239201
FR;2;2021-10-05;9054;22547;11121;19;15729;5544149;4921391;179247;300;254930
FR;2;2021-10-06;7783;17745;8241;11;11075;5551932;4939136;187488;311;266005
FR;2;2021-10-07;9201;22202;12381;15;16857;5561133;4961338;199869;326;282862
FR;2;2021-10-08;13429;32087;17348;27;23562;5574562;4993425;217217;353;306424
FR;2;2021-10-09;5999;12854;6042;6;7900;5580561;5006279;223259;359;314324
FR;2;2021-10-10;885;1609;436;2;615;5581446;5007888;223695;361;314939
FR;2;2021-10-11;5606;11572;6455;17;8833;5587052;5019460;230150;378;323772
FR;2;2021-10-12;8033;17782;12546;13;16768;5595085;5037242;242696;391;340540
FR;2;2021-10-13;6942;14853;10255;12;13633;5602027;5052095;252951;403;354173
FR;2;2021-10-14;8311;17936;14994;13;19458;5610338;5070031;267945;416;373631
FR;2;2021-10-15;11852;26308;20903;26;27972;5622190;5096339;288848;442;401603
FR;2;2021-10-16;5138;8738;1819;0;3214;5627328;5105077;290667;442;404817
FR;2;2021-10-17;651;1165;184;0;368;5627979;5106242;290851;442;405185
FR;2;2021-10-18;4562;7371;664;2;1645;5632541;5113613;291515;444;406830
FR;2;2021-10-19;6237;9872;730;5;2044;5638778;5123485;292245;449;408874
FR;2;2021-10-20;5169;8071;758;3;1681;5643947;5131556;293003;452;410555
FR;2;2021-10-21;6090;9966;778;5;2098;5650037;5141522;293781;457;412653
FR;2;2021-10-22;8450;14594;1148;4;2882;5658487;5156116;294929;461;415535
FR;2;2021-10-23;3845;5999;586;0;1232;5662332;5162115;295515;461;416767
FR;2;2021-10-24;494;886;100;0;204;5662826;5163001;295615;461;416971
FR;2;2021-10-25;3357;5353;306;1;828;5666183;5168354;295921;462;417799
FR;2;2021-10-26;4176;7257;1130;4;2019;5670359;5175611;297051;466;419818
FR;2;2021-10-27;3676;6609;1193;5;1995;5674035;5182220;298244;471;421813
FR;2;2021-10-28;4597;7700;1732;3;2751;5678632;5189920;299976;474;424564
FR;2;2021-10-29;5412;11085;2435;4;3673;5684044;5201005;302411;478;428237
FR;2;2021-10-30;2749;4441;975;1;1437;5686793;5205446;303386;479;429674
FR;2;2021-10-31;364;533;139;1;190;5687157;5205979;303525;480;429864
FR;2;2021-11-01;428;550;177;0;264;5687585;5206529;303702;480;430128
FR;2;2021-11-02;3293;6761;1183;0;1761;5690878;5213290;304885;480;431889
FR;2;2021-11-03;3340;6238;1386;2;1968;5694218;5219528;306271;482;433857
FR;2;2021-11-04;3986;7081;1765;4;2491;5698204;5226609;308036;486;436348
FR;2;2021-11-05;5232;10504;2867;5;3957;5703436;5237113;310903;491;440305
FR;2;2021-11-06;2594;4679;1403;0;1812;5706030;5241792;312306;491;442117
FR;2;2021-11-07;505;864;220;0;286;5706535;5242656;312526;491;442403
FR;2;2021-11-08;2578;5361;1202;3;1678;5709113;5248017;313728;494;444081
FR;2;2021-11-09;2750;6923;2399;5;3180;5711863;5254940;316127;499;447261
FR;2;2021-11-10;2588;5689;5109;6;6286;5714451;5260629;321236;505;453547
FR;2;2021-11-11;444;750;743;2;924;5714895;5261379;321979;507;454471
FR;2;2021-11-12;2953;8099;8972;8;10913;5717848;5269478;330951;515;465384
FR;2;2021-11-13;1538;3380;3868;7;4537;5719386;5272858;334819;522;469921
FR;2;2021-11-14;257;595;351;1;487;5719643;5273453;335170;523;470408
FR;2;2021-11-15;1622;3670;4445;9;5330;5721265;5277123;339615;532;475738
FR;2;2021-11-16;2184;5901;8305;14;10071;5723449;5283024;347920;546;485809
FR;2;2021-11-17;1741;4545;6627;8;7850;5725190;5287569;354547;554;493659
FR;2;2021-11-18;2192;5932;9179;10;11009;5727382;5293501;363726;564;504668
FR;2;2021-11-19;2698;7785;12971;19;15470;5730080;5301286;376697;583;520138
FR;2;2021-11-20;1565;3343;5173;5;6084;5731645;5304629;381870;588;526222
FR;2;2021-11-21;247;515;541;0;663;5731892;5305144;382411;588;526885
FR;2;2021-11-22;1278;2598;4479;5;5403;5733170;5307742;386890;593;532288
FR;2;2021-11-23;1617;4296;8197;9;9910;5734787;5312038;395087;602;542198
FR;2;2021-11-24;1418;3768;7473;14;8730;5736205;5315806;402560;616;550928
FR;2;2021-11-25;1812;4883;11467;21;13664;5738017;5320689;414027;637;564592
FR;2;2021-11-26;2540;7760;22668;31;26076;5740557;5328449;436695;668;590668
FR;2;2021-11-27;1497;4160;12270;18;14032;5742054;5332609;448965;686;604700
FR;2;2021-11-28;293;846;1970;3;2297;5742347;5333455;450935;689;606997
FR;2;2021-11-29;1446;4356;15089;23;17255;5743793;5337811;466024;712;624252
FR;2;2021-11-30;1912;6709;26237;36;29987;5745705;5344520;492261;748;654239
FR;2;2021-12-01;1912;6063;26201;31;29527;5747617;5350583;518462;779;683766
FR;2;2021-12-02;1912;6817;37709;52;41955;5749529;5357400;556171;831;725721
FR;2;2021-12-03;2553;10095;53614;111;59358;5752082;5367495;609785;942;785079
FR;2;2021-12-04;1848;6300;37114;38;40804;5753930;5373795;646899;980;825883
FR;2;2021-12-05;458;2254;14259;14;15990;5754388;5376049;661158;994;841873
FR;2;2021-12-06;2485;9887;77710;109;84767;5756873;5385936;738868;1103;926640
FR;2;2021-12-07;3455;15314;122438;238;133744;5760328;5401250;861306;1341;1060384
FR;2;2021-12-08;3724;16020;133191;330;145373;5764052;5417270;994497;1671;1205757
FR;2;2021-12-09;4548;19639;170197;554;185582;5768600;5436909;1164694;2225;1391339
FR;2;2021-12-10;4672;22844;188653;490;206128;5773272;5459753;1353347;2715;1597467
FR;2;2021-12-11;3686;16642;132441;239;144889;5776958;5476395;1485788;2954;1742356
FR;2;2021-12-12;1257;7128;59093;83;65146;5778215;5483523;1544881;3037;1807502
FR;2;2021-12-13;5528;26854;220689;605;242986;5783743;5510377;1765570;3642;2050488
FR;2;2021-12-14;7014;37489;300765;909;332217;5790757;5547866;2066335;4551;2382705
FR;2;2021-12-15;6555;36241;285218;956;315833;5797312;5584107;2351553;5507;2698538
FR;2;2021-12-16;7761;37929;312134;979;343744;5805073;5622036;2663687;6486;3042282
FR;2;2021-12-17;8680;41232;327874;976;360957;5813753;5663268;2991561;7462;3403239
FR;2;2021-12-18;6514;26561;212337;448;233647;5820267;5689829;3203898;7910;3636886
FR;2;2021-12-19;2603;11458;90209;182;100359;5822870;5701287;3294107;8092;3737245
FR;2;2021-12-20;9546;33575;275216;706;303371;5832416;5734862;3569323;8798;4040616
FR;2;2021-12-21;11564;38325;309625;968;341423;5843980;5773187;3878948;9766;4382039
FR;2;2021-12-22;10458;32819;265110;952;292475;5854438;5806006;4144058;10718;4674514
FR;2;2021-12-23;9426;26698;199500;700;221298;5863864;5832704;4343558;11418;4895812
FR;2;2021-12-24;2783;7488;43855;140;49558;5866647;5840192;4387413;11558;4945370
FR;2;2021-12-25;201;687;2002;10;2490;5866848;5840879;4389415;11568;4947860
FR;2;2021-12-26;1319;4210;25156;71;28683;5868167;5845089;4414571;11639;4976543
FR;2;2021-12-27;8077;29926;218407;659;243334;5876244;5875015;4632978;12298;5219877
FR;2;2021-12-28;9838;36325;272086;742;301981;5886082;5911340;4905064;13040;5521858
FR;2;2021-12-29;9497;32268;246131;766;272697;5895579;5943608;5151195;13806;5794555
FR;2;2021-12-30;9462;28104;208825;662;231455;5905041;5971712;5360020;14468;6026010
FR;2;2021-12-31;3010;8352;54989;176;61234;5908051;5980064;5415009;14644;6087244
FR;2;2022-01-01;227;691;2853;7;3349;5908278;5980755;5417862;14651;6090593
FR;2;2022-01-02;1504;4855;29511;75;33399;5909782;5985610;5447373;14726;6123992
FR;2;2022-01-03;9591;35409;266527;806;293898;5919373;6021019;5713900;15532;6417890
FR;2;2022-01-04;12850;45421;342084;1068;377015;5932223;6066440;6055984;16600;6794905
FR;2;2022-01-05;11272;38653;294181;884;323821;5943495;6105093;6350165;17484;7118726
FR;2;2022-01-06;13653;43507;331941;1298;364731;5957148;6148600;6682106;18782;7483457
FR;2;2022-01-07;14224;47632;361090;1270;396433;5971372;6196232;7043196;20052;7879890
FR;2;2022-01-08;7948;28151;201262;515;221707;5979320;6224383;7244458;20567;8101597
FR;2;2022-01-09;2749;8980;62524;137;69513;5982069;6233363;7306982;20704;8171110
FR;2;2022-01-10;10097;31923;232468;857;255047;5992166;6265286;7539450;21561;8426157
FR;2;2022-01-11;11469;36247;265907;1029;290595;6003635;6301533;7805357;22590;8716752
FR;2;2022-01-12;8765;29812;206318;863;226168;6012400;6331345;8011675;23453;8942920
FR;2;2022-01-13;9387;31348;224484;832;244833;6021787;6362693;8236159;24285;9187753
FR;2;2022-01-14;9742;35622;254536;920;277659;6031529;6398315;8490695;25205;9465412
FR;2;2022-01-15;5357;19448;140779;363;153635;6036886;6417763;8631474;25568;9619047
FR;2;2022-01-16;1512;5490;35883;81;39832;6038398;6423253;8667357;25649;9658879
FR;2;2022-01-17;5547;19277;135411;601;147253;6043945;6442530;8802768;26250;9806132
FR;2;2022-01-18;6421;21513;148628;648;160472;6050366;6464043;8951396;26898;9966604
FR;2;2022-01-19;4393;16330;105098;551;113702;6054759;6480373;9056494;27449;10080306
FR;2;2022-01-20;4871;17593;115292;603;123691;6059630;6497966;9171786;28052;10203997
FR;2;2022-01-21;5197;20063;137345;679;147763;6064827;6518029;9309131;28731;10351760
FR;2;2022-01-22;3030;10954;74261;260;80326;6067857;6528983;9383392;28991;10432086
FR;2;2022-01-23;724;2719;15241;41;16831;6068581;6531702;9398633;29032;10448917
FR;2;2022-01-24;3289;12824;75078;430;81038;6071870;6544526;9473711;29462;10529955
FR;2;2022-01-25;3574;14426;79624;496;85455;6075444;6558952;9553335;29958;10615410
FR;2;2022-01-26;2515;10691;58974;363;63016;6077959;6569643;9612309;30321;10678426
FR;2;2022-01-27;2680;11338;64177;388;67927;6080639;6580981;9676486;30709;10746353
FR;2;2022-01-28;3551;18316;91715;429;98928;6084190;6599297;9768201;31138;10845281
FR;2;2022-01-29;1895;9243;48850;164;52932;6086085;6608540;9817051;31302;10898213
FR;2;2022-01-30;464;2230;9454;38;10604;6086549;6610770;9826505;31340;10908817
FR;2;2022-01-31;1888;9575;43830;208;47338;6088437;6620345;9870335;31548;10956155
FR;2;2022-02-01;1916;10045;47029;279;50106;6090353;6630390;9917364;31827;11006261
FR;2;2022-02-02;1613;9008;41114;250;44164;6091966;6639398;9958478;32077;11050425
FR;2;2022-02-03;1725;8946;40521;205;42923;6093691;6648344;9998999;32282;11093348
FR;2;2022-02-04;2152;15200;66642;299;71342;6095843;6663544;10065641;32581;11164690
FR;2;2022-02-05;1360;8522;35943;132;39227;6097203;6672066;10101584;32713;11203917
FR;2;2022-02-06;275;1767;6125;16;6899;6097478;6673833;10107709;32729;11210816
FR;2;2022-02-07;1351;9576;37754;134;41301;6098829;6683409;10145463;32863;11252117
FR;2;2022-02-08;1299;9832;40952;173;43746;6100128;6693241;10186415;33036;11295863
FR;2;2022-02-09;1160;8834;37039;174;40461;6101288;6702075;10223454;33210;11336324
FR;2;2022-02-10;1027;7996;33835;204;36507;6102315;6710071;10257289;33414;11372831
FR;2;2022-02-11;1391;12083;53342;223;57693;6103706;6722154;10310631;33637;11430524
FR;2;2022-02-12;752;6533;27985;83;30804;6104458;6728687;10338616;33720;11461328
FR;2;2022-02-13;200;1340;4833;20;5574;6104658;6730027;10343449;33740;11466902
FR;2;2022-02-14;834;6730;30271;90;33230;6105492;6736757;10373720;33830;11500132
FR;2;2022-02-15;773;6471;28047;141;29991;6106265;6743228;10401767;33971;11530123
FR;2;2022-02-16;657;5361;22062;123;23627;6106922;6748589;10423829;34094;11553750
FR;2;2022-02-17;518;3782;14148;98;14615;6107440;6752371;10437977;34192;11568365
FR;2;2022-02-18;723;5367;20439;134;21128;6108163;6757738;10458416;34326;11589493
FR;2;2022-02-19;430;3054;10530;66;11244;6108593;6760792;10468946;34392;11600737
FR;2;2022-02-20;102;515;1459;3;1606;6108695;6761307;10470405;34395;11602343
FR;2;2022-02-21;422;2685;9122;65;9499;6109117;6763992;10479527;34460;11611842
FR;2;2022-02-22;390;2567;8892;76;8794;6109507;6766559;10488419;34536;11620636
FR;2;2022-02-23;431;2603;8990;82;9267;6109938;6769162;10497409;34618;11629903
FR;2;2022-02-24;314;2035;6800;81;6828;6110252;6771197;10504209;34699;11636731
FR;2;2022-02-25;457;3205;11417;108;11282;6110709;6774402;10515626;34807;11648013
FR;2;2022-02-26;296;1892;6034;49;6341;6111005;6776294;10521660;34856;11654354
FR;2;2022-02-27;76;313;907;5;950;6111081;6776607;10522567;34861;11655304
FR;2;2022-02-28;330;1688;5523;53;5531;6111411;6778295;10528090;34914;11660835
FR;2;2022-03-01;277;1564;5479;45;5196;6111688;6779859;10533569;34959;11666031
FR;2;2022-03-02;298;1443;5246;45;5090;6111986;6781302;10538815;35004;11671121
FR;2;2022-03-03;225;1111;3708;42;3485;6112211;6782413;10542523;35046;11674606
FR;2;2022-03-04;243;1468;4857;74;4505;6112454;6783881;10547380;35120;11679111
FR;2;2022-03-05;174;905;2979;32;2723;6112628;6784786;10550359;35152;11681834
FR;2;2022-03-06;42;182;279;5;319;6112670;6784968;10550638;35157;11682153
FR;2;2022-03-07;156;658;1986;70;1776;6112826;6785626;10552624;35227;11683929
FR;2;2022-03-08;144;666;2272;51;1905;6112970;6786292;10554896;35278;11685834
FR;2;2022-03-09;154;707;2346;37;2047;6113124;6786999;10557242;35315;11687881
FR;2;2022-03-10;123;603;1692;35;1467;6113247;6787602;10558934;35350;11689348
FR;2;2022-03-11;172;756;2767;57;2366;6113419;6788358;10561701;35407;11691714
FR;2;2022-03-12;149;484;1785;27;1554;6113568;6788842;10563486;35434;11693268
FR;2;2022-03-13;25;75;202;29;203;6113593;6788917;10563688;35463;11693471
FR;2;2022-03-14;128;470;1566;529;1296;6113721;6789387;10565254;35992;11694767
FR;2;2022-03-15;138;438;1711;689;1330;6113859;6789825;10566965;36681;11696097
FR;2;2022-03-16;142;475;2013;1615;1593;6114001;6790300;10568978;38296;11697690
FR;2;2022-03-17;93;413;1408;1193;1144;6114094;6790713;10570386;39489;11698834
FR;2;2022-03-18;145;494;2019;1792;1662;6114239;6791207;10572405;41281;11700496
FR;2;2022-03-19;108;321;1210;940;1015;6114347;6791528;10573615;42221;11701511
FR;2;2022-03-20;13;77;191;59;168;6114360;6791605;10573806;42280;11701679
FR;2;2022-03-21;96;306;1214;1483;1077;6114456;6791911;10575020;43763;11702756
FR;2;2022-03-22;117;388;1530;1829;1291;6114573;6792299;10576550;45592;11704047
FR;2;2022-03-23;139;361;1670;3031;1466;6114712;6792660;10578220;48623;11705513
FR;2;2022-03-24;116;293;1183;1547;1000;6114828;6792953;10579403;50170;11706513
FR;2;2022-03-25;119;361;1804;2449;1474;6114947;6793314;10581207;52619;11707987
FR;2;2022-03-26;77;247;1203;1222;952;6115024;6793561;10582410;53841;11708939
FR;2;2022-03-27;19;36;153;100;132;6115043;6793597;10582563;53941;11709071
FR;2;2022-03-28;94;287;1136;1601;995;6115137;6793884;10583699;55542;11710066
FR;2;2022-03-29;108;258;1324;2466;1104;6115245;6794142;10585023;58008;11711170
FR;2;2022-03-30;91;312;1487;3183;1319;6115336;6794454;10586510;61191;11712489
FR;2;2022-03-31;104;284;1275;2329;1089;6115440;6794738;10587785;63520;11713578
FR;2;2022-04-01;122;323;1567;2347;1322;6115562;6795061;10589352;65867;11714900
FR;2;2022-04-02;72;161;845;891;737;6115634;6795222;10590197;66758;11715637
FR;2;2022-04-03;16;53;128;113;142;6115650;6795275;10590325;66871;11715779
FR;2;2022-04-04;110;238;986;1438;795;6115760;6795513;10591311;68309;11716574
FR;2;2022-04-05;143;292;1314;2886;1141;6115903;6795805;10592625;71195;11717715
FR;2;2022-04-06;89;254;1304;2520;1127;6115992;6796059;10593929;73715;11718842
FR;2;2022-04-07;120;218;1300;2682;1040;6116112;6796277;10595229;76397;11719882
FR;2;2022-04-08;125;336;1629;3267;1323;6116237;6796613;10596858;79664;11721205
FR;2;2022-04-09;90;219;899;1045;731;6116327;6796832;10597757;80709;11721936
FR;2;2022-04-10;37;48;143;162;119;6116364;6796880;10597900;80871;11722055
FR;2;2022-04-11;88;194;886;1531;776;6116452;6797074;10598786;82402;11722831
FR;2;2022-04-12;176;268;1179;2738;1058;6116628;6797342;10599965;85140;11723889
FR;2;2022-04-13;146;230;1124;2453;986;6116774;6797572;10601089;87593;11724875
FR;2;2022-04-14;115;222;1085;2674;917;6116889;6797794;10602174;90267;11725792
FR;2;2022-04-15;114;247;1213;2285;1067;6117003;6798041;10603387;92552;11726859
FR;2;2022-04-16;67;108;548;549;459;6117070;6798149;10603935;93101;11727318
FR;2;2022-04-17;15;26;57;53;53;6117085;6798175;10603992;93154;11727371
FR;2;2022-04-18;12;35;120;70;115;6117097;6798210;10604112;93224;11727486
FR;2;2022-04-19;112;237;1117;1707;949;6117209;6798447;10605229;94931;11728435
FR;2;2022-04-20;95;240;1105;2156;931;6117304;6798687;10606334;97087;11729366
FR;2;2022-04-21;111;231;981;1910;837;6117415;6798918;10607315;98997;11730203
FR;2;2022-04-22;98;272;1242;2086;1023;6117513;6799190;10608557;101083;11731226
FR;2;2022-04-23;67;156;644;762;573;6117580;6799346;10609201;101845;11731799
FR;2;2022-04-24;12;29;101;68;79;6117592;6799375;10609302;101913;11731878
FR;2;2022-04-25;103;203;820;1314;710;6117695;6799578;10610122;103227;11732588
FR;2;2022-04-26;108;183;1041;1999;878;6117803;6799761;10611163;105226;11733466
FR;2;2022-04-27;98;177;860;1783;763;6117901;6799938;10612023;107009;11734229
FR;2;2022-04-28;92;214;948;1913;842;6117993;6800152;10612971;108922;11735071
FR;2;2022-04-29;81;280;1129;1691;1039;6118074;6800432;10614100;110613;11736110
FR;2;2022-04-30;65;126;470;538;429;6118139;6800558;10614570;111151;11736539
FR;2;2022-05-01;22;24;84;48;85;6118161;6800582;10614654;111199;11736624
FR;2;2022-05-02;116;226;762;1206;660;6118277;6800808;10615416;112405;11737284
FR;2;2022-05-03;148;228;998;1767;937;6118425;6801036;10616414;114172;11738221
FR;2;2022-05-04;90;222;923;1809;866;6118515;6801258;10617337;115981;11739087
FR;2;2022-05-05;127;196;851;1697;768;6118642;6801454;10618188;117678;11739855
FR;2;2022-05-06;133;245;1098;1848;1012;6118775;6801699;10619286;119526;11740867
FR;2;2022-05-07;40;98;470;504;406;6118815;6801797;10619756;120030;11741273
FR;2;2022-05-08;46;53;106;70;100;6118861;6801850;10619862;120100;11741373
FR;2;2022-05-09;101;174;654;984;604;6118962;6802024;10620516;121084;11741977
FR;2;2022-05-10;120;247;938;1831;893;6119082;6802271;10621454;122915;11742870
FR;2;2022-05-11;100;172;811;1871;791;6119182;6802443;10622265;124786;11743661
FR;2;2022-05-12;111;171;843;2093;801;6119293;6802614;10623108;126879;11744462
FR;2;2022-05-13;100;232;967;2090;896;6119393;6802846;10624075;128969;11745358
FR;2;2022-05-14;76;117;451;554;409;6119469;6802963;10624526;129523;11745767
FR;2;2022-05-15;24;39;94;87;108;6119493;6803002;10624620;129610;11745875
FR;2;2022-05-16;103;170;599;923;537;6119596;6803172;10625219;130533;11746412
FR;2;2022-05-17;95;184;689;1685;657;6119691;6803356;10625908;132218;11747069
FR;2;2022-05-18;80;180;640;1431;645;6119771;6803536;10626548;133649;11747714
FR;2;2022-05-19;70;160;708;1831;750;6119841;6803696;10627256;135480;11748464
FR;2;2022-05-20;107;178;872;1699;777;6119948;6803874;10628128;137179;11749241
FR;2;2022-05-21;48;96;397;517;338;6119996;6803970;10628525;137696;11749579
FR;2;2022-05-22;8;23;69;37;57;6120004;6803993;10628594;137733;11749636
FR;2;2022-05-23;85;133;498;930;469;6120089;6804126;10629092;138663;11750105
FR;2;2022-05-24;87;161;625;1611;613;6120176;6804287;10629717;140274;11750718
FR;2;2022-05-25;71;145;538;1145;492;6120247;6804432;10630255;141419;11751210
FR;2;2022-05-26;10;31;77;42;85;6120257;6804463;10630332;141461;11751295
FR;2;2022-05-27;44;123;456;817;438;6120301;6804586;10630788;142278;11751733
FR;2;2022-05-28;28;60;221;244;221;6120329;6804646;10631009;142522;11751954
FR;2;2022-05-29;13;34;43;25;51;6120342;6804680;10631052;142547;11752005
FR;2;2022-05-30;65;108;418;721;404;6120407;6804788;10631470;143268;11752409
FR;2;2022-05-31;76;135;563;1276;510;6120483;6804923;10632033;144544;11752919
FR;2;2022-06-01;59;154;560;1074;539;6120542;6805077;10632593;145618;11753458
FR;2;2022-06-02;92;173;624;1400;590;6120634;6805250;10633217;147018;11754048
FR;2;2022-06-03;71;155;666;1604;593;6120705;6805405;10633883;148622;11754641
FR;2;2022-06-04;68;93;282;433;269;6120773;6805498;10634165;149055;11754910
FR;2;2022-06-05;12;17;62;57;47;6120785;6805515;10634227;149112;11754957
FR;2;2022-06-06;11;31;92;75;92;6120796;6805546;10634319;149187;11755049
FR;2;2022-06-07;98;218;664;1531;576;6120894;6805764;10634983;150718;11755625
FR;2;2022-06-08;70;118;475;1165;411;6120964;6805882;10635458;151883;11756036
FR;2;2022-06-09;93;164;611;1921;568;6121057;6806046;10636069;153804;11756604
FR;2;2022-06-10;88;166;650;1682;621;6121145;6806212;10636719;155486;11757225
FR;2;2022-06-11;42;83;286;528;258;6121187;6806295;10637005;156014;11757483
FR;2;2022-06-12;18;38;58;78;60;6121205;6806333;10637063;156092;11757543
FR;2;2022-06-13;39;118;390;948;375;6121244;6806451;10637453;157040;11757918
FR;2;2022-06-14;65;154;599;2087;536;6121309;6806605;10638052;159127;11758454
FR;2;2022-06-15;76;104;520;1500;444;6121385;6806709;10638572;160627;11758898
FR;2;2022-06-16;127;127;495;1411;422;6121512;6806836;10639067;162038;11759320
FR;2;2022-06-17;72;134;586;1815;513;6121584;6806970;10639653;163853;11759833
FR;2;2022-06-18;75;92;224;578;196;6121659;6807062;10639877;164431;11760029
FR;2;2022-06-19;11;14;53;71;41;6121670;6807076;10639930;164502;11760070
FR;2;2022-06-20;62;124;400;1027;391;6121732;6807200;10640330;165529;11760461
FR;2;2022-06-21;107;115;524;2122;453;6121839;6807315;10640854;167651;11760914
FR;2;2022-06-22;39;106;461;1889;414;6121878;6807421;10641315;169540;11761328
FR;2;2022-06-23;56;108;537;2281;452;6121934;6807529;10641852;171821;11761780
FR;2;2022-06-24;66;122;708;3198;570;6122000;6807651;10642560;175019;11762350
FR;2;2022-06-25;30;90;295;986;251;6122030;6807741;10642855;176005;11762601
FR;2;2022-06-26;30;27;131;194;97;6122060;6807768;10642986;176199;11762698
FR;2;2022-06-27;79;136;580;2472;481;6122139;6807904;10643566;178671;11763179
FR;2;2022-06-28;110;140;812;4814;650;6122249;6808044;10644378;183485;11763829
FR;2;2022-06-29;71;149;775;4406;636;6122320;6808193;10645153;187891;11764465
FR;2;2022-06-30;72;133;832;5176;618;6122392;6808326;10645985;193067;11765083
FR;2;2022-07-01;112;158;1148;6691;847;6122504;6808484;10647133;199758;11765930
FR;2;2022-07-02;67;131;473;1973;391;6122571;6808615;10647606;201731;11766321
FR;2;2022-07-03;23;30;144;334;128;6122594;6808645;10647750;202065;11766449
FR;2;2022-07-04;119;177;776;3773;610;6122713;6808822;10648526;205838;11767059
FR;2;2022-07-05;117;184;1119;6810;825;6122830;6809006;10649645;212648;11767884
FR;2;2022-07-06;92;148;947;5802;693;6122922;6809154;10650592;218450;11768577
FR;2;2022-07-07;81;184;1020;6495;748;6123003;6809338;10651612;224945;11769325
FR;2;2022-07-08;64;122;1092;7031;754;6123067;6809460;10652704;231976;11770079
FR;2;2022-07-09;34;61;417;1869;298;6123101;6809521;10653121;233845;11770377
FR;2;2022-07-10;6;17;96;313;82;6123107;6809538;10653217;234158;11770459
FR;2;2022-07-11;68;119;681;3814;539;6123175;6809657;10653898;237972;11770998
FR;2;2022-07-12;99;178;1051;6505;807;6123274;6809835;10654949;244477;11771805
FR;2;2022-07-13;63;125;879;4651;585;6123337;6809960;10655828;249128;11772390
FR;2;2022-07-14;6;13;87;248;58;6123343;6809973;10655915;249376;11772448
FR;2;2022-07-15;60;127;739;3787;559;6123403;6810100;10656654;253163;11773007
FR;2;2022-07-16;27;54;287;1029;240;6123430;6810154;10656941;254192;11773247
FR;2;2022-07-17;5;12;77;201;66;6123435;6810166;10657018;254393;11773313
FR;2;2022-07-18;56;103;514;2507;384;6123491;6810269;10657532;256900;11773697
FR;2;2022-07-19;66;132;768;4247;554;6123557;6810401;10658300;261147;11774251
FR;2;2022-07-20;57;118;580;3177;430;6123614;6810519;10658880;264324;11774681
FR;2;2022-07-21;60;109;671;3677;485;6123674;6810628;10659551;268001;11775166
FR;2;2022-07-22;51;98;696;3522;504;6123725;6810726;10660247;271523;11775670
FR;2;2022-07-23;39;95;290;1169;229;6123764;6810821;10660537;272692;11775899
FR;2;2022-07-24;14;23;68;201;67;6123778;6810844;10660605;272893;11775966
FR;2;2022-07-25;50;69;401;1924;296;6123828;6810913;10661006;274817;11776262
FR;2;2022-07-26;59;133;602;3421;474;6123887;6811046;10661608;278238;11776736
FR;2;2022-07-27;42;81;454;2777;358;6123929;6811127;10662062;281015;11777094
FR;2;2022-07-28;29;75;448;2442;356;6123958;6811202;10662510;283457;11777450
FR;2;2022-07-29;68;87;533;2855;345;6124026;6811289;10663043;286312;11777795
FR;2;2022-07-30;21;37;162;774;110;6124047;6811326;10663205;287086;11777905
FR;2;2022-07-31;6;13;27;104;21;6124053;6811339;10663232;287190;11777926
FR;2;2022-08-01;36;101;322;1260;258;6124089;6811440;10663554;288450;11778184
FR;2;2022-08-02;49;73;324;2053;246;6124138;6811513;10663878;290503;11778430
FR;2;2022-08-03;29;52;255;1610;186;6124167;6811565;10664133;292113;11778616
FR;2;2022-08-04;39;63;304;1685;239;6124206;6811628;10664437;293798;11778855
FR;2;2022-08-05;32;93;325;1878;233;6124238;6811721;10664762;295676;11779088
FR;2;2022-08-06;21;40;105;365;81;6124259;6811761;10664867;296041;11779169
FR;2;2022-08-07;7;8;14;69;16;6124266;6811769;10664881;296110;11779185
FR;2;2022-08-08;16;34;213;874;141;6124282;6811803;10665094;296984;11779326
FR;2;2022-08-09;27;51;278;1471;238;6124309;6811854;10665372;298455;11779564
FR;2;2022-08-10;15;21;211;1123;148;6124324;6811875;10665583;299578;11779712
FR;2;2022-08-11;20;41;172;1035;115;6124344;6811916;10665755;300613;11779827
FR;2;2022-08-12;36;46;180;1031;138;6124380;6811962;10665935;301644;11779965
FR;2;2022-08-13;8;17;41;149;46;6124388;6811979;10665976;301793;11780011
FR;2;2022-08-14;1;2;12;52;11;6124389;6811981;10665988;301845;11780022
FR;2;2022-08-15;0;3;28;22;17;6124389;6811984;10666016;301867;11780039
FR;2;2022-08-16;24;31;143;672;119;6124413;6812015;10666159;302539;11780158
FR;2;2022-08-17;16;26;107;738;87;6124429;6812041;10666266;303277;11780245
FR;2;2022-08-18;14;28;154;835;104;6124443;6812069;10666420;304112;11780349
FR;2;2022-08-19;8;38;112;700;82;6124451;6812107;10666532;304812;11780431
FR;2;2022-08-20;6;25;52;192;43;6124457;6812132;10666584;305004;11780474
FR;2;2022-08-21;4;14;15;19;13;6124461;6812146;10666599;305023;11780487
FR;2;2022-08-22;10;24;111;395;70;6124471;6812170;10666710;305418;11780557
FR;2;2022-08-23;11;40;134;667;112;6124482;6812210;10666844;306085;11780669
FR;2;2022-08-24;9;23;85;458;77;6124491;6812233;10666929;306543;11780746
FR;2;2022-08-25;5;29;105;475;64;6124496;6812262;10667034;307018;11780810
FR;2;2022-08-26;14;44;117;719;90;6124510;6812306;10667151;307737;11780900
FR;2;2022-08-27;10;17;47;156;42;6124520;6812323;10667198;307893;11780942
FR;2;2022-08-28;1;5;5;15;7;6124521;6812328;10667203;307908;11780949
FR;2;2022-08-29;24;41;86;399;80;6124545;6812369;10667289;308307;11781029
FR;2;2022-08-30;29;51;141;760;109;6124574;6812420;10667430;309067;11781138
FR;2;2022-08-31;18;34;81;390;75;6124592;6812454;10667511;309457;11781213
FR;2;2022-09-01;19;38;104;568;75;6124611;6812492;10667615;310025;11781288
FR;2;2022-09-02;28;51;130;687;98;6124639;6812543;10667745;310712;11781386
FR;2;2022-09-03;13;20;74;203;58;6124652;6812563;10667819;310915;11781444
FR;2;2022-09-04;8;5;9;31;10;6124660;6812568;10667828;310946;11781454
FR;2;2022-09-05;28;27;115;356;87;6124688;6812595;10667943;311302;11781541
FR;2;2022-09-06;24;44;136;724;121;6124712;6812639;10668079;312026;11781662
FR;3;2020-12-27;0;0;0;0;0;0;0;0;0;0
FR;3;2020-12-28;0;0;0;0;0;0;0;0;0;0
FR;3;2020-12-29;0;0;0;0;0;0;0;0;0;0
FR;3;2020-12-30;0;0;0;0;0;0;0;0;0;0
FR;3;2020-12-31;0;0;0;0;0;0;0;0;0;0
FR;3;2021-01-01;0;0;0;0;0;0;0;0;0;0
FR;3;2021-01-02;0;0;0;0;0;0;0;0;0;0
FR;3;2021-01-03;0;0;0;0;0;0;0;0;0;0
FR;3;2021-01-04;0;0;0;0;0;0;0;0;0;0
FR;3;2021-01-05;0;0;0;0;0;0;0;0;0;0
FR;3;2021-01-06;0;0;0;0;0;0;0;0;0;0
FR;3;2021-01-07;0;0;0;0;0;0;0;0;0;0
FR;3;2021-01-08;0;0;0;0;0;0;0;0;0;0
FR;3;2021-01-09;0;0;0;0;0;0;0;0;0;0
FR;3;2021-01-10;0;0;0;0;0;0;0;0;0;0
FR;3;2021-01-11;0;0;0;0;0;0;0;0;0;0
FR;3;2021-01-12;0;0;0;0;0;0;0;0;0;0
FR;3;2021-01-13;0;0;0;0;0;0;0;0;0;0
FR;3;2021-01-14;0;0;0;0;0;0;0;0;0;0
FR;3;2021-01-15;0;0;0;0;0;0;0;0;0;0
FR;3;2021-01-16;0;0;0;0;0;0;0;0;0;0
FR;3;2021-01-17;0;0;0;0;0;0;0;0;0;0
FR;3;2021-01-18;0;0;0;0;0;0;0;0;0;0
FR;3;2021-01-19;0;0;0;0;0;0;0;0;0;0
FR;3;2021-01-20;0;0;0;0;0;0;0;0;0;0
FR;3;2021-01-21;0;0;0;0;0;0;0;0;0;0
FR;3;2021-01-22;0;0;0;0;0;0;0;0;0;0
FR;3;2021-01-23;0;0;0;0;0;0;0;0;0;0
FR;3;2021-01-24;0;0;0;0;0;0;0;0;0;0
FR;3;2021-01-25;0;0;0;0;0;0;0;0;0;0
FR;3;2021-01-26;0;0;0;0;0;0;0;0;0;0
FR;3;2021-01-27;0;0;0;0;0;0;0;0;0;0
FR;3;2021-01-28;0;0;0;0;0;0;0;0;0;0
FR;3;2021-01-29;0;0;0;0;0;0;0;0;0;0
FR;3;2021-01-30;0;0;0;0;0;0;0;0;0;0
FR;3;2021-01-31;0;0;0;0;0;0;0;0;0;0
FR;3;2021-02-01;0;0;0;0;0;0;0;0;0;0
FR;3;2021-02-02;0;0;0;0;0;0;0;0;0;0
FR;3;2021-02-03;0;0;0;0;0;0;0;0;0;0
FR;3;2021-02-04;0;0;0;0;0;0;0;0;0;0
FR;3;2021-02-05;0;0;0;0;0;0;0;0;0;0
FR;3;2021-02-06;1568;0;0;0;0;1568;0;0;0;0
FR;3;2021-02-07;1423;1;0;0;0;2991;1;0;0;0
FR;3;2021-02-08;2786;1;0;0;0;5777;2;0;0;0
FR;3;2021-02-09;6782;0;0;0;0;12559;2;0;0;0
FR;3;2021-02-10;9609;0;0;0;0;22168;2;0;0;0
FR;3;2021-02-11;13618;1;0;0;0;35786;3;0;0;0
FR;3;2021-02-12;13404;0;0;0;0;49190;3;0;0;0
FR;3;2021-02-13;3797;1;0;0;0;52987;4;0;0;0
FR;3;2021-02-14;974;0;0;0;0;53961;4;0;0;0
FR;3;2021-02-15;10491;1;0;0;0;64452;5;0;0;0
FR;3;2021-02-16;12550;4;0;0;0;77002;9;0;0;0
FR;3;2021-02-17;11156;1;0;0;0;88158;10;0;0;0
FR;3;2021-02-18;14942;2;0;0;0;103100;12;0;0;0
FR;3;2021-02-19;14362;1;0;0;0;117462;13;0;0;0
FR;3;2021-02-20;3330;0;0;0;0;120792;13;0;0;0
FR;3;2021-02-21;618;0;0;0;0;121410;13;0;0;0
FR;3;2021-02-22;9166;0;0;0;0;130576;13;0;0;0
FR;3;2021-02-23;11398;3;0;0;0;141974;16;0;0;0
FR;3;2021-02-24;14305;1;0;0;0;156279;17;0;0;0
FR;3;2021-02-25;44931;3;0;0;0;201210;20;0;0;0
FR;3;2021-02-26;61888;7;0;0;0;263098;27;0;0;0
FR;3;2021-02-27;34805;11;0;0;0;297903;38;0;0;0
FR;3;2021-02-28;2463;0;0;0;0;300366;38;0;0;0
FR;3;2021-03-01;20518;14;0;0;0;320884;52;0;0;0
FR;3;2021-03-02;38869;21;0;0;0;359753;73;0;0;0
FR;3;2021-03-03;48743;16;0;0;0;408496;89;0;0;0
FR;3;2021-03-04;82222;22;0;0;0;490718;111;0;0;0
FR;3;2021-03-05;118128;43;0;0;0;608846;154;0;0;0
FR;3;2021-03-06;120716;63;1;0;0;729562;217;1;0;0
FR;3;2021-03-07;55180;25;0;0;0;784742;242;1;0;0
FR;3;2021-03-08;42814;25;0;0;0;827556;267;1;0;0
FR;3;2021-03-09;78973;51;0;0;0;906529;318;1;0;0
FR;3;2021-03-10;80978;58;0;0;0;987507;376;1;0;0
FR;3;2021-03-11;128439;60;0;0;0;1115946;436;1;0;0
FR;3;2021-03-12;182723;106;0;0;0;1298669;542;1;0;0
FR;3;2021-03-13;132155;77;0;0;0;1430824;619;1;0;0
FR;3;2021-03-14;14056;5;0;0;0;1444880;624;1;0;0
FR;3;2021-03-15;52236;65;0;0;0;1497116;689;1;0;0
FR;3;2021-03-16;1215;44;0;0;0;1498331;733;1;0;0
FR;3;2021-03-17;946;45;0;0;0;1499277;778;1;0;0
FR;3;2021-03-18;1571;29;0;0;0;1500848;807;1;0;0
FR;3;2021-03-19;70455;50;0;0;0;1571303;857;1;0;0
FR;3;2021-03-20;65235;45;0;0;0;1636538;902;1;0;0
FR;3;2021-03-21;5759;8;0;0;0;1642297;910;1;0;0
FR;3;2021-03-22;37506;44;0;0;0;1679803;954;1;0;0
FR;3;2021-03-23;84659;76;0;0;0;1764462;1030;1;0;0
FR;3;2021-03-24;90946;97;0;0;0;1855408;1127;1;0;0
FR;3;2021-03-25;150061;136;0;0;0;2005469;1263;1;0;0
FR;3;2021-03-26;165428;155;0;0;0;2170897;1418;1;0;0
FR;3;2021-03-27;68458;101;0;0;0;2239355;1519;1;0;0
FR;3;2021-03-28;6475;21;0;0;0;2245830;1540;1;0;0
FR;3;2021-03-29;54166;75;0;0;0;2299996;1615;1;0;0
FR;3;2021-03-30;93174;101;0;0;0;2393170;1716;1;0;0
FR;3;2021-03-31;63539;104;0;0;0;2456709;1820;1;0;0
FR;3;2021-04-01;86131;112;0;0;0;2542840;1932;1;0;0
FR;3;2021-04-02;86907;176;0;0;0;2629747;2108;1;0;0
FR;3;2021-04-03;35875;128;0;0;0;2665622;2236;1;0;0
FR;3;2021-04-04;3573;19;0;0;0;2669195;2255;1;0;0
FR;3;2021-04-05;4491;37;0;0;0;2673686;2292;1;0;0
FR;3;2021-04-06;29754;95;0;0;0;2703440;2387;1;0;0
FR;3;2021-04-07;32343;93;0;0;0;2735783;2480;1;0;0
FR;3;2021-04-08;78818;252;0;0;0;2814601;2732;1;0;0
FR;3;2021-04-09;161754;431;0;0;0;2976355;3163;1;0;0
FR;3;2021-04-10;75760;354;0;0;0;3052115;3517;1;0;0
FR;3;2021-04-11;7311;46;0;0;0;3059426;3563;1;0;0
FR;3;2021-04-12;51478;216;0;0;0;3110904;3779;1;0;0
FR;3;2021-04-13;86231;344;0;0;0;3197135;4123;1;0;0
FR;3;2021-04-14;67844;357;0;0;0;3264979;4480;1;0;0
FR;3;2021-04-15;93233;388;0;0;0;3358212;4868;1;0;0
FR;3;2021-04-16;112520;600;0;0;0;3470732;5468;1;0;0
FR;3;2021-04-17;53317;338;1;0;0;3524049;5806;2;0;0
FR;3;2021-04-18;9747;43;0;0;0;3533796;5849;2;0;0
FR;3;2021-04-19;25111;261;0;0;0;3558907;6110;2;0;0
FR;3;2021-04-20;45673;415;0;0;0;3604580;6525;2;0;0
FR;3;2021-04-21;38979;497;0;0;0;3643559;7022;2;0;0
FR;3;2021-04-22;54713;823;0;0;0;3698272;7845;2;0;0
FR;3;2021-04-23;70489;1049;0;0;0;3768761;8894;2;0;0
FR;3;2021-04-24;37245;1057;0;0;0;3806006;9951;2;0;0
FR;3;2021-04-25;6211;151;0;0;0;3812217;10102;2;0;0
FR;3;2021-04-26;19787;680;0;0;0;3832004;10782;2;0;0
FR;3;2021-04-27;34481;1293;0;0;0;3866485;12075;2;0;0
FR;3;2021-04-28;28968;1987;0;0;0;3895453;14062;2;0;0
FR;3;2021-04-29;45382;6039;0;0;0;3940835;20101;2;0;0
FR;3;2021-04-30;55463;9011;1;0;0;3996298;29112;3;0;0
FR;3;2021-05-01;9515;2025;0;0;0;4005813;31137;3;0;0
FR;3;2021-05-02;3075;478;0;0;0;4008888;31615;3;0;0
FR;3;2021-05-03;13062;3895;0;0;0;4021950;35510;3;0;0
FR;3;2021-05-04;23113;8451;0;0;0;4045063;43961;3;0;0
FR;3;2021-05-05;18759;10721;0;0;0;4063822;54682;3;0;0
FR;3;2021-05-06;34628;21077;0;0;0;4098450;75759;3;0;0
FR;3;2021-05-07;44202;28667;0;0;0;4142652;104426;3;0;0
FR;3;2021-05-08;6785;9174;0;0;0;4149437;113600;3;0;0
FR;3;2021-05-09;1795;2653;0;0;0;4151232;116253;3;0;0
FR;3;2021-05-10;14996;12796;0;0;0;4166228;129049;3;0;0
FR;3;2021-05-11;27096;26058;0;0;0;4193324;155107;3;0;0
FR;3;2021-05-12;17269;27851;0;0;0;4210593;182958;3;0;0
FR;3;2021-05-13;2282;3492;0;0;0;4212875;186450;3;0;0
FR;3;2021-05-14;14518;25972;0;0;0;4227393;212422;3;0;0
FR;3;2021-05-15;7234;20949;0;0;0;4234627;233371;3;0;0
FR;3;2021-05-16;976;2647;0;0;0;4235603;236018;3;0;0
FR;3;2021-05-17;7964;20066;0;0;0;4243567;256084;3;0;0
FR;3;2021-05-18;13413;29958;0;0;0;4256980;286042;3;0;0
FR;3;2021-05-19;9272;31014;0;0;0;4266252;317056;3;0;0
FR;3;2021-05-20;12805;53589;3;0;0;4279057;370645;6;0;0
FR;3;2021-05-21;12764;65916;2;0;0;4291821;436561;8;0;0
FR;3;2021-05-22;4963;33583;1;0;0;4296784;470144;9;0;0
FR;3;2021-05-23;651;2653;0;0;0;4297435;472797;9;0;0
FR;3;2021-05-24;883;4844;0;0;0;4298318;477641;9;0;0
FR;3;2021-05-25;5309;46150;1;0;0;4303627;523791;10;0;0
FR;3;2021-05-26;4976;51736;1;0;0;4308603;575527;11;0;0
FR;3;2021-05-27;6332;78603;3;0;0;4314935;654130;14;0;0
FR;3;2021-05-28;7542;99794;2;0;0;4322477;753924;16;0;0
FR;3;2021-05-29;3349;60784;1;0;0;4325826;814708;17;0;0
FR;3;2021-05-30;548;8164;0;0;0;4326374;822872;17;0;0
FR;3;2021-05-31;2441;35656;3;0;0;4328815;858528;20;0;0
FR;3;2021-06-01;3407;64845;10;0;0;4332222;923373;30;0;0
FR;3;2021-06-02;2732;58619;6;0;0;4334954;981992;36;0;0
FR;3;2021-06-03;3495;87319;10;0;0;4338449;1069311;46;0;0
FR;3;2021-06-04;4114;105568;22;0;0;4342563;1174879;68;0;0
FR;3;2021-06-05;1982;52457;4;0;0;4344545;1227336;72;0;0
FR;3;2021-06-06;508;5320;1;0;0;4345053;1232656;73;0;0
FR;3;2021-06-07;1478;30845;11;0;0;4346531;1263501;84;0;0
FR;3;2021-06-08;2059;47337;18;0;0;4348590;1310838;102;0;0
FR;3;2021-06-09;1794;41987;13;0;0;4350384;1352825;115;0;0
FR;3;2021-06-10;2252;67758;17;0;0;4352636;1420583;132;0;0
FR;3;2021-06-11;2480;96658;34;0;0;4355116;1517241;166;0;0
FR;3;2021-06-12;1176;40664;6;0;0;4356292;1557905;172;0;0
FR;3;2021-06-13;282;3677;3;0;0;4356574;1561582;175;0;0
FR;3;2021-06-14;1045;42434;17;0;0;4357619;1604016;192;0;0
FR;3;2021-06-15;1371;80476;20;0;0;4358990;1684492;212;0;0
FR;3;2021-06-16;1260;65542;20;0;0;4360250;1750034;232;0;0
FR;3;2021-06-17;1666;102097;41;0;0;4361916;1852131;273;0;0
FR;3;2021-06-18;1870;118226;62;0;0;4363786;1970357;335;0;0
FR;3;2021-06-19;802;39451;22;0;0;4364588;2009808;357;0;0
FR;3;2021-06-20;160;3248;0;0;0;4364748;2013056;357;0;0
FR;3;2021-06-21;772;39105;16;0;0;4365520;2052161;373;0;0
FR;3;2021-06-22;1065;70007;52;0;0;4366585;2122168;425;0;0
FR;3;2021-06-23;942;50837;39;0;0;4367527;2173005;464;0;0
FR;3;2021-06-24;1310;77204;48;0;0;4368837;2250209;512;0;0
FR;3;2021-06-25;1405;90458;73;0;0;4370242;2340667;585;0;0
FR;3;2021-06-26;631;33109;29;0;0;4370873;2373776;614;0;0
FR;3;2021-06-27;166;3867;1;0;0;4371039;2377643;615;0;0
FR;3;2021-06-28;653;30181;27;0;0;4371692;2407824;642;0;0
FR;3;2021-06-29;857;56407;95;0;0;4372549;2464231;737;0;0
FR;3;2021-06-30;905;45126;93;0;0;4373454;2509357;830;0;0
FR;3;2021-07-01;1163;65937;108;0;0;4374617;2575294;938;0;0
FR;3;2021-07-02;1305;90470;170;0;0;4375922;2665764;1108;0;0
FR;3;2021-07-03;602;31177;51;0;0;4376524;2696941;1159;0;0
FR;3;2021-07-04;144;4088;3;0;0;4376668;2701029;1162;0;0
FR;3;2021-07-05;610;33706;60;0;0;4377278;2734735;1222;0;0
FR;3;2021-07-06;963;55993;88;0;0;4378241;2790728;1310;0;0
FR;3;2021-07-07;871;42972;80;0;0;4379112;2833700;1390;0;0
FR;3;2021-07-08;1125;60758;99;0;0;4380237;2894458;1489;0;0
FR;3;2021-07-09;1260;68856;128;0;0;4381497;2963314;1617;0;0
FR;3;2021-07-10;643;25042;59;0;0;4382140;2988356;1676;0;0
FR;3;2021-07-11;129;3222;4;0;0;4382269;2991578;1680;0;0
FR;3;2021-07-12;662;23746;59;0;0;4382931;3015324;1739;0;0
FR;3;2021-07-13;1647;34572;90;0;0;4384578;3049896;1829;0;0
FR;3;2021-07-14;267;2523;2;0;0;4384845;3052419;1831;0;0
FR;3;2021-07-15;1940;30515;85;0;0;4386785;3082934;1916;0;0
FR;3;2021-07-16;2520;38731;122;0;0;4389305;3121665;2038;0;0
FR;3;2021-07-17;1049;13731;26;0;0;4390354;3135396;2064;0;0
FR;3;2021-07-18;265;2561;3;0;0;4390619;3137957;2067;0;0
FR;3;2021-07-19;1276;17015;37;0;0;4391895;3154972;2104;0;0
FR;3;2021-07-20;1823;27013;98;0;0;4393718;3181985;2202;0;0
FR;3;2021-07-21;1651;19589;44;0;0;4395369;3201574;2246;0;0
FR;3;2021-07-22;1854;27673;83;0;0;4397223;3229247;2329;0;0
FR;3;2021-07-23;2215;30327;117;0;0;4399438;3259574;2446;0;0
FR;3;2021-07-24;826;6961;25;0;0;4400264;3266535;2471;0;0
FR;3;2021-07-25;210;1303;1;0;0;4400474;3267838;2472;0;0
FR;3;2021-07-26;929;10580;28;0;0;4401403;3278418;2500;0;0
FR;3;2021-07-27;1169;16873;56;0;0;4402572;3295291;2556;0;0
FR;3;2021-07-28;989;12027;40;0;0;4403561;3307318;2596;0;0
FR;3;2021-07-29;1127;15739;63;0;0;4404688;3323057;2659;0;0
FR;3;2021-07-30;1128;18021;79;0;0;4405816;3341078;2738;0;0
FR;3;2021-07-31;406;3735;15;0;0;4406222;3344813;2753;0;0
FR;3;2021-08-01;114;460;1;0;0;4406336;3345273;2754;0;0
FR;3;2021-08-02;421;5071;22;0;0;4406757;3350344;2776;0;0
FR;3;2021-08-03;495;7515;27;0;0;4407252;3357859;2803;0;0
FR;3;2021-08-04;437;4852;26;0;0;4407689;3362711;2829;0;0
FR;3;2021-08-05;430;3679;13;0;0;4408119;3366390;2842;0;0
FR;3;2021-08-06;456;4734;30;0;0;4408575;3371124;2872;0;0
FR;3;2021-08-07;214;1906;11;0;0;4408789;3373030;2883;0;0
FR;3;2021-08-08;250;427;2;0;0;4409039;3373457;2885;0;0
FR;3;2021-08-09;318;2424;11;0;0;4409357;3375881;2896;0;0
FR;3;2021-08-10;368;3803;15;0;0;4409725;3379684;2911;0;0
FR;3;2021-08-11;291;2689;15;0;0;4410016;3382373;2926;0;0
FR;3;2021-08-12;277;2605;12;0;0;4410293;3384978;2938;0;0
FR;3;2021-08-13;277;2263;16;0;0;4410570;3387241;2954;0;0
FR;3;2021-08-14;172;904;1;0;0;4410742;3388145;2955;0;0
FR;3;2021-08-15;56;174;0;0;0;4410798;3388319;2955;0;0
FR;3;2021-08-16;124;1038;8;0;0;4410922;3389357;2963;0;0
FR;3;2021-08-17;188;1458;8;0;0;4411110;3390815;2971;0;0
FR;3;2021-08-18;203;1327;10;0;0;4411313;3392142;2981;0;0
FR;3;2021-08-19;165;1391;10;0;0;4411478;3393533;2991;0;0
FR;3;2021-08-20;167;1610;16;0;0;4411645;3395143;3007;0;0
FR;3;2021-08-21;93;586;2;0;0;4411738;3395729;3009;0;0
FR;3;2021-08-22;42;188;1;0;0;4411780;3395917;3010;0;0
FR;3;2021-08-23;141;910;7;0;0;4411921;3396827;3017;0;0
FR;3;2021-08-24;124;943;10;0;0;4412045;3397770;3027;0;0
FR;3;2021-08-25;137;830;3;0;0;4412182;3398600;3030;0;0
FR;3;2021-08-26;172;846;9;0;0;4412354;3399446;3039;0;0
FR;3;2021-08-27;178;944;9;0;0;4412532;3400390;3048;0;0
FR;3;2021-08-28;100;370;4;0;0;4412632;3400760;3052;0;0
FR;3;2021-08-29;128;132;1;0;0;4412760;3400892;3053;0;0
FR;3;2021-08-30;100;579;0;0;121;4412860;3401471;3053;0;121
FR;3;2021-08-31;133;694;7;0;142;4412993;3402165;3060;0;263
FR;3;2021-09-01;121;466;5;0;115;4413114;3402631;3065;0;378
FR;3;2021-09-02;100;617;22;0;112;4413214;3403248;3087;0;490
FR;3;2021-09-03;115;572;17;0;120;4413329;3403820;3104;0;610
FR;3;2021-09-04;54;300;3;0;55;4413383;3404120;3107;0;665
FR;3;2021-09-05;51;65;5;0;26;4413434;3404185;3112;0;691
FR;3;2021-09-06;117;379;4;0;138;4413551;3404564;3116;0;829
FR;3;2021-09-07;124;449;14;0;121;4413675;3405013;3130;0;950
FR;3;2021-09-08;120;351;2;0;94;4413795;3405364;3132;0;1044
FR;3;2021-09-09;93;387;8;0;108;4413888;3405751;3140;0;1152
FR;3;2021-09-10;100;408;3;0;96;4413988;3406159;3143;0;1248
FR;3;2021-09-11;76;233;4;0;66;4414064;3406392;3147;0;1314
FR;3;2021-09-12;37;47;1;0;17;4414101;3406439;3148;0;1331
FR;3;2021-09-13;73;308;7;0;102;4414174;3406747;3155;0;1433
FR;3;2021-09-14;72;281;6;0;99;4414246;3407028;3161;0;1532
FR;3;2021-09-15;61;257;3;0;6;4414307;3407285;3164;0;1538
FR;3;2021-09-16;62;325;6;0;6;4414369;3407610;3170;0;1544
FR;3;2021-09-17;52;334;3;0;7;4414421;3407944;3173;0;1551
FR;3;2021-09-18;36;178;1;0;1;4414457;3408122;3174;0;1552
FR;3;2021-09-19;28;31;2;0;1;4414485;3408153;3176;0;1553
FR;3;2021-09-20;81;197;0;0;1;4414566;3408350;3176;0;1554
FR;3;2021-09-21;60;285;6;0;7;4414626;3408635;3182;0;1561
FR;3;2021-09-22;64;233;6;0;7;4414690;3408868;3188;0;1568
FR;3;2021-09-23;37;265;11;0;7;4414727;3409133;3199;0;1575
FR;3;2021-09-24;28;322;12;0;19;4414755;3409455;3211;0;1594
FR;3;2021-09-25;31;142;3;0;3;4414786;3409597;3214;0;1597
FR;3;2021-09-26;16;58;1;0;1;4414802;3409655;3215;0;1598
FR;3;2021-09-27;46;292;3;0;5;4414848;3409947;3218;0;1603
FR;3;2021-09-28;49;249;6;0;8;4414897;3410196;3224;0;1611
FR;3;2021-09-29;37;224;10;0;14;4414934;3410420;3234;0;1625
FR;3;2021-09-30;39;202;8;0;10;4414973;3410622;3242;0;1635
FR;3;2021-10-01;22;163;6;0;7;4414995;3410785;3248;0;1642
FR;3;2021-10-02;17;85;0;0;0;4415012;3410870;3248;0;1642
FR;3;2021-10-03;19;18;1;0;2;4415031;3410888;3249;0;1644
FR;3;2021-10-04;33;158;4;0;4;4415064;3411046;3253;0;1648
FR;3;2021-10-05;17;151;10;0;13;4415081;3411197;3263;0;1661
FR;3;2021-10-06;32;147;8;0;9;4415113;3411344;3271;0;1670
FR;3;2021-10-07;19;133;6;0;6;4415132;3411477;3277;0;1676
FR;3;2021-10-08;24;141;10;0;9;4415156;3411618;3287;0;1685
FR;3;2021-10-09;16;72;1;0;1;4415172;3411690;3288;0;1686
FR;3;2021-10-10;13;18;2;0;3;4415185;3411708;3290;0;1689
FR;3;2021-10-11;16;119;4;0;5;4415201;3411827;3294;0;1694
FR;3;2021-10-12;20;104;5;0;5;4415221;3411931;3299;0;1699
FR;3;2021-10-13;25;116;9;0;7;4415246;3412047;3308;0;1706
FR;3;2021-10-14;18;153;3;0;4;4415264;3412200;3311;0;1710
FR;3;2021-10-15;23;150;8;0;12;4415287;3412350;3319;0;1722
FR;3;2021-10-16;11;76;6;0;8;4415298;3412426;3325;0;1730
FR;3;2021-10-17;12;25;0;0;0;4415310;3412451;3325;0;1730
FR;3;2021-10-18;18;117;2;0;2;4415328;3412568;3327;0;1732
FR;3;2021-10-19;16;114;19;0;21;4415344;3412682;3346;0;1753
FR;3;2021-10-20;25;128;6;0;7;4415369;3412810;3352;0;1760
FR;3;2021-10-21;28;130;17;0;13;4415397;3412940;3369;0;1773
FR;3;2021-10-22;23;112;16;0;19;4415420;3413052;3385;0;1792
FR;3;2021-10-23;15;58;2;0;1;4415435;3413110;3387;0;1793
FR;3;2021-10-24;7;35;0;0;0;4415442;3413145;3387;0;1793
FR;3;2021-10-25;23;149;7;0;7;4415465;3413294;3394;0;1800
FR;3;2021-10-26;25;101;22;0;19;4415490;3413395;3416;0;1819
FR;3;2021-10-27;18;102;9;0;9;4415508;3413497;3425;0;1828
FR;3;2021-10-28;22;119;33;0;36;4415530;3413616;3458;0;1864
FR;3;2021-10-29;12;109;64;0;54;4415542;3413725;3522;0;1918
FR;3;2021-10-30;11;63;11;1;10;4415553;3413788;3533;1;1928
FR;3;2021-10-31;8;23;1;0;1;4415561;3413811;3534;1;1929
FR;3;2021-11-01;10;22;2;0;1;4415571;3413833;3536;1;1930
FR;3;2021-11-02;9;103;10;0;12;4415580;3413936;3546;1;1942
FR;3;2021-11-03;19;112;10;0;10;4415599;3414048;3556;1;1952
FR;3;2021-11-04;18;90;4;0;3;4415617;3414138;3560;1;1955
FR;3;2021-11-05;19;127;8;1;5;4415636;3414265;3568;2;1960
FR;3;2021-11-06;10;61;3;0;3;4415646;3414326;3571;2;1963
FR;3;2021-11-07;6;21;1;0;1;4415652;3414347;3572;2;1964
FR;3;2021-11-08;11;134;7;0;5;4415663;3414481;3579;2;1969
FR;3;2021-11-09;13;135;5;0;5;4415676;3414616;3584;2;1974
FR;3;2021-11-10;14;165;14;0;15;4415690;3414781;3598;2;1989
FR;3;2021-11-11;11;49;3;0;3;4415701;3414830;3601;2;1992
FR;3;2021-11-12;14;140;6;0;4;4415715;3414970;3607;2;1996
FR;3;2021-11-13;7;68;9;0;10;4415722;3415038;3616;2;2006
FR;3;2021-11-14;3;24;1;0;1;4415725;3415062;3617;2;2007
FR;3;2021-11-15;5;175;10;0;11;4415730;3415237;3627;2;2018
FR;3;2021-11-16;6;145;11;0;10;4415736;3415382;3638;2;2028
FR;3;2021-11-17;7;154;11;0;8;4415743;3415536;3649;2;2036
FR;3;2021-11-18;14;151;10;0;11;4415757;3415687;3659;2;2047
FR;3;2021-11-19;10;202;22;0;27;4415767;3415889;3681;2;2074
FR;3;2021-11-20;6;107;6;0;6;4415773;3415996;3687;2;2080
FR;3;2021-11-21;3;26;3;0;3;4415776;3416022;3690;2;2083
FR;3;2021-11-22;11;205;11;0;11;4415787;3416227;3701;2;2094
FR;3;2021-11-23;9;203;15;0;14;4415796;3416430;3716;2;2108
FR;3;2021-11-24;9;207;9;0;17;4415805;3416637;3725;2;2125
FR;3;2021-11-25;12;236;11;0;11;4415817;3416873;3736;2;2136
FR;3;2021-11-26;8;306;35;0;33;4415825;3417179;3771;2;2169
FR;3;2021-11-27;8;143;20;0;21;4415833;3417322;3791;2;2190
FR;3;2021-11-28;3;63;7;0;7;4415836;3417385;3798;2;2197
FR;3;2021-11-29;5;260;20;0;21;4415841;3417645;3818;2;2218
FR;3;2021-11-30;7;352;28;0;31;4415848;3417997;3846;2;2249
FR;3;2021-12-01;30;383;36;0;38;4415878;3418380;3882;2;2287
FR;3;2021-12-02;9;399;33;0;36;4415887;3418779;3915;2;2323
FR;3;2021-12-03;4;453;37;0;38;4415891;3419232;3952;2;2361
FR;3;2021-12-04;3;243;26;0;28;4415894;3419475;3978;2;2389
FR;3;2021-12-05;1;66;5;0;5;4415895;3419541;3983;2;2394
FR;3;2021-12-06;6;418;14;0;15;4415901;3419959;3997;2;2409
FR;3;2021-12-07;4;496;20;0;24;4415905;3420455;4017;2;2433
FR;3;2021-12-08;7;452;29;0;30;4415912;3420907;4046;2;2463
FR;3;2021-12-09;3;510;17;0;22;4415915;3421417;4063;2;2485
FR;3;2021-12-10;10;524;29;0;25;4415925;3421941;4092;2;2510
FR;3;2021-12-11;4;337;10;0;9;4415929;3422278;4102;2;2519
FR;3;2021-12-12;1;108;3;0;3;4415930;3422386;4105;2;2522
FR;3;2021-12-13;2;507;19;0;21;4415932;3422893;4124;2;2543
FR;3;2021-12-14;8;644;18;0;21;4415940;3423537;4142;2;2564
FR;3;2021-12-15;9;614;17;0;21;4415949;3424151;4159;2;2585
FR;3;2021-12-16;10;627;19;0;18;4415959;3424778;4178;2;2603
FR;3;2021-12-17;5;710;18;0;19;4415964;3425488;4196;2;2622
FR;3;2021-12-18;4;377;4;0;5;4415968;3425865;4200;2;2627
FR;3;2021-12-19;3;194;2;0;2;4415971;3426059;4202;2;2629
FR;3;2021-12-20;8;643;23;0;28;4415979;3426702;4225;2;2657
FR;3;2021-12-21;3;733;10;0;13;4415982;3427435;4235;2;2670
FR;3;2021-12-22;10;683;9;0;10;4415992;3428118;4244;2;2680
FR;3;2021-12-23;2;591;8;0;8;4415994;3428709;4252;2;2688
FR;3;2021-12-24;2;250;3;0;6;4415996;3428959;4255;2;2694
FR;3;2021-12-25;0;25;0;0;0;4415996;3428984;4255;2;2694
FR;3;2021-12-26;0;92;1;0;1;4415996;3429076;4256;2;2695
FR;3;2021-12-27;7;498;17;0;20;4416003;3429574;4273;2;2715
FR;3;2021-12-28;3;645;6;0;5;4416006;3430219;4279;2;2720
FR;3;2021-12-29;4;537;14;0;16;4416010;3430756;4293;2;2736
FR;3;2021-12-30;3;555;7;0;10;4416013;3431311;4300;2;2746
FR;3;2021-12-31;0;196;5;0;7;4416013;3431507;4305;2;2753
FR;3;2022-01-01;0;26;0;0;2;4416013;3431533;4305;2;2755
FR;3;2022-01-02;0;80;0;0;0;4416013;3431613;4305;2;2755
FR;3;2022-01-03;4;534;17;0;21;4416017;3432147;4322;2;2776
FR;3;2022-01-04;6;583;9;0;8;4416023;3432730;4331;2;2784
FR;3;2022-01-05;5;528;10;0;14;4416028;3433258;4341;2;2798
FR;3;2022-01-06;6;505;9;0;10;4416034;3433763;4350;2;2808
FR;3;2022-01-07;2;533;11;0;13;4416036;3434296;4361;2;2821
FR;3;2022-01-08;4;263;4;0;5;4416040;3434559;4365;2;2826
FR;3;2022-01-09;0;117;0;0;0;4416040;3434676;4365;2;2826
FR;3;2022-01-10;2;457;12;0;12;4416042;3435133;4377;2;2838
FR;3;2022-01-11;2;497;1;0;1;4416044;3435630;4378;2;2839
FR;3;2022-01-12;2;421;9;0;10;4416046;3436051;4387;2;2849
FR;3;2022-01-13;3;406;11;0;12;4416049;3436457;4398;2;2861
FR;3;2022-01-14;3;451;10;0;13;4416052;3436908;4408;2;2874
FR;3;2022-01-15;0;289;2;0;3;4416052;3437197;4410;2;2877
FR;3;2022-01-16;1;110;1;0;1;4416053;3437307;4411;2;2878
FR;3;2022-01-17;2;335;8;0;9;4416055;3437642;4419;2;2887
FR;3;2022-01-18;2;386;1;0;2;4416057;3438028;4420;2;2889
FR;3;2022-01-19;2;338;5;0;10;4416059;3438366;4425;2;2899
FR;3;2022-01-20;1;367;5;0;3;4416060;3438733;4430;2;2902
FR;3;2022-01-21;4;357;5;0;7;4416064;3439090;4435;2;2909
FR;3;2022-01-22;2;230;1;0;2;4416066;3439320;4436;2;2911
FR;3;2022-01-23;0;81;0;0;1;4416066;3439401;4436;2;2912
FR;3;2022-01-24;2;336;1;0;6;4416068;3439737;4437;2;2918
FR;3;2022-01-25;0;184;0;0;0;4416068;3439921;4437;2;2918
FR;3;2022-01-26;0;80;0;0;0;4416068;3440001;4437;2;2918
FR;3;2022-01-27;0;54;0;0;0;4416068;3440055;4437;2;2918
FR;3;2022-01-28;0;123;0;0;0;4416068;3440178;4437;2;2918
FR;3;2022-01-29;0;103;0;0;0;4416068;3440281;4437;2;2918
FR;3;2022-01-30;0;51;0;0;0;4416068;3440332;4437;2;2918
FR;3;2022-01-31;0;96;0;0;0;4416068;3440428;4437;2;2918
FR;3;2022-02-01;0;101;0;0;1;4416068;3440529;4437;2;2919
FR;3;2022-02-02;0;89;0;0;0;4416068;3440618;4437;2;2919
FR;3;2022-02-03;0;96;0;0;0;4416068;3440714;4437;2;2919
FR;3;2022-02-04;0;121;0;0;0;4416068;3440835;4437;2;2919
FR;3;2022-02-05;0;71;0;0;0;4416068;3440906;4437;2;2919
FR;3;2022-02-06;0;11;0;0;0;4416068;3440917;4437;2;2919
FR;3;2022-02-07;0;85;0;0;0;4416068;3441002;4437;2;2919
FR;3;2022-02-08;0;0;0;0;0;4416068;3441002;4437;2;2919
FR;3;2022-02-09;0;0;0;0;0;4416068;3441002;4437;2;2919
FR;3;2022-02-10;0;0;0;0;0;4416068;3441002;4437;2;2919
FR;3;2022-02-11;0;0;0;0;0;4416068;3441002;4437;2;2919
FR;3;2022-02-12;0;0;0;0;0;4416068;3441002;4437;2;2919
FR;3;2022-02-13;0;0;0;0;0;4416068;3441002;4437;2;2919
FR;3;2022-02-14;0;0;0;0;0;4416068;3441002;4437;2;2919
FR;3;2022-02-15;0;0;0;0;0;4416068;3441002;4437;2;2919
FR;3;2022-02-16;0;0;0;0;0;4416068;3441002;4437;2;2919
FR;3;2022-02-17;0;0;0;0;0;4416068;3441002;4437;2;2919
FR;3;2022-02-18;0;0;0;0;0;4416068;3441002;4437;2;2919
FR;3;2022-02-19;0;0;0;0;0;4416068;3441002;4437;2;2919
FR;3;2022-02-20;0;0;0;0;0;4416068;3441002;4437;2;2919
FR;3;2022-02-21;2;0;0;0;0;4416070;3441002;4437;2;2919
FR;3;2022-02-22;0;0;0;0;0;4416070;3441002;4437;2;2919
FR;3;2022-02-23;0;0;0;0;0;4416070;3441002;4437;2;2919
FR;3;2022-02-24;0;0;0;0;0;4416070;3441002;4437;2;2919
FR;3;2022-02-25;0;0;0;0;0;4416070;3441002;4437;2;2919
FR;3;2022-02-26;0;0;0;0;0;4416070;3441002;4437;2;2919
FR;3;2022-02-27;0;0;0;0;0;4416070;3441002;4437;2;2919
FR;3;2022-02-28;1;0;0;0;0;4416071;3441002;4437;2;2919
FR;3;2022-03-01;1;0;0;0;0;4416072;3441002;4437;2;2919
FR;3;2022-03-02;0;0;0;0;0;4416072;3441002;4437;2;2919
FR;3;2022-03-03;0;0;0;0;0;4416072;3441002;4437;2;2919
FR;3;2022-03-04;0;0;0;0;0;4416072;3441002;4437;2;2919
FR;3;2022-03-05;0;0;0;0;0;4416072;3441002;4437;2;2919
FR;3;2022-03-06;1;0;0;0;0;4416073;3441002;4437;2;2919
FR;3;2022-03-07;0;0;0;0;0;4416073;3441002;4437;2;2919
FR;3;2022-03-08;1;0;0;0;0;4416074;3441002;4437;2;2919
FR;3;2022-03-09;0;0;0;0;0;4416074;3441002;4437;2;2919
FR;3;2022-03-10;0;0;0;0;0;4416074;3441002;4437;2;2919
FR;3;2022-03-11;0;0;0;0;0;4416074;3441002;4437;2;2919
FR;3;2022-03-12;0;0;0;0;0;4416074;3441002;4437;2;2919
FR;3;2022-03-13;0;0;0;0;0;4416074;3441002;4437;2;2919
FR;3;2022-03-14;0;0;0;0;0;4416074;3441002;4437;2;2919
FR;3;2022-03-15;0;0;0;0;0;4416074;3441002;4437;2;2919
FR;3;2022-03-16;0;0;0;0;0;4416074;3441002;4437;2;2919
FR;3;2022-03-17;0;0;0;0;0;4416074;3441002;4437;2;2919
FR;3;2022-03-18;0;0;0;0;0;4416074;3441002;4437;2;2919
FR;3;2022-03-19;0;0;0;0;0;4416074;3441002;4437;2;2919
FR;3;2022-03-20;1;0;0;0;0;4416075;3441002;4437;2;2919
FR;3;2022-03-21;0;0;0;0;0;4416075;3441002;4437;2;2919
FR;3;2022-03-22;0;0;0;0;0;4416075;3441002;4437;2;2919
FR;3;2022-03-23;1;0;0;0;0;4416076;3441002;4437;2;2919
FR;3;2022-03-24;0;0;0;0;0;4416076;3441002;4437;2;2919
FR;3;2022-03-25;1;0;0;0;0;4416077;3441002;4437;2;2919
FR;3;2022-03-26;0;0;0;0;0;4416077;3441002;4437;2;2919
FR;3;2022-03-27;0;0;0;0;0;4416077;3441002;4437;2;2919
FR;3;2022-03-28;0;0;0;0;0;4416077;3441002;4437;2;2919
FR;3;2022-03-29;0;0;0;0;0;4416077;3441002;4437;2;2919
FR;3;2022-03-30;0;0;0;0;0;4416077;3441002;4437;2;2919
FR;3;2022-03-31;0;0;0;0;0;4416077;3441002;4437;2;2919
FR;3;2022-04-01;0;0;0;0;0;4416077;3441002;4437;2;2919
FR;3;2022-04-02;0;0;0;0;0;4416077;3441002;4437;2;2919
FR;3;2022-04-03;0;0;0;0;0;4416077;3441002;4437;2;2919
FR;3;2022-04-04;0;0;0;0;0;4416077;3441002;4437;2;2919
FR;3;2022-04-05;0;0;0;0;0;4416077;3441002;4437;2;2919
FR;3;2022-04-06;0;0;0;0;0;4416077;3441002;4437;2;2919
FR;3;2022-04-07;0;0;0;0;0;4416077;3441002;4437;2;2919
FR;3;2022-04-08;0;0;0;0;0;4416077;3441002;4437;2;2919
FR;3;2022-04-09;0;0;0;0;0;4416077;3441002;4437;2;2919
FR;3;2022-04-10;0;0;0;0;0;4416077;3441002;4437;2;2919
FR;3;2022-04-11;0;0;0;0;0;4416077;3441002;4437;2;2919
FR;3;2022-04-12;0;0;0;0;0;4416077;3441002;4437;2;2919
FR;3;2022-04-13;0;0;0;0;0;4416077;3441002;4437;2;2919
FR;3;2022-04-14;0;0;0;0;0;4416077;3441002;4437;2;2919
FR;3;2022-04-15;1;0;0;0;0;4416078;3441002;4437;2;2919
FR;3;2022-04-16;0;0;0;0;0;4416078;3441002;4437;2;2919
FR;3;2022-04-17;0;0;0;0;0;4416078;3441002;4437;2;2919
FR;3;2022-04-18;0;0;0;0;0;4416078;3441002;4437;2;2919
FR;3;2022-04-19;0;0;0;0;0;4416078;3441002;4437;2;2919
FR;3;2022-04-20;0;0;0;0;0;4416078;3441002;4437;2;2919
FR;3;2022-04-21;0;0;0;0;0;4416078;3441002;4437;2;2919
FR;3;2022-04-22;0;0;0;0;0;4416078;3441002;4437;2;2919
FR;3;2022-04-23;0;0;0;0;0;4416078;3441002;4437;2;2919
FR;3;2022-04-24;0;0;0;0;0;4416078;3441002;4437;2;2919
FR;3;2022-04-25;0;0;0;0;0;4416078;3441002;4437;2;2919
FR;3;2022-04-26;0;0;0;0;0;4416078;3441002;4437;2;2919
FR;3;2022-04-27;0;0;0;0;0;4416078;3441002;4437;2;2919
FR;3;2022-04-28;0;0;0;0;0;4416078;3441002;4437;2;2919
FR;3;2022-04-29;0;0;0;0;0;4416078;3441002;4437;2;2919
FR;3;2022-04-30;0;0;0;0;0;4416078;3441002;4437;2;2919
FR;3;2022-05-01;0;0;0;0;0;4416078;3441002;4437;2;2919
FR;3;2022-05-02;0;0;0;0;0;4416078;3441002;4437;2;2919
FR;3;2022-05-03;0;0;0;0;0;4416078;3441002;4437;2;2919
FR;3;2022-05-04;0;0;0;0;0;4416078;3441002;4437;2;2919
FR;3;2022-05-05;0;0;0;0;0;4416078;3441002;4437;2;2919
FR;3;2022-05-06;0;0;0;0;0;4416078;3441002;4437;2;2919
FR;3;2022-05-07;0;0;0;0;0;4416078;3441002;4437;2;2919
FR;3;2022-05-08;0;0;0;0;0;4416078;3441002;4437;2;2919
FR;3;2022-05-09;0;0;0;0;0;4416078;3441002;4437;2;2919
FR;3;2022-05-10;0;0;0;0;0;4416078;3441002;4437;2;2919
FR;3;2022-05-11;0;0;0;0;0;4416078;3441002;4437;2;2919
FR;3;2022-05-12;0;0;0;0;0;4416078;3441002;4437;2;2919
FR;3;2022-05-13;0;0;0;0;0;4416078;3441002;4437;2;2919
FR;3;2022-05-14;1;0;0;0;0;4416079;3441002;4437;2;2919
FR;3;2022-05-15;0;0;0;0;0;4416079;3441002;4437;2;2919
FR;3;2022-05-16;0;0;0;0;0;4416079;3441002;4437;2;2919
FR;3;2022-05-17;0;0;0;0;0;4416079;3441002;4437;2;2919
FR;3;2022-05-18;0;0;0;0;0;4416079;3441002;4437;2;2919
FR;3;2022-05-19;0;0;0;0;0;4416079;3441002;4437;2;2919
FR;3;2022-05-20;0;0;0;0;0;4416079;3441002;4437;2;2919
FR;3;2022-05-21;0;0;0;0;0;4416079;3441002;4437;2;2919
FR;3;2022-05-22;0;0;0;0;0;4416079;3441002;4437;2;2919
FR;3;2022-05-23;0;0;0;0;0;4416079;3441002;4437;2;2919
FR;3;2022-05-24;0;0;0;0;0;4416079;3441002;4437;2;2919
FR;3;2022-05-25;0;0;0;0;0;4416079;3441002;4437;2;2919
FR;3;2022-05-26;0;0;0;0;0;4416079;3441002;4437;2;2919
FR;3;2022-05-27;0;0;0;0;0;4416079;3441002;4437;2;2919
FR;3;2022-05-28;0;0;0;0;0;4416079;3441002;4437;2;2919
FR;3;2022-05-29;0;0;0;0;0;4416079;3441002;4437;2;2919
FR;3;2022-05-30;0;0;0;0;0;4416079;3441002;4437;2;2919
FR;3;2022-05-31;0;0;0;0;0;4416079;3441002;4437;2;2919
FR;3;2022-06-01;0;0;0;0;0;4416079;3441002;4437;2;2919
FR;3;2022-06-02;0;0;0;0;0;4416079;3441002;4437;2;2919
FR;3;2022-06-03;0;0;0;0;0;4416079;3441002;4437;2;2919
FR;3;2022-06-04;0;0;0;0;0;4416079;3441002;4437;2;2919
FR;3;2022-06-05;0;0;0;0;0;4416079;3441002;4437;2;2919
FR;3;2022-06-06;0;0;0;0;0;4416079;3441002;4437;2;2919
FR;3;2022-06-07;0;0;0;0;0;4416079;3441002;4437;2;2919
FR;3;2022-06-08;0;0;0;0;0;4416079;3441002;4437;2;2919
FR;3;2022-06-09;0;0;0;0;0;4416079;3441002;4437;2;2919
FR;3;2022-06-10;0;0;0;0;0;4416079;3441002;4437;2;2919
FR;3;2022-06-11;0;0;0;0;0;4416079;3441002;4437;2;2919
FR;3;2022-06-12;0;0;0;0;0;4416079;3441002;4437;2;2919
FR;3;2022-06-13;1;0;0;0;0;4416080;3441002;4437;2;2919
FR;3;2022-06-14;0;0;0;0;0;4416080;3441002;4437;2;2919
FR;3;2022-06-15;0;0;0;0;0;4416080;3441002;4437;2;2919
FR;3;2022-06-16;0;0;0;0;0;4416080;3441002;4437;2;2919
FR;3;2022-06-17;0;0;0;0;0;4416080;3441002;4437;2;2919
FR;3;2022-06-18;0;0;0;0;0;4416080;3441002;4437;2;2919
FR;3;2022-06-19;0;0;0;0;0;4416080;3441002;4437;2;2919
FR;3;2022-06-20;0;0;0;0;0;4416080;3441002;4437;2;2919
FR;3;2022-06-21;0;0;0;0;0;4416080;3441002;4437;2;2919
FR;3;2022-06-22;0;0;0;0;0;4416080;3441002;4437;2;2919
FR;3;2022-06-23;0;0;0;0;0;4416080;3441002;4437;2;2919
FR;3;2022-06-24;0;0;0;0;0;4416080;3441002;4437;2;2919
FR;3;2022-06-25;0;0;0;0;0;4416080;3441002;4437;2;2919
FR;3;2022-06-26;0;0;0;0;0;4416080;3441002;4437;2;2919
FR;3;2022-06-27;0;0;0;0;0;4416080;3441002;4437;2;2919
FR;3;2022-06-28;0;0;0;0;0;4416080;3441002;4437;2;2919
FR;3;2022-06-29;1;0;0;0;0;4416081;3441002;4437;2;2919
FR;3;2022-06-30;0;0;0;0;0;4416081;3441002;4437;2;2919
FR;3;2022-07-01;0;0;0;0;0;4416081;3441002;4437;2;2919
FR;3;2022-07-02;0;0;0;0;0;4416081;3441002;4437;2;2919
FR;3;2022-07-03;0;0;0;0;0;4416081;3441002;4437;2;2919
FR;3;2022-07-04;0;0;0;0;0;4416081;3441002;4437;2;2919
FR;3;2022-07-05;0;0;0;0;0;4416081;3441002;4437;2;2919
FR;3;2022-07-06;0;0;0;0;0;4416081;3441002;4437;2;2919
FR;3;2022-07-07;0;0;0;0;0;4416081;3441002;4437;2;2919
FR;3;2022-07-08;0;0;0;0;0;4416081;3441002;4437;2;2919
FR;3;2022-07-09;0;0;0;0;0;4416081;3441002;4437;2;2919
FR;3;2022-07-10;0;0;0;0;0;4416081;3441002;4437;2;2919
FR;3;2022-07-11;0;0;0;0;0;4416081;3441002;4437;2;2919
FR;3;2022-07-12;0;0;0;0;0;4416081;3441002;4437;2;2919
FR;3;2022-07-13;0;0;0;0;0;4416081;3441002;4437;2;2919
FR;3;2022-07-14;0;0;0;0;0;4416081;3441002;4437;2;2919
FR;3;2022-07-15;0;0;0;0;0;4416081;3441002;4437;2;2919
FR;3;2022-07-16;0;0;0;0;0;4416081;3441002;4437;2;2919
FR;3;2022-07-17;0;0;0;0;0;4416081;3441002;4437;2;2919
FR;3;2022-07-18;0;0;0;0;0;4416081;3441002;4437;2;2919
FR;3;2022-07-19;0;0;0;0;0;4416081;3441002;4437;2;2919
FR;3;2022-07-20;0;0;0;0;0;4416081;3441002;4437;2;2919
FR;3;2022-07-21;0;0;0;0;0;4416081;3441002;4437;2;2919
FR;3;2022-07-22;0;0;0;0;0;4416081;3441002;4437;2;2919
FR;3;2022-07-23;0;0;0;0;0;4416081;3441002;4437;2;2919
FR;3;2022-07-24;0;0;0;0;0;4416081;3441002;4437;2;2919
FR;3;2022-07-25;0;0;0;0;0;4416081;3441002;4437;2;2919
FR;3;2022-07-26;0;0;0;0;0;4416081;3441002;4437;2;2919
FR;3;2022-07-27;0;0;0;0;0;4416081;3441002;4437;2;2919
FR;3;2022-07-28;0;0;0;0;0;4416081;3441002;4437;2;2919
FR;3;2022-07-29;0;0;0;0;0;4416081;3441002;4437;2;2919
FR;3;2022-07-30;0;0;0;0;0;4416081;3441002;4437;2;2919
FR;3;2022-07-31;0;0;0;0;0;4416081;3441002;4437;2;2919
FR;3;2022-08-01;0;0;0;0;0;4416081;3441002;4437;2;2919
FR;3;2022-08-02;0;0;0;0;0;4416081;3441002;4437;2;2919
FR;3;2022-08-03;0;0;0;0;0;4416081;3441002;4437;2;2919
FR;3;2022-08-04;0;0;0;0;0;4416081;3441002;4437;2;2919
FR;3;2022-08-05;0;0;0;0;0;4416081;3441002;4437;2;2919
FR;3;2022-08-06;0;0;0;0;0;4416081;3441002;4437;2;2919
FR;3;2022-08-07;0;0;0;0;0;4416081;3441002;4437;2;2919
FR;3;2022-08-08;0;0;0;0;0;4416081;3441002;4437;2;2919
FR;3;2022-08-09;0;0;0;0;0;4416081;3441002;4437;2;2919
FR;3;2022-08-10;0;0;0;0;0;4416081;3441002;4437;2;2919
FR;3;2022-08-11;0;0;0;0;0;4416081;3441002;4437;2;2919
FR;3;2022-08-12;0;0;0;0;0;4416081;3441002;4437;2;2919
FR;3;2022-08-13;0;0;0;0;0;4416081;3441002;4437;2;2919
FR;3;2022-08-14;0;0;0;0;0;4416081;3441002;4437;2;2919
FR;3;2022-08-15;0;0;0;0;0;4416081;3441002;4437;2;2919
FR;3;2022-08-16;0;0;0;0;0;4416081;3441002;4437;2;2919
FR;3;2022-08-17;0;0;0;0;0;4416081;3441002;4437;2;2919
FR;3;2022-08-18;0;0;0;0;0;4416081;3441002;4437;2;2919
FR;3;2022-08-19;0;0;0;0;0;4416081;3441002;4437;2;2919
FR;3;2022-08-20;0;0;0;0;0;4416081;3441002;4437;2;2919
FR;3;2022-08-21;0;0;0;0;0;4416081;3441002;4437;2;2919
FR;3;2022-08-22;0;0;0;0;0;4416081;3441002;4437;2;2919
FR;3;2022-08-23;0;0;0;0;0;4416081;3441002;4437;2;2919
FR;3;2022-08-24;0;0;0;0;0;4416081;3441002;4437;2;2919
FR;3;2022-08-25;0;0;0;0;0;4416081;3441002;4437;2;2919
FR;3;2022-08-26;0;0;0;0;0;4416081;3441002;4437;2;2919
FR;3;2022-08-27;0;0;0;0;0;4416081;3441002;4437;2;2919
FR;3;2022-08-28;0;0;0;0;0;4416081;3441002;4437;2;2919
FR;3;2022-08-29;0;0;0;0;0;4416081;3441002;4437;2;2919
FR;3;2022-08-30;0;0;0;0;0;4416081;3441002;4437;2;2919
FR;3;2022-08-31;0;0;0;0;0;4416081;3441002;4437;2;2919
FR;3;2022-09-01;0;0;0;0;0;4416081;3441002;4437;2;2919
FR;3;2022-09-02;0;0;0;0;0;4416081;3441002;4437;2;2919
FR;3;2022-09-03;0;0;0;0;0;4416081;3441002;4437;2;2919
FR;3;2022-09-04;0;0;0;0;0;4416081;3441002;4437;2;2919
FR;3;2022-09-05;0;0;0;0;0;4416081;3441002;4437;2;2919
FR;3;2022-09-06;0;0;0;0;0;4416081;3441002;4437;2;2919
FR;4;2020-12-27;0;0;0;0;0;0;0;0;0;0
FR;4;2020-12-28;0;0;0;0;0;0;0;0;0;0
FR;4;2020-12-29;0;0;0;0;0;0;0;0;0;0
FR;4;2020-12-30;0;0;0;0;0;0;0;0;0;0
FR;4;2020-12-31;0;0;0;0;0;0;0;0;0;0
FR;4;2021-01-01;0;0;0;0;0;0;0;0;0;0
FR;4;2021-01-02;0;0;0;0;0;0;0;0;0;0
FR;4;2021-01-03;0;0;0;0;0;0;0;0;0;0
FR;4;2021-01-04;0;0;0;0;0;0;0;0;0;0
FR;4;2021-01-05;0;0;0;0;0;0;0;0;0;0
FR;4;2021-01-06;0;0;0;0;0;0;0;0;0;0
FR;4;2021-01-07;0;0;0;0;0;0;0;0;0;0
FR;4;2021-01-08;0;0;0;0;0;0;0;0;0;0
FR;4;2021-01-09;0;0;0;0;0;0;0;0;0;0
FR;4;2021-01-10;0;0;0;0;0;0;0;0;0;0
FR;4;2021-01-11;0;0;0;0;0;0;0;0;0;0
FR;4;2021-01-12;0;0;0;0;0;0;0;0;0;0
FR;4;2021-01-13;0;0;0;0;0;0;0;0;0;0
FR;4;2021-01-14;0;0;0;0;0;0;0;0;0;0
FR;4;2021-01-15;0;0;0;0;0;0;0;0;0;0
FR;4;2021-01-16;0;0;0;0;0;0;0;0;0;0
FR;4;2021-01-17;0;0;0;0;0;0;0;0;0;0
FR;4;2021-01-18;0;0;0;0;0;0;0;0;0;0
FR;4;2021-01-19;0;0;0;0;0;0;0;0;0;0
FR;4;2021-01-20;0;0;0;0;0;0;0;0;0;0
FR;4;2021-01-21;0;0;0;0;0;0;0;0;0;0
FR;4;2021-01-22;0;0;0;0;0;0;0;0;0;0
FR;4;2021-01-23;0;0;0;0;0;0;0;0;0;0
FR;4;2021-01-24;0;0;0;0;0;0;0;0;0;0
FR;4;2021-01-25;0;0;0;0;0;0;0;0;0;0
FR;4;2021-01-26;0;0;0;0;0;0;0;0;0;0
FR;4;2021-01-27;0;0;0;0;0;0;0;0;0;0
FR;4;2021-01-28;0;0;0;0;0;0;0;0;0;0
FR;4;2021-01-29;0;0;0;0;0;0;0;0;0;0
FR;4;2021-01-30;0;0;0;0;0;0;0;0;0;0
FR;4;2021-01-31;0;0;0;0;0;0;0;0;0;0
FR;4;2021-02-01;0;0;0;0;0;0;0;0;0;0
FR;4;2021-02-02;0;0;0;0;0;0;0;0;0;0
FR;4;2021-02-03;0;0;0;0;0;0;0;0;0;0
FR;4;2021-02-04;0;0;0;0;0;0;0;0;0;0
FR;4;2021-02-05;0;0;0;0;0;0;0;0;0;0
FR;4;2021-02-06;0;0;0;0;0;0;0;0;0;0
FR;4;2021-02-07;0;0;0;0;0;0;0;0;0;0
FR;4;2021-02-08;0;0;0;0;0;0;0;0;0;0
FR;4;2021-02-09;0;0;0;0;0;0;0;0;0;0
FR;4;2021-02-10;0;0;0;0;0;0;0;0;0;0
FR;4;2021-02-11;0;0;0;0;0;0;0;0;0;0
FR;4;2021-02-12;0;0;0;0;0;0;0;0;0;0
FR;4;2021-02-13;0;0;0;0;0;0;0;0;0;0
FR;4;2021-02-14;0;0;0;0;0;0;0;0;0;0
FR;4;2021-02-15;0;0;0;0;0;0;0;0;0;0
FR;4;2021-02-16;0;0;0;0;0;0;0;0;0;0
FR;4;2021-02-17;0;0;0;0;0;0;0;0;0;0
FR;4;2021-02-18;0;0;0;0;0;0;0;0;0;0
FR;4;2021-02-19;0;0;0;0;0;0;0;0;0;0
FR;4;2021-02-20;0;0;0;0;0;0;0;0;0;0
FR;4;2021-02-21;0;0;0;0;0;0;0;0;0;0
FR;4;2021-02-22;0;0;0;0;0;0;0;0;0;0
FR;4;2021-02-23;0;0;0;0;0;0;0;0;0;0
FR;4;2021-02-24;0;0;0;0;0;0;0;0;0;0
FR;4;2021-02-25;0;0;0;0;0;0;0;0;0;0
FR;4;2021-02-26;0;0;0;0;0;0;0;0;0;0
FR;4;2021-02-27;0;0;0;0;0;0;0;0;0;0
FR;4;2021-02-28;0;0;0;0;0;0;0;0;0;0
FR;4;2021-03-01;0;0;0;0;0;0;0;0;0;0
FR;4;2021-03-02;0;0;0;0;0;0;0;0;0;0
FR;4;2021-03-03;0;0;0;0;0;0;0;0;0;0
FR;4;2021-03-04;0;0;0;0;0;0;0;0;0;0
FR;4;2021-03-05;0;0;0;0;0;0;0;0;0;0
FR;4;2021-03-06;0;0;0;0;0;0;0;0;0;0
FR;4;2021-03-07;0;0;0;0;0;0;0;0;0;0
FR;4;2021-03-08;0;0;0;0;0;0;0;0;0;0
FR;4;2021-03-09;0;0;0;0;0;0;0;0;0;0
FR;4;2021-03-10;0;0;0;0;0;0;0;0;0;0
FR;4;2021-03-11;0;0;0;0;0;0;0;0;0;0
FR;4;2021-03-12;0;0;0;0;0;0;0;0;0;0
FR;4;2021-03-13;0;0;0;0;0;0;0;0;0;0
FR;4;2021-03-14;0;0;0;0;0;0;0;0;0;0
FR;4;2021-03-15;0;0;0;0;0;0;0;0;0;0
FR;4;2021-03-16;0;0;0;0;0;0;0;0;0;0
FR;4;2021-03-17;0;0;0;0;0;0;0;0;0;0
FR;4;2021-03-18;0;0;0;0;0;0;0;0;0;0
FR;4;2021-03-19;0;0;0;0;0;0;0;0;0;0
FR;4;2021-03-20;0;0;0;0;0;0;0;0;0;0
FR;4;2021-03-21;0;0;0;0;0;0;0;0;0;0
FR;4;2021-03-22;0;0;0;0;0;0;0;0;0;0
FR;4;2021-03-23;0;0;0;0;0;0;0;0;0;0
FR;4;2021-03-24;0;0;0;0;0;0;0;0;0;0
FR;4;2021-03-25;0;0;0;0;0;0;0;0;0;0
FR;4;2021-03-26;0;0;0;0;0;0;0;0;0;0
FR;4;2021-03-27;0;0;0;0;0;0;0;0;0;0
FR;4;2021-03-28;0;0;0;0;0;0;0;0;0;0
FR;4;2021-03-29;0;0;0;0;0;0;0;0;0;0
FR;4;2021-03-30;0;0;0;0;0;0;0;0;0;0
FR;4;2021-03-31;0;0;0;0;0;0;0;0;0;0
FR;4;2021-04-01;0;0;0;0;0;0;0;0;0;0
FR;4;2021-04-02;0;0;0;0;0;0;0;0;0;0
FR;4;2021-04-03;0;0;0;0;0;0;0;0;0;0
FR;4;2021-04-04;0;0;0;0;0;0;0;0;0;0
FR;4;2021-04-05;0;0;0;0;0;0;0;0;0;0
FR;4;2021-04-06;0;0;0;0;0;0;0;0;0;0
FR;4;2021-04-07;0;0;0;0;0;0;0;0;0;0
FR;4;2021-04-08;0;0;0;0;0;0;0;0;0;0
FR;4;2021-04-09;0;0;0;0;0;0;0;0;0;0
FR;4;2021-04-10;0;0;0;0;0;0;0;0;0;0
FR;4;2021-04-11;0;0;0;0;0;0;0;0;0;0
FR;4;2021-04-12;0;0;0;0;0;0;0;0;0;0
FR;4;2021-04-13;0;0;0;0;0;0;0;0;0;0
FR;4;2021-04-14;0;0;0;0;0;0;0;0;0;0
FR;4;2021-04-15;0;0;0;0;0;0;0;0;0;0
FR;4;2021-04-16;0;0;0;0;0;0;0;0;0;0
FR;4;2021-04-17;0;0;0;0;0;0;0;0;0;0
FR;4;2021-04-18;0;0;0;0;0;0;0;0;0;0
FR;4;2021-04-19;0;0;0;0;0;0;0;0;0;0
FR;4;2021-04-20;0;0;0;0;0;0;0;0;0;0
FR;4;2021-04-21;0;0;0;0;0;0;0;0;0;0
FR;4;2021-04-22;0;0;0;0;0;0;0;0;0;0
FR;4;2021-04-23;3845;0;0;0;0;3845;0;0;0;0
FR;4;2021-04-24;1569;0;0;0;0;5414;0;0;0;0
FR;4;2021-04-25;125;0;0;0;0;5539;0;0;0;0
FR;4;2021-04-26;2869;1;0;0;0;8408;1;0;0;0
FR;4;2021-04-27;9520;3;0;0;0;17928;4;0;0;0
FR;4;2021-04-28;9906;6;0;0;0;27834;10;0;0;0
FR;4;2021-04-29;15992;8;0;0;0;43826;18;0;0;0
FR;4;2021-04-30;19233;10;0;0;0;63059;28;0;0;0
FR;4;2021-05-01;1994;6;0;0;0;65053;34;0;0;0
FR;4;2021-05-02;483;0;0;0;0;65536;34;0;0;0
FR;4;2021-05-03;5064;2;0;0;0;70600;36;0;0;0
FR;4;2021-05-04;8401;11;0;0;0;79001;47;0;0;0
FR;4;2021-05-05;6189;7;0;0;0;85190;54;0;0;0
FR;4;2021-05-06;11383;11;0;0;0;96573;65;0;0;0
FR;4;2021-05-07;19125;9;0;0;0;115698;74;0;0;0
FR;4;2021-05-08;2378;6;0;0;0;118076;80;0;0;0
FR;4;2021-05-09;686;3;0;0;0;118762;83;0;0;0
FR;4;2021-05-10;7242;5;1;0;0;126004;88;1;0;0
FR;4;2021-05-11;14320;12;0;0;0;140324;100;1;0;0
FR;4;2021-05-12;10171;15;0;0;0;150495;115;1;0;0
FR;4;2021-05-13;1583;4;0;0;0;152078;119;1;0;0
FR;4;2021-05-14;7767;7;0;0;0;159845;126;1;0;0
FR;4;2021-05-15;3720;8;1;0;0;163565;134;2;0;0
FR;4;2021-05-16;417;1;0;0;0;163982;135;2;0;0
FR;4;2021-05-17;4477;6;0;0;0;168459;141;2;0;0
FR;4;2021-05-18;8761;10;0;0;0;177220;151;2;0;0
FR;4;2021-05-19;5693;7;0;0;0;182913;158;2;0;0
FR;4;2021-05-20;9483;7;0;0;0;192396;165;2;0;0
FR;4;2021-05-21;12803;30;0;0;0;205199;195;2;0;0
FR;4;2021-05-22;5058;15;0;0;0;210257;210;2;0;0
FR;4;2021-05-23;494;4;0;0;0;210751;214;2;0;0
FR;4;2021-05-24;1058;7;0;0;0;211809;221;2;0;0
FR;4;2021-05-25;7632;16;0;0;0;219441;237;2;0;0
FR;4;2021-05-26;7728;16;0;0;0;227169;253;2;0;0
FR;4;2021-05-27;14333;35;0;0;0;241502;288;2;0;0
FR;4;2021-05-28;26591;82;1;0;0;268093;370;3;0;0
FR;4;2021-05-29;11385;18;0;0;0;279478;388;3;0;0
FR;4;2021-05-30;973;6;0;0;0;280451;394;3;0;0
FR;4;2021-05-31;12692;21;0;0;0;293143;415;3;0;0
FR;4;2021-06-01;20262;47;1;0;0;313405;462;4;0;0
FR;4;2021-06-02;14521;33;0;0;0;327926;495;4;0;0
FR;4;2021-06-03;19427;24;1;0;0;347353;519;5;0;0
FR;4;2021-06-04;22515;47;0;0;0;369868;566;5;0;0
FR;4;2021-06-05;9714;32;0;0;0;379582;598;5;0;0
FR;4;2021-06-06;1039;1;0;0;0;380621;599;5;0;0
FR;4;2021-06-07;9226;19;0;0;0;389847;618;5;0;0
FR;4;2021-06-08;14612;31;0;0;0;404459;649;5;0;0
FR;4;2021-06-09;12205;25;0;0;0;416664;674;5;0;0
FR;4;2021-06-10;15405;30;0;0;0;432069;704;5;0;0
FR;4;2021-06-11;16983;56;0;0;0;449052;760;5;0;0
FR;4;2021-06-12;7448;27;0;0;0;456500;787;5;0;0
FR;4;2021-06-13;907;3;0;0;0;457407;790;5;0;0
FR;4;2021-06-14;6649;26;0;0;0;464056;816;5;0;0
FR;4;2021-06-15;10890;37;0;0;0;474946;853;5;0;0
FR;4;2021-06-16;8908;16;0;0;0;483854;869;5;0;0
FR;4;2021-06-17;10897;37;0;0;0;494751;906;5;0;0
FR;4;2021-06-18;12422;45;0;0;0;507173;951;5;0;0
FR;4;2021-06-19;5567;25;0;0;0;512740;976;5;0;0
FR;4;2021-06-20;823;5;0;0;0;513563;981;5;0;0
FR;4;2021-06-21;5097;20;0;0;0;518660;1001;5;0;0
FR;4;2021-06-22;7911;28;2;0;0;526571;1029;7;0;0
FR;4;2021-06-23;7098;41;2;0;0;533669;1070;9;0;0
FR;4;2021-06-24;8652;46;1;0;0;542321;1116;10;0;0
FR;4;2021-06-25;10171;40;2;0;0;552492;1156;12;0;0
FR;4;2021-06-26;4846;21;0;0;0;557338;1177;12;0;0
FR;4;2021-06-27;764;4;0;0;0;558102;1181;12;0;0
FR;4;2021-06-28;4827;16;1;0;0;562929;1197;13;0;0
FR;4;2021-06-29;7104;28;2;0;0;570033;1225;15;0;0
FR;4;2021-06-30;6721;39;2;0;0;576754;1264;17;0;0
FR;4;2021-07-01;8205;42;0;0;0;584959;1306;17;0;0
FR;4;2021-07-02;9426;53;1;0;0;594385;1359;18;0;0
FR;4;2021-07-03;4846;20;0;0;0;599231;1379;18;0;0
FR;4;2021-07-04;687;5;0;0;0;599918;1384;18;0;0
FR;4;2021-07-05;4772;19;2;0;0;604690;1403;20;0;0
FR;4;2021-07-06;7725;28;4;0;0;612415;1431;24;0;0
FR;4;2021-07-07;7081;34;2;0;0;619496;1465;26;0;0
FR;4;2021-07-08;9230;39;2;0;0;628726;1504;28;0;0
FR;4;2021-07-09;10278;34;1;0;0;639004;1538;29;0;0
FR;4;2021-07-10;4638;14;2;0;0;643642;1552;31;0;0
FR;4;2021-07-11;583;4;1;0;0;644225;1556;32;0;0
FR;4;2021-07-12;5872;29;0;0;0;650097;1585;32;0;0
FR;4;2021-07-13;14232;29;0;0;0;664329;1614;32;0;0
FR;4;2021-07-14;2288;15;0;0;0;666617;1629;32;0;0
FR;4;2021-07-15;18235;36;0;0;0;684852;1665;32;0;0
FR;4;2021-07-16;22835;71;2;0;0;707687;1736;34;0;0
FR;4;2021-07-17;9736;20;0;0;0;717423;1756;34;0;0
FR;4;2021-07-18;1356;4;0;0;0;718779;1760;34;0;0
FR;4;2021-07-19;12989;30;1;0;0;731768;1790;35;0;0
FR;4;2021-07-20;17342;26;1;0;0;749110;1816;36;0;0
FR;4;2021-07-21;15615;33;0;0;0;764725;1849;36;0;0
FR;4;2021-07-22;18244;44;2;0;0;782969;1893;38;0;0
FR;4;2021-07-23;20414;57;7;0;0;803383;1950;45;0;0
FR;4;2021-07-24;9289;32;0;0;0;812672;1982;45;0;0
FR;4;2021-07-25;1353;8;0;0;0;814025;1990;45;0;0
FR;4;2021-07-26;11041;22;0;0;0;825066;2012;45;0;0
FR;4;2021-07-27;14677;35;3;0;0;839743;2047;48;0;0
FR;4;2021-07-28;12930;26;2;0;0;852673;2073;50;0;0
FR;4;2021-07-29;14087;54;4;0;0;866760;2127;54;0;0
FR;4;2021-07-30;15497;46;2;0;0;882257;2173;56;0;0
FR;4;2021-07-31;6840;14;2;0;0;889097;2187;58;0;0
FR;4;2021-08-01;905;1;0;0;0;890002;2188;58;0;0
FR;4;2021-08-02;7916;31;0;0;0;897918;2219;58;0;0
FR;4;2021-08-03;10797;31;2;0;0;908715;2250;60;0;0
FR;4;2021-08-04;9745;29;0;0;0;918460;2279;60;0;0
FR;4;2021-08-05;9821;41;0;0;0;928281;2320;60;0;0
FR;4;2021-08-06;10196;31;3;0;0;938477;2351;63;0;0
FR;4;2021-08-07;5098;30;1;0;0;943575;2381;64;0;0
FR;4;2021-08-08;1219;13;0;0;0;944794;2394;64;0;0
FR;4;2021-08-09;6343;31;0;0;0;951137;2425;64;0;0
FR;4;2021-08-10;8748;18;0;0;0;959885;2443;64;0;0
FR;4;2021-08-11;7941;34;4;0;0;967826;2477;68;0;0
FR;4;2021-08-12;8584;30;1;0;0;976410;2507;69;0;0
FR;4;2021-08-13;7557;25;0;1;0;983967;2532;69;1;0
FR;4;2021-08-14;3791;20;0;0;0;987758;2552;69;1;0
FR;4;2021-08-15;771;5;0;0;0;988529;2557;69;1;0
FR;4;2021-08-16;4007;17;0;0;0;992536;2574;69;1;0
FR;4;2021-08-17;5628;17;1;0;0;998164;2591;70;1;0
FR;4;2021-08-18;5167;37;0;0;0;1003331;2628;70;1;0
FR;4;2021-08-19;5485;33;3;0;0;1008816;2661;73;1;0
FR;4;2021-08-20;5221;25;1;0;0;1014037;2686;74;1;0
FR;4;2021-08-21;2310;21;1;0;0;1016347;2707;75;1;0
FR;4;2021-08-22;414;2;0;0;0;1016761;2709;75;1;0
FR;4;2021-08-23;2932;19;1;0;0;1019693;2728;76;1;0
FR;4;2021-08-24;3756;15;0;0;0;1023449;2743;76;1;0
FR;4;2021-08-25;3542;25;1;0;0;1026991;2768;77;1;0
FR;4;2021-08-26;3713;21;2;0;0;1030704;2789;79;1;0
FR;4;2021-08-27;3617;31;2;0;0;1034321;2820;81;1;0
FR;4;2021-08-28;1725;10;1;0;0;1036046;2830;82;1;0
FR;4;2021-08-29;387;7;1;0;0;1036433;2837;83;1;0
FR;4;2021-08-30;2009;25;0;0;15;1038442;2862;83;1;15
FR;4;2021-08-31;2485;21;0;0;14;1040927;2883;83;1;29
FR;4;2021-09-01;2083;38;1;0;21;1043010;2921;84;1;50
FR;4;2021-09-02;2304;31;4;0;18;1045314;2952;88;1;68
FR;4;2021-09-03;2362;44;5;0;36;1047676;2996;93;1;104
FR;4;2021-09-04;1374;17;0;0;8;1049050;3013;93;1;112
FR;4;2021-09-05;433;2;0;0;2;1049483;3015;93;1;114
FR;4;2021-09-06;1711;61;0;0;22;1051194;3076;93;1;136
FR;4;2021-09-07;1678;18;0;0;8;1052872;3094;93;1;144
FR;4;2021-09-08;1285;26;3;0;19;1054157;3120;96;1;163
FR;4;2021-09-09;1388;23;2;0;9;1055545;3143;98;1;172
FR;4;2021-09-10;1521;31;2;0;23;1057066;3174;100;1;195
FR;4;2021-09-11;744;11;0;0;3;1057810;3185;100;1;198
FR;4;2021-09-12;169;4;0;0;3;1057979;3189;100;1;201
FR;4;2021-09-13;1321;22;1;0;16;1059300;3211;101;1;217
FR;4;2021-09-14;1502;9;2;0;6;1060802;3220;103;1;223
FR;4;2021-09-15;1095;27;1;0;24;1061897;3247;104;1;247
FR;4;2021-09-16;1102;22;2;0;15;1062999;3269;106;1;262
FR;4;2021-09-17;896;21;1;0;12;1063895;3290;107;1;274
FR;4;2021-09-18;464;6;1;0;5;1064359;3296;108;1;279
FR;4;2021-09-19;182;3;0;0;2;1064541;3299;108;1;281
FR;4;2021-09-20;453;19;0;0;13;1064994;3318;108;1;294
FR;4;2021-09-21;431;11;0;0;7;1065425;3329;108;1;301
FR;4;2021-09-22;374;19;2;0;13;1065799;3348;110;1;314
FR;4;2021-09-23;482;16;1;0;15;1066281;3364;111;1;329
FR;4;2021-09-24;412;13;2;0;9;1066693;3377;113;1;338
FR;4;2021-09-25;280;10;1;0;5;1066973;3387;114;1;343
FR;4;2021-09-26;74;2;0;0;1;1067047;3389;114;1;344
FR;4;2021-09-27;262;10;1;0;8;1067309;3399;115;1;352
FR;4;2021-09-28;317;8;0;0;8;1067626;3407;115;1;360
FR;4;2021-09-29;375;19;1;0;13;1068001;3426;116;1;373
FR;4;2021-09-30;364;40;0;0;21;1068365;3466;116;1;394
FR;4;2021-10-01;411;56;0;0;50;1068776;3522;116;1;444
FR;4;2021-10-02;196;22;1;0;13;1068972;3544;117;1;457
FR;4;2021-10-03;86;1;0;0;0;1069058;3545;117;1;457
FR;4;2021-10-04;359;20;1;0;16;1069417;3565;118;1;473
FR;4;2021-10-05;285;19;2;0;15;1069702;3584;120;1;488
FR;4;2021-10-06;246;23;1;0;18;1069948;3607;121;1;506
FR;4;2021-10-07;264;25;2;0;13;1070212;3632;123;1;519
FR;4;2021-10-08;356;24;2;0;20;1070568;3656;125;1;539
FR;4;2021-10-09;193;6;6;0;7;1070761;3662;131;1;546
FR;4;2021-10-10;96;3;2;0;3;1070857;3665;133;1;549
FR;4;2021-10-11;248;15;1;0;14;1071105;3680;134;1;563
FR;4;2021-10-12;208;14;0;0;13;1071313;3694;134;1;576
FR;4;2021-10-13;219;28;1;0;25;1071532;3722;135;1;601
FR;4;2021-10-14;311;21;4;0;15;1071843;3743;139;1;616
FR;4;2021-10-15;322;24;5;0;25;1072165;3767;144;1;641
FR;4;2021-10-16;166;6;2;0;6;1072331;3773;146;1;647
FR;4;2021-10-17;70;2;0;0;1;1072401;3775;146;1;648
FR;4;2021-10-18;281;15;1;0;12;1072682;3790;147;1;660
FR;4;2021-10-19;214;14;2;0;15;1072896;3804;149;1;675
FR;4;2021-10-20;229;27;4;0;15;1073125;3831;153;1;690
FR;4;2021-10-21;242;17;0;0;13;1073367;3848;153;1;703
FR;4;2021-10-22;216;25;2;0;20;1073583;3873;155;1;723
FR;4;2021-10-23;116;16;1;0;15;1073699;3889;156;1;738
FR;4;2021-10-24;38;4;0;0;1;1073737;3893;156;1;739
FR;4;2021-10-25;214;7;2;0;9;1073951;3900;158;1;748
FR;4;2021-10-26;199;14;0;0;12;1074150;3914;158;1;760
FR;4;2021-10-27;196;11;4;0;11;1074346;3925;162;1;771
FR;4;2021-10-28;183;18;4;0;21;1074529;3943;166;1;792
FR;4;2021-10-29;223;15;2;0;13;1074752;3958;168;1;805
FR;4;2021-10-30;102;2;1;0;2;1074854;3960;169;1;807
FR;4;2021-10-31;57;3;2;0;3;1074911;3963;171;1;810
FR;4;2021-11-01;75;27;4;0;24;1074986;3990;175;1;834
FR;4;2021-11-02;160;20;2;0;21;1075146;4010;177;1;855
FR;4;2021-11-03;129;20;8;1;18;1075275;4030;185;2;873
FR;4;2021-11-04;183;15;1;0;12;1075458;4045;186;2;885
FR;4;2021-11-05;130;17;1;0;16;1075588;4062;187;2;901
FR;4;2021-11-06;80;6;1;0;6;1075668;4068;188;2;907
FR;4;2021-11-07;80;2;2;0;4;1075748;4070;190;2;911
FR;4;2021-11-08;159;20;1;0;20;1075907;4090;191;2;931
FR;4;2021-11-09;156;14;3;0;16;1076063;4104;194;2;947
FR;4;2021-11-10;117;30;6;0;32;1076180;4134;200;2;979
FR;4;2021-11-11;97;10;0;0;10;1076277;4144;200;2;989
FR;4;2021-11-12;104;19;2;0;18;1076381;4163;202;2;1007
FR;4;2021-11-13;74;15;2;0;14;1076455;4178;204;2;1021
FR;4;2021-11-14;54;5;4;0;8;1076509;4183;208;2;1029
FR;4;2021-11-15;98;26;2;0;24;1076607;4209;210;2;1053
FR;4;2021-11-16;105;13;2;0;15;1076712;4222;212;2;1068
FR;4;2021-11-17;119;30;4;0;30;1076831;4252;216;2;1098
FR;4;2021-11-18;100;34;13;0;42;1076931;4286;229;2;1140
FR;4;2021-11-19;87;19;3;0;20;1077018;4305;232;2;1160
FR;4;2021-11-20;77;8;1;0;8;1077095;4313;233;2;1168
FR;4;2021-11-21;67;7;2;0;9;1077162;4320;235;2;1177
FR;4;2021-11-22;106;28;9;0;33;1077268;4348;244;2;1210
FR;4;2021-11-23;76;31;5;0;28;1077344;4379;249;2;1238
FR;4;2021-11-24;87;23;11;0;24;1077431;4402;260;2;1262
FR;4;2021-11-25;93;28;16;0;32;1077524;4430;276;2;1294
FR;4;2021-11-26;83;43;12;0;45;1077607;4473;288;2;1339
FR;4;2021-11-27;41;22;15;0;25;1077648;4495;303;2;1364
FR;4;2021-11-28;50;8;0;0;7;1077698;4503;303;2;1371
FR;4;2021-11-29;88;31;16;0;40;1077786;4534;319;2;1411
FR;4;2021-11-30;73;37;12;0;41;1077859;4571;331;2;1452
FR;4;2021-12-01;87;60;19;0;67;1077946;4631;350;2;1519
FR;4;2021-12-02;103;48;19;0;53;1078049;4679;369;2;1572
FR;4;2021-12-03;100;36;15;0;44;1078149;4715;384;2;1616
FR;4;2021-12-04;72;31;18;0;44;1078221;4746;402;2;1660
FR;4;2021-12-05;62;6;1;0;7;1078283;4752;403;2;1667
FR;4;2021-12-06;107;46;19;0;59;1078390;4798;422;2;1726
FR;4;2021-12-07;81;37;9;0;36;1078471;4835;431;2;1762
FR;4;2021-12-08;70;31;16;0;37;1078541;4866;447;2;1799
FR;4;2021-12-09;61;32;10;0;38;1078602;4898;457;2;1837
FR;4;2021-12-10;63;64;20;0;68;1078665;4962;477;2;1905
FR;4;2021-12-11;28;34;7;0;34;1078693;4996;484;2;1939
FR;4;2021-12-12;24;10;3;0;13;1078717;5006;487;2;1952
FR;4;2021-12-13;72;40;14;0;49;1078789;5046;501;2;2001
FR;4;2021-12-14;59;43;17;0;54;1078848;5089;518;2;2055
FR;4;2021-12-15;65;64;28;0;84;1078913;5153;546;2;2139
FR;4;2021-12-16;33;44;19;0;57;1078946;5197;565;2;2196
FR;4;2021-12-17;40;55;12;0;60;1078986;5252;577;2;2256
FR;4;2021-12-18;48;30;2;0;31;1079034;5282;579;2;2287
FR;4;2021-12-19;15;4;1;0;4;1079049;5286;580;2;2291
FR;4;2021-12-20;42;38;10;0;41;1079091;5324;590;2;2332
FR;4;2021-12-21;29;30;15;0;36;1079120;5354;605;2;2368
FR;4;2021-12-22;37;37;10;0;38;1079157;5391;615;2;2406
FR;4;2021-12-23;39;45;8;0;49;1079196;5436;623;2;2455
FR;4;2021-12-24;23;26;10;0;30;1079219;5462;633;2;2485
FR;4;2021-12-25;6;3;3;0;4;1079225;5465;636;2;2489
FR;4;2021-12-26;5;3;1;0;2;1079230;5468;637;2;2491
FR;4;2021-12-27;28;41;9;0;43;1079258;5509;646;2;2534
FR;4;2021-12-28;24;28;7;0;29;1079282;5537;653;2;2563
FR;4;2021-12-29;50;25;11;0;30;1079332;5562;664;2;2593
FR;4;2021-12-30;43;18;12;0;21;1079375;5580;676;2;2614
FR;4;2021-12-31;18;6;8;0;11;1079393;5586;684;2;2625
FR;4;2022-01-01;5;4;4;0;6;1079398;5590;688;2;2631
FR;4;2022-01-02;40;5;16;0;20;1079438;5595;704;2;2651
FR;4;2022-01-03;41;55;21;1;61;1079479;5650;725;3;2712
FR;4;2022-01-04;35;28;13;0;31;1079514;5678;738;3;2743
FR;4;2022-01-05;48;22;19;0;25;1079562;5700;757;3;2768
FR;4;2022-01-06;48;22;24;0;38;1079610;5722;781;3;2806
FR;4;2022-01-07;29;20;15;0;20;1079639;5742;796;3;2826
FR;4;2022-01-08;10;6;10;0;12;1079649;5748;806;3;2838
FR;4;2022-01-09;18;2;3;0;4;1079667;5750;809;3;2842
FR;4;2022-01-10;42;22;19;0;36;1079709;5772;828;3;2878
FR;4;2022-01-11;26;31;12;0;35;1079735;5803;840;3;2913
FR;4;2022-01-12;33;21;13;0;23;1079768;5824;853;3;2936
FR;4;2022-01-13;52;20;27;0;38;1079820;5844;880;3;2974
FR;4;2022-01-14;23;29;13;0;32;1079843;5873;893;3;3006
FR;4;2022-01-15;13;6;8;0;12;1079856;5879;901;3;3018
FR;4;2022-01-16;11;9;12;0;20;1079867;5888;913;3;3038
FR;4;2022-01-17;25;19;12;0;25;1079892;5907;925;3;3063
FR;4;2022-01-18;16;13;8;0;18;1079908;5920;933;3;3081
FR;4;2022-01-19;30;23;11;0;32;1079938;5943;944;3;3113
FR;4;2022-01-20;31;34;12;0;38;1079969;5977;956;3;3151
FR;4;2022-01-21;10;12;19;1;16;1079979;5989;975;4;3167
FR;4;2022-01-22;30;13;2;0;13;1080009;6002;977;4;3180
FR;4;2022-01-23;7;2;4;0;6;1080016;6004;981;4;3186
FR;4;2022-01-24;14;21;8;0;27;1080030;6025;989;4;3213
FR;4;2022-01-25;20;32;9;1;37;1080050;6057;998;5;3250
FR;4;2022-01-26;19;16;8;1;19;1080069;6073;1006;6;3269
FR;4;2022-01-27;20;18;8;0;24;1080089;6091;1014;6;3293
FR;4;2022-01-28;13;23;8;0;26;1080102;6114;1022;6;3319
FR;4;2022-01-29;17;6;5;0;10;1080119;6120;1027;6;3329
FR;4;2022-01-30;18;3;1;0;4;1080137;6123;1028;6;3333
FR;4;2022-01-31;22;27;8;0;31;1080159;6150;1036;6;3364
FR;4;2022-02-01;11;22;11;0;22;1080170;6172;1047;6;3386
FR;4;2022-02-02;17;11;12;2;18;1080187;6183;1059;8;3404
FR;4;2022-02-03;13;23;10;0;27;1080200;6206;1069;8;3431
FR;4;2022-02-04;7;5;7;0;9;1080207;6211;1076;8;3440
FR;4;2022-02-05;7;14;1;0;13;1080214;6225;1077;8;3453
FR;4;2022-02-06;6;3;2;0;4;1080220;6228;1079;8;3457
FR;4;2022-02-07;15;19;7;0;19;1080235;6247;1086;8;3476
FR;4;2022-02-08;17;21;13;1;22;1080252;6268;1099;9;3498
FR;4;2022-02-09;16;11;8;0;15;1080268;6279;1107;9;3513
FR;4;2022-02-10;19;23;9;0;24;1080287;6302;1116;9;3537
FR;4;2022-02-11;18;14;8;0;19;1080305;6316;1124;9;3556
FR;4;2022-02-12;24;6;2;0;6;1080329;6322;1126;9;3562
FR;4;2022-02-13;7;3;3;0;6;1080336;6325;1129;9;3568
FR;4;2022-02-14;20;10;9;0;15;1080356;6335;1138;9;3583
FR;4;2022-02-15;17;7;1;0;7;1080373;6342;1139;9;3590
FR;4;2022-02-16;16;9;10;0;15;1080389;6351;1149;9;3605
FR;4;2022-02-17;11;4;4;0;6;1080400;6355;1153;9;3611
FR;4;2022-02-18;16;15;7;0;20;1080416;6370;1160;9;3631
FR;4;2022-02-19;16;4;2;0;5;1080432;6374;1162;9;3636
FR;4;2022-02-20;7;3;0;0;2;1080439;6377;1162;9;3638
FR;4;2022-02-21;23;3;4;0;5;1080462;6380;1166;9;3643
FR;4;2022-02-22;8;5;10;0;10;1080470;6385;1176;9;3653
FR;4;2022-02-23;16;6;9;0;9;1080486;6391;1185;9;3662
FR;4;2022-02-24;11;5;3;0;6;1080497;6396;1188;9;3668
FR;4;2022-02-25;15;5;7;0;6;1080512;6401;1195;9;3674
FR;4;2022-02-26;26;3;0;0;3;1080538;6404;1195;9;3677
FR;4;2022-02-27;9;0;1;0;1;1080547;6404;1196;9;3678
FR;4;2022-02-28;17;3;2;0;3;1080564;6407;1198;9;3681
FR;4;2022-03-01;7;4;7;0;5;1080571;6411;1205;9;3686
FR;4;2022-03-02;13;3;4;0;6;1080584;6414;1209;9;3692
FR;4;2022-03-03;17;5;1;0;4;1080601;6419;1210;9;3696
FR;4;2022-03-04;7;7;2;1;5;1080608;6426;1212;10;3701
FR;4;2022-03-05;9;2;0;0;2;1080617;6428;1212;10;3703
FR;4;2022-03-06;4;0;1;0;1;1080621;6428;1213;10;3704
FR;4;2022-03-07;10;4;1;0;3;1080631;6432;1214;10;3707
FR;4;2022-03-08;13;3;0;0;3;1080644;6435;1214;10;3710
FR;4;2022-03-09;8;7;2;0;7;1080652;6442;1216;10;3717
FR;4;2022-03-10;5;1;5;0;2;1080657;6443;1221;10;3719
FR;4;2022-03-11;8;4;5;0;2;1080665;6447;1226;10;3721
FR;4;2022-03-12;9;2;0;0;0;1080674;6449;1226;10;3721
FR;4;2022-03-13;5;1;1;0;2;1080679;6450;1227;10;3723
FR;4;2022-03-14;4;1;1;0;2;1080683;6451;1228;10;3725
FR;4;2022-03-15;7;6;3;0;5;1080690;6457;1231;10;3730
FR;4;2022-03-16;7;3;3;0;3;1080697;6460;1234;10;3733
FR;4;2022-03-17;3;4;1;0;5;1080700;6464;1235;10;3738
FR;4;2022-03-18;9;3;0;0;3;1080709;6467;1235;10;3741
FR;4;2022-03-19;1;1;0;0;1;1080710;6468;1235;10;3742
FR;4;2022-03-20;2;0;2;0;1;1080712;6468;1237;10;3743
FR;4;2022-03-21;6;3;1;0;4;1080718;6471;1238;10;3747
FR;4;2022-03-22;3;2;2;0;3;1080721;6473;1240;10;3750
FR;4;2022-03-23;6;4;4;0;7;1080727;6477;1244;10;3757
FR;4;2022-03-24;2;6;3;1;7;1080729;6483;1247;11;3764
FR;4;2022-03-25;3;1;2;0;1;1080732;6484;1249;11;3765
FR;4;2022-03-26;5;5;0;0;5;1080737;6489;1249;11;3770
FR;4;2022-03-27;1;0;2;0;1;1080738;6489;1251;11;3771
FR;4;2022-03-28;5;1;3;0;3;1080743;6490;1254;11;3774
FR;4;2022-03-29;8;0;4;1;0;1080751;6490;1258;12;3774
FR;4;2022-03-30;3;4;0;0;4;1080754;6494;1258;12;3778
FR;4;2022-03-31;2;3;1;1;3;1080756;6497;1259;13;3781
FR;4;2022-04-01;14;2;5;0;5;1080770;6499;1264;13;3786
FR;4;2022-04-02;4;4;0;0;3;1080774;6503;1264;13;3789
FR;4;2022-04-03;0;0;0;0;0;1080774;6503;1264;13;3789
FR;4;2022-04-04;4;4;4;0;5;1080778;6507;1268;13;3794
FR;4;2022-04-05;3;3;1;1;2;1080781;6510;1269;14;3796
FR;4;2022-04-06;6;0;0;0;0;1080787;6510;1269;14;3796
FR;4;2022-04-07;3;2;3;2;5;1080790;6512;1272;16;3801
FR;4;2022-04-08;4;1;1;0;1;1080794;6513;1273;16;3802
FR;4;2022-04-09;0;0;1;1;1;1080794;6513;1274;17;3803
FR;4;2022-04-10;1;2;0;0;2;1080795;6515;1274;17;3805
FR;4;2022-04-11;4;3;4;0;5;1080799;6518;1278;17;3810
FR;4;2022-04-12;3;1;4;0;2;1080802;6519;1282;17;3812
FR;4;2022-04-13;5;7;2;0;9;1080807;6526;1284;17;3821
FR;4;2022-04-14;6;4;2;1;5;1080813;6530;1286;18;3826
FR;4;2022-04-15;5;8;1;0;9;1080818;6538;1287;18;3835
FR;4;2022-04-16;1;0;0;0;0;1080819;6538;1287;18;3835
FR;4;2022-04-17;2;1;0;0;1;1080821;6539;1287;18;3836
FR;4;2022-04-18;2;2;5;0;3;1080823;6541;1292;18;3839
FR;4;2022-04-19;2;0;1;0;0;1080825;6541;1293;18;3839
FR;4;2022-04-20;14;4;1;0;3;1080839;6545;1294;18;3842
FR;4;2022-04-21;7;1;0;0;1;1080846;6546;1294;18;3843
FR;4;2022-04-22;1;1;2;0;2;1080847;6547;1296;18;3845
FR;4;2022-04-23;2;3;3;0;6;1080849;6550;1299;18;3851
FR;4;2022-04-24;0;2;0;0;2;1080849;6552;1299;18;3853
FR;4;2022-04-25;3;4;3;0;7;1080852;6556;1302;18;3860
FR;4;2022-04-26;5;6;1;0;6;1080857;6562;1303;18;3866
FR;4;2022-04-27;4;1;1;1;1;1080861;6563;1304;19;3867
FR;4;2022-04-28;3;5;5;0;6;1080864;6568;1309;19;3873
FR;4;2022-04-29;6;3;0;0;2;1080870;6571;1309;19;3875
FR;4;2022-04-30;0;1;1;0;2;1080870;6572;1310;19;3877
FR;4;2022-05-01;0;0;0;0;0;1080870;6572;1310;19;3877
FR;4;2022-05-02;5;16;6;0;19;1080875;6588;1316;19;3896
FR;4;2022-05-03;2;6;2;0;7;1080877;6594;1318;19;3903
FR;4;2022-05-04;7;4;1;0;4;1080884;6598;1319;19;3907
FR;4;2022-05-05;2;2;1;1;1;1080886;6600;1320;20;3908
FR;4;2022-05-06;3;3;1;0;2;1080889;6603;1321;20;3910
FR;4;2022-05-07;0;0;0;0;0;1080889;6603;1321;20;3910
FR;4;2022-05-08;1;1;0;0;1;1080890;6604;1321;20;3911
FR;4;2022-05-09;5;1;0;0;1;1080895;6605;1321;20;3912
FR;4;2022-05-10;1;1;0;2;3;1080896;6606;1321;22;3915
FR;4;2022-05-11;3;2;3;0;5;1080899;6608;1324;22;3920
FR;4;2022-05-12;6;3;1;1;4;1080905;6611;1325;23;3924
FR;4;2022-05-13;1;0;2;0;2;1080906;6611;1327;23;3926
FR;4;2022-05-14;0;2;0;0;2;1080906;6613;1327;23;3928
FR;4;2022-05-15;2;2;0;0;0;1080908;6615;1327;23;3928
FR;4;2022-05-16;5;2;2;0;2;1080913;6617;1329;23;3930
FR;4;2022-05-17;5;1;2;0;3;1080918;6618;1331;23;3933
FR;4;2022-05-18;2;6;0;0;6;1080920;6624;1331;23;3939
FR;4;2022-05-19;2;2;3;0;4;1080922;6626;1334;23;3943
FR;4;2022-05-20;4;2;3;0;2;1080926;6628;1337;23;3945
FR;4;2022-05-21;2;0;1;0;1;1080928;6628;1338;23;3946
FR;4;2022-05-22;0;0;1;0;1;1080928;6628;1339;23;3947
FR;4;2022-05-23;0;0;2;0;0;1080928;6628;1341;23;3947
FR;4;2022-05-24;1;4;0;0;4;1080929;6632;1341;23;3951
FR;4;2022-05-25;1;3;0;0;1;1080930;6635;1341;23;3952
FR;4;2022-05-26;4;0;1;0;1;1080934;6635;1342;23;3953
FR;4;2022-05-27;0;1;0;1;1;1080934;6636;1342;24;3954
FR;4;2022-05-28;1;0;0;0;0;1080935;6636;1342;24;3954
FR;4;2022-05-29;1;0;1;0;1;1080936;6636;1343;24;3955
FR;4;2022-05-30;2;4;2;0;5;1080938;6640;1345;24;3960
FR;4;2022-05-31;2;1;0;0;1;1080940;6641;1345;24;3961
FR;4;2022-06-01;1;11;7;0;15;1080941;6652;1352;24;3976
FR;4;2022-06-02;3;5;2;0;5;1080944;6657;1354;24;3981
FR;4;2022-06-03;2;5;4;1;6;1080946;6662;1358;25;3987
FR;4;2022-06-04;0;1;1;0;1;1080946;6663;1359;25;3988
FR;4;2022-06-05;0;0;0;0;0;1080946;6663;1359;25;3988
FR;4;2022-06-06;5;0;3;0;2;1080951;6663;1362;25;3990
FR;4;2022-06-07;5;1;0;1;1;1080956;6664;1362;26;3991
FR;4;2022-06-08;0;3;3;0;6;1080956;6667;1365;26;3997
FR;4;2022-06-09;1;2;0;0;1;1080957;6669;1365;26;3998
FR;4;2022-06-10;3;0;3;0;1;1080960;6669;1368;26;3999
FR;4;2022-06-11;1;0;0;0;0;1080961;6669;1368;26;3999
FR;4;2022-06-12;4;0;0;0;0;1080965;6669;1368;26;3999
FR;4;2022-06-13;4;2;3;0;2;1080969;6671;1371;26;4001
FR;4;2022-06-14;4;2;0;0;2;1080973;6673;1371;26;4003
FR;4;2022-06-15;6;0;4;0;0;1080979;6673;1375;26;4003
FR;4;2022-06-16;1;2;1;1;1;1080980;6675;1376;27;4004
FR;4;2022-06-17;6;1;0;0;1;1080986;6676;1376;27;4005
FR;4;2022-06-18;0;0;0;0;0;1080986;6676;1376;27;4005
FR;4;2022-06-19;0;0;0;0;0;1080986;6676;1376;27;4005
FR;4;2022-06-20;4;2;2;1;3;1080990;6678;1378;28;4008
FR;4;2022-06-21;4;2;3;1;3;1080994;6680;1381;29;4011
FR;4;2022-06-22;3;1;0;0;1;1080997;6681;1381;29;4012
FR;4;2022-06-23;3;3;3;0;5;1081000;6684;1384;29;4017
FR;4;2022-06-24;3;0;2;0;0;1081003;6684;1386;29;4017
FR;4;2022-06-25;1;0;1;1;1;1081004;6684;1387;30;4018
FR;4;2022-06-26;0;0;1;0;1;1081004;6684;1388;30;4019
FR;4;2022-06-27;1;2;0;3;2;1081005;6686;1388;33;4021
FR;4;2022-06-28;0;4;2;1;5;1081005;6690;1390;34;4026
FR;4;2022-06-29;1;2;0;0;2;1081006;6692;1390;34;4028
FR;4;2022-06-30;1;0;0;0;0;1081007;6692;1390;34;4028
FR;4;2022-07-01;2;4;8;0;4;1081009;6696;1398;34;4032
FR;4;2022-07-02;0;1;0;0;0;1081009;6697;1398;34;4032
FR;4;2022-07-03;0;0;0;0;0;1081009;6697;1398;34;4032
FR;4;2022-07-04;3;0;0;0;0;1081012;6697;1398;34;4032
FR;4;2022-07-05;1;0;2;0;2;1081013;6697;1400;34;4034
FR;4;2022-07-06;5;0;1;1;0;1081018;6697;1401;35;4034
FR;4;2022-07-07;1;0;2;1;0;1081019;6697;1403;36;4034
FR;4;2022-07-08;2;1;0;0;1;1081021;6698;1403;36;4035
FR;4;2022-07-09;2;2;1;0;3;1081023;6700;1404;36;4038
FR;4;2022-07-10;2;0;0;0;0;1081025;6700;1404;36;4038
FR;4;2022-07-11;2;0;2;0;0;1081027;6700;1406;36;4038
FR;4;2022-07-12;0;0;1;0;1;1081027;6700;1407;36;4039
FR;4;2022-07-13;2;2;3;0;2;1081029;6702;1410;36;4041
FR;4;2022-07-14;4;0;1;0;0;1081033;6702;1411;36;4041
FR;4;2022-07-15;8;2;0;0;2;1081041;6704;1411;36;4043
FR;4;2022-07-16;3;0;0;2;0;1081044;6704;1411;38;4043
FR;4;2022-07-17;0;0;0;0;0;1081044;6704;1411;38;4043
FR;4;2022-07-18;2;2;2;0;2;1081046;6706;1413;38;4045
FR;4;2022-07-19;3;0;1;0;1;1081049;6706;1414;38;4046
FR;4;2022-07-20;10;0;0;0;0;1081059;6706;1414;38;4046
FR;4;2022-07-21;2;1;1;0;1;1081061;6707;1415;38;4047
FR;4;2022-07-22;3;0;3;0;1;1081064;6707;1418;38;4048
FR;4;2022-07-23;1;2;0;0;1;1081065;6709;1418;38;4049
FR;4;2022-07-24;0;0;0;0;0;1081065;6709;1418;38;4049
FR;4;2022-07-25;4;0;0;0;0;1081069;6709;1418;38;4049
FR;4;2022-07-26;2;0;0;0;0;1081071;6709;1418;38;4049
FR;4;2022-07-27;2;1;0;0;0;1081073;6710;1418;38;4049
FR;4;2022-07-28;3;0;0;0;0;1081076;6710;1418;38;4049
FR;4;2022-07-29;2;0;1;0;0;1081078;6710;1419;38;4049
FR;4;2022-07-30;3;0;2;0;0;1081081;6710;1421;38;4049
FR;4;2022-07-31;0;0;0;0;0;1081081;6710;1421;38;4049
FR;4;2022-08-01;0;0;2;0;1;1081081;6710;1423;38;4050
FR;4;2022-08-02;5;0;0;0;0;1081086;6710;1423;38;4050
FR;4;2022-08-03;0;2;1;0;2;1081086;6712;1424;38;4052
FR;4;2022-08-04;3;1;0;0;1;1081089;6713;1424;38;4053
FR;4;2022-08-05;2;0;1;0;0;1081091;6713;1425;38;4053
FR;4;2022-08-06;2;0;0;0;0;1081093;6713;1425;38;4053
FR;4;2022-08-07;3;0;0;0;0;1081096;6713;1425;38;4053
FR;4;2022-08-08;1;0;1;1;1;1081097;6713;1426;39;4054
FR;4;2022-08-09;1;0;1;2;1;1081098;6713;1427;41;4055
FR;4;2022-08-10;4;1;1;0;1;1081102;6714;1428;41;4056
FR;4;2022-08-11;1;0;0;0;0;1081103;6714;1428;41;4056
FR;4;2022-08-12;4;0;1;0;0;1081107;6714;1429;41;4056
FR;4;2022-08-13;0;0;0;0;0;1081107;6714;1429;41;4056
FR;4;2022-08-14;0;0;0;0;0;1081107;6714;1429;41;4056
FR;4;2022-08-15;0;0;3;0;0;1081107;6714;1432;41;4056
FR;4;2022-08-16;0;0;1;0;1;1081107;6714;1433;41;4057
FR;4;2022-08-17;1;0;0;0;0;1081108;6714;1433;41;4057
FR;4;2022-08-18;0;0;0;0;0;1081108;6714;1433;41;4057
FR;4;2022-08-19;3;0;0;0;0;1081111;6714;1433;41;4057
FR;4;2022-08-20;1;0;0;0;0;1081112;6714;1433;41;4057
FR;4;2022-08-21;1;0;0;0;0;1081113;6714;1433;41;4057
FR;4;2022-08-22;3;8;0;0;8;1081116;6722;1433;41;4065
FR;4;2022-08-23;1;0;0;0;0;1081117;6722;1433;41;4065
FR;4;2022-08-24;1;0;0;0;0;1081118;6722;1433;41;4065
FR;4;2022-08-25;0;2;1;0;2;1081118;6724;1434;41;4067
FR;4;2022-08-26;1;0;0;1;0;1081119;6724;1434;42;4067
FR;4;2022-08-27;1;0;0;0;0;1081120;6724;1434;42;4067
FR;4;2022-08-28;0;0;0;0;0;1081120;6724;1434;42;4067
FR;4;2022-08-29;1;0;0;0;0;1081121;6724;1434;42;4067
FR;4;2022-08-30;1;0;0;0;0;1081122;6724;1434;42;4067
FR;4;2022-08-31;0;1;0;0;1;1081122;6725;1434;42;4068
FR;4;2022-09-01;1;0;0;0;0;1081123;6725;1434;42;4068
FR;4;2022-09-02;1;0;0;0;0;1081124;6725;1434;42;4068
FR;4;2022-09-03;0;0;0;0;0;1081124;6725;1434;42;4068
FR;4;2022-09-04;0;0;0;0;0;1081124;6725;1434;42;4068
FR;4;2022-09-05;1;0;0;0;0;1081125;6725;1434;42;4068
FR;4;2022-09-06;0;0;0;0;0;1081125;6725;1434;42;4068
FR;5;2020-12-27;0;0;0;0;0;0;0;0;0;0
FR;5;2020-12-28;0;0;0;0;0;0;0;0;0;0
FR;5;2020-12-29;0;0;0;0;0;0;0;0;0;0
FR;5;2020-12-30;0;0;0;0;0;0;0;0;0;0
FR;5;2020-12-31;0;0;0;0;0;0;0;0;0;0
FR;5;2021-01-01;0;0;0;0;0;0;0;0;0;0
FR;5;2021-01-02;0;0;0;0;0;0;0;0;0;0
FR;5;2021-01-03;0;0;0;0;0;0;0;0;0;0
FR;5;2021-01-04;0;0;0;0;0;0;0;0;0;0
FR;5;2021-01-05;0;0;0;0;0;0;0;0;0;0
FR;5;2021-01-06;0;0;0;0;0;0;0;0;0;0
FR;5;2021-01-07;0;0;0;0;0;0;0;0;0;0
FR;5;2021-01-08;0;0;0;0;0;0;0;0;0;0
FR;5;2021-01-09;0;0;0;0;0;0;0;0;0;0
FR;5;2021-01-10;0;0;0;0;0;0;0;0;0;0
FR;5;2021-01-11;0;0;0;0;0;0;0;0;0;0
FR;5;2021-01-12;0;0;0;0;0;0;0;0;0;0
FR;5;2021-01-13;0;0;0;0;0;0;0;0;0;0
FR;5;2021-01-14;0;0;0;0;0;0;0;0;0;0
FR;5;2021-01-15;0;0;0;0;0;0;0;0;0;0
FR;5;2021-01-16;0;0;0;0;0;0;0;0;0;0
FR;5;2021-01-17;0;0;0;0;0;0;0;0;0;0
FR;5;2021-01-18;0;0;0;0;0;0;0;0;0;0
FR;5;2021-01-19;0;0;0;0;0;0;0;0;0;0
FR;5;2021-01-20;0;0;0;0;0;0;0;0;0;0
FR;5;2021-01-21;0;0;0;0;0;0;0;0;0;0
FR;5;2021-01-22;0;0;0;0;0;0;0;0;0;0
FR;5;2021-01-23;0;0;0;0;0;0;0;0;0;0
FR;5;2021-01-24;0;0;0;0;0;0;0;0;0;0
FR;5;2021-01-25;0;0;0;0;0;0;0;0;0;0
FR;5;2021-01-26;0;0;0;0;0;0;0;0;0;0
FR;5;2021-01-27;0;0;0;0;0;0;0;0;0;0
FR;5;2021-01-28;0;0;0;0;0;0;0;0;0;0
FR;5;2021-01-29;0;0;0;0;0;0;0;0;0;0
FR;5;2021-01-30;0;0;0;0;0;0;0;0;0;0
FR;5;2021-01-31;0;0;0;0;0;0;0;0;0;0
FR;5;2021-02-01;0;0;0;0;0;0;0;0;0;0
FR;5;2021-02-02;0;0;0;0;0;0;0;0;0;0
FR;5;2021-02-03;0;0;0;0;0;0;0;0;0;0
FR;5;2021-02-04;0;0;0;0;0;0;0;0;0;0
FR;5;2021-02-05;0;0;0;0;0;0;0;0;0;0
FR;5;2021-02-06;0;0;0;0;0;0;0;0;0;0
FR;5;2021-02-07;0;0;0;0;0;0;0;0;0;0
FR;5;2021-02-08;0;0;0;0;0;0;0;0;0;0
FR;5;2021-02-09;0;0;0;0;0;0;0;0;0;0
FR;5;2021-02-10;0;0;0;0;0;0;0;0;0;0
FR;5;2021-02-11;0;0;0;0;0;0;0;0;0;0
FR;5;2021-02-12;0;0;0;0;0;0;0;0;0;0
FR;5;2021-02-13;0;0;0;0;0;0;0;0;0;0
FR;5;2021-02-14;0;0;0;0;0;0;0;0;0;0
FR;5;2021-02-15;0;0;0;0;0;0;0;0;0;0
FR;5;2021-02-16;0;0;0;0;0;0;0;0;0;0
FR;5;2021-02-17;0;0;0;0;0;0;0;0;0;0
FR;5;2021-02-18;0;0;0;0;0;0;0;0;0;0
FR;5;2021-02-19;0;0;0;0;0;0;0;0;0;0
FR;5;2021-02-20;0;0;0;0;0;0;0;0;0;0
FR;5;2021-02-21;0;0;0;0;0;0;0;0;0;0
FR;5;2021-02-22;0;0;0;0;0;0;0;0;0;0
FR;5;2021-02-23;0;0;0;0;0;0;0;0;0;0
FR;5;2021-02-24;0;0;0;0;0;0;0;0;0;0
FR;5;2021-02-25;0;0;0;0;0;0;0;0;0;0
FR;5;2021-02-26;0;0;0;0;0;0;0;0;0;0
FR;5;2021-02-27;0;0;0;0;0;0;0;0;0;0
FR;5;2021-02-28;0;0;0;0;0;0;0;0;0;0
FR;5;2021-03-01;0;0;0;0;0;0;0;0;0;0
FR;5;2021-03-02;0;0;0;0;0;0;0;0;0;0
FR;5;2021-03-03;0;0;0;0;0;0;0;0;0;0
FR;5;2021-03-04;0;0;0;0;0;0;0;0;0;0
FR;5;2021-03-05;0;0;0;0;0;0;0;0;0;0
FR;5;2021-03-06;0;0;0;0;0;0;0;0;0;0
FR;5;2021-03-07;0;0;0;0;0;0;0;0;0;0
FR;5;2021-03-08;0;0;0;0;0;0;0;0;0;0
FR;5;2021-03-09;0;0;0;0;0;0;0;0;0;0
FR;5;2021-03-10;0;0;0;0;0;0;0;0;0;0
FR;5;2021-03-11;0;0;0;0;0;0;0;0;0;0
FR;5;2021-03-12;0;0;0;0;0;0;0;0;0;0
FR;5;2021-03-13;0;0;0;0;0;0;0;0;0;0
FR;5;2021-03-14;0;0;0;0;0;0;0;0;0;0
FR;5;2021-03-15;0;0;0;0;0;0;0;0;0;0
FR;5;2021-03-16;0;0;0;0;0;0;0;0;0;0
FR;5;2021-03-17;0;0;0;0;0;0;0;0;0;0
FR;5;2021-03-18;0;0;0;0;0;0;0;0;0;0
FR;5;2021-03-19;0;0;0;0;0;0;0;0;0;0
FR;5;2021-03-20;0;0;0;0;0;0;0;0;0;0
FR;5;2021-03-21;0;0;0;0;0;0;0;0;0;0
FR;5;2021-03-22;0;0;0;0;0;0;0;0;0;0
FR;5;2021-03-23;0;0;0;0;0;0;0;0;0;0
FR;5;2021-03-24;0;0;0;0;0;0;0;0;0;0
FR;5;2021-03-25;0;0;0;0;0;0;0;0;0;0
FR;5;2021-03-26;0;0;0;0;0;0;0;0;0;0
FR;5;2021-03-27;0;0;0;0;0;0;0;0;0;0
FR;5;2021-03-28;0;0;0;0;0;0;0;0;0;0
FR;5;2021-03-29;0;0;0;0;0;0;0;0;0;0
FR;5;2021-03-30;0;0;0;0;0;0;0;0;0;0
FR;5;2021-03-31;0;0;0;0;0;0;0;0;0;0
FR;5;2021-04-01;0;0;0;0;0;0;0;0;0;0
FR;5;2021-04-02;0;0;0;0;0;0;0;0;0;0
FR;5;2021-04-03;0;0;0;0;0;0;0;0;0;0
FR;5;2021-04-04;0;0;0;0;0;0;0;0;0;0
FR;5;2021-04-05;0;0;0;0;0;0;0;0;0;0
FR;5;2021-04-06;0;0;0;0;0;0;0;0;0;0
FR;5;2021-04-07;0;0;0;0;0;0;0;0;0;0
FR;5;2021-04-08;0;0;0;0;0;0;0;0;0;0
FR;5;2021-04-09;0;0;0;0;0;0;0;0;0;0
FR;5;2021-04-10;0;0;0;0;0;0;0;0;0;0
FR;5;2021-04-11;0;0;0;0;0;0;0;0;0;0
FR;5;2021-04-12;0;0;0;0;0;0;0;0;0;0
FR;5;2021-04-13;0;0;0;0;0;0;0;0;0;0
FR;5;2021-04-14;0;0;0;0;0;0;0;0;0;0
FR;5;2021-04-15;0;0;0;0;0;0;0;0;0;0
FR;5;2021-04-16;0;0;0;0;0;0;0;0;0;0
FR;5;2021-04-17;0;0;0;0;0;0;0;0;0;0
FR;5;2021-04-18;0;0;0;0;0;0;0;0;0;0
FR;5;2021-04-19;0;0;0;0;0;0;0;0;0;0
FR;5;2021-04-20;0;0;0;0;0;0;0;0;0;0
FR;5;2021-04-21;0;0;0;0;0;0;0;0;0;0
FR;5;2021-04-22;0;0;0;0;0;0;0;0;0;0
FR;5;2021-04-23;0;0;0;0;0;0;0;0;0;0
FR;5;2021-04-24;0;0;0;0;0;0;0;0;0;0
FR;5;2021-04-25;0;0;0;0;0;0;0;0;0;0
FR;5;2021-04-26;0;0;0;0;0;0;0;0;0;0
FR;5;2021-04-27;0;0;0;0;0;0;0;0;0;0
FR;5;2021-04-28;0;0;0;0;0;0;0;0;0;0
FR;5;2021-04-29;0;0;0;0;0;0;0;0;0;0
FR;5;2021-04-30;0;0;0;0;0;0;0;0;0;0
FR;5;2021-05-01;0;0;0;0;0;0;0;0;0;0
FR;5;2021-05-02;0;0;0;0;0;0;0;0;0;0
FR;5;2021-05-03;0;0;0;0;0;0;0;0;0;0
FR;5;2021-05-04;0;0;0;0;0;0;0;0;0;0
FR;5;2021-05-05;0;0;0;0;0;0;0;0;0;0
FR;5;2021-05-06;0;0;0;0;0;0;0;0;0;0
FR;5;2021-05-07;0;0;0;0;0;0;0;0;0;0
FR;5;2021-05-08;0;0;0;0;0;0;0;0;0;0
FR;5;2021-05-09;0;0;0;0;0;0;0;0;0;0
FR;5;2021-05-10;0;0;0;0;0;0;0;0;0;0
FR;5;2021-05-11;0;0;0;0;0;0;0;0;0;0
FR;5;2021-05-12;0;0;0;0;0;0;0;0;0;0
FR;5;2021-05-13;0;0;0;0;0;0;0;0;0;0
FR;5;2021-05-14;0;0;0;0;0;0;0;0;0;0
FR;5;2021-05-15;0;0;0;0;0;0;0;0;0;0
FR;5;2021-05-16;0;0;0;0;0;0;0;0;0;0
FR;5;2021-05-17;0;0;0;0;0;0;0;0;0;0
FR;5;2021-05-18;0;0;0;0;0;0;0;0;0;0
FR;5;2021-05-19;0;0;0;0;0;0;0;0;0;0
FR;5;2021-05-20;0;0;0;0;0;0;0;0;0;0
FR;5;2021-05-21;0;0;0;0;0;0;0;0;0;0
FR;5;2021-05-22;0;0;0;0;0;0;0;0;0;0
FR;5;2021-05-23;0;0;0;0;0;0;0;0;0;0
FR;5;2021-05-24;0;0;0;0;0;0;0;0;0;0
FR;5;2021-05-25;0;0;0;0;0;0;0;0;0;0
FR;5;2021-05-26;0;0;0;0;0;0;0;0;0;0
FR;5;2021-05-27;0;0;0;0;0;0;0;0;0;0
FR;5;2021-05-28;0;0;0;0;0;0;0;0;0;0
FR;5;2021-05-29;0;0;0;0;0;0;0;0;0;0
FR;5;2021-05-30;0;0;0;0;0;0;0;0;0;0
FR;5;2021-05-31;0;0;0;0;0;0;0;0;0;0
FR;5;2021-06-01;0;0;0;0;0;0;0;0;0;0
FR;5;2021-06-02;0;0;0;0;0;0;0;0;0;0
FR;5;2021-06-03;0;0;0;0;0;0;0;0;0;0
FR;5;2021-06-04;0;0;0;0;0;0;0;0;0;0
FR;5;2021-06-05;0;0;0;0;0;0;0;0;0;0
FR;5;2021-06-06;0;0;0;0;0;0;0;0;0;0
FR;5;2021-06-07;0;0;0;0;0;0;0;0;0;0
FR;5;2021-06-08;0;0;0;0;0;0;0;0;0;0
FR;5;2021-06-09;0;0;0;0;0;0;0;0;0;0
FR;5;2021-06-10;0;0;0;0;0;0;0;0;0;0
FR;5;2021-06-11;0;0;0;0;0;0;0;0;0;0
FR;5;2021-06-12;0;0;0;0;0;0;0;0;0;0
FR;5;2021-06-13;0;0;0;0;0;0;0;0;0;0
FR;5;2021-06-14;0;0;0;0;0;0;0;0;0;0
FR;5;2021-06-15;0;0;0;0;0;0;0;0;0;0
FR;5;2021-06-16;0;0;0;0;0;0;0;0;0;0
FR;5;2021-06-17;0;0;0;0;0;0;0;0;0;0
FR;5;2021-06-18;0;0;0;0;0;0;0;0;0;0
FR;5;2021-06-19;0;0;0;0;0;0;0;0;0;0
FR;5;2021-06-20;0;0;0;0;0;0;0;0;0;0
FR;5;2021-06-21;0;0;0;0;0;0;0;0;0;0
FR;5;2021-06-22;0;0;0;0;0;0;0;0;0;0
FR;5;2021-06-23;0;0;0;0;0;0;0;0;0;0
FR;5;2021-06-24;0;0;0;0;0;0;0;0;0;0
FR;5;2021-06-25;0;0;0;0;0;0;0;0;0;0
FR;5;2021-06-26;0;0;0;0;0;0;0;0;0;0
FR;5;2021-06-27;0;0;0;0;0;0;0;0;0;0
FR;5;2021-06-28;0;0;0;0;0;0;0;0;0;0
FR;5;2021-06-29;0;0;0;0;0;0;0;0;0;0
FR;5;2021-06-30;0;0;0;0;0;0;0;0;0;0
FR;5;2021-07-01;0;0;0;0;0;0;0;0;0;0
FR;5;2021-07-02;0;0;0;0;0;0;0;0;0;0
FR;5;2021-07-03;0;0;0;0;0;0;0;0;0;0
FR;5;2021-07-04;0;0;0;0;0;0;0;0;0;0
FR;5;2021-07-05;0;0;0;0;0;0;0;0;0;0
FR;5;2021-07-06;0;0;0;0;0;0;0;0;0;0
FR;5;2021-07-07;0;0;0;0;0;0;0;0;0;0
FR;5;2021-07-08;0;0;0;0;0;0;0;0;0;0
FR;5;2021-07-09;0;0;0;0;0;0;0;0;0;0
FR;5;2021-07-10;0;0;0;0;0;0;0;0;0;0
FR;5;2021-07-11;0;0;0;0;0;0;0;0;0;0
FR;5;2021-07-12;0;0;0;0;0;0;0;0;0;0
FR;5;2021-07-13;0;0;0;0;0;0;0;0;0;0
FR;5;2021-07-14;0;0;0;0;0;0;0;0;0;0
FR;5;2021-07-15;0;0;0;0;0;0;0;0;0;0
FR;5;2021-07-16;0;0;0;0;0;0;0;0;0;0
FR;5;2021-07-17;0;0;0;0;0;0;0;0;0;0
FR;5;2021-07-18;0;0;0;0;0;0;0;0;0;0
FR;5;2021-07-19;0;0;0;0;0;0;0;0;0;0
FR;5;2021-07-20;0;0;0;0;0;0;0;0;0;0
FR;5;2021-07-21;0;0;0;0;0;0;0;0;0;0
FR;5;2021-07-22;0;0;0;0;0;0;0;0;0;0
FR;5;2021-07-23;0;0;0;0;0;0;0;0;0;0
FR;5;2021-07-24;0;0;0;0;0;0;0;0;0;0
FR;5;2021-07-25;0;0;0;0;0;0;0;0;0;0
FR;5;2021-07-26;0;0;0;0;0;0;0;0;0;0
FR;5;2021-07-27;0;0;0;0;0;0;0;0;0;0
FR;5;2021-07-28;0;0;0;0;0;0;0;0;0;0
FR;5;2021-07-29;0;0;0;0;0;0;0;0;0;0
FR;5;2021-07-30;0;0;0;0;0;0;0;0;0;0
FR;5;2021-07-31;0;0;0;0;0;0;0;0;0;0
FR;5;2021-08-01;0;0;0;0;0;0;0;0;0;0
FR;5;2021-08-02;0;0;0;0;0;0;0;0;0;0
FR;5;2021-08-03;0;0;0;0;0;0;0;0;0;0
FR;5;2021-08-04;0;0;0;0;0;0;0;0;0;0
FR;5;2021-08-05;0;0;0;0;0;0;0;0;0;0
FR;5;2021-08-06;0;0;0;0;0;0;0;0;0;0
FR;5;2021-08-07;0;0;0;0;0;0;0;0;0;0
FR;5;2021-08-08;0;0;0;0;0;0;0;0;0;0
FR;5;2021-08-09;0;0;0;0;0;0;0;0;0;0
FR;5;2021-08-10;0;0;0;0;0;0;0;0;0;0
FR;5;2021-08-11;0;0;0;0;0;0;0;0;0;0
FR;5;2021-08-12;0;0;0;0;0;0;0;0;0;0
FR;5;2021-08-13;0;0;0;0;0;0;0;0;0;0
FR;5;2021-08-14;0;0;0;0;0;0;0;0;0;0
FR;5;2021-08-15;0;0;0;0;0;0;0;0;0;0
FR;5;2021-08-16;0;0;0;0;0;0;0;0;0;0
FR;5;2021-08-17;0;0;0;0;0;0;0;0;0;0
FR;5;2021-08-18;0;0;0;0;0;0;0;0;0;0
FR;5;2021-08-19;0;0;0;0;0;0;0;0;0;0
FR;5;2021-08-20;0;0;0;0;0;0;0;0;0;0
FR;5;2021-08-21;0;0;0;0;0;0;0;0;0;0
FR;5;2021-08-22;0;0;0;0;0;0;0;0;0;0
FR;5;2021-08-23;0;0;0;0;0;0;0;0;0;0
FR;5;2021-08-24;0;0;0;0;0;0;0;0;0;0
FR;5;2021-08-25;0;0;0;0;0;0;0;0;0;0
FR;5;2021-08-26;0;0;0;0;0;0;0;0;0;0
FR;5;2021-08-27;0;0;0;0;0;0;0;0;0;0
FR;5;2021-08-28;0;0;0;0;0;0;0;0;0;0
FR;5;2021-08-29;0;0;0;0;0;0;0;0;0;0
FR;5;2021-08-30;0;0;0;0;0;0;0;0;0;0
FR;5;2021-08-31;0;0;0;0;0;0;0;0;0;0
FR;5;2021-09-01;0;0;0;0;0;0;0;0;0;0
FR;5;2021-09-02;0;0;0;0;0;0;0;0;0;0
FR;5;2021-09-03;0;0;0;0;0;0;0;0;0;0
FR;5;2021-09-04;0;0;0;0;0;0;0;0;0;0
FR;5;2021-09-05;0;0;0;0;0;0;0;0;0;0
FR;5;2021-09-06;0;0;0;0;0;0;0;0;0;0
FR;5;2021-09-07;0;0;0;0;0;0;0;0;0;0
FR;5;2021-09-08;0;0;0;0;0;0;0;0;0;0
FR;5;2021-09-09;0;0;0;0;0;0;0;0;0;0
FR;5;2021-09-10;0;0;0;0;0;0;0;0;0;0
FR;5;2021-09-11;0;0;0;0;0;0;0;0;0;0
FR;5;2021-09-12;0;0;0;0;0;0;0;0;0;0
FR;5;2021-09-13;0;0;0;0;0;0;0;0;0;0
FR;5;2021-09-14;0;0;0;0;0;0;0;0;0;0
FR;5;2021-09-15;0;0;0;0;0;0;0;0;0;0
FR;5;2021-09-16;0;0;0;0;0;0;0;0;0;0
FR;5;2021-09-17;0;0;0;0;0;0;0;0;0;0
FR;5;2021-09-18;0;0;0;0;0;0;0;0;0;0
FR;5;2021-09-19;0;0;0;0;0;0;0;0;0;0
FR;5;2021-09-20;0;0;0;0;0;0;0;0;0;0
FR;5;2021-09-21;0;0;0;0;0;0;0;0;0;0
FR;5;2021-09-22;0;0;0;0;0;0;0;0;0;0
FR;5;2021-09-23;0;0;0;0;0;0;0;0;0;0
FR;5;2021-09-24;0;0;0;0;0;0;0;0;0;0
FR;5;2021-09-25;0;0;0;0;0;0;0;0;0;0
FR;5;2021-09-26;0;0;0;0;0;0;0;0;0;0
FR;5;2021-09-27;0;0;0;0;0;0;0;0;0;0
FR;5;2021-09-28;0;0;0;0;0;0;0;0;0;0
FR;5;2021-09-29;0;0;0;0;0;0;0;0;0;0
FR;5;2021-09-30;0;0;0;0;0;0;0;0;0;0
FR;5;2021-10-01;0;0;0;0;0;0;0;0;0;0
FR;5;2021-10-02;0;0;0;0;0;0;0;0;0;0
FR;5;2021-10-03;0;0;0;0;0;0;0;0;0;0
FR;5;2021-10-04;0;0;0;0;0;0;0;0;0;0
FR;5;2021-10-05;0;0;0;0;0;0;0;0;0;0
FR;5;2021-10-06;0;0;0;0;0;0;0;0;0;0
FR;5;2021-10-07;0;0;0;0;0;0;0;0;0;0
FR;5;2021-10-08;0;0;0;0;0;0;0;0;0;0
FR;5;2021-10-09;0;0;0;0;0;0;0;0;0;0
FR;5;2021-10-10;0;0;0;0;0;0;0;0;0;0
FR;5;2021-10-11;0;0;0;0;0;0;0;0;0;0
FR;5;2021-10-12;0;0;0;0;0;0;0;0;0;0
FR;5;2021-10-13;0;0;0;0;0;0;0;0;0;0
FR;5;2021-10-14;0;0;0;0;0;0;0;0;0;0
FR;5;2021-10-15;0;0;0;0;0;0;0;0;0;0
FR;5;2021-10-16;0;0;0;0;0;0;0;0;0;0
FR;5;2021-10-17;0;0;0;0;0;0;0;0;0;0
FR;5;2021-10-18;0;0;0;0;0;0;0;0;0;0
FR;5;2021-10-19;0;0;0;0;0;0;0;0;0;0
FR;5;2021-10-20;0;0;0;0;0;0;0;0;0;0
FR;5;2021-10-21;0;0;0;0;0;0;0;0;0;0
FR;5;2021-10-22;0;0;0;0;0;0;0;0;0;0
FR;5;2021-10-23;0;0;0;0;0;0;0;0;0;0
FR;5;2021-10-24;0;0;0;0;0;0;0;0;0;0
FR;5;2021-10-25;0;0;0;0;0;0;0;0;0;0
FR;5;2021-10-26;0;0;0;0;0;0;0;0;0;0
FR;5;2021-10-27;0;0;0;0;0;0;0;0;0;0
FR;5;2021-10-28;0;0;0;0;0;0;0;0;0;0
FR;5;2021-10-29;0;0;0;0;0;0;0;0;0;0
FR;5;2021-10-30;0;0;0;0;0;0;0;0;0;0
FR;5;2021-10-31;0;0;0;0;0;0;0;0;0;0
FR;5;2021-11-01;0;0;0;0;0;0;0;0;0;0
FR;5;2021-11-02;0;0;0;0;0;0;0;0;0;0
FR;5;2021-11-03;0;0;0;0;0;0;0;0;0;0
FR;5;2021-11-04;0;0;0;0;0;0;0;0;0;0
FR;5;2021-11-05;0;0;0;0;0;0;0;0;0;0
FR;5;2021-11-06;0;0;0;0;0;0;0;0;0;0
FR;5;2021-11-07;0;0;0;0;0;0;0;0;0;0
FR;5;2021-11-08;0;0;0;0;0;0;0;0;0;0
FR;5;2021-11-09;0;0;0;0;0;0;0;0;0;0
FR;5;2021-11-10;0;0;0;0;0;0;0;0;0;0
FR;5;2021-11-11;0;0;0;0;0;0;0;0;0;0
FR;5;2021-11-12;0;0;0;0;0;0;0;0;0;0
FR;5;2021-11-13;0;0;0;0;0;0;0;0;0;0
FR;5;2021-11-14;0;0;0;0;0;0;0;0;0;0
FR;5;2021-11-15;0;0;0;0;0;0;0;0;0;0
FR;5;2021-11-16;0;0;0;0;0;0;0;0;0;0
FR;5;2021-11-17;0;0;0;0;0;0;0;0;0;0
FR;5;2021-11-18;0;0;0;0;0;0;0;0;0;0
FR;5;2021-11-19;0;0;0;0;0;0;0;0;0;0
FR;5;2021-11-20;0;0;0;0;0;0;0;0;0;0
FR;5;2021-11-21;0;0;0;0;0;0;0;0;0;0
FR;5;2021-11-22;0;0;0;0;0;0;0;0;0;0
FR;5;2021-11-23;0;0;0;0;0;0;0;0;0;0
FR;5;2021-11-24;0;0;0;0;0;0;0;0;0;0
FR;5;2021-11-25;0;0;0;0;0;0;0;0;0;0
FR;5;2021-11-26;0;0;0;0;0;0;0;0;0;0
FR;5;2021-11-27;0;0;0;0;0;0;0;0;0;0
FR;5;2021-11-28;0;0;0;0;0;0;0;0;0;0
FR;5;2021-11-29;0;0;0;0;0;0;0;0;0;0
FR;5;2021-11-30;0;0;0;0;0;0;0;0;0;0
FR;5;2021-12-01;0;0;0;0;0;0;0;0;0;0
FR;5;2021-12-02;0;0;0;0;0;0;0;0;0;0
FR;5;2021-12-03;0;0;0;0;0;0;0;0;0;0
FR;5;2021-12-04;0;0;0;0;0;0;0;0;0;0
FR;5;2021-12-05;0;0;0;0;0;0;0;0;0;0
FR;5;2021-12-06;0;0;0;0;0;0;0;0;0;0
FR;5;2021-12-07;0;0;0;0;0;0;0;0;0;0
FR;5;2021-12-08;0;0;0;0;0;0;0;0;0;0
FR;5;2021-12-09;0;0;0;0;0;0;0;0;0;0
FR;5;2021-12-10;0;0;0;0;0;0;0;0;0;0
FR;5;2021-12-11;0;0;0;0;0;0;0;0;0;0
FR;5;2021-12-12;0;0;0;0;0;0;0;0;0;0
FR;5;2021-12-13;0;0;0;0;0;0;0;0;0;0
FR;5;2021-12-14;33;45;77;0;88;33;45;77;0;88
FR;5;2021-12-15;196;44;37;0;49;229;89;114;0;137
FR;5;2021-12-16;181;21;44;0;48;410;110;158;0;185
FR;5;2021-12-17;312;16;72;0;74;722;126;230;0;259
FR;5;2021-12-18;766;24;22;0;29;1488;150;252;0;288
FR;5;2021-12-19;586;15;15;0;17;2074;165;267;0;305
FR;5;2021-12-20;1223;31;35;0;38;3297;196;302;0;343
FR;5;2021-12-21;1535;22;54;1;60;4832;218;356;1;403
FR;5;2021-12-22;4069;40;37;0;46;8901;258;393;1;449
FR;5;2021-12-23;3042;16;21;0;25;11943;274;414;1;474
FR;5;2021-12-24;761;18;9;0;14;12704;292;423;1;488
FR;5;2021-12-25;61;5;2;0;3;12765;297;425;1;491
FR;5;2021-12-26;623;6;3;0;4;13388;303;428;1;495
FR;5;2021-12-27;4082;25;21;0;23;17470;328;449;1;518
FR;5;2021-12-28;5204;23;41;1;43;22674;351;490;2;561
FR;5;2021-12-29;8107;34;66;2;69;30781;385;556;4;630
FR;5;2021-12-30;5173;18;33;0;39;35954;403;589;4;669
FR;5;2021-12-31;1553;8;10;0;11;37507;411;599;4;680
FR;5;2022-01-01;185;2;2;0;3;37692;413;601;4;683
FR;5;2022-01-02;1489;1;1;0;1;39181;414;602;4;684
FR;5;2022-01-03;3066;36;33;0;32;42247;450;635;4;716
FR;5;2022-01-04;3033;39;33;0;42;45280;489;668;4;758
FR;5;2022-01-05;19323;203;97;1;108;64603;692;765;5;866
FR;5;2022-01-06;3746;134;122;0;142;68349;826;887;5;1008
FR;5;2022-01-07;5007;202;48;2;56;73356;1028;935;7;1064
FR;5;2022-01-08;13659;514;45;0;52;87015;1542;980;7;1116
FR;5;2022-01-09;5754;399;15;0;20;92769;1941;995;7;1136
FR;5;2022-01-10;3455;326;25;0;29;96224;2267;1020;7;1165
FR;5;2022-01-11;3671;284;38;0;41;99895;2551;1058;7;1206
FR;5;2022-01-12;22652;3005;90;0;113;122547;5556;1148;7;1319
FR;5;2022-01-13;4037;622;30;0;32;126584;6178;1178;7;1351
FR;5;2022-01-14;4843;582;44;0;51;131427;6760;1222;7;1402
FR;5;2022-01-15;14686;1746;38;3;49;146113;8506;1260;10;1451
FR;5;2022-01-16;4727;666;3;0;5;150840;9172;1263;10;1456
FR;5;2022-01-17;2297;716;26;0;29;153137;9888;1289;10;1485
FR;5;2022-01-18;2430;870;30;0;40;155567;10758;1319;10;1525
FR;5;2022-01-19;18483;6423;74;2;142;174050;17181;1393;12;1667
FR;5;2022-01-20;1920;1068;25;0;34;175970;18249;1418;12;1701
FR;5;2022-01-21;3077;1372;47;1;59;179047;19621;1465;13;1760
FR;5;2022-01-22;10721;3454;33;1;43;189768;23075;1498;14;1803
FR;5;2022-01-23;2629;1415;6;0;10;192397;24490;1504;14;1813
FR;5;2022-01-24;1160;1340;19;0;23;193557;25830;1523;14;1836
FR;5;2022-01-25;1220;1549;20;2;31;194777;27379;1543;16;1867
FR;5;2022-01-26;10752;12027;50;1;89;205529;39406;1593;17;1956
FR;5;2022-01-27;1291;1693;10;0;17;206820;41099;1603;17;1973
FR;5;2022-01-28;1699;3347;16;0;19;208519;44446;1619;17;1992
FR;5;2022-01-29;6240;8041;68;0;96;214759;52487;1687;17;2088
FR;5;2022-01-30;1509;2950;5;0;18;216268;55437;1692;17;2106
FR;5;2022-01-31;589;1773;23;0;24;216857;57210;1715;17;2130
FR;5;2022-02-01;712;1706;10;0;15;217569;58916;1725;17;2145
FR;5;2022-02-02;6958;15656;52;0;94;224527;74572;1777;17;2239
FR;5;2022-02-03;491;1690;14;0;13;225018;76262;1791;17;2252
FR;5;2022-02-04;945;3002;19;0;31;225963;79264;1810;17;2283
FR;5;2022-02-05;3535;8917;23;0;37;229498;88181;1833;17;2320
FR;5;2022-02-06;737;2397;10;0;19;230235;90578;1843;17;2339
FR;5;2022-02-07;884;1596;23;0;25;231119;92174;1866;17;2364
FR;5;2022-02-08;722;1287;18;0;20;231841;93461;1884;17;2384
FR;5;2022-02-09;4544;12878;44;0;76;236385;106339;1928;17;2460
FR;5;2022-02-10;646;1059;14;0;15;237031;107398;1942;17;2475
FR;5;2022-02-11;793;2032;16;0;21;237824;109430;1958;17;2496
FR;5;2022-02-12;2286;6813;33;0;53;240110;116243;1991;17;2549
FR;5;2022-02-13;464;1540;8;0;8;240574;117783;1999;17;2557
FR;5;2022-02-14;678;1288;10;0;13;241252;119071;2009;17;2570
FR;5;2022-02-15;482;886;9;0;14;241734;119957;2018;17;2584
FR;5;2022-02-16;2980;9123;41;1;58;244714;129080;2059;18;2642
FR;5;2022-02-17;436;809;6;0;7;245150;129889;2065;18;2649
FR;5;2022-02-18;649;1408;13;0;17;245799;131297;2078;18;2666
FR;5;2022-02-19;1373;4315;16;0;28;247172;135612;2094;18;2694
FR;5;2022-02-20;247;879;6;0;8;247419;136491;2100;18;2702
FR;5;2022-02-21;221;607;2;0;4;247640;137098;2102;18;2706
FR;5;2022-02-22;262;545;17;0;17;247902;137643;2119;18;2723
FR;5;2022-02-23;1909;6926;23;1;43;249811;144569;2142;19;2766
FR;5;2022-02-24;182;374;6;1;7;249993;144943;2148;20;2773
FR;5;2022-02-25;336;950;13;0;12;250329;145893;2161;20;2785
FR;5;2022-02-26;972;3070;11;0;15;251301;148963;2172;20;2800
FR;5;2022-02-27;150;506;0;0;3;251451;149469;2172;20;2803
FR;5;2022-02-28;162;369;1;0;1;251613;149838;2173;20;2804
FR;5;2022-03-01;130;280;6;0;7;251743;150118;2179;20;2811
FR;5;2022-03-02;1241;4156;28;3;40;252984;154274;2207;23;2851
FR;5;2022-03-03;121;251;5;0;10;253105;154525;2212;23;2861
FR;5;2022-03-04;196;488;13;0;14;253301;155013;2225;23;2875
FR;5;2022-03-05;677;1990;8;0;16;253978;157003;2233;23;2891
FR;5;2022-03-06;108;260;0;0;0;254086;157263;2233;23;2891
FR;5;2022-03-07;71;228;5;0;3;254157;157491;2238;23;2894
FR;5;2022-03-08;46;134;7;1;8;254203;157625;2245;24;2902
FR;5;2022-03-09;910;3078;24;0;36;255113;160703;2269;24;2938
FR;5;2022-03-10;82;202;8;0;12;255195;160905;2277;24;2950
FR;5;2022-03-11;148;369;13;1;15;255343;161274;2290;25;2965
FR;5;2022-03-12;758;1613;13;1;30;256101;162887;2303;26;2995
FR;5;2022-03-13;78;100;0;0;0;256179;162987;2303;26;2995
FR;5;2022-03-14;67;119;7;1;7;256246;163106;2310;27;3002
FR;5;2022-03-15;83;99;4;0;7;256329;163205;2314;27;3009
FR;5;2022-03-16;883;1827;15;3;36;257212;165032;2329;30;3045
FR;5;2022-03-17;68;123;8;4;10;257280;165155;2337;34;3055
FR;5;2022-03-18;172;318;13;4;18;257452;165473;2350;38;3073
FR;5;2022-03-19;751;1163;12;5;33;258203;166636;2362;43;3106
FR;5;2022-03-20;45;93;1;0;1;258248;166729;2363;43;3107
FR;5;2022-03-21;71;120;10;6;15;258319;166849;2373;49;3122
FR;5;2022-03-22;56;119;8;7;9;258375;166968;2381;56;3131
FR;5;2022-03-23;805;1461;14;8;36;259180;168429;2395;64;3167
FR;5;2022-03-24;70;93;8;7;7;259250;168522;2403;71;3174
FR;5;2022-03-25;222;293;14;8;18;259472;168815;2417;79;3192
FR;5;2022-03-26;707;853;12;5;26;260179;169668;2429;84;3218
FR;5;2022-03-27;75;80;0;0;3;260254;169748;2429;84;3221
FR;5;2022-03-28;81;93;1;2;3;260335;169841;2430;86;3224
FR;5;2022-03-29;71;82;10;4;12;260406;169923;2440;90;3236
FR;5;2022-03-30;823;1116;16;13;29;261229;171039;2456;103;3265
FR;5;2022-03-31;102;125;1;4;6;261331;171164;2457;107;3271
FR;5;2022-04-01;114;86;7;12;11;261445;171250;2464;119;3282
FR;5;2022-04-02;330;349;3;3;15;261775;171599;2467;122;3297
FR;5;2022-04-03;54;59;1;0;1;261829;171658;2468;122;3298
FR;5;2022-04-04;40;57;4;1;8;261869;171715;2472;123;3306
FR;5;2022-04-05;52;60;6;7;9;261921;171775;2478;130;3315
FR;5;2022-04-06;421;439;7;15;16;262342;172214;2485;145;3331
FR;5;2022-04-07;45;69;5;7;7;262387;172283;2490;152;3338
FR;5;2022-04-08;134;112;12;13;14;262521;172395;2502;165;3352
FR;5;2022-04-09;311;324;2;5;17;262832;172719;2504;170;3369
FR;5;2022-04-10;43;31;2;0;2;262875;172750;2506;170;3371
FR;5;2022-04-11;50;60;3;2;4;262925;172810;2509;172;3375
FR;5;2022-04-12;59;54;3;3;5;262984;172864;2512;175;3380
FR;5;2022-04-13;382;413;3;8;16;263366;173277;2515;183;3396
FR;5;2022-04-14;48;48;5;5;9;263414;173325;2520;188;3405
FR;5;2022-04-15;91;109;4;4;5;263505;173434;2524;192;3410
FR;5;2022-04-16;188;184;2;1;13;263693;173618;2526;193;3423
FR;5;2022-04-17;12;11;1;0;1;263705;173629;2527;193;3424
FR;5;2022-04-18;9;10;2;0;3;263714;173639;2529;193;3427
FR;5;2022-04-19;75;71;6;1;6;263789;173710;2535;194;3433
FR;5;2022-04-20;361;349;9;6;12;264150;174059;2544;200;3445
FR;5;2022-04-21;42;64;9;10;12;264192;174123;2553;210;3457
FR;5;2022-04-22;113;96;5;4;5;264305;174219;2558;214;3462
FR;5;2022-04-23;209;193;3;2;10;264514;174412;2561;216;3472
FR;5;2022-04-24;37;35;0;0;3;264551;174447;2561;216;3475
FR;5;2022-04-25;69;65;1;1;4;264620;174512;2562;217;3479
FR;5;2022-04-26;60;63;2;1;5;264680;174575;2564;218;3484
FR;5;2022-04-27;335;316;2;7;14;265015;174891;2566;225;3498
FR;5;2022-04-28;81;54;4;5;8;265096;174945;2570;230;3506
FR;5;2022-04-29;117;84;5;19;12;265213;175029;2575;249;3518
FR;5;2022-04-30;183;114;2;3;10;265396;175143;2577;252;3528
FR;5;2022-05-01;11;7;0;0;0;265407;175150;2577;252;3528
FR;5;2022-05-02;52;28;4;5;2;265459;175178;2581;257;3530
FR;5;2022-05-03;84;57;2;5;11;265543;175235;2583;262;3541
FR;5;2022-05-04;278;205;1;2;7;265821;175440;2584;264;3548
FR;5;2022-05-05;62;32;3;4;5;265883;175472;2587;268;3553
FR;5;2022-05-06;105;65;2;3;5;265988;175537;2589;271;3558
FR;5;2022-05-07;171;117;3;10;13;266159;175654;2592;281;3571
FR;5;2022-05-08;8;8;0;0;2;266167;175662;2592;281;3573
FR;5;2022-05-09;44;34;15;3;16;266211;175696;2607;284;3589
FR;5;2022-05-10;54;49;3;4;5;266265;175745;2610;288;3594
FR;5;2022-05-11;326;237;12;7;21;266591;175982;2622;295;3615
FR;5;2022-05-12;46;34;2;2;2;266637;176016;2624;297;3617
FR;5;2022-05-13;109;83;3;8;8;266746;176099;2627;305;3625
FR;5;2022-05-14;209;131;0;1;8;266955;176230;2627;306;3633
FR;5;2022-05-15;22;9;2;0;1;266977;176239;2629;306;3634
FR;5;2022-05-16;52;34;4;5;4;267029;176273;2633;311;3638
FR;5;2022-05-17;72;40;5;0;2;267101;176313;2638;311;3640
FR;5;2022-05-18;289;215;4;4;8;267390;176528;2642;315;3648
FR;5;2022-05-19;45;35;5;3;3;267435;176563;2647;318;3651
FR;5;2022-05-20;76;63;3;10;1;267511;176626;2650;328;3652
FR;5;2022-05-21;242;166;2;3;17;267753;176792;2652;331;3669
FR;5;2022-05-22;20;14;2;5;2;267773;176806;2654;336;3671
FR;5;2022-05-23;42;31;4;3;6;267815;176837;2658;339;3677
FR;5;2022-05-24;47;45;3;2;5;267862;176882;2661;341;3682
FR;5;2022-05-25;329;257;4;1;16;268191;177139;2665;342;3698
FR;5;2022-05-26;17;5;0;1;2;268208;177144;2665;343;3700
FR;5;2022-05-27;99;54;4;4;9;268307;177198;2669;347;3709
FR;5;2022-05-28;100;78;5;3;10;268407;177276;2674;350;3719
FR;5;2022-05-29;14;14;1;0;2;268421;177290;2675;350;3721
FR;5;2022-05-30;56;41;2;1;2;268477;177331;2677;351;3723
FR;5;2022-05-31;57;43;1;8;1;268534;177374;2678;359;3724
FR;5;2022-06-01;257;241;9;2;25;268791;177615;2687;361;3749
FR;5;2022-06-02;63;61;5;0;9;268854;177676;2692;361;3758
FR;5;2022-06-03;81;71;4;5;10;268935;177747;2696;366;3768
FR;5;2022-06-04;156;109;2;1;9;269091;177856;2698;367;3777
FR;5;2022-06-05;18;11;0;0;1;269109;177867;2698;367;3778
FR;5;2022-06-06;16;9;0;1;0;269125;177876;2698;368;3778
FR;5;2022-06-07;50;56;1;1;2;269175;177932;2699;369;3780
FR;5;2022-06-08;283;225;3;4;17;269458;178157;2702;373;3797
FR;5;2022-06-09;52;41;6;3;7;269510;178198;2708;376;3804
FR;5;2022-06-10;81;72;1;1;6;269591;178270;2709;377;3810
FR;5;2022-06-11;173;141;3;3;10;269764;178411;2712;380;3820
FR;5;2022-06-12;17;16;0;0;2;269781;178427;2712;380;3822
FR;5;2022-06-13;56;47;9;3;10;269837;178474;2721;383;3832
FR;5;2022-06-14;59;56;1;4;6;269896;178530;2722;387;3838
FR;5;2022-06-15;266;260;5;2;27;270162;178790;2727;389;3865
FR;5;2022-06-16;47;30;5;2;5;270209;178820;2732;391;3870
FR;5;2022-06-17;98;67;5;5;10;270307;178887;2737;396;3880
FR;5;2022-06-18;146;95;10;2;26;270453;178982;2747;398;3906
FR;5;2022-06-19;26;15;0;1;4;270479;178997;2747;399;3910
FR;5;2022-06-20;56;49;8;0;11;270535;179046;2755;399;3921
FR;5;2022-06-21;52;73;5;3;7;270587;179119;2760;402;3928
FR;5;2022-06-22;224;247;7;9;33;270811;179366;2767;411;3961
FR;5;2022-06-23;50;38;2;5;6;270861;179404;2769;416;3967
FR;5;2022-06-24;91;69;12;5;16;270952;179473;2781;421;3983
FR;5;2022-06-25;154;124;3;7;14;271106;179597;2784;428;3997
FR;5;2022-06-26;26;19;2;0;5;271132;179616;2786;428;4002
FR;5;2022-06-27;57;60;5;7;11;271189;179676;2791;435;4013
FR;5;2022-06-28;70;49;8;2;14;271259;179725;2799;437;4027
FR;5;2022-06-29;297;268;9;21;34;271556;179993;2808;458;4061
FR;5;2022-06-30;88;57;10;12;17;271644;180050;2818;470;4078
FR;5;2022-07-01;124;65;7;11;12;271768;180115;2825;481;4090
FR;5;2022-07-02;191;132;4;0;22;271959;180247;2829;481;4112
FR;5;2022-07-03;30;25;1;0;4;271989;180272;2830;481;4116
FR;5;2022-07-04;103;64;2;5;6;272092;180336;2832;486;4122
FR;5;2022-07-05;104;72;3;8;13;272196;180408;2835;494;4135
FR;5;2022-07-06;277;168;9;36;27;272473;180576;2844;530;4162
FR;5;2022-07-07;87;68;6;9;13;272560;180644;2850;539;4175
FR;5;2022-07-08;152;120;7;14;25;272712;180764;2857;553;4200
FR;5;2022-07-09;116;68;1;8;10;272828;180832;2858;561;4210
FR;5;2022-07-10;15;6;0;0;1;272843;180838;2858;561;4211
FR;5;2022-07-11;92;72;10;2;19;272935;180910;2868;563;4230
FR;5;2022-07-12;67;63;5;10;7;273002;180973;2873;573;4237
FR;5;2022-07-13;169;118;10;19;16;273171;181091;2883;592;4253
FR;5;2022-07-14;8;4;0;0;0;273179;181095;2883;592;4253
FR;5;2022-07-15;74;66;5;14;15;273253;181161;2888;606;4268
FR;5;2022-07-16;54;44;3;0;3;273307;181205;2891;606;4271
FR;5;2022-07-17;10;7;3;0;2;273317;181212;2894;606;4273
FR;5;2022-07-18;60;46;0;5;3;273377;181258;2894;611;4276
FR;5;2022-07-19;63;42;5;3;7;273440;181300;2899;614;4283
FR;5;2022-07-20;119;106;4;11;14;273559;181406;2903;625;4297
FR;5;2022-07-21;38;43;2;10;5;273597;181449;2905;635;4302
FR;5;2022-07-22;45;69;11;14;23;273642;181518;2916;649;4325
FR;5;2022-07-23;59;78;2;1;11;273701;181596;2918;650;4336
FR;5;2022-07-24;11;9;3;1;3;273712;181605;2921;651;4339
FR;5;2022-07-25;53;48;2;7;8;273765;181653;2923;658;4347
FR;5;2022-07-26;58;53;5;41;6;273823;181706;2928;699;4353
FR;5;2022-07-27;106;118;4;4;13;273929;181824;2932;703;4366
FR;5;2022-07-28;39;35;2;2;6;273968;181859;2934;705;4372
FR;5;2022-07-29;56;72;3;13;8;274024;181931;2937;718;4380
FR;5;2022-07-30;53;53;5;1;7;274077;181984;2942;719;4387
FR;5;2022-07-31;7;11;1;0;1;274084;181995;2943;719;4388
FR;5;2022-08-01;38;52;1;2;6;274122;182047;2944;721;4394
FR;5;2022-08-02;31;43;8;7;8;274153;182090;2952;728;4402
FR;5;2022-08-03;54;51;4;10;9;274207;182141;2956;738;4411
FR;5;2022-08-04;20;18;1;6;1;274227;182159;2957;744;4412
FR;5;2022-08-05;34;26;3;3;3;274261;182185;2960;747;4415
FR;5;2022-08-06;23;26;1;0;1;274284;182211;2961;747;4416
FR;5;2022-08-07;2;2;1;0;1;274286;182213;2962;747;4417
FR;5;2022-08-08;25;19;1;2;2;274311;182232;2963;749;4419
FR;5;2022-08-09;26;28;3;3;3;274337;182260;2966;752;4422
FR;5;2022-08-10;47;47;2;0;5;274384;182307;2968;752;4427
FR;5;2022-08-11;19;34;2;2;5;274403;182341;2970;754;4432
FR;5;2022-08-12;27;28;2;0;2;274430;182369;2972;754;4434
FR;5;2022-08-13;15;18;0;0;0;274445;182387;2972;754;4434
FR;5;2022-08-14;2;3;0;0;0;274447;182390;2972;754;4434
FR;5;2022-08-15;2;4;0;0;0;274449;182394;2972;754;4434
FR;5;2022-08-16;33;26;2;0;5;274482;182420;2974;754;4439
FR;5;2022-08-17;49;55;2;1;1;274531;182475;2976;755;4440
FR;5;2022-08-18;26;18;4;17;6;274557;182493;2980;772;4446
FR;5;2022-08-19;25;32;1;2;2;274582;182525;2981;774;4448
FR;5;2022-08-20;25;27;2;1;4;274607;182552;2983;775;4452
FR;5;2022-08-21;7;4;1;0;1;274614;182556;2984;775;4453
FR;5;2022-08-22;38;24;1;6;2;274652;182580;2985;781;4455
FR;5;2022-08-23;26;25;1;1;2;274678;182605;2986;782;4457
FR;5;2022-08-24;47;43;0;0;0;274725;182648;2986;782;4457
FR;5;2022-08-25;27;26;3;1;2;274752;182674;2989;783;4459
FR;5;2022-08-26;48;38;7;2;5;274800;182712;2996;785;4464
FR;5;2022-08-27;46;28;1;0;3;274846;182740;2997;785;4467
FR;5;2022-08-28;5;6;0;0;0;274851;182746;2997;785;4467
FR;5;2022-08-29;58;44;0;1;3;274909;182790;2997;786;4470
FR;5;2022-08-30;42;23;12;29;10;274951;182813;3009;815;4480
FR;5;2022-08-31;51;47;6;1;11;275002;182860;3015;816;4491
FR;5;2022-09-01;14;6;1;3;1;275016;182866;3016;819;4492
FR;5;2022-09-02;42;20;8;2;8;275058;182886;3024;821;4500
FR;5;2022-09-03;67;36;2;0;2;275125;182922;3026;821;4502
FR;5;2022-09-04;12;7;1;0;3;275137;182929;3027;821;4505
FR;5;2022-09-05;5;4;0;0;0;275142;182933;3027;821;4505
FR;5;2022-09-06;18;12;3;14;2;275160;182945;3030;835;4507
FR;6;2020-12-27;0;0;0;0;0;0;0;0;0;0
FR;6;2020-12-28;0;0;0;0;0;0;0;0;0;0
FR;6;2020-12-29;0;0;0;0;0;0;0;0;0;0
FR;6;2020-12-30;0;0;0;0;0;0;0;0;0;0
FR;6;2020-12-31;0;0;0;0;0;0;0;0;0;0
FR;6;2021-01-01;0;0;0;0;0;0;0;0;0;0
FR;6;2021-01-02;0;0;0;0;0;0;0;0;0;0
FR;6;2021-01-03;0;0;0;0;0;0;0;0;0;0
FR;6;2021-01-04;0;0;0;0;0;0;0;0;0;0
FR;6;2021-01-05;0;0;0;0;0;0;0;0;0;0
FR;6;2021-01-06;0;0;0;0;0;0;0;0;0;0
FR;6;2021-01-07;0;0;0;0;0;0;0;0;0;0
FR;6;2021-01-08;0;0;0;0;0;0;0;0;0;0
FR;6;2021-01-09;0;0;0;0;0;0;0;0;0;0
FR;6;2021-01-10;0;0;0;0;0;0;0;0;0;0
FR;6;2021-01-11;0;0;0;0;0;0;0;0;0;0
FR;6;2021-01-12;0;0;0;0;0;0;0;0;0;0
FR;6;2021-01-13;0;0;0;0;0;0;0;0;0;0
FR;6;2021-01-14;0;0;0;0;0;0;0;0;0;0
FR;6;2021-01-15;0;0;0;0;0;0;0;0;0;0
FR;6;2021-01-16;0;0;0;0;0;0;0;0;0;0
FR;6;2021-01-17;0;0;0;0;0;0;0;0;0;0
FR;6;2021-01-18;0;0;0;0;0;0;0;0;0;0
FR;6;2021-01-19;0;0;0;0;0;0;0;0;0;0
FR;6;2021-01-20;0;0;0;0;0;0;0;0;0;0
FR;6;2021-01-21;0;0;0;0;0;0;0;0;0;0
FR;6;2021-01-22;0;0;0;0;0;0;0;0;0;0
FR;6;2021-01-23;0;0;0;0;0;0;0;0;0;0
FR;6;2021-01-24;0;0;0;0;0;0;0;0;0;0
FR;6;2021-01-25;0;0;0;0;0;0;0;0;0;0
FR;6;2021-01-26;0;0;0;0;0;0;0;0;0;0
FR;6;2021-01-27;0;0;0;0;0;0;0;0;0;0
FR;6;2021-01-28;0;0;0;0;0;0;0;0;0;0
FR;6;2021-01-29;0;0;0;0;0;0;0;0;0;0
FR;6;2021-01-30;0;0;0;0;0;0;0;0;0;0
FR;6;2021-01-31;0;0;0;0;0;0;0;0;0;0
FR;6;2021-02-01;0;0;0;0;0;0;0;0;0;0
FR;6;2021-02-02;0;0;0;0;0;0;0;0;0;0
FR;6;2021-02-03;0;0;0;0;0;0;0;0;0;0
FR;6;2021-02-04;0;0;0;0;0;0;0;0;0;0
FR;6;2021-02-05;0;0;0;0;0;0;0;0;0;0
FR;6;2021-02-06;0;0;0;0;0;0;0;0;0;0
FR;6;2021-02-07;0;0;0;0;0;0;0;0;0;0
FR;6;2021-02-08;0;0;0;0;0;0;0;0;0;0
FR;6;2021-02-09;0;0;0;0;0;0;0;0;0;0
FR;6;2021-02-10;0;0;0;0;0;0;0;0;0;0
FR;6;2021-02-11;0;0;0;0;0;0;0;0;0;0
FR;6;2021-02-12;0;0;0;0;0;0;0;0;0;0
FR;6;2021-02-13;0;0;0;0;0;0;0;0;0;0
FR;6;2021-02-14;0;0;0;0;0;0;0;0;0;0
FR;6;2021-02-15;0;0;0;0;0;0;0;0;0;0
FR;6;2021-02-16;0;0;0;0;0;0;0;0;0;0
FR;6;2021-02-17;0;0;0;0;0;0;0;0;0;0
FR;6;2021-02-18;0;0;0;0;0;0;0;0;0;0
FR;6;2021-02-19;0;0;0;0;0;0;0;0;0;0
FR;6;2021-02-20;0;0;0;0;0;0;0;0;0;0
FR;6;2021-02-21;0;0;0;0;0;0;0;0;0;0
FR;6;2021-02-22;0;0;0;0;0;0;0;0;0;0
FR;6;2021-02-23;0;0;0;0;0;0;0;0;0;0
FR;6;2021-02-24;0;0;0;0;0;0;0;0;0;0
FR;6;2021-02-25;0;0;0;0;0;0;0;0;0;0
FR;6;2021-02-26;0;0;0;0;0;0;0;0;0;0
FR;6;2021-02-27;0;0;0;0;0;0;0;0;0;0
FR;6;2021-02-28;0;0;0;0;0;0;0;0;0;0
FR;6;2021-03-01;0;0;0;0;0;0;0;0;0;0
FR;6;2021-03-02;0;0;0;0;0;0;0;0;0;0
FR;6;2021-03-03;0;0;0;0;0;0;0;0;0;0
FR;6;2021-03-04;0;0;0;0;0;0;0;0;0;0
FR;6;2021-03-05;0;0;0;0;0;0;0;0;0;0
FR;6;2021-03-06;0;0;0;0;0;0;0;0;0;0
FR;6;2021-03-07;0;0;0;0;0;0;0;0;0;0
FR;6;2021-03-08;0;0;0;0;0;0;0;0;0;0
FR;6;2021-03-09;0;0;0;0;0;0;0;0;0;0
FR;6;2021-03-10;0;0;0;0;0;0;0;0;0;0
FR;6;2021-03-11;0;0;0;0;0;0;0;0;0;0
FR;6;2021-03-12;0;0;0;0;0;0;0;0;0;0
FR;6;2021-03-13;0;0;0;0;0;0;0;0;0;0
FR;6;2021-03-14;0;0;0;0;0;0;0;0;0;0
FR;6;2021-03-15;0;0;0;0;0;0;0;0;0;0
FR;6;2021-03-16;0;0;0;0;0;0;0;0;0;0
FR;6;2021-03-17;0;0;0;0;0;0;0;0;0;0
FR;6;2021-03-18;0;0;0;0;0;0;0;0;0;0
FR;6;2021-03-19;0;0;0;0;0;0;0;0;0;0
FR;6;2021-03-20;0;0;0;0;0;0;0;0;0;0
FR;6;2021-03-21;0;0;0;0;0;0;0;0;0;0
FR;6;2021-03-22;0;0;0;0;0;0;0;0;0;0
FR;6;2021-03-23;0;0;0;0;0;0;0;0;0;0
FR;6;2021-03-24;0;0;0;0;0;0;0;0;0;0
FR;6;2021-03-25;0;0;0;0;0;0;0;0;0;0
FR;6;2021-03-26;0;0;0;0;0;0;0;0;0;0
FR;6;2021-03-27;0;0;0;0;0;0;0;0;0;0
FR;6;2021-03-28;0;0;0;0;0;0;0;0;0;0
FR;6;2021-03-29;0;0;0;0;0;0;0;0;0;0
FR;6;2021-03-30;0;0;0;0;0;0;0;0;0;0
FR;6;2021-03-31;0;0;0;0;0;0;0;0;0;0
FR;6;2021-04-01;0;0;0;0;0;0;0;0;0;0
FR;6;2021-04-02;0;0;0;0;0;0;0;0;0;0
FR;6;2021-04-03;0;0;0;0;0;0;0;0;0;0
FR;6;2021-04-04;0;0;0;0;0;0;0;0;0;0
FR;6;2021-04-05;0;0;0;0;0;0;0;0;0;0
FR;6;2021-04-06;0;0;0;0;0;0;0;0;0;0
FR;6;2021-04-07;0;0;0;0;0;0;0;0;0;0
FR;6;2021-04-08;0;0;0;0;0;0;0;0;0;0
FR;6;2021-04-09;0;0;0;0;0;0;0;0;0;0
FR;6;2021-04-10;0;0;0;0;0;0;0;0;0;0
FR;6;2021-04-11;0;0;0;0;0;0;0;0;0;0
FR;6;2021-04-12;0;0;0;0;0;0;0;0;0;0
FR;6;2021-04-13;0;0;0;0;0;0;0;0;0;0
FR;6;2021-04-14;0;0;0;0;0;0;0;0;0;0
FR;6;2021-04-15;0;0;0;0;0;0;0;0;0;0
FR;6;2021-04-16;0;0;0;0;0;0;0;0;0;0
FR;6;2021-04-17;0;0;0;0;0;0;0;0;0;0
FR;6;2021-04-18;0;0;0;0;0;0;0;0;0;0
FR;6;2021-04-19;0;0;0;0;0;0;0;0;0;0
FR;6;2021-04-20;0;0;0;0;0;0;0;0;0;0
FR;6;2021-04-21;0;0;0;0;0;0;0;0;0;0
FR;6;2021-04-22;0;0;0;0;0;0;0;0;0;0
FR;6;2021-04-23;0;0;0;0;0;0;0;0;0;0
FR;6;2021-04-24;0;0;0;0;0;0;0;0;0;0
FR;6;2021-04-25;0;0;0;0;0;0;0;0;0;0
FR;6;2021-04-26;0;0;0;0;0;0;0;0;0;0
FR;6;2021-04-27;0;0;0;0;0;0;0;0;0;0
FR;6;2021-04-28;0;0;0;0;0;0;0;0;0;0
FR;6;2021-04-29;0;0;0;0;0;0;0;0;0;0
FR;6;2021-04-30;0;0;0;0;0;0;0;0;0;0
FR;6;2021-05-01;0;0;0;0;0;0;0;0;0;0
FR;6;2021-05-02;0;0;0;0;0;0;0;0;0;0
FR;6;2021-05-03;0;0;0;0;0;0;0;0;0;0
FR;6;2021-05-04;0;0;0;0;0;0;0;0;0;0
FR;6;2021-05-05;0;0;0;0;0;0;0;0;0;0
FR;6;2021-05-06;0;0;0;0;0;0;0;0;0;0
FR;6;2021-05-07;0;0;0;0;0;0;0;0;0;0
FR;6;2021-05-08;0;0;0;0;0;0;0;0;0;0
FR;6;2021-05-09;0;0;0;0;0;0;0;0;0;0
FR;6;2021-05-10;0;0;0;0;0;0;0;0;0;0
FR;6;2021-05-11;0;0;0;0;0;0;0;0;0;0
FR;6;2021-05-12;0;0;0;0;0;0;0;0;0;0
FR;6;2021-05-13;0;0;0;0;0;0;0;0;0;0
FR;6;2021-05-14;0;0;0;0;0;0;0;0;0;0
FR;6;2021-05-15;0;0;0;0;0;0;0;0;0;0
FR;6;2021-05-16;0;0;0;0;0;0;0;0;0;0
FR;6;2021-05-17;0;0;0;0;0;0;0;0;0;0
FR;6;2021-05-18;0;0;0;0;0;0;0;0;0;0
FR;6;2021-05-19;0;0;0;0;0;0;0;0;0;0
FR;6;2021-05-20;0;0;0;0;0;0;0;0;0;0
FR;6;2021-05-21;0;0;0;0;0;0;0;0;0;0
FR;6;2021-05-22;0;0;0;0;0;0;0;0;0;0
FR;6;2021-05-23;0;0;0;0;0;0;0;0;0;0
FR;6;2021-05-24;0;0;0;0;0;0;0;0;0;0
FR;6;2021-05-25;0;0;0;0;0;0;0;0;0;0
FR;6;2021-05-26;0;0;0;0;0;0;0;0;0;0
FR;6;2021-05-27;0;0;0;0;0;0;0;0;0;0
FR;6;2021-05-28;0;0;0;0;0;0;0;0;0;0
FR;6;2021-05-29;0;0;0;0;0;0;0;0;0;0
FR;6;2021-05-30;0;0;0;0;0;0;0;0;0;0
FR;6;2021-05-31;0;0;0;0;0;0;0;0;0;0
FR;6;2021-06-01;0;0;0;0;0;0;0;0;0;0
FR;6;2021-06-02;0;0;0;0;0;0;0;0;0;0
FR;6;2021-06-03;0;0;0;0;0;0;0;0;0;0
FR;6;2021-06-04;0;0;0;0;0;0;0;0;0;0
FR;6;2021-06-05;0;0;0;0;0;0;0;0;0;0
FR;6;2021-06-06;0;0;0;0;0;0;0;0;0;0
FR;6;2021-06-07;0;0;0;0;0;0;0;0;0;0
FR;6;2021-06-08;0;0;0;0;0;0;0;0;0;0
FR;6;2021-06-09;0;0;0;0;0;0;0;0;0;0
FR;6;2021-06-10;0;0;0;0;0;0;0;0;0;0
FR;6;2021-06-11;0;0;0;0;0;0;0;0;0;0
FR;6;2021-06-12;0;0;0;0;0;0;0;0;0;0
FR;6;2021-06-13;0;0;0;0;0;0;0;0;0;0
FR;6;2021-06-14;0;0;0;0;0;0;0;0;0;0
FR;6;2021-06-15;0;0;0;0;0;0;0;0;0;0
FR;6;2021-06-16;0;0;0;0;0;0;0;0;0;0
FR;6;2021-06-17;0;0;0;0;0;0;0;0;0;0
FR;6;2021-06-18;0;0;0;0;0;0;0;0;0;0
FR;6;2021-06-19;0;0;0;0;0;0;0;0;0;0
FR;6;2021-06-20;0;0;0;0;0;0;0;0;0;0
FR;6;2021-06-21;0;0;0;0;0;0;0;0;0;0
FR;6;2021-06-22;0;0;0;0;0;0;0;0;0;0
FR;6;2021-06-23;0;0;0;0;0;0;0;0;0;0
FR;6;2021-06-24;0;0;0;0;0;0;0;0;0;0
FR;6;2021-06-25;0;0;0;0;0;0;0;0;0;0
FR;6;2021-06-26;0;0;0;0;0;0;0;0;0;0
FR;6;2021-06-27;0;0;0;0;0;0;0;0;0;0
FR;6;2021-06-28;0;0;0;0;0;0;0;0;0;0
FR;6;2021-06-29;0;0;0;0;0;0;0;0;0;0
FR;6;2021-06-30;0;0;0;0;0;0;0;0;0;0
FR;6;2021-07-01;0;0;0;0;0;0;0;0;0;0
FR;6;2021-07-02;0;0;0;0;0;0;0;0;0;0
FR;6;2021-07-03;0;0;0;0;0;0;0;0;0;0
FR;6;2021-07-04;0;0;0;0;0;0;0;0;0;0
FR;6;2021-07-05;0;0;0;0;0;0;0;0;0;0
FR;6;2021-07-06;0;0;0;0;0;0;0;0;0;0
FR;6;2021-07-07;0;0;0;0;0;0;0;0;0;0
FR;6;2021-07-08;0;0;0;0;0;0;0;0;0;0
FR;6;2021-07-09;0;0;0;0;0;0;0;0;0;0
FR;6;2021-07-10;0;0;0;0;0;0;0;0;0;0
FR;6;2021-07-11;0;0;0;0;0;0;0;0;0;0
FR;6;2021-07-12;0;0;0;0;0;0;0;0;0;0
FR;6;2021-07-13;0;0;0;0;0;0;0;0;0;0
FR;6;2021-07-14;0;0;0;0;0;0;0;0;0;0
FR;6;2021-07-15;0;0;0;0;0;0;0;0;0;0
FR;6;2021-07-16;0;0;0;0;0;0;0;0;0;0
FR;6;2021-07-17;0;0;0;0;0;0;0;0;0;0
FR;6;2021-07-18;0;0;0;0;0;0;0;0;0;0
FR;6;2021-07-19;0;0;0;0;0;0;0;0;0;0
FR;6;2021-07-20;0;0;0;0;0;0;0;0;0;0
FR;6;2021-07-21;0;0;0;0;0;0;0;0;0;0
FR;6;2021-07-22;0;0;0;0;0;0;0;0;0;0
FR;6;2021-07-23;0;0;0;0;0;0;0;0;0;0
FR;6;2021-07-24;0;0;0;0;0;0;0;0;0;0
FR;6;2021-07-25;0;0;0;0;0;0;0;0;0;0
FR;6;2021-07-26;0;0;0;0;0;0;0;0;0;0
FR;6;2021-07-27;0;0;0;0;0;0;0;0;0;0
FR;6;2021-07-28;0;0;0;0;0;0;0;0;0;0
FR;6;2021-07-29;0;0;0;0;0;0;0;0;0;0
FR;6;2021-07-30;0;0;0;0;0;0;0;0;0;0
FR;6;2021-07-31;0;0;0;0;0;0;0;0;0;0
FR;6;2021-08-01;0;0;0;0;0;0;0;0;0;0
FR;6;2021-08-02;0;0;0;0;0;0;0;0;0;0
FR;6;2021-08-03;0;0;0;0;0;0;0;0;0;0
FR;6;2021-08-04;0;0;0;0;0;0;0;0;0;0
FR;6;2021-08-05;0;0;0;0;0;0;0;0;0;0
FR;6;2021-08-06;0;0;0;0;0;0;0;0;0;0
FR;6;2021-08-07;0;0;0;0;0;0;0;0;0;0
FR;6;2021-08-08;0;0;0;0;0;0;0;0;0;0
FR;6;2021-08-09;0;0;0;0;0;0;0;0;0;0
FR;6;2021-08-10;0;0;0;0;0;0;0;0;0;0
FR;6;2021-08-11;0;0;0;0;0;0;0;0;0;0
FR;6;2021-08-12;0;0;0;0;0;0;0;0;0;0
FR;6;2021-08-13;0;0;0;0;0;0;0;0;0;0
FR;6;2021-08-14;0;0;0;0;0;0;0;0;0;0
FR;6;2021-08-15;0;0;0;0;0;0;0;0;0;0
FR;6;2021-08-16;0;0;0;0;0;0;0;0;0;0
FR;6;2021-08-17;0;0;0;0;0;0;0;0;0;0
FR;6;2021-08-18;0;0;0;0;0;0;0;0;0;0
FR;6;2021-08-19;0;0;0;0;0;0;0;0;0;0
FR;6;2021-08-20;0;0;0;0;0;0;0;0;0;0
FR;6;2021-08-21;0;0;0;0;0;0;0;0;0;0
FR;6;2021-08-22;0;0;0;0;0;0;0;0;0;0
FR;6;2021-08-23;0;0;0;0;0;0;0;0;0;0
FR;6;2021-08-24;0;0;0;0;0;0;0;0;0;0
FR;6;2021-08-25;0;0;0;0;0;0;0;0;0;0
FR;6;2021-08-26;0;0;0;0;0;0;0;0;0;0
FR;6;2021-08-27;0;0;0;0;0;0;0;0;0;0
FR;6;2021-08-28;0;0;0;0;0;0;0;0;0;0
FR;6;2021-08-29;0;0;0;0;0;0;0;0;0;0
FR;6;2021-08-30;0;0;0;0;0;0;0;0;0;0
FR;6;2021-08-31;0;0;0;0;0;0;0;0;0;0
FR;6;2021-09-01;0;0;0;0;0;0;0;0;0;0
FR;6;2021-09-02;0;0;0;0;0;0;0;0;0;0
FR;6;2021-09-03;0;0;0;0;0;0;0;0;0;0
FR;6;2021-09-04;0;0;0;0;0;0;0;0;0;0
FR;6;2021-09-05;0;0;0;0;0;0;0;0;0;0
FR;6;2021-09-06;0;0;0;0;0;0;0;0;0;0
FR;6;2021-09-07;0;0;0;0;0;0;0;0;0;0
FR;6;2021-09-08;0;0;0;0;0;0;0;0;0;0
FR;6;2021-09-09;0;0;0;0;0;0;0;0;0;0
FR;6;2021-09-10;0;0;0;0;0;0;0;0;0;0
FR;6;2021-09-11;0;0;0;0;0;0;0;0;0;0
FR;6;2021-09-12;0;0;0;0;0;0;0;0;0;0
FR;6;2021-09-13;0;0;0;0;0;0;0;0;0;0
FR;6;2021-09-14;0;0;0;0;0;0;0;0;0;0
FR;6;2021-09-15;0;0;0;0;0;0;0;0;0;0
FR;6;2021-09-16;0;0;0;0;0;0;0;0;0;0
FR;6;2021-09-17;0;0;0;0;0;0;0;0;0;0
FR;6;2021-09-18;0;0;0;0;0;0;0;0;0;0
FR;6;2021-09-19;0;0;0;0;0;0;0;0;0;0
FR;6;2021-09-20;0;0;0;0;0;0;0;0;0;0
FR;6;2021-09-21;0;0;0;0;0;0;0;0;0;0
FR;6;2021-09-22;0;0;0;0;0;0;0;0;0;0
FR;6;2021-09-23;0;0;0;0;0;0;0;0;0;0
FR;6;2021-09-24;0;0;0;0;0;0;0;0;0;0
FR;6;2021-09-25;0;0;0;0;0;0;0;0;0;0
FR;6;2021-09-26;0;0;0;0;0;0;0;0;0;0
FR;6;2021-09-27;0;0;0;0;0;0;0;0;0;0
FR;6;2021-09-28;0;0;0;0;0;0;0;0;0;0
FR;6;2021-09-29;0;0;0;0;0;0;0;0;0;0
FR;6;2021-09-30;0;0;0;0;0;0;0;0;0;0
FR;6;2021-10-01;0;0;0;0;0;0;0;0;0;0
FR;6;2021-10-02;0;0;0;0;0;0;0;0;0;0
FR;6;2021-10-03;0;0;0;0;0;0;0;0;0;0
FR;6;2021-10-04;0;0;0;0;0;0;0;0;0;0
FR;6;2021-10-05;0;0;0;0;0;0;0;0;0;0
FR;6;2021-10-06;0;0;0;0;0;0;0;0;0;0
FR;6;2021-10-07;0;0;0;0;0;0;0;0;0;0
FR;6;2021-10-08;0;0;0;0;0;0;0;0;0;0
FR;6;2021-10-09;0;0;0;0;0;0;0;0;0;0
FR;6;2021-10-10;0;0;0;0;0;0;0;0;0;0
FR;6;2021-10-11;0;0;0;0;0;0;0;0;0;0
FR;6;2021-10-12;0;0;0;0;0;0;0;0;0;0
FR;6;2021-10-13;0;0;0;0;0;0;0;0;0;0
FR;6;2021-10-14;0;0;0;0;0;0;0;0;0;0
FR;6;2021-10-15;0;0;0;0;0;0;0;0;0;0
FR;6;2021-10-16;0;0;0;0;0;0;0;0;0;0
FR;6;2021-10-17;0;0;0;0;0;0;0;0;0;0
FR;6;2021-10-18;0;0;0;0;0;0;0;0;0;0
FR;6;2021-10-19;0;0;0;0;0;0;0;0;0;0
FR;6;2021-10-20;0;0;0;0;0;0;0;0;0;0
FR;6;2021-10-21;0;0;0;0;0;0;0;0;0;0
FR;6;2021-10-22;0;0;0;0;0;0;0;0;0;0
FR;6;2021-10-23;0;0;0;0;0;0;0;0;0;0
FR;6;2021-10-24;0;0;0;0;0;0;0;0;0;0
FR;6;2021-10-25;0;0;0;0;0;0;0;0;0;0
FR;6;2021-10-26;0;0;0;0;0;0;0;0;0;0
FR;6;2021-10-27;0;0;0;0;0;0;0;0;0;0
FR;6;2021-10-28;0;0;0;0;0;0;0;0;0;0
FR;6;2021-10-29;0;0;0;0;0;0;0;0;0;0
FR;6;2021-10-30;0;0;0;0;0;0;0;0;0;0
FR;6;2021-10-31;0;0;0;0;0;0;0;0;0;0
FR;6;2021-11-01;0;0;0;0;0;0;0;0;0;0
FR;6;2021-11-02;0;0;0;0;0;0;0;0;0;0
FR;6;2021-11-03;0;0;0;0;0;0;0;0;0;0
FR;6;2021-11-04;0;0;0;0;0;0;0;0;0;0
FR;6;2021-11-05;0;0;0;0;0;0;0;0;0;0
FR;6;2021-11-06;0;0;0;0;0;0;0;0;0;0
FR;6;2021-11-07;0;0;0;0;0;0;0;0;0;0
FR;6;2021-11-08;0;0;0;0;0;0;0;0;0;0
FR;6;2021-11-09;0;0;0;0;0;0;0;0;0;0
FR;6;2021-11-10;0;0;0;0;0;0;0;0;0;0
FR;6;2021-11-11;0;0;0;0;0;0;0;0;0;0
FR;6;2021-11-12;0;0;0;0;0;0;0;0;0;0
FR;6;2021-11-13;0;0;0;0;0;0;0;0;0;0
FR;6;2021-11-14;0;0;0;0;0;0;0;0;0;0
FR;6;2021-11-15;0;0;0;0;0;0;0;0;0;0
FR;6;2021-11-16;0;0;0;0;0;0;0;0;0;0
FR;6;2021-11-17;0;0;0;0;0;0;0;0;0;0
FR;6;2021-11-18;0;0;0;0;0;0;0;0;0;0
FR;6;2021-11-19;0;0;0;0;0;0;0;0;0;0
FR;6;2021-11-20;0;0;0;0;0;0;0;0;0;0
FR;6;2021-11-21;0;0;0;0;0;0;0;0;0;0
FR;6;2021-11-22;0;0;0;0;0;0;0;0;0;0
FR;6;2021-11-23;0;0;0;0;0;0;0;0;0;0
FR;6;2021-11-24;0;0;0;0;0;0;0;0;0;0
FR;6;2021-11-25;0;0;0;0;0;0;0;0;0;0
FR;6;2021-11-26;0;0;0;0;0;0;0;0;0;0
FR;6;2021-11-27;0;0;0;0;0;0;0;0;0;0
FR;6;2021-11-28;0;0;0;0;0;0;0;0;0;0
FR;6;2021-11-29;0;0;0;0;0;0;0;0;0;0
FR;6;2021-11-30;0;0;0;0;0;0;0;0;0;0
FR;6;2021-12-01;0;0;0;0;0;0;0;0;0;0
FR;6;2021-12-02;0;0;0;0;0;0;0;0;0;0
FR;6;2021-12-03;0;0;0;0;0;0;0;0;0;0
FR;6;2021-12-04;0;0;0;0;0;0;0;0;0;0
FR;6;2021-12-05;0;0;0;0;0;0;0;0;0;0
FR;6;2021-12-06;0;0;0;0;0;0;0;0;0;0
FR;6;2021-12-07;0;0;0;0;0;0;0;0;0;0
FR;6;2021-12-08;0;0;0;0;0;0;0;0;0;0
FR;6;2021-12-09;0;0;0;0;0;0;0;0;0;0
FR;6;2021-12-10;0;0;0;0;0;0;0;0;0;0
FR;6;2021-12-11;0;0;0;0;0;0;0;0;0;0
FR;6;2021-12-12;0;0;0;0;0;0;0;0;0;0
FR;6;2021-12-13;0;0;0;0;0;0;0;0;0;0
FR;6;2021-12-14;0;0;0;0;0;0;0;0;0;0
FR;6;2021-12-15;0;0;0;0;0;0;0;0;0;0
FR;6;2021-12-16;0;0;0;0;0;0;0;0;0;0
FR;6;2021-12-17;0;0;0;0;0;0;0;0;0;0
FR;6;2021-12-18;0;0;0;0;0;0;0;0;0;0
FR;6;2021-12-19;0;0;0;0;0;0;0;0;0;0
FR;6;2021-12-20;0;0;0;0;0;0;0;0;0;0
FR;6;2021-12-21;0;0;0;0;0;0;0;0;0;0
FR;6;2021-12-22;0;0;0;0;0;0;0;0;0;0
FR;6;2021-12-23;0;0;0;0;0;0;0;0;0;0
FR;6;2021-12-24;0;0;0;0;0;0;0;0;0;0
FR;6;2021-12-25;0;0;0;0;0;0;0;0;0;0
FR;6;2021-12-26;0;0;0;0;0;0;0;0;0;0
FR;6;2021-12-27;0;0;0;0;0;0;0;0;0;0
FR;6;2021-12-28;0;0;0;0;0;0;0;0;0;0
FR;6;2021-12-29;0;0;0;0;0;0;0;0;0;0
FR;6;2021-12-30;0;0;0;0;0;0;0;0;0;0
FR;6;2021-12-31;0;0;0;0;0;0;0;0;0;0
FR;6;2022-01-01;0;0;0;0;0;0;0;0;0;0
FR;6;2022-01-02;0;0;0;0;0;0;0;0;0;0
FR;6;2022-01-03;0;0;0;0;0;0;0;0;0;0
FR;6;2022-01-04;0;0;0;0;0;0;0;0;0;0
FR;6;2022-01-05;0;0;0;0;0;0;0;0;0;0
FR;6;2022-01-06;0;0;0;0;0;0;0;0;0;0
FR;6;2022-01-07;0;0;0;0;0;0;0;0;0;0
FR;6;2022-01-08;0;0;0;0;0;0;0;0;0;0
FR;6;2022-01-09;0;0;0;0;0;0;0;0;0;0
FR;6;2022-01-10;0;0;0;0;0;0;0;0;0;0
FR;6;2022-01-11;0;0;0;0;0;0;0;0;0;0
FR;6;2022-01-12;0;0;0;0;0;0;0;0;0;0
FR;6;2022-01-13;0;0;0;0;0;0;0;0;0;0
FR;6;2022-01-14;0;0;0;0;0;0;0;0;0;0
FR;6;2022-01-15;0;0;0;0;0;0;0;0;0;0
FR;6;2022-01-16;0;0;0;0;0;0;0;0;0;0
FR;6;2022-01-17;0;0;0;0;0;0;0;0;0;0
FR;6;2022-01-18;0;0;0;0;0;0;0;0;0;0
FR;6;2022-01-19;0;0;0;0;0;0;0;0;0;0
FR;6;2022-01-20;0;0;0;0;0;0;0;0;0;0
FR;6;2022-01-21;0;0;0;0;0;0;0;0;0;0
FR;6;2022-01-22;0;0;0;0;0;0;0;0;0;0
FR;6;2022-01-23;0;0;0;0;0;0;0;0;0;0
FR;6;2022-01-24;0;0;0;0;0;0;0;0;0;0
FR;6;2022-01-25;0;0;0;0;0;0;0;0;0;0
FR;6;2022-01-26;0;0;0;0;0;0;0;0;0;0
FR;6;2022-01-27;0;0;0;0;0;0;0;0;0;0
FR;6;2022-01-28;0;0;0;0;0;0;0;0;0;0
FR;6;2022-01-29;0;0;0;0;0;0;0;0;0;0
FR;6;2022-01-30;0;0;0;0;0;0;0;0;0;0
FR;6;2022-01-31;0;0;0;0;0;0;0;0;0;0
FR;6;2022-02-01;0;0;0;0;0;0;0;0;0;0
FR;6;2022-02-02;0;0;0;0;0;0;0;0;0;0
FR;6;2022-02-03;0;0;0;0;0;0;0;0;0;0
FR;6;2022-02-04;0;0;0;0;0;0;0;0;0;0
FR;6;2022-02-05;0;0;0;0;0;0;0;0;0;0
FR;6;2022-02-06;0;0;0;0;0;0;0;0;0;0
FR;6;2022-02-07;0;0;0;0;0;0;0;0;0;0
FR;6;2022-02-08;0;0;0;0;0;0;0;0;0;0
FR;6;2022-02-09;0;0;0;0;0;0;0;0;0;0
FR;6;2022-02-10;0;0;0;0;0;0;0;0;0;0
FR;6;2022-02-11;0;0;0;0;0;0;0;0;0;0
FR;6;2022-02-12;0;0;0;0;0;0;0;0;0;0
FR;6;2022-02-13;0;0;0;0;0;0;0;0;0;0
FR;6;2022-02-14;0;0;0;0;0;0;0;0;0;0
FR;6;2022-02-15;0;0;0;0;0;0;0;0;0;0
FR;6;2022-02-16;0;0;0;0;0;0;0;0;0;0
FR;6;2022-02-17;0;0;0;0;0;0;0;0;0;0
FR;6;2022-02-18;0;0;0;0;0;0;0;0;0;0
FR;6;2022-02-19;0;0;0;0;0;0;0;0;0;0
FR;6;2022-02-20;0;0;0;0;0;0;0;0;0;0
FR;6;2022-02-21;0;0;0;0;0;0;0;0;0;0
FR;6;2022-02-22;0;0;0;0;0;0;0;0;0;0
FR;6;2022-02-23;0;0;0;0;0;0;0;0;0;0
FR;6;2022-02-24;0;0;0;0;0;0;0;0;0;0
FR;6;2022-02-25;0;0;0;0;0;0;0;0;0;0
FR;6;2022-02-26;1;0;0;0;0;1;0;0;0;0
FR;6;2022-02-27;0;0;0;0;0;1;0;0;0;0
FR;6;2022-02-28;0;0;0;0;0;1;0;0;0;0
FR;6;2022-03-01;3;0;0;0;0;4;0;0;0;0
FR;6;2022-03-02;97;9;2;0;7;101;9;2;0;7
FR;6;2022-03-03;0;0;0;0;0;101;9;2;0;7
FR;6;2022-03-04;91;4;0;0;4;192;13;2;0;11
FR;6;2022-03-05;391;23;2;0;14;583;36;4;0;25
FR;6;2022-03-06;7;1;0;0;0;590;37;4;0;25
FR;6;2022-03-07;337;19;0;0;13;927;56;4;0;38
FR;6;2022-03-08;230;14;0;0;5;1157;70;4;0;43
FR;6;2022-03-09;519;29;2;0;21;1676;99;6;0;64
FR;6;2022-03-10;206;19;0;1;12;1882;118;6;1;76
FR;6;2022-03-11;328;21;6;0;21;2210;139;12;1;97
FR;6;2022-03-12;518;25;1;0;20;2728;164;13;1;117
FR;6;2022-03-13;40;2;0;0;1;2768;166;13;1;118
FR;6;2022-03-14;201;4;2;0;3;2969;170;15;1;121
FR;6;2022-03-15;112;11;2;0;9;3081;181;17;1;130
FR;6;2022-03-16;310;17;1;1;14;3391;198;18;2;144
FR;6;2022-03-17;117;6;1;2;4;3508;204;19;4;148
FR;6;2022-03-18;215;10;0;0;6;3723;214;19;4;154
FR;6;2022-03-19;307;19;2;0;9;4030;233;21;4;163
FR;6;2022-03-20;15;5;0;0;1;4045;238;21;4;164
FR;6;2022-03-21;132;23;1;0;4;4177;261;22;4;168
FR;6;2022-03-22;97;15;0;0;4;4274;276;22;4;172
FR;6;2022-03-23;226;108;3;0;14;4500;384;25;4;186
FR;6;2022-03-24;100;15;1;3;4;4600;399;26;7;190
FR;6;2022-03-25;203;141;2;1;15;4803;540;28;8;205
FR;6;2022-03-26;331;295;7;1;19;5134;835;35;9;224
FR;6;2022-03-27;32;30;1;0;1;5166;865;36;9;225
FR;6;2022-03-28;200;208;8;1;17;5366;1073;44;10;242
FR;6;2022-03-29;124;189;12;2;12;5490;1262;56;12;254
FR;6;2022-03-30;305;476;10;2;22;5795;1738;66;14;276
FR;6;2022-03-31;123;140;10;0;14;5918;1878;76;14;290
FR;6;2022-04-01;195;150;11;2;23;6113;2028;87;16;313
FR;6;2022-04-02;206;241;9;1;13;6319;2269;96;17;326
FR;6;2022-04-03;17;21;0;0;1;6336;2290;96;17;327
FR;6;2022-04-04;137;114;6;1;9;6473;2404;102;18;336
FR;6;2022-04-05;146;88;15;1;11;6619;2492;117;19;347
FR;6;2022-04-06;204;245;22;26;27;6823;2737;139;45;374
FR;6;2022-04-07;127;96;15;9;17;6950;2833;154;54;391
FR;6;2022-04-08;199;170;16;3;17;7149;3003;170;57;408
FR;6;2022-04-09;145;139;6;12;13;7294;3142;176;69;421
FR;6;2022-04-10;10;20;3;0;1;7304;3162;179;69;422
FR;6;2022-04-11;101;106;4;0;5;7405;3268;183;69;427
FR;6;2022-04-12;136;75;5;8;10;7541;3343;188;77;437
FR;6;2022-04-13;162;175;7;5;13;7703;3518;195;82;450
FR;6;2022-04-14;100;103;5;10;8;7803;3621;200;92;458
FR;6;2022-04-15;158;148;11;7;19;7961;3769;211;99;477
FR;6;2022-04-16;127;132;5;0;14;8088;3901;216;99;491
FR;6;2022-04-17;8;9;4;0;4;8096;3910;220;99;495
FR;6;2022-04-18;8;15;3;0;4;8104;3925;223;99;499
FR;6;2022-04-19;97;112;4;3;3;8201;4037;227;102;502
FR;6;2022-04-20;178;227;8;7;15;8379;4264;235;109;517
FR;6;2022-04-21;111;93;8;4;11;8490;4357;243;113;528
FR;6;2022-04-22;138;160;13;12;13;8628;4517;256;125;541
FR;6;2022-04-23;106;129;1;1;7;8734;4646;257;126;548
FR;6;2022-04-24;5;21;1;0;0;8739;4667;258;126;548
FR;6;2022-04-25;91;128;3;8;11;8830;4795;261;134;559
FR;6;2022-04-26;101;128;18;2;16;8931;4923;279;136;575
FR;6;2022-04-27;197;159;21;1;27;9128;5082;300;137;602
FR;6;2022-04-28;109;87;7;1;8;9237;5169;307;138;610
FR;6;2022-04-29;191;169;16;2;20;9428;5338;323;140;630
FR;6;2022-04-30;133;125;7;1;24;9561;5463;330;141;654
FR;6;2022-05-01;7;6;0;0;0;9568;5469;330;141;654
FR;6;2022-05-02;94;66;3;4;3;9662;5535;333;145;657
FR;6;2022-05-03;136;93;11;2;7;9798;5628;344;147;664
FR;6;2022-05-04;167;118;25;12;29;9965;5746;369;159;693
FR;6;2022-05-05;101;70;8;3;12;10066;5816;377;162;705
FR;6;2022-05-06;152;110;10;9;16;10218;5926;387;171;721
FR;6;2022-05-07;139;93;13;3;23;10357;6019;400;174;744
FR;6;2022-05-08;20;8;6;5;7;10377;6027;406;179;751
FR;6;2022-05-09;86;78;9;7;13;10463;6105;415;186;764
FR;6;2022-05-10;111;80;15;7;12;10574;6185;430;193;776
FR;6;2022-05-11;130;124;11;14;20;10704;6309;441;207;796
FR;6;2022-05-12;105;76;7;5;15;10809;6385;448;212;811
FR;6;2022-05-13;154;97;17;21;22;10963;6482;465;233;833
FR;6;2022-05-14;81;60;6;7;15;11044;6542;471;240;848
FR;6;2022-05-15;12;7;0;0;0;11056;6549;471;240;848
FR;6;2022-05-16;64;54;6;2;12;11120;6603;477;242;860
FR;6;2022-05-17;123;77;5;7;11;11243;6680;482;249;871
FR;6;2022-05-18;131;116;5;1;13;11374;6796;487;250;884
FR;6;2022-05-19;124;57;6;8;9;11498;6853;493;258;893
FR;6;2022-05-20;125;115;13;3;18;11623;6968;506;261;911
FR;6;2022-05-21;92;69;14;3;12;11715;7037;520;264;923
FR;6;2022-05-22;19;12;5;0;4;11734;7049;525;264;927
FR;6;2022-05-23;77;72;4;2;7;11811;7121;529;266;934
FR;6;2022-05-24;116;98;8;2;16;11927;7219;537;268;950
FR;6;2022-05-25;139;129;6;3;11;12066;7348;543;271;961
FR;6;2022-05-26;7;9;3;0;9;12073;7357;546;271;970
FR;6;2022-05-27;127;105;15;11;18;12200;7462;561;282;988
FR;6;2022-05-28;53;75;1;5;8;12253;7537;562;287;996
FR;6;2022-05-29;8;10;0;0;1;12261;7547;562;287;997
FR;6;2022-05-30;70;70;7;4;4;12331;7617;569;291;1001
FR;6;2022-05-31;87;102;10;2;14;12418;7719;579;293;1015
FR;6;2022-06-01;97;89;10;1;11;12515;7808;589;294;1026
FR;6;2022-06-02;91;60;6;3;9;12606;7868;595;297;1035
FR;6;2022-06-03;126;102;13;7;21;12732;7970;608;304;1056
FR;6;2022-06-04;63;51;10;0;12;12795;8021;618;304;1068
FR;6;2022-06-05;16;15;2;1;4;12811;8036;620;305;1072
FR;6;2022-06-06;9;6;0;0;0;12820;8042;620;305;1072
FR;6;2022-06-07;79;90;3;4;8;12899;8132;623;309;1080
FR;6;2022-06-08;92;110;13;5;20;12991;8242;636;314;1100
FR;6;2022-06-09;75;81;15;3;15;13066;8323;651;317;1115
FR;6;2022-06-10;116;93;26;10;22;13182;8416;677;327;1137
FR;6;2022-06-11;83;62;6;10;12;13265;8478;683;337;1149
FR;6;2022-06-12;6;14;1;0;2;13271;8492;684;337;1151
FR;6;2022-06-13;74;59;18;1;7;13345;8551;702;338;1158
FR;6;2022-06-14;98;100;8;5;16;13443;8651;710;343;1174
FR;6;2022-06-15;80;85;7;8;15;13523;8736;717;351;1189
FR;6;2022-06-16;53;40;11;7;14;13576;8776;728;358;1203
FR;6;2022-06-17;85;85;3;13;11;13661;8861;731;371;1214
FR;6;2022-06-18;71;61;13;0;21;13732;8922;744;371;1235
FR;6;2022-06-19;6;6;3;0;4;13738;8928;747;371;1239
FR;6;2022-06-20;42;41;4;1;6;13780;8969;751;372;1245
FR;6;2022-06-21;59;73;10;7;17;13839;9042;761;379;1262
FR;6;2022-06-22;86;85;8;2;17;13925;9127;769;381;1279
FR;6;2022-06-23;64;39;13;7;15;13989;9166;782;388;1294
FR;6;2022-06-24;77;85;7;14;20;14066;9251;789;402;1314
FR;6;2022-06-25;67;61;4;3;8;14133;9312;793;405;1322
FR;6;2022-06-26;6;7;1;0;1;14139;9319;794;405;1323
FR;6;2022-06-27;53;50;4;9;12;14192;9369;798;414;1335
FR;6;2022-06-28;68;47;6;3;15;14260;9416;804;417;1350
FR;6;2022-06-29;98;117;26;37;19;14358;9533;830;454;1369
FR;6;2022-06-30;84;59;33;10;12;14442;9592;863;464;1381
FR;6;2022-07-01;115;94;25;33;18;14557;9686;888;497;1399
FR;6;2022-07-02;58;67;26;2;37;14615;9753;914;499;1436
FR;6;2022-07-03;11;4;4;3;4;14626;9757;918;502;1440
FR;6;2022-07-04;61;43;3;23;13;14687;9800;921;525;1453
FR;6;2022-07-05;65;53;19;67;27;14752;9853;940;592;1480
FR;6;2022-07-06;94;64;7;11;12;14846;9917;947;603;1492
FR;6;2022-07-07;97;79;42;37;14;14943;9996;989;640;1506
FR;6;2022-07-08;139;87;42;27;10;15082;10083;1031;667;1516
FR;6;2022-07-09;53;50;16;29;26;15135;10133;1047;696;1542
FR;6;2022-07-10;3;7;8;0;9;15138;10140;1055;696;1551
FR;6;2022-07-11;54;44;5;4;12;15192;10184;1060;700;1563
FR;6;2022-07-12;70;72;12;22;12;15262;10256;1072;722;1575
FR;6;2022-07-13;84;65;14;21;25;15346;10321;1086;743;1600
FR;6;2022-07-14;4;3;1;0;1;15350;10324;1087;743;1601
FR;6;2022-07-15;74;59;9;57;16;15424;10383;1096;800;1617
FR;6;2022-07-16;27;31;17;0;17;15451;10414;1113;800;1634
FR;6;2022-07-17;3;7;0;0;0;15454;10421;1113;800;1634
FR;6;2022-07-18;37;62;11;14;15;15491;10483;1124;814;1649
FR;6;2022-07-19;54;48;4;19;6;15545;10531;1128;833;1655
FR;6;2022-07-20;53;70;7;22;11;15598;10601;1135;855;1666
FR;6;2022-07-21;50;60;4;7;11;15648;10661;1139;862;1677
FR;6;2022-07-22;55;73;7;26;8;15703;10734;1146;888;1685
FR;6;2022-07-23;38;40;6;10;6;15741;10774;1152;898;1691
FR;6;2022-07-24;11;14;1;3;3;15752;10788;1153;901;1694
FR;6;2022-07-25;60;44;8;12;9;15812;10832;1161;913;1703
FR;6;2022-07-26;47;64;14;6;10;15859;10896;1175;919;1713
FR;6;2022-07-27;54;78;15;11;17;15913;10974;1190;930;1730
FR;6;2022-07-28;30;48;4;6;8;15943;11022;1194;936;1738
FR;6;2022-07-29;43;71;10;38;24;15986;11093;1204;974;1762
FR;6;2022-07-30;26;48;4;15;7;16012;11141;1208;989;1769
FR;6;2022-07-31;0;1;1;0;0;16012;11142;1209;989;1769
FR;6;2022-08-01;39;36;14;8;10;16051;11178;1223;997;1779
FR;6;2022-08-02;37;46;10;14;6;16088;11224;1233;1011;1785
FR;6;2022-08-03;29;52;7;16;11;16117;11276;1240;1027;1796
FR;6;2022-08-04;25;21;4;9;6;16142;11297;1244;1036;1802
FR;6;2022-08-05;43;45;1;7;5;16185;11342;1245;1043;1807
FR;6;2022-08-06;17;27;1;3;2;16202;11369;1246;1046;1809
FR;6;2022-08-07;1;2;0;0;0;16203;11371;1246;1046;1809
FR;6;2022-08-08;24;33;1;0;1;16227;11404;1247;1046;1810
FR;6;2022-08-09;22;30;6;3;3;16249;11434;1253;1049;1813
FR;6;2022-08-10;30;37;5;9;6;16279;11471;1258;1058;1819
FR;6;2022-08-11;33;33;1;1;1;16312;11504;1259;1059;1820
FR;6;2022-08-12;50;44;6;2;15;16362;11548;1265;1061;1835
FR;6;2022-08-13;9;20;0;0;1;16371;11568;1265;1061;1836
FR;6;2022-08-14;3;1;0;0;0;16374;11569;1265;1061;1836
FR;6;2022-08-15;2;3;1;0;0;16376;11572;1266;1061;1836
FR;6;2022-08-16;35;66;21;7;7;16411;11638;1287;1068;1843
FR;6;2022-08-17;32;44;10;9;10;16443;11682;1297;1077;1853
FR;6;2022-08-18;29;55;14;4;4;16472;11737;1311;1081;1857
FR;6;2022-08-19;30;44;5;4;3;16502;11781;1316;1085;1860
FR;6;2022-08-20;26;28;3;0;8;16528;11809;1319;1085;1868
FR;6;2022-08-21;1;5;2;0;0;16529;11814;1321;1085;1868
FR;6;2022-08-22;19;42;15;1;0;16548;11856;1336;1086;1868
FR;6;2022-08-23;34;45;6;7;6;16582;11901;1342;1093;1874
FR;6;2022-08-24;34;29;6;3;6;16616;11930;1348;1096;1880
FR;6;2022-08-25;25;27;1;1;5;16641;11957;1349;1097;1885
FR;6;2022-08-26;39;44;4;4;7;16680;12001;1353;1101;1892
FR;6;2022-08-27;19;21;7;3;8;16699;12022;1360;1104;1900
FR;6;2022-08-28;6;3;0;6;1;16705;12025;1360;1110;1901
FR;6;2022-08-29;25;22;2;6;3;16730;12047;1362;1116;1904
FR;6;2022-08-30;27;32;3;12;6;16757;12079;1365;1128;1910
FR;6;2022-08-31;34;38;2;11;3;16791;12117;1367;1139;1913
FR;6;2022-09-01;15;11;5;1;4;16806;12128;1372;1140;1917
FR;6;2022-09-02;19;14;1;1;2;16825;12142;1373;1141;1919
FR;6;2022-09-03;9;3;1;5;2;16834;12145;1374;1146;1921
FR;6;2022-09-04;2;1;0;0;0;16836;12146;1374;1146;1921
FR;6;2022-09-05;8;6;0;0;0;16844;12152;1374;1146;1921
FR;6;2022-09-06;7;9;7;12;6;16851;12161;1381;1158;1927
FR;0;2020-12-27;609;0;0;0;0;609;0;0;0;0
FR;0;2020-12-28;683;1;0;0;0;1292;1;0;0;0
FR;0;2020-12-29;384;0;0;0;0;1676;1;0;0;0
FR;0;2020-12-30;443;0;0;0;0;2119;1;0;0;0
FR;0;2020-12-31;440;1;0;0;0;2559;2;0;0;0
FR;0;2021-01-01;1156;2;0;0;0;3715;4;0;0;0
FR;0;2021-01-02;362;3;0;0;0;4077;7;0;0;0
FR;0;2021-01-03;404;0;0;0;0;4481;7;0;0;0
FR;0;2021-01-04;2109;4;0;0;0;6590;11;0;0;0
FR;0;2021-01-05;7752;3;0;0;0;14342;14;0;0;0
FR;0;2021-01-06;12454;16;0;0;0;26796;30;0;0;0
FR;0;2021-01-07;29461;17;0;0;0;56257;47;0;0;0
FR;0;2021-01-08;37143;17;0;0;0;93400;64;0;0;0
FR;0;2021-01-09;11212;7;0;0;0;104612;71;0;0;0
FR;0;2021-01-10;6007;7;0;0;0;110619;78;0;0;0
FR;0;2021-01-11;39934;22;0;0;0;150553;100;0;0;0
FR;0;2021-01-12;62142;19;0;0;0;212695;119;0;0;0
FR;0;2021-01-13;65119;42;0;0;0;277814;161;0;0;0
FR;0;2021-01-14;83117;149;0;0;0;360931;310;0;0;0
FR;0;2021-01-15;69009;63;0;0;0;429940;373;0;0;0
FR;0;2021-01-16;20217;72;0;0;0;450157;445;0;0;0
FR;0;2021-01-17;10986;51;0;0;0;461143;496;0;0;0
FR;0;2021-01-18;85902;169;0;0;0;547045;665;0;0;0
FR;0;2021-01-19;130599;189;0;0;0;677644;854;0;0;0
FR;0;2021-01-20;137548;188;0;0;0;815192;1042;0;0;0
FR;0;2021-01-21;158402;183;0;0;0;973594;1225;0;0;0
FR;0;2021-01-22;121063;233;0;0;0;1094657;1458;0;0;0
FR;0;2021-01-23;38480;69;0;0;0;1133137;1527;0;0;0
FR;0;2021-01-24;9745;99;0;0;0;1142882;1626;0;0;0
FR;0;2021-01-25;78238;1340;0;0;0;1221120;2966;0;0;0
FR;0;2021-01-26;100377;3494;1;0;0;1321497;6460;1;0;0
FR;0;2021-01-27;107246;6124;0;0;0;1428743;12584;1;0;0
FR;0;2021-01-28;124355;15588;0;0;0;1553098;28172;1;0;0
FR;0;2021-01-29;92184;18187;0;0;0;1645282;46359;1;0;0
FR;0;2021-01-30;29122;4404;0;0;0;1674404;50763;1;0;0
FR;0;2021-01-31;5234;1816;0;0;0;1679638;52579;1;0;0
FR;0;2021-02-01;53130;22062;0;0;0;1732768;74641;1;0;0
FR;0;2021-02-02;72309;36834;0;0;0;1805077;111475;1;0;0
FR;0;2021-02-03;72305;38980;0;0;0;1877382;150455;1;0;0
FR;0;2021-02-04;82076;53216;0;0;0;1959458;203671;1;0;0
FR;0;2021-02-05;68233;46812;0;0;0;2027691;250483;1;0;0
FR;0;2021-02-06;23034;11083;0;0;0;2050725;261566;1;0;0
FR;0;2021-02-07;5190;5602;0;0;0;2055915;267168;1;0;0
FR;0;2021-02-08;46839;47757;0;0;0;2102754;314925;1;0;0
FR;0;2021-02-09;66007;76205;0;0;0;2168761;391130;1;0;0
FR;0;2021-02-10;71017;80949;0;0;0;2239778;472079;1;0;0
FR;0;2021-02-11;87280;103422;0;0;0;2327058;575501;1;0;0
FR;0;2021-02-12;79323;75405;0;0;0;2406381;650906;1;0;0
FR;0;2021-02-13;22380;19573;0;0;0;2428761;670479;1;0;0
FR;0;2021-02-14;5076;7348;0;0;0;2433837;677827;1;0;0
FR;0;2021-02-15;38098;76741;0;0;0;2471935;754568;1;0;0
FR;0;2021-02-16;50398;100539;0;0;0;2522333;855107;1;0;0
FR;0;2021-02-17;50534;105763;20;0;0;2572867;960870;21;0;0
FR;0;2021-02-18;69787;122040;0;0;0;2642654;1082910;21;0;0
FR;0;2021-02-19;65068;91676;1;0;0;2707722;1174586;22;0;0
FR;0;2021-02-20;18588;28684;0;0;0;2726310;1203270;22;0;0
FR;0;2021-02-21;3321;6194;0;0;0;2729631;1209464;22;0;0
FR;0;2021-02-22;37496;73357;2;0;0;2767127;1282821;24;0;0
FR;0;2021-02-23;53780;85072;1;0;0;2820907;1367893;25;0;0
FR;0;2021-02-24;60018;82420;1;0;0;2880925;1450313;26;0;0
FR;0;2021-02-25;100579;91442;1;0;0;2981504;1541755;27;0;0
FR;0;2021-02-26;113468;70772;1;0;0;3094972;1612527;28;0;0
FR;0;2021-02-27;52102;22311;1;0;0;3147074;1634838;29;0;0
FR;0;2021-02-28;6199;4195;2;0;0;3153273;1639033;31;0;0
FR;0;2021-03-01;65894;53776;1;0;0;3219167;1692809;32;0;0
FR;0;2021-03-02;101379;66995;3;0;0;3320546;1759804;35;0;0
FR;0;2021-03-03;116524;65433;0;0;0;3437070;1825237;35;0;0
FR;0;2021-03-04;163628;71545;3;0;0;3600698;1896782;38;0;0
FR;0;2021-03-05;200930;62916;3;0;0;3801628;1959698;41;0;0
FR;0;2021-03-06;207958;17622;3;0;0;4009586;1977320;44;0;0
FR;0;2021-03-07;121276;4545;1;0;0;4130862;1981865;45;0;0
FR;0;2021-03-08;107151;49961;2;0;0;4238013;2031826;47;0;0
FR;0;2021-03-09;172456;56318;2;0;0;4410469;2088144;49;0;0
FR;0;2021-03-10;178996;57209;5;0;0;4589465;2145353;54;0;0
FR;0;2021-03-11;242898;63895;2;0;0;4832363;2209248;56;0;0
FR;0;2021-03-12;294823;53449;1;0;0;5127186;2262697;57;0;0
FR;0;2021-03-13;231410;15273;1;0;0;5358596;2277970;58;0;0
FR;0;2021-03-14;63352;3181;1;0;0;5421948;2281151;59;0;0
FR;0;2021-03-15;158661;31910;3;0;0;5580609;2313061;62;0;0
FR;0;2021-03-16;141567;39045;6;0;0;5722176;2352106;68;0;0
FR;0;2021-03-17;150489;37858;4;0;0;5872665;2389964;72;0;0
FR;0;2021-03-18;167839;44462;5;0;0;6040504;2434426;77;0;0
FR;0;2021-03-19;230009;36979;2;0;0;6270513;2471405;79;0;0
FR;0;2021-03-20;166687;11482;1;0;0;6437200;2482887;80;0;0
FR;0;2021-03-21;49942;2292;1;0;0;6487142;2485179;81;0;0
FR;0;2021-03-22;170052;33849;2;0;0;6657194;2519028;83;0;0
FR;0;2021-03-23;250390;42382;1;0;0;6907584;2561410;84;0;0
FR;0;2021-03-24;256905;43619;0;0;0;7164489;2605029;84;0;0
FR;0;2021-03-25;341809;45028;5;0;0;7506298;2650057;89;0;0
FR;0;2021-03-26;358804;41879;5;1;0;7865102;2691936;94;1;0
FR;0;2021-03-27;195259;16860;1;0;0;8060361;2708796;95;1;0
FR;0;2021-03-28;59341;4375;3;0;0;8119702;2713171;98;1;0
FR;0;2021-03-29;202979;53669;4;0;0;8322681;2766840;102;1;0
FR;0;2021-03-30;285478;69917;5;0;0;8608159;2836757;107;1;0
FR;0;2021-03-31;263038;73663;4;0;0;8871197;2910420;111;1;0
FR;0;2021-04-01;315491;91289;11;0;0;9186688;3001709;122;1;0
FR;0;2021-04-02;281340;93943;7;0;0;9468028;3095652;129;1;0
FR;0;2021-04-03;141076;62275;6;0;0;9609104;3157927;135;1;0
FR;0;2021-04-04;46529;18908;2;0;0;9655633;3176835;137;1;0
FR;0;2021-04-05;63340;10635;11;0;0;9718973;3187470;148;1;0
FR;0;2021-04-06;217219;111346;17;0;0;9936192;3298816;165;1;0
FR;0;2021-04-07;260255;115320;17;0;0;10196447;3414136;182;1;0
FR;0;2021-04-08;337834;122441;14;0;0;10534281;3536577;196;1;0
FR;0;2021-04-09;410155;116696;49;0;0;10944436;3653273;245;1;0
FR;0;2021-04-10;212620;82761;15;0;0;11157056;3736034;260;1;0
FR;0;2021-04-11;56143;34281;7;0;0;11213199;3770315;267;1;0
FR;0;2021-04-12;237069;115606;46;0;0;11450268;3885921;313;1;0
FR;0;2021-04-13;309486;144338;98;1;0;11759754;4030259;411;2;0
FR;0;2021-04-14;294526;139493;214;0;0;12054280;4169752;625;2;0
FR;0;2021-04-15;337106;149546;339;0;0;12391386;4319298;964;2;0
FR;0;2021-04-16;339285;146394;353;0;0;12730671;4465692;1317;2;0
FR;0;2021-04-17;188656;89989;109;0;0;12919327;4555681;1426;2;0
FR;0;2021-04-18;51619;35399;47;0;0;12970946;4591080;1473;2;0
FR;0;2021-04-19;205695;138187;456;0;0;13176641;4729267;1929;2;0
FR;0;2021-04-20;254419;171381;569;0;0;13431060;4900648;2498;2;0
FR;0;2021-04-21;253267;169496;835;0;0;13684327;5070144;3333;2;0
FR;0;2021-04-22;287565;189521;818;0;0;13971892;5259665;4151;2;0
FR;0;2021-04-23;297813;183910;747;0;0;14269705;5443575;4898;2;0
FR;0;2021-04-24;190448;111768;252;0;0;14460153;5555343;5150;2;0
FR;0;2021-04-25;69560;38796;51;0;0;14529713;5594139;5201;2;0
FR;0;2021-04-26;220958;157414;563;0;0;14750671;5751553;5764;2;0
FR;0;2021-04-27;284605;187641;940;0;0;15035276;5939194;6704;2;0
FR;0;2021-04-28;299504;183905;1426;1;1;15334780;6123099;8130;3;1
FR;0;2021-04-29;357127;197324;1277;0;0;15691907;6320423;9407;3;1
FR;0;2021-04-30;372214;185409;1121;1;0;16064121;6505832;10528;4;1
FR;0;2021-05-01;167641;52503;179;0;0;16231762;6558335;10707;4;1
FR;0;2021-05-02;91743;37793;83;0;0;16323505;6596128;10790;4;1
FR;0;2021-05-03;288918;167094;843;0;0;16612423;6763222;11633;4;1
FR;0;2021-05-04;315667;224969;1233;0;0;16928090;6988191;12866;4;1
FR;0;2021-05-05;327192;225645;1315;0;0;17255282;7213836;14181;4;1
FR;0;2021-05-06;379513;240263;1632;0;0;17634795;7454099;15813;4;1
FR;0;2021-05-07;372746;257951;1222;0;0;18007541;7712050;17035;4;1
FR;0;2021-05-08;222162;69581;299;0;0;18229703;7781631;17334;4;1
FR;0;2021-05-09;129701;45497;243;0;0;18359404;7827128;17577;4;1
FR;0;2021-05-10;313382;229175;1236;0;0;18672786;8056303;18813;4;1
FR;0;2021-05-11;403898;258014;1566;0;0;19076684;8314317;20379;4;1
FR;0;2021-05-12;434112;233431;1542;0;0;19510796;8547748;21921;4;1
FR;0;2021-05-13;338600;56669;432;0;0;19849396;8604417;22353;4;1
FR;0;2021-05-14;454127;167383;1126;0;0;20303523;8771800;23479;4;1
FR;0;2021-05-15;374972;94209;443;0;0;20678495;8866009;23922;4;1
FR;0;2021-05-16;202752;20706;168;0;0;20881247;8886715;24090;4;1
FR;0;2021-05-17;376114;148775;1553;0;0;21257361;9035490;25643;4;1
FR;0;2021-05-18;460137;153627;1989;0;0;21717498;9189117;27632;4;1
FR;0;2021-05-19;467397;143672;2462;0;0;22184895;9332789;30094;4;1
FR;0;2021-05-20;507523;160317;2338;0;0;22692418;9493106;32432;4;1
FR;0;2021-05-21;489666;174830;1996;0;0;23182084;9667936;34428;4;1
FR;0;2021-05-22;347189;80032;668;0;0;23529273;9747968;35096;4;1
FR;0;2021-05-23;161690;14270;246;0;0;23690963;9762238;35342;4;1
FR;0;2021-05-24;263191;33144;604;0;0;23954154;9795382;35946;4;1
FR;0;2021-05-25;400271;189943;2351;1;0;24354425;9985325;38297;5;1
FR;0;2021-05-26;413454;189773;2223;0;0;24767879;10175098;40520;5;1
FR;0;2021-05-27;449802;219391;2161;0;0;25217681;10394489;42681;5;1
FR;0;2021-05-28;429549;260280;1893;0;0;25647230;10654769;44574;5;1
FR;0;2021-05-29;298977;149928;585;0;0;25946207;10804697;45159;5;1
FR;0;2021-05-30;107142;32556;163;0;0;26053349;10837253;45322;5;1
FR;0;2021-05-31;358032;203335;1469;1;1;26411381;11040588;46791;6;2
FR;0;2021-06-01;431012;251353;1962;1;1;26842393;11291941;48753;7;3
FR;0;2021-06-02;420105;231631;1984;0;0;27262498;11523572;50737;7;3
FR;0;2021-06-03;465607;258063;1823;0;0;27728105;11781635;52560;7;3
FR;0;2021-06-04;456250;305299;1734;1;1;28184355;12086934;54294;8;4
FR;0;2021-06-05;304803;189240;652;0;0;28489158;12276174;54946;8;4
FR;0;2021-06-06;133304;49053;226;0;0;28622462;12325227;55172;8;4
FR;0;2021-06-07;339992;261699;1526;0;0;28962454;12586926;56698;8;4
FR;0;2021-06-08;393875;291080;1803;0;0;29356329;12878006;58501;8;4
FR;0;2021-06-09;384863;274688;1729;0;0;29741192;13152694;60230;8;4
FR;0;2021-06-10;404176;288202;1724;1;0;30145368;13440896;61954;9;4
FR;0;2021-06-11;386650;356796;1467;0;0;30532018;13797692;63421;9;4
FR;0;2021-06-12;283262;211086;494;0;0;30815280;14008778;63915;9;4
FR;0;2021-06-13;104884;73863;204;0;0;30920164;14082641;64119;9;4
FR;0;2021-06-14;240826;354697;1426;1;0;31160990;14437338;65545;10;4
FR;0;2021-06-15;308149;385040;1569;1;0;31469139;14822378;67114;11;4
FR;0;2021-06-16;313971;357517;1418;1;0;31783110;15179895;68532;12;4
FR;0;2021-06-17;317682;372786;1426;1;0;32100792;15552681;69958;13;4
FR;0;2021-06-18;321745;442578;1337;1;0;32422537;15995259;71295;14;4
FR;0;2021-06-19;224341;273872;449;0;0;32646878;16269131;71744;14;4
FR;0;2021-06-20;74427;102427;129;0;0;32721305;16371558;71873;14;4
FR;0;2021-06-21;195759;401719;1037;1;1;32917064;16773277;72910;15;5
FR;0;2021-06-22;223195;467463;1264;10;1;33140259;17240740;74174;25;6
FR;0;2021-06-23;234020;439999;1197;1;1;33374279;17680739;75371;26;7
FR;0;2021-06-24;241858;409574;1356;0;0;33616137;18090313;76727;26;7
FR;0;2021-06-25;227628;522695;1400;0;0;33843765;18613008;78127;26;7
FR;0;2021-06-26;153246;370817;587;1;0;33997011;18983825;78714;27;7
FR;0;2021-06-27;55899;156080;168;1;0;34052910;19139905;78882;28;7
FR;0;2021-06-28;154771;452736;1175;0;0;34207681;19592641;80057;28;7
FR;0;2021-06-29;182691;507285;2123;0;0;34390372;20099926;82180;28;7
FR;0;2021-06-30;204001;485095;2014;21;2;34594373;20585021;84194;49;9
FR;0;2021-07-01;231327;458168;2223;5;1;34825700;21043189;86417;54;10
FR;0;2021-07-02;228689;520155;2120;5;2;35054389;21563344;88537;59;12
FR;0;2021-07-03;142037;368736;908;3;1;35196426;21932080;89445;62;13
FR;0;2021-07-04;56744;141090;265;0;0;35253170;22073170;89710;62;13
FR;0;2021-07-05;168511;419004;1668;8;2;35421681;22492174;91378;70;15
FR;0;2021-07-06;196763;474641;1829;45;8;35618444;22966815;93207;115;23
FR;0;2021-07-07;213179;439163;1878;25;4;35831623;23405978;95085;140;27
FR;0;2021-07-08;231635;424197;2089;20;6;36063258;23830175;97174;160;33
FR;0;2021-07-09;228606;510991;2184;4;2;36291864;24341166;99358;164;35
FR;0;2021-07-10;148611;339908;983;1;1;36440475;24681074;100341;165;36
FR;0;2021-07-11;60194;110114;283;0;0;36500669;24791188;100624;165;36
FR;0;2021-07-12;169380;478018;1761;4;0;36670049;25269206;102385;169;36
FR;0;2021-07-13;287255;527049;2045;8;1;36957304;25796255;104430;177;37
FR;0;2021-07-14;181082;157520;435;0;0;37138386;25953775;104865;177;37
FR;0;2021-07-15;347094;502102;2099;1;0;37485480;26455877;106964;178;37
FR;0;2021-07-16;380091;495498;2023;3;1;37865571;26951375;108987;181;38
FR;0;2021-07-17;259719;319724;876;1;0;38125290;27271099;109863;182;38
FR;0;2021-07-18;109707;114640;310;0;0;38234997;27385739;110173;182;38
FR;0;2021-07-19;285463;424459;1629;3;0;38520460;27810198;111802;185;38
FR;0;2021-07-20;376907;451862;1723;0;0;38897367;28262060;113525;185;38
FR;0;2021-07-21;395778;407382;1549;4;2;39293145;28669442;115074;189;40
FR;0;2021-07-22;441038;387721;1715;4;2;39734183;29057163;116789;193;42
FR;0;2021-07-23;440317;422612;1882;4;1;40174500;29479775;118671;197;43
FR;0;2021-07-24;285245;269419;804;1;0;40459745;29749194;119475;198;43
FR;0;2021-07-25;121111;79965;234;0;0;40580856;29829159;119709;198;43
FR;0;2021-07-26;347418;322657;1614;3;2;40928274;30151816;121323;201;45
FR;0;2021-07-27;464058;319723;1697;4;2;41392332;30471539;123020;205;47
FR;0;2021-07-28;459432;289627;1635;4;2;41851764;30761166;124655;209;49
FR;0;2021-07-29;489813;276517;1796;2;0;42341577;31037683;126451;211;49
FR;0;2021-07-30;461817;302600;1941;5;1;42803394;31340283;128392;216;50
FR;0;2021-07-31;285393;185064;914;1;0;43088787;31525347;129306;217;50
FR;0;2021-08-01;112009;49943;253;0;0;43200796;31575290;129559;217;50
FR;0;2021-08-02;341595;234306;1602;2;0;43542391;31809596;131161;219;50
FR;0;2021-08-03;398599;244717;1728;2;1;43940990;32054313;132889;221;51
FR;0;2021-08-04;384840;209818;1593;6;3;44325830;32264131;134482;227;54
FR;0;2021-08-05;366158;228608;1710;0;0;44691988;32492739;136192;227;54
FR;0;2021-08-06;359722;271464;1835;4;1;45051710;32764203;138027;231;55
FR;0;2021-08-07;213111;178363;755;4;3;45264821;32942566;138782;235;58
FR;0;2021-08-08;74192;63210;275;0;0;45339013;33005776;139057;235;58
FR;0;2021-08-09;258745;259044;1547;4;3;45597758;33264820;140604;239;61
FR;0;2021-08-10;306844;277491;1661;2;1;45904602;33542311;142265;241;62
FR;0;2021-08-11;279732;259882;1441;5;1;46184334;33802193;143706;246;63
FR;0;2021-08-12;271538;278323;1662;3;0;46455872;34080516;145368;249;63
FR;0;2021-08-13;252146;278101;1592;3;2;46708018;34358617;146960;252;65
FR;0;2021-08-14;145333;197186;740;0;0;46853351;34555803;147700;252;65
FR;0;2021-08-15;39376;50115;217;1;0;46892727;34605918;147917;253;65
FR;0;2021-08-16;186173;317797;1542;0;0;47078900;34923715;149459;253;65
FR;0;2021-08-17;215674;336125;1636;7;0;47294574;35259840;151095;260;65
FR;0;2021-08-18;199043;324569;1597;7;4;47493617;35584409;152692;267;69
FR;0;2021-08-19;192027;325556;1640;1;0;47685644;35909965;154332;268;69
FR;0;2021-08-20;186454;366333;1818;3;2;47872098;36276298;156150;271;71
FR;0;2021-08-21;104792;238134;705;0;0;47976890;36514432;156855;271;71
FR;0;2021-08-22;31937;87213;255;1;1;48008827;36601645;157110;272;72
FR;0;2021-08-23;140983;357140;1561;3;1;48149810;36958785;158671;275;73
FR;0;2021-08-24;162476;376799;1848;5;1;48312286;37335584;160519;280;74
FR;0;2021-08-25;151130;350831;2033;8;2;48463416;37686415;162552;288;76
FR;0;2021-08-26;142871;342812;2559;10;0;48606287;38029227;165111;298;76
FR;0;2021-08-27;148448;388300;2790;11;3;48754735;38417527;167901;309;79
FR;0;2021-08-28;90662;249595;1405;0;0;48845397;38667122;169306;309;79
FR;0;2021-08-29;27319;83349;518;1;0;48872716;38750471;169824;310;79
FR;0;2021-08-30;117404;324793;4712;6;5965;48990120;39075264;174536;316;6044
FR;0;2021-08-31;128794;334535;10187;19;11818;49118914;39409799;184723;335;17862
FR;0;2021-09-01;136111;285710;22428;7;24381;49255025;39695509;207151;342;42243
FR;0;2021-09-02;114661;247262;26516;20;28946;49369686;39942771;233667;362;71189
FR;0;2021-09-03;118300;292707;29963;24;33040;49487986;40235478;263630;386;104229
FR;0;2021-09-04;89886;217782;12585;12;14118;49577872;40453260;276215;398;118347
FR;0;2021-09-05;21356;44834;4395;2;4721;49599228;40498094;280610;400;123068
FR;0;2021-09-06;75491;180657;31952;16;34298;49674719;40678751;312562;416;157366
FR;0;2021-09-07;80283;181247;33243;43;36232;49755002;40859998;345805;459;193598
FR;0;2021-09-08;90969;206121;29661;28;32519;49845971;41066119;375466;487;226117
FR;0;2021-09-09;76919;165380;33062;27;36613;49922890;41231499;408528;514;262730
FR;0;2021-09-10;95991;203790;35736;28;40663;50018881;41435289;444264;542;303393
FR;0;2021-09-11;67157;169299;12138;19;14374;50086038;41604588;456402;561;317767
FR;0;2021-09-12;12823;32106;2776;1;3177;50098861;41636694;459178;562;320944
FR;0;2021-09-13;64527;126257;41224;35;44160;50163388;41762951;500402;597;365104
FR;0;2021-09-14;73449;129077;56362;79;62254;50236837;41892028;556764;676;427358
FR;0;2021-09-15;76581;167829;55657;58;54832;50313418;42059857;612421;734;482190
FR;0;2021-09-16;63838;114543;60078;82;60084;50377256;42174400;672499;816;542274
FR;0;2021-09-17;75051;156838;53849;71;57284;50452307;42331238;726348;887;599558
FR;0;2021-09-18;48217;139630;15601;25;17312;50500524;42470868;741949;912;616870
FR;0;2021-09-19;7882;23687;2436;1;2615;50508406;42494555;744385;913;619485
FR;0;2021-09-20;44521;93842;50078;72;50326;50552927;42588397;794463;985;669811
FR;0;2021-09-21;45875;98449;62758;75;63448;50598802;42686846;857221;1060;733259
FR;0;2021-09-22;48656;142402;55368;82;55422;50647458;42829248;912589;1142;788681
FR;0;2021-09-23;43248;92091;62388;94;63553;50690706;42921339;974977;1236;852234
FR;0;2021-09-24;52278;133334;54549;107;59174;50742984;43054673;1029526;1343;911408
FR;0;2021-09-25;35214;115624;16272;36;18294;50778198;43170297;1045798;1379;929702
FR;0;2021-09-26;5546;17803;2269;5;2328;50783744;43188100;1048067;1384;932030
FR;0;2021-09-27;33957;76960;47194;97;48164;50817701;43265060;1095261;1481;980194
FR;0;2021-09-28;36487;75270;54964;89;56531;50854188;43340330;1150225;1570;1036725
FR;0;2021-09-29;44382;100809;53345;112;54857;50898570;43441139;1203570;1682;1091582
FR;0;2021-09-30;36317;72955;57035;96;59565;50934887;43514094;1260605;1778;1151147
FR;0;2021-10-01;61693;102913;57804;108;63939;50996580;43617007;1318409;1886;1215086
FR;0;2021-10-02;39457;78436;20960;39;23353;51036037;43695443;1339369;1925;1238439
FR;0;2021-10-03;5284;10503;2531;4;2540;51041321;43705946;1341900;1929;1240979
FR;0;2021-10-04;35140;58524;52618;84;54825;51076461;43764470;1394518;2013;1295804
FR;0;2021-10-05;33874;64382;61010;135;65055;51110335;43828852;1455528;2148;1360859
FR;0;2021-10-06;42684;79316;65741;113;68313;51153019;43908168;1521269;2261;1429172
FR;0;2021-10-07;30522;62256;65424;90;68827;51183541;43970424;1586693;2351;1497999
FR;0;2021-10-08;49447;91904;77748;110;84712;51232988;44062328;1664441;2461;1582711
FR;0;2021-10-09;33653;60946;31542;35;33918;51266641;44123274;1695983;2496;1616629
FR;0;2021-10-10;4706;7441;3193;9;3481;51271347;44130715;1699176;2505;1620110
FR;0;2021-10-11;30692;49951;61041;105;64098;51302039;44180666;1760217;2610;1684208
FR;0;2021-10-12;31596;54485;70613;140;75960;51333635;44235151;1830830;2750;1760168
FR;0;2021-10-13;40099;62838;74430;136;79334;51373734;44297989;1905260;2886;1839502
FR;0;2021-10-14;30309;52908;68757;116;73818;51404043;44350897;1974017;3002;1913320
FR;0;2021-10-15;44893;75293;93238;191;102992;51448936;44426190;2067255;3193;2016312
FR;0;2021-10-16;31299;44122;36692;44;39635;51480235;44470312;2103947;3237;2055947
FR;0;2021-10-17;3841;5245;3594;2;3682;51484076;44475557;2107541;3239;2059629
FR;0;2021-10-18;28983;42397;67494;133;71356;51513059;44517954;2175035;3372;2130985
FR;0;2021-10-19;27152;45601;76401;140;81624;51540211;44563555;2251436;3512;2212609
FR;0;2021-10-20;35297;52468;96938;181;101525;51575508;44616023;2348374;3693;2314134
FR;0;2021-10-21;26129;45198;83964;112;89139;51601637;44661221;2432338;3805;2403273
FR;0;2021-10-22;38410;62513;104896;200;112587;51640047;44723734;2537234;4005;2515860
FR;0;2021-10-23;27003;41221;45455;57;48623;51667050;44764955;2582689;4062;2564483
FR;0;2021-10-24;2919;4774;3682;6;3929;51669969;44769729;2586371;4068;2568412
FR;0;2021-10-25;26007;36284;82329;144;86640;51695976;44806013;2668700;4212;2655052
FR;0;2021-10-26;23728;35047;87245;166;92358;51719704;44841060;2755945;4378;2747410
FR;0;2021-10-27;30079;46376;109003;257;114696;51749783;44887436;2864948;4635;2862106
FR;0;2021-10-28;23582;34978;88706;153;94480;51773365;44922414;2953654;4788;2956586
FR;0;2021-10-29;31571;51488;117319;205;125349;51804936;44973902;3070973;4993;3081935
FR;0;2021-10-30;20556;33234;50347;76;53393;51825492;45007136;3121320;5069;3135328
FR;0;2021-10-31;2488;3736;3589;3;3878;51827980;45010872;3124909;5072;3139206
FR;0;2021-11-01;8437;4870;3210;3;3574;51836417;45015742;3128119;5075;3142780
FR;0;2021-11-02;26287;40127;93583;156;99588;51862704;45055869;3221702;5231;3242368
FR;0;2021-11-03;30078;47979;118889;218;125848;51892782;45103848;3340591;5449;3368216
FR;0;2021-11-04;23780;37529;107566;217;114423;51916562;45141377;3448157;5666;3482639
FR;0;2021-11-05;32386;52999;141641;235;151388;51948948;45194376;3589798;5901;3634027
FR;0;2021-11-06;21525;34575;64884;123;68297;51970473;45228951;3654682;6024;3702324
FR;0;2021-11-07;2399;4179;5195;6;5592;51972872;45233130;3659877;6030;3707916
FR;0;2021-11-08;20590;37805;127197;227;134311;51993462;45270935;3787074;6257;3842227
FR;0;2021-11-09;22403;44739;161688;339;172250;52015865;45315674;3948762;6596;4014477
FR;0;2021-11-10;31575;55080;187014;446;198825;52047440;45370754;4135776;7042;4213302
FR;0;2021-11-11;4706;6759;12968;28;13956;52052146;45377513;4148744;7070;4227258
FR;0;2021-11-12;29071;55158;183778;252;197386;52081217;45432671;4332522;7322;4424644
FR;0;2021-11-13;20346;32656;80699;118;86321;52101563;45465327;4413221;7440;4510965
FR;0;2021-11-14;2355;3889;7173;6;7854;52103918;45469216;4420394;7446;4518819
FR;0;2021-11-15;20479;38695;160854;313;171575;52124397;45507911;4581248;7759;4690394
FR;0;2021-11-16;23639;43985;200417;392;215031;52148036;45551896;4781665;8151;4905425
FR;0;2021-11-17;30506;50376;199849;406;212889;52178542;45602272;4981514;8557;5118314
FR;0;2021-11-18;23430;45548;191675;468;205572;52201972;45647820;5173189;9025;5323886
FR;0;2021-11-19;33665;61448;243218;549;262206;52235637;45709268;5416407;9574;5586092
FR;0;2021-11-20;25400;36709;102155;206;109703;52261037;45745977;5518562;9780;5695795
FR;0;2021-11-21;2644;4496;9654;19;10620;52263681;45750473;5528216;9799;5706415
FR;0;2021-11-22;22802;33266;180380;470;194861;52286483;45783739;5708596;10269;5901276
FR;0;2021-11-23;25712;45631;229381;549;247848;52312195;45829370;5937977;10818;6149124
FR;0;2021-11-24;31796;53766;224815;715;243243;52343991;45883136;6162792;11533;6392367
FR;0;2021-11-25;25629;49214;255944;739;277797;52369620;45932350;6418736;12272;6670164
FR;0;2021-11-26;33247;74869;379498;865;414643;52402867;46007219;6798234;13137;7084807
FR;0;2021-11-27;23488;49710;214909;389;236689;52426355;46056929;7013143;13526;7321496
FR;0;2021-11-28;3510;10539;56757;66;63329;52429865;46067468;7069900;13592;7384825
FR;0;2021-11-29;19415;54179;341476;862;371718;52449280;46121647;7411376;14454;7756543
FR;0;2021-11-30;24775;72050;457392;988;500788;52474055;46193697;7868768;15442;8257331
FR;0;2021-12-01;27349;75860;469107;1160;511359;52501404;46269557;8337875;16602;8768690
FR;0;2021-12-02;22086;71848;527109;1280;574879;52523490;46341405;8864984;17882;9343569
FR;0;2021-12-03;25546;93161;596397;1420;651201;52549036;46434566;9461381;19302;9994770
FR;0;2021-12-04;18314;60545;336229;690;369796;52567350;46495111;9797610;19992;10364566
FR;0;2021-12-05;4154;16200;95785;157;107055;52571504;46511311;9893395;20149;10471621
FR;0;2021-12-06;28399;73044;493154;1173;539982;52599903;46584355;10386549;21322;11011603
FR;0;2021-12-07;23530;91522;645399;1773;706323;52623433;46675877;11031948;23095;11717926
FR;0;2021-12-08;25485;92289;591585;1874;647499;52648918;46768166;11623533;24969;12365425
FR;0;2021-12-09;24052;94256;663102;2179;726419;52672970;46862422;12286635;27148;13091844
FR;0;2021-12-10;28044;111189;736062;2075;806186;52701014;46973611;13022697;29223;13898030
FR;0;2021-12-11;20251;76258;435180;987;480400;52721265;47049869;13457877;30210;14378430
FR;0;2021-12-12;5643;23226;142306;262;159221;52726908;47073095;13600183;30472;14537651
FR;0;2021-12-13;21349;91150;587652;1699;649317;52748257;47164245;14187835;32171;15186968
FR;0;2021-12-14;27949;118610;765549;2654;847507;52776206;47282855;14953384;34825;16034475
FR;0;2021-12-15;28414;114521;694343;2265;769112;52804620;47397376;15647727;37090;16803587
FR;0;2021-12-16;28020;116003;764028;2557;844445;52832640;47513379;16411755;39647;17648032
FR;0;2021-12-17;31643;128743;807869;2709;892084;52864283;47642122;17219624;42356;18540116
FR;0;2021-12-18;24930;81697;469965;1178;522205;52889213;47723819;17689589;43534;19062321
FR;0;2021-12-19;8757;28723;169392;376;191100;52897970;47752542;17858981;43910;19253421
FR;0;2021-12-20;31747;97480;591491;1786;658760;52929717;47850022;18450472;45696;19912181
FR;0;2021-12-21;39455;112282;682411;2391;759594;52969172;47962304;19132883;48087;20671775
FR;0;2021-12-22;39549;99542;575762;2168;642145;53008721;48061846;19708645;50255;21313920
FR;0;2021-12-23;33774;79699;441005;1655;494411;53042495;48141545;20149650;51910;21808331
FR;0;2021-12-24;10690;26145;111026;398;126673;53053185;48167690;20260676;52308;21935004
FR;0;2021-12-25;774;3577;7589;25;9033;53053959;48171267;20268265;52333;21944037
FR;0;2021-12-26;4695;11900;52095;142;60148;53058654;48183167;20320360;52475;22004185
FR;0;2021-12-27;30497;84089;453550;1364;509167;53089151;48267256;20773910;53839;22513352
FR;0;2021-12-28;38361;99093;564159;1769;632269;53127512;48366349;21338069;55608;23145621
FR;0;2021-12-29;39867;88433;501196;1688;561006;53167379;48454782;21839265;57296;23706627
FR;0;2021-12-30;35917;75279;421024;1520;471148;53203296;48530061;22260289;58816;24177775
FR;0;2021-12-31;12044;25166;116871;405;131662;53215340;48555227;22377160;59221;24309437
FR;0;2022-01-01;1493;3211;8515;37;9943;53216833;48558438;22385675;59258;24319380
FR;0;2022-01-02;6093;12997;58415;125;66945;53222926;48571435;22444090;59383;24386325
FR;0;2022-01-03;36326;90319;494817;1593;551694;53259252;48661754;22938907;60976;24938019
FR;0;2022-01-04;41859;111146;641370;2307;714371;53301111;48772900;23580277;63283;25652390
FR;0;2022-01-05;60919;103718;569158;1981;634180;53362030;48876618;24149435;65264;26286570
FR;0;2022-01-06;44232;110444;638961;2696;711442;53406262;48987062;24788396;67960;26998012
FR;0;2022-01-07;50809;123435;710986;2809;790489;53457071;49110497;25499382;70769;27788501
FR;0;2022-01-08;45003;80325;423803;1213;472881;53502074;49190822;25923185;71982;28261382
FR;0;2022-01-09;15598;26641;128563;300;145679;53517672;49217463;26051748;72282;28407061
FR;0;2022-01-10;35326;93471;469297;1811;522738;53552998;49310934;26521045;74093;28929799
FR;0;2022-01-11;41904;100580;548222;2306;608471;53594902;49411514;27069267;76399;29538270
FR;0;2022-01-12;60343;95779;452664;1967;504330;53655245;49507293;27521931;78366;30042600
FR;0;2022-01-13;38202;92600;487333;2085;541034;53693447;49599893;28009264;80451;30583634
FR;0;2022-01-14;42557;103425;568586;2286;629006;53736004;49703318;28577850;82737;31212640
FR;0;2022-01-15;39386;65865;340127;985;377555;53775390;49769183;28917977;83722;31590195
FR;0;2022-01-16;11399;19224;87419;216;99425;53786789;49788407;29005396;83938;31689620
FR;0;2022-01-17;24714;60100;320272;1381;354166;53811503;49848507;29325668;85319;32043786
FR;0;2022-01-18;28304;68761;361064;1802;397546;53839807;49917268;29686732;87121;32441332
FR;0;2022-01-19;43199;67113;281277;1450;311080;53883006;49984381;29968009;88571;32752412
FR;0;2022-01-20;23598;59651;298990;1739;328497;53906604;50044032;30266999;90310;33080909
FR;0;2022-01-21;28183;68901;366356;2086;401184;53934787;50112933;30633355;92396;33482093
FR;0;2022-01-22;27619;48002;218784;839;241766;53962406;50160935;30852139;93235;33723859
FR;0;2022-01-23;6709;12983;48672;173;55168;53969115;50173918;30900811;93408;33779027
FR;0;2022-01-24;16259;47521;217300;1139;239342;53985374;50221439;31118111;94547;34018369
FR;0;2022-01-25;19013;54427;243025;1547;267058;54004387;50275866;31361136;96094;34285427
FR;0;2022-01-26;28143;60478;209269;1297;229452;54032530;50336344;31570405;97391;34514879
FR;0;2022-01-27;16323;46339;207638;1274;225938;54048853;50382683;31778043;98665;34740817
FR;0;2022-01-28;21574;78007;290044;1574;321404;54070427;50460690;32068087;100239;35062221
FR;0;2022-01-29;18417;52829;184121;688;204577;54088844;50513519;32252208;100927;35266798
FR;0;2022-01-30;4470;14502;39140;124;45095;54093314;50528021;32291348;101051;35311893
FR;0;2022-01-31;11254;43984;148197;740;164788;54104568;50572005;32439545;101791;35476681
FR;0;2022-02-01;13451;48388;174114;1142;191412;54118019;50620393;32613659;102933;35668093
FR;0;2022-02-02;20437;66365;171519;1034;190135;54138456;50686758;32785178;103967;35858228
FR;0;2022-02-03;11441;44761;157545;989;173321;54149897;50731519;32942723;104956;36031549
FR;0;2022-02-04;14616;66524;239242;1266;264167;54164513;50798043;33181965;106222;36295716
FR;0;2022-02-05;12892;51474;153543;523;172333;54177405;50849517;33335508;106745;36468049
FR;0;2022-02-06;2720;12191;28887;101;33836;54180125;50861708;33364395;106846;36501885
FR;0;2022-02-07;9538;46719;156861;591;176319;54189663;50908427;33521256;107437;36678204
FR;0;2022-02-08;9763;43061;166619;867;184412;54199426;50951488;33687875;108304;36862616
FR;0;2022-02-09;14323;58222;172333;870;193038;54213749;51009710;33860208;109174;37055654
FR;0;2022-02-10;8674;39000;150217;878;166688;54222423;51048710;34010425;110052;37222342
FR;0;2022-02-11;10854;55642;218493;1100;243083;54233277;51104352;34228918;111152;37465425
FR;0;2022-02-12;8378;40937;134716;461;151741;54241655;51145289;34363634;111613;37617166
FR;0;2022-02-13;1898;8596;26558;85;30917;54243553;51153885;34390192;111698;37648083
FR;0;2022-02-14;6978;35228;148359;482;166354;54250531;51189113;34538551;112180;37814437
FR;0;2022-02-15;7041;36187;146963;751;162547;54257572;51225300;34685514;112931;37976984
FR;0;2022-02-16;9388;42948;132525;720;146745;54266960;51268248;34818039;113651;38123729
FR;0;2022-02-17;5570;24288;87289;586;94859;54272530;51292536;34905328;114237;38218588
FR;0;2022-02-18;6989;33542;119645;804;129308;54279519;51326078;35024973;115041;38347896
FR;0;2022-02-19;5367;24542;70021;370;77331;54284886;51350620;35094994;115411;38425227
FR;0;2022-02-20;1143;4649;12166;39;13944;54286029;51355269;35107160;115450;38439171
FR;0;2022-02-21;4088;17880;61942;351;67171;54290117;51373149;35169102;115801;38506342
FR;0;2022-02-22;4444;18636;60818;576;64455;54294561;51391785;35229920;116377;38570797
FR;0;2022-02-23;6575;27335;66489;591;71887;54301136;51419120;35296409;116968;38642684
FR;0;2022-02-24;3845;15456;50418;517;53240;54304981;51434576;35346827;117485;38695924
FR;0;2022-02-25;5277;23956;76340;803;80075;54310258;51458532;35423167;118288;38775999
FR;0;2022-02-26;3987;17761;47407;359;51474;54314245;51476293;35470574;118647;38827473
FR;0;2022-02-27;879;3002;8033;47;8944;54315124;51479295;35478607;118694;38836417
FR;0;2022-02-28;3122;12516;40471;358;42906;54318246;51491811;35519078;119052;38879323
FR;0;2022-03-01;3837;12560;44183;435;44851;54322083;51504371;35563261;119487;38924174
FR;0;2022-03-02;5278;17760;47124;445;49055;54327361;51522131;35610385;119932;38973229
FR;0;2022-03-03;2798;9302;29884;368;30003;54330159;51531433;35640269;120300;39003232
FR;0;2022-03-04;3218;12375;40292;665;39441;54333377;51543808;35680561;120965;39042673
FR;0;2022-03-05;3068;9265;24950;310;25112;54336445;51553073;35705511;121275;39067785
FR;0;2022-03-06;516;1394;3195;43;3438;54336961;51554467;35708706;121318;39071223
FR;0;2022-03-07;2276;5605;18421;316;17688;54339237;51560072;35727127;121634;39088911
FR;0;2022-03-08;2087;6060;19440;359;17909;54341324;51566132;35746567;121993;39106820
FR;0;2022-03-09;3543;10489;22179;405;21274;54344867;51576621;35768746;122398;39128094
FR;0;2022-03-10;1783;5590;16974;342;15801;54346650;51582211;35785720;122740;39143895
FR;0;2022-03-11;2404;7532;24490;539;22254;54349054;51589743;35810210;123279;39166149
FR;0;2022-03-12;2662;6771;17158;308;16512;54351716;51596514;35827368;123587;39182661
FR;0;2022-03-13;390;786;2320;147;2270;54352106;51597300;35829688;123734;39184931
FR;0;2022-03-14;1537;4260;14973;4408;13827;54353643;51601560;35844661;128142;39198758
FR;0;2022-03-15;1717;6251;16363;7551;14590;54355360;51607811;35861024;135693;39213348
FR;0;2022-03-16;3011;7320;19417;13136;18092;54358371;51615131;35880441;148829;39231440
FR;0;2022-03-17;1443;3970;13131;10842;11977;54359814;51619101;35893572;159671;39243417
FR;0;2022-03-18;2262;5738;19986;18286;18080;54362076;51624839;35913558;177957;39261497
FR;0;2022-03-19;2288;4800;13111;9400;12413;54364364;51629639;35926669;187357;39273910
FR;0;2022-03-20;298;731;1917;1073;1928;54364662;51630370;35928586;188430;39275838
FR;0;2022-03-21;1387;3204;12714;14937;11936;54366049;51633574;35941300;203367;39287774
FR;0;2022-03-22;1495;3729;13789;20527;12546;54367544;51637303;35955089;223894;39300320
FR;0;2022-03-23;2667;6237;17704;23148;17218;54370211;51643540;35972793;247042;39317538
FR;0;2022-03-24;1395;3143;11583;17604;10667;54371606;51646683;35984376;264646;39328205
FR;0;2022-03-25;2076;5130;18545;27752;16881;54373682;51651813;36002921;292398;39345086
FR;0;2022-03-26;2223;4409;12073;12677;11514;54375905;51656222;36014994;305075;39356600
FR;0;2022-03-27;359;688;1904;1480;1937;54376264;51656910;36016898;306555;39358537
FR;0;2022-03-28;1457;3064;11115;17486;10609;54377721;51659974;36028013;324041;39369146
FR;0;2022-03-29;1449;3263;12897;27555;12038;54379170;51663237;36040910;351596;39381184
FR;0;2022-03-30;2841;5449;15671;27366;15066;54382011;51668686;36056581;378962;39396250
FR;0;2022-03-31;1607;3543;12970;24965;12304;54383618;51672229;36069551;403927;39408554
FR;0;2022-04-01;2657;4569;20042;30863;18682;54386275;51676798;36089593;434790;39427236
FR;0;2022-04-02;1519;2624;9046;10110;8703;54387794;51679422;36098639;444900;39435939
FR;0;2022-04-03;287;504;1561;1167;1577;54388081;51679926;36100200;446067;39437516
FR;0;2022-04-04;1809;2842;12357;19096;11558;54389890;51682768;36112557;465163;39449074
FR;0;2022-04-05;1750;3093;14327;34064;13178;54391640;51685861;36126884;499227;39462252
FR;0;2022-04-06;2139;3848;13520;26472;12788;54393779;51689709;36140404;525699;39475040
FR;0;2022-04-07;1526;3060;13654;33744;12865;54395305;51692769;36154058;559443;39487905
FR;0;2022-04-08;2059;4211;19202;43851;17808;54397364;51696980;36173260;603294;39505713
FR;0;2022-04-09;1361;2665;9309;13555;8861;54398725;51699645;36182569;616849;39514574
FR;0;2022-04-10;284;592;1981;2011;2000;54399009;51700237;36184550;618860;39516574
FR;0;2022-04-11;1263;2585;11853;23838;11455;54400272;51702822;36196403;642698;39528029
FR;0;2022-04-12;1658;3008;13998;40841;13368;54401930;51705830;36210401;683539;39541397
FR;0;2022-04-13;1933;3640;13398;33051;13016;54403863;51709470;36223799;716590;39554413
FR;0;2022-04-14;1479;2872;13177;36244;13022;54405342;51712342;36236976;752834;39567435
FR;0;2022-04-15;1844;3433;15615;35484;14861;54407186;51715775;36252591;788318;39582296
FR;0;2022-04-16;1040;1814;6394;8533;6249;54408226;51717589;36258985;796851;39588545
FR;0;2022-04-17;190;321;991;1172;1030;54408416;51717910;36259976;798023;39589575
FR;0;2022-04-18;179;522;2763;1068;2781;54408595;51718432;36262739;799091;39592356
FR;0;2022-04-19;1514;2999;12900;29598;12462;54410109;51721431;36275639;828689;39604818
FR;0;2022-04-20;1971;3439;13284;28982;12962;54412080;51724870;36288923;857671;39617780
FR;0;2022-04-21;1494;2831;12522;35047;12551;54413574;51727701;36301445;892718;39630331
FR;0;2022-04-22;1852;3589;16453;37565;15816;54415426;51731290;36317898;930283;39646147
FR;0;2022-04-23;1143;2047;7380;10654;7231;54416569;51733337;36325278;940937;39653378
FR;0;2022-04-24;249;448;1475;1588;1410;54416818;51733785;36326753;942525;39654788
FR;0;2022-04-25;1289;2517;10676;21008;10480;54418107;51736302;36337429;963533;39665268
FR;0;2022-04-26;1607;2990;13649;38536;13099;54419714;51739292;36351078;1002069;39678367
FR;0;2022-04-27;1949;3047;11524;30943;11582;54421663;51742339;36362602;1033012;39689949
FR;0;2022-04-28;1548;2728;12515;36078;12253;54423211;51745067;36375117;1069090;39702202
FR;0;2022-04-29;1990;4036;15539;37200;14900;54425201;51749103;36390656;1106290;39717102
FR;0;2022-04-30;1203;1828;6923;9704;6750;54426404;51750931;36397579;1115994;39723852
FR;0;2022-05-01;215;318;908;995;903;54426619;51751249;36398487;1116989;39724755
FR;0;2022-05-02;1450;2794;11132;18074;10936;54428069;51754043;36409619;1135063;39735691
FR;0;2022-05-03;1839;3188;13703;34592;13545;54429908;51757231;36423322;1169655;39749236
FR;0;2022-05-04;1865;3236;12162;25600;12270;54431773;51760467;36435484;1195255;39761506
FR;0;2022-05-05;1728;2823;13021;33421;12869;54433501;51763290;36448505;1228676;39774375
FR;0;2022-05-06;2162;3630;15317;36705;14808;54435663;51766920;36463822;1265381;39789183
FR;0;2022-05-07;1193;1764;6458;9601;6445;54436856;51768684;36470280;1274982;39795628
FR;0;2022-05-08;263;395;1171;1544;1231;54437119;51769079;36471451;1276526;39796859
FR;0;2022-05-09;1295;2269;9911;20237;9779;54438414;51771348;36481362;1296763;39806638
FR;0;2022-05-10;1719;3104;13542;38807;13093;54440133;51774452;36494904;1335570;39819731
FR;0;2022-05-11;1974;2940;10727;27848;10654;54442107;51777392;36505631;1363418;39830385
FR;0;2022-05-12;1555;2646;11336;35588;10992;54443662;51780038;36516967;1399006;39841377
FR;0;2022-05-13;1957;3178;13734;37800;13317;54445619;51783216;36530701;1436806;39854694
FR;0;2022-05-14;1142;1608;5934;10769;5793;54446761;51784824;36536635;1447575;39860487
FR;0;2022-05-15;280;450;1276;1432;1353;54447041;51785274;36537911;1449007;39861840
FR;0;2022-05-16;1175;1997;8668;20990;8664;54448216;51787271;36546579;1469997;39870504
FR;0;2022-05-17;1568;2554;11812;37808;11389;54449784;51789825;36558391;1507805;39881893
FR;0;2022-05-18;1784;2611;9673;27104;9645;54451568;51792436;36568064;1534909;39891538
FR;0;2022-05-19;1417;2621;10547;35731;10687;54452985;51795057;36578611;1570640;39902225
FR;0;2022-05-20;1864;3088;13394;39334;12885;54454849;51798145;36592005;1609974;39915110
FR;0;2022-05-21;1157;1690;5656;9895;5529;54456006;51799835;36597661;1619869;39920639
FR;0;2022-05-22;237;333;1024;1434;1011;54456243;51800168;36598685;1621303;39921650
FR;0;2022-05-23;1154;2045;8871;20330;8803;54457397;51802213;36607556;1641633;39930453
FR;0;2022-05-24;1525;2734;11344;38790;11189;54458922;51804947;36618900;1680423;39941642
FR;0;2022-05-25;1801;2797;9333;24801;9463;54460723;51807744;36628233;1705224;39951105
FR;0;2022-05-26;199;395;1655;1189;1664;54460922;51808139;36629888;1706413;39952769
FR;0;2022-05-27;1370;2441;9249;21260;8990;54462292;51810580;36639137;1727673;39961759
FR;0;2022-05-28;663;1246;3911;6781;3961;54462955;51811826;36643048;1734454;39965720
FR;0;2022-05-29;155;314;751;915;771;54463110;51812140;36643799;1735369;39966491
FR;0;2022-05-30;1003;1932;6983;19254;6997;54464113;51814072;36650782;1754623;39973488
FR;0;2022-05-31;1482;2467;9813;35621;9634;54465595;51816539;36660595;1790244;39983122
FR;0;2022-06-01;1693;3062;11018;24449;10885;54467288;51819601;36671613;1814693;39994007
FR;0;2022-06-02;1457;2561;11305;35477;10837;54468745;51822162;36682918;1850170;40004844
FR;0;2022-06-03;1711;3033;13377;38694;12742;54470456;51825195;36696295;1888864;40017586
FR;0;2022-06-04;967;1509;5040;9105;5112;54471423;51826704;36701335;1897969;40022698
FR;0;2022-06-05;173;326;872;1104;882;54471596;51827030;36702207;1899073;40023580
FR;0;2022-06-06;241;774;2099;1251;2090;54471837;51827804;36704306;1900324;40025670
FR;0;2022-06-07;1362;2637;9834;35553;9412;54473199;51830441;36714140;1935877;40035082
FR;0;2022-06-08;1532;2650;9155;28702;8996;54474731;51833091;36723295;1964579;40044078
FR;0;2022-06-09;1268;2401;10598;39430;10237;54475999;51835492;36733893;2004009;40054315
FR;0;2022-06-10;1604;2868;13059;44742;12604;54477603;51838360;36746952;2048751;40066919
FR;0;2022-06-11;953;1724;5433;11616;5465;54478556;51840084;36752385;2060367;40072384
FR;0;2022-06-12;195;429;1071;1758;1132;54478751;51840513;36753456;2062125;40073516
FR;0;2022-06-13;1061;1991;7417;23145;7249;54479812;51842504;36760873;2085270;40080765
FR;0;2022-06-14;1302;2454;10434;44839;9788;54481114;51844958;36771307;2130109;40090553
FR;0;2022-06-15;1480;2362;9295;30867;8928;54482594;51847320;36780602;2160976;40099481
FR;0;2022-06-16;1156;1987;9887;39833;9295;54483750;51849307;36790489;2200809;40108776
FR;0;2022-06-17;1464;2805;12459;46587;11887;54485214;51852112;36802948;2247396;40120663
FR;0;2022-06-18;849;1507;4558;11118;4490;54486063;51853619;36807506;2258514;40125153
FR;0;2022-06-19;180;355;1057;1613;1129;54486243;51853974;36808563;2260127;40126282
FR;0;2022-06-20;1016;1889;8896;26056;8557;54487259;51855863;36817459;2286183;40134839
FR;0;2022-06-21;1313;2375;10295;49847;9321;54488572;51858238;36827754;2336030;40144160
FR;0;2022-06-22;1367;2451;8899;38979;8389;54489939;51860689;36836653;2375009;40152549
FR;0;2022-06-23;1216;2312;10669;55050;9862;54491155;51863001;36847322;2430059;40162411
FR;0;2022-06-24;1475;2959;13623;69076;12275;54492630;51865960;36860945;2499135;40174686
FR;0;2022-06-25;931;1773;6221;19909;5974;54493561;51867733;36867166;2519044;40180660
FR;0;2022-06-26;228;454;1951;3685;1811;54493789;51868187;36869117;2522729;40182471
FR;0;2022-06-27;1119;2006;10484;48424;9626;54494908;51870193;36879601;2571153;40192097
FR;0;2022-06-28;1444;2793;14647;91264;13062;54496352;51872986;36894248;2662417;40205159
FR;0;2022-06-29;1691;2812;12279;71791;11228;54498043;51875798;36906527;2734208;40216387
FR;0;2022-06-30;1516;2630;14371;95116;12452;54499559;51878428;36920898;2829324;40228839
FR;0;2022-07-01;1946;3718;21293;115878;18640;54501505;51882146;36942191;2945202;40247479
FR;0;2022-07-02;1070;1851;8509;35732;7693;54502575;51883997;36950700;2980934;40255172
FR;0;2022-07-03;289;537;2084;6447;1886;54502864;51884534;36952784;2987381;40257058
FR;0;2022-07-04;1503;2721;14647;79172;12891;54504367;51887255;36967431;3066553;40269949
FR;0;2022-07-05;1689;3041;18786;133087;15967;54506056;51890296;36986217;3199640;40285916
FR;0;2022-07-06;1797;2689;15816;99432;13607;54507853;51892985;37002033;3299072;40299523
FR;0;2022-07-07;1682;2821;17959;125848;14725;54509535;51895806;37019992;3424920;40314248
FR;0;2022-07-08;1870;3121;20710;136912;16732;54511405;51898927;37040702;3561832;40330980
FR;0;2022-07-09;862;1445;7729;37900;6676;54512267;51900372;37048431;3599732;40337656
FR;0;2022-07-10;259;505;2343;6994;2125;54512526;51900877;37050774;3606726;40339781
FR;0;2022-07-11;1394;2409;14995;88186;12475;54513920;51903286;37065769;3694912;40352256
FR;0;2022-07-12;1770;3052;20487;143762;16679;54515690;51906338;37086256;3838674;40368935
FR;0;2022-07-13;1699;2639;15652;94385;13217;54517389;51908977;37101908;3933059;40382152
FR;0;2022-07-14;178;319;1947;5523;1825;54517567;51909296;37103855;3938582;40383977
FR;0;2022-07-15;1463;2519;15071;84370;12564;54519030;51911815;37118926;4022952;40396541
FR;0;2022-07-16;614;1157;5931;24942;5134;54519644;51912972;37124857;4047894;40401675
FR;0;2022-07-17;173;385;1734;4656;1566;54519817;51913357;37126591;4052550;40403241
FR;0;2022-07-18;1115;2191;11805;61740;9948;54520932;51915548;37138396;4114290;40413189
FR;0;2022-07-19;1402;2320;15432;103577;12255;54522334;51917868;37153828;4217867;40425444
FR;0;2022-07-20;1397;2249;12897;77495;10672;54523731;51920117;37166725;4295362;40436116
FR;0;2022-07-21;1258;2118;13051;88075;10453;54524989;51922235;37179776;4383437;40446569
FR;0;2022-07-22;1378;2411;14764;89308;11914;54526367;51924646;37194540;4472745;40458483
FR;0;2022-07-23;663;1288;5515;22451;4845;54527030;51925934;37200055;4495196;40463328
FR;0;2022-07-24;178;346;1390;3882;1234;54527208;51926280;37201445;4499078;40464562
FR;0;2022-07-25;1025;1755;9469;47995;7814;54528233;51928035;37210914;4547073;40472376
FR;0;2022-07-26;1286;2188;13281;85340;10794;54529519;51930223;37224195;4632413;40483170
FR;0;2022-07-27;1214;1975;10188;61125;8482;54530733;51932198;37234383;4693538;40491652
FR;0;2022-07-28;1067;1810;10268;64145;8179;54531800;51934008;37244651;4757683;40499831
FR;0;2022-07-29;1272;1991;10934;65716;8697;54533072;51935999;37255585;4823399;40508528
FR;0;2022-07-30;489;837;3507;15231;2963;54533561;51936836;37259092;4838630;40511491
FR;0;2022-07-31;148;279;925;2420;787;54533709;51937115;37260017;4841050;40512278
FR;0;2022-08-01;782;1355;7527;30156;6319;54534491;51938470;37267544;4871206;40518597
FR;0;2022-08-02;990;1598;8516;55906;6816;54535481;51940068;37276060;4927112;40525413
FR;0;2022-08-03;809;1216;6366;38624;5092;54536290;51941284;37282426;4965736;40530505
FR;0;2022-08-04;711;1150;6478;43000;5233;54537001;51942434;37288904;5008736;40535738
FR;0;2022-08-05;834;1336;6958;44830;5533;54537835;51943770;37295862;5053566;40541271
FR;0;2022-08-06;332;549;2021;9325;1673;54538167;51944319;37297883;5062891;40542944
FR;0;2022-08-07;97;151;523;1609;441;54538264;51944470;37298406;5064500;40543385
FR;0;2022-08-08;523;881;3962;22020;3217;54538787;51945351;37302368;5086520;40546602
FR;0;2022-08-09;676;1104;5936;39841;4753;54539463;51946455;37308304;5126361;40551355
FR;0;2022-08-10;601;1051;4583;27924;3720;54540064;51947506;37312887;5154285;40555075
FR;0;2022-08-11;603;981;4420;29049;3635;54540667;51948487;37317307;5183334;40558710
FR;0;2022-08-12;696;1114;4665;28114;3822;54541363;51949601;37321972;5211448;40562532
FR;0;2022-08-13;199;388;1254;5210;1070;54541562;51949989;37323226;5216658;40563602
FR;0;2022-08-14;64;116;276;888;236;54541626;51950105;37323502;5217546;40563838
FR;0;2022-08-15;57;150;551;538;504;54541683;51950255;37324053;5218084;40564342
FR;0;2022-08-16;599;1023;3899;22100;3296;54542282;51951278;37327952;5240184;40567638
FR;0;2022-08-17;604;973;3812;22776;3220;54542886;51952251;37331764;5262960;40570858
FR;0;2022-08-18;583;937;4009;26157;3152;54543469;51953188;37335773;5289117;40574010
FR;0;2022-08-19;570;1116;4251;27130;3466;54544039;51954304;37340024;5316247;40577476
FR;0;2022-08-20;279;468;1302;5531;1113;54544318;51954772;37341326;5321778;40578589
FR;0;2022-08-21;91;131;292;978;259;54544409;51954903;37341618;5322756;40578848
FR;0;2022-08-22;527;939;3052;15245;2588;54544936;51955842;37344670;5338001;40581436
FR;0;2022-08-23;690;1139;4225;28872;3534;54545626;51956981;37348895;5366873;40584970
FR;0;2022-08-24;622;897;3390;19379;2736;54546248;51957878;37352285;5386252;40587706
FR;0;2022-08-25;599;956;3839;23231;3187;54546847;51958834;37356124;5409483;40590893
FR;0;2022-08-26;829;1214;4351;25667;3551;54547676;51960048;37360475;5435150;40594444
FR;0;2022-08-27;286;469;1338;5400;1191;54547962;51960517;37361813;5440550;40595635
FR;0;2022-08-28;110;147;290;887;270;54548072;51960664;37362103;5441437;40595905
FR;0;2022-08-29;589;923;2896;14520;2435;54548661;51961587;37364999;5455957;40598340
FR;0;2022-08-30;813;1163;4473;28139;3624;54549474;51962750;37369472;5484096;40601964
FR;0;2022-08-31;657;898;2986;17372;2504;54550131;51963648;37372458;5501468;40604468
FR;0;2022-09-01;653;853;3419;21873;2815;54550784;51964501;37375877;5523341;40607283
FR;0;2022-09-02;822;1054;4450;27979;3634;54551606;51965555;37380327;5551320;40610917
FR;0;2022-09-03;375;508;1613;5972;1361;54551981;51966063;37381940;5557292;40612278
FR;0;2022-09-04;112;131;319;845;319;54552093;51966194;37382259;5558137;40612597
FR;0;2022-09-05;550;595;2563;15721;2069;54552643;51966789;37384822;5573858;40614666
FR;0;2022-09-06;686;897;4085;30414;3213;54553329;51967686;37388907;5604272;40617879
