fra;vaccin;jour;n_dose1;n_dose2;n_dose3;n_cum_dose1;n_cum_dose2;n_cum_dose3
FR;1;2020-12-27;316;0;0;316;0;0
FR;1;2020-12-28;327;0;0;643;0;0
FR;1;2020-12-29;231;0;0;874;0;0
FR;1;2020-12-30;275;0;0;1149;0;0
FR;1;2020-12-31;216;0;0;1365;0;0
FR;1;2021-01-01;239;0;0;1604;0;0
FR;1;2021-01-02;199;0;0;1803;0;0
FR;1;2021-01-03;233;0;0;2036;0;0
FR;1;2021-01-04;1704;0;0;3740;0;0
FR;1;2021-01-05;5652;0;0;9392;0;0
FR;1;2021-01-06;11568;0;0;20960;0;0
FR;1;2021-01-07;29017;0;0;49977;0;0
FR;1;2021-01-08;36680;0;0;86657;0;0
FR;1;2021-01-09;11058;0;0;97715;0;0
FR;1;2021-01-10;5749;0;0;103464;0;0
FR;1;2021-01-11;39583;0;0;143047;0;0
FR;1;2021-01-12;61590;0;0;204637;0;0
FR;1;2021-01-13;64538;0;0;269175;0;0
FR;1;2021-01-14;80776;0;0;349951;0;0
FR;1;2021-01-15;68115;0;0;418066;0;0
FR;1;2021-01-16;19752;77;0;437818;77;0
FR;1;2021-01-17;10688;42;0;448506;119;0
FR;1;2021-01-18;82299;161;0;530805;280;0
FR;1;2021-01-19;125320;125;0;656125;405;0
FR;1;2021-01-20;131743;155;0;787868;560;0
FR;1;2021-01-21;152144;131;0;940012;691;0
FR;1;2021-01-22;115241;160;0;1055253;851;0
FR;1;2021-01-23;36365;50;0;1091618;901;0
FR;1;2021-01-24;9405;27;0;1101023;928;0
FR;1;2021-01-25;73944;1215;0;1174967;2143;0
FR;1;2021-01-26;96000;3108;0;1270967;5251;0
FR;1;2021-01-27;103226;5592;0;1374193;10843;0
FR;1;2021-01-28;120055;14353;0;1494248;25196;0
FR;1;2021-01-29;88447;17277;0;1582695;42473;0
FR;1;2021-01-30;27808;4223;0;1610503;46696;0
FR;1;2021-01-31;5029;1678;0;1615532;48374;0
FR;1;2021-02-01;48824;21116;0;1664356;69490;0
FR;1;2021-02-02;67133;34554;0;1731489;104044;0
FR;1;2021-02-03;66588;36951;0;1798077;140995;0
FR;1;2021-02-04;76563;50037;0;1874640;191032;0
FR;1;2021-02-05;62996;45318;0;1937636;236350;0
FR;1;2021-02-06;19229;10392;0;1956865;246742;0
FR;1;2021-02-07;3549;5040;0;1960414;251782;0
FR;1;2021-02-08;36141;45960;0;1996555;297742;0
FR;1;2021-02-09;50435;72376;0;2046990;370118;0
FR;1;2021-02-10;51436;76663;0;2098426;446781;0
FR;1;2021-02-11;62896;99063;0;2161322;545844;0
FR;1;2021-02-12;55386;73966;0;2216708;619810;0
FR;1;2021-02-13;15294;19261;0;2232002;639071;0
FR;1;2021-02-14;3558;7188;0;2235560;646259;0
FR;1;2021-02-15;23833;73420;0;2259393;719679;0
FR;1;2021-02-16;32381;96825;0;2291774;816504;0
FR;1;2021-02-17;34697;98575;1;2326471;915079;1
FR;1;2021-02-18;48878;113413;0;2375349;1028492;1
FR;1;2021-02-19;44980;86408;0;2420329;1114900;1
FR;1;2021-02-20;13215;26907;0;2433544;1141807;1
FR;1;2021-02-21;2278;6286;0;2435822;1148093;1
FR;1;2021-02-22;24356;69404;1;2460178;1217497;2
FR;1;2021-02-23;37047;80345;1;2497225;1297842;3
FR;1;2021-02-24;40127;77640;1;2537352;1375482;4
FR;1;2021-02-25;49668;87938;1;2587020;1463420;5
FR;1;2021-02-26;46688;67874;0;2633708;1531294;5
FR;1;2021-02-27;15445;20929;0;2649153;1552223;5
FR;1;2021-02-28;3374;4385;1;2652527;1556608;6
FR;1;2021-03-01;39295;49005;0;2691822;1605613;6
FR;1;2021-03-02;55349;61500;1;2747171;1667113;7
FR;1;2021-03-03;60334;60643;0;2807505;1727756;7
FR;1;2021-03-04;72246;64891;2;2879751;1792647;9
FR;1;2021-03-05;73967;59253;2;2953718;1851900;11
FR;1;2021-03-06;81991;16081;0;3035709;1867981;11
FR;1;2021-03-07;63381;5411;0;3099090;1873392;11
FR;1;2021-03-08;59497;42459;0;3158587;1915851;11
FR;1;2021-03-09;85272;48313;0;3243859;1964164;11
FR;1;2021-03-10;89932;48059;2;3333791;2012223;13
FR;1;2021-03-11;104108;53848;0;3437899;2066071;13
FR;1;2021-03-12;103244;45286;1;3541143;2111357;14
FR;1;2021-03-13;88465;12742;0;3629608;2124099;14
FR;1;2021-03-14;44097;3028;0;3673705;2127127;14
FR;1;2021-03-15;94671;29117;0;3768376;2156244;14
FR;1;2021-03-16;122860;34889;1;3891236;2191133;15
FR;1;2021-03-17;128616;34825;2;4019852;2225958;17
FR;1;2021-03-18;142064;39706;1;4161916;2265664;18
FR;1;2021-03-19;135477;32898;0;4297393;2298562;18
FR;1;2021-03-20;75529;10206;0;4372922;2308768;18
FR;1;2021-03-21;26144;2475;0;4399066;2311243;18
FR;1;2021-03-22;113952;31171;2;4513018;2342414;20
FR;1;2021-03-23;142140;38168;0;4655158;2380582;20
FR;1;2021-03-24;141084;38769;0;4796242;2419351;20
FR;1;2021-03-25;164126;39617;1;4960368;2458968;21
FR;1;2021-03-26;165638;37485;1;5126006;2496453;22
FR;1;2021-03-27;110416;15253;0;5236422;2511706;22
FR;1;2021-03-28;42020;3620;2;5278442;2515326;24
FR;1;2021-03-29;129235;49949;1;5407677;2565275;25
FR;1;2021-03-30;166822;63576;3;5574499;2628851;28
FR;1;2021-03-31;170015;66896;2;5744514;2695747;30
FR;1;2021-04-01;192985;79237;4;5937499;2774984;34
FR;1;2021-04-02;163520;84309;5;6101019;2859293;39
FR;1;2021-04-03;87625;58166;2;6188644;2917459;41
FR;1;2021-04-04;32654;17731;0;6221298;2935190;41
FR;1;2021-04-05;42997;10174;3;6264295;2945364;44
FR;1;2021-04-06;159099;100864;6;6423394;3046228;50
FR;1;2021-04-07;195531;108244;5;6618925;3154472;55
FR;1;2021-04-08;220410;112374;5;6839335;3266846;60
FR;1;2021-04-09;213114;107495;6;7052449;3374341;66
FR;1;2021-04-10;116469;73454;1;7168918;3447795;67
FR;1;2021-04-11;40406;30281;2;7209324;3478076;69
FR;1;2021-04-12;167355;103777;20;7376679;3581853;89
FR;1;2021-04-13;202424;128237;45;7579103;3710090;134
FR;1;2021-04-14;206789;122799;95;7785892;3832889;229
FR;1;2021-04-15;219604;126752;128;8005496;3959641;357
FR;1;2021-04-16;204916;125136;153;8210412;4084777;510
FR;1;2021-04-17;121443;67478;38;8331855;4152255;548
FR;1;2021-04-18;35534;20992;15;8367389;4173247;563
FR;1;2021-04-19;162659;121903;281;8530048;4295150;844
FR;1;2021-04-20;187989;148764;289;8718037;4443914;1133
FR;1;2021-04-21;192607;146702;441;8910644;4590616;1574
FR;1;2021-04-22;207619;162623;461;9118263;4753239;2035
FR;1;2021-04-23;197773;156921;401;9316036;4910160;2436
FR;1;2021-04-24;125531;95502;61;9441567;5005662;2497
FR;1;2021-04-25;53159;30128;19;9494726;5035790;2516
FR;1;2021-04-26;180143;138263;299;9674869;5174053;2815
FR;1;2021-04-27;220021;161963;468;9894890;5336016;3283
FR;1;2021-04-28;236996;155098;897;10131886;5491114;4180
FR;1;2021-04-29;268694;160050;775;10400580;5651164;4955
FR;1;2021-04-30;270405;148137;594;10670985;5799301;5549
FR;1;2021-05-01;138947;40705;93;10809932;5840006;5642
FR;1;2021-05-02;80800;28150;46;10890732;5868156;5688
FR;1;2021-05-03;248251;146449;476;11138983;6014605;6164
FR;1;2021-05-04;263451;186829;693;11402434;6201434;6857
FR;1;2021-05-05;280504;184554;688;11682938;6385988;7545
FR;1;2021-05-06;307031;183014;905;11989969;6569002;8450
FR;1;2021-05-07;281988;195711;624;12271957;6764713;9074
FR;1;2021-05-08;190586;48332;125;12462543;6813045;9199
FR;1;2021-05-09;113464;36212;79;12576007;6849257;9278
FR;1;2021-05-10;254412;194244;657;12830419;7043501;9935
FR;1;2021-05-11;316448;211382;824;13146867;7254883;10759
FR;1;2021-05-12;353536;185888;705;13500403;7440771;11464
FR;1;2021-05-13;281037;47645;208;13781440;7488416;11672
FR;1;2021-05-14;367610;128842;554;14149050;7617258;12226
FR;1;2021-05-15;295285;66142;175;14444335;7683400;12401
FR;1;2021-05-16;156816;15578;69;14601151;7698978;12470
FR;1;2021-05-17;316692;116680;804;14917843;7815658;13274
FR;1;2021-05-18;379864;111314;1023;15297707;7926972;14297
FR;1;2021-05-19;392749;102906;1257;15690456;8029878;15554
FR;1;2021-05-20;418792;96306;1151;16109248;8126184;16705
FR;1;2021-05-21;397246;97369;953;16506494;8223553;17658
FR;1;2021-05-22;274209;42080;318;16780703;8265633;17976
FR;1;2021-05-23;122381;11208;125;16903084;8276841;18101
FR;1;2021-05-24;242707;26303;312;17145791;8303144;18413
FR;1;2021-05-25;363745;131928;1184;17509536;8435072;19597
FR;1;2021-05-26;378522;125689;1159;17888058;8560761;20756
FR;1;2021-05-27;403809;128216;1200;18291867;8688977;21956
FR;1;2021-05-28;363939;145538;944;18655806;8834515;22900
FR;1;2021-05-29;252843;80974;288;18908649;8915489;23188
FR;1;2021-05-30;100294;22568;84;19008943;8938057;23272
FR;1;2021-05-31;312566;148811;751;19321509;9086868;24023
FR;1;2021-06-01;353843;166785;985;19675352;9253653;25008
FR;1;2021-06-02;358318;153250;1033;20033670;9406903;26041
FR;1;2021-06-03;384691;147755;877;20418361;9554658;26918
FR;1;2021-06-04;359981;175668;844;20778342;9730326;27762
FR;1;2021-06-05;256475;112794;339;21034817;9843120;28101
FR;1;2021-06-06;125254;37535;124;21160071;9880655;28225
FR;1;2021-06-07;296258;208207;781;21456329;10088862;29006
FR;1;2021-06-08;327415;221087;888;21783744;10309949;29894
FR;1;2021-06-09;332718;212683;956;22116462;10522632;30850
FR;1;2021-06-10;338521;202292;985;22454983;10724924;31835
FR;1;2021-06-11;309450;235544;686;22764433;10960468;32521
FR;1;2021-06-12;242374;150857;226;23006807;11111325;32747
FR;1;2021-06-13;99524;61083;103;23106331;11172408;32850
FR;1;2021-06-14;205493;289173;747;23311824;11461581;33597
FR;1;2021-06-15;253728;282556;777;23565552;11744137;34374
FR;1;2021-06-16;270695;270591;751;23836247;12014728;35125
FR;1;2021-06-17;265416;244527;664;24101663;12259255;35789
FR;1;2021-06-18;258361;296145;610;24360024;12555400;36399
FR;1;2021-06-19;192380;209699;213;24552404;12765099;36612
FR;1;2021-06-20;68897;89193;57;24621301;12854292;36669
FR;1;2021-06-21;170268;320156;529;24791569;13174448;37198
FR;1;2021-06-22;183754;347842;617;24975323;13522290;37815
FR;1;2021-06-23;201788;339560;617;25177111;13861850;38432
FR;1;2021-06-24;201339;281906;651;25378450;14143756;39083
FR;1;2021-06-25;179981;372047;681;25558431;14515803;39764
FR;1;2021-06-26;130386;278507;259;25688817;14794310;40023
FR;1;2021-06-27;51858;123054;78;25740675;14917364;40101
FR;1;2021-06-28;135052;368545;638;25875727;15285909;40739
FR;1;2021-06-29;153429;389707;1694;26029156;15675616;42433
FR;1;2021-06-30;178213;378457;1549;26207369;16054073;43982
FR;1;2021-07-01;194847;332307;1807;26402216;16386380;45789
FR;1;2021-07-02;189356;367924;1691;26591572;16754304;47480
FR;1;2021-07-03;122786;280666;683;26714358;17034970;48163
FR;1;2021-07-04;53254;113778;241;26767612;17148748;48404
FR;1;2021-07-05;150393;356354;1426;26918005;17505102;49830
FR;1;2021-07-06;170813;382857;1520;27088818;17887959;51350
FR;1;2021-07-07;186950;362881;1531;27275768;18250840;52881
FR;1;2021-07-08;198710;323228;1750;27474478;18574068;54631
FR;1;2021-07-09;187860;386849;1774;27662338;18960917;56405
FR;1;2021-07-10;128435;281099;780;27790773;19242016;57185
FR;1;2021-07-11;57047;102514;247;27847820;19344530;57432
FR;1;2021-07-12;147346;417149;1539;27995166;19761679;58971
FR;1;2021-07-13;231910;439841;1732;28227076;20201520;60703
FR;1;2021-07-14;169897;151680;402;28396973;20353200;61105
FR;1;2021-07-15;276641;424893;1780;28673614;20778093;62885
FR;1;2021-07-16;287998;401520;1640;28961612;21179613;64525
FR;1;2021-07-17;216059;282381;712;29177671;21461994;65237
FR;1;2021-07-18;101417;107478;282;29279088;21569472;65519
FR;1;2021-07-19;236535;379580;1448;29515623;21949052;66967
FR;1;2021-07-20;303653;381409;1408;29819276;22330461;68375
FR;1;2021-07-21;331206;353918;1356;30150482;22684379;69731
FR;1;2021-07-22;362380;319636;1447;30512862;23004015;71178
FR;1;2021-07-23;345776;343277;1501;30858638;23347292;72679
FR;1;2021-07-24;238379;241438;664;31097017;23588730;73343
FR;1;2021-07-25;112245;76171;209;31209262;23664901;73552
FR;1;2021-07-26;297964;290543;1452;31507226;23955444;75004
FR;1;2021-07-27;383950;269072;1408;31891176;24224516;76412
FR;1;2021-07-28;388284;251647;1425;32279460;24476163;77837
FR;1;2021-07-29;403909;228051;1496;32683369;24704214;79333
FR;1;2021-07-30;367059;246789;1589;33050428;24951003;80922
FR;1;2021-07-31;242778;165035;770;33293206;25116038;81692
FR;1;2021-08-01;103098;47263;202;33396304;25163301;81894
FR;1;2021-08-02;283979;212863;1423;33680283;25376164;83317
FR;1;2021-08-03;324602;209358;1457;34004885;25585522;84774
FR;1;2021-08-04;323033;184472;1322;34327918;25769994;86096
FR;1;2021-08-05;297618;193326;1399;34625536;25963320;87495
FR;1;2021-08-06;286563;224746;1493;34912099;26188066;88988
FR;1;2021-08-07;180733;159071;625;35092832;26347137;89613
FR;1;2021-08-08;67408;59218;209;35160240;26406355;89822
FR;1;2021-08-09;218959;236389;1374;35379199;26642744;91196
FR;1;2021-08-10;247897;241201;1407;35627096;26883945;92603
FR;1;2021-08-11;231910;232891;1144;35859006;27116836;93747
FR;1;2021-08-12;216765;239984;1410;36075771;27356820;95157
FR;1;2021-08-13;197718;236922;1305;36273489;27593742;96462
FR;1;2021-08-14;119769;174792;604;36393258;27768534;97066
FR;1;2021-08-15;33431;46236;157;36426689;27814770;97223
FR;1;2021-08-16;151192;290135;1333;36577881;28104905;98556
FR;1;2021-08-17;167773;291992;1334;36745654;28396897;99890
FR;1;2021-08-18;157208;287083;1303;36902862;28683980;101193
FR;1;2021-08-19;145058;277475;1314;37047920;28961455;102507
FR;1;2021-08-20;135159;307904;1407;37183079;29269359;103914
FR;1;2021-08-21;82374;213211;540;37265453;29482570;104454
FR;1;2021-08-22;27844;82744;186;37293297;29565314;104640
FR;1;2021-08-23;115240;321008;1337;37408537;29886322;105977
FR;1;2021-08-24;123714;319926;1511;37532251;30206248;107488
FR;1;2021-08-25;118240;306369;1666;37650491;30512617;109154
FR;1;2021-08-26;103878;285554;2039;37754369;30798171;111193
FR;1;2021-08-27;104362;320792;2202;37858731;31118963;113395
FR;1;2021-08-28;69486;220801;1036;37928217;31339764;114431
FR;1;2021-08-29;23566;77980;414;37951783;31417744;114845
FR;1;2021-08-30;94140;286283;4146;38045923;31704027;118991
FR;1;2021-08-31;95586;276435;8854;38141509;31980462;127845
FR;1;2021-09-01;91751;244763;19699;38233260;32225225;147544
FR;1;2021-09-02;73025;198056;22836;38306285;32423281;170380
FR;1;2021-09-03;76056;227554;24842;38382341;32650835;195222
FR;1;2021-09-04;68291;189710;10504;38450632;32840545;205726
FR;1;2021-09-05;17911;41224;3893;38468543;32881769;209619
FR;1;2021-09-06;52200;151877;28155;38520743;33033646;237774
FR;1;2021-09-07;49293;139720;27335;38570036;33173366;265109
FR;2;2020-12-27;0;0;0;0;0;0
FR;2;2020-12-28;0;0;0;0;0;0
FR;2;2020-12-29;0;0;0;0;0;0
FR;2;2020-12-30;0;0;0;0;0;0
FR;2;2020-12-31;0;0;0;0;0;0
FR;2;2021-01-01;0;0;0;0;0;0
FR;2;2021-01-02;0;0;0;0;0;0
FR;2;2021-01-03;0;0;0;0;0;0
FR;2;2021-01-04;0;0;0;0;0;0
FR;2;2021-01-05;0;0;0;0;0;0
FR;2;2021-01-06;0;0;0;0;0;0
FR;2;2021-01-07;0;0;0;0;0;0
FR;2;2021-01-08;0;0;0;0;0;0
FR;2;2021-01-09;0;0;0;0;0;0
FR;2;2021-01-10;0;0;0;0;0;0
FR;2;2021-01-11;0;0;0;0;0;0
FR;2;2021-01-12;0;0;0;0;0;0
FR;2;2021-01-13;0;0;0;0;0;0
FR;2;2021-01-14;905;0;0;905;0;0
FR;2;2021-01-15;295;0;0;1200;0;0
FR;2;2021-01-16;241;0;0;1441;0;0
FR;2;2021-01-17;38;0;0;1479;0;0
FR;2;2021-01-18;2997;0;0;4476;0;0
FR;2;2021-01-19;4605;0;0;9081;0;0
FR;2;2021-01-20;5029;0;0;14110;0;0
FR;2;2021-01-21;5221;0;0;19331;0;0
FR;2;2021-01-22;5016;0;0;24347;0;0
FR;2;2021-01-23;1801;0;0;26148;0;0
FR;2;2021-01-24;130;0;0;26278;0;0
FR;2;2021-01-25;3727;0;0;30005;0;0
FR;2;2021-01-26;3813;0;0;33818;0;0
FR;2;2021-01-27;3503;0;0;37321;0;0
FR;2;2021-01-28;3611;0;0;40932;0;0
FR;2;2021-01-29;3175;0;0;44107;0;0
FR;2;2021-01-30;1096;0;0;45203;0;0
FR;2;2021-01-31;18;0;0;45221;0;0
FR;2;2021-02-01;3314;0;0;48535;0;0
FR;2;2021-02-02;4378;0;0;52913;0;0
FR;2;2021-02-03;5108;0;0;58021;0;0
FR;2;2021-02-04;4807;3;0;62828;3;0
FR;2;2021-02-05;4701;6;0;67529;9;0
FR;2;2021-02-06;1974;3;0;69503;12;0
FR;2;2021-02-07;69;0;0;69572;12;0
FR;2;2021-02-08;7474;8;0;77046;20;0
FR;2;2021-02-09;8319;15;0;85365;35;0
FR;2;2021-02-10;9219;50;0;94584;85;0
FR;2;2021-02-11;10142;66;0;104726;151;0
FR;2;2021-02-12;9910;238;0;114636;389;0
FR;2;2021-02-13;3061;221;0;117697;610;0
FR;2;2021-02-14;322;0;0;118019;610;0
FR;2;2021-02-15;3393;3065;0;121412;3675;0
FR;2;2021-02-16;4997;3878;0;126409;7553;0
FR;2;2021-02-17;4170;4402;0;130579;11955;0
FR;2;2021-02-18;5305;5089;0;135884;17044;0
FR;2;2021-02-19;5251;4323;0;141135;21367;0
FR;2;2021-02-20;1803;1508;0;142938;22875;0
FR;2;2021-02-21;215;86;0;143153;22961;0
FR;2;2021-02-22;3558;3722;0;146711;26683;0
FR;2;2021-02-23;4870;3693;0;151581;30376;0
FR;2;2021-02-24;4901;3468;0;156482;33844;0
FR;2;2021-02-25;5373;3425;0;161855;37269;0
FR;2;2021-02-26;4283;3124;0;166138;40393;0
FR;2;2021-02-27;1564;1042;0;167702;41435;0
FR;2;2021-02-28;136;28;0;167838;41463;0
FR;2;2021-03-01;5042;3764;0;172880;45227;0
FR;2;2021-03-02;6397;4727;0;179277;49954;0
FR;2;2021-03-03;6403;4882;0;185680;54836;0
FR;2;2021-03-04;8238;3964;0;193918;58800;0
FR;2;2021-03-05;7885;4058;0;201803;62858;0
FR;2;2021-03-06;4694;1683;0;206497;64541;0
FR;2;2021-03-07;2330;29;0;208827;64570;0
FR;2;2021-03-08;4056;8311;0;212883;72881;0
FR;2;2021-03-09;7369;8429;0;220252;81310;0
FR;2;2021-03-10;6960;9107;0;227212;90417;0
FR;2;2021-03-11;9236;9207;0;236448;99624;0
FR;2;2021-03-12;7827;8161;0;244275;107785;0
FR;2;2021-03-13;9956;2510;0;254231;110295;0
FR;2;2021-03-14;4803;402;0;259034;110697;0
FR;2;2021-03-15;10764;3483;0;269798;114180;0
FR;2;2021-03-16;16621;4621;0;286419;118801;0
FR;2;2021-03-17;20070;3952;0;306489;122753;0
FR;2;2021-03-18;23166;4907;0;329655;127660;0
FR;2;2021-03-19;23112;4537;0;352767;132197;0
FR;2;2021-03-20;25312;1539;0;378079;133736;0
FR;2;2021-03-21;17581;147;0;395660;133883;0
FR;2;2021-03-22;17599;3079;0;413259;136962;0
FR;2;2021-03-23;22471;4183;0;435730;141145;0
FR;2;2021-03-24;23749;4985;0;459479;146130;0
FR;2;2021-03-25;26526;5018;0;486005;151148;0
FR;2;2021-03-26;26779;4262;0;512784;155410;0
FR;2;2021-03-27;15805;1308;0;528589;156718;0
FR;2;2021-03-28;10501;92;0;539090;156810;0
FR;2;2021-03-29;18820;4278;0;557910;161088;0
FR;2;2021-03-30;24348;6018;0;582258;167106;0
FR;2;2021-03-31;28359;5953;0;610617;173059;0
FR;2;2021-04-01;34274;8479;0;644891;181538;0
FR;2;2021-04-02;29775;7685;0;674666;189223;0
FR;2;2021-04-03;16844;3580;0;691510;192803;0
FR;2;2021-04-04;9237;918;1;700747;193721;1
FR;2;2021-04-05;12273;807;0;713020;194528;1
FR;2;2021-04-06;26949;6926;0;739969;201454;1
FR;2;2021-04-07;30735;7156;0;770704;208610;1
FR;2;2021-04-08;36682;8818;0;807386;217428;1
FR;2;2021-04-09;33609;8592;27;840995;226020;28
FR;2;2021-04-10;19558;8969;0;860553;234989;28
FR;2;2021-04-11;7858;4271;0;868411;239260;28
FR;2;2021-04-12;16961;11251;0;885372;250511;28
FR;2;2021-04-13;19284;16424;1;904656;266935;29
FR;2;2021-04-14;17836;16279;2;922492;283214;31
FR;2;2021-04-15;22003;20755;24;944495;303969;55
FR;2;2021-04-16;20540;20075;38;965035;324044;93
FR;2;2021-04-17;13144;22461;3;978179;346505;96
FR;2;2021-04-18;5835;14403;2;984014;360908;98
FR;2;2021-04-19;16614;16254;17;1000628;377162;115
FR;2;2021-04-20;19088;21577;23;1019716;398739;138
FR;2;2021-04-21;20034;21665;43;1039750;420404;181
FR;2;2021-04-22;23571;24853;16;1063321;445257;197
FR;2;2021-04-23;24329;25349;62;1087650;470606;259
FR;2;2021-04-24;25158;15103;15;1112808;485709;274
FR;2;2021-04-25;9535;8588;4;1122343;494297;278
FR;2;2021-04-26;17001;17198;14;1139344;511495;292
FR;2;2021-04-27;19107;24299;32;1158451;535794;324
FR;2;2021-04-28;22176;26180;95;1180627;561974;419
FR;2;2021-04-29;25289;30130;52;1205916;592104;471
FR;2;2021-04-30;25394;27774;31;1231310;619878;502
FR;2;2021-05-01;14868;9858;2;1246178;629736;504
FR;2;2021-05-02;6564;9183;1;1252742;638919;505
FR;2;2021-05-03;19827;19315;15;1272569;658234;520
FR;2;2021-05-04;18121;29054;12;1290690;687288;532
FR;2;2021-05-05;18094;29407;24;1308784;716695;556
FR;2;2021-05-06;23319;35286;88;1332103;751981;644
FR;2;2021-05-07;25054;33223;64;1357157;785204;708
FR;2;2021-05-08;21147;9701;5;1378304;794905;713
FR;2;2021-05-09;13068;7893;2;1391372;802798;715
FR;2;2021-05-10;32637;22216;20;1424009;825014;735
FR;2;2021-05-11;43329;21071;40;1467338;846085;775
FR;2;2021-05-12;49681;19896;68;1517019;865981;843
FR;2;2021-05-13;50983;5766;10;1568002;871747;853
FR;2;2021-05-14;61001;12952;28;1629003;884699;881
FR;2;2021-05-15;65613;7148;10;1694616;891847;891
FR;2;2021-05-16;43336;2575;4;1737952;894422;895
FR;2;2021-05-17;44444;12584;50;1782396;907006;945
FR;2;2021-05-18;54295;12244;69;1836691;919250;1014
FR;2;2021-05-19;56829;10611;120;1893520;929861;1134
FR;2;2021-05-20;63040;10875;136;1956560;940736;1270
FR;2;2021-05-21;63930;11663;109;2020490;952399;1379
FR;2;2021-05-22;61229;4513;29;2081719;956912;1408
FR;2;2021-05-23;37325;570;8;2119044;957482;1416
FR;2;2021-05-24;17017;2030;19;2136061;959512;1435
FR;2;2021-05-25;20818;12237;142;2156879;971749;1577
FR;2;2021-05-26;19593;11457;140;2176472;983206;1717
FR;2;2021-05-27;22682;12663;116;2199154;995869;1833
FR;2;2021-05-28;29115;14977;122;2228269;1010846;1955
FR;2;2021-05-29;30230;8181;33;2258499;1019027;1988
FR;2;2021-05-30;4562;1812;2;2263061;1020839;1990
FR;2;2021-05-31;28377;18747;114;2291438;1039586;2104
FR;2;2021-06-01;45309;20068;142;2336747;1059654;2246
FR;2;2021-06-02;37184;19308;95;2373931;1078962;2341
FR;2;2021-06-03;50956;23384;89;2424887;1102346;2430
FR;2;2021-06-04;65238;24097;116;2490125;1126443;2546
FR;2;2021-06-05;34307;24041;20;2524432;1150484;2566
FR;2;2021-06-06;4838;6203;4;2529270;1156687;2570
FR;2;2021-06-07;27921;23098;86;2557191;1179785;2656
FR;2;2021-06-08;46099;22959;88;2603290;1202744;2744
FR;2;2021-06-09;34058;20911;50;2637348;1223655;2794
FR;2;2021-06-10;42396;19154;33;2679744;1242809;2827
FR;2;2021-06-11;55086;25248;65;2734830;1268057;2892
FR;2;2021-06-12;30415;19814;27;2765245;1287871;2919
FR;2;2021-06-13;3241;9189;3;2768486;1297060;2922
FR;2;2021-06-14;25104;24187;48;2793590;1321247;2970
FR;2;2021-06-15;38789;22890;62;2832379;1344137;3032
FR;2;2021-06-16;29977;21486;86;2862356;1365623;3118
FR;2;2021-06-17;36685;25901;74;2899041;1391524;3192
FR;2;2021-06-18;46682;28801;60;2945723;1420325;3252
FR;2;2021-06-19;24422;24918;20;2970145;1445243;3272
FR;2;2021-06-20;2710;10071;5;2972855;1455314;3277
FR;2;2021-06-21;17321;42776;50;2990176;1498090;3327
FR;2;2021-06-22;28185;49617;68;3018361;1547707;3395
FR;2;2021-06-23;21646;49620;64;3040007;1597327;3459
FR;2;2021-06-24;28245;50311;83;3068252;1647638;3542
FR;2;2021-06-25;33247;60435;83;3101499;1708073;3625
FR;2;2021-06-26;16265;59292;28;3117764;1767365;3653
FR;2;2021-06-27;2513;29357;11;3120277;1796722;3664
FR;2;2021-06-28;12500;54385;38;3132777;1851107;3702
FR;2;2021-06-29;19757;59910;174;3152534;1911017;3876
FR;2;2021-06-30;16210;57788;215;3168744;1968805;4091
FR;2;2021-07-01;20248;59920;211;3188992;2028725;4302
FR;2;2021-07-02;23918;62225;180;3212910;2090950;4482
FR;2;2021-07-03;11982;57110;155;3224892;2148060;4637
FR;2;2021-07-04;1901;23335;20;3226793;2171395;4657
FR;2;2021-07-05;8975;29372;101;3235768;2200767;4758
FR;2;2021-07-06;14376;36212;129;3250144;2236979;4887
FR;2;2021-07-07;14100;33693;135;3264244;2270672;5022
FR;2;2021-07-08;19483;40304;159;3283727;2310976;5181
FR;2;2021-07-09;26904;54289;193;3310631;2365265;5374
FR;2;2021-07-10;13249;33684;108;3323880;2398949;5482
FR;2;2021-07-11;1636;4329;12;3325516;2403278;5494
FR;2;2021-07-12;12781;37289;110;3338297;2440567;5604
FR;2;2021-07-13;36944;53292;151;3375241;2493859;5755
FR;2;2021-07-14;6400;3579;14;3381641;2497438;5769
FR;2;2021-07-15;46984;47066;152;3428625;2544504;5921
FR;2;2021-07-16;64072;55887;172;3492697;2600391;6093
FR;2;2021-07-17;31428;23964;95;3524125;2624355;6188
FR;2;2021-07-18;5985;4946;18;3530110;2629301;6206
FR;2;2021-07-19;32788;28743;89;3562898;2658044;6295
FR;2;2021-07-20;51773;44606;143;3614671;2702650;6438
FR;2;2021-07-21;45020;34842;90;3659691;2737492;6528
FR;2;2021-07-22;56018;41117;123;3715709;2778609;6651
FR;2;2021-07-23;68083;49149;169;3783792;2827758;6820
FR;2;2021-07-24;35999;21563;79;3819791;2849321;6899
FR;2;2021-07-25;6638;2679;10;3826429;2852000;6909
FR;2;2021-07-26;36101;22523;88;3862530;2874523;6997
FR;2;2021-07-27;62104;34672;178;3924634;2909195;7175
FR;2;2021-07-28;55029;26497;129;3979663;2935692;7304
FR;2;2021-07-29;68065;32803;180;4047728;2968495;7484
FR;2;2021-07-30;74042;37795;212;4121770;3006290;7696
FR;2;2021-07-31;34504;16167;94;4156274;3022457;7790
FR;2;2021-08-01;5210;2308;13;4161484;3024765;7803
FR;2;2021-08-02;35294;16197;95;4196778;3040962;7898
FR;2;2021-08-03;55481;28261;133;4252259;3069223;8031
FR;2;2021-08-04;46177;20861;127;4298436;3090084;8158
FR;2;2021-08-05;54136;31599;207;4352572;3121683;8365
FR;2;2021-08-06;57619;42376;231;4410191;3164059;8596
FR;2;2021-08-07;24868;17596;90;4435059;3181655;8686
FR;2;2021-08-08;3723;3668;18;4438782;3185323;8704
FR;2;2021-08-09;28947;21155;81;4467729;3206478;8785
FR;2;2021-08-10;44518;33548;143;4512247;3240026;8928
FR;2;2021-08-11;34886;25153;132;4547133;3265179;9060
FR;2;2021-08-12;41396;35749;153;4588529;3300928;9213
FR;2;2021-08-13;42072;36304;202;4630601;3337232;9415
FR;2;2021-08-14;18177;22645;88;4648778;3359877;9503
FR;2;2021-08-15;2810;3846;11;4651588;3363723;9514
FR;2;2021-08-16;24592;27384;89;4676180;3391107;9603
FR;2;2021-08-17;37747;43542;185;4713927;3434649;9788
FR;2;2021-08-18;31748;36416;173;4745675;3471065;9961
FR;2;2021-08-19;36926;46594;206;4782601;3517659;10167
FR;2;2021-08-20;39795;55503;243;4822396;3573162;10410
FR;2;2021-08-21;17720;24265;99;4840116;3597427;10509
FR;2;2021-08-22;2795;4315;18;4842911;3601742;10527
FR;2;2021-08-23;18784;35137;113;4861695;3636879;10640
FR;2;2021-08-24;31464;56055;213;4893159;3692934;10853
FR;2;2021-08-25;25531;43427;219;4918690;3736361;11072
FR;2;2021-08-26;31798;55668;355;4950488;3792029;11427
FR;2;2021-08-27;36352;65432;428;4986840;3857461;11855
FR;2;2021-08-28;17385;28365;274;5004225;3885826;12129
FR;2;2021-08-29;2566;5099;43;5006791;3890925;12172
FR;2;2021-08-30;17954;37802;338;5024745;3928727;12510
FR;2;2021-08-31;27611;57500;815;5052356;3986227;13325
FR;2;2021-09-01;20770;39839;1189;5073126;4026066;14514
FR;2;2021-09-02;24695;48585;1796;5097821;4074651;16310
FR;2;2021-09-03;32403;64359;2753;5130224;4139010;19063
FR;2;2021-09-04;16031;27552;1329;5146255;4166562;20392
FR;2;2021-09-05;2093;3733;216;5148348;4170295;20608
FR;2;2021-09-06;13384;28827;1446;5161732;4199122;22054
FR;2;2021-09-07;20075;41030;2619;5181807;4240152;24673
FR;3;2020-12-27;0;0;0;0;0;0
FR;3;2020-12-28;0;0;0;0;0;0
FR;3;2020-12-29;0;0;0;0;0;0
FR;3;2020-12-30;0;0;0;0;0;0
FR;3;2020-12-31;0;0;0;0;0;0
FR;3;2021-01-01;0;0;0;0;0;0
FR;3;2021-01-02;0;0;0;0;0;0
FR;3;2021-01-03;0;0;0;0;0;0
FR;3;2021-01-04;0;0;0;0;0;0
FR;3;2021-01-05;0;0;0;0;0;0
FR;3;2021-01-06;0;0;0;0;0;0
FR;3;2021-01-07;0;0;0;0;0;0
FR;3;2021-01-08;0;0;0;0;0;0
FR;3;2021-01-09;0;0;0;0;0;0
FR;3;2021-01-10;0;0;0;0;0;0
FR;3;2021-01-11;0;0;0;0;0;0
FR;3;2021-01-12;0;0;0;0;0;0
FR;3;2021-01-13;0;0;0;0;0;0
FR;3;2021-01-14;0;0;0;0;0;0
FR;3;2021-01-15;0;0;0;0;0;0
FR;3;2021-01-16;0;0;0;0;0;0
FR;3;2021-01-17;0;0;0;0;0;0
FR;3;2021-01-18;0;0;0;0;0;0
FR;3;2021-01-19;0;0;0;0;0;0
FR;3;2021-01-20;0;0;0;0;0;0
FR;3;2021-01-21;0;0;0;0;0;0
FR;3;2021-01-22;0;0;0;0;0;0
FR;3;2021-01-23;0;0;0;0;0;0
FR;3;2021-01-24;0;0;0;0;0;0
FR;3;2021-01-25;0;0;0;0;0;0
FR;3;2021-01-26;0;0;0;0;0;0
FR;3;2021-01-27;0;0;0;0;0;0
FR;3;2021-01-28;0;0;0;0;0;0
FR;3;2021-01-29;0;0;0;0;0;0
FR;3;2021-01-30;0;0;0;0;0;0
FR;3;2021-01-31;0;0;0;0;0;0
FR;3;2021-02-01;0;0;0;0;0;0
FR;3;2021-02-02;0;0;0;0;0;0
FR;3;2021-02-03;0;0;0;0;0;0
FR;3;2021-02-04;0;0;0;0;0;0
FR;3;2021-02-05;0;0;0;0;0;0
FR;3;2021-02-06;783;0;0;783;0;0
FR;3;2021-02-07;1375;0;0;2158;0;0
FR;3;2021-02-08;2694;0;0;4852;0;0
FR;3;2021-02-09;6698;0;0;11550;0;0
FR;3;2021-02-10;9446;0;0;20996;0;0
FR;3;2021-02-11;13469;0;0;34465;0;0
FR;3;2021-02-12;13185;0;0;47650;0;0
FR;3;2021-02-13;3584;0;0;51234;0;0
FR;3;2021-02-14;901;0;0;52135;0;0
FR;3;2021-02-15;10261;0;0;62396;0;0
FR;3;2021-02-16;12328;0;0;74724;0;0
FR;3;2021-02-17;10960;0;0;85684;0;0
FR;3;2021-02-18;14729;0;0;100413;0;0
FR;3;2021-02-19;14213;0;0;114626;0;0
FR;3;2021-02-20;3226;0;0;117852;0;0
FR;3;2021-02-21;575;0;0;118427;0;0
FR;3;2021-02-22;9031;0;0;127458;0;0
FR;3;2021-02-23;11225;0;0;138683;0;0
FR;3;2021-02-24;14090;0;0;152773;0;0
FR;3;2021-02-25;44717;0;0;197490;0;0
FR;3;2021-02-26;61695;0;0;259185;0;0
FR;3;2021-02-27;34653;6;0;293838;6;0
FR;3;2021-02-28;2394;0;0;296232;6;0
FR;3;2021-03-01;20191;9;0;316423;15;0
FR;3;2021-03-02;38613;12;0;355036;27;0
FR;3;2021-03-03;48409;14;0;403445;41;0
FR;3;2021-03-04;81903;18;0;485348;59;0
FR;3;2021-03-05;117771;41;0;603119;100;0
FR;3;2021-03-06;120317;47;1;723436;147;1
FR;3;2021-03-07;54978;27;0;778414;174;1
FR;3;2021-03-08;42540;20;0;820954;194;1
FR;3;2021-03-09;78675;30;0;899629;224;1
FR;3;2021-03-10;80538;36;0;980167;260;1
FR;3;2021-03-11;128049;46;0;1108216;306;1
FR;3;2021-03-12;182308;67;0;1290524;373;1
FR;3;2021-03-13;131845;50;0;1422369;423;1
FR;3;2021-03-14;13936;4;0;1436305;427;1
FR;3;2021-03-15;51923;34;0;1488228;461;1
FR;3;2021-03-16;1038;13;0;1489266;474;1
FR;3;2021-03-17;786;6;0;1490052;480;1
FR;3;2021-03-18;1376;4;0;1491428;484;1
FR;3;2021-03-19;70177;36;0;1561605;520;1
FR;3;2021-03-20;65014;35;0;1626619;555;1
FR;3;2021-03-21;5625;4;0;1632244;559;1
FR;3;2021-03-22;37225;30;0;1669469;589;1
FR;3;2021-03-23;84315;49;0;1753784;638;1
FR;3;2021-03-24;90644;88;0;1844428;726;1
FR;3;2021-03-25;149713;114;0;1994141;840;1
FR;3;2021-03-26;165066;152;0;2159207;992;1
FR;3;2021-03-27;68218;88;0;2227425;1080;1
FR;3;2021-03-28;6355;19;0;2233780;1099;1
FR;3;2021-03-29;53913;59;0;2287693;1158;1
FR;3;2021-03-30;92881;87;0;2380574;1245;1
FR;3;2021-03-31;63253;81;0;2443827;1326;1
FR;3;2021-04-01;85814;99;0;2529641;1425;1
FR;3;2021-04-02;86672;143;0;2616313;1568;1
FR;3;2021-04-03;35700;108;0;2652013;1676;1
FR;3;2021-04-04;3470;15;0;2655483;1691;1
FR;3;2021-04-05;4355;21;0;2659838;1712;1
FR;3;2021-04-06;29464;72;0;2689302;1784;1
FR;3;2021-04-07;32056;59;0;2721358;1843;1
FR;3;2021-04-08;78543;232;0;2799901;2075;1
FR;3;2021-04-09;161447;405;0;2961348;2480;1
FR;3;2021-04-10;75516;329;0;3036864;2809;1
FR;3;2021-04-11;7207;42;0;3044071;2851;1
FR;3;2021-04-12;51211;195;0;3095282;3046;1
FR;3;2021-04-13;85941;309;0;3181223;3355;1
FR;3;2021-04-14;67498;337;0;3248721;3692;1
FR;3;2021-04-15;92813;363;0;3341534;4055;1
FR;3;2021-04-16;112218;567;0;3453752;4622;1
FR;3;2021-04-17;53111;320;1;3506863;4942;2
FR;3;2021-04-18;9607;32;0;3516470;4974;2
FR;3;2021-04-19;24856;228;0;3541326;5202;2
FR;3;2021-04-20;45364;389;0;3586690;5591;2
FR;3;2021-04-21;38669;442;0;3625359;6033;2
FR;3;2021-04-22;54447;780;0;3679806;6813;2
FR;3;2021-04-23;70248;1009;0;3750054;7822;2
FR;3;2021-04-24;37064;969;0;3787118;8791;2
FR;3;2021-04-25;6064;152;0;3793182;8943;2
FR;3;2021-04-26;19509;648;0;3812691;9591;2
FR;3;2021-04-27;34197;1240;0;3846888;10831;2
FR;3;2021-04-28;28737;1926;0;3875625;12757;2
FR;3;2021-04-29;45141;5946;0;3920766;18703;2
FR;3;2021-04-30;55265;8921;0;3976031;27624;2
FR;3;2021-05-01;9365;1964;0;3985396;29588;2
FR;3;2021-05-02;2927;498;0;3988323;30086;2
FR;3;2021-05-03;12826;3881;0;4001149;33967;2
FR;3;2021-05-04;22826;8427;0;4023975;42394;2
FR;3;2021-05-05;18462;10567;0;4042437;52961;2
FR;3;2021-05-06;34343;20892;0;4076780;73853;2
FR;3;2021-05-07;43966;28393;0;4120746;102246;2
FR;3;2021-05-08;6613;8877;0;4127359;111123;2
FR;3;2021-05-09;1686;2651;0;4129045;113774;2
FR;3;2021-05-10;14742;12556;0;4143787;126330;2
FR;3;2021-05-11;26818;25720;0;4170605;152050;2
FR;3;2021-05-12;17054;27446;1;4187659;179496;3
FR;3;2021-05-13;2136;3483;0;4189795;182979;3
FR;3;2021-05-14;14340;25735;0;4204135;208714;3
FR;3;2021-05-15;7072;20729;0;4211207;229443;3
FR;3;2021-05-16;884;2677;0;4212091;232120;3
FR;3;2021-05-17;7735;19905;0;4219826;252025;3
FR;3;2021-05-18;13184;29627;0;4233010;281652;3
FR;3;2021-05-19;9018;31855;0;4242028;313507;3
FR;3;2021-05-20;12553;53210;2;4254581;366717;5
FR;3;2021-05-21;12539;65527;0;4267120;432244;5
FR;3;2021-05-22;4816;33295;1;4271936;465539;6
FR;3;2021-05-23;551;2665;0;4272487;468204;6
FR;3;2021-05-24;658;4915;0;4273145;473119;6
FR;3;2021-05-25;5058;45170;0;4278203;518289;6
FR;3;2021-05-26;4749;51048;1;4282952;569337;7
FR;3;2021-05-27;6096;77830;1;4289048;647167;8
FR;3;2021-05-28;7351;99099;0;4296399;746266;8
FR;3;2021-05-29;3178;60282;1;4299577;806548;9
FR;3;2021-05-30;403;8243;0;4299980;814791;9
FR;3;2021-05-31;2181;35991;0;4302161;850782;9
FR;3;2021-06-01;3115;64811;4;4305276;915593;13
FR;3;2021-06-02;2510;58353;0;4307786;973946;13
FR;3;2021-06-03;3301;87577;3;4311087;1061523;16
FR;3;2021-06-04;3951;105118;11;4315038;1166641;27
FR;3;2021-06-05;1852;52243;0;4316890;1218884;27
FR;3;2021-06-06;324;5399;0;4317214;1224283;27
FR;3;2021-06-07;1202;31181;2;4318416;1255464;29
FR;3;2021-06-08;1806;47280;8;4320222;1302744;37
FR;3;2021-06-09;1532;42394;8;4321754;1345138;45
FR;3;2021-06-10;1985;67997;6;4323739;1413135;51
FR;3;2021-06-11;2326;96797;16;4326065;1509932;67
FR;3;2021-06-12;1034;40835;4;4327099;1550767;71
FR;3;2021-06-13;169;3823;1;4327268;1554590;72
FR;3;2021-06-14;836;42664;11;4328104;1597254;83
FR;3;2021-06-15;1204;80695;5;4329308;1677949;88
FR;3;2021-06-16;1074;65780;6;4330382;1743729;94
FR;3;2021-06-17;1484;101856;19;4331866;1845585;113
FR;3;2021-06-18;1775;117922;24;4333641;1963507;137
FR;3;2021-06-19;734;39405;11;4334375;2002912;148
FR;3;2021-06-20;92;3384;0;4334467;2006296;148
FR;3;2021-06-21;606;39289;8;4335073;2045585;156
FR;3;2021-06-22;926;70017;32;4335999;2115602;188
FR;3;2021-06-23;821;50845;15;4336820;2166447;203
FR;3;2021-06-24;1193;77212;23;4338013;2243659;226
FR;3;2021-06-25;1305;89968;40;4339318;2333627;266
FR;3;2021-06-26;547;33137;12;4339865;2366764;278
FR;3;2021-06-27;105;4027;1;4339970;2370791;279
FR;3;2021-06-28;512;30459;14;4340482;2401250;293
FR;3;2021-06-29;764;56147;93;4341246;2457397;386
FR;3;2021-06-30;790;45061;89;4342036;2502458;475
FR;3;2021-07-01;1039;65663;108;4343075;2568121;583
FR;3;2021-07-02;1195;90449;171;4344270;2658570;754
FR;3;2021-07-03;555;31195;54;4344825;2689765;808
FR;3;2021-07-04;86;4275;3;4344911;2694040;811
FR;3;2021-07-05;525;33933;61;4345436;2727973;872
FR;3;2021-07-06;832;56135;88;4346268;2784108;960
FR;3;2021-07-07;764;43084;77;4347032;2827192;1037
FR;3;2021-07-08;1023;60760;99;4348055;2887952;1136
FR;3;2021-07-09;1167;68838;125;4349222;2956790;1261
FR;3;2021-07-10;560;25054;58;4349782;2981844;1319
FR;3;2021-07-11;73;3311;4;4349855;2985155;1323
FR;3;2021-07-12;536;23933;58;4350391;3009088;1381
FR;3;2021-07-13;1525;34766;88;4351916;3043854;1469
FR;3;2021-07-14;151;2651;2;4352067;3046505;1471
FR;3;2021-07-15;1837;30698;82;4353904;3077203;1553
FR;3;2021-07-16;2412;38905;123;4356316;3116108;1676
FR;3;2021-07-17;977;13753;26;4357293;3129861;1702
FR;3;2021-07-18;206;2610;3;4357499;3132471;1705
FR;3;2021-07-19;1185;17242;34;4358684;3149713;1739
FR;3;2021-07-20;1732;27172;93;4360416;3176885;1832
FR;3;2021-07-21;1560;19753;43;4361976;3196638;1875
FR;3;2021-07-22;1748;27804;79;4363724;3224442;1954
FR;3;2021-07-23;2105;30480;113;4365829;3254922;2067
FR;3;2021-07-24;762;7021;23;4366591;3261943;2090
FR;3;2021-07-25;176;1351;1;4366767;3263294;2091
FR;3;2021-07-26;810;10736;28;4367577;3274030;2119
FR;3;2021-07-27;1070;16983;55;4368647;3291013;2174
FR;3;2021-07-28;876;12136;37;4369523;3303149;2211
FR;3;2021-07-29;1043;15872;63;4370566;3319021;2274
FR;3;2021-07-30;1043;18112;75;4371609;3337133;2349
FR;3;2021-07-31;340;3751;13;4371949;3340884;2362
FR;3;2021-08-01;46;484;1;4371995;3341368;2363
FR;3;2021-08-02;317;5163;23;4372312;3346531;2386
FR;3;2021-08-03;411;7589;25;4372723;3354120;2411
FR;3;2021-08-04;369;4893;24;4373092;3359013;2435
FR;3;2021-08-05;358;3750;12;4373450;3362763;2447
FR;3;2021-08-06;389;4786;28;4373839;3367549;2475
FR;3;2021-08-07;160;1926;11;4373999;3369475;2486
FR;3;2021-08-08;56;423;2;4374055;3369898;2488
FR;3;2021-08-09;213;2521;10;4374268;3372419;2498
FR;3;2021-08-10;268;3898;13;4374536;3376317;2511
FR;3;2021-08-11;189;2719;14;4374725;3379036;2525
FR;3;2021-08-12;210;2627;12;4374935;3381663;2537
FR;3;2021-08-13;211;2252;15;4375146;3383915;2552
FR;3;2021-08-14;127;937;1;4375273;3384852;2553
FR;3;2021-08-15;24;161;0;4375297;3385013;2553
FR;3;2021-08-16;82;1092;8;4375379;3386105;2561
FR;3;2021-08-17;121;1495;7;4375500;3387600;2568
FR;3;2021-08-18;133;1347;8;4375633;3388947;2576
FR;3;2021-08-19;124;1427;9;4375757;3390374;2585
FR;3;2021-08-20;120;1629;15;4375877;3392003;2600
FR;3;2021-08-21;58;583;0;4375935;3392586;2600
FR;3;2021-08-22;18;168;1;4375953;3392754;2601
FR;3;2021-08-23;89;921;7;4376042;3393675;2608
FR;3;2021-08-24;89;960;9;4376131;3394635;2617
FR;3;2021-08-25;87;836;2;4376218;3395471;2619
FR;3;2021-08-26;118;877;9;4376336;3396348;2628
FR;3;2021-08-27;134;953;9;4376470;3397301;2637
FR;3;2021-08-28;74;354;3;4376544;3397655;2640
FR;3;2021-08-29;15;124;1;4376559;3397779;2641
FR;3;2021-08-30;57;595;0;4376616;3398374;2641
FR;3;2021-08-31;73;712;7;4376689;3399086;2648
FR;3;2021-09-01;68;467;4;4376757;3399553;2652
FR;3;2021-09-02;62;624;20;4376819;3400177;2672
FR;3;2021-09-03;74;587;16;4376893;3400764;2688
FR;3;2021-09-04;22;279;3;4376915;3401043;2691
FR;3;2021-09-05;10;58;2;4376925;3401101;2693
FR;3;2021-09-06;43;402;3;4376968;3401503;2696
FR;3;2021-09-07;68;484;13;4377036;3401987;2709
FR;4;2020-12-27;0;0;0;0;0;0
FR;4;2020-12-28;0;0;0;0;0;0
FR;4;2020-12-29;0;0;0;0;0;0
FR;4;2020-12-30;0;0;0;0;0;0
FR;4;2020-12-31;0;0;0;0;0;0
FR;4;2021-01-01;0;0;0;0;0;0
FR;4;2021-01-02;0;0;0;0;0;0
FR;4;2021-01-03;0;0;0;0;0;0
FR;4;2021-01-04;0;0;0;0;0;0
FR;4;2021-01-05;0;0;0;0;0;0
FR;4;2021-01-06;0;0;0;0;0;0
FR;4;2021-01-07;0;0;0;0;0;0
FR;4;2021-01-08;0;0;0;0;0;0
FR;4;2021-01-09;0;0;0;0;0;0
FR;4;2021-01-10;0;0;0;0;0;0
FR;4;2021-01-11;0;0;0;0;0;0
FR;4;2021-01-12;0;0;0;0;0;0
FR;4;2021-01-13;0;0;0;0;0;0
FR;4;2021-01-14;0;0;0;0;0;0
FR;4;2021-01-15;0;0;0;0;0;0
FR;4;2021-01-16;0;0;0;0;0;0
FR;4;2021-01-17;0;0;0;0;0;0
FR;4;2021-01-18;0;0;0;0;0;0
FR;4;2021-01-19;0;0;0;0;0;0
FR;4;2021-01-20;0;0;0;0;0;0
FR;4;2021-01-21;0;0;0;0;0;0
FR;4;2021-01-22;0;0;0;0;0;0
FR;4;2021-01-23;0;0;0;0;0;0
FR;4;2021-01-24;0;0;0;0;0;0
FR;4;2021-01-25;0;0;0;0;0;0
FR;4;2021-01-26;0;0;0;0;0;0
FR;4;2021-01-27;0;0;0;0;0;0
FR;4;2021-01-28;0;0;0;0;0;0
FR;4;2021-01-29;0;0;0;0;0;0
FR;4;2021-01-30;0;0;0;0;0;0
FR;4;2021-01-31;0;0;0;0;0;0
FR;4;2021-02-01;0;0;0;0;0;0
FR;4;2021-02-02;0;0;0;0;0;0
FR;4;2021-02-03;0;0;0;0;0;0
FR;4;2021-02-04;0;0;0;0;0;0
FR;4;2021-02-05;0;0;0;0;0;0
FR;4;2021-02-06;0;0;0;0;0;0
FR;4;2021-02-07;0;0;0;0;0;0
FR;4;2021-02-08;0;0;0;0;0;0
FR;4;2021-02-09;0;0;0;0;0;0
FR;4;2021-02-10;0;0;0;0;0;0
FR;4;2021-02-11;0;0;0;0;0;0
FR;4;2021-02-12;0;0;0;0;0;0
FR;4;2021-02-13;0;0;0;0;0;0
FR;4;2021-02-14;0;0;0;0;0;0
FR;4;2021-02-15;0;0;0;0;0;0
FR;4;2021-02-16;0;0;0;0;0;0
FR;4;2021-02-17;0;0;0;0;0;0
FR;4;2021-02-18;0;0;0;0;0;0
FR;4;2021-02-19;0;0;0;0;0;0
FR;4;2021-02-20;0;0;0;0;0;0
FR;4;2021-02-21;0;0;0;0;0;0
FR;4;2021-02-22;0;0;0;0;0;0
FR;4;2021-02-23;0;0;0;0;0;0
FR;4;2021-02-24;0;0;0;0;0;0
FR;4;2021-02-25;0;0;0;0;0;0
FR;4;2021-02-26;0;0;0;0;0;0
FR;4;2021-02-27;0;0;0;0;0;0
FR;4;2021-02-28;0;0;0;0;0;0
FR;4;2021-03-01;0;0;0;0;0;0
FR;4;2021-03-02;0;0;0;0;0;0
FR;4;2021-03-03;0;0;0;0;0;0
FR;4;2021-03-04;0;0;0;0;0;0
FR;4;2021-03-05;0;1;0;0;1;0
FR;4;2021-03-06;0;0;0;0;1;0
FR;4;2021-03-07;0;0;0;0;1;0
FR;4;2021-03-08;0;0;0;0;1;0
FR;4;2021-03-09;0;0;0;0;1;0
FR;4;2021-03-10;0;0;0;0;1;0
FR;4;2021-03-11;0;0;0;0;1;0
FR;4;2021-03-12;0;0;0;0;1;0
FR;4;2021-03-13;0;0;0;0;1;0
FR;4;2021-03-14;0;0;0;0;1;0
FR;4;2021-03-15;0;0;0;0;1;0
FR;4;2021-03-16;0;0;0;0;1;0
FR;4;2021-03-17;0;0;0;0;1;0
FR;4;2021-03-18;0;0;0;0;1;0
FR;4;2021-03-19;0;0;0;0;1;0
FR;4;2021-03-20;0;0;0;0;1;0
FR;4;2021-03-21;0;0;0;0;1;0
FR;4;2021-03-22;0;0;0;0;1;0
FR;4;2021-03-23;0;0;0;0;1;0
FR;4;2021-03-24;0;0;0;0;1;0
FR;4;2021-03-25;0;0;0;0;1;0
FR;4;2021-03-26;0;0;0;0;1;0
FR;4;2021-03-27;0;0;0;0;1;0
FR;4;2021-03-28;0;0;0;0;1;0
FR;4;2021-03-29;0;0;0;0;1;0
FR;4;2021-03-30;0;0;0;0;1;0
FR;4;2021-03-31;0;1;0;0;2;0
FR;4;2021-04-01;0;0;0;0;2;0
FR;4;2021-04-02;0;1;0;0;3;0
FR;4;2021-04-03;0;0;0;0;3;0
FR;4;2021-04-04;0;0;0;0;3;0
FR;4;2021-04-05;0;0;0;0;3;0
FR;4;2021-04-06;0;5;0;0;8;0
FR;4;2021-04-07;0;0;0;0;8;0
FR;4;2021-04-08;0;2;0;0;10;0
FR;4;2021-04-09;0;3;0;0;13;0
FR;4;2021-04-10;0;0;0;0;13;0
FR;4;2021-04-11;0;0;0;0;13;0
FR;4;2021-04-12;0;3;0;0;16;0
FR;4;2021-04-13;0;2;0;0;18;0
FR;4;2021-04-14;0;0;0;0;18;0
FR;4;2021-04-15;0;0;0;0;18;0
FR;4;2021-04-16;0;0;0;0;18;0
FR;4;2021-04-17;0;0;0;0;18;0
FR;4;2021-04-18;0;0;0;0;18;0
FR;4;2021-04-19;0;0;0;0;18;0
FR;4;2021-04-20;0;0;0;0;18;0
FR;4;2021-04-21;0;0;0;0;18;0
FR;4;2021-04-22;0;0;0;0;18;0
FR;4;2021-04-23;2653;0;0;2653;18;0
FR;4;2021-04-24;1557;0;0;4210;18;0
FR;4;2021-04-25;122;0;0;4332;18;0
FR;4;2021-04-26;2849;0;0;7181;18;0
FR;4;2021-04-27;9458;4;0;16639;22;0
FR;4;2021-04-28;9846;3;0;26485;25;0
FR;4;2021-04-29;15959;8;0;42444;33;0
FR;4;2021-04-30;19180;7;0;61624;40;0
FR;4;2021-05-01;1945;5;0;63569;45;0
FR;4;2021-05-02;462;0;0;64031;45;0
FR;4;2021-05-03;4989;1;0;69020;46;0
FR;4;2021-05-04;8312;8;0;77332;54;0
FR;4;2021-05-05;6078;5;0;83410;59;0
FR;4;2021-05-06;11304;11;0;94714;70;0
FR;4;2021-05-07;19008;9;0;113722;79;0
FR;4;2021-05-08;2293;6;0;116015;85;0
FR;4;2021-05-09;644;2;0;116659;87;0
FR;4;2021-05-10;7158;8;0;123817;95;0
FR;4;2021-05-11;14216;12;0;138033;107;0
FR;4;2021-05-12;10083;16;0;148116;123;0
FR;4;2021-05-13;1508;3;0;149624;126;0
FR;4;2021-05-14;7659;7;0;157283;133;0
FR;4;2021-05-15;3649;8;0;160932;141;0
FR;4;2021-05-16;385;1;0;161317;142;0
FR;4;2021-05-17;4381;3;0;165698;145;0
FR;4;2021-05-18;8667;10;0;174365;155;0
FR;4;2021-05-19;5593;5;0;179958;160;0
FR;4;2021-05-20;9328;6;0;189286;166;0
FR;4;2021-05-21;12650;29;0;201936;195;0
FR;4;2021-05-22;4973;12;0;206909;207;0
FR;4;2021-05-23;449;2;0;207358;209;0
FR;4;2021-05-24;977;3;0;208335;212;0
FR;4;2021-05-25;7482;16;0;215817;228;0
FR;4;2021-05-26;7624;13;0;223441;241;0
FR;4;2021-05-27;14201;34;0;237642;275;0
FR;4;2021-05-28;26386;82;1;264028;357;1
FR;4;2021-05-29;11244;20;0;275272;377;1
FR;4;2021-05-30;877;2;0;276149;379;1
FR;4;2021-05-31;12495;19;0;288644;398;1
FR;4;2021-06-01;19990;41;0;308634;439;1
FR;4;2021-06-02;14339;33;0;322973;472;1
FR;4;2021-06-03;19258;24;0;342231;496;1
FR;4;2021-06-04;22282;45;0;364513;541;1
FR;4;2021-06-05;9612;29;0;374125;570;1
FR;4;2021-06-06;947;0;0;375072;570;1
FR;4;2021-06-07;9011;16;0;384083;586;1
FR;4;2021-06-08;14432;27;0;398515;613;1
FR;4;2021-06-09;12028;24;0;410543;637;1
FR;4;2021-06-10;15198;24;0;425741;661;1
FR;4;2021-06-11;16782;52;0;442523;713;1
FR;4;2021-06-12;7322;27;0;449845;740;1
FR;4;2021-06-13;853;2;0;450698;742;1
FR;4;2021-06-14;6505;22;0;457203;764;1
FR;4;2021-06-15;10742;32;0;467945;796;1
FR;4;2021-06-16;8747;13;0;476692;809;1
FR;4;2021-06-17;10726;24;0;487418;833;1
FR;4;2021-06-18;12252;39;0;499670;872;1
FR;4;2021-06-19;5472;24;0;505142;896;1
FR;4;2021-06-20;628;2;0;505770;898;1
FR;4;2021-06-21;4922;10;0;510692;908;1
FR;4;2021-06-22;7714;20;2;518406;928;3
FR;4;2021-06-23;6953;35;1;525359;963;4
FR;4;2021-06-24;8476;36;0;533835;999;4
FR;4;2021-06-25;9936;37;1;543771;1036;5
FR;4;2021-06-26;4642;20;0;548413;1056;5
FR;4;2021-06-27;612;2;0;549025;1058;5
FR;4;2021-06-28;4592;15;1;553617;1073;6
FR;4;2021-06-29;6824;16;2;560441;1089;8
FR;4;2021-06-30;6437;36;0;566878;1125;8
FR;4;2021-07-01;7919;26;0;574797;1151;8
FR;4;2021-07-02;9206;44;1;584003;1195;9
FR;4;2021-07-03;4708;18;0;588711;1213;9
FR;4;2021-07-04;580;5;0;589291;1218;9
FR;4;2021-07-05;4606;18;2;593897;1236;11
FR;4;2021-07-06;7498;20;4;601395;1256;15
FR;4;2021-07-07;6767;27;1;608162;1283;16
FR;4;2021-07-08;8982;37;3;617144;1320;19
FR;4;2021-07-09;10080;30;1;627224;1350;20
FR;4;2021-07-10;4480;10;2;631704;1360;22
FR;4;2021-07-11;505;0;1;632209;1360;23
FR;4;2021-07-12;5663;27;0;637872;1387;23
FR;4;2021-07-13;14037;26;0;651909;1413;23
FR;4;2021-07-14;2074;6;0;653983;1419;23
FR;4;2021-07-15;18007;32;0;671990;1451;23
FR;4;2021-07-16;22552;65;2;694542;1516;25
FR;4;2021-07-17;9558;16;0;704100;1532;25
FR;4;2021-07-18;1271;3;0;705371;1535;25
FR;4;2021-07-19;12729;26;1;718100;1561;26
FR;4;2021-07-20;17100;28;1;735200;1589;27
FR;4;2021-07-21;15319;28;1;750519;1617;28
FR;4;2021-07-22;17973;40;2;768492;1657;30
FR;4;2021-07-23;20096;48;5;788588;1705;35
FR;4;2021-07-24;9044;29;0;797632;1734;35
FR;4;2021-07-25;1201;6;0;798833;1740;35
FR;4;2021-07-26;10688;18;0;809521;1758;35
FR;4;2021-07-27;14196;31;1;823717;1789;36
FR;4;2021-07-28;12395;18;2;836112;1807;38
FR;4;2021-07-29;13721;46;3;849833;1853;41
FR;4;2021-07-30;15147;39;3;864980;1892;44
FR;4;2021-07-31;6583;11;1;871563;1903;45
FR;4;2021-08-01;791;1;0;872354;1904;45
FR;4;2021-08-02;7508;16;0;879862;1920;45
FR;4;2021-08-03;10271;21;2;890133;1941;47
FR;4;2021-08-04;9066;21;0;899199;1962;47
FR;4;2021-08-05;9144;32;0;908343;1994;47
FR;4;2021-08-06;9619;19;4;917962;2013;51
FR;4;2021-08-07;4512;24;1;922474;2037;52
FR;4;2021-08-08;718;8;0;923192;2045;52
FR;4;2021-08-09;5416;16;0;928608;2061;52
FR;4;2021-08-10;8046;13;0;936654;2074;52
FR;4;2021-08-11;7379;21;2;944033;2095;54
FR;4;2021-08-12;7861;13;1;951894;2108;55
FR;4;2021-08-13;6837;21;0;958731;2129;55
FR;4;2021-08-14;3329;16;0;962060;2145;55
FR;4;2021-08-15;469;2;0;962529;2147;55
FR;4;2021-08-16;3685;7;0;966214;2154;55
FR;4;2021-08-17;5286;8;1;971500;2162;56
FR;4;2021-08-18;4864;24;0;976364;2186;56
FR;4;2021-08-19;5166;13;2;981530;2199;58
FR;4;2021-08-20;4874;10;1;986404;2209;59
FR;4;2021-08-21;2015;14;1;988419;2223;60
FR;4;2021-08-22;328;1;0;988747;2224;60
FR;4;2021-08-23;2595;4;0;991342;2228;60
FR;4;2021-08-24;3479;8;0;994821;2236;60
FR;4;2021-08-25;3319;19;0;998140;2255;60
FR;4;2021-08-26;3492;15;0;1001632;2270;60
FR;4;2021-08-27;3402;16;2;1005034;2286;62
FR;4;2021-08-28;1554;9;0;1006588;2295;62
FR;4;2021-08-29;339;3;2;1006927;2298;64
FR;4;2021-08-30;1801;12;0;1008728;2310;64
FR;4;2021-08-31;2297;12;0;1011025;2322;64
FR;4;2021-09-01;1846;21;1;1012871;2343;65
FR;4;2021-09-02;2110;20;4;1014981;2363;69
FR;4;2021-09-03;2197;34;0;1017178;2397;69
FR;4;2021-09-04;1214;13;0;1018392;2410;69
FR;4;2021-09-05;208;0;0;1018600;2410;69
FR;4;2021-09-06;1240;15;0;1019840;2425;69
FR;4;2021-09-07;1401;9;0;1021241;2434;69
FR;0;2020-12-27;316;0;0;316;0;0
FR;0;2020-12-28;327;0;0;643;0;0
FR;0;2020-12-29;231;0;0;874;0;0
FR;0;2020-12-30;275;0;0;1149;0;0
FR;0;2020-12-31;216;0;0;1365;0;0
FR;0;2021-01-01;239;0;0;1604;0;0
FR;0;2021-01-02;199;0;0;1803;0;0
FR;0;2021-01-03;233;0;0;2036;0;0
FR;0;2021-01-04;1704;0;0;3740;0;0
FR;0;2021-01-05;5652;0;0;9392;0;0
FR;0;2021-01-06;11568;0;0;20960;0;0
FR;0;2021-01-07;29017;0;0;49977;0;0
FR;0;2021-01-08;36680;0;0;86657;0;0
FR;0;2021-01-09;11058;0;0;97715;0;0
FR;0;2021-01-10;5749;0;0;103464;0;0
FR;0;2021-01-11;39583;0;0;143047;0;0
FR;0;2021-01-12;61590;0;0;204637;0;0
FR;0;2021-01-13;64538;0;0;269175;0;0
FR;0;2021-01-14;81681;0;0;350856;0;0
FR;0;2021-01-15;68410;0;0;419266;0;0
FR;0;2021-01-16;19993;77;0;439259;77;0
FR;0;2021-01-17;10726;42;0;449985;119;0
FR;0;2021-01-18;85296;161;0;535281;280;0
FR;0;2021-01-19;129925;125;0;665206;405;0
FR;0;2021-01-20;136772;155;0;801978;560;0
FR;0;2021-01-21;157365;131;0;959343;691;0
FR;0;2021-01-22;120257;160;0;1079600;851;0
FR;0;2021-01-23;38166;50;0;1117766;901;0
FR;0;2021-01-24;9535;27;0;1127301;928;0
FR;0;2021-01-25;77671;1215;0;1204972;2143;0
FR;0;2021-01-26;99813;3108;0;1304785;5251;0
FR;0;2021-01-27;106729;5592;0;1411514;10843;0
FR;0;2021-01-28;123666;14353;0;1535180;25196;0
FR;0;2021-01-29;91622;17277;0;1626802;42473;0
FR;0;2021-01-30;28904;4223;0;1655706;46696;0
FR;0;2021-01-31;5047;1678;0;1660753;48374;0
FR;0;2021-02-01;52138;21116;0;1712891;69490;0
FR;0;2021-02-02;71511;34554;0;1784402;104044;0
FR;0;2021-02-03;71696;36951;0;1856098;140995;0
FR;0;2021-02-04;81370;50040;0;1937468;191035;0
FR;0;2021-02-05;67697;45324;0;2005165;236359;0
FR;0;2021-02-06;21986;10395;0;2027151;246754;0
FR;0;2021-02-07;4993;5040;0;2032144;251794;0
FR;0;2021-02-08;46309;45968;0;2078453;297762;0
FR;0;2021-02-09;65452;72391;0;2143905;370153;0
FR;0;2021-02-10;70101;76713;0;2214006;446866;0
FR;0;2021-02-11;86507;99129;0;2300513;545995;0
FR;0;2021-02-12;78481;74204;0;2378994;620199;0
FR;0;2021-02-13;21939;19482;0;2400933;639681;0
FR;0;2021-02-14;4781;7188;0;2405714;646869;0
FR;0;2021-02-15;37487;76485;0;2443201;723354;0
FR;0;2021-02-16;49706;100703;0;2492907;824057;0
FR;0;2021-02-17;49827;102977;1;2542734;927034;1
FR;0;2021-02-18;68912;118502;0;2611646;1045536;1
FR;0;2021-02-19;64444;90731;0;2676090;1136267;1
FR;0;2021-02-20;18244;28415;0;2694334;1164682;1
FR;0;2021-02-21;3068;6372;0;2697402;1171054;1
FR;0;2021-02-22;36945;73126;1;2734347;1244180;2
FR;0;2021-02-23;53142;84038;1;2787489;1328218;3
FR;0;2021-02-24;59118;81108;1;2846607;1409326;4
FR;0;2021-02-25;99758;91363;1;2946365;1500689;5
FR;0;2021-02-26;112666;70998;0;3059031;1571687;5
FR;0;2021-02-27;51662;21977;0;3110693;1593664;5
FR;0;2021-02-28;5904;4413;1;3116597;1598077;6
FR;0;2021-03-01;64528;52778;0;3181125;1650855;6
FR;0;2021-03-02;100359;66239;1;3281484;1717094;7
FR;0;2021-03-03;115146;65539;0;3396630;1782633;7
FR;0;2021-03-04;162387;68873;2;3559017;1851506;9
FR;0;2021-03-05;199623;63353;2;3758640;1914859;11
FR;0;2021-03-06;207002;17811;1;3965642;1932670;12
FR;0;2021-03-07;120689;5467;0;4086331;1938137;12
FR;0;2021-03-08;106093;50790;0;4192424;1988927;12
FR;0;2021-03-09;171316;56772;0;4363740;2045699;12
FR;0;2021-03-10;177430;57202;2;4541170;2102901;14
FR;0;2021-03-11;241393;63101;0;4782563;2166002;14
FR;0;2021-03-12;293379;53514;1;5075942;2219516;15
FR;0;2021-03-13;230266;15302;0;5306208;2234818;15
FR;0;2021-03-14;62836;3434;0;5369044;2238252;15
FR;0;2021-03-15;157358;32634;0;5526402;2270886;15
FR;0;2021-03-16;140519;39523;1;5666921;2310409;16
FR;0;2021-03-17;149472;38783;2;5816393;2349192;18
FR;0;2021-03-18;166606;44617;1;5982999;2393809;19
FR;0;2021-03-19;228766;37471;0;6211765;2431280;19
FR;0;2021-03-20;165855;11780;0;6377620;2443060;19
FR;0;2021-03-21;49350;2626;0;6426970;2445686;19
FR;0;2021-03-22;168776;34280;2;6595746;2479966;21
FR;0;2021-03-23;248926;42400;0;6844672;2522366;21
FR;0;2021-03-24;255477;43842;0;7100149;2566208;21
FR;0;2021-03-25;340365;44749;1;7440514;2610957;22
FR;0;2021-03-26;357483;41899;1;7797997;2652856;23
FR;0;2021-03-27;194439;16649;0;7992436;2669505;23
FR;0;2021-03-28;58876;3731;2;8051312;2673236;25
FR;0;2021-03-29;201968;54286;1;8253280;2727522;26
FR;0;2021-03-30;284051;69681;3;8537331;2797203;29
FR;0;2021-03-31;261627;72931;2;8798958;2870134;31
FR;0;2021-04-01;313073;87815;4;9112031;2957949;35
FR;0;2021-04-02;279967;92138;5;9391998;3050087;40
FR;0;2021-04-03;140169;61854;2;9532167;3111941;42
FR;0;2021-04-04;45361;18664;1;9577528;3130605;43
FR;0;2021-04-05;59625;11002;3;9637153;3141607;46
FR;0;2021-04-06;215512;107867;6;9852665;3249474;52
FR;0;2021-04-07;258322;115459;5;10110987;3364933;57
FR;0;2021-04-08;335635;121426;5;10446622;3486359;62
FR;0;2021-04-09;408170;116495;33;10854792;3602854;95
FR;0;2021-04-10;211543;82752;1;11066335;3685606;96
FR;0;2021-04-11;55471;34594;2;11121806;3720200;98
FR;0;2021-04-12;235527;115226;20;11357333;3835426;118
FR;0;2021-04-13;307649;144972;46;11664982;3980398;164
FR;0;2021-04-14;292123;139415;97;11957105;4119813;261
FR;0;2021-04-15;334420;147870;152;12291525;4267683;413
FR;0;2021-04-16;337674;145778;191;12629199;4413461;604
FR;0;2021-04-17;187698;90259;42;12816897;4503720;646
FR;0;2021-04-18;50976;35427;17;12867873;4539147;663
FR;0;2021-04-19;204129;138385;298;13072002;4677532;961
FR;0;2021-04-20;252441;170730;312;13324443;4848262;1273
FR;0;2021-04-21;251310;168809;484;13575753;5017071;1757
FR;0;2021-04-22;285637;188256;477;13861390;5205327;2234
FR;0;2021-04-23;295003;183279;463;14156393;5388606;2697
FR;0;2021-04-24;189310;111574;76;14345703;5500180;2773
FR;0;2021-04-25;68880;38868;23;14414583;5539048;2796
FR;0;2021-04-26;219502;156109;313;14634085;5695157;3109
FR;0;2021-04-27;282783;187506;500;14916868;5882663;3609
FR;0;2021-04-28;297755;183207;992;15214623;6065870;4601
FR;0;2021-04-29;355083;196134;827;15569706;6262004;5428
FR;0;2021-04-30;370244;184839;625;15939950;6446843;6053
FR;0;2021-05-01;165125;52532;95;16105075;6499375;6148
FR;0;2021-05-02;90753;37831;47;16195828;6537206;6195
FR;0;2021-05-03;285893;169646;491;16481721;6706852;6686
FR;0;2021-05-04;312710;224318;705;16794431;6931170;7391
FR;0;2021-05-05;323138;224533;712;17117569;7155703;8103
FR;0;2021-05-06;375997;239203;993;17493566;7394906;9096
FR;0;2021-05-07;370016;257336;688;17863582;7652242;9784
FR;0;2021-05-08;220639;66916;130;18084221;7719158;9914
FR;0;2021-05-09;128862;46758;81;18213083;7765916;9995
FR;0;2021-05-10;308949;229024;677;18522032;7994940;10672
FR;0;2021-05-11;400811;258185;864;18922843;8253125;11536
FR;0;2021-05-12;430354;233246;774;19353197;8486371;12310
FR;0;2021-05-13;335664;56897;218;19688861;8543268;12528
FR;0;2021-05-14;450610;167536;582;20139471;8710804;13110
FR;0;2021-05-15;371619;94027;185;20511090;8804831;13295
FR;0;2021-05-16;201421;20831;73;20712511;8825662;13368
FR;0;2021-05-17;373252;149172;854;21085763;8974834;14222
FR;0;2021-05-18;456010;153195;1092;21541773;9128029;15314
FR;0;2021-05-19;464189;145377;1377;22005962;9273406;16691
FR;0;2021-05-20;503713;160397;1289;22509675;9433803;17980
FR;0;2021-05-21;486365;174588;1062;22996040;9608391;19042
FR;0;2021-05-22;345227;79900;348;23341267;9688291;19390
FR;0;2021-05-23;160706;14445;133;23501973;9702736;19523
FR;0;2021-05-24;261359;33251;331;23763332;9735987;19854
FR;0;2021-05-25;397103;189351;1326;24160435;9925338;21180
FR;0;2021-05-26;410488;188207;1300;24570923;10113545;22480
FR;0;2021-05-27;446788;218743;1317;25017711;10332288;23797
FR;0;2021-05-28;426791;259696;1067;25444502;10591984;24864
FR;0;2021-05-29;297495;149457;322;25741997;10741441;25186
FR;0;2021-05-30;106136;32625;86;25848133;10774066;25272
FR;0;2021-05-31;355619;203568;865;26203752;10977634;26137
FR;0;2021-06-01;422257;251705;1131;26626009;11229339;27268
FR;0;2021-06-02;412351;230944;1128;27038360;11460283;28396
FR;0;2021-06-03;458206;258740;969;27496566;11719023;29365
FR;0;2021-06-04;451452;304928;971;27948018;12023951;30336
FR;0;2021-06-05;302246;189107;359;28250264;12213058;30695
FR;0;2021-06-06;131363;49137;128;28381627;12262195;30823
FR;0;2021-06-07;334392;262502;869;28716019;12524697;31692
FR;0;2021-06-08;389752;291353;984;29105771;12816050;32676
FR;0;2021-06-09;380336;276012;1014;29486107;13092062;33690
FR;0;2021-06-10;398100;289467;1024;29884207;13381529;34714
FR;0;2021-06-11;383644;357641;767;30267851;13739170;35481
FR;0;2021-06-12;281145;211533;257;30548996;13950703;35738
FR;0;2021-06-13;103787;74097;107;30652783;14024800;35845
FR;0;2021-06-14;237938;356046;806;30890721;14380846;36651
FR;0;2021-06-15;304463;386173;844;31195184;14767019;37495
FR;0;2021-06-16;310493;357870;843;31505677;15124889;38338
FR;0;2021-06-17;314311;372308;757;31819988;15497197;39095
FR;0;2021-06-18;319070;442907;694;32139058;15940104;39789
FR;0;2021-06-19;223008;274046;244;32362066;16214150;40033
FR;0;2021-06-20;72327;102650;62;32434393;16316800;40095
FR;0;2021-06-21;193117;402231;587;32627510;16719031;40682
FR;0;2021-06-22;220579;467496;719;32848089;17186527;41401
FR;0;2021-06-23;231208;440060;697;33079297;17626587;42098
FR;0;2021-06-24;239253;409465;757;33318550;18036052;42855
FR;0;2021-06-25;224469;522487;805;33543019;18558539;43660
FR;0;2021-06-26;151840;370956;299;33694859;18929495;43959
FR;0;2021-06-27;55088;156440;90;33749947;19085935;44049
FR;0;2021-06-28;152656;453404;691;33902603;19539339;44740
FR;0;2021-06-29;180774;505780;1963;34083377;20045119;46703
FR;0;2021-06-30;201650;481342;1853;34285027;20526461;48556
FR;0;2021-07-01;224053;457916;2126;34509080;20984377;50682
FR;0;2021-07-02;223675;520642;2043;34732755;21505019;52725
FR;0;2021-07-03;140031;368989;892;34872786;21874008;53617
FR;0;2021-07-04;55821;141393;264;34928607;22015401;53881
FR;0;2021-07-05;164499;419677;1590;35093106;22435078;55471
FR;0;2021-07-06;193519;475224;1741;35286625;22910302;57212
FR;0;2021-07-07;208581;439685;1744;35495206;23349987;58956
FR;0;2021-07-08;228198;424329;2011;35723404;23774316;60967
FR;0;2021-07-09;226011;510006;2093;35949415;24284322;63060
FR;0;2021-07-10;146724;339847;948;36096139;24624169;64008
FR;0;2021-07-11;59261;110154;264;36155400;24734323;64272
FR;0;2021-07-12;166326;478398;1707;36321726;25212721;65979
FR;0;2021-07-13;284416;527925;1971;36606142;25740646;67950
FR;0;2021-07-14;178522;157916;418;36784664;25898562;68368
FR;0;2021-07-15;343469;502689;2014;37128133;26401251;70382
FR;0;2021-07-16;377034;496377;1937;37505167;26897628;72319
FR;0;2021-07-17;258022;320114;833;37763189;27217742;73152
FR;0;2021-07-18;108879;115037;303;37872068;27332779;73455
FR;0;2021-07-19;283237;425591;1572;38155305;27758370;75027
FR;0;2021-07-20;374258;453215;1645;38529563;28211585;76672
FR;0;2021-07-21;393105;408541;1490;38922668;28620126;78162
FR;0;2021-07-22;438119;388597;1651;39360787;29008723;79813
FR;0;2021-07-23;436060;422954;1788;39796847;29431677;81601
FR;0;2021-07-24;284184;270051;766;40081031;29701728;82367
FR;0;2021-07-25;120260;80207;220;40201291;29781935;82587
FR;0;2021-07-26;345563;323820;1568;40546854;30105755;84155
FR;0;2021-07-27;461320;320758;1642;41008174;30426513;85797
FR;0;2021-07-28;456584;290298;1593;41464758;30716811;87390
FR;0;2021-07-29;486738;276772;1742;41951496;30993583;89132
FR;0;2021-07-30;457291;302735;1879;42408787;31296318;91011
FR;0;2021-07-31;284205;184964;878;42692992;31481282;91889
FR;0;2021-08-01;109145;50056;216;42802137;31531338;92105
FR;0;2021-08-02;327098;234239;1541;43129235;31765577;93646
FR;0;2021-08-03;390765;245229;1617;43520000;32010806;95263
FR;0;2021-08-04;378645;210247;1473;43898645;32221053;96736
FR;0;2021-08-05;361256;228707;1618;44259901;32449760;98354
FR;0;2021-08-06;354190;271927;1756;44614091;32721687;100110
FR;0;2021-08-07;210273;178617;727;44824364;32900304;100837
FR;0;2021-08-08;71905;63317;229;44896269;32963621;101066
FR;0;2021-08-09;253535;260081;1465;45149804;33223702;102531
FR;0;2021-08-10;300729;278660;1563;45450533;33502362;104094
FR;0;2021-08-11;274364;260784;1292;45724897;33763146;105386
FR;0;2021-08-12;266232;278373;1576;45991129;34041519;106962
FR;0;2021-08-13;246838;275499;1522;46237967;34317018;108484
FR;0;2021-08-14;141402;198390;693;46379369;34515408;109177
FR;0;2021-08-15;36734;50245;168;46416103;34565653;109345
FR;0;2021-08-16;179551;318618;1430;46595654;34884271;110775
FR;0;2021-08-17;210927;337037;1527;46806581;35221308;112302
FR;0;2021-08-18;193953;324870;1484;47000534;35546178;113786
FR;0;2021-08-19;187274;325509;1531;47187808;35871687;115317
FR;0;2021-08-20;179948;365046;1666;47367756;36236733;116983
FR;0;2021-08-21;102167;238073;640;47469923;36474806;117623
FR;0;2021-08-22;30985;87228;205;47500908;36562034;117828
FR;0;2021-08-23;136708;357070;1457;47637616;36919104;119285
FR;0;2021-08-24;158746;376949;1733;47796362;37296053;121018
FR;0;2021-08-25;147177;350651;1887;47943539;37646704;122905
FR;0;2021-08-26;139286;342114;2403;48082825;37988818;125308
FR;0;2021-08-27;144250;387193;2641;48227075;38376011;127949
FR;0;2021-08-28;88499;249529;1313;48315574;38625540;129262
FR;0;2021-08-29;26486;83206;460;48342060;38708746;129722
FR;0;2021-08-30;113952;324692;4484;48456012;39033438;134206
FR;0;2021-08-31;125567;334659;9676;48581579;39368097;143882
FR;0;2021-09-01;114435;285090;20893;48696014;39653187;164775
FR;0;2021-09-02;99892;247285;24656;48795906;39900472;189431
FR;0;2021-09-03;110730;292534;27611;48906636;40193006;217042
FR;0;2021-09-04;85558;217554;11836;48992194;40410560;228878
FR;0;2021-09-05;20222;45015;4111;49012416;40455575;232989
FR;0;2021-09-06;66867;181121;29604;49079283;40636696;262593
FR;0;2021-09-07;70837;181243;29967;49150120;40817939;292560
