fra;vaccin;jour;n_dose1;n_dose2;n_dose3;n_dose4;n_rappel;n_cum_dose1;n_cum_dose2;n_cum_dose3;n_cum_dose4;n_cum_rappel
FR;1;2020-12-27;611;0;0;0;0;611;0;0;0;0
FR;1;2020-12-28;693;1;0;0;0;1304;1;0;0;0
FR;1;2020-12-29;387;0;0;0;0;1691;1;0;0;0
FR;1;2020-12-30;445;0;0;0;0;2136;1;0;0;0
FR;1;2020-12-31;444;1;0;0;0;2580;2;0;0;0
FR;1;2021-01-01;1173;2;0;0;0;3753;4;0;0;0
FR;1;2021-01-02;366;3;0;0;0;4119;7;0;0;0
FR;1;2021-01-03;407;0;0;0;0;4526;7;0;0;0
FR;1;2021-01-04;2123;4;0;0;0;6649;11;0;0;0
FR;1;2021-01-05;7758;5;0;0;0;14407;16;0;0;0
FR;1;2021-01-06;12463;22;0;0;0;26870;38;0;0;0
FR;1;2021-01-07;29472;20;0;0;0;56342;58;0;0;0
FR;1;2021-01-08;37156;25;0;0;0;93498;83;0;0;0
FR;1;2021-01-09;11216;9;0;0;0;104714;92;0;0;0
FR;1;2021-01-10;6009;7;0;0;0;110723;99;0;0;0
FR;1;2021-01-11;39949;30;0;0;0;150672;129;0;0;0
FR;1;2021-01-12;62149;23;0;0;0;212821;152;0;0;0
FR;1;2021-01-13;65133;51;0;0;0;277954;203;0;0;0
FR;1;2021-01-14;81461;193;0;0;0;359415;396;0;0;0
FR;1;2021-01-15;68619;78;0;0;0;428034;474;0;0;0
FR;1;2021-01-16;19901;72;0;0;0;447935;546;0;0;0
FR;1;2021-01-17;10904;50;0;0;0;458839;596;0;0;0
FR;1;2021-01-18;82839;172;0;0;0;541678;768;0;0;0
FR;1;2021-01-19;125927;198;0;0;0;667605;966;0;0;0
FR;1;2021-01-20;132423;184;0;0;0;800028;1150;0;0;0
FR;1;2021-01-21;153071;181;0;0;0;953099;1331;0;0;0
FR;1;2021-01-22;115957;224;0;0;0;1069056;1555;0;0;0
FR;1;2021-01-23;36612;71;0;0;0;1105668;1626;0;0;0
FR;1;2021-01-24;9584;111;0;0;0;1115252;1737;0;0;0
FR;1;2021-01-25;74430;1390;0;0;0;1189682;3127;0;0;0
FR;1;2021-01-26;96459;3595;1;0;0;1286141;6722;1;0;0
FR;1;2021-01-27;103655;6297;0;0;0;1389796;13019;1;0;0
FR;1;2021-01-28;120612;16026;0;0;0;1510408;29045;1;0;0
FR;1;2021-01-29;88894;18509;0;0;0;1599302;47554;1;0;0
FR;1;2021-01-30;27995;4481;0;0;0;1627297;52035;1;0;0
FR;1;2021-01-31;5193;1857;0;0;0;1632490;53892;1;0;0
FR;1;2021-02-01;49733;22527;0;0;0;1682223;76419;1;0;0
FR;1;2021-02-02;67829;37444;0;0;0;1750052;113863;1;0;0
FR;1;2021-02-03;67094;39586;0;0;0;1817146;153449;1;0;0
FR;1;2021-02-04;77146;54094;0;0;0;1894292;207543;1;0;0
FR;1;2021-02-05;63428;47476;0;0;0;1957720;255019;1;0;0
FR;1;2021-02-06;19426;11203;0;0;0;1977146;266222;1;0;0
FR;1;2021-02-07;3666;5855;0;0;0;1980812;272077;1;0;0
FR;1;2021-02-08;36503;48299;0;0;0;2017315;320376;1;0;0
FR;1;2021-02-09;50814;77288;0;0;0;2068129;397664;1;0;0
FR;1;2021-02-10;52078;82046;0;0;0;2120207;479710;1;0;0
FR;1;2021-02-11;63385;104434;0;0;0;2183592;584144;1;0;0
FR;1;2021-02-12;55874;75270;0;0;0;2239466;659414;1;0;0
FR;1;2021-02-13;15467;19292;0;0;0;2254933;678706;1;0;0
FR;1;2021-02-14;3747;7332;0;0;0;2258680;686038;1;0;0
FR;1;2021-02-15;24160;73489;0;0;0;2282840;759527;1;0;0
FR;1;2021-02-16;32779;95928;0;0;0;2315619;855455;1;0;0
FR;1;2021-02-17;35130;101873;20;0;0;2350749;957328;21;0;0
FR;1;2021-02-18;49454;117655;0;0;0;2400203;1074983;21;0;0
FR;1;2021-02-19;45387;87371;1;0;0;2445590;1162354;22;0;0
FR;1;2021-02-20;13393;27110;0;0;0;2458983;1189464;22;0;0
FR;1;2021-02-21;2464;6041;0;0;0;2461447;1195505;22;0;0
FR;1;2021-02-22;24722;69409;2;0;0;2486169;1264914;24;0;0
FR;1;2021-02-23;37433;81406;1;0;0;2523602;1346320;25;0;0
FR;1;2021-02-24;40703;79128;1;0;0;2564305;1425448;26;0;0
FR;1;2021-02-25;50162;87904;1;0;0;2614467;1513352;27;0;0
FR;1;2021-02-26;47227;67634;1;0;0;2661694;1580986;28;0;0
FR;1;2021-02-27;15684;21286;1;0;0;2677378;1602272;29;0;0
FR;1;2021-02-28;3564;4173;2;0;0;2680942;1606445;31;0;0
FR;1;2021-03-01;40208;50152;1;0;0;2721150;1656597;32;0;0
FR;1;2021-03-02;55988;62371;3;0;0;2777138;1718968;35;0;0
FR;1;2021-03-03;61252;60611;0;0;0;2838390;1779579;35;0;0
FR;1;2021-03-04;73011;67862;3;0;0;2911401;1847441;38;0;0
FR;1;2021-03-05;74776;58702;3;0;0;2986177;1906143;41;0;0
FR;1;2021-03-06;82464;15774;2;0;0;3068641;1921917;43;0;0
FR;1;2021-03-07;63728;4229;1;0;0;3132369;1926146;44;0;0
FR;1;2021-03-08;60184;41394;2;0;0;3192553;1967540;46;0;0
FR;1;2021-03-09;86000;47626;1;0;0;3278553;2015166;47;0;0
FR;1;2021-03-10;90939;47804;5;0;0;3369492;2062970;52;0;0
FR;1;2021-03-11;105095;54576;1;0;0;3474587;2117546;53;0;0
FR;1;2021-03-12;104144;44953;1;0;0;3578731;2162499;54;0;0
FR;1;2021-03-13;89208;12609;1;0;0;3667939;2175108;55;0;0
FR;1;2021-03-14;44459;2758;1;0;0;3712398;2177866;56;0;0
FR;1;2021-03-15;95528;28130;3;0;0;3807926;2205996;59;0;0
FR;1;2021-03-16;123597;34215;5;0;0;3931523;2240211;64;0;0
FR;1;2021-03-17;129317;33675;4;0;0;4060840;2273886;68;0;0
FR;1;2021-03-18;142910;39294;5;0;0;4203750;2313180;73;0;0
FR;1;2021-03-19;136264;32155;2;0;0;4340014;2345335;75;0;0
FR;1;2021-03-20;76016;9793;1;0;0;4416030;2355128;76;0;0
FR;1;2021-03-21;26516;2064;1;0;0;4442546;2357192;77;0;0
FR;1;2021-03-22;114770;30373;2;0;0;4557316;2387565;79;0;0
FR;1;2021-03-23;143047;38045;1;0;0;4700363;2425610;80;0;0
FR;1;2021-03-24;142013;38411;0;0;0;4842376;2464021;80;0;0
FR;1;2021-03-25;165019;39837;4;0;0;5007395;2503858;84;0;0
FR;1;2021-03-26;166410;37475;5;1;0;5173805;2541333;89;1;0
FR;1;2021-03-27;110892;15456;1;0;0;5284697;2556789;90;1;0
FR;1;2021-03-28;42304;4275;3;0;0;5327001;2561064;93;1;0
FR;1;2021-03-29;129832;49151;4;0;0;5456833;2610215;97;1;0
FR;1;2021-03-30;167732;63718;5;0;0;5624565;2673933;102;1;0
FR;1;2021-03-31;170957;67795;4;0;0;5795522;2741728;106;1;0
FR;1;2021-04-01;194848;83368;10;0;0;5990370;2825096;116;1;0
FR;1;2021-04-02;164464;86422;7;0;0;6154834;2911518;123;1;0
FR;1;2021-04-03;88253;58164;6;0;0;6243087;2969682;129;1;0
FR;1;2021-04-04;33657;17725;0;0;0;6276744;2987407;129;1;0
FR;1;2021-04-05;46416;9678;11;0;0;6323160;2997085;140;1;0
FR;1;2021-04-06;160331;104809;17;0;0;6483491;3101894;157;1;0
FR;1;2021-04-07;197010;108099;16;0;0;6680501;3209993;173;1;0
FR;1;2021-04-08;222157;113885;13;0;0;6902658;3323878;186;1;0
FR;1;2021-04-09;214584;107861;21;0;0;7117242;3431739;207;1;0
FR;1;2021-04-10;117192;73241;14;0;0;7234434;3504980;221;1;0
FR;1;2021-04-11;40897;29905;6;0;0;7275331;3534885;227;1;0
FR;1;2021-04-12;168483;104488;46;0;0;7443814;3639373;273;1;0
FR;1;2021-04-13;203822;127870;97;1;0;7647636;3767243;370;2;0
FR;1;2021-04-14;208645;122872;208;0;0;7856281;3890115;578;2;0
FR;1;2021-04-15;221699;127916;312;0;0;8077980;4018031;890;2;0
FR;1;2021-04-16;206083;125661;309;0;0;8284063;4143692;1199;2;0
FR;1;2021-04-17;122102;67141;103;0;0;8406165;4210833;1302;2;0
FR;1;2021-04-18;35966;20989;41;0;0;8442131;4231822;1343;2;0
FR;1;2021-04-19;163764;121575;432;0;0;8605895;4353397;1775;2;0
FR;1;2021-04-20;189448;149483;531;0;0;8795343;4502880;2306;2;0
FR;1;2021-04-21;194018;147433;760;0;0;8989361;4650313;3066;2;0
FR;1;2021-04-22;209048;164247;777;0;0;9198409;4814560;3843;2;0
FR;1;2021-04-23;198969;157797;671;0;0;9397378;4972357;4514;2;0
FR;1;2021-04-24;126340;95747;148;0;0;9523718;5068104;4662;2;0
FR;1;2021-04-25;53633;30043;46;0;0;9577351;5098147;4708;2;0
FR;1;2021-04-26;181160;139711;542;0;0;9758511;5237858;5250;2;0
FR;1;2021-04-27;221380;162365;901;0;0;9979891;5400223;6151;2;0
FR;1;2021-04-28;238321;155867;1314;1;1;10218212;5556090;7465;3;1
FR;1;2021-04-29;270311;161240;1211;0;0;10488523;5717330;8676;3;1
FR;1;2021-04-30;272006;148718;1073;0;0;10760529;5866048;9749;3;1
FR;1;2021-05-01;141158;40596;173;0;0;10901687;5906644;9922;3;1
FR;1;2021-05-02;81556;28183;81;0;0;10983243;5934827;10003;3;1
FR;1;2021-05-03;250796;143268;803;0;0;11234039;6078095;10806;3;1
FR;1;2021-05-04;265897;187613;1202;0;0;11499936;6265708;12008;3;1
FR;1;2021-05-05;283899;185736;1267;0;0;11783835;6451444;13275;3;1
FR;1;2021-05-06;309982;184078;1502;0;0;12093817;6635522;14777;3;1
FR;1;2021-05-07;284113;196243;1126;0;0;12377930;6831765;15903;3;1
FR;1;2021-05-08;191666;50746;285;0;0;12569596;6882511;16188;3;1
FR;1;2021-05-09;114059;34769;236;0;0;12683655;6917280;16424;3;1
FR;1;2021-05-10;258219;194704;1186;0;0;12941874;7111984;17610;3;1
FR;1;2021-05-11;318894;211004;1465;0;0;13260768;7322988;19075;3;1
FR;1;2021-05-12;356638;185947;1400;0;0;13617406;7508935;20475;3;1
FR;1;2021-05-13;283453;47456;401;0;0;13900859;7556391;20876;3;1
FR;1;2021-05-14;370513;128515;994;0;0;14271372;7684906;21870;3;1
FR;1;2021-05-15;298100;66166;404;0;0;14569472;7751072;22274;3;1
FR;1;2021-05-16;157782;15472;158;0;0;14727254;7766544;22432;3;1
FR;1;2021-05-17;318935;116171;1441;0;0;15046189;7882715;23873;3;1
FR;1;2021-05-18;383348;111501;1799;0;0;15429537;7994216;25672;3;1
FR;1;2021-05-19;395277;101880;2183;0;0;15824814;8096096;27855;3;1
FR;1;2021-05-20;421826;95757;2048;0;0;16246640;8191853;29903;3;1
FR;1;2021-05-21;399813;97311;1764;0;0;16646453;8289164;31667;3;1
FR;1;2021-05-22;275695;41919;604;0;0;16922148;8331083;32271;3;1
FR;1;2021-05-23;123017;10998;224;0;0;17045165;8342081;32495;3;1
FR;1;2021-05-24;244017;26259;569;0;0;17289182;8368340;33064;3;1
FR;1;2021-05-25;366230;131555;2114;1;0;17655412;8499895;35178;4;1
FR;1;2021-05-26;380817;126849;1994;0;0;18036229;8626744;37172;4;1
FR;1;2021-05-27;406160;128146;1978;0;0;18442389;8754890;39150;4;1
FR;1;2021-05-28;366037;145505;1701;0;0;18808426;8900395;40851;4;1
FR;1;2021-05-29;253838;81021;527;0;0;19062264;8981416;41378;4;1
FR;1;2021-05-30;100976;22581;158;0;0;19163240;9003997;41536;4;1
FR;1;2021-05-31;314320;149041;1284;1;1;19477560;9153038;42820;5;2
FR;1;2021-06-01;361644;166466;1732;1;1;19839204;9319504;44552;6;3
FR;1;2021-06-02;365395;153975;1796;0;0;20204599;9473479;46348;6;3
FR;1;2021-06-03;391429;147393;1653;0;0;20596028;9620872;48001;6;3
FR;1;2021-06-04;364119;175709;1495;1;1;20960147;9796581;49496;7;4
FR;1;2021-06-05;258513;112725;597;0;0;21218660;9909306;50093;7;4
FR;1;2021-06-06;126814;37550;215;0;0;21345474;9946856;50308;7;4
FR;1;2021-06-07;301111;207742;1365;0;0;21646585;10154598;51673;7;4
FR;1;2021-06-08;330851;220909;1643;0;0;21977436;10375507;53316;7;4
FR;1;2021-06-09;336592;211419;1613;0;0;22314028;10586926;54929;7;4
FR;1;2021-06-10;343902;200716;1614;0;0;22657930;10787642;56543;7;4
FR;1;2021-06-11;311906;234788;1299;1;0;22969836;11022430;57842;8;4
FR;1;2021-06-12;244088;150615;437;0;0;23213924;11173045;58279;8;4
FR;1;2021-06-13;100369;61001;188;0;0;23314293;11234046;58467;8;4
FR;1;2021-06-14;207850;287913;1318;1;0;23522143;11521959;59785;9;4
FR;1;2021-06-15;256865;281475;1400;1;0;23779008;11803434;61185;10;4
FR;1;2021-06-16;273655;270567;1263;1;0;24052663;12074001;62448;11;4
FR;1;2021-06-17;268223;244888;1239;1;0;24320886;12318889;63687;12;4
FR;1;2021-06-18;260607;295367;1154;1;0;24581493;12614256;64841;13;4
FR;1;2021-06-19;193454;209535;388;0;0;24774947;12823791;65229;13;4
FR;1;2021-06-20;69713;89066;120;0;0;24844660;12912857;65349;13;4
FR;1;2021-06-21;172379;319707;934;1;1;25017039;13232564;66283;14;5
FR;1;2021-06-22;185873;347904;1102;10;1;25202912;13580468;67385;24;6
FR;1;2021-06-23;204209;339527;1049;0;0;25407121;13919995;68434;24;6
FR;1;2021-06-24;203533;282015;1175;0;0;25610654;14202010;69609;24;6
FR;1;2021-06-25;182666;371741;1198;0;0;25793320;14573751;70807;24;6
FR;1;2021-06-26;131399;278439;504;0;0;25924719;14852190;71311;24;6
FR;1;2021-06-27;52409;122892;146;0;0;25977128;14975082;71457;24;6
FR;1;2021-06-28;136665;368215;1064;0;0;26113793;15343297;72521;24;6
FR;1;2021-06-29;154902;390952;1848;0;0;26268695;15734249;74369;24;6
FR;1;2021-06-30;180061;381846;1666;4;2;26448756;16116095;76035;28;8
FR;1;2021-07-01;201549;332354;1888;5;1;26650305;16448449;77923;33;9
FR;1;2021-07-02;193882;367385;1765;5;2;26844187;16815834;79688;38;11
FR;1;2021-07-03;124479;280414;704;3;1;26968666;17096248;80392;41;12
FR;1;2021-07-04;53965;113704;244;0;0;27022631;17209952;80636;41;12
FR;1;2021-07-05;153964;355829;1500;8;1;27176595;17565781;82136;49;13
FR;1;2021-07-06;173511;382324;1603;45;8;27350106;17948105;83739;94;21
FR;1;2021-07-07;190843;362409;1658;25;4;27540949;18310514;85397;119;25
FR;1;2021-07-08;201575;323022;1826;20;5;27742524;18633536;87223;139;30
FR;1;2021-07-09;189982;387800;1854;3;2;27932506;19021336;89077;142;32
FR;1;2021-07-10;129957;281151;818;1;1;28062463;19302487;89895;143;33
FR;1;2021-07-11;57681;102526;262;0;0;28120144;19405013;90157;143;33
FR;1;2021-07-12;149920;416887;1585;4;0;28270064;19821900;91742;147;33
FR;1;2021-07-13;234277;439185;1807;8;1;28504341;20261085;93549;155;34
FR;1;2021-07-14;171923;151412;418;0;0;28676264;20412497;93967;155;34
FR;1;2021-07-15;279688;424323;1858;1;0;28955952;20836820;95825;156;34
FR;1;2021-07-16;290440;400753;1711;3;1;29246392;21237573;97536;159;35
FR;1;2021-07-17;217349;282015;755;1;0;29463741;21519588;98291;160;35
FR;1;2021-07-18;102014;107212;288;0;0;29565755;21626800;98579;160;35
FR;1;2021-07-19;238226;378618;1497;3;0;29803981;22005418;100076;163;35
FR;1;2021-07-20;305763;380070;1469;0;0;30109744;22385488;101545;163;35
FR;1;2021-07-21;333292;352907;1412;4;1;30443036;22738395;102957;167;36
FR;1;2021-07-22;364681;318730;1502;3;2;30807717;23057125;104459;170;38
FR;1;2021-07-23;349403;342993;1589;4;1;31157120;23400118;106048;174;39
FR;1;2021-07-24;238961;240776;697;1;0;31396081;23640894;106745;175;39
FR;1;2021-07-25;112803;76012;223;0;0;31508884;23716906;106968;175;39
FR;1;2021-07-26;299143;289476;1495;2;1;31808027;24006382;108463;177;40
FR;1;2021-07-27;385837;268067;1459;4;1;32193864;24274449;109922;181;41
FR;1;2021-07-28;390202;251016;1462;4;1;32584066;24525465;111384;185;42
FR;1;2021-07-29;406141;227750;1540;2;0;32990207;24753215;112924;187;42
FR;1;2021-07-30;370744;246640;1638;4;1;33360951;24999855;114562;191;43
FR;1;2021-07-31;243385;165104;793;1;0;33604336;25164959;115355;192;43
FR;1;2021-08-01;105597;47211;233;0;0;33709933;25212170;115588;192;43
FR;1;2021-08-02;297407;212896;1480;2;0;34007340;25425066;117068;194;43
FR;1;2021-08-03;331339;208790;1557;2;1;34338679;25633856;118625;196;44
FR;1;2021-08-04;328040;183938;1439;5;3;34666719;25817794;120064;201;47
FR;1;2021-08-05;301285;193187;1483;0;0;34968004;26010981;121547;201;47
FR;1;2021-08-06;290987;224207;1560;3;0;35258991;26235188;123107;204;47
FR;1;2021-08-07;182664;158783;655;5;1;35441655;26393971;123762;209;48
FR;1;2021-08-08;68887;59101;253;0;0;35510542;26453072;124015;209;48
FR;1;2021-08-09;222790;235310;1444;4;2;35733332;26688382;125459;213;50
FR;1;2021-08-10;252746;240013;1493;2;1;35986078;26928395;126952;215;51
FR;1;2021-08-11;236239;231836;1271;5;0;36222317;27160231;128223;220;51
FR;1;2021-08-12;220785;239856;1487;3;0;36443102;27400087;129710;223;51
FR;1;2021-08-13;201720;238547;1360;2;2;36644822;27638634;131070;225;53
FR;1;2021-08-14;122864;174051;646;0;0;36767686;27812685;131716;225;53
FR;1;2021-08-15;34707;46124;201;1;0;36802393;27858809;131917;226;53
FR;1;2021-08-16;156961;289447;1423;0;0;36959354;28148256;133340;226;53
FR;1;2021-08-17;171613;291102;1422;5;0;37130967;28439358;134762;231;53
FR;1;2021-08-18;161433;286758;1393;6;3;37292400;28726116;136155;237;56
FR;1;2021-08-19;148951;277514;1403;1;0;37441351;29003630;137558;238;56
FR;1;2021-08-20;140510;309009;1532;2;2;37581861;29312639;139090;240;58
FR;1;2021-08-21;84280;213208;589;0;0;37666141;29525847;139679;240;58
FR;1;2021-08-22;28580;82696;233;0;0;37694721;29608543;139912;240;58
FR;1;2021-08-23;118662;321003;1422;2;1;37813383;29929546;141334;242;59
FR;1;2021-08-24;126669;319707;1604;5;1;37940052;30249253;142938;247;60
FR;1;2021-08-25;121534;306481;1779;8;2;38061586;30555734;144717;255;62
FR;1;2021-08-26;106632;286096;2162;10;0;38168218;30841830;146879;265;62
FR;1;2021-08-27;107657;321633;2302;9;2;38275875;31163463;149181;274;64
FR;1;2021-08-28;71021;220688;1102;0;0;38346896;31384151;150283;274;64
FR;1;2021-08-29;24152;78197;469;1;0;38371048;31462348;150752;275;64
FR;1;2021-08-30;96896;286319;4313;6;4989;38467944;31748667;155065;281;5053
FR;1;2021-08-31;98124;276277;9294;15;10096;38566068;32024944;164359;296;15149
FR;1;2021-09-01;112345;245315;21117;8;22139;38678413;32270259;185476;304;37288
FR;1;2021-09-02;86765;197925;24530;18;25510;38765178;32468184;210006;322;62798
FR;1;2021-09-03;82424;227507;26955;21;28022;38847602;32695691;236961;343;90820
FR;1;2021-09-04;71629;189717;11140;11;11703;38919231;32885408;248101;354;102523
FR;1;2021-09-05;18613;41149;4124;2;4275;38937844;32926557;252225;356;106798
FR;1;2021-09-06;59813;151447;30182;15;31203;38997657;33078004;282407;371;138001
FR;1;2021-09-07;57400;139659;30211;30;31223;39055057;33217663;312618;401;169224
FR;1;2021-09-08;72342;173784;26925;22;27941;39127399;33391447;339543;423;197165
FR;1;2021-09-09;54486;124454;28630;24;29738;39181885;33515901;368173;447;226903
FR;1;2021-09-10;66217;152083;30450;24;31663;39248102;33667984;398623;471;258566
FR;1;2021-09-11;52688;146628;9731;14;10346;39300790;33814612;408354;485;268912
FR;1;2021-09-12;10796;29272;2487;1;2650;39311586;33843884;410841;486;271562
FR;1;2021-09-13;51509;104448;38761;31;40065;39363095;33948332;449602;517;311627
FR;1;2021-09-14;53341;96020;51277;67;53180;39416436;34044352;500879;584;364807
FR;1;2021-09-15;60573;139252;50492;55;47048;39477009;34183604;551371;639;411855
FR;1;2021-09-16;46633;81394;53351;70;49598;39523642;34264998;604722;709;461453
FR;1;2021-09-17;53222;109349;45072;61;42695;39576864;34374347;649794;770;504148
FR;1;2021-09-18;37877;118495;11796;19;11276;39614741;34492842;661590;789;515424
FR;1;2021-09-19;6531;21039;2040;1;1981;39621272;34513881;663630;790;517405
FR;1;2021-09-20;36540;74865;46228;65;44183;39657812;34588746;709858;855;561588
FR;1;2021-09-21;34187;68121;56261;71;52730;39691999;34656867;766119;926;614318
FR;1;2021-09-22;38828;118602;49873;76;46911;39730827;34775469;815992;1002;661229
FR;1;2021-09-23;32026;62907;54503;85;50904;39762853;34838376;870495;1087;712133
FR;1;2021-09-24;36784;90039;43671;89;41941;39799637;34928415;914166;1176;754074
FR;1;2021-09-25;27650;96698;12306;27;12181;39827287;35025113;926472;1203;766255
FR;1;2021-09-26;4386;15193;1774;5;1695;39831673;35040306;928246;1208;767950
FR;1;2021-09-27;27351;60216;42912;89;41632;39859024;35100522;971158;1297;809582
FR;1;2021-09-28;26911;49436;47198;76;44476;39885935;35149958;1018356;1373;854058
FR;1;2021-09-29;35925;80303;47287;87;45602;39921860;35230261;1065643;1460;899660
FR;1;2021-09-30;26075;46893;47525;80;45456;39947935;35277154;1113168;1540;945116
FR;1;2021-10-01;47297;66937;44897;83;44606;39995232;35344091;1158065;1623;989722
FR;1;2021-10-02;32383;62409;16113;32;16317;40027615;35406500;1174178;1655;1006039
FR;1;2021-10-03;4341;8560;2040;3;2034;40031956;35415060;1176218;1658;1008073
FR;1;2021-10-04;28977;44424;47104;79;46965;40060933;35459484;1223322;1737;1055038
FR;1;2021-10-05;24565;41659;49889;116;49323;40085498;35501143;1273211;1853;1104361
FR;1;2021-10-06;34655;61384;57507;102;57247;40120153;35562527;1330718;1955;1161608
FR;1;2021-10-07;21080;39905;53041;75;51966;40141233;35602432;1383759;2030;1213574
FR;1;2021-10-08;35663;59642;60400;83;61145;40176896;35662074;1444159;2113;1274719
FR;1;2021-10-09;27466;48009;25495;29;26020;40204362;35710083;1469654;2142;1300739
FR;1;2021-10-10;3724;5810;2754;7;2861;40208086;35715893;1472408;2149;1303600
FR;1;2021-10-11;24852;38231;54585;88;55256;40232938;35754124;1526993;2237;1358856
FR;1;2021-10-12;23377;36592;58069;128;59214;40256315;35790716;1585062;2365;1418070
FR;1;2021-10-13;32968;47831;64170;125;65687;40289283;35838547;1649232;2490;1483757
FR;1;2021-10-14;21711;34774;53767;103;54351;40310994;35873321;1702999;2593;1538108
FR;1;2021-10-15;32748;48782;72328;165;75006;40343742;35922103;1775327;2758;1613114
FR;1;2021-10-16;26009;35291;34870;44;36417;40369751;35957394;1810197;2802;1649531
FR;1;2021-10-17;3156;4052;3416;2;3318;40372907;35961446;1813613;2804;1652849
FR;1;2021-10-18;24326;34894;66838;132;69708;40397233;35996340;1880451;2936;1722557
FR;1;2021-10-19;20720;35592;75659;135;79578;40417953;36031932;1956110;3071;1802135
FR;1;2021-10-20;29912;44214;96174;178;99851;40447865;36076146;2052284;3249;1901986
FR;1;2021-10-21;19801;35056;83179;107;87026;40467666;36111202;2135463;3356;1989012
FR;1;2021-10-22;29754;47774;103741;196;109689;40497420;36158976;2239204;3552;2098701
FR;1;2021-10-23;23050;35136;44870;57;47380;40520470;36194112;2284074;3609;2146081
FR;1;2021-10-24;2405;3835;3583;6;3719;40522875;36197947;2287657;3615;2149800
FR;1;2021-10-25;22495;30755;82026;143;85824;40545370;36228702;2369683;3758;2235624
FR;1;2021-10-26;19365;27675;86112;162;90336;40564735;36256377;2455795;3920;2325960
FR;1;2021-10-27;26214;39630;107805;252;112701;40590949;36296007;2563600;4172;2438661
FR;1;2021-10-28;18800;27117;86957;150;91699;40609749;36323124;2650557;4322;2530360
FR;1;2021-10-29;25929;40282;114830;202;121645;40635678;36363406;2765387;4524;2652005
FR;1;2021-10-30;17709;28718;49369;74;51955;40653387;36392124;2814756;4598;2703960
FR;1;2021-10-31;2086;3175;3451;2;3686;40655473;36395299;2818207;4600;2707646
FR;1;2021-11-01;8010;4266;3031;3;3290;40663483;36399565;2821238;4603;2710936
FR;1;2021-11-02;22906;33235;92399;156;97836;40686389;36432800;2913637;4759;2808772
FR;1;2021-11-03;26631;41579;117506;217;123869;40713020;36474379;3031143;4976;2932641
FR;1;2021-11-04;19625;30323;105811;213;111954;40732645;36504702;3136954;5189;3044595
FR;1;2021-11-05;27020;42326;138778;230;147435;40759665;36547028;3275732;5419;3192030
FR;1;2021-11-06;18860;29822;63483;123;66492;40778525;36576850;3339215;5542;3258522
FR;1;2021-11-07;1832;3284;4978;6;5302;40780357;36580134;3344193;5548;3263824
FR;1;2021-11-08;17876;32265;126002;224;132630;40798233;36612399;3470195;5772;3396454
FR;1;2021-11-09;19516;37642;159306;334;169095;40817749;36650041;3629501;6106;3565549
FR;1;2021-11-10;28885;49112;181908;440;192524;40846634;36699153;3811409;6546;3758073
FR;1;2021-11-11;4187;5948;12232;26;13028;40850821;36705101;3823641;6572;3771101
FR;1;2021-11-12;26021;46856;174820;244;186488;40876842;36751957;3998461;6816;3957589
FR;1;2021-11-13;18733;29158;76839;111;81779;40895575;36781115;4075300;6927;4039368
FR;1;2021-11-14;2047;3253;6822;5;7355;40897622;36784368;4082122;6932;4046723
FR;1;2021-11-15;18784;34780;156428;305;166248;40916406;36819148;4238550;7237;4212971
FR;1;2021-11-16;21360;37911;192122;380;205014;40937766;36857059;4430672;7617;4417985
FR;1;2021-11-17;28666;45603;193236;398;205045;40966432;36902662;4623908;8015;4623030
FR;1;2021-11-18;21141;39572;182502;458;194565;40987573;36942234;4806410;8473;4817595
FR;1;2021-11-19;30889;53367;230253;532;246720;41018462;36995601;5036663;9005;5064315
FR;1;2021-11-20;23764;33237;96987;201;103627;41042226;37028838;5133650;9206;5167942
FR;1;2021-11-21;2339;3920;9117;19;9937;41044565;37032758;5142767;9225;5177879
FR;1;2021-11-22;21412;30382;175906;465;189441;41065977;37063140;5318673;9690;5367320
FR;1;2021-11-23;24018;41026;221219;540;237953;41089995;37104166;5539892;10230;5605273
FR;1;2021-11-24;30285;49724;217349;701;234525;41120280;37153890;5757241;10931;5839798
FR;1;2021-11-25;23725;44083;244478;718;264144;41144005;37197973;6001719;11649;6103942
FR;1;2021-11-26;30625;66721;356811;836;388570;41174630;37264694;6358530;12485;6492512
FR;1;2021-11-27;21948;45346;202638;372;222656;41196578;37310040;6561168;12857;6715168
FR;1;2021-11-28;3169;9595;54790;63;61016;41199747;37319635;6615958;12920;6776184
FR;1;2021-11-29;17878;49507;326390;841;354475;41217625;37369142;6942348;13761;7130659
FR;1;2021-11-30;22784;64917;431147;952;470768;41240409;37434059;7373495;14713;7601427
FR;1;2021-12-01;25339;69258;442901;1131;481770;41265748;37503317;7816396;15844;8083197
FR;1;2021-12-02;20071;64512;489402;1228;532903;41285819;37567829;8305798;17072;8616100
FR;1;2021-12-03;22898;82491;542779;1309;591774;41308717;37650320;8848577;18381;9207874
FR;1;2021-12-04;16397;53924;299099;654;328961;41325114;37704244;9147676;19035;9536835
FR;1;2021-12-05;3633;13837;81530;143;91053;41328747;37718081;9229206;19178;9627888
FR;1;2021-12-06;25821;62584;415448;1066;455164;41354568;37780665;9644654;20244;10083052
FR;1;2021-12-07;19997;75600;522981;1535;572587;41374565;37856265;10167635;21779;10655639
FR;1;2021-12-08;21698;75696;458422;1544;502119;41396263;37931961;10626057;23323;11157758
FR;1;2021-12-09;19449;74059;492936;1625;540896;41415712;38006020;11118993;24948;11698654
FR;1;2021-12-10;23310;87676;547388;1585;600013;41439022;38093696;11666381;26533;12298667
FR;1;2021-12-11;16533;59191;302747;750;335483;41455555;38152887;11969128;27283;12634150
FR;1;2021-12-12;4376;15947;83220;179;94051;41459931;38168834;12052348;27462;12728201
FR;1;2021-12-13;15753;63596;366980;1094;406263;41475684;38232430;12419328;28556;13134464
FR;1;2021-12-14;20861;80309;464774;1746;515228;41496545;38312739;12884102;30302;13649692
FR;1;2021-12-15;21613;77494;409080;1309;453167;41518158;38390233;13293182;31611;14102859
FR;1;2021-12-16;20045;77291;451872;1578;500641;41538203;38467524;13745054;33189;14603500
FR;1;2021-12-17;22614;86574;479941;1736;530971;41560817;38554098;14224995;34925;15134471
FR;1;2021-12-18;17604;54675;257622;730;288521;41578421;38608773;14482617;35655;15422992
FR;1;2021-12-19;5552;17006;79182;194;90708;41583973;38625779;14561799;35849;15513700
FR;1;2021-12-20;20934;63117;316243;1081;355305;41604907;38688896;14878042;36930;15869005
FR;1;2021-12-21;26329;73074;372747;1423;418078;41631236;38761970;15250789;38353;16287083
FR;1;2021-12-22;24980;65869;310632;1216;349594;41656216;38827839;15561421;39569;16636677
FR;1;2021-12-23;21273;52260;241487;956;273032;41677489;38880099;15802908;40525;16909709
FR;1;2021-12-24;7126;18337;67156;258;77064;41684615;38898436;15870064;40783;16986773
FR;1;2021-12-25;507;2879;5588;15;6538;41685122;38901315;15875652;40798;16993311
FR;1;2021-12-26;2748;7581;26938;71;31456;41687870;38908896;15902590;40869;17024767
FR;1;2021-12-27;18308;53574;235116;705;265780;41706178;38962470;16137706;41574;17290547
FR;1;2021-12-28;23300;62020;292035;1026;330210;41729478;39024490;16429741;42600;17620757
FR;1;2021-12-29;22218;55521;255001;920;288223;41751696;39080011;16684742;43520;17908980
FR;1;2021-12-30;21241;46527;212164;858;239634;41772937;39126538;16896906;44378;18148614
FR;1;2021-12-31;7466;16578;61873;229;70411;41780403;39143116;16958779;44607;18219025
FR;1;2022-01-01;1156;2499;5660;30;6579;41781559;39145615;16964439;44637;18225604
FR;1;2022-01-02;3084;8076;28890;50;33528;41784643;39153691;16993329;44687;18259132
FR;1;2022-01-03;25025;54255;228238;789;257708;41809668;39207946;17221567;45476;18516840
FR;1;2022-01-04;26121;65083;299258;1238;337283;41835789;39273029;17520825;46714;18854123
FR;1;2022-01-05;30482;64331;274877;1099;310244;41866271;39337360;17795702;47813;19164367
FR;1;2022-01-06;26826;66251;306885;1399;346543;41893097;39403611;18102587;49212;19510910
FR;1;2022-01-07;31563;75068;349833;1538;393979;41924660;39478679;18452420;50750;19904889
FR;1;2022-01-08;23387;51403;222495;698;251119;41948047;39530082;18674915;51448;20156008
FR;1;2022-01-09;7090;17164;66025;163;76143;41955137;39547246;18740940;51611;20232151
FR;1;2022-01-10;21786;60693;236801;955;267617;41976923;39607939;18977741;52566;20499768
FR;1;2022-01-11;26760;63508;282286;1277;317819;42003683;39671447;19260027;53843;20817587
FR;1;2022-01-12;28953;62553;246261;1105;278047;42032636;39734000;19506288;54948;21095634
FR;1;2022-01-13;24777;60231;262799;1253;296126;42057413;39794231;19769087;56201;21391760
FR;1;2022-01-14;27967;66772;314008;1366;351268;42085380;39861003;20083095;57567;21743028
FR;1;2022-01-15;19362;44447;199310;619;223859;42104742;39905450;20282405;58186;21966887
FR;1;2022-01-16;5159;12993;51526;135;59563;42109901;39918443;20333931;58321;22026450
FR;1;2022-01-17;16866;39771;184827;781;206837;42126767;39958214;20518758;59102;22233287
FR;1;2022-01-18;19452;46015;212423;1154;237046;42146219;40004229;20731181;60256;22470333
FR;1;2022-01-19;20306;44013;176106;897;197189;42166525;40048242;20907287;61153;22667522
FR;1;2022-01-20;16839;40625;183679;1138;204744;42183364;40088867;21090966;62291;22872266
FR;1;2022-01-21;19913;47084;228958;1405;253353;42203277;40135951;21319924;63696;23125619
FR;1;2022-01-22;13842;33363;144493;578;161384;42217119;40169314;21464417;64274;23287003
FR;1;2022-01-23;3377;8776;33427;132;38321;42220496;40178090;21497844;64406;23325324
FR;1;2022-01-24;11805;33005;142212;710;158257;42232301;40211095;21640056;65116;23483581
FR;1;2022-01-25;14212;38219;163404;1048;181570;42246513;40249314;21803460;66164;23665151
FR;1;2022-01-26;14861;37711;150250;933;166355;42261374;40287025;21953710;67097;23831506
FR;1;2022-01-27;12339;33307;143451;889;158000;42273713;40320332;22097161;67986;23989506
FR;1;2022-01-28;16322;56987;198313;1143;222419;42290035;40377319;22295474;69129;24211925
FR;1;2022-01-29;10268;35503;135206;525;151549;42300303;40412822;22430680;69654;24363474
FR;1;2022-01-30;2484;9280;29681;86;34460;42302787;40422102;22460361;69740;24397934
FR;1;2022-01-31;8758;32507;104341;533;117372;42311545;40454609;22564702;70273;24515306
FR;1;2022-02-01;10992;36496;127072;865;141245;42322537;40491105;22691774;71138;24656551
FR;1;2022-02-02;12034;41619;130354;782;145841;42334571;40532724;22822128;71920;24802392
FR;1;2022-02-03;9259;34051;117012;784;130354;42343830;40566775;22939140;72704;24932746
FR;1;2022-02-04;11522;48374;172581;967;192766;42355352;40615149;23111721;73671;25125512
FR;1;2022-02-05;7995;33949;117584;391;133043;42363347;40649098;23229305;74062;25258555
FR;1;2022-02-06;1706;8005;22752;85;26908;42365053;40657103;23252057;74147;25285463
FR;1;2022-02-07;7327;35431;119099;459;134975;42372380;40692534;23371156;74606;25420438
FR;1;2022-02-08;7760;31949;125655;693;140643;42380140;40724483;23496811;75299;25561081
FR;1;2022-02-09;8653;36517;135251;699;152495;42388793;40761000;23632062;75998;25713576
FR;1;2022-02-10;7021;30079;116373;674;130161;42395814;40791079;23748435;76672;25843737
FR;1;2022-02-11;8656;41541;165135;878;185359;42404470;40832620;23913570;77550;26029096
FR;1;2022-02-12;5340;27605;106703;379;120888;42409810;40860225;24020273;77929;26149984
FR;1;2022-02-13;1259;5718;21717;66;25333;42411069;40865943;24041990;77995;26175317
FR;1;2022-02-14;5456;27219;118085;394;133112;42416525;40893162;24160075;78389;26308429
FR;1;2022-02-15;5787;28854;118922;611;132554;42422312;40922016;24278997;79000;26440983
FR;1;2022-02-16;5754;28479;110419;596;123050;42428066;40950495;24389416;79596;26564033
FR;1;2022-02-17;4613;19732;73141;487;80247;42432679;40970227;24462557;80083;26644280
FR;1;2022-02-18;5605;26787;99202;671;108162;42438284;40997014;24561759;80754;26752442
FR;1;2022-02-19;3549;17176;59478;304;66059;42441833;41014190;24621237;81058;26818501
FR;1;2022-02-20;791;3256;10705;36;12332;42442624;41017446;24631942;81094;26830833
FR;1;2022-02-21;3424;14588;52828;286;57675;42446048;41032034;24684770;81380;26888508
FR;1;2022-02-22;3795;15538;51913;500;55651;42449843;41047572;24736683;81880;26944159
FR;1;2022-02-23;4232;17820;57470;508;62571;42454075;41065392;24794153;82388;27006730
FR;1;2022-02-24;3342;13103;43613;436;46401;42457417;41078495;24837766;82824;27053131
FR;1;2022-02-25;4472;19900;64923;696;68794;42461889;41098395;24902689;83520;27121925
FR;1;2022-02-26;2693;12801;41369;310;45122;42464582;41111196;24944058;83830;27167047
FR;1;2022-02-27;644;2189;7127;42;7992;42465226;41113385;24951185;83872;27175039
FR;1;2022-02-28;2612;10482;34957;306;37383;42467838;41123867;24986142;84178;27212422
FR;1;2022-03-01;3574;10750;38700;391;39656;42471412;41134617;25024842;84569;27252078
FR;1;2022-03-02;3670;12180;41857;397;43926;42475082;41146797;25066699;84966;27296004
FR;1;2022-03-03;2453;7974;26177;326;26515;42477535;41154771;25092876;85292;27322519
FR;1;2022-03-04;2684;10471;35432;592;34926;42480219;41165242;25128308;85884;27357445
FR;1;2022-03-05;1820;6360;21966;280;22363;42482039;41171602;25150274;86164;27379808
FR;1;2022-03-06;358;955;2917;38;3120;42482397;41172557;25153191;86202;27382928
FR;1;2022-03-07;1749;4716;16436;245;15902;42484146;41177273;25169627;86447;27398830
FR;1;2022-03-08;1699;5254;17167;309;15995;42485845;41182527;25186794;86756;27414825
FR;1;2022-03-09;1986;6678;19806;370;19166;42487831;41189205;25206600;87126;27433991
FR;1;2022-03-10;1405;4993;15282;308;14322;42489236;41194198;25221882;87434;27448313
FR;1;2022-03-11;1753;6404;21706;484;19861;42490989;41200602;25243588;87918;27468174
FR;1;2022-03-12;1245;4651;15361;280;14911;42492234;41205253;25258949;88198;27483085
FR;1;2022-03-13;253;612;2120;119;2066;42492487;41205865;25261069;88317;27485151
FR;1;2022-03-14;1144;3677;13404;3879;12526;42493631;41209542;25274473;92196;27497677
FR;1;2022-03-15;1399;5738;14655;6861;13254;42495030;41215280;25289128;99057;27510931
FR;1;2022-03-16;1693;5078;17392;11518;16455;42496723;41220358;25306520;110575;27527386
FR;1;2022-03-17;1171;3439;11726;9648;10824;42497894;41223797;25318246;120223;27538210
FR;1;2022-03-18;1727;4928;17967;16504;16406;42499621;41228725;25336213;136727;27554616
FR;1;2022-03-19;1125;3299;11890;8455;11358;42500746;41232024;25348103;145182;27565974
FR;1;2022-03-20;224;559;1724;1014;1758;42500970;41232583;25349827;146196;27567732
FR;1;2022-03-21;1086;2763;11492;13448;10842;42502056;41235346;25361319;159644;27578574
FR;1;2022-03-22;1235;3209;12257;18705;11245;42503291;41238555;25373576;178349;27589819
FR;1;2022-03-23;1506;4348;16026;20112;15710;42504797;41242903;25389602;198461;27605529
FR;1;2022-03-24;1116;2750;10396;16051;9658;42505913;41245653;25399998;214512;27615187
FR;1;2022-03-25;1534;4357;16745;25299;15397;42507447;41250010;25416743;239811;27630584
FR;1;2022-03-26;1108;3012;10854;11450;10515;42508555;41253022;25427597;251261;27641099
FR;1;2022-03-27;233;546;1751;1381;1804;42508788;41253568;25429348;252642;27642903
FR;1;2022-03-28;1082;2483;9975;15883;9598;42509870;41256051;25439323;268525;27652501
FR;1;2022-03-29;1140;2740;11553;25103;10921;42511010;41258791;25450876;293628;27663422
FR;1;2022-03-30;1630;3593;14166;24213;13697;42512640;41262384;25465042;317841;27677119
FR;1;2022-03-31;1279;3011;11691;22666;11198;42513919;41265395;25476733;340507;27688317
FR;1;2022-04-01;2229;4019;18468;28517;17338;42516148;41269414;25495201;369024;27705655
FR;1;2022-04-02;909;1885;8190;9226;7939;42517057;41271299;25503391;378250;27713594
FR;1;2022-04-03;203;379;1432;1057;1433;42517260;41271678;25504823;379307;27715027
FR;1;2022-04-04;2130;2468;11367;17673;10756;42519390;41274146;25516190;396980;27725783
FR;1;2022-04-05;1977;2705;12999;31181;12022;42521367;41276851;25529189;428161;27737805
FR;1;2022-04-06;1780;2995;12202;23922;11632;42523147;41279846;25541391;452083;27749437
FR;1;2022-04-07;1389;2727;12349;31065;11813;42524536;41282573;25553740;483148;27761250
FR;1;2022-04-08;1622;3623;17557;40610;16468;42526158;41286196;25571297;523758;27777718
FR;1;2022-04-09;819;1994;8404;12499;8102;42526977;41288190;25579701;536257;27785820
FR;1;2022-04-10;200;619;1834;1853;1878;42527177;41288809;25581535;538110;27787698
FR;1;2022-04-11;1068;2240;10965;22331;10680;42528245;41291049;25592500;560441;27798378
FR;1;2022-04-12;1322;2623;12817;38114;12304;42529567;41293672;25605317;598555;27810682
FR;1;2022-04-13;1268;2863;12269;30613;12001;42530835;41296535;25617586;629168;27822683
FR;1;2022-04-14;1220;2544;12113;33616;12118;42532055;41299079;25629699;662784;27834801
FR;1;2022-04-15;1482;3106;14399;33259;13789;42533537;41302185;25644098;696043;27848590
FR;1;2022-04-16;658;1403;5843;7987;5768;42534195;41303588;25649941;704030;27854358
FR;1;2022-04-17;155;288;929;1120;974;42534350;41303876;25650870;705150;27855332
FR;1;2022-04-18;164;466;2634;1000;2658;42534514;41304342;25653504;706150;27857990
FR;1;2022-04-19;1247;2590;11783;27928;11513;42535761;41306932;25665287;734078;27869503
FR;1;2022-04-20;1342;2634;12175;26848;12015;42537103;41309566;25677462;760926;27881518
FR;1;2022-04-21;1239;2459;11540;33258;11750;42538342;41312025;25689002;794184;27893268
FR;1;2022-04-22;1511;3076;15211;35490;14790;42539853;41315101;25704213;829674;27908058
FR;1;2022-04-23;760;1580;6732;9891;6637;42540613;41316681;25710945;839565;27914695
FR;1;2022-04-24;196;373;1373;1520;1328;42540809;41317054;25712318;841085;27916023
FR;1;2022-04-25;1036;2130;9851;19692;9752;42541845;41319184;25722169;860777;27925775
FR;1;2022-04-26;1348;2621;12599;36562;12201;42543193;41321805;25734768;897339;27937976
FR;1;2022-04-27;1328;2404;10650;29198;10785;42544521;41324209;25745418;926537;27948761
FR;1;2022-04-28;1280;2399;11559;34265;11401;42545801;41326608;25756977;960802;27960162
FR;1;2022-04-29;1611;4260;14396;35522;13848;42547412;41330868;25771373;996324;27974010
FR;1;2022-04-30;829;1837;6446;9167;6288;42548241;41332705;25777819;1005491;27980298
FR;1;2022-05-01;177;286;829;948;822;42548418;41332991;25778648;1006439;27981120
FR;1;2022-05-02;1689;2595;10373;16911;10283;42550107;41335586;25789021;1023350;27991403
FR;1;2022-05-03;1576;2865;12701;32885;12593;42551683;41338451;25801722;1056235;28003996
FR;1;2022-05-04;1361;2736;11229;23800;11389;42553044;41341187;25812951;1080035;28015385
FR;1;2022-05-05;1471;2630;12176;31839;12100;42554515;41343817;25825127;1111874;28027485
FR;1;2022-05-06;1812;3229;14232;34911;13814;42556327;41347046;25839359;1146785;28041299
FR;1;2022-05-07;854;1470;5976;9090;6010;42557181;41348516;25845335;1155875;28047309
FR;1;2022-05-08;190;328;1059;1471;1121;42557371;41348844;25846394;1157346;28048430
FR;1;2022-05-09;1128;2008;9244;19259;9158;42558499;41350852;25855638;1176605;28057588
FR;1;2022-05-10;1479;2915;12611;37094;12210;42559978;41353767;25868249;1213699;28069798
FR;1;2022-05-11;1432;2463;9907;26016;9852;42561410;41356230;25878156;1239715;28079650
FR;1;2022-05-12;1315;2421;10514;33582;10215;42562725;41358651;25888670;1273297;28089865
FR;1;2022-05-13;1607;2799;12759;35730;12406;42564332;41361450;25901429;1309027;28102271
FR;1;2022-05-14;780;1318;5479;10214;5364;42565112;41362768;25906908;1319241;28107635
FR;1;2022-05-15;220;415;1182;1350;1251;42565332;41363183;25908090;1320591;28108886
FR;1;2022-05-16;968;1771;8070;20104;8123;42566300;41364954;25916160;1340695;28117009
FR;1;2022-05-17;1292;2292;11116;36168;10722;42567592;41367246;25927276;1376863;28127731
FR;1;2022-05-18;1306;2126;9035;25710;8986;42568898;41369372;25936311;1402573;28136717
FR;1;2022-05-19;1196;2392;9849;33987;9944;42570094;41371764;25946160;1436560;28146661
FR;1;2022-05-20;1561;2751;12525;37639;12108;42571655;41374515;25958685;1474199;28158769
FR;1;2022-05-21;774;1373;5246;9373;5164;42572429;41375888;25963931;1483572;28163933
FR;1;2022-05-22;191;292;949;1395;950;42572620;41376180;25964880;1484967;28164883
FR;1;2022-05-23;968;1881;8368;19405;8344;42573588;41378061;25973248;1504372;28173227
FR;1;2022-05-24;1284;2444;10718;37240;10585;42574872;41380505;25983966;1541612;28183812
FR;1;2022-05-25;1271;2292;8790;23670;8950;42576143;41382797;25992756;1565282;28192762
FR;1;2022-05-26;168;374;1580;1154;1575;42576311;41383171;25994336;1566436;28194337
FR;1;2022-05-27;1112;2179;8782;20450;8532;42577423;41385350;26003118;1586886;28202869
FR;1;2022-05-28;483;1048;3686;6536;3725;42577906;41386398;26006804;1593422;28206594
FR;1;2022-05-29;120;257;706;893;717;42578026;41386655;26007510;1594315;28207311
FR;1;2022-05-30;830;1728;6558;18531;6588;42578856;41388383;26014068;1612846;28213899
FR;1;2022-05-31;1267;2216;9241;34366;9110;42580123;41390599;26023309;1647212;28223009
FR;1;2022-06-01;1306;2591;10428;23447;10290;42581429;41393190;26033737;1670659;28233299
FR;1;2022-06-02;1221;2303;10664;34128;10241;42582650;41395493;26044401;1704787;28243540
FR;1;2022-06-03;1441;2730;12695;37093;12115;42584091;41398223;26057096;1741880;28255655
FR;1;2022-06-04;680;1261;4746;8675;4822;42584771;41399484;26061842;1750555;28260477
FR;1;2022-06-05;130;290;810;1048;832;42584901;41399774;26062652;1751603;28261309
FR;1;2022-06-06;421;1118;2019;1192;2034;42585322;41400892;26064671;1752795;28263343
FR;1;2022-06-07;1155;2317;9178;34038;8839;42586477;41403209;26073849;1786833;28272182
FR;1;2022-06-08;1111;2232;8668;27539;8548;42587588;41405441;26082517;1814372;28280730
FR;1;2022-06-09;1065;2144;9979;37552;9664;42588653;41407585;26092496;1851924;28290394
FR;1;2022-06-10;1333;2640;12393;43098;11969;42589986;41410225;26104889;1895022;28302363
FR;1;2022-06-11;657;1448;5137;11080;5185;42590643;41411673;26110026;1906102;28307548
FR;1;2022-06-12;152;372;1013;1683;1069;42590795;41412045;26111039;1907785;28308617
FR;1;2022-06-13;910;1827;7006;22219;6863;42591705;41413872;26118045;1930004;28315480
FR;1;2022-06-14;1086;2196;9837;42833;9239;42592791;41416068;26127882;1972837;28324719
FR;1;2022-06-15;1075;1989;8781;29364;8458;42593866;41418057;26136663;2002201;28333177
FR;1;2022-06-16;949;1830;9393;38464;8871;42594815;41419887;26146056;2040665;28342048
FR;1;2022-06-17;1217;2550;11872;44788;11357;42596032;41422437;26157928;2085453;28353405
FR;1;2022-06-18;560;1270;4316;10543;4254;42596592;41423707;26162244;2095996;28357659
FR;1;2022-06-19;137;325;1002;1543;1081;42596729;41424032;26163246;2097539;28358740
FR;1;2022-06-20;857;1698;8490;25036;8153;42597586;41425730;26171736;2122575;28366893
FR;1;2022-06-21;1100;2133;9759;47746;8849;42598686;41427863;26181495;2170321;28375742
FR;1;2022-06-22;1034;2053;8433;37132;7950;42599720;41429916;26189928;2207453;28383692
FR;1;2022-06-23;1050;2167;10119;52785;9404;42600770;41432083;26200047;2260238;28393096
FR;1;2022-06-24;1248;2703;12909;65936;11692;42602018;41434786;26212956;2326174;28404788
FR;1;2022-06-25;684;1502;5923;18916;5706;42602702;41436288;26218879;2345090;28410494
FR;1;2022-06-26;166;407;1818;3494;1713;42602868;41436695;26220697;2348584;28412207
FR;1;2022-06-27;938;1765;9901;45965;9126;42603806;41438460;26230598;2394549;28421333
FR;1;2022-06-28;1205;2568;13833;86523;12397;42605011;41441028;26244431;2481072;28433730
FR;1;2022-06-29;1238;2286;11480;67377;10546;42606249;41443314;26255911;2548449;28444276
FR;1;2022-06-30;1278;2446;13511;89950;11820;42607527;41445760;26269422;2638399;28456096
FR;1;2022-07-01;1633;3469;20301;109185;17960;42609160;41449229;26289723;2747584;28474056
FR;1;2022-07-02;765;1522;8018;33771;7249;42609925;41450751;26297741;2781355;28481305
FR;1;2022-07-03;226;479;1940;6115;1755;42610151;41451230;26299681;2787470;28483060
FR;1;2022-07-04;1358;2922;13911;75386;12333;42611509;41454152;26313592;2862856;28495393
FR;1;2022-07-05;1421;2803;17680;126336;15132;42612930;41456955;26331272;2989192;28510525
FR;1;2022-07-06;1347;2384;14879;93700;12898;42614277;41459339;26346151;3082892;28523423
FR;1;2022-07-07;1437;2530;16921;119456;13992;42615714;41461869;26363072;3202348;28537415
FR;1;2022-07-08;1526;2811;19604;129981;15965;42617240;41464680;26382676;3332329;28553380
FR;1;2022-07-09;660;1272;7302;36014;6345;42617900;41465952;26389978;3368343;28559725
FR;1;2022-07-10;236;494;2239;6687;2033;42618136;41466446;26392217;3375030;28561758
FR;1;2022-07-11;1208;2216;14313;84422;11928;42619344;41468662;26406530;3459452;28573686
FR;1;2022-07-12;1554;2774;19451;137385;15886;42620898;41471436;26425981;3596837;28589572
FR;1;2022-07-13;1410;2410;14779;89816;12625;42622308;41473846;26440760;3686653;28602197
FR;1;2022-07-14;159;344;1862;5285;1771;42622467;41474190;26442622;3691938;28603968
FR;1;2022-07-15;1255;2295;14359;80572;12002;42623722;41476485;26456981;3772510;28615970
FR;1;2022-07-16;505;1046;5637;23943;4891;42624227;41477531;26462618;3796453;28620861
FR;1;2022-07-17;158;363;1655;4460;1498;42624385;41477894;26464273;3800913;28622359
FR;1;2022-07-18;973;2025;11291;59267;9561;42625358;41479919;26475564;3860180;28631920
FR;1;2022-07-19;1227;2118;14686;99389;11719;42626585;41482037;26490250;3959569;28643639
FR;1;2022-07-20;1174;1990;12358;74338;10271;42627759;41484027;26502608;4033907;28653910
FR;1;2022-07-21;1126;1943;12405;84508;9985;42628885;41485970;26515013;4118415;28663895
FR;1;2022-07-22;1238;2203;14079;85863;11404;42630123;41488173;26529092;4204278;28675299
FR;1;2022-07-23;533;1084;5229;21291;4605;42630656;41489257;26534321;4225569;28679904
FR;1;2022-07-24;147;303;1325;3695;1165;42630803;41489560;26535646;4229264;28681069
FR;1;2022-07-25;884;1622;9068;46102;7514;42631687;41491182;26544714;4275366;28688583
FR;1;2022-07-26;1123;1955;12671;81936;10328;42632810;41493137;26557385;4357302;28698911
FR;1;2022-07-27;1013;1719;9743;58427;8118;42633823;41494856;26567128;4415729;28707029
FR;1;2022-07-28;979;1700;9849;61879;7842;42634802;41496556;26576977;4477608;28714871
FR;1;2022-07-29;1111;1806;10432;62900;8360;42635913;41498362;26587409;4540508;28723231
FR;1;2022-07-30;391;713;3344;14485;2846;42636304;41499075;26590753;4554993;28726077
FR;1;2022-07-31;138;263;900;2333;766;42636442;41499338;26591653;4557326;28726843
FR;1;2022-08-01;718;1312;7237;28957;6097;42637160;41500650;26598890;4586283;28732940
FR;1;2022-08-02;896;1466;8220;53995;6611;42638056;41502116;26607110;4640278;28739551
FR;1;2022-08-03;719;1091;6132;37028;4915;42638775;41503207;26613242;4677306;28744466
FR;1;2022-08-04;640;1073;6252;41408;5041;42639415;41504280;26619494;4718714;28749507
FR;1;2022-08-05;737;1189;6753;43028;5412;42640152;41505469;26626247;4761742;28754919
FR;1;2022-08-06;273;460;1990;8998;1671;42640425;41505929;26628237;4770740;28756590
FR;1;2022-08-07;88;143;520;1552;436;42640513;41506072;26628757;4772292;28757026
FR;1;2022-08-08;488;874;3790;21211;3119;42641001;41506946;26632547;4793503;28760145
FR;1;2022-08-09;607;1023;5673;38450;4546;42641608;41507969;26638220;4831953;28764691
FR;1;2022-08-10;530;1004;4431;26894;3627;42642138;41508973;26642651;4858847;28768318
FR;1;2022-08-11;537;909;4301;28185;3574;42642675;41509882;26646952;4887032;28771892
FR;1;2022-08-12;588;1018;4546;27156;3754;42643263;41510900;26651498;4914188;28775646
FR;1;2022-08-13;176;349;1247;5104;1062;42643439;41511249;26652745;4919292;28776708
FR;1;2022-08-14;64;114;275;871;234;42643503;41511363;26653020;4920163;28776942
FR;1;2022-08-15;74;159;566;540;526;42643577;41511522;26653586;4920703;28777468
FR;1;2022-08-16;522;927;3781;21477;3207;42644099;41512449;26657367;4942180;28780675
FR;1;2022-08-17;525;885;3762;22106;3188;42644624;41513334;26661129;4964286;28783863
FR;1;2022-08-18;539;875;3903;25421;3106;42645163;41514209;26665032;4989707;28786969
FR;1;2022-08-19;533;1032;4357;26508;3591;42645696;41515241;26669389;5016215;28790560
FR;1;2022-08-20;231;408;1285;5364;1101;42645927;41515649;26670674;5021579;28791661
FR;1;2022-08-21;81;110;281;988;249;42646008;41515759;26670955;5022567;28791910
FR;1;2022-08-22;471;875;3137;14942;2707;42646479;41516634;26674092;5037509;28794617
FR;1;2022-08-23;635;1053;4147;28309;3482;42647114;41517687;26678239;5065818;28798099
FR;1;2022-08-24;555;826;3395;19057;2764;42647669;41518513;26681634;5084875;28800863
FR;1;2022-08-25;560;920;3815;22908;3197;42648229;41519433;26685449;5107783;28804060
FR;1;2022-08-26;745;1120;4344;25148;3559;42648974;41520553;26689793;5132931;28807619
FR;1;2022-08-27;216;426;1322;5303;1190;42649190;41520979;26691115;5138234;28808809
FR;1;2022-08-28;111;144;298;894;279;42649301;41521123;26691413;5139128;28809088
FR;1;2022-08-29;502;852;2972;14223;2510;42649803;41521975;26694385;5153351;28811598
FR;1;2022-08-30;734;1093;4614;27691;3769;42650537;41523068;26698999;5181042;28815367
FR;1;2022-08-31;576;822;3099;17213;2609;42651113;41523890;26702098;5198255;28817976
FR;1;2022-09-01;665;906;4317;21851;3676;42651778;41524796;26706415;5220106;28821652
FR;1;2022-09-02;766;1037;4877;27857;4074;42652544;41525833;26711292;5247963;28825726
FR;1;2022-09-03;317;495;1829;5868;1585;42652861;41526328;26713121;5253831;28827311
FR;1;2022-09-04;106;136;341;842;334;42652967;41526464;26713462;5254673;28827645
FR;1;2022-09-05;567;645;3000;15682;2505;42653534;41527109;26716462;5270355;28830150
FR;1;2022-09-06;719;924;4548;31019;3689;42654253;41528033;26721010;5301374;28833839
FR;1;2022-09-07;536;682;2914;16436;2416;42654789;41528715;26723924;5317810;28836255
FR;1;2022-09-08;566;780;3689;24195;3031;42655355;41529495;26727613;5342005;28839286
FR;1;2022-09-09;762;961;4287;26824;3574;42656117;41530456;26731900;5368829;28842860
FR;1;2022-09-10;326;459;1670;5577;1471;42656443;41530915;26733570;5374406;28844331
FR;1;2022-09-11;105;118;309;644;290;42656548;41531033;26733879;5375050;28844621
FR;1;2022-09-12;447;567;2606;12929;2223;42656995;41531600;26736485;5387979;28846844
FR;1;2022-09-13;575;785;3853;25742;3329;42657570;41532385;26740338;5413721;28850173
FR;1;2022-09-14;568;689;2860;15684;2387;42658138;41533074;26743198;5429405;28852560
FR;1;2022-09-15;507;698;3320;23020;2799;42658645;41533772;26746518;5452425;28855359
FR;1;2022-09-16;713;922;4003;25276;3371;42659358;41534694;26750521;5477701;28858730
FR;1;2022-09-17;290;402;1389;5973;1213;42659648;41535096;26751910;5483674;28859943
FR;1;2022-09-18;97;120;310;922;278;42659745;41535216;26752220;5484596;28860221
FR;1;2022-09-19;364;557;2131;12833;1827;42660109;41535773;26754351;5497429;28862048
FR;1;2022-09-20;551;796;3648;25715;3049;42660660;41536569;26757999;5523144;28865097
FR;1;2022-09-21;469;677;2622;15860;2249;42661129;41537246;26760621;5539004;28867346
FR;1;2022-09-22;532;742;3265;22923;2664;42661661;41537988;26763886;5561927;28870010
FR;1;2022-09-23;749;922;4345;28115;3625;42662410;41538910;26768231;5590042;28873635
FR;1;2022-09-24;352;532;1581;6690;1363;42662762;41539442;26769812;5596732;28874998
FR;1;2022-09-25;79;149;321;1072;293;42662841;41539591;26770133;5597804;28875291
FR;1;2022-09-26;377;629;2166;13009;1921;42663218;41540220;26772299;5610813;28877212
FR;1;2022-09-27;537;753;3453;25002;2789;42663755;41540973;26775752;5635815;28880001
FR;1;2022-09-28;513;707;2439;14952;2206;42664268;41541680;26778191;5650767;28882207
FR;1;2022-09-29;501;684;2973;20323;2497;42664769;41542364;26781164;5671090;28884704
FR;1;2022-09-30;674;959;3765;24393;3145;42665443;41543323;26784929;5695483;28887849
FR;1;2022-10-01;330;537;1865;5493;1623;42665773;41543860;26786794;5700976;28889472
FR;1;2022-10-02;49;115;204;567;203;42665822;41543975;26786998;5701543;28889675
FR;1;2022-10-03;398;568;2165;10000;1908;42666220;41544543;26789163;5711543;28891583
FR;1;2022-10-04;539;671;2914;18909;2459;42666759;41545214;26792077;5730452;28894042
FR;1;2022-10-05;423;678;2075;11089;1849;42667182;41545892;26794152;5741541;28895891
FR;1;2022-10-06;437;597;2484;15759;2050;42667619;41546489;26796636;5757300;28897941
FR;1;2022-10-07;544;734;2684;16050;2300;42668163;41547223;26799320;5773350;28900241
FR;1;2022-10-08;231;303;884;3165;774;42668394;41547526;26800204;5776515;28901015
FR;1;2022-10-09;73;85;149;461;133;42668467;41547611;26800353;5776976;28901148
FR;1;2022-10-10;292;427;1304;4979;1222;42668759;41548038;26801657;5781955;28902370
FR;1;2022-10-11;316;425;1295;8019;1171;42669075;41548463;26802952;5789974;28903541
FR;1;2022-10-12;318;415;1041;5174;1038;42669393;41548878;26803993;5795148;28904579
FR;1;2022-10-13;315;376;1058;6042;911;42669708;41549254;26805051;5801190;28905490
FR;1;2022-10-14;400;517;1166;6700;1038;42670108;41549771;26806217;5807890;28906528
FR;1;2022-10-15;192;255;512;1853;492;42670300;41550026;26806729;5809743;28907020
FR;1;2022-10-16;46;58;106;290;113;42670346;41550084;26806835;5810033;28907133
FR;1;2022-10-17;226;313;731;2648;685;42670572;41550397;26807566;5812681;28907818
FR;1;2022-10-18;262;308;944;4573;822;42670834;41550705;26808510;5817254;28908640
FR;1;2022-10-19;270;354;685;3163;652;42671104;41551059;26809195;5820417;28909292
FR;1;2022-10-20;263;304;869;4321;758;42671367;41551363;26810064;5824738;28910050
FR;1;2022-10-21;297;397;835;3783;728;42671664;41551760;26810899;5828521;28910778
FR;1;2022-10-22;134;165;303;1237;297;42671798;41551925;26811202;5829758;28911075
FR;1;2022-10-23;29;33;64;196;58;42671827;41551958;26811266;5829954;28911133
FR;1;2022-10-24;266;221;469;1584;476;42672093;41552179;26811735;5831538;28911609
FR;1;2022-10-25;212;247;511;2625;435;42672305;41552426;26812246;5834163;28912044
FR;1;2022-10-26;231;237;383;1927;362;42672536;41552663;26812629;5836090;28912406
FR;1;2022-10-27;254;215;475;2150;489;42672790;41552878;26813104;5838240;28912895
FR;1;2022-10-28;302;301;508;2313;451;42673092;41553179;26813612;5840553;28913346
FR;1;2022-10-29;93;148;168;700;203;42673185;41553327;26813780;5841253;28913549
FR;1;2022-10-30;36;40;57;181;51;42673221;41553367;26813837;5841434;28913600
FR;1;2022-10-31;130;175;290;789;266;42673351;41553542;26814127;5842223;28913866
FR;1;2022-11-01;21;48;438;80;437;42673372;41553590;26814565;5842303;28914303
FR;1;2022-11-02;237;212;431;953;400;42673609;41553802;26814996;5843256;28914703
FR;1;2022-11-03;254;215;393;1362;351;42673863;41554017;26815389;5844618;28915054
FR;1;2022-11-04;217;244;353;1573;335;42674080;41554261;26815742;5846191;28915389
FR;1;2022-11-05;88;110;167;487;152;42674168;41554371;26815909;5846678;28915541
FR;1;2022-11-06;33;38;31;128;34;42674201;41554409;26815940;5846806;28915575
FR;1;2022-11-07;166;186;228;850;222;42674367;41554595;26816168;5847656;28915797
FR;1;2022-11-08;184;214;352;1652;304;42674551;41554809;26816520;5849308;28916101
FR;1;2022-11-09;173;196;297;1071;262;42674724;41555005;26816817;5850379;28916363
FR;1;2022-11-10;188;250;321;1648;331;42674912;41555255;26817138;5852027;28916694
FR;1;2022-11-11;19;27;57;96;45;42674931;41555282;26817195;5852123;28916739
FR;1;2022-11-12;76;95;123;360;118;42675007;41555377;26817318;5852483;28916857
FR;1;2022-11-13;16;20;16;62;20;42675023;41555397;26817334;5852545;28916877
FR;1;2022-11-14;159;162;217;723;217;42675182;41555559;26817551;5853268;28917094
FR;1;2022-11-15;193;187;249;1219;238;42675375;41555746;26817800;5854487;28917332
FR;1;2022-11-16;164;195;211;891;223;42675539;41555941;26818011;5855378;28917555
FR;1;2022-11-17;152;158;202;1115;180;42675691;41556099;26818213;5856493;28917735
FR;1;2022-11-18;213;232;273;1210;264;42675904;41556331;26818486;5857703;28917999
FR;1;2022-11-19;110;91;146;403;114;42676014;41556422;26818632;5858106;28918113
FR;1;2022-11-20;19;22;17;53;18;42676033;41556444;26818649;5858159;28918131
FR;1;2022-11-21;158;149;187;538;215;42676191;41556593;26818836;5858697;28918346
FR;2;2020-12-27;0;0;0;0;0;0;0;0;0;0
FR;2;2020-12-28;0;0;0;0;0;0;0;0;0;0
FR;2;2020-12-29;0;0;0;0;0;0;0;0;0;0
FR;2;2020-12-30;0;0;0;0;0;0;0;0;0;0
FR;2;2020-12-31;0;0;0;0;0;0;0;0;0;0
FR;2;2021-01-01;0;0;0;0;0;0;0;0;0;0
FR;2;2021-01-02;0;0;0;0;0;0;0;0;0;0
FR;2;2021-01-03;0;0;0;0;0;0;0;0;0;0
FR;2;2021-01-04;0;0;0;0;0;0;0;0;0;0
FR;2;2021-01-05;0;0;0;0;0;0;0;0;0;0
FR;2;2021-01-06;0;0;0;0;0;0;0;0;0;0
FR;2;2021-01-07;0;0;0;0;0;0;0;0;0;0
FR;2;2021-01-08;0;0;0;0;0;0;0;0;0;0
FR;2;2021-01-09;0;0;0;0;0;0;0;0;0;0
FR;2;2021-01-10;0;0;0;0;0;0;0;0;0;0
FR;2;2021-01-11;0;0;0;0;0;0;0;0;0;0
FR;2;2021-01-12;0;0;0;0;0;0;0;0;0;0
FR;2;2021-01-13;0;0;0;0;0;0;0;0;0;0
FR;2;2021-01-14;1654;0;0;0;0;1654;0;0;0;0
FR;2;2021-01-15;398;0;0;0;0;2052;0;0;0;0
FR;2;2021-01-16;316;0;0;0;0;2368;0;0;0;0
FR;2;2021-01-17;84;0;0;0;0;2452;0;0;0;0
FR;2;2021-01-18;3074;2;0;0;0;5526;2;0;0;0
FR;2;2021-01-19;4681;1;0;0;0;10207;3;0;0;0
FR;2;2021-01-20;5137;6;0;0;0;15344;9;0;0;0
FR;2;2021-01-21;5345;9;0;0;0;20689;18;0;0;0
FR;2;2021-01-22;5118;17;0;0;0;25807;35;0;0;0
FR;2;2021-01-23;1874;2;0;0;0;27681;37;0;0;0
FR;2;2021-01-24;163;2;0;0;0;27844;39;0;0;0
FR;2;2021-01-25;3814;3;0;0;0;31658;42;0;0;0
FR;2;2021-01-26;3925;5;0;0;0;35583;47;0;0;0
FR;2;2021-01-27;3603;4;0;0;0;39186;51;0;0;0
FR;2;2021-01-28;3755;8;0;0;0;42941;59;0;0;0
FR;2;2021-01-29;3297;4;0;0;0;46238;63;0;0;0
FR;2;2021-01-30;1133;3;0;0;0;47371;66;0;0;0
FR;2;2021-01-31;46;2;0;0;0;47417;68;0;0;0
FR;2;2021-02-01;3406;11;0;0;0;50823;79;0;0;0
FR;2;2021-02-02;4494;19;0;0;0;55317;98;0;0;0
FR;2;2021-02-03;5222;10;0;0;0;60539;108;0;0;0
FR;2;2021-02-04;4938;11;0;0;0;65477;119;0;0;0
FR;2;2021-02-05;4815;16;0;0;0;70292;135;0;0;0
FR;2;2021-02-06;2044;16;0;0;0;72336;151;0;0;0
FR;2;2021-02-07;103;4;0;0;0;72439;155;0;0;0
FR;2;2021-02-08;7557;25;0;0;0;79996;180;0;0;0
FR;2;2021-02-09;8429;28;0;0;0;88425;208;0;0;0
FR;2;2021-02-10;9343;61;0;0;0;97768;269;0;0;0
FR;2;2021-02-11;10290;125;0;0;0;108058;394;0;0;0
FR;2;2021-02-12;10060;273;0;0;0;118118;667;0;0;0
FR;2;2021-02-13;3120;225;0;0;0;121238;892;0;0;0
FR;2;2021-02-14;357;10;0;0;0;121595;902;0;0;0
FR;2;2021-02-15;3460;3115;0;0;0;125055;4017;0;0;0
FR;2;2021-02-16;5074;4131;0;0;0;130129;8148;0;0;0
FR;2;2021-02-17;4258;4538;0;0;0;134387;12686;0;0;0
FR;2;2021-02-18;5404;5167;0;0;0;139791;17853;0;0;0
FR;2;2021-02-19;5327;4470;0;0;0;145118;22323;0;0;0
FR;2;2021-02-20;1872;1519;0;0;0;146990;23842;0;0;0
FR;2;2021-02-21;244;96;0;0;0;147234;23938;0;0;0
FR;2;2021-02-22;3613;3771;0;0;0;150847;27709;0;0;0
FR;2;2021-02-23;4955;3732;0;0;0;155802;31441;0;0;0
FR;2;2021-02-24;5015;3537;0;0;0;160817;34978;0;0;0
FR;2;2021-02-25;5498;3480;0;0;0;166315;38458;0;0;0
FR;2;2021-02-26;4367;3170;0;0;0;170682;41628;0;0;0
FR;2;2021-02-27;1629;1064;0;0;0;172311;42692;0;0;0
FR;2;2021-02-28;179;17;0;0;0;172490;42709;0;0;0
FR;2;2021-03-01;5191;3760;0;0;0;177681;46469;0;0;0
FR;2;2021-03-02;6540;4722;0;0;0;184221;51191;0;0;0
FR;2;2021-03-03;6541;4950;0;0;0;190762;56141;0;0;0
FR;2;2021-03-04;8409;4182;0;0;0;199171;60323;0;0;0
FR;2;2021-03-05;8036;4050;0;0;0;207207;64373;0;0;0
FR;2;2021-03-06;4789;1682;0;0;0;211996;66055;0;0;0
FR;2;2021-03-07;2373;33;0;0;0;214369;66088;0;0;0
FR;2;2021-03-08;4166;8389;0;0;0;218535;74477;0;0;0
FR;2;2021-03-09;7491;8580;1;0;0;226026;83057;1;0;0
FR;2;2021-03-10;7105;9215;0;0;0;233131;92272;1;0;0
FR;2;2021-03-11;9376;9330;1;0;0;242507;101602;2;0;0
FR;2;2021-03-12;7981;8339;0;0;0;250488;109941;2;0;0
FR;2;2021-03-13;10055;2586;0;0;0;260543;112527;2;0;0
FR;2;2021-03-14;4841;384;0;0;0;265384;112911;2;0;0
FR;2;2021-03-15;10913;3476;0;0;0;276297;116387;2;0;0
FR;2;2021-03-16;16768;4683;1;0;0;293065;121070;3;0;0
FR;2;2021-03-17;20240;4003;0;0;0;313305;125073;3;0;0
FR;2;2021-03-18;23370;5103;0;0;0;336675;130176;3;0;0
FR;2;2021-03-19;23311;4658;0;0;0;359986;134834;3;0;0
FR;2;2021-03-20;25452;1577;0;0;0;385438;136411;3;0;0
FR;2;2021-03-21;17671;154;0;0;0;403109;136565;3;0;0
FR;2;2021-03-22;17788;3246;0;0;0;420897;139811;3;0;0
FR;2;2021-03-23;22701;4267;0;0;0;443598;144078;3;0;0
FR;2;2021-03-24;23960;5042;0;0;0;467558;149120;3;0;0
FR;2;2021-03-25;26754;5249;1;0;0;494312;154369;4;0;0
FR;2;2021-03-26;26988;4231;0;0;0;521300;158600;4;0;0
FR;2;2021-03-27;15920;1349;0;0;0;537220;159949;4;0;0
FR;2;2021-03-28;10562;123;0;0;0;547782;160072;4;0;0
FR;2;2021-03-29;18996;4319;0;0;0;566778;164391;4;0;0
FR;2;2021-03-30;24589;6090;0;0;0;591367;170481;4;0;0
FR;2;2021-03-31;28560;5924;0;0;0;619927;176405;4;0;0
FR;2;2021-04-01;34552;8565;1;0;0;654479;184970;5;0;0
FR;2;2021-04-02;29987;7712;0;0;0;684466;192682;5;0;0
FR;2;2021-04-03;16955;4163;0;0;0;701421;196845;5;0;0
FR;2;2021-04-04;9306;1226;2;0;0;710727;198071;7;0;0
FR;2;2021-04-05;12445;799;0;0;0;723172;198870;7;0;0
FR;2;2021-04-06;27156;7254;0;0;0;750328;206124;7;0;0
FR;2;2021-04-07;30931;7095;1;0;0;781259;213219;8;0;0
FR;2;2021-04-08;36894;8603;1;0;0;818153;221822;9;0;0
FR;2;2021-04-09;33849;8411;28;0;0;852002;230233;37;0;0
FR;2;2021-04-10;19688;9242;1;0;0;871690;239475;38;0;0
FR;2;2021-04-11;7942;4240;1;0;0;879632;243715;39;0;0
FR;2;2021-04-12;17128;11025;0;0;0;896760;254740;39;0;0
FR;2;2021-04-13;19459;16042;1;0;0;916219;270782;40;0;0
FR;2;2021-04-14;18070;16418;7;0;0;934289;287200;47;0;0
FR;2;2021-04-15;22200;21632;27;0;0;956489;308832;74;0;0
FR;2;2021-04-16;20713;20492;45;0;0;977202;329324;119;0;0
FR;2;2021-04-17;13257;22480;5;0;0;990459;351804;124;0;0
FR;2;2021-04-18;5911;14402;6;0;0;996370;366206;130;0;0
FR;2;2021-04-19;16846;16372;24;0;0;1013216;382578;154;0;0
FR;2;2021-04-20;19324;21722;38;0;0;1032540;404300;192;0;0
FR;2;2021-04-21;20291;21805;76;0;0;1052831;426105;268;0;0
FR;2;2021-04-22;23819;24937;41;0;0;1076650;451042;309;0;0
FR;2;2021-04-23;24528;25431;76;0;0;1101178;476473;385;0;0
FR;2;2021-04-24;25304;15059;104;0;0;1126482;491532;489;0;0
FR;2;2021-04-25;9596;8612;5;0;0;1136078;500144;494;0;0
FR;2;2021-04-26;17164;17533;21;0;0;1153242;517677;515;0;0
FR;2;2021-04-27;19244;24131;40;0;0;1172486;541808;555;0;0
FR;2;2021-04-28;22339;26380;112;0;0;1194825;568188;667;0;0
FR;2;2021-04-29;25472;30352;69;0;0;1220297;598540;736;0;0
FR;2;2021-04-30;25533;27901;49;1;0;1245830;626441;785;1;0
FR;2;2021-05-01;14987;9854;6;0;0;1260817;636295;791;1;0
FR;2;2021-05-02;6640;9171;2;0;0;1267457;645466;793;1;0
FR;2;2021-05-03;20021;19160;40;0;0;1287478;664626;833;1;0
FR;2;2021-05-04;18285;29153;33;0;0;1305763;693779;866;1;0
FR;2;2021-05-05;18379;29449;48;0;0;1324142;723228;914;1;0
FR;2;2021-05-06;23547;35364;132;0;0;1347689;758592;1046;1;0
FR;2;2021-05-07;25336;33239;97;0;0;1373025;791831;1143;1;0
FR;2;2021-05-08;21342;10414;14;0;0;1394367;802245;1157;1;0
FR;2;2021-05-09;13167;7693;7;0;0;1407534;809938;1164;1;0
FR;2;2021-05-10;32942;21829;50;0;0;1440476;831767;1214;1;0
FR;2;2021-05-11;43608;20941;101;0;0;1484084;852708;1315;1;0
FR;2;2021-05-12;50056;19689;143;0;0;1534140;872397;1458;1;0
FR;2;2021-05-13;51297;5654;31;0;0;1585437;878051;1489;1;0
FR;2;2021-05-14;61355;12883;132;0;0;1646792;890934;1621;1;0
FR;2;2021-05-15;65934;7113;39;0;0;1712726;898047;1660;1;0
FR;2;2021-05-16;43586;2572;10;0;0;1756312;900619;1670;1;0
FR;2;2021-05-17;44752;12477;114;0;0;1801064;913096;1784;1;0
FR;2;2021-05-18;54645;12281;191;0;0;1855709;925377;1975;1;0
FR;2;2021-05-19;57176;10512;281;0;0;1912885;935889;2256;1;0
FR;2;2021-05-20;63442;10804;288;0;0;1976327;946693;2544;1;0
FR;2;2021-05-21;64299;11619;230;0;0;2040626;958312;2774;1;0
FR;2;2021-05-22;61487;4523;65;0;0;2102113;962835;2839;1;0
FR;2;2021-05-23;37534;575;22;0;0;2139647;963410;2861;1;0
FR;2;2021-05-24;17244;2045;35;0;0;2156891;965455;2896;1;0
FR;2;2021-05-25;21116;12232;240;0;0;2178007;977687;3136;1;0
FR;2;2021-05-26;19940;11509;230;0;0;2197947;989196;3366;1;0
FR;2;2021-05-27;22997;12657;182;0;0;2220944;1001853;3548;1;0
FR;2;2021-05-28;29394;15002;190;0;0;2250338;1016855;3738;1;0
FR;2;2021-05-29;30422;8191;57;0;0;2280760;1025046;3795;1;0
FR;2;2021-05-30;4647;1817;6;0;0;2285407;1026863;3801;1;0
FR;2;2021-05-31;28589;18743;184;0;0;2313996;1045606;3985;1;0
FR;2;2021-06-01;45734;19924;224;0;0;2359730;1065530;4209;1;0
FR;2;2021-06-02;37476;19280;182;0;0;2397206;1084810;4391;1;0
FR;2;2021-06-03;51278;23160;161;0;0;2448484;1107970;4552;1;0
FR;2;2021-06-04;65512;24083;217;0;0;2513996;1132053;4769;1;0
FR;2;2021-06-05;34601;24084;52;0;0;2548597;1156137;4821;1;0
FR;2;2021-06-06;4956;6194;10;0;0;2553553;1162331;4831;1;0
FR;2;2021-06-07;28174;23015;150;0;0;2581727;1185346;4981;1;0
FR;2;2021-06-08;46377;22927;143;0;0;2628104;1208273;5124;1;0
FR;2;2021-06-09;34292;20957;107;0;0;2662396;1229230;5231;1;0
FR;2;2021-06-10;42641;19121;95;1;0;2705037;1248351;5326;2;0
FR;2;2021-06-11;55300;25157;134;0;0;2760337;1273508;5460;2;0
FR;2;2021-06-12;30561;19783;53;0;0;2790898;1293291;5513;2;0
FR;2;2021-06-13;3331;9194;13;0;0;2794229;1302485;5526;2;0
FR;2;2021-06-14;25300;24116;92;0;0;2819529;1326601;5618;2;0
FR;2;2021-06-15;39047;22827;154;0;0;2858576;1349428;5772;2;0
FR;2;2021-06-16;30164;21385;135;0;0;2888740;1370813;5907;2;0
FR;2;2021-06-17;36912;25801;150;0;0;2925652;1396614;6057;2;0
FR;2;2021-06-18;46859;28858;123;0;0;2972511;1425472;6180;2;0
FR;2;2021-06-19;24525;24912;39;0;0;2997036;1450384;6219;2;0
FR;2;2021-06-20;3745;10060;9;0;0;3000781;1460444;6228;2;0
FR;2;2021-06-21;17529;42844;88;0;0;3018310;1503288;6316;2;0
FR;2;2021-06-22;28361;49580;110;0;0;3046671;1552868;6426;2;0
FR;2;2021-06-23;21790;49594;107;1;1;3068461;1602462;6533;3;1
FR;2;2021-06-24;28377;50295;134;0;0;3096838;1652757;6667;3;1
FR;2;2021-06-25;33400;60420;128;0;0;3130238;1713177;6795;3;1
FR;2;2021-06-26;16388;59314;54;1;0;3146626;1772491;6849;4;1
FR;2;2021-06-27;2566;29313;22;1;0;3149192;1801804;6871;5;1
FR;2;2021-06-28;12640;54329;84;0;0;3161832;1856133;6955;5;1
FR;2;2021-06-29;19857;59953;178;0;0;3181689;1916086;7133;5;1
FR;2;2021-06-30;16331;57986;253;17;0;3198020;1974072;7386;22;1
FR;2;2021-07-01;20491;59880;228;0;0;3218511;2033952;7614;22;1
FR;2;2021-07-02;24081;62145;184;0;0;3242592;2096097;7798;22;1
FR;2;2021-07-03;12119;57116;153;0;0;3254711;2153213;7951;22;1
FR;2;2021-07-04;1960;23308;18;0;0;3256671;2176521;7969;22;1
FR;2;2021-07-05;9177;29312;106;0;0;3265848;2205833;8075;22;1
FR;2;2021-07-06;14582;36240;135;0;0;3280430;2242073;8210;22;1
FR;2;2021-07-07;14414;33665;139;0;0;3294844;2275738;8349;22;1
FR;2;2021-07-08;19722;40309;162;0;0;3314566;2316047;8511;22;1
FR;2;2021-07-09;27103;54315;202;1;0;3341669;2370362;8713;23;1
FR;2;2021-07-10;13386;33700;107;0;0;3355055;2404062;8820;23;1
FR;2;2021-07-11;1810;4352;16;0;0;3356865;2408414;8836;23;1
FR;2;2021-07-12;12971;37294;119;0;0;3369836;2445708;8955;23;1
FR;2;2021-07-13;37114;53181;152;0;0;3406950;2498889;9107;23;1
FR;2;2021-07-14;6626;3542;15;0;0;3413576;2502431;9122;23;1
FR;2;2021-07-15;47242;47026;156;0;0;3460818;2549457;9278;23;1
FR;2;2021-07-16;64316;55792;188;0;0;3525134;2605249;9466;23;1
FR;2;2021-07-17;31600;23927;96;0;0;3556734;2629176;9562;23;1
FR;2;2021-07-18;6088;4830;19;0;0;3562822;2634006;9581;23;1
FR;2;2021-07-19;33004;28627;94;0;0;3595826;2662633;9675;23;1
FR;2;2021-07-20;51999;44530;155;0;0;3647825;2707163;9830;23;1
FR;2;2021-07-21;45255;34684;93;0;0;3693080;2741847;9923;23;1
FR;2;2021-07-22;56280;41081;128;1;0;3749360;2782928;10051;24;1
FR;2;2021-07-23;68298;48991;170;0;0;3817658;2831919;10221;24;1
FR;2;2021-07-24;36177;21604;82;0;0;3853835;2853523;10303;24;1
FR;2;2021-07-25;6749;2615;10;0;0;3860584;2856138;10313;24;1
FR;2;2021-07-26;36318;22375;91;1;0;3896902;2878513;10404;25;1
FR;2;2021-07-27;62387;34587;180;0;0;3959289;2913100;10584;25;1
FR;2;2021-07-28;55320;26433;132;0;0;4014609;2939533;10716;25;1
FR;2;2021-07-29;68479;32797;189;0;0;4083088;2972330;10905;25;1
FR;2;2021-07-30;74464;37804;222;1;0;4157552;3010134;11127;26;1
FR;2;2021-07-31;34772;16202;105;0;0;4192324;3026336;11232;26;1
FR;2;2021-08-01;5414;2258;19;0;0;4197738;3028594;11251;26;1
FR;2;2021-08-02;35884;16179;101;0;0;4233622;3044773;11352;26;1
FR;2;2021-08-03;55985;28277;142;0;0;4289607;3073050;11494;26;1
FR;2;2021-08-04;46636;20840;128;1;0;4336243;3093890;11622;27;1
FR;2;2021-08-05;54637;31566;215;0;0;4390880;3125456;11837;27;1
FR;2;2021-08-06;58094;42396;242;1;0;4448974;3167852;12079;28;1
FR;2;2021-08-07;25149;17625;89;0;0;4474123;3185477;12168;28;1
FR;2;2021-08-08;3838;3652;21;0;0;4477961;3189129;12189;28;1
FR;2;2021-08-09;29307;21061;92;0;0;4507268;3210190;12281;28;1
FR;2;2021-08-10;45009;33480;155;0;0;4552277;3243670;12436;28;1
FR;2;2021-08-11;35275;25149;151;0;0;4587552;3268819;12587;28;1
FR;2;2021-08-12;41904;35699;163;0;0;4629456;3304518;12750;28;1
FR;2;2021-08-13;42606;37277;218;0;0;4672062;3341795;12968;28;1
FR;2;2021-08-14;18524;22160;94;0;0;4690586;3363955;13062;28;1
FR;2;2021-08-15;3856;3803;17;0;0;4694442;3367758;13079;28;1
FR;2;2021-08-16;25093;27137;111;0;0;4719535;3394895;13190;28;1
FR;2;2021-08-17;38261;43411;205;2;0;4757796;3438306;13395;30;1
FR;2;2021-08-18;32254;36361;195;1;1;4790050;3474667;13590;31;2
FR;2;2021-08-19;37434;46575;224;0;0;4827484;3521242;13814;31;2
FR;2;2021-08-20;40568;55642;271;1;0;4868052;3576884;14085;32;2
FR;2;2021-08-21;18121;24305;116;0;0;4886173;3601189;14201;32;2
FR;2;2021-08-22;2907;4328;22;1;1;4889080;3605517;14223;33;3
FR;2;2021-08-23;19248;35154;131;1;0;4908328;3640671;14354;34;3
FR;2;2021-08-24;31949;56051;236;0;0;4940277;3696722;14590;34;3
FR;2;2021-08-25;25934;43455;250;0;0;4966211;3740177;14840;34;3
FR;2;2021-08-26;32362;55820;388;0;0;4998573;3795997;15228;34;3
FR;2;2021-08-27;37003;65672;477;2;0;5035576;3861669;15705;36;3
FR;2;2021-08-28;17819;28532;300;0;0;5053395;3890201;16005;36;3
FR;2;2021-08-29;2656;5017;47;0;0;5056051;3895218;16052;36;3
FR;2;2021-08-30;18416;37733;400;0;760;5074467;3932951;16452;36;763
FR;2;2021-08-31;28076;57505;887;4;1551;5102543;3990456;17339;40;2314
FR;2;2021-09-01;21593;39871;1309;0;2118;5124136;4030327;18648;40;4432
FR;2;2021-09-02;25485;48660;1962;2;3351;5149621;4078987;20610;42;7783
FR;2;2021-09-03;33411;64547;2988;3;4874;5183032;4143534;23598;45;12657
FR;2;2021-09-04;16832;27753;1442;1;2380;5199864;4171287;25040;46;15037
FR;2;2021-09-05;2262;3602;266;0;412;5202126;4174889;25306;46;15449
FR;2;2021-09-06;14043;28707;1770;1;2943;5216169;4203596;27076;47;18392
FR;2;2021-09-07;21107;41098;3021;13;4922;5237276;4244694;30097;60;23314
FR;2;2021-09-08;17248;31918;2736;6;4497;5254524;4276612;32833;66;27811
FR;2;2021-09-09;20980;40478;4437;3;6819;5275504;4317090;37270;69;34630
FR;2;2021-09-10;28201;51276;5285;4;8936;5303705;4368366;42555;73;43566
FR;2;2021-09-11;13654;22439;2404;5;3978;5317359;4390805;44959;78;47544
FR;2;2021-09-12;1824;2779;292;0;513;5319183;4393584;45251;78;48057
FR;2;2021-09-13;11659;21443;2473;4;4037;5330842;4415027;47724;82;52094
FR;2;2021-09-14;18575;32741;5090;13;9057;5349417;4447768;52814;95;61151
FR;2;2021-09-15;14914;28252;5169;3;7760;5364331;4476020;57983;98;68911
FR;2;2021-09-16;16079;32785;6737;12;10537;5380410;4508805;64720;110;79448
FR;2;2021-09-17;20915;47144;8780;10;14611;5401325;4555949;73500;120;94059
FR;2;2021-09-18;9857;20964;3803;6;6034;5411182;4576913;77303;126;100093
FR;2;2021-09-19;1166;2599;396;0;633;5412348;4579512;77699;126;100726
FR;2;2021-09-20;7499;18720;3855;7;6142;5419847;4598232;81554;133;106868
FR;2;2021-09-21;11214;29999;6495;5;10745;5431061;4628231;88049;138;117613
FR;2;2021-09-22;9410;23536;5490;6;8515;5440471;4651767;93539;144;126128
FR;2;2021-09-23;10729;28898;7881;10;12648;5451200;4680665;101420;154;138776
FR;2;2021-09-24;15073;42932;10876;18;17239;5466273;4723597;112296;172;156015
FR;2;2021-09-25;7258;18784;3965;9;6111;5473531;4742381;116261;181;162126
FR;2;2021-09-26;1079;2550;495;0;630;5474610;4744931;116756;181;162756
FR;2;2021-09-27;6313;16414;4285;8;6535;5480923;4761345;121041;189;169291
FR;2;2021-09-28;9241;25558;7769;14;12080;5490164;4786903;128810;203;181371
FR;2;2021-09-29;8082;20204;6067;25;9259;5498246;4807107;134877;228;190630
FR;2;2021-09-30;9864;25835;9507;16;14105;5508110;4832942;144384;244;204735
FR;2;2021-10-01;13976;35721;12918;25;19311;5522086;4868663;157302;269;224046
FR;2;2021-10-02;6873;15924;4850;7;7039;5528959;4884587;162152;276;231085
FR;2;2021-10-03;841;1916;492;1;503;5529800;4886503;162644;277;231588
FR;2;2021-10-04;5825;13901;5515;5;7853;5535625;4900404;168159;282;239441
FR;2;2021-10-05;9058;22552;11123;19;15734;5544683;4922956;179282;301;255175
FR;2;2021-10-06;7783;17744;8242;11;11080;5552466;4940700;187524;312;266255
FR;2;2021-10-07;9203;22203;12384;14;16865;5561669;4962903;199908;326;283120
FR;2;2021-10-08;13431;32110;17350;27;23589;5575100;4995013;217258;353;306709
FR;2;2021-10-09;6000;12838;6044;6;7894;5581100;5007851;223302;359;314603
FR;2;2021-10-10;885;1602;436;2;609;5581985;5009453;223738;361;315212
FR;2;2021-10-11;5607;11559;6455;17;8832;5587592;5021012;230193;378;324044
FR;2;2021-10-12;8030;17791;12550;13;16779;5595622;5038803;242743;391;340823
FR;2;2021-10-13;6944;14858;10255;12;13642;5602566;5053661;252998;403;354465
FR;2;2021-10-14;8314;17941;14996;13;19471;5610880;5071602;267994;416;373936
FR;2;2021-10-15;11855;26304;20903;26;27972;5622735;5097906;288897;442;401908
FR;2;2021-10-16;5140;8736;1819;0;3218;5627875;5106642;290716;442;405126
FR;2;2021-10-17;651;1156;184;0;361;5628526;5107798;290900;442;405487
FR;2;2021-10-18;4562;7355;665;2;1640;5633088;5115153;291565;444;407127
FR;2;2021-10-19;6238;9859;732;5;2037;5639326;5125012;292297;449;409164
FR;2;2021-10-20;5170;8062;758;3;1678;5644496;5133074;293055;452;410842
FR;2;2021-10-21;6090;9974;780;5;2103;5650586;5143048;293835;457;412945
FR;2;2021-10-22;8451;14598;1148;4;2887;5659037;5157646;294983;461;415832
FR;2;2021-10-23;3845;5994;587;0;1235;5662882;5163640;295570;461;417067
FR;2;2021-10-24;494;886;101;0;205;5663376;5164526;295671;461;417272
FR;2;2021-10-25;3359;5348;307;1;825;5666735;5169874;295978;462;418097
FR;2;2021-10-26;4176;7245;1132;4;2022;5670911;5177119;297110;466;420119
FR;2;2021-10-27;3676;6601;1193;5;1994;5674587;5183720;298303;471;422113
FR;2;2021-10-28;4598;7695;1734;3;2748;5679185;5191415;300037;474;424861
FR;2;2021-10-29;5413;11086;2437;4;3682;5684598;5202501;302474;478;428543
FR;2;2021-10-30;2749;4445;976;1;1437;5687347;5206946;303450;479;429980
FR;2;2021-10-31;364;533;139;1;190;5687711;5207479;303589;480;430170
FR;2;2021-11-01;428;548;181;0;267;5688139;5208027;303770;480;430437
FR;2;2021-11-02;3293;6758;1183;0;1762;5691432;5214785;304953;480;432199
FR;2;2021-11-03;3340;6233;1388;2;1969;5694772;5221018;306341;482;434168
FR;2;2021-11-04;3986;7078;1768;4;2496;5698758;5228096;308109;486;436664
FR;2;2021-11-05;5234;10503;2867;5;3958;5703992;5238599;310976;491;440622
FR;2;2021-11-06;2596;4680;1403;0;1817;5706588;5243279;312379;491;442439
FR;2;2021-11-07;506;865;220;0;289;5707094;5244144;312599;491;442728
FR;2;2021-11-08;2578;5350;1204;3;1677;5709672;5249494;313803;494;444405
FR;2;2021-11-09;2749;6915;2402;5;3180;5712421;5256409;316205;499;447585
FR;2;2021-11-10;2590;5675;5113;6;6286;5715011;5262084;321318;505;453871
FR;2;2021-11-11;444;754;749;2;933;5715455;5262838;322067;507;454804
FR;2;2021-11-12;2953;8088;8973;8;10912;5718408;5270926;331040;515;465716
FR;2;2021-11-13;1539;3381;3870;7;4542;5719947;5274307;334910;522;470258
FR;2;2021-11-14;257;591;351;1;482;5720204;5274898;335261;523;470740
FR;2;2021-11-15;1622;3665;4447;8;5329;5721826;5278563;339708;531;476069
FR;2;2021-11-16;2184;5892;8309;14;10079;5724010;5284455;348017;545;486148
FR;2;2021-11-17;1741;4530;6630;8;7852;5725751;5288985;354647;553;494000
FR;2;2021-11-18;2192;5933;9184;10;11018;5727943;5294918;363831;563;505018
FR;2;2021-11-19;2700;7772;12975;19;15479;5730643;5302690;376806;582;520497
FR;2;2021-11-20;1566;3336;5180;5;6090;5732209;5306026;381986;587;526587
FR;2;2021-11-21;249;510;541;0;660;5732458;5306536;382527;587;527247
FR;2;2021-11-22;1278;2586;4481;5;5403;5733736;5309122;387008;592;532650
FR;2;2021-11-23;1617;4288;8200;9;9911;5735353;5313410;395208;601;542561
FR;2;2021-11-24;1419;3756;7478;14;8727;5736772;5317166;402686;615;551288
FR;2;2021-11-25;1813;4876;11473;21;13667;5738585;5322042;414159;636;564955
FR;2;2021-11-26;2541;7749;22671;31;26081;5741126;5329791;436830;667;591036
FR;2;2021-11-27;1497;4154;12272;18;14030;5742623;5333945;449102;685;605066
FR;2;2021-11-28;292;836;1973;3;2297;5742915;5334781;451075;688;607363
FR;2;2021-11-29;1447;4359;15091;23;17258;5744362;5339140;466166;711;624621
FR;2;2021-11-30;1912;6667;26244;36;29996;5746274;5345807;492410;747;654617
FR;2;2021-12-01;1916;6047;26203;31;29520;5748190;5351854;518613;778;684137
FR;2;2021-12-02;1914;6794;37717;52;41966;5750104;5358648;556330;830;726103
FR;2;2021-12-03;2556;10092;53626;111;59371;5752660;5368740;609956;941;785474
FR;2;2021-12-04;1849;6293;37119;38;40813;5754509;5375033;647075;979;826287
FR;2;2021-12-05;458;2250;14262;14;15990;5754967;5377283;661337;993;842277
FR;2;2021-12-06;2486;9874;77717;109;84771;5757453;5387157;739054;1102;927048
FR;2;2021-12-07;3454;15313;122453;238;133776;5760907;5402470;861507;1340;1060824
FR;2;2021-12-08;3725;16005;133203;330;145393;5764632;5418475;994710;1670;1206217
FR;2;2021-12-09;4546;19639;170225;555;185612;5769178;5438114;1164935;2225;1391829
FR;2;2021-12-10;4675;22833;188687;490;206174;5773853;5460947;1353622;2715;1598003
FR;2;2021-12-11;3686;16632;132448;239;144898;5777539;5477579;1486070;2954;1742901
FR;2;2021-12-12;1257;7126;59103;83;65154;5778796;5484705;1545173;3037;1808055
FR;2;2021-12-13;5529;26837;220705;605;243002;5784325;5511542;1765878;3642;2051057
FR;2;2021-12-14;7017;37468;300791;908;332238;5791342;5549010;2066669;4550;2383295
FR;2;2021-12-15;6557;36246;285239;957;315873;5797899;5585256;2351908;5507;2699168
FR;2;2021-12-16;7764;37934;312153;979;343779;5805663;5623190;2664061;6486;3042947
FR;2;2021-12-17;8681;41208;327891;976;360961;5814344;5664398;2991952;7462;3403908
FR;2;2021-12-18;6514;26557;212353;448;233668;5820858;5690955;3204305;7910;3637576
FR;2;2021-12-19;2602;11424;90216;182;100350;5823460;5702379;3294521;8092;3737926
FR;2;2021-12-20;9546;33554;275232;706;303382;5833006;5735933;3569753;8798;4041308
FR;2;2021-12-21;11564;38325;309637;968;341437;5844570;5774258;3879390;9766;4382745
FR;2;2021-12-22;10459;32796;265118;952;292475;5855029;5807054;4144508;10718;4675220
FR;2;2021-12-23;9426;26677;199511;701;221298;5864455;5833731;4344019;11419;4896518
FR;2;2021-12-24;2783;7482;43860;140;49563;5867238;5841213;4387879;11559;4946081
FR;2;2021-12-25;201;681;2002;10;2484;5867439;5841894;4389881;11569;4948565
FR;2;2021-12-26;1320;4210;25157;71;28682;5868759;5846104;4415038;11640;4977247
FR;2;2021-12-27;8077;29919;218418;659;243344;5876836;5876023;4633456;12299;5220591
FR;2;2021-12-28;9837;36320;272100;742;302004;5886673;5912343;4905556;13041;5522595
FR;2;2021-12-29;9497;32253;246136;765;272691;5896170;5944596;5151692;13806;5795286
FR;2;2021-12-30;9461;28091;208832;663;231452;5905631;5972687;5360524;14469;6026738
FR;2;2021-12-31;3010;8350;54990;176;61237;5908641;5981037;5415514;14645;6087975
FR;2;2022-01-01;230;691;2857;7;3354;5908871;5981728;5418371;14652;6091329
FR;2;2022-01-02;1504;4854;29518;75;33407;5910375;5986582;5447889;14727;6124736
FR;2;2022-01-03;9598;35408;266535;806;293914;5919973;6021990;5714424;15533;6418650
FR;2;2022-01-04;12854;45410;342093;1068;377023;5932827;6067400;6056517;16601;6795673
FR;2;2022-01-05;11273;38648;294198;884;323845;5944100;6106048;6350715;17485;7119518
FR;2;2022-01-06;13654;43494;331950;1298;364744;5957754;6149542;6682665;18783;7484262
FR;2;2022-01-07;14225;47643;361104;1270;396462;5971979;6197185;7043769;20053;7880724
FR;2;2022-01-08;7947;28147;201263;515;221701;5979926;6225332;7245032;20568;8102425
FR;2;2022-01-09;2749;8970;62524;137;69503;5982675;6234302;7307556;20705;8171928
FR;2;2022-01-10;10098;31910;232485;858;255055;5992773;6266212;7540041;21563;8426983
FR;2;2022-01-11;11469;36253;265928;1029;290631;6004242;6302465;7805969;22592;8717614
FR;2;2022-01-12;8765;29810;206329;863;226175;6013007;6332275;8012298;23455;8943789
FR;2;2022-01-13;9387;31338;224498;832;244841;6022394;6363613;8236796;24287;9188630
FR;2;2022-01-14;9741;35606;254546;920;277664;6032135;6399219;8491342;25207;9466294
FR;2;2022-01-15;5359;19451;140779;363;153639;6037494;6418670;8632121;25570;9619933
FR;2;2022-01-16;1512;5474;35888;81;39826;6039006;6424144;8668009;25651;9659759
FR;2;2022-01-17;5546;19276;135416;601;147258;6044552;6443420;8803425;26252;9807017
FR;2;2022-01-18;6423;21492;148632;647;160462;6050975;6464912;8952057;26899;9967479
FR;2;2022-01-19;4396;16321;105105;551;113702;6055371;6481233;9057162;27450;10081181
FR;2;2022-01-20;4872;17587;115297;603;123692;6060243;6498820;9172459;28053;10204873
FR;2;2022-01-21;5198;20056;137350;679;147770;6065441;6518876;9309809;28732;10352643
FR;2;2022-01-22;3030;10950;74262;260;80326;6068471;6529826;9384071;28992;10432969
FR;2;2022-01-23;724;2716;15242;41;16832;6069195;6532542;9399313;29033;10449801
FR;2;2022-01-24;3289;12812;75080;431;81032;6072484;6545354;9474393;29464;10530833
FR;2;2022-01-25;3574;14416;79629;496;85454;6076058;6559770;9554022;29960;10616287
FR;2;2022-01-26;2515;10704;58976;363;63029;6078573;6570474;9612998;30323;10679316
FR;2;2022-01-27;2682;11363;64177;388;67944;6081255;6581837;9677175;30711;10747260
FR;2;2022-01-28;3551;18281;91721;429;98907;6084806;6600118;9768896;31140;10846167
FR;2;2022-01-29;1893;9239;48852;164;52929;6086699;6609357;9817748;31304;10899096
FR;2;2022-01-30;464;2226;9455;38;10601;6087163;6611583;9827203;31342;10909697
FR;2;2022-01-31;1888;9564;43833;209;47331;6089051;6621147;9871036;31551;10957028
FR;2;2022-02-01;1916;10038;47030;279;50096;6090967;6631185;9918066;31830;11007124
FR;2;2022-02-02;1614;8994;41119;250;44157;6092581;6640179;9959185;32080;11051281
FR;2;2022-02-03;1725;8943;40526;205;42922;6094306;6649122;9999711;32285;11094203
FR;2;2022-02-04;2151;15186;66646;299;71332;6096457;6664308;10066357;32584;11165535
FR;2;2022-02-05;1360;8527;35946;132;39229;6097817;6672835;10102303;32716;11204764
FR;2;2022-02-06;275;1762;6127;16;6898;6098092;6674597;10108430;32732;11211662
FR;2;2022-02-07;1351;9557;37756;134;41293;6099443;6684154;10146186;32866;11252955
FR;2;2022-02-08;1299;9832;40954;173;43748;6100742;6693986;10187140;33039;11296703
FR;2;2022-02-09;1160;8839;37040;174;40464;6101902;6702825;10224180;33213;11337167
FR;2;2022-02-10;1029;7996;33837;204;36509;6102931;6710821;10258017;33417;11373676
FR;2;2022-02-11;1391;12085;53346;223;57699;6104322;6722906;10311363;33640;11431375
FR;2;2022-02-12;754;6533;27986;86;30805;6105076;6729439;10339349;33726;11462180
FR;2;2022-02-13;200;1340;4836;20;5577;6105276;6730779;10344185;33746;11467757
FR;2;2022-02-14;835;6731;30273;91;33232;6106111;6737510;10374458;33837;11500989
FR;2;2022-02-15;774;6472;28049;141;29992;6106885;6743982;10402507;33978;11530981
FR;2;2022-02-16;657;5361;22064;123;23629;6107542;6749343;10424571;34101;11554610
FR;2;2022-02-17;518;3783;14152;98;14617;6108060;6753126;10438723;34199;11569227
FR;2;2022-02-18;723;5368;20442;134;21129;6108783;6758494;10459165;34333;11590356
FR;2;2022-02-19;430;3056;10531;66;11245;6109213;6761550;10469696;34399;11601601
FR;2;2022-02-20;102;518;1461;3;1609;6109315;6762068;10471157;34402;11603210
FR;2;2022-02-21;422;2685;9122;65;9499;6109737;6764753;10480279;34467;11612709
FR;2;2022-02-22;392;2567;8894;77;8797;6110129;6767320;10489173;34544;11621506
FR;2;2022-02-23;432;2604;8992;82;9268;6110561;6769924;10498165;34626;11630774
FR;2;2022-02-24;314;2036;6802;82;6830;6110875;6771960;10504967;34708;11637604
FR;2;2022-02-25;457;3207;11418;107;11282;6111332;6775167;10516385;34815;11648886
FR;2;2022-02-26;297;1892;6036;49;6343;6111629;6777059;10522421;34864;11655229
FR;2;2022-02-27;76;313;907;5;950;6111705;6777372;10523328;34869;11656179
FR;2;2022-02-28;330;1688;5524;53;5531;6112035;6779060;10528852;34922;11661710
FR;2;2022-03-01;278;1569;5481;46;5198;6112313;6780629;10534333;34968;11666908
FR;2;2022-03-02;298;1445;5247;45;5091;6112611;6782074;10539580;35013;11671999
FR;2;2022-03-03;225;1111;3708;42;3485;6112836;6783185;10543288;35055;11675484
FR;2;2022-03-04;243;1468;4859;74;4506;6113079;6784653;10548147;35129;11679990
FR;2;2022-03-05;174;906;2979;34;2723;6113253;6785559;10551126;35163;11682713
FR;2;2022-03-06;42;183;280;5;320;6113295;6785742;10551406;35168;11683033
FR;2;2022-03-07;156;659;1987;70;1777;6113451;6786401;10553393;35238;11684810
FR;2;2022-03-08;144;669;2273;53;1907;6113595;6787070;10555666;35291;11686717
FR;2;2022-03-09;154;708;2348;37;2050;6113749;6787778;10558014;35328;11688767
FR;2;2022-03-10;123;603;1694;35;1469;6113872;6788381;10559708;35363;11690236
FR;2;2022-03-11;172;756;2769;57;2368;6114044;6789137;10562477;35420;11692604
FR;2;2022-03-12;149;484;1786;27;1555;6114193;6789621;10564263;35447;11694159
FR;2;2022-03-13;25;75;203;30;204;6114218;6789696;10564466;35477;11694363
FR;2;2022-03-14;128;470;1567;529;1297;6114346;6790166;10566033;36006;11695660
FR;2;2022-03-15;138;439;1713;691;1333;6114484;6790605;10567746;36697;11696993
FR;2;2022-03-16;142;476;2013;1615;1593;6114626;6791081;10569759;38312;11698586
FR;2;2022-03-17;94;413;1408;1193;1144;6114720;6791494;10571167;39505;11699730
FR;2;2022-03-18;147;496;2024;1794;1667;6114867;6791990;10573191;41299;11701397
FR;2;2022-03-19;108;321;1210;941;1015;6114975;6792311;10574401;42240;11702412
FR;2;2022-03-20;13;77;191;59;168;6114988;6792388;10574592;42299;11702580
FR;2;2022-03-21;97;307;1214;1484;1077;6115085;6792695;10575806;43783;11703657
FR;2;2022-03-22;118;390;1530;1830;1291;6115203;6793085;10577336;45613;11704948
FR;2;2022-03-23;139;361;1674;3032;1470;6115342;6793446;10579010;48645;11706418
FR;2;2022-03-24;117;293;1183;1547;1001;6115459;6793739;10580193;50192;11707419
FR;2;2022-03-25;119;361;1805;2451;1475;6115578;6794100;10581998;52643;11708894
FR;2;2022-03-26;79;247;1204;1222;952;6115657;6794347;10583202;53865;11709846
FR;2;2022-03-27;19;36;153;100;132;6115676;6794383;10583355;53965;11709978
FR;2;2022-03-28;94;288;1138;1602;995;6115770;6794671;10584493;55567;11710973
FR;2;2022-03-29;108;258;1325;2466;1105;6115878;6794929;10585818;58033;11712078
FR;2;2022-03-30;91;312;1488;3184;1320;6115969;6795241;10587306;61217;11713398
FR;2;2022-03-31;104;284;1275;2332;1090;6116073;6795525;10588581;63549;11714488
FR;2;2022-04-01;123;323;1567;2349;1322;6116196;6795848;10590148;65898;11715810
FR;2;2022-04-02;81;161;845;891;737;6116277;6796009;10590993;66789;11716547
FR;2;2022-04-03;16;53;128;113;142;6116293;6796062;10591121;66902;11716689
FR;2;2022-04-04;113;238;988;1445;797;6116406;6796300;10592109;68347;11717486
FR;2;2022-04-05;143;298;1316;2911;1143;6116549;6796598;10593425;71258;11718629
FR;2;2022-04-06;89;259;1306;2522;1130;6116638;6796857;10594731;73780;11719759
FR;2;2022-04-07;120;228;1301;2682;1041;6116758;6797085;10596032;76462;11720800
FR;2;2022-04-08;126;339;1633;3341;1326;6116884;6797424;10597665;79803;11722126
FR;2;2022-04-09;90;219;899;1046;731;6116974;6797643;10598564;80849;11722857
FR;2;2022-04-10;37;48;143;162;119;6117011;6797691;10598707;81011;11722976
FR;2;2022-04-11;88;195;889;1560;779;6117099;6797886;10599596;82571;11723755
FR;2;2022-04-12;176;271;1182;2768;1061;6117275;6798157;10600778;85339;11724816
FR;2;2022-04-13;147;230;1125;2469;987;6117422;6798387;10601903;87808;11725803
FR;2;2022-04-14;115;226;1085;2677;919;6117537;6798613;10602988;90485;11726722
FR;2;2022-04-15;114;254;1215;2292;1071;6117651;6798867;10604203;92777;11727793
FR;2;2022-04-16;67;108;548;549;459;6117718;6798975;10604751;93326;11728252
FR;2;2022-04-17;15;27;57;53;53;6117733;6799002;10604808;93379;11728305
FR;2;2022-04-18;12;35;120;70;115;6117745;6799037;10604928;93449;11728420
FR;2;2022-04-19;112;237;1120;1731;951;6117857;6799274;10606048;95180;11729371
FR;2;2022-04-20;95;241;1108;2172;932;6117952;6799515;10607156;97352;11730303
FR;2;2022-04-21;111;233;982;1912;837;6118063;6799748;10608138;99264;11731140
FR;2;2022-04-22;99;276;1242;2091;1023;6118162;6800024;10609380;101355;11732163
FR;2;2022-04-23;67;156;644;762;573;6118229;6800180;10610024;102117;11732736
FR;2;2022-04-24;12;29;101;68;79;6118241;6800209;10610125;102185;11732815
FR;2;2022-04-25;103;204;821;1315;711;6118344;6800413;10610946;103500;11733526
FR;2;2022-04-26;108;184;1041;2017;878;6118452;6800597;10611987;105517;11734404
FR;2;2022-04-27;98;179;860;1783;764;6118550;6800776;10612847;107300;11735168
FR;2;2022-04-28;93;214;950;1930;843;6118643;6800990;10613797;109230;11736011
FR;2;2022-04-29;81;281;1130;1696;1040;6118724;6801271;10614927;110926;11737051
FR;2;2022-04-30;65;126;470;539;429;6118789;6801397;10615397;111465;11737480
FR;2;2022-05-01;23;24;84;49;85;6118812;6801421;10615481;111514;11737565
FR;2;2022-05-02;116;232;762;1216;660;6118928;6801653;10616243;112730;11738225
FR;2;2022-05-03;148;233;999;1778;938;6119076;6801886;10617242;114508;11739163
FR;2;2022-05-04;90;226;923;1809;866;6119166;6802112;10618165;116317;11740029
FR;2;2022-05-05;127;197;853;1718;770;6119293;6802309;10619018;118035;11740799
FR;2;2022-05-06;133;246;1100;1855;1016;6119426;6802555;10620118;119890;11741815
FR;2;2022-05-07;40;99;470;504;406;6119466;6802654;10620588;120394;11742221
FR;2;2022-05-08;48;54;107;70;102;6119514;6802708;10620695;120464;11742323
FR;2;2022-05-09;101;174;654;984;604;6119615;6802882;10621349;121448;11742927
FR;2;2022-05-10;121;251;938;1840;893;6119736;6803133;10622287;123288;11743820
FR;2;2022-05-11;101;177;811;1873;791;6119837;6803310;10623098;125161;11744611
FR;2;2022-05-12;111;173;845;2095;803;6119948;6803483;10623943;127256;11745414
FR;2;2022-05-13;100;233;969;2096;899;6120048;6803716;10624912;129352;11746313
FR;2;2022-05-14;76;124;451;553;411;6120124;6803840;10625363;129905;11746724
FR;2;2022-05-15;24;39;94;87;108;6120148;6803879;10625457;129992;11746832
FR;2;2022-05-16;102;170;600;924;536;6120250;6804049;10626057;130916;11747368
FR;2;2022-05-17;95;184;689;1685;657;6120345;6804233;10626746;132601;11748025
FR;2;2022-05-18;80;181;641;1431;646;6120425;6804414;10627387;134032;11748671
FR;2;2022-05-19;70;160;708;1831;750;6120495;6804574;10628095;135863;11749421
FR;2;2022-05-20;107;180;874;1700;779;6120602;6804754;10628969;137563;11750200
FR;2;2022-05-21;48;96;397;517;338;6120650;6804850;10629366;138080;11750538
FR;2;2022-05-22;8;23;69;37;57;6120658;6804873;10629435;138117;11750595
FR;2;2022-05-23;86;133;498;931;469;6120744;6805006;10629933;139048;11751064
FR;2;2022-05-24;87;163;627;1621;615;6120831;6805169;10630560;140669;11751679
FR;2;2022-05-25;72;145;539;1148;493;6120903;6805314;10631099;141817;11752172
FR;2;2022-05-26;11;31;77;43;85;6120914;6805345;10631176;141860;11752257
FR;2;2022-05-27;44;123;456;818;438;6120958;6805468;10631632;142678;11752695
FR;2;2022-05-28;28;60;221;244;221;6120986;6805528;10631853;142922;11752916
FR;2;2022-05-29;13;34;43;25;51;6120999;6805562;10631896;142947;11752967
FR;2;2022-05-30;65;108;424;755;409;6121064;6805670;10632320;143702;11753376
FR;2;2022-05-31;76;135;564;1276;511;6121140;6805805;10632884;144978;11753887
FR;2;2022-06-01;59;157;562;1074;541;6121199;6805962;10633446;146052;11754428
FR;2;2022-06-02;92;175;625;1412;591;6121291;6806137;10634071;147464;11755019
FR;2;2022-06-03;71;155;667;1604;593;6121362;6806292;10634738;149068;11755612
FR;2;2022-06-04;69;93;283;433;269;6121431;6806385;10635021;149501;11755881
FR;2;2022-06-05;12;17;63;57;47;6121443;6806402;10635084;149558;11755928
FR;2;2022-06-06;11;35;92;75;92;6121454;6806437;10635176;149633;11756020
FR;2;2022-06-07;99;221;667;1535;577;6121553;6806658;10635843;151168;11756597
FR;2;2022-06-08;70;118;475;1166;411;6121623;6806776;10636318;152334;11757008
FR;2;2022-06-09;93;166;613;1921;571;6121716;6806942;10636931;154255;11757579
FR;2;2022-06-10;91;167;650;1683;621;6121807;6807109;10637581;155938;11758200
FR;2;2022-06-11;43;84;287;528;258;6121850;6807193;10637868;156466;11758458
FR;2;2022-06-12;18;38;58;78;60;6121868;6807231;10637926;156544;11758518
FR;2;2022-06-13;39;119;393;952;378;6121907;6807350;10638319;157496;11758896
FR;2;2022-06-14;68;157;599;2087;537;6121975;6807507;10638918;159583;11759433
FR;2;2022-06-15;78;104;520;1503;444;6122053;6807611;10639438;161086;11759877
FR;2;2022-06-16;127;127;495;1411;422;6122180;6807738;10639933;162497;11760299
FR;2;2022-06-17;73;136;588;1817;515;6122253;6807874;10640521;164314;11760814
FR;2;2022-06-18;75;92;224;579;196;6122328;6807966;10640745;164893;11761010
FR;2;2022-06-19;11;17;53;71;41;6122339;6807983;10640798;164964;11761051
FR;2;2022-06-20;62;125;401;1027;392;6122401;6808108;10641199;165991;11761443
FR;2;2022-06-21;107;115;524;2123;453;6122508;6808223;10641723;168114;11761896
FR;2;2022-06-22;39;110;462;1889;415;6122547;6808333;10642185;170003;11762311
FR;2;2022-06-23;58;108;537;2281;452;6122605;6808441;10642722;172284;11762763
FR;2;2022-06-24;66;122;709;3199;571;6122671;6808563;10643431;175483;11763334
FR;2;2022-06-25;30;90;297;987;253;6122701;6808653;10643728;176470;11763587
FR;2;2022-06-26;30;27;131;194;97;6122731;6808680;10643859;176664;11763684
FR;2;2022-06-27;79;137;581;2488;482;6122810;6808817;10644440;179152;11764166
FR;2;2022-06-28;110;140;812;4816;650;6122920;6808957;10645252;183968;11764816
FR;2;2022-06-29;73;150;776;4432;637;6122993;6809107;10646028;188400;11765453
FR;2;2022-06-30;72;133;832;5177;618;6123065;6809240;10646860;193577;11766071
FR;2;2022-07-01;112;159;1149;6691;849;6123177;6809399;10648009;200268;11766920
FR;2;2022-07-02;68;132;474;1976;392;6123245;6809531;10648483;202244;11767312
FR;2;2022-07-03;23;30;146;334;130;6123268;6809561;10648629;202578;11767442
FR;2;2022-07-04;120;180;775;3785;612;6123388;6809741;10649404;206363;11768054
FR;2;2022-07-05;118;186;1121;6818;828;6123506;6809927;10650525;213181;11768882
FR;2;2022-07-06;92;149;951;5807;697;6123598;6810076;10651476;218988;11769579
FR;2;2022-07-07;81;185;1020;6498;750;6123679;6810261;10652496;225486;11770329
FR;2;2022-07-08;65;122;1095;7044;758;6123744;6810383;10653591;232530;11771087
FR;2;2022-07-09;34;61;418;1869;299;6123778;6810444;10654009;234399;11771386
FR;2;2022-07-10;6;17;96;315;82;6123784;6810461;10654105;234714;11771468
FR;2;2022-07-11;68;120;683;3825;540;6123852;6810581;10654788;238539;11772008
FR;2;2022-07-12;102;179;1054;6517;809;6123954;6810760;10655842;245056;11772817
FR;2;2022-07-13;64;126;879;4664;591;6124018;6810886;10656721;249720;11773408
FR;2;2022-07-14;6;13;88;248;59;6124024;6810899;10656809;249968;11773467
FR;2;2022-07-15;61;129;739;3792;560;6124085;6811028;10657548;253760;11774027
FR;2;2022-07-16;27;54;289;1029;242;6124112;6811082;10657837;254789;11774269
FR;2;2022-07-17;5;12;77;201;66;6124117;6811094;10657914;254990;11774335
FR;2;2022-07-18;57;103;514;2509;384;6124174;6811197;10658428;257499;11774719
FR;2;2022-07-19;66;133;770;4254;555;6124240;6811330;10659198;261753;11775274
FR;2;2022-07-20;59;118;580;3179;430;6124299;6811448;10659778;264932;11775704
FR;2;2022-07-21;60;110;671;3678;485;6124359;6811558;10660449;268610;11776189
FR;2;2022-07-22;51;99;698;3548;506;6124410;6811657;10661147;272158;11776695
FR;2;2022-07-23;39;97;290;1173;229;6124449;6811754;10661437;273331;11776924
FR;2;2022-07-24;14;23;68;201;67;6124463;6811777;10661505;273532;11776991
FR;2;2022-07-25;50;71;405;1937;300;6124513;6811848;10661910;275469;11777291
FR;2;2022-07-26;57;133;606;3423;477;6124570;6811981;10662516;278892;11777768
FR;2;2022-07-27;42;81;457;2782;361;6124612;6812062;10662973;281674;11778129
FR;2;2022-07-28;29;75;450;2484;357;6124641;6812137;10663423;284158;11778486
FR;2;2022-07-29;68;87;535;2857;347;6124709;6812224;10663958;287015;11778833
FR;2;2022-07-30;22;38;162;774;110;6124731;6812262;10664120;287789;11778943
FR;2;2022-07-31;6;13;27;104;21;6124737;6812275;10664147;287893;11778964
FR;2;2022-08-01;38;105;323;1261;260;6124775;6812380;10664470;289154;11779224
FR;2;2022-08-02;49;75;325;2060;247;6124824;6812455;10664795;291214;11779471
FR;2;2022-08-03;29;53;259;1610;187;6124853;6812508;10665054;292824;11779658
FR;2;2022-08-04;40;65;306;1686;240;6124893;6812573;10665360;294510;11779898
FR;2;2022-08-05;33;94;328;1880;236;6124926;6812667;10665688;296390;11780134
FR;2;2022-08-06;22;40;106;365;82;6124948;6812707;10665794;296755;11780216
FR;2;2022-08-07;7;8;14;69;16;6124955;6812715;10665808;296824;11780232
FR;2;2022-08-08;19;35;218;877;146;6124974;6812750;10666026;297701;11780378
FR;2;2022-08-09;29;51;279;1475;238;6125003;6812801;10666305;299176;11780616
FR;2;2022-08-10;15;21;213;1130;150;6125018;6812822;10666518;300306;11780766
FR;2;2022-08-11;21;41;174;1038;117;6125039;6812863;10666692;301344;11780883
FR;2;2022-08-12;36;49;184;1044;140;6125075;6812912;10666876;302388;11781023
FR;2;2022-08-13;9;19;47;149;53;6125084;6812931;10666923;302537;11781076
FR;2;2022-08-14;1;2;12;52;11;6125085;6812933;10666935;302589;11781087
FR;2;2022-08-15;0;5;32;22;21;6125085;6812938;10666967;302611;11781108
FR;2;2022-08-16;27;32;144;681;120;6125112;6812970;10667111;303292;11781228
FR;2;2022-08-17;17;26;109;738;88;6125129;6812996;10667220;304030;11781316
FR;2;2022-08-18;14;28;159;835;106;6125143;6813024;10667379;304865;11781422
FR;2;2022-08-19;8;38;117;705;86;6125151;6813062;10667496;305570;11781508
FR;2;2022-08-20;6;26;61;196;52;6125157;6813088;10667557;305766;11781560
FR;2;2022-08-21;4;14;15;19;13;6125161;6813102;10667572;305785;11781573
FR;2;2022-08-22;10;24;116;395;73;6125171;6813126;10667688;306180;11781646
FR;2;2022-08-23;11;41;134;671;112;6125182;6813167;10667822;306851;11781758
FR;2;2022-08-24;11;28;87;466;80;6125193;6813195;10667909;307317;11781838
FR;2;2022-08-25;8;32;109;481;69;6125201;6813227;10668018;307798;11781907
FR;2;2022-08-26;15;46;117;720;91;6125216;6813273;10668135;308518;11781998
FR;2;2022-08-27;10;19;47;156;42;6125226;6813292;10668182;308674;11782040
FR;2;2022-08-28;1;5;5;15;7;6125227;6813297;10668187;308689;11782047
FR;2;2022-08-29;24;43;93;400;87;6125251;6813340;10668280;309089;11782134
FR;2;2022-08-30;31;54;154;791;119;6125282;6813394;10668434;309880;11782253
FR;2;2022-08-31;19;35;85;392;79;6125301;6813429;10668519;310272;11782332
FR;2;2022-09-01;19;42;139;600;122;6125320;6813471;10668658;310872;11782454
FR;2;2022-09-02;34;55;146;744;158;6125354;6813526;10668804;311616;11782612
FR;2;2022-09-03;17;20;83;204;67;6125371;6813546;10668887;311820;11782679
FR;2;2022-09-04;8;5;9;31;10;6125379;6813551;10668896;311851;11782689
FR;2;2022-09-05;28;28;124;367;95;6125407;6813579;10669020;312218;11782784
FR;2;2022-09-06;43;62;158;761;153;6125450;6813641;10669178;312979;11782937
FR;2;2022-09-07;21;20;74;375;49;6125471;6813661;10669252;313354;11782986
FR;2;2022-09-08;31;57;109;636;100;6125502;6813718;10669361;313990;11783086
FR;2;2022-09-09;18;24;126;751;74;6125520;6813742;10669487;314741;11783160
FR;2;2022-09-10;14;24;57;117;48;6125534;6813766;10669544;314858;11783208
FR;2;2022-09-11;11;5;10;11;12;6125545;6813771;10669554;314869;11783220
FR;2;2022-09-12;20;30;69;340;55;6125565;6813801;10669623;315209;11783275
FR;2;2022-09-13;15;34;125;670;99;6125580;6813835;10669748;315879;11783374
FR;2;2022-09-14;19;21;81;480;59;6125599;6813856;10669829;316359;11783433
FR;2;2022-09-15;22;43;125;486;101;6125621;6813899;10669954;316845;11783534
FR;2;2022-09-16;21;30;122;563;89;6125642;6813929;10670076;317408;11783623
FR;2;2022-09-17;6;20;56;160;52;6125648;6813949;10670132;317568;11783675
FR;2;2022-09-18;4;7;13;37;10;6125652;6813956;10670145;317605;11783685
FR;2;2022-09-19;26;24;114;353;87;6125678;6813980;10670259;317958;11783772
FR;2;2022-09-20;27;27;117;624;84;6125705;6814007;10670376;318582;11783856
FR;2;2022-09-21;15;30;100;393;78;6125720;6814037;10670476;318975;11783934
FR;2;2022-09-22;16;39;122;581;94;6125736;6814076;10670598;319556;11784028
FR;2;2022-09-23;21;38;135;555;111;6125757;6814114;10670733;320111;11784139
FR;2;2022-09-24;10;8;51;190;36;6125767;6814122;10670784;320301;11784175
FR;2;2022-09-25;9;11;14;29;11;6125776;6814133;10670798;320330;11784186
FR;2;2022-09-26;21;40;103;447;79;6125797;6814173;10670901;320777;11784265
FR;2;2022-09-27;29;46;159;906;108;6125826;6814219;10671060;321683;11784373
FR;2;2022-09-28;15;31;93;421;74;6125841;6814250;10671153;322104;11784447
FR;2;2022-09-29;26;47;114;618;110;6125867;6814297;10671267;322722;11784557
FR;2;2022-09-30;24;44;111;520;84;6125891;6814341;10671378;323242;11784641
FR;2;2022-10-01;11;20;51;128;36;6125902;6814361;10671429;323370;11784677
FR;2;2022-10-02;0;5;8;21;5;6125902;6814366;10671437;323391;11784682
FR;2;2022-10-03;22;28;83;291;66;6125924;6814394;10671520;323682;11784748
FR;2;2022-10-04;17;21;105;600;71;6125941;6814415;10671625;324282;11784819
FR;2;2022-10-05;20;29;75;491;67;6125961;6814444;10671700;324773;11784886
FR;2;2022-10-06;30;23;74;442;71;6125991;6814467;10671774;325215;11784957
FR;2;2022-10-07;21;29;86;499;65;6126012;6814496;10671860;325714;11785022
FR;2;2022-10-08;12;8;23;114;24;6126024;6814504;10671883;325828;11785046
FR;2;2022-10-09;1;8;15;17;11;6126025;6814512;10671898;325845;11785057
FR;2;2022-10-10;18;24;46;223;49;6126043;6814536;10671944;326068;11785106
FR;2;2022-10-11;15;14;47;253;38;6126058;6814550;10671991;326321;11785144
FR;2;2022-10-12;8;17;52;290;36;6126066;6814567;10672043;326611;11785180
FR;2;2022-10-13;11;14;47;271;47;6126077;6814581;10672090;326882;11785227
FR;2;2022-10-14;11;26;34;228;38;6126088;6814607;10672124;327110;11785265
FR;2;2022-10-15;4;10;22;111;17;6126092;6814617;10672146;327221;11785282
FR;2;2022-10-16;0;5;4;10;6;6126092;6814622;10672150;327231;11785288
FR;2;2022-10-17;15;17;31;121;26;6126107;6814639;10672181;327352;11785314
FR;2;2022-10-18;13;11;68;181;34;6126120;6814650;10672249;327533;11785348
FR;2;2022-10-19;8;17;36;182;30;6126128;6814667;10672285;327715;11785378
FR;2;2022-10-20;11;29;40;200;39;6126139;6814696;10672325;327915;11785417
FR;2;2022-10-21;5;15;56;232;50;6126144;6814711;10672381;328147;11785467
FR;2;2022-10-22;8;7;25;101;23;6126152;6814718;10672406;328248;11785490
FR;2;2022-10-23;0;3;1;5;0;6126152;6814721;10672407;328253;11785490
FR;2;2022-10-24;12;12;16;109;16;6126164;6814733;10672423;328362;11785506
FR;2;2022-10-25;12;7;23;138;15;6126176;6814740;10672446;328500;11785521
FR;2;2022-10-26;4;3;15;85;9;6126180;6814743;10672461;328585;11785530
FR;2;2022-10-27;7;9;18;86;20;6126187;6814752;10672479;328671;11785550
FR;2;2022-10-28;5;3;15;91;7;6126192;6814755;10672494;328762;11785557
FR;2;2022-10-29;7;8;18;33;14;6126199;6814763;10672512;328795;11785571
FR;2;2022-10-30;3;7;5;8;2;6126202;6814770;10672517;328803;11785573
FR;2;2022-10-31;2;8;6;49;10;6126204;6814778;10672523;328852;11785583
FR;2;2022-11-01;0;0;4;1;2;6126204;6814778;10672527;328853;11785585
FR;2;2022-11-02;5;5;10;44;11;6126209;6814783;10672537;328897;11785596
FR;2;2022-11-03;6;7;14;77;9;6126215;6814790;10672551;328974;11785605
FR;2;2022-11-04;7;12;12;85;13;6126222;6814802;10672563;329059;11785618
FR;2;2022-11-05;0;11;10;37;14;6126222;6814813;10672573;329096;11785632
FR;2;2022-11-06;0;1;2;1;3;6126222;6814814;10672575;329097;11785635
FR;2;2022-11-07;10;7;14;64;13;6126232;6814821;10672589;329161;11785648
FR;2;2022-11-08;10;6;16;57;12;6126242;6814827;10672605;329218;11785660
FR;2;2022-11-09;3;5;17;56;17;6126245;6814832;10672622;329274;11785677
FR;2;2022-11-10;6;10;16;74;14;6126251;6814842;10672638;329348;11785691
FR;2;2022-11-11;0;3;6;3;7;6126251;6814845;10672644;329351;11785698
FR;2;2022-11-12;2;5;3;19;3;6126253;6814850;10672647;329370;11785701
FR;2;2022-11-13;2;2;1;1;2;6126255;6814852;10672648;329371;11785703
FR;2;2022-11-14;0;6;11;29;8;6126255;6814858;10672659;329400;11785711
FR;2;2022-11-15;5;12;11;31;14;6126260;6814870;10672670;329431;11785725
FR;2;2022-11-16;3;3;2;45;2;6126263;6814873;10672672;329476;11785727
FR;2;2022-11-17;2;6;7;46;4;6126265;6814879;10672679;329522;11785731
FR;2;2022-11-18;3;3;5;33;5;6126268;6814882;10672684;329555;11785736
FR;2;2022-11-19;2;2;0;24;1;6126270;6814884;10672684;329579;11785737
FR;2;2022-11-20;0;2;1;3;1;6126270;6814886;10672685;329582;11785738
FR;2;2022-11-21;6;6;6;29;7;6126276;6814892;10672691;329611;11785745
FR;3;2020-12-27;0;0;0;0;0;0;0;0;0;0
FR;3;2020-12-28;0;0;0;0;0;0;0;0;0;0
FR;3;2020-12-29;0;0;0;0;0;0;0;0;0;0
FR;3;2020-12-30;0;0;0;0;0;0;0;0;0;0
FR;3;2020-12-31;0;0;0;0;0;0;0;0;0;0
FR;3;2021-01-01;0;0;0;0;0;0;0;0;0;0
FR;3;2021-01-02;0;0;0;0;0;0;0;0;0;0
FR;3;2021-01-03;0;0;0;0;0;0;0;0;0;0
FR;3;2021-01-04;0;0;0;0;0;0;0;0;0;0
FR;3;2021-01-05;0;0;0;0;0;0;0;0;0;0
FR;3;2021-01-06;0;0;0;0;0;0;0;0;0;0
FR;3;2021-01-07;0;0;0;0;0;0;0;0;0;0
FR;3;2021-01-08;0;0;0;0;0;0;0;0;0;0
FR;3;2021-01-09;0;0;0;0;0;0;0;0;0;0
FR;3;2021-01-10;0;0;0;0;0;0;0;0;0;0
FR;3;2021-01-11;0;0;0;0;0;0;0;0;0;0
FR;3;2021-01-12;0;0;0;0;0;0;0;0;0;0
FR;3;2021-01-13;0;0;0;0;0;0;0;0;0;0
FR;3;2021-01-14;0;0;0;0;0;0;0;0;0;0
FR;3;2021-01-15;0;0;0;0;0;0;0;0;0;0
FR;3;2021-01-16;0;0;0;0;0;0;0;0;0;0
FR;3;2021-01-17;0;0;0;0;0;0;0;0;0;0
FR;3;2021-01-18;0;0;0;0;0;0;0;0;0;0
FR;3;2021-01-19;0;0;0;0;0;0;0;0;0;0
FR;3;2021-01-20;0;0;0;0;0;0;0;0;0;0
FR;3;2021-01-21;0;0;0;0;0;0;0;0;0;0
FR;3;2021-01-22;0;0;0;0;0;0;0;0;0;0
FR;3;2021-01-23;0;0;0;0;0;0;0;0;0;0
FR;3;2021-01-24;0;0;0;0;0;0;0;0;0;0
FR;3;2021-01-25;0;0;0;0;0;0;0;0;0;0
FR;3;2021-01-26;0;0;0;0;0;0;0;0;0;0
FR;3;2021-01-27;0;0;0;0;0;0;0;0;0;0
FR;3;2021-01-28;0;0;0;0;0;0;0;0;0;0
FR;3;2021-01-29;0;0;0;0;0;0;0;0;0;0
FR;3;2021-01-30;0;0;0;0;0;0;0;0;0;0
FR;3;2021-01-31;0;0;0;0;0;0;0;0;0;0
FR;3;2021-02-01;0;0;0;0;0;0;0;0;0;0
FR;3;2021-02-02;0;0;0;0;0;0;0;0;0;0
FR;3;2021-02-03;0;0;0;0;0;0;0;0;0;0
FR;3;2021-02-04;0;0;0;0;0;0;0;0;0;0
FR;3;2021-02-05;0;0;0;0;0;0;0;0;0;0
FR;3;2021-02-06;1523;0;0;0;0;1523;0;0;0;0
FR;3;2021-02-07;1423;1;0;0;0;2946;1;0;0;0
FR;3;2021-02-08;2788;1;0;0;0;5734;2;0;0;0
FR;3;2021-02-09;6784;0;0;0;0;12518;2;0;0;0
FR;3;2021-02-10;9610;0;0;0;0;22128;2;0;0;0
FR;3;2021-02-11;13619;3;0;0;0;35747;5;0;0;0
FR;3;2021-02-12;13408;0;0;0;0;49155;5;0;0;0
FR;3;2021-02-13;3799;1;0;0;0;52954;6;0;0;0
FR;3;2021-02-14;975;1;0;0;0;53929;7;0;0;0
FR;3;2021-02-15;10495;2;0;0;0;64424;9;0;0;0
FR;3;2021-02-16;12554;5;0;0;0;76978;14;0;0;0
FR;3;2021-02-17;11158;1;0;0;0;88136;15;0;0;0
FR;3;2021-02-18;14943;2;0;0;0;103079;17;0;0;0
FR;3;2021-02-19;14365;1;0;0;0;117444;18;0;0;0
FR;3;2021-02-20;3330;0;0;0;0;120774;18;0;0;0
FR;3;2021-02-21;619;0;0;0;0;121393;18;0;0;0
FR;3;2021-02-22;9170;1;0;0;0;130563;19;0;0;0
FR;3;2021-02-23;11400;4;0;0;0;141963;23;0;0;0
FR;3;2021-02-24;14305;1;0;0;0;156268;24;0;0;0
FR;3;2021-02-25;44933;3;0;0;0;201201;27;0;0;0
FR;3;2021-02-26;61890;9;0;0;0;263091;36;0;0;0
FR;3;2021-02-27;34808;12;0;0;0;297899;48;0;0;0
FR;3;2021-02-28;2463;0;0;0;0;300362;48;0;0;0
FR;3;2021-03-01;20521;19;0;0;0;320883;67;0;0;0
FR;3;2021-03-02;38875;23;0;0;0;359758;90;0;0;0
FR;3;2021-03-03;48747;20;0;0;0;408505;110;0;0;0
FR;3;2021-03-04;82226;25;0;0;0;490731;135;0;0;0
FR;3;2021-03-05;118132;41;0;0;0;608863;176;0;0;0
FR;3;2021-03-06;120723;64;1;0;0;729586;240;1;0;0
FR;3;2021-03-07;55183;24;0;0;0;784769;264;1;0;0
FR;3;2021-03-08;42813;28;0;0;0;827582;292;1;0;0
FR;3;2021-03-09;78977;50;0;0;0;906559;342;1;0;0
FR;3;2021-03-10;80981;60;0;0;0;987540;402;1;0;0
FR;3;2021-03-11;128446;60;0;0;0;1115986;462;1;0;0
FR;3;2021-03-12;182721;118;0;0;0;1298707;580;1;0;0
FR;3;2021-03-13;132162;82;0;0;0;1430869;662;1;0;0
FR;3;2021-03-14;14057;5;0;0;0;1444926;667;1;0;0
FR;3;2021-03-15;52236;77;0;0;0;1497162;744;1;0;0
FR;3;2021-03-16;1217;45;0;0;0;1498379;789;1;0;0
FR;3;2021-03-17;950;52;0;0;0;1499329;841;1;0;0
FR;3;2021-03-18;1574;37;0;0;0;1500903;878;1;0;0
FR;3;2021-03-19;70456;53;0;0;0;1571359;931;1;0;0
FR;3;2021-03-20;65239;48;0;0;0;1636598;979;1;0;0
FR;3;2021-03-21;5761;8;0;0;0;1642359;987;1;0;0
FR;3;2021-03-22;37508;47;0;0;0;1679867;1034;1;0;0
FR;3;2021-03-23;84665;84;0;0;0;1764532;1118;1;0;0
FR;3;2021-03-24;90953;94;0;0;0;1855485;1212;1;0;0
FR;3;2021-03-25;150067;139;0;0;0;2005552;1351;1;0;0
FR;3;2021-03-26;165428;159;0;0;0;2170980;1510;1;0;0
FR;3;2021-03-27;68462;101;0;0;0;2239442;1611;1;0;0
FR;3;2021-03-28;6479;20;0;0;0;2245921;1631;1;0;0
FR;3;2021-03-29;54168;78;0;0;0;2300089;1709;1;0;0
FR;3;2021-03-30;93180;104;0;0;0;2393269;1813;1;0;0
FR;3;2021-03-31;63543;112;0;0;0;2456812;1925;1;0;0
FR;3;2021-04-01;86134;113;0;0;0;2542946;2038;1;0;0
FR;3;2021-04-02;86912;182;0;0;0;2629858;2220;1;0;0
FR;3;2021-04-03;35875;130;0;0;0;2665733;2350;1;0;0
FR;3;2021-04-04;3576;19;0;0;0;2669309;2369;1;0;0
FR;3;2021-04-05;4491;38;0;0;0;2673800;2407;1;0;0
FR;3;2021-04-06;29760;99;0;0;0;2703560;2506;1;0;0
FR;3;2021-04-07;32348;101;0;0;0;2735908;2607;1;0;0
FR;3;2021-04-08;78824;261;0;0;0;2814732;2868;1;0;0
FR;3;2021-04-09;161754;438;0;0;0;2976486;3306;1;0;0
FR;3;2021-04-10;75761;360;0;0;0;3052247;3666;1;0;0
FR;3;2021-04-11;7313;46;0;0;0;3059560;3712;1;0;0
FR;3;2021-04-12;51482;214;0;0;0;3111042;3926;1;0;0
FR;3;2021-04-13;86234;351;0;0;0;3197276;4277;1;0;0
FR;3;2021-04-14;67845;370;0;0;0;3265121;4647;1;0;0
FR;3;2021-04-15;93238;392;0;0;0;3358359;5039;1;0;0
FR;3;2021-04-16;112526;606;0;0;0;3470885;5645;1;0;0
FR;3;2021-04-17;53318;354;1;0;0;3524203;5999;2;0;0
FR;3;2021-04-18;9749;44;0;0;0;3533952;6043;2;0;0
FR;3;2021-04-19;25113;271;0;0;0;3559065;6314;2;0;0
FR;3;2021-04-20;45674;429;0;0;0;3604739;6743;2;0;0
FR;3;2021-04-21;38985;525;0;0;0;3643724;7268;2;0;0
FR;3;2021-04-22;54717;849;0;0;0;3698441;8117;2;0;0
FR;3;2021-04-23;70491;1073;0;0;0;3768932;9190;2;0;0
FR;3;2021-04-24;37250;1076;0;0;0;3806182;10266;2;0;0
FR;3;2021-04-25;6212;156;0;0;0;3812394;10422;2;0;0
FR;3;2021-04-26;19787;684;0;0;0;3832181;11106;2;0;0
FR;3;2021-04-27;34484;1302;0;0;0;3866665;12408;2;0;0
FR;3;2021-04-28;28967;2008;0;0;0;3895632;14416;2;0;0
FR;3;2021-04-29;45388;6076;0;0;0;3941020;20492;2;0;0
FR;3;2021-04-30;55465;9055;1;0;0;3996485;29547;3;0;0
FR;3;2021-05-01;9516;2041;0;0;0;4006001;31588;3;0;0
FR;3;2021-05-02;3077;479;0;0;0;4009078;32067;3;0;0
FR;3;2021-05-03;13063;3911;0;0;0;4022141;35978;3;0;0
FR;3;2021-05-04;23115;8429;0;0;0;4045256;44407;3;0;0
FR;3;2021-05-05;18760;10777;0;0;0;4064016;55184;3;0;0
FR;3;2021-05-06;34629;21156;0;0;0;4098645;76340;3;0;0
FR;3;2021-05-07;44208;28772;0;0;0;4142853;105112;3;0;0
FR;3;2021-05-08;6785;9195;0;0;0;4149638;114307;3;0;0
FR;3;2021-05-09;1796;2655;0;0;0;4151434;116962;3;0;0
FR;3;2021-05-10;15000;12846;0;0;0;4166434;129808;3;0;0
FR;3;2021-05-11;27100;26155;0;0;0;4193534;155963;3;0;0
FR;3;2021-05-12;17269;27987;0;0;0;4210803;183950;3;0;0
FR;3;2021-05-13;2285;3504;0;0;0;4213088;187454;3;0;0
FR;3;2021-05-14;14520;26012;0;0;0;4227608;213466;3;0;0
FR;3;2021-05-15;7233;21011;0;0;0;4234841;234477;3;0;0
FR;3;2021-05-16;977;2642;0;0;0;4235818;237119;3;0;0
FR;3;2021-05-17;7966;20121;0;0;0;4243784;257240;3;0;0
FR;3;2021-05-18;13416;30057;0;0;0;4257200;287297;3;0;0
FR;3;2021-05-19;9274;30786;0;0;0;4266474;318083;3;0;0
FR;3;2021-05-20;12806;53686;3;0;0;4279280;371769;6;0;0
FR;3;2021-05-21;12768;66060;2;0;0;4292048;437829;8;0;0
FR;3;2021-05-22;4963;33682;1;0;0;4297011;471511;9;0;0
FR;3;2021-05-23;651;2675;0;0;0;4297662;474186;9;0;0
FR;3;2021-05-24;883;4828;0;0;0;4298545;479014;9;0;0
FR;3;2021-05-25;5311;46377;1;0;0;4303856;525391;10;0;0
FR;3;2021-05-26;4979;51940;1;0;0;4308835;577331;11;0;0
FR;3;2021-05-27;6334;78839;3;0;0;4315169;656170;14;0;0
FR;3;2021-05-28;7544;100099;2;0;0;4322713;756269;16;0;0
FR;3;2021-05-29;3349;60969;1;0;0;4326062;817238;17;0;0
FR;3;2021-05-30;550;8116;0;0;0;4326612;825354;17;0;0
FR;3;2021-05-31;2441;35572;3;0;0;4329053;860926;20;0;0
FR;3;2021-06-01;3412;64845;10;0;0;4332465;925771;30;0;0
FR;3;2021-06-02;2735;58780;6;0;0;4335200;984551;36;0;0
FR;3;2021-06-03;3494;87223;10;0;0;4338694;1071774;46;0;0
FR;3;2021-06-04;4118;105715;22;0;0;4342812;1177489;68;0;0
FR;3;2021-06-05;1983;52511;4;0;0;4344795;1230000;72;0;0
FR;3;2021-06-06;510;5302;1;0;0;4345305;1235302;73;0;0
FR;3;2021-06-07;1484;30783;11;0;0;4346789;1266085;84;0;0
FR;3;2021-06-08;2062;47387;18;0;0;4348851;1313472;102;0;0
FR;3;2021-06-09;1794;41908;13;0;0;4350645;1355380;115;0;0
FR;3;2021-06-10;2254;67716;17;0;0;4352899;1423096;132;0;0
FR;3;2021-06-11;2484;96623;34;0;0;4355383;1519719;166;0;0
FR;3;2021-06-12;1177;40632;6;0;0;4356560;1560351;172;0;0
FR;3;2021-06-13;283;3646;3;0;0;4356843;1563997;175;0;0
FR;3;2021-06-14;1048;42367;17;0;0;4357891;1606364;192;0;0
FR;3;2021-06-15;1376;80428;20;0;0;4359267;1686792;212;0;0
FR;3;2021-06-16;1261;65525;20;0;0;4360528;1752317;232;0;0
FR;3;2021-06-17;1667;102171;41;0;0;4362195;1854488;273;0;0
FR;3;2021-06-18;1871;118344;63;0;0;4364066;1972832;336;0;0
FR;3;2021-06-19;803;39441;22;0;0;4364869;2012273;358;0;0
FR;3;2021-06-20;161;3229;0;0;0;4365030;2015502;358;0;0
FR;3;2021-06-21;773;39095;16;0;0;4365803;2054597;374;0;0
FR;3;2021-06-22;1065;70067;52;0;0;4366868;2124664;426;0;0
FR;3;2021-06-23;944;50826;39;0;0;4367812;2175490;465;0;0
FR;3;2021-06-24;1310;77256;48;0;0;4369122;2252746;513;0;0
FR;3;2021-06-25;1410;90661;73;0;0;4370532;2343407;586;0;0
FR;3;2021-06-26;631;33113;29;0;0;4371163;2376520;615;0;0
FR;3;2021-06-27;166;3814;1;0;0;4371329;2380334;616;0;0
FR;3;2021-06-28;655;30053;27;0;0;4371984;2410387;643;0;0
FR;3;2021-06-29;857;56511;95;0;0;4372841;2466898;738;0;0
FR;3;2021-06-30;905;45173;93;0;0;4373746;2512071;831;0;0
FR;3;2021-07-01;1164;66000;108;0;0;4374910;2578071;939;0;0
FR;3;2021-07-02;1305;90503;170;0;0;4376215;2668574;1109;0;0
FR;3;2021-07-03;602;31180;51;0;0;4376817;2699754;1160;0;0
FR;3;2021-07-04;144;4037;3;0;0;4376961;2703791;1163;0;0
FR;3;2021-07-05;612;33663;60;0;0;4377573;2737454;1223;0;0
FR;3;2021-07-06;963;55959;88;0;0;4378536;2793413;1311;0;0
FR;3;2021-07-07;872;42985;80;0;0;4379408;2836398;1391;0;0
FR;3;2021-07-08;1127;60768;99;0;0;4380535;2897166;1490;0;0
FR;3;2021-07-09;1261;68898;128;0;0;4381796;2966064;1618;0;0
FR;3;2021-07-10;643;25029;59;0;0;4382439;2991093;1677;0;0
FR;3;2021-07-11;132;3198;4;0;0;4382571;2994291;1681;0;0
FR;3;2021-07-12;662;23696;59;0;0;4383233;3017987;1740;0;0
FR;3;2021-07-13;1647;34525;90;0;0;4384880;3052512;1830;0;0
FR;3;2021-07-14;271;2497;2;0;0;4385151;3055009;1832;0;0
FR;3;2021-07-15;1940;30483;85;0;0;4387091;3085492;1917;0;0
FR;3;2021-07-16;2520;38705;122;0;0;4389611;3124197;2039;0;0
FR;3;2021-07-17;1051;13731;26;0;0;4390662;3137928;2065;0;0
FR;3;2021-07-18;266;2559;3;0;0;4390928;3140487;2068;0;0
FR;3;2021-07-19;1280;16946;38;0;0;4392208;3157433;2106;0;0
FR;3;2021-07-20;1823;26978;98;0;0;4394031;3184411;2204;0;0
FR;3;2021-07-21;1651;19551;44;0;0;4395682;3203962;2248;0;0
FR;3;2021-07-22;1856;27659;83;0;0;4397538;3231621;2331;0;0
FR;3;2021-07-23;2216;30272;117;0;0;4399754;3261893;2448;0;0
FR;3;2021-07-24;826;6954;25;0;0;4400580;3268847;2473;0;0
FR;3;2021-07-25;210;1301;1;0;0;4400790;3270148;2474;0;0
FR;3;2021-07-26;932;10552;28;0;0;4401722;3280700;2502;0;0
FR;3;2021-07-27;1169;16831;56;0;0;4402891;3297531;2558;0;0
FR;3;2021-07-28;989;12021;40;0;0;4403880;3309552;2598;0;0
FR;3;2021-07-29;1127;15730;63;0;0;4405007;3325282;2661;0;0
FR;3;2021-07-30;1128;18014;79;0;0;4406135;3343296;2740;0;0
FR;3;2021-07-31;406;3722;15;0;0;4406541;3347018;2755;0;0
FR;3;2021-08-01;117;456;1;0;0;4406658;3347474;2756;0;0
FR;3;2021-08-02;421;5047;22;0;0;4407079;3352521;2778;0;0
FR;3;2021-08-03;498;7496;27;0;0;4407577;3360017;2805;0;0
FR;3;2021-08-04;439;4848;26;0;0;4408016;3364865;2831;0;0
FR;3;2021-08-05;432;3666;13;0;0;4408448;3368531;2844;0;0
FR;3;2021-08-06;456;4712;30;0;0;4408904;3373243;2874;0;0
FR;3;2021-08-07;214;1899;11;0;0;4409118;3375142;2885;0;0
FR;3;2021-08-08;250;422;2;0;0;4409368;3375564;2887;0;0
FR;3;2021-08-09;318;2406;11;0;0;4409686;3377970;2898;0;0
FR;3;2021-08-10;368;3774;15;0;0;4410054;3381744;2913;0;0
FR;3;2021-08-11;291;2667;15;0;0;4410345;3384411;2928;0;0
FR;3;2021-08-12;279;2582;13;0;0;4410624;3386993;2941;0;0
FR;3;2021-08-13;278;2263;16;0;0;4410902;3389256;2957;0;0
FR;3;2021-08-14;172;886;1;0;0;4411074;3390142;2958;0;0
FR;3;2021-08-15;56;176;0;0;0;4411130;3390318;2958;0;0
FR;3;2021-08-16;124;1033;8;0;0;4411254;3391351;2966;0;0
FR;3;2021-08-17;189;1444;8;0;0;4411443;3392795;2974;0;0
FR;3;2021-08-18;204;1315;10;0;0;4411647;3394110;2984;0;0
FR;3;2021-08-19;165;1382;10;0;0;4411812;3395492;2994;0;0
FR;3;2021-08-20;167;1602;16;0;0;4411979;3397094;3010;0;0
FR;3;2021-08-21;93;584;2;0;0;4412072;3397678;3012;0;0
FR;3;2021-08-22;42;190;1;0;0;4412114;3397868;3013;0;0
FR;3;2021-08-23;141;897;7;0;0;4412255;3398765;3020;0;0
FR;3;2021-08-24;125;931;10;0;0;4412380;3399696;3030;0;0
FR;3;2021-08-25;137;824;3;0;0;4412517;3400520;3033;0;0
FR;3;2021-08-26;172;832;9;0;0;4412689;3401352;3042;0;0
FR;3;2021-08-27;178;940;9;0;0;4412867;3402292;3051;0;0
FR;3;2021-08-28;101;376;4;0;0;4412968;3402668;3055;0;0
FR;3;2021-08-29;128;129;1;0;0;4413096;3402797;3056;0;0
FR;3;2021-08-30;100;567;0;0;112;4413196;3403364;3056;0;112
FR;3;2021-08-31;134;692;7;0;140;4413330;3404056;3063;0;252
FR;3;2021-09-01;121;463;5;0;111;4413451;3404519;3068;0;363
FR;3;2021-09-02;100;606;22;0;105;4413551;3405125;3090;0;468
FR;3;2021-09-03;116;564;17;0;119;4413667;3405689;3107;0;587
FR;3;2021-09-04;55;296;3;0;52;4413722;3405985;3110;0;639
FR;3;2021-09-05;51;67;5;0;26;4413773;3406052;3115;0;665
FR;3;2021-09-06;118;370;4;0;132;4413891;3406422;3119;0;797
FR;3;2021-09-07;124;439;14;0;118;4414015;3406861;3133;0;915
FR;3;2021-09-08;121;348;2;0;91;4414136;3407209;3135;0;1006
FR;3;2021-09-09;94;381;8;0;103;4414230;3407590;3143;0;1109
FR;3;2021-09-10;101;403;3;0;95;4414331;3407993;3146;0;1204
FR;3;2021-09-11;78;234;4;0;65;4414409;3408227;3150;0;1269
FR;3;2021-09-12;37;48;1;0;16;4414446;3408275;3151;0;1285
FR;3;2021-09-13;75;306;7;0;102;4414521;3408581;3158;0;1387
FR;3;2021-09-14;75;275;6;0;96;4414596;3408856;3164;0;1483
FR;3;2021-09-15;63;255;3;0;6;4414659;3409111;3167;0;1489
FR;3;2021-09-16;65;322;6;0;6;4414724;3409433;3173;0;1495
FR;3;2021-09-17;52;329;3;0;7;4414776;3409762;3176;0;1502
FR;3;2021-09-18;37;173;1;0;1;4414813;3409935;3177;0;1503
FR;3;2021-09-19;29;31;2;0;1;4414842;3409966;3179;0;1504
FR;3;2021-09-20;81;194;0;0;1;4414923;3410160;3179;0;1505
FR;3;2021-09-21;60;275;6;0;7;4414983;3410435;3185;0;1512
FR;3;2021-09-22;65;232;6;0;7;4415048;3410667;3191;0;1519
FR;3;2021-09-23;37;261;11;0;7;4415085;3410928;3202;0;1526
FR;3;2021-09-24;28;320;12;0;18;4415113;3411248;3214;0;1544
FR;3;2021-09-25;31;143;3;0;3;4415144;3411391;3217;0;1547
FR;3;2021-09-26;16;58;1;0;1;4415160;3411449;3218;0;1548
FR;3;2021-09-27;48;289;3;0;5;4415208;3411738;3221;0;1553
FR;3;2021-09-28;49;246;6;0;8;4415257;3411984;3227;0;1561
FR;3;2021-09-29;38;220;10;0;15;4415295;3412204;3237;0;1576
FR;3;2021-09-30;40;202;8;0;10;4415335;3412406;3245;0;1586
FR;3;2021-10-01;23;161;6;0;8;4415358;3412567;3251;0;1594
FR;3;2021-10-02;17;84;0;0;0;4415375;3412651;3251;0;1594
FR;3;2021-10-03;19;18;1;0;2;4415394;3412669;3252;0;1596
FR;3;2021-10-04;33;159;4;0;4;4415427;3412828;3256;0;1600
FR;3;2021-10-05;17;150;10;0;12;4415444;3412978;3266;0;1612
FR;3;2021-10-06;33;144;8;0;9;4415477;3413122;3274;0;1621
FR;3;2021-10-07;19;136;6;0;6;4415496;3413258;3280;0;1627
FR;3;2021-10-08;25;139;10;0;9;4415521;3413397;3290;0;1636
FR;3;2021-10-09;16;73;1;0;1;4415537;3413470;3291;0;1637
FR;3;2021-10-10;13;17;2;0;3;4415550;3413487;3293;0;1640
FR;3;2021-10-11;17;117;4;0;5;4415567;3413604;3297;0;1645
FR;3;2021-10-12;21;103;5;0;5;4415588;3413707;3302;0;1650
FR;3;2021-10-13;25;115;9;0;7;4415613;3413822;3311;0;1657
FR;3;2021-10-14;19;147;3;0;4;4415632;3413969;3314;0;1661
FR;3;2021-10-15;23;141;8;0;12;4415655;3414110;3322;0;1673
FR;3;2021-10-16;13;70;6;0;8;4415668;3414180;3328;0;1681
FR;3;2021-10-17;12;26;0;0;0;4415680;3414206;3328;0;1681
FR;3;2021-10-18;18;113;2;0;2;4415698;3414319;3330;0;1683
FR;3;2021-10-19;18;113;19;0;21;4415716;3414432;3349;0;1704
FR;3;2021-10-20;26;128;6;0;7;4415742;3414560;3355;0;1711
FR;3;2021-10-21;28;127;17;0;13;4415770;3414687;3372;0;1724
FR;3;2021-10-22;24;108;18;0;21;4415794;3414795;3390;0;1745
FR;3;2021-10-23;17;54;3;0;2;4415811;3414849;3393;0;1747
FR;3;2021-10-24;7;36;0;0;0;4415818;3414885;3393;0;1747
FR;3;2021-10-25;26;142;7;0;7;4415844;3415027;3400;0;1754
FR;3;2021-10-26;25;97;22;0;19;4415869;3415124;3422;0;1773
FR;3;2021-10-27;18;96;9;0;9;4415887;3415220;3431;0;1782
FR;3;2021-10-28;23;116;33;0;36;4415910;3415336;3464;0;1818
FR;3;2021-10-29;12;102;64;0;54;4415922;3415438;3528;0;1872
FR;3;2021-10-30;11;63;11;1;10;4415933;3415501;3539;1;1882
FR;3;2021-10-31;8;25;1;0;1;4415941;3415526;3540;1;1883
FR;3;2021-11-01;11;22;2;0;1;4415952;3415548;3542;1;1884
FR;3;2021-11-02;11;102;10;0;12;4415963;3415650;3552;1;1896
FR;3;2021-11-03;20;109;10;0;10;4415983;3415759;3562;1;1906
FR;3;2021-11-04;20;91;5;0;4;4416003;3415850;3567;1;1910
FR;3;2021-11-05;19;122;9;1;6;4416022;3415972;3576;2;1916
FR;3;2021-11-06;11;58;3;0;3;4416033;3416030;3579;2;1919
FR;3;2021-11-07;6;22;1;0;1;4416039;3416052;3580;2;1920
FR;3;2021-11-08;11;130;7;0;5;4416050;3416182;3587;2;1925
FR;3;2021-11-09;15;126;6;0;6;4416065;3416308;3593;2;1931
FR;3;2021-11-10;14;149;14;0;15;4416079;3416457;3607;2;1946
FR;3;2021-11-11;11;50;3;0;3;4416090;3416507;3610;2;1949
FR;3;2021-11-12;15;129;6;0;4;4416105;3416636;3616;2;1953
FR;3;2021-11-13;7;67;9;0;10;4416112;3416703;3625;2;1963
FR;3;2021-11-14;3;24;1;0;1;4416115;3416727;3626;2;1964
FR;3;2021-11-15;5;167;10;0;11;4416120;3416894;3636;2;1975
FR;3;2021-11-16;9;130;11;0;10;4416129;3417024;3647;2;1985
FR;3;2021-11-17;8;140;11;0;8;4416137;3417164;3658;2;1993
FR;3;2021-11-18;15;139;10;0;11;4416152;3417303;3668;2;2004
FR;3;2021-11-19;12;189;22;0;27;4416164;3417492;3690;2;2031
FR;3;2021-11-20;6;103;6;0;6;4416170;3417595;3696;2;2037
FR;3;2021-11-21;3;25;4;0;4;4416173;3417620;3700;2;2041
FR;3;2021-11-22;11;194;11;0;11;4416184;3417814;3711;2;2052
FR;3;2021-11-23;9;191;15;0;14;4416193;3418005;3726;2;2066
FR;3;2021-11-24;9;196;9;0;17;4416202;3418201;3735;2;2083
FR;3;2021-11-25;12;213;11;0;11;4416214;3418414;3746;2;2094
FR;3;2021-11-26;9;278;35;0;33;4416223;3418692;3781;2;2127
FR;3;2021-11-27;8;137;20;0;21;4416231;3418829;3801;2;2148
FR;3;2021-11-28;3;60;7;0;7;4416234;3418889;3808;2;2155
FR;3;2021-11-29;5;242;21;0;22;4416239;3419131;3829;2;2177
FR;3;2021-11-30;7;318;29;0;32;4416246;3419449;3858;2;2209
FR;3;2021-12-01;30;351;37;0;39;4416276;3419800;3895;2;2248
FR;3;2021-12-02;9;372;33;0;36;4416285;3420172;3928;2;2284
FR;3;2021-12-03;5;402;37;0;38;4416290;3420574;3965;2;2322
FR;3;2021-12-04;3;226;26;0;28;4416293;3420800;3991;2;2350
FR;3;2021-12-05;1;65;5;0;5;4416294;3420865;3996;2;2355
FR;3;2021-12-06;6;392;14;0;15;4416300;3421257;4010;2;2370
FR;3;2021-12-07;6;453;20;0;24;4416306;3421710;4030;2;2394
FR;3;2021-12-08;8;413;29;0;30;4416314;3422123;4059;2;2424
FR;3;2021-12-09;3;472;17;0;22;4416317;3422595;4076;2;2446
FR;3;2021-12-10;10;485;29;0;25;4416327;3423080;4105;2;2471
FR;3;2021-12-11;4;315;10;0;9;4416331;3423395;4115;2;2480
FR;3;2021-12-12;1;103;3;0;3;4416332;3423498;4118;2;2483
FR;3;2021-12-13;2;466;19;0;21;4416334;3423964;4137;2;2504
FR;3;2021-12-14;8;590;18;0;21;4416342;3424554;4155;2;2525
FR;3;2021-12-15;9;573;17;0;21;4416351;3425127;4172;2;2546
FR;3;2021-12-16;10;579;19;0;18;4416361;3425706;4191;2;2564
FR;3;2021-12-17;5;654;18;0;19;4416366;3426360;4209;2;2583
FR;3;2021-12-18;4;367;4;0;5;4416370;3426727;4213;2;2588
FR;3;2021-12-19;3;193;2;0;2;4416373;3426920;4215;2;2590
FR;3;2021-12-20;9;609;23;0;28;4416382;3427529;4238;2;2618
FR;3;2021-12-21;3;697;10;0;13;4416385;3428226;4248;2;2631
FR;3;2021-12-22;10;649;9;0;10;4416395;3428875;4257;2;2641
FR;3;2021-12-23;3;575;8;0;8;4416398;3429450;4265;2;2649
FR;3;2021-12-24;2;243;3;0;6;4416400;3429693;4268;2;2655
FR;3;2021-12-25;0;25;0;0;0;4416400;3429718;4268;2;2655
FR;3;2021-12-26;0;92;1;0;1;4416400;3429810;4269;2;2656
FR;3;2021-12-27;7;484;17;0;20;4416407;3430294;4286;2;2676
FR;3;2021-12-28;3;609;6;0;5;4416410;3430903;4292;2;2681
FR;3;2021-12-29;4;519;14;0;16;4416414;3431422;4306;2;2697
FR;3;2021-12-30;3;541;7;0;10;4416417;3431963;4313;2;2707
FR;3;2021-12-31;0;189;5;0;7;4416417;3432152;4318;2;2714
FR;3;2022-01-01;0;26;0;0;2;4416417;3432178;4318;2;2716
FR;3;2022-01-02;0;80;0;0;0;4416417;3432258;4318;2;2716
FR;3;2022-01-03;3;518;17;0;21;4416420;3432776;4335;2;2737
FR;3;2022-01-04;6;560;9;0;8;4416426;3433336;4344;2;2745
FR;3;2022-01-05;5;510;10;0;14;4416431;3433846;4354;2;2759
FR;3;2022-01-06;6;489;9;0;10;4416437;3434335;4363;2;2769
FR;3;2022-01-07;2;513;11;0;13;4416439;3434848;4374;2;2782
FR;3;2022-01-08;4;261;4;0;5;4416443;3435109;4378;2;2787
FR;3;2022-01-09;0;117;0;0;0;4416443;3435226;4378;2;2787
FR;3;2022-01-10;2;445;12;0;12;4416445;3435671;4390;2;2799
FR;3;2022-01-11;3;474;1;0;1;4416448;3436145;4391;2;2800
FR;3;2022-01-12;2;411;9;0;10;4416450;3436556;4400;2;2810
FR;3;2022-01-13;3;395;11;0;12;4416453;3436951;4411;2;2822
FR;3;2022-01-14;4;437;10;0;13;4416457;3437388;4421;2;2835
FR;3;2022-01-15;0;284;2;0;3;4416457;3437672;4423;2;2838
FR;3;2022-01-16;1;109;1;0;1;4416458;3437781;4424;2;2839
FR;3;2022-01-17;2;330;8;0;9;4416460;3438111;4432;2;2848
FR;3;2022-01-18;2;373;1;0;2;4416462;3438484;4433;2;2850
FR;3;2022-01-19;2;330;5;0;10;4416464;3438814;4438;2;2860
FR;3;2022-01-20;1;356;5;0;3;4416465;3439170;4443;2;2863
FR;3;2022-01-21;4;347;5;0;7;4416469;3439517;4448;2;2870
FR;3;2022-01-22;2;227;1;0;2;4416471;3439744;4449;2;2872
FR;3;2022-01-23;0;78;0;0;1;4416471;3439822;4449;2;2873
FR;3;2022-01-24;2;325;1;0;6;4416473;3440147;4450;2;2879
FR;3;2022-01-25;0;177;0;0;0;4416473;3440324;4450;2;2879
FR;3;2022-01-26;0;77;0;0;0;4416473;3440401;4450;2;2879
FR;3;2022-01-27;0;54;0;0;0;4416473;3440455;4450;2;2879
FR;3;2022-01-28;0;119;0;0;0;4416473;3440574;4450;2;2879
FR;3;2022-01-29;0;99;0;0;0;4416473;3440673;4450;2;2879
FR;3;2022-01-30;0;51;0;0;0;4416473;3440724;4450;2;2879
FR;3;2022-01-31;0;92;0;0;0;4416473;3440816;4450;2;2879
FR;3;2022-02-01;0;99;0;0;1;4416473;3440915;4450;2;2880
FR;3;2022-02-02;0;86;0;0;0;4416473;3441001;4450;2;2880
FR;3;2022-02-03;0;95;0;0;0;4416473;3441096;4450;2;2880
FR;3;2022-02-04;0;115;0;0;0;4416473;3441211;4450;2;2880
FR;3;2022-02-05;0;71;0;0;0;4416473;3441282;4450;2;2880
FR;3;2022-02-06;0;11;0;0;0;4416473;3441293;4450;2;2880
FR;3;2022-02-07;0;77;0;0;0;4416473;3441370;4450;2;2880
FR;3;2022-02-08;0;0;0;0;0;4416473;3441370;4450;2;2880
FR;3;2022-02-09;0;0;0;0;0;4416473;3441370;4450;2;2880
FR;3;2022-02-10;0;0;0;0;0;4416473;3441370;4450;2;2880
FR;3;2022-02-11;0;0;0;0;0;4416473;3441370;4450;2;2880
FR;3;2022-02-12;0;0;0;0;0;4416473;3441370;4450;2;2880
FR;3;2022-02-13;0;0;0;0;0;4416473;3441370;4450;2;2880
FR;3;2022-02-14;0;0;0;0;0;4416473;3441370;4450;2;2880
FR;3;2022-02-15;0;0;0;0;0;4416473;3441370;4450;2;2880
FR;3;2022-02-16;0;0;0;0;0;4416473;3441370;4450;2;2880
FR;3;2022-02-17;0;0;0;0;0;4416473;3441370;4450;2;2880
FR;3;2022-02-18;0;0;0;0;0;4416473;3441370;4450;2;2880
FR;3;2022-02-19;0;0;0;0;0;4416473;3441370;4450;2;2880
FR;3;2022-02-20;0;0;0;0;0;4416473;3441370;4450;2;2880
FR;3;2022-02-21;2;0;0;0;0;4416475;3441370;4450;2;2880
FR;3;2022-02-22;0;0;0;0;0;4416475;3441370;4450;2;2880
FR;3;2022-02-23;0;0;0;0;0;4416475;3441370;4450;2;2880
FR;3;2022-02-24;0;0;0;0;0;4416475;3441370;4450;2;2880
FR;3;2022-02-25;0;0;0;0;0;4416475;3441370;4450;2;2880
FR;3;2022-02-26;0;0;0;0;0;4416475;3441370;4450;2;2880
FR;3;2022-02-27;0;0;0;0;0;4416475;3441370;4450;2;2880
FR;3;2022-02-28;1;0;0;0;0;4416476;3441370;4450;2;2880
FR;3;2022-03-01;1;0;0;0;0;4416477;3441370;4450;2;2880
FR;3;2022-03-02;0;0;0;0;0;4416477;3441370;4450;2;2880
FR;3;2022-03-03;0;0;0;0;0;4416477;3441370;4450;2;2880
FR;3;2022-03-04;0;0;0;0;0;4416477;3441370;4450;2;2880
FR;3;2022-03-05;0;0;0;0;0;4416477;3441370;4450;2;2880
FR;3;2022-03-06;1;0;0;0;0;4416478;3441370;4450;2;2880
FR;3;2022-03-07;0;0;0;0;0;4416478;3441370;4450;2;2880
FR;3;2022-03-08;1;0;0;0;0;4416479;3441370;4450;2;2880
FR;3;2022-03-09;0;0;0;0;0;4416479;3441370;4450;2;2880
FR;3;2022-03-10;0;0;0;0;0;4416479;3441370;4450;2;2880
FR;3;2022-03-11;0;0;0;0;0;4416479;3441370;4450;2;2880
FR;3;2022-03-12;0;0;0;0;0;4416479;3441370;4450;2;2880
FR;3;2022-03-13;0;0;0;0;0;4416479;3441370;4450;2;2880
FR;3;2022-03-14;0;0;0;0;0;4416479;3441370;4450;2;2880
FR;3;2022-03-15;0;0;0;0;0;4416479;3441370;4450;2;2880
FR;3;2022-03-16;0;0;0;0;0;4416479;3441370;4450;2;2880
FR;3;2022-03-17;0;0;0;0;0;4416479;3441370;4450;2;2880
FR;3;2022-03-18;0;0;0;0;0;4416479;3441370;4450;2;2880
FR;3;2022-03-19;0;0;0;0;0;4416479;3441370;4450;2;2880
FR;3;2022-03-20;1;0;0;0;0;4416480;3441370;4450;2;2880
FR;3;2022-03-21;0;0;0;0;0;4416480;3441370;4450;2;2880
FR;3;2022-03-22;0;0;0;0;0;4416480;3441370;4450;2;2880
FR;3;2022-03-23;1;0;0;0;0;4416481;3441370;4450;2;2880
FR;3;2022-03-24;0;0;0;0;0;4416481;3441370;4450;2;2880
FR;3;2022-03-25;1;0;0;0;0;4416482;3441370;4450;2;2880
FR;3;2022-03-26;0;0;0;0;0;4416482;3441370;4450;2;2880
FR;3;2022-03-27;0;0;0;0;0;4416482;3441370;4450;2;2880
FR;3;2022-03-28;0;0;0;0;0;4416482;3441370;4450;2;2880
FR;3;2022-03-29;0;0;0;0;0;4416482;3441370;4450;2;2880
FR;3;2022-03-30;0;0;0;0;0;4416482;3441370;4450;2;2880
FR;3;2022-03-31;0;0;0;0;0;4416482;3441370;4450;2;2880
FR;3;2022-04-01;0;0;0;0;0;4416482;3441370;4450;2;2880
FR;3;2022-04-02;0;0;0;0;0;4416482;3441370;4450;2;2880
FR;3;2022-04-03;0;0;0;0;0;4416482;3441370;4450;2;2880
FR;3;2022-04-04;0;0;0;0;0;4416482;3441370;4450;2;2880
FR;3;2022-04-05;0;0;0;0;0;4416482;3441370;4450;2;2880
FR;3;2022-04-06;0;0;0;0;0;4416482;3441370;4450;2;2880
FR;3;2022-04-07;0;0;0;0;0;4416482;3441370;4450;2;2880
FR;3;2022-04-08;0;0;0;0;0;4416482;3441370;4450;2;2880
FR;3;2022-04-09;0;0;0;0;0;4416482;3441370;4450;2;2880
FR;3;2022-04-10;0;0;0;0;0;4416482;3441370;4450;2;2880
FR;3;2022-04-11;0;0;0;0;0;4416482;3441370;4450;2;2880
FR;3;2022-04-12;0;0;0;0;0;4416482;3441370;4450;2;2880
FR;3;2022-04-13;0;0;0;0;0;4416482;3441370;4450;2;2880
FR;3;2022-04-14;0;0;0;0;0;4416482;3441370;4450;2;2880
FR;3;2022-04-15;1;0;0;0;0;4416483;3441370;4450;2;2880
FR;3;2022-04-16;0;0;0;0;0;4416483;3441370;4450;2;2880
FR;3;2022-04-17;0;0;0;0;0;4416483;3441370;4450;2;2880
FR;3;2022-04-18;0;0;0;0;0;4416483;3441370;4450;2;2880
FR;3;2022-04-19;0;0;0;0;0;4416483;3441370;4450;2;2880
FR;3;2022-04-20;0;0;0;0;0;4416483;3441370;4450;2;2880
FR;3;2022-04-21;0;0;0;0;0;4416483;3441370;4450;2;2880
FR;3;2022-04-22;0;0;0;0;0;4416483;3441370;4450;2;2880
FR;3;2022-04-23;0;0;0;0;0;4416483;3441370;4450;2;2880
FR;3;2022-04-24;0;0;0;0;0;4416483;3441370;4450;2;2880
FR;3;2022-04-25;0;0;0;0;0;4416483;3441370;4450;2;2880
FR;3;2022-04-26;0;0;0;0;0;4416483;3441370;4450;2;2880
FR;3;2022-04-27;0;0;0;0;0;4416483;3441370;4450;2;2880
FR;3;2022-04-28;0;0;0;0;0;4416483;3441370;4450;2;2880
FR;3;2022-04-29;0;0;0;0;0;4416483;3441370;4450;2;2880
FR;3;2022-04-30;0;0;0;0;0;4416483;3441370;4450;2;2880
FR;3;2022-05-01;0;0;0;0;0;4416483;3441370;4450;2;2880
FR;3;2022-05-02;0;0;0;0;0;4416483;3441370;4450;2;2880
FR;3;2022-05-03;0;0;0;0;0;4416483;3441370;4450;2;2880
FR;3;2022-05-04;0;0;0;0;0;4416483;3441370;4450;2;2880
FR;3;2022-05-05;0;0;0;0;0;4416483;3441370;4450;2;2880
FR;3;2022-05-06;0;0;0;0;0;4416483;3441370;4450;2;2880
FR;3;2022-05-07;0;0;0;0;0;4416483;3441370;4450;2;2880
FR;3;2022-05-08;0;0;0;0;0;4416483;3441370;4450;2;2880
FR;3;2022-05-09;0;0;0;0;0;4416483;3441370;4450;2;2880
FR;3;2022-05-10;0;0;0;0;0;4416483;3441370;4450;2;2880
FR;3;2022-05-11;0;0;0;0;0;4416483;3441370;4450;2;2880
FR;3;2022-05-12;0;0;0;0;0;4416483;3441370;4450;2;2880
FR;3;2022-05-13;0;0;0;0;0;4416483;3441370;4450;2;2880
FR;3;2022-05-14;1;0;0;0;0;4416484;3441370;4450;2;2880
FR;3;2022-05-15;0;0;0;0;0;4416484;3441370;4450;2;2880
FR;3;2022-05-16;0;0;0;0;0;4416484;3441370;4450;2;2880
FR;3;2022-05-17;0;0;0;0;0;4416484;3441370;4450;2;2880
FR;3;2022-05-18;0;0;0;0;0;4416484;3441370;4450;2;2880
FR;3;2022-05-19;0;0;0;0;0;4416484;3441370;4450;2;2880
FR;3;2022-05-20;0;0;0;0;0;4416484;3441370;4450;2;2880
FR;3;2022-05-21;0;0;0;0;0;4416484;3441370;4450;2;2880
FR;3;2022-05-22;0;0;0;0;0;4416484;3441370;4450;2;2880
FR;3;2022-05-23;0;0;0;0;0;4416484;3441370;4450;2;2880
FR;3;2022-05-24;0;0;0;0;0;4416484;3441370;4450;2;2880
FR;3;2022-05-25;0;0;0;0;0;4416484;3441370;4450;2;2880
FR;3;2022-05-26;0;0;0;0;0;4416484;3441370;4450;2;2880
FR;3;2022-05-27;0;0;0;0;0;4416484;3441370;4450;2;2880
FR;3;2022-05-28;0;0;0;0;0;4416484;3441370;4450;2;2880
FR;3;2022-05-29;0;0;0;0;0;4416484;3441370;4450;2;2880
FR;3;2022-05-30;0;0;0;0;0;4416484;3441370;4450;2;2880
FR;3;2022-05-31;0;0;0;0;0;4416484;3441370;4450;2;2880
FR;3;2022-06-01;0;0;0;0;0;4416484;3441370;4450;2;2880
FR;3;2022-06-02;0;0;0;0;0;4416484;3441370;4450;2;2880
FR;3;2022-06-03;0;0;0;0;0;4416484;3441370;4450;2;2880
FR;3;2022-06-04;0;0;0;0;0;4416484;3441370;4450;2;2880
FR;3;2022-06-05;0;0;0;0;0;4416484;3441370;4450;2;2880
FR;3;2022-06-06;0;0;0;0;0;4416484;3441370;4450;2;2880
FR;3;2022-06-07;0;0;0;0;0;4416484;3441370;4450;2;2880
FR;3;2022-06-08;0;0;0;0;0;4416484;3441370;4450;2;2880
FR;3;2022-06-09;0;0;0;0;0;4416484;3441370;4450;2;2880
FR;3;2022-06-10;0;0;0;0;0;4416484;3441370;4450;2;2880
FR;3;2022-06-11;0;0;0;0;0;4416484;3441370;4450;2;2880
FR;3;2022-06-12;0;0;0;0;0;4416484;3441370;4450;2;2880
FR;3;2022-06-13;1;0;0;0;0;4416485;3441370;4450;2;2880
FR;3;2022-06-14;0;0;0;0;0;4416485;3441370;4450;2;2880
FR;3;2022-06-15;0;0;0;0;0;4416485;3441370;4450;2;2880
FR;3;2022-06-16;0;0;0;0;0;4416485;3441370;4450;2;2880
FR;3;2022-06-17;0;0;0;0;0;4416485;3441370;4450;2;2880
FR;3;2022-06-18;0;0;0;0;0;4416485;3441370;4450;2;2880
FR;3;2022-06-19;0;0;0;0;0;4416485;3441370;4450;2;2880
FR;3;2022-06-20;0;0;0;0;0;4416485;3441370;4450;2;2880
FR;3;2022-06-21;0;0;0;0;0;4416485;3441370;4450;2;2880
FR;3;2022-06-22;0;0;0;0;0;4416485;3441370;4450;2;2880
FR;3;2022-06-23;0;0;0;0;0;4416485;3441370;4450;2;2880
FR;3;2022-06-24;0;0;0;0;0;4416485;3441370;4450;2;2880
FR;3;2022-06-25;0;0;0;0;0;4416485;3441370;4450;2;2880
FR;3;2022-06-26;0;0;0;0;0;4416485;3441370;4450;2;2880
FR;3;2022-06-27;0;0;0;0;0;4416485;3441370;4450;2;2880
FR;3;2022-06-28;0;0;0;0;0;4416485;3441370;4450;2;2880
FR;3;2022-06-29;1;0;0;0;0;4416486;3441370;4450;2;2880
FR;3;2022-06-30;0;0;0;0;0;4416486;3441370;4450;2;2880
FR;3;2022-07-01;0;0;0;0;0;4416486;3441370;4450;2;2880
FR;3;2022-07-02;0;0;0;0;0;4416486;3441370;4450;2;2880
FR;3;2022-07-03;0;0;0;0;0;4416486;3441370;4450;2;2880
FR;3;2022-07-04;0;0;0;0;0;4416486;3441370;4450;2;2880
FR;3;2022-07-05;0;0;0;0;0;4416486;3441370;4450;2;2880
FR;3;2022-07-06;0;0;0;0;0;4416486;3441370;4450;2;2880
FR;3;2022-07-07;0;0;0;0;0;4416486;3441370;4450;2;2880
FR;3;2022-07-08;0;0;0;0;0;4416486;3441370;4450;2;2880
FR;3;2022-07-09;0;0;0;0;0;4416486;3441370;4450;2;2880
FR;3;2022-07-10;0;0;0;0;0;4416486;3441370;4450;2;2880
FR;3;2022-07-11;0;0;0;0;0;4416486;3441370;4450;2;2880
FR;3;2022-07-12;0;0;0;0;0;4416486;3441370;4450;2;2880
FR;3;2022-07-13;0;0;0;0;0;4416486;3441370;4450;2;2880
FR;3;2022-07-14;0;0;0;0;0;4416486;3441370;4450;2;2880
FR;3;2022-07-15;0;0;0;0;0;4416486;3441370;4450;2;2880
FR;3;2022-07-16;0;0;0;0;0;4416486;3441370;4450;2;2880
FR;3;2022-07-17;0;0;0;0;0;4416486;3441370;4450;2;2880
FR;3;2022-07-18;0;0;0;0;0;4416486;3441370;4450;2;2880
FR;3;2022-07-19;0;0;0;0;0;4416486;3441370;4450;2;2880
FR;3;2022-07-20;0;0;0;0;0;4416486;3441370;4450;2;2880
FR;3;2022-07-21;0;0;0;0;0;4416486;3441370;4450;2;2880
FR;3;2022-07-22;0;0;0;0;0;4416486;3441370;4450;2;2880
FR;3;2022-07-23;0;0;0;0;0;4416486;3441370;4450;2;2880
FR;3;2022-07-24;0;0;0;0;0;4416486;3441370;4450;2;2880
FR;3;2022-07-25;0;0;0;0;0;4416486;3441370;4450;2;2880
FR;3;2022-07-26;0;0;0;0;0;4416486;3441370;4450;2;2880
FR;3;2022-07-27;0;0;0;0;0;4416486;3441370;4450;2;2880
FR;3;2022-07-28;0;0;0;0;0;4416486;3441370;4450;2;2880
FR;3;2022-07-29;0;0;0;0;0;4416486;3441370;4450;2;2880
FR;3;2022-07-30;0;0;0;0;0;4416486;3441370;4450;2;2880
FR;3;2022-07-31;0;0;0;0;0;4416486;3441370;4450;2;2880
FR;3;2022-08-01;0;0;0;0;0;4416486;3441370;4450;2;2880
FR;3;2022-08-02;0;0;0;0;0;4416486;3441370;4450;2;2880
FR;3;2022-08-03;0;0;0;0;0;4416486;3441370;4450;2;2880
FR;3;2022-08-04;0;0;0;0;0;4416486;3441370;4450;2;2880
FR;3;2022-08-05;0;0;0;0;0;4416486;3441370;4450;2;2880
FR;3;2022-08-06;0;0;0;0;0;4416486;3441370;4450;2;2880
FR;3;2022-08-07;0;0;0;0;0;4416486;3441370;4450;2;2880
FR;3;2022-08-08;0;0;0;0;0;4416486;3441370;4450;2;2880
FR;3;2022-08-09;0;0;0;0;0;4416486;3441370;4450;2;2880
FR;3;2022-08-10;0;0;0;0;0;4416486;3441370;4450;2;2880
FR;3;2022-08-11;0;0;0;0;0;4416486;3441370;4450;2;2880
FR;3;2022-08-12;0;0;0;0;0;4416486;3441370;4450;2;2880
FR;3;2022-08-13;0;0;0;0;0;4416486;3441370;4450;2;2880
FR;3;2022-08-14;0;0;0;0;0;4416486;3441370;4450;2;2880
FR;3;2022-08-15;0;0;0;0;0;4416486;3441370;4450;2;2880
FR;3;2022-08-16;0;0;0;0;0;4416486;3441370;4450;2;2880
FR;3;2022-08-17;0;0;0;0;0;4416486;3441370;4450;2;2880
FR;3;2022-08-18;0;0;0;0;0;4416486;3441370;4450;2;2880
FR;3;2022-08-19;0;0;0;0;0;4416486;3441370;4450;2;2880
FR;3;2022-08-20;0;0;0;0;0;4416486;3441370;4450;2;2880
FR;3;2022-08-21;0;0;0;0;0;4416486;3441370;4450;2;2880
FR;3;2022-08-22;0;0;0;0;0;4416486;3441370;4450;2;2880
FR;3;2022-08-23;0;0;0;0;0;4416486;3441370;4450;2;2880
FR;3;2022-08-24;0;0;0;0;0;4416486;3441370;4450;2;2880
FR;3;2022-08-25;0;0;0;0;0;4416486;3441370;4450;2;2880
FR;3;2022-08-26;0;0;0;0;0;4416486;3441370;4450;2;2880
FR;3;2022-08-27;0;0;0;0;0;4416486;3441370;4450;2;2880
FR;3;2022-08-28;0;0;0;0;0;4416486;3441370;4450;2;2880
FR;3;2022-08-29;0;0;0;0;0;4416486;3441370;4450;2;2880
FR;3;2022-08-30;0;0;0;0;0;4416486;3441370;4450;2;2880
FR;3;2022-08-31;0;0;0;0;0;4416486;3441370;4450;2;2880
FR;3;2022-09-01;0;0;0;0;0;4416486;3441370;4450;2;2880
FR;3;2022-09-02;0;0;0;0;0;4416486;3441370;4450;2;2880
FR;3;2022-09-03;0;0;0;0;0;4416486;3441370;4450;2;2880
FR;3;2022-09-04;0;0;0;0;0;4416486;3441370;4450;2;2880
FR;3;2022-09-05;0;0;0;0;0;4416486;3441370;4450;2;2880
FR;3;2022-09-06;0;0;0;0;0;4416486;3441370;4450;2;2880
FR;3;2022-09-07;0;0;0;0;0;4416486;3441370;4450;2;2880
FR;3;2022-09-08;0;0;0;0;0;4416486;3441370;4450;2;2880
FR;3;2022-09-09;0;0;0;0;0;4416486;3441370;4450;2;2880
FR;3;2022-09-10;0;0;0;0;0;4416486;3441370;4450;2;2880
FR;3;2022-09-11;0;0;0;0;0;4416486;3441370;4450;2;2880
FR;3;2022-09-12;0;0;0;0;0;4416486;3441370;4450;2;2880
FR;3;2022-09-13;0;0;0;0;0;4416486;3441370;4450;2;2880
FR;3;2022-09-14;0;0;0;0;0;4416486;3441370;4450;2;2880
FR;3;2022-09-15;0;0;0;0;0;4416486;3441370;4450;2;2880
FR;3;2022-09-16;0;0;0;0;0;4416486;3441370;4450;2;2880
FR;3;2022-09-17;0;0;0;0;0;4416486;3441370;4450;2;2880
FR;3;2022-09-18;0;0;0;0;0;4416486;3441370;4450;2;2880
FR;3;2022-09-19;0;0;0;0;0;4416486;3441370;4450;2;2880
FR;3;2022-09-20;0;0;0;0;0;4416486;3441370;4450;2;2880
FR;3;2022-09-21;0;0;0;0;0;4416486;3441370;4450;2;2880
FR;3;2022-09-22;0;0;0;0;0;4416486;3441370;4450;2;2880
FR;3;2022-09-23;0;0;0;0;0;4416486;3441370;4450;2;2880
FR;3;2022-09-24;0;0;0;0;0;4416486;3441370;4450;2;2880
FR;3;2022-09-25;0;0;0;0;0;4416486;3441370;4450;2;2880
FR;3;2022-09-26;0;0;0;0;0;4416486;3441370;4450;2;2880
FR;3;2022-09-27;0;0;0;0;0;4416486;3441370;4450;2;2880
FR;3;2022-09-28;0;0;0;0;0;4416486;3441370;4450;2;2880
FR;3;2022-09-29;0;0;0;0;0;4416486;3441370;4450;2;2880
FR;3;2022-09-30;0;0;0;0;0;4416486;3441370;4450;2;2880
FR;3;2022-10-01;0;0;0;0;0;4416486;3441370;4450;2;2880
FR;3;2022-10-02;0;0;0;0;0;4416486;3441370;4450;2;2880
FR;3;2022-10-03;0;0;0;0;0;4416486;3441370;4450;2;2880
FR;3;2022-10-04;0;0;0;0;0;4416486;3441370;4450;2;2880
FR;3;2022-10-05;0;0;0;0;0;4416486;3441370;4450;2;2880
FR;3;2022-10-06;0;0;0;0;0;4416486;3441370;4450;2;2880
FR;3;2022-10-07;0;0;0;0;0;4416486;3441370;4450;2;2880
FR;3;2022-10-08;0;0;0;0;0;4416486;3441370;4450;2;2880
FR;3;2022-10-09;0;0;0;0;0;4416486;3441370;4450;2;2880
FR;3;2022-10-10;0;0;0;0;0;4416486;3441370;4450;2;2880
FR;3;2022-10-11;0;0;0;0;0;4416486;3441370;4450;2;2880
FR;3;2022-10-12;0;0;0;0;0;4416486;3441370;4450;2;2880
FR;3;2022-10-13;0;0;0;0;0;4416486;3441370;4450;2;2880
FR;3;2022-10-14;0;0;0;0;0;4416486;3441370;4450;2;2880
FR;3;2022-10-15;0;0;0;0;0;4416486;3441370;4450;2;2880
FR;3;2022-10-16;0;0;0;0;0;4416486;3441370;4450;2;2880
FR;3;2022-10-17;0;0;0;0;0;4416486;3441370;4450;2;2880
FR;3;2022-10-18;0;0;0;0;0;4416486;3441370;4450;2;2880
FR;3;2022-10-19;0;0;0;0;0;4416486;3441370;4450;2;2880
FR;3;2022-10-20;0;0;0;0;0;4416486;3441370;4450;2;2880
FR;3;2022-10-21;0;0;0;0;0;4416486;3441370;4450;2;2880
FR;3;2022-10-22;0;0;0;0;0;4416486;3441370;4450;2;2880
FR;3;2022-10-23;0;0;0;0;0;4416486;3441370;4450;2;2880
FR;3;2022-10-24;0;0;0;0;0;4416486;3441370;4450;2;2880
FR;3;2022-10-25;0;0;0;0;0;4416486;3441370;4450;2;2880
FR;3;2022-10-26;0;0;0;0;0;4416486;3441370;4450;2;2880
FR;3;2022-10-27;0;0;0;0;0;4416486;3441370;4450;2;2880
FR;3;2022-10-28;0;0;0;0;0;4416486;3441370;4450;2;2880
FR;3;2022-10-29;0;0;0;0;0;4416486;3441370;4450;2;2880
FR;3;2022-10-30;0;0;0;0;0;4416486;3441370;4450;2;2880
FR;3;2022-10-31;0;0;0;0;0;4416486;3441370;4450;2;2880
FR;3;2022-11-01;0;0;0;0;0;4416486;3441370;4450;2;2880
FR;3;2022-11-02;0;0;0;0;0;4416486;3441370;4450;2;2880
FR;3;2022-11-03;0;0;0;0;0;4416486;3441370;4450;2;2880
FR;3;2022-11-04;0;0;0;0;0;4416486;3441370;4450;2;2880
FR;3;2022-11-05;0;0;0;0;0;4416486;3441370;4450;2;2880
FR;3;2022-11-06;0;0;0;0;0;4416486;3441370;4450;2;2880
FR;3;2022-11-07;0;0;0;0;0;4416486;3441370;4450;2;2880
FR;3;2022-11-08;1;0;0;0;0;4416487;3441370;4450;2;2880
FR;3;2022-11-09;0;0;0;0;0;4416487;3441370;4450;2;2880
FR;3;2022-11-10;0;0;0;0;0;4416487;3441370;4450;2;2880
FR;3;2022-11-11;0;0;0;0;0;4416487;3441370;4450;2;2880
FR;3;2022-11-12;0;0;0;0;0;4416487;3441370;4450;2;2880
FR;3;2022-11-13;0;0;0;0;0;4416487;3441370;4450;2;2880
FR;3;2022-11-14;0;0;0;0;0;4416487;3441370;4450;2;2880
FR;3;2022-11-15;0;0;0;0;0;4416487;3441370;4450;2;2880
FR;3;2022-11-16;0;0;0;0;0;4416487;3441370;4450;2;2880
FR;3;2022-11-17;0;0;0;0;0;4416487;3441370;4450;2;2880
FR;3;2022-11-18;0;0;0;0;0;4416487;3441370;4450;2;2880
FR;3;2022-11-19;0;0;0;0;0;4416487;3441370;4450;2;2880
FR;3;2022-11-20;0;0;0;0;0;4416487;3441370;4450;2;2880
FR;3;2022-11-21;0;0;0;0;0;4416487;3441370;4450;2;2880
FR;4;2020-12-27;0;0;0;0;0;0;0;0;0;0
FR;4;2020-12-28;0;0;0;0;0;0;0;0;0;0
FR;4;2020-12-29;0;0;0;0;0;0;0;0;0;0
FR;4;2020-12-30;0;0;0;0;0;0;0;0;0;0
FR;4;2020-12-31;0;0;0;0;0;0;0;0;0;0
FR;4;2021-01-01;0;0;0;0;0;0;0;0;0;0
FR;4;2021-01-02;0;0;0;0;0;0;0;0;0;0
FR;4;2021-01-03;0;0;0;0;0;0;0;0;0;0
FR;4;2021-01-04;0;0;0;0;0;0;0;0;0;0
FR;4;2021-01-05;0;0;0;0;0;0;0;0;0;0
FR;4;2021-01-06;0;0;0;0;0;0;0;0;0;0
FR;4;2021-01-07;0;0;0;0;0;0;0;0;0;0
FR;4;2021-01-08;0;0;0;0;0;0;0;0;0;0
FR;4;2021-01-09;0;0;0;0;0;0;0;0;0;0
FR;4;2021-01-10;0;0;0;0;0;0;0;0;0;0
FR;4;2021-01-11;0;0;0;0;0;0;0;0;0;0
FR;4;2021-01-12;0;0;0;0;0;0;0;0;0;0
FR;4;2021-01-13;0;0;0;0;0;0;0;0;0;0
FR;4;2021-01-14;0;0;0;0;0;0;0;0;0;0
FR;4;2021-01-15;0;0;0;0;0;0;0;0;0;0
FR;4;2021-01-16;0;0;0;0;0;0;0;0;0;0
FR;4;2021-01-17;0;0;0;0;0;0;0;0;0;0
FR;4;2021-01-18;0;0;0;0;0;0;0;0;0;0
FR;4;2021-01-19;0;0;0;0;0;0;0;0;0;0
FR;4;2021-01-20;0;0;0;0;0;0;0;0;0;0
FR;4;2021-01-21;0;0;0;0;0;0;0;0;0;0
FR;4;2021-01-22;0;0;0;0;0;0;0;0;0;0
FR;4;2021-01-23;0;0;0;0;0;0;0;0;0;0
FR;4;2021-01-24;0;0;0;0;0;0;0;0;0;0
FR;4;2021-01-25;0;0;0;0;0;0;0;0;0;0
FR;4;2021-01-26;0;0;0;0;0;0;0;0;0;0
FR;4;2021-01-27;0;0;0;0;0;0;0;0;0;0
FR;4;2021-01-28;0;0;0;0;0;0;0;0;0;0
FR;4;2021-01-29;0;0;0;0;0;0;0;0;0;0
FR;4;2021-01-30;0;0;0;0;0;0;0;0;0;0
FR;4;2021-01-31;0;0;0;0;0;0;0;0;0;0
FR;4;2021-02-01;0;0;0;0;0;0;0;0;0;0
FR;4;2021-02-02;0;0;0;0;0;0;0;0;0;0
FR;4;2021-02-03;0;0;0;0;0;0;0;0;0;0
FR;4;2021-02-04;0;0;0;0;0;0;0;0;0;0
FR;4;2021-02-05;0;0;0;0;0;0;0;0;0;0
FR;4;2021-02-06;0;0;0;0;0;0;0;0;0;0
FR;4;2021-02-07;0;0;0;0;0;0;0;0;0;0
FR;4;2021-02-08;0;0;0;0;0;0;0;0;0;0
FR;4;2021-02-09;0;0;0;0;0;0;0;0;0;0
FR;4;2021-02-10;0;0;0;0;0;0;0;0;0;0
FR;4;2021-02-11;0;0;0;0;0;0;0;0;0;0
FR;4;2021-02-12;0;0;0;0;0;0;0;0;0;0
FR;4;2021-02-13;0;0;0;0;0;0;0;0;0;0
FR;4;2021-02-14;0;0;0;0;0;0;0;0;0;0
FR;4;2021-02-15;0;0;0;0;0;0;0;0;0;0
FR;4;2021-02-16;0;0;0;0;0;0;0;0;0;0
FR;4;2021-02-17;0;0;0;0;0;0;0;0;0;0
FR;4;2021-02-18;0;0;0;0;0;0;0;0;0;0
FR;4;2021-02-19;0;0;0;0;0;0;0;0;0;0
FR;4;2021-02-20;0;0;0;0;0;0;0;0;0;0
FR;4;2021-02-21;0;0;0;0;0;0;0;0;0;0
FR;4;2021-02-22;0;0;0;0;0;0;0;0;0;0
FR;4;2021-02-23;0;0;0;0;0;0;0;0;0;0
FR;4;2021-02-24;0;0;0;0;0;0;0;0;0;0
FR;4;2021-02-25;0;0;0;0;0;0;0;0;0;0
FR;4;2021-02-26;0;0;0;0;0;0;0;0;0;0
FR;4;2021-02-27;0;0;0;0;0;0;0;0;0;0
FR;4;2021-02-28;0;0;0;0;0;0;0;0;0;0
FR;4;2021-03-01;0;0;0;0;0;0;0;0;0;0
FR;4;2021-03-02;0;0;0;0;0;0;0;0;0;0
FR;4;2021-03-03;0;0;0;0;0;0;0;0;0;0
FR;4;2021-03-04;0;0;0;0;0;0;0;0;0;0
FR;4;2021-03-05;0;0;0;0;0;0;0;0;0;0
FR;4;2021-03-06;0;0;0;0;0;0;0;0;0;0
FR;4;2021-03-07;0;0;0;0;0;0;0;0;0;0
FR;4;2021-03-08;0;0;0;0;0;0;0;0;0;0
FR;4;2021-03-09;0;0;0;0;0;0;0;0;0;0
FR;4;2021-03-10;0;0;0;0;0;0;0;0;0;0
FR;4;2021-03-11;0;0;0;0;0;0;0;0;0;0
FR;4;2021-03-12;0;0;0;0;0;0;0;0;0;0
FR;4;2021-03-13;0;0;0;0;0;0;0;0;0;0
FR;4;2021-03-14;0;0;0;0;0;0;0;0;0;0
FR;4;2021-03-15;0;0;0;0;0;0;0;0;0;0
FR;4;2021-03-16;0;0;0;0;0;0;0;0;0;0
FR;4;2021-03-17;0;0;0;0;0;0;0;0;0;0
FR;4;2021-03-18;0;0;0;0;0;0;0;0;0;0
FR;4;2021-03-19;0;0;0;0;0;0;0;0;0;0
FR;4;2021-03-20;0;0;0;0;0;0;0;0;0;0
FR;4;2021-03-21;0;0;0;0;0;0;0;0;0;0
FR;4;2021-03-22;0;0;0;0;0;0;0;0;0;0
FR;4;2021-03-23;0;0;0;0;0;0;0;0;0;0
FR;4;2021-03-24;0;0;0;0;0;0;0;0;0;0
FR;4;2021-03-25;0;0;0;0;0;0;0;0;0;0
FR;4;2021-03-26;0;0;0;0;0;0;0;0;0;0
FR;4;2021-03-27;0;0;0;0;0;0;0;0;0;0
FR;4;2021-03-28;0;0;0;0;0;0;0;0;0;0
FR;4;2021-03-29;0;0;0;0;0;0;0;0;0;0
FR;4;2021-03-30;0;0;0;0;0;0;0;0;0;0
FR;4;2021-03-31;0;0;0;0;0;0;0;0;0;0
FR;4;2021-04-01;0;0;0;0;0;0;0;0;0;0
FR;4;2021-04-02;0;0;0;0;0;0;0;0;0;0
FR;4;2021-04-03;0;0;0;0;0;0;0;0;0;0
FR;4;2021-04-04;0;0;0;0;0;0;0;0;0;0
FR;4;2021-04-05;0;0;0;0;0;0;0;0;0;0
FR;4;2021-04-06;0;0;0;0;0;0;0;0;0;0
FR;4;2021-04-07;0;0;0;0;0;0;0;0;0;0
FR;4;2021-04-08;0;0;0;0;0;0;0;0;0;0
FR;4;2021-04-09;0;0;0;0;0;0;0;0;0;0
FR;4;2021-04-10;0;0;0;0;0;0;0;0;0;0
FR;4;2021-04-11;0;0;0;0;0;0;0;0;0;0
FR;4;2021-04-12;0;0;0;0;0;0;0;0;0;0
FR;4;2021-04-13;0;0;0;0;0;0;0;0;0;0
FR;4;2021-04-14;0;0;0;0;0;0;0;0;0;0
FR;4;2021-04-15;0;0;0;0;0;0;0;0;0;0
FR;4;2021-04-16;0;0;0;0;0;0;0;0;0;0
FR;4;2021-04-17;0;0;0;0;0;0;0;0;0;0
FR;4;2021-04-18;0;0;0;0;0;0;0;0;0;0
FR;4;2021-04-19;0;0;0;0;0;0;0;0;0;0
FR;4;2021-04-20;0;0;0;0;0;0;0;0;0;0
FR;4;2021-04-21;0;0;0;0;0;0;0;0;0;0
FR;4;2021-04-22;0;0;0;0;0;0;0;0;0;0
FR;4;2021-04-23;3769;0;0;0;0;3769;0;0;0;0
FR;4;2021-04-24;1569;1;0;0;0;5338;1;0;0;0
FR;4;2021-04-25;125;0;0;0;0;5463;1;0;0;0
FR;4;2021-04-26;2870;1;0;0;0;8333;2;0;0;0
FR;4;2021-04-27;9521;3;0;0;0;17854;5;0;0;0
FR;4;2021-04-28;9909;6;0;0;0;27763;11;0;0;0
FR;4;2021-04-29;15996;8;0;0;0;43759;19;0;0;0
FR;4;2021-04-30;19234;10;0;0;0;62993;29;0;0;0
FR;4;2021-05-01;1993;6;0;0;0;64986;35;0;0;0
FR;4;2021-05-02;483;0;0;0;0;65469;35;0;0;0
FR;4;2021-05-03;5065;2;0;0;0;70534;37;0;0;0
FR;4;2021-05-04;8408;11;0;0;0;78942;48;0;0;0
FR;4;2021-05-05;6190;7;0;0;0;85132;55;0;0;0
FR;4;2021-05-06;11387;11;0;0;0;96519;66;0;0;0
FR;4;2021-05-07;19125;9;0;0;0;115644;75;0;0;0
FR;4;2021-05-08;2378;6;0;0;0;118022;81;0;0;0
FR;4;2021-05-09;688;3;0;0;0;118710;84;0;0;0
FR;4;2021-05-10;7244;5;1;0;0;125954;89;1;0;0
FR;4;2021-05-11;14325;12;0;0;0;140279;101;1;0;0
FR;4;2021-05-12;10174;15;0;0;0;150453;116;1;0;0
FR;4;2021-05-13;1583;4;0;0;0;152036;120;1;0;0
FR;4;2021-05-14;7767;7;0;0;0;159803;127;1;0;0
FR;4;2021-05-15;3721;8;1;0;0;163524;135;2;0;0
FR;4;2021-05-16;417;1;0;0;0;163941;136;2;0;0
FR;4;2021-05-17;4479;6;0;0;0;168420;142;2;0;0
FR;4;2021-05-18;8767;10;0;0;0;177187;152;2;0;0
FR;4;2021-05-19;5695;7;0;0;0;182882;159;2;0;0
FR;4;2021-05-20;9485;8;0;0;0;192367;167;2;0;0
FR;4;2021-05-21;12809;30;0;0;0;205176;197;2;0;0
FR;4;2021-05-22;5060;15;0;0;0;210236;212;2;0;0
FR;4;2021-05-23;496;4;0;0;0;210732;216;2;0;0
FR;4;2021-05-24;1059;7;0;0;0;211791;223;2;0;0
FR;4;2021-05-25;7632;16;0;0;0;219423;239;2;0;0
FR;4;2021-05-26;7729;16;0;0;0;227152;255;2;0;0
FR;4;2021-05-27;14335;35;0;0;0;241487;290;2;0;0
FR;4;2021-05-28;26591;82;1;0;0;268078;372;3;0;0
FR;4;2021-05-29;11385;18;0;0;0;279463;390;3;0;0
FR;4;2021-05-30;973;6;0;0;0;280436;396;3;0;0
FR;4;2021-05-31;12696;21;0;0;0;293132;417;3;0;0
FR;4;2021-06-01;20267;48;1;0;0;313399;465;4;0;0
FR;4;2021-06-02;14521;33;0;0;0;327920;498;4;0;0
FR;4;2021-06-03;19433;24;1;0;0;347353;522;5;0;0
FR;4;2021-06-04;22515;48;0;0;0;369868;570;5;0;0
FR;4;2021-06-05;9714;32;0;0;0;379582;602;5;0;0
FR;4;2021-06-06;1040;1;0;0;0;380622;603;5;0;0
FR;4;2021-06-07;9228;19;0;0;0;389850;622;5;0;0
FR;4;2021-06-08;14612;32;0;0;0;404462;654;5;0;0
FR;4;2021-06-09;12211;25;0;0;0;416673;679;5;0;0
FR;4;2021-06-10;15405;30;0;0;0;432078;709;5;0;0
FR;4;2021-06-11;16987;57;0;0;0;449065;766;5;0;0
FR;4;2021-06-12;7451;27;0;0;0;456516;793;5;0;0
FR;4;2021-06-13;908;3;0;0;0;457424;796;5;0;0
FR;4;2021-06-14;6649;27;0;0;0;464073;823;5;0;0
FR;4;2021-06-15;10892;38;0;0;0;474965;861;5;0;0
FR;4;2021-06-16;8909;16;0;0;0;483874;877;5;0;0
FR;4;2021-06-17;10899;37;0;0;0;494773;914;5;0;0
FR;4;2021-06-18;12424;45;0;0;0;507197;959;5;0;0
FR;4;2021-06-19;5567;25;0;0;0;512764;984;5;0;0
FR;4;2021-06-20;824;5;0;0;0;513588;989;5;0;0
FR;4;2021-06-21;5101;21;0;0;0;518689;1010;5;0;0
FR;4;2021-06-22;7913;28;2;0;0;526602;1038;7;0;0
FR;4;2021-06-23;7103;42;2;0;0;533705;1080;9;0;0
FR;4;2021-06-24;8654;46;1;0;0;542359;1126;10;0;0
FR;4;2021-06-25;10174;41;2;0;0;552533;1167;12;0;0
FR;4;2021-06-26;4852;21;0;0;0;557385;1188;12;0;0
FR;4;2021-06-27;766;4;0;0;0;558151;1192;12;0;0
FR;4;2021-06-28;4833;16;1;0;0;562984;1208;13;0;0
FR;4;2021-06-29;7110;28;2;0;0;570094;1236;15;0;0
FR;4;2021-06-30;6724;39;2;0;0;576818;1275;17;0;0
FR;4;2021-07-01;8209;42;0;0;0;585027;1317;17;0;0
FR;4;2021-07-02;9428;53;1;0;0;594455;1370;18;0;0
FR;4;2021-07-03;4846;20;0;0;0;599301;1390;18;0;0
FR;4;2021-07-04;689;5;0;0;0;599990;1395;18;0;0
FR;4;2021-07-05;4771;19;2;0;0;604761;1414;20;0;0
FR;4;2021-07-06;7728;29;4;0;0;612489;1443;24;0;0
FR;4;2021-07-07;7085;34;2;0;0;619574;1477;26;0;0
FR;4;2021-07-08;9231;40;2;0;0;628805;1517;28;0;0
FR;4;2021-07-09;10278;34;1;0;0;639083;1551;29;0;0
FR;4;2021-07-10;4639;14;2;0;0;643722;1565;31;0;0
FR;4;2021-07-11;582;4;1;0;0;644304;1569;32;0;0
FR;4;2021-07-12;5875;29;0;0;0;650179;1598;32;0;0
FR;4;2021-07-13;14232;29;0;0;0;664411;1627;32;0;0
FR;4;2021-07-14;2289;15;0;0;0;666700;1642;32;0;0
FR;4;2021-07-15;18237;36;0;0;0;684937;1678;32;0;0
FR;4;2021-07-16;22837;71;2;0;0;707774;1749;34;0;0
FR;4;2021-07-17;9738;20;0;0;0;717512;1769;34;0;0
FR;4;2021-07-18;1358;4;0;0;0;718870;1773;34;0;0
FR;4;2021-07-19;12989;30;1;0;0;731859;1803;35;0;0
FR;4;2021-07-20;17343;26;1;0;0;749202;1829;36;0;0
FR;4;2021-07-21;15617;33;0;0;0;764819;1862;36;0;0
FR;4;2021-07-22;18244;44;2;0;0;783063;1906;38;0;0
FR;4;2021-07-23;20417;57;7;0;0;803480;1963;45;0;0
FR;4;2021-07-24;9289;32;0;0;0;812769;1995;45;0;0
FR;4;2021-07-25;1354;9;0;0;0;814123;2004;45;0;0
FR;4;2021-07-26;11041;23;0;0;0;825164;2027;45;0;0
FR;4;2021-07-27;14683;35;3;0;0;839847;2062;48;0;0
FR;4;2021-07-28;12933;26;2;0;0;852780;2088;50;0;0
FR;4;2021-07-29;14093;54;4;0;0;866873;2142;54;0;0
FR;4;2021-07-30;15500;46;2;0;0;882373;2188;56;0;0
FR;4;2021-07-31;6842;14;2;0;0;889215;2202;58;0;0
FR;4;2021-08-01;906;1;0;0;0;890121;2203;58;0;0
FR;4;2021-08-02;7917;31;0;0;0;898038;2234;58;0;0
FR;4;2021-08-03;10799;31;2;0;0;908837;2265;60;0;0
FR;4;2021-08-04;9746;29;0;0;0;918583;2294;60;0;0
FR;4;2021-08-05;9825;42;0;0;0;928408;2336;60;0;0
FR;4;2021-08-06;10200;31;3;0;0;938608;2367;63;0;0
FR;4;2021-08-07;5099;30;1;0;0;943707;2397;64;0;0
FR;4;2021-08-08;1219;13;0;0;0;944926;2410;64;0;0
FR;4;2021-08-09;6349;31;0;0;0;951275;2441;64;0;0
FR;4;2021-08-10;8751;18;0;0;0;960026;2459;64;0;0
FR;4;2021-08-11;7944;34;4;0;0;967970;2493;68;0;0
FR;4;2021-08-12;8585;31;1;0;0;976555;2524;69;0;0
FR;4;2021-08-13;7558;25;0;1;0;984113;2549;69;1;0
FR;4;2021-08-14;3791;20;0;0;0;987904;2569;69;1;0
FR;4;2021-08-15;771;5;0;0;0;988675;2574;69;1;0
FR;4;2021-08-16;4008;17;0;0;0;992683;2591;69;1;0
FR;4;2021-08-17;5629;17;1;0;0;998312;2608;70;1;0
FR;4;2021-08-18;5166;37;0;0;0;1003478;2645;70;1;0
FR;4;2021-08-19;5486;33;3;0;0;1008964;2678;73;1;0
FR;4;2021-08-20;5222;25;1;0;0;1014186;2703;74;1;0
FR;4;2021-08-21;2310;21;1;0;0;1016496;2724;75;1;0
FR;4;2021-08-22;414;2;0;0;0;1016910;2726;75;1;0
FR;4;2021-08-23;2932;19;1;0;0;1019842;2745;76;1;0
FR;4;2021-08-24;3758;15;0;0;0;1023600;2760;76;1;0
FR;4;2021-08-25;3542;25;1;0;0;1027142;2785;77;1;0
FR;4;2021-08-26;3715;21;2;0;0;1030857;2806;79;1;0
FR;4;2021-08-27;3617;31;2;0;0;1034474;2837;81;1;0
FR;4;2021-08-28;1725;10;1;0;0;1036199;2847;82;1;0
FR;4;2021-08-29;385;7;1;0;0;1036584;2854;83;1;0
FR;4;2021-08-30;2009;25;0;0;15;1038593;2879;83;1;15
FR;4;2021-08-31;2485;21;0;0;14;1041078;2900;83;1;29
FR;4;2021-09-01;2084;38;1;0;21;1043162;2938;84;1;50
FR;4;2021-09-02;2306;31;4;0;18;1045468;2969;88;1;68
FR;4;2021-09-03;2363;44;5;0;36;1047831;3013;93;1;104
FR;4;2021-09-04;1373;18;0;0;9;1049204;3031;93;1;113
FR;4;2021-09-05;433;2;0;0;2;1049637;3033;93;1;115
FR;4;2021-09-06;1713;62;0;0;23;1051350;3095;93;1;138
FR;4;2021-09-07;1679;18;0;0;8;1053029;3113;93;1;146
FR;4;2021-09-08;1285;26;3;0;19;1054314;3139;96;1;165
FR;4;2021-09-09;1390;23;2;0;9;1055704;3162;98;1;174
FR;4;2021-09-10;1521;31;2;0;23;1057225;3193;100;1;197
FR;4;2021-09-11;745;11;0;0;3;1057970;3204;100;1;200
FR;4;2021-09-12;169;4;0;0;3;1058139;3208;100;1;203
FR;4;2021-09-13;1322;22;1;0;16;1059461;3230;101;1;219
FR;4;2021-09-14;1503;9;2;0;6;1060964;3239;103;1;225
FR;4;2021-09-15;1095;28;1;0;25;1062059;3267;104;1;250
FR;4;2021-09-16;1105;22;2;0;15;1063164;3289;106;1;265
FR;4;2021-09-17;896;21;1;0;12;1064060;3310;107;1;277
FR;4;2021-09-18;464;6;1;0;5;1064524;3316;108;1;282
FR;4;2021-09-19;182;3;0;0;2;1064706;3319;108;1;284
FR;4;2021-09-20;451;19;0;0;13;1065157;3338;108;1;297
FR;4;2021-09-21;432;11;0;0;7;1065589;3349;108;1;304
FR;4;2021-09-22;374;19;2;0;13;1065963;3368;110;1;317
FR;4;2021-09-23;483;15;1;0;14;1066446;3383;111;1;331
FR;4;2021-09-24;413;13;2;0;9;1066859;3396;113;1;340
FR;4;2021-09-25;280;10;1;0;5;1067139;3406;114;1;345
FR;4;2021-09-26;74;2;0;0;1;1067213;3408;114;1;346
FR;4;2021-09-27;266;10;1;0;8;1067479;3418;115;1;354
FR;4;2021-09-28;318;8;0;0;8;1067797;3426;115;1;362
FR;4;2021-09-29;375;19;1;0;13;1068172;3445;116;1;375
FR;4;2021-09-30;364;41;0;0;22;1068536;3486;116;1;397
FR;4;2021-10-01;411;56;0;0;50;1068947;3542;116;1;447
FR;4;2021-10-02;196;22;1;0;13;1069143;3564;117;1;460
FR;4;2021-10-03;85;1;0;0;0;1069228;3565;117;1;460
FR;4;2021-10-04;361;20;1;0;16;1069589;3585;118;1;476
FR;4;2021-10-05;286;19;2;0;15;1069875;3604;120;1;491
FR;4;2021-10-06;248;23;1;0;18;1070123;3627;121;1;509
FR;4;2021-10-07;267;25;2;0;13;1070390;3652;123;1;522
FR;4;2021-10-08;356;24;2;0;20;1070746;3676;125;1;542
FR;4;2021-10-09;194;6;6;0;7;1070940;3682;131;1;549
FR;4;2021-10-10;97;3;2;0;3;1071037;3685;133;1;552
FR;4;2021-10-11;251;15;1;0;14;1071288;3700;134;1;566
FR;4;2021-10-12;209;14;0;0;13;1071497;3714;134;1;579
FR;4;2021-10-13;221;28;1;0;25;1071718;3742;135;1;604
FR;4;2021-10-14;315;21;4;0;15;1072033;3763;139;1;619
FR;4;2021-10-15;322;24;5;0;25;1072355;3787;144;1;644
FR;4;2021-10-16;166;6;2;0;6;1072521;3793;146;1;650
FR;4;2021-10-17;70;2;0;0;1;1072591;3795;146;1;651
FR;4;2021-10-18;281;16;1;0;13;1072872;3811;147;1;664
FR;4;2021-10-19;215;14;2;0;15;1073087;3825;149;1;679
FR;4;2021-10-20;230;27;4;0;15;1073317;3852;153;1;694
FR;4;2021-10-21;243;17;0;0;13;1073560;3869;153;1;707
FR;4;2021-10-22;217;25;2;0;20;1073777;3894;155;1;727
FR;4;2021-10-23;116;16;1;0;15;1073893;3910;156;1;742
FR;4;2021-10-24;38;4;0;0;1;1073931;3914;156;1;743
FR;4;2021-10-25;215;7;2;0;9;1074146;3921;158;1;752
FR;4;2021-10-26;200;14;0;0;12;1074346;3935;158;1;764
FR;4;2021-10-27;196;12;4;0;12;1074542;3947;162;1;776
FR;4;2021-10-28;184;18;5;0;22;1074726;3965;167;1;798
FR;4;2021-10-29;225;17;2;0;15;1074951;3982;169;1;813
FR;4;2021-10-30;102;2;1;0;2;1075053;3984;170;1;815
FR;4;2021-10-31;59;3;2;0;3;1075112;3987;172;1;818
FR;4;2021-11-01;75;27;4;0;24;1075187;4014;176;1;842
FR;4;2021-11-02;161;21;2;0;21;1075348;4035;178;1;863
FR;4;2021-11-03;130;20;8;1;18;1075478;4055;186;2;881
FR;4;2021-11-04;186;15;1;0;12;1075664;4070;187;2;893
FR;4;2021-11-05;130;17;1;0;16;1075794;4087;188;2;909
FR;4;2021-11-06;80;6;1;0;6;1075874;4093;189;2;915
FR;4;2021-11-07;81;2;2;0;4;1075955;4095;191;2;919
FR;4;2021-11-08;160;20;1;0;20;1076115;4115;192;2;939
FR;4;2021-11-09;157;14;3;0;16;1076272;4129;195;2;955
FR;4;2021-11-10;121;30;6;0;32;1076393;4159;201;2;987
FR;4;2021-11-11;99;10;1;0;11;1076492;4169;202;2;998
FR;4;2021-11-12;106;19;2;0;18;1076598;4188;204;2;1016
FR;4;2021-11-13;74;15;2;0;14;1076672;4203;206;2;1030
FR;4;2021-11-14;55;5;4;0;8;1076727;4208;210;2;1038
FR;4;2021-11-15;99;26;2;0;24;1076826;4234;212;2;1062
FR;4;2021-11-16;107;13;3;0;16;1076933;4247;215;2;1078
FR;4;2021-11-17;119;30;4;0;30;1077052;4277;219;2;1108
FR;4;2021-11-18;101;34;14;0;43;1077153;4311;233;2;1151
FR;4;2021-11-19;87;21;3;0;22;1077240;4332;236;2;1173
FR;4;2021-11-20;77;8;1;0;8;1077317;4340;237;2;1181
FR;4;2021-11-21;68;7;2;0;9;1077385;4347;239;2;1190
FR;4;2021-11-22;107;28;9;0;33;1077492;4375;248;2;1223
FR;4;2021-11-23;77;31;6;0;29;1077569;4406;254;2;1252
FR;4;2021-11-24;89;23;11;0;24;1077658;4429;265;2;1276
FR;4;2021-11-25;93;28;17;0;33;1077751;4457;282;2;1309
FR;4;2021-11-26;85;43;12;0;45;1077836;4500;294;2;1354
FR;4;2021-11-27;41;22;15;0;25;1077877;4522;309;2;1379
FR;4;2021-11-28;50;8;0;0;7;1077927;4530;309;2;1386
FR;4;2021-11-29;90;31;16;0;40;1078017;4561;325;2;1426
FR;4;2021-11-30;75;37;12;0;41;1078092;4598;337;2;1467
FR;4;2021-12-01;88;60;19;0;67;1078180;4658;356;2;1534
FR;4;2021-12-02;109;48;21;0;56;1078289;4706;377;2;1590
FR;4;2021-12-03;101;36;15;0;44;1078390;4742;392;2;1634
FR;4;2021-12-04;72;31;18;0;44;1078462;4773;410;2;1678
FR;4;2021-12-05;62;7;1;0;7;1078524;4780;411;2;1685
FR;4;2021-12-06;109;46;19;0;59;1078633;4826;430;2;1744
FR;4;2021-12-07;82;37;9;0;36;1078715;4863;439;2;1780
FR;4;2021-12-08;70;31;17;0;38;1078785;4894;456;2;1818
FR;4;2021-12-09;63;32;10;1;39;1078848;4926;466;3;1857
FR;4;2021-12-10;63;64;20;0;68;1078911;4990;486;3;1925
FR;4;2021-12-11;28;34;7;0;34;1078939;5024;493;3;1959
FR;4;2021-12-12;27;11;3;0;14;1078966;5035;496;3;1973
FR;4;2021-12-13;73;40;14;0;49;1079039;5075;510;3;2022
FR;4;2021-12-14;61;43;17;0;54;1079100;5118;527;3;2076
FR;4;2021-12-15;68;64;28;0;84;1079168;5182;555;3;2160
FR;4;2021-12-16;34;45;19;0;58;1079202;5227;574;3;2218
FR;4;2021-12-17;39;55;12;0;60;1079241;5282;586;3;2278
FR;4;2021-12-18;49;30;2;0;31;1079290;5312;588;3;2309
FR;4;2021-12-19;16;4;1;0;4;1079306;5316;589;3;2313
FR;4;2021-12-20;43;38;10;0;41;1079349;5354;599;3;2354
FR;4;2021-12-21;30;32;16;0;38;1079379;5386;615;3;2392
FR;4;2021-12-22;37;37;10;0;38;1079416;5423;625;3;2430
FR;4;2021-12-23;39;45;8;0;49;1079455;5468;633;3;2479
FR;4;2021-12-24;23;27;10;0;31;1079478;5495;643;3;2510
FR;4;2021-12-25;7;3;3;0;4;1079485;5498;646;3;2514
FR;4;2021-12-26;5;3;1;0;2;1079490;5501;647;3;2516
FR;4;2021-12-27;31;41;9;0;43;1079521;5542;656;3;2559
FR;4;2021-12-28;26;28;7;0;29;1079547;5570;663;3;2588
FR;4;2021-12-29;53;25;11;0;30;1079600;5595;674;3;2618
FR;4;2021-12-30;46;19;12;0;22;1079646;5614;686;3;2640
FR;4;2021-12-31;19;6;8;0;11;1079665;5620;694;3;2651
FR;4;2022-01-01;5;4;4;0;6;1079670;5624;698;3;2657
FR;4;2022-01-02;40;5;16;0;20;1079710;5629;714;3;2677
FR;4;2022-01-03;43;55;22;1;62;1079753;5684;736;4;2739
FR;4;2022-01-04;37;28;15;0;33;1079790;5712;751;4;2772
FR;4;2022-01-05;51;22;19;0;25;1079841;5734;770;4;2797
FR;4;2022-01-06;49;22;24;0;38;1079890;5756;794;4;2835
FR;4;2022-01-07;30;20;15;0;20;1079920;5776;809;4;2855
FR;4;2022-01-08;12;6;10;0;12;1079932;5782;819;4;2867
FR;4;2022-01-09;19;2;3;0;4;1079951;5784;822;4;2871
FR;4;2022-01-10;49;22;19;0;36;1080000;5806;841;4;2907
FR;4;2022-01-11;29;31;12;0;35;1080029;5837;853;4;2942
FR;4;2022-01-12;33;21;13;0;23;1080062;5858;866;4;2965
FR;4;2022-01-13;53;20;27;0;38;1080115;5878;893;4;3003
FR;4;2022-01-14;24;29;13;0;32;1080139;5907;906;4;3035
FR;4;2022-01-15;13;6;8;0;12;1080152;5913;914;4;3047
FR;4;2022-01-16;12;9;14;0;22;1080164;5922;928;4;3069
FR;4;2022-01-17;27;19;12;0;25;1080191;5941;940;4;3094
FR;4;2022-01-18;17;13;8;0;18;1080208;5954;948;4;3112
FR;4;2022-01-19;31;23;13;0;34;1080239;5977;961;4;3146
FR;4;2022-01-20;32;34;13;0;39;1080271;6011;974;4;3185
FR;4;2022-01-21;11;12;20;1;17;1080282;6023;994;5;3202
FR;4;2022-01-22;30;13;3;0;14;1080312;6036;997;5;3216
FR;4;2022-01-23;8;2;5;0;7;1080320;6038;1002;5;3223
FR;4;2022-01-24;14;21;8;0;27;1080334;6059;1010;5;3250
FR;4;2022-01-25;22;32;10;1;38;1080356;6091;1020;6;3288
FR;4;2022-01-26;19;16;9;1;21;1080375;6107;1029;7;3309
FR;4;2022-01-27;21;18;8;0;24;1080396;6125;1037;7;3333
FR;4;2022-01-28;13;23;8;0;26;1080409;6148;1045;7;3359
FR;4;2022-01-29;17;6;5;0;10;1080426;6154;1050;7;3369
FR;4;2022-01-30;18;3;1;0;4;1080444;6157;1051;7;3373
FR;4;2022-01-31;22;27;8;0;31;1080466;6184;1059;7;3404
FR;4;2022-02-01;13;22;12;0;23;1080479;6206;1071;7;3427
FR;4;2022-02-02;18;11;13;2;19;1080497;6217;1084;9;3446
FR;4;2022-02-03;15;24;10;0;28;1080512;6241;1094;9;3474
FR;4;2022-02-04;7;5;7;0;9;1080519;6246;1101;9;3483
FR;4;2022-02-05;7;14;1;0;13;1080526;6260;1102;9;3496
FR;4;2022-02-06;7;4;4;0;7;1080533;6264;1106;9;3503
FR;4;2022-02-07;15;19;8;0;19;1080548;6283;1114;9;3522
FR;4;2022-02-08;19;21;13;1;22;1080567;6304;1127;10;3544
FR;4;2022-02-09;17;11;9;0;16;1080584;6315;1136;10;3560
FR;4;2022-02-10;22;23;10;0;25;1080606;6338;1146;10;3585
FR;4;2022-02-11;18;15;8;0;20;1080624;6353;1154;10;3605
FR;4;2022-02-12;24;6;2;0;6;1080648;6359;1156;10;3611
FR;4;2022-02-13;7;3;3;0;6;1080655;6362;1159;10;3617
FR;4;2022-02-14;20;10;10;0;16;1080675;6372;1169;10;3633
FR;4;2022-02-15;18;7;1;0;7;1080693;6379;1170;10;3640
FR;4;2022-02-16;16;10;11;0;17;1080709;6389;1181;10;3657
FR;4;2022-02-17;11;4;4;0;6;1080720;6393;1185;10;3663
FR;4;2022-02-18;16;15;8;0;21;1080736;6408;1193;10;3684
FR;4;2022-02-19;16;4;2;0;5;1080752;6412;1195;10;3689
FR;4;2022-02-20;8;3;0;0;2;1080760;6415;1195;10;3691
FR;4;2022-02-21;23;4;4;0;6;1080783;6419;1199;10;3697
FR;4;2022-02-22;8;5;10;0;10;1080791;6424;1209;10;3707
FR;4;2022-02-23;17;6;10;0;10;1080808;6430;1219;10;3717
FR;4;2022-02-24;11;5;3;0;6;1080819;6435;1222;10;3723
FR;4;2022-02-25;15;5;7;0;6;1080834;6440;1229;10;3729
FR;4;2022-02-26;27;3;0;0;3;1080861;6443;1229;10;3732
FR;4;2022-02-27;9;0;1;0;1;1080870;6443;1230;10;3733
FR;4;2022-02-28;18;3;2;0;3;1080888;6446;1232;10;3736
FR;4;2022-03-01;8;4;7;0;5;1080896;6450;1239;10;3741
FR;4;2022-03-02;15;2;4;0;5;1080911;6452;1243;10;3746
FR;4;2022-03-03;17;5;3;0;6;1080928;6457;1246;10;3752
FR;4;2022-03-04;7;7;2;1;5;1080935;6464;1248;11;3757
FR;4;2022-03-05;9;2;0;0;2;1080944;6466;1248;11;3759
FR;4;2022-03-06;4;0;1;0;1;1080948;6466;1249;11;3760
FR;4;2022-03-07;10;4;2;0;3;1080958;6470;1251;11;3763
FR;4;2022-03-08;14;3;0;0;3;1080972;6473;1251;11;3766
FR;4;2022-03-09;8;7;2;0;7;1080980;6480;1253;11;3773
FR;4;2022-03-10;5;1;6;0;3;1080985;6481;1259;11;3776
FR;4;2022-03-11;10;4;5;0;2;1080995;6485;1264;11;3778
FR;4;2022-03-12;10;2;0;0;0;1081005;6487;1264;11;3778
FR;4;2022-03-13;6;1;1;0;2;1081011;6488;1265;11;3780
FR;4;2022-03-14;4;3;1;0;3;1081015;6491;1266;11;3783
FR;4;2022-03-15;7;6;3;0;5;1081022;6497;1269;11;3788
FR;4;2022-03-16;7;3;3;0;3;1081029;6500;1272;11;3791
FR;4;2022-03-17;3;4;1;0;5;1081032;6504;1273;11;3796
FR;4;2022-03-18;9;3;0;0;3;1081041;6507;1273;11;3799
FR;4;2022-03-19;1;1;1;0;2;1081042;6508;1274;11;3801
FR;4;2022-03-20;2;0;2;0;1;1081044;6508;1276;11;3802
FR;4;2022-03-21;6;3;1;0;4;1081050;6511;1277;11;3806
FR;4;2022-03-22;4;2;2;0;3;1081054;6513;1279;11;3809
FR;4;2022-03-23;6;4;4;0;7;1081060;6517;1283;11;3816
FR;4;2022-03-24;2;5;3;1;7;1081062;6522;1286;12;3823
FR;4;2022-03-25;3;1;2;0;1;1081065;6523;1288;12;3824
FR;4;2022-03-26;5;5;0;0;5;1081070;6528;1288;12;3829
FR;4;2022-03-27;1;0;3;0;2;1081071;6528;1291;12;3831
FR;4;2022-03-28;6;1;3;0;3;1081077;6529;1294;12;3834
FR;4;2022-03-29;9;0;4;1;0;1081086;6529;1298;13;3834
FR;4;2022-03-30;3;4;0;0;4;1081089;6533;1298;13;3838
FR;4;2022-03-31;3;3;2;1;4;1081092;6536;1300;14;3842
FR;4;2022-04-01;14;3;5;0;6;1081106;6539;1305;14;3848
FR;4;2022-04-02;4;4;0;0;3;1081110;6543;1305;14;3851
FR;4;2022-04-03;0;1;0;0;1;1081110;6544;1305;14;3852
FR;4;2022-04-04;4;4;4;0;5;1081114;6548;1309;14;3857
FR;4;2022-04-05;4;3;2;1;3;1081118;6551;1311;15;3860
FR;4;2022-04-06;6;0;0;0;0;1081124;6551;1311;15;3860
FR;4;2022-04-07;3;2;3;2;5;1081127;6553;1314;17;3865
FR;4;2022-04-08;4;2;1;0;2;1081131;6555;1315;17;3867
FR;4;2022-04-09;0;0;1;1;1;1081131;6555;1316;18;3868
FR;4;2022-04-10;2;2;0;0;2;1081133;6557;1316;18;3870
FR;4;2022-04-11;4;3;4;0;5;1081137;6560;1320;18;3875
FR;4;2022-04-12;5;1;4;0;2;1081142;6561;1324;18;3877
FR;4;2022-04-13;5;8;2;0;10;1081147;6569;1326;18;3887
FR;4;2022-04-14;6;4;2;1;5;1081153;6573;1328;19;3892
FR;4;2022-04-15;6;9;1;0;10;1081159;6582;1329;19;3902
FR;4;2022-04-16;1;0;0;0;0;1081160;6582;1329;19;3902
FR;4;2022-04-17;3;2;1;0;3;1081163;6584;1330;19;3905
FR;4;2022-04-18;2;2;6;0;4;1081165;6586;1336;19;3909
FR;4;2022-04-19;2;0;1;0;0;1081167;6586;1337;19;3909
FR;4;2022-04-20;14;4;1;1;3;1081181;6590;1338;20;3912
FR;4;2022-04-21;7;1;0;0;1;1081188;6591;1338;20;3913
FR;4;2022-04-22;1;1;2;0;2;1081189;6592;1340;20;3915
FR;4;2022-04-23;2;3;3;0;6;1081191;6595;1343;20;3921
FR;4;2022-04-24;0;3;0;0;3;1081191;6598;1343;20;3924
FR;4;2022-04-25;3;5;3;0;8;1081194;6603;1346;20;3932
FR;4;2022-04-26;5;6;1;0;6;1081199;6609;1347;20;3938
FR;4;2022-04-27;4;1;1;1;1;1081203;6610;1348;21;3939
FR;4;2022-04-28;3;5;5;1;7;1081206;6615;1353;22;3946
FR;4;2022-04-29;6;3;0;0;2;1081212;6618;1353;22;3948
FR;4;2022-04-30;2;1;1;0;2;1081214;6619;1354;22;3950
FR;4;2022-05-01;0;0;0;0;0;1081214;6619;1354;22;3950
FR;4;2022-05-02;5;16;6;0;19;1081219;6635;1360;22;3969
FR;4;2022-05-03;2;6;2;0;7;1081221;6641;1362;22;3976
FR;4;2022-05-04;7;4;1;0;4;1081228;6645;1363;22;3980
FR;4;2022-05-05;2;2;1;1;1;1081230;6647;1364;23;3981
FR;4;2022-05-06;5;3;1;0;2;1081235;6650;1365;23;3983
FR;4;2022-05-07;0;0;0;0;0;1081235;6650;1365;23;3983
FR;4;2022-05-08;1;1;0;0;1;1081236;6651;1365;23;3984
FR;4;2022-05-09;5;1;0;0;1;1081241;6652;1365;23;3985
FR;4;2022-05-10;3;1;0;2;3;1081244;6653;1365;25;3988
FR;4;2022-05-11;3;2;4;0;5;1081247;6655;1369;25;3993
FR;4;2022-05-12;7;4;2;1;5;1081254;6659;1371;26;3998
FR;4;2022-05-13;1;0;2;0;2;1081255;6659;1373;26;4000
FR;4;2022-05-14;0;2;0;0;2;1081255;6661;1373;26;4002
FR;4;2022-05-15;2;2;0;0;0;1081257;6663;1373;26;4002
FR;4;2022-05-16;5;2;2;0;2;1081262;6665;1375;26;4004
FR;4;2022-05-17;5;1;2;0;3;1081267;6666;1377;26;4007
FR;4;2022-05-18;3;6;0;0;6;1081270;6672;1377;26;4013
FR;4;2022-05-19;2;3;3;0;5;1081272;6675;1380;26;4018
FR;4;2022-05-20;4;2;3;0;2;1081276;6677;1383;26;4020
FR;4;2022-05-21;2;0;1;0;1;1081278;6677;1384;26;4021
FR;4;2022-05-22;0;0;1;0;1;1081278;6677;1385;26;4022
FR;4;2022-05-23;0;0;2;0;0;1081278;6677;1387;26;4022
FR;4;2022-05-24;2;4;0;0;4;1081280;6681;1387;26;4026
FR;4;2022-05-25;1;3;1;0;2;1081281;6684;1388;26;4028
FR;4;2022-05-26;5;0;1;0;1;1081286;6684;1389;26;4029
FR;4;2022-05-27;0;2;0;1;2;1081286;6686;1389;27;4031
FR;4;2022-05-28;1;0;0;0;0;1081287;6686;1389;27;4031
FR;4;2022-05-29;1;0;1;0;1;1081288;6686;1390;27;4032
FR;4;2022-05-30;2;4;2;0;5;1081290;6690;1392;27;4037
FR;4;2022-05-31;2;1;0;0;1;1081292;6691;1392;27;4038
FR;4;2022-06-01;3;11;7;0;15;1081295;6702;1399;27;4053
FR;4;2022-06-02;5;6;3;0;7;1081300;6708;1402;27;4060
FR;4;2022-06-03;2;6;4;1;7;1081302;6714;1406;28;4067
FR;4;2022-06-04;0;1;1;0;1;1081302;6715;1407;28;4068
FR;4;2022-06-05;0;0;0;0;0;1081302;6715;1407;28;4068
FR;4;2022-06-06;7;0;3;0;2;1081309;6715;1410;28;4070
FR;4;2022-06-07;5;2;0;1;2;1081314;6717;1410;29;4072
FR;4;2022-06-08;0;4;3;0;7;1081314;6721;1413;29;4079
FR;4;2022-06-09;1;2;0;0;1;1081315;6723;1413;29;4080
FR;4;2022-06-10;3;0;3;0;1;1081318;6723;1416;29;4081
FR;4;2022-06-11;1;0;0;0;0;1081319;6723;1416;29;4081
FR;4;2022-06-12;4;0;0;0;0;1081323;6723;1416;29;4081
FR;4;2022-06-13;5;2;3;0;2;1081328;6725;1419;29;4083
FR;4;2022-06-14;4;3;0;0;2;1081332;6728;1419;29;4085
FR;4;2022-06-15;8;3;4;0;3;1081340;6731;1423;29;4088
FR;4;2022-06-16;1;3;1;1;2;1081341;6734;1424;30;4090
FR;4;2022-06-17;6;1;0;0;1;1081347;6735;1424;30;4091
FR;4;2022-06-18;0;0;0;0;0;1081347;6735;1424;30;4091
FR;4;2022-06-19;3;0;0;0;0;1081350;6735;1424;30;4091
FR;4;2022-06-20;4;2;2;1;3;1081354;6737;1426;31;4094
FR;4;2022-06-21;5;2;3;1;3;1081359;6739;1429;32;4097
FR;4;2022-06-22;3;1;0;3;1;1081362;6740;1429;35;4098
FR;4;2022-06-23;3;3;3;0;5;1081365;6743;1432;35;4103
FR;4;2022-06-24;3;0;2;0;0;1081368;6743;1434;35;4103
FR;4;2022-06-25;1;0;1;1;1;1081369;6743;1435;36;4104
FR;4;2022-06-26;0;0;1;0;1;1081369;6743;1436;36;4105
FR;4;2022-06-27;2;2;0;3;2;1081371;6745;1436;39;4107
FR;4;2022-06-28;0;4;2;1;5;1081371;6749;1438;40;4112
FR;4;2022-06-29;1;2;0;0;2;1081372;6751;1438;40;4114
FR;4;2022-06-30;2;0;0;0;0;1081374;6751;1438;40;4114
FR;4;2022-07-01;2;4;8;0;4;1081376;6755;1446;40;4118
FR;4;2022-07-02;0;1;0;0;0;1081376;6756;1446;40;4118
FR;4;2022-07-03;0;0;0;0;0;1081376;6756;1446;40;4118
FR;4;2022-07-04;3;1;0;0;1;1081379;6757;1446;40;4119
FR;4;2022-07-05;2;0;2;0;2;1081381;6757;1448;40;4121
FR;4;2022-07-06;5;0;1;1;0;1081386;6757;1449;41;4121
FR;4;2022-07-07;1;0;2;1;0;1081387;6757;1451;42;4121
FR;4;2022-07-08;3;1;0;0;1;1081390;6758;1451;42;4122
FR;4;2022-07-09;2;2;1;0;3;1081392;6760;1452;42;4125
FR;4;2022-07-10;2;0;1;0;0;1081394;6760;1453;42;4125
FR;4;2022-07-11;2;0;2;0;0;1081396;6760;1455;42;4125
FR;4;2022-07-12;0;0;2;0;2;1081396;6760;1457;42;4127
FR;4;2022-07-13;2;2;3;0;2;1081398;6762;1460;42;4129
FR;4;2022-07-14;4;0;1;0;0;1081402;6762;1461;42;4129
FR;4;2022-07-15;11;2;0;0;2;1081413;6764;1461;42;4131
FR;4;2022-07-16;4;0;0;2;0;1081417;6764;1461;44;4131
FR;4;2022-07-17;0;0;1;0;0;1081417;6764;1462;44;4131
FR;4;2022-07-18;3;2;2;0;2;1081420;6766;1464;44;4133
FR;4;2022-07-19;4;0;1;0;1;1081424;6766;1465;44;4134
FR;4;2022-07-20;10;0;1;0;1;1081434;6766;1466;44;4135
FR;4;2022-07-21;2;1;1;0;1;1081436;6767;1467;44;4136
FR;4;2022-07-22;4;0;3;0;1;1081440;6767;1470;44;4137
FR;4;2022-07-23;1;2;0;0;1;1081441;6769;1470;44;4138
FR;4;2022-07-24;0;0;0;0;0;1081441;6769;1470;44;4138
FR;4;2022-07-25;5;0;2;0;2;1081446;6769;1472;44;4140
FR;4;2022-07-26;2;0;0;0;0;1081448;6769;1472;44;4140
FR;4;2022-07-27;2;1;0;0;0;1081450;6770;1472;44;4140
FR;4;2022-07-28;11;0;0;0;0;1081461;6770;1472;44;4140
FR;4;2022-07-29;3;0;1;0;0;1081464;6770;1473;44;4140
FR;4;2022-07-30;3;0;2;0;0;1081467;6770;1475;44;4140
FR;4;2022-07-31;0;0;0;0;0;1081467;6770;1475;44;4140
FR;4;2022-08-01;1;0;2;0;1;1081468;6770;1477;44;4141
FR;4;2022-08-02;6;0;0;0;0;1081474;6770;1477;44;4141
FR;4;2022-08-03;0;2;1;0;2;1081474;6772;1478;44;4143
FR;4;2022-08-04;3;2;0;1;2;1081477;6774;1478;45;4145
FR;4;2022-08-05;2;0;1;0;0;1081479;6774;1479;45;4145
FR;4;2022-08-06;2;0;0;0;0;1081481;6774;1479;45;4145
FR;4;2022-08-07;4;0;0;0;0;1081485;6774;1479;45;4145
FR;4;2022-08-08;1;0;1;1;1;1081486;6774;1480;46;4146
FR;4;2022-08-09;1;1;1;2;2;1081487;6775;1481;48;4148
FR;4;2022-08-10;5;1;1;0;1;1081492;6776;1482;48;4149
FR;4;2022-08-11;2;0;1;0;1;1081494;6776;1483;48;4150
FR;4;2022-08-12;4;0;1;0;0;1081498;6776;1484;48;4150
FR;4;2022-08-13;1;0;0;0;0;1081499;6776;1484;48;4150
FR;4;2022-08-14;0;0;0;0;0;1081499;6776;1484;48;4150
FR;4;2022-08-15;1;2;3;0;2;1081500;6778;1487;48;4152
FR;4;2022-08-16;0;0;1;0;1;1081500;6778;1488;48;4153
FR;4;2022-08-17;2;0;0;0;0;1081502;6778;1488;48;4153
FR;4;2022-08-18;2;0;0;0;0;1081504;6778;1488;48;4153
FR;4;2022-08-19;5;0;0;0;0;1081509;6778;1488;48;4153
FR;4;2022-08-20;1;0;0;0;0;1081510;6778;1488;48;4153
FR;4;2022-08-21;1;0;0;0;0;1081511;6778;1488;48;4153
FR;4;2022-08-22;4;9;0;0;9;1081515;6787;1488;48;4162
FR;4;2022-08-23;3;3;3;0;4;1081518;6790;1491;48;4166
FR;4;2022-08-24;5;0;0;1;0;1081523;6790;1491;49;4166
FR;4;2022-08-25;1;3;1;0;3;1081524;6793;1492;49;4169
FR;4;2022-08-26;2;0;0;1;0;1081526;6793;1492;50;4169
FR;4;2022-08-27;1;0;0;0;0;1081527;6793;1492;50;4169
FR;4;2022-08-28;0;0;0;0;0;1081527;6793;1492;50;4169
FR;4;2022-08-29;6;0;0;0;0;1081533;6793;1492;50;4169
FR;4;2022-08-30;4;0;0;0;0;1081537;6793;1492;50;4169
FR;4;2022-08-31;1;1;0;0;1;1081538;6794;1492;50;4170
FR;4;2022-09-01;1;8;2;0;7;1081539;6802;1494;50;4177
FR;4;2022-09-02;1;1;1;0;2;1081540;6803;1495;50;4179
FR;4;2022-09-03;3;0;0;0;0;1081543;6803;1495;50;4179
FR;4;2022-09-04;0;0;0;0;0;1081543;6803;1495;50;4179
FR;4;2022-09-05;2;2;0;0;2;1081545;6805;1495;50;4181
FR;4;2022-09-06;1;0;0;0;0;1081546;6805;1495;50;4181
FR;4;2022-09-07;1;0;1;1;1;1081547;6805;1496;51;4182
FR;4;2022-09-08;3;0;0;0;0;1081550;6805;1496;51;4182
FR;4;2022-09-09;2;0;0;0;0;1081552;6805;1496;51;4182
FR;4;2022-09-10;0;0;0;3;1;1081552;6805;1496;54;4183
FR;4;2022-09-11;2;0;0;0;0;1081554;6805;1496;54;4183
FR;4;2022-09-12;1;1;1;0;1;1081555;6806;1497;54;4184
FR;4;2022-09-13;1;0;0;0;0;1081556;6806;1497;54;4184
FR;4;2022-09-14;1;0;0;0;0;1081557;6806;1497;54;4184
FR;4;2022-09-15;3;0;0;0;0;1081560;6806;1497;54;4184
FR;4;2022-09-16;0;0;0;0;0;1081560;6806;1497;54;4184
FR;4;2022-09-17;2;0;0;0;0;1081562;6806;1497;54;4184
FR;4;2022-09-18;0;1;0;0;1;1081562;6807;1497;54;4185
FR;4;2022-09-19;2;0;2;0;2;1081564;6807;1499;54;4187
FR;4;2022-09-20;3;0;0;0;0;1081567;6807;1499;54;4187
FR;4;2022-09-21;2;1;0;0;1;1081569;6808;1499;54;4188
FR;4;2022-09-22;1;1;0;0;1;1081570;6809;1499;54;4189
FR;4;2022-09-23;2;3;0;0;2;1081572;6812;1499;54;4191
FR;4;2022-09-24;1;0;0;0;0;1081573;6812;1499;54;4191
FR;4;2022-09-25;0;0;0;0;0;1081573;6812;1499;54;4191
FR;4;2022-09-26;2;0;1;0;0;1081575;6812;1500;54;4191
FR;4;2022-09-27;0;0;0;1;0;1081575;6812;1500;55;4191
FR;4;2022-09-28;3;0;2;0;2;1081578;6812;1502;55;4193
FR;4;2022-09-29;3;0;1;1;1;1081581;6812;1503;56;4194
FR;4;2022-09-30;1;0;0;0;0;1081582;6812;1503;56;4194
FR;4;2022-10-01;1;1;0;0;0;1081583;6813;1503;56;4194
FR;4;2022-10-02;0;0;0;0;0;1081583;6813;1503;56;4194
FR;4;2022-10-03;3;2;1;0;2;1081586;6815;1504;56;4196
FR;4;2022-10-04;2;0;0;0;0;1081588;6815;1504;56;4196
FR;4;2022-10-05;0;1;0;0;1;1081588;6816;1504;56;4197
FR;4;2022-10-06;1;0;0;0;0;1081589;6816;1504;56;4197
FR;4;2022-10-07;3;0;1;0;0;1081592;6816;1505;56;4197
FR;4;2022-10-08;3;1;0;0;0;1081595;6817;1505;56;4197
FR;4;2022-10-09;0;0;0;0;0;1081595;6817;1505;56;4197
FR;4;2022-10-10;4;0;1;3;1;1081599;6817;1506;59;4198
FR;4;2022-10-11;1;2;0;0;1;1081600;6819;1506;59;4199
FR;4;2022-10-12;0;0;0;0;0;1081600;6819;1506;59;4199
FR;4;2022-10-13;5;0;0;0;0;1081605;6819;1506;59;4199
FR;4;2022-10-14;1;0;0;0;0;1081606;6819;1506;59;4199
FR;4;2022-10-15;0;1;0;0;1;1081606;6820;1506;59;4200
FR;4;2022-10-16;0;0;0;0;0;1081606;6820;1506;59;4200
FR;4;2022-10-17;2;0;1;0;1;1081608;6820;1507;59;4201
FR;4;2022-10-18;1;0;0;1;0;1081609;6820;1507;60;4201
FR;4;2022-10-19;1;0;0;2;0;1081610;6820;1507;62;4201
FR;4;2022-10-20;3;1;0;0;1;1081613;6821;1507;62;4202
FR;4;2022-10-21;0;0;0;0;0;1081613;6821;1507;62;4202
FR;4;2022-10-22;1;0;0;0;0;1081614;6821;1507;62;4202
FR;4;2022-10-23;0;0;0;0;0;1081614;6821;1507;62;4202
FR;4;2022-10-24;0;0;0;0;0;1081614;6821;1507;62;4202
FR;4;2022-10-25;1;0;0;0;0;1081615;6821;1507;62;4202
FR;4;2022-10-26;2;1;0;0;1;1081617;6822;1507;62;4203
FR;4;2022-10-27;3;1;1;0;0;1081620;6823;1508;62;4203
FR;4;2022-10-28;0;0;0;0;0;1081620;6823;1508;62;4203
FR;4;2022-10-29;1;0;0;3;0;1081621;6823;1508;65;4203
FR;4;2022-10-30;1;0;0;0;0;1081622;6823;1508;65;4203
FR;4;2022-10-31;0;0;0;0;0;1081622;6823;1508;65;4203
FR;4;2022-11-01;0;0;0;0;0;1081622;6823;1508;65;4203
FR;4;2022-11-02;0;0;1;2;1;1081622;6823;1509;67;4204
FR;4;2022-11-03;1;0;0;0;0;1081623;6823;1509;67;4204
FR;4;2022-11-04;4;1;0;0;0;1081627;6824;1509;67;4204
FR;4;2022-11-05;0;0;0;0;0;1081627;6824;1509;67;4204
FR;4;2022-11-06;1;0;0;0;0;1081628;6824;1509;67;4204
FR;4;2022-11-07;1;0;0;0;0;1081629;6824;1509;67;4204
FR;4;2022-11-08;4;0;0;0;0;1081633;6824;1509;67;4204
FR;4;2022-11-09;0;0;0;0;0;1081633;6824;1509;67;4204
FR;4;2022-11-10;0;0;0;0;0;1081633;6824;1509;67;4204
FR;4;2022-11-11;0;0;0;0;0;1081633;6824;1509;67;4204
FR;4;2022-11-12;1;0;0;0;0;1081634;6824;1509;67;4204
FR;4;2022-11-13;0;0;0;0;0;1081634;6824;1509;67;4204
FR;4;2022-11-14;0;0;0;0;0;1081634;6824;1509;67;4204
FR;4;2022-11-15;3;0;0;0;0;1081637;6824;1509;67;4204
FR;4;2022-11-16;1;0;0;0;0;1081638;6824;1509;67;4204
FR;4;2022-11-17;0;0;0;0;0;1081638;6824;1509;67;4204
FR;4;2022-11-18;1;0;1;0;0;1081639;6824;1510;67;4204
FR;4;2022-11-19;0;0;0;0;0;1081639;6824;1510;67;4204
FR;4;2022-11-20;0;0;0;0;0;1081639;6824;1510;67;4204
FR;4;2022-11-21;0;0;0;0;0;1081639;6824;1510;67;4204
FR;5;2020-12-27;0;0;0;0;0;0;0;0;0;0
FR;5;2020-12-28;0;0;0;0;0;0;0;0;0;0
FR;5;2020-12-29;0;0;0;0;0;0;0;0;0;0
FR;5;2020-12-30;0;0;0;0;0;0;0;0;0;0
FR;5;2020-12-31;0;0;0;0;0;0;0;0;0;0
FR;5;2021-01-01;0;0;0;0;0;0;0;0;0;0
FR;5;2021-01-02;0;0;0;0;0;0;0;0;0;0
FR;5;2021-01-03;0;0;0;0;0;0;0;0;0;0
FR;5;2021-01-04;0;0;0;0;0;0;0;0;0;0
FR;5;2021-01-05;0;0;0;0;0;0;0;0;0;0
FR;5;2021-01-06;0;0;0;0;0;0;0;0;0;0
FR;5;2021-01-07;0;0;0;0;0;0;0;0;0;0
FR;5;2021-01-08;0;0;0;0;0;0;0;0;0;0
FR;5;2021-01-09;0;0;0;0;0;0;0;0;0;0
FR;5;2021-01-10;0;0;0;0;0;0;0;0;0;0
FR;5;2021-01-11;0;0;0;0;0;0;0;0;0;0
FR;5;2021-01-12;0;0;0;0;0;0;0;0;0;0
FR;5;2021-01-13;0;0;0;0;0;0;0;0;0;0
FR;5;2021-01-14;0;0;0;0;0;0;0;0;0;0
FR;5;2021-01-15;0;0;0;0;0;0;0;0;0;0
FR;5;2021-01-16;0;0;0;0;0;0;0;0;0;0
FR;5;2021-01-17;0;0;0;0;0;0;0;0;0;0
FR;5;2021-01-18;0;0;0;0;0;0;0;0;0;0
FR;5;2021-01-19;0;0;0;0;0;0;0;0;0;0
FR;5;2021-01-20;0;0;0;0;0;0;0;0;0;0
FR;5;2021-01-21;0;0;0;0;0;0;0;0;0;0
FR;5;2021-01-22;0;0;0;0;0;0;0;0;0;0
FR;5;2021-01-23;0;0;0;0;0;0;0;0;0;0
FR;5;2021-01-24;0;0;0;0;0;0;0;0;0;0
FR;5;2021-01-25;0;0;0;0;0;0;0;0;0;0
FR;5;2021-01-26;0;0;0;0;0;0;0;0;0;0
FR;5;2021-01-27;0;0;0;0;0;0;0;0;0;0
FR;5;2021-01-28;0;0;0;0;0;0;0;0;0;0
FR;5;2021-01-29;0;0;0;0;0;0;0;0;0;0
FR;5;2021-01-30;0;0;0;0;0;0;0;0;0;0
FR;5;2021-01-31;0;0;0;0;0;0;0;0;0;0
FR;5;2021-02-01;0;0;0;0;0;0;0;0;0;0
FR;5;2021-02-02;0;0;0;0;0;0;0;0;0;0
FR;5;2021-02-03;0;0;0;0;0;0;0;0;0;0
FR;5;2021-02-04;0;0;0;0;0;0;0;0;0;0
FR;5;2021-02-05;0;0;0;0;0;0;0;0;0;0
FR;5;2021-02-06;0;0;0;0;0;0;0;0;0;0
FR;5;2021-02-07;0;0;0;0;0;0;0;0;0;0
FR;5;2021-02-08;0;0;0;0;0;0;0;0;0;0
FR;5;2021-02-09;0;0;0;0;0;0;0;0;0;0
FR;5;2021-02-10;0;0;0;0;0;0;0;0;0;0
FR;5;2021-02-11;0;0;0;0;0;0;0;0;0;0
FR;5;2021-02-12;0;0;0;0;0;0;0;0;0;0
FR;5;2021-02-13;0;0;0;0;0;0;0;0;0;0
FR;5;2021-02-14;0;0;0;0;0;0;0;0;0;0
FR;5;2021-02-15;0;0;0;0;0;0;0;0;0;0
FR;5;2021-02-16;0;0;0;0;0;0;0;0;0;0
FR;5;2021-02-17;0;0;0;0;0;0;0;0;0;0
FR;5;2021-02-18;0;0;0;0;0;0;0;0;0;0
FR;5;2021-02-19;0;0;0;0;0;0;0;0;0;0
FR;5;2021-02-20;0;0;0;0;0;0;0;0;0;0
FR;5;2021-02-21;0;0;0;0;0;0;0;0;0;0
FR;5;2021-02-22;0;0;0;0;0;0;0;0;0;0
FR;5;2021-02-23;0;0;0;0;0;0;0;0;0;0
FR;5;2021-02-24;0;0;0;0;0;0;0;0;0;0
FR;5;2021-02-25;0;0;0;0;0;0;0;0;0;0
FR;5;2021-02-26;0;0;0;0;0;0;0;0;0;0
FR;5;2021-02-27;0;0;0;0;0;0;0;0;0;0
FR;5;2021-02-28;0;0;0;0;0;0;0;0;0;0
FR;5;2021-03-01;0;0;0;0;0;0;0;0;0;0
FR;5;2021-03-02;0;0;0;0;0;0;0;0;0;0
FR;5;2021-03-03;0;0;0;0;0;0;0;0;0;0
FR;5;2021-03-04;0;0;0;0;0;0;0;0;0;0
FR;5;2021-03-05;0;0;0;0;0;0;0;0;0;0
FR;5;2021-03-06;0;0;0;0;0;0;0;0;0;0
FR;5;2021-03-07;0;0;0;0;0;0;0;0;0;0
FR;5;2021-03-08;0;0;0;0;0;0;0;0;0;0
FR;5;2021-03-09;0;0;0;0;0;0;0;0;0;0
FR;5;2021-03-10;0;0;0;0;0;0;0;0;0;0
FR;5;2021-03-11;0;0;0;0;0;0;0;0;0;0
FR;5;2021-03-12;0;0;0;0;0;0;0;0;0;0
FR;5;2021-03-13;0;0;0;0;0;0;0;0;0;0
FR;5;2021-03-14;0;0;0;0;0;0;0;0;0;0
FR;5;2021-03-15;0;0;0;0;0;0;0;0;0;0
FR;5;2021-03-16;0;0;0;0;0;0;0;0;0;0
FR;5;2021-03-17;0;0;0;0;0;0;0;0;0;0
FR;5;2021-03-18;0;0;0;0;0;0;0;0;0;0
FR;5;2021-03-19;0;0;0;0;0;0;0;0;0;0
FR;5;2021-03-20;0;0;0;0;0;0;0;0;0;0
FR;5;2021-03-21;0;0;0;0;0;0;0;0;0;0
FR;5;2021-03-22;0;0;0;0;0;0;0;0;0;0
FR;5;2021-03-23;0;0;0;0;0;0;0;0;0;0
FR;5;2021-03-24;0;0;0;0;0;0;0;0;0;0
FR;5;2021-03-25;0;0;0;0;0;0;0;0;0;0
FR;5;2021-03-26;0;0;0;0;0;0;0;0;0;0
FR;5;2021-03-27;0;0;0;0;0;0;0;0;0;0
FR;5;2021-03-28;0;0;0;0;0;0;0;0;0;0
FR;5;2021-03-29;0;0;0;0;0;0;0;0;0;0
FR;5;2021-03-30;0;0;0;0;0;0;0;0;0;0
FR;5;2021-03-31;0;0;0;0;0;0;0;0;0;0
FR;5;2021-04-01;0;0;0;0;0;0;0;0;0;0
FR;5;2021-04-02;0;0;0;0;0;0;0;0;0;0
FR;5;2021-04-03;0;0;0;0;0;0;0;0;0;0
FR;5;2021-04-04;0;0;0;0;0;0;0;0;0;0
FR;5;2021-04-05;0;0;0;0;0;0;0;0;0;0
FR;5;2021-04-06;0;0;0;0;0;0;0;0;0;0
FR;5;2021-04-07;0;0;0;0;0;0;0;0;0;0
FR;5;2021-04-08;0;0;0;0;0;0;0;0;0;0
FR;5;2021-04-09;0;0;0;0;0;0;0;0;0;0
FR;5;2021-04-10;0;0;0;0;0;0;0;0;0;0
FR;5;2021-04-11;0;0;0;0;0;0;0;0;0;0
FR;5;2021-04-12;0;0;0;0;0;0;0;0;0;0
FR;5;2021-04-13;0;0;0;0;0;0;0;0;0;0
FR;5;2021-04-14;0;0;0;0;0;0;0;0;0;0
FR;5;2021-04-15;0;0;0;0;0;0;0;0;0;0
FR;5;2021-04-16;0;0;0;0;0;0;0;0;0;0
FR;5;2021-04-17;0;0;0;0;0;0;0;0;0;0
FR;5;2021-04-18;0;0;0;0;0;0;0;0;0;0
FR;5;2021-04-19;0;0;0;0;0;0;0;0;0;0
FR;5;2021-04-20;0;0;0;0;0;0;0;0;0;0
FR;5;2021-04-21;0;0;0;0;0;0;0;0;0;0
FR;5;2021-04-22;0;0;0;0;0;0;0;0;0;0
FR;5;2021-04-23;0;0;0;0;0;0;0;0;0;0
FR;5;2021-04-24;0;0;0;0;0;0;0;0;0;0
FR;5;2021-04-25;0;0;0;0;0;0;0;0;0;0
FR;5;2021-04-26;0;0;0;0;0;0;0;0;0;0
FR;5;2021-04-27;0;0;0;0;0;0;0;0;0;0
FR;5;2021-04-28;0;0;0;0;0;0;0;0;0;0
FR;5;2021-04-29;0;0;0;0;0;0;0;0;0;0
FR;5;2021-04-30;0;0;0;0;0;0;0;0;0;0
FR;5;2021-05-01;0;0;0;0;0;0;0;0;0;0
FR;5;2021-05-02;0;0;0;0;0;0;0;0;0;0
FR;5;2021-05-03;0;0;0;0;0;0;0;0;0;0
FR;5;2021-05-04;0;0;0;0;0;0;0;0;0;0
FR;5;2021-05-05;0;0;0;0;0;0;0;0;0;0
FR;5;2021-05-06;0;0;0;0;0;0;0;0;0;0
FR;5;2021-05-07;0;0;0;0;0;0;0;0;0;0
FR;5;2021-05-08;0;0;0;0;0;0;0;0;0;0
FR;5;2021-05-09;0;0;0;0;0;0;0;0;0;0
FR;5;2021-05-10;0;0;0;0;0;0;0;0;0;0
FR;5;2021-05-11;0;0;0;0;0;0;0;0;0;0
FR;5;2021-05-12;0;0;0;0;0;0;0;0;0;0
FR;5;2021-05-13;0;0;0;0;0;0;0;0;0;0
FR;5;2021-05-14;0;0;0;0;0;0;0;0;0;0
FR;5;2021-05-15;0;0;0;0;0;0;0;0;0;0
FR;5;2021-05-16;0;0;0;0;0;0;0;0;0;0
FR;5;2021-05-17;0;0;0;0;0;0;0;0;0;0
FR;5;2021-05-18;0;0;0;0;0;0;0;0;0;0
FR;5;2021-05-19;0;0;0;0;0;0;0;0;0;0
FR;5;2021-05-20;0;0;0;0;0;0;0;0;0;0
FR;5;2021-05-21;0;0;0;0;0;0;0;0;0;0
FR;5;2021-05-22;0;0;0;0;0;0;0;0;0;0
FR;5;2021-05-23;0;0;0;0;0;0;0;0;0;0
FR;5;2021-05-24;0;0;0;0;0;0;0;0;0;0
FR;5;2021-05-25;0;0;0;0;0;0;0;0;0;0
FR;5;2021-05-26;0;0;0;0;0;0;0;0;0;0
FR;5;2021-05-27;0;0;0;0;0;0;0;0;0;0
FR;5;2021-05-28;0;0;0;0;0;0;0;0;0;0
FR;5;2021-05-29;0;0;0;0;0;0;0;0;0;0
FR;5;2021-05-30;0;0;0;0;0;0;0;0;0;0
FR;5;2021-05-31;0;0;0;0;0;0;0;0;0;0
FR;5;2021-06-01;0;0;0;0;0;0;0;0;0;0
FR;5;2021-06-02;0;0;0;0;0;0;0;0;0;0
FR;5;2021-06-03;0;0;0;0;0;0;0;0;0;0
FR;5;2021-06-04;0;0;0;0;0;0;0;0;0;0
FR;5;2021-06-05;0;0;0;0;0;0;0;0;0;0
FR;5;2021-06-06;0;0;0;0;0;0;0;0;0;0
FR;5;2021-06-07;0;0;0;0;0;0;0;0;0;0
FR;5;2021-06-08;0;0;0;0;0;0;0;0;0;0
FR;5;2021-06-09;0;0;0;0;0;0;0;0;0;0
FR;5;2021-06-10;0;0;0;0;0;0;0;0;0;0
FR;5;2021-06-11;0;0;0;0;0;0;0;0;0;0
FR;5;2021-06-12;0;0;0;0;0;0;0;0;0;0
FR;5;2021-06-13;0;0;0;0;0;0;0;0;0;0
FR;5;2021-06-14;0;0;0;0;0;0;0;0;0;0
FR;5;2021-06-15;0;0;0;0;0;0;0;0;0;0
FR;5;2021-06-16;0;0;0;0;0;0;0;0;0;0
FR;5;2021-06-17;0;0;0;0;0;0;0;0;0;0
FR;5;2021-06-18;0;0;0;0;0;0;0;0;0;0
FR;5;2021-06-19;0;0;0;0;0;0;0;0;0;0
FR;5;2021-06-20;0;0;0;0;0;0;0;0;0;0
FR;5;2021-06-21;0;0;0;0;0;0;0;0;0;0
FR;5;2021-06-22;0;0;0;0;0;0;0;0;0;0
FR;5;2021-06-23;0;0;0;0;0;0;0;0;0;0
FR;5;2021-06-24;0;0;0;0;0;0;0;0;0;0
FR;5;2021-06-25;0;0;0;0;0;0;0;0;0;0
FR;5;2021-06-26;0;0;0;0;0;0;0;0;0;0
FR;5;2021-06-27;0;0;0;0;0;0;0;0;0;0
FR;5;2021-06-28;0;0;0;0;0;0;0;0;0;0
FR;5;2021-06-29;0;0;0;0;0;0;0;0;0;0
FR;5;2021-06-30;0;0;0;0;0;0;0;0;0;0
FR;5;2021-07-01;0;0;0;0;0;0;0;0;0;0
FR;5;2021-07-02;0;0;0;0;0;0;0;0;0;0
FR;5;2021-07-03;0;0;0;0;0;0;0;0;0;0
FR;5;2021-07-04;0;0;0;0;0;0;0;0;0;0
FR;5;2021-07-05;0;0;0;0;0;0;0;0;0;0
FR;5;2021-07-06;0;0;0;0;0;0;0;0;0;0
FR;5;2021-07-07;0;0;0;0;0;0;0;0;0;0
FR;5;2021-07-08;0;0;0;0;0;0;0;0;0;0
FR;5;2021-07-09;0;0;0;0;0;0;0;0;0;0
FR;5;2021-07-10;0;0;0;0;0;0;0;0;0;0
FR;5;2021-07-11;0;0;0;0;0;0;0;0;0;0
FR;5;2021-07-12;0;0;0;0;0;0;0;0;0;0
FR;5;2021-07-13;0;0;0;0;0;0;0;0;0;0
FR;5;2021-07-14;0;0;0;0;0;0;0;0;0;0
FR;5;2021-07-15;0;0;0;0;0;0;0;0;0;0
FR;5;2021-07-16;0;0;0;0;0;0;0;0;0;0
FR;5;2021-07-17;0;0;0;0;0;0;0;0;0;0
FR;5;2021-07-18;0;0;0;0;0;0;0;0;0;0
FR;5;2021-07-19;0;0;0;0;0;0;0;0;0;0
FR;5;2021-07-20;0;0;0;0;0;0;0;0;0;0
FR;5;2021-07-21;0;0;0;0;0;0;0;0;0;0
FR;5;2021-07-22;0;0;0;0;0;0;0;0;0;0
FR;5;2021-07-23;0;0;0;0;0;0;0;0;0;0
FR;5;2021-07-24;0;0;0;0;0;0;0;0;0;0
FR;5;2021-07-25;0;0;0;0;0;0;0;0;0;0
FR;5;2021-07-26;0;0;0;0;0;0;0;0;0;0
FR;5;2021-07-27;0;0;0;0;0;0;0;0;0;0
FR;5;2021-07-28;0;0;0;0;0;0;0;0;0;0
FR;5;2021-07-29;0;0;0;0;0;0;0;0;0;0
FR;5;2021-07-30;0;0;0;0;0;0;0;0;0;0
FR;5;2021-07-31;0;0;0;0;0;0;0;0;0;0
FR;5;2021-08-01;0;0;0;0;0;0;0;0;0;0
FR;5;2021-08-02;0;0;0;0;0;0;0;0;0;0
FR;5;2021-08-03;0;0;0;0;0;0;0;0;0;0
FR;5;2021-08-04;0;0;0;0;0;0;0;0;0;0
FR;5;2021-08-05;0;0;0;0;0;0;0;0;0;0
FR;5;2021-08-06;0;0;0;0;0;0;0;0;0;0
FR;5;2021-08-07;0;0;0;0;0;0;0;0;0;0
FR;5;2021-08-08;0;0;0;0;0;0;0;0;0;0
FR;5;2021-08-09;0;0;0;0;0;0;0;0;0;0
FR;5;2021-08-10;0;0;0;0;0;0;0;0;0;0
FR;5;2021-08-11;0;0;0;0;0;0;0;0;0;0
FR;5;2021-08-12;0;0;0;0;0;0;0;0;0;0
FR;5;2021-08-13;0;0;0;0;0;0;0;0;0;0
FR;5;2021-08-14;0;0;0;0;0;0;0;0;0;0
FR;5;2021-08-15;0;0;0;0;0;0;0;0;0;0
FR;5;2021-08-16;0;0;0;0;0;0;0;0;0;0
FR;5;2021-08-17;0;0;0;0;0;0;0;0;0;0
FR;5;2021-08-18;0;0;0;0;0;0;0;0;0;0
FR;5;2021-08-19;0;0;0;0;0;0;0;0;0;0
FR;5;2021-08-20;0;0;0;0;0;0;0;0;0;0
FR;5;2021-08-21;0;0;0;0;0;0;0;0;0;0
FR;5;2021-08-22;0;0;0;0;0;0;0;0;0;0
FR;5;2021-08-23;0;0;0;0;0;0;0;0;0;0
FR;5;2021-08-24;0;0;0;0;0;0;0;0;0;0
FR;5;2021-08-25;0;0;0;0;0;0;0;0;0;0
FR;5;2021-08-26;0;0;0;0;0;0;0;0;0;0
FR;5;2021-08-27;0;0;0;0;0;0;0;0;0;0
FR;5;2021-08-28;0;0;0;0;0;0;0;0;0;0
FR;5;2021-08-29;0;0;0;0;0;0;0;0;0;0
FR;5;2021-08-30;0;0;0;0;0;0;0;0;0;0
FR;5;2021-08-31;0;0;0;0;0;0;0;0;0;0
FR;5;2021-09-01;0;0;0;0;0;0;0;0;0;0
FR;5;2021-09-02;0;0;0;0;0;0;0;0;0;0
FR;5;2021-09-03;0;0;0;0;0;0;0;0;0;0
FR;5;2021-09-04;0;0;0;0;0;0;0;0;0;0
FR;5;2021-09-05;0;0;0;0;0;0;0;0;0;0
FR;5;2021-09-06;0;0;0;0;0;0;0;0;0;0
FR;5;2021-09-07;0;0;0;0;0;0;0;0;0;0
FR;5;2021-09-08;0;0;0;0;0;0;0;0;0;0
FR;5;2021-09-09;0;0;0;0;0;0;0;0;0;0
FR;5;2021-09-10;0;0;0;0;0;0;0;0;0;0
FR;5;2021-09-11;0;0;0;0;0;0;0;0;0;0
FR;5;2021-09-12;0;0;0;0;0;0;0;0;0;0
FR;5;2021-09-13;0;0;0;0;0;0;0;0;0;0
FR;5;2021-09-14;0;0;0;0;0;0;0;0;0;0
FR;5;2021-09-15;0;0;0;0;0;0;0;0;0;0
FR;5;2021-09-16;0;0;0;0;0;0;0;0;0;0
FR;5;2021-09-17;0;0;0;0;0;0;0;0;0;0
FR;5;2021-09-18;0;0;0;0;0;0;0;0;0;0
FR;5;2021-09-19;0;0;0;0;0;0;0;0;0;0
FR;5;2021-09-20;0;0;0;0;0;0;0;0;0;0
FR;5;2021-09-21;0;0;0;0;0;0;0;0;0;0
FR;5;2021-09-22;0;0;0;0;0;0;0;0;0;0
FR;5;2021-09-23;0;0;0;0;0;0;0;0;0;0
FR;5;2021-09-24;0;0;0;0;0;0;0;0;0;0
FR;5;2021-09-25;0;0;0;0;0;0;0;0;0;0
FR;5;2021-09-26;0;0;0;0;0;0;0;0;0;0
FR;5;2021-09-27;0;0;0;0;0;0;0;0;0;0
FR;5;2021-09-28;0;0;0;0;0;0;0;0;0;0
FR;5;2021-09-29;0;0;0;0;0;0;0;0;0;0
FR;5;2021-09-30;0;0;0;0;0;0;0;0;0;0
FR;5;2021-10-01;0;0;0;0;0;0;0;0;0;0
FR;5;2021-10-02;0;0;0;0;0;0;0;0;0;0
FR;5;2021-10-03;0;0;0;0;0;0;0;0;0;0
FR;5;2021-10-04;0;0;0;0;0;0;0;0;0;0
FR;5;2021-10-05;0;0;0;0;0;0;0;0;0;0
FR;5;2021-10-06;0;0;0;0;0;0;0;0;0;0
FR;5;2021-10-07;0;0;0;0;0;0;0;0;0;0
FR;5;2021-10-08;0;0;0;0;0;0;0;0;0;0
FR;5;2021-10-09;0;0;0;0;0;0;0;0;0;0
FR;5;2021-10-10;0;0;0;0;0;0;0;0;0;0
FR;5;2021-10-11;0;0;0;0;0;0;0;0;0;0
FR;5;2021-10-12;0;0;0;0;0;0;0;0;0;0
FR;5;2021-10-13;0;0;0;0;0;0;0;0;0;0
FR;5;2021-10-14;0;0;0;0;0;0;0;0;0;0
FR;5;2021-10-15;0;0;0;0;0;0;0;0;0;0
FR;5;2021-10-16;0;0;0;0;0;0;0;0;0;0
FR;5;2021-10-17;0;0;0;0;0;0;0;0;0;0
FR;5;2021-10-18;0;0;0;0;0;0;0;0;0;0
FR;5;2021-10-19;0;0;0;0;0;0;0;0;0;0
FR;5;2021-10-20;0;0;0;0;0;0;0;0;0;0
FR;5;2021-10-21;0;0;0;0;0;0;0;0;0;0
FR;5;2021-10-22;0;0;0;0;0;0;0;0;0;0
FR;5;2021-10-23;0;0;0;0;0;0;0;0;0;0
FR;5;2021-10-24;0;0;0;0;0;0;0;0;0;0
FR;5;2021-10-25;0;0;0;0;0;0;0;0;0;0
FR;5;2021-10-26;0;0;0;0;0;0;0;0;0;0
FR;5;2021-10-27;0;0;0;0;0;0;0;0;0;0
FR;5;2021-10-28;0;0;0;0;0;0;0;0;0;0
FR;5;2021-10-29;0;0;0;0;0;0;0;0;0;0
FR;5;2021-10-30;0;0;0;0;0;0;0;0;0;0
FR;5;2021-10-31;0;0;0;0;0;0;0;0;0;0
FR;5;2021-11-01;0;0;0;0;0;0;0;0;0;0
FR;5;2021-11-02;0;0;0;0;0;0;0;0;0;0
FR;5;2021-11-03;0;0;0;0;0;0;0;0;0;0
FR;5;2021-11-04;0;0;0;0;0;0;0;0;0;0
FR;5;2021-11-05;0;0;0;0;0;0;0;0;0;0
FR;5;2021-11-06;0;0;0;0;0;0;0;0;0;0
FR;5;2021-11-07;0;0;0;0;0;0;0;0;0;0
FR;5;2021-11-08;0;0;0;0;0;0;0;0;0;0
FR;5;2021-11-09;0;0;0;0;0;0;0;0;0;0
FR;5;2021-11-10;0;0;0;0;0;0;0;0;0;0
FR;5;2021-11-11;0;0;0;0;0;0;0;0;0;0
FR;5;2021-11-12;0;0;0;0;0;0;0;0;0;0
FR;5;2021-11-13;0;0;0;0;0;0;0;0;0;0
FR;5;2021-11-14;0;0;0;0;0;0;0;0;0;0
FR;5;2021-11-15;0;0;0;0;0;0;0;0;0;0
FR;5;2021-11-16;0;0;0;0;0;0;0;0;0;0
FR;5;2021-11-17;0;0;0;0;0;0;0;0;0;0
FR;5;2021-11-18;0;0;0;0;0;0;0;0;0;0
FR;5;2021-11-19;0;0;0;0;0;0;0;0;0;0
FR;5;2021-11-20;0;0;0;0;0;0;0;0;0;0
FR;5;2021-11-21;0;0;0;0;0;0;0;0;0;0
FR;5;2021-11-22;0;0;0;0;0;0;0;0;0;0
FR;5;2021-11-23;0;0;0;0;0;0;0;0;0;0
FR;5;2021-11-24;0;0;0;0;0;0;0;0;0;0
FR;5;2021-11-25;0;0;0;0;0;0;0;0;0;0
FR;5;2021-11-26;0;0;0;0;0;0;0;0;0;0
FR;5;2021-11-27;0;0;0;0;0;0;0;0;0;0
FR;5;2021-11-28;0;0;0;0;0;0;0;0;0;0
FR;5;2021-11-29;0;0;0;0;0;0;0;0;0;0
FR;5;2021-11-30;0;0;0;0;0;0;0;0;0;0
FR;5;2021-12-01;0;0;0;0;0;0;0;0;0;0
FR;5;2021-12-02;0;0;0;0;0;0;0;0;0;0
FR;5;2021-12-03;0;0;0;0;0;0;0;0;0;0
FR;5;2021-12-04;0;0;0;0;0;0;0;0;0;0
FR;5;2021-12-05;0;0;0;0;0;0;0;0;0;0
FR;5;2021-12-06;0;0;0;0;0;0;0;0;0;0
FR;5;2021-12-07;0;0;0;0;0;0;0;0;0;0
FR;5;2021-12-08;0;0;0;0;0;0;0;0;0;0
FR;5;2021-12-09;0;0;0;0;0;0;0;0;0;0
FR;5;2021-12-10;0;0;0;0;0;0;0;0;0;0
FR;5;2021-12-11;0;0;0;0;0;0;0;0;0;0
FR;5;2021-12-12;0;0;0;0;0;0;0;0;0;0
FR;5;2021-12-13;0;0;0;0;0;0;0;0;0;0
FR;5;2021-12-14;33;45;77;0;88;33;45;77;0;88
FR;5;2021-12-15;196;44;37;0;49;229;89;114;0;137
FR;5;2021-12-16;181;21;44;0;48;410;110;158;0;185
FR;5;2021-12-17;312;16;72;0;74;722;126;230;0;259
FR;5;2021-12-18;766;24;22;0;29;1488;150;252;0;288
FR;5;2021-12-19;586;15;15;0;17;2074;165;267;0;305
FR;5;2021-12-20;1223;31;35;0;38;3297;196;302;0;343
FR;5;2021-12-21;1535;22;54;1;60;4832;218;356;1;403
FR;5;2021-12-22;4069;40;37;0;46;8901;258;393;1;449
FR;5;2021-12-23;3042;16;21;0;25;11943;274;414;1;474
FR;5;2021-12-24;761;18;9;0;14;12704;292;423;1;488
FR;5;2021-12-25;61;5;2;0;3;12765;297;425;1;491
FR;5;2021-12-26;623;6;3;0;4;13388;303;428;1;495
FR;5;2021-12-27;4085;25;21;0;23;17473;328;449;1;518
FR;5;2021-12-28;5204;23;41;1;43;22677;351;490;2;561
FR;5;2021-12-29;8106;34;66;2;69;30783;385;556;4;630
FR;5;2021-12-30;5173;18;33;0;39;35956;403;589;4;669
FR;5;2021-12-31;1553;8;10;0;11;37509;411;599;4;680
FR;5;2022-01-01;185;2;2;0;3;37694;413;601;4;683
FR;5;2022-01-02;1489;1;1;0;1;39183;414;602;4;684
FR;5;2022-01-03;3066;36;34;0;33;42249;450;636;4;717
FR;5;2022-01-04;3033;39;33;0;42;45282;489;669;4;759
FR;5;2022-01-05;19323;203;97;1;108;64605;692;766;5;867
FR;5;2022-01-06;3748;134;122;0;142;68353;826;888;5;1009
FR;5;2022-01-07;5007;202;48;2;56;73360;1028;936;7;1065
FR;5;2022-01-08;13658;514;45;0;52;87018;1542;981;7;1117
FR;5;2022-01-09;5754;399;15;0;20;92772;1941;996;7;1137
FR;5;2022-01-10;3455;326;25;0;29;96227;2267;1021;7;1166
FR;5;2022-01-11;3671;284;38;0;41;99898;2551;1059;7;1207
FR;5;2022-01-12;22652;3005;89;0;112;122550;5556;1148;7;1319
FR;5;2022-01-13;4038;622;29;0;31;126588;6178;1177;7;1350
FR;5;2022-01-14;4843;582;44;0;51;131431;6760;1221;7;1401
FR;5;2022-01-15;14686;1746;38;3;49;146117;8506;1259;10;1450
FR;5;2022-01-16;4727;666;3;0;5;150844;9172;1262;10;1455
FR;5;2022-01-17;2297;718;26;0;29;153141;9890;1288;10;1484
FR;5;2022-01-18;2431;870;30;0;40;155572;10760;1318;10;1524
FR;5;2022-01-19;18482;6423;74;2;142;174054;17183;1392;12;1666
FR;5;2022-01-20;1920;1068;25;0;34;175974;18251;1417;12;1700
FR;5;2022-01-21;3077;1372;47;1;59;179051;19623;1464;13;1759
FR;5;2022-01-22;10720;3454;33;1;43;189771;23077;1497;14;1802
FR;5;2022-01-23;2629;1415;6;0;10;192400;24492;1503;14;1812
FR;5;2022-01-24;1161;1340;19;0;23;193561;25832;1522;14;1835
FR;5;2022-01-25;1220;1549;20;2;31;194781;27381;1542;16;1866
FR;5;2022-01-26;10751;12029;50;1;89;205532;39410;1592;17;1955
FR;5;2022-01-27;1291;1692;10;0;17;206823;41102;1602;17;1972
FR;5;2022-01-28;1699;3347;16;0;19;208522;44449;1618;17;1991
FR;5;2022-01-29;6241;8041;68;0;96;214763;52490;1686;17;2087
FR;5;2022-01-30;1509;2950;5;0;18;216272;55440;1691;17;2105
FR;5;2022-01-31;589;1773;23;0;24;216861;57213;1714;17;2129
FR;5;2022-02-01;712;1706;10;0;15;217573;58919;1724;17;2144
FR;5;2022-02-02;6958;15656;52;0;94;224531;74575;1776;17;2238
FR;5;2022-02-03;491;1691;14;0;13;225022;76266;1790;17;2251
FR;5;2022-02-04;945;3002;19;0;31;225967;79268;1809;17;2282
FR;5;2022-02-05;3535;8919;23;0;37;229502;88187;1832;17;2319
FR;5;2022-02-06;737;2397;10;0;19;230239;90584;1842;17;2338
FR;5;2022-02-07;884;1596;23;0;25;231123;92180;1865;17;2363
FR;5;2022-02-08;723;1287;18;0;20;231846;93467;1883;17;2383
FR;5;2022-02-09;4544;12878;44;0;76;236390;106345;1927;17;2459
FR;5;2022-02-10;646;1059;14;0;15;237036;107404;1941;17;2474
FR;5;2022-02-11;793;2032;16;0;21;237829;109436;1957;17;2495
FR;5;2022-02-12;2286;6812;33;0;53;240115;116248;1990;17;2548
FR;5;2022-02-13;464;1540;8;0;8;240579;117788;1998;17;2556
FR;5;2022-02-14;678;1288;10;0;13;241257;119076;2008;17;2569
FR;5;2022-02-15;482;886;9;0;14;241739;119962;2017;17;2583
FR;5;2022-02-16;2980;9123;41;1;58;244719;129085;2058;18;2641
FR;5;2022-02-17;436;809;6;0;7;245155;129894;2064;18;2648
FR;5;2022-02-18;649;1408;13;0;17;245804;131302;2077;18;2665
FR;5;2022-02-19;1373;4315;16;0;28;247177;135617;2093;18;2693
FR;5;2022-02-20;247;879;6;0;8;247424;136496;2099;18;2701
FR;5;2022-02-21;221;607;2;0;4;247645;137103;2101;18;2705
FR;5;2022-02-22;262;545;17;0;17;247907;137648;2118;18;2722
FR;5;2022-02-23;1909;6926;23;1;43;249816;144574;2141;19;2765
FR;5;2022-02-24;182;374;6;1;7;249998;144948;2147;20;2772
FR;5;2022-02-25;336;950;13;0;12;250334;145898;2160;20;2784
FR;5;2022-02-26;972;3071;11;0;15;251306;148969;2171;20;2799
FR;5;2022-02-27;151;506;0;0;3;251457;149475;2171;20;2802
FR;5;2022-02-28;162;369;1;0;1;251619;149844;2172;20;2803
FR;5;2022-03-01;130;280;6;0;7;251749;150124;2178;20;2810
FR;5;2022-03-02;1241;4156;28;3;40;252990;154280;2206;23;2850
FR;5;2022-03-03;121;251;5;0;10;253111;154531;2211;23;2860
FR;5;2022-03-04;197;488;13;0;14;253308;155019;2224;23;2874
FR;5;2022-03-05;677;1990;8;0;16;253985;157009;2232;23;2890
FR;5;2022-03-06;108;260;0;0;0;254093;157269;2232;23;2890
FR;5;2022-03-07;71;228;5;0;3;254164;157497;2237;23;2893
FR;5;2022-03-08;46;134;7;1;8;254210;157631;2244;24;2901
FR;5;2022-03-09;910;3078;24;0;36;255120;160709;2268;24;2937
FR;5;2022-03-10;82;202;9;0;13;255202;160911;2277;24;2950
FR;5;2022-03-11;148;369;13;1;15;255350;161280;2290;25;2965
FR;5;2022-03-12;758;1613;13;1;30;256108;162893;2303;26;2995
FR;5;2022-03-13;78;100;0;0;0;256186;162993;2303;26;2995
FR;5;2022-03-14;67;119;7;1;7;256253;163112;2310;27;3002
FR;5;2022-03-15;83;99;4;0;7;256336;163211;2314;27;3009
FR;5;2022-03-16;882;1827;15;3;36;257218;165038;2329;30;3045
FR;5;2022-03-17;68;123;8;4;10;257286;165161;2337;34;3055
FR;5;2022-03-18;172;318;13;4;18;257458;165479;2350;38;3073
FR;5;2022-03-19;751;1163;12;5;33;258209;166642;2362;43;3106
FR;5;2022-03-20;45;93;1;0;1;258254;166735;2363;43;3107
FR;5;2022-03-21;71;120;10;6;15;258325;166855;2373;49;3122
FR;5;2022-03-22;56;119;8;7;9;258381;166974;2381;56;3131
FR;5;2022-03-23;805;1461;14;8;36;259186;168435;2395;64;3167
FR;5;2022-03-24;70;93;8;7;7;259256;168528;2403;71;3174
FR;5;2022-03-25;222;293;14;8;18;259478;168821;2417;79;3192
FR;5;2022-03-26;707;853;12;5;26;260185;169674;2429;84;3218
FR;5;2022-03-27;75;81;0;0;3;260260;169755;2429;84;3221
FR;5;2022-03-28;81;93;1;2;3;260341;169848;2430;86;3224
FR;5;2022-03-29;71;82;10;4;12;260412;169930;2440;90;3236
FR;5;2022-03-30;823;1116;16;13;29;261235;171046;2456;103;3265
FR;5;2022-03-31;102;125;1;4;6;261337;171171;2457;107;3271
FR;5;2022-04-01;114;86;7;12;11;261451;171257;2464;119;3282
FR;5;2022-04-02;330;349;3;3;15;261781;171606;2467;122;3297
FR;5;2022-04-03;54;59;1;0;1;261835;171665;2468;122;3298
FR;5;2022-04-04;40;57;4;1;8;261875;171722;2472;123;3306
FR;5;2022-04-05;52;60;6;6;9;261927;171782;2478;129;3315
FR;5;2022-04-06;421;439;7;15;16;262348;172221;2485;144;3331
FR;5;2022-04-07;45;69;5;7;7;262393;172290;2490;151;3338
FR;5;2022-04-08;134;112;12;13;14;262527;172402;2502;164;3352
FR;5;2022-04-09;311;324;2;5;17;262838;172726;2504;169;3369
FR;5;2022-04-10;44;31;2;0;2;262882;172757;2506;169;3371
FR;5;2022-04-11;50;60;3;2;4;262932;172817;2509;171;3375
FR;5;2022-04-12;59;54;3;3;5;262991;172871;2512;174;3380
FR;5;2022-04-13;382;413;3;8;16;263373;173284;2515;182;3396
FR;5;2022-04-14;48;51;5;5;9;263421;173335;2520;187;3405
FR;5;2022-04-15;91;109;4;4;5;263512;173444;2524;191;3410
FR;5;2022-04-16;188;184;2;1;13;263700;173628;2526;192;3423
FR;5;2022-04-17;12;11;1;0;1;263712;173639;2527;192;3424
FR;5;2022-04-18;9;10;2;0;3;263721;173649;2529;192;3427
FR;5;2022-04-19;75;71;6;1;6;263796;173720;2535;193;3433
FR;5;2022-04-20;361;349;9;6;12;264157;174069;2544;199;3445
FR;5;2022-04-21;42;64;9;10;12;264199;174133;2553;209;3457
FR;5;2022-04-22;113;96;5;4;5;264312;174229;2558;213;3462
FR;5;2022-04-23;209;193;4;2;11;264521;174422;2562;215;3473
FR;5;2022-04-24;37;35;0;0;3;264558;174457;2562;215;3476
FR;5;2022-04-25;69;65;1;1;4;264627;174522;2563;216;3480
FR;5;2022-04-26;60;63;2;1;5;264687;174585;2565;217;3485
FR;5;2022-04-27;335;316;3;7;14;265022;174901;2568;224;3499
FR;5;2022-04-28;81;54;4;5;8;265103;174955;2572;229;3507
FR;5;2022-04-29;117;84;5;19;12;265220;175039;2577;248;3519
FR;5;2022-04-30;183;114;2;3;10;265403;175153;2579;251;3529
FR;5;2022-05-01;11;7;0;0;0;265414;175160;2579;251;3529
FR;5;2022-05-02;52;28;4;5;2;265466;175188;2583;256;3531
FR;5;2022-05-03;84;57;2;4;11;265550;175245;2585;260;3542
FR;5;2022-05-04;278;205;1;2;7;265828;175450;2586;262;3549
FR;5;2022-05-05;62;32;3;4;5;265890;175482;2589;266;3554
FR;5;2022-05-06;105;65;2;3;5;265995;175547;2591;269;3559
FR;5;2022-05-07;171;117;2;10;13;266166;175664;2593;279;3572
FR;5;2022-05-08;8;8;0;0;2;266174;175672;2593;279;3574
FR;5;2022-05-09;44;34;15;3;16;266218;175706;2608;282;3590
FR;5;2022-05-10;54;49;3;4;5;266272;175755;2611;286;3595
FR;5;2022-05-11;326;237;12;7;21;266598;175992;2623;293;3616
FR;5;2022-05-12;46;34;2;2;2;266644;176026;2625;295;3618
FR;5;2022-05-13;109;83;3;8;8;266753;176109;2628;303;3626
FR;5;2022-05-14;209;131;0;1;8;266962;176240;2628;304;3634
FR;5;2022-05-15;22;9;2;0;1;266984;176249;2630;304;3635
FR;5;2022-05-16;52;34;4;5;4;267036;176283;2634;309;3639
FR;5;2022-05-17;72;40;5;0;2;267108;176323;2639;309;3641
FR;5;2022-05-18;289;215;4;4;8;267397;176538;2643;313;3649
FR;5;2022-05-19;45;35;5;3;3;267442;176573;2648;316;3652
FR;5;2022-05-20;76;63;3;10;1;267518;176636;2651;326;3653
FR;5;2022-05-21;242;166;2;3;17;267760;176802;2653;329;3670
FR;5;2022-05-22;20;14;2;5;2;267780;176816;2655;334;3672
FR;5;2022-05-23;42;31;4;3;6;267822;176847;2659;337;3678
FR;5;2022-05-24;47;45;3;2;5;267869;176892;2662;339;3683
FR;5;2022-05-25;329;257;4;1;16;268198;177149;2666;340;3699
FR;5;2022-05-26;17;5;0;1;2;268215;177154;2666;341;3701
FR;5;2022-05-27;99;54;4;4;9;268314;177208;2670;345;3710
FR;5;2022-05-28;100;78;5;3;10;268414;177286;2675;348;3720
FR;5;2022-05-29;14;14;1;0;2;268428;177300;2676;348;3722
FR;5;2022-05-30;56;41;2;1;2;268484;177341;2678;349;3724
FR;5;2022-05-31;57;43;1;8;1;268541;177384;2679;357;3725
FR;5;2022-06-01;257;241;9;2;25;268798;177625;2688;359;3750
FR;5;2022-06-02;63;61;5;0;9;268861;177686;2693;359;3759
FR;5;2022-06-03;82;71;4;5;10;268943;177757;2697;364;3769
FR;5;2022-06-04;157;109;2;1;9;269100;177866;2699;365;3778
FR;5;2022-06-05;18;11;0;0;1;269118;177877;2699;365;3779
FR;5;2022-06-06;16;9;0;1;0;269134;177886;2699;366;3779
FR;5;2022-06-07;50;56;1;1;2;269184;177942;2700;367;3781
FR;5;2022-06-08;283;225;3;4;17;269467;178167;2703;371;3798
FR;5;2022-06-09;52;41;6;3;7;269519;178208;2709;374;3805
FR;5;2022-06-10;81;72;1;1;6;269600;178280;2710;375;3811
FR;5;2022-06-11;173;141;3;3;10;269773;178421;2713;378;3821
FR;5;2022-06-12;17;16;0;0;2;269790;178437;2713;378;3823
FR;5;2022-06-13;56;47;9;3;10;269846;178484;2722;381;3833
FR;5;2022-06-14;59;56;1;4;6;269905;178540;2723;385;3839
FR;5;2022-06-15;266;260;5;2;27;270171;178800;2728;387;3866
FR;5;2022-06-16;47;30;5;2;5;270218;178830;2733;389;3871
FR;5;2022-06-17;100;67;5;5;10;270318;178897;2738;394;3881
FR;5;2022-06-18;146;95;10;2;26;270464;178992;2748;396;3907
FR;5;2022-06-19;26;15;0;1;4;270490;179007;2748;397;3911
FR;5;2022-06-20;56;50;8;0;11;270546;179057;2756;397;3922
FR;5;2022-06-21;52;73;5;3;7;270598;179130;2761;400;3929
FR;5;2022-06-22;224;247;7;9;33;270822;179377;2768;409;3962
FR;5;2022-06-23;50;38;2;5;6;270872;179415;2770;414;3968
FR;5;2022-06-24;91;70;12;5;16;270963;179485;2782;419;3984
FR;5;2022-06-25;154;124;3;7;14;271117;179609;2785;426;3998
FR;5;2022-06-26;26;19;2;0;5;271143;179628;2787;426;4003
FR;5;2022-06-27;57;60;5;7;11;271200;179688;2792;433;4014
FR;5;2022-06-28;70;49;8;2;14;271270;179737;2800;435;4028
FR;5;2022-06-29;297;268;9;21;34;271567;180005;2809;456;4062
FR;5;2022-06-30;89;57;10;12;17;271656;180062;2819;468;4079
FR;5;2022-07-01;127;65;7;11;12;271783;180127;2826;479;4091
FR;5;2022-07-02;191;132;4;0;22;271974;180259;2830;479;4113
FR;5;2022-07-03;30;25;1;0;4;272004;180284;2831;479;4117
FR;5;2022-07-04;103;64;2;5;6;272107;180348;2833;484;4123
FR;5;2022-07-05;104;72;3;8;13;272211;180420;2836;492;4136
FR;5;2022-07-06;277;168;9;36;27;272488;180588;2845;528;4163
FR;5;2022-07-07;88;68;6;9;13;272576;180656;2851;537;4176
FR;5;2022-07-08;152;120;7;14;25;272728;180776;2858;551;4201
FR;5;2022-07-09;116;68;1;8;10;272844;180844;2859;559;4211
FR;5;2022-07-10;15;6;0;0;1;272859;180850;2859;559;4212
FR;5;2022-07-11;92;72;10;2;19;272951;180922;2869;561;4231
FR;5;2022-07-12;67;63;5;10;7;273018;180985;2874;571;4238
FR;5;2022-07-13;169;118;10;19;16;273187;181103;2884;590;4254
FR;5;2022-07-14;8;4;0;0;0;273195;181107;2884;590;4254
FR;5;2022-07-15;74;66;5;14;15;273269;181173;2889;604;4269
FR;5;2022-07-16;54;44;3;0;3;273323;181217;2892;604;4272
FR;5;2022-07-17;10;7;3;0;2;273333;181224;2895;604;4274
FR;5;2022-07-18;60;47;0;4;4;273393;181271;2895;608;4278
FR;5;2022-07-19;63;42;5;3;7;273456;181313;2900;611;4285
FR;5;2022-07-20;119;106;4;11;14;273575;181419;2904;622;4299
FR;5;2022-07-21;38;43;2;10;5;273613;181462;2906;632;4304
FR;5;2022-07-22;48;69;11;13;23;273661;181531;2917;645;4327
FR;5;2022-07-23;59;78;2;1;11;273720;181609;2919;646;4338
FR;5;2022-07-24;11;9;3;1;3;273731;181618;2922;647;4341
FR;5;2022-07-25;53;48;2;7;8;273784;181666;2924;654;4349
FR;5;2022-07-26;58;52;5;41;6;273842;181718;2929;695;4355
FR;5;2022-07-27;106;118;4;4;13;273948;181836;2933;699;4368
FR;5;2022-07-28;39;35;2;2;6;273987;181871;2935;701;4374
FR;5;2022-07-29;56;74;3;14;8;274043;181945;2938;715;4382
FR;5;2022-07-30;55;53;5;1;7;274098;181998;2943;716;4389
FR;5;2022-07-31;7;11;1;0;1;274105;182009;2944;716;4390
FR;5;2022-08-01;39;53;1;2;6;274144;182062;2945;718;4396
FR;5;2022-08-02;32;43;8;7;8;274176;182105;2953;725;4404
FR;5;2022-08-03;54;51;4;10;9;274230;182156;2957;735;4413
FR;5;2022-08-04;20;18;1;6;1;274250;182174;2958;741;4414
FR;5;2022-08-05;35;26;3;3;3;274285;182200;2961;744;4417
FR;5;2022-08-06;23;26;1;0;1;274308;182226;2962;744;4418
FR;5;2022-08-07;2;2;1;0;1;274310;182228;2963;744;4419
FR;5;2022-08-08;26;19;1;2;2;274336;182247;2964;746;4421
FR;5;2022-08-09;26;28;3;3;3;274362;182275;2967;749;4424
FR;5;2022-08-10;47;47;2;0;5;274409;182322;2969;749;4429
FR;5;2022-08-11;19;36;2;2;5;274428;182358;2971;751;4434
FR;5;2022-08-12;27;28;2;0;2;274455;182386;2973;751;4436
FR;5;2022-08-13;16;18;0;0;0;274471;182404;2973;751;4436
FR;5;2022-08-14;2;3;0;0;0;274473;182407;2973;751;4436
FR;5;2022-08-15;2;5;0;0;0;274475;182412;2973;751;4436
FR;5;2022-08-16;33;26;3;0;6;274508;182438;2976;751;4442
FR;5;2022-08-17;52;55;2;1;1;274560;182493;2978;752;4443
FR;5;2022-08-18;26;18;8;17;10;274586;182511;2986;769;4453
FR;5;2022-08-19;25;33;1;2;2;274611;182544;2987;771;4455
FR;5;2022-08-20;25;27;2;1;4;274636;182571;2989;772;4459
FR;5;2022-08-21;7;4;1;0;1;274643;182575;2990;772;4460
FR;5;2022-08-22;39;26;1;6;2;274682;182601;2991;778;4462
FR;5;2022-08-23;27;26;1;1;2;274709;182627;2992;779;4464
FR;5;2022-08-24;50;43;0;0;0;274759;182670;2992;779;4464
FR;5;2022-08-25;27;26;3;1;2;274786;182696;2995;780;4466
FR;5;2022-08-26;48;38;7;2;5;274834;182734;3002;782;4471
FR;5;2022-08-27;46;28;1;0;3;274880;182762;3003;782;4474
FR;5;2022-08-28;5;6;0;0;0;274885;182768;3003;782;4474
FR;5;2022-08-29;58;44;1;1;4;274943;182812;3004;783;4478
FR;5;2022-08-30;43;23;12;29;10;274986;182835;3016;812;4488
FR;5;2022-08-31;53;47;6;1;11;275039;182882;3022;813;4499
FR;5;2022-09-01;14;8;1;4;1;275053;182890;3023;817;4500
FR;5;2022-09-02;42;22;8;2;9;275095;182912;3031;819;4509
FR;5;2022-09-03;69;37;2;0;2;275164;182949;3033;819;4511
FR;5;2022-09-04;12;7;1;0;3;275176;182956;3034;819;4514
FR;5;2022-09-05;7;4;1;0;1;275183;182960;3035;819;4515
FR;5;2022-09-06;21;14;3;15;2;275204;182974;3038;834;4517
FR;5;2022-09-07;79;53;1;1;3;275283;183027;3039;835;4520
FR;5;2022-09-08;9;4;0;4;0;275292;183031;3039;839;4520
FR;5;2022-09-09;40;11;9;2;10;275332;183042;3048;841;4530
FR;5;2022-09-10;40;45;1;1;8;275372;183087;3049;842;4538
FR;5;2022-09-11;3;3;0;0;1;275375;183090;3049;842;4539
FR;5;2022-09-12;7;5;2;2;2;275382;183095;3051;844;4541
FR;5;2022-09-13;9;6;0;1;3;275391;183101;3051;845;4544
FR;5;2022-09-14;52;46;4;7;9;275443;183147;3055;852;4553
FR;5;2022-09-15;11;13;2;3;5;275454;183160;3057;855;4558
FR;5;2022-09-16;25;33;1;4;3;275479;183193;3058;859;4561
FR;5;2022-09-17;60;43;1;1;5;275539;183236;3059;860;4566
FR;5;2022-09-18;9;6;0;1;1;275548;183242;3059;861;4567
FR;5;2022-09-19;22;17;2;1;5;275570;183259;3061;862;4572
FR;5;2022-09-20;15;11;3;3;1;275585;183270;3064;865;4573
FR;5;2022-09-21;68;45;9;0;13;275653;183315;3073;865;4586
FR;5;2022-09-22;12;6;4;24;4;275665;183321;3077;889;4590
FR;5;2022-09-23;20;24;2;3;8;275685;183345;3079;892;4598
FR;5;2022-09-24;44;51;1;8;5;275729;183396;3080;900;4603
FR;5;2022-09-25;6;12;0;0;1;275735;183408;3080;900;4604
FR;5;2022-09-26;15;7;0;2;0;275750;183415;3080;902;4604
FR;5;2022-09-27;7;12;4;9;4;275757;183427;3084;911;4608
FR;5;2022-09-28;65;64;5;0;7;275822;183491;3089;911;4615
FR;5;2022-09-29;17;9;1;0;1;275839;183500;3090;911;4616
FR;5;2022-09-30;28;44;2;2;4;275867;183544;3092;913;4620
FR;5;2022-10-01;39;35;5;5;8;275906;183579;3097;918;4628
FR;5;2022-10-02;1;9;1;0;1;275907;183588;3098;918;4629
FR;5;2022-10-03;6;6;3;0;4;275913;183594;3101;918;4633
FR;5;2022-10-04;11;8;0;3;1;275924;183602;3101;921;4634
FR;5;2022-10-05;57;61;2;2;13;275981;183663;3103;923;4647
FR;5;2022-10-06;12;10;0;4;1;275993;183673;3103;927;4648
FR;5;2022-10-07;21;31;1;0;5;276014;183704;3104;927;4653
FR;5;2022-10-08;33;51;1;0;7;276047;183755;3105;927;4660
FR;5;2022-10-09;7;10;0;0;1;276054;183765;3105;927;4661
FR;5;2022-10-10;14;6;0;1;1;276068;183771;3105;928;4662
FR;5;2022-10-11;6;13;2;1;2;276074;183784;3107;929;4664
FR;5;2022-10-12;39;57;3;2;8;276113;183841;3110;931;4672
FR;5;2022-10-13;11;16;2;0;4;276124;183857;3112;931;4676
FR;5;2022-10-14;21;21;1;0;5;276145;183878;3113;931;4681
FR;5;2022-10-15;19;26;10;0;11;276164;183904;3123;931;4692
FR;5;2022-10-16;3;1;0;0;1;276167;183905;3123;931;4693
FR;5;2022-10-17;8;8;2;1;3;276175;183913;3125;932;4696
FR;5;2022-10-18;6;7;0;2;0;276181;183920;3125;934;4696
FR;5;2022-10-19;38;42;8;0;11;276219;183962;3133;934;4707
FR;5;2022-10-20;18;15;2;1;3;276237;183977;3135;935;4710
FR;5;2022-10-21;22;15;6;0;8;276259;183992;3141;935;4718
FR;5;2022-10-22;34;28;2;12;5;276293;184020;3143;947;4723
FR;5;2022-10-23;9;3;0;0;0;276302;184023;3143;947;4723
FR;5;2022-10-24;14;7;6;7;9;276316;184030;3149;954;4732
FR;5;2022-10-25;12;9;6;3;8;276328;184039;3155;957;4740
FR;5;2022-10-26;34;22;6;0;10;276362;184061;3161;957;4750
FR;5;2022-10-27;16;4;4;0;4;276378;184065;3165;957;4754
FR;5;2022-10-28;19;13;5;3;6;276397;184078;3170;960;4760
FR;5;2022-10-29;21;13;0;0;3;276418;184091;3170;960;4763
FR;5;2022-10-30;1;4;2;0;3;276419;184095;3172;960;4766
FR;5;2022-10-31;14;11;2;1;3;276433;184106;3174;961;4769
FR;5;2022-11-01;1;0;0;1;0;276434;184106;3174;962;4769
FR;5;2022-11-02;23;17;5;4;5;276457;184123;3179;966;4774
FR;5;2022-11-03;22;4;1;1;1;276479;184127;3180;967;4775
FR;5;2022-11-04;19;17;1;0;2;276498;184144;3181;967;4777
FR;5;2022-11-05;25;16;1;0;1;276523;184160;3182;967;4778
FR;5;2022-11-06;1;7;0;0;0;276524;184167;3182;967;4778
FR;5;2022-11-07;4;3;3;0;3;276528;184170;3185;967;4781
FR;5;2022-11-08;11;7;1;2;1;276539;184177;3186;969;4782
FR;5;2022-11-09;28;29;6;1;6;276567;184206;3192;970;4788
FR;5;2022-11-10;11;15;1;0;1;276578;184221;3193;970;4789
FR;5;2022-11-11;2;4;0;1;0;276580;184225;3193;971;4789
FR;5;2022-11-12;19;10;5;9;6;276599;184235;3198;980;4795
FR;5;2022-11-13;2;2;0;1;0;276601;184237;3198;981;4795
FR;5;2022-11-14;8;10;0;1;3;276609;184247;3198;982;4798
FR;5;2022-11-15;8;6;4;2;4;276617;184253;3202;984;4802
FR;5;2022-11-16;29;28;2;1;5;276646;184281;3204;985;4807
FR;5;2022-11-17;4;15;2;0;3;276650;184296;3206;985;4810
FR;5;2022-11-18;15;17;6;0;8;276665;184313;3212;985;4818
FR;5;2022-11-19;18;27;2;0;6;276683;184340;3214;985;4824
FR;5;2022-11-20;6;3;0;0;0;276689;184343;3214;985;4824
FR;5;2022-11-21;3;4;0;2;2;276692;184347;3214;987;4826
FR;6;2020-12-27;0;0;0;0;0;0;0;0;0;0
FR;6;2020-12-28;0;0;0;0;0;0;0;0;0;0
FR;6;2020-12-29;0;0;0;0;0;0;0;0;0;0
FR;6;2020-12-30;0;0;0;0;0;0;0;0;0;0
FR;6;2020-12-31;0;0;0;0;0;0;0;0;0;0
FR;6;2021-01-01;0;0;0;0;0;0;0;0;0;0
FR;6;2021-01-02;0;0;0;0;0;0;0;0;0;0
FR;6;2021-01-03;0;0;0;0;0;0;0;0;0;0
FR;6;2021-01-04;0;0;0;0;0;0;0;0;0;0
FR;6;2021-01-05;0;0;0;0;0;0;0;0;0;0
FR;6;2021-01-06;0;0;0;0;0;0;0;0;0;0
FR;6;2021-01-07;0;0;0;0;0;0;0;0;0;0
FR;6;2021-01-08;0;0;0;0;0;0;0;0;0;0
FR;6;2021-01-09;0;0;0;0;0;0;0;0;0;0
FR;6;2021-01-10;0;0;0;0;0;0;0;0;0;0
FR;6;2021-01-11;0;0;0;0;0;0;0;0;0;0
FR;6;2021-01-12;0;0;0;0;0;0;0;0;0;0
FR;6;2021-01-13;0;0;0;0;0;0;0;0;0;0
FR;6;2021-01-14;0;0;0;0;0;0;0;0;0;0
FR;6;2021-01-15;0;0;0;0;0;0;0;0;0;0
FR;6;2021-01-16;0;0;0;0;0;0;0;0;0;0
FR;6;2021-01-17;0;0;0;0;0;0;0;0;0;0
FR;6;2021-01-18;0;0;0;0;0;0;0;0;0;0
FR;6;2021-01-19;0;0;0;0;0;0;0;0;0;0
FR;6;2021-01-20;0;0;0;0;0;0;0;0;0;0
FR;6;2021-01-21;0;0;0;0;0;0;0;0;0;0
FR;6;2021-01-22;0;0;0;0;0;0;0;0;0;0
FR;6;2021-01-23;0;0;0;0;0;0;0;0;0;0
FR;6;2021-01-24;0;0;0;0;0;0;0;0;0;0
FR;6;2021-01-25;0;0;0;0;0;0;0;0;0;0
FR;6;2021-01-26;0;0;0;0;0;0;0;0;0;0
FR;6;2021-01-27;0;0;0;0;0;0;0;0;0;0
FR;6;2021-01-28;0;0;0;0;0;0;0;0;0;0
FR;6;2021-01-29;0;0;0;0;0;0;0;0;0;0
FR;6;2021-01-30;0;0;0;0;0;0;0;0;0;0
FR;6;2021-01-31;0;0;0;0;0;0;0;0;0;0
FR;6;2021-02-01;0;0;0;0;0;0;0;0;0;0
FR;6;2021-02-02;0;0;0;0;0;0;0;0;0;0
FR;6;2021-02-03;0;0;0;0;0;0;0;0;0;0
FR;6;2021-02-04;0;0;0;0;0;0;0;0;0;0
FR;6;2021-02-05;0;0;0;0;0;0;0;0;0;0
FR;6;2021-02-06;0;0;0;0;0;0;0;0;0;0
FR;6;2021-02-07;0;0;0;0;0;0;0;0;0;0
FR;6;2021-02-08;0;0;0;0;0;0;0;0;0;0
FR;6;2021-02-09;0;0;0;0;0;0;0;0;0;0
FR;6;2021-02-10;0;0;0;0;0;0;0;0;0;0
FR;6;2021-02-11;0;0;0;0;0;0;0;0;0;0
FR;6;2021-02-12;0;0;0;0;0;0;0;0;0;0
FR;6;2021-02-13;0;0;0;0;0;0;0;0;0;0
FR;6;2021-02-14;0;0;0;0;0;0;0;0;0;0
FR;6;2021-02-15;0;0;0;0;0;0;0;0;0;0
FR;6;2021-02-16;0;0;0;0;0;0;0;0;0;0
FR;6;2021-02-17;0;0;0;0;0;0;0;0;0;0
FR;6;2021-02-18;0;0;0;0;0;0;0;0;0;0
FR;6;2021-02-19;0;0;0;0;0;0;0;0;0;0
FR;6;2021-02-20;0;0;0;0;0;0;0;0;0;0
FR;6;2021-02-21;0;0;0;0;0;0;0;0;0;0
FR;6;2021-02-22;0;0;0;0;0;0;0;0;0;0
FR;6;2021-02-23;0;0;0;0;0;0;0;0;0;0
FR;6;2021-02-24;0;0;0;0;0;0;0;0;0;0
FR;6;2021-02-25;0;0;0;0;0;0;0;0;0;0
FR;6;2021-02-26;0;0;0;0;0;0;0;0;0;0
FR;6;2021-02-27;0;0;0;0;0;0;0;0;0;0
FR;6;2021-02-28;0;0;0;0;0;0;0;0;0;0
FR;6;2021-03-01;0;0;0;0;0;0;0;0;0;0
FR;6;2021-03-02;0;0;0;0;0;0;0;0;0;0
FR;6;2021-03-03;0;0;0;0;0;0;0;0;0;0
FR;6;2021-03-04;0;0;0;0;0;0;0;0;0;0
FR;6;2021-03-05;0;0;0;0;0;0;0;0;0;0
FR;6;2021-03-06;0;0;0;0;0;0;0;0;0;0
FR;6;2021-03-07;0;0;0;0;0;0;0;0;0;0
FR;6;2021-03-08;0;0;0;0;0;0;0;0;0;0
FR;6;2021-03-09;0;0;0;0;0;0;0;0;0;0
FR;6;2021-03-10;0;0;0;0;0;0;0;0;0;0
FR;6;2021-03-11;0;0;0;0;0;0;0;0;0;0
FR;6;2021-03-12;0;0;0;0;0;0;0;0;0;0
FR;6;2021-03-13;0;0;0;0;0;0;0;0;0;0
FR;6;2021-03-14;0;0;0;0;0;0;0;0;0;0
FR;6;2021-03-15;0;0;0;0;0;0;0;0;0;0
FR;6;2021-03-16;0;0;0;0;0;0;0;0;0;0
FR;6;2021-03-17;0;0;0;0;0;0;0;0;0;0
FR;6;2021-03-18;0;0;0;0;0;0;0;0;0;0
FR;6;2021-03-19;0;0;0;0;0;0;0;0;0;0
FR;6;2021-03-20;0;0;0;0;0;0;0;0;0;0
FR;6;2021-03-21;0;0;0;0;0;0;0;0;0;0
FR;6;2021-03-22;0;0;0;0;0;0;0;0;0;0
FR;6;2021-03-23;0;0;0;0;0;0;0;0;0;0
FR;6;2021-03-24;0;0;0;0;0;0;0;0;0;0
FR;6;2021-03-25;0;0;0;0;0;0;0;0;0;0
FR;6;2021-03-26;0;0;0;0;0;0;0;0;0;0
FR;6;2021-03-27;0;0;0;0;0;0;0;0;0;0
FR;6;2021-03-28;0;0;0;0;0;0;0;0;0;0
FR;6;2021-03-29;0;0;0;0;0;0;0;0;0;0
FR;6;2021-03-30;0;0;0;0;0;0;0;0;0;0
FR;6;2021-03-31;0;0;0;0;0;0;0;0;0;0
FR;6;2021-04-01;0;0;0;0;0;0;0;0;0;0
FR;6;2021-04-02;0;0;0;0;0;0;0;0;0;0
FR;6;2021-04-03;0;0;0;0;0;0;0;0;0;0
FR;6;2021-04-04;0;0;0;0;0;0;0;0;0;0
FR;6;2021-04-05;0;0;0;0;0;0;0;0;0;0
FR;6;2021-04-06;0;0;0;0;0;0;0;0;0;0
FR;6;2021-04-07;0;0;0;0;0;0;0;0;0;0
FR;6;2021-04-08;0;0;0;0;0;0;0;0;0;0
FR;6;2021-04-09;0;0;0;0;0;0;0;0;0;0
FR;6;2021-04-10;0;0;0;0;0;0;0;0;0;0
FR;6;2021-04-11;0;0;0;0;0;0;0;0;0;0
FR;6;2021-04-12;0;0;0;0;0;0;0;0;0;0
FR;6;2021-04-13;0;0;0;0;0;0;0;0;0;0
FR;6;2021-04-14;0;0;0;0;0;0;0;0;0;0
FR;6;2021-04-15;0;0;0;0;0;0;0;0;0;0
FR;6;2021-04-16;0;0;0;0;0;0;0;0;0;0
FR;6;2021-04-17;0;0;0;0;0;0;0;0;0;0
FR;6;2021-04-18;0;0;0;0;0;0;0;0;0;0
FR;6;2021-04-19;0;0;0;0;0;0;0;0;0;0
FR;6;2021-04-20;0;0;0;0;0;0;0;0;0;0
FR;6;2021-04-21;0;0;0;0;0;0;0;0;0;0
FR;6;2021-04-22;0;0;0;0;0;0;0;0;0;0
FR;6;2021-04-23;0;0;0;0;0;0;0;0;0;0
FR;6;2021-04-24;0;0;0;0;0;0;0;0;0;0
FR;6;2021-04-25;0;0;0;0;0;0;0;0;0;0
FR;6;2021-04-26;0;0;0;0;0;0;0;0;0;0
FR;6;2021-04-27;0;0;0;0;0;0;0;0;0;0
FR;6;2021-04-28;0;0;0;0;0;0;0;0;0;0
FR;6;2021-04-29;0;0;0;0;0;0;0;0;0;0
FR;6;2021-04-30;0;0;0;0;0;0;0;0;0;0
FR;6;2021-05-01;0;0;0;0;0;0;0;0;0;0
FR;6;2021-05-02;0;0;0;0;0;0;0;0;0;0
FR;6;2021-05-03;0;0;0;0;0;0;0;0;0;0
FR;6;2021-05-04;0;0;0;0;0;0;0;0;0;0
FR;6;2021-05-05;0;0;0;0;0;0;0;0;0;0
FR;6;2021-05-06;0;0;0;0;0;0;0;0;0;0
FR;6;2021-05-07;0;0;0;0;0;0;0;0;0;0
FR;6;2021-05-08;0;0;0;0;0;0;0;0;0;0
FR;6;2021-05-09;0;0;0;0;0;0;0;0;0;0
FR;6;2021-05-10;0;0;0;0;0;0;0;0;0;0
FR;6;2021-05-11;0;0;0;0;0;0;0;0;0;0
FR;6;2021-05-12;0;0;0;0;0;0;0;0;0;0
FR;6;2021-05-13;0;0;0;0;0;0;0;0;0;0
FR;6;2021-05-14;0;0;0;0;0;0;0;0;0;0
FR;6;2021-05-15;0;0;0;0;0;0;0;0;0;0
FR;6;2021-05-16;0;0;0;0;0;0;0;0;0;0
FR;6;2021-05-17;0;0;0;0;0;0;0;0;0;0
FR;6;2021-05-18;0;0;0;0;0;0;0;0;0;0
FR;6;2021-05-19;0;0;0;0;0;0;0;0;0;0
FR;6;2021-05-20;0;0;0;0;0;0;0;0;0;0
FR;6;2021-05-21;0;0;0;0;0;0;0;0;0;0
FR;6;2021-05-22;0;0;0;0;0;0;0;0;0;0
FR;6;2021-05-23;0;0;0;0;0;0;0;0;0;0
FR;6;2021-05-24;0;0;0;0;0;0;0;0;0;0
FR;6;2021-05-25;0;0;0;0;0;0;0;0;0;0
FR;6;2021-05-26;0;0;0;0;0;0;0;0;0;0
FR;6;2021-05-27;0;0;0;0;0;0;0;0;0;0
FR;6;2021-05-28;0;0;0;0;0;0;0;0;0;0
FR;6;2021-05-29;0;0;0;0;0;0;0;0;0;0
FR;6;2021-05-30;0;0;0;0;0;0;0;0;0;0
FR;6;2021-05-31;0;0;0;0;0;0;0;0;0;0
FR;6;2021-06-01;0;0;0;0;0;0;0;0;0;0
FR;6;2021-06-02;0;0;0;0;0;0;0;0;0;0
FR;6;2021-06-03;0;0;0;0;0;0;0;0;0;0
FR;6;2021-06-04;0;0;0;0;0;0;0;0;0;0
FR;6;2021-06-05;0;0;0;0;0;0;0;0;0;0
FR;6;2021-06-06;0;0;0;0;0;0;0;0;0;0
FR;6;2021-06-07;0;0;0;0;0;0;0;0;0;0
FR;6;2021-06-08;0;0;0;0;0;0;0;0;0;0
FR;6;2021-06-09;0;0;0;0;0;0;0;0;0;0
FR;6;2021-06-10;0;0;0;0;0;0;0;0;0;0
FR;6;2021-06-11;0;0;0;0;0;0;0;0;0;0
FR;6;2021-06-12;0;0;0;0;0;0;0;0;0;0
FR;6;2021-06-13;0;0;0;0;0;0;0;0;0;0
FR;6;2021-06-14;0;0;0;0;0;0;0;0;0;0
FR;6;2021-06-15;0;0;0;0;0;0;0;0;0;0
FR;6;2021-06-16;0;0;0;0;0;0;0;0;0;0
FR;6;2021-06-17;0;0;0;0;0;0;0;0;0;0
FR;6;2021-06-18;0;0;0;0;0;0;0;0;0;0
FR;6;2021-06-19;0;0;0;0;0;0;0;0;0;0
FR;6;2021-06-20;0;0;0;0;0;0;0;0;0;0
FR;6;2021-06-21;0;0;0;0;0;0;0;0;0;0
FR;6;2021-06-22;0;0;0;0;0;0;0;0;0;0
FR;6;2021-06-23;0;0;0;0;0;0;0;0;0;0
FR;6;2021-06-24;0;0;0;0;0;0;0;0;0;0
FR;6;2021-06-25;0;0;0;0;0;0;0;0;0;0
FR;6;2021-06-26;0;0;0;0;0;0;0;0;0;0
FR;6;2021-06-27;0;0;0;0;0;0;0;0;0;0
FR;6;2021-06-28;0;0;0;0;0;0;0;0;0;0
FR;6;2021-06-29;0;0;0;0;0;0;0;0;0;0
FR;6;2021-06-30;0;0;0;0;0;0;0;0;0;0
FR;6;2021-07-01;0;0;0;0;0;0;0;0;0;0
FR;6;2021-07-02;0;0;0;0;0;0;0;0;0;0
FR;6;2021-07-03;0;0;0;0;0;0;0;0;0;0
FR;6;2021-07-04;0;0;0;0;0;0;0;0;0;0
FR;6;2021-07-05;0;0;0;0;0;0;0;0;0;0
FR;6;2021-07-06;0;0;0;0;0;0;0;0;0;0
FR;6;2021-07-07;0;0;0;0;0;0;0;0;0;0
FR;6;2021-07-08;0;0;0;0;0;0;0;0;0;0
FR;6;2021-07-09;0;0;0;0;0;0;0;0;0;0
FR;6;2021-07-10;0;0;0;0;0;0;0;0;0;0
FR;6;2021-07-11;0;0;0;0;0;0;0;0;0;0
FR;6;2021-07-12;0;0;0;0;0;0;0;0;0;0
FR;6;2021-07-13;0;0;0;0;0;0;0;0;0;0
FR;6;2021-07-14;0;0;0;0;0;0;0;0;0;0
FR;6;2021-07-15;0;0;0;0;0;0;0;0;0;0
FR;6;2021-07-16;0;0;0;0;0;0;0;0;0;0
FR;6;2021-07-17;0;0;0;0;0;0;0;0;0;0
FR;6;2021-07-18;0;0;0;0;0;0;0;0;0;0
FR;6;2021-07-19;0;0;0;0;0;0;0;0;0;0
FR;6;2021-07-20;0;0;0;0;0;0;0;0;0;0
FR;6;2021-07-21;0;0;0;0;0;0;0;0;0;0
FR;6;2021-07-22;0;0;0;0;0;0;0;0;0;0
FR;6;2021-07-23;0;0;0;0;0;0;0;0;0;0
FR;6;2021-07-24;0;0;0;0;0;0;0;0;0;0
FR;6;2021-07-25;0;0;0;0;0;0;0;0;0;0
FR;6;2021-07-26;0;0;0;0;0;0;0;0;0;0
FR;6;2021-07-27;0;0;0;0;0;0;0;0;0;0
FR;6;2021-07-28;0;0;0;0;0;0;0;0;0;0
FR;6;2021-07-29;0;0;0;0;0;0;0;0;0;0
FR;6;2021-07-30;0;0;0;0;0;0;0;0;0;0
FR;6;2021-07-31;0;0;0;0;0;0;0;0;0;0
FR;6;2021-08-01;0;0;0;0;0;0;0;0;0;0
FR;6;2021-08-02;0;0;0;0;0;0;0;0;0;0
FR;6;2021-08-03;0;0;0;0;0;0;0;0;0;0
FR;6;2021-08-04;0;0;0;0;0;0;0;0;0;0
FR;6;2021-08-05;0;0;0;0;0;0;0;0;0;0
FR;6;2021-08-06;0;0;0;0;0;0;0;0;0;0
FR;6;2021-08-07;0;0;0;0;0;0;0;0;0;0
FR;6;2021-08-08;0;0;0;0;0;0;0;0;0;0
FR;6;2021-08-09;0;0;0;0;0;0;0;0;0;0
FR;6;2021-08-10;0;0;0;0;0;0;0;0;0;0
FR;6;2021-08-11;0;0;0;0;0;0;0;0;0;0
FR;6;2021-08-12;0;0;0;0;0;0;0;0;0;0
FR;6;2021-08-13;0;0;0;0;0;0;0;0;0;0
FR;6;2021-08-14;0;0;0;0;0;0;0;0;0;0
FR;6;2021-08-15;0;0;0;0;0;0;0;0;0;0
FR;6;2021-08-16;0;0;0;0;0;0;0;0;0;0
FR;6;2021-08-17;0;0;0;0;0;0;0;0;0;0
FR;6;2021-08-18;0;0;0;0;0;0;0;0;0;0
FR;6;2021-08-19;0;0;0;0;0;0;0;0;0;0
FR;6;2021-08-20;0;0;0;0;0;0;0;0;0;0
FR;6;2021-08-21;0;0;0;0;0;0;0;0;0;0
FR;6;2021-08-22;0;0;0;0;0;0;0;0;0;0
FR;6;2021-08-23;0;0;0;0;0;0;0;0;0;0
FR;6;2021-08-24;0;0;0;0;0;0;0;0;0;0
FR;6;2021-08-25;0;0;0;0;0;0;0;0;0;0
FR;6;2021-08-26;0;0;0;0;0;0;0;0;0;0
FR;6;2021-08-27;0;0;0;0;0;0;0;0;0;0
FR;6;2021-08-28;0;0;0;0;0;0;0;0;0;0
FR;6;2021-08-29;0;0;0;0;0;0;0;0;0;0
FR;6;2021-08-30;0;0;0;0;0;0;0;0;0;0
FR;6;2021-08-31;0;0;0;0;0;0;0;0;0;0
FR;6;2021-09-01;0;0;0;0;0;0;0;0;0;0
FR;6;2021-09-02;0;0;0;0;0;0;0;0;0;0
FR;6;2021-09-03;0;0;0;0;0;0;0;0;0;0
FR;6;2021-09-04;0;0;0;0;0;0;0;0;0;0
FR;6;2021-09-05;0;0;0;0;0;0;0;0;0;0
FR;6;2021-09-06;0;0;0;0;0;0;0;0;0;0
FR;6;2021-09-07;0;0;0;0;0;0;0;0;0;0
FR;6;2021-09-08;0;0;0;0;0;0;0;0;0;0
FR;6;2021-09-09;0;0;0;0;0;0;0;0;0;0
FR;6;2021-09-10;0;0;0;0;0;0;0;0;0;0
FR;6;2021-09-11;0;0;0;0;0;0;0;0;0;0
FR;6;2021-09-12;0;0;0;0;0;0;0;0;0;0
FR;6;2021-09-13;0;0;0;0;0;0;0;0;0;0
FR;6;2021-09-14;0;0;0;0;0;0;0;0;0;0
FR;6;2021-09-15;0;0;0;0;0;0;0;0;0;0
FR;6;2021-09-16;0;0;0;0;0;0;0;0;0;0
FR;6;2021-09-17;0;0;0;0;0;0;0;0;0;0
FR;6;2021-09-18;0;0;0;0;0;0;0;0;0;0
FR;6;2021-09-19;0;0;0;0;0;0;0;0;0;0
FR;6;2021-09-20;0;0;0;0;0;0;0;0;0;0
FR;6;2021-09-21;0;0;0;0;0;0;0;0;0;0
FR;6;2021-09-22;0;0;0;0;0;0;0;0;0;0
FR;6;2021-09-23;0;0;0;0;0;0;0;0;0;0
FR;6;2021-09-24;0;0;0;0;0;0;0;0;0;0
FR;6;2021-09-25;0;0;0;0;0;0;0;0;0;0
FR;6;2021-09-26;0;0;0;0;0;0;0;0;0;0
FR;6;2021-09-27;0;0;0;0;0;0;0;0;0;0
FR;6;2021-09-28;0;0;0;0;0;0;0;0;0;0
FR;6;2021-09-29;0;0;0;0;0;0;0;0;0;0
FR;6;2021-09-30;0;0;0;0;0;0;0;0;0;0
FR;6;2021-10-01;0;0;0;0;0;0;0;0;0;0
FR;6;2021-10-02;0;0;0;0;0;0;0;0;0;0
FR;6;2021-10-03;0;0;0;0;0;0;0;0;0;0
FR;6;2021-10-04;0;0;0;0;0;0;0;0;0;0
FR;6;2021-10-05;0;0;0;0;0;0;0;0;0;0
FR;6;2021-10-06;0;0;0;0;0;0;0;0;0;0
FR;6;2021-10-07;0;0;0;0;0;0;0;0;0;0
FR;6;2021-10-08;0;0;0;0;0;0;0;0;0;0
FR;6;2021-10-09;0;0;0;0;0;0;0;0;0;0
FR;6;2021-10-10;0;0;0;0;0;0;0;0;0;0
FR;6;2021-10-11;0;0;0;0;0;0;0;0;0;0
FR;6;2021-10-12;0;0;0;0;0;0;0;0;0;0
FR;6;2021-10-13;0;0;0;0;0;0;0;0;0;0
FR;6;2021-10-14;0;0;0;0;0;0;0;0;0;0
FR;6;2021-10-15;0;0;0;0;0;0;0;0;0;0
FR;6;2021-10-16;0;0;0;0;0;0;0;0;0;0
FR;6;2021-10-17;0;0;0;0;0;0;0;0;0;0
FR;6;2021-10-18;0;0;0;0;0;0;0;0;0;0
FR;6;2021-10-19;0;0;0;0;0;0;0;0;0;0
FR;6;2021-10-20;0;0;0;0;0;0;0;0;0;0
FR;6;2021-10-21;0;0;0;0;0;0;0;0;0;0
FR;6;2021-10-22;0;0;0;0;0;0;0;0;0;0
FR;6;2021-10-23;0;0;0;0;0;0;0;0;0;0
FR;6;2021-10-24;0;0;0;0;0;0;0;0;0;0
FR;6;2021-10-25;0;0;0;0;0;0;0;0;0;0
FR;6;2021-10-26;0;0;0;0;0;0;0;0;0;0
FR;6;2021-10-27;0;0;0;0;0;0;0;0;0;0
FR;6;2021-10-28;0;0;0;0;0;0;0;0;0;0
FR;6;2021-10-29;0;0;0;0;0;0;0;0;0;0
FR;6;2021-10-30;0;0;0;0;0;0;0;0;0;0
FR;6;2021-10-31;0;0;0;0;0;0;0;0;0;0
FR;6;2021-11-01;0;0;0;0;0;0;0;0;0;0
FR;6;2021-11-02;0;0;0;0;0;0;0;0;0;0
FR;6;2021-11-03;0;0;0;0;0;0;0;0;0;0
FR;6;2021-11-04;0;0;0;0;0;0;0;0;0;0
FR;6;2021-11-05;0;0;0;0;0;0;0;0;0;0
FR;6;2021-11-06;0;0;0;0;0;0;0;0;0;0
FR;6;2021-11-07;0;0;0;0;0;0;0;0;0;0
FR;6;2021-11-08;0;0;0;0;0;0;0;0;0;0
FR;6;2021-11-09;0;0;0;0;0;0;0;0;0;0
FR;6;2021-11-10;0;0;0;0;0;0;0;0;0;0
FR;6;2021-11-11;0;0;0;0;0;0;0;0;0;0
FR;6;2021-11-12;0;0;0;0;0;0;0;0;0;0
FR;6;2021-11-13;0;0;0;0;0;0;0;0;0;0
FR;6;2021-11-14;0;0;0;0;0;0;0;0;0;0
FR;6;2021-11-15;0;0;0;0;0;0;0;0;0;0
FR;6;2021-11-16;0;0;0;0;0;0;0;0;0;0
FR;6;2021-11-17;0;0;0;0;0;0;0;0;0;0
FR;6;2021-11-18;0;0;0;0;0;0;0;0;0;0
FR;6;2021-11-19;0;0;0;0;0;0;0;0;0;0
FR;6;2021-11-20;0;0;0;0;0;0;0;0;0;0
FR;6;2021-11-21;0;0;0;0;0;0;0;0;0;0
FR;6;2021-11-22;0;0;0;0;0;0;0;0;0;0
FR;6;2021-11-23;0;0;0;0;0;0;0;0;0;0
FR;6;2021-11-24;0;0;0;0;0;0;0;0;0;0
FR;6;2021-11-25;0;0;0;0;0;0;0;0;0;0
FR;6;2021-11-26;0;0;0;0;0;0;0;0;0;0
FR;6;2021-11-27;0;0;0;0;0;0;0;0;0;0
FR;6;2021-11-28;0;0;0;0;0;0;0;0;0;0
FR;6;2021-11-29;0;0;0;0;0;0;0;0;0;0
FR;6;2021-11-30;0;0;0;0;0;0;0;0;0;0
FR;6;2021-12-01;0;0;0;0;0;0;0;0;0;0
FR;6;2021-12-02;0;0;0;0;0;0;0;0;0;0
FR;6;2021-12-03;0;0;0;0;0;0;0;0;0;0
FR;6;2021-12-04;0;0;0;0;0;0;0;0;0;0
FR;6;2021-12-05;0;0;0;0;0;0;0;0;0;0
FR;6;2021-12-06;0;0;0;0;0;0;0;0;0;0
FR;6;2021-12-07;0;0;0;0;0;0;0;0;0;0
FR;6;2021-12-08;0;0;0;0;0;0;0;0;0;0
FR;6;2021-12-09;0;0;0;0;0;0;0;0;0;0
FR;6;2021-12-10;0;0;0;0;0;0;0;0;0;0
FR;6;2021-12-11;0;0;0;0;0;0;0;0;0;0
FR;6;2021-12-12;0;0;0;0;0;0;0;0;0;0
FR;6;2021-12-13;0;0;0;0;0;0;0;0;0;0
FR;6;2021-12-14;0;0;0;0;0;0;0;0;0;0
FR;6;2021-12-15;0;0;0;0;0;0;0;0;0;0
FR;6;2021-12-16;0;0;0;0;0;0;0;0;0;0
FR;6;2021-12-17;0;0;0;0;0;0;0;0;0;0
FR;6;2021-12-18;0;0;0;0;0;0;0;0;0;0
FR;6;2021-12-19;0;0;0;0;0;0;0;0;0;0
FR;6;2021-12-20;0;0;0;0;0;0;0;0;0;0
FR;6;2021-12-21;0;0;0;0;0;0;0;0;0;0
FR;6;2021-12-22;0;0;0;0;0;0;0;0;0;0
FR;6;2021-12-23;0;0;0;0;0;0;0;0;0;0
FR;6;2021-12-24;0;0;0;0;0;0;0;0;0;0
FR;6;2021-12-25;0;0;0;0;0;0;0;0;0;0
FR;6;2021-12-26;0;0;0;0;0;0;0;0;0;0
FR;6;2021-12-27;0;0;0;0;0;0;0;0;0;0
FR;6;2021-12-28;0;0;0;0;0;0;0;0;0;0
FR;6;2021-12-29;0;0;0;0;0;0;0;0;0;0
FR;6;2021-12-30;0;0;0;0;0;0;0;0;0;0
FR;6;2021-12-31;0;0;0;0;0;0;0;0;0;0
FR;6;2022-01-01;0;0;0;0;0;0;0;0;0;0
FR;6;2022-01-02;0;0;0;0;0;0;0;0;0;0
FR;6;2022-01-03;0;0;0;0;0;0;0;0;0;0
FR;6;2022-01-04;0;0;0;0;0;0;0;0;0;0
FR;6;2022-01-05;0;0;0;0;0;0;0;0;0;0
FR;6;2022-01-06;0;0;0;0;0;0;0;0;0;0
FR;6;2022-01-07;0;0;0;0;0;0;0;0;0;0
FR;6;2022-01-08;0;0;0;0;0;0;0;0;0;0
FR;6;2022-01-09;0;0;0;0;0;0;0;0;0;0
FR;6;2022-01-10;0;0;0;0;0;0;0;0;0;0
FR;6;2022-01-11;0;0;0;0;0;0;0;0;0;0
FR;6;2022-01-12;0;0;0;0;0;0;0;0;0;0
FR;6;2022-01-13;0;0;0;0;0;0;0;0;0;0
FR;6;2022-01-14;0;0;0;0;0;0;0;0;0;0
FR;6;2022-01-15;0;0;0;0;0;0;0;0;0;0
FR;6;2022-01-16;0;0;0;0;0;0;0;0;0;0
FR;6;2022-01-17;0;0;0;0;0;0;0;0;0;0
FR;6;2022-01-18;0;0;0;0;0;0;0;0;0;0
FR;6;2022-01-19;0;0;0;0;0;0;0;0;0;0
FR;6;2022-01-20;0;0;0;0;0;0;0;0;0;0
FR;6;2022-01-21;0;0;0;0;0;0;0;0;0;0
FR;6;2022-01-22;0;0;0;0;0;0;0;0;0;0
FR;6;2022-01-23;0;0;0;0;0;0;0;0;0;0
FR;6;2022-01-24;0;0;0;0;0;0;0;0;0;0
FR;6;2022-01-25;0;0;0;0;0;0;0;0;0;0
FR;6;2022-01-26;0;0;0;0;0;0;0;0;0;0
FR;6;2022-01-27;0;0;0;0;0;0;0;0;0;0
FR;6;2022-01-28;0;0;0;0;0;0;0;0;0;0
FR;6;2022-01-29;0;0;0;0;0;0;0;0;0;0
FR;6;2022-01-30;0;0;0;0;0;0;0;0;0;0
FR;6;2022-01-31;0;0;0;0;0;0;0;0;0;0
FR;6;2022-02-01;0;0;0;0;0;0;0;0;0;0
FR;6;2022-02-02;0;0;0;0;0;0;0;0;0;0
FR;6;2022-02-03;0;0;0;0;0;0;0;0;0;0
FR;6;2022-02-04;0;0;0;0;0;0;0;0;0;0
FR;6;2022-02-05;0;0;0;0;0;0;0;0;0;0
FR;6;2022-02-06;0;0;0;0;0;0;0;0;0;0
FR;6;2022-02-07;0;0;0;0;0;0;0;0;0;0
FR;6;2022-02-08;0;0;0;0;0;0;0;0;0;0
FR;6;2022-02-09;0;0;0;0;0;0;0;0;0;0
FR;6;2022-02-10;0;0;0;0;0;0;0;0;0;0
FR;6;2022-02-11;0;0;0;0;0;0;0;0;0;0
FR;6;2022-02-12;0;0;0;0;0;0;0;0;0;0
FR;6;2022-02-13;0;0;0;0;0;0;0;0;0;0
FR;6;2022-02-14;0;0;0;0;0;0;0;0;0;0
FR;6;2022-02-15;0;0;0;0;0;0;0;0;0;0
FR;6;2022-02-16;0;0;0;0;0;0;0;0;0;0
FR;6;2022-02-17;0;0;0;0;0;0;0;0;0;0
FR;6;2022-02-18;0;0;0;0;0;0;0;0;0;0
FR;6;2022-02-19;0;0;0;0;0;0;0;0;0;0
FR;6;2022-02-20;0;0;0;0;0;0;0;0;0;0
FR;6;2022-02-21;0;0;0;0;0;0;0;0;0;0
FR;6;2022-02-22;0;0;0;0;0;0;0;0;0;0
FR;6;2022-02-23;0;0;0;0;0;0;0;0;0;0
FR;6;2022-02-24;0;0;0;0;0;0;0;0;0;0
FR;6;2022-02-25;0;0;0;0;0;0;0;0;0;0
FR;6;2022-02-26;1;0;0;0;0;1;0;0;0;0
FR;6;2022-02-27;0;0;0;0;0;1;0;0;0;0
FR;6;2022-02-28;0;0;0;0;0;1;0;0;0;0
FR;6;2022-03-01;3;0;0;0;0;4;0;0;0;0
FR;6;2022-03-02;97;9;2;0;7;101;9;2;0;7
FR;6;2022-03-03;0;0;0;0;0;101;9;2;0;7
FR;6;2022-03-04;92;4;0;0;4;193;13;2;0;11
FR;6;2022-03-05;391;23;2;0;14;584;36;4;0;25
FR;6;2022-03-06;7;1;0;0;0;591;37;4;0;25
FR;6;2022-03-07;337;19;0;0;13;928;56;4;0;38
FR;6;2022-03-08;230;14;0;0;5;1158;70;4;0;43
FR;6;2022-03-09;519;29;2;0;21;1677;99;6;0;64
FR;6;2022-03-10;206;19;0;1;12;1883;118;6;1;76
FR;6;2022-03-11;331;22;6;0;21;2214;140;12;1;97
FR;6;2022-03-12;518;25;1;0;20;2732;165;13;1;117
FR;6;2022-03-13;40;2;0;0;1;2772;167;13;1;118
FR;6;2022-03-14;201;4;2;0;3;2973;171;15;1;121
FR;6;2022-03-15;112;11;2;0;9;3085;182;17;1;130
FR;6;2022-03-16;310;17;1;1;14;3395;199;18;2;144
FR;6;2022-03-17;117;6;1;2;4;3512;205;19;4;148
FR;6;2022-03-18;215;10;0;0;6;3727;215;19;4;154
FR;6;2022-03-19;307;19;2;0;9;4034;234;21;4;163
FR;6;2022-03-20;15;5;0;0;1;4049;239;21;4;164
FR;6;2022-03-21;132;23;1;0;4;4181;262;22;4;168
FR;6;2022-03-22;97;15;0;0;4;4278;277;22;4;172
FR;6;2022-03-23;226;108;3;0;14;4504;385;25;4;186
FR;6;2022-03-24;100;15;1;3;4;4604;400;26;7;190
FR;6;2022-03-25;203;141;2;1;15;4807;541;28;8;205
FR;6;2022-03-26;331;295;7;1;19;5138;836;35;9;224
FR;6;2022-03-27;32;30;1;0;1;5170;866;36;9;225
FR;6;2022-03-28;201;208;8;1;17;5371;1074;44;10;242
FR;6;2022-03-29;124;189;12;2;12;5495;1263;56;12;254
FR;6;2022-03-30;305;476;10;2;22;5800;1739;66;14;276
FR;6;2022-03-31;123;140;10;0;14;5923;1879;76;14;290
FR;6;2022-04-01;195;150;11;2;23;6118;2029;87;16;313
FR;6;2022-04-02;206;241;9;1;13;6324;2270;96;17;326
FR;6;2022-04-03;17;21;0;0;1;6341;2291;96;17;327
FR;6;2022-04-04;137;114;6;1;9;6478;2405;102;18;336
FR;6;2022-04-05;146;88;15;1;11;6624;2493;117;19;347
FR;6;2022-04-06;204;245;22;26;27;6828;2738;139;45;374
FR;6;2022-04-07;127;96;15;9;17;6955;2834;154;54;391
FR;6;2022-04-08;199;171;16;3;17;7154;3005;170;57;408
FR;6;2022-04-09;145;139;6;12;13;7299;3144;176;69;421
FR;6;2022-04-10;10;20;3;0;1;7309;3164;179;69;422
FR;6;2022-04-11;101;106;4;0;5;7410;3270;183;69;427
FR;6;2022-04-12;136;75;5;8;10;7546;3345;188;77;437
FR;6;2022-04-13;162;175;7;5;13;7708;3520;195;82;450
FR;6;2022-04-14;100;103;5;10;8;7808;3623;200;92;458
FR;6;2022-04-15;158;149;11;7;19;7966;3772;211;99;477
FR;6;2022-04-16;127;132;5;0;14;8093;3904;216;99;491
FR;6;2022-04-17;8;9;4;0;4;8101;3913;220;99;495
FR;6;2022-04-18;8;15;3;0;4;8109;3928;223;99;499
FR;6;2022-04-19;97;112;4;3;3;8206;4040;227;102;502
FR;6;2022-04-20;178;227;8;7;15;8384;4267;235;109;517
FR;6;2022-04-21;111;93;8;4;11;8495;4360;243;113;528
FR;6;2022-04-22;138;160;13;12;13;8633;4520;256;125;541
FR;6;2022-04-23;106;129;1;1;7;8739;4649;257;126;548
FR;6;2022-04-24;5;21;1;0;0;8744;4670;258;126;548
FR;6;2022-04-25;91;128;3;8;11;8835;4798;261;134;559
FR;6;2022-04-26;101;128;19;2;17;8936;4926;280;136;576
FR;6;2022-04-27;197;159;21;1;27;9133;5085;301;137;603
FR;6;2022-04-28;109;87;7;1;8;9242;5172;308;138;611
FR;6;2022-04-29;191;169;16;2;20;9433;5341;324;140;631
FR;6;2022-04-30;133;125;7;1;24;9566;5466;331;141;655
FR;6;2022-05-01;7;6;0;0;0;9573;5472;331;141;655
FR;6;2022-05-02;94;65;3;4;3;9667;5537;334;145;658
FR;6;2022-05-03;136;93;11;2;7;9803;5630;345;147;665
FR;6;2022-05-04;167;118;25;12;29;9970;5748;370;159;694
FR;6;2022-05-05;101;70;8;3;12;10071;5818;378;162;706
FR;6;2022-05-06;152;110;10;9;16;10223;5928;388;171;722
FR;6;2022-05-07;139;93;13;3;23;10362;6021;401;174;745
FR;6;2022-05-08;20;8;6;5;7;10382;6029;407;179;752
FR;6;2022-05-09;86;78;9;7;13;10468;6107;416;186;765
FR;6;2022-05-10;112;80;15;7;12;10580;6187;431;193;777
FR;6;2022-05-11;130;124;11;14;20;10710;6311;442;207;797
FR;6;2022-05-12;105;76;7;5;15;10815;6387;449;212;812
FR;6;2022-05-13;155;97;17;21;22;10970;6484;466;233;834
FR;6;2022-05-14;81;60;6;7;15;11051;6544;472;240;849
FR;6;2022-05-15;12;7;0;0;0;11063;6551;472;240;849
FR;6;2022-05-16;65;54;6;2;12;11128;6605;478;242;861
FR;6;2022-05-17;123;77;5;7;11;11251;6682;483;249;872
FR;6;2022-05-18;131;116;5;1;13;11382;6798;488;250;885
FR;6;2022-05-19;124;57;6;8;9;11506;6855;494;258;894
FR;6;2022-05-20;125;115;13;3;18;11631;6970;507;261;912
FR;6;2022-05-21;92;69;14;3;12;11723;7039;521;264;924
FR;6;2022-05-22;19;12;5;0;4;11742;7051;526;264;928
FR;6;2022-05-23;77;72;4;2;7;11819;7123;530;266;935
FR;6;2022-05-24;117;98;8;2;16;11936;7221;538;268;951
FR;6;2022-05-25;139;129;6;3;11;12075;7350;544;271;962
FR;6;2022-05-26;7;9;3;0;9;12082;7359;547;271;971
FR;6;2022-05-27;127;105;15;11;18;12209;7464;562;282;989
FR;6;2022-05-28;53;75;1;5;8;12262;7539;563;287;997
FR;6;2022-05-29;8;10;0;0;1;12270;7549;563;287;998
FR;6;2022-05-30;70;70;7;4;4;12340;7619;570;291;1002
FR;6;2022-05-31;87;102;10;2;14;12427;7721;580;293;1016
FR;6;2022-06-01;97;89;10;1;11;12524;7810;590;294;1027
FR;6;2022-06-02;91;60;6;3;9;12615;7870;596;297;1036
FR;6;2022-06-03;126;102;13;7;21;12741;7972;609;304;1057
FR;6;2022-06-04;63;51;10;0;12;12804;8023;619;304;1069
FR;6;2022-06-05;16;15;2;1;4;12820;8038;621;305;1073
FR;6;2022-06-06;9;6;0;0;0;12829;8044;621;305;1073
FR;6;2022-06-07;79;90;3;4;8;12908;8134;624;309;1081
FR;6;2022-06-08;92;110;13;5;20;13000;8244;637;314;1101
FR;6;2022-06-09;75;81;15;3;15;13075;8325;652;317;1116
FR;6;2022-06-10;116;93;26;10;22;13191;8418;678;327;1138
FR;6;2022-06-11;83;62;6;10;12;13274;8480;684;337;1150
FR;6;2022-06-12;6;14;1;0;2;13280;8494;685;337;1152
FR;6;2022-06-13;74;59;18;1;7;13354;8553;703;338;1159
FR;6;2022-06-14;98;100;8;5;16;13452;8653;711;343;1175
FR;6;2022-06-15;80;86;7;8;15;13532;8739;718;351;1190
FR;6;2022-06-16;53;40;11;7;14;13585;8779;729;358;1204
FR;6;2022-06-17;86;85;3;13;11;13671;8864;732;371;1215
FR;6;2022-06-18;71;61;13;0;21;13742;8925;745;371;1236
FR;6;2022-06-19;6;6;3;0;4;13748;8931;748;371;1240
FR;6;2022-06-20;42;41;4;1;6;13790;8972;752;372;1246
FR;6;2022-06-21;59;73;10;7;17;13849;9045;762;379;1263
FR;6;2022-06-22;86;85;8;2;17;13935;9130;770;381;1280
FR;6;2022-06-23;64;39;13;7;15;13999;9169;783;388;1295
FR;6;2022-06-24;77;85;7;14;20;14076;9254;790;402;1315
FR;6;2022-06-25;67;61;4;3;8;14143;9315;794;405;1323
FR;6;2022-06-26;6;7;1;0;1;14149;9322;795;405;1324
FR;6;2022-06-27;51;50;4;9;12;14200;9372;799;414;1336
FR;6;2022-06-28;68;47;6;3;15;14268;9419;805;417;1351
FR;6;2022-06-29;98;117;26;37;19;14366;9536;831;454;1370
FR;6;2022-06-30;84;60;33;10;12;14450;9596;864;464;1382
FR;6;2022-07-01;115;94;25;33;18;14565;9690;889;497;1400
FR;6;2022-07-02;58;67;26;2;37;14623;9757;915;499;1437
FR;6;2022-07-03;11;4;4;3;4;14634;9761;919;502;1441
FR;6;2022-07-04;61;43;3;23;13;14695;9804;922;525;1454
FR;6;2022-07-05;65;53;19;67;27;14760;9857;941;592;1481
FR;6;2022-07-06;94;64;7;11;12;14854;9921;948;603;1493
FR;6;2022-07-07;99;79;42;37;14;14953;10000;990;640;1507
FR;6;2022-07-08;139;87;42;27;10;15092;10087;1032;667;1517
FR;6;2022-07-09;53;51;16;29;27;15145;10138;1048;696;1544
FR;6;2022-07-10;3;7;8;0;9;15148;10145;1056;696;1553
FR;6;2022-07-11;54;44;5;4;12;15202;10189;1061;700;1565
FR;6;2022-07-12;70;72;12;23;12;15272;10261;1073;723;1577
FR;6;2022-07-13;84;65;14;21;25;15356;10326;1087;744;1602
FR;6;2022-07-14;4;3;1;0;1;15360;10329;1088;744;1603
FR;6;2022-07-15;74;59;9;57;16;15434;10388;1097;801;1619
FR;6;2022-07-16;27;31;17;0;17;15461;10419;1114;801;1636
FR;6;2022-07-17;3;7;0;0;0;15464;10426;1114;801;1636
FR;6;2022-07-18;37;62;11;14;15;15501;10488;1125;815;1651
FR;6;2022-07-19;54;48;4;19;6;15555;10536;1129;834;1657
FR;6;2022-07-20;53;70;7;22;11;15608;10606;1136;856;1668
FR;6;2022-07-21;51;60;4;7;11;15659;10666;1140;863;1679
FR;6;2022-07-22;55;74;7;26;8;15714;10740;1147;889;1687
FR;6;2022-07-23;38;40;6;10;6;15752;10780;1153;899;1693
FR;6;2022-07-24;11;14;1;3;3;15763;10794;1154;902;1696
FR;6;2022-07-25;60;44;8;12;9;15823;10838;1162;914;1705
FR;6;2022-07-26;47;64;14;6;10;15870;10902;1176;920;1715
FR;6;2022-07-27;54;78;15;11;17;15924;10980;1191;931;1732
FR;6;2022-07-28;30;48;4;6;8;15954;11028;1195;937;1740
FR;6;2022-07-29;43;71;10;38;24;15997;11099;1205;975;1764
FR;6;2022-07-30;26;48;4;15;7;16023;11147;1209;990;1771
FR;6;2022-07-31;0;1;1;0;0;16023;11148;1210;990;1771
FR;6;2022-08-01;39;36;14;8;10;16062;11184;1224;998;1781
FR;6;2022-08-02;37;46;10;14;6;16099;11230;1234;1012;1787
FR;6;2022-08-03;29;52;7;16;11;16128;11282;1241;1028;1798
FR;6;2022-08-04;25;21;4;9;6;16153;11303;1245;1037;1804
FR;6;2022-08-05;43;45;1;7;5;16196;11348;1246;1044;1809
FR;6;2022-08-06;17;27;1;3;2;16213;11375;1247;1047;1811
FR;6;2022-08-07;1;2;0;0;0;16214;11377;1247;1047;1811
FR;6;2022-08-08;24;33;1;0;1;16238;11410;1248;1047;1812
FR;6;2022-08-09;22;30;6;3;3;16260;11440;1254;1050;1815
FR;6;2022-08-10;32;36;5;9;5;16292;11476;1259;1059;1820
FR;6;2022-08-11;33;33;1;1;1;16325;11509;1260;1060;1821
FR;6;2022-08-12;50;44;6;2;15;16375;11553;1266;1062;1836
FR;6;2022-08-13;9;20;0;0;1;16384;11573;1266;1062;1837
FR;6;2022-08-14;3;1;0;0;0;16387;11574;1266;1062;1837
FR;6;2022-08-15;2;3;1;0;0;16389;11577;1267;1062;1837
FR;6;2022-08-16;35;66;21;7;7;16424;11643;1288;1069;1844
FR;6;2022-08-17;32;44;10;9;10;16456;11687;1298;1078;1854
FR;6;2022-08-18;29;55;14;4;4;16485;11742;1312;1082;1858
FR;6;2022-08-19;30;45;5;4;3;16515;11787;1317;1086;1861
FR;6;2022-08-20;26;29;3;0;8;16541;11816;1320;1086;1869
FR;6;2022-08-21;1;5;2;0;0;16542;11821;1322;1086;1869
FR;6;2022-08-22;20;42;15;1;0;16562;11863;1337;1087;1869
FR;6;2022-08-23;34;45;6;7;6;16596;11908;1343;1094;1875
FR;6;2022-08-24;34;30;6;3;6;16630;11938;1349;1097;1881
FR;6;2022-08-25;25;27;1;1;5;16655;11965;1350;1098;1886
FR;6;2022-08-26;38;44;4;4;7;16693;12009;1354;1102;1893
FR;6;2022-08-27;19;21;7;3;8;16712;12030;1361;1105;1901
FR;6;2022-08-28;6;3;0;6;1;16718;12033;1361;1111;1902
FR;6;2022-08-29;26;22;2;6;3;16744;12055;1363;1117;1905
FR;6;2022-08-30;28;35;4;12;8;16772;12090;1367;1129;1913
FR;6;2022-08-31;35;38;2;11;3;16807;12128;1369;1140;1916
FR;6;2022-09-01;16;11;5;1;4;16823;12139;1374;1141;1920
FR;6;2022-09-02;19;14;2;1;3;16842;12153;1376;1142;1923
FR;6;2022-09-03;10;3;1;5;2;16852;12156;1377;1147;1925
FR;6;2022-09-04;4;1;0;0;0;16856;12157;1377;1147;1925
FR;6;2022-09-05;8;7;0;0;0;16864;12164;1377;1147;1925
FR;6;2022-09-06;7;9;7;12;6;16871;12173;1384;1159;1931
FR;6;2022-09-07;3;8;1;0;1;16874;12181;1385;1159;1932
FR;6;2022-09-08;6;4;0;2;1;16880;12185;1385;1161;1933
FR;6;2022-09-09;7;9;2;7;3;16887;12194;1387;1168;1936
FR;6;2022-09-10;3;4;1;0;1;16890;12198;1388;1168;1937
FR;6;2022-09-11;1;3;0;0;0;16891;12201;1388;1168;1937
FR;6;2022-09-12;10;4;1;0;3;16901;12205;1389;1168;1940
FR;6;2022-09-13;7;2;3;0;2;16908;12207;1392;1168;1942
FR;6;2022-09-14;9;8;2;0;4;16917;12215;1394;1168;1946
FR;6;2022-09-15;8;13;5;5;9;16925;12228;1399;1173;1955
FR;6;2022-09-16;25;38;1;1;3;16950;12266;1400;1174;1958
FR;6;2022-09-17;24;22;0;6;5;16974;12288;1400;1180;1963
FR;6;2022-09-18;5;4;0;0;1;16979;12292;1400;1180;1964
FR;6;2022-09-19;30;30;2;1;5;17009;12322;1402;1181;1969
FR;6;2022-09-20;34;25;1;4;6;17043;12347;1403;1185;1975
FR;6;2022-09-21;21;9;3;3;7;17064;12356;1406;1188;1982
FR;6;2022-09-22;19;28;1;22;3;17083;12384;1407;1210;1985
FR;6;2022-09-23;28;41;5;9;9;17111;12425;1412;1219;1994
FR;6;2022-09-24;16;16;4;2;6;17127;12441;1416;1221;2000
FR;6;2022-09-25;3;14;0;0;1;17130;12455;1416;1221;2001
FR;6;2022-09-26;16;13;0;18;5;17146;12468;1416;1239;2006
FR;6;2022-09-27;32;19;2;3;4;17178;12487;1418;1242;2010
FR;6;2022-09-28;27;10;9;11;5;17205;12497;1427;1253;2015
FR;6;2022-09-29;13;13;10;34;6;17218;12510;1437;1287;2021
FR;6;2022-09-30;34;24;5;6;5;17252;12534;1442;1293;2026
FR;6;2022-10-01;15;12;5;8;8;17267;12546;1447;1301;2034
FR;6;2022-10-02;3;0;0;0;0;17270;12546;1447;1301;2034
FR;6;2022-10-03;11;10;3;5;4;17281;12556;1450;1306;2038
FR;6;2022-10-04;19;17;4;28;3;17300;12573;1454;1334;2041
FR;6;2022-10-05;11;12;3;2;7;17311;12585;1457;1336;2048
FR;6;2022-10-06;19;13;4;6;2;17330;12598;1461;1342;2050
FR;6;2022-10-07;27;26;5;24;10;17357;12624;1466;1366;2060
FR;6;2022-10-08;18;13;0;0;0;17375;12637;1466;1366;2060
FR;6;2022-10-09;7;3;4;27;4;17382;12640;1470;1393;2064
FR;6;2022-10-10;15;14;1;16;6;17397;12654;1471;1409;2070
FR;6;2022-10-11;21;23;3;11;8;17418;12677;1474;1420;2078
FR;6;2022-10-12;20;16;7;19;3;17438;12693;1481;1439;2081
FR;6;2022-10-13;28;14;2;36;0;17466;12707;1483;1475;2081
FR;6;2022-10-14;29;23;5;49;11;17495;12730;1488;1524;2092
FR;6;2022-10-15;13;9;0;22;4;17508;12739;1488;1546;2096
FR;6;2022-10-16;4;4;0;6;2;17512;12743;1488;1552;2098
FR;6;2022-10-17;14;14;2;10;1;17526;12757;1490;1562;2099
FR;6;2022-10-18;12;19;9;26;4;17538;12776;1499;1588;2103
FR;6;2022-10-19;10;20;6;16;5;17548;12796;1505;1604;2108
FR;6;2022-10-20;16;15;12;57;5;17564;12811;1517;1661;2113
FR;6;2022-10-21;16;21;9;34;11;17580;12832;1526;1695;2124
FR;6;2022-10-22;19;14;1;4;3;17599;12846;1527;1699;2127
FR;6;2022-10-23;3;2;1;0;0;17602;12848;1528;1699;2127
FR;6;2022-10-24;12;14;2;7;6;17614;12862;1530;1706;2133
FR;6;2022-10-25;20;13;6;17;7;17634;12875;1536;1723;2140
FR;6;2022-10-26;17;9;4;13;4;17651;12884;1540;1736;2144
FR;6;2022-10-27;20;7;8;37;6;17671;12891;1548;1773;2150
FR;6;2022-10-28;21;27;3;4;6;17692;12918;1551;1777;2156
FR;6;2022-10-29;7;11;5;11;6;17699;12929;1556;1788;2162
FR;6;2022-10-30;2;5;0;0;0;17701;12934;1556;1788;2162
FR;6;2022-10-31;18;14;2;13;4;17719;12948;1558;1801;2166
FR;6;2022-11-01;2;1;1;0;1;17721;12949;1559;1801;2167
FR;6;2022-11-02;15;25;8;21;10;17736;12974;1567;1822;2177
FR;6;2022-11-03;17;17;10;39;7;17753;12991;1577;1861;2184
FR;6;2022-11-04;19;22;9;16;5;17772;13013;1586;1877;2189
FR;6;2022-11-05;9;14;2;3;4;17781;13027;1588;1880;2193
FR;6;2022-11-06;5;1;0;0;0;17786;13028;1588;1880;2193
FR;6;2022-11-07;18;10;6;17;4;17804;13038;1594;1897;2197
FR;6;2022-11-08;18;10;2;3;5;17822;13048;1596;1900;2202
FR;6;2022-11-09;16;22;1;6;4;17838;13070;1597;1906;2206
FR;6;2022-11-10;10;10;4;12;5;17848;13080;1601;1918;2211
FR;6;2022-11-11;3;1;0;0;1;17851;13081;1601;1918;2212
FR;6;2022-11-12;4;10;1;7;1;17855;13091;1602;1925;2213
FR;6;2022-11-13;1;1;0;1;0;17856;13092;1602;1926;2213
FR;6;2022-11-14;13;10;7;32;8;17869;13102;1609;1958;2221
FR;6;2022-11-15;7;18;1;11;4;17876;13120;1610;1969;2225
FR;6;2022-11-16;16;15;9;32;3;17892;13135;1619;2001;2228
FR;6;2022-11-17;10;8;1;29;2;17902;13143;1620;2030;2230
FR;6;2022-11-18;18;12;5;22;4;17920;13155;1625;2052;2234
FR;6;2022-11-19;5;12;0;2;3;17925;13167;1625;2054;2237
FR;6;2022-11-20;2;1;2;0;2;17927;13168;1627;2054;2239
FR;6;2022-11-21;21;9;1;12;5;17948;13177;1628;2066;2244
FR;8;2020-12-27;0;0;0;0;0;0;0;0;0;0
FR;8;2020-12-28;0;0;0;0;0;0;0;0;0;0
FR;8;2020-12-29;0;0;0;0;0;0;0;0;0;0
FR;8;2020-12-30;0;0;0;0;0;0;0;0;0;0
FR;8;2020-12-31;0;0;0;0;0;0;0;0;0;0
FR;8;2021-01-01;0;0;0;0;0;0;0;0;0;0
FR;8;2021-01-02;0;0;0;0;0;0;0;0;0;0
FR;8;2021-01-03;0;0;0;0;0;0;0;0;0;0
FR;8;2021-01-04;0;0;0;0;0;0;0;0;0;0
FR;8;2021-01-05;0;0;0;0;0;0;0;0;0;0
FR;8;2021-01-06;0;0;0;0;0;0;0;0;0;0
FR;8;2021-01-07;0;0;0;0;0;0;0;0;0;0
FR;8;2021-01-08;0;0;0;0;0;0;0;0;0;0
FR;8;2021-01-09;0;0;0;0;0;0;0;0;0;0
FR;8;2021-01-10;0;0;0;0;0;0;0;0;0;0
FR;8;2021-01-11;0;0;0;0;0;0;0;0;0;0
FR;8;2021-01-12;0;0;0;0;0;0;0;0;0;0
FR;8;2021-01-13;0;0;0;0;0;0;0;0;0;0
FR;8;2021-01-14;0;0;0;0;0;0;0;0;0;0
FR;8;2021-01-15;0;0;0;0;0;0;0;0;0;0
FR;8;2021-01-16;0;0;0;0;0;0;0;0;0;0
FR;8;2021-01-17;0;0;0;0;0;0;0;0;0;0
FR;8;2021-01-18;0;0;0;0;0;0;0;0;0;0
FR;8;2021-01-19;0;0;0;0;0;0;0;0;0;0
FR;8;2021-01-20;0;0;0;0;0;0;0;0;0;0
FR;8;2021-01-21;0;0;0;0;0;0;0;0;0;0
FR;8;2021-01-22;0;0;0;0;0;0;0;0;0;0
FR;8;2021-01-23;0;0;0;0;0;0;0;0;0;0
FR;8;2021-01-24;0;0;0;0;0;0;0;0;0;0
FR;8;2021-01-25;0;0;0;0;0;0;0;0;0;0
FR;8;2021-01-26;0;0;0;0;0;0;0;0;0;0
FR;8;2021-01-27;0;0;0;0;0;0;0;0;0;0
FR;8;2021-01-28;0;0;0;0;0;0;0;0;0;0
FR;8;2021-01-29;0;0;0;0;0;0;0;0;0;0
FR;8;2021-01-30;0;0;0;0;0;0;0;0;0;0
FR;8;2021-01-31;0;0;0;0;0;0;0;0;0;0
FR;8;2021-02-01;0;0;0;0;0;0;0;0;0;0
FR;8;2021-02-02;0;0;0;0;0;0;0;0;0;0
FR;8;2021-02-03;0;0;0;0;0;0;0;0;0;0
FR;8;2021-02-04;0;0;0;0;0;0;0;0;0;0
FR;8;2021-02-05;0;0;0;0;0;0;0;0;0;0
FR;8;2021-02-06;0;0;0;0;0;0;0;0;0;0
FR;8;2021-02-07;0;0;0;0;0;0;0;0;0;0
FR;8;2021-02-08;0;0;0;0;0;0;0;0;0;0
FR;8;2021-02-09;0;0;0;0;0;0;0;0;0;0
FR;8;2021-02-10;0;0;0;0;0;0;0;0;0;0
FR;8;2021-02-11;0;0;0;0;0;0;0;0;0;0
FR;8;2021-02-12;0;0;0;0;0;0;0;0;0;0
FR;8;2021-02-13;0;0;0;0;0;0;0;0;0;0
FR;8;2021-02-14;0;0;0;0;0;0;0;0;0;0
FR;8;2021-02-15;0;0;0;0;0;0;0;0;0;0
FR;8;2021-02-16;0;0;0;0;0;0;0;0;0;0
FR;8;2021-02-17;0;0;0;0;0;0;0;0;0;0
FR;8;2021-02-18;0;0;0;0;0;0;0;0;0;0
FR;8;2021-02-19;0;0;0;0;0;0;0;0;0;0
FR;8;2021-02-20;0;0;0;0;0;0;0;0;0;0
FR;8;2021-02-21;0;0;0;0;0;0;0;0;0;0
FR;8;2021-02-22;0;0;0;0;0;0;0;0;0;0
FR;8;2021-02-23;0;0;0;0;0;0;0;0;0;0
FR;8;2021-02-24;0;0;0;0;0;0;0;0;0;0
FR;8;2021-02-25;0;0;0;0;0;0;0;0;0;0
FR;8;2021-02-26;0;0;0;0;0;0;0;0;0;0
FR;8;2021-02-27;0;0;0;0;0;0;0;0;0;0
FR;8;2021-02-28;0;0;0;0;0;0;0;0;0;0
FR;8;2021-03-01;0;0;0;0;0;0;0;0;0;0
FR;8;2021-03-02;0;0;0;0;0;0;0;0;0;0
FR;8;2021-03-03;0;0;0;0;0;0;0;0;0;0
FR;8;2021-03-04;0;0;0;0;0;0;0;0;0;0
FR;8;2021-03-05;0;0;0;0;0;0;0;0;0;0
FR;8;2021-03-06;0;0;0;0;0;0;0;0;0;0
FR;8;2021-03-07;0;0;0;0;0;0;0;0;0;0
FR;8;2021-03-08;0;0;0;0;0;0;0;0;0;0
FR;8;2021-03-09;0;0;0;0;0;0;0;0;0;0
FR;8;2021-03-10;0;0;0;0;0;0;0;0;0;0
FR;8;2021-03-11;0;0;0;0;0;0;0;0;0;0
FR;8;2021-03-12;0;0;0;0;0;0;0;0;0;0
FR;8;2021-03-13;0;0;0;0;0;0;0;0;0;0
FR;8;2021-03-14;0;0;0;0;0;0;0;0;0;0
FR;8;2021-03-15;0;0;0;0;0;0;0;0;0;0
FR;8;2021-03-16;0;0;0;0;0;0;0;0;0;0
FR;8;2021-03-17;0;0;0;0;0;0;0;0;0;0
FR;8;2021-03-18;0;0;0;0;0;0;0;0;0;0
FR;8;2021-03-19;0;0;0;0;0;0;0;0;0;0
FR;8;2021-03-20;0;0;0;0;0;0;0;0;0;0
FR;8;2021-03-21;0;0;0;0;0;0;0;0;0;0
FR;8;2021-03-22;0;0;0;0;0;0;0;0;0;0
FR;8;2021-03-23;0;0;0;0;0;0;0;0;0;0
FR;8;2021-03-24;0;0;0;0;0;0;0;0;0;0
FR;8;2021-03-25;0;0;0;0;0;0;0;0;0;0
FR;8;2021-03-26;0;0;0;0;0;0;0;0;0;0
FR;8;2021-03-27;0;0;0;0;0;0;0;0;0;0
FR;8;2021-03-28;0;0;0;0;0;0;0;0;0;0
FR;8;2021-03-29;0;0;0;0;0;0;0;0;0;0
FR;8;2021-03-30;0;0;0;0;0;0;0;0;0;0
FR;8;2021-03-31;0;0;0;0;0;0;0;0;0;0
FR;8;2021-04-01;0;0;0;0;0;0;0;0;0;0
FR;8;2021-04-02;0;0;0;0;0;0;0;0;0;0
FR;8;2021-04-03;0;0;0;0;0;0;0;0;0;0
FR;8;2021-04-04;0;0;0;0;0;0;0;0;0;0
FR;8;2021-04-05;0;0;0;0;0;0;0;0;0;0
FR;8;2021-04-06;0;0;0;0;0;0;0;0;0;0
FR;8;2021-04-07;0;0;0;0;0;0;0;0;0;0
FR;8;2021-04-08;0;0;0;0;0;0;0;0;0;0
FR;8;2021-04-09;0;0;0;0;0;0;0;0;0;0
FR;8;2021-04-10;0;0;0;0;0;0;0;0;0;0
FR;8;2021-04-11;0;0;0;0;0;0;0;0;0;0
FR;8;2021-04-12;0;0;0;0;0;0;0;0;0;0
FR;8;2021-04-13;0;0;0;0;0;0;0;0;0;0
FR;8;2021-04-14;0;0;0;0;0;0;0;0;0;0
FR;8;2021-04-15;0;0;0;0;0;0;0;0;0;0
FR;8;2021-04-16;0;0;0;0;0;0;0;0;0;0
FR;8;2021-04-17;0;0;0;0;0;0;0;0;0;0
FR;8;2021-04-18;0;0;0;0;0;0;0;0;0;0
FR;8;2021-04-19;0;0;0;0;0;0;0;0;0;0
FR;8;2021-04-20;0;0;0;0;0;0;0;0;0;0
FR;8;2021-04-21;0;0;0;0;0;0;0;0;0;0
FR;8;2021-04-22;0;0;0;0;0;0;0;0;0;0
FR;8;2021-04-23;0;0;0;0;0;0;0;0;0;0
FR;8;2021-04-24;0;0;0;0;0;0;0;0;0;0
FR;8;2021-04-25;0;0;0;0;0;0;0;0;0;0
FR;8;2021-04-26;0;0;0;0;0;0;0;0;0;0
FR;8;2021-04-27;0;0;0;0;0;0;0;0;0;0
FR;8;2021-04-28;0;0;0;0;0;0;0;0;0;0
FR;8;2021-04-29;0;0;0;0;0;0;0;0;0;0
FR;8;2021-04-30;0;0;0;0;0;0;0;0;0;0
FR;8;2021-05-01;0;0;0;0;0;0;0;0;0;0
FR;8;2021-05-02;0;0;0;0;0;0;0;0;0;0
FR;8;2021-05-03;0;0;0;0;0;0;0;0;0;0
FR;8;2021-05-04;0;0;0;0;0;0;0;0;0;0
FR;8;2021-05-05;0;0;0;0;0;0;0;0;0;0
FR;8;2021-05-06;0;0;0;0;0;0;0;0;0;0
FR;8;2021-05-07;0;0;0;0;0;0;0;0;0;0
FR;8;2021-05-08;0;0;0;0;0;0;0;0;0;0
FR;8;2021-05-09;0;0;0;0;0;0;0;0;0;0
FR;8;2021-05-10;0;0;0;0;0;0;0;0;0;0
FR;8;2021-05-11;0;0;0;0;0;0;0;0;0;0
FR;8;2021-05-12;0;0;0;0;0;0;0;0;0;0
FR;8;2021-05-13;0;0;0;0;0;0;0;0;0;0
FR;8;2021-05-14;0;0;0;0;0;0;0;0;0;0
FR;8;2021-05-15;0;0;0;0;0;0;0;0;0;0
FR;8;2021-05-16;0;0;0;0;0;0;0;0;0;0
FR;8;2021-05-17;0;0;0;0;0;0;0;0;0;0
FR;8;2021-05-18;0;0;0;0;0;0;0;0;0;0
FR;8;2021-05-19;0;0;0;0;0;0;0;0;0;0
FR;8;2021-05-20;0;0;0;0;0;0;0;0;0;0
FR;8;2021-05-21;0;0;0;0;0;0;0;0;0;0
FR;8;2021-05-22;0;0;0;0;0;0;0;0;0;0
FR;8;2021-05-23;0;0;0;0;0;0;0;0;0;0
FR;8;2021-05-24;0;0;0;0;0;0;0;0;0;0
FR;8;2021-05-25;0;0;0;0;0;0;0;0;0;0
FR;8;2021-05-26;0;0;0;0;0;0;0;0;0;0
FR;8;2021-05-27;0;0;0;0;0;0;0;0;0;0
FR;8;2021-05-28;0;0;0;0;0;0;0;0;0;0
FR;8;2021-05-29;0;0;0;0;0;0;0;0;0;0
FR;8;2021-05-30;0;0;0;0;0;0;0;0;0;0
FR;8;2021-05-31;0;0;0;0;0;0;0;0;0;0
FR;8;2021-06-01;0;0;0;0;0;0;0;0;0;0
FR;8;2021-06-02;0;0;0;0;0;0;0;0;0;0
FR;8;2021-06-03;0;0;0;0;0;0;0;0;0;0
FR;8;2021-06-04;0;0;0;0;0;0;0;0;0;0
FR;8;2021-06-05;0;0;0;0;0;0;0;0;0;0
FR;8;2021-06-06;0;0;0;0;0;0;0;0;0;0
FR;8;2021-06-07;0;0;0;0;0;0;0;0;0;0
FR;8;2021-06-08;0;0;0;0;0;0;0;0;0;0
FR;8;2021-06-09;0;0;0;0;0;0;0;0;0;0
FR;8;2021-06-10;0;0;0;0;0;0;0;0;0;0
FR;8;2021-06-11;0;0;0;0;0;0;0;0;0;0
FR;8;2021-06-12;0;0;0;0;0;0;0;0;0;0
FR;8;2021-06-13;0;0;0;0;0;0;0;0;0;0
FR;8;2021-06-14;0;0;0;0;0;0;0;0;0;0
FR;8;2021-06-15;0;0;0;0;0;0;0;0;0;0
FR;8;2021-06-16;0;0;0;0;0;0;0;0;0;0
FR;8;2021-06-17;0;0;0;0;0;0;0;0;0;0
FR;8;2021-06-18;0;0;0;0;0;0;0;0;0;0
FR;8;2021-06-19;0;0;0;0;0;0;0;0;0;0
FR;8;2021-06-20;0;0;0;0;0;0;0;0;0;0
FR;8;2021-06-21;0;0;0;0;0;0;0;0;0;0
FR;8;2021-06-22;0;0;0;0;0;0;0;0;0;0
FR;8;2021-06-23;0;0;0;0;0;0;0;0;0;0
FR;8;2021-06-24;0;0;0;0;0;0;0;0;0;0
FR;8;2021-06-25;0;0;0;0;0;0;0;0;0;0
FR;8;2021-06-26;0;0;0;0;0;0;0;0;0;0
FR;8;2021-06-27;0;0;0;0;0;0;0;0;0;0
FR;8;2021-06-28;0;0;0;0;0;0;0;0;0;0
FR;8;2021-06-29;0;0;0;0;0;0;0;0;0;0
FR;8;2021-06-30;0;0;0;0;0;0;0;0;0;0
FR;8;2021-07-01;0;0;0;0;0;0;0;0;0;0
FR;8;2021-07-02;0;0;0;0;0;0;0;0;0;0
FR;8;2021-07-03;0;0;0;0;0;0;0;0;0;0
FR;8;2021-07-04;0;0;0;0;0;0;0;0;0;0
FR;8;2021-07-05;0;0;0;0;0;0;0;0;0;0
FR;8;2021-07-06;0;0;0;0;0;0;0;0;0;0
FR;8;2021-07-07;0;0;0;0;0;0;0;0;0;0
FR;8;2021-07-08;0;0;0;0;0;0;0;0;0;0
FR;8;2021-07-09;0;0;0;0;0;0;0;0;0;0
FR;8;2021-07-10;0;0;0;0;0;0;0;0;0;0
FR;8;2021-07-11;0;0;0;0;0;0;0;0;0;0
FR;8;2021-07-12;0;0;0;0;0;0;0;0;0;0
FR;8;2021-07-13;0;0;0;0;0;0;0;0;0;0
FR;8;2021-07-14;0;0;0;0;0;0;0;0;0;0
FR;8;2021-07-15;0;0;0;0;0;0;0;0;0;0
FR;8;2021-07-16;0;0;0;0;0;0;0;0;0;0
FR;8;2021-07-17;0;0;0;0;0;0;0;0;0;0
FR;8;2021-07-18;0;0;0;0;0;0;0;0;0;0
FR;8;2021-07-19;0;0;0;0;0;0;0;0;0;0
FR;8;2021-07-20;0;0;0;0;0;0;0;0;0;0
FR;8;2021-07-21;0;0;0;0;0;0;0;0;0;0
FR;8;2021-07-22;0;0;0;0;0;0;0;0;0;0
FR;8;2021-07-23;0;0;0;0;0;0;0;0;0;0
FR;8;2021-07-24;0;0;0;0;0;0;0;0;0;0
FR;8;2021-07-25;0;0;0;0;0;0;0;0;0;0
FR;8;2021-07-26;0;0;0;0;0;0;0;0;0;0
FR;8;2021-07-27;0;0;0;0;0;0;0;0;0;0
FR;8;2021-07-28;0;0;0;0;0;0;0;0;0;0
FR;8;2021-07-29;0;0;0;0;0;0;0;0;0;0
FR;8;2021-07-30;0;0;0;0;0;0;0;0;0;0
FR;8;2021-07-31;0;0;0;0;0;0;0;0;0;0
FR;8;2021-08-01;0;0;0;0;0;0;0;0;0;0
FR;8;2021-08-02;0;0;0;0;0;0;0;0;0;0
FR;8;2021-08-03;0;0;0;0;0;0;0;0;0;0
FR;8;2021-08-04;0;0;0;0;0;0;0;0;0;0
FR;8;2021-08-05;0;0;0;0;0;0;0;0;0;0
FR;8;2021-08-06;0;0;0;0;0;0;0;0;0;0
FR;8;2021-08-07;0;0;0;0;0;0;0;0;0;0
FR;8;2021-08-08;0;0;0;0;0;0;0;0;0;0
FR;8;2021-08-09;0;0;0;0;0;0;0;0;0;0
FR;8;2021-08-10;0;0;0;0;0;0;0;0;0;0
FR;8;2021-08-11;0;0;0;0;0;0;0;0;0;0
FR;8;2021-08-12;0;0;0;0;0;0;0;0;0;0
FR;8;2021-08-13;0;0;0;0;0;0;0;0;0;0
FR;8;2021-08-14;0;0;0;0;0;0;0;0;0;0
FR;8;2021-08-15;0;0;0;0;0;0;0;0;0;0
FR;8;2021-08-16;0;0;0;0;0;0;0;0;0;0
FR;8;2021-08-17;0;0;0;0;0;0;0;0;0;0
FR;8;2021-08-18;0;0;0;0;0;0;0;0;0;0
FR;8;2021-08-19;0;0;0;0;0;0;0;0;0;0
FR;8;2021-08-20;0;0;0;0;0;0;0;0;0;0
FR;8;2021-08-21;0;0;0;0;0;0;0;0;0;0
FR;8;2021-08-22;0;0;0;0;0;0;0;0;0;0
FR;8;2021-08-23;0;0;0;0;0;0;0;0;0;0
FR;8;2021-08-24;0;0;0;0;0;0;0;0;0;0
FR;8;2021-08-25;0;0;0;0;0;0;0;0;0;0
FR;8;2021-08-26;0;0;0;0;0;0;0;0;0;0
FR;8;2021-08-27;0;0;0;0;0;0;0;0;0;0
FR;8;2021-08-28;0;0;0;0;0;0;0;0;0;0
FR;8;2021-08-29;0;0;0;0;0;0;0;0;0;0
FR;8;2021-08-30;0;0;0;0;0;0;0;0;0;0
FR;8;2021-08-31;0;0;0;0;0;0;0;0;0;0
FR;8;2021-09-01;0;0;0;0;0;0;0;0;0;0
FR;8;2021-09-02;0;0;0;0;0;0;0;0;0;0
FR;8;2021-09-03;0;0;0;0;0;0;0;0;0;0
FR;8;2021-09-04;0;0;0;0;0;0;0;0;0;0
FR;8;2021-09-05;0;0;0;0;0;0;0;0;0;0
FR;8;2021-09-06;0;0;0;0;0;0;0;0;0;0
FR;8;2021-09-07;0;0;0;0;0;0;0;0;0;0
FR;8;2021-09-08;0;0;0;0;0;0;0;0;0;0
FR;8;2021-09-09;0;0;0;0;0;0;0;0;0;0
FR;8;2021-09-10;0;0;0;0;0;0;0;0;0;0
FR;8;2021-09-11;0;0;0;0;0;0;0;0;0;0
FR;8;2021-09-12;0;0;0;0;0;0;0;0;0;0
FR;8;2021-09-13;0;0;0;0;0;0;0;0;0;0
FR;8;2021-09-14;0;0;0;0;0;0;0;0;0;0
FR;8;2021-09-15;0;0;0;0;0;0;0;0;0;0
FR;8;2021-09-16;0;0;0;0;0;0;0;0;0;0
FR;8;2021-09-17;0;0;0;0;0;0;0;0;0;0
FR;8;2021-09-18;0;0;0;0;0;0;0;0;0;0
FR;8;2021-09-19;0;0;0;0;0;0;0;0;0;0
FR;8;2021-09-20;0;0;0;0;0;0;0;0;0;0
FR;8;2021-09-21;0;0;0;0;0;0;0;0;0;0
FR;8;2021-09-22;0;0;0;0;0;0;0;0;0;0
FR;8;2021-09-23;0;0;0;0;0;0;0;0;0;0
FR;8;2021-09-24;0;0;0;0;0;0;0;0;0;0
FR;8;2021-09-25;0;0;0;0;0;0;0;0;0;0
FR;8;2021-09-26;0;0;0;0;0;0;0;0;0;0
FR;8;2021-09-27;0;0;0;0;0;0;0;0;0;0
FR;8;2021-09-28;0;0;0;0;0;0;0;0;0;0
FR;8;2021-09-29;0;0;0;0;0;0;0;0;0;0
FR;8;2021-09-30;0;0;0;0;0;0;0;0;0;0
FR;8;2021-10-01;0;0;0;0;0;0;0;0;0;0
FR;8;2021-10-02;0;0;0;0;0;0;0;0;0;0
FR;8;2021-10-03;0;0;0;0;0;0;0;0;0;0
FR;8;2021-10-04;0;0;0;0;0;0;0;0;0;0
FR;8;2021-10-05;0;0;0;0;0;0;0;0;0;0
FR;8;2021-10-06;0;0;0;0;0;0;0;0;0;0
FR;8;2021-10-07;0;0;0;0;0;0;0;0;0;0
FR;8;2021-10-08;0;0;0;0;0;0;0;0;0;0
FR;8;2021-10-09;0;0;0;0;0;0;0;0;0;0
FR;8;2021-10-10;0;0;0;0;0;0;0;0;0;0
FR;8;2021-10-11;0;0;0;0;0;0;0;0;0;0
FR;8;2021-10-12;0;0;0;0;0;0;0;0;0;0
FR;8;2021-10-13;0;0;0;0;0;0;0;0;0;0
FR;8;2021-10-14;0;0;0;0;0;0;0;0;0;0
FR;8;2021-10-15;0;0;0;0;0;0;0;0;0;0
FR;8;2021-10-16;0;0;0;0;0;0;0;0;0;0
FR;8;2021-10-17;0;0;0;0;0;0;0;0;0;0
FR;8;2021-10-18;0;0;0;0;0;0;0;0;0;0
FR;8;2021-10-19;0;0;0;0;0;0;0;0;0;0
FR;8;2021-10-20;0;0;0;0;0;0;0;0;0;0
FR;8;2021-10-21;0;0;0;0;0;0;0;0;0;0
FR;8;2021-10-22;0;0;0;0;0;0;0;0;0;0
FR;8;2021-10-23;0;0;0;0;0;0;0;0;0;0
FR;8;2021-10-24;0;0;0;0;0;0;0;0;0;0
FR;8;2021-10-25;0;0;0;0;0;0;0;0;0;0
FR;8;2021-10-26;0;0;0;0;0;0;0;0;0;0
FR;8;2021-10-27;0;0;0;0;0;0;0;0;0;0
FR;8;2021-10-28;0;0;0;0;0;0;0;0;0;0
FR;8;2021-10-29;0;0;0;0;0;0;0;0;0;0
FR;8;2021-10-30;0;0;0;0;0;0;0;0;0;0
FR;8;2021-10-31;0;0;0;0;0;0;0;0;0;0
FR;8;2021-11-01;0;0;0;0;0;0;0;0;0;0
FR;8;2021-11-02;0;0;0;0;0;0;0;0;0;0
FR;8;2021-11-03;0;0;0;0;0;0;0;0;0;0
FR;8;2021-11-04;0;0;0;0;0;0;0;0;0;0
FR;8;2021-11-05;0;0;0;0;0;0;0;0;0;0
FR;8;2021-11-06;0;0;0;0;0;0;0;0;0;0
FR;8;2021-11-07;0;0;0;0;0;0;0;0;0;0
FR;8;2021-11-08;0;0;0;0;0;0;0;0;0;0
FR;8;2021-11-09;0;0;0;0;0;0;0;0;0;0
FR;8;2021-11-10;0;0;0;0;0;0;0;0;0;0
FR;8;2021-11-11;0;0;0;0;0;0;0;0;0;0
FR;8;2021-11-12;0;0;0;0;0;0;0;0;0;0
FR;8;2021-11-13;0;0;0;0;0;0;0;0;0;0
FR;8;2021-11-14;0;0;0;0;0;0;0;0;0;0
FR;8;2021-11-15;0;0;0;0;0;0;0;0;0;0
FR;8;2021-11-16;0;0;0;0;0;0;0;0;0;0
FR;8;2021-11-17;0;0;0;0;0;0;0;0;0;0
FR;8;2021-11-18;0;0;0;0;0;0;0;0;0;0
FR;8;2021-11-19;0;0;0;0;0;0;0;0;0;0
FR;8;2021-11-20;0;0;0;0;0;0;0;0;0;0
FR;8;2021-11-21;0;0;0;0;0;0;0;0;0;0
FR;8;2021-11-22;0;0;0;0;0;0;0;0;0;0
FR;8;2021-11-23;0;0;0;0;0;0;0;0;0;0
FR;8;2021-11-24;0;0;0;0;0;0;0;0;0;0
FR;8;2021-11-25;0;0;0;0;0;0;0;0;0;0
FR;8;2021-11-26;0;0;0;0;0;0;0;0;0;0
FR;8;2021-11-27;0;0;0;0;0;0;0;0;0;0
FR;8;2021-11-28;0;0;0;0;0;0;0;0;0;0
FR;8;2021-11-29;0;0;0;0;0;0;0;0;0;0
FR;8;2021-11-30;0;0;0;0;0;0;0;0;0;0
FR;8;2021-12-01;0;0;0;0;0;0;0;0;0;0
FR;8;2021-12-02;0;0;0;0;0;0;0;0;0;0
FR;8;2021-12-03;0;0;0;0;0;0;0;0;0;0
FR;8;2021-12-04;0;0;0;0;0;0;0;0;0;0
FR;8;2021-12-05;0;0;0;0;0;0;0;0;0;0
FR;8;2021-12-06;0;0;0;0;0;0;0;0;0;0
FR;8;2021-12-07;0;0;0;0;0;0;0;0;0;0
FR;8;2021-12-08;0;0;0;0;0;0;0;0;0;0
FR;8;2021-12-09;0;0;0;0;0;0;0;0;0;0
FR;8;2021-12-10;0;0;0;0;0;0;0;0;0;0
FR;8;2021-12-11;0;0;0;0;0;0;0;0;0;0
FR;8;2021-12-12;0;0;0;0;0;0;0;0;0;0
FR;8;2021-12-13;0;0;0;0;0;0;0;0;0;0
FR;8;2021-12-14;0;0;0;0;0;0;0;0;0;0
FR;8;2021-12-15;0;0;0;0;0;0;0;0;0;0
FR;8;2021-12-16;0;0;0;0;0;0;0;0;0;0
FR;8;2021-12-17;0;0;0;0;0;0;0;0;0;0
FR;8;2021-12-18;0;0;0;0;0;0;0;0;0;0
FR;8;2021-12-19;0;0;0;0;0;0;0;0;0;0
FR;8;2021-12-20;0;0;0;0;0;0;0;0;0;0
FR;8;2021-12-21;0;0;0;0;0;0;0;0;0;0
FR;8;2021-12-22;0;0;0;0;0;0;0;0;0;0
FR;8;2021-12-23;0;0;0;0;0;0;0;0;0;0
FR;8;2021-12-24;0;0;0;0;0;0;0;0;0;0
FR;8;2021-12-25;0;0;0;0;0;0;0;0;0;0
FR;8;2021-12-26;0;0;0;0;0;0;0;0;0;0
FR;8;2021-12-27;0;0;0;0;0;0;0;0;0;0
FR;8;2021-12-28;0;0;0;0;0;0;0;0;0;0
FR;8;2021-12-29;0;0;0;0;0;0;0;0;0;0
FR;8;2021-12-30;0;0;0;0;0;0;0;0;0;0
FR;8;2021-12-31;0;0;0;0;0;0;0;0;0;0
FR;8;2022-01-01;0;0;0;0;0;0;0;0;0;0
FR;8;2022-01-02;0;0;0;0;0;0;0;0;0;0
FR;8;2022-01-03;0;0;0;0;0;0;0;0;0;0
FR;8;2022-01-04;0;0;0;0;0;0;0;0;0;0
FR;8;2022-01-05;0;0;0;0;0;0;0;0;0;0
FR;8;2022-01-06;0;0;0;0;0;0;0;0;0;0
FR;8;2022-01-07;0;0;0;0;0;0;0;0;0;0
FR;8;2022-01-08;0;0;0;0;0;0;0;0;0;0
FR;8;2022-01-09;0;0;0;0;0;0;0;0;0;0
FR;8;2022-01-10;0;0;0;0;0;0;0;0;0;0
FR;8;2022-01-11;0;0;0;0;0;0;0;0;0;0
FR;8;2022-01-12;0;0;0;0;0;0;0;0;0;0
FR;8;2022-01-13;0;0;0;0;0;0;0;0;0;0
FR;8;2022-01-14;0;0;0;0;0;0;0;0;0;0
FR;8;2022-01-15;0;0;0;0;0;0;0;0;0;0
FR;8;2022-01-16;0;0;0;0;0;0;0;0;0;0
FR;8;2022-01-17;0;0;0;0;0;0;0;0;0;0
FR;8;2022-01-18;0;0;0;0;0;0;0;0;0;0
FR;8;2022-01-19;0;0;0;0;0;0;0;0;0;0
FR;8;2022-01-20;0;0;0;0;0;0;0;0;0;0
FR;8;2022-01-21;0;0;0;0;0;0;0;0;0;0
FR;8;2022-01-22;0;0;0;0;0;0;0;0;0;0
FR;8;2022-01-23;0;0;0;0;0;0;0;0;0;0
FR;8;2022-01-24;0;0;0;0;0;0;0;0;0;0
FR;8;2022-01-25;0;0;0;0;0;0;0;0;0;0
FR;8;2022-01-26;0;0;0;0;0;0;0;0;0;0
FR;8;2022-01-27;0;0;0;0;0;0;0;0;0;0
FR;8;2022-01-28;0;0;0;0;0;0;0;0;0;0
FR;8;2022-01-29;0;0;0;0;0;0;0;0;0;0
FR;8;2022-01-30;0;0;0;0;0;0;0;0;0;0
FR;8;2022-01-31;0;0;0;0;0;0;0;0;0;0
FR;8;2022-02-01;0;0;0;0;0;0;0;0;0;0
FR;8;2022-02-02;0;0;0;0;0;0;0;0;0;0
FR;8;2022-02-03;0;0;0;0;0;0;0;0;0;0
FR;8;2022-02-04;0;0;0;0;0;0;0;0;0;0
FR;8;2022-02-05;0;0;0;0;0;0;0;0;0;0
FR;8;2022-02-06;0;0;0;0;0;0;0;0;0;0
FR;8;2022-02-07;0;0;0;0;0;0;0;0;0;0
FR;8;2022-02-08;0;0;0;0;0;0;0;0;0;0
FR;8;2022-02-09;0;0;0;0;0;0;0;0;0;0
FR;8;2022-02-10;0;0;0;0;0;0;0;0;0;0
FR;8;2022-02-11;0;0;0;0;0;0;0;0;0;0
FR;8;2022-02-12;0;0;0;0;0;0;0;0;0;0
FR;8;2022-02-13;0;0;0;0;0;0;0;0;0;0
FR;8;2022-02-14;0;0;0;0;0;0;0;0;0;0
FR;8;2022-02-15;0;0;0;0;0;0;0;0;0;0
FR;8;2022-02-16;0;0;0;0;0;0;0;0;0;0
FR;8;2022-02-17;0;0;0;0;0;0;0;0;0;0
FR;8;2022-02-18;0;0;0;0;0;0;0;0;0;0
FR;8;2022-02-19;0;0;0;0;0;0;0;0;0;0
FR;8;2022-02-20;0;0;0;0;0;0;0;0;0;0
FR;8;2022-02-21;0;0;0;0;0;0;0;0;0;0
FR;8;2022-02-22;0;0;0;0;0;0;0;0;0;0
FR;8;2022-02-23;0;0;0;0;0;0;0;0;0;0
FR;8;2022-02-24;0;0;0;0;0;0;0;0;0;0
FR;8;2022-02-25;0;0;0;0;0;0;0;0;0;0
FR;8;2022-02-26;0;0;0;0;0;0;0;0;0;0
FR;8;2022-02-27;0;0;0;0;0;0;0;0;0;0
FR;8;2022-02-28;0;0;0;0;0;0;0;0;0;0
FR;8;2022-03-01;0;0;0;0;0;0;0;0;0;0
FR;8;2022-03-02;0;0;0;0;0;0;0;0;0;0
FR;8;2022-03-03;0;0;0;0;0;0;0;0;0;0
FR;8;2022-03-04;0;0;0;0;0;0;0;0;0;0
FR;8;2022-03-05;0;0;0;0;0;0;0;0;0;0
FR;8;2022-03-06;0;0;0;0;0;0;0;0;0;0
FR;8;2022-03-07;0;0;0;0;0;0;0;0;0;0
FR;8;2022-03-08;0;0;0;0;0;0;0;0;0;0
FR;8;2022-03-09;0;0;0;0;0;0;0;0;0;0
FR;8;2022-03-10;0;0;0;0;0;0;0;0;0;0
FR;8;2022-03-11;0;0;0;0;0;0;0;0;0;0
FR;8;2022-03-12;0;0;0;0;0;0;0;0;0;0
FR;8;2022-03-13;0;0;0;0;0;0;0;0;0;0
FR;8;2022-03-14;0;0;0;0;0;0;0;0;0;0
FR;8;2022-03-15;0;0;0;0;0;0;0;0;0;0
FR;8;2022-03-16;0;0;0;0;0;0;0;0;0;0
FR;8;2022-03-17;0;0;0;0;0;0;0;0;0;0
FR;8;2022-03-18;0;0;0;0;0;0;0;0;0;0
FR;8;2022-03-19;0;0;0;0;0;0;0;0;0;0
FR;8;2022-03-20;0;0;0;0;0;0;0;0;0;0
FR;8;2022-03-21;0;0;0;0;0;0;0;0;0;0
FR;8;2022-03-22;0;0;0;0;0;0;0;0;0;0
FR;8;2022-03-23;0;0;0;0;0;0;0;0;0;0
FR;8;2022-03-24;0;0;0;0;0;0;0;0;0;0
FR;8;2022-03-25;0;0;0;0;0;0;0;0;0;0
FR;8;2022-03-26;0;0;0;0;0;0;0;0;0;0
FR;8;2022-03-27;0;0;0;0;0;0;0;0;0;0
FR;8;2022-03-28;0;0;0;0;0;0;0;0;0;0
FR;8;2022-03-29;0;0;0;0;0;0;0;0;0;0
FR;8;2022-03-30;0;0;0;0;0;0;0;0;0;0
FR;8;2022-03-31;0;0;0;0;0;0;0;0;0;0
FR;8;2022-04-01;0;0;0;0;0;0;0;0;0;0
FR;8;2022-04-02;0;0;0;0;0;0;0;0;0;0
FR;8;2022-04-03;0;0;0;0;0;0;0;0;0;0
FR;8;2022-04-04;0;0;0;0;0;0;0;0;0;0
FR;8;2022-04-05;0;0;0;0;0;0;0;0;0;0
FR;8;2022-04-06;0;0;0;0;0;0;0;0;0;0
FR;8;2022-04-07;0;0;0;0;0;0;0;0;0;0
FR;8;2022-04-08;0;0;0;0;0;0;0;0;0;0
FR;8;2022-04-09;0;0;0;0;0;0;0;0;0;0
FR;8;2022-04-10;0;0;0;0;0;0;0;0;0;0
FR;8;2022-04-11;0;0;0;0;0;0;0;0;0;0
FR;8;2022-04-12;0;0;0;0;0;0;0;0;0;0
FR;8;2022-04-13;0;0;0;0;0;0;0;0;0;0
FR;8;2022-04-14;0;0;0;0;0;0;0;0;0;0
FR;8;2022-04-15;0;0;0;0;0;0;0;0;0;0
FR;8;2022-04-16;0;0;0;0;0;0;0;0;0;0
FR;8;2022-04-17;0;0;0;0;0;0;0;0;0;0
FR;8;2022-04-18;0;0;0;0;0;0;0;0;0;0
FR;8;2022-04-19;0;0;0;0;0;0;0;0;0;0
FR;8;2022-04-20;0;0;0;0;0;0;0;0;0;0
FR;8;2022-04-21;0;0;0;0;0;0;0;0;0;0
FR;8;2022-04-22;0;0;0;0;0;0;0;0;0;0
FR;8;2022-04-23;0;0;0;0;0;0;0;0;0;0
FR;8;2022-04-24;0;0;0;0;0;0;0;0;0;0
FR;8;2022-04-25;0;0;0;0;0;0;0;0;0;0
FR;8;2022-04-26;0;0;0;0;0;0;0;0;0;0
FR;8;2022-04-27;0;0;0;0;0;0;0;0;0;0
FR;8;2022-04-28;0;0;0;0;0;0;0;0;0;0
FR;8;2022-04-29;0;0;0;0;0;0;0;0;0;0
FR;8;2022-04-30;0;0;0;0;0;0;0;0;0;0
FR;8;2022-05-01;0;0;0;0;0;0;0;0;0;0
FR;8;2022-05-02;0;0;0;0;0;0;0;0;0;0
FR;8;2022-05-03;0;0;0;0;0;0;0;0;0;0
FR;8;2022-05-04;0;0;0;0;0;0;0;0;0;0
FR;8;2022-05-05;0;0;0;0;0;0;0;0;0;0
FR;8;2022-05-06;0;0;0;0;0;0;0;0;0;0
FR;8;2022-05-07;0;0;0;0;0;0;0;0;0;0
FR;8;2022-05-08;0;0;0;0;0;0;0;0;0;0
FR;8;2022-05-09;0;0;0;0;0;0;0;0;0;0
FR;8;2022-05-10;0;0;0;0;0;0;0;0;0;0
FR;8;2022-05-11;0;0;0;0;0;0;0;0;0;0
FR;8;2022-05-12;0;0;0;0;0;0;0;0;0;0
FR;8;2022-05-13;0;0;0;0;0;0;0;0;0;0
FR;8;2022-05-14;0;0;0;0;0;0;0;0;0;0
FR;8;2022-05-15;0;0;0;0;0;0;0;0;0;0
FR;8;2022-05-16;0;0;0;0;0;0;0;0;0;0
FR;8;2022-05-17;0;0;0;0;0;0;0;0;0;0
FR;8;2022-05-18;0;0;0;0;0;0;0;0;0;0
FR;8;2022-05-19;0;0;0;0;0;0;0;0;0;0
FR;8;2022-05-20;0;0;0;0;0;0;0;0;0;0
FR;8;2022-05-21;0;0;0;0;0;0;0;0;0;0
FR;8;2022-05-22;0;0;0;0;0;0;0;0;0;0
FR;8;2022-05-23;0;0;0;0;0;0;0;0;0;0
FR;8;2022-05-24;0;0;0;0;0;0;0;0;0;0
FR;8;2022-05-25;0;0;0;0;0;0;0;0;0;0
FR;8;2022-05-26;0;0;0;0;0;0;0;0;0;0
FR;8;2022-05-27;0;0;0;0;0;0;0;0;0;0
FR;8;2022-05-28;0;0;0;0;0;0;0;0;0;0
FR;8;2022-05-29;0;0;0;0;0;0;0;0;0;0
FR;8;2022-05-30;0;0;0;0;0;0;0;0;0;0
FR;8;2022-05-31;0;0;0;0;0;0;0;0;0;0
FR;8;2022-06-01;0;0;0;0;0;0;0;0;0;0
FR;8;2022-06-02;0;0;0;0;0;0;0;0;0;0
FR;8;2022-06-03;0;0;0;0;0;0;0;0;0;0
FR;8;2022-06-04;0;0;0;0;0;0;0;0;0;0
FR;8;2022-06-05;0;0;0;0;0;0;0;0;0;0
FR;8;2022-06-06;0;0;0;0;0;0;0;0;0;0
FR;8;2022-06-07;0;0;0;0;0;0;0;0;0;0
FR;8;2022-06-08;0;0;0;0;0;0;0;0;0;0
FR;8;2022-06-09;0;0;0;0;0;0;0;0;0;0
FR;8;2022-06-10;0;0;0;0;0;0;0;0;0;0
FR;8;2022-06-11;0;0;0;0;0;0;0;0;0;0
FR;8;2022-06-12;0;0;0;0;0;0;0;0;0;0
FR;8;2022-06-13;0;0;0;0;0;0;0;0;0;0
FR;8;2022-06-14;0;0;0;0;0;0;0;0;0;0
FR;8;2022-06-15;0;0;0;0;0;0;0;0;0;0
FR;8;2022-06-16;0;0;0;0;0;0;0;0;0;0
FR;8;2022-06-17;0;0;0;0;0;0;0;0;0;0
FR;8;2022-06-18;0;0;0;0;0;0;0;0;0;0
FR;8;2022-06-19;0;0;0;0;0;0;0;0;0;0
FR;8;2022-06-20;0;0;0;0;0;0;0;0;0;0
FR;8;2022-06-21;0;0;0;0;0;0;0;0;0;0
FR;8;2022-06-22;0;0;0;0;0;0;0;0;0;0
FR;8;2022-06-23;0;0;0;0;0;0;0;0;0;0
FR;8;2022-06-24;0;0;0;0;0;0;0;0;0;0
FR;8;2022-06-25;0;0;0;0;0;0;0;0;0;0
FR;8;2022-06-26;0;0;0;0;0;0;0;0;0;0
FR;8;2022-06-27;0;0;0;0;0;0;0;0;0;0
FR;8;2022-06-28;0;0;0;0;0;0;0;0;0;0
FR;8;2022-06-29;0;0;0;0;0;0;0;0;0;0
FR;8;2022-06-30;0;0;0;0;0;0;0;0;0;0
FR;8;2022-07-01;0;0;0;0;0;0;0;0;0;0
FR;8;2022-07-02;0;0;0;0;0;0;0;0;0;0
FR;8;2022-07-03;0;0;0;0;0;0;0;0;0;0
FR;8;2022-07-04;0;0;0;0;0;0;0;0;0;0
FR;8;2022-07-05;0;0;0;0;0;0;0;0;0;0
FR;8;2022-07-06;0;0;0;0;0;0;0;0;0;0
FR;8;2022-07-07;0;0;0;0;0;0;0;0;0;0
FR;8;2022-07-08;0;0;0;0;0;0;0;0;0;0
FR;8;2022-07-09;0;0;0;0;0;0;0;0;0;0
FR;8;2022-07-10;0;0;0;0;0;0;0;0;0;0
FR;8;2022-07-11;0;0;0;0;0;0;0;0;0;0
FR;8;2022-07-12;0;0;0;0;0;0;0;0;0;0
FR;8;2022-07-13;0;0;0;0;0;0;0;0;0;0
FR;8;2022-07-14;0;0;0;0;0;0;0;0;0;0
FR;8;2022-07-15;0;0;0;0;0;0;0;0;0;0
FR;8;2022-07-16;0;0;0;0;0;0;0;0;0;0
FR;8;2022-07-17;0;0;0;0;0;0;0;0;0;0
FR;8;2022-07-18;0;0;0;0;0;0;0;0;0;0
FR;8;2022-07-19;0;0;0;0;0;0;0;0;0;0
FR;8;2022-07-20;0;0;0;0;0;0;0;0;0;0
FR;8;2022-07-21;0;0;0;0;0;0;0;0;0;0
FR;8;2022-07-22;0;0;0;0;0;0;0;0;0;0
FR;8;2022-07-23;0;0;0;0;0;0;0;0;0;0
FR;8;2022-07-24;0;0;0;0;0;0;0;0;0;0
FR;8;2022-07-25;0;0;0;0;0;0;0;0;0;0
FR;8;2022-07-26;0;0;0;0;0;0;0;0;0;0
FR;8;2022-07-27;0;0;0;0;0;0;0;0;0;0
FR;8;2022-07-28;0;0;0;0;0;0;0;0;0;0
FR;8;2022-07-29;0;0;0;0;0;0;0;0;0;0
FR;8;2022-07-30;0;0;0;0;0;0;0;0;0;0
FR;8;2022-07-31;0;0;0;0;0;0;0;0;0;0
FR;8;2022-08-01;0;0;0;0;0;0;0;0;0;0
FR;8;2022-08-02;0;0;0;0;0;0;0;0;0;0
FR;8;2022-08-03;0;0;0;0;0;0;0;0;0;0
FR;8;2022-08-04;0;0;0;0;0;0;0;0;0;0
FR;8;2022-08-05;0;0;0;0;0;0;0;0;0;0
FR;8;2022-08-06;0;0;0;0;0;0;0;0;0;0
FR;8;2022-08-07;0;0;0;0;0;0;0;0;0;0
FR;8;2022-08-08;0;0;0;0;0;0;0;0;0;0
FR;8;2022-08-09;0;0;0;0;0;0;0;0;0;0
FR;8;2022-08-10;0;0;0;0;0;0;0;0;0;0
FR;8;2022-08-11;0;0;0;0;0;0;0;0;0;0
FR;8;2022-08-12;0;0;0;0;0;0;0;0;0;0
FR;8;2022-08-13;0;0;0;0;0;0;0;0;0;0
FR;8;2022-08-14;0;0;0;0;0;0;0;0;0;0
FR;8;2022-08-15;0;0;0;0;0;0;0;0;0;0
FR;8;2022-08-16;0;0;0;0;0;0;0;0;0;0
FR;8;2022-08-17;0;0;0;0;0;0;0;0;0;0
FR;8;2022-08-18;0;0;0;0;0;0;0;0;0;0
FR;8;2022-08-19;0;0;0;0;0;0;0;0;0;0
FR;8;2022-08-20;0;0;0;0;0;0;0;0;0;0
FR;8;2022-08-21;0;0;0;0;0;0;0;0;0;0
FR;8;2022-08-22;0;0;0;0;0;0;0;0;0;0
FR;8;2022-08-23;0;0;0;0;0;0;0;0;0;0
FR;8;2022-08-24;0;0;0;0;0;0;0;0;0;0
FR;8;2022-08-25;0;0;0;0;0;0;0;0;0;0
FR;8;2022-08-26;0;0;0;0;0;0;0;0;0;0
FR;8;2022-08-27;0;0;0;0;0;0;0;0;0;0
FR;8;2022-08-28;0;0;0;0;0;0;0;0;0;0
FR;8;2022-08-29;0;0;0;0;0;0;0;0;0;0
FR;8;2022-08-30;0;0;0;0;0;0;0;0;0;0
FR;8;2022-08-31;0;0;0;0;0;0;0;0;0;0
FR;8;2022-09-01;0;0;0;0;0;0;0;0;0;0
FR;8;2022-09-02;0;0;0;0;0;0;0;0;0;0
FR;8;2022-09-03;0;0;0;0;0;0;0;0;0;0
FR;8;2022-09-04;0;0;0;0;0;0;0;0;0;0
FR;8;2022-09-05;0;0;0;0;0;0;0;0;0;0
FR;8;2022-09-06;0;0;0;0;0;0;0;0;0;0
FR;8;2022-09-07;0;0;0;0;0;0;0;0;0;0
FR;8;2022-09-08;0;0;0;0;0;0;0;0;0;0
FR;8;2022-09-09;0;0;0;0;0;0;0;0;0;0
FR;8;2022-09-10;0;0;0;0;0;0;0;0;0;0
FR;8;2022-09-11;0;0;0;0;0;0;0;0;0;0
FR;8;2022-09-12;0;0;0;0;0;0;0;0;0;0
FR;8;2022-09-13;0;0;0;0;0;0;0;0;0;0
FR;8;2022-09-14;0;0;0;0;0;0;0;0;0;0
FR;8;2022-09-15;0;0;0;0;0;0;0;0;0;0
FR;8;2022-09-16;0;0;0;0;0;0;0;0;0;0
FR;8;2022-09-17;0;0;0;0;0;0;0;0;0;0
FR;8;2022-09-18;0;0;0;0;0;0;0;0;0;0
FR;8;2022-09-19;0;0;0;0;0;0;0;0;0;0
FR;8;2022-09-20;0;0;0;0;0;0;0;0;0;0
FR;8;2022-09-21;0;0;0;0;0;0;0;0;0;0
FR;8;2022-09-22;0;0;0;0;0;0;0;0;0;0
FR;8;2022-09-23;0;0;0;0;0;0;0;0;0;0
FR;8;2022-09-24;0;0;0;0;0;0;0;0;0;0
FR;8;2022-09-25;0;0;0;0;0;0;0;0;0;0
FR;8;2022-09-26;0;0;0;0;0;0;0;0;0;0
FR;8;2022-09-27;0;0;0;0;0;0;0;0;0;0
FR;8;2022-09-28;0;0;0;0;0;0;0;0;0;0
FR;8;2022-09-29;0;0;0;0;0;0;0;0;0;0
FR;8;2022-09-30;0;0;0;0;0;0;0;0;0;0
FR;8;2022-10-01;0;0;0;0;0;0;0;0;0;0
FR;8;2022-10-02;0;0;0;0;0;0;0;0;0;0
FR;8;2022-10-03;0;0;0;0;0;0;0;0;0;0
FR;8;2022-10-04;0;0;0;0;0;0;0;0;0;0
FR;8;2022-10-05;0;0;0;0;0;0;0;0;0;0
FR;8;2022-10-06;7;17;110;840;80;7;17;110;840;80
FR;8;2022-10-07;69;101;841;8004;698;76;118;951;8844;778
FR;8;2022-10-08;35;115;610;4050;515;111;233;1561;12894;1293
FR;8;2022-10-09;17;22;145;883;132;128;255;1706;13777;1425
FR;8;2022-10-10;114;191;1336;12650;1022;242;446;3042;26427;2447
FR;8;2022-10-11;173;261;2473;26834;2008;415;707;5515;53261;4455
FR;8;2022-10-12;149;254;1827;18189;1438;564;961;7342;71450;5893
FR;8;2022-10-13;203;274;2501;28000;1896;767;1235;9843;99450;7789
FR;8;2022-10-14;254;418;3270;36193;2552;1021;1653;13113;135643;10341
FR;8;2022-10-15;102;180;1197;8793;997;1123;1833;14310;144436;11338
FR;8;2022-10-16;34;54;247;1518;214;1157;1887;14557;145954;11552
FR;8;2022-10-17;156;306;2090;21717;1618;1313;2193;16647;167671;13170
FR;8;2022-10-18;265;346;3343;37719;2644;1578;2539;19990;205390;15814
FR;8;2022-10-19;189;308;2615;28147;2165;1767;2847;22605;233537;17979
FR;8;2022-10-20;245;362;3566;41006;2622;2012;3209;26171;274543;20601
FR;8;2022-10-21;323;488;4433;49300;3451;2335;3697;30604;323843;24052
FR;8;2022-10-22;121;167;1226;10634;920;2456;3864;31830;334477;24972
FR;8;2022-10-23;48;52;266;1750;197;2504;3916;32096;336227;25169
FR;8;2022-10-24;228;308;2462;23895;2028;2732;4224;34558;360122;27197
FR;8;2022-10-25;307;409;4054;43134;3039;3039;4633;38612;403256;30236
FR;8;2022-10-26;215;338;2853;28460;2343;3254;4971;41465;431716;32579
FR;8;2022-10-27;271;408;3302;35947;2598;3525;5379;44767;467663;35177
FR;8;2022-10-28;321;460;3807;39183;2836;3846;5839;48574;506846;38013
FR;8;2022-10-29;107;164;1067;8201;797;3953;6003;49641;515047;38810
FR;8;2022-10-30;40;51;204;1303;177;3993;6054;49845;516350;38987
FR;8;2022-10-31;195;249;1647;14408;1261;4188;6303;51492;530758;40248
FR;8;2022-11-01;22;34;118;887;147;4210;6337;51610;531645;40395
FR;8;2022-11-02;185;365;2347;23043;1952;4395;6702;53957;554688;42347
FR;8;2022-11-03;300;408;3431;36401;2554;4695;7110;57388;591089;44901
FR;8;2022-11-04;343;487;3754;39924;2951;5038;7597;61142;631013;47852
FR;8;2022-11-05;111;182;1094;8702;840;5149;7779;62236;639715;48692
FR;8;2022-11-06;40;55;220;1373;205;5189;7834;62456;641088;48897
FR;8;2022-11-07;214;273;2272;24288;1744;5403;8107;64728;665376;50641
FR;8;2022-11-08;325;485;4229;47709;3165;5728;8592;68957;713085;53806
FR;8;2022-11-09;247;357;2800;28754;2197;5975;8949;71757;741839;56003
FR;8;2022-11-10;344;521;3867;39570;2933;6319;9470;75624;781409;58936
FR;8;2022-11-11;36;61;220;1421;187;6355;9531;75844;782830;59123
FR;8;2022-11-12;83;163;871;6364;679;6438;9694;76715;789194;59802
FR;8;2022-11-13;35;54;209;1089;170;6473;9748;76924;790283;59972
FR;8;2022-11-14;218;292;2166;21808;1660;6691;10040;79090;812091;61632
FR;8;2022-11-15;320;399;3638;41267;2718;7011;10439;82728;853358;64350
FR;8;2022-11-16;278;334;2520;25517;2003;7289;10773;85248;878875;66353
FR;8;2022-11-17;340;400;3234;35666;2467;7629;11173;88482;914541;68820
FR;8;2022-11-18;318;445;3923;41057;2835;7947;11618;92405;955598;71655
FR;8;2022-11-19;110;169;1167;8717;795;8057;11787;93572;964315;72450
FR;8;2022-11-20;31;42;238;1489;197;8088;11829;93810;965804;72647
FR;8;2022-11-21;179;271;1850;18516;1301;8267;12100;95660;984320;73948
FR;9;2020-12-27;0;0;0;0;0;0;0;0;0;0
FR;9;2020-12-28;0;0;0;0;0;0;0;0;0;0
FR;9;2020-12-29;0;0;0;0;0;0;0;0;0;0
FR;9;2020-12-30;0;0;0;0;0;0;0;0;0;0
FR;9;2020-12-31;0;0;0;0;0;0;0;0;0;0
FR;9;2021-01-01;0;0;0;0;0;0;0;0;0;0
FR;9;2021-01-02;0;0;0;0;0;0;0;0;0;0
FR;9;2021-01-03;0;0;0;0;0;0;0;0;0;0
FR;9;2021-01-04;0;0;0;0;0;0;0;0;0;0
FR;9;2021-01-05;0;0;0;0;0;0;0;0;0;0
FR;9;2021-01-06;0;0;0;0;0;0;0;0;0;0
FR;9;2021-01-07;0;0;0;0;0;0;0;0;0;0
FR;9;2021-01-08;0;0;0;0;0;0;0;0;0;0
FR;9;2021-01-09;0;0;0;0;0;0;0;0;0;0
FR;9;2021-01-10;0;0;0;0;0;0;0;0;0;0
FR;9;2021-01-11;0;0;0;0;0;0;0;0;0;0
FR;9;2021-01-12;0;0;0;0;0;0;0;0;0;0
FR;9;2021-01-13;0;0;0;0;0;0;0;0;0;0
FR;9;2021-01-14;0;0;0;0;0;0;0;0;0;0
FR;9;2021-01-15;0;0;0;0;0;0;0;0;0;0
FR;9;2021-01-16;0;0;0;0;0;0;0;0;0;0
FR;9;2021-01-17;0;0;0;0;0;0;0;0;0;0
FR;9;2021-01-18;0;0;0;0;0;0;0;0;0;0
FR;9;2021-01-19;0;0;0;0;0;0;0;0;0;0
FR;9;2021-01-20;0;0;0;0;0;0;0;0;0;0
FR;9;2021-01-21;0;0;0;0;0;0;0;0;0;0
FR;9;2021-01-22;0;0;0;0;0;0;0;0;0;0
FR;9;2021-01-23;0;0;0;0;0;0;0;0;0;0
FR;9;2021-01-24;0;0;0;0;0;0;0;0;0;0
FR;9;2021-01-25;0;0;0;0;0;0;0;0;0;0
FR;9;2021-01-26;0;0;0;0;0;0;0;0;0;0
FR;9;2021-01-27;0;0;0;0;0;0;0;0;0;0
FR;9;2021-01-28;0;0;0;0;0;0;0;0;0;0
FR;9;2021-01-29;0;0;0;0;0;0;0;0;0;0
FR;9;2021-01-30;0;0;0;0;0;0;0;0;0;0
FR;9;2021-01-31;0;0;0;0;0;0;0;0;0;0
FR;9;2021-02-01;0;0;0;0;0;0;0;0;0;0
FR;9;2021-02-02;0;0;0;0;0;0;0;0;0;0
FR;9;2021-02-03;0;0;0;0;0;0;0;0;0;0
FR;9;2021-02-04;0;0;0;0;0;0;0;0;0;0
FR;9;2021-02-05;0;0;0;0;0;0;0;0;0;0
FR;9;2021-02-06;0;0;0;0;0;0;0;0;0;0
FR;9;2021-02-07;0;0;0;0;0;0;0;0;0;0
FR;9;2021-02-08;0;0;0;0;0;0;0;0;0;0
FR;9;2021-02-09;0;0;0;0;0;0;0;0;0;0
FR;9;2021-02-10;0;0;0;0;0;0;0;0;0;0
FR;9;2021-02-11;0;0;0;0;0;0;0;0;0;0
FR;9;2021-02-12;0;0;0;0;0;0;0;0;0;0
FR;9;2021-02-13;0;0;0;0;0;0;0;0;0;0
FR;9;2021-02-14;0;0;0;0;0;0;0;0;0;0
FR;9;2021-02-15;0;0;0;0;0;0;0;0;0;0
FR;9;2021-02-16;0;0;0;0;0;0;0;0;0;0
FR;9;2021-02-17;0;0;0;0;0;0;0;0;0;0
FR;9;2021-02-18;0;0;0;0;0;0;0;0;0;0
FR;9;2021-02-19;0;0;0;0;0;0;0;0;0;0
FR;9;2021-02-20;0;0;0;0;0;0;0;0;0;0
FR;9;2021-02-21;0;0;0;0;0;0;0;0;0;0
FR;9;2021-02-22;0;0;0;0;0;0;0;0;0;0
FR;9;2021-02-23;0;0;0;0;0;0;0;0;0;0
FR;9;2021-02-24;0;0;0;0;0;0;0;0;0;0
FR;9;2021-02-25;0;0;0;0;0;0;0;0;0;0
FR;9;2021-02-26;0;0;0;0;0;0;0;0;0;0
FR;9;2021-02-27;0;0;0;0;0;0;0;0;0;0
FR;9;2021-02-28;0;0;0;0;0;0;0;0;0;0
FR;9;2021-03-01;0;0;0;0;0;0;0;0;0;0
FR;9;2021-03-02;0;0;0;0;0;0;0;0;0;0
FR;9;2021-03-03;0;0;0;0;0;0;0;0;0;0
FR;9;2021-03-04;0;0;0;0;0;0;0;0;0;0
FR;9;2021-03-05;0;0;0;0;0;0;0;0;0;0
FR;9;2021-03-06;0;0;0;0;0;0;0;0;0;0
FR;9;2021-03-07;0;0;0;0;0;0;0;0;0;0
FR;9;2021-03-08;0;0;0;0;0;0;0;0;0;0
FR;9;2021-03-09;0;0;0;0;0;0;0;0;0;0
FR;9;2021-03-10;0;0;0;0;0;0;0;0;0;0
FR;9;2021-03-11;0;0;0;0;0;0;0;0;0;0
FR;9;2021-03-12;0;0;0;0;0;0;0;0;0;0
FR;9;2021-03-13;0;0;0;0;0;0;0;0;0;0
FR;9;2021-03-14;0;0;0;0;0;0;0;0;0;0
FR;9;2021-03-15;0;0;0;0;0;0;0;0;0;0
FR;9;2021-03-16;0;0;0;0;0;0;0;0;0;0
FR;9;2021-03-17;0;0;0;0;0;0;0;0;0;0
FR;9;2021-03-18;0;0;0;0;0;0;0;0;0;0
FR;9;2021-03-19;0;0;0;0;0;0;0;0;0;0
FR;9;2021-03-20;0;0;0;0;0;0;0;0;0;0
FR;9;2021-03-21;0;0;0;0;0;0;0;0;0;0
FR;9;2021-03-22;0;0;0;0;0;0;0;0;0;0
FR;9;2021-03-23;0;0;0;0;0;0;0;0;0;0
FR;9;2021-03-24;0;0;0;0;0;0;0;0;0;0
FR;9;2021-03-25;0;0;0;0;0;0;0;0;0;0
FR;9;2021-03-26;0;0;0;0;0;0;0;0;0;0
FR;9;2021-03-27;0;0;0;0;0;0;0;0;0;0
FR;9;2021-03-28;0;0;0;0;0;0;0;0;0;0
FR;9;2021-03-29;0;0;0;0;0;0;0;0;0;0
FR;9;2021-03-30;0;0;0;0;0;0;0;0;0;0
FR;9;2021-03-31;0;0;0;0;0;0;0;0;0;0
FR;9;2021-04-01;0;0;0;0;0;0;0;0;0;0
FR;9;2021-04-02;0;0;0;0;0;0;0;0;0;0
FR;9;2021-04-03;0;0;0;0;0;0;0;0;0;0
FR;9;2021-04-04;0;0;0;0;0;0;0;0;0;0
FR;9;2021-04-05;0;0;0;0;0;0;0;0;0;0
FR;9;2021-04-06;0;0;0;0;0;0;0;0;0;0
FR;9;2021-04-07;0;0;0;0;0;0;0;0;0;0
FR;9;2021-04-08;0;0;0;0;0;0;0;0;0;0
FR;9;2021-04-09;0;0;0;0;0;0;0;0;0;0
FR;9;2021-04-10;0;0;0;0;0;0;0;0;0;0
FR;9;2021-04-11;0;0;0;0;0;0;0;0;0;0
FR;9;2021-04-12;0;0;0;0;0;0;0;0;0;0
FR;9;2021-04-13;0;0;0;0;0;0;0;0;0;0
FR;9;2021-04-14;0;0;0;0;0;0;0;0;0;0
FR;9;2021-04-15;0;0;0;0;0;0;0;0;0;0
FR;9;2021-04-16;0;0;0;0;0;0;0;0;0;0
FR;9;2021-04-17;0;0;0;0;0;0;0;0;0;0
FR;9;2021-04-18;0;0;0;0;0;0;0;0;0;0
FR;9;2021-04-19;0;0;0;0;0;0;0;0;0;0
FR;9;2021-04-20;0;0;0;0;0;0;0;0;0;0
FR;9;2021-04-21;0;0;0;0;0;0;0;0;0;0
FR;9;2021-04-22;0;0;0;0;0;0;0;0;0;0
FR;9;2021-04-23;0;0;0;0;0;0;0;0;0;0
FR;9;2021-04-24;0;0;0;0;0;0;0;0;0;0
FR;9;2021-04-25;0;0;0;0;0;0;0;0;0;0
FR;9;2021-04-26;0;0;0;0;0;0;0;0;0;0
FR;9;2021-04-27;0;0;0;0;0;0;0;0;0;0
FR;9;2021-04-28;0;0;0;0;0;0;0;0;0;0
FR;9;2021-04-29;0;0;0;0;0;0;0;0;0;0
FR;9;2021-04-30;0;0;0;0;0;0;0;0;0;0
FR;9;2021-05-01;0;0;0;0;0;0;0;0;0;0
FR;9;2021-05-02;0;0;0;0;0;0;0;0;0;0
FR;9;2021-05-03;0;0;0;0;0;0;0;0;0;0
FR;9;2021-05-04;0;0;0;0;0;0;0;0;0;0
FR;9;2021-05-05;0;0;0;0;0;0;0;0;0;0
FR;9;2021-05-06;0;0;0;0;0;0;0;0;0;0
FR;9;2021-05-07;0;0;0;0;0;0;0;0;0;0
FR;9;2021-05-08;0;0;0;0;0;0;0;0;0;0
FR;9;2021-05-09;0;0;0;0;0;0;0;0;0;0
FR;9;2021-05-10;0;0;0;0;0;0;0;0;0;0
FR;9;2021-05-11;0;0;0;0;0;0;0;0;0;0
FR;9;2021-05-12;0;0;0;0;0;0;0;0;0;0
FR;9;2021-05-13;0;0;0;0;0;0;0;0;0;0
FR;9;2021-05-14;0;0;0;0;0;0;0;0;0;0
FR;9;2021-05-15;0;0;0;0;0;0;0;0;0;0
FR;9;2021-05-16;0;0;0;0;0;0;0;0;0;0
FR;9;2021-05-17;0;0;0;0;0;0;0;0;0;0
FR;9;2021-05-18;0;0;0;0;0;0;0;0;0;0
FR;9;2021-05-19;0;0;0;0;0;0;0;0;0;0
FR;9;2021-05-20;0;0;0;0;0;0;0;0;0;0
FR;9;2021-05-21;0;0;0;0;0;0;0;0;0;0
FR;9;2021-05-22;0;0;0;0;0;0;0;0;0;0
FR;9;2021-05-23;0;0;0;0;0;0;0;0;0;0
FR;9;2021-05-24;0;0;0;0;0;0;0;0;0;0
FR;9;2021-05-25;0;0;0;0;0;0;0;0;0;0
FR;9;2021-05-26;0;0;0;0;0;0;0;0;0;0
FR;9;2021-05-27;0;0;0;0;0;0;0;0;0;0
FR;9;2021-05-28;0;0;0;0;0;0;0;0;0;0
FR;9;2021-05-29;0;0;0;0;0;0;0;0;0;0
FR;9;2021-05-30;0;0;0;0;0;0;0;0;0;0
FR;9;2021-05-31;0;0;0;0;0;0;0;0;0;0
FR;9;2021-06-01;0;0;0;0;0;0;0;0;0;0
FR;9;2021-06-02;0;0;0;0;0;0;0;0;0;0
FR;9;2021-06-03;0;0;0;0;0;0;0;0;0;0
FR;9;2021-06-04;0;0;0;0;0;0;0;0;0;0
FR;9;2021-06-05;0;0;0;0;0;0;0;0;0;0
FR;9;2021-06-06;0;0;0;0;0;0;0;0;0;0
FR;9;2021-06-07;0;0;0;0;0;0;0;0;0;0
FR;9;2021-06-08;0;0;0;0;0;0;0;0;0;0
FR;9;2021-06-09;0;0;0;0;0;0;0;0;0;0
FR;9;2021-06-10;0;0;0;0;0;0;0;0;0;0
FR;9;2021-06-11;0;0;0;0;0;0;0;0;0;0
FR;9;2021-06-12;0;0;0;0;0;0;0;0;0;0
FR;9;2021-06-13;0;0;0;0;0;0;0;0;0;0
FR;9;2021-06-14;0;0;0;0;0;0;0;0;0;0
FR;9;2021-06-15;0;0;0;0;0;0;0;0;0;0
FR;9;2021-06-16;0;0;0;0;0;0;0;0;0;0
FR;9;2021-06-17;0;0;0;0;0;0;0;0;0;0
FR;9;2021-06-18;0;0;0;0;0;0;0;0;0;0
FR;9;2021-06-19;0;0;0;0;0;0;0;0;0;0
FR;9;2021-06-20;0;0;0;0;0;0;0;0;0;0
FR;9;2021-06-21;0;0;0;0;0;0;0;0;0;0
FR;9;2021-06-22;0;0;0;0;0;0;0;0;0;0
FR;9;2021-06-23;0;0;0;0;0;0;0;0;0;0
FR;9;2021-06-24;0;0;0;0;0;0;0;0;0;0
FR;9;2021-06-25;0;0;0;0;0;0;0;0;0;0
FR;9;2021-06-26;0;0;0;0;0;0;0;0;0;0
FR;9;2021-06-27;0;0;0;0;0;0;0;0;0;0
FR;9;2021-06-28;0;0;0;0;0;0;0;0;0;0
FR;9;2021-06-29;0;0;0;0;0;0;0;0;0;0
FR;9;2021-06-30;0;0;0;0;0;0;0;0;0;0
FR;9;2021-07-01;0;0;0;0;0;0;0;0;0;0
FR;9;2021-07-02;0;0;0;0;0;0;0;0;0;0
FR;9;2021-07-03;0;0;0;0;0;0;0;0;0;0
FR;9;2021-07-04;0;0;0;0;0;0;0;0;0;0
FR;9;2021-07-05;0;0;0;0;0;0;0;0;0;0
FR;9;2021-07-06;0;0;0;0;0;0;0;0;0;0
FR;9;2021-07-07;0;0;0;0;0;0;0;0;0;0
FR;9;2021-07-08;0;0;0;0;0;0;0;0;0;0
FR;9;2021-07-09;0;0;0;0;0;0;0;0;0;0
FR;9;2021-07-10;0;0;0;0;0;0;0;0;0;0
FR;9;2021-07-11;0;0;0;0;0;0;0;0;0;0
FR;9;2021-07-12;0;0;0;0;0;0;0;0;0;0
FR;9;2021-07-13;0;0;0;0;0;0;0;0;0;0
FR;9;2021-07-14;0;0;0;0;0;0;0;0;0;0
FR;9;2021-07-15;0;0;0;0;0;0;0;0;0;0
FR;9;2021-07-16;0;0;0;0;0;0;0;0;0;0
FR;9;2021-07-17;0;0;0;0;0;0;0;0;0;0
FR;9;2021-07-18;0;0;0;0;0;0;0;0;0;0
FR;9;2021-07-19;0;0;0;0;0;0;0;0;0;0
FR;9;2021-07-20;0;0;0;0;0;0;0;0;0;0
FR;9;2021-07-21;0;0;0;0;0;0;0;0;0;0
FR;9;2021-07-22;0;0;0;0;0;0;0;0;0;0
FR;9;2021-07-23;0;0;0;0;0;0;0;0;0;0
FR;9;2021-07-24;0;0;0;0;0;0;0;0;0;0
FR;9;2021-07-25;0;0;0;0;0;0;0;0;0;0
FR;9;2021-07-26;0;0;0;0;0;0;0;0;0;0
FR;9;2021-07-27;0;0;0;0;0;0;0;0;0;0
FR;9;2021-07-28;0;0;0;0;0;0;0;0;0;0
FR;9;2021-07-29;0;0;0;0;0;0;0;0;0;0
FR;9;2021-07-30;0;0;0;0;0;0;0;0;0;0
FR;9;2021-07-31;0;0;0;0;0;0;0;0;0;0
FR;9;2021-08-01;0;0;0;0;0;0;0;0;0;0
FR;9;2021-08-02;0;0;0;0;0;0;0;0;0;0
FR;9;2021-08-03;0;0;0;0;0;0;0;0;0;0
FR;9;2021-08-04;0;0;0;0;0;0;0;0;0;0
FR;9;2021-08-05;0;0;0;0;0;0;0;0;0;0
FR;9;2021-08-06;0;0;0;0;0;0;0;0;0;0
FR;9;2021-08-07;0;0;0;0;0;0;0;0;0;0
FR;9;2021-08-08;0;0;0;0;0;0;0;0;0;0
FR;9;2021-08-09;0;0;0;0;0;0;0;0;0;0
FR;9;2021-08-10;0;0;0;0;0;0;0;0;0;0
FR;9;2021-08-11;0;0;0;0;0;0;0;0;0;0
FR;9;2021-08-12;0;0;0;0;0;0;0;0;0;0
FR;9;2021-08-13;0;0;0;0;0;0;0;0;0;0
FR;9;2021-08-14;0;0;0;0;0;0;0;0;0;0
FR;9;2021-08-15;0;0;0;0;0;0;0;0;0;0
FR;9;2021-08-16;0;0;0;0;0;0;0;0;0;0
FR;9;2021-08-17;0;0;0;0;0;0;0;0;0;0
FR;9;2021-08-18;0;0;0;0;0;0;0;0;0;0
FR;9;2021-08-19;0;0;0;0;0;0;0;0;0;0
FR;9;2021-08-20;0;0;0;0;0;0;0;0;0;0
FR;9;2021-08-21;0;0;0;0;0;0;0;0;0;0
FR;9;2021-08-22;0;0;0;0;0;0;0;0;0;0
FR;9;2021-08-23;0;0;0;0;0;0;0;0;0;0
FR;9;2021-08-24;0;0;0;0;0;0;0;0;0;0
FR;9;2021-08-25;0;0;0;0;0;0;0;0;0;0
FR;9;2021-08-26;0;0;0;0;0;0;0;0;0;0
FR;9;2021-08-27;0;0;0;0;0;0;0;0;0;0
FR;9;2021-08-28;0;0;0;0;0;0;0;0;0;0
FR;9;2021-08-29;0;0;0;0;0;0;0;0;0;0
FR;9;2021-08-30;0;0;0;0;0;0;0;0;0;0
FR;9;2021-08-31;0;0;0;0;0;0;0;0;0;0
FR;9;2021-09-01;0;0;0;0;0;0;0;0;0;0
FR;9;2021-09-02;0;0;0;0;0;0;0;0;0;0
FR;9;2021-09-03;0;0;0;0;0;0;0;0;0;0
FR;9;2021-09-04;0;0;0;0;0;0;0;0;0;0
FR;9;2021-09-05;0;0;0;0;0;0;0;0;0;0
FR;9;2021-09-06;0;0;0;0;0;0;0;0;0;0
FR;9;2021-09-07;0;0;0;0;0;0;0;0;0;0
FR;9;2021-09-08;0;0;0;0;0;0;0;0;0;0
FR;9;2021-09-09;0;0;0;0;0;0;0;0;0;0
FR;9;2021-09-10;0;0;0;0;0;0;0;0;0;0
FR;9;2021-09-11;0;0;0;0;0;0;0;0;0;0
FR;9;2021-09-12;0;0;0;0;0;0;0;0;0;0
FR;9;2021-09-13;0;0;0;0;0;0;0;0;0;0
FR;9;2021-09-14;0;0;0;0;0;0;0;0;0;0
FR;9;2021-09-15;0;0;0;0;0;0;0;0;0;0
FR;9;2021-09-16;0;0;0;0;0;0;0;0;0;0
FR;9;2021-09-17;0;0;0;0;0;0;0;0;0;0
FR;9;2021-09-18;0;0;0;0;0;0;0;0;0;0
FR;9;2021-09-19;0;0;0;0;0;0;0;0;0;0
FR;9;2021-09-20;0;0;0;0;0;0;0;0;0;0
FR;9;2021-09-21;0;0;0;0;0;0;0;0;0;0
FR;9;2021-09-22;0;0;0;0;0;0;0;0;0;0
FR;9;2021-09-23;0;0;0;0;0;0;0;0;0;0
FR;9;2021-09-24;0;0;0;0;0;0;0;0;0;0
FR;9;2021-09-25;0;0;0;0;0;0;0;0;0;0
FR;9;2021-09-26;0;0;0;0;0;0;0;0;0;0
FR;9;2021-09-27;0;0;0;0;0;0;0;0;0;0
FR;9;2021-09-28;0;0;0;0;0;0;0;0;0;0
FR;9;2021-09-29;0;0;0;0;0;0;0;0;0;0
FR;9;2021-09-30;0;0;0;0;0;0;0;0;0;0
FR;9;2021-10-01;0;0;0;0;0;0;0;0;0;0
FR;9;2021-10-02;0;0;0;0;0;0;0;0;0;0
FR;9;2021-10-03;0;0;0;0;0;0;0;0;0;0
FR;9;2021-10-04;0;0;0;0;0;0;0;0;0;0
FR;9;2021-10-05;0;0;0;0;0;0;0;0;0;0
FR;9;2021-10-06;0;0;0;0;0;0;0;0;0;0
FR;9;2021-10-07;0;0;0;0;0;0;0;0;0;0
FR;9;2021-10-08;0;0;0;0;0;0;0;0;0;0
FR;9;2021-10-09;0;0;0;0;0;0;0;0;0;0
FR;9;2021-10-10;0;0;0;0;0;0;0;0;0;0
FR;9;2021-10-11;0;0;0;0;0;0;0;0;0;0
FR;9;2021-10-12;0;0;0;0;0;0;0;0;0;0
FR;9;2021-10-13;0;0;0;0;0;0;0;0;0;0
FR;9;2021-10-14;0;0;0;0;0;0;0;0;0;0
FR;9;2021-10-15;0;0;0;0;0;0;0;0;0;0
FR;9;2021-10-16;0;0;0;0;0;0;0;0;0;0
FR;9;2021-10-17;0;0;0;0;0;0;0;0;0;0
FR;9;2021-10-18;0;0;0;0;0;0;0;0;0;0
FR;9;2021-10-19;0;0;0;0;0;0;0;0;0;0
FR;9;2021-10-20;0;0;0;0;0;0;0;0;0;0
FR;9;2021-10-21;0;0;0;0;0;0;0;0;0;0
FR;9;2021-10-22;0;0;0;0;0;0;0;0;0;0
FR;9;2021-10-23;0;0;0;0;0;0;0;0;0;0
FR;9;2021-10-24;0;0;0;0;0;0;0;0;0;0
FR;9;2021-10-25;0;0;0;0;0;0;0;0;0;0
FR;9;2021-10-26;0;0;0;0;0;0;0;0;0;0
FR;9;2021-10-27;0;0;0;0;0;0;0;0;0;0
FR;9;2021-10-28;0;0;0;0;0;0;0;0;0;0
FR;9;2021-10-29;0;0;0;0;0;0;0;0;0;0
FR;9;2021-10-30;0;0;0;0;0;0;0;0;0;0
FR;9;2021-10-31;0;0;0;0;0;0;0;0;0;0
FR;9;2021-11-01;0;0;0;0;0;0;0;0;0;0
FR;9;2021-11-02;0;0;0;0;0;0;0;0;0;0
FR;9;2021-11-03;0;0;0;0;0;0;0;0;0;0
FR;9;2021-11-04;0;0;0;0;0;0;0;0;0;0
FR;9;2021-11-05;0;0;0;0;0;0;0;0;0;0
FR;9;2021-11-06;0;0;0;0;0;0;0;0;0;0
FR;9;2021-11-07;0;0;0;0;0;0;0;0;0;0
FR;9;2021-11-08;0;0;0;0;0;0;0;0;0;0
FR;9;2021-11-09;0;0;0;0;0;0;0;0;0;0
FR;9;2021-11-10;0;0;0;0;0;0;0;0;0;0
FR;9;2021-11-11;0;0;0;0;0;0;0;0;0;0
FR;9;2021-11-12;0;0;0;0;0;0;0;0;0;0
FR;9;2021-11-13;0;0;0;0;0;0;0;0;0;0
FR;9;2021-11-14;0;0;0;0;0;0;0;0;0;0
FR;9;2021-11-15;0;0;0;0;0;0;0;0;0;0
FR;9;2021-11-16;0;0;0;0;0;0;0;0;0;0
FR;9;2021-11-17;0;0;0;0;0;0;0;0;0;0
FR;9;2021-11-18;0;0;0;0;0;0;0;0;0;0
FR;9;2021-11-19;0;0;0;0;0;0;0;0;0;0
FR;9;2021-11-20;0;0;0;0;0;0;0;0;0;0
FR;9;2021-11-21;0;0;0;0;0;0;0;0;0;0
FR;9;2021-11-22;0;0;0;0;0;0;0;0;0;0
FR;9;2021-11-23;0;0;0;0;0;0;0;0;0;0
FR;9;2021-11-24;0;0;0;0;0;0;0;0;0;0
FR;9;2021-11-25;0;0;0;0;0;0;0;0;0;0
FR;9;2021-11-26;0;0;0;0;0;0;0;0;0;0
FR;9;2021-11-27;0;0;0;0;0;0;0;0;0;0
FR;9;2021-11-28;0;0;0;0;0;0;0;0;0;0
FR;9;2021-11-29;0;0;0;0;0;0;0;0;0;0
FR;9;2021-11-30;0;0;0;0;0;0;0;0;0;0
FR;9;2021-12-01;0;0;0;0;0;0;0;0;0;0
FR;9;2021-12-02;0;0;0;0;0;0;0;0;0;0
FR;9;2021-12-03;0;0;0;0;0;0;0;0;0;0
FR;9;2021-12-04;0;0;0;0;0;0;0;0;0;0
FR;9;2021-12-05;0;0;0;0;0;0;0;0;0;0
FR;9;2021-12-06;0;0;0;0;0;0;0;0;0;0
FR;9;2021-12-07;0;0;0;0;0;0;0;0;0;0
FR;9;2021-12-08;0;0;0;0;0;0;0;0;0;0
FR;9;2021-12-09;0;0;0;0;0;0;0;0;0;0
FR;9;2021-12-10;0;0;0;0;0;0;0;0;0;0
FR;9;2021-12-11;0;0;0;0;0;0;0;0;0;0
FR;9;2021-12-12;0;0;0;0;0;0;0;0;0;0
FR;9;2021-12-13;0;0;0;0;0;0;0;0;0;0
FR;9;2021-12-14;0;0;0;0;0;0;0;0;0;0
FR;9;2021-12-15;0;0;0;0;0;0;0;0;0;0
FR;9;2021-12-16;0;0;0;0;0;0;0;0;0;0
FR;9;2021-12-17;0;0;0;0;0;0;0;0;0;0
FR;9;2021-12-18;0;0;0;0;0;0;0;0;0;0
FR;9;2021-12-19;0;0;0;0;0;0;0;0;0;0
FR;9;2021-12-20;0;0;0;0;0;0;0;0;0;0
FR;9;2021-12-21;0;0;0;0;0;0;0;0;0;0
FR;9;2021-12-22;0;0;0;0;0;0;0;0;0;0
FR;9;2021-12-23;0;0;0;0;0;0;0;0;0;0
FR;9;2021-12-24;0;0;0;0;0;0;0;0;0;0
FR;9;2021-12-25;0;0;0;0;0;0;0;0;0;0
FR;9;2021-12-26;0;0;0;0;0;0;0;0;0;0
FR;9;2021-12-27;0;0;0;0;0;0;0;0;0;0
FR;9;2021-12-28;0;0;0;0;0;0;0;0;0;0
FR;9;2021-12-29;0;0;0;0;0;0;0;0;0;0
FR;9;2021-12-30;0;0;0;0;0;0;0;0;0;0
FR;9;2021-12-31;0;0;0;0;0;0;0;0;0;0
FR;9;2022-01-01;0;0;0;0;0;0;0;0;0;0
FR;9;2022-01-02;0;0;0;0;0;0;0;0;0;0
FR;9;2022-01-03;0;0;0;0;0;0;0;0;0;0
FR;9;2022-01-04;0;0;0;0;0;0;0;0;0;0
FR;9;2022-01-05;0;0;0;0;0;0;0;0;0;0
FR;9;2022-01-06;0;0;0;0;0;0;0;0;0;0
FR;9;2022-01-07;0;0;0;0;0;0;0;0;0;0
FR;9;2022-01-08;0;0;0;0;0;0;0;0;0;0
FR;9;2022-01-09;0;0;0;0;0;0;0;0;0;0
FR;9;2022-01-10;0;0;0;0;0;0;0;0;0;0
FR;9;2022-01-11;0;0;0;0;0;0;0;0;0;0
FR;9;2022-01-12;0;0;0;0;0;0;0;0;0;0
FR;9;2022-01-13;0;0;0;0;0;0;0;0;0;0
FR;9;2022-01-14;0;0;0;0;0;0;0;0;0;0
FR;9;2022-01-15;0;0;0;0;0;0;0;0;0;0
FR;9;2022-01-16;0;0;0;0;0;0;0;0;0;0
FR;9;2022-01-17;0;0;0;0;0;0;0;0;0;0
FR;9;2022-01-18;0;0;0;0;0;0;0;0;0;0
FR;9;2022-01-19;0;0;0;0;0;0;0;0;0;0
FR;9;2022-01-20;0;0;0;0;0;0;0;0;0;0
FR;9;2022-01-21;0;0;0;0;0;0;0;0;0;0
FR;9;2022-01-22;0;0;0;0;0;0;0;0;0;0
FR;9;2022-01-23;0;0;0;0;0;0;0;0;0;0
FR;9;2022-01-24;0;0;0;0;0;0;0;0;0;0
FR;9;2022-01-25;0;0;0;0;0;0;0;0;0;0
FR;9;2022-01-26;0;0;0;0;0;0;0;0;0;0
FR;9;2022-01-27;0;0;0;0;0;0;0;0;0;0
FR;9;2022-01-28;0;0;0;0;0;0;0;0;0;0
FR;9;2022-01-29;0;0;0;0;0;0;0;0;0;0
FR;9;2022-01-30;0;0;0;0;0;0;0;0;0;0
FR;9;2022-01-31;0;0;0;0;0;0;0;0;0;0
FR;9;2022-02-01;0;0;0;0;0;0;0;0;0;0
FR;9;2022-02-02;0;0;0;0;0;0;0;0;0;0
FR;9;2022-02-03;0;0;0;0;0;0;0;0;0;0
FR;9;2022-02-04;0;0;0;0;0;0;0;0;0;0
FR;9;2022-02-05;0;0;0;0;0;0;0;0;0;0
FR;9;2022-02-06;0;0;0;0;0;0;0;0;0;0
FR;9;2022-02-07;0;0;0;0;0;0;0;0;0;0
FR;9;2022-02-08;0;0;0;0;0;0;0;0;0;0
FR;9;2022-02-09;0;0;0;0;0;0;0;0;0;0
FR;9;2022-02-10;0;0;0;0;0;0;0;0;0;0
FR;9;2022-02-11;0;0;0;0;0;0;0;0;0;0
FR;9;2022-02-12;0;0;0;0;0;0;0;0;0;0
FR;9;2022-02-13;0;0;0;0;0;0;0;0;0;0
FR;9;2022-02-14;0;0;0;0;0;0;0;0;0;0
FR;9;2022-02-15;0;0;0;0;0;0;0;0;0;0
FR;9;2022-02-16;0;0;0;0;0;0;0;0;0;0
FR;9;2022-02-17;0;0;0;0;0;0;0;0;0;0
FR;9;2022-02-18;0;0;0;0;0;0;0;0;0;0
FR;9;2022-02-19;0;0;0;0;0;0;0;0;0;0
FR;9;2022-02-20;0;0;0;0;0;0;0;0;0;0
FR;9;2022-02-21;0;0;0;0;0;0;0;0;0;0
FR;9;2022-02-22;0;0;0;0;0;0;0;0;0;0
FR;9;2022-02-23;0;0;0;0;0;0;0;0;0;0
FR;9;2022-02-24;0;0;0;0;0;0;0;0;0;0
FR;9;2022-02-25;0;0;0;0;0;0;0;0;0;0
FR;9;2022-02-26;0;0;0;0;0;0;0;0;0;0
FR;9;2022-02-27;0;0;0;0;0;0;0;0;0;0
FR;9;2022-02-28;0;0;0;0;0;0;0;0;0;0
FR;9;2022-03-01;0;0;0;0;0;0;0;0;0;0
FR;9;2022-03-02;0;0;0;0;0;0;0;0;0;0
FR;9;2022-03-03;0;0;0;0;0;0;0;0;0;0
FR;9;2022-03-04;0;0;0;0;0;0;0;0;0;0
FR;9;2022-03-05;0;0;0;0;0;0;0;0;0;0
FR;9;2022-03-06;0;0;0;0;0;0;0;0;0;0
FR;9;2022-03-07;0;0;0;0;0;0;0;0;0;0
FR;9;2022-03-08;0;0;0;0;0;0;0;0;0;0
FR;9;2022-03-09;0;0;0;0;0;0;0;0;0;0
FR;9;2022-03-10;0;0;0;0;0;0;0;0;0;0
FR;9;2022-03-11;0;0;0;0;0;0;0;0;0;0
FR;9;2022-03-12;0;0;0;0;0;0;0;0;0;0
FR;9;2022-03-13;0;0;0;0;0;0;0;0;0;0
FR;9;2022-03-14;0;0;0;0;0;0;0;0;0;0
FR;9;2022-03-15;0;0;0;0;0;0;0;0;0;0
FR;9;2022-03-16;0;0;0;0;0;0;0;0;0;0
FR;9;2022-03-17;0;0;0;0;0;0;0;0;0;0
FR;9;2022-03-18;0;0;0;0;0;0;0;0;0;0
FR;9;2022-03-19;0;0;0;0;0;0;0;0;0;0
FR;9;2022-03-20;0;0;0;0;0;0;0;0;0;0
FR;9;2022-03-21;0;0;0;0;0;0;0;0;0;0
FR;9;2022-03-22;0;0;0;0;0;0;0;0;0;0
FR;9;2022-03-23;0;0;0;0;0;0;0;0;0;0
FR;9;2022-03-24;0;0;0;0;0;0;0;0;0;0
FR;9;2022-03-25;0;0;0;0;0;0;0;0;0;0
FR;9;2022-03-26;0;0;0;0;0;0;0;0;0;0
FR;9;2022-03-27;0;0;0;0;0;0;0;0;0;0
FR;9;2022-03-28;0;0;0;0;0;0;0;0;0;0
FR;9;2022-03-29;0;0;0;0;0;0;0;0;0;0
FR;9;2022-03-30;0;0;0;0;0;0;0;0;0;0
FR;9;2022-03-31;0;0;0;0;0;0;0;0;0;0
FR;9;2022-04-01;0;0;0;0;0;0;0;0;0;0
FR;9;2022-04-02;0;0;0;0;0;0;0;0;0;0
FR;9;2022-04-03;0;0;0;0;0;0;0;0;0;0
FR;9;2022-04-04;0;0;0;0;0;0;0;0;0;0
FR;9;2022-04-05;0;0;0;0;0;0;0;0;0;0
FR;9;2022-04-06;0;0;0;0;0;0;0;0;0;0
FR;9;2022-04-07;0;0;0;0;0;0;0;0;0;0
FR;9;2022-04-08;0;0;0;0;0;0;0;0;0;0
FR;9;2022-04-09;0;0;0;0;0;0;0;0;0;0
FR;9;2022-04-10;0;0;0;0;0;0;0;0;0;0
FR;9;2022-04-11;0;0;0;0;0;0;0;0;0;0
FR;9;2022-04-12;0;0;0;0;0;0;0;0;0;0
FR;9;2022-04-13;0;0;0;0;0;0;0;0;0;0
FR;9;2022-04-14;0;0;0;0;0;0;0;0;0;0
FR;9;2022-04-15;0;0;0;0;0;0;0;0;0;0
FR;9;2022-04-16;0;0;0;0;0;0;0;0;0;0
FR;9;2022-04-17;0;0;0;0;0;0;0;0;0;0
FR;9;2022-04-18;0;0;0;0;0;0;0;0;0;0
FR;9;2022-04-19;0;0;0;0;0;0;0;0;0;0
FR;9;2022-04-20;0;0;0;0;0;0;0;0;0;0
FR;9;2022-04-21;0;0;0;0;0;0;0;0;0;0
FR;9;2022-04-22;0;0;0;0;0;0;0;0;0;0
FR;9;2022-04-23;0;0;0;0;0;0;0;0;0;0
FR;9;2022-04-24;0;0;0;0;0;0;0;0;0;0
FR;9;2022-04-25;0;0;0;0;0;0;0;0;0;0
FR;9;2022-04-26;0;0;0;0;0;0;0;0;0;0
FR;9;2022-04-27;0;0;0;0;0;0;0;0;0;0
FR;9;2022-04-28;0;0;0;0;0;0;0;0;0;0
FR;9;2022-04-29;0;0;0;0;0;0;0;0;0;0
FR;9;2022-04-30;0;0;0;0;0;0;0;0;0;0
FR;9;2022-05-01;0;0;0;0;0;0;0;0;0;0
FR;9;2022-05-02;0;0;0;0;0;0;0;0;0;0
FR;9;2022-05-03;0;0;0;0;0;0;0;0;0;0
FR;9;2022-05-04;0;0;0;0;0;0;0;0;0;0
FR;9;2022-05-05;0;0;0;0;0;0;0;0;0;0
FR;9;2022-05-06;0;0;0;0;0;0;0;0;0;0
FR;9;2022-05-07;0;0;0;0;0;0;0;0;0;0
FR;9;2022-05-08;0;0;0;0;0;0;0;0;0;0
FR;9;2022-05-09;0;0;0;0;0;0;0;0;0;0
FR;9;2022-05-10;0;0;0;0;0;0;0;0;0;0
FR;9;2022-05-11;0;0;0;0;0;0;0;0;0;0
FR;9;2022-05-12;0;0;0;0;0;0;0;0;0;0
FR;9;2022-05-13;0;0;0;0;0;0;0;0;0;0
FR;9;2022-05-14;0;0;0;0;0;0;0;0;0;0
FR;9;2022-05-15;0;0;0;0;0;0;0;0;0;0
FR;9;2022-05-16;0;0;0;0;0;0;0;0;0;0
FR;9;2022-05-17;0;0;0;0;0;0;0;0;0;0
FR;9;2022-05-18;0;0;0;0;0;0;0;0;0;0
FR;9;2022-05-19;0;0;0;0;0;0;0;0;0;0
FR;9;2022-05-20;0;0;0;0;0;0;0;0;0;0
FR;9;2022-05-21;0;0;0;0;0;0;0;0;0;0
FR;9;2022-05-22;0;0;0;0;0;0;0;0;0;0
FR;9;2022-05-23;0;0;0;0;0;0;0;0;0;0
FR;9;2022-05-24;0;0;0;0;0;0;0;0;0;0
FR;9;2022-05-25;0;0;0;0;0;0;0;0;0;0
FR;9;2022-05-26;0;0;0;0;0;0;0;0;0;0
FR;9;2022-05-27;0;0;0;0;0;0;0;0;0;0
FR;9;2022-05-28;0;0;0;0;0;0;0;0;0;0
FR;9;2022-05-29;0;0;0;0;0;0;0;0;0;0
FR;9;2022-05-30;0;0;0;0;0;0;0;0;0;0
FR;9;2022-05-31;0;0;0;0;0;0;0;0;0;0
FR;9;2022-06-01;0;0;0;0;0;0;0;0;0;0
FR;9;2022-06-02;0;0;0;0;0;0;0;0;0;0
FR;9;2022-06-03;0;0;0;0;0;0;0;0;0;0
FR;9;2022-06-04;0;0;0;0;0;0;0;0;0;0
FR;9;2022-06-05;0;0;0;0;0;0;0;0;0;0
FR;9;2022-06-06;0;0;0;0;0;0;0;0;0;0
FR;9;2022-06-07;0;0;0;0;0;0;0;0;0;0
FR;9;2022-06-08;0;0;0;0;0;0;0;0;0;0
FR;9;2022-06-09;0;0;0;0;0;0;0;0;0;0
FR;9;2022-06-10;0;0;0;0;0;0;0;0;0;0
FR;9;2022-06-11;0;0;0;0;0;0;0;0;0;0
FR;9;2022-06-12;0;0;0;0;0;0;0;0;0;0
FR;9;2022-06-13;0;0;0;0;0;0;0;0;0;0
FR;9;2022-06-14;0;0;0;0;0;0;0;0;0;0
FR;9;2022-06-15;0;0;0;0;0;0;0;0;0;0
FR;9;2022-06-16;0;0;0;0;0;0;0;0;0;0
FR;9;2022-06-17;0;0;0;0;0;0;0;0;0;0
FR;9;2022-06-18;0;0;0;0;0;0;0;0;0;0
FR;9;2022-06-19;0;0;0;0;0;0;0;0;0;0
FR;9;2022-06-20;0;0;0;0;0;0;0;0;0;0
FR;9;2022-06-21;0;0;0;0;0;0;0;0;0;0
FR;9;2022-06-22;0;0;0;0;0;0;0;0;0;0
FR;9;2022-06-23;0;0;0;0;0;0;0;0;0;0
FR;9;2022-06-24;0;0;0;0;0;0;0;0;0;0
FR;9;2022-06-25;0;0;0;0;0;0;0;0;0;0
FR;9;2022-06-26;0;0;0;0;0;0;0;0;0;0
FR;9;2022-06-27;0;0;0;0;0;0;0;0;0;0
FR;9;2022-06-28;0;0;0;0;0;0;0;0;0;0
FR;9;2022-06-29;0;0;0;0;0;0;0;0;0;0
FR;9;2022-06-30;0;0;0;0;0;0;0;0;0;0
FR;9;2022-07-01;0;0;0;0;0;0;0;0;0;0
FR;9;2022-07-02;0;0;0;0;0;0;0;0;0;0
FR;9;2022-07-03;0;0;0;0;0;0;0;0;0;0
FR;9;2022-07-04;0;0;0;0;0;0;0;0;0;0
FR;9;2022-07-05;0;0;0;0;0;0;0;0;0;0
FR;9;2022-07-06;0;0;0;0;0;0;0;0;0;0
FR;9;2022-07-07;0;0;0;0;0;0;0;0;0;0
FR;9;2022-07-08;0;0;0;0;0;0;0;0;0;0
FR;9;2022-07-09;0;0;0;0;0;0;0;0;0;0
FR;9;2022-07-10;0;0;0;0;0;0;0;0;0;0
FR;9;2022-07-11;0;0;0;0;0;0;0;0;0;0
FR;9;2022-07-12;0;0;0;0;0;0;0;0;0;0
FR;9;2022-07-13;0;0;0;0;0;0;0;0;0;0
FR;9;2022-07-14;0;0;0;0;0;0;0;0;0;0
FR;9;2022-07-15;0;0;0;0;0;0;0;0;0;0
FR;9;2022-07-16;0;0;0;0;0;0;0;0;0;0
FR;9;2022-07-17;0;0;0;0;0;0;0;0;0;0
FR;9;2022-07-18;0;0;0;0;0;0;0;0;0;0
FR;9;2022-07-19;0;0;0;0;0;0;0;0;0;0
FR;9;2022-07-20;0;0;0;0;0;0;0;0;0;0
FR;9;2022-07-21;0;0;0;0;0;0;0;0;0;0
FR;9;2022-07-22;0;0;0;0;0;0;0;0;0;0
FR;9;2022-07-23;0;0;0;0;0;0;0;0;0;0
FR;9;2022-07-24;0;0;0;0;0;0;0;0;0;0
FR;9;2022-07-25;0;0;0;0;0;0;0;0;0;0
FR;9;2022-07-26;0;0;0;0;0;0;0;0;0;0
FR;9;2022-07-27;0;0;0;0;0;0;0;0;0;0
FR;9;2022-07-28;0;0;0;0;0;0;0;0;0;0
FR;9;2022-07-29;0;0;0;0;0;0;0;0;0;0
FR;9;2022-07-30;0;0;0;0;0;0;0;0;0;0
FR;9;2022-07-31;0;0;0;0;0;0;0;0;0;0
FR;9;2022-08-01;0;0;0;0;0;0;0;0;0;0
FR;9;2022-08-02;0;0;0;0;0;0;0;0;0;0
FR;9;2022-08-03;0;0;0;0;0;0;0;0;0;0
FR;9;2022-08-04;0;0;0;0;0;0;0;0;0;0
FR;9;2022-08-05;0;0;0;0;0;0;0;0;0;0
FR;9;2022-08-06;0;0;0;0;0;0;0;0;0;0
FR;9;2022-08-07;0;0;0;0;0;0;0;0;0;0
FR;9;2022-08-08;0;0;0;0;0;0;0;0;0;0
FR;9;2022-08-09;0;0;0;0;0;0;0;0;0;0
FR;9;2022-08-10;0;0;0;0;0;0;0;0;0;0
FR;9;2022-08-11;0;0;0;0;0;0;0;0;0;0
FR;9;2022-08-12;0;0;0;0;0;0;0;0;0;0
FR;9;2022-08-13;0;0;0;0;0;0;0;0;0;0
FR;9;2022-08-14;0;0;0;0;0;0;0;0;0;0
FR;9;2022-08-15;0;0;0;0;0;0;0;0;0;0
FR;9;2022-08-16;0;0;0;0;0;0;0;0;0;0
FR;9;2022-08-17;0;0;0;0;0;0;0;0;0;0
FR;9;2022-08-18;0;0;0;0;0;0;0;0;0;0
FR;9;2022-08-19;0;0;0;0;0;0;0;0;0;0
FR;9;2022-08-20;0;0;0;0;0;0;0;0;0;0
FR;9;2022-08-21;0;0;0;0;0;0;0;0;0;0
FR;9;2022-08-22;0;0;0;0;0;0;0;0;0;0
FR;9;2022-08-23;0;0;0;0;0;0;0;0;0;0
FR;9;2022-08-24;0;0;0;0;0;0;0;0;0;0
FR;9;2022-08-25;0;0;0;0;0;0;0;0;0;0
FR;9;2022-08-26;0;0;0;0;0;0;0;0;0;0
FR;9;2022-08-27;0;0;0;0;0;0;0;0;0;0
FR;9;2022-08-28;0;0;0;0;0;0;0;0;0;0
FR;9;2022-08-29;0;0;0;0;0;0;0;0;0;0
FR;9;2022-08-30;0;0;0;0;0;0;0;0;0;0
FR;9;2022-08-31;0;0;0;0;0;0;0;0;0;0
FR;9;2022-09-01;0;0;0;0;0;0;0;0;0;0
FR;9;2022-09-02;0;0;0;0;0;0;0;0;0;0
FR;9;2022-09-03;0;0;0;0;0;0;0;0;0;0
FR;9;2022-09-04;0;0;0;0;0;0;0;0;0;0
FR;9;2022-09-05;0;0;0;0;0;0;0;0;0;0
FR;9;2022-09-06;0;0;0;0;0;0;0;0;0;0
FR;9;2022-09-07;0;0;0;0;0;0;0;0;0;0
FR;9;2022-09-08;0;0;0;0;0;0;0;0;0;0
FR;9;2022-09-09;0;0;0;0;0;0;0;0;0;0
FR;9;2022-09-10;0;0;0;0;0;0;0;0;0;0
FR;9;2022-09-11;0;0;0;0;0;0;0;0;0;0
FR;9;2022-09-12;0;0;0;0;0;0;0;0;0;0
FR;9;2022-09-13;0;0;0;0;0;0;0;0;0;0
FR;9;2022-09-14;0;0;0;0;0;0;0;0;0;0
FR;9;2022-09-15;0;0;0;0;0;0;0;0;0;0
FR;9;2022-09-16;0;0;0;0;0;0;0;0;0;0
FR;9;2022-09-17;0;0;0;0;0;0;0;0;0;0
FR;9;2022-09-18;0;0;0;0;0;0;0;0;0;0
FR;9;2022-09-19;0;0;0;0;0;0;0;0;0;0
FR;9;2022-09-20;0;0;0;0;0;0;0;0;0;0
FR;9;2022-09-21;0;0;0;0;0;0;0;0;0;0
FR;9;2022-09-22;0;0;0;0;0;0;0;0;0;0
FR;9;2022-09-23;0;0;0;0;0;0;0;0;0;0
FR;9;2022-09-24;0;0;0;0;0;0;0;0;0;0
FR;9;2022-09-25;0;0;0;0;0;0;0;0;0;0
FR;9;2022-09-26;0;0;0;0;0;0;0;0;0;0
FR;9;2022-09-27;0;0;0;0;0;0;0;0;0;0
FR;9;2022-09-28;0;0;0;0;0;0;0;0;0;0
FR;9;2022-09-29;1;1;8;31;6;1;1;8;31;6
FR;9;2022-09-30;4;12;60;604;47;5;13;68;635;53
FR;9;2022-10-01;9;1;43;327;26;14;14;111;962;79
FR;9;2022-10-02;1;1;5;50;4;15;15;116;1012;83
FR;9;2022-10-03;10;16;149;1713;128;25;31;265;2725;211
FR;9;2022-10-04;20;48;353;3951;228;45;79;618;6676;439
FR;9;2022-10-05;27;19;269;2996;203;72;98;887;9672;642
FR;9;2022-10-06;23;34;399;4598;300;95;132;1286;14270;942
FR;9;2022-10-07;29;50;499;5700;384;124;182;1785;19970;1326
FR;9;2022-10-08;10;18;128;1088;86;134;200;1913;21058;1412
FR;9;2022-10-09;1;7;22;197;29;135;207;1935;21255;1441
FR;9;2022-10-10;11;26;207;2572;181;146;233;2142;23827;1622
FR;9;2022-10-11;32;40;426;5041;314;178;273;2568;28868;1936
FR;9;2022-10-12;22;26;297;2984;212;200;299;2865;31852;2148
FR;9;2022-10-13;24;42;374;3978;244;224;341;3239;35830;2392
FR;9;2022-10-14;27;26;381;4424;293;251;367;3620;40254;2685
FR;9;2022-10-15;13;8;101;1049;79;264;375;3721;41303;2764
FR;9;2022-10-16;4;1;9;131;12;268;376;3730;41434;2776
FR;9;2022-10-17;4;22;165;1870;127;272;398;3895;43304;2903
FR;9;2022-10-18;35;28;309;3409;220;307;426;4204;46713;3123
FR;9;2022-10-19;20;19;259;2676;171;327;445;4463;49389;3294
FR;9;2022-10-20;20;22;308;3622;232;347;467;4771;53011;3526
FR;9;2022-10-21;14;31;324;3518;225;361;498;5095;56529;3751
FR;9;2022-10-22;10;11;89;913;62;371;509;5184;57442;3813
FR;9;2022-10-23;2;2;17;99;10;373;511;5201;57541;3823
FR;9;2022-10-24;7;17;158;1359;104;380;528;5359;58900;3927
FR;9;2022-10-25;18;22;227;2837;188;398;550;5586;61737;4115
FR;9;2022-10-26;14;15;159;1786;119;412;565;5745;63523;4234
FR;9;2022-10-27;9;26;230;2281;172;421;591;5975;65804;4406
FR;9;2022-10-28;18;27;223;2260;149;439;618;6198;68064;4555
FR;9;2022-10-29;11;8;54;503;46;450;626;6252;68567;4601
FR;9;2022-10-30;2;1;8;58;8;452;627;6260;68625;4609
FR;9;2022-10-31;13;5;104;653;57;465;632;6364;69278;4666
FR;9;2022-11-01;1;1;15;43;11;466;633;6379;69321;4677
FR;9;2022-11-02;7;11;102;1016;76;473;644;6481;70337;4753
FR;9;2022-11-03;17;17;156;1573;90;490;661;6637;71910;4843
FR;9;2022-11-04;19;18;190;1714;112;509;679;6827;73624;4955
FR;9;2022-11-05;8;9;57;402;37;517;688;6884;74026;4992
FR;9;2022-11-06;5;4;5;59;2;522;692;6889;74085;4994
FR;9;2022-11-07;16;19;81;889;80;538;711;6970;74974;5074
FR;9;2022-11-08;10;18;160;1774;132;548;729;7130;76748;5206
FR;9;2022-11-09;16;16;112;1239;95;564;745;7242;77987;5301
FR;9;2022-11-10;12;21;149;1566;130;576;766;7391;79553;5431
FR;9;2022-11-11;1;0;13;81;6;577;766;7404;79634;5437
FR;9;2022-11-12;4;8;42;253;19;581;774;7446;79887;5456
FR;9;2022-11-13;2;0;4;30;4;583;774;7450;79917;5460
FR;9;2022-11-14;10;12;56;700;43;593;786;7506;80617;5503
FR;9;2022-11-15;14;16;140;1276;92;607;802;7646;81893;5595
FR;9;2022-11-16;9;4;96;945;56;616;806;7742;82838;5651
FR;9;2022-11-17;7;13;118;1033;73;623;819;7860;83871;5724
FR;9;2022-11-18;6;15;113;1401;70;629;834;7973;85272;5794
FR;9;2022-11-19;3;4;48;340;25;632;838;8021;85612;5819
FR;9;2022-11-20;1;0;5;35;3;633;838;8026;85647;5822
FR;9;2022-11-21;7;12;61;559;46;640;850;8087;86206;5868
FR;0;2020-12-27;611;0;0;0;0;611;0;0;0;0
FR;0;2020-12-28;693;1;0;0;0;1304;1;0;0;0
FR;0;2020-12-29;387;0;0;0;0;1691;1;0;0;0
FR;0;2020-12-30;445;0;0;0;0;2136;1;0;0;0
FR;0;2020-12-31;444;1;0;0;0;2580;2;0;0;0
FR;0;2021-01-01;1173;2;0;0;0;3753;4;0;0;0
FR;0;2021-01-02;366;3;0;0;0;4119;7;0;0;0
FR;0;2021-01-03;407;0;0;0;0;4526;7;0;0;0
FR;0;2021-01-04;2123;4;0;0;0;6649;11;0;0;0
FR;0;2021-01-05;7758;5;0;0;0;14407;16;0;0;0
FR;0;2021-01-06;12463;22;0;0;0;26870;38;0;0;0
FR;0;2021-01-07;29472;20;0;0;0;56342;58;0;0;0
FR;0;2021-01-08;37156;25;0;0;0;93498;83;0;0;0
FR;0;2021-01-09;11216;9;0;0;0;104714;92;0;0;0
FR;0;2021-01-10;6009;7;0;0;0;110723;99;0;0;0
FR;0;2021-01-11;39949;30;0;0;0;150672;129;0;0;0
FR;0;2021-01-12;62149;23;0;0;0;212821;152;0;0;0
FR;0;2021-01-13;65133;51;0;0;0;277954;203;0;0;0
FR;0;2021-01-14;83115;193;0;0;0;361069;396;0;0;0
FR;0;2021-01-15;69017;78;0;0;0;430086;474;0;0;0
FR;0;2021-01-16;20217;72;0;0;0;450303;546;0;0;0
FR;0;2021-01-17;10988;50;0;0;0;461291;596;0;0;0
FR;0;2021-01-18;85913;174;0;0;0;547204;770;0;0;0
FR;0;2021-01-19;130608;199;0;0;0;677812;969;0;0;0
FR;0;2021-01-20;137560;190;0;0;0;815372;1159;0;0;0
FR;0;2021-01-21;158416;190;0;0;0;973788;1349;0;0;0
FR;0;2021-01-22;121075;241;0;0;0;1094863;1590;0;0;0
FR;0;2021-01-23;38486;73;0;0;0;1133349;1663;0;0;0
FR;0;2021-01-24;9747;113;0;0;0;1143096;1776;0;0;0
FR;0;2021-01-25;78244;1393;0;0;0;1221340;3169;0;0;0
FR;0;2021-01-26;100384;3600;1;0;0;1321724;6769;1;0;0
FR;0;2021-01-27;107258;6301;0;0;0;1428982;13070;1;0;0
FR;0;2021-01-28;124367;16034;0;0;0;1553349;29104;1;0;0
FR;0;2021-01-29;92191;18513;0;0;0;1645540;47617;1;0;0
FR;0;2021-01-30;29128;4484;0;0;0;1674668;52101;1;0;0
FR;0;2021-01-31;5239;1859;0;0;0;1679907;53960;1;0;0
FR;0;2021-02-01;53139;22538;0;0;0;1733046;76498;1;0;0
FR;0;2021-02-02;72323;37463;0;0;0;1805369;113961;1;0;0
FR;0;2021-02-03;72316;39596;0;0;0;1877685;153557;1;0;0
FR;0;2021-02-04;82084;54105;0;0;0;1959769;207662;1;0;0
FR;0;2021-02-05;68243;47492;0;0;0;2028012;255154;1;0;0
FR;0;2021-02-06;22993;11219;0;0;0;2051005;266373;1;0;0
FR;0;2021-02-07;5192;5860;0;0;0;2056197;272233;1;0;0
FR;0;2021-02-08;46848;48325;0;0;0;2103045;320558;1;0;0
FR;0;2021-02-09;66027;77316;0;0;0;2169072;397874;1;0;0
FR;0;2021-02-10;71031;82107;0;0;0;2240103;479981;1;0;0
FR;0;2021-02-11;87294;104562;0;0;0;2327397;584543;1;0;0
FR;0;2021-02-12;79342;75543;0;0;0;2406739;660086;1;0;0
FR;0;2021-02-13;22386;19518;0;0;0;2429125;679604;1;0;0
FR;0;2021-02-14;5079;7343;0;0;0;2434204;686947;1;0;0
FR;0;2021-02-15;38115;76606;0;0;0;2472319;763553;1;0;0
FR;0;2021-02-16;50407;100064;0;0;0;2522726;863617;1;0;0
FR;0;2021-02-17;50546;106412;20;0;0;2573272;970029;21;0;0
FR;0;2021-02-18;69801;122824;0;0;0;2643073;1092853;21;0;0
FR;0;2021-02-19;65079;91842;1;0;0;2708152;1184695;22;0;0
FR;0;2021-02-20;18595;28629;0;0;0;2726747;1213324;22;0;0
FR;0;2021-02-21;3327;6137;0;0;0;2730074;1219461;22;0;0
FR;0;2021-02-22;37505;73181;2;0;0;2767579;1292642;24;0;0
FR;0;2021-02-23;53788;85142;1;0;0;2821367;1377784;25;0;0
FR;0;2021-02-24;60023;82666;1;0;0;2881390;1460450;26;0;0
FR;0;2021-02-25;100593;91387;1;0;0;2981983;1551837;27;0;0
FR;0;2021-02-26;113484;70813;1;0;0;3095467;1622650;28;0;0
FR;0;2021-02-27;52121;22362;1;0;0;3147588;1645012;29;0;0
FR;0;2021-02-28;6206;4190;2;0;0;3153794;1649202;31;0;0
FR;0;2021-03-01;65920;53931;1;0;0;3219714;1703133;32;0;0
FR;0;2021-03-02;101403;67116;3;0;0;3321117;1770249;35;0;0
FR;0;2021-03-03;116540;65581;0;0;0;3437657;1835830;35;0;0
FR;0;2021-03-04;163646;72069;3;0;0;3601303;1907899;38;0;0
FR;0;2021-03-05;200944;62793;3;0;0;3802247;1970692;41;0;0
FR;0;2021-03-06;207976;17520;3;0;0;4010223;1988212;44;0;0
FR;0;2021-03-07;121284;4286;1;0;0;4131507;1992498;45;0;0
FR;0;2021-03-08;107163;49811;2;0;0;4238670;2042309;47;0;0
FR;0;2021-03-09;172468;56256;2;0;0;4411138;2098565;49;0;0
FR;0;2021-03-10;179025;57079;5;0;0;4590163;2155644;54;0;0
FR;0;2021-03-11;242917;63966;2;0;0;4833080;2219610;56;0;0
FR;0;2021-03-12;294846;53410;1;0;0;5127926;2273020;57;0;0
FR;0;2021-03-13;231426;15277;1;0;0;5359352;2288297;58;0;0
FR;0;2021-03-14;63357;3147;1;0;0;5422709;2291444;59;0;0
FR;0;2021-03-15;158677;31683;3;0;0;5581386;2323127;62;0;0
FR;0;2021-03-16;141582;38943;6;0;0;5722968;2362070;68;0;0
FR;0;2021-03-17;150507;37730;4;0;0;5873475;2399800;72;0;0
FR;0;2021-03-18;167854;44434;5;0;0;6041329;2444234;77;0;0
FR;0;2021-03-19;230031;36866;2;0;0;6271360;2481100;79;0;0
FR;0;2021-03-20;166707;11418;1;0;0;6438067;2492518;80;0;0
FR;0;2021-03-21;49948;2226;1;0;0;6488015;2494744;81;0;0
FR;0;2021-03-22;170066;33666;2;0;0;6658081;2528410;83;0;0
FR;0;2021-03-23;250413;42396;1;0;0;6908494;2570806;84;0;0
FR;0;2021-03-24;256926;43547;0;0;0;7165420;2614353;84;0;0
FR;0;2021-03-25;341840;45225;5;0;0;7507260;2659578;89;0;0
FR;0;2021-03-26;358826;41865;5;1;0;7866086;2701443;94;1;0
FR;0;2021-03-27;195274;16906;1;0;0;8061360;2718349;95;1;0
FR;0;2021-03-28;59345;4418;3;0;0;8120705;2722767;98;1;0
FR;0;2021-03-29;202996;53548;4;0;0;8323701;2776315;102;1;0
FR;0;2021-03-30;285501;69912;5;0;0;8609202;2846227;107;1;0
FR;0;2021-03-31;263060;73831;4;0;0;8872262;2920058;111;1;0
FR;0;2021-04-01;315535;92046;11;0;0;9187797;3012104;122;1;0
FR;0;2021-04-02;281363;94316;7;0;0;9469160;3106420;129;1;0
FR;0;2021-04-03;141083;62457;6;0;0;9610243;3168877;135;1;0
FR;0;2021-04-04;46539;18970;2;0;0;9656782;3187847;137;1;0
FR;0;2021-04-05;63352;10515;11;0;0;9720134;3198362;148;1;0
FR;0;2021-04-06;217247;112162;17;0;0;9937381;3310524;165;1;0
FR;0;2021-04-07;260289;115295;17;0;0;10197670;3425819;182;1;0
FR;0;2021-04-08;337875;122749;14;0;0;10535545;3548568;196;1;0
FR;0;2021-04-09;410187;116711;49;0;0;10945732;3665279;245;1;0
FR;0;2021-04-10;212641;82843;15;0;0;11158373;3748122;260;1;0
FR;0;2021-04-11;56152;34191;7;0;0;11214525;3782313;267;1;0
FR;0;2021-04-12;237093;115727;46;0;0;11451618;3898040;313;1;0
FR;0;2021-04-13;309515;144263;98;1;0;11761133;4042303;411;2;0
FR;0;2021-04-14;294560;139660;215;0;0;12055693;4181963;626;2;0
FR;0;2021-04-15;337138;149940;339;0;0;12392831;4331903;965;2;0
FR;0;2021-04-16;339322;146759;354;0;0;12732153;4478662;1319;2;0
FR;0;2021-04-17;188677;89975;109;0;0;12920830;4568637;1428;2;0
FR;0;2021-04-18;51626;35435;47;0;0;12972456;4604072;1475;2;0
FR;0;2021-04-19;205723;138218;456;0;0;13178179;4742290;1931;2;0
FR;0;2021-04-20;254446;171634;569;0;0;13432625;4913924;2500;2;0
FR;0;2021-04-21;253294;169763;836;0;0;13685919;5083687;3336;2;0
FR;0;2021-04-22;287584;190033;818;0;0;13973503;5273720;4154;2;0
FR;0;2021-04-23;297757;184301;747;0;0;14271260;5458021;4901;2;0
FR;0;2021-04-24;190463;111883;252;0;0;14461723;5569904;5153;2;0
FR;0;2021-04-25;69566;38811;51;0;0;14531289;5608715;5204;2;0
FR;0;2021-04-26;220981;157929;563;0;0;14752270;5766644;5767;2;0
FR;0;2021-04-27;284629;187801;941;0;0;15036899;5954445;6708;2;0
FR;0;2021-04-28;299536;184261;1426;1;1;15336435;6138706;8134;3;1
FR;0;2021-04-29;357167;197676;1280;0;0;15693602;6336382;9414;3;1
FR;0;2021-04-30;372238;185684;1123;1;0;16065840;6522066;10537;4;1
FR;0;2021-05-01;167654;52497;179;0;0;16233494;6574563;10716;4;1
FR;0;2021-05-02;91756;37833;83;0;0;16325250;6612396;10799;4;1
FR;0;2021-05-03;288945;166341;843;0;0;16614195;6778737;11642;4;1
FR;0;2021-05-04;315705;225206;1235;0;0;16929900;7003943;12877;4;1
FR;0;2021-05-05;327228;225969;1315;0;0;17257128;7229912;14192;4;1
FR;0;2021-05-06;379545;240609;1634;0;0;17636673;7470521;15826;4;1
FR;0;2021-05-07;372782;258264;1223;0;0;18009455;7728785;17049;4;1
FR;0;2021-05-08;222171;70361;299;0;0;18231626;7799146;17348;4;1
FR;0;2021-05-09;129710;45120;243;0;0;18361336;7844266;17591;4;1
FR;0;2021-05-10;313405;229384;1237;0;0;18674741;8073650;18828;4;1
FR;0;2021-05-11;403927;258112;1566;0;0;19078668;8331762;20394;4;1
FR;0;2021-05-12;434137;233638;1543;0;0;19512805;8565400;21937;4;1
FR;0;2021-05-13;338618;56618;432;0;0;19851423;8622018;22369;4;1
FR;0;2021-05-14;454155;167417;1126;0;0;20305578;8789435;23495;4;1
FR;0;2021-05-15;374988;94298;444;0;0;20680566;8883733;23939;4;1
FR;0;2021-05-16;202762;20687;168;0;0;20883328;8904420;24107;4;1
FR;0;2021-05-17;376132;148775;1555;0;0;21259460;9053195;25662;4;1
FR;0;2021-05-18;460176;153849;1990;0;0;21719636;9207044;27652;4;1
FR;0;2021-05-19;467422;143185;2464;0;0;22187058;9350229;30116;4;1
FR;0;2021-05-20;507559;160255;2339;0;0;22694617;9510484;32455;4;1
FR;0;2021-05-21;489689;175020;1996;0;0;23184306;9685504;34451;4;1
FR;0;2021-05-22;347205;80139;670;0;0;23531511;9765643;35121;4;1
FR;0;2021-05-23;161698;14252;246;0;0;23693209;9779895;35367;4;1
FR;0;2021-05-24;263203;33139;604;0;0;23956412;9813034;35971;4;1
FR;0;2021-05-25;400289;190180;2355;1;0;24356701;10003214;38326;5;1
FR;0;2021-05-26;413465;190314;2225;0;0;24770166;10193528;40551;5;1
FR;0;2021-05-27;449826;219678;2163;0;0;25219992;10413206;42714;5;1
FR;0;2021-05-28;429566;260688;1894;0;0;25649558;10673894;44608;5;1
FR;0;2021-05-29;298994;150199;585;0;0;25948552;10824093;45193;5;1
FR;0;2021-05-30;107146;32520;164;0;0;26055698;10856613;45357;5;1
FR;0;2021-05-31;358046;203377;1471;1;1;26413744;11059990;46828;6;2
FR;0;2021-06-01;431057;251283;1967;1;1;26844801;11311273;48795;7;3
FR;0;2021-06-02;420127;232068;1984;0;0;27264928;11543341;50779;7;3
FR;0;2021-06-03;465634;257800;1825;0;0;27730562;11801141;52604;7;3
FR;0;2021-06-04;456264;305555;1734;1;1;28186826;12106696;54338;8;4
FR;0;2021-06-05;304811;189352;653;0;0;28491637;12296048;54991;8;4
FR;0;2021-06-06;133320;49047;226;0;0;28624957;12345095;55217;8;4
FR;0;2021-06-07;339997;261559;1526;0;0;28964954;12606654;56743;8;4
FR;0;2021-06-08;393902;291255;1804;0;0;29358856;12897909;58547;8;4
FR;0;2021-06-09;384889;274309;1733;0;0;29743745;13172218;60280;8;4
FR;0;2021-06-10;404202;287583;1726;1;0;30147947;13459801;62006;9;4
FR;0;2021-06-11;386677;356625;1467;1;0;30534624;13816426;63473;10;4
FR;0;2021-06-12;283277;211057;496;0;0;30817901;14027483;63969;10;4
FR;0;2021-06-13;104891;73844;204;0;0;30922792;14101327;64173;10;4
FR;0;2021-06-14;240847;354423;1427;1;0;31163639;14455750;65600;11;4
FR;0;2021-06-15;308180;384768;1574;1;0;31471819;14840518;67174;12;4
FR;0;2021-06-16;313989;357493;1418;1;0;31785808;15198011;68592;13;4
FR;0;2021-06-17;317701;372897;1430;1;0;32103509;15570908;70022;14;4
FR;0;2021-06-18;321761;442614;1340;1;0;32425270;16013522;71362;15;4
FR;0;2021-06-19;224349;273913;449;0;0;32649619;16287435;71811;15;4
FR;0;2021-06-20;74443;102360;129;0;0;32724062;16389795;71940;15;4
FR;0;2021-06-21;195782;401667;1038;1;1;32919844;16791462;72978;16;5
FR;0;2021-06-22;223212;467579;1266;10;1;33143056;17259041;74244;26;6
FR;0;2021-06-23;234046;439989;1197;1;1;33377102;17699030;75441;27;7
FR;0;2021-06-24;241874;409612;1358;0;0;33618976;18108642;76799;27;7
FR;0;2021-06-25;227650;522863;1401;0;0;33846626;18631505;78200;27;7
FR;0;2021-06-26;153270;370887;587;1;0;33999896;19002392;78787;28;7
FR;0;2021-06-27;55907;156023;169;1;0;34055803;19158415;78956;29;7
FR;0;2021-06-28;154793;452613;1176;0;0;34210596;19611028;80132;29;7
FR;0;2021-06-29;182726;507444;2123;0;0;34393322;20118472;82255;29;7
FR;0;2021-06-30;204021;485044;2014;21;2;34597343;20603516;84269;50;9
FR;0;2021-07-01;231413;458276;2224;5;1;34828756;21061792;86493;55;10
FR;0;2021-07-02;228696;520086;2120;5;2;35057452;21581878;88613;60;12
FR;0;2021-07-03;142046;368730;908;3;1;35199498;21950608;89521;63;13
FR;0;2021-07-04;56758;141054;265;0;0;35256256;22091662;89786;63;13
FR;0;2021-07-05;168524;418823;1668;8;1;35424780;22510485;91454;71;14
FR;0;2021-07-06;196784;474552;1830;45;8;35621564;22985037;93284;116;22
FR;0;2021-07-07;213214;439093;1879;25;4;35834778;23424130;95163;141;26
FR;0;2021-07-08;231655;424139;2089;20;5;36066433;23848269;97252;161;31
FR;0;2021-07-09;228624;511047;2185;4;2;36295057;24359316;99437;165;33
FR;0;2021-07-10;148625;339894;986;1;1;36443682;24699210;100423;166;34
FR;0;2021-07-11;60205;110080;283;0;0;36503887;24809290;100706;166;34
FR;0;2021-07-12;169428;477906;1763;4;0;36673315;25287196;102469;170;34
FR;0;2021-07-13;287270;526920;2049;8;1;36960585;25814116;104518;178;35
FR;0;2021-07-14;181109;157466;435;0;0;37141694;25971582;104953;178;35
FR;0;2021-07-15;347107;501868;2099;1;0;37488801;26473450;107052;179;35
FR;0;2021-07-16;380113;495321;2023;3;1;37868914;26968771;109075;182;36
FR;0;2021-07-17;259738;319693;877;1;0;38128652;27288464;109952;183;36
FR;0;2021-07-18;109726;114605;310;0;0;38238378;27403069;110262;183;36
FR;0;2021-07-19;285499;424221;1630;3;0;38523877;27827290;111892;186;36
FR;0;2021-07-20;376928;451604;1723;0;0;38900805;28278894;113615;186;36
FR;0;2021-07-21;395815;407175;1549;4;1;39296620;28686069;115164;190;37
FR;0;2021-07-22;441061;387514;1715;4;2;39737681;29073583;116879;194;39
FR;0;2021-07-23;440334;422313;1883;4;1;40178015;29495896;118762;198;40
FR;0;2021-07-24;285253;269366;804;1;0;40463268;29765262;119566;199;40
FR;0;2021-07-25;121116;79937;234;0;0;40584384;29845199;119800;199;40
FR;0;2021-07-26;347434;322426;1614;3;1;40931818;30167625;121414;202;41
FR;0;2021-07-27;464076;319520;1698;4;1;41395894;30487145;123112;206;42
FR;0;2021-07-28;459444;289496;1636;4;1;41855338;30776641;124748;210;43
FR;0;2021-07-29;489840;276331;1796;2;0;42345178;31052972;126544;212;43
FR;0;2021-07-30;461836;302504;1941;5;1;42807014;31355476;128485;217;44
FR;0;2021-07-31;285405;185042;915;1;0;43092419;31540518;129400;218;44
FR;0;2021-08-01;112034;49926;253;0;0;43204453;31590444;129653;218;44
FR;0;2021-08-02;341629;234153;1603;2;0;43546082;31824597;131256;220;44
FR;0;2021-08-03;398621;244594;1728;2;1;43944703;32069191;132984;222;45
FR;0;2021-08-04;384861;209655;1593;6;3;44329564;32278846;134577;228;48
FR;0;2021-08-05;366179;228461;1711;0;0;44695743;32507307;136288;228;48
FR;0;2021-08-06;359737;271346;1835;4;0;45055480;32778653;138123;232;48
FR;0;2021-08-07;213126;178337;756;5;1;45268606;32956990;138879;237;49
FR;0;2021-08-08;74194;63188;276;0;0;45342800;33020178;139155;237;49
FR;0;2021-08-09;258764;258808;1547;4;2;45601564;33278986;140702;241;51
FR;0;2021-08-10;306874;277285;1663;2;1;45908438;33556271;142365;243;52
FR;0;2021-08-11;279749;259686;1441;5;0;46188187;33815957;143806;248;52
FR;0;2021-08-12;271553;278168;1664;3;0;46459740;34094125;145470;251;52
FR;0;2021-08-13;252162;278112;1594;3;2;46711902;34372237;147064;254;54
FR;0;2021-08-14;145351;197117;741;0;0;46857253;34569354;147805;254;54
FR;0;2021-08-15;39390;50108;218;1;0;46896643;34619462;148023;255;54
FR;0;2021-08-16;186186;317634;1542;0;0;47082829;34937096;149565;255;54
FR;0;2021-08-17;215692;335974;1636;7;0;47298521;35273070;151201;262;54
FR;0;2021-08-18;199057;324471;1598;7;4;47497578;35597541;152799;269;58
FR;0;2021-08-19;192036;325504;1640;1;0;47689614;35923045;154439;270;58
FR;0;2021-08-20;186467;366278;1820;3;2;47876081;36289323;156259;273;60
FR;0;2021-08-21;104804;238118;708;0;0;47980885;36527441;156967;273;60
FR;0;2021-08-22;31943;87216;256;1;1;48012828;36614657;157223;274;61
FR;0;2021-08-23;140983;357073;1561;3;1;48153811;36971730;158784;277;62
FR;0;2021-08-24;162501;376704;1850;5;1;48316312;37348434;160634;282;63
FR;0;2021-08-25;151147;350785;2033;8;2;48467459;37699219;162667;290;65
FR;0;2021-08-26;142881;342769;2561;10;0;48610340;38041988;165228;300;65
FR;0;2021-08-27;148455;388276;2790;11;2;48758795;38430264;168018;311;67
FR;0;2021-08-28;90666;249606;1407;0;0;48849461;38679870;169425;311;67
FR;0;2021-08-29;27321;83350;518;1;0;48876782;38763220;169943;312;67
FR;0;2021-08-30;117421;324644;4713;6;5876;48994203;39087864;174656;318;5943
FR;0;2021-08-31;128819;334495;10188;19;11801;49123022;39422359;184844;337;17744
FR;0;2021-09-01;136143;285687;22432;8;24389;49259165;39708046;207276;345;42133
FR;0;2021-09-02;114656;247222;26518;20;28984;49373821;39955268;233794;365;71117
FR;0;2021-09-03;118314;292662;29965;24;33051;49492135;40247930;263759;389;104168
FR;0;2021-09-04;89889;217784;12585;12;14144;49582024;40465714;276344;401;118312
FR;0;2021-09-05;21359;44820;4395;2;4715;49603383;40510534;280739;403;123027
FR;0;2021-09-06;75687;180586;31956;16;34301;49679070;40691120;312695;419;157328
FR;0;2021-09-07;80310;181214;33246;43;36271;49759380;40872334;345941;462;193599
FR;0;2021-09-08;90996;206076;29666;28;32548;49850376;41078410;375607;490;226147
FR;0;2021-09-09;76950;165336;33077;27;36669;49927326;41243746;408684;517;262816
FR;0;2021-09-10;96040;203793;35740;28;40717;50023366;41447539;444424;545;303533
FR;0;2021-09-11;67165;169312;12139;19;14392;50090531;41616851;456563;564;317925
FR;0;2021-09-12;12826;32103;2780;1;3182;50103357;41648954;459343;565;321107
FR;0;2021-09-13;64565;126219;41242;35;44220;50167922;41775173;500585;600;365327
FR;0;2021-09-14;73494;129045;56375;80;62339;50241416;41904218;556960;680;427666
FR;0;2021-09-15;76645;167787;55665;58;54839;50318061;42072005;612625;738;482505
FR;0;2021-09-16;63882;114523;60096;82;60156;50381943;42186528;672721;820;542661
FR;0;2021-09-17;75085;156843;53856;71;57325;50457028;42343371;726577;891;599986
FR;0;2021-09-18;48235;139638;15601;25;17316;50505263;42483009;742178;916;617302
FR;0;2021-09-19;7908;23672;2438;1;2617;50513171;42506681;744616;917;619919
FR;0;2021-09-20;44571;93798;50083;72;50339;50557742;42600479;794699;989;670258
FR;0;2021-09-21;45893;98406;62762;76;63489;50603635;42698885;857461;1065;733747
FR;0;2021-09-22;48677;142389;55371;82;55446;50652312;42841274;912832;1147;789193
FR;0;2021-09-23;43275;92081;62396;95;63573;50695587;42933355;975228;1242;852766
FR;0;2021-09-24;52298;133304;54561;107;59207;50747885;43066659;1029789;1349;911973
FR;0;2021-09-25;35219;115635;16275;36;18300;50783104;43182294;1046064;1385;930273
FR;0;2021-09-26;5555;17803;2270;5;2327;50788659;43200097;1048334;1390;932600
FR;0;2021-09-27;33978;76929;47201;97;48180;50822637;43277026;1095535;1487;980780
FR;0;2021-09-28;36519;75248;54973;90;56572;50859156;43352274;1150508;1577;1037352
FR;0;2021-09-29;44420;100746;53365;112;54889;50903576;43453020;1203873;1689;1092241
FR;0;2021-09-30;36343;72971;57040;96;59593;50939919;43525991;1260913;1785;1151834
FR;0;2021-10-01;61707;102875;57821;108;63975;51001626;43628866;1318734;1893;1215809
FR;0;2021-10-02;39469;78439;20964;39;23369;51041095;43707305;1339698;1932;1239178
FR;0;2021-10-03;5286;10495;2533;4;2539;51046381;43717800;1342231;1936;1241717
FR;0;2021-10-04;35196;58504;52624;84;54838;51081577;43776304;1394855;2020;1296555
FR;0;2021-10-05;33926;64380;61024;135;65084;51115503;43840684;1455879;2155;1361639
FR;0;2021-10-06;42719;79295;65758;113;68354;51158222;43919979;1521637;2268;1429993
FR;0;2021-10-07;30569;62269;65433;89;68850;51188791;43982248;1587070;2357;1498843
FR;0;2021-10-08;49475;91915;77762;110;84763;51238266;44074163;1664832;2467;1583606
FR;0;2021-10-09;33676;60926;31546;35;33922;51271942;44135089;1696378;2502;1617528
FR;0;2021-10-10;4719;7432;3194;9;3476;51276661;44142521;1699572;2511;1621004
FR;0;2021-10-11;30727;49922;61045;105;64107;51307388;44192443;1760617;2616;1685111
FR;0;2021-10-12;31637;54500;70624;141;76011;51339025;44246943;1831241;2757;1761122
FR;0;2021-10-13;40158;62832;74435;137;79361;51379183;44309775;1905676;2894;1840483
FR;0;2021-10-14;30359;52883;68770;116;73841;51409542;44362658;1974446;3010;1914324
FR;0;2021-10-15;44948;75251;93244;191;103015;51454490;44437909;2067690;3201;2017339
FR;0;2021-10-16;31328;44103;36697;44;39649;51485818;44482012;2104387;3245;2056988
FR;0;2021-10-17;3889;5236;3600;2;3680;51489707;44487248;2107987;3247;2060668
FR;0;2021-10-18;29187;42378;67506;134;71363;51518894;44529626;2175493;3381;2132031
FR;0;2021-10-19;27191;45578;76412;140;81651;51546085;44575204;2251905;3521;2213682
FR;0;2021-10-20;35338;52431;96942;181;101551;51581423;44627635;2348847;3702;2315233
FR;0;2021-10-21;26162;45174;83976;112;89155;51607585;44672809;2432823;3814;2404388
FR;0;2021-10-22;38446;62505;104909;200;112617;51646031;44735314;2537732;4014;2517005
FR;0;2021-10-23;27028;41200;45461;57;48632;51673059;44776514;2583193;4071;2565637
FR;0;2021-10-24;2944;4761;3684;6;3925;51676003;44781275;2586877;4077;2569562
FR;0;2021-10-25;26095;36252;82342;144;86665;51702098;44817527;2669219;4221;2656227
FR;0;2021-10-26;23766;35031;87266;166;92389;51725864;44852558;2756485;4387;2748616
FR;0;2021-10-27;30104;46339;109011;257;114716;51755968;44898897;2865496;4644;2863332
FR;0;2021-10-28;23605;34946;88729;153;94505;51779573;44933843;2954225;4797;2957837
FR;0;2021-10-29;31579;51487;117333;206;125396;51811152;44985330;3071558;5003;3083233
FR;0;2021-10-30;20571;33228;50357;76;53404;51831723;45018558;3121915;5079;3136637
FR;0;2021-10-31;2517;3736;3593;3;3880;51834240;45022294;3125508;5082;3140517
FR;0;2021-11-01;8524;4863;3218;3;3582;51842764;45027157;3128726;5085;3144099
FR;0;2021-11-02;26371;40116;93594;156;99631;51869135;45067273;3222320;5241;3243730
FR;0;2021-11-03;30121;47941;118912;220;125866;51899256;45115214;3341232;5461;3369596
FR;0;2021-11-04;23817;37507;107585;217;114466;51923073;45152721;3448817;5678;3484062
FR;0;2021-11-05;32403;52968;141655;236;151415;51955476;45205689;3590472;5914;3635477
FR;0;2021-11-06;21547;34566;64890;123;68318;51977023;45240255;3655362;6037;3703795
FR;0;2021-11-07;2425;4173;5201;6;5596;51979448;45244428;3660563;6043;3709391
FR;0;2021-11-08;20625;37765;127214;227;134332;52000073;45282193;3787777;6270;3843723
FR;0;2021-11-09;22437;44697;161717;339;172297;52022510;45326890;3949494;6609;4016020
FR;0;2021-11-10;31610;54966;187041;446;198857;52054120;45381856;4136535;7055;4214877
FR;0;2021-11-11;4741;6762;12985;28;13975;52058861;45388618;4149520;7083;4228852
FR;0;2021-11-12;29095;55092;183801;252;197422;52087956;45443710;4333321;7335;4426274
FR;0;2021-11-13;20353;32621;80720;118;86345;52108309;45476331;4414041;7453;4512619
FR;0;2021-11-14;2362;3873;7178;6;7846;52110671;45480204;4421219;7459;4520465
FR;0;2021-11-15;20510;38638;160887;313;171612;52131181;45518842;4582106;7772;4692077
FR;0;2021-11-16;23660;43946;200445;394;215119;52154841;45562788;4782551;8166;4907196
FR;0;2021-11-17;30534;50303;199881;406;212935;52185375;45613091;4982432;8572;5120131
FR;0;2021-11-18;23449;45678;191710;468;205637;52208824;45658769;5174142;9040;5325768
FR;0;2021-11-19;33688;61349;243253;551;262248;52242512;45720118;5417395;9591;5588016
FR;0;2021-11-20;25413;36684;102174;206;109731;52267925;45756802;5519569;9797;5697747
FR;0;2021-11-21;2659;4462;9664;19;10610;52270584;45761264;5529233;9816;5708357
FR;0;2021-11-22;22808;33190;180407;470;194888;52293392;45794454;5709640;10286;5903245
FR;0;2021-11-23;25721;45536;229440;549;247907;52319113;45839990;5939080;10835;6151152
FR;0;2021-11-24;31802;53699;224847;715;243293;52350915;45893689;6163927;11550;6394445
FR;0;2021-11-25;25643;49200;255979;739;277855;52376558;45942889;6419906;12289;6672300
FR;0;2021-11-26;33260;74791;379529;867;414729;52409818;46017680;6799435;13156;7087029
FR;0;2021-11-27;23494;49659;214945;390;236732;52433312;46067339;7014380;13546;7323761
FR;0;2021-11-28;3514;10499;56770;66;63327;52436826;46077838;7071150;13612;7387088
FR;0;2021-11-29;19420;54139;341518;864;371795;52456246;46131977;7412668;14476;7758883
FR;0;2021-11-30;24778;71939;457432;988;500837;52481024;46203916;7870100;15464;8259720
FR;0;2021-12-01;27373;75716;469160;1162;511396;52508397;46279632;8339260;16626;8771116
FR;0;2021-12-02;22103;71726;527173;1280;574961;52530500;46351358;8866433;17906;9346077
FR;0;2021-12-03;25560;93021;596457;1420;651227;52556060;46444379;9462890;19326;9997304
FR;0;2021-12-04;18321;60474;336262;692;369846;52574381;46504853;9799152;20018;10367150
FR;0;2021-12-05;4154;16159;95798;157;107055;52578535;46521012;9894950;20175;10474205
FR;0;2021-12-06;28422;72896;493198;1175;540009;52606957;46593908;10388148;21350;11014214
FR;0;2021-12-07;23539;91403;645463;1773;706423;52630496;46685311;11033611;23123;11720637
FR;0;2021-12-08;25501;92145;591671;1874;647580;52655997;46777456;11625282;24997;12368217
FR;0;2021-12-09;24061;94202;663188;2181;726569;52680058;46871658;12288470;27178;13094786
FR;0;2021-12-10;28058;111058;736124;2075;806280;52708116;46982716;13024594;29253;13901066
FR;0;2021-12-11;20251;76172;435212;989;480424;52728367;47058888;13459806;30242;14381490
FR;0;2021-12-12;5661;23187;142329;262;159222;52734028;47082075;13602135;30504;14540712
FR;0;2021-12-13;21357;90939;587718;1699;649335;52755385;47173014;14189853;32203;15190047
FR;0;2021-12-14;27980;118455;765677;2654;847629;52783365;47291469;14955530;34857;16037676
FR;0;2021-12-15;28443;114421;694401;2266;769194;52811808;47405890;15649931;37123;16806870
FR;0;2021-12-16;28034;115870;764107;2557;844544;52839842;47521760;16414038;39680;17651414
FR;0;2021-12-17;31651;128507;807934;2712;892085;52871493;47650267;17221972;42392;18543499
FR;0;2021-12-18;24937;81653;470003;1178;522254;52896430;47731920;17691975;43570;19065753
FR;0;2021-12-19;8759;28642;169416;376;191081;52905189;47760562;17861391;43946;19256834
FR;0;2021-12-20;31755;97349;591543;1787;658794;52936944;47857911;18452934;45733;19915628
FR;0;2021-12-21;39461;112150;682464;2392;759626;52976405;47970061;19135398;48125;20675254
FR;0;2021-12-22;39555;99391;575806;2168;642163;53015960;48069452;19711204;50293;21317417
FR;0;2021-12-23;33783;79573;441035;1657;494412;53049743;48149025;20152239;51950;21811829
FR;0;2021-12-24;10695;26107;111038;398;126678;53060438;48175132;20263277;52348;21938507
FR;0;2021-12-25;776;3593;7595;25;9029;53061214;48178725;20270872;52373;21947536
FR;0;2021-12-26;4696;11892;52100;142;60145;53065910;48190617;20322972;52515;22007681
FR;0;2021-12-27;30508;84043;453581;1364;509210;53096418;48274660;20776553;53879;22516891
FR;0;2021-12-28;38370;99000;564189;1769;632291;53134788;48373660;21340742;55648;23149182
FR;0;2021-12-29;39878;88352;501228;1687;561029;53174666;48462012;21841970;57335;23710211
FR;0;2021-12-30;35924;75196;421048;1521;471157;53210590;48537208;22263018;58856;24181368
FR;0;2021-12-31;12048;25131;116886;405;131677;53222638;48562339;22379904;59261;24313045
FR;0;2022-01-01;1576;3222;8523;37;9944;53224214;48565561;22388427;59298;24322989
FR;0;2022-01-02;6117;13016;58425;125;66956;53230331;48578577;22446852;59423;24389945
FR;0;2022-01-03;37735;90272;494846;1596;551738;53268066;48668849;22941698;61019;24941683
FR;0;2022-01-04;42051;111120;641408;2306;714389;53310117;48779969;23583106;63325;25656072
FR;0;2022-01-05;61134;103714;569201;1984;634236;53371251;48883683;24152307;65309;26290308
FR;0;2022-01-06;44283;110390;638990;2697;711477;53415534;48994073;24791297;68006;27001785
FR;0;2022-01-07;50827;123446;711011;2810;790530;53466361;49117519;25502308;70816;27792315
FR;0;2022-01-08;45008;80331;423817;1213;472889;53511369;49197850;25926125;72029;28265204
FR;0;2022-01-09;15612;26652;128567;300;145670;53526981;49224502;26054692;72329;28410874
FR;0;2022-01-10;35390;93396;469342;1813;522749;53562371;49317898;26524034;74142;28933623
FR;0;2022-01-11;41932;100550;548265;2306;608527;53604303;49418448;27072299;76448;29542150
FR;0;2022-01-12;60405;95800;452701;1968;504367;53664708;49514248;27525000;78416;30046517
FR;0;2022-01-13;38258;92606;487364;2085;541048;53702966;49606854;28012364;80501;30587565
FR;0;2022-01-14;42579;103426;568621;2286;629028;53745545;49710280;28580985;82787;31216593
FR;0;2022-01-15;39420;65934;340137;985;377562;53784965;49776214;28921122;83772;31594155
FR;0;2022-01-16;11411;19251;87432;216;99417;53796376;49795465;29008554;83988;31693572
FR;0;2022-01-17;24738;60114;320289;1382;354158;53821114;49855579;29328843;85370;32047730
FR;0;2022-01-18;28325;68763;361094;1801;397568;53849439;49924342;29689937;87171;32445298
FR;0;2022-01-19;43217;67110;281303;1450;311077;53892656;49991452;29971240;88621;32756375
FR;0;2022-01-20;23664;59670;299019;1741;328512;53916320;50051122;30270259;90362;33084887
FR;0;2022-01-21;28203;68871;366380;2086;401206;53944523;50119993;30636639;92448;33486093
FR;0;2022-01-22;27624;48007;218792;839;241769;53972147;50168000;30855431;93287;33727862
FR;0;2022-01-23;6738;12987;48680;173;55171;53978885;50180987;30904111;93460;33783033
FR;0;2022-01-24;16271;47503;217320;1141;239345;53995156;50228490;31121431;94601;34022378
FR;0;2022-01-25;19028;54393;243063;1547;267093;54014184;50282883;31364494;96148;34289471
FR;0;2022-01-26;28146;60537;209285;1298;229494;54042330;50343420;31573779;97446;34518965
FR;0;2022-01-27;16333;46434;207646;1277;225985;54058663;50389854;31781425;98723;34744950
FR;0;2022-01-28;21585;78757;290058;1572;321371;54080248;50468611;32071483;100295;35066321
FR;0;2022-01-29;18419;52888;184131;689;204584;54098667;50521499;32255614;100984;35270905
FR;0;2022-01-30;4475;14510;39142;124;45083;54103142;50536009;32294756;101108;35315988
FR;0;2022-01-31;11257;43963;148205;742;164758;54114399;50579972;32442961;101850;35480746
FR;0;2022-02-01;13633;48361;174124;1144;191380;54128032;50628333;32617085;102994;35672126
FR;0;2022-02-02;20624;66366;171538;1034;190111;54148656;50694699;32788623;104028;35862237
FR;0;2022-02-03;11490;44804;157562;989;173317;54160146;50739503;32946185;105017;36035554
FR;0;2022-02-04;14625;66682;239253;1266;264138;54174771;50806185;33185438;106283;36299692
FR;0;2022-02-05;12897;51480;153554;523;172322;54187668;50857665;33338992;106806;36472014
FR;0;2022-02-06;2725;12179;28893;101;33832;54190393;50869844;33367885;106907;36505846
FR;0;2022-02-07;9577;46680;156886;593;176312;54199970;50916524;33524771;107500;36682158
FR;0;2022-02-08;9801;43089;166640;867;184433;54209771;50959613;33691411;108367;36866591
FR;0;2022-02-09;14374;58245;172344;873;193051;54224145;51017858;33863755;109240;37059642
FR;0;2022-02-10;8718;39157;150234;878;166710;54232863;51057015;34013989;110118;37226352
FR;0;2022-02-11;10858;55673;218505;1101;243099;54243721;51112688;34232494;111219;37469451
FR;0;2022-02-12;8404;40956;134724;465;151752;54252125;51153644;34367218;111684;37621203
FR;0;2022-02-13;1930;8601;26564;86;30924;54254055;51162245;34393782;111770;37652127
FR;0;2022-02-14;6989;35248;148378;485;166373;54261044;51197493;34542160;112255;37818500
FR;0;2022-02-15;7061;36219;146981;752;162567;54268105;51233712;34689141;113007;37981067
FR;0;2022-02-16;9407;42973;132535;720;146754;54277512;51276685;34821676;113727;38127821
FR;0;2022-02-17;5578;24328;87303;585;94877;54283090;51301013;34908979;114312;38222698
FR;0;2022-02-18;6993;33578;119665;805;129329;54290083;51334591;35028644;115117;38352027
FR;0;2022-02-19;5368;24551;70027;370;77337;54295451;51359142;35098671;115487;38429364
FR;0;2022-02-20;1148;4656;12172;39;13951;54296599;51363798;35110843;115526;38443315
FR;0;2022-02-21;4092;17884;61956;351;67184;54300691;51381682;35172799;115877;38510499
FR;0;2022-02-22;4457;18655;60834;577;64475;54305148;51400337;35233633;116454;38574974
FR;0;2022-02-23;6590;27356;66495;591;71892;54311738;51427693;35300128;117045;38646866
FR;0;2022-02-24;3849;15518;50424;519;53244;54315587;51443211;35350552;117564;38700110
FR;0;2022-02-25;5280;24062;76361;803;80094;54320867;51467273;35426913;118367;38780204
FR;0;2022-02-26;3990;17767;47416;359;51483;54324857;51485040;35474329;118726;38831687
FR;0;2022-02-27;880;3008;8035;47;8946;54325737;51488048;35482364;118773;38840633
FR;0;2022-02-28;3123;12542;40484;359;42918;54328860;51500590;35522848;119132;38883551
FR;0;2022-03-01;3994;12603;44194;437;44866;54332854;51513193;35567042;119569;38928417
FR;0;2022-03-02;5321;17792;47138;445;49069;54338175;51530985;35614180;120014;38977486
FR;0;2022-03-03;2816;9341;29893;368;30016;54340991;51540326;35644073;120382;39007502
FR;0;2022-03-04;3223;12438;40306;667;39455;54344214;51552764;35684379;121049;39046957
FR;0;2022-03-05;3071;9281;24955;314;25118;54347285;51562045;35709334;121363;39072075
FR;0;2022-03-06;520;1399;3198;43;3441;54347805;51563444;35712532;121406;39075516
FR;0;2022-03-07;2323;5626;18430;315;17698;54350128;51569070;35730962;121721;39093214
FR;0;2022-03-08;2134;6074;19447;363;17918;54352262;51575144;35750409;122084;39111132
FR;0;2022-03-09;3577;10500;22182;407;21280;54355839;51585644;35772591;122491;39132412
FR;0;2022-03-10;1821;5818;16991;344;15819;54357660;51591462;35789582;122835;39148231
FR;0;2022-03-11;2414;7555;24499;542;22267;54360074;51599017;35814081;123377;39170498
FR;0;2022-03-12;2680;6775;17161;308;16516;54362754;51605792;35831242;123685;39187014
FR;0;2022-03-13;402;790;2324;149;2273;54363156;51606582;35833566;123834;39189287
FR;0;2022-03-14;1544;4273;14981;4409;13836;54364700;51610855;35848547;128243;39203123
FR;0;2022-03-15;1739;6293;16377;7552;14608;54366439;51617148;35864924;135795;39217731
FR;0;2022-03-16;3034;7401;19424;13137;18101;54369473;51624549;35884348;148932;39235832
FR;0;2022-03-17;1453;3985;13144;10847;11987;54370926;51628534;35897492;159779;39247819
FR;0;2022-03-18;2270;5755;20004;18302;18100;54373196;51634289;35917496;178081;39265919
FR;0;2022-03-19;2292;4803;13115;9401;12417;54375488;51639092;35930611;187482;39278336
FR;0;2022-03-20;300;734;1918;1073;1929;54375788;51639826;35932529;188555;39280265
FR;0;2022-03-21;1392;3216;12718;14938;11942;54377180;51643042;35945247;203493;39292207
FR;0;2022-03-22;1510;3735;13797;20542;12552;54378690;51646777;35959044;224035;39304759
FR;0;2022-03-23;2683;6282;17721;23152;17237;54381373;51653059;35976765;247187;39321996
FR;0;2022-03-24;1405;3156;11591;17609;10677;54382778;51656215;35988356;264796;39332673
FR;0;2022-03-25;2082;5153;18568;27759;16906;54384860;51661368;36006924;292555;39349579
FR;0;2022-03-26;2230;4412;12077;12678;11517;54387090;51665780;36019001;305233;39361096
FR;0;2022-03-27;360;693;1908;1481;1942;54387450;51666473;36020909;306714;39363038
FR;0;2022-03-28;1464;3073;11125;17488;10616;54388914;51669546;36032034;324202;39373654
FR;0;2022-03-29;1452;3269;12904;27576;12050;54390366;51672815;36044938;351778;39385704
FR;0;2022-03-30;2852;5501;15680;27412;15072;54393218;51678316;36060618;379190;39400776
FR;0;2022-03-31;1611;3563;12979;25003;12312;54394829;51681879;36073597;404193;39413088
FR;0;2022-04-01;2675;4581;20058;30880;18700;54397504;51686460;36093655;435073;39431788
FR;0;2022-04-02;1530;2640;9047;10121;8707;54399034;51689100;36102702;445194;39440495
FR;0;2022-04-03;290;513;1561;1170;1578;54399324;51689613;36104263;446364;39442073
FR;0;2022-04-04;2424;2881;12369;19120;11575;54401748;51692494;36116632;465484;39453648
FR;0;2022-04-05;2322;3154;14338;34100;13188;54404070;51695648;36130970;499584;39466836
FR;0;2022-04-06;2500;3938;13537;26485;12805;54406570;51699586;36144507;526069;39479641
FR;0;2022-04-07;1684;3122;13673;33765;12883;54408254;51702708;36158180;559834;39492524
FR;0;2022-04-08;2085;4247;19219;43967;17827;54410339;51706955;36177399;603801;39510351
FR;0;2022-04-09;1365;2676;9312;13563;8864;54411704;51709631;36186711;617364;39519215
FR;0;2022-04-10;293;720;1982;2015;2002;54411997;51710351;36188693;619379;39521217
FR;0;2022-04-11;1311;2604;11865;23893;11473;54413308;51712955;36200558;643272;39532690
FR;0;2022-04-12;1698;3024;14011;40893;13382;54415006;51715979;36214569;684165;39546072
FR;0;2022-04-13;1964;3689;13406;33095;13027;54416970;51719668;36227975;717260;39559099
FR;0;2022-04-14;1489;2928;13210;36309;13059;54418459;51722596;36241185;753569;39572158
FR;0;2022-04-15;1852;3627;15630;35562;14894;54420311;51726223;36256815;789131;39587052
FR;0;2022-04-16;1041;1827;6398;8537;6254;54421352;51728050;36263213;797668;39593306
FR;0;2022-04-17;193;337;992;1173;1035;54421545;51728387;36264205;798841;39594341
FR;0;2022-04-18;195;528;2765;1070;2784;54421740;51728915;36266970;799911;39597125
FR;0;2022-04-19;1533;3010;12914;29663;12473;54423273;51731925;36279884;829574;39609598
FR;0;2022-04-20;1990;3455;13301;29034;12977;54425263;51735380;36293185;858608;39622575
FR;0;2022-04-21;1510;2850;12539;35184;12611;54426773;51738230;36305724;893792;39635186
FR;0;2022-04-22;1862;3609;16473;37597;15833;54428635;51741839;36322197;931389;39651019
FR;0;2022-04-23;1144;2061;7384;10656;7234;54429779;51743900;36329581;942045;39658253
FR;0;2022-04-24;250;461;1475;1588;1413;54430029;51744361;36331056;943633;39659666
FR;0;2022-04-25;1302;2532;10679;21016;10486;54431331;51746893;36341735;964649;39670152
FR;0;2022-04-26;1622;3002;13662;38582;13107;54432953;51749895;36355397;1003231;39683259
FR;0;2022-04-27;1962;3059;11535;30990;11591;54434915;51752954;36366932;1034221;39694850
FR;0;2022-04-28;1566;2759;12525;36202;12267;54436481;51755713;36379457;1070423;39707117
FR;0;2022-04-29;2006;4797;15547;37239;14922;54438487;51760510;36395004;1107662;39722039
FR;0;2022-04-30;1212;2203;6926;9710;6753;54439699;51762713;36401930;1117372;39728792
FR;0;2022-05-01;218;323;913;997;907;54439917;51763036;36402843;1118369;39729699
FR;0;2022-05-02;1956;2936;11148;18136;10967;54441873;51765972;36413991;1136505;39740666
FR;0;2022-05-03;1946;3254;13715;34669;13556;54443819;51769226;36427706;1171174;39754222
FR;0;2022-05-04;1903;3289;12179;25623;12295;54445722;51772515;36439885;1196797;39766517
FR;0;2022-05-05;1763;2931;13041;33565;12888;54447485;51775446;36452926;1230362;39779405
FR;0;2022-05-06;2207;3653;15345;36778;14853;54449692;51779099;36468271;1267140;39794258
FR;0;2022-05-07;1204;1779;6461;9607;6452;54450896;51780878;36474732;1276747;39800710
FR;0;2022-05-08;267;399;1172;1546;1233;54451163;51781277;36475904;1278293;39801943
FR;0;2022-05-09;1364;2295;9922;20253;9792;54452527;51783572;36485826;1298546;39811735
FR;0;2022-05-10;1769;3296;13567;38947;13123;54454296;51786868;36499393;1337493;39824858
FR;0;2022-05-11;1992;3003;10745;27910;10689;54456288;51789871;36510138;1365403;39835547
FR;0;2022-05-12;1584;2708;11370;35685;11040;54457872;51792579;36521508;1401088;39846587
FR;0;2022-05-13;1972;3212;13750;37855;13337;54459844;51795791;36535258;1438943;39859924
FR;0;2022-05-14;1147;1635;5936;10775;5800;54460991;51797426;36541194;1449718;39865724
FR;0;2022-05-15;280;472;1278;1437;1360;54461271;51797898;36542472;1451155;39867084
FR;0;2022-05-16;1192;2031;8682;21035;8677;54462463;51799929;36551154;1472190;39875761
FR;0;2022-05-17;1587;2594;11817;37860;11395;54464050;51802523;36562971;1510050;39887156
FR;0;2022-05-18;1809;2644;9685;27146;9659;54465859;51805167;36572656;1537196;39896815
FR;0;2022-05-19;1437;2647;10571;35829;10711;54467296;51807814;36583227;1573025;39907526
FR;0;2022-05-20;1873;3111;13418;39352;12908;54469169;51810925;36596645;1612377;39920434
FR;0;2022-05-21;1158;1704;5660;9896;5532;54470327;51812629;36602305;1622273;39925966
FR;0;2022-05-22;238;341;1026;1437;1014;54470565;51812970;36603331;1623710;39926980
FR;0;2022-05-23;1173;2117;8876;20341;8826;54471738;51815087;36612207;1644051;39935806
FR;0;2022-05-24;1537;2754;11356;38865;11225;54473275;51817841;36623563;1682916;39947031
FR;0;2022-05-25;1812;2826;9340;24822;9472;54475087;51820667;36632903;1707738;39956503
FR;0;2022-05-26;208;419;1661;1198;1672;54475295;51821086;36634564;1708936;39958175
FR;0;2022-05-27;1382;2463;9257;21284;8999;54476677;51823549;36643821;1730220;39967174
FR;0;2022-05-28;665;1261;3913;6788;3964;54477342;51824810;36647734;1737008;39971138
FR;0;2022-05-29;156;315;751;918;772;54477498;51825125;36648485;1737926;39971910
FR;0;2022-05-30;1023;1951;6993;19291;7008;54478521;51827076;36655478;1757217;39978918
FR;0;2022-05-31;1489;2497;9816;35652;9637;54480010;51829573;36665294;1792869;39988555
FR;0;2022-06-01;1722;3089;11016;24524;10882;54481732;51832662;36676310;1817393;39999437
FR;0;2022-06-02;1472;2605;11303;35543;10857;54483204;51835267;36687613;1852936;40010294
FR;0;2022-06-03;1722;3064;13383;38710;12746;54484926;51838331;36700996;1891646;40023040
FR;0;2022-06-04;969;1515;5042;9109;5113;54485895;51839846;36706038;1900755;40028153
FR;0;2022-06-05;176;333;875;1106;884;54486071;51840179;36706913;1901861;40029037
FR;0;2022-06-06;464;1168;2114;1268;2128;54486535;51841347;36709027;1903129;40031165
FR;0;2022-06-07;1388;2686;9849;35579;9428;54487923;51844033;36718876;1938708;40040593
FR;0;2022-06-08;1556;2689;9162;28714;9003;54489479;51846722;36728038;1967422;40049596
FR;0;2022-06-09;1286;2434;10613;39479;10258;54490765;51849156;36738651;2006901;40059854
FR;0;2022-06-10;1624;2972;13073;44792;12619;54492389;51852128;36751724;2051693;40072473
FR;0;2022-06-11;957;1735;5433;11621;5465;54493346;51853863;36757157;2063314;40077938
FR;0;2022-06-12;197;440;1072;1761;1133;54493543;51854303;36758229;2065075;40079071
FR;0;2022-06-13;1085;2054;7429;23175;7260;54494628;51856357;36765658;2088250;40086331
FR;0;2022-06-14;1315;2512;10445;44929;9800;54495943;51858869;36776103;2133179;40096131
FR;0;2022-06-15;1507;2442;9317;30877;8947;54497450;51861311;36785420;2164056;40105078
FR;0;2022-06-16;1177;2030;9905;39885;9314;54498627;51863341;36795325;2203941;40114392
FR;0;2022-06-17;1482;2839;12468;46623;11894;54500109;51866180;36807793;2250564;40126286
FR;0;2022-06-18;852;1518;4563;11124;4497;54500961;51867698;36812356;2261688;40130783
FR;0;2022-06-19;183;363;1058;1615;1130;54501144;51868061;36813414;2263303;40131913
FR;0;2022-06-20;1021;1916;8905;26065;8565;54502165;51869977;36822319;2289368;40140478
FR;0;2022-06-21;1323;2396;10301;49880;9329;54503488;51872373;36832620;2339248;40149807
FR;0;2022-06-22;1386;2496;8910;39035;8416;54504874;51874869;36841530;2378283;40158223
FR;0;2022-06-23;1225;2355;10674;55078;9882;54506099;51877224;36852204;2433361;40168105
FR;0;2022-06-24;1485;2980;13639;69154;12299;54507584;51880204;36865843;2502515;40180404
FR;0;2022-06-25;936;1777;6228;19914;5982;54508520;51881981;36872071;2522429;40186386
FR;0;2022-06-26;228;460;1953;3688;1817;54508748;51882441;36874024;2526117;40188203
FR;0;2022-06-27;1127;2014;10491;48472;9633;54509875;51884455;36884515;2574589;40197836
FR;0;2022-06-28;1453;2808;14661;91345;13081;54511328;51887263;36899176;2665934;40210917
FR;0;2022-06-29;1708;2823;12291;71867;11238;54513036;51890086;36911467;2737801;40222155
FR;0;2022-06-30;1525;2696;14386;95149;12467;54514561;51892782;36925853;2832950;40234622
FR;0;2022-07-01;1989;3791;21490;115920;18843;54516550;51896573;36947343;2948870;40253465
FR;0;2022-07-02;1082;1854;8522;35749;7700;54517632;51898427;36955865;2984619;40261165
FR;0;2022-07-03;290;538;2091;6452;1893;54517922;51898965;36957956;2991071;40263058
FR;0;2022-07-04;1645;3210;14691;79199;12965;54519567;51902175;36972647;3070270;40276023
FR;0;2022-07-05;1710;3114;18825;133229;16002;54521277;51905289;36991472;3203499;40292025
FR;0;2022-07-06;1815;2765;15847;99555;13634;54523092;51908054;37007319;3303054;40305659
FR;0;2022-07-07;1706;2862;17991;126001;14769;54524798;51910916;37025310;3429055;40320428
FR;0;2022-07-08;1885;3141;20748;137066;16759;54526683;51914057;37046058;3566121;40337187
FR;0;2022-07-09;865;1454;7738;37920;6684;54527548;51915511;37053796;3604041;40343871
FR;0;2022-07-10;262;524;2344;7002;2125;54527810;51916035;37056140;3611043;40345996
FR;0;2022-07-11;1424;2452;15013;88253;12499;54529234;51918487;37071153;3699296;40358495
FR;0;2022-07-12;1793;3088;20524;143935;16716;54531027;51921575;37091677;3843231;40375211
FR;0;2022-07-13;1729;2721;15685;94520;13259;54532756;51924296;37107362;3937751;40388470
FR;0;2022-07-14;181;364;1952;5533;1831;54532937;51924660;37109314;3943284;40390301
FR;0;2022-07-15;1475;2551;15112;84435;12595;54534412;51927211;37124426;4027719;40402896
FR;0;2022-07-16;617;1175;5946;24974;5153;54535029;51928386;37130372;4052693;40408049
FR;0;2022-07-17;176;389;1736;4661;1566;54535205;51928775;37132108;4057354;40409615
FR;0;2022-07-18;1130;2239;11818;61794;9966;54536335;51931014;37143926;4119148;40419581
FR;0;2022-07-19;1414;2341;15466;103665;12288;54537749;51933355;37159392;4222813;40431869
FR;0;2022-07-20;1415;2284;12950;77550;10727;54539164;51935639;37172342;4300363;40442596
FR;0;2022-07-21;1277;2157;13083;88203;10487;54540441;51937796;37185425;4388566;40453083
FR;0;2022-07-22;1396;2445;14798;89450;11942;54541837;51940241;37200223;4478016;40465025
FR;0;2022-07-23;670;1301;5527;22475;4852;54542507;51941542;37205750;4500491;40469877
FR;0;2022-07-24;183;349;1397;3900;1238;54542690;51941891;37207147;4504391;40471115
FR;0;2022-07-25;1052;1785;9485;48058;7833;54543742;51943676;37216632;4552449;40478948
FR;0;2022-07-26;1287;2204;13296;85406;10821;54545029;51945880;37229928;4637855;40489769
FR;0;2022-07-27;1217;1997;10219;61224;8509;54546246;51947877;37240147;4699079;40498278
FR;0;2022-07-28;1088;1858;10305;64371;8213;54547334;51949735;37250452;4763450;40506491
FR;0;2022-07-29;1281;2038;10981;65809;8739;54548615;51951773;37261433;4829259;40515230
FR;0;2022-07-30;497;852;3517;15275;2970;54549112;51952625;37264950;4844534;40518200
FR;0;2022-07-31;151;288;929;2437;788;54549263;51952913;37265879;4846971;40518988
FR;0;2022-08-01;835;1506;7577;30228;6374;54550098;51954419;37273456;4877199;40525362
FR;0;2022-08-02;1020;1630;8563;56076;6872;54551118;51956049;37282019;4933275;40532234
FR;0;2022-08-03;831;1249;6403;38664;5124;54551949;51957298;37288422;4971939;40537358
FR;0;2022-08-04;728;1179;6563;43110;5290;54552677;51958477;37294985;5015049;40542648
FR;0;2022-08-05;850;1354;7086;44918;5656;54553527;51959831;37302071;5059967;40548304
FR;0;2022-08-06;337;553;2098;9366;1756;54553864;51960384;37304169;5069333;40550060
FR;0;2022-08-07;102;155;535;1621;453;54553966;51960539;37304704;5070954;40550513
FR;0;2022-08-08;558;961;4011;22091;3269;54554524;51961500;37308715;5093045;40553782
FR;0;2022-08-09;685;1133;5962;39933;4792;54555209;51962633;37314677;5132978;40558574
FR;0;2022-08-10;629;1109;4652;28033;3788;54555838;51963742;37319329;5161011;40562362
FR;0;2022-08-11;612;1019;4479;29226;3698;54556450;51964761;37323808;5190237;40566060
FR;0;2022-08-12;705;1139;4739;28202;3911;54557155;51965900;37328547;5218439;40569971
FR;0;2022-08-13;211;406;1294;5253;1116;54557366;51966306;37329841;5223692;40571087
FR;0;2022-08-14;70;120;287;923;245;54557436;51966426;37330128;5224615;40571332
FR;0;2022-08-15;79;174;602;562;549;54557515;51966600;37330730;5225177;40571881
FR;0;2022-08-16;617;1051;3950;22165;3341;54558132;51967651;37334680;5247342;40575222
FR;0;2022-08-17;628;1010;3883;22854;3287;54558760;51968661;37338563;5270196;40578509
FR;0;2022-08-18;610;976;4084;26277;3226;54559370;51969637;37342647;5296473;40581735
FR;0;2022-08-19;601;1148;4480;27219;3682;54559971;51970785;37347127;5323692;40585417
FR;0;2022-08-20;289;490;1351;5561;1165;54560260;51971275;37348478;5329253;40586582
FR;0;2022-08-21;94;133;299;1007;263;54560354;51971408;37348777;5330260;40586845
FR;0;2022-08-22;544;976;3269;15344;2791;54560898;51972384;37352046;5345604;40589636
FR;0;2022-08-23;710;1168;4291;28988;3606;54561608;51973552;37356337;5374592;40593242
FR;0;2022-08-24;655;927;3488;19527;2850;54562263;51974479;37359825;5394119;40596092
FR;0;2022-08-25;621;1008;3929;23391;3276;54562884;51975487;37363754;5417510;40599368
FR;0;2022-08-26;848;1248;4472;25875;3662;54563732;51976735;37368226;5443385;40603030
FR;0;2022-08-27;292;494;1377;5462;1243;54564024;51977229;37369603;5448847;40604273
FR;0;2022-08-28;123;158;303;915;287;54564147;51977387;37369906;5449762;40604560
FR;0;2022-08-29;616;961;3068;14630;2604;54564763;51978348;37372974;5464392;40607164
FR;0;2022-08-30;840;1205;4784;28523;3906;54565603;51979553;37377758;5492915;40611070
FR;0;2022-08-31;684;943;3192;17617;2703;54566287;51980496;37380950;5510532;40613773
FR;0;2022-09-01;715;975;4464;22456;3810;54567002;51981471;37385414;5532988;40617583
FR;0;2022-09-02;862;1129;5034;28604;4246;54567864;51982600;37390448;5561592;40621829
FR;0;2022-09-03;416;555;1915;6077;1656;54568280;51983155;37392363;5567669;40623485
FR;0;2022-09-04;130;149;351;873;347;54568410;51983304;37392714;5568542;40623832
FR;0;2022-09-05;612;686;3125;16049;2603;54569022;51983990;37395839;5584591;40626435
FR;0;2022-09-06;791;1009;4716;31807;3850;54569813;51984999;37400555;5616398;40630285
FR;0;2022-09-07;640;763;2991;16813;2470;54570453;51985762;37403546;5633211;40632755
FR;0;2022-09-08;615;845;3798;24837;3132;54571068;51986607;37407344;5658048;40635887
FR;0;2022-09-09;829;1005;4424;27584;3661;54571897;51987612;37411768;5685632;40639548
FR;0;2022-09-10;383;532;1729;5698;1529;54572280;51988144;37413497;5691330;40641077
FR;0;2022-09-11;122;129;319;655;303;54572402;51988273;37413816;5691985;40641380
FR;0;2022-09-12;485;607;2679;13271;2284;54572887;51988880;37416495;5705256;40643664
FR;0;2022-09-13;607;827;3981;26413;3433;54573494;51989707;37420476;5731669;40647097
FR;0;2022-09-14;649;764;2947;16171;2459;54574143;51990471;37423423;5747840;40649556
FR;0;2022-09-15;551;767;3452;23514;2914;54574694;51991238;37426875;5771354;40652470
FR;0;2022-09-16;784;1023;4127;25844;3466;54575478;51992261;37431002;5797198;40655936
FR;0;2022-09-17;382;487;1446;6140;1275;54575860;51992748;37432448;5803338;40657211
FR;0;2022-09-18;115;138;323;960;291;54575975;51992886;37432771;5804298;40657502
FR;0;2022-09-19;444;628;2251;13188;1926;54576419;51993514;37435022;5817486;40659428
FR;0;2022-09-20;630;859;3769;26346;3140;54577049;51994373;37438791;5843832;40662568
FR;0;2022-09-21;575;762;2734;16256;2348;54577624;51995135;37441525;5860088;40664916
FR;0;2022-09-22;580;816;3392;23550;2766;54578204;51995951;37444917;5883638;40667682
FR;0;2022-09-23;820;1028;4487;28682;3755;54579024;51996979;37449404;5912320;40671437
FR;0;2022-09-24;423;607;1637;6890;1410;54579447;51997586;37451041;5919210;40672847
FR;0;2022-09-25;97;186;335;1101;306;54579544;51997772;37451376;5920311;40673153
FR;0;2022-09-26;431;689;2270;13476;2005;54579975;51998461;37453646;5933787;40675158
FR;0;2022-09-27;605;830;3618;25921;2905;54580580;51999291;37457264;5959708;40678063
FR;0;2022-09-28;623;812;2548;15384;2294;54581203;52000103;37459812;5975092;40680357
FR;0;2022-09-29;561;754;3107;21007;2621;54581764;52000857;37462919;5996099;40682978
FR;0;2022-09-30;765;1083;3943;25525;3285;54582529;52001940;37466862;6021624;40686263
FR;0;2022-10-01;405;606;1969;5961;1701;54582934;52002546;37468831;6027585;40687964
FR;0;2022-10-02;54;130;218;638;213;54582988;52002676;37469049;6028223;40688177
FR;0;2022-10-03;450;630;2404;12009;2112;54583438;52003306;37471453;6040232;40690289
FR;0;2022-10-04;608;765;3376;23491;2762;54584046;52004071;37474829;6063723;40693051
FR;0;2022-10-05;538;800;2424;14580;2140;54584584;52004871;37477253;6078303;40695191
FR;0;2022-10-06;529;694;3071;21649;2504;54585113;52005565;37480324;6099952;40697695
FR;0;2022-10-07;714;971;4117;30277;3462;54585827;52006536;37484441;6130229;40701157
FR;0;2022-10-08;342;509;1646;8417;1406;54586169;52007045;37486087;6138646;40702563
FR;0;2022-10-09;106;135;335;1585;310;54586275;52007180;37486422;6140231;40702873
FR;0;2022-10-10;468;688;2895;20444;2482;54586743;52007868;37489317;6160675;40705355
FR;0;2022-10-11;564;778;4246;40159;3542;54587307;52008646;37493563;6200834;40708897
FR;0;2022-10-12;556;785;3227;26658;2735;54587863;52009431;37496790;6227492;40711632
FR;0;2022-10-13;597;736;3984;38327;3102;54588460;52010167;37500774;6265819;40714734
FR;0;2022-10-14;743;1031;4857;47594;3937;54589203;52011198;37505631;6313413;40718671
FR;0;2022-10-15;343;489;1842;11828;1601;54589546;52011687;37507473;6325241;40720272
FR;0;2022-10-16;91;123;366;1955;348;54589637;52011810;37507839;6327196;40720620
FR;0;2022-10-17;425;680;3022;26367;2461;54590062;52012490;37510861;6353563;40723081
FR;0;2022-10-18;594;719;4673;45911;3724;54590656;52013209;37515534;6399474;40726805
FR;0;2022-10-19;536;760;3609;34186;3034;54591192;52013969;37519143;6433660;40729839
FR;0;2022-10-20;576;748;4797;49207;3660;54591768;52014717;37523940;6482867;40733499
FR;0;2022-10-21;677;967;5663;56867;4473;54592445;52015684;37529603;6539734;40737972
FR;0;2022-10-22;327;392;1646;12901;1310;54592772;52016076;37531249;6552635;40739282
FR;0;2022-10-23;91;95;349;2050;265;54592863;52016171;37531598;6554685;40739547
FR;0;2022-10-24;539;579;3113;26961;2639;54593402;52016750;37534711;6581646;40742186
FR;0;2022-10-25;582;707;4827;48754;3692;54593984;52017457;37539538;6630400;40745878
FR;0;2022-10-26;517;625;3420;32271;2848;54594501;52018082;37542958;6662671;40748726
FR;0;2022-10-27;580;670;4038;40501;3289;54595081;52018752;37546996;6703172;40752015
FR;0;2022-10-28;686;831;4561;43854;3455;54595767;52019583;37551557;6747026;40755470
FR;0;2022-10-29;247;352;1312;9451;1069;54596014;52019935;37552869;6756477;40756539
FR;0;2022-10-30;85;108;276;1550;241;54596099;52020043;37553145;6758027;40756780
FR;0;2022-10-31;372;462;2051;15913;1601;54596471;52020505;37555196;6773940;40758381
FR;0;2022-11-01;47;84;576;1012;598;54596518;52020589;37555772;6774952;40758979
FR;0;2022-11-02;472;635;2904;25083;2455;54596990;52021224;37558676;6800035;40761434
FR;0;2022-11-03;617;668;4005;39453;3012;54597607;52021892;37562681;6839488;40764446
FR;0;2022-11-04;628;801;4319;43312;3418;54598235;52022693;37567000;6882800;40767864
FR;0;2022-11-05;241;342;1331;9631;1048;54598476;52023035;37568331;6892431;40768912
FR;0;2022-11-06;85;106;258;1561;244;54598561;52023141;37568589;6893992;40769156
FR;0;2022-11-07;429;498;2604;26108;2066;54598990;52023639;37571193;6920100;40771222
FR;0;2022-11-08;563;740;4760;51197;3619;54599553;52024379;37575953;6971297;40774841
FR;0;2022-11-09;483;625;3233;31127;2581;54600036;52025004;37579186;7002424;40777422
FR;0;2022-11-10;571;827;4358;42870;3414;54600607;52025831;37583544;7045294;40780836
FR;0;2022-11-11;61;96;296;1602;246;54600668;52025927;37583840;7046896;40781082
FR;0;2022-11-12;189;291;1045;7012;826;54600857;52026218;37584885;7053908;40781908
FR;0;2022-11-13;58;79;230;1184;196;54600915;52026297;37585115;7055092;40782104
FR;0;2022-11-14;408;492;2457;23293;1939;54601323;52026789;37587572;7078385;40784043
FR;0;2022-11-15;550;638;4043;43806;3070;54601873;52027427;37591615;7122191;40787113
FR;0;2022-11-16;500;579;2840;27431;2292;54602373;52028006;37594455;7149622;40789405
FR;0;2022-11-17;515;600;3564;37889;2729;54602888;52028606;37598019;7187511;40792134
FR;0;2022-11-18;574;724;4326;43723;3186;54603462;52029330;37602345;7231234;40795320
FR;0;2022-11-19;248;305;1363;9486;944;54603710;52029635;37603708;7240720;40796264
FR;0;2022-11-20;59;70;263;1580;221;54603769;52029705;37603971;7242300;40796485
FR;0;2022-11-21;374;451;2105;19656;1576;54604143;52030156;37606076;7261956;40798061
