fra;vaccin;jour;n_dose1;n_dose2;n_dose3;n_cum_dose1;n_cum_dose2;n_cum_dose3
FR;1;2020-12-27;400;0;0;400;0;0
FR;1;2020-12-28;423;0;0;823;0;0
FR;1;2020-12-29;271;0;0;1094;0;0
FR;1;2020-12-30;324;0;0;1418;0;0
FR;1;2020-12-31;254;0;0;1672;0;0
FR;1;2021-01-01;301;0;0;1973;0;0
FR;1;2021-01-02;239;0;0;2212;0;0
FR;1;2021-01-03;276;0;0;2488;0;0
FR;1;2021-01-04;1772;0;0;4260;0;0
FR;1;2021-01-05;5713;0;0;9973;0;0
FR;1;2021-01-06;11618;0;0;21591;0;0
FR;1;2021-01-07;29076;0;0;50667;0;0
FR;1;2021-01-08;36735;0;0;87402;0;0
FR;1;2021-01-09;11078;0;0;98480;0;0
FR;1;2021-01-10;5769;0;0;104249;0;0
FR;1;2021-01-11;39641;0;0;143890;0;0
FR;1;2021-01-12;61671;0;0;205561;0;0
FR;1;2021-01-13;64629;0;0;270190;0;0
FR;1;2021-01-14;80875;0;0;351065;0;0
FR;1;2021-01-15;68201;0;0;419266;0;0
FR;1;2021-01-16;19774;86;0;439040;86;0
FR;1;2021-01-17;10766;41;0;449806;127;0
FR;1;2021-01-18;82391;160;0;532197;287;0
FR;1;2021-01-19;125455;125;0;657652;412;0
FR;1;2021-01-20;131962;154;0;789614;566;0
FR;1;2021-01-21;152341;130;0;941955;696;0
FR;1;2021-01-22;115431;160;0;1057386;856;0
FR;1;2021-01-23;36443;50;0;1093829;906;0
FR;1;2021-01-24;9461;27;0;1103290;933;0
FR;1;2021-01-25;74031;1214;0;1177321;2147;0
FR;1;2021-01-26;96122;3106;0;1273443;5253;0
FR;1;2021-01-27;103338;5587;0;1376781;10840;0
FR;1;2021-01-28;120236;14339;0;1497017;25179;0
FR;1;2021-01-29;88577;17267;0;1585594;42446;0
FR;1;2021-01-30;27842;4218;0;1613436;46664;0
FR;1;2021-01-31;5062;1677;0;1618498;48341;0
FR;1;2021-02-01;48964;21110;0;1667462;69451;0
FR;1;2021-02-02;67286;34532;0;1734748;103983;0
FR;1;2021-02-03;66676;36935;0;1801424;140918;0
FR;1;2021-02-04;76661;50007;0;1878085;190925;0
FR;1;2021-02-05;63090;45286;0;1941175;236211;0
FR;1;2021-02-06;19263;10383;0;1960438;246594;0
FR;1;2021-02-07;3579;5035;0;1964017;251629;0
FR;1;2021-02-08;36202;45935;0;2000219;297564;0
FR;1;2021-02-09;50504;72341;0;2050723;369905;0
FR;1;2021-02-10;51520;76621;0;2102243;446526;0
FR;1;2021-02-11;62981;98987;0;2165224;545513;0
FR;1;2021-02-12;55452;73933;0;2220676;619446;0
FR;1;2021-02-13;15330;19252;0;2236006;638698;0
FR;1;2021-02-14;3593;7185;0;2239599;645883;0
FR;1;2021-02-15;23878;73375;0;2263477;719258;0
FR;1;2021-02-16;32426;96754;0;2295903;816012;0
FR;1;2021-02-17;34774;98521;1;2330677;914533;1
FR;1;2021-02-18;48959;113337;0;2379636;1027870;1
FR;1;2021-02-19;45050;86361;0;2424686;1114231;1
FR;1;2021-02-20;13244;26889;0;2437930;1141120;1
FR;1;2021-02-21;2317;6282;0;2440247;1147402;1
FR;1;2021-02-22;24407;69367;1;2464654;1216769;2
FR;1;2021-02-23;37117;80307;1;2501771;1297076;3
FR;1;2021-02-24;40230;77591;1;2542001;1374667;4
FR;1;2021-02-25;49743;87914;1;2591744;1462581;5
FR;1;2021-02-26;46755;67832;0;2638499;1530413;5
FR;1;2021-02-27;15485;20916;0;2653984;1551329;5
FR;1;2021-02-28;3416;4384;1;2657400;1555713;6
FR;1;2021-03-01;39382;48976;0;2696782;1604689;6
FR;1;2021-03-02;55422;61459;1;2752204;1666148;7
FR;1;2021-03-03;60436;60611;0;2812640;1726759;7
FR;1;2021-03-04;72324;64854;2;2884964;1791613;9
FR;1;2021-03-05;74037;59223;2;2959001;1850836;11
FR;1;2021-03-06;82047;16081;1;3041048;1866917;12
FR;1;2021-03-07;63412;5410;0;3104460;1872327;12
FR;1;2021-03-08;59566;42446;0;3164026;1914773;12
FR;1;2021-03-09;85354;48292;0;3249380;1963065;12
FR;1;2021-03-10;90019;48032;2;3339399;2011097;14
FR;1;2021-03-11;104210;53825;0;3443609;2064922;14
FR;1;2021-03-12;103319;45269;1;3546928;2110191;15
FR;1;2021-03-13;88522;12734;0;3635450;2122925;15
FR;1;2021-03-14;44134;3025;0;3679584;2125950;15
FR;1;2021-03-15;94726;29097;0;3774310;2155047;15
FR;1;2021-03-16;122913;34869;1;3897223;2189916;16
FR;1;2021-03-17;128670;34804;2;4025893;2224720;18
FR;1;2021-03-18;142138;39680;1;4168031;2264400;19
FR;1;2021-03-19;135536;32877;0;4303567;2297277;19
FR;1;2021-03-20;75573;10198;0;4379140;2307475;19
FR;1;2021-03-21;26186;2475;1;4405326;2309950;20
FR;1;2021-03-22;113999;31163;2;4519325;2341113;22
FR;1;2021-03-23;142193;38151;1;4661518;2379264;23
FR;1;2021-03-24;141151;38750;0;4802669;2418014;23
FR;1;2021-03-25;164216;39598;2;4966885;2457612;25
FR;1;2021-03-26;165666;37461;1;5132551;2495073;26
FR;1;2021-03-27;110458;15243;0;5243009;2510316;26
FR;1;2021-03-28;42032;3620;2;5285041;2513936;28
FR;1;2021-03-29;129266;49937;1;5414307;2563873;29
FR;1;2021-03-30;166847;63551;3;5581154;2627424;32
FR;1;2021-03-31;170065;66874;3;5751219;2694298;35
FR;1;2021-04-01;193055;79204;5;5944274;2773502;40
FR;1;2021-04-02;163521;84292;4;6107795;2857794;44
FR;1;2021-04-03;87642;58149;3;6195437;2915943;47
FR;1;2021-04-04;32681;17725;0;6228118;2933668;47
FR;1;2021-04-05;43056;10169;3;6271174;2943837;50
FR;1;2021-04-06;159144;100846;6;6430318;3044683;56
FR;1;2021-04-07;195560;108221;5;6625878;3152904;61
FR;1;2021-04-08;220473;112357;6;6846351;3265261;67
FR;1;2021-04-09;213129;107472;6;7059480;3372733;73
FR;1;2021-04-10;116468;73437;8;7175948;3446170;81
FR;1;2021-04-11;40429;30274;3;7216377;3476444;84
FR;1;2021-04-12;167360;103763;29;7383737;3580207;113
FR;1;2021-04-13;202474;128211;56;7586211;3708418;169
FR;1;2021-04-14;206843;122781;110;7793054;3831199;279
FR;1;2021-04-15;219648;126732;143;8012702;3957931;422
FR;1;2021-04-16;204941;125119;169;8217643;4083050;591
FR;1;2021-04-17;121429;67462;42;8339072;4150512;633
FR;1;2021-04-18;35545;20990;20;8374617;4171502;653
FR;1;2021-04-19;162685;121878;318;8537302;4293380;971
FR;1;2021-04-20;187976;148736;323;8725278;4442116;1294
FR;1;2021-04-21;192583;146679;479;8917861;4588795;1773
FR;1;2021-04-22;207609;162585;499;9125470;4751380;2272
FR;1;2021-04-23;197772;156898;429;9323242;4908278;2701
FR;1;2021-04-24;125542;95489;70;9448784;5003767;2771
FR;1;2021-04-25;53181;30125;22;9501965;5033892;2793
FR;1;2021-04-26;180152;138242;324;9682117;5172134;3117
FR;1;2021-04-27;220010;161928;566;9902127;5334062;3683
FR;1;2021-04-28;237010;155067;953;10139137;5489129;4636
FR;1;2021-04-29;268710;160018;828;10407847;5649147;5464
FR;1;2021-04-30;270407;148115;691;10678254;5797262;6155
FR;1;2021-05-01;138937;40703;103;10817191;5837965;6258
FR;1;2021-05-02;80808;28149;48;10897999;5866114;6306
FR;1;2021-05-03;248254;146423;512;11146253;6012537;6818
FR;1;2021-05-04;263398;186800;735;11409651;6199337;7553
FR;1;2021-05-05;280469;184524;730;11690120;6383861;8283
FR;1;2021-05-06;306997;182978;980;11997117;6566839;9263
FR;1;2021-05-07;281992;195678;685;12279109;6762517;9948
FR;1;2021-05-08;190587;48324;137;12469696;6810841;10085
FR;1;2021-05-09;113448;36199;86;12583144;6847040;10171
FR;1;2021-05-10;254384;194212;693;12837528;7041252;10864
FR;1;2021-05-11;316382;211340;923;13153910;7252592;11787
FR;1;2021-05-12;353497;185864;780;13507407;7438456;12567
FR;1;2021-05-13;281011;47629;223;13788418;7486085;12790
FR;1;2021-05-14;367579;128816;581;14155997;7614901;13371
FR;1;2021-05-15;295254;66130;199;14451251;7681031;13570
FR;1;2021-05-16;156813;15576;75;14608064;7696607;13645
FR;1;2021-05-17;316643;116659;849;14924707;7813266;14494
FR;1;2021-05-18;379830;111295;1077;15304537;7924561;15571
FR;1;2021-05-19;392718;102880;1377;15697255;8027441;16948
FR;1;2021-05-20;418726;96288;1210;16115981;8123729;18158
FR;1;2021-05-21;397159;97343;1020;16513140;8221072;19178
FR;1;2021-05-22;274108;42070;336;16787248;8263142;19514
FR;1;2021-05-23;122348;11203;134;16909596;8274345;19648
FR;1;2021-05-24;242663;26296;327;17152259;8300641;19975
FR;1;2021-05-25;363657;131908;1246;17515916;8432549;21221
FR;1;2021-05-26;378420;125652;1217;17894336;8558201;22438
FR;1;2021-05-27;403673;128181;1238;18298009;8686382;23676
FR;1;2021-05-28;363839;145514;986;18661848;8831896;24662
FR;1;2021-05-29;252751;80961;303;18914599;8912857;24965
FR;1;2021-05-30;100271;22562;91;19014870;8935419;25056
FR;1;2021-05-31;312458;148788;781;19327328;9084207;25837
FR;1;2021-06-01;353728;166747;1044;19681056;9250954;26881
FR;1;2021-06-02;358152;153220;1086;20039208;9404174;27967
FR;1;2021-06-03;384535;147724;942;20423743;9551898;28909
FR;1;2021-06-04;359844;175637;876;20783587;9727535;29785
FR;1;2021-06-05;256341;112774;356;21039928;9840309;30141
FR;1;2021-06-06;125195;37522;130;21165123;9877831;30271
FR;1;2021-06-07;296102;208152;800;21461225;10085983;31071
FR;1;2021-06-08;327180;221041;910;21788405;10307024;31981
FR;1;2021-06-09;332574;212645;1001;22120979;10519669;32982
FR;1;2021-06-10;338385;202232;1024;22459364;10721901;34006
FR;1;2021-06-11;309291;235498;723;22768655;10957399;34729
FR;1;2021-06-12;242244;150825;241;23010899;11108224;34970
FR;1;2021-06-13;99488;61065;105;23110387;11169289;35075
FR;1;2021-06-14;205368;289111;793;23315755;11458400;35868
FR;1;2021-06-15;253604;282487;830;23569359;11740887;36698
FR;1;2021-06-16;270584;270529;780;23839943;12011416;37478
FR;1;2021-06-17;265336;244473;709;24105279;12255889;38187
FR;1;2021-06-18;258164;296064;642;24363443;12551953;38829
FR;1;2021-06-19;192274;209639;220;24555717;12761592;39049
FR;1;2021-06-20;68871;89167;63;24624588;12850759;39112
FR;1;2021-06-21;170175;320063;552;24794763;13170822;39664
FR;1;2021-06-22;183716;347750;645;24978479;13518572;40309
FR;1;2021-06-23;201720;339456;643;25180199;13858028;40952
FR;1;2021-06-24;201289;281818;675;25381488;14139846;41627
FR;1;2021-06-25;179865;371967;703;25561353;14511813;42330
FR;1;2021-06-26;130224;278425;268;25691577;14790238;42598
FR;1;2021-06-27;51833;123028;78;25743410;14913266;42676
FR;1;2021-06-28;134991;368446;652;25878401;15281712;43328
FR;1;2021-06-29;153339;389608;1706;26031740;15671320;45034
FR;1;2021-06-30;178072;378380;1558;26209812;16049700;46592
FR;1;2021-07-01;195592;332188;1811;26405404;16381888;48403
FR;1;2021-07-02;188787;367826;1692;26594191;16749714;50095
FR;1;2021-07-03;122831;280582;684;26717022;17030296;50779
FR;1;2021-07-04;53213;113758;239;26770235;17144054;51018
FR;1;2021-07-05;150277;356248;1430;26920512;17500302;52448
FR;1;2021-07-06;170787;382770;1519;27091299;17883072;53967
FR;1;2021-07-07;187107;362779;1534;27278406;18245851;55501
FR;1;2021-07-08;198838;323146;1754;27477244;18568997;57255
FR;1;2021-07-09;187806;386753;1777;27665050;18955750;59032
FR;1;2021-07-10;128425;281032;779;27793475;19236782;59811
FR;1;2021-07-11;57031;102479;247;27850506;19339261;60058
FR;1;2021-07-12;147425;417045;1542;27997931;19756306;61600
FR;1;2021-07-13;232160;439699;1742;28230091;20196005;63342
FR;1;2021-07-14;170157;151628;404;28400248;20347633;63746
FR;1;2021-07-15;277048;424749;1780;28677296;20772382;65526
FR;1;2021-07-16;288369;401381;1643;28965665;21173763;67169
FR;1;2021-07-17;216173;282304;716;29181838;21456067;67885
FR;1;2021-07-18;101393;107460;283;29283231;21563527;68168
FR;1;2021-07-19;236507;379451;1451;29519738;21942978;69619
FR;1;2021-07-20;303699;381293;1409;29823437;22324271;71028
FR;1;2021-07-21;331284;353812;1361;30154721;22678083;72389
FR;1;2021-07-22;362414;319470;1453;30517135;22997553;73842
FR;1;2021-07-23;346028;343177;1503;30863163;23340730;75345
FR;1;2021-07-24;238337;241356;664;31101500;23582086;76009
FR;1;2021-07-25;112190;76154;211;31213690;23658240;76220
FR;1;2021-07-26;297885;290444;1454;31511575;23948684;77674
FR;1;2021-07-27;383792;268919;1411;31895367;24217603;79085
FR;1;2021-07-28;388219;251553;1426;32283586;24469156;80511
FR;1;2021-07-29;403967;227903;1501;32687553;24697059;82012
FR;1;2021-07-30;368592;246701;1593;33056145;24943760;83605
FR;1;2021-07-31;242751;164970;769;33298896;25108730;84374
FR;1;2021-08-01;103363;47211;207;33402259;25155941;84581
FR;1;2021-08-02;290838;212786;1429;33693097;25368727;86010
FR;1;2021-08-03;326909;209274;1468;34020006;25578001;87478
FR;1;2021-08-04;325510;184337;1376;34345516;25762338;88854
FR;1;2021-08-05;298806;193183;1424;34644322;25955521;90278
FR;1;2021-08-06;288638;224565;1509;34932960;26180086;91787
FR;1;2021-08-07;181364;158810;631;35114324;26338896;92418
FR;1;2021-08-08;67694;59152;215;35182018;26398048;92633
FR;1;2021-08-09;220884;236000;1384;35402902;26634048;94017
FR;1;2021-08-10;249443;240857;1421;35652345;26874905;95438
FR;1;2021-08-11;233584;232499;1198;35885929;27107404;96636
FR;1;2021-08-12;218597;239819;1417;36104526;27347223;98053
FR;1;2021-08-13;199989;236777;1317;36304515;27584000;99370
FR;1;2021-08-14;121764;174419;618;36426279;27758419;99988
FR;1;2021-08-15;34008;46201;166;36460287;27804620;100154
FR;1;2021-08-16;155290;289913;1348;36615577;28094533;101502
FR;1;2021-08-17;169496;291808;1354;36785073;28386341;102856
FR;1;2021-08-18;159465;286932;1329;36944538;28673273;104185
FR;1;2021-08-19;147344;277294;1323;37091882;28950567;105508
FR;1;2021-08-20;138156;307765;1424;37230038;29258332;106932
FR;1;2021-08-21;83551;213131;546;37313589;29471463;107478
FR;1;2021-08-22;28217;82707;197;37341806;29554170;107675
FR;1;2021-08-23;117490;320876;1363;37459296;29875046;109038
FR;1;2021-08-24;125310;319777;1527;37584606;30194823;110565
FR;1;2021-08-25;119769;306221;1692;37704375;30501044;112257
FR;1;2021-08-26;105190;285434;2085;37809565;30786478;114342
FR;1;2021-08-27;106045;320656;2249;37915610;31107134;116591
FR;1;2021-08-28;70289;220715;1059;37985899;31327849;117650
FR;1;2021-08-29;23845;77951;433;38009744;31405800;118083
FR;1;2021-08-30;95317;286165;4226;38105061;31691965;122309
FR;1;2021-08-31;97010;276314;9086;38202071;31968279;131395
FR;1;2021-09-01;95996;244663;20528;38298067;32212942;151923
FR;1;2021-09-02;75170;197827;23830;38373237;32410769;175753
FR;1;2021-09-03;77400;227295;26440;38450637;32638064;202193
FR;1;2021-09-04;69276;189587;10958;38519913;32827651;213151
FR;1;2021-09-05;18133;41203;4021;38538046;32868854;217172
FR;1;2021-09-06;53490;151597;29712;38591536;33020451;246884
FR;1;2021-09-07;50844;139541;29498;38642380;33159992;276382
FR;1;2021-09-08;65595;173696;26419;38707975;33333688;302801
FR;1;2021-09-09;48859;124098;27420;38756834;33457786;330221
FR;1;2021-09-10;59771;151610;28997;38816605;33609396;359218
FR;1;2021-09-11;49838;146473;9466;38866443;33755869;368684
FR;1;2021-09-12;10280;29193;2361;38876723;33785062;371045
FR;1;2021-09-13;45027;104490;37282;38921750;33889552;408327
FR;1;2021-09-14;49686;95789;49157;38971436;33985341;457484
FR;1;2021-09-15;55389;138805;48771;39026825;34124146;506255
FR;1;2021-09-16;43073;81073;50837;39069898;34205219;557092
FR;1;2021-09-17;49587;109054;43370;39119485;34314273;600462
FR;1;2021-09-18;35717;118205;11485;39155202;34432478;611947
FR;1;2021-09-19;6045;21030;1924;39161247;34453508;613871
FR;1;2021-09-20;31973;74539;44283;39193220;34528047;658154
FR;1;2021-09-21;31972;68147;53436;39225192;34596194;711590
FR;1;2021-09-22;36149;117226;47140;39261341;34713420;758730
FR;1;2021-09-23;29887;61525;50746;39291228;34774945;809476
FR;1;2021-09-24;34517;88633;41239;39325745;34863578;850715
FR;1;2021-09-25;25374;96062;12050;39351119;34959640;862765
FR;1;2021-09-26;3972;15196;1697;39355091;34974836;864462
FR;1;2021-09-27;25485;59808;40978;39380576;35034644;905440
FR;1;2021-09-28;25119;48605;44098;39405695;35083249;949538
FR;1;2021-09-29;33898;79828;44075;39439593;35163077;993613
FR;1;2021-09-30;23852;44443;43509;39463445;35207520;1037122
FR;1;2021-10-01;31104;62864;42552;39494549;35270384;1079674
FR;1;2021-10-02;28299;61794;15821;39522848;35332178;1095495
FR;1;2021-10-03;3934;8583;1946;39526782;35340761;1097441
FR;1;2021-10-04;21502;43678;44829;39548284;35384439;1142270
FR;1;2021-10-05;19375;41170;45008;39567659;35425609;1187278
FR;2;2020-12-27;0;0;0;0;0;0
FR;2;2020-12-28;0;0;0;0;0;0
FR;2;2020-12-29;0;0;0;0;0;0
FR;2;2020-12-30;0;0;0;0;0;0
FR;2;2020-12-31;0;0;0;0;0;0
FR;2;2021-01-01;0;0;0;0;0;0
FR;2;2021-01-02;0;0;0;0;0;0
FR;2;2021-01-03;0;0;0;0;0;0
FR;2;2021-01-04;0;0;0;0;0;0
FR;2;2021-01-05;0;0;0;0;0;0
FR;2;2021-01-06;0;0;0;0;0;0
FR;2;2021-01-07;0;0;0;0;0;0
FR;2;2021-01-08;0;0;0;0;0;0
FR;2;2021-01-09;0;0;0;0;0;0
FR;2;2021-01-10;0;0;0;0;0;0
FR;2;2021-01-11;0;0;0;0;0;0
FR;2;2021-01-12;0;0;0;0;0;0
FR;2;2021-01-13;0;0;0;0;0;0
FR;2;2021-01-14;1154;0;0;1154;0;0
FR;2;2021-01-15;324;0;0;1478;0;0
FR;2;2021-01-16;260;0;0;1738;0;0
FR;2;2021-01-17;44;0;0;1782;0;0
FR;2;2021-01-18;3023;0;0;4805;0;0
FR;2;2021-01-19;4626;0;0;9431;0;0
FR;2;2021-01-20;5066;0;0;14497;0;0
FR;2;2021-01-21;5263;0;0;19760;0;0
FR;2;2021-01-22;5040;0;0;24800;0;0
FR;2;2021-01-23;1829;0;0;26629;0;0
FR;2;2021-01-24;146;0;0;26775;0;0
FR;2;2021-01-25;3741;0;0;30516;0;0
FR;2;2021-01-26;3835;0;0;34351;0;0
FR;2;2021-01-27;3525;0;0;37876;0;0
FR;2;2021-01-28;3643;0;0;41519;0;0
FR;2;2021-01-29;3208;0;0;44727;0;0
FR;2;2021-01-30;1109;0;0;45836;0;0
FR;2;2021-01-31;26;0;0;45862;0;0
FR;2;2021-02-01;3329;0;0;49191;0;0
FR;2;2021-02-02;4409;0;0;53600;0;0
FR;2;2021-02-03;5151;0;0;58751;0;0
FR;2;2021-02-04;4838;4;0;63589;4;0
FR;2;2021-02-05;4725;6;0;68314;10;0
FR;2;2021-02-06;1990;3;0;70304;13;0
FR;2;2021-02-07;77;0;0;70381;13;0
FR;2;2021-02-08;7483;8;0;77864;21;0
FR;2;2021-02-09;8343;15;0;86207;36;0
FR;2;2021-02-10;9248;50;0;95455;86;0
FR;2;2021-02-11;10169;66;0;105624;152;0
FR;2;2021-02-12;9932;238;0;115556;390;0
FR;2;2021-02-13;3079;221;0;118635;611;0
FR;2;2021-02-14;327;0;0;118962;611;0
FR;2;2021-02-15;3404;3064;0;122366;3675;0
FR;2;2021-02-16;5010;3876;0;127376;7551;0
FR;2;2021-02-17;4187;4398;0;131563;11949;0
FR;2;2021-02-18;5327;5087;0;136890;17036;0
FR;2;2021-02-19;5268;4323;0;142158;21359;0
FR;2;2021-02-20;1815;1508;0;143973;22867;0
FR;2;2021-02-21;215;86;0;144188;22953;0
FR;2;2021-02-22;3574;3721;0;147762;26674;0
FR;2;2021-02-23;4896;3688;0;152658;30362;0
FR;2;2021-02-24;4922;3463;0;157580;33825;0
FR;2;2021-02-25;5396;3424;0;162976;37249;0
FR;2;2021-02-26;4301;3121;0;167277;40370;0
FR;2;2021-02-27;1576;1042;0;168853;41412;0
FR;2;2021-02-28;144;28;0;168997;41440;0
FR;2;2021-03-01;5059;3764;0;174056;45204;0
FR;2;2021-03-02;6415;4723;0;180471;49927;0
FR;2;2021-03-03;6430;4881;0;186901;54808;0
FR;2;2021-03-04;8259;3961;0;195160;58769;0
FR;2;2021-03-05;7912;4053;0;203072;62822;0
FR;2;2021-03-06;4707;1682;0;207779;64504;0
FR;2;2021-03-07;2344;29;0;210123;64533;0
FR;2;2021-03-08;4084;8307;0;214207;72840;0
FR;2;2021-03-09;7391;8422;1;221598;81262;1
FR;2;2021-03-10;6978;9105;0;228576;90367;1
FR;2;2021-03-11;9259;9198;0;237835;99565;1
FR;2;2021-03-12;7861;8157;0;245696;107722;1
FR;2;2021-03-13;9973;2510;0;255669;110232;1
FR;2;2021-03-14;4808;400;0;260477;110632;1
FR;2;2021-03-15;10793;3482;0;271270;114114;1
FR;2;2021-03-16;16639;4619;0;287909;118733;1
FR;2;2021-03-17;20080;3952;0;307989;122685;1
FR;2;2021-03-18;23200;4902;0;331189;127587;1
FR;2;2021-03-19;23138;4534;0;354327;132121;1
FR;2;2021-03-20;25322;1538;0;379649;133659;1
FR;2;2021-03-21;17595;147;0;397244;133806;1
FR;2;2021-03-22;17622;3079;0;414866;136885;1
FR;2;2021-03-23;22501;4182;0;437367;141067;1
FR;2;2021-03-24;23774;4985;0;461141;146052;1
FR;2;2021-03-25;26546;5018;0;487687;151070;1
FR;2;2021-03-26;26802;4262;0;514489;155332;1
FR;2;2021-03-27;15816;1308;0;530305;156640;1
FR;2;2021-03-28;10510;92;0;540815;156732;1
FR;2;2021-03-29;18845;4277;0;559660;161009;1
FR;2;2021-03-30;24370;6016;0;584030;167025;1
FR;2;2021-03-31;28388;5953;0;612418;172978;1
FR;2;2021-04-01;34306;8476;0;646724;181454;1
FR;2;2021-04-02;29789;7683;0;676513;189137;1
FR;2;2021-04-03;16852;3578;0;693365;192715;1
FR;2;2021-04-04;9236;918;1;702601;193633;2
FR;2;2021-04-05;12282;807;0;714883;194440;2
FR;2;2021-04-06;26945;6925;0;741828;201365;2
FR;2;2021-04-07;30752;7155;0;772580;208520;2
FR;2;2021-04-08;36694;8817;0;809274;217337;2
FR;2;2021-04-09;33648;8590;27;842922;225927;29
FR;2;2021-04-10;19565;8969;0;862487;234896;29
FR;2;2021-04-11;7869;4270;0;870356;239166;29
FR;2;2021-04-12;16966;11248;0;887322;250414;29
FR;2;2021-04-13;19298;16416;1;906620;266830;30
FR;2;2021-04-14;17851;16277;2;924471;283107;32
FR;2;2021-04-15;22017;20751;25;946488;303858;57
FR;2;2021-04-16;20551;20069;39;967039;323927;96
FR;2;2021-04-17;13149;22457;3;980188;346384;99
FR;2;2021-04-18;5841;14403;2;986029;360787;101
FR;2;2021-04-19;16618;16250;17;1002647;377037;118
FR;2;2021-04-20;19096;21572;24;1021743;398609;142
FR;2;2021-04-21;20042;21661;45;1041785;420270;187
FR;2;2021-04-22;23575;24850;17;1065360;445120;204
FR;2;2021-04-23;24333;25347;63;1089693;470467;267
FR;2;2021-04-24;25160;15102;16;1114853;485569;283
FR;2;2021-04-25;9538;8587;4;1124391;494156;287
FR;2;2021-04-26;17001;17197;14;1141392;511353;301
FR;2;2021-04-27;19107;24297;32;1160499;535650;333
FR;2;2021-04-28;22176;26176;97;1182675;561826;430
FR;2;2021-04-29;25291;30125;54;1207966;591951;484
FR;2;2021-04-30;25404;27767;32;1233370;619718;516
FR;2;2021-05-01;14872;9856;3;1248242;629574;519
FR;2;2021-05-02;6571;9181;2;1254813;638755;521
FR;2;2021-05-03;19832;19315;15;1274645;658070;536
FR;2;2021-05-04;18122;29048;13;1292767;687118;549
FR;2;2021-05-05;18093;29403;24;1310860;716521;573
FR;2;2021-05-06;23314;35281;91;1334174;751802;664
FR;2;2021-05-07;25043;33218;68;1359217;785020;732
FR;2;2021-05-08;21153;9700;7;1380370;794720;739
FR;2;2021-05-09;13076;7891;2;1393446;802611;741
FR;2;2021-05-10;32636;22209;20;1426082;824820;761
FR;2;2021-05-11;43269;21066;43;1469351;845886;804
FR;2;2021-05-12;49678;19894;69;1519029;865780;873
FR;2;2021-05-13;50986;5765;13;1570015;871545;886
FR;2;2021-05-14;60989;12947;79;1631004;884492;965
FR;2;2021-05-15;65588;7147;12;1696592;891639;977
FR;2;2021-05-16;43321;2575;4;1739913;894214;981
FR;2;2021-05-17;44445;12581;51;1784358;906795;1032
FR;2;2021-05-18;54298;12242;70;1838656;919037;1102
FR;2;2021-05-19;56808;10609;123;1895464;929646;1225
FR;2;2021-05-20;63034;10872;136;1958498;940518;1361
FR;2;2021-05-21;63915;11659;117;2022413;952177;1478
FR;2;2021-05-22;61206;4513;30;2083619;956690;1508
FR;2;2021-05-23;37317;570;9;2120936;957260;1517
FR;2;2021-05-24;17009;2030;19;2137945;959290;1536
FR;2;2021-05-25;20813;12235;144;2158758;971525;1680
FR;2;2021-05-26;19590;11453;148;2178348;982978;1828
FR;2;2021-05-27;22679;12659;123;2201027;995637;1951
FR;2;2021-05-28;29118;14974;124;2230145;1010611;2075
FR;2;2021-05-29;30224;8181;33;2260369;1018792;2108
FR;2;2021-05-30;4559;1809;2;2264928;1020601;2110
FR;2;2021-05-31;28366;18746;115;2293294;1039347;2225
FR;2;2021-06-01;45284;20064;144;2338578;1059411;2369
FR;2;2021-06-02;37187;19303;97;2375765;1078714;2466
FR;2;2021-06-03;50940;23378;93;2426705;1102092;2559
FR;2;2021-06-04;65211;24092;131;2491916;1126184;2690
FR;2;2021-06-05;34302;24037;22;2526218;1150221;2712
FR;2;2021-06-06;4837;6201;4;2531055;1156422;2716
FR;2;2021-06-07;27900;23092;87;2558955;1179514;2803
FR;2;2021-06-08;46097;22954;89;2605052;1202468;2892
FR;2;2021-06-09;34044;20911;51;2639096;1223379;2943
FR;2;2021-06-10;42374;19151;34;2681470;1242530;2977
FR;2;2021-06-11;55053;25244;69;2736523;1267774;3046
FR;2;2021-06-12;30402;19810;28;2766925;1287584;3074
FR;2;2021-06-13;3240;9187;4;2770165;1296771;3078
FR;2;2021-06-14;25104;24185;50;2795269;1320956;3128
FR;2;2021-06-15;38787;22883;71;2834056;1343839;3199
FR;2;2021-06-16;29969;21479;88;2864025;1365318;3287
FR;2;2021-06-17;36676;25897;77;2900701;1391215;3364
FR;2;2021-06-18;46671;28796;64;2947372;1420011;3428
FR;2;2021-06-19;24418;24915;21;2971790;1444926;3449
FR;2;2021-06-20;2852;10069;5;2974642;1454995;3454
FR;2;2021-06-21;17332;42764;51;2991974;1497759;3505
FR;2;2021-06-22;28186;49606;70;3020160;1547365;3575
FR;2;2021-06-23;21640;49612;64;3041800;1596977;3639
FR;2;2021-06-24;28241;50299;85;3070041;1647276;3724
FR;2;2021-06-25;33244;60416;83;3103285;1707692;3807
FR;2;2021-06-26;16262;59279;28;3119547;1766971;3835
FR;2;2021-06-27;2512;29350;12;3122059;1796321;3847
FR;2;2021-06-28;12490;54368;38;3134549;1850689;3885
FR;2;2021-06-29;19732;59893;174;3154281;1910582;4059
FR;2;2021-06-30;16204;57762;214;3170485;1968344;4273
FR;2;2021-07-01;20269;59909;212;3190754;2028253;4485
FR;2;2021-07-02;23887;62213;181;3214641;2090466;4666
FR;2;2021-07-03;11993;57099;155;3226634;2147565;4821
FR;2;2021-07-04;1902;23331;20;3228536;2170896;4841
FR;2;2021-07-05;8993;29362;101;3237529;2200258;4942
FR;2;2021-07-06;14394;36203;129;3251923;2236461;5071
FR;2;2021-07-07;14121;33679;135;3266044;2270140;5206
FR;2;2021-07-08;19501;40294;159;3285545;2310434;5365
FR;2;2021-07-09;26917;54279;194;3312462;2364713;5559
FR;2;2021-07-10;13257;33673;108;3325719;2398386;5667
FR;2;2021-07-11;1639;4329;12;3327358;2402715;5679
FR;2;2021-07-12;12808;37278;110;3340166;2439993;5789
FR;2;2021-07-13;36943;53277;151;3377109;2493270;5940
FR;2;2021-07-14;6416;3576;14;3383525;2496846;5954
FR;2;2021-07-15;46998;47046;151;3430523;2543892;6105
FR;2;2021-07-16;64093;55868;183;3494616;2599760;6288
FR;2;2021-07-17;31425;23953;95;3526041;2623713;6383
FR;2;2021-07-18;5989;4946;18;3532030;2628659;6401
FR;2;2021-07-19;32820;28728;89;3564850;2657387;6490
FR;2;2021-07-20;51781;44598;143;3616631;2701985;6633
FR;2;2021-07-21;45030;34833;90;3661661;2736818;6723
FR;2;2021-07-22;56040;41105;123;3717701;2777923;6846
FR;2;2021-07-23;68095;49135;168;3785796;2827058;7014
FR;2;2021-07-24;36008;21555;79;3821804;2848613;7093
FR;2;2021-07-25;6644;2678;10;3828448;2851291;7103
FR;2;2021-07-26;36107;22502;88;3864555;2873793;7191
FR;2;2021-07-27;62145;34652;178;3926700;2908445;7369
FR;2;2021-07-28;55066;26488;129;3981766;2934933;7498
FR;2;2021-07-29;68167;32792;182;4049933;2967725;7680
FR;2;2021-07-30;74139;37787;214;4124072;3005512;7894
FR;2;2021-07-31;34558;16164;94;4158630;3021676;7988
FR;2;2021-08-01;5232;2300;13;4163862;3023976;8001
FR;2;2021-08-02;35547;16165;94;4199409;3040141;8095
FR;2;2021-08-03;55692;28249;135;4255101;3068390;8230
FR;2;2021-08-04;46377;20838;127;4301478;3089228;8357
FR;2;2021-08-05;54359;31592;208;4355837;3120820;8565
FR;2;2021-08-06;57869;42360;231;4413706;3163180;8796
FR;2;2021-08-07;24992;17593;90;4438698;3180773;8886
FR;2;2021-08-08;3749;3667;19;4442447;3184440;8905
FR;2;2021-08-09;29150;21149;83;4471597;3205589;8988
FR;2;2021-08-10;44797;33527;149;4516394;3239116;9137
FR;2;2021-08-11;35097;25146;141;4551491;3264262;9278
FR;2;2021-08-12;41730;35737;154;4593221;3299999;9432
FR;2;2021-08-13;42453;36229;203;4635674;3336228;9635
FR;2;2021-08-14;18397;22627;90;4654071;3358855;9725
FR;2;2021-08-15;2971;3845;13;4657042;3362700;9738
FR;2;2021-08-16;24972;27376;96;4682014;3390076;9834
FR;2;2021-08-17;38129;43531;188;4720143;3433607;10022
FR;2;2021-08-18;32134;36399;180;4752277;3470006;10202
FR;2;2021-08-19;37294;46580;210;4789571;3516586;10412
FR;2;2021-08-20;40389;55488;247;4829960;3572074;10659
FR;2;2021-08-21;18016;24258;101;4847976;3596332;10760
FR;2;2021-08-22;2870;4315;19;4850846;3600647;10779
FR;2;2021-08-23;19142;35127;116;4869988;3635774;10895
FR;2;2021-08-24;31808;56041;218;4901796;3691815;11113
FR;2;2021-08-25;25816;43414;231;4927612;3735229;11344
FR;2;2021-08-26;32210;55655;371;4959822;3790884;11715
FR;2;2021-08-27;36834;65412;453;4996656;3856296;12168
FR;2;2021-08-28;17707;28347;283;5014363;3884643;12451
FR;2;2021-08-29;2614;5094;45;5016977;3889737;12496
FR;2;2021-08-30;18261;37788;353;5035238;3927525;12849
FR;2;2021-08-31;27929;57472;844;5063167;3984997;13693
FR;2;2021-09-01;21279;39772;1259;5084446;4024769;14952
FR;2;2021-09-02;25137;48564;1897;5109583;4073333;16849
FR;2;2021-09-03;33047;64347;2854;5142630;4137680;19703
FR;2;2021-09-04;16580;27546;1397;5159210;4165226;21100
FR;2;2021-09-05;2197;3732;244;5161407;4168958;21344
FR;2;2021-09-06;13795;28746;1732;5175202;4197704;23076
FR;2;2021-09-07;20848;41015;2920;5196050;4238719;25996
FR;2;2021-09-08;16950;31931;2684;5213000;4270650;28680
FR;2;2021-09-09;20658;40402;4272;5233658;4311052;32952
FR;2;2021-09-10;27862;51001;5141;5261520;4362053;38093
FR;2;2021-09-11;13407;21987;2273;5274927;4384040;40366
FR;2;2021-09-12;1742;2850;265;5276669;4386890;40631
FR;2;2021-09-13;11394;21499;2382;5288063;4408389;43013
FR;2;2021-09-14;18210;32758;4888;5306273;4441147;47901
FR;2;2021-09-15;14390;28385;5067;5320663;4469532;52968
FR;2;2021-09-16;15758;32710;6609;5336421;4502242;59577
FR;2;2021-09-17;20452;47004;8630;5356873;4549246;68207
FR;2;2021-09-18;9640;20844;3721;5366513;4570090;71928
FR;2;2021-09-19;1122;2729;377;5367635;4572819;72305
FR;2;2021-09-20;7232;18866;3730;5374867;4591685;76035
FR;2;2021-09-21;10964;30031;6409;5385831;4621716;82444
FR;2;2021-09-22;9127;23544;5405;5394958;4645260;87849
FR;2;2021-09-23;10454;28861;7750;5405412;4674121;95599
FR;2;2021-09-24;14740;42746;10685;5420152;4716867;106284
FR;2;2021-09-25;6955;18594;3870;5427107;4735461;110154
FR;2;2021-09-26;1028;2590;482;5428135;4738051;110636
FR;2;2021-09-27;6120;16464;4193;5434255;4754515;114829
FR;2;2021-09-28;9038;25523;7605;5443293;4780038;122434
FR;2;2021-09-29;7853;20234;5905;5451146;4800272;128339
FR;2;2021-09-30;9610;25716;9269;5460756;4825988;137608
FR;2;2021-10-01;13374;35458;12601;5474130;4861446;150209
FR;2;2021-10-02;6500;15804;4692;5480630;4877250;154901
FR;2;2021-10-03;706;2036;457;5481336;4879286;155358
FR;2;2021-10-04;5504;13994;5405;5486840;4893280;160763
FR;2;2021-10-05;8488;22501;10746;5495328;4915781;171509
FR;3;2020-12-27;0;0;0;0;0;0
FR;3;2020-12-28;0;0;0;0;0;0
FR;3;2020-12-29;0;0;0;0;0;0
FR;3;2020-12-30;0;0;0;0;0;0
FR;3;2020-12-31;0;0;0;0;0;0
FR;3;2021-01-01;0;0;0;0;0;0
FR;3;2021-01-02;0;0;0;0;0;0
FR;3;2021-01-03;0;0;0;0;0;0
FR;3;2021-01-04;0;0;0;0;0;0
FR;3;2021-01-05;0;0;0;0;0;0
FR;3;2021-01-06;0;0;0;0;0;0
FR;3;2021-01-07;0;0;0;0;0;0
FR;3;2021-01-08;0;0;0;0;0;0
FR;3;2021-01-09;0;0;0;0;0;0
FR;3;2021-01-10;0;0;0;0;0;0
FR;3;2021-01-11;0;0;0;0;0;0
FR;3;2021-01-12;0;0;0;0;0;0
FR;3;2021-01-13;0;0;0;0;0;0
FR;3;2021-01-14;0;0;0;0;0;0
FR;3;2021-01-15;0;0;0;0;0;0
FR;3;2021-01-16;0;0;0;0;0;0
FR;3;2021-01-17;0;0;0;0;0;0
FR;3;2021-01-18;0;0;0;0;0;0
FR;3;2021-01-19;0;0;0;0;0;0
FR;3;2021-01-20;0;0;0;0;0;0
FR;3;2021-01-21;0;0;0;0;0;0
FR;3;2021-01-22;0;0;0;0;0;0
FR;3;2021-01-23;0;0;0;0;0;0
FR;3;2021-01-24;0;0;0;0;0;0
FR;3;2021-01-25;0;0;0;0;0;0
FR;3;2021-01-26;0;0;0;0;0;0
FR;3;2021-01-27;0;0;0;0;0;0
FR;3;2021-01-28;0;0;0;0;0;0
FR;3;2021-01-29;0;0;0;0;0;0
FR;3;2021-01-30;0;0;0;0;0;0
FR;3;2021-01-31;0;0;0;0;0;0
FR;3;2021-02-01;0;0;0;0;0;0
FR;3;2021-02-02;0;0;0;0;0;0
FR;3;2021-02-03;0;0;0;0;0;0
FR;3;2021-02-04;0;0;0;0;0;0
FR;3;2021-02-05;0;0;0;0;0;0
FR;3;2021-02-06;918;0;0;918;0;0
FR;3;2021-02-07;1377;0;0;2295;0;0
FR;3;2021-02-08;2707;0;0;5002;0;0
FR;3;2021-02-09;6707;0;0;11709;0;0
FR;3;2021-02-10;9466;0;0;21175;0;0
FR;3;2021-02-11;13488;0;0;34663;0;0
FR;3;2021-02-12;13199;0;0;47862;0;0
FR;3;2021-02-13;3613;0;0;51475;0;0
FR;3;2021-02-14;916;0;0;52391;0;0
FR;3;2021-02-15;10287;0;0;62678;0;0
FR;3;2021-02-16;12356;0;0;75034;0;0
FR;3;2021-02-17;10970;0;0;86004;0;0
FR;3;2021-02-18;14754;0;0;100758;0;0
FR;3;2021-02-19;14217;0;0;114975;0;0
FR;3;2021-02-20;3234;0;0;118209;0;0
FR;3;2021-02-21;581;0;0;118790;0;0
FR;3;2021-02-22;9039;0;0;127829;0;0
FR;3;2021-02-23;11231;0;0;139060;0;0
FR;3;2021-02-24;14103;0;0;153163;0;0
FR;3;2021-02-25;44732;0;0;197895;0;0
FR;3;2021-02-26;61697;0;0;259592;0;0
FR;3;2021-02-27;34660;6;0;294252;6;0
FR;3;2021-02-28;2396;0;0;296648;6;0
FR;3;2021-03-01;20211;9;0;316859;15;0
FR;3;2021-03-02;38628;12;0;355487;27;0
FR;3;2021-03-03;48422;14;0;403909;41;0
FR;3;2021-03-04;81934;18;0;485843;59;0
FR;3;2021-03-05;117783;41;0;603626;100;0
FR;3;2021-03-06;120319;47;1;723945;147;1
FR;3;2021-03-07;54978;26;0;778923;173;1
FR;3;2021-03-08;42565;20;0;821488;193;1
FR;3;2021-03-09;78701;30;0;900189;223;1
FR;3;2021-03-10;80570;36;0;980759;259;1
FR;3;2021-03-11;128070;46;0;1108829;305;1
FR;3;2021-03-12;182340;67;0;1291169;372;1
FR;3;2021-03-13;131863;49;0;1423032;421;1
FR;3;2021-03-14;13942;4;0;1436974;425;1
FR;3;2021-03-15;51929;34;0;1488903;459;1
FR;3;2021-03-16;1049;13;0;1489952;472;1
FR;3;2021-03-17;791;6;0;1490743;478;1
FR;3;2021-03-18;1387;4;0;1492130;482;1
FR;3;2021-03-19;70189;36;0;1562319;518;1
FR;3;2021-03-20;65024;35;0;1627343;553;1
FR;3;2021-03-21;5632;4;0;1632975;557;1
FR;3;2021-03-22;37237;30;0;1670212;587;1
FR;3;2021-03-23;84331;49;0;1754543;636;1
FR;3;2021-03-24;90661;88;0;1845204;724;1
FR;3;2021-03-25;149716;114;0;1994920;838;1
FR;3;2021-03-26;165068;152;0;2159988;990;1
FR;3;2021-03-27;68235;88;0;2228223;1078;1
FR;3;2021-03-28;6363;19;0;2234586;1097;1
FR;3;2021-03-29;53919;59;0;2288505;1156;1
FR;3;2021-03-30;92890;87;0;2381395;1243;1
FR;3;2021-03-31;63265;81;0;2444660;1324;1
FR;3;2021-04-01;85816;97;0;2530476;1421;1
FR;3;2021-04-02;86678;143;0;2617154;1564;1
FR;3;2021-04-03;35706;107;0;2652860;1671;1
FR;3;2021-04-04;3479;15;0;2656339;1686;1
FR;3;2021-04-05;4364;21;0;2660703;1707;1
FR;3;2021-04-06;29483;72;0;2690186;1779;1
FR;3;2021-04-07;32073;59;0;2722259;1838;1
FR;3;2021-04-08;78557;232;0;2800816;2070;1
FR;3;2021-04-09;161443;405;0;2962259;2475;1
FR;3;2021-04-10;75524;327;0;3037783;2802;1
FR;3;2021-04-11;7211;42;0;3044994;2844;1
FR;3;2021-04-12;51221;195;0;3096215;3039;1
FR;3;2021-04-13;85952;309;0;3182167;3348;1
FR;3;2021-04-14;67515;337;0;3249682;3685;1
FR;3;2021-04-15;92826;363;0;3342508;4048;1
FR;3;2021-04-16;112218;566;0;3454726;4614;1
FR;3;2021-04-17;53120;319;1;3507846;4933;2
FR;3;2021-04-18;9616;32;0;3517462;4965;2
FR;3;2021-04-19;24863;228;0;3542325;5193;2
FR;3;2021-04-20;45377;388;0;3587702;5581;2
FR;3;2021-04-21;38690;441;0;3626392;6022;2
FR;3;2021-04-22;54471;778;0;3680863;6800;2
FR;3;2021-04-23;70265;1009;0;3751128;7809;2
FR;3;2021-04-24;37065;969;0;3788193;8778;2
FR;3;2021-04-25;6074;152;0;3794267;8930;2
FR;3;2021-04-26;19533;648;0;3813800;9578;2
FR;3;2021-04-27;34202;1240;0;3848002;10818;2
FR;3;2021-04-28;28745;1925;0;3876747;12743;2
FR;3;2021-04-29;45153;5946;0;3921900;18689;2
FR;3;2021-04-30;55267;8920;0;3977167;27609;2
FR;3;2021-05-01;9373;1963;0;3986540;29572;2
FR;3;2021-05-02;2933;498;0;3989473;30070;2
FR;3;2021-05-03;12843;3880;0;4002316;33950;2
FR;3;2021-05-04;22840;8422;0;4025156;42372;2
FR;3;2021-05-05;18478;10567;0;4043634;52939;2
FR;3;2021-05-06;34350;20889;0;4077984;73828;2
FR;3;2021-05-07;43986;28383;0;4121970;102211;2
FR;3;2021-05-08;6626;8875;0;4128596;111086;2
FR;3;2021-05-09;1692;2650;0;4130288;113736;2
FR;3;2021-05-10;14750;12553;0;4145038;126289;2
FR;3;2021-05-11;26837;25717;0;4171875;152006;2
FR;3;2021-05-12;17064;27443;1;4188939;179449;3
FR;3;2021-05-13;2142;3481;0;4191081;182930;3
FR;3;2021-05-14;14351;25732;0;4205432;208662;3
FR;3;2021-05-15;7082;20728;0;4212514;229390;3
FR;3;2021-05-16;887;2677;0;4213401;232067;3
FR;3;2021-05-17;7743;19904;0;4221144;251971;3
FR;3;2021-05-18;13183;29625;0;4234327;281596;3
FR;3;2021-05-19;9035;31853;0;4243362;313449;3
FR;3;2021-05-20;12565;53204;2;4255927;366653;5
FR;3;2021-05-21;12543;65522;0;4268470;432175;5
FR;3;2021-05-22;4822;33293;1;4273292;465468;6
FR;3;2021-05-23;553;2664;0;4273845;468132;6
FR;3;2021-05-24;676;4914;0;4274521;473046;6
FR;3;2021-05-25;5074;45168;0;4279595;518214;6
FR;3;2021-05-26;4760;51046;1;4284355;569260;7
FR;3;2021-05-27;6106;77824;1;4290461;647084;8
FR;3;2021-05-28;7362;99093;0;4297823;746177;8
FR;3;2021-05-29;3185;60277;1;4301008;806454;9
FR;3;2021-05-30;416;8243;0;4301424;814697;9
FR;3;2021-05-31;2193;35985;0;4303617;850682;9
FR;3;2021-06-01;3119;64807;5;4306736;915489;14
FR;3;2021-06-02;2522;58341;0;4309258;973830;14
FR;3;2021-06-03;3311;87572;3;4312569;1061402;17
FR;3;2021-06-04;3964;105110;12;4316533;1166512;29
FR;3;2021-06-05;1862;52236;0;4318395;1218748;29
FR;3;2021-06-06;338;5399;0;4318733;1224147;29
FR;3;2021-06-07;1218;31179;3;4319951;1255326;32
FR;3;2021-06-08;1827;47275;9;4321778;1302601;41
FR;3;2021-06-09;1548;42392;8;4323326;1344993;49
FR;3;2021-06-10;2015;67986;7;4325341;1412979;56
FR;3;2021-06-11;2338;96788;17;4327679;1509767;73
FR;3;2021-06-12;1045;40835;4;4328724;1550602;77
FR;3;2021-06-13;173;3823;1;4328897;1554425;78
FR;3;2021-06-14;860;42658;11;4329757;1597083;89
FR;3;2021-06-15;1209;80685;5;4330966;1677768;94
FR;3;2021-06-16;1089;65775;7;4332055;1743543;101
FR;3;2021-06-17;1498;101845;20;4333553;1845388;121
FR;3;2021-06-18;1778;117914;24;4335331;1963302;145
FR;3;2021-06-19;744;39401;11;4336075;2002703;156
FR;3;2021-06-20;97;3383;0;4336172;2006086;156
FR;3;2021-06-21;627;39287;9;4336799;2045373;165
FR;3;2021-06-22;938;70010;33;4337737;2115383;198
FR;3;2021-06-23;827;50844;15;4338564;2166227;213
FR;3;2021-06-24;1208;77204;24;4339772;2243431;237
FR;3;2021-06-25;1309;89960;40;4341081;2333391;277
FR;3;2021-06-26;559;33134;12;4341640;2366525;289
FR;3;2021-06-27;110;4026;1;4341750;2370551;290
FR;3;2021-06-28;529;30455;13;4342279;2401006;303
FR;3;2021-06-29;770;56143;93;4343049;2457149;396
FR;3;2021-06-30;799;45054;89;4343848;2502203;485
FR;3;2021-07-01;1048;65655;108;4344896;2567858;593
FR;3;2021-07-02;1209;90442;171;4346105;2658300;764
FR;3;2021-07-03;562;31190;54;4346667;2689490;818
FR;3;2021-07-04;89;4275;3;4346756;2693765;821
FR;3;2021-07-05;538;33930;60;4347294;2727695;881
FR;3;2021-07-06;840;56128;87;4348134;2783823;968
FR;3;2021-07-07;775;43081;77;4348909;2826904;1045
FR;3;2021-07-08;1040;60751;99;4349949;2887655;1144
FR;3;2021-07-09;1177;68835;125;4351126;2956490;1269
FR;3;2021-07-10;565;25052;58;4351691;2981542;1327
FR;3;2021-07-11;78;3309;4;4351769;2984851;1331
FR;3;2021-07-12;551;23930;58;4352320;3008781;1389
FR;3;2021-07-13;1538;34756;88;4353858;3043537;1477
FR;3;2021-07-14;160;2650;2;4354018;3046187;1479
FR;3;2021-07-15;1847;30693;82;4355865;3076880;1561
FR;3;2021-07-16;2423;38902;123;4358288;3115782;1684
FR;3;2021-07-17;983;13753;26;4359271;3129535;1710
FR;3;2021-07-18;205;2610;3;4359476;3132145;1713
FR;3;2021-07-19;1197;17238;34;4360673;3149383;1747
FR;3;2021-07-20;1746;27170;93;4362419;3176553;1840
FR;3;2021-07-21;1571;19745;43;4363990;3196298;1883
FR;3;2021-07-22;1752;27799;79;4365742;3224097;1962
FR;3;2021-07-23;2122;30477;113;4367864;3254574;2075
FR;3;2021-07-24;767;7019;23;4368631;3261593;2098
FR;3;2021-07-25;176;1350;1;4368807;3262943;2099
FR;3;2021-07-26;822;10717;28;4369629;3273660;2127
FR;3;2021-07-27;1082;16977;55;4370711;3290637;2182
FR;3;2021-07-28;896;12125;37;4371607;3302762;2219
FR;3;2021-07-29;1056;15869;63;4372663;3318631;2282
FR;3;2021-07-30;1049;18111;75;4373712;3336742;2357
FR;3;2021-07-31;346;3750;13;4374058;3340492;2370
FR;3;2021-08-01;62;482;1;4374120;3340974;2371
FR;3;2021-08-02;337;5160;23;4374457;3346134;2394
FR;3;2021-08-03;428;7587;25;4374885;3353721;2419
FR;3;2021-08-04;380;4893;25;4375265;3358614;2444
FR;3;2021-08-05;373;3749;12;4375638;3362363;2456
FR;3;2021-08-06;404;4786;28;4376042;3367149;2484
FR;3;2021-08-07;167;1925;11;4376209;3369074;2495
FR;3;2021-08-08;86;423;2;4376295;3369497;2497
FR;3;2021-08-09;233;2521;10;4376528;3372018;2507
FR;3;2021-08-10;283;3898;15;4376811;3375916;2522
FR;3;2021-08-11;201;2719;14;4377012;3378635;2536
FR;3;2021-08-12;216;2625;12;4377228;3381260;2548
FR;3;2021-08-13;228;2251;15;4377456;3383511;2563
FR;3;2021-08-14;133;934;1;4377589;3384445;2564
FR;3;2021-08-15;25;161;0;4377614;3384606;2564
FR;3;2021-08-16;86;1090;8;4377700;3385696;2572
FR;3;2021-08-17;129;1494;7;4377829;3387190;2579
FR;3;2021-08-18;138;1343;8;4377967;3388533;2587
FR;3;2021-08-19;130;1426;9;4378097;3389959;2596
FR;3;2021-08-20;124;1626;15;4378221;3391585;2611
FR;3;2021-08-21;61;583;0;4378282;3392168;2611
FR;3;2021-08-22;17;168;1;4378299;3392336;2612
FR;3;2021-08-23;94;921;7;4378393;3393257;2619
FR;3;2021-08-24;92;958;9;4378485;3394215;2628
FR;3;2021-08-25;93;835;2;4378578;3395050;2630
FR;3;2021-08-26;131;876;9;4378709;3395926;2639
FR;3;2021-08-27;140;953;9;4378849;3396879;2648
FR;3;2021-08-28;75;354;3;4378924;3397233;2651
FR;3;2021-08-29;23;123;1;4378947;3397356;2652
FR;3;2021-08-30;60;590;0;4379007;3397946;2652
FR;3;2021-08-31;79;710;7;4379086;3398656;2659
FR;3;2021-09-01;69;467;4;4379155;3399123;2663
FR;3;2021-09-02;63;623;21;4379218;3399746;2684
FR;3;2021-09-03;77;586;17;4379295;3400332;2701
FR;3;2021-09-04;28;279;3;4379323;3400611;2704
FR;3;2021-09-05;13;58;4;4379336;3400669;2708
FR;3;2021-09-06;46;401;3;4379382;3401070;2711
FR;3;2021-09-07;72;482;13;4379454;3401552;2724
FR;3;2021-09-08;65;354;0;4379519;3401906;2724
FR;3;2021-09-09;37;386;4;4379556;3402292;2728
FR;3;2021-09-10;65;421;2;4379621;3402713;2730
FR;3;2021-09-11;31;229;4;4379652;3402942;2734
FR;3;2021-09-12;8;46;1;4379660;3402988;2735
FR;3;2021-09-13;29;332;4;4379689;3403320;2739
FR;3;2021-09-14;25;287;3;4379714;3403607;2742
FR;3;2021-09-15;14;258;3;4379728;3403865;2745
FR;3;2021-09-16;22;332;5;4379750;3404197;2750
FR;3;2021-09-17;30;345;4;4379780;3404542;2754
FR;3;2021-09-18;13;169;0;4379793;3404711;2754
FR;3;2021-09-19;6;29;1;4379799;3404740;2755
FR;3;2021-09-20;40;212;0;4379839;3404952;2755
FR;3;2021-09-21;19;274;4;4379858;3405226;2759
FR;3;2021-09-22;14;219;6;4379872;3405445;2765
FR;3;2021-09-23;11;267;9;4379883;3405712;2774
FR;3;2021-09-24;9;311;9;4379892;3406023;2783
FR;3;2021-09-25;14;154;3;4379906;3406177;2786
FR;3;2021-09-26;1;40;1;4379907;3406217;2787
FR;3;2021-09-27;13;275;2;4379920;3406492;2789
FR;3;2021-09-28;10;257;5;4379930;3406749;2794
FR;3;2021-09-29;14;209;5;4379944;3406958;2799
FR;3;2021-09-30;14;186;6;4379958;3407144;2805
FR;3;2021-10-01;6;166;4;4379964;3407310;2809
FR;3;2021-10-02;3;85;0;4379967;3407395;2809
FR;3;2021-10-03;1;16;1;4379968;3407411;2810
FR;3;2021-10-04;3;151;4;4379971;3407562;2814
FR;3;2021-10-05;3;146;10;4379974;3407708;2824
FR;4;2020-12-27;0;0;0;0;0;0
FR;4;2020-12-28;0;0;0;0;0;0
FR;4;2020-12-29;0;0;0;0;0;0
FR;4;2020-12-30;0;0;0;0;0;0
FR;4;2020-12-31;0;0;0;0;0;0
FR;4;2021-01-01;0;0;0;0;0;0
FR;4;2021-01-02;0;0;0;0;0;0
FR;4;2021-01-03;0;0;0;0;0;0
FR;4;2021-01-04;0;0;0;0;0;0
FR;4;2021-01-05;0;0;0;0;0;0
FR;4;2021-01-06;0;0;0;0;0;0
FR;4;2021-01-07;0;0;0;0;0;0
FR;4;2021-01-08;0;0;0;0;0;0
FR;4;2021-01-09;0;0;0;0;0;0
FR;4;2021-01-10;0;0;0;0;0;0
FR;4;2021-01-11;0;0;0;0;0;0
FR;4;2021-01-12;0;0;0;0;0;0
FR;4;2021-01-13;0;0;0;0;0;0
FR;4;2021-01-14;0;0;0;0;0;0
FR;4;2021-01-15;0;0;0;0;0;0
FR;4;2021-01-16;0;0;0;0;0;0
FR;4;2021-01-17;0;0;0;0;0;0
FR;4;2021-01-18;0;0;0;0;0;0
FR;4;2021-01-19;0;0;0;0;0;0
FR;4;2021-01-20;0;0;0;0;0;0
FR;4;2021-01-21;0;0;0;0;0;0
FR;4;2021-01-22;0;0;0;0;0;0
FR;4;2021-01-23;0;0;0;0;0;0
FR;4;2021-01-24;0;0;0;0;0;0
FR;4;2021-01-25;0;0;0;0;0;0
FR;4;2021-01-26;0;0;0;0;0;0
FR;4;2021-01-27;0;0;0;0;0;0
FR;4;2021-01-28;0;0;0;0;0;0
FR;4;2021-01-29;0;0;0;0;0;0
FR;4;2021-01-30;0;0;0;0;0;0
FR;4;2021-01-31;0;0;0;0;0;0
FR;4;2021-02-01;0;0;0;0;0;0
FR;4;2021-02-02;0;0;0;0;0;0
FR;4;2021-02-03;0;0;0;0;0;0
FR;4;2021-02-04;0;0;0;0;0;0
FR;4;2021-02-05;0;0;0;0;0;0
FR;4;2021-02-06;0;0;0;0;0;0
FR;4;2021-02-07;0;0;0;0;0;0
FR;4;2021-02-08;0;0;0;0;0;0
FR;4;2021-02-09;0;0;0;0;0;0
FR;4;2021-02-10;0;0;0;0;0;0
FR;4;2021-02-11;0;0;0;0;0;0
FR;4;2021-02-12;0;0;0;0;0;0
FR;4;2021-02-13;0;0;0;0;0;0
FR;4;2021-02-14;0;0;0;0;0;0
FR;4;2021-02-15;0;0;0;0;0;0
FR;4;2021-02-16;0;0;0;0;0;0
FR;4;2021-02-17;0;0;0;0;0;0
FR;4;2021-02-18;0;0;0;0;0;0
FR;4;2021-02-19;0;0;0;0;0;0
FR;4;2021-02-20;0;0;0;0;0;0
FR;4;2021-02-21;0;0;0;0;0;0
FR;4;2021-02-22;0;0;0;0;0;0
FR;4;2021-02-23;0;0;0;0;0;0
FR;4;2021-02-24;0;0;0;0;0;0
FR;4;2021-02-25;0;0;0;0;0;0
FR;4;2021-02-26;0;0;0;0;0;0
FR;4;2021-02-27;0;0;0;0;0;0
FR;4;2021-02-28;0;0;0;0;0;0
FR;4;2021-03-01;0;0;0;0;0;0
FR;4;2021-03-02;0;0;0;0;0;0
FR;4;2021-03-03;0;0;0;0;0;0
FR;4;2021-03-04;0;0;0;0;0;0
FR;4;2021-03-05;0;1;0;0;1;0
FR;4;2021-03-06;0;0;0;0;1;0
FR;4;2021-03-07;0;0;0;0;1;0
FR;4;2021-03-08;0;0;0;0;1;0
FR;4;2021-03-09;0;0;0;0;1;0
FR;4;2021-03-10;0;0;0;0;1;0
FR;4;2021-03-11;0;0;0;0;1;0
FR;4;2021-03-12;0;0;0;0;1;0
FR;4;2021-03-13;0;0;0;0;1;0
FR;4;2021-03-14;0;0;0;0;1;0
FR;4;2021-03-15;0;0;0;0;1;0
FR;4;2021-03-16;0;0;0;0;1;0
FR;4;2021-03-17;0;0;0;0;1;0
FR;4;2021-03-18;0;0;0;0;1;0
FR;4;2021-03-19;0;0;0;0;1;0
FR;4;2021-03-20;0;0;0;0;1;0
FR;4;2021-03-21;0;0;0;0;1;0
FR;4;2021-03-22;0;0;0;0;1;0
FR;4;2021-03-23;0;0;0;0;1;0
FR;4;2021-03-24;0;0;0;0;1;0
FR;4;2021-03-25;0;0;0;0;1;0
FR;4;2021-03-26;0;0;0;0;1;0
FR;4;2021-03-27;0;0;0;0;1;0
FR;4;2021-03-28;0;0;0;0;1;0
FR;4;2021-03-29;0;2;0;0;3;0
FR;4;2021-03-30;0;0;0;0;3;0
FR;4;2021-03-31;0;1;0;0;4;0
FR;4;2021-04-01;0;0;0;0;4;0
FR;4;2021-04-02;0;1;0;0;5;0
FR;4;2021-04-03;0;0;0;0;5;0
FR;4;2021-04-04;0;0;0;0;5;0
FR;4;2021-04-05;0;0;0;0;5;0
FR;4;2021-04-06;0;6;0;0;11;0
FR;4;2021-04-07;0;1;0;0;12;0
FR;4;2021-04-08;0;2;0;0;14;0
FR;4;2021-04-09;0;6;0;0;20;0
FR;4;2021-04-10;0;0;0;0;20;0
FR;4;2021-04-11;0;0;0;0;20;0
FR;4;2021-04-12;0;6;0;0;26;0
FR;4;2021-04-13;0;3;0;0;29;0
FR;4;2021-04-14;0;0;0;0;29;0
FR;4;2021-04-15;0;0;0;0;29;0
FR;4;2021-04-16;0;0;0;0;29;0
FR;4;2021-04-17;0;0;0;0;29;0
FR;4;2021-04-18;0;0;0;0;29;0
FR;4;2021-04-19;0;0;0;0;29;0
FR;4;2021-04-20;0;0;0;0;29;0
FR;4;2021-04-21;0;0;0;0;29;0
FR;4;2021-04-22;0;0;0;0;29;0
FR;4;2021-04-23;2956;0;0;2956;29;0
FR;4;2021-04-24;1559;0;0;4515;29;0
FR;4;2021-04-25;123;0;0;4638;29;0
FR;4;2021-04-26;2854;0;0;7492;29;0
FR;4;2021-04-27;9461;3;0;16953;32;0
FR;4;2021-04-28;9847;3;0;26800;35;0
FR;4;2021-04-29;15953;8;0;42753;43;0
FR;4;2021-04-30;19181;7;0;61934;50;0
FR;4;2021-05-01;1950;5;0;63884;55;0
FR;4;2021-05-02;463;0;0;64347;55;0
FR;4;2021-05-03;4997;1;0;69344;56;0
FR;4;2021-05-04;8315;8;0;77659;64;0
FR;4;2021-05-05;6084;5;0;83743;69;0
FR;4;2021-05-06;11318;10;0;95061;79;0
FR;4;2021-05-07;19014;9;0;114075;88;0
FR;4;2021-05-08;2314;6;0;116389;94;0
FR;4;2021-05-09;652;2;0;117041;96;0
FR;4;2021-05-10;7165;8;1;124206;104;1
FR;4;2021-05-11;14228;11;0;138434;115;1
FR;4;2021-05-12;10087;16;0;148521;131;1
FR;4;2021-05-13;1513;3;0;150034;134;1
FR;4;2021-05-14;7663;6;0;157697;140;1
FR;4;2021-05-15;3654;8;1;161351;148;2
FR;4;2021-05-16;388;1;0;161739;149;2
FR;4;2021-05-17;4392;3;0;166131;152;2
FR;4;2021-05-18;8673;10;0;174804;162;2
FR;4;2021-05-19;5601;5;0;180405;167;2
FR;4;2021-05-20;9337;6;0;189742;173;2
FR;4;2021-05-21;12662;29;0;202404;202;2
FR;4;2021-05-22;4975;12;0;207379;214;2
FR;4;2021-05-23;456;2;0;207835;216;2
FR;4;2021-05-24;989;3;0;208824;219;2
FR;4;2021-05-25;7489;16;0;216313;235;2
FR;4;2021-05-26;7634;13;0;223947;248;2
FR;4;2021-05-27;14210;34;0;238157;282;2
FR;4;2021-05-28;26390;81;1;264547;363;3
FR;4;2021-05-29;11245;20;0;275792;383;3
FR;4;2021-05-30;879;2;0;276671;385;3
FR;4;2021-05-31;12508;19;0;289179;404;3
FR;4;2021-06-01;20001;41;0;309180;445;3
FR;4;2021-06-02;14343;33;0;323523;478;3
FR;4;2021-06-03;19267;24;0;342790;502;3
FR;4;2021-06-04;22293;45;0;365083;547;3
FR;4;2021-06-05;9613;29;0;374696;576;3
FR;4;2021-06-06;952;0;0;375648;576;3
FR;4;2021-06-07;9024;16;0;384672;592;3
FR;4;2021-06-08;14448;28;0;399120;620;3
FR;4;2021-06-09;12034;24;0;411154;644;3
FR;4;2021-06-10;15224;24;0;426378;668;3
FR;4;2021-06-11;16792;55;0;443170;723;3
FR;4;2021-06-12;7326;27;0;450496;750;3
FR;4;2021-06-13;855;2;0;451351;752;3
FR;4;2021-06-14;6514;21;0;457865;773;3
FR;4;2021-06-15;10760;32;0;468625;805;3
FR;4;2021-06-16;8756;13;0;477381;818;3
FR;4;2021-06-17;10736;27;0;488117;845;3
FR;4;2021-06-18;12263;39;0;500380;884;3
FR;4;2021-06-19;5478;24;0;505858;908;3
FR;4;2021-06-20;632;2;0;506490;910;3
FR;4;2021-06-21;4928;13;0;511418;923;3
FR;4;2021-06-22;7725;20;2;519143;943;5
FR;4;2021-06-23;6957;35;1;526100;978;6
FR;4;2021-06-24;8479;39;0;534579;1017;6
FR;4;2021-06-25;9943;37;1;544522;1054;7
FR;4;2021-06-26;4649;20;0;549171;1074;7
FR;4;2021-06-27;618;2;0;549789;1076;7
FR;4;2021-06-28;4604;15;1;554393;1091;8
FR;4;2021-06-29;6831;16;2;561224;1107;10
FR;4;2021-06-30;6453;36;0;567677;1143;10
FR;4;2021-07-01;7932;27;0;575609;1170;10
FR;4;2021-07-02;9218;48;1;584827;1218;11
FR;4;2021-07-03;4713;18;0;589540;1236;11
FR;4;2021-07-04;582;5;0;590122;1241;11
FR;4;2021-07-05;4612;18;2;594734;1259;13
FR;4;2021-07-06;7498;20;4;602232;1279;17
FR;4;2021-07-07;6783;27;2;609015;1306;19
FR;4;2021-07-08;8995;37;3;618010;1343;22
FR;4;2021-07-09;10095;30;1;628105;1373;23
FR;4;2021-07-10;4483;10;2;632588;1383;25
FR;4;2021-07-11;510;0;1;633098;1383;26
FR;4;2021-07-12;5676;27;0;638774;1410;26
FR;4;2021-07-13;14039;26;0;652813;1436;26
FR;4;2021-07-14;2082;6;0;654895;1442;26
FR;4;2021-07-15;18009;32;0;672904;1474;26
FR;4;2021-07-16;22557;65;2;695461;1539;28
FR;4;2021-07-17;9559;16;0;705020;1555;28
FR;4;2021-07-18;1275;3;0;706295;1558;28
FR;4;2021-07-19;12738;26;1;719033;1584;29
FR;4;2021-07-20;17102;27;1;736135;1611;30
FR;4;2021-07-21;15335;29;1;751470;1640;31
FR;4;2021-07-22;18000;40;2;769470;1680;33
FR;4;2021-07-23;20104;48;5;789574;1728;38
FR;4;2021-07-24;9057;29;0;798631;1757;38
FR;4;2021-07-25;1210;6;0;799841;1763;38
FR;4;2021-07-26;10703;18;0;810544;1781;38
FR;4;2021-07-27;14216;30;1;824760;1811;39
FR;4;2021-07-28;12422;18;2;837182;1829;41
FR;4;2021-07-29;13736;46;3;850918;1875;44
FR;4;2021-07-30;15187;39;3;866105;1914;47
FR;4;2021-07-31;6597;11;1;872702;1925;48
FR;4;2021-08-01;802;1;0;873504;1926;48
FR;4;2021-08-02;7567;17;0;881071;1943;48
FR;4;2021-08-03;10297;21;2;891368;1964;50
FR;4;2021-08-04;9099;21;0;900467;1985;50
FR;4;2021-08-05;9204;31;0;909671;2016;50
FR;4;2021-08-06;9693;19;4;919364;2035;54
FR;4;2021-08-07;4671;24;1;924035;2059;55
FR;4;2021-08-08;991;8;0;925026;2067;55
FR;4;2021-08-09;5811;17;0;930837;2084;55
FR;4;2021-08-10;8370;13;0;939207;2097;55
FR;4;2021-08-11;7628;21;2;946835;2118;57
FR;4;2021-08-12;8169;13;1;955004;2131;58
FR;4;2021-08-13;7099;22;0;962103;2153;58
FR;4;2021-08-14;3513;16;0;965616;2169;58
FR;4;2021-08-15;610;2;0;966226;2171;58
FR;4;2021-08-16;3739;8;0;969965;2179;58
FR;4;2021-08-17;5318;8;1;975283;2187;59
FR;4;2021-08-18;4885;24;0;980168;2211;59
FR;4;2021-08-19;5199;13;2;985367;2224;61
FR;4;2021-08-20;4928;11;1;990295;2235;62
FR;4;2021-08-21;2130;16;1;992425;2251;63
FR;4;2021-08-22;339;1;0;992764;2252;63
FR;4;2021-08-23;2635;4;0;995399;2256;63
FR;4;2021-08-24;3509;10;0;998908;2266;63
FR;4;2021-08-25;3352;18;0;1002260;2284;63
FR;4;2021-08-26;3522;15;0;1005782;2299;63
FR;4;2021-08-27;3424;16;2;1009206;2315;65
FR;4;2021-08-28;1610;9;0;1010816;2324;65
FR;4;2021-08-29;352;3;1;1011168;2327;66
FR;4;2021-08-30;1842;13;0;1013010;2340;66
FR;4;2021-08-31;2335;12;0;1015345;2352;66
FR;4;2021-09-01;1901;23;1;1017246;2375;67
FR;4;2021-09-02;2162;20;6;1019408;2395;73
FR;4;2021-09-03;2225;34;3;1021633;2429;76
FR;4;2021-09-04;1299;13;0;1022932;2442;76
FR;4;2021-09-05;371;0;0;1023303;2442;76
FR;4;2021-09-06;1504;20;0;1024807;2462;76
FR;4;2021-09-07;1544;9;0;1026351;2471;76
FR;4;2021-09-08;1155;16;4;1027506;2487;80
FR;4;2021-09-09;1268;18;2;1028774;2505;82
FR;4;2021-09-10;1391;14;2;1030165;2519;84
FR;4;2021-09-11;684;11;0;1030849;2530;84
FR;4;2021-09-12;128;2;0;1030977;2532;84
FR;4;2021-09-13;929;10;2;1031906;2542;86
FR;4;2021-09-14;1007;4;2;1032913;2546;88
FR;4;2021-09-15;908;10;0;1033821;2556;88
FR;4;2021-09-16;722;9;1;1034543;2565;89
FR;4;2021-09-17;690;16;1;1035233;2581;90
FR;4;2021-09-18;409;0;3;1035642;2581;93
FR;4;2021-09-19;145;1;4;1035787;2582;97
FR;4;2021-09-20;317;9;0;1036104;2591;97
FR;4;2021-09-21;348;4;0;1036452;2595;97
FR;4;2021-09-22;295;10;2;1036747;2605;99
FR;4;2021-09-23;370;5;1;1037117;2610;100
FR;4;2021-09-24;337;9;4;1037454;2619;104
FR;4;2021-09-25;227;9;0;1037681;2628;104
FR;4;2021-09-26;48;1;0;1037729;2629;104
FR;4;2021-09-27;202;7;0;1037931;2636;104
FR;4;2021-09-28;247;1;0;1038178;2637;104
FR;4;2021-09-29;298;9;1;1038476;2646;105
FR;4;2021-09-30;262;26;0;1038738;2672;105
FR;4;2021-10-01;291;7;1;1039029;2679;106
FR;4;2021-10-02;133;18;0;1039162;2697;106
FR;4;2021-10-03;57;1;0;1039219;2698;106
FR;4;2021-10-04;180;7;1;1039399;2705;107
FR;4;2021-10-05;155;9;1;1039554;2714;108
FR;0;2020-12-27;400;0;0;400;0;0
FR;0;2020-12-28;423;0;0;823;0;0
FR;0;2020-12-29;271;0;0;1094;0;0
FR;0;2020-12-30;324;0;0;1418;0;0
FR;0;2020-12-31;254;0;0;1672;0;0
FR;0;2021-01-01;301;0;0;1973;0;0
FR;0;2021-01-02;239;0;0;2212;0;0
FR;0;2021-01-03;276;0;0;2488;0;0
FR;0;2021-01-04;1772;0;0;4260;0;0
FR;0;2021-01-05;5713;0;0;9973;0;0
FR;0;2021-01-06;11618;0;0;21591;0;0
FR;0;2021-01-07;29076;0;0;50667;0;0
FR;0;2021-01-08;36735;0;0;87402;0;0
FR;0;2021-01-09;11078;0;0;98480;0;0
FR;0;2021-01-10;5769;0;0;104249;0;0
FR;0;2021-01-11;39641;0;0;143890;0;0
FR;0;2021-01-12;61671;0;0;205561;0;0
FR;0;2021-01-13;64629;0;0;270190;0;0
FR;0;2021-01-14;82029;0;0;352219;0;0
FR;0;2021-01-15;68525;0;0;420744;0;0
FR;0;2021-01-16;20034;86;0;440778;86;0
FR;0;2021-01-17;10810;41;0;451588;127;0
FR;0;2021-01-18;85414;160;0;537002;287;0
FR;0;2021-01-19;130081;125;0;667083;412;0
FR;0;2021-01-20;137028;154;0;804111;566;0
FR;0;2021-01-21;157604;130;0;961715;696;0
FR;0;2021-01-22;120471;160;0;1082186;856;0
FR;0;2021-01-23;38272;50;0;1120458;906;0
FR;0;2021-01-24;9607;27;0;1130065;933;0
FR;0;2021-01-25;77772;1214;0;1207837;2147;0
FR;0;2021-01-26;99957;3106;0;1307794;5253;0
FR;0;2021-01-27;106863;5587;0;1414657;10840;0
FR;0;2021-01-28;123879;14339;0;1538536;25179;0
FR;0;2021-01-29;91785;17267;0;1630321;42446;0
FR;0;2021-01-30;28951;4218;0;1659272;46664;0
FR;0;2021-01-31;5088;1677;0;1664360;48341;0
FR;0;2021-02-01;52293;21110;0;1716653;69451;0
FR;0;2021-02-02;71695;34532;0;1788348;103983;0
FR;0;2021-02-03;71827;36935;0;1860175;140918;0
FR;0;2021-02-04;81499;50011;0;1941674;190929;0
FR;0;2021-02-05;67815;45292;0;2009489;236221;0
FR;0;2021-02-06;22171;10386;0;2031660;246607;0
FR;0;2021-02-07;5033;5035;0;2036693;251642;0
FR;0;2021-02-08;46392;45943;0;2083085;297585;0
FR;0;2021-02-09;65554;72356;0;2148639;369941;0
FR;0;2021-02-10;70234;76671;0;2218873;446612;0
FR;0;2021-02-11;86638;99053;0;2305511;545665;0
FR;0;2021-02-12;78583;74171;0;2384094;619836;0
FR;0;2021-02-13;22022;19473;0;2406116;639309;0
FR;0;2021-02-14;4836;7185;0;2410952;646494;0
FR;0;2021-02-15;37569;76439;0;2448521;722933;0
FR;0;2021-02-16;49792;100630;0;2498313;823563;0
FR;0;2021-02-17;49931;102919;1;2548244;926482;1
FR;0;2021-02-18;69040;118424;0;2617284;1044906;1
FR;0;2021-02-19;64535;90684;0;2681819;1135590;1
FR;0;2021-02-20;18293;28397;0;2700112;1163987;1
FR;0;2021-02-21;3113;6368;0;2703225;1170355;1
FR;0;2021-02-22;37020;73088;1;2740245;1243443;2
FR;0;2021-02-23;53244;83995;1;2793489;1327438;3
FR;0;2021-02-24;59255;81054;1;2852744;1408492;4
FR;0;2021-02-25;99871;91338;1;2952615;1499830;5
FR;0;2021-02-26;112753;70953;0;3065368;1570783;5
FR;0;2021-02-27;51721;21964;0;3117089;1592747;5
FR;0;2021-02-28;5956;4412;1;3123045;1597159;6
FR;0;2021-03-01;64652;52749;0;3187697;1649908;6
FR;0;2021-03-02;100465;66194;1;3288162;1716102;7
FR;0;2021-03-03;115288;65506;0;3403450;1781608;7
FR;0;2021-03-04;162517;68833;2;3565967;1850441;9
FR;0;2021-03-05;199732;63318;2;3765699;1913759;11
FR;0;2021-03-06;207073;17810;2;3972772;1931569;13
FR;0;2021-03-07;120734;5465;0;4093506;1937034;13
FR;0;2021-03-08;106215;50773;0;4199721;1987807;13
FR;0;2021-03-09;171446;56744;1;4371167;2044551;14
FR;0;2021-03-10;177567;57173;2;4548734;2101724;16
FR;0;2021-03-11;241539;63069;0;4790273;2164793;16
FR;0;2021-03-12;293520;53493;1;5083793;2218286;17
FR;0;2021-03-13;230358;15293;0;5314151;2233579;17
FR;0;2021-03-14;62884;3429;0;5377035;2237008;17
FR;0;2021-03-15;157448;32613;0;5534483;2269621;17
FR;0;2021-03-16;140601;39501;1;5675084;2309122;18
FR;0;2021-03-17;149541;38762;2;5824625;2347884;20
FR;0;2021-03-18;166725;44586;1;5991350;2392470;21
FR;0;2021-03-19;228863;37447;0;6220213;2429917;21
FR;0;2021-03-20;165919;11771;0;6386132;2441688;21
FR;0;2021-03-21;49413;2626;1;6435545;2444314;22
FR;0;2021-03-22;168858;34272;2;6604403;2478586;24
FR;0;2021-03-23;249025;42382;1;6853428;2520968;25
FR;0;2021-03-24;255586;43823;0;7109014;2564791;25
FR;0;2021-03-25;340478;44730;2;7449492;2609521;27
FR;0;2021-03-26;357536;41875;1;7807028;2651396;28
FR;0;2021-03-27;194509;16639;0;8001537;2668035;28
FR;0;2021-03-28;58905;3731;2;8060442;2671766;30
FR;0;2021-03-29;202030;54275;1;8262472;2726041;31
FR;0;2021-03-30;284107;69654;3;8546579;2795695;34
FR;0;2021-03-31;261718;72909;3;8808297;2868604;37
FR;0;2021-04-01;313177;87777;5;9121474;2956381;42
FR;0;2021-04-02;279988;92119;4;9401462;3048500;46
FR;0;2021-04-03;140200;61834;3;9541662;3110334;49
FR;0;2021-04-04;45396;18658;1;9587058;3128992;50
FR;0;2021-04-05;59702;10997;3;9646760;3139989;53
FR;0;2021-04-06;215572;107849;6;9862332;3247838;59
FR;0;2021-04-07;258385;115436;5;10120717;3363274;64
FR;0;2021-04-08;335724;121408;6;10456441;3484682;70
FR;0;2021-04-09;408220;116473;33;10864661;3601155;103
FR;0;2021-04-10;211557;82733;8;11076218;3683888;111
FR;0;2021-04-11;55509;34586;3;11131727;3718474;114
FR;0;2021-04-12;235547;115212;29;11367274;3833686;143
FR;0;2021-04-13;307724;144939;57;11674998;3978625;200
FR;0;2021-04-14;292209;139395;112;11967207;4118020;312
FR;0;2021-04-15;334491;147846;168;12301698;4265866;480
FR;0;2021-04-16;337710;145754;208;12639408;4411620;688
FR;0;2021-04-17;187698;90238;46;12827106;4501858;734
FR;0;2021-04-18;51002;35425;22;12878108;4537283;756
FR;0;2021-04-19;204166;138356;335;13082274;4675639;1091
FR;0;2021-04-20;252449;170696;347;13334723;4846335;1438
FR;0;2021-04-21;251315;168781;524;13586038;5015116;1962
FR;0;2021-04-22;285655;188213;516;13871693;5203329;2478
FR;0;2021-04-23;295326;183254;492;14167019;5386583;2970
FR;0;2021-04-24;189326;111560;86;14356345;5498143;3056
FR;0;2021-04-25;68916;38864;26;14425261;5537007;3082
FR;0;2021-04-26;219540;156087;338;14644801;5693094;3420
FR;0;2021-04-27;282780;187468;598;14927581;5880562;4018
FR;0;2021-04-28;297778;183171;1050;15225359;6063733;5068
FR;0;2021-04-29;355107;196097;882;15580466;6259830;5950
FR;0;2021-04-30;370259;184809;723;15950725;6444639;6673
FR;0;2021-05-01;165132;52527;106;16115857;6497166;6779
FR;0;2021-05-02;90775;37828;50;16206632;6534994;6829
FR;0;2021-05-03;285926;169619;527;16492558;6704613;7356
FR;0;2021-05-04;312675;224278;748;16805233;6928891;8104
FR;0;2021-05-05;323124;224499;754;17128357;7153390;8858
FR;0;2021-05-06;375979;239158;1071;17504336;7392548;9929
FR;0;2021-05-07;370035;257288;753;17874371;7649836;10682
FR;0;2021-05-08;220680;66905;144;18095051;7716741;10826
FR;0;2021-05-09;128868;46742;88;18223919;7763483;10914
FR;0;2021-05-10;308935;228982;714;18532854;7992465;11628
FR;0;2021-05-11;400716;258134;966;18933570;8250599;12594
FR;0;2021-05-12;430326;233217;850;19363896;8483816;13444
FR;0;2021-05-13;335652;56878;236;19699548;8540694;13680
FR;0;2021-05-14;450582;167501;660;20150130;8708195;14340
FR;0;2021-05-15;371578;94013;212;20521708;8802208;14552
FR;0;2021-05-16;201409;20829;79;20723117;8823037;14631
FR;0;2021-05-17;373223;149147;900;21096340;8972184;15531
FR;0;2021-05-18;455984;153172;1147;21552324;9125356;16678
FR;0;2021-05-19;464162;145347;1500;22016486;9270703;18178
FR;0;2021-05-20;503662;160370;1348;22520148;9431073;19526
FR;0;2021-05-21;486279;174553;1137;23006427;9605626;20663
FR;0;2021-05-22;345111;79888;367;23351538;9685514;21030
FR;0;2021-05-23;160674;14439;143;23512212;9699953;21173
FR;0;2021-05-24;261337;33243;346;23773549;9733196;21519
FR;0;2021-05-25;397033;189327;1390;24170582;9922523;22909
FR;0;2021-05-26;410404;188164;1366;24580986;10110687;24275
FR;0;2021-05-27;446668;218698;1362;25027654;10329385;25637
FR;0;2021-05-28;426709;259662;1111;25454363;10589047;26748
FR;0;2021-05-29;297405;149439;337;25751768;10738486;27085
FR;0;2021-05-30;106125;32616;93;25857893;10771102;27178
FR;0;2021-05-31;355525;203538;896;26213418;10974640;28074
FR;0;2021-06-01;422132;251659;1193;26635550;11226299;29267
FR;0;2021-06-02;412204;230897;1183;27047754;11457196;30450
FR;0;2021-06-03;458053;258698;1038;27505807;11715894;31488
FR;0;2021-06-04;451312;304884;1019;27957119;12020778;32507
FR;0;2021-06-05;302118;189076;378;28259237;12209854;32885
FR;0;2021-06-06;131322;49122;134;28390559;12258976;33019
FR;0;2021-06-07;334244;262439;890;28724803;12521415;33909
FR;0;2021-06-08;389552;291298;1008;29114355;12812713;34917
FR;0;2021-06-09;380200;275972;1060;29494555;13088685;35977
FR;0;2021-06-10;397998;289393;1065;29892553;13378078;37042
FR;0;2021-06-11;383474;357585;809;30276027;13735663;37851
FR;0;2021-06-12;281017;211497;273;30557044;13947160;38124
FR;0;2021-06-13;103756;74077;110;30660800;14021237;38234
FR;0;2021-06-14;237846;355975;854;30898646;14377212;39088
FR;0;2021-06-15;304360;386087;906;31203006;14763299;39994
FR;0;2021-06-16;310398;357796;875;31513404;15121095;40869
FR;0;2021-06-17;314246;372242;806;31827650;15493337;41675
FR;0;2021-06-18;318876;442813;730;32146526;15936150;42405
FR;0;2021-06-19;222914;273979;252;32369440;16210129;42657
FR;0;2021-06-20;72452;102621;68;32441892;16312750;42725
FR;0;2021-06-21;193062;402127;612;32634954;16714877;43337
FR;0;2021-06-22;220565;467386;750;32855519;17182263;44087
FR;0;2021-06-23;231144;439947;723;33086663;17622210;44810
FR;0;2021-06-24;239217;409360;784;33325880;18031570;45594
FR;0;2021-06-25;224361;522380;827;33550241;18553950;46421
FR;0;2021-06-26;151694;370858;308;33701935;18924808;46729
FR;0;2021-06-27;55073;156406;91;33757008;19081214;46820
FR;0;2021-06-28;152614;453284;704;33909622;19534498;47524
FR;0;2021-06-29;180672;505660;1975;34090294;20040158;49499
FR;0;2021-06-30;201528;481232;1861;34291822;20521390;51360
FR;0;2021-07-01;224841;457779;2131;34516663;20979169;53491
FR;0;2021-07-02;223101;520529;2045;34739764;21499698;55536
FR;0;2021-07-03;140099;368889;893;34879863;21868587;56429
FR;0;2021-07-04;55786;141369;262;34935649;22009956;56691
FR;0;2021-07-05;164420;419558;1593;35100069;22429514;58284
FR;0;2021-07-06;193519;475121;1739;35293588;22904635;60023
FR;0;2021-07-07;208786;439566;1748;35502374;23344201;61771
FR;0;2021-07-08;228374;424228;2015;35730748;23768429;63786
FR;0;2021-07-09;225995;509897;2097;35956743;24278326;65883
FR;0;2021-07-10;146730;339767;947;36103473;24618093;66830
FR;0;2021-07-11;59258;110117;264;36162731;24728210;67094
FR;0;2021-07-12;166460;478280;1710;36329191;25206490;68804
FR;0;2021-07-13;284680;527758;1981;36613871;25734248;70785
FR;0;2021-07-14;178815;157860;420;36792686;25892108;71205
FR;0;2021-07-15;343902;502520;2013;37136588;26394628;73218
FR;0;2021-07-16;377442;496216;1951;37514030;26890844;75169
FR;0;2021-07-17;258140;320026;837;37772170;27210870;76006
FR;0;2021-07-18;108862;115019;304;37881032;27325889;76310
FR;0;2021-07-19;283262;425443;1575;38164294;27751332;77885
FR;0;2021-07-20;374328;453088;1646;38538622;28204420;79531
FR;0;2021-07-21;393220;408419;1495;38931842;28612839;81026
FR;0;2021-07-22;438206;388414;1657;39370048;29001253;82683
FR;0;2021-07-23;436349;422837;1789;39806397;29424090;84472
FR;0;2021-07-24;284169;269959;766;40090566;29694049;85238
FR;0;2021-07-25;120220;80188;222;40210786;29774237;85460
FR;0;2021-07-26;345517;323681;1570;40556303;30097918;87030
FR;0;2021-07-27;461235;320578;1645;41017538;30418496;88675
FR;0;2021-07-28;456603;290184;1594;41474141;30708680;90269
FR;0;2021-07-29;486926;276610;1749;41961067;30985290;92018
FR;0;2021-07-30;458967;302638;1885;42420034;31287928;93903
FR;0;2021-07-31;284252;184895;877;42704286;31472823;94780
FR;0;2021-08-01;109459;49994;221;42813745;31522817;95001
FR;0;2021-08-02;334289;234128;1546;43148034;31756945;96547
FR;0;2021-08-03;393326;245131;1630;43541360;32002076;98177
FR;0;2021-08-04;381366;210089;1528;43922726;32212165;99705
FR;0;2021-08-05;362742;228555;1644;44285468;32440720;101349
FR;0;2021-08-06;356604;271730;1772;44642072;32712450;103121
FR;0;2021-08-07;211194;178352;733;44853266;32890802;103854
FR;0;2021-08-08;72520;63250;236;44925786;32954052;104090
FR;0;2021-08-09;256078;259687;1477;45181864;33213739;105567
FR;0;2021-08-10;302893;278295;1585;45484757;33492034;107152
FR;0;2021-08-11;276510;260385;1355;45761267;33752419;108507
FR;0;2021-08-12;268712;278194;1584;46029979;34030613;110091
FR;0;2021-08-13;249769;275279;1535;46279748;34305892;111626
FR;0;2021-08-14;143807;197996;709;46423555;34503888;112335
FR;0;2021-08-15;37614;50209;179;46461169;34554097;112514
FR;0;2021-08-16;184087;318387;1452;46645256;34872484;113966
FR;0;2021-08-17;213072;336841;1550;46858328;35209325;115516
FR;0;2021-08-18;196622;324698;1517;47054950;35534023;117033
FR;0;2021-08-19;189967;325313;1544;47244917;35859336;118577
FR;0;2021-08-20;183597;364890;1687;47428514;36224226;120264
FR;0;2021-08-21;103758;237988;648;47532272;36462214;120912
FR;0;2021-08-22;31443;87191;217;47563715;36549405;121129
FR;0;2021-08-23;139361;356928;1486;47703076;36906333;122615
FR;0;2021-08-24;160719;376786;1754;47863795;37283119;124369
FR;0;2021-08-25;149030;350488;1925;48012825;37633607;126294
FR;0;2021-08-26;141053;341980;2465;48153878;37975587;128759
FR;0;2021-08-27;146443;387037;2713;48300321;38362624;131472
FR;0;2021-08-28;89681;249425;1345;48390002;38612049;132817
FR;0;2021-08-29;26834;83171;480;48416836;38695220;133297
FR;0;2021-08-30;115480;324556;4579;48532316;39019776;137876
FR;0;2021-08-31;127353;334508;9937;48659669;39354284;147813
FR;0;2021-09-01;119245;284925;21792;48778914;39639209;169605
FR;0;2021-09-02;102532;247034;25754;48881446;39886243;195359
FR;0;2021-09-03;112749;292262;29314;48994195;40178505;224673
FR;0;2021-09-04;87183;217425;12358;49081378;40395930;237031
FR;0;2021-09-05;20714;44993;4269;49102092;40440923;241300
FR;0;2021-09-06;68835;180764;31447;49170927;40621687;272747
FR;0;2021-09-07;73308;181047;32431;49244235;40802734;305178
FR;0;2021-09-08;83765;205997;29107;49328000;41008731;334285
FR;0;2021-09-09;70822;164904;31698;49398822;41173635;365983
FR;0;2021-09-10;89089;203046;34142;49487911;41376681;400125
FR;0;2021-09-11;63960;168700;11743;49551871;41545381;411868
FR;0;2021-09-12;12158;32091;2627;49564029;41577472;414495
FR;0;2021-09-13;57379;126331;39670;49621408;41703803;454165
FR;0;2021-09-14;68928;128838;54050;49690336;41832641;508215
FR;0;2021-09-15;70701;167458;53841;49761037;42000099;562056
FR;0;2021-09-16;59575;114124;57452;49820612;42114223;619508
FR;0;2021-09-17;70759;156419;52005;49891371;42270642;671513
FR;0;2021-09-18;45779;139218;15209;49937150;42409860;686722
FR;0;2021-09-19;7318;23789;2306;49944468;42433649;689028
FR;0;2021-09-20;39562;93626;48013;49984030;42527275;737041
FR;0;2021-09-21;43303;98456;59849;50027333;42625731;796890
FR;0;2021-09-22;45585;140999;52553;50072918;42766730;849443
FR;0;2021-09-23;40722;90658;58506;50113640;42857388;907949
FR;0;2021-09-24;49603;131699;51937;50163243;42989087;959886
FR;0;2021-09-25;32570;114819;15923;50195813;43103906;975809
FR;0;2021-09-26;5049;17827;2180;50200862;43121733;977989
FR;0;2021-09-27;31820;76554;45173;50232682;43198287;1023162
FR;0;2021-09-28;34414;74386;51708;50267096;43272673;1074870
FR;0;2021-09-29;42063;100280;49986;50309159;43372953;1124856
FR;0;2021-09-30;33738;70371;52784;50342897;43443324;1177640
FR;0;2021-10-01;44775;98495;55158;50387672;43541819;1232798
FR;0;2021-10-02;34935;77701;20513;50422607;43619520;1253311
FR;0;2021-10-03;4698;10636;2404;50427305;43630156;1255715
FR;0;2021-10-04;27189;57830;50239;50454494;43687986;1305954
FR;0;2021-10-05;28021;63826;55765;50482515;43751812;1361719
