fra;vaccin;jour;n_dose1;n_dose2;n_dose3;n_cum_dose1;n_cum_dose2;n_cum_dose3
FR;1;2020-12-27;422;0;0;422;0;0
FR;1;2020-12-28;438;0;0;860;0;0
FR;1;2020-12-29;279;0;0;1139;0;0
FR;1;2020-12-30;333;0;0;1472;0;0
FR;1;2020-12-31;266;0;0;1738;0;0
FR;1;2021-01-01;311;0;0;2049;0;0
FR;1;2021-01-02;252;0;0;2301;0;0
FR;1;2021-01-03;281;0;0;2582;0;0
FR;1;2021-01-04;1788;0;0;4370;0;0
FR;1;2021-01-05;5727;0;0;10097;0;0
FR;1;2021-01-06;11632;0;0;21729;0;0
FR;1;2021-01-07;29096;0;0;50825;0;0
FR;1;2021-01-08;36750;0;0;87575;0;0
FR;1;2021-01-09;11093;0;0;98668;0;0
FR;1;2021-01-10;5776;0;0;104444;0;0
FR;1;2021-01-11;39652;0;0;144096;0;0
FR;1;2021-01-12;61709;0;0;205805;0;0
FR;1;2021-01-13;64657;0;0;270462;0;0
FR;1;2021-01-14;80933;0;0;351395;0;0
FR;1;2021-01-15;68221;0;0;419616;0;0
FR;1;2021-01-16;19782;86;0;439398;86;0
FR;1;2021-01-17;10785;41;0;450183;127;0
FR;1;2021-01-18;82431;160;0;532614;287;0
FR;1;2021-01-19;125500;124;0;658114;411;0
FR;1;2021-01-20;131999;154;0;790113;565;0
FR;1;2021-01-21;152397;129;0;942510;694;0
FR;1;2021-01-22;115470;160;0;1057980;854;0
FR;1;2021-01-23;36449;50;0;1094429;904;0
FR;1;2021-01-24;9472;27;0;1103901;931;0
FR;1;2021-01-25;74053;1211;0;1177954;2142;0
FR;1;2021-01-26;96157;3104;0;1274111;5246;0
FR;1;2021-01-27;103366;5584;0;1377477;10830;0
FR;1;2021-01-28;120270;14337;0;1497747;25167;0
FR;1;2021-01-29;88582;17262;0;1586329;42429;0
FR;1;2021-01-30;27850;4218;0;1614179;46647;0
FR;1;2021-01-31;5076;1677;0;1619255;48324;0
FR;1;2021-02-01;48979;21107;0;1668234;69431;0
FR;1;2021-02-02;67328;34527;0;1735562;103958;0
FR;1;2021-02-03;66698;36931;0;1802260;140889;0
FR;1;2021-02-04;76682;49998;0;1878942;190887;0
FR;1;2021-02-05;63118;45278;0;1942060;236165;0
FR;1;2021-02-06;19277;10380;0;1961337;246545;0
FR;1;2021-02-07;3586;5034;0;1964923;251579;0
FR;1;2021-02-08;36217;45925;0;2001140;297504;0
FR;1;2021-02-09;50522;72324;0;2051662;369828;0
FR;1;2021-02-10;51578;76607;0;2103240;446435;0
FR;1;2021-02-11;63004;98965;0;2166244;545400;0
FR;1;2021-02-12;55484;73920;0;2221728;619320;0
FR;1;2021-02-13;15343;19250;0;2237071;638570;0
FR;1;2021-02-14;3607;7185;0;2240678;645755;0
FR;1;2021-02-15;23891;73368;0;2264569;719123;0
FR;1;2021-02-16;32446;96741;0;2297015;815864;0
FR;1;2021-02-17;34795;98501;1;2331810;914365;1
FR;1;2021-02-18;48981;113317;0;2380791;1027682;1
FR;1;2021-02-19;45076;86346;0;2425867;1114028;1
FR;1;2021-02-20;13251;26885;0;2439118;1140913;1
FR;1;2021-02-21;2322;6282;0;2441440;1147195;1
FR;1;2021-02-22;24433;69353;1;2465873;1216548;2
FR;1;2021-02-23;37135;80296;1;2503008;1296844;3
FR;1;2021-02-24;40254;77586;1;2543262;1374430;4
FR;1;2021-02-25;49758;87901;1;2593020;1462331;5
FR;1;2021-02-26;46774;67819;0;2639794;1530150;5
FR;1;2021-02-27;15501;20912;0;2655295;1551062;5
FR;1;2021-02-28;3419;4382;1;2658714;1555444;6
FR;1;2021-03-01;39418;48968;0;2698132;1604412;6
FR;1;2021-03-02;55480;61456;1;2753612;1665868;7
FR;1;2021-03-03;60480;60602;0;2814092;1726470;7
FR;1;2021-03-04;72363;64846;2;2886455;1791316;9
FR;1;2021-03-05;74076;59216;2;2960531;1850532;11
FR;1;2021-03-06;82080;16077;2;3042611;1866609;13
FR;1;2021-03-07;63437;5410;0;3106048;1872019;13
FR;1;2021-03-08;59605;42439;0;3165653;1914458;13
FR;1;2021-03-09;85401;48285;0;3251054;1962743;13
FR;1;2021-03-10;90056;48014;2;3341110;2010757;15
FR;1;2021-03-11;104254;53818;0;3445364;2064575;15
FR;1;2021-03-12;103365;45257;0;3548729;2109832;15
FR;1;2021-03-13;88559;12730;0;3637288;2122562;15
FR;1;2021-03-14;44146;3025;0;3681434;2125587;15
FR;1;2021-03-15;94786;29093;1;3776220;2154680;16
FR;1;2021-03-16;122960;34866;1;3899180;2189546;17
FR;1;2021-03-17;128698;34801;2;4027878;2224347;19
FR;1;2021-03-18;142197;39674;1;4170075;2264021;20
FR;1;2021-03-19;135560;32866;0;4305635;2296887;20
FR;1;2021-03-20;75591;10196;0;4381226;2307083;20
FR;1;2021-03-21;26199;2474;1;4407425;2309557;21
FR;1;2021-03-22;114022;31156;2;4521447;2340713;23
FR;1;2021-03-23;142226;38144;1;4663673;2378857;24
FR;1;2021-03-24;141184;38737;0;4804857;2417594;24
FR;1;2021-03-25;164229;39591;2;4969086;2457185;26
FR;1;2021-03-26;165692;37451;1;5134778;2494636;27
FR;1;2021-03-27;110469;15240;0;5245247;2509876;27
FR;1;2021-03-28;42041;3618;2;5287288;2513494;29
FR;1;2021-03-29;129273;49928;1;5416561;2563422;30
FR;1;2021-03-30;166860;63536;3;5583421;2626958;33
FR;1;2021-03-31;170079;66857;3;5753500;2693815;36
FR;1;2021-04-01;193061;79184;6;5946561;2772999;42
FR;1;2021-04-02;163546;84273;4;6110107;2857272;46
FR;1;2021-04-03;87652;58139;3;6197759;2915411;49
FR;1;2021-04-04;32686;17722;0;6230445;2933133;49
FR;1;2021-04-05;43078;10165;4;6273523;2943298;53
FR;1;2021-04-06;159162;100822;7;6432685;3044120;60
FR;1;2021-04-07;195576;108198;6;6628261;3152318;66
FR;1;2021-04-08;220489;112336;6;6848750;3264654;72
FR;1;2021-04-09;213143;107446;6;7061893;3372100;78
FR;1;2021-04-10;116486;73425;8;7178379;3445525;86
FR;1;2021-04-11;40441;30267;3;7218820;3475792;89
FR;1;2021-04-12;167373;103750;29;7386193;3579542;118
FR;1;2021-04-13;202483;128186;56;7588676;3707728;174
FR;1;2021-04-14;206842;122758;120;7795518;3830486;294
FR;1;2021-04-15;219665;126713;154;8015183;3957199;448
FR;1;2021-04-16;204957;125109;178;8220140;4082308;626
FR;1;2021-04-17;121437;67457;47;8341577;4149765;673
FR;1;2021-04-18;35554;20990;21;8377131;4170755;694
FR;1;2021-04-19;162704;121870;325;8539835;4292625;1019
FR;1;2021-04-20;187989;148727;333;8727824;4441352;1352
FR;1;2021-04-21;192604;146668;488;8920428;4588020;1840
FR;1;2021-04-22;207626;162575;507;9128054;4750595;2347
FR;1;2021-04-23;197784;156886;431;9325838;4907481;2778
FR;1;2021-04-24;125554;95486;73;9451392;5002967;2851
FR;1;2021-04-25;53184;30121;24;9504576;5033088;2875
FR;1;2021-04-26;180161;138236;329;9684737;5171324;3204
FR;1;2021-04-27;220012;161918;575;9904749;5333242;3779
FR;1;2021-04-28;237027;155059;983;10141776;5488301;4762
FR;1;2021-04-29;268719;160009;843;10410495;5648310;5605
FR;1;2021-04-30;270421;148105;701;10680916;5796415;6306
FR;1;2021-05-01;138944;40703;104;10819860;5837118;6410
FR;1;2021-05-02;80815;28149;49;10900675;5865267;6459
FR;1;2021-05-03;248262;146414;522;11148937;6011681;6981
FR;1;2021-05-04;263404;186792;753;11412341;6198473;7734
FR;1;2021-05-05;280482;184519;742;11692823;6382992;8476
FR;1;2021-05-06;307014;182967;1022;11999837;6565959;9498
FR;1;2021-05-07;282000;195674;697;12281837;6761633;10195
FR;1;2021-05-08;190594;48325;142;12472431;6809958;10337
FR;1;2021-05-09;113457;36199;88;12585888;6846157;10425
FR;1;2021-05-10;254403;194203;704;12840291;7040360;11129
FR;1;2021-05-11;316392;211334;942;13156683;7251694;12071
FR;1;2021-05-12;353512;185857;794;13510195;7437551;12865
FR;1;2021-05-13;281022;47629;230;13791217;7485180;13095
FR;1;2021-05-14;367597;128812;591;14158814;7613992;13686
FR;1;2021-05-15;295276;66130;208;14454090;7680122;13894
FR;1;2021-05-16;156828;15575;80;14610918;7695697;13974
FR;1;2021-05-17;316660;116657;866;14927578;7812354;14840
FR;1;2021-05-18;379863;111290;1104;15307441;7923644;15944
FR;1;2021-05-19;392748;102875;1405;15700189;8026519;17349
FR;1;2021-05-20;418746;96283;1225;16118935;8122802;18574
FR;1;2021-05-21;397172;97340;1051;16516107;8220142;19625
FR;1;2021-05-22;274117;42066;346;16790224;8262208;19971
FR;1;2021-05-23;122348;11202;135;16912572;8273410;20106
FR;1;2021-05-24;242680;26293;330;17155252;8299703;20436
FR;1;2021-05-25;363661;131902;1266;17518913;8431605;21702
FR;1;2021-05-26;378426;125650;1240;17897339;8557255;22942
FR;1;2021-05-27;403687;128176;1259;18301026;8685431;24201
FR;1;2021-05-28;363856;145504;1005;18664882;8830935;25206
FR;1;2021-05-29;252752;80958;308;18917634;8911893;25514
FR;1;2021-05-30;100274;22561;92;19017908;8934454;25606
FR;1;2021-05-31;312464;148779;792;19330372;9083233;26398
FR;1;2021-06-01;353767;166736;1077;19684139;9249969;27475
FR;1;2021-06-02;358164;153211;1102;20042303;9403180;28577
FR;1;2021-06-03;384543;147720;959;20426846;9550900;29536
FR;1;2021-06-04;359859;175628;890;20786705;9726528;30426
FR;1;2021-06-05;256355;112768;362;21043060;9839296;30788
FR;1;2021-06-06;125210;37521;131;21168270;9876817;30919
FR;1;2021-06-07;296108;208142;812;21464378;10084959;31731
FR;1;2021-06-08;327192;221035;933;21791570;10305994;32664
FR;1;2021-06-09;332592;212641;1010;22124162;10518635;33674
FR;1;2021-06-10;338425;202227;1040;22462587;10720862;34714
FR;1;2021-06-11;309294;235492;746;22771881;10956354;35460
FR;1;2021-06-12;242252;150821;245;23014133;11107175;35705
FR;1;2021-06-13;99496;61063;106;23113629;11168238;35811
FR;1;2021-06-14;205379;289101;800;23319008;11457339;36611
FR;1;2021-06-15;253627;282480;838;23572635;11739819;37449
FR;1;2021-06-16;270612;270520;795;23843247;12010339;38244
FR;1;2021-06-17;265360;244469;719;24108607;12254808;38963
FR;1;2021-06-18;258177;296055;650;24366784;12550863;39613
FR;1;2021-06-19;192293;209635;224;24559077;12760498;39837
FR;1;2021-06-20;68878;89167;63;24627955;12849665;39900
FR;1;2021-06-21;170189;320057;561;24798144;13169722;40461
FR;1;2021-06-22;183730;347744;655;24981874;13517466;41116
FR;1;2021-06-23;201739;339447;649;25183613;13856913;41765
FR;1;2021-06-24;201317;281816;687;25384930;14138729;42452
FR;1;2021-06-25;179874;371963;714;25564804;14510692;43166
FR;1;2021-06-26;130233;278420;276;25695037;14789112;43442
FR;1;2021-06-27;51833;123027;81;25746870;14912139;43523
FR;1;2021-06-28;135007;368439;668;25881877;15280578;44191
FR;1;2021-06-29;153362;389609;1710;26035239;15670187;45901
FR;1;2021-06-30;178097;378380;1561;26213336;16048567;47462
FR;1;2021-07-01;195632;332186;1811;26408968;16380753;49273
FR;1;2021-07-02;188812;367819;1693;26597780;16748572;50966
FR;1;2021-07-03;122849;280578;685;26720629;17029150;51651
FR;1;2021-07-04;53215;113753;239;26773844;17142903;51890
FR;1;2021-07-05;150311;356239;1430;26924155;17499142;53320
FR;1;2021-07-06;170825;382763;1521;27094980;17881905;54841
FR;1;2021-07-07;187126;362771;1534;27282106;18244676;56375
FR;1;2021-07-08;198856;323142;1755;27480962;18567818;58130
FR;1;2021-07-09;187848;386744;1779;27668810;18954562;59909
FR;1;2021-07-10;128437;281028;779;27797247;19235590;60688
FR;1;2021-07-11;57030;102477;250;27854277;19338067;60938
FR;1;2021-07-12;147457;417038;1542;28001734;19755105;62480
FR;1;2021-07-13;232189;439692;1742;28233923;20194797;64222
FR;1;2021-07-14;170180;151626;404;28404103;20346423;64626
FR;1;2021-07-15;277080;424736;1781;28681183;20771159;66407
FR;1;2021-07-16;288352;401372;1647;28969535;21172531;68054
FR;1;2021-07-17;216232;282299;717;29185767;21454830;68771
FR;1;2021-07-18;101408;107458;283;29287175;21562288;69054
FR;1;2021-07-19;236543;379447;1453;29523718;21941735;70507
FR;1;2021-07-20;303724;381280;1409;29827442;22323015;71916
FR;1;2021-07-21;331296;353803;1363;30158738;22676818;73279
FR;1;2021-07-22;362447;319462;1456;30521185;22996280;74735
FR;1;2021-07-23;346059;343172;1508;30867244;23339452;76243
FR;1;2021-07-24;238354;241348;665;31105598;23580800;76908
FR;1;2021-07-25;112190;76152;211;31217788;23656952;77119
FR;1;2021-07-26;297890;290438;1453;31515678;23947390;78572
FR;1;2021-07-27;383828;268910;1411;31899506;24216300;79983
FR;1;2021-07-28;388245;251543;1426;32287751;24467843;81409
FR;1;2021-07-29;403996;227897;1501;32691747;24695740;82910
FR;1;2021-07-30;368945;246694;1595;33060692;24942434;84505
FR;1;2021-07-31;242777;164965;769;33303469;25107399;85274
FR;1;2021-08-01;103761;47210;207;33407230;25154609;85481
FR;1;2021-08-02;292862;212776;1431;33700092;25367385;86912
FR;1;2021-08-03;327335;209269;1472;34027427;25576654;88384
FR;1;2021-08-04;325630;184328;1378;34353057;25760982;89762
FR;1;2021-08-05;298941;193178;1428;34651998;25954160;91190
FR;1;2021-08-06;288786;224560;1510;34940784;26178720;92700
FR;1;2021-08-07;181411;158803;632;35122195;26337523;93332
FR;1;2021-08-08;67839;59105;219;35190034;26396628;93551
FR;1;2021-08-09;220978;235980;1386;35411012;26632608;94937
FR;1;2021-08-10;249555;240848;1423;35660567;26873456;96360
FR;1;2021-08-11;233743;232496;1199;35894310;27105952;97559
FR;1;2021-08-12;218819;239810;1417;36113129;27345762;98976
FR;1;2021-08-13;200125;236772;1318;36313254;27582534;100294
FR;1;2021-08-14;122074;174416;619;36435328;27756950;100913
FR;1;2021-08-15;34249;46200;167;36469577;27803150;101080
FR;1;2021-08-16;155295;289905;1349;36624872;28093055;102429
FR;1;2021-08-17;169625;291796;1359;36794497;28384851;103788
FR;1;2021-08-18;159631;286927;1339;36954128;28671778;105127
FR;1;2021-08-19;147448;277289;1330;37101576;28949067;106457
FR;1;2021-08-20;138469;307749;1429;37240045;29256816;107886
FR;1;2021-08-21;83576;213129;547;37323621;29469945;108433
FR;1;2021-08-22;28240;82705;198;37351861;29552650;108631
FR;1;2021-08-23;117596;320870;1367;37469457;29873520;109998
FR;1;2021-08-24;125479;319773;1533;37594936;30193293;111531
FR;1;2021-08-25;119884;306215;1694;37714820;30499508;113225
FR;1;2021-08-26;105246;285429;2094;37820066;30784937;115319
FR;1;2021-08-27;106053;320645;2250;37926119;31105582;117569
FR;1;2021-08-28;70328;220709;1057;37996447;31326291;118626
FR;1;2021-08-29;23875;77948;434;38020322;31404239;119060
FR;1;2021-08-30;95708;286154;4234;38116030;31690393;123294
FR;1;2021-08-31;97177;276305;9097;38213207;31966698;132391
FR;1;2021-09-01;100901;244654;20603;38314108;32211352;152994
FR;1;2021-09-02;77468;197707;23913;38391576;32409059;176907
FR;1;2021-09-03;78798;227281;26471;38470374;32636340;203378
FR;1;2021-09-04;70168;189580;10968;38540542;32825920;214346
FR;1;2021-09-05;18243;41203;4024;38558785;32867123;218370
FR;1;2021-09-06;55197;151499;29762;38613982;33018622;248132
FR;1;2021-09-07;51460;139492;29545;38665442;33158114;277677
FR;1;2021-09-08;66545;173593;26471;38731987;33331707;304148
FR;1;2021-09-09;49510;123954;27538;38781497;33455661;331686
FR;1;2021-09-10;61165;151556;29109;38842662;33607217;360795
FR;1;2021-09-11;50710;146458;9516;38893372;33753675;370311
FR;1;2021-09-12;10376;29188;2373;38903748;33782863;372684
FR;1;2021-09-13;46837;104410;37522;38950585;33887273;410206
FR;1;2021-09-14;50462;95738;49441;39001047;33983011;459647
FR;1;2021-09-15;56592;138763;49043;39057639;34121774;508690
FR;1;2021-09-16;44081;80928;51372;39101720;34202702;560062
FR;1;2021-09-17;50489;108972;43851;39152209;34311674;603913
FR;1;2021-09-18;36246;118137;11553;39188455;34429811;615466
FR;1;2021-09-19;6134;21027;1931;39194589;34450838;617397
FR;1;2021-09-20;32738;74499;44827;39227327;34525337;662224
FR;1;2021-09-21;32362;68031;54050;39259689;34593368;716274
FR;1;2021-09-22;36570;117207;47921;39296259;34710575;764195
FR;1;2021-09-23;30243;61411;51989;39326502;34771986;816184
FR;1;2021-09-24;34925;88516;41851;39361427;34860502;858035
FR;1;2021-09-25;25528;95975;12093;39386955;34956477;870128
FR;1;2021-09-26;4003;15190;1700;39390958;34971667;871828
FR;1;2021-09-27;25743;59786;41542;39416701;35031453;913370
FR;1;2021-09-28;25212;48521;45258;39441913;35079974;958628
FR;1;2021-09-29;34011;79749;45104;39475924;35159723;1003732
FR;1;2021-09-30;24045;44341;45201;39499969;35204064;1048933
FR;1;2021-10-01;31360;62772;43531;39531329;35266836;1092464
FR;1;2021-10-02;28395;61783;15887;39559724;35328619;1108351
FR;1;2021-10-03;3944;8577;1958;39563668;35337196;1110309
FR;1;2021-10-04;21754;43502;45869;39585422;35380698;1156178
FR;1;2021-10-05;19797;41116;47788;39605219;35421814;1203966
FR;1;2021-10-06;30661;60596;55721;39635880;35482410;1259687
FR;1;2021-10-07;18746;39047;50792;39654626;35521457;1310479
FR;1;2021-10-08;29848;58938;58716;39684474;35580395;1369195
FR;1;2021-10-09;25992;47558;25095;39710466;35627953;1394290
FR;1;2021-10-10;2943;5370;2641;39713409;35633323;1396931
FR;1;2021-10-11;21417;37689;53257;39734826;35671012;1450188
FR;1;2021-10-12;20483;36104;55978;39755309;35707116;1506166
FR;1;2021-10-13;30313;47092;62630;39785622;35754208;1568796
FR;1;2021-10-14;19526;34249;51464;39805148;35788457;1620260
FR;1;2021-10-15;29258;47749;70216;39834406;35836206;1690476
FR;1;2021-10-16;24532;35052;34349;39858938;35871258;1724825
FR;1;2021-10-17;2569;4070;3297;39861507;35875328;1728122
FR;1;2021-10-18;20488;32988;64502;39881995;35908316;1792624
FR;2;2020-12-27;0;0;0;0;0;0
FR;2;2020-12-28;0;0;0;0;0;0
FR;2;2020-12-29;0;0;0;0;0;0
FR;2;2020-12-30;0;0;0;0;0;0
FR;2;2020-12-31;0;0;0;0;0;0
FR;2;2021-01-01;0;0;0;0;0;0
FR;2;2021-01-02;0;0;0;0;0;0
FR;2;2021-01-03;0;0;0;0;0;0
FR;2;2021-01-04;0;0;0;0;0;0
FR;2;2021-01-05;0;0;0;0;0;0
FR;2;2021-01-06;0;0;0;0;0;0
FR;2;2021-01-07;0;0;0;0;0;0
FR;2;2021-01-08;0;0;0;0;0;0
FR;2;2021-01-09;0;0;0;0;0;0
FR;2;2021-01-10;0;0;0;0;0;0
FR;2;2021-01-11;0;0;0;0;0;0
FR;2;2021-01-12;0;0;0;0;0;0
FR;2;2021-01-13;0;0;0;0;0;0
FR;2;2021-01-14;1217;0;0;1217;0;0
FR;2;2021-01-15;334;0;0;1551;0;0
FR;2;2021-01-16;266;0;0;1817;0;0
FR;2;2021-01-17;51;0;0;1868;0;0
FR;2;2021-01-18;3026;0;0;4894;0;0
FR;2;2021-01-19;4634;0;0;9528;0;0
FR;2;2021-01-20;5076;0;0;14604;0;0
FR;2;2021-01-21;5266;0;0;19870;0;0
FR;2;2021-01-22;5047;0;0;24917;0;0
FR;2;2021-01-23;1837;0;0;26754;0;0
FR;2;2021-01-24;151;0;0;26905;0;0
FR;2;2021-01-25;3742;0;0;30647;0;0
FR;2;2021-01-26;3842;0;0;34489;0;0
FR;2;2021-01-27;3531;0;0;38020;0;0
FR;2;2021-01-28;3650;0;0;41670;0;0
FR;2;2021-01-29;3212;0;0;44882;0;0
FR;2;2021-01-30;1108;0;0;45990;0;0
FR;2;2021-01-31;30;0;0;46020;0;0
FR;2;2021-02-01;3335;0;0;49355;0;0
FR;2;2021-02-02;4416;0;0;53771;0;0
FR;2;2021-02-03;5156;0;0;58927;0;0
FR;2;2021-02-04;4846;4;0;63773;4;0
FR;2;2021-02-05;4741;6;0;68514;10;0
FR;2;2021-02-06;1996;3;0;70510;13;0
FR;2;2021-02-07;80;0;0;70590;13;0
FR;2;2021-02-08;7485;8;0;78075;21;0
FR;2;2021-02-09;8351;15;0;86426;36;0
FR;2;2021-02-10;9250;50;0;95676;86;0
FR;2;2021-02-11;10174;66;0;105850;152;0
FR;2;2021-02-12;9944;237;0;115794;389;0
FR;2;2021-02-13;3087;221;0;118881;610;0
FR;2;2021-02-14;332;0;0;119213;610;0
FR;2;2021-02-15;3408;3063;0;122621;3673;0
FR;2;2021-02-16;5015;3876;0;127636;7549;0
FR;2;2021-02-17;4192;4398;0;131828;11947;0
FR;2;2021-02-18;5335;5087;0;137163;17034;0
FR;2;2021-02-19;5274;4323;0;142437;21357;0
FR;2;2021-02-20;1815;1508;0;144252;22865;0
FR;2;2021-02-21;216;86;0;144468;22951;0
FR;2;2021-02-22;3575;3720;0;148043;26671;0
FR;2;2021-02-23;4897;3688;0;152940;30359;0
FR;2;2021-02-24;4924;3463;0;157864;33822;0
FR;2;2021-02-25;5396;3423;0;163260;37245;0
FR;2;2021-02-26;4305;3121;0;167565;40366;0
FR;2;2021-02-27;1580;1042;0;169145;41408;0
FR;2;2021-02-28;146;28;0;169291;41436;0
FR;2;2021-03-01;5061;3763;0;174352;45199;0
FR;2;2021-03-02;6431;4723;0;180783;49922;0
FR;2;2021-03-03;6434;4881;0;187217;54803;0
FR;2;2021-03-04;8276;3959;0;195493;58762;0
FR;2;2021-03-05;7916;4053;0;203409;62815;0
FR;2;2021-03-06;4712;1681;0;208121;64496;0
FR;2;2021-03-07;2343;29;0;210464;64525;0
FR;2;2021-03-08;4089;8304;0;214553;72829;0
FR;2;2021-03-09;7402;8420;1;221955;81249;1
FR;2;2021-03-10;6981;9103;0;228936;90352;1
FR;2;2021-03-11;9274;9193;0;238210;99545;1
FR;2;2021-03-12;7869;8156;0;246079;107701;1
FR;2;2021-03-13;9977;2509;0;256056;110210;1
FR;2;2021-03-14;4813;400;0;260869;110610;1
FR;2;2021-03-15;10800;3481;0;271669;114091;1
FR;2;2021-03-16;16644;4619;0;288313;118710;1
FR;2;2021-03-17;20090;3952;0;308403;122662;1
FR;2;2021-03-18;23213;4902;0;331616;127564;1
FR;2;2021-03-19;23144;4533;0;354760;132097;1
FR;2;2021-03-20;25320;1537;0;380080;133634;1
FR;2;2021-03-21;17595;147;0;397675;133781;1
FR;2;2021-03-22;17628;3077;0;415303;136858;1
FR;2;2021-03-23;22507;4180;0;437810;141038;1
FR;2;2021-03-24;23778;4985;0;461588;146023;1
FR;2;2021-03-25;26558;5017;0;488146;151040;1
FR;2;2021-03-26;26808;4262;0;514954;155302;1
FR;2;2021-03-27;15818;1308;0;530772;156610;1
FR;2;2021-03-28;10514;92;0;541286;156702;1
FR;2;2021-03-29;18849;4276;0;560135;160978;1
FR;2;2021-03-30;24376;6015;0;584511;166993;1
FR;2;2021-03-31;28390;5952;0;612901;172945;1
FR;2;2021-04-01;34317;8475;0;647218;181420;1
FR;2;2021-04-02;29793;7678;0;677011;189098;1
FR;2;2021-04-03;16855;3578;0;693866;192676;1
FR;2;2021-04-04;9239;918;1;703105;193594;2
FR;2;2021-04-05;12285;807;0;715390;194401;2
FR;2;2021-04-06;26949;6924;0;742339;201325;2
FR;2;2021-04-07;30757;7150;0;773096;208475;2
FR;2;2021-04-08;36692;8814;0;809788;217289;2
FR;2;2021-04-09;33653;8589;27;843441;225878;29
FR;2;2021-04-10;19573;8968;0;863014;234846;29
FR;2;2021-04-11;7873;4270;0;870887;239116;29
FR;2;2021-04-12;16970;11247;0;887857;250363;29
FR;2;2021-04-13;19300;16415;1;907157;266778;30
FR;2;2021-04-14;17854;16273;2;925011;283051;32
FR;2;2021-04-15;22020;20748;25;947031;303799;57
FR;2;2021-04-16;20550;20063;39;967581;323862;96
FR;2;2021-04-17;13150;22451;3;980731;346313;99
FR;2;2021-04-18;5843;14402;3;986574;360715;102
FR;2;2021-04-19;16619;16249;17;1003193;376964;119
FR;2;2021-04-20;19101;21569;26;1022294;398533;145
FR;2;2021-04-21;20042;21659;45;1042336;420192;190
FR;2;2021-04-22;23578;24850;18;1065914;445042;208
FR;2;2021-04-23;24337;25343;64;1090251;470385;272
FR;2;2021-04-24;25162;15101;19;1115413;485486;291
FR;2;2021-04-25;9540;8587;5;1124953;494073;296
FR;2;2021-04-26;17001;17196;14;1141954;511269;310
FR;2;2021-04-27;19107;24296;32;1161061;535565;342
FR;2;2021-04-28;22176;26175;97;1183237;561740;439
FR;2;2021-04-29;25293;30122;54;1208530;591862;493
FR;2;2021-04-30;25407;27766;33;1233937;619628;526
FR;2;2021-05-01;14874;9856;3;1248811;629484;529
FR;2;2021-05-02;6571;9181;2;1255382;638665;531
FR;2;2021-05-03;19831;19315;15;1275213;657980;546
FR;2;2021-05-04;18125;29047;14;1293338;687027;560
FR;2;2021-05-05;18097;29402;27;1311435;716429;587
FR;2;2021-05-06;23316;35279;92;1334751;751708;679
FR;2;2021-05-07;25045;33218;69;1359796;784926;748
FR;2;2021-05-08;21156;9700;7;1380952;794626;755
FR;2;2021-05-09;13078;7891;2;1394030;802517;757
FR;2;2021-05-10;32638;22209;21;1426668;824726;778
FR;2;2021-05-11;43271;21065;44;1469939;845791;822
FR;2;2021-05-12;49680;19894;72;1519619;865685;894
FR;2;2021-05-13;50987;5765;14;1570606;871450;908
FR;2;2021-05-14;60988;12947;82;1631594;884397;990
FR;2;2021-05-15;65589;7146;12;1697183;891543;1002
FR;2;2021-05-16;43322;2574;4;1740505;894117;1006
FR;2;2021-05-17;44447;12580;54;1784952;906697;1060
FR;2;2021-05-18;54300;12241;71;1839252;918938;1131
FR;2;2021-05-19;56812;10609;125;1896064;929547;1256
FR;2;2021-05-20;63032;10872;141;1959096;940419;1397
FR;2;2021-05-21;63915;11659;120;2023011;952078;1517
FR;2;2021-05-22;61208;4512;31;2084219;956590;1548
FR;2;2021-05-23;37318;570;9;2121537;957160;1557
FR;2;2021-05-24;17009;2030;19;2138546;959190;1576
FR;2;2021-05-25;20813;12234;144;2159359;971424;1720
FR;2;2021-05-26;19592;11453;149;2178951;982877;1869
FR;2;2021-05-27;22680;12659;123;2201631;995536;1992
FR;2;2021-05-28;29120;14974;125;2230751;1010510;2117
FR;2;2021-05-29;30225;8181;33;2260976;1018691;2150
FR;2;2021-05-30;4560;1809;2;2265536;1020500;2152
FR;2;2021-05-31;28367;18746;115;2293903;1039246;2267
FR;2;2021-06-01;45285;20062;146;2339188;1059308;2413
FR;2;2021-06-02;37191;19302;99;2376379;1078610;2512
FR;2;2021-06-03;50945;23376;94;2427324;1101986;2606
FR;2;2021-06-04;65212;24091;131;2492536;1126077;2737
FR;2;2021-06-05;34301;24035;22;2526837;1150112;2759
FR;2;2021-06-06;4840;6201;4;2531677;1156313;2763
FR;2;2021-06-07;27903;23091;88;2559580;1179404;2851
FR;2;2021-06-08;46095;22954;89;2605675;1202358;2940
FR;2;2021-06-09;34050;20911;54;2639725;1223269;2994
FR;2;2021-06-10;42379;19151;34;2682104;1242420;3028
FR;2;2021-06-11;55058;25244;70;2737162;1267664;3098
FR;2;2021-06-12;30403;19810;29;2767565;1287474;3127
FR;2;2021-06-13;3240;9186;4;2770805;1296660;3131
FR;2;2021-06-14;25107;24185;50;2795912;1320845;3181
FR;2;2021-06-15;38787;22883;72;2834699;1343728;3253
FR;2;2021-06-16;29973;21479;88;2864672;1365207;3341
FR;2;2021-06-17;36677;25896;77;2901349;1391103;3418
FR;2;2021-06-18;46674;28796;68;2948023;1419899;3486
FR;2;2021-06-19;24422;24915;21;2972445;1444814;3507
FR;2;2021-06-20;3617;10069;5;2976062;1454883;3512
FR;2;2021-06-21;17335;42764;51;2993397;1497647;3563
FR;2;2021-06-22;28187;49606;70;3021584;1547253;3633
FR;2;2021-06-23;21641;49611;65;3043225;1596864;3698
FR;2;2021-06-24;28245;50299;87;3071470;1647163;3785
FR;2;2021-06-25;33248;60416;83;3104718;1707579;3868
FR;2;2021-06-26;16262;59278;28;3120980;1766857;3896
FR;2;2021-06-27;2514;29350;16;3123494;1796207;3912
FR;2;2021-06-28;12490;54368;40;3135984;1850575;3952
FR;2;2021-06-29;19728;59893;174;3155712;1910468;4126
FR;2;2021-06-30;16204;57761;214;3171916;1968229;4340
FR;2;2021-07-01;20279;59909;212;3192195;2028138;4552
FR;2;2021-07-02;23887;62208;181;3216082;2090346;4733
FR;2;2021-07-03;11995;57099;155;3228077;2147445;4888
FR;2;2021-07-04;1902;23331;20;3229979;2170776;4908
FR;2;2021-07-05;8995;29362;101;3238974;2200138;5009
FR;2;2021-07-06;14399;36202;130;3253373;2236340;5139
FR;2;2021-07-07;14135;33679;135;3267508;2270019;5274
FR;2;2021-07-08;19508;40294;159;3287016;2310313;5433
FR;2;2021-07-09;26919;54278;194;3313935;2364591;5627
FR;2;2021-07-10;13259;33672;108;3327194;2398263;5735
FR;2;2021-07-11;1706;4329;12;3328900;2402592;5747
FR;2;2021-07-12;12814;37277;110;3341714;2439869;5857
FR;2;2021-07-13;36942;53277;152;3378656;2493146;6009
FR;2;2021-07-14;6419;3576;14;3385075;2496722;6023
FR;2;2021-07-15;47007;47046;151;3432082;2543768;6174
FR;2;2021-07-16;64093;55867;183;3496175;2599635;6357
FR;2;2021-07-17;31427;23952;95;3527602;2623587;6452
FR;2;2021-07-18;5988;4946;18;3533590;2628533;6470
FR;2;2021-07-19;32823;28728;90;3566413;2657261;6560
FR;2;2021-07-20;51788;44597;145;3618201;2701858;6705
FR;2;2021-07-21;45030;34832;90;3663231;2736690;6795
FR;2;2021-07-22;56052;41104;123;3719283;2777794;6918
FR;2;2021-07-23;68102;49135;168;3787385;2826929;7086
FR;2;2021-07-24;36008;21554;80;3823393;2848483;7166
FR;2;2021-07-25;6646;2678;10;3830039;2851161;7176
FR;2;2021-07-26;36112;22502;88;3866151;2873663;7264
FR;2;2021-07-27;62151;34652;178;3928302;2908315;7442
FR;2;2021-07-28;55076;26488;129;3983378;2934803;7571
FR;2;2021-07-29;68174;32791;182;4051552;2967594;7753
FR;2;2021-07-30;74155;37786;214;4125707;3005380;7967
FR;2;2021-07-31;34566;16164;94;4160273;3021544;8061
FR;2;2021-08-01;5234;2300;13;4165507;3023844;8074
FR;2;2021-08-02;35577;16165;94;4201084;3040009;8168
FR;2;2021-08-03;55706;28249;135;4256790;3068258;8303
FR;2;2021-08-04;46388;20838;127;4303178;3089096;8430
FR;2;2021-08-05;54389;31592;210;4357567;3120688;8640
FR;2;2021-08-06;57900;42359;231;4415467;3163047;8871
FR;2;2021-08-07;25008;17593;90;4440475;3180640;8961
FR;2;2021-08-08;3752;3666;19;4444227;3184306;8980
FR;2;2021-08-09;29161;21149;83;4473388;3205455;9063
FR;2;2021-08-10;44813;33527;149;4518201;3238982;9212
FR;2;2021-08-11;35122;25146;142;4553323;3264128;9354
FR;2;2021-08-12;41766;35736;154;4595089;3299864;9508
FR;2;2021-08-13;42479;36228;204;4637568;3336092;9712
FR;2;2021-08-14;18406;22627;90;4655974;3358719;9802
FR;2;2021-08-15;2989;3845;13;4658963;3362564;9815
FR;2;2021-08-16;24980;27376;97;4683943;3389940;9912
FR;2;2021-08-17;38146;43526;191;4722089;3433466;10103
FR;2;2021-08-18;32153;36398;180;4754242;3469864;10283
FR;2;2021-08-19;37318;46580;211;4791560;3516444;10494
FR;2;2021-08-20;40431;55487;248;4831991;3571931;10742
FR;2;2021-08-21;18041;24257;103;4850032;3596188;10845
FR;2;2021-08-22;2873;4315;20;4852905;3600503;10865
FR;2;2021-08-23;19172;35127;118;4872077;3635630;10983
FR;2;2021-08-24;31819;56041;218;4903896;3691671;11201
FR;2;2021-08-25;25852;43411;233;4929748;3735082;11434
FR;2;2021-08-26;32243;55653;373;4961991;3790735;11807
FR;2;2021-08-27;36899;65412;457;4998890;3856147;12264
FR;2;2021-08-28;17739;28347;288;5016629;3884494;12552
FR;2;2021-08-29;2624;5093;46;5019253;3889587;12598
FR;2;2021-08-30;18282;37786;374;5037535;3927373;12972
FR;2;2021-08-31;27957;57470;857;5065492;3984843;13829
FR;2;2021-09-01;21405;39770;1265;5086897;4024613;15094
FR;2;2021-09-02;25341;48561;1907;5112238;4073174;17001
FR;2;2021-09-03;33213;64346;2874;5145451;4137520;19875
FR;2;2021-09-04;16672;27543;1399;5162123;4165063;21274
FR;2;2021-09-05;2213;3731;248;5164336;4168794;21522
FR;2;2021-09-06;13922;28744;1736;5178258;4197538;23258
FR;2;2021-09-07;20990;41013;2921;5199248;4238551;26179
FR;2;2021-09-08;17117;31929;2688;5216365;4270480;28867
FR;2;2021-09-09;20814;40400;4313;5237179;4310880;33180
FR;2;2021-09-10;28056;50998;5157;5265235;4361878;38337
FR;2;2021-09-11;13522;21986;2322;5278757;4383864;40659
FR;2;2021-09-12;1773;2850;265;5280530;4386714;40924
FR;2;2021-09-13;11551;21497;2411;5292081;4408211;43335
FR;2;2021-09-14;18437;32757;4907;5310518;4440968;48242
FR;2;2021-09-15;14616;28385;5077;5325134;4469353;53319
FR;2;2021-09-16;15976;32709;6620;5341110;4502062;59939
FR;2;2021-09-17;20742;47003;8647;5361852;4549065;68586
FR;2;2021-09-18;9732;20843;3727;5371584;4569908;72313
FR;2;2021-09-19;1142;2728;378;5372726;4572636;72691
FR;2;2021-09-20;7357;18867;3735;5380083;4591503;76426
FR;2;2021-09-21;11074;30026;6419;5391157;4621529;82845
FR;2;2021-09-22;9273;23540;5419;5400430;4645069;88264
FR;2;2021-09-23;10580;28858;7767;5411010;4673927;96031
FR;2;2021-09-24;14853;42742;10717;5425863;4716669;106748
FR;2;2021-09-25;7061;18592;3889;5432924;4735261;110637
FR;2;2021-09-26;1042;2590;484;5433966;4737851;111121
FR;2;2021-09-27;6173;16462;4206;5440139;4754313;115327
FR;2;2021-09-28;9080;25523;7625;5449219;4779836;122952
FR;2;2021-09-29;7914;20232;5974;5457133;4800068;128926
FR;2;2021-09-30;9692;25716;9326;5466825;4825784;138252
FR;2;2021-10-01;13527;35454;12698;5480352;4861238;150950
FR;2;2021-10-02;6599;15801;4757;5486951;4877039;155707
FR;2;2021-10-03;750;2035;469;5487701;4879074;156176
FR;2;2021-10-04;5620;13981;5466;5493321;4893055;161642
FR;2;2021-10-05;8802;22497;11011;5502123;4915552;172653
FR;2;2021-10-06;7564;17753;8125;5509687;4933305;180778
FR;2;2021-10-07;8967;22122;12196;5518654;4955427;192974
FR;2;2021-10-08;13126;31957;16997;5531780;4987384;209971
FR;2;2021-10-09;5817;12716;5941;5537597;5000100;215912
FR;2;2021-10-10;817;1685;420;5538414;5001785;216332
FR;2;2021-10-11;5205;11685;6373;5543619;5013470;222705
FR;2;2021-10-12;7615;17750;12285;5551234;5031220;234990
FR;2;2021-10-13;6709;14835;10048;5557943;5046055;245038
FR;2;2021-10-14;8030;17902;14439;5565973;5063957;259477
FR;2;2021-10-15;11428;26223;20388;5577401;5090180;279865
FR;2;2021-10-16;4848;8727;1710;5582249;5098907;281575
FR;2;2021-10-17;570;1218;175;5582819;5100125;281750
FR;2;2021-10-18;4286;7514;577;5587105;5107639;282327
FR;3;2020-12-27;0;0;0;0;0;0
FR;3;2020-12-28;0;0;0;0;0;0
FR;3;2020-12-29;0;0;0;0;0;0
FR;3;2020-12-30;0;0;0;0;0;0
FR;3;2020-12-31;0;0;0;0;0;0
FR;3;2021-01-01;0;0;0;0;0;0
FR;3;2021-01-02;0;0;0;0;0;0
FR;3;2021-01-03;0;0;0;0;0;0
FR;3;2021-01-04;0;0;0;0;0;0
FR;3;2021-01-05;0;0;0;0;0;0
FR;3;2021-01-06;0;0;0;0;0;0
FR;3;2021-01-07;0;0;0;0;0;0
FR;3;2021-01-08;0;0;0;0;0;0
FR;3;2021-01-09;0;0;0;0;0;0
FR;3;2021-01-10;0;0;0;0;0;0
FR;3;2021-01-11;0;0;0;0;0;0
FR;3;2021-01-12;0;0;0;0;0;0
FR;3;2021-01-13;0;0;0;0;0;0
FR;3;2021-01-14;0;0;0;0;0;0
FR;3;2021-01-15;0;0;0;0;0;0
FR;3;2021-01-16;0;0;0;0;0;0
FR;3;2021-01-17;0;0;0;0;0;0
FR;3;2021-01-18;0;0;0;0;0;0
FR;3;2021-01-19;0;0;0;0;0;0
FR;3;2021-01-20;0;0;0;0;0;0
FR;3;2021-01-21;0;0;0;0;0;0
FR;3;2021-01-22;0;0;0;0;0;0
FR;3;2021-01-23;0;0;0;0;0;0
FR;3;2021-01-24;0;0;0;0;0;0
FR;3;2021-01-25;0;0;0;0;0;0
FR;3;2021-01-26;0;0;0;0;0;0
FR;3;2021-01-27;0;0;0;0;0;0
FR;3;2021-01-28;0;0;0;0;0;0
FR;3;2021-01-29;0;0;0;0;0;0
FR;3;2021-01-30;0;0;0;0;0;0
FR;3;2021-01-31;0;0;0;0;0;0
FR;3;2021-02-01;0;0;0;0;0;0
FR;3;2021-02-02;0;0;0;0;0;0
FR;3;2021-02-03;0;0;0;0;0;0
FR;3;2021-02-04;0;0;0;0;0;0
FR;3;2021-02-05;0;0;0;0;0;0
FR;3;2021-02-06;969;0;0;969;0;0
FR;3;2021-02-07;1379;0;0;2348;0;0
FR;3;2021-02-08;2713;0;0;5061;0;0
FR;3;2021-02-09;6713;0;0;11774;0;0
FR;3;2021-02-10;9476;0;0;21250;0;0
FR;3;2021-02-11;13498;0;0;34748;0;0
FR;3;2021-02-12;13207;0;0;47955;0;0
FR;3;2021-02-13;3625;0;0;51580;0;0
FR;3;2021-02-14;916;0;0;52496;0;0
FR;3;2021-02-15;10297;0;0;62793;0;0
FR;3;2021-02-16;12364;0;0;75157;0;0
FR;3;2021-02-17;10982;0;0;86139;0;0
FR;3;2021-02-18;14771;0;0;100910;0;0
FR;3;2021-02-19;14225;0;0;115135;0;0
FR;3;2021-02-20;3240;0;0;118375;0;0
FR;3;2021-02-21;581;0;0;118956;0;0
FR;3;2021-02-22;9044;0;0;128000;0;0
FR;3;2021-02-23;11243;0;0;139243;0;0
FR;3;2021-02-24;14113;0;0;153356;0;0
FR;3;2021-02-25;44742;0;0;198098;0;0
FR;3;2021-02-26;61705;0;0;259803;0;0
FR;3;2021-02-27;34667;6;0;294470;6;0
FR;3;2021-02-28;2397;0;0;296867;6;0
FR;3;2021-03-01;20217;9;0;317084;15;0
FR;3;2021-03-02;38635;11;0;355719;26;0
FR;3;2021-03-03;48430;14;0;404149;40;0
FR;3;2021-03-04;81940;18;0;486089;58;0
FR;3;2021-03-05;117791;41;0;603880;99;0
FR;3;2021-03-06;120326;47;1;724206;146;1
FR;3;2021-03-07;54974;26;0;779180;172;1
FR;3;2021-03-08;42574;20;0;821754;192;1
FR;3;2021-03-09;78714;30;0;900468;222;1
FR;3;2021-03-10;80589;36;0;981057;258;1
FR;3;2021-03-11;128081;44;0;1109138;302;1
FR;3;2021-03-12;182360;67;0;1291498;369;1
FR;3;2021-03-13;131869;48;0;1423367;417;1
FR;3;2021-03-14;13948;4;0;1437315;421;1
FR;3;2021-03-15;51941;34;0;1489256;455;1
FR;3;2021-03-16;1051;13;0;1490307;468;1
FR;3;2021-03-17;792;6;0;1491099;474;1
FR;3;2021-03-18;1390;4;0;1492489;478;1
FR;3;2021-03-19;70196;36;0;1562685;514;1
FR;3;2021-03-20;65030;35;0;1627715;549;1
FR;3;2021-03-21;5636;4;0;1633351;553;1
FR;3;2021-03-22;37240;30;0;1670591;583;1
FR;3;2021-03-23;84334;49;0;1754925;632;1
FR;3;2021-03-24;90664;88;0;1845589;720;1
FR;3;2021-03-25;149723;114;0;1995312;834;1
FR;3;2021-03-26;165079;152;0;2160391;986;1
FR;3;2021-03-27;68240;86;0;2228631;1072;1
FR;3;2021-03-28;6365;19;0;2234996;1091;1
FR;3;2021-03-29;53922;59;0;2288918;1150;1
FR;3;2021-03-30;92889;87;0;2381807;1237;1
FR;3;2021-03-31;63273;81;0;2445080;1318;1
FR;3;2021-04-01;85816;97;0;2530896;1415;1
FR;3;2021-04-02;86685;143;0;2617581;1558;1
FR;3;2021-04-03;35712;107;0;2653293;1665;1
FR;3;2021-04-04;3482;14;0;2656775;1679;1
FR;3;2021-04-05;4366;21;0;2661141;1700;1
FR;3;2021-04-06;29489;72;0;2690630;1772;1
FR;3;2021-04-07;32072;59;0;2722702;1831;1
FR;3;2021-04-08;78561;231;0;2801263;2062;1
FR;3;2021-04-09;161454;404;0;2962717;2466;1
FR;3;2021-04-10;75530;326;0;3038247;2792;1
FR;3;2021-04-11;7213;42;0;3045460;2834;1
FR;3;2021-04-12;51226;195;0;3096686;3029;1
FR;3;2021-04-13;85956;308;0;3182642;3337;1
FR;3;2021-04-14;67518;337;0;3250160;3674;1
FR;3;2021-04-15;92829;363;0;3342989;4037;1
FR;3;2021-04-16;112223;566;0;3455212;4603;1
FR;3;2021-04-17;53129;318;1;3508341;4921;2
FR;3;2021-04-18;9617;32;0;3517958;4953;2
FR;3;2021-04-19;24868;228;0;3542826;5181;2
FR;3;2021-04-20;45387;388;0;3588213;5569;2
FR;3;2021-04-21;38698;441;0;3626911;6010;2
FR;3;2021-04-22;54475;778;0;3681386;6788;2
FR;3;2021-04-23;70270;1009;0;3751656;7797;2
FR;3;2021-04-24;37066;968;0;3788722;8765;2
FR;3;2021-04-25;6081;152;0;3794803;8917;2
FR;3;2021-04-26;19538;648;0;3814341;9565;2
FR;3;2021-04-27;34208;1240;0;3848549;10805;2
FR;3;2021-04-28;28747;1925;0;3877296;12730;2
FR;3;2021-04-29;45155;5945;0;3922451;18675;2
FR;3;2021-04-30;55270;8919;0;3977721;27594;2
FR;3;2021-05-01;9375;1962;0;3987096;29556;2
FR;3;2021-05-02;2937;498;0;3990033;30054;2
FR;3;2021-05-03;12851;3880;0;4002884;33934;2
FR;3;2021-05-04;22845;8421;0;4025729;42355;2
FR;3;2021-05-05;18482;10567;0;4044211;52922;2
FR;3;2021-05-06;34354;20888;0;4078565;73810;2
FR;3;2021-05-07;43989;28382;0;4122554;102192;2
FR;3;2021-05-08;6630;8873;0;4129184;111065;2
FR;3;2021-05-09;1693;2650;0;4130877;113715;2
FR;3;2021-05-10;14757;12553;0;4145634;126268;2
FR;3;2021-05-11;26842;25717;0;4172476;151985;2
FR;3;2021-05-12;17069;27441;1;4189545;179426;3
FR;3;2021-05-13;2147;3481;0;4191692;182907;3
FR;3;2021-05-14;14354;25729;0;4206046;208636;3
FR;3;2021-05-15;7083;20728;0;4213129;229364;3
FR;3;2021-05-16;889;2677;0;4214018;232041;3
FR;3;2021-05-17;7743;19903;0;4221761;251944;3
FR;3;2021-05-18;13188;29624;0;4234949;281568;3
FR;3;2021-05-19;9039;31846;0;4243988;313414;3
FR;3;2021-05-20;12568;53203;2;4256556;366617;5
FR;3;2021-05-21;12546;65521;0;4269102;432138;5
FR;3;2021-05-22;4825;33293;1;4273927;465431;6
FR;3;2021-05-23;556;2663;0;4274483;468094;6
FR;3;2021-05-24;683;4914;0;4275166;473008;6
FR;3;2021-05-25;5077;45162;0;4280243;518170;6
FR;3;2021-05-26;4768;51045;1;4285011;569215;7
FR;3;2021-05-27;6107;77821;1;4291118;647036;8
FR;3;2021-05-28;7367;99091;0;4298485;746127;8
FR;3;2021-05-29;3188;60273;1;4301673;806400;9
FR;3;2021-05-30;416;8243;0;4302089;814643;9
FR;3;2021-05-31;2199;35985;0;4304288;850628;9
FR;3;2021-06-01;3123;64805;5;4307411;915433;14
FR;3;2021-06-02;2526;58340;0;4309937;973773;14
FR;3;2021-06-03;3314;87572;4;4313251;1061345;18
FR;3;2021-06-04;3965;105108;12;4317216;1166453;30
FR;3;2021-06-05;1867;52236;0;4319083;1218689;30
FR;3;2021-06-06;344;5399;0;4319427;1224088;30
FR;3;2021-06-07;1223;31179;3;4320650;1255267;33
FR;3;2021-06-08;1829;47272;11;4322479;1302539;44
FR;3;2021-06-09;1554;42392;9;4324033;1344931;53
FR;3;2021-06-10;2018;67985;9;4326051;1412916;62
FR;3;2021-06-11;2337;96787;17;4328388;1509703;79
FR;3;2021-06-12;1052;40835;4;4329440;1550538;83
FR;3;2021-06-13;175;3823;1;4329615;1554361;84
FR;3;2021-06-14;868;42656;11;4330483;1597017;95
FR;3;2021-06-15;1215;80681;6;4331698;1677698;101
FR;3;2021-06-16;1093;65774;7;4332791;1743472;108
FR;3;2021-06-17;1506;101845;20;4334297;1845317;128
FR;3;2021-06-18;1782;117913;24;4336079;1963230;152
FR;3;2021-06-19;749;39401;11;4336828;2002631;163
FR;3;2021-06-20;98;3383;0;4336926;2006014;163
FR;3;2021-06-21;629;39285;9;4337555;2045299;172
FR;3;2021-06-22;939;70009;33;4338494;2115308;205
FR;3;2021-06-23;827;50841;15;4339321;2166149;220
FR;3;2021-06-24;1210;77203;24;4340531;2243352;244
FR;3;2021-06-25;1313;89958;41;4341844;2333310;285
FR;3;2021-06-26;561;33134;13;4342405;2366444;298
FR;3;2021-06-27;110;4026;1;4342515;2370470;299
FR;3;2021-06-28;535;30454;13;4343050;2400924;312
FR;3;2021-06-29;772;56144;93;4343822;2457068;405
FR;3;2021-06-30;802;45054;89;4344624;2502122;494
FR;3;2021-07-01;1051;65655;108;4345675;2567777;602
FR;3;2021-07-02;1212;90437;171;4346887;2658214;773
FR;3;2021-07-03;565;31190;54;4347452;2689404;827
FR;3;2021-07-04;93;4275;3;4347545;2693679;830
FR;3;2021-07-05;543;33930;60;4348088;2727609;890
FR;3;2021-07-06;846;56127;87;4348934;2783736;977
FR;3;2021-07-07;780;43080;77;4349714;2826816;1054
FR;3;2021-07-08;1042;60749;99;4350756;2887565;1153
FR;3;2021-07-09;1180;68834;125;4351936;2956399;1278
FR;3;2021-07-10;564;25052;58;4352500;2981451;1336
FR;3;2021-07-11;80;3309;4;4352580;2984760;1340
FR;3;2021-07-12;554;23930;58;4353134;3008690;1398
FR;3;2021-07-13;1539;34756;88;4354673;3043446;1486
FR;3;2021-07-14;161;2650;2;4354834;3046096;1488
FR;3;2021-07-15;1850;30693;82;4356684;3076789;1570
FR;3;2021-07-16;2423;38901;123;4359107;3115690;1693
FR;3;2021-07-17;984;13753;26;4360091;3129443;1719
FR;3;2021-07-18;207;2610;3;4360298;3132053;1722
FR;3;2021-07-19;1199;17237;34;4361497;3149290;1756
FR;3;2021-07-20;1750;27170;93;4363247;3176460;1849
FR;3;2021-07-21;1577;19745;43;4364824;3196205;1892
FR;3;2021-07-22;1756;27796;79;4366580;3224001;1971
FR;3;2021-07-23;2131;30477;113;4368711;3254478;2084
FR;3;2021-07-24;772;7019;23;4369483;3261497;2107
FR;3;2021-07-25;176;1350;1;4369659;3262847;2108
FR;3;2021-07-26;823;10717;28;4370482;3273564;2136
FR;3;2021-07-27;1086;16977;55;4371568;3290541;2191
FR;3;2021-07-28;904;12125;37;4372472;3302666;2228
FR;3;2021-07-29;1061;15868;63;4373533;3318534;2291
FR;3;2021-07-30;1055;18109;75;4374588;3336643;2366
FR;3;2021-07-31;347;3750;13;4374935;3340393;2379
FR;3;2021-08-01;63;482;1;4374998;3340875;2380
FR;3;2021-08-02;339;5160;23;4375337;3346035;2403
FR;3;2021-08-03;433;7587;26;4375770;3353622;2429
FR;3;2021-08-04;380;4893;25;4376150;3358515;2454
FR;3;2021-08-05;375;3749;12;4376525;3362264;2466
FR;3;2021-08-06;405;4785;28;4376930;3367049;2494
FR;3;2021-08-07;169;1925;11;4377099;3368974;2505
FR;3;2021-08-08;94;423;2;4377193;3369397;2507
FR;3;2021-08-09;237;2521;10;4377430;3371918;2517
FR;3;2021-08-10;289;3898;15;4377719;3375816;2532
FR;3;2021-08-11;206;2719;14;4377925;3378535;2546
FR;3;2021-08-12;218;2624;12;4378143;3381159;2558
FR;3;2021-08-13;234;2251;15;4378377;3383410;2573
FR;3;2021-08-14;134;934;1;4378511;3384344;2574
FR;3;2021-08-15;26;161;0;4378537;3384505;2574
FR;3;2021-08-16;92;1090;8;4378629;3385595;2582
FR;3;2021-08-17;130;1494;7;4378759;3387089;2589
FR;3;2021-08-18;140;1343;8;4378899;3388432;2597
FR;3;2021-08-19;132;1426;9;4379031;3389858;2606
FR;3;2021-08-20;124;1626;15;4379155;3391484;2621
FR;3;2021-08-21;63;583;0;4379218;3392067;2621
FR;3;2021-08-22;19;168;1;4379237;3392235;2622
FR;3;2021-08-23;95;921;7;4379332;3393156;2629
FR;3;2021-08-24;92;958;9;4379424;3394114;2638
FR;3;2021-08-25;96;835;2;4379520;3394949;2640
FR;3;2021-08-26;133;876;9;4379653;3395825;2649
FR;3;2021-08-27;142;953;9;4379795;3396778;2658
FR;3;2021-08-28;76;354;3;4379871;3397132;2661
FR;3;2021-08-29;29;123;1;4379900;3397255;2662
FR;3;2021-08-30;60;590;0;4379960;3397845;2662
FR;3;2021-08-31;82;710;7;4380042;3398555;2669
FR;3;2021-09-01;70;467;4;4380112;3399022;2673
FR;3;2021-09-02;67;623;21;4380179;3399645;2694
FR;3;2021-09-03;78;586;17;4380257;3400231;2711
FR;3;2021-09-04;28;279;3;4380285;3400510;2714
FR;3;2021-09-05;17;58;4;4380302;3400568;2718
FR;3;2021-09-06;53;401;3;4380355;3400969;2721
FR;3;2021-09-07;77;482;13;4380432;3401451;2734
FR;3;2021-09-08;66;353;0;4380498;3401804;2734
FR;3;2021-09-09;47;386;5;4380545;3402190;2739
FR;3;2021-09-10;69;421;2;4380614;3402611;2741
FR;3;2021-09-11;33;229;4;4380647;3402840;2745
FR;3;2021-09-12;9;46;1;4380656;3402886;2746
FR;3;2021-09-13;31;332;4;4380687;3403218;2750
FR;3;2021-09-14;26;286;4;4380713;3403504;2754
FR;3;2021-09-15;18;258;3;4380731;3403762;2757
FR;3;2021-09-16;23;332;5;4380754;3404094;2762
FR;3;2021-09-17;30;345;4;4380784;3404439;2766
FR;3;2021-09-18;14;169;0;4380798;3404608;2766
FR;3;2021-09-19;6;29;1;4380804;3404637;2767
FR;3;2021-09-20;41;212;0;4380845;3404849;2767
FR;3;2021-09-21;20;274;4;4380865;3405123;2771
FR;3;2021-09-22;14;219;6;4380879;3405342;2777
FR;3;2021-09-23;11;267;9;4380890;3405609;2786
FR;3;2021-09-24;9;311;9;4380899;3405920;2795
FR;3;2021-09-25;15;154;3;4380914;3406074;2798
FR;3;2021-09-26;1;40;1;4380915;3406114;2799
FR;3;2021-09-27;13;275;2;4380928;3406389;2801
FR;3;2021-09-28;10;257;5;4380938;3406646;2806
FR;3;2021-09-29;14;209;5;4380952;3406855;2811
FR;3;2021-09-30;14;186;7;4380966;3407041;2818
FR;3;2021-10-01;6;166;4;4380972;3407207;2822
FR;3;2021-10-02;3;85;0;4380975;3407292;2822
FR;3;2021-10-03;1;16;1;4380976;3407308;2823
FR;3;2021-10-04;5;151;4;4380981;3407459;2827
FR;3;2021-10-05;3;146;10;4380984;3407605;2837
FR;3;2021-10-06;11;152;7;4380995;3407757;2844
FR;3;2021-10-07;4;134;6;4380999;3407891;2850
FR;3;2021-10-08;9;138;8;4381008;3408029;2858
FR;3;2021-10-09;4;70;1;4381012;3408099;2859
FR;3;2021-10-10;0;11;0;4381012;3408110;2859
FR;3;2021-10-11;5;119;5;4381017;3408229;2864
FR;3;2021-10-12;1;101;1;4381018;3408330;2865
FR;3;2021-10-13;7;106;5;4381025;3408436;2870
FR;3;2021-10-14;0;146;2;4381025;3408582;2872
FR;3;2021-10-15;7;145;5;4381032;3408727;2877
FR;3;2021-10-16;1;73;2;4381033;3408800;2879
FR;3;2021-10-17;0;18;0;4381033;3408818;2879
FR;3;2021-10-18;6;121;1;4381039;3408939;2880
FR;4;2020-12-27;0;0;0;0;0;0
FR;4;2020-12-28;0;0;0;0;0;0
FR;4;2020-12-29;0;0;0;0;0;0
FR;4;2020-12-30;0;0;0;0;0;0
FR;4;2020-12-31;0;0;0;0;0;0
FR;4;2021-01-01;0;0;0;0;0;0
FR;4;2021-01-02;0;0;0;0;0;0
FR;4;2021-01-03;0;0;0;0;0;0
FR;4;2021-01-04;0;0;0;0;0;0
FR;4;2021-01-05;0;0;0;0;0;0
FR;4;2021-01-06;0;0;0;0;0;0
FR;4;2021-01-07;0;0;0;0;0;0
FR;4;2021-01-08;0;0;0;0;0;0
FR;4;2021-01-09;0;0;0;0;0;0
FR;4;2021-01-10;0;0;0;0;0;0
FR;4;2021-01-11;0;0;0;0;0;0
FR;4;2021-01-12;0;0;0;0;0;0
FR;4;2021-01-13;0;0;0;0;0;0
FR;4;2021-01-14;0;0;0;0;0;0
FR;4;2021-01-15;0;0;0;0;0;0
FR;4;2021-01-16;0;0;0;0;0;0
FR;4;2021-01-17;0;0;0;0;0;0
FR;4;2021-01-18;0;0;0;0;0;0
FR;4;2021-01-19;0;0;0;0;0;0
FR;4;2021-01-20;0;0;0;0;0;0
FR;4;2021-01-21;0;0;0;0;0;0
FR;4;2021-01-22;0;0;0;0;0;0
FR;4;2021-01-23;0;0;0;0;0;0
FR;4;2021-01-24;0;0;0;0;0;0
FR;4;2021-01-25;0;0;0;0;0;0
FR;4;2021-01-26;0;0;0;0;0;0
FR;4;2021-01-27;0;0;0;0;0;0
FR;4;2021-01-28;0;0;0;0;0;0
FR;4;2021-01-29;0;0;0;0;0;0
FR;4;2021-01-30;0;0;0;0;0;0
FR;4;2021-01-31;0;0;0;0;0;0
FR;4;2021-02-01;0;0;0;0;0;0
FR;4;2021-02-02;0;0;0;0;0;0
FR;4;2021-02-03;0;0;0;0;0;0
FR;4;2021-02-04;0;0;0;0;0;0
FR;4;2021-02-05;0;0;0;0;0;0
FR;4;2021-02-06;0;0;0;0;0;0
FR;4;2021-02-07;0;0;0;0;0;0
FR;4;2021-02-08;0;0;0;0;0;0
FR;4;2021-02-09;0;0;0;0;0;0
FR;4;2021-02-10;0;0;0;0;0;0
FR;4;2021-02-11;0;0;0;0;0;0
FR;4;2021-02-12;0;0;0;0;0;0
FR;4;2021-02-13;0;0;0;0;0;0
FR;4;2021-02-14;0;0;0;0;0;0
FR;4;2021-02-15;0;0;0;0;0;0
FR;4;2021-02-16;0;0;0;0;0;0
FR;4;2021-02-17;0;0;0;0;0;0
FR;4;2021-02-18;0;0;0;0;0;0
FR;4;2021-02-19;0;0;0;0;0;0
FR;4;2021-02-20;0;0;0;0;0;0
FR;4;2021-02-21;0;0;0;0;0;0
FR;4;2021-02-22;0;0;0;0;0;0
FR;4;2021-02-23;0;0;0;0;0;0
FR;4;2021-02-24;0;0;0;0;0;0
FR;4;2021-02-25;0;0;0;0;0;0
FR;4;2021-02-26;0;0;0;0;0;0
FR;4;2021-02-27;0;0;0;0;0;0
FR;4;2021-02-28;0;0;0;0;0;0
FR;4;2021-03-01;0;0;0;0;0;0
FR;4;2021-03-02;0;0;0;0;0;0
FR;4;2021-03-03;0;0;0;0;0;0
FR;4;2021-03-04;0;0;0;0;0;0
FR;4;2021-03-05;0;1;0;0;1;0
FR;4;2021-03-06;0;0;0;0;1;0
FR;4;2021-03-07;0;0;0;0;1;0
FR;4;2021-03-08;0;0;0;0;1;0
FR;4;2021-03-09;0;0;0;0;1;0
FR;4;2021-03-10;0;0;0;0;1;0
FR;4;2021-03-11;0;0;0;0;1;0
FR;4;2021-03-12;0;0;0;0;1;0
FR;4;2021-03-13;0;0;0;0;1;0
FR;4;2021-03-14;0;0;0;0;1;0
FR;4;2021-03-15;0;0;0;0;1;0
FR;4;2021-03-16;0;0;0;0;1;0
FR;4;2021-03-17;0;0;0;0;1;0
FR;4;2021-03-18;0;0;0;0;1;0
FR;4;2021-03-19;0;0;0;0;1;0
FR;4;2021-03-20;0;0;0;0;1;0
FR;4;2021-03-21;0;0;0;0;1;0
FR;4;2021-03-22;0;0;0;0;1;0
FR;4;2021-03-23;0;0;0;0;1;0
FR;4;2021-03-24;0;0;0;0;1;0
FR;4;2021-03-25;0;0;0;0;1;0
FR;4;2021-03-26;0;0;0;0;1;0
FR;4;2021-03-27;0;0;0;0;1;0
FR;4;2021-03-28;0;0;0;0;1;0
FR;4;2021-03-29;0;2;0;0;3;0
FR;4;2021-03-30;0;0;0;0;3;0
FR;4;2021-03-31;0;1;0;0;4;0
FR;4;2021-04-01;0;0;0;0;4;0
FR;4;2021-04-02;0;1;0;0;5;0
FR;4;2021-04-03;0;0;0;0;5;0
FR;4;2021-04-04;0;0;0;0;5;0
FR;4;2021-04-05;0;0;0;0;5;0
FR;4;2021-04-06;0;8;0;0;13;0
FR;4;2021-04-07;0;2;0;0;15;0
FR;4;2021-04-08;0;3;0;0;18;0
FR;4;2021-04-09;0;7;0;0;25;0
FR;4;2021-04-10;0;0;0;0;25;0
FR;4;2021-04-11;0;0;0;0;25;0
FR;4;2021-04-12;0;6;0;0;31;0
FR;4;2021-04-13;0;4;0;0;35;0
FR;4;2021-04-14;0;0;0;0;35;0
FR;4;2021-04-15;0;0;0;0;35;0
FR;4;2021-04-16;0;0;0;0;35;0
FR;4;2021-04-17;0;0;0;0;35;0
FR;4;2021-04-18;0;0;0;0;35;0
FR;4;2021-04-19;0;0;0;0;35;0
FR;4;2021-04-20;0;0;0;0;35;0
FR;4;2021-04-21;0;0;0;0;35;0
FR;4;2021-04-22;0;0;0;0;35;0
FR;4;2021-04-23;3026;0;0;3026;35;0
FR;4;2021-04-24;1562;0;0;4588;35;0
FR;4;2021-04-25;123;0;0;4711;35;0
FR;4;2021-04-26;2854;0;0;7565;35;0
FR;4;2021-04-27;9467;3;0;17032;38;0
FR;4;2021-04-28;9856;3;0;26888;41;0
FR;4;2021-04-29;15953;8;0;42841;49;0
FR;4;2021-04-30;19186;7;0;62027;56;0
FR;4;2021-05-01;1952;5;0;63979;61;0
FR;4;2021-05-02;462;0;0;64441;61;0
FR;4;2021-05-03;4997;1;0;69438;62;0
FR;4;2021-05-04;8318;8;0;77756;70;0
FR;4;2021-05-05;6090;5;0;83846;75;0
FR;4;2021-05-06;11320;10;0;95166;85;0
FR;4;2021-05-07;19017;9;0;114183;94;0
FR;4;2021-05-08;2316;6;0;116499;100;0
FR;4;2021-05-09;654;2;0;117153;102;0
FR;4;2021-05-10;7168;7;1;124321;109;1
FR;4;2021-05-11;14233;11;0;138554;120;1
FR;4;2021-05-12;10088;16;0;148642;136;1
FR;4;2021-05-13;1514;3;0;150156;139;1
FR;4;2021-05-14;7664;6;0;157820;145;1
FR;4;2021-05-15;3657;8;1;161477;153;2
FR;4;2021-05-16;391;1;0;161868;154;2
FR;4;2021-05-17;4397;5;0;166265;159;2
FR;4;2021-05-18;8671;10;0;174936;169;2
FR;4;2021-05-19;5601;5;0;180537;174;2
FR;4;2021-05-20;9342;6;0;189879;180;2
FR;4;2021-05-21;12670;29;0;202549;209;2
FR;4;2021-05-22;4976;13;0;207525;222;2
FR;4;2021-05-23;459;2;0;207984;224;2
FR;4;2021-05-24;990;3;0;208974;227;2
FR;4;2021-05-25;7499;16;0;216473;243;2
FR;4;2021-05-26;7636;13;0;224109;256;2
FR;4;2021-05-27;14215;34;0;238324;290;2
FR;4;2021-05-28;26393;81;1;264717;371;3
FR;4;2021-05-29;11245;20;0;275962;391;3
FR;4;2021-05-30;879;2;0;276841;393;3
FR;4;2021-05-31;12513;19;0;289354;412;3
FR;4;2021-06-01;20009;41;1;309363;453;4
FR;4;2021-06-02;14345;33;0;323708;486;4
FR;4;2021-06-03;19265;24;0;342973;510;4
FR;4;2021-06-04;22307;45;0;365280;555;4
FR;4;2021-06-05;9612;31;0;374892;586;4
FR;4;2021-06-06;956;0;0;375848;586;4
FR;4;2021-06-07;9028;16;0;384876;602;4
FR;4;2021-06-08;14447;28;0;399323;630;4
FR;4;2021-06-09;12039;24;0;411362;654;4
FR;4;2021-06-10;15234;24;0;426596;678;4
FR;4;2021-06-11;16801;55;0;443397;733;4
FR;4;2021-06-12;7330;27;0;450727;760;4
FR;4;2021-06-13;856;2;0;451583;762;4
FR;4;2021-06-14;6520;22;0;458103;784;4
FR;4;2021-06-15;10762;33;0;468865;817;4
FR;4;2021-06-16;8761;14;0;477626;831;4
FR;4;2021-06-17;10742;27;0;488368;858;4
FR;4;2021-06-18;12266;42;0;500634;900;4
FR;4;2021-06-19;5480;24;0;506114;924;4
FR;4;2021-06-20;634;2;0;506748;926;4
FR;4;2021-06-21;4932;17;0;511680;943;4
FR;4;2021-06-22;7729;20;2;519409;963;6
FR;4;2021-06-23;6966;36;1;526375;999;7
FR;4;2021-06-24;8487;39;0;534862;1038;7
FR;4;2021-06-25;9948;37;1;544810;1075;8
FR;4;2021-06-26;4652;20;0;549462;1095;8
FR;4;2021-06-27;618;2;0;550080;1097;8
FR;4;2021-06-28;4608;15;1;554688;1112;9
FR;4;2021-06-29;6834;16;2;561522;1128;11
FR;4;2021-06-30;6462;37;0;567984;1165;11
FR;4;2021-07-01;7940;29;0;575924;1194;11
FR;4;2021-07-02;9223;50;1;585147;1244;12
FR;4;2021-07-03;4713;18;0;589860;1262;12
FR;4;2021-07-04;583;5;0;590443;1267;12
FR;4;2021-07-05;4617;18;2;595060;1285;14
FR;4;2021-07-06;7508;20;4;602568;1305;18
FR;4;2021-07-07;6794;27;2;609362;1332;20
FR;4;2021-07-08;9007;37;3;618369;1369;23
FR;4;2021-07-09;10099;30;1;628468;1399;24
FR;4;2021-07-10;4484;10;2;632952;1409;26
FR;4;2021-07-11;511;0;1;633463;1409;27
FR;4;2021-07-12;5684;27;0;639147;1436;27
FR;4;2021-07-13;14038;26;0;653185;1462;27
FR;4;2021-07-14;2084;6;0;655269;1468;27
FR;4;2021-07-15;18010;32;0;673279;1500;27
FR;4;2021-07-16;22562;65;2;695841;1565;29
FR;4;2021-07-17;9560;16;0;705401;1581;29
FR;4;2021-07-18;1276;3;0;706677;1584;29
FR;4;2021-07-19;12744;26;1;719421;1610;30
FR;4;2021-07-20;17105;27;1;736526;1637;31
FR;4;2021-07-21;15335;29;1;751861;1666;32
FR;4;2021-07-22;18005;40;2;769866;1706;34
FR;4;2021-07-23;20110;48;5;789976;1754;39
FR;4;2021-07-24;9063;29;0;799039;1783;39
FR;4;2021-07-25;1210;6;0;800249;1789;39
FR;4;2021-07-26;10715;18;0;810964;1807;39
FR;4;2021-07-27;14223;30;1;825187;1837;40
FR;4;2021-07-28;12428;18;2;837615;1855;42
FR;4;2021-07-29;13742;46;3;851357;1901;45
FR;4;2021-07-30;15190;39;3;866547;1940;48
FR;4;2021-07-31;6600;11;1;873147;1951;49
FR;4;2021-08-01;803;1;0;873950;1952;49
FR;4;2021-08-02;7577;17;0;881527;1969;49
FR;4;2021-08-03;10303;21;2;891830;1990;51
FR;4;2021-08-04;9105;21;0;900935;2011;51
FR;4;2021-08-05;9212;31;0;910147;2042;51
FR;4;2021-08-06;9702;20;4;919849;2062;55
FR;4;2021-08-07;4674;24;1;924523;2086;56
FR;4;2021-08-08;993;8;0;925516;2094;56
FR;4;2021-08-09;5811;17;0;931327;2111;56
FR;4;2021-08-10;8374;13;0;939701;2124;56
FR;4;2021-08-11;7637;21;3;947338;2145;59
FR;4;2021-08-12;8170;12;1;955508;2157;60
FR;4;2021-08-13;7103;22;0;962611;2179;60
FR;4;2021-08-14;3519;16;0;966130;2195;60
FR;4;2021-08-15;617;2;0;966747;2197;60
FR;4;2021-08-16;3743;8;0;970490;2205;60
FR;4;2021-08-17;5325;8;1;975815;2213;61
FR;4;2021-08-18;4893;24;0;980708;2237;61
FR;4;2021-08-19;5203;13;2;985911;2250;63
FR;4;2021-08-20;4938;11;1;990849;2261;64
FR;4;2021-08-21;2139;16;1;992988;2277;65
FR;4;2021-08-22;341;1;0;993329;2278;65
FR;4;2021-08-23;2645;4;0;995974;2282;65
FR;4;2021-08-24;3518;10;0;999492;2292;65
FR;4;2021-08-25;3358;18;0;1002850;2310;65
FR;4;2021-08-26;3529;15;0;1006379;2325;65
FR;4;2021-08-27;3435;17;2;1009814;2342;67
FR;4;2021-08-28;1612;9;1;1011426;2351;68
FR;4;2021-08-29;352;4;1;1011778;2355;69
FR;4;2021-08-30;1845;13;0;1013623;2368;69
FR;4;2021-08-31;2338;12;0;1015961;2380;69
FR;4;2021-09-01;1907;25;1;1017868;2405;70
FR;4;2021-09-02;2164;20;6;1020032;2425;76
FR;4;2021-09-03;2243;36;3;1022275;2461;79
FR;4;2021-09-04;1310;13;0;1023585;2474;79
FR;4;2021-09-05;375;0;0;1023960;2474;79
FR;4;2021-09-06;1575;20;0;1025535;2494;79
FR;4;2021-09-07;1558;9;0;1027093;2503;79
FR;4;2021-09-08;1156;16;4;1028249;2519;83
FR;4;2021-09-09;1278;18;2;1029527;2537;85
FR;4;2021-09-10;1413;15;2;1030940;2552;87
FR;4;2021-09-11;687;11;0;1031627;2563;87
FR;4;2021-09-12;132;2;0;1031759;2565;87
FR;4;2021-09-13;935;11;2;1032694;2576;89
FR;4;2021-09-14;1021;4;2;1033715;2580;91
FR;4;2021-09-15;910;10;0;1034625;2590;91
FR;4;2021-09-16;727;9;1;1035352;2599;92
FR;4;2021-09-17;700;16;1;1036052;2615;93
FR;4;2021-09-18;410;0;3;1036462;2615;96
FR;4;2021-09-19;145;1;4;1036607;2616;100
FR;4;2021-09-20;321;9;0;1036928;2625;100
FR;4;2021-09-21;351;4;0;1037279;2629;100
FR;4;2021-09-22;300;10;2;1037579;2639;102
FR;4;2021-09-23;381;5;1;1037960;2644;103
FR;4;2021-09-24;338;9;4;1038298;2653;107
FR;4;2021-09-25;227;9;0;1038525;2662;107
FR;4;2021-09-26;48;1;0;1038573;2663;107
FR;4;2021-09-27;208;7;0;1038781;2670;107
FR;4;2021-09-28;250;1;0;1039031;2671;107
FR;4;2021-09-29;301;9;1;1039332;2680;108
FR;4;2021-09-30;282;28;0;1039614;2708;108
FR;4;2021-10-01;296;11;3;1039910;2719;111
FR;4;2021-10-02;135;18;0;1040045;2737;111
FR;4;2021-10-03;57;1;0;1040102;2738;111
FR;4;2021-10-04;238;10;1;1040340;2748;112
FR;4;2021-10-05;176;9;1;1040516;2757;113
FR;4;2021-10-06;175;8;1;1040691;2765;114
FR;4;2021-10-07;184;14;2;1040875;2779;116
FR;4;2021-10-08;230;13;2;1041105;2792;118
FR;4;2021-10-09;133;6;2;1041238;2798;120
FR;4;2021-10-10;47;2;0;1041285;2800;120
FR;4;2021-10-11;144;9;0;1041429;2809;120
FR;4;2021-10-12;130;11;0;1041559;2820;120
FR;4;2021-10-13;147;12;1;1041706;2832;121
FR;4;2021-10-14;211;12;3;1041917;2844;124
FR;4;2021-10-15;184;13;1;1042101;2857;125
FR;4;2021-10-16;86;2;2;1042187;2859;127
FR;4;2021-10-17;50;2;0;1042237;2861;127
FR;4;2021-10-18;155;4;1;1042392;2865;128
FR;0;2020-12-27;422;0;0;422;0;0
FR;0;2020-12-28;438;0;0;860;0;0
FR;0;2020-12-29;279;0;0;1139;0;0
FR;0;2020-12-30;333;0;0;1472;0;0
FR;0;2020-12-31;266;0;0;1738;0;0
FR;0;2021-01-01;311;0;0;2049;0;0
FR;0;2021-01-02;252;0;0;2301;0;0
FR;0;2021-01-03;281;0;0;2582;0;0
FR;0;2021-01-04;1788;0;0;4370;0;0
FR;0;2021-01-05;5727;0;0;10097;0;0
FR;0;2021-01-06;11632;0;0;21729;0;0
FR;0;2021-01-07;29096;0;0;50825;0;0
FR;0;2021-01-08;36750;0;0;87575;0;0
FR;0;2021-01-09;11093;0;0;98668;0;0
FR;0;2021-01-10;5776;0;0;104444;0;0
FR;0;2021-01-11;39652;0;0;144096;0;0
FR;0;2021-01-12;61709;0;0;205805;0;0
FR;0;2021-01-13;64657;0;0;270462;0;0
FR;0;2021-01-14;82150;0;0;352612;0;0
FR;0;2021-01-15;68555;0;0;421167;0;0
FR;0;2021-01-16;20048;86;0;441215;86;0
FR;0;2021-01-17;10836;41;0;452051;127;0
FR;0;2021-01-18;85457;160;0;537508;287;0
FR;0;2021-01-19;130134;124;0;667642;411;0
FR;0;2021-01-20;137075;154;0;804717;565;0
FR;0;2021-01-21;157663;129;0;962380;694;0
FR;0;2021-01-22;120517;160;0;1082897;854;0
FR;0;2021-01-23;38286;50;0;1121183;904;0
FR;0;2021-01-24;9623;27;0;1130806;931;0
FR;0;2021-01-25;77795;1211;0;1208601;2142;0
FR;0;2021-01-26;99999;3104;0;1308600;5246;0
FR;0;2021-01-27;106897;5584;0;1415497;10830;0
FR;0;2021-01-28;123920;14337;0;1539417;25167;0
FR;0;2021-01-29;91794;17262;0;1631211;42429;0
FR;0;2021-01-30;28958;4218;0;1660169;46647;0
FR;0;2021-01-31;5106;1677;0;1665275;48324;0
FR;0;2021-02-01;52314;21107;0;1717589;69431;0
FR;0;2021-02-02;71744;34527;0;1789333;103958;0
FR;0;2021-02-03;71854;36931;0;1861187;140889;0
FR;0;2021-02-04;81528;50002;0;1942715;190891;0
FR;0;2021-02-05;67859;45284;0;2010574;236175;0
FR;0;2021-02-06;22242;10383;0;2032816;246558;0
FR;0;2021-02-07;5045;5034;0;2037861;251592;0
FR;0;2021-02-08;46415;45933;0;2084276;297525;0
FR;0;2021-02-09;65586;72339;0;2149862;369864;0
FR;0;2021-02-10;70304;76657;0;2220166;446521;0
FR;0;2021-02-11;86676;99031;0;2306842;545552;0
FR;0;2021-02-12;78635;74157;0;2385477;619709;0
FR;0;2021-02-13;22055;19471;0;2407532;639180;0
FR;0;2021-02-14;4855;7185;0;2412387;646365;0
FR;0;2021-02-15;37596;76431;0;2449983;722796;0
FR;0;2021-02-16;49825;100617;0;2499808;823413;0
FR;0;2021-02-17;49969;102899;1;2549777;926312;1
FR;0;2021-02-18;69087;118404;0;2618864;1044716;1
FR;0;2021-02-19;64575;90669;0;2683439;1135385;1
FR;0;2021-02-20;18306;28393;0;2701745;1163778;1
FR;0;2021-02-21;3119;6368;0;2704864;1170146;1
FR;0;2021-02-22;37052;73073;1;2741916;1243219;2
FR;0;2021-02-23;53275;83984;1;2795191;1327203;3
FR;0;2021-02-24;59291;81049;1;2854482;1408252;4
FR;0;2021-02-25;99896;91324;1;2954378;1499576;5
FR;0;2021-02-26;112784;70940;0;3067162;1570516;5
FR;0;2021-02-27;51748;21960;0;3118910;1592476;5
FR;0;2021-02-28;5962;4410;1;3124872;1596886;6
FR;0;2021-03-01;64696;52740;0;3189568;1649626;6
FR;0;2021-03-02;100546;66190;1;3290114;1715816;7
FR;0;2021-03-03;115344;65497;0;3405458;1781313;7
FR;0;2021-03-04;162579;68823;2;3568037;1850136;9
FR;0;2021-03-05;199783;63311;2;3767820;1913447;11
FR;0;2021-03-06;207118;17805;3;3974938;1931252;14
FR;0;2021-03-07;120754;5465;0;4095692;1936717;14
FR;0;2021-03-08;106268;50763;0;4201960;1987480;14
FR;0;2021-03-09;171517;56735;1;4373477;2044215;15
FR;0;2021-03-10;177626;57153;2;4551103;2101368;17
FR;0;2021-03-11;241609;63055;0;4792712;2164423;17
FR;0;2021-03-12;293594;53480;0;5086306;2217903;17
FR;0;2021-03-13;230405;15287;0;5316711;2233190;17
FR;0;2021-03-14;62907;3429;0;5379618;2236619;17
FR;0;2021-03-15;157527;32608;1;5537145;2269227;18
FR;0;2021-03-16;140655;39498;1;5677800;2308725;19
FR;0;2021-03-17;149580;38759;2;5827380;2347484;21
FR;0;2021-03-18;166800;44580;1;5994180;2392064;22
FR;0;2021-03-19;228900;37435;0;6223080;2429499;22
FR;0;2021-03-20;165941;11768;0;6389021;2441267;22
FR;0;2021-03-21;49430;2625;1;6438451;2443892;23
FR;0;2021-03-22;168890;34263;2;6607341;2478155;25
FR;0;2021-03-23;249067;42373;1;6856408;2520528;26
FR;0;2021-03-24;255626;43810;0;7112034;2564338;26
FR;0;2021-03-25;340510;44722;2;7452544;2609060;28
FR;0;2021-03-26;357579;41865;1;7810123;2650925;29
FR;0;2021-03-27;194527;16634;0;8004650;2667559;29
FR;0;2021-03-28;58920;3729;2;8063570;2671288;31
FR;0;2021-03-29;202044;54265;1;8265614;2725553;32
FR;0;2021-03-30;284125;69638;3;8549739;2795191;35
FR;0;2021-03-31;261742;72891;3;8811481;2868082;38
FR;0;2021-04-01;313194;87756;6;9124675;2955838;44
FR;0;2021-04-02;280024;92095;4;9404699;3047933;48
FR;0;2021-04-03;140219;61824;3;9544918;3109757;51
FR;0;2021-04-04;45407;18654;1;9590325;3128411;52
FR;0;2021-04-05;59729;10993;4;9650054;3139404;56
FR;0;2021-04-06;215600;107826;7;9865654;3247230;63
FR;0;2021-04-07;258405;115409;6;10124059;3362639;69
FR;0;2021-04-08;335742;121384;6;10459801;3484023;75
FR;0;2021-04-09;408250;116446;33;10868051;3600469;108
FR;0;2021-04-10;211589;82719;8;11079640;3683188;116
FR;0;2021-04-11;55527;34579;3;11135167;3717767;119
FR;0;2021-04-12;235569;115198;29;11370736;3832965;148
FR;0;2021-04-13;307739;144913;57;11678475;3977878;205
FR;0;2021-04-14;292214;139368;122;11970689;4117246;327
FR;0;2021-04-15;334514;147824;179;12305203;4265070;506
FR;0;2021-04-16;337730;145738;217;12642933;4410808;723
FR;0;2021-04-17;187716;90226;51;12830649;4501034;774
FR;0;2021-04-18;51014;35424;24;12881663;4536458;798
FR;0;2021-04-19;204191;138347;342;13085854;4674805;1140
FR;0;2021-04-20;252477;170684;359;13338331;4845489;1499
FR;0;2021-04-21;251344;168768;533;13589675;5014257;2032
FR;0;2021-04-22;285679;188203;525;13875354;5202460;2557
FR;0;2021-04-23;295417;183238;495;14170771;5385698;3052
FR;0;2021-04-24;189344;111555;92;14360115;5497253;3144
FR;0;2021-04-25;68928;38860;29;14429043;5536113;3173
FR;0;2021-04-26;219554;156080;343;14648597;5692193;3516
FR;0;2021-04-27;282794;187457;607;14931391;5879650;4123
FR;0;2021-04-28;297806;183162;1080;15229197;6062812;5203
FR;0;2021-04-29;355120;196084;897;15584317;6258896;6100
FR;0;2021-04-30;370284;184797;734;15954601;6443693;6834
FR;0;2021-05-01;165145;52526;107;16119746;6496219;6941
FR;0;2021-05-02;90785;37828;51;16210531;6534047;6992
FR;0;2021-05-03;285941;169610;537;16496472;6703657;7529
FR;0;2021-05-04;312692;224268;767;16809164;6927925;8296
FR;0;2021-05-05;323151;224493;769;17132315;7152418;9065
FR;0;2021-05-06;376004;239144;1114;17508319;7391562;10179
FR;0;2021-05-07;370051;257283;766;17878370;7648845;10945
FR;0;2021-05-08;220696;66904;149;18099066;7715749;11094
FR;0;2021-05-09;128882;46742;90;18227948;7762491;11184
FR;0;2021-05-10;308966;228972;726;18536914;7991463;11910
FR;0;2021-05-11;400738;258127;986;18937652;8249590;12896
FR;0;2021-05-12;430349;233208;867;19368001;8482798;13763
FR;0;2021-05-13;335670;56878;244;19703671;8539676;14007
FR;0;2021-05-14;450603;167494;673;20154274;8707170;14680
FR;0;2021-05-15;371605;94012;221;20525879;8801182;14901
FR;0;2021-05-16;201430;20827;84;20727309;8822009;14985
FR;0;2021-05-17;373247;149145;920;21100556;8971154;15905
FR;0;2021-05-18;456022;153165;1175;21556578;9124319;17080
FR;0;2021-05-19;464200;145335;1530;22020778;9269654;18610
FR;0;2021-05-20;503688;160364;1368;22524466;9430018;19978
FR;0;2021-05-21;486303;174549;1171;23010769;9604567;21149
FR;0;2021-05-22;345126;79884;378;23355895;9684451;21527
FR;0;2021-05-23;160681;14437;144;23516576;9698888;21671
FR;0;2021-05-24;261362;33240;349;23777938;9732128;22020
FR;0;2021-05-25;397050;189314;1410;24174988;9921442;23430
FR;0;2021-05-26;410422;188161;1390;24585410;10109603;24820
FR;0;2021-05-27;446689;218690;1383;25032099;10328293;26203
FR;0;2021-05-28;426736;259650;1131;25458835;10587943;27334
FR;0;2021-05-29;297410;149432;342;25756245;10737375;27676
FR;0;2021-05-30;106129;32615;94;25862374;10769990;27770
FR;0;2021-05-31;355543;203529;907;26217917;10973519;28677
FR;0;2021-06-01;422184;251644;1229;26640101;11225163;29906
FR;0;2021-06-02;412226;230886;1201;27052327;11456049;31107
FR;0;2021-06-03;458067;258692;1057;27510394;11714741;32164
FR;0;2021-06-04;451343;304872;1033;27961737;12019613;33197
FR;0;2021-06-05;302135;189070;384;28263872;12208683;33581
FR;0;2021-06-06;131350;49121;135;28395222;12257804;33716
FR;0;2021-06-07;334262;262428;903;28729484;12520232;34619
FR;0;2021-06-08;389563;291289;1033;29119047;12811521;35652
FR;0;2021-06-09;380235;275968;1073;29499282;13087489;36725
FR;0;2021-06-10;398056;289387;1083;29897338;13376876;37808
FR;0;2021-06-11;383490;357578;833;30280828;13734454;38641
FR;0;2021-06-12;281037;211493;278;30561865;13945947;38919
FR;0;2021-06-13;103767;74074;111;30665632;14020021;39030
FR;0;2021-06-14;237874;355964;861;30903506;14375985;39891
FR;0;2021-06-15;304391;386077;916;31207897;14762062;40807
FR;0;2021-06-16;310439;357787;890;31518336;15119849;41697
FR;0;2021-06-17;314285;372237;816;31832621;15492086;42513
FR;0;2021-06-18;318899;442806;742;32151520;15934892;43255
FR;0;2021-06-19;222944;273975;256;32374464;16208867;43511
FR;0;2021-06-20;73227;102621;68;32447691;16311488;43579
FR;0;2021-06-21;193085;402123;621;32640776;16713611;44200
FR;0;2021-06-22;220585;467379;760;32861361;17180990;44960
FR;0;2021-06-23;231173;439935;730;33092534;17620925;45690
FR;0;2021-06-24;239259;409357;798;33331793;18030282;46488
FR;0;2021-06-25;224383;522374;839;33556176;18552656;47327
FR;0;2021-06-26;151708;370852;317;33707884;18923508;47644
FR;0;2021-06-27;55075;156405;98;33762959;19079913;47742
FR;0;2021-06-28;152640;453276;722;33915599;19533189;48464
FR;0;2021-06-29;180696;505662;1979;34096295;20038851;50443
FR;0;2021-06-30;201565;481232;1864;34297860;20520083;52307
FR;0;2021-07-01;224902;457779;2131;34522762;20977862;54438
FR;0;2021-07-02;223134;520514;2046;34745896;21498376;56484
FR;0;2021-07-03;140122;368885;894;34886018;21867261;57378
FR;0;2021-07-04;55793;141364;262;34941811;22008625;57640
FR;0;2021-07-05;164466;419549;1593;35106277;22428174;59233
FR;0;2021-07-06;193578;475112;1742;35299855;22903286;60975
FR;0;2021-07-07;208835;439557;1748;35508690;23342843;62723
FR;0;2021-07-08;228413;424222;2016;35737103;23767065;64739
FR;0;2021-07-09;226046;509886;2099;35963149;24276951;66838
FR;0;2021-07-10;146744;339762;947;36109893;24616713;67785
FR;0;2021-07-11;59327;110115;267;36169220;24726828;68052
FR;0;2021-07-12;166509;478272;1710;36335729;25205100;69762
FR;0;2021-07-13;284708;527751;1982;36620437;25732851;71744
FR;0;2021-07-14;178844;157858;420;36799281;25890709;72164
FR;0;2021-07-15;343947;502507;2014;37143228;26393216;74178
FR;0;2021-07-16;377430;496205;1955;37520658;26889421;76133
FR;0;2021-07-17;258203;320020;838;37778861;27209441;76971
FR;0;2021-07-18;108879;115017;304;37887740;27324458;77275
FR;0;2021-07-19;283309;425438;1578;38171049;27749896;78853
FR;0;2021-07-20;374367;453074;1648;38545416;28202970;80501
FR;0;2021-07-21;393238;408409;1497;38938654;28611379;81998
FR;0;2021-07-22;438260;388402;1660;39376914;28999781;83658
FR;0;2021-07-23;436402;422832;1794;39813316;29422613;85452
FR;0;2021-07-24;284197;269950;768;40097513;29692563;86220
FR;0;2021-07-25;120222;80186;222;40217735;29772749;86442
FR;0;2021-07-26;345540;323675;1569;40563275;30096424;88011
FR;0;2021-07-27;461288;320569;1645;41024563;30416993;89656
FR;0;2021-07-28;456653;290174;1594;41481216;30707167;91250
FR;0;2021-07-29;486973;276602;1749;41968189;30983769;92999
FR;0;2021-07-30;459345;302628;1887;42427534;31286397;94886
FR;0;2021-07-31;284290;184890;877;42711824;31471287;95763
FR;0;2021-08-01;109861;49993;221;42821685;31521280;95984
FR;0;2021-08-02;336355;234118;1548;43158040;31755398;97532
FR;0;2021-08-03;393777;245126;1635;43551817;32000524;99167
FR;0;2021-08-04;381503;210080;1530;43933320;32210604;100697
FR;0;2021-08-05;362917;228550;1650;44296237;32439154;102347
FR;0;2021-08-06;356793;271724;1773;44653030;32710878;104120
FR;0;2021-08-07;211262;178345;734;44864292;32889223;104854
FR;0;2021-08-08;72678;63202;240;44936970;32952425;105094
FR;0;2021-08-09;256187;259667;1479;45193157;33212092;106573
FR;0;2021-08-10;303031;278286;1587;45496188;33490378;108160
FR;0;2021-08-11;276708;260382;1358;45772896;33750760;109518
FR;0;2021-08-12;268973;278182;1584;46041869;34028942;111102
FR;0;2021-08-13;249941;275273;1537;46291810;34304215;112639
FR;0;2021-08-14;144133;197993;710;46435943;34502208;113349
FR;0;2021-08-15;37881;50208;180;46473824;34552416;113529
FR;0;2021-08-16;184110;318379;1454;46657934;34870795;114983
FR;0;2021-08-17;213226;336824;1558;46871160;35207619;116541
FR;0;2021-08-18;196817;324692;1527;47067977;35532311;118068
FR;0;2021-08-19;190101;325308;1552;47258078;35857619;119620
FR;0;2021-08-20;183962;364873;1693;47442040;36222492;121313
FR;0;2021-08-21;103819;237985;651;47545859;36460477;121964
FR;0;2021-08-22;31473;87189;219;47577332;36547666;122183
FR;0;2021-08-23;139508;356922;1492;47716840;36904588;123675
FR;0;2021-08-24;160908;376782;1760;47877748;37281370;125435
FR;0;2021-08-25;149190;350479;1929;48026938;37631849;127364
FR;0;2021-08-26;141151;341973;2476;48168089;37973822;129840
FR;0;2021-08-27;146529;387027;2718;48314618;38360849;132558
FR;0;2021-08-28;89755;249419;1349;48404373;38610268;133907
FR;0;2021-08-29;26880;83168;482;48431253;38693436;134389
FR;0;2021-08-30;115895;324543;4608;48547148;39017979;138997
FR;0;2021-08-31;127554;334497;9961;48674702;39352476;148958
FR;0;2021-09-01;124283;284916;21873;48798985;39637392;170831
FR;0;2021-09-02;105040;246911;25847;48904025;39884303;196678
FR;0;2021-09-03;114332;292249;29365;49018357;40176552;226043
FR;0;2021-09-04;88178;217415;12370;49106535;40393967;238413
FR;0;2021-09-05;20848;44992;4276;49127383;40438959;242689
FR;0;2021-09-06;70747;180664;31501;49198130;40619623;274190
FR;0;2021-09-07;74085;180996;32479;49272215;40800619;306669
FR;0;2021-09-08;84884;205891;29163;49357099;41006510;335832
FR;0;2021-09-09;71649;164758;31858;49428748;41171268;367690
FR;0;2021-09-10;90703;202990;34270;49519451;41374258;401960
FR;0;2021-09-11;64952;168684;11842;49584403;41542942;413802
FR;0;2021-09-12;12290;32086;2639;49596693;41575028;416441
FR;0;2021-09-13;59354;126250;39939;49656047;41701278;456380
FR;0;2021-09-14;69946;128785;54354;49725993;41830063;510734
FR;0;2021-09-15;72136;167416;54123;49798129;41997479;564857
FR;0;2021-09-16;60807;113978;57998;49858936;42111457;622855
FR;0;2021-09-17;71961;156336;52503;49930897;42267793;675358
FR;0;2021-09-18;46402;139149;15283;49977299;42406942;690641
FR;0;2021-09-19;7427;23785;2314;49984726;42430727;692955
FR;0;2021-09-20;40457;93587;48562;50025183;42524314;741517
FR;0;2021-09-21;43807;98335;60473;50068990;42622649;801990
FR;0;2021-09-22;46157;140976;53348;50115147;42763625;855338
FR;0;2021-09-23;41215;90541;59766;50156362;42854166;915104
FR;0;2021-09-24;50125;131578;52581;50206487;42985744;967685
FR;0;2021-09-25;32831;114730;15985;50239318;43100474;983670
FR;0;2021-09-26;5094;17821;2185;50244412;43118295;985855
FR;0;2021-09-27;32137;76530;45750;50276549;43194825;1031605
FR;0;2021-09-28;34552;74302;52888;50311101;43269127;1084493
FR;0;2021-09-29;42240;100199;51084;50353341;43369326;1135577
FR;0;2021-09-30;34033;70271;54534;50387374;43439597;1190111
FR;0;2021-10-01;45189;98403;56236;50432563;43538000;1246347
FR;0;2021-10-02;35132;77687;20644;50467695;43615687;1266991
FR;0;2021-10-03;4752;10629;2428;50472447;43626316;1269419
FR;0;2021-10-04;27617;57644;51340;50500064;43683960;1320759
FR;0;2021-10-05;28778;63768;58810;50528842;43747728;1379569
FR;0;2021-10-06;38411;78509;63854;50567253;43826237;1443423
FR;0;2021-10-07;27901;61317;62996;50595154;43887554;1506419
FR;0;2021-10-08;43213;91046;75723;50638367;43978600;1582142
FR;0;2021-10-09;31946;60350;31039;50670313;44038950;1613181
FR;0;2021-10-10;3807;7068;3061;50674120;44046018;1616242
FR;0;2021-10-11;26771;49502;59635;50700891;44095520;1675877
FR;0;2021-10-12;28229;53966;68264;50729120;44149486;1744141
FR;0;2021-10-13;37176;62045;72684;50766296;44211531;1816825
FR;0;2021-10-14;27767;52309;65908;50794063;44263840;1882733
FR;0;2021-10-15;40877;74130;90610;50834940;44337970;1973343
FR;0;2021-10-16;29467;43854;36063;50864407;44381824;2009406
FR;0;2021-10-17;3189;5308;3472;50867596;44387132;2012878
FR;0;2021-10-18;24935;40627;65081;50892531;44427759;2077959
