fra;vaccin;jour;n_dose1;n_dose2;n_dose3;n_dose4;n_rappel;n_cum_dose1;n_cum_dose2;n_cum_dose3;n_cum_dose4;n_cum_rappel
FR;1;2020-12-27;611;0;0;0;0;611;0;0;0;0
FR;1;2020-12-28;693;1;0;0;0;1304;1;0;0;0
FR;1;2020-12-29;387;0;0;0;0;1691;1;0;0;0
FR;1;2020-12-30;446;0;0;0;0;2137;1;0;0;0
FR;1;2020-12-31;444;1;0;0;0;2581;2;0;0;0
FR;1;2021-01-01;1173;2;0;0;0;3754;4;0;0;0
FR;1;2021-01-02;366;3;0;0;0;4120;7;0;0;0
FR;1;2021-01-03;407;0;0;0;0;4527;7;0;0;0
FR;1;2021-01-04;2123;4;0;0;0;6650;11;0;0;0
FR;1;2021-01-05;7758;5;0;0;0;14408;16;0;0;0
FR;1;2021-01-06;12463;22;0;0;0;26871;38;0;0;0
FR;1;2021-01-07;29472;20;0;0;0;56343;58;0;0;0
FR;1;2021-01-08;37156;25;0;0;0;93499;83;0;0;0
FR;1;2021-01-09;11216;9;0;0;0;104715;92;0;0;0
FR;1;2021-01-10;6009;7;0;0;0;110724;99;0;0;0
FR;1;2021-01-11;39949;30;0;0;0;150673;129;0;0;0
FR;1;2021-01-12;62149;23;0;0;0;212822;152;0;0;0
FR;1;2021-01-13;65133;51;0;0;0;277955;203;0;0;0
FR;1;2021-01-14;81461;193;0;0;0;359416;396;0;0;0
FR;1;2021-01-15;68619;80;0;0;0;428035;476;0;0;0
FR;1;2021-01-16;19901;72;0;0;0;447936;548;0;0;0
FR;1;2021-01-17;10904;50;0;0;0;458840;598;0;0;0
FR;1;2021-01-18;82840;172;0;0;0;541680;770;0;0;0
FR;1;2021-01-19;125927;199;0;0;0;667607;969;0;0;0
FR;1;2021-01-20;132423;184;0;0;0;800030;1153;0;0;0
FR;1;2021-01-21;153071;182;0;0;0;953101;1335;0;0;0
FR;1;2021-01-22;115958;224;0;0;0;1069059;1559;0;0;0
FR;1;2021-01-23;36612;71;0;0;0;1105671;1630;0;0;0
FR;1;2021-01-24;9585;111;0;0;0;1115256;1741;0;0;0
FR;1;2021-01-25;74430;1390;0;0;0;1189686;3131;0;0;0
FR;1;2021-01-26;96459;3597;1;0;0;1286145;6728;1;0;0
FR;1;2021-01-27;103655;6300;0;0;0;1389800;13028;1;0;0
FR;1;2021-01-28;120612;16052;0;0;0;1510412;29080;1;0;0
FR;1;2021-01-29;88894;18514;0;0;0;1599306;47594;1;0;0
FR;1;2021-01-30;27995;4478;0;0;0;1627301;52072;1;0;0
FR;1;2021-01-31;5193;1857;0;0;0;1632494;53929;1;0;0
FR;1;2021-02-01;49733;22518;0;0;0;1682227;76447;1;0;0
FR;1;2021-02-02;67829;37457;0;0;0;1750056;113904;1;0;0
FR;1;2021-02-03;67094;39590;0;0;0;1817150;153494;1;0;0
FR;1;2021-02-04;77146;54105;0;0;0;1894296;207599;1;0;0
FR;1;2021-02-05;63429;47484;0;0;0;1957725;255083;1;0;0
FR;1;2021-02-06;19426;11205;0;0;0;1977151;266288;1;0;0
FR;1;2021-02-07;3666;5856;0;0;0;1980817;272144;1;0;0
FR;1;2021-02-08;36503;48310;0;0;0;2017320;320454;1;0;0
FR;1;2021-02-09;50814;77316;0;0;0;2068134;397770;1;0;0
FR;1;2021-02-10;52078;82096;0;0;0;2120212;479866;1;0;0
FR;1;2021-02-11;63385;104428;0;0;0;2183597;584294;1;0;0
FR;1;2021-02-12;55875;75286;0;0;0;2239472;659580;1;0;0
FR;1;2021-02-13;15467;19291;0;0;0;2254939;678871;1;0;0
FR;1;2021-02-14;3747;7334;0;0;0;2258686;686205;1;0;0
FR;1;2021-02-15;24160;73494;0;0;0;2282846;759699;1;0;0
FR;1;2021-02-16;32779;95943;0;0;0;2315625;855642;1;0;0
FR;1;2021-02-17;35130;101879;20;0;0;2350755;957521;21;0;0
FR;1;2021-02-18;49454;117674;0;0;0;2400209;1075195;21;0;0
FR;1;2021-02-19;45387;87367;1;0;0;2445596;1162562;22;0;0
FR;1;2021-02-20;13393;27106;0;0;0;2458989;1189668;22;0;0
FR;1;2021-02-21;2464;6040;0;0;0;2461453;1195708;22;0;0
FR;1;2021-02-22;24722;69419;2;0;0;2486175;1265127;24;0;0
FR;1;2021-02-23;37433;81403;1;0;0;2523608;1346530;25;0;0
FR;1;2021-02-24;40703;79131;1;0;0;2564311;1425661;26;0;0
FR;1;2021-02-25;50162;87896;1;0;0;2614473;1513557;27;0;0
FR;1;2021-02-26;47227;67627;1;0;0;2661700;1581184;28;0;0
FR;1;2021-02-27;15684;21292;1;0;0;2677384;1602476;29;0;0
FR;1;2021-02-28;3564;4175;2;0;0;2680948;1606651;31;0;0
FR;1;2021-03-01;40208;50150;1;0;0;2721156;1656801;32;0;0
FR;1;2021-03-02;55988;62366;3;0;0;2777144;1719167;35;0;0
FR;1;2021-03-03;61252;60609;0;0;0;2838396;1779776;35;0;0
FR;1;2021-03-04;73011;67878;3;0;0;2911407;1847654;38;0;0
FR;1;2021-03-05;74776;58704;3;0;0;2986183;1906358;41;0;0
FR;1;2021-03-06;82463;15772;2;0;0;3068646;1922130;43;0;0
FR;1;2021-03-07;63728;4228;1;0;0;3132374;1926358;44;0;0
FR;1;2021-03-08;60184;41392;2;0;0;3192558;1967750;46;0;0
FR;1;2021-03-09;86000;47616;1;0;0;3278558;2015366;47;0;0
FR;1;2021-03-10;90939;47801;5;0;0;3369497;2063167;52;0;0
FR;1;2021-03-11;105095;54588;1;0;0;3474592;2117755;53;0;0
FR;1;2021-03-12;104144;44948;1;0;0;3578736;2162703;54;0;0
FR;1;2021-03-13;89208;12611;1;0;0;3667944;2175314;55;0;0
FR;1;2021-03-14;44459;2756;1;0;0;3712403;2178070;56;0;0
FR;1;2021-03-15;95528;28131;3;0;0;3807931;2206201;59;0;0
FR;1;2021-03-16;123597;34209;5;0;0;3931528;2240410;64;0;0
FR;1;2021-03-17;129318;33676;4;0;0;4060846;2274086;68;0;0
FR;1;2021-03-18;142910;39283;5;0;0;4203756;2313369;73;0;0
FR;1;2021-03-19;136264;32148;2;0;0;4340020;2345517;75;0;0
FR;1;2021-03-20;76017;9792;1;0;0;4416037;2355309;76;0;0
FR;1;2021-03-21;26516;2063;1;0;0;4442553;2357372;77;0;0
FR;1;2021-03-22;114770;30370;2;0;0;4557323;2387742;79;0;0
FR;1;2021-03-23;143047;38032;1;0;0;4700370;2425774;80;0;0
FR;1;2021-03-24;142013;38413;0;0;0;4842383;2464187;80;0;0
FR;1;2021-03-25;165020;39838;4;0;0;5007403;2504025;84;0;0
FR;1;2021-03-26;166411;37474;5;1;0;5173814;2541499;89;1;0
FR;1;2021-03-27;110893;15456;1;0;0;5284707;2556955;90;1;0
FR;1;2021-03-28;42304;4279;3;0;0;5327011;2561234;93;1;0
FR;1;2021-03-29;129832;49146;4;0;0;5456843;2610380;97;1;0
FR;1;2021-03-30;167731;63718;5;0;0;5624574;2674098;102;1;0
FR;1;2021-03-31;170957;67801;4;0;0;5795531;2741899;106;1;0
FR;1;2021-04-01;194848;83389;10;0;0;5990379;2825288;116;1;0
FR;1;2021-04-02;164465;86426;7;0;0;6154844;2911714;123;1;0
FR;1;2021-04-03;88253;58165;6;0;0;6243097;2969879;129;1;0
FR;1;2021-04-04;33657;17726;0;0;0;6276754;2987605;129;1;0
FR;1;2021-04-05;46416;9672;11;0;0;6323170;2997277;140;1;0
FR;1;2021-04-06;160331;104830;17;0;0;6483501;3102107;157;1;0
FR;1;2021-04-07;197010;108101;16;0;0;6680511;3210208;173;1;0
FR;1;2021-04-08;222158;113890;13;0;0;6902669;3324098;186;1;0
FR;1;2021-04-09;214585;107860;21;0;0;7117254;3431958;207;1;0
FR;1;2021-04-10;117192;73242;14;0;0;7234446;3505200;221;1;0
FR;1;2021-04-11;40897;29905;6;0;0;7275343;3535105;227;1;0
FR;1;2021-04-12;168483;104484;46;0;0;7443826;3639589;273;1;0
FR;1;2021-04-13;203824;127873;97;1;0;7647650;3767462;370;2;0
FR;1;2021-04-14;208645;122875;208;0;0;7856295;3890337;578;2;0
FR;1;2021-04-15;221699;127921;312;0;0;8077994;4018258;890;2;0
FR;1;2021-04-16;206084;125662;309;0;0;8284078;4143920;1199;2;0
FR;1;2021-04-17;122102;67136;103;0;0;8406180;4211056;1302;2;0
FR;1;2021-04-18;35966;20992;41;0;0;8442146;4232048;1343;2;0
FR;1;2021-04-19;163764;121580;432;0;0;8605910;4353628;1775;2;0
FR;1;2021-04-20;189449;149504;531;0;0;8795359;4503132;2306;2;0
FR;1;2021-04-21;194019;147435;760;0;0;8989378;4650567;3066;2;0
FR;1;2021-04-22;209049;164247;777;0;0;9198427;4814814;3843;2;0
FR;1;2021-04-23;198969;157807;671;0;0;9397396;4972621;4514;2;0
FR;1;2021-04-24;126340;95749;148;0;0;9523736;5068370;4662;2;0
FR;1;2021-04-25;53633;30045;46;0;0;9577369;5098415;4708;2;0
FR;1;2021-04-26;181160;139728;542;0;0;9758529;5238143;5250;2;0
FR;1;2021-04-27;221380;162370;901;0;0;9979909;5400513;6151;2;0
FR;1;2021-04-28;238322;155867;1314;1;1;10218231;5556380;7465;3;1
FR;1;2021-04-29;270311;161249;1211;0;0;10488542;5717629;8676;3;1
FR;1;2021-04-30;272006;148720;1073;0;0;10760548;5866349;9749;3;1
FR;1;2021-05-01;141158;40593;173;0;0;10901706;5906942;9922;3;1
FR;1;2021-05-02;81556;28185;81;0;0;10983262;5935127;10003;3;1
FR;1;2021-05-03;250796;143253;803;0;0;11234058;6078380;10806;3;1
FR;1;2021-05-04;265898;187619;1202;0;0;11499956;6265999;12008;3;1
FR;1;2021-05-05;283900;185738;1267;0;0;11783856;6451737;13275;3;1
FR;1;2021-05-06;309982;184088;1502;0;0;12093838;6635825;14777;3;1
FR;1;2021-05-07;284114;196241;1126;0;0;12377952;6832066;15903;3;1
FR;1;2021-05-08;191666;50758;285;0;0;12569618;6882824;16188;3;1
FR;1;2021-05-09;114059;34760;236;0;0;12683677;6917584;16424;3;1
FR;1;2021-05-10;258219;194715;1186;0;0;12941896;7112299;17610;3;1
FR;1;2021-05-11;318894;211009;1465;0;0;13260790;7323308;19075;3;1
FR;1;2021-05-12;356639;185940;1400;0;0;13617429;7509248;20475;3;1
FR;1;2021-05-13;283453;47457;401;0;0;13900882;7556705;20876;3;1
FR;1;2021-05-14;370513;128520;994;0;0;14271395;7685225;21870;3;1
FR;1;2021-05-15;298100;66165;404;0;0;14569495;7751390;22274;3;1
FR;1;2021-05-16;157782;15472;158;0;0;14727277;7766862;22432;3;1
FR;1;2021-05-17;318935;116166;1441;0;0;15046212;7883028;23873;3;1
FR;1;2021-05-18;383348;111507;1799;0;0;15429560;7994535;25672;3;1
FR;1;2021-05-19;395278;101876;2183;0;0;15824838;8096411;27855;3;1
FR;1;2021-05-20;421827;95760;2048;0;0;16246665;8192171;29903;3;1
FR;1;2021-05-21;399813;97315;1764;0;0;16646478;8289486;31667;3;1
FR;1;2021-05-22;275697;41917;604;0;0;16922175;8331403;32271;3;1
FR;1;2021-05-23;123017;10998;224;0;0;17045192;8342401;32495;3;1
FR;1;2021-05-24;244017;26258;569;0;0;17289209;8368659;33064;3;1
FR;1;2021-05-25;366229;131559;2114;1;0;17655438;8500218;35178;4;1
FR;1;2021-05-26;380818;126859;1994;0;0;18036256;8627077;37172;4;1
FR;1;2021-05-27;406160;128144;1978;0;0;18442416;8755221;39150;4;1
FR;1;2021-05-28;366037;145507;1701;0;0;18808453;8900728;40851;4;1
FR;1;2021-05-29;253838;81022;527;0;0;19062291;8981750;41378;4;1
FR;1;2021-05-30;100976;22584;158;0;0;19163267;9004334;41536;4;1
FR;1;2021-05-31;314322;149040;1284;1;1;19477589;9153374;42820;5;2
FR;1;2021-06-01;361644;166465;1732;1;1;19839233;9319839;44552;6;3
FR;1;2021-06-02;365395;153977;1796;0;0;20204628;9473816;46348;6;3
FR;1;2021-06-03;391429;147389;1653;0;0;20596057;9621205;48001;6;3
FR;1;2021-06-04;364119;175710;1495;1;1;20960176;9796915;49496;7;4
FR;1;2021-06-05;258513;112724;597;0;0;21218689;9909639;50093;7;4
FR;1;2021-06-06;126814;37551;215;0;0;21345503;9947190;50308;7;4
FR;1;2021-06-07;301111;207749;1365;0;0;21646614;10154939;51673;7;4
FR;1;2021-06-08;330852;220909;1643;0;0;21977466;10375848;53316;7;4
FR;1;2021-06-09;336592;211419;1613;0;0;22314058;10587267;54929;7;4
FR;1;2021-06-10;343902;200703;1614;0;0;22657960;10787970;56543;7;4
FR;1;2021-06-11;311906;234788;1299;1;0;22969866;11022758;57842;8;4
FR;1;2021-06-12;244088;150615;437;0;0;23213954;11173373;58279;8;4
FR;1;2021-06-13;100369;61003;188;0;0;23314323;11234376;58467;8;4
FR;1;2021-06-14;207850;287908;1318;1;0;23522173;11522284;59785;9;4
FR;1;2021-06-15;256866;281471;1400;1;0;23779039;11803755;61185;10;4
FR;1;2021-06-16;273656;270578;1263;1;0;24052695;12074333;62448;11;4
FR;1;2021-06-17;268222;244888;1239;1;0;24320917;12319221;63687;12;4
FR;1;2021-06-18;260607;295360;1154;1;0;24581524;12614581;64841;13;4
FR;1;2021-06-19;193454;209535;388;0;0;24774978;12824116;65229;13;4
FR;1;2021-06-20;69713;89066;120;0;0;24844691;12913182;65349;13;4
FR;1;2021-06-21;172379;319703;934;1;1;25017070;13232885;66283;14;5
FR;1;2021-06-22;185873;347905;1102;10;1;25202943;13580790;67385;24;6
FR;1;2021-06-23;204209;339525;1049;0;0;25407152;13920315;68434;24;6
FR;1;2021-06-24;203534;282016;1175;0;0;25610686;14202331;69609;24;6
FR;1;2021-06-25;182669;371745;1198;0;0;25793355;14574076;70807;24;6
FR;1;2021-06-26;131399;278439;504;0;0;25924754;14852515;71311;24;6
FR;1;2021-06-27;52409;122892;146;0;0;25977163;14975407;71457;24;6
FR;1;2021-06-28;136665;368213;1064;0;0;26113828;15343620;72521;24;6
FR;1;2021-06-29;154902;390951;1848;0;0;26268730;15734571;74369;24;6
FR;1;2021-06-30;180061;381846;1666;4;2;26448791;16116417;76035;28;8
FR;1;2021-07-01;201549;332354;1888;5;1;26650340;16448771;77923;33;9
FR;1;2021-07-02;193883;367383;1765;5;2;26844223;16816154;79688;38;11
FR;1;2021-07-03;124479;280416;704;3;1;26968702;17096570;80392;41;12
FR;1;2021-07-04;53965;113705;244;0;0;27022667;17210275;80636;41;12
FR;1;2021-07-05;153964;355822;1500;8;1;27176631;17566097;82136;49;13
FR;1;2021-07-06;173511;382319;1603;45;8;27350142;17948416;83739;94;21
FR;1;2021-07-07;190844;362403;1658;25;4;27540986;18310819;85397;119;25
FR;1;2021-07-08;201575;323024;1826;20;5;27742561;18633843;87223;139;30
FR;1;2021-07-09;189982;387797;1854;3;2;27932543;19021640;89077;142;32
FR;1;2021-07-10;129958;281152;818;1;1;28062501;19302792;89895;143;33
FR;1;2021-07-11;57681;102525;262;0;0;28120182;19405317;90157;143;33
FR;1;2021-07-12;149920;416887;1585;4;0;28270102;19822204;91742;147;33
FR;1;2021-07-13;234277;439183;1807;8;1;28504379;20261387;93549;155;34
FR;1;2021-07-14;171923;151413;418;0;0;28676302;20412800;93967;155;34
FR;1;2021-07-15;279688;424322;1858;1;0;28955990;20837122;95825;156;34
FR;1;2021-07-16;290440;400751;1711;3;1;29246430;21237873;97536;159;35
FR;1;2021-07-17;217349;282015;755;1;0;29463779;21519888;98291;160;35
FR;1;2021-07-18;102014;107211;288;0;0;29565793;21627099;98579;160;35
FR;1;2021-07-19;238226;378613;1497;3;0;29804019;22005712;100076;163;35
FR;1;2021-07-20;305764;380062;1469;0;0;30109783;22385774;101545;163;35
FR;1;2021-07-21;333292;352902;1412;4;1;30443075;22738676;102957;167;36
FR;1;2021-07-22;364681;318724;1502;3;2;30807756;23057400;104459;170;38
FR;1;2021-07-23;349403;342988;1589;4;1;31157159;23400388;106048;174;39
FR;1;2021-07-24;238961;240774;697;1;0;31396120;23641162;106745;175;39
FR;1;2021-07-25;112803;76013;223;0;0;31508923;23717175;106968;175;39
FR;1;2021-07-26;299143;289475;1495;2;1;31808066;24006650;108463;177;40
FR;1;2021-07-27;385837;268060;1459;4;1;32193903;24274710;109922;181;41
FR;1;2021-07-28;390202;251011;1462;4;1;32584105;24525721;111384;185;42
FR;1;2021-07-29;406141;227749;1540;2;0;32990246;24753470;112924;187;42
FR;1;2021-07-30;370744;246636;1638;4;1;33360990;25000106;114562;191;43
FR;1;2021-07-31;243385;165103;793;1;0;33604375;25165209;115355;192;43
FR;1;2021-08-01;105597;47211;233;0;0;33709972;25212420;115588;192;43
FR;1;2021-08-02;297407;212892;1479;2;0;34007379;25425312;117067;194;43
FR;1;2021-08-03;331339;208790;1557;2;1;34338718;25634102;118624;196;44
FR;1;2021-08-04;328040;183934;1439;5;3;34666758;25818036;120063;201;47
FR;1;2021-08-05;301286;193185;1483;0;0;34968044;26011221;121546;201;47
FR;1;2021-08-06;290988;224201;1560;3;0;35259032;26235422;123106;204;47
FR;1;2021-08-07;182664;158784;655;5;1;35441696;26394206;123761;209;48
FR;1;2021-08-08;68887;59101;253;0;0;35510583;26453307;124014;209;48
FR;1;2021-08-09;222790;235307;1444;4;2;35733373;26688614;125458;213;50
FR;1;2021-08-10;252746;240008;1493;2;1;35986119;26928622;126951;215;51
FR;1;2021-08-11;236239;231830;1271;5;0;36222358;27160452;128222;220;51
FR;1;2021-08-12;220785;239853;1487;3;0;36443143;27400305;129709;223;51
FR;1;2021-08-13;201720;238543;1360;2;2;36644863;27638848;131069;225;53
FR;1;2021-08-14;122864;174050;646;0;0;36767727;27812898;131715;225;53
FR;1;2021-08-15;34707;46123;201;1;0;36802434;27859021;131916;226;53
FR;1;2021-08-16;156961;289445;1423;0;0;36959395;28148466;133339;226;53
FR;1;2021-08-17;171613;291102;1422;5;0;37131008;28439568;134761;231;53
FR;1;2021-08-18;161433;286755;1393;6;3;37292441;28726323;136154;237;56
FR;1;2021-08-19;148951;277507;1403;1;0;37441392;29003830;137557;238;56
FR;1;2021-08-20;140511;309008;1532;2;2;37581903;29312838;139089;240;58
FR;1;2021-08-21;84280;213208;589;0;0;37666183;29526046;139678;240;58
FR;1;2021-08-22;28581;82696;233;0;0;37694764;29608742;139911;240;58
FR;1;2021-08-23;118662;321000;1422;2;1;37813426;29929742;141333;242;59
FR;1;2021-08-24;126671;319706;1604;5;1;37940097;30249448;142937;247;60
FR;1;2021-08-25;121534;306482;1779;8;2;38061631;30555930;144716;255;62
FR;1;2021-08-26;106632;286093;2162;10;0;38168263;30842023;146878;265;62
FR;1;2021-08-27;107657;321633;2302;9;2;38275920;31163656;149180;274;64
FR;1;2021-08-28;71021;220688;1102;0;0;38346941;31384344;150282;274;64
FR;1;2021-08-29;24152;78196;469;1;0;38371093;31462540;150751;275;64
FR;1;2021-08-30;96896;286317;4313;6;4988;38467989;31748857;155064;281;5052
FR;1;2021-08-31;98124;276274;9294;15;10095;38566113;32025131;164358;296;15147
FR;1;2021-09-01;112345;245315;21117;8;22140;38678458;32270446;185475;304;37287
FR;1;2021-09-02;86765;197926;24530;18;25511;38765223;32468372;210005;322;62798
FR;1;2021-09-03;82424;227506;26955;21;28023;38847647;32695878;236960;343;90821
FR;1;2021-09-04;71630;189717;11140;11;11703;38919277;32885595;248100;354;102524
FR;1;2021-09-05;18613;41149;4124;2;4275;38937890;32926744;252224;356;106799
FR;1;2021-09-06;59813;151447;30182;15;31203;38997703;33078191;282406;371;138002
FR;1;2021-09-07;57400;139659;30211;30;31226;39055103;33217850;312617;401;169228
FR;1;2021-09-08;72342;173785;26925;22;27940;39127445;33391635;339542;423;197168
FR;1;2021-09-09;54486;124457;28631;24;29741;39181931;33516092;368173;447;226909
FR;1;2021-09-10;66217;152081;30450;24;31662;39248148;33668173;398623;471;258571
FR;1;2021-09-11;52688;146627;9731;14;10346;39300836;33814800;408354;485;268917
FR;1;2021-09-12;10796;29272;2487;1;2650;39311632;33844072;410841;486;271567
FR;1;2021-09-13;51509;104444;38761;31;40066;39363141;33948516;449602;517;311633
FR;1;2021-09-14;53341;96022;51277;67;53181;39416482;34044538;500879;584;364814
FR;1;2021-09-15;60573;139251;50494;55;47050;39477055;34183789;551373;639;411864
FR;1;2021-09-16;46634;81395;53351;70;49599;39523689;34265184;604724;709;461463
FR;1;2021-09-17;53222;109346;45072;61;42696;39576911;34374530;649796;770;504159
FR;1;2021-09-18;37877;118495;11796;19;11276;39614788;34493025;661592;789;515435
FR;1;2021-09-19;6531;21039;2040;1;1981;39621319;34514064;663632;790;517416
FR;1;2021-09-20;36541;74866;46228;65;44183;39657860;34588930;709860;855;561599
FR;1;2021-09-21;34193;68124;56261;71;52729;39692053;34657054;766121;926;614328
FR;1;2021-09-22;38835;118602;49873;76;46911;39730888;34775656;815994;1002;661239
FR;1;2021-09-23;32026;62901;54503;85;50904;39762914;34838557;870497;1087;712143
FR;1;2021-09-24;36784;90038;43672;89;41942;39799698;34928595;914169;1176;754085
FR;1;2021-09-25;27650;96698;12306;27;12181;39827348;35025293;926475;1203;766266
FR;1;2021-09-26;4386;15193;1774;5;1695;39831734;35040486;928249;1208;767961
FR;1;2021-09-27;27351;60216;42912;89;41633;39859085;35100702;971161;1297;809594
FR;1;2021-09-28;26911;49435;47198;76;44475;39885996;35150137;1018359;1373;854069
FR;1;2021-09-29;35925;80304;47287;87;45603;39921921;35230441;1065646;1460;899672
FR;1;2021-09-30;26075;46891;47525;80;45457;39947996;35277332;1113171;1540;945129
FR;1;2021-10-01;47297;66935;44897;83;44606;39995293;35344267;1158068;1623;989735
FR;1;2021-10-02;32383;62409;16113;32;16317;40027676;35406676;1174181;1655;1006052
FR;1;2021-10-03;4341;8560;2040;3;2034;40032017;35415236;1176221;1658;1008086
FR;1;2021-10-04;28977;44425;47104;79;46966;40060994;35459661;1223325;1737;1055052
FR;1;2021-10-05;24565;41659;49889;116;49324;40085559;35501320;1273214;1853;1104376
FR;1;2021-10-06;34655;61383;57507;102;57246;40120214;35562703;1330721;1955;1161622
FR;1;2021-10-07;21080;39905;53041;75;51966;40141294;35602608;1383762;2030;1213588
FR;1;2021-10-08;35663;59641;60402;83;61147;40176957;35662249;1444164;2113;1274735
FR;1;2021-10-09;27466;48009;25495;29;26020;40204423;35710258;1469659;2142;1300755
FR;1;2021-10-10;3724;5810;2755;7;2862;40208147;35716068;1472414;2149;1303617
FR;1;2021-10-11;24853;38229;54585;88;55256;40233000;35754297;1526999;2237;1358873
FR;1;2021-10-12;23377;36591;58069;128;59215;40256377;35790888;1585068;2365;1418088
FR;1;2021-10-13;32968;47831;64170;125;65687;40289345;35838719;1649238;2490;1483775
FR;1;2021-10-14;21712;34774;53768;103;54353;40311057;35873493;1703006;2593;1538128
FR;1;2021-10-15;32749;48783;72327;165;75007;40343806;35922276;1775333;2758;1613135
FR;1;2021-10-16;26010;35291;34870;44;36417;40369816;35957567;1810203;2802;1649552
FR;1;2021-10-17;3156;4052;3416;2;3318;40372972;35961619;1813619;2804;1652870
FR;1;2021-10-18;24326;34893;66838;132;69709;40397298;35996512;1880457;2936;1722579
FR;1;2021-10-19;20721;35591;75660;135;79579;40418019;36032103;1956117;3071;1802158
FR;1;2021-10-20;29912;44213;96177;178;99854;40447931;36076316;2052294;3249;1902012
FR;1;2021-10-21;19801;35058;83179;107;87025;40467732;36111374;2135473;3356;1989037
FR;1;2021-10-22;29754;47774;103742;196;109689;40497486;36159148;2239215;3552;2098726
FR;1;2021-10-23;23051;35137;44870;57;47380;40520537;36194285;2284085;3609;2146106
FR;1;2021-10-24;2405;3835;3583;6;3719;40522942;36198120;2287668;3615;2149825
FR;1;2021-10-25;22495;30752;82026;143;85825;40545437;36228872;2369694;3758;2235650
FR;1;2021-10-26;19365;27675;86113;162;90338;40564802;36256547;2455807;3920;2325988
FR;1;2021-10-27;26215;39631;107805;252;112702;40591017;36296178;2563612;4172;2438690
FR;1;2021-10-28;18800;27119;86957;150;91700;40609817;36323297;2650569;4322;2530390
FR;1;2021-10-29;25929;40281;114830;202;121645;40635746;36363578;2765399;4524;2652035
FR;1;2021-10-30;17709;28717;49370;74;51956;40653455;36392295;2814769;4598;2703991
FR;1;2021-10-31;2086;3175;3451;2;3686;40655541;36395470;2818220;4600;2707677
FR;1;2021-11-01;8010;4266;3031;3;3290;40663551;36399736;2821251;4603;2710967
FR;1;2021-11-02;22907;33233;92399;156;97836;40686458;36432969;2913650;4759;2808803
FR;1;2021-11-03;26631;41573;117506;217;123868;40713089;36474542;3031156;4976;2932671
FR;1;2021-11-04;19624;30322;105811;213;111954;40732713;36504864;3136967;5189;3044625
FR;1;2021-11-05;27020;42325;138778;230;147435;40759733;36547189;3275745;5419;3192060
FR;1;2021-11-06;18860;29823;63483;123;66494;40778593;36577012;3339228;5542;3258554
FR;1;2021-11-07;1832;3284;4979;6;5303;40780425;36580296;3344207;5548;3263857
FR;1;2021-11-08;17876;32268;126002;224;132632;40798301;36612564;3470209;5772;3396489
FR;1;2021-11-09;19516;37639;159307;334;169095;40817817;36650203;3629516;6106;3565584
FR;1;2021-11-10;28884;49113;181908;440;192525;40846701;36699316;3811424;6546;3758109
FR;1;2021-11-11;4188;5948;12233;26;13029;40850889;36705264;3823657;6572;3771138
FR;1;2021-11-12;26022;46854;174821;244;186488;40876911;36752118;3998478;6816;3957626
FR;1;2021-11-13;18733;29157;76839;111;81779;40895644;36781275;4075317;6927;4039405
FR;1;2021-11-14;2047;3253;6822;5;7355;40897691;36784528;4082139;6932;4046760
FR;1;2021-11-15;18784;34779;156428;305;166248;40916475;36819307;4238567;7237;4213008
FR;1;2021-11-16;21360;37909;192122;380;205014;40937835;36857216;4430689;7617;4418022
FR;1;2021-11-17;28666;45604;193236;398;205045;40966501;36902820;4623925;8015;4623067
FR;1;2021-11-18;21141;39572;182502;458;194565;40987642;36942392;4806427;8473;4817632
FR;1;2021-11-19;30889;53367;230255;532;246722;41018531;36995759;5036682;9005;5064354
FR;1;2021-11-20;23764;33236;96988;201;103627;41042295;37028995;5133670;9206;5167981
FR;1;2021-11-21;2339;3921;9123;19;9943;41044634;37032916;5142793;9225;5177924
FR;1;2021-11-22;21421;30384;175910;466;189446;41066055;37063300;5318703;9691;5367370
FR;1;2021-11-23;24018;41027;221219;540;237954;41090073;37104327;5539922;10231;5605324
FR;1;2021-11-24;30285;49722;217349;701;234526;41120358;37154049;5757271;10932;5839850
FR;1;2021-11-25;23725;44081;244479;718;264143;41144083;37198130;6001750;11650;6103993
FR;1;2021-11-26;30625;66721;356811;836;388570;41174708;37264851;6358561;12486;6492563
FR;1;2021-11-27;21948;45345;202640;372;222659;41196656;37310196;6561201;12858;6715222
FR;1;2021-11-28;3169;9596;54790;63;61017;41199825;37319792;6615991;12921;6776239
FR;1;2021-11-29;17878;49504;326393;841;354477;41217703;37369296;6942384;13762;7130716
FR;1;2021-11-30;22784;64916;431150;952;470772;41240487;37434212;7373534;14714;7601488
FR;1;2021-12-01;25339;69256;442902;1131;481770;41265826;37503468;7816436;15845;8083258
FR;1;2021-12-02;20071;64515;489404;1228;532910;41285897;37567983;8305840;17073;8616168
FR;1;2021-12-03;22898;82487;542779;1309;591774;41308795;37650470;8848619;18382;9207942
FR;1;2021-12-04;16397;53922;299099;654;328959;41325192;37704392;9147718;19036;9536901
FR;1;2021-12-05;3634;13837;81530;143;91053;41328826;37718229;9229248;19179;9627954
FR;1;2021-12-06;25821;62581;415452;1066;455170;41354647;37780810;9644700;20245;10083124
FR;1;2021-12-07;19997;75595;522982;1535;572587;41374644;37856405;10167682;21780;10655711
FR;1;2021-12-08;21698;75695;458424;1544;502121;41396342;37932100;10626106;23324;11157832
FR;1;2021-12-09;19449;74058;492937;1625;540898;41415791;38006158;11119043;24949;11698730
FR;1;2021-12-10;23310;87673;547387;1585;600012;41439101;38093831;11666430;26534;12298742
FR;1;2021-12-11;16533;59190;302747;751;335482;41455634;38153021;11969177;27285;12634224
FR;1;2021-12-12;4376;15947;83220;179;94050;41460010;38168968;12052397;27464;12728274
FR;1;2021-12-13;15753;63594;366980;1094;406263;41475763;38232562;12419377;28558;13134537
FR;1;2021-12-14;20861;80304;464774;1746;515228;41496624;38312866;12884151;30304;13649765
FR;1;2021-12-15;21613;77490;409081;1309;453166;41518237;38390356;13293232;31613;14102931
FR;1;2021-12-16;20045;77283;451874;1578;500639;41538282;38467639;13745106;33191;14603570
FR;1;2021-12-17;22614;86569;479941;1736;530970;41560896;38554208;14225047;34927;15134540
FR;1;2021-12-18;17604;54673;257623;730;288522;41578500;38608881;14482670;35657;15423062
FR;1;2021-12-19;5552;17006;79182;194;90708;41584052;38625887;14561852;35851;15513770
FR;1;2021-12-20;20934;63117;316243;1081;355305;41604986;38689004;14878095;36932;15869075
FR;1;2021-12-21;26327;73072;372749;1423;418080;41631313;38762076;15250844;38355;16287155
FR;1;2021-12-22;24980;65869;310636;1216;349598;41656293;38827945;15561480;39571;16636753
FR;1;2021-12-23;21273;52258;241488;956;273034;41677566;38880203;15802968;40527;16909787
FR;1;2021-12-24;7126;18337;67156;258;77065;41684692;38898540;15870124;40785;16986852
FR;1;2021-12-25;507;2880;5588;15;6538;41685199;38901420;15875712;40800;16993390
FR;1;2021-12-26;2748;7580;26939;71;31456;41687947;38909000;15902651;40871;17024846
FR;1;2021-12-27;18308;53573;235116;705;265779;41706255;38962573;16137767;41576;17290625
FR;1;2021-12-28;23300;62018;292035;1026;330209;41729555;39024591;16429802;42602;17620834
FR;1;2021-12-29;22218;55520;255001;920;288223;41751773;39080111;16684803;43522;17909057
FR;1;2021-12-30;21241;46526;212164;858;239634;41773014;39126637;16896967;44380;18148691
FR;1;2021-12-31;7466;16577;61873;229;70411;41780480;39143214;16958840;44609;18219102
FR;1;2022-01-01;1156;2498;5660;30;6579;41781636;39145712;16964500;44639;18225681
FR;1;2022-01-02;3084;8076;28890;50;33528;41784720;39153788;16993390;44689;18259209
FR;1;2022-01-03;25047;54255;228239;789;257709;41809767;39208043;17221629;45478;18516918
FR;1;2022-01-04;26123;65081;299259;1238;337284;41835890;39273124;17520888;46716;18854202
FR;1;2022-01-05;30482;64331;274878;1099;310245;41866372;39337455;17795766;47815;19164447
FR;1;2022-01-06;26826;66250;306885;1399;346543;41893198;39403705;18102651;49214;19510990
FR;1;2022-01-07;31563;75068;349833;1538;393979;41924761;39478773;18452484;50752;19904969
FR;1;2022-01-08;23387;51401;222495;698;251119;41948148;39530174;18674979;51450;20156088
FR;1;2022-01-09;7090;17164;66025;163;76143;41955238;39547338;18741004;51613;20232231
FR;1;2022-01-10;21786;60692;236801;955;267618;41977024;39608030;18977805;52568;20499849
FR;1;2022-01-11;26760;63507;282287;1277;317820;42003784;39671537;19260092;53845;20817669
FR;1;2022-01-12;28953;62552;246262;1105;278047;42032737;39734089;19506354;54950;21095716
FR;1;2022-01-13;24777;60228;262799;1253;296125;42057514;39794317;19769153;56203;21391841
FR;1;2022-01-14;27967;66773;314008;1366;351269;42085481;39861090;20083161;57569;21743110
FR;1;2022-01-15;19362;44445;199310;619;223858;42104843;39905535;20282471;58188;21966968
FR;1;2022-01-16;5159;12993;51526;135;59563;42110002;39918528;20333997;58323;22026531
FR;1;2022-01-17;16866;39767;184827;781;206836;42126868;39958295;20518824;59104;22233367
FR;1;2022-01-18;19452;46014;212425;1154;237047;42146320;40004309;20731249;60258;22470414
FR;1;2022-01-19;20307;44012;176106;897;197189;42166627;40048321;20907355;61155;22667603
FR;1;2022-01-20;16839;40623;183679;1138;204744;42183466;40088944;21091034;62293;22872347
FR;1;2022-01-21;19913;47084;228958;1405;253351;42203379;40136028;21319992;63698;23125698
FR;1;2022-01-22;13842;33363;144494;578;161385;42217221;40169391;21464486;64276;23287083
FR;1;2022-01-23;3377;8776;33427;132;38321;42220598;40178167;21497913;64408;23325404
FR;1;2022-01-24;11805;33003;142212;710;158255;42232403;40211170;21640125;65118;23483659
FR;1;2022-01-25;14212;38219;163404;1048;181571;42246615;40249389;21803529;66166;23665230
FR;1;2022-01-26;14861;37713;150250;933;166356;42261476;40287102;21953779;67099;23831586
FR;1;2022-01-27;12339;33307;143451;889;158000;42273815;40320409;22097230;67988;23989586
FR;1;2022-01-28;16322;56987;198313;1143;222418;42290137;40377396;22295543;69131;24212004
FR;1;2022-01-29;10268;35501;135206;525;151548;42300405;40412897;22430749;69656;24363552
FR;1;2022-01-30;2484;9280;29681;86;34460;42302889;40422177;22460430;69742;24398012
FR;1;2022-01-31;8758;32507;104341;533;117372;42311647;40454684;22564771;70275;24515384
FR;1;2022-02-01;10992;36496;127072;865;141246;42322639;40491180;22691843;71140;24656630
FR;1;2022-02-02;12036;41619;130354;782;145841;42334675;40532799;22822197;71922;24802471
FR;1;2022-02-03;9262;34053;117012;784;130355;42343937;40566852;22939209;72706;24932826
FR;1;2022-02-04;11522;48374;172581;967;192763;42355459;40615226;23111790;73673;25125589
FR;1;2022-02-05;7995;33949;117584;391;133043;42363454;40649175;23229374;74064;25258632
FR;1;2022-02-06;1706;8005;22752;85;26908;42365160;40657180;23252126;74149;25285540
FR;1;2022-02-07;7327;35431;119099;459;134975;42372487;40692611;23371225;74608;25420515
FR;1;2022-02-08;7760;31949;125654;693;140642;42380247;40724560;23496879;75301;25561157
FR;1;2022-02-09;8654;36517;135252;699;152496;42388901;40761077;23632131;76000;25713653
FR;1;2022-02-10;7021;30079;116373;674;130161;42395922;40791156;23748504;76674;25843814
FR;1;2022-02-11;8656;41541;165135;878;185359;42404578;40832697;23913639;77552;26029173
FR;1;2022-02-12;5340;27605;106703;379;120888;42409918;40860302;24020342;77931;26150061
FR;1;2022-02-13;1259;5718;21717;66;25333;42411177;40866020;24042059;77997;26175394
FR;1;2022-02-14;5456;27219;118085;394;133112;42416633;40893239;24160144;78391;26308506
FR;1;2022-02-15;5787;28854;118923;611;132555;42422420;40922093;24279067;79002;26441061
FR;1;2022-02-16;5754;28479;110419;596;123050;42428174;40950572;24389486;79598;26564111
FR;1;2022-02-17;4613;19732;73141;487;80247;42432787;40970304;24462627;80085;26644358
FR;1;2022-02-18;5605;26787;99202;672;108162;42438392;40997091;24561829;80757;26752520
FR;1;2022-02-19;3549;17176;59478;304;66059;42441941;41014267;24621307;81061;26818579
FR;1;2022-02-20;791;3256;10705;36;12332;42442732;41017523;24632012;81097;26830911
FR;1;2022-02-21;3424;14588;52828;286;57675;42446156;41032111;24684840;81383;26888586
FR;1;2022-02-22;3795;15538;51913;500;55651;42449951;41047649;24736753;81883;26944237
FR;1;2022-02-23;4232;17820;57470;508;62571;42454183;41065469;24794223;82391;27006808
FR;1;2022-02-24;3342;13107;43613;436;46401;42457525;41078576;24837836;82827;27053209
FR;1;2022-02-25;4472;19900;64922;696;68793;42461997;41098476;24902758;83523;27122002
FR;1;2022-02-26;2693;12801;41369;310;45122;42464690;41111277;24944127;83833;27167124
FR;1;2022-02-27;644;2189;7127;42;7992;42465334;41113466;24951254;83875;27175116
FR;1;2022-02-28;2612;10482;34958;306;37384;42467946;41123948;24986212;84181;27212500
FR;1;2022-03-01;3574;10750;38700;391;39656;42471520;41134698;25024912;84572;27252156
FR;1;2022-03-02;3670;12180;41857;397;43926;42475190;41146878;25066769;84969;27296082
FR;1;2022-03-03;2454;7975;26177;326;26515;42477644;41154853;25092946;85295;27322597
FR;1;2022-03-04;2684;10471;35432;592;34926;42480328;41165324;25128378;85887;27357523
FR;1;2022-03-05;1820;6360;21966;280;22363;42482148;41171684;25150344;86167;27379886
FR;1;2022-03-06;358;955;2917;38;3120;42482506;41172639;25153261;86205;27383006
FR;1;2022-03-07;1750;4716;16436;245;15902;42484256;41177355;25169697;86450;27398908
FR;1;2022-03-08;1699;5254;17167;309;15995;42485955;41182609;25186864;86759;27414903
FR;1;2022-03-09;1986;6678;19806;370;19166;42487941;41189287;25206670;87129;27434069
FR;1;2022-03-10;1405;4993;15284;308;14324;42489346;41194280;25221954;87437;27448393
FR;1;2022-03-11;1753;6404;21706;484;19861;42491099;41200684;25243660;87921;27468254
FR;1;2022-03-12;1245;4651;15361;280;14911;42492344;41205335;25259021;88201;27483165
FR;1;2022-03-13;253;612;2120;119;2066;42492597;41205947;25261141;88320;27485231
FR;1;2022-03-14;1144;3677;13404;3879;12526;42493741;41209624;25274545;92199;27497757
FR;1;2022-03-15;1399;5738;14655;6861;13254;42495140;41215362;25289200;99060;27511011
FR;1;2022-03-16;1693;5079;17392;11518;16455;42496833;41220441;25306592;110578;27527466
FR;1;2022-03-17;1171;3439;11726;9648;10824;42498004;41223880;25318318;120226;27538290
FR;1;2022-03-18;1727;4928;17967;16504;16406;42499731;41228808;25336285;136730;27554696
FR;1;2022-03-19;1126;3299;11890;8455;11358;42500857;41232107;25348175;145185;27566054
FR;1;2022-03-20;224;559;1724;1014;1758;42501081;41232666;25349899;146199;27567812
FR;1;2022-03-21;1086;2763;11492;13448;10842;42502167;41235429;25361391;159647;27578654
FR;1;2022-03-22;1237;3209;12257;18705;11245;42503404;41238638;25373648;178352;27589899
FR;1;2022-03-23;1506;4349;16026;20112;15710;42504910;41242987;25389674;198464;27605609
FR;1;2022-03-24;1116;2750;10396;16051;9658;42506026;41245737;25400070;214515;27615267
FR;1;2022-03-25;1534;4357;16745;25299;15397;42507560;41250094;25416815;239814;27630664
FR;1;2022-03-26;1108;3012;10854;11450;10515;42508668;41253106;25427669;251264;27641179
FR;1;2022-03-27;233;546;1751;1381;1804;42508901;41253652;25429420;252645;27642983
FR;1;2022-03-28;1082;2483;9975;15884;9598;42509983;41256135;25439395;268529;27652581
FR;1;2022-03-29;1140;2740;11553;25103;10921;42511123;41258875;25450948;293632;27663502
FR;1;2022-03-30;1630;3593;14166;24213;13697;42512753;41262468;25465114;317845;27677199
FR;1;2022-03-31;1279;3011;11692;22667;11199;42514032;41265479;25476806;340512;27688398
FR;1;2022-04-01;2230;4019;18468;28517;17338;42516262;41269498;25495274;369029;27705736
FR;1;2022-04-02;909;1885;8190;9226;7939;42517171;41271383;25503464;378255;27713675
FR;1;2022-04-03;203;379;1432;1057;1433;42517374;41271762;25504896;379312;27715108
FR;1;2022-04-04;2161;2468;11367;17673;10756;42519535;41274230;25516263;396985;27725864
FR;1;2022-04-05;1990;2705;12999;31182;12022;42521525;41276935;25529262;428167;27737886
FR;1;2022-04-06;1782;2995;12202;23922;11632;42523307;41279930;25541464;452089;27749518
FR;1;2022-04-07;1390;2728;12349;31065;11813;42524697;41282658;25553813;483154;27761331
FR;1;2022-04-08;1622;3625;17557;40611;16468;42526319;41286283;25571370;523765;27777799
FR;1;2022-04-09;819;1994;8404;12499;8102;42527138;41288277;25579774;536264;27785901
FR;1;2022-04-10;200;620;1834;1853;1878;42527338;41288897;25581608;538117;27787779
FR;1;2022-04-11;1069;2240;10965;22331;10680;42528407;41291137;25592573;560448;27798459
FR;1;2022-04-12;1323;2623;12817;38115;12304;42529730;41293760;25605390;598563;27810763
FR;1;2022-04-13;1269;2863;12269;30613;12001;42530999;41296623;25617659;629176;27822764
FR;1;2022-04-14;1220;2546;12113;33617;12119;42532219;41299169;25629772;662793;27834883
FR;1;2022-04-15;1487;3124;14397;33259;13790;42533706;41302293;25644169;696052;27848673
FR;1;2022-04-16;658;1403;5843;7987;5768;42534364;41303696;25650012;704039;27854441
FR;1;2022-04-17;155;288;929;1120;974;42534519;41303984;25650941;705159;27855415
FR;1;2022-04-18;164;466;2634;1000;2658;42534683;41304450;25653575;706159;27858073
FR;1;2022-04-19;1247;2590;11783;27928;11513;42535930;41307040;25665358;734087;27869586
FR;1;2022-04-20;1344;2634;12175;26848;12015;42537274;41309674;25677533;760935;27881601
FR;1;2022-04-21;1239;2459;11540;33258;11750;42538513;41312133;25689073;794193;27893351
FR;1;2022-04-22;1511;3077;15211;35491;14790;42540024;41315210;25704284;829684;27908141
FR;1;2022-04-23;760;1580;6732;9891;6637;42540784;41316790;25711016;839575;27914778
FR;1;2022-04-24;196;373;1373;1520;1328;42540980;41317163;25712389;841095;27916106
FR;1;2022-04-25;1036;2130;9851;19692;9752;42542016;41319293;25722240;860787;27925858
FR;1;2022-04-26;1348;2621;12599;36562;12201;42543364;41321914;25734839;897349;27938059
FR;1;2022-04-27;1328;2404;10650;29198;10785;42544692;41324318;25745489;926547;27948844
FR;1;2022-04-28;1280;2400;11559;34265;11401;42545972;41326718;25757048;960812;27960245
FR;1;2022-04-29;1611;4261;14396;35522;13848;42547583;41330979;25771444;996334;27974093
FR;1;2022-04-30;829;1871;6446;9169;6288;42548412;41332850;25777890;1005503;27980381
FR;1;2022-05-01;177;286;829;948;822;42548589;41333136;25778719;1006451;27981203
FR;1;2022-05-02;1691;2595;10374;16930;10298;42550280;41335731;25789093;1023381;27991501
FR;1;2022-05-03;1577;2866;12701;32886;12593;42551857;41338597;25801794;1056267;28004094
FR;1;2022-05-04;1363;2736;11229;23800;11389;42553220;41341333;25813023;1080067;28015483
FR;1;2022-05-05;1471;2631;12177;31839;12102;42554691;41343964;25825200;1111906;28027585
FR;1;2022-05-06;1813;3229;14232;34911;13814;42556504;41347193;25839432;1146817;28041399
FR;1;2022-05-07;854;1470;5976;9090;6010;42557358;41348663;25845408;1155907;28047409
FR;1;2022-05-08;190;328;1059;1471;1121;42557548;41348991;25846467;1157378;28048530
FR;1;2022-05-09;1128;2008;9246;19259;9160;42558676;41350999;25855713;1176637;28057690
FR;1;2022-05-10;1479;2920;12612;37102;12211;42560155;41353919;25868325;1213739;28069901
FR;1;2022-05-11;1432;2464;9907;26016;9852;42561587;41356383;25878232;1239755;28079753
FR;1;2022-05-12;1316;2421;10514;33582;10215;42562903;41358804;25888746;1273337;28089968
FR;1;2022-05-13;1607;2799;12759;35730;12406;42564510;41361603;25901505;1309067;28102374
FR;1;2022-05-14;780;1319;5479;10214;5364;42565290;41362922;25906984;1319281;28107738
FR;1;2022-05-15;220;416;1182;1350;1252;42565510;41363338;25908166;1320631;28108990
FR;1;2022-05-16;968;1773;8070;20105;8124;42566478;41365111;25916236;1340736;28117114
FR;1;2022-05-17;1292;2292;11116;36168;10722;42567770;41367403;25927352;1376904;28127836
FR;1;2022-05-18;1306;2126;9035;25710;8986;42569076;41369529;25936387;1402614;28136822
FR;1;2022-05-19;1196;2392;9849;33987;9944;42570272;41371921;25946236;1436601;28146766
FR;1;2022-05-20;1561;2751;12525;37639;12108;42571833;41374672;25958761;1474240;28158874
FR;1;2022-05-21;774;1373;5246;9374;5164;42572607;41376045;25964007;1483614;28164038
FR;1;2022-05-22;191;292;949;1395;950;42572798;41376337;25964956;1485009;28164988
FR;1;2022-05-23;968;1881;8368;19405;8344;42573766;41378218;25973324;1504414;28173332
FR;1;2022-05-24;1284;2444;10718;37240;10585;42575050;41380662;25984042;1541654;28183917
FR;1;2022-05-25;1271;2293;8790;23672;8951;42576321;41382955;25992832;1565326;28192868
FR;1;2022-05-26;168;374;1580;1154;1575;42576489;41383329;25994412;1566480;28194443
FR;1;2022-05-27;1112;2180;8782;20450;8532;42577601;41385509;26003194;1586930;28202975
FR;1;2022-05-28;483;1048;3687;6536;3725;42578084;41386557;26006881;1593466;28206700
FR;1;2022-05-29;120;257;706;893;717;42578204;41386814;26007587;1594359;28207417
FR;1;2022-05-30;830;1728;6558;18531;6588;42579034;41388542;26014145;1612890;28214005
FR;1;2022-05-31;1267;2216;9241;34366;9110;42580301;41390758;26023386;1647256;28223115
FR;1;2022-06-01;1307;2591;10428;23447;10290;42581608;41393349;26033814;1670703;28233405
FR;1;2022-06-02;1221;2303;10664;34128;10241;42582829;41395652;26044478;1704831;28243646
FR;1;2022-06-03;1442;2730;12696;37093;12116;42584271;41398382;26057174;1741924;28255762
FR;1;2022-06-04;680;1261;4746;8675;4822;42584951;41399643;26061920;1750599;28260584
FR;1;2022-06-05;130;290;810;1048;832;42585081;41399933;26062730;1751647;28261416
FR;1;2022-06-06;422;1121;2019;1192;2034;42585503;41401054;26064749;1752839;28263450
FR;1;2022-06-07;1155;2317;9178;34039;8839;42586658;41403371;26073927;1786878;28272289
FR;1;2022-06-08;1111;2232;8668;27539;8548;42587769;41405603;26082595;1814417;28280837
FR;1;2022-06-09;1065;2144;9979;37552;9664;42588834;41407747;26092574;1851969;28290501
FR;1;2022-06-10;1334;2642;12393;43098;11969;42590168;41410389;26104967;1895067;28302470
FR;1;2022-06-11;657;1448;5137;11080;5185;42590825;41411837;26110104;1906147;28307655
FR;1;2022-06-12;152;373;1013;1683;1069;42590977;41412210;26111117;1907830;28308724
FR;1;2022-06-13;910;1827;7006;22221;6863;42591887;41414037;26118123;1930051;28315587
FR;1;2022-06-14;1086;2197;9838;42835;9241;42592973;41416234;26127961;1972886;28324828
FR;1;2022-06-15;1075;1989;8781;29364;8458;42594048;41418223;26136742;2002250;28333286
FR;1;2022-06-16;949;1830;9393;38464;8871;42594997;41420053;26146135;2040714;28342157
FR;1;2022-06-17;1218;2550;11872;44788;11357;42596215;41422603;26158007;2085502;28353514
FR;1;2022-06-18;560;1270;4316;10543;4254;42596775;41423873;26162323;2096045;28357768
FR;1;2022-06-19;137;325;1002;1543;1081;42596912;41424198;26163325;2097588;28358849
FR;1;2022-06-20;857;1698;8490;25037;8153;42597769;41425896;26171815;2122625;28367002
FR;1;2022-06-21;1100;2133;9759;47749;8849;42598869;41428029;26181574;2170374;28375851
FR;1;2022-06-22;1034;2053;8433;37133;7950;42599903;41430082;26190007;2207507;28383801
FR;1;2022-06-23;1050;2167;10119;52785;9404;42600953;41432249;26200126;2260292;28393205
FR;1;2022-06-24;1248;2704;12910;65938;11693;42602201;41434953;26213036;2326230;28404898
FR;1;2022-06-25;684;1502;5923;18916;5706;42602885;41436455;26218959;2345146;28410604
FR;1;2022-06-26;166;407;1818;3494;1713;42603051;41436862;26220777;2348640;28412317
FR;1;2022-06-27;938;1765;9902;45968;9126;42603989;41438627;26230679;2394608;28421443
FR;1;2022-06-28;1206;2568;13833;86525;12397;42605195;41441195;26244512;2481133;28433840
FR;1;2022-06-29;1238;2286;11480;67379;10546;42606433;41443481;26255992;2548512;28444386
FR;1;2022-06-30;1278;2446;13511;89950;11819;42607711;41445927;26269503;2638462;28456205
FR;1;2022-07-01;1633;3469;20300;109185;17959;42609344;41449396;26289803;2747647;28474164
FR;1;2022-07-02;765;1522;8018;33771;7249;42610109;41450918;26297821;2781418;28481413
FR;1;2022-07-03;226;479;1940;6115;1755;42610335;41451397;26299761;2787533;28483168
FR;1;2022-07-04;1362;2925;13912;75387;12334;42611697;41454322;26313673;2862920;28495502
FR;1;2022-07-05;1420;2803;17681;126335;15133;42613117;41457125;26331354;2989255;28510635
FR;1;2022-07-06;1349;2384;14879;93700;12898;42614466;41459509;26346233;3082955;28523533
FR;1;2022-07-07;1438;2530;16921;119456;13992;42615904;41462039;26363154;3202411;28537525
FR;1;2022-07-08;1527;2811;19604;129981;15965;42617431;41464850;26382758;3332392;28553490
FR;1;2022-07-09;660;1272;7302;36014;6345;42618091;41466122;26390060;3368406;28559835
FR;1;2022-07-10;236;494;2239;6687;2033;42618327;41466616;26392299;3375093;28561868
FR;1;2022-07-11;1209;2216;14313;84422;11928;42619536;41468832;26406612;3459515;28573796
FR;1;2022-07-12;1554;2775;19451;137385;15887;42621090;41471607;26426063;3596900;28589683
FR;1;2022-07-13;1410;2410;14779;89817;12625;42622500;41474017;26440842;3686717;28602308
FR;1;2022-07-14;160;344;1862;5285;1771;42622660;41474361;26442704;3692002;28604079
FR;1;2022-07-15;1255;2295;14359;80575;12002;42623915;41476656;26457063;3772577;28616081
FR;1;2022-07-16;505;1047;5637;23943;4891;42624420;41477703;26462700;3796520;28620972
FR;1;2022-07-17;158;363;1655;4460;1498;42624578;41478066;26464355;3800980;28622470
FR;1;2022-07-18;973;2025;11291;59267;9561;42625551;41480091;26475646;3860247;28632031
FR;1;2022-07-19;1228;2118;14687;99389;11720;42626779;41482209;26490333;3959636;28643751
FR;1;2022-07-20;1175;1990;12358;74339;10271;42627954;41484199;26502691;4033975;28654022
FR;1;2022-07-21;1129;1943;12405;84507;9985;42629083;41486142;26515096;4118482;28664007
FR;1;2022-07-22;1238;2203;14079;85864;11404;42630321;41488345;26529175;4204346;28675411
FR;1;2022-07-23;533;1084;5229;21291;4605;42630854;41489429;26534404;4225637;28680016
FR;1;2022-07-24;147;303;1325;3695;1165;42631001;41489732;26535729;4229332;28681181
FR;1;2022-07-25;884;1622;9068;46102;7514;42631885;41491354;26544797;4275434;28688695
FR;1;2022-07-26;1123;1955;12671;81937;10328;42633008;41493309;26557468;4357371;28699023
FR;1;2022-07-27;1013;1719;9744;58427;8118;42634021;41495028;26567212;4415798;28707141
FR;1;2022-07-28;979;1700;9848;61881;7841;42635000;41496728;26577060;4477679;28714982
FR;1;2022-07-29;1111;1807;10437;62901;8365;42636111;41498535;26587497;4540580;28723347
FR;1;2022-07-30;391;714;3344;14485;2846;42636502;41499249;26590841;4555065;28726193
FR;1;2022-07-31;138;263;900;2333;766;42636640;41499512;26591741;4557398;28726959
FR;1;2022-08-01;718;1313;7237;28957;6097;42637358;41500825;26598978;4586355;28733056
FR;1;2022-08-02;896;1466;8220;53995;6611;42638254;41502291;26607198;4640350;28739667
FR;1;2022-08-03;719;1091;6132;37028;4915;42638973;41503382;26613330;4677378;28744582
FR;1;2022-08-04;640;1073;6252;41408;5041;42639613;41504455;26619582;4718786;28749623
FR;1;2022-08-05;737;1189;6753;43028;5412;42640350;41505644;26626335;4761814;28755035
FR;1;2022-08-06;273;460;1990;8998;1671;42640623;41506104;26628325;4770812;28756706
FR;1;2022-08-07;88;143;520;1552;436;42640711;41506247;26628845;4772364;28757142
FR;1;2022-08-08;488;875;3790;21211;3119;42641199;41507122;26632635;4793575;28760261
FR;1;2022-08-09;607;1023;5673;38450;4546;42641806;41508145;26638308;4832025;28764807
FR;1;2022-08-10;530;1004;4431;26894;3627;42642336;41509149;26642739;4858919;28768434
FR;1;2022-08-11;537;909;4301;28185;3574;42642873;41510058;26647040;4887104;28772008
FR;1;2022-08-12;588;1018;4546;27156;3754;42643461;41511076;26651586;4914260;28775762
FR;1;2022-08-13;176;349;1247;5104;1062;42643637;41511425;26652833;4919364;28776824
FR;1;2022-08-14;64;114;275;871;234;42643701;41511539;26653108;4920235;28777058
FR;1;2022-08-15;74;159;566;540;526;42643775;41511698;26653674;4920775;28777584
FR;1;2022-08-16;522;927;3781;21477;3207;42644297;41512625;26657455;4942252;28780791
FR;1;2022-08-17;525;885;3762;22106;3188;42644822;41513510;26661217;4964358;28783979
FR;1;2022-08-18;539;874;3903;25421;3105;42645361;41514384;26665120;4989779;28787084
FR;1;2022-08-19;533;1032;4357;26508;3591;42645894;41515416;26669477;5016287;28790675
FR;1;2022-08-20;231;408;1285;5364;1101;42646125;41515824;26670762;5021651;28791776
FR;1;2022-08-21;81;110;281;988;249;42646206;41515934;26671043;5022639;28792025
FR;1;2022-08-22;471;875;3138;14942;2708;42646677;41516809;26674181;5037581;28794733
FR;1;2022-08-23;635;1054;4148;28309;3483;42647312;41517863;26678329;5065890;28798216
FR;1;2022-08-24;555;826;3395;19057;2764;42647867;41518689;26681724;5084947;28800980
FR;1;2022-08-25;560;920;3816;22908;3198;42648427;41519609;26685540;5107855;28804178
FR;1;2022-08-26;745;1121;4344;25149;3559;42649172;41520730;26689884;5133004;28807737
FR;1;2022-08-27;216;426;1322;5303;1190;42649388;41521156;26691206;5138307;28808927
FR;1;2022-08-28;111;145;298;894;280;42649499;41521301;26691504;5139201;28809207
FR;1;2022-08-29;502;852;2972;14223;2510;42650001;41522153;26694476;5153424;28811717
FR;1;2022-08-30;734;1093;4614;27693;3769;42650735;41523246;26699090;5181117;28815486
FR;1;2022-08-31;576;822;3099;17215;2609;42651311;41524068;26702189;5198332;28818095
FR;1;2022-09-01;665;906;4318;21852;3677;42651976;41524974;26706507;5220184;28821772
FR;1;2022-09-02;766;1038;4877;27857;4074;42652742;41526012;26711384;5248041;28825846
FR;1;2022-09-03;317;495;1829;5868;1585;42653059;41526507;26713213;5253909;28827431
FR;1;2022-09-04;106;136;341;842;334;42653165;41526643;26713554;5254751;28827765
FR;1;2022-09-05;569;646;3000;15682;2505;42653734;41527289;26716554;5270433;28830270
FR;1;2022-09-06;719;924;4548;31019;3689;42654453;41528213;26721102;5301452;28833959
FR;1;2022-09-07;536;682;2914;16436;2416;42654989;41528895;26724016;5317888;28836375
FR;1;2022-09-08;566;782;3689;24197;3031;42655555;41529677;26727705;5342085;28839406
FR;1;2022-09-09;762;961;4287;26829;3575;42656317;41530638;26731992;5368914;28842981
FR;1;2022-09-10;326;459;1670;5577;1471;42656643;41531097;26733662;5374491;28844452
FR;1;2022-09-11;105;118;309;644;290;42656748;41531215;26733971;5375135;28844742
FR;1;2022-09-12;447;569;2606;12929;2223;42657195;41531784;26736577;5388064;28846965
FR;1;2022-09-13;576;786;3853;25742;3329;42657771;41532570;26740430;5413806;28850294
FR;1;2022-09-14;568;689;2861;15684;2388;42658339;41533259;26743291;5429490;28852682
FR;1;2022-09-15;507;699;3322;23020;2801;42658846;41533958;26746613;5452510;28855483
FR;1;2022-09-16;713;922;4004;25277;3372;42659559;41534880;26750617;5477787;28858855
FR;1;2022-09-17;291;402;1389;5974;1213;42659850;41535282;26752006;5483761;28860068
FR;1;2022-09-18;97;120;310;922;278;42659947;41535402;26752316;5484683;28860346
FR;1;2022-09-19;364;557;2131;12833;1827;42660311;41535959;26754447;5497516;28862173
FR;1;2022-09-20;552;796;3650;25776;3051;42660863;41536755;26758097;5523292;28865224
FR;1;2022-09-21;469;677;2622;15860;2249;42661332;41537432;26760719;5539152;28867473
FR;1;2022-09-22;532;742;3265;22923;2664;42661864;41538174;26763984;5562075;28870137
FR;1;2022-09-23;749;923;4345;28115;3625;42662613;41539097;26768329;5590190;28873762
FR;1;2022-09-24;352;532;1581;6690;1363;42662965;41539629;26769910;5596880;28875125
FR;1;2022-09-25;80;149;321;1072;293;42663045;41539778;26770231;5597952;28875418
FR;1;2022-09-26;377;630;2166;13009;1921;42663422;41540408;26772397;5610961;28877339
FR;1;2022-09-27;537;753;3454;25012;2790;42663959;41541161;26775851;5635973;28880129
FR;1;2022-09-28;514;707;2439;14952;2206;42664473;41541868;26778290;5650925;28882335
FR;1;2022-09-29;501;685;2974;20326;2498;42664974;41542553;26781264;5671251;28884833
FR;1;2022-09-30;674;959;3765;24397;3147;42665648;41543512;26785029;5695648;28887980
FR;1;2022-10-01;330;537;1865;5493;1623;42665978;41544049;26786894;5701141;28889603
FR;1;2022-10-02;51;115;203;567;202;42666029;41544164;26787097;5701708;28889805
FR;1;2022-10-03;398;577;2165;10000;1908;42666427;41544741;26789262;5711708;28891713
FR;1;2022-10-04;539;671;2914;18911;2459;42666966;41545412;26792176;5730619;28894172
FR;1;2022-10-05;423;678;2075;11089;1849;42667389;41546090;26794251;5741708;28896021
FR;1;2022-10-06;437;597;2486;15759;2051;42667826;41546687;26796737;5757467;28898072
FR;1;2022-10-07;544;734;2684;16050;2300;42668370;41547421;26799421;5773517;28900372
FR;1;2022-10-08;231;303;884;3165;774;42668601;41547724;26800305;5776682;28901146
FR;1;2022-10-09;74;85;149;461;133;42668675;41547809;26800454;5777143;28901279
FR;1;2022-10-10;292;428;1304;4979;1222;42668967;41548237;26801758;5782122;28902501
FR;1;2022-10-11;316;426;1295;8019;1171;42669283;41548663;26803053;5790141;28903672
FR;1;2022-10-12;318;415;1042;5174;1039;42669601;41549078;26804095;5795315;28904711
FR;1;2022-10-13;315;377;1059;6052;912;42669916;41549455;26805154;5801367;28905623
FR;1;2022-10-14;401;517;1166;6701;1038;42670317;41549972;26806320;5808068;28906661
FR;1;2022-10-15;192;255;513;1853;493;42670509;41550227;26806833;5809921;28907154
FR;1;2022-10-16;46;58;106;290;113;42670555;41550285;26806939;5810211;28907267
FR;1;2022-10-17;227;315;731;2649;686;42670782;41550600;26807670;5812860;28907953
FR;1;2022-10-18;262;309;948;4576;826;42671044;41550909;26808618;5817436;28908779
FR;1;2022-10-19;270;354;686;3163;652;42671314;41551263;26809304;5820599;28909431
FR;1;2022-10-20;263;305;870;4322;759;42671577;41551568;26810174;5824921;28910190
FR;1;2022-10-21;297;397;835;3783;728;42671874;41551965;26811009;5828704;28910918
FR;1;2022-10-22;134;165;303;1237;297;42672008;41552130;26811312;5829941;28911215
FR;1;2022-10-23;29;35;64;196;58;42672037;41552165;26811376;5830137;28911273
FR;1;2022-10-24;266;221;469;1572;466;42672303;41552386;26811845;5831709;28911739
FR;1;2022-10-25;213;247;511;2626;435;42672516;41552633;26812356;5834335;28912174
FR;1;2022-10-26;231;238;383;1928;362;42672747;41552871;26812739;5836263;28912536
FR;1;2022-10-27;254;215;474;2145;484;42673001;41553086;26813213;5838408;28913020
FR;1;2022-10-28;302;303;510;2313;452;42673303;41553389;26813723;5840721;28913472
FR;1;2022-10-29;93;148;168;700;203;42673396;41553537;26813891;5841421;28913675
FR;1;2022-10-30;37;40;57;181;51;42673433;41553577;26813948;5841602;28913726
FR;1;2022-10-31;131;175;290;789;266;42673564;41553752;26814238;5842391;28913992
FR;1;2022-11-01;21;50;486;80;483;42673585;41553802;26814724;5842471;28914475
FR;1;2022-11-02;237;212;440;955;409;42673822;41554014;26815164;5843426;28914884
FR;1;2022-11-03;254;216;397;1362;355;42674076;41554230;26815561;5844788;28915239
FR;1;2022-11-04;217;244;359;1574;341;42674293;41554474;26815920;5846362;28915580
FR;1;2022-11-05;88;112;175;489;161;42674381;41554586;26816095;5846851;28915741
FR;1;2022-11-06;33;39;31;128;34;42674414;41554625;26816126;5846979;28915775
FR;1;2022-11-07;173;191;234;852;230;42674587;41554816;26816360;5847831;28916005
FR;1;2022-11-08;188;216;358;1654;312;42674775;41555032;26816718;5849485;28916317
FR;1;2022-11-09;175;198;297;1074;262;42674950;41555230;26817015;5850559;28916579
FR;1;2022-11-10;189;251;323;1649;332;42675139;41555481;26817338;5852208;28916911
FR;1;2022-11-11;19;27;59;96;47;42675158;41555508;26817397;5852304;28916958
FR;1;2022-11-12;77;95;124;360;119;42675235;41555603;26817521;5852664;28917077
FR;1;2022-11-13;16;20;17;62;21;42675251;41555623;26817538;5852726;28917098
FR;1;2022-11-14;160;162;219;737;218;42675411;41555785;26817757;5853463;28917316
FR;1;2022-11-15;194;191;273;1226;258;42675605;41555976;26818030;5854689;28917574
FR;1;2022-11-16;170;195;213;907;232;42675775;41556171;26818243;5855596;28917806
FR;1;2022-11-17;152;160;204;1125;182;42675927;41556331;26818447;5856721;28917988
FR;1;2022-11-18;216;233;277;1231;268;42676143;41556564;26818724;5857952;28918256
FR;1;2022-11-19;110;92;149;412;115;42676253;41556656;26818873;5858364;28918371
FR;1;2022-11-20;19;22;17;56;19;42676272;41556678;26818890;5858420;28918390
FR;1;2022-11-21;166;155;204;588;227;42676438;41556833;26819094;5859008;28918617
FR;1;2022-11-22;133;108;234;963;225;42676571;41556941;26819328;5859971;28918842
FR;2;2020-12-27;0;0;0;0;0;0;0;0;0;0
FR;2;2020-12-28;0;0;0;0;0;0;0;0;0;0
FR;2;2020-12-29;0;0;0;0;0;0;0;0;0;0
FR;2;2020-12-30;0;0;0;0;0;0;0;0;0;0
FR;2;2020-12-31;0;0;0;0;0;0;0;0;0;0
FR;2;2021-01-01;0;0;0;0;0;0;0;0;0;0
FR;2;2021-01-02;0;0;0;0;0;0;0;0;0;0
FR;2;2021-01-03;0;0;0;0;0;0;0;0;0;0
FR;2;2021-01-04;0;0;0;0;0;0;0;0;0;0
FR;2;2021-01-05;0;0;0;0;0;0;0;0;0;0
FR;2;2021-01-06;0;0;0;0;0;0;0;0;0;0
FR;2;2021-01-07;0;0;0;0;0;0;0;0;0;0
FR;2;2021-01-08;0;0;0;0;0;0;0;0;0;0
FR;2;2021-01-09;0;0;0;0;0;0;0;0;0;0
FR;2;2021-01-10;0;0;0;0;0;0;0;0;0;0
FR;2;2021-01-11;0;0;0;0;0;0;0;0;0;0
FR;2;2021-01-12;0;0;0;0;0;0;0;0;0;0
FR;2;2021-01-13;0;0;0;0;0;0;0;0;0;0
FR;2;2021-01-14;1653;0;0;0;0;1653;0;0;0;0
FR;2;2021-01-15;398;0;0;0;0;2051;0;0;0;0
FR;2;2021-01-16;316;0;0;0;0;2367;0;0;0;0
FR;2;2021-01-17;84;0;0;0;0;2451;0;0;0;0
FR;2;2021-01-18;3074;2;0;0;0;5525;2;0;0;0
FR;2;2021-01-19;4681;2;0;0;0;10206;4;0;0;0
FR;2;2021-01-20;5137;6;0;0;0;15343;10;0;0;0
FR;2;2021-01-21;5345;9;0;0;0;20688;19;0;0;0
FR;2;2021-01-22;5118;17;0;0;0;25806;36;0;0;0
FR;2;2021-01-23;1874;2;0;0;0;27680;38;0;0;0
FR;2;2021-01-24;163;2;0;0;0;27843;40;0;0;0
FR;2;2021-01-25;3814;3;0;0;0;31657;43;0;0;0
FR;2;2021-01-26;3925;5;0;0;0;35582;48;0;0;0
FR;2;2021-01-27;3603;4;0;0;0;39185;52;0;0;0
FR;2;2021-01-28;3755;8;0;0;0;42940;60;0;0;0
FR;2;2021-01-29;3297;4;0;0;0;46237;64;0;0;0
FR;2;2021-01-30;1133;3;0;0;0;47370;67;0;0;0
FR;2;2021-01-31;46;2;0;0;0;47416;69;0;0;0
FR;2;2021-02-01;3406;11;0;0;0;50822;80;0;0;0
FR;2;2021-02-02;4494;19;0;0;0;55316;99;0;0;0
FR;2;2021-02-03;5222;10;0;0;0;60538;109;0;0;0
FR;2;2021-02-04;4938;11;0;0;0;65476;120;0;0;0
FR;2;2021-02-05;4815;16;0;0;0;70291;136;0;0;0
FR;2;2021-02-06;2044;16;0;0;0;72335;152;0;0;0
FR;2;2021-02-07;103;4;0;0;0;72438;156;0;0;0
FR;2;2021-02-08;7557;25;0;0;0;79995;181;0;0;0
FR;2;2021-02-09;8429;28;0;0;0;88424;209;0;0;0
FR;2;2021-02-10;9344;61;0;0;0;97768;270;0;0;0
FR;2;2021-02-11;10290;125;0;0;0;108058;395;0;0;0
FR;2;2021-02-12;10060;273;0;0;0;118118;668;0;0;0
FR;2;2021-02-13;3120;225;0;0;0;121238;893;0;0;0
FR;2;2021-02-14;357;11;0;0;0;121595;904;0;0;0
FR;2;2021-02-15;3460;3115;0;0;0;125055;4019;0;0;0
FR;2;2021-02-16;5075;4132;0;0;0;130130;8151;0;0;0
FR;2;2021-02-17;4258;4538;0;0;0;134388;12689;0;0;0
FR;2;2021-02-18;5404;5167;0;0;0;139792;17856;0;0;0
FR;2;2021-02-19;5327;4470;0;0;0;145119;22326;0;0;0
FR;2;2021-02-20;1872;1519;0;0;0;146991;23845;0;0;0
FR;2;2021-02-21;244;96;0;0;0;147235;23941;0;0;0
FR;2;2021-02-22;3613;3771;0;0;0;150848;27712;0;0;0
FR;2;2021-02-23;4955;3733;0;0;0;155803;31445;0;0;0
FR;2;2021-02-24;5015;3537;0;0;0;160818;34982;0;0;0
FR;2;2021-02-25;5498;3479;0;0;0;166316;38461;0;0;0
FR;2;2021-02-26;4367;3170;0;0;0;170683;41631;0;0;0
FR;2;2021-02-27;1629;1064;0;0;0;172312;42695;0;0;0
FR;2;2021-02-28;179;17;0;0;0;172491;42712;0;0;0
FR;2;2021-03-01;5191;3759;0;0;0;177682;46471;0;0;0
FR;2;2021-03-02;6540;4722;0;0;0;184222;51193;0;0;0
FR;2;2021-03-03;6541;4951;0;0;0;190763;56144;0;0;0
FR;2;2021-03-04;8409;4184;0;0;0;199172;60328;0;0;0
FR;2;2021-03-05;8036;4050;0;0;0;207208;64378;0;0;0
FR;2;2021-03-06;4789;1682;0;0;0;211997;66060;0;0;0
FR;2;2021-03-07;2373;32;0;0;0;214370;66092;0;0;0
FR;2;2021-03-08;4166;8389;0;0;0;218536;74481;0;0;0
FR;2;2021-03-09;7491;8582;1;0;0;226027;83063;1;0;0
FR;2;2021-03-10;7106;9216;0;0;0;233133;92279;1;0;0
FR;2;2021-03-11;9376;9330;1;0;0;242509;101609;2;0;0
FR;2;2021-03-12;7981;8339;0;0;0;250490;109948;2;0;0
FR;2;2021-03-13;10055;2586;0;0;0;260545;112534;2;0;0
FR;2;2021-03-14;4841;384;0;0;0;265386;112918;2;0;0
FR;2;2021-03-15;10913;3476;0;0;0;276299;116394;2;0;0
FR;2;2021-03-16;16768;4683;1;0;0;293067;121077;3;0;0
FR;2;2021-03-17;20240;4004;0;0;0;313307;125081;3;0;0
FR;2;2021-03-18;23370;5106;0;0;0;336677;130187;3;0;0
FR;2;2021-03-19;23311;4658;0;0;0;359988;134845;3;0;0
FR;2;2021-03-20;25452;1577;0;0;0;385440;136422;3;0;0
FR;2;2021-03-21;17671;154;0;0;0;403111;136576;3;0;0
FR;2;2021-03-22;17788;3245;0;0;0;420899;139821;3;0;0
FR;2;2021-03-23;22701;4267;0;0;0;443600;144088;3;0;0
FR;2;2021-03-24;23960;5042;0;0;0;467560;149130;3;0;0
FR;2;2021-03-25;26754;5251;1;0;0;494314;154381;4;0;0
FR;2;2021-03-26;26988;4231;0;0;0;521302;158612;4;0;0
FR;2;2021-03-27;15920;1349;0;0;0;537222;159961;4;0;0
FR;2;2021-03-28;10562;123;0;0;0;547784;160084;4;0;0
FR;2;2021-03-29;18996;4319;0;0;0;566780;164403;4;0;0
FR;2;2021-03-30;24589;6088;0;0;0;591369;170491;4;0;0
FR;2;2021-03-31;28560;5925;0;0;0;619929;176416;4;0;0
FR;2;2021-04-01;34552;8565;1;0;0;654481;184981;5;0;0
FR;2;2021-04-02;29987;7713;0;0;0;684468;192694;5;0;0
FR;2;2021-04-03;16955;4166;0;0;0;701423;196860;5;0;0
FR;2;2021-04-04;9306;1226;2;0;0;710729;198086;7;0;0
FR;2;2021-04-05;12445;798;0;0;0;723174;198884;7;0;0
FR;2;2021-04-06;27156;7257;0;0;0;750330;206141;7;0;0
FR;2;2021-04-07;30931;7092;1;0;0;781261;213233;8;0;0
FR;2;2021-04-08;36894;8602;1;0;0;818155;221835;9;0;0
FR;2;2021-04-09;33849;8411;28;0;0;852004;230246;37;0;0
FR;2;2021-04-10;19688;9244;1;0;0;871692;239490;38;0;0
FR;2;2021-04-11;7942;4240;1;0;0;879634;243730;39;0;0
FR;2;2021-04-12;17128;11021;0;0;0;896762;254751;39;0;0
FR;2;2021-04-13;19459;16041;1;0;0;916221;270792;40;0;0
FR;2;2021-04-14;18070;16419;7;0;0;934291;287211;47;0;0
FR;2;2021-04-15;22201;21634;27;0;0;956492;308845;74;0;0
FR;2;2021-04-16;20713;20494;45;0;0;977205;329339;119;0;0
FR;2;2021-04-17;13257;22478;5;0;0;990462;351817;124;0;0
FR;2;2021-04-18;5911;14403;6;0;0;996373;366220;130;0;0
FR;2;2021-04-19;16846;16372;24;0;0;1013219;382592;154;0;0
FR;2;2021-04-20;19324;21727;38;0;0;1032543;404319;192;0;0
FR;2;2021-04-21;20291;21806;76;0;0;1052834;426125;268;0;0
FR;2;2021-04-22;23819;24939;41;0;0;1076653;451064;309;0;0
FR;2;2021-04-23;24528;25433;76;0;0;1101181;476497;385;0;0
FR;2;2021-04-24;25304;15059;104;0;0;1126485;491556;489;0;0
FR;2;2021-04-25;9596;8612;5;0;0;1136081;500168;494;0;0
FR;2;2021-04-26;17164;17535;21;0;0;1153245;517703;515;0;0
FR;2;2021-04-27;19244;24130;40;0;0;1172489;541833;555;0;0
FR;2;2021-04-28;22339;26381;112;0;0;1194828;568214;667;0;0
FR;2;2021-04-29;25472;30357;69;0;0;1220300;598571;736;0;0
FR;2;2021-04-30;25533;27903;49;1;0;1245833;626474;785;1;0
FR;2;2021-05-01;14987;9855;6;0;0;1260820;636329;791;1;0
FR;2;2021-05-02;6640;9171;2;0;0;1267460;645500;793;1;0
FR;2;2021-05-03;20021;19159;40;0;0;1287481;664659;833;1;0
FR;2;2021-05-04;18285;29157;33;0;0;1305766;693816;866;1;0
FR;2;2021-05-05;18379;29448;48;0;0;1324145;723264;914;1;0
FR;2;2021-05-06;23547;35371;132;0;0;1347692;758635;1046;1;0
FR;2;2021-05-07;25336;33240;97;0;0;1373028;791875;1143;1;0
FR;2;2021-05-08;21342;10418;14;0;0;1394370;802293;1157;1;0
FR;2;2021-05-09;13167;7692;7;0;0;1407537;809985;1164;1;0
FR;2;2021-05-10;32942;21827;50;0;0;1440479;831812;1214;1;0
FR;2;2021-05-11;43608;20939;101;0;0;1484087;852751;1315;1;0
FR;2;2021-05-12;50056;19688;143;0;0;1534143;872439;1458;1;0
FR;2;2021-05-13;51297;5654;31;0;0;1585440;878093;1489;1;0
FR;2;2021-05-14;61355;12884;132;0;0;1646795;890977;1621;1;0
FR;2;2021-05-15;65934;7107;39;0;0;1712729;898084;1660;1;0
FR;2;2021-05-16;43586;2572;10;0;0;1756315;900656;1670;1;0
FR;2;2021-05-17;44752;12471;114;0;0;1801067;913127;1784;1;0
FR;2;2021-05-18;54645;12277;191;0;0;1855712;925404;1975;1;0
FR;2;2021-05-19;57176;10514;281;0;0;1912888;935918;2256;1;0
FR;2;2021-05-20;63442;10804;288;0;0;1976330;946722;2544;1;0
FR;2;2021-05-21;64300;11618;230;0;0;2040630;958340;2774;1;0
FR;2;2021-05-22;61487;4524;65;0;0;2102117;962864;2839;1;0
FR;2;2021-05-23;37534;575;22;0;0;2139651;963439;2861;1;0
FR;2;2021-05-24;17244;2045;35;0;0;2156895;965484;2896;1;0
FR;2;2021-05-25;21116;12238;240;0;0;2178011;977722;3136;1;0
FR;2;2021-05-26;19940;11507;230;0;0;2197951;989229;3366;1;0
FR;2;2021-05-27;22998;12651;182;0;0;2220949;1001880;3548;1;0
FR;2;2021-05-28;29394;15001;190;0;0;2250343;1016881;3738;1;0
FR;2;2021-05-29;30422;8190;57;0;0;2280765;1025071;3795;1;0
FR;2;2021-05-30;4647;1817;6;0;0;2285412;1026888;3801;1;0
FR;2;2021-05-31;28589;18743;184;0;0;2314001;1045631;3985;1;0
FR;2;2021-06-01;45734;19922;224;0;0;2359735;1065553;4209;1;0
FR;2;2021-06-02;37476;19282;182;0;0;2397211;1084835;4391;1;0
FR;2;2021-06-03;51278;23160;161;0;0;2448489;1107995;4552;1;0
FR;2;2021-06-04;65512;24078;217;0;0;2514001;1132073;4769;1;0
FR;2;2021-06-05;34601;24085;52;0;0;2548602;1156158;4821;1;0
FR;2;2021-06-06;4956;6195;10;0;0;2553558;1162353;4831;1;0
FR;2;2021-06-07;28174;23015;150;0;0;2581732;1185368;4981;1;0
FR;2;2021-06-08;46377;22927;143;0;0;2628109;1208295;5124;1;0
FR;2;2021-06-09;34293;20957;107;0;0;2662402;1229252;5231;1;0
FR;2;2021-06-10;42641;19121;95;1;0;2705043;1248373;5326;2;0
FR;2;2021-06-11;55300;25158;134;0;0;2760343;1273531;5460;2;0
FR;2;2021-06-12;30561;19783;53;0;0;2790904;1293314;5513;2;0
FR;2;2021-06-13;3331;9194;13;0;0;2794235;1302508;5526;2;0
FR;2;2021-06-14;25300;24115;92;0;0;2819535;1326623;5618;2;0
FR;2;2021-06-15;39047;22826;154;0;0;2858582;1349449;5772;2;0
FR;2;2021-06-16;30164;21386;135;0;0;2888746;1370835;5907;2;0
FR;2;2021-06-17;36912;25800;150;0;0;2925658;1396635;6057;2;0
FR;2;2021-06-18;46859;28858;123;0;0;2972517;1425493;6180;2;0
FR;2;2021-06-19;24525;24912;39;0;0;2997042;1450405;6219;2;0
FR;2;2021-06-20;3745;10060;9;0;0;3000787;1460465;6228;2;0
FR;2;2021-06-21;17529;42844;88;0;0;3018316;1503309;6316;2;0
FR;2;2021-06-22;28361;49580;110;0;0;3046677;1552889;6426;2;0
FR;2;2021-06-23;21790;49593;107;1;1;3068467;1602482;6533;3;1
FR;2;2021-06-24;28377;50296;134;0;0;3096844;1652778;6667;3;1
FR;2;2021-06-25;33400;60421;128;0;0;3130244;1713199;6795;3;1
FR;2;2021-06-26;16388;59313;54;1;0;3146632;1772512;6849;4;1
FR;2;2021-06-27;2566;29313;22;1;0;3149198;1801825;6871;5;1
FR;2;2021-06-28;12640;54331;84;0;0;3161838;1856156;6955;5;1
FR;2;2021-06-29;19857;59953;178;0;0;3181695;1916109;7133;5;1
FR;2;2021-06-30;16331;57988;253;17;0;3198026;1974097;7386;22;1
FR;2;2021-07-01;20491;59880;228;0;0;3218517;2033977;7614;22;1
FR;2;2021-07-02;24081;62146;184;0;0;3242598;2096123;7798;22;1
FR;2;2021-07-03;12119;57116;153;0;0;3254717;2153239;7951;22;1
FR;2;2021-07-04;1960;23308;18;0;0;3256677;2176547;7969;22;1
FR;2;2021-07-05;9177;29310;106;0;0;3265854;2205857;8075;22;1
FR;2;2021-07-06;14582;36240;135;0;0;3280436;2242097;8210;22;1
FR;2;2021-07-07;14414;33665;139;0;0;3294850;2275762;8349;22;1
FR;2;2021-07-08;19722;40309;162;0;0;3314572;2316071;8511;22;1
FR;2;2021-07-09;27103;54315;202;1;0;3341675;2370386;8713;23;1
FR;2;2021-07-10;13386;33700;107;0;0;3355061;2404086;8820;23;1
FR;2;2021-07-11;1810;4353;16;0;0;3356871;2408439;8836;23;1
FR;2;2021-07-12;12971;37294;119;0;0;3369842;2445733;8955;23;1
FR;2;2021-07-13;37114;53182;152;0;0;3406956;2498915;9107;23;1
FR;2;2021-07-14;6626;3542;15;0;0;3413582;2502457;9122;23;1
FR;2;2021-07-15;47242;47027;156;0;0;3460824;2549484;9278;23;1
FR;2;2021-07-16;64316;55790;188;0;0;3525140;2605274;9466;23;1
FR;2;2021-07-17;31600;23927;96;0;0;3556740;2629201;9562;23;1
FR;2;2021-07-18;6088;4830;19;0;0;3562828;2634031;9581;23;1
FR;2;2021-07-19;33004;28628;94;0;0;3595832;2662659;9675;23;1
FR;2;2021-07-20;51999;44531;155;0;0;3647831;2707190;9830;23;1
FR;2;2021-07-21;45255;34681;93;0;0;3693086;2741871;9923;23;1
FR;2;2021-07-22;56280;41082;128;1;0;3749366;2782953;10051;24;1
FR;2;2021-07-23;68299;48990;170;0;0;3817665;2831943;10221;24;1
FR;2;2021-07-24;36177;21604;82;0;0;3853842;2853547;10303;24;1
FR;2;2021-07-25;6749;2615;10;0;0;3860591;2856162;10313;24;1
FR;2;2021-07-26;36318;22375;91;1;0;3896909;2878537;10404;25;1
FR;2;2021-07-27;62387;34587;180;0;0;3959296;2913124;10584;25;1
FR;2;2021-07-28;55320;26432;132;0;0;4014616;2939556;10716;25;1
FR;2;2021-07-29;68480;32797;189;0;0;4083096;2972353;10905;25;1
FR;2;2021-07-30;74464;37805;222;1;0;4157560;3010158;11127;26;1
FR;2;2021-07-31;34772;16202;105;0;0;4192332;3026360;11232;26;1
FR;2;2021-08-01;5414;2258;19;0;0;4197746;3028618;11251;26;1
FR;2;2021-08-02;35884;16178;101;0;0;4233630;3044796;11352;26;1
FR;2;2021-08-03;55985;28277;142;0;0;4289615;3073073;11494;26;1
FR;2;2021-08-04;46637;20840;128;1;0;4336252;3093913;11622;27;1
FR;2;2021-08-05;54637;31566;215;0;0;4390889;3125479;11837;27;1
FR;2;2021-08-06;58094;42397;242;1;0;4448983;3167876;12079;28;1
FR;2;2021-08-07;25149;17626;89;0;0;4474132;3185502;12168;28;1
FR;2;2021-08-08;3838;3652;21;0;0;4477970;3189154;12189;28;1
FR;2;2021-08-09;29307;21060;92;0;0;4507277;3210214;12281;28;1
FR;2;2021-08-10;45009;33480;155;0;0;4552286;3243694;12436;28;1
FR;2;2021-08-11;35275;25149;151;0;0;4587561;3268843;12587;28;1
FR;2;2021-08-12;41904;35699;163;0;0;4629465;3304542;12750;28;1
FR;2;2021-08-13;42606;37276;218;0;0;4672071;3341818;12968;28;1
FR;2;2021-08-14;18524;22160;94;0;0;4690595;3363978;13062;28;1
FR;2;2021-08-15;3857;3803;17;0;0;4694452;3367781;13079;28;1
FR;2;2021-08-16;25093;27137;111;0;0;4719545;3394918;13190;28;1
FR;2;2021-08-17;38261;43412;205;2;0;4757806;3438330;13395;30;1
FR;2;2021-08-18;32254;36362;195;1;1;4790060;3474692;13590;31;2
FR;2;2021-08-19;37434;46575;224;0;0;4827494;3521267;13814;31;2
FR;2;2021-08-20;40568;55643;271;1;0;4868062;3576910;14085;32;2
FR;2;2021-08-21;18121;24305;116;0;0;4886183;3601215;14201;32;2
FR;2;2021-08-22;2907;4328;22;1;1;4889090;3605543;14223;33;3
FR;2;2021-08-23;19248;35154;131;1;0;4908338;3640697;14354;34;3
FR;2;2021-08-24;31949;56051;236;0;0;4940287;3696748;14590;34;3
FR;2;2021-08-25;25934;43456;250;0;0;4966221;3740204;14840;34;3
FR;2;2021-08-26;32362;55822;388;0;0;4998583;3796026;15228;34;3
FR;2;2021-08-27;37003;65671;477;2;0;5035586;3861697;15705;36;3
FR;2;2021-08-28;17819;28533;300;0;0;5053405;3890230;16005;36;3
FR;2;2021-08-29;2656;5017;47;0;0;5056061;3895247;16052;36;3
FR;2;2021-08-30;18416;37733;400;0;760;5074477;3932980;16452;36;763
FR;2;2021-08-31;28076;57506;887;4;1551;5102553;3990486;17339;40;2314
FR;2;2021-09-01;21593;39871;1309;0;2118;5124146;4030357;18648;40;4432
FR;2;2021-09-02;25485;48660;1962;2;3351;5149631;4079017;20610;42;7783
FR;2;2021-09-03;33411;64547;2988;3;4874;5183042;4143564;23598;45;12657
FR;2;2021-09-04;16832;27755;1442;1;2381;5199874;4171319;25040;46;15038
FR;2;2021-09-05;2262;3603;266;0;412;5202136;4174922;25306;46;15450
FR;2;2021-09-06;14043;28704;1770;1;2942;5216179;4203626;27076;47;18392
FR;2;2021-09-07;21107;41098;3021;13;4922;5237286;4244724;30097;60;23314
FR;2;2021-09-08;17248;31918;2736;6;4497;5254534;4276642;32833;66;27811
FR;2;2021-09-09;20980;40479;4437;3;6819;5275514;4317121;37270;69;34630
FR;2;2021-09-10;28201;51276;5285;4;8938;5303715;4368397;42555;73;43568
FR;2;2021-09-11;13654;22439;2405;5;3979;5317369;4390836;44960;78;47547
FR;2;2021-09-12;1824;2779;292;0;513;5319193;4393615;45252;78;48060
FR;2;2021-09-13;11659;21444;2473;4;4038;5330852;4415059;47725;82;52098
FR;2;2021-09-14;18575;32742;5090;13;9059;5349427;4447801;52815;95;61157
FR;2;2021-09-15;14914;28250;5169;3;7758;5364341;4476051;57984;98;68915
FR;2;2021-09-16;16079;32787;6737;12;10538;5380420;4508838;64721;110;79453
FR;2;2021-09-17;20915;47144;8781;10;14612;5401335;4555982;73502;120;94065
FR;2;2021-09-18;9857;20964;3803;6;6034;5411192;4576946;77305;126;100099
FR;2;2021-09-19;1166;2599;396;0;633;5412358;4579545;77701;126;100732
FR;2;2021-09-20;7499;18719;3856;7;6143;5419857;4598264;81557;133;106875
FR;2;2021-09-21;11214;29998;6495;5;10744;5431071;4628262;88052;138;117619
FR;2;2021-09-22;9410;23536;5490;6;8515;5440481;4651798;93542;144;126134
FR;2;2021-09-23;10729;28898;7881;10;12648;5451210;4680696;101423;154;138782
FR;2;2021-09-24;15073;42931;10876;18;17238;5466283;4723627;112299;172;156020
FR;2;2021-09-25;7258;18784;3965;9;6111;5473541;4742411;116264;181;162131
FR;2;2021-09-26;1079;2551;495;0;630;5474620;4744962;116759;181;162761
FR;2;2021-09-27;6313;16413;4285;8;6535;5480933;4761375;121044;189;169296
FR;2;2021-09-28;9241;25558;7769;14;12080;5490174;4786933;128813;203;181376
FR;2;2021-09-29;8082;20203;6067;25;9259;5498256;4807136;134880;228;190635
FR;2;2021-09-30;9864;25836;9507;16;14105;5508120;4832972;144387;244;204740
FR;2;2021-10-01;13976;35721;12918;25;19311;5522096;4868693;157305;269;224051
FR;2;2021-10-02;6873;15924;4850;7;7039;5528969;4884617;162155;276;231090
FR;2;2021-10-03;841;1916;492;1;503;5529810;4886533;162647;277;231593
FR;2;2021-10-04;5825;13902;5515;5;7853;5535635;4900435;168162;282;239446
FR;2;2021-10-05;9058;22553;11123;19;15734;5544693;4922988;179285;301;255180
FR;2;2021-10-06;7783;17744;8242;11;11080;5552476;4940732;187527;312;266260
FR;2;2021-10-07;9203;22203;12384;14;16865;5561679;4962935;199911;326;283125
FR;2;2021-10-08;13431;32109;17350;27;23589;5575110;4995044;217261;353;306714
FR;2;2021-10-09;6000;12838;6044;6;7894;5581110;5007882;223305;359;314608
FR;2;2021-10-10;885;1602;436;2;609;5581995;5009484;223741;361;315217
FR;2;2021-10-11;5607;11559;6455;17;8832;5587602;5021043;230196;378;324049
FR;2;2021-10-12;8030;17791;12550;13;16779;5595632;5038834;242746;391;340828
FR;2;2021-10-13;6944;14856;10255;12;13642;5602576;5053690;253001;403;354470
FR;2;2021-10-14;8314;17941;14996;13;19471;5610890;5071631;267997;416;373941
FR;2;2021-10-15;11855;26304;20903;26;27972;5622745;5097935;288900;442;401913
FR;2;2021-10-16;5140;8736;1819;0;3218;5627885;5106671;290719;442;405131
FR;2;2021-10-17;651;1156;184;0;361;5628536;5107827;290903;442;405492
FR;2;2021-10-18;4562;7355;665;2;1640;5633098;5115182;291568;444;407132
FR;2;2021-10-19;6238;9859;732;5;2037;5639336;5125041;292300;449;409169
FR;2;2021-10-20;5170;8062;758;3;1678;5644506;5133103;293058;452;410847
FR;2;2021-10-21;6090;9974;780;5;2103;5650596;5143077;293838;457;412950
FR;2;2021-10-22;8451;14598;1148;4;2887;5659047;5157675;294986;461;415837
FR;2;2021-10-23;3845;5994;587;0;1235;5662892;5163669;295573;461;417072
FR;2;2021-10-24;494;886;101;0;205;5663386;5164555;295674;461;417277
FR;2;2021-10-25;3359;5348;307;1;825;5666745;5169903;295981;462;418102
FR;2;2021-10-26;4176;7245;1132;4;2022;5670921;5177148;297113;466;420124
FR;2;2021-10-27;3676;6601;1193;5;1994;5674597;5183749;298306;471;422118
FR;2;2021-10-28;4598;7695;1734;3;2748;5679195;5191444;300040;474;424866
FR;2;2021-10-29;5413;11086;2437;4;3682;5684608;5202530;302477;478;428548
FR;2;2021-10-30;2749;4446;976;1;1438;5687357;5206976;303453;479;429986
FR;2;2021-10-31;364;533;139;1;190;5687721;5207509;303592;480;430176
FR;2;2021-11-01;428;548;181;0;267;5688149;5208057;303773;480;430443
FR;2;2021-11-02;3293;6758;1183;0;1762;5691442;5214815;304956;480;432205
FR;2;2021-11-03;3340;6233;1388;2;1969;5694782;5221048;306344;482;434174
FR;2;2021-11-04;3986;7078;1768;4;2496;5698768;5228126;308112;486;436670
FR;2;2021-11-05;5234;10503;2867;5;3958;5704002;5238629;310979;491;440628
FR;2;2021-11-06;2596;4680;1403;0;1817;5706598;5243309;312382;491;442445
FR;2;2021-11-07;506;865;220;0;289;5707104;5244174;312602;491;442734
FR;2;2021-11-08;2578;5350;1204;3;1677;5709682;5249524;313806;494;444411
FR;2;2021-11-09;2749;6915;2402;5;3180;5712431;5256439;316208;499;447591
FR;2;2021-11-10;2590;5675;5113;6;6286;5715021;5262114;321321;505;453877
FR;2;2021-11-11;444;754;749;2;933;5715465;5262868;322070;507;454810
FR;2;2021-11-12;2953;8090;8973;8;10913;5718418;5270958;331043;515;465723
FR;2;2021-11-13;1539;3381;3870;7;4542;5719957;5274339;334913;522;470265
FR;2;2021-11-14;257;591;351;1;482;5720214;5274930;335264;523;470747
FR;2;2021-11-15;1622;3665;4447;8;5329;5721836;5278595;339711;531;476076
FR;2;2021-11-16;2184;5890;8309;14;10078;5724020;5284485;348020;545;486154
FR;2;2021-11-17;1741;4531;6630;8;7852;5725761;5289016;354650;553;494006
FR;2;2021-11-18;2192;5933;9184;10;11018;5727953;5294949;363834;563;505024
FR;2;2021-11-19;2700;7772;12975;19;15479;5730653;5302721;376809;582;520503
FR;2;2021-11-20;1566;3336;5180;5;6090;5732219;5306057;381989;587;526593
FR;2;2021-11-21;249;510;541;0;660;5732468;5306567;382530;587;527253
FR;2;2021-11-22;1278;2585;4481;5;5403;5733746;5309152;387011;592;532656
FR;2;2021-11-23;1617;4288;8200;9;9912;5735363;5313440;395211;601;542568
FR;2;2021-11-24;1419;3756;7479;14;8728;5736782;5317196;402690;615;551296
FR;2;2021-11-25;1813;4875;11473;21;13666;5738595;5322071;414163;636;564962
FR;2;2021-11-26;2541;7750;22672;31;26082;5741136;5329821;436835;667;591044
FR;2;2021-11-27;1497;4153;12272;18;14030;5742633;5333974;449107;685;605074
FR;2;2021-11-28;292;837;1973;3;2298;5742925;5334811;451080;688;607372
FR;2;2021-11-29;1447;4358;15091;23;17257;5744372;5339169;466171;711;624629
FR;2;2021-11-30;1912;6666;26245;36;29997;5746284;5345835;492416;747;654626
FR;2;2021-12-01;1916;6047;26203;31;29520;5748200;5351882;518619;778;684146
FR;2;2021-12-02;1914;6794;37717;52;41967;5750114;5358676;556336;830;726113
FR;2;2021-12-03;2556;10093;53626;111;59372;5752670;5368769;609962;941;785485
FR;2;2021-12-04;1849;6292;37119;38;40812;5754519;5375061;647081;979;826297
FR;2;2021-12-05;458;2250;14262;14;15990;5754977;5377311;661343;993;842287
FR;2;2021-12-06;2486;9873;77717;109;84770;5757463;5387184;739060;1102;927057
FR;2;2021-12-07;3454;15315;122453;238;133777;5760917;5402499;861513;1340;1060834
FR;2;2021-12-08;3725;16005;133203;330;145393;5764642;5418504;994716;1670;1206227
FR;2;2021-12-09;4546;19639;170226;555;185614;5769188;5438143;1164942;2225;1391841
FR;2;2021-12-10;4675;22832;188687;490;206174;5773863;5460975;1353629;2715;1598015
FR;2;2021-12-11;3686;16633;132448;239;144899;5777549;5477608;1486077;2954;1742914
FR;2;2021-12-12;1257;7125;59103;83;65153;5778806;5484733;1545180;3037;1808067
FR;2;2021-12-13;5529;26837;220705;605;243002;5784335;5511570;1765885;3642;2051069
FR;2;2021-12-14;7017;37468;300791;908;332238;5791352;5549038;2066676;4550;2383307
FR;2;2021-12-15;6557;36246;285239;957;315873;5797909;5585284;2351915;5507;2699180
FR;2;2021-12-16;7764;37933;312154;979;343779;5805673;5623217;2664069;6486;3042959
FR;2;2021-12-17;8681;41207;327891;976;360961;5814354;5664424;2991960;7462;3403920
FR;2;2021-12-18;6514;26557;212353;448;233668;5820868;5690981;3204313;7910;3637588
FR;2;2021-12-19;2602;11424;90216;182;100350;5823470;5702405;3294529;8092;3737938
FR;2;2021-12-20;9546;33553;275232;706;303382;5833016;5735958;3569761;8798;4041320
FR;2;2021-12-21;11564;38323;309637;968;341436;5844580;5774281;3879398;9766;4382756
FR;2;2021-12-22;10459;32796;265118;952;292475;5855039;5807077;4144516;10718;4675231
FR;2;2021-12-23;9426;26676;199513;701;221299;5864465;5833753;4344029;11419;4896530
FR;2;2021-12-24;2783;7481;43860;140;49562;5867248;5841234;4387889;11559;4946092
FR;2;2021-12-25;201;681;2002;10;2484;5867449;5841915;4389891;11569;4948576
FR;2;2021-12-26;1320;4210;25157;71;28682;5868769;5846125;4415048;11640;4977258
FR;2;2021-12-27;8077;29920;218418;659;243345;5876846;5876045;4633466;12299;5220603
FR;2;2021-12-28;9837;36318;272100;742;302003;5886683;5912363;4905566;13041;5522606
FR;2;2021-12-29;9497;32253;246136;765;272691;5896180;5944616;5151702;13806;5795297
FR;2;2021-12-30;9461;28092;208832;663;231453;5905641;5972708;5360534;14469;6026750
FR;2;2021-12-31;3010;8352;54990;176;61239;5908651;5981060;5415524;14645;6087989
FR;2;2022-01-01;230;688;2857;7;3351;5908881;5981748;5418381;14652;6091340
FR;2;2022-01-02;1504;4854;29518;75;33407;5910385;5986602;5447899;14727;6124747
FR;2;2022-01-03;9598;35408;266535;806;293914;5919983;6022010;5714434;15533;6418661
FR;2;2022-01-04;12854;45410;342093;1068;377024;5932837;6067420;6056527;16601;6795685
FR;2;2022-01-05;11273;38647;294198;884;323844;5944110;6106067;6350725;17485;7119529
FR;2;2022-01-06;13654;43493;331950;1298;364745;5957764;6149560;6682675;18783;7484274
FR;2;2022-01-07;14225;47642;361103;1270;396461;5971989;6197202;7043778;20053;7880735
FR;2;2022-01-08;7947;28147;201263;515;221701;5979936;6225349;7245041;20568;8102436
FR;2;2022-01-09;2749;8970;62524;137;69503;5982685;6234319;7307565;20705;8171939
FR;2;2022-01-10;10098;31910;232485;858;255055;5992783;6266229;7540050;21563;8426994
FR;2;2022-01-11;11469;36253;265928;1029;290631;6004252;6302482;7805978;22592;8717625
FR;2;2022-01-12;8765;29810;206329;863;226175;6013017;6332292;8012307;23455;8943800
FR;2;2022-01-13;9387;31337;224498;832;244841;6022404;6363629;8236805;24287;9188641
FR;2;2022-01-14;9741;35606;254546;920;277664;6032145;6399235;8491351;25207;9466305
FR;2;2022-01-15;5359;19452;140779;363;153640;6037504;6418687;8632130;25570;9619945
FR;2;2022-01-16;1512;5474;35888;81;39826;6039016;6424161;8668018;25651;9659771
FR;2;2022-01-17;5546;19276;135416;601;147258;6044562;6443437;8803434;26252;9807029
FR;2;2022-01-18;6423;21492;148632;647;160462;6050985;6464929;8952066;26899;9967491
FR;2;2022-01-19;4396;16322;105105;551;113702;6055381;6481251;9057171;27450;10081193
FR;2;2022-01-20;4872;17585;115297;603;123692;6060253;6498836;9172468;28053;10204885
FR;2;2022-01-21;5198;20056;137351;679;147771;6065451;6518892;9309819;28732;10352656
FR;2;2022-01-22;3030;10950;74262;260;80326;6068481;6529842;9384081;28992;10432982
FR;2;2022-01-23;724;2716;15242;41;16832;6069205;6532558;9399323;29033;10449814
FR;2;2022-01-24;3289;12811;75080;431;81031;6072494;6545369;9474403;29464;10530845
FR;2;2022-01-25;3574;14416;79629;496;85454;6076068;6559785;9554032;29960;10616299
FR;2;2022-01-26;2515;10704;58976;363;63029;6078583;6570489;9613008;30323;10679328
FR;2;2022-01-27;2682;11363;64178;388;67945;6081265;6581852;9677186;30711;10747273
FR;2;2022-01-28;3551;18283;91722;429;98911;6084816;6600135;9768908;31140;10846184
FR;2;2022-01-29;1893;9239;48852;164;52929;6086709;6609374;9817760;31304;10899113
FR;2;2022-01-30;464;2223;9455;38;10598;6087173;6611597;9827215;31342;10909711
FR;2;2022-01-31;1888;9564;43833;209;47331;6089061;6621161;9871048;31551;10957042
FR;2;2022-02-01;1916;10038;47030;279;50096;6090977;6631199;9918078;31830;11007138
FR;2;2022-02-02;1614;8994;41119;250;44157;6092591;6640193;9959197;32080;11051295
FR;2;2022-02-03;1725;8943;40526;205;42922;6094316;6649136;9999723;32285;11094217
FR;2;2022-02-04;2151;15186;66646;299;71332;6096467;6664322;10066369;32584;11165549
FR;2;2022-02-05;1360;8527;35946;132;39229;6097827;6672849;10102315;32716;11204778
FR;2;2022-02-06;275;1762;6127;16;6898;6098102;6674611;10108442;32732;11211676
FR;2;2022-02-07;1351;9557;37756;134;41293;6099453;6684168;10146198;32866;11252969
FR;2;2022-02-08;1299;9832;40954;173;43748;6100752;6694000;10187152;33039;11296717
FR;2;2022-02-09;1160;8839;37040;174;40464;6101912;6702839;10224192;33213;11337181
FR;2;2022-02-10;1029;7996;33837;204;36509;6102941;6710835;10258029;33417;11373690
FR;2;2022-02-11;1391;12085;53346;223;57699;6104332;6722920;10311375;33640;11431389
FR;2;2022-02-12;754;6533;27986;86;30805;6105086;6729453;10339361;33726;11462194
FR;2;2022-02-13;200;1340;4836;20;5577;6105286;6730793;10344197;33746;11467771
FR;2;2022-02-14;835;6731;30273;91;33232;6106121;6737524;10374470;33837;11501003
FR;2;2022-02-15;774;6472;28049;141;29992;6106895;6743996;10402519;33978;11530995
FR;2;2022-02-16;657;5361;22064;123;23629;6107552;6749357;10424583;34101;11554624
FR;2;2022-02-17;518;3783;14152;98;14617;6108070;6753140;10438735;34199;11569241
FR;2;2022-02-18;723;5368;20442;134;21129;6108793;6758508;10459177;34333;11590370
FR;2;2022-02-19;430;3056;10531;66;11245;6109223;6761564;10469708;34399;11601615
FR;2;2022-02-20;102;518;1461;3;1609;6109325;6762082;10471169;34402;11603224
FR;2;2022-02-21;422;2685;9122;65;9499;6109747;6764767;10480291;34467;11612723
FR;2;2022-02-22;392;2567;8894;77;8797;6110139;6767334;10489185;34544;11621520
FR;2;2022-02-23;432;2604;8992;82;9268;6110571;6769938;10498177;34626;11630788
FR;2;2022-02-24;314;2036;6802;82;6830;6110885;6771974;10504979;34708;11637618
FR;2;2022-02-25;457;3207;11418;107;11282;6111342;6775181;10516397;34815;11648900
FR;2;2022-02-26;297;1892;6036;49;6343;6111639;6777073;10522433;34864;11655243
FR;2;2022-02-27;76;313;907;5;950;6111715;6777386;10523340;34869;11656193
FR;2;2022-02-28;330;1688;5524;53;5531;6112045;6779074;10528864;34922;11661724
FR;2;2022-03-01;278;1569;5481;46;5198;6112323;6780643;10534345;34968;11666922
FR;2;2022-03-02;298;1445;5247;45;5091;6112621;6782088;10539592;35013;11672013
FR;2;2022-03-03;225;1111;3708;42;3485;6112846;6783199;10543300;35055;11675498
FR;2;2022-03-04;243;1468;4859;74;4506;6113089;6784667;10548159;35129;11680004
FR;2;2022-03-05;174;906;2979;34;2723;6113263;6785573;10551138;35163;11682727
FR;2;2022-03-06;42;183;280;5;320;6113305;6785756;10551418;35168;11683047
FR;2;2022-03-07;156;659;1987;70;1777;6113461;6786415;10553405;35238;11684824
FR;2;2022-03-08;144;669;2273;53;1907;6113605;6787084;10555678;35291;11686731
FR;2;2022-03-09;154;708;2348;37;2050;6113759;6787792;10558026;35328;11688781
FR;2;2022-03-10;123;603;1694;35;1469;6113882;6788395;10559720;35363;11690250
FR;2;2022-03-11;172;756;2769;57;2368;6114054;6789151;10562489;35420;11692618
FR;2;2022-03-12;149;484;1786;27;1555;6114203;6789635;10564275;35447;11694173
FR;2;2022-03-13;25;75;203;30;204;6114228;6789710;10564478;35477;11694377
FR;2;2022-03-14;128;470;1567;529;1297;6114356;6790180;10566045;36006;11695674
FR;2;2022-03-15;138;439;1713;691;1333;6114494;6790619;10567758;36697;11697007
FR;2;2022-03-16;142;476;2013;1615;1593;6114636;6791095;10569771;38312;11698600
FR;2;2022-03-17;94;413;1408;1193;1144;6114730;6791508;10571179;39505;11699744
FR;2;2022-03-18;147;496;2024;1794;1667;6114877;6792004;10573203;41299;11701411
FR;2;2022-03-19;108;321;1210;941;1015;6114985;6792325;10574413;42240;11702426
FR;2;2022-03-20;13;77;191;59;168;6114998;6792402;10574604;42299;11702594
FR;2;2022-03-21;97;307;1214;1484;1077;6115095;6792709;10575818;43783;11703671
FR;2;2022-03-22;118;390;1530;1830;1291;6115213;6793099;10577348;45613;11704962
FR;2;2022-03-23;139;361;1674;3032;1470;6115352;6793460;10579022;48645;11706432
FR;2;2022-03-24;117;293;1183;1547;1001;6115469;6793753;10580205;50192;11707433
FR;2;2022-03-25;119;361;1805;2451;1475;6115588;6794114;10582010;52643;11708908
FR;2;2022-03-26;79;247;1204;1222;952;6115667;6794361;10583214;53865;11709860
FR;2;2022-03-27;19;36;153;100;132;6115686;6794397;10583367;53965;11709992
FR;2;2022-03-28;94;288;1138;1602;995;6115780;6794685;10584505;55567;11710987
FR;2;2022-03-29;108;258;1325;2466;1105;6115888;6794943;10585830;58033;11712092
FR;2;2022-03-30;91;312;1488;3184;1320;6115979;6795255;10587318;61217;11713412
FR;2;2022-03-31;104;284;1276;2332;1091;6116083;6795539;10588594;63549;11714503
FR;2;2022-04-01;123;323;1567;2349;1322;6116206;6795862;10590161;65898;11715825
FR;2;2022-04-02;81;161;845;891;737;6116287;6796023;10591006;66789;11716562
FR;2;2022-04-03;16;53;128;113;142;6116303;6796076;10591134;66902;11716704
FR;2;2022-04-04;113;239;988;1445;797;6116416;6796315;10592122;68347;11717501
FR;2;2022-04-05;143;298;1316;2911;1143;6116559;6796613;10593438;71258;11718644
FR;2;2022-04-06;89;259;1306;2522;1130;6116648;6796872;10594744;73780;11719774
FR;2;2022-04-07;120;228;1301;2682;1041;6116768;6797100;10596045;76462;11720815
FR;2;2022-04-08;126;339;1633;3341;1326;6116894;6797439;10597678;79803;11722141
FR;2;2022-04-09;90;219;899;1046;731;6116984;6797658;10598577;80849;11722872
FR;2;2022-04-10;37;48;143;162;119;6117021;6797706;10598720;81011;11722991
FR;2;2022-04-11;88;195;890;1560;780;6117109;6797901;10599610;82571;11723771
FR;2;2022-04-12;176;271;1182;2768;1061;6117285;6798172;10600792;85339;11724832
FR;2;2022-04-13;147;230;1125;2469;987;6117432;6798402;10601917;87808;11725819
FR;2;2022-04-14;115;226;1085;2677;919;6117547;6798628;10603002;90485;11726738
FR;2;2022-04-15;114;254;1215;2292;1071;6117661;6798882;10604217;92777;11727809
FR;2;2022-04-16;67;108;548;549;459;6117728;6798990;10604765;93326;11728268
FR;2;2022-04-17;15;27;57;53;53;6117743;6799017;10604822;93379;11728321
FR;2;2022-04-18;12;35;120;70;115;6117755;6799052;10604942;93449;11728436
FR;2;2022-04-19;112;237;1120;1731;951;6117867;6799289;10606062;95180;11729387
FR;2;2022-04-20;95;241;1108;2172;932;6117962;6799530;10607170;97352;11730319
FR;2;2022-04-21;111;233;982;1912;837;6118073;6799763;10608152;99264;11731156
FR;2;2022-04-22;100;276;1242;2091;1023;6118173;6800039;10609394;101355;11732179
FR;2;2022-04-23;67;156;644;762;573;6118240;6800195;10610038;102117;11732752
FR;2;2022-04-24;12;29;101;68;79;6118252;6800224;10610139;102185;11732831
FR;2;2022-04-25;103;204;821;1315;711;6118355;6800428;10610960;103500;11733542
FR;2;2022-04-26;108;184;1041;2017;878;6118463;6800612;10612001;105517;11734420
FR;2;2022-04-27;98;179;860;1783;764;6118561;6800791;10612861;107300;11735184
FR;2;2022-04-28;93;214;950;1930;843;6118654;6801005;10613811;109230;11736027
FR;2;2022-04-29;81;281;1130;1696;1040;6118735;6801286;10614941;110926;11737067
FR;2;2022-04-30;65;126;470;539;429;6118800;6801412;10615411;111465;11737496
FR;2;2022-05-01;23;24;84;49;85;6118823;6801436;10615495;111514;11737581
FR;2;2022-05-02;116;232;762;1216;660;6118939;6801668;10616257;112730;11738241
FR;2;2022-05-03;148;233;999;1778;938;6119087;6801901;10617256;114508;11739179
FR;2;2022-05-04;90;226;924;1809;867;6119177;6802127;10618180;116317;11740046
FR;2;2022-05-05;127;197;853;1718;770;6119304;6802324;10619033;118035;11740816
FR;2;2022-05-06;133;246;1100;1855;1016;6119437;6802570;10620133;119890;11741832
FR;2;2022-05-07;40;99;470;504;406;6119477;6802669;10620603;120394;11742238
FR;2;2022-05-08;48;54;107;70;102;6119525;6802723;10620710;120464;11742340
FR;2;2022-05-09;101;174;654;984;604;6119626;6802897;10621364;121448;11742944
FR;2;2022-05-10;121;251;938;1840;893;6119747;6803148;10622302;123288;11743837
FR;2;2022-05-11;101;177;811;1873;791;6119848;6803325;10623113;125161;11744628
FR;2;2022-05-12;111;173;845;2095;803;6119959;6803498;10623958;127256;11745431
FR;2;2022-05-13;100;233;969;2096;899;6120059;6803731;10624927;129352;11746330
FR;2;2022-05-14;76;124;451;553;411;6120135;6803855;10625378;129905;11746741
FR;2;2022-05-15;24;39;94;87;108;6120159;6803894;10625472;129992;11746849
FR;2;2022-05-16;102;170;601;924;537;6120261;6804064;10626073;130916;11747386
FR;2;2022-05-17;95;184;689;1685;657;6120356;6804248;10626762;132601;11748043
FR;2;2022-05-18;80;181;641;1431;646;6120436;6804429;10627403;134032;11748689
FR;2;2022-05-19;70;160;708;1831;750;6120506;6804589;10628111;135863;11749439
FR;2;2022-05-20;107;180;874;1700;779;6120613;6804769;10628985;137563;11750218
FR;2;2022-05-21;48;96;397;517;338;6120661;6804865;10629382;138080;11750556
FR;2;2022-05-22;8;23;69;37;57;6120669;6804888;10629451;138117;11750613
FR;2;2022-05-23;86;133;498;931;469;6120755;6805021;10629949;139048;11751082
FR;2;2022-05-24;87;163;627;1621;615;6120842;6805184;10630576;140669;11751697
FR;2;2022-05-25;72;145;539;1148;493;6120914;6805329;10631115;141817;11752190
FR;2;2022-05-26;11;31;77;43;85;6120925;6805360;10631192;141860;11752275
FR;2;2022-05-27;44;123;456;818;438;6120969;6805483;10631648;142678;11752713
FR;2;2022-05-28;28;60;221;244;221;6120997;6805543;10631869;142922;11752934
FR;2;2022-05-29;13;34;43;25;51;6121010;6805577;10631912;142947;11752985
FR;2;2022-05-30;65;108;424;755;409;6121075;6805685;10632336;143702;11753394
FR;2;2022-05-31;76;135;564;1276;511;6121151;6805820;10632900;144978;11753905
FR;2;2022-06-01;59;157;562;1074;541;6121210;6805977;10633462;146052;11754446
FR;2;2022-06-02;92;175;625;1412;591;6121302;6806152;10634087;147464;11755037
FR;2;2022-06-03;71;155;667;1604;593;6121373;6806307;10634754;149068;11755630
FR;2;2022-06-04;69;93;283;433;269;6121442;6806400;10635037;149501;11755899
FR;2;2022-06-05;12;17;63;57;47;6121454;6806417;10635100;149558;11755946
FR;2;2022-06-06;11;35;92;75;92;6121465;6806452;10635192;149633;11756038
FR;2;2022-06-07;99;221;667;1535;577;6121564;6806673;10635859;151168;11756615
FR;2;2022-06-08;70;118;475;1166;411;6121634;6806791;10636334;152334;11757026
FR;2;2022-06-09;93;166;613;1921;571;6121727;6806957;10636947;154255;11757597
FR;2;2022-06-10;91;167;650;1683;621;6121818;6807124;10637597;155938;11758218
FR;2;2022-06-11;43;84;287;528;258;6121861;6807208;10637884;156466;11758476
FR;2;2022-06-12;18;38;58;78;60;6121879;6807246;10637942;156544;11758536
FR;2;2022-06-13;39;119;393;952;378;6121918;6807365;10638335;157496;11758914
FR;2;2022-06-14;68;157;599;2087;537;6121986;6807522;10638934;159583;11759451
FR;2;2022-06-15;78;104;520;1503;444;6122064;6807626;10639454;161086;11759895
FR;2;2022-06-16;127;127;495;1411;422;6122191;6807753;10639949;162497;11760317
FR;2;2022-06-17;73;136;588;1817;515;6122264;6807889;10640537;164314;11760832
FR;2;2022-06-18;75;92;224;579;196;6122339;6807981;10640761;164893;11761028
FR;2;2022-06-19;11;17;53;71;41;6122350;6807998;10640814;164964;11761069
FR;2;2022-06-20;62;125;401;1027;392;6122412;6808123;10641215;165991;11761461
FR;2;2022-06-21;107;115;524;2123;453;6122519;6808238;10641739;168114;11761914
FR;2;2022-06-22;39;110;462;1889;415;6122558;6808348;10642201;170003;11762329
FR;2;2022-06-23;58;108;537;2281;452;6122616;6808456;10642738;172284;11762781
FR;2;2022-06-24;66;122;709;3199;571;6122682;6808578;10643447;175483;11763352
FR;2;2022-06-25;30;90;297;987;253;6122712;6808668;10643744;176470;11763605
FR;2;2022-06-26;30;27;131;194;97;6122742;6808695;10643875;176664;11763702
FR;2;2022-06-27;79;137;581;2488;482;6122821;6808832;10644456;179152;11764184
FR;2;2022-06-28;109;140;812;4816;650;6122930;6808972;10645268;183968;11764834
FR;2;2022-06-29;73;150;776;4432;637;6123003;6809122;10646044;188400;11765471
FR;2;2022-06-30;72;133;832;5177;618;6123075;6809255;10646876;193577;11766089
FR;2;2022-07-01;112;159;1149;6691;849;6123187;6809414;10648025;200268;11766938
FR;2;2022-07-02;68;132;474;1976;392;6123255;6809546;10648499;202244;11767330
FR;2;2022-07-03;23;30;146;334;130;6123278;6809576;10648645;202578;11767460
FR;2;2022-07-04;120;180;775;3785;612;6123398;6809756;10649420;206363;11768072
FR;2;2022-07-05;118;186;1121;6818;828;6123516;6809942;10650541;213181;11768900
FR;2;2022-07-06;92;149;951;5807;697;6123608;6810091;10651492;218988;11769597
FR;2;2022-07-07;81;185;1020;6498;750;6123689;6810276;10652512;225486;11770347
FR;2;2022-07-08;65;122;1095;7044;758;6123754;6810398;10653607;232530;11771105
FR;2;2022-07-09;34;61;418;1869;299;6123788;6810459;10654025;234399;11771404
FR;2;2022-07-10;6;17;96;315;82;6123794;6810476;10654121;234714;11771486
FR;2;2022-07-11;68;120;683;3825;540;6123862;6810596;10654804;238539;11772026
FR;2;2022-07-12;102;179;1054;6517;809;6123964;6810775;10655858;245056;11772835
FR;2;2022-07-13;64;126;879;4664;591;6124028;6810901;10656737;249720;11773426
FR;2;2022-07-14;6;13;88;248;59;6124034;6810914;10656825;249968;11773485
FR;2;2022-07-15;61;129;739;3792;560;6124095;6811043;10657564;253760;11774045
FR;2;2022-07-16;27;54;289;1029;242;6124122;6811097;10657853;254789;11774287
FR;2;2022-07-17;5;12;77;201;66;6124127;6811109;10657930;254990;11774353
FR;2;2022-07-18;57;103;514;2509;384;6124184;6811212;10658444;257499;11774737
FR;2;2022-07-19;66;133;770;4254;555;6124250;6811345;10659214;261753;11775292
FR;2;2022-07-20;59;118;581;3179;431;6124309;6811463;10659795;264932;11775723
FR;2;2022-07-21;60;110;671;3678;485;6124369;6811573;10660466;268610;11776208
FR;2;2022-07-22;51;99;698;3548;506;6124420;6811672;10661164;272158;11776714
FR;2;2022-07-23;39;97;290;1173;229;6124459;6811769;10661454;273331;11776943
FR;2;2022-07-24;14;23;68;201;67;6124473;6811792;10661522;273532;11777010
FR;2;2022-07-25;50;71;405;1937;300;6124523;6811863;10661927;275469;11777310
FR;2;2022-07-26;57;133;606;3423;477;6124580;6811996;10662533;278892;11777787
FR;2;2022-07-27;42;81;457;2782;361;6124622;6812077;10662990;281674;11778148
FR;2;2022-07-28;29;75;450;2484;357;6124651;6812152;10663440;284158;11778505
FR;2;2022-07-29;68;88;535;2857;347;6124719;6812240;10663975;287015;11778852
FR;2;2022-07-30;22;38;162;774;110;6124741;6812278;10664137;287789;11778962
FR;2;2022-07-31;6;13;27;104;21;6124747;6812291;10664164;287893;11778983
FR;2;2022-08-01;38;105;323;1261;260;6124785;6812396;10664487;289154;11779243
FR;2;2022-08-02;49;75;325;2060;247;6124834;6812471;10664812;291214;11779490
FR;2;2022-08-03;29;53;259;1610;187;6124863;6812524;10665071;292824;11779677
FR;2;2022-08-04;40;65;306;1686;240;6124903;6812589;10665377;294510;11779917
FR;2;2022-08-05;33;94;328;1880;236;6124936;6812683;10665705;296390;11780153
FR;2;2022-08-06;22;40;106;365;82;6124958;6812723;10665811;296755;11780235
FR;2;2022-08-07;7;8;14;69;16;6124965;6812731;10665825;296824;11780251
FR;2;2022-08-08;19;35;218;877;146;6124984;6812766;10666043;297701;11780397
FR;2;2022-08-09;29;51;279;1475;238;6125013;6812817;10666322;299176;11780635
FR;2;2022-08-10;15;21;213;1130;150;6125028;6812838;10666535;300306;11780785
FR;2;2022-08-11;21;41;174;1038;117;6125049;6812879;10666709;301344;11780902
FR;2;2022-08-12;36;49;184;1044;140;6125085;6812928;10666893;302388;11781042
FR;2;2022-08-13;9;19;47;149;53;6125094;6812947;10666940;302537;11781095
FR;2;2022-08-14;1;2;12;52;11;6125095;6812949;10666952;302589;11781106
FR;2;2022-08-15;0;5;32;22;21;6125095;6812954;10666984;302611;11781127
FR;2;2022-08-16;27;32;144;681;120;6125122;6812986;10667128;303292;11781247
FR;2;2022-08-17;17;26;109;738;88;6125139;6813012;10667237;304030;11781335
FR;2;2022-08-18;14;28;159;835;106;6125153;6813040;10667396;304865;11781441
FR;2;2022-08-19;8;38;117;705;86;6125161;6813078;10667513;305570;11781527
FR;2;2022-08-20;6;26;61;196;52;6125167;6813104;10667574;305766;11781579
FR;2;2022-08-21;4;14;15;19;13;6125171;6813118;10667589;305785;11781592
FR;2;2022-08-22;10;24;116;395;73;6125181;6813142;10667705;306180;11781665
FR;2;2022-08-23;11;41;134;671;112;6125192;6813183;10667839;306851;11781777
FR;2;2022-08-24;11;28;87;466;80;6125203;6813211;10667926;307317;11781857
FR;2;2022-08-25;8;32;109;481;69;6125211;6813243;10668035;307798;11781926
FR;2;2022-08-26;15;46;117;720;91;6125226;6813289;10668152;308518;11782017
FR;2;2022-08-27;10;19;47;156;42;6125236;6813308;10668199;308674;11782059
FR;2;2022-08-28;1;5;5;15;7;6125237;6813313;10668204;308689;11782066
FR;2;2022-08-29;24;43;93;400;87;6125261;6813356;10668297;309089;11782153
FR;2;2022-08-30;31;54;154;791;119;6125292;6813410;10668451;309880;11782272
FR;2;2022-08-31;19;35;85;392;79;6125311;6813445;10668536;310272;11782351
FR;2;2022-09-01;19;42;139;600;122;6125330;6813487;10668675;310872;11782473
FR;2;2022-09-02;34;56;146;744;158;6125364;6813543;10668821;311616;11782631
FR;2;2022-09-03;17;20;83;205;67;6125381;6813563;10668904;311821;11782698
FR;2;2022-09-04;8;5;9;31;10;6125389;6813568;10668913;311852;11782708
FR;2;2022-09-05;28;28;124;367;95;6125417;6813596;10669037;312219;11782803
FR;2;2022-09-06;43;62;158;761;153;6125460;6813658;10669195;312980;11782956
FR;2;2022-09-07;21;20;74;375;49;6125481;6813678;10669269;313355;11783005
FR;2;2022-09-08;31;57;109;636;100;6125512;6813735;10669378;313991;11783105
FR;2;2022-09-09;18;24;126;751;74;6125530;6813759;10669504;314742;11783179
FR;2;2022-09-10;14;24;57;117;48;6125544;6813783;10669561;314859;11783227
FR;2;2022-09-11;11;5;10;11;12;6125555;6813788;10669571;314870;11783239
FR;2;2022-09-12;20;30;69;340;55;6125575;6813818;10669640;315210;11783294
FR;2;2022-09-13;15;34;125;670;99;6125590;6813852;10669765;315880;11783393
FR;2;2022-09-14;19;21;81;480;59;6125609;6813873;10669846;316360;11783452
FR;2;2022-09-15;22;43;125;486;101;6125631;6813916;10669971;316846;11783553
FR;2;2022-09-16;21;30;122;563;89;6125652;6813946;10670093;317409;11783642
FR;2;2022-09-17;6;20;56;160;52;6125658;6813966;10670149;317569;11783694
FR;2;2022-09-18;4;7;13;37;10;6125662;6813973;10670162;317606;11783704
FR;2;2022-09-19;26;24;114;353;87;6125688;6813997;10670276;317959;11783791
FR;2;2022-09-20;27;27;117;624;84;6125715;6814024;10670393;318583;11783875
FR;2;2022-09-21;15;30;100;393;78;6125730;6814054;10670493;318976;11783953
FR;2;2022-09-22;16;39;122;581;94;6125746;6814093;10670615;319557;11784047
FR;2;2022-09-23;21;38;135;555;111;6125767;6814131;10670750;320112;11784158
FR;2;2022-09-24;10;8;51;190;36;6125777;6814139;10670801;320302;11784194
FR;2;2022-09-25;9;11;14;29;11;6125786;6814150;10670815;320331;11784205
FR;2;2022-09-26;21;40;103;447;79;6125807;6814190;10670918;320778;11784284
FR;2;2022-09-27;29;46;159;906;108;6125836;6814236;10671077;321684;11784392
FR;2;2022-09-28;15;31;93;421;74;6125851;6814267;10671170;322105;11784466
FR;2;2022-09-29;26;47;114;618;110;6125877;6814314;10671284;322723;11784576
FR;2;2022-09-30;24;44;111;520;84;6125901;6814358;10671395;323243;11784660
FR;2;2022-10-01;11;20;51;128;36;6125912;6814378;10671446;323371;11784696
FR;2;2022-10-02;0;5;8;21;5;6125912;6814383;10671454;323392;11784701
FR;2;2022-10-03;22;29;83;291;66;6125934;6814412;10671537;323683;11784767
FR;2;2022-10-04;17;21;105;600;71;6125951;6814433;10671642;324283;11784838
FR;2;2022-10-05;20;29;75;491;67;6125971;6814462;10671717;324774;11784905
FR;2;2022-10-06;30;23;74;442;71;6126001;6814485;10671791;325216;11784976
FR;2;2022-10-07;21;29;86;499;65;6126022;6814514;10671877;325715;11785041
FR;2;2022-10-08;12;8;23;114;24;6126034;6814522;10671900;325829;11785065
FR;2;2022-10-09;1;8;15;17;11;6126035;6814530;10671915;325846;11785076
FR;2;2022-10-10;18;24;46;223;49;6126053;6814554;10671961;326069;11785125
FR;2;2022-10-11;15;14;47;253;38;6126068;6814568;10672008;326322;11785163
FR;2;2022-10-12;8;17;52;290;36;6126076;6814585;10672060;326612;11785199
FR;2;2022-10-13;11;14;47;271;47;6126087;6814599;10672107;326883;11785246
FR;2;2022-10-14;11;26;34;228;38;6126098;6814625;10672141;327111;11785284
FR;2;2022-10-15;4;10;22;111;17;6126102;6814635;10672163;327222;11785301
FR;2;2022-10-16;0;5;4;10;6;6126102;6814640;10672167;327232;11785307
FR;2;2022-10-17;15;17;31;121;26;6126117;6814657;10672198;327353;11785333
FR;2;2022-10-18;13;11;68;181;34;6126130;6814668;10672266;327534;11785367
FR;2;2022-10-19;8;17;36;182;30;6126138;6814685;10672302;327716;11785397
FR;2;2022-10-20;11;29;40;200;39;6126149;6814714;10672342;327916;11785436
FR;2;2022-10-21;5;15;56;232;50;6126154;6814729;10672398;328148;11785486
FR;2;2022-10-22;8;7;25;101;23;6126162;6814736;10672423;328249;11785509
FR;2;2022-10-23;0;3;1;5;0;6126162;6814739;10672424;328254;11785509
FR;2;2022-10-24;12;12;16;109;16;6126174;6814751;10672440;328363;11785525
FR;2;2022-10-25;12;7;23;138;15;6126186;6814758;10672463;328501;11785540
FR;2;2022-10-26;4;3;15;85;9;6126190;6814761;10672478;328586;11785549
FR;2;2022-10-27;7;9;18;86;20;6126197;6814770;10672496;328672;11785569
FR;2;2022-10-28;5;3;15;91;7;6126202;6814773;10672511;328763;11785576
FR;2;2022-10-29;7;8;18;33;14;6126209;6814781;10672529;328796;11785590
FR;2;2022-10-30;3;7;5;8;2;6126212;6814788;10672534;328804;11785592
FR;2;2022-10-31;2;8;6;49;10;6126214;6814796;10672540;328853;11785602
FR;2;2022-11-01;0;0;6;1;4;6126214;6814796;10672546;328854;11785606
FR;2;2022-11-02;5;5;10;44;11;6126219;6814801;10672556;328898;11785617
FR;2;2022-11-03;6;7;15;77;10;6126225;6814808;10672571;328975;11785627
FR;2;2022-11-04;7;12;13;85;13;6126232;6814820;10672584;329060;11785640
FR;2;2022-11-05;0;11;10;37;14;6126232;6814831;10672594;329097;11785654
FR;2;2022-11-06;0;1;2;1;3;6126232;6814832;10672596;329098;11785657
FR;2;2022-11-07;10;7;14;64;13;6126242;6814839;10672610;329162;11785670
FR;2;2022-11-08;10;6;16;57;12;6126252;6814845;10672626;329219;11785682
FR;2;2022-11-09;3;5;17;56;17;6126255;6814850;10672643;329275;11785699
FR;2;2022-11-10;6;10;17;74;14;6126261;6814860;10672660;329349;11785713
FR;2;2022-11-11;0;3;6;3;7;6126261;6814863;10672666;329352;11785720
FR;2;2022-11-12;2;5;3;19;3;6126263;6814868;10672669;329371;11785723
FR;2;2022-11-13;2;2;1;1;2;6126265;6814870;10672670;329372;11785725
FR;2;2022-11-14;3;6;11;29;8;6126268;6814876;10672681;329401;11785733
FR;2;2022-11-15;5;12;11;32;14;6126273;6814888;10672692;329433;11785747
FR;2;2022-11-16;3;3;2;45;2;6126276;6814891;10672694;329478;11785749
FR;2;2022-11-17;2;6;7;46;4;6126278;6814897;10672701;329524;11785753
FR;2;2022-11-18;3;3;5;33;5;6126281;6814900;10672706;329557;11785758
FR;2;2022-11-19;2;2;0;24;1;6126283;6814902;10672706;329581;11785759
FR;2;2022-11-20;0;2;5;3;5;6126283;6814904;10672711;329584;11785764
FR;2;2022-11-21;6;6;6;29;7;6126289;6814910;10672717;329613;11785771
FR;2;2022-11-22;4;5;10;54;11;6126293;6814915;10672727;329667;11785782
FR;3;2020-12-27;0;0;0;0;0;0;0;0;0;0
FR;3;2020-12-28;0;0;0;0;0;0;0;0;0;0
FR;3;2020-12-29;0;0;0;0;0;0;0;0;0;0
FR;3;2020-12-30;0;0;0;0;0;0;0;0;0;0
FR;3;2020-12-31;0;0;0;0;0;0;0;0;0;0
FR;3;2021-01-01;0;0;0;0;0;0;0;0;0;0
FR;3;2021-01-02;0;0;0;0;0;0;0;0;0;0
FR;3;2021-01-03;0;0;0;0;0;0;0;0;0;0
FR;3;2021-01-04;0;0;0;0;0;0;0;0;0;0
FR;3;2021-01-05;0;0;0;0;0;0;0;0;0;0
FR;3;2021-01-06;0;0;0;0;0;0;0;0;0;0
FR;3;2021-01-07;0;0;0;0;0;0;0;0;0;0
FR;3;2021-01-08;0;0;0;0;0;0;0;0;0;0
FR;3;2021-01-09;0;0;0;0;0;0;0;0;0;0
FR;3;2021-01-10;0;0;0;0;0;0;0;0;0;0
FR;3;2021-01-11;0;0;0;0;0;0;0;0;0;0
FR;3;2021-01-12;0;0;0;0;0;0;0;0;0;0
FR;3;2021-01-13;0;0;0;0;0;0;0;0;0;0
FR;3;2021-01-14;0;0;0;0;0;0;0;0;0;0
FR;3;2021-01-15;0;0;0;0;0;0;0;0;0;0
FR;3;2021-01-16;0;0;0;0;0;0;0;0;0;0
FR;3;2021-01-17;0;0;0;0;0;0;0;0;0;0
FR;3;2021-01-18;0;0;0;0;0;0;0;0;0;0
FR;3;2021-01-19;0;0;0;0;0;0;0;0;0;0
FR;3;2021-01-20;0;0;0;0;0;0;0;0;0;0
FR;3;2021-01-21;0;0;0;0;0;0;0;0;0;0
FR;3;2021-01-22;0;0;0;0;0;0;0;0;0;0
FR;3;2021-01-23;0;0;0;0;0;0;0;0;0;0
FR;3;2021-01-24;0;0;0;0;0;0;0;0;0;0
FR;3;2021-01-25;0;0;0;0;0;0;0;0;0;0
FR;3;2021-01-26;0;0;0;0;0;0;0;0;0;0
FR;3;2021-01-27;0;0;0;0;0;0;0;0;0;0
FR;3;2021-01-28;0;0;0;0;0;0;0;0;0;0
FR;3;2021-01-29;0;0;0;0;0;0;0;0;0;0
FR;3;2021-01-30;0;0;0;0;0;0;0;0;0;0
FR;3;2021-01-31;0;0;0;0;0;0;0;0;0;0
FR;3;2021-02-01;0;0;0;0;0;0;0;0;0;0
FR;3;2021-02-02;0;0;0;0;0;0;0;0;0;0
FR;3;2021-02-03;0;0;0;0;0;0;0;0;0;0
FR;3;2021-02-04;0;0;0;0;0;0;0;0;0;0
FR;3;2021-02-05;0;0;0;0;0;0;0;0;0;0
FR;3;2021-02-06;1523;0;0;0;0;1523;0;0;0;0
FR;3;2021-02-07;1423;1;0;0;0;2946;1;0;0;0
FR;3;2021-02-08;2789;1;0;0;0;5735;2;0;0;0
FR;3;2021-02-09;6784;0;0;0;0;12519;2;0;0;0
FR;3;2021-02-10;9610;0;0;0;0;22129;2;0;0;0
FR;3;2021-02-11;13619;3;0;0;0;35748;5;0;0;0
FR;3;2021-02-12;13408;0;0;0;0;49156;5;0;0;0
FR;3;2021-02-13;3799;1;0;0;0;52955;6;0;0;0
FR;3;2021-02-14;975;1;0;0;0;53930;7;0;0;0
FR;3;2021-02-15;10495;2;0;0;0;64425;9;0;0;0
FR;3;2021-02-16;12554;5;0;0;0;76979;14;0;0;0
FR;3;2021-02-17;11158;1;0;0;0;88137;15;0;0;0
FR;3;2021-02-18;14943;2;0;0;0;103080;17;0;0;0
FR;3;2021-02-19;14365;1;0;0;0;117445;18;0;0;0
FR;3;2021-02-20;3330;0;0;0;0;120775;18;0;0;0
FR;3;2021-02-21;619;0;0;0;0;121394;18;0;0;0
FR;3;2021-02-22;9170;1;0;0;0;130564;19;0;0;0
FR;3;2021-02-23;11400;4;0;0;0;141964;23;0;0;0
FR;3;2021-02-24;14305;1;0;0;0;156269;24;0;0;0
FR;3;2021-02-25;44933;3;0;0;0;201202;27;0;0;0
FR;3;2021-02-26;61890;9;0;0;0;263092;36;0;0;0
FR;3;2021-02-27;34808;12;0;0;0;297900;48;0;0;0
FR;3;2021-02-28;2464;0;0;0;0;300364;48;0;0;0
FR;3;2021-03-01;20521;19;0;0;0;320885;67;0;0;0
FR;3;2021-03-02;38875;23;0;0;0;359760;90;0;0;0
FR;3;2021-03-03;48747;20;0;0;0;408507;110;0;0;0
FR;3;2021-03-04;82226;25;0;0;0;490733;135;0;0;0
FR;3;2021-03-05;118131;41;0;0;0;608864;176;0;0;0
FR;3;2021-03-06;120723;64;1;0;0;729587;240;1;0;0
FR;3;2021-03-07;55183;24;0;0;0;784770;264;1;0;0
FR;3;2021-03-08;42813;29;0;0;0;827583;293;1;0;0
FR;3;2021-03-09;78977;50;0;0;0;906560;343;1;0;0
FR;3;2021-03-10;80981;60;0;0;0;987541;403;1;0;0
FR;3;2021-03-11;128446;60;0;0;0;1115987;463;1;0;0
FR;3;2021-03-12;182722;118;0;0;0;1298709;581;1;0;0
FR;3;2021-03-13;132162;82;0;0;0;1430871;663;1;0;0
FR;3;2021-03-14;14057;5;0;0;0;1444928;668;1;0;0
FR;3;2021-03-15;52236;77;0;0;0;1497164;745;1;0;0
FR;3;2021-03-16;1217;46;0;0;0;1498381;791;1;0;0
FR;3;2021-03-17;950;52;0;0;0;1499331;843;1;0;0
FR;3;2021-03-18;1574;37;0;0;0;1500905;880;1;0;0
FR;3;2021-03-19;70456;53;0;0;0;1571361;933;1;0;0
FR;3;2021-03-20;65239;48;0;0;0;1636600;981;1;0;0
FR;3;2021-03-21;5761;8;0;0;0;1642361;989;1;0;0
FR;3;2021-03-22;37508;47;0;0;0;1679869;1036;1;0;0
FR;3;2021-03-23;84665;84;0;0;0;1764534;1120;1;0;0
FR;3;2021-03-24;90953;94;0;0;0;1855487;1214;1;0;0
FR;3;2021-03-25;150068;139;0;0;0;2005555;1353;1;0;0
FR;3;2021-03-26;165428;159;0;0;0;2170983;1512;1;0;0
FR;3;2021-03-27;68463;101;0;0;0;2239446;1613;1;0;0
FR;3;2021-03-28;6479;20;0;0;0;2245925;1633;1;0;0
FR;3;2021-03-29;54168;78;0;0;0;2300093;1711;1;0;0
FR;3;2021-03-30;93180;104;0;0;0;2393273;1815;1;0;0
FR;3;2021-03-31;63543;112;0;0;0;2456816;1927;1;0;0
FR;3;2021-04-01;86134;112;0;0;0;2542950;2039;1;0;0
FR;3;2021-04-02;86912;182;0;0;0;2629862;2221;1;0;0
FR;3;2021-04-03;35875;130;0;0;0;2665737;2351;1;0;0
FR;3;2021-04-04;3576;19;0;0;0;2669313;2370;1;0;0
FR;3;2021-04-05;4491;38;0;0;0;2673804;2408;1;0;0
FR;3;2021-04-06;29760;99;0;0;0;2703564;2507;1;0;0
FR;3;2021-04-07;32348;102;0;0;0;2735912;2609;1;0;0
FR;3;2021-04-08;78824;263;0;0;0;2814736;2872;1;0;0
FR;3;2021-04-09;161755;438;0;0;0;2976491;3310;1;0;0
FR;3;2021-04-10;75761;360;0;0;0;3052252;3670;1;0;0
FR;3;2021-04-11;7313;46;0;0;0;3059565;3716;1;0;0
FR;3;2021-04-12;51482;214;0;0;0;3111047;3930;1;0;0
FR;3;2021-04-13;86233;352;0;0;0;3197280;4282;1;0;0
FR;3;2021-04-14;67845;370;0;0;0;3265125;4652;1;0;0
FR;3;2021-04-15;93238;392;0;0;0;3358363;5044;1;0;0
FR;3;2021-04-16;112526;606;0;0;0;3470889;5650;1;0;0
FR;3;2021-04-17;53319;354;1;0;0;3524208;6004;2;0;0
FR;3;2021-04-18;9749;44;0;0;0;3533957;6048;2;0;0
FR;3;2021-04-19;25114;272;0;0;0;3559071;6320;2;0;0
FR;3;2021-04-20;45674;429;0;0;0;3604745;6749;2;0;0
FR;3;2021-04-21;38985;525;0;0;0;3643730;7274;2;0;0
FR;3;2021-04-22;54718;848;0;0;0;3698448;8122;2;0;0
FR;3;2021-04-23;70491;1075;0;0;0;3768939;9197;2;0;0
FR;3;2021-04-24;37250;1079;0;0;0;3806189;10276;2;0;0
FR;3;2021-04-25;6213;156;0;0;0;3812402;10432;2;0;0
FR;3;2021-04-26;19787;684;0;0;0;3832189;11116;2;0;0
FR;3;2021-04-27;34484;1303;0;0;0;3866673;12419;2;0;0
FR;3;2021-04-28;28967;2009;0;0;0;3895640;14428;2;0;0
FR;3;2021-04-29;45388;6076;0;0;0;3941028;20504;2;0;0
FR;3;2021-04-30;55465;9057;1;0;0;3996493;29561;3;0;0
FR;3;2021-05-01;9516;2041;0;0;0;4006009;31602;3;0;0
FR;3;2021-05-02;3078;477;0;0;0;4009087;32079;3;0;0
FR;3;2021-05-03;13063;3910;0;0;0;4022150;35989;3;0;0
FR;3;2021-05-04;23115;8425;0;0;0;4045265;44414;3;0;0
FR;3;2021-05-05;18760;10777;0;0;0;4064025;55191;3;0;0
FR;3;2021-05-06;34629;21161;0;0;0;4098654;76352;3;0;0
FR;3;2021-05-07;44208;28770;0;0;0;4142862;105122;3;0;0
FR;3;2021-05-08;6785;9194;0;0;0;4149647;114316;3;0;0
FR;3;2021-05-09;1796;2658;0;0;0;4151443;116974;3;0;0
FR;3;2021-05-10;15000;12846;0;0;0;4166443;129820;3;0;0
FR;3;2021-05-11;27100;26157;0;0;0;4193543;155977;3;0;0
FR;3;2021-05-12;17269;27993;0;0;0;4210812;183970;3;0;0
FR;3;2021-05-13;2285;3505;0;0;0;4213097;187475;3;0;0
FR;3;2021-05-14;14520;26010;0;0;0;4227617;213485;3;0;0
FR;3;2021-05-15;7233;21012;0;0;0;4234850;234497;3;0;0
FR;3;2021-05-16;977;2641;0;0;0;4235827;237138;3;0;0
FR;3;2021-05-17;7966;20121;0;0;0;4243793;257259;3;0;0
FR;3;2021-05-18;13416;30063;0;0;0;4257209;287322;3;0;0
FR;3;2021-05-19;9274;30784;0;0;0;4266483;318106;3;0;0
FR;3;2021-05-20;12806;53690;3;0;0;4279289;371796;6;0;0
FR;3;2021-05-21;12768;66057;2;0;0;4292057;437853;8;0;0
FR;3;2021-05-22;4963;33682;1;0;0;4297020;471535;9;0;0
FR;3;2021-05-23;651;2675;0;0;0;4297671;474210;9;0;0
FR;3;2021-05-24;883;4828;0;0;0;4298554;479038;9;0;0
FR;3;2021-05-25;5311;46376;1;0;0;4303865;525414;10;0;0
FR;3;2021-05-26;4979;51944;1;0;0;4308844;577358;11;0;0
FR;3;2021-05-27;6334;78842;3;0;0;4315178;656200;14;0;0
FR;3;2021-05-28;7544;100106;2;0;0;4322722;756306;16;0;0
FR;3;2021-05-29;3349;60972;1;0;0;4326071;817278;17;0;0
FR;3;2021-05-30;550;8116;0;0;0;4326621;825394;17;0;0
FR;3;2021-05-31;2441;35575;3;0;0;4329062;860969;20;0;0
FR;3;2021-06-01;3412;64842;10;0;0;4332474;925811;30;0;0
FR;3;2021-06-02;2734;58786;6;0;0;4335208;984597;36;0;0
FR;3;2021-06-03;3494;87224;10;0;0;4338702;1071821;46;0;0
FR;3;2021-06-04;4118;105716;22;0;0;4342820;1177537;68;0;0
FR;3;2021-06-05;1983;52514;4;0;0;4344803;1230051;72;0;0
FR;3;2021-06-06;510;5303;1;0;0;4345313;1235354;73;0;0
FR;3;2021-06-07;1484;30780;11;0;0;4346797;1266134;84;0;0
FR;3;2021-06-08;2062;47387;18;0;0;4348859;1313521;102;0;0
FR;3;2021-06-09;1794;41914;13;0;0;4350653;1355435;115;0;0
FR;3;2021-06-10;2254;67717;17;0;0;4352907;1423152;132;0;0
FR;3;2021-06-11;2484;96620;34;0;0;4355391;1519772;166;0;0
FR;3;2021-06-12;1177;40630;6;0;0;4356568;1560402;172;0;0
FR;3;2021-06-13;283;3646;3;0;0;4356851;1564048;175;0;0
FR;3;2021-06-14;1048;42363;17;0;0;4357899;1606411;192;0;0
FR;3;2021-06-15;1376;80428;20;0;0;4359275;1686839;212;0;0
FR;3;2021-06-16;1261;65521;20;0;0;4360536;1752360;232;0;0
FR;3;2021-06-17;1667;102174;41;0;0;4362203;1854534;273;0;0
FR;3;2021-06-18;1871;118347;63;0;0;4364074;1972881;336;0;0
FR;3;2021-06-19;803;39443;22;0;0;4364877;2012324;358;0;0
FR;3;2021-06-20;161;3228;0;0;0;4365038;2015552;358;0;0
FR;3;2021-06-21;773;39093;16;0;0;4365811;2054645;374;0;0
FR;3;2021-06-22;1065;70063;52;0;0;4366876;2124708;426;0;0
FR;3;2021-06-23;944;50827;39;0;0;4367820;2175535;465;0;0
FR;3;2021-06-24;1310;77259;48;0;0;4369130;2252794;513;0;0
FR;3;2021-06-25;1410;90665;73;0;0;4370540;2343459;586;0;0
FR;3;2021-06-26;631;33111;29;0;0;4371171;2376570;615;0;0
FR;3;2021-06-27;166;3814;1;0;0;4371337;2380384;616;0;0
FR;3;2021-06-28;655;30053;27;0;0;4371992;2410437;643;0;0
FR;3;2021-06-29;856;56514;95;0;0;4372848;2466951;738;0;0
FR;3;2021-06-30;905;45176;93;0;0;4373753;2512127;831;0;0
FR;3;2021-07-01;1164;66001;108;0;0;4374917;2578128;939;0;0
FR;3;2021-07-02;1305;90502;170;0;0;4376222;2668630;1109;0;0
FR;3;2021-07-03;602;31182;51;0;0;4376824;2699812;1160;0;0
FR;3;2021-07-04;144;4035;3;0;0;4376968;2703847;1163;0;0
FR;3;2021-07-05;612;33662;60;0;0;4377580;2737509;1223;0;0
FR;3;2021-07-06;963;55959;88;0;0;4378543;2793468;1311;0;0
FR;3;2021-07-07;872;42980;80;0;0;4379415;2836448;1391;0;0
FR;3;2021-07-08;1127;60771;99;0;0;4380542;2897219;1490;0;0
FR;3;2021-07-09;1261;68897;128;0;0;4381803;2966116;1618;0;0
FR;3;2021-07-10;643;25037;59;0;0;4382446;2991153;1677;0;0
FR;3;2021-07-11;132;3198;4;0;0;4382578;2994351;1681;0;0
FR;3;2021-07-12;662;23691;59;0;0;4383240;3018042;1740;0;0
FR;3;2021-07-13;1647;34523;90;0;0;4384887;3052565;1830;0;0
FR;3;2021-07-14;271;2496;2;0;0;4385158;3055061;1832;0;0
FR;3;2021-07-15;1940;30481;85;0;0;4387098;3085542;1917;0;0
FR;3;2021-07-16;2520;38706;122;0;0;4389618;3124248;2039;0;0
FR;3;2021-07-17;1051;13729;26;0;0;4390669;3137977;2065;0;0
FR;3;2021-07-18;266;2559;3;0;0;4390935;3140536;2068;0;0
FR;3;2021-07-19;1280;16945;38;0;0;4392215;3157481;2106;0;0
FR;3;2021-07-20;1823;26978;98;0;0;4394038;3184459;2204;0;0
FR;3;2021-07-21;1651;19550;44;0;0;4395689;3204009;2248;0;0
FR;3;2021-07-22;1856;27660;83;0;0;4397545;3231669;2331;0;0
FR;3;2021-07-23;2216;30273;117;0;0;4399761;3261942;2448;0;0
FR;3;2021-07-24;826;6953;25;0;0;4400587;3268895;2473;0;0
FR;3;2021-07-25;210;1300;1;0;0;4400797;3270195;2474;0;0
FR;3;2021-07-26;932;10548;28;0;0;4401729;3280743;2502;0;0
FR;3;2021-07-27;1169;16827;56;0;0;4402898;3297570;2558;0;0
FR;3;2021-07-28;989;12021;40;0;0;4403887;3309591;2598;0;0
FR;3;2021-07-29;1127;15728;63;0;0;4405014;3325319;2661;0;0
FR;3;2021-07-30;1128;18013;79;0;0;4406142;3343332;2740;0;0
FR;3;2021-07-31;406;3722;15;0;0;4406548;3347054;2755;0;0
FR;3;2021-08-01;117;455;1;0;0;4406665;3347509;2756;0;0
FR;3;2021-08-02;421;5047;22;0;0;4407086;3352556;2778;0;0
FR;3;2021-08-03;498;7495;27;0;0;4407584;3360051;2805;0;0
FR;3;2021-08-04;439;4847;26;0;0;4408023;3364898;2831;0;0
FR;3;2021-08-05;432;3666;13;0;0;4408455;3368564;2844;0;0
FR;3;2021-08-06;456;4712;30;0;0;4408911;3373276;2874;0;0
FR;3;2021-08-07;214;1899;11;0;0;4409125;3375175;2885;0;0
FR;3;2021-08-08;250;422;2;0;0;4409375;3375597;2887;0;0
FR;3;2021-08-09;318;2403;11;0;0;4409693;3378000;2898;0;0
FR;3;2021-08-10;368;3774;15;0;0;4410061;3381774;2913;0;0
FR;3;2021-08-11;291;2665;15;0;0;4410352;3384439;2928;0;0
FR;3;2021-08-12;279;2583;13;0;0;4410631;3387022;2941;0;0
FR;3;2021-08-13;278;2262;16;0;0;4410909;3389284;2957;0;0
FR;3;2021-08-14;172;886;1;0;0;4411081;3390170;2958;0;0
FR;3;2021-08-15;56;176;0;0;0;4411137;3390346;2958;0;0
FR;3;2021-08-16;124;1033;8;0;0;4411261;3391379;2966;0;0
FR;3;2021-08-17;190;1444;8;0;0;4411451;3392823;2974;0;0
FR;3;2021-08-18;204;1315;10;0;0;4411655;3394138;2984;0;0
FR;3;2021-08-19;165;1382;10;0;0;4411820;3395520;2994;0;0
FR;3;2021-08-20;167;1602;16;0;0;4411987;3397122;3010;0;0
FR;3;2021-08-21;93;583;2;0;0;4412080;3397705;3012;0;0
FR;3;2021-08-22;42;190;1;0;0;4412122;3397895;3013;0;0
FR;3;2021-08-23;141;897;7;0;0;4412263;3398792;3020;0;0
FR;3;2021-08-24;125;931;10;0;0;4412388;3399723;3030;0;0
FR;3;2021-08-25;137;824;3;0;0;4412525;3400547;3033;0;0
FR;3;2021-08-26;172;832;9;0;0;4412697;3401379;3042;0;0
FR;3;2021-08-27;178;940;9;0;0;4412875;3402319;3051;0;0
FR;3;2021-08-28;101;376;4;0;0;4412976;3402695;3055;0;0
FR;3;2021-08-29;128;129;1;0;0;4413104;3402824;3056;0;0
FR;3;2021-08-30;100;567;0;0;112;4413204;3403391;3056;0;112
FR;3;2021-08-31;134;692;7;0;140;4413338;3404083;3063;0;252
FR;3;2021-09-01;121;463;5;0;111;4413459;3404546;3068;0;363
FR;3;2021-09-02;100;605;22;0;105;4413559;3405151;3090;0;468
FR;3;2021-09-03;116;564;17;0;119;4413675;3405715;3107;0;587
FR;3;2021-09-04;55;296;3;0;52;4413730;3406011;3110;0;639
FR;3;2021-09-05;51;67;5;0;26;4413781;3406078;3115;0;665
FR;3;2021-09-06;118;370;4;0;132;4413899;3406448;3119;0;797
FR;3;2021-09-07;124;438;14;0;117;4414023;3406886;3133;0;914
FR;3;2021-09-08;121;348;2;0;91;4414144;3407234;3135;0;1005
FR;3;2021-09-09;94;381;8;0;103;4414238;3407615;3143;0;1108
FR;3;2021-09-10;101;403;3;0;95;4414339;3408018;3146;0;1203
FR;3;2021-09-11;78;233;4;0;65;4414417;3408251;3150;0;1268
FR;3;2021-09-12;37;48;1;0;16;4414454;3408299;3151;0;1284
FR;3;2021-09-13;75;306;7;0;102;4414529;3408605;3158;0;1386
FR;3;2021-09-14;75;275;6;0;96;4414604;3408880;3164;0;1482
FR;3;2021-09-15;63;255;3;0;6;4414667;3409135;3167;0;1488
FR;3;2021-09-16;65;322;6;0;6;4414732;3409457;3173;0;1494
FR;3;2021-09-17;52;329;3;0;7;4414784;3409786;3176;0;1501
FR;3;2021-09-18;37;173;1;0;1;4414821;3409959;3177;0;1502
FR;3;2021-09-19;29;31;2;0;1;4414850;3409990;3179;0;1503
FR;3;2021-09-20;81;194;0;0;1;4414931;3410184;3179;0;1504
FR;3;2021-09-21;60;275;6;0;7;4414991;3410459;3185;0;1511
FR;3;2021-09-22;65;232;6;0;7;4415056;3410691;3191;0;1518
FR;3;2021-09-23;37;261;11;0;7;4415093;3410952;3202;0;1525
FR;3;2021-09-24;28;320;12;0;18;4415121;3411272;3214;0;1543
FR;3;2021-09-25;31;143;3;0;3;4415152;3411415;3217;0;1546
FR;3;2021-09-26;16;58;1;0;1;4415168;3411473;3218;0;1547
FR;3;2021-09-27;48;289;3;0;5;4415216;3411762;3221;0;1552
FR;3;2021-09-28;49;246;6;0;8;4415265;3412008;3227;0;1560
FR;3;2021-09-29;38;220;10;0;15;4415303;3412228;3237;0;1575
FR;3;2021-09-30;40;203;8;0;10;4415343;3412431;3245;0;1585
FR;3;2021-10-01;23;161;6;0;8;4415366;3412592;3251;0;1593
FR;3;2021-10-02;17;84;0;0;0;4415383;3412676;3251;0;1593
FR;3;2021-10-03;19;18;1;0;2;4415402;3412694;3252;0;1595
FR;3;2021-10-04;33;158;4;0;4;4415435;3412852;3256;0;1599
FR;3;2021-10-05;17;150;10;0;12;4415452;3413002;3266;0;1611
FR;3;2021-10-06;33;144;8;0;9;4415485;3413146;3274;0;1620
FR;3;2021-10-07;19;136;6;0;6;4415504;3413282;3280;0;1626
FR;3;2021-10-08;25;139;10;0;9;4415529;3413421;3290;0;1635
FR;3;2021-10-09;16;73;1;0;1;4415545;3413494;3291;0;1636
FR;3;2021-10-10;13;17;2;0;3;4415558;3413511;3293;0;1639
FR;3;2021-10-11;17;117;4;0;5;4415575;3413628;3297;0;1644
FR;3;2021-10-12;21;103;5;0;5;4415596;3413731;3302;0;1649
FR;3;2021-10-13;25;115;9;0;7;4415621;3413846;3311;0;1656
FR;3;2021-10-14;19;145;3;0;4;4415640;3413991;3314;0;1660
FR;3;2021-10-15;23;141;8;0;12;4415663;3414132;3322;0;1672
FR;3;2021-10-16;13;70;6;0;8;4415676;3414202;3328;0;1680
FR;3;2021-10-17;12;26;0;0;0;4415688;3414228;3328;0;1680
FR;3;2021-10-18;18;113;2;0;2;4415706;3414341;3330;0;1682
FR;3;2021-10-19;18;113;19;0;21;4415724;3414454;3349;0;1703
FR;3;2021-10-20;26;127;6;0;7;4415750;3414581;3355;0;1710
FR;3;2021-10-21;28;127;17;0;13;4415778;3414708;3372;0;1723
FR;3;2021-10-22;24;108;18;0;21;4415802;3414816;3390;0;1744
FR;3;2021-10-23;17;54;3;0;2;4415819;3414870;3393;0;1746
FR;3;2021-10-24;7;36;0;0;0;4415826;3414906;3393;0;1746
FR;3;2021-10-25;26;142;7;0;7;4415852;3415048;3400;0;1753
FR;3;2021-10-26;25;97;22;0;19;4415877;3415145;3422;0;1772
FR;3;2021-10-27;18;96;9;0;9;4415895;3415241;3431;0;1781
FR;3;2021-10-28;23;116;33;0;36;4415918;3415357;3464;0;1817
FR;3;2021-10-29;12;102;64;0;54;4415930;3415459;3528;0;1871
FR;3;2021-10-30;11;63;11;1;10;4415941;3415522;3539;1;1881
FR;3;2021-10-31;8;25;1;0;1;4415949;3415547;3540;1;1882
FR;3;2021-11-01;11;22;2;0;1;4415960;3415569;3542;1;1883
FR;3;2021-11-02;11;101;10;0;12;4415971;3415670;3552;1;1895
FR;3;2021-11-03;20;109;10;0;10;4415991;3415779;3562;1;1905
FR;3;2021-11-04;20;91;5;0;4;4416011;3415870;3567;1;1909
FR;3;2021-11-05;19;122;9;1;6;4416030;3415992;3576;2;1915
FR;3;2021-11-06;11;58;3;0;3;4416041;3416050;3579;2;1918
FR;3;2021-11-07;6;22;1;0;1;4416047;3416072;3580;2;1919
FR;3;2021-11-08;11;130;7;0;5;4416058;3416202;3587;2;1924
FR;3;2021-11-09;15;126;6;0;6;4416073;3416328;3593;2;1930
FR;3;2021-11-10;14;149;14;0;15;4416087;3416477;3607;2;1945
FR;3;2021-11-11;11;50;3;0;3;4416098;3416527;3610;2;1948
FR;3;2021-11-12;15;129;6;0;4;4416113;3416656;3616;2;1952
FR;3;2021-11-13;7;67;9;0;10;4416120;3416723;3625;2;1962
FR;3;2021-11-14;3;24;1;0;1;4416123;3416747;3626;2;1963
FR;3;2021-11-15;5;166;10;0;11;4416128;3416913;3636;2;1974
FR;3;2021-11-16;9;130;11;0;10;4416137;3417043;3647;2;1984
FR;3;2021-11-17;8;140;11;0;8;4416145;3417183;3658;2;1992
FR;3;2021-11-18;15;139;10;0;11;4416160;3417322;3668;2;2003
FR;3;2021-11-19;12;189;22;0;27;4416172;3417511;3690;2;2030
FR;3;2021-11-20;6;103;6;0;6;4416178;3417614;3696;2;2036
FR;3;2021-11-21;3;25;4;0;4;4416181;3417639;3700;2;2040
FR;3;2021-11-22;11;194;11;0;11;4416192;3417833;3711;2;2051
FR;3;2021-11-23;9;191;15;0;14;4416201;3418024;3726;2;2065
FR;3;2021-11-24;9;196;9;0;17;4416210;3418220;3735;2;2082
FR;3;2021-11-25;12;213;11;0;11;4416222;3418433;3746;2;2093
FR;3;2021-11-26;9;277;35;0;33;4416231;3418710;3781;2;2126
FR;3;2021-11-27;8;137;20;0;21;4416239;3418847;3801;2;2147
FR;3;2021-11-28;3;60;7;0;7;4416242;3418907;3808;2;2154
FR;3;2021-11-29;5;242;21;0;22;4416247;3419149;3829;2;2176
FR;3;2021-11-30;7;318;29;0;32;4416254;3419467;3858;2;2208
FR;3;2021-12-01;30;350;37;0;39;4416284;3419817;3895;2;2247
FR;3;2021-12-02;9;372;33;0;36;4416293;3420189;3928;2;2283
FR;3;2021-12-03;5;402;37;0;38;4416298;3420591;3965;2;2321
FR;3;2021-12-04;3;226;26;0;28;4416301;3420817;3991;2;2349
FR;3;2021-12-05;1;65;5;0;5;4416302;3420882;3996;2;2354
FR;3;2021-12-06;6;389;14;0;15;4416308;3421271;4010;2;2369
FR;3;2021-12-07;6;451;20;0;24;4416314;3421722;4030;2;2393
FR;3;2021-12-08;8;412;29;0;30;4416322;3422134;4059;2;2423
FR;3;2021-12-09;3;472;17;0;22;4416325;3422606;4076;2;2445
FR;3;2021-12-10;10;484;29;0;25;4416335;3423090;4105;2;2470
FR;3;2021-12-11;4;315;10;0;9;4416339;3423405;4115;2;2479
FR;3;2021-12-12;1;103;3;0;3;4416340;3423508;4118;2;2482
FR;3;2021-12-13;2;466;19;0;21;4416342;3423974;4137;2;2503
FR;3;2021-12-14;8;590;18;0;21;4416350;3424564;4155;2;2524
FR;3;2021-12-15;9;572;17;0;21;4416359;3425136;4172;2;2545
FR;3;2021-12-16;10;578;19;0;18;4416369;3425714;4191;2;2563
FR;3;2021-12-17;5;654;18;0;19;4416374;3426368;4209;2;2582
FR;3;2021-12-18;4;367;4;0;5;4416378;3426735;4213;2;2587
FR;3;2021-12-19;3;193;2;0;2;4416381;3426928;4215;2;2589
FR;3;2021-12-20;9;609;23;0;28;4416390;3427537;4238;2;2617
FR;3;2021-12-21;3;697;10;0;13;4416393;3428234;4248;2;2630
FR;3;2021-12-22;10;649;9;0;10;4416403;3428883;4257;2;2640
FR;3;2021-12-23;3;575;8;0;8;4416406;3429458;4265;2;2648
FR;3;2021-12-24;2;243;3;0;6;4416408;3429701;4268;2;2654
FR;3;2021-12-25;0;25;0;0;0;4416408;3429726;4268;2;2654
FR;3;2021-12-26;0;92;1;0;1;4416408;3429818;4269;2;2655
FR;3;2021-12-27;7;484;17;0;20;4416415;3430302;4286;2;2675
FR;3;2021-12-28;3;608;6;0;5;4416418;3430910;4292;2;2680
FR;3;2021-12-29;4;519;14;0;16;4416422;3431429;4306;2;2696
FR;3;2021-12-30;3;541;7;0;10;4416425;3431970;4313;2;2706
FR;3;2021-12-31;0;189;5;0;7;4416425;3432159;4318;2;2713
FR;3;2022-01-01;0;26;0;0;2;4416425;3432185;4318;2;2715
FR;3;2022-01-02;0;80;0;0;0;4416425;3432265;4318;2;2715
FR;3;2022-01-03;3;518;17;0;21;4416428;3432783;4335;2;2736
FR;3;2022-01-04;6;560;9;0;8;4416434;3433343;4344;2;2744
FR;3;2022-01-05;5;510;10;0;14;4416439;3433853;4354;2;2758
FR;3;2022-01-06;6;489;9;0;10;4416445;3434342;4363;2;2768
FR;3;2022-01-07;2;513;11;0;13;4416447;3434855;4374;2;2781
FR;3;2022-01-08;4;261;4;0;5;4416451;3435116;4378;2;2786
FR;3;2022-01-09;0;117;0;0;0;4416451;3435233;4378;2;2786
FR;3;2022-01-10;2;445;12;0;12;4416453;3435678;4390;2;2798
FR;3;2022-01-11;3;474;1;0;1;4416456;3436152;4391;2;2799
FR;3;2022-01-12;2;411;9;0;10;4416458;3436563;4400;2;2809
FR;3;2022-01-13;3;395;11;0;12;4416461;3436958;4411;2;2821
FR;3;2022-01-14;4;437;10;0;13;4416465;3437395;4421;2;2834
FR;3;2022-01-15;0;284;2;0;3;4416465;3437679;4423;2;2837
FR;3;2022-01-16;1;109;1;0;1;4416466;3437788;4424;2;2838
FR;3;2022-01-17;2;330;8;0;9;4416468;3438118;4432;2;2847
FR;3;2022-01-18;2;373;1;0;2;4416470;3438491;4433;2;2849
FR;3;2022-01-19;2;330;5;0;10;4416472;3438821;4438;2;2859
FR;3;2022-01-20;1;356;5;0;3;4416473;3439177;4443;2;2862
FR;3;2022-01-21;4;347;5;0;7;4416477;3439524;4448;2;2869
FR;3;2022-01-22;2;227;1;0;2;4416479;3439751;4449;2;2871
FR;3;2022-01-23;0;78;0;0;1;4416479;3439829;4449;2;2872
FR;3;2022-01-24;2;325;1;0;6;4416481;3440154;4450;2;2878
FR;3;2022-01-25;0;177;0;0;0;4416481;3440331;4450;2;2878
FR;3;2022-01-26;0;77;0;0;0;4416481;3440408;4450;2;2878
FR;3;2022-01-27;0;54;0;0;0;4416481;3440462;4450;2;2878
FR;3;2022-01-28;0;119;0;0;0;4416481;3440581;4450;2;2878
FR;3;2022-01-29;0;99;0;0;0;4416481;3440680;4450;2;2878
FR;3;2022-01-30;0;51;0;0;0;4416481;3440731;4450;2;2878
FR;3;2022-01-31;0;92;0;0;0;4416481;3440823;4450;2;2878
FR;3;2022-02-01;0;99;0;0;1;4416481;3440922;4450;2;2879
FR;3;2022-02-02;0;86;0;0;0;4416481;3441008;4450;2;2879
FR;3;2022-02-03;0;95;0;0;0;4416481;3441103;4450;2;2879
FR;3;2022-02-04;0;115;0;0;0;4416481;3441218;4450;2;2879
FR;3;2022-02-05;0;71;0;0;0;4416481;3441289;4450;2;2879
FR;3;2022-02-06;0;11;0;0;0;4416481;3441300;4450;2;2879
FR;3;2022-02-07;0;77;0;0;0;4416481;3441377;4450;2;2879
FR;3;2022-02-08;0;0;0;0;0;4416481;3441377;4450;2;2879
FR;3;2022-02-09;0;0;0;0;0;4416481;3441377;4450;2;2879
FR;3;2022-02-10;0;0;0;0;0;4416481;3441377;4450;2;2879
FR;3;2022-02-11;0;0;0;0;0;4416481;3441377;4450;2;2879
FR;3;2022-02-12;0;0;0;0;0;4416481;3441377;4450;2;2879
FR;3;2022-02-13;0;0;0;0;0;4416481;3441377;4450;2;2879
FR;3;2022-02-14;0;0;0;0;0;4416481;3441377;4450;2;2879
FR;3;2022-02-15;0;0;0;0;0;4416481;3441377;4450;2;2879
FR;3;2022-02-16;0;0;0;0;0;4416481;3441377;4450;2;2879
FR;3;2022-02-17;0;0;0;0;0;4416481;3441377;4450;2;2879
FR;3;2022-02-18;0;0;0;0;0;4416481;3441377;4450;2;2879
FR;3;2022-02-19;0;0;0;0;0;4416481;3441377;4450;2;2879
FR;3;2022-02-20;0;0;0;0;0;4416481;3441377;4450;2;2879
FR;3;2022-02-21;2;0;0;0;0;4416483;3441377;4450;2;2879
FR;3;2022-02-22;0;0;0;0;0;4416483;3441377;4450;2;2879
FR;3;2022-02-23;0;0;0;0;0;4416483;3441377;4450;2;2879
FR;3;2022-02-24;0;0;0;0;0;4416483;3441377;4450;2;2879
FR;3;2022-02-25;0;0;0;0;0;4416483;3441377;4450;2;2879
FR;3;2022-02-26;0;0;0;0;0;4416483;3441377;4450;2;2879
FR;3;2022-02-27;0;0;0;0;0;4416483;3441377;4450;2;2879
FR;3;2022-02-28;1;0;0;0;0;4416484;3441377;4450;2;2879
FR;3;2022-03-01;1;0;0;0;0;4416485;3441377;4450;2;2879
FR;3;2022-03-02;0;0;0;0;0;4416485;3441377;4450;2;2879
FR;3;2022-03-03;0;0;0;0;0;4416485;3441377;4450;2;2879
FR;3;2022-03-04;0;0;0;0;0;4416485;3441377;4450;2;2879
FR;3;2022-03-05;0;0;0;0;0;4416485;3441377;4450;2;2879
FR;3;2022-03-06;1;0;0;0;0;4416486;3441377;4450;2;2879
FR;3;2022-03-07;0;0;0;0;0;4416486;3441377;4450;2;2879
FR;3;2022-03-08;1;0;0;0;0;4416487;3441377;4450;2;2879
FR;3;2022-03-09;0;0;0;0;0;4416487;3441377;4450;2;2879
FR;3;2022-03-10;0;0;0;0;0;4416487;3441377;4450;2;2879
FR;3;2022-03-11;0;0;0;0;0;4416487;3441377;4450;2;2879
FR;3;2022-03-12;0;0;0;0;0;4416487;3441377;4450;2;2879
FR;3;2022-03-13;0;0;0;0;0;4416487;3441377;4450;2;2879
FR;3;2022-03-14;0;0;0;0;0;4416487;3441377;4450;2;2879
FR;3;2022-03-15;0;0;0;0;0;4416487;3441377;4450;2;2879
FR;3;2022-03-16;0;0;0;0;0;4416487;3441377;4450;2;2879
FR;3;2022-03-17;0;0;0;0;0;4416487;3441377;4450;2;2879
FR;3;2022-03-18;0;0;0;0;0;4416487;3441377;4450;2;2879
FR;3;2022-03-19;0;0;0;0;0;4416487;3441377;4450;2;2879
FR;3;2022-03-20;1;0;0;0;0;4416488;3441377;4450;2;2879
FR;3;2022-03-21;0;0;0;0;0;4416488;3441377;4450;2;2879
FR;3;2022-03-22;0;0;0;0;0;4416488;3441377;4450;2;2879
FR;3;2022-03-23;1;0;0;0;0;4416489;3441377;4450;2;2879
FR;3;2022-03-24;0;0;0;0;0;4416489;3441377;4450;2;2879
FR;3;2022-03-25;1;0;0;0;0;4416490;3441377;4450;2;2879
FR;3;2022-03-26;0;0;0;0;0;4416490;3441377;4450;2;2879
FR;3;2022-03-27;0;0;0;0;0;4416490;3441377;4450;2;2879
FR;3;2022-03-28;0;0;0;0;0;4416490;3441377;4450;2;2879
FR;3;2022-03-29;0;0;0;0;0;4416490;3441377;4450;2;2879
FR;3;2022-03-30;0;0;0;0;0;4416490;3441377;4450;2;2879
FR;3;2022-03-31;0;0;0;0;0;4416490;3441377;4450;2;2879
FR;3;2022-04-01;0;0;0;0;0;4416490;3441377;4450;2;2879
FR;3;2022-04-02;0;0;0;0;0;4416490;3441377;4450;2;2879
FR;3;2022-04-03;0;0;0;0;0;4416490;3441377;4450;2;2879
FR;3;2022-04-04;0;0;0;0;0;4416490;3441377;4450;2;2879
FR;3;2022-04-05;0;0;0;0;0;4416490;3441377;4450;2;2879
FR;3;2022-04-06;0;0;0;0;0;4416490;3441377;4450;2;2879
FR;3;2022-04-07;0;0;0;0;0;4416490;3441377;4450;2;2879
FR;3;2022-04-08;0;0;0;0;0;4416490;3441377;4450;2;2879
FR;3;2022-04-09;0;0;0;0;0;4416490;3441377;4450;2;2879
FR;3;2022-04-10;0;0;0;0;0;4416490;3441377;4450;2;2879
FR;3;2022-04-11;0;0;0;0;0;4416490;3441377;4450;2;2879
FR;3;2022-04-12;0;0;0;0;0;4416490;3441377;4450;2;2879
FR;3;2022-04-13;0;0;0;0;0;4416490;3441377;4450;2;2879
FR;3;2022-04-14;0;0;0;0;0;4416490;3441377;4450;2;2879
FR;3;2022-04-15;1;0;0;0;0;4416491;3441377;4450;2;2879
FR;3;2022-04-16;0;0;0;0;0;4416491;3441377;4450;2;2879
FR;3;2022-04-17;0;0;0;0;0;4416491;3441377;4450;2;2879
FR;3;2022-04-18;0;0;0;0;0;4416491;3441377;4450;2;2879
FR;3;2022-04-19;0;0;0;0;0;4416491;3441377;4450;2;2879
FR;3;2022-04-20;0;0;0;0;0;4416491;3441377;4450;2;2879
FR;3;2022-04-21;0;0;0;0;0;4416491;3441377;4450;2;2879
FR;3;2022-04-22;0;0;0;0;0;4416491;3441377;4450;2;2879
FR;3;2022-04-23;0;0;0;0;0;4416491;3441377;4450;2;2879
FR;3;2022-04-24;0;0;0;0;0;4416491;3441377;4450;2;2879
FR;3;2022-04-25;0;0;0;0;0;4416491;3441377;4450;2;2879
FR;3;2022-04-26;0;0;0;0;0;4416491;3441377;4450;2;2879
FR;3;2022-04-27;0;0;0;0;0;4416491;3441377;4450;2;2879
FR;3;2022-04-28;0;0;0;0;0;4416491;3441377;4450;2;2879
FR;3;2022-04-29;0;0;0;0;0;4416491;3441377;4450;2;2879
FR;3;2022-04-30;0;0;0;0;0;4416491;3441377;4450;2;2879
FR;3;2022-05-01;0;0;0;0;0;4416491;3441377;4450;2;2879
FR;3;2022-05-02;0;0;0;0;0;4416491;3441377;4450;2;2879
FR;3;2022-05-03;0;0;0;0;0;4416491;3441377;4450;2;2879
FR;3;2022-05-04;0;0;0;0;0;4416491;3441377;4450;2;2879
FR;3;2022-05-05;0;0;0;0;0;4416491;3441377;4450;2;2879
FR;3;2022-05-06;0;0;0;0;0;4416491;3441377;4450;2;2879
FR;3;2022-05-07;0;0;0;0;0;4416491;3441377;4450;2;2879
FR;3;2022-05-08;0;0;0;0;0;4416491;3441377;4450;2;2879
FR;3;2022-05-09;0;0;0;0;0;4416491;3441377;4450;2;2879
FR;3;2022-05-10;0;0;0;0;0;4416491;3441377;4450;2;2879
FR;3;2022-05-11;0;0;0;0;0;4416491;3441377;4450;2;2879
FR;3;2022-05-12;0;0;0;0;0;4416491;3441377;4450;2;2879
FR;3;2022-05-13;0;0;0;0;0;4416491;3441377;4450;2;2879
FR;3;2022-05-14;1;0;0;0;0;4416492;3441377;4450;2;2879
FR;3;2022-05-15;0;0;0;0;0;4416492;3441377;4450;2;2879
FR;3;2022-05-16;0;0;0;0;0;4416492;3441377;4450;2;2879
FR;3;2022-05-17;0;0;0;0;0;4416492;3441377;4450;2;2879
FR;3;2022-05-18;0;0;0;0;0;4416492;3441377;4450;2;2879
FR;3;2022-05-19;0;0;0;0;0;4416492;3441377;4450;2;2879
FR;3;2022-05-20;0;0;0;0;0;4416492;3441377;4450;2;2879
FR;3;2022-05-21;0;0;0;0;0;4416492;3441377;4450;2;2879
FR;3;2022-05-22;0;0;0;0;0;4416492;3441377;4450;2;2879
FR;3;2022-05-23;0;0;0;0;0;4416492;3441377;4450;2;2879
FR;3;2022-05-24;0;0;0;0;0;4416492;3441377;4450;2;2879
FR;3;2022-05-25;0;0;0;0;0;4416492;3441377;4450;2;2879
FR;3;2022-05-26;0;0;0;0;0;4416492;3441377;4450;2;2879
FR;3;2022-05-27;0;0;0;0;0;4416492;3441377;4450;2;2879
FR;3;2022-05-28;0;0;0;0;0;4416492;3441377;4450;2;2879
FR;3;2022-05-29;0;0;0;0;0;4416492;3441377;4450;2;2879
FR;3;2022-05-30;0;0;0;0;0;4416492;3441377;4450;2;2879
FR;3;2022-05-31;0;0;0;0;0;4416492;3441377;4450;2;2879
FR;3;2022-06-01;0;0;0;0;0;4416492;3441377;4450;2;2879
FR;3;2022-06-02;0;0;0;0;0;4416492;3441377;4450;2;2879
FR;3;2022-06-03;0;0;0;0;0;4416492;3441377;4450;2;2879
FR;3;2022-06-04;0;0;0;0;0;4416492;3441377;4450;2;2879
FR;3;2022-06-05;0;0;0;0;0;4416492;3441377;4450;2;2879
FR;3;2022-06-06;0;0;0;0;0;4416492;3441377;4450;2;2879
FR;3;2022-06-07;0;0;0;0;0;4416492;3441377;4450;2;2879
FR;3;2022-06-08;0;0;0;0;0;4416492;3441377;4450;2;2879
FR;3;2022-06-09;0;0;0;0;0;4416492;3441377;4450;2;2879
FR;3;2022-06-10;0;0;0;0;0;4416492;3441377;4450;2;2879
FR;3;2022-06-11;0;0;0;0;0;4416492;3441377;4450;2;2879
FR;3;2022-06-12;0;0;0;0;0;4416492;3441377;4450;2;2879
FR;3;2022-06-13;1;0;0;0;0;4416493;3441377;4450;2;2879
FR;3;2022-06-14;0;0;0;0;0;4416493;3441377;4450;2;2879
FR;3;2022-06-15;0;0;0;0;0;4416493;3441377;4450;2;2879
FR;3;2022-06-16;0;0;0;0;0;4416493;3441377;4450;2;2879
FR;3;2022-06-17;0;0;0;0;0;4416493;3441377;4450;2;2879
FR;3;2022-06-18;0;0;0;0;0;4416493;3441377;4450;2;2879
FR;3;2022-06-19;0;0;0;0;0;4416493;3441377;4450;2;2879
FR;3;2022-06-20;0;0;0;0;0;4416493;3441377;4450;2;2879
FR;3;2022-06-21;0;0;0;0;0;4416493;3441377;4450;2;2879
FR;3;2022-06-22;0;0;0;0;0;4416493;3441377;4450;2;2879
FR;3;2022-06-23;0;0;0;0;0;4416493;3441377;4450;2;2879
FR;3;2022-06-24;0;0;0;0;0;4416493;3441377;4450;2;2879
FR;3;2022-06-25;0;0;0;0;0;4416493;3441377;4450;2;2879
FR;3;2022-06-26;0;0;0;0;0;4416493;3441377;4450;2;2879
FR;3;2022-06-27;0;0;0;0;0;4416493;3441377;4450;2;2879
FR;3;2022-06-28;0;0;0;0;0;4416493;3441377;4450;2;2879
FR;3;2022-06-29;1;0;0;0;0;4416494;3441377;4450;2;2879
FR;3;2022-06-30;0;0;0;0;0;4416494;3441377;4450;2;2879
FR;3;2022-07-01;0;0;0;0;0;4416494;3441377;4450;2;2879
FR;3;2022-07-02;0;0;0;0;0;4416494;3441377;4450;2;2879
FR;3;2022-07-03;0;0;0;0;0;4416494;3441377;4450;2;2879
FR;3;2022-07-04;0;0;0;0;0;4416494;3441377;4450;2;2879
FR;3;2022-07-05;0;0;0;0;0;4416494;3441377;4450;2;2879
FR;3;2022-07-06;0;0;0;0;0;4416494;3441377;4450;2;2879
FR;3;2022-07-07;0;0;0;0;0;4416494;3441377;4450;2;2879
FR;3;2022-07-08;0;0;0;0;0;4416494;3441377;4450;2;2879
FR;3;2022-07-09;0;0;0;0;0;4416494;3441377;4450;2;2879
FR;3;2022-07-10;0;0;0;0;0;4416494;3441377;4450;2;2879
FR;3;2022-07-11;0;0;0;0;0;4416494;3441377;4450;2;2879
FR;3;2022-07-12;0;0;0;0;0;4416494;3441377;4450;2;2879
FR;3;2022-07-13;0;0;0;0;0;4416494;3441377;4450;2;2879
FR;3;2022-07-14;0;0;0;0;0;4416494;3441377;4450;2;2879
FR;3;2022-07-15;0;0;0;0;0;4416494;3441377;4450;2;2879
FR;3;2022-07-16;0;0;0;0;0;4416494;3441377;4450;2;2879
FR;3;2022-07-17;0;0;0;0;0;4416494;3441377;4450;2;2879
FR;3;2022-07-18;0;0;0;0;0;4416494;3441377;4450;2;2879
FR;3;2022-07-19;0;0;0;0;0;4416494;3441377;4450;2;2879
FR;3;2022-07-20;0;0;0;0;0;4416494;3441377;4450;2;2879
FR;3;2022-07-21;0;0;0;0;0;4416494;3441377;4450;2;2879
FR;3;2022-07-22;0;0;0;0;0;4416494;3441377;4450;2;2879
FR;3;2022-07-23;0;0;0;0;0;4416494;3441377;4450;2;2879
FR;3;2022-07-24;0;0;0;0;0;4416494;3441377;4450;2;2879
FR;3;2022-07-25;0;0;0;0;0;4416494;3441377;4450;2;2879
FR;3;2022-07-26;0;0;0;0;0;4416494;3441377;4450;2;2879
FR;3;2022-07-27;0;0;0;0;0;4416494;3441377;4450;2;2879
FR;3;2022-07-28;0;0;0;0;0;4416494;3441377;4450;2;2879
FR;3;2022-07-29;0;0;0;0;0;4416494;3441377;4450;2;2879
FR;3;2022-07-30;0;0;0;0;0;4416494;3441377;4450;2;2879
FR;3;2022-07-31;0;0;0;0;0;4416494;3441377;4450;2;2879
FR;3;2022-08-01;0;0;0;0;0;4416494;3441377;4450;2;2879
FR;3;2022-08-02;0;0;0;0;0;4416494;3441377;4450;2;2879
FR;3;2022-08-03;0;0;0;0;0;4416494;3441377;4450;2;2879
FR;3;2022-08-04;0;0;0;0;0;4416494;3441377;4450;2;2879
FR;3;2022-08-05;0;0;0;0;0;4416494;3441377;4450;2;2879
FR;3;2022-08-06;0;0;0;0;0;4416494;3441377;4450;2;2879
FR;3;2022-08-07;0;0;0;0;0;4416494;3441377;4450;2;2879
FR;3;2022-08-08;0;0;0;0;0;4416494;3441377;4450;2;2879
FR;3;2022-08-09;0;0;0;0;0;4416494;3441377;4450;2;2879
FR;3;2022-08-10;0;0;0;0;0;4416494;3441377;4450;2;2879
FR;3;2022-08-11;0;0;0;0;0;4416494;3441377;4450;2;2879
FR;3;2022-08-12;0;0;0;0;0;4416494;3441377;4450;2;2879
FR;3;2022-08-13;0;0;0;0;0;4416494;3441377;4450;2;2879
FR;3;2022-08-14;0;0;0;0;0;4416494;3441377;4450;2;2879
FR;3;2022-08-15;0;0;0;0;0;4416494;3441377;4450;2;2879
FR;3;2022-08-16;0;0;0;0;0;4416494;3441377;4450;2;2879
FR;3;2022-08-17;0;0;0;0;0;4416494;3441377;4450;2;2879
FR;3;2022-08-18;0;0;0;0;0;4416494;3441377;4450;2;2879
FR;3;2022-08-19;0;0;0;0;0;4416494;3441377;4450;2;2879
FR;3;2022-08-20;0;0;0;0;0;4416494;3441377;4450;2;2879
FR;3;2022-08-21;0;0;0;0;0;4416494;3441377;4450;2;2879
FR;3;2022-08-22;0;0;0;0;0;4416494;3441377;4450;2;2879
FR;3;2022-08-23;0;0;0;0;0;4416494;3441377;4450;2;2879
FR;3;2022-08-24;0;0;0;0;0;4416494;3441377;4450;2;2879
FR;3;2022-08-25;0;0;0;0;0;4416494;3441377;4450;2;2879
FR;3;2022-08-26;0;0;0;0;0;4416494;3441377;4450;2;2879
FR;3;2022-08-27;0;0;0;0;0;4416494;3441377;4450;2;2879
FR;3;2022-08-28;0;0;0;0;0;4416494;3441377;4450;2;2879
FR;3;2022-08-29;0;0;0;0;0;4416494;3441377;4450;2;2879
FR;3;2022-08-30;0;0;0;0;0;4416494;3441377;4450;2;2879
FR;3;2022-08-31;0;0;0;0;0;4416494;3441377;4450;2;2879
FR;3;2022-09-01;0;0;0;0;0;4416494;3441377;4450;2;2879
FR;3;2022-09-02;0;0;0;0;0;4416494;3441377;4450;2;2879
FR;3;2022-09-03;0;0;0;0;0;4416494;3441377;4450;2;2879
FR;3;2022-09-04;0;0;0;0;0;4416494;3441377;4450;2;2879
FR;3;2022-09-05;0;0;0;0;0;4416494;3441377;4450;2;2879
FR;3;2022-09-06;0;0;0;0;0;4416494;3441377;4450;2;2879
FR;3;2022-09-07;0;0;0;0;0;4416494;3441377;4450;2;2879
FR;3;2022-09-08;0;0;0;0;0;4416494;3441377;4450;2;2879
FR;3;2022-09-09;0;0;0;0;0;4416494;3441377;4450;2;2879
FR;3;2022-09-10;0;0;0;0;0;4416494;3441377;4450;2;2879
FR;3;2022-09-11;0;0;0;0;0;4416494;3441377;4450;2;2879
FR;3;2022-09-12;0;0;0;0;0;4416494;3441377;4450;2;2879
FR;3;2022-09-13;0;0;0;0;0;4416494;3441377;4450;2;2879
FR;3;2022-09-14;0;0;0;0;0;4416494;3441377;4450;2;2879
FR;3;2022-09-15;0;0;0;0;0;4416494;3441377;4450;2;2879
FR;3;2022-09-16;0;0;0;0;0;4416494;3441377;4450;2;2879
FR;3;2022-09-17;0;0;0;0;0;4416494;3441377;4450;2;2879
FR;3;2022-09-18;0;0;0;0;0;4416494;3441377;4450;2;2879
FR;3;2022-09-19;0;0;0;0;0;4416494;3441377;4450;2;2879
FR;3;2022-09-20;0;0;0;0;0;4416494;3441377;4450;2;2879
FR;3;2022-09-21;0;0;0;0;0;4416494;3441377;4450;2;2879
FR;3;2022-09-22;0;0;0;0;0;4416494;3441377;4450;2;2879
FR;3;2022-09-23;0;0;0;0;0;4416494;3441377;4450;2;2879
FR;3;2022-09-24;0;0;0;0;0;4416494;3441377;4450;2;2879
FR;3;2022-09-25;0;0;0;0;0;4416494;3441377;4450;2;2879
FR;3;2022-09-26;0;0;0;0;0;4416494;3441377;4450;2;2879
FR;3;2022-09-27;0;0;0;0;0;4416494;3441377;4450;2;2879
FR;3;2022-09-28;0;0;0;0;0;4416494;3441377;4450;2;2879
FR;3;2022-09-29;0;0;0;0;0;4416494;3441377;4450;2;2879
FR;3;2022-09-30;0;0;0;0;0;4416494;3441377;4450;2;2879
FR;3;2022-10-01;0;0;0;0;0;4416494;3441377;4450;2;2879
FR;3;2022-10-02;0;0;0;0;0;4416494;3441377;4450;2;2879
FR;3;2022-10-03;0;0;0;0;0;4416494;3441377;4450;2;2879
FR;3;2022-10-04;0;0;0;0;0;4416494;3441377;4450;2;2879
FR;3;2022-10-05;0;0;0;0;0;4416494;3441377;4450;2;2879
FR;3;2022-10-06;0;0;0;0;0;4416494;3441377;4450;2;2879
FR;3;2022-10-07;0;0;0;0;0;4416494;3441377;4450;2;2879
FR;3;2022-10-08;0;0;0;0;0;4416494;3441377;4450;2;2879
FR;3;2022-10-09;0;0;0;0;0;4416494;3441377;4450;2;2879
FR;3;2022-10-10;0;0;0;0;0;4416494;3441377;4450;2;2879
FR;3;2022-10-11;0;0;0;0;0;4416494;3441377;4450;2;2879
FR;3;2022-10-12;0;0;0;0;0;4416494;3441377;4450;2;2879
FR;3;2022-10-13;0;0;0;0;0;4416494;3441377;4450;2;2879
FR;3;2022-10-14;0;0;0;0;0;4416494;3441377;4450;2;2879
FR;3;2022-10-15;0;0;0;0;0;4416494;3441377;4450;2;2879
FR;3;2022-10-16;0;0;0;0;0;4416494;3441377;4450;2;2879
FR;3;2022-10-17;0;0;0;0;0;4416494;3441377;4450;2;2879
FR;3;2022-10-18;0;0;0;0;0;4416494;3441377;4450;2;2879
FR;3;2022-10-19;0;0;0;0;0;4416494;3441377;4450;2;2879
FR;3;2022-10-20;0;0;0;0;0;4416494;3441377;4450;2;2879
FR;3;2022-10-21;0;0;0;0;0;4416494;3441377;4450;2;2879
FR;3;2022-10-22;0;0;0;0;0;4416494;3441377;4450;2;2879
FR;3;2022-10-23;0;0;0;0;0;4416494;3441377;4450;2;2879
FR;3;2022-10-24;0;0;0;0;0;4416494;3441377;4450;2;2879
FR;3;2022-10-25;0;0;0;0;0;4416494;3441377;4450;2;2879
FR;3;2022-10-26;0;0;0;0;0;4416494;3441377;4450;2;2879
FR;3;2022-10-27;0;0;0;0;0;4416494;3441377;4450;2;2879
FR;3;2022-10-28;0;0;0;0;0;4416494;3441377;4450;2;2879
FR;3;2022-10-29;0;0;0;0;0;4416494;3441377;4450;2;2879
FR;3;2022-10-30;0;0;0;0;0;4416494;3441377;4450;2;2879
FR;3;2022-10-31;0;0;0;0;0;4416494;3441377;4450;2;2879
FR;3;2022-11-01;0;0;0;0;0;4416494;3441377;4450;2;2879
FR;3;2022-11-02;0;0;0;0;0;4416494;3441377;4450;2;2879
FR;3;2022-11-03;0;0;0;0;0;4416494;3441377;4450;2;2879
FR;3;2022-11-04;0;0;0;0;0;4416494;3441377;4450;2;2879
FR;3;2022-11-05;0;0;0;0;0;4416494;3441377;4450;2;2879
FR;3;2022-11-06;0;0;0;0;0;4416494;3441377;4450;2;2879
FR;3;2022-11-07;0;0;0;0;0;4416494;3441377;4450;2;2879
FR;3;2022-11-08;1;0;0;0;0;4416495;3441377;4450;2;2879
FR;3;2022-11-09;0;0;0;0;0;4416495;3441377;4450;2;2879
FR;3;2022-11-10;0;0;0;0;0;4416495;3441377;4450;2;2879
FR;3;2022-11-11;0;0;0;0;0;4416495;3441377;4450;2;2879
FR;3;2022-11-12;0;0;0;0;0;4416495;3441377;4450;2;2879
FR;3;2022-11-13;0;0;0;0;0;4416495;3441377;4450;2;2879
FR;3;2022-11-14;0;0;0;0;0;4416495;3441377;4450;2;2879
FR;3;2022-11-15;0;0;0;0;0;4416495;3441377;4450;2;2879
FR;3;2022-11-16;0;0;0;0;0;4416495;3441377;4450;2;2879
FR;3;2022-11-17;0;0;0;0;0;4416495;3441377;4450;2;2879
FR;3;2022-11-18;0;0;0;0;0;4416495;3441377;4450;2;2879
FR;3;2022-11-19;0;0;0;0;0;4416495;3441377;4450;2;2879
FR;3;2022-11-20;0;0;0;0;0;4416495;3441377;4450;2;2879
FR;3;2022-11-21;0;0;0;0;0;4416495;3441377;4450;2;2879
FR;3;2022-11-22;0;0;0;0;0;4416495;3441377;4450;2;2879
FR;4;2020-12-27;0;0;0;0;0;0;0;0;0;0
FR;4;2020-12-28;0;0;0;0;0;0;0;0;0;0
FR;4;2020-12-29;0;0;0;0;0;0;0;0;0;0
FR;4;2020-12-30;0;0;0;0;0;0;0;0;0;0
FR;4;2020-12-31;0;0;0;0;0;0;0;0;0;0
FR;4;2021-01-01;0;0;0;0;0;0;0;0;0;0
FR;4;2021-01-02;0;0;0;0;0;0;0;0;0;0
FR;4;2021-01-03;0;0;0;0;0;0;0;0;0;0
FR;4;2021-01-04;0;0;0;0;0;0;0;0;0;0
FR;4;2021-01-05;0;0;0;0;0;0;0;0;0;0
FR;4;2021-01-06;0;0;0;0;0;0;0;0;0;0
FR;4;2021-01-07;0;0;0;0;0;0;0;0;0;0
FR;4;2021-01-08;0;0;0;0;0;0;0;0;0;0
FR;4;2021-01-09;0;0;0;0;0;0;0;0;0;0
FR;4;2021-01-10;0;0;0;0;0;0;0;0;0;0
FR;4;2021-01-11;0;0;0;0;0;0;0;0;0;0
FR;4;2021-01-12;0;0;0;0;0;0;0;0;0;0
FR;4;2021-01-13;0;0;0;0;0;0;0;0;0;0
FR;4;2021-01-14;0;0;0;0;0;0;0;0;0;0
FR;4;2021-01-15;0;0;0;0;0;0;0;0;0;0
FR;4;2021-01-16;0;0;0;0;0;0;0;0;0;0
FR;4;2021-01-17;0;0;0;0;0;0;0;0;0;0
FR;4;2021-01-18;0;0;0;0;0;0;0;0;0;0
FR;4;2021-01-19;0;0;0;0;0;0;0;0;0;0
FR;4;2021-01-20;0;0;0;0;0;0;0;0;0;0
FR;4;2021-01-21;0;0;0;0;0;0;0;0;0;0
FR;4;2021-01-22;0;0;0;0;0;0;0;0;0;0
FR;4;2021-01-23;0;0;0;0;0;0;0;0;0;0
FR;4;2021-01-24;0;0;0;0;0;0;0;0;0;0
FR;4;2021-01-25;0;0;0;0;0;0;0;0;0;0
FR;4;2021-01-26;0;0;0;0;0;0;0;0;0;0
FR;4;2021-01-27;0;0;0;0;0;0;0;0;0;0
FR;4;2021-01-28;0;0;0;0;0;0;0;0;0;0
FR;4;2021-01-29;0;0;0;0;0;0;0;0;0;0
FR;4;2021-01-30;0;0;0;0;0;0;0;0;0;0
FR;4;2021-01-31;0;0;0;0;0;0;0;0;0;0
FR;4;2021-02-01;0;0;0;0;0;0;0;0;0;0
FR;4;2021-02-02;0;0;0;0;0;0;0;0;0;0
FR;4;2021-02-03;0;0;0;0;0;0;0;0;0;0
FR;4;2021-02-04;0;0;0;0;0;0;0;0;0;0
FR;4;2021-02-05;0;0;0;0;0;0;0;0;0;0
FR;4;2021-02-06;0;0;0;0;0;0;0;0;0;0
FR;4;2021-02-07;0;0;0;0;0;0;0;0;0;0
FR;4;2021-02-08;0;0;0;0;0;0;0;0;0;0
FR;4;2021-02-09;0;0;0;0;0;0;0;0;0;0
FR;4;2021-02-10;0;0;0;0;0;0;0;0;0;0
FR;4;2021-02-11;0;0;0;0;0;0;0;0;0;0
FR;4;2021-02-12;0;0;0;0;0;0;0;0;0;0
FR;4;2021-02-13;0;0;0;0;0;0;0;0;0;0
FR;4;2021-02-14;0;0;0;0;0;0;0;0;0;0
FR;4;2021-02-15;0;0;0;0;0;0;0;0;0;0
FR;4;2021-02-16;0;0;0;0;0;0;0;0;0;0
FR;4;2021-02-17;0;0;0;0;0;0;0;0;0;0
FR;4;2021-02-18;0;0;0;0;0;0;0;0;0;0
FR;4;2021-02-19;0;0;0;0;0;0;0;0;0;0
FR;4;2021-02-20;0;0;0;0;0;0;0;0;0;0
FR;4;2021-02-21;0;0;0;0;0;0;0;0;0;0
FR;4;2021-02-22;0;0;0;0;0;0;0;0;0;0
FR;4;2021-02-23;0;0;0;0;0;0;0;0;0;0
FR;4;2021-02-24;0;0;0;0;0;0;0;0;0;0
FR;4;2021-02-25;0;0;0;0;0;0;0;0;0;0
FR;4;2021-02-26;0;0;0;0;0;0;0;0;0;0
FR;4;2021-02-27;0;0;0;0;0;0;0;0;0;0
FR;4;2021-02-28;0;0;0;0;0;0;0;0;0;0
FR;4;2021-03-01;0;0;0;0;0;0;0;0;0;0
FR;4;2021-03-02;0;0;0;0;0;0;0;0;0;0
FR;4;2021-03-03;0;0;0;0;0;0;0;0;0;0
FR;4;2021-03-04;0;0;0;0;0;0;0;0;0;0
FR;4;2021-03-05;0;0;0;0;0;0;0;0;0;0
FR;4;2021-03-06;0;0;0;0;0;0;0;0;0;0
FR;4;2021-03-07;0;0;0;0;0;0;0;0;0;0
FR;4;2021-03-08;0;0;0;0;0;0;0;0;0;0
FR;4;2021-03-09;0;0;0;0;0;0;0;0;0;0
FR;4;2021-03-10;0;0;0;0;0;0;0;0;0;0
FR;4;2021-03-11;0;0;0;0;0;0;0;0;0;0
FR;4;2021-03-12;0;0;0;0;0;0;0;0;0;0
FR;4;2021-03-13;0;0;0;0;0;0;0;0;0;0
FR;4;2021-03-14;0;0;0;0;0;0;0;0;0;0
FR;4;2021-03-15;0;0;0;0;0;0;0;0;0;0
FR;4;2021-03-16;0;0;0;0;0;0;0;0;0;0
FR;4;2021-03-17;0;0;0;0;0;0;0;0;0;0
FR;4;2021-03-18;0;0;0;0;0;0;0;0;0;0
FR;4;2021-03-19;0;0;0;0;0;0;0;0;0;0
FR;4;2021-03-20;0;0;0;0;0;0;0;0;0;0
FR;4;2021-03-21;0;0;0;0;0;0;0;0;0;0
FR;4;2021-03-22;0;0;0;0;0;0;0;0;0;0
FR;4;2021-03-23;0;0;0;0;0;0;0;0;0;0
FR;4;2021-03-24;0;0;0;0;0;0;0;0;0;0
FR;4;2021-03-25;0;0;0;0;0;0;0;0;0;0
FR;4;2021-03-26;0;0;0;0;0;0;0;0;0;0
FR;4;2021-03-27;0;0;0;0;0;0;0;0;0;0
FR;4;2021-03-28;0;0;0;0;0;0;0;0;0;0
FR;4;2021-03-29;0;0;0;0;0;0;0;0;0;0
FR;4;2021-03-30;0;0;0;0;0;0;0;0;0;0
FR;4;2021-03-31;0;0;0;0;0;0;0;0;0;0
FR;4;2021-04-01;0;0;0;0;0;0;0;0;0;0
FR;4;2021-04-02;0;0;0;0;0;0;0;0;0;0
FR;4;2021-04-03;0;0;0;0;0;0;0;0;0;0
FR;4;2021-04-04;0;0;0;0;0;0;0;0;0;0
FR;4;2021-04-05;0;0;0;0;0;0;0;0;0;0
FR;4;2021-04-06;0;0;0;0;0;0;0;0;0;0
FR;4;2021-04-07;0;0;0;0;0;0;0;0;0;0
FR;4;2021-04-08;0;0;0;0;0;0;0;0;0;0
FR;4;2021-04-09;0;0;0;0;0;0;0;0;0;0
FR;4;2021-04-10;0;0;0;0;0;0;0;0;0;0
FR;4;2021-04-11;0;0;0;0;0;0;0;0;0;0
FR;4;2021-04-12;0;0;0;0;0;0;0;0;0;0
FR;4;2021-04-13;0;0;0;0;0;0;0;0;0;0
FR;4;2021-04-14;0;0;0;0;0;0;0;0;0;0
FR;4;2021-04-15;0;0;0;0;0;0;0;0;0;0
FR;4;2021-04-16;0;0;0;0;0;0;0;0;0;0
FR;4;2021-04-17;0;0;0;0;0;0;0;0;0;0
FR;4;2021-04-18;0;0;0;0;0;0;0;0;0;0
FR;4;2021-04-19;0;0;0;0;0;0;0;0;0;0
FR;4;2021-04-20;0;0;0;0;0;0;0;0;0;0
FR;4;2021-04-21;0;0;0;0;0;0;0;0;0;0
FR;4;2021-04-22;0;0;0;0;0;0;0;0;0;0
FR;4;2021-04-23;3767;0;0;0;0;3767;0;0;0;0
FR;4;2021-04-24;1569;1;0;0;0;5336;1;0;0;0
FR;4;2021-04-25;125;0;0;0;0;5461;1;0;0;0
FR;4;2021-04-26;2871;1;0;0;0;8332;2;0;0;0
FR;4;2021-04-27;9521;3;0;0;0;17853;5;0;0;0
FR;4;2021-04-28;9909;6;0;0;0;27762;11;0;0;0
FR;4;2021-04-29;15996;8;0;0;0;43758;19;0;0;0
FR;4;2021-04-30;19234;10;0;0;0;62992;29;0;0;0
FR;4;2021-05-01;1993;6;0;0;0;64985;35;0;0;0
FR;4;2021-05-02;483;0;0;0;0;65468;35;0;0;0
FR;4;2021-05-03;5065;2;0;0;0;70533;37;0;0;0
FR;4;2021-05-04;8408;11;0;0;0;78941;48;0;0;0
FR;4;2021-05-05;6190;7;0;0;0;85131;55;0;0;0
FR;4;2021-05-06;11387;11;0;0;0;96518;66;0;0;0
FR;4;2021-05-07;19125;9;0;0;0;115643;75;0;0;0
FR;4;2021-05-08;2378;6;0;0;0;118021;81;0;0;0
FR;4;2021-05-09;688;3;0;0;0;118709;84;0;0;0
FR;4;2021-05-10;7244;5;1;0;0;125953;89;1;0;0
FR;4;2021-05-11;14325;12;0;0;0;140278;101;1;0;0
FR;4;2021-05-12;10174;15;0;0;0;150452;116;1;0;0
FR;4;2021-05-13;1583;4;0;0;0;152035;120;1;0;0
FR;4;2021-05-14;7767;7;0;0;0;159802;127;1;0;0
FR;4;2021-05-15;3721;8;1;0;0;163523;135;2;0;0
FR;4;2021-05-16;417;1;0;0;0;163940;136;2;0;0
FR;4;2021-05-17;4479;6;0;0;0;168419;142;2;0;0
FR;4;2021-05-18;8767;10;0;0;0;177186;152;2;0;0
FR;4;2021-05-19;5695;7;0;0;0;182881;159;2;0;0
FR;4;2021-05-20;9485;8;0;0;0;192366;167;2;0;0
FR;4;2021-05-21;12809;30;0;0;0;205175;197;2;0;0
FR;4;2021-05-22;5060;15;0;0;0;210235;212;2;0;0
FR;4;2021-05-23;496;4;0;0;0;210731;216;2;0;0
FR;4;2021-05-24;1059;7;0;0;0;211790;223;2;0;0
FR;4;2021-05-25;7632;16;0;0;0;219422;239;2;0;0
FR;4;2021-05-26;7729;16;0;0;0;227151;255;2;0;0
FR;4;2021-05-27;14335;35;0;0;0;241486;290;2;0;0
FR;4;2021-05-28;26591;82;1;0;0;268077;372;3;0;0
FR;4;2021-05-29;11385;18;0;0;0;279462;390;3;0;0
FR;4;2021-05-30;973;6;0;0;0;280435;396;3;0;0
FR;4;2021-05-31;12696;21;0;0;0;293131;417;3;0;0
FR;4;2021-06-01;20267;48;1;0;0;313398;465;4;0;0
FR;4;2021-06-02;14521;33;0;0;0;327919;498;4;0;0
FR;4;2021-06-03;19433;24;1;0;0;347352;522;5;0;0
FR;4;2021-06-04;22515;48;0;0;0;369867;570;5;0;0
FR;4;2021-06-05;9714;32;0;0;0;379581;602;5;0;0
FR;4;2021-06-06;1040;1;0;0;0;380621;603;5;0;0
FR;4;2021-06-07;9228;19;0;0;0;389849;622;5;0;0
FR;4;2021-06-08;14612;32;0;0;0;404461;654;5;0;0
FR;4;2021-06-09;12211;25;0;0;0;416672;679;5;0;0
FR;4;2021-06-10;15405;30;0;0;0;432077;709;5;0;0
FR;4;2021-06-11;16987;57;0;0;0;449064;766;5;0;0
FR;4;2021-06-12;7451;27;0;0;0;456515;793;5;0;0
FR;4;2021-06-13;908;3;0;0;0;457423;796;5;0;0
FR;4;2021-06-14;6649;27;0;0;0;464072;823;5;0;0
FR;4;2021-06-15;10892;38;0;0;0;474964;861;5;0;0
FR;4;2021-06-16;8909;16;0;0;0;483873;877;5;0;0
FR;4;2021-06-17;10899;37;0;0;0;494772;914;5;0;0
FR;4;2021-06-18;12424;45;0;0;0;507196;959;5;0;0
FR;4;2021-06-19;5567;25;0;0;0;512763;984;5;0;0
FR;4;2021-06-20;824;5;0;0;0;513587;989;5;0;0
FR;4;2021-06-21;5101;21;0;0;0;518688;1010;5;0;0
FR;4;2021-06-22;7913;28;2;0;0;526601;1038;7;0;0
FR;4;2021-06-23;7103;42;2;0;0;533704;1080;9;0;0
FR;4;2021-06-24;8654;46;1;0;0;542358;1126;10;0;0
FR;4;2021-06-25;10174;41;2;0;0;552532;1167;12;0;0
FR;4;2021-06-26;4852;21;0;0;0;557384;1188;12;0;0
FR;4;2021-06-27;766;4;0;0;0;558150;1192;12;0;0
FR;4;2021-06-28;4833;16;1;0;0;562983;1208;13;0;0
FR;4;2021-06-29;7110;28;2;0;0;570093;1236;15;0;0
FR;4;2021-06-30;6724;39;2;0;0;576817;1275;17;0;0
FR;4;2021-07-01;8209;42;0;0;0;585026;1317;17;0;0
FR;4;2021-07-02;9428;53;1;0;0;594454;1370;18;0;0
FR;4;2021-07-03;4846;20;0;0;0;599300;1390;18;0;0
FR;4;2021-07-04;689;5;0;0;0;599989;1395;18;0;0
FR;4;2021-07-05;4771;19;2;0;0;604760;1414;20;0;0
FR;4;2021-07-06;7728;29;4;0;0;612488;1443;24;0;0
FR;4;2021-07-07;7083;34;2;0;0;619571;1477;26;0;0
FR;4;2021-07-08;9231;40;2;0;0;628802;1517;28;0;0
FR;4;2021-07-09;10278;34;1;0;0;639080;1551;29;0;0
FR;4;2021-07-10;4639;14;2;0;0;643719;1565;31;0;0
FR;4;2021-07-11;582;4;1;0;0;644301;1569;32;0;0
FR;4;2021-07-12;5875;29;0;0;0;650176;1598;32;0;0
FR;4;2021-07-13;14232;29;0;0;0;664408;1627;32;0;0
FR;4;2021-07-14;2289;15;0;0;0;666697;1642;32;0;0
FR;4;2021-07-15;18237;36;0;0;0;684934;1678;32;0;0
FR;4;2021-07-16;22837;71;2;0;0;707771;1749;34;0;0
FR;4;2021-07-17;9738;20;0;0;0;717509;1769;34;0;0
FR;4;2021-07-18;1358;4;0;0;0;718867;1773;34;0;0
FR;4;2021-07-19;12989;30;1;0;0;731856;1803;35;0;0
FR;4;2021-07-20;17343;26;1;0;0;749199;1829;36;0;0
FR;4;2021-07-21;15617;33;0;0;0;764816;1862;36;0;0
FR;4;2021-07-22;18244;44;2;0;0;783060;1906;38;0;0
FR;4;2021-07-23;20417;57;7;0;0;803477;1963;45;0;0
FR;4;2021-07-24;9289;32;0;0;0;812766;1995;45;0;0
FR;4;2021-07-25;1354;9;0;0;0;814120;2004;45;0;0
FR;4;2021-07-26;11041;23;0;0;0;825161;2027;45;0;0
FR;4;2021-07-27;14683;35;3;0;0;839844;2062;48;0;0
FR;4;2021-07-28;12933;26;2;0;0;852777;2088;50;0;0
FR;4;2021-07-29;14093;54;4;0;0;866870;2142;54;0;0
FR;4;2021-07-30;15500;46;2;0;0;882370;2188;56;0;0
FR;4;2021-07-31;6842;14;2;0;0;889212;2202;58;0;0
FR;4;2021-08-01;906;1;0;0;0;890118;2203;58;0;0
FR;4;2021-08-02;7918;31;0;0;0;898036;2234;58;0;0
FR;4;2021-08-03;10799;31;2;0;0;908835;2265;60;0;0
FR;4;2021-08-04;9747;29;0;0;0;918582;2294;60;0;0
FR;4;2021-08-05;9825;42;0;0;0;928407;2336;60;0;0
FR;4;2021-08-06;10200;31;3;0;0;938607;2367;63;0;0
FR;4;2021-08-07;5100;30;1;0;0;943707;2397;64;0;0
FR;4;2021-08-08;1219;13;0;0;0;944926;2410;64;0;0
FR;4;2021-08-09;6349;31;0;0;0;951275;2441;64;0;0
FR;4;2021-08-10;8751;18;0;0;0;960026;2459;64;0;0
FR;4;2021-08-11;7944;34;4;0;0;967970;2493;68;0;0
FR;4;2021-08-12;8585;31;1;0;0;976555;2524;69;0;0
FR;4;2021-08-13;7558;25;0;1;0;984113;2549;69;1;0
FR;4;2021-08-14;3791;20;0;0;0;987904;2569;69;1;0
FR;4;2021-08-15;771;5;0;0;0;988675;2574;69;1;0
FR;4;2021-08-16;4008;17;0;0;0;992683;2591;69;1;0
FR;4;2021-08-17;5629;17;1;0;0;998312;2608;70;1;0
FR;4;2021-08-18;5166;37;0;0;0;1003478;2645;70;1;0
FR;4;2021-08-19;5486;33;3;0;0;1008964;2678;73;1;0
FR;4;2021-08-20;5224;25;1;0;0;1014188;2703;74;1;0
FR;4;2021-08-21;2310;21;1;0;0;1016498;2724;75;1;0
FR;4;2021-08-22;414;2;0;0;0;1016912;2726;75;1;0
FR;4;2021-08-23;2932;19;1;0;0;1019844;2745;76;1;0
FR;4;2021-08-24;3758;15;0;0;0;1023602;2760;76;1;0
FR;4;2021-08-25;3542;25;1;0;0;1027144;2785;77;1;0
FR;4;2021-08-26;3715;21;2;0;0;1030859;2806;79;1;0
FR;4;2021-08-27;3617;31;2;0;0;1034476;2837;81;1;0
FR;4;2021-08-28;1725;10;1;0;0;1036201;2847;82;1;0
FR;4;2021-08-29;385;7;1;0;0;1036586;2854;83;1;0
FR;4;2021-08-30;2009;25;0;0;15;1038595;2879;83;1;15
FR;4;2021-08-31;2485;21;0;0;14;1041080;2900;83;1;29
FR;4;2021-09-01;2084;38;1;0;21;1043164;2938;84;1;50
FR;4;2021-09-02;2306;31;4;0;18;1045470;2969;88;1;68
FR;4;2021-09-03;2363;44;5;0;36;1047833;3013;93;1;104
FR;4;2021-09-04;1373;18;0;0;9;1049206;3031;93;1;113
FR;4;2021-09-05;433;2;0;0;2;1049639;3033;93;1;115
FR;4;2021-09-06;1713;62;0;0;23;1051352;3095;93;1;138
FR;4;2021-09-07;1679;18;0;0;8;1053031;3113;93;1;146
FR;4;2021-09-08;1286;26;3;0;19;1054317;3139;96;1;165
FR;4;2021-09-09;1390;23;2;0;9;1055707;3162;98;1;174
FR;4;2021-09-10;1521;31;2;0;23;1057228;3193;100;1;197
FR;4;2021-09-11;745;11;0;0;3;1057973;3204;100;1;200
FR;4;2021-09-12;169;4;0;0;3;1058142;3208;100;1;203
FR;4;2021-09-13;1322;22;1;0;16;1059464;3230;101;1;219
FR;4;2021-09-14;1503;9;2;0;6;1060967;3239;103;1;225
FR;4;2021-09-15;1095;28;1;0;25;1062062;3267;104;1;250
FR;4;2021-09-16;1105;22;2;0;15;1063167;3289;106;1;265
FR;4;2021-09-17;896;21;1;0;12;1064063;3310;107;1;277
FR;4;2021-09-18;464;6;1;0;5;1064527;3316;108;1;282
FR;4;2021-09-19;182;3;0;0;2;1064709;3319;108;1;284
FR;4;2021-09-20;451;19;0;0;13;1065160;3338;108;1;297
FR;4;2021-09-21;432;11;0;0;7;1065592;3349;108;1;304
FR;4;2021-09-22;374;19;2;0;13;1065966;3368;110;1;317
FR;4;2021-09-23;483;15;1;0;14;1066449;3383;111;1;331
FR;4;2021-09-24;413;13;2;0;9;1066862;3396;113;1;340
FR;4;2021-09-25;280;10;1;0;5;1067142;3406;114;1;345
FR;4;2021-09-26;74;2;0;0;1;1067216;3408;114;1;346
FR;4;2021-09-27;266;10;1;0;8;1067482;3418;115;1;354
FR;4;2021-09-28;318;8;0;0;8;1067800;3426;115;1;362
FR;4;2021-09-29;375;19;1;0;13;1068175;3445;116;1;375
FR;4;2021-09-30;364;41;0;0;22;1068539;3486;116;1;397
FR;4;2021-10-01;411;56;0;0;50;1068950;3542;116;1;447
FR;4;2021-10-02;196;22;1;0;13;1069146;3564;117;1;460
FR;4;2021-10-03;85;1;0;0;0;1069231;3565;117;1;460
FR;4;2021-10-04;361;20;1;0;16;1069592;3585;118;1;476
FR;4;2021-10-05;286;19;2;0;15;1069878;3604;120;1;491
FR;4;2021-10-06;248;23;1;0;18;1070126;3627;121;1;509
FR;4;2021-10-07;267;25;2;0;13;1070393;3652;123;1;522
FR;4;2021-10-08;356;24;2;0;20;1070749;3676;125;1;542
FR;4;2021-10-09;194;6;6;0;7;1070943;3682;131;1;549
FR;4;2021-10-10;97;3;2;0;3;1071040;3685;133;1;552
FR;4;2021-10-11;251;15;1;0;14;1071291;3700;134;1;566
FR;4;2021-10-12;209;14;0;0;13;1071500;3714;134;1;579
FR;4;2021-10-13;221;28;1;0;25;1071721;3742;135;1;604
FR;4;2021-10-14;315;21;4;0;15;1072036;3763;139;1;619
FR;4;2021-10-15;322;24;5;0;25;1072358;3787;144;1;644
FR;4;2021-10-16;166;6;2;0;6;1072524;3793;146;1;650
FR;4;2021-10-17;70;2;0;0;1;1072594;3795;146;1;651
FR;4;2021-10-18;281;16;1;0;13;1072875;3811;147;1;664
FR;4;2021-10-19;215;14;2;0;15;1073090;3825;149;1;679
FR;4;2021-10-20;231;27;4;0;15;1073321;3852;153;1;694
FR;4;2021-10-21;243;17;0;0;13;1073564;3869;153;1;707
FR;4;2021-10-22;217;25;2;0;20;1073781;3894;155;1;727
FR;4;2021-10-23;116;16;1;0;15;1073897;3910;156;1;742
FR;4;2021-10-24;38;4;0;0;1;1073935;3914;156;1;743
FR;4;2021-10-25;215;7;2;0;9;1074150;3921;158;1;752
FR;4;2021-10-26;200;14;0;0;12;1074350;3935;158;1;764
FR;4;2021-10-27;196;12;4;0;12;1074546;3947;162;1;776
FR;4;2021-10-28;184;18;5;0;22;1074730;3965;167;1;798
FR;4;2021-10-29;225;17;2;0;15;1074955;3982;169;1;813
FR;4;2021-10-30;102;2;1;0;2;1075057;3984;170;1;815
FR;4;2021-10-31;59;3;2;0;3;1075116;3987;172;1;818
FR;4;2021-11-01;75;27;4;0;24;1075191;4014;176;1;842
FR;4;2021-11-02;161;21;2;0;21;1075352;4035;178;1;863
FR;4;2021-11-03;130;20;8;1;18;1075482;4055;186;2;881
FR;4;2021-11-04;186;15;1;0;12;1075668;4070;187;2;893
FR;4;2021-11-05;130;17;1;0;16;1075798;4087;188;2;909
FR;4;2021-11-06;80;6;1;0;6;1075878;4093;189;2;915
FR;4;2021-11-07;81;2;2;0;4;1075959;4095;191;2;919
FR;4;2021-11-08;160;20;1;0;20;1076119;4115;192;2;939
FR;4;2021-11-09;157;14;3;0;16;1076276;4129;195;2;955
FR;4;2021-11-10;121;30;6;0;32;1076397;4159;201;2;987
FR;4;2021-11-11;99;10;1;0;11;1076496;4169;202;2;998
FR;4;2021-11-12;106;19;2;0;18;1076602;4188;204;2;1016
FR;4;2021-11-13;74;15;2;0;14;1076676;4203;206;2;1030
FR;4;2021-11-14;55;5;4;0;8;1076731;4208;210;2;1038
FR;4;2021-11-15;99;26;2;0;24;1076830;4234;212;2;1062
FR;4;2021-11-16;107;13;3;0;16;1076937;4247;215;2;1078
FR;4;2021-11-17;119;30;4;0;30;1077056;4277;219;2;1108
FR;4;2021-11-18;101;34;14;0;43;1077157;4311;233;2;1151
FR;4;2021-11-19;87;21;3;0;22;1077244;4332;236;2;1173
FR;4;2021-11-20;77;8;1;0;8;1077321;4340;237;2;1181
FR;4;2021-11-21;68;7;2;0;9;1077389;4347;239;2;1190
FR;4;2021-11-22;107;28;9;0;33;1077496;4375;248;2;1223
FR;4;2021-11-23;77;31;6;0;29;1077573;4406;254;2;1252
FR;4;2021-11-24;89;23;11;0;24;1077662;4429;265;2;1276
FR;4;2021-11-25;93;28;17;0;33;1077755;4457;282;2;1309
FR;4;2021-11-26;85;43;12;0;45;1077840;4500;294;2;1354
FR;4;2021-11-27;41;22;15;0;25;1077881;4522;309;2;1379
FR;4;2021-11-28;50;8;0;0;7;1077931;4530;309;2;1386
FR;4;2021-11-29;90;31;16;0;40;1078021;4561;325;2;1426
FR;4;2021-11-30;75;37;12;0;41;1078096;4598;337;2;1467
FR;4;2021-12-01;88;60;19;0;67;1078184;4658;356;2;1534
FR;4;2021-12-02;109;48;21;0;56;1078293;4706;377;2;1590
FR;4;2021-12-03;101;36;15;0;44;1078394;4742;392;2;1634
FR;4;2021-12-04;72;31;18;0;44;1078466;4773;410;2;1678
FR;4;2021-12-05;62;7;1;0;7;1078528;4780;411;2;1685
FR;4;2021-12-06;109;46;19;0;59;1078637;4826;430;2;1744
FR;4;2021-12-07;82;37;9;0;36;1078719;4863;439;2;1780
FR;4;2021-12-08;70;31;17;0;38;1078789;4894;456;2;1818
FR;4;2021-12-09;64;32;10;1;39;1078853;4926;466;3;1857
FR;4;2021-12-10;63;64;20;0;68;1078916;4990;486;3;1925
FR;4;2021-12-11;28;34;7;0;34;1078944;5024;493;3;1959
FR;4;2021-12-12;27;11;3;0;14;1078971;5035;496;3;1973
FR;4;2021-12-13;73;40;14;0;49;1079044;5075;510;3;2022
FR;4;2021-12-14;61;43;17;0;54;1079105;5118;527;3;2076
FR;4;2021-12-15;68;64;28;0;84;1079173;5182;555;3;2160
FR;4;2021-12-16;34;45;19;0;58;1079207;5227;574;3;2218
FR;4;2021-12-17;39;55;12;0;60;1079246;5282;586;3;2278
FR;4;2021-12-18;49;30;2;0;31;1079295;5312;588;3;2309
FR;4;2021-12-19;16;4;1;0;4;1079311;5316;589;3;2313
FR;4;2021-12-20;43;38;10;0;41;1079354;5354;599;3;2354
FR;4;2021-12-21;30;32;16;0;38;1079384;5386;615;3;2392
FR;4;2021-12-22;37;37;10;0;38;1079421;5423;625;3;2430
FR;4;2021-12-23;39;45;8;0;49;1079460;5468;633;3;2479
FR;4;2021-12-24;23;27;10;0;31;1079483;5495;643;3;2510
FR;4;2021-12-25;7;3;3;0;4;1079490;5498;646;3;2514
FR;4;2021-12-26;5;3;1;0;2;1079495;5501;647;3;2516
FR;4;2021-12-27;31;41;9;0;43;1079526;5542;656;3;2559
FR;4;2021-12-28;26;28;7;0;29;1079552;5570;663;3;2588
FR;4;2021-12-29;53;25;11;0;30;1079605;5595;674;3;2618
FR;4;2021-12-30;46;19;12;0;22;1079651;5614;686;3;2640
FR;4;2021-12-31;19;6;8;0;11;1079670;5620;694;3;2651
FR;4;2022-01-01;5;4;4;0;6;1079675;5624;698;3;2657
FR;4;2022-01-02;40;5;16;0;20;1079715;5629;714;3;2677
FR;4;2022-01-03;43;55;22;1;62;1079758;5684;736;4;2739
FR;4;2022-01-04;37;28;15;0;33;1079795;5712;751;4;2772
FR;4;2022-01-05;51;22;19;0;25;1079846;5734;770;4;2797
FR;4;2022-01-06;49;22;24;0;38;1079895;5756;794;4;2835
FR;4;2022-01-07;30;20;15;0;20;1079925;5776;809;4;2855
FR;4;2022-01-08;12;6;10;0;12;1079937;5782;819;4;2867
FR;4;2022-01-09;19;2;3;0;4;1079956;5784;822;4;2871
FR;4;2022-01-10;49;22;19;0;36;1080005;5806;841;4;2907
FR;4;2022-01-11;29;31;12;0;35;1080034;5837;853;4;2942
FR;4;2022-01-12;33;21;13;0;23;1080067;5858;866;4;2965
FR;4;2022-01-13;53;20;27;0;38;1080120;5878;893;4;3003
FR;4;2022-01-14;24;29;13;0;32;1080144;5907;906;4;3035
FR;4;2022-01-15;13;6;8;0;12;1080157;5913;914;4;3047
FR;4;2022-01-16;12;9;14;0;22;1080169;5922;928;4;3069
FR;4;2022-01-17;27;19;12;0;25;1080196;5941;940;4;3094
FR;4;2022-01-18;17;13;9;0;19;1080213;5954;949;4;3113
FR;4;2022-01-19;31;23;13;0;34;1080244;5977;962;4;3147
FR;4;2022-01-20;33;34;13;0;39;1080277;6011;975;4;3186
FR;4;2022-01-21;11;12;20;1;17;1080288;6023;995;5;3203
FR;4;2022-01-22;30;13;3;0;14;1080318;6036;998;5;3217
FR;4;2022-01-23;8;2;5;0;7;1080326;6038;1003;5;3224
FR;4;2022-01-24;14;21;8;0;27;1080340;6059;1011;5;3251
FR;4;2022-01-25;22;32;10;1;38;1080362;6091;1021;6;3289
FR;4;2022-01-26;19;16;9;1;21;1080381;6107;1030;7;3310
FR;4;2022-01-27;21;18;8;0;24;1080402;6125;1038;7;3334
FR;4;2022-01-28;13;23;8;0;26;1080415;6148;1046;7;3360
FR;4;2022-01-29;17;6;5;0;10;1080432;6154;1051;7;3370
FR;4;2022-01-30;18;3;1;0;4;1080450;6157;1052;7;3374
FR;4;2022-01-31;22;27;8;0;31;1080472;6184;1060;7;3405
FR;4;2022-02-01;13;22;12;0;23;1080485;6206;1072;7;3428
FR;4;2022-02-02;18;11;13;2;19;1080503;6217;1085;9;3447
FR;4;2022-02-03;15;24;10;0;28;1080518;6241;1095;9;3475
FR;4;2022-02-04;7;5;7;0;9;1080525;6246;1102;9;3484
FR;4;2022-02-05;7;14;1;0;13;1080532;6260;1103;9;3497
FR;4;2022-02-06;7;4;4;0;7;1080539;6264;1107;9;3504
FR;4;2022-02-07;15;19;8;0;19;1080554;6283;1115;9;3523
FR;4;2022-02-08;19;21;13;1;22;1080573;6304;1128;10;3545
FR;4;2022-02-09;17;11;9;0;16;1080590;6315;1137;10;3561
FR;4;2022-02-10;22;23;10;0;25;1080612;6338;1147;10;3586
FR;4;2022-02-11;18;15;8;0;20;1080630;6353;1155;10;3606
FR;4;2022-02-12;24;6;2;0;6;1080654;6359;1157;10;3612
FR;4;2022-02-13;7;3;3;0;6;1080661;6362;1160;10;3618
FR;4;2022-02-14;20;10;10;0;16;1080681;6372;1170;10;3634
FR;4;2022-02-15;18;7;1;0;7;1080699;6379;1171;10;3641
FR;4;2022-02-16;16;10;11;0;17;1080715;6389;1182;10;3658
FR;4;2022-02-17;11;4;4;0;6;1080726;6393;1186;10;3664
FR;4;2022-02-18;16;15;8;0;21;1080742;6408;1194;10;3685
FR;4;2022-02-19;16;4;2;0;5;1080758;6412;1196;10;3690
FR;4;2022-02-20;8;3;0;0;2;1080766;6415;1196;10;3692
FR;4;2022-02-21;23;4;4;0;6;1080789;6419;1200;10;3698
FR;4;2022-02-22;8;5;10;0;10;1080797;6424;1210;10;3708
FR;4;2022-02-23;17;6;10;0;10;1080814;6430;1220;10;3718
FR;4;2022-02-24;11;5;3;0;6;1080825;6435;1223;10;3724
FR;4;2022-02-25;15;5;7;0;6;1080840;6440;1230;10;3730
FR;4;2022-02-26;27;3;0;0;3;1080867;6443;1230;10;3733
FR;4;2022-02-27;9;0;1;0;1;1080876;6443;1231;10;3734
FR;4;2022-02-28;18;3;2;0;3;1080894;6446;1233;10;3737
FR;4;2022-03-01;8;4;7;0;5;1080902;6450;1240;10;3742
FR;4;2022-03-02;15;2;4;0;5;1080917;6452;1244;10;3747
FR;4;2022-03-03;17;5;3;0;6;1080934;6457;1247;10;3753
FR;4;2022-03-04;7;7;2;1;5;1080941;6464;1249;11;3758
FR;4;2022-03-05;9;2;0;0;2;1080950;6466;1249;11;3760
FR;4;2022-03-06;4;0;1;0;1;1080954;6466;1250;11;3761
FR;4;2022-03-07;10;4;2;0;3;1080964;6470;1252;11;3764
FR;4;2022-03-08;14;3;0;0;3;1080978;6473;1252;11;3767
FR;4;2022-03-09;8;7;2;0;7;1080986;6480;1254;11;3774
FR;4;2022-03-10;5;1;6;0;3;1080991;6481;1260;11;3777
FR;4;2022-03-11;10;4;5;0;2;1081001;6485;1265;11;3779
FR;4;2022-03-12;10;2;0;0;0;1081011;6487;1265;11;3779
FR;4;2022-03-13;6;1;1;0;2;1081017;6488;1266;11;3781
FR;4;2022-03-14;4;3;1;0;3;1081021;6491;1267;11;3784
FR;4;2022-03-15;7;6;3;0;5;1081028;6497;1270;11;3789
FR;4;2022-03-16;7;3;3;0;3;1081035;6500;1273;11;3792
FR;4;2022-03-17;3;4;1;0;5;1081038;6504;1274;11;3797
FR;4;2022-03-18;9;3;0;0;3;1081047;6507;1274;11;3800
FR;4;2022-03-19;1;1;1;0;2;1081048;6508;1275;11;3802
FR;4;2022-03-20;2;0;2;0;1;1081050;6508;1277;11;3803
FR;4;2022-03-21;6;3;1;0;4;1081056;6511;1278;11;3807
FR;4;2022-03-22;4;2;2;0;3;1081060;6513;1280;11;3810
FR;4;2022-03-23;6;4;4;0;7;1081066;6517;1284;11;3817
FR;4;2022-03-24;2;5;3;1;7;1081068;6522;1287;12;3824
FR;4;2022-03-25;3;1;2;0;1;1081071;6523;1289;12;3825
FR;4;2022-03-26;5;5;0;0;5;1081076;6528;1289;12;3830
FR;4;2022-03-27;1;0;3;0;2;1081077;6528;1292;12;3832
FR;4;2022-03-28;6;1;3;0;3;1081083;6529;1295;12;3835
FR;4;2022-03-29;9;0;4;1;0;1081092;6529;1299;13;3835
FR;4;2022-03-30;3;4;0;0;4;1081095;6533;1299;13;3839
FR;4;2022-03-31;3;3;2;1;4;1081098;6536;1301;14;3843
FR;4;2022-04-01;14;3;5;0;6;1081112;6539;1306;14;3849
FR;4;2022-04-02;4;4;0;0;3;1081116;6543;1306;14;3852
FR;4;2022-04-03;0;1;0;0;1;1081116;6544;1306;14;3853
FR;4;2022-04-04;4;4;4;0;5;1081120;6548;1310;14;3858
FR;4;2022-04-05;4;3;2;1;3;1081124;6551;1312;15;3861
FR;4;2022-04-06;6;0;0;0;0;1081130;6551;1312;15;3861
FR;4;2022-04-07;3;2;3;2;5;1081133;6553;1315;17;3866
FR;4;2022-04-08;4;2;1;0;2;1081137;6555;1316;17;3868
FR;4;2022-04-09;0;0;1;1;1;1081137;6555;1317;18;3869
FR;4;2022-04-10;2;2;0;0;2;1081139;6557;1317;18;3871
FR;4;2022-04-11;4;3;4;0;5;1081143;6560;1321;18;3876
FR;4;2022-04-12;5;1;4;0;2;1081148;6561;1325;18;3878
FR;4;2022-04-13;5;8;2;0;10;1081153;6569;1327;18;3888
FR;4;2022-04-14;6;4;2;1;5;1081159;6573;1329;19;3893
FR;4;2022-04-15;6;9;1;0;10;1081165;6582;1330;19;3903
FR;4;2022-04-16;1;0;0;0;0;1081166;6582;1330;19;3903
FR;4;2022-04-17;3;2;1;0;3;1081169;6584;1331;19;3906
FR;4;2022-04-18;2;2;6;0;4;1081171;6586;1337;19;3910
FR;4;2022-04-19;2;0;1;0;0;1081173;6586;1338;19;3910
FR;4;2022-04-20;14;4;1;1;3;1081187;6590;1339;20;3913
FR;4;2022-04-21;7;1;0;0;1;1081194;6591;1339;20;3914
FR;4;2022-04-22;1;1;2;0;2;1081195;6592;1341;20;3916
FR;4;2022-04-23;2;3;3;0;6;1081197;6595;1344;20;3922
FR;4;2022-04-24;0;3;0;0;3;1081197;6598;1344;20;3925
FR;4;2022-04-25;3;5;3;0;8;1081200;6603;1347;20;3933
FR;4;2022-04-26;5;6;1;0;6;1081205;6609;1348;20;3939
FR;4;2022-04-27;4;1;1;1;1;1081209;6610;1349;21;3940
FR;4;2022-04-28;3;5;5;1;7;1081212;6615;1354;22;3947
FR;4;2022-04-29;6;3;0;0;2;1081218;6618;1354;22;3949
FR;4;2022-04-30;2;1;1;0;2;1081220;6619;1355;22;3951
FR;4;2022-05-01;0;0;0;0;0;1081220;6619;1355;22;3951
FR;4;2022-05-02;5;16;6;0;19;1081225;6635;1361;22;3970
FR;4;2022-05-03;2;6;2;0;7;1081227;6641;1363;22;3977
FR;4;2022-05-04;7;4;1;0;4;1081234;6645;1364;22;3981
FR;4;2022-05-05;2;2;1;1;1;1081236;6647;1365;23;3982
FR;4;2022-05-06;5;3;1;0;2;1081241;6650;1366;23;3984
FR;4;2022-05-07;0;0;0;0;0;1081241;6650;1366;23;3984
FR;4;2022-05-08;1;1;0;0;1;1081242;6651;1366;23;3985
FR;4;2022-05-09;5;1;0;0;1;1081247;6652;1366;23;3986
FR;4;2022-05-10;3;1;0;2;3;1081250;6653;1366;25;3989
FR;4;2022-05-11;3;2;4;0;5;1081253;6655;1370;25;3994
FR;4;2022-05-12;7;4;2;1;5;1081260;6659;1372;26;3999
FR;4;2022-05-13;1;0;2;0;2;1081261;6659;1374;26;4001
FR;4;2022-05-14;0;2;0;0;2;1081261;6661;1374;26;4003
FR;4;2022-05-15;2;2;0;0;0;1081263;6663;1374;26;4003
FR;4;2022-05-16;5;2;2;0;2;1081268;6665;1376;26;4005
FR;4;2022-05-17;5;1;2;0;3;1081273;6666;1378;26;4008
FR;4;2022-05-18;3;6;0;0;6;1081276;6672;1378;26;4014
FR;4;2022-05-19;2;3;3;0;5;1081278;6675;1381;26;4019
FR;4;2022-05-20;4;2;3;0;2;1081282;6677;1384;26;4021
FR;4;2022-05-21;2;0;1;0;1;1081284;6677;1385;26;4022
FR;4;2022-05-22;0;0;1;0;1;1081284;6677;1386;26;4023
FR;4;2022-05-23;0;0;2;0;0;1081284;6677;1388;26;4023
FR;4;2022-05-24;2;4;0;0;4;1081286;6681;1388;26;4027
FR;4;2022-05-25;1;3;1;0;2;1081287;6684;1389;26;4029
FR;4;2022-05-26;5;0;1;0;1;1081292;6684;1390;26;4030
FR;4;2022-05-27;0;2;0;1;2;1081292;6686;1390;27;4032
FR;4;2022-05-28;1;0;0;0;0;1081293;6686;1390;27;4032
FR;4;2022-05-29;1;0;1;0;1;1081294;6686;1391;27;4033
FR;4;2022-05-30;3;4;2;0;5;1081297;6690;1393;27;4038
FR;4;2022-05-31;2;1;0;0;1;1081299;6691;1393;27;4039
FR;4;2022-06-01;3;11;7;0;15;1081302;6702;1400;27;4054
FR;4;2022-06-02;5;6;3;0;7;1081307;6708;1403;27;4061
FR;4;2022-06-03;2;6;4;1;7;1081309;6714;1407;28;4068
FR;4;2022-06-04;0;1;1;0;1;1081309;6715;1408;28;4069
FR;4;2022-06-05;0;0;0;0;0;1081309;6715;1408;28;4069
FR;4;2022-06-06;7;0;3;0;2;1081316;6715;1411;28;4071
FR;4;2022-06-07;5;2;0;1;2;1081321;6717;1411;29;4073
FR;4;2022-06-08;0;4;3;0;7;1081321;6721;1414;29;4080
FR;4;2022-06-09;1;2;0;0;1;1081322;6723;1414;29;4081
FR;4;2022-06-10;3;0;3;0;1;1081325;6723;1417;29;4082
FR;4;2022-06-11;1;0;0;0;0;1081326;6723;1417;29;4082
FR;4;2022-06-12;4;0;0;0;0;1081330;6723;1417;29;4082
FR;4;2022-06-13;5;2;3;0;2;1081335;6725;1420;29;4084
FR;4;2022-06-14;4;3;0;0;2;1081339;6728;1420;29;4086
FR;4;2022-06-15;8;3;4;0;3;1081347;6731;1424;29;4089
FR;4;2022-06-16;2;3;1;1;2;1081349;6734;1425;30;4091
FR;4;2022-06-17;6;1;0;0;1;1081355;6735;1425;30;4092
FR;4;2022-06-18;0;0;0;0;0;1081355;6735;1425;30;4092
FR;4;2022-06-19;3;0;0;0;0;1081358;6735;1425;30;4092
FR;4;2022-06-20;4;2;2;1;3;1081362;6737;1427;31;4095
FR;4;2022-06-21;5;2;3;1;3;1081367;6739;1430;32;4098
FR;4;2022-06-22;3;1;0;3;1;1081370;6740;1430;35;4099
FR;4;2022-06-23;3;3;3;0;5;1081373;6743;1433;35;4104
FR;4;2022-06-24;3;0;2;0;0;1081376;6743;1435;35;4104
FR;4;2022-06-25;1;0;1;1;1;1081377;6743;1436;36;4105
FR;4;2022-06-26;0;0;1;0;1;1081377;6743;1437;36;4106
FR;4;2022-06-27;2;2;0;3;2;1081379;6745;1437;39;4108
FR;4;2022-06-28;0;4;2;1;5;1081379;6749;1439;40;4113
FR;4;2022-06-29;1;2;0;0;2;1081380;6751;1439;40;4115
FR;4;2022-06-30;2;0;0;0;0;1081382;6751;1439;40;4115
FR;4;2022-07-01;2;4;8;0;4;1081384;6755;1447;40;4119
FR;4;2022-07-02;0;1;0;0;0;1081384;6756;1447;40;4119
FR;4;2022-07-03;0;0;0;0;0;1081384;6756;1447;40;4119
FR;4;2022-07-04;3;1;0;0;1;1081387;6757;1447;40;4120
FR;4;2022-07-05;2;0;2;0;2;1081389;6757;1449;40;4122
FR;4;2022-07-06;5;0;1;1;0;1081394;6757;1450;41;4122
FR;4;2022-07-07;1;0;2;1;0;1081395;6757;1452;42;4122
FR;4;2022-07-08;3;1;0;0;1;1081398;6758;1452;42;4123
FR;4;2022-07-09;2;2;1;0;3;1081400;6760;1453;42;4126
FR;4;2022-07-10;2;0;1;0;0;1081402;6760;1454;42;4126
FR;4;2022-07-11;2;0;2;0;0;1081404;6760;1456;42;4126
FR;4;2022-07-12;0;0;2;0;2;1081404;6760;1458;42;4128
FR;4;2022-07-13;2;2;3;0;2;1081406;6762;1461;42;4130
FR;4;2022-07-14;4;0;1;0;0;1081410;6762;1462;42;4130
FR;4;2022-07-15;11;2;0;0;2;1081421;6764;1462;42;4132
FR;4;2022-07-16;4;0;0;2;0;1081425;6764;1462;44;4132
FR;4;2022-07-17;0;0;1;0;0;1081425;6764;1463;44;4132
FR;4;2022-07-18;3;2;2;0;2;1081428;6766;1465;44;4134
FR;4;2022-07-19;4;0;1;0;1;1081432;6766;1466;44;4135
FR;4;2022-07-20;10;0;1;0;1;1081442;6766;1467;44;4136
FR;4;2022-07-21;2;1;1;0;1;1081444;6767;1468;44;4137
FR;4;2022-07-22;4;0;3;0;1;1081448;6767;1471;44;4138
FR;4;2022-07-23;1;2;0;0;1;1081449;6769;1471;44;4139
FR;4;2022-07-24;0;0;0;0;0;1081449;6769;1471;44;4139
FR;4;2022-07-25;5;0;2;0;2;1081454;6769;1473;44;4141
FR;4;2022-07-26;2;0;0;0;0;1081456;6769;1473;44;4141
FR;4;2022-07-27;2;1;0;0;0;1081458;6770;1473;44;4141
FR;4;2022-07-28;11;0;0;0;0;1081469;6770;1473;44;4141
FR;4;2022-07-29;3;0;1;0;0;1081472;6770;1474;44;4141
FR;4;2022-07-30;4;0;2;0;0;1081476;6770;1476;44;4141
FR;4;2022-07-31;0;0;0;0;0;1081476;6770;1476;44;4141
FR;4;2022-08-01;1;0;2;0;1;1081477;6770;1478;44;4142
FR;4;2022-08-02;6;0;0;0;0;1081483;6770;1478;44;4142
FR;4;2022-08-03;0;2;1;0;2;1081483;6772;1479;44;4144
FR;4;2022-08-04;3;2;0;1;2;1081486;6774;1479;45;4146
FR;4;2022-08-05;2;0;1;0;0;1081488;6774;1480;45;4146
FR;4;2022-08-06;2;0;0;0;0;1081490;6774;1480;45;4146
FR;4;2022-08-07;4;0;0;0;0;1081494;6774;1480;45;4146
FR;4;2022-08-08;1;0;1;1;1;1081495;6774;1481;46;4147
FR;4;2022-08-09;1;1;1;2;2;1081496;6775;1482;48;4149
FR;4;2022-08-10;5;1;1;0;1;1081501;6776;1483;48;4150
FR;4;2022-08-11;2;0;1;0;1;1081503;6776;1484;48;4151
FR;4;2022-08-12;4;0;1;0;0;1081507;6776;1485;48;4151
FR;4;2022-08-13;1;0;0;0;0;1081508;6776;1485;48;4151
FR;4;2022-08-14;0;0;0;0;0;1081508;6776;1485;48;4151
FR;4;2022-08-15;1;2;3;0;2;1081509;6778;1488;48;4153
FR;4;2022-08-16;0;0;1;0;1;1081509;6778;1489;48;4154
FR;4;2022-08-17;2;0;0;0;0;1081511;6778;1489;48;4154
FR;4;2022-08-18;2;0;0;0;0;1081513;6778;1489;48;4154
FR;4;2022-08-19;5;0;0;0;0;1081518;6778;1489;48;4154
FR;4;2022-08-20;1;0;0;0;0;1081519;6778;1489;48;4154
FR;4;2022-08-21;1;0;0;0;0;1081520;6778;1489;48;4154
FR;4;2022-08-22;4;9;0;0;9;1081524;6787;1489;48;4163
FR;4;2022-08-23;3;3;3;0;4;1081527;6790;1492;48;4167
FR;4;2022-08-24;5;0;0;1;0;1081532;6790;1492;49;4167
FR;4;2022-08-25;1;3;1;0;3;1081533;6793;1493;49;4170
FR;4;2022-08-26;2;0;0;1;0;1081535;6793;1493;50;4170
FR;4;2022-08-27;1;0;0;0;0;1081536;6793;1493;50;4170
FR;4;2022-08-28;0;0;0;0;0;1081536;6793;1493;50;4170
FR;4;2022-08-29;6;0;0;0;0;1081542;6793;1493;50;4170
FR;4;2022-08-30;4;0;0;0;0;1081546;6793;1493;50;4170
FR;4;2022-08-31;1;1;0;0;1;1081547;6794;1493;50;4171
FR;4;2022-09-01;1;8;2;0;7;1081548;6802;1495;50;4178
FR;4;2022-09-02;1;1;1;0;2;1081549;6803;1496;50;4180
FR;4;2022-09-03;3;0;0;0;0;1081552;6803;1496;50;4180
FR;4;2022-09-04;0;0;0;0;0;1081552;6803;1496;50;4180
FR;4;2022-09-05;2;2;0;0;2;1081554;6805;1496;50;4182
FR;4;2022-09-06;1;0;0;0;0;1081555;6805;1496;50;4182
FR;4;2022-09-07;1;0;1;1;1;1081556;6805;1497;51;4183
FR;4;2022-09-08;3;0;0;0;0;1081559;6805;1497;51;4183
FR;4;2022-09-09;2;0;0;0;0;1081561;6805;1497;51;4183
FR;4;2022-09-10;0;0;0;3;1;1081561;6805;1497;54;4184
FR;4;2022-09-11;2;0;0;0;0;1081563;6805;1497;54;4184
FR;4;2022-09-12;1;1;1;0;1;1081564;6806;1498;54;4185
FR;4;2022-09-13;1;0;0;0;0;1081565;6806;1498;54;4185
FR;4;2022-09-14;1;0;0;0;0;1081566;6806;1498;54;4185
FR;4;2022-09-15;3;0;0;0;0;1081569;6806;1498;54;4185
FR;4;2022-09-16;0;0;0;0;0;1081569;6806;1498;54;4185
FR;4;2022-09-17;2;0;0;0;0;1081571;6806;1498;54;4185
FR;4;2022-09-18;0;1;0;0;1;1081571;6807;1498;54;4186
FR;4;2022-09-19;2;0;2;0;2;1081573;6807;1500;54;4188
FR;4;2022-09-20;3;0;0;0;0;1081576;6807;1500;54;4188
FR;4;2022-09-21;2;1;0;0;1;1081578;6808;1500;54;4189
FR;4;2022-09-22;1;1;0;0;1;1081579;6809;1500;54;4190
FR;4;2022-09-23;2;3;0;0;2;1081581;6812;1500;54;4192
FR;4;2022-09-24;1;0;0;0;0;1081582;6812;1500;54;4192
FR;4;2022-09-25;0;0;0;0;0;1081582;6812;1500;54;4192
FR;4;2022-09-26;2;0;1;0;0;1081584;6812;1501;54;4192
FR;4;2022-09-27;0;0;0;1;0;1081584;6812;1501;55;4192
FR;4;2022-09-28;3;0;2;0;2;1081587;6812;1503;55;4194
FR;4;2022-09-29;3;0;1;1;1;1081590;6812;1504;56;4195
FR;4;2022-09-30;1;0;0;0;0;1081591;6812;1504;56;4195
FR;4;2022-10-01;1;1;0;0;0;1081592;6813;1504;56;4195
FR;4;2022-10-02;0;0;0;0;0;1081592;6813;1504;56;4195
FR;4;2022-10-03;3;2;1;0;2;1081595;6815;1505;56;4197
FR;4;2022-10-04;2;0;0;0;0;1081597;6815;1505;56;4197
FR;4;2022-10-05;0;1;0;0;1;1081597;6816;1505;56;4198
FR;4;2022-10-06;1;0;0;0;0;1081598;6816;1505;56;4198
FR;4;2022-10-07;3;0;1;0;0;1081601;6816;1506;56;4198
FR;4;2022-10-08;3;1;0;0;0;1081604;6817;1506;56;4198
FR;4;2022-10-09;0;0;0;0;0;1081604;6817;1506;56;4198
FR;4;2022-10-10;4;0;1;3;1;1081608;6817;1507;59;4199
FR;4;2022-10-11;1;2;0;0;1;1081609;6819;1507;59;4200
FR;4;2022-10-12;0;0;0;0;0;1081609;6819;1507;59;4200
FR;4;2022-10-13;5;0;0;0;0;1081614;6819;1507;59;4200
FR;4;2022-10-14;1;0;0;0;0;1081615;6819;1507;59;4200
FR;4;2022-10-15;0;1;0;0;1;1081615;6820;1507;59;4201
FR;4;2022-10-16;0;0;0;0;0;1081615;6820;1507;59;4201
FR;4;2022-10-17;2;0;1;0;1;1081617;6820;1508;59;4202
FR;4;2022-10-18;1;0;0;1;0;1081618;6820;1508;60;4202
FR;4;2022-10-19;1;0;0;2;0;1081619;6820;1508;62;4202
FR;4;2022-10-20;3;1;0;0;1;1081622;6821;1508;62;4203
FR;4;2022-10-21;0;0;0;0;0;1081622;6821;1508;62;4203
FR;4;2022-10-22;1;0;0;0;0;1081623;6821;1508;62;4203
FR;4;2022-10-23;0;0;0;0;0;1081623;6821;1508;62;4203
FR;4;2022-10-24;0;0;0;0;0;1081623;6821;1508;62;4203
FR;4;2022-10-25;1;0;0;0;0;1081624;6821;1508;62;4203
FR;4;2022-10-26;2;1;0;0;1;1081626;6822;1508;62;4204
FR;4;2022-10-27;3;1;1;0;0;1081629;6823;1509;62;4204
FR;4;2022-10-28;0;0;0;0;0;1081629;6823;1509;62;4204
FR;4;2022-10-29;1;0;0;3;0;1081630;6823;1509;65;4204
FR;4;2022-10-30;1;0;0;0;0;1081631;6823;1509;65;4204
FR;4;2022-10-31;0;0;0;0;0;1081631;6823;1509;65;4204
FR;4;2022-11-01;0;1;0;0;1;1081631;6824;1509;65;4205
FR;4;2022-11-02;0;0;2;2;1;1081631;6824;1511;67;4206
FR;4;2022-11-03;1;0;0;0;0;1081632;6824;1511;67;4206
FR;4;2022-11-04;4;1;0;0;0;1081636;6825;1511;67;4206
FR;4;2022-11-05;0;0;0;0;0;1081636;6825;1511;67;4206
FR;4;2022-11-06;1;0;0;0;0;1081637;6825;1511;67;4206
FR;4;2022-11-07;2;0;0;0;0;1081639;6825;1511;67;4206
FR;4;2022-11-08;6;0;0;0;0;1081645;6825;1511;67;4206
FR;4;2022-11-09;0;0;0;0;0;1081645;6825;1511;67;4206
FR;4;2022-11-10;0;0;0;0;0;1081645;6825;1511;67;4206
FR;4;2022-11-11;0;0;0;0;0;1081645;6825;1511;67;4206
FR;4;2022-11-12;2;0;0;0;0;1081647;6825;1511;67;4206
FR;4;2022-11-13;0;0;0;0;0;1081647;6825;1511;67;4206
FR;4;2022-11-14;0;0;0;0;0;1081647;6825;1511;67;4206
FR;4;2022-11-15;3;0;0;0;0;1081650;6825;1511;67;4206
FR;4;2022-11-16;1;0;0;0;0;1081651;6825;1511;67;4206
FR;4;2022-11-17;0;0;0;0;0;1081651;6825;1511;67;4206
FR;4;2022-11-18;2;0;1;0;0;1081653;6825;1512;67;4206
FR;4;2022-11-19;0;0;0;0;0;1081653;6825;1512;67;4206
FR;4;2022-11-20;0;0;0;0;0;1081653;6825;1512;67;4206
FR;4;2022-11-21;0;0;0;0;0;1081653;6825;1512;67;4206
FR;4;2022-11-22;0;0;0;0;0;1081653;6825;1512;67;4206
FR;5;2020-12-27;0;0;0;0;0;0;0;0;0;0
FR;5;2020-12-28;0;0;0;0;0;0;0;0;0;0
FR;5;2020-12-29;0;0;0;0;0;0;0;0;0;0
FR;5;2020-12-30;0;0;0;0;0;0;0;0;0;0
FR;5;2020-12-31;0;0;0;0;0;0;0;0;0;0
FR;5;2021-01-01;0;0;0;0;0;0;0;0;0;0
FR;5;2021-01-02;0;0;0;0;0;0;0;0;0;0
FR;5;2021-01-03;0;0;0;0;0;0;0;0;0;0
FR;5;2021-01-04;0;0;0;0;0;0;0;0;0;0
FR;5;2021-01-05;0;0;0;0;0;0;0;0;0;0
FR;5;2021-01-06;0;0;0;0;0;0;0;0;0;0
FR;5;2021-01-07;0;0;0;0;0;0;0;0;0;0
FR;5;2021-01-08;0;0;0;0;0;0;0;0;0;0
FR;5;2021-01-09;0;0;0;0;0;0;0;0;0;0
FR;5;2021-01-10;0;0;0;0;0;0;0;0;0;0
FR;5;2021-01-11;0;0;0;0;0;0;0;0;0;0
FR;5;2021-01-12;0;0;0;0;0;0;0;0;0;0
FR;5;2021-01-13;0;0;0;0;0;0;0;0;0;0
FR;5;2021-01-14;0;0;0;0;0;0;0;0;0;0
FR;5;2021-01-15;0;0;0;0;0;0;0;0;0;0
FR;5;2021-01-16;0;0;0;0;0;0;0;0;0;0
FR;5;2021-01-17;0;0;0;0;0;0;0;0;0;0
FR;5;2021-01-18;0;0;0;0;0;0;0;0;0;0
FR;5;2021-01-19;0;0;0;0;0;0;0;0;0;0
FR;5;2021-01-20;0;0;0;0;0;0;0;0;0;0
FR;5;2021-01-21;0;0;0;0;0;0;0;0;0;0
FR;5;2021-01-22;0;0;0;0;0;0;0;0;0;0
FR;5;2021-01-23;0;0;0;0;0;0;0;0;0;0
FR;5;2021-01-24;0;0;0;0;0;0;0;0;0;0
FR;5;2021-01-25;0;0;0;0;0;0;0;0;0;0
FR;5;2021-01-26;0;0;0;0;0;0;0;0;0;0
FR;5;2021-01-27;0;0;0;0;0;0;0;0;0;0
FR;5;2021-01-28;0;0;0;0;0;0;0;0;0;0
FR;5;2021-01-29;0;0;0;0;0;0;0;0;0;0
FR;5;2021-01-30;0;0;0;0;0;0;0;0;0;0
FR;5;2021-01-31;0;0;0;0;0;0;0;0;0;0
FR;5;2021-02-01;0;0;0;0;0;0;0;0;0;0
FR;5;2021-02-02;0;0;0;0;0;0;0;0;0;0
FR;5;2021-02-03;0;0;0;0;0;0;0;0;0;0
FR;5;2021-02-04;0;0;0;0;0;0;0;0;0;0
FR;5;2021-02-05;0;0;0;0;0;0;0;0;0;0
FR;5;2021-02-06;0;0;0;0;0;0;0;0;0;0
FR;5;2021-02-07;0;0;0;0;0;0;0;0;0;0
FR;5;2021-02-08;0;0;0;0;0;0;0;0;0;0
FR;5;2021-02-09;0;0;0;0;0;0;0;0;0;0
FR;5;2021-02-10;0;0;0;0;0;0;0;0;0;0
FR;5;2021-02-11;0;0;0;0;0;0;0;0;0;0
FR;5;2021-02-12;0;0;0;0;0;0;0;0;0;0
FR;5;2021-02-13;0;0;0;0;0;0;0;0;0;0
FR;5;2021-02-14;0;0;0;0;0;0;0;0;0;0
FR;5;2021-02-15;0;0;0;0;0;0;0;0;0;0
FR;5;2021-02-16;0;0;0;0;0;0;0;0;0;0
FR;5;2021-02-17;0;0;0;0;0;0;0;0;0;0
FR;5;2021-02-18;0;0;0;0;0;0;0;0;0;0
FR;5;2021-02-19;0;0;0;0;0;0;0;0;0;0
FR;5;2021-02-20;0;0;0;0;0;0;0;0;0;0
FR;5;2021-02-21;0;0;0;0;0;0;0;0;0;0
FR;5;2021-02-22;0;0;0;0;0;0;0;0;0;0
FR;5;2021-02-23;0;0;0;0;0;0;0;0;0;0
FR;5;2021-02-24;0;0;0;0;0;0;0;0;0;0
FR;5;2021-02-25;0;0;0;0;0;0;0;0;0;0
FR;5;2021-02-26;0;0;0;0;0;0;0;0;0;0
FR;5;2021-02-27;0;0;0;0;0;0;0;0;0;0
FR;5;2021-02-28;0;0;0;0;0;0;0;0;0;0
FR;5;2021-03-01;0;0;0;0;0;0;0;0;0;0
FR;5;2021-03-02;0;0;0;0;0;0;0;0;0;0
FR;5;2021-03-03;0;0;0;0;0;0;0;0;0;0
FR;5;2021-03-04;0;0;0;0;0;0;0;0;0;0
FR;5;2021-03-05;0;0;0;0;0;0;0;0;0;0
FR;5;2021-03-06;0;0;0;0;0;0;0;0;0;0
FR;5;2021-03-07;0;0;0;0;0;0;0;0;0;0
FR;5;2021-03-08;0;0;0;0;0;0;0;0;0;0
FR;5;2021-03-09;0;0;0;0;0;0;0;0;0;0
FR;5;2021-03-10;0;0;0;0;0;0;0;0;0;0
FR;5;2021-03-11;0;0;0;0;0;0;0;0;0;0
FR;5;2021-03-12;0;0;0;0;0;0;0;0;0;0
FR;5;2021-03-13;0;0;0;0;0;0;0;0;0;0
FR;5;2021-03-14;0;0;0;0;0;0;0;0;0;0
FR;5;2021-03-15;0;0;0;0;0;0;0;0;0;0
FR;5;2021-03-16;0;0;0;0;0;0;0;0;0;0
FR;5;2021-03-17;0;0;0;0;0;0;0;0;0;0
FR;5;2021-03-18;0;0;0;0;0;0;0;0;0;0
FR;5;2021-03-19;0;0;0;0;0;0;0;0;0;0
FR;5;2021-03-20;0;0;0;0;0;0;0;0;0;0
FR;5;2021-03-21;0;0;0;0;0;0;0;0;0;0
FR;5;2021-03-22;0;0;0;0;0;0;0;0;0;0
FR;5;2021-03-23;0;0;0;0;0;0;0;0;0;0
FR;5;2021-03-24;0;0;0;0;0;0;0;0;0;0
FR;5;2021-03-25;0;0;0;0;0;0;0;0;0;0
FR;5;2021-03-26;0;0;0;0;0;0;0;0;0;0
FR;5;2021-03-27;0;0;0;0;0;0;0;0;0;0
FR;5;2021-03-28;0;0;0;0;0;0;0;0;0;0
FR;5;2021-03-29;0;0;0;0;0;0;0;0;0;0
FR;5;2021-03-30;0;0;0;0;0;0;0;0;0;0
FR;5;2021-03-31;0;0;0;0;0;0;0;0;0;0
FR;5;2021-04-01;0;0;0;0;0;0;0;0;0;0
FR;5;2021-04-02;0;0;0;0;0;0;0;0;0;0
FR;5;2021-04-03;0;0;0;0;0;0;0;0;0;0
FR;5;2021-04-04;0;0;0;0;0;0;0;0;0;0
FR;5;2021-04-05;0;0;0;0;0;0;0;0;0;0
FR;5;2021-04-06;0;0;0;0;0;0;0;0;0;0
FR;5;2021-04-07;0;0;0;0;0;0;0;0;0;0
FR;5;2021-04-08;0;0;0;0;0;0;0;0;0;0
FR;5;2021-04-09;0;0;0;0;0;0;0;0;0;0
FR;5;2021-04-10;0;0;0;0;0;0;0;0;0;0
FR;5;2021-04-11;0;0;0;0;0;0;0;0;0;0
FR;5;2021-04-12;0;0;0;0;0;0;0;0;0;0
FR;5;2021-04-13;0;0;0;0;0;0;0;0;0;0
FR;5;2021-04-14;0;0;0;0;0;0;0;0;0;0
FR;5;2021-04-15;0;0;0;0;0;0;0;0;0;0
FR;5;2021-04-16;0;0;0;0;0;0;0;0;0;0
FR;5;2021-04-17;0;0;0;0;0;0;0;0;0;0
FR;5;2021-04-18;0;0;0;0;0;0;0;0;0;0
FR;5;2021-04-19;0;0;0;0;0;0;0;0;0;0
FR;5;2021-04-20;0;0;0;0;0;0;0;0;0;0
FR;5;2021-04-21;0;0;0;0;0;0;0;0;0;0
FR;5;2021-04-22;0;0;0;0;0;0;0;0;0;0
FR;5;2021-04-23;0;0;0;0;0;0;0;0;0;0
FR;5;2021-04-24;0;0;0;0;0;0;0;0;0;0
FR;5;2021-04-25;0;0;0;0;0;0;0;0;0;0
FR;5;2021-04-26;0;0;0;0;0;0;0;0;0;0
FR;5;2021-04-27;0;0;0;0;0;0;0;0;0;0
FR;5;2021-04-28;0;0;0;0;0;0;0;0;0;0
FR;5;2021-04-29;0;0;0;0;0;0;0;0;0;0
FR;5;2021-04-30;0;0;0;0;0;0;0;0;0;0
FR;5;2021-05-01;0;0;0;0;0;0;0;0;0;0
FR;5;2021-05-02;0;0;0;0;0;0;0;0;0;0
FR;5;2021-05-03;0;0;0;0;0;0;0;0;0;0
FR;5;2021-05-04;0;0;0;0;0;0;0;0;0;0
FR;5;2021-05-05;0;0;0;0;0;0;0;0;0;0
FR;5;2021-05-06;0;0;0;0;0;0;0;0;0;0
FR;5;2021-05-07;0;0;0;0;0;0;0;0;0;0
FR;5;2021-05-08;0;0;0;0;0;0;0;0;0;0
FR;5;2021-05-09;0;0;0;0;0;0;0;0;0;0
FR;5;2021-05-10;0;0;0;0;0;0;0;0;0;0
FR;5;2021-05-11;0;0;0;0;0;0;0;0;0;0
FR;5;2021-05-12;0;0;0;0;0;0;0;0;0;0
FR;5;2021-05-13;0;0;0;0;0;0;0;0;0;0
FR;5;2021-05-14;0;0;0;0;0;0;0;0;0;0
FR;5;2021-05-15;0;0;0;0;0;0;0;0;0;0
FR;5;2021-05-16;0;0;0;0;0;0;0;0;0;0
FR;5;2021-05-17;0;0;0;0;0;0;0;0;0;0
FR;5;2021-05-18;0;0;0;0;0;0;0;0;0;0
FR;5;2021-05-19;0;0;0;0;0;0;0;0;0;0
FR;5;2021-05-20;0;0;0;0;0;0;0;0;0;0
FR;5;2021-05-21;0;0;0;0;0;0;0;0;0;0
FR;5;2021-05-22;0;0;0;0;0;0;0;0;0;0
FR;5;2021-05-23;0;0;0;0;0;0;0;0;0;0
FR;5;2021-05-24;0;0;0;0;0;0;0;0;0;0
FR;5;2021-05-25;0;0;0;0;0;0;0;0;0;0
FR;5;2021-05-26;0;0;0;0;0;0;0;0;0;0
FR;5;2021-05-27;0;0;0;0;0;0;0;0;0;0
FR;5;2021-05-28;0;0;0;0;0;0;0;0;0;0
FR;5;2021-05-29;0;0;0;0;0;0;0;0;0;0
FR;5;2021-05-30;0;0;0;0;0;0;0;0;0;0
FR;5;2021-05-31;0;0;0;0;0;0;0;0;0;0
FR;5;2021-06-01;0;0;0;0;0;0;0;0;0;0
FR;5;2021-06-02;0;0;0;0;0;0;0;0;0;0
FR;5;2021-06-03;0;0;0;0;0;0;0;0;0;0
FR;5;2021-06-04;0;0;0;0;0;0;0;0;0;0
FR;5;2021-06-05;0;0;0;0;0;0;0;0;0;0
FR;5;2021-06-06;0;0;0;0;0;0;0;0;0;0
FR;5;2021-06-07;0;0;0;0;0;0;0;0;0;0
FR;5;2021-06-08;0;0;0;0;0;0;0;0;0;0
FR;5;2021-06-09;0;0;0;0;0;0;0;0;0;0
FR;5;2021-06-10;0;0;0;0;0;0;0;0;0;0
FR;5;2021-06-11;0;0;0;0;0;0;0;0;0;0
FR;5;2021-06-12;0;0;0;0;0;0;0;0;0;0
FR;5;2021-06-13;0;0;0;0;0;0;0;0;0;0
FR;5;2021-06-14;0;0;0;0;0;0;0;0;0;0
FR;5;2021-06-15;0;0;0;0;0;0;0;0;0;0
FR;5;2021-06-16;0;0;0;0;0;0;0;0;0;0
FR;5;2021-06-17;0;0;0;0;0;0;0;0;0;0
FR;5;2021-06-18;0;0;0;0;0;0;0;0;0;0
FR;5;2021-06-19;0;0;0;0;0;0;0;0;0;0
FR;5;2021-06-20;0;0;0;0;0;0;0;0;0;0
FR;5;2021-06-21;0;0;0;0;0;0;0;0;0;0
FR;5;2021-06-22;0;0;0;0;0;0;0;0;0;0
FR;5;2021-06-23;0;0;0;0;0;0;0;0;0;0
FR;5;2021-06-24;0;0;0;0;0;0;0;0;0;0
FR;5;2021-06-25;0;0;0;0;0;0;0;0;0;0
FR;5;2021-06-26;0;0;0;0;0;0;0;0;0;0
FR;5;2021-06-27;0;0;0;0;0;0;0;0;0;0
FR;5;2021-06-28;0;0;0;0;0;0;0;0;0;0
FR;5;2021-06-29;0;0;0;0;0;0;0;0;0;0
FR;5;2021-06-30;0;0;0;0;0;0;0;0;0;0
FR;5;2021-07-01;0;0;0;0;0;0;0;0;0;0
FR;5;2021-07-02;0;0;0;0;0;0;0;0;0;0
FR;5;2021-07-03;0;0;0;0;0;0;0;0;0;0
FR;5;2021-07-04;0;0;0;0;0;0;0;0;0;0
FR;5;2021-07-05;0;0;0;0;0;0;0;0;0;0
FR;5;2021-07-06;0;0;0;0;0;0;0;0;0;0
FR;5;2021-07-07;0;0;0;0;0;0;0;0;0;0
FR;5;2021-07-08;0;0;0;0;0;0;0;0;0;0
FR;5;2021-07-09;0;0;0;0;0;0;0;0;0;0
FR;5;2021-07-10;0;0;0;0;0;0;0;0;0;0
FR;5;2021-07-11;0;0;0;0;0;0;0;0;0;0
FR;5;2021-07-12;0;0;0;0;0;0;0;0;0;0
FR;5;2021-07-13;0;0;0;0;0;0;0;0;0;0
FR;5;2021-07-14;0;0;0;0;0;0;0;0;0;0
FR;5;2021-07-15;0;0;0;0;0;0;0;0;0;0
FR;5;2021-07-16;0;0;0;0;0;0;0;0;0;0
FR;5;2021-07-17;0;0;0;0;0;0;0;0;0;0
FR;5;2021-07-18;0;0;0;0;0;0;0;0;0;0
FR;5;2021-07-19;0;0;0;0;0;0;0;0;0;0
FR;5;2021-07-20;0;0;0;0;0;0;0;0;0;0
FR;5;2021-07-21;0;0;0;0;0;0;0;0;0;0
FR;5;2021-07-22;0;0;0;0;0;0;0;0;0;0
FR;5;2021-07-23;0;0;0;0;0;0;0;0;0;0
FR;5;2021-07-24;0;0;0;0;0;0;0;0;0;0
FR;5;2021-07-25;0;0;0;0;0;0;0;0;0;0
FR;5;2021-07-26;0;0;0;0;0;0;0;0;0;0
FR;5;2021-07-27;0;0;0;0;0;0;0;0;0;0
FR;5;2021-07-28;0;0;0;0;0;0;0;0;0;0
FR;5;2021-07-29;0;0;0;0;0;0;0;0;0;0
FR;5;2021-07-30;0;0;0;0;0;0;0;0;0;0
FR;5;2021-07-31;0;0;0;0;0;0;0;0;0;0
FR;5;2021-08-01;0;0;0;0;0;0;0;0;0;0
FR;5;2021-08-02;0;0;0;0;0;0;0;0;0;0
FR;5;2021-08-03;0;0;0;0;0;0;0;0;0;0
FR;5;2021-08-04;0;0;0;0;0;0;0;0;0;0
FR;5;2021-08-05;0;0;0;0;0;0;0;0;0;0
FR;5;2021-08-06;0;0;0;0;0;0;0;0;0;0
FR;5;2021-08-07;0;0;0;0;0;0;0;0;0;0
FR;5;2021-08-08;0;0;0;0;0;0;0;0;0;0
FR;5;2021-08-09;0;0;0;0;0;0;0;0;0;0
FR;5;2021-08-10;0;0;0;0;0;0;0;0;0;0
FR;5;2021-08-11;0;0;0;0;0;0;0;0;0;0
FR;5;2021-08-12;0;0;0;0;0;0;0;0;0;0
FR;5;2021-08-13;0;0;0;0;0;0;0;0;0;0
FR;5;2021-08-14;0;0;0;0;0;0;0;0;0;0
FR;5;2021-08-15;0;0;0;0;0;0;0;0;0;0
FR;5;2021-08-16;0;0;0;0;0;0;0;0;0;0
FR;5;2021-08-17;0;0;0;0;0;0;0;0;0;0
FR;5;2021-08-18;0;0;0;0;0;0;0;0;0;0
FR;5;2021-08-19;0;0;0;0;0;0;0;0;0;0
FR;5;2021-08-20;0;0;0;0;0;0;0;0;0;0
FR;5;2021-08-21;0;0;0;0;0;0;0;0;0;0
FR;5;2021-08-22;0;0;0;0;0;0;0;0;0;0
FR;5;2021-08-23;0;0;0;0;0;0;0;0;0;0
FR;5;2021-08-24;0;0;0;0;0;0;0;0;0;0
FR;5;2021-08-25;0;0;0;0;0;0;0;0;0;0
FR;5;2021-08-26;0;0;0;0;0;0;0;0;0;0
FR;5;2021-08-27;0;0;0;0;0;0;0;0;0;0
FR;5;2021-08-28;0;0;0;0;0;0;0;0;0;0
FR;5;2021-08-29;0;0;0;0;0;0;0;0;0;0
FR;5;2021-08-30;0;0;0;0;0;0;0;0;0;0
FR;5;2021-08-31;0;0;0;0;0;0;0;0;0;0
FR;5;2021-09-01;0;0;0;0;0;0;0;0;0;0
FR;5;2021-09-02;0;0;0;0;0;0;0;0;0;0
FR;5;2021-09-03;0;0;0;0;0;0;0;0;0;0
FR;5;2021-09-04;0;0;0;0;0;0;0;0;0;0
FR;5;2021-09-05;0;0;0;0;0;0;0;0;0;0
FR;5;2021-09-06;0;0;0;0;0;0;0;0;0;0
FR;5;2021-09-07;0;0;0;0;0;0;0;0;0;0
FR;5;2021-09-08;0;0;0;0;0;0;0;0;0;0
FR;5;2021-09-09;0;0;0;0;0;0;0;0;0;0
FR;5;2021-09-10;0;0;0;0;0;0;0;0;0;0
FR;5;2021-09-11;0;0;0;0;0;0;0;0;0;0
FR;5;2021-09-12;0;0;0;0;0;0;0;0;0;0
FR;5;2021-09-13;0;0;0;0;0;0;0;0;0;0
FR;5;2021-09-14;0;0;0;0;0;0;0;0;0;0
FR;5;2021-09-15;0;0;0;0;0;0;0;0;0;0
FR;5;2021-09-16;0;0;0;0;0;0;0;0;0;0
FR;5;2021-09-17;0;0;0;0;0;0;0;0;0;0
FR;5;2021-09-18;0;0;0;0;0;0;0;0;0;0
FR;5;2021-09-19;0;0;0;0;0;0;0;0;0;0
FR;5;2021-09-20;0;0;0;0;0;0;0;0;0;0
FR;5;2021-09-21;0;0;0;0;0;0;0;0;0;0
FR;5;2021-09-22;0;0;0;0;0;0;0;0;0;0
FR;5;2021-09-23;0;0;0;0;0;0;0;0;0;0
FR;5;2021-09-24;0;0;0;0;0;0;0;0;0;0
FR;5;2021-09-25;0;0;0;0;0;0;0;0;0;0
FR;5;2021-09-26;0;0;0;0;0;0;0;0;0;0
FR;5;2021-09-27;0;0;0;0;0;0;0;0;0;0
FR;5;2021-09-28;0;0;0;0;0;0;0;0;0;0
FR;5;2021-09-29;0;0;0;0;0;0;0;0;0;0
FR;5;2021-09-30;0;0;0;0;0;0;0;0;0;0
FR;5;2021-10-01;0;0;0;0;0;0;0;0;0;0
FR;5;2021-10-02;0;0;0;0;0;0;0;0;0;0
FR;5;2021-10-03;0;0;0;0;0;0;0;0;0;0
FR;5;2021-10-04;0;0;0;0;0;0;0;0;0;0
FR;5;2021-10-05;0;0;0;0;0;0;0;0;0;0
FR;5;2021-10-06;0;0;0;0;0;0;0;0;0;0
FR;5;2021-10-07;0;0;0;0;0;0;0;0;0;0
FR;5;2021-10-08;0;0;0;0;0;0;0;0;0;0
FR;5;2021-10-09;0;0;0;0;0;0;0;0;0;0
FR;5;2021-10-10;0;0;0;0;0;0;0;0;0;0
FR;5;2021-10-11;0;0;0;0;0;0;0;0;0;0
FR;5;2021-10-12;0;0;0;0;0;0;0;0;0;0
FR;5;2021-10-13;0;0;0;0;0;0;0;0;0;0
FR;5;2021-10-14;0;0;0;0;0;0;0;0;0;0
FR;5;2021-10-15;0;0;0;0;0;0;0;0;0;0
FR;5;2021-10-16;0;0;0;0;0;0;0;0;0;0
FR;5;2021-10-17;0;0;0;0;0;0;0;0;0;0
FR;5;2021-10-18;0;0;0;0;0;0;0;0;0;0
FR;5;2021-10-19;0;0;0;0;0;0;0;0;0;0
FR;5;2021-10-20;0;0;0;0;0;0;0;0;0;0
FR;5;2021-10-21;0;0;0;0;0;0;0;0;0;0
FR;5;2021-10-22;0;0;0;0;0;0;0;0;0;0
FR;5;2021-10-23;0;0;0;0;0;0;0;0;0;0
FR;5;2021-10-24;0;0;0;0;0;0;0;0;0;0
FR;5;2021-10-25;0;0;0;0;0;0;0;0;0;0
FR;5;2021-10-26;0;0;0;0;0;0;0;0;0;0
FR;5;2021-10-27;0;0;0;0;0;0;0;0;0;0
FR;5;2021-10-28;0;0;0;0;0;0;0;0;0;0
FR;5;2021-10-29;0;0;0;0;0;0;0;0;0;0
FR;5;2021-10-30;0;0;0;0;0;0;0;0;0;0
FR;5;2021-10-31;0;0;0;0;0;0;0;0;0;0
FR;5;2021-11-01;0;0;0;0;0;0;0;0;0;0
FR;5;2021-11-02;0;0;0;0;0;0;0;0;0;0
FR;5;2021-11-03;0;0;0;0;0;0;0;0;0;0
FR;5;2021-11-04;0;0;0;0;0;0;0;0;0;0
FR;5;2021-11-05;0;0;0;0;0;0;0;0;0;0
FR;5;2021-11-06;0;0;0;0;0;0;0;0;0;0
FR;5;2021-11-07;0;0;0;0;0;0;0;0;0;0
FR;5;2021-11-08;0;0;0;0;0;0;0;0;0;0
FR;5;2021-11-09;0;0;0;0;0;0;0;0;0;0
FR;5;2021-11-10;0;0;0;0;0;0;0;0;0;0
FR;5;2021-11-11;0;0;0;0;0;0;0;0;0;0
FR;5;2021-11-12;0;0;0;0;0;0;0;0;0;0
FR;5;2021-11-13;0;0;0;0;0;0;0;0;0;0
FR;5;2021-11-14;0;0;0;0;0;0;0;0;0;0
FR;5;2021-11-15;0;0;0;0;0;0;0;0;0;0
FR;5;2021-11-16;0;0;0;0;0;0;0;0;0;0
FR;5;2021-11-17;0;0;0;0;0;0;0;0;0;0
FR;5;2021-11-18;0;0;0;0;0;0;0;0;0;0
FR;5;2021-11-19;0;0;0;0;0;0;0;0;0;0
FR;5;2021-11-20;0;0;0;0;0;0;0;0;0;0
FR;5;2021-11-21;0;0;0;0;0;0;0;0;0;0
FR;5;2021-11-22;0;0;0;0;0;0;0;0;0;0
FR;5;2021-11-23;0;0;0;0;0;0;0;0;0;0
FR;5;2021-11-24;0;0;0;0;0;0;0;0;0;0
FR;5;2021-11-25;0;0;0;0;0;0;0;0;0;0
FR;5;2021-11-26;0;0;0;0;0;0;0;0;0;0
FR;5;2021-11-27;0;0;0;0;0;0;0;0;0;0
FR;5;2021-11-28;0;0;0;0;0;0;0;0;0;0
FR;5;2021-11-29;0;0;0;0;0;0;0;0;0;0
FR;5;2021-11-30;0;0;0;0;0;0;0;0;0;0
FR;5;2021-12-01;0;0;0;0;0;0;0;0;0;0
FR;5;2021-12-02;0;0;0;0;0;0;0;0;0;0
FR;5;2021-12-03;0;0;0;0;0;0;0;0;0;0
FR;5;2021-12-04;0;0;0;0;0;0;0;0;0;0
FR;5;2021-12-05;0;0;0;0;0;0;0;0;0;0
FR;5;2021-12-06;0;0;0;0;0;0;0;0;0;0
FR;5;2021-12-07;0;0;0;0;0;0;0;0;0;0
FR;5;2021-12-08;0;0;0;0;0;0;0;0;0;0
FR;5;2021-12-09;0;0;0;0;0;0;0;0;0;0
FR;5;2021-12-10;0;0;0;0;0;0;0;0;0;0
FR;5;2021-12-11;0;0;0;0;0;0;0;0;0;0
FR;5;2021-12-12;0;0;0;0;0;0;0;0;0;0
FR;5;2021-12-13;0;0;0;0;0;0;0;0;0;0
FR;5;2021-12-14;33;45;77;0;88;33;45;77;0;88
FR;5;2021-12-15;196;44;37;0;49;229;89;114;0;137
FR;5;2021-12-16;181;21;44;0;48;410;110;158;0;185
FR;5;2021-12-17;312;16;72;0;74;722;126;230;0;259
FR;5;2021-12-18;766;24;22;0;29;1488;150;252;0;288
FR;5;2021-12-19;586;15;15;0;17;2074;165;267;0;305
FR;5;2021-12-20;1223;31;35;0;38;3297;196;302;0;343
FR;5;2021-12-21;1535;22;54;1;60;4832;218;356;1;403
FR;5;2021-12-22;4069;40;37;0;46;8901;258;393;1;449
FR;5;2021-12-23;3042;16;21;0;25;11943;274;414;1;474
FR;5;2021-12-24;761;18;9;0;14;12704;292;423;1;488
FR;5;2021-12-25;61;5;2;0;3;12765;297;425;1;491
FR;5;2021-12-26;623;6;3;0;4;13388;303;428;1;495
FR;5;2021-12-27;4085;25;21;0;23;17473;328;449;1;518
FR;5;2021-12-28;5204;23;41;1;43;22677;351;490;2;561
FR;5;2021-12-29;8106;34;66;2;69;30783;385;556;4;630
FR;5;2021-12-30;5173;18;33;0;39;35956;403;589;4;669
FR;5;2021-12-31;1553;8;10;0;11;37509;411;599;4;680
FR;5;2022-01-01;185;2;2;0;3;37694;413;601;4;683
FR;5;2022-01-02;1489;1;1;0;1;39183;414;602;4;684
FR;5;2022-01-03;3066;36;34;0;33;42249;450;636;4;717
FR;5;2022-01-04;3033;39;33;0;42;45282;489;669;4;759
FR;5;2022-01-05;19323;203;97;1;108;64605;692;766;5;867
FR;5;2022-01-06;3748;134;122;0;142;68353;826;888;5;1009
FR;5;2022-01-07;5007;202;48;2;56;73360;1028;936;7;1065
FR;5;2022-01-08;13658;514;45;0;52;87018;1542;981;7;1117
FR;5;2022-01-09;5754;399;15;0;20;92772;1941;996;7;1137
FR;5;2022-01-10;3455;326;25;0;29;96227;2267;1021;7;1166
FR;5;2022-01-11;3671;284;38;0;41;99898;2551;1059;7;1207
FR;5;2022-01-12;22652;3005;89;0;112;122550;5556;1148;7;1319
FR;5;2022-01-13;4038;622;29;0;31;126588;6178;1177;7;1350
FR;5;2022-01-14;4843;582;44;0;51;131431;6760;1221;7;1401
FR;5;2022-01-15;14686;1746;38;3;49;146117;8506;1259;10;1450
FR;5;2022-01-16;4727;666;3;0;5;150844;9172;1262;10;1455
FR;5;2022-01-17;2297;718;26;0;29;153141;9890;1288;10;1484
FR;5;2022-01-18;2431;870;30;0;40;155572;10760;1318;10;1524
FR;5;2022-01-19;18482;6423;74;2;142;174054;17183;1392;12;1666
FR;5;2022-01-20;1920;1068;25;0;34;175974;18251;1417;12;1700
FR;5;2022-01-21;3077;1372;47;1;59;179051;19623;1464;13;1759
FR;5;2022-01-22;10720;3454;33;1;43;189771;23077;1497;14;1802
FR;5;2022-01-23;2629;1415;6;0;10;192400;24492;1503;14;1812
FR;5;2022-01-24;1161;1340;19;0;23;193561;25832;1522;14;1835
FR;5;2022-01-25;1220;1549;20;2;31;194781;27381;1542;16;1866
FR;5;2022-01-26;10751;12029;50;1;89;205532;39410;1592;17;1955
FR;5;2022-01-27;1291;1692;10;0;17;206823;41102;1602;17;1972
FR;5;2022-01-28;1699;3347;16;0;19;208522;44449;1618;17;1991
FR;5;2022-01-29;6241;8041;68;0;96;214763;52490;1686;17;2087
FR;5;2022-01-30;1509;2950;5;0;18;216272;55440;1691;17;2105
FR;5;2022-01-31;589;1773;23;0;24;216861;57213;1714;17;2129
FR;5;2022-02-01;712;1706;10;0;15;217573;58919;1724;17;2144
FR;5;2022-02-02;6958;15656;52;0;94;224531;74575;1776;17;2238
FR;5;2022-02-03;491;1691;14;0;13;225022;76266;1790;17;2251
FR;5;2022-02-04;945;3002;19;0;31;225967;79268;1809;17;2282
FR;5;2022-02-05;3535;8919;23;0;37;229502;88187;1832;17;2319
FR;5;2022-02-06;737;2397;10;0;19;230239;90584;1842;17;2338
FR;5;2022-02-07;884;1596;23;0;25;231123;92180;1865;17;2363
FR;5;2022-02-08;723;1287;18;0;20;231846;93467;1883;17;2383
FR;5;2022-02-09;4544;12878;44;0;76;236390;106345;1927;17;2459
FR;5;2022-02-10;646;1059;14;0;15;237036;107404;1941;17;2474
FR;5;2022-02-11;793;2032;16;0;21;237829;109436;1957;17;2495
FR;5;2022-02-12;2286;6812;33;0;53;240115;116248;1990;17;2548
FR;5;2022-02-13;464;1540;8;0;8;240579;117788;1998;17;2556
FR;5;2022-02-14;678;1288;10;0;13;241257;119076;2008;17;2569
FR;5;2022-02-15;482;886;9;0;14;241739;119962;2017;17;2583
FR;5;2022-02-16;2980;9123;41;1;58;244719;129085;2058;18;2641
FR;5;2022-02-17;436;809;6;0;7;245155;129894;2064;18;2648
FR;5;2022-02-18;649;1408;13;0;17;245804;131302;2077;18;2665
FR;5;2022-02-19;1373;4315;16;0;28;247177;135617;2093;18;2693
FR;5;2022-02-20;247;879;6;0;8;247424;136496;2099;18;2701
FR;5;2022-02-21;221;607;2;0;4;247645;137103;2101;18;2705
FR;5;2022-02-22;262;545;17;0;17;247907;137648;2118;18;2722
FR;5;2022-02-23;1909;6926;23;1;43;249816;144574;2141;19;2765
FR;5;2022-02-24;182;374;6;1;7;249998;144948;2147;20;2772
FR;5;2022-02-25;336;950;13;0;12;250334;145898;2160;20;2784
FR;5;2022-02-26;972;3071;11;0;15;251306;148969;2171;20;2799
FR;5;2022-02-27;151;506;0;0;3;251457;149475;2171;20;2802
FR;5;2022-02-28;162;369;1;0;1;251619;149844;2172;20;2803
FR;5;2022-03-01;130;280;6;0;7;251749;150124;2178;20;2810
FR;5;2022-03-02;1241;4156;28;3;40;252990;154280;2206;23;2850
FR;5;2022-03-03;121;251;5;0;10;253111;154531;2211;23;2860
FR;5;2022-03-04;197;488;13;0;14;253308;155019;2224;23;2874
FR;5;2022-03-05;677;1990;8;0;16;253985;157009;2232;23;2890
FR;5;2022-03-06;108;260;0;0;0;254093;157269;2232;23;2890
FR;5;2022-03-07;71;228;5;0;3;254164;157497;2237;23;2893
FR;5;2022-03-08;46;134;7;1;8;254210;157631;2244;24;2901
FR;5;2022-03-09;910;3078;24;0;36;255120;160709;2268;24;2937
FR;5;2022-03-10;82;202;9;0;13;255202;160911;2277;24;2950
FR;5;2022-03-11;148;369;13;1;15;255350;161280;2290;25;2965
FR;5;2022-03-12;758;1613;13;1;30;256108;162893;2303;26;2995
FR;5;2022-03-13;78;100;0;0;0;256186;162993;2303;26;2995
FR;5;2022-03-14;67;119;7;1;7;256253;163112;2310;27;3002
FR;5;2022-03-15;83;99;4;0;7;256336;163211;2314;27;3009
FR;5;2022-03-16;882;1827;15;3;36;257218;165038;2329;30;3045
FR;5;2022-03-17;68;123;8;4;10;257286;165161;2337;34;3055
FR;5;2022-03-18;172;318;13;4;18;257458;165479;2350;38;3073
FR;5;2022-03-19;751;1163;12;5;33;258209;166642;2362;43;3106
FR;5;2022-03-20;45;93;1;0;1;258254;166735;2363;43;3107
FR;5;2022-03-21;71;120;10;6;15;258325;166855;2373;49;3122
FR;5;2022-03-22;56;119;8;7;9;258381;166974;2381;56;3131
FR;5;2022-03-23;805;1461;14;8;36;259186;168435;2395;64;3167
FR;5;2022-03-24;70;93;8;7;7;259256;168528;2403;71;3174
FR;5;2022-03-25;222;293;14;8;18;259478;168821;2417;79;3192
FR;5;2022-03-26;707;853;12;5;26;260185;169674;2429;84;3218
FR;5;2022-03-27;75;81;0;0;3;260260;169755;2429;84;3221
FR;5;2022-03-28;81;93;1;2;3;260341;169848;2430;86;3224
FR;5;2022-03-29;71;82;10;4;12;260412;169930;2440;90;3236
FR;5;2022-03-30;823;1116;16;13;29;261235;171046;2456;103;3265
FR;5;2022-03-31;102;125;1;4;6;261337;171171;2457;107;3271
FR;5;2022-04-01;114;86;7;12;11;261451;171257;2464;119;3282
FR;5;2022-04-02;330;349;3;3;15;261781;171606;2467;122;3297
FR;5;2022-04-03;54;59;1;0;1;261835;171665;2468;122;3298
FR;5;2022-04-04;40;57;4;1;8;261875;171722;2472;123;3306
FR;5;2022-04-05;52;60;6;6;9;261927;171782;2478;129;3315
FR;5;2022-04-06;421;439;7;15;16;262348;172221;2485;144;3331
FR;5;2022-04-07;45;69;5;7;7;262393;172290;2490;151;3338
FR;5;2022-04-08;134;112;12;13;14;262527;172402;2502;164;3352
FR;5;2022-04-09;311;324;2;5;17;262838;172726;2504;169;3369
FR;5;2022-04-10;44;31;2;0;2;262882;172757;2506;169;3371
FR;5;2022-04-11;50;60;3;2;4;262932;172817;2509;171;3375
FR;5;2022-04-12;59;54;3;3;5;262991;172871;2512;174;3380
FR;5;2022-04-13;382;413;3;8;16;263373;173284;2515;182;3396
FR;5;2022-04-14;48;51;5;5;9;263421;173335;2520;187;3405
FR;5;2022-04-15;91;109;4;4;5;263512;173444;2524;191;3410
FR;5;2022-04-16;188;184;2;1;13;263700;173628;2526;192;3423
FR;5;2022-04-17;12;11;1;0;1;263712;173639;2527;192;3424
FR;5;2022-04-18;9;10;2;0;3;263721;173649;2529;192;3427
FR;5;2022-04-19;75;71;6;1;6;263796;173720;2535;193;3433
FR;5;2022-04-20;361;349;9;6;12;264157;174069;2544;199;3445
FR;5;2022-04-21;42;64;9;10;12;264199;174133;2553;209;3457
FR;5;2022-04-22;113;96;5;4;5;264312;174229;2558;213;3462
FR;5;2022-04-23;209;193;4;2;11;264521;174422;2562;215;3473
FR;5;2022-04-24;37;35;0;0;3;264558;174457;2562;215;3476
FR;5;2022-04-25;69;65;1;1;4;264627;174522;2563;216;3480
FR;5;2022-04-26;60;63;2;1;5;264687;174585;2565;217;3485
FR;5;2022-04-27;335;316;3;7;14;265022;174901;2568;224;3499
FR;5;2022-04-28;81;54;4;5;8;265103;174955;2572;229;3507
FR;5;2022-04-29;117;84;5;19;12;265220;175039;2577;248;3519
FR;5;2022-04-30;183;114;2;3;10;265403;175153;2579;251;3529
FR;5;2022-05-01;11;7;0;0;0;265414;175160;2579;251;3529
FR;5;2022-05-02;52;28;4;5;2;265466;175188;2583;256;3531
FR;5;2022-05-03;84;57;2;4;11;265550;175245;2585;260;3542
FR;5;2022-05-04;278;205;1;2;7;265828;175450;2586;262;3549
FR;5;2022-05-05;62;32;3;4;5;265890;175482;2589;266;3554
FR;5;2022-05-06;105;65;2;3;5;265995;175547;2591;269;3559
FR;5;2022-05-07;171;117;2;10;13;266166;175664;2593;279;3572
FR;5;2022-05-08;8;8;0;0;2;266174;175672;2593;279;3574
FR;5;2022-05-09;44;34;15;3;16;266218;175706;2608;282;3590
FR;5;2022-05-10;54;49;3;4;5;266272;175755;2611;286;3595
FR;5;2022-05-11;326;237;12;7;21;266598;175992;2623;293;3616
FR;5;2022-05-12;46;34;2;2;2;266644;176026;2625;295;3618
FR;5;2022-05-13;109;83;3;8;8;266753;176109;2628;303;3626
FR;5;2022-05-14;209;131;0;1;8;266962;176240;2628;304;3634
FR;5;2022-05-15;22;9;2;0;1;266984;176249;2630;304;3635
FR;5;2022-05-16;52;34;4;5;4;267036;176283;2634;309;3639
FR;5;2022-05-17;72;40;5;0;2;267108;176323;2639;309;3641
FR;5;2022-05-18;289;215;4;4;8;267397;176538;2643;313;3649
FR;5;2022-05-19;45;35;5;3;3;267442;176573;2648;316;3652
FR;5;2022-05-20;76;63;3;10;1;267518;176636;2651;326;3653
FR;5;2022-05-21;242;166;2;3;17;267760;176802;2653;329;3670
FR;5;2022-05-22;20;14;2;5;2;267780;176816;2655;334;3672
FR;5;2022-05-23;42;31;4;3;6;267822;176847;2659;337;3678
FR;5;2022-05-24;47;45;3;2;5;267869;176892;2662;339;3683
FR;5;2022-05-25;329;257;4;1;16;268198;177149;2666;340;3699
FR;5;2022-05-26;17;5;0;1;2;268215;177154;2666;341;3701
FR;5;2022-05-27;99;54;4;4;9;268314;177208;2670;345;3710
FR;5;2022-05-28;100;78;5;3;10;268414;177286;2675;348;3720
FR;5;2022-05-29;14;14;1;0;2;268428;177300;2676;348;3722
FR;5;2022-05-30;56;41;2;1;2;268484;177341;2678;349;3724
FR;5;2022-05-31;57;43;1;8;1;268541;177384;2679;357;3725
FR;5;2022-06-01;257;241;9;2;25;268798;177625;2688;359;3750
FR;5;2022-06-02;63;61;5;0;9;268861;177686;2693;359;3759
FR;5;2022-06-03;82;71;4;5;10;268943;177757;2697;364;3769
FR;5;2022-06-04;157;109;2;1;9;269100;177866;2699;365;3778
FR;5;2022-06-05;18;11;0;0;1;269118;177877;2699;365;3779
FR;5;2022-06-06;16;9;0;1;0;269134;177886;2699;366;3779
FR;5;2022-06-07;50;56;1;1;2;269184;177942;2700;367;3781
FR;5;2022-06-08;283;225;3;4;17;269467;178167;2703;371;3798
FR;5;2022-06-09;52;41;6;3;7;269519;178208;2709;374;3805
FR;5;2022-06-10;81;72;1;1;6;269600;178280;2710;375;3811
FR;5;2022-06-11;173;141;3;3;10;269773;178421;2713;378;3821
FR;5;2022-06-12;17;16;0;0;2;269790;178437;2713;378;3823
FR;5;2022-06-13;56;47;9;3;10;269846;178484;2722;381;3833
FR;5;2022-06-14;59;56;1;4;6;269905;178540;2723;385;3839
FR;5;2022-06-15;266;260;5;2;27;270171;178800;2728;387;3866
FR;5;2022-06-16;47;30;5;2;5;270218;178830;2733;389;3871
FR;5;2022-06-17;100;67;5;5;10;270318;178897;2738;394;3881
FR;5;2022-06-18;146;95;10;2;26;270464;178992;2748;396;3907
FR;5;2022-06-19;26;15;0;1;4;270490;179007;2748;397;3911
FR;5;2022-06-20;56;50;8;0;11;270546;179057;2756;397;3922
FR;5;2022-06-21;52;73;5;3;7;270598;179130;2761;400;3929
FR;5;2022-06-22;224;247;7;9;33;270822;179377;2768;409;3962
FR;5;2022-06-23;50;38;2;5;6;270872;179415;2770;414;3968
FR;5;2022-06-24;91;70;12;5;16;270963;179485;2782;419;3984
FR;5;2022-06-25;154;124;3;7;14;271117;179609;2785;426;3998
FR;5;2022-06-26;26;19;2;0;5;271143;179628;2787;426;4003
FR;5;2022-06-27;57;60;5;7;11;271200;179688;2792;433;4014
FR;5;2022-06-28;70;49;8;2;14;271270;179737;2800;435;4028
FR;5;2022-06-29;297;268;9;21;34;271567;180005;2809;456;4062
FR;5;2022-06-30;89;57;10;12;17;271656;180062;2819;468;4079
FR;5;2022-07-01;127;65;7;11;12;271783;180127;2826;479;4091
FR;5;2022-07-02;191;132;4;0;22;271974;180259;2830;479;4113
FR;5;2022-07-03;30;25;1;0;4;272004;180284;2831;479;4117
FR;5;2022-07-04;103;64;2;5;6;272107;180348;2833;484;4123
FR;5;2022-07-05;104;72;3;8;13;272211;180420;2836;492;4136
FR;5;2022-07-06;277;168;9;36;27;272488;180588;2845;528;4163
FR;5;2022-07-07;88;68;6;9;13;272576;180656;2851;537;4176
FR;5;2022-07-08;152;120;7;14;25;272728;180776;2858;551;4201
FR;5;2022-07-09;116;68;1;8;10;272844;180844;2859;559;4211
FR;5;2022-07-10;15;6;0;0;1;272859;180850;2859;559;4212
FR;5;2022-07-11;92;72;10;2;19;272951;180922;2869;561;4231
FR;5;2022-07-12;67;63;5;10;7;273018;180985;2874;571;4238
FR;5;2022-07-13;169;118;10;19;16;273187;181103;2884;590;4254
FR;5;2022-07-14;8;4;0;0;0;273195;181107;2884;590;4254
FR;5;2022-07-15;74;66;5;14;15;273269;181173;2889;604;4269
FR;5;2022-07-16;54;44;3;0;3;273323;181217;2892;604;4272
FR;5;2022-07-17;10;7;3;0;2;273333;181224;2895;604;4274
FR;5;2022-07-18;60;47;0;4;4;273393;181271;2895;608;4278
FR;5;2022-07-19;63;42;5;3;7;273456;181313;2900;611;4285
FR;5;2022-07-20;119;106;4;11;14;273575;181419;2904;622;4299
FR;5;2022-07-21;38;43;2;10;5;273613;181462;2906;632;4304
FR;5;2022-07-22;48;69;11;13;23;273661;181531;2917;645;4327
FR;5;2022-07-23;59;78;2;1;11;273720;181609;2919;646;4338
FR;5;2022-07-24;11;9;3;1;3;273731;181618;2922;647;4341
FR;5;2022-07-25;53;48;2;7;8;273784;181666;2924;654;4349
FR;5;2022-07-26;58;52;5;41;6;273842;181718;2929;695;4355
FR;5;2022-07-27;106;118;4;4;13;273948;181836;2933;699;4368
FR;5;2022-07-28;39;35;2;2;6;273987;181871;2935;701;4374
FR;5;2022-07-29;56;74;3;14;8;274043;181945;2938;715;4382
FR;5;2022-07-30;55;53;5;1;7;274098;181998;2943;716;4389
FR;5;2022-07-31;7;11;1;0;1;274105;182009;2944;716;4390
FR;5;2022-08-01;39;53;1;2;6;274144;182062;2945;718;4396
FR;5;2022-08-02;32;43;8;7;8;274176;182105;2953;725;4404
FR;5;2022-08-03;54;51;4;10;9;274230;182156;2957;735;4413
FR;5;2022-08-04;20;18;1;6;1;274250;182174;2958;741;4414
FR;5;2022-08-05;35;26;3;3;3;274285;182200;2961;744;4417
FR;5;2022-08-06;23;26;1;0;1;274308;182226;2962;744;4418
FR;5;2022-08-07;2;2;1;0;1;274310;182228;2963;744;4419
FR;5;2022-08-08;26;19;1;2;2;274336;182247;2964;746;4421
FR;5;2022-08-09;26;28;3;3;3;274362;182275;2967;749;4424
FR;5;2022-08-10;47;47;2;0;5;274409;182322;2969;749;4429
FR;5;2022-08-11;19;36;2;2;5;274428;182358;2971;751;4434
FR;5;2022-08-12;27;28;2;0;2;274455;182386;2973;751;4436
FR;5;2022-08-13;16;18;0;0;0;274471;182404;2973;751;4436
FR;5;2022-08-14;2;3;0;0;0;274473;182407;2973;751;4436
FR;5;2022-08-15;2;5;0;0;0;274475;182412;2973;751;4436
FR;5;2022-08-16;33;26;3;0;6;274508;182438;2976;751;4442
FR;5;2022-08-17;52;55;2;1;1;274560;182493;2978;752;4443
FR;5;2022-08-18;26;18;8;17;10;274586;182511;2986;769;4453
FR;5;2022-08-19;25;33;1;2;2;274611;182544;2987;771;4455
FR;5;2022-08-20;25;27;2;1;4;274636;182571;2989;772;4459
FR;5;2022-08-21;7;4;1;0;1;274643;182575;2990;772;4460
FR;5;2022-08-22;39;26;1;6;2;274682;182601;2991;778;4462
FR;5;2022-08-23;27;26;1;1;2;274709;182627;2992;779;4464
FR;5;2022-08-24;50;43;0;0;0;274759;182670;2992;779;4464
FR;5;2022-08-25;27;26;3;1;2;274786;182696;2995;780;4466
FR;5;2022-08-26;48;38;7;2;5;274834;182734;3002;782;4471
FR;5;2022-08-27;46;28;1;0;3;274880;182762;3003;782;4474
FR;5;2022-08-28;5;6;0;0;0;274885;182768;3003;782;4474
FR;5;2022-08-29;58;44;1;1;4;274943;182812;3004;783;4478
FR;5;2022-08-30;43;23;12;29;10;274986;182835;3016;812;4488
FR;5;2022-08-31;53;47;6;1;11;275039;182882;3022;813;4499
FR;5;2022-09-01;14;8;1;4;1;275053;182890;3023;817;4500
FR;5;2022-09-02;42;22;8;2;9;275095;182912;3031;819;4509
FR;5;2022-09-03;69;37;2;0;2;275164;182949;3033;819;4511
FR;5;2022-09-04;12;7;1;0;3;275176;182956;3034;819;4514
FR;5;2022-09-05;7;4;1;0;1;275183;182960;3035;819;4515
FR;5;2022-09-06;21;14;3;15;2;275204;182974;3038;834;4517
FR;5;2022-09-07;79;53;1;1;3;275283;183027;3039;835;4520
FR;5;2022-09-08;9;4;0;4;0;275292;183031;3039;839;4520
FR;5;2022-09-09;40;11;9;2;10;275332;183042;3048;841;4530
FR;5;2022-09-10;40;45;1;1;8;275372;183087;3049;842;4538
FR;5;2022-09-11;3;3;0;0;1;275375;183090;3049;842;4539
FR;5;2022-09-12;7;5;2;2;2;275382;183095;3051;844;4541
FR;5;2022-09-13;9;6;0;1;3;275391;183101;3051;845;4544
FR;5;2022-09-14;52;46;4;7;9;275443;183147;3055;852;4553
FR;5;2022-09-15;11;13;2;3;5;275454;183160;3057;855;4558
FR;5;2022-09-16;25;33;1;4;3;275479;183193;3058;859;4561
FR;5;2022-09-17;60;43;1;1;5;275539;183236;3059;860;4566
FR;5;2022-09-18;9;6;0;1;1;275548;183242;3059;861;4567
FR;5;2022-09-19;22;17;2;1;5;275570;183259;3061;862;4572
FR;5;2022-09-20;15;11;3;3;1;275585;183270;3064;865;4573
FR;5;2022-09-21;68;45;9;0;13;275653;183315;3073;865;4586
FR;5;2022-09-22;12;6;4;24;4;275665;183321;3077;889;4590
FR;5;2022-09-23;20;24;2;3;8;275685;183345;3079;892;4598
FR;5;2022-09-24;44;51;1;8;5;275729;183396;3080;900;4603
FR;5;2022-09-25;6;12;0;0;1;275735;183408;3080;900;4604
FR;5;2022-09-26;15;7;0;2;0;275750;183415;3080;902;4604
FR;5;2022-09-27;7;12;4;9;4;275757;183427;3084;911;4608
FR;5;2022-09-28;65;64;5;0;7;275822;183491;3089;911;4615
FR;5;2022-09-29;17;9;1;0;1;275839;183500;3090;911;4616
FR;5;2022-09-30;28;44;2;2;4;275867;183544;3092;913;4620
FR;5;2022-10-01;39;35;5;5;8;275906;183579;3097;918;4628
FR;5;2022-10-02;1;9;1;0;1;275907;183588;3098;918;4629
FR;5;2022-10-03;7;6;3;0;4;275914;183594;3101;918;4633
FR;5;2022-10-04;11;8;0;3;1;275925;183602;3101;921;4634
FR;5;2022-10-05;57;61;2;2;13;275982;183663;3103;923;4647
FR;5;2022-10-06;12;10;0;4;1;275994;183673;3103;927;4648
FR;5;2022-10-07;21;31;1;0;5;276015;183704;3104;927;4653
FR;5;2022-10-08;33;51;1;0;7;276048;183755;3105;927;4660
FR;5;2022-10-09;7;10;0;0;1;276055;183765;3105;927;4661
FR;5;2022-10-10;14;6;0;1;1;276069;183771;3105;928;4662
FR;5;2022-10-11;6;13;2;1;2;276075;183784;3107;929;4664
FR;5;2022-10-12;39;57;3;2;8;276114;183841;3110;931;4672
FR;5;2022-10-13;11;16;2;0;4;276125;183857;3112;931;4676
FR;5;2022-10-14;21;21;1;0;5;276146;183878;3113;931;4681
FR;5;2022-10-15;19;26;10;0;11;276165;183904;3123;931;4692
FR;5;2022-10-16;3;1;0;0;1;276168;183905;3123;931;4693
FR;5;2022-10-17;8;8;2;1;3;276176;183913;3125;932;4696
FR;5;2022-10-18;6;7;0;2;0;276182;183920;3125;934;4696
FR;5;2022-10-19;38;42;8;0;11;276220;183962;3133;934;4707
FR;5;2022-10-20;18;15;2;1;3;276238;183977;3135;935;4710
FR;5;2022-10-21;22;15;6;0;8;276260;183992;3141;935;4718
FR;5;2022-10-22;34;28;2;12;5;276294;184020;3143;947;4723
FR;5;2022-10-23;9;3;0;0;0;276303;184023;3143;947;4723
FR;5;2022-10-24;14;7;6;7;9;276317;184030;3149;954;4732
FR;5;2022-10-25;12;9;6;3;8;276329;184039;3155;957;4740
FR;5;2022-10-26;34;22;6;0;10;276363;184061;3161;957;4750
FR;5;2022-10-27;16;4;4;0;4;276379;184065;3165;957;4754
FR;5;2022-10-28;19;13;5;3;6;276398;184078;3170;960;4760
FR;5;2022-10-29;21;13;0;0;3;276419;184091;3170;960;4763
FR;5;2022-10-30;1;4;2;0;3;276420;184095;3172;960;4766
FR;5;2022-10-31;14;11;2;1;3;276434;184106;3174;961;4769
FR;5;2022-11-01;1;1;0;1;0;276435;184107;3174;962;4769
FR;5;2022-11-02;23;17;5;4;5;276458;184124;3179;966;4774
FR;5;2022-11-03;22;4;1;1;1;276480;184128;3180;967;4775
FR;5;2022-11-04;19;17;1;0;2;276499;184145;3181;967;4777
FR;5;2022-11-05;25;16;1;0;1;276524;184161;3182;967;4778
FR;5;2022-11-06;1;7;0;0;0;276525;184168;3182;967;4778
FR;5;2022-11-07;4;3;3;0;3;276529;184171;3185;967;4781
FR;5;2022-11-08;11;7;1;2;1;276540;184178;3186;969;4782
FR;5;2022-11-09;28;29;6;1;6;276568;184207;3192;970;4788
FR;5;2022-11-10;11;15;1;0;1;276579;184222;3193;970;4789
FR;5;2022-11-11;2;4;0;1;0;276581;184226;3193;971;4789
FR;5;2022-11-12;19;10;5;9;6;276600;184236;3198;980;4795
FR;5;2022-11-13;2;2;0;1;0;276602;184238;3198;981;4795
FR;5;2022-11-14;8;10;0;1;3;276610;184248;3198;982;4798
FR;5;2022-11-15;8;6;4;2;4;276618;184254;3202;984;4802
FR;5;2022-11-16;29;28;2;1;5;276647;184282;3204;985;4807
FR;5;2022-11-17;6;15;2;0;3;276653;184297;3206;985;4810
FR;5;2022-11-18;15;17;6;0;8;276668;184314;3212;985;4818
FR;5;2022-11-19;18;27;2;0;6;276686;184341;3214;985;4824
FR;5;2022-11-20;6;3;0;0;0;276692;184344;3214;985;4824
FR;5;2022-11-21;8;5;0;2;2;276700;184349;3214;987;4826
FR;5;2022-11-22;9;3;0;1;0;276709;184352;3214;988;4826
FR;6;2020-12-27;0;0;0;0;0;0;0;0;0;0
FR;6;2020-12-28;0;0;0;0;0;0;0;0;0;0
FR;6;2020-12-29;0;0;0;0;0;0;0;0;0;0
FR;6;2020-12-30;0;0;0;0;0;0;0;0;0;0
FR;6;2020-12-31;0;0;0;0;0;0;0;0;0;0
FR;6;2021-01-01;0;0;0;0;0;0;0;0;0;0
FR;6;2021-01-02;0;0;0;0;0;0;0;0;0;0
FR;6;2021-01-03;0;0;0;0;0;0;0;0;0;0
FR;6;2021-01-04;0;0;0;0;0;0;0;0;0;0
FR;6;2021-01-05;0;0;0;0;0;0;0;0;0;0
FR;6;2021-01-06;0;0;0;0;0;0;0;0;0;0
FR;6;2021-01-07;0;0;0;0;0;0;0;0;0;0
FR;6;2021-01-08;0;0;0;0;0;0;0;0;0;0
FR;6;2021-01-09;0;0;0;0;0;0;0;0;0;0
FR;6;2021-01-10;0;0;0;0;0;0;0;0;0;0
FR;6;2021-01-11;0;0;0;0;0;0;0;0;0;0
FR;6;2021-01-12;0;0;0;0;0;0;0;0;0;0
FR;6;2021-01-13;0;0;0;0;0;0;0;0;0;0
FR;6;2021-01-14;0;0;0;0;0;0;0;0;0;0
FR;6;2021-01-15;0;0;0;0;0;0;0;0;0;0
FR;6;2021-01-16;0;0;0;0;0;0;0;0;0;0
FR;6;2021-01-17;0;0;0;0;0;0;0;0;0;0
FR;6;2021-01-18;0;0;0;0;0;0;0;0;0;0
FR;6;2021-01-19;0;0;0;0;0;0;0;0;0;0
FR;6;2021-01-20;0;0;0;0;0;0;0;0;0;0
FR;6;2021-01-21;0;0;0;0;0;0;0;0;0;0
FR;6;2021-01-22;0;0;0;0;0;0;0;0;0;0
FR;6;2021-01-23;0;0;0;0;0;0;0;0;0;0
FR;6;2021-01-24;0;0;0;0;0;0;0;0;0;0
FR;6;2021-01-25;0;0;0;0;0;0;0;0;0;0
FR;6;2021-01-26;0;0;0;0;0;0;0;0;0;0
FR;6;2021-01-27;0;0;0;0;0;0;0;0;0;0
FR;6;2021-01-28;0;0;0;0;0;0;0;0;0;0
FR;6;2021-01-29;0;0;0;0;0;0;0;0;0;0
FR;6;2021-01-30;0;0;0;0;0;0;0;0;0;0
FR;6;2021-01-31;0;0;0;0;0;0;0;0;0;0
FR;6;2021-02-01;0;0;0;0;0;0;0;0;0;0
FR;6;2021-02-02;0;0;0;0;0;0;0;0;0;0
FR;6;2021-02-03;0;0;0;0;0;0;0;0;0;0
FR;6;2021-02-04;0;0;0;0;0;0;0;0;0;0
FR;6;2021-02-05;0;0;0;0;0;0;0;0;0;0
FR;6;2021-02-06;0;0;0;0;0;0;0;0;0;0
FR;6;2021-02-07;0;0;0;0;0;0;0;0;0;0
FR;6;2021-02-08;0;0;0;0;0;0;0;0;0;0
FR;6;2021-02-09;0;0;0;0;0;0;0;0;0;0
FR;6;2021-02-10;0;0;0;0;0;0;0;0;0;0
FR;6;2021-02-11;0;0;0;0;0;0;0;0;0;0
FR;6;2021-02-12;0;0;0;0;0;0;0;0;0;0
FR;6;2021-02-13;0;0;0;0;0;0;0;0;0;0
FR;6;2021-02-14;0;0;0;0;0;0;0;0;0;0
FR;6;2021-02-15;0;0;0;0;0;0;0;0;0;0
FR;6;2021-02-16;0;0;0;0;0;0;0;0;0;0
FR;6;2021-02-17;0;0;0;0;0;0;0;0;0;0
FR;6;2021-02-18;0;0;0;0;0;0;0;0;0;0
FR;6;2021-02-19;0;0;0;0;0;0;0;0;0;0
FR;6;2021-02-20;0;0;0;0;0;0;0;0;0;0
FR;6;2021-02-21;0;0;0;0;0;0;0;0;0;0
FR;6;2021-02-22;0;0;0;0;0;0;0;0;0;0
FR;6;2021-02-23;0;0;0;0;0;0;0;0;0;0
FR;6;2021-02-24;0;0;0;0;0;0;0;0;0;0
FR;6;2021-02-25;0;0;0;0;0;0;0;0;0;0
FR;6;2021-02-26;0;0;0;0;0;0;0;0;0;0
FR;6;2021-02-27;0;0;0;0;0;0;0;0;0;0
FR;6;2021-02-28;0;0;0;0;0;0;0;0;0;0
FR;6;2021-03-01;0;0;0;0;0;0;0;0;0;0
FR;6;2021-03-02;0;0;0;0;0;0;0;0;0;0
FR;6;2021-03-03;0;0;0;0;0;0;0;0;0;0
FR;6;2021-03-04;0;0;0;0;0;0;0;0;0;0
FR;6;2021-03-05;0;0;0;0;0;0;0;0;0;0
FR;6;2021-03-06;0;0;0;0;0;0;0;0;0;0
FR;6;2021-03-07;0;0;0;0;0;0;0;0;0;0
FR;6;2021-03-08;0;0;0;0;0;0;0;0;0;0
FR;6;2021-03-09;0;0;0;0;0;0;0;0;0;0
FR;6;2021-03-10;0;0;0;0;0;0;0;0;0;0
FR;6;2021-03-11;0;0;0;0;0;0;0;0;0;0
FR;6;2021-03-12;0;0;0;0;0;0;0;0;0;0
FR;6;2021-03-13;0;0;0;0;0;0;0;0;0;0
FR;6;2021-03-14;0;0;0;0;0;0;0;0;0;0
FR;6;2021-03-15;0;0;0;0;0;0;0;0;0;0
FR;6;2021-03-16;0;0;0;0;0;0;0;0;0;0
FR;6;2021-03-17;0;0;0;0;0;0;0;0;0;0
FR;6;2021-03-18;0;0;0;0;0;0;0;0;0;0
FR;6;2021-03-19;0;0;0;0;0;0;0;0;0;0
FR;6;2021-03-20;0;0;0;0;0;0;0;0;0;0
FR;6;2021-03-21;0;0;0;0;0;0;0;0;0;0
FR;6;2021-03-22;0;0;0;0;0;0;0;0;0;0
FR;6;2021-03-23;0;0;0;0;0;0;0;0;0;0
FR;6;2021-03-24;0;0;0;0;0;0;0;0;0;0
FR;6;2021-03-25;0;0;0;0;0;0;0;0;0;0
FR;6;2021-03-26;0;0;0;0;0;0;0;0;0;0
FR;6;2021-03-27;0;0;0;0;0;0;0;0;0;0
FR;6;2021-03-28;0;0;0;0;0;0;0;0;0;0
FR;6;2021-03-29;0;0;0;0;0;0;0;0;0;0
FR;6;2021-03-30;0;0;0;0;0;0;0;0;0;0
FR;6;2021-03-31;0;0;0;0;0;0;0;0;0;0
FR;6;2021-04-01;0;0;0;0;0;0;0;0;0;0
FR;6;2021-04-02;0;0;0;0;0;0;0;0;0;0
FR;6;2021-04-03;0;0;0;0;0;0;0;0;0;0
FR;6;2021-04-04;0;0;0;0;0;0;0;0;0;0
FR;6;2021-04-05;0;0;0;0;0;0;0;0;0;0
FR;6;2021-04-06;0;0;0;0;0;0;0;0;0;0
FR;6;2021-04-07;0;0;0;0;0;0;0;0;0;0
FR;6;2021-04-08;0;0;0;0;0;0;0;0;0;0
FR;6;2021-04-09;0;0;0;0;0;0;0;0;0;0
FR;6;2021-04-10;0;0;0;0;0;0;0;0;0;0
FR;6;2021-04-11;0;0;0;0;0;0;0;0;0;0
FR;6;2021-04-12;0;0;0;0;0;0;0;0;0;0
FR;6;2021-04-13;0;0;0;0;0;0;0;0;0;0
FR;6;2021-04-14;0;0;0;0;0;0;0;0;0;0
FR;6;2021-04-15;0;0;0;0;0;0;0;0;0;0
FR;6;2021-04-16;0;0;0;0;0;0;0;0;0;0
FR;6;2021-04-17;0;0;0;0;0;0;0;0;0;0
FR;6;2021-04-18;0;0;0;0;0;0;0;0;0;0
FR;6;2021-04-19;0;0;0;0;0;0;0;0;0;0
FR;6;2021-04-20;0;0;0;0;0;0;0;0;0;0
FR;6;2021-04-21;0;0;0;0;0;0;0;0;0;0
FR;6;2021-04-22;0;0;0;0;0;0;0;0;0;0
FR;6;2021-04-23;0;0;0;0;0;0;0;0;0;0
FR;6;2021-04-24;0;0;0;0;0;0;0;0;0;0
FR;6;2021-04-25;0;0;0;0;0;0;0;0;0;0
FR;6;2021-04-26;0;0;0;0;0;0;0;0;0;0
FR;6;2021-04-27;0;0;0;0;0;0;0;0;0;0
FR;6;2021-04-28;0;0;0;0;0;0;0;0;0;0
FR;6;2021-04-29;0;0;0;0;0;0;0;0;0;0
FR;6;2021-04-30;0;0;0;0;0;0;0;0;0;0
FR;6;2021-05-01;0;0;0;0;0;0;0;0;0;0
FR;6;2021-05-02;0;0;0;0;0;0;0;0;0;0
FR;6;2021-05-03;0;0;0;0;0;0;0;0;0;0
FR;6;2021-05-04;0;0;0;0;0;0;0;0;0;0
FR;6;2021-05-05;0;0;0;0;0;0;0;0;0;0
FR;6;2021-05-06;0;0;0;0;0;0;0;0;0;0
FR;6;2021-05-07;0;0;0;0;0;0;0;0;0;0
FR;6;2021-05-08;0;0;0;0;0;0;0;0;0;0
FR;6;2021-05-09;0;0;0;0;0;0;0;0;0;0
FR;6;2021-05-10;0;0;0;0;0;0;0;0;0;0
FR;6;2021-05-11;0;0;0;0;0;0;0;0;0;0
FR;6;2021-05-12;0;0;0;0;0;0;0;0;0;0
FR;6;2021-05-13;0;0;0;0;0;0;0;0;0;0
FR;6;2021-05-14;0;0;0;0;0;0;0;0;0;0
FR;6;2021-05-15;0;0;0;0;0;0;0;0;0;0
FR;6;2021-05-16;0;0;0;0;0;0;0;0;0;0
FR;6;2021-05-17;0;0;0;0;0;0;0;0;0;0
FR;6;2021-05-18;0;0;0;0;0;0;0;0;0;0
FR;6;2021-05-19;0;0;0;0;0;0;0;0;0;0
FR;6;2021-05-20;0;0;0;0;0;0;0;0;0;0
FR;6;2021-05-21;0;0;0;0;0;0;0;0;0;0
FR;6;2021-05-22;0;0;0;0;0;0;0;0;0;0
FR;6;2021-05-23;0;0;0;0;0;0;0;0;0;0
FR;6;2021-05-24;0;0;0;0;0;0;0;0;0;0
FR;6;2021-05-25;0;0;0;0;0;0;0;0;0;0
FR;6;2021-05-26;0;0;0;0;0;0;0;0;0;0
FR;6;2021-05-27;0;0;0;0;0;0;0;0;0;0
FR;6;2021-05-28;0;0;0;0;0;0;0;0;0;0
FR;6;2021-05-29;0;0;0;0;0;0;0;0;0;0
FR;6;2021-05-30;0;0;0;0;0;0;0;0;0;0
FR;6;2021-05-31;0;0;0;0;0;0;0;0;0;0
FR;6;2021-06-01;0;0;0;0;0;0;0;0;0;0
FR;6;2021-06-02;0;0;0;0;0;0;0;0;0;0
FR;6;2021-06-03;0;0;0;0;0;0;0;0;0;0
FR;6;2021-06-04;0;0;0;0;0;0;0;0;0;0
FR;6;2021-06-05;0;0;0;0;0;0;0;0;0;0
FR;6;2021-06-06;0;0;0;0;0;0;0;0;0;0
FR;6;2021-06-07;0;0;0;0;0;0;0;0;0;0
FR;6;2021-06-08;0;0;0;0;0;0;0;0;0;0
FR;6;2021-06-09;0;0;0;0;0;0;0;0;0;0
FR;6;2021-06-10;0;0;0;0;0;0;0;0;0;0
FR;6;2021-06-11;0;0;0;0;0;0;0;0;0;0
FR;6;2021-06-12;0;0;0;0;0;0;0;0;0;0
FR;6;2021-06-13;0;0;0;0;0;0;0;0;0;0
FR;6;2021-06-14;0;0;0;0;0;0;0;0;0;0
FR;6;2021-06-15;0;0;0;0;0;0;0;0;0;0
FR;6;2021-06-16;0;0;0;0;0;0;0;0;0;0
FR;6;2021-06-17;0;0;0;0;0;0;0;0;0;0
FR;6;2021-06-18;0;0;0;0;0;0;0;0;0;0
FR;6;2021-06-19;0;0;0;0;0;0;0;0;0;0
FR;6;2021-06-20;0;0;0;0;0;0;0;0;0;0
FR;6;2021-06-21;0;0;0;0;0;0;0;0;0;0
FR;6;2021-06-22;0;0;0;0;0;0;0;0;0;0
FR;6;2021-06-23;0;0;0;0;0;0;0;0;0;0
FR;6;2021-06-24;0;0;0;0;0;0;0;0;0;0
FR;6;2021-06-25;0;0;0;0;0;0;0;0;0;0
FR;6;2021-06-26;0;0;0;0;0;0;0;0;0;0
FR;6;2021-06-27;0;0;0;0;0;0;0;0;0;0
FR;6;2021-06-28;0;0;0;0;0;0;0;0;0;0
FR;6;2021-06-29;0;0;0;0;0;0;0;0;0;0
FR;6;2021-06-30;0;0;0;0;0;0;0;0;0;0
FR;6;2021-07-01;0;0;0;0;0;0;0;0;0;0
FR;6;2021-07-02;0;0;0;0;0;0;0;0;0;0
FR;6;2021-07-03;0;0;0;0;0;0;0;0;0;0
FR;6;2021-07-04;0;0;0;0;0;0;0;0;0;0
FR;6;2021-07-05;0;0;0;0;0;0;0;0;0;0
FR;6;2021-07-06;0;0;0;0;0;0;0;0;0;0
FR;6;2021-07-07;0;0;0;0;0;0;0;0;0;0
FR;6;2021-07-08;0;0;0;0;0;0;0;0;0;0
FR;6;2021-07-09;0;0;0;0;0;0;0;0;0;0
FR;6;2021-07-10;0;0;0;0;0;0;0;0;0;0
FR;6;2021-07-11;0;0;0;0;0;0;0;0;0;0
FR;6;2021-07-12;0;0;0;0;0;0;0;0;0;0
FR;6;2021-07-13;0;0;0;0;0;0;0;0;0;0
FR;6;2021-07-14;0;0;0;0;0;0;0;0;0;0
FR;6;2021-07-15;0;0;0;0;0;0;0;0;0;0
FR;6;2021-07-16;0;0;0;0;0;0;0;0;0;0
FR;6;2021-07-17;0;0;0;0;0;0;0;0;0;0
FR;6;2021-07-18;0;0;0;0;0;0;0;0;0;0
FR;6;2021-07-19;0;0;0;0;0;0;0;0;0;0
FR;6;2021-07-20;0;0;0;0;0;0;0;0;0;0
FR;6;2021-07-21;0;0;0;0;0;0;0;0;0;0
FR;6;2021-07-22;0;0;0;0;0;0;0;0;0;0
FR;6;2021-07-23;0;0;0;0;0;0;0;0;0;0
FR;6;2021-07-24;0;0;0;0;0;0;0;0;0;0
FR;6;2021-07-25;0;0;0;0;0;0;0;0;0;0
FR;6;2021-07-26;0;0;0;0;0;0;0;0;0;0
FR;6;2021-07-27;0;0;0;0;0;0;0;0;0;0
FR;6;2021-07-28;0;0;0;0;0;0;0;0;0;0
FR;6;2021-07-29;0;0;0;0;0;0;0;0;0;0
FR;6;2021-07-30;0;0;0;0;0;0;0;0;0;0
FR;6;2021-07-31;0;0;0;0;0;0;0;0;0;0
FR;6;2021-08-01;0;0;0;0;0;0;0;0;0;0
FR;6;2021-08-02;0;0;0;0;0;0;0;0;0;0
FR;6;2021-08-03;0;0;0;0;0;0;0;0;0;0
FR;6;2021-08-04;0;0;0;0;0;0;0;0;0;0
FR;6;2021-08-05;0;0;0;0;0;0;0;0;0;0
FR;6;2021-08-06;0;0;0;0;0;0;0;0;0;0
FR;6;2021-08-07;0;0;0;0;0;0;0;0;0;0
FR;6;2021-08-08;0;0;0;0;0;0;0;0;0;0
FR;6;2021-08-09;0;0;0;0;0;0;0;0;0;0
FR;6;2021-08-10;0;0;0;0;0;0;0;0;0;0
FR;6;2021-08-11;0;0;0;0;0;0;0;0;0;0
FR;6;2021-08-12;0;0;0;0;0;0;0;0;0;0
FR;6;2021-08-13;0;0;0;0;0;0;0;0;0;0
FR;6;2021-08-14;0;0;0;0;0;0;0;0;0;0
FR;6;2021-08-15;0;0;0;0;0;0;0;0;0;0
FR;6;2021-08-16;0;0;0;0;0;0;0;0;0;0
FR;6;2021-08-17;0;0;0;0;0;0;0;0;0;0
FR;6;2021-08-18;0;0;0;0;0;0;0;0;0;0
FR;6;2021-08-19;0;0;0;0;0;0;0;0;0;0
FR;6;2021-08-20;0;0;0;0;0;0;0;0;0;0
FR;6;2021-08-21;0;0;0;0;0;0;0;0;0;0
FR;6;2021-08-22;0;0;0;0;0;0;0;0;0;0
FR;6;2021-08-23;0;0;0;0;0;0;0;0;0;0
FR;6;2021-08-24;0;0;0;0;0;0;0;0;0;0
FR;6;2021-08-25;0;0;0;0;0;0;0;0;0;0
FR;6;2021-08-26;0;0;0;0;0;0;0;0;0;0
FR;6;2021-08-27;0;0;0;0;0;0;0;0;0;0
FR;6;2021-08-28;0;0;0;0;0;0;0;0;0;0
FR;6;2021-08-29;0;0;0;0;0;0;0;0;0;0
FR;6;2021-08-30;0;0;0;0;0;0;0;0;0;0
FR;6;2021-08-31;0;0;0;0;0;0;0;0;0;0
FR;6;2021-09-01;0;0;0;0;0;0;0;0;0;0
FR;6;2021-09-02;0;0;0;0;0;0;0;0;0;0
FR;6;2021-09-03;0;0;0;0;0;0;0;0;0;0
FR;6;2021-09-04;0;0;0;0;0;0;0;0;0;0
FR;6;2021-09-05;0;0;0;0;0;0;0;0;0;0
FR;6;2021-09-06;0;0;0;0;0;0;0;0;0;0
FR;6;2021-09-07;0;0;0;0;0;0;0;0;0;0
FR;6;2021-09-08;0;0;0;0;0;0;0;0;0;0
FR;6;2021-09-09;0;0;0;0;0;0;0;0;0;0
FR;6;2021-09-10;0;0;0;0;0;0;0;0;0;0
FR;6;2021-09-11;0;0;0;0;0;0;0;0;0;0
FR;6;2021-09-12;0;0;0;0;0;0;0;0;0;0
FR;6;2021-09-13;0;0;0;0;0;0;0;0;0;0
FR;6;2021-09-14;0;0;0;0;0;0;0;0;0;0
FR;6;2021-09-15;0;0;0;0;0;0;0;0;0;0
FR;6;2021-09-16;0;0;0;0;0;0;0;0;0;0
FR;6;2021-09-17;0;0;0;0;0;0;0;0;0;0
FR;6;2021-09-18;0;0;0;0;0;0;0;0;0;0
FR;6;2021-09-19;0;0;0;0;0;0;0;0;0;0
FR;6;2021-09-20;0;0;0;0;0;0;0;0;0;0
FR;6;2021-09-21;0;0;0;0;0;0;0;0;0;0
FR;6;2021-09-22;0;0;0;0;0;0;0;0;0;0
FR;6;2021-09-23;0;0;0;0;0;0;0;0;0;0
FR;6;2021-09-24;0;0;0;0;0;0;0;0;0;0
FR;6;2021-09-25;0;0;0;0;0;0;0;0;0;0
FR;6;2021-09-26;0;0;0;0;0;0;0;0;0;0
FR;6;2021-09-27;0;0;0;0;0;0;0;0;0;0
FR;6;2021-09-28;0;0;0;0;0;0;0;0;0;0
FR;6;2021-09-29;0;0;0;0;0;0;0;0;0;0
FR;6;2021-09-30;0;0;0;0;0;0;0;0;0;0
FR;6;2021-10-01;0;0;0;0;0;0;0;0;0;0
FR;6;2021-10-02;0;0;0;0;0;0;0;0;0;0
FR;6;2021-10-03;0;0;0;0;0;0;0;0;0;0
FR;6;2021-10-04;0;0;0;0;0;0;0;0;0;0
FR;6;2021-10-05;0;0;0;0;0;0;0;0;0;0
FR;6;2021-10-06;0;0;0;0;0;0;0;0;0;0
FR;6;2021-10-07;0;0;0;0;0;0;0;0;0;0
FR;6;2021-10-08;0;0;0;0;0;0;0;0;0;0
FR;6;2021-10-09;0;0;0;0;0;0;0;0;0;0
FR;6;2021-10-10;0;0;0;0;0;0;0;0;0;0
FR;6;2021-10-11;0;0;0;0;0;0;0;0;0;0
FR;6;2021-10-12;0;0;0;0;0;0;0;0;0;0
FR;6;2021-10-13;0;0;0;0;0;0;0;0;0;0
FR;6;2021-10-14;0;0;0;0;0;0;0;0;0;0
FR;6;2021-10-15;0;0;0;0;0;0;0;0;0;0
FR;6;2021-10-16;0;0;0;0;0;0;0;0;0;0
FR;6;2021-10-17;0;0;0;0;0;0;0;0;0;0
FR;6;2021-10-18;0;0;0;0;0;0;0;0;0;0
FR;6;2021-10-19;0;0;0;0;0;0;0;0;0;0
FR;6;2021-10-20;0;0;0;0;0;0;0;0;0;0
FR;6;2021-10-21;0;0;0;0;0;0;0;0;0;0
FR;6;2021-10-22;0;0;0;0;0;0;0;0;0;0
FR;6;2021-10-23;0;0;0;0;0;0;0;0;0;0
FR;6;2021-10-24;0;0;0;0;0;0;0;0;0;0
FR;6;2021-10-25;0;0;0;0;0;0;0;0;0;0
FR;6;2021-10-26;0;0;0;0;0;0;0;0;0;0
FR;6;2021-10-27;0;0;0;0;0;0;0;0;0;0
FR;6;2021-10-28;0;0;0;0;0;0;0;0;0;0
FR;6;2021-10-29;0;0;0;0;0;0;0;0;0;0
FR;6;2021-10-30;0;0;0;0;0;0;0;0;0;0
FR;6;2021-10-31;0;0;0;0;0;0;0;0;0;0
FR;6;2021-11-01;0;0;0;0;0;0;0;0;0;0
FR;6;2021-11-02;0;0;0;0;0;0;0;0;0;0
FR;6;2021-11-03;0;0;0;0;0;0;0;0;0;0
FR;6;2021-11-04;0;0;0;0;0;0;0;0;0;0
FR;6;2021-11-05;0;0;0;0;0;0;0;0;0;0
FR;6;2021-11-06;0;0;0;0;0;0;0;0;0;0
FR;6;2021-11-07;0;0;0;0;0;0;0;0;0;0
FR;6;2021-11-08;0;0;0;0;0;0;0;0;0;0
FR;6;2021-11-09;0;0;0;0;0;0;0;0;0;0
FR;6;2021-11-10;0;0;0;0;0;0;0;0;0;0
FR;6;2021-11-11;0;0;0;0;0;0;0;0;0;0
FR;6;2021-11-12;0;0;0;0;0;0;0;0;0;0
FR;6;2021-11-13;0;0;0;0;0;0;0;0;0;0
FR;6;2021-11-14;0;0;0;0;0;0;0;0;0;0
FR;6;2021-11-15;0;0;0;0;0;0;0;0;0;0
FR;6;2021-11-16;0;0;0;0;0;0;0;0;0;0
FR;6;2021-11-17;0;0;0;0;0;0;0;0;0;0
FR;6;2021-11-18;0;0;0;0;0;0;0;0;0;0
FR;6;2021-11-19;0;0;0;0;0;0;0;0;0;0
FR;6;2021-11-20;0;0;0;0;0;0;0;0;0;0
FR;6;2021-11-21;0;0;0;0;0;0;0;0;0;0
FR;6;2021-11-22;0;0;0;0;0;0;0;0;0;0
FR;6;2021-11-23;0;0;0;0;0;0;0;0;0;0
FR;6;2021-11-24;0;0;0;0;0;0;0;0;0;0
FR;6;2021-11-25;0;0;0;0;0;0;0;0;0;0
FR;6;2021-11-26;0;0;0;0;0;0;0;0;0;0
FR;6;2021-11-27;0;0;0;0;0;0;0;0;0;0
FR;6;2021-11-28;0;0;0;0;0;0;0;0;0;0
FR;6;2021-11-29;0;0;0;0;0;0;0;0;0;0
FR;6;2021-11-30;0;0;0;0;0;0;0;0;0;0
FR;6;2021-12-01;0;0;0;0;0;0;0;0;0;0
FR;6;2021-12-02;0;0;0;0;0;0;0;0;0;0
FR;6;2021-12-03;0;0;0;0;0;0;0;0;0;0
FR;6;2021-12-04;0;0;0;0;0;0;0;0;0;0
FR;6;2021-12-05;0;0;0;0;0;0;0;0;0;0
FR;6;2021-12-06;0;0;0;0;0;0;0;0;0;0
FR;6;2021-12-07;0;0;0;0;0;0;0;0;0;0
FR;6;2021-12-08;0;0;0;0;0;0;0;0;0;0
FR;6;2021-12-09;0;0;0;0;0;0;0;0;0;0
FR;6;2021-12-10;0;0;0;0;0;0;0;0;0;0
FR;6;2021-12-11;0;0;0;0;0;0;0;0;0;0
FR;6;2021-12-12;0;0;0;0;0;0;0;0;0;0
FR;6;2021-12-13;0;0;0;0;0;0;0;0;0;0
FR;6;2021-12-14;0;0;0;0;0;0;0;0;0;0
FR;6;2021-12-15;0;0;0;0;0;0;0;0;0;0
FR;6;2021-12-16;0;0;0;0;0;0;0;0;0;0
FR;6;2021-12-17;0;0;0;0;0;0;0;0;0;0
FR;6;2021-12-18;0;0;0;0;0;0;0;0;0;0
FR;6;2021-12-19;0;0;0;0;0;0;0;0;0;0
FR;6;2021-12-20;0;0;0;0;0;0;0;0;0;0
FR;6;2021-12-21;0;0;0;0;0;0;0;0;0;0
FR;6;2021-12-22;0;0;0;0;0;0;0;0;0;0
FR;6;2021-12-23;0;0;0;0;0;0;0;0;0;0
FR;6;2021-12-24;0;0;0;0;0;0;0;0;0;0
FR;6;2021-12-25;0;0;0;0;0;0;0;0;0;0
FR;6;2021-12-26;0;0;0;0;0;0;0;0;0;0
FR;6;2021-12-27;0;0;0;0;0;0;0;0;0;0
FR;6;2021-12-28;0;0;0;0;0;0;0;0;0;0
FR;6;2021-12-29;0;0;0;0;0;0;0;0;0;0
FR;6;2021-12-30;0;0;0;0;0;0;0;0;0;0
FR;6;2021-12-31;0;0;0;0;0;0;0;0;0;0
FR;6;2022-01-01;0;0;0;0;0;0;0;0;0;0
FR;6;2022-01-02;0;0;0;0;0;0;0;0;0;0
FR;6;2022-01-03;0;0;0;0;0;0;0;0;0;0
FR;6;2022-01-04;0;0;0;0;0;0;0;0;0;0
FR;6;2022-01-05;0;0;0;0;0;0;0;0;0;0
FR;6;2022-01-06;0;0;0;0;0;0;0;0;0;0
FR;6;2022-01-07;0;0;0;0;0;0;0;0;0;0
FR;6;2022-01-08;0;0;0;0;0;0;0;0;0;0
FR;6;2022-01-09;0;0;0;0;0;0;0;0;0;0
FR;6;2022-01-10;0;0;0;0;0;0;0;0;0;0
FR;6;2022-01-11;0;0;0;0;0;0;0;0;0;0
FR;6;2022-01-12;0;0;0;0;0;0;0;0;0;0
FR;6;2022-01-13;0;0;0;0;0;0;0;0;0;0
FR;6;2022-01-14;0;0;0;0;0;0;0;0;0;0
FR;6;2022-01-15;0;0;0;0;0;0;0;0;0;0
FR;6;2022-01-16;0;0;0;0;0;0;0;0;0;0
FR;6;2022-01-17;0;0;0;0;0;0;0;0;0;0
FR;6;2022-01-18;0;0;0;0;0;0;0;0;0;0
FR;6;2022-01-19;0;0;0;0;0;0;0;0;0;0
FR;6;2022-01-20;0;0;0;0;0;0;0;0;0;0
FR;6;2022-01-21;0;0;0;0;0;0;0;0;0;0
FR;6;2022-01-22;0;0;0;0;0;0;0;0;0;0
FR;6;2022-01-23;0;0;0;0;0;0;0;0;0;0
FR;6;2022-01-24;0;0;0;0;0;0;0;0;0;0
FR;6;2022-01-25;0;0;0;0;0;0;0;0;0;0
FR;6;2022-01-26;0;0;0;0;0;0;0;0;0;0
FR;6;2022-01-27;0;0;0;0;0;0;0;0;0;0
FR;6;2022-01-28;0;0;0;0;0;0;0;0;0;0
FR;6;2022-01-29;0;0;0;0;0;0;0;0;0;0
FR;6;2022-01-30;0;0;0;0;0;0;0;0;0;0
FR;6;2022-01-31;0;0;0;0;0;0;0;0;0;0
FR;6;2022-02-01;0;0;0;0;0;0;0;0;0;0
FR;6;2022-02-02;0;0;0;0;0;0;0;0;0;0
FR;6;2022-02-03;0;0;0;0;0;0;0;0;0;0
FR;6;2022-02-04;0;0;0;0;0;0;0;0;0;0
FR;6;2022-02-05;0;0;0;0;0;0;0;0;0;0
FR;6;2022-02-06;0;0;0;0;0;0;0;0;0;0
FR;6;2022-02-07;0;0;0;0;0;0;0;0;0;0
FR;6;2022-02-08;0;0;0;0;0;0;0;0;0;0
FR;6;2022-02-09;0;0;0;0;0;0;0;0;0;0
FR;6;2022-02-10;0;0;0;0;0;0;0;0;0;0
FR;6;2022-02-11;0;0;0;0;0;0;0;0;0;0
FR;6;2022-02-12;0;0;0;0;0;0;0;0;0;0
FR;6;2022-02-13;0;0;0;0;0;0;0;0;0;0
FR;6;2022-02-14;0;0;0;0;0;0;0;0;0;0
FR;6;2022-02-15;0;0;0;0;0;0;0;0;0;0
FR;6;2022-02-16;0;0;0;0;0;0;0;0;0;0
FR;6;2022-02-17;0;0;0;0;0;0;0;0;0;0
FR;6;2022-02-18;0;0;0;0;0;0;0;0;0;0
FR;6;2022-02-19;0;0;0;0;0;0;0;0;0;0
FR;6;2022-02-20;0;0;0;0;0;0;0;0;0;0
FR;6;2022-02-21;0;0;0;0;0;0;0;0;0;0
FR;6;2022-02-22;0;0;0;0;0;0;0;0;0;0
FR;6;2022-02-23;0;0;0;0;0;0;0;0;0;0
FR;6;2022-02-24;0;0;0;0;0;0;0;0;0;0
FR;6;2022-02-25;0;0;0;0;0;0;0;0;0;0
FR;6;2022-02-26;1;0;0;0;0;1;0;0;0;0
FR;6;2022-02-27;0;0;0;0;0;1;0;0;0;0
FR;6;2022-02-28;0;0;0;0;0;1;0;0;0;0
FR;6;2022-03-01;3;0;0;0;0;4;0;0;0;0
FR;6;2022-03-02;97;9;2;0;7;101;9;2;0;7
FR;6;2022-03-03;0;0;0;0;0;101;9;2;0;7
FR;6;2022-03-04;92;4;0;0;4;193;13;2;0;11
FR;6;2022-03-05;391;23;2;0;14;584;36;4;0;25
FR;6;2022-03-06;7;1;0;0;0;591;37;4;0;25
FR;6;2022-03-07;337;19;0;0;13;928;56;4;0;38
FR;6;2022-03-08;230;14;0;0;5;1158;70;4;0;43
FR;6;2022-03-09;519;29;2;0;21;1677;99;6;0;64
FR;6;2022-03-10;206;19;0;1;12;1883;118;6;1;76
FR;6;2022-03-11;331;22;6;0;21;2214;140;12;1;97
FR;6;2022-03-12;518;25;1;0;20;2732;165;13;1;117
FR;6;2022-03-13;40;2;0;0;1;2772;167;13;1;118
FR;6;2022-03-14;201;4;2;0;3;2973;171;15;1;121
FR;6;2022-03-15;112;11;2;0;9;3085;182;17;1;130
FR;6;2022-03-16;310;17;1;1;14;3395;199;18;2;144
FR;6;2022-03-17;117;6;1;2;4;3512;205;19;4;148
FR;6;2022-03-18;215;10;0;0;6;3727;215;19;4;154
FR;6;2022-03-19;307;19;2;0;9;4034;234;21;4;163
FR;6;2022-03-20;15;5;0;0;1;4049;239;21;4;164
FR;6;2022-03-21;132;23;1;0;4;4181;262;22;4;168
FR;6;2022-03-22;97;15;0;0;4;4278;277;22;4;172
FR;6;2022-03-23;226;108;3;0;14;4504;385;25;4;186
FR;6;2022-03-24;100;15;1;3;4;4604;400;26;7;190
FR;6;2022-03-25;203;141;2;1;15;4807;541;28;8;205
FR;6;2022-03-26;331;295;7;1;19;5138;836;35;9;224
FR;6;2022-03-27;32;30;1;0;1;5170;866;36;9;225
FR;6;2022-03-28;201;208;8;1;17;5371;1074;44;10;242
FR;6;2022-03-29;124;189;12;2;12;5495;1263;56;12;254
FR;6;2022-03-30;305;476;10;2;22;5800;1739;66;14;276
FR;6;2022-03-31;123;140;10;0;14;5923;1879;76;14;290
FR;6;2022-04-01;195;150;11;2;23;6118;2029;87;16;313
FR;6;2022-04-02;206;241;9;1;13;6324;2270;96;17;326
FR;6;2022-04-03;17;21;0;0;1;6341;2291;96;17;327
FR;6;2022-04-04;137;114;6;1;9;6478;2405;102;18;336
FR;6;2022-04-05;146;88;15;1;11;6624;2493;117;19;347
FR;6;2022-04-06;204;245;22;26;27;6828;2738;139;45;374
FR;6;2022-04-07;127;96;15;9;17;6955;2834;154;54;391
FR;6;2022-04-08;199;171;16;3;17;7154;3005;170;57;408
FR;6;2022-04-09;145;139;6;12;13;7299;3144;176;69;421
FR;6;2022-04-10;10;20;3;0;1;7309;3164;179;69;422
FR;6;2022-04-11;101;106;4;0;5;7410;3270;183;69;427
FR;6;2022-04-12;136;75;5;8;10;7546;3345;188;77;437
FR;6;2022-04-13;162;175;7;5;13;7708;3520;195;82;450
FR;6;2022-04-14;100;103;5;10;8;7808;3623;200;92;458
FR;6;2022-04-15;158;149;11;7;19;7966;3772;211;99;477
FR;6;2022-04-16;127;132;5;0;14;8093;3904;216;99;491
FR;6;2022-04-17;8;9;4;0;4;8101;3913;220;99;495
FR;6;2022-04-18;8;15;3;0;4;8109;3928;223;99;499
FR;6;2022-04-19;97;112;4;3;3;8206;4040;227;102;502
FR;6;2022-04-20;178;227;8;7;15;8384;4267;235;109;517
FR;6;2022-04-21;111;93;8;4;11;8495;4360;243;113;528
FR;6;2022-04-22;138;160;13;12;13;8633;4520;256;125;541
FR;6;2022-04-23;106;129;1;1;7;8739;4649;257;126;548
FR;6;2022-04-24;5;21;1;0;0;8744;4670;258;126;548
FR;6;2022-04-25;91;128;3;8;11;8835;4798;261;134;559
FR;6;2022-04-26;101;128;19;2;17;8936;4926;280;136;576
FR;6;2022-04-27;197;159;21;1;27;9133;5085;301;137;603
FR;6;2022-04-28;109;87;7;1;8;9242;5172;308;138;611
FR;6;2022-04-29;191;169;16;2;20;9433;5341;324;140;631
FR;6;2022-04-30;133;125;7;1;24;9566;5466;331;141;655
FR;6;2022-05-01;7;6;0;0;0;9573;5472;331;141;655
FR;6;2022-05-02;94;65;3;4;3;9667;5537;334;145;658
FR;6;2022-05-03;136;93;11;2;7;9803;5630;345;147;665
FR;6;2022-05-04;167;118;25;12;29;9970;5748;370;159;694
FR;6;2022-05-05;101;70;8;3;12;10071;5818;378;162;706
FR;6;2022-05-06;152;110;10;9;16;10223;5928;388;171;722
FR;6;2022-05-07;139;93;13;3;23;10362;6021;401;174;745
FR;6;2022-05-08;20;8;6;5;7;10382;6029;407;179;752
FR;6;2022-05-09;86;78;9;7;13;10468;6107;416;186;765
FR;6;2022-05-10;112;80;15;7;12;10580;6187;431;193;777
FR;6;2022-05-11;130;124;11;14;20;10710;6311;442;207;797
FR;6;2022-05-12;105;76;7;5;15;10815;6387;449;212;812
FR;6;2022-05-13;155;97;17;21;22;10970;6484;466;233;834
FR;6;2022-05-14;81;60;6;7;15;11051;6544;472;240;849
FR;6;2022-05-15;12;7;0;0;0;11063;6551;472;240;849
FR;6;2022-05-16;65;54;6;2;12;11128;6605;478;242;861
FR;6;2022-05-17;123;77;5;7;11;11251;6682;483;249;872
FR;6;2022-05-18;131;116;5;1;13;11382;6798;488;250;885
FR;6;2022-05-19;124;57;6;8;9;11506;6855;494;258;894
FR;6;2022-05-20;125;115;13;3;18;11631;6970;507;261;912
FR;6;2022-05-21;92;69;14;3;12;11723;7039;521;264;924
FR;6;2022-05-22;19;12;5;0;4;11742;7051;526;264;928
FR;6;2022-05-23;77;72;4;2;7;11819;7123;530;266;935
FR;6;2022-05-24;117;98;8;2;16;11936;7221;538;268;951
FR;6;2022-05-25;139;129;6;3;11;12075;7350;544;271;962
FR;6;2022-05-26;7;9;3;0;9;12082;7359;547;271;971
FR;6;2022-05-27;127;105;15;11;18;12209;7464;562;282;989
FR;6;2022-05-28;53;75;1;5;8;12262;7539;563;287;997
FR;6;2022-05-29;8;10;0;0;1;12270;7549;563;287;998
FR;6;2022-05-30;70;70;7;4;4;12340;7619;570;291;1002
FR;6;2022-05-31;87;102;10;2;14;12427;7721;580;293;1016
FR;6;2022-06-01;97;89;10;1;11;12524;7810;590;294;1027
FR;6;2022-06-02;91;60;6;3;9;12615;7870;596;297;1036
FR;6;2022-06-03;126;102;13;7;21;12741;7972;609;304;1057
FR;6;2022-06-04;63;51;10;0;12;12804;8023;619;304;1069
FR;6;2022-06-05;16;15;2;1;4;12820;8038;621;305;1073
FR;6;2022-06-06;9;6;0;0;0;12829;8044;621;305;1073
FR;6;2022-06-07;79;90;3;4;8;12908;8134;624;309;1081
FR;6;2022-06-08;92;110;13;5;20;13000;8244;637;314;1101
FR;6;2022-06-09;75;81;15;3;15;13075;8325;652;317;1116
FR;6;2022-06-10;116;93;26;10;22;13191;8418;678;327;1138
FR;6;2022-06-11;83;62;6;10;12;13274;8480;684;337;1150
FR;6;2022-06-12;6;14;1;0;2;13280;8494;685;337;1152
FR;6;2022-06-13;74;59;18;1;7;13354;8553;703;338;1159
FR;6;2022-06-14;98;100;8;5;16;13452;8653;711;343;1175
FR;6;2022-06-15;80;86;7;8;15;13532;8739;718;351;1190
FR;6;2022-06-16;53;40;11;7;14;13585;8779;729;358;1204
FR;6;2022-06-17;86;85;3;13;11;13671;8864;732;371;1215
FR;6;2022-06-18;71;61;13;0;21;13742;8925;745;371;1236
FR;6;2022-06-19;6;6;3;0;4;13748;8931;748;371;1240
FR;6;2022-06-20;42;41;4;1;6;13790;8972;752;372;1246
FR;6;2022-06-21;59;73;10;7;17;13849;9045;762;379;1263
FR;6;2022-06-22;86;85;8;2;17;13935;9130;770;381;1280
FR;6;2022-06-23;64;39;13;7;15;13999;9169;783;388;1295
FR;6;2022-06-24;77;85;7;14;20;14076;9254;790;402;1315
FR;6;2022-06-25;67;61;4;3;8;14143;9315;794;405;1323
FR;6;2022-06-26;6;7;1;0;1;14149;9322;795;405;1324
FR;6;2022-06-27;51;50;4;9;12;14200;9372;799;414;1336
FR;6;2022-06-28;68;47;6;3;15;14268;9419;805;417;1351
FR;6;2022-06-29;98;117;26;37;19;14366;9536;831;454;1370
FR;6;2022-06-30;84;60;33;10;12;14450;9596;864;464;1382
FR;6;2022-07-01;115;94;25;33;18;14565;9690;889;497;1400
FR;6;2022-07-02;58;67;26;2;37;14623;9757;915;499;1437
FR;6;2022-07-03;11;4;4;3;4;14634;9761;919;502;1441
FR;6;2022-07-04;61;43;3;23;13;14695;9804;922;525;1454
FR;6;2022-07-05;65;53;19;67;27;14760;9857;941;592;1481
FR;6;2022-07-06;94;64;7;11;12;14854;9921;948;603;1493
FR;6;2022-07-07;99;79;42;37;14;14953;10000;990;640;1507
FR;6;2022-07-08;139;87;42;27;10;15092;10087;1032;667;1517
FR;6;2022-07-09;53;51;16;29;27;15145;10138;1048;696;1544
FR;6;2022-07-10;3;7;8;0;9;15148;10145;1056;696;1553
FR;6;2022-07-11;54;44;5;4;12;15202;10189;1061;700;1565
FR;6;2022-07-12;70;72;12;23;12;15272;10261;1073;723;1577
FR;6;2022-07-13;84;65;14;21;25;15356;10326;1087;744;1602
FR;6;2022-07-14;4;3;1;0;1;15360;10329;1088;744;1603
FR;6;2022-07-15;74;59;9;57;16;15434;10388;1097;801;1619
FR;6;2022-07-16;27;31;17;0;17;15461;10419;1114;801;1636
FR;6;2022-07-17;3;7;0;0;0;15464;10426;1114;801;1636
FR;6;2022-07-18;37;62;11;14;15;15501;10488;1125;815;1651
FR;6;2022-07-19;54;48;4;19;6;15555;10536;1129;834;1657
FR;6;2022-07-20;53;70;7;22;11;15608;10606;1136;856;1668
FR;6;2022-07-21;51;60;4;7;11;15659;10666;1140;863;1679
FR;6;2022-07-22;55;74;7;26;8;15714;10740;1147;889;1687
FR;6;2022-07-23;38;40;6;10;6;15752;10780;1153;899;1693
FR;6;2022-07-24;11;14;1;3;3;15763;10794;1154;902;1696
FR;6;2022-07-25;60;44;8;12;9;15823;10838;1162;914;1705
FR;6;2022-07-26;47;64;14;6;10;15870;10902;1176;920;1715
FR;6;2022-07-27;54;78;15;11;17;15924;10980;1191;931;1732
FR;6;2022-07-28;30;48;4;6;8;15954;11028;1195;937;1740
FR;6;2022-07-29;43;71;10;38;24;15997;11099;1205;975;1764
FR;6;2022-07-30;26;48;4;15;7;16023;11147;1209;990;1771
FR;6;2022-07-31;0;1;1;0;0;16023;11148;1210;990;1771
FR;6;2022-08-01;39;36;14;8;10;16062;11184;1224;998;1781
FR;6;2022-08-02;37;46;10;14;6;16099;11230;1234;1012;1787
FR;6;2022-08-03;29;52;7;16;11;16128;11282;1241;1028;1798
FR;6;2022-08-04;25;21;4;9;6;16153;11303;1245;1037;1804
FR;6;2022-08-05;43;45;1;7;5;16196;11348;1246;1044;1809
FR;6;2022-08-06;17;27;1;3;2;16213;11375;1247;1047;1811
FR;6;2022-08-07;1;2;0;0;0;16214;11377;1247;1047;1811
FR;6;2022-08-08;24;33;1;0;1;16238;11410;1248;1047;1812
FR;6;2022-08-09;22;30;6;3;3;16260;11440;1254;1050;1815
FR;6;2022-08-10;32;36;5;9;5;16292;11476;1259;1059;1820
FR;6;2022-08-11;33;33;1;1;1;16325;11509;1260;1060;1821
FR;6;2022-08-12;50;44;6;2;15;16375;11553;1266;1062;1836
FR;6;2022-08-13;9;20;0;0;1;16384;11573;1266;1062;1837
FR;6;2022-08-14;3;1;0;0;0;16387;11574;1266;1062;1837
FR;6;2022-08-15;2;3;1;0;0;16389;11577;1267;1062;1837
FR;6;2022-08-16;35;66;21;7;7;16424;11643;1288;1069;1844
FR;6;2022-08-17;32;44;10;9;10;16456;11687;1298;1078;1854
FR;6;2022-08-18;29;55;14;4;4;16485;11742;1312;1082;1858
FR;6;2022-08-19;30;45;5;4;3;16515;11787;1317;1086;1861
FR;6;2022-08-20;26;29;3;0;8;16541;11816;1320;1086;1869
FR;6;2022-08-21;1;5;2;0;0;16542;11821;1322;1086;1869
FR;6;2022-08-22;20;42;15;1;0;16562;11863;1337;1087;1869
FR;6;2022-08-23;34;45;6;7;6;16596;11908;1343;1094;1875
FR;6;2022-08-24;34;30;6;3;6;16630;11938;1349;1097;1881
FR;6;2022-08-25;25;27;1;1;5;16655;11965;1350;1098;1886
FR;6;2022-08-26;38;44;4;4;7;16693;12009;1354;1102;1893
FR;6;2022-08-27;19;21;7;3;8;16712;12030;1361;1105;1901
FR;6;2022-08-28;6;3;0;6;1;16718;12033;1361;1111;1902
FR;6;2022-08-29;26;22;2;6;3;16744;12055;1363;1117;1905
FR;6;2022-08-30;28;35;4;12;8;16772;12090;1367;1129;1913
FR;6;2022-08-31;35;38;2;11;3;16807;12128;1369;1140;1916
FR;6;2022-09-01;16;11;5;1;4;16823;12139;1374;1141;1920
FR;6;2022-09-02;19;14;2;1;3;16842;12153;1376;1142;1923
FR;6;2022-09-03;10;3;1;5;2;16852;12156;1377;1147;1925
FR;6;2022-09-04;4;1;0;0;0;16856;12157;1377;1147;1925
FR;6;2022-09-05;8;7;0;0;0;16864;12164;1377;1147;1925
FR;6;2022-09-06;7;9;7;12;6;16871;12173;1384;1159;1931
FR;6;2022-09-07;3;8;1;0;1;16874;12181;1385;1159;1932
FR;6;2022-09-08;6;4;0;2;1;16880;12185;1385;1161;1933
FR;6;2022-09-09;7;9;2;7;3;16887;12194;1387;1168;1936
FR;6;2022-09-10;3;4;1;0;1;16890;12198;1388;1168;1937
FR;6;2022-09-11;1;3;0;0;0;16891;12201;1388;1168;1937
FR;6;2022-09-12;10;4;1;0;3;16901;12205;1389;1168;1940
FR;6;2022-09-13;7;2;3;0;2;16908;12207;1392;1168;1942
FR;6;2022-09-14;9;8;2;0;4;16917;12215;1394;1168;1946
FR;6;2022-09-15;8;13;5;5;9;16925;12228;1399;1173;1955
FR;6;2022-09-16;25;38;1;1;3;16950;12266;1400;1174;1958
FR;6;2022-09-17;24;22;0;6;5;16974;12288;1400;1180;1963
FR;6;2022-09-18;5;4;0;0;1;16979;12292;1400;1180;1964
FR;6;2022-09-19;30;30;2;1;5;17009;12322;1402;1181;1969
FR;6;2022-09-20;34;25;1;4;6;17043;12347;1403;1185;1975
FR;6;2022-09-21;21;9;3;3;7;17064;12356;1406;1188;1982
FR;6;2022-09-22;19;28;1;22;3;17083;12384;1407;1210;1985
FR;6;2022-09-23;28;41;5;9;9;17111;12425;1412;1219;1994
FR;6;2022-09-24;16;16;4;2;6;17127;12441;1416;1221;2000
FR;6;2022-09-25;3;14;0;0;1;17130;12455;1416;1221;2001
FR;6;2022-09-26;16;13;0;18;5;17146;12468;1416;1239;2006
FR;6;2022-09-27;32;19;2;3;4;17178;12487;1418;1242;2010
FR;6;2022-09-28;27;10;9;11;5;17205;12497;1427;1253;2015
FR;6;2022-09-29;13;13;10;34;6;17218;12510;1437;1287;2021
FR;6;2022-09-30;34;24;5;6;5;17252;12534;1442;1293;2026
FR;6;2022-10-01;15;12;5;8;8;17267;12546;1447;1301;2034
FR;6;2022-10-02;3;0;0;0;0;17270;12546;1447;1301;2034
FR;6;2022-10-03;11;10;3;5;4;17281;12556;1450;1306;2038
FR;6;2022-10-04;19;17;4;28;3;17300;12573;1454;1334;2041
FR;6;2022-10-05;11;12;3;2;7;17311;12585;1457;1336;2048
FR;6;2022-10-06;19;13;4;6;2;17330;12598;1461;1342;2050
FR;6;2022-10-07;27;26;5;24;10;17357;12624;1466;1366;2060
FR;6;2022-10-08;18;13;0;0;0;17375;12637;1466;1366;2060
FR;6;2022-10-09;7;3;4;27;4;17382;12640;1470;1393;2064
FR;6;2022-10-10;15;14;1;16;6;17397;12654;1471;1409;2070
FR;6;2022-10-11;21;23;3;11;8;17418;12677;1474;1420;2078
FR;6;2022-10-12;20;16;7;19;3;17438;12693;1481;1439;2081
FR;6;2022-10-13;28;14;2;36;0;17466;12707;1483;1475;2081
FR;6;2022-10-14;29;23;5;49;11;17495;12730;1488;1524;2092
FR;6;2022-10-15;13;9;0;22;4;17508;12739;1488;1546;2096
FR;6;2022-10-16;4;4;0;6;2;17512;12743;1488;1552;2098
FR;6;2022-10-17;14;14;2;10;1;17526;12757;1490;1562;2099
FR;6;2022-10-18;12;19;9;26;4;17538;12776;1499;1588;2103
FR;6;2022-10-19;10;20;6;16;5;17548;12796;1505;1604;2108
FR;6;2022-10-20;16;15;12;57;5;17564;12811;1517;1661;2113
FR;6;2022-10-21;16;21;9;34;11;17580;12832;1526;1695;2124
FR;6;2022-10-22;19;14;1;4;3;17599;12846;1527;1699;2127
FR;6;2022-10-23;3;2;1;0;0;17602;12848;1528;1699;2127
FR;6;2022-10-24;12;14;2;7;6;17614;12862;1530;1706;2133
FR;6;2022-10-25;20;13;6;17;7;17634;12875;1536;1723;2140
FR;6;2022-10-26;17;9;4;13;4;17651;12884;1540;1736;2144
FR;6;2022-10-27;20;7;8;37;6;17671;12891;1548;1773;2150
FR;6;2022-10-28;21;27;3;4;6;17692;12918;1551;1777;2156
FR;6;2022-10-29;7;11;5;11;6;17699;12929;1556;1788;2162
FR;6;2022-10-30;2;5;0;0;0;17701;12934;1556;1788;2162
FR;6;2022-10-31;18;14;2;13;4;17719;12948;1558;1801;2166
FR;6;2022-11-01;2;1;1;0;1;17721;12949;1559;1801;2167
FR;6;2022-11-02;15;25;8;21;10;17736;12974;1567;1822;2177
FR;6;2022-11-03;17;17;10;39;7;17753;12991;1577;1861;2184
FR;6;2022-11-04;19;22;9;16;5;17772;13013;1586;1877;2189
FR;6;2022-11-05;9;14;2;3;4;17781;13027;1588;1880;2193
FR;6;2022-11-06;5;1;0;0;0;17786;13028;1588;1880;2193
FR;6;2022-11-07;18;10;6;17;4;17804;13038;1594;1897;2197
FR;6;2022-11-08;18;10;2;3;5;17822;13048;1596;1900;2202
FR;6;2022-11-09;16;22;1;6;4;17838;13070;1597;1906;2206
FR;6;2022-11-10;10;10;4;12;5;17848;13080;1601;1918;2211
FR;6;2022-11-11;3;1;0;0;1;17851;13081;1601;1918;2212
FR;6;2022-11-12;4;10;1;7;1;17855;13091;1602;1925;2213
FR;6;2022-11-13;1;1;0;1;0;17856;13092;1602;1926;2213
FR;6;2022-11-14;13;10;7;32;8;17869;13102;1609;1958;2221
FR;6;2022-11-15;7;18;1;11;4;17876;13120;1610;1969;2225
FR;6;2022-11-16;16;15;9;32;3;17892;13135;1619;2001;2228
FR;6;2022-11-17;10;8;1;29;2;17902;13143;1620;2030;2230
FR;6;2022-11-18;18;12;5;22;4;17920;13155;1625;2052;2234
FR;6;2022-11-19;5;12;0;2;3;17925;13167;1625;2054;2237
FR;6;2022-11-20;2;1;2;0;2;17927;13168;1627;2054;2239
FR;6;2022-11-21;21;10;1;12;5;17948;13178;1628;2066;2244
FR;6;2022-11-22;14;9;0;4;1;17962;13187;1628;2070;2245
FR;8;2020-12-27;0;0;0;0;0;0;0;0;0;0
FR;8;2020-12-28;0;0;0;0;0;0;0;0;0;0
FR;8;2020-12-29;0;0;0;0;0;0;0;0;0;0
FR;8;2020-12-30;0;0;0;0;0;0;0;0;0;0
FR;8;2020-12-31;0;0;0;0;0;0;0;0;0;0
FR;8;2021-01-01;0;0;0;0;0;0;0;0;0;0
FR;8;2021-01-02;0;0;0;0;0;0;0;0;0;0
FR;8;2021-01-03;0;0;0;0;0;0;0;0;0;0
FR;8;2021-01-04;0;0;0;0;0;0;0;0;0;0
FR;8;2021-01-05;0;0;0;0;0;0;0;0;0;0
FR;8;2021-01-06;0;0;0;0;0;0;0;0;0;0
FR;8;2021-01-07;0;0;0;0;0;0;0;0;0;0
FR;8;2021-01-08;0;0;0;0;0;0;0;0;0;0
FR;8;2021-01-09;0;0;0;0;0;0;0;0;0;0
FR;8;2021-01-10;0;0;0;0;0;0;0;0;0;0
FR;8;2021-01-11;0;0;0;0;0;0;0;0;0;0
FR;8;2021-01-12;0;0;0;0;0;0;0;0;0;0
FR;8;2021-01-13;0;0;0;0;0;0;0;0;0;0
FR;8;2021-01-14;0;0;0;0;0;0;0;0;0;0
FR;8;2021-01-15;0;0;0;0;0;0;0;0;0;0
FR;8;2021-01-16;0;0;0;0;0;0;0;0;0;0
FR;8;2021-01-17;0;0;0;0;0;0;0;0;0;0
FR;8;2021-01-18;0;0;0;0;0;0;0;0;0;0
FR;8;2021-01-19;0;0;0;0;0;0;0;0;0;0
FR;8;2021-01-20;0;0;0;0;0;0;0;0;0;0
FR;8;2021-01-21;0;0;0;0;0;0;0;0;0;0
FR;8;2021-01-22;0;0;0;0;0;0;0;0;0;0
FR;8;2021-01-23;0;0;0;0;0;0;0;0;0;0
FR;8;2021-01-24;0;0;0;0;0;0;0;0;0;0
FR;8;2021-01-25;0;0;0;0;0;0;0;0;0;0
FR;8;2021-01-26;0;0;0;0;0;0;0;0;0;0
FR;8;2021-01-27;0;0;0;0;0;0;0;0;0;0
FR;8;2021-01-28;0;0;0;0;0;0;0;0;0;0
FR;8;2021-01-29;0;0;0;0;0;0;0;0;0;0
FR;8;2021-01-30;0;0;0;0;0;0;0;0;0;0
FR;8;2021-01-31;0;0;0;0;0;0;0;0;0;0
FR;8;2021-02-01;0;0;0;0;0;0;0;0;0;0
FR;8;2021-02-02;0;0;0;0;0;0;0;0;0;0
FR;8;2021-02-03;0;0;0;0;0;0;0;0;0;0
FR;8;2021-02-04;0;0;0;0;0;0;0;0;0;0
FR;8;2021-02-05;0;0;0;0;0;0;0;0;0;0
FR;8;2021-02-06;0;0;0;0;0;0;0;0;0;0
FR;8;2021-02-07;0;0;0;0;0;0;0;0;0;0
FR;8;2021-02-08;0;0;0;0;0;0;0;0;0;0
FR;8;2021-02-09;0;0;0;0;0;0;0;0;0;0
FR;8;2021-02-10;0;0;0;0;0;0;0;0;0;0
FR;8;2021-02-11;0;0;0;0;0;0;0;0;0;0
FR;8;2021-02-12;0;0;0;0;0;0;0;0;0;0
FR;8;2021-02-13;0;0;0;0;0;0;0;0;0;0
FR;8;2021-02-14;0;0;0;0;0;0;0;0;0;0
FR;8;2021-02-15;0;0;0;0;0;0;0;0;0;0
FR;8;2021-02-16;0;0;0;0;0;0;0;0;0;0
FR;8;2021-02-17;0;0;0;0;0;0;0;0;0;0
FR;8;2021-02-18;0;0;0;0;0;0;0;0;0;0
FR;8;2021-02-19;0;0;0;0;0;0;0;0;0;0
FR;8;2021-02-20;0;0;0;0;0;0;0;0;0;0
FR;8;2021-02-21;0;0;0;0;0;0;0;0;0;0
FR;8;2021-02-22;0;0;0;0;0;0;0;0;0;0
FR;8;2021-02-23;0;0;0;0;0;0;0;0;0;0
FR;8;2021-02-24;0;0;0;0;0;0;0;0;0;0
FR;8;2021-02-25;0;0;0;0;0;0;0;0;0;0
FR;8;2021-02-26;0;0;0;0;0;0;0;0;0;0
FR;8;2021-02-27;0;0;0;0;0;0;0;0;0;0
FR;8;2021-02-28;0;0;0;0;0;0;0;0;0;0
FR;8;2021-03-01;0;0;0;0;0;0;0;0;0;0
FR;8;2021-03-02;0;0;0;0;0;0;0;0;0;0
FR;8;2021-03-03;0;0;0;0;0;0;0;0;0;0
FR;8;2021-03-04;0;0;0;0;0;0;0;0;0;0
FR;8;2021-03-05;0;0;0;0;0;0;0;0;0;0
FR;8;2021-03-06;0;0;0;0;0;0;0;0;0;0
FR;8;2021-03-07;0;0;0;0;0;0;0;0;0;0
FR;8;2021-03-08;0;0;0;0;0;0;0;0;0;0
FR;8;2021-03-09;0;0;0;0;0;0;0;0;0;0
FR;8;2021-03-10;0;0;0;0;0;0;0;0;0;0
FR;8;2021-03-11;0;0;0;0;0;0;0;0;0;0
FR;8;2021-03-12;0;0;0;0;0;0;0;0;0;0
FR;8;2021-03-13;0;0;0;0;0;0;0;0;0;0
FR;8;2021-03-14;0;0;0;0;0;0;0;0;0;0
FR;8;2021-03-15;0;0;0;0;0;0;0;0;0;0
FR;8;2021-03-16;0;0;0;0;0;0;0;0;0;0
FR;8;2021-03-17;0;0;0;0;0;0;0;0;0;0
FR;8;2021-03-18;0;0;0;0;0;0;0;0;0;0
FR;8;2021-03-19;0;0;0;0;0;0;0;0;0;0
FR;8;2021-03-20;0;0;0;0;0;0;0;0;0;0
FR;8;2021-03-21;0;0;0;0;0;0;0;0;0;0
FR;8;2021-03-22;0;0;0;0;0;0;0;0;0;0
FR;8;2021-03-23;0;0;0;0;0;0;0;0;0;0
FR;8;2021-03-24;0;0;0;0;0;0;0;0;0;0
FR;8;2021-03-25;0;0;0;0;0;0;0;0;0;0
FR;8;2021-03-26;0;0;0;0;0;0;0;0;0;0
FR;8;2021-03-27;0;0;0;0;0;0;0;0;0;0
FR;8;2021-03-28;0;0;0;0;0;0;0;0;0;0
FR;8;2021-03-29;0;0;0;0;0;0;0;0;0;0
FR;8;2021-03-30;0;0;0;0;0;0;0;0;0;0
FR;8;2021-03-31;0;0;0;0;0;0;0;0;0;0
FR;8;2021-04-01;0;0;0;0;0;0;0;0;0;0
FR;8;2021-04-02;0;0;0;0;0;0;0;0;0;0
FR;8;2021-04-03;0;0;0;0;0;0;0;0;0;0
FR;8;2021-04-04;0;0;0;0;0;0;0;0;0;0
FR;8;2021-04-05;0;0;0;0;0;0;0;0;0;0
FR;8;2021-04-06;0;0;0;0;0;0;0;0;0;0
FR;8;2021-04-07;0;0;0;0;0;0;0;0;0;0
FR;8;2021-04-08;0;0;0;0;0;0;0;0;0;0
FR;8;2021-04-09;0;0;0;0;0;0;0;0;0;0
FR;8;2021-04-10;0;0;0;0;0;0;0;0;0;0
FR;8;2021-04-11;0;0;0;0;0;0;0;0;0;0
FR;8;2021-04-12;0;0;0;0;0;0;0;0;0;0
FR;8;2021-04-13;0;0;0;0;0;0;0;0;0;0
FR;8;2021-04-14;0;0;0;0;0;0;0;0;0;0
FR;8;2021-04-15;0;0;0;0;0;0;0;0;0;0
FR;8;2021-04-16;0;0;0;0;0;0;0;0;0;0
FR;8;2021-04-17;0;0;0;0;0;0;0;0;0;0
FR;8;2021-04-18;0;0;0;0;0;0;0;0;0;0
FR;8;2021-04-19;0;0;0;0;0;0;0;0;0;0
FR;8;2021-04-20;0;0;0;0;0;0;0;0;0;0
FR;8;2021-04-21;0;0;0;0;0;0;0;0;0;0
FR;8;2021-04-22;0;0;0;0;0;0;0;0;0;0
FR;8;2021-04-23;0;0;0;0;0;0;0;0;0;0
FR;8;2021-04-24;0;0;0;0;0;0;0;0;0;0
FR;8;2021-04-25;0;0;0;0;0;0;0;0;0;0
FR;8;2021-04-26;0;0;0;0;0;0;0;0;0;0
FR;8;2021-04-27;0;0;0;0;0;0;0;0;0;0
FR;8;2021-04-28;0;0;0;0;0;0;0;0;0;0
FR;8;2021-04-29;0;0;0;0;0;0;0;0;0;0
FR;8;2021-04-30;0;0;0;0;0;0;0;0;0;0
FR;8;2021-05-01;0;0;0;0;0;0;0;0;0;0
FR;8;2021-05-02;0;0;0;0;0;0;0;0;0;0
FR;8;2021-05-03;0;0;0;0;0;0;0;0;0;0
FR;8;2021-05-04;0;0;0;0;0;0;0;0;0;0
FR;8;2021-05-05;0;0;0;0;0;0;0;0;0;0
FR;8;2021-05-06;0;0;0;0;0;0;0;0;0;0
FR;8;2021-05-07;0;0;0;0;0;0;0;0;0;0
FR;8;2021-05-08;0;0;0;0;0;0;0;0;0;0
FR;8;2021-05-09;0;0;0;0;0;0;0;0;0;0
FR;8;2021-05-10;0;0;0;0;0;0;0;0;0;0
FR;8;2021-05-11;0;0;0;0;0;0;0;0;0;0
FR;8;2021-05-12;0;0;0;0;0;0;0;0;0;0
FR;8;2021-05-13;0;0;0;0;0;0;0;0;0;0
FR;8;2021-05-14;0;0;0;0;0;0;0;0;0;0
FR;8;2021-05-15;0;0;0;0;0;0;0;0;0;0
FR;8;2021-05-16;0;0;0;0;0;0;0;0;0;0
FR;8;2021-05-17;0;0;0;0;0;0;0;0;0;0
FR;8;2021-05-18;0;0;0;0;0;0;0;0;0;0
FR;8;2021-05-19;0;0;0;0;0;0;0;0;0;0
FR;8;2021-05-20;0;0;0;0;0;0;0;0;0;0
FR;8;2021-05-21;0;0;0;0;0;0;0;0;0;0
FR;8;2021-05-22;0;0;0;0;0;0;0;0;0;0
FR;8;2021-05-23;0;0;0;0;0;0;0;0;0;0
FR;8;2021-05-24;0;0;0;0;0;0;0;0;0;0
FR;8;2021-05-25;0;0;0;0;0;0;0;0;0;0
FR;8;2021-05-26;0;0;0;0;0;0;0;0;0;0
FR;8;2021-05-27;0;0;0;0;0;0;0;0;0;0
FR;8;2021-05-28;0;0;0;0;0;0;0;0;0;0
FR;8;2021-05-29;0;0;0;0;0;0;0;0;0;0
FR;8;2021-05-30;0;0;0;0;0;0;0;0;0;0
FR;8;2021-05-31;0;0;0;0;0;0;0;0;0;0
FR;8;2021-06-01;0;0;0;0;0;0;0;0;0;0
FR;8;2021-06-02;0;0;0;0;0;0;0;0;0;0
FR;8;2021-06-03;0;0;0;0;0;0;0;0;0;0
FR;8;2021-06-04;0;0;0;0;0;0;0;0;0;0
FR;8;2021-06-05;0;0;0;0;0;0;0;0;0;0
FR;8;2021-06-06;0;0;0;0;0;0;0;0;0;0
FR;8;2021-06-07;0;0;0;0;0;0;0;0;0;0
FR;8;2021-06-08;0;0;0;0;0;0;0;0;0;0
FR;8;2021-06-09;0;0;0;0;0;0;0;0;0;0
FR;8;2021-06-10;0;0;0;0;0;0;0;0;0;0
FR;8;2021-06-11;0;0;0;0;0;0;0;0;0;0
FR;8;2021-06-12;0;0;0;0;0;0;0;0;0;0
FR;8;2021-06-13;0;0;0;0;0;0;0;0;0;0
FR;8;2021-06-14;0;0;0;0;0;0;0;0;0;0
FR;8;2021-06-15;0;0;0;0;0;0;0;0;0;0
FR;8;2021-06-16;0;0;0;0;0;0;0;0;0;0
FR;8;2021-06-17;0;0;0;0;0;0;0;0;0;0
FR;8;2021-06-18;0;0;0;0;0;0;0;0;0;0
FR;8;2021-06-19;0;0;0;0;0;0;0;0;0;0
FR;8;2021-06-20;0;0;0;0;0;0;0;0;0;0
FR;8;2021-06-21;0;0;0;0;0;0;0;0;0;0
FR;8;2021-06-22;0;0;0;0;0;0;0;0;0;0
FR;8;2021-06-23;0;0;0;0;0;0;0;0;0;0
FR;8;2021-06-24;0;0;0;0;0;0;0;0;0;0
FR;8;2021-06-25;0;0;0;0;0;0;0;0;0;0
FR;8;2021-06-26;0;0;0;0;0;0;0;0;0;0
FR;8;2021-06-27;0;0;0;0;0;0;0;0;0;0
FR;8;2021-06-28;0;0;0;0;0;0;0;0;0;0
FR;8;2021-06-29;0;0;0;0;0;0;0;0;0;0
FR;8;2021-06-30;0;0;0;0;0;0;0;0;0;0
FR;8;2021-07-01;0;0;0;0;0;0;0;0;0;0
FR;8;2021-07-02;0;0;0;0;0;0;0;0;0;0
FR;8;2021-07-03;0;0;0;0;0;0;0;0;0;0
FR;8;2021-07-04;0;0;0;0;0;0;0;0;0;0
FR;8;2021-07-05;0;0;0;0;0;0;0;0;0;0
FR;8;2021-07-06;0;0;0;0;0;0;0;0;0;0
FR;8;2021-07-07;0;0;0;0;0;0;0;0;0;0
FR;8;2021-07-08;0;0;0;0;0;0;0;0;0;0
FR;8;2021-07-09;0;0;0;0;0;0;0;0;0;0
FR;8;2021-07-10;0;0;0;0;0;0;0;0;0;0
FR;8;2021-07-11;0;0;0;0;0;0;0;0;0;0
FR;8;2021-07-12;0;0;0;0;0;0;0;0;0;0
FR;8;2021-07-13;0;0;0;0;0;0;0;0;0;0
FR;8;2021-07-14;0;0;0;0;0;0;0;0;0;0
FR;8;2021-07-15;0;0;0;0;0;0;0;0;0;0
FR;8;2021-07-16;0;0;0;0;0;0;0;0;0;0
FR;8;2021-07-17;0;0;0;0;0;0;0;0;0;0
FR;8;2021-07-18;0;0;0;0;0;0;0;0;0;0
FR;8;2021-07-19;0;0;0;0;0;0;0;0;0;0
FR;8;2021-07-20;0;0;0;0;0;0;0;0;0;0
FR;8;2021-07-21;0;0;0;0;0;0;0;0;0;0
FR;8;2021-07-22;0;0;0;0;0;0;0;0;0;0
FR;8;2021-07-23;0;0;0;0;0;0;0;0;0;0
FR;8;2021-07-24;0;0;0;0;0;0;0;0;0;0
FR;8;2021-07-25;0;0;0;0;0;0;0;0;0;0
FR;8;2021-07-26;0;0;0;0;0;0;0;0;0;0
FR;8;2021-07-27;0;0;0;0;0;0;0;0;0;0
FR;8;2021-07-28;0;0;0;0;0;0;0;0;0;0
FR;8;2021-07-29;0;0;0;0;0;0;0;0;0;0
FR;8;2021-07-30;0;0;0;0;0;0;0;0;0;0
FR;8;2021-07-31;0;0;0;0;0;0;0;0;0;0
FR;8;2021-08-01;0;0;0;0;0;0;0;0;0;0
FR;8;2021-08-02;0;0;0;0;0;0;0;0;0;0
FR;8;2021-08-03;0;0;0;0;0;0;0;0;0;0
FR;8;2021-08-04;0;0;0;0;0;0;0;0;0;0
FR;8;2021-08-05;0;0;0;0;0;0;0;0;0;0
FR;8;2021-08-06;0;0;0;0;0;0;0;0;0;0
FR;8;2021-08-07;0;0;0;0;0;0;0;0;0;0
FR;8;2021-08-08;0;0;0;0;0;0;0;0;0;0
FR;8;2021-08-09;0;0;0;0;0;0;0;0;0;0
FR;8;2021-08-10;0;0;0;0;0;0;0;0;0;0
FR;8;2021-08-11;0;0;0;0;0;0;0;0;0;0
FR;8;2021-08-12;0;0;0;0;0;0;0;0;0;0
FR;8;2021-08-13;0;0;0;0;0;0;0;0;0;0
FR;8;2021-08-14;0;0;0;0;0;0;0;0;0;0
FR;8;2021-08-15;0;0;0;0;0;0;0;0;0;0
FR;8;2021-08-16;0;0;0;0;0;0;0;0;0;0
FR;8;2021-08-17;0;0;0;0;0;0;0;0;0;0
FR;8;2021-08-18;0;0;0;0;0;0;0;0;0;0
FR;8;2021-08-19;0;0;0;0;0;0;0;0;0;0
FR;8;2021-08-20;0;0;0;0;0;0;0;0;0;0
FR;8;2021-08-21;0;0;0;0;0;0;0;0;0;0
FR;8;2021-08-22;0;0;0;0;0;0;0;0;0;0
FR;8;2021-08-23;0;0;0;0;0;0;0;0;0;0
FR;8;2021-08-24;0;0;0;0;0;0;0;0;0;0
FR;8;2021-08-25;0;0;0;0;0;0;0;0;0;0
FR;8;2021-08-26;0;0;0;0;0;0;0;0;0;0
FR;8;2021-08-27;0;0;0;0;0;0;0;0;0;0
FR;8;2021-08-28;0;0;0;0;0;0;0;0;0;0
FR;8;2021-08-29;0;0;0;0;0;0;0;0;0;0
FR;8;2021-08-30;0;0;0;0;0;0;0;0;0;0
FR;8;2021-08-31;0;0;0;0;0;0;0;0;0;0
FR;8;2021-09-01;0;0;0;0;0;0;0;0;0;0
FR;8;2021-09-02;0;0;0;0;0;0;0;0;0;0
FR;8;2021-09-03;0;0;0;0;0;0;0;0;0;0
FR;8;2021-09-04;0;0;0;0;0;0;0;0;0;0
FR;8;2021-09-05;0;0;0;0;0;0;0;0;0;0
FR;8;2021-09-06;0;0;0;0;0;0;0;0;0;0
FR;8;2021-09-07;0;0;0;0;0;0;0;0;0;0
FR;8;2021-09-08;0;0;0;0;0;0;0;0;0;0
FR;8;2021-09-09;0;0;0;0;0;0;0;0;0;0
FR;8;2021-09-10;0;0;0;0;0;0;0;0;0;0
FR;8;2021-09-11;0;0;0;0;0;0;0;0;0;0
FR;8;2021-09-12;0;0;0;0;0;0;0;0;0;0
FR;8;2021-09-13;0;0;0;0;0;0;0;0;0;0
FR;8;2021-09-14;0;0;0;0;0;0;0;0;0;0
FR;8;2021-09-15;0;0;0;0;0;0;0;0;0;0
FR;8;2021-09-16;0;0;0;0;0;0;0;0;0;0
FR;8;2021-09-17;0;0;0;0;0;0;0;0;0;0
FR;8;2021-09-18;0;0;0;0;0;0;0;0;0;0
FR;8;2021-09-19;0;0;0;0;0;0;0;0;0;0
FR;8;2021-09-20;0;0;0;0;0;0;0;0;0;0
FR;8;2021-09-21;0;0;0;0;0;0;0;0;0;0
FR;8;2021-09-22;0;0;0;0;0;0;0;0;0;0
FR;8;2021-09-23;0;0;0;0;0;0;0;0;0;0
FR;8;2021-09-24;0;0;0;0;0;0;0;0;0;0
FR;8;2021-09-25;0;0;0;0;0;0;0;0;0;0
FR;8;2021-09-26;0;0;0;0;0;0;0;0;0;0
FR;8;2021-09-27;0;0;0;0;0;0;0;0;0;0
FR;8;2021-09-28;0;0;0;0;0;0;0;0;0;0
FR;8;2021-09-29;0;0;0;0;0;0;0;0;0;0
FR;8;2021-09-30;0;0;0;0;0;0;0;0;0;0
FR;8;2021-10-01;0;0;0;0;0;0;0;0;0;0
FR;8;2021-10-02;0;0;0;0;0;0;0;0;0;0
FR;8;2021-10-03;0;0;0;0;0;0;0;0;0;0
FR;8;2021-10-04;0;0;0;0;0;0;0;0;0;0
FR;8;2021-10-05;0;0;0;0;0;0;0;0;0;0
FR;8;2021-10-06;0;0;0;0;0;0;0;0;0;0
FR;8;2021-10-07;0;0;0;0;0;0;0;0;0;0
FR;8;2021-10-08;0;0;0;0;0;0;0;0;0;0
FR;8;2021-10-09;0;0;0;0;0;0;0;0;0;0
FR;8;2021-10-10;0;0;0;0;0;0;0;0;0;0
FR;8;2021-10-11;0;0;0;0;0;0;0;0;0;0
FR;8;2021-10-12;0;0;0;0;0;0;0;0;0;0
FR;8;2021-10-13;0;0;0;0;0;0;0;0;0;0
FR;8;2021-10-14;0;0;0;0;0;0;0;0;0;0
FR;8;2021-10-15;0;0;0;0;0;0;0;0;0;0
FR;8;2021-10-16;0;0;0;0;0;0;0;0;0;0
FR;8;2021-10-17;0;0;0;0;0;0;0;0;0;0
FR;8;2021-10-18;0;0;0;0;0;0;0;0;0;0
FR;8;2021-10-19;0;0;0;0;0;0;0;0;0;0
FR;8;2021-10-20;0;0;0;0;0;0;0;0;0;0
FR;8;2021-10-21;0;0;0;0;0;0;0;0;0;0
FR;8;2021-10-22;0;0;0;0;0;0;0;0;0;0
FR;8;2021-10-23;0;0;0;0;0;0;0;0;0;0
FR;8;2021-10-24;0;0;0;0;0;0;0;0;0;0
FR;8;2021-10-25;0;0;0;0;0;0;0;0;0;0
FR;8;2021-10-26;0;0;0;0;0;0;0;0;0;0
FR;8;2021-10-27;0;0;0;0;0;0;0;0;0;0
FR;8;2021-10-28;0;0;0;0;0;0;0;0;0;0
FR;8;2021-10-29;0;0;0;0;0;0;0;0;0;0
FR;8;2021-10-30;0;0;0;0;0;0;0;0;0;0
FR;8;2021-10-31;0;0;0;0;0;0;0;0;0;0
FR;8;2021-11-01;0;0;0;0;0;0;0;0;0;0
FR;8;2021-11-02;0;0;0;0;0;0;0;0;0;0
FR;8;2021-11-03;0;0;0;0;0;0;0;0;0;0
FR;8;2021-11-04;0;0;0;0;0;0;0;0;0;0
FR;8;2021-11-05;0;0;0;0;0;0;0;0;0;0
FR;8;2021-11-06;0;0;0;0;0;0;0;0;0;0
FR;8;2021-11-07;0;0;0;0;0;0;0;0;0;0
FR;8;2021-11-08;0;0;0;0;0;0;0;0;0;0
FR;8;2021-11-09;0;0;0;0;0;0;0;0;0;0
FR;8;2021-11-10;0;0;0;0;0;0;0;0;0;0
FR;8;2021-11-11;0;0;0;0;0;0;0;0;0;0
FR;8;2021-11-12;0;0;0;0;0;0;0;0;0;0
FR;8;2021-11-13;0;0;0;0;0;0;0;0;0;0
FR;8;2021-11-14;0;0;0;0;0;0;0;0;0;0
FR;8;2021-11-15;0;0;0;0;0;0;0;0;0;0
FR;8;2021-11-16;0;0;0;0;0;0;0;0;0;0
FR;8;2021-11-17;0;0;0;0;0;0;0;0;0;0
FR;8;2021-11-18;0;0;0;0;0;0;0;0;0;0
FR;8;2021-11-19;0;0;0;0;0;0;0;0;0;0
FR;8;2021-11-20;0;0;0;0;0;0;0;0;0;0
FR;8;2021-11-21;0;0;0;0;0;0;0;0;0;0
FR;8;2021-11-22;0;0;0;0;0;0;0;0;0;0
FR;8;2021-11-23;0;0;0;0;0;0;0;0;0;0
FR;8;2021-11-24;0;0;0;0;0;0;0;0;0;0
FR;8;2021-11-25;0;0;0;0;0;0;0;0;0;0
FR;8;2021-11-26;0;0;0;0;0;0;0;0;0;0
FR;8;2021-11-27;0;0;0;0;0;0;0;0;0;0
FR;8;2021-11-28;0;0;0;0;0;0;0;0;0;0
FR;8;2021-11-29;0;0;0;0;0;0;0;0;0;0
FR;8;2021-11-30;0;0;0;0;0;0;0;0;0;0
FR;8;2021-12-01;0;0;0;0;0;0;0;0;0;0
FR;8;2021-12-02;0;0;0;0;0;0;0;0;0;0
FR;8;2021-12-03;0;0;0;0;0;0;0;0;0;0
FR;8;2021-12-04;0;0;0;0;0;0;0;0;0;0
FR;8;2021-12-05;0;0;0;0;0;0;0;0;0;0
FR;8;2021-12-06;0;0;0;0;0;0;0;0;0;0
FR;8;2021-12-07;0;0;0;0;0;0;0;0;0;0
FR;8;2021-12-08;0;0;0;0;0;0;0;0;0;0
FR;8;2021-12-09;0;0;0;0;0;0;0;0;0;0
FR;8;2021-12-10;0;0;0;0;0;0;0;0;0;0
FR;8;2021-12-11;0;0;0;0;0;0;0;0;0;0
FR;8;2021-12-12;0;0;0;0;0;0;0;0;0;0
FR;8;2021-12-13;0;0;0;0;0;0;0;0;0;0
FR;8;2021-12-14;0;0;0;0;0;0;0;0;0;0
FR;8;2021-12-15;0;0;0;0;0;0;0;0;0;0
FR;8;2021-12-16;0;0;0;0;0;0;0;0;0;0
FR;8;2021-12-17;0;0;0;0;0;0;0;0;0;0
FR;8;2021-12-18;0;0;0;0;0;0;0;0;0;0
FR;8;2021-12-19;0;0;0;0;0;0;0;0;0;0
FR;8;2021-12-20;0;0;0;0;0;0;0;0;0;0
FR;8;2021-12-21;0;0;0;0;0;0;0;0;0;0
FR;8;2021-12-22;0;0;0;0;0;0;0;0;0;0
FR;8;2021-12-23;0;0;0;0;0;0;0;0;0;0
FR;8;2021-12-24;0;0;0;0;0;0;0;0;0;0
FR;8;2021-12-25;0;0;0;0;0;0;0;0;0;0
FR;8;2021-12-26;0;0;0;0;0;0;0;0;0;0
FR;8;2021-12-27;0;0;0;0;0;0;0;0;0;0
FR;8;2021-12-28;0;0;0;0;0;0;0;0;0;0
FR;8;2021-12-29;0;0;0;0;0;0;0;0;0;0
FR;8;2021-12-30;0;0;0;0;0;0;0;0;0;0
FR;8;2021-12-31;0;0;0;0;0;0;0;0;0;0
FR;8;2022-01-01;0;0;0;0;0;0;0;0;0;0
FR;8;2022-01-02;0;0;0;0;0;0;0;0;0;0
FR;8;2022-01-03;0;0;0;0;0;0;0;0;0;0
FR;8;2022-01-04;0;0;0;0;0;0;0;0;0;0
FR;8;2022-01-05;0;0;0;0;0;0;0;0;0;0
FR;8;2022-01-06;0;0;0;0;0;0;0;0;0;0
FR;8;2022-01-07;0;0;0;0;0;0;0;0;0;0
FR;8;2022-01-08;0;0;0;0;0;0;0;0;0;0
FR;8;2022-01-09;0;0;0;0;0;0;0;0;0;0
FR;8;2022-01-10;0;0;0;0;0;0;0;0;0;0
FR;8;2022-01-11;0;0;0;0;0;0;0;0;0;0
FR;8;2022-01-12;0;0;0;0;0;0;0;0;0;0
FR;8;2022-01-13;0;0;0;0;0;0;0;0;0;0
FR;8;2022-01-14;0;0;0;0;0;0;0;0;0;0
FR;8;2022-01-15;0;0;0;0;0;0;0;0;0;0
FR;8;2022-01-16;0;0;0;0;0;0;0;0;0;0
FR;8;2022-01-17;0;0;0;0;0;0;0;0;0;0
FR;8;2022-01-18;0;0;0;0;0;0;0;0;0;0
FR;8;2022-01-19;0;0;0;0;0;0;0;0;0;0
FR;8;2022-01-20;0;0;0;0;0;0;0;0;0;0
FR;8;2022-01-21;0;0;0;0;0;0;0;0;0;0
FR;8;2022-01-22;0;0;0;0;0;0;0;0;0;0
FR;8;2022-01-23;0;0;0;0;0;0;0;0;0;0
FR;8;2022-01-24;0;0;0;0;0;0;0;0;0;0
FR;8;2022-01-25;0;0;0;0;0;0;0;0;0;0
FR;8;2022-01-26;0;0;0;0;0;0;0;0;0;0
FR;8;2022-01-27;0;0;0;0;0;0;0;0;0;0
FR;8;2022-01-28;0;0;0;0;0;0;0;0;0;0
FR;8;2022-01-29;0;0;0;0;0;0;0;0;0;0
FR;8;2022-01-30;0;0;0;0;0;0;0;0;0;0
FR;8;2022-01-31;0;0;0;0;0;0;0;0;0;0
FR;8;2022-02-01;0;0;0;0;0;0;0;0;0;0
FR;8;2022-02-02;0;0;0;0;0;0;0;0;0;0
FR;8;2022-02-03;0;0;0;0;0;0;0;0;0;0
FR;8;2022-02-04;0;0;0;0;0;0;0;0;0;0
FR;8;2022-02-05;0;0;0;0;0;0;0;0;0;0
FR;8;2022-02-06;0;0;0;0;0;0;0;0;0;0
FR;8;2022-02-07;0;0;0;0;0;0;0;0;0;0
FR;8;2022-02-08;0;0;0;0;0;0;0;0;0;0
FR;8;2022-02-09;0;0;0;0;0;0;0;0;0;0
FR;8;2022-02-10;0;0;0;0;0;0;0;0;0;0
FR;8;2022-02-11;0;0;0;0;0;0;0;0;0;0
FR;8;2022-02-12;0;0;0;0;0;0;0;0;0;0
FR;8;2022-02-13;0;0;0;0;0;0;0;0;0;0
FR;8;2022-02-14;0;0;0;0;0;0;0;0;0;0
FR;8;2022-02-15;0;0;0;0;0;0;0;0;0;0
FR;8;2022-02-16;0;0;0;0;0;0;0;0;0;0
FR;8;2022-02-17;0;0;0;0;0;0;0;0;0;0
FR;8;2022-02-18;0;0;0;0;0;0;0;0;0;0
FR;8;2022-02-19;0;0;0;0;0;0;0;0;0;0
FR;8;2022-02-20;0;0;0;0;0;0;0;0;0;0
FR;8;2022-02-21;0;0;0;0;0;0;0;0;0;0
FR;8;2022-02-22;0;0;0;0;0;0;0;0;0;0
FR;8;2022-02-23;0;0;0;0;0;0;0;0;0;0
FR;8;2022-02-24;0;0;0;0;0;0;0;0;0;0
FR;8;2022-02-25;0;0;0;0;0;0;0;0;0;0
FR;8;2022-02-26;0;0;0;0;0;0;0;0;0;0
FR;8;2022-02-27;0;0;0;0;0;0;0;0;0;0
FR;8;2022-02-28;0;0;0;0;0;0;0;0;0;0
FR;8;2022-03-01;0;0;0;0;0;0;0;0;0;0
FR;8;2022-03-02;0;0;0;0;0;0;0;0;0;0
FR;8;2022-03-03;0;0;0;0;0;0;0;0;0;0
FR;8;2022-03-04;0;0;0;0;0;0;0;0;0;0
FR;8;2022-03-05;0;0;0;0;0;0;0;0;0;0
FR;8;2022-03-06;0;0;0;0;0;0;0;0;0;0
FR;8;2022-03-07;0;0;0;0;0;0;0;0;0;0
FR;8;2022-03-08;0;0;0;0;0;0;0;0;0;0
FR;8;2022-03-09;0;0;0;0;0;0;0;0;0;0
FR;8;2022-03-10;0;0;0;0;0;0;0;0;0;0
FR;8;2022-03-11;0;0;0;0;0;0;0;0;0;0
FR;8;2022-03-12;0;0;0;0;0;0;0;0;0;0
FR;8;2022-03-13;0;0;0;0;0;0;0;0;0;0
FR;8;2022-03-14;0;0;0;0;0;0;0;0;0;0
FR;8;2022-03-15;0;0;0;0;0;0;0;0;0;0
FR;8;2022-03-16;0;0;0;0;0;0;0;0;0;0
FR;8;2022-03-17;0;0;0;0;0;0;0;0;0;0
FR;8;2022-03-18;0;0;0;0;0;0;0;0;0;0
FR;8;2022-03-19;0;0;0;0;0;0;0;0;0;0
FR;8;2022-03-20;0;0;0;0;0;0;0;0;0;0
FR;8;2022-03-21;0;0;0;0;0;0;0;0;0;0
FR;8;2022-03-22;0;0;0;0;0;0;0;0;0;0
FR;8;2022-03-23;0;0;0;0;0;0;0;0;0;0
FR;8;2022-03-24;0;0;0;0;0;0;0;0;0;0
FR;8;2022-03-25;0;0;0;0;0;0;0;0;0;0
FR;8;2022-03-26;0;0;0;0;0;0;0;0;0;0
FR;8;2022-03-27;0;0;0;0;0;0;0;0;0;0
FR;8;2022-03-28;0;0;0;0;0;0;0;0;0;0
FR;8;2022-03-29;0;0;0;0;0;0;0;0;0;0
FR;8;2022-03-30;0;0;0;0;0;0;0;0;0;0
FR;8;2022-03-31;0;0;0;0;0;0;0;0;0;0
FR;8;2022-04-01;0;0;0;0;0;0;0;0;0;0
FR;8;2022-04-02;0;0;0;0;0;0;0;0;0;0
FR;8;2022-04-03;0;0;0;0;0;0;0;0;0;0
FR;8;2022-04-04;0;0;0;0;0;0;0;0;0;0
FR;8;2022-04-05;0;0;0;0;0;0;0;0;0;0
FR;8;2022-04-06;0;0;0;0;0;0;0;0;0;0
FR;8;2022-04-07;0;0;0;0;0;0;0;0;0;0
FR;8;2022-04-08;0;0;0;0;0;0;0;0;0;0
FR;8;2022-04-09;0;0;0;0;0;0;0;0;0;0
FR;8;2022-04-10;0;0;0;0;0;0;0;0;0;0
FR;8;2022-04-11;0;0;0;0;0;0;0;0;0;0
FR;8;2022-04-12;0;0;0;0;0;0;0;0;0;0
FR;8;2022-04-13;0;0;0;0;0;0;0;0;0;0
FR;8;2022-04-14;0;0;0;0;0;0;0;0;0;0
FR;8;2022-04-15;0;0;0;0;0;0;0;0;0;0
FR;8;2022-04-16;0;0;0;0;0;0;0;0;0;0
FR;8;2022-04-17;0;0;0;0;0;0;0;0;0;0
FR;8;2022-04-18;0;0;0;0;0;0;0;0;0;0
FR;8;2022-04-19;0;0;0;0;0;0;0;0;0;0
FR;8;2022-04-20;0;0;0;0;0;0;0;0;0;0
FR;8;2022-04-21;0;0;0;0;0;0;0;0;0;0
FR;8;2022-04-22;0;0;0;0;0;0;0;0;0;0
FR;8;2022-04-23;0;0;0;0;0;0;0;0;0;0
FR;8;2022-04-24;0;0;0;0;0;0;0;0;0;0
FR;8;2022-04-25;0;0;0;0;0;0;0;0;0;0
FR;8;2022-04-26;0;0;0;0;0;0;0;0;0;0
FR;8;2022-04-27;0;0;0;0;0;0;0;0;0;0
FR;8;2022-04-28;0;0;0;0;0;0;0;0;0;0
FR;8;2022-04-29;0;0;0;0;0;0;0;0;0;0
FR;8;2022-04-30;0;0;0;0;0;0;0;0;0;0
FR;8;2022-05-01;0;0;0;0;0;0;0;0;0;0
FR;8;2022-05-02;0;0;0;0;0;0;0;0;0;0
FR;8;2022-05-03;0;0;0;0;0;0;0;0;0;0
FR;8;2022-05-04;0;0;0;0;0;0;0;0;0;0
FR;8;2022-05-05;0;0;0;0;0;0;0;0;0;0
FR;8;2022-05-06;0;0;0;0;0;0;0;0;0;0
FR;8;2022-05-07;0;0;0;0;0;0;0;0;0;0
FR;8;2022-05-08;0;0;0;0;0;0;0;0;0;0
FR;8;2022-05-09;0;0;0;0;0;0;0;0;0;0
FR;8;2022-05-10;0;0;0;0;0;0;0;0;0;0
FR;8;2022-05-11;0;0;0;0;0;0;0;0;0;0
FR;8;2022-05-12;0;0;0;0;0;0;0;0;0;0
FR;8;2022-05-13;0;0;0;0;0;0;0;0;0;0
FR;8;2022-05-14;0;0;0;0;0;0;0;0;0;0
FR;8;2022-05-15;0;0;0;0;0;0;0;0;0;0
FR;8;2022-05-16;0;0;0;0;0;0;0;0;0;0
FR;8;2022-05-17;0;0;0;0;0;0;0;0;0;0
FR;8;2022-05-18;0;0;0;0;0;0;0;0;0;0
FR;8;2022-05-19;0;0;0;0;0;0;0;0;0;0
FR;8;2022-05-20;0;0;0;0;0;0;0;0;0;0
FR;8;2022-05-21;0;0;0;0;0;0;0;0;0;0
FR;8;2022-05-22;0;0;0;0;0;0;0;0;0;0
FR;8;2022-05-23;0;0;0;0;0;0;0;0;0;0
FR;8;2022-05-24;0;0;0;0;0;0;0;0;0;0
FR;8;2022-05-25;0;0;0;0;0;0;0;0;0;0
FR;8;2022-05-26;0;0;0;0;0;0;0;0;0;0
FR;8;2022-05-27;0;0;0;0;0;0;0;0;0;0
FR;8;2022-05-28;0;0;0;0;0;0;0;0;0;0
FR;8;2022-05-29;0;0;0;0;0;0;0;0;0;0
FR;8;2022-05-30;0;0;0;0;0;0;0;0;0;0
FR;8;2022-05-31;0;0;0;0;0;0;0;0;0;0
FR;8;2022-06-01;0;0;0;0;0;0;0;0;0;0
FR;8;2022-06-02;0;0;0;0;0;0;0;0;0;0
FR;8;2022-06-03;0;0;0;0;0;0;0;0;0;0
FR;8;2022-06-04;0;0;0;0;0;0;0;0;0;0
FR;8;2022-06-05;0;0;0;0;0;0;0;0;0;0
FR;8;2022-06-06;0;0;0;0;0;0;0;0;0;0
FR;8;2022-06-07;0;0;0;0;0;0;0;0;0;0
FR;8;2022-06-08;0;0;0;0;0;0;0;0;0;0
FR;8;2022-06-09;0;0;0;0;0;0;0;0;0;0
FR;8;2022-06-10;0;0;0;0;0;0;0;0;0;0
FR;8;2022-06-11;0;0;0;0;0;0;0;0;0;0
FR;8;2022-06-12;0;0;0;0;0;0;0;0;0;0
FR;8;2022-06-13;0;0;0;0;0;0;0;0;0;0
FR;8;2022-06-14;0;0;0;0;0;0;0;0;0;0
FR;8;2022-06-15;0;0;0;0;0;0;0;0;0;0
FR;8;2022-06-16;0;0;0;0;0;0;0;0;0;0
FR;8;2022-06-17;0;0;0;0;0;0;0;0;0;0
FR;8;2022-06-18;0;0;0;0;0;0;0;0;0;0
FR;8;2022-06-19;0;0;0;0;0;0;0;0;0;0
FR;8;2022-06-20;0;0;0;0;0;0;0;0;0;0
FR;8;2022-06-21;0;0;0;0;0;0;0;0;0;0
FR;8;2022-06-22;0;0;0;0;0;0;0;0;0;0
FR;8;2022-06-23;0;0;0;0;0;0;0;0;0;0
FR;8;2022-06-24;0;0;0;0;0;0;0;0;0;0
FR;8;2022-06-25;0;0;0;0;0;0;0;0;0;0
FR;8;2022-06-26;0;0;0;0;0;0;0;0;0;0
FR;8;2022-06-27;0;0;0;0;0;0;0;0;0;0
FR;8;2022-06-28;0;0;0;0;0;0;0;0;0;0
FR;8;2022-06-29;0;0;0;0;0;0;0;0;0;0
FR;8;2022-06-30;0;0;0;0;0;0;0;0;0;0
FR;8;2022-07-01;0;0;0;0;0;0;0;0;0;0
FR;8;2022-07-02;0;0;0;0;0;0;0;0;0;0
FR;8;2022-07-03;0;0;0;0;0;0;0;0;0;0
FR;8;2022-07-04;0;0;0;0;0;0;0;0;0;0
FR;8;2022-07-05;0;0;0;0;0;0;0;0;0;0
FR;8;2022-07-06;0;0;0;0;0;0;0;0;0;0
FR;8;2022-07-07;0;0;0;0;0;0;0;0;0;0
FR;8;2022-07-08;0;0;0;0;0;0;0;0;0;0
FR;8;2022-07-09;0;0;0;0;0;0;0;0;0;0
FR;8;2022-07-10;0;0;0;0;0;0;0;0;0;0
FR;8;2022-07-11;0;0;0;0;0;0;0;0;0;0
FR;8;2022-07-12;0;0;0;0;0;0;0;0;0;0
FR;8;2022-07-13;0;0;0;0;0;0;0;0;0;0
FR;8;2022-07-14;0;0;0;0;0;0;0;0;0;0
FR;8;2022-07-15;0;0;0;0;0;0;0;0;0;0
FR;8;2022-07-16;0;0;0;0;0;0;0;0;0;0
FR;8;2022-07-17;0;0;0;0;0;0;0;0;0;0
FR;8;2022-07-18;0;0;0;0;0;0;0;0;0;0
FR;8;2022-07-19;0;0;0;0;0;0;0;0;0;0
FR;8;2022-07-20;0;0;0;0;0;0;0;0;0;0
FR;8;2022-07-21;0;0;0;0;0;0;0;0;0;0
FR;8;2022-07-22;0;0;0;0;0;0;0;0;0;0
FR;8;2022-07-23;0;0;0;0;0;0;0;0;0;0
FR;8;2022-07-24;0;0;0;0;0;0;0;0;0;0
FR;8;2022-07-25;0;0;0;0;0;0;0;0;0;0
FR;8;2022-07-26;0;0;0;0;0;0;0;0;0;0
FR;8;2022-07-27;0;0;0;0;0;0;0;0;0;0
FR;8;2022-07-28;0;0;0;0;0;0;0;0;0;0
FR;8;2022-07-29;0;0;0;0;0;0;0;0;0;0
FR;8;2022-07-30;0;0;0;0;0;0;0;0;0;0
FR;8;2022-07-31;0;0;0;0;0;0;0;0;0;0
FR;8;2022-08-01;0;0;0;0;0;0;0;0;0;0
FR;8;2022-08-02;0;0;0;0;0;0;0;0;0;0
FR;8;2022-08-03;0;0;0;0;0;0;0;0;0;0
FR;8;2022-08-04;0;0;0;0;0;0;0;0;0;0
FR;8;2022-08-05;0;0;0;0;0;0;0;0;0;0
FR;8;2022-08-06;0;0;0;0;0;0;0;0;0;0
FR;8;2022-08-07;0;0;0;0;0;0;0;0;0;0
FR;8;2022-08-08;0;0;0;0;0;0;0;0;0;0
FR;8;2022-08-09;0;0;0;0;0;0;0;0;0;0
FR;8;2022-08-10;0;0;0;0;0;0;0;0;0;0
FR;8;2022-08-11;0;0;0;0;0;0;0;0;0;0
FR;8;2022-08-12;0;0;0;0;0;0;0;0;0;0
FR;8;2022-08-13;0;0;0;0;0;0;0;0;0;0
FR;8;2022-08-14;0;0;0;0;0;0;0;0;0;0
FR;8;2022-08-15;0;0;0;0;0;0;0;0;0;0
FR;8;2022-08-16;0;0;0;0;0;0;0;0;0;0
FR;8;2022-08-17;0;0;0;0;0;0;0;0;0;0
FR;8;2022-08-18;0;0;0;0;0;0;0;0;0;0
FR;8;2022-08-19;0;0;0;0;0;0;0;0;0;0
FR;8;2022-08-20;0;0;0;0;0;0;0;0;0;0
FR;8;2022-08-21;0;0;0;0;0;0;0;0;0;0
FR;8;2022-08-22;0;0;0;0;0;0;0;0;0;0
FR;8;2022-08-23;0;0;0;0;0;0;0;0;0;0
FR;8;2022-08-24;0;0;0;0;0;0;0;0;0;0
FR;8;2022-08-25;0;0;0;0;0;0;0;0;0;0
FR;8;2022-08-26;0;0;0;0;0;0;0;0;0;0
FR;8;2022-08-27;0;0;0;0;0;0;0;0;0;0
FR;8;2022-08-28;0;0;0;0;0;0;0;0;0;0
FR;8;2022-08-29;0;0;0;0;0;0;0;0;0;0
FR;8;2022-08-30;0;0;0;0;0;0;0;0;0;0
FR;8;2022-08-31;0;0;0;0;0;0;0;0;0;0
FR;8;2022-09-01;0;0;0;0;0;0;0;0;0;0
FR;8;2022-09-02;0;0;0;0;0;0;0;0;0;0
FR;8;2022-09-03;0;0;0;0;0;0;0;0;0;0
FR;8;2022-09-04;0;0;0;0;0;0;0;0;0;0
FR;8;2022-09-05;0;0;0;0;0;0;0;0;0;0
FR;8;2022-09-06;0;0;0;0;0;0;0;0;0;0
FR;8;2022-09-07;0;0;0;0;0;0;0;0;0;0
FR;8;2022-09-08;0;0;0;0;0;0;0;0;0;0
FR;8;2022-09-09;0;0;0;0;0;0;0;0;0;0
FR;8;2022-09-10;0;0;0;0;0;0;0;0;0;0
FR;8;2022-09-11;0;0;0;0;0;0;0;0;0;0
FR;8;2022-09-12;0;0;0;0;0;0;0;0;0;0
FR;8;2022-09-13;0;0;0;0;0;0;0;0;0;0
FR;8;2022-09-14;0;0;0;0;0;0;0;0;0;0
FR;8;2022-09-15;0;0;0;0;0;0;0;0;0;0
FR;8;2022-09-16;0;0;0;0;0;0;0;0;0;0
FR;8;2022-09-17;0;0;0;0;0;0;0;0;0;0
FR;8;2022-09-18;0;0;0;0;0;0;0;0;0;0
FR;8;2022-09-19;0;0;0;0;0;0;0;0;0;0
FR;8;2022-09-20;0;0;0;0;0;0;0;0;0;0
FR;8;2022-09-21;0;0;0;0;0;0;0;0;0;0
FR;8;2022-09-22;0;0;0;0;0;0;0;0;0;0
FR;8;2022-09-23;0;0;0;0;0;0;0;0;0;0
FR;8;2022-09-24;0;0;0;0;0;0;0;0;0;0
FR;8;2022-09-25;0;0;0;0;0;0;0;0;0;0
FR;8;2022-09-26;0;0;0;0;0;0;0;0;0;0
FR;8;2022-09-27;0;0;0;0;0;0;0;0;0;0
FR;8;2022-09-28;0;0;0;0;0;0;0;0;0;0
FR;8;2022-09-29;0;0;0;0;0;0;0;0;0;0
FR;8;2022-09-30;0;0;0;0;0;0;0;0;0;0
FR;8;2022-10-01;0;0;0;0;0;0;0;0;0;0
FR;8;2022-10-02;0;0;0;0;0;0;0;0;0;0
FR;8;2022-10-03;0;0;0;0;0;0;0;0;0;0
FR;8;2022-10-04;0;0;0;0;0;0;0;0;0;0
FR;8;2022-10-05;0;0;0;0;0;0;0;0;0;0
FR;8;2022-10-06;7;17;110;840;80;7;17;110;840;80
FR;8;2022-10-07;69;101;841;8004;698;76;118;951;8844;778
FR;8;2022-10-08;35;115;610;4050;515;111;233;1561;12894;1293
FR;8;2022-10-09;17;22;145;883;132;128;255;1706;13777;1425
FR;8;2022-10-10;114;191;1340;12673;1025;242;446;3046;26450;2450
FR;8;2022-10-11;173;261;2473;26834;2008;415;707;5519;53284;4458
FR;8;2022-10-12;149;254;1827;18190;1438;564;961;7346;71474;5896
FR;8;2022-10-13;203;274;2501;28001;1897;767;1235;9847;99475;7793
FR;8;2022-10-14;254;418;3270;36195;2552;1021;1653;13117;135670;10345
FR;8;2022-10-15;102;180;1197;8793;997;1123;1833;14314;144463;11342
FR;8;2022-10-16;34;54;247;1518;214;1157;1887;14561;145981;11556
FR;8;2022-10-17;156;306;2091;21717;1618;1313;2193;16652;167698;13174
FR;8;2022-10-18;265;346;3344;37724;2646;1578;2539;19996;205422;15820
FR;8;2022-10-19;189;308;2616;28150;2166;1767;2847;22612;233572;17986
FR;8;2022-10-20;245;362;3567;41021;2622;2012;3209;26179;274593;20608
FR;8;2022-10-21;324;488;4434;49304;3451;2336;3697;30613;323897;24059
FR;8;2022-10-22;121;167;1226;10634;920;2457;3864;31839;334531;24979
FR;8;2022-10-23;48;52;266;1750;197;2505;3916;32105;336281;25176
FR;8;2022-10-24;228;309;2464;23907;2029;2733;4225;34569;360188;27205
FR;8;2022-10-25;307;409;4058;43149;3042;3040;4634;38627;403337;30247
FR;8;2022-10-26;216;338;2853;28464;2344;3256;4972;41480;431801;32591
FR;8;2022-10-27;271;409;3304;35951;2600;3527;5381;44784;467752;35191
FR;8;2022-10-28;321;460;3807;39203;2836;3848;5841;48591;506955;38027
FR;8;2022-10-29;107;164;1067;8201;797;3955;6005;49658;515156;38824
FR;8;2022-10-30;40;52;206;1312;179;3995;6057;49864;516468;39003
FR;8;2022-10-31;195;250;1649;14428;1262;4190;6307;51513;530896;40265
FR;8;2022-11-01;22;34;118;893;147;4212;6341;51631;531789;40412
FR;8;2022-11-02;186;366;2348;23049;1953;4398;6707;53979;554838;42365
FR;8;2022-11-03;302;408;3439;36409;2560;4700;7115;57418;591247;44925
FR;8;2022-11-04;343;488;3758;39965;2956;5043;7603;61176;631212;47881
FR;8;2022-11-05;111;182;1093;8706;840;5154;7785;62269;639918;48721
FR;8;2022-11-06;40;55;220;1375;205;5194;7840;62489;641293;48926
FR;8;2022-11-07;214;274;2273;24307;1744;5408;8114;64762;665600;50670
FR;8;2022-11-08;325;487;4239;47758;3171;5733;8601;69001;713358;53841
FR;8;2022-11-09;247;358;2808;28796;2203;5980;8959;71809;742154;56044
FR;8;2022-11-10;344;522;3875;39618;2938;6324;9481;75684;781772;58982
FR;8;2022-11-11;36;61;222;1421;189;6360;9542;75906;783193;59171
FR;8;2022-11-12;83;164;876;6371;682;6443;9706;76782;789564;59853
FR;8;2022-11-13;35;54;209;1089;170;6478;9760;76991;790653;60023
FR;8;2022-11-14;219;292;2171;21892;1668;6697;10052;79162;812545;61691
FR;8;2022-11-15;322;403;3662;41470;2737;7019;10455;82824;854015;64428
FR;8;2022-11-16;283;335;2539;25730;2078;7302;10790;85363;879745;66506
FR;8;2022-11-17;341;404;3254;35803;2476;7643;11194;88617;915548;68982
FR;8;2022-11-18;321;446;3951;41268;2856;7964;11640;92568;956816;71838
FR;8;2022-11-19;110;169;1173;8749;799;8074;11809;93741;965565;72637
FR;8;2022-11-20;31;43;240;1502;197;8105;11852;93981;967067;72834
FR;8;2022-11-21;191;284;1927;19034;1380;8296;12136;95908;986101;74214
FR;8;2022-11-22;291;346;3149;34801;2322;8587;12482;99057;1020902;76536
FR;9;2020-12-27;0;0;0;0;0;0;0;0;0;0
FR;9;2020-12-28;0;0;0;0;0;0;0;0;0;0
FR;9;2020-12-29;0;0;0;0;0;0;0;0;0;0
FR;9;2020-12-30;0;0;0;0;0;0;0;0;0;0
FR;9;2020-12-31;0;0;0;0;0;0;0;0;0;0
FR;9;2021-01-01;0;0;0;0;0;0;0;0;0;0
FR;9;2021-01-02;0;0;0;0;0;0;0;0;0;0
FR;9;2021-01-03;0;0;0;0;0;0;0;0;0;0
FR;9;2021-01-04;0;0;0;0;0;0;0;0;0;0
FR;9;2021-01-05;0;0;0;0;0;0;0;0;0;0
FR;9;2021-01-06;0;0;0;0;0;0;0;0;0;0
FR;9;2021-01-07;0;0;0;0;0;0;0;0;0;0
FR;9;2021-01-08;0;0;0;0;0;0;0;0;0;0
FR;9;2021-01-09;0;0;0;0;0;0;0;0;0;0
FR;9;2021-01-10;0;0;0;0;0;0;0;0;0;0
FR;9;2021-01-11;0;0;0;0;0;0;0;0;0;0
FR;9;2021-01-12;0;0;0;0;0;0;0;0;0;0
FR;9;2021-01-13;0;0;0;0;0;0;0;0;0;0
FR;9;2021-01-14;0;0;0;0;0;0;0;0;0;0
FR;9;2021-01-15;0;0;0;0;0;0;0;0;0;0
FR;9;2021-01-16;0;0;0;0;0;0;0;0;0;0
FR;9;2021-01-17;0;0;0;0;0;0;0;0;0;0
FR;9;2021-01-18;0;0;0;0;0;0;0;0;0;0
FR;9;2021-01-19;0;0;0;0;0;0;0;0;0;0
FR;9;2021-01-20;0;0;0;0;0;0;0;0;0;0
FR;9;2021-01-21;0;0;0;0;0;0;0;0;0;0
FR;9;2021-01-22;0;0;0;0;0;0;0;0;0;0
FR;9;2021-01-23;0;0;0;0;0;0;0;0;0;0
FR;9;2021-01-24;0;0;0;0;0;0;0;0;0;0
FR;9;2021-01-25;0;0;0;0;0;0;0;0;0;0
FR;9;2021-01-26;0;0;0;0;0;0;0;0;0;0
FR;9;2021-01-27;0;0;0;0;0;0;0;0;0;0
FR;9;2021-01-28;0;0;0;0;0;0;0;0;0;0
FR;9;2021-01-29;0;0;0;0;0;0;0;0;0;0
FR;9;2021-01-30;0;0;0;0;0;0;0;0;0;0
FR;9;2021-01-31;0;0;0;0;0;0;0;0;0;0
FR;9;2021-02-01;0;0;0;0;0;0;0;0;0;0
FR;9;2021-02-02;0;0;0;0;0;0;0;0;0;0
FR;9;2021-02-03;0;0;0;0;0;0;0;0;0;0
FR;9;2021-02-04;0;0;0;0;0;0;0;0;0;0
FR;9;2021-02-05;0;0;0;0;0;0;0;0;0;0
FR;9;2021-02-06;0;0;0;0;0;0;0;0;0;0
FR;9;2021-02-07;0;0;0;0;0;0;0;0;0;0
FR;9;2021-02-08;0;0;0;0;0;0;0;0;0;0
FR;9;2021-02-09;0;0;0;0;0;0;0;0;0;0
FR;9;2021-02-10;0;0;0;0;0;0;0;0;0;0
FR;9;2021-02-11;0;0;0;0;0;0;0;0;0;0
FR;9;2021-02-12;0;0;0;0;0;0;0;0;0;0
FR;9;2021-02-13;0;0;0;0;0;0;0;0;0;0
FR;9;2021-02-14;0;0;0;0;0;0;0;0;0;0
FR;9;2021-02-15;0;0;0;0;0;0;0;0;0;0
FR;9;2021-02-16;0;0;0;0;0;0;0;0;0;0
FR;9;2021-02-17;0;0;0;0;0;0;0;0;0;0
FR;9;2021-02-18;0;0;0;0;0;0;0;0;0;0
FR;9;2021-02-19;0;0;0;0;0;0;0;0;0;0
FR;9;2021-02-20;0;0;0;0;0;0;0;0;0;0
FR;9;2021-02-21;0;0;0;0;0;0;0;0;0;0
FR;9;2021-02-22;0;0;0;0;0;0;0;0;0;0
FR;9;2021-02-23;0;0;0;0;0;0;0;0;0;0
FR;9;2021-02-24;0;0;0;0;0;0;0;0;0;0
FR;9;2021-02-25;0;0;0;0;0;0;0;0;0;0
FR;9;2021-02-26;0;0;0;0;0;0;0;0;0;0
FR;9;2021-02-27;0;0;0;0;0;0;0;0;0;0
FR;9;2021-02-28;0;0;0;0;0;0;0;0;0;0
FR;9;2021-03-01;0;0;0;0;0;0;0;0;0;0
FR;9;2021-03-02;0;0;0;0;0;0;0;0;0;0
FR;9;2021-03-03;0;0;0;0;0;0;0;0;0;0
FR;9;2021-03-04;0;0;0;0;0;0;0;0;0;0
FR;9;2021-03-05;0;0;0;0;0;0;0;0;0;0
FR;9;2021-03-06;0;0;0;0;0;0;0;0;0;0
FR;9;2021-03-07;0;0;0;0;0;0;0;0;0;0
FR;9;2021-03-08;0;0;0;0;0;0;0;0;0;0
FR;9;2021-03-09;0;0;0;0;0;0;0;0;0;0
FR;9;2021-03-10;0;0;0;0;0;0;0;0;0;0
FR;9;2021-03-11;0;0;0;0;0;0;0;0;0;0
FR;9;2021-03-12;0;0;0;0;0;0;0;0;0;0
FR;9;2021-03-13;0;0;0;0;0;0;0;0;0;0
FR;9;2021-03-14;0;0;0;0;0;0;0;0;0;0
FR;9;2021-03-15;0;0;0;0;0;0;0;0;0;0
FR;9;2021-03-16;0;0;0;0;0;0;0;0;0;0
FR;9;2021-03-17;0;0;0;0;0;0;0;0;0;0
FR;9;2021-03-18;0;0;0;0;0;0;0;0;0;0
FR;9;2021-03-19;0;0;0;0;0;0;0;0;0;0
FR;9;2021-03-20;0;0;0;0;0;0;0;0;0;0
FR;9;2021-03-21;0;0;0;0;0;0;0;0;0;0
FR;9;2021-03-22;0;0;0;0;0;0;0;0;0;0
FR;9;2021-03-23;0;0;0;0;0;0;0;0;0;0
FR;9;2021-03-24;0;0;0;0;0;0;0;0;0;0
FR;9;2021-03-25;0;0;0;0;0;0;0;0;0;0
FR;9;2021-03-26;0;0;0;0;0;0;0;0;0;0
FR;9;2021-03-27;0;0;0;0;0;0;0;0;0;0
FR;9;2021-03-28;0;0;0;0;0;0;0;0;0;0
FR;9;2021-03-29;0;0;0;0;0;0;0;0;0;0
FR;9;2021-03-30;0;0;0;0;0;0;0;0;0;0
FR;9;2021-03-31;0;0;0;0;0;0;0;0;0;0
FR;9;2021-04-01;0;0;0;0;0;0;0;0;0;0
FR;9;2021-04-02;0;0;0;0;0;0;0;0;0;0
FR;9;2021-04-03;0;0;0;0;0;0;0;0;0;0
FR;9;2021-04-04;0;0;0;0;0;0;0;0;0;0
FR;9;2021-04-05;0;0;0;0;0;0;0;0;0;0
FR;9;2021-04-06;0;0;0;0;0;0;0;0;0;0
FR;9;2021-04-07;0;0;0;0;0;0;0;0;0;0
FR;9;2021-04-08;0;0;0;0;0;0;0;0;0;0
FR;9;2021-04-09;0;0;0;0;0;0;0;0;0;0
FR;9;2021-04-10;0;0;0;0;0;0;0;0;0;0
FR;9;2021-04-11;0;0;0;0;0;0;0;0;0;0
FR;9;2021-04-12;0;0;0;0;0;0;0;0;0;0
FR;9;2021-04-13;0;0;0;0;0;0;0;0;0;0
FR;9;2021-04-14;0;0;0;0;0;0;0;0;0;0
FR;9;2021-04-15;0;0;0;0;0;0;0;0;0;0
FR;9;2021-04-16;0;0;0;0;0;0;0;0;0;0
FR;9;2021-04-17;0;0;0;0;0;0;0;0;0;0
FR;9;2021-04-18;0;0;0;0;0;0;0;0;0;0
FR;9;2021-04-19;0;0;0;0;0;0;0;0;0;0
FR;9;2021-04-20;0;0;0;0;0;0;0;0;0;0
FR;9;2021-04-21;0;0;0;0;0;0;0;0;0;0
FR;9;2021-04-22;0;0;0;0;0;0;0;0;0;0
FR;9;2021-04-23;0;0;0;0;0;0;0;0;0;0
FR;9;2021-04-24;0;0;0;0;0;0;0;0;0;0
FR;9;2021-04-25;0;0;0;0;0;0;0;0;0;0
FR;9;2021-04-26;0;0;0;0;0;0;0;0;0;0
FR;9;2021-04-27;0;0;0;0;0;0;0;0;0;0
FR;9;2021-04-28;0;0;0;0;0;0;0;0;0;0
FR;9;2021-04-29;0;0;0;0;0;0;0;0;0;0
FR;9;2021-04-30;0;0;0;0;0;0;0;0;0;0
FR;9;2021-05-01;0;0;0;0;0;0;0;0;0;0
FR;9;2021-05-02;0;0;0;0;0;0;0;0;0;0
FR;9;2021-05-03;0;0;0;0;0;0;0;0;0;0
FR;9;2021-05-04;0;0;0;0;0;0;0;0;0;0
FR;9;2021-05-05;0;0;0;0;0;0;0;0;0;0
FR;9;2021-05-06;0;0;0;0;0;0;0;0;0;0
FR;9;2021-05-07;0;0;0;0;0;0;0;0;0;0
FR;9;2021-05-08;0;0;0;0;0;0;0;0;0;0
FR;9;2021-05-09;0;0;0;0;0;0;0;0;0;0
FR;9;2021-05-10;0;0;0;0;0;0;0;0;0;0
FR;9;2021-05-11;0;0;0;0;0;0;0;0;0;0
FR;9;2021-05-12;0;0;0;0;0;0;0;0;0;0
FR;9;2021-05-13;0;0;0;0;0;0;0;0;0;0
FR;9;2021-05-14;0;0;0;0;0;0;0;0;0;0
FR;9;2021-05-15;0;0;0;0;0;0;0;0;0;0
FR;9;2021-05-16;0;0;0;0;0;0;0;0;0;0
FR;9;2021-05-17;0;0;0;0;0;0;0;0;0;0
FR;9;2021-05-18;0;0;0;0;0;0;0;0;0;0
FR;9;2021-05-19;0;0;0;0;0;0;0;0;0;0
FR;9;2021-05-20;0;0;0;0;0;0;0;0;0;0
FR;9;2021-05-21;0;0;0;0;0;0;0;0;0;0
FR;9;2021-05-22;0;0;0;0;0;0;0;0;0;0
FR;9;2021-05-23;0;0;0;0;0;0;0;0;0;0
FR;9;2021-05-24;0;0;0;0;0;0;0;0;0;0
FR;9;2021-05-25;0;0;0;0;0;0;0;0;0;0
FR;9;2021-05-26;0;0;0;0;0;0;0;0;0;0
FR;9;2021-05-27;0;0;0;0;0;0;0;0;0;0
FR;9;2021-05-28;0;0;0;0;0;0;0;0;0;0
FR;9;2021-05-29;0;0;0;0;0;0;0;0;0;0
FR;9;2021-05-30;0;0;0;0;0;0;0;0;0;0
FR;9;2021-05-31;0;0;0;0;0;0;0;0;0;0
FR;9;2021-06-01;0;0;0;0;0;0;0;0;0;0
FR;9;2021-06-02;0;0;0;0;0;0;0;0;0;0
FR;9;2021-06-03;0;0;0;0;0;0;0;0;0;0
FR;9;2021-06-04;0;0;0;0;0;0;0;0;0;0
FR;9;2021-06-05;0;0;0;0;0;0;0;0;0;0
FR;9;2021-06-06;0;0;0;0;0;0;0;0;0;0
FR;9;2021-06-07;0;0;0;0;0;0;0;0;0;0
FR;9;2021-06-08;0;0;0;0;0;0;0;0;0;0
FR;9;2021-06-09;0;0;0;0;0;0;0;0;0;0
FR;9;2021-06-10;0;0;0;0;0;0;0;0;0;0
FR;9;2021-06-11;0;0;0;0;0;0;0;0;0;0
FR;9;2021-06-12;0;0;0;0;0;0;0;0;0;0
FR;9;2021-06-13;0;0;0;0;0;0;0;0;0;0
FR;9;2021-06-14;0;0;0;0;0;0;0;0;0;0
FR;9;2021-06-15;0;0;0;0;0;0;0;0;0;0
FR;9;2021-06-16;0;0;0;0;0;0;0;0;0;0
FR;9;2021-06-17;0;0;0;0;0;0;0;0;0;0
FR;9;2021-06-18;0;0;0;0;0;0;0;0;0;0
FR;9;2021-06-19;0;0;0;0;0;0;0;0;0;0
FR;9;2021-06-20;0;0;0;0;0;0;0;0;0;0
FR;9;2021-06-21;0;0;0;0;0;0;0;0;0;0
FR;9;2021-06-22;0;0;0;0;0;0;0;0;0;0
FR;9;2021-06-23;0;0;0;0;0;0;0;0;0;0
FR;9;2021-06-24;0;0;0;0;0;0;0;0;0;0
FR;9;2021-06-25;0;0;0;0;0;0;0;0;0;0
FR;9;2021-06-26;0;0;0;0;0;0;0;0;0;0
FR;9;2021-06-27;0;0;0;0;0;0;0;0;0;0
FR;9;2021-06-28;0;0;0;0;0;0;0;0;0;0
FR;9;2021-06-29;0;0;0;0;0;0;0;0;0;0
FR;9;2021-06-30;0;0;0;0;0;0;0;0;0;0
FR;9;2021-07-01;0;0;0;0;0;0;0;0;0;0
FR;9;2021-07-02;0;0;0;0;0;0;0;0;0;0
FR;9;2021-07-03;0;0;0;0;0;0;0;0;0;0
FR;9;2021-07-04;0;0;0;0;0;0;0;0;0;0
FR;9;2021-07-05;0;0;0;0;0;0;0;0;0;0
FR;9;2021-07-06;0;0;0;0;0;0;0;0;0;0
FR;9;2021-07-07;0;0;0;0;0;0;0;0;0;0
FR;9;2021-07-08;0;0;0;0;0;0;0;0;0;0
FR;9;2021-07-09;0;0;0;0;0;0;0;0;0;0
FR;9;2021-07-10;0;0;0;0;0;0;0;0;0;0
FR;9;2021-07-11;0;0;0;0;0;0;0;0;0;0
FR;9;2021-07-12;0;0;0;0;0;0;0;0;0;0
FR;9;2021-07-13;0;0;0;0;0;0;0;0;0;0
FR;9;2021-07-14;0;0;0;0;0;0;0;0;0;0
FR;9;2021-07-15;0;0;0;0;0;0;0;0;0;0
FR;9;2021-07-16;0;0;0;0;0;0;0;0;0;0
FR;9;2021-07-17;0;0;0;0;0;0;0;0;0;0
FR;9;2021-07-18;0;0;0;0;0;0;0;0;0;0
FR;9;2021-07-19;0;0;0;0;0;0;0;0;0;0
FR;9;2021-07-20;0;0;0;0;0;0;0;0;0;0
FR;9;2021-07-21;0;0;0;0;0;0;0;0;0;0
FR;9;2021-07-22;0;0;0;0;0;0;0;0;0;0
FR;9;2021-07-23;0;0;0;0;0;0;0;0;0;0
FR;9;2021-07-24;0;0;0;0;0;0;0;0;0;0
FR;9;2021-07-25;0;0;0;0;0;0;0;0;0;0
FR;9;2021-07-26;0;0;0;0;0;0;0;0;0;0
FR;9;2021-07-27;0;0;0;0;0;0;0;0;0;0
FR;9;2021-07-28;0;0;0;0;0;0;0;0;0;0
FR;9;2021-07-29;0;0;0;0;0;0;0;0;0;0
FR;9;2021-07-30;0;0;0;0;0;0;0;0;0;0
FR;9;2021-07-31;0;0;0;0;0;0;0;0;0;0
FR;9;2021-08-01;0;0;0;0;0;0;0;0;0;0
FR;9;2021-08-02;0;0;0;0;0;0;0;0;0;0
FR;9;2021-08-03;0;0;0;0;0;0;0;0;0;0
FR;9;2021-08-04;0;0;0;0;0;0;0;0;0;0
FR;9;2021-08-05;0;0;0;0;0;0;0;0;0;0
FR;9;2021-08-06;0;0;0;0;0;0;0;0;0;0
FR;9;2021-08-07;0;0;0;0;0;0;0;0;0;0
FR;9;2021-08-08;0;0;0;0;0;0;0;0;0;0
FR;9;2021-08-09;0;0;0;0;0;0;0;0;0;0
FR;9;2021-08-10;0;0;0;0;0;0;0;0;0;0
FR;9;2021-08-11;0;0;0;0;0;0;0;0;0;0
FR;9;2021-08-12;0;0;0;0;0;0;0;0;0;0
FR;9;2021-08-13;0;0;0;0;0;0;0;0;0;0
FR;9;2021-08-14;0;0;0;0;0;0;0;0;0;0
FR;9;2021-08-15;0;0;0;0;0;0;0;0;0;0
FR;9;2021-08-16;0;0;0;0;0;0;0;0;0;0
FR;9;2021-08-17;0;0;0;0;0;0;0;0;0;0
FR;9;2021-08-18;0;0;0;0;0;0;0;0;0;0
FR;9;2021-08-19;0;0;0;0;0;0;0;0;0;0
FR;9;2021-08-20;0;0;0;0;0;0;0;0;0;0
FR;9;2021-08-21;0;0;0;0;0;0;0;0;0;0
FR;9;2021-08-22;0;0;0;0;0;0;0;0;0;0
FR;9;2021-08-23;0;0;0;0;0;0;0;0;0;0
FR;9;2021-08-24;0;0;0;0;0;0;0;0;0;0
FR;9;2021-08-25;0;0;0;0;0;0;0;0;0;0
FR;9;2021-08-26;0;0;0;0;0;0;0;0;0;0
FR;9;2021-08-27;0;0;0;0;0;0;0;0;0;0
FR;9;2021-08-28;0;0;0;0;0;0;0;0;0;0
FR;9;2021-08-29;0;0;0;0;0;0;0;0;0;0
FR;9;2021-08-30;0;0;0;0;0;0;0;0;0;0
FR;9;2021-08-31;0;0;0;0;0;0;0;0;0;0
FR;9;2021-09-01;0;0;0;0;0;0;0;0;0;0
FR;9;2021-09-02;0;0;0;0;0;0;0;0;0;0
FR;9;2021-09-03;0;0;0;0;0;0;0;0;0;0
FR;9;2021-09-04;0;0;0;0;0;0;0;0;0;0
FR;9;2021-09-05;0;0;0;0;0;0;0;0;0;0
FR;9;2021-09-06;0;0;0;0;0;0;0;0;0;0
FR;9;2021-09-07;0;0;0;0;0;0;0;0;0;0
FR;9;2021-09-08;0;0;0;0;0;0;0;0;0;0
FR;9;2021-09-09;0;0;0;0;0;0;0;0;0;0
FR;9;2021-09-10;0;0;0;0;0;0;0;0;0;0
FR;9;2021-09-11;0;0;0;0;0;0;0;0;0;0
FR;9;2021-09-12;0;0;0;0;0;0;0;0;0;0
FR;9;2021-09-13;0;0;0;0;0;0;0;0;0;0
FR;9;2021-09-14;0;0;0;0;0;0;0;0;0;0
FR;9;2021-09-15;0;0;0;0;0;0;0;0;0;0
FR;9;2021-09-16;0;0;0;0;0;0;0;0;0;0
FR;9;2021-09-17;0;0;0;0;0;0;0;0;0;0
FR;9;2021-09-18;0;0;0;0;0;0;0;0;0;0
FR;9;2021-09-19;0;0;0;0;0;0;0;0;0;0
FR;9;2021-09-20;0;0;0;0;0;0;0;0;0;0
FR;9;2021-09-21;0;0;0;0;0;0;0;0;0;0
FR;9;2021-09-22;0;0;0;0;0;0;0;0;0;0
FR;9;2021-09-23;0;0;0;0;0;0;0;0;0;0
FR;9;2021-09-24;0;0;0;0;0;0;0;0;0;0
FR;9;2021-09-25;0;0;0;0;0;0;0;0;0;0
FR;9;2021-09-26;0;0;0;0;0;0;0;0;0;0
FR;9;2021-09-27;0;0;0;0;0;0;0;0;0;0
FR;9;2021-09-28;0;0;0;0;0;0;0;0;0;0
FR;9;2021-09-29;0;0;0;0;0;0;0;0;0;0
FR;9;2021-09-30;0;0;0;0;0;0;0;0;0;0
FR;9;2021-10-01;0;0;0;0;0;0;0;0;0;0
FR;9;2021-10-02;0;0;0;0;0;0;0;0;0;0
FR;9;2021-10-03;0;0;0;0;0;0;0;0;0;0
FR;9;2021-10-04;0;0;0;0;0;0;0;0;0;0
FR;9;2021-10-05;0;0;0;0;0;0;0;0;0;0
FR;9;2021-10-06;0;0;0;0;0;0;0;0;0;0
FR;9;2021-10-07;0;0;0;0;0;0;0;0;0;0
FR;9;2021-10-08;0;0;0;0;0;0;0;0;0;0
FR;9;2021-10-09;0;0;0;0;0;0;0;0;0;0
FR;9;2021-10-10;0;0;0;0;0;0;0;0;0;0
FR;9;2021-10-11;0;0;0;0;0;0;0;0;0;0
FR;9;2021-10-12;0;0;0;0;0;0;0;0;0;0
FR;9;2021-10-13;0;0;0;0;0;0;0;0;0;0
FR;9;2021-10-14;0;0;0;0;0;0;0;0;0;0
FR;9;2021-10-15;0;0;0;0;0;0;0;0;0;0
FR;9;2021-10-16;0;0;0;0;0;0;0;0;0;0
FR;9;2021-10-17;0;0;0;0;0;0;0;0;0;0
FR;9;2021-10-18;0;0;0;0;0;0;0;0;0;0
FR;9;2021-10-19;0;0;0;0;0;0;0;0;0;0
FR;9;2021-10-20;0;0;0;0;0;0;0;0;0;0
FR;9;2021-10-21;0;0;0;0;0;0;0;0;0;0
FR;9;2021-10-22;0;0;0;0;0;0;0;0;0;0
FR;9;2021-10-23;0;0;0;0;0;0;0;0;0;0
FR;9;2021-10-24;0;0;0;0;0;0;0;0;0;0
FR;9;2021-10-25;0;0;0;0;0;0;0;0;0;0
FR;9;2021-10-26;0;0;0;0;0;0;0;0;0;0
FR;9;2021-10-27;0;0;0;0;0;0;0;0;0;0
FR;9;2021-10-28;0;0;0;0;0;0;0;0;0;0
FR;9;2021-10-29;0;0;0;0;0;0;0;0;0;0
FR;9;2021-10-30;0;0;0;0;0;0;0;0;0;0
FR;9;2021-10-31;0;0;0;0;0;0;0;0;0;0
FR;9;2021-11-01;0;0;0;0;0;0;0;0;0;0
FR;9;2021-11-02;0;0;0;0;0;0;0;0;0;0
FR;9;2021-11-03;0;0;0;0;0;0;0;0;0;0
FR;9;2021-11-04;0;0;0;0;0;0;0;0;0;0
FR;9;2021-11-05;0;0;0;0;0;0;0;0;0;0
FR;9;2021-11-06;0;0;0;0;0;0;0;0;0;0
FR;9;2021-11-07;0;0;0;0;0;0;0;0;0;0
FR;9;2021-11-08;0;0;0;0;0;0;0;0;0;0
FR;9;2021-11-09;0;0;0;0;0;0;0;0;0;0
FR;9;2021-11-10;0;0;0;0;0;0;0;0;0;0
FR;9;2021-11-11;0;0;0;0;0;0;0;0;0;0
FR;9;2021-11-12;0;0;0;0;0;0;0;0;0;0
FR;9;2021-11-13;0;0;0;0;0;0;0;0;0;0
FR;9;2021-11-14;0;0;0;0;0;0;0;0;0;0
FR;9;2021-11-15;0;0;0;0;0;0;0;0;0;0
FR;9;2021-11-16;0;0;0;0;0;0;0;0;0;0
FR;9;2021-11-17;0;0;0;0;0;0;0;0;0;0
FR;9;2021-11-18;0;0;0;0;0;0;0;0;0;0
FR;9;2021-11-19;0;0;0;0;0;0;0;0;0;0
FR;9;2021-11-20;0;0;0;0;0;0;0;0;0;0
FR;9;2021-11-21;0;0;0;0;0;0;0;0;0;0
FR;9;2021-11-22;0;0;0;0;0;0;0;0;0;0
FR;9;2021-11-23;0;0;0;0;0;0;0;0;0;0
FR;9;2021-11-24;0;0;0;0;0;0;0;0;0;0
FR;9;2021-11-25;0;0;0;0;0;0;0;0;0;0
FR;9;2021-11-26;0;0;0;0;0;0;0;0;0;0
FR;9;2021-11-27;0;0;0;0;0;0;0;0;0;0
FR;9;2021-11-28;0;0;0;0;0;0;0;0;0;0
FR;9;2021-11-29;0;0;0;0;0;0;0;0;0;0
FR;9;2021-11-30;0;0;0;0;0;0;0;0;0;0
FR;9;2021-12-01;0;0;0;0;0;0;0;0;0;0
FR;9;2021-12-02;0;0;0;0;0;0;0;0;0;0
FR;9;2021-12-03;0;0;0;0;0;0;0;0;0;0
FR;9;2021-12-04;0;0;0;0;0;0;0;0;0;0
FR;9;2021-12-05;0;0;0;0;0;0;0;0;0;0
FR;9;2021-12-06;0;0;0;0;0;0;0;0;0;0
FR;9;2021-12-07;0;0;0;0;0;0;0;0;0;0
FR;9;2021-12-08;0;0;0;0;0;0;0;0;0;0
FR;9;2021-12-09;0;0;0;0;0;0;0;0;0;0
FR;9;2021-12-10;0;0;0;0;0;0;0;0;0;0
FR;9;2021-12-11;0;0;0;0;0;0;0;0;0;0
FR;9;2021-12-12;0;0;0;0;0;0;0;0;0;0
FR;9;2021-12-13;0;0;0;0;0;0;0;0;0;0
FR;9;2021-12-14;0;0;0;0;0;0;0;0;0;0
FR;9;2021-12-15;0;0;0;0;0;0;0;0;0;0
FR;9;2021-12-16;0;0;0;0;0;0;0;0;0;0
FR;9;2021-12-17;0;0;0;0;0;0;0;0;0;0
FR;9;2021-12-18;0;0;0;0;0;0;0;0;0;0
FR;9;2021-12-19;0;0;0;0;0;0;0;0;0;0
FR;9;2021-12-20;0;0;0;0;0;0;0;0;0;0
FR;9;2021-12-21;0;0;0;0;0;0;0;0;0;0
FR;9;2021-12-22;0;0;0;0;0;0;0;0;0;0
FR;9;2021-12-23;0;0;0;0;0;0;0;0;0;0
FR;9;2021-12-24;0;0;0;0;0;0;0;0;0;0
FR;9;2021-12-25;0;0;0;0;0;0;0;0;0;0
FR;9;2021-12-26;0;0;0;0;0;0;0;0;0;0
FR;9;2021-12-27;0;0;0;0;0;0;0;0;0;0
FR;9;2021-12-28;0;0;0;0;0;0;0;0;0;0
FR;9;2021-12-29;0;0;0;0;0;0;0;0;0;0
FR;9;2021-12-30;0;0;0;0;0;0;0;0;0;0
FR;9;2021-12-31;0;0;0;0;0;0;0;0;0;0
FR;9;2022-01-01;0;0;0;0;0;0;0;0;0;0
FR;9;2022-01-02;0;0;0;0;0;0;0;0;0;0
FR;9;2022-01-03;0;0;0;0;0;0;0;0;0;0
FR;9;2022-01-04;0;0;0;0;0;0;0;0;0;0
FR;9;2022-01-05;0;0;0;0;0;0;0;0;0;0
FR;9;2022-01-06;0;0;0;0;0;0;0;0;0;0
FR;9;2022-01-07;0;0;0;0;0;0;0;0;0;0
FR;9;2022-01-08;0;0;0;0;0;0;0;0;0;0
FR;9;2022-01-09;0;0;0;0;0;0;0;0;0;0
FR;9;2022-01-10;0;0;0;0;0;0;0;0;0;0
FR;9;2022-01-11;0;0;0;0;0;0;0;0;0;0
FR;9;2022-01-12;0;0;0;0;0;0;0;0;0;0
FR;9;2022-01-13;0;0;0;0;0;0;0;0;0;0
FR;9;2022-01-14;0;0;0;0;0;0;0;0;0;0
FR;9;2022-01-15;0;0;0;0;0;0;0;0;0;0
FR;9;2022-01-16;0;0;0;0;0;0;0;0;0;0
FR;9;2022-01-17;0;0;0;0;0;0;0;0;0;0
FR;9;2022-01-18;0;0;0;0;0;0;0;0;0;0
FR;9;2022-01-19;0;0;0;0;0;0;0;0;0;0
FR;9;2022-01-20;0;0;0;0;0;0;0;0;0;0
FR;9;2022-01-21;0;0;0;0;0;0;0;0;0;0
FR;9;2022-01-22;0;0;0;0;0;0;0;0;0;0
FR;9;2022-01-23;0;0;0;0;0;0;0;0;0;0
FR;9;2022-01-24;0;0;0;0;0;0;0;0;0;0
FR;9;2022-01-25;0;0;0;0;0;0;0;0;0;0
FR;9;2022-01-26;0;0;0;0;0;0;0;0;0;0
FR;9;2022-01-27;0;0;0;0;0;0;0;0;0;0
FR;9;2022-01-28;0;0;0;0;0;0;0;0;0;0
FR;9;2022-01-29;0;0;0;0;0;0;0;0;0;0
FR;9;2022-01-30;0;0;0;0;0;0;0;0;0;0
FR;9;2022-01-31;0;0;0;0;0;0;0;0;0;0
FR;9;2022-02-01;0;0;0;0;0;0;0;0;0;0
FR;9;2022-02-02;0;0;0;0;0;0;0;0;0;0
FR;9;2022-02-03;0;0;0;0;0;0;0;0;0;0
FR;9;2022-02-04;0;0;0;0;0;0;0;0;0;0
FR;9;2022-02-05;0;0;0;0;0;0;0;0;0;0
FR;9;2022-02-06;0;0;0;0;0;0;0;0;0;0
FR;9;2022-02-07;0;0;0;0;0;0;0;0;0;0
FR;9;2022-02-08;0;0;0;0;0;0;0;0;0;0
FR;9;2022-02-09;0;0;0;0;0;0;0;0;0;0
FR;9;2022-02-10;0;0;0;0;0;0;0;0;0;0
FR;9;2022-02-11;0;0;0;0;0;0;0;0;0;0
FR;9;2022-02-12;0;0;0;0;0;0;0;0;0;0
FR;9;2022-02-13;0;0;0;0;0;0;0;0;0;0
FR;9;2022-02-14;0;0;0;0;0;0;0;0;0;0
FR;9;2022-02-15;0;0;0;0;0;0;0;0;0;0
FR;9;2022-02-16;0;0;0;0;0;0;0;0;0;0
FR;9;2022-02-17;0;0;0;0;0;0;0;0;0;0
FR;9;2022-02-18;0;0;0;0;0;0;0;0;0;0
FR;9;2022-02-19;0;0;0;0;0;0;0;0;0;0
FR;9;2022-02-20;0;0;0;0;0;0;0;0;0;0
FR;9;2022-02-21;0;0;0;0;0;0;0;0;0;0
FR;9;2022-02-22;0;0;0;0;0;0;0;0;0;0
FR;9;2022-02-23;0;0;0;0;0;0;0;0;0;0
FR;9;2022-02-24;0;0;0;0;0;0;0;0;0;0
FR;9;2022-02-25;0;0;0;0;0;0;0;0;0;0
FR;9;2022-02-26;0;0;0;0;0;0;0;0;0;0
FR;9;2022-02-27;0;0;0;0;0;0;0;0;0;0
FR;9;2022-02-28;0;0;0;0;0;0;0;0;0;0
FR;9;2022-03-01;0;0;0;0;0;0;0;0;0;0
FR;9;2022-03-02;0;0;0;0;0;0;0;0;0;0
FR;9;2022-03-03;0;0;0;0;0;0;0;0;0;0
FR;9;2022-03-04;0;0;0;0;0;0;0;0;0;0
FR;9;2022-03-05;0;0;0;0;0;0;0;0;0;0
FR;9;2022-03-06;0;0;0;0;0;0;0;0;0;0
FR;9;2022-03-07;0;0;0;0;0;0;0;0;0;0
FR;9;2022-03-08;0;0;0;0;0;0;0;0;0;0
FR;9;2022-03-09;0;0;0;0;0;0;0;0;0;0
FR;9;2022-03-10;0;0;0;0;0;0;0;0;0;0
FR;9;2022-03-11;0;0;0;0;0;0;0;0;0;0
FR;9;2022-03-12;0;0;0;0;0;0;0;0;0;0
FR;9;2022-03-13;0;0;0;0;0;0;0;0;0;0
FR;9;2022-03-14;0;0;0;0;0;0;0;0;0;0
FR;9;2022-03-15;0;0;0;0;0;0;0;0;0;0
FR;9;2022-03-16;0;0;0;0;0;0;0;0;0;0
FR;9;2022-03-17;0;0;0;0;0;0;0;0;0;0
FR;9;2022-03-18;0;0;0;0;0;0;0;0;0;0
FR;9;2022-03-19;0;0;0;0;0;0;0;0;0;0
FR;9;2022-03-20;0;0;0;0;0;0;0;0;0;0
FR;9;2022-03-21;0;0;0;0;0;0;0;0;0;0
FR;9;2022-03-22;0;0;0;0;0;0;0;0;0;0
FR;9;2022-03-23;0;0;0;0;0;0;0;0;0;0
FR;9;2022-03-24;0;0;0;0;0;0;0;0;0;0
FR;9;2022-03-25;0;0;0;0;0;0;0;0;0;0
FR;9;2022-03-26;0;0;0;0;0;0;0;0;0;0
FR;9;2022-03-27;0;0;0;0;0;0;0;0;0;0
FR;9;2022-03-28;0;0;0;0;0;0;0;0;0;0
FR;9;2022-03-29;0;0;0;0;0;0;0;0;0;0
FR;9;2022-03-30;0;0;0;0;0;0;0;0;0;0
FR;9;2022-03-31;0;0;0;0;0;0;0;0;0;0
FR;9;2022-04-01;0;0;0;0;0;0;0;0;0;0
FR;9;2022-04-02;0;0;0;0;0;0;0;0;0;0
FR;9;2022-04-03;0;0;0;0;0;0;0;0;0;0
FR;9;2022-04-04;0;0;0;0;0;0;0;0;0;0
FR;9;2022-04-05;0;0;0;0;0;0;0;0;0;0
FR;9;2022-04-06;0;0;0;0;0;0;0;0;0;0
FR;9;2022-04-07;0;0;0;0;0;0;0;0;0;0
FR;9;2022-04-08;0;0;0;0;0;0;0;0;0;0
FR;9;2022-04-09;0;0;0;0;0;0;0;0;0;0
FR;9;2022-04-10;0;0;0;0;0;0;0;0;0;0
FR;9;2022-04-11;0;0;0;0;0;0;0;0;0;0
FR;9;2022-04-12;0;0;0;0;0;0;0;0;0;0
FR;9;2022-04-13;0;0;0;0;0;0;0;0;0;0
FR;9;2022-04-14;0;0;0;0;0;0;0;0;0;0
FR;9;2022-04-15;0;0;0;0;0;0;0;0;0;0
FR;9;2022-04-16;0;0;0;0;0;0;0;0;0;0
FR;9;2022-04-17;0;0;0;0;0;0;0;0;0;0
FR;9;2022-04-18;0;0;0;0;0;0;0;0;0;0
FR;9;2022-04-19;0;0;0;0;0;0;0;0;0;0
FR;9;2022-04-20;0;0;0;0;0;0;0;0;0;0
FR;9;2022-04-21;0;0;0;0;0;0;0;0;0;0
FR;9;2022-04-22;0;0;0;0;0;0;0;0;0;0
FR;9;2022-04-23;0;0;0;0;0;0;0;0;0;0
FR;9;2022-04-24;0;0;0;0;0;0;0;0;0;0
FR;9;2022-04-25;0;0;0;0;0;0;0;0;0;0
FR;9;2022-04-26;0;0;0;0;0;0;0;0;0;0
FR;9;2022-04-27;0;0;0;0;0;0;0;0;0;0
FR;9;2022-04-28;0;0;0;0;0;0;0;0;0;0
FR;9;2022-04-29;0;0;0;0;0;0;0;0;0;0
FR;9;2022-04-30;0;0;0;0;0;0;0;0;0;0
FR;9;2022-05-01;0;0;0;0;0;0;0;0;0;0
FR;9;2022-05-02;0;0;0;0;0;0;0;0;0;0
FR;9;2022-05-03;0;0;0;0;0;0;0;0;0;0
FR;9;2022-05-04;0;0;0;0;0;0;0;0;0;0
FR;9;2022-05-05;0;0;0;0;0;0;0;0;0;0
FR;9;2022-05-06;0;0;0;0;0;0;0;0;0;0
FR;9;2022-05-07;0;0;0;0;0;0;0;0;0;0
FR;9;2022-05-08;0;0;0;0;0;0;0;0;0;0
FR;9;2022-05-09;0;0;0;0;0;0;0;0;0;0
FR;9;2022-05-10;0;0;0;0;0;0;0;0;0;0
FR;9;2022-05-11;0;0;0;0;0;0;0;0;0;0
FR;9;2022-05-12;0;0;0;0;0;0;0;0;0;0
FR;9;2022-05-13;0;0;0;0;0;0;0;0;0;0
FR;9;2022-05-14;0;0;0;0;0;0;0;0;0;0
FR;9;2022-05-15;0;0;0;0;0;0;0;0;0;0
FR;9;2022-05-16;0;0;0;0;0;0;0;0;0;0
FR;9;2022-05-17;0;0;0;0;0;0;0;0;0;0
FR;9;2022-05-18;0;0;0;0;0;0;0;0;0;0
FR;9;2022-05-19;0;0;0;0;0;0;0;0;0;0
FR;9;2022-05-20;0;0;0;0;0;0;0;0;0;0
FR;9;2022-05-21;0;0;0;0;0;0;0;0;0;0
FR;9;2022-05-22;0;0;0;0;0;0;0;0;0;0
FR;9;2022-05-23;0;0;0;0;0;0;0;0;0;0
FR;9;2022-05-24;0;0;0;0;0;0;0;0;0;0
FR;9;2022-05-25;0;0;0;0;0;0;0;0;0;0
FR;9;2022-05-26;0;0;0;0;0;0;0;0;0;0
FR;9;2022-05-27;0;0;0;0;0;0;0;0;0;0
FR;9;2022-05-28;0;0;0;0;0;0;0;0;0;0
FR;9;2022-05-29;0;0;0;0;0;0;0;0;0;0
FR;9;2022-05-30;0;0;0;0;0;0;0;0;0;0
FR;9;2022-05-31;0;0;0;0;0;0;0;0;0;0
FR;9;2022-06-01;0;0;0;0;0;0;0;0;0;0
FR;9;2022-06-02;0;0;0;0;0;0;0;0;0;0
FR;9;2022-06-03;0;0;0;0;0;0;0;0;0;0
FR;9;2022-06-04;0;0;0;0;0;0;0;0;0;0
FR;9;2022-06-05;0;0;0;0;0;0;0;0;0;0
FR;9;2022-06-06;0;0;0;0;0;0;0;0;0;0
FR;9;2022-06-07;0;0;0;0;0;0;0;0;0;0
FR;9;2022-06-08;0;0;0;0;0;0;0;0;0;0
FR;9;2022-06-09;0;0;0;0;0;0;0;0;0;0
FR;9;2022-06-10;0;0;0;0;0;0;0;0;0;0
FR;9;2022-06-11;0;0;0;0;0;0;0;0;0;0
FR;9;2022-06-12;0;0;0;0;0;0;0;0;0;0
FR;9;2022-06-13;0;0;0;0;0;0;0;0;0;0
FR;9;2022-06-14;0;0;0;0;0;0;0;0;0;0
FR;9;2022-06-15;0;0;0;0;0;0;0;0;0;0
FR;9;2022-06-16;0;0;0;0;0;0;0;0;0;0
FR;9;2022-06-17;0;0;0;0;0;0;0;0;0;0
FR;9;2022-06-18;0;0;0;0;0;0;0;0;0;0
FR;9;2022-06-19;0;0;0;0;0;0;0;0;0;0
FR;9;2022-06-20;0;0;0;0;0;0;0;0;0;0
FR;9;2022-06-21;0;0;0;0;0;0;0;0;0;0
FR;9;2022-06-22;0;0;0;0;0;0;0;0;0;0
FR;9;2022-06-23;0;0;0;0;0;0;0;0;0;0
FR;9;2022-06-24;0;0;0;0;0;0;0;0;0;0
FR;9;2022-06-25;0;0;0;0;0;0;0;0;0;0
FR;9;2022-06-26;0;0;0;0;0;0;0;0;0;0
FR;9;2022-06-27;0;0;0;0;0;0;0;0;0;0
FR;9;2022-06-28;0;0;0;0;0;0;0;0;0;0
FR;9;2022-06-29;0;0;0;0;0;0;0;0;0;0
FR;9;2022-06-30;0;0;0;0;0;0;0;0;0;0
FR;9;2022-07-01;0;0;0;0;0;0;0;0;0;0
FR;9;2022-07-02;0;0;0;0;0;0;0;0;0;0
FR;9;2022-07-03;0;0;0;0;0;0;0;0;0;0
FR;9;2022-07-04;0;0;0;0;0;0;0;0;0;0
FR;9;2022-07-05;0;0;0;0;0;0;0;0;0;0
FR;9;2022-07-06;0;0;0;0;0;0;0;0;0;0
FR;9;2022-07-07;0;0;0;0;0;0;0;0;0;0
FR;9;2022-07-08;0;0;0;0;0;0;0;0;0;0
FR;9;2022-07-09;0;0;0;0;0;0;0;0;0;0
FR;9;2022-07-10;0;0;0;0;0;0;0;0;0;0
FR;9;2022-07-11;0;0;0;0;0;0;0;0;0;0
FR;9;2022-07-12;0;0;0;0;0;0;0;0;0;0
FR;9;2022-07-13;0;0;0;0;0;0;0;0;0;0
FR;9;2022-07-14;0;0;0;0;0;0;0;0;0;0
FR;9;2022-07-15;0;0;0;0;0;0;0;0;0;0
FR;9;2022-07-16;0;0;0;0;0;0;0;0;0;0
FR;9;2022-07-17;0;0;0;0;0;0;0;0;0;0
FR;9;2022-07-18;0;0;0;0;0;0;0;0;0;0
FR;9;2022-07-19;0;0;0;0;0;0;0;0;0;0
FR;9;2022-07-20;0;0;0;0;0;0;0;0;0;0
FR;9;2022-07-21;0;0;0;0;0;0;0;0;0;0
FR;9;2022-07-22;0;0;0;0;0;0;0;0;0;0
FR;9;2022-07-23;0;0;0;0;0;0;0;0;0;0
FR;9;2022-07-24;0;0;0;0;0;0;0;0;0;0
FR;9;2022-07-25;0;0;0;0;0;0;0;0;0;0
FR;9;2022-07-26;0;0;0;0;0;0;0;0;0;0
FR;9;2022-07-27;0;0;0;0;0;0;0;0;0;0
FR;9;2022-07-28;0;0;0;0;0;0;0;0;0;0
FR;9;2022-07-29;0;0;0;0;0;0;0;0;0;0
FR;9;2022-07-30;0;0;0;0;0;0;0;0;0;0
FR;9;2022-07-31;0;0;0;0;0;0;0;0;0;0
FR;9;2022-08-01;0;0;0;0;0;0;0;0;0;0
FR;9;2022-08-02;0;0;0;0;0;0;0;0;0;0
FR;9;2022-08-03;0;0;0;0;0;0;0;0;0;0
FR;9;2022-08-04;0;0;0;0;0;0;0;0;0;0
FR;9;2022-08-05;0;0;0;0;0;0;0;0;0;0
FR;9;2022-08-06;0;0;0;0;0;0;0;0;0;0
FR;9;2022-08-07;0;0;0;0;0;0;0;0;0;0
FR;9;2022-08-08;0;0;0;0;0;0;0;0;0;0
FR;9;2022-08-09;0;0;0;0;0;0;0;0;0;0
FR;9;2022-08-10;0;0;0;0;0;0;0;0;0;0
FR;9;2022-08-11;0;0;0;0;0;0;0;0;0;0
FR;9;2022-08-12;0;0;0;0;0;0;0;0;0;0
FR;9;2022-08-13;0;0;0;0;0;0;0;0;0;0
FR;9;2022-08-14;0;0;0;0;0;0;0;0;0;0
FR;9;2022-08-15;0;0;0;0;0;0;0;0;0;0
FR;9;2022-08-16;0;0;0;0;0;0;0;0;0;0
FR;9;2022-08-17;0;0;0;0;0;0;0;0;0;0
FR;9;2022-08-18;0;0;0;0;0;0;0;0;0;0
FR;9;2022-08-19;0;0;0;0;0;0;0;0;0;0
FR;9;2022-08-20;0;0;0;0;0;0;0;0;0;0
FR;9;2022-08-21;0;0;0;0;0;0;0;0;0;0
FR;9;2022-08-22;0;0;0;0;0;0;0;0;0;0
FR;9;2022-08-23;0;0;0;0;0;0;0;0;0;0
FR;9;2022-08-24;0;0;0;0;0;0;0;0;0;0
FR;9;2022-08-25;0;0;0;0;0;0;0;0;0;0
FR;9;2022-08-26;0;0;0;0;0;0;0;0;0;0
FR;9;2022-08-27;0;0;0;0;0;0;0;0;0;0
FR;9;2022-08-28;0;0;0;0;0;0;0;0;0;0
FR;9;2022-08-29;0;0;0;0;0;0;0;0;0;0
FR;9;2022-08-30;0;0;0;0;0;0;0;0;0;0
FR;9;2022-08-31;0;0;0;0;0;0;0;0;0;0
FR;9;2022-09-01;0;0;0;0;0;0;0;0;0;0
FR;9;2022-09-02;0;0;0;0;0;0;0;0;0;0
FR;9;2022-09-03;0;0;0;0;0;0;0;0;0;0
FR;9;2022-09-04;0;0;0;0;0;0;0;0;0;0
FR;9;2022-09-05;0;0;0;0;0;0;0;0;0;0
FR;9;2022-09-06;0;0;0;0;0;0;0;0;0;0
FR;9;2022-09-07;0;0;0;0;0;0;0;0;0;0
FR;9;2022-09-08;0;0;0;0;0;0;0;0;0;0
FR;9;2022-09-09;0;0;0;0;0;0;0;0;0;0
FR;9;2022-09-10;0;0;0;0;0;0;0;0;0;0
FR;9;2022-09-11;0;0;0;0;0;0;0;0;0;0
FR;9;2022-09-12;0;0;0;0;0;0;0;0;0;0
FR;9;2022-09-13;0;0;0;0;0;0;0;0;0;0
FR;9;2022-09-14;0;0;0;0;0;0;0;0;0;0
FR;9;2022-09-15;0;0;0;0;0;0;0;0;0;0
FR;9;2022-09-16;0;0;0;0;0;0;0;0;0;0
FR;9;2022-09-17;0;0;0;0;0;0;0;0;0;0
FR;9;2022-09-18;0;0;0;0;0;0;0;0;0;0
FR;9;2022-09-19;0;0;0;0;0;0;0;0;0;0
FR;9;2022-09-20;0;0;0;0;0;0;0;0;0;0
FR;9;2022-09-21;0;0;0;0;0;0;0;0;0;0
FR;9;2022-09-22;0;0;0;0;0;0;0;0;0;0
FR;9;2022-09-23;0;0;0;0;0;0;0;0;0;0
FR;9;2022-09-24;0;0;0;0;0;0;0;0;0;0
FR;9;2022-09-25;0;0;0;0;0;0;0;0;0;0
FR;9;2022-09-26;0;0;0;0;0;0;0;0;0;0
FR;9;2022-09-27;0;0;0;0;0;0;0;0;0;0
FR;9;2022-09-28;0;0;0;0;0;0;0;0;0;0
FR;9;2022-09-29;1;1;8;31;6;1;1;8;31;6
FR;9;2022-09-30;4;12;60;604;47;5;13;68;635;53
FR;9;2022-10-01;9;1;43;327;26;14;14;111;962;79
FR;9;2022-10-02;1;1;5;50;4;15;15;116;1012;83
FR;9;2022-10-03;10;16;149;1713;128;25;31;265;2725;211
FR;9;2022-10-04;20;48;353;3951;228;45;79;618;6676;439
FR;9;2022-10-05;27;19;269;2996;203;72;98;887;9672;642
FR;9;2022-10-06;23;34;399;4598;300;95;132;1286;14270;942
FR;9;2022-10-07;29;50;499;5700;384;124;182;1785;19970;1326
FR;9;2022-10-08;10;18;128;1088;86;134;200;1913;21058;1412
FR;9;2022-10-09;1;7;22;197;29;135;207;1935;21255;1441
FR;9;2022-10-10;11;26;207;2572;181;146;233;2142;23827;1622
FR;9;2022-10-11;32;40;426;5041;314;178;273;2568;28868;1936
FR;9;2022-10-12;22;26;297;2984;212;200;299;2865;31852;2148
FR;9;2022-10-13;24;42;374;3978;244;224;341;3239;35830;2392
FR;9;2022-10-14;27;26;381;4426;293;251;367;3620;40256;2685
FR;9;2022-10-15;13;8;101;1049;79;264;375;3721;41305;2764
FR;9;2022-10-16;4;1;9;131;12;268;376;3730;41436;2776
FR;9;2022-10-17;4;22;165;1870;127;272;398;3895;43306;2903
FR;9;2022-10-18;35;28;309;3409;220;307;426;4204;46715;3123
FR;9;2022-10-19;20;19;259;2676;171;327;445;4463;49391;3294
FR;9;2022-10-20;20;22;308;3622;232;347;467;4771;53013;3526
FR;9;2022-10-21;14;31;324;3518;225;361;498;5095;56531;3751
FR;9;2022-10-22;10;11;89;913;62;371;509;5184;57444;3813
FR;9;2022-10-23;2;2;17;99;10;373;511;5201;57543;3823
FR;9;2022-10-24;7;17;158;1359;104;380;528;5359;58902;3927
FR;9;2022-10-25;18;22;227;2837;188;398;550;5586;61739;4115
FR;9;2022-10-26;14;16;160;1791;121;412;566;5746;63530;4236
FR;9;2022-10-27;9;26;230;2283;172;421;592;5976;65813;4408
FR;9;2022-10-28;18;27;223;2260;149;439;619;6199;68073;4557
FR;9;2022-10-29;11;8;54;503;46;450;627;6253;68576;4603
FR;9;2022-10-30;2;1;8;58;8;452;628;6261;68634;4611
FR;9;2022-10-31;13;5;104;653;57;465;633;6365;69287;4668
FR;9;2022-11-01;1;1;15;43;11;466;634;6380;69330;4679
FR;9;2022-11-02;7;11;102;1015;76;473;645;6482;70345;4755
FR;9;2022-11-03;17;17;155;1573;90;490;662;6637;71918;4845
FR;9;2022-11-04;19;18;190;1720;112;509;680;6827;73638;4957
FR;9;2022-11-05;8;10;58;403;39;517;690;6885;74041;4996
FR;9;2022-11-06;5;4;5;61;2;522;694;6890;74102;4998
FR;9;2022-11-07;16;19;81;890;80;538;713;6971;74992;5078
FR;9;2022-11-08;10;18;161;1774;132;548;731;7132;76766;5210
FR;9;2022-11-09;16;16;112;1252;95;564;747;7244;78018;5305
FR;9;2022-11-10;12;21;150;1572;131;576;768;7394;79590;5436
FR;9;2022-11-11;1;1;13;81;6;577;769;7407;79671;5442
FR;9;2022-11-12;4;8;42;255;19;581;777;7449;79926;5461
FR;9;2022-11-13;2;0;4;30;4;583;777;7453;79956;5465
FR;9;2022-11-14;10;12;56;700;44;593;789;7509;80656;5509
FR;9;2022-11-15;14;16;141;1280;94;607;805;7650;81936;5603
FR;9;2022-11-16;9;4;96;951;56;616;809;7746;82887;5659
FR;9;2022-11-17;7;14;119;1035;74;623;823;7865;83922;5733
FR;9;2022-11-18;6;18;114;1401;74;629;841;7979;85323;5807
FR;9;2022-11-19;3;4;48;341;25;632;845;8027;85664;5832
FR;9;2022-11-20;1;0;5;35;3;633;845;8032;85699;5835
FR;9;2022-11-21;7;12;62;572;46;640;857;8094;86271;5881
FR;9;2022-11-22;13;12;105;973;64;653;869;8199;87244;5945
FR;0;2020-12-27;611;0;0;0;0;611;0;0;0;0
FR;0;2020-12-28;693;1;0;0;0;1304;1;0;0;0
FR;0;2020-12-29;387;0;0;0;0;1691;1;0;0;0
FR;0;2020-12-30;446;0;0;0;0;2137;1;0;0;0
FR;0;2020-12-31;444;1;0;0;0;2581;2;0;0;0
FR;0;2021-01-01;1173;2;0;0;0;3754;4;0;0;0
FR;0;2021-01-02;366;3;0;0;0;4120;7;0;0;0
FR;0;2021-01-03;407;0;0;0;0;4527;7;0;0;0
FR;0;2021-01-04;2123;4;0;0;0;6650;11;0;0;0
FR;0;2021-01-05;7758;5;0;0;0;14408;16;0;0;0
FR;0;2021-01-06;12463;22;0;0;0;26871;38;0;0;0
FR;0;2021-01-07;29472;20;0;0;0;56343;58;0;0;0
FR;0;2021-01-08;37156;25;0;0;0;93499;83;0;0;0
FR;0;2021-01-09;11216;9;0;0;0;104715;92;0;0;0
FR;0;2021-01-10;6009;7;0;0;0;110724;99;0;0;0
FR;0;2021-01-11;39949;30;0;0;0;150673;129;0;0;0
FR;0;2021-01-12;62149;23;0;0;0;212822;152;0;0;0
FR;0;2021-01-13;65133;51;0;0;0;277955;203;0;0;0
FR;0;2021-01-14;83114;193;0;0;0;361069;396;0;0;0
FR;0;2021-01-15;69017;80;0;0;0;430086;476;0;0;0
FR;0;2021-01-16;20217;72;0;0;0;450303;548;0;0;0
FR;0;2021-01-17;10988;50;0;0;0;461291;598;0;0;0
FR;0;2021-01-18;85914;174;0;0;0;547205;772;0;0;0
FR;0;2021-01-19;130608;201;0;0;0;677813;973;0;0;0
FR;0;2021-01-20;137560;190;0;0;0;815373;1163;0;0;0
FR;0;2021-01-21;158416;191;0;0;0;973789;1354;0;0;0
FR;0;2021-01-22;121076;241;0;0;0;1094865;1595;0;0;0
FR;0;2021-01-23;38486;73;0;0;0;1133351;1668;0;0;0
FR;0;2021-01-24;9748;113;0;0;0;1143099;1781;0;0;0
FR;0;2021-01-25;78244;1393;0;0;0;1221343;3174;0;0;0
FR;0;2021-01-26;100384;3602;1;0;0;1321727;6776;1;0;0
FR;0;2021-01-27;107258;6304;0;0;0;1428985;13080;1;0;0
FR;0;2021-01-28;124367;16060;0;0;0;1553352;29140;1;0;0
FR;0;2021-01-29;92191;18518;0;0;0;1645543;47658;1;0;0
FR;0;2021-01-30;29128;4481;0;0;0;1674671;52139;1;0;0
FR;0;2021-01-31;5239;1859;0;0;0;1679910;53998;1;0;0
FR;0;2021-02-01;53139;22529;0;0;0;1733049;76527;1;0;0
FR;0;2021-02-02;72323;37476;0;0;0;1805372;114003;1;0;0
FR;0;2021-02-03;72316;39600;0;0;0;1877688;153603;1;0;0
FR;0;2021-02-04;82084;54116;0;0;0;1959772;207719;1;0;0
FR;0;2021-02-05;68244;47500;0;0;0;2028016;255219;1;0;0
FR;0;2021-02-06;22993;11221;0;0;0;2051009;266440;1;0;0
FR;0;2021-02-07;5192;5861;0;0;0;2056201;272301;1;0;0
FR;0;2021-02-08;46849;48336;0;0;0;2103050;320637;1;0;0
FR;0;2021-02-09;66027;77344;0;0;0;2169077;397981;1;0;0
FR;0;2021-02-10;71032;82157;0;0;0;2240109;480138;1;0;0
FR;0;2021-02-11;87294;104556;0;0;0;2327403;584694;1;0;0
FR;0;2021-02-12;79343;75559;0;0;0;2406746;660253;1;0;0
FR;0;2021-02-13;22386;19517;0;0;0;2429132;679770;1;0;0
FR;0;2021-02-14;5079;7346;0;0;0;2434211;687116;1;0;0
FR;0;2021-02-15;38115;76611;0;0;0;2472326;763727;1;0;0
FR;0;2021-02-16;50408;100080;0;0;0;2522734;863807;1;0;0
FR;0;2021-02-17;50546;106418;20;0;0;2573280;970225;21;0;0
FR;0;2021-02-18;69801;122843;0;0;0;2643081;1093068;21;0;0
FR;0;2021-02-19;65079;91838;1;0;0;2708160;1184906;22;0;0
FR;0;2021-02-20;18595;28625;0;0;0;2726755;1213531;22;0;0
FR;0;2021-02-21;3327;6136;0;0;0;2730082;1219667;22;0;0
FR;0;2021-02-22;37505;73191;2;0;0;2767587;1292858;24;0;0
FR;0;2021-02-23;53788;85140;1;0;0;2821375;1377998;25;0;0
FR;0;2021-02-24;60023;82669;1;0;0;2881398;1460667;26;0;0
FR;0;2021-02-25;100593;91378;1;0;0;2981991;1552045;27;0;0
FR;0;2021-02-26;113484;70806;1;0;0;3095475;1622851;28;0;0
FR;0;2021-02-27;52121;22368;1;0;0;3147596;1645219;29;0;0
FR;0;2021-02-28;6207;4192;2;0;0;3153803;1649411;31;0;0
FR;0;2021-03-01;65920;53928;1;0;0;3219723;1703339;32;0;0
FR;0;2021-03-02;101403;67111;3;0;0;3321126;1770450;35;0;0
FR;0;2021-03-03;116540;65580;0;0;0;3437666;1836030;35;0;0
FR;0;2021-03-04;163646;72087;3;0;0;3601312;1908117;38;0;0
FR;0;2021-03-05;200943;62795;3;0;0;3802255;1970912;41;0;0
FR;0;2021-03-06;207975;17518;3;0;0;4010230;1988430;44;0;0
FR;0;2021-03-07;121284;4284;1;0;0;4131514;1992714;45;0;0
FR;0;2021-03-08;107163;49810;2;0;0;4238677;2042524;47;0;0
FR;0;2021-03-09;172468;56248;2;0;0;4411145;2098772;49;0;0
FR;0;2021-03-10;179026;57077;5;0;0;4590171;2155849;54;0;0
FR;0;2021-03-11;242917;63978;2;0;0;4833088;2219827;56;0;0
FR;0;2021-03-12;294847;53405;1;0;0;5127935;2273232;57;0;0
FR;0;2021-03-13;231426;15279;1;0;0;5359361;2288511;58;0;0
FR;0;2021-03-14;63357;3145;1;0;0;5422718;2291656;59;0;0
FR;0;2021-03-15;158677;31684;3;0;0;5581395;2323340;62;0;0
FR;0;2021-03-16;141582;38938;6;0;0;5722977;2362278;68;0;0
FR;0;2021-03-17;150508;37732;4;0;0;5873485;2400010;72;0;0
FR;0;2021-03-18;167854;44426;5;0;0;6041339;2444436;77;0;0
FR;0;2021-03-19;230031;36859;2;0;0;6271370;2481295;79;0;0
FR;0;2021-03-20;166708;11417;1;0;0;6438078;2492712;80;0;0
FR;0;2021-03-21;49948;2225;1;0;0;6488026;2494937;81;0;0
FR;0;2021-03-22;170066;33662;2;0;0;6658092;2528599;83;0;0
FR;0;2021-03-23;250413;42383;1;0;0;6908505;2570982;84;0;0
FR;0;2021-03-24;256926;43549;0;0;0;7165431;2614531;84;0;0
FR;0;2021-03-25;341842;45228;5;0;0;7507273;2659759;89;0;0
FR;0;2021-03-26;358827;41864;5;1;0;7866100;2701623;94;1;0
FR;0;2021-03-27;195276;16906;1;0;0;8061376;2718529;95;1;0
FR;0;2021-03-28;59345;4422;3;0;0;8120721;2722951;98;1;0
FR;0;2021-03-29;202996;53543;4;0;0;8323717;2776494;102;1;0
FR;0;2021-03-30;285500;69910;5;0;0;8609217;2846404;107;1;0
FR;0;2021-03-31;263060;73838;4;0;0;8872277;2920242;111;1;0
FR;0;2021-04-01;315535;92066;11;0;0;9187812;3012308;122;1;0
FR;0;2021-04-02;281364;94321;7;0;0;9469176;3106629;129;1;0
FR;0;2021-04-03;141083;62461;6;0;0;9610259;3169090;135;1;0
FR;0;2021-04-04;46539;18971;2;0;0;9656798;3188061;137;1;0
FR;0;2021-04-05;63352;10508;11;0;0;9720150;3198569;148;1;0
FR;0;2021-04-06;217247;112186;17;0;0;9937397;3310755;165;1;0
FR;0;2021-04-07;260289;115295;17;0;0;10197686;3426050;182;1;0
FR;0;2021-04-08;337876;122755;14;0;0;10535562;3548805;196;1;0
FR;0;2021-04-09;410189;116710;49;0;0;10945751;3665515;245;1;0
FR;0;2021-04-10;212641;82846;15;0;0;11158392;3748361;260;1;0
FR;0;2021-04-11;56152;34191;7;0;0;11214544;3782552;267;1;0
FR;0;2021-04-12;237093;115719;46;0;0;11451637;3898271;313;1;0
FR;0;2021-04-13;309516;144266;98;1;0;11761153;4042537;411;2;0
FR;0;2021-04-14;294560;139664;215;0;0;12055713;4182201;626;2;0
FR;0;2021-04-15;337139;149947;339;0;0;12392852;4332148;965;2;0
FR;0;2021-04-16;339323;146762;354;0;0;12732175;4478910;1319;2;0
FR;0;2021-04-17;188678;89968;109;0;0;12920853;4568878;1428;2;0
FR;0;2021-04-18;51626;35439;47;0;0;12972479;4604317;1475;2;0
FR;0;2021-04-19;205724;138224;456;0;0;13178203;4742541;1931;2;0
FR;0;2021-04-20;254447;171660;569;0;0;13432650;4914201;2500;2;0
FR;0;2021-04-21;253295;169766;836;0;0;13685945;5083967;3336;2;0
FR;0;2021-04-22;287586;190034;818;0;0;13973531;5274001;4154;2;0
FR;0;2021-04-23;297755;184315;747;0;0;14271286;5458316;4901;2;0
FR;0;2021-04-24;190463;111888;252;0;0;14461749;5570204;5153;2;0
FR;0;2021-04-25;69567;38813;51;0;0;14531316;5609017;5204;2;0
FR;0;2021-04-26;220982;157948;563;0;0;14752298;5766965;5767;2;0
FR;0;2021-04-27;284629;187806;941;0;0;15036927;5954771;6708;2;0
FR;0;2021-04-28;299537;184263;1426;1;1;15336464;6139034;8134;3;1
FR;0;2021-04-29;357167;197690;1280;0;0;15693631;6336724;9414;3;1
FR;0;2021-04-30;372238;185690;1123;1;0;16065869;6522414;10537;4;1
FR;0;2021-05-01;167654;52495;179;0;0;16233523;6574909;10716;4;1
FR;0;2021-05-02;91757;37833;83;0;0;16325280;6612742;10799;4;1
FR;0;2021-05-03;288945;166324;843;0;0;16614225;6779066;11642;4;1
FR;0;2021-05-04;315706;225212;1235;0;0;16929931;7004278;12877;4;1
FR;0;2021-05-05;327229;225970;1315;0;0;17257160;7230248;14192;4;1
FR;0;2021-05-06;379545;240631;1634;0;0;17636705;7470879;15826;4;1
FR;0;2021-05-07;372783;258261;1223;0;0;18009488;7729140;17049;4;1
FR;0;2021-05-08;222171;70376;299;0;0;18231659;7799516;17348;4;1
FR;0;2021-05-09;129710;45113;243;0;0;18361369;7844629;17591;4;1
FR;0;2021-05-10;313405;229393;1237;0;0;18674774;8074022;18828;4;1
FR;0;2021-05-11;403927;258117;1566;0;0;19078701;8332139;20394;4;1
FR;0;2021-05-12;434138;233636;1543;0;0;19512839;8565775;21937;4;1
FR;0;2021-05-13;338618;56620;432;0;0;19851457;8622395;22369;4;1
FR;0;2021-05-14;454155;167421;1126;0;0;20305612;8789816;23495;4;1
FR;0;2021-05-15;374988;94292;444;0;0;20680600;8884108;23939;4;1
FR;0;2021-05-16;202762;20686;168;0;0;20883362;8904794;24107;4;1
FR;0;2021-05-17;376132;148764;1555;0;0;21259494;9053558;25662;4;1
FR;0;2021-05-18;460176;153857;1990;0;0;21719670;9207415;27652;4;1
FR;0;2021-05-19;467423;143181;2464;0;0;22187093;9350596;30116;4;1
FR;0;2021-05-20;507560;160262;2339;0;0;22694653;9510858;32455;4;1
FR;0;2021-05-21;489690;175020;1996;0;0;23184343;9685878;34451;4;1
FR;0;2021-05-22;347207;80138;670;0;0;23531550;9766016;35121;4;1
FR;0;2021-05-23;161698;14252;246;0;0;23693248;9780268;35367;4;1
FR;0;2021-05-24;263203;33138;604;0;0;23956451;9813406;35971;4;1
FR;0;2021-05-25;400288;190189;2355;1;0;24356739;10003595;38326;5;1
FR;0;2021-05-26;413466;190326;2225;0;0;24770205;10193921;40551;5;1
FR;0;2021-05-27;449827;219673;2163;0;0;25220032;10413594;42714;5;1
FR;0;2021-05-28;429566;260696;1894;0;0;25649598;10674290;44608;5;1
FR;0;2021-05-29;298994;150202;585;0;0;25948592;10824492;45193;5;1
FR;0;2021-05-30;107146;32523;164;0;0;26055738;10857015;45357;5;1
FR;0;2021-05-31;358048;203379;1471;1;1;26413786;11060394;46828;6;2
FR;0;2021-06-01;431057;251277;1967;1;1;26844843;11311671;48795;7;3
FR;0;2021-06-02;420126;232078;1984;0;0;27264969;11543749;50779;7;3
FR;0;2021-06-03;465634;257797;1825;0;0;27730603;11801546;52604;7;3
FR;0;2021-06-04;456264;305552;1734;1;1;28186867;12107098;54338;8;4
FR;0;2021-06-05;304811;189355;653;0;0;28491678;12296453;54991;8;4
FR;0;2021-06-06;133320;49050;226;0;0;28624998;12345503;55217;8;4
FR;0;2021-06-07;339997;261563;1526;0;0;28964995;12607066;56743;8;4
FR;0;2021-06-08;393903;291255;1804;0;0;29358898;12898321;58547;8;4
FR;0;2021-06-09;384890;274315;1733;0;0;29743788;13172636;60280;8;4
FR;0;2021-06-10;404202;287571;1726;1;0;30147990;13460207;62006;9;4
FR;0;2021-06-11;386677;356623;1467;1;0;30534667;13816830;63473;10;4
FR;0;2021-06-12;283277;211055;496;0;0;30817944;14027885;63969;10;4
FR;0;2021-06-13;104891;73846;204;0;0;30922835;14101731;64173;10;4
FR;0;2021-06-14;240847;354413;1427;1;0;31163682;14456144;65600;11;4
FR;0;2021-06-15;308181;384763;1574;1;0;31471863;14840907;67174;12;4
FR;0;2021-06-16;313990;357501;1418;1;0;31785853;15198408;68592;13;4
FR;0;2021-06-17;317700;372899;1430;1;0;32103553;15571307;70022;14;4
FR;0;2021-06-18;321761;442610;1340;1;0;32425314;16013917;71362;15;4
FR;0;2021-06-19;224349;273915;449;0;0;32649663;16287832;71811;15;4
FR;0;2021-06-20;74443;102359;129;0;0;32724106;16390191;71940;15;4
FR;0;2021-06-21;195782;401661;1038;1;1;32919888;16791852;72978;16;5
FR;0;2021-06-22;223212;467576;1266;10;1;33143100;17259428;74244;26;6
FR;0;2021-06-23;234046;439987;1197;1;1;33377146;17699415;75441;27;7
FR;0;2021-06-24;241875;409617;1358;0;0;33619021;18109032;76799;27;7
FR;0;2021-06-25;227653;522872;1401;0;0;33846674;18631904;78200;27;7
FR;0;2021-06-26;153270;370884;587;1;0;33999944;19002788;78787;28;7
FR;0;2021-06-27;55907;156023;169;1;0;34055851;19158811;78956;29;7
FR;0;2021-06-28;154793;452613;1176;0;0;34210644;19611424;80132;29;7
FR;0;2021-06-29;182725;507446;2123;0;0;34393369;20118870;82255;29;7
FR;0;2021-06-30;204021;485049;2014;21;2;34597390;20603919;84269;50;9
FR;0;2021-07-01;231413;458277;2224;5;1;34828803;21062196;86493;55;10
FR;0;2021-07-02;228697;520084;2120;5;2;35057500;21582280;88613;60;12
FR;0;2021-07-03;142046;368734;908;3;1;35199546;21951014;89521;63;13
FR;0;2021-07-04;56758;141053;265;0;0;35256304;22092067;89786;63;13
FR;0;2021-07-05;168524;418813;1668;8;1;35424828;22510880;91454;71;14
FR;0;2021-07-06;196784;474547;1830;45;8;35621612;22985427;93284;116;22
FR;0;2021-07-07;213213;439082;1879;25;4;35834825;23424509;95163;141;26
FR;0;2021-07-08;231655;424144;2089;20;5;36066480;23848653;97252;161;31
FR;0;2021-07-09;228624;511043;2185;4;2;36295104;24359696;99437;165;33
FR;0;2021-07-10;148626;339903;986;1;1;36443730;24699599;100423;166;34
FR;0;2021-07-11;60205;110080;283;0;0;36503935;24809679;100706;166;34
FR;0;2021-07-12;169428;477901;1763;4;0;36673363;25287580;102469;170;34
FR;0;2021-07-13;287270;526917;2049;8;1;36960633;25814497;104518;178;35
FR;0;2021-07-14;181109;157466;435;0;0;37141742;25971963;104953;178;35
FR;0;2021-07-15;347107;501866;2099;1;0;37488849;26473829;107052;179;35
FR;0;2021-07-16;380113;495318;2023;3;1;37868962;26969147;109075;182;36
FR;0;2021-07-17;259738;319691;877;1;0;38128700;27288838;109952;183;36
FR;0;2021-07-18;109726;114604;310;0;0;38238426;27403442;110262;183;36
FR;0;2021-07-19;285499;424216;1630;3;0;38523925;27827658;111892;186;36
FR;0;2021-07-20;376929;451597;1723;0;0;38900854;28279255;113615;186;36
FR;0;2021-07-21;395815;407166;1549;4;1;39296669;28686421;115164;190;37
FR;0;2021-07-22;441061;387510;1715;4;2;39737730;29073931;116879;194;39
FR;0;2021-07-23;440335;422308;1883;4;1;40178065;29496239;118762;198;40
FR;0;2021-07-24;285253;269363;804;1;0;40463318;29765602;119566;199;40
FR;0;2021-07-25;121116;79937;234;0;0;40584434;29845539;119800;199;40
FR;0;2021-07-26;347434;322421;1614;3;1;40931868;30167960;121414;202;41
FR;0;2021-07-27;464076;319509;1698;4;1;41395944;30487469;123112;206;42
FR;0;2021-07-28;459444;289490;1636;4;1;41855388;30776959;124748;210;43
FR;0;2021-07-29;489841;276328;1796;2;0;42345229;31053287;126544;212;43
FR;0;2021-07-30;461836;302500;1941;5;1;42807065;31355787;128485;217;44
FR;0;2021-07-31;285405;185041;915;1;0;43092470;31540828;129400;218;44
FR;0;2021-08-01;112034;49925;253;0;0;43204504;31590753;129653;218;44
FR;0;2021-08-02;341630;234148;1602;2;0;43546134;31824901;131255;220;44
FR;0;2021-08-03;398621;244593;1728;2;1;43944755;32069494;132983;222;45
FR;0;2021-08-04;384863;209650;1593;6;3;44329618;32279144;134576;228;48
FR;0;2021-08-05;366180;228459;1711;0;0;44695798;32507603;136287;228;48
FR;0;2021-08-06;359738;271341;1835;4;0;45055536;32778944;138122;232;48
FR;0;2021-08-07;213127;178339;756;5;1;45268663;32957283;138878;237;49
FR;0;2021-08-08;74194;63188;276;0;0;45342857;33020471;139154;237;49
FR;0;2021-08-09;258764;258801;1547;4;2;45601621;33279272;140701;241;51
FR;0;2021-08-10;306874;277280;1663;2;1;45908495;33556552;142364;243;52
FR;0;2021-08-11;279749;259678;1441;5;0;46188244;33816230;143805;248;52
FR;0;2021-08-12;271553;278166;1664;3;0;46459797;34094396;145469;251;52
FR;0;2021-08-13;252162;278106;1594;3;2;46711959;34372502;147063;254;54
FR;0;2021-08-14;145351;197116;741;0;0;46857310;34569618;147804;254;54
FR;0;2021-08-15;39391;50107;218;1;0;46896701;34619725;148022;255;54
FR;0;2021-08-16;186186;317632;1542;0;0;47082887;34937357;149564;255;54
FR;0;2021-08-17;215693;335975;1636;7;0;47298580;35273332;151200;262;54
FR;0;2021-08-18;199057;324469;1598;7;4;47497637;35597801;152798;269;58
FR;0;2021-08-19;192036;325497;1640;1;0;47689673;35923298;154438;270;58
FR;0;2021-08-20;186470;366278;1820;3;2;47876143;36289576;156258;273;60
FR;0;2021-08-21;104804;238117;708;0;0;47980947;36527693;156966;273;60
FR;0;2021-08-22;31944;87216;256;1;1;48012891;36614909;157222;274;61
FR;0;2021-08-23;140983;357070;1561;3;1;48153874;36971979;158783;277;62
FR;0;2021-08-24;162503;376703;1850;5;1;48316377;37348682;160633;282;63
FR;0;2021-08-25;151147;350787;2033;8;2;48467524;37699469;162666;290;65
FR;0;2021-08-26;142881;342768;2561;10;0;48610405;38042237;165227;300;65
FR;0;2021-08-27;148455;388275;2790;11;2;48758860;38430512;168017;311;67
FR;0;2021-08-28;90666;249607;1407;0;0;48849526;38680119;169424;311;67
FR;0;2021-08-29;27321;83349;518;1;0;48876847;38763468;169942;312;67
FR;0;2021-08-30;117421;324642;4713;6;5875;48994268;39088110;174655;318;5942
FR;0;2021-08-31;128819;334493;10188;19;11800;49123087;39422603;184843;337;17742
FR;0;2021-09-01;136143;285687;22432;8;24390;49259230;39708290;207275;345;42132
FR;0;2021-09-02;114656;247222;26518;20;28985;49373886;39955512;233793;365;71117
FR;0;2021-09-03;118314;292661;29965;24;33052;49492200;40248173;263758;389;104169
FR;0;2021-09-04;89890;217786;12585;12;14145;49582090;40465959;276343;401;118314
FR;0;2021-09-05;21359;44821;4395;2;4715;49603449;40510780;280738;403;123029
FR;0;2021-09-06;75687;180583;31956;16;34300;49679136;40691363;312694;419;157329
FR;0;2021-09-07;80310;181213;33246;43;36273;49759446;40872576;345940;462;193602
FR;0;2021-09-08;90997;206077;29666;28;32547;49850443;41078653;375606;490;226149
FR;0;2021-09-09;76950;165340;33078;27;36672;49927393;41243993;408684;517;262821
FR;0;2021-09-10;96040;203791;35740;28;40718;50023433;41447784;444424;545;303539
FR;0;2021-09-11;67165;169310;12140;19;14393;50090598;41617094;456564;564;317932
FR;0;2021-09-12;12826;32103;2780;1;3182;50103424;41649197;459344;565;321114
FR;0;2021-09-13;64565;126216;41242;35;44222;50167989;41775413;500586;600;365336
FR;0;2021-09-14;73494;129048;56375;80;62342;50241483;41904461;556961;680;427678
FR;0;2021-09-15;76645;167784;55667;58;54839;50318128;42072245;612628;738;482517
FR;0;2021-09-16;63883;114526;60096;82;60158;50382011;42186771;672724;820;542675
FR;0;2021-09-17;75085;156840;53857;71;57327;50457096;42343611;726581;891;600002
FR;0;2021-09-18;48235;139638;15601;25;17316;50505331;42483249;742182;916;617318
FR;0;2021-09-19;7908;23672;2438;1;2617;50513239;42506921;744620;917;619935
FR;0;2021-09-20;44572;93798;50084;72;50340;50557811;42600719;794704;989;670275
FR;0;2021-09-21;45899;98408;62762;76;63487;50603710;42699127;857466;1065;733762
FR;0;2021-09-22;48684;142389;55371;82;55446;50652394;42841516;912837;1147;789208
FR;0;2021-09-23;43275;92075;62396;95;63573;50695669;42933591;975233;1242;852781
FR;0;2021-09-24;52298;133302;54562;107;59207;50747967;43066893;1029795;1349;911988
FR;0;2021-09-25;35219;115635;16275;36;18300;50783186;43182528;1046070;1385;930288
FR;0;2021-09-26;5555;17804;2270;5;2327;50788741;43200332;1048340;1390;932615
FR;0;2021-09-27;33978;76928;47201;97;48181;50822719;43277260;1095541;1487;980796
FR;0;2021-09-28;36519;75247;54973;90;56571;50859238;43352507;1150514;1577;1037367
FR;0;2021-09-29;44420;100746;53365;112;54890;50903658;43453253;1203879;1689;1092257
FR;0;2021-09-30;36343;72971;57040;96;59594;50940001;43526224;1260919;1785;1151851
FR;0;2021-10-01;61707;102873;57821;108;63975;51001708;43629097;1318740;1893;1215826
FR;0;2021-10-02;39469;78439;20964;39;23369;51041177;43707536;1339704;1932;1239195
FR;0;2021-10-03;5286;10495;2533;4;2539;51046463;43718031;1342237;1936;1241734
FR;0;2021-10-04;35196;58505;52624;84;54839;51081659;43776536;1394861;2020;1296573
FR;0;2021-10-05;33926;64381;61024;135;65085;51115585;43840917;1455885;2155;1361658
FR;0;2021-10-06;42719;79294;65758;113;68353;51158304;43920211;1521643;2268;1430011
FR;0;2021-10-07;30569;62269;65433;89;68850;51188873;43982480;1587076;2357;1498861
FR;0;2021-10-08;49475;91913;77764;110;84765;51238348;44074393;1664840;2467;1583626
FR;0;2021-10-09;33676;60926;31546;35;33922;51272024;44135319;1696386;2502;1617548
FR;0;2021-10-10;4719;7432;3195;9;3477;51276743;44142751;1699581;2511;1621025
FR;0;2021-10-11;30728;49920;61045;105;64107;51307471;44192671;1760626;2616;1685132
FR;0;2021-10-12;31637;54499;70624;141;76012;51339108;44247170;1831250;2757;1761144
FR;0;2021-10-13;40158;62830;74435;137;79361;51379266;44310000;1905685;2894;1840505
FR;0;2021-10-14;30360;52881;68771;116;73843;51409626;44362881;1974456;3010;1914348
FR;0;2021-10-15;44949;75252;93243;191;103016;51454575;44438133;2067699;3201;2017364
FR;0;2021-10-16;31329;44103;36697;44;39649;51485904;44482236;2104396;3245;2057013
FR;0;2021-10-17;3889;5236;3600;2;3680;51489793;44487472;2107996;3247;2060693
FR;0;2021-10-18;29187;42377;67506;134;71364;51518980;44529849;2175502;3381;2132057
FR;0;2021-10-19;27192;45577;76413;140;81652;51546172;44575426;2251915;3521;2213709
FR;0;2021-10-20;35339;52429;96945;181;101554;51581511;44627855;2348860;3702;2315263
FR;0;2021-10-21;26162;45176;83976;112;89154;51607673;44673031;2432836;3814;2404417
FR;0;2021-10-22;38446;62505;104910;200;112617;51646119;44735536;2537746;4014;2517034
FR;0;2021-10-23;27029;41201;45461;57;48632;51673148;44776737;2583207;4071;2565666
FR;0;2021-10-24;2944;4761;3684;6;3925;51676092;44781498;2586891;4077;2569591
FR;0;2021-10-25;26095;36249;82342;144;86666;51702187;44817747;2669233;4221;2656257
FR;0;2021-10-26;23766;35031;87267;166;92391;51725953;44852778;2756500;4387;2748648
FR;0;2021-10-27;30105;46340;109011;257;114717;51756058;44899118;2865511;4644;2863365
FR;0;2021-10-28;23605;34948;88729;153;94506;51779663;44934066;2954240;4797;2957871
FR;0;2021-10-29;31579;51486;117333;206;125396;51811242;44985552;3071573;5003;3083267
FR;0;2021-10-30;20571;33228;50358;76;53406;51831813;45018780;3121931;5079;3136673
FR;0;2021-10-31;2517;3736;3593;3;3880;51834330;45022516;3125524;5082;3140553
FR;0;2021-11-01;8524;4863;3218;3;3582;51842854;45027379;3128742;5085;3144135
FR;0;2021-11-02;26372;40113;93594;156;99631;51869226;45067492;3222336;5241;3243766
FR;0;2021-11-03;30121;47935;118912;220;125865;51899347;45115427;3341248;5461;3369631
FR;0;2021-11-04;23816;37506;107585;217;114466;51923163;45152933;3448833;5678;3484097
FR;0;2021-11-05;32403;52967;141655;236;151415;51955566;45205900;3590488;5914;3635512
FR;0;2021-11-06;21547;34567;64890;123;68320;51977113;45240467;3655378;6037;3703832
FR;0;2021-11-07;2425;4173;5202;6;5597;51979538;45244640;3660580;6043;3709429
FR;0;2021-11-08;20625;37768;127214;227;134334;52000163;45282408;3787794;6270;3843763
FR;0;2021-11-09;22437;44694;161718;339;172297;52022600;45327102;3949512;6609;4016060
FR;0;2021-11-10;31609;54967;187041;446;198858;52054209;45382069;4136553;7055;4214918
FR;0;2021-11-11;4742;6762;12986;28;13976;52058951;45388831;4149539;7083;4228894
FR;0;2021-11-12;29096;55092;183802;252;197423;52088047;45443923;4333341;7335;4426317
FR;0;2021-11-13;20353;32620;80720;118;86345;52108400;45476543;4414061;7453;4512662
FR;0;2021-11-14;2362;3873;7178;6;7846;52110762;45480416;4421239;7459;4520508
FR;0;2021-11-15;20510;38636;160887;313;171612;52131272;45519052;4582126;7772;4692120
FR;0;2021-11-16;23660;43942;200445;394;215118;52154932;45562994;4782571;8166;4907238
FR;0;2021-11-17;30534;50305;199881;406;212935;52185466;45613299;4982452;8572;5120173
FR;0;2021-11-18;23449;45678;191710;468;205637;52208915;45658977;5174162;9040;5325810
FR;0;2021-11-19;33688;61349;243255;551;262250;52242603;45720326;5417417;9591;5588060
FR;0;2021-11-20;25413;36683;102175;206;109731;52268016;45757009;5519592;9797;5697791
FR;0;2021-11-21;2659;4463;9670;19;10616;52270675;45761472;5529262;9816;5708407
FR;0;2021-11-22;22817;33191;180411;471;194893;52293492;45794663;5709673;10287;5903300
FR;0;2021-11-23;25721;45537;229440;549;247909;52319213;45840200;5939113;10836;6151209
FR;0;2021-11-24;31802;53697;224848;715;243295;52351015;45893897;6163961;11551;6394504
FR;0;2021-11-25;25643;49197;255980;739;277853;52376658;45943094;6419941;12290;6672357
FR;0;2021-11-26;33260;74791;379530;867;414730;52409918;46017885;6799471;13157;7087087
FR;0;2021-11-27;23494;49657;214947;390;236735;52433412;46067542;7014418;13547;7323822
FR;0;2021-11-28;3514;10501;56770;66;63329;52436926;46078043;7071188;13613;7387151
FR;0;2021-11-29;19420;54135;341521;864;371796;52456346;46132178;7412709;14477;7758947
FR;0;2021-11-30;24778;71937;457436;988;500842;52481124;46204115;7870145;15465;8259789
FR;0;2021-12-01;27373;75713;469161;1162;511396;52508497;46279828;8339306;16627;8771185
FR;0;2021-12-02;22103;71729;527175;1280;574969;52530600;46351557;8866481;17907;9346154
FR;0;2021-12-03;25560;93018;596457;1420;651228;52556160;46444575;9462938;19327;9997382
FR;0;2021-12-04;18321;60471;336262;692;369843;52574481;46505046;9799200;20019;10367225
FR;0;2021-12-05;4155;16159;95798;157;107055;52578636;46521205;9894998;20176;10474280
FR;0;2021-12-06;28422;72889;493202;1175;540014;52607058;46594094;10388200;21351;11014294
FR;0;2021-12-07;23539;91398;645464;1773;706424;52630597;46685492;11033664;23124;11720718
FR;0;2021-12-08;25501;92143;591673;1874;647582;52656098;46777635;11625337;24998;12368300
FR;0;2021-12-09;24062;94201;663190;2181;726573;52680160;46871836;12288527;27179;13094873
FR;0;2021-12-10;28058;111053;736123;2075;806279;52708218;46982889;13024650;29254;13901152
FR;0;2021-12-11;20251;76172;435212;990;480424;52728469;47059061;13459862;30244;14381576
FR;0;2021-12-12;5661;23186;142329;262;159220;52734130;47082247;13602191;30506;14540796
FR;0;2021-12-13;21357;90937;587718;1699;649335;52755487;47173184;14189909;32205;15190131
FR;0;2021-12-14;27980;118450;765677;2654;847629;52783467;47291634;14955586;34859;16037760
FR;0;2021-12-15;28443;114416;694402;2266;769193;52811910;47406050;15649988;37125;16806953
FR;0;2021-12-16;28034;115860;764110;2557;844542;52839944;47521910;16414098;39682;17651495
FR;0;2021-12-17;31651;128501;807934;2712;892084;52871595;47650411;17222032;42394;18543579
FR;0;2021-12-18;24937;81651;470004;1178;522255;52896532;47732062;17692036;43572;19065834
FR;0;2021-12-19;8759;28642;169416;376;191081;52905291;47760704;17861452;43948;19256915
FR;0;2021-12-20;31755;97348;591543;1787;658794;52937046;47858052;18452995;45735;19915709
FR;0;2021-12-21;39459;112146;682466;2392;759627;52976505;47970198;19135461;48127;20675336
FR;0;2021-12-22;39555;99391;575810;2168;642167;53016060;48069589;19711271;50295;21317503
FR;0;2021-12-23;33783;79570;441038;1657;494415;53049843;48149159;20152309;51952;21811918
FR;0;2021-12-24;10695;26106;111038;398;126678;53060538;48175265;20263347;52350;21938596
FR;0;2021-12-25;776;3594;7595;25;9029;53061314;48178859;20270942;52375;21947625
FR;0;2021-12-26;4696;11891;52101;142;60145;53066010;48190750;20323043;52517;22007770
FR;0;2021-12-27;30508;84043;453581;1364;509210;53096518;48274793;20776624;53881;22516980
FR;0;2021-12-28;38370;98995;564189;1769;632289;53134888;48373788;21340813;55650;23149269
FR;0;2021-12-29;39878;88351;501228;1687;561029;53174766;48462139;21842041;57337;23710298
FR;0;2021-12-30;35924;75196;421048;1521;471158;53210690;48537335;22263089;58858;24181456
FR;0;2021-12-31;12048;25132;116886;405;131679;53222738;48562467;22379975;59263;24313135
FR;0;2022-01-01;1576;3218;8523;37;9941;53224314;48565685;22388498;59300;24323076
FR;0;2022-01-02;6117;13016;58425;125;66956;53230431;48578701;22446923;59425;24390032
FR;0;2022-01-03;37757;90272;494847;1596;551739;53268188;48668973;22941770;61021;24941771
FR;0;2022-01-04;42053;111118;641409;2306;714391;53310241;48780091;23583179;63327;25656162
FR;0;2022-01-05;61134;103713;569202;1984;634236;53371375;48883804;24152381;65311;26290398
FR;0;2022-01-06;44283;110388;638990;2697;711478;53415658;48994192;24791371;68008;27001876
FR;0;2022-01-07;50827;123445;711010;2810;790529;53466485;49117637;25502381;70818;27792405
FR;0;2022-01-08;45008;80329;423817;1213;472889;53511493;49197966;25926198;72031;28265294
FR;0;2022-01-09;15612;26652;128567;300;145670;53527105;49224618;26054765;72331;28410964
FR;0;2022-01-10;35390;93395;469342;1813;522750;53562495;49318013;26524107;74144;28933714
FR;0;2022-01-11;41932;100549;548266;2306;608528;53604427;49418562;27072373;76450;29542242
FR;0;2022-01-12;60405;95799;452702;1968;504367;53664832;49514361;27525075;78418;30046609
FR;0;2022-01-13;38258;92602;487364;2085;541047;53703090;49606963;28012439;80503;30587656
FR;0;2022-01-14;42579;103427;568621;2286;629029;53745669;49710390;28581060;82789;31216685
FR;0;2022-01-15;39420;65933;340137;985;377562;53785089;49776323;28921197;83774;31594247
FR;0;2022-01-16;11411;19251;87432;216;99417;53796500;49795574;29008629;83990;31693664
FR;0;2022-01-17;24738;60110;320289;1382;354157;53821238;49855684;29328918;85372;32047821
FR;0;2022-01-18;28325;68762;361097;1801;397570;53849563;49924446;29690015;87173;32445391
FR;0;2022-01-19;43218;67110;281303;1450;311077;53892781;49991556;29971318;88623;32756468
FR;0;2022-01-20;23665;59666;299019;1741;328512;53916446;50051222;30270337;90364;33084980
FR;0;2022-01-21;28203;68871;366381;2086;401205;53944649;50120093;30636718;92450;33486185
FR;0;2022-01-22;27624;48007;218793;839;241770;53972273;50168100;30855511;93289;33727955
FR;0;2022-01-23;6738;12987;48680;173;55171;53979011;50181087;30904191;93462;33783126
FR;0;2022-01-24;16271;47500;217320;1141;239342;53995282;50228587;31121511;94603;34022468
FR;0;2022-01-25;19028;54393;243063;1547;267094;54014310;50282980;31364574;96150;34289562
FR;0;2022-01-26;28146;60539;209285;1298;229495;54042456;50343519;31573859;97448;34519057
FR;0;2022-01-27;16333;46434;207647;1277;225986;54058789;50389953;31781506;98725;34745043
FR;0;2022-01-28;21585;78759;290059;1572;321374;54080374;50468712;32071565;100297;35066417
FR;0;2022-01-29;18419;52886;184131;689;204583;54098793;50521598;32255696;100986;35271000
FR;0;2022-01-30;4475;14507;39142;124;45080;54103268;50536105;32294838;101110;35316080
FR;0;2022-01-31;11257;43963;148205;742;164758;54114525;50580068;32443043;101852;35480838
FR;0;2022-02-01;13633;48361;174124;1144;191381;54128158;50628429;32617167;102996;35672219
FR;0;2022-02-02;20626;66366;171538;1034;190111;54148784;50694795;32788705;104030;35862330
FR;0;2022-02-03;11493;44806;157562;989;173318;54160277;50739601;32946267;105019;36035648
FR;0;2022-02-04;14625;66682;239253;1266;264135;54174902;50806283;33185520;106285;36299783
FR;0;2022-02-05;12897;51480;153554;523;172322;54187799;50857763;33339074;106808;36472105
FR;0;2022-02-06;2725;12179;28893;101;33832;54190524;50869942;33367967;106909;36505937
FR;0;2022-02-07;9577;46680;156886;593;176312;54200101;50916622;33524853;107502;36682249
FR;0;2022-02-08;9801;43089;166639;867;184432;54209902;50959711;33691492;108369;36866681
FR;0;2022-02-09;14375;58245;172345;873;193052;54224277;51017956;33863837;109242;37059733
FR;0;2022-02-10;8718;39157;150234;878;166710;54232995;51057113;34014071;110120;37226443
FR;0;2022-02-11;10858;55673;218505;1101;243099;54243853;51112786;34232576;111221;37469542
FR;0;2022-02-12;8404;40956;134724;465;151752;54252257;51153742;34367300;111686;37621294
FR;0;2022-02-13;1930;8601;26564;86;30924;54254187;51162343;34393864;111772;37652218
FR;0;2022-02-14;6989;35248;148378;485;166373;54261176;51197591;34542242;112257;37818591
FR;0;2022-02-15;7061;36219;146982;752;162568;54268237;51233810;34689224;113009;37981159
FR;0;2022-02-16;9407;42973;132535;720;146754;54277644;51276783;34821759;113729;38127913
FR;0;2022-02-17;5578;24328;87303;585;94877;54283222;51301111;34909062;114314;38222790
FR;0;2022-02-18;6993;33578;119665;806;129329;54290215;51334689;35028727;115120;38352119
FR;0;2022-02-19;5368;24551;70027;370;77337;54295583;51359240;35098754;115490;38429456
FR;0;2022-02-20;1148;4656;12172;39;13951;54296731;51363896;35110926;115529;38443407
FR;0;2022-02-21;4092;17884;61956;351;67184;54300823;51381780;35172882;115880;38510591
FR;0;2022-02-22;4457;18655;60834;577;64475;54305280;51400435;35233716;116457;38575066
FR;0;2022-02-23;6590;27356;66495;591;71892;54311870;51427791;35300211;117048;38646958
FR;0;2022-02-24;3849;15522;50424;519;53244;54315719;51443313;35350635;117567;38700202
FR;0;2022-02-25;5280;24062;76360;803;80093;54320999;51467375;35426995;118370;38780295
FR;0;2022-02-26;3990;17767;47416;359;51483;54324989;51485142;35474411;118729;38831778
FR;0;2022-02-27;880;3008;8035;47;8946;54325869;51488150;35482446;118776;38840724
FR;0;2022-02-28;3123;12542;40485;359;42919;54328992;51500692;35522931;119135;38883643
FR;0;2022-03-01;3994;12603;44194;437;44866;54332986;51513295;35567125;119572;38928509
FR;0;2022-03-02;5321;17792;47138;445;49069;54338307;51531087;35614263;120017;38977578
FR;0;2022-03-03;2817;9342;29893;368;30016;54341124;51540429;35644156;120385;39007594
FR;0;2022-03-04;3223;12438;40306;667;39455;54344347;51552867;35684462;121052;39047049
FR;0;2022-03-05;3071;9281;24955;314;25118;54347418;51562148;35709417;121366;39072167
FR;0;2022-03-06;520;1399;3198;43;3441;54347938;51563547;35712615;121409;39075608
FR;0;2022-03-07;2324;5626;18430;315;17698;54350262;51569173;35731045;121724;39093306
FR;0;2022-03-08;2134;6074;19447;363;17918;54352396;51575247;35750492;122087;39111224
FR;0;2022-03-09;3577;10500;22182;407;21280;54355973;51585747;35772674;122494;39132504
FR;0;2022-03-10;1821;5818;16993;344;15821;54357794;51591565;35789667;122838;39148325
FR;0;2022-03-11;2414;7555;24499;542;22267;54360208;51599120;35814166;123380;39170592
FR;0;2022-03-12;2680;6775;17161;308;16516;54362888;51605895;35831327;123688;39187108
FR;0;2022-03-13;402;790;2324;149;2273;54363290;51606685;35833651;123837;39189381
FR;0;2022-03-14;1544;4273;14981;4409;13836;54364834;51610958;35848632;128246;39203217
FR;0;2022-03-15;1739;6293;16377;7552;14608;54366573;51617251;35865009;135798;39217825
FR;0;2022-03-16;3034;7402;19424;13137;18101;54369607;51624653;35884433;148935;39235926
FR;0;2022-03-17;1453;3985;13144;10847;11987;54371060;51628638;35897577;159782;39247913
FR;0;2022-03-18;2270;5755;20004;18302;18100;54373330;51634393;35917581;178084;39266013
FR;0;2022-03-19;2293;4803;13115;9401;12417;54375623;51639196;35930696;187485;39278430
FR;0;2022-03-20;300;734;1918;1073;1929;54375923;51639930;35932614;188558;39280359
FR;0;2022-03-21;1392;3216;12718;14938;11942;54377315;51643146;35945332;203496;39292301
FR;0;2022-03-22;1512;3735;13797;20542;12552;54378827;51646881;35959129;224038;39304853
FR;0;2022-03-23;2683;6283;17721;23152;17237;54381510;51653164;35976850;247190;39322090
FR;0;2022-03-24;1405;3156;11591;17609;10677;54382915;51656320;35988441;264799;39332767
FR;0;2022-03-25;2082;5153;18568;27759;16906;54384997;51661473;36007009;292558;39349673
FR;0;2022-03-26;2230;4412;12077;12678;11517;54387227;51665885;36019086;305236;39361190
FR;0;2022-03-27;360;693;1908;1481;1942;54387587;51666578;36020994;306717;39363132
FR;0;2022-03-28;1464;3073;11125;17489;10616;54389051;51669651;36032119;324206;39373748
FR;0;2022-03-29;1452;3269;12904;27576;12050;54390503;51672920;36045023;351782;39385798
FR;0;2022-03-30;2852;5501;15680;27412;15072;54393355;51678421;36060703;379194;39400870
FR;0;2022-03-31;1611;3563;12981;25004;12314;54394966;51681984;36073684;404198;39413184
FR;0;2022-04-01;2676;4581;20058;30880;18700;54397642;51686565;36093742;435078;39431884
FR;0;2022-04-02;1530;2640;9047;10121;8707;54399172;51689205;36102789;445199;39440591
FR;0;2022-04-03;290;513;1561;1170;1578;54399462;51689718;36104350;446369;39442169
FR;0;2022-04-04;2455;2882;12369;19120;11575;54401917;51692600;36116719;465489;39453744
FR;0;2022-04-05;2335;3154;14338;34101;13188;54404252;51695754;36131057;499590;39466932
FR;0;2022-04-06;2502;3938;13537;26485;12805;54406754;51699692;36144594;526075;39479737
FR;0;2022-04-07;1685;3123;13673;33765;12883;54408439;51702815;36158267;559840;39492620
FR;0;2022-04-08;2085;4249;19219;43968;17827;54410524;51707064;36177486;603808;39510447
FR;0;2022-04-09;1365;2676;9312;13563;8864;54411889;51709740;36186798;617371;39519311
FR;0;2022-04-10;293;721;1982;2015;2002;54412182;51710461;36188780;619386;39521313
FR;0;2022-04-11;1312;2604;11866;23893;11474;54413494;51713065;36200646;643279;39532787
FR;0;2022-04-12;1699;3024;14011;40894;13382;54415193;51716089;36214657;684173;39546169
FR;0;2022-04-13;1965;3689;13406;33095;13027;54417158;51719778;36228063;717268;39559196
FR;0;2022-04-14;1489;2930;13210;36310;13060;54418647;51722708;36241273;753578;39572256
FR;0;2022-04-15;1857;3645;15628;35562;14895;54420504;51726353;36256901;789140;39587151
FR;0;2022-04-16;1041;1827;6398;8537;6254;54421545;51728180;36263299;797677;39593405
FR;0;2022-04-17;193;337;992;1173;1035;54421738;51728517;36264291;798850;39594440
FR;0;2022-04-18;195;528;2765;1070;2784;54421933;51729045;36267056;799920;39597224
FR;0;2022-04-19;1533;3010;12914;29663;12473;54423466;51732055;36279970;829583;39609697
FR;0;2022-04-20;1992;3455;13301;29034;12977;54425458;51735510;36293271;858617;39622674
FR;0;2022-04-21;1510;2850;12539;35184;12611;54426968;51738360;36305810;893801;39635285
FR;0;2022-04-22;1863;3610;16473;37598;15833;54428831;51741970;36322283;931399;39651118
FR;0;2022-04-23;1144;2061;7384;10656;7234;54429975;51744031;36329667;942055;39658352
FR;0;2022-04-24;250;461;1475;1588;1413;54430225;51744492;36331142;943643;39659765
FR;0;2022-04-25;1302;2532;10679;21016;10486;54431527;51747024;36341821;964659;39670251
FR;0;2022-04-26;1622;3002;13662;38582;13107;54433149;51750026;36355483;1003241;39683358
FR;0;2022-04-27;1962;3059;11535;30990;11591;54435111;51753085;36367018;1034231;39694949
FR;0;2022-04-28;1566;2760;12525;36202;12267;54436677;51755845;36379543;1070433;39707216
FR;0;2022-04-29;2006;4798;15547;37239;14922;54438683;51760643;36395090;1107672;39722138
FR;0;2022-04-30;1212;2237;6926;9712;6753;54439895;51762880;36402016;1117384;39728891
FR;0;2022-05-01;218;323;913;997;907;54440113;51763203;36402929;1118381;39729798
FR;0;2022-05-02;1958;2936;11149;18155;10982;54442071;51766139;36414078;1136536;39740780
FR;0;2022-05-03;1947;3255;13715;34670;13556;54444018;51769394;36427793;1171206;39754336
FR;0;2022-05-04;1905;3289;12180;25623;12296;54445923;51772683;36439973;1196829;39766632
FR;0;2022-05-05;1763;2932;13042;33565;12890;54447686;51775615;36453015;1230394;39779522
FR;0;2022-05-06;2208;3653;15345;36778;14853;54449894;51779268;36468360;1267172;39794375
FR;0;2022-05-07;1204;1779;6461;9607;6452;54451098;51781047;36474821;1276779;39800827
FR;0;2022-05-08;267;399;1172;1546;1233;54451365;51781446;36475993;1278325;39802060
FR;0;2022-05-09;1364;2295;9924;20253;9794;54452729;51783741;36485917;1298578;39811854
FR;0;2022-05-10;1769;3301;13568;38955;13124;54454498;51787042;36499485;1337533;39824978
FR;0;2022-05-11;1992;3004;10745;27910;10689;54456490;51790046;36510230;1365443;39835667
FR;0;2022-05-12;1585;2708;11370;35685;11040;54458075;51792754;36521600;1401128;39846707
FR;0;2022-05-13;1972;3212;13750;37855;13337;54460047;51795966;36535350;1438983;39860044
FR;0;2022-05-14;1147;1636;5936;10775;5800;54461194;51797602;36541286;1449758;39865844
FR;0;2022-05-15;280;473;1278;1437;1361;54461474;51798075;36542564;1451195;39867205
FR;0;2022-05-16;1192;2033;8683;21036;8679;54462666;51800108;36551247;1472231;39875884
FR;0;2022-05-17;1587;2594;11817;37860;11395;54464253;51802702;36563064;1510091;39887279
FR;0;2022-05-18;1809;2644;9685;27146;9659;54466062;51805346;36572749;1537237;39896938
FR;0;2022-05-19;1437;2647;10571;35829;10711;54467499;51807993;36583320;1573066;39907649
FR;0;2022-05-20;1873;3111;13418;39352;12908;54469372;51811104;36596738;1612418;39920557
FR;0;2022-05-21;1158;1704;5660;9897;5532;54470530;51812808;36602398;1622315;39926089
FR;0;2022-05-22;238;341;1026;1437;1014;54470768;51813149;36603424;1623752;39927103
FR;0;2022-05-23;1173;2117;8876;20341;8826;54471941;51815266;36612300;1644093;39935929
FR;0;2022-05-24;1537;2754;11356;38865;11225;54473478;51818020;36623656;1682958;39947154
FR;0;2022-05-25;1812;2827;9340;24824;9473;54475290;51820847;36632996;1707782;39956627
FR;0;2022-05-26;208;419;1661;1198;1672;54475498;51821266;36634657;1708980;39958299
FR;0;2022-05-27;1382;2464;9257;21284;8999;54476880;51823730;36643914;1730264;39967298
FR;0;2022-05-28;665;1261;3914;6788;3964;54477545;51824991;36647828;1737052;39971262
FR;0;2022-05-29;156;315;751;918;772;54477701;51825306;36648579;1737970;39972034
FR;0;2022-05-30;1024;1951;6993;19291;7008;54478725;51827257;36655572;1757261;39979042
FR;0;2022-05-31;1489;2497;9816;35652;9637;54480214;51829754;36665388;1792913;39988679
FR;0;2022-06-01;1723;3089;11016;24524;10882;54481937;51832843;36676404;1817437;39999561
FR;0;2022-06-02;1472;2605;11303;35543;10857;54483409;51835448;36687707;1852980;40010418
FR;0;2022-06-03;1723;3064;13384;38710;12747;54485132;51838512;36701091;1891690;40023165
FR;0;2022-06-04;969;1515;5042;9109;5113;54486101;51840027;36706133;1900799;40028278
FR;0;2022-06-05;176;333;875;1106;884;54486277;51840360;36707008;1901905;40029162
FR;0;2022-06-06;465;1171;2114;1268;2128;54486742;51841531;36709122;1903173;40031290
FR;0;2022-06-07;1388;2686;9849;35580;9428;54488130;51844217;36718971;1938753;40040718
FR;0;2022-06-08;1556;2689;9162;28714;9003;54489686;51846906;36728133;1967467;40049721
FR;0;2022-06-09;1286;2434;10613;39479;10258;54490972;51849340;36738746;2006946;40059979
FR;0;2022-06-10;1625;2974;13073;44792;12619;54492597;51852314;36751819;2051738;40072598
FR;0;2022-06-11;957;1735;5433;11621;5465;54493554;51854049;36757252;2063359;40078063
FR;0;2022-06-12;197;441;1072;1761;1133;54493751;51854490;36758324;2065120;40079196
FR;0;2022-06-13;1085;2054;7429;23177;7260;54494836;51856544;36765753;2088297;40086456
FR;0;2022-06-14;1315;2513;10446;44931;9802;54496151;51859057;36776199;2133228;40096258
FR;0;2022-06-15;1507;2442;9317;30877;8947;54497658;51861499;36785516;2164105;40105205
FR;0;2022-06-16;1178;2030;9905;39885;9314;54498836;51863529;36795421;2203990;40114519
FR;0;2022-06-17;1483;2839;12468;46623;11894;54500319;51866368;36807889;2250613;40126413
FR;0;2022-06-18;852;1518;4563;11124;4497;54501171;51867886;36812452;2261737;40130910
FR;0;2022-06-19;183;363;1058;1615;1130;54501354;51868249;36813510;2263352;40132040
FR;0;2022-06-20;1021;1916;8905;26066;8565;54502375;51870165;36822415;2289418;40140605
FR;0;2022-06-21;1323;2396;10301;49883;9329;54503698;51872561;36832716;2339301;40149934
FR;0;2022-06-22;1386;2496;8910;39036;8416;54505084;51875057;36841626;2378337;40158350
FR;0;2022-06-23;1225;2355;10674;55078;9882;54506309;51877412;36852300;2433415;40168232
FR;0;2022-06-24;1485;2981;13640;69156;12300;54507794;51880393;36865940;2502571;40180532
FR;0;2022-06-25;936;1777;6228;19914;5982;54508730;51882170;36872168;2522485;40186514
FR;0;2022-06-26;228;460;1953;3688;1817;54508958;51882630;36874121;2526173;40188331
FR;0;2022-06-27;1127;2014;10492;48475;9633;54510085;51884644;36884613;2574648;40197964
FR;0;2022-06-28;1453;2808;14661;91347;13081;54511538;51887452;36899274;2665995;40211045
FR;0;2022-06-29;1708;2823;12291;71869;11238;54513246;51890275;36911565;2737864;40222283
FR;0;2022-06-30;1525;2696;14386;95149;12466;54514771;51892971;36925951;2833013;40234749
FR;0;2022-07-01;1989;3791;21489;115920;18842;54516760;51896762;36947440;2948933;40253591
FR;0;2022-07-02;1082;1854;8522;35749;7700;54517842;51898616;36955962;2984682;40261291
FR;0;2022-07-03;290;538;2091;6452;1893;54518132;51899154;36958053;2991134;40263184
FR;0;2022-07-04;1649;3213;14692;79200;12966;54519781;51902367;36972745;3070334;40276150
FR;0;2022-07-05;1709;3114;18826;133228;16003;54521490;51905481;36991571;3203562;40292153
FR;0;2022-07-06;1817;2765;15847;99555;13634;54523307;51908246;37007418;3303117;40305787
FR;0;2022-07-07;1707;2862;17991;126001;14769;54525014;51911108;37025409;3429118;40320556
FR;0;2022-07-08;1886;3141;20748;137066;16759;54526900;51914249;37046157;3566184;40337315
FR;0;2022-07-09;865;1454;7738;37920;6684;54527765;51915703;37053895;3604104;40343999
FR;0;2022-07-10;262;524;2344;7002;2125;54528027;51916227;37056239;3611106;40346124
FR;0;2022-07-11;1425;2452;15013;88253;12499;54529452;51918679;37071252;3699359;40358623
FR;0;2022-07-12;1793;3089;20524;143935;16717;54531245;51921768;37091776;3843294;40375340
FR;0;2022-07-13;1729;2721;15685;94521;13259;54532974;51924489;37107461;3937815;40388599
FR;0;2022-07-14;182;364;1952;5533;1831;54533156;51924853;37109413;3943348;40390430
FR;0;2022-07-15;1475;2551;15112;84438;12595;54534631;51927404;37124525;4027786;40403025
FR;0;2022-07-16;617;1176;5946;24974;5153;54535248;51928580;37130471;4052760;40408178
FR;0;2022-07-17;176;389;1736;4661;1566;54535424;51928969;37132207;4057421;40409744
FR;0;2022-07-18;1130;2239;11818;61794;9966;54536554;51931208;37144025;4119215;40419710
FR;0;2022-07-19;1415;2341;15467;103665;12289;54537969;51933549;37159492;4222880;40431999
FR;0;2022-07-20;1416;2284;12951;77551;10728;54539385;51935833;37172443;4300431;40442727
FR;0;2022-07-21;1280;2157;13083;88202;10487;54540665;51937990;37185526;4388633;40453214
FR;0;2022-07-22;1396;2445;14798;89451;11942;54542061;51940435;37200324;4478084;40465156
FR;0;2022-07-23;670;1301;5527;22475;4852;54542731;51941736;37205851;4500559;40470008
FR;0;2022-07-24;183;349;1397;3900;1238;54542914;51942085;37207248;4504459;40471246
FR;0;2022-07-25;1052;1785;9485;48058;7833;54543966;51943870;37216733;4552517;40479079
FR;0;2022-07-26;1287;2204;13296;85407;10821;54545253;51946074;37230029;4637924;40489900
FR;0;2022-07-27;1217;1997;10220;61224;8509;54546470;51948071;37240249;4699148;40498409
FR;0;2022-07-28;1088;1858;10304;64373;8212;54547558;51949929;37250553;4763521;40506621
FR;0;2022-07-29;1281;2040;10986;65810;8744;54548839;51951969;37261539;4829331;40515365
FR;0;2022-07-30;498;853;3517;15275;2970;54549337;51952822;37265056;4844606;40518335
FR;0;2022-07-31;151;288;929;2437;788;54549488;51953110;37265985;4847043;40519123
FR;0;2022-08-01;835;1507;7577;30228;6374;54550323;51954617;37273562;4877271;40525497
FR;0;2022-08-02;1020;1630;8563;56076;6872;54551343;51956247;37282125;4933347;40532369
FR;0;2022-08-03;831;1249;6403;38664;5124;54552174;51957496;37288528;4972011;40537493
FR;0;2022-08-04;728;1179;6563;43110;5290;54552902;51958675;37295091;5015121;40542783
FR;0;2022-08-05;850;1354;7086;44918;5656;54553752;51960029;37302177;5060039;40548439
FR;0;2022-08-06;337;553;2098;9366;1756;54554089;51960582;37304275;5069405;40550195
FR;0;2022-08-07;102;155;535;1621;453;54554191;51960737;37304810;5071026;40550648
FR;0;2022-08-08;558;962;4011;22091;3269;54554749;51961699;37308821;5093117;40553917
FR;0;2022-08-09;685;1133;5962;39933;4792;54555434;51962832;37314783;5133050;40558709
FR;0;2022-08-10;629;1109;4652;28033;3788;54556063;51963941;37319435;5161083;40562497
FR;0;2022-08-11;612;1019;4479;29226;3698;54556675;51964960;37323914;5190309;40566195
FR;0;2022-08-12;705;1139;4739;28202;3911;54557380;51966099;37328653;5218511;40570106
FR;0;2022-08-13;211;406;1294;5253;1116;54557591;51966505;37329947;5223764;40571222
FR;0;2022-08-14;70;120;287;923;245;54557661;51966625;37330234;5224687;40571467
FR;0;2022-08-15;79;174;602;562;549;54557740;51966799;37330836;5225249;40572016
FR;0;2022-08-16;617;1051;3950;22165;3341;54558357;51967850;37334786;5247414;40575357
FR;0;2022-08-17;628;1010;3883;22854;3287;54558985;51968860;37338669;5270268;40578644
FR;0;2022-08-18;610;975;4084;26277;3225;54559595;51969835;37342753;5296545;40581869
FR;0;2022-08-19;601;1148;4480;27219;3682;54560196;51970983;37347233;5323764;40585551
FR;0;2022-08-20;289;490;1351;5561;1165;54560485;51971473;37348584;5329325;40586716
FR;0;2022-08-21;94;133;299;1007;263;54560579;51971606;37348883;5330332;40586979
FR;0;2022-08-22;544;976;3270;15344;2792;54561123;51972582;37352153;5345676;40589771
FR;0;2022-08-23;710;1169;4292;28988;3607;54561833;51973751;37356445;5374664;40593378
FR;0;2022-08-24;655;927;3488;19527;2850;54562488;51974678;37359933;5394191;40596228
FR;0;2022-08-25;621;1008;3930;23391;3277;54563109;51975686;37363863;5417582;40599505
FR;0;2022-08-26;848;1249;4472;25876;3662;54563957;51976935;37368335;5443458;40603167
FR;0;2022-08-27;292;494;1377;5462;1243;54564249;51977429;37369712;5448920;40604410
FR;0;2022-08-28;123;159;303;915;288;54564372;51977588;37370015;5449835;40604698
FR;0;2022-08-29;616;961;3068;14630;2604;54564988;51978549;37373083;5464465;40607302
FR;0;2022-08-30;840;1205;4784;28525;3906;54565828;51979754;37377867;5492990;40611208
FR;0;2022-08-31;684;943;3192;17619;2703;54566512;51980697;37381059;5510609;40613911
FR;0;2022-09-01;715;975;4465;22457;3811;54567227;51981672;37385524;5533066;40617722
FR;0;2022-09-02;862;1131;5034;28604;4246;54568089;51982803;37390558;5561670;40621968
FR;0;2022-09-03;416;555;1915;6078;1656;54568505;51983358;37392473;5567748;40623624
FR;0;2022-09-04;130;149;351;873;347;54568635;51983507;37392824;5568621;40623971
FR;0;2022-09-05;614;687;3125;16049;2603;54569249;51984194;37395949;5584670;40626574
FR;0;2022-09-06;791;1009;4716;31807;3850;54570040;51985203;37400665;5616477;40630424
FR;0;2022-09-07;640;763;2991;16813;2470;54570680;51985966;37403656;5633290;40632894
FR;0;2022-09-08;615;847;3798;24839;3132;54571295;51986813;37407454;5658129;40636026
FR;0;2022-09-09;829;1005;4424;27589;3662;54572124;51987818;37411878;5685718;40639688
FR;0;2022-09-10;383;532;1729;5698;1529;54572507;51988350;37413607;5691416;40641217
FR;0;2022-09-11;122;129;319;655;303;54572629;51988479;37413926;5692071;40641520
FR;0;2022-09-12;485;609;2679;13271;2284;54573114;51989088;37416605;5705342;40643804
FR;0;2022-09-13;608;828;3981;26413;3433;54573722;51989916;37420586;5731755;40647237
FR;0;2022-09-14;649;764;2948;16171;2460;54574371;51990680;37423534;5747926;40649697
FR;0;2022-09-15;551;768;3454;23514;2916;54574922;51991448;37426988;5771440;40652613
FR;0;2022-09-16;784;1023;4128;25845;3467;54575706;51992471;37431116;5797285;40656080
FR;0;2022-09-17;383;487;1446;6141;1275;54576089;51992958;37432562;5803426;40657355
FR;0;2022-09-18;115;138;323;960;291;54576204;51993096;37432885;5804386;40657646
FR;0;2022-09-19;444;628;2251;13188;1926;54576648;51993724;37435136;5817574;40659572
FR;0;2022-09-20;631;859;3771;26407;3142;54577279;51994583;37438907;5843981;40662714
FR;0;2022-09-21;575;762;2734;16256;2348;54577854;51995345;37441641;5860237;40665062
FR;0;2022-09-22;580;816;3392;23550;2766;54578434;51996161;37445033;5883787;40667828
FR;0;2022-09-23;820;1029;4487;28682;3755;54579254;51997190;37449520;5912469;40671583
FR;0;2022-09-24;423;607;1637;6890;1410;54579677;51997797;37451157;5919359;40672993
FR;0;2022-09-25;98;186;335;1101;306;54579775;51997983;37451492;5920460;40673299
FR;0;2022-09-26;431;690;2270;13476;2005;54580206;51998673;37453762;5933936;40675304
FR;0;2022-09-27;605;830;3619;25931;2906;54580811;51999503;37457381;5959867;40678210
FR;0;2022-09-28;624;812;2548;15384;2294;54581435;52000315;37459929;5975251;40680504
FR;0;2022-09-29;561;755;3108;21010;2622;54581996;52001070;37463037;5996261;40683126
FR;0;2022-09-30;765;1083;3943;25529;3287;54582761;52002153;37466980;6021790;40686413
FR;0;2022-10-01;405;606;1969;5961;1701;54583166;52002759;37468949;6027751;40688114
FR;0;2022-10-02;56;130;217;638;212;54583222;52002889;37469166;6028389;40688326
FR;0;2022-10-03;451;640;2404;12009;2112;54583673;52003529;37471570;6040398;40690438
FR;0;2022-10-04;608;765;3376;23493;2762;54584281;52004294;37474946;6063891;40693200
FR;0;2022-10-05;538;800;2424;14580;2140;54584819;52005094;37477370;6078471;40695340
FR;0;2022-10-06;529;694;3073;21649;2505;54585348;52005788;37480443;6100120;40697845
FR;0;2022-10-07;714;971;4117;30277;3462;54586062;52006759;37484560;6130397;40701307
FR;0;2022-10-08;342;509;1646;8417;1406;54586404;52007268;37486206;6138814;40702713
FR;0;2022-10-09;107;135;335;1585;310;54586511;52007403;37486541;6140399;40703023
FR;0;2022-10-10;468;689;2899;20467;2485;54586979;52008092;37489440;6160866;40705508
FR;0;2022-10-11;564;779;4246;40159;3542;54587543;52008871;37493686;6201025;40709050
FR;0;2022-10-12;556;785;3228;26659;2736;54588099;52009656;37496914;6227684;40711786
FR;0;2022-10-13;597;737;3985;38338;3104;54588696;52010393;37500899;6266022;40714890
FR;0;2022-10-14;744;1031;4857;47599;3937;54589440;52011424;37505756;6313621;40718827
FR;0;2022-10-15;343;489;1843;11828;1602;54589783;52011913;37507599;6325449;40720429
FR;0;2022-10-16;91;123;366;1955;348;54589874;52012036;37507965;6327404;40720777
FR;0;2022-10-17;426;682;3023;26368;2462;54590300;52012718;37510988;6353772;40723239
FR;0;2022-10-18;594;720;4678;45919;3730;54590894;52013438;37515666;6399691;40726969
FR;0;2022-10-19;536;760;3611;34189;3035;54591430;52014198;37519277;6433880;40730004
FR;0;2022-10-20;576;749;4799;49223;3661;54592006;52014947;37524076;6483103;40733665
FR;0;2022-10-21;678;967;5664;56871;4473;54592684;52015914;37529740;6539974;40738138
FR;0;2022-10-22;327;392;1646;12901;1310;54593011;52016306;37531386;6552875;40739448
FR;0;2022-10-23;91;97;349;2050;265;54593102;52016403;37531735;6554925;40739713
FR;0;2022-10-24;539;580;3115;26961;2630;54593641;52016983;37534850;6581886;40742343
FR;0;2022-10-25;583;707;4831;48770;3695;54594224;52017690;37539681;6630656;40746038
FR;0;2022-10-26;518;627;3421;32281;2851;54594742;52018317;37543102;6662937;40748889
FR;0;2022-10-27;580;671;4039;40502;3286;54595322;52018988;37547141;6703439;40752175
FR;0;2022-10-28;686;833;4563;43874;3456;54596008;52019821;37551704;6747313;40755631
FR;0;2022-10-29;247;352;1312;9451;1069;54596255;52020173;37553016;6756764;40756700
FR;0;2022-10-30;86;109;278;1559;243;54596341;52020282;37553294;6758323;40756943
FR;0;2022-10-31;373;463;2053;15933;1602;54596714;52020745;37555347;6774256;40758545
FR;0;2022-11-01;47;88;626;1018;647;54596761;52020833;37555973;6775274;40759192
FR;0;2022-11-02;473;636;2915;25090;2465;54597234;52021469;37558888;6800364;40761657
FR;0;2022-11-03;619;669;4017;39461;3023;54597853;52022138;37562905;6839825;40764680
FR;0;2022-11-04;628;802;4330;43360;3429;54598481;52022940;37567235;6883185;40768109
FR;0;2022-11-05;241;345;1339;9638;1059;54598722;52023285;37568574;6892823;40769168
FR;0;2022-11-06;85;107;258;1565;244;54598807;52023392;37568832;6894388;40769412
FR;0;2022-11-07;437;504;2611;26130;2074;54599244;52023896;37571443;6920518;40771486
FR;0;2022-11-08;569;744;4777;51248;3633;54599813;52024640;37576220;6971766;40775119
FR;0;2022-11-09;485;628;3241;31185;2587;54600298;52025268;37579461;7002951;40777706
FR;0;2022-11-10;572;829;4370;42925;3421;54600870;52026097;37583831;7045876;40781127
FR;0;2022-11-11;61;97;300;1602;250;54600931;52026194;37584131;7047478;40781377
FR;0;2022-11-12;191;292;1051;7021;830;54601122;52026486;37585182;7054499;40782207
FR;0;2022-11-13;58;79;231;1184;197;54601180;52026565;37585413;7055683;40782404
FR;0;2022-11-14;413;492;2464;23391;1949;54601593;52027057;37587877;7079074;40784353
FR;0;2022-11-15;553;646;4092;44021;3111;54602146;52027703;37591969;7123095;40787464
FR;0;2022-11-16;511;580;2861;27666;2376;54602657;52028283;37594830;7150761;40789840
FR;0;2022-11-17;518;607;3587;38038;2741;54603175;52028890;37598417;7188799;40792581
FR;0;2022-11-18;581;729;4359;43955;3215;54603756;52029619;37602776;7232754;40795796
FR;0;2022-11-19;248;306;1372;9528;949;54604004;52029925;37604148;7242282;40796745
FR;0;2022-11-20;59;71;269;1596;226;54604063;52029996;37604417;7243878;40796971
FR;0;2022-11-21;399;472;2200;20237;1667;54604462;52030468;37606617;7264115;40798638
FR;0;2022-11-22;464;483;3498;36796;2623;54604926;52030951;37610115;7300911;40801261
