fra;vaccin;jour;n_dose1;n_dose2;n_dose3;n_dose4;n_complet;n_rappel;n_2_rappel;n_rappel_biv;n_3_rappel;n_cum_dose1;n_cum_dose2;n_cum_dose3;n_cum_dose4;n_cum_complet;n_cum_rappel;n_cum_2_rappel;n_cum_rappel_biv;n_cum_3_rappel
FR;1;2020-12-27;616;0;0;0;55;0;0;0;0;616;0;0;0;55;0;0;0;0
FR;1;2020-12-28;702;1;0;0;43;0;0;0;0;1318;1;0;0;98;0;0;0;0
FR;1;2020-12-29;387;0;0;0;19;0;0;0;0;1705;1;0;0;117;0;0;0;0
FR;1;2020-12-30;450;0;0;0;18;0;0;0;0;2155;1;0;0;135;0;0;0;0
FR;1;2020-12-31;447;1;0;0;23;0;0;0;0;2602;2;0;0;158;0;0;0;0
FR;1;2021-01-01;1188;2;0;0;65;0;0;0;0;3790;4;0;0;223;0;0;0;0
FR;1;2021-01-02;366;4;0;0;29;0;0;0;0;4156;8;0;0;252;0;0;0;0
FR;1;2021-01-03;415;0;0;0;23;0;0;0;0;4571;8;0;0;275;0;0;0;0
FR;1;2021-01-04;2131;4;0;0;50;0;0;0;0;6702;12;0;0;325;0;0;0;0
FR;1;2021-01-05;7765;6;0;0;128;0;0;0;0;14467;18;0;0;453;0;0;0;0
FR;1;2021-01-06;12470;23;0;0;127;0;0;0;0;26937;41;0;0;580;0;0;0;0
FR;1;2021-01-07;29475;23;0;0;159;0;0;0;0;56412;64;0;0;739;0;0;0;0
FR;1;2021-01-08;37165;34;0;0;203;0;0;0;0;93577;98;0;0;942;0;0;0;0
FR;1;2021-01-09;11220;9;0;0;77;0;0;0;0;104797;107;0;0;1019;0;0;0;0
FR;1;2021-01-10;6012;8;0;0;28;0;0;0;0;110809;115;0;0;1047;0;0;0;0
FR;1;2021-01-11;39952;37;0;0;230;0;0;0;0;150761;152;0;0;1277;0;0;0;0
FR;1;2021-01-12;62156;28;0;0;296;0;0;0;0;212917;180;0;0;1573;0;0;0;0
FR;1;2021-01-13;65146;62;0;0;434;0;0;0;0;278063;242;0;0;2007;0;0;0;0
FR;1;2021-01-14;81465;239;0;0;958;0;0;0;0;359528;481;0;0;2965;0;0;0;0
FR;1;2021-01-15;68630;95;0;0;526;0;0;0;0;428158;576;0;0;3491;0;0;0;0
FR;1;2021-01-16;19903;73;0;0;172;0;0;0;0;448061;649;0;0;3663;0;0;0;0
FR;1;2021-01-17;10906;54;0;0;131;0;0;0;0;458967;703;0;0;3794;0;0;0;0
FR;1;2021-01-18;82843;177;0;0;590;0;0;0;0;541810;880;0;0;4384;0;0;0;0
FR;1;2021-01-19;125933;208;0;0;837;0;0;0;0;667743;1088;0;0;5221;0;0;0;0
FR;1;2021-01-20;132426;188;0;0;778;0;0;0;0;800169;1276;0;0;5999;0;0;0;0
FR;1;2021-01-21;153079;189;0;0;889;0;0;0;0;953248;1465;0;0;6888;0;0;0;0
FR;1;2021-01-22;115964;238;0;0;776;0;0;0;0;1069212;1703;0;0;7664;0;0;0;0
FR;1;2021-01-23;36616;79;0;0;202;0;0;0;0;1105828;1782;0;0;7866;0;0;0;0
FR;1;2021-01-24;9587;127;0;0;186;0;0;0;0;1115415;1909;0;0;8052;0;0;0;0
FR;1;2021-01-25;74436;1442;0;0;1761;0;0;0;0;1189851;3351;0;0;9813;0;0;0;0
FR;1;2021-01-26;96465;3686;1;0;4129;0;0;0;0;1286316;7037;1;0;13942;0;0;0;0
FR;1;2021-01-27;103656;6406;0;0;7089;0;0;0;0;1389972;13443;1;0;21031;0;0;0;0
FR;1;2021-01-28;120622;16364;0;0;17153;0;0;0;0;1510594;29807;1;0;38184;0;0;0;0
FR;1;2021-01-29;88901;18711;0;0;19249;0;0;0;0;1599495;48518;1;0;57433;0;0;0;0
FR;1;2021-01-30;27995;4512;0;0;4635;0;0;0;0;1627490;53030;1;0;62068;0;0;0;0
FR;1;2021-01-31;5194;1899;0;0;1937;0;0;0;0;1632684;54929;1;0;64005;0;0;0;0
FR;1;2021-02-01;49746;22923;0;0;23158;0;0;0;0;1682430;77852;1;0;87163;0;0;0;0
FR;1;2021-02-02;67837;38001;0;0;38457;0;0;0;0;1750267;115853;1;0;125620;0;0;0;0
FR;1;2021-02-03;67104;40063;0;0;40492;0;0;0;0;1817371;155916;1;0;166112;0;0;0;0
FR;1;2021-02-04;77149;54868;0;0;55435;0;0;0;0;1894520;210784;1;0;221547;0;0;0;0
FR;1;2021-02-05;63433;48048;0;0;48447;0;0;0;0;1957953;258832;1;0;269994;0;0;0;0
FR;1;2021-02-06;19427;11397;0;0;11504;0;0;0;0;1977380;270229;1;0;281498;0;0;0;0
FR;1;2021-02-07;3669;6030;0;0;6057;0;0;0;0;1981049;276259;1;0;287555;0;0;0;0
FR;1;2021-02-08;36507;48656;0;0;48896;0;0;0;0;2017556;324915;1;0;336451;0;0;0;0
FR;1;2021-02-09;50821;78109;0;0;78631;0;0;0;0;2068377;403024;1;0;415082;0;0;0;0
FR;1;2021-02-10;52078;83114;0;0;83589;0;0;0;0;2120455;486138;1;0;498671;0;0;0;0
FR;1;2021-02-11;63394;105101;0;0;105985;0;0;0;0;2183849;591239;1;0;604656;0;0;0;0
FR;1;2021-02-12;55882;75700;0;0;76376;0;0;0;0;2239731;666939;1;0;681032;0;0;0;0
FR;1;2021-02-13;15468;19308;0;0;19419;0;0;0;0;2255199;686247;1;0;700451;0;0;0;0
FR;1;2021-02-14;3747;7360;0;0;7425;0;0;0;0;2258946;693607;1;0;707876;0;0;0;0
FR;1;2021-02-15;24171;73611;0;0;73851;0;0;0;0;2283117;767218;1;0;781727;0;0;0;0
FR;1;2021-02-16;32784;95587;0;0;95975;0;0;0;0;2315901;862805;1;0;877702;0;0;0;0
FR;1;2021-02-17;35132;102220;20;0;102865;0;0;0;0;2351033;965025;21;0;980567;0;0;0;0
FR;1;2021-02-18;49463;118306;0;0;119284;0;0;0;0;2400496;1083331;21;0;1099851;0;0;0;0
FR;1;2021-02-19;45395;87663;1;0;88596;0;0;0;0;2445891;1170994;22;0;1188447;0;0;0;0
FR;1;2021-02-20;13398;27043;0;0;27217;0;0;0;0;2459289;1198037;22;0;1215664;0;0;0;0
FR;1;2021-02-21;2469;5983;0;0;6051;0;0;0;0;2461758;1204020;22;0;1221715;0;0;0;0
FR;1;2021-02-22;24723;69415;2;0;69707;0;0;0;0;2486481;1273435;24;0;1291422;0;0;0;0
FR;1;2021-02-23;37439;81481;1;0;82172;0;0;0;0;2523920;1354916;25;0;1373594;0;0;0;0
FR;1;2021-02-24;40711;79283;1;0;79979;0;0;0;0;2564631;1434199;26;0;1453573;0;0;0;0
FR;1;2021-02-25;50172;87843;1;0;88925;0;0;0;0;2614803;1522042;27;0;1542498;0;0;0;0
FR;1;2021-02-26;47231;67570;1;0;68442;0;0;0;0;2662034;1589612;28;0;1610940;0;0;0;0
FR;1;2021-02-27;15689;21339;1;0;21548;0;0;0;0;2677723;1610951;29;0;1632488;0;0;0;0
FR;1;2021-02-28;3565;4110;2;0;4182;0;0;0;0;2681288;1615061;31;0;1636670;0;0;0;0
FR;1;2021-03-01;40223;50292;1;0;51018;0;0;0;0;2721511;1665353;32;0;1687688;0;0;0;0
FR;1;2021-03-02;55992;62416;3;0;63591;0;0;0;0;2777503;1727769;35;0;1751279;0;0;0;0
FR;1;2021-03-03;61262;60482;0;0;61909;0;0;0;0;2838765;1788251;35;0;1813188;0;0;0;0
FR;1;2021-03-04;73018;68285;3;0;70494;0;0;0;0;2911783;1856536;38;0;1883682;0;0;0;0
FR;1;2021-03-05;74783;58632;3;0;60527;0;0;0;0;2986566;1915168;41;0;1944209;0;0;0;0
FR;1;2021-03-06;82467;15757;2;0;17462;0;0;0;0;3069033;1930925;43;0;1961671;0;0;0;0
FR;1;2021-03-07;63733;3977;1;0;5521;0;0;0;0;3132766;1934902;44;0;1967192;0;0;0;0
FR;1;2021-03-08;60193;41181;2;0;42462;0;0;0;0;3192959;1976083;46;0;2009654;0;0;0;0
FR;1;2021-03-09;86011;47430;1;0;49421;0;0;0;0;3278970;2023513;47;0;2059075;0;0;0;0
FR;1;2021-03-10;90945;47787;5;0;50050;0;0;0;0;3369915;2071300;52;0;2109125;0;0;0;0
FR;1;2021-03-11;105103;54567;1;0;57631;0;0;0;0;3475018;2125867;53;0;2166756;0;0;0;0
FR;1;2021-03-12;104162;44896;1;0;47893;0;0;0;0;3579180;2170763;54;0;2214649;0;0;0;0
FR;1;2021-03-13;89222;12599;1;0;14816;0;0;0;0;3668402;2183362;55;0;2229465;0;0;0;0
FR;1;2021-03-14;44461;2685;1;0;4017;0;0;0;0;3712863;2186047;56;0;2233482;0;0;0;0
FR;1;2021-03-15;95537;27990;3;0;30334;0;0;0;0;3808400;2214037;59;0;2263816;0;0;0;0
FR;1;2021-03-16;123604;34052;5;0;37594;0;0;0;0;3932004;2248089;64;0;2301410;0;0;0;0
FR;1;2021-03-17;129324;33558;4;0;37610;0;0;0;0;4061328;2281647;68;0;2339020;0;0;0;0
FR;1;2021-03-18;142918;39220;5;0;43891;0;0;0;0;4204246;2320867;73;0;2382911;0;0;0;0
FR;1;2021-03-19;136277;32000;2;0;36590;0;0;0;0;4340523;2352867;75;0;2419501;0;0;0;0
FR;1;2021-03-20;76024;9764;1;0;11981;0;0;0;0;4416547;2362631;76;0;2431482;0;0;0;0
FR;1;2021-03-21;26519;1992;1;0;2981;0;0;0;0;4443066;2364623;77;0;2434463;0;0;0;0
FR;1;2021-03-22;114776;30252;2;0;34075;0;0;0;0;4557842;2394875;79;0;2468538;0;0;0;0
FR;1;2021-03-23;143057;38029;1;0;42815;0;0;0;0;4700899;2432904;80;0;2511353;0;0;0;0
FR;1;2021-03-24;142025;38367;0;0;43229;0;0;0;0;4842924;2471271;80;0;2554582;0;0;0;0
FR;1;2021-03-25;165037;39854;4;0;46008;0;0;0;0;5007961;2511125;84;0;2600590;0;0;0;0
FR;1;2021-03-26;166419;37404;5;1;44014;0;0;0;0;5174380;2548529;89;1;2644604;0;0;0;0
FR;1;2021-03-27;110904;15471;1;0;19481;0;0;0;0;5285284;2564000;90;1;2664085;0;0;0;0
FR;1;2021-03-28;42311;4399;3;0;5954;0;0;0;0;5327595;2568399;93;1;2670039;0;0;0;0
FR;1;2021-03-29;129845;49008;4;0;53662;0;0;0;0;5457440;2617407;97;1;2723701;0;0;0;0
FR;1;2021-03-30;167745;63797;5;0;70804;0;0;0;0;5625185;2681204;102;1;2794505;0;0;0;0
FR;1;2021-03-31;170968;67941;4;0;75471;0;0;0;0;5796153;2749145;106;1;2869976;0;0;0;0
FR;1;2021-04-01;194869;83944;10;0;93439;0;0;0;0;5991022;2833089;116;1;2963415;0;0;0;0
FR;1;2021-04-02;164470;86776;7;0;94591;0;0;0;0;6155492;2919865;123;1;3058006;0;0;0;0
FR;1;2021-04-03;88258;58192;6;0;61735;0;0;0;0;6243750;2978057;129;1;3119741;0;0;0;0
FR;1;2021-04-04;33660;17721;0;0;19219;0;0;0;0;6277410;2995778;129;1;3138960;0;0;0;0
FR;1;2021-04-05;46425;9589;11;0;11466;0;0;0;0;6323835;3005367;140;1;3150426;0;0;0;0
FR;1;2021-04-06;160343;105506;17;0;111974;0;0;0;0;6484178;3110873;157;1;3262400;0;0;0;0
FR;1;2021-04-07;197033;108100;16;0;116922;0;0;0;0;6681211;3218973;173;1;3379322;0;0;0;0
FR;1;2021-04-08;222185;114237;14;0;125579;0;0;0;0;6903396;3333210;187;1;3504901;0;0;0;0
FR;1;2021-04-09;214605;108019;21;0;118904;0;0;0;0;7118001;3441229;208;1;3623805;0;0;0;0
FR;1;2021-04-10;117204;73228;14;0;78369;0;0;0;0;7235205;3514457;222;1;3702174;0;0;0;0
FR;1;2021-04-11;40901;29894;6;0;31797;0;0;0;0;7276106;3544351;228;1;3733971;0;0;0;0
FR;1;2021-04-12;168502;104558;46;0;111790;0;0;0;0;7444608;3648909;274;1;3845761;0;0;0;0
FR;1;2021-04-13;203840;127790;97;1;137123;0;0;0;0;7648448;3776699;371;2;3982884;0;0;0;0
FR;1;2021-04-14;208667;122948;208;0;133171;0;0;0;0;7857115;3899647;579;2;4116055;0;0;0;0
FR;1;2021-04-15;221729;128152;313;0;139184;0;0;0;0;8078844;4027799;892;2;4255239;0;0;0;0
FR;1;2021-04-16;206105;125757;309;0;135424;0;0;0;0;8284949;4153556;1201;2;4390663;0;0;0;0
FR;1;2021-04-17;122111;67119;103;0;72178;0;0;0;0;8407060;4220675;1304;2;4462841;0;0;0;0
FR;1;2021-04-18;35976;21007;42;0;22713;0;0;0;0;8443036;4241682;1346;2;4485554;0;0;0;0
FR;1;2021-04-19;163775;121589;432;0;129128;0;0;0;0;8606811;4363271;1778;2;4614682;0;0;0;0
FR;1;2021-04-20;189478;149682;531;0;158803;0;0;0;0;8796289;4512953;2309;2;4773485;0;0;0;0
FR;1;2021-04-21;194041;147676;760;0;157196;0;0;0;0;8990330;4660629;3069;2;4930681;0;0;0;0
FR;1;2021-04-22;209072;164491;778;0;175718;0;0;0;0;9199402;4825120;3847;2;5106399;0;0;0;0
FR;1;2021-04-23;198985;158030;671;0;169040;0;0;0;0;9398387;4983150;4518;2;5275439;0;0;0;0
FR;1;2021-04-24;126351;95858;148;0;101926;0;0;0;0;9524738;5079008;4666;2;5377365;0;0;0;0
FR;1;2021-04-25;53639;30071;46;0;32829;0;0;0;0;9578377;5109079;4712;2;5410194;0;0;0;0
FR;1;2021-04-26;181170;140206;542;0;148920;0;0;0;0;9759547;5249285;5254;2;5559114;0;0;0;0
FR;1;2021-04-27;221398;162552;901;0;173925;0;0;0;0;9980945;5411837;6155;2;5733039;0;0;0;0
FR;1;2021-04-28;238342;156128;1314;1;168808;1;0;0;0;10219287;5567965;7469;3;5901847;1;0;0;0
FR;1;2021-04-29;270335;161547;1211;0;177152;0;0;0;0;10489622;5729512;8680;3;6078999;1;0;0;0
FR;1;2021-04-30;272015;148958;1073;0;165062;0;0;0;0;10761637;5878470;9753;3;6244061;1;0;0;0
FR;1;2021-05-01;141176;40609;173;0;48636;0;0;0;0;10902813;5919079;9926;3;6292697;1;0;0;0
FR;1;2021-05-02;81561;28220;81;0;32975;0;0;0;0;10984374;5947299;10007;3;6325672;1;0;0;0
FR;1;2021-05-03;250809;142369;803;0;156060;0;0;0;0;11235183;6089668;10810;3;6481732;1;0;0;0
FR;1;2021-05-04;265922;187925;1202;0;203501;0;0;0;0;11501105;6277593;12012;3;6685233;1;0;0;0
FR;1;2021-05-05;283935;186143;1268;0;202797;0;0;0;0;11785040;6463736;13280;3;6888030;1;0;0;0
FR;1;2021-05-06;310016;184403;1502;0;204161;0;0;0;0;12095056;6648139;14782;3;7092191;1;0;0;0
FR;1;2021-05-07;284138;196651;1127;0;214467;0;0;0;0;12379194;6844790;15909;3;7306658;1;0;0;0
FR;1;2021-05-08;191677;51386;285;0;62770;0;0;0;0;12570871;6896176;16194;3;7369428;1;0;0;0
FR;1;2021-05-09;114069;34349;236;0;41521;0;0;0;0;12684940;6930525;16430;3;7410949;1;0;0;0
FR;1;2021-05-10;258232;195021;1187;0;211014;0;0;0;0;12943172;7125546;17617;3;7621963;1;0;0;0
FR;1;2021-05-11;318927;211165;1465;0;231398;0;0;0;0;13262099;7336711;19082;3;7853361;1;0;0;0
FR;1;2021-05-12;356672;186038;1401;0;208344;0;0;0;0;13618771;7522749;20483;3;8061705;1;0;0;0
FR;1;2021-05-13;283466;47354;401;0;64280;0;0;0;0;13902237;7570103;20884;3;8125985;1;0;0;0
FR;1;2021-05-14;370530;128531;995;0;151946;0;0;0;0;14272767;7698634;21879;3;8277931;1;0;0;0
FR;1;2021-05-15;298115;66196;404;0;84903;0;0;0;0;14570882;7764830;22283;3;8362834;1;0;0;0
FR;1;2021-05-16;157788;15479;158;0;26048;0;0;0;0;14728670;7780309;22441;3;8388882;1;0;0;0
FR;1;2021-05-17;318947;116185;1441;0;138154;0;0;0;0;15047617;7896494;23882;3;8527036;1;0;0;0
FR;1;2021-05-18;383365;111627;1801;0;137576;0;0;0;0;15430982;8008121;25683;3;8664612;1;0;0;0
FR;1;2021-05-19;395300;101610;2184;0;128551;0;0;0;0;15826282;8109731;27867;3;8793163;1;0;0;0
FR;1;2021-05-20;421840;95675;2049;0;125159;0;0;0;0;16248122;8205406;29916;3;8918322;1;0;0;0
FR;1;2021-05-21;399830;97393;1764;0;125804;0;0;0;0;16647952;8302799;31680;3;9044126;1;0;0;0
FR;1;2021-05-22;275706;41914;604;0;60936;0;0;0;0;16923658;8344713;32284;3;9105062;1;0;0;0
FR;1;2021-05-23;123027;10975;224;0;20580;0;0;0;0;17046685;8355688;32508;3;9125642;1;0;0;0
FR;1;2021-05-24;244023;26255;569;0;43786;0;0;0;0;17290708;8381943;33077;3;9169428;1;0;0;0
FR;1;2021-05-25;366239;131502;2115;1;158439;0;0;0;0;17656947;8513445;35192;4;9327867;1;0;0;0
FR;1;2021-05-26;380835;127320;1996;0;155662;0;0;0;0;18037782;8640765;37188;4;9483529;1;0;0;0
FR;1;2021-05-27;406181;128256;1978;0;158746;0;0;0;0;18443963;8769021;39166;4;9642275;1;0;0;0
FR;1;2021-05-28;366053;145672;1701;0;174241;0;0;0;0;18810016;8914693;40867;4;9816516;1;0;0;0
FR;1;2021-05-29;253846;81092;527;0;100292;0;0;0;0;19063862;8995785;41394;4;9916808;1;0;0;0
FR;1;2021-05-30;100980;22596;158;0;30833;0;0;0;0;19164842;9018381;41552;4;9947641;1;0;0;0
FR;1;2021-05-31;314341;149198;1286;1;172462;1;0;0;0;19479183;9167579;42838;5;10120103;2;0;0;0
FR;1;2021-06-01;361678;166412;1733;1;194119;1;0;0;0;19840861;9333991;44571;6;10314222;3;0;0;0
FR;1;2021-06-02;365413;154314;1797;0;183857;0;0;0;0;20206274;9488305;46368;6;10498079;3;0;0;0
FR;1;2021-06-03;391458;147379;1654;0;178355;0;0;0;0;20597732;9635684;48022;6;10676434;3;0;0;0
FR;1;2021-06-04;364127;175832;1496;1;205119;1;0;0;0;20961859;9811516;49518;7;10881553;4;0;0;0
FR;1;2021-06-05;258523;112801;597;0;133156;0;0;0;0;21220382;9924317;50115;7;11014709;4;0;0;0
FR;1;2021-06-06;126823;37562;215;0;48202;0;0;0;0;21347205;9961879;50330;7;11062911;4;0;0;0
FR;1;2021-06-07;301118;207758;1368;0;233042;0;0;0;0;21648323;10169637;51698;7;11295953;4;0;0;0
FR;1;2021-06-08;330873;220981;1645;0;248951;0;0;0;0;21979196;10390618;53343;7;11544904;4;0;0;0
FR;1;2021-06-09;336611;211019;1613;0;239798;0;0;0;0;22315807;10601637;54956;7;11784702;4;0;0;0
FR;1;2021-06-10;343919;199758;1614;0;229499;0;0;0;0;22659726;10801395;56570;7;12014201;4;0;0;0
FR;1;2021-06-11;311917;234712;1299;1;262619;0;0;0;0;22971643;11036107;57869;8;12276820;4;0;0;0
FR;1;2021-06-12;244096;150593;438;0;172204;0;0;0;0;23215739;11186700;58307;8;12449024;4;0;0;0
FR;1;2021-06-13;100375;61031;188;0;70692;0;0;0;0;23316114;11247731;58495;8;12519716;4;0;0;0
FR;1;2021-06-14;207862;287666;1320;1;307466;0;0;0;0;23523976;11535397;59815;9;12827182;4;0;0;0
FR;1;2021-06-15;256885;281181;1400;1;305027;0;0;0;0;23780861;11816578;61215;10;13132209;4;0;0;0
FR;1;2021-06-16;273668;270658;1263;1;296093;0;0;0;0;24054529;12087236;62478;11;13428302;4;0;0;0
FR;1;2021-06-17;268238;245004;1241;1;271071;0;0;0;0;24322767;12332240;63719;12;13699373;4;0;0;0
FR;1;2021-06-18;260621;295234;1155;1;321052;0;0;0;0;24583388;12627474;64874;13;14020425;4;0;0;0
FR;1;2021-06-19;193459;209579;388;0;228236;0;0;0;0;24776847;12837053;65262;13;14248661;4;0;0;0
FR;1;2021-06-20;69721;89035;121;0;96876;0;0;0;0;24846568;12926088;65383;13;14345537;4;0;0;0
FR;1;2021-06-21;172391;319765;934;1;338475;1;0;0;0;25018959;13245853;66317;14;14684012;5;0;0;0
FR;1;2021-06-22;185884;347990;1102;10;369046;1;0;0;0;25204843;13593843;67419;24;15053058;6;0;0;0
FR;1;2021-06-23;204225;339543;1049;0;363448;0;0;0;0;25409068;13933386;68468;24;15416506;6;0;0;0
FR;1;2021-06-24;203547;282014;1176;0;306763;0;0;0;0;25612615;14215400;69644;24;15723269;6;0;0;0
FR;1;2021-06-25;182674;371673;1200;0;395685;0;0;0;0;25795289;14587073;70844;24;16118954;6;0;0;0
FR;1;2021-06-26;131402;278550;504;0;295918;0;0;0;0;25926691;14865623;71348;24;16414872;6;0;0;0
FR;1;2021-06-27;52416;122855;146;0;130396;0;0;0;0;25979107;14988478;71494;24;16545268;6;0;0;0
FR;1;2021-06-28;136672;368206;1064;0;386807;0;0;0;0;26115779;15356684;72558;24;16932075;6;0;0;0
FR;1;2021-06-29;154908;391063;1848;0;412170;0;0;0;0;26270687;15747747;74406;24;17344245;6;0;0;0
FR;1;2021-06-30;180070;381868;1667;4;406481;2;0;0;0;26450757;16129615;76073;28;17750726;8;0;0;0
FR;1;2021-07-01;201568;332439;1890;5;360534;0;0;0;0;26652325;16462054;77963;33;18111260;8;0;0;0
FR;1;2021-07-02;193888;367273;1765;5;395486;2;0;0;0;26846213;16829327;79728;38;18506746;10;0;0;0
FR;1;2021-07-03;124484;280423;704;3;299543;1;0;0;0;26970697;17109750;80432;41;18806289;11;0;0;0
FR;1;2021-07-04;53966;113719;244;0;122132;0;0;0;0;27024663;17223469;80676;41;18928421;11;0;0;0
FR;1;2021-07-05;153971;355764;1500;8;379117;0;0;0;0;27178634;17579233;82176;49;19307538;11;0;0;0
FR;1;2021-07-06;173520;382281;1603;45;408181;8;0;0;0;27352154;17961514;83779;94;19715719;19;0;0;0
FR;1;2021-07-07;190856;362313;1659;25;390666;2;0;0;0;27543010;18323827;85438;119;20106385;21;0;0;0
FR;1;2021-07-08;201582;322941;1826;20;353606;2;0;0;0;27744592;18646768;87264;139;20459991;23;0;0;0
FR;1;2021-07-09;189989;387774;1854;3;418198;2;0;0;0;27934581;19034542;89118;142;20878189;25;0;0;0
FR;1;2021-07-10;129958;281170;818;1;302601;1;0;0;0;28064539;19315712;89936;143;21180790;26;0;0;0
FR;1;2021-07-11;57684;102521;262;0;112409;0;0;0;0;28122223;19418233;90198;143;21293199;26;0;0;0
FR;1;2021-07-12;149925;416823;1587;4;442842;0;0;0;0;28272148;19835056;91785;147;21736041;26;0;0;0
FR;1;2021-07-13;234295;439018;1808;8;476222;1;0;0;0;28506443;20274074;93593;155;22212263;27;0;0;0
FR;1;2021-07-14;171929;151339;418;0;176977;0;0;0;0;28678372;20425413;94011;155;22389240;27;0;0;0
FR;1;2021-07-15;279696;424151;1859;1;467150;0;0;0;0;28958068;20849564;95870;156;22856390;27;0;0;0
FR;1;2021-07-16;290446;400577;1711;3;445252;1;0;0;0;29248514;21250141;97581;159;23301642;28;0;0;0
FR;1;2021-07-17;217354;281971;755;1;315448;0;0;0;0;29465868;21532112;98336;160;23617090;28;0;0;0
FR;1;2021-07-18;102023;107200;288;0;123096;0;0;0;0;29567891;21639312;98624;160;23740186;28;0;0;0
FR;1;2021-07-19;238238;378403;1498;3;414473;0;0;0;0;29806129;22017715;100122;163;24154659;28;0;0;0
FR;1;2021-07-20;305769;379790;1470;0;425630;0;0;0;0;30111898;22397505;101592;163;24580289;28;0;0;0
FR;1;2021-07-21;333301;352755;1412;4;404161;1;0;0;0;30445199;22750260;103004;167;24984450;29;0;0;0
FR;1;2021-07-22;364692;318564;1502;3;375005;2;0;0;0;30809891;23068824;104506;170;25359455;31;0;0;0
FR;1;2021-07-23;349406;342817;1589;4;398383;1;0;0;0;31159297;23411641;106095;174;25757838;32;0;0;0
FR;1;2021-07-24;238965;240725;697;1;278069;0;0;0;0;31398262;23652366;106792;175;26035907;32;0;0;0
FR;1;2021-07-25;112808;76006;223;0;93709;0;0;0;0;31511070;23728372;107015;175;26129616;32;0;0;0
FR;1;2021-07-26;299144;289309;1495;2;335042;1;0;0;0;31810214;24017681;108510;177;26464658;33;0;0;0
FR;1;2021-07-27;385851;267915;1459;4;324900;1;0;0;0;32196065;24285596;109969;181;26789558;34;0;0;0
FR;1;2021-07-28;390213;250905;1463;4;307210;1;0;0;0;32586278;24536501;111432;185;27096768;35;0;0;0
FR;1;2021-07-29;406150;227607;1541;2;284337;0;0;0;0;32992428;24764108;112973;187;27381105;35;0;0;0
FR;1;2021-07-30;370751;246542;1638;4;298405;1;0;0;0;33363179;25010650;114611;191;27679510;36;0;0;0
FR;1;2021-07-31;243387;165084;794;1;199431;0;0;0;0;33606566;25175734;115405;192;27878941;36;0;0;0
FR;1;2021-08-01;105600;47211;236;0;61207;0;0;0;0;33712166;25222945;115641;192;27940148;36;0;0;0
FR;1;2021-08-02;297429;212819;1479;2;250634;0;0;0;0;34009595;25435764;117120;194;28190782;36;0;0;0
FR;1;2021-08-03;331347;208712;1557;2;250705;1;0;0;0;34340942;25644476;118677;196;28441487;37;0;0;0
FR;1;2021-08-04;328051;183841;1439;5;224011;3;0;0;0;34668993;25828317;120116;201;28665498;40;0;0;0
FR;1;2021-08-05;301289;193103;1483;0;229409;0;0;0;0;34970282;26021420;121599;201;28894907;40;0;0;0
FR;1;2021-08-06;290990;224104;1560;3;261416;0;0;0;0;35261272;26245524;123159;204;29156323;40;0;0;0
FR;1;2021-08-07;182676;158765;655;5;181688;1;0;0;0;35443948;26404289;123814;209;29338011;41;0;0;0
FR;1;2021-08-08;68890;59099;253;0;67628;0;0;0;0;35512838;26463388;124067;209;29405639;41;0;0;0
FR;1;2021-08-09;222793;235172;1445;4;263903;2;0;0;0;35735631;26698560;125512;213;29669542;43;0;0;0
FR;1;2021-08-10;252755;239850;1493;2;271705;0;0;0;0;35988386;26938410;127005;215;29941247;43;0;0;0
FR;1;2021-08-11;236249;231752;1271;5;261281;0;0;0;0;36224635;27170162;128276;220;30202528;43;0;0;0
FR;1;2021-08-12;220790;239759;1491;3;267887;0;0;0;0;36445425;27409921;129767;223;30470415;43;0;0;0
FR;1;2021-08-13;201723;238495;1360;2;264063;2;0;0;0;36647148;27648416;131127;225;30734478;45;0;0;0
FR;1;2021-08-14;122868;174036;645;0;189557;0;0;0;0;36770016;27822452;131772;225;30924035;45;0;0;0
FR;1;2021-08-15;34708;46119;201;1;50339;0;0;0;0;36804724;27868571;131973;226;30974374;45;0;0;0
FR;1;2021-08-16;156968;289352;1423;0;309949;0;0;0;0;36961692;28157923;133396;226;31284323;45;0;0;0
FR;1;2021-08-17;171618;290970;1422;5;313396;0;0;0;0;37133310;28448893;134818;231;31597719;45;0;0;0
FR;1;2021-08-18;161439;286676;1394;6;307323;3;0;0;0;37294749;28735569;136212;237;31905042;48;0;0;0
FR;1;2021-08-19;148958;277419;1405;1;297286;0;0;0;0;37443707;29012988;137617;238;32202328;48;0;0;0
FR;1;2021-08-20;140524;308931;1532;2;328186;2;0;0;0;37584231;29321919;139149;240;32530514;50;0;0;0
FR;1;2021-08-21;84281;213209;589;0;224540;0;0;0;0;37668512;29535128;139738;240;32755054;50;0;0;0
FR;1;2021-08-22;28582;82694;233;0;86700;0;0;0;0;37697094;29617822;139971;240;32841754;50;0;0;0
FR;1;2021-08-23;118667;320944;1422;2;337702;0;0;0;0;37815761;29938766;141393;242;33179456;50;0;0;0
FR;1;2021-08-24;126677;319634;1604;5;337474;0;0;0;0;37942438;30258400;142997;247;33516930;50;0;0;0
FR;1;2021-08-25;121543;306436;1781;8;323644;2;0;0;0;38063981;30564836;144778;255;33840574;52;0;0;0
FR;1;2021-08-26;106637;286058;2162;10;302383;0;0;0;0;38170618;30850894;146940;265;34142957;52;0;0;0
FR;1;2021-08-27;107659;321601;2303;9;338908;1;0;0;0;38278277;31172495;149243;274;34481865;53;0;0;0
FR;1;2021-08-28;71027;220693;1102;0;231233;0;0;0;0;38349304;31393188;150345;274;34713098;53;0;0;0
FR;1;2021-08-29;24154;78196;469;1;82089;0;0;0;0;38373458;31471384;150814;275;34795187;53;0;0;0
FR;1;2021-08-30;96901;286273;4314;6;299766;4974;0;0;0;38470359;31757657;155128;281;35094953;5027;0;0;0
FR;1;2021-08-31;98128;276240;9295;15;289915;10071;2;0;0;38568487;32033897;164423;296;35384868;15098;2;0;0
FR;1;2021-09-01;112360;245300;21121;8;257692;22159;1;0;0;38680847;32279197;185544;304;35642560;37257;3;0;0
FR;1;2021-09-02;86767;197906;24533;18;208315;25513;0;0;0;38767614;32477103;210077;322;35850875;62770;3;0;0
FR;1;2021-09-03;82429;227489;26957;21;238937;28042;0;0;0;38850043;32704592;237034;343;36089812;90812;3;0;0
FR;1;2021-09-04;71630;189715;11141;11;199311;11707;7;0;0;38921673;32894307;248175;354;36289123;102519;10;0;0
FR;1;2021-09-05;18613;41145;4126;2;43853;4278;0;0;0;38940286;32935452;252301;356;36332976;106797;10;0;0
FR;1;2021-09-06;59824;151394;30181;15;158939;31203;2;0;0;39000110;33086846;282482;371;36491915;138000;12;0;0
FR;1;2021-09-07;57400;139625;30213;30;146768;31246;2;0;0;39057510;33226471;312695;401;36638683;169246;14;0;0
FR;1;2021-09-08;72350;173791;26926;22;182287;27960;4;0;0;39129860;33400262;339621;423;36820970;197206;18;0;0
FR;1;2021-09-09;54491;124414;28634;24;131181;29744;5;0;0;39184351;33524676;368255;447;36952151;226950;23;0;0
FR;1;2021-09-10;66220;152070;30452;24;161177;31688;5;0;0;39250571;33676746;398707;471;37113328;258638;28;0;0
FR;1;2021-09-11;52690;146627;9731;14;154131;10352;0;0;0;39303261;33823373;408438;485;37267459;268990;28;0;0
FR;1;2021-09-12;10797;29271;2489;1;30971;2658;2;0;0;39314058;33852644;410927;486;37298430;271648;30;0;0
FR;1;2021-09-13;51515;104419;38764;31;110976;40082;16;0;0;39365573;33957063;449691;517;37409406;311730;46;0;0
FR;1;2021-09-14;53343;95992;51283;67;102389;53260;40;0;0;39418916;34053055;500974;584;37511795;364990;86;0;0
FR;1;2021-09-15;60579;139235;50496;55;146423;47058;68;0;0;39479495;34192290;551470;639;37658218;412048;154;0;0
FR;1;2021-09-16;46640;81362;53355;70;86263;49606;64;0;0;39526135;34273652;604825;709;37744481;461654;218;0;0
FR;1;2021-09-17;53225;109335;45072;61;115674;42702;62;0;0;39579360;34382987;649897;770;37860155;504356;280;0;0
FR;1;2021-09-18;37883;118488;11796;19;124079;11276;19;0;0;39617243;34501475;661693;789;37984234;515632;299;0;0
FR;1;2021-09-19;6531;21028;2042;1;22131;1983;1;0;0;39623774;34522503;663735;790;38006365;517615;300;0;0
FR;1;2021-09-20;36543;74834;46232;65;78559;44193;32;0;0;39660317;34597337;709967;855;38084924;561808;332;0;0
FR;1;2021-09-21;34202;68110;56267;72;71143;52742;77;0;0;39694519;34665447;766234;927;38156067;614550;409;0;0
FR;1;2021-09-22;38843;118606;49881;76;123025;46931;39;0;0;39733362;34784053;816115;1003;38279092;661481;448;0;0
FR;1;2021-09-23;32038;62897;54511;85;65802;50919;79;0;0;39765400;34846950;870626;1088;38344894;712400;527;0;0
FR;1;2021-09-24;36798;90033;43673;89;94394;41954;57;0;0;39802198;34936983;914299;1177;38439288;754354;584;0;0
FR;1;2021-09-25;27652;96705;12307;27;101065;12186;19;0;0;39829850;35033688;926606;1204;38540353;766540;603;0;0
FR;1;2021-09-26;4386;15197;1777;5;16061;1699;4;0;0;39834236;35048885;928383;1209;38556414;768239;607;0;0
FR;1;2021-09-27;27353;60217;42913;89;63451;41639;81;0;1;39861589;35109102;971296;1298;38619865;809878;688;0;1
FR;1;2021-09-28;26913;49425;47201;76;52047;44488;41;0;0;39888502;35158527;1018497;1374;38671912;854366;729;0;1
FR;1;2021-09-29;35925;80266;47292;87;84653;45616;36;0;0;39924427;35238793;1065789;1461;38756565;899982;765;0;1
FR;1;2021-09-30;26075;46897;47527;80;49261;45472;52;0;0;39950502;35285690;1113316;1541;38805826;945454;817;0;1
FR;1;2021-10-01;47304;66919;44904;83;70814;44621;15;0;0;39997806;35352609;1158220;1624;38876640;990075;832;0;1
FR;1;2021-10-02;32383;62405;16113;32;67217;16324;6;0;0;40030189;35415014;1174333;1656;38943857;1006399;838;0;1
FR;1;2021-10-03;4343;8565;2042;3;9314;2039;4;0;0;40034532;35423579;1176375;1659;38953171;1008438;842;0;1
FR;1;2021-10-04;28977;44420;47113;79;46838;46981;31;0;0;40063509;35467999;1223488;1738;39000009;1055419;873;0;1
FR;1;2021-10-05;24567;41632;49891;116;43134;49343;49;0;0;40088076;35509631;1273379;1854;39043143;1104762;922;0;1
FR;1;2021-10-06;34659;61373;57507;101;64490;57256;25;0;0;40122735;35571004;1330886;1955;39107633;1162018;947;0;1
FR;1;2021-10-07;21081;39908;53050;75;41091;51994;33;0;0;40143816;35610912;1383936;2030;39148724;1214012;980;0;1
FR;1;2021-10-08;35670;59639;60408;83;62874;61164;28;0;0;40179486;35670551;1444344;2113;39211598;1275176;1008;0;1
FR;1;2021-10-09;27466;48017;25497;29;52493;26022;10;0;0;40206952;35718568;1469841;2142;39264091;1301198;1018;0;1
FR;1;2021-10-10;3725;5811;2758;7;6289;2865;1;0;0;40210677;35724379;1472599;2149;39270380;1304063;1019;0;1
FR;1;2021-10-11;24857;38214;54587;88;40301;55262;48;0;0;40235534;35762593;1527186;2237;39310681;1359325;1067;0;1
FR;1;2021-10-12;23381;36588;58076;128;37104;59228;19;0;0;40258915;35799181;1585262;2365;39347785;1418553;1086;0;1
FR;1;2021-10-13;32974;47837;64175;125;50647;65699;23;0;1;40291889;35847018;1649437;2490;39398432;1484252;1109;0;2
FR;1;2021-10-14;21712;34771;53772;103;35682;54365;24;0;0;40313601;35881789;1703209;2593;39434114;1538617;1133;0;2
FR;1;2021-10-15;32751;48764;72329;165;50462;75022;23;0;0;40346352;35930553;1775538;2758;39484576;1613639;1156;0;2
FR;1;2021-10-16;26013;35282;34872;44;38299;36427;14;0;0;40372365;35965835;1810410;2802;39522875;1650066;1170;0;2
FR;1;2021-10-17;3159;4050;3417;2;4494;3317;3;0;0;40375524;35969885;1813827;2804;39527369;1653383;1173;0;2
FR;1;2021-10-18;24347;34882;66847;132;34928;69724;28;0;0;40399871;36004767;1880674;2936;39562297;1723107;1201;0;2
FR;1;2021-10-19;20722;35568;75673;135;33231;79599;40;0;0;40420593;36040335;1956347;3071;39595528;1802706;1241;0;2
FR;1;2021-10-20;29915;44199;96186;178;43278;99874;45;0;0;40450508;36084534;2052533;3249;39638806;1902580;1286;0;2
FR;1;2021-10-21;19803;35047;83192;107;31760;87052;31;0;0;40470311;36119581;2135725;3356;39670566;1989632;1317;0;2
FR;1;2021-10-22;29757;47761;103754;196;44569;109712;58;0;0;40500068;36167342;2239479;3552;39715135;2099344;1375;0;2
FR;1;2021-10-23;23055;35143;44874;57;36138;47385;11;0;0;40523123;36202485;2284353;3609;39751273;2146729;1386;0;2
FR;1;2021-10-24;2406;3840;3584;6;4040;3717;1;0;0;40525529;36206325;2287937;3615;39755313;2150446;1387;0;2
FR;1;2021-10-25;22499;30732;82029;143;29620;85833;37;0;0;40548028;36237057;2369966;3758;39784933;2236279;1424;0;2
FR;1;2021-10-26;19365;27644;86124;162;24745;90350;31;0;0;40567393;36264701;2456090;3920;39809678;2326629;1455;0;2
FR;1;2021-10-27;26221;39618;107822;252;37313;112737;47;0;0;40593614;36304319;2563912;4172;39846991;2439366;1502;0;2
FR;1;2021-10-28;18802;27109;86966;150;23493;91725;37;0;0;40612416;36331428;2650878;4322;39870484;2531091;1539;0;2
FR;1;2021-10-29;25931;40258;114840;202;35492;121676;53;0;0;40638347;36371686;2765718;4524;39905976;2652767;1592;0;2
FR;1;2021-10-30;17712;28711;49372;74;28305;51964;18;0;0;40656059;36400397;2815090;4598;39934281;2704731;1610;0;2
FR;1;2021-10-31;2086;3172;3451;2;3217;3686;2;0;0;40658145;36403569;2818541;4600;39937498;2708417;1612;0;2
FR;1;2021-11-01;8015;4270;3035;3;4357;3292;6;0;0;40666160;36407839;2821576;4603;39941855;2711709;1618;0;2
FR;1;2021-11-02;22909;33227;92411;156;29187;97861;39;0;1;40689069;36441066;2913987;4759;39971042;2809570;1657;0;3
FR;1;2021-11-03;26636;41559;117514;219;37017;123893;57;0;0;40715705;36482625;3031501;4978;40008059;2933463;1714;0;3
FR;1;2021-11-04;19627;30300;105822;213;24189;111973;42;0;0;40735332;36512925;3137323;5191;40032248;3045436;1756;0;3
FR;1;2021-11-05;27025;42297;138792;230;34190;147471;46;0;0;40762357;36555222;3276115;5421;40066438;3192907;1802;0;3
FR;1;2021-11-06;18863;29816;63491;123;27619;66508;25;0;0;40781220;36585038;3339606;5544;40094057;3259415;1827;0;3
FR;1;2021-11-07;1834;3278;4984;6;3033;5303;5;0;0;40783054;36588316;3344590;5550;40097090;3264718;1832;0;3
FR;1;2021-11-08;17877;32244;126014;224;25390;132650;48;0;0;40800931;36620560;3470604;5774;40122480;3397368;1880;0;3
FR;1;2021-11-09;19519;37599;159324;334;26139;169131;66;0;0;40820450;36658159;3629928;6108;40148619;3566499;1946;0;3
FR;1;2021-11-10;28890;49065;181923;441;39029;192538;85;0;0;40849340;36707224;3811851;6549;40187648;3759037;2031;0;3
FR;1;2021-11-11;4191;5936;12237;26;5108;13031;14;0;0;40853531;36713160;3824088;6575;40192756;3772068;2045;0;3
FR;1;2021-11-12;26024;46828;174848;244;35308;186533;80;0;0;40879555;36759988;3998936;6819;40228064;3958601;2125;0;3
FR;1;2021-11-13;18734;29151;76846;111;25377;81795;40;0;0;40898289;36789139;4075782;6930;40253441;4040396;2165;0;3
FR;1;2021-11-14;2050;3243;6827;5;2798;7358;6;0;0;40900339;36792382;4082609;6935;40256239;4047754;2171;0;3
FR;1;2021-11-15;18788;34714;156441;306;24623;166273;59;0;0;40919127;36827096;4239050;7241;40280862;4214027;2230;0;3
FR;1;2021-11-16;21365;37837;192152;380;23346;205061;103;0;1;40940492;36864933;4431202;7621;40304208;4419088;2333;0;4
FR;1;2021-11-17;28672;45556;193250;398;33031;205069;95;0;0;40969164;36910489;4624452;8019;40337239;4624157;2428;0;4
FR;1;2021-11-18;21143;39597;182529;458;25144;194646;87;0;0;40990307;36950086;4806981;8477;40362383;4818803;2515;0;4
FR;1;2021-11-19;30892;53326;230279;532;34831;246765;137;0;0;41021199;37003412;5037260;9009;40397214;5065568;2652;0;4
FR;1;2021-11-20;23771;33214;96997;202;26735;103643;44;0;0;41044970;37036626;5134257;9211;40423949;5169211;2696;0;4
FR;1;2021-11-21;2339;3909;9128;19;2957;9936;16;0;0;41047309;37040535;5143385;9230;40426906;5179147;2712;0;4
FR;1;2021-11-22;21422;30338;175930;467;16958;189475;78;0;0;41068731;37070873;5319315;9697;40443864;5368622;2790;0;4
FR;1;2021-11-23;24029;40975;221250;540;21328;237998;77;0;0;41092760;37111848;5540565;10237;40465192;5606620;2867;0;4
FR;1;2021-11-24;30298;49657;217389;702;31987;234565;68;0;0;41123058;37161505;5757954;10939;40497179;5841185;2935;0;4
FR;1;2021-11-25;23732;44047;244503;718;22095;264185;101;0;0;41146790;37205552;6002457;11657;40519274;6105370;3036;0;4
FR;1;2021-11-26;30620;66659;356832;836;33274;388610;154;0;0;41177410;37272211;6359289;12493;40552548;6493980;3190;0;4
FR;1;2021-11-27;21961;45284;202657;372;26183;222682;112;0;0;41199371;37317495;6561946;12865;40578731;6716662;3302;0;4
FR;1;2021-11-28;3179;9561;54801;63;3476;61020;37;0;0;41202550;37327056;6616747;12928;40582207;6777682;3339;0;4
FR;1;2021-11-29;17902;49471;326419;841;20790;354554;150;0;0;41220452;37376527;6943166;13769;40602997;7132236;3489;0;4
FR;1;2021-11-30;22792;64852;431183;952;23848;470825;262;0;0;41243244;37441379;7374349;14721;40626845;7603061;3751;0;4
FR;1;2021-12-01;25353;69104;442938;1131;28494;481805;271;0;0;41268597;37510483;7817287;15852;40655339;8084866;4022;0;4
FR;1;2021-12-02;20089;64374;489444;1229;18504;532950;273;0;0;41288686;37574857;8306731;17081;40673843;8617816;4295;0;4
FR;1;2021-12-03;22912;82348;542818;1310;30338;591816;307;0;0;41311598;37657205;8849549;18391;40704181;9209632;4602;0;4
FR;1;2021-12-04;16417;53837;299124;654;23246;328996;182;0;0;41328015;37711042;9148673;19045;40727427;9538628;4784;0;4
FR;1;2021-12-05;3635;13788;81547;143;4206;91048;85;0;0;41331650;37724830;9230220;19188;40731633;9629676;4869;0;4
FR;1;2021-12-06;25848;62458;415493;1066;22102;455220;356;0;0;41357498;37787288;9645713;20254;40753735;10084896;5225;0;4
FR;1;2021-12-07;20015;75471;523039;1536;24324;572668;371;0;0;41377513;37862759;10168752;21790;40778059;10657564;5596;0;4
FR;1;2021-12-08;21717;75551;458499;1545;30681;502176;378;0;0;41399230;37938310;10627251;23335;40808740;11159740;5974;0;4
FR;1;2021-12-09;19469;74006;493011;1625;24390;541031;397;0;0;41418699;38012316;11120262;24960;40833130;11700771;6371;0;4
FR;1;2021-12-10;23326;87587;547432;1585;32492;600070;390;0;1;41442025;38099903;11667694;26545;40865622;12300841;6761;0;5
FR;1;2021-12-11;16530;59124;302758;751;25979;335495;279;0;0;41458555;38159027;11970452;27296;40891601;12636336;7040;0;5
FR;1;2021-12-12;4392;15895;83231;179;5259;94040;96;0;0;41462947;38174922;12053683;27475;40896860;12730376;7136;0;5
FR;1;2021-12-13;15758;63479;367047;1094;23984;406331;235;0;0;41478705;38238401;12420730;28569;40920844;13136707;7371;0;5
FR;1;2021-12-14;20866;80179;464844;1748;28719;515291;505;0;1;41499571;38318580;12885574;30317;40949563;13651998;7876;0;6
FR;1;2021-12-15;21622;77334;409139;1309;33057;453203;311;0;1;41521193;38395914;13294713;31626;40982620;14105201;8187;0;7
FR;1;2021-12-16;20064;77136;451936;1577;27993;500682;325;0;0;41541257;38473050;13746649;33203;41010613;14605883;8512;0;7
FR;1;2021-12-17;22626;86464;479988;1737;34721;531024;371;0;0;41563883;38559514;14226637;34940;41045334;15136907;8883;0;7
FR;1;2021-12-18;17609;54586;257645;731;24716;288521;232;0;0;41581492;38614100;14484282;35671;41070050;15425428;9115;0;7
FR;1;2021-12-19;5562;16950;79199;194;5938;90694;116;0;0;41587054;38631050;14563481;35865;41075988;15516122;9231;0;7
FR;1;2021-12-20;20950;62978;316280;1081;26576;355323;284;0;0;41608004;38694028;14879761;36946;41102564;15871445;9515;0;7
FR;1;2021-12-21;26340;72918;372790;1423;30621;418110;337;0;0;41634344;38766946;15252551;38369;41133185;16289555;9852;0;7
FR;1;2021-12-22;24987;65720;310676;1217;29640;349606;361;0;1;41659331;38832666;15563227;39586;41162825;16639161;10213;0;8
FR;1;2021-12-23;21273;52163;241510;958;23392;273053;362;0;0;41680604;38884829;15804737;40544;41186217;16912214;10575;0;8
FR;1;2021-12-24;7129;18290;67162;258;9261;77059;154;0;1;41687733;38903119;15871899;40802;41195478;16989273;10729;0;9
FR;1;2021-12-25;507;2872;5590;15;1802;6536;55;0;0;41688240;38905991;15877489;40817;41197280;16995809;10784;0;9
FR;1;2021-12-26;2750;7579;26950;71;3494;31465;100;0;0;41690990;38913570;15904439;40888;41200774;17027274;10884;0;9
FR;1;2021-12-27;18312;53493;235136;705;25496;265783;365;0;0;41709302;38967063;16139575;41593;41226270;17293057;11249;0;9
FR;1;2021-12-28;23303;61924;292048;1026;27034;330219;595;0;1;41732605;39028987;16431623;42619;41253304;17623276;11844;0;10
FR;1;2021-12-29;22217;55432;255025;920;25303;288232;645;0;1;41754822;39084419;16686648;43539;41278607;17911508;12489;0;11
FR;1;2021-12-30;21239;46455;212174;858;22477;239632;718;0;0;41776061;39130874;16898822;44397;41301084;18151140;13207;0;11
FR;1;2021-12-31;7467;16543;61876;229;8730;70405;346;0;0;41783528;39147417;16960698;44626;41309814;18221545;13553;0;11
FR;1;2022-01-01;1158;2498;5666;30;1542;6585;72;0;0;41784686;39149915;16966364;44656;41311356;18228130;13625;0;11
FR;1;2022-01-02;3087;8076;28893;50;3673;33532;190;0;0;41787773;39157991;16995257;44706;41315029;18261662;13815;0;11
FR;1;2022-01-03;25774;54207;228267;789;27565;257736;958;0;1;41813547;39212198;17223524;45495;41342594;18519398;14773;0;12
FR;1;2022-01-04;26213;65034;299290;1240;29840;337326;1367;0;2;41839760;39277232;17522814;46735;41372434;18856724;16140;0;14
FR;1;2022-01-05;30552;64278;274910;1099;32537;310292;1263;0;0;41870312;39341510;17797724;47834;41404971;19167016;17403;0;14
FR;1;2022-01-06;26839;66219;306910;1401;29296;346575;1566;0;1;41897151;39407729;18104634;49235;41434267;19513591;18969;0;15
FR;1;2022-01-07;31572;75026;349850;1538;34433;393995;1822;0;1;41928723;39482755;18454484;50773;41468700;19907586;20791;0;16
FR;1;2022-01-08;23389;51373;222500;698;25589;251127;913;0;1;41952112;39534128;18676984;51471;41494289;20158713;21704;0;17
FR;1;2022-01-09;7092;17156;66027;163;8187;76138;335;0;0;41959204;39551284;18743011;51634;41502476;20234851;22039;0;17
FR;1;2022-01-10;21794;60613;236812;957;32948;267599;1258;0;1;41980998;39611897;18979823;52591;41535424;20502450;23297;0;18
FR;1;2022-01-11;26765;63462;282312;1280;31228;317831;1836;0;1;42007763;39675359;19262135;53871;41566652;20820281;25133;0;19
FR;1;2022-01-12;28962;62526;246277;1106;35089;278065;1686;0;3;42036725;39737885;19508412;54977;41601741;21098346;26819;0;22
FR;1;2022-01-13;24782;60191;262807;1253;30061;296129;1994;0;4;42061507;39798076;19771219;56230;41631802;21394475;28813;0;26
FR;1;2022-01-14;27967;66726;314027;1366;32149;351277;2475;0;1;42089474;39864802;20085246;57596;41663951;21745752;31288;0;27
FR;1;2022-01-15;19367;44425;199323;618;22474;223864;1362;0;1;42108841;39909227;20284569;58214;41686425;21969616;32650;0;28
FR;1;2022-01-16;5161;12973;51530;135;6031;59559;337;0;0;42114002;39922200;20336099;58349;41692456;22029175;32987;0;28
FR;1;2022-01-17;16868;39707;184843;783;20144;206835;1691;0;2;42130870;39961907;20520942;59132;41712600;22236010;34678;0;30
FR;1;2022-01-18;19453;45976;212440;1154;22991;237048;2457;0;1;42150323;40007883;20733382;60286;41735591;22473058;37135;0;31
FR;1;2022-01-19;20308;43982;176124;897;25493;197200;1974;0;4;42170631;40051865;20909506;61183;41761084;22670258;39109;0;35
FR;1;2022-01-20;16842;40583;183702;1147;20814;204755;2515;0;2;42187473;40092448;21093208;62330;41781898;22875013;41624;0;37
FR;1;2022-01-21;19917;47041;228970;1405;23915;253353;3107;0;1;42207390;40139489;21322178;63735;41805813;23128366;44731;0;38
FR;1;2022-01-22;13844;33346;144499;578;18444;161389;1404;0;2;42221234;40172835;21466677;64313;41824257;23289755;46135;0;40
FR;1;2022-01-23;3377;8767;33431;132;4575;38320;352;0;1;42224611;40181602;21500108;64445;41828832;23328075;46487;0;41
FR;1;2022-01-24;11812;32985;142229;717;17802;158269;2103;0;1;42236423;40214587;21642337;65162;41846634;23486344;48590;0;42
FR;1;2022-01-25;14213;38189;163421;1049;20293;181573;3182;0;1;42250636;40252776;21805758;66211;41866927;23667917;51772;0;43
FR;1;2022-01-26;14863;37718;150258;933;22643;166373;2516;0;1;42265499;40290494;21956016;67144;41889570;23834290;54288;0;44
FR;1;2022-01-27;12340;33325;143463;896;18502;158030;3228;0;3;42277839;40323819;22099479;68040;41908072;23992320;57516;0;47
FR;1;2022-01-28;16329;56924;198323;1144;32673;222394;4006;0;3;42294168;40380743;22297802;69184;41940745;24214714;61522;0;50
FR;1;2022-01-29;10268;35478;135209;525;19613;151542;1879;0;1;42304436;40416221;22433011;69709;41960358;24366256;63401;0;51
FR;1;2022-01-30;2485;9264;29685;86;4833;34452;435;0;1;42306921;40425485;22462696;69795;41965191;24400708;63836;0;52
FR;1;2022-01-31;8758;32489;104349;533;19484;117362;2341;0;3;42315679;40457974;22567045;70328;41984675;24518070;66177;0;55
FR;1;2022-02-01;10996;36464;127085;865;20642;141231;4326;0;1;42326675;40494438;22694130;71193;42005317;24659301;70503;0;56
FR;1;2022-02-02;12055;41588;130361;782;25268;145828;3777;0;9;42338730;40536026;22824491;71975;42030585;24805129;74280;0;65
FR;1;2022-02-03;9346;34049;117019;785;19110;130333;4289;0;4;42348076;40570075;22941510;72760;42049695;24935462;78569;0;69
FR;1;2022-02-04;11534;48754;172584;967;26046;192729;5487;0;5;42359610;40618829;23114094;73727;42075741;25128191;84056;0;74
FR;1;2022-02-05;7998;33929;117590;391;18175;133034;2418;0;3;42367608;40652758;23231684;74118;42093916;25261225;86474;0;77
FR;1;2022-02-06;1706;8000;22752;85;3873;26907;443;0;0;42369314;40660758;23254436;74203;42097789;25288132;86917;0;77
FR;1;2022-02-07;7344;35412;119109;459;18186;134979;3397;0;4;42376658;40696170;23373545;74662;42115975;25423111;90314;0;81
FR;1;2022-02-08;7764;31956;125663;695;14888;140652;4301;0;5;42384422;40728126;23499208;75357;42130863;25563763;94615;0;86
FR;1;2022-02-09;8651;36521;135258;701;17920;152503;3883;0;7;42393073;40764647;23634466;76058;42148783;25716266;98498;0;93
FR;1;2022-02-10;7021;30128;116378;675;13891;130167;4443;0;1;42400094;40794775;23750844;76733;42162674;25846433;102941;0;94
FR;1;2022-02-11;8656;41551;165145;878;18361;185369;5430;0;3;42408750;40836326;23915989;77611;42181035;26031802;108371;0;97
FR;1;2022-02-12;5342;27612;106713;379;12534;120898;2396;0;2;42414092;40863938;24022702;77990;42193569;26152700;110767;0;99
FR;1;2022-02-13;1265;5720;21718;66;2187;25336;402;0;3;42415357;40869658;24044420;78056;42195756;26178036;111169;0;102
FR;1;2022-02-14;5458;27225;118092;394;10641;133120;3384;0;4;42420815;40896883;24162512;78450;42206397;26311156;114553;0;106
FR;1;2022-02-15;5791;28862;118933;611;12207;132566;4882;0;1;42426606;40925745;24281445;79061;42218604;26443722;119435;0;107
FR;1;2022-02-16;5759;28491;110422;596;13756;123053;4152;0;3;42432365;40954236;24391867;79657;42232360;26566775;123587;0;110
FR;1;2022-02-17;4612;19740;73147;489;10125;80252;3998;0;3;42436977;40973976;24465014;80146;42242485;26647027;127585;0;113
FR;1;2022-02-18;5609;26790;99204;673;14162;108164;5519;0;2;42442586;41000766;24564218;80819;42256647;26755191;133104;0;115
FR;1;2022-02-19;3551;17178;59481;304;9570;66062;2266;0;0;42446137;41017944;24623699;81123;42266217;26821253;135370;0;115
FR;1;2022-02-20;791;3257;10706;36;1650;12333;360;0;1;42446928;41021201;24634405;81159;42267867;26833586;135730;0;116
FR;1;2022-02-21;3430;14593;52830;286;7916;57676;3126;0;2;42450358;41035794;24687235;81445;42275783;26891262;138856;0;118
FR;1;2022-02-22;3800;15540;51917;500;9037;55655;4070;0;1;42454158;41051334;24739152;81945;42284820;26946917;142926;0;119
FR;1;2022-02-23;4233;17822;57481;509;10741;62582;3569;0;3;42458391;41069156;24796633;82454;42295561;27009499;146495;0;122
FR;1;2022-02-24;3343;13134;43618;436;7827;46409;3657;0;2;42461734;41082290;24840251;82890;42303388;27055908;150152;0;124
FR;1;2022-02-25;4475;19971;64924;696;12089;68795;5767;0;4;42466209;41102261;24905175;83586;42315477;27124703;155919;0;128
FR;1;2022-02-26;2694;12802;41371;310;7649;45124;2494;0;2;42468903;41115063;24946546;83896;42323126;27169827;158413;0;130
FR;1;2022-02-27;644;2190;7129;42;1206;7994;431;0;0;42469547;41117253;24953675;83938;42324332;27177821;158844;0;130
FR;1;2022-02-28;2612;10493;34964;306;6075;37390;3124;0;0;42472159;41127746;24988639;84244;42330407;27215211;161968;0;130
FR;1;2022-03-01;3583;10753;38705;391;6358;39659;4549;0;4;42475742;41138499;25027344;84635;42336765;27254870;166517;0;134
FR;1;2022-03-02;3679;12185;41863;398;7452;43933;4110;0;1;42479421;41150684;25069207;85033;42344217;27298803;170627;0;135
FR;1;2022-03-03;2462;7985;26181;328;5241;26519;3379;0;1;42481883;41158669;25095388;85361;42349458;27325322;174006;0;136
FR;1;2022-03-04;2685;10508;35449;592;6939;34944;5277;0;3;42484568;41169177;25130837;85953;42356397;27360266;179283;0;139
FR;1;2022-03-05;1822;6363;21968;280;4202;22366;2571;0;1;42486390;41175540;25152805;86233;42360599;27382632;181854;0;140
FR;1;2022-03-06;359;956;2917;38;602;3120;327;0;0;42486749;41176496;25155722;86271;42361201;27385752;182181;0;140
FR;1;2022-03-07;1805;4719;16439;245;3043;15905;2831;0;4;42488554;41181215;25172161;86516;42364244;27401657;185012;0;144
FR;1;2022-03-08;1712;5256;17168;309;3667;15996;3472;0;3;42490266;41186471;25189329;86825;42367911;27417653;188484;0;147
FR;1;2022-03-09;1988;6676;19813;370;4752;19171;3422;0;4;42492254;41193147;25209142;87195;42372663;27436824;191906;0;151
FR;1;2022-03-10;1412;5010;15295;308;3662;14333;2943;0;2;42493666;41198157;25224437;87503;42376325;27451157;194849;0;153
FR;1;2022-03-11;1758;6407;21710;487;4442;19865;4737;0;1;42495424;41204564;25246147;87990;42380767;27471022;199586;0;154
FR;1;2022-03-12;1261;4653;15366;281;3096;14915;2686;0;2;42496685;41209217;25261513;88271;42383863;27485937;202272;0;156
FR;1;2022-03-13;256;612;2120;119;412;2066;468;0;0;42496941;41209829;25263633;88390;42384275;27488003;202740;0;156
FR;1;2022-03-14;1153;3678;13405;3882;2293;12527;6342;0;8;42498094;41213507;25277038;92272;42386568;27500530;209082;0;164
FR;1;2022-03-15;1408;5738;14661;6865;4321;13258;9846;0;8;42499502;41219245;25291699;99137;42390889;27513788;218928;0;172
FR;1;2022-03-16;1694;5085;17394;11520;3595;16459;14125;0;6;42501196;41224330;25309093;110657;42394484;27530247;233053;0;178
FR;1;2022-03-17;1175;3439;11733;9648;2364;10827;11732;0;8;42502371;41227769;25320826;120305;42396848;27541074;244785;0;186
FR;1;2022-03-18;1726;4930;17975;16507;3324;16414;19721;0;14;42504097;41232699;25338801;136812;42400172;27557488;264506;0;200
FR;1;2022-03-19;1126;3299;11890;8460;2275;11359;10142;0;6;42505223;41235998;25350691;145272;42402447;27568847;274648;0;206
FR;1;2022-03-20;224;559;1725;1014;361;1759;1224;0;2;42505447;41236557;25352416;146286;42402808;27570606;275872;0;208
FR;1;2022-03-21;1086;2766;11501;13461;1786;10850;15142;0;10;42506533;41239323;25363917;159747;42404594;27581456;291014;0;218
FR;1;2022-03-22;1279;3212;12260;18715;2153;11248;20618;0;5;42507812;41242535;25376177;178462;42406747;27592704;311632;0;223
FR;1;2022-03-23;1511;4357;16031;20111;2953;15712;21882;0;34;42509323;41246892;25392208;198573;42409700;27608416;333514;0;257
FR;1;2022-03-24;1117;2753;10401;16058;1910;9663;17562;0;15;42510440;41249645;25402609;214631;42411610;27618079;351076;0;272
FR;1;2022-03-25;1536;4361;16749;25315;2878;15401;27959;0;23;42511976;41254006;25419358;239946;42414488;27633480;379035;0;295
FR;1;2022-03-26;1110;3014;10856;11450;2064;10517;12862;0;20;42513086;41257020;25430214;251396;42416552;27643997;391897;0;315
FR;1;2022-03-27;234;546;1751;1382;334;1804;1593;0;1;42513320;41257566;25431965;252778;42416886;27645801;393490;0;316
FR;1;2022-03-28;1082;2489;9978;15885;1556;9601;17228;0;10;42514402;41260055;25441943;268663;42418442;27655402;410718;0;326
FR;1;2022-03-29;1142;2746;11558;25110;1596;10923;26506;0;30;42515544;41262801;25453501;293773;42420038;27666325;437224;0;356
FR;1;2022-03-30;1631;3609;14170;24228;2381;13710;25892;0;19;42517175;41266410;25467671;318001;42422419;27680035;463116;0;375
FR;1;2022-03-31;1279;3015;11699;22685;2042;11213;24005;0;40;42518454;41269425;25479370;340686;42424461;27691248;487121;0;415
FR;1;2022-04-01;2233;4021;18487;28531;2476;17357;30803;0;53;42520687;41273446;25497857;369217;42426937;27708605;517924;0;468
FR;1;2022-04-02;910;1889;8195;9238;1105;7954;10231;0;28;42521597;41275335;25506052;378455;42428042;27716559;528155;0;496
FR;1;2022-04-03;203;381;1433;1057;219;1434;1248;0;1;42521800;41275716;25507485;379512;42428261;27717993;529403;0;497
FR;1;2022-04-04;2582;2488;11371;17681;1571;10763;18899;0;30;42524382;41278204;25518856;397193;42429832;27728756;548302;0;527
FR;1;2022-04-05;2127;2709;13001;31220;1695;12026;32600;0;68;42526509;41280913;25531857;428413;42431527;27740782;580902;0;595
FR;1;2022-04-06;1829;3005;12204;23942;1911;11640;25240;0;62;42528338;41283918;25544061;452355;42433438;27752422;606142;0;657
FR;1;2022-04-07;1589;2738;12354;31082;1638;11819;32158;0;68;42529927;41286656;25556415;483437;42435076;27764241;638300;0;725
FR;1;2022-04-08;1757;3656;17559;40619;2048;16468;42688;0;76;42531684;41290312;25573974;524056;42437124;27780709;680988;0;801
FR;1;2022-04-09;822;1997;8404;12502;1074;8103;13502;0;26;42532506;41292309;25582378;536558;42438198;27788812;694490;0;827
FR;1;2022-04-10;201;651;1836;1855;416;1882;2075;0;6;42532707;41292960;25584214;538413;42438614;27790694;696565;0;833
FR;1;2022-04-11;1087;2256;10969;22348;1305;10687;23454;0;68;42533794;41295216;25595183;560761;42439919;27801381;720019;0;901
FR;1;2022-04-12;1340;2669;12822;38131;1583;12311;38882;0;119;42535134;41297885;25608005;598892;42441502;27813692;758901;0;1020
FR;1;2022-04-13;1277;2892;12272;30618;1787;12004;31389;0;85;42536411;41300777;25620277;629510;42443289;27825696;790290;0;1105
FR;1;2022-04-14;1229;2588;12118;33629;1591;12132;34066;0;88;42537640;41303365;25632395;663139;42444880;27837828;824356;0;1193
FR;1;2022-04-15;1499;3255;14404;33264;2073;13807;34667;0;107;42539139;41306620;25646799;696403;42446953;27851635;859023;0;1300
FR;1;2022-04-16;660;1406;5845;8003;764;5776;8757;0;31;42539799;41308026;25652644;704406;42447717;27857411;867780;0;1331
FR;1;2022-04-17;156;288;930;1121;175;975;1171;0;7;42539955;41308314;25653574;705527;42447892;27858386;868951;0;1338
FR;1;2022-04-18;166;479;2636;1002;296;2659;1187;0;5;42540121;41308793;25656210;706529;42448188;27861045;870138;0;1343
FR;1;2022-04-19;1258;2609;11785;27932;1498;11516;28787;0;69;42541379;41311402;25667995;734461;42449686;27872561;898925;0;1412
FR;1;2022-04-20;1350;2669;12176;26878;1671;12027;27704;0;82;42542729;41314071;25680171;761339;42451357;27884588;926629;0;1494
FR;1;2022-04-21;1242;2459;11548;33252;1508;11761;33607;0;107;42543971;41316530;25691719;794591;42452865;27896349;960236;0;1601
FR;1;2022-04-22;1524;3083;15216;35501;1916;14794;36698;0;120;42545495;41319613;25706935;830092;42454781;27911143;996934;0;1721
FR;1;2022-04-23;764;1581;6735;9894;917;6641;10578;0;30;42546259;41321194;25713670;839986;42455698;27917784;1007512;0;1751
FR;1;2022-04-24;196;373;1373;1521;237;1328;1744;0;7;42546455;41321567;25715043;841507;42455935;27919112;1009256;0;1758
FR;1;2022-04-25;1041;2129;9856;19732;1252;9757;20554;0;64;42547496;41323696;25724899;861239;42457187;27928869;1029810;0;1822
FR;1;2022-04-26;1349;2623;12604;36592;1604;12204;37179;0;163;42548845;41326319;25737503;897831;42458791;27941073;1066989;0;1985
FR;1;2022-04-27;1330;2406;10653;29245;1464;10789;29631;0;122;42550175;41328725;25748156;927076;42460255;27951862;1096620;0;2107
FR;1;2022-04-28;1284;2410;11561;34291;1517;11403;34440;0;127;42551459;41331135;25759717;961367;42461772;27963265;1131060;0;2234
FR;1;2022-04-29;1613;4275;14402;35560;3149;13856;36848;0;153;42553072;41335410;25774119;996927;42464921;27977121;1167908;0;2387
FR;1;2022-04-30;832;2582;6446;9173;2011;6289;9974;0;35;42553904;41337992;25780565;1006100;42466932;27983410;1177882;0;2422
FR;1;2022-05-01;177;288;832;949;190;826;1078;0;5;42554081;41338280;25781397;1007049;42467122;27984236;1178960;0;2427
FR;1;2022-05-02;1888;2607;10377;16949;1763;10300;17631;0;64;42555969;41340887;25791774;1023998;42468885;27994536;1196591;0;2491
FR;1;2022-05-03;1634;2873;12708;32893;1760;12600;33692;0;149;42557603;41343760;25804482;1056891;42470645;28007136;1230283;0;2640
FR;1;2022-05-04;1371;2744;11233;23815;1689;11394;24354;0;96;42558974;41346504;25815715;1080706;42472334;28018530;1254637;0;2736
FR;1;2022-05-05;1476;2704;12199;31854;1689;12122;32402;0;170;42560450;41349208;25827914;1112560;42474023;28030652;1287039;0;2906
FR;1;2022-05-06;1819;3231;14236;34932;1908;13819;36195;0;166;42562269;41352439;25842150;1147492;42475931;28044471;1323234;0;3072
FR;1;2022-05-07;858;1472;5979;9097;878;6013;9731;0;44;42563127;41353911;25848129;1156589;42476809;28050484;1332965;0;3116
FR;1;2022-05-08;190;329;1060;1472;222;1122;1548;0;8;42563317;41354240;25849189;1158061;42477031;28051606;1334513;0;3124
FR;1;2022-05-09;1150;2013;9248;19262;1153;9162;20035;0;93;42564467;41356253;25858437;1177323;42478184;28060768;1354548;0;3217
FR;1;2022-05-10;1493;3028;12621;37144;1938;12220;38042;0;177;42565960;41359281;25871058;1214467;42480122;28072988;1392590;0;3394
FR;1;2022-05-11;1435;2471;9911;26035;1690;9858;26557;0;138;42567395;41361752;25880969;1240502;42481812;28082846;1419147;0;3532
FR;1;2022-05-12;1320;2435;10524;33630;1527;10225;34273;0;188;42568715;41364187;25891493;1274132;42483339;28093071;1453420;0;3720
FR;1;2022-05-13;1611;2805;12767;35847;1681;12414;36943;0;149;42570326;41366992;25904260;1309979;42485020;28105485;1490363;0;3869
FR;1;2022-05-14;781;1321;5480;10215;807;5364;10730;0;51;42571107;41368313;25909740;1320194;42485827;28110849;1501093;0;3920
FR;1;2022-05-15;223;418;1182;1350;243;1252;1495;0;5;42571330;41368731;25910922;1321544;42486070;28112101;1502588;0;3925
FR;1;2022-05-16;971;1783;8078;20137;1003;8142;20550;0;117;42572301;41370514;25919000;1341681;42487073;28120243;1523138;0;4042
FR;1;2022-05-17;1293;2297;11121;36184;1380;10727;36968;0;172;42573594;41372811;25930121;1377865;42488453;28130970;1560106;0;4214
FR;1;2022-05-18;1312;2132;9037;25725;1364;8988;26283;0;99;42574906;41374943;25939158;1403590;42489817;28139958;1586389;0;4313
FR;1;2022-05-19;1203;2399;9853;33995;1408;9947;34197;0;150;42576109;41377342;25949011;1437585;42491225;28149905;1620586;0;4463
FR;1;2022-05-20;1561;2752;12528;37653;1714;12112;38512;0;151;42577670;41380094;25961539;1475238;42492939;28162017;1659098;0;4614
FR;1;2022-05-21;774;1375;5247;9374;866;5165;9943;0;37;42578444;41381469;25966786;1484612;42493805;28167182;1669041;0;4651
FR;1;2022-05-22;192;292;951;1397;203;952;1519;0;10;42578636;41381761;25967737;1486009;42494008;28168134;1670560;0;4661
FR;1;2022-05-23;970;1884;8369;19410;1170;8344;20027;0;79;42579606;41383645;25976106;1505419;42495178;28176478;1690587;0;4740
FR;1;2022-05-24;1288;2447;10724;37247;1437;10593;37821;0;173;42580894;41386092;25986830;1542666;42496615;28187071;1728408;0;4913
FR;1;2022-05-25;1273;2297;8792;23693;1423;8956;24055;0;111;42582167;41388389;25995622;1566359;42498038;28196027;1752463;0;5024
FR;1;2022-05-26;173;379;1585;1155;256;1578;1289;0;24;42582340;41388768;25997207;1567514;42498294;28197605;1753752;0;5048
FR;1;2022-05-27;1116;2185;8787;20456;1372;8535;21409;0;84;42583456;41390953;26005994;1587970;42499666;28206140;1775161;0;5132
FR;1;2022-05-28;486;1053;3689;6540;621;3727;6928;0;37;42583942;41392006;26009683;1594510;42500287;28209867;1782089;0;5169
FR;1;2022-05-29;121;257;707;896;149;718;1005;0;4;42584063;41392263;26010390;1595406;42500436;28210585;1783094;0;5173
FR;1;2022-05-30;831;1738;6558;18535;1041;6590;18989;0;85;42584894;41394001;26016948;1613941;42501477;28217175;1802083;0;5258
FR;1;2022-05-31;1267;2228;9246;34367;1362;9116;34968;0;159;42586161;41396229;26026194;1648308;42502839;28226291;1837051;0;5417
FR;1;2022-06-01;1321;2598;10433;23459;1745;10295;24306;0;115;42587482;41398827;26036627;1671767;42504584;28236586;1861357;0;5532
FR;1;2022-06-02;1224;2305;10666;34152;1444;10246;34984;0;162;42588706;41401132;26047293;1705919;42506028;28246832;1896341;0;5694
FR;1;2022-06-03;1446;2734;12709;37107;1724;12130;38283;0;157;42590152;41403866;26060002;1743026;42507752;28258962;1934624;0;5851
FR;1;2022-06-04;682;1262;4749;8677;759;4825;9167;0;62;42590834;41405128;26064751;1751703;42508511;28263787;1943791;0;5913
FR;1;2022-06-05;132;292;810;1048;150;834;1153;0;3;42590966;41405420;26065561;1752751;42508661;28264621;1944944;0;5916
FR;1;2022-06-06;579;1155;2025;1251;980;2040;1426;0;9;42591545;41406575;26067586;1754002;42509641;28266661;1946370;0;5925
FR;1;2022-06-07;1183;2337;9178;34042;1432;8839;35140;0;143;42592728;41408912;26076764;1788044;42511073;28275500;1981510;0;6068
FR;1;2022-06-08;1118;2235;8673;27576;1401;8556;28446;0;107;42593846;41411147;26085437;1815620;42512474;28284056;2009956;0;6175
FR;1;2022-06-09;1068;2148;9988;37566;1281;9672;38333;0;148;42594914;41413295;26095425;1853186;42513755;28293728;2048289;0;6323
FR;1;2022-06-10;1336;2781;12401;43125;1746;11989;44357;0;201;42596250;41416076;26107826;1896311;42515501;28305717;2092646;0;6524
FR;1;2022-06-11;659;1450;5140;11084;797;5189;11613;0;50;42596909;41417526;26112966;1907395;42516298;28310906;2104259;0;6574
FR;1;2022-06-12;153;375;1016;1687;187;1074;1788;0;11;42597062;41417901;26113982;1909082;42516485;28311980;2106047;0;6585
FR;1;2022-06-13;921;1835;7014;22225;1129;6871;23066;0;84;42597983;41419736;26120996;1931307;42517614;28318851;2129113;0;6669
FR;1;2022-06-14;1093;2222;9840;42846;1301;9243;43938;0;186;42599076;41421958;26130836;1974153;42518915;28328094;2173051;0;6855
FR;1;2022-06-15;1080;2000;8786;29377;1353;8464;29934;0;168;42600156;41423958;26139622;2003530;42520268;28336558;2202985;0;7023
FR;1;2022-06-16;952;1835;9400;38505;1055;8880;39412;0;188;42601108;41425793;26149022;2042035;42521323;28345438;2242397;0;7211
FR;1;2022-06-17;1224;2558;11897;44852;1468;11358;45998;0;224;42602332;41428351;26160919;2086887;42522791;28356796;2288395;0;7435
FR;1;2022-06-18;562;1275;4319;10543;715;4258;11085;0;62;42602894;41429626;26165238;2097430;42523506;28361054;2299480;0;7497
FR;1;2022-06-19;137;325;1002;1543;173;1081;1609;0;12;42603031;41429951;26166240;2098973;42523679;28362135;2301089;0;7509
FR;1;2022-06-20;860;1700;8491;25047;998;8155;25909;0;143;42603891;41431651;26174731;2124020;42524677;28370290;2326998;0;7652
FR;1;2022-06-21;1101;2137;9765;47756;1251;8855;49102;0;241;42604992;41433788;26184496;2171776;42525928;28379145;2376100;0;7893
FR;1;2022-06-22;1038;2064;8434;37154;1293;7952;38016;0;231;42606030;41435852;26192930;2208930;42527221;28387097;2414116;0;8124
FR;1;2022-06-23;1054;2175;10124;52806;1205;9406;53816;0;290;42607084;41438027;26203054;2261736;42528426;28396503;2467932;0;8414
FR;1;2022-06-24;1250;2714;12913;65963;1483;11697;67634;0;367;42608334;41440741;26215967;2327699;42529909;28408200;2535566;0;8781
FR;1;2022-06-25;684;1504;5928;18922;791;5709;19720;0;163;42609018;41442245;26221895;2346621;42530700;28413909;2555286;0;8944
FR;1;2022-06-26;167;405;1817;3494;190;1713;3730;0;34;42609185;41442650;26223712;2350115;42530890;28415622;2559016;0;8978
FR;1;2022-06-27;939;1770;9903;45977;939;9128;47112;0;300;42610124;41444420;26233615;2396092;42531829;28424750;2606128;0;9278
FR;1;2022-06-28;1212;2571;13837;86557;1377;12401;88242;0;570;42611336;41446991;26247452;2482649;42533206;28437151;2694370;0;9848
FR;1;2022-06-29;1241;2289;11480;67397;1252;10547;68443;0;487;42612577;41449280;26258932;2550046;42534458;28447698;2762813;0;10335
FR;1;2022-06-30;1287;2468;13515;89964;1415;11823;91763;0;645;42613864;41451748;26272447;2640010;42535873;28459521;2854576;0;10980
FR;1;2022-07-01;1649;3473;20309;109186;1987;17969;111577;0;859;42615513;41455221;26292756;2749196;42537860;28477490;2966153;0;11839
FR;1;2022-07-02;767;1524;8019;33770;746;7249;34796;0;315;42616280;41456745;26300775;2782966;42538606;28484739;3000949;0;12154
FR;1;2022-07-03;228;480;1941;6118;255;1757;6444;0;71;42616508;41457225;26302716;2789084;42538861;28486496;3007393;0;12225
FR;1;2022-07-04;1418;3047;13927;75410;1928;12356;77296;0;589;42617926;41460272;26316643;2864494;42540789;28498852;3084689;0;12814
FR;1;2022-07-05;1430;2833;17686;126356;1486;15143;128470;0;1059;42619356;41463105;26334329;2990850;42542275;28513995;3213159;0;13873
FR;1;2022-07-06;1350;2390;14881;93720;1373;12901;95155;0;815;42620706;41465495;26349210;3084570;42543648;28526896;3308314;0;14688
FR;1;2022-07-07;1437;2534;16928;119488;1403;13998;121583;0;1074;42622143;41468029;26366138;3204058;42545051;28540894;3429897;0;15762
FR;1;2022-07-08;1530;2818;19603;129995;1531;15967;132801;0;1219;42623673;41470847;26385741;3334053;42546582;28556861;3562698;0;16981
FR;1;2022-07-09;661;1273;7306;36016;689;6347;36806;0;392;42624334;41472120;26393047;3370069;42547271;28563208;3599504;0;17373
FR;1;2022-07-10;239;553;2240;6689;307;2032;7068;0;89;42624573;41472673;26395287;3376758;42547578;28565240;3606572;0;17462
FR;1;2022-07-11;1215;2227;14316;84441;1162;11934;86555;0;734;42625788;41474900;26409603;3461199;42548740;28577174;3693127;0;18196
FR;1;2022-07-12;1559;2789;19458;137405;1426;15896;139894;0;1485;42627347;41477689;26429061;3598604;42550166;28593070;3833021;0;19681
FR;1;2022-07-13;1421;2431;14788;89833;1310;12639;91519;0;1002;42628768;41480120;26443849;3688437;42551476;28605709;3924540;0;20683
FR;1;2022-07-14;161;348;1862;5286;193;1771;5433;0;74;42628929;41480468;26445711;3693723;42551669;28607480;3929973;0;20757
FR;1;2022-07-15;1259;2302;14361;80590;1183;12004;82594;0;960;42630188;41482770;26460072;3774313;42552852;28619484;4012567;0;21717
FR;1;2022-07-16;508;1052;5639;23945;544;4893;24585;0;302;42630696;41483822;26465711;3798258;42553396;28624377;4037152;0;22019
FR;1;2022-07-17;159;364;1655;4461;189;1499;4724;0;60;42630855;41484186;26467366;3802719;42553585;28625876;4041876;0;22079
FR;1;2022-07-18;973;2031;11297;59271;1140;9567;60994;0;715;42631828;41486217;26478663;3861990;42554725;28635443;4102870;0;22794
FR;1;2022-07-19;1227;2126;14690;99420;1188;11723;101415;0;1386;42633055;41488343;26493353;3961410;42555913;28647166;4204285;0;24180
FR;1;2022-07-20;1177;1996;12364;74361;1164;10274;75849;0;963;42634232;41490339;26505717;4035771;42557077;28657440;4280134;0;25143
FR;1;2022-07-21;1133;1950;12412;84540;1184;9990;85902;0;1211;42635365;41492289;26518129;4120311;42558261;28667430;4366036;0;26354
FR;1;2022-07-22;1243;2216;14096;85932;1235;11424;87668;0;1264;42636608;41494505;26532225;4206243;42559496;28678854;4453704;0;27618
FR;1;2022-07-23;535;1089;5232;21294;631;4606;21837;0;374;42637143;41495594;26537457;4227537;42560127;28683460;4475541;0;27992
FR;1;2022-07-24;148;305;1325;3699;150;1167;3923;0;65;42637291;41495899;26538782;4231236;42560277;28684627;4479464;0;28057
FR;1;2022-07-25;889;1627;9071;46110;978;7519;47486;0;680;42638180;41497526;26547853;4277346;42561255;28692146;4526950;0;28737
FR;1;2022-07-26;1129;1960;12678;81962;1115;10334;83575;0;1198;42639309;41499486;26560531;4359308;42562370;28702480;4610525;0;29935
FR;1;2022-07-27;1016;1725;9759;58517;1038;8139;59698;0;874;42640325;41501211;26570290;4417825;42563408;28710619;4670223;0;30809
FR;1;2022-07-28;979;1703;9851;61898;1107;7843;63129;0;967;42641304;41502914;26580141;4479723;42564515;28718462;4733352;0;31776
FR;1;2022-07-29;1111;1835;10453;62956;1160;8379;64269;0;1066;42642415;41504749;26590594;4542679;42565675;28726841;4797621;0;32842
FR;1;2022-07-30;392;716;3349;14491;432;2849;14851;0;279;42642807;41505465;26593943;4557170;42566107;28729690;4812472;0;33121
FR;1;2022-07-31;140;263;900;2335;158;766;2477;0;47;42642947;41505728;26594843;4559505;42566265;28730456;4814949;0;33168
FR;1;2022-08-01;728;1372;7251;28963;991;6110;29955;0;519;42643675;41507100;26602094;4588468;42567256;28736566;4844904;0;33687
FR;1;2022-08-02;897;1473;8232;54022;987;6627;54672;0;1090;42644572;41508573;26610326;4642490;42568243;28743193;4899576;0;34777
FR;1;2022-08-03;723;1102;6150;37033;746;4934;37762;0;644;42645295;41509675;26616476;4679523;42568989;28748127;4937338;0;35421
FR;1;2022-08-04;643;1074;6255;41445;691;5048;42000;0;850;42645938;41510749;26622731;4720968;42569680;28753175;4979338;0;36271
FR;1;2022-08-05;740;1190;6760;43065;800;5429;43695;0;933;42646678;41511939;26629491;4764033;42570480;28758604;5023033;0;37204
FR;1;2022-08-06;274;461;1991;8998;301;1672;9190;0;218;42646952;41512400;26631482;4773031;42570781;28760276;5032223;0;37422
FR;1;2022-08-07;89;144;520;1552;100;436;1629;0;35;42647041;41512544;26632002;4774583;42570881;28760712;5033852;0;37457
FR;1;2022-08-08;493;943;3798;21216;698;3130;21623;0;457;42647534;41513487;26635800;4795799;42571579;28763842;5055475;0;37914
FR;1;2022-08-09;609;1033;5679;38467;722;4554;38961;0;794;42648143;41514520;26641479;4834266;42572301;28768396;5094436;0;38708
FR;1;2022-08-10;537;1027;4432;26912;728;3632;27226;0;601;42648680;41515547;26645911;4861178;42573029;28772028;5121662;0;39309
FR;1;2022-08-11;538;912;4304;28204;623;3578;28532;0;634;42649218;41516459;26650215;4889382;42573652;28775606;5150194;0;39943
FR;1;2022-08-12;597;1025;4548;27161;699;3756;27572;0;666;42649815;41517484;26654763;4916543;42574351;28779362;5177766;0;40609
FR;1;2022-08-13;180;356;1247;5107;249;1064;5278;0;116;42649995;41517840;26656010;4921650;42574600;28780426;5183044;0;40725
FR;1;2022-08-14;65;115;276;871;97;235;941;0;24;42650060;41517955;26656286;4922521;42574697;28780661;5183985;0;40749
FR;1;2022-08-15;78;170;570;542;139;531;593;0;16;42650138;41518125;26656856;4923063;42574836;28781192;5184578;0;40765
FR;1;2022-08-16;522;934;3787;21486;692;3217;21686;0;582;42650660;41519059;26660643;4944549;42575528;28784409;5206264;0;41347
FR;1;2022-08-17;528;889;3766;22147;657;3193;22388;0;579;42651188;41519948;26664409;4966696;42576185;28787602;5228652;0;41926
FR;1;2022-08-18;543;879;3926;25434;679;3128;25653;0;630;42651731;41520827;26668335;4992130;42576864;28790730;5254305;0;42556
FR;1;2022-08-19;533;1038;4366;26531;737;3599;26838;0;732;42652264;41521865;26672701;5018661;42577601;28794329;5281143;0;43288
FR;1;2022-08-20;233;411;1289;5371;311;1106;5524;0;138;42652497;41522276;26673990;5024032;42577912;28795435;5286667;0;43426
FR;1;2022-08-21;82;110;283;989;75;249;1012;0;27;42652579;41522386;26674273;5025021;42577987;28795684;5287679;0;43453
FR;1;2022-08-22;474;886;3140;14945;658;2711;15221;0;411;42653053;41523272;26677413;5039966;42578645;28798395;5302900;0;43864
FR;1;2022-08-23;636;1057;4153;28310;742;3486;28389;0;830;42653689;41524329;26681566;5068276;42579387;28801881;5331289;0;44694
FR;1;2022-08-24;556;829;3401;19060;649;2770;19245;0;587;42654245;41525158;26684967;5087336;42580036;28804651;5350534;0;45281
FR;1;2022-08-25;562;923;3823;22919;643;3206;23148;0;655;42654807;41526081;26688790;5110255;42580679;28807857;5373682;0;45936
FR;1;2022-08-26;746;1127;4345;25155;803;3561;25531;0;745;42655553;41527208;26693135;5135410;42581482;28811418;5399213;0;46681
FR;1;2022-08-27;218;430;1322;5303;274;1190;5357;0;192;42655771;41527638;26694457;5140713;42581756;28812608;5404570;0;46873
FR;1;2022-08-28;111;145;298;898;104;280;947;0;33;42655882;41527783;26694755;5141611;42581860;28812888;5405517;0;46906
FR;1;2022-08-29;503;856;2976;14248;632;2515;14558;0;409;42656385;41528639;26697731;5155859;42582492;28815403;5420075;0;47315
FR;1;2022-08-30;739;1095;4622;27710;772;3772;28031;0;793;42657124;41529734;26702353;5183569;42583264;28819175;5448106;0;48108
FR;1;2022-08-31;579;827;3108;17232;605;2618;17494;0;483;42657703;41530561;26705461;5200801;42583869;28821793;5465600;0;48591
FR;1;2022-09-01;674;913;4325;21871;639;3684;22133;0;586;42658377;41531474;26709786;5222672;42584508;28825477;5487733;0;49177
FR;1;2022-09-02;772;1043;4880;27861;737;4075;28148;0;882;42659149;41532517;26714666;5250533;42585245;28829552;5515881;0;50059
FR;1;2022-09-03;317;502;1831;5874;341;1592;6103;0;174;42659466;41533019;26716497;5256407;42585586;28831144;5521984;0;50233
FR;1;2022-09-04;107;137;341;842;74;334;912;0;21;42659573;41533156;26716838;5257249;42585660;28831478;5522896;0;50254
FR;1;2022-09-05;574;669;3023;15687;492;2529;15970;0;499;42660147;41533825;26719861;5272936;42586152;28834007;5538866;0;50753
FR;1;2022-09-06;723;928;4564;31054;576;3702;31277;0;1002;42660870;41534753;26724425;5303990;42586728;28837709;5570143;0;51755
FR;1;2022-09-07;539;684;2918;16442;444;2421;16579;0;550;42661409;41535437;26727343;5320432;42587172;28840130;5586722;0;52305
FR;1;2022-09-08;567;785;3696;24203;528;3037;24282;0;796;42661976;41536222;26731039;5344635;42587700;28843167;5611004;0;53101
FR;1;2022-09-09;769;967;4302;26882;606;3590;27065;0;902;42662745;41537189;26735341;5371517;42588306;28846757;5638069;0;54003
FR;1;2022-09-10;328;463;1673;5587;293;1474;5777;0;204;42663073;41537652;26737014;5377104;42588599;28848231;5643846;0;54207
FR;1;2022-09-11;105;120;311;645;82;292;701;0;17;42663178;41537772;26737325;5377749;42588681;28848523;5644547;0;54224
FR;1;2022-09-12;448;585;2609;12948;409;2226;13228;0;462;42663626;41538357;26739934;5390697;42589090;28850749;5657775;0;54686
FR;1;2022-09-13;580;794;3867;25833;502;3380;25708;0;835;42664206;41539151;26743801;5416530;42589592;28854129;5683483;0;55521
FR;1;2022-09-14;570;693;2867;15694;478;2397;15930;0;537;42664776;41539844;26746668;5432224;42590070;28856526;5699413;0;56058
FR;1;2022-09-15;509;709;3331;23084;480;2838;23147;0;677;42665285;41540553;26749999;5455308;42590550;28859364;5722560;0;56735
FR;1;2022-09-16;714;928;4011;25330;611;3381;25532;0;891;42665999;41541481;26754010;5480638;42591161;28862745;5748092;0;57626
FR;1;2022-09-17;294;408;1392;5977;278;1217;6085;0;227;42666293;41541889;26755402;5486615;42591439;28863962;5754177;0;57853
FR;1;2022-09-18;97;123;310;923;100;278;979;0;33;42666390;41542012;26755712;5487538;42591539;28864240;5755156;0;57886
FR;1;2022-09-19;366;568;2132;12846;369;1828;12999;0;414;42666756;41542580;26757844;5500384;42591908;28866068;5768155;0;58300
FR;1;2022-09-20;554;803;3658;25827;549;3058;25865;0;853;42667310;41543383;26761502;5526211;42592457;28869126;5794020;0;59153
FR;1;2022-09-21;469;679;2624;15861;479;2252;15826;0;561;42667779;41544062;26764126;5542072;42592936;28871378;5809846;0;59714
FR;1;2022-09-22;534;755;3288;22947;495;2686;23137;0;742;42668313;41544817;26767414;5565019;42593431;28874064;5832983;0;60456
FR;1;2022-09-23;760;933;4349;28134;664;3629;28302;0;978;42669073;41545750;26771763;5593153;42594095;28877693;5861285;0;61434
FR;1;2022-09-24;352;534;1583;6694;375;1368;6865;0;300;42669425;41546284;26773346;5599847;42594470;28879061;5868150;0;61734
FR;1;2022-09-25;80;152;321;1071;105;293;1109;0;32;42669505;41546436;26773667;5600918;42594575;28879354;5869259;0;61766
FR;1;2022-09-26;382;639;2180;13059;417;1932;13153;0;412;42669887;41547075;26775847;5613977;42594992;28881286;5882412;0;62178
FR;1;2022-09-27;540;764;3458;25021;539;2793;25219;0;906;42670427;41547839;26779305;5638998;42595531;28884079;5907631;0;63084
FR;1;2022-09-28;516;712;2441;14957;499;2208;15048;0;597;42670943;41548551;26781746;5653955;42596030;28886287;5922679;0;63681
FR;1;2022-09-29;504;690;2980;20345;480;2505;20358;0;767;42671447;41549241;26784726;5674300;42596510;28888792;5943037;0;64448
FR;1;2022-09-30;678;967;3772;24417;667;3157;24664;0;968;42672125;41550208;26788498;5698717;42597177;28891949;5967701;0;65416
FR;1;2022-10-01;342;543;1899;5501;378;1655;5729;0;273;42672467;41550751;26790397;5704218;42597555;28893604;5973430;0;65689
FR;1;2022-10-02;53;117;204;567;80;203;588;0;29;42672520;41550868;26790601;5704785;42597635;28893807;5974018;0;65718
FR;1;2022-10-03;415;665;2197;10010;507;1941;10194;0;488;42672935;41551533;26792798;5714795;42598142;28895748;5984212;0;66206
FR;1;2022-10-04;545;693;2922;18921;460;2472;19010;0;1083;42673480;41552226;26795720;5733716;42598602;28898220;6003222;0;67289
FR;1;2022-10-05;429;680;2083;11099;451;1856;11233;0;722;42673909;41552906;26797803;5744815;42599053;28900076;6014455;0;68011
FR;1;2022-10-06;442;607;2492;15772;430;2057;15955;0;1060;42674351;41553513;26800295;5760587;42599483;28902133;6030410;0;69071
FR;1;2022-10-07;549;735;2691;16058;535;2307;16082;0;1160;42674900;41554248;26802986;5776645;42600018;28904440;6046492;0;70231
FR;1;2022-10-08;234;306;886;3170;237;775;3274;0;291;42675134;41554554;26803872;5779815;42600255;28905215;6049766;0;70522
FR;1;2022-10-09;75;87;150;461;77;134;487;0;50;42675209;41554641;26804022;5780276;42600332;28905349;6050253;0;70572
FR;1;2022-10-10;295;439;1315;4996;346;1233;5091;0;463;42675504;41555080;26805337;5785272;42600678;28906582;6055344;0;71035
FR;1;2022-10-11;317;431;1309;8084;319;1189;8185;0;757;42675821;41555511;26806646;5793356;42600997;28907771;6063529;0;71792
FR;1;2022-10-12;323;421;1058;5179;314;1052;5194;0;520;42676144;41555932;26807704;5798535;42601311;28908823;6068723;0;72312
FR;1;2022-10-13;324;385;1067;6072;295;922;6122;0;627;42676468;41556317;26808771;5804607;42601606;28909745;6074845;0;72939
FR;1;2022-10-14;408;531;1169;6709;442;1042;6778;0;675;42676876;41556848;26809940;5811316;42602048;28910787;6081623;0;73614
FR;1;2022-10-15;202;259;519;1859;212;501;1867;0;226;42677078;41557107;26810459;5813175;42602260;28911288;6083490;0;73840
FR;1;2022-10-16;47;58;110;292;40;117;311;0;48;42677125;41557165;26810569;5813467;42602300;28911405;6083801;0;73888
FR;1;2022-10-17;235;318;733;2652;252;688;2696;0;366;42677360;41557483;26811302;5816119;42602552;28912093;6086497;0;74254
FR;1;2022-10-18;262;311;951;4588;246;830;4685;0;865;42677622;41557794;26812253;5820707;42602798;28912923;6091182;0;75119
FR;1;2022-10-19;275;360;690;3181;293;661;3160;0;502;42677897;41558154;26812943;5823888;42603091;28913584;6094342;0;75621
FR;1;2022-10-20;278;313;888;4363;260;776;4401;0;771;42678175;41558467;26813831;5828251;42603351;28914360;6098743;0;76392
FR;1;2022-10-21;299;400;844;3802;354;737;3874;0;675;42678474;41558867;26814675;5832053;42603705;28915097;6102617;0;77067
FR;1;2022-10-22;135;169;306;1243;146;300;1209;0;209;42678609;41559036;26814981;5833296;42603851;28915397;6103826;0;77276
FR;1;2022-10-23;30;41;64;197;39;58;213;0;25;42678639;41559077;26815045;5833493;42603890;28915455;6104039;0;77301
FR;1;2022-10-24;272;231;476;1599;203;472;1655;0;306;42678911;41559308;26815521;5835092;42604093;28915927;6105694;0;77607
FR;1;2022-10-25;215;252;524;2649;220;445;2704;0;488;42679126;41559560;26816045;5837741;42604313;28916372;6108398;0;78095
FR;1;2022-10-26;232;244;390;1953;230;367;1959;0;435;42679358;41559804;26816435;5839694;42604543;28916739;6110357;0;78530
FR;1;2022-10-27;258;220;488;2163;192;506;2147;0;512;42679616;41560024;26816923;5841857;42604735;28917245;6112504;0;79042
FR;1;2022-10-28;306;314;529;2334;296;466;2401;0;473;42679922;41560338;26817452;5844191;42605031;28917711;6114905;0;79515
FR;1;2022-10-29;98;149;175;712;117;209;703;0;202;42680020;41560487;26817627;5844903;42605148;28917920;6115608;0;79717
FR;1;2022-10-30;37;41;61;183;33;55;189;0;38;42680057;41560528;26817688;5845086;42605181;28917975;6115797;0;79755
FR;1;2022-10-31;135;180;293;796;159;270;863;0;144;42680192;41560708;26817981;5845882;42605340;28918245;6116660;0;79899
FR;1;2022-11-01;39;108;757;115;93;754;135;0;18;42680231;41560816;26818738;5845997;42605433;28918999;6116795;0;79917
FR;1;2022-11-02;256;224;519;979;220;488;1040;0;354;42680487;41561040;26819257;5846976;42605653;28919487;6117835;0;80271
FR;1;2022-11-03;265;222;434;1376;210;393;1415;0;370;42680752;41561262;26819691;5848352;42605863;28919880;6119250;0;80641
FR;1;2022-11-04;229;250;420;1597;229;399;1635;0;438;42680981;41561512;26820111;5849949;42606092;28920279;6120885;0;81079
FR;1;2022-11-05;95;118;272;500;107;254;522;0;111;42681076;41561630;26820383;5850449;42606199;28920533;6121407;0;81190
FR;1;2022-11-06;35;42;32;131;41;35;129;0;33;42681111;41561672;26820415;5850580;42606240;28920568;6121536;0;81223
FR;1;2022-11-07;181;201;289;891;190;279;937;0;211;42681292;41561873;26820704;5851471;42606430;28920847;6122473;0;81434
FR;1;2022-11-08;195;230;455;1677;218;401;1705;0;518;42681487;41562103;26821159;5853148;42606648;28921248;6124178;0;81952
FR;1;2022-11-09;181;205;331;1102;192;297;1139;0;458;42681668;41562308;26821490;5854250;42606840;28921545;6125317;0;82410
FR;1;2022-11-10;207;261;426;1678;250;435;1665;0;580;42681875;41562569;26821916;5855928;42607090;28921980;6126982;0;82990
FR;1;2022-11-11;27;32;101;100;31;87;114;0;44;42681902;41562601;26822017;5856028;42607121;28922067;6127096;0;83034
FR;1;2022-11-12;82;111;254;375;98;252;390;0;101;42681984;41562712;26822271;5856403;42607219;28922319;6127486;0;83135
FR;1;2022-11-13;19;23;26;64;20;29;66;0;26;42682003;41562735;26822297;5856467;42607239;28922348;6127552;0;83161
FR;1;2022-11-14;166;170;255;765;158;259;835;0;234;42682169;41562905;26822552;5857232;42607397;28922607;6128387;0;83395
FR;1;2022-11-15;201;225;375;1292;224;351;1332;0;434;42682370;41563130;26822927;5858524;42607621;28922958;6129719;0;83829
FR;1;2022-11-16;181;214;325;981;209;338;1016;0;359;42682551;41563344;26823252;5859505;42607830;28923296;6130735;0;84188
FR;1;2022-11-17;163;177;282;1204;172;258;1208;0;386;42682714;41563521;26823534;5860709;42608002;28923554;6131943;0;84574
FR;1;2022-11-18;223;248;387;1313;242;376;1346;0;411;42682937;41563769;26823921;5862022;42608244;28923930;6133289;0;84985
FR;1;2022-11-19;119;100;242;435;98;207;468;0;99;42683056;41563869;26824163;5862457;42608342;28924137;6133757;0;85084
FR;1;2022-11-20;21;33;27;66;28;29;74;0;28;42683077;41563902;26824190;5862523;42608370;28924166;6133831;0;85112
FR;1;2022-11-21;174;163;264;638;138;281;673;0;211;42683251;41564065;26824454;5863161;42608508;28924447;6134504;0;85323
FR;1;2022-11-22;152;141;404;1154;124;387;1177;0;405;42683403;41564206;26824858;5864315;42608632;28924834;6135681;0;85728
FR;1;2022-11-23;176;163;237;758;145;238;780;0;241;42683579;41564369;26825095;5865073;42608777;28925072;6136461;0;85969
FR;1;2022-11-24;129;160;279;1175;140;280;1178;0;424;42683708;41564529;26825374;5866248;42608917;28925352;6137639;0;86393
FR;1;2022-11-25;195;226;422;1153;211;411;1185;0;392;42683903;41564755;26825796;5867401;42609128;28925763;6138824;0;86785
FR;1;2022-11-26;89;103;111;317;92;122;305;0;117;42683992;41564858;26825907;5867718;42609220;28925885;6139129;0;86902
FR;1;2022-11-27;14;28;18;71;15;30;77;0;49;42684006;41564886;26825925;5867789;42609235;28925915;6139206;0;86951
FR;1;2022-11-28;199;134;206;662;142;201;705;0;331;42684205;41565020;26826131;5868451;42609377;28926116;6139911;0;87282
FR;1;2022-11-29;167;137;257;1078;121;242;1088;0;454;42684372;41565157;26826388;5869529;42609498;28926358;6140999;0;87736
FR;1;2022-11-30;158;187;226;927;174;228;951;0;318;42684530;41565344;26826614;5870456;42609672;28926586;6141950;0;88054
FR;1;2022-12-01;132;130;646;1080;122;608;1121;0;361;42684662;41565474;26827260;5871536;42609794;28927194;6143071;0;88415
FR;1;2022-12-02;192;184;477;1178;180;473;1225;0;466;42684854;41565658;26827737;5872714;42609974;28927667;6144296;0;88881
FR;1;2022-12-03;101;101;228;524;90;205;525;0;174;42684955;41565759;26827965;5873238;42610064;28927872;6144821;0;89055
FR;1;2022-12-04;24;26;19;136;23;20;127;0;58;42684979;41565785;26827984;5873374;42610087;28927892;6144948;0;89113
FR;1;2022-12-05;130;115;266;858;110;261;888;0;313;42685109;41565900;26828250;5874232;42610197;28928153;6145836;0;89426
FR;1;2022-12-06;143;136;255;1438;123;259;1444;0;737;42685252;41566036;26828505;5875670;42610320;28928412;6147280;0;90163
FR;1;2022-12-07;143;137;231;1180;149;210;1197;0;571;42685395;41566173;26828736;5876850;42610469;28928622;6148477;0;90734
FR;1;2022-12-08;123;132;278;1730;123;234;1775;0;762;42685518;41566305;26829014;5878580;42610592;28928856;6150252;0;91496
FR;1;2022-12-09;193;186;305;1801;161;312;1821;0;718;42685711;41566491;26829319;5880381;42610753;28929168;6152073;0;92214
FR;1;2022-12-10;108;96;168;841;85;154;856;0;289;42685819;41566587;26829487;5881222;42610838;28929322;6152929;0;92503
FR;1;2022-12-11;31;30;30;215;26;28;200;0;62;42685850;41566617;26829517;5881437;42610864;28929350;6153129;0;92565
FR;1;2022-12-12;117;84;257;1094;83;243;1106;0;455;42685967;41566701;26829774;5882531;42610947;28929593;6154235;0;93020
FR;1;2022-12-13;114;115;247;1287;89;227;1296;0;610;42686081;41566816;26830021;5883818;42611036;28929820;6155531;0;93630
FR;1;2022-12-14;100;128;231;857;124;211;878;0;368;42686181;41566944;26830252;5884675;42611160;28930031;6156409;0;93998
FR;1;2022-12-15;125;122;266;1458;111;241;1473;0;679;42686306;41567066;26830518;5886133;42611271;28930272;6157882;0;94677
FR;1;2022-12-16;196;188;286;1286;193;277;1304;0;614;42686502;41567254;26830804;5887419;42611464;28930549;6159186;0;95291
FR;1;2022-12-17;87;77;99;452;69;96;454;0;200;42686589;41567331;26830903;5887871;42611533;28930645;6159640;0;95491
FR;1;2022-12-18;16;19;23;97;16;25;94;0;37;42686605;41567350;26830926;5887968;42611549;28930670;6159734;0;95528
FR;1;2022-12-19;144;118;191;779;123;165;817;0;358;42686749;41567468;26831117;5888747;42611672;28930835;6160551;0;95886
FR;1;2022-12-20;135;131;180;875;122;174;879;0;402;42686884;41567599;26831297;5889622;42611794;28931009;6161430;0;96288
FR;1;2022-12-21;130;99;140;615;106;108;623;0;353;42687014;41567698;26831437;5890237;42611900;28931117;6162053;0;96641
FR;1;2022-12-22;139;91;112;510;98;98;503;0;294;42687153;41567789;26831549;5890747;42611998;28931215;6162556;0;96935
FR;1;2022-12-23;123;102;141;356;89;142;347;0;173;42687276;41567891;26831690;5891103;42612087;28931357;6162903;0;97108
FR;1;2022-12-24;28;19;26;52;22;25;58;0;20;42687304;41567910;26831716;5891155;42612109;28931382;6162961;0;97128
FR;1;2022-12-25;3;4;10;10;4;7;10;0;11;42687307;41567914;26831726;5891165;42612113;28931389;6162971;0;97139
FR;1;2022-12-26;87;64;58;216;69;64;215;0;92;42687394;41567978;26831784;5891381;42612182;28931453;6163186;0;97231
FR;1;2022-12-27;105;134;116;367;130;120;380;0;176;42687499;41568112;26831900;5891748;42612312;28931573;6163566;0;97407
FR;1;2022-12-28;97;113;75;245;104;83;250;0;115;42687596;41568225;26831975;5891993;42612416;28931656;6163816;0;97522
FR;1;2022-12-29;101;86;83;263;83;83;281;0;113;42687697;41568311;26832058;5892256;42612499;28931739;6164097;0;97635
FR;1;2022-12-30;121;109;62;245;97;70;253;0;138;42687818;41568420;26832120;5892501;42612596;28931809;6164350;0;97773
FR;1;2022-12-31;35;32;14;72;36;12;71;0;20;42687853;41568452;26832134;5892573;42612632;28931821;6164421;0;97793
FR;1;2023-01-01;4;7;4;11;7;4;12;0;10;42687857;41568459;26832138;5892584;42612639;28931825;6164433;0;97803
FR;1;2023-01-02;63;52;54;102;60;45;107;0;50;42687920;41568511;26832192;5892686;42612699;28931870;6164540;0;97853
FR;1;2023-01-03;134;70;82;159;68;85;164;0;113;42688054;41568581;26832274;5892845;42612767;28931955;6164704;0;97966
FR;1;2023-01-04;68;52;41;155;59;37;158;0;161;42688122;41568633;26832315;5893000;42612826;28931992;6164862;0;98127
FR;2;2020-12-27;0;0;0;0;0;0;0;0;0;0;0;0;0;0;0;0;0;0
FR;2;2020-12-28;0;0;0;0;0;0;0;0;0;0;0;0;0;0;0;0;0;0
FR;2;2020-12-29;0;0;0;0;0;0;0;0;0;0;0;0;0;0;0;0;0;0
FR;2;2020-12-30;0;0;0;0;0;0;0;0;0;0;0;0;0;0;0;0;0;0
FR;2;2020-12-31;0;0;0;0;0;0;0;0;0;0;0;0;0;0;0;0;0;0
FR;2;2021-01-01;0;0;0;0;0;0;0;0;0;0;0;0;0;0;0;0;0;0
FR;2;2021-01-02;0;0;0;0;0;0;0;0;0;0;0;0;0;0;0;0;0;0
FR;2;2021-01-03;0;0;0;0;0;0;0;0;0;0;0;0;0;0;0;0;0;0
FR;2;2021-01-04;0;0;0;0;0;0;0;0;0;0;0;0;0;0;0;0;0;0
FR;2;2021-01-05;0;0;0;0;0;0;0;0;0;0;0;0;0;0;0;0;0;0
FR;2;2021-01-06;0;0;0;0;0;0;0;0;0;0;0;0;0;0;0;0;0;0
FR;2;2021-01-07;0;0;0;0;0;0;0;0;0;0;0;0;0;0;0;0;0;0
FR;2;2021-01-08;0;0;0;0;0;0;0;0;0;0;0;0;0;0;0;0;0;0
FR;2;2021-01-09;0;0;0;0;0;0;0;0;0;0;0;0;0;0;0;0;0;0
FR;2;2021-01-10;0;0;0;0;0;0;0;0;0;0;0;0;0;0;0;0;0;0
FR;2;2021-01-11;0;0;0;0;0;0;0;0;0;0;0;0;0;0;0;0;0;0
FR;2;2021-01-12;0;0;0;0;0;0;0;0;0;0;0;0;0;0;0;0;0;0
FR;2;2021-01-13;0;0;0;0;0;0;0;0;0;0;0;0;0;0;0;0;0;0
FR;2;2021-01-14;1644;0;0;0;213;0;0;0;0;1644;0;0;0;213;0;0;0;0
FR;2;2021-01-15;398;0;0;0;28;0;0;0;0;2042;0;0;0;241;0;0;0;0
FR;2;2021-01-16;316;0;0;0;12;0;0;0;0;2358;0;0;0;253;0;0;0;0
FR;2;2021-01-17;84;0;0;0;7;0;0;0;0;2442;0;0;0;260;0;0;0;0
FR;2;2021-01-18;3075;2;0;0;27;0;0;0;0;5517;2;0;0;287;0;0;0;0
FR;2;2021-01-19;4681;2;0;0;31;0;0;0;0;10198;4;0;0;318;0;0;0;0
FR;2;2021-01-20;5137;6;0;0;58;0;0;0;0;15335;10;0;0;376;0;0;0;0
FR;2;2021-01-21;5345;9;0;0;56;0;0;0;0;20680;19;0;0;432;0;0;0;0
FR;2;2021-01-22;5118;17;0;0;69;0;0;0;0;25798;36;0;0;501;0;0;0;0
FR;2;2021-01-23;1875;2;0;0;16;0;0;0;0;27673;38;0;0;517;0;0;0;0
FR;2;2021-01-24;163;2;0;0;8;0;0;0;0;27836;40;0;0;525;0;0;0;0
FR;2;2021-01-25;3814;3;0;0;36;0;0;0;0;31650;43;0;0;561;0;0;0;0
FR;2;2021-01-26;3926;6;0;0;42;0;0;0;0;35576;49;0;0;603;0;0;0;0
FR;2;2021-01-27;3605;4;0;0;36;0;0;0;0;39181;53;0;0;639;0;0;0;0
FR;2;2021-01-28;3755;9;0;0;44;0;0;0;0;42936;62;0;0;683;0;0;0;0
FR;2;2021-01-29;3299;5;0;0;41;0;0;0;0;46235;67;0;0;724;0;0;0;0
FR;2;2021-01-30;1133;3;0;0;16;0;0;0;0;47368;70;0;0;740;0;0;0;0
FR;2;2021-01-31;46;2;0;0;9;0;0;0;0;47414;72;0;0;749;0;0;0;0
FR;2;2021-02-01;3406;13;0;0;44;0;0;0;0;50820;85;0;0;793;0;0;0;0
FR;2;2021-02-02;4496;19;0;0;53;0;0;0;0;55316;104;0;0;846;0;0;0;0
FR;2;2021-02-03;5222;11;0;0;82;0;0;0;0;60538;115;0;0;928;0;0;0;0
FR;2;2021-02-04;4941;11;0;0;36;0;0;0;0;65479;126;0;0;964;0;0;0;0
FR;2;2021-02-05;4817;16;0;0;49;0;0;0;0;70296;142;0;0;1013;0;0;0;0
FR;2;2021-02-06;2044;15;0;0;41;0;0;0;0;72340;157;0;0;1054;0;0;0;0
FR;2;2021-02-07;103;6;0;0;20;0;0;0;0;72443;163;0;0;1074;0;0;0;0
FR;2;2021-02-08;7558;26;0;0;85;0;0;0;0;80001;189;0;0;1159;0;0;0;0
FR;2;2021-02-09;8434;30;0;0;98;0;0;0;0;88435;219;0;0;1257;0;0;0;0
FR;2;2021-02-10;9348;62;0;0;182;0;0;0;0;97783;281;0;0;1439;0;0;0;0
FR;2;2021-02-11;10291;130;0;0;254;0;0;0;0;108074;411;0;0;1693;0;0;0;0
FR;2;2021-02-12;10059;274;0;0;428;0;0;0;0;118133;685;0;0;2121;0;0;0;0
FR;2;2021-02-13;3120;224;0;0;262;0;0;0;0;121253;909;0;0;2383;0;0;0;0
FR;2;2021-02-14;358;11;0;0;21;0;0;0;0;121611;920;0;0;2404;0;0;0;0
FR;2;2021-02-15;3460;3125;0;0;3171;0;0;0;0;125071;4045;0;0;5575;0;0;0;0
FR;2;2021-02-16;5075;4153;0;0;4226;0;0;0;0;130146;8198;0;0;9801;0;0;0;0
FR;2;2021-02-17;4259;4551;0;0;4627;0;0;0;0;134405;12749;0;0;14428;0;0;0;0
FR;2;2021-02-18;5406;5175;0;0;5244;0;0;0;0;139811;17924;0;0;19672;0;0;0;0
FR;2;2021-02-19;5328;4485;0;0;4586;0;0;0;0;145139;22409;0;0;24258;0;0;0;0
FR;2;2021-02-20;1872;1520;0;0;1535;0;0;0;0;147011;23929;0;0;25793;0;0;0;0
FR;2;2021-02-21;244;96;0;0;98;0;0;0;0;147255;24025;0;0;25891;0;0;0;0
FR;2;2021-02-22;3614;3782;0;0;3844;0;0;0;0;150869;27807;0;0;29735;0;0;0;0
FR;2;2021-02-23;4956;3733;0;0;3795;0;0;0;0;155825;31540;0;0;33530;0;0;0;0
FR;2;2021-02-24;5017;3552;0;0;3604;0;0;0;0;160842;35092;0;0;37134;0;0;0;0
FR;2;2021-02-25;5500;3489;0;0;3578;0;0;0;0;166342;38581;0;0;40712;0;0;0;0
FR;2;2021-02-26;4367;3179;0;0;3249;0;0;0;0;170709;41760;0;0;43961;0;0;0;0
FR;2;2021-02-27;1629;1067;0;0;1086;0;0;0;0;172338;42827;0;0;45047;0;0;0;0
FR;2;2021-02-28;179;17;0;0;28;0;0;0;0;172517;42844;0;0;45075;0;0;0;0
FR;2;2021-03-01;5193;3759;0;0;3848;0;0;0;0;177710;46603;0;0;48923;0;0;0;0
FR;2;2021-03-02;6541;4725;0;0;4826;0;0;0;0;184251;51328;0;0;53749;0;0;0;0
FR;2;2021-03-03;6544;4954;0;0;5095;0;0;0;0;190795;56282;0;0;58844;0;0;0;0
FR;2;2021-03-04;8409;4203;0;0;4387;0;0;0;0;199204;60485;0;0;63231;0;0;0;0
FR;2;2021-03-05;8037;4056;0;0;4236;0;0;0;0;207241;64541;0;0;67467;0;0;0;0
FR;2;2021-03-06;4790;1683;0;0;1783;0;0;0;0;212031;66224;0;0;69250;0;0;0;0
FR;2;2021-03-07;2373;32;0;0;76;0;0;0;0;214404;66256;0;0;69326;0;0;0;0
FR;2;2021-03-08;4166;8392;0;0;8548;0;0;0;0;218570;74648;0;0;77874;0;0;0;0
FR;2;2021-03-09;7493;8601;1;0;8859;0;0;0;0;226063;83249;1;0;86733;0;0;0;0
FR;2;2021-03-10;7107;9241;0;0;9466;0;0;0;0;233170;92490;1;0;96199;0;0;0;0
FR;2;2021-03-11;9378;9357;1;0;9676;0;0;0;0;242548;101847;2;0;105875;0;0;0;0
FR;2;2021-03-12;7984;8361;0;0;8662;0;0;0;0;250532;110208;2;0;114537;0;0;0;0
FR;2;2021-03-13;10056;2589;0;0;2910;0;0;0;0;260588;112797;2;0;117447;0;0;0;0
FR;2;2021-03-14;4841;383;0;0;542;0;0;0;0;265429;113180;2;0;117989;0;0;0;0
FR;2;2021-03-15;10916;3471;0;0;3760;0;0;0;0;276345;116651;2;0;121749;0;0;0;0
FR;2;2021-03-16;16769;4708;1;0;5255;0;0;0;0;293114;121359;3;0;127004;0;0;0;0
FR;2;2021-03-17;20241;4004;0;0;4678;0;0;0;0;313355;125363;3;0;131682;0;0;0;0
FR;2;2021-03-18;23371;5118;0;0;5944;0;0;0;0;336726;130481;3;0;137626;0;0;0;0
FR;2;2021-03-19;23315;4672;0;0;5435;0;0;0;0;360041;135153;3;0;143061;0;0;0;0
FR;2;2021-03-20;25451;1581;0;0;2337;0;0;0;0;385492;136734;3;0;145398;0;0;0;0
FR;2;2021-03-21;17673;152;0;0;730;0;0;0;0;403165;136886;3;0;146128;0;0;0;0
FR;2;2021-03-22;17790;3253;0;0;3922;0;0;0;0;420955;140139;3;0;150050;0;0;0;0
FR;2;2021-03-23;22702;4283;0;0;5134;0;0;0;0;443657;144422;3;0;155184;0;0;0;0
FR;2;2021-03-24;23962;5077;0;0;5913;0;0;0;0;467619;149499;3;0;161097;0;0;0;0
FR;2;2021-03-25;26759;5245;1;0;6441;0;0;0;0;494378;154744;4;0;167538;0;0;0;0
FR;2;2021-03-26;26991;4234;0;0;5380;0;0;0;0;521369;158978;4;0;172918;0;0;0;0
FR;2;2021-03-27;15923;1363;0;0;1892;0;0;0;0;537292;160341;4;0;174810;0;0;0;0
FR;2;2021-03-28;10562;136;0;0;428;0;0;0;0;547854;160477;4;0;175238;0;0;0;0
FR;2;2021-03-29;19000;4344;0;0;5045;0;0;0;0;566854;164821;4;0;180283;0;0;0;0
FR;2;2021-03-30;24596;6104;0;0;7044;0;0;0;0;591450;170925;4;0;187327;0;0;0;0
FR;2;2021-03-31;28561;5930;0;0;7221;0;0;0;0;620011;176855;4;0;194548;0;0;0;0
FR;2;2021-04-01;34559;8573;1;0;10265;0;0;0;0;654570;185428;5;0;204813;0;0;0;0
FR;2;2021-04-02;29993;7734;0;0;9161;0;0;0;0;684563;193162;5;0;213974;0;0;0;0
FR;2;2021-04-03;16958;4233;0;0;4915;0;0;0;0;701521;197395;5;0;218889;0;0;0;0
FR;2;2021-04-04;9309;1271;2;0;1679;0;0;0;0;710830;198666;7;0;220568;0;0;0;0
FR;2;2021-04-05;12446;796;0;0;1380;0;0;0;0;723276;199462;7;0;221948;0;0;0;0
FR;2;2021-04-06;27158;7335;0;0;8725;0;0;0;0;750434;206797;7;0;230673;0;0;0;0
FR;2;2021-04-07;30930;7066;1;0;8643;0;0;0;0;781364;213863;8;0;239316;0;0;0;0
FR;2;2021-04-08;36894;8600;1;0;10525;0;0;0;0;818258;222463;9;0;249841;0;0;0;0
FR;2;2021-04-09;33852;8391;28;0;10174;0;0;0;0;852110;230854;37;0;260015;0;0;0;0
FR;2;2021-04-10;19689;9260;1;0;10173;0;0;0;0;871799;240114;38;0;270188;0;0;0;0
FR;2;2021-04-11;7942;4240;1;0;4603;0;0;0;0;879741;244354;39;0;274791;0;0;0;0
FR;2;2021-04-12;17128;11031;0;0;11870;0;0;0;0;896869;255385;39;0;286661;0;0;0;0
FR;2;2021-04-13;19460;16036;1;0;17101;0;0;0;0;916329;271421;40;0;303762;0;0;0;0
FR;2;2021-04-14;18070;16443;7;0;17537;0;0;0;0;934399;287864;47;0;321299;0;0;0;0
FR;2;2021-04-15;22204;21836;27;0;23287;0;0;0;0;956603;309700;74;0;344586;0;0;0;0
FR;2;2021-04-16;20720;20613;45;0;21882;0;0;0;0;977323;330313;119;0;366468;0;0;0;0
FR;2;2021-04-17;13258;22493;5;0;23223;0;0;0;0;990581;352806;124;0;389691;0;0;0;0
FR;2;2021-04-18;5911;14398;6;0;14738;0;0;0;0;996492;367204;130;0;404429;0;0;0;0
FR;2;2021-04-19;16850;16399;24;0;17203;0;0;0;0;1013342;383603;154;0;421632;0;0;0;0
FR;2;2021-04-20;19325;21794;38;0;22856;0;0;0;0;1032667;405397;192;0;444488;0;0;0;0
FR;2;2021-04-21;20292;21874;76;0;23025;0;0;0;0;1052959;427271;268;0;467513;0;0;0;0
FR;2;2021-04-22;23824;24941;41;0;26351;0;0;0;0;1076783;452212;309;0;493864;0;0;0;0
FR;2;2021-04-23;24533;25485;76;0;26994;0;0;0;0;1101316;477697;385;0;520858;0;0;0;0
FR;2;2021-04-24;25305;15063;104;0;16501;0;0;0;0;1126621;492760;489;0;537359;0;0;0;0
FR;2;2021-04-25;9597;8620;5;0;9181;0;0;0;0;1136218;501380;494;0;546540;0;0;0;0
FR;2;2021-04-26;17166;17634;21;0;18520;0;0;0;0;1153384;519014;515;0;565060;0;0;0;0
FR;2;2021-04-27;19246;24114;40;0;25297;0;0;0;0;1172630;543128;555;0;590357;0;0;0;0
FR;2;2021-04-28;22341;26441;112;0;27841;0;0;0;0;1194971;569569;667;0;618198;0;0;0;0
FR;2;2021-04-29;25474;30462;70;0;32151;0;0;0;0;1220445;600031;737;0;650349;0;0;0;0
FR;2;2021-04-30;25540;27957;49;1;29603;0;0;0;0;1245985;627988;786;1;679952;0;0;0;0
FR;2;2021-05-01;14988;9846;6;0;10648;0;0;0;0;1260973;637834;792;1;690600;0;0;0;0
FR;2;2021-05-02;6640;9166;2;0;9512;0;0;0;0;1267613;647000;794;1;700112;0;0;0;0
FR;2;2021-05-03;20023;19132;40;0;20336;0;0;0;0;1287636;666132;834;1;720448;0;0;0;0
FR;2;2021-05-04;18287;29189;33;0;30332;0;0;0;0;1305923;695321;867;1;750780;0;0;0;0
FR;2;2021-05-05;18385;29504;48;0;30800;0;0;0;0;1324308;724825;915;1;781580;0;0;0;0
FR;2;2021-05-06;23551;35406;132;0;36978;0;0;0;0;1347859;760231;1047;1;818558;0;0;0;0
FR;2;2021-05-07;25340;33233;97;0;35090;0;0;0;0;1373199;793464;1144;1;853648;0;0;0;0
FR;2;2021-05-08;21342;10610;15;0;11699;0;0;0;0;1394541;804074;1159;1;865347;0;0;0;0
FR;2;2021-05-09;13169;7652;7;0;8327;0;0;0;0;1407710;811726;1166;1;873674;0;0;0;0
FR;2;2021-05-10;32944;21732;50;0;23589;0;0;0;0;1440654;833458;1216;1;897263;0;0;0;0
FR;2;2021-05-11;43613;20912;101;0;23538;0;0;0;0;1484267;854370;1317;1;920801;0;0;0;0
FR;2;2021-05-12;50064;19636;143;0;22515;0;0;0;0;1534331;874006;1460;1;943316;0;0;0;0
FR;2;2021-05-13;51298;5606;31;0;8474;0;0;0;0;1585629;879612;1491;1;951790;0;0;0;0
FR;2;2021-05-14;61359;12886;132;0;16539;0;0;0;0;1646988;892498;1623;1;968329;0;0;0;0
FR;2;2021-05-15;65936;7097;39;0;10647;0;0;0;0;1712924;899595;1662;1;978976;0;0;0;0
FR;2;2021-05-16;43588;2573;10;0;4943;0;0;0;0;1756512;902168;1672;1;983919;0;0;0;0
FR;2;2021-05-17;44754;12458;114;0;15364;0;0;0;0;1801266;914626;1786;1;999283;0;0;0;0
FR;2;2021-05-18;54647;12279;190;0;15961;0;0;0;0;1855913;926905;1976;1;1015244;0;0;0;0
FR;2;2021-05-19;57177;10465;281;0;14506;0;0;0;0;1913090;937370;2257;1;1029750;0;0;0;0
FR;2;2021-05-20;63447;10801;288;0;14900;0;0;0;0;1976537;948171;2545;1;1044650;0;0;0;0
FR;2;2021-05-21;64305;11607;230;0;16031;0;0;0;0;2040842;959778;2775;1;1060681;0;0;0;0
FR;2;2021-05-22;61488;4531;65;0;8501;0;0;0;0;2102330;964309;2840;1;1069182;0;0;0;0
FR;2;2021-05-23;37536;575;22;0;2912;0;0;0;0;2139866;964884;2862;1;1072094;0;0;0;0
FR;2;2021-05-24;17245;2050;35;0;3257;0;0;0;0;2157111;966934;2897;1;1075351;0;0;0;0
FR;2;2021-05-25;21119;12249;241;0;13851;0;0;0;0;2178230;979183;3138;1;1089202;0;0;0;0
FR;2;2021-05-26;19943;11537;230;0;13061;0;0;0;0;2198173;990720;3368;1;1102263;0;0;0;0
FR;2;2021-05-27;23000;12643;182;0;14380;0;0;0;0;2221173;1003363;3550;1;1116643;0;0;0;0
FR;2;2021-05-28;29395;15041;190;0;17223;0;0;0;0;2250568;1018404;3740;1;1133866;0;0;0;0
FR;2;2021-05-29;30422;8191;58;0;10099;0;0;0;0;2280990;1026595;3798;1;1143965;0;0;0;0
FR;2;2021-05-30;4648;1820;6;0;2155;0;0;0;0;2285638;1028415;3804;1;1146120;0;0;0;0
FR;2;2021-05-31;28590;18748;184;0;20828;0;0;0;0;2314228;1047163;3988;1;1166948;0;0;0;0
FR;2;2021-06-01;45739;19902;225;0;23141;0;0;0;0;2359967;1067065;4213;1;1190089;0;0;0;0
FR;2;2021-06-02;37477;19312;182;0;22317;0;0;0;0;2397444;1086377;4395;1;1212406;0;0;0;0
FR;2;2021-06-03;51281;23115;161;0;26969;0;0;0;0;2448725;1109492;4556;1;1239375;0;0;0;0
FR;2;2021-06-04;65516;24093;217;0;29063;0;0;0;0;2514241;1133585;4773;1;1268438;0;0;0;0
FR;2;2021-06-05;34605;24100;52;0;26955;0;0;0;0;2548846;1157685;4825;1;1295393;0;0;0;0
FR;2;2021-06-06;4957;6193;10;0;6612;0;0;0;0;2553803;1163878;4835;1;1302005;0;0;0;0
FR;2;2021-06-07;28177;23011;150;0;25424;0;0;0;0;2581980;1186889;4985;1;1327429;0;0;0;0
FR;2;2021-06-08;46377;22939;143;0;26903;0;0;0;0;2628357;1209828;5128;1;1354332;0;0;0;0
FR;2;2021-06-09;34296;20980;107;0;24113;0;0;0;0;2662653;1230808;5235;1;1378445;0;0;0;0
FR;2;2021-06-10;42643;19084;96;1;23006;0;0;0;0;2705296;1249892;5331;2;1401451;0;0;0;0
FR;2;2021-06-11;55303;25144;134;0;30243;0;0;0;0;2760599;1275036;5465;2;1431694;0;0;0;0
FR;2;2021-06-12;30563;19798;53;0;22653;0;0;0;0;2791162;1294834;5518;2;1454347;0;0;0;0
FR;2;2021-06-13;3333;9193;13;0;9581;0;0;0;0;2794495;1304027;5531;2;1463928;0;0;0;0
FR;2;2021-06-14;25304;24112;92;0;26692;0;0;0;0;2819799;1328139;5623;2;1490620;0;0;0;0
FR;2;2021-06-15;39048;22822;154;0;26572;0;0;0;0;2858847;1350961;5777;2;1517192;0;0;0;0
FR;2;2021-06-16;30167;21363;135;0;24518;0;0;0;0;2889014;1372324;5912;2;1541710;0;0;0;0
FR;2;2021-06-17;36912;25757;150;0;29620;0;0;0;0;2925926;1398081;6062;2;1571330;0;0;0;0
FR;2;2021-06-18;46860;28887;123;0;33589;0;0;0;0;2972786;1426968;6185;2;1604919;0;0;0;0
FR;2;2021-06-19;24527;24933;39;0;27707;0;0;0;0;2997313;1451901;6224;2;1632626;0;0;0;0
FR;2;2021-06-20;3745;10059;9;0;10558;0;0;0;0;3001058;1461960;6233;2;1643184;0;0;0;0
FR;2;2021-06-21;17537;42852;88;0;44863;0;0;0;0;3018595;1504812;6321;2;1688047;0;0;0;0
FR;2;2021-06-22;28365;49614;110;0;53042;0;0;0;0;3046960;1554426;6431;2;1741089;0;0;0;0
FR;2;2021-06-23;21791;49603;107;1;52449;1;0;0;0;3068751;1604029;6538;3;1793538;1;0;0;0
FR;2;2021-06-24;28379;50306;134;0;54041;0;0;0;0;3097130;1654335;6672;3;1847579;1;0;0;0
FR;2;2021-06-25;33402;60462;128;0;64848;0;0;0;0;3130532;1714797;6800;3;1912427;1;0;0;0
FR;2;2021-06-26;16395;59336;54;1;61726;0;0;0;0;3146927;1774133;6854;4;1974153;1;0;0;0
FR;2;2021-06-27;2566;29320;22;1;29902;0;0;0;0;3149493;1803453;6876;5;2004055;1;0;0;0
FR;2;2021-06-28;12641;54337;84;0;56313;0;0;0;0;3162134;1857790;6960;5;2060368;1;0;0;0
FR;2;2021-06-29;19857;59989;178;0;62934;0;0;0;0;3181991;1917779;7138;5;2123302;1;0;0;0
FR;2;2021-06-30;16334;58028;253;17;60713;0;0;0;0;3198325;1975807;7391;22;2184015;1;0;0;0
FR;2;2021-07-01;20494;59861;228;0;63189;0;0;0;0;3218819;2035668;7619;22;2247204;1;0;0;0
FR;2;2021-07-02;24080;62158;184;0;66374;0;0;0;0;3242899;2097826;7803;22;2313578;1;0;0;0
FR;2;2021-07-03;12121;57138;153;0;59473;0;0;0;0;3255020;2154964;7956;22;2373051;1;0;0;0
FR;2;2021-07-04;1960;23305;18;0;23872;0;0;0;0;3256980;2178269;7974;22;2396923;1;0;0;0
FR;2;2021-07-05;9179;29273;106;0;30909;0;0;0;0;3266159;2207542;8080;22;2427832;1;0;0;0
FR;2;2021-07-06;14583;36266;135;0;38945;0;0;0;0;3280742;2243808;8215;22;2466777;1;0;0;0
FR;2;2021-07-07;14417;33659;140;0;36414;0;0;0;0;3295159;2277467;8355;22;2503191;1;0;0;0
FR;2;2021-07-08;19722;40320;162;0;43981;0;0;0;0;3314881;2317787;8517;22;2547172;1;0;0;0
FR;2;2021-07-09;27104;54322;202;1;59474;0;0;0;0;3341985;2372109;8719;23;2606646;1;0;0;0
FR;2;2021-07-10;13388;33706;107;0;36394;0;0;0;0;3355373;2405815;8826;23;2643040;1;0;0;0
FR;2;2021-07-11;1811;4345;16;0;4774;0;0;0;0;3357184;2410160;8842;23;2647814;1;0;0;0
FR;2;2021-07-12;12971;37277;119;0;39934;0;0;0;0;3370155;2447437;8961;23;2687748;1;0;0;0
FR;2;2021-07-13;37117;53157;152;0;60294;0;0;0;0;3407272;2500594;9113;23;2748042;1;0;0;0
FR;2;2021-07-14;6628;3540;15;0;4889;0;0;0;0;3413900;2504134;9128;23;2752931;1;0;0;0
FR;2;2021-07-15;47244;47012;156;0;55212;0;0;0;0;3461144;2551146;9284;23;2808143;1;0;0;0
FR;2;2021-07-16;64318;55760;188;0;66742;0;0;0;0;3525462;2606906;9472;23;2874885;1;0;0;0
FR;2;2021-07-17;31600;23912;96;0;29366;0;0;0;0;3557062;2630818;9568;23;2904251;1;0;0;0
FR;2;2021-07-18;6090;4809;19;0;5956;0;0;0;0;3563152;2635627;9587;23;2910207;1;0;0;0
FR;2;2021-07-19;33006;28618;94;0;34233;0;0;0;0;3596158;2664245;9681;23;2944440;1;0;0;0
FR;2;2021-07-20;51998;44522;155;0;53160;0;0;0;0;3648156;2708767;9836;23;2997600;1;0;0;0
FR;2;2021-07-21;45256;34646;93;0;42155;0;0;0;0;3693412;2743413;9929;23;3039755;1;0;0;0
FR;2;2021-07-22;56279;41086;128;1;50369;0;0;0;0;3749691;2784499;10057;24;3090124;1;0;0;0
FR;2;2021-07-23;68301;48973;170;0;60268;0;0;0;0;3817992;2833472;10227;24;3150392;1;0;0;0
FR;2;2021-07-24;36180;21614;82;0;27476;0;0;0;0;3854172;2855086;10309;24;3177868;1;0;0;0
FR;2;2021-07-25;6751;2613;10;0;3872;0;0;0;0;3860923;2857699;10319;24;3181740;1;0;0;0
FR;2;2021-07-26;36319;22345;91;1;27852;0;0;0;0;3897242;2880044;10410;25;3209592;1;0;0;0
FR;2;2021-07-27;62390;34564;180;0;43710;0;0;0;0;3959632;2914608;10590;25;3253302;1;0;0;0
FR;2;2021-07-28;55324;26427;132;0;34519;0;0;0;0;4014956;2941035;10722;25;3287821;1;0;0;0
FR;2;2021-07-29;68480;32786;189;0;42474;0;0;0;0;4083436;2973821;10911;25;3330295;1;0;0;0
FR;2;2021-07-30;74466;37814;222;1;48611;0;0;0;0;4157902;3011635;11133;26;3378906;1;0;0;0
FR;2;2021-07-31;34776;16203;105;0;21403;0;0;0;0;4192678;3027838;11238;26;3400309;1;0;0;0
FR;2;2021-08-01;5414;2257;19;0;3120;0;0;0;0;4198092;3030095;11257;26;3403429;1;0;0;0
FR;2;2021-08-02;35889;16161;101;0;21062;0;0;0;0;4233981;3046256;11358;26;3424491;1;0;0;0
FR;2;2021-08-03;55986;28267;142;0;35475;0;0;0;0;4289967;3074523;11500;26;3459966;1;0;0;0
FR;2;2021-08-04;46637;20836;128;1;26951;0;0;0;0;4336604;3095359;11628;27;3486917;1;0;0;0
FR;2;2021-08-05;54639;31551;215;0;38738;0;0;0;0;4391243;3126910;11843;27;3525655;1;0;0;0
FR;2;2021-08-06;58099;42395;242;1;50232;0;0;0;0;4449342;3169305;12085;28;3575887;1;0;0;0
FR;2;2021-08-07;25150;17626;89;0;21319;0;0;0;0;4474492;3186931;12174;28;3597206;1;0;0;0
FR;2;2021-08-08;3839;3647;21;0;4305;0;0;0;0;4478331;3190578;12195;28;3601511;1;0;0;0
FR;2;2021-08-09;29308;21035;92;0;24861;0;0;0;0;4507639;3211613;12287;28;3626372;1;0;0;0
FR;2;2021-08-10;45011;33468;155;0;39236;0;0;0;0;4552650;3245081;12442;28;3665608;1;0;0;0
FR;2;2021-08-11;35274;25149;151;0;29753;0;0;0;0;4587924;3270230;12593;28;3695361;1;0;0;0
FR;2;2021-08-12;41904;35693;163;0;41233;0;0;0;0;4629828;3305923;12756;28;3736594;1;0;0;0
FR;2;2021-08-13;42606;37307;218;0;42997;0;0;0;0;4672434;3343230;12974;28;3779591;1;0;0;0
FR;2;2021-08-14;18524;22149;94;0;24783;0;0;0;0;4690958;3365379;13068;28;3804374;1;0;0;0
FR;2;2021-08-15;3861;3797;17;0;4385;0;0;0;0;4694819;3369176;13085;28;3808759;1;0;0;0
FR;2;2021-08-16;25093;27127;111;0;30454;0;0;0;0;4719912;3396303;13196;28;3839213;1;0;0;0
FR;2;2021-08-17;38265;43410;207;2;48401;0;0;0;0;4758177;3439713;13403;30;3887614;1;0;0;0
FR;2;2021-08-18;32253;36349;195;1;40699;1;0;0;0;4790430;3476062;13598;31;3928313;2;0;0;0
FR;2;2021-08-19;37434;46584;224;0;51792;0;0;0;0;4827864;3522646;13822;31;3980105;2;0;0;0
FR;2;2021-08-20;40568;55639;271;1;61575;0;0;0;0;4868432;3578285;14093;32;4041680;2;0;0;0
FR;2;2021-08-21;18121;24315;117;0;27107;0;0;0;0;4886553;3602600;14210;32;4068787;2;0;0;0
FR;2;2021-08-22;2908;4325;22;1;4857;1;0;0;0;4889461;3606925;14232;33;4073644;3;0;0;0
FR;2;2021-08-23;19249;35151;131;1;38045;0;0;0;0;4908710;3642076;14363;34;4111689;3;0;0;0
FR;2;2021-08-24;31952;56037;236;0;60699;0;0;0;0;4940662;3698113;14599;34;4172388;3;0;0;0
FR;2;2021-08-25;25934;43452;251;0;47405;0;0;0;0;4966596;3741565;14850;34;4219793;3;0;0;0
FR;2;2021-08-26;32362;55833;388;0;60596;0;0;0;0;4998958;3797398;15238;34;4280389;3;0;0;0
FR;2;2021-08-27;37003;65682;477;2;71417;0;0;0;0;5035961;3863080;15715;36;4351806;3;0;0;0
FR;2;2021-08-28;17819;28553;300;0;31618;0;0;0;0;5053780;3891633;16015;36;4383424;3;0;0;0
FR;2;2021-08-29;2656;5010;47;0;5623;0;0;0;0;5056436;3896643;16062;36;4389047;3;0;0;0
FR;2;2021-08-30;18417;37727;400;0;40145;759;0;0;0;5074853;3934370;16462;36;4429192;762;0;0;0
FR;2;2021-08-31;28077;57512;887;4;60950;1557;0;0;0;5102930;3991882;17349;40;4490142;2319;0;0;0
FR;2;2021-09-01;21594;39874;1309;0;42266;2125;0;0;0;5124524;4031756;18658;40;4532408;4444;0;0;0
FR;2;2021-09-02;25485;48665;1963;2;50949;3366;0;0;0;5150009;4080421;20621;42;4583357;7810;0;0;0
FR;2;2021-09-03;33414;64567;2988;3;67539;4883;1;0;0;5183423;4144988;23609;45;4650896;12693;1;0;0
FR;2;2021-09-04;16832;27761;1443;1;29559;2382;0;0;0;5200255;4172749;25052;46;4680455;15075;1;0;0
FR;2;2021-09-05;2264;3588;266;0;3946;412;0;0;0;5202519;4176337;25318;46;4684401;15487;1;0;0
FR;2;2021-09-06;14043;28699;1771;1;29766;2945;0;0;0;5216562;4205036;27089;47;4714167;18432;1;0;0
FR;2;2021-09-07;21108;41106;3021;13;42274;4932;0;0;0;5237670;4246142;30110;60;4756441;23364;1;0;0
FR;2;2021-09-08;17248;31922;2736;6;32739;4501;0;0;0;5254918;4278064;32846;66;4789180;27865;1;0;0
FR;2;2021-09-09;20981;40485;4437;3;41237;6839;0;0;0;5275899;4318549;37283;69;4830417;34704;1;0;0
FR;2;2021-09-10;28200;51302;5286;4;51889;8970;1;0;0;5304099;4369851;42569;73;4882306;43674;2;0;0
FR;2;2021-09-11;13654;22447;2405;5;23134;3977;0;0;0;5317753;4392298;44974;78;4905440;47651;2;0;0
FR;2;2021-09-12;1824;2772;292;0;2967;510;0;0;0;5319577;4395070;45266;78;4908407;48161;2;0;0
FR;2;2021-09-13;11659;21446;2474;4;21708;4050;0;0;0;5331236;4416516;47740;82;4930115;52211;2;0;0
FR;2;2021-09-14;18576;32734;5092;13;31693;9059;2;0;0;5349812;4449250;52832;95;4961808;61270;4;0;0
FR;2;2021-09-15;14915;28233;5169;3;26929;7755;9;0;0;5364727;4477483;58001;98;4988737;69025;13;0;0
FR;2;2021-09-16;16078;32793;6737;12;30184;10537;4;0;0;5380805;4510276;64738;110;5018921;79562;17;0;0
FR;2;2021-09-17;20915;47161;8781;10;42819;14621;6;0;0;5401720;4557437;73519;120;5061740;94183;23;0;0
FR;2;2021-09-18;9857;20960;3804;6;19593;6036;1;0;0;5411577;4578397;77323;126;5081333;100219;24;0;0
FR;2;2021-09-19;1166;2595;396;0;2538;632;0;0;0;5412743;4580992;77719;126;5083871;100851;24;0;0
FR;2;2021-09-20;7501;18705;3856;7;17027;6138;4;0;0;5420244;4599697;81575;133;5100898;106989;28;0;0
FR;2;2021-09-21;11215;29990;6495;5;26539;10749;3;0;0;5431459;4629687;88070;138;5127437;117738;31;0;0
FR;2;2021-09-22;9413;23545;5490;6;21197;8522;8;0;0;5440872;4653232;93560;144;5148634;126260;39;0;0
FR;2;2021-09-23;10731;28899;7881;10;24726;12648;10;0;0;5451603;4682131;101441;154;5173360;138908;49;0;0
FR;2;2021-09-24;15075;42932;10876;18;37276;17239;21;0;0;5466678;4725063;112317;172;5210636;156147;70;0;0
FR;2;2021-09-25;7258;18798;3965;9;17152;6119;3;0;0;5473936;4743861;116282;181;5227788;162266;73;0;0
FR;2;2021-09-26;1080;2547;495;0;2493;630;1;0;0;5475016;4746408;116777;181;5230281;162896;74;0;0
FR;2;2021-09-27;6312;16402;4287;8;14795;6534;2;0;0;5481328;4762810;121064;189;5245076;169430;76;0;0
FR;2;2021-09-28;9241;25569;7769;14;21718;12083;7;0;0;5490569;4788379;128833;203;5266794;181513;83;0;0
FR;2;2021-09-29;8081;20201;6067;25;17609;9260;8;0;0;5498650;4808580;134900;228;5284403;190773;91;0;0
FR;2;2021-09-30;9865;25837;9509;16;21636;14101;6;0;0;5508515;4834417;144409;244;5306039;204874;97;0;0
FR;2;2021-10-01;13978;35732;12920;25;30049;19321;10;0;0;5522493;4870149;157329;269;5336088;224195;107;0;0
FR;2;2021-10-02;6874;15931;4850;7;14227;7047;6;0;0;5529367;4886080;162179;276;5350315;231242;113;0;0
FR;2;2021-10-03;841;1909;492;1;1840;502;0;0;0;5530208;4887989;162671;277;5352155;231744;113;0;0
FR;2;2021-10-04;5826;13901;5516;5;12138;7853;6;0;0;5536034;4901890;168187;282;5364293;239597;119;0;0
FR;2;2021-10-05;9058;22560;11125;19;18525;15739;1;0;0;5545092;4924450;179312;301;5382818;255336;120;0;0
FR;2;2021-10-06;7784;17745;8243;11;15273;11091;4;0;0;5552876;4942195;187555;312;5398091;266427;124;0;0
FR;2;2021-10-07;9204;22208;12386;14;18008;16873;6;0;0;5562080;4964403;199941;326;5416099;283300;130;0;0
FR;2;2021-10-08;13431;32139;17349;28;26512;23613;11;0;0;5575511;4996542;217290;354;5442611;306913;141;0;0
FR;2;2021-10-09;6000;12844;6044;6;11380;7895;7;0;0;5581511;5009386;223334;360;5453991;314808;148;0;0
FR;2;2021-10-10;885;1598;436;2;1541;606;1;0;0;5582396;5010984;223770;362;5455532;315414;149;0;0
FR;2;2021-10-11;5607;11551;6455;17;9940;8828;3;0;0;5588003;5022535;230225;379;5465472;324242;152;0;0
FR;2;2021-10-12;8029;17786;12550;13;13924;16783;9;0;0;5596032;5040321;242775;392;5479396;341025;161;0;0
FR;2;2021-10-13;6945;14852;10256;12;11809;13646;7;0;0;5602977;5055173;253031;404;5491205;354671;168;0;0
FR;2;2021-10-14;8314;17937;14996;13;13559;19473;11;0;0;5611291;5073110;268027;417;5504764;374144;179;0;0
FR;2;2021-10-15;11856;26309;20902;26;19413;27980;4;0;0;5623147;5099419;288929;443;5524177;402124;183;0;0
FR;2;2021-10-16;5140;8742;1819;0;8173;3220;2;0;0;5628287;5108161;290748;443;5532350;405344;185;0;0
FR;2;2021-10-17;651;1150;185;0;1082;355;1;0;0;5628938;5109311;290933;443;5533432;405699;186;0;0
FR;2;2021-10-18;4562;7342;665;2;7246;1633;0;0;0;5633500;5116653;291598;445;5540678;407332;186;0;0
FR;2;2021-10-19;6239;9853;732;5;9656;2034;5;0;0;5639739;5126506;292330;450;5550334;409366;191;0;0
FR;2;2021-10-20;5170;8053;759;3;8175;1676;0;0;0;5644909;5134559;293089;453;5558509;411042;191;0;0
FR;2;2021-10-21;6090;9976;780;5;9835;2103;1;0;0;5650999;5144535;293869;458;5568344;413145;192;0;0
FR;2;2021-10-22;8452;14594;1149;4;14470;2889;2;0;0;5659451;5159129;295018;462;5582814;416034;194;0;0
FR;2;2021-10-23;3845;5994;587;0;6128;1235;3;0;0;5663296;5165123;295605;462;5588942;417269;197;0;0
FR;2;2021-10-24;494;884;101;0;901;205;0;0;0;5663790;5166007;295706;462;5589843;417474;197;0;0
FR;2;2021-10-25;3359;5350;307;1;5524;826;2;0;0;5667149;5171357;296013;463;5595367;418300;199;0;0
FR;2;2021-10-26;4177;7240;1133;4;7130;2022;5;0;0;5671326;5178597;297146;467;5602497;420322;204;0;0
FR;2;2021-10-27;3677;6594;1193;5;6452;1992;1;0;0;5675003;5185191;298339;472;5608949;422314;205;0;0
FR;2;2021-10-28;4597;7686;1736;3;7416;2746;1;0;0;5679600;5192877;300075;475;5616365;425060;206;0;0
FR;2;2021-10-29;5413;11082;2437;4;10694;3682;3;0;0;5685013;5203959;302512;479;5627059;428742;209;0;0
FR;2;2021-10-30;2749;4456;976;1;4454;1446;2;0;0;5687762;5208415;303488;480;5631513;430188;211;0;0
FR;2;2021-10-31;364;535;140;1;544;191;1;0;0;5688126;5208950;303628;481;5632057;430379;212;0;0
FR;2;2021-11-01;429;549;181;0;564;268;1;0;0;5688555;5209499;303809;481;5632621;430647;213;0;0
FR;2;2021-11-02;3293;6758;1183;0;6802;1765;5;0;0;5691848;5216257;304992;481;5639423;432412;218;0;0
FR;2;2021-11-03;3340;6228;1388;2;6318;1965;2;0;0;5695188;5222485;306380;483;5645741;434377;220;0;0
FR;2;2021-11-04;3986;7073;1768;4;7112;2494;3;0;0;5699174;5229558;308148;487;5652853;436871;223;0;0
FR;2;2021-11-05;5234;10504;2867;5;10212;3959;6;0;0;5704408;5240062;311015;492;5663065;440830;229;0;0
FR;2;2021-11-06;2596;4677;1404;0;4637;1819;2;0;0;5707004;5244739;312419;492;5667702;442649;231;0;0
FR;2;2021-11-07;506;866;221;0;873;291;2;0;0;5707510;5245605;312640;492;5668575;442940;233;0;0
FR;2;2021-11-08;2578;5347;1205;3;5268;1675;3;0;0;5710088;5250952;313845;495;5673843;444615;236;0;0
FR;2;2021-11-09;2749;6909;2402;5;6443;3182;2;0;0;5712837;5257861;316247;500;5680286;447797;238;0;0
FR;2;2021-11-10;2590;5669;5115;6;4765;6290;7;0;0;5715427;5263530;321362;506;5685051;454087;245;0;0
FR;2;2021-11-11;446;756;752;2;648;936;3;0;0;5715873;5264286;322114;508;5685699;455023;248;0;0
FR;2;2021-11-12;2953;8085;8982;8;6199;10928;9;0;0;5718826;5272371;331096;516;5691898;465951;257;0;0
FR;2;2021-11-13;1539;3374;3871;7;2722;4538;4;0;0;5720365;5275745;334967;523;5694620;470489;261;0;0
FR;2;2021-11-14;257;588;351;1;487;481;3;0;0;5720622;5276333;335318;524;5695107;470970;264;0;0
FR;2;2021-11-15;1621;3652;4449;8;2908;5328;16;0;0;5722243;5279985;339767;532;5698015;476298;280;0;0
FR;2;2021-11-16;2184;5882;8311;14;4159;10081;16;0;0;5724427;5285867;348078;546;5702174;486379;296;0;0
FR;2;2021-11-17;1741;4526;6632;8;3171;7851;5;0;0;5726168;5290393;354710;554;5705345;494230;301;0;0
FR;2;2021-11-18;2192;5925;9187;10;4024;11017;8;0;0;5728360;5296318;363897;564;5709369;505247;309;0;0
FR;2;2021-11-19;2700;7758;12980;19;4837;15480;12;0;0;5731060;5304076;376877;583;5714206;520727;321;0;0
FR;2;2021-11-20;1566;3336;5181;5;2352;6095;3;0;0;5732626;5307412;382058;588;5716558;526822;324;0;0
FR;2;2021-11-21;250;503;541;0;393;653;3;0;0;5732876;5307915;382599;588;5716951;527475;327;0;0
FR;2;2021-11-22;1278;2573;4483;5;1672;5399;9;0;0;5734154;5310488;387082;593;5718623;532874;336;0;0
FR;2;2021-11-23;1617;4273;8202;9;2536;9914;6;0;0;5735771;5314761;395284;602;5721159;542788;342;0;0
FR;2;2021-11-24;1421;3753;7483;14;2249;8736;9;0;0;5737192;5318514;402767;616;5723408;551524;351;0;0
FR;2;2021-11-25;1813;4866;11472;21;2684;13668;6;0;0;5739005;5323380;414239;637;5726092;565192;357;0;0
FR;2;2021-11-26;2541;7737;22673;31;3815;26087;14;0;0;5741546;5331117;436912;668;5729907;591279;371;0;0
FR;2;2021-11-27;1498;4139;12275;18;2130;14032;12;0;0;5743044;5335256;449187;686;5732037;605311;383;0;0
FR;2;2021-11-28;292;839;1975;3;480;2303;5;0;0;5743336;5336095;451162;689;5732517;607614;388;0;0
FR;2;2021-11-29;1447;4353;15099;23;2013;17269;25;0;0;5744783;5340448;466261;712;5734530;624883;413;0;0
FR;2;2021-11-30;1912;6660;26247;36;2645;30007;22;0;0;5746695;5347108;492508;748;5737175;654890;435;0;0
FR;2;2021-12-01;1916;6018;26206;31;2487;29517;20;0;0;5748611;5353126;518714;779;5739662;684407;455;0;0
FR;2;2021-12-02;1914;6778;37729;52;2116;41980;32;0;0;5750525;5359904;556443;831;5741778;726387;487;0;0
FR;2;2021-12-03;2557;10075;53636;111;3598;59384;30;0;0;5753082;5369979;610079;942;5745376;785771;517;0;0
FR;2;2021-12-04;1850;6277;37128;38;2187;40817;15;0;0;5754932;5376256;647207;980;5747563;826588;532;0;0
FR;2;2021-12-05;458;2247;14263;14;536;15990;7;0;0;5755390;5378503;661470;994;5748099;842578;539;0;0
FR;2;2021-12-06;2487;9856;77726;109;2706;84779;25;0;0;5757877;5388359;739196;1103;5750805;927357;564;0;0
FR;2;2021-12-07;3457;15289;122465;238;3746;133784;40;0;0;5761334;5403648;861661;1341;5754551;1061141;604;0;0
FR;2;2021-12-08;3725;15988;133219;330;3858;145413;54;0;0;5765059;5419636;994880;1671;5758409;1206554;658;0;0
FR;2;2021-12-09;4546;19631;170233;554;4175;185629;60;0;0;5769605;5439267;1165113;2225;5762584;1392183;718;0;0
FR;2;2021-12-10;4675;22805;188693;490;5017;206177;68;0;0;5774280;5462072;1353806;2715;5767601;1598360;786;0;0
FR;2;2021-12-11;3688;16620;132466;239;3672;144926;61;0;0;5777968;5478692;1486272;2954;5771273;1743286;847;0;0
FR;2;2021-12-12;1256;7124;59112;83;1019;65169;12;0;0;5779224;5485816;1545384;3037;5772292;1808455;859;0;0
FR;2;2021-12-13;5530;26817;220722;605;5229;243020;159;0;0;5784754;5512633;1766106;3642;5777521;2051475;1018;0;0
FR;2;2021-12-14;7018;37452;300796;908;6144;332254;189;0;0;5791772;5550085;2066902;4550;5783665;2383729;1207;0;0
FR;2;2021-12-15;6556;36232;285256;957;5875;315898;185;0;0;5798328;5586317;2352158;5507;5789540;2699627;1392;0;0
FR;2;2021-12-16;7765;37911;312170;981;6569;343796;184;0;0;5806093;5624228;2664328;6488;5796109;3043423;1576;0;0
FR;2;2021-12-17;8681;41188;327904;976;8026;360977;231;0;0;5814774;5665416;2992232;7464;5804135;3404400;1807;0;0
FR;2;2021-12-18;6515;26540;212366;448;4909;233675;120;0;0;5821289;5691956;3204598;7912;5809044;3638075;1927;0;0
FR;2;2021-12-19;2603;11408;90221;182;1660;100354;25;0;0;5823892;5703364;3294819;8094;5810704;3738429;1952;0;0
FR;2;2021-12-20;9549;33528;275250;706;6601;303399;208;0;0;5833441;5736892;3570069;8800;5817305;4041828;2160;0;0
FR;2;2021-12-21;11565;38292;309648;968;7378;341439;259;0;0;5845006;5775184;3879717;9768;5824683;4383267;2419;0;0
FR;2;2021-12-22;10458;32780;265138;952;6446;292494;316;0;1;5855464;5807964;4144855;10720;5831129;4675761;2735;0;1
FR;2;2021-12-23;9426;26629;199528;701;5887;221284;227;0;0;5864890;5834593;4344383;11421;5837016;4897045;2962;0;1
FR;2;2021-12-24;2783;7473;43863;140;2037;49563;78;0;0;5867673;5842066;4388246;11561;5839053;4946608;3040;0;1
FR;2;2021-12-25;201;676;2003;10;210;2482;15;0;0;5867874;5842742;4390249;11571;5839263;4949090;3055;0;1
FR;2;2021-12-26;1320;4216;25159;71;1052;28692;70;0;0;5869194;5846958;4415408;11642;5840315;4977782;3125;0;1
FR;2;2021-12-27;8075;29923;218431;659;6627;243373;294;0;0;5877269;5876881;4633839;12301;5846942;5221155;3419;0;1
FR;2;2021-12-28;9834;36299;272109;742;6990;302009;958;0;1;5887103;5913180;4905948;13043;5853932;5523164;4377;0;2
FR;2;2021-12-29;9498;32227;246142;765;6410;272688;1088;0;0;5896601;5945407;5152090;13808;5860342;5795852;5465;0;2
FR;2;2021-12-30;9461;28080;208838;663;5976;231458;1156;0;0;5906062;5973487;5360928;14471;5866318;6027310;6621;0;2
FR;2;2021-12-31;3011;8342;54990;176;2171;61232;392;0;0;5909073;5981829;5415918;14647;5868489;6088542;7013;0;2
FR;2;2022-01-01;231;689;2858;7;204;3353;29;0;0;5909304;5982518;5418776;14654;5868693;6091895;7042;0;2
FR;2;2022-01-02;1503;4853;29523;76;1166;33411;218;0;0;5910807;5987371;5448299;14730;5869859;6125306;7260;0;2
FR;2;2022-01-03;9604;35403;266541;806;8501;293919;1673;0;0;5920411;6022774;5714840;15536;5878360;6419225;8933;0;2
FR;2;2022-01-04;12854;45422;342100;1068;9971;377059;2458;0;1;5933265;6068196;6056940;16604;5888331;6796284;11391;0;3
FR;2;2022-01-05;11273;38624;294214;884;8632;323848;2154;0;2;5944538;6106820;6351154;17488;5896963;7120132;13545;0;5
FR;2;2022-01-06;13655;43493;331953;1298;9942;364760;2979;0;1;5958193;6150313;6683107;18786;5906905;7484892;16524;0;6
FR;2;2022-01-07;14225;47619;361116;1271;11241;396459;3160;0;0;5972418;6197932;7044223;20057;5918146;7881351;19684;0;6
FR;2;2022-01-08;7946;28138;201270;515;7208;221703;1528;0;2;5980364;6226070;7245493;20572;5925354;8103054;21212;0;8
FR;2;2022-01-09;2749;8953;62528;137;2073;69495;493;0;0;5983113;6235023;7308021;20709;5927427;8172549;21705;0;8
FR;2;2022-01-10;10099;31908;232502;858;8904;255078;2458;0;0;5993212;6266931;7540523;21567;5936331;8427627;24163;0;8
FR;2;2022-01-11;11468;36250;265934;1029;10064;290644;3380;0;1;6004680;6303181;7806457;22596;5946395;8718271;27543;0;9
FR;2;2022-01-12;8766;29790;206335;863;8720;226175;2798;0;5;6013446;6332971;8012792;23459;5955115;8944446;30341;0;14
FR;2;2022-01-13;9387;31333;224505;831;9038;244850;3462;0;4;6022833;6364304;8237297;24290;5964153;9189296;33803;0;18
FR;2;2022-01-14;9741;35586;254550;920;9848;277654;3983;0;1;6032574;6399890;8491847;25210;5974001;9466950;37786;0;19
FR;2;2022-01-15;5361;19449;140783;363;5324;153644;1928;0;0;6037935;6419339;8632630;25573;5979325;9620594;39714;0;19
FR;2;2022-01-16;1512;5462;35891;81;1618;39822;424;0;0;6039447;6424801;8668521;25654;5980943;9660416;40138;0;19
FR;2;2022-01-17;5546;19269;135417;601;6604;147261;2264;0;2;6044993;6444070;8803938;26255;5987547;9807677;42402;0;21
FR;2;2022-01-18;6423;21485;148642;647;7525;160465;3311;0;0;6051416;6465555;8952580;26902;5995072;9968142;45713;0;21
FR;2;2022-01-19;4397;16309;105108;552;6208;113700;2411;0;1;6055813;6481864;9057688;27454;6001280;10081842;48124;0;22
FR;2;2022-01-20;4873;17580;115303;603;7073;123696;3111;0;2;6060686;6499444;9172991;28057;6008353;10205538;51235;0;24
FR;2;2022-01-21;5198;20040;137355;679;7170;147772;3454;0;1;6065884;6519484;9310346;28736;6015523;10353310;54689;0;25
FR;2;2022-01-22;3034;10950;74262;260;3956;80330;1428;0;0;6068918;6530434;9384608;28996;6019479;10433640;56117;0;25
FR;2;2022-01-23;724;2709;15242;41;1057;16825;238;0;0;6069642;6533143;9399850;29037;6020536;10450465;56355;0;25
FR;2;2022-01-24;3290;12802;75082;431;5844;81025;1994;0;2;6072932;6545945;9474932;29468;6026380;10531490;58349;0;27
FR;2;2022-01-25;3575;14404;79631;496;6648;85458;2879;0;4;6076507;6560349;9554563;29964;6033028;10616948;61228;0;31
FR;2;2022-01-26;2515;10705;58984;363;5330;63037;1958;0;1;6079022;6571054;9613547;30327;6038358;10679985;63186;0;32
FR;2;2022-01-27;2683;11378;64180;389;5737;67959;2461;0;1;6081705;6582432;9677727;30716;6044095;10747944;65647;0;33
FR;2;2022-01-28;3551;18270;91727;429;8615;98912;3400;0;1;6085256;6600702;9769454;31145;6052710;10846856;69047;0;34
FR;2;2022-01-29;1894;9239;48854;164;4171;52930;1375;0;1;6087150;6609941;9818308;31309;6056881;10899786;70422;0;35
FR;2;2022-01-30;464;2208;9455;38;1050;10585;203;0;0;6087614;6612149;9827763;31347;6057931;10910371;70625;0;35
FR;2;2022-01-31;1890;9559;43834;209;4715;47328;1886;0;2;6089504;6621708;9871597;31556;6062646;10957699;72511;0;37
FR;2;2022-02-01;1916;10025;47031;279;4802;50082;2709;0;0;6091420;6631733;9918628;31835;6067448;11007781;75220;0;37
FR;2;2022-02-02;1614;8979;41122;250;4194;44151;2189;0;1;6093034;6640712;9959750;32085;6071642;11051932;77409;0;38
FR;2;2022-02-03;1728;8937;40526;205;4374;42916;2641;0;2;6094762;6649649;10000276;32290;6076016;11094848;80050;0;40
FR;2;2022-02-04;2151;15176;66649;299;7383;71327;3671;0;1;6096913;6664825;10066925;32589;6083399;11166175;83721;0;41
FR;2;2022-02-05;1360;8522;35946;132;4216;39224;1370;0;0;6098273;6673347;10102871;32721;6087615;11205399;85091;0;41
FR;2;2022-02-06;275;1763;6129;16;841;6900;217;0;0;6098548;6675110;10109000;32737;6088456;11212299;85308;0;41
FR;2;2022-02-07;1352;9551;37758;134;4536;41292;1889;0;2;6099900;6684661;10146758;32871;6092992;11253591;87197;0;43
FR;2;2022-02-08;1299;9832;40955;173;4644;43749;2741;0;1;6101199;6694493;10187713;33044;6097636;11297340;89938;0;44
FR;2;2022-02-09;1160;8841;37040;174;3804;40465;1901;0;2;6102359;6703334;10224753;33218;6101440;11337805;91839;0;46
FR;2;2022-02-10;1029;7999;33837;204;3604;36510;2051;0;1;6103388;6711333;10258590;33422;6105044;11374315;93890;0;47
FR;2;2022-02-11;1391;12086;53347;223;5282;57700;2888;0;0;6104779;6723419;10311937;33645;6110326;11432015;96778;0;47
FR;2;2022-02-12;754;6535;27987;86;2793;30807;1112;0;2;6105533;6729954;10339924;33731;6113119;11462822;97890;0;49
FR;2;2022-02-13;200;1340;4836;20;562;5577;141;0;0;6105733;6731294;10344760;33751;6113681;11468399;98031;0;49
FR;2;2022-02-14;835;6731;30273;91;2598;33232;1398;0;1;6106568;6738025;10375033;33842;6116279;11501631;99429;0;50
FR;2;2022-02-15;774;6473;28050;140;2801;29991;1967;0;2;6107342;6744498;10403083;33982;6119080;11531622;101396;0;52
FR;2;2022-02-16;657;5361;22067;124;2526;23632;1569;0;3;6107999;6749859;10425150;34106;6121606;11555254;102965;0;55
FR;2;2022-02-17;518;3786;14152;98;2131;14617;1406;0;2;6108517;6753645;10439302;34204;6123737;11569871;104371;0;57
FR;2;2022-02-18;723;5368;20442;134;3039;21129;1895;0;0;6109240;6759013;10459744;34338;6126776;11591000;106266;0;57
FR;2;2022-02-19;430;3061;10532;66;1699;11246;753;0;2;6109670;6762074;10470276;34404;6128475;11602246;107019;0;59
FR;2;2022-02-20;102;518;1463;3;314;1611;100;0;0;6109772;6762592;10471739;34407;6128789;11603857;107119;0;59
FR;2;2022-02-21;422;2685;9122;65;1569;9499;930;0;0;6110194;6765277;10480861;34472;6130358;11613356;108049;0;59
FR;2;2022-02-22;392;2567;8894;77;1621;8797;1180;0;0;6110586;6767844;10489755;34549;6131979;11622153;109229;0;59
FR;2;2022-02-23;432;2604;8992;82;1522;9268;1022;0;0;6111018;6770448;10498747;34631;6133501;11631421;110251;0;59
FR;2;2022-02-24;314;2038;6802;82;1250;6832;870;0;0;6111332;6772486;10505549;34713;6134751;11638253;111121;0;59
FR;2;2022-02-25;457;3207;11419;107;1977;11283;1559;0;3;6111789;6775693;10516968;34820;6136728;11649536;112680;0;62
FR;2;2022-02-26;297;1892;6038;49;1161;6345;587;0;1;6112086;6777585;10523006;34869;6137889;11655881;113267;0;63
FR;2;2022-02-27;76;313;907;5;214;950;98;0;0;6112162;6777898;10523913;34874;6138103;11656831;113365;0;63
FR;2;2022-02-28;330;1688;5525;53;1087;5531;733;0;0;6112492;6779586;10529438;34927;6139190;11662362;114098;0;63
FR;2;2022-03-01;279;1569;5483;46;952;5200;964;0;2;6112771;6781155;10534921;34973;6140142;11667562;115062;0;65
FR;2;2022-03-02;298;1445;5248;45;877;5092;815;0;1;6113069;6782600;10540169;35018;6141019;11672654;115877;0;66
FR;2;2022-03-03;226;1112;3709;42;721;3486;668;0;1;6113295;6783712;10543878;35060;6141740;11676140;116545;0;67
FR;2;2022-03-04;243;1469;4859;74;983;4506;949;0;1;6113538;6785181;10548737;35134;6142723;11680646;117494;0;68
FR;2;2022-03-05;174;906;2980;34;612;2724;561;0;0;6113712;6786087;10551717;35168;6143335;11683370;118055;0;68
FR;2;2022-03-06;42;183;280;5;105;320;52;0;0;6113754;6786270;10551997;35173;6143440;11683690;118107;0;68
FR;2;2022-03-07;156;659;1987;70;491;1777;472;0;0;6113910;6786929;10553984;35243;6143931;11685467;118579;0;68
FR;2;2022-03-08;144;670;2272;53;461;1907;619;0;0;6114054;6787599;10556256;35296;6144392;11687374;119198;0;68
FR;2;2022-03-09;156;708;2349;37;473;2050;616;0;0;6114210;6788307;10558605;35333;6144865;11689424;119814;0;68
FR;2;2022-03-10;123;603;1695;35;445;1470;456;0;1;6114333;6788910;10560300;35368;6145310;11690894;120270;0;69
FR;2;2022-03-11;172;757;2769;57;505;2368;737;0;1;6114505;6789667;10563069;35425;6145815;11693262;121007;0;70
FR;2;2022-03-12;149;484;1787;27;331;1556;450;0;0;6114654;6790151;10564856;35452;6146146;11694818;121457;0;70
FR;2;2022-03-13;25;75;203;30;45;204;69;0;0;6114679;6790226;10565059;35482;6146191;11695022;121526;0;70
FR;2;2022-03-14;129;470;1572;529;333;1301;951;0;0;6114808;6790696;10566631;36011;6146524;11696323;122477;0;70
FR;2;2022-03-15;138;441;1713;691;333;1333;1186;0;1;6114946;6791137;10568344;36702;6146857;11697656;123663;0;71
FR;2;2022-03-16;142;476;2013;1616;331;1593;2160;0;2;6115088;6791613;10570357;38318;6147188;11699249;125823;0;73
FR;2;2022-03-17;94;413;1409;1192;273;1145;1576;0;0;6115182;6792026;10571766;39510;6147461;11700394;127399;0;73
FR;2;2022-03-18;147;496;2025;1795;335;1668;2313;0;1;6115329;6792522;10573791;41305;6147796;11702062;129712;0;74
FR;2;2022-03-19;108;321;1210;941;219;1015;1259;0;0;6115437;6792843;10575001;42246;6148015;11703077;130971;0;74
FR;2;2022-03-20;13;77;191;59;39;168;115;0;0;6115450;6792920;10575192;42305;6148054;11703245;131086;0;74
FR;2;2022-03-21;97;307;1218;1483;180;1081;1760;0;1;6115547;6793227;10576410;43788;6148234;11704326;132846;0;75
FR;2;2022-03-22;118;390;1531;1830;244;1292;2218;0;0;6115665;6793617;10577941;45618;6148478;11705618;135064;0;75
FR;2;2022-03-23;137;361;1676;3032;232;1471;3374;0;6;6115802;6793978;10579617;48650;6148710;11707089;138438;0;81
FR;2;2022-03-24;117;293;1183;1548;186;1001;1814;0;8;6115919;6794271;10580800;50198;6148896;11708090;140252;0;89
FR;2;2022-03-25;119;361;1806;2451;238;1476;2837;0;8;6116038;6794632;10582606;52649;6149134;11709566;143089;0;97
FR;2;2022-03-26;79;247;1204;1222;138;952;1531;0;5;6116117;6794879;10583810;53871;6149272;11710518;144620;0;102
FR;2;2022-03-27;19;36;154;100;19;133;144;0;0;6116136;6794915;10583964;53971;6149291;11710651;144764;0;102
FR;2;2022-03-28;94;288;1138;1602;187;995;1834;0;6;6116230;6795203;10585102;55573;6149478;11711646;146598;0;108
FR;2;2022-03-29;108;258;1325;2467;167;1105;2760;0;4;6116338;6795461;10586427;58040;6149645;11712751;149358;0;112
FR;2;2022-03-30;91;312;1489;3185;163;1320;3422;0;2;6116429;6795773;10587916;61225;6149808;11714071;152780;0;114
FR;2;2022-03-31;104;284;1276;2332;172;1091;2616;0;3;6116533;6796057;10589192;63557;6149980;11715162;155396;0;117
FR;2;2022-04-01;123;324;1567;2349;164;1322;2667;0;7;6116656;6796381;10590759;65906;6150144;11716484;158063;0;124
FR;2;2022-04-02;81;161;845;891;83;737;1052;0;1;6116737;6796542;10591604;66797;6150227;11717221;159115;0;125
FR;2;2022-04-03;16;53;128;113;27;142;133;0;1;6116753;6796595;10591732;66910;6150254;11717363;159248;0;126
FR;2;2022-04-04;113;240;989;1447;142;798;1693;0;5;6116866;6796835;10592721;68357;6150396;11718161;160941;0;131
FR;2;2022-04-05;143;298;1317;2914;158;1145;3143;0;17;6117009;6797133;10594038;71271;6150554;11719306;164084;0;148
FR;2;2022-04-06;89;260;1306;2523;128;1130;2687;0;10;6117098;6797393;10595344;73794;6150682;11720436;166771;0;158
FR;2;2022-04-07;120;230;1303;2682;141;1042;2958;0;8;6117218;6797623;10596647;76476;6150823;11721478;169729;0;166
FR;2;2022-04-08;126;344;1634;3352;180;1327;3642;0;12;6117344;6797967;10598281;79828;6151003;11722805;173371;0;178
FR;2;2022-04-09;90;219;900;1046;144;732;1288;0;4;6117434;6798186;10599181;80874;6151147;11723537;174659;0;182
FR;2;2022-04-10;37;48;143;162;45;119;200;0;1;6117471;6798234;10599324;81036;6151192;11723656;174859;0;183
FR;2;2022-04-11;88;195;892;1560;121;782;1718;0;6;6117559;6798429;10600216;82596;6151313;11724438;176577;0;189
FR;2;2022-04-12;176;273;1183;2770;175;1062;2903;0;8;6117735;6798702;10601399;85366;6151488;11725500;179480;0;197
FR;2;2022-04-13;147;231;1125;2477;110;989;2671;0;11;6117882;6798933;10602524;87843;6151598;11726489;182151;0;208
FR;2;2022-04-14;115;226;1085;2677;113;919;2911;0;18;6117997;6799159;10603609;90520;6151711;11727408;185062;0;226
FR;2;2022-04-15;114;259;1219;2293;129;1076;2533;0;7;6118111;6799418;10604828;92813;6151840;11728484;187595;0;233
FR;2;2022-04-16;67;108;548;549;68;459;675;0;9;6118178;6799526;10605376;93362;6151908;11728943;188270;0;242
FR;2;2022-04-17;15;27;57;53;16;53;71;0;0;6118193;6799553;10605433;93415;6151924;11728996;188341;0;242
FR;2;2022-04-18;12;35;121;70;18;116;95;0;0;6118205;6799588;10605554;93485;6151942;11729112;188436;0;242
FR;2;2022-04-19;112;237;1120;1731;149;951;1915;0;9;6118317;6799825;10606674;95216;6152091;11730063;190351;0;251
FR;2;2022-04-20;95;241;1110;2172;125;934;2366;0;14;6118412;6800066;10607784;97388;6152216;11730997;192717;0;265
FR;2;2022-04-21;111;233;983;1912;125;838;2141;0;10;6118523;6800299;10608767;99300;6152341;11731835;194858;0;275
FR;2;2022-04-22;100;276;1242;2093;141;1023;2431;0;11;6118623;6800575;10610009;101393;6152482;11732858;197289;0;286
FR;2;2022-04-23;67;156;645;762;107;574;862;0;8;6118690;6800731;10610654;102155;6152589;11733432;198151;0;294
FR;2;2022-04-24;12;30;101;68;12;79;100;0;0;6118702;6800761;10610755;102223;6152601;11733511;198251;0;294
FR;2;2022-04-25;103;204;821;1315;104;711;1513;0;15;6118805;6800965;10611576;103538;6152705;11734222;199764;0;309
FR;2;2022-04-26;108;184;1041;2018;118;878;2216;0;18;6118913;6801149;10612617;105556;6152823;11735100;201980;0;327
FR;2;2022-04-27;98;181;860;1784;122;764;1806;0;7;6119011;6801330;10613477;107340;6152945;11735864;203786;0;334
FR;2;2022-04-28;93;214;950;1931;128;843;2087;0;12;6119104;6801544;10614427;109271;6153073;11736707;205873;0;346
FR;2;2022-04-29;81;280;1131;1696;131;1040;1875;0;11;6119185;6801824;10615558;110967;6153204;11737747;207748;0;357
FR;2;2022-04-30;66;126;471;540;79;430;628;0;9;6119251;6801950;10616029;111507;6153283;11738177;208376;0;366
FR;2;2022-05-01;23;24;84;49;20;85;61;0;1;6119274;6801974;10616113;111556;6153303;11738262;208437;0;367
FR;2;2022-05-02;115;232;762;1216;141;660;1374;0;5;6119389;6802206;10616875;112772;6153444;11738922;209811;0;372
FR;2;2022-05-03;152;233;999;1780;156;938;1894;0;14;6119541;6802439;10617874;114552;6153600;11739860;211705;0;386
FR;2;2022-05-04;90;226;924;1810;116;867;1821;0;13;6119631;6802665;10618798;116362;6153716;11740727;213526;0;399
FR;2;2022-05-05;127;197;856;1732;146;773;1848;0;10;6119758;6802862;10619654;118094;6153862;11741500;215374;0;409
FR;2;2022-05-06;133;246;1100;1855;139;1016;2052;0;16;6119891;6803108;10620754;119949;6154001;11742516;217426;0;425
FR;2;2022-05-07;40;99;470;504;61;406;593;0;4;6119931;6803207;10621224;120453;6154062;11742922;218019;0;429
FR;2;2022-05-08;48;54;107;70;41;102;100;0;0;6119979;6803261;10621331;120523;6154103;11743024;218119;0;429
FR;2;2022-05-09;101;174;654;986;103;604;1130;0;9;6120080;6803435;10621985;121509;6154206;11743628;219249;0;438
FR;2;2022-05-10;121;252;938;1841;155;893;1965;0;23;6120201;6803687;10622923;123350;6154361;11744521;221214;0;461
FR;2;2022-05-11;103;179;813;1873;117;792;1862;0;8;6120304;6803866;10623736;125223;6154478;11745313;223076;0;469
FR;2;2022-05-12;111;173;845;2096;115;803;2213;0;21;6120415;6804039;10624581;127319;6154593;11746116;225289;0;490
FR;2;2022-05-13;100;236;969;2097;122;900;2273;0;13;6120515;6804275;10625550;129416;6154715;11747016;227562;0;503
FR;2;2022-05-14;76;124;451;553;93;411;632;0;6;6120591;6804399;10626001;129969;6154808;11747427;228194;0;509
FR;2;2022-05-15;24;39;94;88;20;108;95;0;1;6120615;6804438;10626095;130057;6154828;11747535;228289;0;510
FR;2;2022-05-16;102;170;601;925;115;537;1037;0;11;6120717;6804608;10626696;130982;6154943;11748072;229326;0;521
FR;2;2022-05-17;95;184;690;1685;119;658;1737;0;8;6120812;6804792;10627386;132667;6155062;11748730;231063;0;529
FR;2;2022-05-18;80;181;643;1431;97;648;1486;0;10;6120892;6804973;10628029;134098;6155159;11749378;232549;0;539
FR;2;2022-05-19;73;161;709;1831;81;751;1817;0;12;6120965;6805134;10628738;135929;6155240;11750129;234366;0;551
FR;2;2022-05-20;107;180;874;1701;110;779;1849;0;17;6121072;6805314;10629612;137630;6155350;11750908;236215;0;568
FR;2;2022-05-21;48;96;398;517;71;339;581;0;8;6121120;6805410;10630010;138147;6155421;11751247;236796;0;576
FR;2;2022-05-22;8;23;69;37;18;57;56;0;0;6121128;6805433;10630079;138184;6155439;11751304;236852;0;576
FR;2;2022-05-23;86;133;498;931;100;469;967;0;7;6121214;6805566;10630577;139115;6155539;11751773;237819;0;583
FR;2;2022-05-24;87;164;627;1626;103;615;1680;0;17;6121301;6805730;10631204;140741;6155642;11752388;239499;0;600
FR;2;2022-05-25;72;146;539;1148;90;494;1259;0;5;6121373;6805876;10631743;141889;6155732;11752882;240758;0;605
FR;2;2022-05-26;11;31;77;45;13;85;56;0;1;6121384;6805907;10631820;141934;6155745;11752967;240814;0;606
FR;2;2022-05-27;44;124;456;818;68;438;893;0;9;6121428;6806031;10632276;142752;6155813;11753405;241707;0;615
FR;2;2022-05-28;28;60;221;244;29;221;266;0;1;6121456;6806091;10632497;142996;6155842;11753626;241973;0;616
FR;2;2022-05-29;13;34;43;25;22;51;28;0;0;6121469;6806125;10632540;143021;6155864;11753677;242001;0;616
FR;2;2022-05-30;65;109;424;755;60;409;806;0;6;6121534;6806234;10632964;143776;6155924;11754086;242807;0;622
FR;2;2022-05-31;76;135;564;1277;92;511;1303;0;12;6121610;6806369;10633528;145053;6156016;11754597;244110;0;634
FR;2;2022-06-01;59;158;563;1075;84;542;1170;0;6;6121669;6806527;10634091;146128;6156100;11755139;245280;0;640
FR;2;2022-06-02;92;178;625;1413;109;592;1519;0;12;6121761;6806705;10634716;147541;6156209;11755731;246799;0;652
FR;2;2022-06-03;71;156;668;1604;95;595;1693;0;19;6121832;6806861;10635384;149145;6156304;11756326;248492;0;671
FR;2;2022-06-04;69;93;283;433;66;269;475;0;11;6121901;6806954;10635667;149578;6156370;11756595;248967;0;682
FR;2;2022-06-05;12;17;63;57;16;47;74;0;1;6121913;6806971;10635730;149635;6156386;11756642;249041;0;683
FR;2;2022-06-06;12;39;92;76;28;92;80;0;4;6121925;6807010;10635822;149711;6156414;11756734;249121;0;687
FR;2;2022-06-07;99;222;667;1535;154;577;1661;0;10;6122024;6807232;10636489;151246;6156568;11757311;250782;0;697
FR;2;2022-06-08;70;118;476;1166;76;411;1262;0;5;6122094;6807350;10636965;152412;6156644;11757722;252044;0;702
FR;2;2022-06-09;93;166;613;1922;107;571;1927;0;18;6122187;6807516;10637578;154334;6156751;11758293;253971;0;720
FR;2;2022-06-10;91;168;650;1683;107;622;1774;0;23;6122278;6807684;10638228;156017;6156858;11758915;255745;0;743
FR;2;2022-06-11;44;84;287;529;41;258;583;0;5;6122322;6807768;10638515;156546;6156899;11759173;256328;0;748
FR;2;2022-06-12;18;38;58;78;27;60;78;0;0;6122340;6807806;10638573;156624;6156926;11759233;256406;0;748
FR;2;2022-06-13;39;119;395;953;63;378;1021;0;6;6122379;6807925;10638968;157577;6156989;11759611;257427;0;754
FR;2;2022-06-14;68;157;599;2088;101;537;2189;0;14;6122447;6808082;10639567;159665;6157090;11760148;259616;0;768
FR;2;2022-06-15;78;104;520;1503;84;444;1638;0;10;6122525;6808186;10640087;161168;6157174;11760592;261254;0;778
FR;2;2022-06-16;127;127;496;1411;122;423;1526;0;12;6122652;6808313;10640583;162579;6157296;11761015;262780;0;790
FR;2;2022-06-17;73;137;589;1817;87;516;1921;0;16;6122725;6808450;10641172;164396;6157383;11761531;264701;0;806
FR;2;2022-06-18;76;93;224;578;81;196;629;0;4;6122801;6808543;10641396;164974;6157464;11761727;265330;0;810
FR;2;2022-06-19;11;17;53;71;7;41;90;0;2;6122812;6808560;10641449;165045;6157471;11761768;265420;0;812
FR;2;2022-06-20;62;125;401;1028;72;392;1105;0;10;6122874;6808685;10641850;166073;6157543;11762160;266525;0;822
FR;2;2022-06-21;107;115;526;2125;104;455;2162;0;22;6122981;6808800;10642376;168198;6157647;11762615;268687;0;844
FR;2;2022-06-22;39;110;462;1889;57;415;1971;0;25;6123020;6808910;10642838;170087;6157704;11763030;270658;0;869
FR;2;2022-06-23;58;108;537;2282;67;452;2400;0;30;6123078;6809018;10643375;172369;6157771;11763482;273058;0;899
FR;2;2022-06-24;66;122;709;3198;65;571;3338;0;38;6123144;6809140;10644084;175567;6157836;11764053;276396;0;937
FR;2;2022-06-25;30;90;298;987;55;254;1040;0;13;6123174;6809230;10644382;176554;6157891;11764307;277436;0;950
FR;2;2022-06-26;30;27;131;194;29;97;236;0;5;6123204;6809257;10644513;176748;6157920;11764404;277672;0;955
FR;2;2022-06-27;79;137;582;2489;94;483;2622;0;39;6123283;6809394;10645095;179237;6158014;11764887;280294;0;994
FR;2;2022-06-28;108;140;812;4817;80;650;4894;0;54;6123391;6809534;10645907;184054;6158094;11765537;285188;0;1048
FR;2;2022-06-29;73;150;776;4433;80;637;4529;0;56;6123464;6809684;10646683;188487;6158174;11766174;289717;0;1104
FR;2;2022-06-30;72;133;832;5177;71;618;5397;0;79;6123536;6809817;10647515;193664;6158245;11766792;295114;0;1183
FR;2;2022-07-01;113;161;1153;6691;95;853;6944;0;92;6123649;6809978;10648668;200355;6158340;11767645;302058;0;1275
FR;2;2022-07-02;69;132;474;1976;82;392;2067;0;27;6123718;6810110;10649142;202331;6158422;11768037;304125;0;1302
FR;2;2022-07-03;23;30;146;334;21;130;357;0;8;6123741;6810140;10649288;202665;6158443;11768167;304482;0;1310
FR;2;2022-07-04;120;183;775;3785;111;612;3972;0;49;6123861;6810323;10650063;206450;6158554;11768779;308454;0;1359
FR;2;2022-07-05;119;187;1121;6818;120;828;6999;0;85;6123980;6810510;10651184;213268;6158674;11769607;315453;0;1444
FR;2;2022-07-06;92;150;951;5807;93;697;5933;0;84;6124072;6810660;10652135;219075;6158767;11770304;321386;0;1528
FR;2;2022-07-07;81;185;1020;6501;115;751;6732;0;101;6124153;6810845;10653155;225576;6158882;11771055;328118;0;1629
FR;2;2022-07-08;65;122;1095;7044;51;758;7235;0;123;6124218;6810967;10654250;232620;6158933;11771813;335353;0;1752
FR;2;2022-07-09;34;62;418;1869;31;299;1920;0;33;6124252;6811029;10654668;234489;6158964;11772112;337273;0;1785
FR;2;2022-07-10;6;17;97;315;8;83;327;0;5;6124258;6811046;10654765;234804;6158972;11772195;337600;0;1790
FR;2;2022-07-11;68;120;683;3825;75;540;3901;0;67;6124326;6811166;10655448;238629;6159047;11772735;341501;0;1857
FR;2;2022-07-12;102;180;1054;6517;107;809;6725;0;119;6124428;6811346;10656502;245146;6159154;11773544;348226;0;1976
FR;2;2022-07-13;64;127;879;4664;75;591;4830;0;78;6124492;6811473;10657381;249810;6159229;11774135;353056;0;2054
FR;2;2022-07-14;6;13;88;249;8;59;268;0;8;6124498;6811486;10657469;250059;6159237;11774194;353324;0;2062
FR;2;2022-07-15;61;129;739;3793;53;560;3959;0;75;6124559;6811615;10658208;253852;6159290;11774754;357283;0;2137
FR;2;2022-07-16;27;54;289;1029;30;242;1075;0;25;6124586;6811669;10658497;254881;6159320;11774996;358358;0;2162
FR;2;2022-07-17;5;12;78;201;6;67;207;0;6;6124591;6811681;10658575;255082;6159326;11775063;358565;0;2168
FR;2;2022-07-18;57;103;514;2509;61;384;2648;0;59;6124648;6811784;10659089;257591;6159387;11775447;361213;0;2227
FR;2;2022-07-19;66;133;770;4256;72;555;4445;0;72;6124714;6811917;10659859;261847;6159459;11776002;365658;0;2299
FR;2;2022-07-20;59;117;582;3179;68;430;3278;0;87;6124773;6812034;10660441;265026;6159527;11776432;368936;0;2386
FR;2;2022-07-21;60;110;671;3680;73;485;3797;0;105;6124833;6812144;10661112;268706;6159600;11776917;372733;0;2491
FR;2;2022-07-22;51;99;698;3548;48;506;3697;0;80;6124884;6812243;10661810;272254;6159648;11777423;376430;0;2571
FR;2;2022-07-23;39;97;290;1173;52;229;1226;0;37;6124923;6812340;10662100;273427;6159700;11777652;377656;0;2608
FR;2;2022-07-24;14;24;69;201;19;68;203;0;7;6124937;6812364;10662169;273628;6159719;11777720;377859;0;2615
FR;2;2022-07-25;50;71;405;1938;60;300;2000;0;56;6124987;6812435;10662574;275566;6159779;11778020;379859;0;2671
FR;2;2022-07-26;57;133;606;3423;66;477;3496;0;113;6125044;6812568;10663180;278989;6159845;11778497;383355;0;2784
FR;2;2022-07-27;42;81;457;2782;50;361;2801;0;89;6125086;6812649;10663637;281771;6159895;11778858;386156;0;2873
FR;2;2022-07-28;29;75;450;2486;36;357;2490;0;78;6125115;6812724;10664087;284257;6159931;11779215;388646;0;2951
FR;2;2022-07-29;68;88;535;2857;63;347;2978;0;73;6125183;6812812;10664622;287114;6159994;11779562;391624;0;3024
FR;2;2022-07-30;22;39;162;775;32;110;794;0;24;6125205;6812851;10664784;287889;6160026;11779672;392418;0;3048
FR;2;2022-07-31;6;13;27;104;12;21;110;0;2;6125211;6812864;10664811;287993;6160038;11779693;392528;0;3050
FR;2;2022-08-01;38;105;323;1261;73;260;1343;0;29;6125249;6812969;10665134;289254;6160111;11779953;393871;0;3079
FR;2;2022-08-02;49;75;325;2061;50;247;2097;0;78;6125298;6813044;10665459;291315;6160161;11780200;395968;0;3157
FR;2;2022-08-03;29;53;259;1611;25;187;1617;0;57;6125327;6813097;10665718;292926;6160186;11780387;397585;0;3214
FR;2;2022-08-04;40;65;306;1692;39;240;1701;0;66;6125367;6813162;10666024;294618;6160225;11780627;399286;0;3280
FR;2;2022-08-05;33;94;328;1880;67;236;1911;0;60;6125400;6813256;10666352;296498;6160292;11780863;401197;0;3340
FR;2;2022-08-06;22;41;106;365;29;82;372;0;10;6125422;6813297;10666458;296863;6160321;11780945;401569;0;3350
FR;2;2022-08-07;7;8;15;69;5;16;71;0;3;6125429;6813305;10666473;296932;6160326;11780961;401640;0;3353
FR;2;2022-08-08;19;35;218;877;22;146;915;0;33;6125448;6813340;10666691;297809;6160348;11781107;402555;0;3386
FR;2;2022-08-09;29;52;279;1475;41;238;1471;0;50;6125477;6813392;10666970;299284;6160389;11781345;404026;0;3436
FR;2;2022-08-10;16;21;213;1134;18;150;1155;0;46;6125493;6813413;10667183;300418;6160407;11781495;405181;0;3482
FR;2;2022-08-11;21;41;174;1039;26;117;1048;0;40;6125514;6813454;10667357;301457;6160433;11781612;406229;0;3522
FR;2;2022-08-12;36;49;184;1046;37;140;1069;0;35;6125550;6813503;10667541;302503;6160470;11781752;407298;0;3557
FR;2;2022-08-13;9;19;47;149;15;53;137;0;5;6125559;6813522;10667588;302652;6160485;11781805;407435;0;3562
FR;2;2022-08-14;1;2;12;52;1;11;54;0;1;6125560;6813524;10667600;302704;6160486;11781816;407489;0;3563
FR;2;2022-08-15;0;5;32;22;2;21;21;0;3;6125560;6813529;10667632;302726;6160488;11781837;407510;0;3566
FR;2;2022-08-16;27;33;144;681;34;120;678;0;33;6125587;6813562;10667776;303407;6160522;11781957;408188;0;3599
FR;2;2022-08-17;18;26;109;738;18;88;744;0;34;6125605;6813588;10667885;304145;6160540;11782045;408932;0;3633
FR;2;2022-08-18;14;28;160;836;12;107;852;0;42;6125619;6813616;10668045;304981;6160552;11782152;409784;0;3675
FR;2;2022-08-19;8;38;118;706;31;88;706;0;33;6125627;6813654;10668163;305687;6160583;11782240;410490;0;3708
FR;2;2022-08-20;6;26;61;197;16;52;201;0;8;6125633;6813680;10668224;305884;6160599;11782292;410691;0;3716
FR;2;2022-08-21;4;14;15;19;6;13;31;0;0;6125637;6813694;10668239;305903;6160605;11782305;410722;0;3716
FR;2;2022-08-22;11;25;116;395;17;73;451;0;13;6125648;6813719;10668355;306298;6160622;11782378;411173;0;3729
FR;2;2022-08-23;11;41;134;671;22;112;679;0;38;6125659;6813760;10668489;306969;6160644;11782490;411852;0;3767
FR;2;2022-08-24;11;28;87;466;21;80;472;0;18;6125670;6813788;10668576;307435;6160665;11782570;412324;0;3785
FR;2;2022-08-25;8;32;109;481;16;69;516;0;17;6125678;6813820;10668685;307916;6160681;11782639;412840;0;3802
FR;2;2022-08-26;16;46;117;720;36;91;713;0;32;6125694;6813866;10668802;308636;6160717;11782730;413553;0;3834
FR;2;2022-08-27;10;19;47;156;16;42;164;0;2;6125704;6813885;10668849;308792;6160733;11782772;413717;0;3836
FR;2;2022-08-28;1;5;5;15;1;7;16;0;1;6125705;6813890;10668854;308807;6160734;11782779;413733;0;3837
FR;2;2022-08-29;24;43;93;400;29;87;396;0;24;6125729;6813933;10668947;309207;6160763;11782866;414129;0;3861
FR;2;2022-08-30;31;54;154;791;34;119;798;0;29;6125760;6813987;10669101;309998;6160797;11782985;414927;0;3890
FR;2;2022-08-31;19;35;85;392;22;79;393;0;25;6125779;6814022;10669186;310390;6160819;11783064;415320;0;3915
FR;2;2022-09-01;19;42;139;600;24;122;609;0;36;6125798;6814064;10669325;310990;6160843;11783186;415929;0;3951
FR;2;2022-09-02;34;56;146;744;34;158;748;0;32;6125832;6814120;10669471;311734;6160877;11783344;416677;0;3983
FR;2;2022-09-03;17;20;83;205;11;67;213;0;7;6125849;6814140;10669554;311939;6160888;11783411;416890;0;3990
FR;2;2022-09-04;8;5;9;31;2;10;30;0;3;6125857;6814145;10669563;311970;6160890;11783421;416920;0;3993
FR;2;2022-09-05;29;31;126;367;23;98;397;0;24;6125886;6814176;10669689;312337;6160913;11783519;417317;0;4017
FR;2;2022-09-06;43;62;158;761;42;153;767;0;36;6125929;6814238;10669847;313098;6160955;11783672;418084;0;4053
FR;2;2022-09-07;21;20;74;375;16;49;387;0;22;6125950;6814258;10669921;313473;6160971;11783721;418471;0;4075
FR;2;2022-09-08;31;57;109;636;40;100;646;0;22;6125981;6814315;10670030;314109;6161011;11783821;419117;0;4097
FR;2;2022-09-09;18;24;126;753;21;74;746;0;46;6125999;6814339;10670156;314862;6161032;11783895;419863;0;4143
FR;2;2022-09-10;14;24;57;117;16;48;131;0;4;6126013;6814363;10670213;314979;6161048;11783943;419994;0;4147
FR;2;2022-09-11;12;5;11;11;3;13;13;0;0;6126025;6814368;10670224;314990;6161051;11783956;420007;0;4147
FR;2;2022-09-12;20;31;69;340;26;55;352;0;16;6126045;6814399;10670293;315330;6161077;11784011;420359;0;4163
FR;2;2022-09-13;15;34;125;670;13;99;674;0;40;6126060;6814433;10670418;316000;6161090;11784110;421033;0;4203
FR;2;2022-09-14;19;21;81;480;19;59;478;0;36;6126079;6814454;10670499;316480;6161109;11784169;421511;0;4239
FR;2;2022-09-15;22;44;126;486;26;102;493;0;47;6126101;6814498;10670625;316966;6161135;11784271;422004;0;4286
FR;2;2022-09-16;21;31;124;563;17;89;585;0;39;6126122;6814529;10670749;317529;6161152;11784360;422589;0;4325
FR;2;2022-09-17;6;20;56;160;15;52;147;0;13;6126128;6814549;10670805;317689;6161167;11784412;422736;0;4338
FR;2;2022-09-18;4;7;13;37;6;10;37;0;3;6126132;6814556;10670818;317726;6161173;11784422;422773;0;4341
FR;2;2022-09-19;26;24;114;353;16;87;381;0;22;6126158;6814580;10670932;318079;6161189;11784509;423154;0;4363
FR;2;2022-09-20;27;27;117;624;21;84;639;0;38;6126185;6814607;10671049;318703;6161210;11784593;423793;0;4401
FR;2;2022-09-21;15;30;100;393;15;78;418;0;22;6126200;6814637;10671149;319096;6161225;11784671;424211;0;4423
FR;2;2022-09-22;16;39;124;581;18;95;619;0;28;6126216;6814676;10671273;319677;6161243;11784766;424830;0;4451
FR;2;2022-09-23;21;38;135;555;22;111;570;0;39;6126237;6814714;10671408;320232;6161265;11784877;425400;0;4490
FR;2;2022-09-24;10;8;51;190;6;36;201;0;6;6126247;6814722;10671459;320422;6161271;11784913;425601;0;4496
FR;2;2022-09-25;9;11;14;29;11;11;33;0;5;6126256;6814733;10671473;320451;6161282;11784924;425634;0;4501
FR;2;2022-09-26;22;41;106;447;27;79;458;0;20;6126278;6814774;10671579;320898;6161309;11785003;426092;0;4521
FR;2;2022-09-27;30;46;161;906;35;108;861;0;52;6126308;6814820;10671740;321804;6161344;11785111;426953;0;4573
FR;2;2022-09-28;15;31;93;421;18;74;439;0;23;6126323;6814851;10671833;322225;6161362;11785185;427392;0;4596
FR;2;2022-09-29;26;48;114;618;23;110;630;0;33;6126349;6814899;10671947;322843;6161385;11785295;428022;0;4629
FR;2;2022-09-30;25;44;111;520;44;84;533;0;31;6126374;6814943;10672058;323363;6161429;11785379;428555;0;4660
FR;2;2022-10-01;11;20;51;128;20;36;129;0;8;6126385;6814963;10672109;323491;6161449;11785415;428684;0;4668
FR;2;2022-10-02;0;5;8;21;4;5;25;0;2;6126385;6814968;10672117;323512;6161453;11785420;428709;0;4670
FR;2;2022-10-03;22;30;83;291;26;66;306;0;22;6126407;6814998;10672200;323803;6161479;11785486;429015;0;4692
FR;2;2022-10-04;17;21;106;602;19;71;621;0;46;6126424;6815019;10672306;324405;6161498;11785557;429636;0;4738
FR;2;2022-10-05;20;29;75;491;24;67;488;0;54;6126444;6815048;10672381;324896;6161522;11785624;430124;0;4792
FR;2;2022-10-06;30;23;74;442;17;71;428;0;65;6126474;6815071;10672455;325338;6161539;11785695;430552;0;4857
FR;2;2022-10-07;21;30;86;499;26;66;503;0;42;6126495;6815101;10672541;325837;6161565;11785761;431055;0;4899
FR;2;2022-10-08;12;8;23;114;3;24;108;0;12;6126507;6815109;10672564;325951;6161568;11785785;431163;0;4911
FR;2;2022-10-09;1;8;15;17;6;11;22;0;5;6126508;6815117;10672579;325968;6161574;11785796;431185;0;4916
FR;2;2022-10-10;18;24;47;223;22;49;218;0;21;6126526;6815141;10672626;326191;6161596;11785845;431403;0;4937
FR;2;2022-10-11;16;15;47;253;11;39;240;0;52;6126542;6815156;10672673;326444;6161607;11785884;431643;0;4989
FR;2;2022-10-12;8;18;52;290;14;36;305;0;56;6126550;6815174;10672725;326734;6161621;11785920;431948;0;5045
FR;2;2022-10-13;11;14;48;271;9;48;261;0;26;6126561;6815188;10672773;327005;6161630;11785968;432209;0;5071
FR;2;2022-10-14;12;29;36;229;17;40;230;0;29;6126573;6815217;10672809;327234;6161647;11786008;432439;0;5100
FR;2;2022-10-15;4;10;22;111;4;17;113;0;15;6126577;6815227;10672831;327345;6161651;11786025;432552;0;5115
FR;2;2022-10-16;0;6;4;11;5;7;8;0;1;6126577;6815233;10672835;327356;6161656;11786032;432560;0;5116
FR;2;2022-10-17;15;17;31;121;16;26;131;0;29;6126592;6815250;10672866;327477;6161672;11786058;432691;0;5145
FR;2;2022-10-18;13;11;68;181;5;34;217;0;41;6126605;6815261;10672934;327658;6161677;11786092;432908;0;5186
FR;2;2022-10-19;8;17;36;182;12;30;184;0;42;6126613;6815278;10672970;327840;6161689;11786122;433092;0;5228
FR;2;2022-10-20;11;29;41;200;15;40;196;0;52;6126624;6815307;10673011;328040;6161704;11786162;433288;0;5280
FR;2;2022-10-21;6;15;60;232;6;53;222;0;30;6126630;6815322;10673071;328272;6161710;11786215;433510;0;5310
FR;2;2022-10-22;8;7;25;101;2;23;102;0;20;6126638;6815329;10673096;328373;6161712;11786238;433612;0;5330
FR;2;2022-10-23;0;3;1;5;3;0;6;0;2;6126638;6815332;10673097;328378;6161715;11786238;433618;0;5332
FR;2;2022-10-24;12;12;16;109;12;16;112;0;20;6126650;6815344;10673113;328487;6161727;11786254;433730;0;5352
FR;2;2022-10-25;12;7;23;138;6;15;145;0;51;6126662;6815351;10673136;328625;6161733;11786269;433875;0;5403
FR;2;2022-10-26;4;3;16;90;2;11;95;0;27;6126666;6815354;10673152;328715;6161735;11786280;433970;0;5430
FR;2;2022-10-27;7;9;18;88;9;20;71;0;27;6126673;6815363;10673170;328803;6161744;11786300;434041;0;5457
FR;2;2022-10-28;5;3;15;91;3;7;92;0;27;6126678;6815366;10673185;328894;6161747;11786307;434133;0;5484
FR;2;2022-10-29;7;8;18;33;6;14;37;0;8;6126685;6815374;10673203;328927;6161753;11786321;434170;0;5492
FR;2;2022-10-30;3;7;5;8;5;2;5;0;1;6126688;6815381;10673208;328935;6161758;11786323;434175;0;5493
FR;2;2022-10-31;2;8;6;49;6;10;48;0;11;6126690;6815389;10673214;328984;6161764;11786333;434223;0;5504
FR;2;2022-11-01;0;0;7;1;0;5;3;0;0;6126690;6815389;10673221;328985;6161764;11786338;434226;0;5504
FR;2;2022-11-02;6;5;12;44;5;12;45;0;11;6126696;6815394;10673233;329029;6161769;11786350;434271;0;5515
FR;2;2022-11-03;6;7;15;77;6;10;74;0;18;6126702;6815401;10673248;329106;6161775;11786360;434345;0;5533
FR;2;2022-11-04;7;12;15;85;10;14;93;0;10;6126709;6815413;10673263;329191;6161785;11786374;434438;0;5543
FR;2;2022-11-05;0;11;12;38;6;16;35;0;6;6126709;6815424;10673275;329229;6161791;11786390;434473;0;5549
FR;2;2022-11-06;0;2;2;1;0;4;0;0;2;6126709;6815426;10673277;329230;6161791;11786394;434473;0;5551
FR;2;2022-11-07;11;7;14;66;5;13;65;0;20;6126720;6815433;10673291;329296;6161796;11786407;434538;0;5571
FR;2;2022-11-08;11;6;18;58;4;14;65;0;27;6126731;6815439;10673309;329354;6161800;11786421;434603;0;5598
FR;2;2022-11-09;4;5;17;56;2;17;50;0;28;6126735;6815444;10673326;329410;6161802;11786438;434653;0;5626
FR;2;2022-11-10;7;10;17;74;7;14;76;0;14;6126742;6815454;10673343;329484;6161809;11786452;434729;0;5640
FR;2;2022-11-11;0;3;7;3;0;8;4;0;0;6126742;6815457;10673350;329487;6161809;11786460;434733;0;5640
FR;2;2022-11-12;2;5;7;19;4;7;19;0;4;6126744;6815462;10673357;329506;6161813;11786467;434752;0;5644
FR;2;2022-11-13;3;2;3;2;1;4;1;0;0;6126747;6815464;10673360;329508;6161814;11786471;434753;0;5644
FR;2;2022-11-14;4;6;13;29;3;10;33;0;7;6126751;6815470;10673373;329537;6161817;11786481;434786;0;5651
FR;2;2022-11-15;8;12;14;35;13;17;32;0;7;6126759;6815482;10673387;329572;6161830;11786498;434818;0;5658
FR;2;2022-11-16;4;3;4;45;3;4;46;0;18;6126763;6815485;10673391;329617;6161833;11786502;434864;0;5676
FR;2;2022-11-17;2;6;11;53;5;8;52;0;22;6126765;6815491;10673402;329670;6161838;11786510;434916;0;5698
FR;2;2022-11-18;3;4;7;41;4;6;44;0;10;6126768;6815495;10673409;329711;6161842;11786516;434960;0;5708
FR;2;2022-11-19;3;2;2;25;2;3;18;0;5;6126771;6815497;10673411;329736;6161844;11786519;434978;0;5713
FR;2;2022-11-20;0;2;6;9;2;6;10;0;26;6126771;6815499;10673417;329745;6161846;11786525;434988;0;5739
FR;2;2022-11-21;6;10;9;31;7;8;34;0;22;6126777;6815509;10673426;329776;6161853;11786533;435022;0;5761
FR;2;2022-11-22;8;8;20;65;6;21;70;0;71;6126785;6815517;10673446;329841;6161859;11786554;435092;0;5832
FR;2;2022-11-23;7;6;8;68;3;5;73;0;8;6126792;6815523;10673454;329909;6161862;11786559;435165;0;5840
FR;2;2022-11-24;2;2;11;50;2;7;57;0;10;6126794;6815525;10673465;329959;6161864;11786566;435222;0;5850
FR;2;2022-11-25;11;8;11;25;11;13;26;0;8;6126805;6815533;10673476;329984;6161875;11786579;435248;0;5858
FR;2;2022-11-26;1;5;4;8;4;7;6;0;0;6126806;6815538;10673480;329992;6161879;11786586;435254;0;5858
FR;2;2022-11-27;2;2;12;2;0;11;4;0;1;6126808;6815540;10673492;329994;6161879;11786597;435258;0;5859
FR;2;2022-11-28;0;2;7;35;1;5;37;0;5;6126808;6815542;10673499;330029;6161880;11786602;435295;0;5864
FR;2;2022-11-29;1;1;9;24;0;3;30;0;8;6126809;6815543;10673508;330053;6161880;11786605;435325;0;5872
FR;2;2022-11-30;2;1;9;47;0;10;44;0;21;6126811;6815544;10673517;330100;6161880;11786615;435369;0;5893
FR;2;2022-12-01;2;7;4;60;4;12;51;0;24;6126813;6815551;10673521;330160;6161884;11786627;435420;0;5917
FR;2;2022-12-02;1;2;12;51;2;10;51;0;27;6126814;6815553;10673533;330211;6161886;11786637;435471;0;5944
FR;2;2022-12-03;1;3;7;19;1;7;18;0;10;6126815;6815556;10673540;330230;6161887;11786644;435489;0;5954
FR;2;2022-12-04;0;0;0;4;0;0;4;0;0;6126815;6815556;10673540;330234;6161887;11786644;435493;0;5954
FR;2;2022-12-05;3;3;7;51;6;4;44;0;16;6126818;6815559;10673547;330285;6161893;11786648;435537;0;5970
FR;2;2022-12-06;3;4;13;45;3;6;47;0;17;6126821;6815563;10673560;330330;6161896;11786654;435584;0;5987
FR;2;2022-12-07;1;3;9;42;2;7;44;0;11;6126822;6815566;10673569;330372;6161898;11786661;435628;0;5998
FR;2;2022-12-08;0;2;11;44;0;6;49;0;16;6126822;6815568;10673580;330416;6161898;11786667;435677;0;6014
FR;2;2022-12-09;0;1;11;52;0;8;56;0;16;6126822;6815569;10673591;330468;6161898;11786675;435733;0;6030
FR;2;2022-12-10;0;2;8;49;0;2;48;0;9;6126822;6815571;10673599;330517;6161898;11786677;435781;0;6039
FR;2;2022-12-11;0;0;2;2;0;2;1;0;3;6126822;6815571;10673601;330519;6161898;11786679;435782;0;6042
FR;2;2022-12-12;0;0;6;36;0;6;35;0;10;6126822;6815571;10673607;330555;6161898;11786685;435817;0;6052
FR;2;2022-12-13;0;2;1;37;1;1;36;0;14;6126822;6815573;10673608;330592;6161899;11786686;435853;0;6066
FR;2;2022-12-14;0;2;6;26;2;2;30;0;14;6126822;6815575;10673614;330618;6161901;11786688;435883;0;6080
FR;2;2022-12-15;0;4;11;43;4;8;44;0;17;6126822;6815579;10673625;330661;6161905;11786696;435927;0;6097
FR;2;2022-12-16;2;4;18;55;3;13;60;0;15;6126824;6815583;10673643;330716;6161908;11786709;435987;0;6112
FR;2;2022-12-17;1;4;6;44;3;2;39;0;5;6126825;6815587;10673649;330760;6161911;11786711;436026;0;6117
FR;2;2022-12-18;1;0;0;0;0;0;0;0;1;6126826;6815587;10673649;330760;6161911;11786711;436026;0;6118
FR;2;2022-12-19;5;1;1;30;0;2;24;0;23;6126831;6815588;10673650;330790;6161911;11786713;436050;0;6141
FR;2;2022-12-20;0;1;3;34;0;2;36;0;24;6126831;6815589;10673653;330824;6161911;11786715;436086;0;6165
FR;2;2022-12-21;0;0;2;13;0;2;13;0;8;6126831;6815589;10673655;330837;6161911;11786717;436099;0;6173
FR;2;2022-12-22;0;4;3;26;2;4;26;0;10;6126831;6815593;10673658;330863;6161913;11786721;436125;0;6183
FR;2;2022-12-23;1;5;5;13;3;6;13;0;4;6126832;6815598;10673663;330876;6161916;11786727;436138;0;6187
FR;2;2022-12-24;0;0;1;1;0;1;1;0;0;6126832;6815598;10673664;330877;6161916;11786728;436139;0;6187
FR;2;2022-12-25;0;1;1;2;0;1;3;0;0;6126832;6815599;10673665;330879;6161916;11786729;436142;0;6187
FR;2;2022-12-26;0;0;4;11;0;2;11;0;3;6126832;6815599;10673669;330890;6161916;11786731;436153;0;6190
FR;2;2022-12-27;0;1;5;5;1;3;7;0;4;6126832;6815600;10673674;330895;6161917;11786734;436160;0;6194
FR;2;2022-12-28;0;2;2;13;2;1;14;0;5;6126832;6815602;10673676;330908;6161919;11786735;436174;0;6199
FR;2;2022-12-29;1;0;3;15;0;1;17;0;5;6126833;6815602;10673679;330923;6161919;11786736;436191;0;6204
FR;2;2022-12-30;0;0;1;6;0;1;5;0;1;6126833;6815602;10673680;330929;6161919;11786737;436196;0;6205
FR;2;2022-12-31;0;0;1;2;0;1;2;0;1;6126833;6815602;10673681;330931;6161919;11786738;436198;0;6206
FR;2;2023-01-01;0;0;0;0;0;0;0;0;0;6126833;6815602;10673681;330931;6161919;11786738;436198;0;6206
FR;2;2023-01-02;1;0;4;17;0;1;20;0;2;6126834;6815602;10673685;330948;6161919;11786739;436218;0;6208
FR;2;2023-01-03;0;0;2;10;0;3;9;0;6;6126834;6815602;10673687;330958;6161919;11786742;436227;0;6214
FR;2;2023-01-04;1;1;4;4;2;2;5;0;2;6126835;6815603;10673691;330962;6161921;11786744;436232;0;6216
FR;3;2020-12-27;0;0;0;0;0;0;0;0;0;0;0;0;0;0;0;0;0;0
FR;3;2020-12-28;0;0;0;0;0;0;0;0;0;0;0;0;0;0;0;0;0;0
FR;3;2020-12-29;0;0;0;0;0;0;0;0;0;0;0;0;0;0;0;0;0;0
FR;3;2020-12-30;0;0;0;0;0;0;0;0;0;0;0;0;0;0;0;0;0;0
FR;3;2020-12-31;0;0;0;0;0;0;0;0;0;0;0;0;0;0;0;0;0;0
FR;3;2021-01-01;0;0;0;0;0;0;0;0;0;0;0;0;0;0;0;0;0;0
FR;3;2021-01-02;0;0;0;0;0;0;0;0;0;0;0;0;0;0;0;0;0;0
FR;3;2021-01-03;0;0;0;0;0;0;0;0;0;0;0;0;0;0;0;0;0;0
FR;3;2021-01-04;0;0;0;0;0;0;0;0;0;0;0;0;0;0;0;0;0;0
FR;3;2021-01-05;0;0;0;0;0;0;0;0;0;0;0;0;0;0;0;0;0;0
FR;3;2021-01-06;0;0;0;0;0;0;0;0;0;0;0;0;0;0;0;0;0;0
FR;3;2021-01-07;0;0;0;0;0;0;0;0;0;0;0;0;0;0;0;0;0;0
FR;3;2021-01-08;0;0;0;0;0;0;0;0;0;0;0;0;0;0;0;0;0;0
FR;3;2021-01-09;0;0;0;0;0;0;0;0;0;0;0;0;0;0;0;0;0;0
FR;3;2021-01-10;0;0;0;0;0;0;0;0;0;0;0;0;0;0;0;0;0;0
FR;3;2021-01-11;0;0;0;0;0;0;0;0;0;0;0;0;0;0;0;0;0;0
FR;3;2021-01-12;0;0;0;0;0;0;0;0;0;0;0;0;0;0;0;0;0;0
FR;3;2021-01-13;0;0;0;0;0;0;0;0;0;0;0;0;0;0;0;0;0;0
FR;3;2021-01-14;0;0;0;0;0;0;0;0;0;0;0;0;0;0;0;0;0;0
FR;3;2021-01-15;0;0;0;0;0;0;0;0;0;0;0;0;0;0;0;0;0;0
FR;3;2021-01-16;0;0;0;0;0;0;0;0;0;0;0;0;0;0;0;0;0;0
FR;3;2021-01-17;0;0;0;0;0;0;0;0;0;0;0;0;0;0;0;0;0;0
FR;3;2021-01-18;0;0;0;0;0;0;0;0;0;0;0;0;0;0;0;0;0;0
FR;3;2021-01-19;0;0;0;0;0;0;0;0;0;0;0;0;0;0;0;0;0;0
FR;3;2021-01-20;0;0;0;0;0;0;0;0;0;0;0;0;0;0;0;0;0;0
FR;3;2021-01-21;0;0;0;0;0;0;0;0;0;0;0;0;0;0;0;0;0;0
FR;3;2021-01-22;0;0;0;0;0;0;0;0;0;0;0;0;0;0;0;0;0;0
FR;3;2021-01-23;0;0;0;0;0;0;0;0;0;0;0;0;0;0;0;0;0;0
FR;3;2021-01-24;0;0;0;0;0;0;0;0;0;0;0;0;0;0;0;0;0;0
FR;3;2021-01-25;0;0;0;0;0;0;0;0;0;0;0;0;0;0;0;0;0;0
FR;3;2021-01-26;0;0;0;0;0;0;0;0;0;0;0;0;0;0;0;0;0;0
FR;3;2021-01-27;0;0;0;0;0;0;0;0;0;0;0;0;0;0;0;0;0;0
FR;3;2021-01-28;0;0;0;0;0;0;0;0;0;0;0;0;0;0;0;0;0;0
FR;3;2021-01-29;0;0;0;0;0;0;0;0;0;0;0;0;0;0;0;0;0;0
FR;3;2021-01-30;0;0;0;0;0;0;0;0;0;0;0;0;0;0;0;0;0;0
FR;3;2021-01-31;0;0;0;0;0;0;0;0;0;0;0;0;0;0;0;0;0;0
FR;3;2021-02-01;0;0;0;0;0;0;0;0;0;0;0;0;0;0;0;0;0;0
FR;3;2021-02-02;0;0;0;0;0;0;0;0;0;0;0;0;0;0;0;0;0;0
FR;3;2021-02-03;0;0;0;0;0;0;0;0;0;0;0;0;0;0;0;0;0;0
FR;3;2021-02-04;0;0;0;0;0;0;0;0;0;0;0;0;0;0;0;0;0;0
FR;3;2021-02-05;0;0;0;0;0;0;0;0;0;0;0;0;0;0;0;0;0;0
FR;3;2021-02-06;1485;0;0;0;106;0;0;0;0;1485;0;0;0;106;0;0;0;0
FR;3;2021-02-07;1423;2;0;0;87;0;0;0;0;2908;2;0;0;193;0;0;0;0
FR;3;2021-02-08;2789;1;0;0;177;0;0;0;0;5697;3;0;0;370;0;0;0;0
FR;3;2021-02-09;6786;0;0;0;502;0;0;0;0;12483;3;0;0;872;0;0;0;0
FR;3;2021-02-10;9611;0;0;0;695;0;0;0;0;22094;3;0;0;1567;0;0;0;0
FR;3;2021-02-11;13620;4;0;0;920;0;0;0;0;35714;7;0;0;2487;0;0;0;0
FR;3;2021-02-12;13410;0;0;0;907;0;0;0;0;49124;7;0;0;3394;0;0;0;0
FR;3;2021-02-13;3799;1;0;0;218;0;0;0;0;52923;8;0;0;3612;0;0;0;0
FR;3;2021-02-14;975;1;0;0;53;0;0;0;0;53898;9;0;0;3665;0;0;0;0
FR;3;2021-02-15;10495;2;0;0;719;0;0;0;0;64393;11;0;0;4384;0;0;0;0
FR;3;2021-02-16;12556;5;0;0;871;0;0;0;0;76949;16;0;0;5255;0;0;0;0
FR;3;2021-02-17;11158;1;0;0;716;0;0;0;0;88107;17;0;0;5971;0;0;0;0
FR;3;2021-02-18;14943;2;0;0;985;0;0;0;0;103050;19;0;0;6956;0;0;0;0
FR;3;2021-02-19;14364;1;0;0;846;0;0;0;0;117414;20;0;0;7802;0;0;0;0
FR;3;2021-02-20;3330;0;0;0;178;0;0;0;0;120744;20;0;0;7980;0;0;0;0
FR;3;2021-02-21;619;0;0;0;35;0;0;0;0;121363;20;0;0;8015;0;0;0;0
FR;3;2021-02-22;9171;1;0;0;654;0;0;0;0;130534;21;0;0;8669;0;0;0;0
FR;3;2021-02-23;11405;5;0;0;759;0;0;0;0;141939;26;0;0;9428;0;0;0;0
FR;3;2021-02-24;14305;1;0;0;829;0;0;0;0;156244;27;0;0;10257;0;0;0;0
FR;3;2021-02-25;44935;3;0;0;1814;0;0;0;0;201179;30;0;0;12071;0;0;0;0
FR;3;2021-02-26;61890;10;0;0;2200;0;0;0;0;263069;40;0;0;14271;0;0;0;0
FR;3;2021-02-27;34810;14;0;0;1028;0;0;0;0;297879;54;0;0;15299;0;0;0;0
FR;3;2021-02-28;2464;0;0;0;114;0;0;0;0;300343;54;0;0;15413;0;0;0;0
FR;3;2021-03-01;20520;21;0;0;1067;0;0;0;0;320863;75;0;0;16480;0;0;0;0
FR;3;2021-03-02;38878;25;0;0;1789;0;0;0;0;359741;100;0;0;18269;0;0;0;0
FR;3;2021-03-03;48749;19;0;0;2132;0;0;0;0;408490;119;0;0;20401;0;0;0;0
FR;3;2021-03-04;82229;25;0;0;3194;0;0;0;0;490719;144;0;0;23595;0;0;0;0
FR;3;2021-03-05;118136;41;0;0;4691;0;0;0;0;608855;185;0;0;28286;0;0;0;0
FR;3;2021-03-06;120726;65;1;0;3560;0;0;0;0;729581;250;1;0;31846;0;0;0;0
FR;3;2021-03-07;55185;23;0;0;1729;0;0;0;0;784766;273;1;0;33575;0;0;0;0
FR;3;2021-03-08;42814;29;0;0;2074;0;0;0;0;827580;302;1;0;35649;0;0;0;0
FR;3;2021-03-09;78979;49;0;0;3285;0;0;0;0;906559;351;1;0;38934;0;0;0;0
FR;3;2021-03-10;80984;64;0;0;3240;0;0;0;0;987543;415;1;0;42174;0;0;0;0
FR;3;2021-03-11;128447;64;0;0;4765;0;0;0;0;1115990;479;1;0;46939;0;0;0;0
FR;3;2021-03-12;182721;120;0;0;6277;0;0;0;0;1298711;599;1;0;53216;0;0;0;0
FR;3;2021-03-13;132162;87;0;0;3526;0;0;0;0;1430873;686;1;0;56742;0;0;0;0
FR;3;2021-03-14;14058;6;0;0;550;0;0;0;0;1444931;692;1;0;57292;0;0;0;0
FR;3;2021-03-15;52237;80;0;0;2095;0;0;0;0;1497168;772;1;0;59387;0;0;0;0
FR;3;2021-03-16;1219;49;0;0;103;0;0;0;0;1498387;821;1;0;59490;0;0;0;0
FR;3;2021-03-17;950;55;0;0;94;0;0;0;0;1499337;876;1;0;59584;0;0;0;0
FR;3;2021-03-18;1575;41;0;0;101;0;0;0;0;1500912;917;1;0;59685;0;0;0;0
FR;3;2021-03-19;70458;55;0;0;2059;0;0;0;0;1571370;972;1;0;61744;0;0;0;0
FR;3;2021-03-20;65241;49;0;0;1701;0;0;0;0;1636611;1021;1;0;63445;0;0;0;0
FR;3;2021-03-21;5761;8;0;0;199;0;0;0;0;1642372;1029;1;0;63644;0;0;0;0
FR;3;2021-03-22;37510;48;0;0;1052;0;0;0;0;1679882;1077;1;0;64696;0;0;0;0
FR;3;2021-03-23;84669;87;0;0;2286;0;0;0;0;1764551;1164;1;0;66982;0;0;0;0
FR;3;2021-03-24;90955;97;0;0;2489;0;0;0;0;1855506;1261;1;0;69471;0;0;0;0
FR;3;2021-03-25;150070;145;0;0;3788;0;0;0;0;2005576;1406;1;0;73259;0;0;0;0
FR;3;2021-03-26;165429;158;0;0;4150;0;0;0;0;2171005;1564;1;0;77409;0;0;0;0
FR;3;2021-03-27;68466;101;0;0;2004;0;0;0;0;2239471;1665;1;0;79413;0;0;0;0
FR;3;2021-03-28;6479;20;0;0;237;0;0;0;0;2245950;1685;1;0;79650;0;0;0;0
FR;3;2021-03-29;54169;81;0;0;1479;0;0;0;0;2300119;1766;1;0;81129;0;0;0;0
FR;3;2021-03-30;93184;103;0;0;2565;0;0;0;0;2393303;1869;1;0;83694;0;0;0;0
FR;3;2021-03-31;63544;111;0;0;1965;0;0;0;0;2456847;1980;1;0;85659;0;0;0;0
FR;3;2021-04-01;86134;112;0;0;2492;0;0;0;0;2542981;2092;1;0;88151;0;0;0;0
FR;3;2021-04-02;86913;187;0;0;2766;0;0;0;0;2629894;2279;1;0;90917;0;0;0;0
FR;3;2021-04-03;35875;131;0;0;1162;0;0;0;0;2665769;2410;1;0;92079;0;0;0;0
FR;3;2021-04-04;3577;19;0;0;164;0;0;0;0;2669346;2429;1;0;92243;0;0;0;0
FR;3;2021-04-05;4492;38;0;0;234;0;0;0;0;2673838;2467;1;0;92477;0;0;0;0
FR;3;2021-04-06;29758;104;0;0;1091;0;0;0;0;2703596;2571;1;0;93568;0;0;0;0
FR;3;2021-04-07;32348;109;0;0;1048;0;0;0;0;2735944;2680;1;0;94616;0;0;0;0
FR;3;2021-04-08;78826;267;0;0;2614;0;0;0;0;2814770;2947;1;0;97230;0;0;0;0
FR;3;2021-04-09;161761;447;0;0;5175;0;0;0;0;2976531;3394;1;0;102405;0;0;0;0
FR;3;2021-04-10;75764;363;0;0;2695;0;0;0;0;3052295;3757;1;0;105100;0;0;0;0
FR;3;2021-04-11;7315;47;0;0;306;0;0;0;0;3059610;3804;1;0;105406;0;0;0;0
FR;3;2021-04-12;51485;213;0;0;1734;0;0;0;0;3111095;4017;1;0;107140;0;0;0;0
FR;3;2021-04-13;86236;360;0;0;2907;0;0;0;0;3197331;4377;1;0;110047;0;0;0;0
FR;3;2021-04-14;67843;376;0;0;2428;0;0;0;0;3265174;4753;1;0;112475;0;0;0;0
FR;3;2021-04-15;93242;401;0;0;3439;0;0;0;0;3358416;5154;1;0;115914;0;0;0;0
FR;3;2021-04-16;112530;626;0;0;4342;0;0;0;0;3470946;5780;1;0;120256;0;0;0;0
FR;3;2021-04-17;53319;368;1;0;2275;0;0;0;0;3524265;6148;2;0;122531;0;0;0;0
FR;3;2021-04-18;9751;49;0;0;423;0;0;0;0;3534016;6197;2;0;122954;0;0;0;0
FR;3;2021-04-19;25116;285;0;0;1091;0;0;0;0;3559132;6482;2;0;124045;0;0;0;0
FR;3;2021-04-20;45675;432;0;0;1903;0;0;0;0;3604807;6914;2;0;125948;0;0;0;0
FR;3;2021-04-21;38985;543;0;0;1887;0;0;0;0;3643792;7457;2;0;127835;0;0;0;0
FR;3;2021-04-22;54723;871;0;0;2823;0;0;0;0;3698515;8328;2;0;130658;0;0;0;0
FR;3;2021-04-23;70493;1089;0;0;3690;0;0;0;0;3769008;9417;2;0;134348;0;0;0;0
FR;3;2021-04-24;37253;1094;0;0;2482;0;0;0;0;3806261;10511;2;0;136830;0;0;0;0
FR;3;2021-04-25;6213;158;0;0;446;0;0;0;0;3812474;10669;2;0;137276;0;0;0;0
FR;3;2021-04-26;19790;694;0;0;1429;0;0;0;0;3832264;11363;2;0;138705;0;0;0;0
FR;3;2021-04-27;34484;1328;0;0;2586;0;0;0;0;3866748;12691;2;0;141291;0;0;0;0
FR;3;2021-04-28;28972;2031;0;0;3148;0;0;0;0;3895720;14722;2;0;144439;0;0;0;0
FR;3;2021-04-29;45394;6112;0;0;7930;0;0;0;0;3941114;20834;2;0;152369;0;0;0;0
FR;3;2021-04-30;55465;9097;1;0;11492;0;0;0;0;3996579;29931;3;0;163861;0;0;0;0
FR;3;2021-05-01;9518;2059;0;0;2490;0;0;0;0;4006097;31990;3;0;166351;0;0;0;0
FR;3;2021-05-02;3081;470;0;0;615;0;0;0;0;4009178;32460;3;0;166966;0;0;0;0
FR;3;2021-05-03;13065;3939;0;0;4506;0;0;0;0;4022243;36399;3;0;171472;0;0;0;0
FR;3;2021-05-04;23121;8371;0;0;9437;0;0;0;0;4045364;44770;3;0;180909;0;0;0;0
FR;3;2021-05-05;18765;10813;0;0;11751;0;0;0;0;4064129;55583;3;0;192660;0;0;0;0
FR;3;2021-05-06;34632;21222;0;0;22769;0;0;0;0;4098761;76805;3;0;215429;0;0;0;0
FR;3;2021-05-07;44210;28869;0;0;31173;0;0;0;0;4142971;105674;3;0;246602;0;0;0;0
FR;3;2021-05-08;6785;9188;0;0;9551;0;0;0;0;4149756;114862;3;0;256153;0;0;0;0
FR;3;2021-05-09;1797;2669;0;0;2769;0;0;0;0;4151553;117531;3;0;258922;0;0;0;0
FR;3;2021-05-10;15001;12897;0;0;13588;0;0;0;0;4166554;130428;3;0;272510;0;0;0;0
FR;3;2021-05-11;27100;26251;0;0;27522;0;0;0;0;4193654;156679;3;0;300032;0;0;0;0
FR;3;2021-05-12;17272;28100;0;0;29035;0;0;0;0;4210926;184779;3;0;329067;0;0;0;0
FR;3;2021-05-13;2285;3513;0;0;3633;0;0;0;0;4213211;188292;3;0;332700;0;0;0;0
FR;3;2021-05-14;14521;26061;0;0;26840;0;0;0;0;4227732;214353;3;0;359540;0;0;0;0
FR;3;2021-05-15;7233;21062;0;0;21490;0;0;0;0;4234965;235415;3;0;381030;0;0;0;0
FR;3;2021-05-16;977;2643;0;0;2688;0;0;0;0;4235942;238058;3;0;383718;0;0;0;0
FR;3;2021-05-17;7966;20206;0;0;20651;0;0;0;0;4243908;258264;3;0;404369;0;0;0;0
FR;3;2021-05-18;13417;30125;0;0;30886;0;0;0;0;4257325;288389;3;0;435255;0;0;0;0
FR;3;2021-05-19;9276;30577;0;0;31169;0;0;0;0;4266601;318966;3;0;466424;0;0;0;0
FR;3;2021-05-20;12806;53801;3;0;54726;0;0;0;0;4279407;372767;6;0;521150;0;0;0;0
FR;3;2021-05-21;12770;66155;2;0;67081;0;0;0;0;4292177;438922;8;0;588231;0;0;0;0
FR;3;2021-05-22;4967;33742;1;0;34123;0;0;0;0;4297144;472664;9;0;622354;0;0;0;0
FR;3;2021-05-23;651;2668;0;0;2700;0;0;0;0;4297795;475332;9;0;625054;0;0;0;0
FR;3;2021-05-24;885;4789;0;0;4833;0;0;0;0;4298680;480121;9;0;629887;0;0;0;0
FR;3;2021-05-25;5312;46669;1;0;47066;0;0;0;0;4303992;526790;10;0;676953;0;0;0;0
FR;3;2021-05-26;4980;52143;1;0;52614;0;0;0;0;4308972;578933;11;0;729567;0;0;0;0
FR;3;2021-05-27;6336;78991;3;0;79600;0;0;0;0;4315308;657924;14;0;809167;0;0;0;0
FR;3;2021-05-28;7545;100269;2;0;101068;0;0;0;0;4322853;758193;16;0;910235;0;0;0;0
FR;3;2021-05-29;3349;61134;1;0;61514;0;0;0;0;4326202;819327;17;0;971749;0;0;0;0
FR;3;2021-05-30;551;8095;0;0;8144;0;0;0;0;4326753;827422;17;0;979893;0;0;0;0
FR;3;2021-05-31;2442;35491;3;0;35756;0;0;0;0;4329195;862913;20;0;1015649;0;0;0;0
FR;3;2021-06-01;3414;64869;10;0;65317;0;0;0;0;4332609;927782;30;0;1080966;0;0;0;0
FR;3;2021-06-02;2735;58903;6;0;59237;0;0;0;0;4335344;986685;36;0;1140203;0;0;0;0
FR;3;2021-06-03;3496;87219;10;0;87754;0;0;0;0;4338840;1073904;46;0;1227957;0;0;0;0
FR;3;2021-06-04;4124;105816;22;0;106476;0;0;0;0;4342964;1179720;68;0;1334433;0;0;0;0
FR;3;2021-06-05;1983;52588;4;0;52903;0;0;0;0;4344947;1232308;72;0;1387336;0;0;0;0
FR;3;2021-06-06;511;5284;1;0;5331;0;0;0;0;4345458;1237592;73;0;1392667;0;0;0;0
FR;3;2021-06-07;1486;30722;11;0;30902;0;0;0;0;4346944;1268314;84;0;1423569;0;0;0;0
FR;3;2021-06-08;2065;47415;18;0;47760;0;0;0;0;4349009;1315729;102;0;1471329;0;0;0;0
FR;3;2021-06-09;1794;41836;13;0;42141;0;0;0;0;4350803;1357565;115;0;1513470;0;0;0;0
FR;3;2021-06-10;2257;67684;17;0;68080;0;0;0;0;4353060;1425249;132;0;1581550;0;0;0;0
FR;3;2021-06-11;2490;96621;34;0;97094;0;0;0;0;4355550;1521870;166;0;1678644;0;0;0;0
FR;3;2021-06-12;1178;40573;6;0;40804;0;0;0;0;4356728;1562443;172;0;1719448;0;0;0;0
FR;3;2021-06-13;283;3619;3;0;3654;0;0;0;0;4357011;1566062;175;0;1723102;0;0;0;0
FR;3;2021-06-14;1048;42323;17;0;42492;0;0;0;0;4358059;1608385;192;0;1765594;0;0;0;0
FR;3;2021-06-15;1379;80366;20;0;80669;0;0;0;0;4359438;1688751;212;0;1846263;0;0;0;0
FR;3;2021-06-16;1263;65497;20;0;65770;0;0;0;0;4360701;1754248;232;0;1912033;0;0;0;0
FR;3;2021-06-17;1667;102265;41;0;102647;0;0;0;0;4362368;1856513;273;0;2014680;0;0;0;0
FR;3;2021-06-18;1872;118445;63;0;118909;0;0;0;0;4364240;1974958;336;0;2133589;0;0;0;0
FR;3;2021-06-19;803;39462;22;0;39655;0;0;0;0;4365043;2014420;358;0;2173244;0;0;0;0
FR;3;2021-06-20;161;3200;0;0;3228;0;0;0;0;4365204;2017620;358;0;2176472;0;0;0;0
FR;3;2021-06-21;774;39081;16;0;39239;0;0;0;0;4365978;2056701;374;0;2215711;0;0;0;0
FR;3;2021-06-22;1065;70047;52;0;70317;0;0;0;0;4367043;2126748;426;0;2286028;0;0;0;0
FR;3;2021-06-23;945;50831;39;0;51103;0;0;0;0;4367988;2177579;465;0;2337131;0;0;0;0
FR;3;2021-06-24;1310;77290;48;0;77663;0;0;0;0;4369298;2254869;513;0;2414794;0;0;0;0
FR;3;2021-06-25;1410;90796;73;0;91229;0;0;0;0;4370708;2345665;586;0;2506023;0;0;0;0
FR;3;2021-06-26;632;33115;29;0;33308;0;0;0;0;4371340;2378780;615;0;2539331;0;0;0;0
FR;3;2021-06-27;167;3784;1;0;3808;0;0;0;0;4371507;2382564;616;0;2543139;0;0;0;0
FR;3;2021-06-28;655;29970;27;0;30164;0;0;0;0;4372162;2412534;643;0;2573303;0;0;0;0
FR;3;2021-06-29;856;56620;95;0;56863;0;0;0;0;4373018;2469154;738;0;2630166;0;0;0;0
FR;3;2021-06-30;905;45211;93;0;45480;0;0;0;0;4373923;2514365;831;0;2675646;0;0;0;0
FR;3;2021-07-01;1164;66083;108;0;66432;0;0;0;0;4375087;2580448;939;0;2742078;0;0;0;0
FR;3;2021-07-02;1305;90507;170;0;90986;0;0;0;0;4376392;2670955;1109;0;2833064;0;0;0;0
FR;3;2021-07-03;602;31177;51;0;31378;0;0;0;0;4376994;2702132;1160;0;2864442;0;0;0;0
FR;3;2021-07-04;144;3983;3;0;4013;0;0;0;0;4377138;2706115;1163;0;2868455;0;0;0;0
FR;3;2021-07-05;613;33616;60;0;33815;0;0;0;0;4377751;2739731;1223;0;2902270;0;0;0;0
FR;3;2021-07-06;964;55929;88;0;56242;0;0;0;0;4378715;2795660;1311;0;2958512;0;0;0;0
FR;3;2021-07-07;873;42955;80;0;43252;0;0;0;0;4379588;2838615;1391;0;3001764;0;0;0;0
FR;3;2021-07-08;1127;60807;99;0;61216;0;0;0;0;4380715;2899422;1490;0;3062980;0;0;0;0
FR;3;2021-07-09;1261;68930;128;0;69399;0;0;0;0;4381976;2968352;1618;0;3132379;0;0;0;0
FR;3;2021-07-10;644;25024;59;0;25221;0;0;0;0;4382620;2993376;1677;0;3157600;0;0;0;0
FR;3;2021-07-11;132;3180;4;0;3206;0;0;0;0;4382752;2996556;1681;0;3160806;0;0;0;0
FR;3;2021-07-12;662;23623;59;0;23836;0;0;0;0;4383414;3020179;1740;0;3184642;0;0;0;0
FR;3;2021-07-13;1648;34465;90;0;34953;0;0;0;0;4385062;3054644;1830;0;3219595;0;0;0;0
FR;3;2021-07-14;271;2473;2;0;2530;0;0;0;0;4385333;3057117;1832;0;3222125;0;0;0;0
FR;3;2021-07-15;1940;30436;85;0;31011;0;0;0;0;4387273;3087553;1917;0;3253136;0;0;0;0
FR;3;2021-07-16;2520;38647;122;0;39381;0;0;0;0;4389793;3126200;2039;0;3292517;0;0;0;0
FR;3;2021-07-17;1051;13722;26;0;14030;0;0;0;0;4390844;3139922;2065;0;3306547;0;0;0;0
FR;3;2021-07-18;266;2557;3;0;2605;0;0;0;0;4391110;3142479;2068;0;3309152;0;0;0;0
FR;3;2021-07-19;1280;16906;38;0;17274;0;0;0;0;4392390;3159385;2106;0;3326426;0;0;0;0
FR;3;2021-07-20;1823;26941;98;0;27483;0;0;0;0;4394213;3186326;2204;0;3353909;0;0;0;0
FR;3;2021-07-21;1651;19504;44;0;20009;0;0;0;0;4395864;3205830;2248;0;3373918;0;0;0;0
FR;3;2021-07-22;1856;27649;83;0;28214;0;0;0;0;4397720;3233479;2331;0;3402132;0;0;0;0
FR;3;2021-07-23;2216;30227;117;0;30965;0;0;0;0;4399936;3263706;2448;0;3433097;0;0;0;0
FR;3;2021-07-24;827;6935;25;0;7159;0;0;0;0;4400763;3270641;2473;0;3440256;0;0;0;0
FR;3;2021-07-25;210;1293;1;0;1348;0;0;0;0;4400973;3271934;2474;0;3441604;0;0;0;0
FR;3;2021-07-26;932;10520;28;0;10827;0;0;0;0;4401905;3282454;2502;0;3452431;0;0;0;0
FR;3;2021-07-27;1170;16807;56;0;17171;0;0;0;0;4403075;3299261;2558;0;3469602;0;0;0;0
FR;3;2021-07-28;989;12001;40;0;12313;0;0;0;0;4404064;3311262;2598;0;3481915;0;0;0;0
FR;3;2021-07-29;1127;15692;63;0;16106;0;0;0;0;4405191;3326954;2661;0;3498021;0;0;0;0
FR;3;2021-07-30;1129;17995;79;0;18369;0;0;0;0;4406320;3344949;2740;0;3516390;0;0;0;0
FR;3;2021-07-31;406;3712;15;0;3836;0;0;0;0;4406726;3348661;2755;0;3520226;0;0;0;0
FR;3;2021-08-01;117;450;1;0;472;0;0;0;0;4406843;3349111;2756;0;3520698;0;0;0;0
FR;3;2021-08-02;423;5030;22;0;5151;0;0;0;0;4407266;3354141;2778;0;3525849;0;0;0;0
FR;3;2021-08-03;498;7468;27;0;7602;0;0;0;0;4407764;3361609;2805;0;3533451;0;0;0;0
FR;3;2021-08-04;440;4832;26;0;4978;0;0;0;0;4408204;3366441;2831;0;3538429;0;0;0;0
FR;3;2021-08-05;433;3656;13;0;3767;0;0;0;0;4408637;3370097;2844;0;3542196;0;0;0;0
FR;3;2021-08-06;456;4703;30;0;4805;0;0;0;0;4409093;3374800;2874;0;3547001;0;0;0;0
FR;3;2021-08-07;214;1901;11;0;1947;0;0;0;0;4409307;3376701;2885;0;3548948;0;0;0;0
FR;3;2021-08-08;250;424;2;0;457;0;0;0;0;4409557;3377125;2887;0;3549405;0;0;0;0
FR;3;2021-08-09;318;2380;11;0;2451;0;0;0;0;4409875;3379505;2898;0;3551856;0;0;0;0
FR;3;2021-08-10;369;3749;15;0;3838;0;0;0;0;4410244;3383254;2913;0;3555694;0;0;0;0
FR;3;2021-08-11;291;2647;15;0;2707;0;0;0;0;4410535;3385901;2928;0;3558401;0;0;0;0
FR;3;2021-08-12;279;2571;13;0;2659;0;0;0;0;4410814;3388472;2941;0;3561060;0;0;0;0
FR;3;2021-08-13;278;2256;16;0;2341;0;0;0;0;4411092;3390728;2957;0;3563401;0;0;0;0
FR;3;2021-08-14;172;878;1;0;909;0;0;0;0;4411264;3391606;2958;0;3564310;0;0;0;0
FR;3;2021-08-15;56;175;0;0;184;0;0;0;0;4411320;3391781;2958;0;3564494;0;0;0;0
FR;3;2021-08-16;126;1017;8;0;1056;0;0;0;0;4411446;3392798;2966;0;3565550;0;0;0;0
FR;3;2021-08-17;191;1432;8;0;1473;0;0;0;0;4411637;3394230;2974;0;3567023;0;0;0;0
FR;3;2021-08-18;204;1313;10;0;1355;0;0;0;0;4411841;3395543;2984;0;3568378;0;0;0;0
FR;3;2021-08-19;165;1374;10;0;1421;0;0;0;0;4412006;3396917;2994;0;3569799;0;0;0;0
FR;3;2021-08-20;167;1596;16;0;1658;0;0;0;0;4412173;3398513;3010;0;3571457;0;0;0;0
FR;3;2021-08-21;93;580;2;0;595;0;0;0;0;4412266;3399093;3012;0;3572052;0;0;0;0
FR;3;2021-08-22;42;191;1;0;194;0;0;0;0;4412308;3399284;3013;0;3572246;0;0;0;0
FR;3;2021-08-23;141;882;7;0;927;0;0;0;0;4412449;3400166;3020;0;3573173;0;0;0;0
FR;3;2021-08-24;125;926;10;0;958;0;0;0;0;4412574;3401092;3030;0;3574131;0;0;0;0
FR;3;2021-08-25;137;821;3;0;850;0;0;0;0;4412711;3401913;3033;0;3574981;0;0;0;0
FR;3;2021-08-26;172;830;9;0;878;0;0;0;0;4412883;3402743;3042;0;3575859;0;0;0;0
FR;3;2021-08-27;178;936;9;0;989;0;0;0;0;4413061;3403679;3051;0;3576848;0;0;0;0
FR;3;2021-08-28;101;371;4;0;388;0;0;0;0;4413162;3404050;3055;0;3577236;0;0;0;0
FR;3;2021-08-29;128;129;1;0;162;0;0;0;0;4413290;3404179;3056;0;3577398;0;0;0;0
FR;3;2021-08-30;100;565;0;0;472;110;0;0;0;4413390;3404744;3056;0;3577870;110;0;0;0
FR;3;2021-08-31;134;686;7;0;590;135;0;0;0;4413524;3405430;3063;0;3578460;245;0;0;0
FR;3;2021-09-01;122;459;5;0;381;107;0;0;0;4413646;3405889;3068;0;3578841;352;0;0;0
FR;3;2021-09-02;100;595;22;0;531;105;0;0;0;4413746;3406484;3090;0;3579372;457;0;0;0
FR;3;2021-09-03;116;557;17;0;480;118;0;0;0;4413862;3407041;3107;0;3579852;575;0;0;0
FR;3;2021-09-04;55;293;3;0;254;50;0;0;0;4413917;3407334;3110;0;3580106;625;0;0;0
FR;3;2021-09-05;52;67;5;0;56;26;0;0;0;4413969;3407401;3115;0;3580162;651;0;0;0
FR;3;2021-09-06;118;367;4;0;261;130;0;0;0;4414087;3407768;3119;0;3580423;781;0;0;0
FR;3;2021-09-07;124;433;14;0;349;116;0;0;0;4414211;3408201;3133;0;3580772;897;0;0;0
FR;3;2021-09-08;121;342;2;0;271;88;0;0;0;4414332;3408543;3135;0;3581043;985;0;0;0
FR;3;2021-09-09;94;379;8;0;299;103;0;0;0;4414426;3408922;3143;0;3581342;1088;0;0;0
FR;3;2021-09-10;101;401;3;0;331;93;0;0;0;4414527;3409323;3146;0;3581673;1181;0;0;0
FR;3;2021-09-11;78;232;4;0;177;65;0;0;0;4414605;3409555;3150;0;3581850;1246;0;0;0
FR;3;2021-09-12;37;48;1;0;37;16;0;0;0;4414642;3409603;3151;0;3581887;1262;0;0;0
FR;3;2021-09-13;78;300;7;0;216;103;1;0;0;4414720;3409903;3158;0;3582103;1365;1;0;0
FR;3;2021-09-14;75;274;6;0;194;94;0;0;0;4414795;3410177;3164;0;3582297;1459;1;0;0
FR;3;2021-09-15;63;253;3;0;258;6;0;0;0;4414858;3410430;3167;0;3582555;1465;1;0;0
FR;3;2021-09-16;65;320;6;0;331;6;0;0;0;4414923;3410750;3173;0;3582886;1471;1;0;0
FR;3;2021-09-17;52;328;3;0;340;6;0;0;0;4414975;3411078;3176;0;3583226;1477;1;0;0
FR;3;2021-09-18;37;171;1;0;175;1;0;0;0;4415012;3411249;3177;0;3583401;1478;1;0;0
FR;3;2021-09-19;29;31;2;0;34;1;0;0;0;4415041;3411280;3179;0;3583435;1479;1;0;0
FR;3;2021-09-20;81;190;0;0;198;1;0;0;0;4415122;3411470;3179;0;3583633;1480;1;0;0
FR;3;2021-09-21;60;272;7;0;276;8;0;0;0;4415182;3411742;3186;0;3583909;1488;1;0;0
FR;3;2021-09-22;66;229;6;0;242;7;0;0;0;4415248;3411971;3192;0;3584151;1495;1;0;0
FR;3;2021-09-23;37;259;11;0;263;7;0;0;0;4415285;3412230;3203;0;3584414;1502;1;0;0
FR;3;2021-09-24;29;320;12;0;318;18;0;0;0;4415314;3412550;3215;0;3584732;1520;1;0;0
FR;3;2021-09-25;31;144;3;0;150;3;0;0;0;4415345;3412694;3218;0;3584882;1523;1;0;0
FR;3;2021-09-26;16;57;1;0;59;1;0;0;0;4415361;3412751;3219;0;3584941;1524;1;0;0
FR;3;2021-09-27;48;283;3;0;286;5;0;0;0;4415409;3413034;3222;0;3585227;1529;1;0;0
FR;3;2021-09-28;49;245;6;0;253;8;0;0;0;4415458;3413279;3228;0;3585480;1537;1;0;0
FR;3;2021-09-29;39;219;10;0;223;15;0;0;0;4415497;3413498;3238;0;3585703;1552;1;0;0
FR;3;2021-09-30;40;200;8;0;204;11;0;0;0;4415537;3413698;3246;0;3585907;1563;1;0;0
FR;3;2021-10-01;23;159;6;0;161;8;0;0;0;4415560;3413857;3252;0;3586068;1571;1;0;0
FR;3;2021-10-02;17;87;0;0;88;0;0;0;0;4415577;3413944;3252;0;3586156;1571;1;0;0
FR;3;2021-10-03;19;19;1;0;19;2;0;0;0;4415596;3413963;3253;0;3586175;1573;1;0;0
FR;3;2021-10-04;33;157;4;0;162;4;0;0;0;4415629;3414120;3257;0;3586337;1577;1;0;0
FR;3;2021-10-05;17;148;10;0;153;12;0;0;0;4415646;3414268;3267;0;3586490;1589;1;0;0
FR;3;2021-10-06;33;143;9;0;151;10;0;0;0;4415679;3414411;3276;0;3586641;1599;1;0;0
FR;3;2021-10-07;20;131;6;0;129;6;0;0;0;4415699;3414542;3282;0;3586770;1605;1;0;0
FR;3;2021-10-08;25;136;10;0;141;9;0;0;0;4415724;3414678;3292;0;3586911;1614;1;0;0
FR;3;2021-10-09;17;72;1;0;73;1;0;0;0;4415741;3414750;3293;0;3586984;1615;1;0;0
FR;3;2021-10-10;13;17;2;0;16;3;0;0;0;4415754;3414767;3295;0;3587000;1618;1;0;0
FR;3;2021-10-11;17;115;4;0;120;5;0;0;0;4415771;3414882;3299;0;3587120;1623;1;0;0
FR;3;2021-10-12;22;99;5;0;99;5;0;0;0;4415793;3414981;3304;0;3587219;1628;1;0;0
FR;3;2021-10-13;25;114;9;0;121;7;0;0;0;4415818;3415095;3313;0;3587340;1635;1;0;0
FR;3;2021-10-14;19;139;3;0;140;4;0;0;0;4415837;3415234;3316;0;3587480;1639;1;0;0
FR;3;2021-10-15;23;141;8;0;140;13;0;0;0;4415860;3415375;3324;0;3587620;1652;1;0;0
FR;3;2021-10-16;13;66;6;0;65;8;0;0;0;4415873;3415441;3330;0;3587685;1660;1;0;0
FR;3;2021-10-17;12;24;0;0;26;0;0;0;0;4415885;3415465;3330;0;3587711;1660;1;0;0
FR;3;2021-10-18;18;112;2;0;117;2;0;0;0;4415903;3415577;3332;0;3587828;1662;1;0;0
FR;3;2021-10-19;18;112;19;0;113;21;0;0;0;4415921;3415689;3351;0;3587941;1683;1;0;0
FR;3;2021-10-20;26;127;6;0;129;7;0;0;0;4415947;3415816;3357;0;3588070;1690;1;0;0
FR;3;2021-10-21;28;120;17;0;120;13;0;0;0;4415975;3415936;3374;0;3588190;1703;1;0;0
FR;3;2021-10-22;24;105;18;0;104;21;0;0;0;4415999;3416041;3392;0;3588294;1724;1;0;0
FR;3;2021-10-23;17;53;3;0;53;2;0;0;0;4416016;3416094;3395;0;3588347;1726;1;0;0
FR;3;2021-10-24;7;36;0;0;34;0;0;0;0;4416023;3416130;3395;0;3588381;1726;1;0;0
FR;3;2021-10-25;26;140;7;0;144;7;0;0;0;4416049;3416270;3402;0;3588525;1733;1;0;0
FR;3;2021-10-26;25;96;22;0;93;19;0;0;0;4416074;3416366;3424;0;3588618;1752;1;0;0
FR;3;2021-10-27;19;92;9;0;94;9;0;0;0;4416093;3416458;3433;0;3588712;1761;1;0;0
FR;3;2021-10-28;23;113;33;0;110;36;0;0;0;4416116;3416571;3466;0;3588822;1797;1;0;0
FR;3;2021-10-29;12;100;64;0;94;54;0;0;0;4416128;3416671;3530;0;3588916;1851;1;0;0
FR;3;2021-10-30;11;62;11;1;62;10;0;0;0;4416139;3416733;3541;1;3588978;1861;1;0;0
FR;3;2021-10-31;8;25;1;0;25;1;0;0;0;4416147;3416758;3542;1;3589003;1862;1;0;0
FR;3;2021-11-01;11;22;2;0;23;1;0;0;0;4416158;3416780;3544;1;3589026;1863;1;0;0
FR;3;2021-11-02;11;101;10;0;101;12;0;0;0;4416169;3416881;3554;1;3589127;1875;1;0;0
FR;3;2021-11-03;20;106;10;0;114;10;0;0;0;4416189;3416987;3564;1;3589241;1885;1;0;0
FR;3;2021-11-04;20;89;5;0;94;4;0;0;0;4416209;3417076;3569;1;3589335;1889;1;0;0
FR;3;2021-11-05;19;119;9;1;125;6;1;0;0;4416228;3417195;3578;2;3589460;1895;2;0;0
FR;3;2021-11-06;11;55;3;0;57;3;0;0;0;4416239;3417250;3581;2;3589517;1898;2;0;0
FR;3;2021-11-07;6;23;1;0;24;1;0;0;0;4416245;3417273;3582;2;3589541;1899;2;0;0
FR;3;2021-11-08;11;128;7;0;133;5;0;0;0;4416256;3417401;3589;2;3589674;1904;2;0;0
FR;3;2021-11-09;15;123;6;0;125;6;0;0;0;4416271;3417524;3595;2;3589799;1910;2;0;0
FR;3;2021-11-10;14;135;15;0;133;16;0;0;0;4416285;3417659;3610;2;3589932;1926;2;0;0
FR;3;2021-11-11;11;49;3;0;51;3;0;0;0;4416296;3417708;3613;2;3589983;1929;2;0;0
FR;3;2021-11-12;15;127;6;0;130;4;0;0;0;4416311;3417835;3619;2;3590113;1933;2;0;0
FR;3;2021-11-13;7;67;9;0;62;10;0;0;0;4416318;3417902;3628;2;3590175;1943;2;0;0
FR;3;2021-11-14;3;24;1;0;24;1;0;0;0;4416321;3417926;3629;2;3590199;1944;2;0;0
FR;3;2021-11-15;6;162;11;0;159;12;0;0;0;4416327;3418088;3640;2;3590358;1956;2;0;0
FR;3;2021-11-16;9;124;11;0;119;10;0;0;0;4416336;3418212;3651;2;3590477;1966;2;0;0
FR;3;2021-11-17;8;133;11;0;134;8;0;0;0;4416344;3418345;3662;2;3590611;1974;2;0;0
FR;3;2021-11-18;16;134;10;0;135;11;0;0;0;4416360;3418479;3672;2;3590746;1985;2;0;0
FR;3;2021-11-19;12;180;23;0;175;28;0;0;0;4416372;3418659;3695;2;3590921;2013;2;0;0
FR;3;2021-11-20;6;100;6;0;101;6;0;0;0;4416378;3418759;3701;2;3591022;2019;2;0;0
FR;3;2021-11-21;3;25;4;0;24;4;0;0;0;4416381;3418784;3705;2;3591046;2023;2;0;0
FR;3;2021-11-22;11;187;11;0;187;11;0;0;0;4416392;3418971;3716;2;3591233;2034;2;0;0
FR;3;2021-11-23;9;184;16;0;182;15;0;0;0;4416401;3419155;3732;2;3591415;2049;2;0;0
FR;3;2021-11-24;11;187;9;0;179;17;0;0;0;4416412;3419342;3741;2;3591594;2066;2;0;0
FR;3;2021-11-25;12;203;11;0;199;11;0;0;0;4416424;3419545;3752;2;3591793;2077;2;0;0
FR;3;2021-11-26;10;256;35;0;255;33;1;0;0;4416434;3419801;3787;2;3592048;2110;3;0;0
FR;3;2021-11-27;8;128;20;0;127;21;0;0;0;4416442;3419929;3807;2;3592175;2131;3;0;0
FR;3;2021-11-28;3;57;7;0;58;7;0;0;0;4416445;3419986;3814;2;3592233;2138;3;0;0
FR;3;2021-11-29;5;221;22;0;216;23;1;0;0;4416450;3420207;3836;2;3592449;2161;4;0;0
FR;3;2021-11-30;8;293;30;0;292;33;0;0;0;4416458;3420500;3866;2;3592741;2194;4;0;0
FR;3;2021-12-01;30;320;38;0;318;40;2;0;0;4416488;3420820;3904;2;3593059;2234;6;0;0
FR;3;2021-12-02;9;348;33;0;344;36;0;0;0;4416497;3421168;3937;2;3593403;2270;6;0;0
FR;3;2021-12-03;6;377;37;0;371;38;0;0;0;4416503;3421545;3974;2;3593774;2308;6;0;0
FR;3;2021-12-04;3;209;26;0;205;28;0;0;0;4416506;3421754;4000;2;3593979;2336;6;0;0
FR;3;2021-12-05;1;61;5;0;61;5;0;0;0;4416507;3421815;4005;2;3594040;2341;6;0;0
FR;3;2021-12-06;7;371;14;0;370;15;0;0;0;4416514;3422186;4019;2;3594410;2356;6;0;0
FR;3;2021-12-07;6;422;20;0;416;24;1;0;0;4416520;3422608;4039;2;3594826;2380;7;0;0
FR;3;2021-12-08;8;384;29;0;376;30;1;0;0;4416528;3422992;4068;2;3595202;2410;8;0;0
FR;3;2021-12-09;3;436;17;0;423;22;1;0;0;4416531;3423428;4085;2;3595625;2432;9;0;0
FR;3;2021-12-10;10;455;29;0;452;25;0;0;0;4416541;3423883;4114;2;3596077;2457;9;0;0
FR;3;2021-12-11;4;303;10;0;300;9;2;0;0;4416545;3424186;4124;2;3596377;2466;11;0;0
FR;3;2021-12-12;1;99;3;0;99;3;0;0;0;4416546;3424285;4127;2;3596476;2469;11;0;0
FR;3;2021-12-13;2;444;19;0;438;21;0;0;0;4416548;3424729;4146;2;3596914;2490;11;0;0
FR;3;2021-12-14;8;558;18;0;546;21;1;0;0;4416556;3425287;4164;2;3597460;2511;12;0;0
FR;3;2021-12-15;10;532;17;0;519;21;0;0;0;4416566;3425819;4181;2;3597979;2532;12;0;0
FR;3;2021-12-16;10;549;19;0;543;18;3;0;0;4416576;3426368;4200;2;3598522;2550;15;0;0
FR;3;2021-12-17;5;613;18;0;609;19;0;0;0;4416581;3426981;4218;2;3599131;2569;15;0;0
FR;3;2021-12-18;5;352;4;0;346;5;1;0;0;4416586;3427333;4222;2;3599477;2574;16;0;0
FR;3;2021-12-19;3;182;2;0;180;2;0;0;0;4416589;3427515;4224;2;3599657;2576;16;0;0
FR;3;2021-12-20;9;584;23;0;578;28;0;0;0;4416598;3428099;4247;2;3600235;2604;16;0;0
FR;3;2021-12-21;5;670;10;0;662;13;2;0;0;4416603;3428769;4257;2;3600897;2617;18;0;0
FR;3;2021-12-22;10;627;9;0;621;10;1;0;0;4416613;3429396;4266;2;3601518;2627;19;0;0
FR;3;2021-12-23;3;555;8;0;553;8;0;0;0;4416616;3429951;4274;2;3602071;2635;19;0;0
FR;3;2021-12-24;2;236;3;0;231;6;0;0;0;4416618;3430187;4277;2;3602302;2641;19;0;0
FR;3;2021-12-25;0;24;0;0;24;0;0;0;0;4416618;3430211;4277;2;3602326;2641;19;0;0
FR;3;2021-12-26;0;88;1;0;88;1;0;0;0;4416618;3430299;4278;2;3602414;2642;19;0;0
FR;3;2021-12-27;7;463;17;0;460;20;1;0;0;4416625;3430762;4295;2;3602874;2662;20;0;0
FR;3;2021-12-28;3;585;6;0;584;5;0;0;0;4416628;3431347;4301;2;3603458;2667;20;0;0
FR;3;2021-12-29;5;498;14;0;493;16;0;0;0;4416633;3431845;4315;2;3603951;2683;20;0;0
FR;3;2021-12-30;3;524;7;0;517;10;2;0;0;4416636;3432369;4322;2;3604468;2693;22;0;0
FR;3;2021-12-31;0;185;5;0;181;7;0;0;0;4416636;3432554;4327;2;3604649;2700;22;0;0
FR;3;2022-01-01;0;26;0;0;24;2;0;0;0;4416636;3432580;4327;2;3604673;2702;22;0;0
FR;3;2022-01-02;0;77;0;0;77;0;0;0;0;4416636;3432657;4327;2;3604750;2702;22;0;0
FR;3;2022-01-03;5;497;17;0;486;21;3;0;0;4416641;3433154;4344;2;3605236;2723;25;0;0
FR;3;2022-01-04;7;547;9;0;546;8;0;0;0;4416648;3433701;4353;2;3605782;2731;25;0;0
FR;3;2022-01-05;5;498;10;0;490;14;1;0;0;4416653;3434199;4363;2;3606272;2745;26;0;0
FR;3;2022-01-06;6;471;9;0;466;10;1;0;0;4416659;3434670;4372;2;3606738;2755;27;0;0
FR;3;2022-01-07;2;496;11;0;490;13;1;0;1;4416661;3435166;4383;2;3607228;2768;28;0;1
FR;3;2022-01-08;6;253;4;0;250;5;0;0;0;4416667;3435419;4387;2;3607478;2773;28;0;1
FR;3;2022-01-09;0;117;0;0;117;0;0;0;0;4416667;3435536;4387;2;3607595;2773;28;0;1
FR;3;2022-01-10;2;429;12;0;427;12;0;0;0;4416669;3435965;4399;2;3608022;2785;28;0;1
FR;3;2022-01-11;3;463;1;0;462;1;0;0;0;4416672;3436428;4400;2;3608484;2786;28;0;1
FR;3;2022-01-12;4;400;9;0;397;10;2;0;0;4416676;3436828;4409;2;3608881;2796;30;0;1
FR;3;2022-01-13;3;392;11;0;390;12;1;0;0;4416679;3437220;4420;2;3609271;2808;31;0;1
FR;3;2022-01-14;4;425;10;0;419;13;1;0;0;4416683;3437645;4430;2;3609690;2821;32;0;1
FR;3;2022-01-15;0;280;2;0;276;3;0;0;0;4416683;3437925;4432;2;3609966;2824;32;0;1
FR;3;2022-01-16;1;108;1;0;106;1;1;0;0;4416684;3438033;4433;2;3610072;2825;33;0;1
FR;3;2022-01-17;2;326;8;0;323;9;1;0;0;4416686;3438359;4441;2;3610395;2834;34;0;1
FR;3;2022-01-18;2;364;1;0;360;2;1;0;0;4416688;3438723;4442;2;3610755;2836;35;0;1
FR;3;2022-01-19;2;325;5;0;319;10;0;0;0;4416690;3439048;4447;2;3611074;2846;35;0;1
FR;3;2022-01-20;1;352;5;0;351;3;2;0;0;4416691;3439400;4452;2;3611425;2849;37;0;1
FR;3;2022-01-21;4;344;5;0;338;7;2;0;0;4416695;3439744;4457;2;3611763;2856;39;0;1
FR;3;2022-01-22;2;223;1;0;219;2;3;0;0;4416697;3439967;4458;2;3611982;2858;42;0;1
FR;3;2022-01-23;0;78;0;0;76;1;1;0;0;4416697;3440045;4458;2;3612058;2859;43;0;1
FR;3;2022-01-24;2;321;1;0;313;6;2;0;0;4416699;3440366;4459;2;3612371;2865;45;0;1
FR;3;2022-01-25;0;174;0;0;171;0;1;0;0;4416699;3440540;4459;2;3612542;2865;46;0;1
FR;3;2022-01-26;0;77;0;0;77;0;0;0;0;4416699;3440617;4459;2;3612619;2865;46;0;1
FR;3;2022-01-27;0;52;0;0;52;0;0;0;0;4416699;3440669;4459;2;3612671;2865;46;0;1
FR;3;2022-01-28;0;116;0;0;115;0;0;0;0;4416699;3440785;4459;2;3612786;2865;46;0;1
FR;3;2022-01-29;0;98;0;0;98;0;0;0;0;4416699;3440883;4459;2;3612884;2865;46;0;1
FR;3;2022-01-30;0;50;0;0;50;0;0;0;0;4416699;3440933;4459;2;3612934;2865;46;0;1
FR;3;2022-01-31;0;91;0;0;91;0;0;0;0;4416699;3441024;4459;2;3613025;2865;46;0;1
FR;3;2022-02-01;0;98;0;0;96;1;0;0;0;4416699;3441122;4459;2;3613121;2866;46;0;1
FR;3;2022-02-02;0;85;0;0;83;0;0;0;0;4416699;3441207;4459;2;3613204;2866;46;0;1
FR;3;2022-02-03;0;94;0;0;92;0;0;0;0;4416699;3441301;4459;2;3613296;2866;46;0;1
FR;3;2022-02-04;0;113;0;0;110;0;1;0;0;4416699;3441414;4459;2;3613406;2866;47;0;1
FR;3;2022-02-05;0;70;0;0;70;0;0;0;0;4416699;3441484;4459;2;3613476;2866;47;0;1
FR;3;2022-02-06;0;10;0;0;10;0;0;0;0;4416699;3441494;4459;2;3613486;2866;47;0;1
FR;3;2022-02-07;0;76;0;0;76;0;0;0;0;4416699;3441570;4459;2;3613562;2866;47;0;1
FR;3;2022-02-08;0;0;0;0;0;0;0;0;0;4416699;3441570;4459;2;3613562;2866;47;0;1
FR;3;2022-02-09;0;0;0;0;0;0;0;0;0;4416699;3441570;4459;2;3613562;2866;47;0;1
FR;3;2022-02-10;0;0;0;0;0;0;0;0;0;4416699;3441570;4459;2;3613562;2866;47;0;1
FR;3;2022-02-11;0;0;0;0;0;0;0;0;0;4416699;3441570;4459;2;3613562;2866;47;0;1
FR;3;2022-02-12;0;0;0;0;0;0;0;0;0;4416699;3441570;4459;2;3613562;2866;47;0;1
FR;3;2022-02-13;0;0;0;0;0;0;0;0;0;4416699;3441570;4459;2;3613562;2866;47;0;1
FR;3;2022-02-14;0;0;0;0;0;0;0;0;0;4416699;3441570;4459;2;3613562;2866;47;0;1
FR;3;2022-02-15;0;0;0;0;0;0;0;0;0;4416699;3441570;4459;2;3613562;2866;47;0;1
FR;3;2022-02-16;0;0;0;0;0;0;0;0;0;4416699;3441570;4459;2;3613562;2866;47;0;1
FR;3;2022-02-17;0;0;0;0;0;0;0;0;0;4416699;3441570;4459;2;3613562;2866;47;0;1
FR;3;2022-02-18;0;0;0;0;0;0;0;0;0;4416699;3441570;4459;2;3613562;2866;47;0;1
FR;3;2022-02-19;0;0;0;0;0;0;0;0;0;4416699;3441570;4459;2;3613562;2866;47;0;1
FR;3;2022-02-20;0;0;0;0;0;0;0;0;0;4416699;3441570;4459;2;3613562;2866;47;0;1
FR;3;2022-02-21;2;0;0;0;0;0;0;0;0;4416701;3441570;4459;2;3613562;2866;47;0;1
FR;3;2022-02-22;0;0;0;0;0;0;0;0;0;4416701;3441570;4459;2;3613562;2866;47;0;1
FR;3;2022-02-23;0;0;0;0;0;0;0;0;0;4416701;3441570;4459;2;3613562;2866;47;0;1
FR;3;2022-02-24;0;0;0;0;0;0;0;0;0;4416701;3441570;4459;2;3613562;2866;47;0;1
FR;3;2022-02-25;0;0;0;0;0;0;0;0;0;4416701;3441570;4459;2;3613562;2866;47;0;1
FR;3;2022-02-26;0;0;0;0;0;0;0;0;0;4416701;3441570;4459;2;3613562;2866;47;0;1
FR;3;2022-02-27;0;0;0;0;0;0;0;0;0;4416701;3441570;4459;2;3613562;2866;47;0;1
FR;3;2022-02-28;1;0;0;0;0;0;0;0;0;4416702;3441570;4459;2;3613562;2866;47;0;1
FR;3;2022-03-01;1;0;0;0;0;0;0;0;0;4416703;3441570;4459;2;3613562;2866;47;0;1
FR;3;2022-03-02;0;0;0;0;0;0;0;0;0;4416703;3441570;4459;2;3613562;2866;47;0;1
FR;3;2022-03-03;0;0;0;0;0;0;0;0;0;4416703;3441570;4459;2;3613562;2866;47;0;1
FR;3;2022-03-04;0;0;0;0;0;0;0;0;0;4416703;3441570;4459;2;3613562;2866;47;0;1
FR;3;2022-03-05;0;0;0;0;0;0;0;0;0;4416703;3441570;4459;2;3613562;2866;47;0;1
FR;3;2022-03-06;1;0;0;0;0;0;0;0;0;4416704;3441570;4459;2;3613562;2866;47;0;1
FR;3;2022-03-07;0;0;0;0;0;0;0;0;0;4416704;3441570;4459;2;3613562;2866;47;0;1
FR;3;2022-03-08;1;0;0;0;0;0;0;0;0;4416705;3441570;4459;2;3613562;2866;47;0;1
FR;3;2022-03-09;0;0;0;0;0;0;0;0;0;4416705;3441570;4459;2;3613562;2866;47;0;1
FR;3;2022-03-10;0;0;0;0;0;0;0;0;0;4416705;3441570;4459;2;3613562;2866;47;0;1
FR;3;2022-03-11;0;0;0;0;0;0;0;0;0;4416705;3441570;4459;2;3613562;2866;47;0;1
FR;3;2022-03-12;0;0;0;0;0;0;0;0;0;4416705;3441570;4459;2;3613562;2866;47;0;1
FR;3;2022-03-13;0;0;0;0;0;0;0;0;0;4416705;3441570;4459;2;3613562;2866;47;0;1
FR;3;2022-03-14;0;0;0;0;0;0;0;0;0;4416705;3441570;4459;2;3613562;2866;47;0;1
FR;3;2022-03-15;0;0;0;0;0;0;0;0;0;4416705;3441570;4459;2;3613562;2866;47;0;1
FR;3;2022-03-16;0;0;0;0;0;0;0;0;0;4416705;3441570;4459;2;3613562;2866;47;0;1
FR;3;2022-03-17;0;0;0;0;0;0;0;0;0;4416705;3441570;4459;2;3613562;2866;47;0;1
FR;3;2022-03-18;0;0;0;0;0;0;0;0;0;4416705;3441570;4459;2;3613562;2866;47;0;1
FR;3;2022-03-19;0;0;0;0;0;0;0;0;0;4416705;3441570;4459;2;3613562;2866;47;0;1
FR;3;2022-03-20;1;0;0;0;0;0;0;0;0;4416706;3441570;4459;2;3613562;2866;47;0;1
FR;3;2022-03-21;0;0;0;0;0;0;0;0;0;4416706;3441570;4459;2;3613562;2866;47;0;1
FR;3;2022-03-22;0;0;0;0;0;0;0;0;0;4416706;3441570;4459;2;3613562;2866;47;0;1
FR;3;2022-03-23;1;0;0;0;0;0;0;0;0;4416707;3441570;4459;2;3613562;2866;47;0;1
FR;3;2022-03-24;0;0;0;0;0;0;0;0;0;4416707;3441570;4459;2;3613562;2866;47;0;1
FR;3;2022-03-25;1;0;0;0;0;0;0;0;0;4416708;3441570;4459;2;3613562;2866;47;0;1
FR;3;2022-03-26;0;0;0;0;0;0;0;0;0;4416708;3441570;4459;2;3613562;2866;47;0;1
FR;3;2022-03-27;0;0;0;0;0;0;0;0;0;4416708;3441570;4459;2;3613562;2866;47;0;1
FR;3;2022-03-28;0;0;0;0;0;0;0;0;0;4416708;3441570;4459;2;3613562;2866;47;0;1
FR;3;2022-03-29;0;0;0;0;0;0;0;0;0;4416708;3441570;4459;2;3613562;2866;47;0;1
FR;3;2022-03-30;0;0;0;0;0;0;0;0;0;4416708;3441570;4459;2;3613562;2866;47;0;1
FR;3;2022-03-31;0;0;0;0;0;0;0;0;0;4416708;3441570;4459;2;3613562;2866;47;0;1
FR;3;2022-04-01;0;0;0;0;0;0;0;0;0;4416708;3441570;4459;2;3613562;2866;47;0;1
FR;3;2022-04-02;0;0;0;0;0;0;0;0;0;4416708;3441570;4459;2;3613562;2866;47;0;1
FR;3;2022-04-03;0;0;0;0;0;0;0;0;0;4416708;3441570;4459;2;3613562;2866;47;0;1
FR;3;2022-04-04;0;0;0;0;0;0;0;0;0;4416708;3441570;4459;2;3613562;2866;47;0;1
FR;3;2022-04-05;0;0;0;0;0;0;0;0;0;4416708;3441570;4459;2;3613562;2866;47;0;1
FR;3;2022-04-06;0;0;0;0;0;0;0;0;0;4416708;3441570;4459;2;3613562;2866;47;0;1
FR;3;2022-04-07;0;0;0;0;0;0;0;0;0;4416708;3441570;4459;2;3613562;2866;47;0;1
FR;3;2022-04-08;0;0;0;0;0;0;0;0;0;4416708;3441570;4459;2;3613562;2866;47;0;1
FR;3;2022-04-09;0;0;0;0;0;0;0;0;0;4416708;3441570;4459;2;3613562;2866;47;0;1
FR;3;2022-04-10;0;0;0;0;0;0;0;0;0;4416708;3441570;4459;2;3613562;2866;47;0;1
FR;3;2022-04-11;0;0;0;0;0;0;0;0;0;4416708;3441570;4459;2;3613562;2866;47;0;1
FR;3;2022-04-12;0;0;0;0;0;0;0;0;0;4416708;3441570;4459;2;3613562;2866;47;0;1
FR;3;2022-04-13;0;0;0;0;0;0;0;0;0;4416708;3441570;4459;2;3613562;2866;47;0;1
FR;3;2022-04-14;0;0;0;0;0;0;0;0;0;4416708;3441570;4459;2;3613562;2866;47;0;1
FR;3;2022-04-15;1;0;0;0;0;0;0;0;0;4416709;3441570;4459;2;3613562;2866;47;0;1
FR;3;2022-04-16;0;0;0;0;0;0;0;0;0;4416709;3441570;4459;2;3613562;2866;47;0;1
FR;3;2022-04-17;0;0;0;0;0;0;0;0;0;4416709;3441570;4459;2;3613562;2866;47;0;1
FR;3;2022-04-18;0;0;0;0;0;0;0;0;0;4416709;3441570;4459;2;3613562;2866;47;0;1
FR;3;2022-04-19;0;0;0;0;0;0;0;0;0;4416709;3441570;4459;2;3613562;2866;47;0;1
FR;3;2022-04-20;0;0;0;0;0;0;0;0;0;4416709;3441570;4459;2;3613562;2866;47;0;1
FR;3;2022-04-21;0;0;0;0;0;0;0;0;0;4416709;3441570;4459;2;3613562;2866;47;0;1
FR;3;2022-04-22;0;0;0;0;0;0;0;0;0;4416709;3441570;4459;2;3613562;2866;47;0;1
FR;3;2022-04-23;0;0;0;0;0;0;0;0;0;4416709;3441570;4459;2;3613562;2866;47;0;1
FR;3;2022-04-24;0;0;0;0;0;0;0;0;0;4416709;3441570;4459;2;3613562;2866;47;0;1
FR;3;2022-04-25;0;0;0;0;0;0;0;0;0;4416709;3441570;4459;2;3613562;2866;47;0;1
FR;3;2022-04-26;0;0;0;0;0;0;0;0;0;4416709;3441570;4459;2;3613562;2866;47;0;1
FR;3;2022-04-27;0;0;0;0;0;0;0;0;0;4416709;3441570;4459;2;3613562;2866;47;0;1
FR;3;2022-04-28;0;0;0;0;0;0;0;0;0;4416709;3441570;4459;2;3613562;2866;47;0;1
FR;3;2022-04-29;0;0;0;0;0;0;0;0;0;4416709;3441570;4459;2;3613562;2866;47;0;1
FR;3;2022-04-30;0;0;0;0;0;0;0;0;0;4416709;3441570;4459;2;3613562;2866;47;0;1
FR;3;2022-05-01;0;0;0;0;0;0;0;0;0;4416709;3441570;4459;2;3613562;2866;47;0;1
FR;3;2022-05-02;0;0;0;0;0;0;0;0;0;4416709;3441570;4459;2;3613562;2866;47;0;1
FR;3;2022-05-03;0;0;0;0;0;0;0;0;0;4416709;3441570;4459;2;3613562;2866;47;0;1
FR;3;2022-05-04;0;0;0;0;0;0;0;0;0;4416709;3441570;4459;2;3613562;2866;47;0;1
FR;3;2022-05-05;0;0;0;0;0;0;0;0;0;4416709;3441570;4459;2;3613562;2866;47;0;1
FR;3;2022-05-06;0;0;0;0;0;0;0;0;0;4416709;3441570;4459;2;3613562;2866;47;0;1
FR;3;2022-05-07;0;0;0;0;0;0;0;0;0;4416709;3441570;4459;2;3613562;2866;47;0;1
FR;3;2022-05-08;0;0;0;0;0;0;0;0;0;4416709;3441570;4459;2;3613562;2866;47;0;1
FR;3;2022-05-09;0;0;0;0;0;0;0;0;0;4416709;3441570;4459;2;3613562;2866;47;0;1
FR;3;2022-05-10;0;0;0;0;0;0;0;0;0;4416709;3441570;4459;2;3613562;2866;47;0;1
FR;3;2022-05-11;0;0;0;0;0;0;0;0;0;4416709;3441570;4459;2;3613562;2866;47;0;1
FR;3;2022-05-12;0;0;0;0;0;0;0;0;0;4416709;3441570;4459;2;3613562;2866;47;0;1
FR;3;2022-05-13;0;0;0;0;0;0;0;0;0;4416709;3441570;4459;2;3613562;2866;47;0;1
FR;3;2022-05-14;1;0;0;0;0;0;0;0;0;4416710;3441570;4459;2;3613562;2866;47;0;1
FR;3;2022-05-15;0;0;0;0;0;0;0;0;0;4416710;3441570;4459;2;3613562;2866;47;0;1
FR;3;2022-05-16;0;0;0;0;0;0;0;0;0;4416710;3441570;4459;2;3613562;2866;47;0;1
FR;3;2022-05-17;0;0;0;0;0;0;0;0;0;4416710;3441570;4459;2;3613562;2866;47;0;1
FR;3;2022-05-18;0;0;0;0;0;0;0;0;0;4416710;3441570;4459;2;3613562;2866;47;0;1
FR;3;2022-05-19;0;0;0;0;0;0;0;0;0;4416710;3441570;4459;2;3613562;2866;47;0;1
FR;3;2022-05-20;0;0;0;0;0;0;0;0;0;4416710;3441570;4459;2;3613562;2866;47;0;1
FR;3;2022-05-21;0;0;0;0;0;0;0;0;0;4416710;3441570;4459;2;3613562;2866;47;0;1
FR;3;2022-05-22;0;0;0;0;0;0;0;0;0;4416710;3441570;4459;2;3613562;2866;47;0;1
FR;3;2022-05-23;0;0;0;0;0;0;0;0;0;4416710;3441570;4459;2;3613562;2866;47;0;1
FR;3;2022-05-24;0;0;0;0;0;0;0;0;0;4416710;3441570;4459;2;3613562;2866;47;0;1
FR;3;2022-05-25;0;0;0;0;0;0;0;0;0;4416710;3441570;4459;2;3613562;2866;47;0;1
FR;3;2022-05-26;0;0;0;0;0;0;0;0;0;4416710;3441570;4459;2;3613562;2866;47;0;1
FR;3;2022-05-27;0;0;0;0;0;0;0;0;0;4416710;3441570;4459;2;3613562;2866;47;0;1
FR;3;2022-05-28;0;0;0;0;0;0;0;0;0;4416710;3441570;4459;2;3613562;2866;47;0;1
FR;3;2022-05-29;0;0;0;0;0;0;0;0;0;4416710;3441570;4459;2;3613562;2866;47;0;1
FR;3;2022-05-30;0;0;0;0;0;0;0;0;0;4416710;3441570;4459;2;3613562;2866;47;0;1
FR;3;2022-05-31;0;0;0;0;0;0;0;0;0;4416710;3441570;4459;2;3613562;2866;47;0;1
FR;3;2022-06-01;0;0;0;0;0;0;0;0;0;4416710;3441570;4459;2;3613562;2866;47;0;1
FR;3;2022-06-02;0;0;0;0;0;0;0;0;0;4416710;3441570;4459;2;3613562;2866;47;0;1
FR;3;2022-06-03;0;0;0;0;0;0;0;0;0;4416710;3441570;4459;2;3613562;2866;47;0;1
FR;3;2022-06-04;0;0;0;0;0;0;0;0;0;4416710;3441570;4459;2;3613562;2866;47;0;1
FR;3;2022-06-05;0;0;0;0;0;0;0;0;0;4416710;3441570;4459;2;3613562;2866;47;0;1
FR;3;2022-06-06;0;0;0;0;0;0;0;0;0;4416710;3441570;4459;2;3613562;2866;47;0;1
FR;3;2022-06-07;0;0;0;0;0;0;0;0;0;4416710;3441570;4459;2;3613562;2866;47;0;1
FR;3;2022-06-08;0;0;0;0;0;0;0;0;0;4416710;3441570;4459;2;3613562;2866;47;0;1
FR;3;2022-06-09;0;0;0;0;0;0;0;0;0;4416710;3441570;4459;2;3613562;2866;47;0;1
FR;3;2022-06-10;0;0;0;0;0;0;0;0;0;4416710;3441570;4459;2;3613562;2866;47;0;1
FR;3;2022-06-11;0;0;0;0;0;0;0;0;0;4416710;3441570;4459;2;3613562;2866;47;0;1
FR;3;2022-06-12;0;0;0;0;0;0;0;0;0;4416710;3441570;4459;2;3613562;2866;47;0;1
FR;3;2022-06-13;1;0;0;0;0;0;0;0;0;4416711;3441570;4459;2;3613562;2866;47;0;1
FR;3;2022-06-14;0;0;0;0;0;0;0;0;0;4416711;3441570;4459;2;3613562;2866;47;0;1
FR;3;2022-06-15;0;0;0;0;0;0;0;0;0;4416711;3441570;4459;2;3613562;2866;47;0;1
FR;3;2022-06-16;0;0;0;0;0;0;0;0;0;4416711;3441570;4459;2;3613562;2866;47;0;1
FR;3;2022-06-17;0;0;0;0;0;0;0;0;0;4416711;3441570;4459;2;3613562;2866;47;0;1
FR;3;2022-06-18;0;0;0;0;0;0;0;0;0;4416711;3441570;4459;2;3613562;2866;47;0;1
FR;3;2022-06-19;0;0;0;0;0;0;0;0;0;4416711;3441570;4459;2;3613562;2866;47;0;1
FR;3;2022-06-20;0;0;0;0;0;0;0;0;0;4416711;3441570;4459;2;3613562;2866;47;0;1
FR;3;2022-06-21;0;0;0;0;0;0;0;0;0;4416711;3441570;4459;2;3613562;2866;47;0;1
FR;3;2022-06-22;0;0;0;0;0;0;0;0;0;4416711;3441570;4459;2;3613562;2866;47;0;1
FR;3;2022-06-23;0;0;0;0;0;0;0;0;0;4416711;3441570;4459;2;3613562;2866;47;0;1
FR;3;2022-06-24;0;0;0;0;0;0;0;0;0;4416711;3441570;4459;2;3613562;2866;47;0;1
FR;3;2022-06-25;0;0;0;0;0;0;0;0;0;4416711;3441570;4459;2;3613562;2866;47;0;1
FR;3;2022-06-26;0;0;0;0;0;0;0;0;0;4416711;3441570;4459;2;3613562;2866;47;0;1
FR;3;2022-06-27;0;0;0;0;0;0;0;0;0;4416711;3441570;4459;2;3613562;2866;47;0;1
FR;3;2022-06-28;0;0;0;0;0;0;0;0;0;4416711;3441570;4459;2;3613562;2866;47;0;1
FR;3;2022-06-29;1;0;0;0;0;0;0;0;0;4416712;3441570;4459;2;3613562;2866;47;0;1
FR;3;2022-06-30;0;0;0;0;0;0;0;0;0;4416712;3441570;4459;2;3613562;2866;47;0;1
FR;3;2022-07-01;0;0;0;0;0;0;0;0;0;4416712;3441570;4459;2;3613562;2866;47;0;1
FR;3;2022-07-02;0;0;0;0;0;0;0;0;0;4416712;3441570;4459;2;3613562;2866;47;0;1
FR;3;2022-07-03;0;0;0;0;0;0;0;0;0;4416712;3441570;4459;2;3613562;2866;47;0;1
FR;3;2022-07-04;0;0;0;0;0;0;0;0;0;4416712;3441570;4459;2;3613562;2866;47;0;1
FR;3;2022-07-05;0;0;0;0;0;0;0;0;0;4416712;3441570;4459;2;3613562;2866;47;0;1
FR;3;2022-07-06;0;0;0;0;0;0;0;0;0;4416712;3441570;4459;2;3613562;2866;47;0;1
FR;3;2022-07-07;0;0;0;0;0;0;0;0;0;4416712;3441570;4459;2;3613562;2866;47;0;1
FR;3;2022-07-08;0;0;0;0;0;0;0;0;0;4416712;3441570;4459;2;3613562;2866;47;0;1
FR;3;2022-07-09;0;0;0;0;0;0;0;0;0;4416712;3441570;4459;2;3613562;2866;47;0;1
FR;3;2022-07-10;0;0;0;0;0;0;0;0;0;4416712;3441570;4459;2;3613562;2866;47;0;1
FR;3;2022-07-11;0;0;0;0;0;0;0;0;0;4416712;3441570;4459;2;3613562;2866;47;0;1
FR;3;2022-07-12;0;0;0;0;0;0;0;0;0;4416712;3441570;4459;2;3613562;2866;47;0;1
FR;3;2022-07-13;0;0;0;0;0;0;0;0;0;4416712;3441570;4459;2;3613562;2866;47;0;1
FR;3;2022-07-14;0;0;0;0;0;0;0;0;0;4416712;3441570;4459;2;3613562;2866;47;0;1
FR;3;2022-07-15;0;0;0;0;0;0;0;0;0;4416712;3441570;4459;2;3613562;2866;47;0;1
FR;3;2022-07-16;0;0;0;0;0;0;0;0;0;4416712;3441570;4459;2;3613562;2866;47;0;1
FR;3;2022-07-17;0;0;0;0;0;0;0;0;0;4416712;3441570;4459;2;3613562;2866;47;0;1
FR;3;2022-07-18;0;0;0;0;0;0;0;0;0;4416712;3441570;4459;2;3613562;2866;47;0;1
FR;3;2022-07-19;0;0;0;0;0;0;0;0;0;4416712;3441570;4459;2;3613562;2866;47;0;1
FR;3;2022-07-20;0;0;0;0;0;0;0;0;0;4416712;3441570;4459;2;3613562;2866;47;0;1
FR;3;2022-07-21;0;0;0;0;0;0;0;0;0;4416712;3441570;4459;2;3613562;2866;47;0;1
FR;3;2022-07-22;0;0;0;0;0;0;0;0;0;4416712;3441570;4459;2;3613562;2866;47;0;1
FR;3;2022-07-23;0;0;0;0;0;0;0;0;0;4416712;3441570;4459;2;3613562;2866;47;0;1
FR;3;2022-07-24;0;0;0;0;0;0;0;0;0;4416712;3441570;4459;2;3613562;2866;47;0;1
FR;3;2022-07-25;0;0;0;0;0;0;0;0;0;4416712;3441570;4459;2;3613562;2866;47;0;1
FR;3;2022-07-26;0;0;0;0;0;0;0;0;0;4416712;3441570;4459;2;3613562;2866;47;0;1
FR;3;2022-07-27;0;0;0;0;0;0;0;0;0;4416712;3441570;4459;2;3613562;2866;47;0;1
FR;3;2022-07-28;0;0;0;0;0;0;0;0;0;4416712;3441570;4459;2;3613562;2866;47;0;1
FR;3;2022-07-29;0;0;0;0;0;0;0;0;0;4416712;3441570;4459;2;3613562;2866;47;0;1
FR;3;2022-07-30;0;0;0;0;0;0;0;0;0;4416712;3441570;4459;2;3613562;2866;47;0;1
FR;3;2022-07-31;0;0;0;0;0;0;0;0;0;4416712;3441570;4459;2;3613562;2866;47;0;1
FR;3;2022-08-01;0;0;0;0;0;0;0;0;0;4416712;3441570;4459;2;3613562;2866;47;0;1
FR;3;2022-08-02;0;0;0;0;0;0;0;0;0;4416712;3441570;4459;2;3613562;2866;47;0;1
FR;3;2022-08-03;0;0;0;0;0;0;0;0;0;4416712;3441570;4459;2;3613562;2866;47;0;1
FR;3;2022-08-04;0;0;0;0;0;0;0;0;0;4416712;3441570;4459;2;3613562;2866;47;0;1
FR;3;2022-08-05;0;0;0;0;0;0;0;0;0;4416712;3441570;4459;2;3613562;2866;47;0;1
FR;3;2022-08-06;0;0;0;0;0;0;0;0;0;4416712;3441570;4459;2;3613562;2866;47;0;1
FR;3;2022-08-07;0;0;0;0;0;0;0;0;0;4416712;3441570;4459;2;3613562;2866;47;0;1
FR;3;2022-08-08;0;0;0;0;0;0;0;0;0;4416712;3441570;4459;2;3613562;2866;47;0;1
FR;3;2022-08-09;0;0;0;0;0;0;0;0;0;4416712;3441570;4459;2;3613562;2866;47;0;1
FR;3;2022-08-10;0;0;0;0;0;0;0;0;0;4416712;3441570;4459;2;3613562;2866;47;0;1
FR;3;2022-08-11;0;0;0;0;0;0;0;0;0;4416712;3441570;4459;2;3613562;2866;47;0;1
FR;3;2022-08-12;0;0;0;0;0;0;0;0;0;4416712;3441570;4459;2;3613562;2866;47;0;1
FR;3;2022-08-13;0;0;0;0;0;0;0;0;0;4416712;3441570;4459;2;3613562;2866;47;0;1
FR;3;2022-08-14;0;0;0;0;0;0;0;0;0;4416712;3441570;4459;2;3613562;2866;47;0;1
FR;3;2022-08-15;0;0;0;0;0;0;0;0;0;4416712;3441570;4459;2;3613562;2866;47;0;1
FR;3;2022-08-16;0;0;0;0;0;0;0;0;0;4416712;3441570;4459;2;3613562;2866;47;0;1
FR;3;2022-08-17;0;0;0;0;0;0;0;0;0;4416712;3441570;4459;2;3613562;2866;47;0;1
FR;3;2022-08-18;0;0;0;0;0;0;0;0;0;4416712;3441570;4459;2;3613562;2866;47;0;1
FR;3;2022-08-19;0;0;0;0;0;0;0;0;0;4416712;3441570;4459;2;3613562;2866;47;0;1
FR;3;2022-08-20;0;0;0;0;0;0;0;0;0;4416712;3441570;4459;2;3613562;2866;47;0;1
FR;3;2022-08-21;0;0;0;0;0;0;0;0;0;4416712;3441570;4459;2;3613562;2866;47;0;1
FR;3;2022-08-22;0;0;0;0;0;0;0;0;0;4416712;3441570;4459;2;3613562;2866;47;0;1
FR;3;2022-08-23;0;0;0;0;0;0;0;0;0;4416712;3441570;4459;2;3613562;2866;47;0;1
FR;3;2022-08-24;0;0;0;0;0;0;0;0;0;4416712;3441570;4459;2;3613562;2866;47;0;1
FR;3;2022-08-25;0;0;0;0;0;0;0;0;0;4416712;3441570;4459;2;3613562;2866;47;0;1
FR;3;2022-08-26;0;0;0;0;0;0;0;0;0;4416712;3441570;4459;2;3613562;2866;47;0;1
FR;3;2022-08-27;0;0;0;0;0;0;0;0;0;4416712;3441570;4459;2;3613562;2866;47;0;1
FR;3;2022-08-28;0;0;0;0;0;0;0;0;0;4416712;3441570;4459;2;3613562;2866;47;0;1
FR;3;2022-08-29;0;0;0;0;0;0;0;0;0;4416712;3441570;4459;2;3613562;2866;47;0;1
FR;3;2022-08-30;0;0;0;0;0;0;0;0;0;4416712;3441570;4459;2;3613562;2866;47;0;1
FR;3;2022-08-31;0;0;0;0;0;0;0;0;0;4416712;3441570;4459;2;3613562;2866;47;0;1
FR;3;2022-09-01;0;0;0;0;0;0;0;0;0;4416712;3441570;4459;2;3613562;2866;47;0;1
FR;3;2022-09-02;0;0;0;0;0;0;0;0;0;4416712;3441570;4459;2;3613562;2866;47;0;1
FR;3;2022-09-03;0;0;0;0;0;0;0;0;0;4416712;3441570;4459;2;3613562;2866;47;0;1
FR;3;2022-09-04;0;0;0;0;0;0;0;0;0;4416712;3441570;4459;2;3613562;2866;47;0;1
FR;3;2022-09-05;0;0;0;0;0;0;0;0;0;4416712;3441570;4459;2;3613562;2866;47;0;1
FR;3;2022-09-06;0;0;0;0;0;0;0;0;0;4416712;3441570;4459;2;3613562;2866;47;0;1
FR;3;2022-09-07;0;0;0;0;0;0;0;0;0;4416712;3441570;4459;2;3613562;2866;47;0;1
FR;3;2022-09-08;0;0;0;0;0;0;0;0;0;4416712;3441570;4459;2;3613562;2866;47;0;1
FR;3;2022-09-09;0;0;0;0;0;0;0;0;0;4416712;3441570;4459;2;3613562;2866;47;0;1
FR;3;2022-09-10;0;0;0;0;0;0;0;0;0;4416712;3441570;4459;2;3613562;2866;47;0;1
FR;3;2022-09-11;0;0;0;0;0;0;0;0;0;4416712;3441570;4459;2;3613562;2866;47;0;1
FR;3;2022-09-12;0;0;0;0;0;0;0;0;0;4416712;3441570;4459;2;3613562;2866;47;0;1
FR;3;2022-09-13;0;0;0;0;0;0;0;0;0;4416712;3441570;4459;2;3613562;2866;47;0;1
FR;3;2022-09-14;0;0;0;0;0;0;0;0;0;4416712;3441570;4459;2;3613562;2866;47;0;1
FR;3;2022-09-15;0;0;0;0;0;0;0;0;0;4416712;3441570;4459;2;3613562;2866;47;0;1
FR;3;2022-09-16;0;0;0;0;0;0;0;0;0;4416712;3441570;4459;2;3613562;2866;47;0;1
FR;3;2022-09-17;0;0;0;0;0;0;0;0;0;4416712;3441570;4459;2;3613562;2866;47;0;1
FR;3;2022-09-18;0;0;0;0;0;0;0;0;0;4416712;3441570;4459;2;3613562;2866;47;0;1
FR;3;2022-09-19;0;0;0;0;0;0;0;0;0;4416712;3441570;4459;2;3613562;2866;47;0;1
FR;3;2022-09-20;0;0;0;0;0;0;0;0;0;4416712;3441570;4459;2;3613562;2866;47;0;1
FR;3;2022-09-21;0;0;0;0;0;0;0;0;0;4416712;3441570;4459;2;3613562;2866;47;0;1
FR;3;2022-09-22;0;0;0;0;0;0;0;0;0;4416712;3441570;4459;2;3613562;2866;47;0;1
FR;3;2022-09-23;0;0;0;0;0;0;0;0;0;4416712;3441570;4459;2;3613562;2866;47;0;1
FR;3;2022-09-24;0;0;0;0;0;0;0;0;0;4416712;3441570;4459;2;3613562;2866;47;0;1
FR;3;2022-09-25;0;0;0;0;0;0;0;0;0;4416712;3441570;4459;2;3613562;2866;47;0;1
FR;3;2022-09-26;0;0;0;0;0;0;0;0;0;4416712;3441570;4459;2;3613562;2866;47;0;1
FR;3;2022-09-27;0;0;0;0;0;0;0;0;0;4416712;3441570;4459;2;3613562;2866;47;0;1
FR;3;2022-09-28;0;0;0;0;0;0;0;0;0;4416712;3441570;4459;2;3613562;2866;47;0;1
FR;3;2022-09-29;0;0;0;0;0;0;0;0;0;4416712;3441570;4459;2;3613562;2866;47;0;1
FR;3;2022-09-30;0;0;0;0;0;0;0;0;0;4416712;3441570;4459;2;3613562;2866;47;0;1
FR;3;2022-10-01;0;0;0;0;0;0;0;0;0;4416712;3441570;4459;2;3613562;2866;47;0;1
FR;3;2022-10-02;0;0;0;0;0;0;0;0;0;4416712;3441570;4459;2;3613562;2866;47;0;1
FR;3;2022-10-03;0;0;0;0;0;0;0;0;0;4416712;3441570;4459;2;3613562;2866;47;0;1
FR;3;2022-10-04;0;0;0;0;0;0;0;0;0;4416712;3441570;4459;2;3613562;2866;47;0;1
FR;3;2022-10-05;0;0;0;0;0;0;0;0;0;4416712;3441570;4459;2;3613562;2866;47;0;1
FR;3;2022-10-06;0;0;0;0;0;0;0;0;0;4416712;3441570;4459;2;3613562;2866;47;0;1
FR;3;2022-10-07;0;0;0;0;0;0;0;0;0;4416712;3441570;4459;2;3613562;2866;47;0;1
FR;3;2022-10-08;0;0;0;0;0;0;0;0;0;4416712;3441570;4459;2;3613562;2866;47;0;1
FR;3;2022-10-09;0;0;0;0;0;0;0;0;0;4416712;3441570;4459;2;3613562;2866;47;0;1
FR;3;2022-10-10;0;0;0;0;0;0;0;0;0;4416712;3441570;4459;2;3613562;2866;47;0;1
FR;3;2022-10-11;0;0;0;0;0;0;0;0;0;4416712;3441570;4459;2;3613562;2866;47;0;1
FR;3;2022-10-12;0;0;0;0;0;0;0;0;0;4416712;3441570;4459;2;3613562;2866;47;0;1
FR;3;2022-10-13;0;0;0;0;0;0;0;0;0;4416712;3441570;4459;2;3613562;2866;47;0;1
FR;3;2022-10-14;0;0;0;0;0;0;0;0;0;4416712;3441570;4459;2;3613562;2866;47;0;1
FR;3;2022-10-15;0;0;0;0;0;0;0;0;0;4416712;3441570;4459;2;3613562;2866;47;0;1
FR;3;2022-10-16;0;0;0;0;0;0;0;0;0;4416712;3441570;4459;2;3613562;2866;47;0;1
FR;3;2022-10-17;0;0;0;0;0;0;0;0;0;4416712;3441570;4459;2;3613562;2866;47;0;1
FR;3;2022-10-18;0;0;0;0;0;0;0;0;0;4416712;3441570;4459;2;3613562;2866;47;0;1
FR;3;2022-10-19;0;0;0;0;0;0;0;0;0;4416712;3441570;4459;2;3613562;2866;47;0;1
FR;3;2022-10-20;0;0;0;0;0;0;0;0;0;4416712;3441570;4459;2;3613562;2866;47;0;1
FR;3;2022-10-21;0;0;0;0;0;0;0;0;0;4416712;3441570;4459;2;3613562;2866;47;0;1
FR;3;2022-10-22;0;0;0;0;0;0;0;0;0;4416712;3441570;4459;2;3613562;2866;47;0;1
FR;3;2022-10-23;0;0;0;0;0;0;0;0;0;4416712;3441570;4459;2;3613562;2866;47;0;1
FR;3;2022-10-24;0;0;0;0;0;0;0;0;0;4416712;3441570;4459;2;3613562;2866;47;0;1
FR;3;2022-10-25;0;0;0;0;0;0;0;0;0;4416712;3441570;4459;2;3613562;2866;47;0;1
FR;3;2022-10-26;0;0;0;0;0;0;0;0;0;4416712;3441570;4459;2;3613562;2866;47;0;1
FR;3;2022-10-27;0;0;0;0;0;0;0;0;0;4416712;3441570;4459;2;3613562;2866;47;0;1
FR;3;2022-10-28;0;0;0;0;0;0;0;0;0;4416712;3441570;4459;2;3613562;2866;47;0;1
FR;3;2022-10-29;0;0;0;0;0;0;0;0;0;4416712;3441570;4459;2;3613562;2866;47;0;1
FR;3;2022-10-30;0;0;0;0;0;0;0;0;0;4416712;3441570;4459;2;3613562;2866;47;0;1
FR;3;2022-10-31;0;0;0;0;0;0;0;0;0;4416712;3441570;4459;2;3613562;2866;47;0;1
FR;3;2022-11-01;0;0;0;0;0;0;0;0;0;4416712;3441570;4459;2;3613562;2866;47;0;1
FR;3;2022-11-02;0;0;0;0;0;0;0;0;0;4416712;3441570;4459;2;3613562;2866;47;0;1
FR;3;2022-11-03;0;0;0;0;0;0;0;0;0;4416712;3441570;4459;2;3613562;2866;47;0;1
FR;3;2022-11-04;0;0;0;0;0;0;0;0;0;4416712;3441570;4459;2;3613562;2866;47;0;1
FR;3;2022-11-05;0;0;0;0;0;0;0;0;0;4416712;3441570;4459;2;3613562;2866;47;0;1
FR;3;2022-11-06;0;0;0;0;0;0;0;0;0;4416712;3441570;4459;2;3613562;2866;47;0;1
FR;3;2022-11-07;0;0;0;0;0;0;0;0;0;4416712;3441570;4459;2;3613562;2866;47;0;1
FR;3;2022-11-08;1;0;0;0;0;0;0;0;0;4416713;3441570;4459;2;3613562;2866;47;0;1
FR;3;2022-11-09;0;0;0;0;0;0;0;0;0;4416713;3441570;4459;2;3613562;2866;47;0;1
FR;3;2022-11-10;0;0;0;0;0;0;0;0;0;4416713;3441570;4459;2;3613562;2866;47;0;1
FR;3;2022-11-11;0;0;0;0;0;0;0;0;0;4416713;3441570;4459;2;3613562;2866;47;0;1
FR;3;2022-11-12;0;0;0;0;0;0;0;0;0;4416713;3441570;4459;2;3613562;2866;47;0;1
FR;3;2022-11-13;0;0;0;0;0;0;0;0;0;4416713;3441570;4459;2;3613562;2866;47;0;1
FR;3;2022-11-14;0;0;0;0;0;0;0;0;0;4416713;3441570;4459;2;3613562;2866;47;0;1
FR;3;2022-11-15;0;0;0;0;0;0;0;0;0;4416713;3441570;4459;2;3613562;2866;47;0;1
FR;3;2022-11-16;0;0;0;0;0;0;0;0;0;4416713;3441570;4459;2;3613562;2866;47;0;1
FR;3;2022-11-17;0;0;0;0;0;0;0;0;0;4416713;3441570;4459;2;3613562;2866;47;0;1
FR;3;2022-11-18;0;0;0;0;0;0;0;0;0;4416713;3441570;4459;2;3613562;2866;47;0;1
FR;3;2022-11-19;0;0;0;0;0;0;0;0;0;4416713;3441570;4459;2;3613562;2866;47;0;1
FR;3;2022-11-20;0;0;0;0;0;0;0;0;0;4416713;3441570;4459;2;3613562;2866;47;0;1
FR;3;2022-11-21;0;0;0;0;0;0;0;0;0;4416713;3441570;4459;2;3613562;2866;47;0;1
FR;3;2022-11-22;0;0;0;0;0;0;0;0;0;4416713;3441570;4459;2;3613562;2866;47;0;1
FR;3;2022-11-23;0;0;0;0;0;0;0;0;0;4416713;3441570;4459;2;3613562;2866;47;0;1
FR;3;2022-11-24;0;0;0;0;0;0;0;0;0;4416713;3441570;4459;2;3613562;2866;47;0;1
FR;3;2022-11-25;0;0;0;0;0;0;0;0;0;4416713;3441570;4459;2;3613562;2866;47;0;1
FR;3;2022-11-26;0;0;0;0;0;0;0;0;0;4416713;3441570;4459;2;3613562;2866;47;0;1
FR;3;2022-11-27;0;0;0;0;0;0;0;0;0;4416713;3441570;4459;2;3613562;2866;47;0;1
FR;3;2022-11-28;0;0;0;0;0;0;0;0;0;4416713;3441570;4459;2;3613562;2866;47;0;1
FR;3;2022-11-29;0;0;0;0;0;0;0;0;0;4416713;3441570;4459;2;3613562;2866;47;0;1
FR;3;2022-11-30;0;0;0;0;0;0;0;0;0;4416713;3441570;4459;2;3613562;2866;47;0;1
FR;3;2022-12-01;0;0;0;0;0;0;0;0;0;4416713;3441570;4459;2;3613562;2866;47;0;1
FR;3;2022-12-02;0;0;0;0;0;0;0;0;0;4416713;3441570;4459;2;3613562;2866;47;0;1
FR;3;2022-12-03;0;0;0;0;0;0;0;0;0;4416713;3441570;4459;2;3613562;2866;47;0;1
FR;3;2022-12-04;0;0;0;0;0;0;0;0;0;4416713;3441570;4459;2;3613562;2866;47;0;1
FR;3;2022-12-05;0;0;0;0;0;0;0;0;0;4416713;3441570;4459;2;3613562;2866;47;0;1
FR;3;2022-12-06;0;0;0;0;0;0;0;0;0;4416713;3441570;4459;2;3613562;2866;47;0;1
FR;3;2022-12-07;0;0;0;0;0;0;0;0;0;4416713;3441570;4459;2;3613562;2866;47;0;1
FR;3;2022-12-08;0;0;0;0;0;0;0;0;0;4416713;3441570;4459;2;3613562;2866;47;0;1
FR;3;2022-12-09;0;0;0;0;0;0;0;0;0;4416713;3441570;4459;2;3613562;2866;47;0;1
FR;3;2022-12-10;0;0;0;0;0;0;0;0;0;4416713;3441570;4459;2;3613562;2866;47;0;1
FR;3;2022-12-11;0;0;0;0;0;0;0;0;0;4416713;3441570;4459;2;3613562;2866;47;0;1
FR;3;2022-12-12;0;0;0;0;0;0;0;0;0;4416713;3441570;4459;2;3613562;2866;47;0;1
FR;3;2022-12-13;0;0;0;0;0;0;0;0;0;4416713;3441570;4459;2;3613562;2866;47;0;1
FR;3;2022-12-14;0;0;0;0;0;0;0;0;0;4416713;3441570;4459;2;3613562;2866;47;0;1
FR;3;2022-12-15;0;0;0;0;0;0;0;0;0;4416713;3441570;4459;2;3613562;2866;47;0;1
FR;3;2022-12-16;0;0;0;0;0;0;0;0;0;4416713;3441570;4459;2;3613562;2866;47;0;1
FR;3;2022-12-17;0;0;0;0;0;0;0;0;0;4416713;3441570;4459;2;3613562;2866;47;0;1
FR;3;2022-12-18;0;0;0;0;0;0;0;0;0;4416713;3441570;4459;2;3613562;2866;47;0;1
FR;3;2022-12-19;0;0;0;0;0;0;0;0;0;4416713;3441570;4459;2;3613562;2866;47;0;1
FR;3;2022-12-20;0;0;0;0;0;0;0;0;0;4416713;3441570;4459;2;3613562;2866;47;0;1
FR;3;2022-12-21;0;0;0;0;0;0;0;0;0;4416713;3441570;4459;2;3613562;2866;47;0;1
FR;3;2022-12-22;0;0;0;0;0;0;0;0;0;4416713;3441570;4459;2;3613562;2866;47;0;1
FR;3;2022-12-23;0;0;0;0;0;0;0;0;0;4416713;3441570;4459;2;3613562;2866;47;0;1
FR;3;2022-12-24;0;0;0;0;0;0;0;0;0;4416713;3441570;4459;2;3613562;2866;47;0;1
FR;3;2022-12-25;0;0;0;0;0;0;0;0;0;4416713;3441570;4459;2;3613562;2866;47;0;1
FR;3;2022-12-26;0;0;0;0;0;0;0;0;0;4416713;3441570;4459;2;3613562;2866;47;0;1
FR;3;2022-12-27;0;0;0;0;0;0;0;0;0;4416713;3441570;4459;2;3613562;2866;47;0;1
FR;3;2022-12-28;0;0;0;0;0;0;0;0;0;4416713;3441570;4459;2;3613562;2866;47;0;1
FR;3;2022-12-29;0;0;0;0;0;0;0;0;0;4416713;3441570;4459;2;3613562;2866;47;0;1
FR;3;2022-12-30;0;0;0;0;0;0;0;0;0;4416713;3441570;4459;2;3613562;2866;47;0;1
FR;3;2022-12-31;0;0;0;0;0;0;0;0;0;4416713;3441570;4459;2;3613562;2866;47;0;1
FR;3;2023-01-01;0;0;0;0;0;0;0;0;0;4416713;3441570;4459;2;3613562;2866;47;0;1
FR;3;2023-01-02;0;0;0;0;0;0;0;0;0;4416713;3441570;4459;2;3613562;2866;47;0;1
FR;3;2023-01-03;0;0;0;0;0;0;0;0;0;4416713;3441570;4459;2;3613562;2866;47;0;1
FR;3;2023-01-04;0;0;0;0;0;0;0;0;0;4416713;3441570;4459;2;3613562;2866;47;0;1
FR;4;2020-12-27;0;0;0;0;0;0;0;0;0;0;0;0;0;0;0;0;0;0
FR;4;2020-12-28;0;0;0;0;0;0;0;0;0;0;0;0;0;0;0;0;0;0
FR;4;2020-12-29;0;0;0;0;0;0;0;0;0;0;0;0;0;0;0;0;0;0
FR;4;2020-12-30;0;0;0;0;0;0;0;0;0;0;0;0;0;0;0;0;0;0
FR;4;2020-12-31;0;0;0;0;0;0;0;0;0;0;0;0;0;0;0;0;0;0
FR;4;2021-01-01;0;0;0;0;0;0;0;0;0;0;0;0;0;0;0;0;0;0
FR;4;2021-01-02;0;0;0;0;0;0;0;0;0;0;0;0;0;0;0;0;0;0
FR;4;2021-01-03;0;0;0;0;0;0;0;0;0;0;0;0;0;0;0;0;0;0
FR;4;2021-01-04;0;0;0;0;0;0;0;0;0;0;0;0;0;0;0;0;0;0
FR;4;2021-01-05;0;0;0;0;0;0;0;0;0;0;0;0;0;0;0;0;0;0
FR;4;2021-01-06;0;0;0;0;0;0;0;0;0;0;0;0;0;0;0;0;0;0
FR;4;2021-01-07;0;0;0;0;0;0;0;0;0;0;0;0;0;0;0;0;0;0
FR;4;2021-01-08;0;0;0;0;0;0;0;0;0;0;0;0;0;0;0;0;0;0
FR;4;2021-01-09;0;0;0;0;0;0;0;0;0;0;0;0;0;0;0;0;0;0
FR;4;2021-01-10;0;0;0;0;0;0;0;0;0;0;0;0;0;0;0;0;0;0
FR;4;2021-01-11;0;0;0;0;0;0;0;0;0;0;0;0;0;0;0;0;0;0
FR;4;2021-01-12;0;0;0;0;0;0;0;0;0;0;0;0;0;0;0;0;0;0
FR;4;2021-01-13;0;0;0;0;0;0;0;0;0;0;0;0;0;0;0;0;0;0
FR;4;2021-01-14;0;0;0;0;0;0;0;0;0;0;0;0;0;0;0;0;0;0
FR;4;2021-01-15;0;0;0;0;0;0;0;0;0;0;0;0;0;0;0;0;0;0
FR;4;2021-01-16;0;0;0;0;0;0;0;0;0;0;0;0;0;0;0;0;0;0
FR;4;2021-01-17;0;0;0;0;0;0;0;0;0;0;0;0;0;0;0;0;0;0
FR;4;2021-01-18;0;0;0;0;0;0;0;0;0;0;0;0;0;0;0;0;0;0
FR;4;2021-01-19;0;0;0;0;0;0;0;0;0;0;0;0;0;0;0;0;0;0
FR;4;2021-01-20;0;0;0;0;0;0;0;0;0;0;0;0;0;0;0;0;0;0
FR;4;2021-01-21;0;0;0;0;0;0;0;0;0;0;0;0;0;0;0;0;0;0
FR;4;2021-01-22;0;0;0;0;0;0;0;0;0;0;0;0;0;0;0;0;0;0
FR;4;2021-01-23;0;0;0;0;0;0;0;0;0;0;0;0;0;0;0;0;0;0
FR;4;2021-01-24;0;0;0;0;0;0;0;0;0;0;0;0;0;0;0;0;0;0
FR;4;2021-01-25;0;0;0;0;0;0;0;0;0;0;0;0;0;0;0;0;0;0
FR;4;2021-01-26;0;0;0;0;0;0;0;0;0;0;0;0;0;0;0;0;0;0
FR;4;2021-01-27;0;0;0;0;0;0;0;0;0;0;0;0;0;0;0;0;0;0
FR;4;2021-01-28;0;0;0;0;0;0;0;0;0;0;0;0;0;0;0;0;0;0
FR;4;2021-01-29;0;0;0;0;0;0;0;0;0;0;0;0;0;0;0;0;0;0
FR;4;2021-01-30;0;0;0;0;0;0;0;0;0;0;0;0;0;0;0;0;0;0
FR;4;2021-01-31;0;0;0;0;0;0;0;0;0;0;0;0;0;0;0;0;0;0
FR;4;2021-02-01;0;0;0;0;0;0;0;0;0;0;0;0;0;0;0;0;0;0
FR;4;2021-02-02;0;0;0;0;0;0;0;0;0;0;0;0;0;0;0;0;0;0
FR;4;2021-02-03;0;0;0;0;0;0;0;0;0;0;0;0;0;0;0;0;0;0
FR;4;2021-02-04;0;0;0;0;0;0;0;0;0;0;0;0;0;0;0;0;0;0
FR;4;2021-02-05;0;0;0;0;0;0;0;0;0;0;0;0;0;0;0;0;0;0
FR;4;2021-02-06;0;0;0;0;0;0;0;0;0;0;0;0;0;0;0;0;0;0
FR;4;2021-02-07;0;0;0;0;0;0;0;0;0;0;0;0;0;0;0;0;0;0
FR;4;2021-02-08;0;0;0;0;0;0;0;0;0;0;0;0;0;0;0;0;0;0
FR;4;2021-02-09;0;0;0;0;0;0;0;0;0;0;0;0;0;0;0;0;0;0
FR;4;2021-02-10;0;0;0;0;0;0;0;0;0;0;0;0;0;0;0;0;0;0
FR;4;2021-02-11;0;0;0;0;0;0;0;0;0;0;0;0;0;0;0;0;0;0
FR;4;2021-02-12;0;0;0;0;0;0;0;0;0;0;0;0;0;0;0;0;0;0
FR;4;2021-02-13;0;0;0;0;0;0;0;0;0;0;0;0;0;0;0;0;0;0
FR;4;2021-02-14;0;0;0;0;0;0;0;0;0;0;0;0;0;0;0;0;0;0
FR;4;2021-02-15;0;0;0;0;0;0;0;0;0;0;0;0;0;0;0;0;0;0
FR;4;2021-02-16;0;0;0;0;0;0;0;0;0;0;0;0;0;0;0;0;0;0
FR;4;2021-02-17;0;0;0;0;0;0;0;0;0;0;0;0;0;0;0;0;0;0
FR;4;2021-02-18;0;0;0;0;0;0;0;0;0;0;0;0;0;0;0;0;0;0
FR;4;2021-02-19;0;0;0;0;0;0;0;0;0;0;0;0;0;0;0;0;0;0
FR;4;2021-02-20;0;0;0;0;0;0;0;0;0;0;0;0;0;0;0;0;0;0
FR;4;2021-02-21;0;0;0;0;0;0;0;0;0;0;0;0;0;0;0;0;0;0
FR;4;2021-02-22;0;0;0;0;0;0;0;0;0;0;0;0;0;0;0;0;0;0
FR;4;2021-02-23;0;0;0;0;0;0;0;0;0;0;0;0;0;0;0;0;0;0
FR;4;2021-02-24;0;0;0;0;0;0;0;0;0;0;0;0;0;0;0;0;0;0
FR;4;2021-02-25;0;0;0;0;0;0;0;0;0;0;0;0;0;0;0;0;0;0
FR;4;2021-02-26;0;0;0;0;0;0;0;0;0;0;0;0;0;0;0;0;0;0
FR;4;2021-02-27;0;0;0;0;0;0;0;0;0;0;0;0;0;0;0;0;0;0
FR;4;2021-02-28;0;0;0;0;0;0;0;0;0;0;0;0;0;0;0;0;0;0
FR;4;2021-03-01;0;0;0;0;0;0;0;0;0;0;0;0;0;0;0;0;0;0
FR;4;2021-03-02;0;0;0;0;0;0;0;0;0;0;0;0;0;0;0;0;0;0
FR;4;2021-03-03;0;0;0;0;0;0;0;0;0;0;0;0;0;0;0;0;0;0
FR;4;2021-03-04;0;0;0;0;0;0;0;0;0;0;0;0;0;0;0;0;0;0
FR;4;2021-03-05;0;0;0;0;0;0;0;0;0;0;0;0;0;0;0;0;0;0
FR;4;2021-03-06;0;0;0;0;0;0;0;0;0;0;0;0;0;0;0;0;0;0
FR;4;2021-03-07;0;0;0;0;0;0;0;0;0;0;0;0;0;0;0;0;0;0
FR;4;2021-03-08;0;0;0;0;0;0;0;0;0;0;0;0;0;0;0;0;0;0
FR;4;2021-03-09;0;0;0;0;0;0;0;0;0;0;0;0;0;0;0;0;0;0
FR;4;2021-03-10;0;0;0;0;0;0;0;0;0;0;0;0;0;0;0;0;0;0
FR;4;2021-03-11;0;0;0;0;0;0;0;0;0;0;0;0;0;0;0;0;0;0
FR;4;2021-03-12;0;0;0;0;0;0;0;0;0;0;0;0;0;0;0;0;0;0
FR;4;2021-03-13;0;0;0;0;0;0;0;0;0;0;0;0;0;0;0;0;0;0
FR;4;2021-03-14;0;0;0;0;0;0;0;0;0;0;0;0;0;0;0;0;0;0
FR;4;2021-03-15;0;0;0;0;0;0;0;0;0;0;0;0;0;0;0;0;0;0
FR;4;2021-03-16;0;0;0;0;0;0;0;0;0;0;0;0;0;0;0;0;0;0
FR;4;2021-03-17;0;0;0;0;0;0;0;0;0;0;0;0;0;0;0;0;0;0
FR;4;2021-03-18;0;0;0;0;0;0;0;0;0;0;0;0;0;0;0;0;0;0
FR;4;2021-03-19;0;0;0;0;0;0;0;0;0;0;0;0;0;0;0;0;0;0
FR;4;2021-03-20;0;0;0;0;0;0;0;0;0;0;0;0;0;0;0;0;0;0
FR;4;2021-03-21;0;0;0;0;0;0;0;0;0;0;0;0;0;0;0;0;0;0
FR;4;2021-03-22;0;0;0;0;0;0;0;0;0;0;0;0;0;0;0;0;0;0
FR;4;2021-03-23;0;0;0;0;0;0;0;0;0;0;0;0;0;0;0;0;0;0
FR;4;2021-03-24;0;0;0;0;0;0;0;0;0;0;0;0;0;0;0;0;0;0
FR;4;2021-03-25;0;0;0;0;0;0;0;0;0;0;0;0;0;0;0;0;0;0
FR;4;2021-03-26;0;0;0;0;0;0;0;0;0;0;0;0;0;0;0;0;0;0
FR;4;2021-03-27;0;0;0;0;0;0;0;0;0;0;0;0;0;0;0;0;0;0
FR;4;2021-03-28;0;0;0;0;0;0;0;0;0;0;0;0;0;0;0;0;0;0
FR;4;2021-03-29;0;0;0;0;0;0;0;0;0;0;0;0;0;0;0;0;0;0
FR;4;2021-03-30;0;0;0;0;0;0;0;0;0;0;0;0;0;0;0;0;0;0
FR;4;2021-03-31;0;0;0;0;0;0;0;0;0;0;0;0;0;0;0;0;0;0
FR;4;2021-04-01;0;0;0;0;0;0;0;0;0;0;0;0;0;0;0;0;0;0
FR;4;2021-04-02;0;0;0;0;0;0;0;0;0;0;0;0;0;0;0;0;0;0
FR;4;2021-04-03;0;0;0;0;0;0;0;0;0;0;0;0;0;0;0;0;0;0
FR;4;2021-04-04;0;0;0;0;0;0;0;0;0;0;0;0;0;0;0;0;0;0
FR;4;2021-04-05;0;0;0;0;0;0;0;0;0;0;0;0;0;0;0;0;0;0
FR;4;2021-04-06;0;0;0;0;0;0;0;0;0;0;0;0;0;0;0;0;0;0
FR;4;2021-04-07;0;0;0;0;0;0;0;0;0;0;0;0;0;0;0;0;0;0
FR;4;2021-04-08;0;0;0;0;0;0;0;0;0;0;0;0;0;0;0;0;0;0
FR;4;2021-04-09;0;0;0;0;0;0;0;0;0;0;0;0;0;0;0;0;0;0
FR;4;2021-04-10;0;0;0;0;0;0;0;0;0;0;0;0;0;0;0;0;0;0
FR;4;2021-04-11;0;0;0;0;0;0;0;0;0;0;0;0;0;0;0;0;0;0
FR;4;2021-04-12;0;0;0;0;0;0;0;0;0;0;0;0;0;0;0;0;0;0
FR;4;2021-04-13;0;0;0;0;0;0;0;0;0;0;0;0;0;0;0;0;0;0
FR;4;2021-04-14;0;0;0;0;0;0;0;0;0;0;0;0;0;0;0;0;0;0
FR;4;2021-04-15;0;0;0;0;0;0;0;0;0;0;0;0;0;0;0;0;0;0
FR;4;2021-04-16;0;0;0;0;0;0;0;0;0;0;0;0;0;0;0;0;0;0
FR;4;2021-04-17;0;0;0;0;0;0;0;0;0;0;0;0;0;0;0;0;0;0
FR;4;2021-04-18;0;0;0;0;0;0;0;0;0;0;0;0;0;0;0;0;0;0
FR;4;2021-04-19;0;0;0;0;0;0;0;0;0;0;0;0;0;0;0;0;0;0
FR;4;2021-04-20;0;0;0;0;0;0;0;0;0;0;0;0;0;0;0;0;0;0
FR;4;2021-04-21;0;0;0;0;0;0;0;0;0;0;0;0;0;0;0;0;0;0
FR;4;2021-04-22;0;0;0;0;0;0;0;0;0;0;0;0;0;0;0;0;0;0
FR;4;2021-04-23;3685;0;0;0;3645;0;0;0;0;3685;0;0;0;3645;0;0;0;0
FR;4;2021-04-24;1569;1;0;0;1558;0;0;0;0;5254;1;0;0;5203;0;0;0;0
FR;4;2021-04-25;125;0;0;0;125;0;0;0;0;5379;1;0;0;5328;0;0;0;0
FR;4;2021-04-26;2871;1;0;0;2860;0;0;0;0;8250;2;0;0;8188;0;0;0;0
FR;4;2021-04-27;9520;3;0;0;9501;0;0;0;0;17770;5;0;0;17689;0;0;0;0
FR;4;2021-04-28;9909;6;0;0;9884;0;0;0;0;27679;11;0;0;27573;0;0;0;0
FR;4;2021-04-29;15996;8;0;0;15980;0;0;0;0;43675;19;0;0;43553;0;0;0;0
FR;4;2021-04-30;19234;10;0;0;19205;0;0;0;0;62909;29;0;0;62758;0;0;0;0
FR;4;2021-05-01;1994;6;0;0;1992;0;0;0;0;64903;35;0;0;64750;0;0;0;0
FR;4;2021-05-02;484;0;0;0;481;0;0;0;0;65387;35;0;0;65231;0;0;0;0
FR;4;2021-05-03;5067;2;0;0;5060;0;0;0;0;70454;37;0;0;70291;0;0;0;0
FR;4;2021-05-04;8411;11;0;0;8400;0;0;0;0;78865;48;0;0;78691;0;0;0;0
FR;4;2021-05-05;6191;7;0;0;6186;0;0;0;0;85056;55;0;0;84877;0;0;0;0
FR;4;2021-05-06;11388;11;0;0;11385;0;0;0;0;96444;66;0;0;96262;0;0;0;0
FR;4;2021-05-07;19126;9;0;0;19087;0;0;0;0;115570;75;0;0;115349;0;0;0;0
FR;4;2021-05-08;2378;6;0;0;2382;0;0;0;0;117948;81;0;0;117731;0;0;0;0
FR;4;2021-05-09;690;3;0;0;691;0;0;0;0;118638;84;0;0;118422;0;0;0;0
FR;4;2021-05-10;7245;5;1;0;7242;0;0;0;0;125883;89;1;0;125664;0;0;0;0
FR;4;2021-05-11;14325;12;0;0;14305;0;0;0;0;140208;101;1;0;139969;0;0;0;0
FR;4;2021-05-12;10176;15;0;0;10179;0;0;0;0;150384;116;1;0;150148;0;0;0;0
FR;4;2021-05-13;1583;4;0;0;1584;0;0;0;0;151967;120;1;0;151732;0;0;0;0
FR;4;2021-05-14;7769;7;0;0;7763;0;0;0;0;159736;127;1;0;159495;0;0;0;0
FR;4;2021-05-15;3721;8;1;0;3720;0;0;0;0;163457;135;2;0;163215;0;0;0;0
FR;4;2021-05-16;417;1;0;0;417;0;0;0;0;163874;136;2;0;163632;0;0;0;0
FR;4;2021-05-17;4481;7;0;0;4480;0;0;0;0;168355;143;2;0;168112;0;0;0;0
FR;4;2021-05-18;8769;10;0;0;8769;0;0;0;0;177124;153;2;0;176881;0;0;0;0
FR;4;2021-05-19;5699;7;0;0;5701;0;0;0;0;182823;160;2;0;182582;0;0;0;0
FR;4;2021-05-20;9487;8;0;0;9479;0;0;0;0;192310;168;2;0;192061;0;0;0;0
FR;4;2021-05-21;12814;30;0;0;12821;0;0;0;0;205124;198;2;0;204882;0;0;0;0
FR;4;2021-05-22;5061;15;0;0;5068;0;0;0;0;210185;213;2;0;209950;0;0;0;0
FR;4;2021-05-23;498;4;0;0;501;0;0;0;0;210683;217;2;0;210451;0;0;0;0
FR;4;2021-05-24;1059;7;0;0;1063;0;0;0;0;211742;224;2;0;211514;0;0;0;0
FR;4;2021-05-25;7634;16;0;0;7640;0;0;0;0;219376;240;2;0;219154;0;0;0;0
FR;4;2021-05-26;7730;16;0;0;7739;0;0;0;0;227106;256;2;0;226893;0;0;0;0
FR;4;2021-05-27;14337;35;0;0;14346;0;0;0;0;241443;291;2;0;241239;0;0;0;0
FR;4;2021-05-28;26593;82;1;0;26634;0;0;0;0;268036;373;3;0;267873;0;0;0;0
FR;4;2021-05-29;11385;18;0;0;11385;0;0;0;0;279421;391;3;0;279258;0;0;0;0
FR;4;2021-05-30;974;7;0;0;973;0;0;0;0;280395;398;3;0;280231;0;0;0;0
FR;4;2021-05-31;12700;21;0;0;12700;0;0;0;0;293095;419;3;0;292931;0;0;0;0
FR;4;2021-06-01;20281;48;1;0;20299;0;0;0;0;313376;467;4;0;313230;0;0;0;0
FR;4;2021-06-02;14524;33;0;0;14537;0;0;0;0;327900;500;4;0;327767;0;0;0;0
FR;4;2021-06-03;19435;24;1;0;19433;0;0;0;0;347335;524;5;0;347200;0;0;0;0
FR;4;2021-06-04;22518;48;0;0;22536;0;0;0;0;369853;572;5;0;369736;0;0;0;0
FR;4;2021-06-05;9715;32;0;0;9719;0;0;0;0;379568;604;5;0;379455;0;0;0;0
FR;4;2021-06-06;1041;1;0;0;1037;0;0;0;0;380609;605;5;0;380492;0;0;0;0
FR;4;2021-06-07;9230;19;0;0;9237;0;0;0;0;389839;624;5;0;389729;0;0;0;0
FR;4;2021-06-08;14614;32;0;0;14626;0;0;0;0;404453;656;5;0;404355;0;0;0;0
FR;4;2021-06-09;12215;25;0;0;12223;0;0;0;0;416668;681;5;0;416578;0;0;0;0
FR;4;2021-06-10;15406;30;0;0;15414;0;0;0;0;432074;711;5;0;431992;0;0;0;0
FR;4;2021-06-11;16987;57;0;0;17014;0;0;0;0;449061;768;5;0;449006;0;0;0;0
FR;4;2021-06-12;7452;27;0;0;7477;0;0;0;0;456513;795;5;0;456483;0;0;0;0
FR;4;2021-06-13;908;3;0;0;910;0;0;0;0;457421;798;5;0;457393;0;0;0;0
FR;4;2021-06-14;6651;27;0;0;6661;0;0;0;0;464072;825;5;0;464054;0;0;0;0
FR;4;2021-06-15;10894;39;0;0;10911;0;0;0;0;474966;864;5;0;474965;0;0;0;0
FR;4;2021-06-16;8909;17;0;0;8917;0;0;0;0;483875;881;5;0;483882;0;0;0;0
FR;4;2021-06-17;10903;37;0;0;10915;0;0;0;0;494778;918;5;0;494797;0;0;0;0
FR;4;2021-06-18;12427;45;0;0;12454;0;0;0;0;507205;963;5;0;507251;0;0;0;0
FR;4;2021-06-19;5567;25;0;0;5587;0;0;0;0;512772;988;5;0;512838;0;0;0;0
FR;4;2021-06-20;827;5;0;0;831;0;0;0;0;513599;993;5;0;513669;0;0;0;0
FR;4;2021-06-21;5103;21;0;0;5103;0;0;0;0;518702;1014;5;0;518772;0;0;0;0
FR;4;2021-06-22;7914;29;2;0;7932;0;0;0;0;526616;1043;7;0;526704;0;0;0;0
FR;4;2021-06-23;7104;43;2;0;7131;0;0;0;0;533720;1086;9;0;533835;0;0;0;0
FR;4;2021-06-24;8655;46;1;0;8687;0;0;0;0;542375;1132;10;0;542522;0;0;0;0
FR;4;2021-06-25;10177;41;2;0;10209;0;0;0;0;552552;1173;12;0;552731;0;0;0;0
FR;4;2021-06-26;4853;21;0;0;4870;0;0;0;0;557405;1194;12;0;557601;0;0;0;0
FR;4;2021-06-27;768;4;0;0;770;0;0;0;0;558173;1198;12;0;558371;0;0;0;0
FR;4;2021-06-28;4834;16;1;0;4842;0;0;0;0;563007;1214;13;0;563213;0;0;0;0
FR;4;2021-06-29;7110;28;2;0;7119;0;0;0;0;570117;1242;15;0;570332;0;0;0;0
FR;4;2021-06-30;6726;40;2;0;6754;0;0;0;0;576843;1282;17;0;577086;0;0;0;0
FR;4;2021-07-01;8212;42;0;0;8234;0;0;0;0;585055;1324;17;0;585320;0;0;0;0
FR;4;2021-07-02;9429;53;1;0;9469;0;0;0;0;594484;1377;18;0;594789;0;0;0;0
FR;4;2021-07-03;4847;20;0;0;4862;0;0;0;0;599331;1397;18;0;599651;0;0;0;0
FR;4;2021-07-04;690;5;0;0;692;0;0;0;0;600021;1402;18;0;600343;0;0;0;0
FR;4;2021-07-05;4771;19;2;0;4782;0;0;0;0;604792;1421;20;0;605125;0;0;0;0
FR;4;2021-07-06;7728;29;4;0;7741;0;0;0;0;612520;1450;24;0;612866;0;0;0;0
FR;4;2021-07-07;7086;34;2;0;7098;0;0;0;0;619606;1484;26;0;619964;0;0;0;0
FR;4;2021-07-08;9232;40;2;0;9255;0;0;0;0;628838;1524;28;0;629219;0;0;0;0
FR;4;2021-07-09;10281;34;1;0;10304;0;0;0;0;639119;1558;29;0;639523;0;0;0;0
FR;4;2021-07-10;4639;14;2;0;4646;0;0;0;0;643758;1572;31;0;644169;0;0;0;0
FR;4;2021-07-11;583;4;1;0;581;0;0;0;0;644341;1576;32;0;644750;0;0;0;0
FR;4;2021-07-12;5877;29;0;0;5899;0;0;0;0;650218;1605;32;0;650649;0;0;0;0
FR;4;2021-07-13;14231;29;0;0;14249;0;0;0;0;664449;1634;32;0;664898;0;0;0;0
FR;4;2021-07-14;2291;15;0;0;2291;0;0;0;0;666740;1649;32;0;667189;0;0;0;0
FR;4;2021-07-15;18238;37;0;0;18255;0;0;0;0;684978;1686;32;0;685444;0;0;0;0
FR;4;2021-07-16;22837;71;2;0;22887;0;0;0;0;707815;1757;34;0;708331;0;0;0;0
FR;4;2021-07-17;9740;20;0;0;9749;0;0;0;0;717555;1777;34;0;718080;0;0;0;0
FR;4;2021-07-18;1358;5;0;0;1361;0;0;0;0;718913;1782;34;0;719441;0;0;0;0
FR;4;2021-07-19;12991;30;1;0;13016;0;0;0;0;731904;1812;35;0;732457;0;0;0;0
FR;4;2021-07-20;17343;26;1;0;17359;0;0;0;0;749247;1838;36;0;749816;0;0;0;0
FR;4;2021-07-21;15622;33;0;0;15642;0;0;0;0;764869;1871;36;0;765458;0;0;0;0
FR;4;2021-07-22;18247;44;2;0;18271;0;0;0;0;783116;1915;38;0;783729;0;0;0;0
FR;4;2021-07-23;20418;57;7;0;20451;0;0;0;0;803534;1972;45;0;804180;0;0;0;0
FR;4;2021-07-24;9289;33;0;0;9304;0;0;0;0;812823;2005;45;0;813484;0;0;0;0
FR;4;2021-07-25;1354;11;0;0;1356;0;0;0;0;814177;2016;45;0;814840;0;0;0;0
FR;4;2021-07-26;11043;23;0;0;11050;0;0;0;0;825220;2039;45;0;825890;0;0;0;0
FR;4;2021-07-27;14686;35;3;0;14706;0;0;0;0;839906;2074;48;0;840596;0;0;0;0
FR;4;2021-07-28;12933;26;2;0;12950;0;0;0;0;852839;2100;50;0;853546;0;0;0;0
FR;4;2021-07-29;14093;54;4;0;14134;0;0;0;0;866932;2154;54;0;867680;0;0;0;0
FR;4;2021-07-30;15501;46;2;0;15532;0;0;0;0;882433;2200;56;0;883212;0;0;0;0
FR;4;2021-07-31;6845;14;2;0;6855;0;0;0;0;889278;2214;58;0;890067;0;0;0;0
FR;4;2021-08-01;906;1;0;0;901;0;0;0;0;890184;2215;58;0;890968;0;0;0;0
FR;4;2021-08-02;7918;31;0;0;7919;0;0;0;0;898102;2246;58;0;898887;0;0;0;0
FR;4;2021-08-03;10802;31;2;0;10798;0;0;0;0;908904;2277;60;0;909685;0;0;0;0
FR;4;2021-08-04;9748;29;0;0;9747;0;0;0;0;918652;2306;60;0;919432;0;0;0;0
FR;4;2021-08-05;9827;42;0;0;9833;0;0;0;0;928479;2348;60;0;929265;0;0;0;0
FR;4;2021-08-06;10201;30;3;0;10198;0;0;0;0;938680;2378;63;0;939463;0;0;0;0
FR;4;2021-08-07;5100;30;1;0;5116;0;0;0;0;943780;2408;64;0;944579;0;0;0;0
FR;4;2021-08-08;1223;13;0;0;1226;0;0;0;0;945003;2421;64;0;945805;0;0;0;0
FR;4;2021-08-09;6350;31;0;0;6343;0;0;0;0;951353;2452;64;0;952148;0;0;0;0
FR;4;2021-08-10;8753;18;0;0;8724;0;0;0;0;960106;2470;64;0;960872;0;0;0;0
FR;4;2021-08-11;7944;34;4;0;7933;0;0;0;0;968050;2504;68;0;968805;0;0;0;0
FR;4;2021-08-12;8585;31;1;0;8573;0;0;0;0;976635;2535;69;0;977378;0;0;0;0
FR;4;2021-08-13;7559;25;0;1;7546;0;0;0;0;984194;2560;69;1;984924;0;0;0;0
FR;4;2021-08-14;3792;20;0;0;3776;0;0;0;0;987986;2580;69;1;988700;0;0;0;0
FR;4;2021-08-15;771;5;0;0;773;0;0;0;0;988757;2585;69;1;989473;0;0;0;0
FR;4;2021-08-16;4009;17;0;0;4004;0;0;0;0;992766;2602;69;1;993477;0;0;0;0
FR;4;2021-08-17;5630;17;1;0;5620;0;0;0;0;998396;2619;70;1;999097;0;0;0;0
FR;4;2021-08-18;5170;37;0;0;5187;0;0;0;0;1003566;2656;70;1;1004284;0;0;0;0
FR;4;2021-08-19;5487;34;3;0;5501;0;0;0;0;1009053;2690;73;1;1009785;0;0;0;0
FR;4;2021-08-20;5225;25;1;0;5235;0;0;0;0;1014278;2715;74;1;1015020;0;0;0;0
FR;4;2021-08-21;2311;22;1;0;2327;0;0;0;0;1016589;2737;75;1;1017347;0;0;0;0
FR;4;2021-08-22;414;2;0;0;415;0;0;0;0;1017003;2739;75;1;1017762;0;0;0;0
FR;4;2021-08-23;2935;21;1;0;2943;0;0;0;0;1019938;2760;76;1;1020705;0;0;0;0
FR;4;2021-08-24;3758;16;0;0;3761;0;0;0;0;1023696;2776;76;1;1024466;0;0;0;0
FR;4;2021-08-25;3545;25;1;0;3561;0;0;0;0;1027241;2801;77;1;1028027;0;0;0;0
FR;4;2021-08-26;3715;21;2;0;3727;0;0;0;0;1030956;2822;79;1;1031754;0;0;0;0
FR;4;2021-08-27;3617;31;2;0;3635;0;0;0;0;1034573;2853;81;1;1035389;0;0;0;0
FR;4;2021-08-28;1730;10;1;0;1735;0;0;0;0;1036303;2863;82;1;1037124;0;0;0;0
FR;4;2021-08-29;385;7;1;0;389;0;0;0;0;1036688;2870;83;1;1037513;0;0;0;0
FR;4;2021-08-30;2010;25;0;0;2018;16;0;0;0;1038698;2895;83;1;1039531;16;0;0;0
FR;4;2021-08-31;2486;21;0;0;2493;14;0;0;0;1041184;2916;83;1;1042024;30;0;0;0
FR;4;2021-09-01;2085;38;1;0;2096;22;0;0;0;1043269;2954;84;1;1044120;52;0;0;0
FR;4;2021-09-02;2307;31;4;0;2320;18;0;0;0;1045576;2985;88;1;1046440;70;0;0;0
FR;4;2021-09-03;2364;44;5;0;2373;36;0;0;0;1047940;3029;93;1;1048813;106;0;0;0
FR;4;2021-09-04;1374;18;0;0;1381;9;0;0;0;1049314;3047;93;1;1050194;115;0;0;0
FR;4;2021-09-05;433;2;0;0;433;2;0;0;0;1049747;3049;93;1;1050627;117;0;0;0
FR;4;2021-09-06;1713;62;0;0;1750;24;0;0;0;1051460;3111;93;1;1052377;141;0;0;0
FR;4;2021-09-07;1681;18;0;0;1690;8;0;0;0;1053141;3129;93;1;1054067;149;0;0;0
FR;4;2021-09-08;1286;26;3;0;1291;19;0;0;0;1054427;3155;96;1;1055358;168;0;0;0
FR;4;2021-09-09;1392;23;2;0;1402;9;0;0;0;1055819;3178;98;1;1056760;177;0;0;0
FR;4;2021-09-10;1521;31;2;0;1525;23;1;0;0;1057340;3209;100;1;1058285;200;1;0;0
FR;4;2021-09-11;745;11;0;0;748;3;0;0;0;1058085;3220;100;1;1059033;203;1;0;0
FR;4;2021-09-12;169;4;0;0;170;3;0;0;0;1058254;3224;100;1;1059203;206;1;0;0
FR;4;2021-09-13;1324;22;1;0;1327;16;0;0;0;1059578;3246;101;1;1060530;222;1;0;0
FR;4;2021-09-14;1503;9;2;0;1505;7;0;0;0;1061081;3255;103;1;1062035;229;1;0;0
FR;4;2021-09-15;1095;28;1;0;1098;25;0;0;0;1062176;3283;104;1;1063133;254;1;0;0
FR;4;2021-09-16;1105;22;2;0;1109;15;0;0;0;1063281;3305;106;1;1064242;269;1;0;0
FR;4;2021-09-17;897;21;1;0;904;12;0;0;0;1064178;3326;107;1;1065146;281;1;0;0
FR;4;2021-09-18;464;7;1;0;465;6;0;0;0;1064642;3333;108;1;1065611;287;1;0;0
FR;4;2021-09-19;182;3;0;0;183;2;0;0;0;1064824;3336;108;1;1065794;289;1;0;0
FR;4;2021-09-20;452;19;0;0;458;13;0;0;0;1065276;3355;108;1;1066252;302;1;0;0
FR;4;2021-09-21;433;11;0;0;435;7;0;0;0;1065709;3366;108;1;1066687;309;1;0;0
FR;4;2021-09-22;376;19;2;0;383;13;0;0;0;1066085;3385;110;1;1067070;322;1;0;0
FR;4;2021-09-23;485;15;1;0;486;14;0;0;0;1066570;3400;111;1;1067556;336;1;0;0
FR;4;2021-09-24;414;13;2;0;418;9;0;0;0;1066984;3413;113;1;1067974;345;1;0;0
FR;4;2021-09-25;280;10;1;0;281;5;0;0;0;1067264;3423;114;1;1068255;350;1;0;0
FR;4;2021-09-26;74;2;0;0;75;1;0;0;0;1067338;3425;114;1;1068330;351;1;0;0
FR;4;2021-09-27;269;10;1;0;270;8;0;0;0;1067607;3435;115;1;1068600;359;1;0;0
FR;4;2021-09-28;319;8;0;0;319;8;0;0;0;1067926;3443;115;1;1068919;367;1;0;0
FR;4;2021-09-29;378;19;1;0;380;13;0;0;0;1068304;3462;116;1;1069299;380;1;0;0
FR;4;2021-09-30;365;41;0;0;379;22;0;0;0;1068669;3503;116;1;1069678;402;1;0;0
FR;4;2021-10-01;411;56;0;0;413;50;0;0;0;1069080;3559;116;1;1070091;452;1;0;0
FR;4;2021-10-02;196;22;1;0;198;13;0;0;0;1069276;3581;117;1;1070289;465;1;0;0
FR;4;2021-10-03;86;1;0;0;87;0;0;0;0;1069362;3582;117;1;1070376;465;1;0;0
FR;4;2021-10-04;363;20;1;0;367;16;0;0;0;1069725;3602;118;1;1070743;481;1;0;0
FR;4;2021-10-05;286;19;2;0;288;15;0;0;0;1070011;3621;120;1;1071031;496;1;0;0
FR;4;2021-10-06;249;23;1;0;254;18;0;0;0;1070260;3644;121;1;1071285;514;1;0;0
FR;4;2021-10-07;267;25;2;0;272;13;0;0;0;1070527;3669;123;1;1071557;527;1;0;0
FR;4;2021-10-08;357;24;2;0;360;20;0;0;0;1070884;3693;125;1;1071917;547;1;0;0
FR;4;2021-10-09;194;6;6;0;195;7;0;0;0;1071078;3699;131;1;1072112;554;1;0;0
FR;4;2021-10-10;97;3;2;0;99;3;0;0;0;1071175;3702;133;1;1072211;557;1;0;0
FR;4;2021-10-11;251;15;1;0;252;14;0;0;0;1071426;3717;134;1;1072463;571;1;0;0
FR;4;2021-10-12;211;14;0;0;211;13;0;0;0;1071637;3731;134;1;1072674;584;1;0;0
FR;4;2021-10-13;221;28;1;0;224;25;0;0;0;1071858;3759;135;1;1072898;609;1;0;0
FR;4;2021-10-14;315;21;4;0;319;15;0;0;0;1072173;3780;139;1;1073217;624;1;0;0
FR;4;2021-10-15;322;24;5;0;323;25;0;0;0;1072495;3804;144;1;1073540;649;1;0;0
FR;4;2021-10-16;166;6;2;0;166;6;0;0;0;1072661;3810;146;1;1073706;655;1;0;0
FR;4;2021-10-17;70;2;0;0;71;1;0;0;0;1072731;3812;146;1;1073777;656;1;0;0
FR;4;2021-10-18;281;16;1;0;283;13;0;0;0;1073012;3828;147;1;1074060;669;1;0;0
FR;4;2021-10-19;216;14;2;0;216;15;0;0;0;1073228;3842;149;1;1074276;684;1;0;0
FR;4;2021-10-20;231;27;4;0;234;15;0;0;0;1073459;3869;153;1;1074510;699;1;0;0
FR;4;2021-10-21;243;18;0;0;245;14;0;0;0;1073702;3887;153;1;1074755;713;1;0;0
FR;4;2021-10-22;217;25;2;0;219;20;1;0;0;1073919;3912;155;1;1074974;733;2;0;0
FR;4;2021-10-23;117;16;1;0;118;15;0;0;0;1074036;3928;156;1;1075092;748;2;0;0
FR;4;2021-10-24;39;4;0;0;39;1;0;0;0;1074075;3932;156;1;1075131;749;2;0;0
FR;4;2021-10-25;218;7;2;0;218;9;0;0;0;1074293;3939;158;1;1075349;758;2;0;0
FR;4;2021-10-26;200;14;0;0;202;12;0;0;0;1074493;3953;158;1;1075551;770;2;0;0
FR;4;2021-10-27;196;12;4;0;196;12;2;0;0;1074689;3965;162;1;1075747;782;4;0;0
FR;4;2021-10-28;186;18;5;0;186;22;0;0;0;1074875;3983;167;1;1075933;804;4;0;0
FR;4;2021-10-29;225;17;2;0;226;15;0;0;0;1075100;4000;169;1;1076159;819;4;0;0
FR;4;2021-10-30;103;2;1;0;104;2;0;0;0;1075203;4002;170;1;1076263;821;4;0;0
FR;4;2021-10-31;59;3;2;0;60;3;0;0;0;1075262;4005;172;1;1076323;824;4;0;0
FR;4;2021-11-01;75;27;4;0;76;24;3;0;0;1075337;4032;176;1;1076399;848;7;0;0
FR;4;2021-11-02;162;21;2;0;163;21;0;0;0;1075499;4053;178;1;1076562;869;7;0;0
FR;4;2021-11-03;132;21;8;1;133;19;6;0;0;1075631;4074;186;2;1076695;888;13;0;0
FR;4;2021-11-04;187;15;1;0;188;12;1;0;0;1075818;4089;187;2;1076883;900;14;0;0
FR;4;2021-11-05;130;17;1;0;131;16;0;0;0;1075948;4106;188;2;1077014;916;14;0;0
FR;4;2021-11-06;81;6;1;0;81;6;0;0;0;1076029;4112;189;2;1077095;922;14;0;0
FR;4;2021-11-07;81;2;2;0;81;4;0;0;0;1076110;4114;191;2;1077176;926;14;0;0
FR;4;2021-11-08;161;20;1;0;162;20;0;0;0;1076271;4134;192;2;1077338;946;14;0;0
FR;4;2021-11-09;159;14;3;0;159;16;0;0;0;1076430;4148;195;2;1077497;962;14;0;0
FR;4;2021-11-10;121;30;6;0;121;32;2;0;0;1076551;4178;201;2;1077618;994;16;0;0
FR;4;2021-11-11;100;10;1;0;100;11;0;0;0;1076651;4188;202;2;1077718;1005;16;0;0
FR;4;2021-11-12;106;19;2;0;107;18;1;0;0;1076757;4207;204;2;1077825;1023;17;0;0
FR;4;2021-11-13;74;15;2;0;75;14;0;0;0;1076831;4222;206;2;1077900;1037;17;0;0
FR;4;2021-11-14;55;5;4;0;56;8;0;0;0;1076886;4227;210;2;1077956;1045;17;0;0
FR;4;2021-11-15;99;26;2;0;101;24;2;0;0;1076985;4253;212;2;1078057;1069;19;0;0
FR;4;2021-11-16;108;14;3;0;108;17;0;0;0;1077093;4267;215;2;1078165;1086;19;0;0
FR;4;2021-11-17;120;30;4;0;120;30;1;0;0;1077213;4297;219;2;1078285;1116;20;0;0
FR;4;2021-11-18;103;34;14;0;105;43;1;0;0;1077316;4331;233;2;1078390;1159;21;0;0
FR;4;2021-11-19;89;21;3;0;89;22;1;0;0;1077405;4352;236;2;1078479;1181;22;0;0
FR;4;2021-11-20;77;8;1;0;77;8;0;0;0;1077482;4360;237;2;1078556;1189;22;0;0
FR;4;2021-11-21;69;7;2;0;69;9;0;0;0;1077551;4367;239;2;1078625;1198;22;0;0
FR;4;2021-11-22;109;28;9;0;110;33;2;0;0;1077660;4395;248;2;1078735;1231;24;0;0
FR;4;2021-11-23;78;31;6;0;79;29;2;0;0;1077738;4426;254;2;1078814;1260;26;0;0
FR;4;2021-11-24;90;23;11;0;92;24;4;0;0;1077828;4449;265;2;1078906;1284;30;0;0
FR;4;2021-11-25;93;28;19;0;94;35;5;0;0;1077921;4477;284;2;1079000;1319;35;0;0
FR;4;2021-11-26;85;43;12;0;89;45;3;0;0;1078006;4520;296;2;1079089;1364;38;0;0
FR;4;2021-11-27;41;22;15;0;41;25;10;0;0;1078047;4542;311;2;1079130;1389;48;0;0
FR;4;2021-11-28;51;8;0;0;52;7;0;0;0;1078098;4550;311;2;1079182;1396;48;0;0
FR;4;2021-11-29;90;31;16;0;90;40;2;0;0;1078188;4581;327;2;1079272;1436;50;0;0
FR;4;2021-11-30;76;37;13;0;76;42;2;0;0;1078264;4618;340;2;1079348;1478;52;0;0
FR;4;2021-12-01;88;60;19;0;88;67;11;0;0;1078352;4678;359;2;1079436;1545;63;0;0
FR;4;2021-12-02;111;48;21;0;115;56;3;0;0;1078463;4726;380;2;1079551;1601;66;0;0
FR;4;2021-12-03;103;36;15;0;103;44;4;0;0;1078566;4762;395;2;1079654;1645;70;0;0
FR;4;2021-12-04;72;31;18;0;74;44;1;0;0;1078638;4793;413;2;1079728;1689;71;0;0
FR;4;2021-12-05;63;7;1;0;64;7;0;0;0;1078701;4800;414;2;1079792;1696;71;0;0
FR;4;2021-12-06;110;46;19;0;110;59;3;0;0;1078811;4846;433;2;1079902;1755;74;0;0
FR;4;2021-12-07;85;37;9;0;88;36;3;0;0;1078896;4883;442;2;1079990;1791;77;0;0
FR;4;2021-12-08;72;31;17;0;74;38;7;0;0;1078968;4914;459;2;1080064;1829;84;0;0
FR;4;2021-12-09;65;32;10;1;65;39;3;0;0;1079033;4946;469;3;1080129;1868;87;0;0
FR;4;2021-12-10;63;64;20;0;64;68;10;0;0;1079096;5010;489;3;1080193;1936;97;0;0
FR;4;2021-12-11;29;34;7;0;29;34;3;0;0;1079125;5044;496;3;1080222;1970;100;0;0
FR;4;2021-12-12;29;12;3;0;29;15;0;0;0;1079154;5056;499;3;1080251;1985;100;0;0
FR;4;2021-12-13;75;41;14;0;77;50;2;0;0;1079229;5097;513;3;1080328;2035;102;0;0
FR;4;2021-12-14;61;43;17;0;62;54;2;0;0;1079290;5140;530;3;1080390;2089;104;0;0
FR;4;2021-12-15;68;64;29;0;68;85;6;0;0;1079358;5204;559;3;1080458;2174;110;0;0
FR;4;2021-12-16;34;45;19;0;35;58;4;0;0;1079392;5249;578;3;1080493;2232;114;0;0
FR;4;2021-12-17;39;55;11;0;39;59;6;0;0;1079431;5304;589;3;1080532;2291;120;0;0
FR;4;2021-12-18;49;30;2;0;50;31;0;0;0;1079480;5334;591;3;1080582;2322;120;0;0
FR;4;2021-12-19;16;4;1;0;17;4;0;0;0;1079496;5338;592;3;1080599;2326;120;0;0
FR;4;2021-12-20;44;38;10;0;45;41;6;0;0;1079540;5376;602;3;1080644;2367;126;0;0
FR;4;2021-12-21;31;32;17;0;33;39;5;0;0;1079571;5408;619;3;1080677;2406;131;0;0
FR;4;2021-12-22;37;38;10;0;38;38;7;0;0;1079608;5446;629;3;1080715;2444;138;0;0
FR;4;2021-12-23;40;45;8;0;40;49;2;0;0;1079648;5491;637;3;1080755;2493;140;0;0
FR;4;2021-12-24;23;28;10;0;25;31;4;0;0;1079671;5519;647;3;1080780;2524;144;0;0
FR;4;2021-12-25;7;3;3;0;7;4;2;0;0;1079678;5522;650;3;1080787;2528;146;0;0
FR;4;2021-12-26;5;3;1;0;6;2;0;0;0;1079683;5525;651;3;1080793;2530;146;0;0
FR;4;2021-12-27;31;41;9;0;32;43;4;0;0;1079714;5566;660;3;1080825;2573;150;0;0
FR;4;2021-12-28;27;28;7;0;29;29;4;0;0;1079741;5594;667;3;1080854;2602;154;0;0
FR;4;2021-12-29;56;25;11;0;57;30;5;0;0;1079797;5619;678;3;1080911;2632;159;0;0
FR;4;2021-12-30;48;19;12;0;51;22;5;0;0;1079845;5638;690;3;1080962;2654;164;0;0
FR;4;2021-12-31;19;6;8;0;20;11;2;0;0;1079864;5644;698;3;1080982;2665;166;0;0
FR;4;2022-01-01;6;4;5;0;6;7;1;0;0;1079870;5648;703;3;1080988;2672;167;0;0
FR;4;2022-01-02;42;5;16;0;42;20;1;0;0;1079912;5653;719;3;1081030;2692;168;0;0
FR;4;2022-01-03;44;55;23;1;46;63;10;0;0;1079956;5708;742;4;1081076;2755;178;0;0
FR;4;2022-01-04;37;28;15;0;38;33;7;0;0;1079993;5736;757;4;1081114;2788;185;0;0
FR;4;2022-01-05;51;24;19;0;57;27;9;0;0;1080044;5760;776;4;1081171;2815;194;0;0
FR;4;2022-01-06;51;23;24;0;51;39;8;0;0;1080095;5783;800;4;1081222;2854;202;0;0
FR;4;2022-01-07;31;20;16;0;33;21;12;0;0;1080126;5803;816;4;1081255;2875;214;0;0
FR;4;2022-01-08;13;6;10;0;14;12;3;0;0;1080139;5809;826;4;1081269;2887;217;0;0
FR;4;2022-01-09;20;2;3;0;21;4;0;0;0;1080159;5811;829;4;1081290;2891;217;0;0
FR;4;2022-01-10;51;22;19;0;51;36;4;0;0;1080210;5833;848;4;1081341;2927;221;0;0
FR;4;2022-01-11;30;31;12;0;34;35;1;0;0;1080240;5864;860;4;1081375;2962;222;0;0
FR;4;2022-01-12;34;21;13;0;36;23;9;0;0;1080274;5885;873;4;1081411;2985;231;0;0
FR;4;2022-01-13;56;20;27;0;57;38;8;0;0;1080330;5905;900;4;1081468;3023;239;0;0
FR;4;2022-01-14;24;30;13;0;25;33;7;0;0;1080354;5935;913;4;1081493;3056;246;0;0
FR;4;2022-01-15;13;6;8;0;14;12;1;0;0;1080367;5941;921;4;1081507;3068;247;0;0
FR;4;2022-01-16;12;9;14;0;12;22;1;0;0;1080379;5950;935;4;1081519;3090;248;0;0
FR;4;2022-01-17;27;19;14;0;27;27;5;0;0;1080406;5969;949;4;1081546;3117;253;0;0
FR;4;2022-01-18;17;13;10;0;17;20;3;0;0;1080423;5982;959;4;1081563;3137;256;0;0
FR;4;2022-01-19;32;23;13;0;32;34;1;0;0;1080455;6005;972;4;1081595;3171;257;0;0
FR;4;2022-01-20;33;34;13;0;35;39;5;0;0;1080488;6039;985;4;1081630;3210;262;0;0
FR;4;2022-01-21;11;12;20;1;11;17;15;0;1;1080499;6051;1005;5;1081641;3227;277;0;1
FR;4;2022-01-22;30;13;3;0;30;14;2;0;0;1080529;6064;1008;5;1081671;3241;279;0;1
FR;4;2022-01-23;8;2;5;0;8;7;0;0;0;1080537;6066;1013;5;1081679;3248;279;0;1
FR;4;2022-01-24;14;21;9;0;15;28;1;0;0;1080551;6087;1022;5;1081694;3276;280;0;1
FR;4;2022-01-25;22;32;10;1;23;38;3;0;0;1080573;6119;1032;6;1081717;3314;283;0;1
FR;4;2022-01-26;20;17;9;1;21;21;4;0;0;1080593;6136;1041;7;1081738;3335;287;0;1
FR;4;2022-01-27;21;19;8;0;22;25;1;0;0;1080614;6155;1049;7;1081760;3360;288;0;1
FR;4;2022-01-28;13;23;8;0;14;26;4;0;0;1080627;6178;1057;7;1081774;3386;292;0;1
FR;4;2022-01-29;17;6;5;0;17;10;0;0;0;1080644;6184;1062;7;1081791;3396;292;0;1
FR;4;2022-01-30;19;3;2;0;19;5;0;0;0;1080663;6187;1064;7;1081810;3401;292;0;1
FR;4;2022-01-31;22;28;8;0;22;32;2;0;0;1080685;6215;1072;7;1081832;3433;294;0;1
FR;4;2022-02-01;13;24;12;0;15;24;9;0;0;1080698;6239;1084;7;1081847;3457;303;0;1
FR;4;2022-02-02;18;11;14;2;18;20;7;0;0;1080716;6250;1098;9;1081865;3477;310;0;1
FR;4;2022-02-03;15;24;10;0;17;28;4;0;0;1080731;6274;1108;9;1081882;3505;314;0;1
FR;4;2022-02-04;7;5;7;0;7;9;3;0;0;1080738;6279;1115;9;1081889;3514;317;0;1
FR;4;2022-02-05;7;14;1;0;8;13;1;0;0;1080745;6293;1116;9;1081897;3527;318;0;1
FR;4;2022-02-06;7;4;4;0;7;7;1;0;0;1080752;6297;1120;9;1081904;3534;319;0;1
FR;4;2022-02-07;15;19;8;0;17;19;6;0;0;1080767;6316;1128;9;1081921;3553;325;0;1
FR;4;2022-02-08;19;21;13;1;21;22;10;0;0;1080786;6337;1141;10;1081942;3575;335;0;1
FR;4;2022-02-09;17;12;9;0;18;17;2;0;0;1080803;6349;1150;10;1081960;3592;337;0;1
FR;4;2022-02-10;23;23;10;0;24;25;7;0;0;1080826;6372;1160;10;1081984;3617;344;0;1
FR;4;2022-02-11;18;15;8;0;18;20;3;0;0;1080844;6387;1168;10;1082002;3637;347;0;1
FR;4;2022-02-12;24;6;3;0;26;7;0;0;0;1080868;6393;1171;10;1082028;3644;347;0;1
FR;4;2022-02-13;7;3;3;0;7;6;0;0;0;1080875;6396;1174;10;1082035;3650;347;0;1
FR;4;2022-02-14;20;10;10;0;20;16;4;0;0;1080895;6406;1184;10;1082055;3666;351;0;1
FR;4;2022-02-15;18;7;2;0;18;8;0;0;0;1080913;6413;1186;10;1082073;3674;351;0;1
FR;4;2022-02-16;16;10;11;0;16;17;3;0;0;1080929;6423;1197;10;1082089;3691;354;0;1
FR;4;2022-02-17;11;4;5;0;11;7;2;0;0;1080940;6427;1202;10;1082100;3698;356;0;1
FR;4;2022-02-18;16;15;8;0;16;21;2;0;0;1080956;6442;1210;10;1082116;3719;358;0;1
FR;4;2022-02-19;16;4;2;0;17;5;0;0;0;1080972;6446;1212;10;1082133;3724;358;0;1
FR;4;2022-02-20;8;3;0;0;9;2;0;0;0;1080980;6449;1212;10;1082142;3726;358;0;1
FR;4;2022-02-21;24;4;4;0;24;6;2;0;0;1081004;6453;1216;10;1082166;3732;360;0;1
FR;4;2022-02-22;8;5;10;0;9;10;4;0;0;1081012;6458;1226;10;1082175;3742;364;0;1
FR;4;2022-02-23;17;6;10;0;17;10;5;0;0;1081029;6464;1236;10;1082192;3752;369;0;1
FR;4;2022-02-24;11;5;4;0;11;7;2;0;0;1081040;6469;1240;10;1082203;3759;371;0;1
FR;4;2022-02-25;16;5;7;0;16;6;6;0;0;1081056;6474;1247;10;1082219;3765;377;0;1
FR;4;2022-02-26;27;3;0;0;27;3;0;0;0;1081083;6477;1247;10;1082246;3768;377;0;1
FR;4;2022-02-27;9;0;1;0;9;1;0;0;0;1081092;6477;1248;10;1082255;3769;377;0;1
FR;4;2022-02-28;18;3;2;0;19;3;1;0;0;1081110;6480;1250;10;1082274;3772;378;0;1
FR;4;2022-03-01;8;4;7;0;8;5;5;0;0;1081118;6484;1257;10;1082282;3777;383;0;1
FR;4;2022-03-02;16;2;5;0;16;6;1;0;0;1081134;6486;1262;10;1082298;3783;384;0;1
FR;4;2022-03-03;17;5;3;0;17;6;1;0;0;1081151;6491;1265;10;1082315;3789;385;0;1
FR;4;2022-03-04;7;8;2;1;7;6;3;0;0;1081158;6499;1267;11;1082322;3795;388;0;1
FR;4;2022-03-05;9;2;0;0;9;2;0;0;0;1081167;6501;1267;11;1082331;3797;388;0;1
FR;4;2022-03-06;4;0;1;0;4;1;0;0;0;1081171;6501;1268;11;1082335;3798;388;0;1
FR;4;2022-03-07;10;6;2;0;10;5;2;0;0;1081181;6507;1270;11;1082345;3803;390;0;1
FR;4;2022-03-08;15;3;0;0;15;3;0;0;0;1081196;6510;1270;11;1082360;3806;390;0;1
FR;4;2022-03-09;9;7;2;0;11;7;0;0;0;1081205;6517;1272;11;1082371;3813;390;0;1
FR;4;2022-03-10;5;1;6;0;5;3;4;0;0;1081210;6518;1278;11;1082376;3816;394;0;1
FR;4;2022-03-11;10;4;5;0;12;2;5;0;0;1081220;6522;1283;11;1082388;3818;399;0;1
FR;4;2022-03-12;10;2;0;0;11;0;0;0;0;1081230;6524;1283;11;1082399;3818;399;0;1
FR;4;2022-03-13;6;2;1;0;7;2;0;0;0;1081236;6526;1284;11;1082406;3820;399;0;1
FR;4;2022-03-14;4;3;1;0;5;3;0;0;0;1081240;6529;1285;11;1082411;3823;399;0;1
FR;4;2022-03-15;8;6;3;0;10;5;2;0;0;1081248;6535;1288;11;1082421;3828;401;0;1
FR;4;2022-03-16;7;3;3;0;7;3;3;0;0;1081255;6538;1291;11;1082428;3831;404;0;1
FR;4;2022-03-17;3;4;1;0;3;5;0;0;0;1081258;6542;1292;11;1082431;3836;404;0;1
FR;4;2022-03-18;9;3;0;0;9;3;0;0;0;1081267;6545;1292;11;1082440;3839;404;0;1
FR;4;2022-03-19;1;1;1;0;1;2;0;0;0;1081268;6546;1293;11;1082441;3841;404;0;1
FR;4;2022-03-20;2;0;2;0;2;1;1;0;0;1081270;6546;1295;11;1082443;3842;405;0;1
FR;4;2022-03-21;6;4;1;0;6;5;0;0;0;1081276;6550;1296;11;1082449;3847;405;0;1
FR;4;2022-03-22;4;2;2;0;4;3;1;0;0;1081280;6552;1298;11;1082453;3850;406;0;1
FR;4;2022-03-23;6;4;5;0;6;8;1;0;0;1081286;6556;1303;11;1082459;3858;407;0;1
FR;4;2022-03-24;2;5;3;1;2;7;2;0;0;1081288;6561;1306;12;1082461;3865;409;0;1
FR;4;2022-03-25;3;1;2;0;3;1;2;0;0;1081291;6562;1308;12;1082464;3866;411;0;1
FR;4;2022-03-26;5;5;0;0;5;5;0;0;0;1081296;6567;1308;12;1082469;3871;411;0;1
FR;4;2022-03-27;1;0;3;0;1;2;1;0;0;1081297;6567;1311;12;1082470;3873;412;0;1
FR;4;2022-03-28;6;1;3;0;7;3;0;0;0;1081303;6568;1314;12;1082477;3876;412;0;1
FR;4;2022-03-29;9;0;4;1;9;0;2;0;0;1081312;6568;1318;13;1082486;3876;414;0;1
FR;4;2022-03-30;3;4;0;0;3;4;0;0;0;1081315;6572;1318;13;1082489;3880;414;0;1
FR;4;2022-03-31;3;3;2;1;3;4;1;0;0;1081318;6575;1320;14;1082492;3884;415;0;1
FR;4;2022-04-01;15;3;5;0;15;6;2;0;0;1081333;6578;1325;14;1082507;3890;417;0;1
FR;4;2022-04-02;4;4;0;0;5;3;0;0;0;1081337;6582;1325;14;1082512;3893;417;0;1
FR;4;2022-04-03;0;1;0;0;0;1;0;0;0;1081337;6583;1325;14;1082512;3894;417;0;1
FR;4;2022-04-04;4;4;4;0;5;5;2;0;0;1081341;6587;1329;14;1082517;3899;419;0;1
FR;4;2022-04-05;4;3;3;1;5;3;3;0;0;1081345;6590;1332;15;1082522;3902;422;0;1
FR;4;2022-04-06;6;1;0;0;6;1;0;0;0;1081351;6591;1332;15;1082528;3903;422;0;1
FR;4;2022-04-07;3;2;3;2;3;5;0;0;0;1081354;6593;1335;17;1082531;3908;422;0;1
FR;4;2022-04-08;4;2;1;0;4;2;1;0;0;1081358;6595;1336;17;1082535;3910;423;0;1
FR;4;2022-04-09;0;0;1;1;0;1;1;0;0;1081358;6595;1337;18;1082535;3911;424;0;1
FR;4;2022-04-10;2;2;0;0;2;2;0;0;0;1081360;6597;1337;18;1082537;3913;424;0;1
FR;4;2022-04-11;4;3;4;0;4;5;2;0;0;1081364;6600;1341;18;1082541;3918;426;0;1
FR;4;2022-04-12;5;1;4;0;5;2;3;0;0;1081369;6601;1345;18;1082546;3920;429;0;1
FR;4;2022-04-13;5;8;2;0;5;10;0;0;0;1081374;6609;1347;18;1082551;3930;429;0;1
FR;4;2022-04-14;6;4;2;1;7;5;1;0;0;1081380;6613;1349;19;1082558;3935;430;0;1
FR;4;2022-04-15;7;9;1;0;7;10;0;0;0;1081387;6622;1350;19;1082565;3945;430;0;1
FR;4;2022-04-16;1;0;0;0;1;0;0;0;0;1081388;6622;1350;19;1082566;3945;430;0;1
FR;4;2022-04-17;3;2;1;0;3;3;0;0;0;1081391;6624;1351;19;1082569;3948;430;0;1
FR;4;2022-04-18;2;2;6;0;2;4;4;0;0;1081393;6626;1357;19;1082571;3952;434;0;1
FR;4;2022-04-19;2;0;1;0;2;0;1;0;0;1081395;6626;1358;19;1082573;3952;435;0;1
FR;4;2022-04-20;15;4;1;1;16;3;1;0;0;1081410;6630;1359;20;1082589;3955;436;0;1
FR;4;2022-04-21;7;1;0;0;7;1;0;0;0;1081417;6631;1359;20;1082596;3956;436;0;1
FR;4;2022-04-22;1;1;2;0;1;2;1;0;0;1081418;6632;1361;20;1082597;3958;437;0;1
FR;4;2022-04-23;2;3;3;0;2;6;0;0;0;1081420;6635;1364;20;1082599;3964;437;0;1
FR;4;2022-04-24;0;3;0;0;0;3;0;0;0;1081420;6638;1364;20;1082599;3967;437;0;1
FR;4;2022-04-25;3;5;3;0;3;8;0;0;0;1081423;6643;1367;20;1082602;3975;437;0;1
FR;4;2022-04-26;5;6;1;0;5;6;1;0;0;1081428;6649;1368;20;1082607;3981;438;0;1
FR;4;2022-04-27;4;1;1;1;5;1;1;0;0;1081432;6650;1369;21;1082612;3982;439;0;1
FR;4;2022-04-28;3;5;5;1;3;7;4;0;0;1081435;6655;1374;22;1082615;3989;443;0;1
FR;4;2022-04-29;6;3;0;0;6;2;0;0;0;1081441;6658;1374;22;1082621;3991;443;0;1
FR;4;2022-04-30;2;1;1;0;2;2;0;0;0;1081443;6659;1375;22;1082623;3993;443;0;1
FR;4;2022-05-01;0;0;0;0;0;0;0;0;0;1081443;6659;1375;22;1082623;3993;443;0;1
FR;4;2022-05-02;5;16;6;0;5;19;3;0;0;1081448;6675;1381;22;1082628;4012;446;0;1
FR;4;2022-05-03;2;6;2;0;2;7;1;0;0;1081450;6681;1383;22;1082630;4019;447;0;1
FR;4;2022-05-04;7;4;1;0;7;4;1;0;0;1081457;6685;1384;22;1082637;4023;448;0;1
FR;4;2022-05-05;4;2;1;1;5;1;2;0;0;1081461;6687;1385;23;1082642;4024;450;0;1
FR;4;2022-05-06;5;3;1;0;6;2;1;0;0;1081466;6690;1386;23;1082648;4026;451;0;1
FR;4;2022-05-07;0;0;0;0;0;0;0;0;0;1081466;6690;1386;23;1082648;4026;451;0;1
FR;4;2022-05-08;1;1;0;0;1;1;0;0;0;1081467;6691;1386;23;1082649;4027;451;0;1
FR;4;2022-05-09;5;1;0;1;5;1;1;0;0;1081472;6692;1386;24;1082654;4028;452;0;1
FR;4;2022-05-10;3;1;0;2;3;3;0;0;0;1081475;6693;1386;26;1082657;4031;452;0;1
FR;4;2022-05-11;3;2;4;0;3;5;1;0;0;1081478;6695;1390;26;1082660;4036;453;0;1
FR;4;2022-05-12;7;4;2;1;7;5;1;0;1;1081485;6699;1392;27;1082667;4041;454;0;2
FR;4;2022-05-13;1;0;2;0;1;2;0;0;0;1081486;6699;1394;27;1082668;4043;454;0;2
FR;4;2022-05-14;0;2;0;0;0;2;0;0;0;1081486;6701;1394;27;1082668;4045;454;0;2
FR;4;2022-05-15;2;2;0;0;4;0;0;0;0;1081488;6703;1394;27;1082672;4045;454;0;2
FR;4;2022-05-16;5;2;2;0;5;2;2;0;0;1081493;6705;1396;27;1082677;4047;456;0;2
FR;4;2022-05-17;5;1;2;0;5;3;0;0;0;1081498;6706;1398;27;1082682;4050;456;0;2
FR;4;2022-05-18;3;6;0;0;3;6;0;0;0;1081501;6712;1398;27;1082685;4056;456;0;2
FR;4;2022-05-19;2;3;3;0;2;5;1;0;0;1081503;6715;1401;27;1082687;4061;457;0;2
FR;4;2022-05-20;4;2;3;0;4;2;3;0;0;1081507;6717;1404;27;1082691;4063;460;0;2
FR;4;2022-05-21;2;0;1;0;2;1;0;0;0;1081509;6717;1405;27;1082693;4064;460;0;2
FR;4;2022-05-22;0;0;1;0;0;1;0;0;0;1081509;6717;1406;27;1082693;4065;460;0;2
FR;4;2022-05-23;0;0;2;0;0;0;2;0;0;1081509;6717;1408;27;1082693;4065;462;0;2
FR;4;2022-05-24;2;4;1;0;2;5;0;0;0;1081511;6721;1409;27;1082695;4070;462;0;2
FR;4;2022-05-25;1;4;1;0;3;3;0;0;0;1081512;6725;1410;27;1082698;4073;462;0;2
FR;4;2022-05-26;5;0;1;0;5;1;0;0;0;1081517;6725;1411;27;1082703;4074;462;0;2
FR;4;2022-05-27;0;2;1;1;0;3;1;0;0;1081517;6727;1412;28;1082703;4077;463;0;2
FR;4;2022-05-28;1;0;0;0;1;0;0;0;0;1081518;6727;1412;28;1082704;4077;463;0;2
FR;4;2022-05-29;1;0;1;0;1;1;0;0;0;1081519;6727;1413;28;1082705;4078;463;0;2
FR;4;2022-05-30;3;4;2;0;3;5;1;0;0;1081522;6731;1415;28;1082708;4083;464;0;2
FR;4;2022-05-31;2;1;0;0;2;1;0;0;0;1081524;6732;1415;28;1082710;4084;464;0;2
FR;4;2022-06-01;3;11;7;0;3;15;3;0;0;1081527;6743;1422;28;1082713;4099;467;0;2
FR;4;2022-06-02;6;7;3;0;6;7;2;0;0;1081533;6750;1425;28;1082719;4106;469;0;2
FR;4;2022-06-03;2;6;4;1;2;7;4;0;0;1081535;6756;1429;29;1082721;4113;473;0;2
FR;4;2022-06-04;0;1;1;1;0;1;2;0;0;1081535;6757;1430;30;1082721;4114;475;0;2
FR;4;2022-06-05;0;0;0;0;0;0;0;0;0;1081535;6757;1430;30;1082721;4114;475;0;2
FR;4;2022-06-06;7;0;3;0;7;2;1;0;0;1081542;6757;1433;30;1082728;4116;476;0;2
FR;4;2022-06-07;6;2;0;1;6;2;1;0;0;1081548;6759;1433;31;1082734;4118;477;0;2
FR;4;2022-06-08;0;5;3;0;1;7;0;0;0;1081548;6764;1436;31;1082735;4125;477;0;2
FR;4;2022-06-09;1;2;0;0;2;1;0;0;0;1081549;6766;1436;31;1082737;4126;477;0;2
FR;4;2022-06-10;3;0;3;0;3;1;2;0;0;1081552;6766;1439;31;1082740;4127;479;0;2
FR;4;2022-06-11;1;0;0;0;1;0;0;0;0;1081553;6766;1439;31;1082741;4127;479;0;2
FR;4;2022-06-12;4;0;0;0;4;0;0;0;0;1081557;6766;1439;31;1082745;4127;479;0;2
FR;4;2022-06-13;5;2;3;0;6;2;1;0;0;1081562;6768;1442;31;1082751;4129;480;0;2
FR;4;2022-06-14;4;3;0;0;5;2;0;0;0;1081566;6771;1442;31;1082756;4131;480;0;2
FR;4;2022-06-15;8;3;4;0;8;3;4;0;0;1081574;6774;1446;31;1082764;4134;484;0;2
FR;4;2022-06-16;2;3;1;1;3;2;1;0;1;1081576;6777;1447;32;1082767;4136;485;0;3
FR;4;2022-06-17;6;1;0;0;6;1;0;0;0;1081582;6778;1447;32;1082773;4137;485;0;3
FR;4;2022-06-18;0;0;0;0;0;0;0;0;0;1081582;6778;1447;32;1082773;4137;485;0;3
FR;4;2022-06-19;3;0;0;0;3;0;0;0;0;1081585;6778;1447;32;1082776;4137;485;0;3
FR;4;2022-06-20;5;2;2;1;5;3;2;0;0;1081590;6780;1449;33;1082781;4140;487;0;3
FR;4;2022-06-21;5;2;4;1;6;4;2;0;0;1081595;6782;1453;34;1082787;4144;489;0;3
FR;4;2022-06-22;3;2;1;3;4;2;1;0;0;1081598;6784;1454;37;1082791;4146;490;0;3
FR;4;2022-06-23;3;3;3;0;3;5;1;0;0;1081601;6787;1457;37;1082794;4151;491;0;3
FR;4;2022-06-24;3;0;2;0;3;0;2;0;0;1081604;6787;1459;37;1082797;4151;493;0;3
FR;4;2022-06-25;2;0;1;1;2;1;1;0;0;1081606;6787;1460;38;1082799;4152;494;0;3
FR;4;2022-06-26;0;0;1;0;0;1;0;0;0;1081606;6787;1461;38;1082799;4153;494;0;3
FR;4;2022-06-27;2;2;0;3;2;2;3;0;0;1081608;6789;1461;41;1082801;4155;497;0;3
FR;4;2022-06-28;0;4;2;1;0;5;2;0;0;1081608;6793;1463;42;1082801;4160;499;0;3
FR;4;2022-06-29;1;2;0;0;1;2;0;0;0;1081609;6795;1463;42;1082802;4162;499;0;3
FR;4;2022-06-30;2;0;0;0;2;0;0;0;0;1081611;6795;1463;42;1082804;4162;499;0;3
FR;4;2022-07-01;2;4;8;0;2;4;8;0;0;1081613;6799;1471;42;1082806;4166;507;0;3
FR;4;2022-07-02;0;1;0;0;1;0;0;0;0;1081613;6800;1471;42;1082807;4166;507;0;3
FR;4;2022-07-03;0;0;0;0;0;0;0;0;0;1081613;6800;1471;42;1082807;4166;507;0;3
FR;4;2022-07-04;3;1;0;0;3;1;0;0;0;1081616;6801;1471;42;1082810;4167;507;0;3
FR;4;2022-07-05;2;0;2;0;2;2;0;0;0;1081618;6801;1473;42;1082812;4169;507;0;3
FR;4;2022-07-06;5;0;1;1;5;0;1;0;1;1081623;6801;1474;43;1082817;4169;508;0;4
FR;4;2022-07-07;2;0;2;1;2;0;3;0;0;1081625;6801;1476;44;1082819;4169;511;0;4
FR;4;2022-07-08;3;1;0;0;3;1;0;0;0;1081628;6802;1476;44;1082822;4170;511;0;4
FR;4;2022-07-09;2;2;1;0;2;3;0;0;0;1081630;6804;1477;44;1082824;4173;511;0;4
FR;4;2022-07-10;2;0;1;0;2;0;0;0;0;1081632;6804;1478;44;1082826;4173;511;0;4
FR;4;2022-07-11;3;0;2;0;3;0;1;0;0;1081635;6804;1480;44;1082829;4173;512;0;4
FR;4;2022-07-12;0;0;2;0;0;2;0;0;0;1081635;6804;1482;44;1082829;4175;512;0;4
FR;4;2022-07-13;2;2;3;0;2;2;3;0;0;1081637;6806;1485;44;1082831;4177;515;0;4
FR;4;2022-07-14;6;0;1;0;6;0;1;0;0;1081643;6806;1486;44;1082837;4177;516;0;4
FR;4;2022-07-15;11;2;0;0;11;2;0;0;0;1081654;6808;1486;44;1082848;4179;516;0;4
FR;4;2022-07-16;4;0;0;2;4;0;2;0;0;1081658;6808;1486;46;1082852;4179;518;0;4
FR;4;2022-07-17;1;0;1;1;1;0;2;0;0;1081659;6808;1487;47;1082853;4179;520;0;4
FR;4;2022-07-18;3;3;2;0;3;3;2;0;0;1081662;6811;1489;47;1082856;4182;522;0;4
FR;4;2022-07-19;4;0;1;0;4;1;0;0;0;1081666;6811;1490;47;1082860;4183;522;0;4
FR;4;2022-07-20;10;0;1;0;10;1;0;0;0;1081676;6811;1491;47;1082870;4184;522;0;4
FR;4;2022-07-21;2;3;1;0;2;3;1;0;0;1081678;6814;1492;47;1082872;4187;523;0;4
FR;4;2022-07-22;4;0;3;0;4;1;2;0;0;1081682;6814;1495;47;1082876;4188;525;0;4
FR;4;2022-07-23;1;2;0;0;1;1;0;0;0;1081683;6816;1495;47;1082877;4189;525;0;4
FR;4;2022-07-24;0;0;0;0;0;0;0;0;0;1081683;6816;1495;47;1082877;4189;525;0;4
FR;4;2022-07-25;6;0;2;0;6;2;0;0;0;1081689;6816;1497;47;1082883;4191;525;0;4
FR;4;2022-07-26;2;0;0;0;2;0;0;0;0;1081691;6816;1497;47;1082885;4191;525;0;4
FR;4;2022-07-27;3;1;0;0;3;0;0;0;0;1081694;6817;1497;47;1082888;4191;525;0;4
FR;4;2022-07-28;11;0;0;0;11;0;0;0;0;1081705;6817;1497;47;1082899;4191;525;0;4
FR;4;2022-07-29;3;0;2;0;3;1;1;0;0;1081708;6817;1499;47;1082902;4192;526;0;4
FR;4;2022-07-30;4;0;2;0;4;0;2;0;0;1081712;6817;1501;47;1082906;4192;528;0;4
FR;4;2022-07-31;0;0;0;0;0;0;0;0;0;1081712;6817;1501;47;1082906;4192;528;0;4
FR;4;2022-08-01;2;0;3;0;2;2;1;0;0;1081714;6817;1504;47;1082908;4194;529;0;4
FR;4;2022-08-02;6;0;0;0;6;0;0;0;0;1081720;6817;1504;47;1082914;4194;529;0;4
FR;4;2022-08-03;2;2;1;0;2;2;1;0;0;1081722;6819;1505;47;1082916;4196;530;0;4
FR;4;2022-08-04;4;2;0;1;4;2;1;0;0;1081726;6821;1505;48;1082920;4198;531;0;4
FR;4;2022-08-05;2;0;1;0;2;0;1;0;0;1081728;6821;1506;48;1082922;4198;532;0;4
FR;4;2022-08-06;2;0;0;0;2;0;0;0;0;1081730;6821;1506;48;1082924;4198;532;0;4
FR;4;2022-08-07;5;0;0;0;5;0;0;0;0;1081735;6821;1506;48;1082929;4198;532;0;4
FR;4;2022-08-08;1;0;1;1;1;1;1;0;0;1081736;6821;1507;49;1082930;4199;533;0;4
FR;4;2022-08-09;1;1;2;2;1;2;3;0;0;1081737;6822;1509;51;1082931;4201;536;0;4
FR;4;2022-08-10;6;1;1;0;7;1;0;0;0;1081743;6823;1510;51;1082938;4202;536;0;4
FR;4;2022-08-11;2;0;1;0;2;1;0;0;0;1081745;6823;1511;51;1082940;4203;536;0;4
FR;4;2022-08-12;4;0;1;0;4;0;1;0;0;1081749;6823;1512;51;1082944;4203;537;0;4
FR;4;2022-08-13;1;0;0;0;1;0;0;0;0;1081750;6823;1512;51;1082945;4203;537;0;4
FR;4;2022-08-14;0;0;0;0;0;0;0;0;0;1081750;6823;1512;51;1082945;4203;537;0;4
FR;4;2022-08-15;1;2;3;0;1;2;3;0;0;1081751;6825;1515;51;1082946;4205;540;0;4
FR;4;2022-08-16;0;0;1;0;0;1;0;0;0;1081751;6825;1516;51;1082946;4206;540;0;4
FR;4;2022-08-17;3;0;0;0;3;0;0;0;0;1081754;6825;1516;51;1082949;4206;540;0;4
FR;4;2022-08-18;3;0;0;0;3;0;0;0;0;1081757;6825;1516;51;1082952;4206;540;0;4
FR;4;2022-08-19;5;0;0;0;5;0;0;0;0;1081762;6825;1516;51;1082957;4206;540;0;4
FR;4;2022-08-20;1;1;0;0;2;0;0;0;0;1081763;6826;1516;51;1082959;4206;540;0;4
FR;4;2022-08-21;1;0;0;0;1;0;0;0;0;1081764;6826;1516;51;1082960;4206;540;0;4
FR;4;2022-08-22;4;9;0;0;4;9;0;0;0;1081768;6835;1516;51;1082964;4215;540;0;4
FR;4;2022-08-23;3;3;3;0;3;4;2;0;0;1081771;6838;1519;51;1082967;4219;542;0;4
FR;4;2022-08-24;6;0;0;1;6;0;1;0;0;1081777;6838;1519;52;1082973;4219;543;0;4
FR;4;2022-08-25;1;3;1;0;1;3;1;0;0;1081778;6841;1520;52;1082974;4222;544;0;4
FR;4;2022-08-26;2;0;0;1;2;0;1;0;0;1081780;6841;1520;53;1082976;4222;545;0;4
FR;4;2022-08-27;1;0;0;0;1;0;0;0;0;1081781;6841;1520;53;1082977;4222;545;0;4
FR;4;2022-08-28;0;1;0;0;0;0;0;0;0;1081781;6842;1520;53;1082977;4222;545;0;4
FR;4;2022-08-29;8;0;0;0;8;0;0;0;0;1081789;6842;1520;53;1082985;4222;545;0;4
FR;4;2022-08-30;5;0;0;0;5;0;0;0;0;1081794;6842;1520;53;1082990;4222;545;0;4
FR;4;2022-08-31;2;1;0;0;2;1;0;0;0;1081796;6843;1520;53;1082992;4223;545;0;4
FR;4;2022-09-01;3;8;2;0;4;7;2;0;0;1081799;6851;1522;53;1082996;4230;547;0;4
FR;4;2022-09-02;2;1;1;0;2;2;0;0;0;1081801;6852;1523;53;1082998;4232;547;0;4
FR;4;2022-09-03;3;0;0;0;3;0;0;0;0;1081804;6852;1523;53;1083001;4232;547;0;4
FR;4;2022-09-04;1;0;0;0;1;0;0;0;0;1081805;6852;1523;53;1083002;4232;547;0;4
FR;4;2022-09-05;3;2;0;0;3;2;0;0;0;1081808;6854;1523;53;1083005;4234;547;0;4
FR;4;2022-09-06;1;0;0;0;1;0;0;0;0;1081809;6854;1523;53;1083006;4234;547;0;4
FR;4;2022-09-07;1;0;1;1;1;1;1;0;0;1081810;6854;1524;54;1083007;4235;548;0;4
FR;4;2022-09-08;3;0;0;0;3;0;0;0;0;1081813;6854;1524;54;1083010;4235;548;0;4
FR;4;2022-09-09;2;0;0;0;2;0;0;0;0;1081815;6854;1524;54;1083012;4235;548;0;4
FR;4;2022-09-10;0;0;0;3;0;1;2;0;0;1081815;6854;1524;57;1083012;4236;550;0;4
FR;4;2022-09-11;2;0;0;0;2;0;0;0;0;1081817;6854;1524;57;1083014;4236;550;0;4
FR;4;2022-09-12;1;1;1;0;1;1;1;0;0;1081818;6855;1525;57;1083015;4237;551;0;4
FR;4;2022-09-13;1;0;0;0;1;0;0;0;0;1081819;6855;1525;57;1083016;4237;551;0;4
FR;4;2022-09-14;2;0;0;0;2;0;0;0;0;1081821;6855;1525;57;1083018;4237;551;0;4
FR;4;2022-09-15;4;0;0;0;4;0;0;0;0;1081825;6855;1525;57;1083022;4237;551;0;4
FR;4;2022-09-16;0;0;0;0;0;0;0;0;0;1081825;6855;1525;57;1083022;4237;551;0;4
FR;4;2022-09-17;2;0;0;0;2;0;0;0;0;1081827;6855;1525;57;1083024;4237;551;0;4
FR;4;2022-09-18;0;1;0;0;0;1;0;0;0;1081827;6856;1525;57;1083024;4238;551;0;4
FR;4;2022-09-19;2;0;2;0;2;2;0;0;0;1081829;6856;1527;57;1083026;4240;551;0;4
FR;4;2022-09-20;4;0;0;0;4;0;0;0;0;1081833;6856;1527;57;1083030;4240;551;0;4
FR;4;2022-09-21;2;1;0;0;2;1;0;0;0;1081835;6857;1527;57;1083032;4241;551;0;4
FR;4;2022-09-22;1;1;0;0;1;1;0;0;0;1081836;6858;1527;57;1083033;4242;551;0;4
FR;4;2022-09-23;2;3;0;0;3;2;0;0;0;1081838;6861;1527;57;1083036;4244;551;0;4
FR;4;2022-09-24;1;0;0;0;1;0;0;0;0;1081839;6861;1527;57;1083037;4244;551;0;4
FR;4;2022-09-25;0;0;0;0;0;0;0;0;0;1081839;6861;1527;57;1083037;4244;551;0;4
FR;4;2022-09-26;2;0;1;0;2;0;1;0;0;1081841;6861;1528;57;1083039;4244;552;0;4
FR;4;2022-09-27;1;0;1;1;1;0;2;0;0;1081842;6861;1529;58;1083040;4244;554;0;4
FR;4;2022-09-28;3;0;2;0;3;2;0;0;0;1081845;6861;1531;58;1083043;4246;554;0;4
FR;4;2022-09-29;3;0;1;1;3;1;1;0;0;1081848;6861;1532;59;1083046;4247;555;0;4
FR;4;2022-09-30;1;0;0;0;1;0;0;0;0;1081849;6861;1532;59;1083047;4247;555;0;4
FR;4;2022-10-01;1;1;0;0;2;0;0;0;0;1081850;6862;1532;59;1083049;4247;555;0;4
FR;4;2022-10-02;0;1;0;0;0;1;0;0;0;1081850;6863;1532;59;1083049;4248;555;0;4
FR;4;2022-10-03;2;2;1;1;3;2;1;0;0;1081852;6865;1533;60;1083052;4250;556;0;4
FR;4;2022-10-04;2;0;0;0;2;0;0;0;0;1081854;6865;1533;60;1083054;4250;556;0;4
FR;4;2022-10-05;0;1;0;0;0;1;0;0;0;1081854;6866;1533;60;1083054;4251;556;0;4
FR;4;2022-10-06;2;0;0;0;2;0;0;0;0;1081856;6866;1533;60;1083056;4251;556;0;4
FR;4;2022-10-07;3;0;1;0;3;0;1;0;0;1081859;6866;1534;60;1083059;4251;557;0;4
FR;4;2022-10-08;3;1;0;0;3;0;0;0;0;1081862;6867;1534;60;1083062;4251;557;0;4
FR;4;2022-10-09;0;0;0;0;0;0;0;0;0;1081862;6867;1534;60;1083062;4251;557;0;4
FR;4;2022-10-10;4;0;2;3;4;2;1;0;2;1081866;6867;1536;63;1083066;4253;558;0;6
FR;4;2022-10-11;1;2;0;0;1;1;0;0;0;1081867;6869;1536;63;1083067;4254;558;0;6
FR;4;2022-10-12;0;0;0;0;0;0;0;0;0;1081867;6869;1536;63;1083067;4254;558;0;6
FR;4;2022-10-13;5;0;0;0;5;0;0;0;0;1081872;6869;1536;63;1083072;4254;558;0;6
FR;4;2022-10-14;1;0;0;0;1;0;0;0;0;1081873;6869;1536;63;1083073;4254;558;0;6
FR;4;2022-10-15;0;1;0;0;0;1;0;0;0;1081873;6870;1536;63;1083073;4255;558;0;6
FR;4;2022-10-16;0;0;0;0;0;0;0;0;0;1081873;6870;1536;63;1083073;4255;558;0;6
FR;4;2022-10-17;2;0;1;0;2;1;0;0;0;1081875;6870;1537;63;1083075;4256;558;0;6
FR;4;2022-10-18;1;0;0;1;1;0;1;0;0;1081876;6870;1537;64;1083076;4256;559;0;6
FR;4;2022-10-19;1;0;0;2;1;0;2;0;3;1081877;6870;1537;66;1083077;4256;561;0;9
FR;4;2022-10-20;4;1;0;0;4;1;0;0;0;1081881;6871;1537;66;1083081;4257;561;0;9
FR;4;2022-10-21;1;0;0;0;1;0;0;0;0;1081882;6871;1537;66;1083082;4257;561;0;9
FR;4;2022-10-22;1;0;0;0;1;0;0;0;0;1081883;6871;1537;66;1083083;4257;561;0;9
FR;4;2022-10-23;0;0;0;0;0;0;0;0;0;1081883;6871;1537;66;1083083;4257;561;0;9
FR;4;2022-10-24;1;0;0;0;1;0;0;0;0;1081884;6871;1537;66;1083084;4257;561;0;9
FR;4;2022-10-25;1;0;0;0;1;0;0;0;0;1081885;6871;1537;66;1083085;4257;561;0;9
FR;4;2022-10-26;2;1;0;0;2;1;0;0;0;1081887;6872;1537;66;1083087;4258;561;0;9
FR;4;2022-10-27;3;1;1;0;3;0;1;0;0;1081890;6873;1538;66;1083090;4258;562;0;9
FR;4;2022-10-28;0;0;0;0;0;0;0;0;0;1081890;6873;1538;66;1083090;4258;562;0;9
FR;4;2022-10-29;1;0;0;3;1;0;3;0;3;1081891;6873;1538;69;1083091;4258;565;0;12
FR;4;2022-10-30;1;0;0;0;1;0;0;0;0;1081892;6873;1538;69;1083092;4258;565;0;12
FR;4;2022-10-31;1;0;0;0;1;0;0;0;0;1081893;6873;1538;69;1083093;4258;565;0;12
FR;4;2022-11-01;1;5;0;0;1;5;0;0;0;1081894;6878;1538;69;1083094;4263;565;0;12
FR;4;2022-11-02;0;0;2;2;0;1;3;0;0;1081894;6878;1540;71;1083094;4264;568;0;12
FR;4;2022-11-03;1;0;0;0;1;0;0;0;0;1081895;6878;1540;71;1083095;4264;568;0;12
FR;4;2022-11-04;4;1;0;0;4;0;0;0;0;1081899;6879;1540;71;1083099;4264;568;0;12
FR;4;2022-11-05;0;0;0;0;0;0;0;0;0;1081899;6879;1540;71;1083099;4264;568;0;12
FR;4;2022-11-06;2;0;0;0;2;0;0;0;0;1081901;6879;1540;71;1083101;4264;568;0;12
FR;4;2022-11-07;2;0;0;0;2;0;0;0;0;1081903;6879;1540;71;1083103;4264;568;0;12
FR;4;2022-11-08;7;0;0;0;7;0;0;0;0;1081910;6879;1540;71;1083110;4264;568;0;12
FR;4;2022-11-09;0;0;0;0;0;0;0;0;0;1081910;6879;1540;71;1083110;4264;568;0;12
FR;4;2022-11-10;0;0;0;0;0;0;0;0;0;1081910;6879;1540;71;1083110;4264;568;0;12
FR;4;2022-11-11;1;0;0;0;1;0;0;0;0;1081911;6879;1540;71;1083111;4264;568;0;12
FR;4;2022-11-12;3;1;0;0;3;1;0;0;0;1081914;6880;1540;71;1083114;4265;568;0;12
FR;4;2022-11-13;0;0;0;0;0;0;0;0;0;1081914;6880;1540;71;1083114;4265;568;0;12
FR;4;2022-11-14;0;0;0;0;0;0;0;0;0;1081914;6880;1540;71;1083114;4265;568;0;12
FR;4;2022-11-15;3;0;0;0;3;0;0;0;0;1081917;6880;1540;71;1083117;4265;568;0;12
FR;4;2022-11-16;1;1;0;0;1;1;0;0;0;1081918;6881;1540;71;1083118;4266;568;0;12
FR;4;2022-11-17;0;0;0;0;0;0;0;0;0;1081918;6881;1540;71;1083118;4266;568;0;12
FR;4;2022-11-18;5;0;1;0;5;0;1;0;0;1081923;6881;1541;71;1083123;4266;569;0;12
FR;4;2022-11-19;0;0;0;0;0;0;0;0;0;1081923;6881;1541;71;1083123;4266;569;0;12
FR;4;2022-11-20;0;0;0;0;0;0;0;0;0;1081923;6881;1541;71;1083123;4266;569;0;12
FR;4;2022-11-21;0;0;0;0;0;0;0;0;0;1081923;6881;1541;71;1083123;4266;569;0;12
FR;4;2022-11-22;0;1;1;0;0;2;0;0;0;1081923;6882;1542;71;1083123;4268;569;0;12
FR;4;2022-11-23;1;0;0;0;1;0;0;0;1;1081924;6882;1542;71;1083124;4268;569;0;13
FR;4;2022-11-24;0;2;0;0;0;2;0;0;0;1081924;6884;1542;71;1083124;4270;569;0;13
FR;4;2022-11-25;3;3;0;0;3;3;0;0;0;1081927;6887;1542;71;1083127;4273;569;0;13
FR;4;2022-11-26;1;0;0;0;1;0;0;0;0;1081928;6887;1542;71;1083128;4273;569;0;13
FR;4;2022-11-27;0;0;0;0;0;0;0;0;0;1081928;6887;1542;71;1083128;4273;569;0;13
FR;4;2022-11-28;3;0;0;0;3;0;0;0;0;1081931;6887;1542;71;1083131;4273;569;0;13
FR;4;2022-11-29;3;0;0;0;3;0;0;0;0;1081934;6887;1542;71;1083134;4273;569;0;13
FR;4;2022-11-30;0;0;0;0;0;0;0;0;0;1081934;6887;1542;71;1083134;4273;569;0;13
FR;4;2022-12-01;1;2;2;0;2;2;1;0;0;1081935;6889;1544;71;1083136;4275;570;0;13
FR;4;2022-12-02;2;1;0;1;2;1;0;0;1;1081937;6890;1544;72;1083138;4276;570;0;14
FR;4;2022-12-03;1;0;0;0;1;0;0;0;0;1081938;6890;1544;72;1083139;4276;570;0;14
FR;4;2022-12-04;0;0;0;0;0;0;0;0;0;1081938;6890;1544;72;1083139;4276;570;0;14
FR;4;2022-12-05;1;0;0;0;1;0;0;0;0;1081939;6890;1544;72;1083140;4276;570;0;14
FR;4;2022-12-06;1;0;0;0;1;0;0;0;0;1081940;6890;1544;72;1083141;4276;570;0;14
FR;4;2022-12-07;2;1;0;0;2;1;0;0;0;1081942;6891;1544;72;1083143;4277;570;0;14
FR;4;2022-12-08;1;0;0;0;1;0;0;0;0;1081943;6891;1544;72;1083144;4277;570;0;14
FR;4;2022-12-09;1;0;0;0;1;0;0;0;0;1081944;6891;1544;72;1083145;4277;570;0;14
FR;4;2022-12-10;1;0;0;0;1;0;0;0;0;1081945;6891;1544;72;1083146;4277;570;0;14
FR;4;2022-12-11;0;0;0;0;0;0;0;0;0;1081945;6891;1544;72;1083146;4277;570;0;14
FR;4;2022-12-12;0;1;0;5;0;1;5;0;0;1081945;6892;1544;77;1083146;4278;575;0;14
FR;4;2022-12-13;1;0;0;0;1;0;0;0;0;1081946;6892;1544;77;1083147;4278;575;0;14
FR;4;2022-12-14;0;0;0;0;0;0;0;0;0;1081946;6892;1544;77;1083147;4278;575;0;14
FR;4;2022-12-15;1;1;0;0;1;1;0;0;0;1081947;6893;1544;77;1083148;4279;575;0;14
FR;4;2022-12-16;1;0;0;0;1;0;0;0;0;1081948;6893;1544;77;1083149;4279;575;0;14
FR;4;2022-12-17;0;0;1;0;0;0;1;0;0;1081948;6893;1545;77;1083149;4279;576;0;14
FR;4;2022-12-18;0;0;0;0;0;0;0;0;0;1081948;6893;1545;77;1083149;4279;576;0;14
FR;4;2022-12-19;1;0;0;0;1;0;0;0;0;1081949;6893;1545;77;1083150;4279;576;0;14
FR;4;2022-12-20;3;1;0;0;3;1;0;0;0;1081952;6894;1545;77;1083153;4280;576;0;14
FR;4;2022-12-21;2;0;0;0;2;0;0;0;0;1081954;6894;1545;77;1083155;4280;576;0;14
FR;4;2022-12-22;0;1;0;0;0;1;0;0;0;1081954;6895;1545;77;1083155;4281;576;0;14
FR;4;2022-12-23;3;0;0;0;3;0;0;0;0;1081957;6895;1545;77;1083158;4281;576;0;14
FR;4;2022-12-24;0;0;0;0;0;0;0;0;0;1081957;6895;1545;77;1083158;4281;576;0;14
FR;4;2022-12-25;0;0;0;0;0;0;0;0;0;1081957;6895;1545;77;1083158;4281;576;0;14
FR;4;2022-12-26;1;2;0;0;1;1;0;0;0;1081958;6897;1545;77;1083159;4282;576;0;14
FR;4;2022-12-27;1;0;0;0;1;0;0;0;0;1081959;6897;1545;77;1083160;4282;576;0;14
FR;4;2022-12-28;0;0;0;0;0;0;0;0;0;1081959;6897;1545;77;1083160;4282;576;0;14
FR;4;2022-12-29;0;0;0;0;0;0;0;0;0;1081959;6897;1545;77;1083160;4282;576;0;14
FR;4;2022-12-30;1;0;0;0;1;0;0;0;0;1081960;6897;1545;77;1083161;4282;576;0;14
FR;4;2022-12-31;0;0;0;0;0;0;0;0;0;1081960;6897;1545;77;1083161;4282;576;0;14
FR;4;2023-01-01;0;0;0;0;0;0;0;0;0;1081960;6897;1545;77;1083161;4282;576;0;14
FR;4;2023-01-02;1;0;0;0;1;0;0;0;0;1081961;6897;1545;77;1083162;4282;576;0;14
FR;4;2023-01-03;0;0;0;0;0;0;0;0;0;1081961;6897;1545;77;1083162;4282;576;0;14
FR;4;2023-01-04;0;0;0;0;0;0;0;0;0;1081961;6897;1545;77;1083162;4282;576;0;14
FR;5;2020-12-27;0;0;0;0;0;0;0;0;0;0;0;0;0;0;0;0;0;0
FR;5;2020-12-28;0;0;0;0;0;0;0;0;0;0;0;0;0;0;0;0;0;0
FR;5;2020-12-29;0;0;0;0;0;0;0;0;0;0;0;0;0;0;0;0;0;0
FR;5;2020-12-30;0;0;0;0;0;0;0;0;0;0;0;0;0;0;0;0;0;0
FR;5;2020-12-31;0;0;0;0;0;0;0;0;0;0;0;0;0;0;0;0;0;0
FR;5;2021-01-01;0;0;0;0;0;0;0;0;0;0;0;0;0;0;0;0;0;0
FR;5;2021-01-02;0;0;0;0;0;0;0;0;0;0;0;0;0;0;0;0;0;0
FR;5;2021-01-03;0;0;0;0;0;0;0;0;0;0;0;0;0;0;0;0;0;0
FR;5;2021-01-04;0;0;0;0;0;0;0;0;0;0;0;0;0;0;0;0;0;0
FR;5;2021-01-05;0;0;0;0;0;0;0;0;0;0;0;0;0;0;0;0;0;0
FR;5;2021-01-06;0;0;0;0;0;0;0;0;0;0;0;0;0;0;0;0;0;0
FR;5;2021-01-07;0;0;0;0;0;0;0;0;0;0;0;0;0;0;0;0;0;0
FR;5;2021-01-08;0;0;0;0;0;0;0;0;0;0;0;0;0;0;0;0;0;0
FR;5;2021-01-09;0;0;0;0;0;0;0;0;0;0;0;0;0;0;0;0;0;0
FR;5;2021-01-10;0;0;0;0;0;0;0;0;0;0;0;0;0;0;0;0;0;0
FR;5;2021-01-11;0;0;0;0;0;0;0;0;0;0;0;0;0;0;0;0;0;0
FR;5;2021-01-12;0;0;0;0;0;0;0;0;0;0;0;0;0;0;0;0;0;0
FR;5;2021-01-13;0;0;0;0;0;0;0;0;0;0;0;0;0;0;0;0;0;0
FR;5;2021-01-14;0;0;0;0;0;0;0;0;0;0;0;0;0;0;0;0;0;0
FR;5;2021-01-15;0;0;0;0;0;0;0;0;0;0;0;0;0;0;0;0;0;0
FR;5;2021-01-16;0;0;0;0;0;0;0;0;0;0;0;0;0;0;0;0;0;0
FR;5;2021-01-17;0;0;0;0;0;0;0;0;0;0;0;0;0;0;0;0;0;0
FR;5;2021-01-18;0;0;0;0;0;0;0;0;0;0;0;0;0;0;0;0;0;0
FR;5;2021-01-19;0;0;0;0;0;0;0;0;0;0;0;0;0;0;0;0;0;0
FR;5;2021-01-20;0;0;0;0;0;0;0;0;0;0;0;0;0;0;0;0;0;0
FR;5;2021-01-21;0;0;0;0;0;0;0;0;0;0;0;0;0;0;0;0;0;0
FR;5;2021-01-22;0;0;0;0;0;0;0;0;0;0;0;0;0;0;0;0;0;0
FR;5;2021-01-23;0;0;0;0;0;0;0;0;0;0;0;0;0;0;0;0;0;0
FR;5;2021-01-24;0;0;0;0;0;0;0;0;0;0;0;0;0;0;0;0;0;0
FR;5;2021-01-25;0;0;0;0;0;0;0;0;0;0;0;0;0;0;0;0;0;0
FR;5;2021-01-26;0;0;0;0;0;0;0;0;0;0;0;0;0;0;0;0;0;0
FR;5;2021-01-27;0;0;0;0;0;0;0;0;0;0;0;0;0;0;0;0;0;0
FR;5;2021-01-28;0;0;0;0;0;0;0;0;0;0;0;0;0;0;0;0;0;0
FR;5;2021-01-29;0;0;0;0;0;0;0;0;0;0;0;0;0;0;0;0;0;0
FR;5;2021-01-30;0;0;0;0;0;0;0;0;0;0;0;0;0;0;0;0;0;0
FR;5;2021-01-31;0;0;0;0;0;0;0;0;0;0;0;0;0;0;0;0;0;0
FR;5;2021-02-01;0;0;0;0;0;0;0;0;0;0;0;0;0;0;0;0;0;0
FR;5;2021-02-02;0;0;0;0;0;0;0;0;0;0;0;0;0;0;0;0;0;0
FR;5;2021-02-03;0;0;0;0;0;0;0;0;0;0;0;0;0;0;0;0;0;0
FR;5;2021-02-04;0;0;0;0;0;0;0;0;0;0;0;0;0;0;0;0;0;0
FR;5;2021-02-05;0;0;0;0;0;0;0;0;0;0;0;0;0;0;0;0;0;0
FR;5;2021-02-06;0;0;0;0;0;0;0;0;0;0;0;0;0;0;0;0;0;0
FR;5;2021-02-07;0;0;0;0;0;0;0;0;0;0;0;0;0;0;0;0;0;0
FR;5;2021-02-08;0;0;0;0;0;0;0;0;0;0;0;0;0;0;0;0;0;0
FR;5;2021-02-09;0;0;0;0;0;0;0;0;0;0;0;0;0;0;0;0;0;0
FR;5;2021-02-10;0;0;0;0;0;0;0;0;0;0;0;0;0;0;0;0;0;0
FR;5;2021-02-11;0;0;0;0;0;0;0;0;0;0;0;0;0;0;0;0;0;0
FR;5;2021-02-12;0;0;0;0;0;0;0;0;0;0;0;0;0;0;0;0;0;0
FR;5;2021-02-13;0;0;0;0;0;0;0;0;0;0;0;0;0;0;0;0;0;0
FR;5;2021-02-14;0;0;0;0;0;0;0;0;0;0;0;0;0;0;0;0;0;0
FR;5;2021-02-15;0;0;0;0;0;0;0;0;0;0;0;0;0;0;0;0;0;0
FR;5;2021-02-16;0;0;0;0;0;0;0;0;0;0;0;0;0;0;0;0;0;0
FR;5;2021-02-17;0;0;0;0;0;0;0;0;0;0;0;0;0;0;0;0;0;0
FR;5;2021-02-18;0;0;0;0;0;0;0;0;0;0;0;0;0;0;0;0;0;0
FR;5;2021-02-19;0;0;0;0;0;0;0;0;0;0;0;0;0;0;0;0;0;0
FR;5;2021-02-20;0;0;0;0;0;0;0;0;0;0;0;0;0;0;0;0;0;0
FR;5;2021-02-21;0;0;0;0;0;0;0;0;0;0;0;0;0;0;0;0;0;0
FR;5;2021-02-22;0;0;0;0;0;0;0;0;0;0;0;0;0;0;0;0;0;0
FR;5;2021-02-23;0;0;0;0;0;0;0;0;0;0;0;0;0;0;0;0;0;0
FR;5;2021-02-24;0;0;0;0;0;0;0;0;0;0;0;0;0;0;0;0;0;0
FR;5;2021-02-25;0;0;0;0;0;0;0;0;0;0;0;0;0;0;0;0;0;0
FR;5;2021-02-26;0;0;0;0;0;0;0;0;0;0;0;0;0;0;0;0;0;0
FR;5;2021-02-27;0;0;0;0;0;0;0;0;0;0;0;0;0;0;0;0;0;0
FR;5;2021-02-28;0;0;0;0;0;0;0;0;0;0;0;0;0;0;0;0;0;0
FR;5;2021-03-01;0;0;0;0;0;0;0;0;0;0;0;0;0;0;0;0;0;0
FR;5;2021-03-02;0;0;0;0;0;0;0;0;0;0;0;0;0;0;0;0;0;0
FR;5;2021-03-03;0;0;0;0;0;0;0;0;0;0;0;0;0;0;0;0;0;0
FR;5;2021-03-04;0;0;0;0;0;0;0;0;0;0;0;0;0;0;0;0;0;0
FR;5;2021-03-05;0;0;0;0;0;0;0;0;0;0;0;0;0;0;0;0;0;0
FR;5;2021-03-06;0;0;0;0;0;0;0;0;0;0;0;0;0;0;0;0;0;0
FR;5;2021-03-07;0;0;0;0;0;0;0;0;0;0;0;0;0;0;0;0;0;0
FR;5;2021-03-08;0;0;0;0;0;0;0;0;0;0;0;0;0;0;0;0;0;0
FR;5;2021-03-09;0;0;0;0;0;0;0;0;0;0;0;0;0;0;0;0;0;0
FR;5;2021-03-10;0;0;0;0;0;0;0;0;0;0;0;0;0;0;0;0;0;0
FR;5;2021-03-11;0;0;0;0;0;0;0;0;0;0;0;0;0;0;0;0;0;0
FR;5;2021-03-12;0;0;0;0;0;0;0;0;0;0;0;0;0;0;0;0;0;0
FR;5;2021-03-13;0;0;0;0;0;0;0;0;0;0;0;0;0;0;0;0;0;0
FR;5;2021-03-14;0;0;0;0;0;0;0;0;0;0;0;0;0;0;0;0;0;0
FR;5;2021-03-15;0;0;0;0;0;0;0;0;0;0;0;0;0;0;0;0;0;0
FR;5;2021-03-16;0;0;0;0;0;0;0;0;0;0;0;0;0;0;0;0;0;0
FR;5;2021-03-17;0;0;0;0;0;0;0;0;0;0;0;0;0;0;0;0;0;0
FR;5;2021-03-18;0;0;0;0;0;0;0;0;0;0;0;0;0;0;0;0;0;0
FR;5;2021-03-19;0;0;0;0;0;0;0;0;0;0;0;0;0;0;0;0;0;0
FR;5;2021-03-20;0;0;0;0;0;0;0;0;0;0;0;0;0;0;0;0;0;0
FR;5;2021-03-21;0;0;0;0;0;0;0;0;0;0;0;0;0;0;0;0;0;0
FR;5;2021-03-22;0;0;0;0;0;0;0;0;0;0;0;0;0;0;0;0;0;0
FR;5;2021-03-23;0;0;0;0;0;0;0;0;0;0;0;0;0;0;0;0;0;0
FR;5;2021-03-24;0;0;0;0;0;0;0;0;0;0;0;0;0;0;0;0;0;0
FR;5;2021-03-25;0;0;0;0;0;0;0;0;0;0;0;0;0;0;0;0;0;0
FR;5;2021-03-26;0;0;0;0;0;0;0;0;0;0;0;0;0;0;0;0;0;0
FR;5;2021-03-27;0;0;0;0;0;0;0;0;0;0;0;0;0;0;0;0;0;0
FR;5;2021-03-28;0;0;0;0;0;0;0;0;0;0;0;0;0;0;0;0;0;0
FR;5;2021-03-29;0;0;0;0;0;0;0;0;0;0;0;0;0;0;0;0;0;0
FR;5;2021-03-30;0;0;0;0;0;0;0;0;0;0;0;0;0;0;0;0;0;0
FR;5;2021-03-31;0;0;0;0;0;0;0;0;0;0;0;0;0;0;0;0;0;0
FR;5;2021-04-01;0;0;0;0;0;0;0;0;0;0;0;0;0;0;0;0;0;0
FR;5;2021-04-02;0;0;0;0;0;0;0;0;0;0;0;0;0;0;0;0;0;0
FR;5;2021-04-03;0;0;0;0;0;0;0;0;0;0;0;0;0;0;0;0;0;0
FR;5;2021-04-04;0;0;0;0;0;0;0;0;0;0;0;0;0;0;0;0;0;0
FR;5;2021-04-05;0;0;0;0;0;0;0;0;0;0;0;0;0;0;0;0;0;0
FR;5;2021-04-06;0;0;0;0;0;0;0;0;0;0;0;0;0;0;0;0;0;0
FR;5;2021-04-07;0;0;0;0;0;0;0;0;0;0;0;0;0;0;0;0;0;0
FR;5;2021-04-08;0;0;0;0;0;0;0;0;0;0;0;0;0;0;0;0;0;0
FR;5;2021-04-09;0;0;0;0;0;0;0;0;0;0;0;0;0;0;0;0;0;0
FR;5;2021-04-10;0;0;0;0;0;0;0;0;0;0;0;0;0;0;0;0;0;0
FR;5;2021-04-11;0;0;0;0;0;0;0;0;0;0;0;0;0;0;0;0;0;0
FR;5;2021-04-12;0;0;0;0;0;0;0;0;0;0;0;0;0;0;0;0;0;0
FR;5;2021-04-13;0;0;0;0;0;0;0;0;0;0;0;0;0;0;0;0;0;0
FR;5;2021-04-14;0;0;0;0;0;0;0;0;0;0;0;0;0;0;0;0;0;0
FR;5;2021-04-15;0;0;0;0;0;0;0;0;0;0;0;0;0;0;0;0;0;0
FR;5;2021-04-16;0;0;0;0;0;0;0;0;0;0;0;0;0;0;0;0;0;0
FR;5;2021-04-17;0;0;0;0;0;0;0;0;0;0;0;0;0;0;0;0;0;0
FR;5;2021-04-18;0;0;0;0;0;0;0;0;0;0;0;0;0;0;0;0;0;0
FR;5;2021-04-19;0;0;0;0;0;0;0;0;0;0;0;0;0;0;0;0;0;0
FR;5;2021-04-20;0;0;0;0;0;0;0;0;0;0;0;0;0;0;0;0;0;0
FR;5;2021-04-21;0;0;0;0;0;0;0;0;0;0;0;0;0;0;0;0;0;0
FR;5;2021-04-22;0;0;0;0;0;0;0;0;0;0;0;0;0;0;0;0;0;0
FR;5;2021-04-23;0;0;0;0;0;0;0;0;0;0;0;0;0;0;0;0;0;0
FR;5;2021-04-24;0;0;0;0;0;0;0;0;0;0;0;0;0;0;0;0;0;0
FR;5;2021-04-25;0;0;0;0;0;0;0;0;0;0;0;0;0;0;0;0;0;0
FR;5;2021-04-26;0;0;0;0;0;0;0;0;0;0;0;0;0;0;0;0;0;0
FR;5;2021-04-27;0;0;0;0;0;0;0;0;0;0;0;0;0;0;0;0;0;0
FR;5;2021-04-28;0;0;0;0;0;0;0;0;0;0;0;0;0;0;0;0;0;0
FR;5;2021-04-29;0;0;0;0;0;0;0;0;0;0;0;0;0;0;0;0;0;0
FR;5;2021-04-30;0;0;0;0;0;0;0;0;0;0;0;0;0;0;0;0;0;0
FR;5;2021-05-01;0;0;0;0;0;0;0;0;0;0;0;0;0;0;0;0;0;0
FR;5;2021-05-02;0;0;0;0;0;0;0;0;0;0;0;0;0;0;0;0;0;0
FR;5;2021-05-03;0;0;0;0;0;0;0;0;0;0;0;0;0;0;0;0;0;0
FR;5;2021-05-04;0;0;0;0;0;0;0;0;0;0;0;0;0;0;0;0;0;0
FR;5;2021-05-05;0;0;0;0;0;0;0;0;0;0;0;0;0;0;0;0;0;0
FR;5;2021-05-06;0;0;0;0;0;0;0;0;0;0;0;0;0;0;0;0;0;0
FR;5;2021-05-07;0;0;0;0;0;0;0;0;0;0;0;0;0;0;0;0;0;0
FR;5;2021-05-08;0;0;0;0;0;0;0;0;0;0;0;0;0;0;0;0;0;0
FR;5;2021-05-09;0;0;0;0;0;0;0;0;0;0;0;0;0;0;0;0;0;0
FR;5;2021-05-10;0;0;0;0;0;0;0;0;0;0;0;0;0;0;0;0;0;0
FR;5;2021-05-11;0;0;0;0;0;0;0;0;0;0;0;0;0;0;0;0;0;0
FR;5;2021-05-12;0;0;0;0;0;0;0;0;0;0;0;0;0;0;0;0;0;0
FR;5;2021-05-13;0;0;0;0;0;0;0;0;0;0;0;0;0;0;0;0;0;0
FR;5;2021-05-14;0;0;0;0;0;0;0;0;0;0;0;0;0;0;0;0;0;0
FR;5;2021-05-15;0;0;0;0;0;0;0;0;0;0;0;0;0;0;0;0;0;0
FR;5;2021-05-16;0;0;0;0;0;0;0;0;0;0;0;0;0;0;0;0;0;0
FR;5;2021-05-17;0;0;0;0;0;0;0;0;0;0;0;0;0;0;0;0;0;0
FR;5;2021-05-18;0;0;0;0;0;0;0;0;0;0;0;0;0;0;0;0;0;0
FR;5;2021-05-19;0;0;0;0;0;0;0;0;0;0;0;0;0;0;0;0;0;0
FR;5;2021-05-20;0;0;0;0;0;0;0;0;0;0;0;0;0;0;0;0;0;0
FR;5;2021-05-21;0;0;0;0;0;0;0;0;0;0;0;0;0;0;0;0;0;0
FR;5;2021-05-22;0;0;0;0;0;0;0;0;0;0;0;0;0;0;0;0;0;0
FR;5;2021-05-23;0;0;0;0;0;0;0;0;0;0;0;0;0;0;0;0;0;0
FR;5;2021-05-24;0;0;0;0;0;0;0;0;0;0;0;0;0;0;0;0;0;0
FR;5;2021-05-25;0;0;0;0;0;0;0;0;0;0;0;0;0;0;0;0;0;0
FR;5;2021-05-26;0;0;0;0;0;0;0;0;0;0;0;0;0;0;0;0;0;0
FR;5;2021-05-27;0;0;0;0;0;0;0;0;0;0;0;0;0;0;0;0;0;0
FR;5;2021-05-28;0;0;0;0;0;0;0;0;0;0;0;0;0;0;0;0;0;0
FR;5;2021-05-29;0;0;0;0;0;0;0;0;0;0;0;0;0;0;0;0;0;0
FR;5;2021-05-30;0;0;0;0;0;0;0;0;0;0;0;0;0;0;0;0;0;0
FR;5;2021-05-31;0;0;0;0;0;0;0;0;0;0;0;0;0;0;0;0;0;0
FR;5;2021-06-01;0;0;0;0;0;0;0;0;0;0;0;0;0;0;0;0;0;0
FR;5;2021-06-02;0;0;0;0;0;0;0;0;0;0;0;0;0;0;0;0;0;0
FR;5;2021-06-03;0;0;0;0;0;0;0;0;0;0;0;0;0;0;0;0;0;0
FR;5;2021-06-04;0;0;0;0;0;0;0;0;0;0;0;0;0;0;0;0;0;0
FR;5;2021-06-05;0;0;0;0;0;0;0;0;0;0;0;0;0;0;0;0;0;0
FR;5;2021-06-06;0;0;0;0;0;0;0;0;0;0;0;0;0;0;0;0;0;0
FR;5;2021-06-07;0;0;0;0;0;0;0;0;0;0;0;0;0;0;0;0;0;0
FR;5;2021-06-08;0;0;0;0;0;0;0;0;0;0;0;0;0;0;0;0;0;0
FR;5;2021-06-09;0;0;0;0;0;0;0;0;0;0;0;0;0;0;0;0;0;0
FR;5;2021-06-10;0;0;0;0;0;0;0;0;0;0;0;0;0;0;0;0;0;0
FR;5;2021-06-11;0;0;0;0;0;0;0;0;0;0;0;0;0;0;0;0;0;0
FR;5;2021-06-12;0;0;0;0;0;0;0;0;0;0;0;0;0;0;0;0;0;0
FR;5;2021-06-13;0;0;0;0;0;0;0;0;0;0;0;0;0;0;0;0;0;0
FR;5;2021-06-14;0;0;0;0;0;0;0;0;0;0;0;0;0;0;0;0;0;0
FR;5;2021-06-15;0;0;0;0;0;0;0;0;0;0;0;0;0;0;0;0;0;0
FR;5;2021-06-16;0;0;0;0;0;0;0;0;0;0;0;0;0;0;0;0;0;0
FR;5;2021-06-17;0;0;0;0;0;0;0;0;0;0;0;0;0;0;0;0;0;0
FR;5;2021-06-18;0;0;0;0;0;0;0;0;0;0;0;0;0;0;0;0;0;0
FR;5;2021-06-19;0;0;0;0;0;0;0;0;0;0;0;0;0;0;0;0;0;0
FR;5;2021-06-20;0;0;0;0;0;0;0;0;0;0;0;0;0;0;0;0;0;0
FR;5;2021-06-21;0;0;0;0;0;0;0;0;0;0;0;0;0;0;0;0;0;0
FR;5;2021-06-22;0;0;0;0;0;0;0;0;0;0;0;0;0;0;0;0;0;0
FR;5;2021-06-23;0;0;0;0;0;0;0;0;0;0;0;0;0;0;0;0;0;0
FR;5;2021-06-24;0;0;0;0;0;0;0;0;0;0;0;0;0;0;0;0;0;0
FR;5;2021-06-25;0;0;0;0;0;0;0;0;0;0;0;0;0;0;0;0;0;0
FR;5;2021-06-26;0;0;0;0;0;0;0;0;0;0;0;0;0;0;0;0;0;0
FR;5;2021-06-27;0;0;0;0;0;0;0;0;0;0;0;0;0;0;0;0;0;0
FR;5;2021-06-28;0;0;0;0;0;0;0;0;0;0;0;0;0;0;0;0;0;0
FR;5;2021-06-29;0;0;0;0;0;0;0;0;0;0;0;0;0;0;0;0;0;0
FR;5;2021-06-30;0;0;0;0;0;0;0;0;0;0;0;0;0;0;0;0;0;0
FR;5;2021-07-01;0;0;0;0;0;0;0;0;0;0;0;0;0;0;0;0;0;0
FR;5;2021-07-02;0;0;0;0;0;0;0;0;0;0;0;0;0;0;0;0;0;0
FR;5;2021-07-03;0;0;0;0;0;0;0;0;0;0;0;0;0;0;0;0;0;0
FR;5;2021-07-04;0;0;0;0;0;0;0;0;0;0;0;0;0;0;0;0;0;0
FR;5;2021-07-05;0;0;0;0;0;0;0;0;0;0;0;0;0;0;0;0;0;0
FR;5;2021-07-06;0;0;0;0;0;0;0;0;0;0;0;0;0;0;0;0;0;0
FR;5;2021-07-07;0;0;0;0;0;0;0;0;0;0;0;0;0;0;0;0;0;0
FR;5;2021-07-08;0;0;0;0;0;0;0;0;0;0;0;0;0;0;0;0;0;0
FR;5;2021-07-09;0;0;0;0;0;0;0;0;0;0;0;0;0;0;0;0;0;0
FR;5;2021-07-10;0;0;0;0;0;0;0;0;0;0;0;0;0;0;0;0;0;0
FR;5;2021-07-11;0;0;0;0;0;0;0;0;0;0;0;0;0;0;0;0;0;0
FR;5;2021-07-12;0;0;0;0;0;0;0;0;0;0;0;0;0;0;0;0;0;0
FR;5;2021-07-13;0;0;0;0;0;0;0;0;0;0;0;0;0;0;0;0;0;0
FR;5;2021-07-14;0;0;0;0;0;0;0;0;0;0;0;0;0;0;0;0;0;0
FR;5;2021-07-15;0;0;0;0;0;0;0;0;0;0;0;0;0;0;0;0;0;0
FR;5;2021-07-16;0;0;0;0;0;0;0;0;0;0;0;0;0;0;0;0;0;0
FR;5;2021-07-17;0;0;0;0;0;0;0;0;0;0;0;0;0;0;0;0;0;0
FR;5;2021-07-18;0;0;0;0;0;0;0;0;0;0;0;0;0;0;0;0;0;0
FR;5;2021-07-19;0;0;0;0;0;0;0;0;0;0;0;0;0;0;0;0;0;0
FR;5;2021-07-20;0;0;0;0;0;0;0;0;0;0;0;0;0;0;0;0;0;0
FR;5;2021-07-21;0;0;0;0;0;0;0;0;0;0;0;0;0;0;0;0;0;0
FR;5;2021-07-22;0;0;0;0;0;0;0;0;0;0;0;0;0;0;0;0;0;0
FR;5;2021-07-23;0;0;0;0;0;0;0;0;0;0;0;0;0;0;0;0;0;0
FR;5;2021-07-24;0;0;0;0;0;0;0;0;0;0;0;0;0;0;0;0;0;0
FR;5;2021-07-25;0;0;0;0;0;0;0;0;0;0;0;0;0;0;0;0;0;0
FR;5;2021-07-26;0;0;0;0;0;0;0;0;0;0;0;0;0;0;0;0;0;0
FR;5;2021-07-27;0;0;0;0;0;0;0;0;0;0;0;0;0;0;0;0;0;0
FR;5;2021-07-28;0;0;0;0;0;0;0;0;0;0;0;0;0;0;0;0;0;0
FR;5;2021-07-29;0;0;0;0;0;0;0;0;0;0;0;0;0;0;0;0;0;0
FR;5;2021-07-30;0;0;0;0;0;0;0;0;0;0;0;0;0;0;0;0;0;0
FR;5;2021-07-31;0;0;0;0;0;0;0;0;0;0;0;0;0;0;0;0;0;0
FR;5;2021-08-01;0;0;0;0;0;0;0;0;0;0;0;0;0;0;0;0;0;0
FR;5;2021-08-02;0;0;0;0;0;0;0;0;0;0;0;0;0;0;0;0;0;0
FR;5;2021-08-03;0;0;0;0;0;0;0;0;0;0;0;0;0;0;0;0;0;0
FR;5;2021-08-04;0;0;0;0;0;0;0;0;0;0;0;0;0;0;0;0;0;0
FR;5;2021-08-05;0;0;0;0;0;0;0;0;0;0;0;0;0;0;0;0;0;0
FR;5;2021-08-06;0;0;0;0;0;0;0;0;0;0;0;0;0;0;0;0;0;0
FR;5;2021-08-07;0;0;0;0;0;0;0;0;0;0;0;0;0;0;0;0;0;0
FR;5;2021-08-08;0;0;0;0;0;0;0;0;0;0;0;0;0;0;0;0;0;0
FR;5;2021-08-09;0;0;0;0;0;0;0;0;0;0;0;0;0;0;0;0;0;0
FR;5;2021-08-10;0;0;0;0;0;0;0;0;0;0;0;0;0;0;0;0;0;0
FR;5;2021-08-11;0;0;0;0;0;0;0;0;0;0;0;0;0;0;0;0;0;0
FR;5;2021-08-12;0;0;0;0;0;0;0;0;0;0;0;0;0;0;0;0;0;0
FR;5;2021-08-13;0;0;0;0;0;0;0;0;0;0;0;0;0;0;0;0;0;0
FR;5;2021-08-14;0;0;0;0;0;0;0;0;0;0;0;0;0;0;0;0;0;0
FR;5;2021-08-15;0;0;0;0;0;0;0;0;0;0;0;0;0;0;0;0;0;0
FR;5;2021-08-16;0;0;0;0;0;0;0;0;0;0;0;0;0;0;0;0;0;0
FR;5;2021-08-17;0;0;0;0;0;0;0;0;0;0;0;0;0;0;0;0;0;0
FR;5;2021-08-18;0;0;0;0;0;0;0;0;0;0;0;0;0;0;0;0;0;0
FR;5;2021-08-19;0;0;0;0;0;0;0;0;0;0;0;0;0;0;0;0;0;0
FR;5;2021-08-20;0;0;0;0;0;0;0;0;0;0;0;0;0;0;0;0;0;0
FR;5;2021-08-21;0;0;0;0;0;0;0;0;0;0;0;0;0;0;0;0;0;0
FR;5;2021-08-22;0;0;0;0;0;0;0;0;0;0;0;0;0;0;0;0;0;0
FR;5;2021-08-23;0;0;0;0;0;0;0;0;0;0;0;0;0;0;0;0;0;0
FR;5;2021-08-24;0;0;0;0;0;0;0;0;0;0;0;0;0;0;0;0;0;0
FR;5;2021-08-25;0;0;0;0;0;0;0;0;0;0;0;0;0;0;0;0;0;0
FR;5;2021-08-26;0;0;0;0;0;0;0;0;0;0;0;0;0;0;0;0;0;0
FR;5;2021-08-27;0;0;0;0;0;0;0;0;0;0;0;0;0;0;0;0;0;0
FR;5;2021-08-28;0;0;0;0;0;0;0;0;0;0;0;0;0;0;0;0;0;0
FR;5;2021-08-29;0;0;0;0;0;0;0;0;0;0;0;0;0;0;0;0;0;0
FR;5;2021-08-30;0;0;0;0;0;0;0;0;0;0;0;0;0;0;0;0;0;0
FR;5;2021-08-31;0;0;0;0;0;0;0;0;0;0;0;0;0;0;0;0;0;0
FR;5;2021-09-01;0;0;0;0;0;0;0;0;0;0;0;0;0;0;0;0;0;0
FR;5;2021-09-02;0;0;0;0;0;0;0;0;0;0;0;0;0;0;0;0;0;0
FR;5;2021-09-03;0;0;0;0;0;0;0;0;0;0;0;0;0;0;0;0;0;0
FR;5;2021-09-04;0;0;0;0;0;0;0;0;0;0;0;0;0;0;0;0;0;0
FR;5;2021-09-05;0;0;0;0;0;0;0;0;0;0;0;0;0;0;0;0;0;0
FR;5;2021-09-06;0;0;0;0;0;0;0;0;0;0;0;0;0;0;0;0;0;0
FR;5;2021-09-07;0;0;0;0;0;0;0;0;0;0;0;0;0;0;0;0;0;0
FR;5;2021-09-08;0;0;0;0;0;0;0;0;0;0;0;0;0;0;0;0;0;0
FR;5;2021-09-09;0;0;0;0;0;0;0;0;0;0;0;0;0;0;0;0;0;0
FR;5;2021-09-10;0;0;0;0;0;0;0;0;0;0;0;0;0;0;0;0;0;0
FR;5;2021-09-11;0;0;0;0;0;0;0;0;0;0;0;0;0;0;0;0;0;0
FR;5;2021-09-12;0;0;0;0;0;0;0;0;0;0;0;0;0;0;0;0;0;0
FR;5;2021-09-13;0;0;0;0;0;0;0;0;0;0;0;0;0;0;0;0;0;0
FR;5;2021-09-14;0;0;0;0;0;0;0;0;0;0;0;0;0;0;0;0;0;0
FR;5;2021-09-15;0;0;0;0;0;0;0;0;0;0;0;0;0;0;0;0;0;0
FR;5;2021-09-16;0;0;0;0;0;0;0;0;0;0;0;0;0;0;0;0;0;0
FR;5;2021-09-17;0;0;0;0;0;0;0;0;0;0;0;0;0;0;0;0;0;0
FR;5;2021-09-18;0;0;0;0;0;0;0;0;0;0;0;0;0;0;0;0;0;0
FR;5;2021-09-19;0;0;0;0;0;0;0;0;0;0;0;0;0;0;0;0;0;0
FR;5;2021-09-20;0;0;0;0;0;0;0;0;0;0;0;0;0;0;0;0;0;0
FR;5;2021-09-21;0;0;0;0;0;0;0;0;0;0;0;0;0;0;0;0;0;0
FR;5;2021-09-22;0;0;0;0;0;0;0;0;0;0;0;0;0;0;0;0;0;0
FR;5;2021-09-23;0;0;0;0;0;0;0;0;0;0;0;0;0;0;0;0;0;0
FR;5;2021-09-24;0;0;0;0;0;0;0;0;0;0;0;0;0;0;0;0;0;0
FR;5;2021-09-25;0;0;0;0;0;0;0;0;0;0;0;0;0;0;0;0;0;0
FR;5;2021-09-26;0;0;0;0;0;0;0;0;0;0;0;0;0;0;0;0;0;0
FR;5;2021-09-27;0;0;0;0;0;0;0;0;0;0;0;0;0;0;0;0;0;0
FR;5;2021-09-28;0;0;0;0;0;0;0;0;0;0;0;0;0;0;0;0;0;0
FR;5;2021-09-29;0;0;0;0;0;0;0;0;0;0;0;0;0;0;0;0;0;0
FR;5;2021-09-30;0;0;0;0;0;0;0;0;0;0;0;0;0;0;0;0;0;0
FR;5;2021-10-01;0;0;0;0;0;0;0;0;0;0;0;0;0;0;0;0;0;0
FR;5;2021-10-02;0;0;0;0;0;0;0;0;0;0;0;0;0;0;0;0;0;0
FR;5;2021-10-03;0;0;0;0;0;0;0;0;0;0;0;0;0;0;0;0;0;0
FR;5;2021-10-04;0;0;0;0;0;0;0;0;0;0;0;0;0;0;0;0;0;0
FR;5;2021-10-05;0;0;0;0;0;0;0;0;0;0;0;0;0;0;0;0;0;0
FR;5;2021-10-06;0;0;0;0;0;0;0;0;0;0;0;0;0;0;0;0;0;0
FR;5;2021-10-07;0;0;0;0;0;0;0;0;0;0;0;0;0;0;0;0;0;0
FR;5;2021-10-08;0;0;0;0;0;0;0;0;0;0;0;0;0;0;0;0;0;0
FR;5;2021-10-09;0;0;0;0;0;0;0;0;0;0;0;0;0;0;0;0;0;0
FR;5;2021-10-10;0;0;0;0;0;0;0;0;0;0;0;0;0;0;0;0;0;0
FR;5;2021-10-11;0;0;0;0;0;0;0;0;0;0;0;0;0;0;0;0;0;0
FR;5;2021-10-12;0;0;0;0;0;0;0;0;0;0;0;0;0;0;0;0;0;0
FR;5;2021-10-13;0;0;0;0;0;0;0;0;0;0;0;0;0;0;0;0;0;0
FR;5;2021-10-14;0;0;0;0;0;0;0;0;0;0;0;0;0;0;0;0;0;0
FR;5;2021-10-15;0;0;0;0;0;0;0;0;0;0;0;0;0;0;0;0;0;0
FR;5;2021-10-16;0;0;0;0;0;0;0;0;0;0;0;0;0;0;0;0;0;0
FR;5;2021-10-17;0;0;0;0;0;0;0;0;0;0;0;0;0;0;0;0;0;0
FR;5;2021-10-18;0;0;0;0;0;0;0;0;0;0;0;0;0;0;0;0;0;0
FR;5;2021-10-19;0;0;0;0;0;0;0;0;0;0;0;0;0;0;0;0;0;0
FR;5;2021-10-20;0;0;0;0;0;0;0;0;0;0;0;0;0;0;0;0;0;0
FR;5;2021-10-21;0;0;0;0;0;0;0;0;0;0;0;0;0;0;0;0;0;0
FR;5;2021-10-22;0;0;0;0;0;0;0;0;0;0;0;0;0;0;0;0;0;0
FR;5;2021-10-23;0;0;0;0;0;0;0;0;0;0;0;0;0;0;0;0;0;0
FR;5;2021-10-24;0;0;0;0;0;0;0;0;0;0;0;0;0;0;0;0;0;0
FR;5;2021-10-25;0;0;0;0;0;0;0;0;0;0;0;0;0;0;0;0;0;0
FR;5;2021-10-26;0;0;0;0;0;0;0;0;0;0;0;0;0;0;0;0;0;0
FR;5;2021-10-27;0;0;0;0;0;0;0;0;0;0;0;0;0;0;0;0;0;0
FR;5;2021-10-28;0;0;0;0;0;0;0;0;0;0;0;0;0;0;0;0;0;0
FR;5;2021-10-29;0;0;0;0;0;0;0;0;0;0;0;0;0;0;0;0;0;0
FR;5;2021-10-30;0;0;0;0;0;0;0;0;0;0;0;0;0;0;0;0;0;0
FR;5;2021-10-31;0;0;0;0;0;0;0;0;0;0;0;0;0;0;0;0;0;0
FR;5;2021-11-01;0;0;0;0;0;0;0;0;0;0;0;0;0;0;0;0;0;0
FR;5;2021-11-02;0;0;0;0;0;0;0;0;0;0;0;0;0;0;0;0;0;0
FR;5;2021-11-03;0;0;0;0;0;0;0;0;0;0;0;0;0;0;0;0;0;0
FR;5;2021-11-04;0;0;0;0;0;0;0;0;0;0;0;0;0;0;0;0;0;0
FR;5;2021-11-05;0;0;0;0;0;0;0;0;0;0;0;0;0;0;0;0;0;0
FR;5;2021-11-06;0;0;0;0;0;0;0;0;0;0;0;0;0;0;0;0;0;0
FR;5;2021-11-07;0;0;0;0;0;0;0;0;0;0;0;0;0;0;0;0;0;0
FR;5;2021-11-08;0;0;0;0;0;0;0;0;0;0;0;0;0;0;0;0;0;0
FR;5;2021-11-09;0;0;0;0;0;0;0;0;0;0;0;0;0;0;0;0;0;0
FR;5;2021-11-10;0;0;0;0;0;0;0;0;0;0;0;0;0;0;0;0;0;0
FR;5;2021-11-11;0;0;0;0;0;0;0;0;0;0;0;0;0;0;0;0;0;0
FR;5;2021-11-12;0;0;0;0;0;0;0;0;0;0;0;0;0;0;0;0;0;0
FR;5;2021-11-13;0;0;0;0;0;0;0;0;0;0;0;0;0;0;0;0;0;0
FR;5;2021-11-14;0;0;0;0;0;0;0;0;0;0;0;0;0;0;0;0;0;0
FR;5;2021-11-15;0;0;0;0;0;0;0;0;0;0;0;0;0;0;0;0;0;0
FR;5;2021-11-16;0;0;0;0;0;0;0;0;0;0;0;0;0;0;0;0;0;0
FR;5;2021-11-17;0;0;0;0;0;0;0;0;0;0;0;0;0;0;0;0;0;0
FR;5;2021-11-18;0;0;0;0;0;0;0;0;0;0;0;0;0;0;0;0;0;0
FR;5;2021-11-19;0;0;0;0;0;0;0;0;0;0;0;0;0;0;0;0;0;0
FR;5;2021-11-20;0;0;0;0;0;0;0;0;0;0;0;0;0;0;0;0;0;0
FR;5;2021-11-21;0;0;0;0;0;0;0;0;0;0;0;0;0;0;0;0;0;0
FR;5;2021-11-22;0;0;0;0;0;0;0;0;0;0;0;0;0;0;0;0;0;0
FR;5;2021-11-23;0;0;0;0;0;0;0;0;0;0;0;0;0;0;0;0;0;0
FR;5;2021-11-24;0;0;0;0;0;0;0;0;0;0;0;0;0;0;0;0;0;0
FR;5;2021-11-25;0;0;0;0;0;0;0;0;0;0;0;0;0;0;0;0;0;0
FR;5;2021-11-26;0;0;0;0;0;0;0;0;0;0;0;0;0;0;0;0;0;0
FR;5;2021-11-27;0;0;0;0;0;0;0;0;0;0;0;0;0;0;0;0;0;0
FR;5;2021-11-28;0;0;0;0;0;0;0;0;0;0;0;0;0;0;0;0;0;0
FR;5;2021-11-29;0;0;0;0;0;0;0;0;0;0;0;0;0;0;0;0;0;0
FR;5;2021-11-30;0;0;0;0;0;0;0;0;0;0;0;0;0;0;0;0;0;0
FR;5;2021-12-01;0;0;0;0;0;0;0;0;0;0;0;0;0;0;0;0;0;0
FR;5;2021-12-02;0;0;0;0;0;0;0;0;0;0;0;0;0;0;0;0;0;0
FR;5;2021-12-03;0;0;0;0;0;0;0;0;0;0;0;0;0;0;0;0;0;0
FR;5;2021-12-04;0;0;0;0;0;0;0;0;0;0;0;0;0;0;0;0;0;0
FR;5;2021-12-05;0;0;0;0;0;0;0;0;0;0;0;0;0;0;0;0;0;0
FR;5;2021-12-06;0;0;0;0;0;0;0;0;0;0;0;0;0;0;0;0;0;0
FR;5;2021-12-07;0;0;0;0;0;0;0;0;0;0;0;0;0;0;0;0;0;0
FR;5;2021-12-08;0;0;0;0;0;0;0;0;0;0;0;0;0;0;0;0;0;0
FR;5;2021-12-09;0;0;0;0;0;0;0;0;0;0;0;0;0;0;0;0;0;0
FR;5;2021-12-10;0;0;0;0;0;0;0;0;0;0;0;0;0;0;0;0;0;0
FR;5;2021-12-11;0;0;0;0;0;0;0;0;0;0;0;0;0;0;0;0;0;0
FR;5;2021-12-12;0;0;0;0;0;0;0;0;0;0;0;0;0;0;0;0;0;0
FR;5;2021-12-13;0;0;0;0;0;0;0;0;0;0;0;0;0;0;0;0;0;0
FR;5;2021-12-14;33;45;77;0;27;88;1;0;0;33;45;77;0;27;88;1;0;0
FR;5;2021-12-15;196;44;37;0;42;49;0;0;0;229;89;114;0;69;137;1;0;0
FR;5;2021-12-16;181;21;44;0;38;48;0;0;0;410;110;158;0;107;185;1;0;0
FR;5;2021-12-17;313;16;72;0;34;74;2;0;0;723;126;230;0;141;259;3;0;0
FR;5;2021-12-18;766;24;22;0;67;29;0;0;0;1489;150;252;0;208;288;3;0;0
FR;5;2021-12-19;585;15;15;0;67;17;0;0;0;2074;165;267;0;275;305;3;0;0
FR;5;2021-12-20;1225;31;34;0;134;37;2;0;0;3299;196;301;0;409;342;5;0;0
FR;5;2021-12-21;1535;22;54;1;141;60;0;0;0;4834;218;355;1;550;402;5;0;0
FR;5;2021-12-22;4069;40;37;0;420;46;2;0;0;8903;258;392;1;970;448;7;0;0
FR;5;2021-12-23;3042;16;21;0;304;25;0;0;0;11945;274;413;1;1274;473;7;0;0
FR;5;2021-12-24;761;18;9;0;103;14;0;0;0;12706;292;422;1;1377;487;7;0;0
FR;5;2021-12-25;61;5;2;0;9;3;0;0;0;12767;297;424;1;1386;490;7;0;0
FR;5;2021-12-26;623;6;3;0;101;4;0;0;0;13390;303;427;1;1487;494;7;0;0
FR;5;2021-12-27;4085;25;21;0;458;23;1;0;0;17475;328;448;1;1945;517;8;0;0
FR;5;2021-12-28;5204;23;41;1;512;43;2;0;0;22679;351;489;2;2457;560;10;0;0
FR;5;2021-12-29;8105;34;66;2;886;69;1;0;0;30784;385;555;4;3343;629;11;0;0
FR;5;2021-12-30;5173;18;33;0;525;39;0;0;0;35957;403;588;4;3868;668;11;0;0
FR;5;2021-12-31;1553;8;10;0;182;11;0;0;0;37510;411;598;4;4050;679;11;0;0
FR;5;2022-01-01;186;2;2;0;24;3;0;0;0;37696;413;600;4;4074;682;11;0;0
FR;5;2022-01-02;1489;1;1;0;151;1;0;0;0;39185;414;601;4;4225;683;11;0;0
FR;5;2022-01-03;3068;36;34;0;321;33;1;0;0;42253;450;635;4;4546;716;12;0;0
FR;5;2022-01-04;3034;39;33;0;320;42;3;0;0;45287;489;668;4;4866;758;15;0;0
FR;5;2022-01-05;19324;203;97;1;2114;108;0;0;0;64611;692;765;5;6980;866;15;0;0
FR;5;2022-01-06;3748;134;122;0;507;142;2;0;0;68359;826;887;5;7487;1008;17;0;0
FR;5;2022-01-07;5006;202;48;2;702;56;1;0;0;73365;1028;935;7;8189;1064;18;0;0
FR;5;2022-01-08;13659;514;45;0;1999;52;0;0;0;87024;1542;980;7;10188;1116;18;0;0
FR;5;2022-01-09;5754;399;15;0;1113;20;1;0;0;92778;1941;995;7;11301;1136;19;0;0
FR;5;2022-01-10;3455;326;25;0;732;29;0;0;0;96233;2267;1020;7;12033;1165;19;0;0
FR;5;2022-01-11;3671;284;38;0;662;41;1;0;0;99904;2551;1058;7;12695;1206;20;0;0
FR;5;2022-01-12;22650;3005;89;0;5296;112;2;0;0;122554;5556;1147;7;17991;1318;22;0;0
FR;5;2022-01-13;4039;623;29;0;1052;31;2;0;0;126593;6179;1176;7;19043;1349;24;0;0
FR;5;2022-01-14;4843;583;45;0;1115;52;1;0;0;131436;6762;1221;7;20158;1401;25;0;0
FR;5;2022-01-15;14686;1746;38;3;3374;49;3;0;0;146122;8508;1259;10;23532;1450;28;0;0
FR;5;2022-01-16;4728;666;3;0;1260;5;0;0;0;150850;9174;1262;10;24792;1455;28;0;0
FR;5;2022-01-17;2297;718;26;0;986;29;0;0;0;153147;9892;1288;10;25778;1484;28;0;0
FR;5;2022-01-18;2431;870;30;0;1141;40;0;0;0;155578;10762;1318;10;26919;1524;28;0;0
FR;5;2022-01-19;18482;6423;74;2;8363;142;3;0;0;174060;17185;1392;12;35282;1666;31;0;0
FR;5;2022-01-20;1920;1067;25;0;1295;34;2;0;0;175980;18252;1417;12;36577;1700;33;0;0
FR;5;2022-01-21;3077;1372;47;1;1675;59;2;0;0;179057;19624;1464;13;38252;1759;35;0;0
FR;5;2022-01-22;10720;3454;33;1;4670;43;1;0;0;189777;23078;1497;14;42922;1802;36;0;0
FR;5;2022-01-23;2629;1415;6;0;1788;10;0;0;0;192406;24493;1503;14;44710;1812;36;0;0
FR;5;2022-01-24;1161;1340;19;0;1446;23;1;0;0;193567;25833;1522;14;46156;1835;37;0;0
FR;5;2022-01-25;1220;1549;20;2;1682;31;3;0;0;194787;27382;1542;16;47838;1866;40;0;0
FR;5;2022-01-26;10750;12032;50;1;13298;89;1;0;1;205537;39414;1592;17;61136;1955;41;0;1
FR;5;2022-01-27;1291;1693;10;0;1838;17;0;0;0;206828;41107;1602;17;62974;1972;41;0;1
FR;5;2022-01-28;1699;3346;16;0;3566;19;1;0;0;208527;44453;1618;17;66540;1991;42;0;1
FR;5;2022-01-29;6241;8041;68;0;8855;96;2;0;0;214768;52494;1686;17;75395;2087;44;0;1
FR;5;2022-01-30;1509;2950;5;0;3185;18;0;0;0;216277;55444;1691;17;78580;2105;44;0;1
FR;5;2022-01-31;589;1773;23;0;1837;24;3;0;0;216866;57217;1714;17;80417;2129;47;0;1
FR;5;2022-02-01;712;1706;10;0;1791;15;0;0;0;217578;58923;1724;17;82208;2144;47;0;1
FR;5;2022-02-02;6958;15655;52;0;16603;94;0;0;0;224536;74578;1776;17;98811;2238;47;0;1
FR;5;2022-02-03;491;1691;14;0;1748;13;5;0;0;225027;76269;1790;17;100559;2251;52;0;1
FR;5;2022-02-04;945;3002;19;0;3123;31;0;0;0;225972;79271;1809;17;103682;2282;52;0;1
FR;5;2022-02-05;3535;8919;23;0;9517;37;0;0;0;229507;88190;1832;17;113199;2319;52;0;1
FR;5;2022-02-06;737;2397;10;0;2556;19;0;0;0;230244;90587;1842;17;115755;2338;52;0;1
FR;5;2022-02-07;884;1596;23;0;1715;25;2;0;0;231128;92183;1865;17;117470;2363;54;0;1
FR;5;2022-02-08;725;1287;18;0;1407;20;2;0;0;231853;93470;1883;17;118877;2383;56;0;1
FR;5;2022-02-09;4544;12880;44;0;13608;76;1;0;0;236397;106350;1927;17;132485;2459;57;0;1
FR;5;2022-02-10;646;1059;14;0;1166;15;0;0;0;237043;107409;1941;17;133651;2474;57;0;1
FR;5;2022-02-11;793;2032;16;0;2163;21;1;0;0;237836;109441;1957;17;135814;2495;58;0;1
FR;5;2022-02-12;2286;6812;33;0;7279;53;0;0;0;240122;116253;1990;17;143093;2548;58;0;1
FR;5;2022-02-13;464;1540;8;0;1653;8;1;0;0;240586;117793;1998;17;144746;2556;59;0;1
FR;5;2022-02-14;678;1288;10;0;1407;13;1;0;0;241264;119081;2008;17;146153;2569;60;0;1
FR;5;2022-02-15;482;886;9;0;968;14;1;0;0;241746;119967;2017;17;147121;2583;61;0;1
FR;5;2022-02-16;2980;9124;41;1;9676;58;2;0;0;244726;129091;2058;18;156797;2641;63;0;1
FR;5;2022-02-17;436;809;6;0;876;7;1;0;0;245162;129900;2064;18;157673;2648;64;0;1
FR;5;2022-02-18;649;1408;13;0;1535;17;0;0;0;245811;131308;2077;18;159208;2665;64;0;1
FR;5;2022-02-19;1373;4315;16;0;4623;28;0;0;0;247184;135623;2093;18;163831;2693;64;0;1
FR;5;2022-02-20;247;879;6;0;941;8;0;0;0;247431;136502;2099;18;164772;2701;64;0;1
FR;5;2022-02-21;221;607;2;0;661;4;1;0;0;247652;137109;2101;18;165433;2705;65;0;1
FR;5;2022-02-22;262;545;17;0;592;17;1;0;0;247914;137654;2118;18;166025;2722;66;0;1
FR;5;2022-02-23;1909;6926;23;1;7346;43;0;0;0;249823;144580;2141;19;173371;2765;66;0;1
FR;5;2022-02-24;182;374;6;1;421;7;1;0;0;250005;144954;2147;20;173792;2772;67;0;1
FR;5;2022-02-25;336;950;13;0;1027;12;2;0;0;250341;145904;2160;20;174819;2784;69;0;1
FR;5;2022-02-26;972;3071;11;0;3333;15;2;0;0;251313;148975;2171;20;178152;2799;71;0;1
FR;5;2022-02-27;151;506;0;0;549;3;0;0;0;251464;149481;2171;20;178701;2802;71;0;1
FR;5;2022-02-28;162;369;1;0;408;1;0;0;0;251626;149850;2172;20;179109;2803;71;0;1
FR;5;2022-03-01;130;280;6;0;315;7;1;0;0;251756;150130;2178;20;179424;2810;72;0;1
FR;5;2022-03-02;1241;4156;28;3;4497;40;3;0;0;252997;154286;2206;23;183921;2850;75;0;1
FR;5;2022-03-03;121;251;5;0;271;10;1;0;0;253118;154537;2211;23;184192;2860;76;0;1
FR;5;2022-03-04;197;488;13;0;538;14;2;0;0;253315;155025;2224;23;184730;2874;78;0;1
FR;5;2022-03-05;677;1990;8;0;2244;16;2;0;0;253992;157015;2232;23;186974;2890;80;0;1
FR;5;2022-03-06;108;260;0;0;310;0;0;0;0;254100;157275;2232;23;187284;2890;80;0;1
FR;5;2022-03-07;71;228;5;0;254;3;2;0;0;254171;157503;2237;23;187538;2893;82;0;1
FR;5;2022-03-08;46;134;7;1;141;8;3;0;0;254217;157637;2244;24;187679;2901;85;0;1
FR;5;2022-03-09;910;3078;24;0;3408;36;0;0;0;255127;160715;2268;24;191087;2937;85;0;1
FR;5;2022-03-10;82;202;9;0;215;13;3;0;0;255209;160917;2277;24;191302;2950;88;0;1
FR;5;2022-03-11;148;369;13;1;427;15;0;0;0;255357;161286;2290;25;191729;2965;88;0;1
FR;5;2022-03-12;758;1613;13;1;1976;30;0;0;0;256115;162899;2303;26;193705;2995;88;0;1
FR;5;2022-03-13;78;100;0;0;133;0;0;0;0;256193;162999;2303;26;193838;2995;88;0;1
FR;5;2022-03-14;67;119;7;1;139;7;1;0;0;256260;163118;2310;27;193977;3002;89;0;1
FR;5;2022-03-15;83;99;4;0;119;7;1;0;0;256343;163217;2314;27;194096;3009;90;0;1
FR;5;2022-03-16;882;1827;15;3;2228;36;7;0;0;257225;165044;2329;30;196324;3045;97;0;1
FR;5;2022-03-17;68;123;8;4;151;10;4;0;0;257293;165167;2337;34;196475;3055;101;0;1
FR;5;2022-03-18;172;318;13;4;390;18;4;0;0;257465;165485;2350;38;196865;3073;105;0;1
FR;5;2022-03-19;752;1163;12;5;1555;33;8;0;0;258217;166648;2362;43;198420;3106;113;0;1
FR;5;2022-03-20;45;93;1;0;119;1;0;0;0;258262;166741;2363;43;198539;3107;113;0;1
FR;5;2022-03-21;71;120;10;6;136;15;8;0;0;258333;166861;2373;49;198675;3122;121;0;1
FR;5;2022-03-22;56;119;8;7;143;9;6;0;0;258389;166980;2381;56;198818;3131;127;0;1
FR;5;2022-03-23;805;1461;14;8;1878;36;9;0;0;259194;168441;2395;64;200696;3167;136;0;1
FR;5;2022-03-24;71;93;8;7;118;7;10;0;0;259265;168534;2403;71;200814;3174;146;0;1
FR;5;2022-03-25;222;293;14;8;388;18;9;0;0;259487;168827;2417;79;201202;3192;155;0;1
FR;5;2022-03-26;707;853;12;5;1273;26;6;0;1;260194;169680;2429;84;202475;3218;161;0;2
FR;5;2022-03-27;75;81;0;0;124;3;0;0;0;260269;169761;2429;84;202599;3221;161;0;2
FR;5;2022-03-28;81;93;1;2;132;3;2;0;0;260350;169854;2430;86;202731;3224;163;0;2
FR;5;2022-03-29;71;82;10;4;113;12;5;0;0;260421;169936;2440;90;202844;3236;168;0;2
FR;5;2022-03-30;823;1116;16;13;1604;29;14;0;0;261244;171052;2456;103;204448;3265;182;0;2
FR;5;2022-03-31;102;125;1;4;173;6;4;0;0;261346;171177;2457;107;204621;3271;186;0;2
FR;5;2022-04-01;114;86;7;12;135;11;12;0;1;261460;171263;2464;119;204756;3282;198;0;3
FR;5;2022-04-02;330;349;3;3;535;15;4;0;0;261790;171612;2467;122;205291;3297;202;0;3
FR;5;2022-04-03;54;59;1;0;88;1;0;0;0;261844;171671;2468;122;205379;3298;202;0;3
FR;5;2022-04-04;40;57;4;1;70;8;2;0;0;261884;171728;2472;123;205449;3306;204;0;3
FR;5;2022-04-05;53;60;6;6;75;9;5;0;0;261937;171788;2478;129;205524;3315;209;0;3
FR;5;2022-04-06;421;439;7;14;678;16;14;0;0;262358;172227;2485;143;206202;3331;223;0;3
FR;5;2022-04-07;45;69;5;7;89;7;10;0;0;262403;172296;2490;150;206291;3338;233;0;3
FR;5;2022-04-08;134;112;12;13;174;14;15;0;0;262537;172408;2502;163;206465;3352;248;0;3
FR;5;2022-04-09;311;324;2;5;511;17;5;0;0;262848;172732;2504;168;206976;3369;253;0;3
FR;5;2022-04-10;44;31;2;0;61;2;1;0;0;262892;172763;2506;168;207037;3371;254;0;3
FR;5;2022-04-11;50;60;3;2;78;4;3;0;0;262942;172823;2509;170;207115;3375;257;0;3
FR;5;2022-04-12;59;54;3;3;78;5;3;0;0;263001;172877;2512;173;207193;3380;260;0;3
FR;5;2022-04-13;382;413;3;8;606;16;8;0;0;263383;173290;2515;181;207799;3396;268;0;3
FR;5;2022-04-14;48;53;5;5;70;9;3;0;0;263431;173343;2520;186;207869;3405;271;0;3
FR;5;2022-04-15;91;109;4;4;150;5;6;0;0;263522;173452;2524;190;208019;3410;277;0;3
FR;5;2022-04-16;188;184;2;1;265;13;1;0;0;263710;173636;2526;191;208284;3423;278;0;3
FR;5;2022-04-17;12;11;1;0;17;1;0;0;0;263722;173647;2527;191;208301;3424;278;0;3
FR;5;2022-04-18;9;10;2;0;11;3;1;0;0;263731;173657;2529;191;208312;3427;279;0;3
FR;5;2022-04-19;75;71;6;1;96;6;4;0;0;263806;173728;2535;192;208408;3433;283;0;3
FR;5;2022-04-20;361;349;9;6;522;12;7;0;0;264167;174077;2544;198;208930;3445;290;0;3
FR;5;2022-04-21;42;64;9;10;71;12;14;0;0;264209;174141;2553;208;209001;3457;304;0;3
FR;5;2022-04-22;113;96;5;4;144;5;5;0;0;264322;174237;2558;212;209145;3462;309;0;3
FR;5;2022-04-23;209;193;4;2;284;11;3;0;0;264531;174430;2562;214;209429;3473;312;0;3
FR;5;2022-04-24;37;35;0;0;50;3;0;0;0;264568;174465;2562;214;209479;3476;312;0;3
FR;5;2022-04-25;69;65;1;1;102;4;1;0;0;264637;174530;2563;215;209581;3480;313;0;3
FR;5;2022-04-26;60;63;2;1;85;5;1;0;0;264697;174593;2565;216;209666;3485;314;0;3
FR;5;2022-04-27;335;316;3;7;463;14;8;0;0;265032;174909;2568;223;210129;3499;322;0;3
FR;5;2022-04-28;81;54;4;5;81;8;7;0;0;265113;174963;2572;228;210210;3507;329;0;3
FR;5;2022-04-29;117;84;5;19;117;12;17;0;0;265230;175047;2577;247;210327;3519;346;0;3
FR;5;2022-04-30;183;114;2;3;184;10;4;0;0;265413;175161;2579;250;210511;3529;350;0;3
FR;5;2022-05-01;11;7;0;0;11;0;0;0;0;265424;175168;2579;250;210522;3529;350;0;3
FR;5;2022-05-02;52;28;4;5;48;2;7;0;0;265476;175196;2583;255;210570;3531;357;0;3
FR;5;2022-05-03;87;57;2;4;84;11;4;0;0;265563;175253;2585;259;210654;3542;361;0;3
FR;5;2022-05-04;278;205;1;2;324;7;2;0;0;265841;175458;2586;261;210978;3549;363;0;3
FR;5;2022-05-05;62;32;3;4;46;5;4;0;0;265903;175490;2589;265;211024;3554;367;0;3
FR;5;2022-05-06;105;65;2;3;106;5;3;0;0;266008;175555;2591;268;211130;3559;370;0;3
FR;5;2022-05-07;171;117;2;10;180;13;7;0;0;266179;175672;2593;278;211310;3572;377;0;3
FR;5;2022-05-08;8;8;0;0;9;2;0;0;0;266187;175680;2593;278;211319;3574;377;0;3
FR;5;2022-05-09;44;34;15;3;51;16;4;0;0;266231;175714;2608;281;211370;3590;381;0;3
FR;5;2022-05-10;54;49;3;4;67;5;5;0;0;266285;175763;2611;285;211437;3595;386;0;3
FR;5;2022-05-11;327;237;12;7;344;21;11;0;0;266612;176000;2623;292;211781;3616;397;0;3
FR;5;2022-05-12;46;34;2;2;46;2;3;0;0;266658;176034;2625;294;211827;3618;400;0;3
FR;5;2022-05-13;109;83;3;8;119;8;7;0;0;266767;176117;2628;302;211946;3626;407;0;3
FR;5;2022-05-14;209;131;0;1;212;8;0;0;0;266976;176248;2628;303;212158;3634;407;0;3
FR;5;2022-05-15;22;9;2;0;18;1;1;0;0;266998;176257;2630;303;212176;3635;408;0;3
FR;5;2022-05-16;52;34;4;5;53;4;5;0;0;267050;176291;2634;308;212229;3639;413;0;3
FR;5;2022-05-17;72;40;5;0;68;2;3;0;0;267122;176331;2639;308;212297;3641;416;0;3
FR;5;2022-05-18;289;215;4;4;330;8;6;0;0;267411;176546;2643;312;212627;3649;422;0;3
FR;5;2022-05-19;45;35;5;3;42;3;4;0;0;267456;176581;2648;315;212669;3652;426;0;3
FR;5;2022-05-20;76;63;3;10;92;1;11;0;0;267532;176644;2651;325;212761;3653;437;0;3
FR;5;2022-05-21;242;166;2;3;268;17;1;0;0;267774;176810;2653;328;213029;3670;438;0;3
FR;5;2022-05-22;20;14;2;5;20;2;6;0;0;267794;176824;2655;333;213049;3672;444;0;3
FR;5;2022-05-23;42;31;4;3;42;6;3;0;0;267836;176855;2659;336;213091;3678;447;0;3
FR;5;2022-05-24;47;45;3;2;60;5;2;0;0;267883;176900;2662;338;213151;3683;449;0;3
FR;5;2022-05-25;329;257;4;1;385;16;1;0;0;268212;177157;2666;339;213536;3699;450;0;3
FR;5;2022-05-26;17;5;0;1;9;2;0;0;1;268229;177162;2666;340;213545;3701;450;0;4
FR;5;2022-05-27;99;54;4;4;89;9;3;0;0;268328;177216;2670;344;213634;3710;453;0;4
FR;5;2022-05-28;100;78;5;3;106;10;3;0;0;268428;177294;2675;347;213740;3720;456;0;4
FR;5;2022-05-29;14;14;1;0;18;2;0;0;0;268442;177308;2676;347;213758;3722;456;0;4
FR;5;2022-05-30;56;41;2;1;54;2;2;0;0;268498;177349;2678;348;213812;3724;458;0;4
FR;5;2022-05-31;57;43;1;8;62;1;8;0;0;268555;177392;2679;356;213874;3725;466;0;4
FR;5;2022-06-01;257;241;9;2;301;25;5;0;0;268812;177633;2688;358;214175;3750;471;0;4
FR;5;2022-06-02;63;61;5;0;73;9;1;0;0;268875;177694;2693;358;214248;3759;472;0;4
FR;5;2022-06-03;82;71;4;5;88;10;6;0;0;268957;177765;2697;363;214336;3769;478;0;4
FR;5;2022-06-04;157;109;2;1;187;9;1;0;0;269114;177874;2699;364;214523;3778;479;0;4
FR;5;2022-06-05;18;11;0;0;21;1;0;0;0;269132;177885;2699;364;214544;3779;479;0;4
FR;5;2022-06-06;16;12;0;1;15;0;1;0;0;269148;177897;2699;365;214559;3779;480;0;4
FR;5;2022-06-07;50;56;1;1;76;2;1;0;0;269198;177953;2700;366;214635;3781;481;0;4
FR;5;2022-06-08;283;225;3;4;332;17;2;0;0;269481;178178;2703;370;214967;3798;483;0;4
FR;5;2022-06-09;52;41;6;3;57;7;2;0;1;269533;178219;2709;373;215024;3805;485;0;5
FR;5;2022-06-10;81;72;1;1;105;6;1;0;0;269614;178291;2710;374;215129;3811;486;0;5
FR;5;2022-06-11;173;141;3;3;202;10;4;0;0;269787;178432;2713;377;215331;3821;490;0;5
FR;5;2022-06-12;17;16;0;0;19;2;0;0;0;269804;178448;2713;377;215350;3823;490;0;5
FR;5;2022-06-13;56;47;9;3;70;10;6;0;0;269860;178495;2722;380;215420;3833;496;0;5
FR;5;2022-06-14;59;56;1;4;64;6;4;0;0;269919;178551;2723;384;215484;3839;500;0;5
FR;5;2022-06-15;266;260;5;2;363;27;1;0;0;270185;178811;2728;386;215847;3866;501;0;5
FR;5;2022-06-16;47;30;5;2;44;5;2;0;0;270232;178841;2733;388;215891;3871;503;0;5
FR;5;2022-06-17;100;67;5;5;102;10;5;0;0;270332;178908;2738;393;215993;3881;508;0;5
FR;5;2022-06-18;146;95;10;2;152;26;2;0;1;270478;179003;2748;395;216145;3907;510;0;6
FR;5;2022-06-19;26;15;0;1;18;4;1;0;0;270504;179018;2748;396;216163;3911;511;0;6
FR;5;2022-06-20;56;50;8;0;62;11;2;0;0;270560;179068;2756;396;216225;3922;513;0;6
FR;5;2022-06-21;52;73;5;3;90;7;5;0;1;270612;179141;2761;399;216315;3929;518;0;7
FR;5;2022-06-22;224;247;7;9;347;33;10;0;0;270836;179388;2768;408;216662;3962;528;0;7
FR;5;2022-06-23;50;38;2;5;43;6;6;0;0;270886;179426;2770;413;216705;3968;534;0;7
FR;5;2022-06-24;91;70;12;5;101;16;8;0;0;270977;179496;2782;418;216806;3984;542;0;7
FR;5;2022-06-25;154;124;3;7;185;14;8;0;1;271131;179620;2785;425;216991;3998;550;0;8
FR;5;2022-06-26;26;19;2;0;29;5;0;0;0;271157;179639;2787;425;217020;4003;550;0;8
FR;5;2022-06-27;57;60;5;7;78;11;9;0;0;271214;179699;2792;432;217098;4014;559;0;8
FR;5;2022-06-28;70;49;8;2;69;14;5;0;0;271284;179748;2800;434;217167;4028;564;0;8
FR;5;2022-06-29;297;268;9;21;391;34;23;0;0;271581;180016;2809;455;217558;4062;587;0;8
FR;5;2022-06-30;89;57;10;12;89;17;11;0;0;271670;180073;2819;467;217647;4079;598;0;8
FR;5;2022-07-01;127;65;7;11;118;12;11;0;2;271797;180138;2826;478;217765;4091;609;0;10
FR;5;2022-07-02;191;132;4;0;209;22;0;0;0;271988;180270;2830;478;217974;4113;609;0;10
FR;5;2022-07-03;30;25;1;0;36;4;0;0;0;272018;180295;2831;478;218010;4117;609;0;10
FR;5;2022-07-04;103;65;2;5;102;7;5;0;1;272121;180360;2833;483;218112;4124;614;0;11
FR;5;2022-07-05;104;72;3;8;107;13;8;0;1;272225;180432;2836;491;218219;4137;622;0;12
FR;5;2022-07-06;277;168;9;36;289;27;36;0;0;272502;180600;2845;527;218508;4164;658;0;12
FR;5;2022-07-07;88;68;6;9;88;13;11;0;0;272590;180668;2851;536;218596;4177;669;0;12
FR;5;2022-07-08;152;120;7;14;146;25;13;0;1;272742;180788;2858;550;218742;4202;682;0;13
FR;5;2022-07-09;116;68;1;8;100;10;8;0;0;272858;180856;2859;558;218842;4212;690;0;13
FR;5;2022-07-10;15;6;0;0;10;1;0;0;0;272873;180862;2859;558;218852;4213;690;0;13
FR;5;2022-07-11;92;72;10;2;98;19;3;0;0;272965;180934;2869;560;218950;4232;693;0;13
FR;5;2022-07-12;67;63;5;10;81;7;12;0;0;273032;180997;2874;570;219031;4239;705;0;13
FR;5;2022-07-13;169;118;10;19;196;16;23;0;0;273201;181115;2884;589;219227;4255;728;0;13
FR;5;2022-07-14;8;4;0;0;7;0;0;0;0;273209;181119;2884;589;219234;4255;728;0;13
FR;5;2022-07-15;74;66;5;14;86;15;15;0;0;273283;181185;2889;603;219320;4270;743;0;13
FR;5;2022-07-16;54;44;3;0;71;3;2;0;0;273337;181229;2892;603;219391;4273;745;0;13
FR;5;2022-07-17;10;7;3;0;10;2;2;0;0;273347;181236;2895;603;219401;4275;747;0;13
FR;5;2022-07-18;60;47;0;4;70;4;3;0;0;273407;181283;2895;607;219471;4279;750;0;13
FR;5;2022-07-19;63;42;5;3;63;7;4;0;0;273470;181325;2900;610;219534;4286;754;0;13
FR;5;2022-07-20;119;106;4;11;141;14;9;0;0;273589;181431;2904;621;219675;4300;763;0;13
FR;5;2022-07-21;38;43;2;10;52;5;10;0;0;273627;181474;2906;631;219727;4305;773;0;13
FR;5;2022-07-22;48;69;11;13;75;23;11;0;1;273675;181543;2917;644;219802;4328;784;0;14
FR;5;2022-07-23;59;78;2;1;95;11;2;0;0;273734;181621;2919;645;219897;4339;786;0;14
FR;5;2022-07-24;11;9;3;1;12;3;1;0;0;273745;181630;2922;646;219909;4342;787;0;14
FR;5;2022-07-25;53;48;2;7;57;8;8;0;0;273798;181678;2924;653;219966;4350;795;0;14
FR;5;2022-07-26;58;52;5;41;70;6;44;0;0;273856;181730;2929;694;220036;4356;839;0;14
FR;5;2022-07-27;106;118;4;4;161;13;4;0;0;273962;181848;2933;698;220197;4369;843;0;14
FR;5;2022-07-28;39;35;2;2;47;6;1;0;0;274001;181883;2935;700;220244;4375;844;0;14
FR;5;2022-07-29;56;74;3;14;90;8;10;0;0;274057;181957;2938;714;220334;4383;854;0;14
FR;5;2022-07-30;55;53;5;1;75;7;2;0;0;274112;182010;2943;715;220409;4390;856;0;14
FR;5;2022-07-31;7;11;1;0;13;1;0;0;0;274119;182021;2944;715;220422;4391;856;0;14
FR;5;2022-08-01;39;53;1;2;62;6;2;0;0;274158;182074;2945;717;220484;4397;858;0;14
FR;5;2022-08-02;32;43;8;7;47;8;7;0;1;274190;182117;2953;724;220531;4405;865;0;15
FR;5;2022-08-03;54;51;4;10;70;9;8;0;0;274244;182168;2957;734;220601;4414;873;0;15
FR;5;2022-08-04;20;18;1;6;22;1;6;0;0;274264;182186;2958;740;220623;4415;879;0;15
FR;5;2022-08-05;35;26;3;3;39;3;3;0;0;274299;182212;2961;743;220662;4418;882;0;15
FR;5;2022-08-06;23;26;1;0;31;1;0;0;0;274322;182238;2962;743;220693;4419;882;0;15
FR;5;2022-08-07;2;2;1;0;1;1;1;0;0;274324;182240;2963;743;220694;4420;883;0;15
FR;5;2022-08-08;26;19;1;2;24;2;1;0;0;274350;182259;2964;745;220718;4422;884;0;15
FR;5;2022-08-09;26;28;3;3;35;3;3;0;0;274376;182287;2967;748;220753;4425;887;0;15
FR;5;2022-08-10;47;47;2;0;56;5;0;0;0;274423;182334;2969;748;220809;4430;887;0;15
FR;5;2022-08-11;19;36;2;2;42;5;2;0;0;274442;182370;2971;750;220851;4435;889;0;15
FR;5;2022-08-12;27;28;2;0;39;2;0;0;0;274469;182398;2973;750;220890;4437;889;0;15
FR;5;2022-08-13;16;18;0;0;24;0;0;0;0;274485;182416;2973;750;220914;4437;889;0;15
FR;5;2022-08-14;2;3;0;0;4;0;0;0;0;274487;182419;2973;750;220918;4437;889;0;15
FR;5;2022-08-15;2;5;0;0;5;0;0;0;0;274489;182424;2973;750;220923;4437;889;0;15
FR;5;2022-08-16;33;26;3;0;28;6;0;0;0;274522;182450;2976;750;220951;4443;889;0;15
FR;5;2022-08-17;52;55;2;1;72;1;1;0;0;274574;182505;2978;751;221023;4444;890;0;15
FR;5;2022-08-18;26;18;8;17;25;10;16;0;0;274600;182523;2986;768;221048;4454;906;0;15
FR;5;2022-08-19;25;33;1;2;41;2;2;0;0;274625;182556;2987;770;221089;4456;908;0;15
FR;5;2022-08-20;25;27;2;1;33;4;2;0;0;274650;182583;2989;771;221122;4460;910;0;15
FR;5;2022-08-21;7;4;1;0;7;1;0;0;0;274657;182587;2990;771;221129;4461;910;0;15
FR;5;2022-08-22;39;26;1;6;42;2;5;0;1;274696;182613;2991;777;221171;4463;915;0;16
FR;5;2022-08-23;27;26;1;1;32;2;1;0;0;274723;182639;2992;778;221203;4465;916;0;16
FR;5;2022-08-24;50;43;0;0;62;0;0;0;0;274773;182682;2992;778;221265;4465;916;0;16
FR;5;2022-08-25;27;26;3;1;31;2;0;0;1;274800;182708;2995;779;221296;4467;916;0;17
FR;5;2022-08-26;48;39;7;2;58;5;4;0;0;274848;182747;3002;781;221354;4472;920;0;17
FR;5;2022-08-27;46;28;1;0;46;3;1;0;0;274894;182775;3003;781;221400;4475;921;0;17
FR;5;2022-08-28;5;6;0;0;6;0;0;0;0;274899;182781;3003;781;221406;4475;921;0;17
FR;5;2022-08-29;58;44;1;1;66;4;1;0;0;274957;182825;3004;782;221472;4479;922;0;17
FR;5;2022-08-30;45;23;12;29;40;10;30;0;1;275002;182848;3016;811;221512;4489;952;0;18
FR;5;2022-08-31;53;47;6;1;58;11;1;0;0;275055;182895;3022;812;221570;4500;953;0;18
FR;5;2022-09-01;16;8;1;4;13;1;4;0;0;275071;182903;3023;816;221583;4501;957;0;18
FR;5;2022-09-02;42;23;8;2;35;9;3;0;0;275113;182926;3031;818;221618;4510;960;0;18
FR;5;2022-09-03;69;37;2;0;58;2;0;0;0;275182;182963;3033;818;221676;4512;960;0;18
FR;5;2022-09-04;12;7;1;0;8;3;0;0;0;275194;182970;3034;818;221684;4515;960;0;18
FR;5;2022-09-05;7;4;1;0;4;1;0;0;0;275201;182974;3035;818;221688;4516;960;0;18
FR;5;2022-09-06;21;14;3;15;17;2;14;0;2;275222;182988;3038;833;221705;4518;974;0;20
FR;5;2022-09-07;79;53;1;1;76;3;1;0;0;275301;183041;3039;834;221781;4521;975;0;20
FR;5;2022-09-08;9;4;0;4;7;0;4;0;0;275310;183045;3039;838;221788;4521;979;0;20
FR;5;2022-09-09;40;11;9;2;14;10;3;0;0;275350;183056;3048;840;221802;4531;982;0;20
FR;5;2022-09-10;40;45;1;1;50;8;1;0;0;275390;183101;3049;841;221852;4539;983;0;20
FR;5;2022-09-11;3;3;0;0;3;1;0;0;0;275393;183104;3049;841;221855;4540;983;0;20
FR;5;2022-09-12;7;5;2;2;7;2;2;0;0;275400;183109;3051;843;221862;4542;985;0;20
FR;5;2022-09-13;9;6;0;1;4;3;1;0;0;275409;183115;3051;844;221866;4545;986;0;20
FR;5;2022-09-14;52;47;4;6;55;9;5;0;0;275461;183162;3055;850;221921;4554;991;0;20
FR;5;2022-09-15;11;13;2;3;11;5;3;0;0;275472;183175;3057;853;221932;4559;994;0;20
FR;5;2022-09-16;25;33;1;4;38;3;3;0;0;275497;183208;3058;857;221970;4562;997;0;20
FR;5;2022-09-17;60;43;1;1;51;5;1;0;0;275557;183251;3059;858;222021;4567;998;0;20
FR;5;2022-09-18;9;6;0;1;10;1;0;0;0;275566;183257;3059;859;222031;4568;998;0;20
FR;5;2022-09-19;22;17;2;1;20;5;2;0;0;275588;183274;3061;860;222051;4573;1000;0;20
FR;5;2022-09-20;15;11;3;3;15;1;4;0;0;275603;183285;3064;863;222066;4574;1004;0;20
FR;5;2022-09-21;68;45;9;0;65;13;0;0;0;275671;183330;3073;863;222131;4587;1004;0;20
FR;5;2022-09-22;12;6;4;24;6;4;23;0;1;275683;183336;3077;887;222137;4591;1027;0;21
FR;5;2022-09-23;20;25;2;3;23;8;3;0;0;275703;183361;3079;890;222160;4599;1030;0;21
FR;5;2022-09-24;44;51;1;8;65;5;8;0;0;275747;183412;3080;898;222225;4604;1038;0;21
FR;5;2022-09-25;6;12;0;0;13;1;0;0;0;275753;183424;3080;898;222238;4605;1038;0;21
FR;5;2022-09-26;15;7;0;2;12;0;1;0;1;275768;183431;3080;900;222250;4605;1039;0;22
FR;5;2022-09-27;7;12;4;9;14;4;9;0;1;275775;183443;3084;909;222264;4609;1048;0;23
FR;5;2022-09-28;65;64;5;0;88;7;0;0;0;275840;183507;3089;909;222352;4616;1048;0;23
FR;5;2022-09-29;17;9;1;0;15;1;1;0;1;275857;183516;3090;909;222367;4617;1049;0;24
FR;5;2022-09-30;28;46;2;2;53;4;3;0;0;275885;183562;3092;911;222420;4621;1052;0;24
FR;5;2022-10-01;40;35;5;5;48;8;7;0;0;275925;183597;3097;916;222468;4629;1059;0;24
FR;5;2022-10-02;1;9;1;0;10;1;0;0;0;275926;183606;3098;916;222478;4630;1059;0;24
FR;5;2022-10-03;7;6;3;0;5;4;0;0;0;275933;183612;3101;916;222483;4634;1059;0;24
FR;5;2022-10-04;11;8;1;3;11;2;3;0;0;275944;183620;3102;919;222494;4636;1062;0;24
FR;5;2022-10-05;57;62;2;2;79;13;2;0;0;276001;183682;3104;921;222573;4649;1064;0;24
FR;5;2022-10-06;12;10;1;4;15;2;4;0;0;276013;183692;3105;925;222588;4651;1068;0;24
FR;5;2022-10-07;21;31;1;0;34;5;0;0;0;276034;183723;3106;925;222622;4656;1068;0;24
FR;5;2022-10-08;33;51;1;0;54;7;0;0;0;276067;183774;3107;925;222676;4663;1068;0;24
FR;5;2022-10-09;7;10;0;0;11;1;0;0;0;276074;183784;3107;925;222687;4664;1068;0;24
FR;5;2022-10-10;14;6;0;1;8;1;1;0;0;276088;183790;3107;926;222695;4665;1069;0;24
FR;5;2022-10-11;6;13;2;1;14;2;2;0;0;276094;183803;3109;927;222709;4667;1071;0;24
FR;5;2022-10-12;39;57;3;2;69;8;2;0;0;276133;183860;3112;929;222778;4675;1073;0;24
FR;5;2022-10-13;11;16;2;0;18;4;0;0;0;276144;183876;3114;929;222796;4679;1073;0;24
FR;5;2022-10-14;21;21;1;0;20;5;0;0;0;276165;183897;3115;929;222816;4684;1073;0;24
FR;5;2022-10-15;19;26;10;0;24;11;2;0;0;276184;183923;3125;929;222840;4695;1075;0;24
FR;5;2022-10-16;3;1;0;0;1;1;0;0;0;276187;183924;3125;929;222841;4696;1075;0;24
FR;5;2022-10-17;8;8;2;1;8;3;1;0;2;276195;183932;3127;930;222849;4699;1076;0;26
FR;5;2022-10-18;6;7;0;2;8;0;2;0;0;276201;183939;3127;932;222857;4699;1078;0;26
FR;5;2022-10-19;38;43;8;0;52;11;0;0;1;276239;183982;3135;932;222909;4710;1078;0;27
FR;5;2022-10-20;18;15;2;1;16;3;1;0;0;276257;183997;3137;933;222925;4713;1079;0;27
FR;5;2022-10-21;22;15;6;0;19;8;1;0;2;276279;184012;3143;933;222944;4721;1080;0;29
FR;5;2022-10-22;34;29;2;12;32;5;12;0;0;276313;184041;3145;945;222976;4726;1092;0;29
FR;5;2022-10-23;9;3;0;0;4;0;0;0;0;276322;184044;3145;945;222980;4726;1092;0;29
FR;5;2022-10-24;14;7;6;7;9;9;8;0;0;276336;184051;3151;952;222989;4735;1100;0;29
FR;5;2022-10-25;12;9;6;3;9;8;3;0;2;276348;184060;3157;955;222998;4743;1103;0;31
FR;5;2022-10-26;34;22;6;0;29;10;0;0;0;276382;184082;3163;955;223027;4753;1103;0;31
FR;5;2022-10-27;16;4;4;0;11;4;0;0;0;276398;184086;3167;955;223038;4757;1103;0;31
FR;5;2022-10-28;19;13;5;3;14;6;4;0;0;276417;184099;3172;958;223052;4763;1107;0;31
FR;5;2022-10-29;21;13;0;0;17;3;0;0;0;276438;184112;3172;958;223069;4766;1107;0;31
FR;5;2022-10-30;1;4;2;0;4;3;0;0;0;276439;184116;3174;958;223073;4769;1107;0;31
FR;5;2022-10-31;14;11;2;1;12;3;1;0;0;276453;184127;3176;959;223085;4772;1108;0;31
FR;5;2022-11-01;3;3;0;1;3;0;1;0;0;276456;184130;3176;960;223088;4772;1109;0;31
FR;5;2022-11-02;23;17;5;4;23;5;5;0;0;276479;184147;3181;964;223111;4777;1114;0;31
FR;5;2022-11-03;22;4;1;1;11;1;1;0;0;276501;184151;3182;965;223122;4778;1115;0;31
FR;5;2022-11-04;19;18;1;0;18;2;0;0;0;276520;184169;3183;965;223140;4780;1115;0;31
FR;5;2022-11-05;25;16;1;0;21;1;0;0;0;276545;184185;3184;965;223161;4781;1115;0;31
FR;5;2022-11-06;1;7;0;0;7;0;0;0;0;276546;184192;3184;965;223168;4781;1115;0;31
FR;5;2022-11-07;4;3;3;0;3;3;0;0;0;276550;184195;3187;965;223171;4784;1115;0;31
FR;5;2022-11-08;11;7;1;2;8;1;1;0;0;276561;184202;3188;967;223179;4785;1116;0;31
FR;5;2022-11-09;28;29;6;1;32;6;1;0;0;276589;184231;3194;968;223211;4791;1117;0;31
FR;5;2022-11-10;11;16;1;0;17;1;0;0;0;276600;184247;3195;968;223228;4792;1117;0;31
FR;5;2022-11-11;2;4;0;1;6;0;1;0;0;276602;184251;3195;969;223234;4792;1118;0;31
FR;5;2022-11-12;19;10;5;9;18;6;9;0;2;276621;184261;3200;978;223252;4798;1127;0;33
FR;5;2022-11-13;2;2;0;1;2;0;1;0;0;276623;184263;3200;979;223254;4798;1128;0;33
FR;5;2022-11-14;8;10;0;1;9;3;0;0;0;276631;184273;3200;980;223263;4801;1128;0;33
FR;5;2022-11-15;8;6;4;3;6;4;3;0;0;276639;184279;3204;983;223269;4805;1131;0;33
FR;5;2022-11-16;29;28;2;1;32;5;0;0;0;276668;184307;3206;984;223301;4810;1131;0;33
FR;5;2022-11-17;6;15;4;0;15;5;0;0;0;276674;184322;3210;984;223316;4815;1131;0;33
FR;5;2022-11-18;16;17;7;0;19;9;0;0;0;276690;184339;3217;984;223335;4824;1131;0;33
FR;5;2022-11-19;18;27;2;0;28;6;0;0;0;276708;184366;3219;984;223363;4830;1131;0;33
FR;5;2022-11-20;6;3;0;0;5;0;0;0;0;276714;184369;3219;984;223368;4830;1131;0;33
FR;5;2022-11-21;8;5;0;2;4;2;1;0;0;276722;184374;3219;986;223372;4832;1132;0;33
FR;5;2022-11-22;9;3;0;1;4;0;1;0;0;276731;184377;3219;987;223376;4832;1133;0;33
FR;5;2022-11-23;34;25;6;1;27;13;0;0;0;276765;184402;3225;988;223403;4845;1133;0;33
FR;5;2022-11-24;3;7;2;1;8;1;2;0;0;276768;184409;3227;989;223411;4846;1135;0;33
FR;5;2022-11-25;15;20;2;0;25;3;0;0;1;276783;184429;3229;989;223436;4849;1135;0;34
FR;5;2022-11-26;22;19;4;0;20;8;0;0;0;276805;184448;3233;989;223456;4857;1135;0;34
FR;5;2022-11-27;7;0;1;0;3;1;0;0;0;276812;184448;3234;989;223459;4858;1135;0;34
FR;5;2022-11-28;7;11;3;0;11;5;0;0;0;276819;184459;3237;989;223470;4863;1135;0;34
FR;5;2022-11-29;10;9;1;0;11;3;0;0;1;276829;184468;3238;989;223481;4866;1135;0;35
FR;5;2022-11-30;34;48;12;0;55;17;1;0;0;276863;184516;3250;989;223536;4883;1136;0;35
FR;5;2022-12-01;4;8;2;0;8;3;0;0;0;276867;184524;3252;989;223544;4886;1136;0;35
FR;5;2022-12-02;1;5;2;1;4;3;1;0;0;276868;184529;3254;990;223548;4889;1137;0;35
FR;5;2022-12-03;3;3;8;1;5;8;1;0;0;276871;184532;3262;991;223553;4897;1138;0;35
FR;5;2022-12-04;3;2;1;0;2;2;0;0;0;276874;184534;3263;991;223555;4899;1138;0;35
FR;5;2022-12-05;0;1;0;0;0;1;0;0;0;276874;184535;3263;991;223555;4900;1138;0;35
FR;5;2022-12-06;4;1;0;0;1;0;0;0;1;276878;184536;3263;991;223556;4900;1138;0;36
FR;5;2022-12-07;5;8;1;0;8;1;0;0;0;276883;184544;3264;991;223564;4901;1138;0;36
FR;5;2022-12-08;2;2;0;0;2;0;0;0;0;276885;184546;3264;991;223566;4901;1138;0;36
FR;5;2022-12-09;3;8;0;0;6;2;0;0;0;276888;184554;3264;991;223572;4903;1138;0;36
FR;5;2022-12-10;4;7;2;1;8;2;1;0;0;276892;184561;3266;992;223580;4905;1139;0;36
FR;5;2022-12-11;2;0;0;0;0;0;0;0;0;276894;184561;3266;992;223580;4905;1139;0;36
FR;5;2022-12-12;0;0;0;0;0;0;0;0;0;276894;184561;3266;992;223580;4905;1139;0;36
FR;5;2022-12-13;2;3;0;0;4;1;0;0;0;276896;184564;3266;992;223584;4906;1139;0;36
FR;5;2022-12-14;1;2;0;9;2;1;8;0;3;276897;184566;3266;1001;223586;4907;1147;0;39
FR;5;2022-12-15;0;2;0;0;2;0;0;0;0;276897;184568;3266;1001;223588;4907;1147;0;39
FR;5;2022-12-16;3;2;2;0;3;3;0;0;0;276900;184570;3268;1001;223591;4910;1147;0;39
FR;5;2022-12-17;3;3;3;0;3;2;1;0;0;276903;184573;3271;1001;223594;4912;1148;0;39
FR;5;2022-12-18;3;0;0;1;0;0;1;0;1;276906;184573;3271;1002;223594;4912;1149;0;40
FR;5;2022-12-19;1;0;0;2;0;0;2;0;0;276907;184573;3271;1004;223594;4912;1151;0;40
FR;5;2022-12-20;0;1;3;0;1;3;0;0;0;276907;184574;3274;1004;223595;4915;1151;0;40
FR;5;2022-12-21;2;4;0;0;4;0;0;0;0;276909;184578;3274;1004;223599;4915;1151;0;40
FR;5;2022-12-22;2;1;0;0;1;0;0;0;0;276911;184579;3274;1004;223600;4915;1151;0;40
FR;5;2022-12-23;3;1;0;0;1;0;0;0;0;276914;184580;3274;1004;223601;4915;1151;0;40
FR;5;2022-12-24;0;1;0;0;1;0;0;0;0;276914;184581;3274;1004;223602;4915;1151;0;40
FR;5;2022-12-25;0;1;0;0;0;1;0;0;0;276914;184582;3274;1004;223602;4916;1151;0;40
FR;5;2022-12-26;2;0;0;0;0;0;0;0;0;276916;184582;3274;1004;223602;4916;1151;0;40
FR;5;2022-12-27;0;3;0;0;3;0;0;0;0;276916;184585;3274;1004;223605;4916;1151;0;40
FR;5;2022-12-28;5;2;3;0;2;3;2;0;0;276921;184587;3277;1004;223607;4919;1153;0;40
FR;5;2022-12-29;3;2;2;0;3;2;0;0;0;276924;184589;3279;1004;223610;4921;1153;0;40
FR;5;2022-12-30;0;1;1;0;1;1;0;0;0;276924;184590;3280;1004;223611;4922;1153;0;40
FR;5;2022-12-31;0;0;0;0;0;0;0;0;0;276924;184590;3280;1004;223611;4922;1153;0;40
FR;5;2023-01-01;0;0;0;0;0;0;0;0;0;276924;184590;3280;1004;223611;4922;1153;0;40
FR;5;2023-01-02;1;1;1;0;1;1;0;0;0;276925;184591;3281;1004;223612;4923;1153;0;40
FR;5;2023-01-03;0;1;0;0;1;0;0;0;0;276925;184592;3281;1004;223613;4923;1153;0;40
FR;5;2023-01-04;6;1;1;0;2;1;0;0;0;276931;184593;3282;1004;223615;4924;1153;0;40
FR;6;2020-12-27;0;0;0;0;0;0;0;0;0;0;0;0;0;0;0;0;0;0
FR;6;2020-12-28;0;0;0;0;0;0;0;0;0;0;0;0;0;0;0;0;0;0
FR;6;2020-12-29;0;0;0;0;0;0;0;0;0;0;0;0;0;0;0;0;0;0
FR;6;2020-12-30;0;0;0;0;0;0;0;0;0;0;0;0;0;0;0;0;0;0
FR;6;2020-12-31;0;0;0;0;0;0;0;0;0;0;0;0;0;0;0;0;0;0
FR;6;2021-01-01;0;0;0;0;0;0;0;0;0;0;0;0;0;0;0;0;0;0
FR;6;2021-01-02;0;0;0;0;0;0;0;0;0;0;0;0;0;0;0;0;0;0
FR;6;2021-01-03;0;0;0;0;0;0;0;0;0;0;0;0;0;0;0;0;0;0
FR;6;2021-01-04;0;0;0;0;0;0;0;0;0;0;0;0;0;0;0;0;0;0
FR;6;2021-01-05;0;0;0;0;0;0;0;0;0;0;0;0;0;0;0;0;0;0
FR;6;2021-01-06;0;0;0;0;0;0;0;0;0;0;0;0;0;0;0;0;0;0
FR;6;2021-01-07;0;0;0;0;0;0;0;0;0;0;0;0;0;0;0;0;0;0
FR;6;2021-01-08;0;0;0;0;0;0;0;0;0;0;0;0;0;0;0;0;0;0
FR;6;2021-01-09;0;0;0;0;0;0;0;0;0;0;0;0;0;0;0;0;0;0
FR;6;2021-01-10;0;0;0;0;0;0;0;0;0;0;0;0;0;0;0;0;0;0
FR;6;2021-01-11;0;0;0;0;0;0;0;0;0;0;0;0;0;0;0;0;0;0
FR;6;2021-01-12;0;0;0;0;0;0;0;0;0;0;0;0;0;0;0;0;0;0
FR;6;2021-01-13;0;0;0;0;0;0;0;0;0;0;0;0;0;0;0;0;0;0
FR;6;2021-01-14;0;0;0;0;0;0;0;0;0;0;0;0;0;0;0;0;0;0
FR;6;2021-01-15;0;0;0;0;0;0;0;0;0;0;0;0;0;0;0;0;0;0
FR;6;2021-01-16;0;0;0;0;0;0;0;0;0;0;0;0;0;0;0;0;0;0
FR;6;2021-01-17;0;0;0;0;0;0;0;0;0;0;0;0;0;0;0;0;0;0
FR;6;2021-01-18;0;0;0;0;0;0;0;0;0;0;0;0;0;0;0;0;0;0
FR;6;2021-01-19;0;0;0;0;0;0;0;0;0;0;0;0;0;0;0;0;0;0
FR;6;2021-01-20;0;0;0;0;0;0;0;0;0;0;0;0;0;0;0;0;0;0
FR;6;2021-01-21;0;0;0;0;0;0;0;0;0;0;0;0;0;0;0;0;0;0
FR;6;2021-01-22;0;0;0;0;0;0;0;0;0;0;0;0;0;0;0;0;0;0
FR;6;2021-01-23;0;0;0;0;0;0;0;0;0;0;0;0;0;0;0;0;0;0
FR;6;2021-01-24;0;0;0;0;0;0;0;0;0;0;0;0;0;0;0;0;0;0
FR;6;2021-01-25;0;0;0;0;0;0;0;0;0;0;0;0;0;0;0;0;0;0
FR;6;2021-01-26;0;0;0;0;0;0;0;0;0;0;0;0;0;0;0;0;0;0
FR;6;2021-01-27;0;0;0;0;0;0;0;0;0;0;0;0;0;0;0;0;0;0
FR;6;2021-01-28;0;0;0;0;0;0;0;0;0;0;0;0;0;0;0;0;0;0
FR;6;2021-01-29;0;0;0;0;0;0;0;0;0;0;0;0;0;0;0;0;0;0
FR;6;2021-01-30;0;0;0;0;0;0;0;0;0;0;0;0;0;0;0;0;0;0
FR;6;2021-01-31;0;0;0;0;0;0;0;0;0;0;0;0;0;0;0;0;0;0
FR;6;2021-02-01;0;0;0;0;0;0;0;0;0;0;0;0;0;0;0;0;0;0
FR;6;2021-02-02;0;0;0;0;0;0;0;0;0;0;0;0;0;0;0;0;0;0
FR;6;2021-02-03;0;0;0;0;0;0;0;0;0;0;0;0;0;0;0;0;0;0
FR;6;2021-02-04;0;0;0;0;0;0;0;0;0;0;0;0;0;0;0;0;0;0
FR;6;2021-02-05;0;0;0;0;0;0;0;0;0;0;0;0;0;0;0;0;0;0
FR;6;2021-02-06;0;0;0;0;0;0;0;0;0;0;0;0;0;0;0;0;0;0
FR;6;2021-02-07;0;0;0;0;0;0;0;0;0;0;0;0;0;0;0;0;0;0
FR;6;2021-02-08;0;0;0;0;0;0;0;0;0;0;0;0;0;0;0;0;0;0
FR;6;2021-02-09;0;0;0;0;0;0;0;0;0;0;0;0;0;0;0;0;0;0
FR;6;2021-02-10;0;0;0;0;0;0;0;0;0;0;0;0;0;0;0;0;0;0
FR;6;2021-02-11;0;0;0;0;0;0;0;0;0;0;0;0;0;0;0;0;0;0
FR;6;2021-02-12;0;0;0;0;0;0;0;0;0;0;0;0;0;0;0;0;0;0
FR;6;2021-02-13;0;0;0;0;0;0;0;0;0;0;0;0;0;0;0;0;0;0
FR;6;2021-02-14;0;0;0;0;0;0;0;0;0;0;0;0;0;0;0;0;0;0
FR;6;2021-02-15;0;0;0;0;0;0;0;0;0;0;0;0;0;0;0;0;0;0
FR;6;2021-02-16;0;0;0;0;0;0;0;0;0;0;0;0;0;0;0;0;0;0
FR;6;2021-02-17;0;0;0;0;0;0;0;0;0;0;0;0;0;0;0;0;0;0
FR;6;2021-02-18;0;0;0;0;0;0;0;0;0;0;0;0;0;0;0;0;0;0
FR;6;2021-02-19;0;0;0;0;0;0;0;0;0;0;0;0;0;0;0;0;0;0
FR;6;2021-02-20;0;0;0;0;0;0;0;0;0;0;0;0;0;0;0;0;0;0
FR;6;2021-02-21;0;0;0;0;0;0;0;0;0;0;0;0;0;0;0;0;0;0
FR;6;2021-02-22;0;0;0;0;0;0;0;0;0;0;0;0;0;0;0;0;0;0
FR;6;2021-02-23;0;0;0;0;0;0;0;0;0;0;0;0;0;0;0;0;0;0
FR;6;2021-02-24;0;0;0;0;0;0;0;0;0;0;0;0;0;0;0;0;0;0
FR;6;2021-02-25;0;0;0;0;0;0;0;0;0;0;0;0;0;0;0;0;0;0
FR;6;2021-02-26;0;0;0;0;0;0;0;0;0;0;0;0;0;0;0;0;0;0
FR;6;2021-02-27;0;0;0;0;0;0;0;0;0;0;0;0;0;0;0;0;0;0
FR;6;2021-02-28;0;0;0;0;0;0;0;0;0;0;0;0;0;0;0;0;0;0
FR;6;2021-03-01;0;0;0;0;0;0;0;0;0;0;0;0;0;0;0;0;0;0
FR;6;2021-03-02;0;0;0;0;0;0;0;0;0;0;0;0;0;0;0;0;0;0
FR;6;2021-03-03;0;0;0;0;0;0;0;0;0;0;0;0;0;0;0;0;0;0
FR;6;2021-03-04;0;0;0;0;0;0;0;0;0;0;0;0;0;0;0;0;0;0
FR;6;2021-03-05;0;0;0;0;0;0;0;0;0;0;0;0;0;0;0;0;0;0
FR;6;2021-03-06;0;0;0;0;0;0;0;0;0;0;0;0;0;0;0;0;0;0
FR;6;2021-03-07;0;0;0;0;0;0;0;0;0;0;0;0;0;0;0;0;0;0
FR;6;2021-03-08;0;0;0;0;0;0;0;0;0;0;0;0;0;0;0;0;0;0
FR;6;2021-03-09;0;0;0;0;0;0;0;0;0;0;0;0;0;0;0;0;0;0
FR;6;2021-03-10;0;0;0;0;0;0;0;0;0;0;0;0;0;0;0;0;0;0
FR;6;2021-03-11;0;0;0;0;0;0;0;0;0;0;0;0;0;0;0;0;0;0
FR;6;2021-03-12;0;0;0;0;0;0;0;0;0;0;0;0;0;0;0;0;0;0
FR;6;2021-03-13;0;0;0;0;0;0;0;0;0;0;0;0;0;0;0;0;0;0
FR;6;2021-03-14;0;0;0;0;0;0;0;0;0;0;0;0;0;0;0;0;0;0
FR;6;2021-03-15;0;0;0;0;0;0;0;0;0;0;0;0;0;0;0;0;0;0
FR;6;2021-03-16;0;0;0;0;0;0;0;0;0;0;0;0;0;0;0;0;0;0
FR;6;2021-03-17;0;0;0;0;0;0;0;0;0;0;0;0;0;0;0;0;0;0
FR;6;2021-03-18;0;0;0;0;0;0;0;0;0;0;0;0;0;0;0;0;0;0
FR;6;2021-03-19;0;0;0;0;0;0;0;0;0;0;0;0;0;0;0;0;0;0
FR;6;2021-03-20;0;0;0;0;0;0;0;0;0;0;0;0;0;0;0;0;0;0
FR;6;2021-03-21;0;0;0;0;0;0;0;0;0;0;0;0;0;0;0;0;0;0
FR;6;2021-03-22;0;0;0;0;0;0;0;0;0;0;0;0;0;0;0;0;0;0
FR;6;2021-03-23;0;0;0;0;0;0;0;0;0;0;0;0;0;0;0;0;0;0
FR;6;2021-03-24;0;0;0;0;0;0;0;0;0;0;0;0;0;0;0;0;0;0
FR;6;2021-03-25;0;0;0;0;0;0;0;0;0;0;0;0;0;0;0;0;0;0
FR;6;2021-03-26;0;0;0;0;0;0;0;0;0;0;0;0;0;0;0;0;0;0
FR;6;2021-03-27;0;0;0;0;0;0;0;0;0;0;0;0;0;0;0;0;0;0
FR;6;2021-03-28;0;0;0;0;0;0;0;0;0;0;0;0;0;0;0;0;0;0
FR;6;2021-03-29;0;0;0;0;0;0;0;0;0;0;0;0;0;0;0;0;0;0
FR;6;2021-03-30;0;0;0;0;0;0;0;0;0;0;0;0;0;0;0;0;0;0
FR;6;2021-03-31;0;0;0;0;0;0;0;0;0;0;0;0;0;0;0;0;0;0
FR;6;2021-04-01;0;0;0;0;0;0;0;0;0;0;0;0;0;0;0;0;0;0
FR;6;2021-04-02;0;0;0;0;0;0;0;0;0;0;0;0;0;0;0;0;0;0
FR;6;2021-04-03;0;0;0;0;0;0;0;0;0;0;0;0;0;0;0;0;0;0
FR;6;2021-04-04;0;0;0;0;0;0;0;0;0;0;0;0;0;0;0;0;0;0
FR;6;2021-04-05;0;0;0;0;0;0;0;0;0;0;0;0;0;0;0;0;0;0
FR;6;2021-04-06;0;0;0;0;0;0;0;0;0;0;0;0;0;0;0;0;0;0
FR;6;2021-04-07;0;0;0;0;0;0;0;0;0;0;0;0;0;0;0;0;0;0
FR;6;2021-04-08;0;0;0;0;0;0;0;0;0;0;0;0;0;0;0;0;0;0
FR;6;2021-04-09;0;0;0;0;0;0;0;0;0;0;0;0;0;0;0;0;0;0
FR;6;2021-04-10;0;0;0;0;0;0;0;0;0;0;0;0;0;0;0;0;0;0
FR;6;2021-04-11;0;0;0;0;0;0;0;0;0;0;0;0;0;0;0;0;0;0
FR;6;2021-04-12;0;0;0;0;0;0;0;0;0;0;0;0;0;0;0;0;0;0
FR;6;2021-04-13;0;0;0;0;0;0;0;0;0;0;0;0;0;0;0;0;0;0
FR;6;2021-04-14;0;0;0;0;0;0;0;0;0;0;0;0;0;0;0;0;0;0
FR;6;2021-04-15;0;0;0;0;0;0;0;0;0;0;0;0;0;0;0;0;0;0
FR;6;2021-04-16;0;0;0;0;0;0;0;0;0;0;0;0;0;0;0;0;0;0
FR;6;2021-04-17;0;0;0;0;0;0;0;0;0;0;0;0;0;0;0;0;0;0
FR;6;2021-04-18;0;0;0;0;0;0;0;0;0;0;0;0;0;0;0;0;0;0
FR;6;2021-04-19;0;0;0;0;0;0;0;0;0;0;0;0;0;0;0;0;0;0
FR;6;2021-04-20;0;0;0;0;0;0;0;0;0;0;0;0;0;0;0;0;0;0
FR;6;2021-04-21;0;0;0;0;0;0;0;0;0;0;0;0;0;0;0;0;0;0
FR;6;2021-04-22;0;0;0;0;0;0;0;0;0;0;0;0;0;0;0;0;0;0
FR;6;2021-04-23;0;0;0;0;0;0;0;0;0;0;0;0;0;0;0;0;0;0
FR;6;2021-04-24;0;0;0;0;0;0;0;0;0;0;0;0;0;0;0;0;0;0
FR;6;2021-04-25;0;0;0;0;0;0;0;0;0;0;0;0;0;0;0;0;0;0
FR;6;2021-04-26;0;0;0;0;0;0;0;0;0;0;0;0;0;0;0;0;0;0
FR;6;2021-04-27;0;0;0;0;0;0;0;0;0;0;0;0;0;0;0;0;0;0
FR;6;2021-04-28;0;0;0;0;0;0;0;0;0;0;0;0;0;0;0;0;0;0
FR;6;2021-04-29;0;0;0;0;0;0;0;0;0;0;0;0;0;0;0;0;0;0
FR;6;2021-04-30;0;0;0;0;0;0;0;0;0;0;0;0;0;0;0;0;0;0
FR;6;2021-05-01;0;0;0;0;0;0;0;0;0;0;0;0;0;0;0;0;0;0
FR;6;2021-05-02;0;0;0;0;0;0;0;0;0;0;0;0;0;0;0;0;0;0
FR;6;2021-05-03;0;0;0;0;0;0;0;0;0;0;0;0;0;0;0;0;0;0
FR;6;2021-05-04;0;0;0;0;0;0;0;0;0;0;0;0;0;0;0;0;0;0
FR;6;2021-05-05;0;0;0;0;0;0;0;0;0;0;0;0;0;0;0;0;0;0
FR;6;2021-05-06;0;0;0;0;0;0;0;0;0;0;0;0;0;0;0;0;0;0
FR;6;2021-05-07;0;0;0;0;0;0;0;0;0;0;0;0;0;0;0;0;0;0
FR;6;2021-05-08;0;0;0;0;0;0;0;0;0;0;0;0;0;0;0;0;0;0
FR;6;2021-05-09;0;0;0;0;0;0;0;0;0;0;0;0;0;0;0;0;0;0
FR;6;2021-05-10;0;0;0;0;0;0;0;0;0;0;0;0;0;0;0;0;0;0
FR;6;2021-05-11;0;0;0;0;0;0;0;0;0;0;0;0;0;0;0;0;0;0
FR;6;2021-05-12;0;0;0;0;0;0;0;0;0;0;0;0;0;0;0;0;0;0
FR;6;2021-05-13;0;0;0;0;0;0;0;0;0;0;0;0;0;0;0;0;0;0
FR;6;2021-05-14;0;0;0;0;0;0;0;0;0;0;0;0;0;0;0;0;0;0
FR;6;2021-05-15;0;0;0;0;0;0;0;0;0;0;0;0;0;0;0;0;0;0
FR;6;2021-05-16;0;0;0;0;0;0;0;0;0;0;0;0;0;0;0;0;0;0
FR;6;2021-05-17;0;0;0;0;0;0;0;0;0;0;0;0;0;0;0;0;0;0
FR;6;2021-05-18;0;0;0;0;0;0;0;0;0;0;0;0;0;0;0;0;0;0
FR;6;2021-05-19;0;0;0;0;0;0;0;0;0;0;0;0;0;0;0;0;0;0
FR;6;2021-05-20;0;0;0;0;0;0;0;0;0;0;0;0;0;0;0;0;0;0
FR;6;2021-05-21;0;0;0;0;0;0;0;0;0;0;0;0;0;0;0;0;0;0
FR;6;2021-05-22;0;0;0;0;0;0;0;0;0;0;0;0;0;0;0;0;0;0
FR;6;2021-05-23;0;0;0;0;0;0;0;0;0;0;0;0;0;0;0;0;0;0
FR;6;2021-05-24;0;0;0;0;0;0;0;0;0;0;0;0;0;0;0;0;0;0
FR;6;2021-05-25;0;0;0;0;0;0;0;0;0;0;0;0;0;0;0;0;0;0
FR;6;2021-05-26;0;0;0;0;0;0;0;0;0;0;0;0;0;0;0;0;0;0
FR;6;2021-05-27;0;0;0;0;0;0;0;0;0;0;0;0;0;0;0;0;0;0
FR;6;2021-05-28;0;0;0;0;0;0;0;0;0;0;0;0;0;0;0;0;0;0
FR;6;2021-05-29;0;0;0;0;0;0;0;0;0;0;0;0;0;0;0;0;0;0
FR;6;2021-05-30;0;0;0;0;0;0;0;0;0;0;0;0;0;0;0;0;0;0
FR;6;2021-05-31;0;0;0;0;0;0;0;0;0;0;0;0;0;0;0;0;0;0
FR;6;2021-06-01;0;0;0;0;0;0;0;0;0;0;0;0;0;0;0;0;0;0
FR;6;2021-06-02;0;0;0;0;0;0;0;0;0;0;0;0;0;0;0;0;0;0
FR;6;2021-06-03;0;0;0;0;0;0;0;0;0;0;0;0;0;0;0;0;0;0
FR;6;2021-06-04;0;0;0;0;0;0;0;0;0;0;0;0;0;0;0;0;0;0
FR;6;2021-06-05;0;0;0;0;0;0;0;0;0;0;0;0;0;0;0;0;0;0
FR;6;2021-06-06;0;0;0;0;0;0;0;0;0;0;0;0;0;0;0;0;0;0
FR;6;2021-06-07;0;0;0;0;0;0;0;0;0;0;0;0;0;0;0;0;0;0
FR;6;2021-06-08;0;0;0;0;0;0;0;0;0;0;0;0;0;0;0;0;0;0
FR;6;2021-06-09;0;0;0;0;0;0;0;0;0;0;0;0;0;0;0;0;0;0
FR;6;2021-06-10;0;0;0;0;0;0;0;0;0;0;0;0;0;0;0;0;0;0
FR;6;2021-06-11;0;0;0;0;0;0;0;0;0;0;0;0;0;0;0;0;0;0
FR;6;2021-06-12;0;0;0;0;0;0;0;0;0;0;0;0;0;0;0;0;0;0
FR;6;2021-06-13;0;0;0;0;0;0;0;0;0;0;0;0;0;0;0;0;0;0
FR;6;2021-06-14;0;0;0;0;0;0;0;0;0;0;0;0;0;0;0;0;0;0
FR;6;2021-06-15;0;0;0;0;0;0;0;0;0;0;0;0;0;0;0;0;0;0
FR;6;2021-06-16;0;0;0;0;0;0;0;0;0;0;0;0;0;0;0;0;0;0
FR;6;2021-06-17;0;0;0;0;0;0;0;0;0;0;0;0;0;0;0;0;0;0
FR;6;2021-06-18;0;0;0;0;0;0;0;0;0;0;0;0;0;0;0;0;0;0
FR;6;2021-06-19;0;0;0;0;0;0;0;0;0;0;0;0;0;0;0;0;0;0
FR;6;2021-06-20;0;0;0;0;0;0;0;0;0;0;0;0;0;0;0;0;0;0
FR;6;2021-06-21;0;0;0;0;0;0;0;0;0;0;0;0;0;0;0;0;0;0
FR;6;2021-06-22;0;0;0;0;0;0;0;0;0;0;0;0;0;0;0;0;0;0
FR;6;2021-06-23;0;0;0;0;0;0;0;0;0;0;0;0;0;0;0;0;0;0
FR;6;2021-06-24;0;0;0;0;0;0;0;0;0;0;0;0;0;0;0;0;0;0
FR;6;2021-06-25;0;0;0;0;0;0;0;0;0;0;0;0;0;0;0;0;0;0
FR;6;2021-06-26;0;0;0;0;0;0;0;0;0;0;0;0;0;0;0;0;0;0
FR;6;2021-06-27;0;0;0;0;0;0;0;0;0;0;0;0;0;0;0;0;0;0
FR;6;2021-06-28;0;0;0;0;0;0;0;0;0;0;0;0;0;0;0;0;0;0
FR;6;2021-06-29;0;0;0;0;0;0;0;0;0;0;0;0;0;0;0;0;0;0
FR;6;2021-06-30;0;0;0;0;0;0;0;0;0;0;0;0;0;0;0;0;0;0
FR;6;2021-07-01;0;0;0;0;0;0;0;0;0;0;0;0;0;0;0;0;0;0
FR;6;2021-07-02;0;0;0;0;0;0;0;0;0;0;0;0;0;0;0;0;0;0
FR;6;2021-07-03;0;0;0;0;0;0;0;0;0;0;0;0;0;0;0;0;0;0
FR;6;2021-07-04;0;0;0;0;0;0;0;0;0;0;0;0;0;0;0;0;0;0
FR;6;2021-07-05;0;0;0;0;0;0;0;0;0;0;0;0;0;0;0;0;0;0
FR;6;2021-07-06;0;0;0;0;0;0;0;0;0;0;0;0;0;0;0;0;0;0
FR;6;2021-07-07;0;0;0;0;0;0;0;0;0;0;0;0;0;0;0;0;0;0
FR;6;2021-07-08;0;0;0;0;0;0;0;0;0;0;0;0;0;0;0;0;0;0
FR;6;2021-07-09;0;0;0;0;0;0;0;0;0;0;0;0;0;0;0;0;0;0
FR;6;2021-07-10;0;0;0;0;0;0;0;0;0;0;0;0;0;0;0;0;0;0
FR;6;2021-07-11;0;0;0;0;0;0;0;0;0;0;0;0;0;0;0;0;0;0
FR;6;2021-07-12;0;0;0;0;0;0;0;0;0;0;0;0;0;0;0;0;0;0
FR;6;2021-07-13;0;0;0;0;0;0;0;0;0;0;0;0;0;0;0;0;0;0
FR;6;2021-07-14;0;0;0;0;0;0;0;0;0;0;0;0;0;0;0;0;0;0
FR;6;2021-07-15;0;0;0;0;0;0;0;0;0;0;0;0;0;0;0;0;0;0
FR;6;2021-07-16;0;0;0;0;0;0;0;0;0;0;0;0;0;0;0;0;0;0
FR;6;2021-07-17;0;0;0;0;0;0;0;0;0;0;0;0;0;0;0;0;0;0
FR;6;2021-07-18;0;0;0;0;0;0;0;0;0;0;0;0;0;0;0;0;0;0
FR;6;2021-07-19;0;0;0;0;0;0;0;0;0;0;0;0;0;0;0;0;0;0
FR;6;2021-07-20;0;0;0;0;0;0;0;0;0;0;0;0;0;0;0;0;0;0
FR;6;2021-07-21;0;0;0;0;0;0;0;0;0;0;0;0;0;0;0;0;0;0
FR;6;2021-07-22;0;0;0;0;0;0;0;0;0;0;0;0;0;0;0;0;0;0
FR;6;2021-07-23;0;0;0;0;0;0;0;0;0;0;0;0;0;0;0;0;0;0
FR;6;2021-07-24;0;0;0;0;0;0;0;0;0;0;0;0;0;0;0;0;0;0
FR;6;2021-07-25;0;0;0;0;0;0;0;0;0;0;0;0;0;0;0;0;0;0
FR;6;2021-07-26;0;0;0;0;0;0;0;0;0;0;0;0;0;0;0;0;0;0
FR;6;2021-07-27;0;0;0;0;0;0;0;0;0;0;0;0;0;0;0;0;0;0
FR;6;2021-07-28;0;0;0;0;0;0;0;0;0;0;0;0;0;0;0;0;0;0
FR;6;2021-07-29;0;0;0;0;0;0;0;0;0;0;0;0;0;0;0;0;0;0
FR;6;2021-07-30;0;0;0;0;0;0;0;0;0;0;0;0;0;0;0;0;0;0
FR;6;2021-07-31;0;0;0;0;0;0;0;0;0;0;0;0;0;0;0;0;0;0
FR;6;2021-08-01;0;0;0;0;0;0;0;0;0;0;0;0;0;0;0;0;0;0
FR;6;2021-08-02;0;0;0;0;0;0;0;0;0;0;0;0;0;0;0;0;0;0
FR;6;2021-08-03;0;0;0;0;0;0;0;0;0;0;0;0;0;0;0;0;0;0
FR;6;2021-08-04;0;0;0;0;0;0;0;0;0;0;0;0;0;0;0;0;0;0
FR;6;2021-08-05;0;0;0;0;0;0;0;0;0;0;0;0;0;0;0;0;0;0
FR;6;2021-08-06;0;0;0;0;0;0;0;0;0;0;0;0;0;0;0;0;0;0
FR;6;2021-08-07;0;0;0;0;0;0;0;0;0;0;0;0;0;0;0;0;0;0
FR;6;2021-08-08;0;0;0;0;0;0;0;0;0;0;0;0;0;0;0;0;0;0
FR;6;2021-08-09;0;0;0;0;0;0;0;0;0;0;0;0;0;0;0;0;0;0
FR;6;2021-08-10;0;0;0;0;0;0;0;0;0;0;0;0;0;0;0;0;0;0
FR;6;2021-08-11;0;0;0;0;0;0;0;0;0;0;0;0;0;0;0;0;0;0
FR;6;2021-08-12;0;0;0;0;0;0;0;0;0;0;0;0;0;0;0;0;0;0
FR;6;2021-08-13;0;0;0;0;0;0;0;0;0;0;0;0;0;0;0;0;0;0
FR;6;2021-08-14;0;0;0;0;0;0;0;0;0;0;0;0;0;0;0;0;0;0
FR;6;2021-08-15;0;0;0;0;0;0;0;0;0;0;0;0;0;0;0;0;0;0
FR;6;2021-08-16;0;0;0;0;0;0;0;0;0;0;0;0;0;0;0;0;0;0
FR;6;2021-08-17;0;0;0;0;0;0;0;0;0;0;0;0;0;0;0;0;0;0
FR;6;2021-08-18;0;0;0;0;0;0;0;0;0;0;0;0;0;0;0;0;0;0
FR;6;2021-08-19;0;0;0;0;0;0;0;0;0;0;0;0;0;0;0;0;0;0
FR;6;2021-08-20;0;0;0;0;0;0;0;0;0;0;0;0;0;0;0;0;0;0
FR;6;2021-08-21;0;0;0;0;0;0;0;0;0;0;0;0;0;0;0;0;0;0
FR;6;2021-08-22;0;0;0;0;0;0;0;0;0;0;0;0;0;0;0;0;0;0
FR;6;2021-08-23;0;0;0;0;0;0;0;0;0;0;0;0;0;0;0;0;0;0
FR;6;2021-08-24;0;0;0;0;0;0;0;0;0;0;0;0;0;0;0;0;0;0
FR;6;2021-08-25;0;0;0;0;0;0;0;0;0;0;0;0;0;0;0;0;0;0
FR;6;2021-08-26;0;0;0;0;0;0;0;0;0;0;0;0;0;0;0;0;0;0
FR;6;2021-08-27;0;0;0;0;0;0;0;0;0;0;0;0;0;0;0;0;0;0
FR;6;2021-08-28;0;0;0;0;0;0;0;0;0;0;0;0;0;0;0;0;0;0
FR;6;2021-08-29;0;0;0;0;0;0;0;0;0;0;0;0;0;0;0;0;0;0
FR;6;2021-08-30;0;0;0;0;0;0;0;0;0;0;0;0;0;0;0;0;0;0
FR;6;2021-08-31;0;0;0;0;0;0;0;0;0;0;0;0;0;0;0;0;0;0
FR;6;2021-09-01;0;0;0;0;0;0;0;0;0;0;0;0;0;0;0;0;0;0
FR;6;2021-09-02;0;0;0;0;0;0;0;0;0;0;0;0;0;0;0;0;0;0
FR;6;2021-09-03;0;0;0;0;0;0;0;0;0;0;0;0;0;0;0;0;0;0
FR;6;2021-09-04;0;0;0;0;0;0;0;0;0;0;0;0;0;0;0;0;0;0
FR;6;2021-09-05;0;0;0;0;0;0;0;0;0;0;0;0;0;0;0;0;0;0
FR;6;2021-09-06;0;0;0;0;0;0;0;0;0;0;0;0;0;0;0;0;0;0
FR;6;2021-09-07;0;0;0;0;0;0;0;0;0;0;0;0;0;0;0;0;0;0
FR;6;2021-09-08;0;0;0;0;0;0;0;0;0;0;0;0;0;0;0;0;0;0
FR;6;2021-09-09;0;0;0;0;0;0;0;0;0;0;0;0;0;0;0;0;0;0
FR;6;2021-09-10;0;0;0;0;0;0;0;0;0;0;0;0;0;0;0;0;0;0
FR;6;2021-09-11;0;0;0;0;0;0;0;0;0;0;0;0;0;0;0;0;0;0
FR;6;2021-09-12;0;0;0;0;0;0;0;0;0;0;0;0;0;0;0;0;0;0
FR;6;2021-09-13;0;0;0;0;0;0;0;0;0;0;0;0;0;0;0;0;0;0
FR;6;2021-09-14;0;0;0;0;0;0;0;0;0;0;0;0;0;0;0;0;0;0
FR;6;2021-09-15;0;0;0;0;0;0;0;0;0;0;0;0;0;0;0;0;0;0
FR;6;2021-09-16;0;0;0;0;0;0;0;0;0;0;0;0;0;0;0;0;0;0
FR;6;2021-09-17;0;0;0;0;0;0;0;0;0;0;0;0;0;0;0;0;0;0
FR;6;2021-09-18;0;0;0;0;0;0;0;0;0;0;0;0;0;0;0;0;0;0
FR;6;2021-09-19;0;0;0;0;0;0;0;0;0;0;0;0;0;0;0;0;0;0
FR;6;2021-09-20;0;0;0;0;0;0;0;0;0;0;0;0;0;0;0;0;0;0
FR;6;2021-09-21;0;0;0;0;0;0;0;0;0;0;0;0;0;0;0;0;0;0
FR;6;2021-09-22;0;0;0;0;0;0;0;0;0;0;0;0;0;0;0;0;0;0
FR;6;2021-09-23;0;0;0;0;0;0;0;0;0;0;0;0;0;0;0;0;0;0
FR;6;2021-09-24;0;0;0;0;0;0;0;0;0;0;0;0;0;0;0;0;0;0
FR;6;2021-09-25;0;0;0;0;0;0;0;0;0;0;0;0;0;0;0;0;0;0
FR;6;2021-09-26;0;0;0;0;0;0;0;0;0;0;0;0;0;0;0;0;0;0
FR;6;2021-09-27;0;0;0;0;0;0;0;0;0;0;0;0;0;0;0;0;0;0
FR;6;2021-09-28;0;0;0;0;0;0;0;0;0;0;0;0;0;0;0;0;0;0
FR;6;2021-09-29;0;0;0;0;0;0;0;0;0;0;0;0;0;0;0;0;0;0
FR;6;2021-09-30;0;0;0;0;0;0;0;0;0;0;0;0;0;0;0;0;0;0
FR;6;2021-10-01;0;0;0;0;0;0;0;0;0;0;0;0;0;0;0;0;0;0
FR;6;2021-10-02;0;0;0;0;0;0;0;0;0;0;0;0;0;0;0;0;0;0
FR;6;2021-10-03;0;0;0;0;0;0;0;0;0;0;0;0;0;0;0;0;0;0
FR;6;2021-10-04;0;0;0;0;0;0;0;0;0;0;0;0;0;0;0;0;0;0
FR;6;2021-10-05;0;0;0;0;0;0;0;0;0;0;0;0;0;0;0;0;0;0
FR;6;2021-10-06;0;0;0;0;0;0;0;0;0;0;0;0;0;0;0;0;0;0
FR;6;2021-10-07;0;0;0;0;0;0;0;0;0;0;0;0;0;0;0;0;0;0
FR;6;2021-10-08;0;0;0;0;0;0;0;0;0;0;0;0;0;0;0;0;0;0
FR;6;2021-10-09;0;0;0;0;0;0;0;0;0;0;0;0;0;0;0;0;0;0
FR;6;2021-10-10;0;0;0;0;0;0;0;0;0;0;0;0;0;0;0;0;0;0
FR;6;2021-10-11;0;0;0;0;0;0;0;0;0;0;0;0;0;0;0;0;0;0
FR;6;2021-10-12;0;0;0;0;0;0;0;0;0;0;0;0;0;0;0;0;0;0
FR;6;2021-10-13;0;0;0;0;0;0;0;0;0;0;0;0;0;0;0;0;0;0
FR;6;2021-10-14;0;0;0;0;0;0;0;0;0;0;0;0;0;0;0;0;0;0
FR;6;2021-10-15;0;0;0;0;0;0;0;0;0;0;0;0;0;0;0;0;0;0
FR;6;2021-10-16;0;0;0;0;0;0;0;0;0;0;0;0;0;0;0;0;0;0
FR;6;2021-10-17;0;0;0;0;0;0;0;0;0;0;0;0;0;0;0;0;0;0
FR;6;2021-10-18;0;0;0;0;0;0;0;0;0;0;0;0;0;0;0;0;0;0
FR;6;2021-10-19;0;0;0;0;0;0;0;0;0;0;0;0;0;0;0;0;0;0
FR;6;2021-10-20;0;0;0;0;0;0;0;0;0;0;0;0;0;0;0;0;0;0
FR;6;2021-10-21;0;0;0;0;0;0;0;0;0;0;0;0;0;0;0;0;0;0
FR;6;2021-10-22;0;0;0;0;0;0;0;0;0;0;0;0;0;0;0;0;0;0
FR;6;2021-10-23;0;0;0;0;0;0;0;0;0;0;0;0;0;0;0;0;0;0
FR;6;2021-10-24;0;0;0;0;0;0;0;0;0;0;0;0;0;0;0;0;0;0
FR;6;2021-10-25;0;0;0;0;0;0;0;0;0;0;0;0;0;0;0;0;0;0
FR;6;2021-10-26;0;0;0;0;0;0;0;0;0;0;0;0;0;0;0;0;0;0
FR;6;2021-10-27;0;0;0;0;0;0;0;0;0;0;0;0;0;0;0;0;0;0
FR;6;2021-10-28;0;0;0;0;0;0;0;0;0;0;0;0;0;0;0;0;0;0
FR;6;2021-10-29;0;0;0;0;0;0;0;0;0;0;0;0;0;0;0;0;0;0
FR;6;2021-10-30;0;0;0;0;0;0;0;0;0;0;0;0;0;0;0;0;0;0
FR;6;2021-10-31;0;0;0;0;0;0;0;0;0;0;0;0;0;0;0;0;0;0
FR;6;2021-11-01;0;0;0;0;0;0;0;0;0;0;0;0;0;0;0;0;0;0
FR;6;2021-11-02;0;0;0;0;0;0;0;0;0;0;0;0;0;0;0;0;0;0
FR;6;2021-11-03;0;0;0;0;0;0;0;0;0;0;0;0;0;0;0;0;0;0
FR;6;2021-11-04;0;0;0;0;0;0;0;0;0;0;0;0;0;0;0;0;0;0
FR;6;2021-11-05;0;0;0;0;0;0;0;0;0;0;0;0;0;0;0;0;0;0
FR;6;2021-11-06;0;0;0;0;0;0;0;0;0;0;0;0;0;0;0;0;0;0
FR;6;2021-11-07;0;0;0;0;0;0;0;0;0;0;0;0;0;0;0;0;0;0
FR;6;2021-11-08;0;0;0;0;0;0;0;0;0;0;0;0;0;0;0;0;0;0
FR;6;2021-11-09;0;0;0;0;0;0;0;0;0;0;0;0;0;0;0;0;0;0
FR;6;2021-11-10;0;0;0;0;0;0;0;0;0;0;0;0;0;0;0;0;0;0
FR;6;2021-11-11;0;0;0;0;0;0;0;0;0;0;0;0;0;0;0;0;0;0
FR;6;2021-11-12;0;0;0;0;0;0;0;0;0;0;0;0;0;0;0;0;0;0
FR;6;2021-11-13;0;0;0;0;0;0;0;0;0;0;0;0;0;0;0;0;0;0
FR;6;2021-11-14;0;0;0;0;0;0;0;0;0;0;0;0;0;0;0;0;0;0
FR;6;2021-11-15;0;0;0;0;0;0;0;0;0;0;0;0;0;0;0;0;0;0
FR;6;2021-11-16;0;0;0;0;0;0;0;0;0;0;0;0;0;0;0;0;0;0
FR;6;2021-11-17;0;0;0;0;0;0;0;0;0;0;0;0;0;0;0;0;0;0
FR;6;2021-11-18;0;0;0;0;0;0;0;0;0;0;0;0;0;0;0;0;0;0
FR;6;2021-11-19;0;0;0;0;0;0;0;0;0;0;0;0;0;0;0;0;0;0
FR;6;2021-11-20;0;0;0;0;0;0;0;0;0;0;0;0;0;0;0;0;0;0
FR;6;2021-11-21;0;0;0;0;0;0;0;0;0;0;0;0;0;0;0;0;0;0
FR;6;2021-11-22;0;0;0;0;0;0;0;0;0;0;0;0;0;0;0;0;0;0
FR;6;2021-11-23;0;0;0;0;0;0;0;0;0;0;0;0;0;0;0;0;0;0
FR;6;2021-11-24;0;0;0;0;0;0;0;0;0;0;0;0;0;0;0;0;0;0
FR;6;2021-11-25;0;0;0;0;0;0;0;0;0;0;0;0;0;0;0;0;0;0
FR;6;2021-11-26;0;0;0;0;0;0;0;0;0;0;0;0;0;0;0;0;0;0
FR;6;2021-11-27;0;0;0;0;0;0;0;0;0;0;0;0;0;0;0;0;0;0
FR;6;2021-11-28;0;0;0;0;0;0;0;0;0;0;0;0;0;0;0;0;0;0
FR;6;2021-11-29;0;0;0;0;0;0;0;0;0;0;0;0;0;0;0;0;0;0
FR;6;2021-11-30;0;0;0;0;0;0;0;0;0;0;0;0;0;0;0;0;0;0
FR;6;2021-12-01;0;0;0;0;0;0;0;0;0;0;0;0;0;0;0;0;0;0
FR;6;2021-12-02;0;0;0;0;0;0;0;0;0;0;0;0;0;0;0;0;0;0
FR;6;2021-12-03;0;0;0;0;0;0;0;0;0;0;0;0;0;0;0;0;0;0
FR;6;2021-12-04;0;0;0;0;0;0;0;0;0;0;0;0;0;0;0;0;0;0
FR;6;2021-12-05;0;0;0;0;0;0;0;0;0;0;0;0;0;0;0;0;0;0
FR;6;2021-12-06;0;0;0;0;0;0;0;0;0;0;0;0;0;0;0;0;0;0
FR;6;2021-12-07;0;0;0;0;0;0;0;0;0;0;0;0;0;0;0;0;0;0
FR;6;2021-12-08;0;0;0;0;0;0;0;0;0;0;0;0;0;0;0;0;0;0
FR;6;2021-12-09;0;0;0;0;0;0;0;0;0;0;0;0;0;0;0;0;0;0
FR;6;2021-12-10;0;0;0;0;0;0;0;0;0;0;0;0;0;0;0;0;0;0
FR;6;2021-12-11;0;0;0;0;0;0;0;0;0;0;0;0;0;0;0;0;0;0
FR;6;2021-12-12;0;0;0;0;0;0;0;0;0;0;0;0;0;0;0;0;0;0
FR;6;2021-12-13;0;0;0;0;0;0;0;0;0;0;0;0;0;0;0;0;0;0
FR;6;2021-12-14;0;0;0;0;0;0;0;0;0;0;0;0;0;0;0;0;0;0
FR;6;2021-12-15;0;0;0;0;0;0;0;0;0;0;0;0;0;0;0;0;0;0
FR;6;2021-12-16;0;0;0;0;0;0;0;0;0;0;0;0;0;0;0;0;0;0
FR;6;2021-12-17;0;0;0;0;0;0;0;0;0;0;0;0;0;0;0;0;0;0
FR;6;2021-12-18;0;0;0;0;0;0;0;0;0;0;0;0;0;0;0;0;0;0
FR;6;2021-12-19;0;0;0;0;0;0;0;0;0;0;0;0;0;0;0;0;0;0
FR;6;2021-12-20;0;0;0;0;0;0;0;0;0;0;0;0;0;0;0;0;0;0
FR;6;2021-12-21;0;0;0;0;0;0;0;0;0;0;0;0;0;0;0;0;0;0
FR;6;2021-12-22;0;0;0;0;0;0;0;0;0;0;0;0;0;0;0;0;0;0
FR;6;2021-12-23;0;0;0;0;0;0;0;0;0;0;0;0;0;0;0;0;0;0
FR;6;2021-12-24;0;0;0;0;0;0;0;0;0;0;0;0;0;0;0;0;0;0
FR;6;2021-12-25;0;0;0;0;0;0;0;0;0;0;0;0;0;0;0;0;0;0
FR;6;2021-12-26;0;0;0;0;0;0;0;0;0;0;0;0;0;0;0;0;0;0
FR;6;2021-12-27;0;0;0;0;0;0;0;0;0;0;0;0;0;0;0;0;0;0
FR;6;2021-12-28;0;0;0;0;0;0;0;0;0;0;0;0;0;0;0;0;0;0
FR;6;2021-12-29;0;0;0;0;0;0;0;0;0;0;0;0;0;0;0;0;0;0
FR;6;2021-12-30;0;0;0;0;0;0;0;0;0;0;0;0;0;0;0;0;0;0
FR;6;2021-12-31;0;0;0;0;0;0;0;0;0;0;0;0;0;0;0;0;0;0
FR;6;2022-01-01;0;0;0;0;0;0;0;0;0;0;0;0;0;0;0;0;0;0
FR;6;2022-01-02;0;0;0;0;0;0;0;0;0;0;0;0;0;0;0;0;0;0
FR;6;2022-01-03;0;0;0;0;0;0;0;0;0;0;0;0;0;0;0;0;0;0
FR;6;2022-01-04;0;0;0;0;0;0;0;0;0;0;0;0;0;0;0;0;0;0
FR;6;2022-01-05;0;0;0;0;0;0;0;0;0;0;0;0;0;0;0;0;0;0
FR;6;2022-01-06;0;0;0;0;0;0;0;0;0;0;0;0;0;0;0;0;0;0
FR;6;2022-01-07;0;0;0;0;0;0;0;0;0;0;0;0;0;0;0;0;0;0
FR;6;2022-01-08;0;0;0;0;0;0;0;0;0;0;0;0;0;0;0;0;0;0
FR;6;2022-01-09;0;0;0;0;0;0;0;0;0;0;0;0;0;0;0;0;0;0
FR;6;2022-01-10;0;0;0;0;0;0;0;0;0;0;0;0;0;0;0;0;0;0
FR;6;2022-01-11;0;0;0;0;0;0;0;0;0;0;0;0;0;0;0;0;0;0
FR;6;2022-01-12;0;0;0;0;0;0;0;0;0;0;0;0;0;0;0;0;0;0
FR;6;2022-01-13;0;0;0;0;0;0;0;0;0;0;0;0;0;0;0;0;0;0
FR;6;2022-01-14;0;0;0;0;0;0;0;0;0;0;0;0;0;0;0;0;0;0
FR;6;2022-01-15;0;0;0;0;0;0;0;0;0;0;0;0;0;0;0;0;0;0
FR;6;2022-01-16;0;0;0;0;0;0;0;0;0;0;0;0;0;0;0;0;0;0
FR;6;2022-01-17;0;0;0;0;0;0;0;0;0;0;0;0;0;0;0;0;0;0
FR;6;2022-01-18;0;0;0;0;0;0;0;0;0;0;0;0;0;0;0;0;0;0
FR;6;2022-01-19;0;0;0;0;0;0;0;0;0;0;0;0;0;0;0;0;0;0
FR;6;2022-01-20;0;0;0;0;0;0;0;0;0;0;0;0;0;0;0;0;0;0
FR;6;2022-01-21;0;0;0;0;0;0;0;0;0;0;0;0;0;0;0;0;0;0
FR;6;2022-01-22;0;0;0;0;0;0;0;0;0;0;0;0;0;0;0;0;0;0
FR;6;2022-01-23;0;0;0;0;0;0;0;0;0;0;0;0;0;0;0;0;0;0
FR;6;2022-01-24;0;0;0;0;0;0;0;0;0;0;0;0;0;0;0;0;0;0
FR;6;2022-01-25;0;0;0;0;0;0;0;0;0;0;0;0;0;0;0;0;0;0
FR;6;2022-01-26;0;0;0;0;0;0;0;0;0;0;0;0;0;0;0;0;0;0
FR;6;2022-01-27;0;0;0;0;0;0;0;0;0;0;0;0;0;0;0;0;0;0
FR;6;2022-01-28;0;0;0;0;0;0;0;0;0;0;0;0;0;0;0;0;0;0
FR;6;2022-01-29;0;0;0;0;0;0;0;0;0;0;0;0;0;0;0;0;0;0
FR;6;2022-01-30;0;0;0;0;0;0;0;0;0;0;0;0;0;0;0;0;0;0
FR;6;2022-01-31;0;0;0;0;0;0;0;0;0;0;0;0;0;0;0;0;0;0
FR;6;2022-02-01;0;0;0;0;0;0;0;0;0;0;0;0;0;0;0;0;0;0
FR;6;2022-02-02;0;0;0;0;0;0;0;0;0;0;0;0;0;0;0;0;0;0
FR;6;2022-02-03;0;0;0;0;0;0;0;0;0;0;0;0;0;0;0;0;0;0
FR;6;2022-02-04;0;0;0;0;0;0;0;0;0;0;0;0;0;0;0;0;0;0
FR;6;2022-02-05;0;0;0;0;0;0;0;0;0;0;0;0;0;0;0;0;0;0
FR;6;2022-02-06;0;0;0;0;0;0;0;0;0;0;0;0;0;0;0;0;0;0
FR;6;2022-02-07;0;0;0;0;0;0;0;0;0;0;0;0;0;0;0;0;0;0
FR;6;2022-02-08;0;0;0;0;0;0;0;0;0;0;0;0;0;0;0;0;0;0
FR;6;2022-02-09;0;0;0;0;0;0;0;0;0;0;0;0;0;0;0;0;0;0
FR;6;2022-02-10;0;0;0;0;0;0;0;0;0;0;0;0;0;0;0;0;0;0
FR;6;2022-02-11;0;0;0;0;0;0;0;0;0;0;0;0;0;0;0;0;0;0
FR;6;2022-02-12;0;0;0;0;0;0;0;0;0;0;0;0;0;0;0;0;0;0
FR;6;2022-02-13;0;0;0;0;0;0;0;0;0;0;0;0;0;0;0;0;0;0
FR;6;2022-02-14;0;0;0;0;0;0;0;0;0;0;0;0;0;0;0;0;0;0
FR;6;2022-02-15;0;0;0;0;0;0;0;0;0;0;0;0;0;0;0;0;0;0
FR;6;2022-02-16;0;0;0;0;0;0;0;0;0;0;0;0;0;0;0;0;0;0
FR;6;2022-02-17;0;0;0;0;0;0;0;0;0;0;0;0;0;0;0;0;0;0
FR;6;2022-02-18;0;0;0;0;0;0;0;0;0;0;0;0;0;0;0;0;0;0
FR;6;2022-02-19;0;0;0;0;0;0;0;0;0;0;0;0;0;0;0;0;0;0
FR;6;2022-02-20;0;0;0;0;0;0;0;0;0;0;0;0;0;0;0;0;0;0
FR;6;2022-02-21;0;0;0;0;0;0;0;0;0;0;0;0;0;0;0;0;0;0
FR;6;2022-02-22;0;0;0;0;0;0;0;0;0;0;0;0;0;0;0;0;0;0
FR;6;2022-02-23;0;0;0;0;0;0;0;0;0;0;0;0;0;0;0;0;0;0
FR;6;2022-02-24;0;0;0;0;0;0;0;0;0;0;0;0;0;0;0;0;0;0
FR;6;2022-02-25;0;0;0;0;0;0;0;0;0;0;0;0;0;0;0;0;0;0
FR;6;2022-02-26;1;0;0;0;0;0;0;0;0;1;0;0;0;0;0;0;0;0
FR;6;2022-02-27;0;0;0;0;0;0;0;0;0;1;0;0;0;0;0;0;0;0
FR;6;2022-02-28;0;0;0;0;0;0;0;0;0;1;0;0;0;0;0;0;0;0
FR;6;2022-03-01;3;0;0;0;0;0;0;0;0;4;0;0;0;0;0;0;0;0
FR;6;2022-03-02;97;9;2;0;15;7;0;0;0;101;9;2;0;15;7;0;0;0
FR;6;2022-03-03;0;0;0;0;0;0;0;0;0;101;9;2;0;15;7;0;0;0
FR;6;2022-03-04;92;4;0;0;8;4;0;0;0;193;13;2;0;23;11;0;0;0
FR;6;2022-03-05;391;23;2;0;60;14;0;0;0;584;36;4;0;83;25;0;0;0
FR;6;2022-03-06;7;1;0;0;2;0;0;0;0;591;37;4;0;85;25;0;0;0
FR;6;2022-03-07;337;19;0;0;51;13;0;0;0;928;56;4;0;136;38;0;0;0
FR;6;2022-03-08;230;14;0;0;47;5;0;0;0;1158;70;4;0;183;43;0;0;0
FR;6;2022-03-09;519;29;2;0;84;21;1;0;0;1677;99;6;0;267;64;1;0;0
FR;6;2022-03-10;206;19;0;1;54;12;1;0;0;1883;118;6;1;321;76;2;0;0
FR;6;2022-03-11;331;22;6;0;53;21;0;0;0;2214;140;12;1;374;97;2;0;0
FR;6;2022-03-12;518;25;1;0;83;20;0;0;0;2732;165;13;1;457;117;2;0;0
FR;6;2022-03-13;40;2;0;0;2;1;0;0;0;2772;167;13;1;459;118;2;0;0
FR;6;2022-03-14;201;4;2;0;39;3;1;0;0;2973;171;15;1;498;121;3;0;0
FR;6;2022-03-15;112;11;2;0;29;9;0;0;0;3085;182;17;1;527;130;3;0;0
FR;6;2022-03-16;310;17;2;1;49;15;1;0;0;3395;199;19;2;576;145;4;0;0
FR;6;2022-03-17;117;6;1;2;14;4;2;0;0;3512;205;20;4;590;149;6;0;0
FR;6;2022-03-18;215;10;0;0;40;6;0;0;0;3727;215;20;4;630;155;6;0;0
FR;6;2022-03-19;307;19;2;0;89;9;0;0;0;4034;234;22;4;719;164;6;0;0
FR;6;2022-03-20;15;5;0;0;5;1;0;0;0;4049;239;22;4;724;165;6;0;0
FR;6;2022-03-21;132;23;1;0;47;4;0;0;0;4181;262;23;4;771;169;6;0;0
FR;6;2022-03-22;97;15;0;0;34;4;0;0;0;4278;277;23;4;805;173;6;0;0
FR;6;2022-03-23;226;108;3;0;154;14;1;0;0;4504;385;26;4;959;187;7;0;0
FR;6;2022-03-24;100;15;1;3;32;4;3;0;0;4604;400;27;7;991;191;10;0;0
FR;6;2022-03-25;203;141;2;1;179;15;2;0;0;4807;541;29;8;1170;206;12;0;0
FR;6;2022-03-26;331;295;7;1;384;19;1;0;0;5138;836;36;9;1554;225;13;0;0
FR;6;2022-03-27;32;30;1;0;37;1;1;0;0;5170;866;37;9;1591;226;14;0;0
FR;6;2022-03-28;201;208;8;1;234;17;3;0;0;5371;1074;45;10;1825;243;17;0;0
FR;6;2022-03-29;124;189;12;2;206;12;9;0;0;5495;1263;57;12;2031;255;26;0;0
FR;6;2022-03-30;305;476;10;2;548;22;6;0;0;5800;1739;67;14;2579;277;32;0;0
FR;6;2022-03-31;123;140;10;0;160;14;5;0;0;5923;1879;77;14;2739;291;37;0;0
FR;6;2022-04-01;195;150;11;2;178;23;3;0;0;6118;2029;88;16;2917;314;40;0;0
FR;6;2022-04-02;206;241;9;1;280;13;8;0;0;6324;2270;97;17;3197;327;48;0;0
FR;6;2022-04-03;17;21;0;0;26;1;0;0;0;6341;2291;97;17;3223;328;48;0;0
FR;6;2022-04-04;137;114;6;1;131;9;5;0;0;6478;2405;103;18;3354;337;53;0;0
FR;6;2022-04-05;146;88;15;1;105;11;8;0;0;6624;2493;118;19;3459;348;61;0;0
FR;6;2022-04-06;204;245;22;26;291;27;33;0;0;6828;2738;140;45;3750;375;94;0;0
FR;6;2022-04-07;127;96;15;9;115;17;14;0;0;6955;2834;155;54;3865;392;108;0;0
FR;6;2022-04-08;199;171;16;3;214;17;9;0;1;7154;3005;171;57;4079;409;117;0;1
FR;6;2022-04-09;145;139;6;12;171;13;4;0;0;7299;3144;177;69;4250;422;121;0;1
FR;6;2022-04-10;10;20;3;0;25;1;3;0;0;7309;3164;180;69;4275;423;124;0;1
FR;6;2022-04-11;101;106;4;0;128;5;3;0;0;7410;3270;184;69;4403;428;127;0;1
FR;6;2022-04-12;136;75;5;8;114;10;10;0;0;7546;3345;189;77;4517;438;137;0;1
FR;6;2022-04-13;162;175;7;5;208;13;8;0;0;7708;3520;196;82;4725;451;145;0;1
FR;6;2022-04-14;100;103;5;10;121;8;10;0;0;7808;3623;201;92;4846;459;155;0;1
FR;6;2022-04-15;158;149;11;7;167;19;14;0;1;7966;3772;212;99;5013;478;169;0;2
FR;6;2022-04-16;127;132;5;0;162;14;2;0;0;8093;3904;217;99;5175;492;171;0;2
FR;6;2022-04-17;8;9;4;0;10;4;0;0;0;8101;3913;221;99;5185;496;171;0;2
FR;6;2022-04-18;8;15;3;0;14;4;0;0;0;8109;3928;224;99;5199;500;171;0;2
FR;6;2022-04-19;97;112;4;3;130;3;7;0;0;8206;4040;228;102;5329;503;178;0;2
FR;6;2022-04-20;178;227;8;7;269;15;3;0;0;8384;4267;236;109;5598;518;181;0;2
FR;6;2022-04-21;111;93;8;4;110;11;7;0;0;8495;4360;244;113;5708;529;188;0;2
FR;6;2022-04-22;138;160;13;12;190;13;13;0;0;8633;4520;257;125;5898;542;201;0;2
FR;6;2022-04-23;106;129;1;1;161;7;1;0;0;8739;4649;258;126;6059;549;202;0;2
FR;6;2022-04-24;5;21;1;0;22;0;1;0;0;8744;4670;259;126;6081;549;203;0;2
FR;6;2022-04-25;90;128;3;8;150;11;9;0;0;8834;4798;262;134;6231;560;212;0;2
FR;6;2022-04-26;101;128;19;2;151;17;13;0;0;8935;4926;281;136;6382;577;225;0;2
FR;6;2022-04-27;197;159;21;1;222;27;11;0;1;9132;5085;302;137;6604;604;236;0;3
FR;6;2022-04-28;109;87;7;1;123;8;7;0;0;9241;5172;309;138;6727;612;243;0;3
FR;6;2022-04-29;191;169;16;2;215;20;6;0;0;9432;5341;325;140;6942;632;249;0;3
FR;6;2022-04-30;133;125;7;1;168;24;2;0;0;9565;5466;332;141;7110;656;251;0;3
FR;6;2022-05-01;7;6;0;0;8;0;0;0;0;9572;5472;332;141;7118;656;251;0;3
FR;6;2022-05-02;94;65;3;4;88;3;4;0;0;9666;5537;335;145;7206;659;255;0;3
FR;6;2022-05-03;136;93;11;2;125;7;9;0;0;9802;5630;346;147;7331;666;264;0;3
FR;6;2022-05-04;167;118;25;12;161;29;12;0;1;9969;5748;371;159;7492;695;276;0;4
FR;6;2022-05-05;101;70;8;3;96;12;6;0;0;10070;5818;379;162;7588;707;282;0;4
FR;6;2022-05-06;152;110;10;9;155;16;11;0;0;10222;5928;389;171;7743;723;293;0;4
FR;6;2022-05-07;139;93;13;3;136;23;8;0;0;10361;6021;402;174;7879;746;301;0;4
FR;6;2022-05-08;20;8;6;5;16;7;5;0;0;10381;6029;408;179;7895;753;306;0;4
FR;6;2022-05-09;86;78;9;7;95;13;6;0;0;10467;6107;417;186;7990;766;312;0;4
FR;6;2022-05-10;112;80;15;7;110;12;13;0;0;10579;6187;432;193;8100;778;325;0;4
FR;6;2022-05-11;130;124;11;14;163;20;6;0;0;10709;6311;443;207;8263;798;331;0;4
FR;6;2022-05-12;105;76;7;5;96;15;6;0;1;10814;6387;450;212;8359;813;337;0;5
FR;6;2022-05-13;155;97;17;21;137;22;16;0;0;10969;6484;467;233;8496;835;353;0;5
FR;6;2022-05-14;81;60;6;7;84;15;2;0;0;11050;6544;473;240;8580;850;355;0;5
FR;6;2022-05-15;12;7;0;0;14;0;0;0;0;11062;6551;473;240;8594;850;355;0;5
FR;6;2022-05-16;65;54;6;2;69;12;3;0;0;11127;6605;479;242;8663;862;358;0;5
FR;6;2022-05-17;123;77;5;7;92;11;8;0;0;11250;6682;484;249;8755;873;366;0;5
FR;6;2022-05-18;131;116;5;1;159;13;3;0;0;11381;6798;489;250;8914;886;369;0;5
FR;6;2022-05-19;124;57;6;8;96;9;8;0;0;11505;6855;495;258;9010;895;377;0;5
FR;6;2022-05-20;125;115;13;3;151;18;10;0;0;11630;6970;508;261;9161;913;387;0;5
FR;6;2022-05-21;92;69;14;3;93;12;8;0;0;11722;7039;522;264;9254;925;395;0;5
FR;6;2022-05-22;19;12;5;0;21;4;1;0;0;11741;7051;527;264;9275;929;396;0;5
FR;6;2022-05-23;77;72;4;2;90;7;2;0;0;11818;7123;531;266;9365;936;398;0;5
FR;6;2022-05-24;117;98;8;2;132;16;4;0;0;11935;7221;539;268;9497;952;402;0;5
FR;6;2022-05-25;139;129;6;3;170;11;6;0;0;12074;7350;545;271;9667;963;408;0;5
FR;6;2022-05-26;7;9;3;0;5;9;0;0;0;12081;7359;548;271;9672;972;408;0;5
FR;6;2022-05-27;127;105;15;11;137;18;18;0;1;12208;7464;563;282;9809;990;426;0;6
FR;6;2022-05-28;54;75;1;5;89;8;5;0;0;12262;7539;564;287;9898;998;431;0;6
FR;6;2022-05-29;8;10;0;0;10;1;0;0;0;12270;7549;564;287;9908;999;431;0;6
FR;6;2022-05-30;70;70;7;4;86;4;9;0;0;12340;7619;571;291;9994;1003;440;0;6
FR;6;2022-05-31;87;102;10;2;122;14;7;0;0;12427;7721;581;293;10116;1017;447;0;6
FR;6;2022-06-01;97;89;10;1;111;11;6;0;0;12524;7810;591;294;10227;1028;453;0;6
FR;6;2022-06-02;91;60;6;3;80;9;6;0;0;12615;7870;597;297;10307;1037;459;0;6
FR;6;2022-06-03;126;102;13;7;129;21;8;0;0;12741;7972;610;304;10436;1058;467;0;6
FR;6;2022-06-04;63;51;10;0;64;12;3;0;0;12804;8023;620;304;10500;1070;470;0;6
FR;6;2022-06-05;16;15;2;1;18;4;1;0;0;12820;8038;622;305;10518;1074;471;0;6
FR;6;2022-06-06;9;6;0;0;8;0;0;0;0;12829;8044;622;305;10526;1074;471;0;6
FR;6;2022-06-07;79;90;3;4;117;8;6;0;0;12908;8134;625;309;10643;1082;477;0;6
FR;6;2022-06-08;92;110;13;5;130;20;6;0;0;13000;8244;638;314;10773;1102;483;0;6
FR;6;2022-06-09;75;81;15;3;106;15;8;0;0;13075;8325;653;317;10879;1117;491;0;6
FR;6;2022-06-10;116;93;26;10;121;22;13;0;0;13191;8418;679;327;11000;1139;504;0;6
FR;6;2022-06-11;83;62;6;10;82;12;11;0;0;13274;8480;685;337;11082;1151;515;0;6
FR;6;2022-06-12;6;14;1;0;16;2;0;0;0;13280;8494;686;337;11098;1153;515;0;6
FR;6;2022-06-13;74;59;18;1;68;7;4;0;0;13354;8553;704;338;11166;1160;519;0;6
FR;6;2022-06-14;98;100;8;5;116;16;8;0;0;13452;8653;712;343;11282;1176;527;0;6
FR;6;2022-06-15;80;86;7;8;114;15;10;0;0;13532;8739;719;351;11396;1191;537;0;6
FR;6;2022-06-16;53;40;11;7;45;14;6;0;0;13585;8779;730;358;11441;1205;543;0;6
FR;6;2022-06-17;86;85;3;13;109;11;5;0;0;13671;8864;733;371;11550;1216;548;0;6
FR;6;2022-06-18;71;62;13;0;87;21;1;0;0;13742;8926;746;371;11637;1237;549;0;6
FR;6;2022-06-19;6;6;3;0;7;4;1;0;0;13748;8932;749;371;11644;1241;550;0;6
FR;6;2022-06-20;42;41;4;1;55;6;1;0;0;13790;8973;753;372;11699;1247;551;0;6
FR;6;2022-06-21;59;73;10;7;82;17;7;0;0;13849;9046;763;379;11781;1264;558;0;6
FR;6;2022-06-22;86;85;8;2;98;17;3;0;0;13935;9131;771;381;11879;1281;561;0;6
FR;6;2022-06-23;64;39;13;7;41;15;10;0;0;13999;9170;784;388;11920;1296;571;0;6
FR;6;2022-06-24;77;85;7;14;95;20;16;0;0;14076;9255;791;402;12015;1316;587;0;6
FR;6;2022-06-25;67;61;4;3;77;8;5;0;0;14143;9316;795;405;12092;1324;592;0;6
FR;6;2022-06-26;6;7;1;0;10;1;0;0;0;14149;9323;796;405;12102;1325;592;0;6
FR;6;2022-06-27;51;50;4;9;62;12;7;0;0;14200;9373;800;414;12164;1337;599;0;6
FR;6;2022-06-28;68;47;6;3;53;15;5;0;0;14268;9420;806;417;12217;1352;604;0;6
FR;6;2022-06-29;98;117;26;37;115;19;35;0;5;14366;9537;832;454;12332;1371;639;0;11
FR;6;2022-06-30;84;60;33;10;61;12;7;0;0;14450;9597;865;464;12393;1383;646;0;11
FR;6;2022-07-01;115;94;25;33;102;18;27;0;1;14565;9691;890;497;12495;1401;673;0;12
FR;6;2022-07-02;58;67;26;2;64;37;6;0;0;14623;9758;916;499;12559;1438;679;0;12
FR;6;2022-07-03;11;4;4;3;5;4;3;0;0;14634;9762;920;502;12564;1442;682;0;12
FR;6;2022-07-04;61;43;3;23;55;13;20;0;0;14695;9805;923;525;12619;1455;702;0;12
FR;6;2022-07-05;65;53;19;67;60;27;63;0;0;14760;9858;942;592;12679;1482;765;0;12
FR;6;2022-07-06;94;64;7;11;77;12;17;0;0;14854;9922;949;603;12756;1494;782;0;12
FR;6;2022-07-07;99;79;42;37;99;14;34;0;4;14953;10001;991;640;12855;1508;816;0;16
FR;6;2022-07-08;139;87;42;27;116;10;25;0;3;15092;10088;1033;667;12971;1518;841;0;19
FR;6;2022-07-09;53;51;16;29;51;27;33;0;1;15145;10139;1049;696;13022;1545;874;0;20
FR;6;2022-07-10;3;7;8;0;9;9;0;0;0;15148;10146;1057;696;13031;1554;874;0;20
FR;6;2022-07-11;54;44;5;4;47;12;4;0;0;15202;10190;1062;700;13078;1566;878;0;20
FR;6;2022-07-12;70;72;12;23;87;12;27;0;0;15272;10262;1074;723;13165;1578;905;0;20
FR;6;2022-07-13;84;65;14;21;71;25;22;0;0;15356;10327;1088;744;13236;1603;927;0;20
FR;6;2022-07-14;4;3;1;0;4;1;0;0;0;15360;10330;1089;744;13240;1604;927;0;20
FR;6;2022-07-15;74;59;9;57;85;16;45;0;0;15434;10389;1098;801;13325;1620;972;0;20
FR;6;2022-07-16;27;31;17;0;37;17;3;0;0;15461;10420;1115;801;13362;1637;975;0;20
FR;6;2022-07-17;3;7;0;0;8;0;0;0;0;15464;10427;1115;801;13370;1637;975;0;20
FR;6;2022-07-18;37;62;11;14;60;15;14;0;6;15501;10489;1126;815;13430;1652;989;0;26
FR;6;2022-07-19;54;48;4;19;60;6;21;0;1;15555;10537;1130;834;13490;1658;1010;0;27
FR;6;2022-07-20;53;70;7;22;75;11;27;0;0;15608;10607;1137;856;13565;1669;1037;0;27
FR;6;2022-07-21;51;61;4;7;56;11;9;0;0;15659;10668;1141;863;13621;1680;1046;0;27
FR;6;2022-07-22;55;74;7;26;82;8;16;0;2;15714;10742;1148;889;13703;1688;1062;0;29
FR;6;2022-07-23;38;40;6;10;40;6;9;0;1;15752;10782;1154;899;13743;1694;1071;0;30
FR;6;2022-07-24;11;14;1;3;19;3;3;0;0;15763;10796;1155;902;13762;1697;1074;0;30
FR;6;2022-07-25;60;44;8;12;41;9;13;0;1;15823;10840;1163;914;13803;1706;1087;0;31
FR;6;2022-07-26;47;64;14;6;62;10;13;0;0;15870;10904;1177;920;13865;1716;1100;0;31
FR;6;2022-07-27;54;78;15;11;81;17;15;0;8;15924;10982;1192;931;13946;1733;1115;0;39
FR;6;2022-07-28;30;48;4;6;50;8;7;0;1;15954;11030;1196;937;13996;1741;1122;0;40
FR;6;2022-07-29;43;71;10;38;60;24;36;0;1;15997;11101;1206;975;14056;1765;1158;0;41
FR;6;2022-07-30;26;48;4;15;49;7;15;0;0;16023;11149;1210;990;14105;1772;1173;0;41
FR;6;2022-07-31;0;1;1;0;1;0;1;0;0;16023;11150;1211;990;14106;1772;1174;0;41
FR;6;2022-08-01;39;36;14;8;32;10;6;0;1;16062;11186;1225;998;14138;1782;1180;0;42
FR;6;2022-08-02;37;46;10;14;52;6;16;0;0;16099;11232;1235;1012;14190;1788;1196;0;42
FR;6;2022-08-03;29;52;7;16;53;11;19;0;0;16128;11284;1242;1028;14243;1799;1215;0;42
FR;6;2022-08-04;25;21;4;9;20;6;10;0;1;16153;11305;1246;1037;14263;1805;1225;0;43
FR;6;2022-08-05;43;45;1;7;53;5;7;0;0;16196;11350;1247;1044;14316;1810;1232;0;43
FR;6;2022-08-06;17;27;1;3;33;2;4;0;0;16213;11377;1248;1047;14349;1812;1236;0;43
FR;6;2022-08-07;1;2;0;0;2;0;0;0;0;16214;11379;1248;1047;14351;1812;1236;0;43
FR;6;2022-08-08;24;33;1;0;40;1;0;0;0;16238;11412;1249;1047;14391;1813;1236;0;43
FR;6;2022-08-09;22;30;6;3;29;3;3;0;0;16260;11442;1255;1050;14420;1816;1239;0;43
FR;6;2022-08-10;32;36;5;9;38;5;9;0;5;16292;11478;1260;1059;14458;1821;1248;0;48
FR;6;2022-08-11;33;33;1;1;40;1;0;0;1;16325;11511;1261;1060;14498;1822;1248;0;49
FR;6;2022-08-12;50;44;6;2;50;15;3;0;1;16375;11555;1267;1062;14548;1837;1251;0;50
FR;6;2022-08-13;9;20;0;0;22;1;0;0;0;16384;11575;1267;1062;14570;1838;1251;0;50
FR;6;2022-08-14;3;1;0;0;2;0;0;0;0;16387;11576;1267;1062;14572;1838;1251;0;50
FR;6;2022-08-15;2;3;1;0;4;0;1;0;0;16389;11579;1268;1062;14576;1838;1252;0;50
FR;6;2022-08-16;35;66;21;7;66;7;2;0;0;16424;11645;1289;1069;14642;1845;1254;0;50
FR;6;2022-08-17;32;44;10;9;41;10;6;0;7;16456;11689;1299;1078;14683;1855;1260;0;57
FR;6;2022-08-18;29;55;14;4;61;4;0;0;1;16485;11744;1313;1082;14744;1859;1260;0;58
FR;6;2022-08-19;30;45;5;4;47;3;2;0;1;16515;11789;1318;1086;14791;1862;1262;0;59
FR;6;2022-08-20;26;29;3;0;29;8;1;0;0;16541;11818;1321;1086;14820;1870;1263;0;59
FR;6;2022-08-21;1;5;2;0;5;0;0;0;0;16542;11823;1323;1086;14825;1870;1263;0;59
FR;6;2022-08-22;20;42;15;1;45;0;0;0;0;16562;11865;1338;1087;14870;1870;1263;0;59
FR;6;2022-08-23;34;45;6;7;47;6;4;0;2;16596;11910;1344;1094;14917;1876;1267;0;61
FR;6;2022-08-24;34;30;6;3;36;6;2;0;3;16630;11940;1350;1097;14953;1882;1269;0;64
FR;6;2022-08-25;25;27;1;1;29;5;1;0;0;16655;11967;1351;1098;14982;1887;1270;0;64
FR;6;2022-08-26;38;44;4;4;51;7;7;0;0;16693;12011;1355;1102;15033;1894;1277;0;64
FR;6;2022-08-27;19;21;7;3;22;8;4;0;0;16712;12032;1362;1105;15055;1902;1281;0;64
FR;6;2022-08-28;6;3;0;6;3;1;1;0;4;16718;12035;1362;1111;15058;1903;1282;0;68
FR;6;2022-08-29;26;22;2;6;29;3;6;0;0;16744;12057;1364;1117;15087;1906;1288;0;68
FR;6;2022-08-30;28;35;4;12;33;8;13;0;0;16772;12092;1368;1129;15120;1914;1301;0;68
FR;6;2022-08-31;35;38;2;11;46;3;12;0;0;16807;12130;1370;1140;15166;1917;1313;0;68
FR;6;2022-09-01;17;11;5;1;13;4;3;0;0;16824;12141;1375;1141;15179;1921;1316;0;68
FR;6;2022-09-02;19;14;2;1;13;3;2;0;0;16843;12155;1377;1142;15192;1924;1318;0;68
FR;6;2022-09-03;10;3;1;5;4;2;5;0;0;16853;12158;1378;1147;15196;1926;1323;0;68
FR;6;2022-09-04;4;1;0;0;1;0;0;0;0;16857;12159;1378;1147;15197;1926;1323;0;68
FR;6;2022-09-05;8;7;0;0;10;0;0;0;0;16865;12166;1378;1147;15207;1926;1323;0;68
FR;6;2022-09-06;7;9;7;12;8;6;15;0;0;16872;12175;1385;1159;15215;1932;1338;0;68
FR;6;2022-09-07;3;8;1;0;8;1;0;0;0;16875;12183;1386;1159;15223;1933;1338;0;68
FR;6;2022-09-08;6;4;0;2;3;1;2;0;0;16881;12187;1386;1161;15226;1934;1340;0;68
FR;6;2022-09-09;7;9;2;7;9;3;8;0;0;16888;12196;1388;1168;15235;1937;1348;0;68
FR;6;2022-09-10;3;4;1;0;3;1;1;0;0;16891;12200;1389;1168;15238;1938;1349;0;68
FR;6;2022-09-11;1;3;0;0;3;0;0;0;0;16892;12203;1389;1168;15241;1938;1349;0;68
FR;6;2022-09-12;10;4;1;0;3;3;0;0;0;16902;12207;1390;1168;15244;1941;1349;0;68
FR;6;2022-09-13;7;2;3;0;2;2;2;0;0;16909;12209;1393;1168;15246;1943;1351;0;68
FR;6;2022-09-14;9;8;2;0;7;4;0;0;0;16918;12217;1395;1168;15253;1947;1351;0;68
FR;6;2022-09-15;8;13;5;5;9;9;3;0;2;16926;12230;1400;1173;15262;1956;1354;0;70
FR;6;2022-09-16;25;39;1;1;47;4;1;0;2;16951;12269;1401;1174;15309;1960;1355;0;72
FR;6;2022-09-17;24;22;0;6;24;5;3;0;2;16975;12291;1401;1180;15333;1965;1358;0;74
FR;6;2022-09-18;5;4;0;0;4;1;0;0;0;16980;12295;1401;1180;15337;1966;1358;0;74
FR;6;2022-09-19;30;30;2;1;31;5;1;0;0;17010;12325;1403;1181;15368;1971;1359;0;74
FR;6;2022-09-20;34;25;1;4;29;6;2;0;1;17044;12350;1404;1185;15397;1977;1361;0;75
FR;6;2022-09-21;21;9;3;3;7;7;5;0;3;17065;12359;1407;1188;15404;1984;1366;0;78
FR;6;2022-09-22;19;28;1;22;32;3;21;0;1;17084;12387;1408;1210;15436;1987;1387;0;79
FR;6;2022-09-23;28;41;5;9;47;9;2;0;0;17112;12428;1413;1219;15483;1996;1389;0;79
FR;6;2022-09-24;16;16;4;2;21;6;2;0;0;17128;12444;1417;1221;15504;2002;1391;0;79
FR;6;2022-09-25;3;14;0;0;14;1;0;0;0;17131;12458;1417;1221;15518;2003;1391;0;79
FR;6;2022-09-26;16;13;0;18;12;5;18;0;2;17147;12471;1417;1239;15530;2008;1409;0;81
FR;6;2022-09-27;32;19;2;3;23;4;4;0;0;17179;12490;1419;1242;15553;2012;1413;0;81
FR;6;2022-09-28;27;10;9;11;16;5;17;0;2;17206;12500;1428;1253;15569;2017;1430;0;83
FR;6;2022-09-29;13;13;10;34;16;6;33;0;7;17219;12513;1438;1287;15585;2023;1463;0;90
FR;6;2022-09-30;34;24;5;6;33;5;3;0;0;17253;12537;1443;1293;15618;2028;1466;0;90
FR;6;2022-10-01;17;12;5;8;9;8;8;0;2;17270;12549;1448;1301;15627;2036;1474;0;92
FR;6;2022-10-02;3;0;0;0;1;0;0;0;0;17273;12549;1448;1301;15628;2036;1474;0;92
FR;6;2022-10-03;11;10;3;5;11;4;6;0;0;17284;12559;1451;1306;15639;2040;1480;0;92
FR;6;2022-10-04;19;17;4;28;21;3;30;0;3;17303;12576;1455;1334;15660;2043;1510;0;95
FR;6;2022-10-05;11;12;3;2;9;7;4;0;0;17314;12588;1458;1336;15669;2050;1514;0;95
FR;6;2022-10-06;19;13;4;6;17;2;10;0;0;17333;12601;1462;1342;15686;2052;1524;0;95
FR;6;2022-10-07;27;26;5;24;25;10;16;0;5;17360;12627;1467;1366;15711;2062;1540;0;100
FR;6;2022-10-08;18;13;0;0;16;0;0;0;0;17378;12640;1467;1366;15727;2062;1540;0;100
FR;6;2022-10-09;7;3;4;27;3;4;30;0;6;17385;12643;1471;1393;15730;2066;1570;0;106
FR;6;2022-10-10;15;14;1;16;16;6;13;0;0;17400;12657;1472;1409;15746;2072;1583;0;106
FR;6;2022-10-11;21;23;3;11;21;8;13;0;3;17421;12680;1475;1420;15767;2080;1596;0;109
FR;6;2022-10-12;20;16;7;19;18;3;24;0;7;17441;12696;1482;1439;15785;2083;1620;0;116
FR;6;2022-10-13;28;15;2;36;23;0;38;0;6;17469;12711;1484;1475;15808;2083;1658;0;122
FR;6;2022-10-14;29;23;5;49;23;11;45;0;13;17498;12734;1489;1524;15831;2094;1703;0;135
FR;6;2022-10-15;13;9;0;22;8;4;21;0;6;17511;12743;1489;1546;15839;2098;1724;0;141
FR;6;2022-10-16;4;5;0;6;2;3;6;0;0;17515;12748;1489;1552;15841;2101;1730;0;141
FR;6;2022-10-17;14;14;2;10;14;1;12;0;2;17529;12762;1491;1562;15855;2102;1742;0;143
FR;6;2022-10-18;12;19;9;26;19;4;18;0;11;17541;12781;1500;1588;15874;2106;1760;0;154
FR;6;2022-10-19;10;20;6;16;20;5;19;0;5;17551;12801;1506;1604;15894;2111;1779;0;159
FR;6;2022-10-20;16;15;12;57;18;5;67;0;13;17567;12816;1518;1661;15912;2116;1846;0;172
FR;6;2022-10-21;16;21;9;34;22;11;37;0;10;17583;12837;1527;1695;15934;2127;1883;0;182
FR;6;2022-10-22;19;14;1;4;17;3;4;0;0;17602;12851;1528;1699;15951;2130;1887;0;182
FR;6;2022-10-23;3;2;1;0;3;0;1;0;0;17605;12853;1529;1699;15954;2130;1888;0;182
FR;6;2022-10-24;12;14;2;7;14;6;5;0;2;17617;12867;1531;1706;15968;2136;1893;0;184
FR;6;2022-10-25;20;13;6;17;16;7;19;0;4;17637;12880;1537;1723;15984;2143;1912;0;188
FR;6;2022-10-26;17;9;4;13;12;4;15;0;5;17654;12889;1541;1736;15996;2147;1927;0;193
FR;6;2022-10-27;20;7;8;37;10;6;36;0;14;17674;12896;1549;1773;16006;2153;1963;0;207
FR;6;2022-10-28;21;27;3;4;28;6;5;0;1;17695;12923;1552;1777;16034;2159;1968;0;208
FR;6;2022-10-29;7;11;5;11;10;6;14;0;12;17702;12934;1557;1788;16044;2165;1982;0;220
FR;6;2022-10-30;2;5;0;0;5;0;0;0;0;17704;12939;1557;1788;16049;2165;1982;0;220
FR;6;2022-10-31;20;14;2;13;17;4;12;0;3;17724;12953;1559;1801;16066;2169;1994;0;223
FR;6;2022-11-01;2;1;1;0;1;1;0;0;0;17726;12954;1560;1801;16067;2170;1994;0;223
FR;6;2022-11-02;15;25;9;21;26;11;19;0;12;17741;12979;1569;1822;16093;2181;2013;0;235
FR;6;2022-11-03;17;17;11;39;20;8;43;0;9;17758;12996;1580;1861;16113;2189;2056;0;244
FR;6;2022-11-04;19;22;9;16;27;5;16;0;10;17777;13018;1589;1877;16140;2194;2072;0;254
FR;6;2022-11-05;9;16;2;4;17;4;6;0;0;17786;13034;1591;1881;16157;2198;2078;0;254
FR;6;2022-11-06;5;1;0;0;1;0;0;0;0;17791;13035;1591;1881;16158;2198;2078;0;254
FR;6;2022-11-07;18;10;6;17;12;4;18;0;11;17809;13045;1597;1898;16170;2202;2096;0;265
FR;6;2022-11-08;18;10;2;3;8;5;5;0;4;17827;13055;1599;1901;16178;2207;2101;0;269
FR;6;2022-11-09;16;22;1;6;21;4;5;0;4;17843;13077;1600;1907;16199;2211;2106;0;273
FR;6;2022-11-10;10;10;4;12;8;5;11;0;10;17853;13087;1604;1919;16207;2216;2117;0;283
FR;6;2022-11-11;4;1;0;0;1;1;0;0;0;17857;13088;1604;1919;16208;2217;2117;0;283
FR;6;2022-11-12;4;11;1;7;11;2;5;0;9;17861;13099;1605;1926;16219;2219;2122;0;292
FR;6;2022-11-13;1;1;0;1;1;0;1;0;0;17862;13100;1605;1927;16220;2219;2123;0;292
FR;6;2022-11-14;13;10;7;32;14;8;33;0;14;17875;13110;1612;1959;16234;2227;2156;0;306
FR;6;2022-11-15;7;18;1;11;16;4;7;0;2;17882;13128;1613;1970;16250;2231;2163;0;308
FR;6;2022-11-16;16;15;9;32;17;3;42;0;9;17898;13143;1622;2002;16267;2234;2205;0;317
FR;6;2022-11-17;10;8;1;29;8;2;28;0;5;17908;13151;1623;2031;16275;2236;2233;0;322
FR;6;2022-11-18;20;12;5;23;16;4;25;0;7;17928;13163;1628;2054;16291;2240;2258;0;329
FR;6;2022-11-19;5;13;0;2;11;3;2;0;1;17933;13176;1628;2056;16302;2243;2260;0;330
FR;6;2022-11-20;2;1;2;0;1;2;0;0;0;17935;13177;1630;2056;16303;2245;2260;0;330
FR;6;2022-11-21;22;13;1;14;14;6;11;0;3;17957;13190;1631;2070;16317;2251;2271;0;333
FR;6;2022-11-22;14;9;0;4;11;1;3;0;1;17971;13199;1631;2074;16328;2252;2274;0;334
FR;6;2022-11-23;14;15;15;23;17;9;31;0;8;17985;13214;1646;2097;16345;2261;2305;0;342
FR;6;2022-11-24;14;17;1;11;19;5;10;0;7;17999;13231;1647;2108;16364;2266;2315;0;349
FR;6;2022-11-25;23;15;5;50;15;5;47;0;5;18022;13246;1652;2158;16379;2271;2362;0;354
FR;6;2022-11-26;9;5;2;4;3;2;5;0;1;18031;13251;1654;2162;16382;2273;2367;0;355
FR;6;2022-11-27;1;4;0;0;4;0;0;0;0;18032;13255;1654;2162;16386;2273;2367;0;355
FR;6;2022-11-28;9;11;6;22;11;3;24;0;11;18041;13266;1660;2184;16397;2276;2391;0;366
FR;6;2022-11-29;15;10;1;12;14;1;8;0;7;18056;13276;1661;2196;16411;2277;2399;0;373
FR;6;2022-11-30;18;20;8;23;19;12;22;0;8;18074;13296;1669;2219;16430;2289;2421;0;381
FR;6;2022-12-01;12;8;7;20;10;4;24;0;9;18086;13304;1676;2239;16440;2293;2445;0;390
FR;6;2022-12-02;16;9;12;36;12;8;42;0;1;18102;13313;1688;2275;16452;2301;2487;0;391
FR;6;2022-12-03;13;3;13;20;6;5;28;0;13;18115;13316;1701;2295;16458;2306;2515;0;404
FR;6;2022-12-04;3;1;0;2;1;0;2;0;0;18118;13317;1701;2297;16459;2306;2517;0;404
FR;6;2022-12-05;11;10;7;16;11;4;19;0;8;18129;13327;1708;2313;16470;2310;2536;0;412
FR;6;2022-12-06;10;19;3;30;12;11;28;0;3;18139;13346;1711;2343;16482;2321;2564;0;415
FR;6;2022-12-07;17;8;10;56;10;8;57;0;30;18156;13354;1721;2399;16492;2329;2621;0;445
FR;6;2022-12-08;9;13;8;19;11;7;21;0;13;18165;13367;1729;2418;16503;2336;2642;0;458
FR;6;2022-12-09;15;9;5;29;12;4;30;0;6;18180;13376;1734;2447;16515;2340;2672;0;464
FR;6;2022-12-10;12;9;6;9;7;4;14;0;7;18192;13385;1740;2456;16522;2344;2686;0;471
FR;6;2022-12-11;4;2;1;0;2;1;0;0;0;18196;13387;1741;2456;16524;2345;2686;0;471
FR;6;2022-12-12;17;10;8;36;14;9;33;0;17;18213;13397;1749;2492;16538;2354;2719;0;488
FR;6;2022-12-13;17;21;12;66;16;18;65;0;14;18230;13418;1761;2558;16554;2372;2784;0;502
FR;6;2022-12-14;14;13;8;53;11;12;53;0;14;18244;13431;1769;2611;16565;2384;2837;0;516
FR;6;2022-12-15;12;15;14;38;13;9;44;0;9;18256;13446;1783;2649;16578;2393;2881;0;525
FR;6;2022-12-16;18;14;15;39;15;14;39;0;13;18274;13460;1798;2688;16593;2407;2920;0;538
FR;6;2022-12-17;11;10;15;28;8;15;29;0;8;18285;13470;1813;2716;16601;2422;2949;0;546
FR;6;2022-12-18;7;4;0;2;5;0;2;0;0;18292;13474;1813;2718;16606;2422;2951;0;546
FR;6;2022-12-19;12;8;9;29;8;12;29;0;15;18304;13482;1822;2747;16614;2434;2980;0;561
FR;6;2022-12-20;17;23;11;23;17;19;22;0;21;18321;13505;1833;2770;16631;2453;3002;0;582
FR;6;2022-12-21;23;16;9;19;13;13;17;0;5;18344;13521;1842;2789;16644;2466;3019;0;587
FR;6;2022-12-22;13;14;9;21;15;13;18;0;11;18357;13535;1851;2810;16659;2479;3037;0;598
FR;6;2022-12-23;10;19;11;7;14;17;7;0;3;18367;13554;1862;2817;16673;2496;3044;0;601
FR;6;2022-12-24;3;5;2;0;5;1;2;0;0;18370;13559;1864;2817;16678;2497;3046;0;601
FR;6;2022-12-25;0;0;0;0;0;0;0;0;0;18370;13559;1864;2817;16678;2497;3046;0;601
FR;6;2022-12-26;8;12;12;11;10;18;11;0;3;18378;13571;1876;2828;16688;2515;3057;0;604
FR;6;2022-12-27;17;13;15;8;12;19;8;0;0;18395;13584;1891;2836;16700;2534;3065;0;604
FR;6;2022-12-28;15;19;6;8;18;9;9;0;4;18410;13603;1897;2844;16718;2543;3074;0;608
FR;6;2022-12-29;14;12;7;8;10;9;9;0;7;18424;13615;1904;2852;16728;2552;3083;0;615
FR;6;2022-12-30;20;19;13;8;20;13;11;0;4;18444;13634;1917;2860;16748;2565;3094;0;619
FR;6;2022-12-31;5;1;6;1;4;6;1;0;1;18449;13635;1923;2861;16752;2571;3095;0;620
FR;6;2023-01-01;2;1;0;3;0;3;0;0;1;18451;13636;1923;2864;16752;2574;3095;0;621
FR;6;2023-01-02;9;14;2;3;10;7;3;0;0;18460;13650;1925;2867;16762;2581;3098;0;621
FR;6;2023-01-03;7;17;9;21;17;9;21;0;7;18467;13667;1934;2888;16779;2590;3119;0;628
FR;6;2023-01-04;8;9;3;10;7;7;6;0;14;18475;13676;1937;2898;16786;2597;3125;0;642
FR;8;2020-12-27;0;0;0;0;0;0;0;0;0;0;0;0;0;0;0;0;0;0
FR;8;2020-12-28;0;0;0;0;0;0;0;0;0;0;0;0;0;0;0;0;0;0
FR;8;2020-12-29;0;0;0;0;0;0;0;0;0;0;0;0;0;0;0;0;0;0
FR;8;2020-12-30;0;0;0;0;0;0;0;0;0;0;0;0;0;0;0;0;0;0
FR;8;2020-12-31;0;0;0;0;0;0;0;0;0;0;0;0;0;0;0;0;0;0
FR;8;2021-01-01;0;0;0;0;0;0;0;0;0;0;0;0;0;0;0;0;0;0
FR;8;2021-01-02;0;0;0;0;0;0;0;0;0;0;0;0;0;0;0;0;0;0
FR;8;2021-01-03;0;0;0;0;0;0;0;0;0;0;0;0;0;0;0;0;0;0
FR;8;2021-01-04;0;0;0;0;0;0;0;0;0;0;0;0;0;0;0;0;0;0
FR;8;2021-01-05;0;0;0;0;0;0;0;0;0;0;0;0;0;0;0;0;0;0
FR;8;2021-01-06;0;0;0;0;0;0;0;0;0;0;0;0;0;0;0;0;0;0
FR;8;2021-01-07;0;0;0;0;0;0;0;0;0;0;0;0;0;0;0;0;0;0
FR;8;2021-01-08;0;0;0;0;0;0;0;0;0;0;0;0;0;0;0;0;0;0
FR;8;2021-01-09;0;0;0;0;0;0;0;0;0;0;0;0;0;0;0;0;0;0
FR;8;2021-01-10;0;0;0;0;0;0;0;0;0;0;0;0;0;0;0;0;0;0
FR;8;2021-01-11;0;0;0;0;0;0;0;0;0;0;0;0;0;0;0;0;0;0
FR;8;2021-01-12;0;0;0;0;0;0;0;0;0;0;0;0;0;0;0;0;0;0
FR;8;2021-01-13;0;0;0;0;0;0;0;0;0;0;0;0;0;0;0;0;0;0
FR;8;2021-01-14;0;0;0;0;0;0;0;0;0;0;0;0;0;0;0;0;0;0
FR;8;2021-01-15;0;0;0;0;0;0;0;0;0;0;0;0;0;0;0;0;0;0
FR;8;2021-01-16;0;0;0;0;0;0;0;0;0;0;0;0;0;0;0;0;0;0
FR;8;2021-01-17;0;0;0;0;0;0;0;0;0;0;0;0;0;0;0;0;0;0
FR;8;2021-01-18;0;0;0;0;0;0;0;0;0;0;0;0;0;0;0;0;0;0
FR;8;2021-01-19;0;0;0;0;0;0;0;0;0;0;0;0;0;0;0;0;0;0
FR;8;2021-01-20;0;0;0;0;0;0;0;0;0;0;0;0;0;0;0;0;0;0
FR;8;2021-01-21;0;0;0;0;0;0;0;0;0;0;0;0;0;0;0;0;0;0
FR;8;2021-01-22;0;0;0;0;0;0;0;0;0;0;0;0;0;0;0;0;0;0
FR;8;2021-01-23;0;0;0;0;0;0;0;0;0;0;0;0;0;0;0;0;0;0
FR;8;2021-01-24;0;0;0;0;0;0;0;0;0;0;0;0;0;0;0;0;0;0
FR;8;2021-01-25;0;0;0;0;0;0;0;0;0;0;0;0;0;0;0;0;0;0
FR;8;2021-01-26;0;0;0;0;0;0;0;0;0;0;0;0;0;0;0;0;0;0
FR;8;2021-01-27;0;0;0;0;0;0;0;0;0;0;0;0;0;0;0;0;0;0
FR;8;2021-01-28;0;0;0;0;0;0;0;0;0;0;0;0;0;0;0;0;0;0
FR;8;2021-01-29;0;0;0;0;0;0;0;0;0;0;0;0;0;0;0;0;0;0
FR;8;2021-01-30;0;0;0;0;0;0;0;0;0;0;0;0;0;0;0;0;0;0
FR;8;2021-01-31;0;0;0;0;0;0;0;0;0;0;0;0;0;0;0;0;0;0
FR;8;2021-02-01;0;0;0;0;0;0;0;0;0;0;0;0;0;0;0;0;0;0
FR;8;2021-02-02;0;0;0;0;0;0;0;0;0;0;0;0;0;0;0;0;0;0
FR;8;2021-02-03;0;0;0;0;0;0;0;0;0;0;0;0;0;0;0;0;0;0
FR;8;2021-02-04;0;0;0;0;0;0;0;0;0;0;0;0;0;0;0;0;0;0
FR;8;2021-02-05;0;0;0;0;0;0;0;0;0;0;0;0;0;0;0;0;0;0
FR;8;2021-02-06;0;0;0;0;0;0;0;0;0;0;0;0;0;0;0;0;0;0
FR;8;2021-02-07;0;0;0;0;0;0;0;0;0;0;0;0;0;0;0;0;0;0
FR;8;2021-02-08;0;0;0;0;0;0;0;0;0;0;0;0;0;0;0;0;0;0
FR;8;2021-02-09;0;0;0;0;0;0;0;0;0;0;0;0;0;0;0;0;0;0
FR;8;2021-02-10;0;0;0;0;0;0;0;0;0;0;0;0;0;0;0;0;0;0
FR;8;2021-02-11;0;0;0;0;0;0;0;0;0;0;0;0;0;0;0;0;0;0
FR;8;2021-02-12;0;0;0;0;0;0;0;0;0;0;0;0;0;0;0;0;0;0
FR;8;2021-02-13;0;0;0;0;0;0;0;0;0;0;0;0;0;0;0;0;0;0
FR;8;2021-02-14;0;0;0;0;0;0;0;0;0;0;0;0;0;0;0;0;0;0
FR;8;2021-02-15;0;0;0;0;0;0;0;0;0;0;0;0;0;0;0;0;0;0
FR;8;2021-02-16;0;0;0;0;0;0;0;0;0;0;0;0;0;0;0;0;0;0
FR;8;2021-02-17;0;0;0;0;0;0;0;0;0;0;0;0;0;0;0;0;0;0
FR;8;2021-02-18;0;0;0;0;0;0;0;0;0;0;0;0;0;0;0;0;0;0
FR;8;2021-02-19;0;0;0;0;0;0;0;0;0;0;0;0;0;0;0;0;0;0
FR;8;2021-02-20;0;0;0;0;0;0;0;0;0;0;0;0;0;0;0;0;0;0
FR;8;2021-02-21;0;0;0;0;0;0;0;0;0;0;0;0;0;0;0;0;0;0
FR;8;2021-02-22;0;0;0;0;0;0;0;0;0;0;0;0;0;0;0;0;0;0
FR;8;2021-02-23;0;0;0;0;0;0;0;0;0;0;0;0;0;0;0;0;0;0
FR;8;2021-02-24;0;0;0;0;0;0;0;0;0;0;0;0;0;0;0;0;0;0
FR;8;2021-02-25;0;0;0;0;0;0;0;0;0;0;0;0;0;0;0;0;0;0
FR;8;2021-02-26;0;0;0;0;0;0;0;0;0;0;0;0;0;0;0;0;0;0
FR;8;2021-02-27;0;0;0;0;0;0;0;0;0;0;0;0;0;0;0;0;0;0
FR;8;2021-02-28;0;0;0;0;0;0;0;0;0;0;0;0;0;0;0;0;0;0
FR;8;2021-03-01;0;0;0;0;0;0;0;0;0;0;0;0;0;0;0;0;0;0
FR;8;2021-03-02;0;0;0;0;0;0;0;0;0;0;0;0;0;0;0;0;0;0
FR;8;2021-03-03;0;0;0;0;0;0;0;0;0;0;0;0;0;0;0;0;0;0
FR;8;2021-03-04;0;0;0;0;0;0;0;0;0;0;0;0;0;0;0;0;0;0
FR;8;2021-03-05;0;0;0;0;0;0;0;0;0;0;0;0;0;0;0;0;0;0
FR;8;2021-03-06;0;0;0;0;0;0;0;0;0;0;0;0;0;0;0;0;0;0
FR;8;2021-03-07;0;0;0;0;0;0;0;0;0;0;0;0;0;0;0;0;0;0
FR;8;2021-03-08;0;0;0;0;0;0;0;0;0;0;0;0;0;0;0;0;0;0
FR;8;2021-03-09;0;0;0;0;0;0;0;0;0;0;0;0;0;0;0;0;0;0
FR;8;2021-03-10;0;0;0;0;0;0;0;0;0;0;0;0;0;0;0;0;0;0
FR;8;2021-03-11;0;0;0;0;0;0;0;0;0;0;0;0;0;0;0;0;0;0
FR;8;2021-03-12;0;0;0;0;0;0;0;0;0;0;0;0;0;0;0;0;0;0
FR;8;2021-03-13;0;0;0;0;0;0;0;0;0;0;0;0;0;0;0;0;0;0
FR;8;2021-03-14;0;0;0;0;0;0;0;0;0;0;0;0;0;0;0;0;0;0
FR;8;2021-03-15;0;0;0;0;0;0;0;0;0;0;0;0;0;0;0;0;0;0
FR;8;2021-03-16;0;0;0;0;0;0;0;0;0;0;0;0;0;0;0;0;0;0
FR;8;2021-03-17;0;0;0;0;0;0;0;0;0;0;0;0;0;0;0;0;0;0
FR;8;2021-03-18;0;0;0;0;0;0;0;0;0;0;0;0;0;0;0;0;0;0
FR;8;2021-03-19;0;0;0;0;0;0;0;0;0;0;0;0;0;0;0;0;0;0
FR;8;2021-03-20;0;0;0;0;0;0;0;0;0;0;0;0;0;0;0;0;0;0
FR;8;2021-03-21;0;0;0;0;0;0;0;0;0;0;0;0;0;0;0;0;0;0
FR;8;2021-03-22;0;0;0;0;0;0;0;0;0;0;0;0;0;0;0;0;0;0
FR;8;2021-03-23;0;0;0;0;0;0;0;0;0;0;0;0;0;0;0;0;0;0
FR;8;2021-03-24;0;0;0;0;0;0;0;0;0;0;0;0;0;0;0;0;0;0
FR;8;2021-03-25;0;0;0;0;0;0;0;0;0;0;0;0;0;0;0;0;0;0
FR;8;2021-03-26;0;0;0;0;0;0;0;0;0;0;0;0;0;0;0;0;0;0
FR;8;2021-03-27;0;0;0;0;0;0;0;0;0;0;0;0;0;0;0;0;0;0
FR;8;2021-03-28;0;0;0;0;0;0;0;0;0;0;0;0;0;0;0;0;0;0
FR;8;2021-03-29;0;0;0;0;0;0;0;0;0;0;0;0;0;0;0;0;0;0
FR;8;2021-03-30;0;0;0;0;0;0;0;0;0;0;0;0;0;0;0;0;0;0
FR;8;2021-03-31;0;0;0;0;0;0;0;0;0;0;0;0;0;0;0;0;0;0
FR;8;2021-04-01;0;0;0;0;0;0;0;0;0;0;0;0;0;0;0;0;0;0
FR;8;2021-04-02;0;0;0;0;0;0;0;0;0;0;0;0;0;0;0;0;0;0
FR;8;2021-04-03;0;0;0;0;0;0;0;0;0;0;0;0;0;0;0;0;0;0
FR;8;2021-04-04;0;0;0;0;0;0;0;0;0;0;0;0;0;0;0;0;0;0
FR;8;2021-04-05;0;0;0;0;0;0;0;0;0;0;0;0;0;0;0;0;0;0
FR;8;2021-04-06;0;0;0;0;0;0;0;0;0;0;0;0;0;0;0;0;0;0
FR;8;2021-04-07;0;0;0;0;0;0;0;0;0;0;0;0;0;0;0;0;0;0
FR;8;2021-04-08;0;0;0;0;0;0;0;0;0;0;0;0;0;0;0;0;0;0
FR;8;2021-04-09;0;0;0;0;0;0;0;0;0;0;0;0;0;0;0;0;0;0
FR;8;2021-04-10;0;0;0;0;0;0;0;0;0;0;0;0;0;0;0;0;0;0
FR;8;2021-04-11;0;0;0;0;0;0;0;0;0;0;0;0;0;0;0;0;0;0
FR;8;2021-04-12;0;0;0;0;0;0;0;0;0;0;0;0;0;0;0;0;0;0
FR;8;2021-04-13;0;0;0;0;0;0;0;0;0;0;0;0;0;0;0;0;0;0
FR;8;2021-04-14;0;0;0;0;0;0;0;0;0;0;0;0;0;0;0;0;0;0
FR;8;2021-04-15;0;0;0;0;0;0;0;0;0;0;0;0;0;0;0;0;0;0
FR;8;2021-04-16;0;0;0;0;0;0;0;0;0;0;0;0;0;0;0;0;0;0
FR;8;2021-04-17;0;0;0;0;0;0;0;0;0;0;0;0;0;0;0;0;0;0
FR;8;2021-04-18;0;0;0;0;0;0;0;0;0;0;0;0;0;0;0;0;0;0
FR;8;2021-04-19;0;0;0;0;0;0;0;0;0;0;0;0;0;0;0;0;0;0
FR;8;2021-04-20;0;0;0;0;0;0;0;0;0;0;0;0;0;0;0;0;0;0
FR;8;2021-04-21;0;0;0;0;0;0;0;0;0;0;0;0;0;0;0;0;0;0
FR;8;2021-04-22;0;0;0;0;0;0;0;0;0;0;0;0;0;0;0;0;0;0
FR;8;2021-04-23;0;0;0;0;0;0;0;0;0;0;0;0;0;0;0;0;0;0
FR;8;2021-04-24;0;0;0;0;0;0;0;0;0;0;0;0;0;0;0;0;0;0
FR;8;2021-04-25;0;0;0;0;0;0;0;0;0;0;0;0;0;0;0;0;0;0
FR;8;2021-04-26;0;0;0;0;0;0;0;0;0;0;0;0;0;0;0;0;0;0
FR;8;2021-04-27;0;0;0;0;0;0;0;0;0;0;0;0;0;0;0;0;0;0
FR;8;2021-04-28;0;0;0;0;0;0;0;0;0;0;0;0;0;0;0;0;0;0
FR;8;2021-04-29;0;0;0;0;0;0;0;0;0;0;0;0;0;0;0;0;0;0
FR;8;2021-04-30;0;0;0;0;0;0;0;0;0;0;0;0;0;0;0;0;0;0
FR;8;2021-05-01;0;0;0;0;0;0;0;0;0;0;0;0;0;0;0;0;0;0
FR;8;2021-05-02;0;0;0;0;0;0;0;0;0;0;0;0;0;0;0;0;0;0
FR;8;2021-05-03;0;0;0;0;0;0;0;0;0;0;0;0;0;0;0;0;0;0
FR;8;2021-05-04;0;0;0;0;0;0;0;0;0;0;0;0;0;0;0;0;0;0
FR;8;2021-05-05;0;0;0;0;0;0;0;0;0;0;0;0;0;0;0;0;0;0
FR;8;2021-05-06;0;0;0;0;0;0;0;0;0;0;0;0;0;0;0;0;0;0
FR;8;2021-05-07;0;0;0;0;0;0;0;0;0;0;0;0;0;0;0;0;0;0
FR;8;2021-05-08;0;0;0;0;0;0;0;0;0;0;0;0;0;0;0;0;0;0
FR;8;2021-05-09;0;0;0;0;0;0;0;0;0;0;0;0;0;0;0;0;0;0
FR;8;2021-05-10;0;0;0;0;0;0;0;0;0;0;0;0;0;0;0;0;0;0
FR;8;2021-05-11;0;0;0;0;0;0;0;0;0;0;0;0;0;0;0;0;0;0
FR;8;2021-05-12;0;0;0;0;0;0;0;0;0;0;0;0;0;0;0;0;0;0
FR;8;2021-05-13;0;0;0;0;0;0;0;0;0;0;0;0;0;0;0;0;0;0
FR;8;2021-05-14;0;0;0;0;0;0;0;0;0;0;0;0;0;0;0;0;0;0
FR;8;2021-05-15;0;0;0;0;0;0;0;0;0;0;0;0;0;0;0;0;0;0
FR;8;2021-05-16;0;0;0;0;0;0;0;0;0;0;0;0;0;0;0;0;0;0
FR;8;2021-05-17;0;0;0;0;0;0;0;0;0;0;0;0;0;0;0;0;0;0
FR;8;2021-05-18;0;0;0;0;0;0;0;0;0;0;0;0;0;0;0;0;0;0
FR;8;2021-05-19;0;0;0;0;0;0;0;0;0;0;0;0;0;0;0;0;0;0
FR;8;2021-05-20;0;0;0;0;0;0;0;0;0;0;0;0;0;0;0;0;0;0
FR;8;2021-05-21;0;0;0;0;0;0;0;0;0;0;0;0;0;0;0;0;0;0
FR;8;2021-05-22;0;0;0;0;0;0;0;0;0;0;0;0;0;0;0;0;0;0
FR;8;2021-05-23;0;0;0;0;0;0;0;0;0;0;0;0;0;0;0;0;0;0
FR;8;2021-05-24;0;0;0;0;0;0;0;0;0;0;0;0;0;0;0;0;0;0
FR;8;2021-05-25;0;0;0;0;0;0;0;0;0;0;0;0;0;0;0;0;0;0
FR;8;2021-05-26;0;0;0;0;0;0;0;0;0;0;0;0;0;0;0;0;0;0
FR;8;2021-05-27;0;0;0;0;0;0;0;0;0;0;0;0;0;0;0;0;0;0
FR;8;2021-05-28;0;0;0;0;0;0;0;0;0;0;0;0;0;0;0;0;0;0
FR;8;2021-05-29;0;0;0;0;0;0;0;0;0;0;0;0;0;0;0;0;0;0
FR;8;2021-05-30;0;0;0;0;0;0;0;0;0;0;0;0;0;0;0;0;0;0
FR;8;2021-05-31;0;0;0;0;0;0;0;0;0;0;0;0;0;0;0;0;0;0
FR;8;2021-06-01;0;0;0;0;0;0;0;0;0;0;0;0;0;0;0;0;0;0
FR;8;2021-06-02;0;0;0;0;0;0;0;0;0;0;0;0;0;0;0;0;0;0
FR;8;2021-06-03;0;0;0;0;0;0;0;0;0;0;0;0;0;0;0;0;0;0
FR;8;2021-06-04;0;0;0;0;0;0;0;0;0;0;0;0;0;0;0;0;0;0
FR;8;2021-06-05;0;0;0;0;0;0;0;0;0;0;0;0;0;0;0;0;0;0
FR;8;2021-06-06;0;0;0;0;0;0;0;0;0;0;0;0;0;0;0;0;0;0
FR;8;2021-06-07;0;0;0;0;0;0;0;0;0;0;0;0;0;0;0;0;0;0
FR;8;2021-06-08;0;0;0;0;0;0;0;0;0;0;0;0;0;0;0;0;0;0
FR;8;2021-06-09;0;0;0;0;0;0;0;0;0;0;0;0;0;0;0;0;0;0
FR;8;2021-06-10;0;0;0;0;0;0;0;0;0;0;0;0;0;0;0;0;0;0
FR;8;2021-06-11;0;0;0;0;0;0;0;0;0;0;0;0;0;0;0;0;0;0
FR;8;2021-06-12;0;0;0;0;0;0;0;0;0;0;0;0;0;0;0;0;0;0
FR;8;2021-06-13;0;0;0;0;0;0;0;0;0;0;0;0;0;0;0;0;0;0
FR;8;2021-06-14;0;0;0;0;0;0;0;0;0;0;0;0;0;0;0;0;0;0
FR;8;2021-06-15;0;0;0;0;0;0;0;0;0;0;0;0;0;0;0;0;0;0
FR;8;2021-06-16;0;0;0;0;0;0;0;0;0;0;0;0;0;0;0;0;0;0
FR;8;2021-06-17;0;0;0;0;0;0;0;0;0;0;0;0;0;0;0;0;0;0
FR;8;2021-06-18;0;0;0;0;0;0;0;0;0;0;0;0;0;0;0;0;0;0
FR;8;2021-06-19;0;0;0;0;0;0;0;0;0;0;0;0;0;0;0;0;0;0
FR;8;2021-06-20;0;0;0;0;0;0;0;0;0;0;0;0;0;0;0;0;0;0
FR;8;2021-06-21;0;0;0;0;0;0;0;0;0;0;0;0;0;0;0;0;0;0
FR;8;2021-06-22;0;0;0;0;0;0;0;0;0;0;0;0;0;0;0;0;0;0
FR;8;2021-06-23;0;0;0;0;0;0;0;0;0;0;0;0;0;0;0;0;0;0
FR;8;2021-06-24;0;0;0;0;0;0;0;0;0;0;0;0;0;0;0;0;0;0
FR;8;2021-06-25;0;0;0;0;0;0;0;0;0;0;0;0;0;0;0;0;0;0
FR;8;2021-06-26;0;0;0;0;0;0;0;0;0;0;0;0;0;0;0;0;0;0
FR;8;2021-06-27;0;0;0;0;0;0;0;0;0;0;0;0;0;0;0;0;0;0
FR;8;2021-06-28;0;0;0;0;0;0;0;0;0;0;0;0;0;0;0;0;0;0
FR;8;2021-06-29;0;0;0;0;0;0;0;0;0;0;0;0;0;0;0;0;0;0
FR;8;2021-06-30;0;0;0;0;0;0;0;0;0;0;0;0;0;0;0;0;0;0
FR;8;2021-07-01;0;0;0;0;0;0;0;0;0;0;0;0;0;0;0;0;0;0
FR;8;2021-07-02;0;0;0;0;0;0;0;0;0;0;0;0;0;0;0;0;0;0
FR;8;2021-07-03;0;0;0;0;0;0;0;0;0;0;0;0;0;0;0;0;0;0
FR;8;2021-07-04;0;0;0;0;0;0;0;0;0;0;0;0;0;0;0;0;0;0
FR;8;2021-07-05;0;0;0;0;0;0;0;0;0;0;0;0;0;0;0;0;0;0
FR;8;2021-07-06;0;0;0;0;0;0;0;0;0;0;0;0;0;0;0;0;0;0
FR;8;2021-07-07;0;0;0;0;0;0;0;0;0;0;0;0;0;0;0;0;0;0
FR;8;2021-07-08;0;0;0;0;0;0;0;0;0;0;0;0;0;0;0;0;0;0
FR;8;2021-07-09;0;0;0;0;0;0;0;0;0;0;0;0;0;0;0;0;0;0
FR;8;2021-07-10;0;0;0;0;0;0;0;0;0;0;0;0;0;0;0;0;0;0
FR;8;2021-07-11;0;0;0;0;0;0;0;0;0;0;0;0;0;0;0;0;0;0
FR;8;2021-07-12;0;0;0;0;0;0;0;0;0;0;0;0;0;0;0;0;0;0
FR;8;2021-07-13;0;0;0;0;0;0;0;0;0;0;0;0;0;0;0;0;0;0
FR;8;2021-07-14;0;0;0;0;0;0;0;0;0;0;0;0;0;0;0;0;0;0
FR;8;2021-07-15;0;0;0;0;0;0;0;0;0;0;0;0;0;0;0;0;0;0
FR;8;2021-07-16;0;0;0;0;0;0;0;0;0;0;0;0;0;0;0;0;0;0
FR;8;2021-07-17;0;0;0;0;0;0;0;0;0;0;0;0;0;0;0;0;0;0
FR;8;2021-07-18;0;0;0;0;0;0;0;0;0;0;0;0;0;0;0;0;0;0
FR;8;2021-07-19;0;0;0;0;0;0;0;0;0;0;0;0;0;0;0;0;0;0
FR;8;2021-07-20;0;0;0;0;0;0;0;0;0;0;0;0;0;0;0;0;0;0
FR;8;2021-07-21;0;0;0;0;0;0;0;0;0;0;0;0;0;0;0;0;0;0
FR;8;2021-07-22;0;0;0;0;0;0;0;0;0;0;0;0;0;0;0;0;0;0
FR;8;2021-07-23;0;0;0;0;0;0;0;0;0;0;0;0;0;0;0;0;0;0
FR;8;2021-07-24;0;0;0;0;0;0;0;0;0;0;0;0;0;0;0;0;0;0
FR;8;2021-07-25;0;0;0;0;0;0;0;0;0;0;0;0;0;0;0;0;0;0
FR;8;2021-07-26;0;0;0;0;0;0;0;0;0;0;0;0;0;0;0;0;0;0
FR;8;2021-07-27;0;0;0;0;0;0;0;0;0;0;0;0;0;0;0;0;0;0
FR;8;2021-07-28;0;0;0;0;0;0;0;0;0;0;0;0;0;0;0;0;0;0
FR;8;2021-07-29;0;0;0;0;0;0;0;0;0;0;0;0;0;0;0;0;0;0
FR;8;2021-07-30;0;0;0;0;0;0;0;0;0;0;0;0;0;0;0;0;0;0
FR;8;2021-07-31;0;0;0;0;0;0;0;0;0;0;0;0;0;0;0;0;0;0
FR;8;2021-08-01;0;0;0;0;0;0;0;0;0;0;0;0;0;0;0;0;0;0
FR;8;2021-08-02;0;0;0;0;0;0;0;0;0;0;0;0;0;0;0;0;0;0
FR;8;2021-08-03;0;0;0;0;0;0;0;0;0;0;0;0;0;0;0;0;0;0
FR;8;2021-08-04;0;0;0;0;0;0;0;0;0;0;0;0;0;0;0;0;0;0
FR;8;2021-08-05;0;0;0;0;0;0;0;0;0;0;0;0;0;0;0;0;0;0
FR;8;2021-08-06;0;0;0;0;0;0;0;0;0;0;0;0;0;0;0;0;0;0
FR;8;2021-08-07;0;0;0;0;0;0;0;0;0;0;0;0;0;0;0;0;0;0
FR;8;2021-08-08;0;0;0;0;0;0;0;0;0;0;0;0;0;0;0;0;0;0
FR;8;2021-08-09;0;0;0;0;0;0;0;0;0;0;0;0;0;0;0;0;0;0
FR;8;2021-08-10;0;0;0;0;0;0;0;0;0;0;0;0;0;0;0;0;0;0
FR;8;2021-08-11;0;0;0;0;0;0;0;0;0;0;0;0;0;0;0;0;0;0
FR;8;2021-08-12;0;0;0;0;0;0;0;0;0;0;0;0;0;0;0;0;0;0
FR;8;2021-08-13;0;0;0;0;0;0;0;0;0;0;0;0;0;0;0;0;0;0
FR;8;2021-08-14;0;0;0;0;0;0;0;0;0;0;0;0;0;0;0;0;0;0
FR;8;2021-08-15;0;0;0;0;0;0;0;0;0;0;0;0;0;0;0;0;0;0
FR;8;2021-08-16;0;0;0;0;0;0;0;0;0;0;0;0;0;0;0;0;0;0
FR;8;2021-08-17;0;0;0;0;0;0;0;0;0;0;0;0;0;0;0;0;0;0
FR;8;2021-08-18;0;0;0;0;0;0;0;0;0;0;0;0;0;0;0;0;0;0
FR;8;2021-08-19;0;0;0;0;0;0;0;0;0;0;0;0;0;0;0;0;0;0
FR;8;2021-08-20;0;0;0;0;0;0;0;0;0;0;0;0;0;0;0;0;0;0
FR;8;2021-08-21;0;0;0;0;0;0;0;0;0;0;0;0;0;0;0;0;0;0
FR;8;2021-08-22;0;0;0;0;0;0;0;0;0;0;0;0;0;0;0;0;0;0
FR;8;2021-08-23;0;0;0;0;0;0;0;0;0;0;0;0;0;0;0;0;0;0
FR;8;2021-08-24;0;0;0;0;0;0;0;0;0;0;0;0;0;0;0;0;0;0
FR;8;2021-08-25;0;0;0;0;0;0;0;0;0;0;0;0;0;0;0;0;0;0
FR;8;2021-08-26;0;0;0;0;0;0;0;0;0;0;0;0;0;0;0;0;0;0
FR;8;2021-08-27;0;0;0;0;0;0;0;0;0;0;0;0;0;0;0;0;0;0
FR;8;2021-08-28;0;0;0;0;0;0;0;0;0;0;0;0;0;0;0;0;0;0
FR;8;2021-08-29;0;0;0;0;0;0;0;0;0;0;0;0;0;0;0;0;0;0
FR;8;2021-08-30;0;0;0;0;0;0;0;0;0;0;0;0;0;0;0;0;0;0
FR;8;2021-08-31;0;0;0;0;0;0;0;0;0;0;0;0;0;0;0;0;0;0
FR;8;2021-09-01;0;0;0;0;0;0;0;0;0;0;0;0;0;0;0;0;0;0
FR;8;2021-09-02;0;0;0;0;0;0;0;0;0;0;0;0;0;0;0;0;0;0
FR;8;2021-09-03;0;0;0;0;0;0;0;0;0;0;0;0;0;0;0;0;0;0
FR;8;2021-09-04;0;0;0;0;0;0;0;0;0;0;0;0;0;0;0;0;0;0
FR;8;2021-09-05;0;0;0;0;0;0;0;0;0;0;0;0;0;0;0;0;0;0
FR;8;2021-09-06;0;0;0;0;0;0;0;0;0;0;0;0;0;0;0;0;0;0
FR;8;2021-09-07;0;0;0;0;0;0;0;0;0;0;0;0;0;0;0;0;0;0
FR;8;2021-09-08;0;0;0;0;0;0;0;0;0;0;0;0;0;0;0;0;0;0
FR;8;2021-09-09;0;0;0;0;0;0;0;0;0;0;0;0;0;0;0;0;0;0
FR;8;2021-09-10;0;0;0;0;0;0;0;0;0;0;0;0;0;0;0;0;0;0
FR;8;2021-09-11;0;0;0;0;0;0;0;0;0;0;0;0;0;0;0;0;0;0
FR;8;2021-09-12;0;0;0;0;0;0;0;0;0;0;0;0;0;0;0;0;0;0
FR;8;2021-09-13;0;0;0;0;0;0;0;0;0;0;0;0;0;0;0;0;0;0
FR;8;2021-09-14;0;0;0;0;0;0;0;0;0;0;0;0;0;0;0;0;0;0
FR;8;2021-09-15;0;0;0;0;0;0;0;0;0;0;0;0;0;0;0;0;0;0
FR;8;2021-09-16;0;0;0;0;0;0;0;0;0;0;0;0;0;0;0;0;0;0
FR;8;2021-09-17;0;0;0;0;0;0;0;0;0;0;0;0;0;0;0;0;0;0
FR;8;2021-09-18;0;0;0;0;0;0;0;0;0;0;0;0;0;0;0;0;0;0
FR;8;2021-09-19;0;0;0;0;0;0;0;0;0;0;0;0;0;0;0;0;0;0
FR;8;2021-09-20;0;0;0;0;0;0;0;0;0;0;0;0;0;0;0;0;0;0
FR;8;2021-09-21;0;0;0;0;0;0;0;0;0;0;0;0;0;0;0;0;0;0
FR;8;2021-09-22;0;0;0;0;0;0;0;0;0;0;0;0;0;0;0;0;0;0
FR;8;2021-09-23;0;0;0;0;0;0;0;0;0;0;0;0;0;0;0;0;0;0
FR;8;2021-09-24;0;0;0;0;0;0;0;0;0;0;0;0;0;0;0;0;0;0
FR;8;2021-09-25;0;0;0;0;0;0;0;0;0;0;0;0;0;0;0;0;0;0
FR;8;2021-09-26;0;0;0;0;0;0;0;0;0;0;0;0;0;0;0;0;0;0
FR;8;2021-09-27;0;0;0;0;0;0;0;0;0;0;0;0;0;0;0;0;0;0
FR;8;2021-09-28;0;0;0;0;0;0;0;0;0;0;0;0;0;0;0;0;0;0
FR;8;2021-09-29;0;0;0;0;0;0;0;0;0;0;0;0;0;0;0;0;0;0
FR;8;2021-09-30;0;0;0;0;0;0;0;0;0;0;0;0;0;0;0;0;0;0
FR;8;2021-10-01;0;0;0;0;0;0;0;0;0;0;0;0;0;0;0;0;0;0
FR;8;2021-10-02;0;0;0;0;0;0;0;0;0;0;0;0;0;0;0;0;0;0
FR;8;2021-10-03;0;0;0;0;0;0;0;0;0;0;0;0;0;0;0;0;0;0
FR;8;2021-10-04;0;0;0;0;0;0;0;0;0;0;0;0;0;0;0;0;0;0
FR;8;2021-10-05;0;0;0;0;0;0;0;0;0;0;0;0;0;0;0;0;0;0
FR;8;2021-10-06;0;0;0;0;0;0;0;0;0;0;0;0;0;0;0;0;0;0
FR;8;2021-10-07;0;0;0;0;0;0;0;0;0;0;0;0;0;0;0;0;0;0
FR;8;2021-10-08;0;0;0;0;0;0;0;0;0;0;0;0;0;0;0;0;0;0
FR;8;2021-10-09;0;0;0;0;0;0;0;0;0;0;0;0;0;0;0;0;0;0
FR;8;2021-10-10;0;0;0;0;0;0;0;0;0;0;0;0;0;0;0;0;0;0
FR;8;2021-10-11;0;0;0;0;0;0;0;0;0;0;0;0;0;0;0;0;0;0
FR;8;2021-10-12;0;0;0;0;0;0;0;0;0;0;0;0;0;0;0;0;0;0
FR;8;2021-10-13;0;0;0;0;0;0;0;0;0;0;0;0;0;0;0;0;0;0
FR;8;2021-10-14;0;0;0;0;0;0;0;0;0;0;0;0;0;0;0;0;0;0
FR;8;2021-10-15;0;0;0;0;0;0;0;0;0;0;0;0;0;0;0;0;0;0
FR;8;2021-10-16;0;0;0;0;0;0;0;0;0;0;0;0;0;0;0;0;0;0
FR;8;2021-10-17;0;0;0;0;0;0;0;0;0;0;0;0;0;0;0;0;0;0
FR;8;2021-10-18;0;0;0;0;0;0;0;0;0;0;0;0;0;0;0;0;0;0
FR;8;2021-10-19;0;0;0;0;0;0;0;0;0;0;0;0;0;0;0;0;0;0
FR;8;2021-10-20;0;0;0;0;0;0;0;0;0;0;0;0;0;0;0;0;0;0
FR;8;2021-10-21;0;0;0;0;0;0;0;0;0;0;0;0;0;0;0;0;0;0
FR;8;2021-10-22;0;0;0;0;0;0;0;0;0;0;0;0;0;0;0;0;0;0
FR;8;2021-10-23;0;0;0;0;0;0;0;0;0;0;0;0;0;0;0;0;0;0
FR;8;2021-10-24;0;0;0;0;0;0;0;0;0;0;0;0;0;0;0;0;0;0
FR;8;2021-10-25;0;0;0;0;0;0;0;0;0;0;0;0;0;0;0;0;0;0
FR;8;2021-10-26;0;0;0;0;0;0;0;0;0;0;0;0;0;0;0;0;0;0
FR;8;2021-10-27;0;0;0;0;0;0;0;0;0;0;0;0;0;0;0;0;0;0
FR;8;2021-10-28;0;0;0;0;0;0;0;0;0;0;0;0;0;0;0;0;0;0
FR;8;2021-10-29;0;0;0;0;0;0;0;0;0;0;0;0;0;0;0;0;0;0
FR;8;2021-10-30;0;0;0;0;0;0;0;0;0;0;0;0;0;0;0;0;0;0
FR;8;2021-10-31;0;0;0;0;0;0;0;0;0;0;0;0;0;0;0;0;0;0
FR;8;2021-11-01;0;0;0;0;0;0;0;0;0;0;0;0;0;0;0;0;0;0
FR;8;2021-11-02;0;0;0;0;0;0;0;0;0;0;0;0;0;0;0;0;0;0
FR;8;2021-11-03;0;0;0;0;0;0;0;0;0;0;0;0;0;0;0;0;0;0
FR;8;2021-11-04;0;0;0;0;0;0;0;0;0;0;0;0;0;0;0;0;0;0
FR;8;2021-11-05;0;0;0;0;0;0;0;0;0;0;0;0;0;0;0;0;0;0
FR;8;2021-11-06;0;0;0;0;0;0;0;0;0;0;0;0;0;0;0;0;0;0
FR;8;2021-11-07;0;0;0;0;0;0;0;0;0;0;0;0;0;0;0;0;0;0
FR;8;2021-11-08;0;0;0;0;0;0;0;0;0;0;0;0;0;0;0;0;0;0
FR;8;2021-11-09;0;0;0;0;0;0;0;0;0;0;0;0;0;0;0;0;0;0
FR;8;2021-11-10;0;0;0;0;0;0;0;0;0;0;0;0;0;0;0;0;0;0
FR;8;2021-11-11;0;0;0;0;0;0;0;0;0;0;0;0;0;0;0;0;0;0
FR;8;2021-11-12;0;0;0;0;0;0;0;0;0;0;0;0;0;0;0;0;0;0
FR;8;2021-11-13;0;0;0;0;0;0;0;0;0;0;0;0;0;0;0;0;0;0
FR;8;2021-11-14;0;0;0;0;0;0;0;0;0;0;0;0;0;0;0;0;0;0
FR;8;2021-11-15;0;0;0;0;0;0;0;0;0;0;0;0;0;0;0;0;0;0
FR;8;2021-11-16;0;0;0;0;0;0;0;0;0;0;0;0;0;0;0;0;0;0
FR;8;2021-11-17;0;0;0;0;0;0;0;0;0;0;0;0;0;0;0;0;0;0
FR;8;2021-11-18;0;0;0;0;0;0;0;0;0;0;0;0;0;0;0;0;0;0
FR;8;2021-11-19;0;0;0;0;0;0;0;0;0;0;0;0;0;0;0;0;0;0
FR;8;2021-11-20;0;0;0;0;0;0;0;0;0;0;0;0;0;0;0;0;0;0
FR;8;2021-11-21;0;0;0;0;0;0;0;0;0;0;0;0;0;0;0;0;0;0
FR;8;2021-11-22;0;0;0;0;0;0;0;0;0;0;0;0;0;0;0;0;0;0
FR;8;2021-11-23;0;0;0;0;0;0;0;0;0;0;0;0;0;0;0;0;0;0
FR;8;2021-11-24;0;0;0;0;0;0;0;0;0;0;0;0;0;0;0;0;0;0
FR;8;2021-11-25;0;0;0;0;0;0;0;0;0;0;0;0;0;0;0;0;0;0
FR;8;2021-11-26;0;0;0;0;0;0;0;0;0;0;0;0;0;0;0;0;0;0
FR;8;2021-11-27;0;0;0;0;0;0;0;0;0;0;0;0;0;0;0;0;0;0
FR;8;2021-11-28;0;0;0;0;0;0;0;0;0;0;0;0;0;0;0;0;0;0
FR;8;2021-11-29;0;0;0;0;0;0;0;0;0;0;0;0;0;0;0;0;0;0
FR;8;2021-11-30;0;0;0;0;0;0;0;0;0;0;0;0;0;0;0;0;0;0
FR;8;2021-12-01;0;0;0;0;0;0;0;0;0;0;0;0;0;0;0;0;0;0
FR;8;2021-12-02;0;0;0;0;0;0;0;0;0;0;0;0;0;0;0;0;0;0
FR;8;2021-12-03;0;0;0;0;0;0;0;0;0;0;0;0;0;0;0;0;0;0
FR;8;2021-12-04;0;0;0;0;0;0;0;0;0;0;0;0;0;0;0;0;0;0
FR;8;2021-12-05;0;0;0;0;0;0;0;0;0;0;0;0;0;0;0;0;0;0
FR;8;2021-12-06;0;0;0;0;0;0;0;0;0;0;0;0;0;0;0;0;0;0
FR;8;2021-12-07;0;0;0;0;0;0;0;0;0;0;0;0;0;0;0;0;0;0
FR;8;2021-12-08;0;0;0;0;0;0;0;0;0;0;0;0;0;0;0;0;0;0
FR;8;2021-12-09;0;0;0;0;0;0;0;0;0;0;0;0;0;0;0;0;0;0
FR;8;2021-12-10;0;0;0;0;0;0;0;0;0;0;0;0;0;0;0;0;0;0
FR;8;2021-12-11;0;0;0;0;0;0;0;0;0;0;0;0;0;0;0;0;0;0
FR;8;2021-12-12;0;0;0;0;0;0;0;0;0;0;0;0;0;0;0;0;0;0
FR;8;2021-12-13;0;0;0;0;0;0;0;0;0;0;0;0;0;0;0;0;0;0
FR;8;2021-12-14;0;0;0;0;0;0;0;0;0;0;0;0;0;0;0;0;0;0
FR;8;2021-12-15;0;0;0;0;0;0;0;0;0;0;0;0;0;0;0;0;0;0
FR;8;2021-12-16;0;0;0;0;0;0;0;0;0;0;0;0;0;0;0;0;0;0
FR;8;2021-12-17;0;0;0;0;0;0;0;0;0;0;0;0;0;0;0;0;0;0
FR;8;2021-12-18;0;0;0;0;0;0;0;0;0;0;0;0;0;0;0;0;0;0
FR;8;2021-12-19;0;0;0;0;0;0;0;0;0;0;0;0;0;0;0;0;0;0
FR;8;2021-12-20;0;0;0;0;0;0;0;0;0;0;0;0;0;0;0;0;0;0
FR;8;2021-12-21;0;0;0;0;0;0;0;0;0;0;0;0;0;0;0;0;0;0
FR;8;2021-12-22;0;0;0;0;0;0;0;0;0;0;0;0;0;0;0;0;0;0
FR;8;2021-12-23;0;0;0;0;0;0;0;0;0;0;0;0;0;0;0;0;0;0
FR;8;2021-12-24;0;0;0;0;0;0;0;0;0;0;0;0;0;0;0;0;0;0
FR;8;2021-12-25;0;0;0;0;0;0;0;0;0;0;0;0;0;0;0;0;0;0
FR;8;2021-12-26;0;0;0;0;0;0;0;0;0;0;0;0;0;0;0;0;0;0
FR;8;2021-12-27;0;0;0;0;0;0;0;0;0;0;0;0;0;0;0;0;0;0
FR;8;2021-12-28;0;0;0;0;0;0;0;0;0;0;0;0;0;0;0;0;0;0
FR;8;2021-12-29;0;0;0;0;0;0;0;0;0;0;0;0;0;0;0;0;0;0
FR;8;2021-12-30;0;0;0;0;0;0;0;0;0;0;0;0;0;0;0;0;0;0
FR;8;2021-12-31;0;0;0;0;0;0;0;0;0;0;0;0;0;0;0;0;0;0
FR;8;2022-01-01;0;0;0;0;0;0;0;0;0;0;0;0;0;0;0;0;0;0
FR;8;2022-01-02;0;0;0;0;0;0;0;0;0;0;0;0;0;0;0;0;0;0
FR;8;2022-01-03;0;0;0;0;0;0;0;0;0;0;0;0;0;0;0;0;0;0
FR;8;2022-01-04;0;0;0;0;0;0;0;0;0;0;0;0;0;0;0;0;0;0
FR;8;2022-01-05;0;0;0;0;0;0;0;0;0;0;0;0;0;0;0;0;0;0
FR;8;2022-01-06;0;0;0;0;0;0;0;0;0;0;0;0;0;0;0;0;0;0
FR;8;2022-01-07;0;0;0;0;0;0;0;0;0;0;0;0;0;0;0;0;0;0
FR;8;2022-01-08;0;0;0;0;0;0;0;0;0;0;0;0;0;0;0;0;0;0
FR;8;2022-01-09;0;0;0;0;0;0;0;0;0;0;0;0;0;0;0;0;0;0
FR;8;2022-01-10;0;0;0;0;0;0;0;0;0;0;0;0;0;0;0;0;0;0
FR;8;2022-01-11;0;0;0;0;0;0;0;0;0;0;0;0;0;0;0;0;0;0
FR;8;2022-01-12;0;0;0;0;0;0;0;0;0;0;0;0;0;0;0;0;0;0
FR;8;2022-01-13;0;0;0;0;0;0;0;0;0;0;0;0;0;0;0;0;0;0
FR;8;2022-01-14;0;0;0;0;0;0;0;0;0;0;0;0;0;0;0;0;0;0
FR;8;2022-01-15;0;0;0;0;0;0;0;0;0;0;0;0;0;0;0;0;0;0
FR;8;2022-01-16;0;0;0;0;0;0;0;0;0;0;0;0;0;0;0;0;0;0
FR;8;2022-01-17;0;0;0;0;0;0;0;0;0;0;0;0;0;0;0;0;0;0
FR;8;2022-01-18;0;0;0;0;0;0;0;0;0;0;0;0;0;0;0;0;0;0
FR;8;2022-01-19;0;0;0;0;0;0;0;0;0;0;0;0;0;0;0;0;0;0
FR;8;2022-01-20;0;0;0;0;0;0;0;0;0;0;0;0;0;0;0;0;0;0
FR;8;2022-01-21;0;0;0;0;0;0;0;0;0;0;0;0;0;0;0;0;0;0
FR;8;2022-01-22;0;0;0;0;0;0;0;0;0;0;0;0;0;0;0;0;0;0
FR;8;2022-01-23;0;0;0;0;0;0;0;0;0;0;0;0;0;0;0;0;0;0
FR;8;2022-01-24;0;0;0;0;0;0;0;0;0;0;0;0;0;0;0;0;0;0
FR;8;2022-01-25;0;0;0;0;0;0;0;0;0;0;0;0;0;0;0;0;0;0
FR;8;2022-01-26;0;0;0;0;0;0;0;0;0;0;0;0;0;0;0;0;0;0
FR;8;2022-01-27;0;0;0;0;0;0;0;0;0;0;0;0;0;0;0;0;0;0
FR;8;2022-01-28;0;0;0;0;0;0;0;0;0;0;0;0;0;0;0;0;0;0
FR;8;2022-01-29;0;0;0;0;0;0;0;0;0;0;0;0;0;0;0;0;0;0
FR;8;2022-01-30;0;0;0;0;0;0;0;0;0;0;0;0;0;0;0;0;0;0
FR;8;2022-01-31;0;0;0;0;0;0;0;0;0;0;0;0;0;0;0;0;0;0
FR;8;2022-02-01;0;0;0;0;0;0;0;0;0;0;0;0;0;0;0;0;0;0
FR;8;2022-02-02;0;0;0;0;0;0;0;0;0;0;0;0;0;0;0;0;0;0
FR;8;2022-02-03;0;0;0;0;0;0;0;0;0;0;0;0;0;0;0;0;0;0
FR;8;2022-02-04;0;0;0;0;0;0;0;0;0;0;0;0;0;0;0;0;0;0
FR;8;2022-02-05;0;0;0;0;0;0;0;0;0;0;0;0;0;0;0;0;0;0
FR;8;2022-02-06;0;0;0;0;0;0;0;0;0;0;0;0;0;0;0;0;0;0
FR;8;2022-02-07;0;0;0;0;0;0;0;0;0;0;0;0;0;0;0;0;0;0
FR;8;2022-02-08;0;0;0;0;0;0;0;0;0;0;0;0;0;0;0;0;0;0
FR;8;2022-02-09;0;0;0;0;0;0;0;0;0;0;0;0;0;0;0;0;0;0
FR;8;2022-02-10;0;0;0;0;0;0;0;0;0;0;0;0;0;0;0;0;0;0
FR;8;2022-02-11;0;0;0;0;0;0;0;0;0;0;0;0;0;0;0;0;0;0
FR;8;2022-02-12;0;0;0;0;0;0;0;0;0;0;0;0;0;0;0;0;0;0
FR;8;2022-02-13;0;0;0;0;0;0;0;0;0;0;0;0;0;0;0;0;0;0
FR;8;2022-02-14;0;0;0;0;0;0;0;0;0;0;0;0;0;0;0;0;0;0
FR;8;2022-02-15;0;0;0;0;0;0;0;0;0;0;0;0;0;0;0;0;0;0
FR;8;2022-02-16;0;0;0;0;0;0;0;0;0;0;0;0;0;0;0;0;0;0
FR;8;2022-02-17;0;0;0;0;0;0;0;0;0;0;0;0;0;0;0;0;0;0
FR;8;2022-02-18;0;0;0;0;0;0;0;0;0;0;0;0;0;0;0;0;0;0
FR;8;2022-02-19;0;0;0;0;0;0;0;0;0;0;0;0;0;0;0;0;0;0
FR;8;2022-02-20;0;0;0;0;0;0;0;0;0;0;0;0;0;0;0;0;0;0
FR;8;2022-02-21;0;0;0;0;0;0;0;0;0;0;0;0;0;0;0;0;0;0
FR;8;2022-02-22;0;0;0;0;0;0;0;0;0;0;0;0;0;0;0;0;0;0
FR;8;2022-02-23;0;0;0;0;0;0;0;0;0;0;0;0;0;0;0;0;0;0
FR;8;2022-02-24;0;0;0;0;0;0;0;0;0;0;0;0;0;0;0;0;0;0
FR;8;2022-02-25;0;0;0;0;0;0;0;0;0;0;0;0;0;0;0;0;0;0
FR;8;2022-02-26;0;0;0;0;0;0;0;0;0;0;0;0;0;0;0;0;0;0
FR;8;2022-02-27;0;0;0;0;0;0;0;0;0;0;0;0;0;0;0;0;0;0
FR;8;2022-02-28;0;0;0;0;0;0;0;0;0;0;0;0;0;0;0;0;0;0
FR;8;2022-03-01;0;0;0;0;0;0;0;0;0;0;0;0;0;0;0;0;0;0
FR;8;2022-03-02;0;0;0;0;0;0;0;0;0;0;0;0;0;0;0;0;0;0
FR;8;2022-03-03;0;0;0;0;0;0;0;0;0;0;0;0;0;0;0;0;0;0
FR;8;2022-03-04;0;0;0;0;0;0;0;0;0;0;0;0;0;0;0;0;0;0
FR;8;2022-03-05;0;0;0;0;0;0;0;0;0;0;0;0;0;0;0;0;0;0
FR;8;2022-03-06;0;0;0;0;0;0;0;0;0;0;0;0;0;0;0;0;0;0
FR;8;2022-03-07;0;0;0;0;0;0;0;0;0;0;0;0;0;0;0;0;0;0
FR;8;2022-03-08;0;0;0;0;0;0;0;0;0;0;0;0;0;0;0;0;0;0
FR;8;2022-03-09;0;0;0;0;0;0;0;0;0;0;0;0;0;0;0;0;0;0
FR;8;2022-03-10;0;0;0;0;0;0;0;0;0;0;0;0;0;0;0;0;0;0
FR;8;2022-03-11;0;0;0;0;0;0;0;0;0;0;0;0;0;0;0;0;0;0
FR;8;2022-03-12;0;0;0;0;0;0;0;0;0;0;0;0;0;0;0;0;0;0
FR;8;2022-03-13;0;0;0;0;0;0;0;0;0;0;0;0;0;0;0;0;0;0
FR;8;2022-03-14;0;0;0;0;0;0;0;0;0;0;0;0;0;0;0;0;0;0
FR;8;2022-03-15;0;0;0;0;0;0;0;0;0;0;0;0;0;0;0;0;0;0
FR;8;2022-03-16;0;0;0;0;0;0;0;0;0;0;0;0;0;0;0;0;0;0
FR;8;2022-03-17;0;0;0;0;0;0;0;0;0;0;0;0;0;0;0;0;0;0
FR;8;2022-03-18;0;0;0;0;0;0;0;0;0;0;0;0;0;0;0;0;0;0
FR;8;2022-03-19;0;0;0;0;0;0;0;0;0;0;0;0;0;0;0;0;0;0
FR;8;2022-03-20;0;0;0;0;0;0;0;0;0;0;0;0;0;0;0;0;0;0
FR;8;2022-03-21;0;0;0;0;0;0;0;0;0;0;0;0;0;0;0;0;0;0
FR;8;2022-03-22;0;0;0;0;0;0;0;0;0;0;0;0;0;0;0;0;0;0
FR;8;2022-03-23;0;0;0;0;0;0;0;0;0;0;0;0;0;0;0;0;0;0
FR;8;2022-03-24;0;0;0;0;0;0;0;0;0;0;0;0;0;0;0;0;0;0
FR;8;2022-03-25;0;0;0;0;0;0;0;0;0;0;0;0;0;0;0;0;0;0
FR;8;2022-03-26;0;0;0;0;0;0;0;0;0;0;0;0;0;0;0;0;0;0
FR;8;2022-03-27;0;0;0;0;0;0;0;0;0;0;0;0;0;0;0;0;0;0
FR;8;2022-03-28;0;0;0;0;0;0;0;0;0;0;0;0;0;0;0;0;0;0
FR;8;2022-03-29;0;0;0;0;0;0;0;0;0;0;0;0;0;0;0;0;0;0
FR;8;2022-03-30;0;0;0;0;0;0;0;0;0;0;0;0;0;0;0;0;0;0
FR;8;2022-03-31;0;0;0;0;0;0;0;0;0;0;0;0;0;0;0;0;0;0
FR;8;2022-04-01;0;0;0;0;0;0;0;0;0;0;0;0;0;0;0;0;0;0
FR;8;2022-04-02;0;0;0;0;0;0;0;0;0;0;0;0;0;0;0;0;0;0
FR;8;2022-04-03;0;0;0;0;0;0;0;0;0;0;0;0;0;0;0;0;0;0
FR;8;2022-04-04;0;0;0;0;0;0;0;0;0;0;0;0;0;0;0;0;0;0
FR;8;2022-04-05;0;0;0;0;0;0;0;0;0;0;0;0;0;0;0;0;0;0
FR;8;2022-04-06;0;0;0;0;0;0;0;0;0;0;0;0;0;0;0;0;0;0
FR;8;2022-04-07;0;0;0;0;0;0;0;0;0;0;0;0;0;0;0;0;0;0
FR;8;2022-04-08;0;0;0;0;0;0;0;0;0;0;0;0;0;0;0;0;0;0
FR;8;2022-04-09;0;0;0;0;0;0;0;0;0;0;0;0;0;0;0;0;0;0
FR;8;2022-04-10;0;0;0;0;0;0;0;0;0;0;0;0;0;0;0;0;0;0
FR;8;2022-04-11;0;0;0;0;0;0;0;0;0;0;0;0;0;0;0;0;0;0
FR;8;2022-04-12;0;0;0;0;0;0;0;0;0;0;0;0;0;0;0;0;0;0
FR;8;2022-04-13;0;0;0;0;0;0;0;0;0;0;0;0;0;0;0;0;0;0
FR;8;2022-04-14;0;0;0;0;0;0;0;0;0;0;0;0;0;0;0;0;0;0
FR;8;2022-04-15;0;0;0;0;0;0;0;0;0;0;0;0;0;0;0;0;0;0
FR;8;2022-04-16;0;0;0;0;0;0;0;0;0;0;0;0;0;0;0;0;0;0
FR;8;2022-04-17;0;0;0;0;0;0;0;0;0;0;0;0;0;0;0;0;0;0
FR;8;2022-04-18;0;0;0;0;0;0;0;0;0;0;0;0;0;0;0;0;0;0
FR;8;2022-04-19;0;0;0;0;0;0;0;0;0;0;0;0;0;0;0;0;0;0
FR;8;2022-04-20;0;0;0;0;0;0;0;0;0;0;0;0;0;0;0;0;0;0
FR;8;2022-04-21;0;0;0;0;0;0;0;0;0;0;0;0;0;0;0;0;0;0
FR;8;2022-04-22;0;0;0;0;0;0;0;0;0;0;0;0;0;0;0;0;0;0
FR;8;2022-04-23;0;0;0;0;0;0;0;0;0;0;0;0;0;0;0;0;0;0
FR;8;2022-04-24;0;0;0;0;0;0;0;0;0;0;0;0;0;0;0;0;0;0
FR;8;2022-04-25;0;0;0;0;0;0;0;0;0;0;0;0;0;0;0;0;0;0
FR;8;2022-04-26;0;0;0;0;0;0;0;0;0;0;0;0;0;0;0;0;0;0
FR;8;2022-04-27;0;0;0;0;0;0;0;0;0;0;0;0;0;0;0;0;0;0
FR;8;2022-04-28;0;0;0;0;0;0;0;0;0;0;0;0;0;0;0;0;0;0
FR;8;2022-04-29;0;0;0;0;0;0;0;0;0;0;0;0;0;0;0;0;0;0
FR;8;2022-04-30;0;0;0;0;0;0;0;0;0;0;0;0;0;0;0;0;0;0
FR;8;2022-05-01;0;0;0;0;0;0;0;0;0;0;0;0;0;0;0;0;0;0
FR;8;2022-05-02;0;0;0;0;0;0;0;0;0;0;0;0;0;0;0;0;0;0
FR;8;2022-05-03;0;0;0;0;0;0;0;0;0;0;0;0;0;0;0;0;0;0
FR;8;2022-05-04;0;0;0;0;0;0;0;0;0;0;0;0;0;0;0;0;0;0
FR;8;2022-05-05;0;0;0;0;0;0;0;0;0;0;0;0;0;0;0;0;0;0
FR;8;2022-05-06;0;0;0;0;0;0;0;0;0;0;0;0;0;0;0;0;0;0
FR;8;2022-05-07;0;0;0;0;0;0;0;0;0;0;0;0;0;0;0;0;0;0
FR;8;2022-05-08;0;0;0;0;0;0;0;0;0;0;0;0;0;0;0;0;0;0
FR;8;2022-05-09;0;0;0;0;0;0;0;0;0;0;0;0;0;0;0;0;0;0
FR;8;2022-05-10;0;0;0;0;0;0;0;0;0;0;0;0;0;0;0;0;0;0
FR;8;2022-05-11;0;0;0;0;0;0;0;0;0;0;0;0;0;0;0;0;0;0
FR;8;2022-05-12;0;0;0;0;0;0;0;0;0;0;0;0;0;0;0;0;0;0
FR;8;2022-05-13;0;0;0;0;0;0;0;0;0;0;0;0;0;0;0;0;0;0
FR;8;2022-05-14;0;0;0;0;0;0;0;0;0;0;0;0;0;0;0;0;0;0
FR;8;2022-05-15;0;0;0;0;0;0;0;0;0;0;0;0;0;0;0;0;0;0
FR;8;2022-05-16;0;0;0;0;0;0;0;0;0;0;0;0;0;0;0;0;0;0
FR;8;2022-05-17;0;0;0;0;0;0;0;0;0;0;0;0;0;0;0;0;0;0
FR;8;2022-05-18;0;0;0;0;0;0;0;0;0;0;0;0;0;0;0;0;0;0
FR;8;2022-05-19;0;0;0;0;0;0;0;0;0;0;0;0;0;0;0;0;0;0
FR;8;2022-05-20;0;0;0;0;0;0;0;0;0;0;0;0;0;0;0;0;0;0
FR;8;2022-05-21;0;0;0;0;0;0;0;0;0;0;0;0;0;0;0;0;0;0
FR;8;2022-05-22;0;0;0;0;0;0;0;0;0;0;0;0;0;0;0;0;0;0
FR;8;2022-05-23;0;0;0;0;0;0;0;0;0;0;0;0;0;0;0;0;0;0
FR;8;2022-05-24;0;0;0;0;0;0;0;0;0;0;0;0;0;0;0;0;0;0
FR;8;2022-05-25;0;0;0;0;0;0;0;0;0;0;0;0;0;0;0;0;0;0
FR;8;2022-05-26;0;0;0;0;0;0;0;0;0;0;0;0;0;0;0;0;0;0
FR;8;2022-05-27;0;0;0;0;0;0;0;0;0;0;0;0;0;0;0;0;0;0
FR;8;2022-05-28;0;0;0;0;0;0;0;0;0;0;0;0;0;0;0;0;0;0
FR;8;2022-05-29;0;0;0;0;0;0;0;0;0;0;0;0;0;0;0;0;0;0
FR;8;2022-05-30;0;0;0;0;0;0;0;0;0;0;0;0;0;0;0;0;0;0
FR;8;2022-05-31;0;0;0;0;0;0;0;0;0;0;0;0;0;0;0;0;0;0
FR;8;2022-06-01;0;0;0;0;0;0;0;0;0;0;0;0;0;0;0;0;0;0
FR;8;2022-06-02;0;0;0;0;0;0;0;0;0;0;0;0;0;0;0;0;0;0
FR;8;2022-06-03;0;0;0;0;0;0;0;0;0;0;0;0;0;0;0;0;0;0
FR;8;2022-06-04;0;0;0;0;0;0;0;0;0;0;0;0;0;0;0;0;0;0
FR;8;2022-06-05;0;0;0;0;0;0;0;0;0;0;0;0;0;0;0;0;0;0
FR;8;2022-06-06;0;0;0;0;0;0;0;0;0;0;0;0;0;0;0;0;0;0
FR;8;2022-06-07;0;0;0;0;0;0;0;0;0;0;0;0;0;0;0;0;0;0
FR;8;2022-06-08;0;0;0;0;0;0;0;0;0;0;0;0;0;0;0;0;0;0
FR;8;2022-06-09;0;0;0;0;0;0;0;0;0;0;0;0;0;0;0;0;0;0
FR;8;2022-06-10;0;0;0;0;0;0;0;0;0;0;0;0;0;0;0;0;0;0
FR;8;2022-06-11;0;0;0;0;0;0;0;0;0;0;0;0;0;0;0;0;0;0
FR;8;2022-06-12;0;0;0;0;0;0;0;0;0;0;0;0;0;0;0;0;0;0
FR;8;2022-06-13;0;0;0;0;0;0;0;0;0;0;0;0;0;0;0;0;0;0
FR;8;2022-06-14;0;0;0;0;0;0;0;0;0;0;0;0;0;0;0;0;0;0
FR;8;2022-06-15;0;0;0;0;0;0;0;0;0;0;0;0;0;0;0;0;0;0
FR;8;2022-06-16;0;0;0;0;0;0;0;0;0;0;0;0;0;0;0;0;0;0
FR;8;2022-06-17;0;0;0;0;0;0;0;0;0;0;0;0;0;0;0;0;0;0
FR;8;2022-06-18;0;0;0;0;0;0;0;0;0;0;0;0;0;0;0;0;0;0
FR;8;2022-06-19;0;0;0;0;0;0;0;0;0;0;0;0;0;0;0;0;0;0
FR;8;2022-06-20;0;0;0;0;0;0;0;0;0;0;0;0;0;0;0;0;0;0
FR;8;2022-06-21;0;0;0;0;0;0;0;0;0;0;0;0;0;0;0;0;0;0
FR;8;2022-06-22;0;0;0;0;0;0;0;0;0;0;0;0;0;0;0;0;0;0
FR;8;2022-06-23;0;0;0;0;0;0;0;0;0;0;0;0;0;0;0;0;0;0
FR;8;2022-06-24;0;0;0;0;0;0;0;0;0;0;0;0;0;0;0;0;0;0
FR;8;2022-06-25;0;0;0;0;0;0;0;0;0;0;0;0;0;0;0;0;0;0
FR;8;2022-06-26;0;0;0;0;0;0;0;0;0;0;0;0;0;0;0;0;0;0
FR;8;2022-06-27;0;0;0;0;0;0;0;0;0;0;0;0;0;0;0;0;0;0
FR;8;2022-06-28;0;0;0;0;0;0;0;0;0;0;0;0;0;0;0;0;0;0
FR;8;2022-06-29;0;0;0;0;0;0;0;0;0;0;0;0;0;0;0;0;0;0
FR;8;2022-06-30;0;0;0;0;0;0;0;0;0;0;0;0;0;0;0;0;0;0
FR;8;2022-07-01;0;0;0;0;0;0;0;0;0;0;0;0;0;0;0;0;0;0
FR;8;2022-07-02;0;0;0;0;0;0;0;0;0;0;0;0;0;0;0;0;0;0
FR;8;2022-07-03;0;0;0;0;0;0;0;0;0;0;0;0;0;0;0;0;0;0
FR;8;2022-07-04;0;0;0;0;0;0;0;0;0;0;0;0;0;0;0;0;0;0
FR;8;2022-07-05;0;0;0;0;0;0;0;0;0;0;0;0;0;0;0;0;0;0
FR;8;2022-07-06;0;0;0;0;0;0;0;0;0;0;0;0;0;0;0;0;0;0
FR;8;2022-07-07;0;0;0;0;0;0;0;0;0;0;0;0;0;0;0;0;0;0
FR;8;2022-07-08;0;0;0;0;0;0;0;0;0;0;0;0;0;0;0;0;0;0
FR;8;2022-07-09;0;0;0;0;0;0;0;0;0;0;0;0;0;0;0;0;0;0
FR;8;2022-07-10;0;0;0;0;0;0;0;0;0;0;0;0;0;0;0;0;0;0
FR;8;2022-07-11;0;0;0;0;0;0;0;0;0;0;0;0;0;0;0;0;0;0
FR;8;2022-07-12;0;0;0;0;0;0;0;0;0;0;0;0;0;0;0;0;0;0
FR;8;2022-07-13;0;0;0;0;0;0;0;0;0;0;0;0;0;0;0;0;0;0
FR;8;2022-07-14;0;0;0;0;0;0;0;0;0;0;0;0;0;0;0;0;0;0
FR;8;2022-07-15;0;0;0;0;0;0;0;0;0;0;0;0;0;0;0;0;0;0
FR;8;2022-07-16;0;0;0;0;0;0;0;0;0;0;0;0;0;0;0;0;0;0
FR;8;2022-07-17;0;0;0;0;0;0;0;0;0;0;0;0;0;0;0;0;0;0
FR;8;2022-07-18;0;0;0;0;0;0;0;0;0;0;0;0;0;0;0;0;0;0
FR;8;2022-07-19;0;0;0;0;0;0;0;0;0;0;0;0;0;0;0;0;0;0
FR;8;2022-07-20;0;0;0;0;0;0;0;0;0;0;0;0;0;0;0;0;0;0
FR;8;2022-07-21;0;0;0;0;0;0;0;0;0;0;0;0;0;0;0;0;0;0
FR;8;2022-07-22;0;0;0;0;0;0;0;0;0;0;0;0;0;0;0;0;0;0
FR;8;2022-07-23;0;0;0;0;0;0;0;0;0;0;0;0;0;0;0;0;0;0
FR;8;2022-07-24;0;0;0;0;0;0;0;0;0;0;0;0;0;0;0;0;0;0
FR;8;2022-07-25;0;0;0;0;0;0;0;0;0;0;0;0;0;0;0;0;0;0
FR;8;2022-07-26;0;0;0;0;0;0;0;0;0;0;0;0;0;0;0;0;0;0
FR;8;2022-07-27;0;0;0;0;0;0;0;0;0;0;0;0;0;0;0;0;0;0
FR;8;2022-07-28;0;0;0;0;0;0;0;0;0;0;0;0;0;0;0;0;0;0
FR;8;2022-07-29;0;0;0;0;0;0;0;0;0;0;0;0;0;0;0;0;0;0
FR;8;2022-07-30;0;0;0;0;0;0;0;0;0;0;0;0;0;0;0;0;0;0
FR;8;2022-07-31;0;0;0;0;0;0;0;0;0;0;0;0;0;0;0;0;0;0
FR;8;2022-08-01;0;0;0;0;0;0;0;0;0;0;0;0;0;0;0;0;0;0
FR;8;2022-08-02;0;0;0;0;0;0;0;0;0;0;0;0;0;0;0;0;0;0
FR;8;2022-08-03;0;0;0;0;0;0;0;0;0;0;0;0;0;0;0;0;0;0
FR;8;2022-08-04;0;0;0;0;0;0;0;0;0;0;0;0;0;0;0;0;0;0
FR;8;2022-08-05;0;0;0;0;0;0;0;0;0;0;0;0;0;0;0;0;0;0
FR;8;2022-08-06;0;0;0;0;0;0;0;0;0;0;0;0;0;0;0;0;0;0
FR;8;2022-08-07;0;0;0;0;0;0;0;0;0;0;0;0;0;0;0;0;0;0
FR;8;2022-08-08;0;0;0;0;0;0;0;0;0;0;0;0;0;0;0;0;0;0
FR;8;2022-08-09;0;0;0;0;0;0;0;0;0;0;0;0;0;0;0;0;0;0
FR;8;2022-08-10;0;0;0;0;0;0;0;0;0;0;0;0;0;0;0;0;0;0
FR;8;2022-08-11;0;0;0;0;0;0;0;0;0;0;0;0;0;0;0;0;0;0
FR;8;2022-08-12;0;0;0;0;0;0;0;0;0;0;0;0;0;0;0;0;0;0
FR;8;2022-08-13;0;0;0;0;0;0;0;0;0;0;0;0;0;0;0;0;0;0
FR;8;2022-08-14;0;0;0;0;0;0;0;0;0;0;0;0;0;0;0;0;0;0
FR;8;2022-08-15;0;0;0;0;0;0;0;0;0;0;0;0;0;0;0;0;0;0
FR;8;2022-08-16;0;0;0;0;0;0;0;0;0;0;0;0;0;0;0;0;0;0
FR;8;2022-08-17;0;0;0;0;0;0;0;0;0;0;0;0;0;0;0;0;0;0
FR;8;2022-08-18;0;0;0;0;0;0;0;0;0;0;0;0;0;0;0;0;0;0
FR;8;2022-08-19;0;0;0;0;0;0;0;0;0;0;0;0;0;0;0;0;0;0
FR;8;2022-08-20;0;0;0;0;0;0;0;0;0;0;0;0;0;0;0;0;0;0
FR;8;2022-08-21;0;0;0;0;0;0;0;0;0;0;0;0;0;0;0;0;0;0
FR;8;2022-08-22;0;0;0;0;0;0;0;0;0;0;0;0;0;0;0;0;0;0
FR;8;2022-08-23;0;0;0;0;0;0;0;0;0;0;0;0;0;0;0;0;0;0
FR;8;2022-08-24;0;0;0;0;0;0;0;0;0;0;0;0;0;0;0;0;0;0
FR;8;2022-08-25;0;0;0;0;0;0;0;0;0;0;0;0;0;0;0;0;0;0
FR;8;2022-08-26;0;0;0;0;0;0;0;0;0;0;0;0;0;0;0;0;0;0
FR;8;2022-08-27;0;0;0;0;0;0;0;0;0;0;0;0;0;0;0;0;0;0
FR;8;2022-08-28;0;0;0;0;0;0;0;0;0;0;0;0;0;0;0;0;0;0
FR;8;2022-08-29;0;0;0;0;0;0;0;0;0;0;0;0;0;0;0;0;0;0
FR;8;2022-08-30;0;0;0;0;0;0;0;0;0;0;0;0;0;0;0;0;0;0
FR;8;2022-08-31;0;0;0;0;0;0;0;0;0;0;0;0;0;0;0;0;0;0
FR;8;2022-09-01;0;0;0;0;0;0;0;0;0;0;0;0;0;0;0;0;0;0
FR;8;2022-09-02;0;0;0;0;0;0;0;0;0;0;0;0;0;0;0;0;0;0
FR;8;2022-09-03;0;0;0;0;0;0;0;0;0;0;0;0;0;0;0;0;0;0
FR;8;2022-09-04;0;0;0;0;0;0;0;0;0;0;0;0;0;0;0;0;0;0
FR;8;2022-09-05;0;0;0;0;0;0;0;0;0;0;0;0;0;0;0;0;0;0
FR;8;2022-09-06;0;0;0;0;0;0;0;0;0;0;0;0;0;0;0;0;0;0
FR;8;2022-09-07;0;0;0;0;0;0;0;0;0;0;0;0;0;0;0;0;0;0
FR;8;2022-09-08;0;0;0;0;0;0;0;0;0;0;0;0;0;0;0;0;0;0
FR;8;2022-09-09;0;0;0;0;0;0;0;0;0;0;0;0;0;0;0;0;0;0
FR;8;2022-09-10;0;0;0;0;0;0;0;0;0;0;0;0;0;0;0;0;0;0
FR;8;2022-09-11;0;0;0;0;0;0;0;0;0;0;0;0;0;0;0;0;0;0
FR;8;2022-09-12;0;0;0;0;0;0;0;0;0;0;0;0;0;0;0;0;0;0
FR;8;2022-09-13;0;0;0;0;0;0;0;0;0;0;0;0;0;0;0;0;0;0
FR;8;2022-09-14;0;0;0;0;0;0;0;0;0;0;0;0;0;0;0;0;0;0
FR;8;2022-09-15;0;0;0;0;0;0;0;0;0;0;0;0;0;0;0;0;0;0
FR;8;2022-09-16;0;0;0;0;0;0;0;0;0;0;0;0;0;0;0;0;0;0
FR;8;2022-09-17;0;0;0;0;0;0;0;0;0;0;0;0;0;0;0;0;0;0
FR;8;2022-09-18;0;0;0;0;0;0;0;0;0;0;0;0;0;0;0;0;0;0
FR;8;2022-09-19;0;0;0;0;0;0;0;0;0;0;0;0;0;0;0;0;0;0
FR;8;2022-09-20;0;0;0;0;0;0;0;0;0;0;0;0;0;0;0;0;0;0
FR;8;2022-09-21;0;0;0;0;0;0;0;0;0;0;0;0;0;0;0;0;0;0
FR;8;2022-09-22;0;0;0;0;0;0;0;0;0;0;0;0;0;0;0;0;0;0
FR;8;2022-09-23;0;0;0;0;0;0;0;0;0;0;0;0;0;0;0;0;0;0
FR;8;2022-09-24;0;0;0;0;0;0;0;0;0;0;0;0;0;0;0;0;0;0
FR;8;2022-09-25;0;0;0;0;0;0;0;0;0;0;0;0;0;0;0;0;0;0
FR;8;2022-09-26;0;0;0;0;0;0;0;0;0;0;0;0;0;0;0;0;0;0
FR;8;2022-09-27;0;0;0;0;0;0;0;0;0;0;0;0;0;0;0;0;0;0
FR;8;2022-09-28;0;0;0;0;0;0;0;0;0;0;0;0;0;0;0;0;0;0
FR;8;2022-09-29;0;0;0;0;0;0;0;0;0;0;0;0;0;0;0;0;0;0
FR;8;2022-09-30;0;0;0;0;0;0;0;0;0;0;0;0;0;0;0;0;0;0
FR;8;2022-10-01;0;0;0;0;0;0;0;0;0;0;0;0;0;0;0;0;0;0
FR;8;2022-10-02;0;0;0;0;0;0;0;0;0;0;0;0;0;0;0;0;0;0
FR;8;2022-10-03;0;0;0;0;0;0;0;0;0;0;0;0;0;0;0;0;0;0
FR;8;2022-10-04;0;0;0;0;0;0;0;0;0;0;0;0;0;0;0;0;0;0
FR;8;2022-10-05;0;0;0;0;0;0;0;0;0;0;0;0;0;0;0;0;0;0
FR;8;2022-10-06;7;17;113;859;8;82;865;1057;110;7;17;113;859;8;82;865;1057;110
FR;8;2022-10-07;72;101;842;8010;62;699;8064;9843;1073;79;118;955;8869;70;781;8929;10900;1183
FR;8;2022-10-08;35;115;610;4055;50;516;4107;5308;676;114;233;1565;12924;120;1297;13036;16208;1859
FR;8;2022-10-09;17;22;145;885;13;132;913;1233;184;131;255;1710;13809;133;1429;13949;17441;2043
FR;8;2022-10-10;118;192;1343;12681;106;1027;12920;16219;2251;249;447;3053;26490;239;2456;26869;33660;4294
FR;8;2022-10-11;179;261;2476;26917;135;2010;27188;33950;4715;428;708;5529;53407;374;4466;54057;67610;9009
FR;8;2022-10-12;153;255;1830;18231;149;1441;18466;23465;3534;581;963;7359;71638;523;5907;72523;91075;12543
FR;8;2022-10-13;206;279;2510;28065;176;1903;28429;35564;5204;787;1242;9869;99703;699;7810;100952;126639;17747
FR;8;2022-10-14;254;419;3271;36231;242;2555;36658;45557;6302;1041;1661;13140;135934;941;10365;137610;172196;24049
FR;8;2022-10-15;102;181;1203;8802;78;1001;8931;11782;1830;1143;1842;14343;144736;1019;11366;146541;183978;25879
FR;8;2022-10-16;34;54;248;1520;26;215;1555;2177;402;1177;1896;14591;146256;1045;11581;148096;186155;26281
FR;8;2022-10-17;157;310;2097;21767;173;1624;22075;28255;4534;1334;2206;16688;168023;1218;13205;170171;214410;30815
FR;8;2022-10-18;269;347;3354;37839;224;2652;38222;50763;9816;1603;2553;20042;205862;1442;15857;208393;265173;40631
FR;8;2022-10-19;193;313;2627;28292;182;2185;28609;38688;7833;1796;2866;22669;234154;1624;18042;237002;303861;48464
FR;8;2022-10-20;251;363;3575;41169;222;2652;41778;55648;11133;2047;3229;26244;275323;1846;20694;278780;359509;59597
FR;8;2022-10-21;325;489;4452;49379;276;3466;49979;66249;12707;2372;3718;30696;324702;2122;24160;328759;425758;72304
FR;8;2022-10-22;124;168;1230;10660;111;927;10848;14741;2948;2496;3886;31926;335362;2233;25087;339607;440499;75252
FR;8;2022-10-23;49;53;266;1761;48;197;1840;2609;571;2545;3939;32192;337123;2281;25284;341447;443108;75823
FR;8;2022-10-24;230;311;2474;24029;173;2071;24329;33499;7049;2775;4250;34666;361152;2454;27355;365776;476607;82872
FR;8;2022-10-25;306;412;4077;43401;255;3131;44000;61221;13987;3081;4662;38743;404553;2709;30486;409776;537828;96859
FR;8;2022-10-26;225;339;2861;28643;182;2364;28950;41265;9863;3306;5001;41604;433196;2891;32850;438726;579093;106722
FR;8;2022-10-27;273;415;3321;36143;242;2627;36615;51160;11853;3579;5416;44925;469339;3133;35477;475341;630253;118575
FR;8;2022-10-28;327;461;3825;39421;256;2858;40153;55022;11942;3906;5877;48750;508760;3389;38335;515494;685275;130517
FR;8;2022-10-29;109;165;1072;8223;94;801;8368;11852;2666;4015;6042;49822;516983;3483;39136;523862;697127;133183
FR;8;2022-10-30;40;53;209;1335;38;180;1380;2049;485;4055;6095;50031;518318;3521;39316;525242;699176;133668
FR;8;2022-10-31;195;256;1660;14520;140;1274;14784;21129;5053;4250;6351;51691;532838;3661;40590;540026;720305;138721
FR;8;2022-11-01;25;39;133;952;21;167;968;1589;452;4275;6390;51824;533790;3682;40757;540994;721894;139173
FR;8;2022-11-02;193;368;2370;23283;202;1968;23679;34995;9281;4468;6758;54194;557073;3884;42725;564673;756889;148454
FR;8;2022-11-03;308;415;3474;36881;254;2599;37518;54517;14301;4776;7173;57668;593954;4138;45324;602191;811406;162755
FR;8;2022-11-04;354;494;3779;40184;258;2971;40703;57937;14152;5130;7667;61447;634138;4396;48295;642894;869343;176907
FR;8;2022-11-05;113;182;1102;8754;117;849;8921;12870;3065;5243;7849;62549;642892;4513;49144;651815;882213;179972
FR;8;2022-11-06;41;56;223;1403;38;205;1436;2241;590;5284;7905;62772;644295;4551;49349;653251;884454;180562
FR;8;2022-11-07;229;274;2314;24715;200;1785;25297;37406;10256;5513;8179;65086;669010;4751;51134;678548;921860;190818
FR;8;2022-11-08;338;500;4323;48318;300;3254;49265;71395;18715;5851;8679;69409;717328;5051;54388;727813;993255;209533
FR;8;2022-11-09;258;366;2874;29147;207;2258;29825;44410;12243;6109;9045;72283;746475;5258;56646;757638;1037665;221776
FR;8;2022-11-10;362;529;3941;40182;302;3011;41096;60352;16107;6471;9574;76224;786657;5560;59657;798734;1098017;237883
FR;8;2022-11-11;39;64;242;1473;31;206;1518;2661;924;6510;9638;76466;788130;5591;59863;800252;1100678;238807
FR;8;2022-11-12;84;165;881;6429;79;686;6633;9890;2552;6594;9803;77347;794559;5670;60549;806885;1110568;241359
FR;8;2022-11-13;36;54;212;1108;34;172;1160;1921;583;6630;9857;77559;795667;5704;60721;808045;1112489;241942
FR;8;2022-11-14;225;302;2226;22375;162;1714;22910;34942;10244;6855;10159;79785;818042;5866;62435;830955;1147431;252186
FR;8;2022-11-15;337;420;3754;42273;253;2855;43178;64633;18469;7192;10579;83539;860315;6119;65290;874133;1212064;270655
FR;8;2022-11-16;297;346;2609;26444;212;2142;26911;41574;12437;7489;10925;86148;886759;6331;67432;901044;1253638;283092
FR;8;2022-11-17;359;426;3368;36768;284;2602;37346;56484;16437;7848;11351;89516;923527;6615;70034;938390;1310122;299529
FR;8;2022-11-18;341;461;4058;42236;281;2964;43086;63496;17342;8189;11812;93574;965763;6896;72998;981476;1373618;316871
FR;8;2022-11-19;120;178;1198;8949;115;837;9133;13767;3760;8309;11990;94772;974712;7011;73835;990609;1387385;320631
FR;8;2022-11-20;33;48;260;1584;33;216;1651;2648;777;8342;12038;95032;976296;7044;74051;992260;1390033;321408
FR;8;2022-11-21;211;300;2064;20025;173;1585;20548;31947;9749;8553;12338;97096;996321;7217;75636;1012808;1421980;331157
FR;8;2022-11-22;334;405;3454;37456;246;2657;37971;57934;17195;8887;12743;100550;1033777;7463;78293;1050779;1479914;348352
FR;8;2022-11-23;226;314;2405;24391;177;2010;24820;39110;12199;9113;13057;102955;1058168;7640;80303;1075599;1519024;360551
FR;8;2022-11-24;346;377;3361;34804;227;2571;35496;55023;16858;9459;13434;106316;1092972;7867;82874;1111095;1574047;377409
FR;8;2022-11-25;307;416;3624;37669;277;2613;38462;57660;16461;9766;13850;109940;1130641;8144;85487;1149557;1631707;393870
FR;8;2022-11-26;166;194;1176;8795;126;896;8953;13655;3775;9932;14044;111116;1139436;8270;86383;1158510;1645362;397645
FR;8;2022-11-27;44;40;226;1541;33;180;1556;2467;721;9976;14084;111342;1140977;8303;86563;1160066;1647829;398366
FR;8;2022-11-28;179;295;2298;23251;167;1689;23907;37085;11415;10155;14379;113640;1164228;8470;88252;1183973;1684914;409781
FR;8;2022-11-29;290;424;3944;43882;214;2921;44542;68781;21195;10445;14803;117584;1208110;8684;91173;1228515;1753695;430976
FR;8;2022-11-30;279;405;3344;34772;223;2523;35511;54499;16347;10724;15208;120928;1242882;8907;93696;1264026;1808194;447323
FR;8;2022-12-01;324;467;4436;49094;265;3078;49886;77171;24045;11048;15675;125364;1291976;9172;96774;1313912;1885365;471368
FR;8;2022-12-02;398;514;5410;58274;299;3718;59448;89504;26149;11446;16189;130774;1350250;9471;100492;1373360;1974869;497517
FR;8;2022-12-03;172;215;1908;16806;107;1317;17222;25754;7179;11618;16404;132682;1367056;9578;101809;1390582;2000623;504696
FR;8;2022-12-04;53;89;487;4040;59;402;4100;6262;1748;11671;16493;133169;1371096;9637;102211;1394682;2006885;506444
FR;8;2022-12-05;272;392;3824;42237;241;2489;43162;66641;20842;11943;16885;136993;1413333;9878;104700;1437844;2073526;527286
FR;8;2022-12-06;413;536;6280;74082;291;4201;75490;117409;37473;12356;17421;143273;1487415;10169;108901;1513334;2190935;564759
FR;8;2022-12-07;349;424;4887;54857;253;3217;55954;87335;27971;12705;17845;148160;1542272;10422;112118;1569288;2278270;592730
FR;8;2022-12-08;449;523;6395;75134;285;4158;76711;119870;38745;13154;18368;154555;1617406;10707;116276;1645999;2398140;631475
FR;8;2022-12-09;538;598;7971;90665;352;5167;92418;142447;44597;13692;18966;162526;1708071;11059;121443;1738417;2540587;676072
FR;8;2022-12-10;257;295;3328;31635;161;2078;32482;48590;13940;13949;19261;165854;1739706;11220;123521;1770899;2589177;690012
FR;8;2022-12-11;87;101;931;7841;65;635;8059;11851;3137;14036;19362;166785;1747547;11285;124156;1778958;2601028;693149
FR;8;2022-12-12;349;452;5827;64118;244;3698;65635;102961;33431;14385;19814;172612;1811665;11529;127854;1844593;2703989;726580
FR;8;2022-12-13;523;598;8380;98787;346;5167;101198;159494;52797;14908;20412;180992;1910452;11875;133021;1945791;2863483;779377
FR;8;2022-12-14;439;524;6313;69759;296;4136;71302;112727;37026;15347;20936;187305;1980211;12171;137157;2017093;2976210;816403
FR;8;2022-12-15;482;633;8082;91230;349;5065;93400;148162;49361;15829;21569;195387;2071441;12520;142222;2110493;3124372;865764
FR;8;2022-12-16;562;699;8811;99863;372;5651;101963;161051;53065;16391;22268;204198;2171304;12892;147873;2212456;3285423;918829
FR;8;2022-12-17;227;304;3129;29930;182;1989;30704;46527;13729;16618;22572;207327;2201234;13074;149862;2243160;3331950;932558
FR;8;2022-12-18;65;89;725;5929;43;491;6079;9224;2625;16683;22661;208052;2207163;13117;150353;2249239;3341174;935183
FR;8;2022-12-19;390;447;5308;53536;259;3340;55090;87290;28679;17073;23108;213360;2260699;13376;153693;2304329;3428464;963862
FR;8;2022-12-20;546;566;7303;76130;331;4718;78205;126216;42971;17619;23674;220663;2336829;13707;158411;2382534;3554680;1006833
FR;8;2022-12-21;400;469;4901;48353;275;3274;49606;80771;27701;18019;24143;225564;2385182;13982;161685;2432140;3635451;1034534
FR;8;2022-12-22;445;512;4525;43774;303;3114;44982;73747;25499;18464;24655;230089;2428956;14285;164799;2477122;3709198;1060033
FR;8;2022-12-23;297;377;2851;24811;239;2031;25482;41790;14164;18761;25032;232940;2453767;14524;166830;2502604;3750988;1074197
FR;8;2022-12-24;68;67;390;2514;39;288;2628;4087;1155;18829;25099;233330;2456281;14563;167118;2505232;3755075;1075352
FR;8;2022-12-25;27;26;98;528;21;76;546;879;254;18856;25125;233428;2456809;14584;167194;2505778;3755954;1075606
FR;8;2022-12-26;234;265;2134;15927;165;1486;16566;26499;8352;19090;25390;235562;2472736;14749;168680;2522344;3782453;1083958
FR;8;2022-12-27;374;440;3717;32176;248;2492;33258;54832;18935;19464;25830;239279;2504912;14997;171172;2555602;3837285;1102893
FR;8;2022-12-28;331;334;2900;24469;185;2015;25057;41317;14126;19795;26164;242179;2529381;15182;173187;2580659;3878602;1117019
FR;8;2022-12-29;284;397;3124;25272;218;2142;26192;43343;14885;20079;26561;245303;2554653;15400;175329;2606851;3921945;1131904
FR;8;2022-12-30;279;328;2420;18461;203;1662;19089;31287;10429;20358;26889;247723;2573114;15603;176991;2625940;3953232;1142333
FR;8;2022-12-31;86;115;447;2917;71;361;3061;4685;1243;20444;27004;248170;2576031;15674;177352;2629001;3957917;1143576
FR;8;2023-01-01;14;27;105;644;11;79;669;967;218;20458;27031;248275;2576675;15685;177431;2629670;3958884;1143794
FR;8;2023-01-02;240;370;2203;17985;215;1552;18432;31567;11501;20698;27401;250478;2594660;15900;178983;2648102;3990451;1155295
FR;8;2023-01-03;445;516;4129;42108;294;2811;43008;79343;33210;21143;27917;254607;2636768;16194;181794;2691110;4069794;1188505
FR;8;2023-01-04;380;435;3313;28954;255;2292;29669;56037;23899;21523;28352;257920;2665722;16449;184086;2720779;4125831;1212404
FR;9;2020-12-27;0;0;0;0;0;0;0;0;0;0;0;0;0;0;0;0;0;0
FR;9;2020-12-28;0;0;0;0;0;0;0;0;0;0;0;0;0;0;0;0;0;0
FR;9;2020-12-29;0;0;0;0;0;0;0;0;0;0;0;0;0;0;0;0;0;0
FR;9;2020-12-30;0;0;0;0;0;0;0;0;0;0;0;0;0;0;0;0;0;0
FR;9;2020-12-31;0;0;0;0;0;0;0;0;0;0;0;0;0;0;0;0;0;0
FR;9;2021-01-01;0;0;0;0;0;0;0;0;0;0;0;0;0;0;0;0;0;0
FR;9;2021-01-02;0;0;0;0;0;0;0;0;0;0;0;0;0;0;0;0;0;0
FR;9;2021-01-03;0;0;0;0;0;0;0;0;0;0;0;0;0;0;0;0;0;0
FR;9;2021-01-04;0;0;0;0;0;0;0;0;0;0;0;0;0;0;0;0;0;0
FR;9;2021-01-05;0;0;0;0;0;0;0;0;0;0;0;0;0;0;0;0;0;0
FR;9;2021-01-06;0;0;0;0;0;0;0;0;0;0;0;0;0;0;0;0;0;0
FR;9;2021-01-07;0;0;0;0;0;0;0;0;0;0;0;0;0;0;0;0;0;0
FR;9;2021-01-08;0;0;0;0;0;0;0;0;0;0;0;0;0;0;0;0;0;0
FR;9;2021-01-09;0;0;0;0;0;0;0;0;0;0;0;0;0;0;0;0;0;0
FR;9;2021-01-10;0;0;0;0;0;0;0;0;0;0;0;0;0;0;0;0;0;0
FR;9;2021-01-11;0;0;0;0;0;0;0;0;0;0;0;0;0;0;0;0;0;0
FR;9;2021-01-12;0;0;0;0;0;0;0;0;0;0;0;0;0;0;0;0;0;0
FR;9;2021-01-13;0;0;0;0;0;0;0;0;0;0;0;0;0;0;0;0;0;0
FR;9;2021-01-14;0;0;0;0;0;0;0;0;0;0;0;0;0;0;0;0;0;0
FR;9;2021-01-15;0;0;0;0;0;0;0;0;0;0;0;0;0;0;0;0;0;0
FR;9;2021-01-16;0;0;0;0;0;0;0;0;0;0;0;0;0;0;0;0;0;0
FR;9;2021-01-17;0;0;0;0;0;0;0;0;0;0;0;0;0;0;0;0;0;0
FR;9;2021-01-18;0;0;0;0;0;0;0;0;0;0;0;0;0;0;0;0;0;0
FR;9;2021-01-19;0;0;0;0;0;0;0;0;0;0;0;0;0;0;0;0;0;0
FR;9;2021-01-20;0;0;0;0;0;0;0;0;0;0;0;0;0;0;0;0;0;0
FR;9;2021-01-21;0;0;0;0;0;0;0;0;0;0;0;0;0;0;0;0;0;0
FR;9;2021-01-22;0;0;0;0;0;0;0;0;0;0;0;0;0;0;0;0;0;0
FR;9;2021-01-23;0;0;0;0;0;0;0;0;0;0;0;0;0;0;0;0;0;0
FR;9;2021-01-24;0;0;0;0;0;0;0;0;0;0;0;0;0;0;0;0;0;0
FR;9;2021-01-25;0;0;0;0;0;0;0;0;0;0;0;0;0;0;0;0;0;0
FR;9;2021-01-26;0;0;0;0;0;0;0;0;0;0;0;0;0;0;0;0;0;0
FR;9;2021-01-27;0;0;0;0;0;0;0;0;0;0;0;0;0;0;0;0;0;0
FR;9;2021-01-28;0;0;0;0;0;0;0;0;0;0;0;0;0;0;0;0;0;0
FR;9;2021-01-29;0;0;0;0;0;0;0;0;0;0;0;0;0;0;0;0;0;0
FR;9;2021-01-30;0;0;0;0;0;0;0;0;0;0;0;0;0;0;0;0;0;0
FR;9;2021-01-31;0;0;0;0;0;0;0;0;0;0;0;0;0;0;0;0;0;0
FR;9;2021-02-01;0;0;0;0;0;0;0;0;0;0;0;0;0;0;0;0;0;0
FR;9;2021-02-02;0;0;0;0;0;0;0;0;0;0;0;0;0;0;0;0;0;0
FR;9;2021-02-03;0;0;0;0;0;0;0;0;0;0;0;0;0;0;0;0;0;0
FR;9;2021-02-04;0;0;0;0;0;0;0;0;0;0;0;0;0;0;0;0;0;0
FR;9;2021-02-05;0;0;0;0;0;0;0;0;0;0;0;0;0;0;0;0;0;0
FR;9;2021-02-06;0;0;0;0;0;0;0;0;0;0;0;0;0;0;0;0;0;0
FR;9;2021-02-07;0;0;0;0;0;0;0;0;0;0;0;0;0;0;0;0;0;0
FR;9;2021-02-08;0;0;0;0;0;0;0;0;0;0;0;0;0;0;0;0;0;0
FR;9;2021-02-09;0;0;0;0;0;0;0;0;0;0;0;0;0;0;0;0;0;0
FR;9;2021-02-10;0;0;0;0;0;0;0;0;0;0;0;0;0;0;0;0;0;0
FR;9;2021-02-11;0;0;0;0;0;0;0;0;0;0;0;0;0;0;0;0;0;0
FR;9;2021-02-12;0;0;0;0;0;0;0;0;0;0;0;0;0;0;0;0;0;0
FR;9;2021-02-13;0;0;0;0;0;0;0;0;0;0;0;0;0;0;0;0;0;0
FR;9;2021-02-14;0;0;0;0;0;0;0;0;0;0;0;0;0;0;0;0;0;0
FR;9;2021-02-15;0;0;0;0;0;0;0;0;0;0;0;0;0;0;0;0;0;0
FR;9;2021-02-16;0;0;0;0;0;0;0;0;0;0;0;0;0;0;0;0;0;0
FR;9;2021-02-17;0;0;0;0;0;0;0;0;0;0;0;0;0;0;0;0;0;0
FR;9;2021-02-18;0;0;0;0;0;0;0;0;0;0;0;0;0;0;0;0;0;0
FR;9;2021-02-19;0;0;0;0;0;0;0;0;0;0;0;0;0;0;0;0;0;0
FR;9;2021-02-20;0;0;0;0;0;0;0;0;0;0;0;0;0;0;0;0;0;0
FR;9;2021-02-21;0;0;0;0;0;0;0;0;0;0;0;0;0;0;0;0;0;0
FR;9;2021-02-22;0;0;0;0;0;0;0;0;0;0;0;0;0;0;0;0;0;0
FR;9;2021-02-23;0;0;0;0;0;0;0;0;0;0;0;0;0;0;0;0;0;0
FR;9;2021-02-24;0;0;0;0;0;0;0;0;0;0;0;0;0;0;0;0;0;0
FR;9;2021-02-25;0;0;0;0;0;0;0;0;0;0;0;0;0;0;0;0;0;0
FR;9;2021-02-26;0;0;0;0;0;0;0;0;0;0;0;0;0;0;0;0;0;0
FR;9;2021-02-27;0;0;0;0;0;0;0;0;0;0;0;0;0;0;0;0;0;0
FR;9;2021-02-28;0;0;0;0;0;0;0;0;0;0;0;0;0;0;0;0;0;0
FR;9;2021-03-01;0;0;0;0;0;0;0;0;0;0;0;0;0;0;0;0;0;0
FR;9;2021-03-02;0;0;0;0;0;0;0;0;0;0;0;0;0;0;0;0;0;0
FR;9;2021-03-03;0;0;0;0;0;0;0;0;0;0;0;0;0;0;0;0;0;0
FR;9;2021-03-04;0;0;0;0;0;0;0;0;0;0;0;0;0;0;0;0;0;0
FR;9;2021-03-05;0;0;0;0;0;0;0;0;0;0;0;0;0;0;0;0;0;0
FR;9;2021-03-06;0;0;0;0;0;0;0;0;0;0;0;0;0;0;0;0;0;0
FR;9;2021-03-07;0;0;0;0;0;0;0;0;0;0;0;0;0;0;0;0;0;0
FR;9;2021-03-08;0;0;0;0;0;0;0;0;0;0;0;0;0;0;0;0;0;0
FR;9;2021-03-09;0;0;0;0;0;0;0;0;0;0;0;0;0;0;0;0;0;0
FR;9;2021-03-10;0;0;0;0;0;0;0;0;0;0;0;0;0;0;0;0;0;0
FR;9;2021-03-11;0;0;0;0;0;0;0;0;0;0;0;0;0;0;0;0;0;0
FR;9;2021-03-12;0;0;0;0;0;0;0;0;0;0;0;0;0;0;0;0;0;0
FR;9;2021-03-13;0;0;0;0;0;0;0;0;0;0;0;0;0;0;0;0;0;0
FR;9;2021-03-14;0;0;0;0;0;0;0;0;0;0;0;0;0;0;0;0;0;0
FR;9;2021-03-15;0;0;0;0;0;0;0;0;0;0;0;0;0;0;0;0;0;0
FR;9;2021-03-16;0;0;0;0;0;0;0;0;0;0;0;0;0;0;0;0;0;0
FR;9;2021-03-17;0;0;0;0;0;0;0;0;0;0;0;0;0;0;0;0;0;0
FR;9;2021-03-18;0;0;0;0;0;0;0;0;0;0;0;0;0;0;0;0;0;0
FR;9;2021-03-19;0;0;0;0;0;0;0;0;0;0;0;0;0;0;0;0;0;0
FR;9;2021-03-20;0;0;0;0;0;0;0;0;0;0;0;0;0;0;0;0;0;0
FR;9;2021-03-21;0;0;0;0;0;0;0;0;0;0;0;0;0;0;0;0;0;0
FR;9;2021-03-22;0;0;0;0;0;0;0;0;0;0;0;0;0;0;0;0;0;0
FR;9;2021-03-23;0;0;0;0;0;0;0;0;0;0;0;0;0;0;0;0;0;0
FR;9;2021-03-24;0;0;0;0;0;0;0;0;0;0;0;0;0;0;0;0;0;0
FR;9;2021-03-25;0;0;0;0;0;0;0;0;0;0;0;0;0;0;0;0;0;0
FR;9;2021-03-26;0;0;0;0;0;0;0;0;0;0;0;0;0;0;0;0;0;0
FR;9;2021-03-27;0;0;0;0;0;0;0;0;0;0;0;0;0;0;0;0;0;0
FR;9;2021-03-28;0;0;0;0;0;0;0;0;0;0;0;0;0;0;0;0;0;0
FR;9;2021-03-29;0;0;0;0;0;0;0;0;0;0;0;0;0;0;0;0;0;0
FR;9;2021-03-30;0;0;0;0;0;0;0;0;0;0;0;0;0;0;0;0;0;0
FR;9;2021-03-31;0;0;0;0;0;0;0;0;0;0;0;0;0;0;0;0;0;0
FR;9;2021-04-01;0;0;0;0;0;0;0;0;0;0;0;0;0;0;0;0;0;0
FR;9;2021-04-02;0;0;0;0;0;0;0;0;0;0;0;0;0;0;0;0;0;0
FR;9;2021-04-03;0;0;0;0;0;0;0;0;0;0;0;0;0;0;0;0;0;0
FR;9;2021-04-04;0;0;0;0;0;0;0;0;0;0;0;0;0;0;0;0;0;0
FR;9;2021-04-05;0;0;0;0;0;0;0;0;0;0;0;0;0;0;0;0;0;0
FR;9;2021-04-06;0;0;0;0;0;0;0;0;0;0;0;0;0;0;0;0;0;0
FR;9;2021-04-07;0;0;0;0;0;0;0;0;0;0;0;0;0;0;0;0;0;0
FR;9;2021-04-08;0;0;0;0;0;0;0;0;0;0;0;0;0;0;0;0;0;0
FR;9;2021-04-09;0;0;0;0;0;0;0;0;0;0;0;0;0;0;0;0;0;0
FR;9;2021-04-10;0;0;0;0;0;0;0;0;0;0;0;0;0;0;0;0;0;0
FR;9;2021-04-11;0;0;0;0;0;0;0;0;0;0;0;0;0;0;0;0;0;0
FR;9;2021-04-12;0;0;0;0;0;0;0;0;0;0;0;0;0;0;0;0;0;0
FR;9;2021-04-13;0;0;0;0;0;0;0;0;0;0;0;0;0;0;0;0;0;0
FR;9;2021-04-14;0;0;0;0;0;0;0;0;0;0;0;0;0;0;0;0;0;0
FR;9;2021-04-15;0;0;0;0;0;0;0;0;0;0;0;0;0;0;0;0;0;0
FR;9;2021-04-16;0;0;0;0;0;0;0;0;0;0;0;0;0;0;0;0;0;0
FR;9;2021-04-17;0;0;0;0;0;0;0;0;0;0;0;0;0;0;0;0;0;0
FR;9;2021-04-18;0;0;0;0;0;0;0;0;0;0;0;0;0;0;0;0;0;0
FR;9;2021-04-19;0;0;0;0;0;0;0;0;0;0;0;0;0;0;0;0;0;0
FR;9;2021-04-20;0;0;0;0;0;0;0;0;0;0;0;0;0;0;0;0;0;0
FR;9;2021-04-21;0;0;0;0;0;0;0;0;0;0;0;0;0;0;0;0;0;0
FR;9;2021-04-22;0;0;0;0;0;0;0;0;0;0;0;0;0;0;0;0;0;0
FR;9;2021-04-23;0;0;0;0;0;0;0;0;0;0;0;0;0;0;0;0;0;0
FR;9;2021-04-24;0;0;0;0;0;0;0;0;0;0;0;0;0;0;0;0;0;0
FR;9;2021-04-25;0;0;0;0;0;0;0;0;0;0;0;0;0;0;0;0;0;0
FR;9;2021-04-26;0;0;0;0;0;0;0;0;0;0;0;0;0;0;0;0;0;0
FR;9;2021-04-27;0;0;0;0;0;0;0;0;0;0;0;0;0;0;0;0;0;0
FR;9;2021-04-28;0;0;0;0;0;0;0;0;0;0;0;0;0;0;0;0;0;0
FR;9;2021-04-29;0;0;0;0;0;0;0;0;0;0;0;0;0;0;0;0;0;0
FR;9;2021-04-30;0;0;0;0;0;0;0;0;0;0;0;0;0;0;0;0;0;0
FR;9;2021-05-01;0;0;0;0;0;0;0;0;0;0;0;0;0;0;0;0;0;0
FR;9;2021-05-02;0;0;0;0;0;0;0;0;0;0;0;0;0;0;0;0;0;0
FR;9;2021-05-03;0;0;0;0;0;0;0;0;0;0;0;0;0;0;0;0;0;0
FR;9;2021-05-04;0;0;0;0;0;0;0;0;0;0;0;0;0;0;0;0;0;0
FR;9;2021-05-05;0;0;0;0;0;0;0;0;0;0;0;0;0;0;0;0;0;0
FR;9;2021-05-06;0;0;0;0;0;0;0;0;0;0;0;0;0;0;0;0;0;0
FR;9;2021-05-07;0;0;0;0;0;0;0;0;0;0;0;0;0;0;0;0;0;0
FR;9;2021-05-08;0;0;0;0;0;0;0;0;0;0;0;0;0;0;0;0;0;0
FR;9;2021-05-09;0;0;0;0;0;0;0;0;0;0;0;0;0;0;0;0;0;0
FR;9;2021-05-10;0;0;0;0;0;0;0;0;0;0;0;0;0;0;0;0;0;0
FR;9;2021-05-11;0;0;0;0;0;0;0;0;0;0;0;0;0;0;0;0;0;0
FR;9;2021-05-12;0;0;0;0;0;0;0;0;0;0;0;0;0;0;0;0;0;0
FR;9;2021-05-13;0;0;0;0;0;0;0;0;0;0;0;0;0;0;0;0;0;0
FR;9;2021-05-14;0;0;0;0;0;0;0;0;0;0;0;0;0;0;0;0;0;0
FR;9;2021-05-15;0;0;0;0;0;0;0;0;0;0;0;0;0;0;0;0;0;0
FR;9;2021-05-16;0;0;0;0;0;0;0;0;0;0;0;0;0;0;0;0;0;0
FR;9;2021-05-17;0;0;0;0;0;0;0;0;0;0;0;0;0;0;0;0;0;0
FR;9;2021-05-18;0;0;0;0;0;0;0;0;0;0;0;0;0;0;0;0;0;0
FR;9;2021-05-19;0;0;0;0;0;0;0;0;0;0;0;0;0;0;0;0;0;0
FR;9;2021-05-20;0;0;0;0;0;0;0;0;0;0;0;0;0;0;0;0;0;0
FR;9;2021-05-21;0;0;0;0;0;0;0;0;0;0;0;0;0;0;0;0;0;0
FR;9;2021-05-22;0;0;0;0;0;0;0;0;0;0;0;0;0;0;0;0;0;0
FR;9;2021-05-23;0;0;0;0;0;0;0;0;0;0;0;0;0;0;0;0;0;0
FR;9;2021-05-24;0;0;0;0;0;0;0;0;0;0;0;0;0;0;0;0;0;0
FR;9;2021-05-25;0;0;0;0;0;0;0;0;0;0;0;0;0;0;0;0;0;0
FR;9;2021-05-26;0;0;0;0;0;0;0;0;0;0;0;0;0;0;0;0;0;0
FR;9;2021-05-27;0;0;0;0;0;0;0;0;0;0;0;0;0;0;0;0;0;0
FR;9;2021-05-28;0;0;0;0;0;0;0;0;0;0;0;0;0;0;0;0;0;0
FR;9;2021-05-29;0;0;0;0;0;0;0;0;0;0;0;0;0;0;0;0;0;0
FR;9;2021-05-30;0;0;0;0;0;0;0;0;0;0;0;0;0;0;0;0;0;0
FR;9;2021-05-31;0;0;0;0;0;0;0;0;0;0;0;0;0;0;0;0;0;0
FR;9;2021-06-01;0;0;0;0;0;0;0;0;0;0;0;0;0;0;0;0;0;0
FR;9;2021-06-02;0;0;0;0;0;0;0;0;0;0;0;0;0;0;0;0;0;0
FR;9;2021-06-03;0;0;0;0;0;0;0;0;0;0;0;0;0;0;0;0;0;0
FR;9;2021-06-04;0;0;0;0;0;0;0;0;0;0;0;0;0;0;0;0;0;0
FR;9;2021-06-05;0;0;0;0;0;0;0;0;0;0;0;0;0;0;0;0;0;0
FR;9;2021-06-06;0;0;0;0;0;0;0;0;0;0;0;0;0;0;0;0;0;0
FR;9;2021-06-07;0;0;0;0;0;0;0;0;0;0;0;0;0;0;0;0;0;0
FR;9;2021-06-08;0;0;0;0;0;0;0;0;0;0;0;0;0;0;0;0;0;0
FR;9;2021-06-09;0;0;0;0;0;0;0;0;0;0;0;0;0;0;0;0;0;0
FR;9;2021-06-10;0;0;0;0;0;0;0;0;0;0;0;0;0;0;0;0;0;0
FR;9;2021-06-11;0;0;0;0;0;0;0;0;0;0;0;0;0;0;0;0;0;0
FR;9;2021-06-12;0;0;0;0;0;0;0;0;0;0;0;0;0;0;0;0;0;0
FR;9;2021-06-13;0;0;0;0;0;0;0;0;0;0;0;0;0;0;0;0;0;0
FR;9;2021-06-14;0;0;0;0;0;0;0;0;0;0;0;0;0;0;0;0;0;0
FR;9;2021-06-15;0;0;0;0;0;0;0;0;0;0;0;0;0;0;0;0;0;0
FR;9;2021-06-16;0;0;0;0;0;0;0;0;0;0;0;0;0;0;0;0;0;0
FR;9;2021-06-17;0;0;0;0;0;0;0;0;0;0;0;0;0;0;0;0;0;0
FR;9;2021-06-18;0;0;0;0;0;0;0;0;0;0;0;0;0;0;0;0;0;0
FR;9;2021-06-19;0;0;0;0;0;0;0;0;0;0;0;0;0;0;0;0;0;0
FR;9;2021-06-20;0;0;0;0;0;0;0;0;0;0;0;0;0;0;0;0;0;0
FR;9;2021-06-21;0;0;0;0;0;0;0;0;0;0;0;0;0;0;0;0;0;0
FR;9;2021-06-22;0;0;0;0;0;0;0;0;0;0;0;0;0;0;0;0;0;0
FR;9;2021-06-23;0;0;0;0;0;0;0;0;0;0;0;0;0;0;0;0;0;0
FR;9;2021-06-24;0;0;0;0;0;0;0;0;0;0;0;0;0;0;0;0;0;0
FR;9;2021-06-25;0;0;0;0;0;0;0;0;0;0;0;0;0;0;0;0;0;0
FR;9;2021-06-26;0;0;0;0;0;0;0;0;0;0;0;0;0;0;0;0;0;0
FR;9;2021-06-27;0;0;0;0;0;0;0;0;0;0;0;0;0;0;0;0;0;0
FR;9;2021-06-28;0;0;0;0;0;0;0;0;0;0;0;0;0;0;0;0;0;0
FR;9;2021-06-29;0;0;0;0;0;0;0;0;0;0;0;0;0;0;0;0;0;0
FR;9;2021-06-30;0;0;0;0;0;0;0;0;0;0;0;0;0;0;0;0;0;0
FR;9;2021-07-01;0;0;0;0;0;0;0;0;0;0;0;0;0;0;0;0;0;0
FR;9;2021-07-02;0;0;0;0;0;0;0;0;0;0;0;0;0;0;0;0;0;0
FR;9;2021-07-03;0;0;0;0;0;0;0;0;0;0;0;0;0;0;0;0;0;0
FR;9;2021-07-04;0;0;0;0;0;0;0;0;0;0;0;0;0;0;0;0;0;0
FR;9;2021-07-05;0;0;0;0;0;0;0;0;0;0;0;0;0;0;0;0;0;0
FR;9;2021-07-06;0;0;0;0;0;0;0;0;0;0;0;0;0;0;0;0;0;0
FR;9;2021-07-07;0;0;0;0;0;0;0;0;0;0;0;0;0;0;0;0;0;0
FR;9;2021-07-08;0;0;0;0;0;0;0;0;0;0;0;0;0;0;0;0;0;0
FR;9;2021-07-09;0;0;0;0;0;0;0;0;0;0;0;0;0;0;0;0;0;0
FR;9;2021-07-10;0;0;0;0;0;0;0;0;0;0;0;0;0;0;0;0;0;0
FR;9;2021-07-11;0;0;0;0;0;0;0;0;0;0;0;0;0;0;0;0;0;0
FR;9;2021-07-12;0;0;0;0;0;0;0;0;0;0;0;0;0;0;0;0;0;0
FR;9;2021-07-13;0;0;0;0;0;0;0;0;0;0;0;0;0;0;0;0;0;0
FR;9;2021-07-14;0;0;0;0;0;0;0;0;0;0;0;0;0;0;0;0;0;0
FR;9;2021-07-15;0;0;0;0;0;0;0;0;0;0;0;0;0;0;0;0;0;0
FR;9;2021-07-16;0;0;0;0;0;0;0;0;0;0;0;0;0;0;0;0;0;0
FR;9;2021-07-17;0;0;0;0;0;0;0;0;0;0;0;0;0;0;0;0;0;0
FR;9;2021-07-18;0;0;0;0;0;0;0;0;0;0;0;0;0;0;0;0;0;0
FR;9;2021-07-19;0;0;0;0;0;0;0;0;0;0;0;0;0;0;0;0;0;0
FR;9;2021-07-20;0;0;0;0;0;0;0;0;0;0;0;0;0;0;0;0;0;0
FR;9;2021-07-21;0;0;0;0;0;0;0;0;0;0;0;0;0;0;0;0;0;0
FR;9;2021-07-22;0;0;0;0;0;0;0;0;0;0;0;0;0;0;0;0;0;0
FR;9;2021-07-23;0;0;0;0;0;0;0;0;0;0;0;0;0;0;0;0;0;0
FR;9;2021-07-24;0;0;0;0;0;0;0;0;0;0;0;0;0;0;0;0;0;0
FR;9;2021-07-25;0;0;0;0;0;0;0;0;0;0;0;0;0;0;0;0;0;0
FR;9;2021-07-26;0;0;0;0;0;0;0;0;0;0;0;0;0;0;0;0;0;0
FR;9;2021-07-27;0;0;0;0;0;0;0;0;0;0;0;0;0;0;0;0;0;0
FR;9;2021-07-28;0;0;0;0;0;0;0;0;0;0;0;0;0;0;0;0;0;0
FR;9;2021-07-29;0;0;0;0;0;0;0;0;0;0;0;0;0;0;0;0;0;0
FR;9;2021-07-30;0;0;0;0;0;0;0;0;0;0;0;0;0;0;0;0;0;0
FR;9;2021-07-31;0;0;0;0;0;0;0;0;0;0;0;0;0;0;0;0;0;0
FR;9;2021-08-01;0;0;0;0;0;0;0;0;0;0;0;0;0;0;0;0;0;0
FR;9;2021-08-02;0;0;0;0;0;0;0;0;0;0;0;0;0;0;0;0;0;0
FR;9;2021-08-03;0;0;0;0;0;0;0;0;0;0;0;0;0;0;0;0;0;0
FR;9;2021-08-04;0;0;0;0;0;0;0;0;0;0;0;0;0;0;0;0;0;0
FR;9;2021-08-05;0;0;0;0;0;0;0;0;0;0;0;0;0;0;0;0;0;0
FR;9;2021-08-06;0;0;0;0;0;0;0;0;0;0;0;0;0;0;0;0;0;0
FR;9;2021-08-07;0;0;0;0;0;0;0;0;0;0;0;0;0;0;0;0;0;0
FR;9;2021-08-08;0;0;0;0;0;0;0;0;0;0;0;0;0;0;0;0;0;0
FR;9;2021-08-09;0;0;0;0;0;0;0;0;0;0;0;0;0;0;0;0;0;0
FR;9;2021-08-10;0;0;0;0;0;0;0;0;0;0;0;0;0;0;0;0;0;0
FR;9;2021-08-11;0;0;0;0;0;0;0;0;0;0;0;0;0;0;0;0;0;0
FR;9;2021-08-12;0;0;0;0;0;0;0;0;0;0;0;0;0;0;0;0;0;0
FR;9;2021-08-13;0;0;0;0;0;0;0;0;0;0;0;0;0;0;0;0;0;0
FR;9;2021-08-14;0;0;0;0;0;0;0;0;0;0;0;0;0;0;0;0;0;0
FR;9;2021-08-15;0;0;0;0;0;0;0;0;0;0;0;0;0;0;0;0;0;0
FR;9;2021-08-16;0;0;0;0;0;0;0;0;0;0;0;0;0;0;0;0;0;0
FR;9;2021-08-17;0;0;0;0;0;0;0;0;0;0;0;0;0;0;0;0;0;0
FR;9;2021-08-18;0;0;0;0;0;0;0;0;0;0;0;0;0;0;0;0;0;0
FR;9;2021-08-19;0;0;0;0;0;0;0;0;0;0;0;0;0;0;0;0;0;0
FR;9;2021-08-20;0;0;0;0;0;0;0;0;0;0;0;0;0;0;0;0;0;0
FR;9;2021-08-21;0;0;0;0;0;0;0;0;0;0;0;0;0;0;0;0;0;0
FR;9;2021-08-22;0;0;0;0;0;0;0;0;0;0;0;0;0;0;0;0;0;0
FR;9;2021-08-23;0;0;0;0;0;0;0;0;0;0;0;0;0;0;0;0;0;0
FR;9;2021-08-24;0;0;0;0;0;0;0;0;0;0;0;0;0;0;0;0;0;0
FR;9;2021-08-25;0;0;0;0;0;0;0;0;0;0;0;0;0;0;0;0;0;0
FR;9;2021-08-26;0;0;0;0;0;0;0;0;0;0;0;0;0;0;0;0;0;0
FR;9;2021-08-27;0;0;0;0;0;0;0;0;0;0;0;0;0;0;0;0;0;0
FR;9;2021-08-28;0;0;0;0;0;0;0;0;0;0;0;0;0;0;0;0;0;0
FR;9;2021-08-29;0;0;0;0;0;0;0;0;0;0;0;0;0;0;0;0;0;0
FR;9;2021-08-30;0;0;0;0;0;0;0;0;0;0;0;0;0;0;0;0;0;0
FR;9;2021-08-31;0;0;0;0;0;0;0;0;0;0;0;0;0;0;0;0;0;0
FR;9;2021-09-01;0;0;0;0;0;0;0;0;0;0;0;0;0;0;0;0;0;0
FR;9;2021-09-02;0;0;0;0;0;0;0;0;0;0;0;0;0;0;0;0;0;0
FR;9;2021-09-03;0;0;0;0;0;0;0;0;0;0;0;0;0;0;0;0;0;0
FR;9;2021-09-04;0;0;0;0;0;0;0;0;0;0;0;0;0;0;0;0;0;0
FR;9;2021-09-05;0;0;0;0;0;0;0;0;0;0;0;0;0;0;0;0;0;0
FR;9;2021-09-06;0;0;0;0;0;0;0;0;0;0;0;0;0;0;0;0;0;0
FR;9;2021-09-07;0;0;0;0;0;0;0;0;0;0;0;0;0;0;0;0;0;0
FR;9;2021-09-08;0;0;0;0;0;0;0;0;0;0;0;0;0;0;0;0;0;0
FR;9;2021-09-09;0;0;0;0;0;0;0;0;0;0;0;0;0;0;0;0;0;0
FR;9;2021-09-10;0;0;0;0;0;0;0;0;0;0;0;0;0;0;0;0;0;0
FR;9;2021-09-11;0;0;0;0;0;0;0;0;0;0;0;0;0;0;0;0;0;0
FR;9;2021-09-12;0;0;0;0;0;0;0;0;0;0;0;0;0;0;0;0;0;0
FR;9;2021-09-13;0;0;0;0;0;0;0;0;0;0;0;0;0;0;0;0;0;0
FR;9;2021-09-14;0;0;0;0;0;0;0;0;0;0;0;0;0;0;0;0;0;0
FR;9;2021-09-15;0;0;0;0;0;0;0;0;0;0;0;0;0;0;0;0;0;0
FR;9;2021-09-16;0;0;0;0;0;0;0;0;0;0;0;0;0;0;0;0;0;0
FR;9;2021-09-17;0;0;0;0;0;0;0;0;0;0;0;0;0;0;0;0;0;0
FR;9;2021-09-18;0;0;0;0;0;0;0;0;0;0;0;0;0;0;0;0;0;0
FR;9;2021-09-19;0;0;0;0;0;0;0;0;0;0;0;0;0;0;0;0;0;0
FR;9;2021-09-20;0;0;0;0;0;0;0;0;0;0;0;0;0;0;0;0;0;0
FR;9;2021-09-21;0;0;0;0;0;0;0;0;0;0;0;0;0;0;0;0;0;0
FR;9;2021-09-22;0;0;0;0;0;0;0;0;0;0;0;0;0;0;0;0;0;0
FR;9;2021-09-23;0;0;0;0;0;0;0;0;0;0;0;0;0;0;0;0;0;0
FR;9;2021-09-24;0;0;0;0;0;0;0;0;0;0;0;0;0;0;0;0;0;0
FR;9;2021-09-25;0;0;0;0;0;0;0;0;0;0;0;0;0;0;0;0;0;0
FR;9;2021-09-26;0;0;0;0;0;0;0;0;0;0;0;0;0;0;0;0;0;0
FR;9;2021-09-27;0;0;0;0;0;0;0;0;0;0;0;0;0;0;0;0;0;0
FR;9;2021-09-28;0;0;0;0;0;0;0;0;0;0;0;0;0;0;0;0;0;0
FR;9;2021-09-29;0;0;0;0;0;0;0;0;0;0;0;0;0;0;0;0;0;0
FR;9;2021-09-30;0;0;0;0;0;0;0;0;0;0;0;0;0;0;0;0;0;0
FR;9;2021-10-01;0;0;0;0;0;0;0;0;0;0;0;0;0;0;0;0;0;0
FR;9;2021-10-02;0;0;0;0;0;0;0;0;0;0;0;0;0;0;0;0;0;0
FR;9;2021-10-03;0;0;0;0;0;0;0;0;0;0;0;0;0;0;0;0;0;0
FR;9;2021-10-04;0;0;0;0;0;0;0;0;0;0;0;0;0;0;0;0;0;0
FR;9;2021-10-05;0;0;0;0;0;0;0;0;0;0;0;0;0;0;0;0;0;0
FR;9;2021-10-06;0;0;0;0;0;0;0;0;0;0;0;0;0;0;0;0;0;0
FR;9;2021-10-07;0;0;0;0;0;0;0;0;0;0;0;0;0;0;0;0;0;0
FR;9;2021-10-08;0;0;0;0;0;0;0;0;0;0;0;0;0;0;0;0;0;0
FR;9;2021-10-09;0;0;0;0;0;0;0;0;0;0;0;0;0;0;0;0;0;0
FR;9;2021-10-10;0;0;0;0;0;0;0;0;0;0;0;0;0;0;0;0;0;0
FR;9;2021-10-11;0;0;0;0;0;0;0;0;0;0;0;0;0;0;0;0;0;0
FR;9;2021-10-12;0;0;0;0;0;0;0;0;0;0;0;0;0;0;0;0;0;0
FR;9;2021-10-13;0;0;0;0;0;0;0;0;0;0;0;0;0;0;0;0;0;0
FR;9;2021-10-14;0;0;0;0;0;0;0;0;0;0;0;0;0;0;0;0;0;0
FR;9;2021-10-15;0;0;0;0;0;0;0;0;0;0;0;0;0;0;0;0;0;0
FR;9;2021-10-16;0;0;0;0;0;0;0;0;0;0;0;0;0;0;0;0;0;0
FR;9;2021-10-17;0;0;0;0;0;0;0;0;0;0;0;0;0;0;0;0;0;0
FR;9;2021-10-18;0;0;0;0;0;0;0;0;0;0;0;0;0;0;0;0;0;0
FR;9;2021-10-19;0;0;0;0;0;0;0;0;0;0;0;0;0;0;0;0;0;0
FR;9;2021-10-20;0;0;0;0;0;0;0;0;0;0;0;0;0;0;0;0;0;0
FR;9;2021-10-21;0;0;0;0;0;0;0;0;0;0;0;0;0;0;0;0;0;0
FR;9;2021-10-22;0;0;0;0;0;0;0;0;0;0;0;0;0;0;0;0;0;0
FR;9;2021-10-23;0;0;0;0;0;0;0;0;0;0;0;0;0;0;0;0;0;0
FR;9;2021-10-24;0;0;0;0;0;0;0;0;0;0;0;0;0;0;0;0;0;0
FR;9;2021-10-25;0;0;0;0;0;0;0;0;0;0;0;0;0;0;0;0;0;0
FR;9;2021-10-26;0;0;0;0;0;0;0;0;0;0;0;0;0;0;0;0;0;0
FR;9;2021-10-27;0;0;0;0;0;0;0;0;0;0;0;0;0;0;0;0;0;0
FR;9;2021-10-28;0;0;0;0;0;0;0;0;0;0;0;0;0;0;0;0;0;0
FR;9;2021-10-29;0;0;0;0;0;0;0;0;0;0;0;0;0;0;0;0;0;0
FR;9;2021-10-30;0;0;0;0;0;0;0;0;0;0;0;0;0;0;0;0;0;0
FR;9;2021-10-31;0;0;0;0;0;0;0;0;0;0;0;0;0;0;0;0;0;0
FR;9;2021-11-01;0;0;0;0;0;0;0;0;0;0;0;0;0;0;0;0;0;0
FR;9;2021-11-02;0;0;0;0;0;0;0;0;0;0;0;0;0;0;0;0;0;0
FR;9;2021-11-03;0;0;0;0;0;0;0;0;0;0;0;0;0;0;0;0;0;0
FR;9;2021-11-04;0;0;0;0;0;0;0;0;0;0;0;0;0;0;0;0;0;0
FR;9;2021-11-05;0;0;0;0;0;0;0;0;0;0;0;0;0;0;0;0;0;0
FR;9;2021-11-06;0;0;0;0;0;0;0;0;0;0;0;0;0;0;0;0;0;0
FR;9;2021-11-07;0;0;0;0;0;0;0;0;0;0;0;0;0;0;0;0;0;0
FR;9;2021-11-08;0;0;0;0;0;0;0;0;0;0;0;0;0;0;0;0;0;0
FR;9;2021-11-09;0;0;0;0;0;0;0;0;0;0;0;0;0;0;0;0;0;0
FR;9;2021-11-10;0;0;0;0;0;0;0;0;0;0;0;0;0;0;0;0;0;0
FR;9;2021-11-11;0;0;0;0;0;0;0;0;0;0;0;0;0;0;0;0;0;0
FR;9;2021-11-12;0;0;0;0;0;0;0;0;0;0;0;0;0;0;0;0;0;0
FR;9;2021-11-13;0;0;0;0;0;0;0;0;0;0;0;0;0;0;0;0;0;0
FR;9;2021-11-14;0;0;0;0;0;0;0;0;0;0;0;0;0;0;0;0;0;0
FR;9;2021-11-15;0;0;0;0;0;0;0;0;0;0;0;0;0;0;0;0;0;0
FR;9;2021-11-16;0;0;0;0;0;0;0;0;0;0;0;0;0;0;0;0;0;0
FR;9;2021-11-17;0;0;0;0;0;0;0;0;0;0;0;0;0;0;0;0;0;0
FR;9;2021-11-18;0;0;0;0;0;0;0;0;0;0;0;0;0;0;0;0;0;0
FR;9;2021-11-19;0;0;0;0;0;0;0;0;0;0;0;0;0;0;0;0;0;0
FR;9;2021-11-20;0;0;0;0;0;0;0;0;0;0;0;0;0;0;0;0;0;0
FR;9;2021-11-21;0;0;0;0;0;0;0;0;0;0;0;0;0;0;0;0;0;0
FR;9;2021-11-22;0;0;0;0;0;0;0;0;0;0;0;0;0;0;0;0;0;0
FR;9;2021-11-23;0;0;0;0;0;0;0;0;0;0;0;0;0;0;0;0;0;0
FR;9;2021-11-24;0;0;0;0;0;0;0;0;0;0;0;0;0;0;0;0;0;0
FR;9;2021-11-25;0;0;0;0;0;0;0;0;0;0;0;0;0;0;0;0;0;0
FR;9;2021-11-26;0;0;0;0;0;0;0;0;0;0;0;0;0;0;0;0;0;0
FR;9;2021-11-27;0;0;0;0;0;0;0;0;0;0;0;0;0;0;0;0;0;0
FR;9;2021-11-28;0;0;0;0;0;0;0;0;0;0;0;0;0;0;0;0;0;0
FR;9;2021-11-29;0;0;0;0;0;0;0;0;0;0;0;0;0;0;0;0;0;0
FR;9;2021-11-30;0;0;0;0;0;0;0;0;0;0;0;0;0;0;0;0;0;0
FR;9;2021-12-01;0;0;0;0;0;0;0;0;0;0;0;0;0;0;0;0;0;0
FR;9;2021-12-02;0;0;0;0;0;0;0;0;0;0;0;0;0;0;0;0;0;0
FR;9;2021-12-03;0;0;0;0;0;0;0;0;0;0;0;0;0;0;0;0;0;0
FR;9;2021-12-04;0;0;0;0;0;0;0;0;0;0;0;0;0;0;0;0;0;0
FR;9;2021-12-05;0;0;0;0;0;0;0;0;0;0;0;0;0;0;0;0;0;0
FR;9;2021-12-06;0;0;0;0;0;0;0;0;0;0;0;0;0;0;0;0;0;0
FR;9;2021-12-07;0;0;0;0;0;0;0;0;0;0;0;0;0;0;0;0;0;0
FR;9;2021-12-08;0;0;0;0;0;0;0;0;0;0;0;0;0;0;0;0;0;0
FR;9;2021-12-09;0;0;0;0;0;0;0;0;0;0;0;0;0;0;0;0;0;0
FR;9;2021-12-10;0;0;0;0;0;0;0;0;0;0;0;0;0;0;0;0;0;0
FR;9;2021-12-11;0;0;0;0;0;0;0;0;0;0;0;0;0;0;0;0;0;0
FR;9;2021-12-12;0;0;0;0;0;0;0;0;0;0;0;0;0;0;0;0;0;0
FR;9;2021-12-13;0;0;0;0;0;0;0;0;0;0;0;0;0;0;0;0;0;0
FR;9;2021-12-14;0;0;0;0;0;0;0;0;0;0;0;0;0;0;0;0;0;0
FR;9;2021-12-15;0;0;0;0;0;0;0;0;0;0;0;0;0;0;0;0;0;0
FR;9;2021-12-16;0;0;0;0;0;0;0;0;0;0;0;0;0;0;0;0;0;0
FR;9;2021-12-17;0;0;0;0;0;0;0;0;0;0;0;0;0;0;0;0;0;0
FR;9;2021-12-18;0;0;0;0;0;0;0;0;0;0;0;0;0;0;0;0;0;0
FR;9;2021-12-19;0;0;0;0;0;0;0;0;0;0;0;0;0;0;0;0;0;0
FR;9;2021-12-20;0;0;0;0;0;0;0;0;0;0;0;0;0;0;0;0;0;0
FR;9;2021-12-21;0;0;0;0;0;0;0;0;0;0;0;0;0;0;0;0;0;0
FR;9;2021-12-22;0;0;0;0;0;0;0;0;0;0;0;0;0;0;0;0;0;0
FR;9;2021-12-23;0;0;0;0;0;0;0;0;0;0;0;0;0;0;0;0;0;0
FR;9;2021-12-24;0;0;0;0;0;0;0;0;0;0;0;0;0;0;0;0;0;0
FR;9;2021-12-25;0;0;0;0;0;0;0;0;0;0;0;0;0;0;0;0;0;0
FR;9;2021-12-26;0;0;0;0;0;0;0;0;0;0;0;0;0;0;0;0;0;0
FR;9;2021-12-27;0;0;0;0;0;0;0;0;0;0;0;0;0;0;0;0;0;0
FR;9;2021-12-28;0;0;0;0;0;0;0;0;0;0;0;0;0;0;0;0;0;0
FR;9;2021-12-29;0;0;0;0;0;0;0;0;0;0;0;0;0;0;0;0;0;0
FR;9;2021-12-30;0;0;0;0;0;0;0;0;0;0;0;0;0;0;0;0;0;0
FR;9;2021-12-31;0;0;0;0;0;0;0;0;0;0;0;0;0;0;0;0;0;0
FR;9;2022-01-01;0;0;0;0;0;0;0;0;0;0;0;0;0;0;0;0;0;0
FR;9;2022-01-02;0;0;0;0;0;0;0;0;0;0;0;0;0;0;0;0;0;0
FR;9;2022-01-03;0;0;0;0;0;0;0;0;0;0;0;0;0;0;0;0;0;0
FR;9;2022-01-04;0;0;0;0;0;0;0;0;0;0;0;0;0;0;0;0;0;0
FR;9;2022-01-05;0;0;0;0;0;0;0;0;0;0;0;0;0;0;0;0;0;0
FR;9;2022-01-06;0;0;0;0;0;0;0;0;0;0;0;0;0;0;0;0;0;0
FR;9;2022-01-07;0;0;0;0;0;0;0;0;0;0;0;0;0;0;0;0;0;0
FR;9;2022-01-08;0;0;0;0;0;0;0;0;0;0;0;0;0;0;0;0;0;0
FR;9;2022-01-09;0;0;0;0;0;0;0;0;0;0;0;0;0;0;0;0;0;0
FR;9;2022-01-10;0;0;0;0;0;0;0;0;0;0;0;0;0;0;0;0;0;0
FR;9;2022-01-11;0;0;0;0;0;0;0;0;0;0;0;0;0;0;0;0;0;0
FR;9;2022-01-12;0;0;0;0;0;0;0;0;0;0;0;0;0;0;0;0;0;0
FR;9;2022-01-13;0;0;0;0;0;0;0;0;0;0;0;0;0;0;0;0;0;0
FR;9;2022-01-14;0;0;0;0;0;0;0;0;0;0;0;0;0;0;0;0;0;0
FR;9;2022-01-15;0;0;0;0;0;0;0;0;0;0;0;0;0;0;0;0;0;0
FR;9;2022-01-16;0;0;0;0;0;0;0;0;0;0;0;0;0;0;0;0;0;0
FR;9;2022-01-17;0;0;0;0;0;0;0;0;0;0;0;0;0;0;0;0;0;0
FR;9;2022-01-18;0;0;0;0;0;0;0;0;0;0;0;0;0;0;0;0;0;0
FR;9;2022-01-19;0;0;0;0;0;0;0;0;0;0;0;0;0;0;0;0;0;0
FR;9;2022-01-20;0;0;0;0;0;0;0;0;0;0;0;0;0;0;0;0;0;0
FR;9;2022-01-21;0;0;0;0;0;0;0;0;0;0;0;0;0;0;0;0;0;0
FR;9;2022-01-22;0;0;0;0;0;0;0;0;0;0;0;0;0;0;0;0;0;0
FR;9;2022-01-23;0;0;0;0;0;0;0;0;0;0;0;0;0;0;0;0;0;0
FR;9;2022-01-24;0;0;0;0;0;0;0;0;0;0;0;0;0;0;0;0;0;0
FR;9;2022-01-25;0;0;0;0;0;0;0;0;0;0;0;0;0;0;0;0;0;0
FR;9;2022-01-26;0;0;0;0;0;0;0;0;0;0;0;0;0;0;0;0;0;0
FR;9;2022-01-27;0;0;0;0;0;0;0;0;0;0;0;0;0;0;0;0;0;0
FR;9;2022-01-28;0;0;0;0;0;0;0;0;0;0;0;0;0;0;0;0;0;0
FR;9;2022-01-29;0;0;0;0;0;0;0;0;0;0;0;0;0;0;0;0;0;0
FR;9;2022-01-30;0;0;0;0;0;0;0;0;0;0;0;0;0;0;0;0;0;0
FR;9;2022-01-31;0;0;0;0;0;0;0;0;0;0;0;0;0;0;0;0;0;0
FR;9;2022-02-01;0;0;0;0;0;0;0;0;0;0;0;0;0;0;0;0;0;0
FR;9;2022-02-02;0;0;0;0;0;0;0;0;0;0;0;0;0;0;0;0;0;0
FR;9;2022-02-03;0;0;0;0;0;0;0;0;0;0;0;0;0;0;0;0;0;0
FR;9;2022-02-04;0;0;0;0;0;0;0;0;0;0;0;0;0;0;0;0;0;0
FR;9;2022-02-05;0;0;0;0;0;0;0;0;0;0;0;0;0;0;0;0;0;0
FR;9;2022-02-06;0;0;0;0;0;0;0;0;0;0;0;0;0;0;0;0;0;0
FR;9;2022-02-07;0;0;0;0;0;0;0;0;0;0;0;0;0;0;0;0;0;0
FR;9;2022-02-08;0;0;0;0;0;0;0;0;0;0;0;0;0;0;0;0;0;0
FR;9;2022-02-09;0;0;0;0;0;0;0;0;0;0;0;0;0;0;0;0;0;0
FR;9;2022-02-10;0;0;0;0;0;0;0;0;0;0;0;0;0;0;0;0;0;0
FR;9;2022-02-11;0;0;0;0;0;0;0;0;0;0;0;0;0;0;0;0;0;0
FR;9;2022-02-12;0;0;0;0;0;0;0;0;0;0;0;0;0;0;0;0;0;0
FR;9;2022-02-13;0;0;0;0;0;0;0;0;0;0;0;0;0;0;0;0;0;0
FR;9;2022-02-14;0;0;0;0;0;0;0;0;0;0;0;0;0;0;0;0;0;0
FR;9;2022-02-15;0;0;0;0;0;0;0;0;0;0;0;0;0;0;0;0;0;0
FR;9;2022-02-16;0;0;0;0;0;0;0;0;0;0;0;0;0;0;0;0;0;0
FR;9;2022-02-17;0;0;0;0;0;0;0;0;0;0;0;0;0;0;0;0;0;0
FR;9;2022-02-18;0;0;0;0;0;0;0;0;0;0;0;0;0;0;0;0;0;0
FR;9;2022-02-19;0;0;0;0;0;0;0;0;0;0;0;0;0;0;0;0;0;0
FR;9;2022-02-20;0;0;0;0;0;0;0;0;0;0;0;0;0;0;0;0;0;0
FR;9;2022-02-21;0;0;0;0;0;0;0;0;0;0;0;0;0;0;0;0;0;0
FR;9;2022-02-22;0;0;0;0;0;0;0;0;0;0;0;0;0;0;0;0;0;0
FR;9;2022-02-23;0;0;0;0;0;0;0;0;0;0;0;0;0;0;0;0;0;0
FR;9;2022-02-24;0;0;0;0;0;0;0;0;0;0;0;0;0;0;0;0;0;0
FR;9;2022-02-25;0;0;0;0;0;0;0;0;0;0;0;0;0;0;0;0;0;0
FR;9;2022-02-26;0;0;0;0;0;0;0;0;0;0;0;0;0;0;0;0;0;0
FR;9;2022-02-27;0;0;0;0;0;0;0;0;0;0;0;0;0;0;0;0;0;0
FR;9;2022-02-28;0;0;0;0;0;0;0;0;0;0;0;0;0;0;0;0;0;0
FR;9;2022-03-01;0;0;0;0;0;0;0;0;0;0;0;0;0;0;0;0;0;0
FR;9;2022-03-02;0;0;0;0;0;0;0;0;0;0;0;0;0;0;0;0;0;0
FR;9;2022-03-03;0;0;0;0;0;0;0;0;0;0;0;0;0;0;0;0;0;0
FR;9;2022-03-04;0;0;0;0;0;0;0;0;0;0;0;0;0;0;0;0;0;0
FR;9;2022-03-05;0;0;0;0;0;0;0;0;0;0;0;0;0;0;0;0;0;0
FR;9;2022-03-06;0;0;0;0;0;0;0;0;0;0;0;0;0;0;0;0;0;0
FR;9;2022-03-07;0;0;0;0;0;0;0;0;0;0;0;0;0;0;0;0;0;0
FR;9;2022-03-08;0;0;0;0;0;0;0;0;0;0;0;0;0;0;0;0;0;0
FR;9;2022-03-09;0;0;0;0;0;0;0;0;0;0;0;0;0;0;0;0;0;0
FR;9;2022-03-10;0;0;0;0;0;0;0;0;0;0;0;0;0;0;0;0;0;0
FR;9;2022-03-11;0;0;0;0;0;0;0;0;0;0;0;0;0;0;0;0;0;0
FR;9;2022-03-12;0;0;0;0;0;0;0;0;0;0;0;0;0;0;0;0;0;0
FR;9;2022-03-13;0;0;0;0;0;0;0;0;0;0;0;0;0;0;0;0;0;0
FR;9;2022-03-14;0;0;0;0;0;0;0;0;0;0;0;0;0;0;0;0;0;0
FR;9;2022-03-15;0;0;0;0;0;0;0;0;0;0;0;0;0;0;0;0;0;0
FR;9;2022-03-16;0;0;0;0;0;0;0;0;0;0;0;0;0;0;0;0;0;0
FR;9;2022-03-17;0;0;0;0;0;0;0;0;0;0;0;0;0;0;0;0;0;0
FR;9;2022-03-18;0;0;0;0;0;0;0;0;0;0;0;0;0;0;0;0;0;0
FR;9;2022-03-19;0;0;0;0;0;0;0;0;0;0;0;0;0;0;0;0;0;0
FR;9;2022-03-20;0;0;0;0;0;0;0;0;0;0;0;0;0;0;0;0;0;0
FR;9;2022-03-21;0;0;0;0;0;0;0;0;0;0;0;0;0;0;0;0;0;0
FR;9;2022-03-22;0;0;0;0;0;0;0;0;0;0;0;0;0;0;0;0;0;0
FR;9;2022-03-23;0;0;0;0;0;0;0;0;0;0;0;0;0;0;0;0;0;0
FR;9;2022-03-24;0;0;0;0;0;0;0;0;0;0;0;0;0;0;0;0;0;0
FR;9;2022-03-25;0;0;0;0;0;0;0;0;0;0;0;0;0;0;0;0;0;0
FR;9;2022-03-26;0;0;0;0;0;0;0;0;0;0;0;0;0;0;0;0;0;0
FR;9;2022-03-27;0;0;0;0;0;0;0;0;0;0;0;0;0;0;0;0;0;0
FR;9;2022-03-28;0;0;0;0;0;0;0;0;0;0;0;0;0;0;0;0;0;0
FR;9;2022-03-29;0;0;0;0;0;0;0;0;0;0;0;0;0;0;0;0;0;0
FR;9;2022-03-30;0;0;0;0;0;0;0;0;0;0;0;0;0;0;0;0;0;0
FR;9;2022-03-31;0;0;0;0;0;0;0;0;0;0;0;0;0;0;0;0;0;0
FR;9;2022-04-01;0;0;0;0;0;0;0;0;0;0;0;0;0;0;0;0;0;0
FR;9;2022-04-02;0;0;0;0;0;0;0;0;0;0;0;0;0;0;0;0;0;0
FR;9;2022-04-03;0;0;0;0;0;0;0;0;0;0;0;0;0;0;0;0;0;0
FR;9;2022-04-04;0;0;0;0;0;0;0;0;0;0;0;0;0;0;0;0;0;0
FR;9;2022-04-05;0;0;0;0;0;0;0;0;0;0;0;0;0;0;0;0;0;0
FR;9;2022-04-06;0;0;0;0;0;0;0;0;0;0;0;0;0;0;0;0;0;0
FR;9;2022-04-07;0;0;0;0;0;0;0;0;0;0;0;0;0;0;0;0;0;0
FR;9;2022-04-08;0;0;0;0;0;0;0;0;0;0;0;0;0;0;0;0;0;0
FR;9;2022-04-09;0;0;0;0;0;0;0;0;0;0;0;0;0;0;0;0;0;0
FR;9;2022-04-10;0;0;0;0;0;0;0;0;0;0;0;0;0;0;0;0;0;0
FR;9;2022-04-11;0;0;0;0;0;0;0;0;0;0;0;0;0;0;0;0;0;0
FR;9;2022-04-12;0;0;0;0;0;0;0;0;0;0;0;0;0;0;0;0;0;0
FR;9;2022-04-13;0;0;0;0;0;0;0;0;0;0;0;0;0;0;0;0;0;0
FR;9;2022-04-14;0;0;0;0;0;0;0;0;0;0;0;0;0;0;0;0;0;0
FR;9;2022-04-15;0;0;0;0;0;0;0;0;0;0;0;0;0;0;0;0;0;0
FR;9;2022-04-16;0;0;0;0;0;0;0;0;0;0;0;0;0;0;0;0;0;0
FR;9;2022-04-17;0;0;0;0;0;0;0;0;0;0;0;0;0;0;0;0;0;0
FR;9;2022-04-18;0;0;0;0;0;0;0;0;0;0;0;0;0;0;0;0;0;0
FR;9;2022-04-19;0;0;0;0;0;0;0;0;0;0;0;0;0;0;0;0;0;0
FR;9;2022-04-20;0;0;0;0;0;0;0;0;0;0;0;0;0;0;0;0;0;0
FR;9;2022-04-21;0;0;0;0;0;0;0;0;0;0;0;0;0;0;0;0;0;0
FR;9;2022-04-22;0;0;0;0;0;0;0;0;0;0;0;0;0;0;0;0;0;0
FR;9;2022-04-23;0;0;0;0;0;0;0;0;0;0;0;0;0;0;0;0;0;0
FR;9;2022-04-24;0;0;0;0;0;0;0;0;0;0;0;0;0;0;0;0;0;0
FR;9;2022-04-25;0;0;0;0;0;0;0;0;0;0;0;0;0;0;0;0;0;0
FR;9;2022-04-26;0;0;0;0;0;0;0;0;0;0;0;0;0;0;0;0;0;0
FR;9;2022-04-27;0;0;0;0;0;0;0;0;0;0;0;0;0;0;0;0;0;0
FR;9;2022-04-28;0;0;0;0;0;0;0;0;0;0;0;0;0;0;0;0;0;0
FR;9;2022-04-29;0;0;0;0;0;0;0;0;0;0;0;0;0;0;0;0;0;0
FR;9;2022-04-30;0;0;0;0;0;0;0;0;0;0;0;0;0;0;0;0;0;0
FR;9;2022-05-01;0;0;0;0;0;0;0;0;0;0;0;0;0;0;0;0;0;0
FR;9;2022-05-02;0;0;0;0;0;0;0;0;0;0;0;0;0;0;0;0;0;0
FR;9;2022-05-03;0;0;0;0;0;0;0;0;0;0;0;0;0;0;0;0;0;0
FR;9;2022-05-04;0;0;0;0;0;0;0;0;0;0;0;0;0;0;0;0;0;0
FR;9;2022-05-05;0;0;0;0;0;0;0;0;0;0;0;0;0;0;0;0;0;0
FR;9;2022-05-06;0;0;0;0;0;0;0;0;0;0;0;0;0;0;0;0;0;0
FR;9;2022-05-07;0;0;0;0;0;0;0;0;0;0;0;0;0;0;0;0;0;0
FR;9;2022-05-08;0;0;0;0;0;0;0;0;0;0;0;0;0;0;0;0;0;0
FR;9;2022-05-09;0;0;0;0;0;0;0;0;0;0;0;0;0;0;0;0;0;0
FR;9;2022-05-10;0;0;0;0;0;0;0;0;0;0;0;0;0;0;0;0;0;0
FR;9;2022-05-11;0;0;0;0;0;0;0;0;0;0;0;0;0;0;0;0;0;0
FR;9;2022-05-12;0;0;0;0;0;0;0;0;0;0;0;0;0;0;0;0;0;0
FR;9;2022-05-13;0;0;0;0;0;0;0;0;0;0;0;0;0;0;0;0;0;0
FR;9;2022-05-14;0;0;0;0;0;0;0;0;0;0;0;0;0;0;0;0;0;0
FR;9;2022-05-15;0;0;0;0;0;0;0;0;0;0;0;0;0;0;0;0;0;0
FR;9;2022-05-16;0;0;0;0;0;0;0;0;0;0;0;0;0;0;0;0;0;0
FR;9;2022-05-17;0;0;0;0;0;0;0;0;0;0;0;0;0;0;0;0;0;0
FR;9;2022-05-18;0;0;0;0;0;0;0;0;0;0;0;0;0;0;0;0;0;0
FR;9;2022-05-19;0;0;0;0;0;0;0;0;0;0;0;0;0;0;0;0;0;0
FR;9;2022-05-20;0;0;0;0;0;0;0;0;0;0;0;0;0;0;0;0;0;0
FR;9;2022-05-21;0;0;0;0;0;0;0;0;0;0;0;0;0;0;0;0;0;0
FR;9;2022-05-22;0;0;0;0;0;0;0;0;0;0;0;0;0;0;0;0;0;0
FR;9;2022-05-23;0;0;0;0;0;0;0;0;0;0;0;0;0;0;0;0;0;0
FR;9;2022-05-24;0;0;0;0;0;0;0;0;0;0;0;0;0;0;0;0;0;0
FR;9;2022-05-25;0;0;0;0;0;0;0;0;0;0;0;0;0;0;0;0;0;0
FR;9;2022-05-26;0;0;0;0;0;0;0;0;0;0;0;0;0;0;0;0;0;0
FR;9;2022-05-27;0;0;0;0;0;0;0;0;0;0;0;0;0;0;0;0;0;0
FR;9;2022-05-28;0;0;0;0;0;0;0;0;0;0;0;0;0;0;0;0;0;0
FR;9;2022-05-29;0;0;0;0;0;0;0;0;0;0;0;0;0;0;0;0;0;0
FR;9;2022-05-30;0;0;0;0;0;0;0;0;0;0;0;0;0;0;0;0;0;0
FR;9;2022-05-31;0;0;0;0;0;0;0;0;0;0;0;0;0;0;0;0;0;0
FR;9;2022-06-01;0;0;0;0;0;0;0;0;0;0;0;0;0;0;0;0;0;0
FR;9;2022-06-02;0;0;0;0;0;0;0;0;0;0;0;0;0;0;0;0;0;0
FR;9;2022-06-03;0;0;0;0;0;0;0;0;0;0;0;0;0;0;0;0;0;0
FR;9;2022-06-04;0;0;0;0;0;0;0;0;0;0;0;0;0;0;0;0;0;0
FR;9;2022-06-05;0;0;0;0;0;0;0;0;0;0;0;0;0;0;0;0;0;0
FR;9;2022-06-06;0;0;0;0;0;0;0;0;0;0;0;0;0;0;0;0;0;0
FR;9;2022-06-07;0;0;0;0;0;0;0;0;0;0;0;0;0;0;0;0;0;0
FR;9;2022-06-08;0;0;0;0;0;0;0;0;0;0;0;0;0;0;0;0;0;0
FR;9;2022-06-09;0;0;0;0;0;0;0;0;0;0;0;0;0;0;0;0;0;0
FR;9;2022-06-10;0;0;0;0;0;0;0;0;0;0;0;0;0;0;0;0;0;0
FR;9;2022-06-11;0;0;0;0;0;0;0;0;0;0;0;0;0;0;0;0;0;0
FR;9;2022-06-12;0;0;0;0;0;0;0;0;0;0;0;0;0;0;0;0;0;0
FR;9;2022-06-13;0;0;0;0;0;0;0;0;0;0;0;0;0;0;0;0;0;0
FR;9;2022-06-14;0;0;0;0;0;0;0;0;0;0;0;0;0;0;0;0;0;0
FR;9;2022-06-15;0;0;0;0;0;0;0;0;0;0;0;0;0;0;0;0;0;0
FR;9;2022-06-16;0;0;0;0;0;0;0;0;0;0;0;0;0;0;0;0;0;0
FR;9;2022-06-17;0;0;0;0;0;0;0;0;0;0;0;0;0;0;0;0;0;0
FR;9;2022-06-18;0;0;0;0;0;0;0;0;0;0;0;0;0;0;0;0;0;0
FR;9;2022-06-19;0;0;0;0;0;0;0;0;0;0;0;0;0;0;0;0;0;0
FR;9;2022-06-20;0;0;0;0;0;0;0;0;0;0;0;0;0;0;0;0;0;0
FR;9;2022-06-21;0;0;0;0;0;0;0;0;0;0;0;0;0;0;0;0;0;0
FR;9;2022-06-22;0;0;0;0;0;0;0;0;0;0;0;0;0;0;0;0;0;0
FR;9;2022-06-23;0;0;0;0;0;0;0;0;0;0;0;0;0;0;0;0;0;0
FR;9;2022-06-24;0;0;0;0;0;0;0;0;0;0;0;0;0;0;0;0;0;0
FR;9;2022-06-25;0;0;0;0;0;0;0;0;0;0;0;0;0;0;0;0;0;0
FR;9;2022-06-26;0;0;0;0;0;0;0;0;0;0;0;0;0;0;0;0;0;0
FR;9;2022-06-27;0;0;0;0;0;0;0;0;0;0;0;0;0;0;0;0;0;0
FR;9;2022-06-28;0;0;0;0;0;0;0;0;0;0;0;0;0;0;0;0;0;0
FR;9;2022-06-29;0;0;0;0;0;0;0;0;0;0;0;0;0;0;0;0;0;0
FR;9;2022-06-30;0;0;0;0;0;0;0;0;0;0;0;0;0;0;0;0;0;0
FR;9;2022-07-01;0;0;0;0;0;0;0;0;0;0;0;0;0;0;0;0;0;0
FR;9;2022-07-02;0;0;0;0;0;0;0;0;0;0;0;0;0;0;0;0;0;0
FR;9;2022-07-03;0;0;0;0;0;0;0;0;0;0;0;0;0;0;0;0;0;0
FR;9;2022-07-04;0;0;0;0;0;0;0;0;0;0;0;0;0;0;0;0;0;0
FR;9;2022-07-05;0;0;0;0;0;0;0;0;0;0;0;0;0;0;0;0;0;0
FR;9;2022-07-06;0;0;0;0;0;0;0;0;0;0;0;0;0;0;0;0;0;0
FR;9;2022-07-07;0;0;0;0;0;0;0;0;0;0;0;0;0;0;0;0;0;0
FR;9;2022-07-08;0;0;0;0;0;0;0;0;0;0;0;0;0;0;0;0;0;0
FR;9;2022-07-09;0;0;0;0;0;0;0;0;0;0;0;0;0;0;0;0;0;0
FR;9;2022-07-10;0;0;0;0;0;0;0;0;0;0;0;0;0;0;0;0;0;0
FR;9;2022-07-11;0;0;0;0;0;0;0;0;0;0;0;0;0;0;0;0;0;0
FR;9;2022-07-12;0;0;0;0;0;0;0;0;0;0;0;0;0;0;0;0;0;0
FR;9;2022-07-13;0;0;0;0;0;0;0;0;0;0;0;0;0;0;0;0;0;0
FR;9;2022-07-14;0;0;0;0;0;0;0;0;0;0;0;0;0;0;0;0;0;0
FR;9;2022-07-15;0;0;0;0;0;0;0;0;0;0;0;0;0;0;0;0;0;0
FR;9;2022-07-16;0;0;0;0;0;0;0;0;0;0;0;0;0;0;0;0;0;0
FR;9;2022-07-17;0;0;0;0;0;0;0;0;0;0;0;0;0;0;0;0;0;0
FR;9;2022-07-18;0;0;0;0;0;0;0;0;0;0;0;0;0;0;0;0;0;0
FR;9;2022-07-19;0;0;0;0;0;0;0;0;0;0;0;0;0;0;0;0;0;0
FR;9;2022-07-20;0;0;0;0;0;0;0;0;0;0;0;0;0;0;0;0;0;0
FR;9;2022-07-21;0;0;0;0;0;0;0;0;0;0;0;0;0;0;0;0;0;0
FR;9;2022-07-22;0;0;0;0;0;0;0;0;0;0;0;0;0;0;0;0;0;0
FR;9;2022-07-23;0;0;0;0;0;0;0;0;0;0;0;0;0;0;0;0;0;0
FR;9;2022-07-24;0;0;0;0;0;0;0;0;0;0;0;0;0;0;0;0;0;0
FR;9;2022-07-25;0;0;0;0;0;0;0;0;0;0;0;0;0;0;0;0;0;0
FR;9;2022-07-26;0;0;0;0;0;0;0;0;0;0;0;0;0;0;0;0;0;0
FR;9;2022-07-27;0;0;0;0;0;0;0;0;0;0;0;0;0;0;0;0;0;0
FR;9;2022-07-28;0;0;0;0;0;0;0;0;0;0;0;0;0;0;0;0;0;0
FR;9;2022-07-29;0;0;0;0;0;0;0;0;0;0;0;0;0;0;0;0;0;0
FR;9;2022-07-30;0;0;0;0;0;0;0;0;0;0;0;0;0;0;0;0;0;0
FR;9;2022-07-31;0;0;0;0;0;0;0;0;0;0;0;0;0;0;0;0;0;0
FR;9;2022-08-01;0;0;0;0;0;0;0;0;0;0;0;0;0;0;0;0;0;0
FR;9;2022-08-02;0;0;0;0;0;0;0;0;0;0;0;0;0;0;0;0;0;0
FR;9;2022-08-03;0;0;0;0;0;0;0;0;0;0;0;0;0;0;0;0;0;0
FR;9;2022-08-04;0;0;0;0;0;0;0;0;0;0;0;0;0;0;0;0;0;0
FR;9;2022-08-05;0;0;0;0;0;0;0;0;0;0;0;0;0;0;0;0;0;0
FR;9;2022-08-06;0;0;0;0;0;0;0;0;0;0;0;0;0;0;0;0;0;0
FR;9;2022-08-07;0;0;0;0;0;0;0;0;0;0;0;0;0;0;0;0;0;0
FR;9;2022-08-08;0;0;0;0;0;0;0;0;0;0;0;0;0;0;0;0;0;0
FR;9;2022-08-09;0;0;0;0;0;0;0;0;0;0;0;0;0;0;0;0;0;0
FR;9;2022-08-10;0;0;0;0;0;0;0;0;0;0;0;0;0;0;0;0;0;0
FR;9;2022-08-11;0;0;0;0;0;0;0;0;0;0;0;0;0;0;0;0;0;0
FR;9;2022-08-12;0;0;0;0;0;0;0;0;0;0;0;0;0;0;0;0;0;0
FR;9;2022-08-13;0;0;0;0;0;0;0;0;0;0;0;0;0;0;0;0;0;0
FR;9;2022-08-14;0;0;0;0;0;0;0;0;0;0;0;0;0;0;0;0;0;0
FR;9;2022-08-15;0;0;0;0;0;0;0;0;0;0;0;0;0;0;0;0;0;0
FR;9;2022-08-16;0;0;0;0;0;0;0;0;0;0;0;0;0;0;0;0;0;0
FR;9;2022-08-17;0;0;0;0;0;0;0;0;0;0;0;0;0;0;0;0;0;0
FR;9;2022-08-18;0;0;0;0;0;0;0;0;0;0;0;0;0;0;0;0;0;0
FR;9;2022-08-19;0;0;0;0;0;0;0;0;0;0;0;0;0;0;0;0;0;0
FR;9;2022-08-20;0;0;0;0;0;0;0;0;0;0;0;0;0;0;0;0;0;0
FR;9;2022-08-21;0;0;0;0;0;0;0;0;0;0;0;0;0;0;0;0;0;0
FR;9;2022-08-22;0;0;0;0;0;0;0;0;0;0;0;0;0;0;0;0;0;0
FR;9;2022-08-23;0;0;0;0;0;0;0;0;0;0;0;0;0;0;0;0;0;0
FR;9;2022-08-24;0;0;0;0;0;0;0;0;0;0;0;0;0;0;0;0;0;0
FR;9;2022-08-25;0;0;0;0;0;0;0;0;0;0;0;0;0;0;0;0;0;0
FR;9;2022-08-26;0;0;0;0;0;0;0;0;0;0;0;0;0;0;0;0;0;0
FR;9;2022-08-27;0;0;0;0;0;0;0;0;0;0;0;0;0;0;0;0;0;0
FR;9;2022-08-28;0;0;0;0;0;0;0;0;0;0;0;0;0;0;0;0;0;0
FR;9;2022-08-29;0;0;0;0;0;0;0;0;0;0;0;0;0;0;0;0;0;0
FR;9;2022-08-30;0;0;0;0;0;0;0;0;0;0;0;0;0;0;0;0;0;0
FR;9;2022-08-31;0;0;0;0;0;0;0;0;0;0;0;0;0;0;0;0;0;0
FR;9;2022-09-01;0;0;0;0;0;0;0;0;0;0;0;0;0;0;0;0;0;0
FR;9;2022-09-02;0;0;0;0;0;0;0;0;0;0;0;0;0;0;0;0;0;0
FR;9;2022-09-03;0;0;0;0;0;0;0;0;0;0;0;0;0;0;0;0;0;0
FR;9;2022-09-04;0;0;0;0;0;0;0;0;0;0;0;0;0;0;0;0;0;0
FR;9;2022-09-05;0;0;0;0;0;0;0;0;0;0;0;0;0;0;0;0;0;0
FR;9;2022-09-06;0;0;0;0;0;0;0;0;0;0;0;0;0;0;0;0;0;0
FR;9;2022-09-07;0;0;0;0;0;0;0;0;0;0;0;0;0;0;0;0;0;0
FR;9;2022-09-08;0;0;0;0;0;0;0;0;0;0;0;0;0;0;0;0;0;0
FR;9;2022-09-09;0;0;0;0;0;0;0;0;0;0;0;0;0;0;0;0;0;0
FR;9;2022-09-10;0;0;0;0;0;0;0;0;0;0;0;0;0;0;0;0;0;0
FR;9;2022-09-11;0;0;0;0;0;0;0;0;0;0;0;0;0;0;0;0;0;0
FR;9;2022-09-12;0;0;0;0;0;0;0;0;0;0;0;0;0;0;0;0;0;0
FR;9;2022-09-13;0;0;0;0;0;0;0;0;0;0;0;0;0;0;0;0;0;0
FR;9;2022-09-14;0;0;0;0;0;0;0;0;0;0;0;0;0;0;0;0;0;0
FR;9;2022-09-15;0;0;0;0;0;0;0;0;0;0;0;0;0;0;0;0;0;0
FR;9;2022-09-16;0;0;0;0;0;0;0;0;0;0;0;0;0;0;0;0;0;0
FR;9;2022-09-17;0;0;0;0;0;0;0;0;0;0;0;0;0;0;0;0;0;0
FR;9;2022-09-18;0;0;0;0;0;0;0;0;0;0;0;0;0;0;0;0;0;0
FR;9;2022-09-19;0;0;0;0;0;0;0;0;0;0;0;0;0;0;0;0;0;0
FR;9;2022-09-20;0;0;0;0;0;0;0;0;0;0;0;0;0;0;0;0;0;0
FR;9;2022-09-21;0;0;0;0;0;0;0;0;0;0;0;0;0;0;0;0;0;0
FR;9;2022-09-22;0;0;0;0;0;0;0;0;0;0;0;0;0;0;0;0;0;0
FR;9;2022-09-23;0;0;0;0;0;0;0;0;0;0;0;0;0;0;0;0;0;0
FR;9;2022-09-24;0;0;0;0;0;0;0;0;0;0;0;0;0;0;0;0;0;0
FR;9;2022-09-25;0;0;0;0;0;0;0;0;0;0;0;0;0;0;0;0;0;0
FR;9;2022-09-26;0;0;0;0;0;0;0;0;0;0;0;0;0;0;0;0;0;0
FR;9;2022-09-27;0;0;0;0;0;0;0;0;0;0;0;0;0;0;0;0;0;0
FR;9;2022-09-28;0;0;0;0;0;0;0;0;0;0;0;0;0;0;0;0;0;0
FR;9;2022-09-29;1;1;8;33;0;6;35;43;2;1;1;8;33;0;6;35;43;2
FR;9;2022-09-30;5;12;60;606;6;47;613;713;51;6;13;68;639;6;53;648;756;53
FR;9;2022-10-01;9;1;43;327;2;26;335;396;35;15;14;111;966;8;79;983;1152;88
FR;9;2022-10-02;1;1;5;50;0;4;51;66;11;16;15;116;1016;8;83;1034;1218;99
FR;9;2022-10-03;10;16;151;1713;10;129;1707;2073;234;26;31;267;2729;18;212;2741;3291;333
FR;9;2022-10-04;20;48;353;3952;18;228;4020;4702;450;46;79;620;6681;36;440;6761;7993;783
FR;9;2022-10-05;27;19;269;2997;16;203;3010;3655;433;73;98;889;9678;52;643;9771;11648;1216
FR;9;2022-10-06;23;34;399;4598;17;300;4631;5608;672;96;132;1288;14276;69;943;14402;17256;1888
FR;9;2022-10-07;29;50;499;5704;19;384;5718;7027;923;125;182;1787;19980;88;1327;20120;24283;2811
FR;9;2022-10-08;10;18;128;1090;8;86;1108;1388;190;135;200;1915;21070;96;1413;21228;25671;3001
FR;9;2022-10-09;1;7;22;197;1;29;198;277;50;136;207;1937;21267;97;1442;21426;25948;3051
FR;9;2022-10-10;11;26;207;2572;14;181;2576;3296;533;147;233;2144;23839;111;1623;24002;29244;3584
FR;9;2022-10-11;31;40;424;5043;27;312;5024;6197;851;178;273;2568;28882;138;1935;29026;35441;4435
FR;9;2022-10-12;22;26;297;2987;16;212;3044;3830;572;200;299;2865;31869;154;2147;32070;39271;5007
FR;9;2022-10-13;25;42;374;3980;16;245;4036;5027;740;225;341;3239;35849;170;2392;36106;44298;5747
FR;9;2022-10-14;27;26;381;4427;12;293;4411;5553;838;252;367;3620;40276;182;2685;40517;49851;6585
FR;9;2022-10-15;14;8;101;1051;7;79;1028;1307;198;266;375;3721;41327;189;2764;41545;51158;6783
FR;9;2022-10-16;4;1;9;131;2;12;125;167;28;270;376;3730;41458;191;2776;41670;51325;6811
FR;9;2022-10-17;4;22;165;1875;11;127;1883;2492;475;274;398;3895;43333;202;2903;43553;53817;7286
FR;9;2022-10-18;36;28;316;3429;17;235;3453;4652;955;310;426;4211;46762;219;3138;47006;58469;8241
FR;9;2022-10-19;22;19;262;2687;16;174;2717;3725;819;332;445;4473;49449;235;3312;49723;62194;9060
FR;9;2022-10-20;21;22;308;3625;8;232;3626;4798;932;353;467;4781;53074;243;3544;53349;66992;9992
FR;9;2022-10-21;14;31;324;3525;10;226;3543;4636;859;367;498;5105;56599;253;3770;56892;71628;10851
FR;9;2022-10-22;10;11;90;914;8;62;919;1193;207;377;509;5195;57513;261;3832;57811;72821;11058
FR;9;2022-10-23;2;2;17;99;2;10;104;147;33;379;511;5212;57612;263;3842;57915;72968;11091
FR;9;2022-10-24;7;17;158;1362;6;104;1430;1934;395;386;528;5370;58974;269;3946;59345;74902;11486
FR;9;2022-10-25;18;22;227;2837;16;188;2846;3908;871;404;550;5597;61811;285;4134;62191;78810;12357
FR;9;2022-10-26;14;16;169;1797;13;123;1810;2519;584;418;566;5766;63608;298;4257;64001;81329;12941
FR;9;2022-10-27;9;26;230;2291;15;173;2324;3170;662;427;592;5996;65899;313;4430;66325;84499;13603
FR;9;2022-10-28;18;27;224;2277;17;151;2303;3141;680;445;619;6220;68176;330;4581;68628;87640;14283
FR;9;2022-10-29;12;8;55;505;5;46;496;662;119;457;627;6275;68681;335;4627;69124;88302;14402
FR;9;2022-10-30;2;1;8;58;1;8;58;82;16;459;628;6283;68739;336;4635;69182;88384;14418
FR;9;2022-10-31;13;7;105;660;9;59;695;996;240;472;635;6388;69399;345;4694;69877;89380;14658
FR;9;2022-11-01;1;1;15;43;0;11;49;71;11;473;636;6403;69442;345;4705;69926;89451;14669
FR;9;2022-11-02;7;12;102;1025;4;76;1043;1574;451;480;648;6505;70467;349;4781;70969;91025;15120
FR;9;2022-11-03;17;17;155;1583;15;90;1631;2325;594;497;665;6660;72050;364;4871;72600;93350;15714
FR;9;2022-11-04;21;19;193;1748;15;120;1797;2533;611;518;684;6853;73798;379;4991;74397;95883;16325
FR;9;2022-11-05;8;10;58;403;9;39;424;573;107;526;694;6911;74201;388;5030;74821;96456;16432
FR;9;2022-11-06;5;4;5;62;6;2;61;88;25;531;698;6916;74263;394;5032;74882;96544;16457
FR;9;2022-11-07;16;19;88;923;16;109;929;1468;424;547;717;7004;75186;410;5141;75811;98012;16881
FR;9;2022-11-08;10;19;165;1801;13;133;1796;2636;702;557;736;7169;76987;423;5274;77607;100648;17583
FR;9;2022-11-09;16;16;123;1261;9;98;1322;1878;453;573;752;7292;78248;432;5372;78929;102526;18036
FR;9;2022-11-10;13;21;158;1620;13;137;1613;2272;518;586;773;7450;79868;445;5509;80542;104798;18554
FR;9;2022-11-11;1;1;13;81;1;6;83;123;34;587;774;7463;79949;446;5515;80625;104921;18588
FR;9;2022-11-12;5;8;44;259;7;19;278;395;97;592;782;7507;80208;453;5534;80903;105316;18685
FR;9;2022-11-13;2;0;4;30;0;4;31;51;16;594;782;7511;80238;453;5538;80934;105367;18701
FR;9;2022-11-14;11;12;56;707;11;44;722;1107;338;605;794;7567;80945;464;5582;81656;106474;19039
FR;9;2022-11-15;18;16;146;1322;7;103;1329;2074;636;623;810;7713;82267;471;5685;82985;108548;19675
FR;9;2022-11-16;10;4;99;979;7;58;997;1488;429;633;814;7812;83246;478;5743;83982;110036;20104
FR;9;2022-11-17;9;17;125;1079;11;77;1104;1686;500;642;831;7937;84325;489;5820;85086;111722;20604
FR;9;2022-11-18;7;16;119;1436;5;77;1451;2021;491;649;847;8056;85761;494;5897;86537;113743;21095
FR;9;2022-11-19;3;5;50;364;1;27;350;488;106;652;852;8106;86125;495;5924;86887;114231;21201
FR;9;2022-11-20;1;0;5;37;0;3;35;54;16;653;852;8111;86162;495;5927;86922;114285;21217
FR;9;2022-11-21;9;12;66;636;5;51;639;960;263;662;864;8177;86798;500;5978;87561;115245;21480
FR;9;2022-11-22;15;12;121;1037;13;74;1067;1591;448;677;876;8298;87835;513;6052;88628;116836;21928
FR;9;2022-11-23;7;10;68;720;5;33;747;1145;360;684;886;8366;88555;518;6085;89375;117981;22288
FR;9;2022-11-24;8;19;93;977;14;68;990;1470;406;692;905;8459;89532;532;6153;90365;119451;22694
FR;9;2022-11-25;8;10;106;1173;8;81;1189;1742;471;700;915;8565;90705;540;6234;91554;121193;23165
FR;9;2022-11-26;6;6;35;217;7;24;211;307;68;706;921;8600;90922;547;6258;91765;121500;23233
FR;9;2022-11-27;1;1;6;42;0;2;46;82;34;707;922;8606;90964;547;6260;91811;121582;23267
FR;9;2022-11-28;5;7;101;689;7;58;718;1110;329;712;929;8707;91653;554;6318;92529;122692;23596
FR;9;2022-11-29;6;17;139;1295;6;87;1322;1930;516;718;946;8846;92948;560;6405;93851;124622;24112
FR;9;2022-11-30;9;12;99;1026;5;76;1049;1599;469;727;958;8945;93974;565;6481;94900;126221;24581
FR;9;2022-12-01;16;14;111;1330;8;80;1315;1939;540;743;972;9056;95304;573;6561;96215;128160;25121
FR;9;2022-12-02;10;13;192;1816;10;107;1816;2628;699;753;985;9248;97120;583;6668;98031;130788;25820
FR;9;2022-12-03;7;9;79;618;5;40;632;886;208;760;994;9327;97738;588;6708;98663;131674;26028
FR;9;2022-12-04;9;4;15;105;5;8;105;153;40;769;998;9342;97843;593;6716;98768;131827;26068
FR;9;2022-12-05;19;24;144;1405;17;98;1420;2106;581;788;1022;9486;99248;610;6814;100188;133933;26649
FR;9;2022-12-06;30;21;262;2439;20;147;2533;3794;1095;818;1043;9748;101687;630;6961;102721;137727;27744
FR;9;2022-12-07;15;22;181;1843;20;112;1885;2819;814;833;1065;9929;103530;650;7073;104606;140546;28558
FR;9;2022-12-08;13;22;220;2387;15;124;2449;3658;1069;846;1087;10149;105917;665;7197;107055;144204;29627
FR;9;2022-12-09;14;25;287;2885;10;143;2983;4334;1200;860;1112;10436;108802;675;7340;110038;148538;30827
FR;9;2022-12-10;12;12;122;1319;4;56;1342;1812;408;872;1124;10558;110121;679;7396;111380;150350;31235
FR;9;2022-12-11;5;4;21;277;5;10;283;363;66;877;1128;10579;110398;684;7406;111663;150713;31301
FR;9;2022-12-12;17;13;215;1954;12;108;2028;2884;743;894;1141;10794;112352;696;7514;113691;153597;32044
FR;9;2022-12-13;27;22;316;3074;14;151;3209;4700;1329;921;1163;11110;115426;710;7665;116900;158297;33373
FR;9;2022-12-14;15;10;187;2318;8;92;2385;3478;984;936;1173;11297;117744;718;7757;119285;161775;34357
FR;9;2022-12-15;17;23;250;2600;12;137;2677;4059;1234;953;1196;11547;120344;730;7894;121962;165834;35591
FR;9;2022-12-16;15;29;293;3053;21;163;3137;4560;1251;968;1225;11840;123397;751;8057;125099;170394;36842
FR;9;2022-12-17;8;12;106;1190;7;50;1206;1655;395;976;1237;11946;124587;758;8107;126305;172049;37237
FR;9;2022-12-18;1;7;30;242;6;14;248;330;67;977;1244;11976;124829;764;8121;126553;172379;37304
FR;9;2022-12-19;20;21;149;1599;15;78;1631;2507;789;997;1265;12125;126428;779;8199;128184;174886;38093
FR;9;2022-12-20;21;19;232;2306;6;115;2348;3704;1230;1018;1284;12357;128734;785;8314;130532;178590;39323
FR;9;2022-12-21;6;14;139;1500;7;66;1553;2400;774;1024;1298;12496;130234;792;8380;132085;180990;40097
FR;9;2022-12-22;16;5;132;1380;8;72;1394;2082;608;1040;1303;12628;131614;800;8452;133479;183072;40705
FR;9;2022-12-23;11;14;76;727;8;50;729;1092;307;1051;1317;12704;132341;808;8502;134208;184164;41012
FR;9;2022-12-24;1;3;12;95;2;5;97;136;34;1052;1320;12716;132436;810;8507;134305;184300;41046
FR;9;2022-12-25;1;0;5;5;0;4;6;12;2;1053;1320;12721;132441;810;8511;134311;184312;41048
FR;9;2022-12-26;16;7;64;547;10;37;554;829;235;1069;1327;12785;132988;820;8548;134865;185141;41283
FR;9;2022-12-27;11;30;96;882;13;68;916;1420;430;1080;1357;12881;133870;833;8616;135781;186561;41713
FR;9;2022-12-28;7;7;79;717;6;40;734;1121;342;1087;1364;12960;134587;839;8656;136515;187682;42055
FR;9;2022-12-29;9;14;90;714;10;49;749;1120;315;1096;1378;13050;135301;849;8705;137264;188802;42370
FR;9;2022-12-30;11;16;71;581;9;41;599;866;223;1107;1394;13121;135882;858;8746;137863;189668;42593
FR;9;2022-12-31;2;3;16;135;2;11;138;187;37;1109;1397;13137;136017;860;8757;138001;189855;42630
FR;9;2023-01-01;0;2;3;17;1;4;17;26;5;1109;1399;13140;136034;861;8761;138018;189881;42635
FR;9;2023-01-02;10;9;55;588;4;37;581;940;320;1119;1408;13195;136622;865;8798;138599;190821;42955
FR;9;2023-01-03;16;18;118;1068;18;74;1092;1908;727;1135;1426;13313;137690;883;8872;139691;192729;43682
FR;9;2023-01-04;19;17;107;819;8;63;866;1521;587;1154;1443;13420;138509;891;8935;140557;194250;44269
FR;10;2020-12-27;0;0;0;0;0;0;0;0;0;0;0;0;0;0;0;0;0;0
FR;10;2020-12-28;0;0;0;0;0;0;0;0;0;0;0;0;0;0;0;0;0;0
FR;10;2020-12-29;0;0;0;0;0;0;0;0;0;0;0;0;0;0;0;0;0;0
FR;10;2020-12-30;0;0;0;0;0;0;0;0;0;0;0;0;0;0;0;0;0;0
FR;10;2020-12-31;0;0;0;0;0;0;0;0;0;0;0;0;0;0;0;0;0;0
FR;10;2021-01-01;0;0;0;0;0;0;0;0;0;0;0;0;0;0;0;0;0;0
FR;10;2021-01-02;0;0;0;0;0;0;0;0;0;0;0;0;0;0;0;0;0;0
FR;10;2021-01-03;0;0;0;0;0;0;0;0;0;0;0;0;0;0;0;0;0;0
FR;10;2021-01-04;0;0;0;0;0;0;0;0;0;0;0;0;0;0;0;0;0;0
FR;10;2021-01-05;0;0;0;0;0;0;0;0;0;0;0;0;0;0;0;0;0;0
FR;10;2021-01-06;0;0;0;0;0;0;0;0;0;0;0;0;0;0;0;0;0;0
FR;10;2021-01-07;0;0;0;0;0;0;0;0;0;0;0;0;0;0;0;0;0;0
FR;10;2021-01-08;0;0;0;0;0;0;0;0;0;0;0;0;0;0;0;0;0;0
FR;10;2021-01-09;0;0;0;0;0;0;0;0;0;0;0;0;0;0;0;0;0;0
FR;10;2021-01-10;0;0;0;0;0;0;0;0;0;0;0;0;0;0;0;0;0;0
FR;10;2021-01-11;0;0;0;0;0;0;0;0;0;0;0;0;0;0;0;0;0;0
FR;10;2021-01-12;0;0;0;0;0;0;0;0;0;0;0;0;0;0;0;0;0;0
FR;10;2021-01-13;0;0;0;0;0;0;0;0;0;0;0;0;0;0;0;0;0;0
FR;10;2021-01-14;0;0;0;0;0;0;0;0;0;0;0;0;0;0;0;0;0;0
FR;10;2021-01-15;0;0;0;0;0;0;0;0;0;0;0;0;0;0;0;0;0;0
FR;10;2021-01-16;0;0;0;0;0;0;0;0;0;0;0;0;0;0;0;0;0;0
FR;10;2021-01-17;0;0;0;0;0;0;0;0;0;0;0;0;0;0;0;0;0;0
FR;10;2021-01-18;0;0;0;0;0;0;0;0;0;0;0;0;0;0;0;0;0;0
FR;10;2021-01-19;0;0;0;0;0;0;0;0;0;0;0;0;0;0;0;0;0;0
FR;10;2021-01-20;0;0;0;0;0;0;0;0;0;0;0;0;0;0;0;0;0;0
FR;10;2021-01-21;0;0;0;0;0;0;0;0;0;0;0;0;0;0;0;0;0;0
FR;10;2021-01-22;0;0;0;0;0;0;0;0;0;0;0;0;0;0;0;0;0;0
FR;10;2021-01-23;0;0;0;0;0;0;0;0;0;0;0;0;0;0;0;0;0;0
FR;10;2021-01-24;0;0;0;0;0;0;0;0;0;0;0;0;0;0;0;0;0;0
FR;10;2021-01-25;0;0;0;0;0;0;0;0;0;0;0;0;0;0;0;0;0;0
FR;10;2021-01-26;0;0;0;0;0;0;0;0;0;0;0;0;0;0;0;0;0;0
FR;10;2021-01-27;0;0;0;0;0;0;0;0;0;0;0;0;0;0;0;0;0;0
FR;10;2021-01-28;0;0;0;0;0;0;0;0;0;0;0;0;0;0;0;0;0;0
FR;10;2021-01-29;0;0;0;0;0;0;0;0;0;0;0;0;0;0;0;0;0;0
FR;10;2021-01-30;0;0;0;0;0;0;0;0;0;0;0;0;0;0;0;0;0;0
FR;10;2021-01-31;0;0;0;0;0;0;0;0;0;0;0;0;0;0;0;0;0;0
FR;10;2021-02-01;0;0;0;0;0;0;0;0;0;0;0;0;0;0;0;0;0;0
FR;10;2021-02-02;0;0;0;0;0;0;0;0;0;0;0;0;0;0;0;0;0;0
FR;10;2021-02-03;0;0;0;0;0;0;0;0;0;0;0;0;0;0;0;0;0;0
FR;10;2021-02-04;0;0;0;0;0;0;0;0;0;0;0;0;0;0;0;0;0;0
FR;10;2021-02-05;0;0;0;0;0;0;0;0;0;0;0;0;0;0;0;0;0;0
FR;10;2021-02-06;0;0;0;0;0;0;0;0;0;0;0;0;0;0;0;0;0;0
FR;10;2021-02-07;0;0;0;0;0;0;0;0;0;0;0;0;0;0;0;0;0;0
FR;10;2021-02-08;0;0;0;0;0;0;0;0;0;0;0;0;0;0;0;0;0;0
FR;10;2021-02-09;0;0;0;0;0;0;0;0;0;0;0;0;0;0;0;0;0;0
FR;10;2021-02-10;0;0;0;0;0;0;0;0;0;0;0;0;0;0;0;0;0;0
FR;10;2021-02-11;0;0;0;0;0;0;0;0;0;0;0;0;0;0;0;0;0;0
FR;10;2021-02-12;0;0;0;0;0;0;0;0;0;0;0;0;0;0;0;0;0;0
FR;10;2021-02-13;0;0;0;0;0;0;0;0;0;0;0;0;0;0;0;0;0;0
FR;10;2021-02-14;0;0;0;0;0;0;0;0;0;0;0;0;0;0;0;0;0;0
FR;10;2021-02-15;0;0;0;0;0;0;0;0;0;0;0;0;0;0;0;0;0;0
FR;10;2021-02-16;0;0;0;0;0;0;0;0;0;0;0;0;0;0;0;0;0;0
FR;10;2021-02-17;0;0;0;0;0;0;0;0;0;0;0;0;0;0;0;0;0;0
FR;10;2021-02-18;0;0;0;0;0;0;0;0;0;0;0;0;0;0;0;0;0;0
FR;10;2021-02-19;0;0;0;0;0;0;0;0;0;0;0;0;0;0;0;0;0;0
FR;10;2021-02-20;0;0;0;0;0;0;0;0;0;0;0;0;0;0;0;0;0;0
FR;10;2021-02-21;0;0;0;0;0;0;0;0;0;0;0;0;0;0;0;0;0;0
FR;10;2021-02-22;0;0;0;0;0;0;0;0;0;0;0;0;0;0;0;0;0;0
FR;10;2021-02-23;0;0;0;0;0;0;0;0;0;0;0;0;0;0;0;0;0;0
FR;10;2021-02-24;0;0;0;0;0;0;0;0;0;0;0;0;0;0;0;0;0;0
FR;10;2021-02-25;0;0;0;0;0;0;0;0;0;0;0;0;0;0;0;0;0;0
FR;10;2021-02-26;0;0;0;0;0;0;0;0;0;0;0;0;0;0;0;0;0;0
FR;10;2021-02-27;0;0;0;0;0;0;0;0;0;0;0;0;0;0;0;0;0;0
FR;10;2021-02-28;0;0;0;0;0;0;0;0;0;0;0;0;0;0;0;0;0;0
FR;10;2021-03-01;0;0;0;0;0;0;0;0;0;0;0;0;0;0;0;0;0;0
FR;10;2021-03-02;0;0;0;0;0;0;0;0;0;0;0;0;0;0;0;0;0;0
FR;10;2021-03-03;0;0;0;0;0;0;0;0;0;0;0;0;0;0;0;0;0;0
FR;10;2021-03-04;0;0;0;0;0;0;0;0;0;0;0;0;0;0;0;0;0;0
FR;10;2021-03-05;0;0;0;0;0;0;0;0;0;0;0;0;0;0;0;0;0;0
FR;10;2021-03-06;0;0;0;0;0;0;0;0;0;0;0;0;0;0;0;0;0;0
FR;10;2021-03-07;0;0;0;0;0;0;0;0;0;0;0;0;0;0;0;0;0;0
FR;10;2021-03-08;0;0;0;0;0;0;0;0;0;0;0;0;0;0;0;0;0;0
FR;10;2021-03-09;0;0;0;0;0;0;0;0;0;0;0;0;0;0;0;0;0;0
FR;10;2021-03-10;0;0;0;0;0;0;0;0;0;0;0;0;0;0;0;0;0;0
FR;10;2021-03-11;0;0;0;0;0;0;0;0;0;0;0;0;0;0;0;0;0;0
FR;10;2021-03-12;0;0;0;0;0;0;0;0;0;0;0;0;0;0;0;0;0;0
FR;10;2021-03-13;0;0;0;0;0;0;0;0;0;0;0;0;0;0;0;0;0;0
FR;10;2021-03-14;0;0;0;0;0;0;0;0;0;0;0;0;0;0;0;0;0;0
FR;10;2021-03-15;0;0;0;0;0;0;0;0;0;0;0;0;0;0;0;0;0;0
FR;10;2021-03-16;0;0;0;0;0;0;0;0;0;0;0;0;0;0;0;0;0;0
FR;10;2021-03-17;0;0;0;0;0;0;0;0;0;0;0;0;0;0;0;0;0;0
FR;10;2021-03-18;0;0;0;0;0;0;0;0;0;0;0;0;0;0;0;0;0;0
FR;10;2021-03-19;0;0;0;0;0;0;0;0;0;0;0;0;0;0;0;0;0;0
FR;10;2021-03-20;0;0;0;0;0;0;0;0;0;0;0;0;0;0;0;0;0;0
FR;10;2021-03-21;0;0;0;0;0;0;0;0;0;0;0;0;0;0;0;0;0;0
FR;10;2021-03-22;0;0;0;0;0;0;0;0;0;0;0;0;0;0;0;0;0;0
FR;10;2021-03-23;0;0;0;0;0;0;0;0;0;0;0;0;0;0;0;0;0;0
FR;10;2021-03-24;0;0;0;0;0;0;0;0;0;0;0;0;0;0;0;0;0;0
FR;10;2021-03-25;0;0;0;0;0;0;0;0;0;0;0;0;0;0;0;0;0;0
FR;10;2021-03-26;0;0;0;0;0;0;0;0;0;0;0;0;0;0;0;0;0;0
FR;10;2021-03-27;0;0;0;0;0;0;0;0;0;0;0;0;0;0;0;0;0;0
FR;10;2021-03-28;0;0;0;0;0;0;0;0;0;0;0;0;0;0;0;0;0;0
FR;10;2021-03-29;0;0;0;0;0;0;0;0;0;0;0;0;0;0;0;0;0;0
FR;10;2021-03-30;0;0;0;0;0;0;0;0;0;0;0;0;0;0;0;0;0;0
FR;10;2021-03-31;0;0;0;0;0;0;0;0;0;0;0;0;0;0;0;0;0;0
FR;10;2021-04-01;0;0;0;0;0;0;0;0;0;0;0;0;0;0;0;0;0;0
FR;10;2021-04-02;0;0;0;0;0;0;0;0;0;0;0;0;0;0;0;0;0;0
FR;10;2021-04-03;0;0;0;0;0;0;0;0;0;0;0;0;0;0;0;0;0;0
FR;10;2021-04-04;0;0;0;0;0;0;0;0;0;0;0;0;0;0;0;0;0;0
FR;10;2021-04-05;0;0;0;0;0;0;0;0;0;0;0;0;0;0;0;0;0;0
FR;10;2021-04-06;0;0;0;0;0;0;0;0;0;0;0;0;0;0;0;0;0;0
FR;10;2021-04-07;0;0;0;0;0;0;0;0;0;0;0;0;0;0;0;0;0;0
FR;10;2021-04-08;0;0;0;0;0;0;0;0;0;0;0;0;0;0;0;0;0;0
FR;10;2021-04-09;0;0;0;0;0;0;0;0;0;0;0;0;0;0;0;0;0;0
FR;10;2021-04-10;0;0;0;0;0;0;0;0;0;0;0;0;0;0;0;0;0;0
FR;10;2021-04-11;0;0;0;0;0;0;0;0;0;0;0;0;0;0;0;0;0;0
FR;10;2021-04-12;0;0;0;0;0;0;0;0;0;0;0;0;0;0;0;0;0;0
FR;10;2021-04-13;0;0;0;0;0;0;0;0;0;0;0;0;0;0;0;0;0;0
FR;10;2021-04-14;0;0;0;0;0;0;0;0;0;0;0;0;0;0;0;0;0;0
FR;10;2021-04-15;0;0;0;0;0;0;0;0;0;0;0;0;0;0;0;0;0;0
FR;10;2021-04-16;0;0;0;0;0;0;0;0;0;0;0;0;0;0;0;0;0;0
FR;10;2021-04-17;0;0;0;0;0;0;0;0;0;0;0;0;0;0;0;0;0;0
FR;10;2021-04-18;0;0;0;0;0;0;0;0;0;0;0;0;0;0;0;0;0;0
FR;10;2021-04-19;0;0;0;0;0;0;0;0;0;0;0;0;0;0;0;0;0;0
FR;10;2021-04-20;0;0;0;0;0;0;0;0;0;0;0;0;0;0;0;0;0;0
FR;10;2021-04-21;0;0;0;0;0;0;0;0;0;0;0;0;0;0;0;0;0;0
FR;10;2021-04-22;0;0;0;0;0;0;0;0;0;0;0;0;0;0;0;0;0;0
FR;10;2021-04-23;0;0;0;0;0;0;0;0;0;0;0;0;0;0;0;0;0;0
FR;10;2021-04-24;0;0;0;0;0;0;0;0;0;0;0;0;0;0;0;0;0;0
FR;10;2021-04-25;0;0;0;0;0;0;0;0;0;0;0;0;0;0;0;0;0;0
FR;10;2021-04-26;0;0;0;0;0;0;0;0;0;0;0;0;0;0;0;0;0;0
FR;10;2021-04-27;0;0;0;0;0;0;0;0;0;0;0;0;0;0;0;0;0;0
FR;10;2021-04-28;0;0;0;0;0;0;0;0;0;0;0;0;0;0;0;0;0;0
FR;10;2021-04-29;0;0;0;0;0;0;0;0;0;0;0;0;0;0;0;0;0;0
FR;10;2021-04-30;0;0;0;0;0;0;0;0;0;0;0;0;0;0;0;0;0;0
FR;10;2021-05-01;0;0;0;0;0;0;0;0;0;0;0;0;0;0;0;0;0;0
FR;10;2021-05-02;0;0;0;0;0;0;0;0;0;0;0;0;0;0;0;0;0;0
FR;10;2021-05-03;0;0;0;0;0;0;0;0;0;0;0;0;0;0;0;0;0;0
FR;10;2021-05-04;0;0;0;0;0;0;0;0;0;0;0;0;0;0;0;0;0;0
FR;10;2021-05-05;0;0;0;0;0;0;0;0;0;0;0;0;0;0;0;0;0;0
FR;10;2021-05-06;0;0;0;0;0;0;0;0;0;0;0;0;0;0;0;0;0;0
FR;10;2021-05-07;0;0;0;0;0;0;0;0;0;0;0;0;0;0;0;0;0;0
FR;10;2021-05-08;0;0;0;0;0;0;0;0;0;0;0;0;0;0;0;0;0;0
FR;10;2021-05-09;0;0;0;0;0;0;0;0;0;0;0;0;0;0;0;0;0;0
FR;10;2021-05-10;0;0;0;0;0;0;0;0;0;0;0;0;0;0;0;0;0;0
FR;10;2021-05-11;0;0;0;0;0;0;0;0;0;0;0;0;0;0;0;0;0;0
FR;10;2021-05-12;0;0;0;0;0;0;0;0;0;0;0;0;0;0;0;0;0;0
FR;10;2021-05-13;0;0;0;0;0;0;0;0;0;0;0;0;0;0;0;0;0;0
FR;10;2021-05-14;0;0;0;0;0;0;0;0;0;0;0;0;0;0;0;0;0;0
FR;10;2021-05-15;0;0;0;0;0;0;0;0;0;0;0;0;0;0;0;0;0;0
FR;10;2021-05-16;0;0;0;0;0;0;0;0;0;0;0;0;0;0;0;0;0;0
FR;10;2021-05-17;0;0;0;0;0;0;0;0;0;0;0;0;0;0;0;0;0;0
FR;10;2021-05-18;0;0;0;0;0;0;0;0;0;0;0;0;0;0;0;0;0;0
FR;10;2021-05-19;0;0;0;0;0;0;0;0;0;0;0;0;0;0;0;0;0;0
FR;10;2021-05-20;0;0;0;0;0;0;0;0;0;0;0;0;0;0;0;0;0;0
FR;10;2021-05-21;0;0;0;0;0;0;0;0;0;0;0;0;0;0;0;0;0;0
FR;10;2021-05-22;0;0;0;0;0;0;0;0;0;0;0;0;0;0;0;0;0;0
FR;10;2021-05-23;0;0;0;0;0;0;0;0;0;0;0;0;0;0;0;0;0;0
FR;10;2021-05-24;0;0;0;0;0;0;0;0;0;0;0;0;0;0;0;0;0;0
FR;10;2021-05-25;0;0;0;0;0;0;0;0;0;0;0;0;0;0;0;0;0;0
FR;10;2021-05-26;0;0;0;0;0;0;0;0;0;0;0;0;0;0;0;0;0;0
FR;10;2021-05-27;0;0;0;0;0;0;0;0;0;0;0;0;0;0;0;0;0;0
FR;10;2021-05-28;0;0;0;0;0;0;0;0;0;0;0;0;0;0;0;0;0;0
FR;10;2021-05-29;0;0;0;0;0;0;0;0;0;0;0;0;0;0;0;0;0;0
FR;10;2021-05-30;0;0;0;0;0;0;0;0;0;0;0;0;0;0;0;0;0;0
FR;10;2021-05-31;0;0;0;0;0;0;0;0;0;0;0;0;0;0;0;0;0;0
FR;10;2021-06-01;0;0;0;0;0;0;0;0;0;0;0;0;0;0;0;0;0;0
FR;10;2021-06-02;0;0;0;0;0;0;0;0;0;0;0;0;0;0;0;0;0;0
FR;10;2021-06-03;0;0;0;0;0;0;0;0;0;0;0;0;0;0;0;0;0;0
FR;10;2021-06-04;0;0;0;0;0;0;0;0;0;0;0;0;0;0;0;0;0;0
FR;10;2021-06-05;0;0;0;0;0;0;0;0;0;0;0;0;0;0;0;0;0;0
FR;10;2021-06-06;0;0;0;0;0;0;0;0;0;0;0;0;0;0;0;0;0;0
FR;10;2021-06-07;0;0;0;0;0;0;0;0;0;0;0;0;0;0;0;0;0;0
FR;10;2021-06-08;0;0;0;0;0;0;0;0;0;0;0;0;0;0;0;0;0;0
FR;10;2021-06-09;0;0;0;0;0;0;0;0;0;0;0;0;0;0;0;0;0;0
FR;10;2021-06-10;0;0;0;0;0;0;0;0;0;0;0;0;0;0;0;0;0;0
FR;10;2021-06-11;0;0;0;0;0;0;0;0;0;0;0;0;0;0;0;0;0;0
FR;10;2021-06-12;0;0;0;0;0;0;0;0;0;0;0;0;0;0;0;0;0;0
FR;10;2021-06-13;0;0;0;0;0;0;0;0;0;0;0;0;0;0;0;0;0;0
FR;10;2021-06-14;0;0;0;0;0;0;0;0;0;0;0;0;0;0;0;0;0;0
FR;10;2021-06-15;0;0;0;0;0;0;0;0;0;0;0;0;0;0;0;0;0;0
FR;10;2021-06-16;0;0;0;0;0;0;0;0;0;0;0;0;0;0;0;0;0;0
FR;10;2021-06-17;0;0;0;0;0;0;0;0;0;0;0;0;0;0;0;0;0;0
FR;10;2021-06-18;0;0;0;0;0;0;0;0;0;0;0;0;0;0;0;0;0;0
FR;10;2021-06-19;0;0;0;0;0;0;0;0;0;0;0;0;0;0;0;0;0;0
FR;10;2021-06-20;0;0;0;0;0;0;0;0;0;0;0;0;0;0;0;0;0;0
FR;10;2021-06-21;0;0;0;0;0;0;0;0;0;0;0;0;0;0;0;0;0;0
FR;10;2021-06-22;0;0;0;0;0;0;0;0;0;0;0;0;0;0;0;0;0;0
FR;10;2021-06-23;0;0;0;0;0;0;0;0;0;0;0;0;0;0;0;0;0;0
FR;10;2021-06-24;0;0;0;0;0;0;0;0;0;0;0;0;0;0;0;0;0;0
FR;10;2021-06-25;0;0;0;0;0;0;0;0;0;0;0;0;0;0;0;0;0;0
FR;10;2021-06-26;0;0;0;0;0;0;0;0;0;0;0;0;0;0;0;0;0;0
FR;10;2021-06-27;0;0;0;0;0;0;0;0;0;0;0;0;0;0;0;0;0;0
FR;10;2021-06-28;0;0;0;0;0;0;0;0;0;0;0;0;0;0;0;0;0;0
FR;10;2021-06-29;0;0;0;0;0;0;0;0;0;0;0;0;0;0;0;0;0;0
FR;10;2021-06-30;0;0;0;0;0;0;0;0;0;0;0;0;0;0;0;0;0;0
FR;10;2021-07-01;0;0;0;0;0;0;0;0;0;0;0;0;0;0;0;0;0;0
FR;10;2021-07-02;0;0;0;0;0;0;0;0;0;0;0;0;0;0;0;0;0;0
FR;10;2021-07-03;0;0;0;0;0;0;0;0;0;0;0;0;0;0;0;0;0;0
FR;10;2021-07-04;0;0;0;0;0;0;0;0;0;0;0;0;0;0;0;0;0;0
FR;10;2021-07-05;0;0;0;0;0;0;0;0;0;0;0;0;0;0;0;0;0;0
FR;10;2021-07-06;0;0;0;0;0;0;0;0;0;0;0;0;0;0;0;0;0;0
FR;10;2021-07-07;0;0;0;0;0;0;0;0;0;0;0;0;0;0;0;0;0;0
FR;10;2021-07-08;0;0;0;0;0;0;0;0;0;0;0;0;0;0;0;0;0;0
FR;10;2021-07-09;0;0;0;0;0;0;0;0;0;0;0;0;0;0;0;0;0;0
FR;10;2021-07-10;0;0;0;0;0;0;0;0;0;0;0;0;0;0;0;0;0;0
FR;10;2021-07-11;0;0;0;0;0;0;0;0;0;0;0;0;0;0;0;0;0;0
FR;10;2021-07-12;0;0;0;0;0;0;0;0;0;0;0;0;0;0;0;0;0;0
FR;10;2021-07-13;0;0;0;0;0;0;0;0;0;0;0;0;0;0;0;0;0;0
FR;10;2021-07-14;0;0;0;0;0;0;0;0;0;0;0;0;0;0;0;0;0;0
FR;10;2021-07-15;0;0;0;0;0;0;0;0;0;0;0;0;0;0;0;0;0;0
FR;10;2021-07-16;0;0;0;0;0;0;0;0;0;0;0;0;0;0;0;0;0;0
FR;10;2021-07-17;0;0;0;0;0;0;0;0;0;0;0;0;0;0;0;0;0;0
FR;10;2021-07-18;0;0;0;0;0;0;0;0;0;0;0;0;0;0;0;0;0;0
FR;10;2021-07-19;0;0;0;0;0;0;0;0;0;0;0;0;0;0;0;0;0;0
FR;10;2021-07-20;0;0;0;0;0;0;0;0;0;0;0;0;0;0;0;0;0;0
FR;10;2021-07-21;0;0;0;0;0;0;0;0;0;0;0;0;0;0;0;0;0;0
FR;10;2021-07-22;0;0;0;0;0;0;0;0;0;0;0;0;0;0;0;0;0;0
FR;10;2021-07-23;0;0;0;0;0;0;0;0;0;0;0;0;0;0;0;0;0;0
FR;10;2021-07-24;0;0;0;0;0;0;0;0;0;0;0;0;0;0;0;0;0;0
FR;10;2021-07-25;0;0;0;0;0;0;0;0;0;0;0;0;0;0;0;0;0;0
FR;10;2021-07-26;0;0;0;0;0;0;0;0;0;0;0;0;0;0;0;0;0;0
FR;10;2021-07-27;0;0;0;0;0;0;0;0;0;0;0;0;0;0;0;0;0;0
FR;10;2021-07-28;0;0;0;0;0;0;0;0;0;0;0;0;0;0;0;0;0;0
FR;10;2021-07-29;0;0;0;0;0;0;0;0;0;0;0;0;0;0;0;0;0;0
FR;10;2021-07-30;0;0;0;0;0;0;0;0;0;0;0;0;0;0;0;0;0;0
FR;10;2021-07-31;0;0;0;0;0;0;0;0;0;0;0;0;0;0;0;0;0;0
FR;10;2021-08-01;0;0;0;0;0;0;0;0;0;0;0;0;0;0;0;0;0;0
FR;10;2021-08-02;0;0;0;0;0;0;0;0;0;0;0;0;0;0;0;0;0;0
FR;10;2021-08-03;0;0;0;0;0;0;0;0;0;0;0;0;0;0;0;0;0;0
FR;10;2021-08-04;0;0;0;0;0;0;0;0;0;0;0;0;0;0;0;0;0;0
FR;10;2021-08-05;0;0;0;0;0;0;0;0;0;0;0;0;0;0;0;0;0;0
FR;10;2021-08-06;0;0;0;0;0;0;0;0;0;0;0;0;0;0;0;0;0;0
FR;10;2021-08-07;0;0;0;0;0;0;0;0;0;0;0;0;0;0;0;0;0;0
FR;10;2021-08-08;0;0;0;0;0;0;0;0;0;0;0;0;0;0;0;0;0;0
FR;10;2021-08-09;0;0;0;0;0;0;0;0;0;0;0;0;0;0;0;0;0;0
FR;10;2021-08-10;0;0;0;0;0;0;0;0;0;0;0;0;0;0;0;0;0;0
FR;10;2021-08-11;0;0;0;0;0;0;0;0;0;0;0;0;0;0;0;0;0;0
FR;10;2021-08-12;0;0;0;0;0;0;0;0;0;0;0;0;0;0;0;0;0;0
FR;10;2021-08-13;0;0;0;0;0;0;0;0;0;0;0;0;0;0;0;0;0;0
FR;10;2021-08-14;0;0;0;0;0;0;0;0;0;0;0;0;0;0;0;0;0;0
FR;10;2021-08-15;0;0;0;0;0;0;0;0;0;0;0;0;0;0;0;0;0;0
FR;10;2021-08-16;0;0;0;0;0;0;0;0;0;0;0;0;0;0;0;0;0;0
FR;10;2021-08-17;0;0;0;0;0;0;0;0;0;0;0;0;0;0;0;0;0;0
FR;10;2021-08-18;0;0;0;0;0;0;0;0;0;0;0;0;0;0;0;0;0;0
FR;10;2021-08-19;0;0;0;0;0;0;0;0;0;0;0;0;0;0;0;0;0;0
FR;10;2021-08-20;0;0;0;0;0;0;0;0;0;0;0;0;0;0;0;0;0;0
FR;10;2021-08-21;0;0;0;0;0;0;0;0;0;0;0;0;0;0;0;0;0;0
FR;10;2021-08-22;0;0;0;0;0;0;0;0;0;0;0;0;0;0;0;0;0;0
FR;10;2021-08-23;0;0;0;0;0;0;0;0;0;0;0;0;0;0;0;0;0;0
FR;10;2021-08-24;0;0;0;0;0;0;0;0;0;0;0;0;0;0;0;0;0;0
FR;10;2021-08-25;0;0;0;0;0;0;0;0;0;0;0;0;0;0;0;0;0;0
FR;10;2021-08-26;0;0;0;0;0;0;0;0;0;0;0;0;0;0;0;0;0;0
FR;10;2021-08-27;0;0;0;0;0;0;0;0;0;0;0;0;0;0;0;0;0;0
FR;10;2021-08-28;0;0;0;0;0;0;0;0;0;0;0;0;0;0;0;0;0;0
FR;10;2021-08-29;0;0;0;0;0;0;0;0;0;0;0;0;0;0;0;0;0;0
FR;10;2021-08-30;0;0;0;0;0;0;0;0;0;0;0;0;0;0;0;0;0;0
FR;10;2021-08-31;0;0;0;0;0;0;0;0;0;0;0;0;0;0;0;0;0;0
FR;10;2021-09-01;0;0;0;0;0;0;0;0;0;0;0;0;0;0;0;0;0;0
FR;10;2021-09-02;0;0;0;0;0;0;0;0;0;0;0;0;0;0;0;0;0;0
FR;10;2021-09-03;0;0;0;0;0;0;0;0;0;0;0;0;0;0;0;0;0;0
FR;10;2021-09-04;0;0;0;0;0;0;0;0;0;0;0;0;0;0;0;0;0;0
FR;10;2021-09-05;0;0;0;0;0;0;0;0;0;0;0;0;0;0;0;0;0;0
FR;10;2021-09-06;0;0;0;0;0;0;0;0;0;0;0;0;0;0;0;0;0;0
FR;10;2021-09-07;0;0;0;0;0;0;0;0;0;0;0;0;0;0;0;0;0;0
FR;10;2021-09-08;0;0;0;0;0;0;0;0;0;0;0;0;0;0;0;0;0;0
FR;10;2021-09-09;0;0;0;0;0;0;0;0;0;0;0;0;0;0;0;0;0;0
FR;10;2021-09-10;0;0;0;0;0;0;0;0;0;0;0;0;0;0;0;0;0;0
FR;10;2021-09-11;0;0;0;0;0;0;0;0;0;0;0;0;0;0;0;0;0;0
FR;10;2021-09-12;0;0;0;0;0;0;0;0;0;0;0;0;0;0;0;0;0;0
FR;10;2021-09-13;0;0;0;0;0;0;0;0;0;0;0;0;0;0;0;0;0;0
FR;10;2021-09-14;0;0;0;0;0;0;0;0;0;0;0;0;0;0;0;0;0;0
FR;10;2021-09-15;0;0;0;0;0;0;0;0;0;0;0;0;0;0;0;0;0;0
FR;10;2021-09-16;0;0;0;0;0;0;0;0;0;0;0;0;0;0;0;0;0;0
FR;10;2021-09-17;0;0;0;0;0;0;0;0;0;0;0;0;0;0;0;0;0;0
FR;10;2021-09-18;0;0;0;0;0;0;0;0;0;0;0;0;0;0;0;0;0;0
FR;10;2021-09-19;0;0;0;0;0;0;0;0;0;0;0;0;0;0;0;0;0;0
FR;10;2021-09-20;0;0;0;0;0;0;0;0;0;0;0;0;0;0;0;0;0;0
FR;10;2021-09-21;0;0;0;0;0;0;0;0;0;0;0;0;0;0;0;0;0;0
FR;10;2021-09-22;0;0;0;0;0;0;0;0;0;0;0;0;0;0;0;0;0;0
FR;10;2021-09-23;0;0;0;0;0;0;0;0;0;0;0;0;0;0;0;0;0;0
FR;10;2021-09-24;0;0;0;0;0;0;0;0;0;0;0;0;0;0;0;0;0;0
FR;10;2021-09-25;0;0;0;0;0;0;0;0;0;0;0;0;0;0;0;0;0;0
FR;10;2021-09-26;0;0;0;0;0;0;0;0;0;0;0;0;0;0;0;0;0;0
FR;10;2021-09-27;0;0;0;0;0;0;0;0;0;0;0;0;0;0;0;0;0;0
FR;10;2021-09-28;0;0;0;0;0;0;0;0;0;0;0;0;0;0;0;0;0;0
FR;10;2021-09-29;0;0;0;0;0;0;0;0;0;0;0;0;0;0;0;0;0;0
FR;10;2021-09-30;0;0;0;0;0;0;0;0;0;0;0;0;0;0;0;0;0;0
FR;10;2021-10-01;0;0;0;0;0;0;0;0;0;0;0;0;0;0;0;0;0;0
FR;10;2021-10-02;0;0;0;0;0;0;0;0;0;0;0;0;0;0;0;0;0;0
FR;10;2021-10-03;0;0;0;0;0;0;0;0;0;0;0;0;0;0;0;0;0;0
FR;10;2021-10-04;0;0;0;0;0;0;0;0;0;0;0;0;0;0;0;0;0;0
FR;10;2021-10-05;0;0;0;0;0;0;0;0;0;0;0;0;0;0;0;0;0;0
FR;10;2021-10-06;0;0;0;0;0;0;0;0;0;0;0;0;0;0;0;0;0;0
FR;10;2021-10-07;0;0;0;0;0;0;0;0;0;0;0;0;0;0;0;0;0;0
FR;10;2021-10-08;0;0;0;0;0;0;0;0;0;0;0;0;0;0;0;0;0;0
FR;10;2021-10-09;0;0;0;0;0;0;0;0;0;0;0;0;0;0;0;0;0;0
FR;10;2021-10-10;0;0;0;0;0;0;0;0;0;0;0;0;0;0;0;0;0;0
FR;10;2021-10-11;0;0;0;0;0;0;0;0;0;0;0;0;0;0;0;0;0;0
FR;10;2021-10-12;0;0;0;0;0;0;0;0;0;0;0;0;0;0;0;0;0;0
FR;10;2021-10-13;0;0;0;0;0;0;0;0;0;0;0;0;0;0;0;0;0;0
FR;10;2021-10-14;0;0;0;0;0;0;0;0;0;0;0;0;0;0;0;0;0;0
FR;10;2021-10-15;0;0;0;0;0;0;0;0;0;0;0;0;0;0;0;0;0;0
FR;10;2021-10-16;0;0;0;0;0;0;0;0;0;0;0;0;0;0;0;0;0;0
FR;10;2021-10-17;0;0;0;0;0;0;0;0;0;0;0;0;0;0;0;0;0;0
FR;10;2021-10-18;0;0;0;0;0;0;0;0;0;0;0;0;0;0;0;0;0;0
FR;10;2021-10-19;0;0;0;0;0;0;0;0;0;0;0;0;0;0;0;0;0;0
FR;10;2021-10-20;0;0;0;0;0;0;0;0;0;0;0;0;0;0;0;0;0;0
FR;10;2021-10-21;0;0;0;0;0;0;0;0;0;0;0;0;0;0;0;0;0;0
FR;10;2021-10-22;0;0;0;0;0;0;0;0;0;0;0;0;0;0;0;0;0;0
FR;10;2021-10-23;0;0;0;0;0;0;0;0;0;0;0;0;0;0;0;0;0;0
FR;10;2021-10-24;0;0;0;0;0;0;0;0;0;0;0;0;0;0;0;0;0;0
FR;10;2021-10-25;0;0;0;0;0;0;0;0;0;0;0;0;0;0;0;0;0;0
FR;10;2021-10-26;0;0;0;0;0;0;0;0;0;0;0;0;0;0;0;0;0;0
FR;10;2021-10-27;0;0;0;0;0;0;0;0;0;0;0;0;0;0;0;0;0;0
FR;10;2021-10-28;0;0;0;0;0;0;0;0;0;0;0;0;0;0;0;0;0;0
FR;10;2021-10-29;0;0;0;0;0;0;0;0;0;0;0;0;0;0;0;0;0;0
FR;10;2021-10-30;0;0;0;0;0;0;0;0;0;0;0;0;0;0;0;0;0;0
FR;10;2021-10-31;0;0;0;0;0;0;0;0;0;0;0;0;0;0;0;0;0;0
FR;10;2021-11-01;0;0;0;0;0;0;0;0;0;0;0;0;0;0;0;0;0;0
FR;10;2021-11-02;0;0;0;0;0;0;0;0;0;0;0;0;0;0;0;0;0;0
FR;10;2021-11-03;0;0;0;0;0;0;0;0;0;0;0;0;0;0;0;0;0;0
FR;10;2021-11-04;0;0;0;0;0;0;0;0;0;0;0;0;0;0;0;0;0;0
FR;10;2021-11-05;0;0;0;0;0;0;0;0;0;0;0;0;0;0;0;0;0;0
FR;10;2021-11-06;0;0;0;0;0;0;0;0;0;0;0;0;0;0;0;0;0;0
FR;10;2021-11-07;0;0;0;0;0;0;0;0;0;0;0;0;0;0;0;0;0;0
FR;10;2021-11-08;0;0;0;0;0;0;0;0;0;0;0;0;0;0;0;0;0;0
FR;10;2021-11-09;0;0;0;0;0;0;0;0;0;0;0;0;0;0;0;0;0;0
FR;10;2021-11-10;0;0;0;0;0;0;0;0;0;0;0;0;0;0;0;0;0;0
FR;10;2021-11-11;0;0;0;0;0;0;0;0;0;0;0;0;0;0;0;0;0;0
FR;10;2021-11-12;0;0;0;0;0;0;0;0;0;0;0;0;0;0;0;0;0;0
FR;10;2021-11-13;0;0;0;0;0;0;0;0;0;0;0;0;0;0;0;0;0;0
FR;10;2021-11-14;0;0;0;0;0;0;0;0;0;0;0;0;0;0;0;0;0;0
FR;10;2021-11-15;0;0;0;0;0;0;0;0;0;0;0;0;0;0;0;0;0;0
FR;10;2021-11-16;0;0;0;0;0;0;0;0;0;0;0;0;0;0;0;0;0;0
FR;10;2021-11-17;0;0;0;0;0;0;0;0;0;0;0;0;0;0;0;0;0;0
FR;10;2021-11-18;0;0;0;0;0;0;0;0;0;0;0;0;0;0;0;0;0;0
FR;10;2021-11-19;0;0;0;0;0;0;0;0;0;0;0;0;0;0;0;0;0;0
FR;10;2021-11-20;0;0;0;0;0;0;0;0;0;0;0;0;0;0;0;0;0;0
FR;10;2021-11-21;0;0;0;0;0;0;0;0;0;0;0;0;0;0;0;0;0;0
FR;10;2021-11-22;0;0;0;0;0;0;0;0;0;0;0;0;0;0;0;0;0;0
FR;10;2021-11-23;0;0;0;0;0;0;0;0;0;0;0;0;0;0;0;0;0;0
FR;10;2021-11-24;0;0;0;0;0;0;0;0;0;0;0;0;0;0;0;0;0;0
FR;10;2021-11-25;0;0;0;0;0;0;0;0;0;0;0;0;0;0;0;0;0;0
FR;10;2021-11-26;0;0;0;0;0;0;0;0;0;0;0;0;0;0;0;0;0;0
FR;10;2021-11-27;0;0;0;0;0;0;0;0;0;0;0;0;0;0;0;0;0;0
FR;10;2021-11-28;0;0;0;0;0;0;0;0;0;0;0;0;0;0;0;0;0;0
FR;10;2021-11-29;0;0;0;0;0;0;0;0;0;0;0;0;0;0;0;0;0;0
FR;10;2021-11-30;0;0;0;0;0;0;0;0;0;0;0;0;0;0;0;0;0;0
FR;10;2021-12-01;0;0;0;0;0;0;0;0;0;0;0;0;0;0;0;0;0;0
FR;10;2021-12-02;0;0;0;0;0;0;0;0;0;0;0;0;0;0;0;0;0;0
FR;10;2021-12-03;0;0;0;0;0;0;0;0;0;0;0;0;0;0;0;0;0;0
FR;10;2021-12-04;0;0;0;0;0;0;0;0;0;0;0;0;0;0;0;0;0;0
FR;10;2021-12-05;0;0;0;0;0;0;0;0;0;0;0;0;0;0;0;0;0;0
FR;10;2021-12-06;0;0;0;0;0;0;0;0;0;0;0;0;0;0;0;0;0;0
FR;10;2021-12-07;0;0;0;0;0;0;0;0;0;0;0;0;0;0;0;0;0;0
FR;10;2021-12-08;0;0;0;0;0;0;0;0;0;0;0;0;0;0;0;0;0;0
FR;10;2021-12-09;0;0;0;0;0;0;0;0;0;0;0;0;0;0;0;0;0;0
FR;10;2021-12-10;0;0;0;0;0;0;0;0;0;0;0;0;0;0;0;0;0;0
FR;10;2021-12-11;0;0;0;0;0;0;0;0;0;0;0;0;0;0;0;0;0;0
FR;10;2021-12-12;0;0;0;0;0;0;0;0;0;0;0;0;0;0;0;0;0;0
FR;10;2021-12-13;0;0;0;0;0;0;0;0;0;0;0;0;0;0;0;0;0;0
FR;10;2021-12-14;0;0;0;0;0;0;0;0;0;0;0;0;0;0;0;0;0;0
FR;10;2021-12-15;0;0;0;0;0;0;0;0;0;0;0;0;0;0;0;0;0;0
FR;10;2021-12-16;0;0;0;0;0;0;0;0;0;0;0;0;0;0;0;0;0;0
FR;10;2021-12-17;0;0;0;0;0;0;0;0;0;0;0;0;0;0;0;0;0;0
FR;10;2021-12-18;0;0;0;0;0;0;0;0;0;0;0;0;0;0;0;0;0;0
FR;10;2021-12-19;0;0;0;0;0;0;0;0;0;0;0;0;0;0;0;0;0;0
FR;10;2021-12-20;0;0;0;0;0;0;0;0;0;0;0;0;0;0;0;0;0;0
FR;10;2021-12-21;0;0;0;0;0;0;0;0;0;0;0;0;0;0;0;0;0;0
FR;10;2021-12-22;0;0;0;0;0;0;0;0;0;0;0;0;0;0;0;0;0;0
FR;10;2021-12-23;0;0;0;0;0;0;0;0;0;0;0;0;0;0;0;0;0;0
FR;10;2021-12-24;0;0;0;0;0;0;0;0;0;0;0;0;0;0;0;0;0;0
FR;10;2021-12-25;0;0;0;0;0;0;0;0;0;0;0;0;0;0;0;0;0;0
FR;10;2021-12-26;0;0;0;0;0;0;0;0;0;0;0;0;0;0;0;0;0;0
FR;10;2021-12-27;0;0;0;0;0;0;0;0;0;0;0;0;0;0;0;0;0;0
FR;10;2021-12-28;0;0;0;0;0;0;0;0;0;0;0;0;0;0;0;0;0;0
FR;10;2021-12-29;0;0;0;0;0;0;0;0;0;0;0;0;0;0;0;0;0;0
FR;10;2021-12-30;0;0;0;0;0;0;0;0;0;0;0;0;0;0;0;0;0;0
FR;10;2021-12-31;0;0;0;0;0;0;0;0;0;0;0;0;0;0;0;0;0;0
FR;10;2022-01-01;0;0;0;0;0;0;0;0;0;0;0;0;0;0;0;0;0;0
FR;10;2022-01-02;0;0;0;0;0;0;0;0;0;0;0;0;0;0;0;0;0;0
FR;10;2022-01-03;0;0;0;0;0;0;0;0;0;0;0;0;0;0;0;0;0;0
FR;10;2022-01-04;0;0;0;0;0;0;0;0;0;0;0;0;0;0;0;0;0;0
FR;10;2022-01-05;0;0;0;0;0;0;0;0;0;0;0;0;0;0;0;0;0;0
FR;10;2022-01-06;0;0;0;0;0;0;0;0;0;0;0;0;0;0;0;0;0;0
FR;10;2022-01-07;0;0;0;0;0;0;0;0;0;0;0;0;0;0;0;0;0;0
FR;10;2022-01-08;0;0;0;0;0;0;0;0;0;0;0;0;0;0;0;0;0;0
FR;10;2022-01-09;0;0;0;0;0;0;0;0;0;0;0;0;0;0;0;0;0;0
FR;10;2022-01-10;0;0;0;0;0;0;0;0;0;0;0;0;0;0;0;0;0;0
FR;10;2022-01-11;0;0;0;0;0;0;0;0;0;0;0;0;0;0;0;0;0;0
FR;10;2022-01-12;0;0;0;0;0;0;0;0;0;0;0;0;0;0;0;0;0;0
FR;10;2022-01-13;0;0;0;0;0;0;0;0;0;0;0;0;0;0;0;0;0;0
FR;10;2022-01-14;0;0;0;0;0;0;0;0;0;0;0;0;0;0;0;0;0;0
FR;10;2022-01-15;0;0;0;0;0;0;0;0;0;0;0;0;0;0;0;0;0;0
FR;10;2022-01-16;0;0;0;0;0;0;0;0;0;0;0;0;0;0;0;0;0;0
FR;10;2022-01-17;0;0;0;0;0;0;0;0;0;0;0;0;0;0;0;0;0;0
FR;10;2022-01-18;0;0;0;0;0;0;0;0;0;0;0;0;0;0;0;0;0;0
FR;10;2022-01-19;0;0;0;0;0;0;0;0;0;0;0;0;0;0;0;0;0;0
FR;10;2022-01-20;0;0;0;0;0;0;0;0;0;0;0;0;0;0;0;0;0;0
FR;10;2022-01-21;0;0;0;0;0;0;0;0;0;0;0;0;0;0;0;0;0;0
FR;10;2022-01-22;0;0;0;0;0;0;0;0;0;0;0;0;0;0;0;0;0;0
FR;10;2022-01-23;0;0;0;0;0;0;0;0;0;0;0;0;0;0;0;0;0;0
FR;10;2022-01-24;0;0;0;0;0;0;0;0;0;0;0;0;0;0;0;0;0;0
FR;10;2022-01-25;0;0;0;0;0;0;0;0;0;0;0;0;0;0;0;0;0;0
FR;10;2022-01-26;0;0;0;0;0;0;0;0;0;0;0;0;0;0;0;0;0;0
FR;10;2022-01-27;0;0;0;0;0;0;0;0;0;0;0;0;0;0;0;0;0;0
FR;10;2022-01-28;0;0;0;0;0;0;0;0;0;0;0;0;0;0;0;0;0;0
FR;10;2022-01-29;0;0;0;0;0;0;0;0;0;0;0;0;0;0;0;0;0;0
FR;10;2022-01-30;0;0;0;0;0;0;0;0;0;0;0;0;0;0;0;0;0;0
FR;10;2022-01-31;0;0;0;0;0;0;0;0;0;0;0;0;0;0;0;0;0;0
FR;10;2022-02-01;0;0;0;0;0;0;0;0;0;0;0;0;0;0;0;0;0;0
FR;10;2022-02-02;0;0;0;0;0;0;0;0;0;0;0;0;0;0;0;0;0;0
FR;10;2022-02-03;0;0;0;0;0;0;0;0;0;0;0;0;0;0;0;0;0;0
FR;10;2022-02-04;0;0;0;0;0;0;0;0;0;0;0;0;0;0;0;0;0;0
FR;10;2022-02-05;0;0;0;0;0;0;0;0;0;0;0;0;0;0;0;0;0;0
FR;10;2022-02-06;0;0;0;0;0;0;0;0;0;0;0;0;0;0;0;0;0;0
FR;10;2022-02-07;0;0;0;0;0;0;0;0;0;0;0;0;0;0;0;0;0;0
FR;10;2022-02-08;0;0;0;0;0;0;0;0;0;0;0;0;0;0;0;0;0;0
FR;10;2022-02-09;0;0;0;0;0;0;0;0;0;0;0;0;0;0;0;0;0;0
FR;10;2022-02-10;0;0;0;0;0;0;0;0;0;0;0;0;0;0;0;0;0;0
FR;10;2022-02-11;0;0;0;0;0;0;0;0;0;0;0;0;0;0;0;0;0;0
FR;10;2022-02-12;0;0;0;0;0;0;0;0;0;0;0;0;0;0;0;0;0;0
FR;10;2022-02-13;0;0;0;0;0;0;0;0;0;0;0;0;0;0;0;0;0;0
FR;10;2022-02-14;0;0;0;0;0;0;0;0;0;0;0;0;0;0;0;0;0;0
FR;10;2022-02-15;0;0;0;0;0;0;0;0;0;0;0;0;0;0;0;0;0;0
FR;10;2022-02-16;0;0;0;0;0;0;0;0;0;0;0;0;0;0;0;0;0;0
FR;10;2022-02-17;0;0;0;0;0;0;0;0;0;0;0;0;0;0;0;0;0;0
FR;10;2022-02-18;0;0;0;0;0;0;0;0;0;0;0;0;0;0;0;0;0;0
FR;10;2022-02-19;0;0;0;0;0;0;0;0;0;0;0;0;0;0;0;0;0;0
FR;10;2022-02-20;0;0;0;0;0;0;0;0;0;0;0;0;0;0;0;0;0;0
FR;10;2022-02-21;0;0;0;0;0;0;0;0;0;0;0;0;0;0;0;0;0;0
FR;10;2022-02-22;0;0;0;0;0;0;0;0;0;0;0;0;0;0;0;0;0;0
FR;10;2022-02-23;0;0;0;0;0;0;0;0;0;0;0;0;0;0;0;0;0;0
FR;10;2022-02-24;0;0;0;0;0;0;0;0;0;0;0;0;0;0;0;0;0;0
FR;10;2022-02-25;0;0;0;0;0;0;0;0;0;0;0;0;0;0;0;0;0;0
FR;10;2022-02-26;0;0;0;0;0;0;0;0;0;0;0;0;0;0;0;0;0;0
FR;10;2022-02-27;0;0;0;0;0;0;0;0;0;0;0;0;0;0;0;0;0;0
FR;10;2022-02-28;0;0;0;0;0;0;0;0;0;0;0;0;0;0;0;0;0;0
FR;10;2022-03-01;0;0;0;0;0;0;0;0;0;0;0;0;0;0;0;0;0;0
FR;10;2022-03-02;0;0;0;0;0;0;0;0;0;0;0;0;0;0;0;0;0;0
FR;10;2022-03-03;0;0;0;0;0;0;0;0;0;0;0;0;0;0;0;0;0;0
FR;10;2022-03-04;0;0;0;0;0;0;0;0;0;0;0;0;0;0;0;0;0;0
FR;10;2022-03-05;0;0;0;0;0;0;0;0;0;0;0;0;0;0;0;0;0;0
FR;10;2022-03-06;0;0;0;0;0;0;0;0;0;0;0;0;0;0;0;0;0;0
FR;10;2022-03-07;0;0;0;0;0;0;0;0;0;0;0;0;0;0;0;0;0;0
FR;10;2022-03-08;0;0;0;0;0;0;0;0;0;0;0;0;0;0;0;0;0;0
FR;10;2022-03-09;0;0;0;0;0;0;0;0;0;0;0;0;0;0;0;0;0;0
FR;10;2022-03-10;0;0;0;0;0;0;0;0;0;0;0;0;0;0;0;0;0;0
FR;10;2022-03-11;0;0;0;0;0;0;0;0;0;0;0;0;0;0;0;0;0;0
FR;10;2022-03-12;0;0;0;0;0;0;0;0;0;0;0;0;0;0;0;0;0;0
FR;10;2022-03-13;0;0;0;0;0;0;0;0;0;0;0;0;0;0;0;0;0;0
FR;10;2022-03-14;0;0;0;0;0;0;0;0;0;0;0;0;0;0;0;0;0;0
FR;10;2022-03-15;0;0;0;0;0;0;0;0;0;0;0;0;0;0;0;0;0;0
FR;10;2022-03-16;0;0;0;0;0;0;0;0;0;0;0;0;0;0;0;0;0;0
FR;10;2022-03-17;0;0;0;0;0;0;0;0;0;0;0;0;0;0;0;0;0;0
FR;10;2022-03-18;0;0;0;0;0;0;0;0;0;0;0;0;0;0;0;0;0;0
FR;10;2022-03-19;0;0;0;0;0;0;0;0;0;0;0;0;0;0;0;0;0;0
FR;10;2022-03-20;0;0;0;0;0;0;0;0;0;0;0;0;0;0;0;0;0;0
FR;10;2022-03-21;0;0;0;0;0;0;0;0;0;0;0;0;0;0;0;0;0;0
FR;10;2022-03-22;0;0;0;0;0;0;0;0;0;0;0;0;0;0;0;0;0;0
FR;10;2022-03-23;0;0;0;0;0;0;0;0;0;0;0;0;0;0;0;0;0;0
FR;10;2022-03-24;0;0;0;0;0;0;0;0;0;0;0;0;0;0;0;0;0;0
FR;10;2022-03-25;0;0;0;0;0;0;0;0;0;0;0;0;0;0;0;0;0;0
FR;10;2022-03-26;0;0;0;0;0;0;0;0;0;0;0;0;0;0;0;0;0;0
FR;10;2022-03-27;0;0;0;0;0;0;0;0;0;0;0;0;0;0;0;0;0;0
FR;10;2022-03-28;0;0;0;0;0;0;0;0;0;0;0;0;0;0;0;0;0;0
FR;10;2022-03-29;0;0;0;0;0;0;0;0;0;0;0;0;0;0;0;0;0;0
FR;10;2022-03-30;0;0;0;0;0;0;0;0;0;0;0;0;0;0;0;0;0;0
FR;10;2022-03-31;0;0;0;0;0;0;0;0;0;0;0;0;0;0;0;0;0;0
FR;10;2022-04-01;0;0;0;0;0;0;0;0;0;0;0;0;0;0;0;0;0;0
FR;10;2022-04-02;0;0;0;0;0;0;0;0;0;0;0;0;0;0;0;0;0;0
FR;10;2022-04-03;0;0;0;0;0;0;0;0;0;0;0;0;0;0;0;0;0;0
FR;10;2022-04-04;0;0;0;0;0;0;0;0;0;0;0;0;0;0;0;0;0;0
FR;10;2022-04-05;0;0;0;0;0;0;0;0;0;0;0;0;0;0;0;0;0;0
FR;10;2022-04-06;0;0;0;0;0;0;0;0;0;0;0;0;0;0;0;0;0;0
FR;10;2022-04-07;0;0;0;0;0;0;0;0;0;0;0;0;0;0;0;0;0;0
FR;10;2022-04-08;0;0;0;0;0;0;0;0;0;0;0;0;0;0;0;0;0;0
FR;10;2022-04-09;0;0;0;0;0;0;0;0;0;0;0;0;0;0;0;0;0;0
FR;10;2022-04-10;0;0;0;0;0;0;0;0;0;0;0;0;0;0;0;0;0;0
FR;10;2022-04-11;0;0;0;0;0;0;0;0;0;0;0;0;0;0;0;0;0;0
FR;10;2022-04-12;0;0;0;0;0;0;0;0;0;0;0;0;0;0;0;0;0;0
FR;10;2022-04-13;0;0;0;0;0;0;0;0;0;0;0;0;0;0;0;0;0;0
FR;10;2022-04-14;0;0;0;0;0;0;0;0;0;0;0;0;0;0;0;0;0;0
FR;10;2022-04-15;0;0;0;0;0;0;0;0;0;0;0;0;0;0;0;0;0;0
FR;10;2022-04-16;0;0;0;0;0;0;0;0;0;0;0;0;0;0;0;0;0;0
FR;10;2022-04-17;0;0;0;0;0;0;0;0;0;0;0;0;0;0;0;0;0;0
FR;10;2022-04-18;0;0;0;0;0;0;0;0;0;0;0;0;0;0;0;0;0;0
FR;10;2022-04-19;0;0;0;0;0;0;0;0;0;0;0;0;0;0;0;0;0;0
FR;10;2022-04-20;0;0;0;0;0;0;0;0;0;0;0;0;0;0;0;0;0;0
FR;10;2022-04-21;0;0;0;0;0;0;0;0;0;0;0;0;0;0;0;0;0;0
FR;10;2022-04-22;0;0;0;0;0;0;0;0;0;0;0;0;0;0;0;0;0;0
FR;10;2022-04-23;0;0;0;0;0;0;0;0;0;0;0;0;0;0;0;0;0;0
FR;10;2022-04-24;0;0;0;0;0;0;0;0;0;0;0;0;0;0;0;0;0;0
FR;10;2022-04-25;0;0;0;0;0;0;0;0;0;0;0;0;0;0;0;0;0;0
FR;10;2022-04-26;0;0;0;0;0;0;0;0;0;0;0;0;0;0;0;0;0;0
FR;10;2022-04-27;0;0;0;0;0;0;0;0;0;0;0;0;0;0;0;0;0;0
FR;10;2022-04-28;0;0;0;0;0;0;0;0;0;0;0;0;0;0;0;0;0;0
FR;10;2022-04-29;0;0;0;0;0;0;0;0;0;0;0;0;0;0;0;0;0;0
FR;10;2022-04-30;0;0;0;0;0;0;0;0;0;0;0;0;0;0;0;0;0;0
FR;10;2022-05-01;0;0;0;0;0;0;0;0;0;0;0;0;0;0;0;0;0;0
FR;10;2022-05-02;0;0;0;0;0;0;0;0;0;0;0;0;0;0;0;0;0;0
FR;10;2022-05-03;0;0;0;0;0;0;0;0;0;0;0;0;0;0;0;0;0;0
FR;10;2022-05-04;0;0;0;0;0;0;0;0;0;0;0;0;0;0;0;0;0;0
FR;10;2022-05-05;0;0;0;0;0;0;0;0;0;0;0;0;0;0;0;0;0;0
FR;10;2022-05-06;0;0;0;0;0;0;0;0;0;0;0;0;0;0;0;0;0;0
FR;10;2022-05-07;0;0;0;0;0;0;0;0;0;0;0;0;0;0;0;0;0;0
FR;10;2022-05-08;0;0;0;0;0;0;0;0;0;0;0;0;0;0;0;0;0;0
FR;10;2022-05-09;0;0;0;0;0;0;0;0;0;0;0;0;0;0;0;0;0;0
FR;10;2022-05-10;0;0;0;0;0;0;0;0;0;0;0;0;0;0;0;0;0;0
FR;10;2022-05-11;0;0;0;0;0;0;0;0;0;0;0;0;0;0;0;0;0;0
FR;10;2022-05-12;0;0;0;0;0;0;0;0;0;0;0;0;0;0;0;0;0;0
FR;10;2022-05-13;0;0;0;0;0;0;0;0;0;0;0;0;0;0;0;0;0;0
FR;10;2022-05-14;0;0;0;0;0;0;0;0;0;0;0;0;0;0;0;0;0;0
FR;10;2022-05-15;0;0;0;0;0;0;0;0;0;0;0;0;0;0;0;0;0;0
FR;10;2022-05-16;0;0;0;0;0;0;0;0;0;0;0;0;0;0;0;0;0;0
FR;10;2022-05-17;0;0;0;0;0;0;0;0;0;0;0;0;0;0;0;0;0;0
FR;10;2022-05-18;0;0;0;0;0;0;0;0;0;0;0;0;0;0;0;0;0;0
FR;10;2022-05-19;0;0;0;0;0;0;0;0;0;0;0;0;0;0;0;0;0;0
FR;10;2022-05-20;0;0;0;0;0;0;0;0;0;0;0;0;0;0;0;0;0;0
FR;10;2022-05-21;0;0;0;0;0;0;0;0;0;0;0;0;0;0;0;0;0;0
FR;10;2022-05-22;0;0;0;0;0;0;0;0;0;0;0;0;0;0;0;0;0;0
FR;10;2022-05-23;0;0;0;0;0;0;0;0;0;0;0;0;0;0;0;0;0;0
FR;10;2022-05-24;0;0;0;0;0;0;0;0;0;0;0;0;0;0;0;0;0;0
FR;10;2022-05-25;0;0;0;0;0;0;0;0;0;0;0;0;0;0;0;0;0;0
FR;10;2022-05-26;0;0;0;0;0;0;0;0;0;0;0;0;0;0;0;0;0;0
FR;10;2022-05-27;0;0;0;0;0;0;0;0;0;0;0;0;0;0;0;0;0;0
FR;10;2022-05-28;0;0;0;0;0;0;0;0;0;0;0;0;0;0;0;0;0;0
FR;10;2022-05-29;0;0;0;0;0;0;0;0;0;0;0;0;0;0;0;0;0;0
FR;10;2022-05-30;0;0;0;0;0;0;0;0;0;0;0;0;0;0;0;0;0;0
FR;10;2022-05-31;0;0;0;0;0;0;0;0;0;0;0;0;0;0;0;0;0;0
FR;10;2022-06-01;0;0;0;0;0;0;0;0;0;0;0;0;0;0;0;0;0;0
FR;10;2022-06-02;0;0;0;0;0;0;0;0;0;0;0;0;0;0;0;0;0;0
FR;10;2022-06-03;0;0;0;0;0;0;0;0;0;0;0;0;0;0;0;0;0;0
FR;10;2022-06-04;0;0;0;0;0;0;0;0;0;0;0;0;0;0;0;0;0;0
FR;10;2022-06-05;0;0;0;0;0;0;0;0;0;0;0;0;0;0;0;0;0;0
FR;10;2022-06-06;0;0;0;0;0;0;0;0;0;0;0;0;0;0;0;0;0;0
FR;10;2022-06-07;0;0;0;0;0;0;0;0;0;0;0;0;0;0;0;0;0;0
FR;10;2022-06-08;0;0;0;0;0;0;0;0;0;0;0;0;0;0;0;0;0;0
FR;10;2022-06-09;0;0;0;0;0;0;0;0;0;0;0;0;0;0;0;0;0;0
FR;10;2022-06-10;0;0;0;0;0;0;0;0;0;0;0;0;0;0;0;0;0;0
FR;10;2022-06-11;0;0;0;0;0;0;0;0;0;0;0;0;0;0;0;0;0;0
FR;10;2022-06-12;0;0;0;0;0;0;0;0;0;0;0;0;0;0;0;0;0;0
FR;10;2022-06-13;0;0;0;0;0;0;0;0;0;0;0;0;0;0;0;0;0;0
FR;10;2022-06-14;0;0;0;0;0;0;0;0;0;0;0;0;0;0;0;0;0;0
FR;10;2022-06-15;0;0;0;0;0;0;0;0;0;0;0;0;0;0;0;0;0;0
FR;10;2022-06-16;0;0;0;0;0;0;0;0;0;0;0;0;0;0;0;0;0;0
FR;10;2022-06-17;0;0;0;0;0;0;0;0;0;0;0;0;0;0;0;0;0;0
FR;10;2022-06-18;0;0;0;0;0;0;0;0;0;0;0;0;0;0;0;0;0;0
FR;10;2022-06-19;0;0;0;0;0;0;0;0;0;0;0;0;0;0;0;0;0;0
FR;10;2022-06-20;0;0;0;0;0;0;0;0;0;0;0;0;0;0;0;0;0;0
FR;10;2022-06-21;0;0;0;0;0;0;0;0;0;0;0;0;0;0;0;0;0;0
FR;10;2022-06-22;0;0;0;0;0;0;0;0;0;0;0;0;0;0;0;0;0;0
FR;10;2022-06-23;0;0;0;0;0;0;0;0;0;0;0;0;0;0;0;0;0;0
FR;10;2022-06-24;0;0;0;0;0;0;0;0;0;0;0;0;0;0;0;0;0;0
FR;10;2022-06-25;0;0;0;0;0;0;0;0;0;0;0;0;0;0;0;0;0;0
FR;10;2022-06-26;0;0;0;0;0;0;0;0;0;0;0;0;0;0;0;0;0;0
FR;10;2022-06-27;0;0;0;0;0;0;0;0;0;0;0;0;0;0;0;0;0;0
FR;10;2022-06-28;0;0;0;0;0;0;0;0;0;0;0;0;0;0;0;0;0;0
FR;10;2022-06-29;0;0;0;0;0;0;0;0;0;0;0;0;0;0;0;0;0;0
FR;10;2022-06-30;0;0;0;0;0;0;0;0;0;0;0;0;0;0;0;0;0;0
FR;10;2022-07-01;0;0;0;0;0;0;0;0;0;0;0;0;0;0;0;0;0;0
FR;10;2022-07-02;0;0;0;0;0;0;0;0;0;0;0;0;0;0;0;0;0;0
FR;10;2022-07-03;0;0;0;0;0;0;0;0;0;0;0;0;0;0;0;0;0;0
FR;10;2022-07-04;0;0;0;0;0;0;0;0;0;0;0;0;0;0;0;0;0;0
FR;10;2022-07-05;0;0;0;0;0;0;0;0;0;0;0;0;0;0;0;0;0;0
FR;10;2022-07-06;0;0;0;0;0;0;0;0;0;0;0;0;0;0;0;0;0;0
FR;10;2022-07-07;0;0;0;0;0;0;0;0;0;0;0;0;0;0;0;0;0;0
FR;10;2022-07-08;0;0;0;0;0;0;0;0;0;0;0;0;0;0;0;0;0;0
FR;10;2022-07-09;0;0;0;0;0;0;0;0;0;0;0;0;0;0;0;0;0;0
FR;10;2022-07-10;0;0;0;0;0;0;0;0;0;0;0;0;0;0;0;0;0;0
FR;10;2022-07-11;0;0;0;0;0;0;0;0;0;0;0;0;0;0;0;0;0;0
FR;10;2022-07-12;0;0;0;0;0;0;0;0;0;0;0;0;0;0;0;0;0;0
FR;10;2022-07-13;0;0;0;0;0;0;0;0;0;0;0;0;0;0;0;0;0;0
FR;10;2022-07-14;0;0;0;0;0;0;0;0;0;0;0;0;0;0;0;0;0;0
FR;10;2022-07-15;0;0;0;0;0;0;0;0;0;0;0;0;0;0;0;0;0;0
FR;10;2022-07-16;0;0;0;0;0;0;0;0;0;0;0;0;0;0;0;0;0;0
FR;10;2022-07-17;0;0;0;0;0;0;0;0;0;0;0;0;0;0;0;0;0;0
FR;10;2022-07-18;0;0;0;0;0;0;0;0;0;0;0;0;0;0;0;0;0;0
FR;10;2022-07-19;0;0;0;0;0;0;0;0;0;0;0;0;0;0;0;0;0;0
FR;10;2022-07-20;0;0;0;0;0;0;0;0;0;0;0;0;0;0;0;0;0;0
FR;10;2022-07-21;0;0;0;0;0;0;0;0;0;0;0;0;0;0;0;0;0;0
FR;10;2022-07-22;0;0;0;0;0;0;0;0;0;0;0;0;0;0;0;0;0;0
FR;10;2022-07-23;0;0;0;0;0;0;0;0;0;0;0;0;0;0;0;0;0;0
FR;10;2022-07-24;0;0;0;0;0;0;0;0;0;0;0;0;0;0;0;0;0;0
FR;10;2022-07-25;0;0;0;0;0;0;0;0;0;0;0;0;0;0;0;0;0;0
FR;10;2022-07-26;0;0;0;0;0;0;0;0;0;0;0;0;0;0;0;0;0;0
FR;10;2022-07-27;0;0;0;0;0;0;0;0;0;0;0;0;0;0;0;0;0;0
FR;10;2022-07-28;0;0;0;0;0;0;0;0;0;0;0;0;0;0;0;0;0;0
FR;10;2022-07-29;0;0;0;0;0;0;0;0;0;0;0;0;0;0;0;0;0;0
FR;10;2022-07-30;0;0;0;0;0;0;0;0;0;0;0;0;0;0;0;0;0;0
FR;10;2022-07-31;0;0;0;0;0;0;0;0;0;0;0;0;0;0;0;0;0;0
FR;10;2022-08-01;0;0;0;0;0;0;0;0;0;0;0;0;0;0;0;0;0;0
FR;10;2022-08-02;0;0;0;0;0;0;0;0;0;0;0;0;0;0;0;0;0;0
FR;10;2022-08-03;0;0;0;0;0;0;0;0;0;0;0;0;0;0;0;0;0;0
FR;10;2022-08-04;0;0;0;0;0;0;0;0;0;0;0;0;0;0;0;0;0;0
FR;10;2022-08-05;0;0;0;0;0;0;0;0;0;0;0;0;0;0;0;0;0;0
FR;10;2022-08-06;0;0;0;0;0;0;0;0;0;0;0;0;0;0;0;0;0;0
FR;10;2022-08-07;0;0;0;0;0;0;0;0;0;0;0;0;0;0;0;0;0;0
FR;10;2022-08-08;0;0;0;0;0;0;0;0;0;0;0;0;0;0;0;0;0;0
FR;10;2022-08-09;0;0;0;0;0;0;0;0;0;0;0;0;0;0;0;0;0;0
FR;10;2022-08-10;0;0;0;0;0;0;0;0;0;0;0;0;0;0;0;0;0;0
FR;10;2022-08-11;0;0;0;0;0;0;0;0;0;0;0;0;0;0;0;0;0;0
FR;10;2022-08-12;0;0;0;0;0;0;0;0;0;0;0;0;0;0;0;0;0;0
FR;10;2022-08-13;0;0;0;0;0;0;0;0;0;0;0;0;0;0;0;0;0;0
FR;10;2022-08-14;0;0;0;0;0;0;0;0;0;0;0;0;0;0;0;0;0;0
FR;10;2022-08-15;0;0;0;0;0;0;0;0;0;0;0;0;0;0;0;0;0;0
FR;10;2022-08-16;0;0;0;0;0;0;0;0;0;0;0;0;0;0;0;0;0;0
FR;10;2022-08-17;0;0;0;0;0;0;0;0;0;0;0;0;0;0;0;0;0;0
FR;10;2022-08-18;0;0;0;0;0;0;0;0;0;0;0;0;0;0;0;0;0;0
FR;10;2022-08-19;0;0;0;0;0;0;0;0;0;0;0;0;0;0;0;0;0;0
FR;10;2022-08-20;0;0;0;0;0;0;0;0;0;0;0;0;0;0;0;0;0;0
FR;10;2022-08-21;0;0;0;0;0;0;0;0;0;0;0;0;0;0;0;0;0;0
FR;10;2022-08-22;0;0;0;0;0;0;0;0;0;0;0;0;0;0;0;0;0;0
FR;10;2022-08-23;0;0;0;0;0;0;0;0;0;0;0;0;0;0;0;0;0;0
FR;10;2022-08-24;0;0;0;0;0;0;0;0;0;0;0;0;0;0;0;0;0;0
FR;10;2022-08-25;0;0;0;0;0;0;0;0;0;0;0;0;0;0;0;0;0;0
FR;10;2022-08-26;0;0;0;0;0;0;0;0;0;0;0;0;0;0;0;0;0;0
FR;10;2022-08-27;0;0;0;0;0;0;0;0;0;0;0;0;0;0;0;0;0;0
FR;10;2022-08-28;0;0;0;0;0;0;0;0;0;0;0;0;0;0;0;0;0;0
FR;10;2022-08-29;0;0;0;0;0;0;0;0;0;0;0;0;0;0;0;0;0;0
FR;10;2022-08-30;0;0;0;0;0;0;0;0;0;0;0;0;0;0;0;0;0;0
FR;10;2022-08-31;0;0;0;0;0;0;0;0;0;0;0;0;0;0;0;0;0;0
FR;10;2022-09-01;0;0;0;0;0;0;0;0;0;0;0;0;0;0;0;0;0;0
FR;10;2022-09-02;0;0;0;0;0;0;0;0;0;0;0;0;0;0;0;0;0;0
FR;10;2022-09-03;0;0;0;0;0;0;0;0;0;0;0;0;0;0;0;0;0;0
FR;10;2022-09-04;0;0;0;0;0;0;0;0;0;0;0;0;0;0;0;0;0;0
FR;10;2022-09-05;0;0;0;0;0;0;0;0;0;0;0;0;0;0;0;0;0;0
FR;10;2022-09-06;0;0;0;0;0;0;0;0;0;0;0;0;0;0;0;0;0;0
FR;10;2022-09-07;0;0;0;0;0;0;0;0;0;0;0;0;0;0;0;0;0;0
FR;10;2022-09-08;0;0;0;0;0;0;0;0;0;0;0;0;0;0;0;0;0;0
FR;10;2022-09-09;0;0;0;0;0;0;0;0;0;0;0;0;0;0;0;0;0;0
FR;10;2022-09-10;0;0;0;0;0;0;0;0;0;0;0;0;0;0;0;0;0;0
FR;10;2022-09-11;0;0;0;0;0;0;0;0;0;0;0;0;0;0;0;0;0;0
FR;10;2022-09-12;0;0;0;0;0;0;0;0;0;0;0;0;0;0;0;0;0;0
FR;10;2022-09-13;0;0;0;0;0;0;0;0;0;0;0;0;0;0;0;0;0;0
FR;10;2022-09-14;0;0;0;0;0;0;0;0;0;0;0;0;0;0;0;0;0;0
FR;10;2022-09-15;0;0;0;0;0;0;0;0;0;0;0;0;0;0;0;0;0;0
FR;10;2022-09-16;0;0;0;0;0;0;0;0;0;0;0;0;0;0;0;0;0;0
FR;10;2022-09-17;0;0;0;0;0;0;0;0;0;0;0;0;0;0;0;0;0;0
FR;10;2022-09-18;0;0;0;0;0;0;0;0;0;0;0;0;0;0;0;0;0;0
FR;10;2022-09-19;0;0;0;0;0;0;0;0;0;0;0;0;0;0;0;0;0;0
FR;10;2022-09-20;0;0;0;0;0;0;0;0;0;0;0;0;0;0;0;0;0;0
FR;10;2022-09-21;0;0;0;0;0;0;0;0;0;0;0;0;0;0;0;0;0;0
FR;10;2022-09-22;0;0;0;0;0;0;0;0;0;0;0;0;0;0;0;0;0;0
FR;10;2022-09-23;0;0;0;0;0;0;0;0;0;0;0;0;0;0;0;0;0;0
FR;10;2022-09-24;0;0;0;0;0;0;0;0;0;0;0;0;0;0;0;0;0;0
FR;10;2022-09-25;0;0;0;0;0;0;0;0;0;0;0;0;0;0;0;0;0;0
FR;10;2022-09-26;0;0;0;0;0;0;0;0;0;0;0;0;0;0;0;0;0;0
FR;10;2022-09-27;0;0;0;0;0;0;0;0;0;0;0;0;0;0;0;0;0;0
FR;10;2022-09-28;0;0;0;0;0;0;0;0;0;0;0;0;0;0;0;0;0;0
FR;10;2022-09-29;0;0;0;0;0;0;0;0;0;0;0;0;0;0;0;0;0;0
FR;10;2022-09-30;0;0;0;0;0;0;0;0;0;0;0;0;0;0;0;0;0;0
FR;10;2022-10-01;0;0;0;0;0;0;0;0;0;0;0;0;0;0;0;0;0;0
FR;10;2022-10-02;0;0;0;0;0;0;0;0;0;0;0;0;0;0;0;0;0;0
FR;10;2022-10-03;0;0;0;0;0;0;0;0;0;0;0;0;0;0;0;0;0;0
FR;10;2022-10-04;0;0;0;0;0;0;0;0;0;0;0;0;0;0;0;0;0;0
FR;10;2022-10-05;0;0;0;0;0;0;0;0;0;0;0;0;0;0;0;0;0;0
FR;10;2022-10-06;0;0;0;0;0;0;0;0;0;0;0;0;0;0;0;0;0;0
FR;10;2022-10-07;0;0;0;0;0;0;0;0;0;0;0;0;0;0;0;0;0;0
FR;10;2022-10-08;0;0;0;0;0;0;0;0;0;0;0;0;0;0;0;0;0;0
FR;10;2022-10-09;0;0;0;0;0;0;0;0;0;0;0;0;0;0;0;0;0;0
FR;10;2022-10-10;0;0;0;0;0;0;0;0;0;0;0;0;0;0;0;0;0;0
FR;10;2022-10-11;0;0;0;0;0;0;0;0;0;0;0;0;0;0;0;0;0;0
FR;10;2022-10-12;0;0;0;0;0;0;0;0;0;0;0;0;0;0;0;0;0;0
FR;10;2022-10-13;0;0;0;0;0;0;0;0;0;0;0;0;0;0;0;0;0;0
FR;10;2022-10-14;0;0;0;0;0;0;0;0;0;0;0;0;0;0;0;0;0;0
FR;10;2022-10-15;0;0;0;0;0;0;0;0;0;0;0;0;0;0;0;0;0;0
FR;10;2022-10-16;0;0;0;0;0;0;0;0;0;0;0;0;0;0;0;0;0;0
FR;10;2022-10-17;0;0;0;0;0;0;0;0;0;0;0;0;0;0;0;0;0;0
FR;10;2022-10-18;0;0;0;0;0;0;0;0;0;0;0;0;0;0;0;0;0;0
FR;10;2022-10-19;0;0;0;0;0;0;0;0;0;0;0;0;0;0;0;0;0;0
FR;10;2022-10-20;0;0;0;0;0;0;0;0;0;0;0;0;0;0;0;0;0;0
FR;10;2022-10-21;0;0;0;0;0;0;0;0;0;0;0;0;0;0;0;0;0;0
FR;10;2022-10-22;0;0;0;0;0;0;0;0;0;0;0;0;0;0;0;0;0;0
FR;10;2022-10-23;0;0;0;0;0;0;0;0;0;0;0;0;0;0;0;0;0;0
FR;10;2022-10-24;0;0;0;0;0;0;0;0;0;0;0;0;0;0;0;0;0;0
FR;10;2022-10-25;0;0;0;0;0;0;0;0;0;0;0;0;0;0;0;0;0;0
FR;10;2022-10-26;0;0;0;0;0;0;0;0;0;0;0;0;0;0;0;0;0;0
FR;10;2022-10-27;0;0;0;0;0;0;0;0;0;0;0;0;0;0;0;0;0;0
FR;10;2022-10-28;0;0;0;0;0;0;0;0;0;0;0;0;0;0;0;0;0;0
FR;10;2022-10-29;0;0;0;0;0;0;0;0;0;0;0;0;0;0;0;0;0;0
FR;10;2022-10-30;0;0;0;0;0;0;0;0;0;0;0;0;0;0;0;0;0;0
FR;10;2022-10-31;0;0;0;0;0;0;0;0;0;0;0;0;0;0;0;0;0;0
FR;10;2022-11-01;0;0;0;0;0;0;0;0;0;0;0;0;0;0;0;0;0;0
FR;10;2022-11-02;0;0;0;0;0;0;0;0;0;0;0;0;0;0;0;0;0;0
FR;10;2022-11-03;0;0;0;0;0;0;0;0;0;0;0;0;0;0;0;0;0;0
FR;10;2022-11-04;0;0;0;0;0;0;0;0;0;0;0;0;0;0;0;0;0;0
FR;10;2022-11-05;0;0;0;0;0;0;0;0;0;0;0;0;0;0;0;0;0;0
FR;10;2022-11-06;0;0;0;0;0;0;0;0;0;0;0;0;0;0;0;0;0;0
FR;10;2022-11-07;0;0;0;0;0;0;0;0;0;0;0;0;0;0;0;0;0;0
FR;10;2022-11-08;0;0;0;0;0;0;0;0;0;0;0;0;0;0;0;0;0;0
FR;10;2022-11-09;0;0;0;0;0;0;0;0;0;0;0;0;0;0;0;0;0;0
FR;10;2022-11-10;0;0;0;0;0;0;0;0;0;0;0;0;0;0;0;0;0;0
FR;10;2022-11-11;0;0;0;0;0;0;0;0;0;0;0;0;0;0;0;0;0;0
FR;10;2022-11-12;0;0;0;0;0;0;0;0;0;0;0;0;0;0;0;0;0;0
FR;10;2022-11-13;0;0;0;0;0;0;0;0;0;0;0;0;0;0;0;0;0;0
FR;10;2022-11-14;0;0;0;0;0;0;0;0;0;0;0;0;0;0;0;0;0;0
FR;10;2022-11-15;0;0;0;0;0;0;0;0;0;0;0;0;0;0;0;0;0;0
FR;10;2022-11-16;0;0;0;0;0;0;0;0;0;0;0;0;0;0;0;0;0;0
FR;10;2022-11-17;0;0;0;0;0;0;0;0;0;0;0;0;0;0;0;0;0;0
FR;10;2022-11-18;0;0;0;0;0;0;0;0;0;0;0;0;0;0;0;0;0;0
FR;10;2022-11-19;0;0;0;0;0;0;0;0;0;0;0;0;0;0;0;0;0;0
FR;10;2022-11-20;0;0;0;0;0;0;0;0;0;0;0;0;0;0;0;0;0;0
FR;10;2022-11-21;0;0;0;0;0;0;0;0;0;0;0;0;0;0;0;0;0;0
FR;10;2022-11-22;0;0;0;0;0;0;0;0;0;0;0;0;0;0;0;0;0;0
FR;10;2022-11-23;0;0;0;0;0;0;0;0;0;0;0;0;0;0;0;0;0;0
FR;10;2022-11-24;0;0;0;0;0;0;0;0;0;0;0;0;0;0;0;0;0;0
FR;10;2022-11-25;0;0;0;0;0;0;0;0;0;0;0;0;0;0;0;0;0;0
FR;10;2022-11-26;0;0;0;0;0;0;0;0;0;0;0;0;0;0;0;0;0;0
FR;10;2022-11-27;0;0;0;0;0;0;0;0;0;0;0;0;0;0;0;0;0;0
FR;10;2022-11-28;0;0;0;0;0;0;0;0;0;0;0;0;0;0;0;0;0;0
FR;10;2022-11-29;0;0;0;0;0;0;0;0;0;0;0;0;0;0;0;0;0;0
FR;10;2022-11-30;0;0;0;0;0;0;0;0;0;0;0;0;0;0;0;0;0;0
FR;10;2022-12-01;0;0;0;0;0;0;0;0;0;0;0;0;0;0;0;0;0;0
FR;10;2022-12-02;0;0;0;0;0;0;0;0;0;0;0;0;0;0;0;0;0;0
FR;10;2022-12-03;0;0;0;0;0;0;0;0;0;0;0;0;0;0;0;0;0;0
FR;10;2022-12-04;0;0;0;0;0;0;0;0;0;0;0;0;0;0;0;0;0;0
FR;10;2022-12-05;0;0;0;0;0;0;0;0;0;0;0;0;0;0;0;0;0;0
FR;10;2022-12-06;0;0;0;0;0;0;0;0;0;0;0;0;0;0;0;0;0;0
FR;10;2022-12-07;0;0;0;0;0;0;0;0;0;0;0;0;0;0;0;0;0;0
FR;10;2022-12-08;0;0;0;0;0;0;0;0;0;0;0;0;0;0;0;0;0;0
FR;10;2022-12-09;0;0;0;0;0;0;0;0;0;0;0;0;0;0;0;0;0;0
FR;10;2022-12-10;0;0;0;0;0;0;0;0;0;0;0;0;0;0;0;0;0;0
FR;10;2022-12-11;0;0;0;0;0;0;0;0;0;0;0;0;0;0;0;0;0;0
FR;10;2022-12-12;0;0;0;0;0;0;0;0;0;0;0;0;0;0;0;0;0;0
FR;10;2022-12-13;0;0;0;0;0;0;0;0;0;0;0;0;0;0;0;0;0;0
FR;10;2022-12-14;0;0;0;0;0;0;0;0;0;0;0;0;0;0;0;0;0;0
FR;10;2022-12-15;0;0;0;0;0;0;0;0;0;0;0;0;0;0;0;0;0;0
FR;10;2022-12-16;0;0;0;0;0;0;0;0;0;0;0;0;0;0;0;0;0;0
FR;10;2022-12-17;0;0;0;0;0;0;0;0;0;0;0;0;0;0;0;0;0;0
FR;10;2022-12-18;0;0;0;0;0;0;0;0;0;0;0;0;0;0;0;0;0;0
FR;10;2022-12-19;0;0;0;0;0;0;0;0;0;0;0;0;0;0;0;0;0;0
FR;10;2022-12-20;0;0;0;0;0;0;0;0;0;0;0;0;0;0;0;0;0;0
FR;10;2022-12-21;0;0;0;0;0;0;0;0;0;0;0;0;0;0;0;0;0;0
FR;10;2022-12-22;0;0;0;1;0;0;1;0;0;0;0;0;1;0;0;1;0;0
FR;10;2022-12-23;0;0;1;14;0;2;14;0;7;0;0;1;15;0;2;15;0;7
FR;10;2022-12-24;0;0;0;3;0;0;3;0;1;0;0;1;18;0;2;18;0;8
FR;10;2022-12-25;0;0;0;0;0;0;0;0;0;0;0;1;18;0;2;18;0;8
FR;10;2022-12-26;3;1;11;35;0;8;39;0;5;3;1;12;53;0;10;57;0;13
FR;10;2022-12-27;1;1;13;34;1;11;36;0;10;4;2;25;87;1;21;93;0;23
FR;10;2022-12-28;0;0;2;15;0;1;14;0;3;4;2;27;102;1;22;107;0;26
FR;10;2022-12-29;0;0;6;48;0;1;48;0;17;4;2;33;150;1;23;155;0;43
FR;10;2022-12-30;0;1;4;33;0;7;31;0;6;4;3;37;183;1;30;186;0;49
FR;10;2022-12-31;0;0;3;12;0;4;10;0;4;4;3;40;195;1;34;196;0;53
FR;10;2023-01-01;0;0;1;6;0;0;7;0;2;4;3;41;201;1;34;203;0;55
FR;10;2023-01-02;0;2;4;37;0;5;36;0;21;4;5;45;238;1;39;239;0;76
FR;10;2023-01-03;1;1;6;63;1;5;64;0;25;5;6;51;301;2;44;303;0;101
FR;10;2023-01-04;0;1;7;52;0;6;53;0;53;5;7;58;353;2;50;356;0;154
FR;0;2020-12-27;616;0;0;0;55;0;0;0;0;616;0;0;0;55;0;0;0;0
FR;0;2020-12-28;702;1;0;0;43;0;0;0;0;1318;1;0;0;98;0;0;0;0
FR;0;2020-12-29;387;0;0;0;19;0;0;0;0;1705;1;0;0;117;0;0;0;0
FR;0;2020-12-30;450;0;0;0;18;0;0;0;0;2155;1;0;0;135;0;0;0;0
FR;0;2020-12-31;447;1;0;0;23;0;0;0;0;2602;2;0;0;158;0;0;0;0
FR;0;2021-01-01;1188;2;0;0;65;0;0;0;0;3790;4;0;0;223;0;0;0;0
FR;0;2021-01-02;366;4;0;0;29;0;0;0;0;4156;8;0;0;252;0;0;0;0
FR;0;2021-01-03;415;0;0;0;23;0;0;0;0;4571;8;0;0;275;0;0;0;0
FR;0;2021-01-04;2131;4;0;0;50;0;0;0;0;6702;12;0;0;325;0;0;0;0
FR;0;2021-01-05;7765;6;0;0;128;0;0;0;0;14467;18;0;0;453;0;0;0;0
FR;0;2021-01-06;12470;23;0;0;127;0;0;0;0;26937;41;0;0;580;0;0;0;0
FR;0;2021-01-07;29475;23;0;0;159;0;0;0;0;56412;64;0;0;739;0;0;0;0
FR;0;2021-01-08;37165;34;0;0;203;0;0;0;0;93577;98;0;0;942;0;0;0;0
FR;0;2021-01-09;11220;9;0;0;77;0;0;0;0;104797;107;0;0;1019;0;0;0;0
FR;0;2021-01-10;6012;8;0;0;28;0;0;0;0;110809;115;0;0;1047;0;0;0;0
FR;0;2021-01-11;39952;37;0;0;230;0;0;0;0;150761;152;0;0;1277;0;0;0;0
FR;0;2021-01-12;62156;28;0;0;296;0;0;0;0;212917;180;0;0;1573;0;0;0;0
FR;0;2021-01-13;65146;62;0;0;434;0;0;0;0;278063;242;0;0;2007;0;0;0;0
FR;0;2021-01-14;83109;239;0;0;1171;0;0;0;0;361172;481;0;0;3178;0;0;0;0
FR;0;2021-01-15;69028;95;0;0;554;0;0;0;0;430200;576;0;0;3732;0;0;0;0
FR;0;2021-01-16;20219;73;0;0;184;0;0;0;0;450419;649;0;0;3916;0;0;0;0
FR;0;2021-01-17;10990;54;0;0;138;0;0;0;0;461409;703;0;0;4054;0;0;0;0
FR;0;2021-01-18;85918;179;0;0;617;0;0;0;0;547327;882;0;0;4671;0;0;0;0
FR;0;2021-01-19;130614;210;0;0;868;0;0;0;0;677941;1092;0;0;5539;0;0;0;0
FR;0;2021-01-20;137563;194;0;0;836;0;0;0;0;815504;1286;0;0;6375;0;0;0;0
FR;0;2021-01-21;158424;198;0;0;945;0;0;0;0;973928;1484;0;0;7320;0;0;0;0
FR;0;2021-01-22;121082;255;0;0;845;0;0;0;0;1095010;1739;0;0;8165;0;0;0;0
FR;0;2021-01-23;38491;81;0;0;218;0;0;0;0;1133501;1820;0;0;8383;0;0;0;0
FR;0;2021-01-24;9750;129;0;0;194;0;0;0;0;1143251;1949;0;0;8577;0;0;0;0
FR;0;2021-01-25;78250;1445;0;0;1797;0;0;0;0;1221501;3394;0;0;10374;0;0;0;0
FR;0;2021-01-26;100391;3692;1;0;4171;0;0;0;0;1321892;7086;1;0;14545;0;0;0;0
FR;0;2021-01-27;107261;6410;0;0;7125;0;0;0;0;1429153;13496;1;0;21670;0;0;0;0
FR;0;2021-01-28;124377;16373;0;0;17197;0;0;0;0;1553530;29869;1;0;38867;0;0;0;0
FR;0;2021-01-29;92200;18716;0;0;19290;0;0;0;0;1645730;48585;1;0;58157;0;0;0;0
FR;0;2021-01-30;29128;4515;0;0;4651;0;0;0;0;1674858;53100;1;0;62808;0;0;0;0
FR;0;2021-01-31;5240;1901;0;0;1946;0;0;0;0;1680098;55001;1;0;64754;0;0;0;0
FR;0;2021-02-01;53152;22936;0;0;23202;0;0;0;0;1733250;77937;1;0;87956;0;0;0;0
FR;0;2021-02-02;72333;38020;0;0;38510;0;0;0;0;1805583;115957;1;0;126466;0;0;0;0
FR;0;2021-02-03;72326;40074;0;0;40574;0;0;0;0;1877909;156031;1;0;167040;0;0;0;0
FR;0;2021-02-04;82090;54879;0;0;55471;0;0;0;0;1959999;210910;1;0;222511;0;0;0;0
FR;0;2021-02-05;68250;48064;0;0;48496;0;0;0;0;2028249;258974;1;0;271007;0;0;0;0
FR;0;2021-02-06;22956;11412;0;0;11651;0;0;0;0;2051205;270386;1;0;282658;0;0;0;0
FR;0;2021-02-07;5195;6038;0;0;6164;0;0;0;0;2056400;276424;1;0;288822;0;0;0;0
FR;0;2021-02-08;46854;48683;0;0;49158;0;0;0;0;2103254;325107;1;0;337980;0;0;0;0
FR;0;2021-02-09;66041;78139;0;0;79231;0;0;0;0;2169295;403246;1;0;417211;0;0;0;0
FR;0;2021-02-10;71037;83176;0;0;84466;0;0;0;0;2240332;486422;1;0;501677;0;0;0;0
FR;0;2021-02-11;87305;105235;0;0;107159;0;0;0;0;2327637;591657;1;0;608836;0;0;0;0
FR;0;2021-02-12;79351;75974;0;0;77711;0;0;0;0;2406988;667631;1;0;686547;0;0;0;0
FR;0;2021-02-13;22387;19533;0;0;19899;0;0;0;0;2429375;687164;1;0;706446;0;0;0;0
FR;0;2021-02-14;5080;7372;0;0;7499;0;0;0;0;2434455;694536;1;0;713945;0;0;0;0
FR;0;2021-02-15;38126;76738;0;0;77741;0;0;0;0;2472581;771274;1;0;791686;0;0;0;0
FR;0;2021-02-16;50415;99745;0;0;101072;0;0;0;0;2522996;871019;1;0;892758;0;0;0;0
FR;0;2021-02-17;50549;106772;20;0;108208;0;0;0;0;2573545;977791;21;0;1000966;0;0;0;0
FR;0;2021-02-18;69812;123483;0;0;125513;0;0;0;0;2643357;1101274;21;0;1126479;0;0;0;0
FR;0;2021-02-19;65087;92149;1;0;94028;0;0;0;0;2708444;1193423;22;0;1220507;0;0;0;0
FR;0;2021-02-20;18600;28563;0;0;28930;0;0;0;0;2727044;1221986;22;0;1249437;0;0;0;0
FR;0;2021-02-21;3332;6079;0;0;6184;0;0;0;0;2730376;1228065;22;0;1255621;0;0;0;0
FR;0;2021-02-22;37508;73198;2;0;74205;0;0;0;0;2767884;1301263;24;0;1329826;0;0;0;0
FR;0;2021-02-23;53800;85219;1;0;86726;0;0;0;0;2821684;1386482;25;0;1416552;0;0;0;0
FR;0;2021-02-24;60033;82836;1;0;84412;0;0;0;0;2881717;1469318;26;0;1500964;0;0;0;0
FR;0;2021-02-25;100607;91335;1;0;94317;0;0;0;0;2982324;1560653;27;0;1595281;0;0;0;0
FR;0;2021-02-26;113488;70759;1;0;73891;0;0;0;0;3095812;1631412;28;0;1669172;0;0;0;0
FR;0;2021-02-27;52128;22420;1;0;23662;0;0;0;0;3147940;1653832;29;0;1692834;0;0;0;0
FR;0;2021-02-28;6208;4127;2;0;4324;0;0;0;0;3154148;1657959;31;0;1697158;0;0;0;0
FR;0;2021-03-01;65936;54072;1;0;55933;0;0;0;0;3220084;1712031;32;0;1753091;0;0;0;0
FR;0;2021-03-02;101411;67166;3;0;70206;0;0;0;0;3321495;1779197;35;0;1823297;0;0;0;0
FR;0;2021-03-03;116555;65455;0;0;69136;0;0;0;0;3438050;1844652;35;0;1892433;0;0;0;0
FR;0;2021-03-04;163656;72513;3;0;78075;0;0;0;0;3601706;1917165;38;0;1970508;0;0;0;0
FR;0;2021-03-05;200956;62729;3;0;69454;0;0;0;0;3802662;1979894;41;0;2039962;0;0;0;0
FR;0;2021-03-06;207983;17505;3;0;22805;0;0;0;0;4010645;1997399;44;0;2062767;0;0;0;0
FR;0;2021-03-07;121291;4032;1;0;7326;0;0;0;0;4131936;2001431;45;0;2070093;0;0;0;0
FR;0;2021-03-08;107173;49602;2;0;53084;0;0;0;0;4239109;2051033;47;0;2123177;0;0;0;0
FR;0;2021-03-09;172483;56080;2;0;61565;0;0;0;0;4411592;2107113;49;0;2184742;0;0;0;0
FR;0;2021-03-10;179036;57092;5;0;62756;0;0;0;0;4590628;2164205;54;0;2247498;0;0;0;0
FR;0;2021-03-11;242928;63988;2;0;72072;0;0;0;0;4833556;2228193;56;0;2319570;0;0;0;0
FR;0;2021-03-12;294867;53377;1;0;62832;0;0;0;0;5128423;2281570;57;0;2382402;0;0;0;0
FR;0;2021-03-13;231441;15275;1;0;21253;0;0;0;0;5359864;2296845;58;0;2403655;0;0;0;0
FR;0;2021-03-14;63360;3074;1;0;5109;0;0;0;0;5423224;2299919;59;0;2408764;0;0;0;0
FR;0;2021-03-15;158690;31541;3;0;36189;0;0;0;0;5581914;2331460;62;0;2444953;0;0;0;0
FR;0;2021-03-16;141592;38809;6;0;42952;0;0;0;0;5723506;2370269;68;0;2487905;0;0;0;0
FR;0;2021-03-17;150515;37617;4;0;42382;0;0;0;0;5874021;2407886;72;0;2530287;0;0;0;0
FR;0;2021-03-18;167864;44379;5;0;49936;0;0;0;0;6041885;2452265;77;0;2580223;0;0;0;0
FR;0;2021-03-19;230050;36727;2;0;44084;0;0;0;0;6271935;2488992;79;0;2624307;0;0;0;0
FR;0;2021-03-20;166716;11394;1;0;16019;0;0;0;0;6438651;2500386;80;0;2640326;0;0;0;0
FR;0;2021-03-21;49953;2152;1;0;3910;0;0;0;0;6488604;2502538;81;0;2644236;0;0;0;0
FR;0;2021-03-22;170076;33553;2;0;39049;0;0;0;0;6658680;2536091;83;0;2683285;0;0;0;0
FR;0;2021-03-23;250428;42399;1;0;50235;0;0;0;0;6909108;2578490;84;0;2733520;0;0;0;0
FR;0;2021-03-24;256942;43541;0;0;51631;0;0;0;0;7166050;2622031;84;0;2785151;0;0;0;0
FR;0;2021-03-25;341866;45244;5;0;56237;0;0;0;0;7507916;2667275;89;0;2841388;0;0;0;0
FR;0;2021-03-26;358839;41796;5;1;53544;0;0;0;0;7866755;2709071;94;1;2894932;0;0;0;0
FR;0;2021-03-27;195293;16935;1;0;23377;0;0;0;0;8062048;2726006;95;1;2918309;0;0;0;0
FR;0;2021-03-28;59352;4555;3;0;6619;0;0;0;0;8121400;2730561;98;1;2924928;0;0;0;0
FR;0;2021-03-29;203014;53433;4;0;60186;0;0;0;0;8324414;2783994;102;1;2985114;0;0;0;0
FR;0;2021-03-30;285525;70004;5;0;80413;0;0;0;0;8609939;2853998;107;1;3065527;0;0;0;0
FR;0;2021-03-31;263073;73982;4;0;84657;0;0;0;0;8873012;2927980;111;1;3150184;0;0;0;0
FR;0;2021-04-01;315563;92629;11;0;106197;0;0;0;0;9188575;3020609;122;1;3256381;0;0;0;0
FR;0;2021-04-02;281376;94697;7;0;106518;0;0;0;0;9469951;3115306;129;1;3362899;0;0;0;0
FR;0;2021-04-03;141091;62556;6;0;67812;0;0;0;0;9611042;3177862;135;1;3430711;0;0;0;0
FR;0;2021-04-04;46546;19011;2;0;21062;0;0;0;0;9657588;3196873;137;1;3451773;0;0;0;0
FR;0;2021-04-05;63363;10423;11;0;13080;0;0;0;0;9720951;3207296;148;1;3464853;0;0;0;0
FR;0;2021-04-06;217259;112945;17;0;121790;0;0;0;0;9938210;3320241;165;1;3586643;0;0;0;0
FR;0;2021-04-07;260311;115275;17;0;126613;0;0;0;0;10198521;3435516;182;1;3713256;0;0;0;0
FR;0;2021-04-08;337905;123104;15;0;138718;0;0;0;0;10536426;3558620;197;1;3851974;0;0;0;0
FR;0;2021-04-09;410218;116858;49;0;134254;0;0;0;0;10946644;3675478;246;1;3986228;0;0;0;0
FR;0;2021-04-10;212657;82851;15;0;91237;0;0;0;0;11159301;3758329;261;1;4077465;0;0;0;0
FR;0;2021-04-11;56158;34181;7;0;36706;0;0;0;0;11215459;3792510;268;1;4114171;0;0;0;0
FR;0;2021-04-12;237115;115802;46;0;125394;0;0;0;0;11452574;3908312;314;1;4239565;0;0;0;0
FR;0;2021-04-13;309536;144186;98;1;157131;0;0;0;0;11762110;4052498;412;2;4396696;0;0;0;0
FR;0;2021-04-14;294580;139767;215;0;153136;0;0;0;0;12056690;4192265;627;2;4549832;0;0;0;0
FR;0;2021-04-15;337176;150389;340;0;165911;0;0;0;0;12393866;4342654;967;2;4715743;0;0;0;0
FR;0;2021-04-16;339355;146996;354;0;161648;0;0;0;0;12733221;4489650;1321;2;4877391;0;0;0;0
FR;0;2021-04-17;188688;89980;109;0;97676;0;0;0;0;12921909;4579630;1430;2;4975067;0;0;0;0
FR;0;2021-04-18;51638;35454;48;0;37874;0;0;0;0;12973547;4615084;1478;2;5012941;0;0;0;0
FR;0;2021-04-19;205741;138273;456;0;147422;0;0;0;0;13179288;4753357;1934;2;5160363;0;0;0;0
FR;0;2021-04-20;254478;171908;569;0;183562;0;0;0;0;13433766;4925265;2503;2;5343925;0;0;0;0
FR;0;2021-04-21;253318;170093;836;0;182108;0;0;0;0;13687084;5095358;3339;2;5526033;0;0;0;0
FR;0;2021-04-22;287619;190303;819;0;204892;0;0;0;0;13974703;5285661;4158;2;5730925;0;0;0;0
FR;0;2021-04-23;297696;184604;747;0;203369;0;0;0;0;14272399;5470265;4905;2;5934294;0;0;0;0
FR;0;2021-04-24;190478;112016;252;0;122467;0;0;0;0;14462877;5582281;5157;2;6056761;0;0;0;0
FR;0;2021-04-25;69574;38849;51;0;42581;0;0;0;0;14532451;5621130;5208;2;6099342;0;0;0;0
FR;0;2021-04-26;220997;158535;563;0;171729;0;0;0;0;14753448;5779665;5771;2;6271071;0;0;0;0
FR;0;2021-04-27;284648;187997;941;0;211309;0;0;0;0;15038096;5967662;6712;2;6482380;0;0;0;0
FR;0;2021-04-28;299564;184606;1426;1;209681;1;0;0;0;15337660;6152268;8138;3;6692061;1;0;0;0
FR;0;2021-04-29;357199;198129;1281;0;233213;0;0;0;0;15694859;6350397;9419;3;6925274;1;0;0;0
FR;0;2021-04-30;372254;186022;1123;1;225362;0;0;0;0;16067113;6536419;10542;4;7150636;1;0;0;0
FR;0;2021-05-01;167676;52520;179;0;63766;0;0;0;0;16234789;6588939;10721;4;7214402;1;0;0;0
FR;0;2021-05-02;91766;37856;83;0;43583;0;0;0;0;16326555;6626795;10804;4;7257985;1;0;0;0
FR;0;2021-05-03;288964;165442;843;0;185962;0;0;0;0;16615519;6792237;11647;4;7443947;1;0;0;0
FR;0;2021-05-04;315741;225496;1235;0;251670;0;0;0;0;16931260;7017733;12882;4;7695617;1;0;0;0
FR;0;2021-05-05;327276;226467;1316;0;251534;0;0;0;0;17258536;7244200;14198;4;7947151;1;0;0;0
FR;0;2021-05-06;379587;241042;1634;0;275293;0;0;0;0;17638123;7485242;15832;4;8222444;1;0;0;0
FR;0;2021-05-07;372814;258763;1224;0;299818;0;0;0;0;18010937;7744005;17056;4;8522262;1;0;0;0
FR;0;2021-05-08;222182;71190;300;0;86402;0;0;0;0;18233119;7815195;17356;4;8608664;1;0;0;0
FR;0;2021-05-09;129725;44673;243;0;53308;0;0;0;0;18362844;7859868;17599;4;8661972;1;0;0;0
FR;0;2021-05-10;313422;229655;1238;0;255433;0;0;0;0;18676266;8089523;18837;4;8917405;1;0;0;0
FR;0;2021-05-11;403965;258340;1566;0;296763;0;0;0;0;19080231;8347863;20403;4;9214168;1;0;0;0
FR;0;2021-05-12;434184;233789;1544;0;270073;0;0;0;0;19514415;8581652;21947;4;9484241;1;0;0;0
FR;0;2021-05-13;338632;56477;432;0;77971;0;0;0;0;19853047;8638129;22379;4;9562212;1;0;0;0
FR;0;2021-05-14;454179;167485;1127;0;203088;0;0;0;0;20307226;8805614;23506;4;9765300;1;0;0;0
FR;0;2021-05-15;375005;94363;444;0;120760;0;0;0;0;20682231;8899977;23950;4;9886060;1;0;0;0
FR;0;2021-05-16;202770;20696;168;0;34096;0;0;0;0;20885001;8920673;24118;4;9920156;1;0;0;0
FR;0;2021-05-17;376148;148856;1555;0;178649;0;0;0;0;21261149;9069529;25673;4;10098805;1;0;0;0
FR;0;2021-05-18;460198;154041;1991;0;193192;0;0;0;0;21721347;9223570;27664;4;10291997;1;0;0;0
FR;0;2021-05-19;467452;142659;2465;0;179927;0;0;0;0;22188799;9366229;30129;4;10471924;1;0;0;0
FR;0;2021-05-20;507580;160285;2340;0;204264;0;0;0;0;22696379;9526514;32469;4;10676188;1;0;0;0
FR;0;2021-05-21;489719;175185;1996;0;221737;0;0;0;0;23186098;9701699;34465;4;10897925;1;0;0;0
FR;0;2021-05-22;347222;80202;670;0;108628;0;0;0;0;23533320;9781901;35135;4;11006553;1;0;0;0
FR;0;2021-05-23;161712;14222;246;0;26693;0;0;0;0;23695032;9796123;35381;4;11033246;1;0;0;0
FR;0;2021-05-24;263212;33101;604;0;52939;0;0;0;0;23958244;9829224;35985;4;11086185;1;0;0;0
FR;0;2021-05-25;400304;190436;2357;1;226996;0;0;0;0;24358548;10019660;38342;5;11313181;1;0;0;0
FR;0;2021-05-26;413488;191016;2227;0;229076;0;0;0;0;24772036;10210676;40569;5;11542257;1;0;0;0
FR;0;2021-05-27;449854;219926;2163;0;267073;0;0;0;0;25221890;10430602;42732;5;11809330;1;0;0;0
FR;0;2021-05-28;429586;261064;1894;0;319166;0;0;0;0;25651476;10691666;44626;5;12128496;1;0;0;0
FR;0;2021-05-29;299002;150435;586;0;183290;0;0;0;0;25950478;10842101;45212;5;12311786;1;0;0;0
FR;0;2021-05-30;107153;32518;164;0;42105;0;0;0;0;26057631;10874619;45376;5;12353891;1;0;0;0
FR;0;2021-05-31;358073;203458;1473;1;241746;1;0;0;0;26415704;11078077;46849;6;12595637;2;0;0;0
FR;0;2021-06-01;431112;251231;1969;1;302876;1;0;0;0;26846816;11329308;48818;7;12898513;3;0;0;0
FR;0;2021-06-02;420149;232562;1985;0;279948;0;0;0;0;27266965;11561870;50803;7;13178461;3;0;0;0
FR;0;2021-06-03;465670;257737;1826;0;312511;0;0;0;0;27732635;11819607;52629;7;13490972;3;0;0;0
FR;0;2021-06-04;456285;305789;1735;1;363194;1;0;0;0;28188920;12125396;54364;8;13854166;4;0;0;0
FR;0;2021-06-05;304826;189521;653;0;222733;0;0;0;0;28493746;12314917;55017;8;14076899;4;0;0;0
FR;0;2021-06-06;133332;49040;226;0;61182;0;0;0;0;28627078;12363957;55243;8;14138081;4;0;0;0
FR;0;2021-06-07;340011;261510;1529;0;298605;0;0;0;0;28967089;12625467;56772;8;14436686;4;0;0;0
FR;0;2021-06-08;393929;291367;1806;0;338240;0;0;0;0;29361018;12916834;58578;8;14774926;4;0;0;0
FR;0;2021-06-09;384916;273860;1733;0;318275;0;0;0;0;29745934;13190694;60311;8;15093201;4;0;0;0
FR;0;2021-06-10;404225;286556;1727;1;335999;0;0;0;0;30150159;13477250;62038;9;15429200;4;0;0;0
FR;0;2021-06-11;386697;356534;1467;1;406970;0;0;0;0;30536856;13833784;63505;10;15836170;4;0;0;0
FR;0;2021-06-12;283289;210991;497;0;243138;0;0;0;0;30820145;14044775;64002;10;16079308;4;0;0;0
FR;0;2021-06-13;104899;73846;204;0;84837;0;0;0;0;30925044;14118621;64206;10;16164145;4;0;0;0
FR;0;2021-06-14;240865;354128;1429;1;383311;0;0;0;0;31165909;14472749;65635;11;16547456;4;0;0;0
FR;0;2021-06-15;308206;384408;1574;1;423179;0;0;0;0;31474115;14857157;67209;12;16970635;4;0;0;0
FR;0;2021-06-16;314007;357535;1418;1;395298;0;0;0;0;31788122;15214692;68627;13;17365933;4;0;0;0
FR;0;2021-06-17;317720;373063;1432;1;414253;0;0;0;0;32105842;15587755;70059;14;17780186;4;0;0;0
FR;0;2021-06-18;321780;442611;1341;1;486004;0;0;0;0;32427622;16030366;71400;15;18266190;4;0;0;0
FR;0;2021-06-19;224356;273999;449;0;301185;0;0;0;0;32651978;16304365;71849;15;18567375;4;0;0;0
FR;0;2021-06-20;74454;102299;130;0;111493;0;0;0;0;32726432;16406664;71979;15;18678868;4;0;0;0
FR;0;2021-06-21;195805;401719;1038;1;427680;1;0;0;0;32922237;16808383;73017;16;19106548;5;0;0;0
FR;0;2021-06-22;223228;467680;1266;10;500337;1;0;0;0;33145465;17276063;74283;26;19606885;6;0;0;0
FR;0;2021-06-23;234065;440020;1197;1;474131;1;0;0;0;33379530;17716083;75480;27;20081016;7;0;0;0
FR;0;2021-06-24;241891;409656;1359;0;447154;0;0;0;0;33621421;18125739;76839;27;20528170;7;0;0;0
FR;0;2021-06-25;227663;522972;1403;0;561971;0;0;0;0;33849084;18648711;78242;27;21090141;7;0;0;0
FR;0;2021-06-26;153282;371022;587;1;395822;0;0;0;0;34002366;19019733;78829;28;21485963;7;0;0;0
FR;0;2021-06-27;55917;155963;169;1;164876;0;0;0;0;34058283;19175696;78998;29;21650839;7;0;0;0
FR;0;2021-06-28;154802;452529;1176;0;478126;0;0;0;0;34213085;19628225;80174;29;22128965;7;0;0;0
FR;0;2021-06-29;182731;507700;2123;0;539086;0;0;0;0;34395816;20135925;82297;29;22668051;7;0;0;0
FR;0;2021-06-30;204035;485147;2015;21;519428;2;0;0;0;34599851;20621072;84312;50;23187479;9;0;0;0
FR;0;2021-07-01;231438;458425;2226;5;498389;0;0;0;0;34831289;21079497;86538;55;23685868;9;0;0;0
FR;0;2021-07-02;228702;519991;2120;5;562315;2;0;0;0;35059991;21599488;88658;60;24248183;11;0;0;0
FR;0;2021-07-03;142054;368758;908;3;395256;1;0;0;0;35202045;21968246;89566;63;24643439;12;0;0;0
FR;0;2021-07-04;56760;141012;265;0;150709;0;0;0;0;35258805;22109258;89831;63;24794148;12;0;0;0
FR;0;2021-07-05;168534;418672;1668;8;448623;0;0;0;0;35427339;22527930;91499;71;25242771;12;0;0;0
FR;0;2021-07-06;196795;474505;1830;45;511109;8;0;0;0;35624134;23002435;93329;116;25753880;20;0;0;0
FR;0;2021-07-07;213232;438961;1881;25;477430;2;0;0;0;35837366;23441396;95210;141;26231310;22;0;0;0
FR;0;2021-07-08;231663;424108;2089;20;468058;2;0;0;0;36069029;23865504;97299;161;26699368;24;0;0;0
FR;0;2021-07-09;228635;511060;2185;4;557375;2;0;0;0;36297664;24376564;99484;165;27256743;26;0;0;0
FR;0;2021-07-10;148629;339914;986;1;368862;1;0;0;0;36446293;24716478;100470;166;27625605;27;0;0;0
FR;0;2021-07-11;60210;110050;283;0;120970;0;0;0;0;36506503;24826528;100753;166;27746575;27;0;0;0
FR;0;2021-07-12;169435;477752;1765;4;512511;0;0;0;0;36675938;25304280;102518;170;28259086;27;0;0;0
FR;0;2021-07-13;287291;526669;2050;8;585718;1;0;0;0;36963229;25830949;104568;178;28844804;28;0;0;0
FR;0;2021-07-14;181119;157367;435;0;186687;0;0;0;0;37144348;25988316;105003;178;29031491;28;0;0;0
FR;0;2021-07-15;347118;501636;2100;1;571628;0;0;0;0;37491466;26489952;107103;179;29603119;28;0;0;0
FR;0;2021-07-16;380121;495055;2023;3;574262;1;0;0;0;37871587;26985007;109126;182;30177381;29;0;0;0
FR;0;2021-07-17;259745;319625;877;1;368593;0;0;0;0;38131332;27304632;110003;183;30545974;29;0;0;0
FR;0;2021-07-18;109737;114571;310;0;133018;0;0;0;0;38241069;27419203;110313;183;30678992;29;0;0;0
FR;0;2021-07-19;285515;423957;1631;3;478996;0;0;0;0;38526584;27843160;111944;186;31157988;29;0;0;0
FR;0;2021-07-20;376933;451279;1724;0;523632;0;0;0;0;38903517;28294439;113668;186;31681620;29;0;0;0
FR;0;2021-07-21;395830;406938;1549;4;481967;1;0;0;0;39299347;28701377;115217;190;32163587;30;0;0;0
FR;0;2021-07-22;441074;387343;1715;4;471859;2;0;0;0;39740421;29088720;116932;194;32635446;32;0;0;0
FR;0;2021-07-23;440341;422074;1883;4;510067;1;0;0;0;40180762;29510794;118815;198;33145513;33;0;0;0
FR;0;2021-07-24;285261;269307;804;1;322008;0;0;0;0;40466023;29780101;119619;199;33467521;33;0;0;0
FR;0;2021-07-25;121123;79923;234;0;100285;0;0;0;0;40587146;29860024;119853;199;33567806;33;0;0;0
FR;0;2021-07-26;347438;322197;1614;3;384771;1;0;0;0;40934584;30182221;121467;202;33952577;34;0;0;0
FR;0;2021-07-27;464097;319321;1698;4;400487;1;0;0;0;41398681;30501542;123165;206;34353064;35;0;0;0
FR;0;2021-07-28;459459;289359;1637;4;366992;1;0;0;0;41858140;30790901;124802;210;34720056;36;0;0;0
FR;0;2021-07-29;489850;276139;1797;2;357051;0;0;0;0;42347990;31067040;126599;212;35077107;36;0;0;0
FR;0;2021-07-30;461847;302397;1941;5;380917;1;0;0;0;42809837;31369437;128540;217;35458024;37;0;0;0
FR;0;2021-07-31;285414;185013;916;1;231525;0;0;0;0;43095251;31554450;129456;218;35689549;37;0;0;0
FR;0;2021-08-01;112037;49919;256;0;65700;0;0;0;0;43207288;31604369;129712;218;35755249;37;0;0;0
FR;0;2021-08-02;341659;234041;1602;2;284766;0;0;0;0;43548947;31838410;131314;220;36040015;37;0;0;0
FR;0;2021-08-03;398633;244478;1728;2;304580;1;0;0;0;43947580;32082888;133042;222;36344595;38;0;0;0
FR;0;2021-08-04;384876;209538;1593;6;265687;3;0;0;0;44332456;32292426;134635;228;36610282;41;0;0;0
FR;0;2021-08-05;366188;228352;1711;0;281747;0;0;0;0;44698644;32520778;136346;228;36892029;41;0;0;0
FR;0;2021-08-06;359746;271232;1835;4;326651;0;0;0;0;45058390;32792010;138181;232;37218680;41;0;0;0
FR;0;2021-08-07;213140;178322;756;5;210070;1;0;0;0;45271530;32970332;138937;237;37428750;42;0;0;0
FR;0;2021-08-08;74202;63183;276;0;73616;0;0;0;0;45345732;33033515;139213;237;37502366;42;0;0;0
FR;0;2021-08-09;258769;258618;1548;4;297558;2;0;0;0;45604501;33292133;140761;241;37799924;44;0;0;0
FR;0;2021-08-10;306888;277085;1663;2;323503;0;0;0;0;45911389;33569218;142424;243;38123427;44;0;0;0
FR;0;2021-08-11;279758;259582;1441;5;301674;0;0;0;0;46191147;33828800;143865;248;38425101;44;0;0;0
FR;0;2021-08-12;271558;278054;1668;3;320352;0;0;0;0;46462705;34106854;145533;251;38745453;44;0;0;0
FR;0;2021-08-13;252166;278083;1594;3;316947;2;0;0;0;46714871;34384937;147127;254;39062400;46;0;0;0
FR;0;2021-08-14;145356;197083;740;0;219025;0;0;0;0;46860227;34582020;147867;254;39281425;46;0;0;0
FR;0;2021-08-15;39396;50096;218;1;55681;0;0;0;0;46899623;34632116;148085;255;39337106;46;0;0;0
FR;0;2021-08-16;186196;317513;1542;0;345463;0;0;0;0;47085819;34949629;149627;255;39682569;46;0;0;0
FR;0;2021-08-17;215704;335829;1638;7;368890;0;0;0;0;47301523;35285458;151265;262;40051459;46;0;0;0
FR;0;2021-08-18;199066;324375;1599;7;354564;4;0;0;0;47500589;35609833;152864;269;40406023;50;0;0;0
FR;0;2021-08-19;192044;325411;1642;1;356000;0;0;0;0;47692633;35935244;154506;270;40762023;50;0;0;0
FR;0;2021-08-20;186484;366191;1820;3;396654;2;0;0;0;47879117;36301435;156326;273;41158677;52;0;0;0
FR;0;2021-08-21;104806;238126;709;0;254569;0;0;0;0;47983923;36539561;157035;273;41413246;52;0;0;0
FR;0;2021-08-22;31946;87212;256;1;92166;1;0;0;0;48015869;36626773;157291;274;41505412;53;0;0;0
FR;0;2021-08-23;140992;356998;1561;3;379617;0;0;0;0;48156861;36983771;158852;277;41885029;53;0;0;0
FR;0;2021-08-24;162512;376613;1850;5;402892;0;0;0;0;48319373;37360384;160702;282;42287921;53;0;0;0
FR;0;2021-08-25;151159;350734;2036;8;375460;2;0;0;0;48470532;37711118;162738;290;42663381;55;0;0;0
FR;0;2021-08-26;142886;342742;2561;10;367584;0;0;0;0;48613418;38053860;165299;300;43030965;55;0;0;0
FR;0;2021-08-27;148457;388250;2791;11;414949;1;0;0;0;48761875;38442110;168090;311;43445914;56;0;0;0
FR;0;2021-08-28;90677;249627;1407;0;264974;0;0;0;0;48852552;38691737;169497;311;43710888;56;0;0;0
FR;0;2021-08-29;27323;83342;518;1;88263;0;0;0;0;48879875;38775079;170015;312;43799151;56;0;0;0
FR;0;2021-08-30;117428;324590;4714;6;342401;5859;0;0;0;48997303;39099669;174729;318;44141552;5915;0;0;0
FR;0;2021-08-31;128825;334459;10189;19;353948;11777;2;0;0;49126128;39434128;184918;337;44495500;17692;2;0;0
FR;0;2021-09-01;136161;285671;22436;8;302435;24413;1;0;0;49262289;39719799;207354;345;44797935;42105;3;0;0
FR;0;2021-09-02;114659;247197;26522;20;262115;29002;0;0;0;49376948;39966996;233876;365;45060050;71107;3;0;0
FR;0;2021-09-03;118323;292657;29967;24;309329;33079;1;0;0;49495271;40259653;263843;389;45369379;104186;4;0;0
FR;0;2021-09-04;89891;217787;12587;12;230505;14148;7;0;0;49585162;40477440;276430;401;45599884;118334;11;0;0
FR;0;2021-09-05;21362;44802;4397;2;48288;4718;0;0;0;49606524;40522242;280827;403;45648172;123052;11;0;0
FR;0;2021-09-06;75698;180522;31956;16;190716;34302;2;0;0;49682222;40702764;312783;419;45838888;157354;13;0;0
FR;0;2021-09-07;80313;181182;33248;43;191081;36302;2;0;0;49762535;40883946;346031;462;46029969;193656;15;0;0
FR;0;2021-09-08;91005;206081;29667;28;216588;32568;4;0;0;49853540;41090027;375698;490;46246557;226224;19;0;0
FR;0;2021-09-09;76958;165301;33081;27;174119;36695;5;0;0;49930498;41255328;408779;517;46420676;262919;24;0;0
FR;0;2021-09-10;96042;203804;35743;28;214922;40774;7;0;0;50026540;41459132;444522;545;46635598;303693;31;0;0
FR;0;2021-09-11;67167;169317;12140;19;178190;14397;0;0;0;50093707;41628449;456662;564;46813788;318090;31;0;0
FR;0;2021-09-12;12827;32095;2782;1;34145;3187;2;0;0;50106534;41660544;459444;565;46847933;321277;33;0;0
FR;0;2021-09-13;64576;126187;41246;35;134227;44251;17;0;0;50171110;41786731;500690;600;46982160;365528;50;0;0
FR;0;2021-09-14;73497;129009;56383;80;135781;62420;42;0;0;50244607;41915740;557073;680;47117941;427948;92;0;0
FR;0;2021-09-15;76652;167749;55669;58;174708;54844;77;0;0;50321259;42083489;612742;738;47292649;482792;169;0;0
FR;0;2021-09-16;63888;114497;60100;82;117887;60164;68;0;0;50385147;42197986;672842;820;47410536;542956;237;0;0
FR;0;2021-09-17;75089;156845;53857;71;159737;57341;68;0;0;50460236;42354831;726699;891;47570273;600297;305;0;0
FR;0;2021-09-18;48241;139626;15602;25;144312;17319;20;0;0;50508477;42494457;742301;916;47714585;617616;325;0;0
FR;0;2021-09-19;7908;23657;2440;1;24886;2618;1;0;0;50516385;42518114;744741;917;47739471;620234;326;0;0
FR;0;2021-09-20;44577;93748;50088;72;96242;50345;36;0;0;50560962;42611862;794829;989;47835713;670579;362;0;0
FR;0;2021-09-21;45910;98383;62769;77;98393;63506;80;0;0;50606872;42710245;857598;1066;47934106;734085;442;0;0
FR;0;2021-09-22;48698;142399;55379;82;144847;55473;47;0;0;50655570;42852644;912977;1148;48078953;789558;489;0;0
FR;0;2021-09-23;43291;92070;62404;95;91277;63588;89;0;0;50698861;42944714;975381;1243;48170230;853146;578;0;0
FR;0;2021-09-24;52316;133298;54563;107;132406;59220;78;0;0;50751177;43078012;1029944;1350;48302636;912366;656;0;0
FR;0;2021-09-25;35221;115657;16276;36;118648;18313;22;0;0;50786398;43193669;1046220;1386;48421284;930679;678;0;0
FR;0;2021-09-26;5556;17803;2273;5;18688;2331;5;0;0;50791954;43211472;1048493;1391;48439972;933010;683;0;0
FR;0;2021-09-27;33982;76912;47204;97;78802;48186;83;0;1;50825936;43288384;1095697;1488;48518774;981196;766;0;1
FR;0;2021-09-28;36522;75247;54976;90;74337;56587;48;0;0;50862458;43363631;1150673;1578;48593111;1037783;814;0;1
FR;0;2021-09-29;44423;100705;53370;112;102865;54904;44;0;0;50906881;43464336;1204043;1690;48695976;1092687;858;0;1
FR;0;2021-09-30;36345;72975;57044;96;71480;59606;58;0;0;50943226;43537311;1261087;1786;48767456;1152293;916;0;1
FR;0;2021-10-01;61716;102866;57830;108;101437;64000;25;0;0;51004942;43640177;1318917;1894;48868893;1216293;941;0;1
FR;0;2021-10-02;39470;78445;20964;39;81730;23384;12;0;0;51044412;43718622;1339881;1933;48950623;1239677;953;0;1
FR;0;2021-10-03;5289;10494;2535;4;11260;2543;4;0;0;51049701;43729116;1342416;1937;48961883;1242220;957;0;1
FR;0;2021-10-04;35199;58498;52634;84;59505;54854;37;0;0;51084900;43787614;1395050;2021;49021388;1297074;994;0;1
FR;0;2021-10-05;33928;64359;61028;135;62100;65109;50;0;0;51118828;43851973;1456078;2156;49083488;1362183;1044;0;1
FR;0;2021-10-06;42725;79284;65760;112;80168;68375;29;0;0;51161553;43931257;1521838;2268;49163656;1430558;1073;0;1
FR;0;2021-10-07;30572;62272;65444;89;59500;68886;39;0;0;51192125;43993529;1587282;2357;49223156;1499444;1112;0;1
FR;0;2021-10-08;49483;91938;77769;111;89887;84806;39;0;0;51241608;44085467;1665051;2468;49313043;1584250;1151;0;1
FR;0;2021-10-09;33677;60939;31548;35;64141;33925;17;0;0;51275285;44146406;1696599;2503;49377184;1618175;1168;0;1
FR;0;2021-10-10;4720;7429;3198;9;7945;3477;2;0;0;51280005;44153835;1699797;2512;49385129;1621652;1170;0;1
FR;0;2021-10-11;30732;49895;61047;105;50613;64109;51;0;0;51310737;44203730;1760844;2617;49435742;1685761;1221;0;1
FR;0;2021-10-12;31643;54487;70631;141;51338;76029;28;0;0;51342380;44258217;1831475;2758;49487080;1761790;1249;0;1
FR;0;2021-10-13;40165;62831;74441;137;62801;79377;30;0;1;51382545;44321048;1905916;2895;49549881;1841167;1279;0;2
FR;0;2021-10-14;30360;52868;68775;116;49700;73857;35;0;0;51412905;44373916;1974691;3011;49599581;1915024;1314;0;2
FR;0;2021-10-15;44952;75238;93244;191;70338;103040;27;0;0;51457857;44449154;2067935;3202;49669919;2018064;1341;0;2
FR;0;2021-10-16;31332;44096;36699;44;46703;39661;16;0;0;51489189;44493250;2104634;3246;49716622;2057725;1357;0;2
FR;0;2021-10-17;3892;5226;3602;2;5673;3673;4;0;0;51493081;44498476;2108236;3248;49722295;2061398;1361;0;2
FR;0;2021-10-18;29208;42352;67515;134;42574;71372;28;0;0;51522289;44540828;2175751;3382;49764869;2132770;1389;0;2
FR;0;2021-10-19;27195;45547;76426;140;43216;81669;45;0;0;51549484;44586375;2252177;3522;49808085;2214439;1434;0;2
FR;0;2021-10-20;35342;52406;96955;181;51816;101572;45;0;0;51584826;44638781;2349132;3703;49859901;2316011;1479;0;2
FR;0;2021-10-21;26164;45161;83989;112;41960;89182;32;0;0;51610990;44683942;2433121;3815;49901861;2405193;1511;0;2
FR;0;2021-10-22;38450;62485;104923;200;59362;112642;61;0;0;51649440;44746427;2538044;4015;49961223;2517835;1572;0;2
FR;0;2021-10-23;27034;41206;45465;57;42437;48637;14;0;0;51676474;44787633;2583509;4072;50003660;2566472;1586;0;2
FR;0;2021-10-24;2946;4764;3685;6;5014;3923;1;0;0;51679420;44792397;2587194;4078;50008674;2570395;1587;0;2
FR;0;2021-10-25;26102;36229;82345;144;35506;86675;39;0;0;51705522;44828626;2669539;4222;50044180;2657070;1626;0;2
FR;0;2021-10-26;23767;34994;87279;166;32170;92403;36;0;0;51729289;44863620;2756818;4388;50076350;2749473;1662;0;2
FR;0;2021-10-27;30113;46316;109028;257;44055;114750;50;0;0;51759402;44909936;2865846;4645;50120405;2864223;1712;0;2
FR;0;2021-10-28;23608;34926;88740;153;31205;94529;38;0;0;51783010;44944862;2954586;4798;50151610;2958752;1750;0;2
FR;0;2021-10-29;31581;51457;117343;206;46506;125427;56;0;0;51814591;44996319;3071929;5004;50198116;3084179;1806;0;2
FR;0;2021-10-30;20575;33231;50360;76;32925;53422;20;0;0;51835166;45029550;3122289;5080;50231041;3137601;1826;0;2
FR;0;2021-10-31;2517;3735;3594;3;3846;3881;3;0;0;51837683;45033285;3125883;5083;50234887;3141482;1829;0;2
FR;0;2021-11-01;8530;4868;3222;3;5020;3585;10;0;0;51846213;45038153;3129105;5086;50239907;3145067;1839;0;2
FR;0;2021-11-02;26375;40107;93606;156;36253;99659;44;0;1;51872588;45078260;3222711;5242;50276160;3244726;1883;0;3
FR;0;2021-11-03;30128;47914;118920;222;43582;125887;65;0;0;51902716;45126174;3341631;5464;50319742;3370613;1948;0;3
FR;0;2021-11-04;23820;37477;107596;217;31583;114483;46;0;0;51926536;45163651;3449227;5681;50351325;3485096;1994;0;3
FR;0;2021-11-05;32408;52937;141669;236;44658;151452;53;0;0;51958944;45216588;3590896;5917;50395983;3636548;2047;0;3
FR;0;2021-11-06;21551;34554;64899;123;32394;68336;27;0;0;51980495;45251142;3655795;6040;50428377;3704884;2074;0;3
FR;0;2021-11-07;2427;4169;5208;6;4011;5599;7;0;0;51982922;45255311;3661003;6046;50432388;3710483;2081;0;3
FR;0;2021-11-08;20627;37739;127227;227;30953;134350;51;0;0;52003549;45293050;3788230;6273;50463341;3844833;2132;0;3
FR;0;2021-11-09;22442;44645;161735;339;32866;172335;68;0;0;52025991;45337695;3949965;6612;50496207;4017168;2200;0;3
FR;0;2021-11-10;31615;54899;187059;447;44048;198876;94;0;0;52057606;45392594;4137024;7059;50540255;4216044;2294;0;3
FR;0;2021-11-11;4748;6751;12993;28;5907;13981;17;0;0;52062354;45399345;4150017;7087;50546162;4230025;2311;0;3
FR;0;2021-11-12;29098;55059;183838;252;41744;197483;90;0;0;52091452;45454404;4333855;7339;50587906;4427508;2401;0;3
FR;0;2021-11-13;20354;32607;80728;118;28236;86357;44;0;0;52111806;45487011;4414583;7457;50616142;4513865;2445;0;3
FR;0;2021-11-14;2365;3860;7183;6;3365;7848;9;0;0;52114171;45490871;4421766;7463;50619507;4521713;2454;0;3
FR;0;2021-11-15;20514;38554;160903;314;27791;171637;77;0;0;52134685;45529425;4582669;7777;50647298;4693350;2531;0;3
FR;0;2021-11-16;23666;43857;200477;394;27732;215169;119;0;1;52158351;45573282;4783146;8171;50675030;4908519;2650;0;4
FR;0;2021-11-17;30541;50245;199897;406;36456;212958;101;0;0;52188892;45623527;4983043;8577;50711486;5121477;2751;0;4
FR;0;2021-11-18;23454;45690;191740;468;29408;205717;96;0;0;52212346;45669217;5174783;9045;50740894;5327194;2847;0;4
FR;0;2021-11-19;33693;61285;243285;551;39932;262295;150;0;0;52246039;45730502;5418068;9596;50780826;5589489;2997;0;4
FR;0;2021-11-20;25420;36658;102185;207;29265;109752;47;0;0;52271459;45767160;5520253;9803;50810091;5699241;3044;0;4
FR;0;2021-11-21;2661;4444;9675;19;3443;10602;19;0;0;52274120;45771604;5529928;9822;50813534;5709843;3063;0;4
FR;0;2021-11-22;22820;33126;180433;472;18927;194918;89;0;0;52296940;45804730;5710361;10294;50832461;5904761;3152;0;4
FR;0;2021-11-23;25733;45463;229474;549;24125;247956;85;0;0;52322673;45850193;5939835;10843;50856586;6152717;3237;0;4
FR;0;2021-11-24;31820;53620;224892;716;34507;243342;81;0;0;52354493;45903813;6164727;11559;50891093;6396059;3318;0;4
FR;0;2021-11-25;25650;49144;256005;739;25072;277899;112;0;0;52380143;45952957;6420732;12298;50916165;6673958;3430;0;4
FR;0;2021-11-26;33256;74695;379552;867;37433;414775;172;0;0;52413399;46027652;6800284;13165;50953598;7088733;3602;0;4
FR;0;2021-11-27;23508;49573;214967;390;28481;236760;134;0;0;52436907;46077225;7015251;13555;50982079;7325493;3736;0;4
FR;0;2021-11-28;3525;10465;56783;66;4066;63337;42;0;0;52440432;46087690;7072034;13621;50986145;7388830;3778;0;4
FR;0;2021-11-29;19444;54076;341556;864;23109;371886;178;0;0;52459876;46141766;7413590;14485;51009254;7760716;3956;0;4
FR;0;2021-11-30;24788;71842;457473;988;26861;500907;286;0;0;52484664;46213608;7871063;15473;51036115;8261623;4242;0;4
FR;0;2021-12-01;27387;75502;469201;1162;31387;511429;304;0;0;52512051;46289110;8340264;16635;51067502;8773052;4546;0;4
FR;0;2021-12-02;22123;71548;527227;1281;21079;575022;308;0;0;52534174;46360658;8867491;17916;51088581;9348074;4854;0;4
FR;0;2021-12-03;25578;92836;596506;1421;34410;651282;341;0;0;52559752;46453494;9463997;19337;51122991;9999356;5195;0;4
FR;0;2021-12-04;18342;60354;336296;692;25712;369885;198;0;0;52578094;46513848;9800293;20029;51148703;10369241;5393;0;4
FR;0;2021-12-05;4157;16103;95816;157;4867;107050;92;0;0;52582251;46529951;9896109;20186;51153570;10476291;5485;0;4
FR;0;2021-12-06;28452;72731;493252;1175;25288;540073;384;0;0;52610703;46602682;10389361;21361;51178858;11016364;5869;0;4
FR;0;2021-12-07;23563;91219;645533;1774;28574;706512;415;0;0;52634266;46693901;11034894;23135;51207432;11722876;6284;0;4
FR;0;2021-12-08;25522;91954;591764;1875;34989;647657;440;0;0;52659788;46785855;11626658;25010;51242421;12370533;6724;0;4
FR;0;2021-12-09;24083;94105;663271;2180;29053;726721;461;0;0;52683871;46879960;12289929;27190;51271474;13097254;7185;0;4
FR;0;2021-12-10;28074;110911;736174;2075;38025;806340;468;0;1;52711945;46990871;13026103;29265;51309499;13903594;7653;0;5
FR;0;2021-12-11;20251;76081;435241;990;29980;480464;345;0;0;52732196;47066952;13461344;30255;51339479;14384058;7998;0;5
FR;0;2021-12-12;5678;23130;142349;262;6406;159227;108;0;0;52737874;47090082;13603693;30517;51345885;14543285;8106;0;5
FR;0;2021-12-13;21365;90781;587802;1699;29728;649422;396;0;0;52759239;47180863;14191495;32216;51375613;15192707;8502;0;5
FR;0;2021-12-14;27986;118277;765752;2656;35498;847708;698;0;1;52787225;47299140;14957247;34872;51411111;16040415;9200;0;6
FR;0;2021-12-15;28452;114206;694478;2266;39561;769256;502;0;1;52815677;47413346;15651725;37138;51450672;16809671;9702;0;7
FR;0;2021-12-16;28054;115662;764188;2558;35178;844602;516;0;0;52843731;47529008;16415913;39696;51485850;17654273;10218;0;7
FR;0;2021-12-17;31664;128336;807993;2713;43429;892153;610;0;0;52875395;47657344;17223906;42409;51529279;18546426;10828;0;7
FR;0;2021-12-18;24944;81532;470039;1179;30088;522261;353;0;0;52900339;47738876;17693945;43588;51559367;19068687;11181;0;7
FR;0;2021-12-19;8769;28559;169438;376;7862;191071;141;0;0;52909108;47767435;17863383;43964;51567229;19259758;11322;0;7
FR;0;2021-12-20;31777;97159;591597;1787;33934;658828;500;0;0;52940885;47864594;18454980;45751;51601163;19918586;11822;0;7
FR;0;2021-12-21;39476;111934;682519;2392;38835;759661;603;0;0;52980361;47976528;19137499;48143;51639998;20678247;12425;0;7
FR;0;2021-12-22;39561;99205;575870;2169;37165;642194;687;0;2;53019922;48075733;19713369;50312;51677163;21320441;13112;0;9
FR;0;2021-12-23;33784;79408;441075;1659;30176;494419;591;0;0;53053706;48155141;20154444;51971;51707339;21814860;13703;0;9
FR;0;2021-12-24;10698;26045;111047;398;11657;126673;236;0;1;53064404;48181186;20265491;52369;51718996;21941533;13939;0;10
FR;0;2021-12-25;776;3580;7598;25;2052;9025;72;0;0;53065180;48184766;20273089;52394;51721048;21950558;14011;0;10
FR;0;2021-12-26;4698;11892;52114;142;4741;60164;170;0;0;53069878;48196658;20325203;52536;51725789;22010722;14181;0;10
FR;0;2021-12-27;30510;83945;453614;1364;33073;509242;665;0;0;53100388;48280603;20778817;53900;51758862;22519964;14846;0;10
FR;0;2021-12-28;38371;98859;564211;1769;35149;632305;1559;0;2;53138759;48379462;21343028;55669;51794011;23152269;16405;0;12
FR;0;2021-12-29;39881;88216;501258;1687;33149;561035;1739;0;1;53178640;48467678;21844286;57356;51827160;23713304;18144;0;13
FR;0;2021-12-30;35924;75096;421064;1521;29546;471161;1881;0;0;53214564;48542774;22265350;58877;51856706;24184465;20025;0;13
FR;0;2021-12-31;12050;25084;116889;405;11284;131666;740;0;0;53226614;48567858;22382239;59282;51867990;24316131;20765;0;13
FR;0;2022-01-01;1581;3219;8531;37;1800;9950;102;0;0;53228195;48571077;22390770;59319;51869790;24326081;20867;0;13
FR;0;2022-01-02;6121;13012;58433;126;5109;66964;409;0;0;53234316;48584089;22449203;59445;51874899;24393045;21276;0;13
FR;0;2022-01-03;38495;90198;494882;1596;36919;551772;2645;0;1;53272811;48674287;22944085;61041;51911818;24944817;23921;0;14
FR;0;2022-01-04;42145;111070;641447;2308;40715;714468;3835;0;3;53314956;48785357;23585532;63349;51952533;25659285;27756;0;17
FR;0;2022-01-05;61205;103627;569250;1984;43830;634289;3427;0;2;53376161;48888984;24154782;65333;51996363;26293574;31183;0;19
FR;0;2022-01-06;44299;110340;639018;2699;40262;711526;4556;0;2;53420460;48999324;24793800;68032;52036625;27005100;35739;0;21
FR;0;2022-01-07;50836;123363;711041;2811;46899;790544;4996;0;2;53471296;49122687;25504841;70843;52083524;27795644;40735;0;23
FR;0;2022-01-08;45013;80284;423829;1213;35060;472899;2444;0;3;53516309;49202971;25928670;72056;52118584;28268543;43179;0;26
FR;0;2022-01-09;15615;26627;128573;300;11511;145657;829;0;0;53531924;49229598;26057243;72356;52130095;28414200;44008;0;26
FR;0;2022-01-10;35401;93298;469370;1815;43062;522754;3720;0;1;53567325;49322896;26526613;74171;52173157;28936954;47728;0;27
FR;0;2022-01-11;41937;100490;548297;2309;42450;608552;5218;0;2;53609262;49423386;27074910;76480;52215607;29545506;52946;0;29
FR;0;2022-01-12;60416;95742;452723;1969;49538;504385;4497;0;8;53669678;49519128;27527633;78449;52265145;30049891;57443;0;37
FR;0;2022-01-13;38267;92559;487379;2084;40598;541060;5467;0;8;53707945;49611687;28015012;80533;52305743;30590951;62910;0;45
FR;0;2022-01-14;42579;103350;568645;2286;43556;629029;6467;0;2;53750524;49715037;28583657;82819;52349299;31219980;69377;0;47
FR;0;2022-01-15;39427;65906;340154;984;31462;377572;3294;0;1;53789951;49780943;28923811;83803;52380761;31597552;72671;0;48
FR;0;2022-01-16;11414;19218;87439;216;9027;99409;763;0;0;53801365;49800161;29011250;84019;52389788;31696961;73434;0;48
FR;0;2022-01-17;24740;60039;320308;1384;28084;354161;3961;0;4;53826105;49860200;29331558;85403;52417872;32051122;77395;0;52
FR;0;2022-01-18;28326;68708;361123;1801;32034;397575;5772;0;1;53854431;49928908;29692681;87204;52449906;32448697;83167;0;53
FR;0;2022-01-19;43221;67062;281324;1451;40415;311086;4389;0;5;53897652;49995970;29974005;88655;52490321;32759783;87556;0;58
FR;0;2022-01-20;23669;59616;299048;1750;29568;328527;5635;0;4;53921321;50055586;30273053;90405;52519889;33088310;93191;0;62
FR;0;2022-01-21;28207;68809;366397;2086;33109;401208;6580;0;3;53949528;50124395;30639450;92491;52552998;33489518;99771;0;65
FR;0;2022-01-22;27630;47986;218798;839;27319;241778;2838;0;2;53977158;50172381;30858248;93330;52580317;33731296;102609;0;67
FR;0;2022-01-23;6738;12971;48684;173;7504;55163;591;0;1;53983896;50185352;30906932;93503;52587821;33786459;103200;0;68
FR;0;2022-01-24;16279;47469;217340;1148;25420;239351;4101;0;3;54000175;50232821;31124272;94651;52613241;34025810;107301;0;71
FR;0;2022-01-25;19030;54348;243082;1548;28817;267100;6068;0;5;54019205;50287169;31367354;96199;52642058;34292910;113369;0;76
FR;0;2022-01-26;28148;60549;209301;1298;41369;229520;4479;0;3;54047353;50347718;31576655;97497;52683427;34522430;117848;0;79
FR;0;2022-01-27;16335;46467;207661;1285;26151;226031;5690;0;4;54063688;50394185;31784316;98782;52709578;34748461;123538;0;83
FR;0;2022-01-28;21592;78679;290074;1573;44983;321351;7411;0;4;54085280;50472864;32074390;100355;52754561;35069812;130949;0;87
FR;0;2022-01-29;18420;52862;184136;689;32754;204578;3256;0;2;54103700;50525726;32258526;101044;52787315;35274390;134205;0;89
FR;0;2022-01-30;4477;14475;39147;124;9137;45060;638;0;1;54108177;50540201;32297673;101168;52796452;35319450;134843;0;90
FR;0;2022-01-31;11259;43940;148214;742;26149;164746;4232;0;5;54119436;50584141;32445887;101910;52822601;35484196;139075;0;95
FR;0;2022-02-01;13637;48317;174138;1144;27346;191353;7044;0;1;54133073;50632458;32620025;103054;52849947;35675549;146119;0;96
FR;0;2022-02-02;20645;66318;171549;1034;46166;190093;5973;0;10;54153718;50698776;32791574;104088;52896113;35865642;152092;0;106
FR;0;2022-02-03;11580;44795;157569;990;25341;173290;6939;0;6;54165298;50743571;32949143;105078;52921454;36038932;159031;0;112
FR;0;2022-02-04;14637;67050;239259;1266;36669;264096;9162;0;6;54179935;50810621;33188402;106344;52958123;36303028;168193;0;118
FR;0;2022-02-05;12900;51454;153560;523;31986;172308;3789;0;3;54192835;50862075;33341962;106867;52990109;36475336;171982;0;121
FR;0;2022-02-06;2725;12174;28895;101;7287;33833;661;0;0;54195560;50874249;33370857;106968;52997396;36509169;172643;0;121
FR;0;2022-02-07;9595;46654;156898;593;24530;176315;5294;0;6;54205155;50920903;33527755;107561;53021926;36685484;177937;0;127
FR;0;2022-02-08;9807;43096;166649;869;20960;184443;7054;0;6;54214962;50963999;33694404;108430;53042886;36869927;184991;0;133
FR;0;2022-02-09;14372;58254;172351;875;35350;193061;5787;0;9;54229334;51022253;33866755;109305;53078236;37062988;190778;0;142
FR;0;2022-02-10;8719;39209;150239;879;18685;166717;6501;0;2;54238053;51061462;34016994;110184;53096921;37229705;197279;0;144
FR;0;2022-02-11;10858;55684;218516;1101;25824;243110;8322;0;3;54248911;51117146;34235510;111285;53122745;37472815;205601;0;147
FR;0;2022-02-12;8406;40965;134736;465;22632;151765;3508;0;4;54257317;51158111;34370246;111750;53145377;37624580;209109;0;151
FR;0;2022-02-13;1936;8603;26565;86;4409;30927;544;0;3;54259253;51166714;34396811;111836;53149786;37655507;209653;0;154
FR;0;2022-02-14;6991;35254;148385;485;14666;166381;4787;0;5;54266244;51201968;34545196;112321;53164452;37821888;214440;0;159
FR;0;2022-02-15;7065;36228;146994;751;15994;162579;6850;0;3;54273309;51238196;34692190;113072;53180446;37984467;221290;0;162
FR;0;2022-02-16;9412;42986;132541;721;25974;146760;5726;0;6;54282721;51281182;34824731;113793;53206420;38131227;227016;0;168
FR;0;2022-02-17;5577;24339;87310;587;13143;94883;5407;0;5;54288298;51305521;34912041;114380;53219563;38226110;232423;0;173
FR;0;2022-02-18;6997;33581;119667;807;18752;129331;7416;0;2;54295295;51339102;35031708;115187;53238315;38355441;239839;0;175
FR;0;2022-02-19;5370;24558;70031;370;15909;77341;3019;0;2;54300665;51363660;35101739;115557;53254224;38432782;242858;0;177
FR;0;2022-02-20;1148;4657;12175;39;2914;13954;460;0;1;54301813;51368317;35113914;115596;53257138;38446736;243318;0;178
FR;0;2022-02-21;4099;17889;61958;351;10170;67185;4059;0;2;54305912;51386206;35175872;115947;53267308;38513921;247377;0;180
FR;0;2022-02-22;4462;18657;60838;577;11259;64479;5255;0;1;54310374;51404863;35236710;116524;53278567;38578400;252632;0;181
FR;0;2022-02-23;6591;27358;66506;592;19626;71903;4596;0;3;54316965;51432221;35303216;117116;53298193;38650303;257228;0;184
FR;0;2022-02-24;3850;15551;50430;519;9509;53255;4530;0;2;54320815;51447772;35353646;117635;53307702;38703558;261758;0;186
FR;0;2022-02-25;5284;24133;76363;803;15109;80096;7334;0;7;54326099;51471905;35430009;118438;53322811;38783654;269092;0;193
FR;0;2022-02-26;3991;17768;47420;359;12170;51487;3083;0;3;54330090;51489673;35477429;118797;53334981;38835141;272175;0;196
FR;0;2022-02-27;880;3009;8037;47;1978;8948;529;0;0;54330970;51492682;35485466;118844;53336959;38844089;272704;0;196
FR;0;2022-02-28;3123;12553;40492;359;7589;42925;3858;0;0;54334093;51505235;35525958;119203;53344548;38887014;276562;0;196
FR;0;2022-03-01;4004;12606;44201;437;7633;44871;5519;0;6;54338097;51517841;35570159;119640;53352181;38931885;282081;0;202
FR;0;2022-03-02;5331;17797;47146;446;12857;49078;4929;0;2;54343428;51535638;35617305;120086;53365038;38980963;287010;0;204
FR;0;2022-03-03;2826;9353;29898;370;6250;30021;4049;0;2;54346254;51544991;35647203;120456;53371288;39010984;291059;0;206
FR;0;2022-03-04;3224;12477;40323;667;8475;39474;6231;0;4;54349478;51557468;35687526;121123;53379763;39050458;297290;0;210
FR;0;2022-03-05;3073;9284;24958;314;7127;25122;3134;0;1;54352551;51566752;35712484;121437;53386890;39075580;300424;0;211
FR;0;2022-03-06;521;1400;3198;43;1023;3441;379;0;0;54353072;51568152;35715682;121480;53387913;39079021;300803;0;211
FR;0;2022-03-07;2379;5631;18433;315;3849;17703;3307;0;4;54355451;51573783;35734115;121795;53391762;39096724;304110;0;215
FR;0;2022-03-08;2148;6077;19447;363;4331;17919;4094;0;3;54357599;51579860;35753562;122158;53396093;39114643;308204;0;218
FR;0;2022-03-09;3582;10498;22190;407;8728;21285;4039;0;4;54361181;51590358;35775752;122565;53404821;39135928;312243;0;222
FR;0;2022-03-10;1828;5835;17005;344;4381;15831;3407;0;3;54363009;51596193;35792757;122909;53409202;39151759;315650;0;225
FR;0;2022-03-11;2419;7559;24503;545;5439;22271;5479;0;2;54365428;51603752;35817260;123454;53414641;39174030;321129;0;227
FR;0;2022-03-12;2696;6777;17167;309;5497;16521;3136;0;2;54368124;51610529;35834427;123763;53420138;39190551;324265;0;229
FR;0;2022-03-13;405;791;2324;149;599;2273;537;0;0;54368529;51611320;35836751;123912;53420737;39192824;324802;0;229
FR;0;2022-03-14;1554;4274;14987;4412;2809;13841;7295;0;8;54370083;51615594;35851738;128324;53423546;39206665;332097;0;237
FR;0;2022-03-15;1749;6295;16383;7556;4812;14612;11035;0;9;54371832;51621889;35868121;135880;53428358;39221277;343132;0;246
FR;0;2022-03-16;3035;7408;19427;13140;6210;18106;16296;0;8;54374867;51629297;35887548;149020;53434568;39239383;359428;0;254
FR;0;2022-03-17;1457;3985;13152;10846;2805;11991;13314;0;8;54376324;51633282;35900700;159866;53437373;39251374;372742;0;262
FR;0;2022-03-18;2269;5757;20013;18306;4098;18109;22038;0;15;54378593;51639039;35920713;178172;53441471;39269483;394780;0;277
FR;0;2022-03-19;2294;4803;13115;9406;4139;12418;11409;0;6;54380887;51643842;35933828;187578;53445610;39281901;406189;0;283
FR;0;2022-03-20;300;734;1919;1073;526;1930;1340;0;2;54381187;51644576;35935747;188651;53446136;39283831;407529;0;285
FR;0;2022-03-21;1392;3220;12731;14950;2155;11955;16910;0;11;54382579;51647796;35948478;203601;53448291;39295786;424439;0;296
FR;0;2022-03-22;1554;3738;13801;20552;2578;12556;22843;0;5;54384133;51651534;35962279;224153;53450869;39308342;447282;0;301
FR;0;2022-03-23;2686;6291;17729;23151;5223;17241;25267;0;40;54386819;51657825;35980008;247304;53456092;39325583;472549;0;341
FR;0;2022-03-24;1407;3159;11596;17617;2248;10682;19391;0;23;54388226;51660984;35991604;264921;53458340;39336265;491940;0;364
FR;0;2022-03-25;2084;5157;18573;27775;3686;16911;30809;0;31;54390310;51666141;36010177;292696;53462026;39353176;522749;0;395
FR;0;2022-03-26;2232;4414;12079;12678;3864;11519;14400;0;26;54392542;51670555;36022256;305374;53465890;39364695;537149;0;421
FR;0;2022-03-27;361;693;1909;1482;515;1943;1739;0;1;54392903;51671248;36024165;306856;53466405;39366638;538888;0;422
FR;0;2022-03-28;1464;3079;11128;17490;2116;10619;19067;0;16;54394367;51674327;36035293;324346;53468521;39377257;557955;0;438
FR;0;2022-03-29;1454;3275;12909;27584;2091;12052;29282;0;34;54395821;51677602;36048202;351930;53470612;39389309;587237;0;472
FR;0;2022-03-30;2853;5517;15685;27428;4699;15085;29334;0;21;54398674;51683119;36063887;379358;53475311;39404394;616571;0;493
FR;0;2022-03-31;1611;3567;12988;25022;2550;12328;26631;0;43;54400285;51686686;36076875;404380;53477861;39416722;643202;0;536
FR;0;2022-04-01;2680;4584;20077;30894;2968;18719;33487;0;61;54402965;51691270;36096952;435274;53480829;39435441;676689;0;597
FR;0;2022-04-02;1531;2644;9052;10133;2008;8722;11295;0;29;54404496;51693914;36106004;445407;53482837;39444163;687984;0;626
FR;0;2022-04-03;290;515;1562;1170;360;1579;1381;0;2;54404786;51694429;36107566;446577;53483197;39445742;689365;0;628
FR;0;2022-04-04;2876;2903;12374;19130;1919;11583;20601;0;35;54407662;51697332;36119940;465707;53485116;39457325;709966;0;663
FR;0;2022-04-05;2473;3158;14342;34142;2038;13194;35759;0;85;54410135;51700490;36134282;499849;53487154;39470519;745725;0;748
FR;0;2022-04-06;2549;3950;13539;26505;3014;12814;27974;0;72;54412684;51704440;36147821;526354;53490168;39483333;773699;0;820
FR;0;2022-04-07;1884;3135;13680;33782;1986;12890;35140;0;76;54414568;51707575;36161501;560136;53492154;39496223;808839;0;896
FR;0;2022-04-08;2220;4285;19222;43987;2620;17828;46355;0;89;54416788;51711860;36180723;604123;53494774;39514051;855194;0;985
FR;0;2022-04-09;1368;2679;9313;13566;1900;8866;14800;0;30;54418156;51714539;36190036;617689;53496674;39522917;869994;0;1015
FR;0;2022-04-10;294;752;1984;2017;549;2006;2279;0;7;54418450;51715291;36192020;619706;53497223;39524923;872273;0;1022
FR;0;2022-04-11;1330;2620;11872;23910;1636;11483;25180;0;74;54419780;51717911;36203892;643616;53498859;39536406;897453;0;1096
FR;0;2022-04-12;1716;3072;14017;40912;1955;13390;41801;0;127;54421496;51720983;36217909;684528;53500814;39549796;939254;0;1223
FR;0;2022-04-13;1973;3719;13409;33108;2716;13032;34076;0;96;54423469;51724702;36231318;717636;53503530;39562828;973330;0;1319
FR;0;2022-04-14;1498;2974;13215;36322;1902;13073;36991;0;106;54424967;51727676;36244533;753958;53505432;39575901;1010321;0;1425
FR;0;2022-04-15;1870;3781;15639;35568;2526;14917;37220;0;115;54426837;51731457;36260172;789526;53507958;39590818;1047541;0;1540
FR;0;2022-04-16;1043;1830;6400;8553;1260;6262;9435;0;40;54427880;51733287;36266572;798079;53509218;39597080;1056976;0;1580
FR;0;2022-04-17;194;337;993;1174;221;1036;1242;0;7;54428074;51733624;36267565;799253;53509439;39598116;1058218;0;1587
FR;0;2022-04-18;197;541;2768;1072;341;2786;1287;0;5;54428271;51734165;36270333;800325;53509780;39600902;1059505;0;1592
FR;0;2022-04-19;1544;3029;12916;29667;1875;12476;30714;0;78;54429815;51737194;36283249;829992;53511655;39613378;1090219;0;1670
FR;0;2022-04-20;1999;3490;13304;29064;2603;12991;30081;0;96;54431814;51740684;36296553;859056;53514258;39626369;1120300;0;1766
FR;0;2022-04-21;1513;2850;12548;35178;1821;12623;35769;0;117;54433327;51743534;36309101;894234;53516079;39638992;1156069;0;1883
FR;0;2022-04-22;1876;3616;16478;37610;2392;15837;39148;0;131;54435203;51747150;36325579;931844;53518471;39654829;1195217;0;2014
FR;0;2022-04-23;1148;2062;7388;10659;1471;7239;11444;0;38;54436351;51749212;36332967;942503;53519942;39662068;1206661;0;2052
FR;0;2022-04-24;250;462;1475;1589;321;1413;1845;0;7;54436601;51749674;36334442;944092;53520263;39663481;1208506;0;2059
FR;0;2022-04-25;1306;2531;10684;21056;1611;10491;22077;0;79;54437907;51752205;36345126;965148;53521874;39673972;1230583;0;2138
FR;0;2022-04-26;1623;3004;13667;38613;1963;13110;39410;0;181;54439530;51755209;36358793;1003761;53523837;39687082;1269993;0;2319
FR;0;2022-04-27;1964;3063;11538;31038;2276;11595;31457;0;130;54441494;51758272;36370331;1034799;53526113;39698677;1301450;0;2449
FR;0;2022-04-28;1570;2770;12527;36229;1852;12269;36545;0;139;54443064;51761042;36382858;1071028;53527965;39710946;1337995;0;2588
FR;0;2022-04-29;2008;4811;15554;37277;3618;14930;38746;0;164;54445072;51765853;36398412;1108305;53531583;39725876;1376741;0;2752
FR;0;2022-04-30;1216;2948;6927;9717;2444;6755;10608;0;44;54446288;51768801;36405339;1118022;53534027;39732631;1387349;0;2796
FR;0;2022-05-01;218;325;916;998;229;911;1139;0;6;54446506;51769126;36406255;1119020;53534256;39733542;1388488;0;2802
FR;0;2022-05-02;2154;2948;11152;18174;2045;10984;19019;0;69;54448660;51772074;36417407;1137194;53536301;39744526;1407507;0;2871
FR;0;2022-05-03;2011;3262;13722;34679;2127;13563;35600;0;163;54450671;51775336;36431129;1171873;53538428;39758089;1443107;0;3034
FR;0;2022-05-04;1913;3297;12184;25639;2297;12301;26190;0;110;54452584;51778633;36443313;1197512;53540725;39770390;1469297;0;3144
FR;0;2022-05-05;1770;3005;13067;33594;1982;12913;34262;0;180;54454354;51781638;36456380;1231106;53542707;39783303;1503559;0;3324
FR;0;2022-05-06;2214;3655;15349;36799;2314;14858;38262;0;182;54456568;51785293;36471729;1267905;53545021;39798161;1541821;0;3506
FR;0;2022-05-07;1208;1781;6464;9614;1255;6455;10339;0;48;54457776;51787074;36478193;1277519;53546276;39804616;1552160;0;3554
FR;0;2022-05-08;267;400;1173;1547;289;1234;1653;0;8;54458043;51787474;36479366;1279066;53546565;39805850;1553813;0;3562
FR;0;2022-05-09;1386;2300;9926;20259;1407;9796;21176;0;102;54459429;51789774;36489292;1299325;53547972;39815646;1574989;0;3664
FR;0;2022-05-10;1783;3410;13577;38998;2273;13133;40025;0;200;54461212;51793184;36502869;1338323;53550245;39828779;1615014;0;3864
FR;0;2022-05-11;1998;3013;10751;27929;2317;10696;28437;0;146;54463210;51796197;36513620;1366252;53552562;39839475;1643451;0;4010
FR;0;2022-05-12;1589;2722;11380;35734;1791;11050;36496;0;211;54464799;51798919;36525000;1401986;53554353;39850525;1679947;0;4221
FR;0;2022-05-13;1976;3221;13758;37973;2060;13346;39239;0;162;54466775;51802140;36538758;1439959;53556413;39863871;1719186;0;4383
FR;0;2022-05-14;1148;1638;5937;10776;1196;5800;11364;0;57;54467923;51803778;36544695;1450735;53557609;39869671;1730550;0;4440
FR;0;2022-05-15;283;475;1278;1438;299;1361;1591;0;6;54468206;51804253;36545973;1452173;53557908;39871032;1732141;0;4446
FR;0;2022-05-16;1195;2043;8691;21069;1245;8697;21597;0;128;54469401;51806296;36554664;1473242;53559153;39879729;1753738;0;4574
FR;0;2022-05-17;1588;2599;11823;37876;1664;11401;38716;0;180;54470989;51808895;36566487;1511118;53560817;39891130;1792454;0;4754
FR;0;2022-05-18;1815;2650;9689;27161;1953;9663;27778;0;109;54472804;51811545;36576176;1538279;53562770;39900793;1820232;0;4863
FR;0;2022-05-19;1447;2655;10576;35837;1629;10715;36027;0;162;54474251;51814200;36586752;1574116;53564399;39911508;1856259;0;5025
FR;0;2022-05-20;1873;3112;13421;39367;2071;12912;40385;0;168;54476124;51817312;36600173;1613483;53566470;39924420;1896644;0;5193
FR;0;2022-05-21;1158;1706;5662;9897;1300;5534;10533;0;45;54477282;51819018;36605835;1623380;53567770;39929954;1907177;0;5238
FR;0;2022-05-22;239;341;1028;1439;262;1016;1582;0;10;54477521;51819359;36606863;1624819;53568032;39930970;1908759;0;5248
FR;0;2022-05-23;1175;2120;8877;20346;1402;8826;21001;0;86;54478696;51821479;36615740;1645165;53569434;39939796;1929760;0;5334
FR;0;2022-05-24;1541;2758;11363;38877;1734;11234;39507;0;190;54480237;51824237;36627103;1684042;53571168;39951030;1969267;0;5524
FR;0;2022-05-25;1814;2833;9342;24845;2071;9480;25321;0;116;54482051;51827070;36636445;1708887;53573239;39960510;1994588;0;5640
FR;0;2022-05-26;213;424;1666;1201;288;1675;1345;0;26;54482264;51827494;36638111;1710088;53573527;39962185;1995933;0;5666
FR;0;2022-05-27;1386;2470;9263;21290;1666;9003;22324;0;94;54483650;51829964;36647374;1731378;53575193;39971188;2018257;0;5760
FR;0;2022-05-28;669;1266;3916;6792;846;3966;7202;0;38;54484319;51831230;36651290;1738170;53576039;39975154;2025459;0;5798
FR;0;2022-05-29;157;315;752;921;200;773;1033;0;4;54484476;51831545;36652042;1739091;53576239;39975927;2026492;0;5802
FR;0;2022-05-30;1025;1962;6993;19295;1244;7010;19807;0;91;54485501;51833507;36659035;1758386;53577483;39982937;2046299;0;5893
FR;0;2022-05-31;1489;2509;9821;35654;1640;9643;36286;0;171;54486990;51836016;36668856;1794040;53579123;39992580;2082585;0;6064
FR;0;2022-06-01;1737;3097;11022;24537;2244;10888;25490;0;121;54488727;51839113;36679878;1818577;53581367;40003468;2108075;0;6185
FR;0;2022-06-02;1476;2611;11305;35568;1712;10863;36512;0;174;54490203;51841724;36691183;1854145;53583079;40014331;2144587;0;6359
FR;0;2022-06-03;1727;3069;13398;38724;2038;12763;39994;0;176;54491930;51844793;36704581;1892869;53585117;40027094;2184581;0;6535
FR;0;2022-06-04;971;1516;5045;9112;1076;5116;9648;0;73;54492901;51846309;36709626;1901981;53586193;40032210;2194229;0;6608
FR;0;2022-06-05;178;335;875;1106;205;886;1228;0;4;54493079;51846644;36710501;1903087;53586398;40033096;2195457;0;6612
FR;0;2022-06-06;623;1212;2120;1328;1038;2134;1508;0;13;54493702;51847856;36712621;1904415;53587436;40035230;2196965;0;6625
FR;0;2022-06-07;1417;2707;9849;35583;1785;9428;36809;0;153;54495119;51850563;36722470;1939998;53589221;40044658;2233774;0;6778
FR;0;2022-06-08;1563;2693;9168;28751;1940;9011;29716;0;112;54496682;51853256;36731638;1968749;53591161;40053669;2263490;0;6890
FR;0;2022-06-09;1289;2438;10622;39494;1553;10266;40270;0;167;54497971;51855694;36742260;2008243;53592714;40063935;2303760;0;7057
FR;0;2022-06-10;1627;3114;13081;44819;2082;12640;46147;0;224;54499598;51858808;36755341;2053062;53594796;40076575;2349907;0;7281
FR;0;2022-06-11;960;1737;5436;11626;1123;5469;12211;0;55;54500558;51860545;36760777;2064688;53595919;40082044;2362118;0;7336
FR;0;2022-06-12;198;443;1075;1765;253;1138;1866;0;11;54500756;51860988;36761852;2066453;53596172;40083182;2363984;0;7347
FR;0;2022-06-13;1096;2062;7439;23182;1336;7268;24098;0;90;54501852;51863050;36769291;2089635;53597508;40090450;2388082;0;7437
FR;0;2022-06-14;1322;2538;10448;44943;1587;9804;46139;0;200;54503174;51865588;36779739;2134578;53599095;40100254;2434221;0;7637
FR;0;2022-06-15;1512;2453;9322;30890;1922;8953;31587;0;178;54504686;51868041;36789061;2165468;53601017;40109207;2465808;0;7815
FR;0;2022-06-16;1181;2035;9913;39926;1269;9324;40947;0;201;54505867;51870076;36798974;2205394;53602286;40118531;2506755;0;8016
FR;0;2022-06-17;1489;2848;12494;46687;1772;11896;47929;0;240;54507356;51872924;36811468;2252081;53604058;40130427;2554684;0;8256
FR;0;2022-06-18;855;1525;4566;11123;1035;4501;11717;0;67;54508211;51874449;36816034;2263204;53605093;40134928;2566401;0;8323
FR;0;2022-06-19;183;363;1058;1615;208;1130;1701;0;14;54508394;51874812;36817092;2264819;53605301;40136058;2568102;0;8337
FR;0;2022-06-20;1025;1918;8906;26077;1192;8567;27019;0;153;54509419;51876730;36825998;2290896;53606493;40144625;2595121;0;8490
FR;0;2022-06-21;1324;2400;10310;49892;1533;9338;51278;0;264;54510743;51879130;36836308;2340788;53608026;40153963;2646399;0;8754
FR;0;2022-06-22;1390;2508;8912;39057;1799;8419;40001;0;256;54512133;51881638;36845220;2379845;53609825;40162382;2686400;0;9010
FR;0;2022-06-23;1229;2363;10679;55100;1359;9884;56233;0;320;54513362;51884001;36855899;2434945;53611184;40172266;2742633;0;9330
FR;0;2022-06-24;1487;2991;13643;69180;1747;12304;70998;0;405;54514849;51886992;36869542;2504125;53612931;40184570;2813631;0;9735
FR;0;2022-06-25;937;1779;6234;19920;1110;5986;20774;0;177;54515786;51888771;36875776;2524045;53614041;40190556;2834405;0;9912
FR;0;2022-06-26;229;458;1952;3688;258;1817;3966;0;39;54516015;51889229;36877728;2527733;53614299;40192373;2838371;0;9951
FR;0;2022-06-27;1128;2019;10494;48485;1175;9636;49753;0;339;54517143;51891248;36888222;2576218;53615474;40202009;2888124;0;10290
FR;0;2022-06-28;1458;2811;14665;91380;1579;13085;93148;0;624;54518601;51894059;36902887;2667598;53617053;40215094;2981272;0;10914
FR;0;2022-06-29;1711;2826;12291;71888;1839;11239;73030;0;548;54520312;51896885;36915178;2739486;53618892;40226333;3054302;0;11462
FR;0;2022-06-30;1534;2718;14390;95163;1638;12470;97178;0;724;54521846;51899603;36929568;2834649;53620530;40238803;3151480;0;12186
FR;0;2022-07-01;2006;3797;21502;115921;2304;18856;118567;0;954;54523852;51903400;36951070;2950570;53622834;40257659;3270047;0;13140
FR;0;2022-07-02;1085;1856;8523;35748;1102;7700;36869;0;342;54524937;51905256;36959593;2986318;53623936;40265359;3306916;0;13482
FR;0;2022-07-03;292;539;2092;6455;317;1895;6804;0;79;54525229;51905795;36961685;2992773;53624253;40267254;3313720;0;13561
FR;0;2022-07-04;1705;3339;14707;79223;2199;12989;81293;0;639;54526934;51909134;36976392;3071996;53626452;40280243;3395013;0;14200
FR;0;2022-07-05;1720;3145;18831;133249;1775;16013;135540;0;1145;54528654;51912279;36995223;3205245;53628227;40296256;3530553;0;15345
FR;0;2022-07-06;1818;2772;15849;99575;1837;13637;101142;0;900;54530472;51915051;37011072;3304820;53630064;40309893;3631695;0;16245
FR;0;2022-07-07;1707;2866;17998;126036;1707;14776;128363;0;1179;54532179;51917917;37029070;3430856;53631771;40324669;3760058;0;17424
FR;0;2022-07-08;1889;3148;20747;137080;1847;16761;140074;0;1346;54534068;51921065;37049817;3567936;53633618;40341430;3900132;0;18770
FR;0;2022-07-09;866;1456;7742;37922;873;6686;38767;0;426;54534934;51922521;37057559;3605858;53634491;40348116;3938899;0;19196
FR;0;2022-07-10;265;583;2346;7004;336;2125;7395;0;94;54535199;51923104;37059905;3612862;53634827;40350241;3946294;0;19290
FR;0;2022-07-11;1432;2463;15016;88272;1385;12505;90464;0;801;54536631;51925567;37074921;3701134;53636212;40362746;4036758;0;20091
FR;0;2022-07-12;1798;3104;20531;143955;1701;16726;146658;0;1604;54538429;51928671;37095452;3845089;53637913;40379472;4183416;0;21695
FR;0;2022-07-13;1740;2743;15694;94537;1654;13273;96397;0;1080;54540169;51931414;37111146;3939626;53639567;40392745;4279813;0;22775
FR;0;2022-07-14;185;368;1952;5535;218;1831;5702;0;82;54540354;51931782;37113098;3945161;53639785;40394576;4285515;0;22857
FR;0;2022-07-15;1479;2558;15114;84454;1418;12597;86613;0;1035;54541833;51934340;37128212;4029615;53641203;40407173;4372128;0;23892
FR;0;2022-07-16;620;1181;5948;24976;686;5155;25667;0;327;54542453;51935521;37134160;4054591;53641889;40412328;4397795;0;24219
FR;0;2022-07-17;178;390;1737;4663;214;1568;4935;0;66;54542631;51935911;37135897;4059254;53642103;40413896;4402730;0;24285
FR;0;2022-07-18;1130;2246;11824;61798;1334;9973;63661;0;780;54543761;51938157;37147721;4121052;53643437;40423869;4466391;0;25065
FR;0;2022-07-19;1414;2349;15470;103698;1387;12292;105885;0;1459;54545175;51940506;37163191;4224750;53644824;40436161;4572276;0;26524
FR;0;2022-07-20;1418;2289;12958;77573;1458;10730;79163;0;1050;54546593;51942795;37176149;4302323;53646282;40446891;4651439;0;27574
FR;0;2022-07-21;1284;2167;13090;88237;1367;10494;89719;0;1316;54547877;51944962;37189239;4390560;53647649;40457385;4741158;0;28890
FR;0;2022-07-22;1401;2458;14815;89519;1444;11962;91394;0;1347;54549278;51947420;37204054;4480079;53649093;40469347;4832552;0;30237
FR;0;2022-07-23;672;1306;5530;22478;819;4853;23074;0;412;54549950;51948726;37209584;4502557;53649912;40474200;4855626;0;30649
FR;0;2022-07-24;184;352;1398;3904;200;1241;4130;0;72;54550134;51949078;37210982;4506461;53650112;40475441;4859756;0;30721
FR;0;2022-07-25;1058;1790;9488;48067;1142;7838;49507;0;737;54551192;51950868;37220470;4554528;53651254;40483279;4909263;0;31458
FR;0;2022-07-26;1293;2209;13303;85432;1315;10827;87128;0;1311;54552485;51953077;37233773;4639960;53652569;40494106;4996391;0;32769
FR;0;2022-07-27;1221;2003;10235;61314;1333;8530;62518;0;971;54553706;51955080;37244008;4701274;53653902;40502636;5058909;0;33740
FR;0;2022-07-28;1088;1861;10307;64392;1251;8214;65627;0;1046;54554794;51956941;37254315;4765666;53655153;40510850;5124536;0;34786
FR;0;2022-07-29;1281;2068;11003;65865;1376;8759;67294;0;1140;54556075;51959009;37265318;4831531;53656529;40519609;5191830;0;35926
FR;0;2022-07-30;499;856;3522;15282;592;2973;15664;0;303;54556574;51959865;37268840;4846813;53657121;40522582;5207494;0;36229
FR;0;2022-07-31;153;288;929;2439;184;788;2588;0;49;54556727;51960153;37269769;4849252;53657305;40523370;5210082;0;36278
FR;0;2022-08-01;846;1566;7592;30234;1160;6388;31307;0;549;54557573;51961719;37277361;4879486;53658465;40529758;5241389;0;36827
FR;0;2022-08-02;1021;1637;8575;56104;1142;6888;56792;0;1169;54558594;51963356;37285936;4935590;53659607;40536646;5298181;0;37996
FR;0;2022-08-03;837;1260;6422;38670;896;5144;39407;0;701;54559431;51964616;37292358;4974260;53660503;40541790;5337588;0;38697
FR;0;2022-08-04;732;1180;6566;43153;776;5297;43718;0;917;54560163;51965796;37298924;5017413;53661279;40547087;5381306;0;39614
FR;0;2022-08-05;853;1355;7093;44955;961;5673;45617;0;993;54561016;51967151;37306017;5062368;53662240;40552760;5426923;0;40607
FR;0;2022-08-06;338;555;2099;9366;396;1757;9566;0;228;54561354;51967706;37308116;5071734;53662636;40554517;5436489;0;40835
FR;0;2022-08-07;104;156;536;1621;113;453;1701;0;38;54561458;51967862;37308652;5073355;53662749;40554970;5438190;0;40873
FR;0;2022-08-08;563;1030;4019;22096;785;3280;22540;0;490;54562021;51968892;37312671;5095451;53663534;40558250;5460730;0;41363
FR;0;2022-08-09;687;1144;5969;39950;828;4800;40441;0;844;54562708;51970036;37318640;5135401;53664362;40563050;5501171;0;42207
FR;0;2022-08-10;638;1132;4653;28055;847;3793;28390;0;652;54563346;51971168;37323293;5163456;53665209;40566843;5529561;0;42859
FR;0;2022-08-11;613;1022;4482;29246;733;3702;29582;0;676;54563959;51972190;37327775;5192702;53665942;40570545;5559143;0;43535
FR;0;2022-08-12;714;1146;4741;28209;829;3913;28645;0;702;54564673;51973336;37332516;5220911;53666771;40574458;5587788;0;44237
FR;0;2022-08-13;215;413;1294;5256;311;1118;5415;0;121;54564888;51973749;37333810;5226167;53667082;40575576;5593203;0;44358
FR;0;2022-08-14;71;121;288;923;104;246;995;0;25;54564959;51973870;37334098;5227090;53667186;40575822;5594198;0;44383
FR;0;2022-08-15;83;185;606;564;151;554;618;0;19;54565042;51974055;37334704;5227654;53667337;40576376;5594816;0;44402
FR;0;2022-08-16;617;1059;3956;22174;820;3351;22366;0;615;54565659;51975114;37338660;5249828;53668157;40579727;5617182;0;45017
FR;0;2022-08-17;633;1014;3887;22895;791;3292;23139;0;620;54566292;51976128;37342547;5272723;53668948;40583019;5640321;0;45637
FR;0;2022-08-18;615;980;4108;26291;780;3249;26521;0;673;54566907;51977108;37346655;5299014;53669728;40586268;5666842;0;46310
FR;0;2022-08-19;601;1154;4490;27243;861;3692;27548;0;766;54567508;51978262;37351145;5326257;53670589;40589960;5694390;0;47076
FR;0;2022-08-20;291;494;1355;5569;391;1170;5728;0;146;54567799;51978756;37352500;5331826;53670980;40591130;5700118;0;47222
FR;0;2022-08-21;95;133;301;1008;94;263;1043;0;27;54567894;51978889;37352801;5332834;53671074;40591393;5701161;0;47249
FR;0;2022-08-22;548;988;3272;15347;766;2795;15677;0;425;54568442;51979877;37356073;5348181;53671840;40594188;5716838;0;47674
FR;0;2022-08-23;711;1172;4297;28989;846;3610;29075;0;870;54569153;51981049;37360370;5377170;53672686;40597798;5745913;0;48544
FR;0;2022-08-24;657;930;3494;19530;774;2856;19720;0;608;54569810;51981979;37363864;5396700;53673460;40600654;5765633;0;49152
FR;0;2022-08-25;623;1011;3937;23402;720;3285;23666;0;673;54570433;51982990;37367801;5420102;53674180;40603939;5789299;0;49825
FR;0;2022-08-26;850;1256;4473;25882;950;3664;26256;0;777;54571283;51984246;37372274;5445984;53675130;40607603;5815555;0;50602
FR;0;2022-08-27;294;498;1377;5462;359;1243;5526;0;194;54571577;51984744;37373651;5451446;53675489;40608846;5821081;0;50796
FR;0;2022-08-28;123;160;303;919;114;288;964;0;38;54571700;51984904;37373954;5452365;53675603;40609134;5822045;0;50834
FR;0;2022-08-29;619;965;3072;14655;764;2609;14961;0;433;54572319;51985869;37377026;5467020;53676367;40611743;5837006;0;51267
FR;0;2022-08-30;848;1207;4792;28542;884;3909;28872;0;823;54573167;51987076;37381818;5495562;53677251;40615652;5865878;0;52090
FR;0;2022-08-31;688;948;3201;17636;733;2712;17900;0;508;54573855;51988024;37385019;5513198;53677984;40618364;5883778;0;52598
FR;0;2022-09-01;729;982;4472;22476;693;3818;22751;0;622;54574584;51989006;37389491;5535674;53678677;40622182;5906529;0;53220
FR;0;2022-09-02;869;1137;5037;28608;821;4247;28901;0;914;54575453;51990143;37394528;5564282;53679498;40626429;5935430;0;54134
FR;0;2022-09-03;416;562;1917;6084;417;1663;6321;0;181;54575869;51990705;37396445;5570366;53679915;40628092;5941751;0;54315
FR;0;2022-09-04;132;150;351;873;86;347;942;0;24;54576001;51990855;37396796;5571239;53680001;40628439;5942693;0;54339
FR;0;2022-09-05;621;713;3150;16054;532;2630;16367;0;523;54576622;51991568;37399946;5587293;53680533;40631069;5959060;0;54862
FR;0;2022-09-06;795;1013;4732;31842;644;3863;32073;0;1040;54577417;51992581;37404678;5619135;53681177;40634932;5991133;0;55902
FR;0;2022-09-07;643;765;2995;16820;545;2475;16969;0;572;54578060;51993346;37407673;5635955;53681722;40637407;6008102;0;56474
FR;0;2022-09-08;616;850;3805;24845;581;3138;24934;0;818;54578676;51994196;37411478;5660800;53682303;40640545;6033036;0;57292
FR;0;2022-09-09;836;1011;4439;27644;652;3677;27822;0;948;54579512;51995207;37415917;5688444;53682955;40644222;6060858;0;58240
FR;0;2022-09-10;385;536;1732;5708;362;1532;5912;0;208;54579897;51995743;37417649;5694152;53683317;40645754;6066770;0;58448
FR;0;2022-09-11;123;131;322;656;93;306;714;0;17;54580020;51995874;37417971;5694808;53683410;40646060;6067484;0;58465
FR;0;2022-09-12;486;626;2682;13290;446;2287;13583;0;478;54580506;51996500;37420653;5708098;53683856;40648347;6081067;0;58943
FR;0;2022-09-13;612;836;3995;26504;522;3484;26385;0;875;54581118;51997336;37424648;5734602;53684378;40651831;6107452;0;59818
FR;0;2022-09-14;652;769;2954;16180;561;2469;16413;0;573;54581770;51998105;37427602;5750782;53684939;40654300;6123865;0;60391
FR;0;2022-09-15;554;779;3464;23578;530;2954;23646;0;726;54582324;51998884;37431066;5774360;53685469;40657254;6147511;0;61117
FR;0;2022-09-16;785;1031;4137;25898;713;3477;26121;0;932;54583109;51999915;37435203;5800258;53686182;40660731;6173632;0;62049
FR;0;2022-09-17;386;493;1449;6144;370;1279;6236;0;242;54583495;52000408;37436652;5806402;53686552;40662010;6179868;0;62291
FR;0;2022-09-18;115;141;323;961;120;291;1016;0;36;54583610;52000549;37436975;5807363;53686672;40662301;6180884;0;62327
FR;0;2022-09-19;446;639;2252;13201;438;1927;13383;0;436;54584056;52001188;37439227;5820564;53687110;40664228;6194267;0;62763
FR;0;2022-09-20;634;866;3779;26459;618;3149;26511;0;892;54584690;52002054;37443006;5847023;53687728;40667377;6220778;0;63655
FR;0;2022-09-21;575;764;2736;16257;568;2351;16249;0;586;54585265;52002818;37445742;5863280;53688296;40669728;6237027;0;64241
FR;0;2022-09-22;582;829;3417;23574;552;2789;23800;0;772;54585847;52003647;37449159;5886854;53688848;40672517;6260827;0;65013
FR;0;2022-09-23;831;1040;4491;28701;759;3759;28877;0;1017;54586678;52004687;37453650;5915555;53689607;40676276;6289704;0;66030
FR;0;2022-09-24;423;609;1639;6894;468;1415;7076;0;306;54587101;52005296;37455289;5922449;53690075;40677691;6296780;0;66336
FR;0;2022-09-25;98;189;335;1100;143;306;1142;0;37;54587199;52005485;37455624;5923549;53690218;40677997;6297922;0;66373
FR;0;2022-09-26;437;700;2287;13526;470;2016;13631;0;435;54587636;52006185;37457911;5937075;53690688;40680013;6311553;0;66808
FR;0;2022-09-27;610;841;3626;25940;612;2909;26095;0;959;54588246;52007026;37461537;5963015;53691300;40682922;6337648;0;67767
FR;0;2022-09-28;626;817;2550;15389;624;2296;15504;0;622;54588872;52007843;37464087;5978404;53691924;40685218;6353152;0;68389
FR;0;2022-09-29;564;761;3114;21031;537;2629;21058;43;810;54589436;52008604;37467201;5999435;53692461;40687847;6374210;43;69199
FR;0;2022-09-30;771;1093;3950;25551;804;3297;25816;713;1050;54590207;52009697;37471151;6024986;53693265;40691144;6400026;756;70249
FR;0;2022-10-01;420;612;2003;5969;459;1733;6208;396;318;54590627;52010309;37473154;6030955;53693724;40692877;6406234;1152;70567
FR;0;2022-10-02;58;133;218;638;95;214;664;66;42;54590685;52010442;37473372;6031593;53693819;40693091;6406898;1218;70609
FR;0;2022-10-03;467;729;2438;12020;562;2146;12214;2073;744;54591152;52011171;37475810;6043613;53694381;40695237;6419112;3291;71353
FR;0;2022-10-04;614;787;3386;23506;531;2776;23684;4702;1582;54591766;52011958;37479196;6067119;53694912;40698013;6442796;7993;72935
FR;0;2022-10-05;544;803;2432;14591;579;2147;14737;3655;1209;54592310;52012761;37481628;6081710;53695491;40700160;6457533;11648;74144
FR;0;2022-10-06;535;704;3083;21681;506;2514;21893;6665;1907;54592845;52013465;37484711;6103391;53695997;40702674;6479426;18313;76051
FR;0;2022-10-07;722;973;4125;30295;704;3471;30384;16870;3203;54593567;52014438;37488836;6133686;53696701;40706145;6509810;35183;79254
FR;0;2022-10-08;345;512;1648;8429;371;1408;8597;6696;1169;54593912;52014950;37490484;6142115;53697072;40707553;6518407;41879;80423
FR;0;2022-10-09;108;137;336;1587;111;311;1650;1510;295;54594020;52015087;37490820;6143702;53697183;40707864;6520057;43389;80718
FR;0;2022-10-10;475;701;2915;20492;516;2499;20820;19515;3270;54594495;52015788;37493735;6164194;53697699;40710363;6540877;62904;83988
FR;0;2022-10-11;571;785;4261;40309;528;3561;40652;40147;6378;54595066;52016573;37497996;6204503;53698227;40713924;6581529;103051;90366
FR;0;2022-10-12;565;793;3247;26708;580;2752;27035;27295;4689;54595631;52017366;37501243;6231211;53698807;40716676;6608564;130346;95055
FR;0;2022-10-13;610;751;4003;38424;542;3122;38886;40591;6603;54596241;52018117;37505246;6269635;53699349;40719798;6647450;170937;101658
FR;0;2022-10-14;752;1049;4863;47645;757;3946;48122;51110;7857;54596993;52019166;37510109;6317280;53700106;40723744;6695572;222047;109515
FR;0;2022-10-15;354;494;1855;11845;333;1614;11962;13089;2275;54597347;52019660;37511964;6329125;53700439;40725358;6707534;235136;111790
FR;0;2022-10-16;92;125;371;1960;76;355;2005;2344;479;54597439;52019785;37512335;6331085;53700515;40725713;6709539;237480;112269
FR;0;2022-10-17;435;689;3031;26426;476;2470;26798;30747;5408;54597874;52020474;37515366;6357511;53700991;40728183;6736337;268227;117677
FR;0;2022-10-18;599;723;4698;46066;520;3755;46598;55415;11688;54598473;52021197;37520064;6403577;53701511;40731938;6782935;323642;129365
FR;0;2022-10-19;547;772;3629;34360;576;3066;34691;42413;9205;54599020;52021969;37523693;6437937;53702087;40735004;6817626;366055;138570
FR;0;2022-10-20;599;758;4826;49415;543;3709;50069;60446;12901;54599619;52022727;37528519;6487352;53702630;40738713;6867695;426501;151471
FR;0;2022-10-21;683;971;5695;56972;688;4501;57656;70885;14283;54600302;52023698;37534214;6544324;53703318;40743214;6925351;497386;165754
FR;0;2022-10-22;331;398;1654;12934;317;1320;13094;15934;3384;54600633;52024096;37535868;6557258;53703635;40744534;6938445;513320;169138
FR;0;2022-10-23;93;104;349;2062;99;265;2164;2756;631;54600726;52024200;37536217;6559320;53703734;40744799;6940609;516076;169769
FR;0;2022-10-24;548;592;3132;27113;418;2678;27539;35433;7772;54601274;52024792;37539349;6586433;53704152;40747477;6968148;551509;177541
FR;0;2022-10-25;584;715;4863;49045;523;3794;49717;65129;15403;54601858;52025507;37544212;6635478;53704675;40751271;7017865;616638;192944
FR;0;2022-10-26;528;634;3446;32496;470;2880;32829;43784;10914;54602386;52026141;37547658;6667974;53705145;40754151;7050694;660422;203858
FR;0;2022-10-27;586;682;4070;40722;482;3336;41194;54330;13068;54602972;52026823;37551728;6708696;53705627;40757487;7091888;714752;216926
FR;0;2022-10-28;696;845;4601;44130;614;3494;44958;58163;13123;54603668;52027668;37556329;6752826;53706241;40760981;7136846;772915;230049
FR;0;2022-10-29;255;354;1325;9487;250;1079;9621;12514;3010;54603923;52028022;37557654;6762313;53706491;40762060;7146467;785429;233059
FR;0;2022-10-30;86;111;285;1584;87;248;1632;2131;540;54604009;52028133;37557939;6763897;53706578;40762308;7148099;787560;233599
FR;0;2022-10-31;380;476;2068;16039;344;1620;16403;22125;5451;54604389;52028609;37560007;6779936;53706922;40763928;7164502;809685;239050
FR;0;2022-11-01;71;157;913;1112;119;943;1156;1660;481;54604460;52028766;37560920;6781048;53707041;40764871;7165658;811345;239531
FR;0;2022-11-02;500;651;3019;25358;480;2561;25834;36569;10109;54604960;52029417;37563939;6806406;53707521;40767432;7191492;847914;249640
FR;0;2022-11-03;636;682;4090;39957;517;3101;40682;56842;15292;54605596;52030099;37568029;6846363;53708038;40770533;7232174;904756;264932
FR;0;2022-11-04;653;816;4417;43630;561;3511;44244;60470;15221;54606249;52030915;37572446;6889993;53708599;40774044;7276418;965226;280153
FR;0;2022-11-05;250;353;1447;9699;277;1163;9908;13443;3289;54606499;52031268;37573893;6899692;53708876;40775207;7286326;978669;283442
FR;0;2022-11-06;89;112;262;1597;95;246;1626;2329;650;54606588;52031380;37574155;6901289;53708971;40775453;7287952;980998;284092
FR;0;2022-11-07;461;514;2714;26612;428;2193;27246;38874;10922;54607049;52031894;37576869;6927901;53709399;40777646;7315198;1019872;295014
FR;0;2022-11-08;591;772;4964;51859;558;3808;52837;74031;19966;54607640;52032666;37581833;6979760;53709957;40781454;7368035;1093903;314980
FR;0;2022-11-09;503;643;3352;31573;463;2680;32342;46288;13186;54608143;52033309;37585185;7011333;53710420;40784134;7400377;1140191;328166
FR;0;2022-11-10;610;847;4547;43566;597;3603;44461;62624;17229;54608753;52034156;37589732;7054899;53711017;40787737;7444838;1202815;345395
FR;0;2022-11-11;74;105;363;1658;71;308;1720;2784;1002;54608827;52034261;37590095;7056557;53711088;40788045;7446558;1205599;346397
FR;0;2022-11-12;199;311;1192;7098;220;973;7334;10285;2765;54609026;52034572;37591287;7063655;53711308;40789018;7453892;1215884;349162
FR;0;2022-11-13;63;82;245;1206;58;209;1260;1972;625;54609089;52034654;37591532;7064861;53711366;40789227;7455152;1217856;349787
FR;0;2022-11-14;427;510;2557;23909;357;2038;24533;36049;10837;54609516;52035164;37594089;7088770;53711723;40791265;7479685;1253905;360624
FR;0;2022-11-15;582;697;4294;44936;522;3334;45881;66707;19548;54610098;52035861;37598383;7133706;53712245;40794599;7525566;1320612;380172
FR;0;2022-11-16;538;611;3048;28482;481;2551;29012;43062;13252;54610636;52036472;37601431;7162188;53712726;40797150;7554578;1363674;393424
FR;0;2022-11-17;549;649;3791;39133;495;2952;39738;58170;17350;54611185;52037121;37605222;7201321;53713221;40800102;7594316;1421844;410774
FR;0;2022-11-18;615;758;4584;45049;572;3436;45953;65517;18261;54611800;52037879;37609806;7246370;53713793;40803538;7640269;1487361;429035
FR;0;2022-11-19;268;325;1494;9775;255;1083;9971;14255;3971;54612068;52038204;37611300;7256145;53714048;40804621;7650240;1501616;433006
FR;0;2022-11-20;63;87;300;1696;69;256;1770;2702;847;54612131;52038291;37611600;7257841;53714117;40804877;7652010;1504318;433853
FR;0;2022-11-21;430;503;2404;21346;341;1933;21906;32907;10248;54612561;52038794;37614004;7279187;53714458;40806810;7673916;1537225;444101
FR;0;2022-11-22;532;579;4000;39717;404;3142;40289;59525;18120;54613093;52039373;37618004;7318904;53714862;40809952;7714205;1596750;462221
FR;0;2022-11-23;465;533;2739;25961;375;2308;26451;40255;12817;54613558;52039906;37620743;7344865;53715237;40812260;7740656;1637005;475038
FR;0;2022-11-24;502;584;3747;37018;410;2934;37733;56493;17705;54614060;52040490;37624490;7381883;53715647;40815194;7778389;1693498;492743
FR;0;2022-11-25;562;698;4170;40070;550;3129;40909;59402;17338;54614622;52041188;37628660;7421953;53716197;40818323;7819298;1752900;510081
FR;0;2022-11-26;294;332;1332;9341;253;1059;9480;13962;3961;54614916;52041520;37629992;7431294;53716450;40819382;7828778;1766862;514042
FR;0;2022-11-27;69;75;263;1656;55;224;1683;2549;805;54614985;52041595;37630255;7432950;53716505;40819606;7830461;1769411;514847
FR;0;2022-11-28;402;460;2621;24659;342;1961;25391;38195;12091;54615387;52042055;37632876;7457609;53716847;40821567;7855852;1807606;526938
FR;0;2022-11-29;492;598;4351;46291;369;3257;46990;70711;22181;54615879;52042653;37637227;7503900;53717216;40824824;7902842;1878317;549119
FR;0;2022-11-30;500;673;3698;36795;476;2866;37578;56098;17163;54616379;52043326;37640925;7540695;53717692;40827690;7940420;1934415;566282
FR;0;2022-12-01;491;636;5208;51584;419;3787;52398;79110;24979;54616870;52043962;37646133;7592279;53718111;40831477;7992818;2013525;591261
FR;0;2022-12-02;620;728;6105;61357;509;4320;62583;92132;27343;54617490;52044690;37652238;7653636;53718620;40835797;8055401;2105657;618604
FR;0;2022-12-03;298;334;2243;17988;215;1582;18426;26640;7584;54617788;52045024;37654481;7671624;53718835;40837379;8073827;2132297;626188
FR;0;2022-12-04;92;122;522;4287;90;432;4338;6415;1846;54617880;52045146;37655003;7675911;53718925;40837811;8078165;2138712;628034
FR;0;2022-12-05;436;545;4248;44567;386;2857;45533;68747;21760;54618316;52045691;37659251;7720478;53719311;40840668;8123698;2207459;649794
FR;0;2022-12-06;604;717;6813;78034;451;4624;79542;121203;39326;54618920;52046408;37666064;7798512;53719762;40845292;8203240;2328662;689120
FR;0;2022-12-07;532;603;5319;57978;444;3556;59137;90154;29397;54619452;52047011;37671383;7856490;53720206;40848848;8262377;2418816;718517
FR;0;2022-12-08;597;694;6912;79314;437;4529;81005;123528;40605;54620049;52047705;37678295;7935804;53720643;40853377;8343382;2542344;759122
FR;0;2022-12-09;764;827;8579;95432;542;5636;97308;146781;46537;54620813;52048532;37686874;8031236;53721185;40859013;8440690;2689125;805659
FR;0;2022-12-10;394;421;3634;33854;266;2296;34743;50402;14653;54621207;52048953;37690508;8065090;53721451;40861309;8475433;2739527;820312
FR;0;2022-12-11;129;137;985;8335;98;676;8543;12214;3268;54621336;52049090;37691493;8073425;53721549;40861985;8483976;2751741;823580
FR;0;2022-12-12;500;560;6313;67243;353;4065;68842;105845;34656;54621836;52049650;37697806;8140668;53721902;40866050;8552818;2857586;858236
FR;0;2022-12-13;684;761;8956;103251;471;5565;105804;164194;54764;54622520;52050411;37706762;8243919;53722373;40871615;8658622;3021780;913000
FR;0;2022-12-14;569;679;6745;73022;443;4454;74656;116205;38409;54623089;52051090;37713507;8316941;53722816;40876069;8733278;3137985;951409
FR;0;2022-12-15;637;800;8623;95369;492;5461;97638;152221;51300;54623726;52051890;37722130;8412310;53723308;40881530;8830916;3290206;1002709
FR;0;2022-12-16;797;936;9425;104296;608;6121;106503;165611;54958;54624523;52052826;37731555;8516606;53723916;40887651;8937419;3455817;1057667
FR;0;2022-12-17;337;410;3359;31644;272;2154;32434;48182;14337;54624860;52053236;37734914;8548250;53724188;40889805;8969853;3503999;1072004
FR;0;2022-12-18;93;119;778;6271;70;530;6424;9554;2731;54624953;52053355;37735692;8554521;53724258;40890335;8976277;3513553;1074735
FR;0;2022-12-19;573;595;5658;55975;406;3597;57593;89797;29864;54625526;52053950;37741350;8610496;53724664;40893932;9033870;3603350;1104599
FR;0;2022-12-20;722;742;7732;79368;480;5032;81490;129920;44648;54626248;52054692;37749082;8689864;53725144;40898964;9115360;3733270;1149247
FR;0;2022-12-21;563;602;5191;50500;407;3463;51812;83171;28841;54626811;52055294;37754273;8740364;53725551;40902427;9167172;3816441;1178088
FR;0;2022-12-22;615;628;4781;45712;427;3302;46924;75829;26422;54627426;52055922;37759054;8786076;53725978;40905729;9214096;3892270;1204510
FR;0;2022-12-23;448;518;3085;25928;357;2248;26592;42882;14658;54627874;52056440;37762139;8812004;53726335;40907977;9240688;3935152;1219168
FR;0;2022-12-24;100;95;431;2665;69;320;2789;4223;1210;54627974;52056535;37762570;8814669;53726404;40908297;9243477;3939375;1220378
FR;0;2022-12-25;31;32;114;545;25;89;565;891;267;54628005;52056567;37762684;8815214;53726429;40908386;9244042;3940266;1220645
FR;0;2022-12-26;351;351;2283;16747;255;1616;17396;27328;8690;54628356;52056918;37764967;8831961;53726684;40910002;9261438;3967594;1229335
FR;0;2022-12-27;509;622;3962;33472;409;2713;34605;56252;19555;54628865;52057540;37768929;8865433;53727093;40912715;9296043;4023846;1248890
FR;0;2022-12-28;455;477;3067;25467;317;2152;26080;42438;14595;54629320;52058017;37771996;8890900;53727410;40914867;9322123;4066284;1263485
FR;0;2022-12-29;412;511;3315;26320;324;2287;27296;44463;15342;54629732;52058528;37775311;8917220;53727734;40917154;9349419;4110747;1278827
FR;0;2022-12-30;432;474;2572;19334;331;1795;19988;32153;10801;54630164;52059002;37777883;8936554;53728065;40918949;9369407;4142900;1289628
FR;0;2022-12-31;128;151;487;3139;113;395;3283;4872;1306;54630292;52059153;37778370;8939693;53728178;40919344;9372690;4147772;1290934
FR;0;2023-01-01;20;37;113;681;19;90;705;993;236;54630312;52059190;37778483;8940374;53728197;40919434;9373395;4148765;1291170
FR;0;2023-01-02;325;448;2323;18732;291;1648;19179;32507;11894;54630637;52059638;37780806;8959106;53728488;40921082;9392574;4181272;1303064
FR;0;2023-01-03;603;623;4346;43429;399;2987;44358;81251;34088;54631240;52060261;37785152;9002535;53728887;40924069;9436932;4262523;1337152
FR;0;2023-01-04;482;516;3476;29994;333;2408;30757;57558;24716;54631722;52060777;37788628;9032529;53729220;40926477;9467689;4320081;1361868
