fra;vaccin;jour;n_dose1;n_dose2;n_dose3;n_dose4;n_rappel;n_cum_dose1;n_cum_dose2;n_cum_dose3;n_cum_dose4;n_cum_rappel
FR;1;2020-12-27;599;0;0;0;0;599;0;0;0;0
FR;1;2020-12-28;656;0;0;0;0;1255;0;0;0;0
FR;1;2020-12-29;369;0;0;0;0;1624;0;0;0;0
FR;1;2020-12-30;434;0;0;0;0;2058;0;0;0;0
FR;1;2020-12-31;389;0;0;0;0;2447;0;0;0;0
FR;1;2021-01-01;1133;1;0;0;0;3580;1;0;0;0
FR;1;2021-01-02;355;3;0;0;0;3935;4;0;0;0
FR;1;2021-01-03;398;0;0;0;0;4333;4;0;0;0
FR;1;2021-01-04;2079;1;0;0;0;6412;5;0;0;0
FR;1;2021-01-05;7413;2;0;0;0;13825;7;0;0;0
FR;1;2021-01-06;12388;9;0;0;0;26213;16;0;0;0
FR;1;2021-01-07;29441;8;0;0;0;55654;24;0;0;0
FR;1;2021-01-08;37114;6;0;0;0;92768;30;0;0;0
FR;1;2021-01-09;11207;3;0;0;0;103975;33;0;0;0
FR;1;2021-01-10;5994;2;0;0;0;109969;35;0;0;0
FR;1;2021-01-11;39917;14;0;0;0;149886;49;0;0;0
FR;1;2021-01-12;62119;12;0;0;0;212005;61;0;0;0
FR;1;2021-01-13;65088;25;0;0;0;277093;86;0;0;0
FR;1;2021-01-14;81428;54;0;0;0;358521;140;0;0;0
FR;1;2021-01-15;68585;21;0;0;0;427106;161;0;0;0
FR;1;2021-01-16;19893;73;0;0;0;446999;234;0;0;0
FR;1;2021-01-17;10896;44;0;0;0;457895;278;0;0;0
FR;1;2021-01-18;82774;164;0;0;0;540669;442;0;0;0
FR;1;2021-01-19;125891;160;0;0;0;666560;602;0;0;0
FR;1;2021-01-20;132378;164;0;0;0;798938;766;0;0;0
FR;1;2021-01-21;153028;150;0;0;0;951966;916;0;0;0
FR;1;2021-01-22;115918;192;0;0;0;1067884;1108;0;0;0
FR;1;2021-01-23;36596;60;0;0;0;1104480;1168;0;0;0
FR;1;2021-01-24;9578;67;0;0;0;1114058;1235;0;0;0
FR;1;2021-01-25;74403;1260;0;0;0;1188461;2495;0;0;0
FR;1;2021-01-26;96430;3244;1;0;0;1284891;5739;1;0;0
FR;1;2021-01-27;103619;5850;0;0;0;1388510;11589;1;0;0
FR;1;2021-01-28;120572;14759;0;0;0;1509082;26348;1;0;0
FR;1;2021-01-29;88871;17547;0;0;0;1597953;43895;1;0;0
FR;1;2021-01-30;27978;4251;0;0;0;1625931;48146;1;0;0
FR;1;2021-01-31;5176;1724;0;0;0;1631107;49870;1;0;0
FR;1;2021-02-01;49700;21385;0;0;0;1680807;71255;1;0;0
FR;1;2021-02-02;67784;35268;0;0;0;1748591;106523;1;0;0
FR;1;2021-02-03;67056;37501;0;0;0;1815647;144024;1;0;0
FR;1;2021-02-04;77107;51003;0;0;0;1892754;195027;1;0;0
FR;1;2021-02-05;63401;45753;0;0;0;1956155;240780;1;0;0
FR;1;2021-02-06;19398;10668;0;0;0;1975553;251448;1;0;0
FR;1;2021-02-07;3657;5223;0;0;0;1979210;256671;1;0;0
FR;1;2021-02-08;36479;46631;0;0;0;2015689;303302;1;0;0
FR;1;2021-02-09;50783;73430;0;0;0;2066472;376732;1;0;0
FR;1;2021-02-10;52029;78164;0;0;0;2118501;454896;1;0;0
FR;1;2021-02-11;63345;100112;0;0;0;2181846;555008;1;0;0
FR;1;2021-02-12;55833;74363;0;0;0;2237679;629371;1;0;0
FR;1;2021-02-13;15449;19346;0;0;0;2253128;648717;1;0;0
FR;1;2021-02-14;3743;7155;0;0;0;2256871;655872;1;0;0
FR;1;2021-02-15;24125;73613;0;0;0;2280996;729485;1;0;0
FR;1;2021-02-16;32748;96477;0;0;0;2313744;825962;1;0;0
FR;1;2021-02-17;35084;99524;1;0;0;2348828;925486;2;0;0
FR;1;2021-02-18;49414;114377;0;0;0;2398242;1039863;2;0;0
FR;1;2021-02-19;45359;86601;1;0;0;2443601;1126464;3;0;0
FR;1;2021-02-20;13374;27107;0;0;0;2456975;1153571;3;0;0
FR;1;2021-02-21;2452;6274;0;0;0;2459427;1159845;3;0;0
FR;1;2021-02-22;24700;69421;2;0;0;2484127;1229266;5;0;0
FR;1;2021-02-23;37407;80580;1;0;0;2521534;1309846;6;0;0
FR;1;2021-02-24;40667;77954;1;0;0;2562201;1387800;7;0;0
FR;1;2021-02-25;50128;87865;1;0;0;2612329;1475665;8;0;0
FR;1;2021-02-26;47178;67685;0;0;0;2659507;1543350;8;0;0
FR;1;2021-02-27;15667;21062;0;0;0;2675174;1564412;8;0;0
FR;1;2021-02-28;3551;4341;1;0;0;2678725;1568753;9;0;0
FR;1;2021-03-01;40134;49421;1;0;0;2718859;1618174;10;0;0
FR;1;2021-03-02;55942;61667;2;0;0;2774801;1679841;12;0;0
FR;1;2021-03-03;61188;60587;0;0;0;2835989;1740428;12;0;0
FR;1;2021-03-04;72960;65710;3;0;0;2908949;1806138;15;0;0
FR;1;2021-03-05;74718;59070;3;0;0;2983667;1865208;18;0;0
FR;1;2021-03-06;82423;16027;2;0;0;3066090;1881235;20;0;0
FR;1;2021-03-07;63699;5138;1;0;0;3129789;1886373;21;0;0
FR;1;2021-03-08;60132;42218;2;0;0;3189921;1928591;23;0;0
FR;1;2021-03-09;85945;47994;1;0;0;3275866;1976585;24;0;0
FR;1;2021-03-10;90857;47958;5;0;0;3366723;2024543;29;0;0
FR;1;2021-03-11;105024;53968;1;0;0;3471747;2078511;30;0;0
FR;1;2021-03-12;104075;45086;1;0;0;3575822;2123597;31;0;0
FR;1;2021-03-13;89170;12710;1;0;0;3664992;2136307;32;0;0
FR;1;2021-03-14;44440;2981;1;0;0;3709432;2139288;33;0;0
FR;1;2021-03-15;95467;28877;3;0;0;3804899;2168165;36;0;0
FR;1;2021-03-16;123564;34638;5;0;0;3928463;2202803;41;0;0
FR;1;2021-03-17;129266;34345;4;0;0;4057729;2237148;45;0;0
FR;1;2021-03-18;142840;39594;5;0;0;4200569;2276742;50;0;0
FR;1;2021-03-19;136204;32655;2;0;0;4336773;2309397;52;0;0
FR;1;2021-03-20;75971;10055;1;0;0;4412744;2319452;53;0;0
FR;1;2021-03-21;26492;2398;1;0;0;4439236;2321850;54;0;0
FR;1;2021-03-22;114708;30949;2;0;0;4553944;2352799;56;0;0
FR;1;2021-03-23;142988;38145;1;0;0;4696932;2390944;57;0;0
FR;1;2021-03-24;141947;38673;0;0;0;4838879;2429617;57;0;0
FR;1;2021-03-25;164957;39571;4;0;0;5003836;2469188;61;0;0
FR;1;2021-03-26;166350;37488;4;0;0;5170186;2506676;65;0;0
FR;1;2021-03-27;110859;15261;1;0;0;5281045;2521937;66;0;0
FR;1;2021-03-28;42287;3831;3;0;0;5323332;2525768;69;0;0
FR;1;2021-03-29;129782;49757;4;0;0;5453114;2575525;73;0;0
FR;1;2021-03-30;167661;63488;4;0;0;5620775;2639013;77;0;0
FR;1;2021-03-31;170873;67026;4;0;0;5791648;2706039;81;0;0
FR;1;2021-04-01;194694;80089;11;0;0;5986342;2786128;92;0;0
FR;1;2021-04-02;164400;84667;7;0;0;6150742;2870795;99;0;0
FR;1;2021-04-03;88217;58022;5;0;0;6238959;2928817;104;0;0
FR;1;2021-04-04;33527;17707;0;0;0;6272486;2946524;104;0;0
FR;1;2021-04-05;46371;10037;11;0;0;6318857;2956561;115;0;0
FR;1;2021-04-06;160241;101646;16;0;0;6479098;3058207;131;0;0
FR;1;2021-04-07;196907;108146;16;0;0;6676005;3166353;147;0;0
FR;1;2021-04-08;222032;112458;13;0;0;6898037;3278811;160;0;0
FR;1;2021-04-09;214491;107304;21;0;0;7112528;3386115;181;0;0
FR;1;2021-04-10;117139;73239;14;0;0;7229667;3459354;195;0;0
FR;1;2021-04-11;40868;30175;6;0;0;7270535;3489529;201;0;0
FR;1;2021-04-12;168395;103785;45;0;0;7438930;3593314;246;0;0
FR;1;2021-04-13;203738;128073;97;1;0;7642668;3721387;343;1;0
FR;1;2021-04-14;208528;122684;206;0;0;7851196;3844071;549;1;0
FR;1;2021-04-15;221587;126820;311;0;0;8072783;3970891;860;1;0
FR;1;2021-04-16;205992;125071;307;0;0;8278775;4095962;1167;1;0
FR;1;2021-04-17;122052;67326;102;0;0;8400827;4163288;1269;1;0
FR;1;2021-04-18;35940;20985;40;0;0;8436767;4184273;1309;1;0
FR;1;2021-04-19;163696;121714;429;0;0;8600463;4305987;1738;1;0
FR;1;2021-04-20;189328;148607;530;0;0;8789791;4454594;2268;1;0
FR;1;2021-04-21;193889;146697;756;0;0;8983680;4601291;3024;1;0
FR;1;2021-04-22;208884;162776;777;0;0;9192564;4764067;3801;1;0
FR;1;2021-04-23;198905;156887;669;0;0;9391469;4920954;4470;1;0
FR;1;2021-04-24;126299;95432;147;0;0;9517768;5016386;4617;1;0
FR;1;2021-04-25;53559;30049;46;0;0;9571327;5046435;4663;1;0
FR;1;2021-04-26;181071;138215;539;0;0;9752398;5184650;5202;1;0
FR;1;2021-04-27;221288;161791;899;0;0;9973686;5346441;6101;1;0
FR;1;2021-04-28;238221;154948;1309;1;1;10211907;5501389;7410;2;1
FR;1;2021-04-29;270199;160155;1206;0;0;10482106;5661544;8616;2;1
FR;1;2021-04-30;271909;148014;1069;0;0;10754015;5809558;9685;2;1
FR;1;2021-05-01;141102;40667;172;0;0;10895117;5850225;9857;2;1
FR;1;2021-05-02;81453;28100;81;0;0;10976570;5878325;9938;2;1
FR;1;2021-05-03;250656;145722;797;0;0;11227226;6024047;10735;2;1
FR;1;2021-05-04;265744;186793;1197;0;0;11492970;6210840;11932;2;1
FR;1;2021-05-05;283757;184620;1263;0;0;11776727;6395460;13195;2;1
FR;1;2021-05-06;309843;183087;1497;0;0;12086570;6578547;14692;2;1
FR;1;2021-05-07;284000;195515;1125;0;0;12370570;6774062;15817;2;1
FR;1;2021-05-08;191625;48408;283;0;0;12562195;6822470;16100;2;1
FR;1;2021-05-09;114009;36005;236;0;0;12676204;6858475;16336;2;1
FR;1;2021-05-10;258070;193969;1181;0;0;12934274;7052444;17517;2;1
FR;1;2021-05-11;318772;211037;1461;0;0;13253046;7263481;18978;2;1
FR;1;2021-05-12;356523;185707;1398;0;0;13609569;7449188;20376;2;1
FR;1;2021-05-13;283368;47725;399;0;0;13892937;7496913;20775;2;1
FR;1;2021-05-14;370419;128588;988;0;0;14263356;7625501;21763;2;1
FR;1;2021-05-15;298041;66073;402;0;0;14561397;7691574;22165;2;1
FR;1;2021-05-16;157728;15540;158;0;0;14719125;7707114;22323;2;1
FR;1;2021-05-17;318813;116377;1435;0;0;15037938;7823491;23758;2;1
FR;1;2021-05-18;383214;111134;1794;0;0;15421152;7934625;25552;2;1
FR;1;2021-05-19;395158;102630;2171;0;0;15816310;8037255;27723;2;1
FR;1;2021-05-20;421668;96159;2041;0;0;16237978;8133414;29764;2;1
FR;1;2021-05-21;399706;97184;1754;0;0;16637684;8230598;31518;2;1
FR;1;2021-05-22;275634;42030;602;0;0;16913318;8272628;32120;2;1
FR;1;2021-05-23;122957;11175;224;0;0;17036275;8283803;32344;2;1
FR;1;2021-05-24;243956;26225;564;0;0;17280231;8310028;32908;2;1
FR;1;2021-05-25;366103;131642;2107;1;0;17646334;8441670;35015;3;1
FR;1;2021-05-26;380724;125726;1985;0;0;18027058;8567396;37000;3;1
FR;1;2021-05-27;406031;127981;1969;0;0;18433089;8695377;38969;3;1
FR;1;2021-05-28;365924;145295;1696;0;0;18799013;8840672;40665;3;1
FR;1;2021-05-29;253791;80832;524;0;0;19052804;8921504;41189;3;1
FR;1;2021-05-30;100927;22533;157;0;0;19153731;8944037;41346;3;1
FR;1;2021-05-31;314196;148805;1279;1;1;19467927;9092842;42625;4;2
FR;1;2021-06-01;361296;166510;1722;1;1;19829223;9259352;44347;5;3
FR;1;2021-06-02;364344;153103;1789;0;0;20193567;9412455;46136;5;3
FR;1;2021-06-03;390019;147534;1647;0;0;20583586;9559989;47783;5;3
FR;1;2021-06-04;363338;175552;1492;1;1;20946924;9735541;49275;6;4
FR;1;2021-06-05;258437;112664;596;0;0;21205361;9848205;49871;6;4
FR;1;2021-06-06;126725;37548;215;0;0;21332086;9885753;50086;6;4
FR;1;2021-06-07;299834;207825;1359;0;0;21631920;10093578;51445;6;4
FR;1;2021-06-08;330499;220752;1633;0;0;21962419;10314330;53078;6;4
FR;1;2021-06-09;336319;212256;1603;0;0;22298738;10526586;54681;6;4
FR;1;2021-06-10;343642;201923;1606;0;0;22642380;10728509;56287;6;4
FR;1;2021-06-11;311704;235265;1289;0;0;22954084;10963774;57576;6;4
FR;1;2021-06-12;244007;150654;431;0;0;23198091;11114428;58007;6;4
FR;1;2021-06-13;100308;60992;188;0;0;23298399;11175420;58195;6;4
FR;1;2021-06-14;207662;288888;1314;1;0;23506061;11464308;59509;7;4
FR;1;2021-06-15;256658;282154;1389;1;0;23762719;11746462;60898;8;4
FR;1;2021-06-16;273490;270603;1260;1;0;24036209;12017065;62158;9;4
FR;1;2021-06-17;268068;244610;1229;1;0;24304277;12261675;63387;10;4
FR;1;2021-06-18;260405;295636;1147;1;0;24564682;12557311;64534;11;4
FR;1;2021-06-19;193409;209465;386;0;0;24758091;12766776;64920;11;4
FR;1;2021-06-20;69643;89149;117;0;0;24827734;12855925;65037;11;4
FR;1;2021-06-21;172180;319815;928;1;1;24999914;13175740;65965;12;5
FR;1;2021-06-22;185655;347832;1094;10;2;25185569;13523572;67059;22;7
FR;1;2021-06-23;204025;339495;1048;0;0;25389594;13863067;68107;22;7
FR;1;2021-06-24;203384;282087;1163;0;0;25592978;14145154;69270;22;7
FR;1;2021-06-25;182475;371773;1196;0;0;25775453;14516927;70466;22;7
FR;1;2021-06-26;131329;278278;502;0;0;25906782;14795205;70968;22;7
FR;1;2021-06-27;52369;122940;145;0;0;25959151;14918145;71113;22;7
FR;1;2021-06-28;136489;368214;1056;0;0;26095640;15286359;72169;22;7
FR;1;2021-06-29;154730;390662;1848;0;0;26250370;15677021;74017;22;7
FR;1;2021-06-30;179884;378719;1661;4;2;26430254;16055740;75678;26;9
FR;1;2021-07-01;201195;332179;1886;5;1;26631449;16387919;77564;31;10
FR;1;2021-07-02;193372;367666;1764;5;3;26824821;16755585;79328;36;13
FR;1;2021-07-03;124347;280454;704;3;1;26949168;17036039;80032;39;14
FR;1;2021-07-04;53898;113691;244;0;0;27003066;17149730;80276;39;14
FR;1;2021-07-05;153604;356057;1499;8;2;27156670;17505787;81775;47;16
FR;1;2021-07-06;173242;382526;1600;45;8;27329912;17888313;83375;92;24
FR;1;2021-07-07;190491;362547;1656;24;5;27520403;18250860;85031;116;29
FR;1;2021-07-08;201327;323128;1825;20;7;27721730;18573988;86856;136;36
FR;1;2021-07-09;189671;387318;1851;3;2;27911401;18961306;88707;139;38
FR;1;2021-07-10;129849;281117;814;1;1;28041250;19242423;89521;140;39
FR;1;2021-07-11;57618;102495;260;0;0;28098868;19344918;89781;140;39
FR;1;2021-07-12;149440;417023;1573;4;0;28248308;19761941;91354;144;39
FR;1;2021-07-13;234039;439493;1804;8;2;28482347;20201434;93158;152;41
FR;1;2021-07-14;171700;151551;416;0;0;28654047;20352985;93574;152;41
FR;1;2021-07-15;279410;424783;1856;1;0;28933457;20777768;95430;153;41
FR;1;2021-07-16;290207;401256;1709;3;1;29223664;21179024;97139;156;42
FR;1;2021-07-17;217256;282119;754;1;0;29440920;21461143;97893;157;42
FR;1;2021-07-18;101955;107311;288;0;0;29542875;21568454;98181;157;42
FR;1;2021-07-19;238042;379313;1495;3;0;29780917;21947767;99676;160;42
FR;1;2021-07-20;305557;380821;1467;0;0;30086474;22328588;101143;160;42
FR;1;2021-07-21;333100;353512;1412;4;2;30419574;22682100;102555;164;44
FR;1;2021-07-22;364424;319370;1501;3;2;30783998;23001470;104056;167;46
FR;1;2021-07-23;348160;343752;1586;4;2;31132158;23345222;105642;171;48
FR;1;2021-07-24;238899;241025;696;1;0;31371057;23586247;106338;172;48
FR;1;2021-07-25;112737;76060;215;0;0;31483794;23662307;106553;172;48
FR;1;2021-07-26;298980;290181;1495;2;2;31782774;23952488;108048;174;50
FR;1;2021-07-27;385679;268811;1457;4;2;32168453;24221299;109505;178;52
FR;1;2021-07-28;390075;251499;1460;4;2;32558528;24472798;110965;182;54
FR;1;2021-07-29;405972;228327;1537;2;1;32964500;24701125;112502;184;55
FR;1;2021-07-30;370571;247058;1633;4;1;33335071;24948183;114135;188;56
FR;1;2021-07-31;243338;165114;793;1;0;33578409;25113297;114928;189;56
FR;1;2021-08-01;105509;47247;232;0;0;33683918;25160544;115160;189;56
FR;1;2021-08-02;296978;213248;1475;2;0;33980896;25373792;116635;191;56
FR;1;2021-08-03;331073;209307;1544;2;1;34311969;25583099;118179;193;57
FR;1;2021-08-04;327734;184395;1436;5;3;34639703;25767494;119615;198;60
FR;1;2021-08-05;301060;193578;1482;0;0;34940763;25961072;121097;198;60
FR;1;2021-08-06;290801;224587;1558;3;1;35231564;26185659;122655;201;61
FR;1;2021-08-07;182570;158828;654;4;3;35414134;26344487;123309;205;64
FR;1;2021-08-08;68832;59139;247;0;0;35482966;26403626;123556;205;64
FR;1;2021-08-09;222607;235995;1437;4;3;35705573;26639621;124993;209;67
FR;1;2021-08-10;252457;240825;1486;2;1;35958030;26880446;126479;211;68
FR;1;2021-08-11;235988;232470;1267;5;1;36194018;27112916;127746;216;69
FR;1;2021-08-12;220548;240294;1482;3;1;36414566;27353210;129228;219;70
FR;1;2021-08-13;201598;238580;1353;2;2;36616164;27591790;130581;221;72
FR;1;2021-08-14;122806;174170;645;0;0;36738970;27765960;131226;221;72
FR;1;2021-08-15;34646;46124;198;1;0;36773616;27812084;131424;222;72
FR;1;2021-08-16;156787;289890;1420;0;0;36930403;28101974;132844;222;72
FR;1;2021-08-17;171470;291657;1419;5;1;37101873;28393631;134263;227;73
FR;1;2021-08-18;161263;287106;1386;6;3;37263136;28680737;135649;233;76
FR;1;2021-08-19;148771;277726;1394;1;0;37411907;28958463;137043;234;76
FR;1;2021-08-20;140364;308666;1522;2;2;37552271;29267129;138565;236;78
FR;1;2021-08-21;84219;213262;586;0;0;37636490;29480391;139151;236;78
FR;1;2021-08-22;28536;82692;229;0;0;37665026;29563083;139380;236;78
FR;1;2021-08-23;118562;321190;1416;2;1;37783588;29884273;140796;238;79
FR;1;2021-08-24;126567;319924;1593;5;1;37910155;30204197;142389;243;80
FR;1;2021-08-25;121441;306581;1775;8;3;38031596;30510778;144164;251;83
FR;1;2021-08-26;106483;286190;2155;10;1;38138079;30796968;146319;261;84
FR;1;2021-08-27;107559;321232;2299;8;3;38245638;31118200;148618;269;87
FR;1;2021-08-28;70945;220685;1100;0;0;38316583;31338885;149718;269;87
FR;1;2021-08-29;24129;78142;464;1;0;38340712;31417027;150182;270;87
FR;1;2021-08-30;96793;286562;4307;6;5156;38437505;31703589;154489;276;5243
FR;1;2021-08-31;98007;276492;9270;14;10182;38535512;31980081;163759;290;15425
FR;1;2021-09-01;111578;245343;21090;7;22046;38647090;32225424;184849;297;37471
FR;1;2021-09-02;84495;198017;24519;11;25420;38731585;32423441;209368;308;62891
FR;1;2021-09-03;82128;227645;26939;20;27971;38813713;32651086;236307;328;90862
FR;1;2021-09-04;71503;189712;11137;11;11638;38885216;32840798;247444;339;102500
FR;1;2021-09-05;18587;41193;4120;2;4288;38903803;32881991;251564;341;106788
FR;1;2021-09-06;59396;151641;30167;15;31099;38963199;33033632;281731;356;137887
FR;1;2021-09-07;57076;139708;30197;27;31086;39020275;33173340;311928;383;168973
FR;1;2021-09-08;70524;173860;26913;20;27827;39090799;33347200;338841;403;196800
FR;1;2021-09-09;53705;124522;28590;23;29615;39144504;33471722;367431;426;226415
FR;1;2021-09-10;65561;152071;30423;22;31526;39210065;33623793;397854;448;257941
FR;1;2021-09-11;52048;146608;9719;14;10251;39262113;33770401;407573;462;268192
FR;1;2021-09-12;10739;29242;2481;2;2631;39272852;33799643;410054;464;270823
FR;1;2021-09-13;51306;104595;38719;27;39822;39324158;33904238;448773;491;310645
FR;1;2021-09-14;53124;96078;51240;65;52770;39377282;34000316;500013;556;363415
FR;1;2021-09-15;60298;139277;50442;55;46931;39437580;34139593;550455;611;410346
FR;1;2021-09-16;46490;81414;53275;72;49441;39484070;34221007;603730;683;459787
FR;1;2021-09-17;53056;109409;45031;60;42613;39537126;34330416;648761;743;502400
FR;1;2021-09-18;37814;118464;11789;19;11249;39574940;34448880;660550;762;513649
FR;1;2021-09-19;6472;21030;2034;1;1971;39581412;34469910;662584;763;515620
FR;1;2021-09-20;36404;74907;46154;66;44051;39617816;34544817;708738;829;559671
FR;1;2021-09-21;34101;68163;56191;71;52546;39651917;34612980;764929;900;612217
FR;1;2021-09-22;38704;118462;49807;77;46765;39690621;34731442;814736;977;658982
FR;1;2021-09-23;31881;62803;54439;87;50752;39722502;34794245;869175;1064;709734
FR;1;2021-09-24;36648;89988;43619;92;41840;39759150;34884233;912794;1156;751574
FR;1;2021-09-25;27611;96555;12295;27;12153;39786761;34980788;925089;1183;763727
FR;1;2021-09-26;4353;15203;1769;5;1695;39791114;34995991;926858;1188;765422
FR;1;2021-09-27;27293;60228;42871;89;41538;39818407;35056219;969729;1277;806960
FR;1;2021-09-28;26832;49426;47132;75;44304;39845239;35105645;1016861;1352;851264
FR;1;2021-09-29;35807;80385;47230;87;45495;39881046;35186030;1064091;1439;896759
FR;1;2021-09-30;25932;46684;47465;79;45323;39906978;35232714;1111556;1518;942082
FR;1;2021-10-01;46891;64833;44844;83;44385;39953869;35297547;1156400;1601;986467
FR;1;2021-10-02;32287;62292;16097;32;16288;39986156;35359839;1172497;1633;1002755
FR;1;2021-10-03;4308;8585;2027;3;2022;39990464;35368424;1174524;1636;1004777
FR;1;2021-10-04;28627;44401;47073;79;46879;40019091;35412825;1221597;1715;1051656
FR;1;2021-10-05;24070;41606;49817;116;49144;40043161;35454431;1271414;1831;1100800
FR;1;2021-10-06;34239;61236;57432;102;57096;40077400;35515667;1328846;1933;1157896
FR;1;2021-10-07;20866;39744;52977;75;51795;40098266;35555411;1381823;2008;1209691
FR;1;2021-10-08;34785;59539;60342;83;61016;40133051;35614950;1442165;2091;1270707
FR;1;2021-10-09;27386;47920;25464;29;25961;40160437;35662870;1467629;2120;1296668
FR;1;2021-10-10;3580;5760;2746;7;2846;40164017;35668630;1470375;2127;1299514
FR;1;2021-10-11;24631;38157;54555;88;55162;40188648;35706787;1524930;2215;1354676
FR;1;2021-10-12;22976;36552;58013;126;59052;40211624;35743339;1582943;2341;1413728
FR;1;2021-10-13;32732;47752;64137;124;65586;40244356;35791091;1647080;2465;1479314
FR;1;2021-10-14;21553;34696;53711;103;54263;40265909;35825787;1700791;2568;1533577
FR;1;2021-10-15;32501;48704;72285;165;74889;40298410;35874491;1773076;2733;1608466
FR;1;2021-10-16;25927;35256;34853;44;36378;40324337;35909747;1807929;2777;1644844
FR;1;2021-10-17;3092;4047;3404;2;3312;40327429;35913794;1811333;2779;1648156
FR;1;2021-10-18;22815;34901;66795;131;69636;40350244;35948695;1878128;2910;1717792
FR;1;2021-10-19;20507;33511;75616;136;79497;40370751;35982206;1953744;3046;1797289
FR;1;2021-10-20;29758;44097;96125;177;99715;40400509;36026303;2049869;3223;1897004
FR;1;2021-10-21;19493;35055;83104;107;86952;40420002;36061358;2132973;3330;1983956
FR;1;2021-10-22;29490;47500;103678;195;109533;40449492;36108858;2236651;3525;2093489
FR;1;2021-10-23;22964;35127;44843;57;47340;40472456;36143985;2281494;3582;2140829
FR;1;2021-10-24;2371;3864;3578;6;3733;40474827;36147849;2285072;3588;2144562
FR;1;2021-10-25;22374;30788;81976;143;85733;40497201;36178637;2367048;3731;2230295
FR;1;2021-10-26;19284;27632;86049;162;90248;40516485;36206269;2453097;3893;2320543
FR;1;2021-10-27;26110;39661;107736;252;112563;40542595;36245930;2560833;4145;2433106
FR;1;2021-10-28;18506;27006;86882;151;91548;40561101;36272936;2647715;4296;2524654
FR;1;2021-10-29;25843;39931;114770;200;121470;40586944;36312867;2762485;4496;2646124
FR;1;2021-10-30;17626;28551;49330;75;51897;40604570;36341418;2811815;4571;2698021
FR;1;2021-10-31;2051;3213;3442;2;3680;40606621;36344631;2815257;4573;2701701
FR;1;2021-11-01;7630;4169;3014;3;3258;40614251;36348800;2818271;4576;2704959
FR;1;2021-11-02;21681;33176;92320;157;97638;40635932;36381976;2910591;4733;2802597
FR;1;2021-11-03;26173;41441;117415;215;123751;40662105;36423417;3028006;4948;2926348
FR;1;2021-11-04;19417;30268;105715;213;111794;40681522;36453685;3133721;5161;3038142
FR;1;2021-11-05;26821;42206;138692;227;147247;40708343;36495891;3272413;5388;3185389
FR;1;2021-11-06;18744;29826;63428;123;66388;40727087;36525717;3335841;5511;3251777
FR;1;2021-11-07;1785;3359;4946;6;5289;40728872;36529076;3340787;5517;3257066
FR;1;2021-11-08;17447;32279;125890;224;132418;40746319;36561355;3466677;5741;3389484
FR;1;2021-11-09;19119;37714;159192;335;168885;40765438;36599069;3625869;6076;3558369
FR;1;2021-11-10;28512;49020;181793;440;192299;40793950;36648089;3807662;6516;3750668
FR;1;2021-11-11;3604;5763;12171;26;12977;40797554;36653852;3819833;6542;3763645
FR;1;2021-11-12;25893;46873;174725;242;186309;40823447;36700725;3994558;6784;3949954
FR;1;2021-11-13;18643;29243;76786;111;81720;40842090;36729968;4071344;6895;4031674
FR;1;2021-11-14;2002;3336;6810;5;7382;40844092;36733304;4078154;6900;4039056
FR;1;2021-11-15;18474;34874;156306;303;166056;40862566;36768178;4234460;7203;4205112
FR;1;2021-11-16;20929;37849;191977;377;204710;40883495;36806027;4426437;7580;4409822
FR;1;2021-11-17;28387;45720;193131;399;204896;40911882;36851747;4619568;7979;4614718
FR;1;2021-11-18;20974;38193;182361;457;194316;40932856;36889940;4801929;8436;4809034
FR;1;2021-11-19;30740;53354;230111;529;246510;40963596;36943294;5032040;8965;5055544
FR;1;2021-11-20;23631;33269;96931;201;103559;40987227;36976563;5128971;9166;5159103
FR;1;2021-11-21;2309;4032;9090;18;9973;40989536;36980595;5138061;9184;5169076
FR;1;2021-11-22;21310;30411;175775;465;189277;41010846;37011006;5313836;9649;5358353
FR;1;2021-11-23;23814;41108;221058;538;237715;41034660;37052114;5534894;10187;5596068
FR;1;2021-11-24;30216;49705;217240;702;234334;41064876;37101819;5752134;10889;5830402
FR;1;2021-11-25;23448;43877;244322;719;263879;41088324;37145696;5996456;11608;6094281
FR;1;2021-11-26;30547;66547;356639;832;388352;41118871;37212243;6353095;12440;6482633
FR;1;2021-11-27;21695;45311;202533;372;222498;41140566;37257554;6555628;12812;6705131
FR;1;2021-11-28;3134;9691;54745;63;61035;41143700;37267245;6610373;12875;6766166
FR;1;2021-11-29;17840;49459;326243;841;354195;41161540;37316704;6936616;13716;7120361
FR;1;2021-11-30;22653;64922;430995;948;470566;41184193;37381626;7367611;14664;7590927
FR;1;2021-12-01;24531;69307;442715;1130;481533;41208724;37450933;7810326;15794;8072460
FR;1;2021-12-02;19873;64313;489230;1225;532655;41228597;37515246;8299556;17019;8605115
FR;1;2021-12-03;22747;81744;542579;1304;591534;41251344;37596990;8842135;18323;9196649
FR;1;2021-12-04;16354;53908;299005;653;328835;41267698;37650898;9141140;18976;9525484
FR;1;2021-12-05;3621;13907;81490;143;91056;41271319;37664805;9222630;19119;9616540
FR;1;2021-12-06;18049;62738;415284;1063;454980;41289368;37727543;9637914;20182;10071520
FR;1;2021-12-07;19709;75786;522775;1531;572363;41309077;37803329;10160689;21713;10643883
FR;1;2021-12-08;21489;75555;458196;1543;501888;41330566;37878884;10618885;23256;11145771
FR;1;2021-12-09;19348;73992;492729;1625;540574;41349914;37952876;11111614;24881;11686345
FR;1;2021-12-10;22721;87586;547222;1583;599817;41372635;38040462;11658836;26464;12286162
FR;1;2021-12-11;16498;58990;302662;746;335410;41389133;38099452;11961498;27210;12621572
FR;1;2021-12-12;4336;15982;83170;179;94074;41393469;38115434;12044668;27389;12715646
FR;1;2021-12-13;15413;63771;366796;1094;406159;41408882;38179205;12411464;28483;13121805
FR;1;2021-12-14;20141;80202;464514;1738;515001;41429023;38259407;12875978;30221;13636806
FR;1;2021-12-15;21296;77332;408885;1308;452950;41450319;38336739;13284863;31529;14089756
FR;1;2021-12-16;19861;77292;451643;1574;500421;41470180;38414031;13736506;33103;14590177
FR;1;2021-12-17;22456;86680;479758;1733;530888;41492636;38500711;14216264;34836;15121065
FR;1;2021-12-18;17576;54676;257541;730;288460;41510212;38555387;14473805;35566;15409525
FR;1;2021-12-19;5537;17132;79125;194;90749;41515749;38572519;14552930;35760;15500274
FR;1;2021-12-20;20750;63074;316070;1081;355133;41536499;38635593;14869000;36841;15855407
FR;1;2021-12-21;26058;73144;372594;1421;417941;41562557;38708737;15241594;38262;16273348
FR;1;2021-12-22;24859;65882;310484;1215;349451;41587416;38774619;15552078;39477;16622799
FR;1;2021-12-23;21179;52311;241365;952;272964;41608595;38826930;15793443;40429;16895763
FR;1;2021-12-24;7079;18243;67096;256;77024;41615674;38845173;15860539;40685;16972787
FR;1;2021-12-25;496;2767;5565;15;6532;41616170;38847940;15866104;40700;16979319
FR;1;2021-12-26;2747;7598;26918;70;31444;41618917;38855538;15893022;40770;17010763
FR;1;2021-12-27;18059;53462;235004;707;265676;41636976;38909000;16128026;41477;17276439
FR;1;2021-12-28;23194;61884;291927;1024;330108;41660170;38970884;16419953;42501;17606547
FR;1;2021-12-29;22166;55478;254895;918;288120;41682336;39026362;16674848;43419;17894667
FR;1;2021-12-30;21190;46174;212073;857;239538;41703526;39072536;16886921;44276;18134205
FR;1;2021-12-31;7282;16597;61824;229;70352;41710808;39089133;16948745;44505;18204557
FR;1;2022-01-01;803;2473;5639;29;6572;41711611;39091606;16954384;44534;18211129
FR;1;2022-01-02;3037;8077;28858;50;33519;41714648;39099683;16983242;44584;18244648
FR;1;2022-01-03;19380;53400;228076;784;257435;41734028;39153083;17211318;45368;18502083
FR;1;2022-01-04;24677;64661;299123;1234;337140;41758705;39217744;17510441;46602;18839223
FR;1;2022-01-05;29319;63651;274744;1098;310062;41788024;39281395;17785185;47700;19149285
FR;1;2022-01-06;26396;65872;306769;1395;346403;41814420;39347267;18091954;49095;19495688
FR;1;2022-01-07;31198;74487;349719;1536;393780;41845618;39421754;18441673;50631;19889468
FR;1;2022-01-08;23306;51375;222451;695;251092;41868924;39473129;18664124;51326;20140560
FR;1;2022-01-09;7071;17205;66000;163;76147;41875995;39490334;18730124;51489;20216707
FR;1;2022-01-10;21291;54040;236668;951;266941;41897286;39544374;18966792;52440;20483648
FR;1;2022-01-11;26393;62685;282164;1276;317688;41923679;39607059;19248956;53716;20801336
FR;1;2022-01-12;28579;61959;246123;1103;277879;41952258;39669018;19495079;54819;21079215
FR;1;2022-01-13;24324;59745;262669;1252;296020;41976582;39728763;19757748;56071;21375235
FR;1;2022-01-14;27721;66462;313871;1364;351144;42004303;39795225;20071619;57435;21726379
FR;1;2022-01-15;19246;44295;199249;618;223825;42023549;39839520;20270868;58053;21950204
FR;1;2022-01-16;5133;12994;51489;135;59570;42028682;39852514;20322357;58188;22009774
FR;1;2022-01-17;16696;39606;184756;779;206810;42045378;39892120;20507113;58967;22216584
FR;1;2022-01-18;19210;45485;212322;1150;236944;42064588;39937605;20719435;60117;22453528
FR;1;2022-01-19;20081;43796;176006;894;197132;42084669;39981401;20895441;61011;22650660
FR;1;2022-01-20;16534;40272;183547;1136;204619;42101203;40021673;21078988;62147;22855279
FR;1;2022-01-21;19679;46929;228858;1401;253274;42120882;40068602;21307846;63548;23108553
FR;1;2022-01-22;13824;33118;144456;578;161353;42134706;40101720;21452302;64126;23269906
FR;1;2022-01-23;3340;8818;33397;130;38333;42138046;40110538;21485699;64256;23308239
FR;1;2022-01-24;11714;32528;142139;706;158227;42149760;40143066;21627838;64962;23466466
FR;1;2022-01-25;14070;37779;163320;1049;181506;42163830;40180845;21791158;66011;23647972
FR;1;2022-01-26;14790;37023;150174;928;166221;42178620;40217868;21941332;66939;23814193
FR;1;2022-01-27;12261;32602;143362;879;157823;42190881;40250470;22084694;67818;23972016
FR;1;2022-01-28;16186;53805;198217;1143;222448;42207067;40304275;22282911;68961;24194464
FR;1;2022-01-29;10253;35434;135165;522;151539;42217320;40339709;22418076;69483;24346003
FR;1;2022-01-30;2473;9330;29657;86;34462;42219793;40349039;22447733;69569;24380465
FR;1;2022-01-31;8712;32317;104282;530;117381;42228505;40381356;22552015;70099;24497846
FR;1;2022-02-01;10045;36107;127001;862;141196;42238550;40417463;22679016;70961;24639042
FR;1;2022-02-02;11139;40918;130269;779;145807;42249689;40458381;22809285;71740;24784849
FR;1;2022-02-03;8681;33156;116924;780;130318;42258370;40491537;22926209;72520;24915167
FR;1;2022-02-04;11348;48011;172498;964;192767;42269718;40539548;23098707;73484;25107934
FR;1;2022-02-05;7701;33919;117540;391;133048;42277419;40573467;23216247;73875;25240982
FR;1;2022-02-06;1688;8066;22731;83;26906;42279107;40581533;23238978;73958;25267888
FR;1;2022-02-07;6986;35299;119019;450;134955;42286093;40616832;23357997;74408;25402843
FR;1;2022-02-08;7528;31422;125586;693;140554;42293621;40648254;23483583;75101;25543397
FR;1;2022-02-09;8401;35894;135191;692;152391;42302022;40684148;23618774;75793;25695788
FR;1;2022-02-10;6530;29034;116261;673;129988;42308552;40713182;23735035;76466;25825776
FR;1;2022-02-11;8525;41225;165044;874;185243;42317077;40754407;23900079;77340;26011019
FR;1;2022-02-12;5282;27512;106665;378;120835;42322359;40781919;24006744;77718;26131854
FR;1;2022-02-13;1217;5691;21701;61;25312;42323576;40787610;24028445;77779;26157166
FR;1;2022-02-14;5343;27022;118015;387;133029;42328919;40814632;24146460;78166;26290195
FR;1;2022-02-15;5564;27983;118810;609;132386;42334483;40842615;24265270;78775;26422581
FR;1;2022-02-16;5626;27946;110351;593;122940;42340109;40870561;24375621;79368;26545521
FR;1;2022-02-17;4384;18953;73070;486;80109;42344493;40889514;24448691;79854;26625630
FR;1;2022-02-18;5475;26329;99119;668;108048;42349968;40915843;24547810;80522;26733678
FR;1;2022-02-19;3523;17066;59450;303;66021;42353491;40932909;24607260;80825;26799699
FR;1;2022-02-20;778;3216;10682;35;12303;42354269;40936125;24617942;80860;26812002
FR;1;2022-02-21;3339;14445;52781;286;57622;42357608;40950570;24670723;81146;26869624
FR;1;2022-02-22;3693;15318;51856;496;55574;42361301;40965888;24722579;81642;26925198
FR;1;2022-02-23;4145;17518;57430;508;62517;42365446;40983406;24780009;82150;26987715
FR;1;2022-02-24;3215;12616;43548;433;46315;42368661;40996022;24823557;82583;27034030
FR;1;2022-02-25;4354;19296;64815;693;68666;42373015;41015318;24888372;83276;27102696
FR;1;2022-02-26;2673;12511;41334;307;45085;42375688;41027829;24929706;83583;27147781
FR;1;2022-02-27;636;2165;7112;42;7976;42376324;41029994;24936818;83625;27155757
FR;1;2022-02-28;2552;9974;34901;300;37319;42378876;41039968;24971719;83925;27193076
FR;1;2022-03-01;2654;10265;38611;389;39516;42381530;41050233;25010330;84314;27232592
FR;1;2022-03-02;3390;11765;41780;389;43823;42384920;41061998;25052110;84703;27276415
FR;1;2022-03-03;2271;7347;26069;298;26373;42387191;41069345;25078179;85001;27302788
FR;1;2022-03-04;2634;10135;35374;574;34844;42389825;41079480;25113553;85575;27337632
FR;1;2022-03-05;1653;6278;21931;277;22317;42391478;41085758;25135484;85852;27359949
FR;1;2022-03-06;346;934;2912;37;3109;42391824;41086692;25138396;85889;27363058
FR;1;2022-03-07;1340;4521;16394;244;15848;42393164;41091213;25154790;86133;27378906
FR;1;2022-03-08;1501;5027;17097;304;15915;42394665;41096240;25171887;86437;27394821
FR;1;2022-03-09;1841;6332;19735;365;19085;42396506;41102572;25191622;86802;27413906
FR;1;2022-03-10;1269;4124;15160;302;14159;42397775;41106696;25206782;87104;27428065
FR;1;2022-03-11;1684;6089;21651;479;19792;42399459;41112785;25228433;87583;27447857
FR;1;2022-03-12;1222;4582;15338;274;14881;42400681;41117367;25243771;87857;27462738
FR;1;2022-03-13;239;599;2082;115;2029;42400920;41117966;25245853;87972;27464767
FR;1;2022-03-14;1048;3496;13330;3873;12455;42401968;41121462;25259183;91845;27477222
FR;1;2022-03-15;1228;3770;14474;6859;12946;42403196;41125232;25273657;98704;27490168
FR;1;2022-03-16;1583;4648;17257;11512;16302;42404779;41129880;25290914;110216;27506470
FR;1;2022-03-17;1078;3071;11635;9637;10724;42405857;41132951;25302549;119853;27517194
FR;1;2022-03-18;1644;4635;17865;16475;16291;42407501;41137586;25320414;136328;27533485
FR;1;2022-03-19;1103;3161;11855;8446;11323;42408604;41140747;25332269;144774;27544808
FR;1;2022-03-20;212;526;1683;1002;1714;42408816;41141273;25333952;145776;27546522
FR;1;2022-03-21;1029;2654;11432;13437;10778;42409845;41143927;25345384;159213;27557300
FR;1;2022-03-22;1157;3008;12178;18676;11162;42411002;41146935;25357562;177889;27568462
FR;1;2022-03-23;1449;4002;15193;20077;14794;42412451;41150937;25372755;197966;27583256
FR;1;2022-03-24;1049;2469;10255;16000;9508;42413500;41153406;25383010;213966;27592764
FR;1;2022-03-25;1480;3953;16586;25264;15243;42414980;41157359;25399596;239230;27608007
FR;1;2022-03-26;1090;2824;10797;11421;10458;42416070;41160183;25410393;250651;27618465
FR;1;2022-03-27;227;534;1713;1373;1765;42416297;41160717;25412106;252024;27620230
FR;1;2022-03-28;1024;2304;9874;15811;9456;42417321;41163021;25421980;267835;27629686
FR;1;2022-03-29;1099;2682;11446;24988;10785;42418420;41165703;25433426;292823;27640471
FR;1;2022-03-30;1573;3430;14032;24042;13538;42419993;41169133;25447458;316865;27654009
FR;1;2022-03-31;1248;2538;11234;22471;10724;42421241;41171671;25458692;339336;27664733
FR;1;2022-04-01;1591;3658;18117;28357;16979;42422832;41175329;25476809;367693;27681712
FR;1;2022-04-02;856;1835;8119;9187;7866;42423688;41177164;25484928;376880;27689578
FR;1;2022-04-03;176;358;1418;1055;1417;42423864;41177522;25486346;377935;27690995
FR;1;2022-04-04;992;2057;10797;17445;10151;42424856;41179579;25497143;395380;27701146
FR;1;2022-04-05;1215;2427;12697;30890;11714;42426071;41182006;25509840;426270;27712860
FR;1;2022-04-06;1279;2642;11751;23570;11168;42427350;41184648;25521591;449840;27724028
FR;1;2022-04-07;1094;2427;11947;30515;11428;42428444;41187075;25533538;480355;27735456
FR;1;2022-04-08;1527;3395;17217;39987;16114;42429971;41190470;25550755;520342;27751570
FR;1;2022-04-09;780;1952;8304;12440;8000;42430751;41192422;25559059;532782;27759570
FR;1;2022-04-10;169;437;1786;1825;1815;42430920;41192859;25560845;534607;27761385
FR;1;2022-04-11;913;2026;10331;21961;10054;42431833;41194885;25571176;556568;27771439
FR;1;2022-04-12;1161;2331;12371;37272;11872;42432994;41197216;25583547;593840;27783311
FR;1;2022-04-13;1119;2504;11435;29844;11148;42434113;41199720;25594982;623684;27794459
FR;1;2022-04-14;1126;2190;11056;32727;10997;42435239;41201910;25606038;656411;27805456
FR;1;2022-04-15;1344;2588;13071;32600;12413;42436583;41204498;25619109;689011;27817869
FR;1;2022-04-16;630;1362;5594;7925;5514;42437213;41205860;25624703;696936;27823383
FR;1;2022-04-17;143;263;915;1054;951;42437356;41206123;25625618;697990;27824334
FR;1;2022-04-18;92;231;1084;941;1129;42437448;41206354;25626702;698931;27825463
FR;1;2022-04-19;1151;2394;10911;27136;10520;42438599;41208748;25637613;726067;27835983
FR;1;2022-04-20;1214;2348;10468;25977;10286;42439813;41211096;25648081;752044;27846269
FR;1;2022-04-21;1169;2227;10484;31864;10596;42440982;41213323;25658565;783908;27856865
FR;1;2022-04-22;1409;2743;12977;34281;12551;42442391;41216066;25671542;818189;27869416
FR;1;2022-04-23;697;1464;6065;9739;5982;42443088;41217530;25677607;827928;27875398
FR;1;2022-04-24;179;335;1269;1447;1227;42443267;41217865;25678876;829375;27876625
FR;1;2022-04-25;940;1831;7985;18709;7852;42444207;41219696;25686861;848084;27884477
FR;1;2022-04-26;1220;2416;11445;34443;10953;42445427;41222112;25698306;882527;27895430
FR;1;2022-04-27;1196;2240;9672;26678;9712;42446623;41224352;25707978;909205;27905142
FR;1;2022-04-28;1110;1996;9736;29912;9498;42447733;41226348;25717714;939117;27914640
FR;2;2020-12-27;0;0;0;0;0;0;0;0;0;0
FR;2;2020-12-28;0;0;0;0;0;0;0;0;0;0
FR;2;2020-12-29;0;0;0;0;0;0;0;0;0;0
FR;2;2020-12-30;0;0;0;0;0;0;0;0;0;0
FR;2;2020-12-31;0;0;0;0;0;0;0;0;0;0
FR;2;2021-01-01;0;0;0;0;0;0;0;0;0;0
FR;2;2021-01-02;0;0;0;0;0;0;0;0;0;0
FR;2;2021-01-03;0;0;0;0;0;0;0;0;0;0
FR;2;2021-01-04;0;0;0;0;0;0;0;0;0;0
FR;2;2021-01-05;0;0;0;0;0;0;0;0;0;0
FR;2;2021-01-06;0;0;0;0;0;0;0;0;0;0
FR;2;2021-01-07;0;0;0;0;0;0;0;0;0;0
FR;2;2021-01-08;0;0;0;0;0;0;0;0;0;0
FR;2;2021-01-09;0;0;0;0;0;0;0;0;0;0
FR;2;2021-01-10;0;0;0;0;0;0;0;0;0;0
FR;2;2021-01-11;0;0;0;0;0;0;0;0;0;0
FR;2;2021-01-12;0;0;0;0;0;0;0;0;0;0
FR;2;2021-01-13;0;0;0;0;0;0;0;0;0;0
FR;2;2021-01-14;1695;0;0;0;0;1695;0;0;0;0
FR;2;2021-01-15;393;0;0;0;0;2088;0;0;0;0
FR;2;2021-01-16;314;0;0;0;0;2402;0;0;0;0
FR;2;2021-01-17;80;0;0;0;0;2482;0;0;0;0
FR;2;2021-01-18;3073;1;0;0;0;5555;1;0;0;0
FR;2;2021-01-19;4675;0;0;0;0;10230;1;0;0;0
FR;2;2021-01-20;5135;4;0;0;0;15365;5;0;0;0
FR;2;2021-01-21;5336;7;0;0;0;20701;12;0;0;0
FR;2;2021-01-22;5115;3;0;0;0;25816;15;0;0;0
FR;2;2021-01-23;1864;0;0;0;0;27680;15;0;0;0
FR;2;2021-01-24;160;1;0;0;0;27840;16;0;0;0
FR;2;2021-01-25;3811;3;0;0;0;31651;19;0;0;0
FR;2;2021-01-26;3915;1;0;0;0;35566;20;0;0;0
FR;2;2021-01-27;3597;1;0;0;0;39163;21;0;0;0
FR;2;2021-01-28;3745;5;0;0;0;42908;26;0;0;0
FR;2;2021-01-29;3291;2;0;0;0;46199;28;0;0;0
FR;2;2021-01-30;1130;1;0;0;0;47329;29;0;0;0
FR;2;2021-01-31;45;1;0;0;0;47374;30;0;0;0
FR;2;2021-02-01;3399;2;0;0;0;50773;32;0;0;0
FR;2;2021-02-02;4487;9;0;0;0;55260;41;0;0;0
FR;2;2021-02-03;5216;6;0;0;0;60476;47;0;0;0
FR;2;2021-02-04;4928;9;0;0;0;65404;56;0;0;0
FR;2;2021-02-05;4810;13;0;0;0;70214;69;0;0;0
FR;2;2021-02-06;2037;10;0;0;0;72251;79;0;0;0
FR;2;2021-02-07;99;4;0;0;0;72350;83;0;0;0
FR;2;2021-02-08;7552;19;0;0;0;79902;102;0;0;0
FR;2;2021-02-09;8420;25;0;0;0;88322;127;0;0;0
FR;2;2021-02-10;9335;56;0;0;0;97657;183;0;0;0
FR;2;2021-02-11;10275;91;0;0;0;107932;274;0;0;0
FR;2;2021-02-12;10050;258;0;0;0;117982;532;0;0;0
FR;2;2021-02-13;3117;225;0;0;0;121099;757;0;0;0
FR;2;2021-02-14;351;7;0;0;0;121450;764;0;0;0
FR;2;2021-02-15;3454;3088;0;0;0;124904;3852;0;0;0
FR;2;2021-02-16;5064;3999;0;0;0;129968;7851;0;0;0
FR;2;2021-02-17;4251;4454;0;0;0;134219;12305;0;0;0
FR;2;2021-02-18;5399;5111;0;0;0;139618;17416;0;0;0
FR;2;2021-02-19;5323;4380;0;0;0;144941;21796;0;0;0
FR;2;2021-02-20;1866;1507;0;0;0;146807;23303;0;0;0
FR;2;2021-02-21;242;87;0;0;0;147049;23390;0;0;0
FR;2;2021-02-22;3610;3736;0;0;0;150659;27126;0;0;0
FR;2;2021-02-23;4951;3693;0;0;0;155610;30819;0;0;0
FR;2;2021-02-24;5007;3481;0;0;0;160617;34300;0;0;0
FR;2;2021-02-25;5481;3448;0;0;0;166098;37748;0;0;0
FR;2;2021-02-26;4355;3144;0;0;0;170453;40892;0;0;0
FR;2;2021-02-27;1623;1051;0;0;0;172076;41943;0;0;0
FR;2;2021-02-28;176;28;0;0;0;172252;41971;0;0;0
FR;2;2021-03-01;5173;3724;0;0;0;177425;45695;0;0;0
FR;2;2021-03-02;6527;4720;0;0;0;183952;50415;0;0;0
FR;2;2021-03-03;6531;4909;0;0;0;190483;55324;0;0;0
FR;2;2021-03-04;8394;4028;0;0;0;198877;59352;0;0;0
FR;2;2021-03-05;8024;4054;0;0;0;206901;63406;0;0;0
FR;2;2021-03-06;4783;1685;0;0;0;211684;65091;0;0;0
FR;2;2021-03-07;2371;31;0;0;0;214055;65122;0;0;0
FR;2;2021-03-08;4164;8323;0;0;0;218219;73445;0;0;0
FR;2;2021-03-09;7484;8475;1;0;0;225703;81920;1;0;0
FR;2;2021-03-10;7097;9123;0;0;0;232800;91043;1;0;0
FR;2;2021-03-11;9371;9212;1;0;0;242171;100255;2;0;0
FR;2;2021-03-12;7970;8205;0;0;0;250141;108460;2;0;0
FR;2;2021-03-13;10045;2540;0;0;0;260186;111000;2;0;0
FR;2;2021-03-14;4838;403;0;0;0;265024;111403;2;0;0
FR;2;2021-03-15;10904;3497;0;0;0;275928;114900;2;0;0
FR;2;2021-03-16;16756;4642;1;0;0;292684;119542;3;0;0
FR;2;2021-03-17;20220;3968;0;0;0;312904;123510;3;0;0
FR;2;2021-03-18;23363;4940;0;0;0;336267;128450;3;0;0
FR;2;2021-03-19;23295;4555;0;0;0;359562;133005;3;0;0
FR;2;2021-03-20;25441;1553;0;0;0;385003;134558;3;0;0
FR;2;2021-03-21;17668;148;0;0;0;402671;134706;3;0;0
FR;2;2021-03-22;17783;3119;0;0;0;420454;137825;3;0;0
FR;2;2021-03-23;22684;4197;0;0;0;443138;142022;3;0;0
FR;2;2021-03-24;23955;5006;0;0;0;467093;147028;3;0;0
FR;2;2021-03-25;26736;5059;1;0;0;493829;152087;4;0;0
FR;2;2021-03-26;26973;4219;0;0;0;520802;156306;4;0;0
FR;2;2021-03-27;15915;1339;0;0;0;536717;157645;4;0;0
FR;2;2021-03-28;10561;112;0;0;0;547278;157757;4;0;0
FR;2;2021-03-29;18982;4284;0;0;0;566260;162041;4;0;0
FR;2;2021-03-30;24573;6021;0;0;0;590833;168062;4;0;0
FR;2;2021-03-31;28551;5936;0;0;0;619384;173998;4;0;0
FR;2;2021-04-01;34546;8486;1;0;0;653930;182484;5;0;0
FR;2;2021-04-02;29975;7670;0;0;0;683905;190154;5;0;0
FR;2;2021-04-03;16952;3697;0;0;0;700857;193851;5;0;0
FR;2;2021-04-04;9305;978;2;0;0;710162;194829;7;0;0
FR;2;2021-04-05;12437;807;0;0;0;722599;195636;7;0;0
FR;2;2021-04-06;27139;7002;0;0;0;749738;202638;7;0;0
FR;2;2021-04-07;30923;7154;1;0;0;780661;209792;8;0;0
FR;2;2021-04-08;36878;8755;1;0;0;817539;218547;9;0;0
FR;2;2021-04-09;33829;8563;28;0;0;851368;227110;37;0;0
FR;2;2021-04-10;19677;9022;1;0;0;871045;236132;38;0;0
FR;2;2021-04-11;7941;4254;1;0;0;878986;240386;39;0;0
FR;2;2021-04-12;17120;11166;0;0;0;896106;251552;39;0;0
FR;2;2021-04-13;19446;16258;1;0;0;915552;267810;40;0;0
FR;2;2021-04-14;18058;16275;7;0;0;933610;284085;47;0;0
FR;2;2021-04-15;22184;20828;26;0;0;955794;304913;73;0;0
FR;2;2021-04-16;20704;20099;45;0;0;976498;325012;118;0;0
FR;2;2021-04-17;13251;22438;5;0;0;989749;347450;123;0;0
FR;2;2021-04-18;5906;14389;6;0;0;995655;361839;129;0;0
FR;2;2021-04-19;16829;16263;24;0;0;1012484;378102;153;0;0
FR;2;2021-04-20;19313;21573;38;0;0;1031797;399675;191;0;0
FR;2;2021-04-21;20281;21680;76;0;0;1052078;421355;267;0;0
FR;2;2021-04-22;23807;24851;41;0;0;1075885;446206;308;0;0
FR;2;2021-04-23;24512;25343;76;0;0;1100397;471549;384;0;0
FR;2;2021-04-24;25300;15099;103;0;0;1125697;486648;487;0;0
FR;2;2021-04-25;9592;8594;5;0;0;1135289;495242;492;0;0
FR;2;2021-04-26;17157;17225;21;0;0;1152446;512467;513;0;0
FR;2;2021-04-27;19239;24262;40;0;0;1171685;536729;553;0;0
FR;2;2021-04-28;22331;26197;112;0;0;1194016;562926;665;0;0
FR;2;2021-04-29;25466;30141;69;0;0;1219482;593067;734;0;0
FR;2;2021-04-30;25529;27742;49;1;0;1245011;620809;783;1;0
FR;2;2021-05-01;14980;9873;6;0;0;1259991;630682;789;1;0
FR;2;2021-05-02;6635;9174;2;0;0;1266626;639856;791;1;0
FR;2;2021-05-03;20012;19264;40;0;0;1286638;659120;831;1;0
FR;2;2021-05-04;18280;29024;33;0;0;1304918;688144;864;1;0
FR;2;2021-05-05;18359;29374;48;0;0;1323277;717518;912;1;0
FR;2;2021-05-06;23537;35230;131;0;0;1346814;752748;1043;1;0
FR;2;2021-05-07;25322;33200;97;0;0;1372136;785948;1140;1;0
FR;2;2021-05-08;21334;9746;14;0;0;1393470;795694;1154;1;0
FR;2;2021-05-09;13161;7859;7;0;0;1406631;803553;1161;1;0
FR;2;2021-05-10;32936;22152;49;0;0;1439567;825705;1210;1;0
FR;2;2021-05-11;43592;21033;101;0;0;1483159;846738;1311;1;0
FR;2;2021-05-12;50036;19869;143;0;0;1533195;866607;1454;1;0
FR;2;2021-05-13;51287;5757;31;0;0;1584482;872364;1485;1;0
FR;2;2021-05-14;61339;12923;132;0;0;1645821;885287;1617;1;0
FR;2;2021-05-15;65921;7138;39;0;0;1711742;892425;1656;1;0
FR;2;2021-05-16;43579;2568;10;0;0;1755321;894993;1666;1;0
FR;2;2021-05-17;44744;12566;113;0;0;1800065;907559;1779;1;0
FR;2;2021-05-18;54633;12235;191;0;0;1854698;919794;1970;1;0
FR;2;2021-05-19;57161;10600;281;0;0;1911859;930394;2251;1;0
FR;2;2021-05-20;63429;10837;286;0;0;1975288;941231;2537;1;0
FR;2;2021-05-21;64284;11644;230;0;0;2039572;952875;2767;1;0
FR;2;2021-05-22;61477;4505;65;0;0;2101049;957380;2832;1;0
FR;2;2021-05-23;37529;570;22;0;0;2138578;957950;2854;1;0
FR;2;2021-05-24;17235;2033;34;0;0;2155813;959983;2888;1;0
FR;2;2021-05-25;21101;12228;239;0;0;2176914;972211;3127;1;0
FR;2;2021-05-26;19931;11448;229;0;0;2196845;983659;3356;1;0
FR;2;2021-05-27;22993;12663;182;0;0;2219838;996322;3538;1;0
FR;2;2021-05-28;29386;14945;190;0;0;2249224;1011267;3728;1;0
FR;2;2021-05-29;30415;8174;57;0;0;2279639;1019441;3785;1;0
FR;2;2021-05-30;4646;1814;6;0;0;2284285;1021255;3791;1;0
FR;2;2021-05-31;28584;18718;183;0;0;2312869;1039973;3974;1;0
FR;2;2021-06-01;45709;20017;223;0;0;2358578;1059990;4197;1;0
FR;2;2021-06-02;37459;19295;181;0;0;2396037;1079285;4378;1;0
FR;2;2021-06-03;51267;23335;161;0;0;2447304;1102620;4539;1;0
FR;2;2021-06-04;65510;24051;215;0;0;2512814;1126671;4754;1;0
FR;2;2021-06-05;34597;24026;51;0;0;2547411;1150697;4805;1;0
FR;2;2021-06-06;4948;6198;10;0;0;2552359;1156895;4815;1;0
FR;2;2021-06-07;28163;23052;146;0;0;2580522;1179947;4961;1;0
FR;2;2021-06-08;46367;22923;143;0;0;2626889;1202870;5104;1;0
FR;2;2021-06-09;34282;20920;107;0;0;2661171;1223790;5211;1;0
FR;2;2021-06-10;42633;19137;95;1;0;2703804;1242927;5306;2;0
FR;2;2021-06-11;55285;25217;134;0;0;2759089;1268144;5440;2;0
FR;2;2021-06-12;30559;19775;53;0;0;2789648;1287919;5493;2;0
FR;2;2021-06-13;3328;9187;13;0;0;2792976;1297106;5506;2;0
FR;2;2021-06-14;25294;24164;92;0;0;2818270;1321270;5598;2;0
FR;2;2021-06-15;39029;22851;154;0;0;2857299;1344121;5752;2;0
FR;2;2021-06-16;30157;21451;134;0;0;2887456;1365572;5886;2;0
FR;2;2021-06-17;36903;25866;150;0;0;2924359;1391438;6036;2;0
FR;2;2021-06-18;46844;28800;122;0;0;2971203;1420238;6158;2;0
FR;2;2021-06-19;24523;24891;39;0;0;2995726;1445129;6197;2;0
FR;2;2021-06-20;3739;10062;10;0;0;2999465;1455191;6207;2;0
FR;2;2021-06-21;17521;42837;87;0;0;3016986;1498028;6294;2;0
FR;2;2021-06-22;28354;49544;110;0;0;3045340;1547572;6404;2;0
FR;2;2021-06-23;21787;49556;106;1;1;3067127;1597128;6510;3;1
FR;2;2021-06-24;28374;50283;133;0;0;3095501;1647411;6643;3;1
FR;2;2021-06-25;33395;60391;127;0;0;3128896;1707802;6770;3;1
FR;2;2021-06-26;16378;59241;54;1;0;3145274;1767043;6824;4;1
FR;2;2021-06-27;2564;29322;22;1;0;3147838;1796365;6846;5;1
FR;2;2021-06-28;12634;54336;81;0;0;3160472;1850701;6927;5;1
FR;2;2021-06-29;19839;59888;178;0;0;3180311;1910589;7105;5;1
FR;2;2021-06-30;16317;57859;252;17;0;3196628;1968448;7357;22;1
FR;2;2021-07-01;20478;59891;227;0;0;3217106;2028339;7584;22;1
FR;2;2021-07-02;24069;62122;183;0;0;3241175;2090461;7767;22;1
FR;2;2021-07-03;12111;57086;153;0;0;3253286;2147547;7920;22;1
FR;2;2021-07-04;1958;23310;18;0;0;3255244;2170857;7938;22;1
FR;2;2021-07-05;9169;29364;106;0;0;3264413;2200221;8044;22;1
FR;2;2021-07-06;14574;36197;135;0;0;3278987;2236418;8179;22;1
FR;2;2021-07-07;14402;33669;139;0;0;3293389;2270087;8318;22;1
FR;2;2021-07-08;19709;40291;162;0;0;3313098;2310378;8480;22;1
FR;2;2021-07-09;27091;54266;202;1;0;3340189;2364644;8682;23;1
FR;2;2021-07-10;13382;33660;107;0;0;3353571;2398304;8789;23;1
FR;2;2021-07-11;1805;4341;16;0;0;3355376;2402645;8805;23;1
FR;2;2021-07-12;12960;37277;118;0;0;3368336;2439922;8923;23;1
FR;2;2021-07-13;37106;53224;150;0;0;3405442;2493146;9073;23;1
FR;2;2021-07-14;6605;3567;15;0;0;3412047;2496713;9088;23;1
FR;2;2021-07-15;47225;47025;156;0;0;3459272;2543738;9244;23;1
FR;2;2021-07-16;64306;55817;187;0;0;3523578;2599555;9431;23;1
FR;2;2021-07-17;31591;23929;96;0;0;3555169;2623484;9527;23;1
FR;2;2021-07-18;6087;4890;19;0;0;3561256;2628374;9546;23;1
FR;2;2021-07-19;32985;28679;94;0;0;3594241;2657053;9640;23;1
FR;2;2021-07-20;51986;44566;155;0;0;3646227;2701619;9795;23;1
FR;2;2021-07-21;45244;34766;93;0;0;3691471;2736385;9888;23;1
FR;2;2021-07-22;56271;41094;128;1;0;3747742;2777479;10016;24;1
FR;2;2021-07-23;68273;49088;170;0;0;3816015;2826567;10186;24;1
FR;2;2021-07-24;36165;21579;82;0;0;3852180;2848146;10268;24;1
FR;2;2021-07-25;6738;2655;10;0;0;3858918;2850801;10278;24;1
FR;2;2021-07-26;36293;22457;91;1;0;3895211;2873258;10369;25;1
FR;2;2021-07-27;62349;34624;180;0;0;3957560;2907882;10549;25;1
FR;2;2021-07-28;55289;26453;132;0;0;4012849;2934335;10681;25;1
FR;2;2021-07-29;68447;32777;189;0;0;4081296;2967112;10870;25;1
FR;2;2021-07-30;74429;37783;222;1;1;4155725;3004895;11092;26;2
FR;2;2021-07-31;34746;16190;104;0;0;4190471;3021085;11196;26;2
FR;2;2021-08-01;5395;2287;19;0;0;4195866;3023372;11215;26;2
FR;2;2021-08-02;35857;16203;101;0;0;4231723;3039575;11316;26;2
FR;2;2021-08-03;55954;28285;142;0;0;4287677;3067860;11458;26;2
FR;2;2021-08-04;46616;20860;128;0;0;4334293;3088720;11586;26;2
FR;2;2021-08-05;54611;31588;215;0;0;4388904;3120308;11801;26;2
FR;2;2021-08-06;58074;42393;242;1;0;4446978;3162701;12043;27;2
FR;2;2021-08-07;25132;17602;89;0;0;4472110;3180303;12132;27;2
FR;2;2021-08-08;3832;3666;21;0;0;4475942;3183969;12153;27;2
FR;2;2021-08-09;29287;21132;91;0;0;4505229;3205101;12244;27;2
FR;2;2021-08-10;44986;33519;154;0;0;4550215;3238620;12398;27;2
FR;2;2021-08-11;35262;25170;151;0;0;4585477;3263790;12549;27;2
FR;2;2021-08-12;41887;35729;162;0;0;4627364;3299519;12711;27;2
FR;2;2021-08-13;42584;37037;218;0;0;4669948;3336556;12929;27;2
FR;2;2021-08-14;18506;22259;93;0;0;4688454;3358815;13022;27;2
FR;2;2021-08-15;3810;3816;17;0;0;4692264;3362631;13039;27;2
FR;2;2021-08-16;25076;27212;110;0;0;4717340;3389843;13149;27;2
FR;2;2021-08-17;38247;43485;205;2;0;4755587;3433328;13354;29;2
FR;2;2021-08-18;32243;36375;194;1;1;4787830;3469703;13548;30;3
FR;2;2021-08-19;37427;46586;224;0;0;4825257;3516289;13772;30;3
FR;2;2021-08-20;40552;55599;269;1;0;4865809;3571888;14041;31;3
FR;2;2021-08-21;18116;24299;113;0;0;4883925;3596187;14154;31;3
FR;2;2021-08-22;2901;4325;22;1;1;4886826;3600512;14176;32;4
FR;2;2021-08-23;19238;35158;131;1;1;4906064;3635670;14307;33;5
FR;2;2021-08-24;31938;56025;235;0;0;4938002;3691695;14542;33;5
FR;2;2021-08-25;25925;43431;250;0;0;4963927;3735126;14792;33;5
FR;2;2021-08-26;32347;55785;387;0;0;4996274;3790911;15179;33;5
FR;2;2021-08-27;36992;65580;478;3;1;5033266;3856491;15657;36;6
FR;2;2021-08-28;17812;28469;300;0;0;5051078;3884960;15957;36;6
FR;2;2021-08-29;2655;5041;47;0;0;5053733;3890001;16004;36;6
FR;2;2021-08-30;18409;37737;399;0;758;5072142;3927738;16403;36;764
FR;2;2021-08-31;28076;57503;882;4;1536;5100218;3985241;17285;40;2300
FR;2;2021-09-01;21589;39829;1307;0;2088;5121807;4025070;18592;40;4388
FR;2;2021-09-02;25474;48600;1959;2;3283;5147281;4073670;20551;42;7671
FR;2;2021-09-03;33405;64475;2986;3;4823;5180686;4138145;23537;45;12494
FR;2;2021-09-04;16825;27698;1442;1;2348;5197511;4165843;24979;46;14842
FR;2;2021-09-05;2258;3607;264;0;413;5199769;4169450;25243;46;15255
FR;2;2021-09-06;14032;28731;1769;1;2933;5213801;4198181;27012;47;18188
FR;2;2021-09-07;21102;41060;3020;13;4856;5234903;4239241;30032;60;23044
FR;2;2021-09-08;17240;31920;2732;6;4461;5252143;4271161;32764;66;27505
FR;2;2021-09-09;20972;40442;4432;3;6749;5273115;4311603;37196;69;34254
FR;2;2021-09-10;28195;51119;5281;4;8803;5301310;4362722;42477;73;43057
FR;2;2021-09-11;13651;22346;2402;5;3927;5314961;4385068;44879;78;46984
FR;2;2021-09-12;1822;2796;283;0;505;5316783;4387864;45162;78;47489
FR;2;2021-09-13;11656;21447;2466;4;4001;5328439;4409311;47628;82;51490
FR;2;2021-09-14;18565;32768;5083;13;9021;5347004;4442079;52711;95;60511
FR;2;2021-09-15;14910;28281;5163;3;7784;5361914;4470360;57874;98;68295
FR;2;2021-09-16;16068;32765;6732;14;10522;5377982;4503125;64606;112;78817
FR;2;2021-09-17;20909;47077;8774;10;14568;5398891;4550202;73380;122;93385
FR;2;2021-09-18;9852;20923;3802;6;6020;5408743;4571125;77182;128;99405
FR;2;2021-09-19;1164;2654;395;0;650;5409907;4573779;77577;128;100055
FR;2;2021-09-20;7491;18798;3851;7;6154;5417398;4592577;81428;135;106209
FR;2;2021-09-21;11205;30002;6494;5;10739;5428603;4622579;87922;140;116948
FR;2;2021-09-22;9405;23554;5489;7;8511;5438008;4646133;93411;147;125459
FR;2;2021-09-23;10721;28860;7879;9;12632;5448729;4674993;101290;156;138091
FR;2;2021-09-24;15061;42844;10871;18;17171;5463790;4717837;112161;174;155262
FR;2;2021-09-25;7257;18720;3961;10;6078;5471047;4736557;116122;184;161340
FR;2;2021-09-26;1079;2563;494;0;638;5472126;4739120;116616;184;161978
FR;2;2021-09-27;6311;16454;4285;7;6551;5478437;4755574;120901;191;168529
FR;2;2021-09-28;9237;25544;7767;13;12066;5487674;4781118;128668;204;180595
FR;2;2021-09-29;8078;20206;6066;25;9257;5495752;4801324;134734;229;189852
FR;2;2021-09-30;9863;25778;9502;16;14077;5505615;4827102;144236;245;203929
FR;2;2021-10-01;13966;35626;12910;25;19223;5519581;4862728;157146;270;223152
FR;2;2021-10-02;6874;15868;4842;6;6997;5526455;4878596;161988;276;230149
FR;2;2021-10-03;841;1951;491;1;512;5527296;4880547;162479;277;230661
FR;2;2021-10-04;5817;13919;5514;5;7856;5533113;4894466;167993;282;238517
FR;2;2021-10-05;9050;22548;11121;19;15713;5542163;4917014;179114;301;254230
FR;2;2021-10-06;7777;17743;8238;11;11065;5549940;4934757;187352;312;265295
FR;2;2021-10-07;9191;22174;12376;15;16828;5559131;4956931;199728;327;282123
FR;2;2021-10-08;13424;32041;17344;27;23521;5572555;4988972;217072;354;305644
FR;2;2021-10-09;5997;12820;6040;6;7875;5578552;5001792;223112;360;313519
FR;2;2021-10-10;883;1642;436;2;633;5579435;5003434;223548;362;314152
FR;2;2021-10-11;5602;11609;6454;17;8838;5585037;5015043;230002;379;322990
FR;2;2021-10-12;8033;17751;12534;13;16725;5593070;5032794;242536;392;339715
FR;2;2021-10-13;6942;14850;10245;11;13602;5600012;5047644;252781;403;353317
FR;2;2021-10-14;8311;17936;14985;13;19444;5608323;5065580;267766;416;372761
FR;2;2021-10-15;11844;26273;20898;26;27935;5620167;5091853;288664;442;400696
FR;2;2021-10-16;5136;8727;1815;0;3204;5625303;5100580;290479;442;403900
FR;2;2021-10-17;650;1194;184;0;377;5625953;5101774;290663;442;404277
FR;2;2021-10-18;4556;7423;661;2;1674;5630509;5109197;291324;444;405951
FR;2;2021-10-19;6237;9901;729;5;2059;5636746;5119098;292053;449;408010
FR;2;2021-10-20;5160;8109;756;3;1687;5641906;5127207;292809;452;409697
FR;2;2021-10-21;6089;9971;779;5;2098;5647995;5137178;293588;457;411795
FR;2;2021-10-22;8443;14558;1144;4;2866;5656438;5151736;294732;461;414661
FR;2;2021-10-23;3840;5994;582;0;1233;5660278;5157730;295314;461;415894
FR;2;2021-10-24;494;890;100;0;204;5660772;5158620;295414;461;416098
FR;2;2021-10-25;3357;5380;300;1;829;5664129;5164000;295714;462;416927
FR;2;2021-10-26;4172;7255;1124;4;2004;5668301;5171255;296838;466;418931
FR;2;2021-10-27;3672;6627;1193;5;2000;5671973;5177882;298031;471;420931
FR;2;2021-10-28;4597;7693;1725;3;2739;5676570;5185575;299756;474;423670
FR;2;2021-10-29;5405;11074;2429;4;3664;5681975;5196649;302185;478;427334
FR;2;2021-10-30;2748;4430;972;1;1425;5684723;5201079;303157;479;428759
FR;2;2021-10-31;363;543;139;1;187;5685086;5201622;303296;480;428946
FR;2;2021-11-01;416;557;172;0;263;5685502;5202179;303468;480;429209
FR;2;2021-11-02;3286;6765;1179;0;1757;5688788;5208944;304647;480;430966
FR;2;2021-11-03;3336;6257;1383;2;1964;5692124;5215201;306030;482;432930
FR;2;2021-11-04;3985;7104;1758;4;2489;5696109;5222305;307788;486;435419
FR;2;2021-11-05;5225;10505;2863;5;3941;5701334;5232810;310651;491;439360
FR;2;2021-11-06;2591;4660;1396;0;1807;5703925;5237470;312047;491;441167
FR;2;2021-11-07;508;869;216;0;287;5704433;5238339;312263;491;441454
FR;2;2021-11-08;2575;5378;1200;3;1682;5707008;5243717;313463;494;443136
FR;2;2021-11-09;2749;6955;2391;6;3173;5709757;5250672;315854;500;446309
FR;2;2021-11-10;2584;5719;5090;6;6265;5712341;5256391;320944;506;452574
FR;2;2021-11-11;433;743;730;2;914;5712774;5257134;321674;508;453488
FR;2;2021-11-12;2950;8110;8959;8;10894;5715724;5265244;330633;516;464382
FR;2;2021-11-13;1530;3373;3865;7;4524;5717254;5268617;334498;523;468906
FR;2;2021-11-14;254;610;347;1;486;5717508;5269227;334845;524;469392
FR;2;2021-11-15;1619;3701;4434;9;5322;5719127;5272928;339279;533;474714
FR;2;2021-11-16;2182;5947;8287;14;10060;5721309;5278875;347566;547;484774
FR;2;2021-11-17;1739;4570;6618;8;7834;5723048;5283445;354184;555;492608
FR;2;2021-11-18;2188;5942;9169;11;10990;5725236;5289387;363353;566;503598
FR;2;2021-11-19;2696;7807;12958;19;15463;5727932;5297194;376311;585;519061
FR;2;2021-11-20;1564;3326;5166;5;6066;5729496;5300520;381477;590;525127
FR;2;2021-11-21;246;520;540;0;666;5729742;5301040;382017;590;525793
FR;2;2021-11-22;1275;2629;4469;5;5404;5731017;5303669;386486;595;531197
FR;2;2021-11-23;1613;4313;8185;9;9887;5732630;5307982;394671;604;541084
FR;2;2021-11-24;1418;3801;7459;14;8712;5734048;5311783;402130;618;549796
FR;2;2021-11-25;1810;4905;11443;21;13647;5735858;5316688;413573;639;563443
FR;2;2021-11-26;2537;7773;22646;31;26060;5738395;5324461;436219;670;589503
FR;2;2021-11-27;1497;4133;12255;18;13987;5739892;5328594;448474;688;603490
FR;2;2021-11-28;291;844;1965;3;2289;5740183;5329438;450439;691;605779
FR;2;2021-11-29;1444;4391;15071;23;17239;5741627;5333829;465510;714;623018
FR;2;2021-11-30;1911;6757;26220;36;29977;5743538;5340586;491730;750;652995
FR;2;2021-12-01;1902;6104;26182;29;29501;5745440;5346690;517912;779;682496
FR;2;2021-12-02;1907;6837;37681;52;41923;5747347;5353527;555593;831;724419
FR;2;2021-12-03;2549;10095;53585;112;59301;5749896;5363622;609178;943;783720
FR;2;2021-12-04;1848;6297;37087;38;40756;5751744;5369919;646265;981;824476
FR;2;2021-12-05;458;2281;14250;14;15992;5752202;5372200;660515;995;840468
FR;2;2021-12-06;2455;9887;77680;109;84726;5754657;5382087;738195;1104;925194
FR;2;2021-12-07;3444;15336;122405;238;133686;5758101;5397423;860600;1342;1058880
FR;2;2021-12-08;3717;16056;133168;330;145368;5761818;5413479;993768;1672;1204248
FR;2;2021-12-09;4542;19623;170138;554;185489;5766360;5433102;1163906;2226;1389737
FR;2;2021-12-10;4668;22812;188602;489;206027;5771028;5455914;1352508;2715;1595764
FR;2;2021-12-11;3681;16620;132420;238;144850;5774709;5472534;1484928;2953;1740614
FR;2;2021-12-12;1257;7138;59078;83;65129;5775966;5479672;1544006;3036;1805743
FR;2;2021-12-13;5524;26850;220646;604;242922;5781490;5506522;1764652;3640;2048665
FR;2;2021-12-14;7015;37511;300704;910;332160;5788505;5544033;2065356;4550;2380825
FR;2;2021-12-15;6560;36239;285162;955;315757;5795065;5580272;2350518;5505;2696582
FR;2;2021-12-16;7764;37926;312090;981;343674;5802829;5618198;2662608;6486;3040256
FR;2;2021-12-17;8682;41226;327823;975;360887;5811511;5659424;2990431;7461;3401143
FR;2;2021-12-18;6515;26563;212315;448;233614;5818026;5685987;3202746;7909;3634757
FR;2;2021-12-19;2599;11491;90200;184;100380;5820625;5697478;3292946;8093;3735137
FR;2;2021-12-20;9548;33610;275144;706;303315;5830173;5731088;3568090;8799;4038452
FR;2;2021-12-21;11554;38314;309582;969;341360;5841727;5769402;3877672;9768;4379812
FR;2;2021-12-22;10455;32860;265073;952;292456;5852182;5802262;4142745;10720;4672268
FR;2;2021-12-23;9425;26712;199449;700;221256;5861607;5828974;4342194;11420;4893524
FR;2;2021-12-24;2780;7495;43842;140;49555;5864387;5836469;4386036;11560;4943079
FR;2;2021-12-25;201;702;2000;10;2497;5864588;5837171;4388036;11570;4945576
FR;2;2021-12-26;1322;4217;25145;71;28680;5865910;5841388;4413181;11641;4974256
FR;2;2021-12-27;8074;29933;218377;660;243293;5873984;5871321;4631558;12301;5217549
FR;2;2021-12-28;9840;36342;272061;741;301950;5883824;5907663;4903619;13042;5519499
FR;2;2021-12-29;9493;32281;246096;766;272659;5893317;5939944;5149715;13808;5792158
FR;2;2021-12-30;9451;28131;208801;662;231461;5902768;5968075;5358516;14470;6023619
FR;2;2021-12-31;3008;8388;54975;177;61238;5905776;5976463;5413491;14647;6084857
FR;2;2022-01-01;227;693;2849;7;3342;5906003;5977156;5416340;14654;6088199
FR;2;2022-01-02;1505;4855;29504;74;33393;5907508;5982011;5445844;14728;6121592
FR;2;2022-01-03;9578;35358;266497;807;293853;5917086;6017369;5712341;15535;6415445
FR;2;2022-01-04;12840;45367;342056;1067;376936;5929926;6062736;6054397;16602;6792381
FR;2;2022-01-05;11272;38664;294131;885;323799;5941198;6101400;6348528;17487;7116180
FR;2;2022-01-06;13652;43487;331917;1296;364697;5954850;6144887;6680445;18783;7480877
FR;2;2022-01-07;14219;47602;361064;1268;396371;5969069;6192489;7041509;20051;7877248
FR;2;2022-01-08;7946;28146;201247;515;221673;5977015;6220635;7242756;20566;8098921
FR;2;2022-01-09;2748;9020;62517;137;69534;5979763;6229655;7305273;20703;8168455
FR;2;2022-01-10;10086;31915;232435;857;255031;5989849;6261570;7537708;21560;8423486
FR;2;2022-01-11;11470;36255;265862;1030;290561;6001319;6297825;7803570;22590;8714047
FR;2;2022-01-12;8762;29838;206291;861;226169;6010081;6327663;8009861;23451;8940216
FR;2;2022-01-13;9387;31342;224456;831;244801;6019468;6359005;8234317;24282;9185017
FR;2;2022-01-14;9741;35662;254507;919;277668;6029209;6394667;8488824;25201;9462685
FR;2;2022-01-15;5356;19454;140762;359;153630;6034565;6414121;8629586;25560;9616315
FR;2;2022-01-16;1512;5526;35868;80;39848;6036077;6419647;8665454;25640;9656163
FR;2;2022-01-17;5546;19303;135379;601;147243;6041623;6438950;8800833;26241;9803406
FR;2;2022-01-18;6417;21531;148603;648;160473;6048040;6460481;8949436;26889;9963879
FR;2;2022-01-19;4388;16367;105079;552;113694;6052428;6476848;9054515;27441;10077573
FR;2;2022-01-20;4865;17596;115271;603;123669;6057293;6494444;9169786;28044;10201242
FR;2;2022-01-21;5193;20058;137322;677;147736;6062486;6514502;9307108;28721;10348978
FR;2;2022-01-22;3025;10970;74254;259;80331;6065511;6525472;9381362;28980;10429309
FR;2;2022-01-23;722;2744;15236;41;16842;6066233;6528216;9396598;29021;10446151
FR;2;2022-01-24;3292;12832;75053;430;81011;6069525;6541048;9471651;29451;10527162
FR;2;2022-01-25;3574;14431;79609;495;85443;6073099;6555479;9551260;29946;10612605
FR;2;2022-01-26;2515;10653;58956;363;62985;6075614;6566132;9610216;30309;10675590
FR;2;2022-01-27;2683;11226;64160;388;67898;6078297;6577358;9674376;30697;10743488
FR;2;2022-01-28;3543;18425;91709;430;98963;6081840;6595783;9766085;31127;10842451
FR;2;2022-01-29;1889;9261;48834;164;52919;6083729;6605044;9814919;31291;10895370
FR;2;2022-01-30;466;2248;9453;38;10609;6084195;6607292;9824372;31329;10905979
FR;2;2022-01-31;1887;9605;43814;208;47343;6086082;6616897;9868186;31537;10953322
FR;2;2022-02-01;1911;10048;47016;278;50101;6087993;6626945;9915202;31815;11003423
FR;2;2022-02-02;1605;9037;41098;251;44172;6089598;6635982;9956300;32066;11047595
FR;2;2022-02-03;1720;8937;40505;204;42906;6091318;6644919;9996805;32270;11090501
FR;2;2022-02-04;2152;15224;66621;297;71346;6093470;6660143;10063426;32567;11161847
FR;2;2022-02-05;1362;8540;35931;131;39229;6094832;6668683;10099357;32698;11201076
FR;2;2022-02-06;274;1784;6123;16;6898;6095106;6670467;10105480;32714;11207974
FR;2;2022-02-07;1349;9611;37743;133;41303;6096455;6680078;10143223;32847;11249277
FR;2;2022-02-08;1297;9808;40924;173;43706;6097752;6689886;10184147;33020;11292983
FR;2;2022-02-09;1160;8807;37030;172;40448;6098912;6698693;10221177;33192;11333431
FR;2;2022-02-10;1021;7975;33829;203;36497;6099933;6706668;10255006;33395;11369928
FR;2;2022-02-11;1390;12076;53334;222;57679;6101323;6718744;10308340;33617;11427607
FR;2;2022-02-12;749;6526;27983;83;30800;6102072;6725270;10336323;33700;11458407
FR;2;2022-02-13;199;1334;4833;20;5573;6102271;6726604;10341156;33720;11463980
FR;2;2022-02-14;833;6723;30260;89;33222;6103104;6733327;10371416;33809;11497202
FR;2;2022-02-15;771;6445;28042;141;29981;6103875;6739772;10399458;33950;11527183
FR;2;2022-02-16;656;5338;22040;123;23599;6104531;6745110;10421498;34073;11550782
FR;2;2022-02-17;513;3769;14140;98;14604;6105044;6748879;10435638;34171;11565386
FR;2;2022-02-18;720;5359;20426;134;21123;6105764;6754238;10456064;34305;11586509
FR;2;2022-02-19;429;3045;10527;66;11241;6106193;6757283;10466591;34371;11597750
FR;2;2022-02-20;101;512;1455;3;1603;6106294;6757795;10468046;34374;11599353
FR;2;2022-02-21;419;2680;9113;65;9488;6106713;6760475;10477159;34439;11608841
FR;2;2022-02-22;390;2561;8887;75;8788;6107103;6763036;10486046;34514;11617629
FR;2;2022-02-23;432;2597;8985;82;9264;6107535;6765633;10495031;34596;11626893
FR;2;2022-02-24;313;2026;6795;81;6822;6107848;6767659;10501826;34677;11633715
FR;2;2022-02-25;455;3190;11411;108;11272;6108303;6770849;10513237;34785;11644987
FR;2;2022-02-26;291;1888;6033;49;6338;6108594;6772737;10519270;34834;11651325
FR;2;2022-02-27;75;311;905;5;947;6108669;6773048;10520175;34839;11652272
FR;2;2022-02-28;330;1675;5514;50;5520;6108999;6774723;10525689;34889;11657792
FR;2;2022-03-01;274;1553;5470;44;5188;6109273;6776276;10531159;34933;11662980
FR;2;2022-03-02;296;1428;5242;43;5082;6109569;6777704;10536401;34976;11668062
FR;2;2022-03-03;224;1100;3701;41;3476;6109793;6778804;10540102;35017;11671538
FR;2;2022-03-04;240;1460;4848;73;4494;6110033;6780264;10544950;35090;11676032
FR;2;2022-03-05;167;902;2972;32;2715;6110200;6781166;10547922;35122;11678747
FR;2;2022-03-06;37;179;270;5;311;6110237;6781345;10548192;35127;11679058
FR;2;2022-03-07;155;652;1980;68;1771;6110392;6781997;10550172;35195;11680829
FR;2;2022-03-08;142;652;2269;49;1900;6110534;6782649;10552441;35244;11682729
FR;2;2022-03-09;150;694;2338;36;2038;6110684;6783343;10554779;35280;11684767
FR;2;2022-03-10;119;589;1680;34;1451;6110803;6783932;10556459;35314;11686218
FR;2;2022-03-11;171;754;2768;57;2368;6110974;6784686;10559227;35371;11688586
FR;2;2022-03-12;142;479;1783;27;1552;6111116;6785165;10561010;35398;11690138
FR;2;2022-03-13;25;73;201;29;202;6111141;6785238;10561211;35427;11690340
FR;2;2022-03-14;124;459;1551;529;1283;6111265;6785697;10562762;35956;11691623
FR;2;2022-03-15;139;414;1703;688;1318;6111404;6786111;10564465;36644;11692941
FR;2;2022-03-16;139;457;2007;1611;1582;6111543;6786568;10566472;38255;11694523
FR;2;2022-03-17;93;411;1403;1192;1141;6111636;6786979;10567875;39447;11695664
FR;2;2022-03-18;143;489;2014;1787;1657;6111779;6787468;10569889;41234;11697321
FR;2;2022-03-19;107;318;1209;940;1013;6111886;6787786;10571098;42174;11698334
FR;2;2022-03-20;12;76;188;59;164;6111898;6787862;10571286;42233;11698498
FR;2;2022-03-21;96;300;1208;1481;1072;6111994;6788162;10572494;43714;11699570
FR;2;2022-03-22;118;383;1525;1827;1289;6112112;6788545;10574019;45541;11700859
FR;2;2022-03-23;137;342;1658;3028;1448;6112249;6788887;10575677;48569;11702307
FR;2;2022-03-24;113;286;1175;1546;990;6112362;6789173;10576852;50115;11703297
FR;2;2022-03-25;115;358;1786;2448;1457;6112477;6789531;10578638;52563;11704754
FR;2;2022-03-26;71;244;1198;1220;946;6112548;6789775;10579836;53783;11705700
FR;2;2022-03-27;18;36;150;98;130;6112566;6789811;10579986;53881;11705830
FR;2;2022-03-28;94;282;1132;1587;991;6112660;6790093;10581118;55468;11706821
FR;2;2022-03-29;104;255;1321;2460;1101;6112764;6790348;10582439;57928;11707922
FR;2;2022-03-30;90;312;1478;3166;1314;6112854;6790660;10583917;61094;11709236
FR;2;2022-03-31;103;274;1255;2312;1067;6112957;6790934;10585172;63406;11710303
FR;2;2022-04-01;114;312;1544;2339;1299;6113071;6791246;10586716;65745;11711602
FR;2;2022-04-02;68;159;841;888;734;6113139;6791405;10587557;66633;11712336
FR;2;2022-04-03;16;52;125;111;139;6113155;6791457;10587682;66744;11712475
FR;2;2022-04-04;103;220;967;1427;772;6113258;6791677;10588649;68171;11713247
FR;2;2022-04-05;137;282;1283;2843;1118;6113395;6791959;10589932;71014;11714365
FR;2;2022-04-06;85;242;1293;2467;1106;6113480;6792201;10591225;73481;11715471
FR;2;2022-04-07;117;214;1274;2660;1020;6113597;6792415;10592499;76141;11716491
FR;2;2022-04-08;119;326;1606;3205;1306;6113716;6792741;10594105;79346;11717797
FR;2;2022-04-09;90;218;886;1045;723;6113806;6792959;10594991;80391;11718520
FR;2;2022-04-10;34;40;140;162;113;6113840;6792999;10595131;80553;11718633
FR;2;2022-04-11;83;180;846;1482;753;6113923;6793179;10595977;82035;11719386
FR;2;2022-04-12;180;257;1151;2618;1022;6114103;6793436;10597128;84653;11720408
FR;2;2022-04-13;139;219;1083;2334;941;6114242;6793655;10598211;86987;11721349
FR;2;2022-04-14;110;211;1049;2621;879;6114352;6793866;10599260;89608;11722228
FR;2;2022-04-15;108;233;1132;2244;993;6114460;6794099;10600392;91852;11723221
FR;2;2022-04-16;61;107;531;537;440;6114521;6794206;10600923;92389;11723661
FR;2;2022-04-17;13;26;57;53;53;6114534;6794232;10600980;92442;11723714
FR;2;2022-04-18;10;27;77;62;75;6114544;6794259;10601057;92504;11723789
FR;2;2022-04-19;108;228;1075;1664;910;6114652;6794487;10602132;94168;11724699
FR;2;2022-04-20;91;229;1043;2064;874;6114743;6794716;10603175;96232;11725573
FR;2;2022-04-21;108;224;943;1789;803;6114851;6794940;10604118;98021;11726376
FR;2;2022-04-22;91;253;1142;1963;928;6114942;6795193;10605260;99984;11727304
FR;2;2022-04-23;64;146;627;754;549;6115006;6795339;10605887;100738;11727853
FR;2;2022-04-24;10;26;96;68;74;6115016;6795365;10605983;100806;11727927
FR;2;2022-04-25;99;184;718;1188;638;6115115;6795549;10606701;101994;11728565
FR;2;2022-04-26;95;173;975;1750;820;6115210;6795722;10607676;103744;11729385
FR;2;2022-04-27;88;170;804;1580;712;6115298;6795892;10608480;105324;11730097
FR;2;2022-04-28;74;182;820;1490;715;6115372;6796074;10609300;106814;11730812
FR;3;2020-12-27;0;0;0;0;0;0;0;0;0;0
FR;3;2020-12-28;0;0;0;0;0;0;0;0;0;0
FR;3;2020-12-29;0;0;0;0;0;0;0;0;0;0
FR;3;2020-12-30;0;0;0;0;0;0;0;0;0;0
FR;3;2020-12-31;0;0;0;0;0;0;0;0;0;0
FR;3;2021-01-01;0;0;0;0;0;0;0;0;0;0
FR;3;2021-01-02;0;0;0;0;0;0;0;0;0;0
FR;3;2021-01-03;0;0;0;0;0;0;0;0;0;0
FR;3;2021-01-04;0;0;0;0;0;0;0;0;0;0
FR;3;2021-01-05;0;0;0;0;0;0;0;0;0;0
FR;3;2021-01-06;0;0;0;0;0;0;0;0;0;0
FR;3;2021-01-07;0;0;0;0;0;0;0;0;0;0
FR;3;2021-01-08;0;0;0;0;0;0;0;0;0;0
FR;3;2021-01-09;0;0;0;0;0;0;0;0;0;0
FR;3;2021-01-10;0;0;0;0;0;0;0;0;0;0
FR;3;2021-01-11;0;0;0;0;0;0;0;0;0;0
FR;3;2021-01-12;0;0;0;0;0;0;0;0;0;0
FR;3;2021-01-13;0;0;0;0;0;0;0;0;0;0
FR;3;2021-01-14;0;0;0;0;0;0;0;0;0;0
FR;3;2021-01-15;0;0;0;0;0;0;0;0;0;0
FR;3;2021-01-16;0;0;0;0;0;0;0;0;0;0
FR;3;2021-01-17;0;0;0;0;0;0;0;0;0;0
FR;3;2021-01-18;0;0;0;0;0;0;0;0;0;0
FR;3;2021-01-19;0;0;0;0;0;0;0;0;0;0
FR;3;2021-01-20;0;0;0;0;0;0;0;0;0;0
FR;3;2021-01-21;0;0;0;0;0;0;0;0;0;0
FR;3;2021-01-22;0;0;0;0;0;0;0;0;0;0
FR;3;2021-01-23;0;0;0;0;0;0;0;0;0;0
FR;3;2021-01-24;0;0;0;0;0;0;0;0;0;0
FR;3;2021-01-25;0;0;0;0;0;0;0;0;0;0
FR;3;2021-01-26;0;0;0;0;0;0;0;0;0;0
FR;3;2021-01-27;0;0;0;0;0;0;0;0;0;0
FR;3;2021-01-28;0;0;0;0;0;0;0;0;0;0
FR;3;2021-01-29;0;0;0;0;0;0;0;0;0;0
FR;3;2021-01-30;0;0;0;0;0;0;0;0;0;0
FR;3;2021-01-31;0;0;0;0;0;0;0;0;0;0
FR;3;2021-02-01;0;0;0;0;0;0;0;0;0;0
FR;3;2021-02-02;0;0;0;0;0;0;0;0;0;0
FR;3;2021-02-03;0;0;0;0;0;0;0;0;0;0
FR;3;2021-02-04;0;0;0;0;0;0;0;0;0;0
FR;3;2021-02-05;0;0;0;0;0;0;0;0;0;0
FR;3;2021-02-06;1687;0;0;0;0;1687;0;0;0;0
FR;3;2021-02-07;1422;0;0;0;0;3109;0;0;0;0
FR;3;2021-02-08;2782;0;0;0;0;5891;0;0;0;0
FR;3;2021-02-09;6782;0;0;0;0;12673;0;0;0;0
FR;3;2021-02-10;9603;0;0;0;0;22276;0;0;0;0
FR;3;2021-02-11;13608;0;0;0;0;35884;0;0;0;0
FR;3;2021-02-12;13395;0;0;0;0;49279;0;0;0;0
FR;3;2021-02-13;3781;0;0;0;0;53060;0;0;0;0
FR;3;2021-02-14;972;0;0;0;0;54032;0;0;0;0
FR;3;2021-02-15;10480;0;0;0;0;64512;0;0;0;0
FR;3;2021-02-16;12542;1;0;0;0;77054;1;0;0;0
FR;3;2021-02-17;11149;0;0;0;0;88203;1;0;0;0
FR;3;2021-02-18;14933;2;0;0;0;103136;3;0;0;0
FR;3;2021-02-19;14359;1;0;0;0;117495;4;0;0;0
FR;3;2021-02-20;3329;0;0;0;0;120824;4;0;0;0
FR;3;2021-02-21;618;0;0;0;0;121442;4;0;0;0
FR;3;2021-02-22;9161;0;0;0;0;130603;4;0;0;0
FR;3;2021-02-23;11394;1;0;0;0;141997;5;0;0;0
FR;3;2021-02-24;14298;0;0;0;0;156295;5;0;0;0
FR;3;2021-02-25;44927;1;0;0;0;201222;6;0;0;0
FR;3;2021-02-26;61882;2;0;0;0;263104;8;0;0;0
FR;3;2021-02-27;34801;5;0;0;0;297905;13;0;0;0
FR;3;2021-02-28;2463;0;0;0;0;300368;13;0;0;0
FR;3;2021-03-01;20506;9;0;0;0;320874;22;0;0;0
FR;3;2021-03-02;38860;18;0;0;0;359734;40;0;0;0
FR;3;2021-03-03;48727;17;0;0;0;408461;57;0;0;0
FR;3;2021-03-04;82214;20;0;0;0;490675;77;0;0;0
FR;3;2021-03-05;118121;39;0;0;0;608796;116;0;0;0
FR;3;2021-03-06;120707;51;1;0;0;729503;167;1;0;0
FR;3;2021-03-07;55175;27;0;0;0;784678;194;1;0;0
FR;3;2021-03-08;42806;24;0;0;0;827484;218;1;0;0
FR;3;2021-03-09;78966;40;0;0;0;906450;258;1;0;0
FR;3;2021-03-10;80962;46;0;0;0;987412;304;1;0;0
FR;3;2021-03-11;128417;51;0;0;0;1115829;355;1;0;0
FR;3;2021-03-12;182718;82;0;0;0;1298547;437;1;0;0
FR;3;2021-03-13;132139;61;0;0;0;1430686;498;1;0;0
FR;3;2021-03-14;14054;4;0;0;0;1444740;502;1;0;0
FR;3;2021-03-15;52223;41;0;0;0;1496963;543;1;0;0
FR;3;2021-03-16;1209;22;0;0;0;1498172;565;1;0;0
FR;3;2021-03-17;941;23;0;0;0;1499113;588;1;0;0
FR;3;2021-03-18;1564;9;0;0;0;1500677;597;1;0;0
FR;3;2021-03-19;70446;46;0;0;0;1571123;643;1;0;0
FR;3;2021-03-20;65224;42;0;0;0;1636347;685;1;0;0
FR;3;2021-03-21;5754;4;0;0;0;1642101;689;1;0;0
FR;3;2021-03-22;37494;34;0;0;0;1679595;723;1;0;0
FR;3;2021-03-23;84650;61;0;0;0;1764245;784;1;0;0
FR;3;2021-03-24;90934;93;0;0;0;1855179;877;1;0;0
FR;3;2021-03-25;150042;124;0;0;0;2005221;1001;1;0;0
FR;3;2021-03-26;165412;152;0;0;0;2170633;1153;1;0;0
FR;3;2021-03-27;68455;96;0;0;0;2239088;1249;1;0;0
FR;3;2021-03-28;6469;19;0;0;0;2245557;1268;1;0;0
FR;3;2021-03-29;54157;70;0;0;0;2299714;1338;1;0;0
FR;3;2021-03-30;93158;96;0;0;0;2392872;1434;1;0;0
FR;3;2021-03-31;63519;86;0;0;0;2456391;1520;1;0;0
FR;3;2021-04-01;86118;103;0;0;0;2542509;1623;1;0;0
FR;3;2021-04-02;86887;148;0;0;0;2629396;1771;1;0;0
FR;3;2021-04-03;35870;114;0;0;0;2665266;1885;1;0;0
FR;3;2021-04-04;3570;15;0;0;0;2668836;1900;1;0;0
FR;3;2021-04-05;4483;28;0;0;0;2673319;1928;1;0;0
FR;3;2021-04-06;29739;80;0;0;0;2703058;2008;1;0;0
FR;3;2021-04-07;32334;74;0;0;0;2735392;2082;1;0;0
FR;3;2021-04-08;78810;237;0;0;0;2814202;2319;1;0;0
FR;3;2021-04-09;161745;410;0;0;0;2975947;2729;1;0;0
FR;3;2021-04-10;75752;331;0;0;0;3051699;3060;1;0;0
FR;3;2021-04-11;7307;44;0;0;0;3059006;3104;1;0;0
FR;3;2021-04-12;51464;202;0;0;0;3110470;3306;1;0;0
FR;3;2021-04-13;86216;315;0;0;0;3196686;3621;1;0;0
FR;3;2021-04-14;67833;339;0;0;0;3264519;3960;1;0;0
FR;3;2021-04-15;93220;368;0;0;0;3357739;4328;1;0;0
FR;3;2021-04-16;112514;572;0;0;0;3470253;4900;1;0;0
FR;3;2021-04-17;53311;322;1;0;0;3523564;5222;2;0;0
FR;3;2021-04-18;9741;34;0;0;0;3533305;5256;2;0;0
FR;3;2021-04-19;25101;233;0;0;0;3558406;5489;2;0;0
FR;3;2021-04-20;45669;392;0;0;0;3604075;5881;2;0;0
FR;3;2021-04-21;38965;462;0;0;0;3643040;6343;2;0;0
FR;3;2021-04-22;54700;779;0;0;0;3697740;7122;2;0;0
FR;3;2021-04-23;70480;1012;0;0;0;3768220;8134;2;0;0
FR;3;2021-04-24;37240;982;0;0;0;3805460;9116;2;0;0
FR;3;2021-04-25;6202;154;0;0;0;3811662;9270;2;0;0
FR;3;2021-04-26;19780;650;0;0;0;3831442;9920;2;0;0
FR;3;2021-04-27;34468;1254;0;0;0;3865910;11174;2;0;0
FR;3;2021-04-28;28959;1932;0;0;0;3894869;13106;2;0;0
FR;3;2021-04-29;45373;5949;0;0;0;3940242;19055;2;0;0
FR;3;2021-04-30;55450;8921;1;0;0;3995692;27976;3;0;0
FR;3;2021-05-01;9510;1965;0;0;0;4005202;29941;3;0;0
FR;3;2021-05-02;3070;489;0;0;0;4008272;30430;3;0;0
FR;3;2021-05-03;13056;3880;0;0;0;4021328;34310;3;0;0
FR;3;2021-05-04;23108;8402;0;0;0;4044436;42712;3;0;0
FR;3;2021-05-05;18749;10586;0;0;0;4063185;53298;3;0;0
FR;3;2021-05-06;34616;20877;0;0;0;4097801;74175;3;0;0
FR;3;2021-05-07;44200;28400;0;0;0;4142001;102575;3;0;0
FR;3;2021-05-08;6780;8870;0;0;0;4148781;111445;3;0;0
FR;3;2021-05-09;1792;2650;0;0;0;4150573;114095;3;0;0
FR;3;2021-05-10;14988;12558;0;0;0;4165561;126653;3;0;0
FR;3;2021-05-11;27092;25735;0;0;0;4192653;152388;3;0;0
FR;3;2021-05-12;17267;27451;0;0;0;4209920;179839;3;0;0
FR;3;2021-05-13;2277;3477;0;0;0;4212197;183316;3;0;0
FR;3;2021-05-14;14509;25723;0;0;0;4226706;209039;3;0;0
FR;3;2021-05-15;7230;20753;0;0;0;4233936;229792;3;0;0
FR;3;2021-05-16;974;2674;0;0;0;4234910;232466;3;0;0
FR;3;2021-05-17;7959;19922;0;0;0;4242869;252388;3;0;0
FR;3;2021-05-18;13407;29637;0;0;0;4256276;282025;3;0;0
FR;3;2021-05-19;9261;31716;0;0;0;4265537;313741;3;0;0
FR;3;2021-05-20;12801;53194;3;0;0;4278338;366935;6;0;0
FR;3;2021-05-21;12759;65485;2;0;0;4291097;432420;8;0;0
FR;3;2021-05-22;4959;33277;1;0;0;4296056;465697;9;0;0
FR;3;2021-05-23;649;2669;0;0;0;4296705;468366;9;0;0
FR;3;2021-05-24;877;4922;0;0;0;4297582;473288;9;0;0
FR;3;2021-05-25;5296;45181;1;0;0;4302878;518469;10;0;0
FR;3;2021-05-26;4966;51049;1;0;0;4307844;569518;11;0;0
FR;3;2021-05-27;6321;77809;3;0;0;4314165;647327;14;0;0
FR;3;2021-05-28;7539;99058;2;0;0;4321704;746385;16;0;0
FR;3;2021-05-29;3343;60255;1;0;0;4325047;806640;17;0;0
FR;3;2021-05-30;545;8235;0;0;0;4325592;814875;17;0;0
FR;3;2021-05-31;2434;35933;3;0;0;4328026;850808;20;0;0
FR;3;2021-06-01;3396;64750;10;0;0;4331422;915558;30;0;0
FR;3;2021-06-02;2725;58303;6;0;0;4334147;973861;36;0;0
FR;3;2021-06-03;3490;87503;10;0;0;4337637;1061364;46;0;0
FR;3;2021-06-04;4110;105053;22;0;0;4341747;1166417;68;0;0
FR;3;2021-06-05;1976;52226;4;0;0;4343723;1218643;72;0;0
FR;3;2021-06-06;504;5391;1;0;0;4344227;1224034;73;0;0
FR;3;2021-06-07;1466;31111;11;0;0;4345693;1255145;84;0;0
FR;3;2021-06-08;2044;47247;18;0;0;4347737;1302392;102;0;0
FR;3;2021-06-09;1785;42342;13;0;0;4349522;1344734;115;0;0
FR;3;2021-06-10;2241;67903;17;0;0;4351763;1412637;132;0;0
FR;3;2021-06-11;2469;96698;34;0;0;4354232;1509335;166;0;0
FR;3;2021-06-12;1173;40824;6;0;0;4355405;1550159;172;0;0
FR;3;2021-06-13;275;3813;3;0;0;4355680;1553972;175;0;0
FR;3;2021-06-14;1038;42632;17;0;0;4356718;1596604;192;0;0
FR;3;2021-06-15;1362;80612;20;0;0;4358080;1677216;212;0;0
FR;3;2021-06-16;1253;65708;19;0;0;4359333;1742924;231;0;0
FR;3;2021-06-17;1658;101781;41;0;0;4360991;1844705;272;0;0
FR;3;2021-06-18;1868;117887;61;0;0;4362859;1962592;333;0;0
FR;3;2021-06-19;800;39368;22;0;0;4363659;2001960;355;0;0
FR;3;2021-06-20;158;3380;0;0;0;4363817;2005340;355;0;0
FR;3;2021-06-21;767;39254;16;0;0;4364584;2044594;371;0;0
FR;3;2021-06-22;1060;69961;52;0;0;4365644;2114555;423;0;0
FR;3;2021-06-23;941;50814;39;0;0;4366585;2165369;462;0;0
FR;3;2021-06-24;1304;77140;48;0;0;4367889;2242509;510;0;0
FR;3;2021-06-25;1400;89949;73;0;0;4369289;2332458;583;0;0
FR;3;2021-06-26;625;33121;29;0;0;4369914;2365579;612;0;0
FR;3;2021-06-27;163;4004;1;0;0;4370077;2369583;613;0;0
FR;3;2021-06-28;647;30418;27;0;0;4370724;2400001;640;0;0
FR;3;2021-06-29;851;56162;95;0;0;4371575;2456163;735;0;0
FR;3;2021-06-30;900;45057;93;0;0;4372475;2501220;828;0;0
FR;3;2021-07-01;1159;65652;108;0;0;4373634;2566872;936;0;0
FR;3;2021-07-02;1293;90368;170;0;0;4374927;2657240;1106;0;0
FR;3;2021-07-03;600;31182;52;0;0;4375527;2688422;1158;0;0
FR;3;2021-07-04;141;4263;3;0;0;4375668;2692685;1161;0;0
FR;3;2021-07-05;606;33902;60;0;0;4376274;2726587;1221;0;0
FR;3;2021-07-06;956;56058;88;0;0;4377230;2782645;1309;0;0
FR;3;2021-07-07;869;43045;79;0;0;4378099;2825690;1388;0;0
FR;3;2021-07-08;1123;60713;99;0;0;4379222;2886403;1487;0;0
FR;3;2021-07-09;1258;68800;128;0;0;4380480;2955203;1615;0;0
FR;3;2021-07-10;639;25042;59;0;0;4381119;2980245;1674;0;0
FR;3;2021-07-11;127;3304;4;0;0;4381246;2983549;1678;0;0
FR;3;2021-07-12;659;23884;59;0;0;4381905;3007433;1737;0;0
FR;3;2021-07-13;1644;34730;90;0;0;4383549;3042163;1827;0;0
FR;3;2021-07-14;261;2636;2;0;0;4383810;3044799;1829;0;0
FR;3;2021-07-15;1931;30673;85;0;0;4385741;3075472;1914;0;0
FR;3;2021-07-16;2520;38863;122;0;0;4388261;3114335;2036;0;0
FR;3;2021-07-17;1046;13752;26;0;0;4389307;3128087;2062;0;0
FR;3;2021-07-18;262;2612;3;0;0;4389569;3130699;2065;0;0
FR;3;2021-07-19;1272;17209;37;0;0;4390841;3147908;2102;0;0
FR;3;2021-07-20;1822;27147;98;0;0;4392663;3175055;2200;0;0
FR;3;2021-07-21;1645;19725;44;0;0;4394308;3194780;2244;0;0
FR;3;2021-07-22;1847;27759;82;0;0;4396155;3222539;2326;0;0
FR;3;2021-07-23;2212;30452;117;0;0;4398367;3252991;2443;0;0
FR;3;2021-07-24;822;7009;25;0;0;4399189;3260000;2468;0;0
FR;3;2021-07-25;208;1347;1;0;0;4399397;3261347;2469;0;0
FR;3;2021-07-26;921;10715;28;0;0;4400318;3272062;2497;0;0
FR;3;2021-07-27;1164;16951;56;0;0;4401482;3289013;2553;0;0
FR;3;2021-07-28;988;12115;40;0;0;4402470;3301128;2593;0;0
FR;3;2021-07-29;1126;15841;63;0;0;4403596;3316969;2656;0;0
FR;3;2021-07-30;1125;18109;79;0;0;4404721;3335078;2735;0;0
FR;3;2021-07-31;407;3741;15;0;0;4405128;3338819;2750;0;0
FR;3;2021-08-01;112;483;1;0;0;4405240;3339302;2751;0;0
FR;3;2021-08-02;418;5156;22;0;0;4405658;3344458;2773;0;0
FR;3;2021-08-03;486;7591;27;0;0;4406144;3352049;2800;0;0
FR;3;2021-08-04;435;4892;26;0;0;4406579;3356941;2826;0;0
FR;3;2021-08-05;428;3742;12;0;0;4407007;3360683;2838;0;0
FR;3;2021-08-06;451;4798;30;0;0;4407458;3365481;2868;0;0
FR;3;2021-08-07;214;1923;11;0;0;4407672;3367404;2879;0;0
FR;3;2021-08-08;245;433;2;0;0;4407917;3367837;2881;0;0
FR;3;2021-08-09;311;2510;11;0;0;4408228;3370347;2892;0;0
FR;3;2021-08-10;359;3887;15;0;0;4408587;3374234;2907;0;0
FR;3;2021-08-11;285;2722;15;0;0;4408872;3376956;2922;0;0
FR;3;2021-08-12;276;2630;12;0;0;4409148;3379586;2934;0;0
FR;3;2021-08-13;276;2268;16;0;0;4409424;3381854;2950;0;0
FR;3;2021-08-14;169;924;1;0;0;4409593;3382778;2951;0;0
FR;3;2021-08-15;55;170;0;0;0;4409648;3382948;2951;0;0
FR;3;2021-08-16;123;1092;8;0;0;4409771;3384040;2959;0;0
FR;3;2021-08-17;186;1506;8;0;0;4409957;3385546;2967;0;0
FR;3;2021-08-18;198;1373;10;0;0;4410155;3386919;2977;0;0
FR;3;2021-08-19;165;1426;10;0;0;4410320;3388345;2987;0;0
FR;3;2021-08-20;163;1635;16;0;0;4410483;3389980;3003;0;0
FR;3;2021-08-21;93;585;2;0;0;4410576;3390565;3005;0;0
FR;3;2021-08-22;39;189;1;0;0;4410615;3390754;3006;0;0
FR;3;2021-08-23;139;935;7;0;0;4410754;3391689;3013;0;0
FR;3;2021-08-24;123;962;10;0;0;4410877;3392651;3023;0;0
FR;3;2021-08-25;136;844;2;0;0;4411013;3393495;3025;0;0
FR;3;2021-08-26;168;873;9;0;0;4411181;3394368;3034;0;0
FR;3;2021-08-27;172;965;9;0;0;4411353;3395333;3043;0;0
FR;3;2021-08-28;98;373;4;0;0;4411451;3395706;3047;0;0
FR;3;2021-08-29;126;133;1;0;0;4411577;3395839;3048;0;0
FR;3;2021-08-30;96;601;0;0;136;4411673;3396440;3048;0;136
FR;3;2021-08-31;127;716;7;0;157;4411800;3397156;3055;0;293
FR;3;2021-09-01;113;483;5;0;126;4411913;3397639;3060;0;419
FR;3;2021-09-02;99;634;22;0;122;4412012;3398273;3082;0;541
FR;3;2021-09-03;114;589;17;0;127;4412126;3398862;3099;0;668
FR;3;2021-09-04;51;298;3;0;58;4412177;3399160;3102;0;726
FR;3;2021-09-05;51;68;5;0;29;4412228;3399228;3107;0;755
FR;3;2021-09-06;113;397;4;0;145;4412341;3399625;3111;0;900
FR;3;2021-09-07;122;478;14;0;132;4412463;3400103;3125;0;1032
FR;3;2021-09-08;115;372;2;0;104;4412578;3400475;3127;0;1136
FR;3;2021-09-09;91;400;8;0;116;4412669;3400875;3135;0;1252
FR;3;2021-09-10;100;426;3;0;105;4412769;3401301;3138;0;1357
FR;3;2021-09-11;73;237;4;0;65;4412842;3401538;3142;0;1422
FR;3;2021-09-12;36;48;1;0;17;4412878;3401586;3143;0;1439
FR;3;2021-09-13;67;327;7;0;112;4412945;3401913;3150;0;1551
FR;3;2021-09-14;68;294;6;0;108;4413013;3402207;3156;0;1659
FR;3;2021-09-15;59;266;3;0;6;4413072;3402473;3159;0;1665
FR;3;2021-09-16;59;345;5;0;5;4413131;3402818;3164;0;1670
FR;3;2021-09-17;49;349;3;0;7;4413180;3403167;3167;0;1677
FR;3;2021-09-18;35;175;1;0;1;4413215;3403342;3168;0;1678
FR;3;2021-09-19;27;32;2;0;1;4413242;3403374;3170;0;1679
FR;3;2021-09-20;79;215;0;0;1;4413321;3403589;3170;0;1680
FR;3;2021-09-21;56;288;6;0;7;4413377;3403877;3176;0;1687
FR;3;2021-09-22;62;231;6;0;7;4413439;3404108;3182;0;1694
FR;3;2021-09-23;34;272;10;0;6;4413473;3404380;3192;0;1700
FR;3;2021-09-24;23;320;12;0;19;4413496;3404700;3204;0;1719
FR;3;2021-09-25;29;155;3;0;3;4413525;3404855;3207;0;1722
FR;3;2021-09-26;15;55;1;0;1;4413540;3404910;3208;0;1723
FR;3;2021-09-27;39;289;3;0;5;4413579;3405199;3211;0;1728
FR;3;2021-09-28;49;255;6;0;10;4413628;3405454;3217;0;1738
FR;3;2021-09-29;34;222;10;0;13;4413662;3405676;3227;0;1751
FR;3;2021-09-30;38;202;8;0;10;4413700;3405878;3235;0;1761
FR;3;2021-10-01;17;170;5;0;6;4413717;3406048;3240;0;1767
FR;3;2021-10-02;14;90;0;0;0;4413731;3406138;3240;0;1767
FR;3;2021-10-03;18;20;1;0;2;4413749;3406158;3241;0;1769
FR;3;2021-10-04;28;164;4;0;4;4413777;3406322;3245;0;1773
FR;3;2021-10-05;16;155;10;0;13;4413793;3406477;3255;0;1786
FR;3;2021-10-06;30;160;7;0;8;4413823;3406637;3262;0;1794
FR;3;2021-10-07;17;144;6;0;6;4413840;3406781;3268;0;1800
FR;3;2021-10-08;20;144;10;0;9;4413860;3406925;3278;0;1809
FR;3;2021-10-09;12;73;1;0;1;4413872;3406998;3279;0;1810
FR;3;2021-10-10;9;16;2;0;2;4413881;3407014;3281;0;1812
FR;3;2021-10-11;14;126;4;0;5;4413895;3407140;3285;0;1817
FR;3;2021-10-12;16;118;4;0;4;4413911;3407258;3289;0;1821
FR;3;2021-10-13;23;122;7;0;5;4413934;3407380;3296;0;1826
FR;3;2021-10-14;16;161;3;0;4;4413950;3407541;3299;0;1830
FR;3;2021-10-15;21;156;8;0;11;4413971;3407697;3307;0;1841
FR;3;2021-10-16;10;80;6;0;8;4413981;3407777;3313;0;1849
FR;3;2021-10-17;9;24;0;0;0;4413990;3407801;3313;0;1849
FR;3;2021-10-18;17;129;2;0;1;4414007;3407930;3315;0;1850
FR;3;2021-10-19;16;128;19;0;21;4414023;3408058;3334;0;1871
FR;3;2021-10-20;20;132;5;0;6;4414043;3408190;3339;0;1877
FR;3;2021-10-21;23;136;17;0;13;4414066;3408326;3356;0;1890
FR;3;2021-10-22;17;129;16;0;20;4414083;3408455;3372;0;1910
FR;3;2021-10-23;12;58;2;0;1;4414095;3408513;3374;0;1911
FR;3;2021-10-24;7;29;0;0;0;4414102;3408542;3374;0;1911
FR;3;2021-10-25;21;154;6;0;6;4414123;3408696;3380;0;1917
FR;3;2021-10-26;18;118;22;0;19;4414141;3408814;3402;0;1936
FR;3;2021-10-27;15;118;9;0;9;4414156;3408932;3411;0;1945
FR;3;2021-10-28;19;127;33;0;36;4414175;3409059;3444;0;1981
FR;3;2021-10-29;10;125;64;0;54;4414185;3409184;3508;0;2035
FR;3;2021-10-30;8;72;11;1;10;4414193;3409256;3519;1;2045
FR;3;2021-10-31;5;23;1;0;1;4414198;3409279;3520;1;2046
FR;3;2021-11-01;6;22;2;0;1;4414204;3409301;3522;1;2047
FR;3;2021-11-02;9;108;8;0;10;4414213;3409409;3530;1;2057
FR;3;2021-11-03;19;123;10;0;10;4414232;3409532;3540;1;2067
FR;3;2021-11-04;15;99;3;0;2;4414247;3409631;3543;1;2069
FR;3;2021-11-05;17;148;8;1;5;4414264;3409779;3551;2;2074
FR;3;2021-11-06;6;67;3;0;3;4414270;3409846;3554;2;2077
FR;3;2021-11-07;6;21;1;0;1;4414276;3409867;3555;2;2078
FR;3;2021-11-08;11;144;7;0;5;4414287;3410011;3562;2;2083
FR;3;2021-11-09;9;153;5;0;5;4414296;3410164;3567;2;2088
FR;3;2021-11-10;11;188;13;0;15;4414307;3410352;3580;2;2103
FR;3;2021-11-11;8;54;3;0;3;4414315;3410406;3583;2;2106
FR;3;2021-11-12;9;161;6;0;4;4414324;3410567;3589;2;2110
FR;3;2021-11-13;5;80;8;0;10;4414329;3410647;3597;2;2120
FR;3;2021-11-14;2;20;0;0;0;4414331;3410667;3597;2;2120
FR;3;2021-11-15;4;195;9;0;9;4414335;3410862;3606;2;2129
FR;3;2021-11-16;2;170;11;0;10;4414337;3411032;3617;2;2139
FR;3;2021-11-17;5;185;10;0;7;4414342;3411217;3627;2;2146
FR;3;2021-11-18;10;180;10;0;11;4414352;3411397;3637;2;2157
FR;3;2021-11-19;5;235;22;0;27;4414357;3411632;3659;2;2184
FR;3;2021-11-20;6;120;5;0;5;4414363;3411752;3664;2;2189
FR;3;2021-11-21;3;29;3;0;3;4414366;3411781;3667;2;2192
FR;3;2021-11-22;10;241;10;0;10;4414376;3412022;3677;2;2202
FR;3;2021-11-23;6;236;15;0;14;4414382;3412258;3692;2;2216
FR;3;2021-11-24;5;247;9;0;17;4414387;3412505;3701;2;2233
FR;3;2021-11-25;9;289;11;0;10;4414396;3412794;3712;2;2243
FR;3;2021-11-26;5;375;34;0;31;4414401;3413169;3746;2;2274
FR;3;2021-11-27;6;176;19;0;20;4414407;3413345;3765;2;2294
FR;3;2021-11-28;2;64;7;0;7;4414409;3413409;3772;2;2301
FR;3;2021-11-29;4;329;19;0;20;4414413;3413738;3791;2;2321
FR;3;2021-11-30;5;421;26;0;29;4414418;3414159;3817;2;2350
FR;3;2021-12-01;18;471;32;0;33;4414436;3414630;3849;2;2383
FR;3;2021-12-02;9;498;33;0;36;4414445;3415128;3882;2;2419
FR;3;2021-12-03;3;570;37;0;38;4414448;3415698;3919;2;2457
FR;3;2021-12-04;3;282;26;0;28;4414451;3415980;3945;2;2485
FR;3;2021-12-05;1;83;5;0;5;4414452;3416063;3950;2;2490
FR;3;2021-12-06;5;513;14;0;16;4414457;3416576;3964;2;2506
FR;3;2021-12-07;4;610;20;0;24;4414461;3417186;3984;2;2530
FR;3;2021-12-08;3;543;29;0;30;4414464;3417729;4013;2;2560
FR;3;2021-12-09;3;594;17;0;22;4414467;3418323;4030;2;2582
FR;3;2021-12-10;9;635;29;0;25;4414476;3418958;4059;2;2607
FR;3;2021-12-11;4;392;10;0;9;4414480;3419350;4069;2;2616
FR;3;2021-12-12;1;121;3;0;3;4414481;3419471;4072;2;2619
FR;3;2021-12-13;2;603;19;0;21;4414483;3420074;4091;2;2640
FR;3;2021-12-14;7;766;18;0;21;4414490;3420840;4109;2;2661
FR;3;2021-12-15;9;725;17;0;21;4414499;3421565;4126;2;2682
FR;3;2021-12-16;9;735;19;0;18;4414508;3422300;4145;2;2700
FR;3;2021-12-17;4;800;18;0;19;4414512;3423100;4163;2;2719
FR;3;2021-12-18;4;413;4;0;5;4414516;3423513;4167;2;2724
FR;3;2021-12-19;3;206;2;0;2;4414519;3423719;4169;2;2726
FR;3;2021-12-20;8;724;23;0;28;4414527;3424443;4192;2;2754
FR;3;2021-12-21;3;814;10;0;13;4414530;3425257;4202;2;2767
FR;3;2021-12-22;6;762;9;0;10;4414536;3426019;4211;2;2777
FR;3;2021-12-23;1;653;9;0;8;4414537;3426672;4220;2;2785
FR;3;2021-12-24;2;272;3;0;6;4414539;3426944;4223;2;2791
FR;3;2021-12-25;0;25;0;0;0;4414539;3426969;4223;2;2791
FR;3;2021-12-26;0;95;1;0;1;4414539;3427064;4224;2;2792
FR;3;2021-12-27;7;543;17;0;19;4414546;3427607;4241;2;2811
FR;3;2021-12-28;1;691;6;0;5;4414547;3428298;4247;2;2816
FR;3;2021-12-29;4;575;14;0;16;4414551;3428873;4261;2;2832
FR;3;2021-12-30;1;601;7;0;10;4414552;3429474;4268;2;2842
FR;3;2021-12-31;0;207;5;0;6;4414552;3429681;4273;2;2848
FR;3;2022-01-01;0;27;0;0;2;4414552;3429708;4273;2;2850
FR;3;2022-01-02;0;82;0;0;0;4414552;3429790;4273;2;2850
FR;3;2022-01-03;3;564;17;0;20;4414555;3430354;4290;2;2870
FR;3;2022-01-04;6;624;9;0;8;4414561;3430978;4299;2;2878
FR;3;2022-01-05;4;554;10;0;14;4414565;3431532;4309;2;2892
FR;3;2022-01-06;5;549;9;0;12;4414570;3432081;4318;2;2904
FR;3;2022-01-07;2;577;11;0;14;4414572;3432658;4329;2;2918
FR;3;2022-01-08;2;285;4;0;5;4414574;3432943;4333;2;2923
FR;3;2022-01-09;0;118;0;0;0;4414574;3433061;4333;2;2923
FR;3;2022-01-10;2;479;12;0;12;4414576;3433540;4345;2;2935
FR;3;2022-01-11;2;533;1;0;1;4414578;3434073;4346;2;2936
FR;3;2022-01-12;2;446;9;0;10;4414580;3434519;4355;2;2946
FR;3;2022-01-13;3;426;11;0;12;4414583;3434945;4366;2;2958
FR;3;2022-01-14;3;478;10;0;12;4414586;3435423;4376;2;2970
FR;3;2022-01-15;0;299;2;0;3;4414586;3435722;4378;2;2973
FR;3;2022-01-16;0;116;1;0;1;4414586;3435838;4379;2;2974
FR;3;2022-01-17;2;351;8;0;10;4414588;3436189;4387;2;2984
FR;3;2022-01-18;2;416;1;0;2;4414590;3436605;4388;2;2986
FR;3;2022-01-19;1;350;5;0;10;4414591;3436955;4393;2;2996
FR;3;2022-01-20;1;379;5;0;3;4414592;3437334;4398;2;2999
FR;3;2022-01-21;2;376;5;0;8;4414594;3437710;4403;2;3007
FR;3;2022-01-22;2;232;1;0;2;4414596;3437942;4404;2;3009
FR;3;2022-01-23;0;82;0;0;1;4414596;3438024;4404;2;3010
FR;3;2022-01-24;2;351;1;0;6;4414598;3438375;4405;2;3016
FR;3;2022-01-25;0;193;0;0;0;4414598;3438568;4405;2;3016
FR;3;2022-01-26;0;89;0;0;0;4414598;3438657;4405;2;3016
FR;3;2022-01-27;0;59;0;0;0;4414598;3438716;4405;2;3016
FR;3;2022-01-28;0;134;0;0;0;4414598;3438850;4405;2;3016
FR;3;2022-01-29;0;110;0;0;0;4414598;3438960;4405;2;3016
FR;3;2022-01-30;0;51;0;0;0;4414598;3439011;4405;2;3016
FR;3;2022-01-31;0;98;0;0;0;4414598;3439109;4405;2;3016
FR;3;2022-02-01;0;108;0;0;1;4414598;3439217;4405;2;3017
FR;3;2022-02-02;0;97;0;0;0;4414598;3439314;4405;2;3017
FR;3;2022-02-03;0;101;0;0;0;4414598;3439415;4405;2;3017
FR;3;2022-02-04;0;124;0;0;0;4414598;3439539;4405;2;3017
FR;3;2022-02-05;0;73;0;0;0;4414598;3439612;4405;2;3017
FR;3;2022-02-06;0;11;0;0;0;4414598;3439623;4405;2;3017
FR;3;2022-02-07;0;89;0;0;1;4414598;3439712;4405;2;3018
FR;3;2022-02-08;0;0;0;0;0;4414598;3439712;4405;2;3018
FR;3;2022-02-09;0;0;0;0;0;4414598;3439712;4405;2;3018
FR;3;2022-02-10;0;0;0;0;0;4414598;3439712;4405;2;3018
FR;3;2022-02-11;0;0;0;0;0;4414598;3439712;4405;2;3018
FR;3;2022-02-12;0;0;0;0;0;4414598;3439712;4405;2;3018
FR;3;2022-02-13;0;0;0;0;0;4414598;3439712;4405;2;3018
FR;3;2022-02-14;0;0;0;0;0;4414598;3439712;4405;2;3018
FR;3;2022-02-15;0;0;0;0;0;4414598;3439712;4405;2;3018
FR;3;2022-02-16;0;0;0;0;0;4414598;3439712;4405;2;3018
FR;3;2022-02-17;0;0;0;0;0;4414598;3439712;4405;2;3018
FR;3;2022-02-18;0;0;0;0;0;4414598;3439712;4405;2;3018
FR;3;2022-02-19;0;0;0;0;0;4414598;3439712;4405;2;3018
FR;3;2022-02-20;0;0;0;0;0;4414598;3439712;4405;2;3018
FR;3;2022-02-21;2;0;0;0;0;4414600;3439712;4405;2;3018
FR;3;2022-02-22;0;0;0;0;0;4414600;3439712;4405;2;3018
FR;3;2022-02-23;0;0;0;0;0;4414600;3439712;4405;2;3018
FR;3;2022-02-24;0;0;0;0;0;4414600;3439712;4405;2;3018
FR;3;2022-02-25;0;0;0;0;0;4414600;3439712;4405;2;3018
FR;3;2022-02-26;0;0;0;0;0;4414600;3439712;4405;2;3018
FR;3;2022-02-27;0;0;0;0;0;4414600;3439712;4405;2;3018
FR;3;2022-02-28;1;0;0;0;0;4414601;3439712;4405;2;3018
FR;3;2022-03-01;1;0;0;0;0;4414602;3439712;4405;2;3018
FR;3;2022-03-02;0;0;0;0;0;4414602;3439712;4405;2;3018
FR;3;2022-03-03;0;0;0;0;0;4414602;3439712;4405;2;3018
FR;3;2022-03-04;0;0;0;0;0;4414602;3439712;4405;2;3018
FR;3;2022-03-05;0;0;0;0;0;4414602;3439712;4405;2;3018
FR;3;2022-03-06;1;0;0;0;0;4414603;3439712;4405;2;3018
FR;3;2022-03-07;0;0;0;0;0;4414603;3439712;4405;2;3018
FR;3;2022-03-08;1;0;0;0;0;4414604;3439712;4405;2;3018
FR;3;2022-03-09;0;0;0;0;0;4414604;3439712;4405;2;3018
FR;3;2022-03-10;0;0;0;0;0;4414604;3439712;4405;2;3018
FR;3;2022-03-11;0;0;0;0;0;4414604;3439712;4405;2;3018
FR;3;2022-03-12;0;0;0;0;0;4414604;3439712;4405;2;3018
FR;3;2022-03-13;0;0;0;0;0;4414604;3439712;4405;2;3018
FR;3;2022-03-14;0;0;0;0;0;4414604;3439712;4405;2;3018
FR;3;2022-03-15;0;0;0;0;0;4414604;3439712;4405;2;3018
FR;3;2022-03-16;0;0;0;0;0;4414604;3439712;4405;2;3018
FR;3;2022-03-17;0;0;0;0;0;4414604;3439712;4405;2;3018
FR;3;2022-03-18;0;0;0;0;0;4414604;3439712;4405;2;3018
FR;3;2022-03-19;0;0;0;0;0;4414604;3439712;4405;2;3018
FR;3;2022-03-20;1;0;0;0;0;4414605;3439712;4405;2;3018
FR;3;2022-03-21;0;0;0;0;0;4414605;3439712;4405;2;3018
FR;3;2022-03-22;0;0;0;0;0;4414605;3439712;4405;2;3018
FR;3;2022-03-23;1;0;0;0;0;4414606;3439712;4405;2;3018
FR;3;2022-03-24;0;0;0;0;0;4414606;3439712;4405;2;3018
FR;3;2022-03-25;1;0;0;0;0;4414607;3439712;4405;2;3018
FR;3;2022-03-26;0;0;0;0;0;4414607;3439712;4405;2;3018
FR;3;2022-03-27;0;0;0;0;0;4414607;3439712;4405;2;3018
FR;3;2022-03-28;0;0;0;0;0;4414607;3439712;4405;2;3018
FR;3;2022-03-29;0;0;0;0;0;4414607;3439712;4405;2;3018
FR;3;2022-03-30;0;0;0;0;0;4414607;3439712;4405;2;3018
FR;3;2022-03-31;0;0;0;0;0;4414607;3439712;4405;2;3018
FR;3;2022-04-01;0;0;0;0;0;4414607;3439712;4405;2;3018
FR;3;2022-04-02;0;0;0;0;0;4414607;3439712;4405;2;3018
FR;3;2022-04-03;0;0;0;0;0;4414607;3439712;4405;2;3018
FR;3;2022-04-04;0;0;0;0;0;4414607;3439712;4405;2;3018
FR;3;2022-04-05;0;0;0;0;0;4414607;3439712;4405;2;3018
FR;3;2022-04-06;0;0;0;0;0;4414607;3439712;4405;2;3018
FR;3;2022-04-07;0;0;0;0;0;4414607;3439712;4405;2;3018
FR;3;2022-04-08;0;0;0;0;0;4414607;3439712;4405;2;3018
FR;3;2022-04-09;0;0;0;0;0;4414607;3439712;4405;2;3018
FR;3;2022-04-10;0;0;0;0;0;4414607;3439712;4405;2;3018
FR;3;2022-04-11;0;0;0;0;0;4414607;3439712;4405;2;3018
FR;3;2022-04-12;0;0;0;0;0;4414607;3439712;4405;2;3018
FR;3;2022-04-13;0;0;0;0;0;4414607;3439712;4405;2;3018
FR;3;2022-04-14;0;0;0;0;0;4414607;3439712;4405;2;3018
FR;3;2022-04-15;1;0;0;0;0;4414608;3439712;4405;2;3018
FR;3;2022-04-16;0;0;0;0;0;4414608;3439712;4405;2;3018
FR;3;2022-04-17;0;0;0;0;0;4414608;3439712;4405;2;3018
FR;3;2022-04-18;0;0;0;0;0;4414608;3439712;4405;2;3018
FR;3;2022-04-19;0;0;0;0;0;4414608;3439712;4405;2;3018
FR;3;2022-04-20;0;0;0;0;0;4414608;3439712;4405;2;3018
FR;3;2022-04-21;0;0;0;0;0;4414608;3439712;4405;2;3018
FR;3;2022-04-22;0;0;0;0;0;4414608;3439712;4405;2;3018
FR;3;2022-04-23;0;0;0;0;0;4414608;3439712;4405;2;3018
FR;3;2022-04-24;0;0;0;0;0;4414608;3439712;4405;2;3018
FR;3;2022-04-25;0;0;0;0;0;4414608;3439712;4405;2;3018
FR;3;2022-04-26;0;0;0;0;0;4414608;3439712;4405;2;3018
FR;3;2022-04-27;0;0;0;0;0;4414608;3439712;4405;2;3018
FR;3;2022-04-28;0;0;0;0;0;4414608;3439712;4405;2;3018
FR;4;2020-12-27;0;0;0;0;0;0;0;0;0;0
FR;4;2020-12-28;0;0;0;0;0;0;0;0;0;0
FR;4;2020-12-29;0;0;0;0;0;0;0;0;0;0
FR;4;2020-12-30;0;0;0;0;0;0;0;0;0;0
FR;4;2020-12-31;0;0;0;0;0;0;0;0;0;0
FR;4;2021-01-01;0;0;0;0;0;0;0;0;0;0
FR;4;2021-01-02;0;0;0;0;0;0;0;0;0;0
FR;4;2021-01-03;0;0;0;0;0;0;0;0;0;0
FR;4;2021-01-04;0;0;0;0;0;0;0;0;0;0
FR;4;2021-01-05;0;0;0;0;0;0;0;0;0;0
FR;4;2021-01-06;0;0;0;0;0;0;0;0;0;0
FR;4;2021-01-07;0;0;0;0;0;0;0;0;0;0
FR;4;2021-01-08;0;0;0;0;0;0;0;0;0;0
FR;4;2021-01-09;0;0;0;0;0;0;0;0;0;0
FR;4;2021-01-10;0;0;0;0;0;0;0;0;0;0
FR;4;2021-01-11;0;0;0;0;0;0;0;0;0;0
FR;4;2021-01-12;0;0;0;0;0;0;0;0;0;0
FR;4;2021-01-13;0;0;0;0;0;0;0;0;0;0
FR;4;2021-01-14;0;0;0;0;0;0;0;0;0;0
FR;4;2021-01-15;0;0;0;0;0;0;0;0;0;0
FR;4;2021-01-16;0;0;0;0;0;0;0;0;0;0
FR;4;2021-01-17;0;0;0;0;0;0;0;0;0;0
FR;4;2021-01-18;0;0;0;0;0;0;0;0;0;0
FR;4;2021-01-19;0;0;0;0;0;0;0;0;0;0
FR;4;2021-01-20;0;0;0;0;0;0;0;0;0;0
FR;4;2021-01-21;0;0;0;0;0;0;0;0;0;0
FR;4;2021-01-22;0;0;0;0;0;0;0;0;0;0
FR;4;2021-01-23;0;0;0;0;0;0;0;0;0;0
FR;4;2021-01-24;0;0;0;0;0;0;0;0;0;0
FR;4;2021-01-25;0;0;0;0;0;0;0;0;0;0
FR;4;2021-01-26;0;0;0;0;0;0;0;0;0;0
FR;4;2021-01-27;0;0;0;0;0;0;0;0;0;0
FR;4;2021-01-28;0;0;0;0;0;0;0;0;0;0
FR;4;2021-01-29;0;0;0;0;0;0;0;0;0;0
FR;4;2021-01-30;0;0;0;0;0;0;0;0;0;0
FR;4;2021-01-31;0;0;0;0;0;0;0;0;0;0
FR;4;2021-02-01;0;0;0;0;0;0;0;0;0;0
FR;4;2021-02-02;0;0;0;0;0;0;0;0;0;0
FR;4;2021-02-03;0;0;0;0;0;0;0;0;0;0
FR;4;2021-02-04;0;0;0;0;0;0;0;0;0;0
FR;4;2021-02-05;0;0;0;0;0;0;0;0;0;0
FR;4;2021-02-06;0;0;0;0;0;0;0;0;0;0
FR;4;2021-02-07;0;0;0;0;0;0;0;0;0;0
FR;4;2021-02-08;0;0;0;0;0;0;0;0;0;0
FR;4;2021-02-09;0;0;0;0;0;0;0;0;0;0
FR;4;2021-02-10;0;0;0;0;0;0;0;0;0;0
FR;4;2021-02-11;0;0;0;0;0;0;0;0;0;0
FR;4;2021-02-12;0;0;0;0;0;0;0;0;0;0
FR;4;2021-02-13;0;0;0;0;0;0;0;0;0;0
FR;4;2021-02-14;0;0;0;0;0;0;0;0;0;0
FR;4;2021-02-15;0;0;0;0;0;0;0;0;0;0
FR;4;2021-02-16;0;0;0;0;0;0;0;0;0;0
FR;4;2021-02-17;0;0;0;0;0;0;0;0;0;0
FR;4;2021-02-18;0;0;0;0;0;0;0;0;0;0
FR;4;2021-02-19;0;0;0;0;0;0;0;0;0;0
FR;4;2021-02-20;0;0;0;0;0;0;0;0;0;0
FR;4;2021-02-21;0;0;0;0;0;0;0;0;0;0
FR;4;2021-02-22;0;0;0;0;0;0;0;0;0;0
FR;4;2021-02-23;0;0;0;0;0;0;0;0;0;0
FR;4;2021-02-24;0;0;0;0;0;0;0;0;0;0
FR;4;2021-02-25;0;0;0;0;0;0;0;0;0;0
FR;4;2021-02-26;0;0;0;0;0;0;0;0;0;0
FR;4;2021-02-27;0;0;0;0;0;0;0;0;0;0
FR;4;2021-02-28;0;0;0;0;0;0;0;0;0;0
FR;4;2021-03-01;0;0;0;0;0;0;0;0;0;0
FR;4;2021-03-02;0;0;0;0;0;0;0;0;0;0
FR;4;2021-03-03;0;0;0;0;0;0;0;0;0;0
FR;4;2021-03-04;0;0;0;0;0;0;0;0;0;0
FR;4;2021-03-05;0;0;0;0;0;0;0;0;0;0
FR;4;2021-03-06;0;0;0;0;0;0;0;0;0;0
FR;4;2021-03-07;0;0;0;0;0;0;0;0;0;0
FR;4;2021-03-08;0;0;0;0;0;0;0;0;0;0
FR;4;2021-03-09;0;0;0;0;0;0;0;0;0;0
FR;4;2021-03-10;0;0;0;0;0;0;0;0;0;0
FR;4;2021-03-11;0;0;0;0;0;0;0;0;0;0
FR;4;2021-03-12;0;0;0;0;0;0;0;0;0;0
FR;4;2021-03-13;0;0;0;0;0;0;0;0;0;0
FR;4;2021-03-14;0;0;0;0;0;0;0;0;0;0
FR;4;2021-03-15;0;0;0;0;0;0;0;0;0;0
FR;4;2021-03-16;0;0;0;0;0;0;0;0;0;0
FR;4;2021-03-17;0;0;0;0;0;0;0;0;0;0
FR;4;2021-03-18;0;0;0;0;0;0;0;0;0;0
FR;4;2021-03-19;0;0;0;0;0;0;0;0;0;0
FR;4;2021-03-20;0;0;0;0;0;0;0;0;0;0
FR;4;2021-03-21;0;0;0;0;0;0;0;0;0;0
FR;4;2021-03-22;0;0;0;0;0;0;0;0;0;0
FR;4;2021-03-23;0;0;0;0;0;0;0;0;0;0
FR;4;2021-03-24;0;0;0;0;0;0;0;0;0;0
FR;4;2021-03-25;0;0;0;0;0;0;0;0;0;0
FR;4;2021-03-26;0;0;0;0;0;0;0;0;0;0
FR;4;2021-03-27;0;0;0;0;0;0;0;0;0;0
FR;4;2021-03-28;0;0;0;0;0;0;0;0;0;0
FR;4;2021-03-29;0;0;0;0;0;0;0;0;0;0
FR;4;2021-03-30;0;0;0;0;0;0;0;0;0;0
FR;4;2021-03-31;0;0;0;0;0;0;0;0;0;0
FR;4;2021-04-01;0;0;0;0;0;0;0;0;0;0
FR;4;2021-04-02;0;0;0;0;0;0;0;0;0;0
FR;4;2021-04-03;0;0;0;0;0;0;0;0;0;0
FR;4;2021-04-04;0;0;0;0;0;0;0;0;0;0
FR;4;2021-04-05;0;0;0;0;0;0;0;0;0;0
FR;4;2021-04-06;0;0;0;0;0;0;0;0;0;0
FR;4;2021-04-07;0;0;0;0;0;0;0;0;0;0
FR;4;2021-04-08;0;0;0;0;0;0;0;0;0;0
FR;4;2021-04-09;0;0;0;0;0;0;0;0;0;0
FR;4;2021-04-10;0;0;0;0;0;0;0;0;0;0
FR;4;2021-04-11;0;0;0;0;0;0;0;0;0;0
FR;4;2021-04-12;0;0;0;0;0;0;0;0;0;0
FR;4;2021-04-13;0;0;0;0;0;0;0;0;0;0
FR;4;2021-04-14;0;0;0;0;0;0;0;0;0;0
FR;4;2021-04-15;0;0;0;0;0;0;0;0;0;0
FR;4;2021-04-16;0;0;0;0;0;0;0;0;0;0
FR;4;2021-04-17;0;0;0;0;0;0;0;0;0;0
FR;4;2021-04-18;0;0;0;0;0;0;0;0;0;0
FR;4;2021-04-19;0;0;0;0;0;0;0;0;0;0
FR;4;2021-04-20;0;0;0;0;0;0;0;0;0;0
FR;4;2021-04-21;0;0;0;0;0;0;0;0;0;0
FR;4;2021-04-22;0;0;0;0;0;0;0;0;0;0
FR;4;2021-04-23;4053;0;0;0;0;4053;0;0;0;0
FR;4;2021-04-24;1569;0;0;0;0;5622;0;0;0;0
FR;4;2021-04-25;125;0;0;0;0;5747;0;0;0;0
FR;4;2021-04-26;2869;1;0;0;0;8616;1;0;0;0
FR;4;2021-04-27;9519;3;0;0;0;18135;4;0;0;0
FR;4;2021-04-28;9904;6;0;0;0;28039;10;0;0;0
FR;4;2021-04-29;15991;8;0;0;0;44030;18;0;0;0
FR;4;2021-04-30;19227;10;0;0;0;63257;28;0;0;0
FR;4;2021-05-01;1990;6;0;0;0;65247;34;0;0;0
FR;4;2021-05-02;481;0;0;0;0;65728;34;0;0;0
FR;4;2021-05-03;5057;2;0;0;0;70785;36;0;0;0
FR;4;2021-05-04;8397;10;0;0;0;79182;46;0;0;0
FR;4;2021-05-05;6179;7;0;0;0;85361;53;0;0;0
FR;4;2021-05-06;11378;11;0;0;0;96739;64;0;0;0
FR;4;2021-05-07;19116;9;0;0;0;115855;73;0;0;0
FR;4;2021-05-08;2376;6;0;0;0;118231;79;0;0;0
FR;4;2021-05-09;685;3;0;0;0;118916;82;0;0;0
FR;4;2021-05-10;7238;5;1;0;0;126154;87;1;0;0
FR;4;2021-05-11;14312;12;0;0;0;140466;99;1;0;0
FR;4;2021-05-12;10158;15;0;0;0;150624;114;1;0;0
FR;4;2021-05-13;1578;3;0;0;0;152202;117;1;0;0
FR;4;2021-05-14;7756;6;0;0;0;159958;123;1;0;0
FR;4;2021-05-15;3716;8;1;0;0;163674;131;2;0;0
FR;4;2021-05-16;417;1;0;0;0;164091;132;2;0;0
FR;4;2021-05-17;4474;6;0;0;0;168565;138;2;0;0
FR;4;2021-05-18;8750;10;0;0;0;177315;148;2;0;0
FR;4;2021-05-19;5689;7;0;0;0;183004;155;2;0;0
FR;4;2021-05-20;9476;7;0;0;0;192480;162;2;0;0
FR;4;2021-05-21;12785;29;0;0;0;205265;191;2;0;0
FR;4;2021-05-22;5055;15;0;0;0;210320;206;2;0;0
FR;4;2021-05-23;494;4;0;0;0;210814;210;2;0;0
FR;4;2021-05-24;1052;7;0;0;0;211866;217;2;0;0
FR;4;2021-05-25;7618;15;0;0;0;219484;232;2;0;0
FR;4;2021-05-26;7720;16;0;0;0;227204;248;2;0;0
FR;4;2021-05-27;14329;35;0;0;0;241533;283;2;0;0
FR;4;2021-05-28;26580;82;1;0;0;268113;365;3;0;0
FR;4;2021-05-29;11381;18;0;0;0;279494;383;3;0;0
FR;4;2021-05-30;970;6;0;0;0;280464;389;3;0;0
FR;4;2021-05-31;12685;21;0;0;0;293149;410;3;0;0
FR;4;2021-06-01;20245;46;1;0;0;313394;456;4;0;0
FR;4;2021-06-02;14514;33;0;0;0;327908;489;4;0;0
FR;4;2021-06-03;19407;24;1;0;0;347315;513;5;0;0
FR;4;2021-06-04;22505;47;0;0;0;369820;560;5;0;0
FR;4;2021-06-05;9712;32;0;0;0;379532;592;5;0;0
FR;4;2021-06-06;1037;0;0;0;0;380569;592;5;0;0
FR;4;2021-06-07;9224;19;0;0;0;389793;611;5;0;0
FR;4;2021-06-08;14607;31;0;0;0;404400;642;5;0;0
FR;4;2021-06-09;12200;25;0;0;0;416600;667;5;0;0
FR;4;2021-06-10;15397;30;0;0;0;431997;697;5;0;0
FR;4;2021-06-11;16976;56;0;0;0;448973;753;5;0;0
FR;4;2021-06-12;7445;27;0;0;0;456418;780;5;0;0
FR;4;2021-06-13;908;2;0;0;0;457326;782;5;0;0
FR;4;2021-06-14;6648;25;0;0;0;463974;807;5;0;0
FR;4;2021-06-15;10881;37;0;0;0;474855;844;5;0;0
FR;4;2021-06-16;8904;15;0;0;0;483759;859;5;0;0
FR;4;2021-06-17;10896;36;0;0;0;494655;895;5;0;0
FR;4;2021-06-18;12415;45;0;0;0;507070;940;5;0;0
FR;4;2021-06-19;5566;25;0;0;0;512636;965;5;0;0
FR;4;2021-06-20;817;5;0;0;0;513453;970;5;0;0
FR;4;2021-06-21;5081;20;0;0;0;518534;990;5;0;0
FR;4;2021-06-22;7906;27;2;0;0;526440;1017;7;0;0
FR;4;2021-06-23;7088;39;2;0;0;533528;1056;9;0;0
FR;4;2021-06-24;8645;45;1;0;0;542173;1101;10;0;0
FR;4;2021-06-25;10172;39;2;0;0;552345;1140;12;0;0
FR;4;2021-06-26;4841;21;0;0;0;557186;1161;12;0;0
FR;4;2021-06-27;760;3;0;0;0;557946;1164;12;0;0
FR;4;2021-06-28;4818;16;1;0;0;562764;1180;13;0;0
FR;4;2021-06-29;7096;27;2;0;0;569860;1207;15;0;0
FR;4;2021-06-30;6705;40;2;0;0;576565;1247;17;0;0
FR;4;2021-07-01;8187;40;0;0;0;584752;1287;17;0;0
FR;4;2021-07-02;9411;52;1;0;0;594163;1339;18;0;0
FR;4;2021-07-03;4841;19;0;0;0;599004;1358;18;0;0
FR;4;2021-07-04;686;5;0;0;0;599690;1363;18;0;0
FR;4;2021-07-05;4766;19;2;0;0;604456;1382;20;0;0
FR;4;2021-07-06;7715;28;4;0;0;612171;1410;24;0;0
FR;4;2021-07-07;7066;34;2;0;0;619237;1444;26;0;0
FR;4;2021-07-08;9218;39;2;0;0;628455;1483;28;0;0
FR;4;2021-07-09;10272;33;1;0;0;638727;1516;29;0;0
FR;4;2021-07-10;4635;14;2;0;0;643362;1530;31;0;0
FR;4;2021-07-11;582;4;1;0;0;643944;1534;32;0;0
FR;4;2021-07-12;5868;29;0;0;0;649812;1563;32;0;0
FR;4;2021-07-13;14229;29;0;0;0;664041;1592;32;0;0
FR;4;2021-07-14;2282;14;0;0;0;666323;1606;32;0;0
FR;4;2021-07-15;18229;36;0;0;0;684552;1642;32;0;0
FR;4;2021-07-16;22817;70;2;0;0;707369;1712;34;0;0
FR;4;2021-07-17;9733;20;0;0;0;717102;1732;34;0;0
FR;4;2021-07-18;1353;4;0;0;0;718455;1736;34;0;0
FR;4;2021-07-19;12975;28;1;0;0;731430;1764;35;0;0
FR;4;2021-07-20;17328;26;1;0;0;748758;1790;36;0;0
FR;4;2021-07-21;15603;33;0;0;0;764361;1823;36;0;0
FR;4;2021-07-22;18237;44;2;0;0;782598;1867;38;0;0
FR;4;2021-07-23;20403;58;7;0;0;803001;1925;45;0;0
FR;4;2021-07-24;9278;32;0;0;0;812279;1957;45;0;0
FR;4;2021-07-25;1344;8;0;0;0;813623;1965;45;0;0
FR;4;2021-07-26;11026;20;0;0;0;824649;1985;45;0;0
FR;4;2021-07-27;14659;35;3;0;0;839308;2020;48;0;0
FR;4;2021-07-28;12919;26;2;0;0;852227;2046;50;0;0
FR;4;2021-07-29;14076;54;4;0;0;866303;2100;54;0;0
FR;4;2021-07-30;15475;45;2;0;0;881778;2145;56;0;0
FR;4;2021-07-31;6821;14;2;0;0;888599;2159;58;0;0
FR;4;2021-08-01;902;1;0;0;0;889501;2160;58;0;0
FR;4;2021-08-02;7896;29;0;0;0;897397;2189;58;0;0
FR;4;2021-08-03;10786;32;2;0;0;908183;2221;60;0;0
FR;4;2021-08-04;9723;29;0;0;0;917906;2250;60;0;0
FR;4;2021-08-05;9806;41;0;0;0;927712;2291;60;0;0
FR;4;2021-08-06;10178;31;3;0;0;937890;2322;63;0;0
FR;4;2021-08-07;5085;30;1;0;0;942975;2352;64;0;0
FR;4;2021-08-08;1214;13;0;0;0;944189;2365;64;0;0
FR;4;2021-08-09;6332;31;0;0;0;950521;2396;64;0;0
FR;4;2021-08-10;8739;19;0;0;0;959260;2415;64;0;0
FR;4;2021-08-11;7928;33;3;0;0;967188;2448;67;0;0
FR;4;2021-08-12;8580;29;1;0;0;975768;2477;68;0;0
FR;4;2021-08-13;7541;24;0;1;0;983309;2501;68;1;0
FR;4;2021-08-14;3782;20;0;0;0;987091;2521;68;1;0
FR;4;2021-08-15;769;5;0;0;0;987860;2526;68;1;0
FR;4;2021-08-16;4003;16;0;0;0;991863;2542;68;1;0
FR;4;2021-08-17;5614;16;1;0;0;997477;2558;69;1;0
FR;4;2021-08-18;5157;34;0;0;0;1002634;2592;69;1;0
FR;4;2021-08-19;5471;34;3;0;0;1008105;2626;72;1;0
FR;4;2021-08-20;5202;23;1;0;0;1013307;2649;73;1;0
FR;4;2021-08-21;2307;21;1;0;0;1015614;2670;74;1;0
FR;4;2021-08-22;401;2;0;0;0;1016015;2672;74;1;0
FR;4;2021-08-23;2919;19;1;0;0;1018934;2691;75;1;0
FR;4;2021-08-24;3742;15;0;0;0;1022676;2706;75;1;0
FR;4;2021-08-25;3534;25;0;0;0;1026210;2731;75;1;0
FR;4;2021-08-26;3699;20;2;0;0;1029909;2751;77;1;0
FR;4;2021-08-27;3600;31;2;0;0;1033509;2782;79;1;0
FR;4;2021-08-28;1722;9;1;0;0;1035231;2791;80;1;0
FR;4;2021-08-29;388;7;1;0;0;1035619;2798;81;1;0
FR;4;2021-08-30;2006;24;0;0;14;1037625;2822;81;1;14
FR;4;2021-08-31;2475;20;0;0;13;1040100;2842;81;1;27
FR;4;2021-09-01;2076;38;1;0;21;1042176;2880;82;1;48
FR;4;2021-09-02;2300;31;4;0;18;1044476;2911;86;1;66
FR;4;2021-09-03;2354;44;5;0;32;1046830;2955;91;1;98
FR;4;2021-09-04;1373;17;0;0;6;1048203;2972;91;1;104
FR;4;2021-09-05;428;2;0;0;2;1048631;2974;91;1;106
FR;4;2021-09-06;1703;62;0;0;23;1050334;3036;91;1;129
FR;4;2021-09-07;1672;18;0;0;8;1052006;3054;91;1;137
FR;4;2021-09-08;1279;27;3;1;20;1053285;3081;94;2;157
FR;4;2021-09-09;1385;23;2;0;9;1054670;3104;96;2;166
FR;4;2021-09-10;1514;31;2;0;23;1056184;3135;98;2;189
FR;4;2021-09-11;736;11;0;0;3;1056920;3146;98;2;192
FR;4;2021-09-12;168;4;0;0;2;1057088;3150;98;2;194
FR;4;2021-09-13;1313;21;1;0;15;1058401;3171;99;2;209
FR;4;2021-09-14;1496;9;2;0;6;1059897;3180;101;2;215
FR;4;2021-09-15;1089;27;1;0;24;1060986;3207;102;2;239
FR;4;2021-09-16;1095;22;2;0;15;1062081;3229;104;2;254
FR;4;2021-09-17;890;21;1;0;12;1062971;3250;105;2;266
FR;4;2021-09-18;461;6;1;0;5;1063432;3256;106;2;271
FR;4;2021-09-19;182;3;0;0;2;1063614;3259;106;2;273
FR;4;2021-09-20;442;18;0;0;12;1064056;3277;106;2;285
FR;4;2021-09-21;421;11;0;0;7;1064477;3288;106;2;292
FR;4;2021-09-22;372;19;2;0;13;1064849;3307;108;2;305
FR;4;2021-09-23;477;16;1;0;15;1065326;3323;109;2;320
FR;4;2021-09-24;408;13;2;0;9;1065734;3336;111;2;329
FR;4;2021-09-25;283;9;1;0;4;1066017;3345;112;2;333
FR;4;2021-09-26;72;2;0;0;1;1066089;3347;112;2;334
FR;4;2021-09-27;260;10;1;0;8;1066349;3357;113;2;342
FR;4;2021-09-28;314;8;0;0;8;1066663;3365;113;2;350
FR;4;2021-09-29;370;19;1;0;13;1067033;3384;114;2;363
FR;4;2021-09-30;359;40;0;0;21;1067392;3424;114;2;384
FR;4;2021-10-01;405;48;0;0;42;1067797;3472;114;2;426
FR;4;2021-10-02;194;22;1;0;13;1067991;3494;115;2;439
FR;4;2021-10-03;83;1;0;0;0;1068074;3495;115;2;439
FR;4;2021-10-04;354;19;1;0;15;1068428;3514;116;2;454
FR;4;2021-10-05;274;19;2;0;15;1068702;3533;118;2;469
FR;4;2021-10-06;242;21;1;0;17;1068944;3554;119;2;486
FR;4;2021-10-07;254;25;2;0;13;1069198;3579;121;2;499
FR;4;2021-10-08;351;23;2;0;19;1069549;3602;123;2;518
FR;4;2021-10-09;191;6;6;0;7;1069740;3608;129;2;525
FR;4;2021-10-10;95;3;2;0;3;1069835;3611;131;2;528
FR;4;2021-10-11;243;14;1;0;13;1070078;3625;132;2;541
FR;4;2021-10-12;202;14;0;0;13;1070280;3639;132;2;554
FR;4;2021-10-13;218;27;1;0;24;1070498;3666;133;2;578
FR;4;2021-10-14;307;21;4;0;15;1070805;3687;137;2;593
FR;4;2021-10-15;321;24;5;0;25;1071126;3711;142;2;618
FR;4;2021-10-16;163;6;2;0;6;1071289;3717;144;2;624
FR;4;2021-10-17;70;2;0;0;1;1071359;3719;144;2;625
FR;4;2021-10-18;276;16;1;0;12;1071635;3735;145;2;637
FR;4;2021-10-19;208;14;2;0;15;1071843;3749;147;2;652
FR;4;2021-10-20;224;27;3;0;14;1072067;3776;150;2;666
FR;4;2021-10-21;233;17;0;0;13;1072300;3793;150;2;679
FR;4;2021-10-22;209;26;2;0;21;1072509;3819;152;2;700
FR;4;2021-10-23;115;16;1;0;15;1072624;3835;153;2;715
FR;4;2021-10-24;37;4;0;0;1;1072661;3839;153;2;716
FR;4;2021-10-25;209;7;2;0;9;1072870;3846;155;2;725
FR;4;2021-10-26;196;14;0;0;12;1073066;3860;155;2;737
FR;4;2021-10-27;190;11;4;0;11;1073256;3871;159;2;748
FR;4;2021-10-28;180;18;4;0;21;1073436;3889;163;2;769
FR;4;2021-10-29;219;16;2;0;14;1073655;3905;165;2;783
FR;4;2021-10-30;101;2;1;0;2;1073756;3907;166;2;785
FR;4;2021-10-31;55;3;2;0;3;1073811;3910;168;2;788
FR;4;2021-11-01;74;27;4;0;24;1073885;3937;172;2;812
FR;4;2021-11-02;152;20;2;0;21;1074037;3957;174;2;833
FR;4;2021-11-03;128;20;8;1;18;1074165;3977;182;3;851
FR;4;2021-11-04;174;13;1;0;10;1074339;3990;183;3;861
FR;4;2021-11-05;123;17;1;0;16;1074462;4007;184;3;877
FR;4;2021-11-06;77;6;1;0;6;1074539;4013;185;3;883
FR;4;2021-11-07;74;2;2;0;4;1074613;4015;187;3;887
FR;4;2021-11-08;158;20;1;0;20;1074771;4035;188;3;907
FR;4;2021-11-09;151;14;3;0;16;1074922;4049;191;3;923
FR;4;2021-11-10;113;27;6;0;29;1075035;4076;197;3;952
FR;4;2021-11-11;81;10;0;0;10;1075116;4086;197;3;962
FR;4;2021-11-12;97;18;2;0;17;1075213;4104;199;3;979
FR;4;2021-11-13;73;15;2;0;14;1075286;4119;201;3;993
FR;4;2021-11-14;52;5;3;0;7;1075338;4124;204;3;1000
FR;4;2021-11-15;97;26;2;0;24;1075435;4150;206;3;1024
FR;4;2021-11-16;99;12;2;0;14;1075534;4162;208;3;1038
FR;4;2021-11-17;115;29;4;0;29;1075649;4191;212;3;1067
FR;4;2021-11-18;97;34;10;0;39;1075746;4225;222;3;1106
FR;4;2021-11-19;78;19;3;0;20;1075824;4244;225;3;1126
FR;4;2021-11-20;73;6;1;0;6;1075897;4250;226;3;1132
FR;4;2021-11-21;61;7;2;0;9;1075958;4257;228;3;1141
FR;4;2021-11-22;100;27;6;0;29;1076058;4284;234;3;1170
FR;4;2021-11-23;71;28;5;0;25;1076129;4312;239;3;1195
FR;4;2021-11-24;85;23;9;0;22;1076214;4335;248;3;1217
FR;4;2021-11-25;84;28;14;0;30;1076298;4363;262;3;1247
FR;4;2021-11-26;80;42;12;0;44;1076378;4405;274;3;1291
FR;4;2021-11-27;35;22;16;0;24;1076413;4427;290;3;1315
FR;4;2021-11-28;47;8;0;0;7;1076460;4435;290;3;1322
FR;4;2021-11-29;80;31;14;0;38;1076540;4466;304;3;1360
FR;4;2021-11-30;72;36;12;0;40;1076612;4502;316;3;1400
FR;4;2021-12-01;72;59;19;0;66;1076684;4561;335;3;1466
FR;4;2021-12-02;97;49;19;0;54;1076781;4610;354;3;1520
FR;4;2021-12-03;98;36;15;0;44;1076879;4646;369;3;1564
FR;4;2021-12-04;68;31;18;0;44;1076947;4677;387;3;1608
FR;4;2021-12-05;57;5;1;0;6;1077004;4682;388;3;1614
FR;4;2021-12-06;94;45;21;0;60;1077098;4727;409;3;1674
FR;4;2021-12-07;76;33;9;0;33;1077174;4760;418;3;1707
FR;4;2021-12-08;65;29;18;0;34;1077239;4789;436;3;1741
FR;4;2021-12-09;59;32;10;0;38;1077298;4821;446;3;1779
FR;4;2021-12-10;59;62;21;0;67;1077357;4883;467;3;1846
FR;4;2021-12-11;24;33;7;0;33;1077381;4916;474;3;1879
FR;4;2021-12-12;22;10;3;0;13;1077403;4926;477;3;1892
FR;4;2021-12-13;65;39;13;0;48;1077468;4965;490;3;1940
FR;4;2021-12-14;54;43;15;0;52;1077522;5008;505;3;1992
FR;4;2021-12-15;58;62;28;0;82;1077580;5070;533;3;2074
FR;4;2021-12-16;30;44;18;0;56;1077610;5114;551;3;2130
FR;4;2021-12-17;37;55;12;0;60;1077647;5169;563;3;2190
FR;4;2021-12-18;48;29;2;0;30;1077695;5198;565;3;2220
FR;4;2021-12-19;15;4;1;0;4;1077710;5202;566;3;2224
FR;4;2021-12-20;35;38;12;0;43;1077745;5240;578;3;2267
FR;4;2021-12-21;25;30;14;0;35;1077770;5270;592;3;2302
FR;4;2021-12-22;35;35;10;0;36;1077805;5305;602;3;2338
FR;4;2021-12-23;39;43;8;0;47;1077844;5348;610;3;2385
FR;4;2021-12-24;23;25;10;0;29;1077867;5373;620;3;2414
FR;4;2021-12-25;6;3;3;0;4;1077873;5376;623;3;2418
FR;4;2021-12-26;4;3;1;0;2;1077877;5379;624;3;2420
FR;4;2021-12-27;26;42;9;0;43;1077903;5421;633;3;2463
FR;4;2021-12-28;24;28;8;0;29;1077927;5449;641;3;2492
FR;4;2021-12-29;47;23;10;0;27;1077974;5472;651;3;2519
FR;4;2021-12-30;38;16;12;0;19;1078012;5488;663;3;2538
FR;4;2021-12-31;18;5;8;0;10;1078030;5493;671;3;2548
FR;4;2022-01-01;5;5;4;0;7;1078035;5498;675;3;2555
FR;4;2022-01-02;40;4;14;0;17;1078075;5502;689;3;2572
FR;4;2022-01-03;37;50;19;1;54;1078112;5552;708;4;2626
FR;4;2022-01-04;28;26;12;0;28;1078140;5578;720;4;2654
FR;4;2022-01-05;42;19;16;0;20;1078182;5597;736;4;2674
FR;4;2022-01-06;43;19;21;0;32;1078225;5616;757;4;2706
FR;4;2022-01-07;22;19;15;0;19;1078247;5635;772;4;2725
FR;4;2022-01-08;8;5;9;0;11;1078255;5640;781;4;2736
FR;4;2022-01-09;16;2;1;0;2;1078271;5642;782;4;2738
FR;4;2022-01-10;37;22;16;0;33;1078308;5664;798;4;2771
FR;4;2022-01-11;22;30;13;0;33;1078330;5694;811;4;2804
FR;4;2022-01-12;30;17;12;0;18;1078360;5711;823;4;2822
FR;4;2022-01-13;47;18;26;0;34;1078407;5729;849;4;2856
FR;4;2022-01-14;20;27;12;0;29;1078427;5756;861;4;2885
FR;4;2022-01-15;10;6;7;0;11;1078437;5762;868;4;2896
FR;4;2022-01-16;9;8;10;0;17;1078446;5770;878;4;2913
FR;4;2022-01-17;23;17;11;0;22;1078469;5787;889;4;2935
FR;4;2022-01-18;15;13;7;0;17;1078484;5800;896;4;2952
FR;4;2022-01-19;27;21;9;0;28;1078511;5821;905;4;2980
FR;4;2022-01-20;29;33;11;0;36;1078540;5854;916;4;3016
FR;4;2022-01-21;7;12;18;1;15;1078547;5866;934;5;3031
FR;4;2022-01-22;29;9;2;0;9;1078576;5875;936;5;3040
FR;4;2022-01-23;6;2;4;0;6;1078582;5877;940;5;3046
FR;4;2022-01-24;14;20;8;0;27;1078596;5897;948;5;3073
FR;4;2022-01-25;20;30;8;1;34;1078616;5927;956;6;3107
FR;4;2022-01-26;17;15;6;1;16;1078633;5942;962;7;3123
FR;4;2022-01-27;18;18;5;0;21;1078651;5960;967;7;3144
FR;4;2022-01-28;12;23;7;0;25;1078663;5983;974;7;3169
FR;4;2022-01-29;14;6;3;0;8;1078677;5989;977;7;3177
FR;4;2022-01-30;16;2;0;0;2;1078693;5991;977;7;3179
FR;4;2022-01-31;18;26;6;0;29;1078711;6017;983;7;3208
FR;4;2022-02-01;9;18;11;0;18;1078720;6035;994;7;3226
FR;4;2022-02-02;16;12;9;2;16;1078736;6047;1003;9;3242
FR;4;2022-02-03;10;21;9;0;24;1078746;6068;1012;9;3266
FR;4;2022-02-04;6;5;7;0;9;1078752;6073;1019;9;3275
FR;4;2022-02-05;6;14;1;0;13;1078758;6087;1020;9;3288
FR;4;2022-02-06;5;2;1;0;2;1078763;6089;1021;9;3290
FR;4;2022-02-07;11;18;6;0;18;1078774;6107;1027;9;3308
FR;4;2022-02-08;13;18;12;1;19;1078787;6125;1039;10;3327
FR;4;2022-02-09;13;10;7;0;13;1078800;6135;1046;10;3340
FR;4;2022-02-10;18;22;8;0;22;1078818;6157;1054;10;3362
FR;4;2022-02-11;17;14;7;0;18;1078835;6171;1061;10;3380
FR;4;2022-02-12;23;7;1;0;6;1078858;6178;1062;10;3386
FR;4;2022-02-13;7;3;3;0;6;1078865;6181;1065;10;3392
FR;4;2022-02-14;17;10;7;0;13;1078882;6191;1072;10;3405
FR;4;2022-02-15;16;7;1;0;7;1078898;6198;1073;10;3412
FR;4;2022-02-16;10;9;10;0;15;1078908;6207;1083;10;3427
FR;4;2022-02-17;10;3;4;0;5;1078918;6210;1087;10;3432
FR;4;2022-02-18;16;13;6;0;17;1078934;6223;1093;10;3449
FR;4;2022-02-19;16;2;1;0;3;1078950;6225;1094;10;3452
FR;4;2022-02-20;6;2;0;0;1;1078956;6227;1094;10;3453
FR;4;2022-02-21;22;3;2;0;3;1078978;6230;1096;10;3456
FR;4;2022-02-22;8;4;8;0;8;1078986;6234;1104;10;3464
FR;4;2022-02-23;15;6;6;0;6;1079001;6240;1110;10;3470
FR;4;2022-02-24;7;3;2;0;3;1079008;6243;1112;10;3473
FR;4;2022-02-25;15;4;7;0;5;1079023;6247;1119;10;3478
FR;4;2022-02-26;26;3;0;0;3;1079049;6250;1119;10;3481
FR;4;2022-02-27;9;0;1;0;1;1079058;6250;1120;10;3482
FR;4;2022-02-28;14;3;2;0;3;1079072;6253;1122;10;3485
FR;4;2022-03-01;6;2;7;0;3;1079078;6255;1129;10;3488
FR;4;2022-03-02;8;2;3;0;4;1079086;6257;1132;10;3492
FR;4;2022-03-03;11;3;1;0;2;1079097;6260;1133;10;3494
FR;4;2022-03-04;6;6;2;1;5;1079103;6266;1135;11;3499
FR;4;2022-03-05;8;2;0;0;2;1079111;6268;1135;11;3501
FR;4;2022-03-06;4;0;1;0;1;1079115;6268;1136;11;3502
FR;4;2022-03-07;9;4;1;0;3;1079124;6272;1137;11;3505
FR;4;2022-03-08;13;1;0;0;1;1079137;6273;1137;11;3506
FR;4;2022-03-09;7;3;2;0;4;1079144;6276;1139;11;3510
FR;4;2022-03-10;5;1;4;0;2;1079149;6277;1143;11;3512
FR;4;2022-03-11;7;2;5;0;1;1079156;6279;1148;11;3513
FR;4;2022-03-12;9;2;0;0;0;1079165;6281;1148;11;3513
FR;4;2022-03-13;5;0;0;0;0;1079170;6281;1148;11;3513
FR;4;2022-03-14;3;1;0;0;1;1079173;6282;1148;11;3514
FR;4;2022-03-15;5;3;1;0;1;1079178;6285;1149;11;3515
FR;4;2022-03-16;5;2;3;0;2;1079183;6287;1152;11;3517
FR;4;2022-03-17;0;1;1;0;2;1079183;6288;1153;11;3519
FR;4;2022-03-18;6;2;0;0;2;1079189;6290;1153;11;3521
FR;4;2022-03-19;1;0;0;0;0;1079190;6290;1153;11;3521
FR;4;2022-03-20;2;0;0;0;0;1079192;6290;1153;11;3521
FR;4;2022-03-21;5;2;0;0;2;1079197;6292;1153;11;3523
FR;4;2022-03-22;2;2;0;0;2;1079199;6294;1153;11;3525
FR;4;2022-03-23;6;3;3;0;5;1079205;6297;1156;11;3530
FR;4;2022-03-24;2;4;2;1;4;1079207;6301;1158;12;3534
FR;4;2022-03-25;2;1;2;0;1;1079209;6302;1160;12;3535
FR;4;2022-03-26;5;5;0;0;5;1079214;6307;1160;12;3540
FR;4;2022-03-27;0;0;1;0;0;1079214;6307;1161;12;3540
FR;4;2022-03-28;3;1;0;0;0;1079217;6308;1161;12;3540
FR;4;2022-03-29;4;0;4;1;0;1079221;6308;1165;13;3540
FR;4;2022-03-30;0;4;0;0;4;1079221;6312;1165;13;3544
FR;4;2022-03-31;1;1;1;1;1;1079222;6313;1166;14;3545
FR;4;2022-04-01;12;1;4;0;3;1079234;6314;1170;14;3548
FR;4;2022-04-02;3;2;0;0;1;1079237;6316;1170;14;3549
FR;4;2022-04-03;0;0;0;0;0;1079237;6316;1170;14;3549
FR;4;2022-04-04;3;2;2;0;1;1079240;6318;1172;14;3550
FR;4;2022-04-05;3;3;0;1;1;1079243;6321;1172;15;3551
FR;4;2022-04-06;3;0;0;0;0;1079246;6321;1172;15;3551
FR;4;2022-04-07;3;2;1;2;3;1079249;6323;1173;17;3554
FR;4;2022-04-08;4;1;1;0;1;1079253;6324;1174;17;3555
FR;4;2022-04-09;0;0;1;0;0;1079253;6324;1175;17;3555
FR;4;2022-04-10;0;1;1;0;1;1079253;6325;1176;17;3556
FR;4;2022-04-11;2;2;2;0;4;1079255;6327;1178;17;3560
FR;4;2022-04-12;2;0;2;0;1;1079257;6327;1180;17;3561
FR;4;2022-04-13;1;1;1;0;2;1079258;6328;1181;17;3563
FR;4;2022-04-14;3;1;0;1;1;1079261;6329;1181;18;3564
FR;4;2022-04-15;0;0;1;0;0;1079261;6329;1182;18;3564
FR;4;2022-04-16;0;0;0;0;0;1079261;6329;1182;18;3564
FR;4;2022-04-17;1;0;0;0;0;1079262;6329;1182;18;3564
FR;4;2022-04-18;0;0;2;0;0;1079262;6329;1184;18;3564
FR;4;2022-04-19;1;0;0;0;0;1079263;6329;1184;18;3564
FR;4;2022-04-20;11;2;0;0;0;1079274;6331;1184;18;3564
FR;4;2022-04-21;5;0;0;0;0;1079279;6331;1184;18;3564
FR;4;2022-04-22;1;0;0;0;0;1079280;6331;1184;18;3564
FR;4;2022-04-23;1;0;1;0;1;1079281;6331;1185;18;3565
FR;4;2022-04-24;0;0;0;0;0;1079281;6331;1185;18;3565
FR;4;2022-04-25;2;4;2;0;6;1079283;6335;1187;18;3571
FR;4;2022-04-26;2;0;1;0;0;1079285;6335;1188;18;3571
FR;4;2022-04-27;3;0;0;0;0;1079288;6335;1188;18;3571
FR;4;2022-04-28;2;1;1;0;1;1079290;6336;1189;18;3572
FR;5;2020-12-27;0;0;0;0;0;0;0;0;0;0
FR;5;2020-12-28;0;0;0;0;0;0;0;0;0;0
FR;5;2020-12-29;0;0;0;0;0;0;0;0;0;0
FR;5;2020-12-30;0;0;0;0;0;0;0;0;0;0
FR;5;2020-12-31;0;0;0;0;0;0;0;0;0;0
FR;5;2021-01-01;0;0;0;0;0;0;0;0;0;0
FR;5;2021-01-02;0;0;0;0;0;0;0;0;0;0
FR;5;2021-01-03;0;0;0;0;0;0;0;0;0;0
FR;5;2021-01-04;0;0;0;0;0;0;0;0;0;0
FR;5;2021-01-05;0;0;0;0;0;0;0;0;0;0
FR;5;2021-01-06;0;0;0;0;0;0;0;0;0;0
FR;5;2021-01-07;0;0;0;0;0;0;0;0;0;0
FR;5;2021-01-08;0;0;0;0;0;0;0;0;0;0
FR;5;2021-01-09;0;0;0;0;0;0;0;0;0;0
FR;5;2021-01-10;0;0;0;0;0;0;0;0;0;0
FR;5;2021-01-11;0;0;0;0;0;0;0;0;0;0
FR;5;2021-01-12;0;0;0;0;0;0;0;0;0;0
FR;5;2021-01-13;0;0;0;0;0;0;0;0;0;0
FR;5;2021-01-14;0;0;0;0;0;0;0;0;0;0
FR;5;2021-01-15;0;0;0;0;0;0;0;0;0;0
FR;5;2021-01-16;0;0;0;0;0;0;0;0;0;0
FR;5;2021-01-17;0;0;0;0;0;0;0;0;0;0
FR;5;2021-01-18;0;0;0;0;0;0;0;0;0;0
FR;5;2021-01-19;0;0;0;0;0;0;0;0;0;0
FR;5;2021-01-20;0;0;0;0;0;0;0;0;0;0
FR;5;2021-01-21;0;0;0;0;0;0;0;0;0;0
FR;5;2021-01-22;0;0;0;0;0;0;0;0;0;0
FR;5;2021-01-23;0;0;0;0;0;0;0;0;0;0
FR;5;2021-01-24;0;0;0;0;0;0;0;0;0;0
FR;5;2021-01-25;0;0;0;0;0;0;0;0;0;0
FR;5;2021-01-26;0;0;0;0;0;0;0;0;0;0
FR;5;2021-01-27;0;0;0;0;0;0;0;0;0;0
FR;5;2021-01-28;0;0;0;0;0;0;0;0;0;0
FR;5;2021-01-29;0;0;0;0;0;0;0;0;0;0
FR;5;2021-01-30;0;0;0;0;0;0;0;0;0;0
FR;5;2021-01-31;0;0;0;0;0;0;0;0;0;0
FR;5;2021-02-01;0;0;0;0;0;0;0;0;0;0
FR;5;2021-02-02;0;0;0;0;0;0;0;0;0;0
FR;5;2021-02-03;0;0;0;0;0;0;0;0;0;0
FR;5;2021-02-04;0;0;0;0;0;0;0;0;0;0
FR;5;2021-02-05;0;0;0;0;0;0;0;0;0;0
FR;5;2021-02-06;0;0;0;0;0;0;0;0;0;0
FR;5;2021-02-07;0;0;0;0;0;0;0;0;0;0
FR;5;2021-02-08;0;0;0;0;0;0;0;0;0;0
FR;5;2021-02-09;0;0;0;0;0;0;0;0;0;0
FR;5;2021-02-10;0;0;0;0;0;0;0;0;0;0
FR;5;2021-02-11;0;0;0;0;0;0;0;0;0;0
FR;5;2021-02-12;0;0;0;0;0;0;0;0;0;0
FR;5;2021-02-13;0;0;0;0;0;0;0;0;0;0
FR;5;2021-02-14;0;0;0;0;0;0;0;0;0;0
FR;5;2021-02-15;0;0;0;0;0;0;0;0;0;0
FR;5;2021-02-16;0;0;0;0;0;0;0;0;0;0
FR;5;2021-02-17;0;0;0;0;0;0;0;0;0;0
FR;5;2021-02-18;0;0;0;0;0;0;0;0;0;0
FR;5;2021-02-19;0;0;0;0;0;0;0;0;0;0
FR;5;2021-02-20;0;0;0;0;0;0;0;0;0;0
FR;5;2021-02-21;0;0;0;0;0;0;0;0;0;0
FR;5;2021-02-22;0;0;0;0;0;0;0;0;0;0
FR;5;2021-02-23;0;0;0;0;0;0;0;0;0;0
FR;5;2021-02-24;0;0;0;0;0;0;0;0;0;0
FR;5;2021-02-25;0;0;0;0;0;0;0;0;0;0
FR;5;2021-02-26;0;0;0;0;0;0;0;0;0;0
FR;5;2021-02-27;0;0;0;0;0;0;0;0;0;0
FR;5;2021-02-28;0;0;0;0;0;0;0;0;0;0
FR;5;2021-03-01;0;0;0;0;0;0;0;0;0;0
FR;5;2021-03-02;0;0;0;0;0;0;0;0;0;0
FR;5;2021-03-03;0;0;0;0;0;0;0;0;0;0
FR;5;2021-03-04;0;0;0;0;0;0;0;0;0;0
FR;5;2021-03-05;0;0;0;0;0;0;0;0;0;0
FR;5;2021-03-06;0;0;0;0;0;0;0;0;0;0
FR;5;2021-03-07;0;0;0;0;0;0;0;0;0;0
FR;5;2021-03-08;0;0;0;0;0;0;0;0;0;0
FR;5;2021-03-09;0;0;0;0;0;0;0;0;0;0
FR;5;2021-03-10;0;0;0;0;0;0;0;0;0;0
FR;5;2021-03-11;0;0;0;0;0;0;0;0;0;0
FR;5;2021-03-12;0;0;0;0;0;0;0;0;0;0
FR;5;2021-03-13;0;0;0;0;0;0;0;0;0;0
FR;5;2021-03-14;0;0;0;0;0;0;0;0;0;0
FR;5;2021-03-15;0;0;0;0;0;0;0;0;0;0
FR;5;2021-03-16;0;0;0;0;0;0;0;0;0;0
FR;5;2021-03-17;0;0;0;0;0;0;0;0;0;0
FR;5;2021-03-18;0;0;0;0;0;0;0;0;0;0
FR;5;2021-03-19;0;0;0;0;0;0;0;0;0;0
FR;5;2021-03-20;0;0;0;0;0;0;0;0;0;0
FR;5;2021-03-21;0;0;0;0;0;0;0;0;0;0
FR;5;2021-03-22;0;0;0;0;0;0;0;0;0;0
FR;5;2021-03-23;0;0;0;0;0;0;0;0;0;0
FR;5;2021-03-24;0;0;0;0;0;0;0;0;0;0
FR;5;2021-03-25;0;0;0;0;0;0;0;0;0;0
FR;5;2021-03-26;0;0;0;0;0;0;0;0;0;0
FR;5;2021-03-27;0;0;0;0;0;0;0;0;0;0
FR;5;2021-03-28;0;0;0;0;0;0;0;0;0;0
FR;5;2021-03-29;0;0;0;0;0;0;0;0;0;0
FR;5;2021-03-30;0;0;0;0;0;0;0;0;0;0
FR;5;2021-03-31;0;0;0;0;0;0;0;0;0;0
FR;5;2021-04-01;0;0;0;0;0;0;0;0;0;0
FR;5;2021-04-02;0;0;0;0;0;0;0;0;0;0
FR;5;2021-04-03;0;0;0;0;0;0;0;0;0;0
FR;5;2021-04-04;0;0;0;0;0;0;0;0;0;0
FR;5;2021-04-05;0;0;0;0;0;0;0;0;0;0
FR;5;2021-04-06;0;0;0;0;0;0;0;0;0;0
FR;5;2021-04-07;0;0;0;0;0;0;0;0;0;0
FR;5;2021-04-08;0;0;0;0;0;0;0;0;0;0
FR;5;2021-04-09;0;0;0;0;0;0;0;0;0;0
FR;5;2021-04-10;0;0;0;0;0;0;0;0;0;0
FR;5;2021-04-11;0;0;0;0;0;0;0;0;0;0
FR;5;2021-04-12;0;0;0;0;0;0;0;0;0;0
FR;5;2021-04-13;0;0;0;0;0;0;0;0;0;0
FR;5;2021-04-14;0;0;0;0;0;0;0;0;0;0
FR;5;2021-04-15;0;0;0;0;0;0;0;0;0;0
FR;5;2021-04-16;0;0;0;0;0;0;0;0;0;0
FR;5;2021-04-17;0;0;0;0;0;0;0;0;0;0
FR;5;2021-04-18;0;0;0;0;0;0;0;0;0;0
FR;5;2021-04-19;0;0;0;0;0;0;0;0;0;0
FR;5;2021-04-20;0;0;0;0;0;0;0;0;0;0
FR;5;2021-04-21;0;0;0;0;0;0;0;0;0;0
FR;5;2021-04-22;0;0;0;0;0;0;0;0;0;0
FR;5;2021-04-23;0;0;0;0;0;0;0;0;0;0
FR;5;2021-04-24;0;0;0;0;0;0;0;0;0;0
FR;5;2021-04-25;0;0;0;0;0;0;0;0;0;0
FR;5;2021-04-26;0;0;0;0;0;0;0;0;0;0
FR;5;2021-04-27;0;0;0;0;0;0;0;0;0;0
FR;5;2021-04-28;0;0;0;0;0;0;0;0;0;0
FR;5;2021-04-29;0;0;0;0;0;0;0;0;0;0
FR;5;2021-04-30;0;0;0;0;0;0;0;0;0;0
FR;5;2021-05-01;0;0;0;0;0;0;0;0;0;0
FR;5;2021-05-02;0;0;0;0;0;0;0;0;0;0
FR;5;2021-05-03;0;0;0;0;0;0;0;0;0;0
FR;5;2021-05-04;0;0;0;0;0;0;0;0;0;0
FR;5;2021-05-05;0;0;0;0;0;0;0;0;0;0
FR;5;2021-05-06;0;0;0;0;0;0;0;0;0;0
FR;5;2021-05-07;0;0;0;0;0;0;0;0;0;0
FR;5;2021-05-08;0;0;0;0;0;0;0;0;0;0
FR;5;2021-05-09;0;0;0;0;0;0;0;0;0;0
FR;5;2021-05-10;0;0;0;0;0;0;0;0;0;0
FR;5;2021-05-11;0;0;0;0;0;0;0;0;0;0
FR;5;2021-05-12;0;0;0;0;0;0;0;0;0;0
FR;5;2021-05-13;0;0;0;0;0;0;0;0;0;0
FR;5;2021-05-14;0;0;0;0;0;0;0;0;0;0
FR;5;2021-05-15;0;0;0;0;0;0;0;0;0;0
FR;5;2021-05-16;0;0;0;0;0;0;0;0;0;0
FR;5;2021-05-17;0;0;0;0;0;0;0;0;0;0
FR;5;2021-05-18;0;0;0;0;0;0;0;0;0;0
FR;5;2021-05-19;0;0;0;0;0;0;0;0;0;0
FR;5;2021-05-20;0;0;0;0;0;0;0;0;0;0
FR;5;2021-05-21;0;0;0;0;0;0;0;0;0;0
FR;5;2021-05-22;0;0;0;0;0;0;0;0;0;0
FR;5;2021-05-23;0;0;0;0;0;0;0;0;0;0
FR;5;2021-05-24;0;0;0;0;0;0;0;0;0;0
FR;5;2021-05-25;0;0;0;0;0;0;0;0;0;0
FR;5;2021-05-26;0;0;0;0;0;0;0;0;0;0
FR;5;2021-05-27;0;0;0;0;0;0;0;0;0;0
FR;5;2021-05-28;0;0;0;0;0;0;0;0;0;0
FR;5;2021-05-29;0;0;0;0;0;0;0;0;0;0
FR;5;2021-05-30;0;0;0;0;0;0;0;0;0;0
FR;5;2021-05-31;0;0;0;0;0;0;0;0;0;0
FR;5;2021-06-01;0;0;0;0;0;0;0;0;0;0
FR;5;2021-06-02;0;0;0;0;0;0;0;0;0;0
FR;5;2021-06-03;0;0;0;0;0;0;0;0;0;0
FR;5;2021-06-04;0;0;0;0;0;0;0;0;0;0
FR;5;2021-06-05;0;0;0;0;0;0;0;0;0;0
FR;5;2021-06-06;0;0;0;0;0;0;0;0;0;0
FR;5;2021-06-07;0;0;0;0;0;0;0;0;0;0
FR;5;2021-06-08;0;0;0;0;0;0;0;0;0;0
FR;5;2021-06-09;0;0;0;0;0;0;0;0;0;0
FR;5;2021-06-10;0;0;0;0;0;0;0;0;0;0
FR;5;2021-06-11;0;0;0;0;0;0;0;0;0;0
FR;5;2021-06-12;0;0;0;0;0;0;0;0;0;0
FR;5;2021-06-13;0;0;0;0;0;0;0;0;0;0
FR;5;2021-06-14;0;0;0;0;0;0;0;0;0;0
FR;5;2021-06-15;0;0;0;0;0;0;0;0;0;0
FR;5;2021-06-16;0;0;0;0;0;0;0;0;0;0
FR;5;2021-06-17;0;0;0;0;0;0;0;0;0;0
FR;5;2021-06-18;0;0;0;0;0;0;0;0;0;0
FR;5;2021-06-19;0;0;0;0;0;0;0;0;0;0
FR;5;2021-06-20;0;0;0;0;0;0;0;0;0;0
FR;5;2021-06-21;0;0;0;0;0;0;0;0;0;0
FR;5;2021-06-22;0;0;0;0;0;0;0;0;0;0
FR;5;2021-06-23;0;0;0;0;0;0;0;0;0;0
FR;5;2021-06-24;0;0;0;0;0;0;0;0;0;0
FR;5;2021-06-25;0;0;0;0;0;0;0;0;0;0
FR;5;2021-06-26;0;0;0;0;0;0;0;0;0;0
FR;5;2021-06-27;0;0;0;0;0;0;0;0;0;0
FR;5;2021-06-28;0;0;0;0;0;0;0;0;0;0
FR;5;2021-06-29;0;0;0;0;0;0;0;0;0;0
FR;5;2021-06-30;0;0;0;0;0;0;0;0;0;0
FR;5;2021-07-01;0;0;0;0;0;0;0;0;0;0
FR;5;2021-07-02;0;0;0;0;0;0;0;0;0;0
FR;5;2021-07-03;0;0;0;0;0;0;0;0;0;0
FR;5;2021-07-04;0;0;0;0;0;0;0;0;0;0
FR;5;2021-07-05;0;0;0;0;0;0;0;0;0;0
FR;5;2021-07-06;0;0;0;0;0;0;0;0;0;0
FR;5;2021-07-07;0;0;0;0;0;0;0;0;0;0
FR;5;2021-07-08;0;0;0;0;0;0;0;0;0;0
FR;5;2021-07-09;0;0;0;0;0;0;0;0;0;0
FR;5;2021-07-10;0;0;0;0;0;0;0;0;0;0
FR;5;2021-07-11;0;0;0;0;0;0;0;0;0;0
FR;5;2021-07-12;0;0;0;0;0;0;0;0;0;0
FR;5;2021-07-13;0;0;0;0;0;0;0;0;0;0
FR;5;2021-07-14;0;0;0;0;0;0;0;0;0;0
FR;5;2021-07-15;0;0;0;0;0;0;0;0;0;0
FR;5;2021-07-16;0;0;0;0;0;0;0;0;0;0
FR;5;2021-07-17;0;0;0;0;0;0;0;0;0;0
FR;5;2021-07-18;0;0;0;0;0;0;0;0;0;0
FR;5;2021-07-19;0;0;0;0;0;0;0;0;0;0
FR;5;2021-07-20;0;0;0;0;0;0;0;0;0;0
FR;5;2021-07-21;0;0;0;0;0;0;0;0;0;0
FR;5;2021-07-22;0;0;0;0;0;0;0;0;0;0
FR;5;2021-07-23;0;0;0;0;0;0;0;0;0;0
FR;5;2021-07-24;0;0;0;0;0;0;0;0;0;0
FR;5;2021-07-25;0;0;0;0;0;0;0;0;0;0
FR;5;2021-07-26;0;0;0;0;0;0;0;0;0;0
FR;5;2021-07-27;0;0;0;0;0;0;0;0;0;0
FR;5;2021-07-28;0;0;0;0;0;0;0;0;0;0
FR;5;2021-07-29;0;0;0;0;0;0;0;0;0;0
FR;5;2021-07-30;0;0;0;0;0;0;0;0;0;0
FR;5;2021-07-31;0;0;0;0;0;0;0;0;0;0
FR;5;2021-08-01;0;0;0;0;0;0;0;0;0;0
FR;5;2021-08-02;0;0;0;0;0;0;0;0;0;0
FR;5;2021-08-03;0;0;0;0;0;0;0;0;0;0
FR;5;2021-08-04;0;0;0;0;0;0;0;0;0;0
FR;5;2021-08-05;0;0;0;0;0;0;0;0;0;0
FR;5;2021-08-06;0;0;0;0;0;0;0;0;0;0
FR;5;2021-08-07;0;0;0;0;0;0;0;0;0;0
FR;5;2021-08-08;0;0;0;0;0;0;0;0;0;0
FR;5;2021-08-09;0;0;0;0;0;0;0;0;0;0
FR;5;2021-08-10;0;0;0;0;0;0;0;0;0;0
FR;5;2021-08-11;0;0;0;0;0;0;0;0;0;0
FR;5;2021-08-12;0;0;0;0;0;0;0;0;0;0
FR;5;2021-08-13;0;0;0;0;0;0;0;0;0;0
FR;5;2021-08-14;0;0;0;0;0;0;0;0;0;0
FR;5;2021-08-15;0;0;0;0;0;0;0;0;0;0
FR;5;2021-08-16;0;0;0;0;0;0;0;0;0;0
FR;5;2021-08-17;0;0;0;0;0;0;0;0;0;0
FR;5;2021-08-18;0;0;0;0;0;0;0;0;0;0
FR;5;2021-08-19;0;0;0;0;0;0;0;0;0;0
FR;5;2021-08-20;0;0;0;0;0;0;0;0;0;0
FR;5;2021-08-21;0;0;0;0;0;0;0;0;0;0
FR;5;2021-08-22;0;0;0;0;0;0;0;0;0;0
FR;5;2021-08-23;0;0;0;0;0;0;0;0;0;0
FR;5;2021-08-24;0;0;0;0;0;0;0;0;0;0
FR;5;2021-08-25;0;0;0;0;0;0;0;0;0;0
FR;5;2021-08-26;0;0;0;0;0;0;0;0;0;0
FR;5;2021-08-27;0;0;0;0;0;0;0;0;0;0
FR;5;2021-08-28;0;0;0;0;0;0;0;0;0;0
FR;5;2021-08-29;0;0;0;0;0;0;0;0;0;0
FR;5;2021-08-30;0;0;0;0;0;0;0;0;0;0
FR;5;2021-08-31;0;0;0;0;0;0;0;0;0;0
FR;5;2021-09-01;0;0;0;0;0;0;0;0;0;0
FR;5;2021-09-02;0;0;0;0;0;0;0;0;0;0
FR;5;2021-09-03;0;0;0;0;0;0;0;0;0;0
FR;5;2021-09-04;0;0;0;0;0;0;0;0;0;0
FR;5;2021-09-05;0;0;0;0;0;0;0;0;0;0
FR;5;2021-09-06;0;0;0;0;0;0;0;0;0;0
FR;5;2021-09-07;0;0;0;0;0;0;0;0;0;0
FR;5;2021-09-08;0;0;0;0;0;0;0;0;0;0
FR;5;2021-09-09;0;0;0;0;0;0;0;0;0;0
FR;5;2021-09-10;0;0;0;0;0;0;0;0;0;0
FR;5;2021-09-11;0;0;0;0;0;0;0;0;0;0
FR;5;2021-09-12;0;0;0;0;0;0;0;0;0;0
FR;5;2021-09-13;0;0;0;0;0;0;0;0;0;0
FR;5;2021-09-14;0;0;0;0;0;0;0;0;0;0
FR;5;2021-09-15;0;0;0;0;0;0;0;0;0;0
FR;5;2021-09-16;0;0;0;0;0;0;0;0;0;0
FR;5;2021-09-17;0;0;0;0;0;0;0;0;0;0
FR;5;2021-09-18;0;0;0;0;0;0;0;0;0;0
FR;5;2021-09-19;0;0;0;0;0;0;0;0;0;0
FR;5;2021-09-20;0;0;0;0;0;0;0;0;0;0
FR;5;2021-09-21;0;0;0;0;0;0;0;0;0;0
FR;5;2021-09-22;0;0;0;0;0;0;0;0;0;0
FR;5;2021-09-23;0;0;0;0;0;0;0;0;0;0
FR;5;2021-09-24;0;0;0;0;0;0;0;0;0;0
FR;5;2021-09-25;0;0;0;0;0;0;0;0;0;0
FR;5;2021-09-26;0;0;0;0;0;0;0;0;0;0
FR;5;2021-09-27;0;0;0;0;0;0;0;0;0;0
FR;5;2021-09-28;0;0;0;0;0;0;0;0;0;0
FR;5;2021-09-29;0;0;0;0;0;0;0;0;0;0
FR;5;2021-09-30;0;0;0;0;0;0;0;0;0;0
FR;5;2021-10-01;0;0;0;0;0;0;0;0;0;0
FR;5;2021-10-02;0;0;0;0;0;0;0;0;0;0
FR;5;2021-10-03;0;0;0;0;0;0;0;0;0;0
FR;5;2021-10-04;0;0;0;0;0;0;0;0;0;0
FR;5;2021-10-05;0;0;0;0;0;0;0;0;0;0
FR;5;2021-10-06;0;0;0;0;0;0;0;0;0;0
FR;5;2021-10-07;0;0;0;0;0;0;0;0;0;0
FR;5;2021-10-08;0;0;0;0;0;0;0;0;0;0
FR;5;2021-10-09;0;0;0;0;0;0;0;0;0;0
FR;5;2021-10-10;0;0;0;0;0;0;0;0;0;0
FR;5;2021-10-11;0;0;0;0;0;0;0;0;0;0
FR;5;2021-10-12;0;0;0;0;0;0;0;0;0;0
FR;5;2021-10-13;0;0;0;0;0;0;0;0;0;0
FR;5;2021-10-14;0;0;0;0;0;0;0;0;0;0
FR;5;2021-10-15;0;0;0;0;0;0;0;0;0;0
FR;5;2021-10-16;0;0;0;0;0;0;0;0;0;0
FR;5;2021-10-17;0;0;0;0;0;0;0;0;0;0
FR;5;2021-10-18;0;0;0;0;0;0;0;0;0;0
FR;5;2021-10-19;0;0;0;0;0;0;0;0;0;0
FR;5;2021-10-20;0;0;0;0;0;0;0;0;0;0
FR;5;2021-10-21;0;0;0;0;0;0;0;0;0;0
FR;5;2021-10-22;0;0;0;0;0;0;0;0;0;0
FR;5;2021-10-23;0;0;0;0;0;0;0;0;0;0
FR;5;2021-10-24;0;0;0;0;0;0;0;0;0;0
FR;5;2021-10-25;0;0;0;0;0;0;0;0;0;0
FR;5;2021-10-26;0;0;0;0;0;0;0;0;0;0
FR;5;2021-10-27;0;0;0;0;0;0;0;0;0;0
FR;5;2021-10-28;0;0;0;0;0;0;0;0;0;0
FR;5;2021-10-29;0;0;0;0;0;0;0;0;0;0
FR;5;2021-10-30;0;0;0;0;0;0;0;0;0;0
FR;5;2021-10-31;0;0;0;0;0;0;0;0;0;0
FR;5;2021-11-01;0;0;0;0;0;0;0;0;0;0
FR;5;2021-11-02;0;0;0;0;0;0;0;0;0;0
FR;5;2021-11-03;0;0;0;0;0;0;0;0;0;0
FR;5;2021-11-04;0;0;0;0;0;0;0;0;0;0
FR;5;2021-11-05;0;0;0;0;0;0;0;0;0;0
FR;5;2021-11-06;0;0;0;0;0;0;0;0;0;0
FR;5;2021-11-07;0;0;0;0;0;0;0;0;0;0
FR;5;2021-11-08;0;0;0;0;0;0;0;0;0;0
FR;5;2021-11-09;0;0;0;0;0;0;0;0;0;0
FR;5;2021-11-10;0;0;0;0;0;0;0;0;0;0
FR;5;2021-11-11;0;0;0;0;0;0;0;0;0;0
FR;5;2021-11-12;0;0;0;0;0;0;0;0;0;0
FR;5;2021-11-13;0;0;0;0;0;0;0;0;0;0
FR;5;2021-11-14;0;0;0;0;0;0;0;0;0;0
FR;5;2021-11-15;0;0;0;0;0;0;0;0;0;0
FR;5;2021-11-16;0;0;0;0;0;0;0;0;0;0
FR;5;2021-11-17;0;0;0;0;0;0;0;0;0;0
FR;5;2021-11-18;0;0;0;0;0;0;0;0;0;0
FR;5;2021-11-19;0;0;0;0;0;0;0;0;0;0
FR;5;2021-11-20;0;0;0;0;0;0;0;0;0;0
FR;5;2021-11-21;0;0;0;0;0;0;0;0;0;0
FR;5;2021-11-22;0;0;0;0;0;0;0;0;0;0
FR;5;2021-11-23;0;0;0;0;0;0;0;0;0;0
FR;5;2021-11-24;0;0;0;0;0;0;0;0;0;0
FR;5;2021-11-25;0;0;0;0;0;0;0;0;0;0
FR;5;2021-11-26;0;0;0;0;0;0;0;0;0;0
FR;5;2021-11-27;0;0;0;0;0;0;0;0;0;0
FR;5;2021-11-28;0;0;0;0;0;0;0;0;0;0
FR;5;2021-11-29;0;0;0;0;0;0;0;0;0;0
FR;5;2021-11-30;0;0;0;0;0;0;0;0;0;0
FR;5;2021-12-01;0;0;0;0;0;0;0;0;0;0
FR;5;2021-12-02;0;0;0;0;0;0;0;0;0;0
FR;5;2021-12-03;0;0;0;0;0;0;0;0;0;0
FR;5;2021-12-04;0;0;0;0;0;0;0;0;0;0
FR;5;2021-12-05;0;0;0;0;0;0;0;0;0;0
FR;5;2021-12-06;0;0;0;0;0;0;0;0;0;0
FR;5;2021-12-07;0;0;0;0;0;0;0;0;0;0
FR;5;2021-12-08;0;0;0;0;0;0;0;0;0;0
FR;5;2021-12-09;0;0;0;0;0;0;0;0;0;0
FR;5;2021-12-10;0;0;0;0;0;0;0;0;0;0
FR;5;2021-12-11;0;0;0;0;0;0;0;0;0;0
FR;5;2021-12-12;0;0;0;0;0;0;0;0;0;0
FR;5;2021-12-13;0;0;0;0;0;0;0;0;0;0
FR;5;2021-12-14;29;45;77;0;88;29;45;77;0;88
FR;5;2021-12-15;196;44;37;0;49;225;89;114;0;137
FR;5;2021-12-16;180;21;44;0;48;405;110;158;0;185
FR;5;2021-12-17;310;16;72;0;74;715;126;230;0;259
FR;5;2021-12-18;763;24;22;0;29;1478;150;252;0;288
FR;5;2021-12-19;586;15;15;0;17;2064;165;267;0;305
FR;5;2021-12-20;1223;31;35;0;38;3287;196;302;0;343
FR;5;2021-12-21;1535;22;54;1;60;4822;218;356;1;403
FR;5;2021-12-22;4069;40;37;0;46;8891;258;393;1;449
FR;5;2021-12-23;3041;16;21;0;25;11932;274;414;1;474
FR;5;2021-12-24;759;18;9;0;15;12691;292;423;1;489
FR;5;2021-12-25;61;5;1;0;2;12752;297;424;1;491
FR;5;2021-12-26;623;6;3;0;4;13375;303;427;1;495
FR;5;2021-12-27;4080;25;21;0;23;17455;328;448;1;518
FR;5;2021-12-28;5201;23;41;1;43;22656;351;489;2;561
FR;5;2021-12-29;8102;34;65;2;68;30758;385;554;4;629
FR;5;2021-12-30;5171;18;33;0;39;35929;403;587;4;668
FR;5;2021-12-31;1553;8;10;0;11;37482;411;597;4;679
FR;5;2022-01-01;185;2;2;0;3;37667;413;599;4;682
FR;5;2022-01-02;1489;1;1;0;1;39156;414;600;4;683
FR;5;2022-01-03;3057;36;33;0;32;42213;450;633;4;715
FR;5;2022-01-04;3034;39;33;0;42;45247;489;666;4;757
FR;5;2022-01-05;19312;203;97;1;108;64559;692;763;5;865
FR;5;2022-01-06;3742;133;122;0;142;68301;825;885;5;1007
FR;5;2022-01-07;5007;200;48;2;56;73308;1025;933;7;1063
FR;5;2022-01-08;13653;513;45;0;52;86961;1538;978;7;1115
FR;5;2022-01-09;5755;399;15;0;20;92716;1937;993;7;1135
FR;5;2022-01-10;3452;326;25;0;29;96168;2263;1018;7;1164
FR;5;2022-01-11;3667;284;38;0;41;99835;2547;1056;7;1205
FR;5;2022-01-12;22651;3003;90;0;113;122486;5550;1146;7;1318
FR;5;2022-01-13;4035;622;30;0;32;126521;6172;1176;7;1350
FR;5;2022-01-14;4843;581;43;0;50;131364;6753;1219;7;1400
FR;5;2022-01-15;14679;1746;38;3;49;146043;8499;1257;10;1449
FR;5;2022-01-16;4728;666;3;0;5;150771;9165;1260;10;1454
FR;5;2022-01-17;2294;715;26;0;29;153065;9880;1286;10;1483
FR;5;2022-01-18;2429;870;30;0;40;155494;10750;1316;10;1523
FR;5;2022-01-19;18480;6419;74;2;142;173974;17169;1390;12;1665
FR;5;2022-01-20;1920;1067;25;0;34;175894;18236;1415;12;1699
FR;5;2022-01-21;3074;1371;47;1;59;178968;19607;1462;13;1758
FR;5;2022-01-22;10721;3454;33;1;43;189689;23061;1495;14;1801
FR;5;2022-01-23;2628;1415;5;0;9;192317;24476;1500;14;1810
FR;5;2022-01-24;1159;1340;19;0;23;193476;25816;1519;14;1833
FR;5;2022-01-25;1219;1548;19;2;29;194695;27364;1538;16;1862
FR;5;2022-01-26;10749;12015;50;1;89;205444;39379;1588;17;1951
FR;5;2022-01-27;1291;1691;10;0;17;206735;41070;1598;17;1968
FR;5;2022-01-28;1695;3347;16;0;19;208430;44417;1614;17;1987
FR;5;2022-01-29;6237;8040;68;0;96;214667;52457;1682;17;2083
FR;5;2022-01-30;1509;2950;5;0;18;216176;55407;1687;17;2101
FR;5;2022-01-31;588;1773;23;0;24;216764;57180;1710;17;2125
FR;5;2022-02-01;712;1702;10;0;15;217476;58882;1720;17;2140
FR;5;2022-02-02;6957;15653;52;0;94;224433;74535;1772;17;2234
FR;5;2022-02-03;488;1690;13;0;12;224921;76225;1785;17;2246
FR;5;2022-02-04;941;3001;19;0;31;225862;79226;1804;17;2277
FR;5;2022-02-05;3532;8915;23;0;37;229394;88141;1827;17;2314
FR;5;2022-02-06;737;2397;10;0;19;230131;90538;1837;17;2333
FR;5;2022-02-07;883;1595;22;0;24;231014;92133;1859;17;2357
FR;5;2022-02-08;722;1285;18;0;20;231736;93418;1877;17;2377
FR;5;2022-02-09;4535;12875;44;0;76;236271;106293;1921;17;2453
FR;5;2022-02-10;645;1058;13;0;14;236916;107351;1934;17;2467
FR;5;2022-02-11;793;2026;16;0;21;237709;109377;1950;17;2488
FR;5;2022-02-12;2285;6811;33;0;53;239994;116188;1983;17;2541
FR;5;2022-02-13;465;1539;8;0;8;240459;117727;1991;17;2549
FR;5;2022-02-14;678;1288;10;0;13;241137;119015;2001;17;2562
FR;5;2022-02-15;482;885;9;0;14;241619;119900;2010;17;2576
FR;5;2022-02-16;2978;9123;41;1;58;244597;129023;2051;18;2634
FR;5;2022-02-17;435;805;6;0;7;245032;129828;2057;18;2641
FR;5;2022-02-18;650;1407;13;0;17;245682;131235;2070;18;2658
FR;5;2022-02-19;1371;4314;16;0;28;247053;135549;2086;18;2686
FR;5;2022-02-20;247;879;6;0;8;247300;136428;2092;18;2694
FR;5;2022-02-21;221;607;2;0;4;247521;137035;2094;18;2698
FR;5;2022-02-22;259;544;17;0;17;247780;137579;2111;18;2715
FR;5;2022-02-23;1908;6923;22;1;42;249688;144502;2133;19;2757
FR;5;2022-02-24;182;373;5;1;5;249870;144875;2138;20;2762
FR;5;2022-02-25;335;949;13;0;12;250205;145824;2151;20;2774
FR;5;2022-02-26;971;3066;10;0;14;251176;148890;2161;20;2788
FR;5;2022-02-27;147;506;0;0;3;251323;149396;2161;20;2791
FR;5;2022-02-28;161;369;1;0;1;251484;149765;2162;20;2792
FR;5;2022-03-01;128;279;6;0;7;251612;150044;2168;20;2799
FR;5;2022-03-02;1240;4150;28;3;40;252852;154194;2196;23;2839
FR;5;2022-03-03;121;249;6;0;9;252973;154443;2202;23;2848
FR;5;2022-03-04;192;488;13;0;14;253165;154931;2215;23;2862
FR;5;2022-03-05;676;1990;8;0;16;253841;156921;2223;23;2878
FR;5;2022-03-06;107;260;0;0;0;253948;157181;2223;23;2878
FR;5;2022-03-07;70;228;5;0;3;254018;157409;2228;23;2881
FR;5;2022-03-08;46;130;7;1;7;254064;157539;2235;24;2888
FR;5;2022-03-09;909;3076;23;0;35;254973;160615;2258;24;2923
FR;5;2022-03-10;82;200;7;0;10;255055;160815;2265;24;2933
FR;5;2022-03-11;147;369;13;1;15;255202;161184;2278;25;2948
FR;5;2022-03-12;758;1613;13;1;30;255960;162797;2291;26;2978
FR;5;2022-03-13;76;100;0;0;0;256036;162897;2291;26;2978
FR;5;2022-03-14;67;118;7;1;7;256103;163015;2298;27;2985
FR;5;2022-03-15;83;99;3;0;6;256186;163114;2301;27;2991
FR;5;2022-03-16;884;1822;15;3;34;257070;164936;2316;30;3025
FR;5;2022-03-17;66;123;8;4;10;257136;165059;2324;34;3035
FR;5;2022-03-18;172;318;13;4;18;257308;165377;2337;38;3053
FR;5;2022-03-19;749;1162;12;5;33;258057;166539;2349;43;3086
FR;5;2022-03-20;44;92;1;0;1;258101;166631;2350;43;3087
FR;5;2022-03-21;71;119;10;6;15;258172;166750;2360;49;3102
FR;5;2022-03-22;56;118;8;8;8;258228;166868;2368;57;3110
FR;5;2022-03-23;802;1460;14;8;36;259030;168328;2382;65;3146
FR;5;2022-03-24;68;93;8;7;7;259098;168421;2390;72;3153
FR;5;2022-03-25;222;289;14;8;18;259320;168710;2404;80;3171
FR;5;2022-03-26;706;851;12;5;26;260026;169561;2416;85;3197
FR;5;2022-03-27;74;78;0;0;3;260100;169639;2416;85;3200
FR;5;2022-03-28;80;91;1;2;3;260180;169730;2417;87;3203
FR;5;2022-03-29;71;82;10;4;12;260251;169812;2427;91;3215
FR;5;2022-03-30;820;1115;15;13;28;261071;170927;2442;104;3243
FR;5;2022-03-31;102;124;1;4;6;261173;171051;2443;108;3249
FR;5;2022-04-01;107;86;7;12;11;261280;171137;2450;120;3260
FR;5;2022-04-02;328;348;3;3;14;261608;171485;2453;123;3274
FR;5;2022-04-03;54;59;1;0;1;261662;171544;2454;123;3275
FR;5;2022-04-04;35;57;4;1;8;261697;171601;2458;124;3283
FR;5;2022-04-05;50;60;6;6;9;261747;171661;2464;130;3292
FR;5;2022-04-06;421;438;6;15;15;262168;172099;2470;145;3307
FR;5;2022-04-07;45;67;5;7;7;262213;172166;2475;152;3314
FR;5;2022-04-08;129;109;12;14;15;262342;172275;2487;166;3329
FR;5;2022-04-09;308;319;2;4;16;262650;172594;2489;170;3345
FR;5;2022-04-10;43;31;2;0;2;262693;172625;2491;170;3347
FR;5;2022-04-11;48;60;3;2;4;262741;172685;2494;172;3351
FR;5;2022-04-12;57;54;3;3;5;262798;172739;2497;175;3356
FR;5;2022-04-13;382;412;3;8;16;263180;173151;2500;183;3372
FR;5;2022-04-14;47;48;5;5;9;263227;173199;2505;188;3381
FR;5;2022-04-15;90;107;3;5;4;263317;173306;2508;193;3385
FR;5;2022-04-16;188;183;2;1;13;263505;173489;2510;194;3398
FR;5;2022-04-17;12;10;1;0;1;263517;173499;2511;194;3399
FR;5;2022-04-18;8;8;2;0;2;263525;173507;2513;194;3401
FR;5;2022-04-19;72;68;5;1;5;263597;173575;2518;195;3406
FR;5;2022-04-20;357;348;9;6;12;263954;173923;2527;201;3418
FR;5;2022-04-21;41;63;9;10;12;263995;173986;2536;211;3430
FR;5;2022-04-22;114;94;4;4;4;264109;174080;2540;215;3434
FR;5;2022-04-23;206;192;3;2;10;264315;174272;2543;217;3444
FR;5;2022-04-24;37;35;0;0;3;264352;174307;2543;217;3447
FR;5;2022-04-25;65;62;2;1;5;264417;174369;2545;218;3452
FR;5;2022-04-26;58;58;2;1;5;264475;174427;2547;219;3457
FR;5;2022-04-27;331;315;2;7;13;264806;174742;2549;226;3470
FR;5;2022-04-28;68;54;4;4;8;264874;174796;2553;230;3478
FR;6;2020-12-27;0;0;0;0;0;0;0;0;0;0
FR;6;2020-12-28;0;0;0;0;0;0;0;0;0;0
FR;6;2020-12-29;0;0;0;0;0;0;0;0;0;0
FR;6;2020-12-30;0;0;0;0;0;0;0;0;0;0
FR;6;2020-12-31;0;0;0;0;0;0;0;0;0;0
FR;6;2021-01-01;0;0;0;0;0;0;0;0;0;0
FR;6;2021-01-02;0;0;0;0;0;0;0;0;0;0
FR;6;2021-01-03;0;0;0;0;0;0;0;0;0;0
FR;6;2021-01-04;0;0;0;0;0;0;0;0;0;0
FR;6;2021-01-05;0;0;0;0;0;0;0;0;0;0
FR;6;2021-01-06;0;0;0;0;0;0;0;0;0;0
FR;6;2021-01-07;0;0;0;0;0;0;0;0;0;0
FR;6;2021-01-08;0;0;0;0;0;0;0;0;0;0
FR;6;2021-01-09;0;0;0;0;0;0;0;0;0;0
FR;6;2021-01-10;0;0;0;0;0;0;0;0;0;0
FR;6;2021-01-11;0;0;0;0;0;0;0;0;0;0
FR;6;2021-01-12;0;0;0;0;0;0;0;0;0;0
FR;6;2021-01-13;0;0;0;0;0;0;0;0;0;0
FR;6;2021-01-14;0;0;0;0;0;0;0;0;0;0
FR;6;2021-01-15;0;0;0;0;0;0;0;0;0;0
FR;6;2021-01-16;0;0;0;0;0;0;0;0;0;0
FR;6;2021-01-17;0;0;0;0;0;0;0;0;0;0
FR;6;2021-01-18;0;0;0;0;0;0;0;0;0;0
FR;6;2021-01-19;0;0;0;0;0;0;0;0;0;0
FR;6;2021-01-20;0;0;0;0;0;0;0;0;0;0
FR;6;2021-01-21;0;0;0;0;0;0;0;0;0;0
FR;6;2021-01-22;0;0;0;0;0;0;0;0;0;0
FR;6;2021-01-23;0;0;0;0;0;0;0;0;0;0
FR;6;2021-01-24;0;0;0;0;0;0;0;0;0;0
FR;6;2021-01-25;0;0;0;0;0;0;0;0;0;0
FR;6;2021-01-26;0;0;0;0;0;0;0;0;0;0
FR;6;2021-01-27;0;0;0;0;0;0;0;0;0;0
FR;6;2021-01-28;0;0;0;0;0;0;0;0;0;0
FR;6;2021-01-29;0;0;0;0;0;0;0;0;0;0
FR;6;2021-01-30;0;0;0;0;0;0;0;0;0;0
FR;6;2021-01-31;0;0;0;0;0;0;0;0;0;0
FR;6;2021-02-01;0;0;0;0;0;0;0;0;0;0
FR;6;2021-02-02;0;0;0;0;0;0;0;0;0;0
FR;6;2021-02-03;0;0;0;0;0;0;0;0;0;0
FR;6;2021-02-04;0;0;0;0;0;0;0;0;0;0
FR;6;2021-02-05;0;0;0;0;0;0;0;0;0;0
FR;6;2021-02-06;0;0;0;0;0;0;0;0;0;0
FR;6;2021-02-07;0;0;0;0;0;0;0;0;0;0
FR;6;2021-02-08;0;0;0;0;0;0;0;0;0;0
FR;6;2021-02-09;0;0;0;0;0;0;0;0;0;0
FR;6;2021-02-10;0;0;0;0;0;0;0;0;0;0
FR;6;2021-02-11;0;0;0;0;0;0;0;0;0;0
FR;6;2021-02-12;0;0;0;0;0;0;0;0;0;0
FR;6;2021-02-13;0;0;0;0;0;0;0;0;0;0
FR;6;2021-02-14;0;0;0;0;0;0;0;0;0;0
FR;6;2021-02-15;0;0;0;0;0;0;0;0;0;0
FR;6;2021-02-16;0;0;0;0;0;0;0;0;0;0
FR;6;2021-02-17;0;0;0;0;0;0;0;0;0;0
FR;6;2021-02-18;0;0;0;0;0;0;0;0;0;0
FR;6;2021-02-19;0;0;0;0;0;0;0;0;0;0
FR;6;2021-02-20;0;0;0;0;0;0;0;0;0;0
FR;6;2021-02-21;0;0;0;0;0;0;0;0;0;0
FR;6;2021-02-22;0;0;0;0;0;0;0;0;0;0
FR;6;2021-02-23;0;0;0;0;0;0;0;0;0;0
FR;6;2021-02-24;0;0;0;0;0;0;0;0;0;0
FR;6;2021-02-25;0;0;0;0;0;0;0;0;0;0
FR;6;2021-02-26;0;0;0;0;0;0;0;0;0;0
FR;6;2021-02-27;0;0;0;0;0;0;0;0;0;0
FR;6;2021-02-28;0;0;0;0;0;0;0;0;0;0
FR;6;2021-03-01;0;0;0;0;0;0;0;0;0;0
FR;6;2021-03-02;0;0;0;0;0;0;0;0;0;0
FR;6;2021-03-03;0;0;0;0;0;0;0;0;0;0
FR;6;2021-03-04;0;0;0;0;0;0;0;0;0;0
FR;6;2021-03-05;0;0;0;0;0;0;0;0;0;0
FR;6;2021-03-06;0;0;0;0;0;0;0;0;0;0
FR;6;2021-03-07;0;0;0;0;0;0;0;0;0;0
FR;6;2021-03-08;0;0;0;0;0;0;0;0;0;0
FR;6;2021-03-09;0;0;0;0;0;0;0;0;0;0
FR;6;2021-03-10;0;0;0;0;0;0;0;0;0;0
FR;6;2021-03-11;0;0;0;0;0;0;0;0;0;0
FR;6;2021-03-12;0;0;0;0;0;0;0;0;0;0
FR;6;2021-03-13;0;0;0;0;0;0;0;0;0;0
FR;6;2021-03-14;0;0;0;0;0;0;0;0;0;0
FR;6;2021-03-15;0;0;0;0;0;0;0;0;0;0
FR;6;2021-03-16;0;0;0;0;0;0;0;0;0;0
FR;6;2021-03-17;0;0;0;0;0;0;0;0;0;0
FR;6;2021-03-18;0;0;0;0;0;0;0;0;0;0
FR;6;2021-03-19;0;0;0;0;0;0;0;0;0;0
FR;6;2021-03-20;0;0;0;0;0;0;0;0;0;0
FR;6;2021-03-21;0;0;0;0;0;0;0;0;0;0
FR;6;2021-03-22;0;0;0;0;0;0;0;0;0;0
FR;6;2021-03-23;0;0;0;0;0;0;0;0;0;0
FR;6;2021-03-24;0;0;0;0;0;0;0;0;0;0
FR;6;2021-03-25;0;0;0;0;0;0;0;0;0;0
FR;6;2021-03-26;0;0;0;0;0;0;0;0;0;0
FR;6;2021-03-27;0;0;0;0;0;0;0;0;0;0
FR;6;2021-03-28;0;0;0;0;0;0;0;0;0;0
FR;6;2021-03-29;0;0;0;0;0;0;0;0;0;0
FR;6;2021-03-30;0;0;0;0;0;0;0;0;0;0
FR;6;2021-03-31;0;0;0;0;0;0;0;0;0;0
FR;6;2021-04-01;0;0;0;0;0;0;0;0;0;0
FR;6;2021-04-02;0;0;0;0;0;0;0;0;0;0
FR;6;2021-04-03;0;0;0;0;0;0;0;0;0;0
FR;6;2021-04-04;0;0;0;0;0;0;0;0;0;0
FR;6;2021-04-05;0;0;0;0;0;0;0;0;0;0
FR;6;2021-04-06;0;0;0;0;0;0;0;0;0;0
FR;6;2021-04-07;0;0;0;0;0;0;0;0;0;0
FR;6;2021-04-08;0;0;0;0;0;0;0;0;0;0
FR;6;2021-04-09;0;0;0;0;0;0;0;0;0;0
FR;6;2021-04-10;0;0;0;0;0;0;0;0;0;0
FR;6;2021-04-11;0;0;0;0;0;0;0;0;0;0
FR;6;2021-04-12;0;0;0;0;0;0;0;0;0;0
FR;6;2021-04-13;0;0;0;0;0;0;0;0;0;0
FR;6;2021-04-14;0;0;0;0;0;0;0;0;0;0
FR;6;2021-04-15;0;0;0;0;0;0;0;0;0;0
FR;6;2021-04-16;0;0;0;0;0;0;0;0;0;0
FR;6;2021-04-17;0;0;0;0;0;0;0;0;0;0
FR;6;2021-04-18;0;0;0;0;0;0;0;0;0;0
FR;6;2021-04-19;0;0;0;0;0;0;0;0;0;0
FR;6;2021-04-20;0;0;0;0;0;0;0;0;0;0
FR;6;2021-04-21;0;0;0;0;0;0;0;0;0;0
FR;6;2021-04-22;0;0;0;0;0;0;0;0;0;0
FR;6;2021-04-23;0;0;0;0;0;0;0;0;0;0
FR;6;2021-04-24;0;0;0;0;0;0;0;0;0;0
FR;6;2021-04-25;0;0;0;0;0;0;0;0;0;0
FR;6;2021-04-26;0;0;0;0;0;0;0;0;0;0
FR;6;2021-04-27;0;0;0;0;0;0;0;0;0;0
FR;6;2021-04-28;0;0;0;0;0;0;0;0;0;0
FR;6;2021-04-29;0;0;0;0;0;0;0;0;0;0
FR;6;2021-04-30;0;0;0;0;0;0;0;0;0;0
FR;6;2021-05-01;0;0;0;0;0;0;0;0;0;0
FR;6;2021-05-02;0;0;0;0;0;0;0;0;0;0
FR;6;2021-05-03;0;0;0;0;0;0;0;0;0;0
FR;6;2021-05-04;0;0;0;0;0;0;0;0;0;0
FR;6;2021-05-05;0;0;0;0;0;0;0;0;0;0
FR;6;2021-05-06;0;0;0;0;0;0;0;0;0;0
FR;6;2021-05-07;0;0;0;0;0;0;0;0;0;0
FR;6;2021-05-08;0;0;0;0;0;0;0;0;0;0
FR;6;2021-05-09;0;0;0;0;0;0;0;0;0;0
FR;6;2021-05-10;0;0;0;0;0;0;0;0;0;0
FR;6;2021-05-11;0;0;0;0;0;0;0;0;0;0
FR;6;2021-05-12;0;0;0;0;0;0;0;0;0;0
FR;6;2021-05-13;0;0;0;0;0;0;0;0;0;0
FR;6;2021-05-14;0;0;0;0;0;0;0;0;0;0
FR;6;2021-05-15;0;0;0;0;0;0;0;0;0;0
FR;6;2021-05-16;0;0;0;0;0;0;0;0;0;0
FR;6;2021-05-17;0;0;0;0;0;0;0;0;0;0
FR;6;2021-05-18;0;0;0;0;0;0;0;0;0;0
FR;6;2021-05-19;0;0;0;0;0;0;0;0;0;0
FR;6;2021-05-20;0;0;0;0;0;0;0;0;0;0
FR;6;2021-05-21;0;0;0;0;0;0;0;0;0;0
FR;6;2021-05-22;0;0;0;0;0;0;0;0;0;0
FR;6;2021-05-23;0;0;0;0;0;0;0;0;0;0
FR;6;2021-05-24;0;0;0;0;0;0;0;0;0;0
FR;6;2021-05-25;0;0;0;0;0;0;0;0;0;0
FR;6;2021-05-26;0;0;0;0;0;0;0;0;0;0
FR;6;2021-05-27;0;0;0;0;0;0;0;0;0;0
FR;6;2021-05-28;0;0;0;0;0;0;0;0;0;0
FR;6;2021-05-29;0;0;0;0;0;0;0;0;0;0
FR;6;2021-05-30;0;0;0;0;0;0;0;0;0;0
FR;6;2021-05-31;0;0;0;0;0;0;0;0;0;0
FR;6;2021-06-01;0;0;0;0;0;0;0;0;0;0
FR;6;2021-06-02;0;0;0;0;0;0;0;0;0;0
FR;6;2021-06-03;0;0;0;0;0;0;0;0;0;0
FR;6;2021-06-04;0;0;0;0;0;0;0;0;0;0
FR;6;2021-06-05;0;0;0;0;0;0;0;0;0;0
FR;6;2021-06-06;0;0;0;0;0;0;0;0;0;0
FR;6;2021-06-07;0;0;0;0;0;0;0;0;0;0
FR;6;2021-06-08;0;0;0;0;0;0;0;0;0;0
FR;6;2021-06-09;0;0;0;0;0;0;0;0;0;0
FR;6;2021-06-10;0;0;0;0;0;0;0;0;0;0
FR;6;2021-06-11;0;0;0;0;0;0;0;0;0;0
FR;6;2021-06-12;0;0;0;0;0;0;0;0;0;0
FR;6;2021-06-13;0;0;0;0;0;0;0;0;0;0
FR;6;2021-06-14;0;0;0;0;0;0;0;0;0;0
FR;6;2021-06-15;0;0;0;0;0;0;0;0;0;0
FR;6;2021-06-16;0;0;0;0;0;0;0;0;0;0
FR;6;2021-06-17;0;0;0;0;0;0;0;0;0;0
FR;6;2021-06-18;0;0;0;0;0;0;0;0;0;0
FR;6;2021-06-19;0;0;0;0;0;0;0;0;0;0
FR;6;2021-06-20;0;0;0;0;0;0;0;0;0;0
FR;6;2021-06-21;0;0;0;0;0;0;0;0;0;0
FR;6;2021-06-22;0;0;0;0;0;0;0;0;0;0
FR;6;2021-06-23;0;0;0;0;0;0;0;0;0;0
FR;6;2021-06-24;0;0;0;0;0;0;0;0;0;0
FR;6;2021-06-25;0;0;0;0;0;0;0;0;0;0
FR;6;2021-06-26;0;0;0;0;0;0;0;0;0;0
FR;6;2021-06-27;0;0;0;0;0;0;0;0;0;0
FR;6;2021-06-28;0;0;0;0;0;0;0;0;0;0
FR;6;2021-06-29;0;0;0;0;0;0;0;0;0;0
FR;6;2021-06-30;0;0;0;0;0;0;0;0;0;0
FR;6;2021-07-01;0;0;0;0;0;0;0;0;0;0
FR;6;2021-07-02;0;0;0;0;0;0;0;0;0;0
FR;6;2021-07-03;0;0;0;0;0;0;0;0;0;0
FR;6;2021-07-04;0;0;0;0;0;0;0;0;0;0
FR;6;2021-07-05;0;0;0;0;0;0;0;0;0;0
FR;6;2021-07-06;0;0;0;0;0;0;0;0;0;0
FR;6;2021-07-07;0;0;0;0;0;0;0;0;0;0
FR;6;2021-07-08;0;0;0;0;0;0;0;0;0;0
FR;6;2021-07-09;0;0;0;0;0;0;0;0;0;0
FR;6;2021-07-10;0;0;0;0;0;0;0;0;0;0
FR;6;2021-07-11;0;0;0;0;0;0;0;0;0;0
FR;6;2021-07-12;0;0;0;0;0;0;0;0;0;0
FR;6;2021-07-13;0;0;0;0;0;0;0;0;0;0
FR;6;2021-07-14;0;0;0;0;0;0;0;0;0;0
FR;6;2021-07-15;0;0;0;0;0;0;0;0;0;0
FR;6;2021-07-16;0;0;0;0;0;0;0;0;0;0
FR;6;2021-07-17;0;0;0;0;0;0;0;0;0;0
FR;6;2021-07-18;0;0;0;0;0;0;0;0;0;0
FR;6;2021-07-19;0;0;0;0;0;0;0;0;0;0
FR;6;2021-07-20;0;0;0;0;0;0;0;0;0;0
FR;6;2021-07-21;0;0;0;0;0;0;0;0;0;0
FR;6;2021-07-22;0;0;0;0;0;0;0;0;0;0
FR;6;2021-07-23;0;0;0;0;0;0;0;0;0;0
FR;6;2021-07-24;0;0;0;0;0;0;0;0;0;0
FR;6;2021-07-25;0;0;0;0;0;0;0;0;0;0
FR;6;2021-07-26;0;0;0;0;0;0;0;0;0;0
FR;6;2021-07-27;0;0;0;0;0;0;0;0;0;0
FR;6;2021-07-28;0;0;0;0;0;0;0;0;0;0
FR;6;2021-07-29;0;0;0;0;0;0;0;0;0;0
FR;6;2021-07-30;0;0;0;0;0;0;0;0;0;0
FR;6;2021-07-31;0;0;0;0;0;0;0;0;0;0
FR;6;2021-08-01;0;0;0;0;0;0;0;0;0;0
FR;6;2021-08-02;0;0;0;0;0;0;0;0;0;0
FR;6;2021-08-03;0;0;0;0;0;0;0;0;0;0
FR;6;2021-08-04;0;0;0;0;0;0;0;0;0;0
FR;6;2021-08-05;0;0;0;0;0;0;0;0;0;0
FR;6;2021-08-06;0;0;0;0;0;0;0;0;0;0
FR;6;2021-08-07;0;0;0;0;0;0;0;0;0;0
FR;6;2021-08-08;0;0;0;0;0;0;0;0;0;0
FR;6;2021-08-09;0;0;0;0;0;0;0;0;0;0
FR;6;2021-08-10;0;0;0;0;0;0;0;0;0;0
FR;6;2021-08-11;0;0;0;0;0;0;0;0;0;0
FR;6;2021-08-12;0;0;0;0;0;0;0;0;0;0
FR;6;2021-08-13;0;0;0;0;0;0;0;0;0;0
FR;6;2021-08-14;0;0;0;0;0;0;0;0;0;0
FR;6;2021-08-15;0;0;0;0;0;0;0;0;0;0
FR;6;2021-08-16;0;0;0;0;0;0;0;0;0;0
FR;6;2021-08-17;0;0;0;0;0;0;0;0;0;0
FR;6;2021-08-18;0;0;0;0;0;0;0;0;0;0
FR;6;2021-08-19;0;0;0;0;0;0;0;0;0;0
FR;6;2021-08-20;0;0;0;0;0;0;0;0;0;0
FR;6;2021-08-21;0;0;0;0;0;0;0;0;0;0
FR;6;2021-08-22;0;0;0;0;0;0;0;0;0;0
FR;6;2021-08-23;0;0;0;0;0;0;0;0;0;0
FR;6;2021-08-24;0;0;0;0;0;0;0;0;0;0
FR;6;2021-08-25;0;0;0;0;0;0;0;0;0;0
FR;6;2021-08-26;0;0;0;0;0;0;0;0;0;0
FR;6;2021-08-27;0;0;0;0;0;0;0;0;0;0
FR;6;2021-08-28;0;0;0;0;0;0;0;0;0;0
FR;6;2021-08-29;0;0;0;0;0;0;0;0;0;0
FR;6;2021-08-30;0;0;0;0;0;0;0;0;0;0
FR;6;2021-08-31;0;0;0;0;0;0;0;0;0;0
FR;6;2021-09-01;0;0;0;0;0;0;0;0;0;0
FR;6;2021-09-02;0;0;0;0;0;0;0;0;0;0
FR;6;2021-09-03;0;0;0;0;0;0;0;0;0;0
FR;6;2021-09-04;0;0;0;0;0;0;0;0;0;0
FR;6;2021-09-05;0;0;0;0;0;0;0;0;0;0
FR;6;2021-09-06;0;0;0;0;0;0;0;0;0;0
FR;6;2021-09-07;0;0;0;0;0;0;0;0;0;0
FR;6;2021-09-08;0;0;0;0;0;0;0;0;0;0
FR;6;2021-09-09;0;0;0;0;0;0;0;0;0;0
FR;6;2021-09-10;0;0;0;0;0;0;0;0;0;0
FR;6;2021-09-11;0;0;0;0;0;0;0;0;0;0
FR;6;2021-09-12;0;0;0;0;0;0;0;0;0;0
FR;6;2021-09-13;0;0;0;0;0;0;0;0;0;0
FR;6;2021-09-14;0;0;0;0;0;0;0;0;0;0
FR;6;2021-09-15;0;0;0;0;0;0;0;0;0;0
FR;6;2021-09-16;0;0;0;0;0;0;0;0;0;0
FR;6;2021-09-17;0;0;0;0;0;0;0;0;0;0
FR;6;2021-09-18;0;0;0;0;0;0;0;0;0;0
FR;6;2021-09-19;0;0;0;0;0;0;0;0;0;0
FR;6;2021-09-20;0;0;0;0;0;0;0;0;0;0
FR;6;2021-09-21;0;0;0;0;0;0;0;0;0;0
FR;6;2021-09-22;0;0;0;0;0;0;0;0;0;0
FR;6;2021-09-23;0;0;0;0;0;0;0;0;0;0
FR;6;2021-09-24;0;0;0;0;0;0;0;0;0;0
FR;6;2021-09-25;0;0;0;0;0;0;0;0;0;0
FR;6;2021-09-26;0;0;0;0;0;0;0;0;0;0
FR;6;2021-09-27;0;0;0;0;0;0;0;0;0;0
FR;6;2021-09-28;0;0;0;0;0;0;0;0;0;0
FR;6;2021-09-29;0;0;0;0;0;0;0;0;0;0
FR;6;2021-09-30;0;0;0;0;0;0;0;0;0;0
FR;6;2021-10-01;0;0;0;0;0;0;0;0;0;0
FR;6;2021-10-02;0;0;0;0;0;0;0;0;0;0
FR;6;2021-10-03;0;0;0;0;0;0;0;0;0;0
FR;6;2021-10-04;0;0;0;0;0;0;0;0;0;0
FR;6;2021-10-05;0;0;0;0;0;0;0;0;0;0
FR;6;2021-10-06;0;0;0;0;0;0;0;0;0;0
FR;6;2021-10-07;0;0;0;0;0;0;0;0;0;0
FR;6;2021-10-08;0;0;0;0;0;0;0;0;0;0
FR;6;2021-10-09;0;0;0;0;0;0;0;0;0;0
FR;6;2021-10-10;0;0;0;0;0;0;0;0;0;0
FR;6;2021-10-11;0;0;0;0;0;0;0;0;0;0
FR;6;2021-10-12;0;0;0;0;0;0;0;0;0;0
FR;6;2021-10-13;0;0;0;0;0;0;0;0;0;0
FR;6;2021-10-14;0;0;0;0;0;0;0;0;0;0
FR;6;2021-10-15;0;0;0;0;0;0;0;0;0;0
FR;6;2021-10-16;0;0;0;0;0;0;0;0;0;0
FR;6;2021-10-17;0;0;0;0;0;0;0;0;0;0
FR;6;2021-10-18;0;0;0;0;0;0;0;0;0;0
FR;6;2021-10-19;0;0;0;0;0;0;0;0;0;0
FR;6;2021-10-20;0;0;0;0;0;0;0;0;0;0
FR;6;2021-10-21;0;0;0;0;0;0;0;0;0;0
FR;6;2021-10-22;0;0;0;0;0;0;0;0;0;0
FR;6;2021-10-23;0;0;0;0;0;0;0;0;0;0
FR;6;2021-10-24;0;0;0;0;0;0;0;0;0;0
FR;6;2021-10-25;0;0;0;0;0;0;0;0;0;0
FR;6;2021-10-26;0;0;0;0;0;0;0;0;0;0
FR;6;2021-10-27;0;0;0;0;0;0;0;0;0;0
FR;6;2021-10-28;0;0;0;0;0;0;0;0;0;0
FR;6;2021-10-29;0;0;0;0;0;0;0;0;0;0
FR;6;2021-10-30;0;0;0;0;0;0;0;0;0;0
FR;6;2021-10-31;0;0;0;0;0;0;0;0;0;0
FR;6;2021-11-01;0;0;0;0;0;0;0;0;0;0
FR;6;2021-11-02;0;0;0;0;0;0;0;0;0;0
FR;6;2021-11-03;0;0;0;0;0;0;0;0;0;0
FR;6;2021-11-04;0;0;0;0;0;0;0;0;0;0
FR;6;2021-11-05;0;0;0;0;0;0;0;0;0;0
FR;6;2021-11-06;0;0;0;0;0;0;0;0;0;0
FR;6;2021-11-07;0;0;0;0;0;0;0;0;0;0
FR;6;2021-11-08;0;0;0;0;0;0;0;0;0;0
FR;6;2021-11-09;0;0;0;0;0;0;0;0;0;0
FR;6;2021-11-10;0;0;0;0;0;0;0;0;0;0
FR;6;2021-11-11;0;0;0;0;0;0;0;0;0;0
FR;6;2021-11-12;0;0;0;0;0;0;0;0;0;0
FR;6;2021-11-13;0;0;0;0;0;0;0;0;0;0
FR;6;2021-11-14;0;0;0;0;0;0;0;0;0;0
FR;6;2021-11-15;0;0;0;0;0;0;0;0;0;0
FR;6;2021-11-16;0;0;0;0;0;0;0;0;0;0
FR;6;2021-11-17;0;0;0;0;0;0;0;0;0;0
FR;6;2021-11-18;0;0;0;0;0;0;0;0;0;0
FR;6;2021-11-19;0;0;0;0;0;0;0;0;0;0
FR;6;2021-11-20;0;0;0;0;0;0;0;0;0;0
FR;6;2021-11-21;0;0;0;0;0;0;0;0;0;0
FR;6;2021-11-22;0;0;0;0;0;0;0;0;0;0
FR;6;2021-11-23;0;0;0;0;0;0;0;0;0;0
FR;6;2021-11-24;0;0;0;0;0;0;0;0;0;0
FR;6;2021-11-25;0;0;0;0;0;0;0;0;0;0
FR;6;2021-11-26;0;0;0;0;0;0;0;0;0;0
FR;6;2021-11-27;0;0;0;0;0;0;0;0;0;0
FR;6;2021-11-28;0;0;0;0;0;0;0;0;0;0
FR;6;2021-11-29;0;0;0;0;0;0;0;0;0;0
FR;6;2021-11-30;0;0;0;0;0;0;0;0;0;0
FR;6;2021-12-01;0;0;0;0;0;0;0;0;0;0
FR;6;2021-12-02;0;0;0;0;0;0;0;0;0;0
FR;6;2021-12-03;0;0;0;0;0;0;0;0;0;0
FR;6;2021-12-04;0;0;0;0;0;0;0;0;0;0
FR;6;2021-12-05;0;0;0;0;0;0;0;0;0;0
FR;6;2021-12-06;0;0;0;0;0;0;0;0;0;0
FR;6;2021-12-07;0;0;0;0;0;0;0;0;0;0
FR;6;2021-12-08;0;0;0;0;0;0;0;0;0;0
FR;6;2021-12-09;0;0;0;0;0;0;0;0;0;0
FR;6;2021-12-10;0;0;0;0;0;0;0;0;0;0
FR;6;2021-12-11;0;0;0;0;0;0;0;0;0;0
FR;6;2021-12-12;0;0;0;0;0;0;0;0;0;0
FR;6;2021-12-13;0;0;0;0;0;0;0;0;0;0
FR;6;2021-12-14;0;0;0;0;0;0;0;0;0;0
FR;6;2021-12-15;0;0;0;0;0;0;0;0;0;0
FR;6;2021-12-16;0;0;0;0;0;0;0;0;0;0
FR;6;2021-12-17;0;0;0;0;0;0;0;0;0;0
FR;6;2021-12-18;0;0;0;0;0;0;0;0;0;0
FR;6;2021-12-19;0;0;0;0;0;0;0;0;0;0
FR;6;2021-12-20;0;0;0;0;0;0;0;0;0;0
FR;6;2021-12-21;0;0;0;0;0;0;0;0;0;0
FR;6;2021-12-22;0;0;0;0;0;0;0;0;0;0
FR;6;2021-12-23;0;0;0;0;0;0;0;0;0;0
FR;6;2021-12-24;0;0;0;0;0;0;0;0;0;0
FR;6;2021-12-25;0;0;0;0;0;0;0;0;0;0
FR;6;2021-12-26;0;0;0;0;0;0;0;0;0;0
FR;6;2021-12-27;0;0;0;0;0;0;0;0;0;0
FR;6;2021-12-28;0;0;0;0;0;0;0;0;0;0
FR;6;2021-12-29;0;0;0;0;0;0;0;0;0;0
FR;6;2021-12-30;0;0;0;0;0;0;0;0;0;0
FR;6;2021-12-31;0;0;0;0;0;0;0;0;0;0
FR;6;2022-01-01;0;0;0;0;0;0;0;0;0;0
FR;6;2022-01-02;0;0;0;0;0;0;0;0;0;0
FR;6;2022-01-03;0;0;0;0;0;0;0;0;0;0
FR;6;2022-01-04;0;0;0;0;0;0;0;0;0;0
FR;6;2022-01-05;0;0;0;0;0;0;0;0;0;0
FR;6;2022-01-06;0;0;0;0;0;0;0;0;0;0
FR;6;2022-01-07;0;0;0;0;0;0;0;0;0;0
FR;6;2022-01-08;0;0;0;0;0;0;0;0;0;0
FR;6;2022-01-09;0;0;0;0;0;0;0;0;0;0
FR;6;2022-01-10;0;0;0;0;0;0;0;0;0;0
FR;6;2022-01-11;0;0;0;0;0;0;0;0;0;0
FR;6;2022-01-12;0;0;0;0;0;0;0;0;0;0
FR;6;2022-01-13;0;0;0;0;0;0;0;0;0;0
FR;6;2022-01-14;0;0;0;0;0;0;0;0;0;0
FR;6;2022-01-15;0;0;0;0;0;0;0;0;0;0
FR;6;2022-01-16;0;0;0;0;0;0;0;0;0;0
FR;6;2022-01-17;0;0;0;0;0;0;0;0;0;0
FR;6;2022-01-18;0;0;0;0;0;0;0;0;0;0
FR;6;2022-01-19;0;0;0;0;0;0;0;0;0;0
FR;6;2022-01-20;0;0;0;0;0;0;0;0;0;0
FR;6;2022-01-21;0;0;0;0;0;0;0;0;0;0
FR;6;2022-01-22;0;0;0;0;0;0;0;0;0;0
FR;6;2022-01-23;0;0;0;0;0;0;0;0;0;0
FR;6;2022-01-24;0;0;0;0;0;0;0;0;0;0
FR;6;2022-01-25;0;0;0;0;0;0;0;0;0;0
FR;6;2022-01-26;0;0;0;0;0;0;0;0;0;0
FR;6;2022-01-27;0;0;0;0;0;0;0;0;0;0
FR;6;2022-01-28;0;0;0;0;0;0;0;0;0;0
FR;6;2022-01-29;0;0;0;0;0;0;0;0;0;0
FR;6;2022-01-30;0;0;0;0;0;0;0;0;0;0
FR;6;2022-01-31;0;0;0;0;0;0;0;0;0;0
FR;6;2022-02-01;0;0;0;0;0;0;0;0;0;0
FR;6;2022-02-02;0;0;0;0;0;0;0;0;0;0
FR;6;2022-02-03;0;0;0;0;0;0;0;0;0;0
FR;6;2022-02-04;0;0;0;0;0;0;0;0;0;0
FR;6;2022-02-05;0;0;0;0;0;0;0;0;0;0
FR;6;2022-02-06;0;0;0;0;0;0;0;0;0;0
FR;6;2022-02-07;0;0;0;0;0;0;0;0;0;0
FR;6;2022-02-08;0;0;0;0;0;0;0;0;0;0
FR;6;2022-02-09;0;0;0;0;0;0;0;0;0;0
FR;6;2022-02-10;0;0;0;0;0;0;0;0;0;0
FR;6;2022-02-11;0;0;0;0;0;0;0;0;0;0
FR;6;2022-02-12;0;0;0;0;0;0;0;0;0;0
FR;6;2022-02-13;0;0;0;0;0;0;0;0;0;0
FR;6;2022-02-14;0;0;0;0;0;0;0;0;0;0
FR;6;2022-02-15;0;0;0;0;0;0;0;0;0;0
FR;6;2022-02-16;0;0;0;0;0;0;0;0;0;0
FR;6;2022-02-17;0;0;0;0;0;0;0;0;0;0
FR;6;2022-02-18;0;0;0;0;0;0;0;0;0;0
FR;6;2022-02-19;0;0;0;0;0;0;0;0;0;0
FR;6;2022-02-20;0;0;0;0;0;0;0;0;0;0
FR;6;2022-02-21;0;0;0;0;0;0;0;0;0;0
FR;6;2022-02-22;0;0;0;0;0;0;0;0;0;0
FR;6;2022-02-23;0;0;0;0;0;0;0;0;0;0
FR;6;2022-02-24;0;0;0;0;0;0;0;0;0;0
FR;6;2022-02-25;0;0;0;0;0;0;0;0;0;0
FR;6;2022-02-26;0;0;0;0;0;0;0;0;0;0
FR;6;2022-02-27;0;0;0;0;0;0;0;0;0;0
FR;6;2022-02-28;0;0;0;0;0;0;0;0;0;0
FR;6;2022-03-01;1;0;0;0;0;1;0;0;0;0
FR;6;2022-03-02;96;9;2;0;7;97;9;2;0;7
FR;6;2022-03-03;0;0;0;0;0;97;9;2;0;7
FR;6;2022-03-04;91;4;0;0;4;188;13;2;0;11
FR;6;2022-03-05;391;23;2;0;14;579;36;4;0;25
FR;6;2022-03-06;7;1;0;0;0;586;37;4;0;25
FR;6;2022-03-07;337;19;0;0;13;923;56;4;0;38
FR;6;2022-03-08;230;14;0;0;5;1153;70;4;0;43
FR;6;2022-03-09;519;29;2;0;21;1672;99;6;0;64
FR;6;2022-03-10;206;18;0;1;12;1878;117;6;1;76
FR;6;2022-03-11;328;21;6;0;21;2206;138;12;1;97
FR;6;2022-03-12;518;25;1;0;20;2724;163;13;1;117
FR;6;2022-03-13;40;2;0;0;1;2764;165;13;1;118
FR;6;2022-03-14;201;4;2;0;3;2965;169;15;1;121
FR;6;2022-03-15;112;11;2;0;9;3077;180;17;1;130
FR;6;2022-03-16;310;16;1;1;14;3387;196;18;2;144
FR;6;2022-03-17;117;6;1;2;4;3504;202;19;4;148
FR;6;2022-03-18;214;11;0;0;6;3718;213;19;4;154
FR;6;2022-03-19;306;19;2;0;9;4024;232;21;4;163
FR;6;2022-03-20;15;5;0;0;1;4039;237;21;4;164
FR;6;2022-03-21;131;23;1;0;4;4170;260;22;4;168
FR;6;2022-03-22;97;15;0;0;4;4267;275;22;4;172
FR;6;2022-03-23;226;108;3;0;14;4493;383;25;4;186
FR;6;2022-03-24;99;14;1;3;4;4592;397;26;7;190
FR;6;2022-03-25;203;141;2;1;15;4795;538;28;8;205
FR;6;2022-03-26;332;295;7;1;19;5127;833;35;9;224
FR;6;2022-03-27;32;30;1;0;1;5159;863;36;9;225
FR;6;2022-03-28;200;208;8;1;17;5359;1071;44;10;242
FR;6;2022-03-29;126;188;12;2;12;5485;1259;56;12;254
FR;6;2022-03-30;305;475;10;2;22;5790;1734;66;14;276
FR;6;2022-03-31;124;140;9;0;13;5914;1874;75;14;289
FR;6;2022-04-01;194;150;11;2;23;6108;2024;86;16;312
FR;6;2022-04-02;205;241;9;1;13;6313;2265;95;17;325
FR;6;2022-04-03;17;21;0;0;1;6330;2286;95;17;326
FR;6;2022-04-04;130;113;6;1;9;6460;2399;101;18;335
FR;6;2022-04-05;145;88;15;1;11;6605;2487;116;19;346
FR;6;2022-04-06;202;245;22;26;27;6807;2732;138;45;373
FR;6;2022-04-07;127;96;15;5;17;6934;2828;153;50;390
FR;6;2022-04-08;198;170;16;3;17;7132;2998;169;53;407
FR;6;2022-04-09;145;139;6;12;13;7277;3137;175;65;420
FR;6;2022-04-10;10;20;3;0;1;7287;3157;178;65;421
FR;6;2022-04-11;99;106;4;0;5;7386;3263;182;65;426
FR;6;2022-04-12;131;75;5;8;10;7517;3338;187;73;436
FR;6;2022-04-13;160;174;7;5;13;7677;3512;194;78;449
FR;6;2022-04-14;100;103;5;10;8;7777;3615;199;88;457
FR;6;2022-04-15;159;148;11;7;19;7936;3763;210;95;476
FR;6;2022-04-16;126;132;5;0;14;8062;3895;215;95;490
FR;6;2022-04-17;8;9;4;0;4;8070;3904;219;95;494
FR;6;2022-04-18;8;15;0;0;1;8078;3919;219;95;495
FR;6;2022-04-19;97;112;4;3;3;8175;4031;223;98;498
FR;6;2022-04-20;172;228;8;7;15;8347;4259;231;105;513
FR;6;2022-04-21;111;93;8;4;11;8458;4352;239;109;524
FR;6;2022-04-22;135;159;12;12;12;8593;4511;251;121;536
FR;6;2022-04-23;104;129;1;1;7;8697;4640;252;122;543
FR;6;2022-04-24;5;21;0;0;0;8702;4661;252;122;543
FR;6;2022-04-25;90;127;3;8;11;8792;4788;255;130;554
FR;6;2022-04-26;100;126;17;2;15;8892;4914;272;132;569
FR;6;2022-04-27;193;156;20;1;26;9085;5070;292;133;595
FR;6;2022-04-28;98;86;5;1;8;9183;5156;297;134;603
FR;0;2020-12-27;599;0;0;0;0;599;0;0;0;0
FR;0;2020-12-28;656;0;0;0;0;1255;0;0;0;0
FR;0;2020-12-29;369;0;0;0;0;1624;0;0;0;0
FR;0;2020-12-30;434;0;0;0;0;2058;0;0;0;0
FR;0;2020-12-31;389;0;0;0;0;2447;0;0;0;0
FR;0;2021-01-01;1133;1;0;0;0;3580;1;0;0;0
FR;0;2021-01-02;355;3;0;0;0;3935;4;0;0;0
FR;0;2021-01-03;398;0;0;0;0;4333;4;0;0;0
FR;0;2021-01-04;2079;1;0;0;0;6412;5;0;0;0
FR;0;2021-01-05;7413;2;0;0;0;13825;7;0;0;0
FR;0;2021-01-06;12388;9;0;0;0;26213;16;0;0;0
FR;0;2021-01-07;29441;8;0;0;0;55654;24;0;0;0
FR;0;2021-01-08;37114;6;0;0;0;92768;30;0;0;0
FR;0;2021-01-09;11207;3;0;0;0;103975;33;0;0;0
FR;0;2021-01-10;5994;2;0;0;0;109969;35;0;0;0
FR;0;2021-01-11;39917;14;0;0;0;149886;49;0;0;0
FR;0;2021-01-12;62119;12;0;0;0;212005;61;0;0;0
FR;0;2021-01-13;65088;25;0;0;0;277093;86;0;0;0
FR;0;2021-01-14;83123;54;0;0;0;360216;140;0;0;0
FR;0;2021-01-15;68978;21;0;0;0;429194;161;0;0;0
FR;0;2021-01-16;20207;73;0;0;0;449401;234;0;0;0
FR;0;2021-01-17;10976;44;0;0;0;460377;278;0;0;0
FR;0;2021-01-18;85847;165;0;0;0;546224;443;0;0;0
FR;0;2021-01-19;130566;160;0;0;0;676790;603;0;0;0
FR;0;2021-01-20;137513;168;0;0;0;814303;771;0;0;0
FR;0;2021-01-21;158364;157;0;0;0;972667;928;0;0;0
FR;0;2021-01-22;121033;195;0;0;0;1093700;1123;0;0;0
FR;0;2021-01-23;38460;60;0;0;0;1132160;1183;0;0;0
FR;0;2021-01-24;9738;68;0;0;0;1141898;1251;0;0;0
FR;0;2021-01-25;78214;1263;0;0;0;1220112;2514;0;0;0
FR;0;2021-01-26;100345;3245;1;0;0;1320457;5759;1;0;0
FR;0;2021-01-27;107216;5851;0;0;0;1427673;11610;1;0;0
FR;0;2021-01-28;124317;14764;0;0;0;1551990;26374;1;0;0
FR;0;2021-01-29;92162;17549;0;0;0;1644152;43923;1;0;0
FR;0;2021-01-30;29108;4252;0;0;0;1673260;48175;1;0;0
FR;0;2021-01-31;5221;1725;0;0;0;1678481;49900;1;0;0
FR;0;2021-02-01;53099;21387;0;0;0;1731580;71287;1;0;0
FR;0;2021-02-02;72271;35277;0;0;0;1803851;106564;1;0;0
FR;0;2021-02-03;72272;37507;0;0;0;1876123;144071;1;0;0
FR;0;2021-02-04;82035;51012;0;0;0;1958158;195083;1;0;0
FR;0;2021-02-05;68211;45766;0;0;0;2026369;240849;1;0;0
FR;0;2021-02-06;23122;10678;0;0;0;2049491;251527;1;0;0
FR;0;2021-02-07;5178;5227;0;0;0;2054669;256754;1;0;0
FR;0;2021-02-08;46813;46650;0;0;0;2101482;303404;1;0;0
FR;0;2021-02-09;65985;73455;0;0;0;2167467;376859;1;0;0
FR;0;2021-02-10;70967;78220;0;0;0;2238434;455079;1;0;0
FR;0;2021-02-11;87228;100203;0;0;0;2325662;555282;1;0;0
FR;0;2021-02-12;79278;74621;0;0;0;2404940;629903;1;0;0
FR;0;2021-02-13;22347;19571;0;0;0;2427287;649474;1;0;0
FR;0;2021-02-14;5066;7162;0;0;0;2432353;656636;1;0;0
FR;0;2021-02-15;38059;76701;0;0;0;2470412;733337;1;0;0
FR;0;2021-02-16;50354;100477;0;0;0;2520766;833814;1;0;0
FR;0;2021-02-17;50484;103978;1;0;0;2571250;937792;2;0;0
FR;0;2021-02-18;69746;119490;0;0;0;2640996;1057282;2;0;0
FR;0;2021-02-19;65041;90982;1;0;0;2706037;1148264;3;0;0
FR;0;2021-02-20;18569;28614;0;0;0;2724606;1176878;3;0;0
FR;0;2021-02-21;3312;6361;0;0;0;2727918;1183239;3;0;0
FR;0;2021-02-22;37471;73157;2;0;0;2765389;1256396;5;0;0
FR;0;2021-02-23;53752;84274;1;0;0;2819141;1340670;6;0;0
FR;0;2021-02-24;59972;81435;1;0;0;2879113;1422105;7;0;0
FR;0;2021-02-25;100536;91314;1;0;0;2979649;1513419;8;0;0
FR;0;2021-02-26;113415;70831;0;0;0;3093064;1584250;8;0;0
FR;0;2021-02-27;52091;22118;0;0;0;3145155;1606368;8;0;0
FR;0;2021-02-28;6190;4369;1;0;0;3151345;1610737;9;0;0
FR;0;2021-03-01;65813;53154;1;0;0;3217158;1663891;10;0;0
FR;0;2021-03-02;101329;66405;2;0;0;3318487;1730296;12;0;0
FR;0;2021-03-03;116446;65513;0;0;0;3434933;1795809;12;0;0
FR;0;2021-03-04;163568;69758;3;0;0;3598501;1865567;15;0;0
FR;0;2021-03-05;200863;63163;3;0;0;3799364;1928730;18;0;0
FR;0;2021-03-06;207913;17763;3;0;0;4007277;1946493;21;0;0
FR;0;2021-03-07;121245;5196;1;0;0;4128522;1951689;22;0;0
FR;0;2021-03-08;107102;50565;2;0;0;4235624;2002254;24;0;0
FR;0;2021-03-09;172395;56509;2;0;0;4408019;2058763;26;0;0
FR;0;2021-03-10;178916;57127;5;0;0;4586935;2115890;31;0;0
FR;0;2021-03-11;242812;63231;2;0;0;4829747;2179121;33;0;0
FR;0;2021-03-12;294763;53373;1;0;0;5124510;2232494;34;0;0
FR;0;2021-03-13;231355;15311;1;0;0;5355865;2247805;35;0;0
FR;0;2021-03-14;63332;3388;1;0;0;5419197;2251193;36;0;0
FR;0;2021-03-15;158594;32415;3;0;0;5577791;2283608;39;0;0
FR;0;2021-03-16;141529;39302;6;0;0;5719320;2322910;45;0;0
FR;0;2021-03-17;150427;38336;4;0;0;5869747;2361246;49;0;0
FR;0;2021-03-18;167767;44543;5;0;0;6037514;2405789;54;0;0
FR;0;2021-03-19;229945;37256;2;0;0;6267459;2443045;56;0;0
FR;0;2021-03-20;166636;11650;1;0;0;6434095;2454695;57;0;0
FR;0;2021-03-21;49914;2550;1;0;0;6484009;2457245;58;0;0
FR;0;2021-03-22;169985;34102;2;0;0;6653994;2491347;60;0;0
FR;0;2021-03-23;250322;42403;1;0;0;6904316;2533750;61;0;0
FR;0;2021-03-24;256836;43772;0;0;0;7161152;2577522;61;0;0
FR;0;2021-03-25;341735;44754;5;0;0;7502887;2622276;66;0;0
FR;0;2021-03-26;358735;41859;4;0;0;7861622;2664135;70;0;0
FR;0;2021-03-27;195229;16696;1;0;0;8056851;2680831;71;0;0
FR;0;2021-03-28;59317;3962;3;0;0;8116168;2684793;74;0;0
FR;0;2021-03-29;202921;54111;4;0;0;8319089;2738904;78;0;0
FR;0;2021-03-30;285392;69605;4;0;0;8604481;2808509;82;0;0
FR;0;2021-03-31;262943;73048;4;0;0;8867424;2881557;86;0;0
FR;0;2021-04-01;315358;88678;12;0;0;9182782;2970235;98;0;0
FR;0;2021-04-02;281262;92485;7;0;0;9464044;3062720;105;0;0
FR;0;2021-04-03;141039;61833;5;0;0;9605083;3124553;110;0;0
FR;0;2021-04-04;46402;18700;2;0;0;9651485;3143253;112;0;0
FR;0;2021-04-05;63291;10872;11;0;0;9714776;3154125;123;0;0
FR;0;2021-04-06;217119;108728;16;0;0;9931895;3262853;139;0;0
FR;0;2021-04-07;260164;115374;17;0;0;10192059;3378227;156;0;0
FR;0;2021-04-08;337720;121450;14;0;0;10529779;3499677;170;0;0
FR;0;2021-04-09;410065;116278;49;0;0;10939844;3615955;219;0;0
FR;0;2021-04-10;212568;82592;15;0;0;11152412;3698547;234;0;0
FR;0;2021-04-11;56116;34473;7;0;0;11208528;3733020;241;0;0
FR;0;2021-04-12;236979;115153;45;0;0;11445507;3848173;286;0;0
FR;0;2021-04-13;309400;144646;98;1;0;11754907;3992819;384;1;0
FR;0;2021-04-14;294419;139298;213;0;0;12049326;4132117;597;1;0
FR;0;2021-04-15;336991;148016;337;0;0;12386317;4280133;934;1;0
FR;0;2021-04-16;339210;145742;352;0;0;12725527;4425875;1286;1;0
FR;0;2021-04-17;188614;90086;108;0;0;12914141;4515961;1394;1;0
FR;0;2021-04-18;51587;35408;46;0;0;12965728;4551369;1440;1;0
FR;0;2021-04-19;205626;138210;453;0;0;13171354;4689579;1893;1;0
FR;0;2021-04-20;254310;170572;568;0;0;13425664;4860151;2461;1;0
FR;0;2021-04-21;253135;168839;832;0;0;13678799;5028990;3293;1;0
FR;0;2021-04-22;287391;188406;818;0;0;13966190;5217396;4111;1;0
FR;0;2021-04-23;297950;183242;745;0;0;14264140;5400638;4856;1;0
FR;0;2021-04-24;190408;111513;250;0;0;14454548;5512151;5106;1;0
FR;0;2021-04-25;69478;38797;51;0;0;14524026;5550948;5157;1;0
FR;0;2021-04-26;220877;156091;560;0;0;14744903;5707039;5717;1;0
FR;0;2021-04-27;284514;187310;939;0;0;15029417;5894349;6656;1;0
FR;0;2021-04-28;299415;183083;1421;1;1;15328832;6077432;8077;2;1
FR;0;2021-04-29;357029;196253;1275;0;0;15685861;6273685;9352;2;1
FR;0;2021-04-30;372115;184687;1119;1;0;16057976;6458372;10471;3;1
FR;0;2021-05-01;167582;52511;178;0;0;16225558;6510883;10649;3;1
FR;0;2021-05-02;91639;37763;83;0;0;16317197;6548646;10732;3;1
FR;0;2021-05-03;288781;168868;837;0;0;16605978;6717514;11569;3;1
FR;0;2021-05-04;315529;224229;1230;0;0;16921507;6941743;12799;3;1
FR;0;2021-05-05;327044;224587;1311;0;0;17248551;7166330;14110;3;1
FR;0;2021-05-06;379374;239205;1628;0;0;17627925;7405535;15738;3;1
FR;0;2021-05-07;372638;257125;1222;0;0;18000563;7662660;16960;3;1
FR;0;2021-05-08;222115;67030;297;0;0;18222678;7729690;17257;3;1
FR;0;2021-05-09;129647;46517;243;0;0;18352325;7776207;17500;3;1
FR;0;2021-05-10;313232;228684;1231;0;0;18665557;8004891;18731;3;1
FR;0;2021-05-11;403768;257817;1562;0;0;19069325;8262708;20293;3;1
FR;0;2021-05-12;433984;233042;1541;0;0;19503309;8495750;21834;3;1
FR;0;2021-05-13;338510;56962;430;0;0;19841819;8552712;22264;3;1
FR;0;2021-05-14;454023;167240;1120;0;0;20295842;8719952;23384;3;1
FR;0;2021-05-15;374908;93972;442;0;0;20670750;8813924;23826;3;1
FR;0;2021-05-16;202698;20783;168;0;0;20873448;8834707;23994;3;1
FR;0;2021-05-17;375990;148871;1548;0;0;21249438;8983578;25542;3;1
FR;0;2021-05-18;460004;153016;1985;0;0;21709442;9136594;27527;3;1
FR;0;2021-05-19;467269;144953;2452;0;0;22176711;9281547;29979;3;1
FR;0;2021-05-20;507374;160197;2330;0;0;22684085;9441744;32309;3;1
FR;0;2021-05-21;489534;174342;1986;0;0;23173619;9616086;34295;3;1
FR;0;2021-05-22;347125;79827;668;0;0;23520744;9695913;34963;3;1
FR;0;2021-05-23;161629;14418;246;0;0;23682373;9710331;35209;3;1
FR;0;2021-05-24;263120;33187;598;0;0;23945493;9743518;35807;3;1
FR;0;2021-05-25;400118;189066;2347;1;0;24345611;9932584;38154;4;1
FR;0;2021-05-26;413341;188239;2215;0;0;24758952;10120823;40369;4;1
FR;0;2021-05-27;449674;218489;2154;0;0;25208626;10339312;42523;4;1
FR;0;2021-05-28;429429;259380;1889;0;0;25638055;10598692;44412;4;1
FR;0;2021-05-29;298930;149279;582;0;0;25936985;10747971;44994;4;1
FR;0;2021-05-30;107088;32588;163;0;0;26044073;10780559;45157;4;1
FR;0;2021-05-31;357899;203477;1465;1;1;26401972;10984036;46622;5;2
FR;0;2021-06-01;430646;251323;1956;1;1;26832618;11235359;48578;6;3
FR;0;2021-06-02;419042;230734;1976;0;0;27251660;11466093;50554;6;3
FR;0;2021-06-03;464183;258396;1819;0;0;27715843;11724489;52373;6;3
FR;0;2021-06-04;455463;304703;1729;1;1;28171306;12029192;54102;7;4
FR;0;2021-06-05;304722;188948;651;0;0;28476028;12218140;54753;7;4
FR;0;2021-06-06;133214;49137;226;0;0;28609242;12267277;54979;7;4
FR;0;2021-06-07;338687;262007;1516;0;0;28947929;12529284;56495;7;4
FR;0;2021-06-08;393517;290953;1794;0;0;29341446;12820237;58289;7;4
FR;0;2021-06-09;384586;275543;1723;0;0;29726032;13095780;60012;7;4
FR;0;2021-06-10;403913;288993;1718;1;0;30129945;13384773;61730;8;4
FR;0;2021-06-11;386434;357236;1457;0;0;30516379;13742009;63187;8;4
FR;0;2021-06-12;283184;211280;490;0;0;30799563;13953289;63677;8;4
FR;0;2021-06-13;104819;73994;204;0;0;30904382;14027283;63881;8;4
FR;0;2021-06-14;240642;355709;1423;1;0;31145024;14382992;65304;9;4
FR;0;2021-06-15;307930;385654;1563;1;0;31452954;14768646;66867;10;4
FR;0;2021-06-16;313804;357777;1413;1;0;31766758;15126423;68280;11;4
FR;0;2021-06-17;317525;372293;1420;1;0;32084283;15498716;69700;12;4
FR;0;2021-06-18;321532;442368;1330;1;0;32405815;15941084;71030;13;4
FR;0;2021-06-19;224298;273749;447;0;0;32630113;16214833;71477;13;4
FR;0;2021-06-20;74357;102596;127;0;0;32704470;16317429;71604;13;4
FR;0;2021-06-21;195549;401926;1031;1;1;32900019;16719355;72635;14;5
FR;0;2021-06-22;222975;467364;1258;10;2;33122994;17186719;73893;24;7
FR;0;2021-06-23;233841;439904;1195;1;1;33356835;17626623;75088;25;8
FR;0;2021-06-24;241707;409555;1345;0;0;33598542;18036178;76433;25;8
FR;0;2021-06-25;227442;522152;1398;0;0;33825984;18558330;77831;25;8
FR;0;2021-06-26;153173;370661;585;1;0;33979157;18928991;78416;26;8
FR;0;2021-06-27;55856;156269;168;1;0;34035013;19085260;78584;27;8
FR;0;2021-06-28;154588;452984;1165;0;0;34189601;19538244;79749;27;8
FR;0;2021-06-29;182516;506739;2123;0;0;34372117;20044983;81872;27;8
FR;0;2021-06-30;203806;481675;2008;21;2;34575923;20526658;83880;48;10
FR;0;2021-07-01;231019;457762;2221;5;1;34806942;20984420;86101;53;11
FR;0;2021-07-02;228145;520208;2118;5;3;35035087;21504628;88219;58;14
FR;0;2021-07-03;141899;368741;909;3;1;35176986;21873369;89128;61;15
FR;0;2021-07-04;56683;141269;265;0;0;35233669;22014638;89393;61;15
FR;0;2021-07-05;168145;419342;1667;8;2;35401814;22433980;91060;69;17
FR;0;2021-07-06;196487;474809;1827;45;8;35598301;22908789;92887;114;25
FR;0;2021-07-07;212828;439295;1876;24;5;35811129;23348084;94763;138;30
FR;0;2021-07-08;231377;424171;2088;20;7;36042506;23772255;96851;158;37
FR;0;2021-07-09;228292;510417;2182;4;2;36270798;24282672;99033;162;39
FR;0;2021-07-10;148505;339833;982;1;1;36419303;24622505;100015;163;40
FR;0;2021-07-11;60132;110144;281;0;0;36479435;24732649;100296;163;40
FR;0;2021-07-12;168927;478213;1750;4;0;36648362;25210862;102046;167;40
FR;0;2021-07-13;287018;527476;2044;8;2;36935380;25738338;104090;175;42
FR;0;2021-07-14;180848;157768;433;0;0;37116228;25896106;104523;175;42
FR;0;2021-07-15;346795;502517;2097;1;0;37463023;26398623;106620;176;42
FR;0;2021-07-16;379850;496006;2020;3;1;37842873;26894629;108640;179;43
FR;0;2021-07-17;259626;319820;876;1;0;38102499;27214449;109516;180;43
FR;0;2021-07-18;109657;114817;310;0;0;38212156;27329266;109826;180;43
FR;0;2021-07-19;285274;425229;1627;3;0;38497430;27754495;111453;183;43
FR;0;2021-07-20;376693;452560;1721;0;0;38874123;28207055;113174;183;43
FR;0;2021-07-21;395592;408036;1549;4;2;39269715;28615091;114723;187;45
FR;0;2021-07-22;440779;388267;1713;4;2;39710494;29003358;116436;191;47
FR;0;2021-07-23;439048;423350;1880;4;2;40149542;29426708;118316;195;49
FR;0;2021-07-24;285164;269645;803;1;0;40434706;29696353;119119;196;49
FR;0;2021-07-25;121027;80070;226;0;0;40555733;29776423;119345;196;49
FR;0;2021-07-26;347220;323373;1614;3;2;40902953;30099796;120959;199;51
FR;0;2021-07-27;463851;320421;1696;4;2;41366804;30420217;122655;203;53
FR;0;2021-07-28;459271;290093;1634;4;2;41826075;30710310;124289;207;55
FR;0;2021-07-29;489621;276999;1793;2;1;42315696;30987309;126082;209;56
FR;0;2021-07-30;461600;302995;1936;5;2;42777296;31290304;128018;214;58
FR;0;2021-07-31;285312;185059;914;1;0;43062608;31475363;128932;215;58
FR;0;2021-08-01;111918;50018;252;0;0;43174526;31525381;129184;215;58
FR;0;2021-08-02;341149;234636;1598;2;0;43515675;31760017;130782;217;58
FR;0;2021-08-03;398299;245215;1715;2;1;43913974;32005232;132497;219;59
FR;0;2021-08-04;384508;210176;1590;5;3;44298482;32215408;134087;224;62
FR;0;2021-08-05;365905;228949;1709;0;0;44664387;32444357;135796;224;62
FR;0;2021-08-06;359504;271809;1833;4;1;45023891;32716166;137629;228;63
FR;0;2021-08-07;213001;178383;755;4;3;45236892;32894549;138384;232;66
FR;0;2021-08-08;74123;63251;270;0;0;45311015;32957800;138654;232;66
FR;0;2021-08-09;258537;259668;1539;4;3;45569552;33217468;140193;236;69
FR;0;2021-08-10;306541;278250;1655;2;1;45876093;33495718;141848;238;70
FR;0;2021-08-11;279463;260395;1436;5;1;46155556;33756113;143284;243;71
FR;0;2021-08-12;271291;278682;1657;3;1;46426847;34034795;144941;246;72
FR;0;2021-08-13;251999;277909;1587;3;2;46678846;34312704;146528;249;74
FR;0;2021-08-14;145263;197373;739;0;0;46824109;34510077;147267;249;74
FR;0;2021-08-15;39280;50115;215;1;0;46863389;34560192;147482;250;74
FR;0;2021-08-16;185989;318210;1538;0;0;47049378;34878402;149020;250;74
FR;0;2021-08-17;215517;336664;1633;7;1;47264895;35215066;150653;257;75
FR;0;2021-08-18;198861;324888;1590;7;4;47463756;35539954;152243;264;79
FR;0;2021-08-19;191834;325772;1631;1;0;47655590;35865726;153874;265;79
FR;0;2021-08-20;186281;365923;1808;3;2;47841871;36231649;155682;268;81
FR;0;2021-08-21;104735;238167;702;0;0;47946606;36469816;156384;268;81
FR;0;2021-08-22;31877;87208;252;1;1;47978483;36557024;156636;269;82
FR;0;2021-08-23;140858;357302;1555;3;2;48119341;36914326;158191;272;84
FR;0;2021-08-24;162370;376926;1838;5;1;48281711;37291252;160029;277;85
FR;0;2021-08-25;151036;350881;2027;8;3;48432747;37642133;162056;285;88
FR;0;2021-08-26;142697;342868;2553;10;1;48575444;37985001;164609;295;89
FR;0;2021-08-27;148323;387808;2788;11;4;48723767;38372809;167397;306;93
FR;0;2021-08-28;90577;249536;1405;0;0;48814344;38622345;168802;306;93
FR;0;2021-08-29;27298;83323;513;1;0;48841642;38705668;169315;307;93
FR;0;2021-08-30;117304;324924;4706;6;6064;48958946;39030592;174021;313;6157
FR;0;2021-08-31;128685;334731;10159;18;11888;49087631;39365323;184180;331;18045
FR;0;2021-09-01;135356;285693;22403;7;24281;49222987;39651016;206583;338;42326
FR;0;2021-09-02;112368;247282;26504;13;28843;49335355;39898298;233087;351;71169
FR;0;2021-09-03;118001;292753;29947;23;32953;49453356;40191051;263034;374;104122
FR;0;2021-09-04;89752;217725;12582;12;14050;49543108;40408776;275616;386;118172
FR;0;2021-09-05;21324;44870;4389;2;4732;49564432;40453646;280005;388;122904
FR;0;2021-09-06;75244;180831;31940;16;34200;49639676;40634477;311945;404;157104
FR;0;2021-09-07;79972;181264;33231;40;36082;49719648;40815741;345176;444;193186
FR;0;2021-09-08;89158;206179;29650;27;32412;49808806;41021920;374826;471;225598
FR;0;2021-09-09;76153;165387;33032;26;36489;49884959;41187307;407858;497;262087
FR;0;2021-09-10;95370;203647;35709;26;40457;49980329;41390954;443567;523;302544
FR;0;2021-09-11;66508;169202;12125;19;14246;50046837;41560156;455692;542;316790
FR;0;2021-09-12;12765;32090;2765;2;3155;50059602;41592246;458457;544;319945
FR;0;2021-09-13;64342;126390;41193;31;43950;50123944;41718636;499650;575;363895
FR;0;2021-09-14;73253;129149;56331;78;61905;50197197;41847785;555981;653;425800
FR;0;2021-09-15;76356;167851;55609;58;54745;50273553;42015636;611590;711;480545
FR;0;2021-09-16;63712;114546;60014;86;59983;50337265;42130182;671604;797;540528
FR;0;2021-09-17;74904;156856;53809;70;57200;50412169;42287038;725413;867;597728
FR;0;2021-09-18;48162;139568;15593;25;17275;50460331;42426606;741006;892;615003
FR;0;2021-09-19;7845;23719;2431;1;2624;50468176;42450325;743437;893;617627
FR;0;2021-09-20;44416;93938;50005;73;50218;50512592;42544263;793442;966;667845
FR;0;2021-09-21;45783;98464;62691;76;63299;50558375;42642727;856133;1042;731144
FR;0;2021-09-22;48543;142266;55304;84;55296;50606918;42784993;911437;1126;786440
FR;0;2021-09-23;43113;91951;62329;96;63405;50650031;42876944;973766;1222;849845
FR;0;2021-09-24;52140;133165;54504;110;59039;50702171;43010109;1028270;1332;908884
FR;0;2021-09-25;35180;115439;16260;37;18238;50737351;43125548;1044530;1369;927122
FR;0;2021-09-26;5519;17823;2264;5;2335;50742870;43143371;1046794;1374;929457
FR;0;2021-09-27;33903;76981;47160;96;48102;50776773;43220352;1093954;1470;977559
FR;0;2021-09-28;36432;75233;54905;88;56388;50813205;43295585;1148859;1558;1033947
FR;0;2021-09-29;44289;100832;53307;112;54778;50857494;43396417;1202166;1670;1088725
FR;0;2021-09-30;36192;72704;56975;95;59431;50893686;43469121;1259141;1765;1148156
FR;0;2021-10-01;61279;100677;57759;108;63656;50954965;43569798;1316900;1873;1211812
FR;0;2021-10-02;39369;78272;20940;38;23298;50994334;43648070;1337840;1911;1235110
FR;0;2021-10-03;5250;10557;2519;4;2536;50999584;43658627;1340359;1915;1237646
FR;0;2021-10-04;34826;58503;52592;84;54754;51034410;43717130;1392951;1999;1292400
FR;0;2021-10-05;33410;64328;60950;135;64885;51067820;43781458;1453901;2134;1357285
FR;0;2021-10-06;42288;79160;65678;113;68186;51110108;43860618;1519579;2247;1425471
FR;0;2021-10-07;30328;62087;65361;90;68642;51140436;43922705;1584940;2337;1494113
FR;0;2021-10-08;48580;91747;77698;110;84565;51189016;44014452;1662638;2447;1578678
FR;0;2021-10-09;33586;60819;31511;35;33844;51222602;44075271;1694149;2482;1612522
FR;0;2021-10-10;4567;7421;3186;9;3484;51227169;44082692;1697335;2491;1616006
FR;0;2021-10-11;30490;49906;61014;105;64018;51257659;44132598;1758349;2596;1680024
FR;0;2021-10-12;31227;54435;70551;139;75794;51288886;44187033;1828900;2735;1755818
FR;0;2021-10-13;39915;62751;74390;135;79217;51328801;44249784;1903290;2870;1835035
FR;0;2021-10-14;30187;52814;68703;116;73726;51358988;44302598;1971993;2986;1908761
FR;0;2021-10-15;44687;75157;93196;191;102860;51403675;44377755;2065189;3177;2011621
FR;0;2021-10-16;31236;44069;36676;44;39596;51434911;44421824;2101865;3221;2051217
FR;0;2021-10-17;3821;5267;3588;2;3690;51438732;44427091;2105453;3223;2054907
FR;0;2021-10-18;27664;42469;67459;133;71323;51466396;44469560;2172912;3356;2126230
FR;0;2021-10-19;26968;43554;76366;141;81592;51493364;44513114;2249278;3497;2207822
FR;0;2021-10-20;35162;52365;96889;180;101422;51528526;44565479;2346167;3677;2309244
FR;0;2021-10-21;25838;45179;83900;112;89076;51554364;44610658;2430067;3789;2398320
FR;0;2021-10-22;38159;62213;104840;199;112440;51592523;44672871;2534907;3988;2510760
FR;0;2021-10-23;26931;41195;45428;57;48589;51619454;44714066;2580335;4045;2559349
FR;0;2021-10-24;2909;4787;3678;6;3938;51622363;44718853;2584013;4051;2563287
FR;0;2021-10-25;25961;36329;82284;144;86577;51648324;44755182;2666297;4195;2649864
FR;0;2021-10-26;23670;35019;87195;166;92283;51671994;44790201;2753492;4361;2742147
FR;0;2021-10-27;29987;46417;108942;257;114583;51701981;44836618;2862434;4618;2856730
FR;0;2021-10-28;23302;34844;88644;154;94344;51725283;44871462;2951078;4772;2951074
FR;0;2021-10-29;31477;51146;117265;204;125202;51756760;44922608;3068343;4976;3076276
FR;0;2021-10-30;20483;33055;50314;77;53334;51777243;44955663;3118657;5053;3129610
FR;0;2021-10-31;2474;3782;3584;3;3871;51779717;44959445;3122241;5056;3133481
FR;0;2021-11-01;8126;4775;3192;3;3546;51787843;44964220;3125433;5059;3137027
FR;0;2021-11-02;25128;40069;93509;157;99426;51812971;45004289;3218942;5216;3236453
FR;0;2021-11-03;29656;47841;118816;218;125743;51842627;45052130;3337758;5434;3362196
FR;0;2021-11-04;23591;37484;107477;217;114295;51866218;45089614;3445235;5651;3476491
FR;0;2021-11-05;32186;52876;141564;233;151209;51898404;45142490;3586799;5884;3627700
FR;0;2021-11-06;21418;34559;64828;123;68204;51919822;45177049;3651627;6007;3695904
FR;0;2021-11-07;2373;4251;5165;6;5581;51922195;45181300;3656792;6013;3701485
FR;0;2021-11-08;20191;37821;127098;227;134125;51942386;45219121;3783890;6240;3835610
FR;0;2021-11-09;22028;44836;161591;341;172079;51964414;45263957;3945481;6581;4007689
FR;0;2021-11-10;31220;54954;186902;446;198608;51995634;45318911;4132383;7027;4206297
FR;0;2021-11-11;4126;6570;12904;28;13904;51999760;45325481;4145287;7055;4220201
FR;0;2021-11-12;28949;55162;183692;250;197224;52028709;45380643;4328979;7305;4417425
FR;0;2021-11-13;20251;32711;80661;118;86268;52048960;45413354;4409640;7423;4503693
FR;0;2021-11-14;2310;3971;7160;6;7875;52051270;45417325;4416800;7429;4511568
FR;0;2021-11-15;20194;38796;160751;312;171411;52071464;45456121;4577551;7741;4682979
FR;0;2021-11-16;23212;43978;200277;391;214794;52094676;45500099;4777828;8132;4897773
FR;0;2021-11-17;30246;50504;199763;407;212766;52124922;45550603;4977591;8539;5110539
FR;0;2021-11-18;23269;44349;191550;468;205356;52148191;45594952;5169141;9007;5315895
FR;0;2021-11-19;33519;61415;243094;548;262020;52181710;45656367;5412235;9555;5577915
FR;0;2021-11-20;25274;36721;102103;206;109636;52206984;45693088;5514338;9761;5687551
FR;0;2021-11-21;2619;4588;9635;18;10651;52209603;45697676;5523973;9779;5698202
FR;0;2021-11-22;22695;33308;180260;470;194720;52232298;45730984;5704233;10249;5892922
FR;0;2021-11-23;25504;45685;229263;547;247641;52257802;45776669;5933496;10796;6140563
FR;0;2021-11-24;31724;53776;224717;716;243085;52289526;45830445;6158213;11512;6383648
FR;0;2021-11-25;25351;49099;255790;740;277566;52314877;45879544;6414003;12252;6661214
FR;0;2021-11-26;33169;74737;379331;863;414487;52348046;45954281;6793334;13115;7075701
FR;0;2021-11-27;23233;49642;214823;390;236529;52371279;46003923;7008157;13505;7312230
FR;0;2021-11-28;3474;10607;56717;66;63338;52374753;46014530;7064874;13571;7375568
FR;0;2021-11-29;19368;54210;341347;864;371492;52394121;46068740;7406221;14435;7747060
FR;0;2021-11-30;24641;72136;457253;984;500612;52418762;46140876;7863474;15419;8247672
FR;0;2021-12-01;26523;75941;468948;1159;511133;52445285;46216817;8332422;16578;8758805
FR;0;2021-12-02;21886;71697;526963;1277;574668;52467171;46288514;8859385;17855;9333473
FR;0;2021-12-03;25397;92445;596216;1416;650917;52492568;46380959;9455601;19271;9984390
FR;0;2021-12-04;18273;60518;336136;691;369663;52510841;46441477;9791737;19962;10354053
FR;0;2021-12-05;4137;16276;95746;157;107059;52514978;46457753;9887483;20119;10461112
FR;0;2021-12-06;20603;73183;492999;1172;539782;52535581;46530936;10380482;21291;11000894
FR;0;2021-12-07;23233;91765;645209;1769;706106;52558814;46622701;11025691;23060;11707000
FR;0;2021-12-08;25274;92183;591411;1873;647320;52584088;46714884;11617102;24933;12354320
FR;0;2021-12-09;23952;94241;662894;2179;726123;52608040;46809125;12279996;27112;13080443
FR;0;2021-12-10;27457;111095;735874;2072;805936;52635497;46920220;13015870;29184;13886379
FR;0;2021-12-11;20207;76035;435099;984;480302;52655704;46996255;13450969;30168;14366681
FR;0;2021-12-12;5616;23251;142254;262;159219;52661320;47019506;13593223;30430;14525900
FR;0;2021-12-13;21004;91263;587474;1698;649150;52682324;47110769;14180697;32128;15175050
FR;0;2021-12-14;27246;118567;765328;2648;847322;52709570;47229336;14946025;34776;16022372
FR;0;2021-12-15;28119;114402;694129;2263;768859;52737689;47343738;15640154;37039;16791231
FR;0;2021-12-16;27844;116018;763814;2555;844217;52765533;47459756;16403968;39594;17635448
FR;0;2021-12-17;31489;128777;807683;2708;891928;52797022;47588533;17211651;42302;18527376
FR;0;2021-12-18;24906;81705;469884;1178;522138;52821928;47670238;17681535;43480;19049514
FR;0;2021-12-19;8740;28848;169343;378;191152;52830668;47699086;17850878;43858;19240666
FR;0;2021-12-20;31564;97477;591284;1787;658557;52862232;47796563;18442162;45645;19899223
FR;0;2021-12-21;39175;112324;682254;2391;759409;52901407;47908887;19124416;48036;20658632
FR;0;2021-12-22;39424;99579;575613;2167;641999;52940831;48008466;19700029;50203;21300631
FR;0;2021-12-23;33685;79735;440852;1652;494300;52974516;48088201;20140881;51855;21794931
FR;0;2021-12-24;10643;26053;110960;396;126629;52985159;48114254;20251841;52251;21921560
FR;0;2021-12-25;764;3502;7569;25;9035;52985923;48117756;20259410;52276;21930595
FR;0;2021-12-26;4696;11919;52068;141;60131;52990619;48129675;20311478;52417;21990726
FR;0;2021-12-27;30246;84005;453428;1367;509054;53020865;48213680;20764906;53784;22499780
FR;0;2021-12-28;38260;98968;564043;1766;632135;53059125;48312648;21328949;55550;23131915
FR;0;2021-12-29;39812;88391;501080;1686;560890;53098937;48401039;21830029;57236;23692805
FR;0;2021-12-30;35851;74940;420926;1519;471067;53134788;48475979;22250955;58755;24163872
FR;0;2021-12-31;11861;25205;116822;406;131617;53146649;48501184;22367777;59161;24295489
FR;0;2022-01-01;1220;3200;8494;36;9926;53147869;48504384;22376271;59197;24305415
FR;0;2022-01-02;6071;13019;58377;124;66930;53153940;48517403;22434648;59321;24372345
FR;0;2022-01-03;32055;89408;494642;1592;551394;53185995;48606811;22929290;60913;24923739
FR;0;2022-01-04;40585;110717;641233;2301;714154;53226580;48717528;23570523;63214;25637893
FR;0;2022-01-05;59949;103091;568998;1984;634003;53286529;48820619;24139521;65198;26271896
FR;0;2022-01-06;43838;110060;638838;2691;711286;53330367;48930679;24778359;67889;26983182
FR;0;2022-01-07;50448;122885;710857;2806;790240;53380815;49053564;25489216;70695;27773422
FR;0;2022-01-08;44915;80324;423756;1210;472833;53425730;49133888;25912972;71905;28246255
FR;0;2022-01-09;15590;26744;128533;300;145703;53441320;49160632;26041505;72205;28391958
FR;0;2022-01-10;34868;86782;469156;1808;522046;53476188;49247414;26510661;74013;28914004
FR;0;2022-01-11;41554;99787;548078;2306;608324;53517742;49347201;27058739;76319;29522328
FR;0;2022-01-12;60024;95263;452525;1964;504189;53577766;49442464;27511264;78283;30026517
FR;0;2022-01-13;37796;92153;487192;2083;540899;53615562;49534617;27998456;80366;30567416
FR;0;2022-01-14;42328;103210;568443;2283;628903;53657890;49637827;28566899;82649;31196319
FR;0;2022-01-15;39291;65800;340058;980;377518;53697181;49703627;28906957;83629;31573837
FR;0;2022-01-16;11382;19310;87371;215;99441;53708563;49722937;28994328;83844;31673278
FR;0;2022-01-17;24561;59992;320180;1380;354114;53733124;49782929;29314508;85224;32027392
FR;0;2022-01-18;28073;68315;360963;1798;397476;53761197;49851244;29675471;87022;32424868
FR;0;2022-01-19;42977;66953;281173;1448;311006;53804174;49918197;29956644;88470;32735874
FR;0;2022-01-20;23349;59347;298859;1739;328361;53827523;49977544;30255503;90209;33064235
FR;0;2022-01-21;27955;68746;366250;2080;401092;53855478;50046290;30621753;92289;33465327
FR;0;2022-01-22;27601;47783;218746;838;241738;53883079;50094073;30840499;93127;33707065
FR;0;2022-01-23;6696;13061;48642;171;55191;53889775;50107134;30889141;93298;33762256
FR;0;2022-01-24;16181;47071;217220;1136;239294;53905956;50154205;31106361;94434;34001550
FR;0;2022-01-25;18883;53981;242956;1547;267012;53924839;50208186;31349317;95981;34268562
FR;0;2022-01-26;28071;59795;209186;1293;229311;53952910;50267981;31558503;97274;34497873
FR;0;2022-01-27;16253;45596;207537;1267;225759;53969163;50313577;31766040;98541;34723632
FR;0;2022-01-28;21436;75734;289949;1573;321455;53990599;50389311;32055989;100114;35045087
FR;0;2022-01-29;18393;52851;184070;686;204562;54008992;50442162;32240059;100800;35249649
FR;0;2022-01-30;4464;14581;39115;124;45091;54013456;50456743;32279174;100924;35294740
FR;0;2022-01-31;11205;43819;148125;738;164777;54024661;50500562;32427299;101662;35459517
FR;0;2022-02-01;12677;47983;174038;1140;191331;54037338;50548545;32601337;102802;35650848
FR;0;2022-02-02;19717;65717;171428;1032;190089;54057055;50614262;32772765;103834;35840937
FR;0;2022-02-03;10899;43905;157451;984;173260;54067954;50658167;32930216;104818;36014197
FR;0;2022-02-04;14447;66365;239145;1261;264153;54082401;50724532;33169361;106079;36278350
FR;0;2022-02-05;12601;51461;153495;522;172327;54095002;50775993;33322856;106601;36450677
FR;0;2022-02-06;2704;12260;28865;99;33825;54097706;50788253;33351721;106700;36484502
FR;0;2022-02-07;9229;46612;156790;583;176301;54106935;50834865;33508511;107283;36660803
FR;0;2022-02-08;9560;42533;166540;867;184299;54116495;50877398;33675051;108150;36845102
FR;0;2022-02-09;14109;57586;172272;864;192928;54130604;50934984;33847323;109014;37038030
FR;0;2022-02-10;8214;38089;150111;876;166521;54138818;50973073;33997434;109890;37204551
FR;0;2022-02-11;10725;55341;218401;1096;242961;54149543;51028414;34215835;110986;37447512
FR;0;2022-02-12;8339;40856;134682;461;151694;54157882;51069270;34350517;111447;37599206
FR;0;2022-02-13;1888;8567;26545;81;30899;54159770;51077837;34377062;111528;37630105
FR;0;2022-02-14;6871;35043;148292;476;166277;54166641;51112880;34525354;112004;37796382
FR;0;2022-02-15;6833;35320;146862;750;162388;54173474;51148200;34672216;112754;37958770
FR;0;2022-02-16;9270;42416;132442;717;146612;54182744;51190616;34804658;113471;38105382
FR;0;2022-02-17;5342;23530;87220;584;94725;54188086;51214146;34891878;114055;38200107
FR;0;2022-02-18;6861;33108;119564;802;129205;54194947;51247254;35011442;114857;38329312
FR;0;2022-02-19;5339;24427;69994;369;77293;54200286;51271681;35081436;115226;38406605
FR;0;2022-02-20;1132;4609;12143;38;13915;54201418;51276290;35093579;115264;38420520
FR;0;2022-02-21;4003;17735;61898;351;67117;54205421;51294025;35155477;115615;38487637
FR;0;2022-02-22;4350;18427;60768;571;64387;54209771;51312452;35216245;116186;38552024
FR;0;2022-02-23;6500;27044;66443;591;71829;54216271;51339496;35282688;116777;38623853
FR;0;2022-02-24;3717;15018;50350;515;53145;54219988;51354514;35333038;117292;38676998
FR;0;2022-02-25;5159;23439;76246;801;79955;54225147;51377953;35409284;118093;38756953
FR;0;2022-02-26;3961;17468;47377;356;51440;54229108;51395421;35456661;118449;38808393
FR;0;2022-02-27;867;2982;8018;47;8927;54229975;51398403;35464679;118496;38817320
FR;0;2022-02-28;3058;12021;40418;350;42843;54233033;51410424;35505097;118846;38860163
FR;0;2022-03-01;3064;12099;44094;433;44714;54236097;51422523;35549191;119279;38904877
FR;0;2022-03-02;5030;17354;47055;435;48956;54241127;51439877;35596246;119714;38953833
FR;0;2022-03-03;2627;8699;29777;339;29860;54243754;51448576;35626023;120053;38983693
FR;0;2022-03-04;3163;12093;40237;648;39361;54246917;51460669;35666260;120701;39023054
FR;0;2022-03-05;2895;9195;24913;309;25064;54249812;51469864;35691173;121010;39048118
FR;0;2022-03-06;502;1374;3183;42;3421;54250314;51471238;35694356;121052;39051539
FR;0;2022-03-07;1911;5424;18380;312;17638;54252225;51476662;35712736;121364;39069177
FR;0;2022-03-08;1933;5824;19373;354;17828;54254158;51482486;35732109;121718;39087005
FR;0;2022-03-09;3426;10134;22100;401;21183;54257584;51492620;35754209;122119;39108188
FR;0;2022-03-10;1681;4932;16851;337;15634;54259265;51497552;35771060;122456;39123822
FR;0;2022-03-11;2337;7235;24443;537;22197;54261602;51504787;35795503;122993;39146019
FR;0;2022-03-12;2649;6701;17135;302;16483;54264251;51511488;35812638;123295;39162502
FR;0;2022-03-13;385;774;2283;144;2232;54264636;51512262;35814921;123439;39164734
FR;0;2022-03-14;1443;4078;14890;4403;13749;54266079;51516340;35829811;127842;39178483
FR;0;2022-03-15;1567;4297;16183;7547;14280;54267646;51520637;35845994;135389;39192763
FR;0;2022-03-16;2921;6945;19283;13127;17934;54270567;51527582;35865277;148516;39210697
FR;0;2022-03-17;1354;3612;13048;10835;11881;54271921;51531194;35878325;159351;39222578
FR;0;2022-03-18;2179;5455;19892;18266;17974;54274100;51536649;35898217;177617;39240552
FR;0;2022-03-19;2266;4660;13078;9391;12378;54276366;51541309;35911295;187008;39252930
FR;0;2022-03-20;286;699;1872;1061;1880;54276652;51542008;35913167;188069;39254810
FR;0;2022-03-21;1332;3098;12651;14924;11871;54277984;51545106;35925818;202993;39266681
FR;0;2022-03-22;1430;3526;13711;20511;12465;54279414;51548632;35939529;223504;39279146
FR;0;2022-03-23;2621;5915;16871;23113;16297;54282035;51554547;35956400;246617;39295443
FR;0;2022-03-24;1331;2866;11441;17557;10513;54283366;51557413;35967841;264174;39305956
FR;0;2022-03-25;2023;4742;18390;27721;16734;54285389;51562155;35986231;291895;39322690
FR;0;2022-03-26;2204;4219;12014;12647;11454;54287593;51566374;35998245;304542;39334144
FR;0;2022-03-27;351;678;1865;1471;1899;54287944;51567052;36000110;306013;39336043
FR;0;2022-03-28;1401;2886;11015;17401;10467;54289345;51569938;36011125;323414;39346510
FR;0;2022-03-29;1404;3207;12793;27455;11910;54290749;51573145;36023918;350869;39358420
FR;0;2022-03-30;2788;5336;15535;27223;14906;54293537;51578481;36039453;378092;39373326
FR;0;2022-03-31;1578;3077;12500;24788;11811;54295115;51581558;36051953;402880;39385137
FR;0;2022-04-01;2018;4207;19683;30710;18315;54297133;51585765;36071636;433590;39403452
FR;0;2022-04-02;1460;2585;8972;10079;8628;54298593;51588350;36080608;443669;39412080
FR;0;2022-04-03;263;490;1544;1166;1558;54298856;51588840;36082152;444835;39413638
FR;0;2022-04-04;1263;2449;11776;18874;10941;54300119;51591289;36093928;463709;39424579
FR;0;2022-04-05;1550;2860;14001;33741;12853;54301669;51594149;36107929;497450;39437432
FR;0;2022-04-06;1990;3567;13072;26078;12316;54303659;51597716;36121001;523528;39449748
FR;0;2022-04-07;1386;2806;13242;33189;12475;54305045;51600522;36134243;556717;39462223
FR;0;2022-04-08;1977;4001;18852;43209;17453;54307022;51604523;36153095;599926;39479676
FR;0;2022-04-09;1323;2628;9199;13501;8752;54308345;51607151;36162294;613427;39488428
FR;0;2022-04-10;256;529;1932;1987;1932;54308601;51607680;36164226;615414;39490360
FR;0;2022-04-11;1145;2374;11186;23445;10820;54309746;51610054;36175412;638859;39501180
FR;0;2022-04-12;1531;2717;13532;39901;12910;54311277;51612771;36188944;678760;39514090
FR;0;2022-04-13;1801;3310;12529;32191;12120;54313078;51616081;36201473;710951;39526210
FR;0;2022-04-14;1386;2553;12115;35364;11894;54314464;51618634;36213588;746315;39538104
FR;0;2022-04-15;1702;3076;14218;34856;13429;54316166;51621710;36227806;781171;39551533
FR;0;2022-04-16;1005;1784;6132;8463;5981;54317171;51623494;36233938;789634;39557514
FR;0;2022-04-17;177;308;977;1107;1009;54317348;51623802;36234915;790741;39558523
FR;0;2022-04-18;118;281;1165;1003;1207;54317466;51624083;36236080;791744;39559730
FR;0;2022-04-19;1429;2802;11995;28804;11438;54318895;51626885;36248075;820548;39571168
FR;0;2022-04-20;1845;3155;11528;28054;11187;54320740;51630040;36259603;848602;39582355
FR;0;2022-04-21;1434;2607;11444;33667;11422;54322174;51632647;36271047;882269;39593777
FR;0;2022-04-22;1750;3249;14135;36260;13495;54323924;51635896;36285182;918529;39607272
FR;0;2022-04-23;1072;1931;6697;10496;6549;54324996;51637827;36291879;929025;39613821
FR;0;2022-04-24;231;417;1365;1515;1304;54325227;51638244;36293244;930540;39615125
FR;0;2022-04-25;1196;2208;8710;19906;8512;54326423;51640452;36301954;950446;39623637
FR;0;2022-04-26;1475;2773;12440;36196;11793;54327898;51643225;36314394;986642;39635430
FR;0;2022-04-27;1811;2881;10498;28266;10463;54329709;51646106;36324892;1014908;39645893
FR;0;2022-04-28;1352;2319;10566;31407;10230;54331061;51648425;36335458;1046315;39656123
