fra;vaccin;jour;n_dose1;n_dose2;n_dose3;n_cum_dose1;n_cum_dose2;n_cum_dose3
FR;1;2020-12-27;403;0;0;403;0;0
FR;1;2020-12-28;424;0;0;827;0;0
FR;1;2020-12-29;271;0;0;1098;0;0
FR;1;2020-12-30;326;0;0;1424;0;0
FR;1;2020-12-31;256;0;0;1680;0;0
FR;1;2021-01-01;301;0;0;1981;0;0
FR;1;2021-01-02;244;0;0;2225;0;0
FR;1;2021-01-03;276;0;0;2501;0;0
FR;1;2021-01-04;1773;0;0;4274;0;0
FR;1;2021-01-05;5715;0;0;9989;0;0
FR;1;2021-01-06;11622;0;0;21611;0;0
FR;1;2021-01-07;29081;0;0;50692;0;0
FR;1;2021-01-08;36741;0;0;87433;0;0
FR;1;2021-01-09;11079;0;0;98512;0;0
FR;1;2021-01-10;5770;0;0;104282;0;0
FR;1;2021-01-11;39642;0;0;143924;0;0
FR;1;2021-01-12;61676;0;0;205600;0;0
FR;1;2021-01-13;64637;0;0;270237;0;0
FR;1;2021-01-14;80890;0;0;351127;0;0
FR;1;2021-01-15;68203;0;0;419330;0;0
FR;1;2021-01-16;19777;86;0;439107;86;0
FR;1;2021-01-17;10769;41;0;449876;127;0
FR;1;2021-01-18;82403;160;0;532279;287;0
FR;1;2021-01-19;125460;125;0;657739;412;0
FR;1;2021-01-20;131970;154;0;789709;566;0
FR;1;2021-01-21;152353;130;0;942062;696;0
FR;1;2021-01-22;115452;160;0;1057514;856;0
FR;1;2021-01-23;36445;50;0;1093959;906;0
FR;1;2021-01-24;9464;27;0;1103423;933;0
FR;1;2021-01-25;74036;1214;0;1177459;2147;0
FR;1;2021-01-26;96123;3105;0;1273582;5252;0
FR;1;2021-01-27;103345;5587;0;1376927;10839;0
FR;1;2021-01-28;120243;14338;0;1497170;25177;0
FR;1;2021-01-29;88578;17266;0;1585748;42443;0
FR;1;2021-01-30;27842;4218;0;1613590;46661;0
FR;1;2021-01-31;5064;1677;0;1618654;48338;0
FR;1;2021-02-01;48969;21110;0;1667623;69448;0
FR;1;2021-02-02;67291;34531;0;1734914;103979;0
FR;1;2021-02-03;66684;36935;0;1801598;140914;0
FR;1;2021-02-04;76667;50007;0;1878265;190921;0
FR;1;2021-02-05;63095;45281;0;1941360;236202;0
FR;1;2021-02-06;19272;10383;0;1960632;246585;0
FR;1;2021-02-07;3580;5035;0;1964212;251620;0
FR;1;2021-02-08;36207;45934;0;2000419;297554;0
FR;1;2021-02-09;50509;72339;0;2050928;369893;0
FR;1;2021-02-10;51534;76617;0;2102462;446510;0
FR;1;2021-02-11;62988;98985;0;2165450;545495;0
FR;1;2021-02-12;55460;73931;0;2220910;619426;0
FR;1;2021-02-13;15333;19252;0;2236243;638678;0
FR;1;2021-02-14;3596;7185;0;2239839;645863;0
FR;1;2021-02-15;23880;73373;0;2263719;719236;0
FR;1;2021-02-16;32429;96750;0;2296148;815986;0
FR;1;2021-02-17;34773;98511;1;2330921;914497;1
FR;1;2021-02-18;48964;113332;0;2379885;1027829;1
FR;1;2021-02-19;45053;86359;0;2424938;1114188;1
FR;1;2021-02-20;13245;26889;0;2438183;1141077;1
FR;1;2021-02-21;2320;6282;0;2440503;1147359;1
FR;1;2021-02-22;24415;69363;1;2464918;1216722;2
FR;1;2021-02-23;37124;80305;1;2502042;1297027;3
FR;1;2021-02-24;40239;77588;1;2542281;1374615;4
FR;1;2021-02-25;49744;87911;1;2592025;1462526;5
FR;1;2021-02-26;46757;67828;0;2638782;1530354;5
FR;1;2021-02-27;15490;20915;0;2654272;1551269;5
FR;1;2021-02-28;3417;4382;1;2657689;1555651;6
FR;1;2021-03-01;39389;48971;0;2697078;1604622;6
FR;1;2021-03-02;55431;61458;1;2752509;1666080;7
FR;1;2021-03-03;60446;60608;0;2812955;1726688;7
FR;1;2021-03-04;72328;64854;2;2885283;1791542;9
FR;1;2021-03-05;74038;59221;2;2959321;1850763;11
FR;1;2021-03-06;82058;16080;2;3041379;1866843;13
FR;1;2021-03-07;63416;5410;0;3104795;1872253;13
FR;1;2021-03-08;59573;42445;0;3164368;1914698;13
FR;1;2021-03-09;85361;48290;0;3249729;1962988;13
FR;1;2021-03-10;90025;48030;2;3339754;2011018;15
FR;1;2021-03-11;104218;53823;0;3443972;2064841;15
FR;1;2021-03-12;103324;45268;1;3547296;2110109;16
FR;1;2021-03-13;88525;12734;0;3635821;2122843;16
FR;1;2021-03-14;44137;3025;0;3679958;2125868;16
FR;1;2021-03-15;94731;29097;0;3774689;2154965;16
FR;1;2021-03-16;122919;34869;1;3897608;2189834;17
FR;1;2021-03-17;128675;34802;2;4026283;2224636;19
FR;1;2021-03-18;142147;39678;1;4168430;2264314;20
FR;1;2021-03-19;135536;32877;0;4303966;2297191;20
FR;1;2021-03-20;75577;10198;0;4379543;2307389;20
FR;1;2021-03-21;26190;2475;1;4405733;2309864;21
FR;1;2021-03-22;114000;31162;2;4519733;2341026;23
FR;1;2021-03-23;142203;38149;1;4661936;2379175;24
FR;1;2021-03-24;141154;38748;0;4803090;2417923;24
FR;1;2021-03-25;164220;39597;2;4967310;2457520;26
FR;1;2021-03-26;165673;37458;1;5132983;2494978;27
FR;1;2021-03-27;110458;15243;0;5243441;2510221;27
FR;1;2021-03-28;42035;3620;2;5285476;2513841;29
FR;1;2021-03-29;129265;49935;1;5414741;2563776;30
FR;1;2021-03-30;166849;63547;3;5581590;2627323;33
FR;1;2021-03-31;170067;66870;3;5751657;2694193;36
FR;1;2021-04-01;193057;79198;5;5944714;2773391;41
FR;1;2021-04-02;163522;84288;4;6108236;2857679;45
FR;1;2021-04-03;87642;58148;3;6195878;2915827;48
FR;1;2021-04-04;32681;17724;0;6228559;2933551;48
FR;1;2021-04-05;43060;10168;4;6271619;2943719;52
FR;1;2021-04-06;159149;100838;7;6430768;3044557;59
FR;1;2021-04-07;195566;108218;5;6626334;3152775;64
FR;1;2021-04-08;220476;112353;6;6846810;3265128;70
FR;1;2021-04-09;213130;107470;6;7059940;3372598;76
FR;1;2021-04-10;116475;73436;8;7176415;3446034;84
FR;1;2021-04-11;40433;30274;3;7216848;3476308;87
FR;1;2021-04-12;167365;103763;29;7384213;3580071;116
FR;1;2021-04-13;202479;128210;56;7586692;3708281;172
FR;1;2021-04-14;206845;122779;111;7793537;3831060;283
FR;1;2021-04-15;219649;126730;144;8013186;3957790;427
FR;1;2021-04-16;204942;125117;170;8218128;4082907;597
FR;1;2021-04-17;121430;67462;43;8339558;4150369;640
FR;1;2021-04-18;35550;20990;20;8375108;4171359;660
FR;1;2021-04-19;162687;121877;319;8537795;4293236;979
FR;1;2021-04-20;187975;148736;323;8725770;4441972;1302
FR;1;2021-04-21;192585;146678;481;8918355;4588650;1783
FR;1;2021-04-22;207620;162583;500;9125975;4751233;2283
FR;1;2021-04-23;197772;156897;429;9323747;4908130;2712
FR;1;2021-04-24;125545;95489;70;9449292;5003619;2782
FR;1;2021-04-25;53181;30125;22;9502473;5033744;2804
FR;1;2021-04-26;180153;138241;324;9682626;5171985;3128
FR;1;2021-04-27;220011;161926;570;9902637;5333911;3698
FR;1;2021-04-28;237011;155066;954;10139648;5488977;4652
FR;1;2021-04-29;268714;160014;832;10408362;5648991;5484
FR;1;2021-04-30;270411;148112;692;10678773;5797103;6176
FR;1;2021-05-01;138940;40703;103;10817713;5837806;6279
FR;1;2021-05-02;80811;28149;49;10898524;5865955;6328
FR;1;2021-05-03;248254;146421;515;11146778;6012376;6843
FR;1;2021-05-04;263401;186798;738;11410179;6199174;7581
FR;1;2021-05-05;280475;184524;731;11690654;6383698;8312
FR;1;2021-05-06;307004;182974;988;11997658;6566672;9300
FR;1;2021-05-07;281990;195677;688;12279648;6762349;9988
FR;1;2021-05-08;190588;48324;139;12470236;6810673;10127
FR;1;2021-05-09;113448;36199;86;12583684;6846872;10213
FR;1;2021-05-10;254395;194212;696;12838079;7041084;10909
FR;1;2021-05-11;316383;211340;927;13154462;7252424;11836
FR;1;2021-05-12;353500;185862;783;13507962;7438286;12619
FR;1;2021-05-13;281016;47629;224;13788978;7485915;12843
FR;1;2021-05-14;367582;128815;581;14156560;7614730;13424
FR;1;2021-05-15;295264;66130;200;14451824;7680860;13624
FR;1;2021-05-16;156814;15576;76;14608638;7696436;13700
FR;1;2021-05-17;316645;116659;851;14925283;7813095;14551
FR;1;2021-05-18;379831;111292;1079;15305114;7924387;15630
FR;1;2021-05-19;392723;102880;1383;15697837;8027267;17013
FR;1;2021-05-20;418728;96285;1214;16116565;8123552;18227
FR;1;2021-05-21;397165;97343;1023;16513730;8220895;19250
FR;1;2021-05-22;274110;42070;336;16787840;8262965;19586
FR;1;2021-05-23;122347;11202;134;16910187;8274167;19720
FR;1;2021-05-24;242668;26295;327;17152855;8300462;20047
FR;1;2021-05-25;363657;131908;1249;17516512;8432370;21296
FR;1;2021-05-26;378419;125652;1219;17894931;8558022;22515
FR;1;2021-05-27;403677;128181;1240;18298608;8686203;23755
FR;1;2021-05-28;363840;145512;987;18662448;8831715;24742
FR;1;2021-05-29;252750;80960;305;18915198;8912675;25047
FR;1;2021-05-30;100270;22562;91;19015468;8935237;25138
FR;1;2021-05-31;312459;148787;781;19327927;9084024;25919
FR;1;2021-06-01;353741;166744;1058;19681668;9250768;26977
FR;1;2021-06-02;358156;153218;1089;20039824;9403986;28066
FR;1;2021-06-03;384536;147724;945;20424360;9551710;29011
FR;1;2021-06-04;359850;175636;877;20784210;9727346;29888
FR;1;2021-06-05;256344;112774;358;21040554;9840120;30246
FR;1;2021-06-06;125199;37522;130;21165753;9877642;30376
FR;1;2021-06-07;296106;208152;802;21461859;10085794;31178
FR;1;2021-06-08;327181;221041;919;21789040;10306835;32097
FR;1;2021-06-09;332579;212643;1002;22121619;10519478;33099
FR;1;2021-06-10;338394;202231;1030;22460013;10721709;34129
FR;1;2021-06-11;309284;235498;730;22769297;10957207;34859
FR;1;2021-06-12;242247;150825;241;23011544;11108032;35100
FR;1;2021-06-13;99488;61065;106;23111032;11169097;35206
FR;1;2021-06-14;205368;289108;795;23316400;11458205;36001
FR;1;2021-06-15;253608;282487;831;23570008;11740692;36832
FR;1;2021-06-16;270592;270528;783;23840600;12011220;37615
FR;1;2021-06-17;265343;244473;711;24105943;12255693;38326
FR;1;2021-06-18;258167;296061;642;24364110;12551754;38968
FR;1;2021-06-19;192273;209639;220;24556383;12761393;39188
FR;1;2021-06-20;68872;89167;63;24625255;12850560;39251
FR;1;2021-06-21;170180;320062;552;24795435;13170622;39803
FR;1;2021-06-22;183722;347748;646;24979157;13518370;40449
FR;1;2021-06-23;201721;339454;643;25180878;13857824;41092
FR;1;2021-06-24;201293;281818;678;25382171;14139642;41770
FR;1;2021-06-25;179866;371967;704;25562037;14511609;42474
FR;1;2021-06-26;130222;278425;268;25692259;14790034;42742
FR;1;2021-06-27;51832;123028;78;25744091;14913062;42820
FR;1;2021-06-28;134995;368446;654;25879086;15281508;43474
FR;1;2021-06-29;153339;389608;1707;26032425;15671116;45181
FR;1;2021-06-30;178075;378379;1559;26210500;16049495;46740
FR;1;2021-07-01;195614;332188;1811;26406114;16381683;48551
FR;1;2021-07-02;188794;367826;1692;26594908;16749509;50243
FR;1;2021-07-03;122834;280582;684;26717742;17030091;50927
FR;1;2021-07-04;53217;113758;239;26770959;17143849;51166
FR;1;2021-07-05;150282;356246;1430;26921241;17500095;52596
FR;1;2021-07-06;170789;382768;1519;27092030;17882863;54115
FR;1;2021-07-07;187110;362779;1534;27279140;18245642;55649
FR;1;2021-07-08;198841;323145;1754;27477981;18568787;57403
FR;1;2021-07-09;187794;386752;1777;27665775;18955539;59180
FR;1;2021-07-10;128428;281031;779;27794203;19236570;59959
FR;1;2021-07-11;57031;102478;247;27851234;19339048;60206
FR;1;2021-07-12;147431;417044;1542;27998665;19756092;61748
FR;1;2021-07-13;232163;439696;1742;28230828;20195788;63490
FR;1;2021-07-14;170157;151627;404;28400985;20347415;63894
FR;1;2021-07-15;277059;424743;1780;28678044;20772158;65674
FR;1;2021-07-16;288367;401379;1643;28966411;21173537;67317
FR;1;2021-07-17;216175;282303;716;29182586;21455840;68033
FR;1;2021-07-18;101399;107460;283;29283985;21563300;68316
FR;1;2021-07-19;236516;379451;1452;29520501;21942751;69768
FR;1;2021-07-20;303701;381291;1409;29824202;22324042;71177
FR;1;2021-07-21;331286;353809;1362;30155488;22677851;72539
FR;1;2021-07-22;362422;319469;1454;30517910;22997320;73993
FR;1;2021-07-23;346034;343175;1503;30863944;23340495;75496
FR;1;2021-07-24;238341;241354;664;31102285;23581849;76160
FR;1;2021-07-25;112190;76154;211;31214475;23658003;76371
FR;1;2021-07-26;297888;290442;1454;31512363;23948445;77825
FR;1;2021-07-27;383796;268918;1411;31896159;24217363;79236
FR;1;2021-07-28;388226;251550;1427;32284385;24468913;80663
FR;1;2021-07-29;403971;227901;1501;32688356;24696814;82164
FR;1;2021-07-30;368624;246700;1593;33056980;24943514;83757
FR;1;2021-07-31;242759;164969;769;33299739;25108483;84526
FR;1;2021-08-01;103368;47211;207;33403107;25155694;84733
FR;1;2021-08-02;291216;212785;1429;33694323;25368479;86162
FR;1;2021-08-03;326998;209273;1468;34021321;25577752;87630
FR;1;2021-08-04;325520;184336;1376;34346841;25762088;89006
FR;1;2021-08-05;298828;193181;1426;34645669;25955269;90432
FR;1;2021-08-06;288682;224564;1510;34934351;26179833;91942
FR;1;2021-08-07;181366;158809;631;35115717;26338642;92573
FR;1;2021-08-08;67696;59152;216;35183413;26397794;92789
FR;1;2021-08-09;220843;235986;1384;35404256;26633780;94173
FR;1;2021-08-10;249375;240857;1421;35653631;26874637;95594
FR;1;2021-08-11;233534;232499;1198;35887165;27107136;96792
FR;1;2021-08-12;218519;239818;1417;36105684;27346954;98209
FR;1;2021-08-13;200018;236776;1317;36305702;27583730;99526
FR;1;2021-08-14;121963;174419;619;36427665;27758149;100145
FR;1;2021-08-15;34010;46201;166;36461675;27804350;100311
FR;1;2021-08-16;155141;289911;1348;36616816;28094261;101659
FR;1;2021-08-17;169452;291806;1355;36786268;28386067;103014
FR;1;2021-08-18;159446;286932;1332;36945714;28672999;104346
FR;1;2021-08-19;147312;277291;1326;37093026;28950290;105672
FR;1;2021-08-20;138200;307762;1424;37231226;29258052;107096
FR;1;2021-08-21;83551;213131;546;37314777;29471183;107642
FR;1;2021-08-22;28218;82707;197;37342995;29553890;107839
FR;1;2021-08-23;117434;320875;1364;37460429;29874765;109203
FR;1;2021-08-24;125376;319776;1527;37585805;30194541;110730
FR;1;2021-08-25;119792;306218;1695;37705597;30500759;112425
FR;1;2021-08-26;105159;285431;2087;37810756;30786190;114512
FR;1;2021-08-27;105940;320653;2249;37916696;31106843;116761
FR;1;2021-08-28;70287;220712;1059;37986983;31327555;117820
FR;1;2021-08-29;23855;77951;434;38010838;31405506;118254
FR;1;2021-08-30;95432;286163;4227;38106270;31691669;122481
FR;1;2021-08-31;97045;276311;9091;38203315;31967980;131572
FR;1;2021-09-01;97073;244661;20547;38300388;32212641;152119
FR;1;2021-09-02;75400;197712;23865;38375788;32410353;175984
FR;1;2021-09-03;77543;227287;26449;38453331;32637640;202433
FR;1;2021-09-04;69532;189583;10960;38522863;32827223;213393
FR;1;2021-09-05;18179;41203;4022;38541042;32868426;217415
FR;1;2021-09-06;53545;151506;29716;38594587;33019932;247131
FR;1;2021-09-07;50944;139499;29507;38645531;33159431;276638
FR;1;2021-09-08;65715;173605;26444;38711246;33333036;303082
FR;1;2021-09-09;49009;123961;27453;38760255;33456997;330535
FR;1;2021-09-10;59889;151571;29027;38820144;33608568;359562
FR;1;2021-09-11;49931;146463;9470;38870075;33755031;369032
FR;1;2021-09-12;10310;29192;2369;38880385;33784223;371401
FR;1;2021-09-13;45086;104430;37330;38925471;33888653;408731
FR;1;2021-09-14;49824;95772;49204;38975295;33984425;457935
FR;1;2021-09-15;55763;138777;48827;39031058;34123202;506762
FR;1;2021-09-16;43310;80942;50942;39074368;34204144;557704
FR;1;2021-09-17;49599;108996;43477;39123967;34313140;601181
FR;1;2021-09-18;35711;118166;11489;39159678;34431306;612670
FR;1;2021-09-19;6046;21030;1925;39165724;34452336;614595
FR;1;2021-09-20;31994;74528;44369;39197718;34526864;658964
FR;1;2021-09-21;31977;68054;53580;39229695;34594918;712544
FR;1;2021-09-22;36163;117224;47497;39265858;34712142;760041
FR;1;2021-09-23;29916;61424;51198;39295774;34773566;811239
FR;1;2021-09-24;34556;88535;41301;39330330;34862101;852540
FR;1;2021-09-25;25389;96048;12053;39355719;34958149;864593
FR;1;2021-09-26;3979;15195;1697;39359698;34973344;866290
FR;1;2021-09-27;25512;59802;41145;39385210;35033146;907435
FR;1;2021-09-28;25137;48529;44425;39410347;35081675;951860
FR;1;2021-09-29;33949;79757;44502;39444296;35161432;996362
FR;1;2021-09-30;23940;44346;44241;39468236;35205778;1040603
FR;1;2021-10-01;31142;62810;42924;39499378;35268588;1083527
FR;1;2021-10-02;28334;61788;15859;39527712;35330376;1099386
FR;1;2021-10-03;3939;8581;1950;39531651;35338957;1101336
FR;1;2021-10-04;21600;43523;45331;39553251;35382480;1146667
FR;1;2021-10-05;19662;41150;46436;39572913;35423630;1193103
FR;1;2021-10-06;30458;60637;54389;39603371;35484267;1247492
FR;1;2021-10-07;18268;39074;47624;39621639;35523341;1295116
FR;2;2020-12-27;0;0;0;0;0;0
FR;2;2020-12-28;0;0;0;0;0;0
FR;2;2020-12-29;0;0;0;0;0;0
FR;2;2020-12-30;0;0;0;0;0;0
FR;2;2020-12-31;0;0;0;0;0;0
FR;2;2021-01-01;0;0;0;0;0;0
FR;2;2021-01-02;0;0;0;0;0;0
FR;2;2021-01-03;0;0;0;0;0;0
FR;2;2021-01-04;0;0;0;0;0;0
FR;2;2021-01-05;0;0;0;0;0;0
FR;2;2021-01-06;0;0;0;0;0;0
FR;2;2021-01-07;0;0;0;0;0;0
FR;2;2021-01-08;0;0;0;0;0;0
FR;2;2021-01-09;0;0;0;0;0;0
FR;2;2021-01-10;0;0;0;0;0;0
FR;2;2021-01-11;0;0;0;0;0;0
FR;2;2021-01-12;0;0;0;0;0;0
FR;2;2021-01-13;0;0;0;0;0;0
FR;2;2021-01-14;1165;0;0;1165;0;0
FR;2;2021-01-15;325;0;0;1490;0;0
FR;2;2021-01-16;260;0;0;1750;0;0
FR;2;2021-01-17;44;0;0;1794;0;0
FR;2;2021-01-18;3023;0;0;4817;0;0
FR;2;2021-01-19;4628;0;0;9445;0;0
FR;2;2021-01-20;5066;0;0;14511;0;0
FR;2;2021-01-21;5263;0;0;19774;0;0
FR;2;2021-01-22;5041;0;0;24815;0;0
FR;2;2021-01-23;1830;0;0;26645;0;0
FR;2;2021-01-24;148;0;0;26793;0;0
FR;2;2021-01-25;3742;0;0;30535;0;0
FR;2;2021-01-26;3838;0;0;34373;0;0
FR;2;2021-01-27;3527;0;0;37900;0;0
FR;2;2021-01-28;3646;0;0;41546;0;0
FR;2;2021-01-29;3209;0;0;44755;0;0
FR;2;2021-01-30;1110;0;0;45865;0;0
FR;2;2021-01-31;26;0;0;45891;0;0
FR;2;2021-02-01;3330;0;0;49221;0;0
FR;2;2021-02-02;4409;0;0;53630;0;0
FR;2;2021-02-03;5151;0;0;58781;0;0
FR;2;2021-02-04;4843;4;0;63624;4;0
FR;2;2021-02-05;4730;6;0;68354;10;0
FR;2;2021-02-06;1990;3;0;70344;13;0
FR;2;2021-02-07;79;0;0;70423;13;0
FR;2;2021-02-08;7483;8;0;77906;21;0
FR;2;2021-02-09;8344;15;0;86250;36;0
FR;2;2021-02-10;9249;50;0;95499;86;0
FR;2;2021-02-11;10169;66;0;105668;152;0
FR;2;2021-02-12;9935;238;0;115603;390;0
FR;2;2021-02-13;3079;221;0;118682;611;0
FR;2;2021-02-14;328;0;0;119010;611;0
FR;2;2021-02-15;3404;3064;0;122414;3675;0
FR;2;2021-02-16;5010;3876;0;127424;7551;0
FR;2;2021-02-17;4188;4398;0;131612;11949;0
FR;2;2021-02-18;5331;5087;0;136943;17036;0
FR;2;2021-02-19;5268;4323;0;142211;21359;0
FR;2;2021-02-20;1815;1508;0;144026;22867;0
FR;2;2021-02-21;215;86;0;144241;22953;0
FR;2;2021-02-22;3572;3721;0;147813;26674;0
FR;2;2021-02-23;4898;3688;0;152711;30362;0
FR;2;2021-02-24;4923;3463;0;157634;33825;0
FR;2;2021-02-25;5396;3423;0;163030;37248;0
FR;2;2021-02-26;4301;3121;0;167331;40369;0
FR;2;2021-02-27;1577;1042;0;168908;41411;0
FR;2;2021-02-28;144;28;0;169052;41439;0
FR;2;2021-03-01;5059;3764;0;174111;45203;0
FR;2;2021-03-02;6416;4723;0;180527;49926;0
FR;2;2021-03-03;6430;4881;0;186957;54807;0
FR;2;2021-03-04;8262;3961;0;195219;58768;0
FR;2;2021-03-05;7911;4053;0;203130;62821;0
FR;2;2021-03-06;4708;1682;0;207838;64503;0
FR;2;2021-03-07;2343;29;0;210181;64532;0
FR;2;2021-03-08;4084;8307;0;214265;72839;0
FR;2;2021-03-09;7392;8422;1;221657;81261;1
FR;2;2021-03-10;6978;9103;0;228635;90364;1
FR;2;2021-03-11;9266;9197;0;237901;99561;1
FR;2;2021-03-12;7862;8157;0;245763;107718;1
FR;2;2021-03-13;9974;2510;0;255737;110228;1
FR;2;2021-03-14;4808;400;0;260545;110628;1
FR;2;2021-03-15;10795;3482;0;271340;114110;1
FR;2;2021-03-16;16640;4619;0;287980;118729;1
FR;2;2021-03-17;20081;3952;0;308061;122681;1
FR;2;2021-03-18;23203;4902;0;331264;127583;1
FR;2;2021-03-19;23140;4534;0;354404;132117;1
FR;2;2021-03-20;25323;1538;0;379727;133655;1
FR;2;2021-03-21;17595;147;0;397322;133802;1
FR;2;2021-03-22;17623;3078;0;414945;136880;1
FR;2;2021-03-23;22500;4182;0;437445;141062;1
FR;2;2021-03-24;23774;4985;0;461219;146047;1
FR;2;2021-03-25;26550;5018;0;487769;151065;1
FR;2;2021-03-26;26803;4262;0;514572;155327;1
FR;2;2021-03-27;15816;1308;0;530388;156635;1
FR;2;2021-03-28;10510;92;0;540898;156727;1
FR;2;2021-03-29;18845;4277;0;559743;161004;1
FR;2;2021-03-30;24369;6016;0;584112;167020;1
FR;2;2021-03-31;28389;5952;0;612501;172972;1
FR;2;2021-04-01;34309;8476;0;646810;181448;1
FR;2;2021-04-02;29789;7679;0;676599;189127;1
FR;2;2021-04-03;16852;3578;0;693451;192705;1
FR;2;2021-04-04;9237;918;1;702688;193623;2
FR;2;2021-04-05;12282;807;0;714970;194430;2
FR;2;2021-04-06;26944;6924;0;741914;201354;2
FR;2;2021-04-07;30752;7154;0;772666;208508;2
FR;2;2021-04-08;36694;8817;0;809360;217325;2
FR;2;2021-04-09;33649;8590;27;843009;225915;29
FR;2;2021-04-10;19568;8969;0;862577;234884;29
FR;2;2021-04-11;7869;4270;0;870446;239154;29
FR;2;2021-04-12;16966;11248;0;887412;250402;29
FR;2;2021-04-13;19298;16416;1;906710;266818;30
FR;2;2021-04-14;17853;16277;2;924563;283095;32
FR;2;2021-04-15;22018;20751;25;946581;303846;57
FR;2;2021-04-16;20551;20069;39;967132;323915;96
FR;2;2021-04-17;13149;22457;3;980281;346372;99
FR;2;2021-04-18;5841;14403;2;986122;360775;101
FR;2;2021-04-19;16618;16250;17;1002740;377025;118
FR;2;2021-04-20;19096;21571;24;1021836;398596;142
FR;2;2021-04-21;20043;21661;45;1041879;420257;187
FR;2;2021-04-22;23576;24850;18;1065455;445107;205
FR;2;2021-04-23;24335;25346;63;1089790;470453;268
FR;2;2021-04-24;25161;15102;17;1114951;485555;285
FR;2;2021-04-25;9538;8587;4;1124489;494142;289
FR;2;2021-04-26;17001;17196;14;1141490;511338;303
FR;2;2021-04-27;19107;24296;32;1160597;535634;335
FR;2;2021-04-28;22176;26176;97;1182773;561810;432
FR;2;2021-04-29;25292;30124;54;1208065;591934;486
FR;2;2021-04-30;25404;27766;32;1233469;619700;518
FR;2;2021-05-01;14872;9856;3;1248341;629556;521
FR;2;2021-05-02;6571;9181;2;1254912;638737;523
FR;2;2021-05-03;19831;19315;15;1274743;658052;538
FR;2;2021-05-04;18121;29047;13;1292864;687099;551
FR;2;2021-05-05;18093;29402;24;1310957;716501;575
FR;2;2021-05-06;23315;35280;91;1334272;751781;666
FR;2;2021-05-07;25044;33218;69;1359316;784999;735
FR;2;2021-05-08;21153;9700;7;1380469;794699;742
FR;2;2021-05-09;13078;7891;2;1393547;802590;744
FR;2;2021-05-10;32636;22209;20;1426183;824799;764
FR;2;2021-05-11;43271;21066;43;1469454;845865;807
FR;2;2021-05-12;49679;19894;72;1519133;865759;879
FR;2;2021-05-13;50986;5765;13;1570119;871524;892
FR;2;2021-05-14;60989;12947;79;1631108;884471;971
FR;2;2021-05-15;65589;7147;12;1696697;891618;983
FR;2;2021-05-16;43321;2575;4;1740018;894193;987
FR;2;2021-05-17;44445;12581;52;1784463;906774;1039
FR;2;2021-05-18;54298;12242;70;1838761;919016;1109
FR;2;2021-05-19;56809;10609;123;1895570;929625;1232
FR;2;2021-05-20;63034;10872;137;1958604;940497;1369
FR;2;2021-05-21;63915;11659;117;2022519;952156;1486
FR;2;2021-05-22;61205;4513;30;2083724;956669;1516
FR;2;2021-05-23;37317;570;9;2121041;957239;1525
FR;2;2021-05-24;17009;2030;19;2138050;959269;1544
FR;2;2021-05-25;20813;12235;144;2158863;971504;1688
FR;2;2021-05-26;19590;11453;148;2178453;982957;1836
FR;2;2021-05-27;22679;12659;123;2201132;995616;1959
FR;2;2021-05-28;29117;14974;124;2230249;1010590;2083
FR;2;2021-05-29;30224;8181;33;2260473;1018771;2116
FR;2;2021-05-30;4559;1809;2;2265032;1020580;2118
FR;2;2021-05-31;28368;18746;115;2293400;1039326;2233
FR;2;2021-06-01;45284;20064;144;2338684;1059390;2377
FR;2;2021-06-02;37188;19303;97;2375872;1078693;2474
FR;2;2021-06-03;50941;23378;93;2426813;1102071;2567
FR;2;2021-06-04;65211;24091;131;2492024;1126162;2698
FR;2;2021-06-05;34302;24037;22;2526326;1150199;2720
FR;2;2021-06-06;4837;6201;4;2531163;1156400;2724
FR;2;2021-06-07;27901;23092;88;2559064;1179492;2812
FR;2;2021-06-08;46098;22954;89;2605162;1202446;2901
FR;2;2021-06-09;34043;20911;53;2639205;1223357;2954
FR;2;2021-06-10;42375;19151;34;2681580;1242508;2988
FR;2;2021-06-11;55054;25244;69;2736634;1267752;3057
FR;2;2021-06-12;30402;19810;28;2767036;1287562;3085
FR;2;2021-06-13;3240;9187;4;2770276;1296749;3089
FR;2;2021-06-14;25105;24185;50;2795381;1320934;3139
FR;2;2021-06-15;38787;22883;71;2834168;1343817;3210
FR;2;2021-06-16;29969;21479;88;2864137;1365296;3298
FR;2;2021-06-17;36676;25897;77;2900813;1391193;3375
FR;2;2021-06-18;46673;28796;64;2947486;1419989;3439
FR;2;2021-06-19;24420;24915;21;2971906;1444904;3460
FR;2;2021-06-20;3208;10069;5;2975114;1454973;3465
FR;2;2021-06-21;17333;42764;51;2992447;1497737;3516
FR;2;2021-06-22;28186;49606;70;3020633;1547343;3586
FR;2;2021-06-23;21640;49612;65;3042273;1596955;3651
FR;2;2021-06-24;28242;50299;85;3070515;1647254;3736
FR;2;2021-06-25;33244;60416;83;3103759;1707670;3819
FR;2;2021-06-26;16262;59279;28;3120021;1766949;3847
FR;2;2021-06-27;2513;29350;12;3122534;1796299;3859
FR;2;2021-06-28;12490;54368;40;3135024;1850667;3899
FR;2;2021-06-29;19732;59893;174;3154756;1910560;4073
FR;2;2021-06-30;16204;57762;214;3170960;1968322;4287
FR;2;2021-07-01;20269;59909;212;3191229;2028231;4499
FR;2;2021-07-02;23887;62213;181;3215116;2090444;4680
FR;2;2021-07-03;11994;57099;155;3227110;2147543;4835
FR;2;2021-07-04;1902;23331;20;3229012;2170874;4855
FR;2;2021-07-05;8994;29362;101;3238006;2200236;4956
FR;2;2021-07-06;14394;36203;129;3252400;2236439;5085
FR;2;2021-07-07;14125;33679;135;3266525;2270118;5220
FR;2;2021-07-08;19501;40294;159;3286026;2310412;5379
FR;2;2021-07-09;26917;54278;194;3312943;2364690;5573
FR;2;2021-07-10;13258;33673;108;3326201;2398363;5681
FR;2;2021-07-11;1639;4329;12;3327840;2402692;5693
FR;2;2021-07-12;12811;37278;110;3340651;2439970;5803
FR;2;2021-07-13;36941;53277;151;3377592;2493247;5954
FR;2;2021-07-14;6417;3576;14;3384009;2496823;5968
FR;2;2021-07-15;47002;47046;151;3431011;2543869;6119
FR;2;2021-07-16;64093;55868;183;3495104;2599737;6302
FR;2;2021-07-17;31425;23952;95;3526529;2623689;6397
FR;2;2021-07-18;5989;4946;18;3532518;2628635;6415
FR;2;2021-07-19;32819;28728;89;3565337;2657363;6504
FR;2;2021-07-20;51784;44597;144;3617121;2701960;6648
FR;2;2021-07-21;45031;34833;90;3662152;2736793;6738
FR;2;2021-07-22;56044;41104;123;3718196;2777897;6861
FR;2;2021-07-23;68097;49135;168;3786293;2827032;7029
FR;2;2021-07-24;36009;21555;79;3822302;2848587;7108
FR;2;2021-07-25;6646;2678;10;3828948;2851265;7118
FR;2;2021-07-26;36108;22502;88;3865056;2873767;7206
FR;2;2021-07-27;62146;34652;178;3927202;2908419;7384
FR;2;2021-07-28;55065;26488;129;3982267;2934907;7513
FR;2;2021-07-29;68168;32792;182;4050435;2967699;7695
FR;2;2021-07-30;74144;37787;214;4124579;3005486;7909
FR;2;2021-07-31;34559;16164;94;4159138;3021650;8003
FR;2;2021-08-01;5233;2300;13;4164371;3023950;8016
FR;2;2021-08-02;35553;16165;94;4199924;3040115;8110
FR;2;2021-08-03;55692;28249;135;4255616;3068364;8245
FR;2;2021-08-04;46379;20838;127;4301995;3089202;8372
FR;2;2021-08-05;54362;31592;209;4356357;3120794;8581
FR;2;2021-08-06;57876;42360;231;4414233;3163154;8812
FR;2;2021-08-07;24996;17593;90;4439229;3180747;8902
FR;2;2021-08-08;3750;3667;19;4442979;3184414;8921
FR;2;2021-08-09;29154;21149;83;4472133;3205563;9004
FR;2;2021-08-10;44802;33527;149;4516935;3239090;9153
FR;2;2021-08-11;35101;25146;142;4552036;3264236;9295
FR;2;2021-08-12;41735;35737;154;4593771;3299973;9449
FR;2;2021-08-13;42467;36228;203;4636238;3336201;9652
FR;2;2021-08-14;18398;22627;90;4654636;3358828;9742
FR;2;2021-08-15;2973;3845;13;4657609;3362673;9755
FR;2;2021-08-16;24975;27376;96;4682584;3390049;9851
FR;2;2021-08-17;38134;43531;187;4720718;3433580;10038
FR;2;2021-08-18;32138;36399;180;4752856;3469979;10218
FR;2;2021-08-19;37300;46580;210;4790156;3516559;10428
FR;2;2021-08-20;40408;55488;247;4830564;3572047;10675
FR;2;2021-08-21;18017;24258;101;4848581;3596305;10776
FR;2;2021-08-22;2870;4315;19;4851451;3600620;10795
FR;2;2021-08-23;19154;35127;116;4870605;3635747;10911
FR;2;2021-08-24;31813;56041;218;4902418;3691788;11129
FR;2;2021-08-25;25827;43414;231;4928245;3735202;11360
FR;2;2021-08-26;32226;55654;371;4960471;3790856;11731
FR;2;2021-08-27;36859;65412;453;4997330;3856268;12184
FR;2;2021-08-28;17714;28347;283;5015044;3884615;12467
FR;2;2021-08-29;2616;5094;45;5017660;3889709;12512
FR;2;2021-08-30;18262;37788;353;5035922;3927497;12865
FR;2;2021-08-31;27935;57472;844;5063857;3984969;13709
FR;2;2021-09-01;21337;39771;1261;5085194;4024740;14970
FR;2;2021-09-02;25160;48562;1902;5110354;4073302;16872
FR;2;2021-09-03;33073;64347;2857;5143427;4137649;19729
FR;2;2021-09-04;16614;27546;1399;5160041;4165195;21128
FR;2;2021-09-05;2199;3732;244;5162240;4168927;21372
FR;2;2021-09-06;13842;28744;1733;5176082;4197671;23105
FR;2;2021-09-07;20901;41015;2920;5196983;4238686;26025
FR;2;2021-09-08;16998;31931;2684;5213981;4270617;28709
FR;2;2021-09-09;20705;40401;4283;5234686;4311018;32992
FR;2;2021-09-10;27906;51001;5145;5262592;4362019;38137
FR;2;2021-09-11;13414;21987;2273;5276006;4384006;40410
FR;2;2021-09-12;1747;2850;265;5277753;4386856;40675
FR;2;2021-09-13;11421;21499;2383;5289174;4408355;43058
FR;2;2021-09-14;18263;32758;4894;5307437;4441113;47952
FR;2;2021-09-15;14484;28385;5070;5321921;4469498;53022
FR;2;2021-09-16;15808;32710;6611;5337729;4502208;59633
FR;2;2021-09-17;20488;47004;8637;5358217;4549212;68270
FR;2;2021-09-18;9643;20844;3723;5367860;4570056;71993
FR;2;2021-09-19;1123;2729;377;5368983;4572785;72370
FR;2;2021-09-20;7237;18866;3734;5376220;4591651;76104
FR;2;2021-09-21;10973;30028;6412;5387193;4621679;82516
FR;2;2021-09-22;9139;23543;5411;5396332;4645222;87927
FR;2;2021-09-23;10458;28860;7758;5406790;4674082;95685
FR;2;2021-09-24;14739;42745;10697;5421529;4716827;106382
FR;2;2021-09-25;6977;18593;3872;5428506;4735420;110254
FR;2;2021-09-26;1030;2590;482;5429536;4738010;110736
FR;2;2021-09-27;6128;16464;4198;5435664;4754474;114934
FR;2;2021-09-28;9050;25523;7610;5444714;4779997;122544
FR;2;2021-09-29;7880;20234;5929;5452594;4800231;128473
FR;2;2021-09-30;9633;25716;9295;5462227;4825947;137768
FR;2;2021-10-01;13422;35457;12623;5475649;4861404;150391
FR;2;2021-10-02;6544;15802;4726;5482193;4877206;155117
FR;2;2021-10-03;729;2036;464;5482922;4879242;155581
FR;2;2021-10-04;5557;13990;5437;5488479;4893232;161018
FR;2;2021-10-05;8687;22498;10947;5497166;4915730;171965
FR;2;2021-10-06;7440;17755;8005;5504606;4933485;179970
FR;2;2021-10-07;8618;22130;11807;5513224;4955615;191777
FR;3;2020-12-27;0;0;0;0;0;0
FR;3;2020-12-28;0;0;0;0;0;0
FR;3;2020-12-29;0;0;0;0;0;0
FR;3;2020-12-30;0;0;0;0;0;0
FR;3;2020-12-31;0;0;0;0;0;0
FR;3;2021-01-01;0;0;0;0;0;0
FR;3;2021-01-02;0;0;0;0;0;0
FR;3;2021-01-03;0;0;0;0;0;0
FR;3;2021-01-04;0;0;0;0;0;0
FR;3;2021-01-05;0;0;0;0;0;0
FR;3;2021-01-06;0;0;0;0;0;0
FR;3;2021-01-07;0;0;0;0;0;0
FR;3;2021-01-08;0;0;0;0;0;0
FR;3;2021-01-09;0;0;0;0;0;0
FR;3;2021-01-10;0;0;0;0;0;0
FR;3;2021-01-11;0;0;0;0;0;0
FR;3;2021-01-12;0;0;0;0;0;0
FR;3;2021-01-13;0;0;0;0;0;0
FR;3;2021-01-14;0;0;0;0;0;0
FR;3;2021-01-15;0;0;0;0;0;0
FR;3;2021-01-16;0;0;0;0;0;0
FR;3;2021-01-17;0;0;0;0;0;0
FR;3;2021-01-18;0;0;0;0;0;0
FR;3;2021-01-19;0;0;0;0;0;0
FR;3;2021-01-20;0;0;0;0;0;0
FR;3;2021-01-21;0;0;0;0;0;0
FR;3;2021-01-22;0;0;0;0;0;0
FR;3;2021-01-23;0;0;0;0;0;0
FR;3;2021-01-24;0;0;0;0;0;0
FR;3;2021-01-25;0;0;0;0;0;0
FR;3;2021-01-26;0;0;0;0;0;0
FR;3;2021-01-27;0;0;0;0;0;0
FR;3;2021-01-28;0;0;0;0;0;0
FR;3;2021-01-29;0;0;0;0;0;0
FR;3;2021-01-30;0;0;0;0;0;0
FR;3;2021-01-31;0;0;0;0;0;0
FR;3;2021-02-01;0;0;0;0;0;0
FR;3;2021-02-02;0;0;0;0;0;0
FR;3;2021-02-03;0;0;0;0;0;0
FR;3;2021-02-04;0;0;0;0;0;0
FR;3;2021-02-05;0;0;0;0;0;0
FR;3;2021-02-06;930;0;0;930;0;0
FR;3;2021-02-07;1377;0;0;2307;0;0
FR;3;2021-02-08;2709;0;0;5016;0;0
FR;3;2021-02-09;6709;0;0;11725;0;0
FR;3;2021-02-10;9470;0;0;21195;0;0
FR;3;2021-02-11;13490;0;0;34685;0;0
FR;3;2021-02-12;13199;0;0;47884;0;0
FR;3;2021-02-13;3616;0;0;51500;0;0
FR;3;2021-02-14;916;0;0;52416;0;0
FR;3;2021-02-15;10289;0;0;62705;0;0
FR;3;2021-02-16;12360;0;0;75065;0;0
FR;3;2021-02-17;10973;0;0;86038;0;0
FR;3;2021-02-18;14762;0;0;100800;0;0
FR;3;2021-02-19;14217;0;0;115017;0;0
FR;3;2021-02-20;3235;0;0;118252;0;0
FR;3;2021-02-21;581;0;0;118833;0;0
FR;3;2021-02-22;9042;0;0;127875;0;0
FR;3;2021-02-23;11232;0;0;139107;0;0
FR;3;2021-02-24;14106;0;0;153213;0;0
FR;3;2021-02-25;44735;0;0;197948;0;0
FR;3;2021-02-26;61698;0;0;259646;0;0
FR;3;2021-02-27;34661;6;0;294307;6;0
FR;3;2021-02-28;2397;0;0;296704;6;0
FR;3;2021-03-01;20213;9;0;316917;15;0
FR;3;2021-03-02;38628;12;0;355545;27;0
FR;3;2021-03-03;48425;14;0;403970;41;0
FR;3;2021-03-04;81937;18;0;485907;59;0
FR;3;2021-03-05;117783;41;0;603690;100;0
FR;3;2021-03-06;120322;47;1;724012;147;1
FR;3;2021-03-07;54976;26;0;778988;173;1
FR;3;2021-03-08;42569;20;0;821557;193;1
FR;3;2021-03-09;78701;30;0;900258;223;1
FR;3;2021-03-10;80574;36;0;980832;259;1
FR;3;2021-03-11;128075;46;0;1108907;305;1
FR;3;2021-03-12;182344;67;0;1291251;372;1
FR;3;2021-03-13;131864;49;0;1423115;421;1
FR;3;2021-03-14;13942;4;0;1437057;425;1
FR;3;2021-03-15;51931;34;0;1488988;459;1
FR;3;2021-03-16;1050;13;0;1490038;472;1
FR;3;2021-03-17;791;6;0;1490829;478;1
FR;3;2021-03-18;1388;4;0;1492217;482;1
FR;3;2021-03-19;70189;36;0;1562406;518;1
FR;3;2021-03-20;65025;35;0;1627431;553;1
FR;3;2021-03-21;5634;4;0;1633065;557;1
FR;3;2021-03-22;37237;30;0;1670302;587;1
FR;3;2021-03-23;84331;49;0;1754633;636;1
FR;3;2021-03-24;90662;88;0;1845295;724;1
FR;3;2021-03-25;149717;114;0;1995012;838;1
FR;3;2021-03-26;165070;152;0;2160082;990;1
FR;3;2021-03-27;68236;88;0;2228318;1078;1
FR;3;2021-03-28;6364;19;0;2234682;1097;1
FR;3;2021-03-29;53919;59;0;2288601;1156;1
FR;3;2021-03-30;92890;87;0;2381491;1243;1
FR;3;2021-03-31;63265;81;0;2444756;1324;1
FR;3;2021-04-01;85815;97;0;2530571;1421;1
FR;3;2021-04-02;86678;143;0;2617249;1564;1
FR;3;2021-04-03;35708;107;0;2652957;1671;1
FR;3;2021-04-04;3480;14;0;2656437;1685;1
FR;3;2021-04-05;4364;21;0;2660801;1706;1
FR;3;2021-04-06;29483;72;0;2690284;1778;1
FR;3;2021-04-07;32071;59;0;2722355;1837;1
FR;3;2021-04-08;78556;232;0;2800911;2069;1
FR;3;2021-04-09;161447;405;0;2962358;2474;1
FR;3;2021-04-10;75526;327;0;3037884;2801;1
FR;3;2021-04-11;7211;42;0;3045095;2843;1
FR;3;2021-04-12;51222;195;0;3096317;3038;1
FR;3;2021-04-13;85952;309;0;3182269;3347;1
FR;3;2021-04-14;67518;337;0;3249787;3684;1
FR;3;2021-04-15;92826;363;0;3342613;4047;1
FR;3;2021-04-16;112218;566;0;3454831;4613;1
FR;3;2021-04-17;53120;319;1;3507951;4932;2
FR;3;2021-04-18;9616;32;0;3517567;4964;2
FR;3;2021-04-19;24865;228;0;3542432;5192;2
FR;3;2021-04-20;45379;388;0;3587811;5580;2
FR;3;2021-04-21;38690;441;0;3626501;6021;2
FR;3;2021-04-22;54473;778;0;3680974;6799;2
FR;3;2021-04-23;70265;1009;0;3751239;7808;2
FR;3;2021-04-24;37065;969;0;3788304;8777;2
FR;3;2021-04-25;6076;152;0;3794380;8929;2
FR;3;2021-04-26;19533;648;0;3813913;9577;2
FR;3;2021-04-27;34203;1240;0;3848116;10817;2
FR;3;2021-04-28;28745;1925;0;3876861;12742;2
FR;3;2021-04-29;45152;5946;0;3922013;18688;2
FR;3;2021-04-30;55268;8920;0;3977281;27608;2
FR;3;2021-05-01;9373;1963;0;3986654;29571;2
FR;3;2021-05-02;2935;498;0;3989589;30069;2
FR;3;2021-05-03;12847;3880;0;4002436;33949;2
FR;3;2021-05-04;22840;8422;0;4025276;42371;2
FR;3;2021-05-05;18479;10567;0;4043755;52938;2
FR;3;2021-05-06;34350;20889;0;4078105;73827;2
FR;3;2021-05-07;43988;28383;0;4122093;102210;2
FR;3;2021-05-08;6627;8875;0;4128720;111085;2
FR;3;2021-05-09;1692;2650;0;4130412;113735;2
FR;3;2021-05-10;14752;12553;0;4145164;126288;2
FR;3;2021-05-11;26840;25717;0;4172004;152005;2
FR;3;2021-05-12;17067;27443;1;4189071;179448;3
FR;3;2021-05-13;2144;3481;0;4191215;182929;3
FR;3;2021-05-14;14351;25732;0;4205566;208661;3
FR;3;2021-05-15;7082;20728;0;4212648;229389;3
FR;3;2021-05-16;887;2677;0;4213535;232066;3
FR;3;2021-05-17;7743;19904;0;4221278;251970;3
FR;3;2021-05-18;13184;29625;0;4234462;281595;3
FR;3;2021-05-19;9035;31853;0;4243497;313448;3
FR;3;2021-05-20;12565;53204;2;4256062;366652;5
FR;3;2021-05-21;12544;65522;0;4268606;432174;5
FR;3;2021-05-22;4822;33293;1;4273428;465467;6
FR;3;2021-05-23;553;2664;0;4273981;468131;6
FR;3;2021-05-24;679;4914;0;4274660;473045;6
FR;3;2021-05-25;5074;45168;0;4279734;518213;6
FR;3;2021-05-26;4761;51046;1;4284495;569259;7
FR;3;2021-05-27;6106;77824;1;4290601;647083;8
FR;3;2021-05-28;7364;99093;0;4297965;746176;8
FR;3;2021-05-29;3185;60276;1;4301150;806452;9
FR;3;2021-05-30;416;8243;0;4301566;814695;9
FR;3;2021-05-31;2193;35985;0;4303759;850680;9
FR;3;2021-06-01;3120;64807;5;4306879;915487;14
FR;3;2021-06-02;2523;58341;0;4309402;973828;14
FR;3;2021-06-03;3312;87572;3;4312714;1061400;17
FR;3;2021-06-04;3964;105109;12;4316678;1166509;29
FR;3;2021-06-05;1862;52236;0;4318540;1218745;29
FR;3;2021-06-06;338;5399;0;4318878;1224144;29
FR;3;2021-06-07;1218;31179;3;4320096;1255323;32
FR;3;2021-06-08;1827;47275;9;4321923;1302598;41
FR;3;2021-06-09;1550;42392;8;4323473;1344990;49
FR;3;2021-06-10;2016;67986;8;4325489;1412976;57
FR;3;2021-06-11;2338;96788;17;4327827;1509764;74
FR;3;2021-06-12;1049;40835;4;4328876;1550599;78
FR;3;2021-06-13;173;3823;1;4329049;1554422;79
FR;3;2021-06-14;860;42658;11;4329909;1597080;90
FR;3;2021-06-15;1210;80685;5;4331119;1677765;95
FR;3;2021-06-16;1090;65775;7;4332209;1743540;102
FR;3;2021-06-17;1497;101845;20;4333706;1845385;122
FR;3;2021-06-18;1780;117914;24;4335486;1963299;146
FR;3;2021-06-19;744;39401;11;4336230;2002700;157
FR;3;2021-06-20;97;3383;0;4336327;2006083;157
FR;3;2021-06-21;627;39287;9;4336954;2045370;166
FR;3;2021-06-22;938;70010;33;4337892;2115380;199
FR;3;2021-06-23;827;50844;15;4338719;2166224;214
FR;3;2021-06-24;1208;77203;24;4339927;2243427;238
FR;3;2021-06-25;1309;89960;40;4341236;2333387;278
FR;3;2021-06-26;559;33134;12;4341795;2366521;290
FR;3;2021-06-27;110;4026;1;4341905;2370547;291
FR;3;2021-06-28;530;30455;13;4342435;2401002;304
FR;3;2021-06-29;771;56143;93;4343206;2457145;397
FR;3;2021-06-30;800;45054;89;4344006;2502199;486
FR;3;2021-07-01;1048;65655;108;4345054;2567854;594
FR;3;2021-07-02;1210;90442;171;4346264;2658296;765
FR;3;2021-07-03;563;31190;54;4346827;2689486;819
FR;3;2021-07-04;90;4275;3;4346917;2693761;822
FR;3;2021-07-05;538;33930;60;4347455;2727691;882
FR;3;2021-07-06;842;56128;87;4348297;2783819;969
FR;3;2021-07-07;777;43080;77;4349074;2826899;1046
FR;3;2021-07-08;1040;60750;99;4350114;2887649;1145
FR;3;2021-07-09;1177;68835;125;4351291;2956484;1270
FR;3;2021-07-10;565;25052;58;4351856;2981536;1328
FR;3;2021-07-11;78;3309;4;4351934;2984845;1332
FR;3;2021-07-12;552;23930;58;4352486;3008775;1390
FR;3;2021-07-13;1539;34756;88;4354025;3043531;1478
FR;3;2021-07-14;161;2650;2;4354186;3046181;1480
FR;3;2021-07-15;1848;30693;82;4356034;3076874;1562
FR;3;2021-07-16;2423;38902;123;4358457;3115776;1685
FR;3;2021-07-17;983;13753;26;4359440;3129529;1711
FR;3;2021-07-18;205;2610;3;4359645;3132139;1714
FR;3;2021-07-19;1198;17238;34;4360843;3149377;1748
FR;3;2021-07-20;1747;27170;93;4362590;3176547;1841
FR;3;2021-07-21;1573;19745;43;4364163;3196292;1884
FR;3;2021-07-22;1755;27798;79;4365918;3224090;1963
FR;3;2021-07-23;2122;30477;113;4368040;3254567;2076
FR;3;2021-07-24;767;7019;23;4368807;3261586;2099
FR;3;2021-07-25;176;1350;1;4368983;3262936;2100
FR;3;2021-07-26;822;10717;28;4369805;3273653;2128
FR;3;2021-07-27;1082;16977;55;4370887;3290630;2183
FR;3;2021-07-28;898;12125;37;4371785;3302755;2220
FR;3;2021-07-29;1056;15869;63;4372841;3318624;2283
FR;3;2021-07-30;1049;18109;75;4373890;3336733;2358
FR;3;2021-07-31;346;3750;13;4374236;3340483;2371
FR;3;2021-08-01;62;482;1;4374298;3340965;2372
FR;3;2021-08-02;339;5160;23;4374637;3346125;2395
FR;3;2021-08-03;428;7587;25;4375065;3353712;2420
FR;3;2021-08-04;381;4893;25;4375446;3358605;2445
FR;3;2021-08-05;373;3749;12;4375819;3362354;2457
FR;3;2021-08-06;404;4786;28;4376223;3367140;2485
FR;3;2021-08-07;167;1925;11;4376390;3369065;2496
FR;3;2021-08-08;89;423;2;4376479;3369488;2498
FR;3;2021-08-09;234;2521;10;4376713;3372009;2508
FR;3;2021-08-10;284;3898;15;4376997;3375907;2523
FR;3;2021-08-11;202;2719;14;4377199;3378626;2537
FR;3;2021-08-12;216;2625;12;4377415;3381251;2549
FR;3;2021-08-13;228;2251;15;4377643;3383502;2564
FR;3;2021-08-14;133;934;1;4377776;3384436;2565
FR;3;2021-08-15;25;161;0;4377801;3384597;2565
FR;3;2021-08-16;86;1090;8;4377887;3385687;2573
FR;3;2021-08-17;130;1494;7;4378017;3387181;2580
FR;3;2021-08-18;138;1343;8;4378155;3388524;2588
FR;3;2021-08-19;131;1426;9;4378286;3389950;2597
FR;3;2021-08-20;124;1626;15;4378410;3391576;2612
FR;3;2021-08-21;61;583;0;4378471;3392159;2612
FR;3;2021-08-22;18;168;1;4378489;3392327;2613
FR;3;2021-08-23;94;921;7;4378583;3393248;2620
FR;3;2021-08-24;92;958;9;4378675;3394206;2629
FR;3;2021-08-25;93;835;2;4378768;3395041;2631
FR;3;2021-08-26;132;876;9;4378900;3395917;2640
FR;3;2021-08-27;141;953;9;4379041;3396870;2649
FR;3;2021-08-28;75;354;3;4379116;3397224;2652
FR;3;2021-08-29;27;123;1;4379143;3397347;2653
FR;3;2021-08-30;60;590;0;4379203;3397937;2653
FR;3;2021-08-31;79;710;7;4379282;3398647;2660
FR;3;2021-09-01;69;467;4;4379351;3399114;2664
FR;3;2021-09-02;64;623;21;4379415;3399737;2685
FR;3;2021-09-03;78;586;17;4379493;3400323;2702
FR;3;2021-09-04;28;279;3;4379521;3400602;2705
FR;3;2021-09-05;13;58;4;4379534;3400660;2709
FR;3;2021-09-06;47;401;3;4379581;3401061;2712
FR;3;2021-09-07;74;482;13;4379655;3401543;2725
FR;3;2021-09-08;65;354;0;4379720;3401897;2725
FR;3;2021-09-09;38;386;4;4379758;3402283;2729
FR;3;2021-09-10;65;421;2;4379823;3402704;2731
FR;3;2021-09-11;31;229;4;4379854;3402933;2735
FR;3;2021-09-12;8;46;1;4379862;3402979;2736
FR;3;2021-09-13;29;332;4;4379891;3403311;2740
FR;3;2021-09-14;25;287;4;4379916;3403598;2744
FR;3;2021-09-15;14;258;3;4379930;3403856;2747
FR;3;2021-09-16;22;332;5;4379952;3404188;2752
FR;3;2021-09-17;30;345;4;4379982;3404533;2756
FR;3;2021-09-18;13;169;0;4379995;3404702;2756
FR;3;2021-09-19;6;29;1;4380001;3404731;2757
FR;3;2021-09-20;40;212;0;4380041;3404943;2757
FR;3;2021-09-21;19;274;4;4380060;3405217;2761
FR;3;2021-09-22;14;219;6;4380074;3405436;2767
FR;3;2021-09-23;11;267;9;4380085;3405703;2776
FR;3;2021-09-24;9;311;9;4380094;3406014;2785
FR;3;2021-09-25;14;154;3;4380108;3406168;2788
FR;3;2021-09-26;1;40;1;4380109;3406208;2789
FR;3;2021-09-27;13;275;2;4380122;3406483;2791
FR;3;2021-09-28;10;257;5;4380132;3406740;2796
FR;3;2021-09-29;14;209;5;4380146;3406949;2801
FR;3;2021-09-30;14;186;6;4380160;3407135;2807
FR;3;2021-10-01;6;166;4;4380166;3407301;2811
FR;3;2021-10-02;3;85;0;4380169;3407386;2811
FR;3;2021-10-03;1;16;1;4380170;3407402;2812
FR;3;2021-10-04;5;151;4;4380175;3407553;2816
FR;3;2021-10-05;3;146;10;4380178;3407699;2826
FR;3;2021-10-06;11;152;7;4380189;3407851;2833
FR;3;2021-10-07;5;136;6;4380194;3407987;2839
FR;4;2020-12-27;0;0;0;0;0;0
FR;4;2020-12-28;0;0;0;0;0;0
FR;4;2020-12-29;0;0;0;0;0;0
FR;4;2020-12-30;0;0;0;0;0;0
FR;4;2020-12-31;0;0;0;0;0;0
FR;4;2021-01-01;0;0;0;0;0;0
FR;4;2021-01-02;0;0;0;0;0;0
FR;4;2021-01-03;0;0;0;0;0;0
FR;4;2021-01-04;0;0;0;0;0;0
FR;4;2021-01-05;0;0;0;0;0;0
FR;4;2021-01-06;0;0;0;0;0;0
FR;4;2021-01-07;0;0;0;0;0;0
FR;4;2021-01-08;0;0;0;0;0;0
FR;4;2021-01-09;0;0;0;0;0;0
FR;4;2021-01-10;0;0;0;0;0;0
FR;4;2021-01-11;0;0;0;0;0;0
FR;4;2021-01-12;0;0;0;0;0;0
FR;4;2021-01-13;0;0;0;0;0;0
FR;4;2021-01-14;0;0;0;0;0;0
FR;4;2021-01-15;0;0;0;0;0;0
FR;4;2021-01-16;0;0;0;0;0;0
FR;4;2021-01-17;0;0;0;0;0;0
FR;4;2021-01-18;0;0;0;0;0;0
FR;4;2021-01-19;0;0;0;0;0;0
FR;4;2021-01-20;0;0;0;0;0;0
FR;4;2021-01-21;0;0;0;0;0;0
FR;4;2021-01-22;0;0;0;0;0;0
FR;4;2021-01-23;0;0;0;0;0;0
FR;4;2021-01-24;0;0;0;0;0;0
FR;4;2021-01-25;0;0;0;0;0;0
FR;4;2021-01-26;0;0;0;0;0;0
FR;4;2021-01-27;0;0;0;0;0;0
FR;4;2021-01-28;0;0;0;0;0;0
FR;4;2021-01-29;0;0;0;0;0;0
FR;4;2021-01-30;0;0;0;0;0;0
FR;4;2021-01-31;0;0;0;0;0;0
FR;4;2021-02-01;0;0;0;0;0;0
FR;4;2021-02-02;0;0;0;0;0;0
FR;4;2021-02-03;0;0;0;0;0;0
FR;4;2021-02-04;0;0;0;0;0;0
FR;4;2021-02-05;0;0;0;0;0;0
FR;4;2021-02-06;0;0;0;0;0;0
FR;4;2021-02-07;0;0;0;0;0;0
FR;4;2021-02-08;0;0;0;0;0;0
FR;4;2021-02-09;0;0;0;0;0;0
FR;4;2021-02-10;0;0;0;0;0;0
FR;4;2021-02-11;0;0;0;0;0;0
FR;4;2021-02-12;0;0;0;0;0;0
FR;4;2021-02-13;0;0;0;0;0;0
FR;4;2021-02-14;0;0;0;0;0;0
FR;4;2021-02-15;0;0;0;0;0;0
FR;4;2021-02-16;0;0;0;0;0;0
FR;4;2021-02-17;0;0;0;0;0;0
FR;4;2021-02-18;0;0;0;0;0;0
FR;4;2021-02-19;0;0;0;0;0;0
FR;4;2021-02-20;0;0;0;0;0;0
FR;4;2021-02-21;0;0;0;0;0;0
FR;4;2021-02-22;0;0;0;0;0;0
FR;4;2021-02-23;0;0;0;0;0;0
FR;4;2021-02-24;0;0;0;0;0;0
FR;4;2021-02-25;0;0;0;0;0;0
FR;4;2021-02-26;0;0;0;0;0;0
FR;4;2021-02-27;0;0;0;0;0;0
FR;4;2021-02-28;0;0;0;0;0;0
FR;4;2021-03-01;0;0;0;0;0;0
FR;4;2021-03-02;0;0;0;0;0;0
FR;4;2021-03-03;0;0;0;0;0;0
FR;4;2021-03-04;0;0;0;0;0;0
FR;4;2021-03-05;0;1;0;0;1;0
FR;4;2021-03-06;0;0;0;0;1;0
FR;4;2021-03-07;0;0;0;0;1;0
FR;4;2021-03-08;0;0;0;0;1;0
FR;4;2021-03-09;0;0;0;0;1;0
FR;4;2021-03-10;0;0;0;0;1;0
FR;4;2021-03-11;0;0;0;0;1;0
FR;4;2021-03-12;0;0;0;0;1;0
FR;4;2021-03-13;0;0;0;0;1;0
FR;4;2021-03-14;0;0;0;0;1;0
FR;4;2021-03-15;0;0;0;0;1;0
FR;4;2021-03-16;0;0;0;0;1;0
FR;4;2021-03-17;0;0;0;0;1;0
FR;4;2021-03-18;0;0;0;0;1;0
FR;4;2021-03-19;0;0;0;0;1;0
FR;4;2021-03-20;0;0;0;0;1;0
FR;4;2021-03-21;0;0;0;0;1;0
FR;4;2021-03-22;0;0;0;0;1;0
FR;4;2021-03-23;0;0;0;0;1;0
FR;4;2021-03-24;0;0;0;0;1;0
FR;4;2021-03-25;0;0;0;0;1;0
FR;4;2021-03-26;0;0;0;0;1;0
FR;4;2021-03-27;0;0;0;0;1;0
FR;4;2021-03-28;0;0;0;0;1;0
FR;4;2021-03-29;0;2;0;0;3;0
FR;4;2021-03-30;0;0;0;0;3;0
FR;4;2021-03-31;0;1;0;0;4;0
FR;4;2021-04-01;0;0;0;0;4;0
FR;4;2021-04-02;0;1;0;0;5;0
FR;4;2021-04-03;0;0;0;0;5;0
FR;4;2021-04-04;0;0;0;0;5;0
FR;4;2021-04-05;0;0;0;0;5;0
FR;4;2021-04-06;0;8;0;0;13;0
FR;4;2021-04-07;0;2;0;0;15;0
FR;4;2021-04-08;0;3;0;0;18;0
FR;4;2021-04-09;0;7;0;0;25;0
FR;4;2021-04-10;0;0;0;0;25;0
FR;4;2021-04-11;0;0;0;0;25;0
FR;4;2021-04-12;0;6;0;0;31;0
FR;4;2021-04-13;0;4;0;0;35;0
FR;4;2021-04-14;0;0;0;0;35;0
FR;4;2021-04-15;0;0;0;0;35;0
FR;4;2021-04-16;0;0;0;0;35;0
FR;4;2021-04-17;0;0;0;0;35;0
FR;4;2021-04-18;0;0;0;0;35;0
FR;4;2021-04-19;0;0;0;0;35;0
FR;4;2021-04-20;0;0;0;0;35;0
FR;4;2021-04-21;0;0;0;0;35;0
FR;4;2021-04-22;0;0;0;0;35;0
FR;4;2021-04-23;2965;0;0;2965;35;0
FR;4;2021-04-24;1559;0;0;4524;35;0
FR;4;2021-04-25;123;0;0;4647;35;0
FR;4;2021-04-26;2854;0;0;7501;35;0
FR;4;2021-04-27;9461;3;0;16962;38;0
FR;4;2021-04-28;9847;3;0;26809;41;0
FR;4;2021-04-29;15953;8;0;42762;49;0
FR;4;2021-04-30;19181;7;0;61943;56;0
FR;4;2021-05-01;1951;5;0;63894;61;0
FR;4;2021-05-02;462;0;0;64356;61;0
FR;4;2021-05-03;4997;1;0;69353;62;0
FR;4;2021-05-04;8315;8;0;77668;70;0
FR;4;2021-05-05;6084;5;0;83752;75;0
FR;4;2021-05-06;11318;10;0;95070;85;0
FR;4;2021-05-07;19016;9;0;114086;94;0
FR;4;2021-05-08;2314;6;0;116400;100;0
FR;4;2021-05-09;653;2;0;117053;102;0
FR;4;2021-05-10;7165;8;1;124218;110;1
FR;4;2021-05-11;14228;11;0;138446;121;1
FR;4;2021-05-12;10087;16;0;148533;137;1
FR;4;2021-05-13;1513;3;0;150046;140;1
FR;4;2021-05-14;7663;6;0;157709;146;1
FR;4;2021-05-15;3655;8;1;161364;154;2
FR;4;2021-05-16;390;1;0;161754;155;2
FR;4;2021-05-17;4392;3;0;166146;158;2
FR;4;2021-05-18;8674;10;0;174820;168;2
FR;4;2021-05-19;5601;5;0;180421;173;2
FR;4;2021-05-20;9338;6;0;189759;179;2
FR;4;2021-05-21;12663;29;0;202422;208;2
FR;4;2021-05-22;4976;12;0;207398;220;2
FR;4;2021-05-23;456;2;0;207854;222;2
FR;4;2021-05-24;989;3;0;208843;225;2
FR;4;2021-05-25;7491;16;0;216334;241;2
FR;4;2021-05-26;7634;13;0;223968;254;2
FR;4;2021-05-27;14210;34;0;238178;288;2
FR;4;2021-05-28;26388;81;1;264566;369;3
FR;4;2021-05-29;11245;20;0;275811;389;3
FR;4;2021-05-30;879;2;0;276690;391;3
FR;4;2021-05-31;12508;19;0;289198;410;3
FR;4;2021-06-01;20002;41;0;309200;451;3
FR;4;2021-06-02;14343;33;0;323543;484;3
FR;4;2021-06-03;19267;24;0;342810;508;3
FR;4;2021-06-04;22303;45;0;365113;553;3
FR;4;2021-06-05;9612;30;0;374725;583;3
FR;4;2021-06-06;952;0;0;375677;583;3
FR;4;2021-06-07;9026;16;0;384703;599;3
FR;4;2021-06-08;14448;28;0;399151;627;3
FR;4;2021-06-09;12036;24;0;411187;651;3
FR;4;2021-06-10;15227;24;0;426414;675;3
FR;4;2021-06-11;16794;55;0;443208;730;3
FR;4;2021-06-12;7326;27;0;450534;757;3
FR;4;2021-06-13;855;2;0;451389;759;3
FR;4;2021-06-14;6517;22;0;457906;781;3
FR;4;2021-06-15;10759;33;0;468665;814;3
FR;4;2021-06-16;8757;14;0;477422;828;3
FR;4;2021-06-17;10740;27;0;488162;855;3
FR;4;2021-06-18;12263;42;0;500425;897;3
FR;4;2021-06-19;5478;24;0;505903;921;3
FR;4;2021-06-20;632;2;0;506535;923;3
FR;4;2021-06-21;4928;17;0;511463;940;3
FR;4;2021-06-22;7725;20;2;519188;960;5
FR;4;2021-06-23;6957;36;1;526145;996;6
FR;4;2021-06-24;8481;39;0;534626;1035;6
FR;4;2021-06-25;9944;37;1;544570;1072;7
FR;4;2021-06-26;4649;20;0;549219;1092;7
FR;4;2021-06-27;618;2;0;549837;1094;7
FR;4;2021-06-28;4605;15;1;554442;1109;8
FR;4;2021-06-29;6831;16;2;561273;1125;10
FR;4;2021-06-30;6453;36;0;567726;1161;10
FR;4;2021-07-01;7934;28;0;575660;1189;10
FR;4;2021-07-02;9218;50;1;584878;1239;11
FR;4;2021-07-03;4713;18;0;589591;1257;11
FR;4;2021-07-04;582;5;0;590173;1262;11
FR;4;2021-07-05;4612;18;2;594785;1280;13
FR;4;2021-07-06;7499;20;4;602284;1300;17
FR;4;2021-07-07;6786;27;2;609070;1327;19
FR;4;2021-07-08;8995;37;3;618065;1364;22
FR;4;2021-07-09;10095;30;1;628160;1394;23
FR;4;2021-07-10;4484;10;2;632644;1404;25
FR;4;2021-07-11;510;0;1;633154;1404;26
FR;4;2021-07-12;5678;27;0;638832;1431;26
FR;4;2021-07-13;14039;26;0;652871;1457;26
FR;4;2021-07-14;2082;6;0;654953;1463;26
FR;4;2021-07-15;18009;32;0;672962;1495;26
FR;4;2021-07-16;22557;65;2;695519;1560;28
FR;4;2021-07-17;9559;16;0;705078;1576;28
FR;4;2021-07-18;1275;3;0;706353;1579;28
FR;4;2021-07-19;12739;26;1;719092;1605;29
FR;4;2021-07-20;17101;27;1;736193;1632;30
FR;4;2021-07-21;15335;29;1;751528;1661;31
FR;4;2021-07-22;18002;40;2;769530;1701;33
FR;4;2021-07-23;20105;48;5;789635;1749;38
FR;4;2021-07-24;9059;29;0;798694;1778;38
FR;4;2021-07-25;1210;6;0;799904;1784;38
FR;4;2021-07-26;10705;18;0;810609;1802;38
FR;4;2021-07-27;14217;30;1;824826;1832;39
FR;4;2021-07-28;12424;18;2;837250;1850;41
FR;4;2021-07-29;13738;46;3;850988;1896;44
FR;4;2021-07-30;15188;39;3;866176;1935;47
FR;4;2021-07-31;6596;11;1;872772;1946;48
FR;4;2021-08-01;802;1;0;873574;1947;48
FR;4;2021-08-02;7568;17;0;881142;1964;48
FR;4;2021-08-03;10299;21;2;891441;1985;50
FR;4;2021-08-04;9099;21;0;900540;2006;50
FR;4;2021-08-05;9205;31;0;909745;2037;50
FR;4;2021-08-06;9694;19;4;919439;2056;54
FR;4;2021-08-07;4672;24;1;924111;2080;55
FR;4;2021-08-08;991;8;0;925102;2088;55
FR;4;2021-08-09;5813;17;0;930915;2105;55
FR;4;2021-08-10;8371;13;0;939286;2118;55
FR;4;2021-08-11;7628;21;3;946914;2139;58
FR;4;2021-08-12;8170;13;1;955084;2152;59
FR;4;2021-08-13;7100;22;0;962184;2174;59
FR;4;2021-08-14;3513;16;0;965697;2190;59
FR;4;2021-08-15;613;2;0;966310;2192;59
FR;4;2021-08-16;3740;8;0;970050;2200;59
FR;4;2021-08-17;5321;8;1;975371;2208;60
FR;4;2021-08-18;4886;24;0;980257;2232;60
FR;4;2021-08-19;5200;13;2;985457;2245;62
FR;4;2021-08-20;4933;11;1;990390;2256;63
FR;4;2021-08-21;2132;16;1;992522;2272;64
FR;4;2021-08-22;340;1;0;992862;2273;64
FR;4;2021-08-23;2636;4;0;995498;2277;64
FR;4;2021-08-24;3515;10;0;999013;2287;64
FR;4;2021-08-25;3353;18;0;1002366;2305;64
FR;4;2021-08-26;3523;15;0;1005889;2320;64
FR;4;2021-08-27;3432;16;2;1009321;2336;66
FR;4;2021-08-28;1610;9;0;1010931;2345;66
FR;4;2021-08-29;352;3;1;1011283;2348;67
FR;4;2021-08-30;1842;13;0;1013125;2361;67
FR;4;2021-08-31;2335;12;0;1015460;2373;67
FR;4;2021-09-01;1902;23;1;1017362;2396;68
FR;4;2021-09-02;2162;20;6;1019524;2416;74
FR;4;2021-09-03;2229;35;3;1021753;2451;77
FR;4;2021-09-04;1302;13;0;1023055;2464;77
FR;4;2021-09-05;372;0;0;1023427;2464;77
FR;4;2021-09-06;1567;20;0;1024994;2484;77
FR;4;2021-09-07;1547;9;0;1026541;2493;77
FR;4;2021-09-08;1159;16;4;1027700;2509;81
FR;4;2021-09-09;1270;18;2;1028970;2527;83
FR;4;2021-09-10;1395;14;2;1030365;2541;85
FR;4;2021-09-11;684;11;0;1031049;2552;85
FR;4;2021-09-12;128;2;0;1031177;2554;85
FR;4;2021-09-13;930;10;2;1032107;2564;87
FR;4;2021-09-14;1010;4;2;1033117;2568;89
FR;4;2021-09-15;909;10;0;1034026;2578;89
FR;4;2021-09-16;722;9;1;1034748;2587;90
FR;4;2021-09-17;692;16;1;1035440;2603;91
FR;4;2021-09-18;409;0;3;1035849;2603;94
FR;4;2021-09-19;145;1;4;1035994;2604;98
FR;4;2021-09-20;317;9;0;1036311;2613;98
FR;4;2021-09-21;350;4;0;1036661;2617;98
FR;4;2021-09-22;295;10;2;1036956;2627;100
FR;4;2021-09-23;373;5;1;1037329;2632;101
FR;4;2021-09-24;337;9;4;1037666;2641;105
FR;4;2021-09-25;227;9;0;1037893;2650;105
FR;4;2021-09-26;48;1;0;1037941;2651;105
FR;4;2021-09-27;202;7;0;1038143;2658;105
FR;4;2021-09-28;247;1;0;1038390;2659;105
FR;4;2021-09-29;299;9;1;1038689;2668;106
FR;4;2021-09-30;276;28;0;1038965;2696;106
FR;4;2021-10-01;292;7;1;1039257;2703;107
FR;4;2021-10-02;134;18;0;1039391;2721;107
FR;4;2021-10-03;57;1;0;1039448;2722;107
FR;4;2021-10-04;190;10;1;1039638;2732;108
FR;4;2021-10-05;166;9;1;1039804;2741;109
FR;4;2021-10-06;166;8;1;1039970;2749;110
FR;4;2021-10-07;165;13;1;1040135;2762;111
FR;0;2020-12-27;403;0;0;403;0;0
FR;0;2020-12-28;424;0;0;827;0;0
FR;0;2020-12-29;271;0;0;1098;0;0
FR;0;2020-12-30;326;0;0;1424;0;0
FR;0;2020-12-31;256;0;0;1680;0;0
FR;0;2021-01-01;301;0;0;1981;0;0
FR;0;2021-01-02;244;0;0;2225;0;0
FR;0;2021-01-03;276;0;0;2501;0;0
FR;0;2021-01-04;1773;0;0;4274;0;0
FR;0;2021-01-05;5715;0;0;9989;0;0
FR;0;2021-01-06;11622;0;0;21611;0;0
FR;0;2021-01-07;29081;0;0;50692;0;0
FR;0;2021-01-08;36741;0;0;87433;0;0
FR;0;2021-01-09;11079;0;0;98512;0;0
FR;0;2021-01-10;5770;0;0;104282;0;0
FR;0;2021-01-11;39642;0;0;143924;0;0
FR;0;2021-01-12;61676;0;0;205600;0;0
FR;0;2021-01-13;64637;0;0;270237;0;0
FR;0;2021-01-14;82055;0;0;352292;0;0
FR;0;2021-01-15;68528;0;0;420820;0;0
FR;0;2021-01-16;20037;86;0;440857;86;0
FR;0;2021-01-17;10813;41;0;451670;127;0
FR;0;2021-01-18;85426;160;0;537096;287;0
FR;0;2021-01-19;130088;125;0;667184;412;0
FR;0;2021-01-20;137036;154;0;804220;566;0
FR;0;2021-01-21;157616;130;0;961836;696;0
FR;0;2021-01-22;120493;160;0;1082329;856;0
FR;0;2021-01-23;38275;50;0;1120604;906;0
FR;0;2021-01-24;9612;27;0;1130216;933;0
FR;0;2021-01-25;77778;1214;0;1207994;2147;0
FR;0;2021-01-26;99961;3105;0;1307955;5252;0
FR;0;2021-01-27;106872;5587;0;1414827;10839;0
FR;0;2021-01-28;123889;14338;0;1538716;25177;0
FR;0;2021-01-29;91787;17266;0;1630503;42443;0
FR;0;2021-01-30;28952;4218;0;1659455;46661;0
FR;0;2021-01-31;5090;1677;0;1664545;48338;0
FR;0;2021-02-01;52299;21110;0;1716844;69448;0
FR;0;2021-02-02;71700;34531;0;1788544;103979;0
FR;0;2021-02-03;71835;36935;0;1860379;140914;0
FR;0;2021-02-04;81510;50011;0;1941889;190925;0
FR;0;2021-02-05;67825;45287;0;2009714;236212;0
FR;0;2021-02-06;22192;10386;0;2031906;246598;0
FR;0;2021-02-07;5036;5035;0;2036942;251633;0
FR;0;2021-02-08;46399;45942;0;2083341;297575;0
FR;0;2021-02-09;65562;72354;0;2148903;369929;0
FR;0;2021-02-10;70253;76667;0;2219156;446596;0
FR;0;2021-02-11;86647;99051;0;2305803;545647;0
FR;0;2021-02-12;78594;74169;0;2384397;619816;0
FR;0;2021-02-13;22028;19473;0;2406425;639289;0
FR;0;2021-02-14;4840;7185;0;2411265;646474;0
FR;0;2021-02-15;37573;76437;0;2448838;722911;0
FR;0;2021-02-16;49799;100626;0;2498637;823537;0
FR;0;2021-02-17;49934;102909;1;2548571;926446;1
FR;0;2021-02-18;69057;118419;0;2617628;1044865;1
FR;0;2021-02-19;64538;90682;0;2682166;1135547;1
FR;0;2021-02-20;18295;28397;0;2700461;1163944;1
FR;0;2021-02-21;3116;6368;0;2703577;1170312;1
FR;0;2021-02-22;37029;73084;1;2740606;1243396;2
FR;0;2021-02-23;53254;83993;1;2793860;1327389;3
FR;0;2021-02-24;59268;81051;1;2853128;1408440;4
FR;0;2021-02-25;99875;91334;1;2953003;1499774;5
FR;0;2021-02-26;112756;70949;0;3065759;1570723;5
FR;0;2021-02-27;51728;21963;0;3117487;1592686;5
FR;0;2021-02-28;5958;4410;1;3123445;1597096;6
FR;0;2021-03-01;64661;52744;0;3188106;1649840;6
FR;0;2021-03-02;100475;66193;1;3288581;1716033;7
FR;0;2021-03-03;115301;65503;0;3403882;1781536;7
FR;0;2021-03-04;162527;68833;2;3566409;1850369;9
FR;0;2021-03-05;199732;63316;2;3766141;1913685;11
FR;0;2021-03-06;207088;17809;3;3973229;1931494;14
FR;0;2021-03-07;120735;5465;0;4093964;1936959;14
FR;0;2021-03-08;106226;50772;0;4200190;1987731;14
FR;0;2021-03-09;171454;56742;1;4371644;2044473;15
FR;0;2021-03-10;177577;57169;2;4549221;2101642;17
FR;0;2021-03-11;241559;63066;0;4790780;2164708;17
FR;0;2021-03-12;293530;53492;1;5084310;2218200;18
FR;0;2021-03-13;230363;15293;0;5314673;2233493;18
FR;0;2021-03-14;62887;3429;0;5377560;2236922;18
FR;0;2021-03-15;157457;32613;0;5535017;2269535;18
FR;0;2021-03-16;140609;39501;1;5675626;2309036;19
FR;0;2021-03-17;149547;38760;2;5825173;2347796;21
FR;0;2021-03-18;166738;44584;1;5991911;2392380;22
FR;0;2021-03-19;228865;37447;0;6220776;2429827;22
FR;0;2021-03-20;165925;11771;0;6386701;2441598;22
FR;0;2021-03-21;49419;2626;1;6436120;2444224;23
FR;0;2021-03-22;168860;34270;2;6604980;2478494;25
FR;0;2021-03-23;249034;42380;1;6854014;2520874;26
FR;0;2021-03-24;255590;43821;0;7109604;2564695;26
FR;0;2021-03-25;340487;44729;2;7450091;2609424;28
FR;0;2021-03-26;357546;41872;1;7807637;2651296;29
FR;0;2021-03-27;194510;16639;0;8002147;2667935;29
FR;0;2021-03-28;58909;3731;2;8061056;2671666;31
FR;0;2021-03-29;202029;54273;1;8263085;2725939;32
FR;0;2021-03-30;284108;69650;3;8547193;2795589;35
FR;0;2021-03-31;261721;72904;3;8808914;2868493;38
FR;0;2021-04-01;313181;87771;5;9122095;2956264;43
FR;0;2021-04-02;279989;92111;4;9402084;3048375;47
FR;0;2021-04-03;140202;61833;3;9542286;3110208;50
FR;0;2021-04-04;45398;18656;1;9587684;3128864;51
FR;0;2021-04-05;59706;10996;4;9647390;3139860;55
FR;0;2021-04-06;215576;107842;7;9862966;3247702;62
FR;0;2021-04-07;258389;115433;5;10121355;3363135;67
FR;0;2021-04-08;335726;121405;6;10457081;3484540;73
FR;0;2021-04-09;408226;116472;33;10865307;3601012;106
FR;0;2021-04-10;211569;82732;8;11076876;3683744;114
FR;0;2021-04-11;55513;34586;3;11132389;3718330;117
FR;0;2021-04-12;235553;115212;29;11367942;3833542;146
FR;0;2021-04-13;307729;144939;57;11675671;3978481;203
FR;0;2021-04-14;292216;139393;113;11967887;4117874;316
FR;0;2021-04-15;334493;147844;169;12302380;4265718;485
FR;0;2021-04-16;337711;145752;209;12640091;4411470;694
FR;0;2021-04-17;187699;90238;47;12827790;4501708;741
FR;0;2021-04-18;51007;35425;22;12878797;4537133;763
FR;0;2021-04-19;204170;138355;336;13082967;4675488;1099
FR;0;2021-04-20;252450;170695;347;13335417;4846183;1446
FR;0;2021-04-21;251318;168780;526;13586735;5014963;1972
FR;0;2021-04-22;285669;188211;518;13872404;5203174;2490
FR;0;2021-04-23;295337;183252;492;14167741;5386426;2982
FR;0;2021-04-24;189330;111560;87;14357071;5497986;3069
FR;0;2021-04-25;68918;38864;26;14425989;5536850;3095
FR;0;2021-04-26;219541;156085;338;14645530;5692935;3433
FR;0;2021-04-27;282782;187465;602;14928312;5880400;4035
FR;0;2021-04-28;297779;183170;1051;15226091;6063570;5086
FR;0;2021-04-29;355111;196092;886;15581202;6259662;5972
FR;0;2021-04-30;370264;184805;724;15951466;6444467;6696
FR;0;2021-05-01;165136;52527;106;16116602;6496994;6802
FR;0;2021-05-02;90779;37828;51;16207381;6534822;6853
FR;0;2021-05-03;285929;169617;530;16493310;6704439;7383
FR;0;2021-05-04;312677;224275;751;16805987;6928714;8134
FR;0;2021-05-05;323131;224498;755;17129118;7153212;8889
FR;0;2021-05-06;375987;239153;1079;17505105;7392365;9968
FR;0;2021-05-07;370038;257287;757;17875143;7649652;10725
FR;0;2021-05-08;220682;66905;146;18095825;7716557;10871
FR;0;2021-05-09;128871;46742;88;18224696;7763299;10959
FR;0;2021-05-10;308948;228982;717;18533644;7992281;11676
FR;0;2021-05-11;400722;258134;970;18934366;8250415;12646
FR;0;2021-05-12;430333;233215;856;19364699;8483630;13502
FR;0;2021-05-13;335659;56878;237;19700358;8540508;13739
FR;0;2021-05-14;450585;167500;660;20150943;8708008;14399
FR;0;2021-05-15;371590;94013;213;20522533;8802021;14612
FR;0;2021-05-16;201412;20829;80;20723945;8822850;14692
FR;0;2021-05-17;373225;149147;903;21097170;8971997;15595
FR;0;2021-05-18;455987;153169;1149;21553157;9125166;16744
FR;0;2021-05-19;464168;145347;1506;22017325;9270513;18250
FR;0;2021-05-20;503665;160367;1353;22520990;9430880;19603
FR;0;2021-05-21;486287;174553;1140;23007277;9605433;20743
FR;0;2021-05-22;345113;79888;367;23352390;9685321;21110
FR;0;2021-05-23;160673;14438;143;23513063;9699759;21253
FR;0;2021-05-24;261345;33242;346;23774408;9733001;21599
FR;0;2021-05-25;397035;189327;1393;24171443;9922328;22992
FR;0;2021-05-26;410404;188164;1368;24581847;10110492;24360
FR;0;2021-05-27;446672;218698;1364;25028519;10329190;25724
FR;0;2021-05-28;426709;259660;1112;25455228;10588850;26836
FR;0;2021-05-29;297404;149437;339;25752632;10738287;27175
FR;0;2021-05-30;106124;32616;93;25858756;10770903;27268
FR;0;2021-05-31;355528;203537;896;26214284;10974440;28164
FR;0;2021-06-01;422147;251656;1207;26636431;11226096;29371
FR;0;2021-06-02;412210;230895;1186;27048641;11456991;30557
FR;0;2021-06-03;458056;258698;1041;27506697;11715689;31598
FR;0;2021-06-04;451328;304881;1020;27958025;12020570;32618
FR;0;2021-06-05;302120;189077;380;28260145;12209647;32998
FR;0;2021-06-06;131326;49122;134;28391471;12258769;33132
FR;0;2021-06-07;334251;262439;893;28725722;12521208;34025
FR;0;2021-06-08;389554;291298;1017;29115276;12812506;35042
FR;0;2021-06-09;380208;275970;1063;29495484;13088476;36105
FR;0;2021-06-10;398012;289392;1072;29893496;13377868;37177
FR;0;2021-06-11;383470;357585;816;30276966;13735453;37993
FR;0;2021-06-12;281024;211497;273;30557990;13946950;38266
FR;0;2021-06-13;103756;74077;111;30661746;14021027;38377
FR;0;2021-06-14;237850;355973;856;30899596;14377000;39233
FR;0;2021-06-15;304364;386088;907;31203960;14763088;40140
FR;0;2021-06-16;310408;357796;878;31514368;15120884;41018
FR;0;2021-06-17;314256;372242;808;31828624;15493126;41826
FR;0;2021-06-18;318883;442813;730;32147507;15935939;42556
FR;0;2021-06-19;222915;273979;252;32370422;16209918;42808
FR;0;2021-06-20;72809;102621;68;32443231;16312539;42876
FR;0;2021-06-21;193068;402130;612;32636299;16714669;43488
FR;0;2021-06-22;220571;467384;751;32856870;17182053;44239
FR;0;2021-06-23;231145;439946;724;33088015;17621999;44963
FR;0;2021-06-24;239224;409359;787;33327239;18031358;45750
FR;0;2021-06-25;224363;522380;828;33551602;18553738;46578
FR;0;2021-06-26;151692;370858;308;33703294;18924596;46886
FR;0;2021-06-27;55073;156406;91;33758367;19081002;46977
FR;0;2021-06-28;152620;453284;708;33910987;19534286;47685
FR;0;2021-06-29;180673;505660;1976;34091660;20039946;49661
FR;0;2021-06-30;201532;481231;1862;34293192;20521177;51523
FR;0;2021-07-01;224865;457780;2131;34518057;20978957;53654
FR;0;2021-07-02;223109;520531;2045;34741166;21499488;55699
FR;0;2021-07-03;140104;368889;893;34881270;21868377;56592
FR;0;2021-07-04;55791;141369;262;34937061;22009746;56854
FR;0;2021-07-05;164426;419556;1593;35101487;22429302;58447
FR;0;2021-07-06;193524;475119;1739;35295011;22904421;60186
FR;0;2021-07-07;208798;439565;1748;35503809;23343986;61934
FR;0;2021-07-08;228377;424226;2015;35732186;23768212;63949
FR;0;2021-07-09;225983;509895;2097;35958169;24278107;66046
FR;0;2021-07-10;146735;339766;947;36104904;24617873;66993
FR;0;2021-07-11;59258;110116;264;36164162;24727989;67257
FR;0;2021-07-12;166472;478279;1710;36330634;25206268;68967
FR;0;2021-07-13;284682;527755;1981;36615316;25734023;70948
FR;0;2021-07-14;178817;157859;420;36794133;25891882;71368
FR;0;2021-07-15;343918;502514;2013;37138051;26394396;73381
FR;0;2021-07-16;377440;496214;1951;37515491;26890610;75332
FR;0;2021-07-17;258142;320024;837;37773633;27210634;76169
FR;0;2021-07-18;108868;115019;304;37882501;27325653;76473
FR;0;2021-07-19;283272;425443;1576;38165773;27751096;78049
FR;0;2021-07-20;374333;453085;1647;38540106;28204181;79696
FR;0;2021-07-21;393225;408416;1496;38933331;28612597;81192
FR;0;2021-07-22;438223;388411;1658;39371554;29001008;82850
FR;0;2021-07-23;436358;422835;1789;39807912;29423843;84639
FR;0;2021-07-24;284176;269957;766;40092088;29693800;85405
FR;0;2021-07-25;120222;80188;222;40212310;29773988;85627
FR;0;2021-07-26;345523;323679;1570;40557833;30097667;87197
FR;0;2021-07-27;461241;320577;1645;41019074;30418244;88842
FR;0;2021-07-28;456613;290181;1595;41475687;30708425;90437
FR;0;2021-07-29;486933;276608;1749;41962620;30985033;92186
FR;0;2021-07-30;459005;302635;1885;42421625;31287668;94071
FR;0;2021-07-31;284260;184894;877;42705885;31472562;94948
FR;0;2021-08-01;109465;49994;221;42815350;31522556;95169
FR;0;2021-08-02;334676;234127;1546;43150026;31756683;96715
FR;0;2021-08-03;393417;245130;1630;43543443;32001813;98345
FR;0;2021-08-04;381379;210088;1528;43924822;32211901;99873
FR;0;2021-08-05;362768;228553;1647;44287590;32440454;101520
FR;0;2021-08-06;356656;271729;1773;44644246;32712183;103293
FR;0;2021-08-07;211201;178351;733;44855447;32890534;104026
FR;0;2021-08-08;72526;63250;237;44927973;32953784;104263
FR;0;2021-08-09;256044;259673;1477;45184017;33213457;105740
FR;0;2021-08-10;302832;278295;1585;45486849;33491752;107325
FR;0;2021-08-11;276465;260385;1357;45763314;33752137;108682
FR;0;2021-08-12;268640;278193;1584;46031954;34030330;110266
FR;0;2021-08-13;249813;275277;1535;46281767;34305607;111801
FR;0;2021-08-14;144007;197996;710;46425774;34503603;112511
FR;0;2021-08-15;37621;50209;179;46463395;34553812;112690
FR;0;2021-08-16;183942;318385;1452;46647337;34872197;114142
FR;0;2021-08-17;213037;336839;1550;46860374;35209036;115692
FR;0;2021-08-18;196608;324698;1520;47056982;35533734;117212
FR;0;2021-08-19;189943;325310;1547;47246925;35859044;118759
FR;0;2021-08-20;183665;364887;1687;47430590;36223931;120446
FR;0;2021-08-21;103761;237988;648;47534351;36461919;121094
FR;0;2021-08-22;31446;87191;217;47565797;36549110;121311
FR;0;2021-08-23;139318;356927;1487;47705115;36906037;122798
FR;0;2021-08-24;160796;376785;1754;47865911;37282822;124552
FR;0;2021-08-25;149065;350485;1928;48014976;37633307;126480
FR;0;2021-08-26;141040;341976;2467;48156016;37975283;128947
FR;0;2021-08-27;146372;387034;2713;48302388;38362317;131660
FR;0;2021-08-28;89686;249422;1345;48392074;38611739;133005
FR;0;2021-08-29;26850;83171;481;48418924;38694910;133486
FR;0;2021-08-30;115596;324554;4580;48534520;39019464;138066
FR;0;2021-08-31;127394;334505;9942;48661914;39353969;148008
FR;0;2021-09-01;120381;284922;21813;48782295;39638891;169821
FR;0;2021-09-02;102786;246917;25794;48885081;39885808;195615
FR;0;2021-09-03;112923;292255;29326;48998004;40178063;224941
FR;0;2021-09-04;87476;217421;12362;49085480;40395484;237303
FR;0;2021-09-05;20763;44993;4270;49106243;40440477;241573
FR;0;2021-09-06;69001;180671;31452;49175244;40621148;273025
FR;0;2021-09-07;73466;181005;32440;49248710;40802153;305465
FR;0;2021-09-08;83937;205906;29132;49332647;41008059;334597
FR;0;2021-09-09;71022;164766;31742;49403669;41172825;366339
FR;0;2021-09-10;89255;203007;34176;49492924;41375832;400515
FR;0;2021-09-11;64060;168690;11747;49556984;41544522;412262
FR;0;2021-09-12;12193;32090;2635;49569177;41576612;414897
FR;0;2021-09-13;57466;126271;39719;49626643;41702883;454616
FR;0;2021-09-14;69122;128821;54104;49695765;41831704;508720
FR;0;2021-09-15;71170;167430;53900;49766935;41999134;562620
FR;0;2021-09-16;59862;113993;57559;49826797;42113127;620179
FR;0;2021-09-17;70809;156361;52119;49897606;42269488;672298
FR;0;2021-09-18;45776;139179;15215;49943382;42408667;687513
FR;0;2021-09-19;7320;23789;2307;49950702;42432456;689820
FR;0;2021-09-20;39588;93615;48103;49990290;42526071;737923
FR;0;2021-09-21;43319;98360;59996;50033609;42624431;797919
FR;0;2021-09-22;45611;140996;52916;50079220;42765427;850835
FR;0;2021-09-23;40758;90556;58966;50119978;42855983;909801
FR;0;2021-09-24;49641;131600;52011;50169619;42987583;961812
FR;0;2021-09-25;32607;114804;15928;50202226;43102387;977740
FR;0;2021-09-26;5058;17826;2180;50207284;43120213;979920
FR;0;2021-09-27;31855;76548;45345;50239139;43196761;1025265
FR;0;2021-09-28;34444;74310;52040;50273583;43271071;1077305
FR;0;2021-09-29;42142;100209;50437;50315725;43371280;1127742
FR;0;2021-09-30;33863;70276;53542;50349588;43441556;1181284
FR;0;2021-10-01;44862;98440;55552;50394450;43539996;1236836
FR;0;2021-10-02;35015;77693;20585;50429465;43617689;1257421
FR;0;2021-10-03;4726;10634;2415;50434191;43628323;1259836
FR;0;2021-10-04;27352;57674;50773;50461543;43685997;1310609
FR;0;2021-10-05;28518;63803;57394;50490061;43749800;1368003
FR;0;2021-10-06;38075;78552;62402;50528136;43828352;1430405
FR;0;2021-10-07;27056;61353;59438;50555192;43889705;1489843
