fra;vaccin;jour;n_dose1;n_dose2;n_cum_dose1;n_cum_dose2
FR;1;2020-12-27;238;0;238;0
FR;1;2020-12-28;250;0;488;0
FR;1;2020-12-29;190;0;678;0
FR;1;2020-12-30;217;0;895;0
FR;1;2020-12-31;177;0;1072;0
FR;1;2021-01-01;196;0;1268;0
FR;1;2021-01-02;154;0;1422;0
FR;1;2021-01-03;188;0;1610;0
FR;1;2021-01-04;1638;0;3248;0
FR;1;2021-01-05;5601;0;8849;0
FR;1;2021-01-06;11494;0;20343;0
FR;1;2021-01-07;28927;0;49270;0
FR;1;2021-01-08;36611;0;85881;0
FR;1;2021-01-09;11031;0;96912;0
FR;1;2021-01-10;5727;0;102639;0
FR;1;2021-01-11;39487;0;142126;0
FR;1;2021-01-12;61496;0;203622;0
FR;1;2021-01-13;64440;0;268062;0
FR;1;2021-01-14;80643;0;348705;0
FR;1;2021-01-15;68014;0;416719;0
FR;1;2021-01-16;19704;77;436423;77
FR;1;2021-01-17;10631;42;447054;119
FR;1;2021-01-18;82151;161;529205;280
FR;1;2021-01-19;125048;125;654253;405
FR;1;2021-01-20;131465;156;785718;561
FR;1;2021-01-21;151716;132;937434;693
FR;1;2021-01-22;115028;160;1052462;853
FR;1;2021-01-23;36328;50;1088790;903
FR;1;2021-01-24;9375;27;1098165;930
FR;1;2021-01-25;73799;1215;1171964;2145
FR;1;2021-01-26;95861;3108;1267825;5253
FR;1;2021-01-27;102993;5593;1370818;10846
FR;1;2021-01-28;119868;14356;1490686;25202
FR;1;2021-01-29;88327;17282;1579013;42484
FR;1;2021-01-30;27781;4223;1606794;46707
FR;1;2021-01-31;5000;1679;1611794;48386
FR;1;2021-02-01;48745;21120;1660539;69506
FR;1;2021-02-02;67006;34558;1727545;104064
FR;1;2021-02-03;66468;36956;1794013;141020
FR;1;2021-02-04;76429;50040;1870442;191060
FR;1;2021-02-05;62916;45324;1933358;236384
FR;1;2021-02-06;19184;10393;1952542;246777
FR;1;2021-02-07;3524;5041;1956066;251818
FR;1;2021-02-08;36091;45962;1992157;297780
FR;1;2021-02-09;50370;72384;2042527;370164
FR;1;2021-02-10;51320;76668;2093847;446832
FR;1;2021-02-11;62782;99072;2156629;545904
FR;1;2021-02-12;55314;73974;2211943;619878
FR;1;2021-02-13;15269;19262;2227212;639140
FR;1;2021-02-14;3518;7191;2230730;646331
FR;1;2021-02-15;23786;73433;2254516;719764
FR;1;2021-02-16;32322;96842;2286838;816606
FR;1;2021-02-17;34648;98583;2321486;915189
FR;1;2021-02-18;48800;113428;2370286;1028617
FR;1;2021-02-19;44904;86420;2415190;1115037
FR;1;2021-02-20;13190;26912;2428380;1141949
FR;1;2021-02-21;2242;6286;2430622;1148235
FR;1;2021-02-22;24303;69416;2454925;1217651
FR;1;2021-02-23;36977;80353;2491902;1298004
FR;1;2021-02-24;40013;77647;2531915;1375651
FR;1;2021-02-25;49575;87947;2581490;1463598
FR;1;2021-02-26;46601;67886;2628091;1531484
FR;1;2021-02-27;15392;20930;2643483;1552414
FR;1;2021-02-28;3334;4385;2646817;1556799
FR;1;2021-03-01;39222;49011;2686039;1605810
FR;1;2021-03-02;55243;61511;2741282;1667321
FR;1;2021-03-03;60200;60645;2801482;1727966
FR;1;2021-03-04;72098;64894;2873580;1792860
FR;1;2021-03-05;73837;59259;2947417;1852119
FR;1;2021-03-06;81905;16083;3029322;1868202
FR;1;2021-03-07;63289;5413;3092611;1873615
FR;1;2021-03-08;59386;42463;3151997;1916078
FR;1;2021-03-09;85165;48315;3237162;1964393
FR;1;2021-03-10;89793;48062;3326955;2012455
FR;1;2021-03-11;103995;53854;3430950;2066309
FR;1;2021-03-12;103129;45290;3534079;2111599
FR;1;2021-03-13;88358;12744;3622437;2124343
FR;1;2021-03-14;44032;3028;3666469;2127371
FR;1;2021-03-15;94557;29119;3761026;2156490
FR;1;2021-03-16;122751;34891;3883777;2191381
FR;1;2021-03-17;128483;34830;4012260;2226211
FR;1;2021-03-18;141927;39711;4154187;2265922
FR;1;2021-03-19;135337;32898;4289524;2298820
FR;1;2021-03-20;75450;10208;4364974;2309028
FR;1;2021-03-21;26093;2475;4391067;2311503
FR;1;2021-03-22;113827;31175;4504894;2342678
FR;1;2021-03-23;141997;38168;4646891;2380846
FR;1;2021-03-24;140967;38772;4787858;2419618
FR;1;2021-03-25;163984;39617;4951842;2459235
FR;1;2021-03-26;165508;37487;5117350;2496722
FR;1;2021-03-27;110350;15253;5227700;2511975
FR;1;2021-03-28;41971;3621;5269671;2515596
FR;1;2021-03-29;129126;49950;5398797;2565546
FR;1;2021-03-30;166687;63579;5565484;2629125
FR;1;2021-03-31;169893;66897;5735377;2696022
FR;1;2021-04-01;192692;79244;5928069;2775266
FR;1;2021-04-02;163375;84311;6091444;2859577
FR;1;2021-04-03;87547;58170;6178991;2917747
FR;1;2021-04-04;32608;17732;6211599;2935479
FR;1;2021-04-05;42900;10176;6254499;2945655
FR;1;2021-04-06;158929;100869;6413428;3046524
FR;1;2021-04-07;195375;108246;6608803;3154770
FR;1;2021-04-08;220229;112382;6829032;3267152
FR;1;2021-04-09;212941;107498;7041973;3374650
FR;1;2021-04-10;116402;73456;7158375;3448106
FR;1;2021-04-11;40356;30283;7198731;3478389
FR;1;2021-04-12;167263;103779;7365994;3582168
FR;1;2021-04-13;202281;128240;7568275;3710408
FR;1;2021-04-14;206664;122803;7774939;3833211
FR;1;2021-04-15;219456;126755;7994395;3959966
FR;1;2021-04-16;204815;125141;8199210;4085107
FR;1;2021-04-17;121392;67480;8320602;4152587
FR;1;2021-04-18;35483;20992;8356085;4173579
FR;1;2021-04-19;162563;121908;8518648;4295487
FR;1;2021-04-20;187859;148765;8706507;4444252
FR;1;2021-04-21;192493;146706;8899000;4590958
FR;1;2021-04-22;207478;162631;9106478;4753589
FR;1;2021-04-23;197654;156927;9304132;4910516
FR;1;2021-04-24;125445;95503;9429577;5006019
FR;1;2021-04-25;53121;30130;9482698;5036149
FR;1;2021-04-26;180006;138267;9662704;5174416
FR;1;2021-04-27;219913;161970;9882617;5336386
FR;1;2021-04-28;236880;155106;10119497;5491492
FR;1;2021-04-29;268559;160058;10388056;5651550
FR;1;2021-04-30;270305;148146;10658361;5799696
FR;1;2021-05-01;138875;40709;10797236;5840405
FR;1;2021-05-02;80759;28150;10877995;5868555
FR;1;2021-05-03;248175;146454;11126170;6015009
FR;1;2021-05-04;263408;186830;11389578;6201839
FR;1;2021-05-05;280394;184560;11669972;6386399
FR;1;2021-05-06;306906;183024;11976878;6569423
FR;1;2021-05-07;281927;195722;12258805;6765145
FR;1;2021-05-08;190474;48335;12449279;6813480
FR;1;2021-05-09;113425;36212;12562704;6849692
FR;1;2021-05-10;254328;194251;12817032;7043943
FR;1;2021-05-11;316371;211388;13133403;7255331
FR;1;2021-05-12;353391;185893;13486794;7441224
FR;1;2021-05-13;280949;47647;13767743;7488871
FR;1;2021-05-14;367508;128850;14135251;7617721
FR;1;2021-05-15;295214;66143;14430465;7683864
FR;1;2021-05-16;156767;15578;14587232;7699442
FR;1;2021-05-17;316597;116686;14903829;7816128
FR;1;2021-05-18;379754;111324;15283583;7927452
FR;1;2021-05-19;392635;102911;15676218;8030363
FR;1;2021-05-20;418603;96317;16094821;8126680
FR;1;2021-05-21;397131;97376;16491952;8224056
FR;1;2021-05-22;274164;42085;16766116;8266141
FR;1;2021-05-23;122333;11209;16888449;8277350
FR;1;2021-05-24;242623;26308;17131072;8303658
FR;1;2021-05-25;363621;131937;17494693;8435595
FR;1;2021-05-26;378386;125697;17873079;8561292
FR;1;2021-05-27;403694;128219;18276773;8689511
FR;1;2021-05-28;363880;145544;18640653;8835055
FR;1;2021-05-29;252791;80976;18893444;8916031
FR;1;2021-05-30;100262;22573;18993706;8938604
FR;1;2021-05-31;312480;148817;19306186;9087421
FR;1;2021-06-01;353639;166790;19659825;9254211
FR;1;2021-06-02;358149;153261;20017974;9407472
FR;1;2021-06-03;384498;147764;20402472;9555236
FR;1;2021-06-04;359733;175673;20762205;9730909
FR;1;2021-06-05;256405;112796;21018610;9843705
FR;1;2021-06-06;125192;37539;21143802;9881244
FR;1;2021-06-07;296164;208215;21439966;10089459
FR;1;2021-06-08;327261;221096;21767227;10310555
FR;1;2021-06-09;332483;212689;22099710;10523244
FR;1;2021-06-10;338302;202300;22438012;10725544
FR;1;2021-06-11;309264;235550;22747276;10961094
FR;1;2021-06-12;242310;150861;22989586;11111955
FR;1;2021-06-13;99454;61083;23089040;11173038
FR;1;2021-06-14;205357;289192;23294397;11462230
FR;1;2021-06-15;253432;282571;23547829;11744801
FR;1;2021-06-16;270473;270595;23818302;12015396
FR;1;2021-06-17;265151;244538;24083453;12259934
FR;1;2021-06-18;258054;296154;24341507;12556088
FR;1;2021-06-19;192273;209708;24533780;12765796
FR;1;2021-06-20;68846;89196;24602626;12854992
FR;1;2021-06-21;170067;320170;24772693;13175162
FR;1;2021-06-22;183526;347851;24956219;13523013
FR;1;2021-06-23;201558;339574;25157777;13862587
FR;1;2021-06-24;201104;281914;25358881;14144501
FR;1;2021-06-25;179778;372064;25538659;14516565
FR;1;2021-06-26;130303;278524;25668962;14795089
FR;1;2021-06-27;51809;123058;25720771;14918147
FR;1;2021-06-28;134916;368556;25855687;15286703
FR;1;2021-06-29;153202;389723;26008889;15676426
FR;1;2021-06-30;177582;378466;26186471;16054892
FR;1;2021-07-01;190399;332320;26376870;16387212
FR;1;2021-07-02;184788;367942;26561658;16755154
FR;1;2021-07-03;122556;280676;26684214;17035830
FR;1;2021-07-04;53158;113783;26737372;17149613
FR;1;2021-07-05;148330;356364;26885702;17505977
FR;1;2021-07-06;168737;382873;27054439;17888850
FR;1;2021-07-07;185005;362906;27239444;18251756
FR;1;2021-07-08;197449;323251;27436893;18575007
FR;1;2021-07-09;185265;386873;27622158;18961880
FR;1;2021-07-10;127934;281112;27750092;19242992
FR;1;2021-07-11;56908;102520;27807000;19345512
FR;1;2021-07-12;145514;417173;27952514;19762685
FR;1;2021-07-13;230538;439870;28183052;20202555
FR;1;2021-07-14;169048;151706;28352100;20354261
FR;1;2021-07-15;274873;424943;28626973;20779204
FR;1;2021-07-16;284861;401570;28911834;21180774
FR;1;2021-07-17;214534;282440;29126368;21463214
FR;1;2021-07-18;101115;107499;29227483;21570713
FR;1;2021-07-19;233800;379607;29461283;21950320
FR;1;2021-07-20;300978;381473;29762261;22331793
FR;1;2021-07-21;328741;353983;30091002;22685776
FR;1;2021-07-22;360083;319714;30451085;23005490
FR;1;2021-07-23;342766;343357;30793851;23348847
FR;1;2021-07-24;236738;241520;31030589;23590367
FR;1;2021-07-25;111669;76203;31142258;23666570
FR;1;2021-07-26;295023;290635;31437281;23957205
FR;1;2021-07-27;379849;269210;31817130;24226415
FR;1;2021-07-28;381973;251844;32199103;24478259
FR;1;2021-07-29;399603;228270;32598706;24706529
FR;1;2021-07-30;362284;247016;32960990;24953545
FR;1;2021-07-31;240286;165163;33201276;25118708
FR;1;2021-08-01;101393;47304;33302669;25166012
FR;1;2021-08-02;276880;213032;33579549;25379044
FR;1;2021-08-03;320315;209579;33899864;25588623
FR;1;2021-08-04;318155;184664;34218019;25773287
FR;1;2021-08-05;293762;193510;34511781;25966797
FR;1;2021-08-06;282688;224971;34794469;26191768
FR;1;2021-08-07;179106;159209;34973575;26350977
FR;1;2021-08-08;66696;59269;35040271;26410246
FR;1;2021-08-09;215835;236562;35256106;26646808
FR;1;2021-08-10;245009;241364;35501115;26888172
FR;1;2021-08-11;229593;233083;35730708;27121255
FR;1;2021-08-12;214307;240140;35945015;27361395
FR;1;2021-08-13;193443;237021;36138458;27598416
FR;1;2021-08-14;117818;174875;36256276;27773291
FR;1;2021-08-15;33139;46259;36289415;27819550
FR;1;2021-08-16;149267;290265;36438682;28109815
FR;1;2021-08-17;165152;292106;36603834;28401921
FR;2;2020-12-27;0;0;0;0
FR;2;2020-12-28;0;0;0;0
FR;2;2020-12-29;0;0;0;0
FR;2;2020-12-30;0;0;0;0
FR;2;2020-12-31;0;0;0;0
FR;2;2021-01-01;0;0;0;0
FR;2;2021-01-02;0;0;0;0
FR;2;2021-01-03;0;0;0;0
FR;2;2021-01-04;0;0;0;0
FR;2;2021-01-05;0;0;0;0
FR;2;2021-01-06;0;0;0;0
FR;2;2021-01-07;0;0;0;0
FR;2;2021-01-08;0;0;0;0
FR;2;2021-01-09;0;0;0;0
FR;2;2021-01-10;0;0;0;0
FR;2;2021-01-11;0;0;0;0
FR;2;2021-01-12;0;0;0;0
FR;2;2021-01-13;0;0;0;0
FR;2;2021-01-14;655;0;655;0
FR;2;2021-01-15;274;0;929;0
FR;2;2021-01-16;228;0;1157;0
FR;2;2021-01-17;29;0;1186;0
FR;2;2021-01-18;2977;0;4163;0
FR;2;2021-01-19;4573;0;8736;0
FR;2;2021-01-20;4995;0;13731;0
FR;2;2021-01-21;5199;0;18930;0
FR;2;2021-01-22;4970;0;23900;0
FR;2;2021-01-23;1771;0;25671;0
FR;2;2021-01-24;122;0;25793;0
FR;2;2021-01-25;3707;0;29500;0
FR;2;2021-01-26;3799;0;33299;0
FR;2;2021-01-27;3479;0;36778;0
FR;2;2021-01-28;3587;0;40365;0
FR;2;2021-01-29;3141;0;43506;0
FR;2;2021-01-30;1084;0;44590;0
FR;2;2021-01-31;14;0;44604;0
FR;2;2021-02-01;3304;0;47908;0
FR;2;2021-02-02;4354;0;52262;0
FR;2;2021-02-03;5072;0;57334;0
FR;2;2021-02-04;4788;3;62122;3
FR;2;2021-02-05;4676;6;66798;9
FR;2;2021-02-06;1958;3;68756;12
FR;2;2021-02-07;52;0;68808;12
FR;2;2021-02-08;7459;8;76267;20
FR;2;2021-02-09;8299;15;84566;35
FR;2;2021-02-10;9196;50;93762;85
FR;2;2021-02-11;10118;66;103880;151
FR;2;2021-02-12;9887;238;113767;389
FR;2;2021-02-13;3051;221;116818;610
FR;2;2021-02-14;315;0;117133;610
FR;2;2021-02-15;3383;3067;120516;3677
FR;2;2021-02-16;4982;3880;125498;7557
FR;2;2021-02-17;4155;4402;129653;11959
FR;2;2021-02-18;5301;5089;134954;17048
FR;2;2021-02-19;5245;4323;140199;21371
FR;2;2021-02-20;1793;1509;141992;22880
FR;2;2021-02-21;210;86;142202;22966
FR;2;2021-02-22;3549;3722;145751;26688
FR;2;2021-02-23;4857;3693;150608;30381
FR;2;2021-02-24;4876;3467;155484;33848
FR;2;2021-02-25;5354;3426;160838;37274
FR;2;2021-02-26;4270;3124;165108;40398
FR;2;2021-02-27;1539;1042;166647;41440
FR;2;2021-02-28;127;28;166774;41468
FR;2;2021-03-01;5017;3764;171791;45232
FR;2;2021-03-02;6383;4727;178174;49959
FR;2;2021-03-03;6367;4882;184541;54841
FR;2;2021-03-04;8206;3966;192747;58807
FR;2;2021-03-05;7855;4058;200602;62865
FR;2;2021-03-06;4675;1683;205277;64548
FR;2;2021-03-07;2323;29;207600;64577
FR;2;2021-03-08;4039;8311;211639;72888
FR;2;2021-03-09;7347;8430;218986;81318
FR;2;2021-03-10;6938;9108;225924;90426
FR;2;2021-03-11;9200;9207;235124;99633
FR;2;2021-03-12;7806;8161;242930;107794
FR;2;2021-03-13;9939;2510;252869;110304
FR;2;2021-03-14;4791;402;257660;110706
FR;2;2021-03-15;10744;3483;268404;114189
FR;2;2021-03-16;16594;4621;284998;118810
FR;2;2021-03-17;20031;3953;305029;122763
FR;2;2021-03-18;23117;4908;328146;127671
FR;2;2021-03-19;23084;4537;351230;132208
FR;2;2021-03-20;25280;1540;376510;133748
FR;2;2021-03-21;17556;147;394066;133895
FR;2;2021-03-22;17564;3079;411630;136974
FR;2;2021-03-23;22434;4184;434064;141158
FR;2;2021-03-24;23718;4985;457782;146143
FR;2;2021-03-25;26478;5019;484260;151162
FR;2;2021-03-26;26731;4262;510991;155424
FR;2;2021-03-27;15775;1308;526766;156732
FR;2;2021-03-28;10486;92;537252;156824
FR;2;2021-03-29;18797;4278;556049;161102
FR;2;2021-03-30;24310;6019;580359;167121
FR;2;2021-03-31;28310;5954;608669;173075
FR;2;2021-04-01;34237;8479;642906;181554
FR;2;2021-04-02;29739;7685;672645;189239
FR;2;2021-04-03;16824;3582;689469;192821
FR;2;2021-04-04;9222;918;698691;193739
FR;2;2021-04-05;12244;808;710935;194547
FR;2;2021-04-06;26917;6926;737852;201473
FR;2;2021-04-07;30702;7156;768554;208629
FR;2;2021-04-08;36654;8818;805208;217447
FR;2;2021-04-09;33569;8595;838777;226042
FR;2;2021-04-10;19546;8969;858323;235011
FR;2;2021-04-11;7849;4271;866172;239282
FR;2;2021-04-12;16945;11252;883117;250534
FR;2;2021-04-13;19264;16425;902381;266959
FR;2;2021-04-14;17812;16280;920193;283239
FR;2;2021-04-15;21970;20755;942163;303994
FR;2;2021-04-16;20518;20077;962681;324071
FR;2;2021-04-17;13127;22461;975808;346532
FR;2;2021-04-18;5823;14403;981631;360935
FR;2;2021-04-19;16586;16254;998217;377189
FR;2;2021-04-20;19075;21578;1017292;398767
FR;2;2021-04-21;20011;21666;1037303;420433
FR;2;2021-04-22;23547;24855;1060850;445288
FR;2;2021-04-23;24313;25349;1085163;470637
FR;2;2021-04-24;25146;15104;1110309;485741
FR;2;2021-04-25;9531;8589;1119840;494330
FR;2;2021-04-26;16983;17198;1136823;511528
FR;2;2021-04-27;19091;24300;1155914;535828
FR;2;2021-04-28;22158;26181;1178072;562009
FR;2;2021-04-29;25274;30130;1203346;592139
FR;2;2021-04-30;25393;27775;1228739;619914
FR;2;2021-05-01;14857;9858;1243596;629772
FR;2;2021-05-02;6560;9183;1250156;638955
FR;2;2021-05-03;19810;19317;1269966;658272
FR;2;2021-05-04;18112;29056;1288078;687328
FR;2;2021-05-05;18089;29409;1306167;716737
FR;2;2021-05-06;23308;35288;1329475;752025
FR;2;2021-05-07;25043;33224;1354518;785249
FR;2;2021-05-08;21138;9701;1375656;794950
FR;2;2021-05-09;13062;7893;1388718;802843
FR;2;2021-05-10;32621;22217;1421339;825060
FR;2;2021-05-11;43312;21072;1464651;846132
FR;2;2021-05-12;49656;19897;1514307;866029
FR;2;2021-05-13;50968;5766;1565275;871795
FR;2;2021-05-14;60996;12953;1626271;884748
FR;2;2021-05-15;65600;7148;1691871;891896
FR;2;2021-05-16;43322;2575;1735193;894471
FR;2;2021-05-17;44431;12585;1779624;907056
FR;2;2021-05-18;54284;12244;1833908;919300
FR;2;2021-05-19;56817;10615;1890725;929915
FR;2;2021-05-20;63026;10875;1953751;940790
FR;2;2021-05-21;63923;11664;2017674;952454
FR;2;2021-05-22;61220;4513;2078894;956967
FR;2;2021-05-23;37308;570;2116202;957537
FR;2;2021-05-24;17012;2030;2133214;959567
FR;2;2021-05-25;20806;12238;2154020;971805
FR;2;2021-05-26;19580;11457;2173600;983262
FR;2;2021-05-27;22663;12663;2196263;995925
FR;2;2021-05-28;29098;14977;2225361;1010902
FR;2;2021-05-29;30228;8180;2255589;1019082
FR;2;2021-05-30;4558;1812;2260147;1020894
FR;2;2021-05-31;28364;18750;2288511;1039644
FR;2;2021-06-01;45261;20069;2333772;1059713
FR;2;2021-06-02;37157;19309;2370929;1079022
FR;2;2021-06-03;50943;23383;2421872;1102405
FR;2;2021-06-04;65221;24097;2487093;1126502
FR;2;2021-06-05;34291;24041;2521384;1150543
FR;2;2021-06-06;4833;6203;2526217;1156746
FR;2;2021-06-07;27919;23100;2554136;1179846
FR;2;2021-06-08;46084;22959;2600220;1202805
FR;2;2021-06-09;34055;20912;2634275;1223717
FR;2;2021-06-10;42370;19155;2676645;1242872
FR;2;2021-06-11;55063;25249;2731708;1268121
FR;2;2021-06-12;30411;19815;2762119;1287936
FR;2;2021-06-13;3231;9189;2765350;1297125
FR;2;2021-06-14;25090;24188;2790440;1321313
FR;2;2021-06-15;38760;22889;2829200;1344202
FR;2;2021-06-16;29954;21487;2859154;1365689
FR;2;2021-06-17;36666;25901;2895820;1391590
FR;2;2021-06-18;46651;28800;2942471;1420390
FR;2;2021-06-19;24404;24918;2966875;1445308
FR;2;2021-06-20;2692;10072;2969567;1455380
FR;2;2021-06-21;17298;42776;2986865;1498156
FR;2;2021-06-22;28162;49619;3015027;1547775
FR;2;2021-06-23;21615;49620;3036642;1597395
FR;2;2021-06-24;28204;50314;3064846;1647709
FR;2;2021-06-25;33227;60438;3098073;1708147
FR;2;2021-06-26;16237;59292;3114310;1767439
FR;2;2021-06-27;2506;29358;3116816;1796797
FR;2;2021-06-28;12485;54387;3129301;1851184
FR;2;2021-06-29;19724;59911;3149025;1911095
FR;2;2021-06-30;16182;57790;3165207;1968885
FR;2;2021-07-01;20134;59921;3185341;2028806
FR;2;2021-07-02;23771;62227;3209112;2091033
FR;2;2021-07-03;11943;57112;3221055;2148145
FR;2;2021-07-04;1896;23335;3222951;2171480
FR;2;2021-07-05;8871;29373;3231822;2200853
FR;2;2021-07-06;14295;36214;3246117;2237067
FR;2;2021-07-07;14029;33694;3260146;2270761
FR;2;2021-07-08;19298;40306;3279444;2311067
FR;2;2021-07-09;26709;54290;3306153;2365357
FR;2;2021-07-10;13191;33686;3319344;2399043
FR;2;2021-07-11;1629;4329;3320973;2403372
FR;2;2021-07-12;12661;37290;3333634;2440662
FR;2;2021-07-13;36796;53294;3370430;2493956
FR;2;2021-07-14;6340;3578;3376770;2497534
FR;2;2021-07-15;46761;47067;3423531;2544601
FR;2;2021-07-16;63839;55897;3487370;2600498
FR;2;2021-07-17;31295;23965;3518665;2624463
FR;2;2021-07-18;5949;4946;3524614;2629409
FR;2;2021-07-19;32608;28744;3557222;2658153
FR;2;2021-07-20;51441;44612;3608663;2702765
FR;2;2021-07-21;44719;34847;3653382;2737612
FR;2;2021-07-22;55587;41119;3708969;2778731
FR;2;2021-07-23;67595;49153;3776564;2827884
FR;2;2021-07-24;35660;21569;3812224;2849453
FR;2;2021-07-25;6506;2681;3818730;2852134
FR;2;2021-07-26;35607;22529;3854337;2874663
FR;2;2021-07-27;61603;34680;3915940;2909343
FR;2;2021-07-28;54585;26503;3970525;2935846
FR;2;2021-07-29;67504;32812;4038029;2968658
FR;2;2021-07-30;73246;37801;4111275;3006459
FR;2;2021-07-31;34049;16168;4145324;3022627
FR;2;2021-08-01;5077;2308;4150401;3024935
FR;2;2021-08-02;34733;16200;4185134;3041135
FR;2;2021-08-03;54971;28262;4240105;3069397
FR;2;2021-08-04;45740;20870;4285845;3090267
FR;2;2021-08-05;53502;31612;4339347;3121879
FR;2;2021-08-06;56937;42388;4396284;3164267
FR;2;2021-08-07;24485;17599;4420769;3181866
FR;2;2021-08-08;3644;3670;4424413;3185536
FR;2;2021-08-09;28471;21156;4452884;3206692
FR;2;2021-08-10;44089;33556;4496973;3240248
FR;2;2021-08-11;34556;25158;4531529;3265406
FR;2;2021-08-12;40972;35757;4572501;3301163
FR;2;2021-08-13;41078;36319;4613579;3337482
FR;2;2021-08-14;17729;22651;4631308;3360133
FR;2;2021-08-15;2708;3846;4634016;3363979
FR;2;2021-08-16;24092;27395;4658108;3391374
FR;2;2021-08-17;36512;43557;4694620;3434931
FR;3;2020-12-27;0;0;0;0
FR;3;2020-12-28;0;0;0;0
FR;3;2020-12-29;0;0;0;0
FR;3;2020-12-30;0;0;0;0
FR;3;2020-12-31;0;0;0;0
FR;3;2021-01-01;0;0;0;0
FR;3;2021-01-02;0;0;0;0
FR;3;2021-01-03;0;0;0;0
FR;3;2021-01-04;0;0;0;0
FR;3;2021-01-05;0;0;0;0
FR;3;2021-01-06;0;0;0;0
FR;3;2021-01-07;0;0;0;0
FR;3;2021-01-08;0;0;0;0
FR;3;2021-01-09;0;0;0;0
FR;3;2021-01-10;0;0;0;0
FR;3;2021-01-11;0;0;0;0
FR;3;2021-01-12;0;0;0;0
FR;3;2021-01-13;0;0;0;0
FR;3;2021-01-14;0;0;0;0
FR;3;2021-01-15;0;0;0;0
FR;3;2021-01-16;0;0;0;0
FR;3;2021-01-17;0;0;0;0
FR;3;2021-01-18;0;0;0;0
FR;3;2021-01-19;0;0;0;0
FR;3;2021-01-20;0;0;0;0
FR;3;2021-01-21;0;0;0;0
FR;3;2021-01-22;0;0;0;0
FR;3;2021-01-23;0;0;0;0
FR;3;2021-01-24;0;0;0;0
FR;3;2021-01-25;0;0;0;0
FR;3;2021-01-26;0;0;0;0
FR;3;2021-01-27;0;0;0;0
FR;3;2021-01-28;0;0;0;0
FR;3;2021-01-29;0;0;0;0
FR;3;2021-01-30;0;0;0;0
FR;3;2021-01-31;0;0;0;0
FR;3;2021-02-01;0;0;0;0
FR;3;2021-02-02;0;0;0;0
FR;3;2021-02-03;0;0;0;0
FR;3;2021-02-04;0;0;0;0
FR;3;2021-02-05;0;0;0;0
FR;3;2021-02-06;655;0;655;0
FR;3;2021-02-07;1370;0;2025;0
FR;3;2021-02-08;2676;0;4701;0
FR;3;2021-02-09;6684;0;11385;0
FR;3;2021-02-10;9421;0;20806;0
FR;3;2021-02-11;13445;0;34251;0
FR;3;2021-02-12;13159;0;47410;0
FR;3;2021-02-13;3571;0;50981;0
FR;3;2021-02-14;888;0;51869;0
FR;3;2021-02-15;10234;0;62103;0
FR;3;2021-02-16;12304;0;74407;0
FR;3;2021-02-17;10931;0;85338;0
FR;3;2021-02-18;14702;0;100040;0
FR;3;2021-02-19;14205;0;114245;0
FR;3;2021-02-20;3218;0;117463;0
FR;3;2021-02-21;560;0;118023;0
FR;3;2021-02-22;9002;0;127025;0
FR;3;2021-02-23;11206;0;138231;0
FR;3;2021-02-24;14055;0;152286;0
FR;3;2021-02-25;44677;0;196963;0
FR;3;2021-02-26;61670;0;258633;0
FR;3;2021-02-27;34635;6;293268;6
FR;3;2021-02-28;2388;0;295656;6
FR;3;2021-03-01;20163;9;315819;15
FR;3;2021-03-02;38593;12;354412;27
FR;3;2021-03-03;48363;16;402775;43
FR;3;2021-03-04;81848;18;484623;61
FR;3;2021-03-05;117721;42;602344;103
FR;3;2021-03-06;120249;47;722593;150
FR;3;2021-03-07;54949;27;777542;177
FR;3;2021-03-08;42490;20;820032;197
FR;3;2021-03-09;78619;30;898651;227
FR;3;2021-03-10;80478;36;979129;263
FR;3;2021-03-11;128014;46;1107143;309
FR;3;2021-03-12;182239;67;1289382;376
FR;3;2021-03-13;131800;51;1421182;427
FR;3;2021-03-14;13928;4;1435110;431
FR;3;2021-03-15;51884;37;1486994;468
FR;3;2021-03-16;1025;13;1488019;481
FR;3;2021-03-17;767;6;1488786;487
FR;3;2021-03-18;1352;4;1490138;491
FR;3;2021-03-19;70146;36;1560284;527
FR;3;2021-03-20;64975;35;1625259;562
FR;3;2021-03-21;5611;4;1630870;566
FR;3;2021-03-22;37201;30;1668071;596
FR;3;2021-03-23;84268;49;1752339;645
FR;3;2021-03-24;90596;89;1842935;734
FR;3;2021-03-25;149664;114;1992599;848
FR;3;2021-03-26;165024;152;2157623;1000
FR;3;2021-03-27;68186;88;2225809;1088
FR;3;2021-03-28;6351;19;2232160;1107
FR;3;2021-03-29;53891;59;2286051;1166
FR;3;2021-03-30;92855;87;2378906;1253
FR;3;2021-03-31;63221;81;2442127;1334
FR;3;2021-04-01;85767;99;2527894;1433
FR;3;2021-04-02;86628;143;2614522;1576
FR;3;2021-04-03;35677;108;2650199;1684
FR;3;2021-04-04;3459;15;2653658;1699
FR;3;2021-04-05;4344;21;2658002;1720
FR;3;2021-04-06;29429;72;2687431;1792
FR;3;2021-04-07;32035;59;2719466;1851
FR;3;2021-04-08;78491;232;2797957;2083
FR;3;2021-04-09;161398;405;2959355;2488
FR;3;2021-04-10;75483;329;3034838;2817
FR;3;2021-04-11;7188;42;3042026;2859
FR;3;2021-04-12;51172;195;3093198;3054
FR;3;2021-04-13;85894;309;3179092;3363
FR;3;2021-04-14;67456;337;3246548;3700
FR;3;2021-04-15;92765;363;3339313;4063
FR;3;2021-04-16;112187;567;3451500;4630
FR;3;2021-04-17;53079;320;3504579;4950
FR;3;2021-04-18;9593;32;3514172;4982
FR;3;2021-04-19;24827;228;3538999;5210
FR;3;2021-04-20;45322;390;3584321;5600
FR;3;2021-04-21;38630;442;3622951;6042
FR;3;2021-04-22;54416;780;3677367;6822
FR;3;2021-04-23;70209;1009;3747576;7831
FR;3;2021-04-24;37038;969;3784614;8800
FR;3;2021-04-25;6048;152;3790662;8952
FR;3;2021-04-26;19485;648;3810147;9600
FR;3;2021-04-27;34164;1240;3844311;10840
FR;3;2021-04-28;28710;1926;3873021;12766
FR;3;2021-04-29;45106;5946;3918127;18712
FR;3;2021-04-30;55239;8921;3973366;27633
FR;3;2021-05-01;9354;1964;3982720;29597
FR;3;2021-05-02;2909;498;3985629;30095
FR;3;2021-05-03;12799;3881;3998428;33976
FR;3;2021-05-04;22790;8428;4021218;42404
FR;3;2021-05-05;18421;10568;4039639;52972
FR;3;2021-05-06;34312;20892;4073951;73864
FR;3;2021-05-07;43917;28395;4117868;102259
FR;3;2021-05-08;6575;8879;4124443;111138
FR;3;2021-05-09;1675;2651;4126118;113789
FR;3;2021-05-10;14717;12556;4140835;126345
FR;3;2021-05-11;26777;25720;4167612;152065
FR;3;2021-05-12;17018;27447;4184630;179512
FR;3;2021-05-13;2116;3483;4186746;182995
FR;3;2021-05-14;14309;25735;4201055;208730
FR;3;2021-05-15;7039;20730;4208094;229460
FR;3;2021-05-16;876;2677;4208970;232137
FR;3;2021-05-17;7715;19907;4216685;252044
FR;3;2021-05-18;13171;29628;4229856;281672
FR;3;2021-05-19;8995;31856;4238851;313528
FR;3;2021-05-20;12516;53211;4251367;366739
FR;3;2021-05-21;12504;65528;4263871;432267
FR;3;2021-05-22;4782;33295;4268653;465562
FR;3;2021-05-23;544;2665;4269197;468227
FR;3;2021-05-24;636;4915;4269833;473142
FR;3;2021-05-25;5024;45170;4274857;518312
FR;3;2021-05-26;4704;51051;4279561;569363
FR;3;2021-05-27;6053;77832;4285614;647195
FR;3;2021-05-28;7297;99100;4292911;746295
FR;3;2021-05-29;3149;60283;4296060;806578
FR;3;2021-05-30;392;8243;4296452;814821
FR;3;2021-05-31;2155;35991;4298607;850812
FR;3;2021-06-01;3071;64812;4301678;915624
FR;3;2021-06-02;2471;58355;4304149;973979
FR;3;2021-06-03;3261;87581;4307410;1061560
FR;3;2021-06-04;3920;105120;4311330;1166680
FR;3;2021-06-05;1827;52243;4313157;1218923
FR;3;2021-06-06;299;5399;4313456;1224322
FR;3;2021-06-07;1162;31182;4314618;1255504
FR;3;2021-06-08;1762;47281;4316380;1302785
FR;3;2021-06-09;1505;42395;4317885;1345180
FR;3;2021-06-10;1938;68000;4319823;1413180
FR;3;2021-06-11;2277;96799;4322100;1509979
FR;3;2021-06-12;1023;40835;4323123;1550814
FR;3;2021-06-13;161;3823;4323284;1554637
FR;3;2021-06-14;807;42665;4324091;1597302
FR;3;2021-06-15;1183;80698;4325274;1678000
FR;3;2021-06-16;1062;65781;4326336;1743781
FR;3;2021-06-17;1460;101856;4327796;1845637
FR;3;2021-06-18;1750;117924;4329546;1963561
FR;3;2021-06-19;724;39406;4330270;2002967
FR;3;2021-06-20;86;3384;4330356;2006351
FR;3;2021-06-21;590;39290;4330946;2045641
FR;3;2021-06-22;902;70019;4331848;2115660
FR;3;2021-06-23;804;50846;4332652;2166506
FR;3;2021-06-24;1174;77216;4333826;2243722
FR;3;2021-06-25;1282;89970;4335108;2333692
FR;3;2021-06-26;545;33137;4335653;2366829
FR;3;2021-06-27;95;4027;4335748;2370856
FR;3;2021-06-28;489;30460;4336237;2401316
FR;3;2021-06-29;748;56147;4336985;2457463
FR;3;2021-06-30;771;45062;4337756;2502525
FR;3;2021-07-01;1007;65663;4338763;2568188
FR;3;2021-07-02;1181;90450;4339944;2658638
FR;3;2021-07-03;544;31195;4340488;2689833
FR;3;2021-07-04;83;4275;4340571;2694108
FR;3;2021-07-05;515;33934;4341086;2728042
FR;3;2021-07-06;811;56135;4341897;2784177
FR;3;2021-07-07;749;43085;4342646;2827262
FR;3;2021-07-08;1010;60762;4343656;2888024
FR;3;2021-07-09;1156;68840;4344812;2956864
FR;3;2021-07-10;559;25054;4345371;2981918
FR;3;2021-07-11;69;3311;4345440;2985229
FR;3;2021-07-12;526;23933;4345966;3009162
FR;3;2021-07-13;1509;34769;4347475;3043931
FR;3;2021-07-14;138;2652;4347613;3046583
FR;3;2021-07-15;1825;30700;4349438;3077283
FR;3;2021-07-16;2393;38908;4351831;3116191
FR;3;2021-07-17;971;13753;4352802;3129944
FR;3;2021-07-18;200;2610;4353002;3132554
FR;3;2021-07-19;1185;17242;4354187;3149796
FR;3;2021-07-20;1708;27173;4355895;3176969
FR;3;2021-07-21;1549;19752;4357444;3196721
FR;3;2021-07-22;1733;27805;4359177;3224526
FR;3;2021-07-23;2093;30482;4361270;3255008
FR;3;2021-07-24;753;7022;4362023;3262030
FR;3;2021-07-25;159;1353;4362182;3263383
FR;3;2021-07-26;794;10736;4362976;3274119
FR;3;2021-07-27;1051;16984;4364027;3291103
FR;3;2021-07-28;857;12137;4364884;3303240
FR;3;2021-07-29;1028;15872;4365912;3319112
FR;3;2021-07-30;1032;18112;4366944;3337224
FR;3;2021-07-31;332;3751;4367276;3340975
FR;3;2021-08-01;43;484;4367319;3341459
FR;3;2021-08-02;315;5163;4367634;3346622
FR;3;2021-08-03;407;7589;4368041;3354211
FR;3;2021-08-04;359;4893;4368400;3359104
FR;3;2021-08-05;354;3750;4368754;3362854
FR;3;2021-08-06;385;4788;4369139;3367642
FR;3;2021-08-07;160;1926;4369299;3369568
FR;3;2021-08-08;41;423;4369340;3369991
FR;3;2021-08-09;209;2521;4369549;3372512
FR;3;2021-08-10;256;3899;4369805;3376411
FR;3;2021-08-11;186;2719;4369991;3379130
FR;3;2021-08-12;208;2627;4370199;3381757
FR;3;2021-08-13;205;2252;4370404;3384009
FR;3;2021-08-14;124;938;4370528;3384947
FR;3;2021-08-15;24;161;4370552;3385108
FR;3;2021-08-16;81;1093;4370633;3386201
FR;3;2021-08-17;109;1496;4370742;3387697
FR;4;2020-12-27;0;0;0;0
FR;4;2020-12-28;0;0;0;0
FR;4;2020-12-29;0;0;0;0
FR;4;2020-12-30;0;0;0;0
FR;4;2020-12-31;0;0;0;0
FR;4;2021-01-01;0;0;0;0
FR;4;2021-01-02;0;0;0;0
FR;4;2021-01-03;0;0;0;0
FR;4;2021-01-04;0;0;0;0
FR;4;2021-01-05;0;0;0;0
FR;4;2021-01-06;0;0;0;0
FR;4;2021-01-07;0;0;0;0
FR;4;2021-01-08;0;0;0;0
FR;4;2021-01-09;0;0;0;0
FR;4;2021-01-10;0;0;0;0
FR;4;2021-01-11;0;0;0;0
FR;4;2021-01-12;0;0;0;0
FR;4;2021-01-13;0;0;0;0
FR;4;2021-01-14;0;0;0;0
FR;4;2021-01-15;0;0;0;0
FR;4;2021-01-16;0;0;0;0
FR;4;2021-01-17;0;0;0;0
FR;4;2021-01-18;0;0;0;0
FR;4;2021-01-19;0;0;0;0
FR;4;2021-01-20;0;0;0;0
FR;4;2021-01-21;0;0;0;0
FR;4;2021-01-22;0;0;0;0
FR;4;2021-01-23;0;0;0;0
FR;4;2021-01-24;0;0;0;0
FR;4;2021-01-25;0;0;0;0
FR;4;2021-01-26;0;0;0;0
FR;4;2021-01-27;0;0;0;0
FR;4;2021-01-28;0;0;0;0
FR;4;2021-01-29;0;0;0;0
FR;4;2021-01-30;0;0;0;0
FR;4;2021-01-31;0;0;0;0
FR;4;2021-02-01;0;0;0;0
FR;4;2021-02-02;0;0;0;0
FR;4;2021-02-03;0;0;0;0
FR;4;2021-02-04;0;0;0;0
FR;4;2021-02-05;0;0;0;0
FR;4;2021-02-06;0;0;0;0
FR;4;2021-02-07;0;0;0;0
FR;4;2021-02-08;0;0;0;0
FR;4;2021-02-09;0;0;0;0
FR;4;2021-02-10;0;0;0;0
FR;4;2021-02-11;0;0;0;0
FR;4;2021-02-12;0;0;0;0
FR;4;2021-02-13;0;0;0;0
FR;4;2021-02-14;0;0;0;0
FR;4;2021-02-15;0;0;0;0
FR;4;2021-02-16;0;0;0;0
FR;4;2021-02-17;0;0;0;0
FR;4;2021-02-18;0;0;0;0
FR;4;2021-02-19;0;0;0;0
FR;4;2021-02-20;0;0;0;0
FR;4;2021-02-21;0;0;0;0
FR;4;2021-02-22;0;0;0;0
FR;4;2021-02-23;0;0;0;0
FR;4;2021-02-24;0;0;0;0
FR;4;2021-02-25;0;0;0;0
FR;4;2021-02-26;0;0;0;0
FR;4;2021-02-27;0;0;0;0
FR;4;2021-02-28;0;0;0;0
FR;4;2021-03-01;0;0;0;0
FR;4;2021-03-02;0;0;0;0
FR;4;2021-03-03;0;0;0;0
FR;4;2021-03-04;0;0;0;0
FR;4;2021-03-05;0;1;0;1
FR;4;2021-03-06;0;0;0;1
FR;4;2021-03-07;0;0;0;1
FR;4;2021-03-08;0;0;0;1
FR;4;2021-03-09;0;0;0;1
FR;4;2021-03-10;0;0;0;1
FR;4;2021-03-11;0;0;0;1
FR;4;2021-03-12;0;0;0;1
FR;4;2021-03-13;0;0;0;1
FR;4;2021-03-14;0;0;0;1
FR;4;2021-03-15;0;0;0;1
FR;4;2021-03-16;0;0;0;1
FR;4;2021-03-17;0;0;0;1
FR;4;2021-03-18;0;0;0;1
FR;4;2021-03-19;0;0;0;1
FR;4;2021-03-20;0;0;0;1
FR;4;2021-03-21;0;0;0;1
FR;4;2021-03-22;0;0;0;1
FR;4;2021-03-23;0;0;0;1
FR;4;2021-03-24;0;0;0;1
FR;4;2021-03-25;0;0;0;1
FR;4;2021-03-26;0;0;0;1
FR;4;2021-03-27;0;0;0;1
FR;4;2021-03-28;0;0;0;1
FR;4;2021-03-29;0;0;0;1
FR;4;2021-03-30;0;0;0;1
FR;4;2021-03-31;0;1;0;2
FR;4;2021-04-01;0;0;0;2
FR;4;2021-04-02;0;0;0;2
FR;4;2021-04-03;0;0;0;2
FR;4;2021-04-04;0;0;0;2
FR;4;2021-04-05;0;0;0;2
FR;4;2021-04-06;0;0;0;2
FR;4;2021-04-07;0;0;0;2
FR;4;2021-04-08;0;0;0;2
FR;4;2021-04-09;0;2;0;4
FR;4;2021-04-10;0;0;0;4
FR;4;2021-04-11;0;0;0;4
FR;4;2021-04-12;0;1;0;5
FR;4;2021-04-13;0;0;0;5
FR;4;2021-04-14;0;0;0;5
FR;4;2021-04-15;0;0;0;5
FR;4;2021-04-16;0;0;0;5
FR;4;2021-04-17;0;0;0;5
FR;4;2021-04-18;0;0;0;5
FR;4;2021-04-19;0;0;0;5
FR;4;2021-04-20;0;0;0;5
FR;4;2021-04-21;0;0;0;5
FR;4;2021-04-22;0;0;0;5
FR;4;2021-04-23;2267;0;2267;5
FR;4;2021-04-24;1557;0;3824;5
FR;4;2021-04-25;122;0;3946;5
FR;4;2021-04-26;2847;0;6793;5
FR;4;2021-04-27;9446;4;16239;9
FR;4;2021-04-28;9837;3;26076;12
FR;4;2021-04-29;15947;8;42023;20
FR;4;2021-04-30;19159;7;61182;27
FR;4;2021-05-01;1938;5;63120;32
FR;4;2021-05-02;458;0;63578;32
FR;4;2021-05-03;4981;1;68559;33
FR;4;2021-05-04;8301;8;76860;41
FR;4;2021-05-05;6067;5;82927;46
FR;4;2021-05-06;11299;11;94226;57
FR;4;2021-05-07;18981;8;113207;65
FR;4;2021-05-08;2286;6;115493;71
FR;4;2021-05-09;639;2;116132;73
FR;4;2021-05-10;7143;8;123275;81
FR;4;2021-05-11;14202;12;137477;93
FR;4;2021-05-12;10063;16;147540;109
FR;4;2021-05-13;1491;3;149031;112
FR;4;2021-05-14;7655;7;156686;119
FR;4;2021-05-15;3639;8;160325;127
FR;4;2021-05-16;378;1;160703;128
FR;4;2021-05-17;4377;3;165080;131
FR;4;2021-05-18;8657;10;173737;141
FR;4;2021-05-19;5583;5;179320;146
FR;4;2021-05-20;9315;6;188635;152
FR;4;2021-05-21;12626;29;201261;181
FR;4;2021-05-22;4967;12;206228;193
FR;4;2021-05-23;446;2;206674;195
FR;4;2021-05-24;969;3;207643;198
FR;4;2021-05-25;7469;16;215112;214
FR;4;2021-05-26;7618;13;222730;227
FR;4;2021-05-27;14185;34;236915;261
FR;4;2021-05-28;26368;81;263283;342
FR;4;2021-05-29;11231;20;274514;362
FR;4;2021-05-30;870;2;275384;364
FR;4;2021-05-31;12486;19;287870;383
FR;4;2021-06-01;19975;41;307845;424
FR;4;2021-06-02;14317;33;322162;457
FR;4;2021-06-03;19239;24;341401;481
FR;4;2021-06-04;22246;45;363647;526
FR;4;2021-06-05;9598;29;373245;555
FR;4;2021-06-06;944;0;374189;555
FR;4;2021-06-07;8993;16;383182;571
FR;4;2021-06-08;14413;26;397595;597
FR;4;2021-06-09;12020;24;409615;621
FR;4;2021-06-10;15172;24;424787;645
FR;4;2021-06-11;16761;51;441548;696
FR;4;2021-06-12;7316;27;448864;723
FR;4;2021-06-13;850;2;449714;725
FR;4;2021-06-14;6485;22;456199;747
FR;4;2021-06-15;10729;32;466928;779
FR;4;2021-06-16;8728;13;475656;792
FR;4;2021-06-17;10701;24;486357;816
FR;4;2021-06-18;12236;39;498593;855
FR;4;2021-06-19;5460;24;504053;879
FR;4;2021-06-20;614;2;504667;881
FR;4;2021-06-21;4907;9;509574;890
FR;4;2021-06-22;7703;18;517277;908
FR;4;2021-06-23;6934;33;524211;941
FR;4;2021-06-24;8464;31;532675;972
FR;4;2021-06-25;9916;36;542591;1008
FR;4;2021-06-26;4636;20;547227;1028
FR;4;2021-06-27;604;2;547831;1030
FR;4;2021-06-28;4571;14;552402;1044
FR;4;2021-06-29;6798;16;559200;1060
FR;4;2021-06-30;6418;36;565618;1096
FR;4;2021-07-01;7889;26;573507;1122
FR;4;2021-07-02;9183;44;582690;1166
FR;4;2021-07-03;4696;18;587386;1184
FR;4;2021-07-04;576;5;587962;1189
FR;4;2021-07-05;4585;18;592547;1207
FR;4;2021-07-06;7476;20;600023;1227
FR;4;2021-07-07;6745;27;606768;1254
FR;4;2021-07-08;8960;37;615728;1291
FR;4;2021-07-09;10045;30;625773;1321
FR;4;2021-07-10;4473;10;630246;1331
FR;4;2021-07-11;500;0;630746;1331
FR;4;2021-07-12;5623;27;636369;1358
FR;4;2021-07-13;14013;26;650382;1384
FR;4;2021-07-14;2058;6;652440;1390
FR;4;2021-07-15;17970;32;670410;1422
FR;4;2021-07-16;22504;63;692914;1485
FR;4;2021-07-17;9525;16;702439;1501
FR;4;2021-07-18;1263;4;703702;1505
FR;4;2021-07-19;12703;26;716405;1531
FR;4;2021-07-20;17059;29;733464;1560
FR;4;2021-07-21;15283;28;748747;1588
FR;4;2021-07-22;17918;40;766665;1628
FR;4;2021-07-23;20020;48;786685;1676
FR;4;2021-07-24;9006;28;795691;1704
FR;4;2021-07-25;1187;6;796878;1710
FR;4;2021-07-26;10628;18;807506;1728
FR;4;2021-07-27;14110;25;821616;1753
FR;4;2021-07-28;12269;18;833885;1771
FR;4;2021-07-29;13670;45;847555;1816
FR;4;2021-07-30;15079;39;862634;1855
FR;4;2021-07-31;6545;11;869179;1866
FR;4;2021-08-01;768;1;869947;1867
FR;4;2021-08-02;7044;16;876991;1883
FR;4;2021-08-03;9848;21;886839;1904
FR;4;2021-08-04;8636;21;895475;1925
FR;4;2021-08-05;8864;32;904339;1957
FR;4;2021-08-06;9439;19;913778;1976
FR;4;2021-08-07;4414;22;918192;1998
FR;4;2021-08-08;682;8;918874;2006
FR;4;2021-08-09;5349;16;924223;2022
FR;4;2021-08-10;8000;14;932223;2036
FR;4;2021-08-11;7319;20;939542;2056
FR;4;2021-08-12;7815;13;947357;2069
FR;4;2021-08-13;6720;21;954077;2090
FR;4;2021-08-14;3103;16;957180;2106
FR;4;2021-08-15;442;2;957622;2108
FR;4;2021-08-16;3568;6;961190;2114
FR;4;2021-08-17;5074;6;966264;2120
FR;0;2020-12-27;238;0;238;0
FR;0;2020-12-28;250;0;488;0
FR;0;2020-12-29;190;0;678;0
FR;0;2020-12-30;217;0;895;0
FR;0;2020-12-31;177;0;1072;0
FR;0;2021-01-01;196;0;1268;0
FR;0;2021-01-02;154;0;1422;0
FR;0;2021-01-03;188;0;1610;0
FR;0;2021-01-04;1638;0;3248;0
FR;0;2021-01-05;5601;0;8849;0
FR;0;2021-01-06;11494;0;20343;0
FR;0;2021-01-07;28927;0;49270;0
FR;0;2021-01-08;36611;0;85881;0
FR;0;2021-01-09;11031;0;96912;0
FR;0;2021-01-10;5727;0;102639;0
FR;0;2021-01-11;39487;0;142126;0
FR;0;2021-01-12;61496;0;203622;0
FR;0;2021-01-13;64440;0;268062;0
FR;0;2021-01-14;81298;0;349360;0
FR;0;2021-01-15;68288;0;417648;0
FR;0;2021-01-16;19932;77;437580;77
FR;0;2021-01-17;10660;42;448240;119
FR;0;2021-01-18;85128;161;533368;280
FR;0;2021-01-19;129621;125;662989;405
FR;0;2021-01-20;136460;156;799449;561
FR;0;2021-01-21;156915;132;956364;693
FR;0;2021-01-22;119998;160;1076362;853
FR;0;2021-01-23;38099;50;1114461;903
FR;0;2021-01-24;9497;27;1123958;930
FR;0;2021-01-25;77506;1215;1201464;2145
FR;0;2021-01-26;99660;3108;1301124;5253
FR;0;2021-01-27;106472;5593;1407596;10846
FR;0;2021-01-28;123455;14356;1531051;25202
FR;0;2021-01-29;91468;17282;1622519;42484
FR;0;2021-01-30;28865;4223;1651384;46707
FR;0;2021-01-31;5014;1679;1656398;48386
FR;0;2021-02-01;52049;21120;1708447;69506
FR;0;2021-02-02;71360;34558;1779807;104064
FR;0;2021-02-03;71540;36956;1851347;141020
FR;0;2021-02-04;81217;50043;1932564;191063
FR;0;2021-02-05;67592;45330;2000156;236393
FR;0;2021-02-06;21797;10396;2021953;246789
FR;0;2021-02-07;4946;5041;2026899;251830
FR;0;2021-02-08;46226;45970;2073125;297800
FR;0;2021-02-09;65353;72399;2138478;370199
FR;0;2021-02-10;69937;76718;2208415;446917
FR;0;2021-02-11;86345;99138;2294760;546055
FR;0;2021-02-12;78360;74212;2373120;620267
FR;0;2021-02-13;21891;19483;2395011;639750
FR;0;2021-02-14;4721;7191;2399732;646941
FR;0;2021-02-15;37403;76500;2437135;723441
FR;0;2021-02-16;49608;100722;2486743;824163
FR;0;2021-02-17;49734;102985;2536477;927148
FR;0;2021-02-18;68803;118517;2605280;1045665
FR;0;2021-02-19;64354;90743;2669634;1136408
FR;0;2021-02-20;18201;28421;2687835;1164829
FR;0;2021-02-21;3012;6372;2690847;1171201
FR;0;2021-02-22;36854;73138;2727701;1244339
FR;0;2021-02-23;53040;84046;2780741;1328385
FR;0;2021-02-24;58944;81114;2839685;1409499
FR;0;2021-02-25;99606;91373;2939291;1500872
FR;0;2021-02-26;112541;71010;3051832;1571882
FR;0;2021-02-27;51566;21978;3103398;1593860
FR;0;2021-02-28;5849;4413;3109247;1598273
FR;0;2021-03-01;64402;52784;3173649;1651057
FR;0;2021-03-02;100219;66250;3273868;1717307
FR;0;2021-03-03;114930;65543;3388798;1782850
FR;0;2021-03-04;162152;68878;3550950;1851728
FR;0;2021-03-05;199413;63360;3750363;1915088
FR;0;2021-03-06;206829;17813;3957192;1932901
FR;0;2021-03-07;120561;5469;4077753;1938370
FR;0;2021-03-08;105915;50794;4183668;1989164
FR;0;2021-03-09;171131;56775;4354799;2045939
FR;0;2021-03-10;177209;57206;4532008;2103145
FR;0;2021-03-11;241209;63107;4773217;2166252
FR;0;2021-03-12;293174;53518;5066391;2219770
FR;0;2021-03-13;230097;15305;5296488;2235075
FR;0;2021-03-14;62751;3434;5359239;2238509
FR;0;2021-03-15;157185;32639;5516424;2271148
FR;0;2021-03-16;140370;39525;5656794;2310673
FR;0;2021-03-17;149281;38789;5806075;2349462
FR;0;2021-03-18;166396;44623;5972471;2394085
FR;0;2021-03-19;228567;37471;6201038;2431556
FR;0;2021-03-20;165705;11783;6366743;2443339
FR;0;2021-03-21;49260;2626;6416003;2445965
FR;0;2021-03-22;168592;34284;6584595;2480249
FR;0;2021-03-23;248699;42401;6833294;2522650
FR;0;2021-03-24;255281;43846;7088575;2566496
FR;0;2021-03-25;340126;44750;7428701;2611246
FR;0;2021-03-26;357263;41901;7785964;2653147
FR;0;2021-03-27;194311;16649;7980275;2669796
FR;0;2021-03-28;58808;3732;8039083;2673528
FR;0;2021-03-29;201814;54287;8240897;2727815
FR;0;2021-03-30;283852;69685;8524749;2797500
FR;0;2021-03-31;261424;72933;8786173;2870433
FR;0;2021-04-01;312696;87822;9098869;2958255
FR;0;2021-04-02;279742;92139;9378611;3050394
FR;0;2021-04-03;140048;61860;9518659;3112254
FR;0;2021-04-04;45289;18665;9563948;3130919
FR;0;2021-04-05;59488;11005;9623436;3141924
FR;0;2021-04-06;215275;107867;9838711;3249791
FR;0;2021-04-07;258112;115461;10096823;3365252
FR;0;2021-04-08;335374;121432;10432197;3486684
FR;0;2021-04-09;407908;116500;10840105;3603184
FR;0;2021-04-10;211431;82754;11051536;3685938
FR;0;2021-04-11;55393;34596;11106929;3720534
FR;0;2021-04-12;235380;115227;11342309;3835761
FR;0;2021-04-13;307439;144974;11649748;3980735
FR;0;2021-04-14;291932;139420;11941680;4120155
FR;0;2021-04-15;334191;147873;12275871;4268028
FR;0;2021-04-16;337520;145785;12613391;4413813
FR;0;2021-04-17;187598;90261;12800989;4504074
FR;0;2021-04-18;50899;35427;12851888;4539501
FR;0;2021-04-19;203976;138390;13055864;4677891
FR;0;2021-04-20;252256;170733;13308120;4848624
FR;0;2021-04-21;251134;168814;13559254;5017438
FR;0;2021-04-22;285441;188266;13844695;5205704
FR;0;2021-04-23;294443;183285;14139138;5388989
FR;0;2021-04-24;189186;111576;14328324;5500565
FR;0;2021-04-25;68822;38871;14397146;5539436
FR;0;2021-04-26;219321;156113;14616467;5695549
FR;0;2021-04-27;282614;187514;14899081;5883063
FR;0;2021-04-28;297585;183216;15196666;6066279
FR;0;2021-04-29;354886;196142;15551552;6262421
FR;0;2021-04-30;370096;184849;15921648;6447270
FR;0;2021-05-01;165024;52536;16086672;6499806
FR;0;2021-05-02;90686;37831;16177358;6537637
FR;0;2021-05-03;285765;169653;16463123;6707290
FR;0;2021-05-04;312611;224322;16775734;6931612
FR;0;2021-05-05;322971;224542;17098705;7156154
FR;0;2021-05-06;375825;239215;17474530;7395369
FR;0;2021-05-07;369868;257349;17844398;7652718
FR;0;2021-05-08;220473;66921;18064871;7719639
FR;0;2021-05-09;128801;46758;18193672;7766397
FR;0;2021-05-10;308809;229032;18502481;7995429
FR;0;2021-05-11;400662;258192;18903143;8253621
FR;0;2021-05-12;430128;233253;19333271;8486874
FR;0;2021-05-13;335524;56899;19668795;8543773
FR;0;2021-05-14;450468;167545;20119263;8711318
FR;0;2021-05-15;371492;94029;20490755;8805347
FR;0;2021-05-16;201343;20831;20692098;8826178
FR;0;2021-05-17;373120;149181;21065218;8975359
FR;0;2021-05-18;455866;153206;21521084;9128565
FR;0;2021-05-19;464030;145387;21985114;9273952
FR;0;2021-05-20;503460;160409;22488574;9434361
FR;0;2021-05-21;486184;174597;22974758;9608958
FR;0;2021-05-22;345133;79905;23319891;9688863
FR;0;2021-05-23;160631;14446;23480522;9703309
FR;0;2021-05-24;261240;33256;23741762;9736565
FR;0;2021-05-25;396920;189361;24138682;9925926
FR;0;2021-05-26;410288;188218;24548970;10114144
FR;0;2021-05-27;446595;218748;24995565;10332892
FR;0;2021-05-28;426643;259702;25422208;10592594
FR;0;2021-05-29;297399;149459;25719607;10742053
FR;0;2021-05-30;106082;32630;25825689;10774683
FR;0;2021-05-31;355485;203577;26181174;10978260
FR;0;2021-06-01;421946;251712;26603120;11229972
FR;0;2021-06-02;412094;230958;27015214;11460930
FR;0;2021-06-03;457941;258752;27473155;11719682
FR;0;2021-06-04;451120;304935;27924275;12024617
FR;0;2021-06-05;302121;189109;28226396;12213726
FR;0;2021-06-06;131268;49141;28357664;12262867
FR;0;2021-06-07;334238;262513;28691902;12525380
FR;0;2021-06-08;389520;291362;29081422;12816742
FR;0;2021-06-09;380063;276020;29461485;13092762
FR;0;2021-06-10;397782;289479;29859267;13382241
FR;0;2021-06-11;383365;357649;30242632;13739890
FR;0;2021-06-12;281060;211538;30523692;13951428
FR;0;2021-06-13;103696;74097;30627388;14025525
FR;0;2021-06-14;237739;356067;30865127;14381592
FR;0;2021-06-15;304104;386190;31169231;14767782
FR;0;2021-06-16;310217;357876;31479448;15125658
FR;0;2021-06-17;313978;372319;31793426;15497977
FR;0;2021-06-18;318691;442917;32112117;15940894
FR;0;2021-06-19;222861;274056;32334978;16214950
FR;0;2021-06-20;72238;102654;32407216;16317604
FR;0;2021-06-21;192862;402245;32600078;16719849
FR;0;2021-06-22;220293;467507;32820371;17187356
FR;0;2021-06-23;230911;440073;33051282;17627429
FR;0;2021-06-24;238946;409475;33290228;18036904
FR;0;2021-06-25;224203;522508;33514431;18559412
FR;0;2021-06-26;151721;370973;33666152;18930385
FR;0;2021-06-27;55014;156445;33721166;19086830
FR;0;2021-06-28;152461;453417;33873627;19540247
FR;0;2021-06-29;180472;505797;34054099;20046044
FR;0;2021-06-30;200953;481354;34255052;20527398
FR;0;2021-07-01;219429;457930;34474481;20985328
FR;0;2021-07-02;218923;520663;34693404;21505991
FR;0;2021-07-03;139739;369001;34833143;21874992
FR;0;2021-07-04;55713;141398;34888856;22016390
FR;0;2021-07-05;162301;419689;35051157;22436079
FR;0;2021-07-06;191319;475242;35242476;22911321
FR;0;2021-07-07;206528;439712;35449004;23351033
FR;0;2021-07-08;226717;424356;35675721;23775389
FR;0;2021-07-09;223175;510033;35898896;24285422
FR;0;2021-07-10;146157;339862;36045053;24625284
FR;0;2021-07-11;59106;110160;36104159;24735444
FR;0;2021-07-12;164324;478423;36268483;25213867
FR;0;2021-07-13;282856;527959;36551339;25741826
FR;0;2021-07-14;177584;157942;36728923;25899768
FR;0;2021-07-15;341429;502742;37070352;26402510
FR;0;2021-07-16;373597;496438;37443949;26898948
FR;0;2021-07-17;256325;320174;37700274;27219122
FR;0;2021-07-18;108527;115059;37808801;27334181
FR;0;2021-07-19;280296;425619;38089097;27759800
FR;0;2021-07-20;371186;453287;38460283;28213087
FR;0;2021-07-21;390292;408610;38850575;28621697
FR;0;2021-07-22;435321;388678;39285896;29010375
FR;0;2021-07-23;432474;423040;39718370;29433415
FR;0;2021-07-24;282157;270139;40000527;29703554
FR;0;2021-07-25;119521;80243;40120048;29783797
FR;0;2021-07-26;342052;323918;40462100;30107715
FR;0;2021-07-27;456613;320899;40918713;30428614
FR;0;2021-07-28;449684;290502;41368397;30719116
FR;0;2021-07-29;481805;276999;41850202;30996115
FR;0;2021-07-30;451641;302968;42301843;31299083
FR;0;2021-07-31;281212;185093;42583055;31484176
FR;0;2021-08-01;107281;50097;42690336;31534273
FR;0;2021-08-02;318972;234411;43009308;31768684
FR;0;2021-08-03;385541;245451;43394849;32014135
FR;0;2021-08-04;372890;210448;43767739;32224583
FR;0;2021-08-05;356482;228904;44124221;32453487
FR;0;2021-08-06;349449;272166;44473670;32725653
FR;0;2021-08-07;208165;178756;44681835;32904409
FR;0;2021-08-08;71063;63370;44752898;32967779
FR;0;2021-08-09;249864;260255;45002762;33228034
FR;0;2021-08-10;297354;278833;45300116;33506867
FR;0;2021-08-11;271654;260980;45571770;33767847
FR;0;2021-08-12;263302;278537;45835072;34046384
FR;0;2021-08-13;241446;275613;46076518;34321997
FR;0;2021-08-14;138774;198480;46215292;34520477
FR;0;2021-08-15;36313;50268;46251605;34570745
FR;0;2021-08-16;177008;318759;46428613;34889504
FR;0;2021-08-17;206847;337165;46635460;35226669
