fra;vaccin;jour;n_dose1;n_dose2;n_dose3;n_dose4;n_rappel;n_cum_dose1;n_cum_dose2;n_cum_dose3;n_cum_dose4;n_cum_rappel
FR;1;2020-12-27;609;0;0;0;0;609;0;0;0;0
FR;1;2020-12-28;678;1;0;0;0;1287;1;0;0;0
FR;1;2020-12-29;380;0;0;0;0;1667;1;0;0;0
FR;1;2020-12-30;442;0;0;0;0;2109;1;0;0;0
FR;1;2020-12-31;439;1;0;0;0;2548;2;0;0;0
FR;1;2021-01-01;1149;2;0;0;0;3697;4;0;0;0
FR;1;2021-01-02;362;3;0;0;0;4059;7;0;0;0
FR;1;2021-01-03;402;0;0;0;0;4461;7;0;0;0
FR;1;2021-01-04;2103;3;0;0;0;6564;10;0;0;0
FR;1;2021-01-05;7746;3;0;0;0;14310;13;0;0;0
FR;1;2021-01-06;12454;16;0;0;0;26764;29;0;0;0
FR;1;2021-01-07;29458;13;0;0;0;56222;42;0;0;0
FR;1;2021-01-08;37140;15;0;0;0;93362;57;0;0;0
FR;1;2021-01-09;11212;7;0;0;0;104574;64;0;0;0
FR;1;2021-01-10;6003;5;0;0;0;110577;69;0;0;0
FR;1;2021-01-11;39929;19;0;0;0;150506;88;0;0;0
FR;1;2021-01-12;62132;18;0;0;0;212638;106;0;0;0
FR;1;2021-01-13;65114;38;0;0;0;277752;144;0;0;0
FR;1;2021-01-14;81444;127;0;0;0;359196;271;0;0;0
FR;1;2021-01-15;68607;45;0;0;0;427803;316;0;0;0
FR;1;2021-01-16;19896;72;0;0;0;447699;388;0;0;0
FR;1;2021-01-17;10901;49;0;0;0;458600;437;0;0;0
FR;1;2021-01-18;82821;167;0;0;0;541421;604;0;0;0
FR;1;2021-01-19;125914;182;0;0;0;667335;786;0;0;0
FR;1;2021-01-20;132405;181;0;0;0;799740;967;0;0;0
FR;1;2021-01-21;153052;164;0;0;0;952792;1131;0;0;0
FR;1;2021-01-22;115939;214;0;0;0;1068731;1345;0;0;0
FR;1;2021-01-23;36606;67;0;0;0;1105337;1412;0;0;0
FR;1;2021-01-24;9582;94;0;0;0;1114919;1506;0;0;0
FR;1;2021-01-25;74418;1317;0;0;0;1189337;2823;0;0;0
FR;1;2021-01-26;96451;3414;1;0;0;1285788;6237;1;0;0
FR;1;2021-01-27;103637;6052;0;0;0;1389425;12289;1;0;0
FR;1;2021-01-28;120592;15317;0;0;0;1510017;27606;1;0;0
FR;1;2021-01-29;88886;18000;0;0;0;1598903;45606;1;0;0
FR;1;2021-01-30;27991;4384;0;0;0;1626894;49990;1;0;0
FR;1;2021-01-31;5186;1795;0;0;0;1632080;51785;1;0;0
FR;1;2021-02-01;49714;21809;0;0;0;1681794;73594;1;0;0
FR;1;2021-02-02;67806;36427;0;0;0;1749600;110021;1;0;0
FR;1;2021-02-03;67080;38691;0;0;0;1816680;148712;1;0;0
FR;1;2021-02-04;77132;52534;0;0;0;1893812;201246;1;0;0
FR;1;2021-02-05;63414;46559;0;0;0;1957226;247805;1;0;0
FR;1;2021-02-06;19415;10941;0;0;0;1976641;258746;1;0;0
FR;1;2021-02-07;3661;5515;0;0;0;1980302;264261;1;0;0
FR;1;2021-02-08;36492;47437;0;0;0;2016794;311698;1;0;0
FR;1;2021-02-09;50796;75594;0;0;0;2067590;387292;1;0;0
FR;1;2021-02-10;52058;80350;0;0;0;2119648;467642;1;0;0
FR;1;2021-02-11;63367;102255;0;0;0;2183015;569897;1;0;0
FR;1;2021-02-12;55851;75034;0;0;0;2238866;644931;1;0;0
FR;1;2021-02-13;15462;19358;0;0;0;2254328;664289;1;0;0
FR;1;2021-02-14;3746;7334;0;0;0;2258074;671623;1;0;0
FR;1;2021-02-15;24136;73655;0;0;0;2282210;745278;1;0;0
FR;1;2021-02-16;32769;96525;0;0;0;2314979;841803;1;0;0
FR;1;2021-02-17;35113;100918;20;0;0;2350092;942721;21;0;0
FR;1;2021-02-18;49440;116359;0;0;0;2399532;1059080;21;0;0
FR;1;2021-02-19;45375;87040;1;0;0;2444907;1146120;22;0;0
FR;1;2021-02-20;13386;27187;0;0;0;2458293;1173307;22;0;0
FR;1;2021-02-21;2456;6168;0;0;0;2460749;1179475;22;0;0
FR;1;2021-02-22;24716;69595;2;0;0;2485465;1249070;24;0;0
FR;1;2021-02-23;37424;81123;1;0;0;2522889;1330193;25;0;0
FR;1;2021-02-24;40689;78655;1;0;0;2563578;1408848;26;0;0
FR;1;2021-02-25;50146;87890;1;0;0;2613724;1496738;27;0;0
FR;1;2021-02-26;47206;67629;1;0;0;2660930;1564367;28;0;0
FR;1;2021-02-27;15672;21220;1;0;0;2676602;1585587;29;0;0
FR;1;2021-02-28;3553;4215;2;0;0;2680155;1589802;31;0;0
FR;1;2021-03-01;40174;49865;1;0;0;2720329;1639667;32;0;0
FR;1;2021-03-02;55971;62143;3;0;0;2776300;1701810;35;0;0
FR;1;2021-03-03;61231;60530;0;0;0;2837531;1762340;35;0;0
FR;1;2021-03-04;72988;66965;3;0;0;2910519;1829305;38;0;0
FR;1;2021-03-05;74757;58819;3;0;0;2985276;1888124;41;0;0
FR;1;2021-03-06;82453;15920;2;0;0;3067729;1904044;43;0;0
FR;1;2021-03-07;63719;4642;1;0;0;3131448;1908686;44;0;0
FR;1;2021-03-08;60157;41717;2;0;0;3191605;1950403;46;0;0
FR;1;2021-03-09;85982;47789;1;0;0;3277587;1998192;47;0;0
FR;1;2021-03-10;90900;47905;5;0;0;3368487;2046097;52;0;0
FR;1;2021-03-11;105064;54366;1;0;0;3473551;2100463;53;0;0
FR;1;2021-03-12;104106;45063;1;0;0;3577657;2145526;54;0;0
FR;1;2021-03-13;89190;12676;1;0;0;3666847;2158202;55;0;0
FR;1;2021-03-14;44451;2826;1;0;0;3711298;2161028;56;0;0
FR;1;2021-03-15;95500;28458;3;0;0;3806798;2189486;59;0;0
FR;1;2021-03-16;123584;34352;5;0;0;3930382;2223838;64;0;0
FR;1;2021-03-17;129294;33999;4;0;0;4059676;2257837;68;0;0
FR;1;2021-03-18;142878;39398;5;0;0;4202554;2297235;73;0;0
FR;1;2021-03-19;136231;32416;2;0;0;4338785;2329651;75;0;0
FR;1;2021-03-20;75987;9890;1;0;0;4414772;2339541;76;0;0
FR;1;2021-03-21;26503;2195;1;0;0;4441275;2341736;77;0;0
FR;1;2021-03-22;114745;30695;2;0;0;4556020;2372431;79;0;0
FR;1;2021-03-23;143018;38072;1;0;0;4699038;2410503;80;0;0
FR;1;2021-03-24;141986;38481;0;0;0;4841024;2448984;80;0;0
FR;1;2021-03-25;164992;39651;4;0;0;5006016;2488635;84;0;0
FR;1;2021-03-26;166384;37527;5;1;0;5172400;2526162;89;1;0
FR;1;2021-03-27;110873;15376;1;0;0;5283273;2541538;90;1;0
FR;1;2021-03-28;42301;4099;3;0;0;5325574;2545637;93;1;0
FR;1;2021-03-29;129804;49399;4;0;0;5455378;2595036;97;1;0
FR;1;2021-03-30;167709;63671;5;0;0;5623087;2658707;102;1;0
FR;1;2021-03-31;170918;67510;4;0;0;5794005;2726217;106;1;0
FR;1;2021-04-01;194769;82026;10;0;0;5988774;2808243;116;1;0
FR;1;2021-04-02;164433;85718;7;0;0;6153207;2893961;123;1;0
FR;1;2021-04-03;88238;58098;5;0;0;6241445;2952059;128;1;0
FR;1;2021-04-04;33648;17699;0;0;0;6275093;2969758;128;1;0
FR;1;2021-04-05;46396;9835;11;0;0;6321489;2979593;139;1;0
FR;1;2021-04-06;160294;103390;17;0;0;6481783;3082983;156;1;0
FR;1;2021-04-07;196966;108052;16;0;0;6678749;3191035;172;1;0
FR;1;2021-04-08;222098;113293;13;0;0;6900847;3304328;185;1;0
FR;1;2021-04-09;214543;107693;21;0;0;7115390;3412021;206;1;0
FR;1;2021-04-10;117170;73249;14;0;0;7232560;3485270;220;1;0
FR;1;2021-04-11;40886;30032;6;0;0;7273446;3515302;226;1;0
FR;1;2021-04-12;168455;104203;46;0;0;7441901;3619505;272;1;0
FR;1;2021-04-13;203784;127912;97;1;0;7645685;3747417;369;2;0
FR;1;2021-04-14;208600;122662;207;0;0;7854285;3870079;576;2;0
FR;1;2021-04-15;221651;127470;311;0;0;8075936;3997549;887;2;0
FR;1;2021-04-16;206039;125313;308;0;0;8281975;4122862;1195;2;0
FR;1;2021-04-17;122075;67153;103;0;0;8404050;4190015;1298;2;0
FR;1;2021-04-18;35960;20949;41;0;0;8440010;4210964;1339;2;0
FR;1;2021-04-19;163728;121622;432;0;0;8603738;4332586;1771;2;0
FR;1;2021-04-20;189396;149169;531;0;0;8793134;4481755;2302;2;0
FR;1;2021-04-21;193973;147136;758;0;0;8987107;4628891;3060;2;0
FR;1;2021-04-22;209009;163542;776;0;0;9196116;4792433;3836;2;0
FR;1;2021-04-23;198936;157344;671;0;0;9395052;4949777;4507;2;0
FR;1;2021-04-24;126324;95600;148;0;0;9521376;5045377;4655;2;0
FR;1;2021-04-25;53623;30019;46;0;0;9574999;5075396;4701;2;0
FR;1;2021-04-26;181119;138988;540;0;0;9756118;5214384;5241;2;0
FR;1;2021-04-27;221346;162121;900;0;0;9977464;5376505;6141;2;0
FR;1;2021-04-28;238274;155402;1311;1;1;10215738;5531907;7452;3;1
FR;1;2021-04-29;270260;160762;1208;0;0;10485998;5692669;8660;3;1
FR;1;2021-04-30;271960;148374;1071;0;0;10757958;5841043;9731;3;1
FR;1;2021-05-01;141137;40610;172;0;0;10899095;5881653;9903;3;1
FR;1;2021-05-02;81535;28121;81;0;0;10980630;5909774;9984;3;1
FR;1;2021-05-03;250759;144338;802;0;0;11231389;6054112;10786;3;1
FR;1;2021-05-04;265851;187224;1199;0;0;11497240;6241336;11985;3;1
FR;1;2021-05-05;283856;185238;1265;0;0;11781096;6426574;13250;3;1
FR;1;2021-05-06;309941;183623;1501;0;0;12091037;6610197;14751;3;1
FR;1;2021-05-07;284072;195945;1125;0;0;12375109;6806142;15876;3;1
FR;1;2021-05-08;191649;49608;285;0;0;12566758;6855750;16161;3;1
FR;1;2021-05-09;114048;35381;236;0;0;12680806;6891131;16397;3;1
FR;1;2021-05-10;258189;194306;1184;0;0;12938995;7085437;17581;3;1
FR;1;2021-05-11;318863;210945;1463;0;0;13257858;7296382;19044;3;1
FR;1;2021-05-12;356602;185801;1399;0;0;13614460;7482183;20443;3;1
FR;1;2021-05-13;283425;47586;399;0;0;13897885;7529769;20842;3;1
FR;1;2021-05-14;370471;128545;993;0;0;14268356;7658314;21835;3;1
FR;1;2021-05-15;298072;66129;403;0;0;14566428;7724443;22238;3;1
FR;1;2021-05-16;157766;15492;158;0;0;14724194;7739935;22396;3;1
FR;1;2021-05-17;318912;116228;1439;0;0;15043106;7856163;23835;3;1
FR;1;2021-05-18;383304;111331;1797;0;0;15426410;7967494;25632;3;1
FR;1;2021-05-19;395241;102202;2178;0;0;15821651;8069696;27810;3;1
FR;1;2021-05-20;421772;95976;2043;0;0;16243423;8165672;29853;3;1
FR;1;2021-05-21;399785;97230;1760;0;0;16643208;8262902;31613;3;1
FR;1;2021-05-22;275670;41954;602;0;0;16918878;8304856;32215;3;1
FR;1;2021-05-23;123006;11069;224;0;0;17041884;8315925;32439;3;1
FR;1;2021-05-24;243996;26251;568;0;0;17285880;8342176;33007;3;1
FR;1;2021-05-25;366214;131598;2110;1;0;17652094;8473774;35117;4;1
FR;1;2021-05-26;380791;126292;1991;0;0;18032885;8600066;37108;4;1
FR;1;2021-05-27;406118;128045;1975;0;0;18439003;8728111;39083;4;1
FR;1;2021-05-28;366007;145361;1698;0;0;18805010;8873472;40781;4;1
FR;1;2021-05-29;253816;80903;526;0;0;19058826;8954375;41307;4;1
FR;1;2021-05-30;100969;22568;157;0;0;19159795;8976943;41464;4;1
FR;1;2021-05-31;314294;148887;1281;1;1;19474089;9125830;42745;5;2
FR;1;2021-06-01;361587;166516;1726;1;1;19835676;9292346;44471;6;3
FR;1;2021-06-02;365350;153519;1795;0;0;20201026;9445865;46266;6;3
FR;1;2021-06-03;391364;147552;1651;0;0;20592390;9593417;47917;6;3
FR;1;2021-06-04;363981;175582;1493;1;1;20956371;9768999;49410;7;4
FR;1;2021-06-05;258492;112687;596;0;0;21214863;9881686;50006;7;4
FR;1;2021-06-06;126792;37555;215;0;0;21341655;9919241;50221;7;4
FR;1;2021-06-07;300809;207828;1363;0;0;21642464;10127069;51584;7;4
FR;1;2021-06-08;330697;220699;1642;0;0;21973161;10347768;53226;7;4
FR;1;2021-06-09;336500;211863;1609;0;0;22309661;10559631;54835;7;4
FR;1;2021-06-10;343836;201477;1610;0;0;22653497;10761108;56445;7;4
FR;1;2021-06-11;311853;235020;1299;0;0;22965350;10996128;57744;7;4
FR;1;2021-06-12;244057;150612;433;0;0;23209407;11146740;58177;7;4
FR;1;2021-06-13;100359;60998;188;0;0;23309766;11207738;58365;7;4
FR;1;2021-06-14;207817;288278;1317;1;0;23517583;11496016;59682;8;4
FR;1;2021-06-15;256807;281800;1392;1;0;23774390;11777816;61074;9;4
FR;1;2021-06-16;273627;270576;1263;1;0;24048017;12048392;62337;10;4
FR;1;2021-06-17;268178;244790;1235;1;0;24316195;12293182;63572;11;4
FR;1;2021-06-18;260573;295519;1152;1;0;24576768;12588701;64724;12;4
FR;1;2021-06-19;193437;209491;387;0;0;24770205;12798192;65111;12;4
FR;1;2021-06-20;69694;89122;117;0;0;24839899;12887314;65228;12;4
FR;1;2021-06-21;172333;319766;932;1;1;25012232;13207080;66160;13;5
FR;1;2021-06-22;185834;347844;1100;10;2;25198066;13554924;67260;23;7
FR;1;2021-06-23;204178;339502;1049;0;0;25402244;13894426;68309;23;7
FR;1;2021-06-24;203502;282052;1171;0;0;25605746;14176478;69480;23;7
FR;1;2021-06-25;182643;371774;1197;0;0;25788389;14548252;70677;23;7
FR;1;2021-06-26;131372;278372;503;0;0;25919761;14826624;71180;23;7
FR;1;2021-06-27;52398;122902;145;0;0;25972159;14949526;71325;23;7
FR;1;2021-06-28;136630;368179;1062;0;0;26108789;15317705;72387;23;7
FR;1;2021-06-29;154856;390849;1849;0;0;26263645;15708554;74236;23;7
FR;1;2021-06-30;180027;381412;1664;4;2;26443672;16089966;75900;27;9
FR;1;2021-07-01;201445;332244;1886;5;1;26645117;16422210;77786;32;10
FR;1;2021-07-02;193758;367564;1765;5;2;26838875;16789774;79551;37;12
FR;1;2021-07-03;124469;280439;704;3;1;26963344;17070213;80255;40;13
FR;1;2021-07-04;53929;113690;244;0;0;27017273;17183903;80499;40;13
FR;1;2021-07-05;153908;355970;1500;8;2;27171181;17539873;81999;48;15
FR;1;2021-07-06;173454;382437;1601;45;8;27344635;17922310;83600;93;23
FR;1;2021-07-07;190751;362468;1657;25;5;27535386;18284778;85257;118;28
FR;1;2021-07-08;201530;323076;1826;20;6;27736916;18607854;87083;138;34
FR;1;2021-07-09;189901;387849;1853;3;2;27926817;18995703;88936;141;36
FR;1;2021-07-10;129927;281169;814;1;1;28056744;19276872;89750;142;37
FR;1;2021-07-11;57663;102516;262;0;0;28114407;19379388;90012;142;37
FR;1;2021-07-12;149635;416971;1581;4;0;28264042;19796359;91593;146;37
FR;1;2021-07-13;234225;439334;1805;8;1;28498267;20235693;93398;154;38
FR;1;2021-07-14;171866;151462;417;0;0;28670133;20387155;93815;154;38
FR;1;2021-07-15;279632;424592;1858;1;0;28949765;20811747;95673;155;38
FR;1;2021-07-16;290388;400981;1711;3;1;29240153;21212728;97384;158;39
FR;1;2021-07-17;217326;282054;754;1;0;29457479;21494782;98138;159;39
FR;1;2021-07-18;101985;107259;288;0;0;29559464;21602041;98426;159;39
FR;1;2021-07-19;238164;378909;1497;3;0;29797628;21980950;99923;162;39
FR;1;2021-07-20;305642;380464;1469;0;0;30103270;22361414;101392;162;39
FR;1;2021-07-21;333173;353187;1412;4;2;30436443;22714601;102804;166;41
FR;1;2021-07-22;364589;319036;1502;3;2;30801032;23033637;104306;169;43
FR;1;2021-07-23;349293;343392;1587;4;1;31150325;23377029;105893;173;44
FR;1;2021-07-24;238928;240888;697;1;0;31389253;23617917;106590;174;44
FR;1;2021-07-25;112767;76028;221;0;0;31502020;23693945;106811;174;44
FR;1;2021-07-26;299050;289786;1496;2;2;31801070;23983731;108307;176;46
FR;1;2021-07-27;385757;268442;1457;4;2;32186827;24252173;109764;180;48
FR;1;2021-07-28;390134;251230;1460;4;2;32576961;24503403;111224;184;50
FR;1;2021-07-29;406054;228027;1538;2;1;32983015;24731430;112762;186;51
FR;1;2021-07-30;370640;246849;1637;4;1;33353655;24978279;114399;190;52
FR;1;2021-07-31;243363;165127;793;1;0;33597018;25143406;115192;191;52
FR;1;2021-08-01;105545;47226;232;0;0;33702563;25190632;115424;191;52
FR;1;2021-08-02;297103;213107;1479;2;0;33999666;25403739;116903;193;52
FR;1;2021-08-03;331244;208963;1549;2;1;34330910;25612702;118452;195;53
FR;1;2021-08-04;327937;184201;1438;5;3;34658847;25796903;119890;200;56
FR;1;2021-08-05;301195;193413;1482;0;0;34960042;25990316;121372;200;56
FR;1;2021-08-06;290898;224410;1560;3;1;35250940;26214726;122932;203;57
FR;1;2021-08-07;182624;158817;654;4;3;35433564;26373543;123586;207;60
FR;1;2021-08-08;68854;59127;251;0;0;35502418;26432670;123837;207;60
FR;1;2021-08-09;222699;235640;1443;4;3;35725117;26668310;125280;211;63
FR;1;2021-08-10;252651;240344;1489;2;1;35977768;26908654;126769;213;64
FR;1;2021-08-11;236145;232081;1271;5;1;36213913;27140735;128040;218;65
FR;1;2021-08-12;220711;240100;1487;3;1;36434624;27380835;129527;221;66
FR;1;2021-08-13;201665;238599;1357;2;2;36636289;27619434;130884;223;68
FR;1;2021-08-14;122833;174093;645;0;0;36759122;27793527;131529;223;68
FR;1;2021-08-15;34673;46128;199;1;0;36793795;27839655;131728;224;68
FR;1;2021-08-16;156896;289719;1421;0;0;36950691;28129374;133149;224;68
FR;1;2021-08-17;171548;291379;1422;5;1;37122239;28420753;134571;229;69
FR;1;2021-08-18;161370;286924;1392;6;3;37283609;28707677;135963;235;72
FR;1;2021-08-19;148877;277663;1400;1;0;37432486;28985340;137363;236;72
FR;1;2021-08-20;140457;309158;1531;2;2;37572943;29294498;138894;238;74
FR;1;2021-08-21;84252;213210;586;0;0;37657195;29507708;139480;238;74
FR;1;2021-08-22;28549;82695;232;0;0;37685744;29590403;139712;238;74
FR;1;2021-08-23;118612;321069;1422;2;1;37804356;29911472;141134;240;75
FR;1;2021-08-24;126619;319830;1602;5;1;37930975;30231302;142736;245;76
FR;1;2021-08-25;121488;306547;1779;8;3;38052463;30537849;144515;253;79
FR;1;2021-08-26;106568;286169;2159;10;0;38159031;30824018;146674;263;79
FR;1;2021-08-27;107617;321693;2301;9;3;38266648;31145711;148975;272;82
FR;1;2021-08-28;70997;220714;1099;0;0;38337645;31366425;150074;272;82
FR;1;2021-08-29;24139;78180;469;1;0;38361784;31444605;150543;273;82
FR;1;2021-08-30;96832;286481;4309;6;5085;38458616;31731086;154852;279;5167
FR;1;2021-08-31;98043;276355;9290;15;10134;38556659;32007441;164142;294;15301
FR;1;2021-09-01;112140;245352;21112;7;22124;38668799;32252793;185254;301;37425
FR;1;2021-09-02;85840;197998;24524;18;25480;38754639;32450791;209778;319;62905
FR;1;2021-09-03;82367;227605;26952;21;28010;38837006;32678396;236730;340;90915
FR;1;2021-09-04;71612;189724;11139;11;11672;38908618;32868120;247869;351;102587
FR;1;2021-09-05;18607;41160;4123;2;4281;38927225;32909280;251992;353;106868
FR;1;2021-09-06;59519;151539;30177;15;31173;38986744;33060819;282169;368;138041
FR;1;2021-09-07;57336;139719;30205;30;31196;39044080;33200538;312374;398;169237
FR;1;2021-09-08;72124;173844;26922;22;27918;39116204;33374382;339296;420;197155
FR;1;2021-09-09;54379;124519;28610;24;29662;39170583;33498901;367906;444;226817
FR;1;2021-09-10;66070;152101;30443;23;31604;39236653;33651002;398349;467;258421
FR;1;2021-09-11;52596;146617;9729;15;10335;39289249;33797619;408078;482;268756
FR;1;2021-09-12;10792;29262;2484;1;2642;39300041;33826881;410562;483;271398
FR;1;2021-09-13;51444;104517;38741;30;39994;39351485;33931398;449303;513;311392
FR;1;2021-09-14;53268;96047;51263;66;53011;39404753;34027445;500566;579;364403
FR;1;2021-09-15;60481;139290;50475;55;47009;39465234;34166735;551041;634;411412
FR;1;2021-09-16;46571;81436;53310;71;49516;39511805;34248171;604351;705;460928
FR;1;2021-09-17;53161;109372;45054;61;42659;39564966;34357543;649405;766;503587
FR;1;2021-09-18;37855;118493;11795;19;11264;39602821;34476036;661200;785;514851
FR;1;2021-09-19;6500;21036;2038;1;1976;39609321;34497072;663238;786;516827
FR;1;2021-09-20;36477;74905;46216;65;44153;39645798;34571977;709454;851;560980
FR;1;2021-09-21;34157;68155;56245;71;52659;39679955;34640132;765699;922;613639
FR;1;2021-09-22;38802;118586;49860;76;46856;39718757;34758718;815559;998;660495
FR;1;2021-09-23;31980;62881;54484;85;50861;39750737;34821599;870043;1083;711356
FR;1;2021-09-24;36758;90110;43650;89;41903;39787495;34911709;913693;1172;753259
FR;1;2021-09-25;27635;96679;12301;27;12174;39815130;35008388;925994;1199;765433
FR;1;2021-09-26;4366;15188;1772;5;1695;39819496;35023576;927766;1204;767128
FR;1;2021-09-27;27326;60229;42898;89;41600;39846822;35083805;970664;1293;808728
FR;1;2021-09-28;26879;49464;47175;75;44422;39873701;35133269;1017839;1368;853150
FR;1;2021-09-29;35874;80362;47259;87;45553;39909575;35213631;1065098;1455;898703
FR;1;2021-09-30;26032;46869;47517;80;45415;39935607;35260500;1112615;1535;944118
FR;1;2021-10-01;47264;65948;44872;83;44498;39982871;35326448;1157487;1618;988616
FR;1;2021-10-02;32362;62403;16108;32;16308;40015233;35388851;1173595;1650;1004924
FR;1;2021-10-03;4337;8565;2035;3;2030;40019570;35397416;1175630;1653;1006954
FR;1;2021-10-04;28904;44448;47091;79;46932;40048474;35441864;1222721;1732;1053886
FR;1;2021-10-05;24476;41643;49862;116;49233;40072950;35483507;1272583;1848;1103119
FR;1;2021-10-06;34610;61401;57478;102;57193;40107560;35544908;1330061;1950;1160312
FR;1;2021-10-07;21025;39868;53020;75;51896;40128585;35584776;1383081;2025;1212208
FR;1;2021-10-08;35485;59640;60380;83;61105;40164070;35644416;1443461;2108;1273313
FR;1;2021-10-09;27439;48017;25486;29;25998;40191509;35692433;1468947;2137;1299311
FR;1;2021-10-10;3702;5805;2750;7;2856;40195211;35698238;1471697;2144;1302167
FR;1;2021-10-11;24814;38189;54576;88;55221;40220025;35736427;1526273;2232;1357388
FR;1;2021-10-12;23309;36547;58047;127;59129;40243334;35772974;1584320;2359;1416517
FR;1;2021-10-13;32896;47847;64156;124;65650;40276230;35820821;1648476;2483;1482167
FR;1;2021-10-14;21656;34779;53741;103;54317;40297886;35855600;1702217;2586;1536484
FR;1;2021-10-15;32649;48814;72315;165;74960;40330535;35904414;1774532;2751;1611444
FR;1;2021-10-16;25980;35290;34862;44;36400;40356515;35939704;1809394;2795;1647844
FR;1;2021-10-17;3103;4054;3408;2;3314;40359618;35943758;1812802;2797;1651158
FR;1;2021-10-18;23867;34916;66819;131;69684;40383485;35978674;1879621;2928;1720842
FR;1;2021-10-19;20675;35456;75644;135;79558;40404160;36014130;1955265;3063;1800400
FR;1;2021-10-20;29858;44248;96163;178;99803;40434018;36058378;2051428;3241;1900203
FR;1;2021-10-21;19695;35078;83151;107;87010;40453713;36093456;2134579;3348;1987213
FR;1;2021-10-22;29654;47727;103716;196;109631;40483367;36141183;2238295;3544;2096844
FR;1;2021-10-23;23024;35157;44859;57;47366;40506391;36176340;2283154;3601;2144210
FR;1;2021-10-24;2376;3868;3580;6;3730;40508767;36180208;2286734;3607;2147940
FR;1;2021-10-25;22407;30780;82006;143;85789;40531174;36210988;2368740;3750;2233729
FR;1;2021-10-26;19317;27678;86080;162;90293;40550491;36238666;2454820;3912;2324022
FR;1;2021-10-27;26176;39666;107783;252;112654;40576667;36278332;2562603;4164;2436676
FR;1;2021-10-28;18773;27140;86920;150;91644;40595440;36305472;2649523;4314;2528320
FR;1;2021-10-29;25917;40284;114803;200;121584;40621357;36345756;2764326;4514;2649904
FR;1;2021-10-30;17687;28716;49353;74;51930;40639044;36374472;2813679;4588;2701834
FR;1;2021-10-31;2058;3181;3445;2;3680;40641102;36377653;2817124;4590;2705514
FR;1;2021-11-01;7864;4257;3027;3;3280;40648966;36381910;2820151;4593;2708794
FR;1;2021-11-02;22187;33241;92370;156;97748;40671153;36415151;2912521;4749;2806542
FR;1;2021-11-03;26550;41609;117467;215;123843;40697703;36456760;3029988;4964;2930385
FR;1;2021-11-04;19574;30341;105773;213;111879;40717277;36487101;3135761;5177;3042264
FR;1;2021-11-05;26962;42331;138750;229;147363;40744239;36529432;3274511;5406;3189627
FR;1;2021-11-06;18830;29840;63463;123;66460;40763069;36559272;3337974;5529;3256087
FR;1;2021-11-07;1801;3310;4964;6;5297;40764870;36562582;3342938;5535;3261384
FR;1;2021-11-08;17824;32299;125971;224;132575;40782694;36594881;3468909;5759;3393959
FR;1;2021-11-09;19462;37707;159263;334;169016;40802156;36632588;3628172;6093;3562975
FR;1;2021-11-10;28831;49197;181859;440;192428;40830987;36681785;3810031;6533;3755403
FR;1;2021-11-11;4021;5944;12212;26;13014;40835008;36687729;3822243;6559;3768417
FR;1;2021-11-12;25992;46880;174785;244;186415;40861000;36734609;3997028;6803;3954832
FR;1;2021-11-13;18718;29226;76810;111;81753;40879718;36763835;4073838;6914;4036585
FR;1;2021-11-14;2037;3282;6816;5;7366;40881755;36767117;4080654;6919;4043951
FR;1;2021-11-15;18735;34835;156375;304;166171;40900490;36801952;4237029;7223;4210122
FR;1;2021-11-16;21296;37925;192064;377;204882;40921786;36839877;4429093;7600;4415004
FR;1;2021-11-17;28614;45681;193191;399;204974;40950400;36885558;4622284;7999;4619978
FR;1;2021-11-18;21110;39192;182444;458;194449;40971510;36924750;4804728;8457;4814427
FR;1;2021-11-19;30867;53392;230197;530;246633;41002377;36978142;5034925;8987;5061060
FR;1;2021-11-20;23750;33278;96964;201;103609;41026127;37011420;5131889;9188;5164669
FR;1;2021-11-21;2320;3985;9103;19;9965;41028447;37015405;5140992;9207;5174634
FR;1;2021-11-22;21384;30485;175855;465;189390;41049831;37045890;5316847;9672;5364024
FR;1;2021-11-23;23937;41108;221132;539;237841;41073768;37086998;5537979;10211;5601865
FR;1;2021-11-24;30279;49787;217286;702;234421;41104047;37136785;5755265;10913;5836286
FR;1;2021-11-25;23567;44025;244415;719;264011;41127614;37180810;5999680;11632;6100297
FR;1;2021-11-26;30597;66811;356742;833;388439;41158211;37247621;6356422;12465;6488736
FR;1;2021-11-27;21877;45392;202588;371;222585;41180088;37293013;6559010;12836;6711321
FR;1;2021-11-28;3159;9638;54770;63;61021;41183247;37302651;6613780;12899;6772342
FR;1;2021-11-29;17868;49537;326325;839;354358;41201115;37352188;6940105;13738;7126700
FR;1;2021-11-30;22751;64997;431086;952;470684;41223866;37417185;7371191;14690;7597384
FR;1;2021-12-01;25243;69382;442820;1129;481688;41249109;37486567;7814011;15819;8079072
FR;1;2021-12-02;20047;64613;489321;1227;532803;41269156;37551180;8303332;17046;8611875
FR;1;2021-12-03;22874;82101;542680;1308;591703;41292030;37633281;8846012;18354;9203578
FR;1;2021-12-04;16387;53966;299054;652;328896;41308417;37687247;9145066;19006;9532474
FR;1;2021-12-05;3629;13889;81507;143;91055;41312046;37701136;9226573;19149;9623529
FR;1;2021-12-06;24598;62678;415373;1065;455071;41336644;37763814;9641946;20214;10078600
FR;1;2021-12-07;19969;75769;522882;1534;572505;41356613;37839583;10164828;21748;10651105
FR;1;2021-12-08;21674;75836;458299;1543;502007;41378287;37915419;10623127;23291;11153112
FR;1;2021-12-09;19429;74099;492850;1626;540724;41397716;37989518;11115977;24917;11693836
FR;1;2021-12-10;23284;87821;547335;1585;599958;41421000;38077339;11663312;26502;12293794
FR;1;2021-12-11;16528;59145;302711;748;335455;41437528;38136484;11966023;27250;12629249
FR;1;2021-12-12;4347;16015;83195;179;94068;41441875;38152499;12049218;27429;12723317
FR;1;2021-12-13;15731;63784;366888;1093;406198;41457606;38216283;12416106;28522;13129515
FR;1;2021-12-14;20751;80459;464626;1743;515112;41478357;38296742;12880732;30265;13644627
FR;1;2021-12-15;21566;77570;408993;1309;453081;41499923;38374312;13289725;31574;14097708
FR;1;2021-12-16;20022;77431;451777;1577;500544;41519945;38451743;13741502;33151;14598252
FR;1;2021-12-17;22581;86778;479867;1733;530943;41542526;38538521;14221369;34884;15129195
FR;1;2021-12-18;17595;54737;257579;730;288490;41560121;38593258;14478948;35614;15417685
FR;1;2021-12-19;5548;17098;79148;194;90721;41565669;38610356;14558096;35808;15508406
FR;1;2021-12-20;20895;63230;316167;1080;355251;41586564;38673586;14874263;36888;15863657
FR;1;2021-12-21;26261;73223;372674;1420;418024;41612825;38746809;15246937;38308;16281681
FR;1;2021-12-22;24939;66037;310565;1216;349565;41637764;38812846;15557502;39524;16631246
FR;1;2021-12-23;21258;52411;241434;953;273014;41659022;38865257;15798936;40477;16904260
FR;1;2021-12-24;7112;18362;67130;258;77048;41666134;38883619;15866066;40735;16981308
FR;1;2021-12-25;503;2818;5577;15;6532;41666637;38886437;15871643;40750;16987840
FR;1;2021-12-26;2751;7589;26932;70;31451;41669388;38894026;15898575;40820;17019291
FR;1;2021-12-27;18250;53608;235062;706;265724;41687638;38947634;16133637;41526;17285015
FR;1;2021-12-28;23276;62078;291995;1026;330183;41710914;39009712;16425632;42552;17615198
FR;1;2021-12-29;22205;55599;254952;918;288172;41733119;39065311;16680584;43470;17903370
FR;1;2021-12-30;21232;46593;212123;857;239594;41754351;39111904;16892707;44327;18142964
FR;1;2021-12-31;7463;16611;61846;229;70388;41761814;39128515;16954553;44556;18213352
FR;1;2022-01-01;1044;2495;5653;30;6584;41762858;39131010;16960206;44586;18219936
FR;1;2022-01-02;3058;8053;28884;50;33521;41765916;39139063;16989090;44636;18253457
FR;1;2022-01-03;22683;54221;228194;786;257641;41788599;39193284;17217284;45422;18511098
FR;1;2022-01-04;25663;65006;299201;1238;337249;41814262;39258290;17516485;46660;18848347
FR;1;2022-01-05;30060;64171;274814;1097;310165;41844322;39322461;17791299;47757;19158512
FR;1;2022-01-06;26750;66197;306845;1397;346494;41871072;39388658;18098144;49154;19505006
FR;1;2022-01-07;31540;74963;349790;1535;393923;41902612;39463621;18447934;50689;19898929
FR;1;2022-01-08;23378;51412;222478;696;251104;41925990;39515033;18670412;51385;20150033
FR;1;2022-01-09;7076;17152;66014;163;76137;41933066;39532185;18736426;51548;20226170
FR;1;2022-01-10;21708;60444;236736;953;267591;41954774;39592629;18973162;52501;20493761
FR;1;2022-01-11;26618;63497;282242;1277;317795;41981392;39656126;19255404;53778;20811556
FR;1;2022-01-12;28866;62475;246198;1104;277991;42010258;39718601;19501602;54882;21089547
FR;1;2022-01-13;24696;60161;262763;1252;296093;42034954;39778762;19764365;56134;21385640
FR;1;2022-01-14;27934;66696;313938;1366;351202;42062888;39845458;20078303;57500;21736842
FR;1;2022-01-15;19324;44399;199289;619;223860;42082212;39889857;20277592;58119;21960702
FR;1;2022-01-16;5142;12967;51514;135;59572;42087354;39902824;20329106;58254;22020274
FR;1;2022-01-17;16833;39776;184802;780;206853;42104187;39942600;20513908;59034;22227127
FR;1;2022-01-18;19379;45940;212380;1151;236994;42123566;39988540;20726288;60185;22464121
FR;1;2022-01-19;20277;44002;176069;897;197180;42143843;40032542;20902357;61082;22661301
FR;1;2022-01-20;16760;40546;183629;1137;204718;42160603;40073088;21085986;62219;22866019
FR;1;2022-01-21;19889;47010;228926;1406;253328;42180492;40120098;21314912;63625;23119347
FR;1;2022-01-22;13834;33334;144479;578;161373;42194326;40153432;21459391;64203;23280720
FR;1;2022-01-23;3349;8784;33416;131;38328;42197675;40162216;21492807;64334;23319048
FR;1;2022-01-24;11790;32973;142176;708;158240;42209465;40195189;21634983;65042;23477288
FR;1;2022-01-25;14185;38223;163361;1048;181538;42223650;40233412;21798344;66090;23658826
FR;1;2022-01-26;14854;37577;150226;932;166315;42238504;40270989;21948570;67022;23825141
FR;1;2022-01-27;12322;33137;143426;885;157933;42250826;40304126;22091996;67907;23983074
FR;1;2022-01-28;16300;55621;198283;1145;222434;42267126;40359747;22290279;69052;24205508
FR;1;2022-01-29;10262;35439;135189;524;151542;42277388;40395186;22425468;69576;24357050
FR;1;2022-01-30;2479;9276;29676;86;34468;42279867;40404462;22455144;69662;24391518
FR;1;2022-01-31;8748;32372;104320;531;117390;42288615;40436834;22559464;70193;24508908
FR;1;2022-02-01;10709;36438;127045;863;141243;42299324;40473272;22686509;71056;24650151
FR;1;2022-02-02;11784;41527;130334;780;145867;42311108;40514799;22816843;71836;24796018
FR;1;2022-02-03;9146;33769;116988;783;130366;42320254;40548568;22933831;72619;24926384
FR;1;2022-02-04;11501;48184;172555;966;192786;42331755;40596752;23106386;73585;25119170
FR;1;2022-02-05;7984;33962;117565;391;133058;42339739;40630714;23223951;73976;25252228
FR;1;2022-02-06;1695;8022;22741;85;26906;42341434;40638736;23246692;74061;25279134
FR;1;2022-02-07;7262;35453;119066;452;134977;42348696;40674189;23365758;74513;25414111
FR;1;2022-02-08;7649;31838;125619;693;140602;42356345;40706027;23491377;75206;25554713
FR;1;2022-02-09;8565;36429;135229;696;152467;42364910;40742456;23626606;75902;25707180
FR;1;2022-02-10;6830;29709;116339;673;130120;42371740;40772165;23742945;76575;25837300
FR;1;2022-02-11;8641;41479;165095;877;185315;42380381;40813644;23908040;77452;26022615
FR;1;2022-02-12;5311;27570;106686;378;120864;42385692;40841214;24014726;77830;26143479
FR;1;2022-02-13;1226;5710;21713;65;25327;42386918;40846924;24036439;77895;26168806
FR;1;2022-02-14;5429;27170;118059;392;133085;42392347;40874094;24154498;78287;26301891
FR;1;2022-02-15;5676;28589;118889;610;132511;42398023;40902683;24273387;78897;26434402
FR;1;2022-02-16;5709;28400;110398;595;123027;42403732;40931083;24383785;79492;26557429
FR;1;2022-02-17;4523;19639;73116;487;80212;42408255;40950722;24456901;79979;26637641
FR;1;2022-02-18;5585;26731;99172;670;108127;42413840;40977453;24556073;80649;26745768
FR;1;2022-02-19;3544;17160;59470;304;66048;42417384;40994613;24615543;80953;26811816
FR;1;2022-02-20;787;3247;10695;36;12319;42418171;40997860;24626238;80989;26824135
FR;1;2022-02-21;3411;14571;52809;286;57657;42421582;41012431;24679047;81275;26881792
FR;1;2022-02-22;3767;15490;51886;499;55616;42425349;41027921;24730933;81774;26937408
FR;1;2022-02-23;4196;17770;57459;508;62561;42429545;41045691;24788392;82282;26999969
FR;1;2022-02-24;3274;13020;43596;435;46385;42432819;41058711;24831988;82717;27046354
FR;1;2022-02-25;4433;19750;64882;695;68746;42437252;41078461;24896870;83412;27115100
FR;1;2022-02-26;2687;12793;41354;309;45107;42439939;41091254;24938224;83721;27160207
FR;1;2022-02-27;642;2181;7120;42;7985;42440581;41093435;24945344;83763;27168192
FR;1;2022-02-28;2581;10436;34938;304;37363;42443162;41103871;24980282;84067;27205555
FR;1;2022-03-01;3248;10634;38679;390;39624;42446410;41114505;25018961;84457;27245179
FR;1;2022-03-02;3580;12088;41833;394;43899;42449990;41126593;25060794;84851;27289078
FR;1;2022-03-03;2380;7889;26151;324;26483;42452370;41134482;25086945;85175;27315561
FR;1;2022-03-04;2667;10376;35410;589;34903;42455037;41144858;25122355;85764;27350464
FR;1;2022-03-05;1813;6330;21954;278;22345;42456850;41151188;25144309;86042;27372809
FR;1;2022-03-06;353;950;2914;38;3117;42457203;41152138;25147223;86080;27375926
FR;1;2022-03-07;1635;4659;16425;245;15889;42458838;41156797;25163648;86325;27391815
FR;1;2022-03-08;1603;5202;17146;307;15972;42460441;41161999;25180794;86632;27407787
FR;1;2022-03-09;1914;6612;19794;368;19148;42462355;41168611;25200588;87000;27426935
FR;1;2022-03-10;1321;4711;15261;306;14296;42463676;41173322;25215849;87306;27441231
FR;1;2022-03-11;1703;6367;21693;481;19843;42465379;41179689;25237542;87787;27461074
FR;1;2022-03-12;1228;4642;15359;278;14908;42466607;41184331;25252901;88065;27475982
FR;1;2022-03-13;242;607;2116;117;2063;42466849;41184938;25255017;88182;27478045
FR;1;2022-03-14;1094;3637;13383;3877;12506;42467943;41188575;25268400;92059;27490551
FR;1;2022-03-15;1297;4328;14624;6861;13142;42469240;41192903;25283024;98920;27503693
FR;1;2022-03-16;1635;4920;17369;11514;16424;42470875;41197823;25300393;110434;27520117
FR;1;2022-03-17;1123;3334;11701;9642;10801;42471998;41201157;25312094;120076;27530918
FR;1;2022-03-18;1685;4859;17939;16490;16373;42473683;41206016;25330033;136566;27547291
FR;1;2022-03-19;1120;3283;11885;8452;11353;42474803;41209299;25341918;145018;27558644
FR;1;2022-03-20;220;551;1722;1013;1756;42475023;41209850;25343640;146031;27560400
FR;1;2022-03-21;1049;2742;11485;13444;10831;42476072;41212592;25355125;159475;27571231
FR;1;2022-03-22;1197;3175;12242;18685;11231;42477269;41215767;25367367;178160;27582462
FR;1;2022-03-23;1476;4260;16003;20101;15683;42478745;41220027;25383370;198261;27598145
FR;1;2022-03-24;1079;2629;10377;16023;9628;42479824;41222656;25393747;214284;27607773
FR;1;2022-03-25;1506;4160;16708;25293;15353;42481330;41226816;25410455;239577;27623126
FR;1;2022-03-26;1100;2988;10846;11449;10508;42482430;41229804;25421301;251026;27633634
FR;1;2022-03-27;229;540;1738;1380;1790;42482659;41230344;25423039;252406;27635424
FR;1;2022-03-28;1046;2451;9958;15877;9581;42483705;41232795;25432997;268283;27645005
FR;1;2022-03-29;1119;2724;11544;25080;10906;42484824;41235519;25444541;293363;27655911
FR;1;2022-03-30;1609;3511;14143;24167;13679;42486433;41239030;25458684;317530;27669590
FR;1;2022-03-31;1275;2785;11673;22619;11180;42487708;41241815;25470357;340149;27680770
FR;1;2022-04-01;2043;3981;18438;28488;17300;42489751;41245796;25488795;368637;27698070
FR;1;2022-04-02;903;1866;8186;9211;7933;42490654;41247662;25496981;377848;27706003
FR;1;2022-04-03;197;369;1432;1054;1432;42490851;41248031;25498413;378902;27707435
FR;1;2022-04-04;1373;2312;11322;17639;10698;42492224;41250343;25509735;396541;27718133
FR;1;2022-04-05;1344;2590;12971;31142;11994;42493568;41252933;25522706;427683;27730127
FR;1;2022-04-06;1353;2829;12172;23830;11597;42494921;41255762;25534878;451513;27741724
FR;1;2022-04-07;1158;2609;12316;31005;11780;42496079;41258371;25547194;482518;27753504
FR;1;2022-04-08;1569;3535;17526;40541;16431;42497648;41261906;25564720;523059;27769935
FR;1;2022-04-09;812;1982;8393;12485;8090;42498460;41263888;25573113;535544;27778025
FR;1;2022-04-10;193;487;1829;1833;1871;42498653;41264375;25574942;537377;27779896
FR;1;2022-04-11;970;2158;10949;22212;10657;42499623;41266533;25585891;559589;27790553
FR;1;2022-04-12;1233;2442;12778;37971;12265;42500856;41268975;25598669;597560;27802818
FR;1;2022-04-13;1194;2694;12238;30540;11966;42502050;41271669;25610907;628100;27814784
FR;1;2022-04-14;1181;2390;12050;33475;12057;42503231;41274059;25622957;661575;27826841
FR;1;2022-04-15;1447;2881;14368;33167;13743;42504678;41276940;25637325;694742;27840584
FR;1;2022-04-16;653;1388;5831;7975;5751;42505331;41278328;25643156;702717;27846335
FR;1;2022-04-17;153;273;929;1118;971;42505484;41278601;25644085;703835;27847306
FR;1;2022-04-18;133;418;2631;998;2655;42505617;41279019;25646716;704833;27849961
FR;1;2022-04-19;1207;2546;11756;27776;11451;42506824;41281565;25658472;732609;27861412
FR;1;2022-04-20;1300;2576;12148;26796;11981;42508124;41284141;25670620;759405;27873393
FR;1;2022-04-21;1215;2389;11500;33075;11655;42509339;41286530;25682120;792480;27885048
FR;1;2022-04-22;1487;3023;15179;35404;14766;42510826;41289553;25697299;827884;27899814
FR;1;2022-04-23;753;1563;6727;9885;6633;42511579;41291116;25704026;837769;27906447
FR;1;2022-04-24;194;359;1372;1520;1324;42511773;41291475;25705398;839289;27907771
FR;1;2022-04-25;1003;2074;9843;19616;9741;42512776;41293549;25715241;858905;27917512
FR;1;2022-04-26;1304;2588;12582;36522;12185;42514080;41296137;25727823;895427;27929697
FR;1;2022-04-27;1296;2375;10623;29131;10763;42515376;41298512;25738446;924558;27940460
FR;1;2022-04-28;1257;2315;11535;34097;11361;42516633;41300827;25749981;958655;27951821
FR;1;2022-04-29;1585;3214;14377;35411;13808;42518218;41304041;25764358;994066;27965629
FR;1;2022-04-30;819;1442;6433;9151;6277;42519037;41305483;25770791;1003217;27971906
FR;1;2022-05-01;170;277;818;946;813;42519207;41305760;25771609;1004163;27972719
FR;1;2022-05-02;989;2253;10318;16847;10202;42520196;41308013;25781927;1021010;27982921
FR;1;2022-05-03;1428;2754;12653;32705;12546;42521624;41310767;25794580;1053715;27995467
FR;1;2022-05-04;1298;2581;11175;23684;11332;42522922;41313348;25805755;1077399;28006799
FR;1;2022-05-05;1353;2452;12125;31556;12021;42524275;41315800;25817880;1108955;28018820
FR;1;2022-05-06;1694;3158;14185;34761;13745;42525969;41318958;25832065;1143716;28032565
FR;1;2022-05-07;840;1456;5961;9078;5992;42526809;41320414;25838026;1152794;28038557
FR;1;2022-05-08;185;323;1057;1457;1118;42526994;41320737;25839083;1154251;28039675
FR;1;2022-05-09;1034;1914;9217;19140;9128;42528028;41322651;25848300;1173391;28048803
FR;1;2022-05-10;1396;2566;12506;36883;12092;42529424;41325217;25860806;1210274;28060895
FR;1;2022-05-11;1386;2262;9851;25891;9760;42530810;41327479;25870657;1236165;28070655
FR;1;2022-05-12;1268;2292;10429;33364;10129;42532078;41329771;25881086;1269529;28080784
FR;1;2022-05-13;1589;2730;12734;35582;12375;42533667;41332501;25893820;1305111;28093159
FR;1;2022-05-14;768;1295;5474;10203;5355;42534435;41333796;25899294;1315314;28098514
FR;1;2022-05-15;216;389;1177;1344;1239;42534651;41334185;25900471;1316658;28099753
FR;1;2022-05-16;946;1695;8035;19972;8074;42535597;41335880;25908506;1336630;28107827
FR;1;2022-05-17;1256;2212;11084;36000;10683;42536853;41338092;25919590;1372630;28118510
FR;1;2022-05-18;1271;2040;8988;25576;8947;42538124;41340132;25928578;1398206;28127457
FR;1;2022-05-19;1167;2313;9803;33810;9893;42539291;41342445;25938381;1432016;28137350
FR;1;2022-05-20;1541;2677;12389;37572;11974;42540832;41345122;25950770;1469588;28149324
FR;1;2022-05-21;769;1354;5235;9369;5152;42541601;41346476;25956005;1478957;28154476
FR;1;2022-05-22;190;281;942;1385;943;42541791;41346757;25956947;1480342;28155419
FR;1;2022-05-23;942;1785;8354;19360;8309;42542733;41348542;25965301;1499702;28163728
FR;1;2022-05-24;1262;2396;10668;37002;10521;42543995;41350938;25975969;1536704;28174249
FR;1;2022-05-25;1250;2224;8767;23581;8916;42545245;41353162;25984736;1560285;28183165
FR;1;2022-05-26;156;302;1567;1110;1560;42545401;41353464;25986303;1561395;28184725
FR;1;2022-05-27;1088;2104;8743;20401;8495;42546489;41355568;25995046;1581796;28193220
FR;1;2022-05-28;481;1030;3677;6525;3716;42546970;41356598;25998723;1588321;28196936
FR;1;2022-05-29;114;253;701;888;710;42547084;41356851;25999424;1589209;28197646
FR;1;2022-05-30;803;1693;6541;18484;6566;42547887;41358544;26005965;1607693;28204212
FR;1;2022-05-31;1252;2135;9204;34213;9081;42549139;41360679;26015169;1641906;28213293
FR;1;2022-06-01;1203;2284;10367;23269;10207;42550342;41362963;26025536;1665175;28223500
FR;1;2022-06-02;1180;2208;10611;33993;10167;42551522;41365171;26036147;1699168;28233667
FR;1;2022-06-03;1345;2661;12642;37044;12068;42552867;41367832;26048789;1736212;28245735
FR;1;2022-06-04;662;1251;4713;8665;4788;42553529;41369083;26053502;1744877;28250523
FR;1;2022-06-05;123;279;806;1043;828;42553652;41369362;26054308;1745920;28251351
FR;1;2022-06-06;147;354;1969;1168;1945;42553799;41369716;26056277;1747088;28253296
FR;1;2022-06-07;1108;2210;9126;33982;8790;42554907;41371926;26065403;1781070;28262086
FR;1;2022-06-08;1073;2152;8622;27479;8495;42555980;41374078;26074025;1808549;28270581
FR;1;2022-06-09;1034;2082;9914;37379;9571;42557014;41376160;26083939;1845928;28280152
FR;1;2022-06-10;1296;2513;12328;42961;11904;42558310;41378673;26096267;1888889;28292056
FR;1;2022-06-11;643;1430;5125;11064;5168;42558953;41380103;26101392;1899953;28297224
FR;1;2022-06-12;143;357;1006;1678;1064;42559096;41380460;26102398;1901631;28298288
FR;1;2022-06-13;874;1716;6970;22165;6824;42559970;41382176;26109368;1923796;28305112
FR;1;2022-06-14;1058;2099;9778;42690;9179;42561028;41384275;26119146;1966486;28314291
FR;1;2022-06-15;1021;1861;8659;29265;8332;42562049;41386136;26127805;1995751;28322623
FR;1;2022-06-16;911;1759;9295;38298;8762;42562960;41387895;26137100;2034049;28331385
FR;1;2022-06-17;1186;2497;11817;44672;11295;42564146;41390392;26148917;2078721;28342680
FR;1;2022-06-18;546;1248;4301;10529;4238;42564692;41391640;26153218;2089250;28346918
FR;1;2022-06-19;131;313;997;1539;1075;42564823;41391953;26154215;2090789;28347993
FR;1;2022-06-20;826;1643;8346;24930;8040;42565649;41393596;26162561;2115719;28356033
FR;1;2022-06-21;1077;2079;9706;47641;8802;42566726;41395675;26172267;2163360;28364835
FR;1;2022-06-22;1002;1971;8347;36958;7826;42567728;41397646;26180614;2200318;28372661
FR;1;2022-06-23;1017;2084;9999;52651;9272;42568745;41399730;26190613;2252969;28381933
FR;1;2022-06-24;1218;2650;12798;65755;11587;42569963;41402380;26203411;2318724;28393520
FR;1;2022-06-25;664;1481;5877;18886;5663;42570627;41403861;26209288;2337610;28399183
FR;1;2022-06-26;161;389;1766;3486;1657;42570788;41404250;26211054;2341096;28400840
FR;1;2022-06-27;907;1740;9806;45829;9035;42571695;41405990;26220860;2386925;28409875
FR;1;2022-06-28;1185;2529;13741;86298;12307;42572880;41408519;26234601;2473223;28422182
FR;1;2022-06-29;1199;2257;11376;67167;10446;42574079;41410776;26245977;2540390;28432628
FR;1;2022-06-30;1240;2311;13340;89711;11683;42575319;41413087;26259317;2630101;28444311
FR;1;2022-07-01;1513;2999;17844;108796;15610;42576832;41416086;26277161;2738897;28459921
FR;1;2022-07-02;724;1493;7510;33653;6758;42577556;41417579;26284671;2772550;28466679
FR;1;2022-07-03;221;461;1910;6046;1715;42577777;41418040;26286581;2778596;28468394
FR;1;2022-07-04;1169;2223;12821;75175;11231;42578946;41420263;26299402;2853771;28479625
FR;1;2022-07-05;1364;2645;16937;125641;14410;42580310;41422908;26316339;2979412;28494035
FR;1;2022-07-06;1295;2240;14071;93036;12090;42581605;41425148;26330410;3072448;28506125
FR;1;2022-07-07;1379;2421;16197;118755;13305;42582984;41427569;26346607;3191203;28519430
FR;1;2022-07-08;1471;2745;18797;129186;15191;42584455;41430314;26365404;3320389;28534621
FR;1;2022-07-09;641;1231;7097;35700;6135;42585096;41431545;26372501;3356089;28540756
FR;1;2022-07-10;218;444;2188;6626;1979;42585314;41431989;26374689;3362715;28542735
FR;1;2022-07-11;1137;2076;13615;83758;11358;42586451;41434065;26388304;3446473;28554093
FR;1;2022-07-12;1464;2648;18759;136113;15203;42587915;41436713;26407063;3582586;28569296
FR;1;2022-07-13;1337;2231;13962;88622;11883;42589252;41438944;26421025;3671208;28581179
FR;1;2022-07-14;144;261;1384;5093;1313;42589396;41439205;26422409;3676301;28582492
FR;1;2022-07-15;1185;2142;13178;79549;10889;42590581;41441347;26435587;3755850;28593381
FR;1;2022-07-16;488;956;5181;23517;4479;42591069;41442303;26440768;3779367;28597860
FR;1;2022-07-17;147;313;1551;4326;1401;42591216;41442616;26442319;3783693;28599261
FR;1;2022-07-18;879;1787;10100;57932;8424;42592095;41444403;26452419;3841625;28607685
FR;1;2022-07-19;1136;1958;13720;96270;10921;42593231;41446361;26466139;3937895;28618606
FR;2;2020-12-27;0;0;0;0;0;0;0;0;0;0
FR;2;2020-12-28;0;0;0;0;0;0;0;0;0;0
FR;2;2020-12-29;0;0;0;0;0;0;0;0;0;0
FR;2;2020-12-30;0;0;0;0;0;0;0;0;0;0
FR;2;2020-12-31;0;0;0;0;0;0;0;0;0;0
FR;2;2021-01-01;0;0;0;0;0;0;0;0;0;0
FR;2;2021-01-02;0;0;0;0;0;0;0;0;0;0
FR;2;2021-01-03;0;0;0;0;0;0;0;0;0;0
FR;2;2021-01-04;0;0;0;0;0;0;0;0;0;0
FR;2;2021-01-05;0;0;0;0;0;0;0;0;0;0
FR;2;2021-01-06;0;0;0;0;0;0;0;0;0;0
FR;2;2021-01-07;0;0;0;0;0;0;0;0;0;0
FR;2;2021-01-08;0;0;0;0;0;0;0;0;0;0
FR;2;2021-01-09;0;0;0;0;0;0;0;0;0;0
FR;2;2021-01-10;0;0;0;0;0;0;0;0;0;0
FR;2;2021-01-11;0;0;0;0;0;0;0;0;0;0
FR;2;2021-01-12;0;0;0;0;0;0;0;0;0;0
FR;2;2021-01-13;0;0;0;0;0;0;0;0;0;0
FR;2;2021-01-14;1671;0;0;0;0;1671;0;0;0;0
FR;2;2021-01-15;397;0;0;0;0;2068;0;0;0;0
FR;2;2021-01-16;316;0;0;0;0;2384;0;0;0;0
FR;2;2021-01-17;81;0;0;0;0;2465;0;0;0;0
FR;2;2021-01-18;3074;2;0;0;0;5539;2;0;0;0
FR;2;2021-01-19;4680;0;0;0;0;10219;2;0;0;0
FR;2;2021-01-20;5135;6;0;0;0;15354;8;0;0;0
FR;2;2021-01-21;5342;9;0;0;0;20696;17;0;0;0
FR;2;2021-01-22;5118;11;0;0;0;25814;28;0;0;0
FR;2;2021-01-23;1870;1;0;0;0;27684;29;0;0;0
FR;2;2021-01-24;160;2;0;0;0;27844;31;0;0;0
FR;2;2021-01-25;3812;3;0;0;0;31656;34;0;0;0
FR;2;2021-01-26;3921;5;0;0;0;35577;39;0;0;0
FR;2;2021-01-27;3600;2;0;0;0;39177;41;0;0;0
FR;2;2021-01-28;3752;8;0;0;0;42929;49;0;0;0
FR;2;2021-01-29;3294;3;0;0;0;46223;52;0;0;0
FR;2;2021-01-30;1130;2;0;0;0;47353;54;0;0;0
FR;2;2021-01-31;45;2;0;0;0;47398;56;0;0;0
FR;2;2021-02-01;3402;8;0;0;0;50800;64;0;0;0
FR;2;2021-02-02;4491;13;0;0;0;55291;77;0;0;0
FR;2;2021-02-03;5220;7;0;0;0;60511;84;0;0;0
FR;2;2021-02-04;4934;11;0;0;0;65445;95;0;0;0
FR;2;2021-02-05;4812;13;0;0;0;70257;108;0;0;0
FR;2;2021-02-06;2040;14;0;0;0;72297;122;0;0;0
FR;2;2021-02-07;101;4;0;0;0;72398;126;0;0;0
FR;2;2021-02-08;7555;23;0;0;0;79953;149;0;0;0
FR;2;2021-02-09;8424;27;0;0;0;88377;176;0;0;0
FR;2;2021-02-10;9341;58;0;0;0;97718;234;0;0;0
FR;2;2021-02-11;10284;109;0;0;0;108002;343;0;0;0
FR;2;2021-02-12;10055;266;0;0;0;118057;609;0;0;0
FR;2;2021-02-13;3120;224;0;0;0;121177;833;0;0;0
FR;2;2021-02-14;355;9;0;0;0;121532;842;0;0;0
FR;2;2021-02-15;3456;3109;0;0;0;124988;3951;0;0;0
FR;2;2021-02-16;5071;4086;0;0;0;130059;8037;0;0;0
FR;2;2021-02-17;4255;4504;0;0;0;134314;12541;0;0;0
FR;2;2021-02-18;5402;5141;0;0;0;139716;17682;0;0;0
FR;2;2021-02-19;5326;4431;0;0;0;145042;22113;0;0;0
FR;2;2021-02-20;1869;1517;0;0;0;146911;23630;0;0;0
FR;2;2021-02-21;242;90;0;0;0;147153;23720;0;0;0
FR;2;2021-02-22;3613;3763;0;0;0;150766;27483;0;0;0
FR;2;2021-02-23;4954;3719;0;0;0;155720;31202;0;0;0
FR;2;2021-02-24;5012;3511;0;0;0;160732;34713;0;0;0
FR;2;2021-02-25;5487;3467;0;0;0;166219;38180;0;0;0
FR;2;2021-02-26;4364;3165;0;0;0;170583;41345;0;0;0
FR;2;2021-02-27;1624;1058;0;0;0;172207;42403;0;0;0
FR;2;2021-02-28;177;27;0;0;0;172384;42430;0;0;0
FR;2;2021-03-01;5182;3716;0;0;0;177566;46146;0;0;0
FR;2;2021-03-02;6531;4735;0;0;0;184097;50881;0;0;0
FR;2;2021-03-03;6537;4937;0;0;0;190634;55818;0;0;0
FR;2;2021-03-04;8403;4108;0;0;0;199037;59926;0;0;0
FR;2;2021-03-05;8029;4066;0;0;0;207066;63992;0;0;0
FR;2;2021-03-06;4785;1680;0;0;0;211851;65672;0;0;0
FR;2;2021-03-07;2372;30;0;0;0;214223;65702;0;0;0
FR;2;2021-03-08;4165;8360;0;0;0;218388;74062;0;0;0
FR;2;2021-03-09;7491;8537;1;0;0;225879;82599;1;0;0
FR;2;2021-03-10;7102;9162;0;0;0;232981;91761;1;0;0
FR;2;2021-03-11;9377;9278;1;0;0;242358;101039;2;0;0
FR;2;2021-03-12;7974;8278;0;0;0;250332;109317;2;0;0
FR;2;2021-03-13;10048;2573;0;0;0;260380;111890;2;0;0
FR;2;2021-03-14;4839;393;0;0;0;265219;112283;2;0;0
FR;2;2021-03-15;10909;3495;0;0;0;276128;115778;2;0;0
FR;2;2021-03-16;16764;4663;1;0;0;292892;120441;3;0;0
FR;2;2021-03-17;20233;3983;0;0;0;313125;124424;3;0;0
FR;2;2021-03-18;23370;5029;0;0;0;336495;129453;3;0;0
FR;2;2021-03-19;23304;4615;0;0;0;359799;134068;3;0;0
FR;2;2021-03-20;25447;1577;0;0;0;385246;135645;3;0;0
FR;2;2021-03-21;17670;152;0;0;0;402916;135797;3;0;0
FR;2;2021-03-22;17784;3184;0;0;0;420700;138981;3;0;0
FR;2;2021-03-23;22690;4214;0;0;0;443390;143195;3;0;0
FR;2;2021-03-24;23955;5043;0;0;0;467345;148238;3;0;0
FR;2;2021-03-25;26750;5159;1;0;0;494095;153397;4;0;0
FR;2;2021-03-26;26982;4225;0;0;0;521077;157622;4;0;0
FR;2;2021-03-27;15919;1345;0;0;0;536996;158967;4;0;0
FR;2;2021-03-28;10561;135;0;0;0;547557;159102;4;0;0
FR;2;2021-03-29;18990;4308;0;0;0;566547;163410;4;0;0
FR;2;2021-03-30;24582;6053;0;0;0;591129;169463;4;0;0
FR;2;2021-03-31;28558;5933;0;0;0;619687;175396;4;0;0
FR;2;2021-04-01;34547;8535;1;0;0;654234;183931;5;0;0
FR;2;2021-04-02;29978;7692;0;0;0;684212;191623;5;0;0
FR;2;2021-04-03;16954;3951;0;0;0;701166;195574;5;0;0
FR;2;2021-04-04;9305;1120;2;0;0;710471;196694;7;0;0
FR;2;2021-04-05;12443;799;0;0;0;722914;197493;7;0;0
FR;2;2021-04-06;27149;7123;0;0;0;750063;204616;7;0;0
FR;2;2021-04-07;30928;7118;1;0;0;780991;211734;8;0;0
FR;2;2021-04-08;36888;8675;1;0;0;817879;220409;9;0;0
FR;2;2021-04-09;33838;8485;28;0;0;851717;228894;37;0;0
FR;2;2021-04-10;19681;9128;1;0;0;871398;238022;38;0;0
FR;2;2021-04-11;7942;4250;1;0;0;879340;242272;39;0;0
FR;2;2021-04-12;17122;11081;0;0;0;896462;253353;39;0;0
FR;2;2021-04-13;19452;16084;1;0;0;915914;269437;40;0;0
FR;2;2021-04-14;18062;16346;7;0;0;933976;285783;47;0;0
FR;2;2021-04-15;22194;21352;27;0;0;956170;307135;74;0;0
FR;2;2021-04-16;20707;20349;45;0;0;976877;327484;119;0;0
FR;2;2021-04-17;13255;22469;5;0;0;990132;349953;124;0;0
FR;2;2021-04-18;5908;14394;6;0;0;996040;364347;130;0;0
FR;2;2021-04-19;16837;16294;24;0;0;1012877;380641;154;0;0
FR;2;2021-04-20;19323;21627;38;0;0;1032200;402268;192;0;0
FR;2;2021-04-21;20285;21753;76;0;0;1052485;424021;268;0;0
FR;2;2021-04-22;23816;24879;41;0;0;1076301;448900;309;0;0
FR;2;2021-04-23;24523;25382;76;0;0;1100824;474282;385;0;0
FR;2;2021-04-24;25304;15070;104;0;0;1126128;489352;489;0;0
FR;2;2021-04-25;9595;8607;5;0;0;1135723;497959;494;0;0
FR;2;2021-04-26;17159;17387;21;0;0;1152882;515346;515;0;0
FR;2;2021-04-27;19241;24145;40;0;0;1172123;539491;555;0;0
FR;2;2021-04-28;22334;26302;112;0;0;1194457;565793;667;0;0
FR;2;2021-04-29;25469;30258;69;0;0;1219926;596051;736;0;0
FR;2;2021-04-30;25530;27830;49;1;0;1245456;623881;785;1;0
FR;2;2021-05-01;14985;9862;6;0;0;1260441;633743;791;1;0
FR;2;2021-05-02;6637;9171;2;0;0;1267078;642914;793;1;0
FR;2;2021-05-03;20016;19203;40;0;0;1287094;662117;833;1;0
FR;2;2021-05-04;18281;29077;33;0;0;1305375;691194;866;1;0
FR;2;2021-05-05;18370;29422;48;0;0;1323745;720616;914;1;0
FR;2;2021-05-06;23542;35283;131;0;0;1347287;755899;1045;1;0
FR;2;2021-05-07;25328;33206;97;0;0;1372615;789105;1142;1;0
FR;2;2021-05-08;21338;10122;14;0;0;1393953;799227;1156;1;0
FR;2;2021-05-09;13165;7777;7;0;0;1407118;807004;1163;1;0
FR;2;2021-05-10;32938;21955;49;0;0;1440056;828959;1212;1;0
FR;2;2021-05-11;43600;20981;101;0;0;1483656;849940;1313;1;0
FR;2;2021-05-12;50046;19744;143;0;0;1533702;869684;1456;1;0
FR;2;2021-05-13;51293;5699;31;0;0;1584995;875383;1487;1;0
FR;2;2021-05-14;61347;12891;132;0;0;1646342;888274;1619;1;0
FR;2;2021-05-15;65931;7128;39;0;0;1712273;895402;1658;1;0
FR;2;2021-05-16;43584;2572;10;0;0;1755857;897974;1668;1;0
FR;2;2021-05-17;44744;12529;114;0;0;1800601;910503;1782;1;0
FR;2;2021-05-18;54640;12254;191;0;0;1855241;922757;1973;1;0
FR;2;2021-05-19;57172;10569;281;0;0;1912413;933326;2254;1;0
FR;2;2021-05-20;63433;10828;288;0;0;1975846;944154;2542;1;0
FR;2;2021-05-21;64295;11629;230;0;0;2040141;955783;2772;1;0
FR;2;2021-05-22;61480;4513;65;0;0;2101621;960296;2837;1;0
FR;2;2021-05-23;37532;571;22;0;0;2139153;960867;2859;1;0
FR;2;2021-05-24;17238;2042;35;0;0;2156391;962909;2894;1;0
FR;2;2021-05-25;21109;12213;240;0;0;2177500;975122;3134;1;0
FR;2;2021-05-26;19934;11465;229;0;0;2197434;986587;3363;1;0
FR;2;2021-05-27;22995;12648;182;0;0;2220429;999235;3545;1;0
FR;2;2021-05-28;29391;14977;190;0;0;2249820;1014212;3735;1;0
FR;2;2021-05-29;30419;8188;57;0;0;2280239;1022400;3792;1;0
FR;2;2021-05-30;4646;1817;6;0;0;2284885;1024217;3798;1;0
FR;2;2021-05-31;28588;18731;184;0;0;2313473;1042948;3982;1;0
FR;2;2021-06-01;45719;19962;224;0;0;2359192;1062910;4206;1;0
FR;2;2021-06-02;37471;19242;182;0;0;2396663;1082152;4388;1;0
FR;2;2021-06-03;51276;23254;161;0;0;2447939;1105406;4549;1;0
FR;2;2021-06-04;65512;24051;215;0;0;2513451;1129457;4764;1;0
FR;2;2021-06-05;34597;24051;52;0;0;2548048;1153508;4816;1;0
FR;2;2021-06-06;4954;6191;10;0;0;2553002;1159699;4826;1;0
FR;2;2021-06-07;28171;23036;149;0;0;2581173;1182735;4975;1;0
FR;2;2021-06-08;46372;22901;143;0;0;2627545;1205636;5118;1;0
FR;2;2021-06-09;34288;20937;107;0;0;2661833;1226573;5225;1;0
FR;2;2021-06-10;42638;19115;95;1;0;2704471;1245688;5320;2;0
FR;2;2021-06-11;55296;25183;134;0;0;2759767;1270871;5454;2;0
FR;2;2021-06-12;30558;19773;53;0;0;2790325;1290644;5507;2;0
FR;2;2021-06-13;3330;9190;13;0;0;2793655;1299834;5520;2;0
FR;2;2021-06-14;25298;24148;92;0;0;2818953;1323982;5612;2;0
FR;2;2021-06-15;39042;22828;154;0;0;2857995;1346810;5766;2;0
FR;2;2021-06-16;30160;21411;134;0;0;2888155;1368221;5900;2;0
FR;2;2021-06-17;36908;25838;150;0;0;2925063;1394059;6050;2;0
FR;2;2021-06-18;46852;28847;122;0;0;2971915;1422906;6172;2;0
FR;2;2021-06-19;24525;24893;39;0;0;2996440;1447799;6211;2;0
FR;2;2021-06-20;3741;10060;9;0;0;3000181;1457859;6220;2;0
FR;2;2021-06-21;17527;42842;87;0;0;3017708;1500701;6307;2;0
FR;2;2021-06-22;28359;49561;110;0;0;3046067;1550262;6417;2;0
FR;2;2021-06-23;21788;49581;107;1;1;3067855;1599843;6524;3;1
FR;2;2021-06-24;28376;50278;133;0;0;3096231;1650121;6657;3;1
FR;2;2021-06-25;33398;60407;128;0;0;3129629;1710528;6785;3;1
FR;2;2021-06-26;16384;59274;54;1;0;3146013;1769802;6839;4;1
FR;2;2021-06-27;2566;29311;22;1;0;3148579;1799113;6861;5;1
FR;2;2021-06-28;12638;54327;83;0;0;3161217;1853440;6944;5;1
FR;2;2021-06-29;19846;59913;178;0;0;3181063;1913353;7122;5;1
FR;2;2021-06-30;16325;57939;252;17;0;3197388;1971292;7374;22;1
FR;2;2021-07-01;20490;59886;228;0;0;3217878;2031178;7602;22;1
FR;2;2021-07-02;24072;62142;184;0;0;3241950;2093320;7786;22;1
FR;2;2021-07-03;12113;57092;153;0;0;3254063;2150412;7939;22;1
FR;2;2021-07-04;1958;23306;18;0;0;3256021;2173718;7957;22;1
FR;2;2021-07-05;9172;29367;106;0;0;3265193;2203085;8063;22;1
FR;2;2021-07-06;14578;36219;135;0;0;3279771;2239304;8198;22;1
FR;2;2021-07-07;14408;33660;139;0;0;3294179;2272964;8337;22;1
FR;2;2021-07-08;19716;40305;162;0;0;3313895;2313269;8499;22;1
FR;2;2021-07-09;27099;54285;202;1;0;3340994;2367554;8701;23;1
FR;2;2021-07-10;13386;33675;107;0;0;3354380;2401229;8808;23;1
FR;2;2021-07-11;1807;4362;16;0;0;3356187;2405591;8824;23;1
FR;2;2021-07-12;12965;37295;119;0;0;3369152;2442886;8943;23;1
FR;2;2021-07-13;37112;53186;150;0;0;3406264;2496072;9093;23;1
FR;2;2021-07-14;6614;3565;15;0;0;3412878;2499637;9108;23;1
FR;2;2021-07-15;47239;47029;156;0;0;3460117;2546666;9264;23;1
FR;2;2021-07-16;64308;55796;187;0;0;3524425;2602462;9451;23;1
FR;2;2021-07-17;31597;23929;96;0;0;3556022;2626391;9547;23;1
FR;2;2021-07-18;6086;4855;19;0;0;3562108;2631246;9566;23;1
FR;2;2021-07-19;32997;28657;94;0;0;3595105;2659903;9660;23;1
FR;2;2021-07-20;51992;44533;155;0;0;3647097;2704436;9815;23;1
FR;2;2021-07-21;45246;34713;93;0;0;3692343;2739149;9908;23;1
FR;2;2021-07-22;56278;41095;128;1;0;3748621;2780244;10036;24;1
FR;2;2021-07-23;68285;49030;170;0;0;3816906;2829274;10206;24;1
FR;2;2021-07-24;36170;21601;82;0;0;3853076;2850875;10288;24;1
FR;2;2021-07-25;6744;2635;10;0;0;3859820;2853510;10298;24;1
FR;2;2021-07-26;36309;22427;91;1;0;3896129;2875937;10389;25;1
FR;2;2021-07-27;62373;34599;180;0;0;3958502;2910536;10569;25;1
FR;2;2021-07-28;55312;26427;132;0;0;4013814;2936963;10701;25;1
FR;2;2021-07-29;68464;32788;189;0;0;4082278;2969751;10890;25;1
FR;2;2021-07-30;74449;37784;222;1;0;4156727;3007535;11112;26;1
FR;2;2021-07-31;34762;16201;104;0;0;4191489;3023736;11216;26;1
FR;2;2021-08-01;5409;2272;19;0;0;4196898;3026008;11235;26;1
FR;2;2021-08-02;35872;16196;101;0;0;4232770;3042204;11336;26;1
FR;2;2021-08-03;55974;28286;142;0;0;4288744;3070490;11478;26;1
FR;2;2021-08-04;46626;20853;128;1;0;4335370;3091343;11606;27;1
FR;2;2021-08-05;54627;31583;215;0;0;4389997;3122926;11821;27;1
FR;2;2021-08-06;58089;42391;242;1;0;4448086;3165317;12063;28;1
FR;2;2021-08-07;25144;17609;89;0;0;4473230;3182926;12152;28;1
FR;2;2021-08-08;3833;3664;21;0;0;4477063;3186590;12173;28;1
FR;2;2021-08-09;29304;21107;92;0;0;4506367;3207697;12265;28;1
FR;2;2021-08-10;44997;33492;155;0;0;4551364;3241189;12420;28;1
FR;2;2021-08-11;35268;25172;151;0;0;4586632;3266361;12571;28;1
FR;2;2021-08-12;41899;35718;162;0;0;4628531;3302079;12733;28;1
FR;2;2021-08-13;42594;37154;218;0;0;4671125;3339233;12951;28;1
FR;2;2021-08-14;18512;22217;93;0;0;4689637;3361450;13044;28;1
FR;2;2021-08-15;3839;3806;17;0;0;4693476;3365256;13061;28;1
FR;2;2021-08-16;25083;27179;110;0;0;4718559;3392435;13171;28;1
FR;2;2021-08-17;38255;43451;205;2;0;4756814;3435886;13376;30;1
FR;2;2021-08-18;32250;36372;195;1;1;4789064;3472258;13571;31;2
FR;2;2021-08-19;37433;46573;224;0;0;4826497;3518831;13795;31;2
FR;2;2021-08-20;40560;55615;269;1;0;4867057;3574446;14064;32;2
FR;2;2021-08-21;18121;24301;115;0;0;4885178;3598747;14179;32;2
FR;2;2021-08-22;2905;4323;22;1;1;4888083;3603070;14201;33;3
FR;2;2021-08-23;19246;35158;131;1;0;4907329;3638228;14332;34;3
FR;2;2021-08-24;31944;56042;236;0;0;4939273;3694270;14568;34;3
FR;2;2021-08-25;25928;43444;250;0;0;4965201;3737714;14818;34;3
FR;2;2021-08-26;32355;55811;387;0;0;4997556;3793525;15205;34;3
FR;2;2021-08-27;36999;65622;479;2;0;5034555;3859147;15684;36;3
FR;2;2021-08-28;17817;28502;300;0;0;5052372;3887649;15984;36;3
FR;2;2021-08-29;2654;5033;47;0;0;5055026;3892682;16031;36;3
FR;2;2021-08-30;18414;37737;400;0;756;5073440;3930419;16431;36;759
FR;2;2021-08-31;28074;57497;887;4;1543;5101514;3987916;17318;40;2302
FR;2;2021-09-01;21592;39861;1309;0;2108;5123106;4027777;18627;40;4410
FR;2;2021-09-02;25482;48645;1962;2;3319;5148588;4076422;20589;42;7729
FR;2;2021-09-03;33408;64496;2988;3;4842;5181996;4140918;23577;45;12571
FR;2;2021-09-04;16831;27713;1442;1;2364;5198827;4168631;25019;46;14935
FR;2;2021-09-05;2262;3607;266;0;413;5201089;4172238;25285;46;15348
FR;2;2021-09-06;14040;28717;1769;1;2941;5215129;4200955;27054;47;18289
FR;2;2021-09-07;21106;41071;3020;13;4880;5236235;4242026;30074;60;23169
FR;2;2021-09-08;17244;31931;2732;6;4481;5253479;4273957;32806;66;27650
FR;2;2021-09-09;20975;40462;4432;3;6783;5274454;4314419;37238;69;34433
FR;2;2021-09-10;28200;51193;5285;4;8859;5302654;4365612;42523;73;43292
FR;2;2021-09-11;13654;22404;2404;5;3959;5316308;4388016;44927;78;47251
FR;2;2021-09-12;1822;2777;289;0;510;5318130;4390793;45216;78;47761
FR;2;2021-09-13;11657;21434;2471;4;4016;5329787;4412227;47687;82;51777
FR;2;2021-09-14;18571;32771;5085;13;9067;5348358;4444998;52772;95;60844
FR;2;2021-09-15;14911;28270;5169;3;7779;5363269;4473268;57941;98;68623
FR;2;2021-09-16;16075;32765;6736;13;10522;5379344;4506033;64677;111;79145
FR;2;2021-09-17;20911;47110;8780;10;14596;5400255;4553143;73457;121;93741
FR;2;2021-09-18;9856;20944;3803;6;6031;5410111;4574087;77260;127;99772
FR;2;2021-09-19;1165;2621;396;0;639;5411276;4576708;77656;127;100411
FR;2;2021-09-20;7493;18763;3853;7;6148;5418769;4595471;81509;134;106559
FR;2;2021-09-21;11212;30004;6495;5;10742;5429981;4625475;88004;139;117301
FR;2;2021-09-22;9407;23530;5491;6;8514;5439388;4649005;93495;145;125815
FR;2;2021-09-23;10725;28891;7880;9;12637;5450113;4677896;101375;154;138452
FR;2;2021-09-24;15070;42902;10875;18;17214;5465183;4720798;112250;172;155666
FR;2;2021-09-25;7258;18768;3963;9;6100;5472441;4739566;116213;181;161766
FR;2;2021-09-26;1079;2560;495;0;635;5473520;4742126;116708;181;162401
FR;2;2021-09-27;6313;16425;4285;8;6539;5479833;4758551;120993;189;168940
FR;2;2021-09-28;9238;25551;7768;14;12072;5489071;4784102;128761;203;181012
FR;2;2021-09-29;8081;20204;6067;25;9260;5497152;4804306;134828;228;190272
FR;2;2021-09-30;9864;25813;9506;16;14088;5507016;4830119;144334;244;204360
FR;2;2021-10-01;13972;35684;12916;25;19276;5520988;4865803;157250;269;223636
FR;2;2021-10-02;6874;15902;4847;7;7017;5527862;4881705;162097;276;230653
FR;2;2021-10-03;841;1922;492;1;507;5528703;4883627;162589;277;231160
FR;2;2021-10-04;5821;13908;5518;5;7860;5534524;4897535;168107;282;239020
FR;2;2021-10-05;9052;22539;11120;19;15719;5543576;4920074;179227;301;254739
FR;2;2021-10-06;7782;17746;8241;11;11077;5551358;4937820;187468;312;265816
FR;2;2021-10-07;9197;22189;12381;15;16848;5560555;4960009;199849;327;282664
FR;2;2021-10-08;13428;32067;17348;27;23552;5573983;4992076;217197;354;306216
FR;2;2021-10-09;5999;12843;6042;6;7891;5579982;5004919;223239;360;314107
FR;2;2021-10-10;884;1621;436;2;625;5580866;5006540;223675;362;314732
FR;2;2021-10-11;5604;11576;6454;17;8829;5586470;5018116;230129;379;323561
FR;2;2021-10-12;8032;17773;12542;13;16750;5594502;5035889;242671;392;340311
FR;2;2021-10-13;6943;14834;10248;12;13615;5601445;5050723;252919;404;353926
FR;2;2021-10-14;8310;17929;14992;13;19451;5609755;5068652;267911;417;373377
FR;2;2021-10-15;11851;26300;20903;26;27962;5621606;5094952;288814;443;401339
FR;2;2021-10-16;5140;8735;1818;0;3211;5626746;5103687;290632;443;404550
FR;2;2021-10-17;651;1173;184;0;371;5627397;5104860;290816;443;404921
FR;2;2021-10-18;4561;7394;661;2;1655;5631958;5112254;291477;445;406576
FR;2;2021-10-19;6236;9885;730;5;2046;5638194;5122139;292207;450;408622
FR;2;2021-10-20;5163;8076;757;3;1682;5643357;5130215;292964;453;410304
FR;2;2021-10-21;6090;9970;778;5;2104;5649447;5140185;293742;458;412408
FR;2;2021-10-22;8448;14587;1148;4;2885;5657895;5154772;294890;462;415293
FR;2;2021-10-23;3841;5999;586;0;1230;5661736;5160771;295476;462;416523
FR;2;2021-10-24;494;889;100;0;205;5662230;5161660;295576;462;416728
FR;2;2021-10-25;3357;5360;306;1;829;5665587;5167020;295882;463;417557
FR;2;2021-10-26;4176;7258;1130;4;2012;5669763;5174278;297012;467;419569
FR;2;2021-10-27;3675;6612;1193;5;1995;5673438;5180890;298205;472;421564
FR;2;2021-10-28;4597;7697;1729;3;2745;5678035;5188587;299934;475;424309
FR;2;2021-10-29;5407;11078;2435;4;3674;5683442;5199665;302369;479;427983
FR;2;2021-10-30;2748;4439;973;1;1430;5686190;5204104;303342;480;429413
FR;2;2021-10-31;364;535;139;1;190;5686554;5204639;303481;481;429603
FR;2;2021-11-01;427;550;177;0;265;5686981;5205189;303658;481;429868
FR;2;2021-11-02;3291;6757;1182;0;1762;5690272;5211946;304840;481;431630
FR;2;2021-11-03;3340;6238;1386;2;1968;5693612;5218184;306226;483;433598
FR;2;2021-11-04;3986;7087;1764;4;2491;5697598;5225271;307990;487;436089
FR;2;2021-11-05;5229;10507;2867;5;3949;5702827;5235778;310857;492;440038
FR;2;2021-11-06;2594;4681;1401;0;1816;5705421;5240459;312258;492;441854
FR;2;2021-11-07;506;866;220;0;288;5705927;5241325;312478;492;442142
FR;2;2021-11-08;2578;5357;1201;3;1672;5708505;5246682;313679;495;443814
FR;2;2021-11-09;2750;6940;2398;6;3184;5711255;5253622;316077;501;446998
FR;2;2021-11-10;2587;5692;5104;6;6282;5713842;5259314;321181;507;453280
FR;2;2021-11-11;443;749;738;2;918;5714285;5260063;321919;509;454198
FR;2;2021-11-12;2951;8112;8968;8;10909;5717236;5268175;330887;517;465107
FR;2;2021-11-13;1537;3380;3867;7;4531;5718773;5271555;334754;524;469638
FR;2;2021-11-14;257;597;351;1;487;5719030;5272152;335105;525;470125
FR;2;2021-11-15;1622;3679;4442;9;5331;5720652;5275831;339547;534;475456
FR;2;2021-11-16;2184;5923;8303;14;10079;5722836;5281754;347850;548;485535
FR;2;2021-11-17;1739;4546;6625;8;7842;5724575;5286300;354475;556;493377
FR;2;2021-11-18;2191;5938;9177;11;11008;5726766;5292238;363652;567;504385
FR;2;2021-11-19;2698;7796;12969;19;15470;5729464;5300034;376621;586;519855
FR;2;2021-11-20;1564;3331;5173;5;6078;5731028;5303365;381794;591;525933
FR;2;2021-11-21;246;516;540;0;662;5731274;5303881;382334;591;526595
FR;2;2021-11-22;1276;2609;4478;5;5406;5732550;5306490;386812;596;532001
FR;2;2021-11-23;1615;4301;8195;9;9901;5734165;5310791;395007;605;541902
FR;2;2021-11-24;1417;3775;7472;14;8733;5735582;5314566;402479;619;550635
FR;2;2021-11-25;1812;4888;11458;21;13656;5737394;5319454;413937;640;564291
FR;2;2021-11-26;2540;7768;22662;31;26074;5739934;5327222;436599;671;590365
FR;2;2021-11-27;1496;4151;12264;18;14016;5741430;5331373;448863;689;604381
FR;2;2021-11-28;292;843;1970;3;2295;5741722;5332216;450833;692;606676
FR;2;2021-11-29;1443;4368;15081;23;17249;5743165;5336584;465914;715;623925
FR;2;2021-11-30;1911;6730;26229;36;29984;5745076;5343314;492143;751;653909
FR;2;2021-12-01;1908;6073;26194;29;29520;5746984;5349387;518337;780;683429
FR;2;2021-12-02;1909;6822;37699;52;41948;5748893;5356209;556036;832;725377
FR;2;2021-12-03;2552;10098;53605;111;59338;5751445;5366307;609641;943;784715
FR;2;2021-12-04;1848;6305;37105;38;40791;5753293;5372612;646746;981;825506
FR;2;2021-12-05;458;2256;14255;14;15988;5753751;5374868;661001;995;841494
FR;2;2021-12-06;2483;9892;77698;109;84749;5756234;5384760;738699;1104;926243
FR;2;2021-12-07;3456;15333;122420;238;133724;5759690;5400093;861119;1342;1059967
FR;2;2021-12-08;3722;16031;133186;330;145374;5763412;5416124;994305;1672;1205341
FR;2;2021-12-09;4547;19639;170180;554;185556;5767959;5435763;1164485;2226;1390897
FR;2;2021-12-10;4671;22838;188634;490;206095;5772630;5458601;1353119;2716;1596992
FR;2;2021-12-11;3683;16627;132433;239;144868;5776313;5475228;1485552;2955;1741860
FR;2;2021-12-12;1257;7124;59085;83;65131;5777570;5482352;1544637;3038;1806991
FR;2;2021-12-13;5526;26858;220674;605;242965;5783096;5509210;1765311;3643;2049956
FR;2;2021-12-14;7017;37504;300741;909;332199;5790113;5546714;2066052;4552;2382155
FR;2;2021-12-15;6558;36239;285199;956;315804;5796671;5582953;2351251;5508;2697959
FR;2;2021-12-16;7761;37926;312121;981;343719;5804432;5620879;2663372;6489;3041678
FR;2;2021-12-17;8677;41247;327854;976;360943;5813109;5662126;2991226;7465;3402621
FR;2;2021-12-18;6513;26564;212333;448;233642;5819622;5688690;3203559;7913;3636263
FR;2;2021-12-19;2602;11467;90208;182;100364;5822224;5700157;3293767;8095;3736627
FR;2;2021-12-20;9550;33591;275191;706;303353;5831774;5733748;3568958;8801;4039980
FR;2;2021-12-21;11560;38338;309612;968;341409;5843334;5772086;3878570;9769;4381389
FR;2;2021-12-22;10457;32834;265096;952;292470;5853791;5804920;4143666;10721;4673859
FR;2;2021-12-23;9430;26697;199482;700;221273;5863221;5831617;4343148;11421;4895132
FR;2;2021-12-24;2782;7500;43853;140;49565;5866003;5839117;4387001;11561;4944697
FR;2;2021-12-25;201;691;2002;10;2494;5866204;5839808;4389003;11571;4947191
FR;2;2021-12-26;1321;4207;25152;71;28677;5867525;5844015;4414155;11642;4975868
FR;2;2021-12-27;8074;29939;218402;659;243331;5875599;5873954;4632557;12301;5219199
FR;2;2021-12-28;9839;36323;272077;742;301963;5885438;5910277;4904634;13043;5521162
FR;2;2021-12-29;9497;32263;246119;766;272679;5894935;5942540;5150753;13809;5793841
FR;2;2021-12-30;9461;28133;208819;662;231470;5904396;5970673;5359572;14471;6025311
FR;2;2021-12-31;3009;8363;54983;177;61233;5907405;5979036;5414555;14648;6086544
FR;2;2022-01-01;227;690;2851;7;3346;5907632;5979726;5417406;14655;6089890
FR;2;2022-01-02;1504;4852;29510;75;33396;5909136;5984578;5446916;14730;6123286
FR;2;2022-01-03;9589;35399;266515;806;293879;5918725;6019977;5713431;15536;6417165
FR;2;2022-01-04;12847;45396;342075;1068;376973;5931572;6065373;6055506;16604;6794138
FR;2;2022-01-05;11269;38653;294164;886;323806;5942841;6104026;6349670;17490;7117944
FR;2;2022-01-06;13652;43526;331933;1298;364732;5956493;6147552;6681603;18788;7482676
FR;2;2022-01-07;14222;47625;361087;1270;396415;5970715;6195177;7042690;20058;7879091
FR;2;2022-01-08;7948;28152;201259;515;221702;5978663;6223329;7243949;20573;8100793
FR;2;2022-01-09;2749;8991;62522;137;69522;5981412;6232320;7306471;20710;8170315
FR;2;2022-01-10;10094;31930;232459;857;255045;5991506;6264250;7538930;21567;8425360
FR;2;2022-01-11;11469;36243;265897;1029;290585;6002975;6300493;7804827;22596;8715945
FR;2;2022-01-12;8761;29821;206314;862;226171;6011736;6330314;8011141;23458;8942116
FR;2;2022-01-13;9387;31349;224478;832;244825;6021123;6361663;8235619;24290;9186941
FR;2;2022-01-14;9742;35643;254528;920;277667;6030865;6397306;8490147;25210;9464608
FR;2;2022-01-15;5358;19455;140777;363;153636;6036223;6416761;8630924;25573;9618244
FR;2;2022-01-16;1511;5502;35879;81;39839;6037734;6422263;8666803;25654;9658083
FR;2;2022-01-17;5546;19296;135402;601;147255;6043280;6441559;8802205;26255;9805338
FR;2;2022-01-18;6419;21527;148616;648;160470;6049699;6463086;8950821;26903;9965808
FR;2;2022-01-19;4389;16344;105089;552;113703;6054088;6479430;9055910;27455;10079511
FR;2;2022-01-20;4867;17600;115285;603;123683;6058955;6497030;9171195;28058;10203194
FR;2;2022-01-21;5196;20068;137329;679;147752;6064151;6517098;9308524;28737;10350946
FR;2;2022-01-22;3030;10957;74258;260;80324;6067181;6528055;9382782;28997;10431270
FR;2;2022-01-23;724;2731;15238;41;16834;6067905;6530786;9398020;29038;10448104
FR;2;2022-01-24;3291;12822;75065;430;81024;6071196;6543608;9473085;29468;10529128
FR;2;2022-01-25;3574;14433;79619;496;85450;6074770;6558041;9552704;29964;10614578
FR;2;2022-01-26;2514;10680;58964;363;62995;6077284;6568721;9611668;30327;10677573
FR;2;2022-01-27;2680;11307;64173;388;67913;6079964;6580028;9675841;30715;10745486
FR;2;2022-01-28;3548;18359;91714;429;98953;6083512;6598387;9767555;31144;10844439
FR;2;2022-01-29;1894;9240;48844;164;52926;6085406;6607627;9816399;31308;10897365
FR;2;2022-01-30;464;2235;9452;38;10601;6085870;6609862;9825851;31346;10907966
FR;2;2022-01-31;1889;9576;43825;208;47338;6087759;6619438;9869676;31554;10955304
FR;2;2022-02-01;1914;10054;47026;279;50108;6089673;6629492;9916702;31833;11005412
FR;2;2022-02-02;1608;9014;41106;251;44168;6091281;6638506;9957808;32084;11049580
FR;2;2022-02-03;1723;8951;40513;205;42917;6093004;6647457;9998321;32289;11092497
FR;2;2022-02-04;2152;15212;66636;299;71343;6095156;6662669;10064957;32588;11163840
FR;2;2022-02-05;1361;8530;35943;132;39232;6096517;6671199;10100900;32720;11203072
FR;2;2022-02-06;274;1769;6124;16;6897;6096791;6672968;10107024;32736;11209969
FR;2;2022-02-07;1350;9584;37748;134;41300;6098141;6682552;10144772;32870;11251269
FR;2;2022-02-08;1300;9825;40930;173;43722;6099441;6692377;10185702;33043;11294991
FR;2;2022-02-09;1160;8827;37039;174;40459;6100601;6701204;10222741;33217;11335450
FR;2;2022-02-10;1025;7990;33835;204;36506;6101626;6709194;10256576;33421;11371956
FR;2;2022-02-11;1390;12083;53340;223;57692;6103016;6721277;10309916;33644;11429648
FR;2;2022-02-12;751;6533;27986;83;30805;6103767;6727810;10337902;33727;11460453
FR;2;2022-02-13;200;1339;4833;20;5574;6103967;6729149;10342735;33747;11466027
FR;2;2022-02-14;834;6727;30270;90;33229;6104801;6735876;10373005;33837;11499256
FR;2;2022-02-15;773;6460;28045;141;29988;6105574;6742336;10401050;33978;11529244
FR;2;2022-02-16;655;5357;22058;123;23622;6106229;6747693;10423108;34101;11552866
FR;2;2022-02-17;518;3778;14146;98;14612;6106747;6751471;10437254;34199;11567478
FR;2;2022-02-18;722;5364;20435;134;21127;6107469;6756835;10457689;34333;11588605
FR;2;2022-02-19;430;3053;10529;66;11243;6107899;6759888;10468218;34399;11599848
FR;2;2022-02-20;102;515;1458;3;1605;6108001;6760403;10469676;34402;11601453
FR;2;2022-02-21;422;2684;9119;65;9496;6108423;6763087;10478795;34467;11610949
FR;2;2022-02-22;390;2564;8890;76;8793;6108813;6765651;10487685;34543;11619742
FR;2;2022-02-23;431;2602;8989;82;9267;6109244;6768253;10496674;34625;11629009
FR;2;2022-02-24;314;2031;6798;81;6827;6109558;6770284;10503472;34706;11635836
FR;2;2022-02-25;457;3202;11415;108;11279;6110015;6773486;10514887;34814;11647115
FR;2;2022-02-26;296;1892;6035;49;6340;6110311;6775378;10520922;34863;11653455
FR;2;2022-02-27;76;313;905;5;948;6110387;6775691;10521827;34868;11654403
FR;2;2022-02-28;330;1685;5523;53;5531;6110717;6777376;10527350;34921;11659934
FR;2;2022-03-01;277;1563;5477;45;5195;6110994;6778939;10532827;34966;11665129
FR;2;2022-03-02;298;1435;5245;45;5089;6111292;6780374;10538072;35011;11670218
FR;2;2022-03-03;225;1109;3706;42;3483;6111517;6781483;10541778;35053;11673701
FR;2;2022-03-04;242;1467;4856;73;4502;6111759;6782950;10546634;35126;11678203
FR;2;2022-03-05;173;904;2979;32;2723;6111932;6783854;10549613;35158;11680926
FR;2;2022-03-06;42;182;279;5;319;6111974;6784036;10549892;35163;11681245
FR;2;2022-03-07;155;655;1986;70;1775;6112129;6784691;10551878;35233;11683020
FR;2;2022-03-08;144;658;2270;51;1902;6112273;6785349;10554148;35284;11684922
FR;2;2022-03-09;154;705;2345;37;2045;6112427;6786054;10556493;35321;11686967
FR;2;2022-03-10;121;602;1691;35;1466;6112548;6786656;10558184;35356;11688433
FR;2;2022-03-11;171;755;2767;57;2366;6112719;6787411;10560951;35413;11690799
FR;2;2022-03-12;145;484;1784;27;1553;6112864;6787895;10562735;35440;11692352
FR;2;2022-03-13;25;75;201;29;202;6112889;6787970;10562936;35469;11692554
FR;2;2022-03-14;127;468;1565;529;1294;6113016;6788438;10564501;35998;11693848
FR;2;2022-03-15;138;428;1708;689;1326;6113154;6788866;10566209;36687;11695174
FR;2;2022-03-16;141;475;2012;1611;1592;6113295;6789341;10568221;38298;11696766
FR;2;2022-03-17;93;413;1408;1193;1144;6113388;6789754;10569629;39491;11697910
FR;2;2022-03-18;145;492;2018;1792;1660;6113533;6790246;10571647;41283;11699570
FR;2;2022-03-19;108;319;1210;940;1015;6113641;6790565;10572857;42223;11700585
FR;2;2022-03-20;13;77;191;59;168;6113654;6790642;10573048;42282;11700753
FR;2;2022-03-21;96;305;1213;1483;1076;6113750;6790947;10574261;43765;11701829
FR;2;2022-03-22;117;386;1528;1829;1290;6113867;6791333;10575789;45594;11703119
FR;2;2022-03-23;139;359;1669;3032;1465;6114006;6791692;10577458;48626;11704584
FR;2;2022-03-24;116;292;1182;1546;998;6114122;6791984;10578640;50172;11705582
FR;2;2022-03-25;119;361;1803;2449;1473;6114241;6792345;10580443;52621;11707055
FR;2;2022-03-26;77;247;1203;1222;952;6114318;6792592;10581646;53843;11708007
FR;2;2022-03-27;19;36;153;100;132;6114337;6792628;10581799;53943;11708139
FR;2;2022-03-28;94;287;1135;1601;995;6114431;6792915;10582934;55544;11709134
FR;2;2022-03-29;108;257;1324;2464;1104;6114539;6793172;10584258;58008;11710238
FR;2;2022-03-30;91;312;1487;3183;1319;6114630;6793484;10585745;61191;11711557
FR;2;2022-03-31;104;283;1273;2330;1087;6114734;6793767;10587018;63521;11712644
FR;2;2022-04-01;121;322;1566;2343;1321;6114855;6794089;10588584;65864;11713965
FR;2;2022-04-02;72;161;845;891;737;6114927;6794250;10589429;66755;11714702
FR;2;2022-04-03;16;53;128;112;142;6114943;6794303;10589557;66867;11714844
FR;2;2022-04-04;109;232;986;1436;794;6115052;6794535;10590543;68303;11715638
FR;2;2022-04-05;143;289;1314;2886;1141;6115195;6794824;10591857;71189;11716779
FR;2;2022-04-06;88;249;1305;2519;1128;6115283;6795073;10593162;73708;11717907
FR;2;2022-04-07;120;215;1299;2681;1038;6115403;6795288;10594461;76389;11718945
FR;2;2022-04-08;125;333;1624;3230;1322;6115528;6795621;10596085;79619;11720267
FR;2;2022-04-09;90;219;899;1045;731;6115618;6795840;10596984;80664;11720998
FR;2;2022-04-10;37;47;143;162;119;6115655;6795887;10597127;80826;11721117
FR;2;2022-04-11;86;188;884;1531;773;6115741;6796075;10598011;82357;11721890
FR;2;2022-04-12;176;266;1179;2737;1058;6115917;6796341;10599190;85094;11722948
FR;2;2022-04-13;144;228;1124;2451;983;6116061;6796569;10600314;87545;11723931
FR;2;2022-04-14;114;220;1084;2673;916;6116175;6796789;10601398;90218;11724847
FR;2;2022-04-15;112;245;1196;2275;1065;6116287;6797034;10602594;92493;11725912
FR;2;2022-04-16;65;108;541;545;452;6116352;6797142;10603135;93038;11726364
FR;2;2022-04-17;15;26;57;53;53;6116367;6797168;10603192;93091;11726417
FR;2;2022-04-18;12;35;119;70;114;6116379;6797203;10603311;93161;11726531
FR;2;2022-04-19;112;237;1115;1707;947;6116491;6797440;10604426;94868;11727478
FR;2;2022-04-20;95;238;1099;2145;930;6116586;6797678;10605525;97013;11728408
FR;2;2022-04-21;111;231;980;1906;836;6116697;6797909;10606505;98919;11729244
FR;2;2022-04-22;97;270;1241;2085;1023;6116794;6798179;10607746;101004;11730267
FR;2;2022-04-23;66;154;644;762;573;6116860;6798333;10608390;101766;11730840
FR;2;2022-04-24;12;29;101;68;79;6116872;6798362;10608491;101834;11730919
FR;2;2022-04-25;103;203;820;1314;709;6116975;6798565;10609311;103148;11731628
FR;2;2022-04-26;109;183;1039;1998;877;6117084;6798748;10610350;105146;11732505
FR;2;2022-04-27;96;177;857;1757;760;6117180;6798925;10611207;106903;11733265
FR;2;2022-04-28;91;214;948;1904;842;6117271;6799139;10612155;108807;11734107
FR;2;2022-04-29;81;279;1129;1691;1037;6117352;6799418;10613284;110498;11735144
FR;2;2022-04-30;65;126;470;538;429;6117417;6799544;10613754;111036;11735573
FR;2;2022-05-01;20;24;83;48;84;6117437;6799568;10613837;111084;11735657
FR;2;2022-05-02;114;222;760;1206;655;6117551;6799790;10614597;112290;11736312
FR;2;2022-05-03;149;228;996;1767;935;6117700;6800018;10615593;114057;11737247
FR;2;2022-05-04;88;221;922;1808;865;6117788;6800239;10616515;115865;11738112
FR;2;2022-05-05;126;195;850;1697;767;6117914;6800434;10617365;117562;11738879
FR;2;2022-05-06;133;242;1098;1848;1012;6118047;6800676;10618463;119410;11739891
FR;2;2022-05-07;40;97;470;504;406;6118087;6800773;10618933;119914;11740297
FR;2;2022-05-08;45;53;106;70;100;6118132;6800826;10619039;119984;11740397
FR;2;2022-05-09;101;173;651;984;603;6118233;6800999;10619690;120968;11741000
FR;2;2022-05-10;119;241;936;1830;892;6118352;6801240;10620626;122798;11741892
FR;2;2022-05-11;100;169;810;1871;788;6118452;6801409;10621436;124669;11742680
FR;2;2022-05-12;110;166;838;2093;799;6118562;6801575;10622274;126762;11743479
FR;2;2022-05-13;99;230;967;2089;895;6118661;6801805;10623241;128851;11744374
FR;2;2022-05-14;76;116;450;554;408;6118737;6801921;10623691;129405;11744782
FR;2;2022-05-15;24;37;93;87;107;6118761;6801958;10623784;129492;11744889
FR;2;2022-05-16;103;169;599;921;536;6118864;6802127;10624383;130413;11745425
FR;2;2022-05-17;95;183;688;1685;656;6118959;6802310;10625071;132098;11746081
FR;2;2022-05-18;80;180;639;1421;644;6119039;6802490;10625710;133519;11746725
FR;2;2022-05-19;69;159;707;1822;750;6119108;6802649;10626417;135341;11747475
FR;2;2022-05-20;107;176;870;1700;776;6119215;6802825;10627287;137041;11748251
FR;2;2022-05-21;47;96;396;517;338;6119262;6802921;10627683;137558;11748589
FR;2;2022-05-22;8;23;69;37;57;6119270;6802944;10627752;137595;11748646
FR;2;2022-05-23;85;131;498;929;469;6119355;6803075;10628250;138524;11749115
FR;2;2022-05-24;86;161;625;1610;613;6119441;6803236;10628875;140134;11749728
FR;2;2022-05-25;71;141;538;1142;491;6119512;6803377;10629413;141276;11750219
FR;2;2022-05-26;8;29;77;41;84;6119520;6803406;10629490;141317;11750303
FR;2;2022-05-27;44;121;456;817;438;6119564;6803527;10629946;142134;11750741
FR;2;2022-05-28;28;60;220;243;220;6119592;6803587;10630166;142377;11750961
FR;2;2022-05-29;13;34;43;25;51;6119605;6803621;10630209;142402;11751012
FR;2;2022-05-30;65;108;418;720;404;6119670;6803729;10630627;143122;11751416
FR;2;2022-05-31;76;133;556;1276;506;6119746;6803862;10631183;144398;11751922
FR;2;2022-06-01;57;152;554;1074;534;6119803;6804014;10631737;145472;11752456
FR;2;2022-06-02;92;169;624;1399;588;6119895;6804183;10632361;146871;11753044
FR;2;2022-06-03;70;155;663;1603;590;6119965;6804338;10633024;148474;11753634
FR;2;2022-06-04;66;92;279;432;265;6120031;6804430;10633303;148906;11753899
FR;2;2022-06-05;11;17;62;57;47;6120042;6804447;10633365;148963;11753946
FR;2;2022-06-06;11;23;91;74;89;6120053;6804470;10633456;149037;11754035
FR;2;2022-06-07;98;217;661;1528;573;6120151;6804687;10634117;150565;11754608
FR;2;2022-06-08;69;116;474;1164;407;6120220;6804803;10634591;151729;11755015
FR;2;2022-06-09;91;164;607;1908;565;6120311;6804967;10635198;153637;11755580
FR;2;2022-06-10;86;165;645;1681;617;6120397;6805132;10635843;155318;11756197
FR;2;2022-06-11;42;82;286;527;257;6120439;6805214;10636129;155845;11756454
FR;2;2022-06-12;18;38;58;78;60;6120457;6805252;10636187;155923;11756514
FR;2;2022-06-13;35;117;386;948;371;6120492;6805369;10636573;156871;11756885
FR;2;2022-06-14;65;153;595;2084;533;6120557;6805522;10637168;158955;11757418
FR;2;2022-06-15;73;101;512;1495;436;6120630;6805623;10637680;160450;11757854
FR;2;2022-06-16;128;124;491;1410;416;6120758;6805747;10638171;161860;11758270
FR;2;2022-06-17;68;131;579;1815;506;6120826;6805878;10638750;163675;11758776
FR;2;2022-06-18;75;92;224;578;196;6120901;6805970;10638974;164253;11758972
FR;2;2022-06-19;11;14;52;71;41;6120912;6805984;10639026;164324;11759013
FR;2;2022-06-20;59;124;396;1027;387;6120971;6806108;10639422;165351;11759400
FR;2;2022-06-21;104;114;521;2112;451;6121075;6806222;10639943;167463;11759851
FR;2;2022-06-22;39;105;456;1885;408;6121114;6806327;10640399;169348;11760259
FR;2;2022-06-23;56;107;534;2280;450;6121170;6806434;10640933;171628;11760709
FR;2;2022-06-24;65;120;704;3177;567;6121235;6806554;10641637;174805;11761276
FR;2;2022-06-25;29;89;293;986;250;6121264;6806643;10641930;175791;11761526
FR;2;2022-06-26;30;27;131;194;96;6121294;6806670;10642061;175985;11761622
FR;2;2022-06-27;78;136;574;2471;477;6121372;6806806;10642635;178456;11762099
FR;2;2022-06-28;110;138;802;4811;643;6121482;6806944;10643437;183267;11762742
FR;2;2022-06-29;71;147;765;4340;625;6121553;6807091;10644202;187607;11763367
FR;2;2022-06-30;70;133;823;5171;613;6121623;6807224;10645025;192778;11763980
FR;2;2022-07-01;106;151;1049;6661;768;6121729;6807375;10646074;199439;11764748
FR;2;2022-07-02;65;128;448;1972;369;6121794;6807503;10646522;201411;11765117
FR;2;2022-07-03;23;28;143;333;127;6121817;6807531;10646665;201744;11765244
FR;2;2022-07-04;116;167;737;3769;573;6121933;6807698;10647402;205513;11765817
FR;2;2022-07-05;113;184;1100;6800;808;6122046;6807882;10648502;212313;11766625
FR;2;2022-07-06;92;146;930;5786;681;6122138;6808028;10649432;218099;11767306
FR;2;2022-07-07;80;183;1001;6478;732;6122218;6808211;10650433;224577;11768038
FR;2;2022-07-08;60;118;1062;7014;723;6122278;6808329;10651495;231591;11768761
FR;2;2022-07-09;33;61;415;1868;298;6122311;6808390;10651910;233459;11769059
FR;2;2022-07-10;6;17;95;311;81;6122317;6808407;10652005;233770;11769140
FR;2;2022-07-11;66;113;639;3785;506;6122383;6808520;10652644;237555;11769646
FR;2;2022-07-12;97;174;1034;6447;789;6122480;6808694;10653678;244002;11770435
FR;2;2022-07-13;56;121;856;4626;564;6122536;6808815;10654534;248628;11770999
FR;2;2022-07-14;6;11;60;243;35;6122542;6808826;10654594;248871;11771034
FR;2;2022-07-15;53;117;696;3737;521;6122595;6808943;10655290;252608;11771555
FR;2;2022-07-16;27;43;275;1023;224;6122622;6808986;10655565;253631;11771779
FR;2;2022-07-17;6;11;74;199;63;6122628;6808997;10655639;253830;11771842
FR;2;2022-07-18;51;100;483;2481;357;6122679;6809097;10656122;256311;11772199
FR;2;2022-07-19;57;119;726;4162;513;6122736;6809216;10656848;260473;11772712
FR;3;2020-12-27;0;0;0;0;0;0;0;0;0;0
FR;3;2020-12-28;0;0;0;0;0;0;0;0;0;0
FR;3;2020-12-29;0;0;0;0;0;0;0;0;0;0
FR;3;2020-12-30;0;0;0;0;0;0;0;0;0;0
FR;3;2020-12-31;0;0;0;0;0;0;0;0;0;0
FR;3;2021-01-01;0;0;0;0;0;0;0;0;0;0
FR;3;2021-01-02;0;0;0;0;0;0;0;0;0;0
FR;3;2021-01-03;0;0;0;0;0;0;0;0;0;0
FR;3;2021-01-04;0;0;0;0;0;0;0;0;0;0
FR;3;2021-01-05;0;0;0;0;0;0;0;0;0;0
FR;3;2021-01-06;0;0;0;0;0;0;0;0;0;0
FR;3;2021-01-07;0;0;0;0;0;0;0;0;0;0
FR;3;2021-01-08;0;0;0;0;0;0;0;0;0;0
FR;3;2021-01-09;0;0;0;0;0;0;0;0;0;0
FR;3;2021-01-10;0;0;0;0;0;0;0;0;0;0
FR;3;2021-01-11;0;0;0;0;0;0;0;0;0;0
FR;3;2021-01-12;0;0;0;0;0;0;0;0;0;0
FR;3;2021-01-13;0;0;0;0;0;0;0;0;0;0
FR;3;2021-01-14;0;0;0;0;0;0;0;0;0;0
FR;3;2021-01-15;0;0;0;0;0;0;0;0;0;0
FR;3;2021-01-16;0;0;0;0;0;0;0;0;0;0
FR;3;2021-01-17;0;0;0;0;0;0;0;0;0;0
FR;3;2021-01-18;0;0;0;0;0;0;0;0;0;0
FR;3;2021-01-19;0;0;0;0;0;0;0;0;0;0
FR;3;2021-01-20;0;0;0;0;0;0;0;0;0;0
FR;3;2021-01-21;0;0;0;0;0;0;0;0;0;0
FR;3;2021-01-22;0;0;0;0;0;0;0;0;0;0
FR;3;2021-01-23;0;0;0;0;0;0;0;0;0;0
FR;3;2021-01-24;0;0;0;0;0;0;0;0;0;0
FR;3;2021-01-25;0;0;0;0;0;0;0;0;0;0
FR;3;2021-01-26;0;0;0;0;0;0;0;0;0;0
FR;3;2021-01-27;0;0;0;0;0;0;0;0;0;0
FR;3;2021-01-28;0;0;0;0;0;0;0;0;0;0
FR;3;2021-01-29;0;0;0;0;0;0;0;0;0;0
FR;3;2021-01-30;0;0;0;0;0;0;0;0;0;0
FR;3;2021-01-31;0;0;0;0;0;0;0;0;0;0
FR;3;2021-02-01;0;0;0;0;0;0;0;0;0;0
FR;3;2021-02-02;0;0;0;0;0;0;0;0;0;0
FR;3;2021-02-03;0;0;0;0;0;0;0;0;0;0
FR;3;2021-02-04;0;0;0;0;0;0;0;0;0;0
FR;3;2021-02-05;0;0;0;0;0;0;0;0;0;0
FR;3;2021-02-06;1607;0;0;0;0;1607;0;0;0;0
FR;3;2021-02-07;1423;1;0;0;0;3030;1;0;0;0
FR;3;2021-02-08;2786;1;0;0;0;5816;2;0;0;0
FR;3;2021-02-09;6782;0;0;0;0;12598;2;0;0;0
FR;3;2021-02-10;9607;0;0;0;0;22205;2;0;0;0
FR;3;2021-02-11;13618;1;0;0;0;35823;3;0;0;0
FR;3;2021-02-12;13404;0;0;0;0;49227;3;0;0;0
FR;3;2021-02-13;3793;1;0;0;0;53020;4;0;0;0
FR;3;2021-02-14;974;0;0;0;0;53994;4;0;0;0
FR;3;2021-02-15;10490;1;0;0;0;64484;5;0;0;0
FR;3;2021-02-16;12549;4;0;0;0;77033;9;0;0;0
FR;3;2021-02-17;11154;0;0;0;0;88187;9;0;0;0
FR;3;2021-02-18;14942;2;0;0;0;103129;11;0;0;0
FR;3;2021-02-19;14359;1;0;0;0;117488;12;0;0;0
FR;3;2021-02-20;3330;0;0;0;0;120818;12;0;0;0
FR;3;2021-02-21;618;0;0;0;0;121436;12;0;0;0
FR;3;2021-02-22;9165;0;0;0;0;130601;12;0;0;0
FR;3;2021-02-23;11395;2;0;0;0;141996;14;0;0;0
FR;3;2021-02-24;14302;1;0;0;0;156298;15;0;0;0
FR;3;2021-02-25;44931;1;0;0;0;201229;16;0;0;0
FR;3;2021-02-26;61886;4;0;0;0;263115;20;0;0;0
FR;3;2021-02-27;34801;10;0;0;0;297916;30;0;0;0
FR;3;2021-02-28;2463;0;0;0;0;300379;30;0;0;0
FR;3;2021-03-01;20516;14;0;0;0;320895;44;0;0;0
FR;3;2021-03-02;38867;20;0;0;0;359762;64;0;0;0
FR;3;2021-03-03;48736;15;0;0;0;408498;79;0;0;0
FR;3;2021-03-04;82221;20;0;0;0;490719;99;0;0;0
FR;3;2021-03-05;118129;38;0;0;0;608848;137;0;0;0
FR;3;2021-03-06;120715;61;1;0;0;729563;198;1;0;0
FR;3;2021-03-07;55179;25;0;0;0;784742;223;1;0;0
FR;3;2021-03-08;42811;28;0;0;0;827553;251;1;0;0
FR;3;2021-03-09;78968;49;0;0;0;906521;300;1;0;0
FR;3;2021-03-10;80976;47;0;0;0;987497;347;1;0;0
FR;3;2021-03-11;128432;60;0;0;0;1115929;407;1;0;0
FR;3;2021-03-12;182720;100;0;0;0;1298649;507;1;0;0
FR;3;2021-03-13;132150;73;0;0;0;1430799;580;1;0;0
FR;3;2021-03-14;14056;5;0;0;0;1444855;585;1;0;0
FR;3;2021-03-15;52230;56;0;0;0;1497085;641;1;0;0
FR;3;2021-03-16;1214;38;0;0;0;1498299;679;1;0;0
FR;3;2021-03-17;944;40;0;0;0;1499243;719;1;0;0
FR;3;2021-03-18;1568;27;0;0;0;1500811;746;1;0;0
FR;3;2021-03-19;70453;49;0;0;0;1571264;795;1;0;0
FR;3;2021-03-20;65231;44;0;0;0;1636495;839;1;0;0
FR;3;2021-03-21;5758;7;0;0;0;1642253;846;1;0;0
FR;3;2021-03-22;37500;43;0;0;0;1679753;889;1;0;0
FR;3;2021-03-23;84657;70;0;0;0;1764410;959;1;0;0
FR;3;2021-03-24;90940;93;0;0;0;1855350;1052;1;0;0
FR;3;2021-03-25;150054;132;0;0;0;2005404;1184;1;0;0
FR;3;2021-03-26;165423;155;0;0;0;2170827;1339;1;0;0
FR;3;2021-03-27;68458;102;0;0;0;2239285;1441;1;0;0
FR;3;2021-03-28;6473;21;0;0;0;2245758;1462;1;0;0
FR;3;2021-03-29;54163;73;0;0;0;2299921;1535;1;0;0
FR;3;2021-03-30;93170;101;0;0;0;2393091;1636;1;0;0
FR;3;2021-03-31;63532;98;0;0;0;2456623;1734;1;0;0
FR;3;2021-04-01;86128;107;0;0;0;2542751;1841;1;0;0
FR;3;2021-04-02;86900;166;0;0;0;2629651;2007;1;0;0
FR;3;2021-04-03;35873;123;0;0;0;2665524;2130;1;0;0
FR;3;2021-04-04;3572;18;0;0;0;2669096;2148;1;0;0
FR;3;2021-04-05;4489;30;0;0;0;2673585;2178;1;0;0
FR;3;2021-04-06;29750;94;0;0;0;2703335;2272;1;0;0
FR;3;2021-04-07;32340;88;0;0;0;2735675;2360;1;0;0
FR;3;2021-04-08;78816;248;0;0;0;2814491;2608;1;0;0
FR;3;2021-04-09;161749;423;0;0;0;2976240;3031;1;0;0
FR;3;2021-04-10;75759;338;0;0;0;3051999;3369;1;0;0
FR;3;2021-04-11;7311;46;0;0;0;3059310;3415;1;0;0
FR;3;2021-04-12;51473;211;0;0;0;3110783;3626;1;0;0
FR;3;2021-04-13;86228;330;0;0;0;3197011;3956;1;0;0
FR;3;2021-04-14;67836;356;0;0;0;3264847;4312;1;0;0
FR;3;2021-04-15;93226;379;0;0;0;3358073;4691;1;0;0
FR;3;2021-04-16;112518;595;0;0;0;3470591;5286;1;0;0
FR;3;2021-04-17;53315;335;1;0;0;3523906;5621;2;0;0
FR;3;2021-04-18;9745;38;0;0;0;3533651;5659;2;0;0
FR;3;2021-04-19;25104;254;0;0;0;3558755;5913;2;0;0
FR;3;2021-04-20;45673;408;0;0;0;3604428;6321;2;0;0
FR;3;2021-04-21;38973;485;0;0;0;3643401;6806;2;0;0
FR;3;2021-04-22;54708;812;0;0;0;3698109;7618;2;0;0
FR;3;2021-04-23;70488;1034;0;0;0;3768597;8652;2;0;0
FR;3;2021-04-24;37243;1039;0;0;0;3805840;9691;2;0;0
FR;3;2021-04-25;6207;149;0;0;0;3812047;9840;2;0;0
FR;3;2021-04-26;19786;666;0;0;0;3831833;10506;2;0;0
FR;3;2021-04-27;34476;1274;0;0;0;3866309;11780;2;0;0
FR;3;2021-04-28;28967;1972;0;0;0;3895276;13752;2;0;0
FR;3;2021-04-29;45382;6011;0;0;0;3940658;19763;2;0;0
FR;3;2021-04-30;55460;8983;1;0;0;3996118;28746;3;0;0
FR;3;2021-05-01;9511;2014;0;0;0;4005629;30760;3;0;0
FR;3;2021-05-02;3074;484;0;0;0;4008703;31244;3;0;0
FR;3;2021-05-03;13061;3885;0;0;0;4021764;35129;3;0;0
FR;3;2021-05-04;23114;8450;0;0;0;4044878;43579;3;0;0
FR;3;2021-05-05;18758;10677;0;0;0;4063636;54256;3;0;0
FR;3;2021-05-06;34627;21018;0;0;0;4098263;75274;3;0;0
FR;3;2021-05-07;44201;28612;0;0;0;4142464;103886;3;0;0
FR;3;2021-05-08;6786;9115;0;0;0;4149250;113001;3;0;0
FR;3;2021-05-09;1794;2658;0;0;0;4151044;115659;3;0;0
FR;3;2021-05-10;14993;12745;0;0;0;4166037;128404;3;0;0
FR;3;2021-05-11;27092;25989;0;0;0;4193129;154393;3;0;0
FR;3;2021-05-12;17267;27744;0;0;0;4210396;182137;3;0;0
FR;3;2021-05-13;2281;3490;0;0;0;4212677;185627;3;0;0
FR;3;2021-05-14;14515;25916;0;0;0;4227192;211543;3;0;0
FR;3;2021-05-15;7233;20897;0;0;0;4234425;232440;3;0;0
FR;3;2021-05-16;976;2654;0;0;0;4235401;235094;3;0;0
FR;3;2021-05-17;7962;20031;0;0;0;4243363;255125;3;0;0
FR;3;2021-05-18;13411;29856;0;0;0;4256774;284981;3;0;0
FR;3;2021-05-19;9268;31133;0;0;0;4266042;316114;3;0;0
FR;3;2021-05-20;12803;53482;3;0;0;4278845;369596;6;0;0
FR;3;2021-05-21;12760;65801;2;0;0;4291605;435397;8;0;0
FR;3;2021-05-22;4963;33478;1;0;0;4296568;468875;9;0;0
FR;3;2021-05-23;650;2655;0;0;0;4297218;471530;9;0;0
FR;3;2021-05-24;882;4895;0;0;0;4298100;476425;9;0;0
FR;3;2021-05-25;5306;45938;1;0;0;4303406;522363;10;0;0
FR;3;2021-05-26;4975;51539;1;0;0;4308381;573902;11;0;0
FR;3;2021-05-27;6326;78442;3;0;0;4314707;652344;14;0;0
FR;3;2021-05-28;7541;99560;2;0;0;4322248;751904;16;0;0
FR;3;2021-05-29;3348;60652;1;0;0;4325596;812556;17;0;0
FR;3;2021-05-30;548;8179;0;0;0;4326144;820735;17;0;0
FR;3;2021-05-31;2440;35698;3;0;0;4328584;856433;20;0;0
FR;3;2021-06-01;3403;64810;10;0;0;4331987;921243;30;0;0
FR;3;2021-06-02;2730;58509;6;0;0;4334717;979752;36;0;0
FR;3;2021-06-03;3494;87404;10;0;0;4338211;1067156;46;0;0
FR;3;2021-06-04;4114;105407;22;0;0;4342325;1172563;68;0;0
FR;3;2021-06-05;1981;52373;4;0;0;4344306;1224936;72;0;0
FR;3;2021-06-06;506;5330;1;0;0;4344812;1230266;73;0;0
FR;3;2021-06-07;1475;30949;11;0;0;4346287;1261215;84;0;0
FR;3;2021-06-08;2055;47287;18;0;0;4348342;1308502;102;0;0
FR;3;2021-06-09;1792;42047;13;0;0;4350134;1350549;115;0;0
FR;3;2021-06-10;2247;67712;17;0;0;4352381;1418261;132;0;0
FR;3;2021-06-11;2479;96655;34;0;0;4354860;1514916;166;0;0
FR;3;2021-06-12;1175;40696;6;0;0;4356035;1555612;172;0;0
FR;3;2021-06-13;281;3723;3;0;0;4356316;1559335;175;0;0
FR;3;2021-06-14;1043;42475;17;0;0;4357359;1601810;192;0;0
FR;3;2021-06-15;1366;80504;20;0;0;4358725;1682314;212;0;0
FR;3;2021-06-16;1257;65542;20;0;0;4359982;1747856;232;0;0
FR;3;2021-06-17;1661;102003;41;0;0;4361643;1849859;273;0;0
FR;3;2021-06-18;1870;118150;62;0;0;4363513;1968009;335;0;0
FR;3;2021-06-19;802;39405;22;0;0;4364315;2007414;357;0;0
FR;3;2021-06-20;159;3294;0;0;0;4364474;2010708;357;0;0
FR;3;2021-06-21;771;39159;16;0;0;4365245;2049867;373;0;0
FR;3;2021-06-22;1063;69965;52;0;0;4366308;2119832;425;0;0
FR;3;2021-06-23;941;50810;39;0;0;4367249;2170642;464;0;0
FR;3;2021-06-24;1311;77175;48;0;0;4368560;2247817;512;0;0
FR;3;2021-06-25;1404;90291;73;0;0;4369964;2338108;585;0;0
FR;3;2021-06-26;629;33110;29;0;0;4370593;2371218;614;0;0
FR;3;2021-06-27;166;3918;1;0;0;4370759;2375136;615;0;0
FR;3;2021-06-28;649;30233;27;0;0;4371408;2405369;642;0;0
FR;3;2021-06-29;854;56313;95;0;0;4372262;2461682;737;0;0
FR;3;2021-06-30;904;45100;93;0;0;4373166;2506782;830;0;0
FR;3;2021-07-01;1162;65827;108;0;0;4374328;2572609;938;0;0
FR;3;2021-07-02;1303;90403;170;0;0;4375631;2663012;1108;0;0
FR;3;2021-07-03;603;31170;51;0;0;4376234;2694182;1159;0;0
FR;3;2021-07-04;143;4164;3;0;0;4376377;2698346;1162;0;0
FR;3;2021-07-05;610;33780;60;0;0;4376987;2732126;1222;0;0
FR;3;2021-07-06;959;56001;88;0;0;4377946;2788127;1310;0;0
FR;3;2021-07-07;870;43007;80;0;0;4378816;2831134;1390;0;0
FR;3;2021-07-08;1123;60717;99;0;0;4379939;2891851;1489;0;0
FR;3;2021-07-09;1259;68830;128;0;0;4381198;2960681;1617;0;0
FR;3;2021-07-10;642;25041;59;0;0;4381840;2985722;1676;0;0
FR;3;2021-07-11;129;3240;4;0;0;4381969;2988962;1680;0;0
FR;3;2021-07-12;661;23794;59;0;0;4382630;3012756;1739;0;0
FR;3;2021-07-13;1645;34643;90;0;0;4384275;3047399;1829;0;0
FR;3;2021-07-14;265;2552;2;0;0;4384540;3049951;1831;0;0
FR;3;2021-07-15;1935;30573;85;0;0;4386475;3080524;1916;0;0
FR;3;2021-07-16;2520;38773;122;0;0;4388995;3119297;2038;0;0
FR;3;2021-07-17;1047;13719;26;0;0;4390042;3133016;2064;0;0
FR;3;2021-07-18;264;2576;3;0;0;4390306;3135592;2067;0;0
FR;3;2021-07-19;1275;17070;37;0;0;4391581;3152662;2104;0;0
FR;3;2021-07-20;1823;27051;98;0;0;4393404;3179713;2202;0;0
FR;3;2021-07-21;1649;19636;44;0;0;4395053;3199349;2246;0;0
FR;3;2021-07-22;1851;27694;83;0;0;4396904;3227043;2329;0;0
FR;3;2021-07-23;2215;30370;117;0;0;4399119;3257413;2446;0;0
FR;3;2021-07-24;823;6975;25;0;0;4399942;3264388;2471;0;0
FR;3;2021-07-25;210;1320;1;0;0;4400152;3265708;2472;0;0
FR;3;2021-07-26;927;10622;28;0;0;4401079;3276330;2500;0;0
FR;3;2021-07-27;1168;16903;56;0;0;4402247;3293233;2556;0;0
FR;3;2021-07-28;988;12044;40;0;0;4403235;3305277;2596;0;0
FR;3;2021-07-29;1127;15781;63;0;0;4404362;3321058;2659;0;0
FR;3;2021-07-30;1128;18032;79;0;0;4405490;3339090;2738;0;0
FR;3;2021-07-31;406;3744;15;0;0;4405896;3342834;2753;0;0
FR;3;2021-08-01;114;470;1;0;0;4406010;3343304;2754;0;0
FR;3;2021-08-02;420;5109;22;0;0;4406430;3348413;2776;0;0
FR;3;2021-08-03;492;7540;27;0;0;4406922;3355953;2803;0;0
FR;3;2021-08-04;435;4858;26;0;0;4407357;3360811;2829;0;0
FR;3;2021-08-05;429;3695;12;0;0;4407786;3364506;2841;0;0
FR;3;2021-08-06;454;4754;30;0;0;4408240;3369260;2871;0;0
FR;3;2021-08-07;214;1912;11;0;0;4408454;3371172;2882;0;0
FR;3;2021-08-08;249;430;2;0;0;4408703;3371602;2884;0;0
FR;3;2021-08-09;316;2457;11;0;0;4409019;3374059;2895;0;0
FR;3;2021-08-10;368;3827;15;0;0;4409387;3377886;2910;0;0
FR;3;2021-08-11;288;2695;15;0;0;4409675;3380581;2925;0;0
FR;3;2021-08-12;277;2613;12;0;0;4409952;3383194;2937;0;0
FR;3;2021-08-13;277;2264;16;0;0;4410229;3385458;2953;0;0
FR;3;2021-08-14;171;908;1;0;0;4410400;3386366;2954;0;0
FR;3;2021-08-15;55;174;0;0;0;4410455;3386540;2954;0;0
FR;3;2021-08-16;123;1058;8;0;0;4410578;3387598;2962;0;0
FR;3;2021-08-17;186;1470;8;0;0;4410764;3389068;2970;0;0
FR;3;2021-08-18;201;1338;10;0;0;4410965;3390406;2980;0;0
FR;3;2021-08-19;165;1401;10;0;0;4411130;3391807;2990;0;0
FR;3;2021-08-20;167;1625;16;0;0;4411297;3393432;3006;0;0
FR;3;2021-08-21;93;584;2;0;0;4411390;3394016;3008;0;0
FR;3;2021-08-22;42;186;1;0;0;4411432;3394202;3009;0;0
FR;3;2021-08-23;140;920;7;0;0;4411572;3395122;3016;0;0
FR;3;2021-08-24;124;956;10;0;0;4411696;3396078;3026;0;0
FR;3;2021-08-25;137;833;3;0;0;4411833;3396911;3029;0;0
FR;3;2021-08-26;172;855;9;0;0;4412005;3397766;3038;0;0
FR;3;2021-08-27;176;954;9;0;0;4412181;3398720;3047;0;0
FR;3;2021-08-28;99;370;4;0;0;4412280;3399090;3051;0;0
FR;3;2021-08-29;128;135;1;0;0;4412408;3399225;3052;0;0
FR;3;2021-08-30;99;588;0;0;127;4412507;3399813;3052;0;127
FR;3;2021-08-31;130;701;7;0;148;4412637;3400514;3059;0;275
FR;3;2021-09-01;118;469;5;0;115;4412755;3400983;3064;0;390
FR;3;2021-09-02;100;627;22;0;116;4412855;3401610;3086;0;506
FR;3;2021-09-03;115;580;17;0;125;4412970;3402190;3103;0;631
FR;3;2021-09-04;54;300;3;0;56;4413024;3402490;3106;0;687
FR;3;2021-09-05;51;67;5;0;28;4413075;3402557;3111;0;715
FR;3;2021-09-06;116;385;4;0;143;4413191;3402942;3115;0;858
FR;3;2021-09-07;123;460;14;0;125;4413314;3403402;3129;0;983
FR;3;2021-09-08;120;360;2;0;97;4413434;3403762;3131;0;1080
FR;3;2021-09-09;93;387;8;0;110;4413527;3404149;3139;0;1190
FR;3;2021-09-10;100;411;3;0;99;4413627;3404560;3142;0;1289
FR;3;2021-09-11;76;235;4;0;66;4413703;3404795;3146;0;1355
FR;3;2021-09-12;37;47;1;0;18;4413740;3404842;3147;0;1373
FR;3;2021-09-13;72;312;7;0;105;4413812;3405154;3154;0;1478
FR;3;2021-09-14;72;284;6;0;101;4413884;3405438;3160;0;1579
FR;3;2021-09-15;60;259;3;0;6;4413944;3405697;3163;0;1585
FR;3;2021-09-16;60;332;5;0;5;4414004;3406029;3168;0;1590
FR;3;2021-09-17;52;340;3;0;7;4414056;3406369;3171;0;1597
FR;3;2021-09-18;36;176;1;0;1;4414092;3406545;3172;0;1598
FR;3;2021-09-19;27;31;2;0;1;4414119;3406576;3174;0;1599
FR;3;2021-09-20;79;198;0;0;1;4414198;3406774;3174;0;1600
FR;3;2021-09-21;59;286;6;0;7;4414257;3407060;3180;0;1607
FR;3;2021-09-22;64;228;6;0;7;4414321;3407288;3186;0;1614
FR;3;2021-09-23;37;270;11;0;7;4414358;3407558;3197;0;1621
FR;3;2021-09-24;27;322;12;0;19;4414385;3407880;3209;0;1640
FR;3;2021-09-25;30;147;3;0;3;4414415;3408027;3212;0;1643
FR;3;2021-09-26;16;57;1;0;1;4414431;3408084;3213;0;1644
FR;3;2021-09-27;41;294;3;0;5;4414472;3408378;3216;0;1649
FR;3;2021-09-28;49;253;6;0;10;4414521;3408631;3222;0;1659
FR;3;2021-09-29;35;225;10;0;14;4414556;3408856;3232;0;1673
FR;3;2021-09-30;39;199;8;0;10;4414595;3409055;3240;0;1683
FR;3;2021-10-01;19;164;6;0;6;4414614;3409219;3246;0;1689
FR;3;2021-10-02;16;87;0;0;0;4414630;3409306;3246;0;1689
FR;3;2021-10-03;19;17;1;0;2;4414649;3409323;3247;0;1691
FR;3;2021-10-04;31;158;4;0;4;4414680;3409481;3251;0;1695
FR;3;2021-10-05;16;151;10;0;13;4414696;3409632;3261;0;1708
FR;3;2021-10-06;31;152;8;0;9;4414727;3409784;3269;0;1717
FR;3;2021-10-07;19;137;6;0;6;4414746;3409921;3275;0;1723
FR;3;2021-10-08;22;143;10;0;9;4414768;3410064;3285;0;1732
FR;3;2021-10-09;14;71;1;0;1;4414782;3410135;3286;0;1733
FR;3;2021-10-10;13;17;2;0;2;4414795;3410152;3288;0;1735
FR;3;2021-10-11;15;121;4;0;5;4414810;3410273;3292;0;1740
FR;3;2021-10-12;18;108;5;0;5;4414828;3410381;3297;0;1745
FR;3;2021-10-13;23;115;8;0;6;4414851;3410496;3305;0;1751
FR;3;2021-10-14;16;157;3;0;4;4414867;3410653;3308;0;1755
FR;3;2021-10-15;23;151;8;0;11;4414890;3410804;3316;0;1766
FR;3;2021-10-16;11;77;6;0;8;4414901;3410881;3322;0;1774
FR;3;2021-10-17;12;24;0;0;0;4414913;3410905;3322;0;1774
FR;3;2021-10-18;18;122;2;0;2;4414931;3411027;3324;0;1776
FR;3;2021-10-19;16;119;19;0;21;4414947;3411146;3343;0;1797
FR;3;2021-10-20;22;129;6;0;7;4414969;3411275;3349;0;1804
FR;3;2021-10-21;27;131;17;0;13;4414996;3411406;3366;0;1817
FR;3;2021-10-22;21;124;16;0;20;4415017;3411530;3382;0;1837
FR;3;2021-10-23;12;58;2;0;1;4415029;3411588;3384;0;1838
FR;3;2021-10-24;7;33;0;0;0;4415036;3411621;3384;0;1838
FR;3;2021-10-25;22;149;7;0;7;4415058;3411770;3391;0;1845
FR;3;2021-10-26;19;111;22;0;19;4415077;3411881;3413;0;1864
FR;3;2021-10-27;17;111;9;0;9;4415094;3411992;3422;0;1873
FR;3;2021-10-28;20;119;33;0;36;4415114;3412111;3455;0;1909
FR;3;2021-10-29;11;114;64;0;54;4415125;3412225;3519;0;1963
FR;3;2021-10-30;9;65;11;1;10;4415134;3412290;3530;1;1973
FR;3;2021-10-31;7;23;1;0;1;4415141;3412313;3531;1;1974
FR;3;2021-11-01;8;22;2;0;1;4415149;3412335;3533;1;1975
FR;3;2021-11-02;9;103;8;0;10;4415158;3412438;3541;1;1985
FR;3;2021-11-03;19;112;10;0;10;4415177;3412550;3551;1;1995
FR;3;2021-11-04;18;92;4;0;3;4415195;3412642;3555;1;1998
FR;3;2021-11-05;17;134;8;1;5;4415212;3412776;3563;2;2003
FR;3;2021-11-06;9;63;3;0;3;4415221;3412839;3566;2;2006
FR;3;2021-11-07;6;21;1;0;1;4415227;3412860;3567;2;2007
FR;3;2021-11-08;11;136;7;0;5;4415238;3412996;3574;2;2012
FR;3;2021-11-09;12;142;5;0;5;4415250;3413138;3579;2;2017
FR;3;2021-11-10;13;167;14;0;15;4415263;3413305;3593;2;2032
FR;3;2021-11-11;10;48;3;0;3;4415273;3413353;3596;2;2035
FR;3;2021-11-12;12;148;6;0;4;4415285;3413501;3602;2;2039
FR;3;2021-11-13;7;73;9;0;10;4415292;3413574;3611;2;2049
FR;3;2021-11-14;3;24;0;0;0;4415295;3413598;3611;2;2049
FR;3;2021-11-15;5;185;10;0;11;4415300;3413783;3621;2;2060
FR;3;2021-11-16;4;149;11;0;10;4415304;3413932;3632;2;2070
FR;3;2021-11-17;7;165;10;0;7;4415311;3414097;3642;2;2077
FR;3;2021-11-18;13;164;10;0;11;4415324;3414261;3652;2;2088
FR;3;2021-11-19;10;211;22;0;27;4415334;3414472;3674;2;2115
FR;3;2021-11-20;6;106;5;0;5;4415340;3414578;3679;2;2120
FR;3;2021-11-21;3;25;3;0;3;4415343;3414603;3682;2;2123
FR;3;2021-11-22;11;213;11;0;11;4415354;3414816;3693;2;2134
FR;3;2021-11-23;8;213;15;0;14;4415362;3415029;3708;2;2148
FR;3;2021-11-24;5;218;9;0;17;4415367;3415247;3717;2;2165
FR;3;2021-11-25;9;250;11;0;10;4415376;3415497;3728;2;2175
FR;3;2021-11-26;7;318;35;0;32;4415383;3415815;3763;2;2207
FR;3;2021-11-27;8;155;20;0;21;4415391;3415970;3783;2;2228
FR;3;2021-11-28;3;62;7;0;7;4415394;3416032;3790;2;2235
FR;3;2021-11-29;5;284;20;0;21;4415399;3416316;3810;2;2256
FR;3;2021-11-30;5;368;26;0;29;4415404;3416684;3836;2;2285
FR;3;2021-12-01;22;403;35;0;37;4415426;3417087;3871;2;2322
FR;3;2021-12-02;9;429;33;0;36;4415435;3417516;3904;2;2358
FR;3;2021-12-03;4;491;37;0;38;4415439;3418007;3941;2;2396
FR;3;2021-12-04;3;252;26;0;28;4415442;3418259;3967;2;2424
FR;3;2021-12-05;1;71;5;0;5;4415443;3418330;3972;2;2429
FR;3;2021-12-06;5;451;14;0;15;4415448;3418781;3986;2;2444
FR;3;2021-12-07;4;532;20;0;24;4415452;3419313;4006;2;2468
FR;3;2021-12-08;6;480;29;0;30;4415458;3419793;4035;2;2498
FR;3;2021-12-09;3;545;17;0;22;4415461;3420338;4052;2;2520
FR;3;2021-12-10;9;555;29;0;25;4415470;3420893;4081;2;2545
FR;3;2021-12-11;4;351;10;0;9;4415474;3421244;4091;2;2554
FR;3;2021-12-12;1;113;3;0;3;4415475;3421357;4094;2;2557
FR;3;2021-12-13;2;533;19;0;21;4415477;3421890;4113;2;2578
FR;3;2021-12-14;7;684;18;0;21;4415484;3422574;4131;2;2599
FR;3;2021-12-15;9;649;17;0;21;4415493;3423223;4148;2;2620
FR;3;2021-12-16;10;662;19;0;18;4415503;3423885;4167;2;2638
FR;3;2021-12-17;5;737;18;0;19;4415508;3424622;4185;2;2657
FR;3;2021-12-18;4;391;4;0;5;4415512;3425013;4189;2;2662
FR;3;2021-12-19;3;196;2;0;2;4415515;3425209;4191;2;2664
FR;3;2021-12-20;8;672;23;0;28;4415523;3425881;4214;2;2692
FR;3;2021-12-21;3;765;10;0;13;4415526;3426646;4224;2;2705
FR;3;2021-12-22;8;714;9;0;10;4415534;3427360;4233;2;2715
FR;3;2021-12-23;2;617;8;0;8;4415536;3427977;4241;2;2723
FR;3;2021-12-24;2;257;3;0;6;4415538;3428234;4244;2;2729
FR;3;2021-12-25;0;25;0;0;0;4415538;3428259;4244;2;2729
FR;3;2021-12-26;0;92;1;0;1;4415538;3428351;4245;2;2730
FR;3;2021-12-27;7;517;17;0;20;4415545;3428868;4262;2;2750
FR;3;2021-12-28;1;664;6;0;5;4415546;3429532;4268;2;2755
FR;3;2021-12-29;4;549;14;0;16;4415550;3430081;4282;2;2771
FR;3;2021-12-30;3;577;7;0;10;4415553;3430658;4289;2;2781
FR;3;2021-12-31;0;200;5;0;7;4415553;3430858;4294;2;2788
FR;3;2022-01-01;0;26;0;0;2;4415553;3430884;4294;2;2790
FR;3;2022-01-02;0;81;0;0;0;4415553;3430965;4294;2;2790
FR;3;2022-01-03;4;547;17;0;21;4415557;3431512;4311;2;2811
FR;3;2022-01-04;6;603;9;0;8;4415563;3432115;4320;2;2819
FR;3;2022-01-05;4;538;10;0;14;4415567;3432653;4330;2;2833
FR;3;2022-01-06;5;525;9;0;11;4415572;3433178;4339;2;2844
FR;3;2022-01-07;2;559;11;0;13;4415574;3433737;4350;2;2857
FR;3;2022-01-08;2;271;4;0;5;4415576;3434008;4354;2;2862
FR;3;2022-01-09;0;118;0;0;0;4415576;3434126;4354;2;2862
FR;3;2022-01-10;2;468;12;0;12;4415578;3434594;4366;2;2874
FR;3;2022-01-11;2;517;1;0;1;4415580;3435111;4367;2;2875
FR;3;2022-01-12;2;437;9;0;10;4415582;3435548;4376;2;2885
FR;3;2022-01-13;3;412;11;0;12;4415585;3435960;4387;2;2897
FR;3;2022-01-14;3;465;10;0;13;4415588;3436425;4397;2;2910
FR;3;2022-01-15;0;295;2;0;3;4415588;3436720;4399;2;2913
FR;3;2022-01-16;1;115;1;0;1;4415589;3436835;4400;2;2914
FR;3;2022-01-17;2;341;8;0;9;4415591;3437176;4408;2;2923
FR;3;2022-01-18;2;399;1;0;2;4415593;3437575;4409;2;2925
FR;3;2022-01-19;2;341;5;0;10;4415595;3437916;4414;2;2935
FR;3;2022-01-20;1;374;5;0;3;4415596;3438290;4419;2;2938
FR;3;2022-01-21;4;364;5;0;7;4415600;3438654;4424;2;2945
FR;3;2022-01-22;2;230;1;0;2;4415602;3438884;4425;2;2947
FR;3;2022-01-23;0;81;0;0;1;4415602;3438965;4425;2;2948
FR;3;2022-01-24;2;341;1;0;6;4415604;3439306;4426;2;2954
FR;3;2022-01-25;0;188;0;0;0;4415604;3439494;4426;2;2954
FR;3;2022-01-26;0;83;0;0;0;4415604;3439577;4426;2;2954
FR;3;2022-01-27;0;54;0;0;0;4415604;3439631;4426;2;2954
FR;3;2022-01-28;0;129;0;0;0;4415604;3439760;4426;2;2954
FR;3;2022-01-29;0;107;0;0;0;4415604;3439867;4426;2;2954
FR;3;2022-01-30;0;51;0;0;0;4415604;3439918;4426;2;2954
FR;3;2022-01-31;0;96;0;0;0;4415604;3440014;4426;2;2954
FR;3;2022-02-01;0;106;0;0;1;4415604;3440120;4426;2;2955
FR;3;2022-02-02;0;93;0;0;0;4415604;3440213;4426;2;2955
FR;3;2022-02-03;0;101;0;0;0;4415604;3440314;4426;2;2955
FR;3;2022-02-04;0;122;0;0;0;4415604;3440436;4426;2;2955
FR;3;2022-02-05;0;73;0;0;0;4415604;3440509;4426;2;2955
FR;3;2022-02-06;0;11;0;0;0;4415604;3440520;4426;2;2955
FR;3;2022-02-07;0;88;0;0;1;4415604;3440608;4426;2;2956
FR;3;2022-02-08;0;0;0;0;0;4415604;3440608;4426;2;2956
FR;3;2022-02-09;0;0;0;0;0;4415604;3440608;4426;2;2956
FR;3;2022-02-10;0;0;0;0;0;4415604;3440608;4426;2;2956
FR;3;2022-02-11;0;0;0;0;0;4415604;3440608;4426;2;2956
FR;3;2022-02-12;0;0;0;0;0;4415604;3440608;4426;2;2956
FR;3;2022-02-13;0;0;0;0;0;4415604;3440608;4426;2;2956
FR;3;2022-02-14;0;0;0;0;0;4415604;3440608;4426;2;2956
FR;3;2022-02-15;0;0;0;0;0;4415604;3440608;4426;2;2956
FR;3;2022-02-16;0;0;0;0;0;4415604;3440608;4426;2;2956
FR;3;2022-02-17;0;0;0;0;0;4415604;3440608;4426;2;2956
FR;3;2022-02-18;0;0;0;0;0;4415604;3440608;4426;2;2956
FR;3;2022-02-19;0;0;0;0;0;4415604;3440608;4426;2;2956
FR;3;2022-02-20;0;0;0;0;0;4415604;3440608;4426;2;2956
FR;3;2022-02-21;2;0;0;0;0;4415606;3440608;4426;2;2956
FR;3;2022-02-22;0;0;0;0;0;4415606;3440608;4426;2;2956
FR;3;2022-02-23;0;0;0;0;0;4415606;3440608;4426;2;2956
FR;3;2022-02-24;0;0;0;0;0;4415606;3440608;4426;2;2956
FR;3;2022-02-25;0;0;0;0;0;4415606;3440608;4426;2;2956
FR;3;2022-02-26;0;0;0;0;0;4415606;3440608;4426;2;2956
FR;3;2022-02-27;0;0;0;0;0;4415606;3440608;4426;2;2956
FR;3;2022-02-28;1;0;0;0;0;4415607;3440608;4426;2;2956
FR;3;2022-03-01;1;0;0;0;0;4415608;3440608;4426;2;2956
FR;3;2022-03-02;0;0;0;0;0;4415608;3440608;4426;2;2956
FR;3;2022-03-03;0;0;0;0;0;4415608;3440608;4426;2;2956
FR;3;2022-03-04;0;0;0;0;0;4415608;3440608;4426;2;2956
FR;3;2022-03-05;0;0;0;0;0;4415608;3440608;4426;2;2956
FR;3;2022-03-06;1;0;0;0;0;4415609;3440608;4426;2;2956
FR;3;2022-03-07;0;0;0;0;0;4415609;3440608;4426;2;2956
FR;3;2022-03-08;1;0;0;0;0;4415610;3440608;4426;2;2956
FR;3;2022-03-09;0;0;0;0;0;4415610;3440608;4426;2;2956
FR;3;2022-03-10;0;0;0;0;0;4415610;3440608;4426;2;2956
FR;3;2022-03-11;0;0;0;0;0;4415610;3440608;4426;2;2956
FR;3;2022-03-12;0;0;0;0;0;4415610;3440608;4426;2;2956
FR;3;2022-03-13;0;0;0;0;0;4415610;3440608;4426;2;2956
FR;3;2022-03-14;0;0;0;0;0;4415610;3440608;4426;2;2956
FR;3;2022-03-15;0;0;0;0;0;4415610;3440608;4426;2;2956
FR;3;2022-03-16;0;0;0;0;0;4415610;3440608;4426;2;2956
FR;3;2022-03-17;0;0;0;0;0;4415610;3440608;4426;2;2956
FR;3;2022-03-18;0;0;0;0;0;4415610;3440608;4426;2;2956
FR;3;2022-03-19;0;0;0;0;0;4415610;3440608;4426;2;2956
FR;3;2022-03-20;1;0;0;0;0;4415611;3440608;4426;2;2956
FR;3;2022-03-21;0;0;0;0;0;4415611;3440608;4426;2;2956
FR;3;2022-03-22;0;0;0;0;0;4415611;3440608;4426;2;2956
FR;3;2022-03-23;1;0;0;0;0;4415612;3440608;4426;2;2956
FR;3;2022-03-24;0;0;0;0;0;4415612;3440608;4426;2;2956
FR;3;2022-03-25;1;0;0;0;0;4415613;3440608;4426;2;2956
FR;3;2022-03-26;0;0;0;0;0;4415613;3440608;4426;2;2956
FR;3;2022-03-27;0;0;0;0;0;4415613;3440608;4426;2;2956
FR;3;2022-03-28;0;0;0;0;0;4415613;3440608;4426;2;2956
FR;3;2022-03-29;0;0;0;0;0;4415613;3440608;4426;2;2956
FR;3;2022-03-30;0;0;0;0;0;4415613;3440608;4426;2;2956
FR;3;2022-03-31;0;0;0;0;0;4415613;3440608;4426;2;2956
FR;3;2022-04-01;0;0;0;0;0;4415613;3440608;4426;2;2956
FR;3;2022-04-02;0;0;0;0;0;4415613;3440608;4426;2;2956
FR;3;2022-04-03;0;0;0;0;0;4415613;3440608;4426;2;2956
FR;3;2022-04-04;0;0;0;0;0;4415613;3440608;4426;2;2956
FR;3;2022-04-05;0;0;0;0;0;4415613;3440608;4426;2;2956
FR;3;2022-04-06;0;0;0;0;0;4415613;3440608;4426;2;2956
FR;3;2022-04-07;0;0;0;0;0;4415613;3440608;4426;2;2956
FR;3;2022-04-08;0;0;0;0;0;4415613;3440608;4426;2;2956
FR;3;2022-04-09;0;0;0;0;0;4415613;3440608;4426;2;2956
FR;3;2022-04-10;0;0;0;0;0;4415613;3440608;4426;2;2956
FR;3;2022-04-11;0;0;0;0;0;4415613;3440608;4426;2;2956
FR;3;2022-04-12;0;0;0;0;0;4415613;3440608;4426;2;2956
FR;3;2022-04-13;0;0;0;0;0;4415613;3440608;4426;2;2956
FR;3;2022-04-14;0;0;0;0;0;4415613;3440608;4426;2;2956
FR;3;2022-04-15;1;0;0;0;0;4415614;3440608;4426;2;2956
FR;3;2022-04-16;0;0;0;0;0;4415614;3440608;4426;2;2956
FR;3;2022-04-17;0;0;0;0;0;4415614;3440608;4426;2;2956
FR;3;2022-04-18;0;0;0;0;0;4415614;3440608;4426;2;2956
FR;3;2022-04-19;0;0;0;0;0;4415614;3440608;4426;2;2956
FR;3;2022-04-20;0;0;0;0;0;4415614;3440608;4426;2;2956
FR;3;2022-04-21;0;0;0;0;0;4415614;3440608;4426;2;2956
FR;3;2022-04-22;0;0;0;0;0;4415614;3440608;4426;2;2956
FR;3;2022-04-23;0;0;0;0;0;4415614;3440608;4426;2;2956
FR;3;2022-04-24;0;0;0;0;0;4415614;3440608;4426;2;2956
FR;3;2022-04-25;0;0;0;0;0;4415614;3440608;4426;2;2956
FR;3;2022-04-26;0;0;0;0;0;4415614;3440608;4426;2;2956
FR;3;2022-04-27;0;0;0;0;0;4415614;3440608;4426;2;2956
FR;3;2022-04-28;0;0;0;0;0;4415614;3440608;4426;2;2956
FR;3;2022-04-29;0;0;0;0;0;4415614;3440608;4426;2;2956
FR;3;2022-04-30;0;0;0;0;0;4415614;3440608;4426;2;2956
FR;3;2022-05-01;0;0;0;0;0;4415614;3440608;4426;2;2956
FR;3;2022-05-02;0;0;0;0;0;4415614;3440608;4426;2;2956
FR;3;2022-05-03;0;0;0;0;0;4415614;3440608;4426;2;2956
FR;3;2022-05-04;0;0;0;0;0;4415614;3440608;4426;2;2956
FR;3;2022-05-05;0;0;0;0;0;4415614;3440608;4426;2;2956
FR;3;2022-05-06;0;0;0;0;0;4415614;3440608;4426;2;2956
FR;3;2022-05-07;0;0;0;0;0;4415614;3440608;4426;2;2956
FR;3;2022-05-08;0;0;0;0;0;4415614;3440608;4426;2;2956
FR;3;2022-05-09;0;0;0;0;0;4415614;3440608;4426;2;2956
FR;3;2022-05-10;0;0;0;0;0;4415614;3440608;4426;2;2956
FR;3;2022-05-11;0;0;0;0;0;4415614;3440608;4426;2;2956
FR;3;2022-05-12;0;0;0;0;0;4415614;3440608;4426;2;2956
FR;3;2022-05-13;0;0;0;0;0;4415614;3440608;4426;2;2956
FR;3;2022-05-14;1;0;0;0;0;4415615;3440608;4426;2;2956
FR;3;2022-05-15;0;0;0;0;0;4415615;3440608;4426;2;2956
FR;3;2022-05-16;0;0;0;0;0;4415615;3440608;4426;2;2956
FR;3;2022-05-17;0;0;0;0;0;4415615;3440608;4426;2;2956
FR;3;2022-05-18;0;0;0;0;0;4415615;3440608;4426;2;2956
FR;3;2022-05-19;0;0;0;0;0;4415615;3440608;4426;2;2956
FR;3;2022-05-20;0;0;0;0;0;4415615;3440608;4426;2;2956
FR;3;2022-05-21;0;0;0;0;0;4415615;3440608;4426;2;2956
FR;3;2022-05-22;0;0;0;0;0;4415615;3440608;4426;2;2956
FR;3;2022-05-23;0;0;0;0;0;4415615;3440608;4426;2;2956
FR;3;2022-05-24;0;0;0;0;0;4415615;3440608;4426;2;2956
FR;3;2022-05-25;0;0;0;0;0;4415615;3440608;4426;2;2956
FR;3;2022-05-26;0;0;0;0;0;4415615;3440608;4426;2;2956
FR;3;2022-05-27;0;0;0;0;0;4415615;3440608;4426;2;2956
FR;3;2022-05-28;0;0;0;0;0;4415615;3440608;4426;2;2956
FR;3;2022-05-29;0;0;0;0;0;4415615;3440608;4426;2;2956
FR;3;2022-05-30;0;0;0;0;0;4415615;3440608;4426;2;2956
FR;3;2022-05-31;0;0;0;0;0;4415615;3440608;4426;2;2956
FR;3;2022-06-01;0;0;0;0;0;4415615;3440608;4426;2;2956
FR;3;2022-06-02;0;0;0;0;0;4415615;3440608;4426;2;2956
FR;3;2022-06-03;0;0;0;0;0;4415615;3440608;4426;2;2956
FR;3;2022-06-04;0;0;0;0;0;4415615;3440608;4426;2;2956
FR;3;2022-06-05;0;0;0;0;0;4415615;3440608;4426;2;2956
FR;3;2022-06-06;0;0;0;0;0;4415615;3440608;4426;2;2956
FR;3;2022-06-07;0;0;0;0;0;4415615;3440608;4426;2;2956
FR;3;2022-06-08;0;0;0;0;0;4415615;3440608;4426;2;2956
FR;3;2022-06-09;0;0;0;0;0;4415615;3440608;4426;2;2956
FR;3;2022-06-10;0;0;0;0;0;4415615;3440608;4426;2;2956
FR;3;2022-06-11;0;0;0;0;0;4415615;3440608;4426;2;2956
FR;3;2022-06-12;0;0;0;0;0;4415615;3440608;4426;2;2956
FR;3;2022-06-13;1;0;0;0;0;4415616;3440608;4426;2;2956
FR;3;2022-06-14;0;0;0;0;0;4415616;3440608;4426;2;2956
FR;3;2022-06-15;0;0;0;0;0;4415616;3440608;4426;2;2956
FR;3;2022-06-16;0;0;0;0;0;4415616;3440608;4426;2;2956
FR;3;2022-06-17;0;0;0;0;0;4415616;3440608;4426;2;2956
FR;3;2022-06-18;0;0;0;0;0;4415616;3440608;4426;2;2956
FR;3;2022-06-19;0;0;0;0;0;4415616;3440608;4426;2;2956
FR;3;2022-06-20;0;0;0;0;0;4415616;3440608;4426;2;2956
FR;3;2022-06-21;0;0;0;0;0;4415616;3440608;4426;2;2956
FR;3;2022-06-22;0;0;0;0;0;4415616;3440608;4426;2;2956
FR;3;2022-06-23;0;0;0;0;0;4415616;3440608;4426;2;2956
FR;3;2022-06-24;0;0;0;0;0;4415616;3440608;4426;2;2956
FR;3;2022-06-25;0;0;0;0;0;4415616;3440608;4426;2;2956
FR;3;2022-06-26;0;0;0;0;0;4415616;3440608;4426;2;2956
FR;3;2022-06-27;0;0;0;0;0;4415616;3440608;4426;2;2956
FR;3;2022-06-28;0;0;0;0;0;4415616;3440608;4426;2;2956
FR;3;2022-06-29;1;0;0;0;0;4415617;3440608;4426;2;2956
FR;3;2022-06-30;0;0;0;0;0;4415617;3440608;4426;2;2956
FR;3;2022-07-01;0;0;0;0;0;4415617;3440608;4426;2;2956
FR;3;2022-07-02;0;0;0;0;0;4415617;3440608;4426;2;2956
FR;3;2022-07-03;0;0;0;0;0;4415617;3440608;4426;2;2956
FR;3;2022-07-04;0;0;0;0;0;4415617;3440608;4426;2;2956
FR;3;2022-07-05;0;0;0;0;0;4415617;3440608;4426;2;2956
FR;3;2022-07-06;0;0;0;0;0;4415617;3440608;4426;2;2956
FR;3;2022-07-07;0;0;0;0;0;4415617;3440608;4426;2;2956
FR;3;2022-07-08;0;0;0;0;0;4415617;3440608;4426;2;2956
FR;3;2022-07-09;0;0;0;0;0;4415617;3440608;4426;2;2956
FR;3;2022-07-10;0;0;0;0;0;4415617;3440608;4426;2;2956
FR;3;2022-07-11;0;0;0;0;0;4415617;3440608;4426;2;2956
FR;3;2022-07-12;0;0;0;0;0;4415617;3440608;4426;2;2956
FR;3;2022-07-13;0;0;0;0;0;4415617;3440608;4426;2;2956
FR;3;2022-07-14;0;0;0;0;0;4415617;3440608;4426;2;2956
FR;3;2022-07-15;0;0;0;0;0;4415617;3440608;4426;2;2956
FR;3;2022-07-16;0;0;0;0;0;4415617;3440608;4426;2;2956
FR;3;2022-07-17;0;0;0;0;0;4415617;3440608;4426;2;2956
FR;3;2022-07-18;0;0;0;0;0;4415617;3440608;4426;2;2956
FR;3;2022-07-19;0;0;0;0;0;4415617;3440608;4426;2;2956
FR;4;2020-12-27;0;0;0;0;0;0;0;0;0;0
FR;4;2020-12-28;0;0;0;0;0;0;0;0;0;0
FR;4;2020-12-29;0;0;0;0;0;0;0;0;0;0
FR;4;2020-12-30;0;0;0;0;0;0;0;0;0;0
FR;4;2020-12-31;0;0;0;0;0;0;0;0;0;0
FR;4;2021-01-01;0;0;0;0;0;0;0;0;0;0
FR;4;2021-01-02;0;0;0;0;0;0;0;0;0;0
FR;4;2021-01-03;0;0;0;0;0;0;0;0;0;0
FR;4;2021-01-04;0;0;0;0;0;0;0;0;0;0
FR;4;2021-01-05;0;0;0;0;0;0;0;0;0;0
FR;4;2021-01-06;0;0;0;0;0;0;0;0;0;0
FR;4;2021-01-07;0;0;0;0;0;0;0;0;0;0
FR;4;2021-01-08;0;0;0;0;0;0;0;0;0;0
FR;4;2021-01-09;0;0;0;0;0;0;0;0;0;0
FR;4;2021-01-10;0;0;0;0;0;0;0;0;0;0
FR;4;2021-01-11;0;0;0;0;0;0;0;0;0;0
FR;4;2021-01-12;0;0;0;0;0;0;0;0;0;0
FR;4;2021-01-13;0;0;0;0;0;0;0;0;0;0
FR;4;2021-01-14;0;0;0;0;0;0;0;0;0;0
FR;4;2021-01-15;0;0;0;0;0;0;0;0;0;0
FR;4;2021-01-16;0;0;0;0;0;0;0;0;0;0
FR;4;2021-01-17;0;0;0;0;0;0;0;0;0;0
FR;4;2021-01-18;0;0;0;0;0;0;0;0;0;0
FR;4;2021-01-19;0;0;0;0;0;0;0;0;0;0
FR;4;2021-01-20;0;0;0;0;0;0;0;0;0;0
FR;4;2021-01-21;0;0;0;0;0;0;0;0;0;0
FR;4;2021-01-22;0;0;0;0;0;0;0;0;0;0
FR;4;2021-01-23;0;0;0;0;0;0;0;0;0;0
FR;4;2021-01-24;0;0;0;0;0;0;0;0;0;0
FR;4;2021-01-25;0;0;0;0;0;0;0;0;0;0
FR;4;2021-01-26;0;0;0;0;0;0;0;0;0;0
FR;4;2021-01-27;0;0;0;0;0;0;0;0;0;0
FR;4;2021-01-28;0;0;0;0;0;0;0;0;0;0
FR;4;2021-01-29;0;0;0;0;0;0;0;0;0;0
FR;4;2021-01-30;0;0;0;0;0;0;0;0;0;0
FR;4;2021-01-31;0;0;0;0;0;0;0;0;0;0
FR;4;2021-02-01;0;0;0;0;0;0;0;0;0;0
FR;4;2021-02-02;0;0;0;0;0;0;0;0;0;0
FR;4;2021-02-03;0;0;0;0;0;0;0;0;0;0
FR;4;2021-02-04;0;0;0;0;0;0;0;0;0;0
FR;4;2021-02-05;0;0;0;0;0;0;0;0;0;0
FR;4;2021-02-06;0;0;0;0;0;0;0;0;0;0
FR;4;2021-02-07;0;0;0;0;0;0;0;0;0;0
FR;4;2021-02-08;0;0;0;0;0;0;0;0;0;0
FR;4;2021-02-09;0;0;0;0;0;0;0;0;0;0
FR;4;2021-02-10;0;0;0;0;0;0;0;0;0;0
FR;4;2021-02-11;0;0;0;0;0;0;0;0;0;0
FR;4;2021-02-12;0;0;0;0;0;0;0;0;0;0
FR;4;2021-02-13;0;0;0;0;0;0;0;0;0;0
FR;4;2021-02-14;0;0;0;0;0;0;0;0;0;0
FR;4;2021-02-15;0;0;0;0;0;0;0;0;0;0
FR;4;2021-02-16;0;0;0;0;0;0;0;0;0;0
FR;4;2021-02-17;0;0;0;0;0;0;0;0;0;0
FR;4;2021-02-18;0;0;0;0;0;0;0;0;0;0
FR;4;2021-02-19;0;0;0;0;0;0;0;0;0;0
FR;4;2021-02-20;0;0;0;0;0;0;0;0;0;0
FR;4;2021-02-21;0;0;0;0;0;0;0;0;0;0
FR;4;2021-02-22;0;0;0;0;0;0;0;0;0;0
FR;4;2021-02-23;0;0;0;0;0;0;0;0;0;0
FR;4;2021-02-24;0;0;0;0;0;0;0;0;0;0
FR;4;2021-02-25;0;0;0;0;0;0;0;0;0;0
FR;4;2021-02-26;0;0;0;0;0;0;0;0;0;0
FR;4;2021-02-27;0;0;0;0;0;0;0;0;0;0
FR;4;2021-02-28;0;0;0;0;0;0;0;0;0;0
FR;4;2021-03-01;0;0;0;0;0;0;0;0;0;0
FR;4;2021-03-02;0;0;0;0;0;0;0;0;0;0
FR;4;2021-03-03;0;0;0;0;0;0;0;0;0;0
FR;4;2021-03-04;0;0;0;0;0;0;0;0;0;0
FR;4;2021-03-05;0;0;0;0;0;0;0;0;0;0
FR;4;2021-03-06;0;0;0;0;0;0;0;0;0;0
FR;4;2021-03-07;0;0;0;0;0;0;0;0;0;0
FR;4;2021-03-08;0;0;0;0;0;0;0;0;0;0
FR;4;2021-03-09;0;0;0;0;0;0;0;0;0;0
FR;4;2021-03-10;0;0;0;0;0;0;0;0;0;0
FR;4;2021-03-11;0;0;0;0;0;0;0;0;0;0
FR;4;2021-03-12;0;0;0;0;0;0;0;0;0;0
FR;4;2021-03-13;0;0;0;0;0;0;0;0;0;0
FR;4;2021-03-14;0;0;0;0;0;0;0;0;0;0
FR;4;2021-03-15;0;0;0;0;0;0;0;0;0;0
FR;4;2021-03-16;0;0;0;0;0;0;0;0;0;0
FR;4;2021-03-17;0;0;0;0;0;0;0;0;0;0
FR;4;2021-03-18;0;0;0;0;0;0;0;0;0;0
FR;4;2021-03-19;0;0;0;0;0;0;0;0;0;0
FR;4;2021-03-20;0;0;0;0;0;0;0;0;0;0
FR;4;2021-03-21;0;0;0;0;0;0;0;0;0;0
FR;4;2021-03-22;0;0;0;0;0;0;0;0;0;0
FR;4;2021-03-23;0;0;0;0;0;0;0;0;0;0
FR;4;2021-03-24;0;0;0;0;0;0;0;0;0;0
FR;4;2021-03-25;0;0;0;0;0;0;0;0;0;0
FR;4;2021-03-26;0;0;0;0;0;0;0;0;0;0
FR;4;2021-03-27;0;0;0;0;0;0;0;0;0;0
FR;4;2021-03-28;0;0;0;0;0;0;0;0;0;0
FR;4;2021-03-29;0;0;0;0;0;0;0;0;0;0
FR;4;2021-03-30;0;0;0;0;0;0;0;0;0;0
FR;4;2021-03-31;0;0;0;0;0;0;0;0;0;0
FR;4;2021-04-01;0;0;0;0;0;0;0;0;0;0
FR;4;2021-04-02;0;0;0;0;0;0;0;0;0;0
FR;4;2021-04-03;0;0;0;0;0;0;0;0;0;0
FR;4;2021-04-04;0;0;0;0;0;0;0;0;0;0
FR;4;2021-04-05;0;0;0;0;0;0;0;0;0;0
FR;4;2021-04-06;0;0;0;0;0;0;0;0;0;0
FR;4;2021-04-07;0;0;0;0;0;0;0;0;0;0
FR;4;2021-04-08;0;0;0;0;0;0;0;0;0;0
FR;4;2021-04-09;0;0;0;0;0;0;0;0;0;0
FR;4;2021-04-10;0;0;0;0;0;0;0;0;0;0
FR;4;2021-04-11;0;0;0;0;0;0;0;0;0;0
FR;4;2021-04-12;0;0;0;0;0;0;0;0;0;0
FR;4;2021-04-13;0;0;0;0;0;0;0;0;0;0
FR;4;2021-04-14;0;0;0;0;0;0;0;0;0;0
FR;4;2021-04-15;0;0;0;0;0;0;0;0;0;0
FR;4;2021-04-16;0;0;0;0;0;0;0;0;0;0
FR;4;2021-04-17;0;0;0;0;0;0;0;0;0;0
FR;4;2021-04-18;0;0;0;0;0;0;0;0;0;0
FR;4;2021-04-19;0;0;0;0;0;0;0;0;0;0
FR;4;2021-04-20;0;0;0;0;0;0;0;0;0;0
FR;4;2021-04-21;0;0;0;0;0;0;0;0;0;0
FR;4;2021-04-22;0;0;0;0;0;0;0;0;0;0
FR;4;2021-04-23;3903;0;0;0;0;3903;0;0;0;0
FR;4;2021-04-24;1569;0;0;0;0;5472;0;0;0;0
FR;4;2021-04-25;125;0;0;0;0;5597;0;0;0;0
FR;4;2021-04-26;2869;1;0;0;0;8466;1;0;0;0
FR;4;2021-04-27;9520;3;0;0;0;17986;4;0;0;0
FR;4;2021-04-28;9904;6;0;0;0;27890;10;0;0;0
FR;4;2021-04-29;15992;8;0;0;0;43882;18;0;0;0
FR;4;2021-04-30;19232;10;0;0;0;63114;28;0;0;0
FR;4;2021-05-01;1994;6;0;0;0;65108;34;0;0;0
FR;4;2021-05-02;482;0;0;0;0;65590;34;0;0;0
FR;4;2021-05-03;5061;2;0;0;0;70651;36;0;0;0
FR;4;2021-05-04;8400;11;0;0;0;79051;47;0;0;0
FR;4;2021-05-05;6184;7;0;0;0;85235;54;0;0;0
FR;4;2021-05-06;11381;11;0;0;0;96616;65;0;0;0
FR;4;2021-05-07;19124;9;0;0;0;115740;74;0;0;0
FR;4;2021-05-08;2377;6;0;0;0;118117;80;0;0;0
FR;4;2021-05-09;686;3;0;0;0;118803;83;0;0;0
FR;4;2021-05-10;7242;5;1;0;0;126045;88;1;0;0
FR;4;2021-05-11;14317;12;0;0;0;140362;100;1;0;0
FR;4;2021-05-12;10168;15;0;0;0;150530;115;1;0;0
FR;4;2021-05-13;1580;3;0;0;0;152110;118;1;0;0
FR;4;2021-05-14;7765;7;0;0;0;159875;125;1;0;0
FR;4;2021-05-15;3718;8;1;0;0;163593;133;2;0;0
FR;4;2021-05-16;417;1;0;0;0;164010;134;2;0;0
FR;4;2021-05-17;4477;6;0;0;0;168487;140;2;0;0
FR;4;2021-05-18;8757;10;0;0;0;177244;150;2;0;0
FR;4;2021-05-19;5691;7;0;0;0;182935;157;2;0;0
FR;4;2021-05-20;9483;7;0;0;0;192418;164;2;0;0
FR;4;2021-05-21;12796;30;0;0;0;205214;194;2;0;0
FR;4;2021-05-22;5056;15;0;0;0;210270;209;2;0;0
FR;4;2021-05-23;494;4;0;0;0;210764;213;2;0;0
FR;4;2021-05-24;1057;7;0;0;0;211821;220;2;0;0
FR;4;2021-05-25;7625;16;0;0;0;219446;236;2;0;0
FR;4;2021-05-26;7726;16;0;0;0;227172;252;2;0;0
FR;4;2021-05-27;14331;35;0;0;0;241503;287;2;0;0
FR;4;2021-05-28;26589;82;1;0;0;268092;369;3;0;0
FR;4;2021-05-29;11382;18;0;0;0;279474;387;3;0;0
FR;4;2021-05-30;972;6;0;0;0;280446;393;3;0;0
FR;4;2021-05-31;12690;21;0;0;0;293136;414;3;0;0
FR;4;2021-06-01;20257;47;1;0;0;313393;461;4;0;0
FR;4;2021-06-02;14520;33;0;0;0;327913;494;4;0;0
FR;4;2021-06-03;19421;24;1;0;0;347334;518;5;0;0
FR;4;2021-06-04;22515;47;0;0;0;369849;565;5;0;0
FR;4;2021-06-05;9713;32;0;0;0;379562;597;5;0;0
FR;4;2021-06-06;1039;1;0;0;0;380601;598;5;0;0
FR;4;2021-06-07;9226;19;0;0;0;389827;617;5;0;0
FR;4;2021-06-08;14612;31;0;0;0;404439;648;5;0;0
FR;4;2021-06-09;12204;25;0;0;0;416643;673;5;0;0
FR;4;2021-06-10;15400;30;0;0;0;432043;703;5;0;0
FR;4;2021-06-11;16982;56;0;0;0;449025;759;5;0;0
FR;4;2021-06-12;7447;27;0;0;0;456472;786;5;0;0
FR;4;2021-06-13;907;3;0;0;0;457379;789;5;0;0
FR;4;2021-06-14;6646;26;0;0;0;464025;815;5;0;0
FR;4;2021-06-15;10885;37;0;0;0;474910;852;5;0;0
FR;4;2021-06-16;8908;15;0;0;0;483818;867;5;0;0
FR;4;2021-06-17;10896;37;0;0;0;494714;904;5;0;0
FR;4;2021-06-18;12421;45;0;0;0;507135;949;5;0;0
FR;4;2021-06-19;5568;25;0;0;0;512703;974;5;0;0
FR;4;2021-06-20;822;5;0;0;0;513525;979;5;0;0
FR;4;2021-06-21;5096;20;0;0;0;518621;999;5;0;0
FR;4;2021-06-22;7907;28;2;0;0;526528;1027;7;0;0
FR;4;2021-06-23;7096;40;2;0;0;533624;1067;9;0;0
FR;4;2021-06-24;8648;46;1;0;0;542272;1113;10;0;0
FR;4;2021-06-25;10171;39;2;0;0;552443;1152;12;0;0
FR;4;2021-06-26;4842;21;0;0;0;557285;1173;12;0;0
FR;4;2021-06-27;763;4;0;0;0;558048;1177;12;0;0
FR;4;2021-06-28;4824;16;1;0;0;562872;1193;13;0;0
FR;4;2021-06-29;7102;28;2;0;0;569974;1221;15;0;0
FR;4;2021-06-30;6715;39;2;0;0;576689;1260;17;0;0
FR;4;2021-07-01;8195;41;0;0;0;584884;1301;17;0;0
FR;4;2021-07-02;9419;52;1;0;0;594303;1353;18;0;0
FR;4;2021-07-03;4846;19;0;0;0;599149;1372;18;0;0
FR;4;2021-07-04;687;5;0;0;0;599836;1377;18;0;0
FR;4;2021-07-05;4770;19;2;0;0;604606;1396;20;0;0
FR;4;2021-07-06;7722;28;4;0;0;612328;1424;24;0;0
FR;4;2021-07-07;7073;34;2;0;0;619401;1458;26;0;0
FR;4;2021-07-08;9226;40;2;0;0;628627;1498;28;0;0
FR;4;2021-07-09;10277;34;1;0;0;638904;1532;29;0;0
FR;4;2021-07-10;4635;14;2;0;0;643539;1546;31;0;0
FR;4;2021-07-11;582;4;1;0;0;644121;1550;32;0;0
FR;4;2021-07-12;5871;29;0;0;0;649992;1579;32;0;0
FR;4;2021-07-13;14233;29;0;0;0;664225;1608;32;0;0
FR;4;2021-07-14;2286;15;0;0;0;666511;1623;32;0;0
FR;4;2021-07-15;18234;36;0;0;0;684745;1659;32;0;0
FR;4;2021-07-16;22828;71;2;0;0;707573;1730;34;0;0
FR;4;2021-07-17;9735;20;0;0;0;717308;1750;34;0;0
FR;4;2021-07-18;1355;4;0;0;0;718663;1754;34;0;0
FR;4;2021-07-19;12987;30;1;0;0;731650;1784;35;0;0
FR;4;2021-07-20;17340;26;1;0;0;748990;1810;36;0;0
FR;4;2021-07-21;15611;33;0;0;0;764601;1843;36;0;0
FR;4;2021-07-22;18240;44;2;0;0;782841;1887;38;0;0
FR;4;2021-07-23;20410;57;7;0;0;803251;1944;45;0;0
FR;4;2021-07-24;9287;32;0;0;0;812538;1976;45;0;0
FR;4;2021-07-25;1351;8;0;0;0;813889;1984;45;0;0
FR;4;2021-07-26;11033;22;0;0;0;824922;2006;45;0;0
FR;4;2021-07-27;14674;35;3;0;0;839596;2041;48;0;0
FR;4;2021-07-28;12930;26;2;0;0;852526;2067;50;0;0
FR;4;2021-07-29;14083;54;4;0;0;866609;2121;54;0;0
FR;4;2021-07-30;15490;46;2;0;0;882099;2167;56;0;0
FR;4;2021-07-31;6834;14;2;0;0;888933;2181;58;0;0
FR;4;2021-08-01;904;1;0;0;0;889837;2182;58;0;0
FR;4;2021-08-02;7912;30;0;0;0;897749;2212;58;0;0
FR;4;2021-08-03;10792;32;2;0;0;908541;2244;60;0;0
FR;4;2021-08-04;9737;29;0;0;0;918278;2273;60;0;0
FR;4;2021-08-05;9817;41;0;0;0;928095;2314;60;0;0
FR;4;2021-08-06;10191;31;3;0;0;938286;2345;63;0;0
FR;4;2021-08-07;5093;30;1;0;0;943379;2375;64;0;0
FR;4;2021-08-08;1219;13;0;0;0;944598;2388;64;0;0
FR;4;2021-08-09;6336;31;0;0;0;950934;2419;64;0;0
FR;4;2021-08-10;8745;18;0;0;0;959679;2437;64;0;0
FR;4;2021-08-11;7938;33;4;0;0;967617;2470;68;0;0
FR;4;2021-08-12;8584;30;1;0;0;976201;2500;69;0;0
FR;4;2021-08-13;7553;24;0;1;0;983754;2524;69;1;0
FR;4;2021-08-14;3791;20;0;0;0;987545;2544;69;1;0
FR;4;2021-08-15;770;5;0;0;0;988315;2549;69;1;0
FR;4;2021-08-16;4005;17;0;0;0;992320;2566;69;1;0
FR;4;2021-08-17;5623;17;1;0;0;997943;2583;70;1;0
FR;4;2021-08-18;5166;37;0;0;0;1003109;2620;70;1;0
FR;4;2021-08-19;5482;33;3;0;0;1008591;2653;73;1;0
FR;4;2021-08-20;5213;25;1;0;0;1013804;2678;74;1;0
FR;4;2021-08-21;2310;21;1;0;0;1016114;2699;75;1;0
FR;4;2021-08-22;404;2;0;0;0;1016518;2701;75;1;0
FR;4;2021-08-23;2927;19;1;0;0;1019445;2720;76;1;0
FR;4;2021-08-24;3751;15;0;0;0;1023196;2735;76;1;0
FR;4;2021-08-25;3539;25;1;0;0;1026735;2760;77;1;0
FR;4;2021-08-26;3708;20;2;0;0;1030443;2780;79;1;0
FR;4;2021-08-27;3609;31;2;0;0;1034052;2811;81;1;0
FR;4;2021-08-28;1725;9;1;0;0;1035777;2820;82;1;0
FR;4;2021-08-29;387;7;1;0;0;1036164;2827;83;1;0
FR;4;2021-08-30;2009;25;0;0;15;1038173;2852;83;1;15
FR;4;2021-08-31;2484;20;0;0;13;1040657;2872;83;1;28
FR;4;2021-09-01;2081;38;1;0;21;1042738;2910;84;1;49
FR;4;2021-09-02;2302;31;4;0;18;1045040;2941;88;1;67
FR;4;2021-09-03;2359;44;5;0;35;1047399;2985;93;1;102
FR;4;2021-09-04;1374;17;0;0;8;1048773;3002;93;1;110
FR;4;2021-09-05;432;2;0;0;2;1049205;3004;93;1;112
FR;4;2021-09-06;1711;61;0;0;22;1050916;3065;93;1;134
FR;4;2021-09-07;1676;18;1;0;9;1052592;3083;94;1;143
FR;4;2021-09-08;1281;26;3;0;19;1053873;3109;97;1;162
FR;4;2021-09-09;1386;23;2;0;9;1055259;3132;99;1;171
FR;4;2021-09-10;1521;31;2;0;23;1056780;3163;101;1;194
FR;4;2021-09-11;742;11;0;0;3;1057522;3174;101;1;197
FR;4;2021-09-12;168;4;0;0;3;1057690;3178;101;1;200
FR;4;2021-09-13;1320;22;1;0;16;1059010;3200;102;1;216
FR;4;2021-09-14;1499;9;2;0;6;1060509;3209;104;1;222
FR;4;2021-09-15;1094;27;1;0;24;1061603;3236;105;1;246
FR;4;2021-09-16;1100;22;2;0;15;1062703;3258;107;1;261
FR;4;2021-09-17;894;21;1;0;12;1063597;3279;108;1;273
FR;4;2021-09-18;462;6;1;0;5;1064059;3285;109;1;278
FR;4;2021-09-19;181;3;0;0;2;1064240;3288;109;1;280
FR;4;2021-09-20;452;19;0;0;13;1064692;3307;109;1;293
FR;4;2021-09-21;425;11;0;0;7;1065117;3318;109;1;300
FR;4;2021-09-22;373;19;2;0;13;1065490;3337;111;1;313
FR;4;2021-09-23;480;16;1;0;15;1065970;3353;112;1;328
FR;4;2021-09-24;411;13;2;0;9;1066381;3366;114;1;337
FR;4;2021-09-25;280;9;1;0;4;1066661;3375;115;1;341
FR;4;2021-09-26;73;2;0;0;1;1066734;3377;115;1;342
FR;4;2021-09-27;262;10;1;0;8;1066996;3387;116;1;350
FR;4;2021-09-28;317;8;0;0;8;1067313;3395;116;1;358
FR;4;2021-09-29;373;18;1;0;12;1067686;3413;117;1;370
FR;4;2021-09-30;363;40;0;0;21;1068049;3453;117;1;391
FR;4;2021-10-01;411;50;0;0;44;1068460;3503;117;1;435
FR;4;2021-10-02;196;22;1;0;13;1068656;3525;118;1;448
FR;4;2021-10-03;85;1;0;0;0;1068741;3526;118;1;448
FR;4;2021-10-04;361;20;1;0;16;1069102;3546;119;1;464
FR;4;2021-10-05;278;19;2;0;15;1069380;3565;121;1;479
FR;4;2021-10-06;246;22;1;0;18;1069626;3587;122;1;497
FR;4;2021-10-07;258;25;2;0;13;1069884;3612;124;1;510
FR;4;2021-10-08;354;23;2;0;19;1070238;3635;126;1;529
FR;4;2021-10-09;193;6;6;0;7;1070431;3641;132;1;536
FR;4;2021-10-10;95;3;2;0;3;1070526;3644;134;1;539
FR;4;2021-10-11;247;15;1;0;14;1070773;3659;135;1;553
FR;4;2021-10-12;207;14;0;0;13;1070980;3673;135;1;566
FR;4;2021-10-13;219;28;1;0;25;1071199;3701;136;1;591
FR;4;2021-10-14;310;21;4;0;15;1071509;3722;140;1;606
FR;4;2021-10-15;321;24;5;0;25;1071830;3746;145;1;631
FR;4;2021-10-16;166;6;2;0;6;1071996;3752;147;1;637
FR;4;2021-10-17;70;2;0;0;1;1072066;3754;147;1;638
FR;4;2021-10-18;279;15;1;0;12;1072345;3769;148;1;650
FR;4;2021-10-19;213;14;2;0;15;1072558;3783;150;1;665
FR;4;2021-10-20;227;27;4;0;15;1072785;3810;154;1;680
FR;4;2021-10-21;239;17;0;0;13;1073024;3827;154;1;693
FR;4;2021-10-22;212;25;2;0;20;1073236;3852;156;1;713
FR;4;2021-10-23;115;16;1;0;15;1073351;3868;157;1;728
FR;4;2021-10-24;38;4;0;0;1;1073389;3872;157;1;729
FR;4;2021-10-25;213;7;2;0;9;1073602;3879;159;1;738
FR;4;2021-10-26;196;14;0;0;12;1073798;3893;159;1;750
FR;4;2021-10-27;194;11;4;0;11;1073992;3904;163;1;761
FR;4;2021-10-28;184;18;4;0;21;1074176;3922;167;1;782
FR;4;2021-10-29;222;15;2;0;13;1074398;3937;169;1;795
FR;4;2021-10-30;102;2;1;0;2;1074500;3939;170;1;797
FR;4;2021-10-31;56;3;2;0;3;1074556;3942;172;1;800
FR;4;2021-11-01;75;27;4;0;24;1074631;3969;176;1;824
FR;4;2021-11-02;156;20;2;0;21;1074787;3989;178;1;845
FR;4;2021-11-03;129;20;8;1;18;1074916;4009;186;2;863
FR;4;2021-11-04;180;15;1;0;12;1075096;4024;187;2;875
FR;4;2021-11-05;129;17;1;0;16;1075225;4041;188;2;891
FR;4;2021-11-06;79;6;1;0;6;1075304;4047;189;2;897
FR;4;2021-11-07;78;2;2;0;4;1075382;4049;191;2;901
FR;4;2021-11-08;158;20;1;0;20;1075540;4069;192;2;921
FR;4;2021-11-09;155;14;3;0;16;1075695;4083;195;2;937
FR;4;2021-11-10;116;29;6;0;31;1075811;4112;201;2;968
FR;4;2021-11-11;92;10;0;0;10;1075903;4122;201;2;978
FR;4;2021-11-12;103;19;2;0;18;1076006;4141;203;2;996
FR;4;2021-11-13;74;15;2;0;14;1076080;4156;205;2;1010
FR;4;2021-11-14;54;5;3;0;7;1076134;4161;208;2;1017
FR;4;2021-11-15;98;26;2;0;24;1076232;4187;210;2;1041
FR;4;2021-11-16;104;13;2;0;15;1076336;4200;212;2;1056
FR;4;2021-11-17;119;29;4;0;29;1076455;4229;216;2;1085
FR;4;2021-11-18;100;34;13;0;42;1076555;4263;229;2;1127
FR;4;2021-11-19;84;19;3;0;20;1076639;4282;232;2;1147
FR;4;2021-11-20;75;8;1;0;8;1076714;4290;233;2;1155
FR;4;2021-11-21;63;7;2;0;9;1076777;4297;235;2;1164
FR;4;2021-11-22;105;27;7;0;30;1076882;4324;242;2;1194
FR;4;2021-11-23;75;29;5;0;26;1076957;4353;247;2;1220
FR;4;2021-11-24;85;23;10;0;23;1077042;4376;257;2;1243
FR;4;2021-11-25;87;28;14;0;30;1077129;4404;271;2;1273
FR;4;2021-11-26;82;43;12;0;45;1077211;4447;283;2;1318
FR;4;2021-11-27;39;22;15;0;25;1077250;4469;298;2;1343
FR;4;2021-11-28;48;8;0;0;7;1077298;4477;298;2;1350
FR;4;2021-11-29;87;31;15;0;39;1077385;4508;313;2;1389
FR;4;2021-11-30;72;36;12;0;40;1077457;4544;325;2;1429
FR;4;2021-12-01;87;60;19;0;67;1077544;4604;344;2;1496
FR;4;2021-12-02;102;48;19;0;53;1077646;4652;363;2;1549
FR;4;2021-12-03;98;36;15;0;44;1077744;4688;378;2;1593
FR;4;2021-12-04;71;31;18;0;44;1077815;4719;396;2;1637
FR;4;2021-12-05;61;6;1;0;7;1077876;4725;397;2;1644
FR;4;2021-12-06;103;46;20;0;60;1077979;4771;417;2;1704
FR;4;2021-12-07;80;35;9;0;34;1078059;4806;426;2;1738
FR;4;2021-12-08;68;29;16;0;35;1078127;4835;442;2;1773
FR;4;2021-12-09;61;32;10;0;38;1078188;4867;452;2;1811
FR;4;2021-12-10;63;64;20;0;68;1078251;4931;472;2;1879
FR;4;2021-12-11;28;34;7;0;34;1078279;4965;479;2;1913
FR;4;2021-12-12;24;10;3;0;13;1078303;4975;482;2;1926
FR;4;2021-12-13;70;40;13;0;48;1078373;5015;495;2;1974
FR;4;2021-12-14;59;43;17;0;54;1078432;5058;512;2;2028
FR;4;2021-12-15;62;64;28;0;84;1078494;5122;540;2;2112
FR;4;2021-12-16;32;44;19;0;57;1078526;5166;559;2;2169
FR;4;2021-12-17;39;55;12;0;60;1078565;5221;571;2;2229
FR;4;2021-12-18;48;29;2;0;30;1078613;5250;573;2;2259
FR;4;2021-12-19;15;4;1;0;4;1078628;5254;574;2;2263
FR;4;2021-12-20;38;38;10;0;41;1078666;5292;584;2;2304
FR;4;2021-12-21;27;30;15;0;36;1078693;5322;599;2;2340
FR;4;2021-12-22;36;37;10;0;38;1078729;5359;609;2;2378
FR;4;2021-12-23;39;45;8;0;49;1078768;5404;617;2;2427
FR;4;2021-12-24;23;26;10;0;30;1078791;5430;627;2;2457
FR;4;2021-12-25;6;3;3;0;4;1078797;5433;630;2;2461
FR;4;2021-12-26;4;3;1;0;2;1078801;5436;631;2;2463
FR;4;2021-12-27;28;41;9;0;43;1078829;5477;640;2;2506
FR;4;2021-12-28;24;28;7;0;29;1078853;5505;647;2;2535
FR;4;2021-12-29;49;25;10;0;29;1078902;5530;657;2;2564
FR;4;2021-12-30;42;18;12;0;21;1078944;5548;669;2;2585
FR;4;2021-12-31;18;6;8;0;11;1078962;5554;677;2;2596
FR;4;2022-01-01;5;4;4;0;6;1078967;5558;681;2;2602
FR;4;2022-01-02;40;5;16;0;20;1079007;5563;697;2;2622
FR;4;2022-01-03;40;54;21;1;60;1079047;5617;718;3;2682
FR;4;2022-01-04;32;27;13;0;30;1079079;5644;731;3;2712
FR;4;2022-01-05;47;21;18;0;23;1079126;5665;749;3;2735
FR;4;2022-01-06;48;20;23;0;35;1079174;5685;772;3;2770
FR;4;2022-01-07;28;20;15;0;20;1079202;5705;787;3;2790
FR;4;2022-01-08;8;6;10;0;12;1079210;5711;797;3;2802
FR;4;2022-01-09;18;2;3;0;4;1079228;5713;800;3;2806
FR;4;2022-01-10;41;22;17;0;34;1079269;5735;817;3;2840
FR;4;2022-01-11;26;30;12;0;34;1079295;5765;829;3;2874
FR;4;2022-01-12;32;21;13;0;23;1079327;5786;842;3;2897
FR;4;2022-01-13;51;19;27;0;37;1079378;5805;869;3;2934
FR;4;2022-01-14;23;28;13;0;31;1079401;5833;882;3;2965
FR;4;2022-01-15;11;6;8;0;12;1079412;5839;890;3;2977
FR;4;2022-01-16;11;9;11;0;19;1079423;5848;901;3;2996
FR;4;2022-01-17;24;18;12;0;24;1079447;5866;913;3;3020
FR;4;2022-01-18;16;13;8;0;18;1079463;5879;921;3;3038
FR;4;2022-01-19;30;23;10;0;31;1079493;5902;931;3;3069
FR;4;2022-01-20;31;34;11;0;37;1079524;5936;942;3;3106
FR;4;2022-01-21;9;12;19;1;16;1079533;5948;961;4;3122
FR;4;2022-01-22;30;9;2;0;9;1079563;5957;963;4;3131
FR;4;2022-01-23;7;2;4;0;6;1079570;5959;967;4;3137
FR;4;2022-01-24;14;21;8;0;27;1079584;5980;975;4;3164
FR;4;2022-01-25;20;31;8;1;35;1079604;6011;983;5;3199
FR;4;2022-01-26;19;14;7;1;16;1079623;6025;990;6;3215
FR;4;2022-01-27;20;18;6;0;22;1079643;6043;996;6;3237
FR;4;2022-01-28;13;23;8;0;26;1079656;6066;1004;6;3263
FR;4;2022-01-29;16;6;5;0;10;1079672;6072;1009;6;3273
FR;4;2022-01-30;16;3;1;0;4;1079688;6075;1010;6;3277
FR;4;2022-01-31;20;27;8;0;31;1079708;6102;1018;6;3308
FR;4;2022-02-01;9;19;11;0;19;1079717;6121;1029;6;3327
FR;4;2022-02-02;17;11;10;2;16;1079734;6132;1039;8;3343
FR;4;2022-02-03;13;23;9;0;26;1079747;6155;1048;8;3369
FR;4;2022-02-04;7;5;7;0;9;1079754;6160;1055;8;3378
FR;4;2022-02-05;7;14;1;0;13;1079761;6174;1056;8;3391
FR;4;2022-02-06;6;3;2;0;4;1079767;6177;1058;8;3395
FR;4;2022-02-07;14;19;7;0;19;1079781;6196;1065;8;3414
FR;4;2022-02-08;16;20;13;1;21;1079797;6216;1078;9;3435
FR;4;2022-02-09;16;11;7;0;14;1079813;6227;1085;9;3449
FR;4;2022-02-10;17;23;9;0;24;1079830;6250;1094;9;3473
FR;4;2022-02-11;18;14;8;0;19;1079848;6264;1102;9;3492
FR;4;2022-02-12;23;6;2;0;6;1079871;6270;1104;9;3498
FR;4;2022-02-13;7;3;3;0;6;1079878;6273;1107;9;3504
FR;4;2022-02-14;18;10;7;0;13;1079896;6283;1114;9;3517
FR;4;2022-02-15;17;7;1;0;7;1079913;6290;1115;9;3524
FR;4;2022-02-16;15;9;10;0;15;1079928;6299;1125;9;3539
FR;4;2022-02-17;10;4;4;0;6;1079938;6303;1129;9;3545
FR;4;2022-02-18;17;15;7;0;20;1079955;6318;1136;9;3565
FR;4;2022-02-19;16;3;2;0;4;1079971;6321;1138;9;3569
FR;4;2022-02-20;7;3;0;0;2;1079978;6324;1138;9;3571
FR;4;2022-02-21;22;3;3;0;4;1080000;6327;1141;9;3575
FR;4;2022-02-22;8;4;9;0;9;1080008;6331;1150;9;3584
FR;4;2022-02-23;16;6;9;0;9;1080024;6337;1159;9;3593
FR;4;2022-02-24;10;5;3;0;6;1080034;6342;1162;9;3599
FR;4;2022-02-25;15;5;7;0;6;1080049;6347;1169;9;3605
FR;4;2022-02-26;26;3;0;0;3;1080075;6350;1169;9;3608
FR;4;2022-02-27;9;0;1;0;1;1080084;6350;1170;9;3609
FR;4;2022-02-28;15;3;2;0;3;1080099;6353;1172;9;3612
FR;4;2022-03-01;6;2;7;0;3;1080105;6355;1179;9;3615
FR;4;2022-03-02;12;2;3;0;4;1080117;6357;1182;9;3619
FR;4;2022-03-03;16;5;1;0;4;1080133;6362;1183;9;3623
FR;4;2022-03-04;7;7;2;1;5;1080140;6369;1185;10;3628
FR;4;2022-03-05;9;2;0;0;2;1080149;6371;1185;10;3630
FR;4;2022-03-06;4;0;1;0;1;1080153;6371;1186;10;3631
FR;4;2022-03-07;10;4;1;0;3;1080163;6375;1187;10;3634
FR;4;2022-03-08;13;3;0;0;3;1080176;6378;1187;10;3637
FR;4;2022-03-09;8;6;2;0;7;1080184;6384;1189;10;3644
FR;4;2022-03-10;5;1;5;0;2;1080189;6385;1194;10;3646
FR;4;2022-03-11;8;4;5;0;2;1080197;6389;1199;10;3648
FR;4;2022-03-12;9;2;0;0;0;1080206;6391;1199;10;3648
FR;4;2022-03-13;5;1;1;0;2;1080211;6392;1200;10;3650
FR;4;2022-03-14;4;1;1;0;2;1080215;6393;1201;10;3652
FR;4;2022-03-15;6;3;2;0;2;1080221;6396;1203;10;3654
FR;4;2022-03-16;7;3;3;0;3;1080228;6399;1206;10;3657
FR;4;2022-03-17;3;4;1;0;5;1080231;6403;1207;10;3662
FR;4;2022-03-18;9;3;0;0;3;1080240;6406;1207;10;3665
FR;4;2022-03-19;1;1;0;0;1;1080241;6407;1207;10;3666
FR;4;2022-03-20;2;0;2;0;1;1080243;6407;1209;10;3667
FR;4;2022-03-21;5;3;0;0;3;1080248;6410;1209;10;3670
FR;4;2022-03-22;3;2;2;0;3;1080251;6412;1211;10;3673
FR;4;2022-03-23;6;4;4;0;7;1080257;6416;1215;10;3680
FR;4;2022-03-24;2;4;3;1;5;1080259;6420;1218;11;3685
FR;4;2022-03-25;3;1;2;0;1;1080262;6421;1220;11;3686
FR;4;2022-03-26;5;5;0;0;5;1080267;6426;1220;11;3691
FR;4;2022-03-27;1;0;1;0;0;1080268;6426;1221;11;3691
FR;4;2022-03-28;5;1;3;0;3;1080273;6427;1224;11;3694
FR;4;2022-03-29;8;0;4;1;0;1080281;6427;1228;12;3694
FR;4;2022-03-30;2;4;0;0;4;1080283;6431;1228;12;3698
FR;4;2022-03-31;2;3;1;1;3;1080285;6434;1229;13;3701
FR;4;2022-04-01;13;2;5;0;5;1080298;6436;1234;13;3706
FR;4;2022-04-02;4;4;0;0;3;1080302;6440;1234;13;3709
FR;4;2022-04-03;0;0;0;0;0;1080302;6440;1234;13;3709
FR;4;2022-04-04;4;4;3;0;4;1080306;6444;1237;13;3713
FR;4;2022-04-05;3;3;1;1;2;1080309;6447;1238;14;3715
FR;4;2022-04-06;4;0;0;0;0;1080313;6447;1238;14;3715
FR;4;2022-04-07;3;2;3;2;5;1080316;6449;1241;16;3720
FR;4;2022-04-08;4;1;1;0;1;1080320;6450;1242;16;3721
FR;4;2022-04-09;0;0;1;1;1;1080320;6450;1243;17;3722
FR;4;2022-04-10;1;2;0;0;2;1080321;6452;1243;17;3724
FR;4;2022-04-11;3;3;4;0;5;1080324;6455;1247;17;3729
FR;4;2022-04-12;3;1;4;0;2;1080327;6456;1251;17;3731
FR;4;2022-04-13;4;7;2;0;9;1080331;6463;1253;17;3740
FR;4;2022-04-14;6;4;1;1;4;1080337;6467;1254;18;3744
FR;4;2022-04-15;5;8;1;0;9;1080342;6475;1255;18;3753
FR;4;2022-04-16;1;0;0;0;0;1080343;6475;1255;18;3753
FR;4;2022-04-17;2;1;0;0;1;1080345;6476;1255;18;3754
FR;4;2022-04-18;2;2;5;0;3;1080347;6478;1260;18;3757
FR;4;2022-04-19;2;0;1;0;0;1080349;6478;1261;18;3757
FR;4;2022-04-20;13;4;1;0;3;1080362;6482;1262;18;3760
FR;4;2022-04-21;5;1;0;0;1;1080367;6483;1262;18;3761
FR;4;2022-04-22;1;0;2;0;1;1080368;6483;1264;18;3762
FR;4;2022-04-23;2;3;3;0;6;1080370;6486;1267;18;3768
FR;4;2022-04-24;0;2;0;0;2;1080370;6488;1267;18;3770
FR;4;2022-04-25;3;4;3;0;7;1080373;6492;1270;18;3777
FR;4;2022-04-26;4;4;1;0;4;1080377;6496;1271;18;3781
FR;4;2022-04-27;4;1;0;1;0;1080381;6497;1271;19;3781
FR;4;2022-04-28;2;5;5;0;6;1080383;6502;1276;19;3787
FR;4;2022-04-29;4;3;0;0;2;1080387;6505;1276;19;3789
FR;4;2022-04-30;0;1;1;0;2;1080387;6506;1277;19;3791
FR;4;2022-05-01;0;0;0;0;0;1080387;6506;1277;19;3791
FR;4;2022-05-02;4;16;6;0;19;1080391;6522;1283;19;3810
FR;4;2022-05-03;2;5;2;0;6;1080393;6527;1285;19;3816
FR;4;2022-05-04;7;4;1;0;4;1080400;6531;1286;19;3820
FR;4;2022-05-05;2;2;1;1;1;1080402;6533;1287;20;3821
FR;4;2022-05-06;2;1;1;0;1;1080404;6534;1288;20;3822
FR;4;2022-05-07;0;0;0;0;0;1080404;6534;1288;20;3822
FR;4;2022-05-08;1;1;0;0;1;1080405;6535;1288;20;3823
FR;4;2022-05-09;5;0;0;0;0;1080410;6535;1288;20;3823
FR;4;2022-05-10;1;1;0;2;3;1080411;6536;1288;22;3826
FR;4;2022-05-11;2;2;1;0;3;1080413;6538;1289;22;3829
FR;4;2022-05-12;5;3;1;1;4;1080418;6541;1290;23;3833
FR;4;2022-05-13;0;0;2;0;2;1080418;6541;1292;23;3835
FR;4;2022-05-14;0;2;0;0;2;1080418;6543;1292;23;3837
FR;4;2022-05-15;1;2;0;0;0;1080419;6545;1292;23;3837
FR;4;2022-05-16;5;2;2;0;2;1080424;6547;1294;23;3839
FR;4;2022-05-17;3;1;2;0;3;1080427;6548;1296;23;3842
FR;4;2022-05-18;0;5;0;0;5;1080427;6553;1296;23;3847
FR;4;2022-05-19;2;2;3;0;4;1080429;6555;1299;23;3851
FR;4;2022-05-20;3;1;3;0;1;1080432;6556;1302;23;3852
FR;4;2022-05-21;2;0;1;0;1;1080434;6556;1303;23;3853
FR;4;2022-05-22;0;0;1;0;1;1080434;6556;1304;23;3854
FR;4;2022-05-23;0;0;2;0;0;1080434;6556;1306;23;3854
FR;4;2022-05-24;1;4;0;0;4;1080435;6560;1306;23;3858
FR;4;2022-05-25;1;3;0;0;1;1080436;6563;1306;23;3859
FR;4;2022-05-26;2;0;0;0;0;1080438;6563;1306;23;3859
FR;4;2022-05-27;0;1;0;0;1;1080438;6564;1306;23;3860
FR;4;2022-05-28;1;0;0;0;0;1080439;6564;1306;23;3860
FR;4;2022-05-29;0;0;0;0;0;1080439;6564;1306;23;3860
FR;4;2022-05-30;2;4;2;0;5;1080441;6568;1308;23;3865
FR;4;2022-05-31;2;1;0;0;1;1080443;6569;1308;23;3866
FR;4;2022-06-01;1;11;7;0;15;1080444;6580;1315;23;3881
FR;4;2022-06-02;1;5;2;0;5;1080445;6585;1317;23;3886
FR;4;2022-06-03;1;5;4;1;6;1080446;6590;1321;24;3892
FR;4;2022-06-04;0;1;1;0;1;1080446;6591;1322;24;3893
FR;4;2022-06-05;0;0;0;0;0;1080446;6591;1322;24;3893
FR;4;2022-06-06;5;0;2;0;1;1080451;6591;1324;24;3894
FR;4;2022-06-07;3;1;0;1;1;1080454;6592;1324;25;3895
FR;4;2022-06-08;0;3;3;0;6;1080454;6595;1327;25;3901
FR;4;2022-06-09;1;2;0;0;1;1080455;6597;1327;25;3902
FR;4;2022-06-10;2;0;3;0;1;1080457;6597;1330;25;3903
FR;4;2022-06-11;0;0;0;0;0;1080457;6597;1330;25;3903
FR;4;2022-06-12;4;0;0;0;0;1080461;6597;1330;25;3903
FR;4;2022-06-13;3;1;2;0;1;1080464;6598;1332;25;3904
FR;4;2022-06-14;3;2;0;0;2;1080467;6600;1332;25;3906
FR;4;2022-06-15;6;0;4;0;0;1080473;6600;1336;25;3906
FR;4;2022-06-16;0;2;1;1;1;1080473;6602;1337;26;3907
FR;4;2022-06-17;2;1;0;0;1;1080475;6603;1337;26;3908
FR;4;2022-06-18;0;0;0;0;0;1080475;6603;1337;26;3908
FR;4;2022-06-19;0;0;0;0;0;1080475;6603;1337;26;3908
FR;4;2022-06-20;4;2;2;0;3;1080479;6605;1339;26;3911
FR;4;2022-06-21;2;2;3;1;3;1080481;6607;1342;27;3914
FR;4;2022-06-22;2;2;0;0;2;1080483;6609;1342;27;3916
FR;4;2022-06-23;3;3;3;0;5;1080486;6612;1345;27;3921
FR;4;2022-06-24;1;0;2;0;0;1080487;6612;1347;27;3921
FR;4;2022-06-25;1;0;0;0;0;1080488;6612;1347;27;3921
FR;4;2022-06-26;0;0;1;0;1;1080488;6612;1348;27;3922
FR;4;2022-06-27;1;2;0;3;2;1080489;6614;1348;30;3924
FR;4;2022-06-28;0;3;2;1;4;1080489;6617;1350;31;3928
FR;4;2022-06-29;0;0;1;0;0;1080489;6617;1351;31;3928
FR;4;2022-06-30;1;0;0;0;0;1080490;6617;1351;31;3928
FR;4;2022-07-01;2;0;2;0;0;1080492;6617;1353;31;3928
FR;4;2022-07-02;0;1;0;0;0;1080492;6618;1353;31;3928
FR;4;2022-07-03;0;0;0;0;0;1080492;6618;1353;31;3928
FR;4;2022-07-04;2;0;0;0;0;1080494;6618;1353;31;3928
FR;4;2022-07-05;1;0;0;0;0;1080495;6618;1353;31;3928
FR;4;2022-07-06;5;0;0;0;0;1080500;6618;1353;31;3928
FR;4;2022-07-07;1;0;2;1;0;1080501;6618;1355;32;3928
FR;4;2022-07-08;2;0;0;0;0;1080503;6618;1355;32;3928
FR;4;2022-07-09;2;1;1;0;2;1080505;6619;1356;32;3930
FR;4;2022-07-10;1;0;0;0;0;1080506;6619;1356;32;3930
FR;4;2022-07-11;2;0;1;0;0;1080508;6619;1357;32;3930
FR;4;2022-07-12;0;0;1;0;1;1080508;6619;1358;32;3931
FR;4;2022-07-13;1;1;2;0;1;1080509;6620;1360;32;3932
FR;4;2022-07-14;0;0;0;0;0;1080509;6620;1360;32;3932
FR;4;2022-07-15;5;0;0;0;0;1080514;6620;1360;32;3932
FR;4;2022-07-16;1;0;0;2;0;1080515;6620;1360;34;3932
FR;4;2022-07-17;0;0;0;0;0;1080515;6620;1360;34;3932
FR;4;2022-07-18;0;0;0;0;0;1080515;6620;1360;34;3932
FR;4;2022-07-19;2;0;0;0;0;1080517;6620;1360;34;3932
FR;5;2020-12-27;0;0;0;0;0;0;0;0;0;0
FR;5;2020-12-28;0;0;0;0;0;0;0;0;0;0
FR;5;2020-12-29;0;0;0;0;0;0;0;0;0;0
FR;5;2020-12-30;0;0;0;0;0;0;0;0;0;0
FR;5;2020-12-31;0;0;0;0;0;0;0;0;0;0
FR;5;2021-01-01;0;0;0;0;0;0;0;0;0;0
FR;5;2021-01-02;0;0;0;0;0;0;0;0;0;0
FR;5;2021-01-03;0;0;0;0;0;0;0;0;0;0
FR;5;2021-01-04;0;0;0;0;0;0;0;0;0;0
FR;5;2021-01-05;0;0;0;0;0;0;0;0;0;0
FR;5;2021-01-06;0;0;0;0;0;0;0;0;0;0
FR;5;2021-01-07;0;0;0;0;0;0;0;0;0;0
FR;5;2021-01-08;0;0;0;0;0;0;0;0;0;0
FR;5;2021-01-09;0;0;0;0;0;0;0;0;0;0
FR;5;2021-01-10;0;0;0;0;0;0;0;0;0;0
FR;5;2021-01-11;0;0;0;0;0;0;0;0;0;0
FR;5;2021-01-12;0;0;0;0;0;0;0;0;0;0
FR;5;2021-01-13;0;0;0;0;0;0;0;0;0;0
FR;5;2021-01-14;0;0;0;0;0;0;0;0;0;0
FR;5;2021-01-15;0;0;0;0;0;0;0;0;0;0
FR;5;2021-01-16;0;0;0;0;0;0;0;0;0;0
FR;5;2021-01-17;0;0;0;0;0;0;0;0;0;0
FR;5;2021-01-18;0;0;0;0;0;0;0;0;0;0
FR;5;2021-01-19;0;0;0;0;0;0;0;0;0;0
FR;5;2021-01-20;0;0;0;0;0;0;0;0;0;0
FR;5;2021-01-21;0;0;0;0;0;0;0;0;0;0
FR;5;2021-01-22;0;0;0;0;0;0;0;0;0;0
FR;5;2021-01-23;0;0;0;0;0;0;0;0;0;0
FR;5;2021-01-24;0;0;0;0;0;0;0;0;0;0
FR;5;2021-01-25;0;0;0;0;0;0;0;0;0;0
FR;5;2021-01-26;0;0;0;0;0;0;0;0;0;0
FR;5;2021-01-27;0;0;0;0;0;0;0;0;0;0
FR;5;2021-01-28;0;0;0;0;0;0;0;0;0;0
FR;5;2021-01-29;0;0;0;0;0;0;0;0;0;0
FR;5;2021-01-30;0;0;0;0;0;0;0;0;0;0
FR;5;2021-01-31;0;0;0;0;0;0;0;0;0;0
FR;5;2021-02-01;0;0;0;0;0;0;0;0;0;0
FR;5;2021-02-02;0;0;0;0;0;0;0;0;0;0
FR;5;2021-02-03;0;0;0;0;0;0;0;0;0;0
FR;5;2021-02-04;0;0;0;0;0;0;0;0;0;0
FR;5;2021-02-05;0;0;0;0;0;0;0;0;0;0
FR;5;2021-02-06;0;0;0;0;0;0;0;0;0;0
FR;5;2021-02-07;0;0;0;0;0;0;0;0;0;0
FR;5;2021-02-08;0;0;0;0;0;0;0;0;0;0
FR;5;2021-02-09;0;0;0;0;0;0;0;0;0;0
FR;5;2021-02-10;0;0;0;0;0;0;0;0;0;0
FR;5;2021-02-11;0;0;0;0;0;0;0;0;0;0
FR;5;2021-02-12;0;0;0;0;0;0;0;0;0;0
FR;5;2021-02-13;0;0;0;0;0;0;0;0;0;0
FR;5;2021-02-14;0;0;0;0;0;0;0;0;0;0
FR;5;2021-02-15;0;0;0;0;0;0;0;0;0;0
FR;5;2021-02-16;0;0;0;0;0;0;0;0;0;0
FR;5;2021-02-17;0;0;0;0;0;0;0;0;0;0
FR;5;2021-02-18;0;0;0;0;0;0;0;0;0;0
FR;5;2021-02-19;0;0;0;0;0;0;0;0;0;0
FR;5;2021-02-20;0;0;0;0;0;0;0;0;0;0
FR;5;2021-02-21;0;0;0;0;0;0;0;0;0;0
FR;5;2021-02-22;0;0;0;0;0;0;0;0;0;0
FR;5;2021-02-23;0;0;0;0;0;0;0;0;0;0
FR;5;2021-02-24;0;0;0;0;0;0;0;0;0;0
FR;5;2021-02-25;0;0;0;0;0;0;0;0;0;0
FR;5;2021-02-26;0;0;0;0;0;0;0;0;0;0
FR;5;2021-02-27;0;0;0;0;0;0;0;0;0;0
FR;5;2021-02-28;0;0;0;0;0;0;0;0;0;0
FR;5;2021-03-01;0;0;0;0;0;0;0;0;0;0
FR;5;2021-03-02;0;0;0;0;0;0;0;0;0;0
FR;5;2021-03-03;0;0;0;0;0;0;0;0;0;0
FR;5;2021-03-04;0;0;0;0;0;0;0;0;0;0
FR;5;2021-03-05;0;0;0;0;0;0;0;0;0;0
FR;5;2021-03-06;0;0;0;0;0;0;0;0;0;0
FR;5;2021-03-07;0;0;0;0;0;0;0;0;0;0
FR;5;2021-03-08;0;0;0;0;0;0;0;0;0;0
FR;5;2021-03-09;0;0;0;0;0;0;0;0;0;0
FR;5;2021-03-10;0;0;0;0;0;0;0;0;0;0
FR;5;2021-03-11;0;0;0;0;0;0;0;0;0;0
FR;5;2021-03-12;0;0;0;0;0;0;0;0;0;0
FR;5;2021-03-13;0;0;0;0;0;0;0;0;0;0
FR;5;2021-03-14;0;0;0;0;0;0;0;0;0;0
FR;5;2021-03-15;0;0;0;0;0;0;0;0;0;0
FR;5;2021-03-16;0;0;0;0;0;0;0;0;0;0
FR;5;2021-03-17;0;0;0;0;0;0;0;0;0;0
FR;5;2021-03-18;0;0;0;0;0;0;0;0;0;0
FR;5;2021-03-19;0;0;0;0;0;0;0;0;0;0
FR;5;2021-03-20;0;0;0;0;0;0;0;0;0;0
FR;5;2021-03-21;0;0;0;0;0;0;0;0;0;0
FR;5;2021-03-22;0;0;0;0;0;0;0;0;0;0
FR;5;2021-03-23;0;0;0;0;0;0;0;0;0;0
FR;5;2021-03-24;0;0;0;0;0;0;0;0;0;0
FR;5;2021-03-25;0;0;0;0;0;0;0;0;0;0
FR;5;2021-03-26;0;0;0;0;0;0;0;0;0;0
FR;5;2021-03-27;0;0;0;0;0;0;0;0;0;0
FR;5;2021-03-28;0;0;0;0;0;0;0;0;0;0
FR;5;2021-03-29;0;0;0;0;0;0;0;0;0;0
FR;5;2021-03-30;0;0;0;0;0;0;0;0;0;0
FR;5;2021-03-31;0;0;0;0;0;0;0;0;0;0
FR;5;2021-04-01;0;0;0;0;0;0;0;0;0;0
FR;5;2021-04-02;0;0;0;0;0;0;0;0;0;0
FR;5;2021-04-03;0;0;0;0;0;0;0;0;0;0
FR;5;2021-04-04;0;0;0;0;0;0;0;0;0;0
FR;5;2021-04-05;0;0;0;0;0;0;0;0;0;0
FR;5;2021-04-06;0;0;0;0;0;0;0;0;0;0
FR;5;2021-04-07;0;0;0;0;0;0;0;0;0;0
FR;5;2021-04-08;0;0;0;0;0;0;0;0;0;0
FR;5;2021-04-09;0;0;0;0;0;0;0;0;0;0
FR;5;2021-04-10;0;0;0;0;0;0;0;0;0;0
FR;5;2021-04-11;0;0;0;0;0;0;0;0;0;0
FR;5;2021-04-12;0;0;0;0;0;0;0;0;0;0
FR;5;2021-04-13;0;0;0;0;0;0;0;0;0;0
FR;5;2021-04-14;0;0;0;0;0;0;0;0;0;0
FR;5;2021-04-15;0;0;0;0;0;0;0;0;0;0
FR;5;2021-04-16;0;0;0;0;0;0;0;0;0;0
FR;5;2021-04-17;0;0;0;0;0;0;0;0;0;0
FR;5;2021-04-18;0;0;0;0;0;0;0;0;0;0
FR;5;2021-04-19;0;0;0;0;0;0;0;0;0;0
FR;5;2021-04-20;0;0;0;0;0;0;0;0;0;0
FR;5;2021-04-21;0;0;0;0;0;0;0;0;0;0
FR;5;2021-04-22;0;0;0;0;0;0;0;0;0;0
FR;5;2021-04-23;0;0;0;0;0;0;0;0;0;0
FR;5;2021-04-24;0;0;0;0;0;0;0;0;0;0
FR;5;2021-04-25;0;0;0;0;0;0;0;0;0;0
FR;5;2021-04-26;0;0;0;0;0;0;0;0;0;0
FR;5;2021-04-27;0;0;0;0;0;0;0;0;0;0
FR;5;2021-04-28;0;0;0;0;0;0;0;0;0;0
FR;5;2021-04-29;0;0;0;0;0;0;0;0;0;0
FR;5;2021-04-30;0;0;0;0;0;0;0;0;0;0
FR;5;2021-05-01;0;0;0;0;0;0;0;0;0;0
FR;5;2021-05-02;0;0;0;0;0;0;0;0;0;0
FR;5;2021-05-03;0;0;0;0;0;0;0;0;0;0
FR;5;2021-05-04;0;0;0;0;0;0;0;0;0;0
FR;5;2021-05-05;0;0;0;0;0;0;0;0;0;0
FR;5;2021-05-06;0;0;0;0;0;0;0;0;0;0
FR;5;2021-05-07;0;0;0;0;0;0;0;0;0;0
FR;5;2021-05-08;0;0;0;0;0;0;0;0;0;0
FR;5;2021-05-09;0;0;0;0;0;0;0;0;0;0
FR;5;2021-05-10;0;0;0;0;0;0;0;0;0;0
FR;5;2021-05-11;0;0;0;0;0;0;0;0;0;0
FR;5;2021-05-12;0;0;0;0;0;0;0;0;0;0
FR;5;2021-05-13;0;0;0;0;0;0;0;0;0;0
FR;5;2021-05-14;0;0;0;0;0;0;0;0;0;0
FR;5;2021-05-15;0;0;0;0;0;0;0;0;0;0
FR;5;2021-05-16;0;0;0;0;0;0;0;0;0;0
FR;5;2021-05-17;0;0;0;0;0;0;0;0;0;0
FR;5;2021-05-18;0;0;0;0;0;0;0;0;0;0
FR;5;2021-05-19;0;0;0;0;0;0;0;0;0;0
FR;5;2021-05-20;0;0;0;0;0;0;0;0;0;0
FR;5;2021-05-21;0;0;0;0;0;0;0;0;0;0
FR;5;2021-05-22;0;0;0;0;0;0;0;0;0;0
FR;5;2021-05-23;0;0;0;0;0;0;0;0;0;0
FR;5;2021-05-24;0;0;0;0;0;0;0;0;0;0
FR;5;2021-05-25;0;0;0;0;0;0;0;0;0;0
FR;5;2021-05-26;0;0;0;0;0;0;0;0;0;0
FR;5;2021-05-27;0;0;0;0;0;0;0;0;0;0
FR;5;2021-05-28;0;0;0;0;0;0;0;0;0;0
FR;5;2021-05-29;0;0;0;0;0;0;0;0;0;0
FR;5;2021-05-30;0;0;0;0;0;0;0;0;0;0
FR;5;2021-05-31;0;0;0;0;0;0;0;0;0;0
FR;5;2021-06-01;0;0;0;0;0;0;0;0;0;0
FR;5;2021-06-02;0;0;0;0;0;0;0;0;0;0
FR;5;2021-06-03;0;0;0;0;0;0;0;0;0;0
FR;5;2021-06-04;0;0;0;0;0;0;0;0;0;0
FR;5;2021-06-05;0;0;0;0;0;0;0;0;0;0
FR;5;2021-06-06;0;0;0;0;0;0;0;0;0;0
FR;5;2021-06-07;0;0;0;0;0;0;0;0;0;0
FR;5;2021-06-08;0;0;0;0;0;0;0;0;0;0
FR;5;2021-06-09;0;0;0;0;0;0;0;0;0;0
FR;5;2021-06-10;0;0;0;0;0;0;0;0;0;0
FR;5;2021-06-11;0;0;0;0;0;0;0;0;0;0
FR;5;2021-06-12;0;0;0;0;0;0;0;0;0;0
FR;5;2021-06-13;0;0;0;0;0;0;0;0;0;0
FR;5;2021-06-14;0;0;0;0;0;0;0;0;0;0
FR;5;2021-06-15;0;0;0;0;0;0;0;0;0;0
FR;5;2021-06-16;0;0;0;0;0;0;0;0;0;0
FR;5;2021-06-17;0;0;0;0;0;0;0;0;0;0
FR;5;2021-06-18;0;0;0;0;0;0;0;0;0;0
FR;5;2021-06-19;0;0;0;0;0;0;0;0;0;0
FR;5;2021-06-20;0;0;0;0;0;0;0;0;0;0
FR;5;2021-06-21;0;0;0;0;0;0;0;0;0;0
FR;5;2021-06-22;0;0;0;0;0;0;0;0;0;0
FR;5;2021-06-23;0;0;0;0;0;0;0;0;0;0
FR;5;2021-06-24;0;0;0;0;0;0;0;0;0;0
FR;5;2021-06-25;0;0;0;0;0;0;0;0;0;0
FR;5;2021-06-26;0;0;0;0;0;0;0;0;0;0
FR;5;2021-06-27;0;0;0;0;0;0;0;0;0;0
FR;5;2021-06-28;0;0;0;0;0;0;0;0;0;0
FR;5;2021-06-29;0;0;0;0;0;0;0;0;0;0
FR;5;2021-06-30;0;0;0;0;0;0;0;0;0;0
FR;5;2021-07-01;0;0;0;0;0;0;0;0;0;0
FR;5;2021-07-02;0;0;0;0;0;0;0;0;0;0
FR;5;2021-07-03;0;0;0;0;0;0;0;0;0;0
FR;5;2021-07-04;0;0;0;0;0;0;0;0;0;0
FR;5;2021-07-05;0;0;0;0;0;0;0;0;0;0
FR;5;2021-07-06;0;0;0;0;0;0;0;0;0;0
FR;5;2021-07-07;0;0;0;0;0;0;0;0;0;0
FR;5;2021-07-08;0;0;0;0;0;0;0;0;0;0
FR;5;2021-07-09;0;0;0;0;0;0;0;0;0;0
FR;5;2021-07-10;0;0;0;0;0;0;0;0;0;0
FR;5;2021-07-11;0;0;0;0;0;0;0;0;0;0
FR;5;2021-07-12;0;0;0;0;0;0;0;0;0;0
FR;5;2021-07-13;0;0;0;0;0;0;0;0;0;0
FR;5;2021-07-14;0;0;0;0;0;0;0;0;0;0
FR;5;2021-07-15;0;0;0;0;0;0;0;0;0;0
FR;5;2021-07-16;0;0;0;0;0;0;0;0;0;0
FR;5;2021-07-17;0;0;0;0;0;0;0;0;0;0
FR;5;2021-07-18;0;0;0;0;0;0;0;0;0;0
FR;5;2021-07-19;0;0;0;0;0;0;0;0;0;0
FR;5;2021-07-20;0;0;0;0;0;0;0;0;0;0
FR;5;2021-07-21;0;0;0;0;0;0;0;0;0;0
FR;5;2021-07-22;0;0;0;0;0;0;0;0;0;0
FR;5;2021-07-23;0;0;0;0;0;0;0;0;0;0
FR;5;2021-07-24;0;0;0;0;0;0;0;0;0;0
FR;5;2021-07-25;0;0;0;0;0;0;0;0;0;0
FR;5;2021-07-26;0;0;0;0;0;0;0;0;0;0
FR;5;2021-07-27;0;0;0;0;0;0;0;0;0;0
FR;5;2021-07-28;0;0;0;0;0;0;0;0;0;0
FR;5;2021-07-29;0;0;0;0;0;0;0;0;0;0
FR;5;2021-07-30;0;0;0;0;0;0;0;0;0;0
FR;5;2021-07-31;0;0;0;0;0;0;0;0;0;0
FR;5;2021-08-01;0;0;0;0;0;0;0;0;0;0
FR;5;2021-08-02;0;0;0;0;0;0;0;0;0;0
FR;5;2021-08-03;0;0;0;0;0;0;0;0;0;0
FR;5;2021-08-04;0;0;0;0;0;0;0;0;0;0
FR;5;2021-08-05;0;0;0;0;0;0;0;0;0;0
FR;5;2021-08-06;0;0;0;0;0;0;0;0;0;0
FR;5;2021-08-07;0;0;0;0;0;0;0;0;0;0
FR;5;2021-08-08;0;0;0;0;0;0;0;0;0;0
FR;5;2021-08-09;0;0;0;0;0;0;0;0;0;0
FR;5;2021-08-10;0;0;0;0;0;0;0;0;0;0
FR;5;2021-08-11;0;0;0;0;0;0;0;0;0;0
FR;5;2021-08-12;0;0;0;0;0;0;0;0;0;0
FR;5;2021-08-13;0;0;0;0;0;0;0;0;0;0
FR;5;2021-08-14;0;0;0;0;0;0;0;0;0;0
FR;5;2021-08-15;0;0;0;0;0;0;0;0;0;0
FR;5;2021-08-16;0;0;0;0;0;0;0;0;0;0
FR;5;2021-08-17;0;0;0;0;0;0;0;0;0;0
FR;5;2021-08-18;0;0;0;0;0;0;0;0;0;0
FR;5;2021-08-19;0;0;0;0;0;0;0;0;0;0
FR;5;2021-08-20;0;0;0;0;0;0;0;0;0;0
FR;5;2021-08-21;0;0;0;0;0;0;0;0;0;0
FR;5;2021-08-22;0;0;0;0;0;0;0;0;0;0
FR;5;2021-08-23;0;0;0;0;0;0;0;0;0;0
FR;5;2021-08-24;0;0;0;0;0;0;0;0;0;0
FR;5;2021-08-25;0;0;0;0;0;0;0;0;0;0
FR;5;2021-08-26;0;0;0;0;0;0;0;0;0;0
FR;5;2021-08-27;0;0;0;0;0;0;0;0;0;0
FR;5;2021-08-28;0;0;0;0;0;0;0;0;0;0
FR;5;2021-08-29;0;0;0;0;0;0;0;0;0;0
FR;5;2021-08-30;0;0;0;0;0;0;0;0;0;0
FR;5;2021-08-31;0;0;0;0;0;0;0;0;0;0
FR;5;2021-09-01;0;0;0;0;0;0;0;0;0;0
FR;5;2021-09-02;0;0;0;0;0;0;0;0;0;0
FR;5;2021-09-03;0;0;0;0;0;0;0;0;0;0
FR;5;2021-09-04;0;0;0;0;0;0;0;0;0;0
FR;5;2021-09-05;0;0;0;0;0;0;0;0;0;0
FR;5;2021-09-06;0;0;0;0;0;0;0;0;0;0
FR;5;2021-09-07;0;0;0;0;0;0;0;0;0;0
FR;5;2021-09-08;0;0;0;0;0;0;0;0;0;0
FR;5;2021-09-09;0;0;0;0;0;0;0;0;0;0
FR;5;2021-09-10;0;0;0;0;0;0;0;0;0;0
FR;5;2021-09-11;0;0;0;0;0;0;0;0;0;0
FR;5;2021-09-12;0;0;0;0;0;0;0;0;0;0
FR;5;2021-09-13;0;0;0;0;0;0;0;0;0;0
FR;5;2021-09-14;0;0;0;0;0;0;0;0;0;0
FR;5;2021-09-15;0;0;0;0;0;0;0;0;0;0
FR;5;2021-09-16;0;0;0;0;0;0;0;0;0;0
FR;5;2021-09-17;0;0;0;0;0;0;0;0;0;0
FR;5;2021-09-18;0;0;0;0;0;0;0;0;0;0
FR;5;2021-09-19;0;0;0;0;0;0;0;0;0;0
FR;5;2021-09-20;0;0;0;0;0;0;0;0;0;0
FR;5;2021-09-21;0;0;0;0;0;0;0;0;0;0
FR;5;2021-09-22;0;0;0;0;0;0;0;0;0;0
FR;5;2021-09-23;0;0;0;0;0;0;0;0;0;0
FR;5;2021-09-24;0;0;0;0;0;0;0;0;0;0
FR;5;2021-09-25;0;0;0;0;0;0;0;0;0;0
FR;5;2021-09-26;0;0;0;0;0;0;0;0;0;0
FR;5;2021-09-27;0;0;0;0;0;0;0;0;0;0
FR;5;2021-09-28;0;0;0;0;0;0;0;0;0;0
FR;5;2021-09-29;0;0;0;0;0;0;0;0;0;0
FR;5;2021-09-30;0;0;0;0;0;0;0;0;0;0
FR;5;2021-10-01;0;0;0;0;0;0;0;0;0;0
FR;5;2021-10-02;0;0;0;0;0;0;0;0;0;0
FR;5;2021-10-03;0;0;0;0;0;0;0;0;0;0
FR;5;2021-10-04;0;0;0;0;0;0;0;0;0;0
FR;5;2021-10-05;0;0;0;0;0;0;0;0;0;0
FR;5;2021-10-06;0;0;0;0;0;0;0;0;0;0
FR;5;2021-10-07;0;0;0;0;0;0;0;0;0;0
FR;5;2021-10-08;0;0;0;0;0;0;0;0;0;0
FR;5;2021-10-09;0;0;0;0;0;0;0;0;0;0
FR;5;2021-10-10;0;0;0;0;0;0;0;0;0;0
FR;5;2021-10-11;0;0;0;0;0;0;0;0;0;0
FR;5;2021-10-12;0;0;0;0;0;0;0;0;0;0
FR;5;2021-10-13;0;0;0;0;0;0;0;0;0;0
FR;5;2021-10-14;0;0;0;0;0;0;0;0;0;0
FR;5;2021-10-15;0;0;0;0;0;0;0;0;0;0
FR;5;2021-10-16;0;0;0;0;0;0;0;0;0;0
FR;5;2021-10-17;0;0;0;0;0;0;0;0;0;0
FR;5;2021-10-18;0;0;0;0;0;0;0;0;0;0
FR;5;2021-10-19;0;0;0;0;0;0;0;0;0;0
FR;5;2021-10-20;0;0;0;0;0;0;0;0;0;0
FR;5;2021-10-21;0;0;0;0;0;0;0;0;0;0
FR;5;2021-10-22;0;0;0;0;0;0;0;0;0;0
FR;5;2021-10-23;0;0;0;0;0;0;0;0;0;0
FR;5;2021-10-24;0;0;0;0;0;0;0;0;0;0
FR;5;2021-10-25;0;0;0;0;0;0;0;0;0;0
FR;5;2021-10-26;0;0;0;0;0;0;0;0;0;0
FR;5;2021-10-27;0;0;0;0;0;0;0;0;0;0
FR;5;2021-10-28;0;0;0;0;0;0;0;0;0;0
FR;5;2021-10-29;0;0;0;0;0;0;0;0;0;0
FR;5;2021-10-30;0;0;0;0;0;0;0;0;0;0
FR;5;2021-10-31;0;0;0;0;0;0;0;0;0;0
FR;5;2021-11-01;0;0;0;0;0;0;0;0;0;0
FR;5;2021-11-02;0;0;0;0;0;0;0;0;0;0
FR;5;2021-11-03;0;0;0;0;0;0;0;0;0;0
FR;5;2021-11-04;0;0;0;0;0;0;0;0;0;0
FR;5;2021-11-05;0;0;0;0;0;0;0;0;0;0
FR;5;2021-11-06;0;0;0;0;0;0;0;0;0;0
FR;5;2021-11-07;0;0;0;0;0;0;0;0;0;0
FR;5;2021-11-08;0;0;0;0;0;0;0;0;0;0
FR;5;2021-11-09;0;0;0;0;0;0;0;0;0;0
FR;5;2021-11-10;0;0;0;0;0;0;0;0;0;0
FR;5;2021-11-11;0;0;0;0;0;0;0;0;0;0
FR;5;2021-11-12;0;0;0;0;0;0;0;0;0;0
FR;5;2021-11-13;0;0;0;0;0;0;0;0;0;0
FR;5;2021-11-14;0;0;0;0;0;0;0;0;0;0
FR;5;2021-11-15;0;0;0;0;0;0;0;0;0;0
FR;5;2021-11-16;0;0;0;0;0;0;0;0;0;0
FR;5;2021-11-17;0;0;0;0;0;0;0;0;0;0
FR;5;2021-11-18;0;0;0;0;0;0;0;0;0;0
FR;5;2021-11-19;0;0;0;0;0;0;0;0;0;0
FR;5;2021-11-20;0;0;0;0;0;0;0;0;0;0
FR;5;2021-11-21;0;0;0;0;0;0;0;0;0;0
FR;5;2021-11-22;0;0;0;0;0;0;0;0;0;0
FR;5;2021-11-23;0;0;0;0;0;0;0;0;0;0
FR;5;2021-11-24;0;0;0;0;0;0;0;0;0;0
FR;5;2021-11-25;0;0;0;0;0;0;0;0;0;0
FR;5;2021-11-26;0;0;0;0;0;0;0;0;0;0
FR;5;2021-11-27;0;0;0;0;0;0;0;0;0;0
FR;5;2021-11-28;0;0;0;0;0;0;0;0;0;0
FR;5;2021-11-29;0;0;0;0;0;0;0;0;0;0
FR;5;2021-11-30;0;0;0;0;0;0;0;0;0;0
FR;5;2021-12-01;0;0;0;0;0;0;0;0;0;0
FR;5;2021-12-02;0;0;0;0;0;0;0;0;0;0
FR;5;2021-12-03;0;0;0;0;0;0;0;0;0;0
FR;5;2021-12-04;0;0;0;0;0;0;0;0;0;0
FR;5;2021-12-05;0;0;0;0;0;0;0;0;0;0
FR;5;2021-12-06;0;0;0;0;0;0;0;0;0;0
FR;5;2021-12-07;0;0;0;0;0;0;0;0;0;0
FR;5;2021-12-08;0;0;0;0;0;0;0;0;0;0
FR;5;2021-12-09;0;0;0;0;0;0;0;0;0;0
FR;5;2021-12-10;0;0;0;0;0;0;0;0;0;0
FR;5;2021-12-11;0;0;0;0;0;0;0;0;0;0
FR;5;2021-12-12;0;0;0;0;0;0;0;0;0;0
FR;5;2021-12-13;0;0;0;0;0;0;0;0;0;0
FR;5;2021-12-14;29;45;77;0;88;29;45;77;0;88
FR;5;2021-12-15;196;44;37;0;49;225;89;114;0;137
FR;5;2021-12-16;181;21;44;0;48;406;110;158;0;185
FR;5;2021-12-17;311;16;72;0;74;717;126;230;0;259
FR;5;2021-12-18;765;24;22;0;29;1482;150;252;0;288
FR;5;2021-12-19;586;15;15;0;17;2068;165;267;0;305
FR;5;2021-12-20;1223;31;35;0;38;3291;196;302;0;343
FR;5;2021-12-21;1536;22;54;1;60;4827;218;356;1;403
FR;5;2021-12-22;4069;40;37;0;46;8896;258;393;1;449
FR;5;2021-12-23;3042;16;21;0;25;11938;274;414;1;474
FR;5;2021-12-24;760;19;9;0;15;12698;293;423;1;489
FR;5;2021-12-25;61;5;2;0;3;12759;298;425;1;492
FR;5;2021-12-26;623;6;3;0;4;13382;304;428;1;496
FR;5;2021-12-27;4080;25;21;0;23;17462;329;449;1;519
FR;5;2021-12-28;5204;23;41;1;43;22666;352;490;2;562
FR;5;2021-12-29;8107;34;66;2;69;30773;386;556;4;631
FR;5;2021-12-30;5173;18;33;0;39;35946;404;589;4;670
FR;5;2021-12-31;1553;8;10;0;11;37499;412;599;4;681
FR;5;2022-01-01;185;2;2;0;3;37684;414;601;4;684
FR;5;2022-01-02;1489;1;1;0;1;39173;415;602;4;685
FR;5;2022-01-03;3061;36;33;0;32;42234;451;635;4;717
FR;5;2022-01-04;3033;39;33;0;42;45267;490;668;4;759
FR;5;2022-01-05;19322;203;97;1;108;64589;693;765;5;867
FR;5;2022-01-06;3746;133;122;0;142;68335;826;887;5;1009
FR;5;2022-01-07;5007;200;48;2;56;73342;1026;935;7;1065
FR;5;2022-01-08;13658;514;45;0;52;87000;1540;980;7;1117
FR;5;2022-01-09;5754;399;15;0;20;92754;1939;995;7;1137
FR;5;2022-01-10;3455;326;25;0;29;96209;2265;1020;7;1166
FR;5;2022-01-11;3672;284;38;0;41;99881;2549;1058;7;1207
FR;5;2022-01-12;22652;3005;90;0;113;122533;5554;1148;7;1320
FR;5;2022-01-13;4036;622;30;0;32;126569;6176;1178;7;1352
FR;5;2022-01-14;4844;581;44;0;51;131413;6757;1222;7;1403
FR;5;2022-01-15;14684;1746;38;3;49;146097;8503;1260;10;1452
FR;5;2022-01-16;4727;666;3;0;5;150824;9169;1263;10;1457
FR;5;2022-01-17;2298;715;26;0;29;153122;9884;1289;10;1486
FR;5;2022-01-18;2430;870;30;0;40;155552;10754;1319;10;1526
FR;5;2022-01-19;18482;6423;74;2;142;174034;17177;1393;12;1668
FR;5;2022-01-20;1920;1067;25;0;34;175954;18244;1418;12;1702
FR;5;2022-01-21;3076;1371;47;1;59;179030;19615;1465;13;1761
FR;5;2022-01-22;10721;3454;33;1;43;189751;23069;1498;14;1804
FR;5;2022-01-23;2629;1415;5;0;9;192380;24484;1503;14;1813
FR;5;2022-01-24;1160;1340;19;0;23;193540;25824;1522;14;1836
FR;5;2022-01-25;1220;1548;19;2;29;194760;27372;1541;16;1865
FR;5;2022-01-26;10752;12027;50;1;89;205512;39399;1591;17;1954
FR;5;2022-01-27;1292;1693;10;0;17;206804;41092;1601;17;1971
FR;5;2022-01-28;1699;3347;16;0;19;208503;44439;1617;17;1990
FR;5;2022-01-29;6238;8040;68;0;96;214741;52479;1685;17;2086
FR;5;2022-01-30;1509;2950;5;0;18;216250;55429;1690;17;2104
FR;5;2022-01-31;589;1773;23;0;24;216839;57202;1713;17;2128
FR;5;2022-02-01;712;1706;10;0;15;217551;58908;1723;17;2143
FR;5;2022-02-02;6957;15655;52;0;94;224508;74563;1775;17;2237
FR;5;2022-02-03;491;1690;14;0;13;224999;76253;1789;17;2250
FR;5;2022-02-04;945;3002;19;0;31;225944;79255;1808;17;2281
FR;5;2022-02-05;3535;8917;23;0;37;229479;88172;1831;17;2318
FR;5;2022-02-06;737;2397;10;0;19;230216;90569;1841;17;2337
FR;5;2022-02-07;884;1596;22;0;24;231100;92165;1863;17;2361
FR;5;2022-02-08;722;1287;18;0;20;231822;93452;1881;17;2381
FR;5;2022-02-09;4541;12877;44;0;76;236363;106329;1925;17;2457
FR;5;2022-02-10;646;1059;14;0;15;237009;107388;1939;17;2472
FR;5;2022-02-11;793;2031;16;0;21;237802;109419;1955;17;2493
FR;5;2022-02-12;2286;6811;33;0;53;240088;116230;1988;17;2546
FR;5;2022-02-13;464;1540;8;0;8;240552;117770;1996;17;2554
FR;5;2022-02-14;678;1288;10;0;13;241230;119058;2006;17;2567
FR;5;2022-02-15;482;886;9;0;14;241712;119944;2015;17;2581
FR;5;2022-02-16;2980;9123;41;1;58;244692;129067;2056;18;2639
FR;5;2022-02-17;436;809;6;0;7;245128;129876;2062;18;2646
FR;5;2022-02-18;649;1407;13;0;17;245777;131283;2075;18;2663
FR;5;2022-02-19;1373;4315;16;0;28;247150;135598;2091;18;2691
FR;5;2022-02-20;247;879;6;0;8;247397;136477;2097;18;2699
FR;5;2022-02-21;221;607;2;0;4;247618;137084;2099;18;2703
FR;5;2022-02-22;262;545;17;0;17;247880;137629;2116;18;2720
FR;5;2022-02-23;1909;6926;23;1;43;249789;144555;2139;19;2763
FR;5;2022-02-24;182;374;6;1;7;249971;144929;2145;20;2770
FR;5;2022-02-25;336;949;13;0;12;250307;145878;2158;20;2782
FR;5;2022-02-26;972;3070;10;0;14;251279;148948;2168;20;2796
FR;5;2022-02-27;149;506;0;0;3;251428;149454;2168;20;2799
FR;5;2022-02-28;162;369;1;0;1;251590;149823;2169;20;2800
FR;5;2022-03-01;130;280;6;0;7;251720;150103;2175;20;2807
FR;5;2022-03-02;1240;4156;28;3;40;252960;154259;2203;23;2847
FR;5;2022-03-03;121;251;5;0;10;253081;154510;2208;23;2857
FR;5;2022-03-04;194;488;13;0;14;253275;154998;2221;23;2871
FR;5;2022-03-05;677;1990;8;0;16;253952;156988;2229;23;2887
FR;5;2022-03-06;108;260;0;0;0;254060;157248;2229;23;2887
FR;5;2022-03-07;71;228;5;0;3;254131;157476;2234;23;2890
FR;5;2022-03-08;46;130;7;1;7;254177;157606;2241;24;2897
FR;5;2022-03-09;909;3078;24;0;36;255086;160684;2265;24;2933
FR;5;2022-03-10;82;201;8;0;12;255168;160885;2273;24;2945
FR;5;2022-03-11;148;369;13;1;15;255316;161254;2286;25;2960
FR;5;2022-03-12;758;1613;13;1;30;256074;162867;2299;26;2990
FR;5;2022-03-13;78;100;0;0;0;256152;162967;2299;26;2990
FR;5;2022-03-14;67;119;7;1;7;256219;163086;2306;27;2997
FR;5;2022-03-15;83;99;4;0;7;256302;163185;2310;27;3004
FR;5;2022-03-16;883;1827;15;3;36;257185;165012;2325;30;3040
FR;5;2022-03-17;67;123;8;4;10;257252;165135;2333;34;3050
FR;5;2022-03-18;172;318;13;4;18;257424;165453;2346;38;3068
FR;5;2022-03-19;751;1163;12;5;33;258175;166616;2358;43;3101
FR;5;2022-03-20;45;93;1;0;1;258220;166709;2359;43;3102
FR;5;2022-03-21;71;120;10;6;15;258291;166829;2369;49;3117
FR;5;2022-03-22;56;119;8;8;9;258347;166948;2377;57;3126
FR;5;2022-03-23;804;1461;14;8;36;259151;168409;2391;65;3162
FR;5;2022-03-24;70;93;8;7;7;259221;168502;2399;72;3169
FR;5;2022-03-25;222;291;14;8;18;259443;168793;2413;80;3187
FR;5;2022-03-26;707;853;12;5;26;260150;169646;2425;85;3213
FR;5;2022-03-27;75;80;0;0;3;260225;169726;2425;85;3216
FR;5;2022-03-28;81;91;1;2;3;260306;169817;2426;87;3219
FR;5;2022-03-29;71;82;10;4;12;260377;169899;2436;91;3231
FR;5;2022-03-30;823;1116;16;13;29;261200;171015;2452;104;3260
FR;5;2022-03-31;102;125;1;4;6;261302;171140;2453;108;3266
FR;5;2022-04-01;110;86;7;12;11;261412;171226;2460;120;3277
FR;5;2022-04-02;330;349;3;3;15;261742;171575;2463;123;3292
FR;5;2022-04-03;54;59;1;0;1;261796;171634;2464;123;3293
FR;5;2022-04-04;40;57;4;1;8;261836;171691;2468;124;3301
FR;5;2022-04-05;52;60;6;7;9;261888;171751;2474;131;3310
FR;5;2022-04-06;421;439;7;15;16;262309;172190;2481;146;3326
FR;5;2022-04-07;45;68;5;7;7;262354;172258;2486;153;3333
FR;5;2022-04-08;133;112;12;14;15;262487;172370;2498;167;3348
FR;5;2022-04-09;311;323;2;5;17;262798;172693;2500;172;3365
FR;5;2022-04-10;43;31;2;0;2;262841;172724;2502;172;3367
FR;5;2022-04-11;50;60;3;2;4;262891;172784;2505;174;3371
FR;5;2022-04-12;59;54;3;3;5;262950;172838;2508;177;3376
FR;5;2022-04-13;382;413;3;8;16;263332;173251;2511;185;3392
FR;5;2022-04-14;48;48;5;5;9;263380;173299;2516;190;3401
FR;5;2022-04-15;91;109;4;5;5;263471;173408;2520;195;3406
FR;5;2022-04-16;188;184;2;1;13;263659;173592;2522;196;3419
FR;5;2022-04-17;12;11;1;0;1;263671;173603;2523;196;3420
FR;5;2022-04-18;8;10;2;0;3;263679;173613;2525;196;3423
FR;5;2022-04-19;75;71;6;1;6;263754;173684;2531;197;3429
FR;5;2022-04-20;361;349;9;6;12;264115;174033;2540;203;3441
FR;5;2022-04-21;42;64;9;10;12;264157;174097;2549;213;3453
FR;5;2022-04-22;113;96;5;4;5;264270;174193;2554;217;3458
FR;5;2022-04-23;209;193;3;2;10;264479;174386;2557;219;3468
FR;5;2022-04-24;37;35;0;0;3;264516;174421;2557;219;3471
FR;5;2022-04-25;69;65;1;1;4;264585;174486;2558;220;3475
FR;5;2022-04-26;60;62;2;1;5;264645;174548;2560;221;3480
FR;5;2022-04-27;335;316;2;7;14;264980;174864;2562;228;3494
FR;5;2022-04-28;80;54;4;5;8;265060;174918;2566;233;3502
FR;5;2022-04-29;117;84;5;18;12;265177;175002;2571;251;3514
FR;5;2022-04-30;183;114;2;3;10;265360;175116;2573;254;3524
FR;5;2022-05-01;11;7;0;0;0;265371;175123;2573;254;3524
FR;5;2022-05-02;51;29;4;5;2;265422;175152;2577;259;3526
FR;5;2022-05-03;84;57;2;5;11;265506;175209;2579;264;3537
FR;5;2022-05-04;278;205;1;2;7;265784;175414;2580;266;3544
FR;5;2022-05-05;62;32;3;4;5;265846;175446;2583;270;3549
FR;5;2022-05-06;105;64;2;3;5;265951;175510;2585;273;3554
FR;5;2022-05-07;171;117;3;10;13;266122;175627;2588;283;3567
FR;5;2022-05-08;8;8;0;0;2;266130;175635;2588;283;3569
FR;5;2022-05-09;44;34;15;3;16;266174;175669;2603;286;3585
FR;5;2022-05-10;54;49;3;4;5;266228;175718;2606;290;3590
FR;5;2022-05-11;327;237;12;7;21;266555;175955;2618;297;3611
FR;5;2022-05-12;46;34;2;3;2;266601;175989;2620;300;3613
FR;5;2022-05-13;109;83;3;8;9;266710;176072;2623;308;3622
FR;5;2022-05-14;209;131;0;1;8;266919;176203;2623;309;3630
FR;5;2022-05-15;22;9;2;0;1;266941;176212;2625;309;3631
FR;5;2022-05-16;52;34;4;5;4;266993;176246;2629;314;3635
FR;5;2022-05-17;72;40;5;0;2;267065;176286;2634;314;3637
FR;5;2022-05-18;289;214;4;4;8;267354;176500;2638;318;3645
FR;5;2022-05-19;44;35;5;3;3;267398;176535;2643;321;3648
FR;5;2022-05-20;76;63;3;10;1;267474;176598;2646;331;3649
FR;5;2022-05-21;242;166;2;3;17;267716;176764;2648;334;3666
FR;5;2022-05-22;20;14;2;5;2;267736;176778;2650;339;3668
FR;5;2022-05-23;42;30;4;3;6;267778;176808;2654;342;3674
FR;5;2022-05-24;47;45;3;2;5;267825;176853;2657;344;3679
FR;5;2022-05-25;329;256;4;1;16;268154;177109;2661;345;3695
FR;5;2022-05-26;17;5;0;1;2;268171;177114;2661;346;3697
FR;5;2022-05-27;99;54;4;4;9;268270;177168;2665;350;3706
FR;5;2022-05-28;99;78;5;3;10;268369;177246;2670;353;3716
FR;5;2022-05-29;14;14;1;0;2;268383;177260;2671;353;3718
FR;5;2022-05-30;56;41;2;1;2;268439;177301;2673;354;3720
FR;5;2022-05-31;57;43;1;8;1;268496;177344;2674;362;3721
FR;5;2022-06-01;256;241;9;2;25;268752;177585;2683;364;3746
FR;5;2022-06-02;62;61;5;0;9;268814;177646;2688;364;3755
FR;5;2022-06-03;81;71;4;5;10;268895;177717;2692;369;3765
FR;5;2022-06-04;156;109;2;1;9;269051;177826;2694;370;3774
FR;5;2022-06-05;17;11;0;0;1;269068;177837;2694;370;3775
FR;5;2022-06-06;15;9;0;0;0;269083;177846;2694;370;3775
FR;5;2022-06-07;49;56;1;1;2;269132;177902;2695;371;3777
FR;5;2022-06-08;282;224;3;4;17;269414;178126;2698;375;3794
FR;5;2022-06-09;52;41;6;3;7;269466;178167;2704;378;3801
FR;5;2022-06-10;80;72;1;1;6;269546;178239;2705;379;3807
FR;5;2022-06-11;169;141;3;3;10;269715;178380;2708;382;3817
FR;5;2022-06-12;17;16;0;0;2;269732;178396;2708;382;3819
FR;5;2022-06-13;56;46;9;3;9;269788;178442;2717;385;3828
FR;5;2022-06-14;59;56;1;3;6;269847;178498;2718;388;3834
FR;5;2022-06-15;265;260;5;2;27;270112;178758;2723;390;3861
FR;5;2022-06-16;46;29;4;2;4;270158;178787;2727;392;3865
FR;5;2022-06-17;98;66;5;5;10;270256;178853;2732;397;3875
FR;5;2022-06-18;141;95;10;2;26;270397;178948;2742;399;3901
FR;5;2022-06-19;26;15;0;1;4;270423;178963;2742;400;3905
FR;5;2022-06-20;55;49;8;0;11;270478;179012;2750;400;3916
FR;5;2022-06-21;48;73;5;3;7;270526;179085;2755;403;3923
FR;5;2022-06-22;221;246;7;8;33;270747;179331;2762;411;3956
FR;5;2022-06-23;50;36;2;5;6;270797;179367;2764;416;3962
FR;5;2022-06-24;88;70;14;5;16;270885;179437;2778;421;3978
FR;5;2022-06-25;154;124;3;7;14;271039;179561;2781;428;3992
FR;5;2022-06-26;26;19;2;0;5;271065;179580;2783;428;3997
FR;5;2022-06-27;57;60;5;7;11;271122;179640;2788;435;4008
FR;5;2022-06-28;70;49;8;2;14;271192;179689;2796;437;4022
FR;5;2022-06-29;296;267;9;20;34;271488;179956;2805;457;4056
FR;5;2022-06-30;85;56;9;12;16;271573;180012;2814;469;4072
FR;5;2022-07-01;120;63;7;11;10;271693;180075;2821;480;4082
FR;5;2022-07-02;189;126;4;0;22;271882;180201;2825;480;4104
FR;5;2022-07-03;31;22;1;0;4;271913;180223;2826;480;4108
FR;5;2022-07-04;100;63;2;5;6;272013;180286;2828;485;4114
FR;5;2022-07-05;103;72;3;8;13;272116;180358;2831;493;4127
FR;5;2022-07-06;276;168;9;36;27;272392;180526;2840;529;4154
FR;5;2022-07-07;86;68;6;9;13;272478;180594;2846;538;4167
FR;5;2022-07-08;150;118;7;14;25;272628;180712;2853;552;4192
FR;5;2022-07-09;115;67;1;8;10;272743;180779;2854;560;4202
FR;5;2022-07-10;15;6;0;0;1;272758;180785;2854;560;4203
FR;5;2022-07-11;91;70;10;2;19;272849;180855;2864;562;4222
FR;5;2022-07-12;65;60;4;9;7;272914;180915;2868;571;4229
FR;5;2022-07-13;163;116;8;19;15;273077;181031;2876;590;4244
FR;5;2022-07-14;8;4;0;0;0;273085;181035;2876;590;4244
FR;5;2022-07-15;73;65;5;12;15;273158;181100;2881;602;4259
FR;5;2022-07-16;54;41;3;0;3;273212;181141;2884;602;4262
FR;5;2022-07-17;10;7;0;0;1;273222;181148;2884;602;4263
FR;5;2022-07-18;60;44;0;5;3;273282;181192;2884;607;4266
FR;5;2022-07-19;58;39;3;2;5;273340;181231;2887;609;4271
FR;6;2020-12-27;0;0;0;0;0;0;0;0;0;0
FR;6;2020-12-28;0;0;0;0;0;0;0;0;0;0
FR;6;2020-12-29;0;0;0;0;0;0;0;0;0;0
FR;6;2020-12-30;0;0;0;0;0;0;0;0;0;0
FR;6;2020-12-31;0;0;0;0;0;0;0;0;0;0
FR;6;2021-01-01;0;0;0;0;0;0;0;0;0;0
FR;6;2021-01-02;0;0;0;0;0;0;0;0;0;0
FR;6;2021-01-03;0;0;0;0;0;0;0;0;0;0
FR;6;2021-01-04;0;0;0;0;0;0;0;0;0;0
FR;6;2021-01-05;0;0;0;0;0;0;0;0;0;0
FR;6;2021-01-06;0;0;0;0;0;0;0;0;0;0
FR;6;2021-01-07;0;0;0;0;0;0;0;0;0;0
FR;6;2021-01-08;0;0;0;0;0;0;0;0;0;0
FR;6;2021-01-09;0;0;0;0;0;0;0;0;0;0
FR;6;2021-01-10;0;0;0;0;0;0;0;0;0;0
FR;6;2021-01-11;0;0;0;0;0;0;0;0;0;0
FR;6;2021-01-12;0;0;0;0;0;0;0;0;0;0
FR;6;2021-01-13;0;0;0;0;0;0;0;0;0;0
FR;6;2021-01-14;0;0;0;0;0;0;0;0;0;0
FR;6;2021-01-15;0;0;0;0;0;0;0;0;0;0
FR;6;2021-01-16;0;0;0;0;0;0;0;0;0;0
FR;6;2021-01-17;0;0;0;0;0;0;0;0;0;0
FR;6;2021-01-18;0;0;0;0;0;0;0;0;0;0
FR;6;2021-01-19;0;0;0;0;0;0;0;0;0;0
FR;6;2021-01-20;0;0;0;0;0;0;0;0;0;0
FR;6;2021-01-21;0;0;0;0;0;0;0;0;0;0
FR;6;2021-01-22;0;0;0;0;0;0;0;0;0;0
FR;6;2021-01-23;0;0;0;0;0;0;0;0;0;0
FR;6;2021-01-24;0;0;0;0;0;0;0;0;0;0
FR;6;2021-01-25;0;0;0;0;0;0;0;0;0;0
FR;6;2021-01-26;0;0;0;0;0;0;0;0;0;0
FR;6;2021-01-27;0;0;0;0;0;0;0;0;0;0
FR;6;2021-01-28;0;0;0;0;0;0;0;0;0;0
FR;6;2021-01-29;0;0;0;0;0;0;0;0;0;0
FR;6;2021-01-30;0;0;0;0;0;0;0;0;0;0
FR;6;2021-01-31;0;0;0;0;0;0;0;0;0;0
FR;6;2021-02-01;0;0;0;0;0;0;0;0;0;0
FR;6;2021-02-02;0;0;0;0;0;0;0;0;0;0
FR;6;2021-02-03;0;0;0;0;0;0;0;0;0;0
FR;6;2021-02-04;0;0;0;0;0;0;0;0;0;0
FR;6;2021-02-05;0;0;0;0;0;0;0;0;0;0
FR;6;2021-02-06;0;0;0;0;0;0;0;0;0;0
FR;6;2021-02-07;0;0;0;0;0;0;0;0;0;0
FR;6;2021-02-08;0;0;0;0;0;0;0;0;0;0
FR;6;2021-02-09;0;0;0;0;0;0;0;0;0;0
FR;6;2021-02-10;0;0;0;0;0;0;0;0;0;0
FR;6;2021-02-11;0;0;0;0;0;0;0;0;0;0
FR;6;2021-02-12;0;0;0;0;0;0;0;0;0;0
FR;6;2021-02-13;0;0;0;0;0;0;0;0;0;0
FR;6;2021-02-14;0;0;0;0;0;0;0;0;0;0
FR;6;2021-02-15;0;0;0;0;0;0;0;0;0;0
FR;6;2021-02-16;0;0;0;0;0;0;0;0;0;0
FR;6;2021-02-17;0;0;0;0;0;0;0;0;0;0
FR;6;2021-02-18;0;0;0;0;0;0;0;0;0;0
FR;6;2021-02-19;0;0;0;0;0;0;0;0;0;0
FR;6;2021-02-20;0;0;0;0;0;0;0;0;0;0
FR;6;2021-02-21;0;0;0;0;0;0;0;0;0;0
FR;6;2021-02-22;0;0;0;0;0;0;0;0;0;0
FR;6;2021-02-23;0;0;0;0;0;0;0;0;0;0
FR;6;2021-02-24;0;0;0;0;0;0;0;0;0;0
FR;6;2021-02-25;0;0;0;0;0;0;0;0;0;0
FR;6;2021-02-26;0;0;0;0;0;0;0;0;0;0
FR;6;2021-02-27;0;0;0;0;0;0;0;0;0;0
FR;6;2021-02-28;0;0;0;0;0;0;0;0;0;0
FR;6;2021-03-01;0;0;0;0;0;0;0;0;0;0
FR;6;2021-03-02;0;0;0;0;0;0;0;0;0;0
FR;6;2021-03-03;0;0;0;0;0;0;0;0;0;0
FR;6;2021-03-04;0;0;0;0;0;0;0;0;0;0
FR;6;2021-03-05;0;0;0;0;0;0;0;0;0;0
FR;6;2021-03-06;0;0;0;0;0;0;0;0;0;0
FR;6;2021-03-07;0;0;0;0;0;0;0;0;0;0
FR;6;2021-03-08;0;0;0;0;0;0;0;0;0;0
FR;6;2021-03-09;0;0;0;0;0;0;0;0;0;0
FR;6;2021-03-10;0;0;0;0;0;0;0;0;0;0
FR;6;2021-03-11;0;0;0;0;0;0;0;0;0;0
FR;6;2021-03-12;0;0;0;0;0;0;0;0;0;0
FR;6;2021-03-13;0;0;0;0;0;0;0;0;0;0
FR;6;2021-03-14;0;0;0;0;0;0;0;0;0;0
FR;6;2021-03-15;0;0;0;0;0;0;0;0;0;0
FR;6;2021-03-16;0;0;0;0;0;0;0;0;0;0
FR;6;2021-03-17;0;0;0;0;0;0;0;0;0;0
FR;6;2021-03-18;0;0;0;0;0;0;0;0;0;0
FR;6;2021-03-19;0;0;0;0;0;0;0;0;0;0
FR;6;2021-03-20;0;0;0;0;0;0;0;0;0;0
FR;6;2021-03-21;0;0;0;0;0;0;0;0;0;0
FR;6;2021-03-22;0;0;0;0;0;0;0;0;0;0
FR;6;2021-03-23;0;0;0;0;0;0;0;0;0;0
FR;6;2021-03-24;0;0;0;0;0;0;0;0;0;0
FR;6;2021-03-25;0;0;0;0;0;0;0;0;0;0
FR;6;2021-03-26;0;0;0;0;0;0;0;0;0;0
FR;6;2021-03-27;0;0;0;0;0;0;0;0;0;0
FR;6;2021-03-28;0;0;0;0;0;0;0;0;0;0
FR;6;2021-03-29;0;0;0;0;0;0;0;0;0;0
FR;6;2021-03-30;0;0;0;0;0;0;0;0;0;0
FR;6;2021-03-31;0;0;0;0;0;0;0;0;0;0
FR;6;2021-04-01;0;0;0;0;0;0;0;0;0;0
FR;6;2021-04-02;0;0;0;0;0;0;0;0;0;0
FR;6;2021-04-03;0;0;0;0;0;0;0;0;0;0
FR;6;2021-04-04;0;0;0;0;0;0;0;0;0;0
FR;6;2021-04-05;0;0;0;0;0;0;0;0;0;0
FR;6;2021-04-06;0;0;0;0;0;0;0;0;0;0
FR;6;2021-04-07;0;0;0;0;0;0;0;0;0;0
FR;6;2021-04-08;0;0;0;0;0;0;0;0;0;0
FR;6;2021-04-09;0;0;0;0;0;0;0;0;0;0
FR;6;2021-04-10;0;0;0;0;0;0;0;0;0;0
FR;6;2021-04-11;0;0;0;0;0;0;0;0;0;0
FR;6;2021-04-12;0;0;0;0;0;0;0;0;0;0
FR;6;2021-04-13;0;0;0;0;0;0;0;0;0;0
FR;6;2021-04-14;0;0;0;0;0;0;0;0;0;0
FR;6;2021-04-15;0;0;0;0;0;0;0;0;0;0
FR;6;2021-04-16;0;0;0;0;0;0;0;0;0;0
FR;6;2021-04-17;0;0;0;0;0;0;0;0;0;0
FR;6;2021-04-18;0;0;0;0;0;0;0;0;0;0
FR;6;2021-04-19;0;0;0;0;0;0;0;0;0;0
FR;6;2021-04-20;0;0;0;0;0;0;0;0;0;0
FR;6;2021-04-21;0;0;0;0;0;0;0;0;0;0
FR;6;2021-04-22;0;0;0;0;0;0;0;0;0;0
FR;6;2021-04-23;0;0;0;0;0;0;0;0;0;0
FR;6;2021-04-24;0;0;0;0;0;0;0;0;0;0
FR;6;2021-04-25;0;0;0;0;0;0;0;0;0;0
FR;6;2021-04-26;0;0;0;0;0;0;0;0;0;0
FR;6;2021-04-27;0;0;0;0;0;0;0;0;0;0
FR;6;2021-04-28;0;0;0;0;0;0;0;0;0;0
FR;6;2021-04-29;0;0;0;0;0;0;0;0;0;0
FR;6;2021-04-30;0;0;0;0;0;0;0;0;0;0
FR;6;2021-05-01;0;0;0;0;0;0;0;0;0;0
FR;6;2021-05-02;0;0;0;0;0;0;0;0;0;0
FR;6;2021-05-03;0;0;0;0;0;0;0;0;0;0
FR;6;2021-05-04;0;0;0;0;0;0;0;0;0;0
FR;6;2021-05-05;0;0;0;0;0;0;0;0;0;0
FR;6;2021-05-06;0;0;0;0;0;0;0;0;0;0
FR;6;2021-05-07;0;0;0;0;0;0;0;0;0;0
FR;6;2021-05-08;0;0;0;0;0;0;0;0;0;0
FR;6;2021-05-09;0;0;0;0;0;0;0;0;0;0
FR;6;2021-05-10;0;0;0;0;0;0;0;0;0;0
FR;6;2021-05-11;0;0;0;0;0;0;0;0;0;0
FR;6;2021-05-12;0;0;0;0;0;0;0;0;0;0
FR;6;2021-05-13;0;0;0;0;0;0;0;0;0;0
FR;6;2021-05-14;0;0;0;0;0;0;0;0;0;0
FR;6;2021-05-15;0;0;0;0;0;0;0;0;0;0
FR;6;2021-05-16;0;0;0;0;0;0;0;0;0;0
FR;6;2021-05-17;0;0;0;0;0;0;0;0;0;0
FR;6;2021-05-18;0;0;0;0;0;0;0;0;0;0
FR;6;2021-05-19;0;0;0;0;0;0;0;0;0;0
FR;6;2021-05-20;0;0;0;0;0;0;0;0;0;0
FR;6;2021-05-21;0;0;0;0;0;0;0;0;0;0
FR;6;2021-05-22;0;0;0;0;0;0;0;0;0;0
FR;6;2021-05-23;0;0;0;0;0;0;0;0;0;0
FR;6;2021-05-24;0;0;0;0;0;0;0;0;0;0
FR;6;2021-05-25;0;0;0;0;0;0;0;0;0;0
FR;6;2021-05-26;0;0;0;0;0;0;0;0;0;0
FR;6;2021-05-27;0;0;0;0;0;0;0;0;0;0
FR;6;2021-05-28;0;0;0;0;0;0;0;0;0;0
FR;6;2021-05-29;0;0;0;0;0;0;0;0;0;0
FR;6;2021-05-30;0;0;0;0;0;0;0;0;0;0
FR;6;2021-05-31;0;0;0;0;0;0;0;0;0;0
FR;6;2021-06-01;0;0;0;0;0;0;0;0;0;0
FR;6;2021-06-02;0;0;0;0;0;0;0;0;0;0
FR;6;2021-06-03;0;0;0;0;0;0;0;0;0;0
FR;6;2021-06-04;0;0;0;0;0;0;0;0;0;0
FR;6;2021-06-05;0;0;0;0;0;0;0;0;0;0
FR;6;2021-06-06;0;0;0;0;0;0;0;0;0;0
FR;6;2021-06-07;0;0;0;0;0;0;0;0;0;0
FR;6;2021-06-08;0;0;0;0;0;0;0;0;0;0
FR;6;2021-06-09;0;0;0;0;0;0;0;0;0;0
FR;6;2021-06-10;0;0;0;0;0;0;0;0;0;0
FR;6;2021-06-11;0;0;0;0;0;0;0;0;0;0
FR;6;2021-06-12;0;0;0;0;0;0;0;0;0;0
FR;6;2021-06-13;0;0;0;0;0;0;0;0;0;0
FR;6;2021-06-14;0;0;0;0;0;0;0;0;0;0
FR;6;2021-06-15;0;0;0;0;0;0;0;0;0;0
FR;6;2021-06-16;0;0;0;0;0;0;0;0;0;0
FR;6;2021-06-17;0;0;0;0;0;0;0;0;0;0
FR;6;2021-06-18;0;0;0;0;0;0;0;0;0;0
FR;6;2021-06-19;0;0;0;0;0;0;0;0;0;0
FR;6;2021-06-20;0;0;0;0;0;0;0;0;0;0
FR;6;2021-06-21;0;0;0;0;0;0;0;0;0;0
FR;6;2021-06-22;0;0;0;0;0;0;0;0;0;0
FR;6;2021-06-23;0;0;0;0;0;0;0;0;0;0
FR;6;2021-06-24;0;0;0;0;0;0;0;0;0;0
FR;6;2021-06-25;0;0;0;0;0;0;0;0;0;0
FR;6;2021-06-26;0;0;0;0;0;0;0;0;0;0
FR;6;2021-06-27;0;0;0;0;0;0;0;0;0;0
FR;6;2021-06-28;0;0;0;0;0;0;0;0;0;0
FR;6;2021-06-29;0;0;0;0;0;0;0;0;0;0
FR;6;2021-06-30;0;0;0;0;0;0;0;0;0;0
FR;6;2021-07-01;0;0;0;0;0;0;0;0;0;0
FR;6;2021-07-02;0;0;0;0;0;0;0;0;0;0
FR;6;2021-07-03;0;0;0;0;0;0;0;0;0;0
FR;6;2021-07-04;0;0;0;0;0;0;0;0;0;0
FR;6;2021-07-05;0;0;0;0;0;0;0;0;0;0
FR;6;2021-07-06;0;0;0;0;0;0;0;0;0;0
FR;6;2021-07-07;0;0;0;0;0;0;0;0;0;0
FR;6;2021-07-08;0;0;0;0;0;0;0;0;0;0
FR;6;2021-07-09;0;0;0;0;0;0;0;0;0;0
FR;6;2021-07-10;0;0;0;0;0;0;0;0;0;0
FR;6;2021-07-11;0;0;0;0;0;0;0;0;0;0
FR;6;2021-07-12;0;0;0;0;0;0;0;0;0;0
FR;6;2021-07-13;0;0;0;0;0;0;0;0;0;0
FR;6;2021-07-14;0;0;0;0;0;0;0;0;0;0
FR;6;2021-07-15;0;0;0;0;0;0;0;0;0;0
FR;6;2021-07-16;0;0;0;0;0;0;0;0;0;0
FR;6;2021-07-17;0;0;0;0;0;0;0;0;0;0
FR;6;2021-07-18;0;0;0;0;0;0;0;0;0;0
FR;6;2021-07-19;0;0;0;0;0;0;0;0;0;0
FR;6;2021-07-20;0;0;0;0;0;0;0;0;0;0
FR;6;2021-07-21;0;0;0;0;0;0;0;0;0;0
FR;6;2021-07-22;0;0;0;0;0;0;0;0;0;0
FR;6;2021-07-23;0;0;0;0;0;0;0;0;0;0
FR;6;2021-07-24;0;0;0;0;0;0;0;0;0;0
FR;6;2021-07-25;0;0;0;0;0;0;0;0;0;0
FR;6;2021-07-26;0;0;0;0;0;0;0;0;0;0
FR;6;2021-07-27;0;0;0;0;0;0;0;0;0;0
FR;6;2021-07-28;0;0;0;0;0;0;0;0;0;0
FR;6;2021-07-29;0;0;0;0;0;0;0;0;0;0
FR;6;2021-07-30;0;0;0;0;0;0;0;0;0;0
FR;6;2021-07-31;0;0;0;0;0;0;0;0;0;0
FR;6;2021-08-01;0;0;0;0;0;0;0;0;0;0
FR;6;2021-08-02;0;0;0;0;0;0;0;0;0;0
FR;6;2021-08-03;0;0;0;0;0;0;0;0;0;0
FR;6;2021-08-04;0;0;0;0;0;0;0;0;0;0
FR;6;2021-08-05;0;0;0;0;0;0;0;0;0;0
FR;6;2021-08-06;0;0;0;0;0;0;0;0;0;0
FR;6;2021-08-07;0;0;0;0;0;0;0;0;0;0
FR;6;2021-08-08;0;0;0;0;0;0;0;0;0;0
FR;6;2021-08-09;0;0;0;0;0;0;0;0;0;0
FR;6;2021-08-10;0;0;0;0;0;0;0;0;0;0
FR;6;2021-08-11;0;0;0;0;0;0;0;0;0;0
FR;6;2021-08-12;0;0;0;0;0;0;0;0;0;0
FR;6;2021-08-13;0;0;0;0;0;0;0;0;0;0
FR;6;2021-08-14;0;0;0;0;0;0;0;0;0;0
FR;6;2021-08-15;0;0;0;0;0;0;0;0;0;0
FR;6;2021-08-16;0;0;0;0;0;0;0;0;0;0
FR;6;2021-08-17;0;0;0;0;0;0;0;0;0;0
FR;6;2021-08-18;0;0;0;0;0;0;0;0;0;0
FR;6;2021-08-19;0;0;0;0;0;0;0;0;0;0
FR;6;2021-08-20;0;0;0;0;0;0;0;0;0;0
FR;6;2021-08-21;0;0;0;0;0;0;0;0;0;0
FR;6;2021-08-22;0;0;0;0;0;0;0;0;0;0
FR;6;2021-08-23;0;0;0;0;0;0;0;0;0;0
FR;6;2021-08-24;0;0;0;0;0;0;0;0;0;0
FR;6;2021-08-25;0;0;0;0;0;0;0;0;0;0
FR;6;2021-08-26;0;0;0;0;0;0;0;0;0;0
FR;6;2021-08-27;0;0;0;0;0;0;0;0;0;0
FR;6;2021-08-28;0;0;0;0;0;0;0;0;0;0
FR;6;2021-08-29;0;0;0;0;0;0;0;0;0;0
FR;6;2021-08-30;0;0;0;0;0;0;0;0;0;0
FR;6;2021-08-31;0;0;0;0;0;0;0;0;0;0
FR;6;2021-09-01;0;0;0;0;0;0;0;0;0;0
FR;6;2021-09-02;0;0;0;0;0;0;0;0;0;0
FR;6;2021-09-03;0;0;0;0;0;0;0;0;0;0
FR;6;2021-09-04;0;0;0;0;0;0;0;0;0;0
FR;6;2021-09-05;0;0;0;0;0;0;0;0;0;0
FR;6;2021-09-06;0;0;0;0;0;0;0;0;0;0
FR;6;2021-09-07;0;0;0;0;0;0;0;0;0;0
FR;6;2021-09-08;0;0;0;0;0;0;0;0;0;0
FR;6;2021-09-09;0;0;0;0;0;0;0;0;0;0
FR;6;2021-09-10;0;0;0;0;0;0;0;0;0;0
FR;6;2021-09-11;0;0;0;0;0;0;0;0;0;0
FR;6;2021-09-12;0;0;0;0;0;0;0;0;0;0
FR;6;2021-09-13;0;0;0;0;0;0;0;0;0;0
FR;6;2021-09-14;0;0;0;0;0;0;0;0;0;0
FR;6;2021-09-15;0;0;0;0;0;0;0;0;0;0
FR;6;2021-09-16;0;0;0;0;0;0;0;0;0;0
FR;6;2021-09-17;0;0;0;0;0;0;0;0;0;0
FR;6;2021-09-18;0;0;0;0;0;0;0;0;0;0
FR;6;2021-09-19;0;0;0;0;0;0;0;0;0;0
FR;6;2021-09-20;0;0;0;0;0;0;0;0;0;0
FR;6;2021-09-21;0;0;0;0;0;0;0;0;0;0
FR;6;2021-09-22;0;0;0;0;0;0;0;0;0;0
FR;6;2021-09-23;0;0;0;0;0;0;0;0;0;0
FR;6;2021-09-24;0;0;0;0;0;0;0;0;0;0
FR;6;2021-09-25;0;0;0;0;0;0;0;0;0;0
FR;6;2021-09-26;0;0;0;0;0;0;0;0;0;0
FR;6;2021-09-27;0;0;0;0;0;0;0;0;0;0
FR;6;2021-09-28;0;0;0;0;0;0;0;0;0;0
FR;6;2021-09-29;0;0;0;0;0;0;0;0;0;0
FR;6;2021-09-30;0;0;0;0;0;0;0;0;0;0
FR;6;2021-10-01;0;0;0;0;0;0;0;0;0;0
FR;6;2021-10-02;0;0;0;0;0;0;0;0;0;0
FR;6;2021-10-03;0;0;0;0;0;0;0;0;0;0
FR;6;2021-10-04;0;0;0;0;0;0;0;0;0;0
FR;6;2021-10-05;0;0;0;0;0;0;0;0;0;0
FR;6;2021-10-06;0;0;0;0;0;0;0;0;0;0
FR;6;2021-10-07;0;0;0;0;0;0;0;0;0;0
FR;6;2021-10-08;0;0;0;0;0;0;0;0;0;0
FR;6;2021-10-09;0;0;0;0;0;0;0;0;0;0
FR;6;2021-10-10;0;0;0;0;0;0;0;0;0;0
FR;6;2021-10-11;0;0;0;0;0;0;0;0;0;0
FR;6;2021-10-12;0;0;0;0;0;0;0;0;0;0
FR;6;2021-10-13;0;0;0;0;0;0;0;0;0;0
FR;6;2021-10-14;0;0;0;0;0;0;0;0;0;0
FR;6;2021-10-15;0;0;0;0;0;0;0;0;0;0
FR;6;2021-10-16;0;0;0;0;0;0;0;0;0;0
FR;6;2021-10-17;0;0;0;0;0;0;0;0;0;0
FR;6;2021-10-18;0;0;0;0;0;0;0;0;0;0
FR;6;2021-10-19;0;0;0;0;0;0;0;0;0;0
FR;6;2021-10-20;0;0;0;0;0;0;0;0;0;0
FR;6;2021-10-21;0;0;0;0;0;0;0;0;0;0
FR;6;2021-10-22;0;0;0;0;0;0;0;0;0;0
FR;6;2021-10-23;0;0;0;0;0;0;0;0;0;0
FR;6;2021-10-24;0;0;0;0;0;0;0;0;0;0
FR;6;2021-10-25;0;0;0;0;0;0;0;0;0;0
FR;6;2021-10-26;0;0;0;0;0;0;0;0;0;0
FR;6;2021-10-27;0;0;0;0;0;0;0;0;0;0
FR;6;2021-10-28;0;0;0;0;0;0;0;0;0;0
FR;6;2021-10-29;0;0;0;0;0;0;0;0;0;0
FR;6;2021-10-30;0;0;0;0;0;0;0;0;0;0
FR;6;2021-10-31;0;0;0;0;0;0;0;0;0;0
FR;6;2021-11-01;0;0;0;0;0;0;0;0;0;0
FR;6;2021-11-02;0;0;0;0;0;0;0;0;0;0
FR;6;2021-11-03;0;0;0;0;0;0;0;0;0;0
FR;6;2021-11-04;0;0;0;0;0;0;0;0;0;0
FR;6;2021-11-05;0;0;0;0;0;0;0;0;0;0
FR;6;2021-11-06;0;0;0;0;0;0;0;0;0;0
FR;6;2021-11-07;0;0;0;0;0;0;0;0;0;0
FR;6;2021-11-08;0;0;0;0;0;0;0;0;0;0
FR;6;2021-11-09;0;0;0;0;0;0;0;0;0;0
FR;6;2021-11-10;0;0;0;0;0;0;0;0;0;0
FR;6;2021-11-11;0;0;0;0;0;0;0;0;0;0
FR;6;2021-11-12;0;0;0;0;0;0;0;0;0;0
FR;6;2021-11-13;0;0;0;0;0;0;0;0;0;0
FR;6;2021-11-14;0;0;0;0;0;0;0;0;0;0
FR;6;2021-11-15;0;0;0;0;0;0;0;0;0;0
FR;6;2021-11-16;0;0;0;0;0;0;0;0;0;0
FR;6;2021-11-17;0;0;0;0;0;0;0;0;0;0
FR;6;2021-11-18;0;0;0;0;0;0;0;0;0;0
FR;6;2021-11-19;0;0;0;0;0;0;0;0;0;0
FR;6;2021-11-20;0;0;0;0;0;0;0;0;0;0
FR;6;2021-11-21;0;0;0;0;0;0;0;0;0;0
FR;6;2021-11-22;0;0;0;0;0;0;0;0;0;0
FR;6;2021-11-23;0;0;0;0;0;0;0;0;0;0
FR;6;2021-11-24;0;0;0;0;0;0;0;0;0;0
FR;6;2021-11-25;0;0;0;0;0;0;0;0;0;0
FR;6;2021-11-26;0;0;0;0;0;0;0;0;0;0
FR;6;2021-11-27;0;0;0;0;0;0;0;0;0;0
FR;6;2021-11-28;0;0;0;0;0;0;0;0;0;0
FR;6;2021-11-29;0;0;0;0;0;0;0;0;0;0
FR;6;2021-11-30;0;0;0;0;0;0;0;0;0;0
FR;6;2021-12-01;0;0;0;0;0;0;0;0;0;0
FR;6;2021-12-02;0;0;0;0;0;0;0;0;0;0
FR;6;2021-12-03;0;0;0;0;0;0;0;0;0;0
FR;6;2021-12-04;0;0;0;0;0;0;0;0;0;0
FR;6;2021-12-05;0;0;0;0;0;0;0;0;0;0
FR;6;2021-12-06;0;0;0;0;0;0;0;0;0;0
FR;6;2021-12-07;0;0;0;0;0;0;0;0;0;0
FR;6;2021-12-08;0;0;0;0;0;0;0;0;0;0
FR;6;2021-12-09;0;0;0;0;0;0;0;0;0;0
FR;6;2021-12-10;0;0;0;0;0;0;0;0;0;0
FR;6;2021-12-11;0;0;0;0;0;0;0;0;0;0
FR;6;2021-12-12;0;0;0;0;0;0;0;0;0;0
FR;6;2021-12-13;0;0;0;0;0;0;0;0;0;0
FR;6;2021-12-14;0;0;0;0;0;0;0;0;0;0
FR;6;2021-12-15;0;0;0;0;0;0;0;0;0;0
FR;6;2021-12-16;0;0;0;0;0;0;0;0;0;0
FR;6;2021-12-17;0;0;0;0;0;0;0;0;0;0
FR;6;2021-12-18;0;0;0;0;0;0;0;0;0;0
FR;6;2021-12-19;0;0;0;0;0;0;0;0;0;0
FR;6;2021-12-20;0;0;0;0;0;0;0;0;0;0
FR;6;2021-12-21;0;0;0;0;0;0;0;0;0;0
FR;6;2021-12-22;0;0;0;0;0;0;0;0;0;0
FR;6;2021-12-23;0;0;0;0;0;0;0;0;0;0
FR;6;2021-12-24;0;0;0;0;0;0;0;0;0;0
FR;6;2021-12-25;0;0;0;0;0;0;0;0;0;0
FR;6;2021-12-26;0;0;0;0;0;0;0;0;0;0
FR;6;2021-12-27;0;0;0;0;0;0;0;0;0;0
FR;6;2021-12-28;0;0;0;0;0;0;0;0;0;0
FR;6;2021-12-29;0;0;0;0;0;0;0;0;0;0
FR;6;2021-12-30;0;0;0;0;0;0;0;0;0;0
FR;6;2021-12-31;0;0;0;0;0;0;0;0;0;0
FR;6;2022-01-01;0;0;0;0;0;0;0;0;0;0
FR;6;2022-01-02;0;0;0;0;0;0;0;0;0;0
FR;6;2022-01-03;0;0;0;0;0;0;0;0;0;0
FR;6;2022-01-04;0;0;0;0;0;0;0;0;0;0
FR;6;2022-01-05;0;0;0;0;0;0;0;0;0;0
FR;6;2022-01-06;0;0;0;0;0;0;0;0;0;0
FR;6;2022-01-07;0;0;0;0;0;0;0;0;0;0
FR;6;2022-01-08;0;0;0;0;0;0;0;0;0;0
FR;6;2022-01-09;0;0;0;0;0;0;0;0;0;0
FR;6;2022-01-10;0;0;0;0;0;0;0;0;0;0
FR;6;2022-01-11;0;0;0;0;0;0;0;0;0;0
FR;6;2022-01-12;0;0;0;0;0;0;0;0;0;0
FR;6;2022-01-13;0;0;0;0;0;0;0;0;0;0
FR;6;2022-01-14;0;0;0;0;0;0;0;0;0;0
FR;6;2022-01-15;0;0;0;0;0;0;0;0;0;0
FR;6;2022-01-16;0;0;0;0;0;0;0;0;0;0
FR;6;2022-01-17;0;0;0;0;0;0;0;0;0;0
FR;6;2022-01-18;0;0;0;0;0;0;0;0;0;0
FR;6;2022-01-19;0;0;0;0;0;0;0;0;0;0
FR;6;2022-01-20;0;0;0;0;0;0;0;0;0;0
FR;6;2022-01-21;0;0;0;0;0;0;0;0;0;0
FR;6;2022-01-22;0;0;0;0;0;0;0;0;0;0
FR;6;2022-01-23;0;0;0;0;0;0;0;0;0;0
FR;6;2022-01-24;0;0;0;0;0;0;0;0;0;0
FR;6;2022-01-25;0;0;0;0;0;0;0;0;0;0
FR;6;2022-01-26;0;0;0;0;0;0;0;0;0;0
FR;6;2022-01-27;0;0;0;0;0;0;0;0;0;0
FR;6;2022-01-28;0;0;0;0;0;0;0;0;0;0
FR;6;2022-01-29;0;0;0;0;0;0;0;0;0;0
FR;6;2022-01-30;0;0;0;0;0;0;0;0;0;0
FR;6;2022-01-31;0;0;0;0;0;0;0;0;0;0
FR;6;2022-02-01;0;0;0;0;0;0;0;0;0;0
FR;6;2022-02-02;0;0;0;0;0;0;0;0;0;0
FR;6;2022-02-03;0;0;0;0;0;0;0;0;0;0
FR;6;2022-02-04;0;0;0;0;0;0;0;0;0;0
FR;6;2022-02-05;0;0;0;0;0;0;0;0;0;0
FR;6;2022-02-06;0;0;0;0;0;0;0;0;0;0
FR;6;2022-02-07;0;0;0;0;0;0;0;0;0;0
FR;6;2022-02-08;0;0;0;0;0;0;0;0;0;0
FR;6;2022-02-09;0;0;0;0;0;0;0;0;0;0
FR;6;2022-02-10;0;0;0;0;0;0;0;0;0;0
FR;6;2022-02-11;0;0;0;0;0;0;0;0;0;0
FR;6;2022-02-12;0;0;0;0;0;0;0;0;0;0
FR;6;2022-02-13;0;0;0;0;0;0;0;0;0;0
FR;6;2022-02-14;0;0;0;0;0;0;0;0;0;0
FR;6;2022-02-15;0;0;0;0;0;0;0;0;0;0
FR;6;2022-02-16;0;0;0;0;0;0;0;0;0;0
FR;6;2022-02-17;0;0;0;0;0;0;0;0;0;0
FR;6;2022-02-18;0;0;0;0;0;0;0;0;0;0
FR;6;2022-02-19;0;0;0;0;0;0;0;0;0;0
FR;6;2022-02-20;0;0;0;0;0;0;0;0;0;0
FR;6;2022-02-21;0;0;0;0;0;0;0;0;0;0
FR;6;2022-02-22;0;0;0;0;0;0;0;0;0;0
FR;6;2022-02-23;0;0;0;0;0;0;0;0;0;0
FR;6;2022-02-24;0;0;0;0;0;0;0;0;0;0
FR;6;2022-02-25;0;0;0;0;0;0;0;0;0;0
FR;6;2022-02-26;1;0;0;0;0;1;0;0;0;0
FR;6;2022-02-27;0;0;0;0;0;1;0;0;0;0
FR;6;2022-02-28;0;0;0;0;0;1;0;0;0;0
FR;6;2022-03-01;3;0;0;0;0;4;0;0;0;0
FR;6;2022-03-02;97;9;2;0;7;101;9;2;0;7
FR;6;2022-03-03;0;0;0;0;0;101;9;2;0;7
FR;6;2022-03-04;91;4;0;0;4;192;13;2;0;11
FR;6;2022-03-05;391;23;2;0;14;583;36;4;0;25
FR;6;2022-03-06;7;1;0;0;0;590;37;4;0;25
FR;6;2022-03-07;337;19;0;0;13;927;56;4;0;38
FR;6;2022-03-08;230;14;0;0;5;1157;70;4;0;43
FR;6;2022-03-09;519;29;2;0;21;1676;99;6;0;64
FR;6;2022-03-10;206;19;0;1;12;1882;118;6;1;76
FR;6;2022-03-11;328;21;6;0;21;2210;139;12;1;97
FR;6;2022-03-12;518;25;1;0;20;2728;164;13;1;117
FR;6;2022-03-13;40;2;0;0;1;2768;166;13;1;118
FR;6;2022-03-14;201;4;2;0;3;2969;170;15;1;121
FR;6;2022-03-15;112;11;2;0;9;3081;181;17;1;130
FR;6;2022-03-16;310;17;1;1;14;3391;198;18;2;144
FR;6;2022-03-17;117;6;1;2;4;3508;204;19;4;148
FR;6;2022-03-18;215;10;0;0;6;3723;214;19;4;154
FR;6;2022-03-19;307;19;2;0;9;4030;233;21;4;163
FR;6;2022-03-20;15;5;0;0;1;4045;238;21;4;164
FR;6;2022-03-21;132;23;1;0;4;4177;261;22;4;168
FR;6;2022-03-22;97;15;0;0;4;4274;276;22;4;172
FR;6;2022-03-23;226;108;3;0;14;4500;384;25;4;186
FR;6;2022-03-24;100;15;1;3;4;4600;399;26;7;190
FR;6;2022-03-25;203;141;2;1;15;4803;540;28;8;205
FR;6;2022-03-26;331;295;7;1;19;5134;835;35;9;224
FR;6;2022-03-27;32;30;1;0;1;5166;865;36;9;225
FR;6;2022-03-28;200;208;8;1;17;5366;1073;44;10;242
FR;6;2022-03-29;124;189;12;2;12;5490;1262;56;12;254
FR;6;2022-03-30;305;476;10;2;22;5795;1738;66;14;276
FR;6;2022-03-31;124;140;10;0;14;5919;1878;76;14;290
FR;6;2022-04-01;195;150;11;2;23;6114;2028;87;16;313
FR;6;2022-04-02;205;241;9;1;13;6319;2269;96;17;326
FR;6;2022-04-03;17;21;0;0;1;6336;2290;96;17;327
FR;6;2022-04-04;132;114;6;1;9;6468;2404;102;18;336
FR;6;2022-04-05;145;88;15;1;11;6613;2492;117;19;347
FR;6;2022-04-06;204;245;22;26;27;6817;2737;139;45;374
FR;6;2022-04-07;127;96;15;9;17;6944;2833;154;54;391
FR;6;2022-04-08;199;170;16;3;17;7143;3003;170;57;408
FR;6;2022-04-09;145;139;6;12;13;7288;3142;176;69;421
FR;6;2022-04-10;10;20;3;0;1;7298;3162;179;69;422
FR;6;2022-04-11;101;106;4;0;5;7399;3268;183;69;427
FR;6;2022-04-12;136;75;5;8;10;7535;3343;188;77;437
FR;6;2022-04-13;161;175;7;5;13;7696;3518;195;82;450
FR;6;2022-04-14;100;103;5;10;8;7796;3621;200;92;458
FR;6;2022-04-15;160;148;11;7;19;7956;3769;211;99;477
FR;6;2022-04-16;127;132;5;0;14;8083;3901;216;99;491
FR;6;2022-04-17;8;9;4;0;4;8091;3910;220;99;495
FR;6;2022-04-18;8;15;3;0;4;8099;3925;223;99;499
FR;6;2022-04-19;97;112;4;3;3;8196;4037;227;102;502
FR;6;2022-04-20;177;227;8;7;15;8373;4264;235;109;517
FR;6;2022-04-21;111;93;8;4;11;8484;4357;243;113;528
FR;6;2022-04-22;138;160;13;12;13;8622;4517;256;125;541
FR;6;2022-04-23;106;129;1;1;7;8728;4646;257;126;548
FR;6;2022-04-24;5;21;1;0;0;8733;4667;258;126;548
FR;6;2022-04-25;91;128;3;8;11;8824;4795;261;134;559
FR;6;2022-04-26;101;128;18;2;16;8925;4923;279;136;575
FR;6;2022-04-27;197;159;21;1;27;9122;5082;300;137;602
FR;6;2022-04-28;109;87;7;1;8;9231;5169;307;138;610
FR;6;2022-04-29;191;168;16;2;20;9422;5337;323;140;630
FR;6;2022-04-30;133;125;7;1;24;9555;5462;330;141;654
FR;6;2022-05-01;7;6;0;0;0;9562;5468;330;141;654
FR;6;2022-05-02;94;65;3;4;3;9656;5533;333;145;657
FR;6;2022-05-03;136;92;11;2;7;9792;5625;344;147;664
FR;6;2022-05-04;167;118;25;12;29;9959;5743;369;159;693
FR;6;2022-05-05;101;70;8;3;12;10060;5813;377;162;705
FR;6;2022-05-06;152;110;10;9;16;10212;5923;387;171;721
FR;6;2022-05-07;138;93;13;3;23;10350;6016;400;174;744
FR;6;2022-05-08;20;8;6;5;7;10370;6024;406;179;751
FR;6;2022-05-09;86;73;9;7;13;10456;6097;415;186;764
FR;6;2022-05-10;111;80;15;7;12;10567;6177;430;193;776
FR;6;2022-05-11;130;124;11;14;20;10697;6301;441;207;796
FR;6;2022-05-12;105;76;7;5;15;10802;6377;448;212;811
FR;6;2022-05-13;154;95;17;21;20;10956;6472;465;233;831
FR;6;2022-05-14;81;60;6;7;15;11037;6532;471;240;846
FR;6;2022-05-15;12;7;0;0;0;11049;6539;471;240;846
FR;6;2022-05-16;64;54;6;2;12;11113;6593;477;242;858
FR;6;2022-05-17;123;77;5;7;11;11236;6670;482;249;869
FR;6;2022-05-18;131;116;5;1;13;11367;6786;487;250;882
FR;6;2022-05-19;124;57;6;8;9;11491;6843;493;258;891
FR;6;2022-05-20;127;115;13;3;18;11618;6958;506;261;909
FR;6;2022-05-21;92;69;14;3;12;11710;7027;520;264;921
FR;6;2022-05-22;19;12;5;0;4;11729;7039;525;264;925
FR;6;2022-05-23;77;72;4;2;7;11806;7111;529;266;932
FR;6;2022-05-24;116;98;8;2;16;11922;7209;537;268;948
FR;6;2022-05-25;139;129;6;3;11;12061;7338;543;271;959
FR;6;2022-05-26;7;9;3;0;9;12068;7347;546;271;968
FR;6;2022-05-27;127;105;15;11;18;12195;7452;561;282;986
FR;6;2022-05-28;52;75;1;5;8;12247;7527;562;287;994
FR;6;2022-05-29;8;10;0;0;1;12255;7537;562;287;995
FR;6;2022-05-30;70;70;7;4;4;12325;7607;569;291;999
FR;6;2022-05-31;87;102;10;2;14;12412;7709;579;293;1013
FR;6;2022-06-01;97;89;10;1;11;12509;7798;589;294;1024
FR;6;2022-06-02;88;60;6;3;9;12597;7858;595;297;1033
FR;6;2022-06-03;126;102;13;7;21;12723;7960;608;304;1054
FR;6;2022-06-04;63;51;10;0;12;12786;8011;618;304;1066
FR;6;2022-06-05;16;15;2;1;4;12802;8026;620;305;1070
FR;6;2022-06-06;9;6;0;0;0;12811;8032;620;305;1070
FR;6;2022-06-07;79;90;3;4;8;12890;8122;623;309;1078
FR;6;2022-06-08;92;110;13;5;20;12982;8232;636;314;1098
FR;6;2022-06-09;75;81;15;3;15;13057;8313;651;317;1113
FR;6;2022-06-10;116;93;26;10;22;13173;8406;677;327;1135
FR;6;2022-06-11;83;62;6;10;12;13256;8468;683;337;1147
FR;6;2022-06-12;6;14;1;0;2;13262;8482;684;337;1149
FR;6;2022-06-13;74;59;18;1;7;13336;8541;702;338;1156
FR;6;2022-06-14;98;100;8;5;16;13434;8641;710;343;1172
FR;6;2022-06-15;80;85;7;8;15;13514;8726;717;351;1187
FR;6;2022-06-16;53;40;11;7;14;13567;8766;728;358;1201
FR;6;2022-06-17;85;81;3;13;11;13652;8847;731;371;1212
FR;6;2022-06-18;72;60;12;0;20;13724;8907;743;371;1232
FR;6;2022-06-19;6;6;3;0;4;13730;8913;746;371;1236
FR;6;2022-06-20;42;41;4;1;6;13772;8954;750;372;1242
FR;6;2022-06-21;59;73;7;7;15;13831;9027;757;379;1257
FR;6;2022-06-22;85;85;8;2;17;13916;9112;765;381;1274
FR;6;2022-06-23;64;39;13;7;15;13980;9151;778;388;1289
FR;6;2022-06-24;73;83;7;14;18;14053;9234;785;402;1307
FR;6;2022-06-25;67;61;4;3;8;14120;9295;789;405;1315
FR;6;2022-06-26;6;7;1;0;1;14126;9302;790;405;1316
FR;6;2022-06-27;53;50;4;9;12;14179;9352;794;414;1328
FR;6;2022-06-28;68;47;5;3;15;14247;9399;799;417;1343
FR;6;2022-06-29;97;117;26;37;19;14344;9516;825;454;1362
FR;6;2022-06-30;84;59;33;10;12;14428;9575;858;464;1374
FR;6;2022-07-01;113;94;24;33;17;14541;9669;882;497;1391
FR;6;2022-07-02;56;67;23;2;34;14597;9736;905;499;1425
FR;6;2022-07-03;11;4;4;3;4;14608;9740;909;502;1429
FR;6;2022-07-04;61;43;3;23;13;14669;9783;912;525;1442
FR;6;2022-07-05;65;52;18;67;25;14734;9835;930;592;1467
FR;6;2022-07-06;94;64;7;11;12;14828;9899;937;603;1479
FR;6;2022-07-07;93;79;42;37;14;14921;9978;979;640;1493
FR;6;2022-07-08;136;87;42;27;10;15057;10065;1021;667;1503
FR;6;2022-07-09;53;50;16;29;26;15110;10115;1037;696;1529
FR;6;2022-07-10;3;6;8;0;9;15113;10121;1045;696;1538
FR;6;2022-07-11;54;44;5;4;12;15167;10165;1050;700;1550
FR;6;2022-07-12;69;70;12;22;12;15236;10235;1062;722;1562
FR;6;2022-07-13;81;64;14;21;25;15317;10299;1076;743;1587
FR;6;2022-07-14;4;3;1;0;1;15321;10302;1077;743;1588
FR;6;2022-07-15;74;59;9;57;16;15395;10361;1086;800;1604
FR;6;2022-07-16;26;31;17;0;17;15421;10392;1103;800;1621
FR;6;2022-07-17;3;7;0;0;0;15424;10399;1103;800;1621
FR;6;2022-07-18;35;57;8;11;14;15459;10456;1111;811;1635
FR;6;2022-07-19;50;46;4;19;6;15509;10502;1115;830;1641
FR;0;2020-12-27;609;0;0;0;0;609;0;0;0;0
FR;0;2020-12-28;678;1;0;0;0;1287;1;0;0;0
FR;0;2020-12-29;380;0;0;0;0;1667;1;0;0;0
FR;0;2020-12-30;442;0;0;0;0;2109;1;0;0;0
FR;0;2020-12-31;439;1;0;0;0;2548;2;0;0;0
FR;0;2021-01-01;1149;2;0;0;0;3697;4;0;0;0
FR;0;2021-01-02;362;3;0;0;0;4059;7;0;0;0
FR;0;2021-01-03;402;0;0;0;0;4461;7;0;0;0
FR;0;2021-01-04;2103;3;0;0;0;6564;10;0;0;0
FR;0;2021-01-05;7746;3;0;0;0;14310;13;0;0;0
FR;0;2021-01-06;12454;16;0;0;0;26764;29;0;0;0
FR;0;2021-01-07;29458;13;0;0;0;56222;42;0;0;0
FR;0;2021-01-08;37140;15;0;0;0;93362;57;0;0;0
FR;0;2021-01-09;11212;7;0;0;0;104574;64;0;0;0
FR;0;2021-01-10;6003;5;0;0;0;110577;69;0;0;0
FR;0;2021-01-11;39929;19;0;0;0;150506;88;0;0;0
FR;0;2021-01-12;62132;18;0;0;0;212638;106;0;0;0
FR;0;2021-01-13;65114;38;0;0;0;277752;144;0;0;0
FR;0;2021-01-14;83115;127;0;0;0;360867;271;0;0;0
FR;0;2021-01-15;69004;45;0;0;0;429871;316;0;0;0
FR;0;2021-01-16;20212;72;0;0;0;450083;388;0;0;0
FR;0;2021-01-17;10982;49;0;0;0;461065;437;0;0;0
FR;0;2021-01-18;85895;169;0;0;0;546960;606;0;0;0
FR;0;2021-01-19;130594;182;0;0;0;677554;788;0;0;0
FR;0;2021-01-20;137540;187;0;0;0;815094;975;0;0;0
FR;0;2021-01-21;158394;173;0;0;0;973488;1148;0;0;0
FR;0;2021-01-22;121057;225;0;0;0;1094545;1373;0;0;0
FR;0;2021-01-23;38476;68;0;0;0;1133021;1441;0;0;0
FR;0;2021-01-24;9742;96;0;0;0;1142763;1537;0;0;0
FR;0;2021-01-25;78230;1320;0;0;0;1220993;2857;0;0;0
FR;0;2021-01-26;100372;3419;1;0;0;1321365;6276;1;0;0
FR;0;2021-01-27;107237;6054;0;0;0;1428602;12330;1;0;0
FR;0;2021-01-28;124344;15325;0;0;0;1552946;27655;1;0;0
FR;0;2021-01-29;92180;18003;0;0;0;1645126;45658;1;0;0
FR;0;2021-01-30;29121;4386;0;0;0;1674247;50044;1;0;0
FR;0;2021-01-31;5231;1797;0;0;0;1679478;51841;1;0;0
FR;0;2021-02-01;53116;21817;0;0;0;1732594;73658;1;0;0
FR;0;2021-02-02;72297;36440;0;0;0;1804891;110098;1;0;0
FR;0;2021-02-03;72300;38698;0;0;0;1877191;148796;1;0;0
FR;0;2021-02-04;82066;52545;0;0;0;1959257;201341;1;0;0
FR;0;2021-02-05;68226;46572;0;0;0;2027483;247913;1;0;0
FR;0;2021-02-06;23062;10955;0;0;0;2050545;258868;1;0;0
FR;0;2021-02-07;5185;5520;0;0;0;2055730;264388;1;0;0
FR;0;2021-02-08;46833;47461;0;0;0;2102563;311849;1;0;0
FR;0;2021-02-09;66002;75621;0;0;0;2168565;387470;1;0;0
FR;0;2021-02-10;71006;80408;0;0;0;2239571;467878;1;0;0
FR;0;2021-02-11;87269;102365;0;0;0;2326840;570243;1;0;0
FR;0;2021-02-12;79310;75300;0;0;0;2406150;645543;1;0;0
FR;0;2021-02-13;22375;19583;0;0;0;2428525;665126;1;0;0
FR;0;2021-02-14;5075;7343;0;0;0;2433600;672469;1;0;0
FR;0;2021-02-15;38082;76765;0;0;0;2471682;749234;1;0;0
FR;0;2021-02-16;50389;100615;0;0;0;2522071;849849;1;0;0
FR;0;2021-02-17;50522;105422;20;0;0;2572593;955271;21;0;0
FR;0;2021-02-18;69784;121502;0;0;0;2642377;1076773;21;0;0
FR;0;2021-02-19;65060;91472;1;0;0;2707437;1168245;22;0;0
FR;0;2021-02-20;18585;28704;0;0;0;2726022;1196949;22;0;0
FR;0;2021-02-21;3316;6258;0;0;0;2729338;1203207;22;0;0
FR;0;2021-02-22;37494;73358;2;0;0;2766832;1276565;24;0;0
FR;0;2021-02-23;53773;84844;1;0;0;2820605;1361409;25;0;0
FR;0;2021-02-24;60003;82167;1;0;0;2880608;1443576;26;0;0
FR;0;2021-02-25;100564;91358;1;0;0;2981172;1534934;27;0;0
FR;0;2021-02-26;113456;70798;1;0;0;3094628;1605732;28;0;0
FR;0;2021-02-27;52097;22288;1;0;0;3146725;1628020;29;0;0
FR;0;2021-02-28;6193;4242;2;0;0;3152918;1632262;31;0;0
FR;0;2021-03-01;65872;53595;1;0;0;3218790;1685857;32;0;0
FR;0;2021-03-02;101369;66898;3;0;0;3320159;1752755;35;0;0
FR;0;2021-03-03;116504;65482;0;0;0;3436663;1818237;35;0;0
FR;0;2021-03-04;163612;71093;3;0;0;3600275;1889330;38;0;0
FR;0;2021-03-05;200915;62923;3;0;0;3801190;1952253;41;0;0
FR;0;2021-03-06;207953;17661;3;0;0;4009143;1969914;44;0;0
FR;0;2021-03-07;121270;4697;1;0;0;4130413;1974611;45;0;0
FR;0;2021-03-08;107133;50105;2;0;0;4237546;2024716;47;0;0
FR;0;2021-03-09;172441;56375;2;0;0;4409987;2081091;49;0;0
FR;0;2021-03-10;178978;57114;5;0;0;4588965;2138205;54;0;0
FR;0;2021-03-11;242873;63704;2;0;0;4831838;2201909;56;0;0
FR;0;2021-03-12;294800;53441;1;0;0;5126638;2255350;57;0;0
FR;0;2021-03-13;231389;15322;1;0;0;5358027;2270672;58;0;0
FR;0;2021-03-14;63346;3224;1;0;0;5421373;2273896;59;0;0
FR;0;2021-03-15;158639;32009;3;0;0;5580012;2305905;62;0;0
FR;0;2021-03-16;141562;39053;6;0;0;5721574;2344958;68;0;0
FR;0;2021-03-17;150471;38022;4;0;0;5872045;2382980;72;0;0
FR;0;2021-03-18;167816;44454;5;0;0;6039861;2427434;77;0;0
FR;0;2021-03-19;229988;37080;2;0;0;6269849;2464514;79;0;0
FR;0;2021-03-20;166665;11511;1;0;0;6436514;2476025;80;0;0
FR;0;2021-03-21;49931;2354;1;0;0;6486445;2478379;81;0;0
FR;0;2021-03-22;170029;33922;2;0;0;6656474;2512301;83;0;0
FR;0;2021-03-23;250365;42356;1;0;0;6906839;2554657;84;0;0
FR;0;2021-03-24;256881;43617;0;0;0;7163720;2598274;84;0;0
FR;0;2021-03-25;341796;44942;5;0;0;7505516;2643216;89;0;0
FR;0;2021-03-26;358789;41907;5;1;0;7864305;2685123;94;1;0
FR;0;2021-03-27;195250;16823;1;0;0;8059555;2701946;95;1;0
FR;0;2021-03-28;59335;4255;3;0;0;8118890;2706201;98;1;0
FR;0;2021-03-29;202957;53780;4;0;0;8321847;2759981;102;1;0
FR;0;2021-03-30;285461;69825;5;0;0;8607308;2829806;107;1;0
FR;0;2021-03-31;263008;73541;4;0;0;8870316;2903347;111;1;0
FR;0;2021-04-01;315445;90668;11;0;0;9185761;2994015;122;1;0
FR;0;2021-04-02;281311;93576;7;0;0;9467072;3087591;129;1;0
FR;0;2021-04-03;141065;62172;5;0;0;9608137;3149763;134;1;0
FR;0;2021-04-04;46525;18837;2;0;0;9654662;3168600;136;1;0
FR;0;2021-04-05;63328;10664;11;0;0;9717990;3179264;147;1;0
FR;0;2021-04-06;217193;110607;17;0;0;9935183;3289871;164;1;0
FR;0;2021-04-07;260234;115258;17;0;0;10195417;3405129;181;1;0
FR;0;2021-04-08;337802;122216;14;0;0;10533219;3527345;195;1;0
FR;0;2021-04-09;410130;116602;49;0;0;10943349;3643947;244;1;0
FR;0;2021-04-10;212610;82715;15;0;0;11155959;3726662;259;1;0
FR;0;2021-04-11;56139;34328;7;0;0;11212098;3760990;266;1;0
FR;0;2021-04-12;237050;115495;46;0;0;11449148;3876485;312;1;0
FR;0;2021-04-13;309464;144326;98;1;0;11758612;4020811;410;2;0
FR;0;2021-04-14;294498;139364;214;0;0;12053110;4160175;624;2;0
FR;0;2021-04-15;337071;149201;338;0;0;12390181;4309376;962;2;0
FR;0;2021-04-16;339264;146257;353;0;0;12729445;4455633;1315;2;0
FR;0;2021-04-17;188645;89957;109;0;0;12918090;4545590;1424;2;0
FR;0;2021-04-18;51613;35381;47;0;0;12969703;4580971;1471;2;0
FR;0;2021-04-19;205669;138170;456;0;0;13175372;4719141;1927;2;0
FR;0;2021-04-20;254392;171204;569;0;0;13429764;4890345;2496;2;0
FR;0;2021-04-21;253231;169374;834;0;0;13682995;5059719;3330;2;0
FR;0;2021-04-22;287533;189233;817;0;0;13970528;5248952;4147;2;0
FR;0;2021-04-23;297850;183760;747;0;0;14268378;5432712;4894;2;0
FR;0;2021-04-24;190440;111709;252;0;0;14458818;5544421;5146;2;0
FR;0;2021-04-25;69550;38775;51;0;0;14528368;5583196;5197;2;0
FR;0;2021-04-26;220933;157042;561;0;0;14749301;5740238;5758;2;0
FR;0;2021-04-27;284583;187543;940;0;0;15033884;5927781;6698;2;0
FR;0;2021-04-28;299479;183682;1423;1;1;15333363;6111463;8121;3;1
FR;0;2021-04-29;357103;197039;1277;0;0;15690466;6308502;9398;3;1
FR;0;2021-04-30;372182;185197;1121;1;0;16062648;6493699;10519;4;1
FR;0;2021-05-01;167627;52492;178;0;0;16230275;6546191;10697;4;1
FR;0;2021-05-02;91728;37776;83;0;0;16322003;6583967;10780;4;1
FR;0;2021-05-03;288897;167428;842;0;0;16610900;6751395;11622;4;1
FR;0;2021-05-04;315646;224762;1232;0;0;16926546;6976157;12854;4;1
FR;0;2021-05-05;327168;225344;1313;0;0;17253714;7201501;14167;4;1
FR;0;2021-05-06;379491;239935;1632;0;0;17633205;7441436;15799;4;1
FR;0;2021-05-07;372725;257773;1222;0;0;18005930;7699209;17021;4;1
FR;0;2021-05-08;222150;68851;299;0;0;18228080;7768060;17320;4;1
FR;0;2021-05-09;129693;45819;243;0;0;18357773;7813879;17563;4;1
FR;0;2021-05-10;313362;229011;1234;0;0;18671135;8042890;18797;4;1
FR;0;2021-05-11;403872;257927;1564;0;0;19075007;8300817;20361;4;1
FR;0;2021-05-12;434083;233304;1542;0;0;19509090;8534121;21903;4;1
FR;0;2021-05-13;338579;56778;430;0;0;19847669;8590899;22333;4;1
FR;0;2021-05-14;454098;167359;1125;0;0;20301767;8758258;23458;4;1
FR;0;2021-05-15;374954;94162;443;0;0;20676721;8852420;23901;4;1
FR;0;2021-05-16;202743;20719;168;0;0;20879464;8873139;24069;4;1
FR;0;2021-05-17;376095;148794;1553;0;0;21255559;9021933;25622;4;1
FR;0;2021-05-18;460112;153451;1988;0;0;21715671;9175384;27610;4;1
FR;0;2021-05-19;467372;143911;2459;0;0;22183043;9319295;30069;4;1
FR;0;2021-05-20;507491;160293;2334;0;0;22690534;9479588;32403;4;1
FR;0;2021-05-21;489636;174690;1992;0;0;23180170;9654278;34395;4;1
FR;0;2021-05-22;347169;79960;668;0;0;23527339;9734238;35063;4;1
FR;0;2021-05-23;161682;14299;246;0;0;23689021;9748537;35309;4;1
FR;0;2021-05-24;263173;33195;603;0;0;23952194;9781732;35912;4;1
FR;0;2021-05-25;400254;189765;2351;1;0;24352448;9971497;38263;5;1
FR;0;2021-05-26;413426;189312;2221;0;0;24765874;10160809;40484;5;1
FR;0;2021-05-27;449770;219171;2160;0;0;25215644;10379980;42644;5;1
FR;0;2021-05-28;429528;259980;1891;0;0;25645172;10639960;44535;5;1
FR;0;2021-05-29;298965;149761;584;0;0;25944137;10789721;45119;5;1
FR;0;2021-05-30;107135;32570;163;0;0;26051272;10822291;45282;5;1
FR;0;2021-05-31;358012;203337;1468;1;1;26409284;11025628;46750;6;2
FR;0;2021-06-01;430966;251335;1961;1;1;26840250;11276963;48711;7;3
FR;0;2021-06-02;420071;231303;1983;0;0;27260321;11508266;50694;7;3
FR;0;2021-06-03;465555;258234;1823;0;0;27725876;11766500;52517;7;3
FR;0;2021-06-04;456122;305087;1730;1;1;28181998;12071587;54247;8;4
FR;0;2021-06-05;304783;189143;652;0;0;28486781;12260730;54899;8;4
FR;0;2021-06-06;133291;49077;226;0;0;28620072;12309807;55125;8;4
FR;0;2021-06-07;339681;261832;1523;0;0;28959753;12571639;56648;8;4
FR;0;2021-06-08;393736;290918;1803;0;0;29353489;12862557;58451;8;4
FR;0;2021-06-09;384784;274872;1729;0;0;29738273;13137429;60180;8;4
FR;0;2021-06-10;404121;288334;1722;1;0;30142394;13425763;61902;9;4
FR;0;2021-06-11;386610;356914;1467;0;0;30529004;13782677;63369;9;4
FR;0;2021-06-12;283237;211108;492;0;0;30812241;13993785;63861;9;4
FR;0;2021-06-13;104877;73914;204;0;0;30917118;14067699;64065;9;4
FR;0;2021-06-14;240804;354927;1426;1;0;31157922;14422626;65491;10;4
FR;0;2021-06-15;308100;385169;1566;1;0;31466022;14807795;67057;11;4
FR;0;2021-06-16;313952;357544;1417;1;0;31779974;15165339;68474;12;4
FR;0;2021-06-17;317643;372668;1426;1;0;32097617;15538007;69900;13;4
FR;0;2021-06-18;321716;442561;1336;1;0;32419333;15980568;71236;14;4
FR;0;2021-06-19;224332;273814;448;0;0;32643665;16254382;71684;14;4
FR;0;2021-06-20;74416;102481;126;0;0;32718081;16356863;71810;14;4
FR;0;2021-06-21;195727;401787;1035;1;1;32913808;16758650;72845;15;5
FR;0;2021-06-22;223163;467398;1264;10;2;33136971;17226048;74109;25;7
FR;0;2021-06-23;234003;439933;1197;1;1;33370974;17665981;75306;26;8
FR;0;2021-06-24;241837;409551;1353;0;0;33612811;18075532;76659;26;8
FR;0;2021-06-25;227616;522511;1400;0;0;33840427;18598043;78059;26;8
FR;0;2021-06-26;153227;370777;586;1;0;33993654;18968820;78645;27;8
FR;0;2021-06-27;55893;156135;168;1;0;34049547;19124955;78813;28;8
FR;0;2021-06-28;154741;452755;1173;0;0;34204288;19577710;79986;28;8
FR;0;2021-06-29;182658;507103;2124;0;0;34386946;20084813;82110;28;8
FR;0;2021-06-30;203971;484490;2011;21;2;34590917;20569303;84121;49;10
FR;0;2021-07-01;231292;457998;2222;5;1;34822209;21027301;86343;54;11
FR;0;2021-07-02;228552;520161;2120;5;2;35050761;21547462;88463;59;13
FR;0;2021-07-03;142031;368720;908;3;1;35192792;21916182;89371;62;14
FR;0;2021-07-04;56717;141165;265;0;0;35249509;22057347;89636;62;14
FR;0;2021-07-05;168460;419136;1668;8;2;35417969;22476483;91304;70;16
FR;0;2021-07-06;196713;474685;1828;45;8;35614682;22951168;93132;115;24
FR;0;2021-07-07;213102;439169;1878;25;5;35827784;23390337;95010;140;29
FR;0;2021-07-08;231595;424138;2089;20;6;36059379;23814475;97099;160;35
FR;0;2021-07-09;228536;510998;2184;4;2;36287915;24325473;99283;164;37
FR;0;2021-07-10;148590;339899;982;1;1;36436505;24665372;100265;165;38
FR;0;2021-07-11;60181;110122;283;0;0;36496686;24775494;100548;165;38
FR;0;2021-07-12;169132;478089;1759;4;0;36665818;25253583;102307;169;38
FR;0;2021-07-13;287215;527192;2045;8;1;36953033;25780775;104352;177;39
FR;0;2021-07-14;181031;157594;434;0;0;37134064;25938369;104786;177;39
FR;0;2021-07-15;347040;502230;2099;1;0;37481104;26440599;106885;178;39
FR;0;2021-07-16;380044;495621;2022;3;1;37861148;26936220;108907;181;40
FR;0;2021-07-17;259705;319722;876;1;0;38120853;27255942;109783;182;40
FR;0;2021-07-18;109690;114694;310;0;0;38230543;27370636;110093;182;40
FR;0;2021-07-19;285423;424666;1629;3;0;38515966;27795302;111722;185;40
FR;0;2021-07-20;376797;452074;1723;0;0;38892763;28247376;113445;185;40
FR;0;2021-07-21;395679;407569;1549;4;2;39288442;28654945;114994;189;42
FR;0;2021-07-22;440958;387869;1715;4;2;39729400;29042814;116709;193;44
FR;0;2021-07-23;440203;422849;1881;4;1;40169603;29465663;118590;197;45
FR;0;2021-07-24;285208;269496;804;1;0;40454811;29735159;119394;198;45
FR;0;2021-07-25;121072;79991;232;0;0;40575883;29815150;119626;198;45
FR;0;2021-07-26;347319;322857;1615;3;2;40923202;30138007;121241;201;47
FR;0;2021-07-27;463972;319979;1696;4;2;41387174;30457986;122937;205;49
FR;0;2021-07-28;459364;289727;1634;4;2;41846538;30747713;124571;209;51
FR;0;2021-07-29;489728;276650;1794;2;1;42336266;31024363;126365;211;52
FR;0;2021-07-30;461707;302711;1940;5;1;42797973;31327074;128305;216;53
FR;0;2021-07-31;285365;185086;914;1;0;43083338;31512160;129219;217;53
FR;0;2021-08-01;111972;49969;252;0;0;43195310;31562129;129471;217;53
FR;0;2021-08-02;341307;234442;1602;2;0;43536617;31796571;131073;219;53
FR;0;2021-08-03;398502;244821;1720;2;1;43935119;32041392;132793;221;54
FR;0;2021-08-04;384735;209941;1592;6;3;44319854;32251333;134385;227;57
FR;0;2021-08-05;366068;228732;1709;0;0;44685922;32480065;136094;227;57
FR;0;2021-08-06;359632;271586;1835;4;1;45045554;32751651;137929;231;58
FR;0;2021-08-07;213075;178368;755;4;3;45258629;32930019;138684;235;61
FR;0;2021-08-08;74155;63234;274;0;0;45332784;32993253;138958;235;61
FR;0;2021-08-09;258655;259235;1546;4;3;45591439;33252488;140504;239;64
FR;0;2021-08-10;306761;277681;1659;2;1;45898200;33530169;142163;241;65
FR;0;2021-08-11;279639;259981;1441;5;1;46177839;33790150;143604;246;66
FR;0;2021-08-12;271471;278461;1662;3;1;46449310;34068611;145266;249;67
FR;0;2021-08-13;252089;278041;1591;3;2;46701399;34346652;146857;252;69
FR;0;2021-08-14;145307;197238;739;0;0;46846706;34543890;147596;252;69
FR;0;2021-08-15;39337;50113;216;1;0;46886043;34594003;147812;253;69
FR;0;2021-08-16;186107;317973;1539;0;0;47072150;34911976;149351;253;69
FR;0;2021-08-17;215612;336317;1636;7;1;47287762;35248293;150987;260;70
FR;0;2021-08-18;198987;324671;1597;7;4;47486749;35572964;152584;267;74
FR;0;2021-08-19;191957;325670;1637;1;0;47678706;35898634;154221;268;74
FR;0;2021-08-20;186397;366423;1817;3;2;47865103;36265057;156038;271;76
FR;0;2021-08-21;104776;238116;704;0;0;47969879;36503173;156742;271;76
FR;0;2021-08-22;31900;87206;255;1;1;48001779;36590379;156997;272;77
FR;0;2021-08-23;140925;357166;1561;3;1;48142704;36947545;158558;275;78
FR;0;2021-08-24;162438;376843;1848;5;1;48305142;37324388;160406;280;79
FR;0;2021-08-25;151092;350849;2033;8;3;48456234;37675237;162439;288;82
FR;0;2021-08-26;142803;342855;2557;10;0;48599037;38018092;164996;298;82
FR;0;2021-08-27;148401;388300;2791;11;3;48747438;38406392;167787;309;85
FR;0;2021-08-28;90638;249595;1404;0;0;48838076;38655987;169191;309;85
FR;0;2021-08-29;27308;83355;518;1;0;48865384;38739342;169709;310;85
FR;0;2021-08-30;117354;324831;4709;6;5983;48982738;39064173;174418;316;6068
FR;0;2021-08-31;128731;334573;10184;19;11838;49111469;39398746;184602;335;17906
FR;0;2021-09-01;135931;285720;22427;7;24368;49247400;39684466;207029;342;42274
FR;0;2021-09-02;113724;247301;26512;20;28933;49361124;39931767;233541;362;71207
FR;0;2021-09-03;118249;292725;29962;24;33012;49479373;40224492;263503;386;104219
FR;0;2021-09-04;89871;217754;12584;12;14100;49569244;40442246;276087;398;118319
FR;0;2021-09-05;21352;44836;4394;2;4724;49590596;40487082;280481;400;123043
FR;0;2021-09-06;75386;180702;31950;16;34279;49665982;40667784;312431;416;157322
FR;0;2021-09-07;80241;181268;33240;43;36210;49746223;40849052;345671;459;193532
FR;0;2021-09-08;90769;206161;29659;28;32515;49836992;41055213;375330;487;226047
FR;0;2021-09-09;76833;165391;33052;27;36564;49913825;41220604;408382;514;262611
FR;0;2021-09-10;95891;203736;35733;27;40585;50009716;41424340;444115;541;303196
FR;0;2021-09-11;67068;169267;12137;20;14363;50076784;41593607;456252;561;317559
FR;0;2021-09-12;12819;32090;2774;1;3173;50089603;41625697;459026;562;320732
FR;0;2021-09-13;64493;126285;41220;34;44131;50154096;41751982;500246;596;364863
FR;0;2021-09-14;73410;129111;56356;79;62185;50227506;41881093;556602;675;427048
FR;0;2021-09-15;76546;167846;55648;58;54818;50304052;42048939;612250;733;481866
FR;0;2021-09-16;63806;114555;60053;84;60058;50367858;42163494;672303;817;541924
FR;0;2021-09-17;75018;156843;53838;71;57274;50442876;42320337;726141;888;599198
FR;0;2021-09-18;48209;139619;15600;25;17301;50491085;42459956;741741;913;616499
FR;0;2021-09-19;7873;23691;2436;1;2618;50498958;42483647;744177;914;619117
FR;0;2021-09-20;44501;93885;50069;72;50315;50543459;42577532;794246;986;669432
FR;0;2021-09-21;45853;98456;62746;76;63415;50589312;42675988;856992;1062;732847
FR;0;2021-09-22;48646;142363;55359;82;55390;50637958;42818351;912351;1144;788237
FR;0;2021-09-23;43222;92058;62376;94;63520;50681180;42910409;974727;1238;851757
FR;0;2021-09-24;52266;133347;54539;107;59145;50733446;43043756;1029266;1345;910902
FR;0;2021-09-25;35203;115603;16268;36;18281;50768649;43159359;1045534;1381;929183
FR;0;2021-09-26;5534;17807;2268;5;2332;50774183;43177166;1047802;1386;931515
FR;0;2021-09-27;33942;76958;47187;97;48152;50808125;43254124;1094989;1483;979667
FR;0;2021-09-28;36483;75276;54949;89;56512;50844608;43329400;1149938;1572;1036179
FR;0;2021-09-29;44363;100809;53337;112;54839;50888971;43430209;1203275;1684;1091018
FR;0;2021-09-30;36298;72921;57031;96;59534;50925269;43503130;1260306;1780;1150552
FR;0;2021-10-01;61666;101846;57794;108;63824;50986935;43604976;1318100;1888;1214376
FR;0;2021-10-02;39448;78414;20956;39;23338;51026383;43683390;1339056;1927;1237714
FR;0;2021-10-03;5282;10505;2528;4;2539;51031665;43693895;1341584;1931;1240253
FR;0;2021-10-04;35117;58534;52614;84;54812;51066782;43752429;1394198;2015;1295065
FR;0;2021-10-05;33822;64352;60994;135;64980;51100604;43816781;1455192;2150;1360045
FR;0;2021-10-06;42669;79321;65728;113;68297;51143273;43896102;1520920;2263;1428342
FR;0;2021-10-07;30499;62219;65409;90;68763;51173772;43958321;1586329;2353;1497105
FR;0;2021-10-08;49289;91873;77740;110;84685;51223061;44050194;1664069;2463;1581790
FR;0;2021-10-09;33645;60937;31535;35;33897;51256706;44111131;1695604;2498;1615687
FR;0;2021-10-10;4694;7446;3190;9;3486;51261400;44118577;1698794;2507;1619173
FR;0;2021-10-11;30680;49901;61035;105;64069;51292080;44168478;1759829;2612;1683242
FR;0;2021-10-12;31566;54442;70594;140;75897;51323646;44222920;1830423;2752;1759139
FR;0;2021-10-13;40081;62824;74413;136;79296;51363727;44285744;1904836;2888;1838435
FR;0;2021-10-14;30292;52886;68740;116;73787;51394019;44338630;1973576;3004;1912222
FR;0;2021-10-15;44844;75289;93231;191;102958;51438863;44413919;2066807;3195;2015180
FR;0;2021-10-16;31297;44108;36688;44;39625;51470160;44458027;2103495;3239;2054805
FR;0;2021-10-17;3836;5253;3592;2;3686;51473996;44463280;2107087;3241;2058491
FR;0;2021-10-18;28725;42447;67483;133;71353;51502721;44505727;2174570;3374;2129844
FR;0;2021-10-19;27140;45474;76395;140;81640;51529861;44551201;2250965;3514;2211484
FR;0;2021-10-20;35270;52480;96930;181;101507;51565131;44603681;2347895;3695;2312991
FR;0;2021-10-21;26051;45196;83946;112;89140;51591182;44648877;2431841;3807;2402131
FR;0;2021-10-22;38335;62463;104882;200;112556;51629517;44711340;2536723;4007;2514687
FR;0;2021-10-23;26992;41230;45448;57;48612;51656509;44752570;2582171;4064;2563299
FR;0;2021-10-24;2915;4794;3680;6;3936;51659424;44757364;2585851;4070;2567235
FR;0;2021-10-25;25999;36296;82321;144;86634;51685423;44793660;2668172;4214;2653869
FR;0;2021-10-26;23708;35061;87232;166;92336;51709131;44828721;2755404;4380;2746205
FR;0;2021-10-27;30062;46400;108989;257;114669;51739193;44875121;2864393;4637;2860874
FR;0;2021-10-28;23574;34974;88686;153;94446;51762767;44910095;2953079;4790;2955320
FR;0;2021-10-29;31557;51491;117304;204;125325;51794324;44961586;3070383;4994;3080645
FR;0;2021-10-30;20546;33222;50338;76;53372;51814870;44994808;3120721;5070;3134017
FR;0;2021-10-31;2485;3742;3587;3;3874;51817355;44998550;3124308;5073;3137891
FR;0;2021-11-01;8374;4856;3210;3;3570;51825729;45003406;3127518;5076;3141461
FR;0;2021-11-02;25643;40121;93562;156;99541;51851372;45043527;3221080;5232;3241002
FR;0;2021-11-03;30038;47979;118871;218;125839;51881410;45091506;3339951;5450;3366841
FR;0;2021-11-04;23758;37535;107542;217;114385;51905168;45129041;3447493;5667;3481226
FR;0;2021-11-05;32337;52989;141626;235;151333;51937505;45182030;3589119;5902;3632559
FR;0;2021-11-06;21512;34590;64868;123;68285;51959017;45216620;3653987;6025;3700844
FR;0;2021-11-07;2391;4199;5187;6;5590;51961408;45220819;3659174;6031;3706434
FR;0;2021-11-08;20571;37812;127180;227;134272;51981979;45258631;3786354;6258;3840706
FR;0;2021-11-09;22379;44803;161669;340;172221;52004358;45303434;3948023;6598;4012927
FR;0;2021-11-10;31547;55085;186983;446;198756;52035905;45358519;4135006;7044;4211683
FR;0;2021-11-11;4566;6751;12953;28;13945;52040471;45365270;4147959;7072;4225628
FR;0;2021-11-12;29058;55159;183761;252;197346;52069529;45420429;4331720;7324;4422974
FR;0;2021-11-13;20336;32694;80688;118;86308;52089865;45453123;4412408;7442;4509282
FR;0;2021-11-14;2351;3908;7170;6;7860;52092216;45457031;4419578;7448;4517142
FR;0;2021-11-15;20460;38725;160829;313;171537;52112676;45495756;4580407;7761;4688679
FR;0;2021-11-16;23588;44010;200380;391;214986;52136264;45539766;4780787;8152;4903665
FR;0;2021-11-17;30479;50421;199830;407;212852;52166743;45590187;4980617;8559;5116517
FR;0;2021-11-18;23414;45328;191644;469;205510;52190157;45635515;5172261;9028;5322027
FR;0;2021-11-19;33659;61418;243191;549;262150;52223816;45696933;5415452;9577;5584177
FR;0;2021-11-20;25395;36723;102143;206;109700;52249211;45733656;5517595;9783;5693877
FR;0;2021-11-21;2632;4533;9648;19;10639;52251843;45738189;5527243;9802;5704516
FR;0;2021-11-22;22776;33334;180351;470;194837;52274619;45771523;5707594;10272;5899353
FR;0;2021-11-23;25635;45651;229347;548;247782;52300254;45817174;5936941;10820;6147135
FR;0;2021-11-24;31786;53803;224777;716;243194;52332040;45870977;6161718;11536;6390329
FR;0;2021-11-25;25475;49191;255898;740;277707;52357515;45920168;6417616;12276;6668036
FR;0;2021-11-26;33226;74940;379451;864;414590;52390741;45995108;6797067;13140;7082626
FR;0;2021-11-27;23420;49720;214887;389;236647;52414161;46044828;7011954;13529;7319273
FR;0;2021-11-28;3502;10551;56747;66;63330;52417663;46055379;7068701;13595;7382603
FR;0;2021-11-29;19403;54220;341441;862;371667;52437066;46109599;7410142;14457;7754270
FR;0;2021-11-30;24739;72131;457353;988;500737;52461805;46181730;7867495;15445;8255007
FR;0;2021-12-01;27260;75918;469068;1158;511312;52489065;46257648;8336563;16603;8766319
FR;0;2021-12-02;22067;71912;527072;1279;574840;52511132;46329560;8863635;17882;9341159
FR;0;2021-12-03;25528;92726;596337;1419;651123;52536660;46422286;9459972;19301;9992282
FR;0;2021-12-04;18309;60554;336203;690;369759;52554969;46482840;9796175;19991;10362041
FR;0;2021-12-05;4149;16222;95768;157;107055;52559118;46499062;9891943;20148;10469096
FR;0;2021-12-06;27189;73067;493105;1174;539895;52586307;46572129;10385048;21322;11008991
FR;0;2021-12-07;23509;91669;645331;1772;706287;52609816;46663798;11030379;23094;11715278
FR;0;2021-12-08;25470;92376;591530;1873;647446;52635286;46756174;11621909;24967;12362724
FR;0;2021-12-09;24040;94315;663057;2180;726340;52659326;46850489;12284966;27147;13089064
FR;0;2021-12-10;28027;111278;736018;2075;806146;52687353;46961767;13020984;29222;13895210
FR;0;2021-12-11;20243;76157;435161;987;480366;52707596;47037924;13456145;30209;14375576
FR;0;2021-12-12;5629;23262;142286;262;159215;52713225;47061186;13598431;30471;14534791
FR;0;2021-12-13;21329;91215;587594;1698;649232;52734554;47152401;14186025;32169;15184023
FR;0;2021-12-14;27863;118735;765479;2652;847474;52762417;47271136;14951504;34821;16031497
FR;0;2021-12-15;28391;114566;694274;2265;769039;52790808;47385702;15645778;37086;16800536
FR;0;2021-12-16;28006;116084;763980;2558;844386;52818814;47501786;16409758;39644;17644922
FR;0;2021-12-17;31613;128833;807823;2709;892039;52850427;47630619;17217581;42353;18536961
FR;0;2021-12-18;24925;81745;469940;1178;522196;52875352;47712364;17687521;43531;19059157
FR;0;2021-12-19;8754;28780;169374;376;191108;52884106;47741144;17856895;43907;19250265
FR;0;2021-12-20;31714;97562;591426;1786;658711;52915820;47838706;18448321;45693;19908976
FR;0;2021-12-21;39387;112378;682365;2389;759542;52955207;47951084;19130686;48082;20668518
FR;0;2021-12-22;39509;99662;575717;2168;642129;52994716;48050746;19706403;50250;21310647
FR;0;2021-12-23;33771;79786;440953;1653;494369;53028487;48130532;20147356;51903;21805016
FR;0;2021-12-24;10679;26164;111005;398;126664;53039166;48156696;20258361;52301;21931680
FR;0;2021-12-25;771;3542;7584;25;9033;53039937;48160238;20265945;52326;21940713
FR;0;2021-12-26;4699;11897;52089;141;60135;53044636;48172135;20318034;52467;22000848
FR;0;2021-12-27;30439;84130;453511;1365;509141;53075075;48256265;20771545;53832;22509989
FR;0;2021-12-28;38344;99116;564126;1769;632223;53113419;48355381;21335671;55601;23142212
FR;0;2021-12-29;39862;88470;501161;1686;560965;53153281;48443851;21836832;57287;23703177
FR;0;2021-12-30;35911;75339;420994;1519;471134;53189192;48519190;22257826;58806;24174311
FR;0;2021-12-31;12043;25188;116852;406;131650;53201235;48544378;22374678;59212;24305961
FR;0;2022-01-01;1461;3217;8510;37;9941;53202696;48547595;22383188;59249;24315902
FR;0;2022-01-02;6091;12992;58411;125;66938;53208787;48560587;22441599;59374;24382840
FR;0;2022-01-03;35377;90257;494780;1593;551633;53244164;48650844;22936379;60967;24934473
FR;0;2022-01-04;41581;111071;641331;2306;714302;53285745;48761915;23577710;63273;25648775
FR;0;2022-01-05;60702;103586;569103;1984;634116;53346447;48865501;24146813;65257;26282891
FR;0;2022-01-06;44201;110401;638932;2695;711414;53390648;48975902;24785745;67952;26994305
FR;0;2022-01-07;50799;123367;710951;2807;790427;53441447;49099269;25496696;70759;27784732
FR;0;2022-01-08;44994;80355;423796;1211;472875;53486441;49179624;25920492;71970;28257607
FR;0;2022-01-09;15597;26662;128554;300;145683;53502038;49206286;26049046;72270;28403290
FR;0;2022-01-10;35300;93190;469249;1810;522711;53537338;49299476;26518295;74080;28926001
FR;0;2022-01-11;41787;100571;548190;2306;608456;53579125;49400047;27066485;76386;29534457
FR;0;2022-01-12;60313;95759;452624;1966;504308;53639438;49495806;27519109;78352;30038765
FR;0;2022-01-13;38173;92563;487309;2084;540999;53677611;49588369;28006418;80436;30579764
FR;0;2022-01-14;42546;103413;568533;2286;628964;53720157;49691782;28574951;82722;31208728
FR;0;2022-01-15;39377;65901;340114;985;377560;53759534;49757683;28915065;83707;31586288
FR;0;2022-01-16;11392;19259;87408;216;99436;53770926;49776942;29002473;83923;31685724
FR;0;2022-01-17;24703;60146;320250;1381;354170;53795629;49837088;29322723;85304;32039894
FR;0;2022-01-18;28246;68749;361035;1799;397524;53823875;49905837;29683758;87103;32437418
FR;0;2022-01-19;43180;67133;281247;1451;311066;53867055;49972970;29965005;88554;32748484
FR;0;2022-01-20;23579;59621;298955;1740;328475;53890634;50032591;30263960;90294;33076959
FR;0;2022-01-21;28174;68825;366326;2087;401162;53918808;50101416;30630286;92381;33478121
FR;0;2022-01-22;27617;47984;218773;839;241751;53946425;50149400;30849059;93220;33719872
FR;0;2022-01-23;6709;13013;48663;172;55178;53953134;50162413;30897722;93392;33775050
FR;0;2022-01-24;16257;47497;217269;1138;239320;53969391;50209910;31114991;94530;34014370
FR;0;2022-01-25;18999;54423;243007;1547;267052;53988390;50264333;31357998;96077;34281422
FR;0;2022-01-26;28139;60381;209247;1297;229415;54016529;50324714;31567245;97374;34510837
FR;0;2022-01-27;16314;46209;207615;1273;225885;54032843;50370923;31774860;98647;34736722
FR;0;2022-01-28;21560;77479;290021;1574;321432;54054403;50448402;32064881;100221;35058154
FR;0;2022-01-29;18410;52832;184106;688;204574;54072813;50501234;32248987;100909;35262728
FR;0;2022-01-30;4468;14515;39134;124;45091;54077281;50515749;32288121;101033;35307819
FR;0;2022-01-31;11246;43844;148176;739;164783;54088527;50559593;32436297;101772;35472602
FR;0;2022-02-01;13344;48323;174092;1142;191386;54101871;50607916;32610389;102914;35663988
FR;0;2022-02-02;20366;66300;171502;1033;190145;54122237;50674216;32781891;103947;35854133
FR;0;2022-02-03;11373;44534;157524;988;173322;54133610;50718750;32939415;104935;36027455
FR;0;2022-02-04;14605;66525;239217;1265;264169;54148215;50785275;33178632;106200;36291624
FR;0;2022-02-05;12887;51496;153532;523;172340;54161102;50836771;33332164;106723;36463964
FR;0;2022-02-06;2712;12202;28877;101;33826;54163814;50848973;33361041;106824;36497790
FR;0;2022-02-07;9510;46740;156843;586;176321;54173324;50895713;33517884;107410;36674111
FR;0;2022-02-08;9687;42970;166580;867;184365;54183011;50938683;33684464;108277;36858476
FR;0;2022-02-09;14282;58144;172319;870;193016;54197293;50996827;33856783;109147;37051492
FR;0;2022-02-10;8518;38781;150197;877;166665;54205811;51035608;34006980;110024;37218157
FR;0;2022-02-11;10842;55607;218459;1100;243047;54216653;51091215;34225439;111124;37461204
FR;0;2022-02-12;8371;40920;134707;461;151728;54225024;51132135;34360146;111585;37612932
FR;0;2022-02-13;1897;8592;26557;85;30915;54226921;51140727;34386703;111670;37643847
FR;0;2022-02-14;6959;35195;148346;482;166340;54233880;51175922;34535049;112152;37810187
FR;0;2022-02-15;6948;35942;146944;751;162520;54240828;51211864;34681993;112903;37972707
FR;0;2022-02-16;9359;42889;132507;719;146722;54250187;51254753;34814500;113622;38119429
FR;0;2022-02-17;5487;24230;87272;585;94837;54255674;51278983;34901772;114207;38214266
FR;0;2022-02-18;6973;33517;119627;804;129291;54262647;51312500;35021399;115011;38343557
FR;0;2022-02-19;5363;24531;70017;370;77323;54268010;51337031;35091416;115381;38420880
FR;0;2022-02-20;1143;4644;12159;39;13934;54269153;51341675;35103575;115420;38434814
FR;0;2022-02-21;4078;17865;61933;351;67161;54273231;51359540;35165508;115771;38501975
FR;0;2022-02-22;4427;18603;60802;575;64435;54277658;51378143;35226310;116346;38566410
FR;0;2022-02-23;6552;27304;66480;591;71880;54284210;51405447;35292790;116937;38638290
FR;0;2022-02-24;3780;15430;50403;517;53225;54287990;51420877;35343193;117454;38691515
FR;0;2022-02-25;5241;23906;76317;803;80043;54293231;51444783;35419510;118257;38771558
FR;0;2022-02-26;3982;17758;47399;358;51464;54297213;51462541;35466909;118615;38823022
FR;0;2022-02-27;876;3000;8026;47;8937;54298089;51465541;35474935;118662;38831959
FR;0;2022-02-28;3089;12493;40464;357;42898;54301178;51478034;35515399;119019;38874857
FR;0;2022-03-01;3665;12479;44169;435;44829;54304843;51490513;35559568;119454;38919686
FR;0;2022-03-02;5227;17690;47111;442;49039;54310070;51508203;35606679;119896;38968725
FR;0;2022-03-03;2742;9254;29863;366;29980;54312812;51517457;35636542;120262;38998705
FR;0;2022-03-04;3201;12342;40281;663;39428;54316013;51529799;35676823;120925;39038133
FR;0;2022-03-05;3063;9249;24943;310;25100;54319076;51539048;35701766;121235;39063233
FR;0;2022-03-06;515;1393;3194;43;3437;54319591;51540441;35704960;121278;39066670
FR;0;2022-03-07;2208;5565;18417;315;17683;54321799;51546006;35723377;121593;39084353
FR;0;2022-03-08;2037;6007;19423;359;17889;54323836;51552013;35742800;121952;39102242
FR;0;2022-03-09;3504;10430;22167;405;21257;54327340;51562443;35764967;122357;39123499
FR;0;2022-03-10;1735;5534;16965;342;15788;54329075;51567977;35781932;122699;39139287
FR;0;2022-03-11;2358;7516;24484;539;22247;54331433;51575493;35806416;123238;39161534
FR;0;2022-03-12;2658;6766;17157;306;16511;54334091;51582259;35823573;123544;39178045
FR;0;2022-03-13;390;785;2318;146;2268;54334481;51583044;35825891;123690;39180313
FR;0;2022-03-14;1493;4229;14958;4407;13812;54335974;51587273;35840849;128097;39194125
FR;0;2022-03-15;1636;4869;16340;7550;14486;54337610;51592142;35857189;135647;39208611
FR;0;2022-03-16;2976;7242;19400;13129;18069;54340586;51599384;35876589;148776;39226680
FR;0;2022-03-17;1403;3880;13119;10841;11964;54341989;51603264;35889708;159617;39238644
FR;0;2022-03-18;2226;5682;19970;18286;18060;54344215;51608946;35909678;177903;39256704
FR;0;2022-03-19;2287;4785;13109;9397;12411;54346502;51613731;35922787;187300;39269115
FR;0;2022-03-20;296;726;1916;1072;1927;54346798;51614457;35924703;188372;39271042
FR;0;2022-03-21;1353;3193;12709;14933;11929;54348151;51617650;35937412;203305;39282971
FR;0;2022-03-22;1470;3697;13780;20522;12537;54349621;51621347;35951192;223827;39295508
FR;0;2022-03-23;2652;6192;17693;23141;17205;54352273;51627539;35968885;246968;39312713
FR;0;2022-03-24;1367;3033;11571;17580;10642;54353640;51630572;35980456;264548;39323355
FR;0;2022-03-25;2054;4954;18529;27751;16860;54355694;51635526;35998985;292299;39340215
FR;0;2022-03-26;2220;4388;12068;12677;11510;54357914;51639914;36011053;304976;39351725
FR;0;2022-03-27;356;686;1893;1480;1926;54358270;51640600;36012946;306456;39353651
FR;0;2022-03-28;1426;3038;11105;17481;10599;54359696;51643638;36024051;323937;39364250
FR;0;2022-03-29;1430;3252;12894;27551;12034;54361126;51646890;36036945;351488;39376284
FR;0;2022-03-30;2830;5419;15656;27365;15053;54363956;51652309;36052601;378853;39391337
FR;0;2022-03-31;1607;3336;12958;24954;12290;54365563;51655645;36065559;403807;39403627
FR;0;2022-04-01;2482;4541;20027;30845;18660;54368045;51660186;36085586;434652;39422287
FR;0;2022-04-02;1514;2621;9043;10106;8701;54369559;51662807;36094629;444758;39430988
FR;0;2022-04-03;284;502;1561;1166;1576;54369843;51663309;36096190;445924;39432564
FR;0;2022-04-04;1658;2719;12321;19077;11513;54371501;51666028;36108511;465001;39444077
FR;0;2022-04-05;1687;3030;14307;34037;13157;54373188;51669058;36122818;499038;39457234
FR;0;2022-04-06;2070;3762;13506;26390;12768;54375258;51672820;36136324;525428;39470002
FR;0;2022-04-07;1453;2990;13638;33704;12847;54376711;51675810;36149962;559132;39482849
FR;0;2022-04-08;2030;4151;19179;43788;17786;54378741;51679961;36169141;602920;39500635
FR;0;2022-04-09;1358;2663;9301;13548;8852;54380099;51682624;36178442;616468;39509487
FR;0;2022-04-10;284;587;1977;1995;1995;54380383;51683211;36180419;618463;39511482
FR;0;2022-04-11;1210;2515;11844;23745;11444;54381593;51685726;36192263;642208;39522926
FR;0;2022-04-12;1607;2838;13969;40719;13340;54383200;51688564;36206232;682927;39536266
FR;0;2022-04-13;1885;3517;13374;33004;12987;54385085;51692081;36219606;715931;39549253
FR;0;2022-04-14;1449;2765;13145;36164;12994;54386534;51694846;36232751;752095;39562247
FR;0;2022-04-15;1816;3391;15580;35454;14841;54388350;51698237;36248331;787549;39577088
FR;0;2022-04-16;1034;1812;6379;8521;6230;54389384;51700049;36254710;796070;39583318
FR;0;2022-04-17;190;320;991;1171;1030;54389574;51700369;36255701;797241;39584348
FR;0;2022-04-18;163;480;2760;1068;2779;54389737;51700849;36258461;798309;39587127
FR;0;2022-04-19;1493;2966;12882;29487;12407;54391230;51703815;36271343;827796;39599534
FR;0;2022-04-20;1946;3394;13265;28954;12941;54393176;51707209;36284608;856750;39612475
FR;0;2022-04-21;1484;2778;12497;34995;12515;54394660;51709987;36297105;891745;39624990
FR;0;2022-04-22;1836;3549;16440;37505;15808;54396496;51713536;36313545;929250;39640798
FR;0;2022-04-23;1136;2042;7378;10650;7229;54397632;51715578;36320923;939900;39648027
FR;0;2022-04-24;248;446;1474;1588;1408;54397880;51716024;36322397;941488;39649435
FR;0;2022-04-25;1269;2474;10670;20939;10472;54399149;51718498;36333067;962427;39659907
FR;0;2022-04-26;1578;2965;13642;38523;13087;54400727;51721463;36346709;1000950;39672994
FR;0;2022-04-27;1928;3028;11503;30897;11564;54402655;51724491;36358212;1031847;39684558
FR;0;2022-04-28;1539;2675;12499;36007;12225;54404194;51727166;36370711;1067854;39696783
FR;0;2022-04-29;1978;3748;15527;37122;14879;54406172;51730914;36386238;1104976;39711662
FR;0;2022-04-30;1200;1808;6913;9693;6742;54407372;51732722;36393151;1114669;39718404
FR;0;2022-05-01;208;314;901;994;897;54407580;51733036;36394052;1115663;39719301
FR;0;2022-05-02;1252;2585;11091;18062;10881;54408832;51735621;36405143;1133725;39730182
FR;0;2022-05-03;1799;3136;13664;34479;13505;54410631;51738757;36418807;1168204;39743687
FR;0;2022-05-04;1838;3129;12124;25506;12237;54412469;51741886;36430931;1193710;39755924
FR;0;2022-05-05;1644;2751;12987;33261;12806;54414113;51744637;36443918;1226971;39768730
FR;0;2022-05-06;2086;3575;15296;36621;14779;54416199;51748212;36459214;1263592;39783509
FR;0;2022-05-07;1189;1763;6447;9595;6434;54417388;51749975;36465661;1273187;39789943
FR;0;2022-05-08;259;393;1169;1532;1228;54417647;51750368;36466830;1274719;39791171
FR;0;2022-05-09;1270;2194;9892;20134;9760;54418917;51752562;36476722;1294853;39800931
FR;0;2022-05-10;1681;2937;13460;38726;13004;54420598;51755499;36490182;1333579;39813935
FR;0;2022-05-11;1945;2794;10685;27783;10592;54422543;51758293;36500867;1361362;39824527
FR;0;2022-05-12;1534;2571;11277;35466;10949;54424077;51760864;36512144;1396828;39835476
FR;0;2022-05-13;1951;3138;13723;37700;13301;54426028;51764002;36525867;1434528;39848777
FR;0;2022-05-14;1135;1604;5930;10765;5788;54427163;51765606;36531797;1445293;39854565
FR;0;2022-05-15;275;444;1272;1431;1347;54427438;51766050;36533069;1446724;39855912
FR;0;2022-05-16;1170;1954;8646;20900;8628;54428608;51768004;36541715;1467624;39864540
FR;0;2022-05-17;1549;2513;11784;37692;11355;54430157;51770517;36553499;1505316;39875895
FR;0;2022-05-18;1771;2555;9636;27002;9617;54431928;51773072;36563135;1532318;39885512
FR;0;2022-05-19;1406;2566;10524;35643;10659;54433334;51775638;36573659;1567961;39896171
FR;0;2022-05-20;1854;3032;13278;39285;12770;54435188;51778670;36586937;1607246;39908941
FR;0;2022-05-21;1152;1685;5648;9892;5520;54436340;51780355;36592585;1617138;39914461
FR;0;2022-05-22;237;330;1019;1427;1007;54436577;51780685;36593604;1618565;39915468
FR;0;2022-05-23;1146;2018;8862;20294;8791;54437723;51782703;36602466;1638859;39924259
FR;0;2022-05-24;1512;2704;11304;38616;11159;54439235;51785407;36613770;1677475;39935418
FR;0;2022-05-25;1790;2753;9315;24727;9435;54441025;51788160;36623085;1702202;39944853
FR;0;2022-05-26;190;345;1647;1152;1655;54441215;51788505;36624732;1703354;39946508
FR;0;2022-05-27;1358;2385;9218;21233;8961;54442573;51790890;36633950;1724587;39955469
FR;0;2022-05-28;661;1243;3903;6776;3954;54443234;51792133;36637853;1731363;39959423
FR;0;2022-05-29;149;311;745;913;764;54443383;51792444;36638598;1732276;39960187
FR;0;2022-05-30;996;1916;6970;19209;6981;54444379;51794360;36645568;1751485;39967168
FR;0;2022-05-31;1474;2414;9771;35499;9603;54445853;51796774;36655339;1786984;39976771
FR;0;2022-06-01;1614;2777;10947;24346;10792;54447467;51799551;36666286;1811330;39987563
FR;0;2022-06-02;1423;2503;11248;35395;10778;54448890;51802054;36677534;1846725;39998341
FR;0;2022-06-03;1623;2994;13326;38660;12695;54450513;51805048;36690860;1885385;40011036
FR;0;2022-06-04;947;1504;5005;9098;5075;54451460;51806552;36695865;1894483;40016111
FR;0;2022-06-05;167;322;870;1101;880;54451627;51806874;36696735;1895584;40016991
FR;0;2022-06-06;187;392;2062;1242;2035;54451814;51807266;36698797;1896826;40019026
FR;0;2022-06-07;1337;2574;9791;35516;9374;54453151;51809840;36708588;1932342;40028400
FR;0;2022-06-08;1516;2605;9115;28652;8945;54454667;51812445;36717703;1960994;40037345
FR;0;2022-06-09;1253;2370;10542;39293;10159;54455920;51814815;36728245;2000287;40047504
FR;0;2022-06-10;1580;2843;13003;44653;12550;54457500;51817658;36741248;2044940;40060054
FR;0;2022-06-11;937;1715;5420;11604;5447;54458437;51819373;36746668;2056544;40065501
FR;0;2022-06-12;188;425;1065;1756;1128;54458625;51819798;36747733;2058300;40066629
FR;0;2022-06-13;1043;1939;7385;23117;7212;54459668;51821737;36755118;2081417;40073841
FR;0;2022-06-14;1283;2410;10382;44782;9736;54460951;51824147;36765500;2126199;40083577
FR;0;2022-06-15;1445;2307;9187;30770;8810;54462396;51826454;36774687;2156969;40092387
FR;0;2022-06-16;1138;1954;9802;39718;9197;54463534;51828408;36784489;2196687;40101584
FR;0;2022-06-17;1439;2776;12404;46505;11823;54464973;51831184;36796893;2243192;40113407
FR;0;2022-06-18;834;1495;4547;11109;4480;54465807;51832679;36801440;2254301;40117887
FR;0;2022-06-19;174;348;1052;1611;1124;54465981;51833027;36802492;2255912;40119011
FR;0;2022-06-20;986;1859;8756;25958;8447;54466967;51834886;36811248;2281870;40127458
FR;0;2022-06-21;1290;2341;10242;49764;9278;54468257;51837227;36821490;2331634;40136736
FR;0;2022-06-22;1349;2409;8818;38853;8286;54469606;51839636;36830308;2370487;40145022
FR;0;2022-06-23;1190;2269;10551;54943;9748;54470796;51841905;36840859;2425430;40154770
FR;0;2022-06-24;1445;2923;13525;68951;12188;54472241;51844828;36854384;2494381;40166958
FR;0;2022-06-25;915;1755;6177;19882;5935;54473156;51846583;36860561;2514263;40172893
FR;0;2022-06-26;223;442;1901;3680;1760;54473379;51847025;36862462;2517943;40174653
FR;0;2022-06-27;1096;1988;10389;48319;9537;54474475;51849013;36872851;2566262;40184190
FR;0;2022-06-28;1433;2766;14558;91115;12983;54475908;51851779;36887409;2657377;40197173
FR;0;2022-06-29;1664;2788;12177;71564;11124;54477572;51854567;36899586;2728941;40208297
FR;0;2022-06-30;1480;2559;14205;94904;12324;54479052;51857126;36913791;2823845;40220621
FR;0;2022-07-01;1854;3307;18926;115501;16405;54480906;51860433;36932717;2939346;40237026
FR;0;2022-07-02;1034;1815;7985;35627;7183;54481940;51862248;36940702;2974973;40244209
FR;0;2022-07-03;286;515;2058;6382;1850;54482226;51862763;36942760;2981355;40246059
FR;0;2022-07-04;1448;2496;13563;78972;11823;54483674;51865259;36956323;3060327;40257882
FR;0;2022-07-05;1646;2953;18058;132516;15256;54485320;51868212;36974381;3192843;40273138
FR;0;2022-07-06;1762;2618;15017;98869;12810;54487082;51870830;36989398;3291712;40285948
FR;0;2022-07-07;1639;2751;17248;125280;14064;54488721;51873581;37006646;3416992;40300012
FR;0;2022-07-08;1819;3068;19908;136241;15949;54490540;51876649;37026554;3553233;40315961
FR;0;2022-07-09;844;1410;7530;37605;6471;54491384;51878059;37034084;3590838;40322432
FR;0;2022-07-10;243;473;2291;6937;2070;54491627;51878532;37036375;3597775;40324502
FR;0;2022-07-11;1350;2303;14270;87549;11895;54492977;51880835;37050645;3685324;40336397
FR;0;2022-07-12;1695;2952;19810;142591;16012;54494672;51883787;37070455;3827915;40352409
FR;0;2022-07-13;1638;2533;14842;93288;12488;54496310;51886320;37085297;3921203;40364897
FR;0;2022-07-14;162;279;1445;5336;1349;54496472;51886599;37086742;3926539;40366246
FR;0;2022-07-15;1390;2383;13888;83355;11441;54497862;51888982;37100630;4009894;40377687
FR;0;2022-07-16;596;1071;5476;24542;4723;54498458;51890053;37106106;4034436;40382410
FR;0;2022-07-17;166;338;1625;4525;1465;54498624;51890391;37107731;4038961;40383875
FR;0;2022-07-18;1025;1988;10591;60429;8798;54499649;51892379;37118322;4099390;40392673
FR;0;2022-07-19;1303;2162;14453;100453;11445;54500952;51894541;37132775;4199843;40404118
