fra;vaccin;jour;n_dose1;n_dose2;n_dose3;n_dose4;n_rappel;n_cum_dose1;n_cum_dose2;n_cum_dose3;n_cum_dose4;n_cum_rappel
FR;1;2020-12-27;609;0;0;0;0;609;0;0;0;0
FR;1;2020-12-28;683;1;0;0;0;1292;1;0;0;0
FR;1;2020-12-29;384;0;0;0;0;1676;1;0;0;0
FR;1;2020-12-30;444;0;0;0;0;2120;1;0;0;0
FR;1;2020-12-31;442;1;0;0;0;2562;2;0;0;0
FR;1;2021-01-01;1158;2;0;0;0;3720;4;0;0;0
FR;1;2021-01-02;364;3;0;0;0;4084;7;0;0;0
FR;1;2021-01-03;404;0;0;0;0;4488;7;0;0;0
FR;1;2021-01-04;2115;4;0;0;0;6603;11;0;0;0
FR;1;2021-01-05;7752;3;0;0;0;14355;14;0;0;0
FR;1;2021-01-06;12456;17;0;0;0;26811;31;0;0;0
FR;1;2021-01-07;29468;17;0;0;0;56279;48;0;0;0
FR;1;2021-01-08;37146;17;0;0;0;93425;65;0;0;0
FR;1;2021-01-09;11212;7;0;0;0;104637;72;0;0;0
FR;1;2021-01-10;6008;7;0;0;0;110645;79;0;0;0
FR;1;2021-01-11;39937;24;0;0;0;150582;103;0;0;0
FR;1;2021-01-12;62143;20;0;0;0;212725;123;0;0;0
FR;1;2021-01-13;65121;44;0;0;0;277846;167;0;0;0
FR;1;2021-01-14;81454;153;0;0;0;359300;320;0;0;0
FR;1;2021-01-15;68612;65;0;0;0;427912;385;0;0;0
FR;1;2021-01-16;19901;72;0;0;0;447813;457;0;0;0
FR;1;2021-01-17;10903;51;0;0;0;458716;508;0;0;0
FR;1;2021-01-18;82832;169;0;0;0;541548;677;0;0;0
FR;1;2021-01-19;125922;189;0;0;0;667470;866;0;0;0
FR;1;2021-01-20;132417;182;0;0;0;799887;1048;0;0;0
FR;1;2021-01-21;153063;175;0;0;0;952950;1223;0;0;0
FR;1;2021-01-22;115948;220;0;0;0;1068898;1443;0;0;0
FR;1;2021-01-23;36608;68;0;0;0;1105506;1511;0;0;0
FR;1;2021-01-24;9583;98;0;0;0;1115089;1609;0;0;0
FR;1;2021-01-25;74426;1344;0;0;0;1189515;2953;0;0;0
FR;1;2021-01-26;96455;3501;1;0;0;1285970;6454;1;0;0
FR;1;2021-01-27;103646;6146;0;0;0;1389616;12600;1;0;0
FR;1;2021-01-28;120605;15668;0;0;0;1510221;28268;1;0;0
FR;1;2021-01-29;88893;18209;0;0;0;1599114;46477;1;0;0
FR;1;2021-01-30;27993;4416;0;0;0;1627107;50893;1;0;0
FR;1;2021-01-31;5189;1819;0;0;0;1632296;52712;1;0;0
FR;1;2021-02-01;49728;22115;0;0;0;1682024;74827;1;0;0
FR;1;2021-02-02;67820;36958;0;0;0;1749844;111785;1;0;0
FR;1;2021-02-03;67086;39055;0;0;0;1816930;150840;1;0;0
FR;1;2021-02-04;77142;53311;0;0;0;1894072;204151;1;0;0
FR;1;2021-02-05;63423;46890;0;0;0;1957495;251041;1;0;0
FR;1;2021-02-06;19425;11093;0;0;0;1976920;262134;1;0;0
FR;1;2021-02-07;3666;5682;0;0;0;1980586;267816;1;0;0
FR;1;2021-02-08;36498;47833;0;0;0;2017084;315649;1;0;0
FR;1;2021-02-09;50804;76356;0;0;0;2067888;392005;1;0;0
FR;1;2021-02-10;52068;81141;0;0;0;2119956;473146;1;0;0
FR;1;2021-02-11;63377;103632;0;0;0;2183333;576778;1;0;0
FR;1;2021-02-12;55865;75080;0;0;0;2239198;651858;1;0;0
FR;1;2021-02-13;15463;19345;0;0;0;2254661;671203;1;0;0
FR;1;2021-02-14;3747;7350;0;0;0;2258408;678553;1;0;0
FR;1;2021-02-15;24153;73645;0;0;0;2282561;752198;1;0;0
FR;1;2021-02-16;32775;96387;0;0;0;2315336;848585;1;0;0
FR;1;2021-02-17;35126;101401;20;0;0;2350462;949986;21;0;0
FR;1;2021-02-18;49444;117153;0;0;0;2399906;1067139;21;0;0
FR;1;2021-02-19;45381;87250;1;0;0;2445287;1154389;22;0;0
FR;1;2021-02-20;13389;27158;0;0;0;2458676;1181547;22;0;0
FR;1;2021-02-21;2460;6079;0;0;0;2461136;1187626;22;0;0
FR;1;2021-02-22;24719;69475;2;0;0;2485855;1257101;24;0;0
FR;1;2021-02-23;37430;81373;1;0;0;2523285;1338474;25;0;0
FR;1;2021-02-24;40699;78946;1;0;0;2563984;1417420;26;0;0
FR;1;2021-02-25;50157;87976;1;0;0;2614141;1505396;27;0;0
FR;1;2021-02-26;47219;67588;1;0;0;2661360;1572984;28;0;0
FR;1;2021-02-27;15677;21211;1;0;0;2677037;1594195;29;0;0
FR;1;2021-02-28;3561;4182;2;0;0;2680598;1598377;31;0;0
FR;1;2021-03-01;40193;50037;1;0;0;2720791;1648414;32;0;0
FR;1;2021-03-02;55980;62264;3;0;0;2776771;1710678;35;0;0
FR;1;2021-03-03;61246;60595;0;0;0;2838017;1771273;35;0;0
FR;1;2021-03-04;72999;67541;3;0;0;2911016;1838814;38;0;0
FR;1;2021-03-05;74768;58744;3;0;0;2985784;1897558;41;0;0
FR;1;2021-03-06;82457;15838;2;0;0;3068241;1913396;43;0;0
FR;1;2021-03-07;63724;4431;1;0;0;3131965;1917827;44;0;0
FR;1;2021-03-08;60173;41512;2;0;0;3192138;1959339;46;0;0
FR;1;2021-03-09;85996;47712;1;0;0;3278134;2007051;47;0;0
FR;1;2021-03-10;90923;47929;5;0;0;3369057;2054980;52;0;0
FR;1;2021-03-11;105082;54504;1;0;0;3474139;2109484;53;0;0
FR;1;2021-03-12;104125;45016;1;0;0;3578264;2154500;54;0;0
FR;1;2021-03-13;89203;12621;1;0;0;3667467;2167121;55;0;0
FR;1;2021-03-14;44458;2781;1;0;0;3711925;2169902;56;0;0
FR;1;2021-03-15;95518;28340;3;0;0;3807443;2198242;59;0;0
FR;1;2021-03-16;123588;34339;5;0;0;3931031;2232581;64;0;0
FR;1;2021-03-17;129311;33784;4;0;0;4060342;2266365;68;0;0
FR;1;2021-03-18;142899;39364;5;0;0;4203241;2305729;73;0;0
FR;1;2021-03-19;136253;32252;2;0;0;4339494;2337981;75;0;0
FR;1;2021-03-20;76008;9850;1;0;0;4415502;2347831;76;0;0
FR;1;2021-03-21;26513;2124;1;0;0;4442015;2349955;77;0;0
FR;1;2021-03-22;114766;30528;2;0;0;4556781;2380483;79;0;0
FR;1;2021-03-23;143039;38080;1;0;0;4699820;2418563;80;0;0
FR;1;2021-03-24;142003;38471;0;0;0;4841823;2457034;80;0;0
FR;1;2021-03-25;165001;39747;4;0;0;5006824;2496781;84;0;0
FR;1;2021-03-26;166395;37492;5;1;0;5173219;2534273;89;1;0
FR;1;2021-03-27;110881;15420;1;0;0;5284100;2549693;90;1;0
FR;1;2021-03-28;42304;4242;3;0;0;5326404;2553935;93;1;0
FR;1;2021-03-29;129820;49272;4;0;0;5456224;2603207;97;1;0
FR;1;2021-03-30;167720;63734;5;0;0;5623944;2666941;102;1;0
FR;1;2021-03-31;170940;67664;4;0;0;5794884;2734605;106;1;0
FR;1;2021-04-01;194822;82804;10;0;0;5989706;2817409;116;1;0
FR;1;2021-04-02;164455;86112;7;0;0;6154161;2903521;123;1;0
FR;1;2021-04-03;88249;58102;6;0;0;6242410;2961623;129;1;0
FR;1;2021-04-04;33650;17729;0;0;0;6276060;2979352;129;1;0
FR;1;2021-04-05;46407;9786;11;0;0;6322467;2989138;140;1;0
FR;1;2021-04-06;160317;104209;17;0;0;6482784;3093347;157;1;0
FR;1;2021-04-07;196988;108074;16;0;0;6679772;3201421;173;1;0
FR;1;2021-04-08;222129;113633;13;0;0;6901901;3315054;186;1;0
FR;1;2021-04-09;214562;107778;21;0;0;7116463;3422832;207;1;0
FR;1;2021-04-10;117179;73211;14;0;0;7233642;3496043;221;1;0
FR;1;2021-04-11;40893;29960;6;0;0;7274535;3526003;227;1;0
FR;1;2021-04-12;168470;104368;46;0;0;7443005;3630371;273;1;0
FR;1;2021-04-13;203805;127901;97;1;0;7646810;3758272;370;2;0
FR;1;2021-04-14;208624;122778;208;0;0;7855434;3881050;578;2;0
FR;1;2021-04-15;221678;127756;312;0;0;8077112;4008806;890;2;0
FR;1;2021-04-16;206064;125424;309;0;0;8283176;4134230;1199;2;0
FR;1;2021-04-17;122086;67168;103;0;0;8405262;4201398;1302;2;0
FR;1;2021-04-18;35964;20966;41;0;0;8441226;4222364;1343;2;0
FR;1;2021-04-19;163749;121604;432;0;0;8604975;4343968;1775;2;0
FR;1;2021-04-20;189427;149343;531;0;0;8794402;4493311;2306;2;0
FR;1;2021-04-21;194001;147251;759;0;0;8988403;4640562;3065;2;0
FR;1;2021-04-22;209035;163872;777;0;0;9197438;4804434;3842;2;0
FR;1;2021-04-23;198955;157534;671;0;0;9396393;4961968;4513;2;0
FR;1;2021-04-24;126333;95663;148;0;0;9522726;5057631;4661;2;0
FR;1;2021-04-25;53628;30035;46;0;0;9576354;5087666;4707;2;0
FR;1;2021-04-26;181143;139360;542;0;0;9757497;5227026;5249;2;0
FR;1;2021-04-27;221366;162265;900;0;0;9978863;5389291;6149;2;0
FR;1;2021-04-28;238296;155651;1314;1;1;10217159;5544942;7463;3;1
FR;1;2021-04-29;270286;161005;1209;0;0;10487445;5705947;8672;3;1
FR;1;2021-04-30;271993;148545;1071;0;0;10759438;5854492;9743;3;1
FR;1;2021-05-01;141150;40590;173;0;0;10900588;5895082;9916;3;1
FR;1;2021-05-02;81550;28149;81;0;0;10982138;5923231;9997;3;1
FR;1;2021-05-03;250785;143894;803;0;0;11232923;6067125;10800;3;1
FR;1;2021-05-04;265878;187436;1200;0;0;11498801;6254561;12000;3;1
FR;1;2021-05-05;283872;185548;1267;0;0;11782673;6440109;13267;3;1
FR;1;2021-05-06;309962;183884;1501;0;0;12092635;6623993;14768;3;1
FR;1;2021-05-07;284094;196079;1126;0;0;12376729;6820072;15894;3;1
FR;1;2021-05-08;191661;50266;285;0;0;12568390;6870338;16179;3;1
FR;1;2021-05-09;114055;35039;236;0;0;12682445;6905377;16415;3;1
FR;1;2021-05-10;258208;194519;1186;0;0;12940653;7099896;17601;3;1
FR;1;2021-05-11;318885;210983;1465;0;0;13259538;7310879;19066;3;1
FR;1;2021-05-12;356627;185852;1399;0;0;13616165;7496731;20465;3;1
FR;1;2021-05-13;283443;47483;401;0;0;13899608;7544214;20866;3;1
FR;1;2021-05-14;370495;128527;994;0;0;14270103;7672741;21860;3;1
FR;1;2021-05-15;298088;66135;403;0;0;14568191;7738876;22263;3;1
FR;1;2021-05-16;157775;15488;158;0;0;14725966;7754364;22421;3;1
FR;1;2021-05-17;318929;116177;1439;0;0;15044895;7870541;23860;3;1
FR;1;2021-05-18;383330;111381;1798;0;0;15428225;7981922;25658;3;1
FR;1;2021-05-19;395265;102057;2182;0;0;15823490;8083979;27840;3;1
FR;1;2021-05-20;421806;95877;2048;0;0;16245296;8179856;29888;3;1
FR;1;2021-05-21;399804;97260;1764;0;0;16645100;8277116;31652;3;1
FR;1;2021-05-22;275688;41911;602;0;0;16920788;8319027;32254;3;1
FR;1;2021-05-23;123013;11038;224;0;0;17043801;8330065;32478;3;1
FR;1;2021-05-24;244010;26251;569;0;0;17287811;8356316;33047;3;1
FR;1;2021-05-25;366222;131561;2111;1;0;17654033;8487877;35158;4;1
FR;1;2021-05-26;380814;126609;1993;0;0;18034847;8614486;37151;4;1
FR;1;2021-05-27;406146;128093;1977;0;0;18440993;8742579;39128;4;1
FR;1;2021-05-28;366028;145422;1700;0;0;18807021;8888001;40828;4;1
FR;1;2021-05-29;253824;80950;527;0;0;19060845;8968951;41355;4;1
FR;1;2021-05-30;100974;22571;157;0;0;19161819;8991522;41512;4;1
FR;1;2021-05-31;314313;148936;1282;1;1;19476132;9140458;42794;5;2
FR;1;2021-06-01;361622;166532;1727;1;1;19837754;9306990;44521;6;3
FR;1;2021-06-02;365383;153771;1796;0;0;20203137;9460761;46317;6;3
FR;1;2021-06-03;391413;147488;1651;0;0;20594550;9608249;47968;6;3
FR;1;2021-06-04;364110;175645;1495;1;1;20958660;9783894;49463;7;4
FR;1;2021-06-05;258509;112698;596;0;0;21217169;9896592;50059;7;4
FR;1;2021-06-06;126807;37539;215;0;0;21343976;9934131;50274;7;4
FR;1;2021-06-07;301111;207809;1365;0;0;21645087;10141940;51639;7;4
FR;1;2021-06-08;330832;220828;1642;0;0;21975919;10362768;53281;7;4
FR;1;2021-06-09;336575;211719;1612;0;0;22312494;10574487;54893;7;4
FR;1;2021-06-10;343888;201255;1612;0;0;22656382;10775742;56505;7;4
FR;1;2021-06-11;311894;234889;1299;1;0;22968276;11010631;57804;8;4
FR;1;2021-06-12;244079;150623;436;0;0;23212355;11161254;58240;8;4
FR;1;2021-06-13;100365;60995;188;0;0;23312720;11222249;58428;8;4
FR;1;2021-06-14;207835;288076;1318;1;0;23520555;11510325;59746;9;4
FR;1;2021-06-15;256851;281634;1395;1;0;23777406;11791959;61141;10;4
FR;1;2021-06-16;273644;270570;1263;1;0;24051050;12062529;62404;11;4
FR;1;2021-06-17;268214;244847;1236;1;0;24319264;12307376;63640;12;4
FR;1;2021-06-18;260595;295455;1153;1;0;24579859;12602831;64793;13;4
FR;1;2021-06-19;193448;209493;388;0;0;24773307;12812324;65181;13;4
FR;1;2021-06-20;69706;89105;120;0;0;24843013;12901429;65301;13;4
FR;1;2021-06-21;172365;319730;933;1;1;25015378;13221159;66234;14;5
FR;1;2021-06-22;185866;347877;1101;10;1;25201244;13569036;67335;24;6
FR;1;2021-06-23;204196;339521;1049;0;0;25405440;13908557;68384;24;6
FR;1;2021-06-24;203526;282039;1174;0;0;25608966;14190596;69558;24;6
FR;1;2021-06-25;182661;371770;1198;0;0;25791627;14562366;70756;24;6
FR;1;2021-06-26;131391;278399;504;0;0;25923018;14840765;71260;24;6
FR;1;2021-06-27;52404;122900;145;0;0;25975422;14963665;71405;24;6
FR;1;2021-06-28;136655;368217;1064;0;0;26112077;15331882;72469;24;6
FR;1;2021-06-29;154886;390929;1848;0;0;26266963;15722811;74317;24;6
FR;1;2021-06-30;180052;381954;1666;4;2;26447015;16104765;75983;28;8
FR;1;2021-07-01;201470;332309;1887;5;1;26648485;16437074;77870;33;9
FR;1;2021-07-02;193883;367468;1765;5;2;26842368;16804542;79635;38;11
FR;1;2021-07-03;124472;280434;704;3;1;26966840;17084976;80339;41;12
FR;1;2021-07-04;53960;113694;244;0;0;27020800;17198670;80583;41;12
FR;1;2021-07-05;153954;355933;1500;8;2;27174754;17554603;82083;49;14
FR;1;2021-07-06;173500;382383;1603;45;8;27348254;17936986;83686;94;22
FR;1;2021-07-07;190825;362500;1657;25;4;27539079;18299486;85343;119;26
FR;1;2021-07-08;201564;323079;1826;20;6;27740643;18622565;87169;139;32
FR;1;2021-07-09;189975;387795;1854;3;2;27930618;19010360;89023;142;34
FR;1;2021-07-10;129949;281161;815;1;1;28060567;19291521;89838;143;35
FR;1;2021-07-11;57674;102528;262;0;0;28118241;19394049;90100;143;35
FR;1;2021-07-12;149909;416935;1583;4;0;28268150;19810984;91683;147;35
FR;1;2021-07-13;234271;439253;1806;8;1;28502421;20250237;93489;155;36
FR;1;2021-07-14;171914;151432;418;0;0;28674335;20401669;93907;155;36
FR;1;2021-07-15;279680;424484;1858;1;0;28954015;20826153;95765;156;36
FR;1;2021-07-16;290431;400884;1711;3;1;29244446;21227037;97476;159;37
FR;1;2021-07-17;217339;282049;755;1;0;29461785;21509086;98231;160;37
FR;1;2021-07-18;102001;107231;288;0;0;29563786;21616317;98519;160;37
FR;1;2021-07-19;238203;378745;1497;3;0;29801989;21995062;100016;163;37
FR;1;2021-07-20;305754;380236;1469;0;0;30107743;22375298;101485;163;37
FR;1;2021-07-21;333267;353017;1412;4;2;30441010;22728315;102897;167;39
FR;1;2021-07-22;364666;318865;1502;3;2;30805676;23047180;104399;170;41
FR;1;2021-07-23;349400;343189;1588;4;1;31155076;23390369;105987;174;42
FR;1;2021-07-24;238958;240824;697;1;0;31394034;23631193;106684;175;42
FR;1;2021-07-25;112798;76023;223;0;0;31506832;23707216;106907;175;42
FR;1;2021-07-26;299137;289612;1495;2;2;31805969;23996828;108402;177;44
FR;1;2021-07-27;385832;268192;1458;4;2;32191801;24265020;109860;181;46
FR;1;2021-07-28;390200;251112;1462;4;2;32582001;24516132;111322;185;48
FR;1;2021-07-29;406133;227895;1540;2;0;32988134;24744027;112862;187;48
FR;1;2021-07-30;370734;246711;1638;4;1;33358868;24990738;114500;191;49
FR;1;2021-07-31;243382;165116;793;1;0;33602250;25155854;115293;192;49
FR;1;2021-08-01;105584;47213;233;0;0;33707834;25203067;115526;192;49
FR;1;2021-08-02;297386;212974;1479;2;0;34005220;25416041;117005;194;49
FR;1;2021-08-03;331328;208873;1557;2;1;34336548;25624914;118562;196;50
FR;1;2021-08-04;328032;184039;1439;5;3;34664580;25808953;120001;201;53
FR;1;2021-08-05;301277;193286;1482;0;0;34965857;26002239;121483;201;53
FR;1;2021-08-06;290978;224284;1560;3;1;35256835;26226523;123043;204;54
FR;1;2021-08-07;182657;158797;654;5;3;35439492;26385320;123697;209;57
FR;1;2021-08-08;68886;59115;252;0;0;35508378;26444435;123949;209;57
FR;1;2021-08-09;222780;235468;1444;4;3;35731158;26679903;125393;213;60
FR;1;2021-08-10;252731;240154;1492;2;1;35983889;26920057;126885;215;61
FR;1;2021-08-11;236227;231976;1271;5;1;36220116;27152033;128156;220;62
FR;1;2021-08-12;220779;239943;1487;3;0;36440895;27391976;129643;223;62
FR;1;2021-08-13;201717;238600;1358;2;2;36642612;27630576;131001;225;64
FR;1;2021-08-14;122857;174062;646;0;0;36765469;27804638;131647;225;64
FR;1;2021-08-15;34700;46126;200;1;0;36800169;27850764;131847;226;64
FR;1;2021-08-16;156960;289550;1423;0;0;36957129;28140314;133270;226;64
FR;1;2021-08-17;171608;291211;1422;5;0;37128737;28431525;134692;231;64
FR;1;2021-08-18;161429;286821;1392;6;3;37290166;28718346;136084;237;67
FR;1;2021-08-19;148945;277554;1403;1;0;37439111;28995900;137487;238;67
FR;1;2021-08-20;140505;309062;1532;2;2;37579616;29304962;139019;240;69
FR;1;2021-08-21;84271;213207;588;0;0;37663887;29518169;139607;240;69
FR;1;2021-08-22;28580;82698;233;0;0;37692467;29600867;139840;240;69
FR;1;2021-08-23;118660;321038;1422;2;1;37811127;29921905;141262;242;70
FR;1;2021-08-24;126657;319755;1603;5;1;37937784;30241660;142865;247;71
FR;1;2021-08-25;121524;306516;1779;8;2;38059308;30548176;144644;255;73
FR;1;2021-08-26;106629;286123;2161;10;0;38165937;30834299;146805;265;73
FR;1;2021-08-27;107654;321666;2301;9;3;38273591;31155965;149106;274;76
FR;1;2021-08-28;71018;220699;1101;0;0;38344609;31376664;150207;274;76
FR;1;2021-08-29;24151;78188;469;1;0;38368760;31454852;150676;275;76
FR;1;2021-08-30;96890;286410;4312;6;5050;38465650;31741262;154988;281;5126
FR;1;2021-08-31;98109;276310;9293;15;10112;38563759;32017572;164281;296;15238
FR;1;2021-09-01;112342;245341;21116;7;22131;38676101;32262913;185397;303;37369
FR;1;2021-09-02;86779;197950;24528;18;25495;38762880;32460863;209925;321;62864
FR;1;2021-09-03;82420;227558;26953;21;28022;38845300;32688421;236878;342;90886
FR;1;2021-09-04;71628;189726;11140;11;11688;38916928;32878147;248018;353;102574
FR;1;2021-09-05;18612;41156;4124;2;4278;38935540;32919303;252142;355;106852
FR;1;2021-09-06;59805;151494;30180;15;31200;38995345;33070797;282322;370;138052
FR;1;2021-09-07;57392;139690;30209;30;31214;39052737;33210487;312531;400;169266
FR;1;2021-09-08;72335;173799;26922;22;27912;39125072;33384286;339453;422;197178
FR;1;2021-09-09;54477;124483;28621;24;29706;39179549;33508769;368074;446;226884
FR;1;2021-09-10;66211;152102;30446;24;31642;39245760;33660871;398520;470;258526
FR;1;2021-09-11;52687;146630;9730;14;10338;39298447;33807501;408250;484;268864
FR;1;2021-09-12;10795;29275;2484;1;2648;39309242;33836776;410734;485;271512
FR;1;2021-09-13;51503;104482;38743;31;40023;39360745;33941258;449477;516;311535
FR;1;2021-09-14;53340;96037;51272;67;53117;39414085;34037295;500749;583;364652
FR;1;2021-09-15;60567;139280;50488;55;47041;39474652;34176575;551237;638;411693
FR;1;2021-09-16;46632;81416;53339;70;49553;39521284;34257991;604576;708;461246
FR;1;2021-09-17;53219;109355;45068;61;42674;39574503;34367346;649644;769;503920
FR;1;2021-09-18;37877;118498;11796;19;11272;39612380;34485844;661440;788;515192
FR;1;2021-09-19;6530;21043;2039;1;1981;39618910;34506887;663479;789;517173
FR;1;2021-09-20;36534;74888;46225;65;44175;39655444;34581775;709704;854;561348
FR;1;2021-09-21;34185;68142;56259;70;52698;39689629;34649917;765963;924;614046
FR;1;2021-09-22;38825;118608;49870;76;46886;39728454;34768525;815833;1000;660932
FR;1;2021-09-23;32022;62914;54497;85;50888;39760476;34831439;870330;1085;711820
FR;1;2021-09-24;36781;90077;43661;89;41923;39797257;34921516;913991;1174;753743
FR;1;2021-09-25;27646;96695;12303;27;12177;39824903;35018211;926294;1201;765920
FR;1;2021-09-26;4378;15194;1773;5;1695;39829281;35033405;928067;1206;767615
FR;1;2021-09-27;27350;60233;42907;89;41622;39856631;35093638;970974;1295;809237
FR;1;2021-09-28;26885;49461;47190;75;44454;39883516;35143099;1018164;1370;853691
FR;1;2021-09-29;35892;80343;47272;87;45577;39919408;35223442;1065436;1457;899268
FR;1;2021-09-30;26050;46887;47521;81;45439;39945458;35270329;1112957;1538;944707
FR;1;2021-10-01;47290;66968;44884;83;44584;39992748;35337297;1157841;1621;989291
FR;1;2021-10-02;32369;62415;16112;32;16317;40025117;35399712;1173953;1653;1005608
FR;1;2021-10-03;4340;8564;2038;3;2032;40029457;35408276;1175991;1656;1007640
FR;1;2021-10-04;28932;44444;47098;79;46951;40058389;35452720;1223089;1735;1054591
FR;1;2021-10-05;24533;41662;49879;116;49305;40082922;35494382;1272968;1851;1103896
FR;1;2021-10-06;34629;61410;57494;102;57219;40117551;35555792;1330462;1953;1161115
FR;1;2021-10-07;21041;39904;53038;75;51959;40138592;35595696;1383500;2028;1213074
FR;1;2021-10-08;35644;59660;60392;83;61128;40174236;35655356;1443892;2111;1274202
FR;1;2021-10-09;27449;48017;25494;29;26014;40201685;35703373;1469386;2140;1300216
FR;1;2021-10-10;3713;5811;2753;7;2860;40205398;35709184;1472139;2147;1303076
FR;1;2021-10-11;24821;38241;54581;88;55245;40230219;35747425;1526720;2235;1358321
FR;1;2021-10-12;23335;36599;58065;127;59185;40253554;35784024;1584785;2362;1417506
FR;1;2021-10-13;32917;47847;64166;124;65673;40286471;35831871;1648951;2486;1483179
FR;1;2021-10-14;21671;34805;53757;103;54344;40308142;35866676;1702708;2589;1537523
FR;1;2021-10-15;32701;48807;72324;165;74989;40340843;35915483;1775032;2754;1612512
FR;1;2021-10-16;25986;35303;34865;44;36407;40366829;35950786;1809897;2798;1648919
FR;1;2021-10-17;3108;4051;3411;2;3314;40369937;35954837;1813308;2800;1652233
FR;1;2021-10-18;24192;34898;66826;131;69696;40394129;35989735;1880134;2931;1721929
FR;1;2021-10-19;20684;35595;75653;135;79548;40414813;36025330;1955787;3066;1801477
FR;1;2021-10-20;29878;44240;96172;178;99835;40444691;36069570;2051959;3244;1901312
FR;1;2021-10-21;19776;35073;83171;107;87017;40464467;36104643;2135130;3351;1988329
FR;1;2021-10-22;29723;47788;103733;196;109672;40494190;36152431;2238863;3547;2098001
FR;1;2021-10-23;23028;35150;44867;57;47375;40517218;36187581;2283730;3604;2145376
FR;1;2021-10-24;2381;3845;3582;6;3724;40519599;36191426;2287312;3610;2149100
FR;1;2021-10-25;22461;30765;82016;143;85804;40542060;36222191;2369328;3753;2234904
FR;1;2021-10-26;19328;27677;86100;162;90317;40561388;36249868;2455428;3915;2325221
FR;1;2021-10-27;26192;39648;107802;252;112690;40587580;36289516;2563230;4167;2437911
FR;1;2021-10-28;18780;27146;86945;150;91680;40606360;36316662;2650175;4317;2529591
FR;1;2021-10-29;25926;40285;114821;201;121616;40632286;36356947;2764996;4518;2651207
FR;1;2021-10-30;17696;28729;49360;74;51945;40649982;36385676;2814356;4592;2703152
FR;1;2021-10-31;2060;3175;3448;2;3684;40652042;36388851;2817804;4594;2706836
FR;1;2021-11-01;7962;4271;3027;3;3286;40660004;36393122;2820831;4597;2710122
FR;1;2021-11-02;22871;33243;92391;156;97796;40682875;36426365;2913222;4753;2807918
FR;1;2021-11-03;26603;41609;117488;215;123857;40709478;36467974;3030710;4968;2931775
FR;1;2021-11-04;19595;30344;105799;213;111924;40729073;36498318;3136509;5181;3043699
FR;1;2021-11-05;27007;42354;138768;229;147418;40756080;36540672;3275277;5410;3191117
FR;1;2021-11-06;18844;29830;63479;123;66482;40774924;36570502;3338756;5533;3257599
FR;1;2021-11-07;1808;3290;4973;6;5301;40776732;36573792;3343729;5539;3262900
FR;1;2021-11-08;17844;32284;125991;224;132613;40794576;36606076;3469720;5763;3395513
FR;1;2021-11-09;19484;37676;159286;334;169066;40814060;36643752;3629006;6097;3564579
FR;1;2021-11-10;28866;49172;181888;440;192494;40842926;36692924;3810894;6537;3757073
FR;1;2021-11-11;4169;5950;12224;26;13019;40847095;36698874;3823118;6563;3770092
FR;1;2021-11-12;26000;46903;174802;244;186468;40873095;36745777;3997920;6807;3956560
FR;1;2021-11-13;18728;29180;76824;111;81761;40891823;36774957;4074744;6918;4038321
FR;1;2021-11-14;2042;3264;6819;5;7359;40893865;36778221;4081563;6923;4045680
FR;1;2021-11-15;18755;34824;156404;304;166217;40912620;36813045;4237967;7227;4211897
FR;1;2021-11-16;21346;37941;192109;378;204967;40933966;36850986;4430076;7605;4416864
FR;1;2021-11-17;28645;45631;193212;398;205006;40962611;36896617;4623288;8003;4621870
FR;1;2021-11-18;21129;39498;182478;458;194520;40983740;36936115;4805766;8461;4816390
FR;1;2021-11-19;30874;53422;230227;531;246689;41014614;36989537;5035993;8992;5063079
FR;1;2021-11-20;23756;33254;96979;201;103610;41038370;37022791;5132972;9193;5166689
FR;1;2021-11-21;2327;3942;9110;19;9944;41040697;37026733;5142082;9212;5176633
FR;1;2021-11-22;21408;30428;175882;465;189417;41062105;37057161;5317964;9677;5366050
FR;1;2021-11-23;24010;41084;221173;540;237905;41086115;37098245;5539137;10217;5603955
FR;1;2021-11-24;30284;49767;217330;701;234483;41116399;37148012;5756467;10918;5838438
FR;1;2021-11-25;23716;44096;244456;718;264104;41140115;37192108;6000923;11636;6102542
FR;1;2021-11-26;30621;66764;356789;834;388515;41170736;37258872;6357712;12470;6491057
FR;1;2021-11-27;21944;45370;202609;371;222613;41192680;37304242;6560321;12841;6713670
FR;1;2021-11-28;3164;9617;54782;63;61017;41195844;37313859;6615103;12904;6774687
FR;1;2021-11-29;17876;49557;326358;840;354420;41213720;37363416;6941461;13744;7129107
FR;1;2021-11-30;22784;64956;431117;952;470738;41236504;37428372;7372578;14696;7599845
FR;1;2021-12-01;25330;69320;442859;1129;481717;41261834;37497692;7815437;15825;8081562
FR;1;2021-12-02;20064;64580;489355;1228;532853;41281898;37562272;8304792;17053;8614415
FR;1;2021-12-03;22894;82614;542739;1309;591769;41304792;37644886;8847531;18362;9206184
FR;1;2021-12-04;16392;53951;299074;652;328919;41321184;37698837;9146605;19014;9535103
FR;1;2021-12-05;3633;13871;81521;143;91051;41324817;37712708;9228126;19157;9626154
FR;1;2021-12-06;25833;62682;415415;1065;455149;41350650;37775390;9643541;20222;10081303
FR;1;2021-12-07;19997;75660;522944;1535;572535;41370647;37851050;10166485;21757;10653838
FR;1;2021-12-08;21694;75784;458368;1544;502079;41392341;37926834;10624853;23301;11155917
FR;1;2021-12-09;19443;74062;492887;1625;540788;41411784;38000896;11117740;24926;11696705
FR;1;2021-12-10;23303;87759;547364;1585;599989;41435087;38088655;11665104;26511;12296694
FR;1;2021-12-11;16533;59243;302727;748;335467;41451620;38147898;11967831;27259;12632161
FR;1;2021-12-12;4363;15970;83208;179;94054;41455983;38163868;12051039;27438;12726215
FR;1;2021-12-13;15749;63709;366946;1094;406257;41471732;38227577;12417985;28532;13132472
FR;1;2021-12-14;20853;80387;464700;1745;515159;41492585;38307964;12882685;30277;13647631
FR;1;2021-12-15;21602;77559;409050;1309;453125;41514187;38385523;13291735;31586;14100756
FR;1;2021-12-16;20037;77370;451826;1578;500588;41534224;38462893;13743561;33164;14601344
FR;1;2021-12-17;22609;86688;479900;1733;530961;41556833;38549581;14223461;34897;15132305
FR;1;2021-12-18;17598;54704;257603;730;288504;41574431;38604285;14481064;35627;15420809
FR;1;2021-12-19;5550;17036;79168;194;90710;41579981;38621321;14560232;35821;15511519
FR;1;2021-12-20;20930;63172;316213;1080;355289;41600911;38684493;14876445;36901;15866808
FR;1;2021-12-21;26325;73138;372718;1423;418061;41627236;38757631;15249163;38324;16284869
FR;1;2021-12-22;24976;65951;310608;1216;349593;41652212;38823582;15559771;39540;16634462
FR;1;2021-12-23;21267;52333;241473;956;273030;41673479;38875915;15801244;40496;16907492
FR;1;2021-12-24;7121;18357;67151;258;77067;41680600;38894272;15868395;40754;16984559
FR;1;2021-12-25;506;2871;5584;15;6538;41681106;38897143;15873979;40769;16991097
FR;1;2021-12-26;2748;7591;26934;71;31456;41683854;38904734;15900913;40840;17022553
FR;1;2021-12-27;18303;53597;235101;705;265753;41702157;38958331;16136014;41545;17288306
FR;1;2021-12-28;23294;62060;292021;1026;330210;41725451;39020391;16428035;42571;17618516
FR;1;2021-12-29;22214;55567;254981;920;288200;41747665;39075958;16683016;43491;17906716
FR;1;2021-12-30;21239;46576;212151;858;239627;41768904;39122534;16895167;44349;18146343
FR;1;2021-12-31;7463;16606;61863;229;70406;41776367;39139140;16957030;44578;18216749
FR;1;2022-01-01;1083;2482;5656;30;6577;41777450;39141622;16962686;44608;18223326
FR;1;2022-01-02;3060;8055;28888;50;33525;41780510;39149677;16991574;44658;18256851
FR;1;2022-01-03;23864;54270;228223;785;257687;41804374;39203947;17219797;45443;18514538
FR;1;2022-01-04;25995;65073;299240;1238;337280;41830369;39269020;17519037;46681;18851818
FR;1;2022-01-05;30400;64332;274861;1096;310225;41860769;39333352;17793898;47777;19162043
FR;1;2022-01-06;26796;66262;306873;1398;346518;41887565;39399614;18100771;49175;19508561
FR;1;2022-01-07;31553;75064;349826;1538;393972;41919118;39474678;18450597;50713;19902533
FR;1;2022-01-08;23383;51389;222482;698;251107;41942501;39526067;18673079;51411;20153640
FR;1;2022-01-09;7082;17142;66023;163;76142;41949583;39543209;18739102;51574;20229782
FR;1;2022-01-10;21742;60733;236783;954;267621;41971325;39603942;18975885;52528;20497403
FR;1;2022-01-11;26752;63516;282272;1277;317810;41998077;39667458;19258157;53805;20815213
FR;1;2022-01-12;28912;62530;246243;1104;278022;42026989;39729988;19504400;54909;21093235
FR;1;2022-01-13;24730;60245;262785;1253;296126;42051719;39790233;19767185;56162;21389361
FR;1;2022-01-14;27952;66766;313990;1366;351260;42079671;39856999;20081175;57528;21740621
FR;1;2022-01-15;19335;44410;199303;619;223858;42099006;39901409;20280478;58147;21964479
FR;1;2022-01-16;5149;12976;51522;135;59564;42104155;39914385;20332000;58282;22024043
FR;1;2022-01-17;16845;39761;184817;780;206844;42121000;39954146;20516817;59062;22230887
FR;1;2022-01-18;19438;46016;212406;1154;237036;42140438;40000162;20729223;60216;22467923
FR;1;2022-01-19;20296;44008;176095;897;197190;42160734;40044170;20905318;61113;22665113
FR;1;2022-01-20;16826;40631;183668;1137;204740;42177560;40084801;21088986;62250;22869853
FR;1;2022-01-21;19900;47105;228942;1405;253344;42197460;40131906;21317928;63655;23123197
FR;1;2022-01-22;13839;33357;144491;578;161386;42211299;40165263;21462419;64233;23284583
FR;1;2022-01-23;3349;8773;33423;132;38320;42214648;40174036;21495842;64365;23322903
FR;1;2022-01-24;11796;32998;142195;709;158243;42226444;40207034;21638037;65074;23481146
FR;1;2022-01-25;14201;38233;163384;1048;181550;42240645;40245267;21801421;66122;23662696
FR;1;2022-01-26;14859;37671;150245;932;166341;42255504;40282938;21951666;67054;23829037
FR;1;2022-01-27;12333;33250;143448;886;157975;42267837;40316188;22095114;67940;23987012
FR;1;2022-01-28;16317;56358;198306;1144;222423;42284154;40372546;22293420;69084;24209435
FR;1;2022-01-29;10266;35442;135201;524;151548;42294420;40407988;22428621;69608;24360983
FR;1;2022-01-30;2479;9265;29681;86;34467;42296899;40417253;22458302;69694;24395450
FR;1;2022-01-31;8755;32517;104336;533;117391;42305654;40449770;22562638;70227;24512841
FR;1;2022-02-01;10884;36514;127067;863;141265;42316538;40486284;22689705;71090;24654106
FR;1;2022-02-02;11910;41639;130342;782;145858;42328448;40527923;22820047;71872;24799964
FR;1;2022-02-03;9224;34022;117004;784;130357;42337672;40561945;22937051;72656;24930321
FR;1;2022-02-04;11516;48210;172576;967;192780;42349188;40610155;23109627;73623;25123101
FR;1;2022-02-05;7993;33958;117576;391;133051;42357181;40644113;23227203;74014;25256152
FR;1;2022-02-06;1704;8012;22750;85;26913;42358885;40652125;23249953;74099;25283065
FR;1;2022-02-07;7298;35446;119078;457;134971;42366183;40687571;23369031;74556;25418036
FR;1;2022-02-08;7738;31927;125637;693;140625;42373921;40719498;23494668;75249;25558661
FR;1;2022-02-09;8628;36513;135244;696;152489;42382549;40756011;23629912;75945;25711150
FR;1;2022-02-10;6985;29986;116364;674;130148;42389534;40785997;23746276;76619;25841298
FR;1;2022-02-11;8653;41526;165134;877;185357;42398187;40827523;23911410;77496;26026655
FR;1;2022-02-12;5319;27601;106699;378;120884;42403506;40855124;24018109;77874;26147539
FR;1;2022-02-13;1229;5715;21716;65;25331;42404735;40860839;24039825;77939;26172870
FR;1;2022-02-14;5449;27206;118072;391;133098;42410184;40888045;24157897;78330;26305968
FR;1;2022-02-15;5772;28845;118912;610;132543;42415956;40916890;24276809;78940;26438511
FR;1;2022-02-16;5745;28466;110414;596;123046;42421701;40945356;24387223;79536;26561557
FR;1;2022-02-17;4608;19713;73133;487;80237;42426309;40965069;24460356;80023;26641794
FR;1;2022-02-18;5604;26765;99190;670;108149;42431913;40991834;24559546;80693;26749943
FR;1;2022-02-19;3550;17171;59473;304;66054;42435463;41009005;24619019;80997;26815997
FR;1;2022-02-20;788;3252;10705;36;12332;42436251;41012257;24629724;81033;26828329
FR;1;2022-02-21;3421;14585;52821;286;57669;42439672;41026842;24682545;81319;26885998
FR;1;2022-02-22;3788;15525;51900;500;55636;42443460;41042367;24734445;81819;26941634
FR;1;2022-02-23;4228;17806;57467;508;62568;42447688;41060173;24791912;82327;27004202
FR;1;2022-02-24;3340;13047;43612;435;46401;42451028;41073220;24835524;82762;27050603
FR;1;2022-02-25;4470;19830;64913;695;68785;42455498;41093050;24900437;83457;27119388
FR;1;2022-02-26;2692;12798;41365;310;45118;42458190;41105848;24941802;83767;27164506
FR;1;2022-02-27;644;2186;7126;42;7991;42458834;41108034;24948928;83809;27172497
FR;1;2022-02-28;2613;10456;34947;305;37373;42461447;41118490;24983875;84114;27209870
FR;1;2022-03-01;3450;10735;38693;390;39648;42464897;41129225;25022568;84504;27249518
FR;1;2022-03-02;3641;12166;41844;397;43912;42468538;41141391;25064412;84901;27293430
FR;1;2022-03-03;2446;7958;26175;326;26512;42470984;41149349;25090587;85227;27319942
FR;1;2022-03-04;2683;10425;35422;590;34915;42473667;41159774;25126009;85817;27354857
FR;1;2022-03-05;1819;6356;21962;278;22358;42475486;41166130;25147971;86095;27377215
FR;1;2022-03-06;358;952;2916;38;3119;42475844;41167082;25150887;86133;27380334
FR;1;2022-03-07;1724;4704;16430;245;15896;42477568;41171786;25167317;86378;27396230
FR;1;2022-03-08;1660;5247;17162;307;15989;42479228;41177033;25184479;86685;27412219
FR;1;2022-03-09;1966;6672;19804;368;19162;42481194;41183705;25204283;87053;27431381
FR;1;2022-03-10;1386;4842;15273;307;14311;42482580;41188547;25219556;87360;27445692
FR;1;2022-03-11;1750;6392;21699;482;19851;42484330;41194939;25241255;87842;27465543
FR;1;2022-03-12;1234;4649;15358;280;14908;42485564;41199588;25256613;88122;27480451
FR;1;2022-03-13;244;609;2119;118;2064;42485808;41200197;25258732;88240;27482515
FR;1;2022-03-14;1138;3670;13398;3878;12520;42486946;41203867;25272130;92118;27495035
FR;1;2022-03-15;1382;5726;14648;6862;13244;42488328;41209593;25286778;98980;27508279
FR;1;2022-03-16;1677;5053;17391;11517;16452;42490005;41214646;25304169;110497;27524731
FR;1;2022-03-17;1165;3429;11718;9646;10816;42491170;41218075;25315887;120143;27535547
FR;1;2022-03-18;1724;4921;17957;16493;16393;42492894;41222996;25333844;136636;27551940
FR;1;2022-03-19;1121;3296;11889;8455;11357;42494015;41226292;25345733;145091;27563297
FR;1;2022-03-20;224;557;1724;1014;1758;42494239;41226849;25347457;146105;27565055
FR;1;2022-03-21;1085;2756;11493;13448;10840;42495324;41229605;25358950;159553;27575895
FR;1;2022-03-22;1225;3205;12251;18691;11241;42496549;41232810;25371201;178244;27587136
FR;1;2022-03-23;1499;4315;16019;20109;15699;42498048;41237125;25387220;198353;27602835
FR;1;2022-03-24;1111;2741;10389;16047;9651;42499159;41239866;25397609;214400;27612486
FR;1;2022-03-25;1531;4337;16727;25297;15378;42500690;41244203;25414336;239697;27627864
FR;1;2022-03-26;1104;3010;10852;11449;10513;42501794;41247213;25425188;251146;27638377
FR;1;2022-03-27;232;543;1748;1381;1801;42502026;41247756;25426936;252527;27640178
FR;1;2022-03-28;1079;2479;9969;15883;9593;42503105;41250235;25436905;268410;27649771
FR;1;2022-03-29;1139;2736;11549;25081;10912;42504244;41252971;25448454;293491;27660683
FR;1;2022-03-30;1625;3554;14163;24170;13694;42505869;41256525;25462617;317661;27674377
FR;1;2022-03-31;1277;3007;11685;22630;11193;42507146;41259532;25474302;340291;27685570
FR;1;2022-04-01;2225;4011;18454;28503;17325;42509371;41263543;25492756;368794;27702895
FR;1;2022-04-02;906;1871;8189;9219;7935;42510277;41265414;25500945;378013;27710830
FR;1;2022-04-03;200;372;1432;1054;1433;42510477;41265786;25502377;379067;27712263
FR;1;2022-04-04;1665;2443;11362;17657;10748;42512142;41268229;25513739;396724;27723011
FR;1;2022-04-05;1462;2672;12993;31171;12017;42513604;41270901;25526732;427895;27735028
FR;1;2022-04-06;1486;2942;12189;23910;11620;42515090;41273843;25538921;451805;27746648
FR;1;2022-04-07;1250;2690;12333;31042;11799;42516340;41276533;25551254;482847;27758447
FR;1;2022-04-08;1604;3599;17548;40573;16455;42517944;41280132;25568802;523420;27774902
FR;1;2022-04-09;817;1988;8401;12493;8099;42518761;41282120;25577203;535913;27783001
FR;1;2022-04-10;195;505;1834;1849;1877;42518956;41282625;25579037;537762;27784878
FR;1;2022-04-11;1042;2229;10959;22311;10668;42519998;41284854;25589996;560073;27795546
FR;1;2022-04-12;1294;2610;12813;38093;12299;42521292;41287464;25602809;598166;27807845
FR;1;2022-04-13;1249;2820;12264;30587;11995;42522541;41290284;25615073;628753;27819840
FR;1;2022-04-14;1219;2498;12080;33561;12083;42523760;41292782;25627153;662314;27831923
FR;1;2022-04-15;1479;2925;14387;33190;13762;42525239;41295707;25641540;695504;27845685
FR;1;2022-04-16;658;1394;5840;7983;5764;42525897;41297101;25647380;703487;27851449
FR;1;2022-04-17;153;274;929;1119;971;42526050;41297375;25648309;704606;27852420
FR;1;2022-04-18;162;461;2632;999;2655;42526212;41297836;25650941;705605;27855075
FR;1;2022-04-19;1234;2581;11773;27889;11504;42527446;41300417;25662714;733494;27866579
FR;1;2022-04-20;1330;2621;12163;26818;12005;42528776;41303038;25674877;760312;27878584
FR;1;2022-04-21;1235;2446;11525;33134;11697;42530011;41305484;25686402;793446;27890281
FR;1;2022-04-22;1509;3063;15194;35468;14777;42531520;41308547;25701596;828914;27905058
FR;1;2022-04-23;760;1567;6730;9889;6635;42532280;41310114;25708326;838803;27911693
FR;1;2022-04-24;196;361;1373;1520;1326;42532476;41310475;25709699;840323;27913019
FR;1;2022-04-25;1035;2118;9851;19686;9750;42533511;41312593;25719550;860009;27922769
FR;1;2022-04-26;1339;2614;12589;36538;12196;42534850;41315207;25732139;896547;27934965
FR;1;2022-04-27;1322;2394;10640;29157;10778;42536172;41317601;25742779;925704;27945743
FR;1;2022-04-28;1276;2375;11555;34199;11395;42537448;41319976;25754334;959903;27957138
FR;1;2022-04-29;1607;3546;14392;35492;13831;42539055;41323522;25768726;995395;27970969
FR;1;2022-04-30;827;1531;6446;9162;6288;42539882;41325053;25775172;1004557;27977257
FR;1;2022-05-01;176;281;827;947;821;42540058;41325334;25775999;1005504;27978078
FR;1;2022-05-02;1437;2528;10369;16902;10273;42541495;41327862;25786368;1022406;27988351
FR;1;2022-05-03;1500;2817;12694;32819;12586;42542995;41330679;25799062;1055225;28000937
FR;1;2022-05-04;1340;2698;11215;23789;11369;42544335;41333377;25810277;1079014;28012306
FR;1;2022-05-05;1452;2565;12161;31735;12087;42545787;41335942;25822438;1110749;28024393
FR;1;2022-05-06;1806;3219;14209;34853;13776;42547593;41339161;25836647;1145602;28038169
FR;1;2022-05-07;851;1458;5973;9089;6005;42548444;41340619;25842620;1154691;28044174
FR;1;2022-05-08;189;326;1059;1470;1121;42548633;41340945;25843679;1156161;28045295
FR;1;2022-05-09;1094;1990;9237;19246;9151;42549727;41342935;25852916;1175407;28054446
FR;1;2022-05-10;1454;2742;12591;36996;12187;42551181;41345677;25865507;1212403;28066633
FR;1;2022-05-11;1424;2410;9894;25985;9837;42552605;41348087;25875401;1238388;28076470
FR;1;2022-05-12;1302;2382;10491;33492;10178;42553907;41350469;25885892;1271880;28086648
FR;1;2022-05-13;1594;2774;12748;35700;12392;42555501;41353243;25898640;1307580;28099040
FR;1;2022-05-14;777;1300;5477;10210;5359;42556278;41354543;25904117;1317790;28104399
FR;1;2022-05-15;220;400;1181;1347;1245;42556498;41354943;25905298;1319137;28105644
FR;1;2022-05-16;963;1744;8063;20061;8115;42557461;41356687;25913361;1339198;28113759
FR;1;2022-05-17;1278;2260;11112;36143;10717;42558739;41358947;25924473;1375341;28124476
FR;1;2022-05-18;1296;2102;9028;25689;8978;42560035;41361049;25933501;1401030;28133454
FR;1;2022-05-19;1184;2377;9829;33892;9925;42561219;41363426;25943330;1434922;28143379
FR;1;2022-05-20;1557;2737;12512;37622;12096;42562776;41366163;25955842;1472544;28155475
FR;1;2022-05-21;774;1365;5244;9373;5163;42563550;41367528;25961086;1481917;28160638
FR;1;2022-05-22;190;286;948;1392;948;42563740;41367814;25962034;1483309;28161586
FR;1;2022-05-23;959;1843;8366;19403;8331;42564699;41369657;25970400;1502712;28169917
FR;1;2022-05-24;1277;2428;10711;37178;10554;42565976;41372085;25981111;1539890;28180471
FR;1;2022-05-25;1263;2267;8789;23653;8946;42567239;41374352;25989900;1563543;28189417
FR;1;2022-05-26;162;353;1575;1146;1567;42567401;41374705;25991475;1564689;28190984
FR;1;2022-05-27;1100;2160;8774;20431;8524;42568501;41376865;26000249;1585120;28199508
FR;1;2022-05-28;481;1038;3683;6529;3721;42568982;41377903;26003932;1591649;28203229
FR;1;2022-05-29;119;256;706;890;717;42569101;41378159;26004638;1592539;28203946
FR;1;2022-05-30;822;1715;6556;18529;6585;42569923;41379874;26011194;1611068;28210531
FR;1;2022-05-31;1263;2192;9240;34348;9108;42571186;41382066;26020434;1645416;28219639
FR;1;2022-06-01;1291;2581;10430;23427;10293;42572477;41384647;26030864;1668843;28229932
FR;1;2022-06-02;1214;2299;10669;34084;10226;42573691;41386946;26041533;1702927;28240158
FR;1;2022-06-03;1436;2722;12687;37076;12108;42575127;41389668;26054220;1740003;28252266
FR;1;2022-06-04;679;1258;4743;8675;4821;42575806;41390926;26058963;1748678;28257087
FR;1;2022-06-05;128;285;808;1047;830;42575934;41391211;26059771;1749725;28257917
FR;1;2022-06-06;276;904;2006;1179;2011;42576210;41392115;26061777;1750904;28259928
FR;1;2022-06-07;1131;2285;9172;34022;8833;42577341;41394400;26070949;1784926;28268761
FR;1;2022-06-08;1094;2219;8662;27532;8545;42578435;41396619;26079611;1812458;28277306
FR;1;2022-06-09;1052;2134;9971;37513;9651;42579487;41398753;26089582;1849971;28286957
FR;1;2022-06-10;1322;2552;12378;43052;11954;42580809;41401305;26101960;1893023;28298911
FR;1;2022-06-11;654;1440;5136;11079;5183;42581463;41402745;26107096;1904102;28304094
FR;1;2022-06-12;150;367;1013;1680;1069;42581613;41403112;26108109;1905782;28305163
FR;1;2022-06-13;898;1790;7001;22201;6860;42582511;41404902;26115110;1927983;28312023
FR;1;2022-06-14;1077;2156;9830;42773;9233;42583588;41407058;26124940;1970756;28321256
FR;1;2022-06-15;1059;1931;8766;29358;8446;42584647;41408989;26133706;2000114;28329702
FR;1;2022-06-16;929;1806;9385;38458;8861;42585576;41410795;26143091;2038572;28338563
FR;1;2022-06-17;1204;2531;11864;44761;11350;42586780;41413326;26154955;2083333;28349913
FR;1;2022-06-18;559;1262;4313;10540;4250;42587339;41414588;26159268;2093873;28354163
FR;1;2022-06-19;137;324;1002;1543;1081;42587476;41414912;26160270;2095416;28355244
FR;1;2022-06-20;855;1686;8484;25029;8149;42588331;41416598;26168754;2120445;28363393
FR;1;2022-06-21;1096;2128;9754;47730;8844;42589427;41418726;26178508;2168175;28372237
FR;1;2022-06-22;1019;2027;8425;37088;7926;42590446;41420753;26186933;2205263;28380163
FR;1;2022-06-23;1045;2146;10114;52766;9387;42591491;41422899;26197047;2258029;28389550
FR;1;2022-06-24;1239;2693;12896;65869;11674;42592730;41425592;26209943;2323898;28401224
FR;1;2022-06-25;680;1499;5922;18914;5704;42593410;41427091;26215865;2342812;28406928
FR;1;2022-06-26;166;402;1817;3492;1708;42593576;41427493;26217682;2346304;28408636
FR;1;2022-06-27;935;1760;9895;45941;9119;42594511;41429253;26227577;2392245;28417755
FR;1;2022-06-28;1200;2558;13824;86468;12391;42595711;41431811;26241401;2478713;28430146
FR;1;2022-06-29;1226;2278;11471;67335;10538;42596937;41434089;26252872;2546048;28440684
FR;1;2022-06-30;1273;2414;13498;89930;11808;42598210;41436503;26266370;2635978;28452492
FR;1;2022-07-01;1624;3451;20194;109160;17857;42599834;41439954;26286564;2745138;28470349
FR;1;2022-07-02;757;1520;8011;33763;7246;42600591;41441474;26294575;2778901;28477595
FR;1;2022-07-03;225;478;1937;6113;1752;42600816;41441952;26296512;2785014;28479347
FR;1;2022-07-04;1235;2741;13884;75381;12299;42602051;41444693;26310396;2860395;28491646
FR;1;2022-07-05;1405;2780;17655;126281;15109;42603456;41447473;26328051;2986676;28506755
FR;1;2022-07-06;1334;2367;14864;93632;12886;42604790;41449840;26342915;3080308;28519641
FR;1;2022-07-07;1426;2520;16897;119335;13961;42606216;41452360;26359812;3199643;28533602
FR;1;2022-07-08;1522;2807;19589;129943;15958;42607738;41455167;26379401;3329586;28549560
FR;1;2022-07-09;657;1267;7299;36001;6343;42608395;41456434;26386700;3365587;28555903
FR;1;2022-07-10;235;475;2239;6684;2033;42608630;41456909;26388939;3372271;28557936
FR;1;2022-07-11;1191;2191;14305;84375;11913;42609821;41459100;26403244;3456646;28569849
FR;1;2022-07-12;1545;2752;19430;137250;15861;42611366;41461852;26422674;3593896;28585710
FR;1;2022-07-13;1392;2368;14754;89749;12599;42612758;41464220;26437428;3683645;28598309
FR;1;2022-07-14;155;328;1858;5281;1767;42612913;41464548;26439286;3688926;28600076
FR;1;2022-07-15;1252;2283;14333;80535;11984;42614165;41466831;26453619;3769461;28612060
FR;1;2022-07-16;504;1033;5629;23931;4880;42614669;41467864;26459248;3793392;28616940
FR;1;2022-07-17;157;359;1654;4458;1498;42614826;41468223;26460902;3797850;28618438
FR;1;2022-07-18;967;2013;11288;59249;9555;42615793;41470236;26472190;3857099;28627993
FR;1;2022-07-19;1220;2108;14665;99336;11699;42617013;41472344;26486855;3956435;28639692
FR;1;2022-07-20;1162;1976;12338;74324;10252;42618175;41474320;26499193;4030759;28649944
FR;1;2022-07-21;1116;1920;12387;84440;9968;42619291;41476240;26511580;4115199;28659912
FR;1;2022-07-22;1227;2182;14069;85817;11399;42620518;41478422;26525649;4201016;28671311
FR;1;2022-07-23;527;1076;5226;21284;4603;42621045;41479498;26530875;4222300;28675914
FR;1;2022-07-24;145;300;1323;3683;1164;42621190;41479798;26532198;4225983;28677078
FR;1;2022-07-25;865;1609;9065;46066;7509;42622055;41481407;26541263;4272049;28684587
FR;1;2022-07-26;1120;1946;12662;81911;10314;42623175;41483353;26553925;4353960;28694901
FR;1;2022-07-27;1012;1705;9732;58366;8107;42624187;41485058;26563657;4412326;28703008
FR;1;2022-07-28;974;1672;9832;61780;7827;42625161;41486730;26573489;4474106;28710835
FR;1;2022-07-29;1109;1781;10407;62863;8337;42626270;41488511;26583896;4536969;28719172
FR;1;2022-07-30;390;700;3339;14459;2843;42626660;41489211;26587235;4551428;28722015
FR;1;2022-07-31;136;254;900;2328;765;42626796;41489465;26588135;4553756;28722780
FR;1;2022-08-01;697;1216;7215;28909;6073;42627493;41490681;26595350;4582665;28728853
FR;1;2022-08-02;883;1453;8198;53929;6589;42628376;41492134;26603548;4636594;28735442
FR;1;2022-08-03;711;1074;6122;36995;4904;42629087;41493208;26609670;4673589;28740346
FR;1;2022-08-04;635;1055;6243;41357;5034;42629722;41494263;26615913;4714946;28745380
FR;1;2022-08-05;729;1178;6736;42992;5393;42630451;41495441;26622649;4757938;28750773
FR;1;2022-08-06;269;458;1987;8986;1659;42630720;41495899;26624636;4766924;28752432
FR;1;2022-08-07;84;140;515;1548;431;42630804;41496039;26625151;4768472;28752863
FR;1;2022-08-08;472;805;3765;21168;3090;42631276;41496844;26628916;4789640;28755953
FR;1;2022-08-09;604;1002;5660;38413;4531;42631880;41497846;26634576;4828053;28760484
FR;1;2022-08-10;510;966;4411;26850;3610;42632390;41498812;26638987;4854903;28764094
FR;1;2022-08-11;533;887;4284;28071;3553;42632923;41499699;26643271;4882974;28767647
FR;1;2022-08-12;581;1009;4528;27120;3730;42633504;41500708;26647799;4910094;28771377
FR;1;2022-08-13;171;341;1242;5089;1056;42633675;41501049;26649041;4915183;28772433
FR;1;2022-08-14;60;111;272;866;231;42633735;41501160;26649313;4916049;28772664
FR;1;2022-08-15;62;147;554;531;518;42633797;41501307;26649867;4916580;28773182
FR;1;2022-08-16;519;911;3765;21454;3196;42634316;41502218;26653632;4938034;28776378
FR;1;2022-08-17;518;858;3748;22073;3174;42634834;41503076;26657380;4960107;28779552
FR;1;2022-08-18;531;851;3891;25335;3093;42635365;41503927;26661271;4985442;28782645
FR;1;2022-08-19;517;1025;4340;26491;3574;42635882;41504952;26665611;5011933;28786219
FR;1;2022-08-20;224;392;1280;5355;1092;42636106;41505344;26666891;5017288;28787311
FR;1;2022-08-21;78;109;281;987;249;42636184;41505453;26667172;5018275;28787560
FR;1;2022-08-22;464;865;3115;14891;2687;42636648;41506318;26670287;5033166;28790247
FR;1;2022-08-23;627;1044;4136;28273;3470;42637275;41507362;26674423;5061439;28793717
FR;1;2022-08-24;538;814;3379;18967;2733;42637813;41508176;26677802;5080406;28796450
FR;1;2022-08-25;554;892;3793;22863;3173;42638367;41509068;26681595;5103269;28799623
FR;1;2022-08-26;740;1107;4323;25064;3535;42639107;41510175;26685918;5128333;28803158
FR;1;2022-08-27;214;421;1313;5276;1178;42639321;41510596;26687231;5133609;28804336
FR;1;2022-08-28;106;142;294;876;273;42639427;41510738;26687525;5134485;28804609
FR;1;2022-08-29;493;840;2961;14190;2498;42639920;41511578;26690486;5148675;28807107
FR;1;2022-08-30;732;1081;4589;27618;3741;42640652;41512659;26695075;5176293;28810848
FR;1;2022-08-31;567;803;3087;17151;2602;42641219;41513462;26698162;5193444;28813450
FR;1;2022-09-01;625;857;4122;21641;3497;42641844;41514319;26702284;5215085;28816947
FR;1;2022-09-02;755;1012;4656;27740;3863;42642599;41515331;26706940;5242825;28820810
FR;1;2022-09-03;301;486;1723;5846;1485;42642900;41515817;26708663;5248671;28822295
FR;1;2022-09-04;98;133;336;835;329;42642998;41515950;26708999;5249506;28822624
FR;1;2022-09-05;540;609;2790;15635;2311;42643538;41516559;26711789;5265141;28824935
FR;1;2022-09-06;691;905;4289;30872;3442;42644229;41517464;26716078;5296013;28828377
FR;1;2022-09-07;515;661;2822;16337;2329;42644744;41518125;26718900;5312350;28830706
FR;1;2022-09-08;541;756;3604;24035;2935;42645285;41518881;26722504;5336385;28833641
FR;1;2022-09-09;746;935;4154;26651;3451;42646031;41519816;26726658;5363036;28837092
FR;1;2022-09-10;303;435;1499;5530;1300;42646334;41520251;26728157;5368566;28838392
FR;1;2022-09-11;96;113;303;638;283;42646430;41520364;26728460;5369204;28838675
FR;1;2022-09-12;433;525;2202;12718;1844;42646863;41520889;26730662;5381922;28840519
FR;1;2022-09-13;554;765;3599;25461;3056;42647417;41521654;26734261;5407383;28843575
FR;1;2022-09-14;553;660;2663;15537;2205;42647970;41522314;26736924;5422920;28845780
FR;1;2022-09-15;488;657;3099;22814;2580;42648458;41522971;26740023;5445734;28848360
FR;1;2022-09-16;701;888;3826;25054;3176;42649159;41523859;26743849;5470788;28851536
FR;1;2022-09-17;277;388;1295;5909;1137;42649436;41524247;26745144;5476697;28852673
FR;1;2022-09-18;94;115;294;889;266;42649530;41524362;26745438;5477586;28852939
FR;1;2022-09-19;339;527;1978;12690;1686;42649869;41524889;26747416;5490276;28854625
FR;1;2022-09-20;530;759;3378;25343;2823;42650399;41525648;26750794;5515619;28857448
FR;1;2022-09-21;455;658;2540;15633;2164;42650854;41526306;26753334;5531252;28859612
FR;1;2022-09-22;510;703;3148;22458;2508;42651364;41527009;26756482;5553710;28862120
FR;1;2022-09-23;707;848;3839;27464;3115;42652071;41527857;26760321;5581174;28865235
FR;1;2022-09-24;336;502;1494;6556;1283;42652407;41528359;26761815;5587730;28866518
FR;1;2022-09-25;70;128;289;1025;259;42652477;41528487;26762104;5588755;28866777
FR;1;2022-09-26;348;581;2023;12596;1727;42652825;41529068;26764127;5601351;28868504
FR;1;2022-09-27;503;697;3193;23976;2476;42653328;41529765;26767320;5625327;28870980
FR;2;2020-12-27;0;0;0;0;0;0;0;0;0;0
FR;2;2020-12-28;0;0;0;0;0;0;0;0;0;0
FR;2;2020-12-29;0;0;0;0;0;0;0;0;0;0
FR;2;2020-12-30;0;0;0;0;0;0;0;0;0;0
FR;2;2020-12-31;0;0;0;0;0;0;0;0;0;0
FR;2;2021-01-01;0;0;0;0;0;0;0;0;0;0
FR;2;2021-01-02;0;0;0;0;0;0;0;0;0;0
FR;2;2021-01-03;0;0;0;0;0;0;0;0;0;0
FR;2;2021-01-04;0;0;0;0;0;0;0;0;0;0
FR;2;2021-01-05;0;0;0;0;0;0;0;0;0;0
FR;2;2021-01-06;0;0;0;0;0;0;0;0;0;0
FR;2;2021-01-07;0;0;0;0;0;0;0;0;0;0
FR;2;2021-01-08;0;0;0;0;0;0;0;0;0;0
FR;2;2021-01-09;0;0;0;0;0;0;0;0;0;0
FR;2;2021-01-10;0;0;0;0;0;0;0;0;0;0
FR;2;2021-01-11;0;0;0;0;0;0;0;0;0;0
FR;2;2021-01-12;0;0;0;0;0;0;0;0;0;0
FR;2;2021-01-13;0;0;0;0;0;0;0;0;0;0
FR;2;2021-01-14;1664;0;0;0;0;1664;0;0;0;0
FR;2;2021-01-15;398;0;0;0;0;2062;0;0;0;0
FR;2;2021-01-16;316;0;0;0;0;2378;0;0;0;0
FR;2;2021-01-17;83;0;0;0;0;2461;0;0;0;0
FR;2;2021-01-18;3074;2;0;0;0;5535;2;0;0;0
FR;2;2021-01-19;4680;0;0;0;0;10215;2;0;0;0
FR;2;2021-01-20;5135;6;0;0;0;15350;8;0;0;0
FR;2;2021-01-21;5344;9;0;0;0;20694;17;0;0;0
FR;2;2021-01-22;5118;14;0;0;0;25812;31;0;0;0
FR;2;2021-01-23;1873;1;0;0;0;27685;32;0;0;0
FR;2;2021-01-24;162;2;0;0;0;27847;34;0;0;0
FR;2;2021-01-25;3814;3;0;0;0;31661;37;0;0;0
FR;2;2021-01-26;3923;5;0;0;0;35584;42;0;0;0
FR;2;2021-01-27;3602;4;0;0;0;39186;46;0;0;0
FR;2;2021-01-28;3752;8;0;0;0;42938;54;0;0;0
FR;2;2021-01-29;3295;3;0;0;0;46233;57;0;0;0
FR;2;2021-01-30;1130;3;0;0;0;47363;60;0;0;0
FR;2;2021-01-31;45;2;0;0;0;47408;62;0;0;0
FR;2;2021-02-01;3405;9;0;0;0;50813;71;0;0;0
FR;2;2021-02-02;4493;15;0;0;0;55306;86;0;0;0
FR;2;2021-02-03;5220;7;0;0;0;60526;93;0;0;0
FR;2;2021-02-04;4937;11;0;0;0;65463;104;0;0;0
FR;2;2021-02-05;4813;15;0;0;0;70276;119;0;0;0
FR;2;2021-02-06;2043;14;0;0;0;72319;133;0;0;0
FR;2;2021-02-07;102;4;0;0;0;72421;137;0;0;0
FR;2;2021-02-08;7555;24;0;0;0;79976;161;0;0;0
FR;2;2021-02-09;8425;27;0;0;0;88401;188;0;0;0
FR;2;2021-02-10;9342;59;0;0;0;97743;247;0;0;0
FR;2;2021-02-11;10287;118;0;0;0;108030;365;0;0;0
FR;2;2021-02-12;10055;269;0;0;0;118085;634;0;0;0
FR;2;2021-02-13;3120;225;0;0;0;121205;859;0;0;0
FR;2;2021-02-14;355;9;0;0;0;121560;868;0;0;0
FR;2;2021-02-15;3458;3111;0;0;0;125018;3979;0;0;0
FR;2;2021-02-16;5073;4115;0;0;0;130091;8094;0;0;0
FR;2;2021-02-17;4256;4526;0;0;0;134347;12620;0;0;0
FR;2;2021-02-18;5402;5155;0;0;0;139749;17775;0;0;0
FR;2;2021-02-19;5327;4454;0;0;0;145076;22229;0;0;0
FR;2;2021-02-20;1870;1515;0;0;0;146946;23744;0;0;0
FR;2;2021-02-21;244;95;0;0;0;147190;23839;0;0;0
FR;2;2021-02-22;3613;3763;0;0;0;150803;27602;0;0;0
FR;2;2021-02-23;4954;3719;0;0;0;155757;31321;0;0;0
FR;2;2021-02-24;5015;3528;0;0;0;160772;34849;0;0;0
FR;2;2021-02-25;5491;3471;0;0;0;166263;38320;0;0;0
FR;2;2021-02-26;4363;3167;0;0;0;170626;41487;0;0;0
FR;2;2021-02-27;1625;1059;0;0;0;172251;42546;0;0;0
FR;2;2021-02-28;178;22;0;0;0;172429;42568;0;0;0
FR;2;2021-03-01;5184;3749;0;0;0;177613;46317;0;0;0
FR;2;2021-03-02;6535;4722;0;0;0;184148;51039;0;0;0
FR;2;2021-03-03;6539;4938;0;0;0;190687;55977;0;0;0
FR;2;2021-03-04;8408;4152;0;0;0;199095;60129;0;0;0
FR;2;2021-03-05;8035;4053;0;0;0;207130;64182;0;0;0
FR;2;2021-03-06;4787;1680;0;0;0;211917;65862;0;0;0
FR;2;2021-03-07;2372;30;0;0;0;214289;65892;0;0;0
FR;2;2021-03-08;4166;8377;0;0;0;218455;74269;0;0;0
FR;2;2021-03-09;7491;8562;1;0;0;225946;82831;1;0;0
FR;2;2021-03-10;7102;9195;0;0;0;233048;92026;1;0;0
FR;2;2021-03-11;9377;9311;1;0;0;242425;101337;2;0;0
FR;2;2021-03-12;7978;8323;0;0;0;250403;109660;2;0;0
FR;2;2021-03-13;10053;2577;0;0;0;260456;112237;2;0;0
FR;2;2021-03-14;4840;385;0;0;0;265296;112622;2;0;0
FR;2;2021-03-15;10912;3472;0;0;0;276208;116094;2;0;0
FR;2;2021-03-16;16764;4673;1;0;0;292972;120767;3;0;0
FR;2;2021-03-17;20238;3994;0;0;0;313210;124761;3;0;0
FR;2;2021-03-18;23372;5059;0;0;0;336582;129820;3;0;0
FR;2;2021-03-19;23308;4633;0;0;0;359890;134453;3;0;0
FR;2;2021-03-20;25450;1587;0;0;0;385340;136040;3;0;0
FR;2;2021-03-21;17671;154;0;0;0;403011;136194;3;0;0
FR;2;2021-03-22;17786;3203;0;0;0;420797;139397;3;0;0
FR;2;2021-03-23;22694;4239;0;0;0;443491;143636;3;0;0
FR;2;2021-03-24;23958;5041;0;0;0;467449;148677;3;0;0
FR;2;2021-03-25;26750;5182;1;0;0;494199;153859;4;0;0
FR;2;2021-03-26;26983;4222;0;0;0;521182;158081;4;0;0
FR;2;2021-03-27;15920;1353;0;0;0;537102;159434;4;0;0
FR;2;2021-03-28;10562;139;0;0;0;547664;159573;4;0;0
FR;2;2021-03-29;18995;4317;0;0;0;566659;163890;4;0;0
FR;2;2021-03-30;24587;6076;0;0;0;591246;169966;4;0;0
FR;2;2021-03-31;28562;5915;0;0;0;619808;175881;4;0;0
FR;2;2021-04-01;34549;8549;1;0;0;654357;184430;5;0;0
FR;2;2021-04-02;29983;7697;0;0;0;684340;192127;5;0;0
FR;2;2021-04-03;16955;4078;0;0;0;701295;196205;5;0;0
FR;2;2021-04-04;9306;1175;2;0;0;710601;197380;7;0;0
FR;2;2021-04-05;12445;798;0;0;0;723046;198178;7;0;0
FR;2;2021-04-06;27153;7199;0;0;0;750199;205377;7;0;0
FR;2;2021-04-07;30930;7140;1;0;0;781129;212517;8;0;0
FR;2;2021-04-08;36891;8633;1;0;0;818020;221150;9;0;0
FR;2;2021-04-09;33846;8434;28;0;0;851866;229584;37;0;0
FR;2;2021-04-10;19683;9198;1;0;0;871549;238782;38;0;0
FR;2;2021-04-11;7942;4250;1;0;0;879491;243032;39;0;0
FR;2;2021-04-12;17127;11042;0;0;0;896618;254074;39;0;0
FR;2;2021-04-13;19457;16089;1;0;0;916075;270163;40;0;0
FR;2;2021-04-14;18065;16400;7;0;0;934140;286563;47;0;0
FR;2;2021-04-15;22198;21487;27;0;0;956338;308050;74;0;0
FR;2;2021-04-16;20709;20423;45;0;0;977047;328473;119;0;0
FR;2;2021-04-17;13255;22488;5;0;0;990302;350961;124;0;0
FR;2;2021-04-18;5909;14397;6;0;0;996211;365358;130;0;0
FR;2;2021-04-19;16838;16334;24;0;0;1013049;381692;154;0;0
FR;2;2021-04-20;19324;21672;38;0;0;1032373;403364;192;0;0
FR;2;2021-04-21;20290;21776;76;0;0;1052663;425140;268;0;0
FR;2;2021-04-22;23819;24907;41;0;0;1076482;450047;309;0;0
FR;2;2021-04-23;24526;25401;76;0;0;1101008;475448;385;0;0
FR;2;2021-04-24;25304;15065;104;0;0;1126312;490513;489;0;0
FR;2;2021-04-25;9595;8609;5;0;0;1135907;499122;494;0;0
FR;2;2021-04-26;17164;17451;21;0;0;1153071;516573;515;0;0
FR;2;2021-04-27;19243;24131;40;0;0;1172314;540704;555;0;0
FR;2;2021-04-28;22337;26332;112;0;0;1194651;567036;667;0;0
FR;2;2021-04-29;25471;30302;69;0;0;1220122;597338;736;0;0
FR;2;2021-04-30;25531;27890;49;1;0;1245653;625228;785;1;0
FR;2;2021-05-01;14986;9861;6;0;0;1260639;635089;791;1;0
FR;2;2021-05-02;6639;9171;2;0;0;1267278;644260;793;1;0
FR;2;2021-05-03;20018;19189;40;0;0;1287296;663449;833;1;0
FR;2;2021-05-04;18282;29130;33;0;0;1305578;692579;866;1;0
FR;2;2021-05-05;18374;29429;48;0;0;1323952;722008;914;1;0
FR;2;2021-05-06;23544;35320;131;0;0;1347496;757328;1045;1;0
FR;2;2021-05-07;25331;33217;97;0;0;1372827;790545;1142;1;0
FR;2;2021-05-08;21342;10298;14;0;0;1394169;800843;1156;1;0
FR;2;2021-05-09;13166;7723;7;0;0;1407335;808566;1163;1;0
FR;2;2021-05-10;32939;21905;49;0;0;1440274;830471;1212;1;0
FR;2;2021-05-11;43604;20964;101;0;0;1483878;851435;1313;1;0
FR;2;2021-05-12;50050;19718;143;0;0;1533928;871153;1456;1;0
FR;2;2021-05-13;51295;5675;31;0;0;1585223;876828;1487;1;0
FR;2;2021-05-14;61352;12893;132;0;0;1646575;889721;1619;1;0
FR;2;2021-05-15;65932;7124;39;0;0;1712507;896845;1658;1;0
FR;2;2021-05-16;43587;2572;10;0;0;1756094;899417;1668;1;0
FR;2;2021-05-17;44748;12496;114;0;0;1800842;911913;1782;1;0
FR;2;2021-05-18;54643;12262;191;0;0;1855485;924175;1973;1;0
FR;2;2021-05-19;57176;10543;281;0;0;1912661;934718;2254;1;0
FR;2;2021-05-20;63440;10813;288;0;0;1976101;945531;2542;1;0
FR;2;2021-05-21;64296;11628;230;0;0;2040397;957159;2772;1;0
FR;2;2021-05-22;61482;4517;65;0;0;2101879;961676;2837;1;0
FR;2;2021-05-23;37533;574;22;0;0;2139412;962250;2859;1;0
FR;2;2021-05-24;17242;2038;35;0;0;2156654;964288;2894;1;0
FR;2;2021-05-25;21110;12215;240;0;0;2177764;976503;3134;1;0
FR;2;2021-05-26;19939;11485;230;0;0;2197703;987988;3364;1;0
FR;2;2021-05-27;22997;12648;182;0;0;2220700;1000636;3546;1;0
FR;2;2021-05-28;29392;14992;190;0;0;2250092;1015628;3736;1;0
FR;2;2021-05-29;30420;8192;57;0;0;2280512;1023820;3793;1;0
FR;2;2021-05-30;4647;1816;6;0;0;2285159;1025636;3799;1;0
FR;2;2021-05-31;28590;18733;184;0;0;2313749;1044369;3983;1;0
FR;2;2021-06-01;45728;19933;224;0;0;2359477;1064302;4207;1;0
FR;2;2021-06-02;37474;19262;182;0;0;2396951;1083564;4389;1;0
FR;2;2021-06-03;51278;23192;161;0;0;2448229;1106756;4550;1;0
FR;2;2021-06-04;65512;24059;217;0;0;2513741;1130815;4767;1;0
FR;2;2021-06-05;34600;24068;52;0;0;2548341;1154883;4819;1;0
FR;2;2021-06-06;4956;6192;10;0;0;2553297;1161075;4829;1;0
FR;2;2021-06-07;28174;23014;150;0;0;2581471;1184089;4979;1;0
FR;2;2021-06-08;46376;22916;143;0;0;2627847;1207005;5122;1;0
FR;2;2021-06-09;34291;20945;107;0;0;2662138;1227950;5229;1;0
FR;2;2021-06-10;42639;19130;95;1;0;2704777;1247080;5324;2;0
FR;2;2021-06-11;55299;25167;134;0;0;2760076;1272247;5458;2;0
FR;2;2021-06-12;30561;19776;53;0;0;2790637;1292023;5511;2;0
FR;2;2021-06-13;3331;9191;13;0;0;2793968;1301214;5524;2;0
FR;2;2021-06-14;25300;24131;92;0;0;2819268;1325345;5616;2;0
FR;2;2021-06-15;39045;22836;154;0;0;2858313;1348181;5770;2;0
FR;2;2021-06-16;30163;21395;135;0;0;2888476;1369576;5905;2;0
FR;2;2021-06-17;36911;25814;150;0;0;2925387;1395390;6055;2;0
FR;2;2021-06-18;46858;28852;123;0;0;2972245;1424242;6178;2;0
FR;2;2021-06-19;24525;24897;39;0;0;2996770;1449139;6217;2;0
FR;2;2021-06-20;3741;10065;9;0;0;3000511;1459204;6226;2;0
FR;2;2021-06-21;17529;42840;88;0;0;3018040;1502044;6314;2;0
FR;2;2021-06-22;28360;49569;110;0;0;3046400;1551613;6424;2;0
FR;2;2021-06-23;21789;49586;107;1;1;3068189;1601199;6531;3;1
FR;2;2021-06-24;28376;50280;134;0;0;3096565;1651479;6665;3;1
FR;2;2021-06-25;33400;60424;128;0;0;3129965;1711903;6793;3;1
FR;2;2021-06-26;16386;59301;54;1;0;3146351;1771204;6847;4;1
FR;2;2021-06-27;2566;29313;22;1;0;3148917;1800517;6869;5;1
FR;2;2021-06-28;12640;54328;84;0;0;3161557;1854845;6953;5;1
FR;2;2021-06-29;19853;59944;178;0;0;3181410;1914789;7131;5;1
FR;2;2021-06-30;16330;57978;253;17;0;3197740;1972767;7384;22;1
FR;2;2021-07-01;20492;59877;228;0;0;3218232;2032644;7612;22;1
FR;2;2021-07-02;24078;62148;184;0;0;3242310;2094792;7796;22;1
FR;2;2021-07-03;12117;57107;153;0;0;3254427;2151899;7949;22;1
FR;2;2021-07-04;1959;23306;18;0;0;3256386;2175205;7967;22;1
FR;2;2021-07-05;9177;29342;106;0;0;3265563;2204547;8073;22;1
FR;2;2021-07-06;14581;36236;135;0;0;3280144;2240783;8208;22;1
FR;2;2021-07-07;14413;33658;139;0;0;3294557;2274441;8347;22;1
FR;2;2021-07-08;19719;40309;162;0;0;3314276;2314750;8509;22;1
FR;2;2021-07-09;27101;54304;202;1;0;3341377;2369054;8711;23;1
FR;2;2021-07-10;13386;33692;107;0;0;3354763;2402746;8818;23;1
FR;2;2021-07-11;1809;4356;16;0;0;3356572;2407102;8834;23;1
FR;2;2021-07-12;12969;37297;119;0;0;3369541;2444399;8953;23;1
FR;2;2021-07-13;37114;53178;150;0;0;3406655;2497577;9103;23;1
FR;2;2021-07-14;6624;3549;15;0;0;3413279;2501126;9118;23;1
FR;2;2021-07-15;47239;47026;156;0;0;3460518;2548152;9274;23;1
FR;2;2021-07-16;64316;55801;188;0;0;3524834;2603953;9462;23;1
FR;2;2021-07-17;31598;23925;96;0;0;3556432;2627878;9558;23;1
FR;2;2021-07-18;6088;4837;19;0;0;3562520;2632715;9577;23;1
FR;2;2021-07-19;33002;28636;94;0;0;3595522;2661351;9671;23;1
FR;2;2021-07-20;51998;44538;155;0;0;3647520;2705889;9826;23;1
FR;2;2021-07-21;45251;34710;93;0;0;3692771;2740599;9919;23;1
FR;2;2021-07-22;56280;41088;128;1;0;3749051;2781687;10047;24;1
FR;2;2021-07-23;68296;48992;170;0;0;3817347;2830679;10217;24;1
FR;2;2021-07-24;36175;21594;82;0;0;3853522;2852273;10299;24;1
FR;2;2021-07-25;6749;2623;10;0;0;3860271;2854896;10309;24;1
FR;2;2021-07-26;36312;22394;91;1;0;3896583;2877290;10400;25;1
FR;2;2021-07-27;62387;34590;180;0;0;3958970;2911880;10580;25;1
FR;2;2021-07-28;55318;26430;132;0;0;4014288;2938310;10712;25;1
FR;2;2021-07-29;68475;32805;189;0;0;4082763;2971115;10901;25;1
FR;2;2021-07-30;74462;37801;222;1;0;4157225;3008916;11123;26;1
FR;2;2021-07-31;34769;16204;104;0;0;4191994;3025120;11227;26;1
FR;2;2021-08-01;5413;2264;19;0;0;4197407;3027384;11246;26;1
FR;2;2021-08-02;35881;16188;101;0;0;4233288;3043572;11347;26;1
FR;2;2021-08-03;55983;28279;142;0;0;4289271;3071851;11489;26;1
FR;2;2021-08-04;46633;20843;128;1;0;4335904;3092694;11617;27;1
FR;2;2021-08-05;54634;31581;215;0;0;4390538;3124275;11832;27;1
FR;2;2021-08-06;58094;42398;242;1;0;4448632;3166673;12074;28;1
FR;2;2021-08-07;25145;17623;89;0;0;4473777;3184296;12163;28;1
FR;2;2021-08-08;3838;3654;21;0;0;4477615;3187950;12184;28;1
FR;2;2021-08-09;29307;21077;92;0;0;4506922;3209027;12276;28;1
FR;2;2021-08-10;45004;33484;155;0;0;4551926;3242511;12431;28;1
FR;2;2021-08-11;35274;25166;151;0;0;4587200;3267677;12582;28;1
FR;2;2021-08-12;41900;35706;162;0;0;4629100;3303383;12744;28;1
FR;2;2021-08-13;42598;37231;218;0;0;4671698;3340614;12962;28;1
FR;2;2021-08-14;18517;22181;93;0;0;4690215;3362795;13055;28;1
FR;2;2021-08-15;3852;3806;17;0;0;4694067;3366601;13072;28;1
FR;2;2021-08-16;25090;27151;111;0;0;4719157;3393752;13183;28;1
FR;2;2021-08-17;38259;43424;205;2;0;4757416;3437176;13388;30;1
FR;2;2021-08-18;32251;36369;195;1;1;4789667;3473545;13583;31;2
FR;2;2021-08-19;37434;46573;224;0;0;4827101;3520118;13807;31;2
FR;2;2021-08-20;40566;55627;269;1;0;4867667;3575745;14076;32;2
FR;2;2021-08-21;18120;24310;116;0;0;4885787;3600055;14192;32;2
FR;2;2021-08-22;2906;4325;22;1;1;4888693;3604380;14214;33;3
FR;2;2021-08-23;19248;35152;131;1;0;4907941;3639532;14345;34;3
FR;2;2021-08-24;31947;56056;236;0;0;4939888;3695588;14581;34;3
FR;2;2021-08-25;25934;43459;250;0;0;4965822;3739047;14831;34;3
FR;2;2021-08-26;32360;55812;388;0;0;4998182;3794859;15219;34;3
FR;2;2021-08-27;37003;65662;478;2;0;5035185;3860521;15697;36;3
FR;2;2021-08-28;17819;28522;300;0;0;5053004;3889043;15997;36;3
FR;2;2021-08-29;2656;5017;47;0;0;5055660;3894060;16044;36;3
FR;2;2021-08-30;18415;37740;400;0;759;5074075;3931800;16444;36;762
FR;2;2021-08-31;28077;57507;887;4;1548;5102152;3989307;17331;40;2310
FR;2;2021-09-01;21592;39864;1309;0;2112;5123744;4029171;18640;40;4422
FR;2;2021-09-02;25484;48656;1962;2;3340;5149228;4077827;20602;42;7762
FR;2;2021-09-03;33410;64532;2988;3;4861;5182638;4142359;23590;45;12623
FR;2;2021-09-04;16832;27734;1442;1;2373;5199470;4170093;25032;46;14996
FR;2;2021-09-05;2262;3609;266;0;412;5201732;4173702;25298;46;15408
FR;2;2021-09-06;14041;28713;1769;1;2942;5215773;4202415;27067;47;18350
FR;2;2021-09-07;21106;41096;3020;13;4900;5236879;4243511;30087;60;23250
FR;2;2021-09-08;17246;31926;2734;6;4489;5254125;4275437;32821;66;27739
FR;2;2021-09-09;20977;40475;4434;3;6804;5275102;4315912;37255;69;34543
FR;2;2021-09-10;28202;51253;5285;4;8911;5303304;4367165;42540;73;43454
FR;2;2021-09-11;13654;22421;2404;5;3968;5316958;4389586;44944;78;47422
FR;2;2021-09-12;1824;2779;291;0;511;5318782;4392365;45235;78;47933
FR;2;2021-09-13;11658;21440;2472;4;4030;5330440;4413805;47707;82;51963
FR;2;2021-09-14;18573;32747;5087;13;9051;5349013;4446552;52794;95;61014
FR;2;2021-09-15;14913;28259;5169;3;7766;5363926;4474811;57963;98;68780
FR;2;2021-09-16;16080;32778;6736;12;10524;5380006;4507589;64699;110;79304
FR;2;2021-09-17;20914;47136;8780;10;14606;5400920;4554725;73479;120;93910
FR;2;2021-09-18;9857;20947;3803;6;6032;5410777;4575672;77282;126;99942
FR;2;2021-09-19;1166;2609;396;0;633;5411943;4578281;77678;126;100575
FR;2;2021-09-20;7498;18738;3855;7;6145;5419441;4597019;81533;133;106720
FR;2;2021-09-21;11214;30004;6495;5;10745;5430655;4627023;88028;138;117465
FR;2;2021-09-22;9408;23539;5490;6;8519;5440063;4650562;93518;144;125984
FR;2;2021-09-23;10728;28902;7882;9;12645;5450791;4679464;101400;153;138629
FR;2;2021-09-24;15072;42920;10876;18;17232;5465863;4722384;112276;171;155861
FR;2;2021-09-25;7259;18777;3965;9;6110;5473122;4741161;116241;180;161971
FR;2;2021-09-26;1079;2552;495;0;630;5474201;4743713;116736;180;162601
FR;2;2021-09-27;6313;16415;4285;8;6536;5480514;4760128;121021;188;169137
FR;2;2021-09-28;9239;25546;7768;14;12071;5489753;4785674;128789;202;181208
FR;2;2021-09-29;8081;20203;6067;25;9255;5497834;4805877;134856;227;190463
FR;2;2021-09-30;9864;25827;9506;16;14101;5507698;4831704;144362;243;204564
FR;2;2021-10-01;13974;35715;12916;25;19300;5521672;4867419;157278;268;223864
FR;2;2021-10-02;6874;15917;4848;7;7030;5528546;4883336;162126;275;230894
FR;2;2021-10-03;841;1920;492;1;506;5529387;4885256;162618;276;231400
FR;2;2021-10-04;5824;13904;5515;5;7859;5535211;4899160;168133;281;239259
FR;2;2021-10-05;9056;22545;11121;19;15727;5544267;4921705;179254;300;254986
FR;2;2021-10-06;7783;17743;8241;11;11072;5552050;4939448;187495;311;266058
FR;2;2021-10-07;9202;22203;12381;15;16859;5561252;4961651;199876;326;282917
FR;2;2021-10-08;13429;32095;17348;27;23564;5574681;4993746;217224;353;306481
FR;2;2021-10-09;5999;12854;6042;6;7900;5580680;5006600;223266;359;314381
FR;2;2021-10-10;885;1606;436;2;615;5581565;5008206;223702;361;314996
FR;2;2021-10-11;5607;11567;6455;17;8833;5587172;5019773;230157;378;323829
FR;2;2021-10-12;8033;17785;12546;13;16769;5595205;5037558;242703;391;340598
FR;2;2021-10-13;6943;14855;10255;12;13635;5602148;5052413;252958;403;354233
FR;2;2021-10-14;8314;17933;14994;13;19457;5610462;5070346;267952;416;373690
FR;2;2021-10-15;11853;26305;20903;26;27971;5622315;5096651;288855;442;401661
FR;2;2021-10-16;5139;8736;1819;0;3215;5627454;5105387;290674;442;404876
FR;2;2021-10-17;651;1164;184;0;367;5628105;5106551;290858;442;405243
FR;2;2021-10-18;4562;7365;664;2;1644;5632667;5113916;291522;444;406887
FR;2;2021-10-19;6237;9868;732;5;2043;5638904;5123784;292254;449;408930
FR;2;2021-10-20;5169;8072;758;3;1683;5644073;5131856;293012;452;410613
FR;2;2021-10-21;6090;9970;779;5;2101;5650163;5141826;293791;457;412714
FR;2;2021-10-22;8450;14594;1148;4;2882;5658613;5156420;294939;461;415596
FR;2;2021-10-23;3845;5996;586;0;1231;5662458;5162416;295525;461;416827
FR;2;2021-10-24;494;888;100;0;206;5662952;5163304;295625;461;417033
FR;2;2021-10-25;3357;5350;306;1;825;5666309;5168654;295931;462;417858
FR;2;2021-10-26;4176;7254;1130;4;2019;5670485;5175908;297061;466;419877
FR;2;2021-10-27;3676;6608;1193;5;1994;5674161;5182516;298254;471;421871
FR;2;2021-10-28;4597;7698;1732;3;2749;5678758;5190214;299986;474;424620
FR;2;2021-10-29;5412;11087;2435;4;3675;5684170;5201301;302421;478;428295
FR;2;2021-10-30;2749;4444;975;1;1437;5686919;5205745;303396;479;429732
FR;2;2021-10-31;364;531;139;1;190;5687283;5206276;303535;480;429922
FR;2;2021-11-01;428;549;177;0;264;5687711;5206825;303712;480;430186
FR;2;2021-11-02;3293;6759;1183;0;1762;5691004;5213584;304895;480;431948
FR;2;2021-11-03;3340;6235;1386;2;1967;5694344;5219819;306281;482;433915
FR;2;2021-11-04;3986;7081;1766;4;2494;5698330;5226900;308047;486;436409
FR;2;2021-11-05;5232;10502;2867;5;3956;5703562;5237402;310914;491;440365
FR;2;2021-11-06;2594;4681;1403;0;1814;5706156;5242083;312317;491;442179
FR;2;2021-11-07;505;864;220;0;286;5706661;5242947;312537;491;442465
FR;2;2021-11-08;2578;5355;1202;3;1675;5709239;5248302;313739;494;444140
FR;2;2021-11-09;2750;6923;2399;5;3180;5711989;5255225;316138;499;447320
FR;2;2021-11-10;2589;5690;5110;6;6286;5714578;5260915;321248;505;453606
FR;2;2021-11-11;444;750;745;2;926;5715022;5261665;321993;507;454532
FR;2;2021-11-12;2953;8100;8972;8;10914;5717975;5269765;330965;515;465446
FR;2;2021-11-13;1539;3380;3868;7;4537;5719514;5273145;334833;522;469983
FR;2;2021-11-14;257;594;351;1;487;5719771;5273739;335184;523;470470
FR;2;2021-11-15;1622;3668;4445;9;5329;5721393;5277407;339629;532;475799
FR;2;2021-11-16;2184;5900;8307;14;10073;5723577;5283307;347936;546;485872
FR;2;2021-11-17;1741;4543;6628;8;7852;5725318;5287850;354564;554;493724
FR;2;2021-11-18;2192;5934;9180;10;11013;5727510;5293784;363744;564;504737
FR;2;2021-11-19;2698;7787;12971;19;15474;5730208;5301571;376715;583;520211
FR;2;2021-11-20;1565;3340;5173;5;6082;5731773;5304911;381888;588;526293
FR;2;2021-11-21;247;513;541;0;661;5732020;5305424;382429;588;526954
FR;2;2021-11-22;1278;2597;4479;5;5402;5733298;5308021;386908;593;532356
FR;2;2021-11-23;1617;4296;8198;9;9911;5734915;5312317;395106;602;542267
FR;2;2021-11-24;1418;3771;7473;14;8729;5736333;5316088;402579;616;550996
FR;2;2021-11-25;1813;4880;11468;21;13663;5738146;5320968;414047;637;564659
FR;2;2021-11-26;2540;7760;22669;31;26077;5740686;5328728;436716;668;590736
FR;2;2021-11-27;1497;4162;12270;18;14034;5742183;5332890;448986;686;604770
FR;2;2021-11-28;292;844;1971;3;2296;5742475;5333734;450957;689;607066
FR;2;2021-11-29;1446;4368;15089;23;17256;5743921;5338102;466046;712;624322
FR;2;2021-11-30;1912;6691;26240;36;29991;5745833;5344793;492286;748;654313
FR;2;2021-12-01;1915;6065;26202;31;29524;5747748;5350858;518488;779;683837
FR;2;2021-12-02;1912;6808;37712;52;41958;5749660;5357666;556200;831;725795
FR;2;2021-12-03;2556;10099;53619;111;59364;5752216;5367765;609819;942;785159
FR;2;2021-12-04;1848;6295;37115;38;40804;5754064;5374060;646934;980;825963
FR;2;2021-12-05;458;2253;14259;14;15990;5754522;5376313;661193;994;841953
FR;2;2021-12-06;2485;9883;77710;109;84768;5757007;5386196;738903;1103;926721
FR;2;2021-12-07;3455;15314;122441;238;133747;5760462;5401510;861344;1341;1060468
FR;2;2021-12-08;3724;16016;133193;330;145378;5764186;5417526;994537;1671;1205846
FR;2;2021-12-09;4548;19645;170201;554;185591;5768734;5437171;1164738;2225;1391437
FR;2;2021-12-10;4673;22844;188655;490;206134;5773407;5460015;1353393;2715;1597571
FR;2;2021-12-11;3686;16636;132443;239;144888;5777093;5476651;1485836;2954;1742459
FR;2;2021-12-12;1257;7133;59095;83;65152;5778350;5483784;1544931;3037;1807611
FR;2;2021-12-13;5527;26851;220693;605;242985;5783877;5510635;1765624;3642;2050596
FR;2;2021-12-14;7015;37487;300773;909;332223;5790892;5548122;2066397;4551;2382819
FR;2;2021-12-15;6555;36252;285222;957;315851;5797447;5584374;2351619;5508;2698670
FR;2;2021-12-16;7763;37923;312134;979;343742;5805210;5622297;2663753;6487;3042412
FR;2;2021-12-17;8680;41232;327879;976;360961;5813890;5663529;2991632;7463;3403373
FR;2;2021-12-18;6514;26563;212341;448;233654;5820404;5690092;3203973;7911;3637027
FR;2;2021-12-19;2603;11449;90210;182;100357;5823007;5701541;3294183;8093;3737384
FR;2;2021-12-20;9546;33567;275220;706;303373;5832553;5735108;3569403;8799;4040757
FR;2;2021-12-21;11563;38332;309627;968;341434;5844116;5773440;3879030;9767;4382191
FR;2;2021-12-22;10458;32812;265116;952;292475;5854574;5806252;4144146;10719;4674666
FR;2;2021-12-23;9426;26688;199505;701;221300;5864000;5832940;4343651;11420;4895966
FR;2;2021-12-24;2783;7487;43856;140;49559;5866783;5840427;4387507;11560;4945525
FR;2;2021-12-25;201;685;2002;10;2488;5866984;5841112;4389509;11570;4948013
FR;2;2021-12-26;1319;4212;25156;71;28682;5868303;5845324;4414665;11641;4976695
FR;2;2021-12-27;8077;29923;218410;659;243335;5876380;5875247;4633075;12300;5220030
FR;2;2021-12-28;9838;36329;272089;742;301990;5886218;5911576;4905164;13042;5522020
FR;2;2021-12-29;9497;32263;246134;765;272697;5895715;5943839;5151298;13807;5794717
FR;2;2021-12-30;9461;28104;208828;663;231456;5905176;5971943;5360126;14470;6026173
FR;2;2021-12-31;3010;8351;54991;176;61236;5908186;5980294;5415117;14646;6087409
FR;2;2022-01-01;228;693;2854;7;3352;5908414;5980987;5417971;14653;6090761
FR;2;2022-01-02;1505;4856;29512;75;33401;5909919;5985843;5447483;14728;6124162
FR;2;2022-01-03;9592;35403;266530;806;293899;5919511;6021246;5714013;15534;6418061
FR;2;2022-01-04;12851;45416;342087;1068;377015;5932362;6066662;6056100;16602;6795076
FR;2;2022-01-05;11272;38651;294183;884;323821;5943634;6105313;6350283;17486;7118897
FR;2;2022-01-06;13653;43503;331946;1298;364734;5957287;6148816;6682229;18784;7483631
FR;2;2022-01-07;14225;47632;361091;1270;396435;5971512;6196448;7043320;20054;7880066
FR;2;2022-01-08;7948;28151;201262;515;221707;5979460;6224599;7244582;20569;8101773
FR;2;2022-01-09;2749;8981;62524;137;69512;5982209;6233580;7307106;20706;8171285
FR;2;2022-01-10;10097;31920;232472;858;255046;5992306;6265500;7539578;21564;8426331
FR;2;2022-01-11;11469;36246;265916;1029;290609;6003775;6301746;7805494;22593;8716940
FR;2;2022-01-12;8766;29816;206319;863;226169;6012541;6331562;8011813;23456;8943109
FR;2;2022-01-13;9387;31349;224486;832;244838;6021928;6362911;8236299;24288;9187947
FR;2;2022-01-14;9742;35613;254539;920;277655;6031670;6398524;8490838;25208;9465602
FR;2;2022-01-15;5359;19448;140779;363;153633;6037029;6417972;8631617;25571;9619235
FR;2;2022-01-16;1512;5486;35885;81;39833;6038541;6423458;8667502;25652;9659068
FR;2;2022-01-17;5546;19278;135412;601;147254;6044087;6442736;8802914;26253;9806322
FR;2;2022-01-18;6421;21508;148629;648;160467;6050508;6464244;8951543;26901;9966789
FR;2;2022-01-19;4395;16325;105099;551;113700;6054903;6480569;9056642;27452;10080489
FR;2;2022-01-20;4871;17594;115294;603;123692;6059774;6498163;9171936;28055;10204181
FR;2;2022-01-21;5197;20059;137347;679;147765;6064971;6518222;9309283;28734;10351946
FR;2;2022-01-22;3030;10952;74262;260;80326;6068001;6529174;9383545;28994;10432272
FR;2;2022-01-23;724;2716;15241;41;16831;6068725;6531890;9398786;29035;10449103
FR;2;2022-01-24;3289;12822;75078;430;81036;6072014;6544712;9473864;29465;10530139
FR;2;2022-01-25;3574;14422;79625;496;85454;6075588;6559134;9553489;29961;10615593
FR;2;2022-01-26;2515;10700;58975;363;63024;6078103;6569834;9612464;30324;10678617
FR;2;2022-01-27;2681;11342;64177;388;67929;6080784;6581176;9676641;30712;10746546
FR;2;2022-01-28;3551;18308;91718;429;98924;6084335;6599484;9768359;31141;10845470
FR;2;2022-01-29;1894;9247;48851;164;52934;6086229;6608731;9817210;31305;10898404
FR;2;2022-01-30;464;2226;9454;38;10601;6086693;6610957;9826664;31343;10909005
FR;2;2022-01-31;1888;9571;43830;208;47338;6088581;6620528;9870494;31551;10956343
FR;2;2022-02-01;1915;10046;47029;279;50106;6090496;6630574;9917523;31830;11006449
FR;2;2022-02-02;1614;9006;41114;250;44160;6092110;6639580;9958637;32080;11050609
FR;2;2022-02-03;1725;8943;40522;205;42923;6093835;6648523;9999159;32285;11093532
FR;2;2022-02-04;2152;15198;66645;299;71341;6095987;6663721;10065804;32584;11164873
FR;2;2022-02-05;1360;8519;35943;132;39226;6097347;6672240;10101747;32716;11204099
FR;2;2022-02-06;275;1767;6127;16;6901;6097622;6674007;10107874;32732;11211000
FR;2;2022-02-07;1351;9572;37755;134;41301;6098973;6683579;10145629;32866;11252301
FR;2;2022-02-08;1299;9832;40952;173;43746;6100272;6693411;10186581;33039;11296047
FR;2;2022-02-09;1160;8837;37038;174;40461;6101432;6702248;10223619;33213;11336508
FR;2;2022-02-10;1027;7996;33836;204;36508;6102459;6710244;10257455;33417;11373016
FR;2;2022-02-11;1391;12083;53342;223;57693;6103850;6722327;10310797;33640;11430709
FR;2;2022-02-12;753;6533;27985;85;30804;6104603;6728860;10338782;33725;11461513
FR;2;2022-02-13;200;1340;4835;20;5576;6104803;6730200;10343617;33745;11467089
FR;2;2022-02-14;834;6730;30272;90;33230;6105637;6736930;10373889;33835;11500319
FR;2;2022-02-15;774;6471;28048;141;29991;6106411;6743401;10401937;33976;11530310
FR;2;2022-02-16;657;5361;22063;123;23628;6107068;6748762;10424000;34099;11553938
FR;2;2022-02-17;518;3782;14148;98;14615;6107586;6752544;10438148;34197;11568553
FR;2;2022-02-18;723;5368;20439;134;21128;6108309;6757912;10458587;34331;11589681
FR;2;2022-02-19;430;3056;10531;66;11245;6108739;6760968;10469118;34397;11600926
FR;2;2022-02-20;102;516;1460;3;1608;6108841;6761484;10470578;34400;11602534
FR;2;2022-02-21;422;2685;9122;65;9499;6109263;6764169;10479700;34465;11612033
FR;2;2022-02-22;390;2567;8892;76;8794;6109653;6766736;10488592;34541;11620827
FR;2;2022-02-23;432;2604;8991;82;9267;6110085;6769340;10497583;34623;11630094
FR;2;2022-02-24;314;2036;6800;81;6828;6110399;6771376;10504383;34704;11636922
FR;2;2022-02-25;457;3205;11418;107;11282;6110856;6774581;10515801;34811;11648204
FR;2;2022-02-26;297;1892;6035;49;6342;6111153;6776473;10521836;34860;11654546
FR;2;2022-02-27;76;313;907;5;950;6111229;6776786;10522743;34865;11655496
FR;2;2022-02-28;330;1688;5523;53;5531;6111559;6778474;10528266;34918;11661027
FR;2;2022-03-01;277;1566;5479;45;5196;6111836;6780040;10533745;34963;11666223
FR;2;2022-03-02;298;1445;5246;45;5090;6112134;6781485;10538991;35008;11671313
FR;2;2022-03-03;225;1111;3708;42;3485;6112359;6782596;10542699;35050;11674798
FR;2;2022-03-04;243;1468;4857;74;4505;6112602;6784064;10547556;35124;11679303
FR;2;2022-03-05;174;905;2979;32;2723;6112776;6784969;10550535;35156;11682026
FR;2;2022-03-06;42;183;279;5;319;6112818;6785152;10550814;35161;11682345
FR;2;2022-03-07;156;658;1987;70;1777;6112974;6785810;10552801;35231;11684122
FR;2;2022-03-08;144;667;2272;51;1905;6113118;6786477;10555073;35282;11686027
FR;2;2022-03-09;154;707;2346;37;2047;6113272;6787184;10557419;35319;11688074
FR;2;2022-03-10;123;603;1693;35;1468;6113395;6787787;10559112;35354;11689542
FR;2;2022-03-11;172;756;2767;57;2366;6113567;6788543;10561879;35411;11691908
FR;2;2022-03-12;149;484;1785;27;1554;6113716;6789027;10563664;35438;11693462
FR;2;2022-03-13;25;75;202;29;203;6113741;6789102;10563866;35467;11693665
FR;2;2022-03-14;128;470;1566;529;1296;6113869;6789572;10565432;35996;11694961
FR;2;2022-03-15;138;438;1712;689;1332;6114007;6790010;10567144;36685;11696293
FR;2;2022-03-16;142;475;2013;1615;1593;6114149;6790485;10569157;38300;11697886
FR;2;2022-03-17;93;413;1408;1193;1144;6114242;6790898;10570565;39493;11699030
FR;2;2022-03-18;146;494;2019;1792;1662;6114388;6791392;10572584;41285;11700692
FR;2;2022-03-19;108;321;1210;940;1015;6114496;6791713;10573794;42225;11701707
FR;2;2022-03-20;13;77;191;59;168;6114509;6791790;10573985;42284;11701875
FR;2;2022-03-21;96;307;1214;1483;1077;6114605;6792097;10575199;43767;11702952
FR;2;2022-03-22;117;388;1530;1829;1291;6114722;6792485;10576729;45596;11704243
FR;2;2022-03-23;139;361;1671;3031;1467;6114861;6792846;10578400;48627;11705710
FR;2;2022-03-24;116;293;1183;1547;1000;6114977;6793139;10579583;50174;11706710
FR;2;2022-03-25;119;361;1804;2449;1474;6115096;6793500;10581387;52623;11708184
FR;2;2022-03-26;77;247;1203;1222;952;6115173;6793747;10582590;53845;11709136
FR;2;2022-03-27;19;36;153;100;132;6115192;6793783;10582743;53945;11709268
FR;2;2022-03-28;94;288;1137;1601;995;6115286;6794071;10583880;55546;11710263
FR;2;2022-03-29;108;258;1324;2466;1104;6115394;6794329;10585204;58012;11711367
FR;2;2022-03-30;91;312;1487;3184;1319;6115485;6794641;10586691;61196;11712686
FR;2;2022-03-31;104;284;1275;2329;1090;6115589;6794925;10587966;63525;11713776
FR;2;2022-04-01;123;323;1567;2347;1322;6115712;6795248;10589533;65872;11715098
FR;2;2022-04-02;76;161;845;891;737;6115788;6795409;10590378;66763;11715835
FR;2;2022-04-03;16;53;128;113;142;6115804;6795462;10590506;66876;11715977
FR;2;2022-04-04;112;238;986;1438;795;6115916;6795700;10591492;68314;11716772
FR;2;2022-04-05;143;293;1314;2903;1141;6116059;6795993;10592806;71217;11717913
FR;2;2022-04-06;89;256;1305;2520;1129;6116148;6796249;10594111;73737;11719042
FR;2;2022-04-07;120;220;1300;2682;1040;6116268;6796469;10595411;76419;11720082
FR;2;2022-04-08;125;336;1629;3267;1323;6116393;6796805;10597040;79686;11721405
FR;2;2022-04-09;90;219;899;1045;731;6116483;6797024;10597939;80731;11722136
FR;2;2022-04-10;37;48;143;162;119;6116520;6797072;10598082;80893;11722255
FR;2;2022-04-11;88;194;889;1558;779;6116608;6797266;10598971;82451;11723034
FR;2;2022-04-12;176;269;1180;2738;1059;6116784;6797535;10600151;85189;11724093
FR;2;2022-04-13;146;230;1124;2455;986;6116930;6797765;10601275;87644;11725079
FR;2;2022-04-14;115;222;1085;2676;917;6117045;6797987;10602360;90320;11725996
FR;2;2022-04-15;114;249;1213;2286;1067;6117159;6798236;10603573;92606;11727063
FR;2;2022-04-16;67;108;548;549;459;6117226;6798344;10604121;93155;11727522
FR;2;2022-04-17;15;26;57;53;53;6117241;6798370;10604178;93208;11727575
FR;2;2022-04-18;12;35;120;70;115;6117253;6798405;10604298;93278;11727690
FR;2;2022-04-19;112;237;1117;1707;949;6117365;6798642;10605415;94985;11728639
FR;2;2022-04-20;95;240;1106;2157;931;6117460;6798882;10606521;97142;11729570
FR;2;2022-04-21;111;231;981;1911;837;6117571;6799113;10607502;99053;11730407
FR;2;2022-04-22;98;273;1242;2086;1023;6117669;6799386;10608744;101139;11731430
FR;2;2022-04-23;67;156;644;762;573;6117736;6799542;10609388;101901;11732003
FR;2;2022-04-24;12;29;101;68;79;6117748;6799571;10609489;101969;11732082
FR;2;2022-04-25;103;204;820;1314;710;6117851;6799775;10610309;103283;11732792
FR;2;2022-04-26;108;183;1041;2016;878;6117959;6799958;10611350;105299;11733670
FR;2;2022-04-27;98;178;860;1783;764;6118057;6800136;10612210;107082;11734434
FR;2;2022-04-28;92;214;950;1926;843;6118149;6800350;10613160;109008;11735277
FR;2;2022-04-29;81;280;1129;1692;1039;6118230;6800630;10614289;110700;11736316
FR;2;2022-04-30;65;126;470;538;429;6118295;6800756;10614759;111238;11736745
FR;2;2022-05-01;23;24;84;48;85;6118318;6800780;10614843;111286;11736830
FR;2;2022-05-02;116;231;762;1212;660;6118434;6801011;10615605;112498;11737490
FR;2;2022-05-03;148;230;998;1768;937;6118582;6801241;10616603;114266;11738427
FR;2;2022-05-04;90;225;923;1809;866;6118672;6801466;10617526;116075;11739293
FR;2;2022-05-05;127;196;851;1697;768;6118799;6801662;10618377;117772;11740061
FR;2;2022-05-06;133;246;1099;1848;1014;6118932;6801908;10619476;119620;11741075
FR;2;2022-05-07;40;98;470;504;406;6118972;6802006;10619946;120124;11741481
FR;2;2022-05-08;46;54;106;71;101;6119018;6802060;10620052;120195;11741582
FR;2;2022-05-09;101;174;654;984;604;6119119;6802234;10620706;121179;11742186
FR;2;2022-05-10;120;249;938;1831;893;6119239;6802483;10621644;123010;11743079
FR;2;2022-05-11;100;176;811;1871;791;6119339;6802659;10622455;124881;11743870
FR;2;2022-05-12;111;173;843;2092;801;6119450;6802832;10623298;126973;11744671
FR;2;2022-05-13;100;232;967;2090;896;6119550;6803064;10624265;129063;11745567
FR;2;2022-05-14;76;117;451;554;409;6119626;6803181;10624716;129617;11745976
FR;2;2022-05-15;24;39;94;87;108;6119650;6803220;10624810;129704;11746084
FR;2;2022-05-16;103;170;599;922;536;6119753;6803390;10625409;130626;11746620
FR;2;2022-05-17;95;184;689;1685;657;6119848;6803574;10626098;132311;11747277
FR;2;2022-05-18;80;181;640;1431;646;6119928;6803755;10626738;133742;11747923
FR;2;2022-05-19;70;160;708;1831;750;6119998;6803915;10627446;135573;11748673
FR;2;2022-05-20;107;178;872;1700;777;6120105;6804093;10628318;137273;11749450
FR;2;2022-05-21;48;96;397;517;338;6120153;6804189;10628715;137790;11749788
FR;2;2022-05-22;8;23;69;37;57;6120161;6804212;10628784;137827;11749845
FR;2;2022-05-23;86;133;498;930;469;6120247;6804345;10629282;138757;11750314
FR;2;2022-05-24;87;161;627;1620;614;6120334;6804506;10629909;140377;11750928
FR;2;2022-05-25;72;145;538;1148;492;6120406;6804651;10630447;141525;11751420
FR;2;2022-05-26;10;31;77;42;85;6120416;6804682;10630524;141567;11751505
FR;2;2022-05-27;44;123;456;817;438;6120460;6804805;10630980;142384;11751943
FR;2;2022-05-28;28;60;221;244;221;6120488;6804865;10631201;142628;11752164
FR;2;2022-05-29;13;34;43;25;51;6120501;6804899;10631244;142653;11752215
FR;2;2022-05-30;65;108;421;721;407;6120566;6805007;10631665;143374;11752622
FR;2;2022-05-31;76;135;563;1277;510;6120642;6805142;10632228;144651;11753132
FR;2;2022-06-01;59;155;562;1074;541;6120701;6805297;10632790;145725;11753673
FR;2;2022-06-02;92;175;625;1412;591;6120793;6805472;10633415;147137;11754264
FR;2;2022-06-03;71;155;666;1604;593;6120864;6805627;10634081;148741;11754857
FR;2;2022-06-04;68;93;282;433;269;6120932;6805720;10634363;149174;11755126
FR;2;2022-06-05;12;17;62;57;47;6120944;6805737;10634425;149231;11755173
FR;2;2022-06-06;11;32;92;75;92;6120955;6805769;10634517;149306;11755265
FR;2;2022-06-07;99;218;664;1532;576;6121054;6805987;10635181;150838;11755841
FR;2;2022-06-08;70;118;475;1165;411;6121124;6806105;10635656;152003;11756252
FR;2;2022-06-09;93;166;611;1921;569;6121217;6806271;10636267;153924;11756821
FR;2;2022-06-10;91;167;650;1682;621;6121308;6806438;10636917;155606;11757442
FR;2;2022-06-11;43;84;286;528;258;6121351;6806522;10637203;156134;11757700
FR;2;2022-06-12;18;38;58;78;60;6121369;6806560;10637261;156212;11757760
FR;2;2022-06-13;39;119;390;948;375;6121408;6806679;10637651;157160;11758135
FR;2;2022-06-14;67;155;599;2087;537;6121475;6806834;10638250;159247;11758672
FR;2;2022-06-15;77;104;521;1500;445;6121552;6806938;10638771;160747;11759117
FR;2;2022-06-16;127;127;495;1411;422;6121679;6807065;10639266;162158;11759539
FR;2;2022-06-17;72;135;586;1816;513;6121751;6807200;10639852;163974;11760052
FR;2;2022-06-18;75;92;224;578;196;6121826;6807292;10640076;164552;11760248
FR;2;2022-06-19;11;15;53;71;41;6121837;6807307;10640129;164623;11760289
FR;2;2022-06-20;62;125;401;1027;392;6121899;6807432;10640530;165650;11760681
FR;2;2022-06-21;107;115;524;2123;453;6122006;6807547;10641054;167773;11761134
FR;2;2022-06-22;39;107;462;1889;414;6122045;6807654;10641516;169662;11761548
FR;2;2022-06-23;56;108;537;2281;452;6122101;6807762;10642053;171943;11762000
FR;2;2022-06-24;66;122;708;3198;570;6122167;6807884;10642761;175141;11762570
FR;2;2022-06-25;30;90;295;986;251;6122197;6807974;10643056;176127;11762821
FR;2;2022-06-26;30;27;131;194;97;6122227;6808001;10643187;176321;11762918
FR;2;2022-06-27;79;137;580;2472;481;6122306;6808138;10643767;178793;11763399
FR;2;2022-06-28;110;140;812;4814;650;6122416;6808278;10644579;183607;11764049
FR;2;2022-06-29;71;149;775;4407;636;6122487;6808427;10645354;188014;11764685
FR;2;2022-06-30;72;133;832;5176;618;6122559;6808560;10646186;193190;11765303
FR;2;2022-07-01;112;158;1148;6691;847;6122671;6808718;10647334;199881;11766150
FR;2;2022-07-02;67;131;473;1975;391;6122738;6808849;10647807;201856;11766541
FR;2;2022-07-03;23;30;144;334;128;6122761;6808879;10647951;202190;11766669
FR;2;2022-07-04;120;180;776;3773;612;6122881;6809059;10648727;205963;11767281
FR;2;2022-07-05;117;184;1120;6810;826;6122998;6809243;10649847;212773;11768107
FR;2;2022-07-06;92;148;947;5802;693;6123090;6809391;10650794;218575;11768800
FR;2;2022-07-07;81;184;1020;6496;748;6123171;6809575;10651814;225071;11769548
FR;2;2022-07-08;64;122;1092;7031;755;6123235;6809697;10652906;232102;11770303
FR;2;2022-07-09;34;61;417;1869;298;6123269;6809758;10653323;233971;11770601
FR;2;2022-07-10;6;17;96;315;82;6123275;6809775;10653419;234286;11770683
FR;2;2022-07-11;68;119;682;3815;540;6123343;6809894;10654101;238101;11771223
FR;2;2022-07-12;101;178;1051;6505;807;6123444;6810072;10655152;244606;11772030
FR;2;2022-07-13;63;126;879;4661;592;6123507;6810198;10656031;249267;11772622
FR;2;2022-07-14;6;13;87;248;58;6123513;6810211;10656118;249515;11772680
FR;2;2022-07-15;60;129;739;3789;560;6123573;6810340;10656857;253304;11773240
FR;2;2022-07-16;27;54;288;1029;241;6123600;6810394;10657145;254333;11773481
FR;2;2022-07-17;5;12;77;201;66;6123605;6810406;10657222;254534;11773547
FR;2;2022-07-18;57;103;514;2508;384;6123662;6810509;10657736;257042;11773931
FR;2;2022-07-19;66;132;769;4247;555;6123728;6810641;10658505;261289;11774486
FR;2;2022-07-20;59;118;580;3179;430;6123787;6810759;10659085;264468;11774916
FR;2;2022-07-21;60;109;671;3678;485;6123847;6810868;10659756;268146;11775401
FR;2;2022-07-22;51;98;696;3524;504;6123898;6810966;10660452;271670;11775905
FR;2;2022-07-23;39;95;290;1173;229;6123937;6811061;10660742;272843;11776134
FR;2;2022-07-24;14;23;68;201;67;6123951;6811084;10660810;273044;11776201
FR;2;2022-07-25;50;70;401;1924;296;6124001;6811154;10661211;274968;11776497
FR;2;2022-07-26;59;133;602;3422;474;6124060;6811287;10661813;278390;11776971
FR;2;2022-07-27;42;81;454;2777;358;6124102;6811368;10662267;281167;11777329
FR;2;2022-07-28;29;75;449;2476;356;6124131;6811443;10662716;283643;11777685
FR;2;2022-07-29;68;87;535;2855;347;6124199;6811530;10663251;286498;11778032
FR;2;2022-07-30;21;38;162;774;110;6124220;6811568;10663413;287272;11778142
FR;2;2022-07-31;6;13;27;104;21;6124226;6811581;10663440;287376;11778163
FR;2;2022-08-01;38;102;323;1260;258;6124264;6811683;10663763;288636;11778421
FR;2;2022-08-02;49;73;324;2060;246;6124313;6811756;10664087;290696;11778667
FR;2;2022-08-03;29;52;257;1610;187;6124342;6811808;10664344;292306;11778854
FR;2;2022-08-04;40;63;306;1686;240;6124382;6811871;10664650;293992;11779094
FR;2;2022-08-05;33;93;326;1879;234;6124415;6811964;10664976;295871;11779328
FR;2;2022-08-06;22;40;106;365;82;6124437;6812004;10665082;296236;11779410
FR;2;2022-08-07;7;8;14;69;16;6124444;6812012;10665096;296305;11779426
FR;2;2022-08-08;18;35;216;874;144;6124462;6812047;10665312;297179;11779570
FR;2;2022-08-09;27;51;278;1474;238;6124489;6812098;10665590;298653;11779808
FR;2;2022-08-10;15;21;213;1125;150;6124504;6812119;10665803;299778;11779958
FR;2;2022-08-11;21;41;174;1037;117;6124525;6812160;10665977;300815;11780075
FR;2;2022-08-12;36;47;183;1042;139;6124561;6812207;10666160;301857;11780214
FR;2;2022-08-13;8;18;45;149;50;6124569;6812225;10666205;302006;11780264
FR;2;2022-08-14;1;2;12;52;11;6124570;6812227;10666217;302058;11780275
FR;2;2022-08-15;0;3;32;22;20;6124570;6812230;10666249;302080;11780295
FR;2;2022-08-16;27;31;144;672;120;6124597;6812261;10666393;302752;11780415
FR;2;2022-08-17;16;26;108;738;87;6124613;6812287;10666501;303490;11780502
FR;2;2022-08-18;13;28;158;835;106;6124626;6812315;10666659;304325;11780608
FR;2;2022-08-19;8;38;114;701;84;6124634;6812353;10666773;305026;11780692
FR;2;2022-08-20;6;26;56;196;47;6124640;6812379;10666829;305222;11780739
FR;2;2022-08-21;4;14;15;19;13;6124644;6812393;10666844;305241;11780752
FR;2;2022-08-22;10;24;115;395;72;6124654;6812417;10666959;305636;11780824
FR;2;2022-08-23;11;40;134;669;112;6124665;6812457;10667093;306305;11780936
FR;2;2022-08-24;11;27;86;466;78;6124676;6812484;10667179;306771;11781014
FR;2;2022-08-25;7;31;109;481;69;6124683;6812515;10667288;307252;11781083
FR;2;2022-08-26;15;45;117;720;91;6124698;6812560;10667405;307972;11781174
FR;2;2022-08-27;10;18;47;156;42;6124708;6812578;10667452;308128;11781216
FR;2;2022-08-28;1;5;5;15;7;6124709;6812583;10667457;308143;11781223
FR;2;2022-08-29;24;42;91;400;85;6124733;6812625;10667548;308543;11781308
FR;2;2022-08-30;31;54;153;786;118;6124764;6812679;10667701;309329;11781426
FR;2;2022-08-31;18;34;85;391;79;6124782;6812713;10667786;309720;11781505
FR;2;2022-09-01;19;42;135;598;119;6124801;6812755;10667921;310318;11781624
FR;2;2022-09-02;31;54;144;743;155;6124832;6812809;10668065;311061;11781779
FR;2;2022-09-03;14;20;79;204;63;6124846;6812829;10668144;311265;11781842
FR;2;2022-09-04;8;5;9;31;10;6124854;6812834;10668153;311296;11781852
FR;2;2022-09-05;28;28;121;366;93;6124882;6812862;10668274;311662;11781945
FR;2;2022-09-06;41;61;157;761;152;6124923;6812923;10668431;312423;11782097
FR;2;2022-09-07;20;20;72;375;47;6124943;6812943;10668503;312798;11782144
FR;2;2022-09-08;31;56;106;635;97;6124974;6812999;10668609;313433;11782241
FR;2;2022-09-09;17;24;125;748;73;6124991;6813023;10668734;314181;11782314
FR;2;2022-09-10;13;23;46;117;40;6125004;6813046;10668780;314298;11782354
FR;2;2022-09-11;9;5;10;11;12;6125013;6813051;10668790;314309;11782366
FR;2;2022-09-12;18;30;66;338;53;6125031;6813081;10668856;314647;11782419
FR;2;2022-09-13;15;33;124;669;97;6125046;6813114;10668980;315316;11782516
FR;2;2022-09-14;17;21;79;477;56;6125063;6813135;10669059;315793;11782572
FR;2;2022-09-15;19;39;116;485;90;6125082;6813174;10669175;316278;11782662
FR;2;2022-09-16;18;28;117;561;84;6125100;6813202;10669292;316839;11782746
FR;2;2022-09-17;4;18;52;152;50;6125104;6813220;10669344;316991;11782796
FR;2;2022-09-18;3;7;13;35;10;6125107;6813227;10669357;317026;11782806
FR;2;2022-09-19;26;23;105;347;81;6125133;6813250;10669462;317373;11782887
FR;2;2022-09-20;26;26;113;621;80;6125159;6813276;10669575;317994;11782967
FR;2;2022-09-21;15;27;96;360;74;6125174;6813303;10669671;318354;11783041
FR;2;2022-09-22;16;38;117;536;89;6125190;6813341;10669788;318890;11783130
FR;2;2022-09-23;20;35;120;550;98;6125210;6813376;10669908;319440;11783228
FR;2;2022-09-24;9;8;47;188;32;6125219;6813384;10669955;319628;11783260
FR;2;2022-09-25;6;9;13;29;11;6125225;6813393;10669968;319657;11783271
FR;2;2022-09-26;19;39;99;396;76;6125244;6813432;10670067;320053;11783347
FR;2;2022-09-27;29;41;152;815;98;6125273;6813473;10670219;320868;11783445
FR;3;2020-12-27;0;0;0;0;0;0;0;0;0;0
FR;3;2020-12-28;0;0;0;0;0;0;0;0;0;0
FR;3;2020-12-29;0;0;0;0;0;0;0;0;0;0
FR;3;2020-12-30;0;0;0;0;0;0;0;0;0;0
FR;3;2020-12-31;0;0;0;0;0;0;0;0;0;0
FR;3;2021-01-01;0;0;0;0;0;0;0;0;0;0
FR;3;2021-01-02;0;0;0;0;0;0;0;0;0;0
FR;3;2021-01-03;0;0;0;0;0;0;0;0;0;0
FR;3;2021-01-04;0;0;0;0;0;0;0;0;0;0
FR;3;2021-01-05;0;0;0;0;0;0;0;0;0;0
FR;3;2021-01-06;0;0;0;0;0;0;0;0;0;0
FR;3;2021-01-07;0;0;0;0;0;0;0;0;0;0
FR;3;2021-01-08;0;0;0;0;0;0;0;0;0;0
FR;3;2021-01-09;0;0;0;0;0;0;0;0;0;0
FR;3;2021-01-10;0;0;0;0;0;0;0;0;0;0
FR;3;2021-01-11;0;0;0;0;0;0;0;0;0;0
FR;3;2021-01-12;0;0;0;0;0;0;0;0;0;0
FR;3;2021-01-13;0;0;0;0;0;0;0;0;0;0
FR;3;2021-01-14;0;0;0;0;0;0;0;0;0;0
FR;3;2021-01-15;0;0;0;0;0;0;0;0;0;0
FR;3;2021-01-16;0;0;0;0;0;0;0;0;0;0
FR;3;2021-01-17;0;0;0;0;0;0;0;0;0;0
FR;3;2021-01-18;0;0;0;0;0;0;0;0;0;0
FR;3;2021-01-19;0;0;0;0;0;0;0;0;0;0
FR;3;2021-01-20;0;0;0;0;0;0;0;0;0;0
FR;3;2021-01-21;0;0;0;0;0;0;0;0;0;0
FR;3;2021-01-22;0;0;0;0;0;0;0;0;0;0
FR;3;2021-01-23;0;0;0;0;0;0;0;0;0;0
FR;3;2021-01-24;0;0;0;0;0;0;0;0;0;0
FR;3;2021-01-25;0;0;0;0;0;0;0;0;0;0
FR;3;2021-01-26;0;0;0;0;0;0;0;0;0;0
FR;3;2021-01-27;0;0;0;0;0;0;0;0;0;0
FR;3;2021-01-28;0;0;0;0;0;0;0;0;0;0
FR;3;2021-01-29;0;0;0;0;0;0;0;0;0;0
FR;3;2021-01-30;0;0;0;0;0;0;0;0;0;0
FR;3;2021-01-31;0;0;0;0;0;0;0;0;0;0
FR;3;2021-02-01;0;0;0;0;0;0;0;0;0;0
FR;3;2021-02-02;0;0;0;0;0;0;0;0;0;0
FR;3;2021-02-03;0;0;0;0;0;0;0;0;0;0
FR;3;2021-02-04;0;0;0;0;0;0;0;0;0;0
FR;3;2021-02-05;0;0;0;0;0;0;0;0;0;0
FR;3;2021-02-06;1559;0;0;0;0;1559;0;0;0;0
FR;3;2021-02-07;1423;1;0;0;0;2982;1;0;0;0
FR;3;2021-02-08;2786;1;0;0;0;5768;2;0;0;0
FR;3;2021-02-09;6783;0;0;0;0;12551;2;0;0;0
FR;3;2021-02-10;9609;0;0;0;0;22160;2;0;0;0
FR;3;2021-02-11;13618;1;0;0;0;35778;3;0;0;0
FR;3;2021-02-12;13407;0;0;0;0;49185;3;0;0;0
FR;3;2021-02-13;3798;1;0;0;0;52983;4;0;0;0
FR;3;2021-02-14;974;0;0;0;0;53957;4;0;0;0
FR;3;2021-02-15;10492;1;0;0;0;64449;5;0;0;0
FR;3;2021-02-16;12550;4;0;0;0;76999;9;0;0;0
FR;3;2021-02-17;11157;1;0;0;0;88156;10;0;0;0
FR;3;2021-02-18;14942;2;0;0;0;103098;12;0;0;0
FR;3;2021-02-19;14362;1;0;0;0;117460;13;0;0;0
FR;3;2021-02-20;3330;0;0;0;0;120790;13;0;0;0
FR;3;2021-02-21;619;0;0;0;0;121409;13;0;0;0
FR;3;2021-02-22;9166;0;0;0;0;130575;13;0;0;0
FR;3;2021-02-23;11398;3;0;0;0;141973;16;0;0;0
FR;3;2021-02-24;14305;1;0;0;0;156278;17;0;0;0
FR;3;2021-02-25;44931;3;0;0;0;201209;20;0;0;0
FR;3;2021-02-26;61888;8;0;0;0;263097;28;0;0;0
FR;3;2021-02-27;34806;11;0;0;0;297903;39;0;0;0
FR;3;2021-02-28;2463;0;0;0;0;300366;39;0;0;0
FR;3;2021-03-01;20518;15;0;0;0;320884;54;0;0;0
FR;3;2021-03-02;38870;21;0;0;0;359754;75;0;0;0
FR;3;2021-03-03;48746;17;0;0;0;408500;92;0;0;0
FR;3;2021-03-04;82222;22;0;0;0;490722;114;0;0;0
FR;3;2021-03-05;118129;43;0;0;0;608851;157;0;0;0
FR;3;2021-03-06;120717;62;1;0;0;729568;219;1;0;0
FR;3;2021-03-07;55180;25;0;0;0;784748;244;1;0;0
FR;3;2021-03-08;42813;25;0;0;0;827561;269;1;0;0
FR;3;2021-03-09;78973;51;0;0;0;906534;320;1;0;0
FR;3;2021-03-10;80980;58;0;0;0;987514;378;1;0;0
FR;3;2021-03-11;128440;59;0;0;0;1115954;437;1;0;0
FR;3;2021-03-12;182722;107;0;0;0;1298676;544;1;0;0
FR;3;2021-03-13;132157;78;0;0;0;1430833;622;1;0;0
FR;3;2021-03-14;14057;5;0;0;0;1444890;627;1;0;0
FR;3;2021-03-15;52235;66;0;0;0;1497125;693;1;0;0
FR;3;2021-03-16;1215;46;0;0;0;1498340;739;1;0;0
FR;3;2021-03-17;946;48;0;0;0;1499286;787;1;0;0
FR;3;2021-03-18;1571;29;0;0;0;1500857;816;1;0;0
FR;3;2021-03-19;70455;53;0;0;0;1571312;869;1;0;0
FR;3;2021-03-20;65235;44;0;0;0;1636547;913;1;0;0
FR;3;2021-03-21;5759;8;0;0;0;1642306;921;1;0;0
FR;3;2021-03-22;37506;44;0;0;0;1679812;965;1;0;0
FR;3;2021-03-23;84661;76;0;0;0;1764473;1041;1;0;0
FR;3;2021-03-24;90949;98;0;0;0;1855422;1139;1;0;0
FR;3;2021-03-25;150063;138;0;0;0;2005485;1277;1;0;0
FR;3;2021-03-26;165427;156;0;0;0;2170912;1433;1;0;0
FR;3;2021-03-27;68462;102;0;0;0;2239374;1535;1;0;0
FR;3;2021-03-28;6476;21;0;0;0;2245850;1556;1;0;0
FR;3;2021-03-29;54168;77;0;0;0;2300018;1633;1;0;0
FR;3;2021-03-30;93177;101;0;0;0;2393195;1734;1;0;0
FR;3;2021-03-31;63540;106;0;0;0;2456735;1840;1;0;0
FR;3;2021-04-01;86132;113;0;0;0;2542867;1953;1;0;0
FR;3;2021-04-02;86910;177;0;0;0;2629777;2130;1;0;0
FR;3;2021-04-03;35875;129;0;0;0;2665652;2259;1;0;0
FR;3;2021-04-04;3574;19;0;0;0;2669226;2278;1;0;0
FR;3;2021-04-05;4491;38;0;0;0;2673717;2316;1;0;0
FR;3;2021-04-06;29755;95;0;0;0;2703472;2411;1;0;0
FR;3;2021-04-07;32343;98;0;0;0;2735815;2509;1;0;0
FR;3;2021-04-08;78821;254;0;0;0;2814636;2763;1;0;0
FR;3;2021-04-09;161754;431;0;0;0;2976390;3194;1;0;0
FR;3;2021-04-10;75762;356;0;0;0;3052152;3550;1;0;0
FR;3;2021-04-11;7312;46;0;0;0;3059464;3596;1;0;0
FR;3;2021-04-12;51480;215;0;0;0;3110944;3811;1;0;0
FR;3;2021-04-13;86232;344;0;0;0;3197176;4155;1;0;0
FR;3;2021-04-14;67845;360;0;0;0;3265021;4515;1;0;0
FR;3;2021-04-15;93233;390;0;0;0;3358254;4905;1;0;0
FR;3;2021-04-16;112521;598;0;0;0;3470775;5503;1;0;0
FR;3;2021-04-17;53318;339;1;0;0;3524093;5842;2;0;0
FR;3;2021-04-18;9747;44;0;0;0;3533840;5886;2;0;0
FR;3;2021-04-19;25112;264;0;0;0;3558952;6150;2;0;0
FR;3;2021-04-20;45673;418;0;0;0;3604625;6568;2;0;0
FR;3;2021-04-21;38982;500;0;0;0;3643607;7068;2;0;0
FR;3;2021-04-22;54712;824;0;0;0;3698319;7892;2;0;0
FR;3;2021-04-23;70489;1053;0;0;0;3768808;8945;2;0;0
FR;3;2021-04-24;37248;1062;0;0;0;3806056;10007;2;0;0
FR;3;2021-04-25;6211;151;0;0;0;3812267;10158;2;0;0
FR;3;2021-04-26;19788;681;0;0;0;3832055;10839;2;0;0
FR;3;2021-04-27;34482;1294;0;0;0;3866537;12133;2;0;0
FR;3;2021-04-28;28967;1990;0;0;0;3895504;14123;2;0;0
FR;3;2021-04-29;45383;6046;0;0;0;3940887;20169;2;0;0
FR;3;2021-04-30;55463;9019;1;0;0;3996350;29188;3;0;0
FR;3;2021-05-01;9516;2030;0;0;0;4005866;31218;3;0;0
FR;3;2021-05-02;3076;478;0;0;0;4008942;31696;3;0;0
FR;3;2021-05-03;13062;3897;0;0;0;4022004;35593;3;0;0
FR;3;2021-05-04;23113;8453;0;0;0;4045117;44046;3;0;0
FR;3;2021-05-05;18759;10732;0;0;0;4063876;54778;3;0;0
FR;3;2021-05-06;34628;21098;0;0;0;4098504;75876;3;0;0
FR;3;2021-05-07;44201;28693;0;0;0;4142705;104569;3;0;0
FR;3;2021-05-08;6785;9181;0;0;0;4149490;113750;3;0;0
FR;3;2021-05-09;1795;2650;0;0;0;4151285;116400;3;0;0
FR;3;2021-05-10;14996;12810;0;0;0;4166281;129210;3;0;0
FR;3;2021-05-11;27097;26068;0;0;0;4193378;155278;3;0;0
FR;3;2021-05-12;17268;27879;0;0;0;4210646;183157;3;0;0
FR;3;2021-05-13;2283;3494;0;0;0;4212929;186651;3;0;0
FR;3;2021-05-14;14519;25982;0;0;0;4227448;212633;3;0;0
FR;3;2021-05-15;7234;20957;0;0;0;4234682;233590;3;0;0
FR;3;2021-05-16;977;2647;0;0;0;4235659;236237;3;0;0
FR;3;2021-05-17;7965;20066;0;0;0;4243624;256303;3;0;0
FR;3;2021-05-18;13413;29978;0;0;0;4257037;286281;3;0;0
FR;3;2021-05-19;9272;30979;0;0;0;4266309;317260;3;0;0
FR;3;2021-05-20;12806;53614;3;0;0;4279115;370874;6;0;0
FR;3;2021-05-21;12765;65953;2;0;0;4291880;436827;8;0;0
FR;3;2021-05-22;4963;33608;1;0;0;4296843;470435;9;0;0
FR;3;2021-05-23;651;2650;0;0;0;4297494;473085;9;0;0
FR;3;2021-05-24;883;4841;0;0;0;4298377;477926;9;0;0
FR;3;2021-05-25;5310;46181;1;0;0;4303687;524107;10;0;0
FR;3;2021-05-26;4976;51802;1;0;0;4308663;575909;11;0;0
FR;3;2021-05-27;6333;78652;3;0;0;4314996;654561;14;0;0
FR;3;2021-05-28;7542;99844;2;0;0;4322538;754405;16;0;0
FR;3;2021-05-29;3349;60811;1;0;0;4325887;815216;17;0;0
FR;3;2021-05-30;549;8159;0;0;0;4326436;823375;17;0;0
FR;3;2021-05-31;2441;35643;3;0;0;4328877;859018;20;0;0
FR;3;2021-06-01;3409;64840;10;0;0;4332286;923858;30;0;0
FR;3;2021-06-02;2732;58666;6;0;0;4335018;982524;36;0;0
FR;3;2021-06-03;3495;87283;10;0;0;4338513;1069807;46;0;0
FR;3;2021-06-04;4116;105602;22;0;0;4342629;1175409;68;0;0
FR;3;2021-06-05;1983;52469;4;0;0;4344612;1227878;72;0;0
FR;3;2021-06-06;508;5317;1;0;0;4345120;1233195;73;0;0
FR;3;2021-06-07;1480;30814;11;0;0;4346600;1264009;84;0;0
FR;3;2021-06-08;2059;47352;18;0;0;4348659;1311361;102;0;0
FR;3;2021-06-09;1794;41969;13;0;0;4350453;1353330;115;0;0
FR;3;2021-06-10;2253;67769;17;0;0;4352706;1421099;132;0;0
FR;3;2021-06-11;2481;96648;34;0;0;4355187;1517747;166;0;0
FR;3;2021-06-12;1176;40664;6;0;0;4356363;1558411;172;0;0
FR;3;2021-06-13;282;3669;3;0;0;4356645;1562080;175;0;0
FR;3;2021-06-14;1045;42428;17;0;0;4357690;1604508;192;0;0
FR;3;2021-06-15;1371;80469;20;0;0;4359061;1684977;212;0;0
FR;3;2021-06-16;1261;65542;20;0;0;4360322;1750519;232;0;0
FR;3;2021-06-17;1666;102114;41;0;0;4361988;1852633;273;0;0
FR;3;2021-06-18;1870;118248;62;0;0;4363858;1970881;335;0;0
FR;3;2021-06-19;802;39449;22;0;0;4364660;2010330;357;0;0
FR;3;2021-06-20;160;3241;0;0;0;4364820;2013571;357;0;0
FR;3;2021-06-21;772;39103;16;0;0;4365592;2052674;373;0;0
FR;3;2021-06-22;1065;70021;52;0;0;4366657;2122695;425;0;0
FR;3;2021-06-23;942;50837;39;0;0;4367599;2173532;464;0;0
FR;3;2021-06-24;1310;77208;48;0;0;4368909;2250740;512;0;0
FR;3;2021-06-25;1406;90498;73;0;0;4370315;2341238;585;0;0
FR;3;2021-06-26;631;33115;29;0;0;4370946;2374353;614;0;0
FR;3;2021-06-27;166;3867;1;0;0;4371112;2378220;615;0;0
FR;3;2021-06-28;653;30150;27;0;0;4371765;2408370;642;0;0
FR;3;2021-06-29;857;56431;95;0;0;4372622;2464801;737;0;0
FR;3;2021-06-30;905;45136;93;0;0;4373527;2509937;830;0;0
FR;3;2021-07-01;1163;65950;108;0;0;4374690;2575887;938;0;0
FR;3;2021-07-02;1305;90472;170;0;0;4375995;2666359;1108;0;0
FR;3;2021-07-03;602;31182;51;0;0;4376597;2697541;1159;0;0
FR;3;2021-07-04;144;4067;3;0;0;4376741;2701608;1162;0;0
FR;3;2021-07-05;612;33704;60;0;0;4377353;2735312;1222;0;0
FR;3;2021-07-06;963;55985;88;0;0;4378316;2791297;1310;0;0
FR;3;2021-07-07;871;42971;80;0;0;4379187;2834268;1390;0;0
FR;3;2021-07-08;1125;60760;99;0;0;4380312;2895028;1489;0;0
FR;3;2021-07-09;1260;68874;128;0;0;4381572;2963902;1617;0;0
FR;3;2021-07-10;643;25044;59;0;0;4382215;2988946;1676;0;0
FR;3;2021-07-11;131;3214;4;0;0;4382346;2992160;1680;0;0
FR;3;2021-07-12;662;23735;59;0;0;4383008;3015895;1739;0;0
FR;3;2021-07-13;1647;34570;90;0;0;4384655;3050465;1829;0;0
FR;3;2021-07-14;267;2515;2;0;0;4384922;3052980;1831;0;0
FR;3;2021-07-15;1940;30511;85;0;0;4386862;3083491;1916;0;0
FR;3;2021-07-16;2520;38725;122;0;0;4389382;3122216;2038;0;0
FR;3;2021-07-17;1049;13727;26;0;0;4390431;3135943;2064;0;0
FR;3;2021-07-18;265;2560;3;0;0;4390696;3138503;2067;0;0
FR;3;2021-07-19;1277;17014;37;0;0;4391973;3155517;2104;0;0
FR;3;2021-07-20;1823;26998;98;0;0;4393796;3182515;2202;0;0
FR;3;2021-07-21;1651;19587;44;0;0;4395447;3202102;2246;0;0
FR;3;2021-07-22;1854;27674;83;0;0;4397301;3229776;2329;0;0
FR;3;2021-07-23;2216;30315;117;0;0;4399517;3260091;2446;0;0
FR;3;2021-07-24;826;6958;25;0;0;4400343;3267049;2471;0;0
FR;3;2021-07-25;210;1303;1;0;0;4400553;3268352;2472;0;0
FR;3;2021-07-26;929;10575;28;0;0;4401482;3278927;2500;0;0
FR;3;2021-07-27;1169;16865;56;0;0;4402651;3295792;2556;0;0
FR;3;2021-07-28;989;12033;40;0;0;4403640;3307825;2596;0;0
FR;3;2021-07-29;1127;15735;63;0;0;4404767;3323560;2659;0;0
FR;3;2021-07-30;1128;18020;79;0;0;4405895;3341580;2738;0;0
FR;3;2021-07-31;406;3735;15;0;0;4406301;3345315;2753;0;0
FR;3;2021-08-01;116;457;1;0;0;4406417;3345772;2754;0;0
FR;3;2021-08-02;421;5063;22;0;0;4406838;3350835;2776;0;0
FR;3;2021-08-03;495;7509;27;0;0;4407333;3358344;2803;0;0
FR;3;2021-08-04;438;4849;26;0;0;4407771;3363193;2829;0;0
FR;3;2021-08-05;430;3678;13;0;0;4408201;3366871;2842;0;0
FR;3;2021-08-06;456;4732;30;0;0;4408657;3371603;2872;0;0
FR;3;2021-08-07;214;1901;11;0;0;4408871;3373504;2883;0;0
FR;3;2021-08-08;250;426;2;0;0;4409121;3373930;2885;0;0
FR;3;2021-08-09;318;2418;11;0;0;4409439;3376348;2896;0;0
FR;3;2021-08-10;368;3798;15;0;0;4409807;3380146;2911;0;0
FR;3;2021-08-11;291;2682;15;0;0;4410098;3382828;2926;0;0
FR;3;2021-08-12;277;2603;12;0;0;4410375;3385431;2938;0;0
FR;3;2021-08-13;277;2264;16;0;0;4410652;3387695;2954;0;0
FR;3;2021-08-14;172;897;1;0;0;4410824;3388592;2955;0;0
FR;3;2021-08-15;56;173;0;0;0;4410880;3388765;2955;0;0
FR;3;2021-08-16;124;1035;8;0;0;4411004;3389800;2963;0;0
FR;3;2021-08-17;188;1454;8;0;0;4411192;3391254;2971;0;0
FR;3;2021-08-18;204;1320;10;0;0;4411396;3392574;2981;0;0
FR;3;2021-08-19;165;1390;10;0;0;4411561;3393964;2991;0;0
FR;3;2021-08-20;167;1607;16;0;0;4411728;3395571;3007;0;0
FR;3;2021-08-21;93;586;2;0;0;4411821;3396157;3009;0;0
FR;3;2021-08-22;42;188;1;0;0;4411863;3396345;3010;0;0
FR;3;2021-08-23;141;906;7;0;0;4412004;3397251;3017;0;0
FR;3;2021-08-24;124;937;10;0;0;4412128;3398188;3027;0;0
FR;3;2021-08-25;137;829;3;0;0;4412265;3399017;3030;0;0
FR;3;2021-08-26;172;842;9;0;0;4412437;3399859;3039;0;0
FR;3;2021-08-27;178;943;9;0;0;4412615;3400802;3048;0;0
FR;3;2021-08-28;100;372;4;0;0;4412715;3401174;3052;0;0
FR;3;2021-08-29;128;131;1;0;0;4412843;3401305;3053;0;0
FR;3;2021-08-30;100;577;0;0;119;4412943;3401882;3053;0;119
FR;3;2021-08-31;133;694;7;0;142;4413076;3402576;3060;0;261
FR;3;2021-09-01;121;462;5;0;113;4413197;3403038;3065;0;374
FR;3;2021-09-02;100;616;22;0;110;4413297;3403654;3087;0;484
FR;3;2021-09-03;116;570;17;0;120;4413413;3404224;3104;0;604
FR;3;2021-09-04;55;299;3;0;54;4413468;3404523;3107;0;658
FR;3;2021-09-05;51;65;5;0;26;4413519;3404588;3112;0;684
FR;3;2021-09-06;118;378;4;0;138;4413637;3404966;3116;0;822
FR;3;2021-09-07;124;445;14;0;121;4413761;3405411;3130;0;943
FR;3;2021-09-08;121;351;2;0;93;4413882;3405762;3132;0;1036
FR;3;2021-09-09;94;383;8;0;105;4413976;3406145;3140;0;1141
FR;3;2021-09-10;101;409;3;0;96;4414077;3406554;3143;0;1237
FR;3;2021-09-11;76;234;4;0;66;4414153;3406788;3147;0;1303
FR;3;2021-09-12;37;47;1;0;17;4414190;3406835;3148;0;1320
FR;3;2021-09-13;73;307;7;0;102;4414263;3407142;3155;0;1422
FR;3;2021-09-14;72;280;6;0;98;4414335;3407422;3161;0;1520
FR;3;2021-09-15;61;256;3;0;6;4414396;3407678;3164;0;1526
FR;3;2021-09-16;64;322;6;0;6;4414460;3408000;3170;0;1532
FR;3;2021-09-17;52;330;3;0;7;4414512;3408330;3173;0;1539
FR;3;2021-09-18;36;177;1;0;1;4414548;3408507;3174;0;1540
FR;3;2021-09-19;28;31;2;0;1;4414576;3408538;3176;0;1541
FR;3;2021-09-20;81;197;0;0;1;4414657;3408735;3176;0;1542
FR;3;2021-09-21;60;281;6;0;7;4414717;3409016;3182;0;1549
FR;3;2021-09-22;64;233;6;0;7;4414781;3409249;3188;0;1556
FR;3;2021-09-23;37;264;11;0;7;4414818;3409513;3199;0;1563
FR;3;2021-09-24;28;321;12;0;18;4414846;3409834;3211;0;1581
FR;3;2021-09-25;31;143;3;0;3;4414877;3409977;3214;0;1584
FR;3;2021-09-26;16;59;1;0;1;4414893;3410036;3215;0;1585
FR;3;2021-09-27;47;290;3;0;5;4414940;3410326;3218;0;1590
FR;3;2021-09-28;49;249;6;0;8;4414989;3410575;3224;0;1598
FR;3;2021-09-29;37;224;10;0;14;4415026;3410799;3234;0;1612
FR;3;2021-09-30;39;202;8;0;10;4415065;3411001;3242;0;1622
FR;3;2021-10-01;23;162;6;0;7;4415088;3411163;3248;0;1629
FR;3;2021-10-02;17;85;0;0;0;4415105;3411248;3248;0;1629
FR;3;2021-10-03;19;18;1;0;2;4415124;3411266;3249;0;1631
FR;3;2021-10-04;33;159;4;0;4;4415157;3411425;3253;0;1635
FR;3;2021-10-05;17;149;10;0;13;4415174;3411574;3263;0;1648
FR;3;2021-10-06;32;146;8;0;9;4415206;3411720;3271;0;1657
FR;3;2021-10-07;19;133;6;0;6;4415225;3411853;3277;0;1663
FR;3;2021-10-08;24;140;10;0;9;4415249;3411993;3287;0;1672
FR;3;2021-10-09;16;72;1;0;1;4415265;3412065;3288;0;1673
FR;3;2021-10-10;13;18;2;0;3;4415278;3412083;3290;0;1676
FR;3;2021-10-11;16;119;4;0;5;4415294;3412202;3294;0;1681
FR;3;2021-10-12;20;104;5;0;5;4415314;3412306;3299;0;1686
FR;3;2021-10-13;25;116;9;0;7;4415339;3412422;3308;0;1693
FR;3;2021-10-14;18;153;3;0;4;4415357;3412575;3311;0;1697
FR;3;2021-10-15;23;146;8;0;12;4415380;3412721;3319;0;1709
FR;3;2021-10-16;13;75;6;0;8;4415393;3412796;3325;0;1717
FR;3;2021-10-17;12;25;0;0;0;4415405;3412821;3325;0;1717
FR;3;2021-10-18;18;116;2;0;2;4415423;3412937;3327;0;1719
FR;3;2021-10-19;16;115;19;0;21;4415439;3413052;3346;0;1740
FR;3;2021-10-20;25;127;6;0;7;4415464;3413179;3352;0;1747
FR;3;2021-10-21;28;130;17;0;13;4415492;3413309;3369;0;1760
FR;3;2021-10-22;24;110;16;0;19;4415516;3413419;3385;0;1779
FR;3;2021-10-23;17;56;2;0;1;4415533;3413475;3387;0;1780
FR;3;2021-10-24;7;36;0;0;0;4415540;3413511;3387;0;1780
FR;3;2021-10-25;24;147;7;0;7;4415564;3413658;3394;0;1787
FR;3;2021-10-26;25;100;22;0;19;4415589;3413758;3416;0;1806
FR;3;2021-10-27;18;99;9;0;9;4415607;3413857;3425;0;1815
FR;3;2021-10-28;22;119;33;0;36;4415629;3413976;3458;0;1851
FR;3;2021-10-29;12;106;64;0;54;4415641;3414082;3522;0;1905
FR;3;2021-10-30;11;63;11;1;10;4415652;3414145;3533;1;1915
FR;3;2021-10-31;8;25;1;0;1;4415660;3414170;3534;1;1916
FR;3;2021-11-01;10;22;2;0;1;4415670;3414192;3536;1;1917
FR;3;2021-11-02;10;102;10;0;12;4415680;3414294;3546;1;1929
FR;3;2021-11-03;19;112;10;0;10;4415699;3414406;3556;1;1939
FR;3;2021-11-04;20;91;5;0;4;4415719;3414497;3561;1;1943
FR;3;2021-11-05;19;127;8;1;5;4415738;3414624;3569;2;1948
FR;3;2021-11-06;10;59;3;0;3;4415748;3414683;3572;2;1951
FR;3;2021-11-07;6;21;1;0;1;4415754;3414704;3573;2;1952
FR;3;2021-11-08;11;134;7;0;5;4415765;3414838;3580;2;1957
FR;3;2021-11-09;13;134;5;0;5;4415778;3414972;3585;2;1962
FR;3;2021-11-10;14;162;14;0;15;4415792;3415134;3599;2;1977
FR;3;2021-11-11;11;49;3;0;3;4415803;3415183;3602;2;1980
FR;3;2021-11-12;14;135;6;0;4;4415817;3415318;3608;2;1984
FR;3;2021-11-13;7;67;9;0;10;4415824;3415385;3617;2;1994
FR;3;2021-11-14;3;24;1;0;1;4415827;3415409;3618;2;1995
FR;3;2021-11-15;5;173;10;0;11;4415832;3415582;3628;2;2006
FR;3;2021-11-16;6;144;11;0;10;4415838;3415726;3639;2;2016
FR;3;2021-11-17;7;149;11;0;8;4415845;3415875;3650;2;2024
FR;3;2021-11-18;15;148;10;0;11;4415860;3416023;3660;2;2035
FR;3;2021-11-19;10;200;22;0;27;4415870;3416223;3682;2;2062
FR;3;2021-11-20;6;107;6;0;6;4415876;3416330;3688;2;2068
FR;3;2021-11-21;3;26;4;0;4;4415879;3416356;3692;2;2072
FR;3;2021-11-22;11;203;11;0;11;4415890;3416559;3703;2;2083
FR;3;2021-11-23;9;199;15;0;14;4415899;3416758;3718;2;2097
FR;3;2021-11-24;9;203;9;0;17;4415908;3416961;3727;2;2114
FR;3;2021-11-25;12;233;11;0;11;4415920;3417194;3738;2;2125
FR;3;2021-11-26;8;305;35;0;33;4415928;3417499;3773;2;2158
FR;3;2021-11-27;8;141;20;0;21;4415936;3417640;3793;2;2179
FR;3;2021-11-28;3;62;7;0;7;4415939;3417702;3800;2;2186
FR;3;2021-11-29;5;256;21;0;22;4415944;3417958;3821;2;2208
FR;3;2021-11-30;7;345;28;0;31;4415951;3418303;3849;2;2239
FR;3;2021-12-01;30;375;37;0;39;4415981;3418678;3886;2;2278
FR;3;2021-12-02;9;396;33;0;36;4415990;3419074;3919;2;2314
FR;3;2021-12-03;4;444;37;0;38;4415994;3419518;3956;2;2352
FR;3;2021-12-04;3;238;26;0;28;4415997;3419756;3982;2;2380
FR;3;2021-12-05;1;66;5;0;5;4415998;3419822;3987;2;2385
FR;3;2021-12-06;6;414;14;0;15;4416004;3420236;4001;2;2400
FR;3;2021-12-07;4;489;20;0;24;4416008;3420725;4021;2;2424
FR;3;2021-12-08;7;442;29;0;30;4416015;3421167;4050;2;2454
FR;3;2021-12-09;3;498;17;0;22;4416018;3421665;4067;2;2476
FR;3;2021-12-10;10;517;29;0;25;4416028;3422182;4096;2;2501
FR;3;2021-12-11;4;334;10;0;9;4416032;3422516;4106;2;2510
FR;3;2021-12-12;1;108;3;0;3;4416033;3422624;4109;2;2513
FR;3;2021-12-13;2;497;19;0;21;4416035;3423121;4128;2;2534
FR;3;2021-12-14;8;633;18;0;21;4416043;3423754;4146;2;2555
FR;3;2021-12-15;9;606;17;0;21;4416052;3424360;4163;2;2576
FR;3;2021-12-16;10;620;19;0;18;4416062;3424980;4182;2;2594
FR;3;2021-12-17;5;703;18;0;19;4416067;3425683;4200;2;2613
FR;3;2021-12-18;4;376;4;0;5;4416071;3426059;4204;2;2618
FR;3;2021-12-19;3;194;2;0;2;4416074;3426253;4206;2;2620
FR;3;2021-12-20;8;633;23;0;28;4416082;3426886;4229;2;2648
FR;3;2021-12-21;3;728;10;0;13;4416085;3427614;4239;2;2661
FR;3;2021-12-22;10;678;9;0;10;4416095;3428292;4248;2;2671
FR;3;2021-12-23;2;588;8;0;8;4416097;3428880;4256;2;2679
FR;3;2021-12-24;2;247;3;0;6;4416099;3429127;4259;2;2685
FR;3;2021-12-25;0;25;0;0;0;4416099;3429152;4259;2;2685
FR;3;2021-12-26;0;92;1;0;1;4416099;3429244;4260;2;2686
FR;3;2021-12-27;7;496;17;0;20;4416106;3429740;4277;2;2706
FR;3;2021-12-28;3;640;6;0;5;4416109;3430380;4283;2;2711
FR;3;2021-12-29;4;533;14;0;16;4416113;3430913;4297;2;2727
FR;3;2021-12-30;3;551;7;0;10;4416116;3431464;4304;2;2737
FR;3;2021-12-31;0;193;5;0;7;4416116;3431657;4309;2;2744
FR;3;2022-01-01;0;26;0;0;2;4416116;3431683;4309;2;2746
FR;3;2022-01-02;0;80;0;0;0;4416116;3431763;4309;2;2746
FR;3;2022-01-03;4;531;17;0;21;4416120;3432294;4326;2;2767
FR;3;2022-01-04;6;578;9;0;8;4416126;3432872;4335;2;2775
FR;3;2022-01-05;5;522;10;0;14;4416131;3433394;4345;2;2789
FR;3;2022-01-06;6;501;9;0;10;4416137;3433895;4354;2;2799
FR;3;2022-01-07;2;530;11;0;13;4416139;3434425;4365;2;2812
FR;3;2022-01-08;4;263;4;0;5;4416143;3434688;4369;2;2817
FR;3;2022-01-09;0;117;0;0;0;4416143;3434805;4369;2;2817
FR;3;2022-01-10;2;455;12;0;12;4416145;3435260;4381;2;2829
FR;3;2022-01-11;3;493;1;0;1;4416148;3435753;4382;2;2830
FR;3;2022-01-12;2;418;9;0;10;4416150;3436171;4391;2;2840
FR;3;2022-01-13;3;406;11;0;12;4416153;3436577;4402;2;2852
FR;3;2022-01-14;3;448;10;0;13;4416156;3437025;4412;2;2865
FR;3;2022-01-15;0;289;2;0;3;4416156;3437314;4414;2;2868
FR;3;2022-01-16;1;110;1;0;1;4416157;3437424;4415;2;2869
FR;3;2022-01-17;2;335;8;0;9;4416159;3437759;4423;2;2878
FR;3;2022-01-18;2;383;1;0;2;4416161;3438142;4424;2;2880
FR;3;2022-01-19;2;337;5;0;10;4416163;3438479;4429;2;2890
FR;3;2022-01-20;1;365;5;0;3;4416164;3438844;4434;2;2893
FR;3;2022-01-21;4;354;5;0;7;4416168;3439198;4439;2;2900
FR;3;2022-01-22;2;230;1;0;2;4416170;3439428;4440;2;2902
FR;3;2022-01-23;0;81;0;0;1;4416170;3439509;4440;2;2903
FR;3;2022-01-24;2;332;1;0;6;4416172;3439841;4441;2;2909
FR;3;2022-01-25;0;180;0;0;0;4416172;3440021;4441;2;2909
FR;3;2022-01-26;0;80;0;0;0;4416172;3440101;4441;2;2909
FR;3;2022-01-27;0;54;0;0;0;4416172;3440155;4441;2;2909
FR;3;2022-01-28;0;123;0;0;0;4416172;3440278;4441;2;2909
FR;3;2022-01-29;0;101;0;0;0;4416172;3440379;4441;2;2909
FR;3;2022-01-30;0;51;0;0;0;4416172;3440430;4441;2;2909
FR;3;2022-01-31;0;95;0;0;0;4416172;3440525;4441;2;2909
FR;3;2022-02-01;0;101;0;0;1;4416172;3440626;4441;2;2910
FR;3;2022-02-02;0;87;0;0;0;4416172;3440713;4441;2;2910
FR;3;2022-02-03;0;96;0;0;0;4416172;3440809;4441;2;2910
FR;3;2022-02-04;0;118;0;0;0;4416172;3440927;4441;2;2910
FR;3;2022-02-05;0;71;0;0;0;4416172;3440998;4441;2;2910
FR;3;2022-02-06;0;11;0;0;0;4416172;3441009;4441;2;2910
FR;3;2022-02-07;0;85;0;0;0;4416172;3441094;4441;2;2910
FR;3;2022-02-08;0;0;0;0;0;4416172;3441094;4441;2;2910
FR;3;2022-02-09;0;0;0;0;0;4416172;3441094;4441;2;2910
FR;3;2022-02-10;0;0;0;0;0;4416172;3441094;4441;2;2910
FR;3;2022-02-11;0;0;0;0;0;4416172;3441094;4441;2;2910
FR;3;2022-02-12;0;0;0;0;0;4416172;3441094;4441;2;2910
FR;3;2022-02-13;0;0;0;0;0;4416172;3441094;4441;2;2910
FR;3;2022-02-14;0;0;0;0;0;4416172;3441094;4441;2;2910
FR;3;2022-02-15;0;0;0;0;0;4416172;3441094;4441;2;2910
FR;3;2022-02-16;0;0;0;0;0;4416172;3441094;4441;2;2910
FR;3;2022-02-17;0;0;0;0;0;4416172;3441094;4441;2;2910
FR;3;2022-02-18;0;0;0;0;0;4416172;3441094;4441;2;2910
FR;3;2022-02-19;0;0;0;0;0;4416172;3441094;4441;2;2910
FR;3;2022-02-20;0;0;0;0;0;4416172;3441094;4441;2;2910
FR;3;2022-02-21;2;0;0;0;0;4416174;3441094;4441;2;2910
FR;3;2022-02-22;0;0;0;0;0;4416174;3441094;4441;2;2910
FR;3;2022-02-23;0;0;0;0;0;4416174;3441094;4441;2;2910
FR;3;2022-02-24;0;0;0;0;0;4416174;3441094;4441;2;2910
FR;3;2022-02-25;0;0;0;0;0;4416174;3441094;4441;2;2910
FR;3;2022-02-26;0;0;0;0;0;4416174;3441094;4441;2;2910
FR;3;2022-02-27;0;0;0;0;0;4416174;3441094;4441;2;2910
FR;3;2022-02-28;1;0;0;0;0;4416175;3441094;4441;2;2910
FR;3;2022-03-01;1;0;0;0;0;4416176;3441094;4441;2;2910
FR;3;2022-03-02;0;0;0;0;0;4416176;3441094;4441;2;2910
FR;3;2022-03-03;0;0;0;0;0;4416176;3441094;4441;2;2910
FR;3;2022-03-04;0;0;0;0;0;4416176;3441094;4441;2;2910
FR;3;2022-03-05;0;0;0;0;0;4416176;3441094;4441;2;2910
FR;3;2022-03-06;1;0;0;0;0;4416177;3441094;4441;2;2910
FR;3;2022-03-07;0;0;0;0;0;4416177;3441094;4441;2;2910
FR;3;2022-03-08;1;0;0;0;0;4416178;3441094;4441;2;2910
FR;3;2022-03-09;0;0;0;0;0;4416178;3441094;4441;2;2910
FR;3;2022-03-10;0;0;0;0;0;4416178;3441094;4441;2;2910
FR;3;2022-03-11;0;0;0;0;0;4416178;3441094;4441;2;2910
FR;3;2022-03-12;0;0;0;0;0;4416178;3441094;4441;2;2910
FR;3;2022-03-13;0;0;0;0;0;4416178;3441094;4441;2;2910
FR;3;2022-03-14;0;0;0;0;0;4416178;3441094;4441;2;2910
FR;3;2022-03-15;0;0;0;0;0;4416178;3441094;4441;2;2910
FR;3;2022-03-16;0;0;0;0;0;4416178;3441094;4441;2;2910
FR;3;2022-03-17;0;0;0;0;0;4416178;3441094;4441;2;2910
FR;3;2022-03-18;0;0;0;0;0;4416178;3441094;4441;2;2910
FR;3;2022-03-19;0;0;0;0;0;4416178;3441094;4441;2;2910
FR;3;2022-03-20;1;0;0;0;0;4416179;3441094;4441;2;2910
FR;3;2022-03-21;0;0;0;0;0;4416179;3441094;4441;2;2910
FR;3;2022-03-22;0;0;0;0;0;4416179;3441094;4441;2;2910
FR;3;2022-03-23;1;0;0;0;0;4416180;3441094;4441;2;2910
FR;3;2022-03-24;0;0;0;0;0;4416180;3441094;4441;2;2910
FR;3;2022-03-25;1;0;0;0;0;4416181;3441094;4441;2;2910
FR;3;2022-03-26;0;0;0;0;0;4416181;3441094;4441;2;2910
FR;3;2022-03-27;0;0;0;0;0;4416181;3441094;4441;2;2910
FR;3;2022-03-28;0;0;0;0;0;4416181;3441094;4441;2;2910
FR;3;2022-03-29;0;0;0;0;0;4416181;3441094;4441;2;2910
FR;3;2022-03-30;0;0;0;0;0;4416181;3441094;4441;2;2910
FR;3;2022-03-31;0;0;0;0;0;4416181;3441094;4441;2;2910
FR;3;2022-04-01;0;0;0;0;0;4416181;3441094;4441;2;2910
FR;3;2022-04-02;0;0;0;0;0;4416181;3441094;4441;2;2910
FR;3;2022-04-03;0;0;0;0;0;4416181;3441094;4441;2;2910
FR;3;2022-04-04;0;0;0;0;0;4416181;3441094;4441;2;2910
FR;3;2022-04-05;0;0;0;0;0;4416181;3441094;4441;2;2910
FR;3;2022-04-06;0;0;0;0;0;4416181;3441094;4441;2;2910
FR;3;2022-04-07;0;0;0;0;0;4416181;3441094;4441;2;2910
FR;3;2022-04-08;0;0;0;0;0;4416181;3441094;4441;2;2910
FR;3;2022-04-09;0;0;0;0;0;4416181;3441094;4441;2;2910
FR;3;2022-04-10;0;0;0;0;0;4416181;3441094;4441;2;2910
FR;3;2022-04-11;0;0;0;0;0;4416181;3441094;4441;2;2910
FR;3;2022-04-12;0;0;0;0;0;4416181;3441094;4441;2;2910
FR;3;2022-04-13;0;0;0;0;0;4416181;3441094;4441;2;2910
FR;3;2022-04-14;0;0;0;0;0;4416181;3441094;4441;2;2910
FR;3;2022-04-15;1;0;0;0;0;4416182;3441094;4441;2;2910
FR;3;2022-04-16;0;0;0;0;0;4416182;3441094;4441;2;2910
FR;3;2022-04-17;0;0;0;0;0;4416182;3441094;4441;2;2910
FR;3;2022-04-18;0;0;0;0;0;4416182;3441094;4441;2;2910
FR;3;2022-04-19;0;0;0;0;0;4416182;3441094;4441;2;2910
FR;3;2022-04-20;0;0;0;0;0;4416182;3441094;4441;2;2910
FR;3;2022-04-21;0;0;0;0;0;4416182;3441094;4441;2;2910
FR;3;2022-04-22;0;0;0;0;0;4416182;3441094;4441;2;2910
FR;3;2022-04-23;0;0;0;0;0;4416182;3441094;4441;2;2910
FR;3;2022-04-24;0;0;0;0;0;4416182;3441094;4441;2;2910
FR;3;2022-04-25;0;0;0;0;0;4416182;3441094;4441;2;2910
FR;3;2022-04-26;0;0;0;0;0;4416182;3441094;4441;2;2910
FR;3;2022-04-27;0;0;0;0;0;4416182;3441094;4441;2;2910
FR;3;2022-04-28;0;0;0;0;0;4416182;3441094;4441;2;2910
FR;3;2022-04-29;0;0;0;0;0;4416182;3441094;4441;2;2910
FR;3;2022-04-30;0;0;0;0;0;4416182;3441094;4441;2;2910
FR;3;2022-05-01;0;0;0;0;0;4416182;3441094;4441;2;2910
FR;3;2022-05-02;0;0;0;0;0;4416182;3441094;4441;2;2910
FR;3;2022-05-03;0;0;0;0;0;4416182;3441094;4441;2;2910
FR;3;2022-05-04;0;0;0;0;0;4416182;3441094;4441;2;2910
FR;3;2022-05-05;0;0;0;0;0;4416182;3441094;4441;2;2910
FR;3;2022-05-06;0;0;0;0;0;4416182;3441094;4441;2;2910
FR;3;2022-05-07;0;0;0;0;0;4416182;3441094;4441;2;2910
FR;3;2022-05-08;0;0;0;0;0;4416182;3441094;4441;2;2910
FR;3;2022-05-09;0;0;0;0;0;4416182;3441094;4441;2;2910
FR;3;2022-05-10;0;0;0;0;0;4416182;3441094;4441;2;2910
FR;3;2022-05-11;0;0;0;0;0;4416182;3441094;4441;2;2910
FR;3;2022-05-12;0;0;0;0;0;4416182;3441094;4441;2;2910
FR;3;2022-05-13;0;0;0;0;0;4416182;3441094;4441;2;2910
FR;3;2022-05-14;1;0;0;0;0;4416183;3441094;4441;2;2910
FR;3;2022-05-15;0;0;0;0;0;4416183;3441094;4441;2;2910
FR;3;2022-05-16;0;0;0;0;0;4416183;3441094;4441;2;2910
FR;3;2022-05-17;0;0;0;0;0;4416183;3441094;4441;2;2910
FR;3;2022-05-18;0;0;0;0;0;4416183;3441094;4441;2;2910
FR;3;2022-05-19;0;0;0;0;0;4416183;3441094;4441;2;2910
FR;3;2022-05-20;0;0;0;0;0;4416183;3441094;4441;2;2910
FR;3;2022-05-21;0;0;0;0;0;4416183;3441094;4441;2;2910
FR;3;2022-05-22;0;0;0;0;0;4416183;3441094;4441;2;2910
FR;3;2022-05-23;0;0;0;0;0;4416183;3441094;4441;2;2910
FR;3;2022-05-24;0;0;0;0;0;4416183;3441094;4441;2;2910
FR;3;2022-05-25;0;0;0;0;0;4416183;3441094;4441;2;2910
FR;3;2022-05-26;0;0;0;0;0;4416183;3441094;4441;2;2910
FR;3;2022-05-27;0;0;0;0;0;4416183;3441094;4441;2;2910
FR;3;2022-05-28;0;0;0;0;0;4416183;3441094;4441;2;2910
FR;3;2022-05-29;0;0;0;0;0;4416183;3441094;4441;2;2910
FR;3;2022-05-30;0;0;0;0;0;4416183;3441094;4441;2;2910
FR;3;2022-05-31;0;0;0;0;0;4416183;3441094;4441;2;2910
FR;3;2022-06-01;0;0;0;0;0;4416183;3441094;4441;2;2910
FR;3;2022-06-02;0;0;0;0;0;4416183;3441094;4441;2;2910
FR;3;2022-06-03;0;0;0;0;0;4416183;3441094;4441;2;2910
FR;3;2022-06-04;0;0;0;0;0;4416183;3441094;4441;2;2910
FR;3;2022-06-05;0;0;0;0;0;4416183;3441094;4441;2;2910
FR;3;2022-06-06;0;0;0;0;0;4416183;3441094;4441;2;2910
FR;3;2022-06-07;0;0;0;0;0;4416183;3441094;4441;2;2910
FR;3;2022-06-08;0;0;0;0;0;4416183;3441094;4441;2;2910
FR;3;2022-06-09;0;0;0;0;0;4416183;3441094;4441;2;2910
FR;3;2022-06-10;0;0;0;0;0;4416183;3441094;4441;2;2910
FR;3;2022-06-11;0;0;0;0;0;4416183;3441094;4441;2;2910
FR;3;2022-06-12;0;0;0;0;0;4416183;3441094;4441;2;2910
FR;3;2022-06-13;1;0;0;0;0;4416184;3441094;4441;2;2910
FR;3;2022-06-14;0;0;0;0;0;4416184;3441094;4441;2;2910
FR;3;2022-06-15;0;0;0;0;0;4416184;3441094;4441;2;2910
FR;3;2022-06-16;0;0;0;0;0;4416184;3441094;4441;2;2910
FR;3;2022-06-17;0;0;0;0;0;4416184;3441094;4441;2;2910
FR;3;2022-06-18;0;0;0;0;0;4416184;3441094;4441;2;2910
FR;3;2022-06-19;0;0;0;0;0;4416184;3441094;4441;2;2910
FR;3;2022-06-20;0;0;0;0;0;4416184;3441094;4441;2;2910
FR;3;2022-06-21;0;0;0;0;0;4416184;3441094;4441;2;2910
FR;3;2022-06-22;0;0;0;0;0;4416184;3441094;4441;2;2910
FR;3;2022-06-23;0;0;0;0;0;4416184;3441094;4441;2;2910
FR;3;2022-06-24;0;0;0;0;0;4416184;3441094;4441;2;2910
FR;3;2022-06-25;0;0;0;0;0;4416184;3441094;4441;2;2910
FR;3;2022-06-26;0;0;0;0;0;4416184;3441094;4441;2;2910
FR;3;2022-06-27;0;0;0;0;0;4416184;3441094;4441;2;2910
FR;3;2022-06-28;0;0;0;0;0;4416184;3441094;4441;2;2910
FR;3;2022-06-29;1;0;0;0;0;4416185;3441094;4441;2;2910
FR;3;2022-06-30;0;0;0;0;0;4416185;3441094;4441;2;2910
FR;3;2022-07-01;0;0;0;0;0;4416185;3441094;4441;2;2910
FR;3;2022-07-02;0;0;0;0;0;4416185;3441094;4441;2;2910
FR;3;2022-07-03;0;0;0;0;0;4416185;3441094;4441;2;2910
FR;3;2022-07-04;0;0;0;0;0;4416185;3441094;4441;2;2910
FR;3;2022-07-05;0;0;0;0;0;4416185;3441094;4441;2;2910
FR;3;2022-07-06;0;0;0;0;0;4416185;3441094;4441;2;2910
FR;3;2022-07-07;0;0;0;0;0;4416185;3441094;4441;2;2910
FR;3;2022-07-08;0;0;0;0;0;4416185;3441094;4441;2;2910
FR;3;2022-07-09;0;0;0;0;0;4416185;3441094;4441;2;2910
FR;3;2022-07-10;0;0;0;0;0;4416185;3441094;4441;2;2910
FR;3;2022-07-11;0;0;0;0;0;4416185;3441094;4441;2;2910
FR;3;2022-07-12;0;0;0;0;0;4416185;3441094;4441;2;2910
FR;3;2022-07-13;0;0;0;0;0;4416185;3441094;4441;2;2910
FR;3;2022-07-14;0;0;0;0;0;4416185;3441094;4441;2;2910
FR;3;2022-07-15;0;0;0;0;0;4416185;3441094;4441;2;2910
FR;3;2022-07-16;0;0;0;0;0;4416185;3441094;4441;2;2910
FR;3;2022-07-17;0;0;0;0;0;4416185;3441094;4441;2;2910
FR;3;2022-07-18;0;0;0;0;0;4416185;3441094;4441;2;2910
FR;3;2022-07-19;0;0;0;0;0;4416185;3441094;4441;2;2910
FR;3;2022-07-20;0;0;0;0;0;4416185;3441094;4441;2;2910
FR;3;2022-07-21;0;0;0;0;0;4416185;3441094;4441;2;2910
FR;3;2022-07-22;0;0;0;0;0;4416185;3441094;4441;2;2910
FR;3;2022-07-23;0;0;0;0;0;4416185;3441094;4441;2;2910
FR;3;2022-07-24;0;0;0;0;0;4416185;3441094;4441;2;2910
FR;3;2022-07-25;0;0;0;0;0;4416185;3441094;4441;2;2910
FR;3;2022-07-26;0;0;0;0;0;4416185;3441094;4441;2;2910
FR;3;2022-07-27;0;0;0;0;0;4416185;3441094;4441;2;2910
FR;3;2022-07-28;0;0;0;0;0;4416185;3441094;4441;2;2910
FR;3;2022-07-29;0;0;0;0;0;4416185;3441094;4441;2;2910
FR;3;2022-07-30;0;0;0;0;0;4416185;3441094;4441;2;2910
FR;3;2022-07-31;0;0;0;0;0;4416185;3441094;4441;2;2910
FR;3;2022-08-01;0;0;0;0;0;4416185;3441094;4441;2;2910
FR;3;2022-08-02;0;0;0;0;0;4416185;3441094;4441;2;2910
FR;3;2022-08-03;0;0;0;0;0;4416185;3441094;4441;2;2910
FR;3;2022-08-04;0;0;0;0;0;4416185;3441094;4441;2;2910
FR;3;2022-08-05;0;0;0;0;0;4416185;3441094;4441;2;2910
FR;3;2022-08-06;0;0;0;0;0;4416185;3441094;4441;2;2910
FR;3;2022-08-07;0;0;0;0;0;4416185;3441094;4441;2;2910
FR;3;2022-08-08;0;0;0;0;0;4416185;3441094;4441;2;2910
FR;3;2022-08-09;0;0;0;0;0;4416185;3441094;4441;2;2910
FR;3;2022-08-10;0;0;0;0;0;4416185;3441094;4441;2;2910
FR;3;2022-08-11;0;0;0;0;0;4416185;3441094;4441;2;2910
FR;3;2022-08-12;0;0;0;0;0;4416185;3441094;4441;2;2910
FR;3;2022-08-13;0;0;0;0;0;4416185;3441094;4441;2;2910
FR;3;2022-08-14;0;0;0;0;0;4416185;3441094;4441;2;2910
FR;3;2022-08-15;0;0;0;0;0;4416185;3441094;4441;2;2910
FR;3;2022-08-16;0;0;0;0;0;4416185;3441094;4441;2;2910
FR;3;2022-08-17;0;0;0;0;0;4416185;3441094;4441;2;2910
FR;3;2022-08-18;0;0;0;0;0;4416185;3441094;4441;2;2910
FR;3;2022-08-19;0;0;0;0;0;4416185;3441094;4441;2;2910
FR;3;2022-08-20;0;0;0;0;0;4416185;3441094;4441;2;2910
FR;3;2022-08-21;0;0;0;0;0;4416185;3441094;4441;2;2910
FR;3;2022-08-22;0;0;0;0;0;4416185;3441094;4441;2;2910
FR;3;2022-08-23;0;0;0;0;0;4416185;3441094;4441;2;2910
FR;3;2022-08-24;0;0;0;0;0;4416185;3441094;4441;2;2910
FR;3;2022-08-25;0;0;0;0;0;4416185;3441094;4441;2;2910
FR;3;2022-08-26;0;0;0;0;0;4416185;3441094;4441;2;2910
FR;3;2022-08-27;0;0;0;0;0;4416185;3441094;4441;2;2910
FR;3;2022-08-28;0;0;0;0;0;4416185;3441094;4441;2;2910
FR;3;2022-08-29;0;0;0;0;0;4416185;3441094;4441;2;2910
FR;3;2022-08-30;0;0;0;0;0;4416185;3441094;4441;2;2910
FR;3;2022-08-31;0;0;0;0;0;4416185;3441094;4441;2;2910
FR;3;2022-09-01;0;0;0;0;0;4416185;3441094;4441;2;2910
FR;3;2022-09-02;0;0;0;0;0;4416185;3441094;4441;2;2910
FR;3;2022-09-03;0;0;0;0;0;4416185;3441094;4441;2;2910
FR;3;2022-09-04;0;0;0;0;0;4416185;3441094;4441;2;2910
FR;3;2022-09-05;0;0;0;0;0;4416185;3441094;4441;2;2910
FR;3;2022-09-06;0;0;0;0;0;4416185;3441094;4441;2;2910
FR;3;2022-09-07;0;0;0;0;0;4416185;3441094;4441;2;2910
FR;3;2022-09-08;0;0;0;0;0;4416185;3441094;4441;2;2910
FR;3;2022-09-09;0;0;0;0;0;4416185;3441094;4441;2;2910
FR;3;2022-09-10;0;0;0;0;0;4416185;3441094;4441;2;2910
FR;3;2022-09-11;0;0;0;0;0;4416185;3441094;4441;2;2910
FR;3;2022-09-12;0;0;0;0;0;4416185;3441094;4441;2;2910
FR;3;2022-09-13;0;0;0;0;0;4416185;3441094;4441;2;2910
FR;3;2022-09-14;0;0;0;0;0;4416185;3441094;4441;2;2910
FR;3;2022-09-15;0;0;0;0;0;4416185;3441094;4441;2;2910
FR;3;2022-09-16;0;0;0;0;0;4416185;3441094;4441;2;2910
FR;3;2022-09-17;0;0;0;0;0;4416185;3441094;4441;2;2910
FR;3;2022-09-18;0;0;0;0;0;4416185;3441094;4441;2;2910
FR;3;2022-09-19;0;0;0;0;0;4416185;3441094;4441;2;2910
FR;3;2022-09-20;0;0;0;0;0;4416185;3441094;4441;2;2910
FR;3;2022-09-21;0;0;0;0;0;4416185;3441094;4441;2;2910
FR;3;2022-09-22;0;0;0;0;0;4416185;3441094;4441;2;2910
FR;3;2022-09-23;0;0;0;0;0;4416185;3441094;4441;2;2910
FR;3;2022-09-24;0;0;0;0;0;4416185;3441094;4441;2;2910
FR;3;2022-09-25;0;0;0;0;0;4416185;3441094;4441;2;2910
FR;3;2022-09-26;0;0;0;0;0;4416185;3441094;4441;2;2910
FR;3;2022-09-27;0;0;0;0;0;4416185;3441094;4441;2;2910
FR;4;2020-12-27;0;0;0;0;0;0;0;0;0;0
FR;4;2020-12-28;0;0;0;0;0;0;0;0;0;0
FR;4;2020-12-29;0;0;0;0;0;0;0;0;0;0
FR;4;2020-12-30;0;0;0;0;0;0;0;0;0;0
FR;4;2020-12-31;0;0;0;0;0;0;0;0;0;0
FR;4;2021-01-01;0;0;0;0;0;0;0;0;0;0
FR;4;2021-01-02;0;0;0;0;0;0;0;0;0;0
FR;4;2021-01-03;0;0;0;0;0;0;0;0;0;0
FR;4;2021-01-04;0;0;0;0;0;0;0;0;0;0
FR;4;2021-01-05;0;0;0;0;0;0;0;0;0;0
FR;4;2021-01-06;0;0;0;0;0;0;0;0;0;0
FR;4;2021-01-07;0;0;0;0;0;0;0;0;0;0
FR;4;2021-01-08;0;0;0;0;0;0;0;0;0;0
FR;4;2021-01-09;0;0;0;0;0;0;0;0;0;0
FR;4;2021-01-10;0;0;0;0;0;0;0;0;0;0
FR;4;2021-01-11;0;0;0;0;0;0;0;0;0;0
FR;4;2021-01-12;0;0;0;0;0;0;0;0;0;0
FR;4;2021-01-13;0;0;0;0;0;0;0;0;0;0
FR;4;2021-01-14;0;0;0;0;0;0;0;0;0;0
FR;4;2021-01-15;0;0;0;0;0;0;0;0;0;0
FR;4;2021-01-16;0;0;0;0;0;0;0;0;0;0
FR;4;2021-01-17;0;0;0;0;0;0;0;0;0;0
FR;4;2021-01-18;0;0;0;0;0;0;0;0;0;0
FR;4;2021-01-19;0;0;0;0;0;0;0;0;0;0
FR;4;2021-01-20;0;0;0;0;0;0;0;0;0;0
FR;4;2021-01-21;0;0;0;0;0;0;0;0;0;0
FR;4;2021-01-22;0;0;0;0;0;0;0;0;0;0
FR;4;2021-01-23;0;0;0;0;0;0;0;0;0;0
FR;4;2021-01-24;0;0;0;0;0;0;0;0;0;0
FR;4;2021-01-25;0;0;0;0;0;0;0;0;0;0
FR;4;2021-01-26;0;0;0;0;0;0;0;0;0;0
FR;4;2021-01-27;0;0;0;0;0;0;0;0;0;0
FR;4;2021-01-28;0;0;0;0;0;0;0;0;0;0
FR;4;2021-01-29;0;0;0;0;0;0;0;0;0;0
FR;4;2021-01-30;0;0;0;0;0;0;0;0;0;0
FR;4;2021-01-31;0;0;0;0;0;0;0;0;0;0
FR;4;2021-02-01;0;0;0;0;0;0;0;0;0;0
FR;4;2021-02-02;0;0;0;0;0;0;0;0;0;0
FR;4;2021-02-03;0;0;0;0;0;0;0;0;0;0
FR;4;2021-02-04;0;0;0;0;0;0;0;0;0;0
FR;4;2021-02-05;0;0;0;0;0;0;0;0;0;0
FR;4;2021-02-06;0;0;0;0;0;0;0;0;0;0
FR;4;2021-02-07;0;0;0;0;0;0;0;0;0;0
FR;4;2021-02-08;0;0;0;0;0;0;0;0;0;0
FR;4;2021-02-09;0;0;0;0;0;0;0;0;0;0
FR;4;2021-02-10;0;0;0;0;0;0;0;0;0;0
FR;4;2021-02-11;0;0;0;0;0;0;0;0;0;0
FR;4;2021-02-12;0;0;0;0;0;0;0;0;0;0
FR;4;2021-02-13;0;0;0;0;0;0;0;0;0;0
FR;4;2021-02-14;0;0;0;0;0;0;0;0;0;0
FR;4;2021-02-15;0;0;0;0;0;0;0;0;0;0
FR;4;2021-02-16;0;0;0;0;0;0;0;0;0;0
FR;4;2021-02-17;0;0;0;0;0;0;0;0;0;0
FR;4;2021-02-18;0;0;0;0;0;0;0;0;0;0
FR;4;2021-02-19;0;0;0;0;0;0;0;0;0;0
FR;4;2021-02-20;0;0;0;0;0;0;0;0;0;0
FR;4;2021-02-21;0;0;0;0;0;0;0;0;0;0
FR;4;2021-02-22;0;0;0;0;0;0;0;0;0;0
FR;4;2021-02-23;0;0;0;0;0;0;0;0;0;0
FR;4;2021-02-24;0;0;0;0;0;0;0;0;0;0
FR;4;2021-02-25;0;0;0;0;0;0;0;0;0;0
FR;4;2021-02-26;0;0;0;0;0;0;0;0;0;0
FR;4;2021-02-27;0;0;0;0;0;0;0;0;0;0
FR;4;2021-02-28;0;0;0;0;0;0;0;0;0;0
FR;4;2021-03-01;0;0;0;0;0;0;0;0;0;0
FR;4;2021-03-02;0;0;0;0;0;0;0;0;0;0
FR;4;2021-03-03;0;0;0;0;0;0;0;0;0;0
FR;4;2021-03-04;0;0;0;0;0;0;0;0;0;0
FR;4;2021-03-05;0;0;0;0;0;0;0;0;0;0
FR;4;2021-03-06;0;0;0;0;0;0;0;0;0;0
FR;4;2021-03-07;0;0;0;0;0;0;0;0;0;0
FR;4;2021-03-08;0;0;0;0;0;0;0;0;0;0
FR;4;2021-03-09;0;0;0;0;0;0;0;0;0;0
FR;4;2021-03-10;0;0;0;0;0;0;0;0;0;0
FR;4;2021-03-11;0;0;0;0;0;0;0;0;0;0
FR;4;2021-03-12;0;0;0;0;0;0;0;0;0;0
FR;4;2021-03-13;0;0;0;0;0;0;0;0;0;0
FR;4;2021-03-14;0;0;0;0;0;0;0;0;0;0
FR;4;2021-03-15;0;0;0;0;0;0;0;0;0;0
FR;4;2021-03-16;0;0;0;0;0;0;0;0;0;0
FR;4;2021-03-17;0;0;0;0;0;0;0;0;0;0
FR;4;2021-03-18;0;0;0;0;0;0;0;0;0;0
FR;4;2021-03-19;0;0;0;0;0;0;0;0;0;0
FR;4;2021-03-20;0;0;0;0;0;0;0;0;0;0
FR;4;2021-03-21;0;0;0;0;0;0;0;0;0;0
FR;4;2021-03-22;0;0;0;0;0;0;0;0;0;0
FR;4;2021-03-23;0;0;0;0;0;0;0;0;0;0
FR;4;2021-03-24;0;0;0;0;0;0;0;0;0;0
FR;4;2021-03-25;0;0;0;0;0;0;0;0;0;0
FR;4;2021-03-26;0;0;0;0;0;0;0;0;0;0
FR;4;2021-03-27;0;0;0;0;0;0;0;0;0;0
FR;4;2021-03-28;0;0;0;0;0;0;0;0;0;0
FR;4;2021-03-29;0;0;0;0;0;0;0;0;0;0
FR;4;2021-03-30;0;0;0;0;0;0;0;0;0;0
FR;4;2021-03-31;0;0;0;0;0;0;0;0;0;0
FR;4;2021-04-01;0;0;0;0;0;0;0;0;0;0
FR;4;2021-04-02;0;0;0;0;0;0;0;0;0;0
FR;4;2021-04-03;0;0;0;0;0;0;0;0;0;0
FR;4;2021-04-04;0;0;0;0;0;0;0;0;0;0
FR;4;2021-04-05;0;0;0;0;0;0;0;0;0;0
FR;4;2021-04-06;0;0;0;0;0;0;0;0;0;0
FR;4;2021-04-07;0;0;0;0;0;0;0;0;0;0
FR;4;2021-04-08;0;0;0;0;0;0;0;0;0;0
FR;4;2021-04-09;0;0;0;0;0;0;0;0;0;0
FR;4;2021-04-10;0;0;0;0;0;0;0;0;0;0
FR;4;2021-04-11;0;0;0;0;0;0;0;0;0;0
FR;4;2021-04-12;0;0;0;0;0;0;0;0;0;0
FR;4;2021-04-13;0;0;0;0;0;0;0;0;0;0
FR;4;2021-04-14;0;0;0;0;0;0;0;0;0;0
FR;4;2021-04-15;0;0;0;0;0;0;0;0;0;0
FR;4;2021-04-16;0;0;0;0;0;0;0;0;0;0
FR;4;2021-04-17;0;0;0;0;0;0;0;0;0;0
FR;4;2021-04-18;0;0;0;0;0;0;0;0;0;0
FR;4;2021-04-19;0;0;0;0;0;0;0;0;0;0
FR;4;2021-04-20;0;0;0;0;0;0;0;0;0;0
FR;4;2021-04-21;0;0;0;0;0;0;0;0;0;0
FR;4;2021-04-22;0;0;0;0;0;0;0;0;0;0
FR;4;2021-04-23;3837;0;0;0;0;3837;0;0;0;0
FR;4;2021-04-24;1569;0;0;0;0;5406;0;0;0;0
FR;4;2021-04-25;125;0;0;0;0;5531;0;0;0;0
FR;4;2021-04-26;2869;1;0;0;0;8400;1;0;0;0
FR;4;2021-04-27;9520;3;0;0;0;17920;4;0;0;0
FR;4;2021-04-28;9906;6;0;0;0;27826;10;0;0;0
FR;4;2021-04-29;15991;8;0;0;0;43817;18;0;0;0
FR;4;2021-04-30;19233;10;0;0;0;63050;28;0;0;0
FR;4;2021-05-01;1993;6;0;0;0;65043;34;0;0;0
FR;4;2021-05-02;483;0;0;0;0;65526;34;0;0;0
FR;4;2021-05-03;5064;2;0;0;0;70590;36;0;0;0
FR;4;2021-05-04;8401;11;0;0;0;78991;47;0;0;0
FR;4;2021-05-05;6189;7;0;0;0;85180;54;0;0;0
FR;4;2021-05-06;11385;11;0;0;0;96565;65;0;0;0
FR;4;2021-05-07;19124;9;0;0;0;115689;74;0;0;0
FR;4;2021-05-08;2378;6;0;0;0;118067;80;0;0;0
FR;4;2021-05-09;688;3;0;0;0;118755;83;0;0;0
FR;4;2021-05-10;7243;5;1;0;0;125998;88;1;0;0
FR;4;2021-05-11;14321;12;0;0;0;140319;100;1;0;0
FR;4;2021-05-12;10172;15;0;0;0;150491;115;1;0;0
FR;4;2021-05-13;1583;4;0;0;0;152074;119;1;0;0
FR;4;2021-05-14;7766;7;0;0;0;159840;126;1;0;0
FR;4;2021-05-15;3720;8;1;0;0;163560;134;2;0;0
FR;4;2021-05-16;417;1;0;0;0;163977;135;2;0;0
FR;4;2021-05-17;4478;6;0;0;0;168455;141;2;0;0
FR;4;2021-05-18;8762;10;0;0;0;177217;151;2;0;0
FR;4;2021-05-19;5693;7;0;0;0;182910;158;2;0;0
FR;4;2021-05-20;9483;7;0;0;0;192393;165;2;0;0
FR;4;2021-05-21;12803;30;0;0;0;205196;195;2;0;0
FR;4;2021-05-22;5058;15;0;0;0;210254;210;2;0;0
FR;4;2021-05-23;494;4;0;0;0;210748;214;2;0;0
FR;4;2021-05-24;1058;7;0;0;0;211806;221;2;0;0
FR;4;2021-05-25;7632;16;0;0;0;219438;237;2;0;0
FR;4;2021-05-26;7728;16;0;0;0;227166;253;2;0;0
FR;4;2021-05-27;14333;35;0;0;0;241499;288;2;0;0
FR;4;2021-05-28;26591;82;1;0;0;268090;370;3;0;0
FR;4;2021-05-29;11385;18;0;0;0;279475;388;3;0;0
FR;4;2021-05-30;973;6;0;0;0;280448;394;3;0;0
FR;4;2021-05-31;12693;21;0;0;0;293141;415;3;0;0
FR;4;2021-06-01;20262;47;1;0;0;313403;462;4;0;0
FR;4;2021-06-02;14520;33;0;0;0;327923;495;4;0;0
FR;4;2021-06-03;19427;24;1;0;0;347350;519;5;0;0
FR;4;2021-06-04;22515;47;0;0;0;369865;566;5;0;0
FR;4;2021-06-05;9714;32;0;0;0;379579;598;5;0;0
FR;4;2021-06-06;1039;1;0;0;0;380618;599;5;0;0
FR;4;2021-06-07;9227;19;0;0;0;389845;618;5;0;0
FR;4;2021-06-08;14613;31;0;0;0;404458;649;5;0;0
FR;4;2021-06-09;12206;25;0;0;0;416664;674;5;0;0
FR;4;2021-06-10;15404;30;0;0;0;432068;704;5;0;0
FR;4;2021-06-11;16984;56;0;0;0;449052;760;5;0;0
FR;4;2021-06-12;7449;27;0;0;0;456501;787;5;0;0
FR;4;2021-06-13;907;3;0;0;0;457408;790;5;0;0
FR;4;2021-06-14;6649;26;0;0;0;464057;816;5;0;0
FR;4;2021-06-15;10890;37;0;0;0;474947;853;5;0;0
FR;4;2021-06-16;8908;16;0;0;0;483855;869;5;0;0
FR;4;2021-06-17;10898;37;0;0;0;494753;906;5;0;0
FR;4;2021-06-18;12422;45;0;0;0;507175;951;5;0;0
FR;4;2021-06-19;5567;25;0;0;0;512742;976;5;0;0
FR;4;2021-06-20;823;5;0;0;0;513565;981;5;0;0
FR;4;2021-06-21;5099;20;0;0;0;518664;1001;5;0;0
FR;4;2021-06-22;7911;28;2;0;0;526575;1029;7;0;0
FR;4;2021-06-23;7100;41;2;0;0;533675;1070;9;0;0
FR;4;2021-06-24;8652;46;1;0;0;542327;1116;10;0;0
FR;4;2021-06-25;10171;40;2;0;0;552498;1156;12;0;0
FR;4;2021-06-26;4848;21;0;0;0;557346;1177;12;0;0
FR;4;2021-06-27;764;4;0;0;0;558110;1181;12;0;0
FR;4;2021-06-28;4830;16;1;0;0;562940;1197;13;0;0
FR;4;2021-06-29;7107;28;2;0;0;570047;1225;15;0;0
FR;4;2021-06-30;6721;39;2;0;0;576768;1264;17;0;0
FR;4;2021-07-01;8206;42;0;0;0;584974;1306;17;0;0
FR;4;2021-07-02;9426;53;1;0;0;594400;1359;18;0;0
FR;4;2021-07-03;4846;20;0;0;0;599246;1379;18;0;0
FR;4;2021-07-04;689;5;0;0;0;599935;1384;18;0;0
FR;4;2021-07-05;4772;19;2;0;0;604707;1403;20;0;0
FR;4;2021-07-06;7725;28;4;0;0;612432;1431;24;0;0
FR;4;2021-07-07;7084;34;2;0;0;619516;1465;26;0;0
FR;4;2021-07-08;9231;39;2;0;0;628747;1504;28;0;0
FR;4;2021-07-09;10278;34;1;0;0;639025;1538;29;0;0
FR;4;2021-07-10;4638;14;2;0;0;643663;1552;31;0;0
FR;4;2021-07-11;583;4;1;0;0;644246;1556;32;0;0
FR;4;2021-07-12;5874;29;0;0;0;650120;1585;32;0;0
FR;4;2021-07-13;14232;29;0;0;0;664352;1614;32;0;0
FR;4;2021-07-14;2289;15;0;0;0;666641;1629;32;0;0
FR;4;2021-07-15;18235;36;0;0;0;684876;1665;32;0;0
FR;4;2021-07-16;22835;71;2;0;0;707711;1736;34;0;0
FR;4;2021-07-17;9736;20;0;0;0;717447;1756;34;0;0
FR;4;2021-07-18;1356;4;0;0;0;718803;1760;34;0;0
FR;4;2021-07-19;12989;30;1;0;0;731792;1790;35;0;0
FR;4;2021-07-20;17343;26;1;0;0;749135;1816;36;0;0
FR;4;2021-07-21;15616;33;0;0;0;764751;1849;36;0;0
FR;4;2021-07-22;18244;44;2;0;0;782995;1893;38;0;0
FR;4;2021-07-23;20415;57;7;0;0;803410;1950;45;0;0
FR;4;2021-07-24;9289;32;0;0;0;812699;1982;45;0;0
FR;4;2021-07-25;1353;8;0;0;0;814052;1990;45;0;0
FR;4;2021-07-26;11041;22;0;0;0;825093;2012;45;0;0
FR;4;2021-07-27;14678;35;3;0;0;839771;2047;48;0;0
FR;4;2021-07-28;12930;26;2;0;0;852701;2073;50;0;0
FR;4;2021-07-29;14088;54;4;0;0;866789;2127;54;0;0
FR;4;2021-07-30;15497;46;2;0;0;882286;2173;56;0;0
FR;4;2021-07-31;6840;14;2;0;0;889126;2187;58;0;0
FR;4;2021-08-01;905;1;0;0;0;890031;2188;58;0;0
FR;4;2021-08-02;7916;31;0;0;0;897947;2219;58;0;0
FR;4;2021-08-03;10798;31;2;0;0;908745;2250;60;0;0
FR;4;2021-08-04;9745;29;0;0;0;918490;2279;60;0;0
FR;4;2021-08-05;9823;41;0;0;0;928313;2320;60;0;0
FR;4;2021-08-06;10197;31;3;0;0;938510;2351;63;0;0
FR;4;2021-08-07;5098;30;1;0;0;943608;2381;64;0;0
FR;4;2021-08-08;1219;13;0;0;0;944827;2394;64;0;0
FR;4;2021-08-09;6345;31;0;0;0;951172;2425;64;0;0
FR;4;2021-08-10;8749;18;0;0;0;959921;2443;64;0;0
FR;4;2021-08-11;7942;34;4;0;0;967863;2477;68;0;0
FR;4;2021-08-12;8584;30;1;0;0;976447;2507;69;0;0
FR;4;2021-08-13;7557;25;0;1;0;984004;2532;69;1;0
FR;4;2021-08-14;3791;20;0;0;0;987795;2552;69;1;0
FR;4;2021-08-15;771;5;0;0;0;988566;2557;69;1;0
FR;4;2021-08-16;4008;17;0;0;0;992574;2574;69;1;0
FR;4;2021-08-17;5628;17;1;0;0;998202;2591;70;1;0
FR;4;2021-08-18;5166;37;0;0;0;1003368;2628;70;1;0
FR;4;2021-08-19;5486;33;3;0;0;1008854;2661;73;1;0
FR;4;2021-08-20;5222;25;1;0;0;1014076;2686;74;1;0
FR;4;2021-08-21;2310;21;1;0;0;1016386;2707;75;1;0
FR;4;2021-08-22;414;2;0;0;0;1016800;2709;75;1;0
FR;4;2021-08-23;2932;19;1;0;0;1019732;2728;76;1;0
FR;4;2021-08-24;3757;15;0;0;0;1023489;2743;76;1;0
FR;4;2021-08-25;3542;25;1;0;0;1027031;2768;77;1;0
FR;4;2021-08-26;3713;21;2;0;0;1030744;2789;79;1;0
FR;4;2021-08-27;3617;31;2;0;0;1034361;2820;81;1;0
FR;4;2021-08-28;1725;10;1;0;0;1036086;2830;82;1;0
FR;4;2021-08-29;384;7;1;0;0;1036470;2837;83;1;0
FR;4;2021-08-30;2009;25;0;0;15;1038479;2862;83;1;15
FR;4;2021-08-31;2485;21;0;0;14;1040964;2883;83;1;29
FR;4;2021-09-01;2083;38;1;0;21;1043047;2921;84;1;50
FR;4;2021-09-02;2305;31;4;0;18;1045352;2952;88;1;68
FR;4;2021-09-03;2362;44;5;0;36;1047714;2996;93;1;104
FR;4;2021-09-04;1373;17;0;0;8;1049087;3013;93;1;112
FR;4;2021-09-05;433;2;0;0;2;1049520;3015;93;1;114
FR;4;2021-09-06;1712;61;0;0;22;1051232;3076;93;1;136
FR;4;2021-09-07;1678;18;0;0;8;1052910;3094;93;1;144
FR;4;2021-09-08;1285;26;3;0;19;1054195;3120;96;1;163
FR;4;2021-09-09;1388;23;2;0;9;1055583;3143;98;1;172
FR;4;2021-09-10;1521;31;2;0;23;1057104;3174;100;1;195
FR;4;2021-09-11;744;11;0;0;3;1057848;3185;100;1;198
FR;4;2021-09-12;169;4;0;0;3;1058017;3189;100;1;201
FR;4;2021-09-13;1321;22;1;0;16;1059338;3211;101;1;217
FR;4;2021-09-14;1502;9;2;0;6;1060840;3220;103;1;223
FR;4;2021-09-15;1095;27;1;0;24;1061935;3247;104;1;247
FR;4;2021-09-16;1102;22;2;0;15;1063037;3269;106;1;262
FR;4;2021-09-17;896;21;1;0;12;1063933;3290;107;1;274
FR;4;2021-09-18;464;6;1;0;5;1064397;3296;108;1;279
FR;4;2021-09-19;182;3;0;0;2;1064579;3299;108;1;281
FR;4;2021-09-20;453;19;0;0;13;1065032;3318;108;1;294
FR;4;2021-09-21;432;11;0;0;7;1065464;3329;108;1;301
FR;4;2021-09-22;374;19;2;0;13;1065838;3348;110;1;314
FR;4;2021-09-23;483;16;1;0;15;1066321;3364;111;1;329
FR;4;2021-09-24;412;13;2;0;9;1066733;3377;113;1;338
FR;4;2021-09-25;280;10;1;0;5;1067013;3387;114;1;343
FR;4;2021-09-26;74;2;0;0;1;1067087;3389;114;1;344
FR;4;2021-09-27;263;10;1;0;8;1067350;3399;115;1;352
FR;4;2021-09-28;318;8;0;0;8;1067668;3407;115;1;360
FR;4;2021-09-29;375;19;1;0;13;1068043;3426;116;1;373
FR;4;2021-09-30;364;40;0;0;21;1068407;3466;116;1;394
FR;4;2021-10-01;411;56;0;0;50;1068818;3522;116;1;444
FR;4;2021-10-02;196;22;1;0;13;1069014;3544;117;1;457
FR;4;2021-10-03;85;1;0;0;0;1069099;3545;117;1;457
FR;4;2021-10-04;359;20;1;0;16;1069458;3565;118;1;473
FR;4;2021-10-05;286;19;2;0;15;1069744;3584;120;1;488
FR;4;2021-10-06;247;23;1;0;18;1069991;3607;121;1;506
FR;4;2021-10-07;265;25;2;0;13;1070256;3632;123;1;519
FR;4;2021-10-08;356;24;2;0;20;1070612;3656;125;1;539
FR;4;2021-10-09;194;6;6;0;7;1070806;3662;131;1;546
FR;4;2021-10-10;97;3;2;0;3;1070903;3665;133;1;549
FR;4;2021-10-11;249;15;1;0;14;1071152;3680;134;1;563
FR;4;2021-10-12;208;14;0;0;13;1071360;3694;134;1;576
FR;4;2021-10-13;219;28;1;0;25;1071579;3722;135;1;601
FR;4;2021-10-14;312;21;4;0;15;1071891;3743;139;1;616
FR;4;2021-10-15;322;24;5;0;25;1072213;3767;144;1;641
FR;4;2021-10-16;166;6;2;0;6;1072379;3773;146;1;647
FR;4;2021-10-17;70;2;0;0;1;1072449;3775;146;1;648
FR;4;2021-10-18;281;15;1;0;12;1072730;3790;147;1;660
FR;4;2021-10-19;214;14;2;0;15;1072944;3804;149;1;675
FR;4;2021-10-20;230;27;4;0;15;1073174;3831;153;1;690
FR;4;2021-10-21;242;17;0;0;13;1073416;3848;153;1;703
FR;4;2021-10-22;216;25;2;0;20;1073632;3873;155;1;723
FR;4;2021-10-23;116;16;1;0;15;1073748;3889;156;1;738
FR;4;2021-10-24;38;4;0;0;1;1073786;3893;156;1;739
FR;4;2021-10-25;214;7;2;0;9;1074000;3900;158;1;748
FR;4;2021-10-26;200;14;0;0;12;1074200;3914;158;1;760
FR;4;2021-10-27;196;11;4;0;11;1074396;3925;162;1;771
FR;4;2021-10-28;184;18;4;0;21;1074580;3943;166;1;792
FR;4;2021-10-29;224;15;2;0;13;1074804;3958;168;1;805
FR;4;2021-10-30;102;2;1;0;2;1074906;3960;169;1;807
FR;4;2021-10-31;57;3;2;0;3;1074963;3963;171;1;810
FR;4;2021-11-01;75;27;4;0;24;1075038;3990;175;1;834
FR;4;2021-11-02;160;20;2;0;21;1075198;4010;177;1;855
FR;4;2021-11-03;129;20;8;1;18;1075327;4030;185;2;873
FR;4;2021-11-04;183;15;1;0;12;1075510;4045;186;2;885
FR;4;2021-11-05;130;17;1;0;16;1075640;4062;187;2;901
FR;4;2021-11-06;80;6;1;0;6;1075720;4068;188;2;907
FR;4;2021-11-07;81;2;2;0;4;1075801;4070;190;2;911
FR;4;2021-11-08;159;20;1;0;20;1075960;4090;191;2;931
FR;4;2021-11-09;156;14;3;0;16;1076116;4104;194;2;947
FR;4;2021-11-10;119;30;6;0;32;1076235;4134;200;2;979
FR;4;2021-11-11;98;10;1;0;11;1076333;4144;201;2;990
FR;4;2021-11-12;104;19;2;0;18;1076437;4163;203;2;1008
FR;4;2021-11-13;74;15;2;0;14;1076511;4178;205;2;1022
FR;4;2021-11-14;54;5;4;0;8;1076565;4183;209;2;1030
FR;4;2021-11-15;99;26;2;0;24;1076664;4209;211;2;1054
FR;4;2021-11-16;105;13;2;0;15;1076769;4222;213;2;1069
FR;4;2021-11-17;119;30;4;0;30;1076888;4252;217;2;1099
FR;4;2021-11-18;100;34;13;0;42;1076988;4286;230;2;1141
FR;4;2021-11-19;87;21;3;0;22;1077075;4307;233;2;1163
FR;4;2021-11-20;77;8;1;0;8;1077152;4315;234;2;1171
FR;4;2021-11-21;67;7;2;0;9;1077219;4322;236;2;1180
FR;4;2021-11-22;106;28;9;0;33;1077325;4350;245;2;1213
FR;4;2021-11-23;76;31;5;0;28;1077401;4381;250;2;1241
FR;4;2021-11-24;88;23;11;0;24;1077489;4404;261;2;1265
FR;4;2021-11-25;93;28;16;0;32;1077582;4432;277;2;1297
FR;4;2021-11-26;84;43;12;0;45;1077666;4475;289;2;1342
FR;4;2021-11-27;41;22;15;0;25;1077707;4497;304;2;1367
FR;4;2021-11-28;50;8;0;0;7;1077757;4505;304;2;1374
FR;4;2021-11-29;89;31;16;0;40;1077846;4536;320;2;1414
FR;4;2021-11-30;74;37;12;0;41;1077920;4573;332;2;1455
FR;4;2021-12-01;88;60;19;0;67;1078008;4633;351;2;1522
FR;4;2021-12-02;105;48;19;0;53;1078113;4681;370;2;1575
FR;4;2021-12-03;100;36;15;0;44;1078213;4717;385;2;1619
FR;4;2021-12-04;72;31;18;0;44;1078285;4748;403;2;1663
FR;4;2021-12-05;62;6;1;0;7;1078347;4754;404;2;1670
FR;4;2021-12-06;107;46;19;0;59;1078454;4800;423;2;1729
FR;4;2021-12-07;81;37;9;0;36;1078535;4837;432;2;1765
FR;4;2021-12-08;70;31;16;0;37;1078605;4868;448;2;1802
FR;4;2021-12-09;62;32;10;0;38;1078667;4900;458;2;1840
FR;4;2021-12-10;63;64;20;0;68;1078730;4964;478;2;1908
FR;4;2021-12-11;28;34;7;0;34;1078758;4998;485;2;1942
FR;4;2021-12-12;24;10;3;0;13;1078782;5008;488;2;1955
FR;4;2021-12-13;72;40;14;0;49;1078854;5048;502;2;2004
FR;4;2021-12-14;59;43;17;0;54;1078913;5091;519;2;2058
FR;4;2021-12-15;66;64;28;0;84;1078979;5155;547;2;2142
FR;4;2021-12-16;33;44;19;0;57;1079012;5199;566;2;2199
FR;4;2021-12-17;40;55;12;0;60;1079052;5254;578;2;2259
FR;4;2021-12-18;48;30;2;0;31;1079100;5284;580;2;2290
FR;4;2021-12-19;15;4;1;0;4;1079115;5288;581;2;2294
FR;4;2021-12-20;42;38;10;0;41;1079157;5326;591;2;2335
FR;4;2021-12-21;29;31;15;0;37;1079186;5357;606;2;2372
FR;4;2021-12-22;37;37;10;0;38;1079223;5394;616;2;2410
FR;4;2021-12-23;39;45;8;0;49;1079262;5439;624;2;2459
FR;4;2021-12-24;23;26;10;0;30;1079285;5465;634;2;2489
FR;4;2021-12-25;6;3;3;0;4;1079291;5468;637;2;2493
FR;4;2021-12-26;5;3;1;0;2;1079296;5471;638;2;2495
FR;4;2021-12-27;31;41;9;0;43;1079327;5512;647;2;2538
FR;4;2021-12-28;25;28;7;0;29;1079352;5540;654;2;2567
FR;4;2021-12-29;50;25;11;0;30;1079402;5565;665;2;2597
FR;4;2021-12-30;43;19;12;0;22;1079445;5584;677;2;2619
FR;4;2021-12-31;18;6;8;0;11;1079463;5590;685;2;2630
FR;4;2022-01-01;5;4;4;0;6;1079468;5594;689;2;2636
FR;4;2022-01-02;40;5;16;0;20;1079508;5599;705;2;2656
FR;4;2022-01-03;41;55;22;1;62;1079549;5654;727;3;2718
FR;4;2022-01-04;36;28;14;0;32;1079585;5682;741;3;2750
FR;4;2022-01-05;50;22;19;0;25;1079635;5704;760;3;2775
FR;4;2022-01-06;48;22;24;0;38;1079683;5726;784;3;2813
FR;4;2022-01-07;29;20;15;0;20;1079712;5746;799;3;2833
FR;4;2022-01-08;10;6;10;0;12;1079722;5752;809;3;2845
FR;4;2022-01-09;18;2;3;0;4;1079740;5754;812;3;2849
FR;4;2022-01-10;45;22;19;0;36;1079785;5776;831;3;2885
FR;4;2022-01-11;27;31;12;0;35;1079812;5807;843;3;2920
FR;4;2022-01-12;33;21;13;0;23;1079845;5828;856;3;2943
FR;4;2022-01-13;53;20;27;0;38;1079898;5848;883;3;2981
FR;4;2022-01-14;23;29;13;0;32;1079921;5877;896;3;3013
FR;4;2022-01-15;13;6;8;0;12;1079934;5883;904;3;3025
FR;4;2022-01-16;11;9;12;0;20;1079945;5892;916;3;3045
FR;4;2022-01-17;25;19;12;0;25;1079970;5911;928;3;3070
FR;4;2022-01-18;16;13;8;0;18;1079986;5924;936;3;3088
FR;4;2022-01-19;30;23;11;0;32;1080016;5947;947;3;3120
FR;4;2022-01-20;31;34;12;0;38;1080047;5981;959;3;3158
FR;4;2022-01-21;10;12;19;1;16;1080057;5993;978;4;3174
FR;4;2022-01-22;30;13;2;0;13;1080087;6006;980;4;3187
FR;4;2022-01-23;7;2;4;0;6;1080094;6008;984;4;3193
FR;4;2022-01-24;14;21;8;0;27;1080108;6029;992;4;3220
FR;4;2022-01-25;20;32;9;1;37;1080128;6061;1001;5;3257
FR;4;2022-01-26;19;16;8;1;19;1080147;6077;1009;6;3276
FR;4;2022-01-27;20;18;8;0;24;1080167;6095;1017;6;3300
FR;4;2022-01-28;13;23;8;0;26;1080180;6118;1025;6;3326
FR;4;2022-01-29;17;6;5;0;10;1080197;6124;1030;6;3336
FR;4;2022-01-30;18;3;1;0;4;1080215;6127;1031;6;3340
FR;4;2022-01-31;22;27;8;0;31;1080237;6154;1039;6;3371
FR;4;2022-02-01;11;22;12;0;23;1080248;6176;1051;6;3394
FR;4;2022-02-02;17;11;12;2;18;1080265;6187;1063;8;3412
FR;4;2022-02-03;14;23;10;0;27;1080279;6210;1073;8;3439
FR;4;2022-02-04;7;5;7;0;9;1080286;6215;1080;8;3448
FR;4;2022-02-05;7;14;1;0;13;1080293;6229;1081;8;3461
FR;4;2022-02-06;6;4;3;0;6;1080299;6233;1084;8;3467
FR;4;2022-02-07;15;19;7;0;19;1080314;6252;1091;8;3486
FR;4;2022-02-08;19;21;13;1;22;1080333;6273;1104;9;3508
FR;4;2022-02-09;16;11;8;0;15;1080349;6284;1112;9;3523
FR;4;2022-02-10;20;23;9;0;24;1080369;6307;1121;9;3547
FR;4;2022-02-11;18;15;8;0;20;1080387;6322;1129;9;3567
FR;4;2022-02-12;24;6;2;0;6;1080411;6328;1131;9;3573
FR;4;2022-02-13;7;3;3;0;6;1080418;6331;1134;9;3579
FR;4;2022-02-14;20;10;9;0;15;1080438;6341;1143;9;3594
FR;4;2022-02-15;17;7;1;0;7;1080455;6348;1144;9;3601
FR;4;2022-02-16;16;9;10;0;15;1080471;6357;1154;9;3616
FR;4;2022-02-17;11;4;4;0;6;1080482;6361;1158;9;3622
FR;4;2022-02-18;16;15;7;0;20;1080498;6376;1165;9;3642
FR;4;2022-02-19;16;4;2;0;5;1080514;6380;1167;9;3647
FR;4;2022-02-20;7;3;0;0;2;1080521;6383;1167;9;3649
FR;4;2022-02-21;23;3;4;0;5;1080544;6386;1171;9;3654
FR;4;2022-02-22;8;5;10;0;10;1080552;6391;1181;9;3664
FR;4;2022-02-23;16;6;10;0;10;1080568;6397;1191;9;3674
FR;4;2022-02-24;11;5;3;0;6;1080579;6402;1194;9;3680
FR;4;2022-02-25;15;5;7;0;6;1080594;6407;1201;9;3686
FR;4;2022-02-26;26;3;0;0;3;1080620;6410;1201;9;3689
FR;4;2022-02-27;9;0;1;0;1;1080629;6410;1202;9;3690
FR;4;2022-02-28;18;3;2;0;3;1080647;6413;1204;9;3693
FR;4;2022-03-01;7;4;7;0;5;1080654;6417;1211;9;3698
FR;4;2022-03-02;14;3;4;0;6;1080668;6420;1215;9;3704
FR;4;2022-03-03;17;5;3;0;6;1080685;6425;1218;9;3710
FR;4;2022-03-04;7;7;2;1;5;1080692;6432;1220;10;3715
FR;4;2022-03-05;9;2;0;0;2;1080701;6434;1220;10;3717
FR;4;2022-03-06;4;0;1;0;1;1080705;6434;1221;10;3718
FR;4;2022-03-07;10;4;2;0;3;1080715;6438;1223;10;3721
FR;4;2022-03-08;13;3;0;0;3;1080728;6441;1223;10;3724
FR;4;2022-03-09;8;7;2;0;7;1080736;6448;1225;10;3731
FR;4;2022-03-10;5;1;5;0;2;1080741;6449;1230;10;3733
FR;4;2022-03-11;9;4;5;0;2;1080750;6453;1235;10;3735
FR;4;2022-03-12;9;2;0;0;0;1080759;6455;1235;10;3735
FR;4;2022-03-13;5;1;1;0;2;1080764;6456;1236;10;3737
FR;4;2022-03-14;4;1;1;0;2;1080768;6457;1237;10;3739
FR;4;2022-03-15;7;6;3;0;5;1080775;6463;1240;10;3744
FR;4;2022-03-16;7;3;3;0;3;1080782;6466;1243;10;3747
FR;4;2022-03-17;3;4;1;0;5;1080785;6470;1244;10;3752
FR;4;2022-03-18;9;3;0;0;3;1080794;6473;1244;10;3755
FR;4;2022-03-19;1;1;1;0;2;1080795;6474;1245;10;3757
FR;4;2022-03-20;2;0;2;0;1;1080797;6474;1247;10;3758
FR;4;2022-03-21;6;3;1;0;4;1080803;6477;1248;10;3762
FR;4;2022-03-22;3;2;2;0;3;1080806;6479;1250;10;3765
FR;4;2022-03-23;6;4;4;0;7;1080812;6483;1254;10;3772
FR;4;2022-03-24;2;5;3;1;7;1080814;6488;1257;11;3779
FR;4;2022-03-25;3;1;2;0;1;1080817;6489;1259;11;3780
FR;4;2022-03-26;5;5;0;0;5;1080822;6494;1259;11;3785
FR;4;2022-03-27;1;0;3;0;2;1080823;6494;1262;11;3787
FR;4;2022-03-28;5;1;3;0;3;1080828;6495;1265;11;3790
FR;4;2022-03-29;8;0;4;1;0;1080836;6495;1269;12;3790
FR;4;2022-03-30;3;4;0;0;4;1080839;6499;1269;12;3794
FR;4;2022-03-31;2;3;1;1;3;1080841;6502;1270;13;3797
FR;4;2022-04-01;14;2;5;0;5;1080855;6504;1275;13;3802
FR;4;2022-04-02;4;4;0;0;3;1080859;6508;1275;13;3805
FR;4;2022-04-03;0;0;0;0;0;1080859;6508;1275;13;3805
FR;4;2022-04-04;4;4;4;0;5;1080863;6512;1279;13;3810
FR;4;2022-04-05;4;3;1;1;2;1080867;6515;1280;14;3812
FR;4;2022-04-06;6;0;0;0;0;1080873;6515;1280;14;3812
FR;4;2022-04-07;3;2;3;2;5;1080876;6517;1283;16;3817
FR;4;2022-04-08;4;1;1;0;1;1080880;6518;1284;16;3818
FR;4;2022-04-09;0;0;1;1;1;1080880;6518;1285;17;3819
FR;4;2022-04-10;1;2;0;0;2;1080881;6520;1285;17;3821
FR;4;2022-04-11;4;3;4;0;5;1080885;6523;1289;17;3826
FR;4;2022-04-12;3;1;4;0;2;1080888;6524;1293;17;3828
FR;4;2022-04-13;5;7;2;0;9;1080893;6531;1295;17;3837
FR;4;2022-04-14;6;4;2;1;5;1080899;6535;1297;18;3842
FR;4;2022-04-15;5;8;1;0;9;1080904;6543;1298;18;3851
FR;4;2022-04-16;1;0;0;0;0;1080905;6543;1298;18;3851
FR;4;2022-04-17;2;1;0;0;1;1080907;6544;1298;18;3852
FR;4;2022-04-18;2;2;6;0;4;1080909;6546;1304;18;3856
FR;4;2022-04-19;2;0;1;0;0;1080911;6546;1305;18;3856
FR;4;2022-04-20;14;4;1;0;3;1080925;6550;1306;18;3859
FR;4;2022-04-21;7;1;0;0;1;1080932;6551;1306;18;3860
FR;4;2022-04-22;1;1;2;0;2;1080933;6552;1308;18;3862
FR;4;2022-04-23;2;3;3;0;6;1080935;6555;1311;18;3868
FR;4;2022-04-24;0;2;0;0;2;1080935;6557;1311;18;3870
FR;4;2022-04-25;3;4;3;0;7;1080938;6561;1314;18;3877
FR;4;2022-04-26;5;6;1;0;6;1080943;6567;1315;18;3883
FR;4;2022-04-27;4;1;1;1;1;1080947;6568;1316;19;3884
FR;4;2022-04-28;3;5;5;0;6;1080950;6573;1321;19;3890
FR;4;2022-04-29;6;3;0;0;2;1080956;6576;1321;19;3892
FR;4;2022-04-30;2;1;1;0;2;1080958;6577;1322;19;3894
FR;4;2022-05-01;0;0;0;0;0;1080958;6577;1322;19;3894
FR;4;2022-05-02;5;16;6;0;19;1080963;6593;1328;19;3913
FR;4;2022-05-03;2;6;2;0;7;1080965;6599;1330;19;3920
FR;4;2022-05-04;7;4;1;0;4;1080972;6603;1331;19;3924
FR;4;2022-05-05;2;2;1;1;1;1080974;6605;1332;20;3925
FR;4;2022-05-06;3;3;1;0;2;1080977;6608;1333;20;3927
FR;4;2022-05-07;0;0;0;0;0;1080977;6608;1333;20;3927
FR;4;2022-05-08;1;1;0;0;1;1080978;6609;1333;20;3928
FR;4;2022-05-09;5;1;0;0;1;1080983;6610;1333;20;3929
FR;4;2022-05-10;1;1;0;2;3;1080984;6611;1333;22;3932
FR;4;2022-05-11;3;2;3;0;5;1080987;6613;1336;22;3937
FR;4;2022-05-12;6;3;1;1;4;1080993;6616;1337;23;3941
FR;4;2022-05-13;1;0;2;0;2;1080994;6616;1339;23;3943
FR;4;2022-05-14;0;2;0;0;2;1080994;6618;1339;23;3945
FR;4;2022-05-15;2;2;0;0;0;1080996;6620;1339;23;3945
FR;4;2022-05-16;5;2;2;0;2;1081001;6622;1341;23;3947
FR;4;2022-05-17;5;1;2;0;3;1081006;6623;1343;23;3950
FR;4;2022-05-18;3;6;0;0;6;1081009;6629;1343;23;3956
FR;4;2022-05-19;2;2;3;0;4;1081011;6631;1346;23;3960
FR;4;2022-05-20;4;2;3;0;2;1081015;6633;1349;23;3962
FR;4;2022-05-21;2;0;1;0;1;1081017;6633;1350;23;3963
FR;4;2022-05-22;0;0;1;0;1;1081017;6633;1351;23;3964
FR;4;2022-05-23;0;0;2;0;0;1081017;6633;1353;23;3964
FR;4;2022-05-24;1;4;0;0;4;1081018;6637;1353;23;3968
FR;4;2022-05-25;1;3;0;0;1;1081019;6640;1353;23;3969
FR;4;2022-05-26;4;0;1;0;1;1081023;6640;1354;23;3970
FR;4;2022-05-27;0;2;0;1;2;1081023;6642;1354;24;3972
FR;4;2022-05-28;1;0;0;0;0;1081024;6642;1354;24;3972
FR;4;2022-05-29;1;0;1;0;1;1081025;6642;1355;24;3973
FR;4;2022-05-30;2;4;2;0;5;1081027;6646;1357;24;3978
FR;4;2022-05-31;2;1;0;0;1;1081029;6647;1357;24;3979
FR;4;2022-06-01;1;11;7;0;15;1081030;6658;1364;24;3994
FR;4;2022-06-02;5;6;2;0;6;1081035;6664;1366;24;4000
FR;4;2022-06-03;2;5;4;1;6;1081037;6669;1370;25;4006
FR;4;2022-06-04;0;1;1;0;1;1081037;6670;1371;25;4007
FR;4;2022-06-05;0;0;0;0;0;1081037;6670;1371;25;4007
FR;4;2022-06-06;6;0;3;0;2;1081043;6670;1374;25;4009
FR;4;2022-06-07;5;1;0;1;1;1081048;6671;1374;26;4010
FR;4;2022-06-08;0;3;3;0;6;1081048;6674;1377;26;4016
FR;4;2022-06-09;1;2;0;0;1;1081049;6676;1377;26;4017
FR;4;2022-06-10;3;0;3;0;1;1081052;6676;1380;26;4018
FR;4;2022-06-11;1;0;0;0;0;1081053;6676;1380;26;4018
FR;4;2022-06-12;4;0;0;0;0;1081057;6676;1380;26;4018
FR;4;2022-06-13;4;2;3;0;2;1081061;6678;1383;26;4020
FR;4;2022-06-14;4;2;0;0;2;1081065;6680;1383;26;4022
FR;4;2022-06-15;8;0;4;0;0;1081073;6680;1387;26;4022
FR;4;2022-06-16;1;3;1;1;2;1081074;6683;1388;27;4024
FR;4;2022-06-17;6;1;0;0;1;1081080;6684;1388;27;4025
FR;4;2022-06-18;0;0;0;0;0;1081080;6684;1388;27;4025
FR;4;2022-06-19;0;0;0;0;0;1081080;6684;1388;27;4025
FR;4;2022-06-20;4;2;2;1;3;1081084;6686;1390;28;4028
FR;4;2022-06-21;5;2;3;1;3;1081089;6688;1393;29;4031
FR;4;2022-06-22;3;1;0;3;1;1081092;6689;1393;32;4032
FR;4;2022-06-23;3;3;3;0;5;1081095;6692;1396;32;4037
FR;4;2022-06-24;3;0;2;0;0;1081098;6692;1398;32;4037
FR;4;2022-06-25;1;0;1;1;1;1081099;6692;1399;33;4038
FR;4;2022-06-26;0;0;1;0;1;1081099;6692;1400;33;4039
FR;4;2022-06-27;1;2;0;3;2;1081100;6694;1400;36;4041
FR;4;2022-06-28;0;4;2;1;5;1081100;6698;1402;37;4046
FR;4;2022-06-29;1;2;0;0;2;1081101;6700;1402;37;4048
FR;4;2022-06-30;2;0;0;0;0;1081103;6700;1402;37;4048
FR;4;2022-07-01;2;4;8;0;4;1081105;6704;1410;37;4052
FR;4;2022-07-02;0;1;0;0;0;1081105;6705;1410;37;4052
FR;4;2022-07-03;0;0;0;0;0;1081105;6705;1410;37;4052
FR;4;2022-07-04;3;1;0;0;1;1081108;6706;1410;37;4053
FR;4;2022-07-05;2;0;2;0;2;1081110;6706;1412;37;4055
FR;4;2022-07-06;5;0;1;1;0;1081115;6706;1413;38;4055
FR;4;2022-07-07;1;0;2;1;0;1081116;6706;1415;39;4055
FR;4;2022-07-08;3;1;0;0;1;1081119;6707;1415;39;4056
FR;4;2022-07-09;2;2;1;0;3;1081121;6709;1416;39;4059
FR;4;2022-07-10;2;0;1;0;0;1081123;6709;1417;39;4059
FR;4;2022-07-11;2;0;2;0;0;1081125;6709;1419;39;4059
FR;4;2022-07-12;0;0;2;0;2;1081125;6709;1421;39;4061
FR;4;2022-07-13;2;2;3;0;2;1081127;6711;1424;39;4063
FR;4;2022-07-14;4;0;1;0;0;1081131;6711;1425;39;4063
FR;4;2022-07-15;8;2;0;0;2;1081139;6713;1425;39;4065
FR;4;2022-07-16;4;0;0;2;0;1081143;6713;1425;41;4065
FR;4;2022-07-17;0;0;0;0;0;1081143;6713;1425;41;4065
FR;4;2022-07-18;2;2;2;0;2;1081145;6715;1427;41;4067
FR;4;2022-07-19;4;0;1;0;1;1081149;6715;1428;41;4068
FR;4;2022-07-20;10;0;0;0;0;1081159;6715;1428;41;4068
FR;4;2022-07-21;2;1;1;0;1;1081161;6716;1429;41;4069
FR;4;2022-07-22;3;0;3;0;1;1081164;6716;1432;41;4070
FR;4;2022-07-23;1;2;0;0;1;1081165;6718;1432;41;4071
FR;4;2022-07-24;0;0;0;0;0;1081165;6718;1432;41;4071
FR;4;2022-07-25;5;0;2;0;2;1081170;6718;1434;41;4073
FR;4;2022-07-26;2;0;0;0;0;1081172;6718;1434;41;4073
FR;4;2022-07-27;2;1;0;0;0;1081174;6719;1434;41;4073
FR;4;2022-07-28;6;0;0;0;0;1081180;6719;1434;41;4073
FR;4;2022-07-29;3;0;1;0;0;1081183;6719;1435;41;4073
FR;4;2022-07-30;3;0;2;0;0;1081186;6719;1437;41;4073
FR;4;2022-07-31;0;0;0;0;0;1081186;6719;1437;41;4073
FR;4;2022-08-01;1;0;2;0;1;1081187;6719;1439;41;4074
FR;4;2022-08-02;6;0;0;0;0;1081193;6719;1439;41;4074
FR;4;2022-08-03;0;2;1;0;2;1081193;6721;1440;41;4076
FR;4;2022-08-04;3;2;0;0;2;1081196;6723;1440;41;4078
FR;4;2022-08-05;2;0;1;0;0;1081198;6723;1441;41;4078
FR;4;2022-08-06;2;0;0;0;0;1081200;6723;1441;41;4078
FR;4;2022-08-07;3;0;0;0;0;1081203;6723;1441;41;4078
FR;4;2022-08-08;1;0;1;1;1;1081204;6723;1442;42;4079
FR;4;2022-08-09;1;1;1;2;2;1081205;6724;1443;44;4081
FR;4;2022-08-10;5;1;1;0;1;1081210;6725;1444;44;4082
FR;4;2022-08-11;2;0;1;0;1;1081212;6725;1445;44;4083
FR;4;2022-08-12;4;0;1;0;0;1081216;6725;1446;44;4083
FR;4;2022-08-13;1;0;0;0;0;1081217;6725;1446;44;4083
FR;4;2022-08-14;0;0;0;0;0;1081217;6725;1446;44;4083
FR;4;2022-08-15;0;1;3;0;1;1081217;6726;1449;44;4084
FR;4;2022-08-16;0;0;1;0;1;1081217;6726;1450;44;4085
FR;4;2022-08-17;1;0;0;0;0;1081218;6726;1450;44;4085
FR;4;2022-08-18;0;0;0;0;0;1081218;6726;1450;44;4085
FR;4;2022-08-19;5;0;0;0;0;1081223;6726;1450;44;4085
FR;4;2022-08-20;1;0;0;0;0;1081224;6726;1450;44;4085
FR;4;2022-08-21;1;0;0;0;0;1081225;6726;1450;44;4085
FR;4;2022-08-22;3;9;0;0;9;1081228;6735;1450;44;4094
FR;4;2022-08-23;1;0;1;0;0;1081229;6735;1451;44;4094
FR;4;2022-08-24;3;0;0;0;0;1081232;6735;1451;44;4094
FR;4;2022-08-25;0;3;1;0;3;1081232;6738;1452;44;4097
FR;4;2022-08-26;1;0;0;1;0;1081233;6738;1452;45;4097
FR;4;2022-08-27;1;0;0;0;0;1081234;6738;1452;45;4097
FR;4;2022-08-28;0;0;0;0;0;1081234;6738;1452;45;4097
FR;4;2022-08-29;2;0;0;0;0;1081236;6738;1452;45;4097
FR;4;2022-08-30;3;0;0;0;0;1081239;6738;1452;45;4097
FR;4;2022-08-31;0;1;0;0;1;1081239;6739;1452;45;4098
FR;4;2022-09-01;1;5;2;0;4;1081240;6744;1454;45;4102
FR;4;2022-09-02;1;1;1;0;2;1081241;6745;1455;45;4104
FR;4;2022-09-03;2;0;0;0;0;1081243;6745;1455;45;4104
FR;4;2022-09-04;0;0;0;0;0;1081243;6745;1455;45;4104
FR;4;2022-09-05;2;2;0;0;2;1081245;6747;1455;45;4106
FR;4;2022-09-06;0;0;0;0;0;1081245;6747;1455;45;4106
FR;4;2022-09-07;0;0;1;1;1;1081245;6747;1456;46;4107
FR;4;2022-09-08;3;0;0;0;0;1081248;6747;1456;46;4107
FR;4;2022-09-09;1;0;0;0;0;1081249;6747;1456;46;4107
FR;4;2022-09-10;0;0;0;3;1;1081249;6747;1456;49;4108
FR;4;2022-09-11;2;0;0;0;0;1081251;6747;1456;49;4108
FR;4;2022-09-12;0;1;0;0;1;1081251;6748;1456;49;4109
FR;4;2022-09-13;0;0;0;0;0;1081251;6748;1456;49;4109
FR;4;2022-09-14;0;0;0;0;0;1081251;6748;1456;49;4109
FR;4;2022-09-15;0;0;0;0;0;1081251;6748;1456;49;4109
FR;4;2022-09-16;0;0;0;0;0;1081251;6748;1456;49;4109
FR;4;2022-09-17;2;0;0;0;0;1081253;6748;1456;49;4109
FR;4;2022-09-18;0;0;0;0;0;1081253;6748;1456;49;4109
FR;4;2022-09-19;1;0;0;0;0;1081254;6748;1456;49;4109
FR;4;2022-09-20;0;0;0;0;0;1081254;6748;1456;49;4109
FR;4;2022-09-21;2;0;0;0;0;1081256;6748;1456;49;4109
FR;4;2022-09-22;1;0;0;0;0;1081257;6748;1456;49;4109
FR;4;2022-09-23;1;1;0;0;0;1081258;6749;1456;49;4109
FR;4;2022-09-24;0;0;0;0;0;1081258;6749;1456;49;4109
FR;4;2022-09-25;0;0;0;0;0;1081258;6749;1456;49;4109
FR;4;2022-09-26;0;0;0;0;0;1081258;6749;1456;49;4109
FR;4;2022-09-27;0;0;0;1;0;1081258;6749;1456;50;4109
FR;5;2020-12-27;0;0;0;0;0;0;0;0;0;0
FR;5;2020-12-28;0;0;0;0;0;0;0;0;0;0
FR;5;2020-12-29;0;0;0;0;0;0;0;0;0;0
FR;5;2020-12-30;0;0;0;0;0;0;0;0;0;0
FR;5;2020-12-31;0;0;0;0;0;0;0;0;0;0
FR;5;2021-01-01;0;0;0;0;0;0;0;0;0;0
FR;5;2021-01-02;0;0;0;0;0;0;0;0;0;0
FR;5;2021-01-03;0;0;0;0;0;0;0;0;0;0
FR;5;2021-01-04;0;0;0;0;0;0;0;0;0;0
FR;5;2021-01-05;0;0;0;0;0;0;0;0;0;0
FR;5;2021-01-06;0;0;0;0;0;0;0;0;0;0
FR;5;2021-01-07;0;0;0;0;0;0;0;0;0;0
FR;5;2021-01-08;0;0;0;0;0;0;0;0;0;0
FR;5;2021-01-09;0;0;0;0;0;0;0;0;0;0
FR;5;2021-01-10;0;0;0;0;0;0;0;0;0;0
FR;5;2021-01-11;0;0;0;0;0;0;0;0;0;0
FR;5;2021-01-12;0;0;0;0;0;0;0;0;0;0
FR;5;2021-01-13;0;0;0;0;0;0;0;0;0;0
FR;5;2021-01-14;0;0;0;0;0;0;0;0;0;0
FR;5;2021-01-15;0;0;0;0;0;0;0;0;0;0
FR;5;2021-01-16;0;0;0;0;0;0;0;0;0;0
FR;5;2021-01-17;0;0;0;0;0;0;0;0;0;0
FR;5;2021-01-18;0;0;0;0;0;0;0;0;0;0
FR;5;2021-01-19;0;0;0;0;0;0;0;0;0;0
FR;5;2021-01-20;0;0;0;0;0;0;0;0;0;0
FR;5;2021-01-21;0;0;0;0;0;0;0;0;0;0
FR;5;2021-01-22;0;0;0;0;0;0;0;0;0;0
FR;5;2021-01-23;0;0;0;0;0;0;0;0;0;0
FR;5;2021-01-24;0;0;0;0;0;0;0;0;0;0
FR;5;2021-01-25;0;0;0;0;0;0;0;0;0;0
FR;5;2021-01-26;0;0;0;0;0;0;0;0;0;0
FR;5;2021-01-27;0;0;0;0;0;0;0;0;0;0
FR;5;2021-01-28;0;0;0;0;0;0;0;0;0;0
FR;5;2021-01-29;0;0;0;0;0;0;0;0;0;0
FR;5;2021-01-30;0;0;0;0;0;0;0;0;0;0
FR;5;2021-01-31;0;0;0;0;0;0;0;0;0;0
FR;5;2021-02-01;0;0;0;0;0;0;0;0;0;0
FR;5;2021-02-02;0;0;0;0;0;0;0;0;0;0
FR;5;2021-02-03;0;0;0;0;0;0;0;0;0;0
FR;5;2021-02-04;0;0;0;0;0;0;0;0;0;0
FR;5;2021-02-05;0;0;0;0;0;0;0;0;0;0
FR;5;2021-02-06;0;0;0;0;0;0;0;0;0;0
FR;5;2021-02-07;0;0;0;0;0;0;0;0;0;0
FR;5;2021-02-08;0;0;0;0;0;0;0;0;0;0
FR;5;2021-02-09;0;0;0;0;0;0;0;0;0;0
FR;5;2021-02-10;0;0;0;0;0;0;0;0;0;0
FR;5;2021-02-11;0;0;0;0;0;0;0;0;0;0
FR;5;2021-02-12;0;0;0;0;0;0;0;0;0;0
FR;5;2021-02-13;0;0;0;0;0;0;0;0;0;0
FR;5;2021-02-14;0;0;0;0;0;0;0;0;0;0
FR;5;2021-02-15;0;0;0;0;0;0;0;0;0;0
FR;5;2021-02-16;0;0;0;0;0;0;0;0;0;0
FR;5;2021-02-17;0;0;0;0;0;0;0;0;0;0
FR;5;2021-02-18;0;0;0;0;0;0;0;0;0;0
FR;5;2021-02-19;0;0;0;0;0;0;0;0;0;0
FR;5;2021-02-20;0;0;0;0;0;0;0;0;0;0
FR;5;2021-02-21;0;0;0;0;0;0;0;0;0;0
FR;5;2021-02-22;0;0;0;0;0;0;0;0;0;0
FR;5;2021-02-23;0;0;0;0;0;0;0;0;0;0
FR;5;2021-02-24;0;0;0;0;0;0;0;0;0;0
FR;5;2021-02-25;0;0;0;0;0;0;0;0;0;0
FR;5;2021-02-26;0;0;0;0;0;0;0;0;0;0
FR;5;2021-02-27;0;0;0;0;0;0;0;0;0;0
FR;5;2021-02-28;0;0;0;0;0;0;0;0;0;0
FR;5;2021-03-01;0;0;0;0;0;0;0;0;0;0
FR;5;2021-03-02;0;0;0;0;0;0;0;0;0;0
FR;5;2021-03-03;0;0;0;0;0;0;0;0;0;0
FR;5;2021-03-04;0;0;0;0;0;0;0;0;0;0
FR;5;2021-03-05;0;0;0;0;0;0;0;0;0;0
FR;5;2021-03-06;0;0;0;0;0;0;0;0;0;0
FR;5;2021-03-07;0;0;0;0;0;0;0;0;0;0
FR;5;2021-03-08;0;0;0;0;0;0;0;0;0;0
FR;5;2021-03-09;0;0;0;0;0;0;0;0;0;0
FR;5;2021-03-10;0;0;0;0;0;0;0;0;0;0
FR;5;2021-03-11;0;0;0;0;0;0;0;0;0;0
FR;5;2021-03-12;0;0;0;0;0;0;0;0;0;0
FR;5;2021-03-13;0;0;0;0;0;0;0;0;0;0
FR;5;2021-03-14;0;0;0;0;0;0;0;0;0;0
FR;5;2021-03-15;0;0;0;0;0;0;0;0;0;0
FR;5;2021-03-16;0;0;0;0;0;0;0;0;0;0
FR;5;2021-03-17;0;0;0;0;0;0;0;0;0;0
FR;5;2021-03-18;0;0;0;0;0;0;0;0;0;0
FR;5;2021-03-19;0;0;0;0;0;0;0;0;0;0
FR;5;2021-03-20;0;0;0;0;0;0;0;0;0;0
FR;5;2021-03-21;0;0;0;0;0;0;0;0;0;0
FR;5;2021-03-22;0;0;0;0;0;0;0;0;0;0
FR;5;2021-03-23;0;0;0;0;0;0;0;0;0;0
FR;5;2021-03-24;0;0;0;0;0;0;0;0;0;0
FR;5;2021-03-25;0;0;0;0;0;0;0;0;0;0
FR;5;2021-03-26;0;0;0;0;0;0;0;0;0;0
FR;5;2021-03-27;0;0;0;0;0;0;0;0;0;0
FR;5;2021-03-28;0;0;0;0;0;0;0;0;0;0
FR;5;2021-03-29;0;0;0;0;0;0;0;0;0;0
FR;5;2021-03-30;0;0;0;0;0;0;0;0;0;0
FR;5;2021-03-31;0;0;0;0;0;0;0;0;0;0
FR;5;2021-04-01;0;0;0;0;0;0;0;0;0;0
FR;5;2021-04-02;0;0;0;0;0;0;0;0;0;0
FR;5;2021-04-03;0;0;0;0;0;0;0;0;0;0
FR;5;2021-04-04;0;0;0;0;0;0;0;0;0;0
FR;5;2021-04-05;0;0;0;0;0;0;0;0;0;0
FR;5;2021-04-06;0;0;0;0;0;0;0;0;0;0
FR;5;2021-04-07;0;0;0;0;0;0;0;0;0;0
FR;5;2021-04-08;0;0;0;0;0;0;0;0;0;0
FR;5;2021-04-09;0;0;0;0;0;0;0;0;0;0
FR;5;2021-04-10;0;0;0;0;0;0;0;0;0;0
FR;5;2021-04-11;0;0;0;0;0;0;0;0;0;0
FR;5;2021-04-12;0;0;0;0;0;0;0;0;0;0
FR;5;2021-04-13;0;0;0;0;0;0;0;0;0;0
FR;5;2021-04-14;0;0;0;0;0;0;0;0;0;0
FR;5;2021-04-15;0;0;0;0;0;0;0;0;0;0
FR;5;2021-04-16;0;0;0;0;0;0;0;0;0;0
FR;5;2021-04-17;0;0;0;0;0;0;0;0;0;0
FR;5;2021-04-18;0;0;0;0;0;0;0;0;0;0
FR;5;2021-04-19;0;0;0;0;0;0;0;0;0;0
FR;5;2021-04-20;0;0;0;0;0;0;0;0;0;0
FR;5;2021-04-21;0;0;0;0;0;0;0;0;0;0
FR;5;2021-04-22;0;0;0;0;0;0;0;0;0;0
FR;5;2021-04-23;0;0;0;0;0;0;0;0;0;0
FR;5;2021-04-24;0;0;0;0;0;0;0;0;0;0
FR;5;2021-04-25;0;0;0;0;0;0;0;0;0;0
FR;5;2021-04-26;0;0;0;0;0;0;0;0;0;0
FR;5;2021-04-27;0;0;0;0;0;0;0;0;0;0
FR;5;2021-04-28;0;0;0;0;0;0;0;0;0;0
FR;5;2021-04-29;0;0;0;0;0;0;0;0;0;0
FR;5;2021-04-30;0;0;0;0;0;0;0;0;0;0
FR;5;2021-05-01;0;0;0;0;0;0;0;0;0;0
FR;5;2021-05-02;0;0;0;0;0;0;0;0;0;0
FR;5;2021-05-03;0;0;0;0;0;0;0;0;0;0
FR;5;2021-05-04;0;0;0;0;0;0;0;0;0;0
FR;5;2021-05-05;0;0;0;0;0;0;0;0;0;0
FR;5;2021-05-06;0;0;0;0;0;0;0;0;0;0
FR;5;2021-05-07;0;0;0;0;0;0;0;0;0;0
FR;5;2021-05-08;0;0;0;0;0;0;0;0;0;0
FR;5;2021-05-09;0;0;0;0;0;0;0;0;0;0
FR;5;2021-05-10;0;0;0;0;0;0;0;0;0;0
FR;5;2021-05-11;0;0;0;0;0;0;0;0;0;0
FR;5;2021-05-12;0;0;0;0;0;0;0;0;0;0
FR;5;2021-05-13;0;0;0;0;0;0;0;0;0;0
FR;5;2021-05-14;0;0;0;0;0;0;0;0;0;0
FR;5;2021-05-15;0;0;0;0;0;0;0;0;0;0
FR;5;2021-05-16;0;0;0;0;0;0;0;0;0;0
FR;5;2021-05-17;0;0;0;0;0;0;0;0;0;0
FR;5;2021-05-18;0;0;0;0;0;0;0;0;0;0
FR;5;2021-05-19;0;0;0;0;0;0;0;0;0;0
FR;5;2021-05-20;0;0;0;0;0;0;0;0;0;0
FR;5;2021-05-21;0;0;0;0;0;0;0;0;0;0
FR;5;2021-05-22;0;0;0;0;0;0;0;0;0;0
FR;5;2021-05-23;0;0;0;0;0;0;0;0;0;0
FR;5;2021-05-24;0;0;0;0;0;0;0;0;0;0
FR;5;2021-05-25;0;0;0;0;0;0;0;0;0;0
FR;5;2021-05-26;0;0;0;0;0;0;0;0;0;0
FR;5;2021-05-27;0;0;0;0;0;0;0;0;0;0
FR;5;2021-05-28;0;0;0;0;0;0;0;0;0;0
FR;5;2021-05-29;0;0;0;0;0;0;0;0;0;0
FR;5;2021-05-30;0;0;0;0;0;0;0;0;0;0
FR;5;2021-05-31;0;0;0;0;0;0;0;0;0;0
FR;5;2021-06-01;0;0;0;0;0;0;0;0;0;0
FR;5;2021-06-02;0;0;0;0;0;0;0;0;0;0
FR;5;2021-06-03;0;0;0;0;0;0;0;0;0;0
FR;5;2021-06-04;0;0;0;0;0;0;0;0;0;0
FR;5;2021-06-05;0;0;0;0;0;0;0;0;0;0
FR;5;2021-06-06;0;0;0;0;0;0;0;0;0;0
FR;5;2021-06-07;0;0;0;0;0;0;0;0;0;0
FR;5;2021-06-08;0;0;0;0;0;0;0;0;0;0
FR;5;2021-06-09;0;0;0;0;0;0;0;0;0;0
FR;5;2021-06-10;0;0;0;0;0;0;0;0;0;0
FR;5;2021-06-11;0;0;0;0;0;0;0;0;0;0
FR;5;2021-06-12;0;0;0;0;0;0;0;0;0;0
FR;5;2021-06-13;0;0;0;0;0;0;0;0;0;0
FR;5;2021-06-14;0;0;0;0;0;0;0;0;0;0
FR;5;2021-06-15;0;0;0;0;0;0;0;0;0;0
FR;5;2021-06-16;0;0;0;0;0;0;0;0;0;0
FR;5;2021-06-17;0;0;0;0;0;0;0;0;0;0
FR;5;2021-06-18;0;0;0;0;0;0;0;0;0;0
FR;5;2021-06-19;0;0;0;0;0;0;0;0;0;0
FR;5;2021-06-20;0;0;0;0;0;0;0;0;0;0
FR;5;2021-06-21;0;0;0;0;0;0;0;0;0;0
FR;5;2021-06-22;0;0;0;0;0;0;0;0;0;0
FR;5;2021-06-23;0;0;0;0;0;0;0;0;0;0
FR;5;2021-06-24;0;0;0;0;0;0;0;0;0;0
FR;5;2021-06-25;0;0;0;0;0;0;0;0;0;0
FR;5;2021-06-26;0;0;0;0;0;0;0;0;0;0
FR;5;2021-06-27;0;0;0;0;0;0;0;0;0;0
FR;5;2021-06-28;0;0;0;0;0;0;0;0;0;0
FR;5;2021-06-29;0;0;0;0;0;0;0;0;0;0
FR;5;2021-06-30;0;0;0;0;0;0;0;0;0;0
FR;5;2021-07-01;0;0;0;0;0;0;0;0;0;0
FR;5;2021-07-02;0;0;0;0;0;0;0;0;0;0
FR;5;2021-07-03;0;0;0;0;0;0;0;0;0;0
FR;5;2021-07-04;0;0;0;0;0;0;0;0;0;0
FR;5;2021-07-05;0;0;0;0;0;0;0;0;0;0
FR;5;2021-07-06;0;0;0;0;0;0;0;0;0;0
FR;5;2021-07-07;0;0;0;0;0;0;0;0;0;0
FR;5;2021-07-08;0;0;0;0;0;0;0;0;0;0
FR;5;2021-07-09;0;0;0;0;0;0;0;0;0;0
FR;5;2021-07-10;0;0;0;0;0;0;0;0;0;0
FR;5;2021-07-11;0;0;0;0;0;0;0;0;0;0
FR;5;2021-07-12;0;0;0;0;0;0;0;0;0;0
FR;5;2021-07-13;0;0;0;0;0;0;0;0;0;0
FR;5;2021-07-14;0;0;0;0;0;0;0;0;0;0
FR;5;2021-07-15;0;0;0;0;0;0;0;0;0;0
FR;5;2021-07-16;0;0;0;0;0;0;0;0;0;0
FR;5;2021-07-17;0;0;0;0;0;0;0;0;0;0
FR;5;2021-07-18;0;0;0;0;0;0;0;0;0;0
FR;5;2021-07-19;0;0;0;0;0;0;0;0;0;0
FR;5;2021-07-20;0;0;0;0;0;0;0;0;0;0
FR;5;2021-07-21;0;0;0;0;0;0;0;0;0;0
FR;5;2021-07-22;0;0;0;0;0;0;0;0;0;0
FR;5;2021-07-23;0;0;0;0;0;0;0;0;0;0
FR;5;2021-07-24;0;0;0;0;0;0;0;0;0;0
FR;5;2021-07-25;0;0;0;0;0;0;0;0;0;0
FR;5;2021-07-26;0;0;0;0;0;0;0;0;0;0
FR;5;2021-07-27;0;0;0;0;0;0;0;0;0;0
FR;5;2021-07-28;0;0;0;0;0;0;0;0;0;0
FR;5;2021-07-29;0;0;0;0;0;0;0;0;0;0
FR;5;2021-07-30;0;0;0;0;0;0;0;0;0;0
FR;5;2021-07-31;0;0;0;0;0;0;0;0;0;0
FR;5;2021-08-01;0;0;0;0;0;0;0;0;0;0
FR;5;2021-08-02;0;0;0;0;0;0;0;0;0;0
FR;5;2021-08-03;0;0;0;0;0;0;0;0;0;0
FR;5;2021-08-04;0;0;0;0;0;0;0;0;0;0
FR;5;2021-08-05;0;0;0;0;0;0;0;0;0;0
FR;5;2021-08-06;0;0;0;0;0;0;0;0;0;0
FR;5;2021-08-07;0;0;0;0;0;0;0;0;0;0
FR;5;2021-08-08;0;0;0;0;0;0;0;0;0;0
FR;5;2021-08-09;0;0;0;0;0;0;0;0;0;0
FR;5;2021-08-10;0;0;0;0;0;0;0;0;0;0
FR;5;2021-08-11;0;0;0;0;0;0;0;0;0;0
FR;5;2021-08-12;0;0;0;0;0;0;0;0;0;0
FR;5;2021-08-13;0;0;0;0;0;0;0;0;0;0
FR;5;2021-08-14;0;0;0;0;0;0;0;0;0;0
FR;5;2021-08-15;0;0;0;0;0;0;0;0;0;0
FR;5;2021-08-16;0;0;0;0;0;0;0;0;0;0
FR;5;2021-08-17;0;0;0;0;0;0;0;0;0;0
FR;5;2021-08-18;0;0;0;0;0;0;0;0;0;0
FR;5;2021-08-19;0;0;0;0;0;0;0;0;0;0
FR;5;2021-08-20;0;0;0;0;0;0;0;0;0;0
FR;5;2021-08-21;0;0;0;0;0;0;0;0;0;0
FR;5;2021-08-22;0;0;0;0;0;0;0;0;0;0
FR;5;2021-08-23;0;0;0;0;0;0;0;0;0;0
FR;5;2021-08-24;0;0;0;0;0;0;0;0;0;0
FR;5;2021-08-25;0;0;0;0;0;0;0;0;0;0
FR;5;2021-08-26;0;0;0;0;0;0;0;0;0;0
FR;5;2021-08-27;0;0;0;0;0;0;0;0;0;0
FR;5;2021-08-28;0;0;0;0;0;0;0;0;0;0
FR;5;2021-08-29;0;0;0;0;0;0;0;0;0;0
FR;5;2021-08-30;0;0;0;0;0;0;0;0;0;0
FR;5;2021-08-31;0;0;0;0;0;0;0;0;0;0
FR;5;2021-09-01;0;0;0;0;0;0;0;0;0;0
FR;5;2021-09-02;0;0;0;0;0;0;0;0;0;0
FR;5;2021-09-03;0;0;0;0;0;0;0;0;0;0
FR;5;2021-09-04;0;0;0;0;0;0;0;0;0;0
FR;5;2021-09-05;0;0;0;0;0;0;0;0;0;0
FR;5;2021-09-06;0;0;0;0;0;0;0;0;0;0
FR;5;2021-09-07;0;0;0;0;0;0;0;0;0;0
FR;5;2021-09-08;0;0;0;0;0;0;0;0;0;0
FR;5;2021-09-09;0;0;0;0;0;0;0;0;0;0
FR;5;2021-09-10;0;0;0;0;0;0;0;0;0;0
FR;5;2021-09-11;0;0;0;0;0;0;0;0;0;0
FR;5;2021-09-12;0;0;0;0;0;0;0;0;0;0
FR;5;2021-09-13;0;0;0;0;0;0;0;0;0;0
FR;5;2021-09-14;0;0;0;0;0;0;0;0;0;0
FR;5;2021-09-15;0;0;0;0;0;0;0;0;0;0
FR;5;2021-09-16;0;0;0;0;0;0;0;0;0;0
FR;5;2021-09-17;0;0;0;0;0;0;0;0;0;0
FR;5;2021-09-18;0;0;0;0;0;0;0;0;0;0
FR;5;2021-09-19;0;0;0;0;0;0;0;0;0;0
FR;5;2021-09-20;0;0;0;0;0;0;0;0;0;0
FR;5;2021-09-21;0;0;0;0;0;0;0;0;0;0
FR;5;2021-09-22;0;0;0;0;0;0;0;0;0;0
FR;5;2021-09-23;0;0;0;0;0;0;0;0;0;0
FR;5;2021-09-24;0;0;0;0;0;0;0;0;0;0
FR;5;2021-09-25;0;0;0;0;0;0;0;0;0;0
FR;5;2021-09-26;0;0;0;0;0;0;0;0;0;0
FR;5;2021-09-27;0;0;0;0;0;0;0;0;0;0
FR;5;2021-09-28;0;0;0;0;0;0;0;0;0;0
FR;5;2021-09-29;0;0;0;0;0;0;0;0;0;0
FR;5;2021-09-30;0;0;0;0;0;0;0;0;0;0
FR;5;2021-10-01;0;0;0;0;0;0;0;0;0;0
FR;5;2021-10-02;0;0;0;0;0;0;0;0;0;0
FR;5;2021-10-03;0;0;0;0;0;0;0;0;0;0
FR;5;2021-10-04;0;0;0;0;0;0;0;0;0;0
FR;5;2021-10-05;0;0;0;0;0;0;0;0;0;0
FR;5;2021-10-06;0;0;0;0;0;0;0;0;0;0
FR;5;2021-10-07;0;0;0;0;0;0;0;0;0;0
FR;5;2021-10-08;0;0;0;0;0;0;0;0;0;0
FR;5;2021-10-09;0;0;0;0;0;0;0;0;0;0
FR;5;2021-10-10;0;0;0;0;0;0;0;0;0;0
FR;5;2021-10-11;0;0;0;0;0;0;0;0;0;0
FR;5;2021-10-12;0;0;0;0;0;0;0;0;0;0
FR;5;2021-10-13;0;0;0;0;0;0;0;0;0;0
FR;5;2021-10-14;0;0;0;0;0;0;0;0;0;0
FR;5;2021-10-15;0;0;0;0;0;0;0;0;0;0
FR;5;2021-10-16;0;0;0;0;0;0;0;0;0;0
FR;5;2021-10-17;0;0;0;0;0;0;0;0;0;0
FR;5;2021-10-18;0;0;0;0;0;0;0;0;0;0
FR;5;2021-10-19;0;0;0;0;0;0;0;0;0;0
FR;5;2021-10-20;0;0;0;0;0;0;0;0;0;0
FR;5;2021-10-21;0;0;0;0;0;0;0;0;0;0
FR;5;2021-10-22;0;0;0;0;0;0;0;0;0;0
FR;5;2021-10-23;0;0;0;0;0;0;0;0;0;0
FR;5;2021-10-24;0;0;0;0;0;0;0;0;0;0
FR;5;2021-10-25;0;0;0;0;0;0;0;0;0;0
FR;5;2021-10-26;0;0;0;0;0;0;0;0;0;0
FR;5;2021-10-27;0;0;0;0;0;0;0;0;0;0
FR;5;2021-10-28;0;0;0;0;0;0;0;0;0;0
FR;5;2021-10-29;0;0;0;0;0;0;0;0;0;0
FR;5;2021-10-30;0;0;0;0;0;0;0;0;0;0
FR;5;2021-10-31;0;0;0;0;0;0;0;0;0;0
FR;5;2021-11-01;0;0;0;0;0;0;0;0;0;0
FR;5;2021-11-02;0;0;0;0;0;0;0;0;0;0
FR;5;2021-11-03;0;0;0;0;0;0;0;0;0;0
FR;5;2021-11-04;0;0;0;0;0;0;0;0;0;0
FR;5;2021-11-05;0;0;0;0;0;0;0;0;0;0
FR;5;2021-11-06;0;0;0;0;0;0;0;0;0;0
FR;5;2021-11-07;0;0;0;0;0;0;0;0;0;0
FR;5;2021-11-08;0;0;0;0;0;0;0;0;0;0
FR;5;2021-11-09;0;0;0;0;0;0;0;0;0;0
FR;5;2021-11-10;0;0;0;0;0;0;0;0;0;0
FR;5;2021-11-11;0;0;0;0;0;0;0;0;0;0
FR;5;2021-11-12;0;0;0;0;0;0;0;0;0;0
FR;5;2021-11-13;0;0;0;0;0;0;0;0;0;0
FR;5;2021-11-14;0;0;0;0;0;0;0;0;0;0
FR;5;2021-11-15;0;0;0;0;0;0;0;0;0;0
FR;5;2021-11-16;0;0;0;0;0;0;0;0;0;0
FR;5;2021-11-17;0;0;0;0;0;0;0;0;0;0
FR;5;2021-11-18;0;0;0;0;0;0;0;0;0;0
FR;5;2021-11-19;0;0;0;0;0;0;0;0;0;0
FR;5;2021-11-20;0;0;0;0;0;0;0;0;0;0
FR;5;2021-11-21;0;0;0;0;0;0;0;0;0;0
FR;5;2021-11-22;0;0;0;0;0;0;0;0;0;0
FR;5;2021-11-23;0;0;0;0;0;0;0;0;0;0
FR;5;2021-11-24;0;0;0;0;0;0;0;0;0;0
FR;5;2021-11-25;0;0;0;0;0;0;0;0;0;0
FR;5;2021-11-26;0;0;0;0;0;0;0;0;0;0
FR;5;2021-11-27;0;0;0;0;0;0;0;0;0;0
FR;5;2021-11-28;0;0;0;0;0;0;0;0;0;0
FR;5;2021-11-29;0;0;0;0;0;0;0;0;0;0
FR;5;2021-11-30;0;0;0;0;0;0;0;0;0;0
FR;5;2021-12-01;0;0;0;0;0;0;0;0;0;0
FR;5;2021-12-02;0;0;0;0;0;0;0;0;0;0
FR;5;2021-12-03;0;0;0;0;0;0;0;0;0;0
FR;5;2021-12-04;0;0;0;0;0;0;0;0;0;0
FR;5;2021-12-05;0;0;0;0;0;0;0;0;0;0
FR;5;2021-12-06;0;0;0;0;0;0;0;0;0;0
FR;5;2021-12-07;0;0;0;0;0;0;0;0;0;0
FR;5;2021-12-08;0;0;0;0;0;0;0;0;0;0
FR;5;2021-12-09;0;0;0;0;0;0;0;0;0;0
FR;5;2021-12-10;0;0;0;0;0;0;0;0;0;0
FR;5;2021-12-11;0;0;0;0;0;0;0;0;0;0
FR;5;2021-12-12;0;0;0;0;0;0;0;0;0;0
FR;5;2021-12-13;0;0;0;0;0;0;0;0;0;0
FR;5;2021-12-14;33;45;77;0;88;33;45;77;0;88
FR;5;2021-12-15;196;45;37;0;49;229;90;114;0;137
FR;5;2021-12-16;181;21;44;0;48;410;111;158;0;185
FR;5;2021-12-17;312;16;72;0;74;722;127;230;0;259
FR;5;2021-12-18;766;24;22;0;29;1488;151;252;0;288
FR;5;2021-12-19;586;15;15;0;17;2074;166;267;0;305
FR;5;2021-12-20;1223;31;35;0;38;3297;197;302;0;343
FR;5;2021-12-21;1535;22;54;1;60;4832;219;356;1;403
FR;5;2021-12-22;4069;40;37;0;46;8901;259;393;1;449
FR;5;2021-12-23;3042;16;21;0;25;11943;275;414;1;474
FR;5;2021-12-24;761;18;9;0;14;12704;293;423;1;488
FR;5;2021-12-25;61;5;2;0;3;12765;298;425;1;491
FR;5;2021-12-26;623;6;3;0;4;13388;304;428;1;495
FR;5;2021-12-27;4084;25;21;0;23;17472;329;449;1;518
FR;5;2021-12-28;5204;23;41;1;43;22676;352;490;2;561
FR;5;2021-12-29;8107;34;66;2;69;30783;386;556;4;630
FR;5;2021-12-30;5173;18;33;0;39;35956;404;589;4;669
FR;5;2021-12-31;1553;8;10;0;11;37509;412;599;4;680
FR;5;2022-01-01;185;2;2;0;3;37694;414;601;4;683
FR;5;2022-01-02;1489;1;1;0;1;39183;415;602;4;684
FR;5;2022-01-03;3066;36;33;0;32;42249;451;635;4;716
FR;5;2022-01-04;3033;39;33;0;42;45282;490;668;4;758
FR;5;2022-01-05;19323;203;97;1;108;64605;693;765;5;866
FR;5;2022-01-06;3746;134;122;0;142;68351;827;887;5;1008
FR;5;2022-01-07;5007;202;48;2;56;73358;1029;935;7;1064
FR;5;2022-01-08;13659;514;45;0;52;87017;1543;980;7;1116
FR;5;2022-01-09;5754;399;15;0;20;92771;1942;995;7;1136
FR;5;2022-01-10;3455;326;25;0;29;96226;2268;1020;7;1165
FR;5;2022-01-11;3671;284;38;0;41;99897;2552;1058;7;1206
FR;5;2022-01-12;22652;3005;90;0;113;122549;5557;1148;7;1319
FR;5;2022-01-13;4037;622;30;0;32;126586;6179;1178;7;1351
FR;5;2022-01-14;4843;582;44;0;51;131429;6761;1222;7;1402
FR;5;2022-01-15;14686;1746;38;3;49;146115;8507;1260;10;1451
FR;5;2022-01-16;4727;666;3;0;5;150842;9173;1263;10;1456
FR;5;2022-01-17;2297;718;26;0;29;153139;9891;1289;10;1485
FR;5;2022-01-18;2430;870;30;0;40;155569;10761;1319;10;1525
FR;5;2022-01-19;18483;6423;74;2;142;174052;17184;1393;12;1667
FR;5;2022-01-20;1920;1068;25;0;34;175972;18252;1418;12;1701
FR;5;2022-01-21;3077;1372;47;1;59;179049;19624;1465;13;1760
FR;5;2022-01-22;10721;3454;33;1;43;189770;23078;1498;14;1803
FR;5;2022-01-23;2629;1415;6;0;10;192399;24493;1504;14;1813
FR;5;2022-01-24;1160;1340;19;0;23;193559;25833;1523;14;1836
FR;5;2022-01-25;1220;1549;20;2;31;194779;27382;1543;16;1867
FR;5;2022-01-26;10752;12027;50;1;89;205531;39409;1593;17;1956
FR;5;2022-01-27;1291;1693;10;0;17;206822;41102;1603;17;1973
FR;5;2022-01-28;1699;3347;16;0;19;208521;44449;1619;17;1992
FR;5;2022-01-29;6240;8041;68;0;96;214761;52490;1687;17;2088
FR;5;2022-01-30;1509;2950;5;0;18;216270;55440;1692;17;2106
FR;5;2022-01-31;589;1773;23;0;24;216859;57213;1715;17;2130
FR;5;2022-02-01;712;1706;10;0;15;217571;58919;1725;17;2145
FR;5;2022-02-02;6958;15656;52;0;94;224529;74575;1777;17;2239
FR;5;2022-02-03;491;1690;14;0;13;225020;76265;1791;17;2252
FR;5;2022-02-04;945;3002;19;0;31;225965;79267;1810;17;2283
FR;5;2022-02-05;3535;8918;23;0;37;229500;88185;1833;17;2320
FR;5;2022-02-06;737;2397;10;0;19;230237;90582;1843;17;2339
FR;5;2022-02-07;884;1596;23;0;25;231121;92178;1866;17;2364
FR;5;2022-02-08;722;1287;18;0;20;231843;93465;1884;17;2384
FR;5;2022-02-09;4544;12878;44;0;76;236387;106343;1928;17;2460
FR;5;2022-02-10;646;1059;14;0;15;237033;107402;1942;17;2475
FR;5;2022-02-11;793;2032;16;0;21;237826;109434;1958;17;2496
FR;5;2022-02-12;2286;6813;33;0;53;240112;116247;1991;17;2549
FR;5;2022-02-13;464;1540;8;0;8;240576;117787;1999;17;2557
FR;5;2022-02-14;678;1288;10;0;13;241254;119075;2009;17;2570
FR;5;2022-02-15;482;886;9;0;14;241736;119961;2018;17;2584
FR;5;2022-02-16;2980;9123;41;1;58;244716;129084;2059;18;2642
FR;5;2022-02-17;436;809;6;0;7;245152;129893;2065;18;2649
FR;5;2022-02-18;649;1408;13;0;17;245801;131301;2078;18;2666
FR;5;2022-02-19;1373;4315;16;0;28;247174;135616;2094;18;2694
FR;5;2022-02-20;247;879;6;0;8;247421;136495;2100;18;2702
FR;5;2022-02-21;221;607;2;0;4;247642;137102;2102;18;2706
FR;5;2022-02-22;262;545;17;0;17;247904;137647;2119;18;2723
FR;5;2022-02-23;1909;6926;23;1;43;249813;144573;2142;19;2766
FR;5;2022-02-24;182;374;6;1;7;249995;144947;2148;20;2773
FR;5;2022-02-25;336;950;13;0;12;250331;145897;2161;20;2785
FR;5;2022-02-26;972;3070;11;0;15;251303;148967;2172;20;2800
FR;5;2022-02-27;150;506;0;0;3;251453;149473;2172;20;2803
FR;5;2022-02-28;162;369;1;0;1;251615;149842;2173;20;2804
FR;5;2022-03-01;130;280;6;0;7;251745;150122;2179;20;2811
FR;5;2022-03-02;1241;4156;28;3;40;252986;154278;2207;23;2851
FR;5;2022-03-03;121;251;5;0;10;253107;154529;2212;23;2861
FR;5;2022-03-04;196;488;13;0;14;253303;155017;2225;23;2875
FR;5;2022-03-05;677;1990;8;0;16;253980;157007;2233;23;2891
FR;5;2022-03-06;108;260;0;0;0;254088;157267;2233;23;2891
FR;5;2022-03-07;71;228;5;0;3;254159;157495;2238;23;2894
FR;5;2022-03-08;46;134;7;1;8;254205;157629;2245;24;2902
FR;5;2022-03-09;910;3078;24;0;36;255115;160707;2269;24;2938
FR;5;2022-03-10;82;202;8;0;12;255197;160909;2277;24;2950
FR;5;2022-03-11;148;369;13;1;15;255345;161278;2290;25;2965
FR;5;2022-03-12;758;1613;13;1;30;256103;162891;2303;26;2995
FR;5;2022-03-13;78;100;0;0;0;256181;162991;2303;26;2995
FR;5;2022-03-14;67;119;7;1;7;256248;163110;2310;27;3002
FR;5;2022-03-15;83;99;4;0;7;256331;163209;2314;27;3009
FR;5;2022-03-16;883;1827;15;3;36;257214;165036;2329;30;3045
FR;5;2022-03-17;68;123;8;4;10;257282;165159;2337;34;3055
FR;5;2022-03-18;172;318;13;4;18;257454;165477;2350;38;3073
FR;5;2022-03-19;751;1163;12;5;33;258205;166640;2362;43;3106
FR;5;2022-03-20;45;93;1;0;1;258250;166733;2363;43;3107
FR;5;2022-03-21;71;120;10;6;15;258321;166853;2373;49;3122
FR;5;2022-03-22;56;119;8;7;9;258377;166972;2381;56;3131
FR;5;2022-03-23;805;1461;14;8;36;259182;168433;2395;64;3167
FR;5;2022-03-24;70;93;8;7;7;259252;168526;2403;71;3174
FR;5;2022-03-25;222;293;14;8;18;259474;168819;2417;79;3192
FR;5;2022-03-26;707;853;12;5;26;260181;169672;2429;84;3218
FR;5;2022-03-27;75;80;0;0;3;260256;169752;2429;84;3221
FR;5;2022-03-28;81;93;1;2;3;260337;169845;2430;86;3224
FR;5;2022-03-29;71;82;10;4;12;260408;169927;2440;90;3236
FR;5;2022-03-30;823;1116;16;13;29;261231;171043;2456;103;3265
FR;5;2022-03-31;102;125;1;4;6;261333;171168;2457;107;3271
FR;5;2022-04-01;114;86;7;12;11;261447;171254;2464;119;3282
FR;5;2022-04-02;330;349;3;3;15;261777;171603;2467;122;3297
FR;5;2022-04-03;54;59;1;0;1;261831;171662;2468;122;3298
FR;5;2022-04-04;40;57;4;1;8;261871;171719;2472;123;3306
FR;5;2022-04-05;52;60;6;7;9;261923;171779;2478;130;3315
FR;5;2022-04-06;421;439;7;15;16;262344;172218;2485;145;3331
FR;5;2022-04-07;45;69;5;7;7;262389;172287;2490;152;3338
FR;5;2022-04-08;134;112;12;13;14;262523;172399;2502;165;3352
FR;5;2022-04-09;311;324;2;5;17;262834;172723;2504;170;3369
FR;5;2022-04-10;43;31;2;0;2;262877;172754;2506;170;3371
FR;5;2022-04-11;50;60;3;2;4;262927;172814;2509;172;3375
FR;5;2022-04-12;59;54;3;3;5;262986;172868;2512;175;3380
FR;5;2022-04-13;382;413;3;8;16;263368;173281;2515;183;3396
FR;5;2022-04-14;48;48;5;5;9;263416;173329;2520;188;3405
FR;5;2022-04-15;91;109;4;4;5;263507;173438;2524;192;3410
FR;5;2022-04-16;188;184;2;1;13;263695;173622;2526;193;3423
FR;5;2022-04-17;12;11;1;0;1;263707;173633;2527;193;3424
FR;5;2022-04-18;9;10;2;0;3;263716;173643;2529;193;3427
FR;5;2022-04-19;75;71;6;1;6;263791;173714;2535;194;3433
FR;5;2022-04-20;361;349;9;6;12;264152;174063;2544;200;3445
FR;5;2022-04-21;42;64;9;10;12;264194;174127;2553;210;3457
FR;5;2022-04-22;113;96;5;4;5;264307;174223;2558;214;3462
FR;5;2022-04-23;209;193;3;2;10;264516;174416;2561;216;3472
FR;5;2022-04-24;37;35;0;0;3;264553;174451;2561;216;3475
FR;5;2022-04-25;69;65;1;1;4;264622;174516;2562;217;3479
FR;5;2022-04-26;60;63;2;1;5;264682;174579;2564;218;3484
FR;5;2022-04-27;335;316;2;7;14;265017;174895;2566;225;3498
FR;5;2022-04-28;81;54;4;5;8;265098;174949;2570;230;3506
FR;5;2022-04-29;117;84;5;19;12;265215;175033;2575;249;3518
FR;5;2022-04-30;183;114;2;3;10;265398;175147;2577;252;3528
FR;5;2022-05-01;11;7;0;0;0;265409;175154;2577;252;3528
FR;5;2022-05-02;52;28;4;5;2;265461;175182;2581;257;3530
FR;5;2022-05-03;84;57;2;5;11;265545;175239;2583;262;3541
FR;5;2022-05-04;278;205;1;2;7;265823;175444;2584;264;3548
FR;5;2022-05-05;62;32;3;4;5;265885;175476;2587;268;3553
FR;5;2022-05-06;105;65;2;3;5;265990;175541;2589;271;3558
FR;5;2022-05-07;171;117;3;10;13;266161;175658;2592;281;3571
FR;5;2022-05-08;8;8;0;0;2;266169;175666;2592;281;3573
FR;5;2022-05-09;44;34;15;3;16;266213;175700;2607;284;3589
FR;5;2022-05-10;54;49;3;4;5;266267;175749;2610;288;3594
FR;5;2022-05-11;326;237;12;7;21;266593;175986;2622;295;3615
FR;5;2022-05-12;46;34;2;2;2;266639;176020;2624;297;3617
FR;5;2022-05-13;109;83;3;8;8;266748;176103;2627;305;3625
FR;5;2022-05-14;209;131;0;1;8;266957;176234;2627;306;3633
FR;5;2022-05-15;22;9;2;0;1;266979;176243;2629;306;3634
FR;5;2022-05-16;52;34;4;5;4;267031;176277;2633;311;3638
FR;5;2022-05-17;72;40;5;0;2;267103;176317;2638;311;3640
FR;5;2022-05-18;289;215;4;4;8;267392;176532;2642;315;3648
FR;5;2022-05-19;45;35;5;3;3;267437;176567;2647;318;3651
FR;5;2022-05-20;76;63;3;10;1;267513;176630;2650;328;3652
FR;5;2022-05-21;242;166;2;3;17;267755;176796;2652;331;3669
FR;5;2022-05-22;20;14;2;5;2;267775;176810;2654;336;3671
FR;5;2022-05-23;42;31;4;3;6;267817;176841;2658;339;3677
FR;5;2022-05-24;47;45;3;2;5;267864;176886;2661;341;3682
FR;5;2022-05-25;329;257;4;1;16;268193;177143;2665;342;3698
FR;5;2022-05-26;17;5;0;1;2;268210;177148;2665;343;3700
FR;5;2022-05-27;99;54;4;4;9;268309;177202;2669;347;3709
FR;5;2022-05-28;100;78;5;3;10;268409;177280;2674;350;3719
FR;5;2022-05-29;14;14;1;0;2;268423;177294;2675;350;3721
FR;5;2022-05-30;56;41;2;1;2;268479;177335;2677;351;3723
FR;5;2022-05-31;57;43;1;8;1;268536;177378;2678;359;3724
FR;5;2022-06-01;257;241;9;2;25;268793;177619;2687;361;3749
FR;5;2022-06-02;63;61;5;0;9;268856;177680;2692;361;3758
FR;5;2022-06-03;81;71;4;5;10;268937;177751;2696;366;3768
FR;5;2022-06-04;156;109;2;1;9;269093;177860;2698;367;3777
FR;5;2022-06-05;18;11;0;0;1;269111;177871;2698;367;3778
FR;5;2022-06-06;16;9;0;1;0;269127;177880;2698;368;3778
FR;5;2022-06-07;50;56;1;1;2;269177;177936;2699;369;3780
FR;5;2022-06-08;283;225;3;4;17;269460;178161;2702;373;3797
FR;5;2022-06-09;52;41;6;3;7;269512;178202;2708;376;3804
FR;5;2022-06-10;81;72;1;1;6;269593;178274;2709;377;3810
FR;5;2022-06-11;173;141;3;3;10;269766;178415;2712;380;3820
FR;5;2022-06-12;17;16;0;0;2;269783;178431;2712;380;3822
FR;5;2022-06-13;56;47;9;3;10;269839;178478;2721;383;3832
FR;5;2022-06-14;59;56;1;4;6;269898;178534;2722;387;3838
FR;5;2022-06-15;266;260;5;2;27;270164;178794;2727;389;3865
FR;5;2022-06-16;47;30;5;2;5;270211;178824;2732;391;3870
FR;5;2022-06-17;100;67;5;5;10;270311;178891;2737;396;3880
FR;5;2022-06-18;146;95;10;2;26;270457;178986;2747;398;3906
FR;5;2022-06-19;26;15;0;1;4;270483;179001;2747;399;3910
FR;5;2022-06-20;56;50;8;0;11;270539;179051;2755;399;3921
FR;5;2022-06-21;52;73;5;3;7;270591;179124;2760;402;3928
FR;5;2022-06-22;224;247;7;9;33;270815;179371;2767;411;3961
FR;5;2022-06-23;50;38;2;5;6;270865;179409;2769;416;3967
FR;5;2022-06-24;91;69;12;5;16;270956;179478;2781;421;3983
FR;5;2022-06-25;154;124;3;7;14;271110;179602;2784;428;3997
FR;5;2022-06-26;26;19;2;0;5;271136;179621;2786;428;4002
FR;5;2022-06-27;57;60;5;7;11;271193;179681;2791;435;4013
FR;5;2022-06-28;70;49;8;2;14;271263;179730;2799;437;4027
FR;5;2022-06-29;297;268;9;21;34;271560;179998;2808;458;4061
FR;5;2022-06-30;88;57;10;12;17;271648;180055;2818;470;4078
FR;5;2022-07-01;126;65;7;11;12;271774;180120;2825;481;4090
FR;5;2022-07-02;191;132;4;0;22;271965;180252;2829;481;4112
FR;5;2022-07-03;30;25;1;0;4;271995;180277;2830;481;4116
FR;5;2022-07-04;103;64;2;5;6;272098;180341;2832;486;4122
FR;5;2022-07-05;104;72;3;8;13;272202;180413;2835;494;4135
FR;5;2022-07-06;277;168;9;36;27;272479;180581;2844;530;4162
FR;5;2022-07-07;88;68;6;9;13;272567;180649;2850;539;4175
FR;5;2022-07-08;152;120;7;14;25;272719;180769;2857;553;4200
FR;5;2022-07-09;116;68;1;8;10;272835;180837;2858;561;4210
FR;5;2022-07-10;15;6;0;0;1;272850;180843;2858;561;4211
FR;5;2022-07-11;92;72;10;2;19;272942;180915;2868;563;4230
FR;5;2022-07-12;67;63;5;10;7;273009;180978;2873;573;4237
FR;5;2022-07-13;169;118;10;19;16;273178;181096;2883;592;4253
FR;5;2022-07-14;8;4;0;0;0;273186;181100;2883;592;4253
FR;5;2022-07-15;74;66;5;14;15;273260;181166;2888;606;4268
FR;5;2022-07-16;54;44;3;0;3;273314;181210;2891;606;4271
FR;5;2022-07-17;10;7;3;0;2;273324;181217;2894;606;4273
FR;5;2022-07-18;60;46;0;5;3;273384;181263;2894;611;4276
FR;5;2022-07-19;63;42;5;3;7;273447;181305;2899;614;4283
FR;5;2022-07-20;119;106;4;11;14;273566;181411;2903;625;4297
FR;5;2022-07-21;38;43;2;10;5;273604;181454;2905;635;4302
FR;5;2022-07-22;46;69;11;14;23;273650;181523;2916;649;4325
FR;5;2022-07-23;59;78;2;1;11;273709;181601;2918;650;4336
FR;5;2022-07-24;11;9;3;1;3;273720;181610;2921;651;4339
FR;5;2022-07-25;53;48;2;7;8;273773;181658;2923;658;4347
FR;5;2022-07-26;58;53;5;41;6;273831;181711;2928;699;4353
FR;5;2022-07-27;106;118;4;4;13;273937;181829;2932;703;4366
FR;5;2022-07-28;39;35;2;2;6;273976;181864;2934;705;4372
FR;5;2022-07-29;56;74;3;14;8;274032;181938;2937;719;4380
FR;5;2022-07-30;55;53;5;1;7;274087;181991;2942;720;4387
FR;5;2022-07-31;7;11;1;0;1;274094;182002;2943;720;4388
FR;5;2022-08-01;39;52;1;2;6;274133;182054;2944;722;4394
FR;5;2022-08-02;31;43;8;7;8;274164;182097;2952;729;4402
FR;5;2022-08-03;54;51;4;10;9;274218;182148;2956;739;4411
FR;5;2022-08-04;20;18;1;6;1;274238;182166;2957;745;4412
FR;5;2022-08-05;35;26;3;3;3;274273;182192;2960;748;4415
FR;5;2022-08-06;23;26;1;0;1;274296;182218;2961;748;4416
FR;5;2022-08-07;2;2;1;0;1;274298;182220;2962;748;4417
FR;5;2022-08-08;25;19;1;2;2;274323;182239;2963;750;4419
FR;5;2022-08-09;26;28;3;3;3;274349;182267;2966;753;4422
FR;5;2022-08-10;47;47;2;0;5;274396;182314;2968;753;4427
FR;5;2022-08-11;19;34;2;2;5;274415;182348;2970;755;4432
FR;5;2022-08-12;27;28;2;0;2;274442;182376;2972;755;4434
FR;5;2022-08-13;16;18;0;0;0;274458;182394;2972;755;4434
FR;5;2022-08-14;2;3;0;0;0;274460;182397;2972;755;4434
FR;5;2022-08-15;2;5;0;0;0;274462;182402;2972;755;4434
FR;5;2022-08-16;33;26;2;0;5;274495;182428;2974;755;4439
FR;5;2022-08-17;52;55;2;1;1;274547;182483;2976;756;4440
FR;5;2022-08-18;26;18;5;17;7;274573;182501;2981;773;4447
FR;5;2022-08-19;25;33;1;2;2;274598;182534;2982;775;4449
FR;5;2022-08-20;25;27;2;1;4;274623;182561;2984;776;4453
FR;5;2022-08-21;7;4;1;0;1;274630;182565;2985;776;4454
FR;5;2022-08-22;38;26;1;6;2;274668;182591;2986;782;4456
FR;5;2022-08-23;26;25;1;1;2;274694;182616;2987;783;4458
FR;5;2022-08-24;50;43;0;0;0;274744;182659;2987;783;4458
FR;5;2022-08-25;27;26;3;1;2;274771;182685;2990;784;4460
FR;5;2022-08-26;48;38;7;2;5;274819;182723;2997;786;4465
FR;5;2022-08-27;46;28;1;0;3;274865;182751;2998;786;4468
FR;5;2022-08-28;5;6;0;0;0;274870;182757;2998;786;4468
FR;5;2022-08-29;58;44;1;1;4;274928;182801;2999;787;4472
FR;5;2022-08-30;42;23;12;29;10;274970;182824;3011;816;4482
FR;5;2022-08-31;52;47;6;1;11;275022;182871;3017;817;4493
FR;5;2022-09-01;14;8;1;4;1;275036;182879;3018;821;4494
FR;5;2022-09-02;42;21;8;2;8;275078;182900;3026;823;4502
FR;5;2022-09-03;67;37;2;0;2;275145;182937;3028;823;4504
FR;5;2022-09-04;12;7;1;0;3;275157;182944;3029;823;4507
FR;5;2022-09-05;6;4;0;0;0;275163;182948;3029;823;4507
FR;5;2022-09-06;19;14;3;15;2;275182;182962;3032;838;4509
FR;5;2022-09-07;78;53;1;1;3;275260;183015;3033;839;4512
FR;5;2022-09-08;9;4;0;4;0;275269;183019;3033;843;4512
FR;5;2022-09-09;40;11;9;2;10;275309;183030;3042;845;4522
FR;5;2022-09-10;40;45;1;1;8;275349;183075;3043;846;4530
FR;5;2022-09-11;3;3;0;0;1;275352;183078;3043;846;4531
FR;5;2022-09-12;7;5;2;2;2;275359;183083;3045;848;4533
FR;5;2022-09-13;8;6;0;1;3;275367;183089;3045;849;4536
FR;5;2022-09-14;52;46;4;7;9;275419;183135;3049;856;4545
FR;5;2022-09-15;11;13;2;3;5;275430;183148;3051;859;4550
FR;5;2022-09-16;25;33;1;4;3;275455;183181;3052;863;4553
FR;5;2022-09-17;60;42;1;1;5;275515;183223;3053;864;4558
FR;5;2022-09-18;9;2;0;1;1;275524;183225;3053;865;4559
FR;5;2022-09-19;22;16;2;1;4;275546;183241;3055;866;4563
FR;5;2022-09-20;15;11;3;3;1;275561;183252;3058;869;4564
FR;5;2022-09-21;67;45;9;0;13;275628;183297;3067;869;4577
FR;5;2022-09-22;11;6;4;24;4;275639;183303;3071;893;4581
FR;5;2022-09-23;19;22;2;3;6;275658;183325;3073;896;4587
FR;5;2022-09-24;44;51;1;8;5;275702;183376;3074;904;4592
FR;5;2022-09-25;6;12;0;0;1;275708;183388;3074;904;4593
FR;5;2022-09-26;13;6;0;2;0;275721;183394;3074;906;4593
FR;5;2022-09-27;7;11;4;9;4;275728;183405;3078;915;4597
FR;6;2020-12-27;0;0;0;0;0;0;0;0;0;0
FR;6;2020-12-28;0;0;0;0;0;0;0;0;0;0
FR;6;2020-12-29;0;0;0;0;0;0;0;0;0;0
FR;6;2020-12-30;0;0;0;0;0;0;0;0;0;0
FR;6;2020-12-31;0;0;0;0;0;0;0;0;0;0
FR;6;2021-01-01;0;0;0;0;0;0;0;0;0;0
FR;6;2021-01-02;0;0;0;0;0;0;0;0;0;0
FR;6;2021-01-03;0;0;0;0;0;0;0;0;0;0
FR;6;2021-01-04;0;0;0;0;0;0;0;0;0;0
FR;6;2021-01-05;0;0;0;0;0;0;0;0;0;0
FR;6;2021-01-06;0;0;0;0;0;0;0;0;0;0
FR;6;2021-01-07;0;0;0;0;0;0;0;0;0;0
FR;6;2021-01-08;0;0;0;0;0;0;0;0;0;0
FR;6;2021-01-09;0;0;0;0;0;0;0;0;0;0
FR;6;2021-01-10;0;0;0;0;0;0;0;0;0;0
FR;6;2021-01-11;0;0;0;0;0;0;0;0;0;0
FR;6;2021-01-12;0;0;0;0;0;0;0;0;0;0
FR;6;2021-01-13;0;0;0;0;0;0;0;0;0;0
FR;6;2021-01-14;0;0;0;0;0;0;0;0;0;0
FR;6;2021-01-15;0;0;0;0;0;0;0;0;0;0
FR;6;2021-01-16;0;0;0;0;0;0;0;0;0;0
FR;6;2021-01-17;0;0;0;0;0;0;0;0;0;0
FR;6;2021-01-18;0;0;0;0;0;0;0;0;0;0
FR;6;2021-01-19;0;0;0;0;0;0;0;0;0;0
FR;6;2021-01-20;0;0;0;0;0;0;0;0;0;0
FR;6;2021-01-21;0;0;0;0;0;0;0;0;0;0
FR;6;2021-01-22;0;0;0;0;0;0;0;0;0;0
FR;6;2021-01-23;0;0;0;0;0;0;0;0;0;0
FR;6;2021-01-24;0;0;0;0;0;0;0;0;0;0
FR;6;2021-01-25;0;0;0;0;0;0;0;0;0;0
FR;6;2021-01-26;0;0;0;0;0;0;0;0;0;0
FR;6;2021-01-27;0;0;0;0;0;0;0;0;0;0
FR;6;2021-01-28;0;0;0;0;0;0;0;0;0;0
FR;6;2021-01-29;0;0;0;0;0;0;0;0;0;0
FR;6;2021-01-30;0;0;0;0;0;0;0;0;0;0
FR;6;2021-01-31;0;0;0;0;0;0;0;0;0;0
FR;6;2021-02-01;0;0;0;0;0;0;0;0;0;0
FR;6;2021-02-02;0;0;0;0;0;0;0;0;0;0
FR;6;2021-02-03;0;0;0;0;0;0;0;0;0;0
FR;6;2021-02-04;0;0;0;0;0;0;0;0;0;0
FR;6;2021-02-05;0;0;0;0;0;0;0;0;0;0
FR;6;2021-02-06;0;0;0;0;0;0;0;0;0;0
FR;6;2021-02-07;0;0;0;0;0;0;0;0;0;0
FR;6;2021-02-08;0;0;0;0;0;0;0;0;0;0
FR;6;2021-02-09;0;0;0;0;0;0;0;0;0;0
FR;6;2021-02-10;0;0;0;0;0;0;0;0;0;0
FR;6;2021-02-11;0;0;0;0;0;0;0;0;0;0
FR;6;2021-02-12;0;0;0;0;0;0;0;0;0;0
FR;6;2021-02-13;0;0;0;0;0;0;0;0;0;0
FR;6;2021-02-14;0;0;0;0;0;0;0;0;0;0
FR;6;2021-02-15;0;0;0;0;0;0;0;0;0;0
FR;6;2021-02-16;0;0;0;0;0;0;0;0;0;0
FR;6;2021-02-17;0;0;0;0;0;0;0;0;0;0
FR;6;2021-02-18;0;0;0;0;0;0;0;0;0;0
FR;6;2021-02-19;0;0;0;0;0;0;0;0;0;0
FR;6;2021-02-20;0;0;0;0;0;0;0;0;0;0
FR;6;2021-02-21;0;0;0;0;0;0;0;0;0;0
FR;6;2021-02-22;0;0;0;0;0;0;0;0;0;0
FR;6;2021-02-23;0;0;0;0;0;0;0;0;0;0
FR;6;2021-02-24;0;0;0;0;0;0;0;0;0;0
FR;6;2021-02-25;0;0;0;0;0;0;0;0;0;0
FR;6;2021-02-26;0;0;0;0;0;0;0;0;0;0
FR;6;2021-02-27;0;0;0;0;0;0;0;0;0;0
FR;6;2021-02-28;0;0;0;0;0;0;0;0;0;0
FR;6;2021-03-01;0;0;0;0;0;0;0;0;0;0
FR;6;2021-03-02;0;0;0;0;0;0;0;0;0;0
FR;6;2021-03-03;0;0;0;0;0;0;0;0;0;0
FR;6;2021-03-04;0;0;0;0;0;0;0;0;0;0
FR;6;2021-03-05;0;0;0;0;0;0;0;0;0;0
FR;6;2021-03-06;0;0;0;0;0;0;0;0;0;0
FR;6;2021-03-07;0;0;0;0;0;0;0;0;0;0
FR;6;2021-03-08;0;0;0;0;0;0;0;0;0;0
FR;6;2021-03-09;0;0;0;0;0;0;0;0;0;0
FR;6;2021-03-10;0;0;0;0;0;0;0;0;0;0
FR;6;2021-03-11;0;0;0;0;0;0;0;0;0;0
FR;6;2021-03-12;0;0;0;0;0;0;0;0;0;0
FR;6;2021-03-13;0;0;0;0;0;0;0;0;0;0
FR;6;2021-03-14;0;0;0;0;0;0;0;0;0;0
FR;6;2021-03-15;0;0;0;0;0;0;0;0;0;0
FR;6;2021-03-16;0;0;0;0;0;0;0;0;0;0
FR;6;2021-03-17;0;0;0;0;0;0;0;0;0;0
FR;6;2021-03-18;0;0;0;0;0;0;0;0;0;0
FR;6;2021-03-19;0;0;0;0;0;0;0;0;0;0
FR;6;2021-03-20;0;0;0;0;0;0;0;0;0;0
FR;6;2021-03-21;0;0;0;0;0;0;0;0;0;0
FR;6;2021-03-22;0;0;0;0;0;0;0;0;0;0
FR;6;2021-03-23;0;0;0;0;0;0;0;0;0;0
FR;6;2021-03-24;0;0;0;0;0;0;0;0;0;0
FR;6;2021-03-25;0;0;0;0;0;0;0;0;0;0
FR;6;2021-03-26;0;0;0;0;0;0;0;0;0;0
FR;6;2021-03-27;0;0;0;0;0;0;0;0;0;0
FR;6;2021-03-28;0;0;0;0;0;0;0;0;0;0
FR;6;2021-03-29;0;0;0;0;0;0;0;0;0;0
FR;6;2021-03-30;0;0;0;0;0;0;0;0;0;0
FR;6;2021-03-31;0;0;0;0;0;0;0;0;0;0
FR;6;2021-04-01;0;0;0;0;0;0;0;0;0;0
FR;6;2021-04-02;0;0;0;0;0;0;0;0;0;0
FR;6;2021-04-03;0;0;0;0;0;0;0;0;0;0
FR;6;2021-04-04;0;0;0;0;0;0;0;0;0;0
FR;6;2021-04-05;0;0;0;0;0;0;0;0;0;0
FR;6;2021-04-06;0;0;0;0;0;0;0;0;0;0
FR;6;2021-04-07;0;0;0;0;0;0;0;0;0;0
FR;6;2021-04-08;0;0;0;0;0;0;0;0;0;0
FR;6;2021-04-09;0;0;0;0;0;0;0;0;0;0
FR;6;2021-04-10;0;0;0;0;0;0;0;0;0;0
FR;6;2021-04-11;0;0;0;0;0;0;0;0;0;0
FR;6;2021-04-12;0;0;0;0;0;0;0;0;0;0
FR;6;2021-04-13;0;0;0;0;0;0;0;0;0;0
FR;6;2021-04-14;0;0;0;0;0;0;0;0;0;0
FR;6;2021-04-15;0;0;0;0;0;0;0;0;0;0
FR;6;2021-04-16;0;0;0;0;0;0;0;0;0;0
FR;6;2021-04-17;0;0;0;0;0;0;0;0;0;0
FR;6;2021-04-18;0;0;0;0;0;0;0;0;0;0
FR;6;2021-04-19;0;0;0;0;0;0;0;0;0;0
FR;6;2021-04-20;0;0;0;0;0;0;0;0;0;0
FR;6;2021-04-21;0;0;0;0;0;0;0;0;0;0
FR;6;2021-04-22;0;0;0;0;0;0;0;0;0;0
FR;6;2021-04-23;0;0;0;0;0;0;0;0;0;0
FR;6;2021-04-24;0;0;0;0;0;0;0;0;0;0
FR;6;2021-04-25;0;0;0;0;0;0;0;0;0;0
FR;6;2021-04-26;0;0;0;0;0;0;0;0;0;0
FR;6;2021-04-27;0;0;0;0;0;0;0;0;0;0
FR;6;2021-04-28;0;0;0;0;0;0;0;0;0;0
FR;6;2021-04-29;0;0;0;0;0;0;0;0;0;0
FR;6;2021-04-30;0;0;0;0;0;0;0;0;0;0
FR;6;2021-05-01;0;0;0;0;0;0;0;0;0;0
FR;6;2021-05-02;0;0;0;0;0;0;0;0;0;0
FR;6;2021-05-03;0;0;0;0;0;0;0;0;0;0
FR;6;2021-05-04;0;0;0;0;0;0;0;0;0;0
FR;6;2021-05-05;0;0;0;0;0;0;0;0;0;0
FR;6;2021-05-06;0;0;0;0;0;0;0;0;0;0
FR;6;2021-05-07;0;0;0;0;0;0;0;0;0;0
FR;6;2021-05-08;0;0;0;0;0;0;0;0;0;0
FR;6;2021-05-09;0;0;0;0;0;0;0;0;0;0
FR;6;2021-05-10;0;0;0;0;0;0;0;0;0;0
FR;6;2021-05-11;0;0;0;0;0;0;0;0;0;0
FR;6;2021-05-12;0;0;0;0;0;0;0;0;0;0
FR;6;2021-05-13;0;0;0;0;0;0;0;0;0;0
FR;6;2021-05-14;0;0;0;0;0;0;0;0;0;0
FR;6;2021-05-15;0;0;0;0;0;0;0;0;0;0
FR;6;2021-05-16;0;0;0;0;0;0;0;0;0;0
FR;6;2021-05-17;0;0;0;0;0;0;0;0;0;0
FR;6;2021-05-18;0;0;0;0;0;0;0;0;0;0
FR;6;2021-05-19;0;0;0;0;0;0;0;0;0;0
FR;6;2021-05-20;0;0;0;0;0;0;0;0;0;0
FR;6;2021-05-21;0;0;0;0;0;0;0;0;0;0
FR;6;2021-05-22;0;0;0;0;0;0;0;0;0;0
FR;6;2021-05-23;0;0;0;0;0;0;0;0;0;0
FR;6;2021-05-24;0;0;0;0;0;0;0;0;0;0
FR;6;2021-05-25;0;0;0;0;0;0;0;0;0;0
FR;6;2021-05-26;0;0;0;0;0;0;0;0;0;0
FR;6;2021-05-27;0;0;0;0;0;0;0;0;0;0
FR;6;2021-05-28;0;0;0;0;0;0;0;0;0;0
FR;6;2021-05-29;0;0;0;0;0;0;0;0;0;0
FR;6;2021-05-30;0;0;0;0;0;0;0;0;0;0
FR;6;2021-05-31;0;0;0;0;0;0;0;0;0;0
FR;6;2021-06-01;0;0;0;0;0;0;0;0;0;0
FR;6;2021-06-02;0;0;0;0;0;0;0;0;0;0
FR;6;2021-06-03;0;0;0;0;0;0;0;0;0;0
FR;6;2021-06-04;0;0;0;0;0;0;0;0;0;0
FR;6;2021-06-05;0;0;0;0;0;0;0;0;0;0
FR;6;2021-06-06;0;0;0;0;0;0;0;0;0;0
FR;6;2021-06-07;0;0;0;0;0;0;0;0;0;0
FR;6;2021-06-08;0;0;0;0;0;0;0;0;0;0
FR;6;2021-06-09;0;0;0;0;0;0;0;0;0;0
FR;6;2021-06-10;0;0;0;0;0;0;0;0;0;0
FR;6;2021-06-11;0;0;0;0;0;0;0;0;0;0
FR;6;2021-06-12;0;0;0;0;0;0;0;0;0;0
FR;6;2021-06-13;0;0;0;0;0;0;0;0;0;0
FR;6;2021-06-14;0;0;0;0;0;0;0;0;0;0
FR;6;2021-06-15;0;0;0;0;0;0;0;0;0;0
FR;6;2021-06-16;0;0;0;0;0;0;0;0;0;0
FR;6;2021-06-17;0;0;0;0;0;0;0;0;0;0
FR;6;2021-06-18;0;0;0;0;0;0;0;0;0;0
FR;6;2021-06-19;0;0;0;0;0;0;0;0;0;0
FR;6;2021-06-20;0;0;0;0;0;0;0;0;0;0
FR;6;2021-06-21;0;0;0;0;0;0;0;0;0;0
FR;6;2021-06-22;0;0;0;0;0;0;0;0;0;0
FR;6;2021-06-23;0;0;0;0;0;0;0;0;0;0
FR;6;2021-06-24;0;0;0;0;0;0;0;0;0;0
FR;6;2021-06-25;0;0;0;0;0;0;0;0;0;0
FR;6;2021-06-26;0;0;0;0;0;0;0;0;0;0
FR;6;2021-06-27;0;0;0;0;0;0;0;0;0;0
FR;6;2021-06-28;0;0;0;0;0;0;0;0;0;0
FR;6;2021-06-29;0;0;0;0;0;0;0;0;0;0
FR;6;2021-06-30;0;0;0;0;0;0;0;0;0;0
FR;6;2021-07-01;0;0;0;0;0;0;0;0;0;0
FR;6;2021-07-02;0;0;0;0;0;0;0;0;0;0
FR;6;2021-07-03;0;0;0;0;0;0;0;0;0;0
FR;6;2021-07-04;0;0;0;0;0;0;0;0;0;0
FR;6;2021-07-05;0;0;0;0;0;0;0;0;0;0
FR;6;2021-07-06;0;0;0;0;0;0;0;0;0;0
FR;6;2021-07-07;0;0;0;0;0;0;0;0;0;0
FR;6;2021-07-08;0;0;0;0;0;0;0;0;0;0
FR;6;2021-07-09;0;0;0;0;0;0;0;0;0;0
FR;6;2021-07-10;0;0;0;0;0;0;0;0;0;0
FR;6;2021-07-11;0;0;0;0;0;0;0;0;0;0
FR;6;2021-07-12;0;0;0;0;0;0;0;0;0;0
FR;6;2021-07-13;0;0;0;0;0;0;0;0;0;0
FR;6;2021-07-14;0;0;0;0;0;0;0;0;0;0
FR;6;2021-07-15;0;0;0;0;0;0;0;0;0;0
FR;6;2021-07-16;0;0;0;0;0;0;0;0;0;0
FR;6;2021-07-17;0;0;0;0;0;0;0;0;0;0
FR;6;2021-07-18;0;0;0;0;0;0;0;0;0;0
FR;6;2021-07-19;0;0;0;0;0;0;0;0;0;0
FR;6;2021-07-20;0;0;0;0;0;0;0;0;0;0
FR;6;2021-07-21;0;0;0;0;0;0;0;0;0;0
FR;6;2021-07-22;0;0;0;0;0;0;0;0;0;0
FR;6;2021-07-23;0;0;0;0;0;0;0;0;0;0
FR;6;2021-07-24;0;0;0;0;0;0;0;0;0;0
FR;6;2021-07-25;0;0;0;0;0;0;0;0;0;0
FR;6;2021-07-26;0;0;0;0;0;0;0;0;0;0
FR;6;2021-07-27;0;0;0;0;0;0;0;0;0;0
FR;6;2021-07-28;0;0;0;0;0;0;0;0;0;0
FR;6;2021-07-29;0;0;0;0;0;0;0;0;0;0
FR;6;2021-07-30;0;0;0;0;0;0;0;0;0;0
FR;6;2021-07-31;0;0;0;0;0;0;0;0;0;0
FR;6;2021-08-01;0;0;0;0;0;0;0;0;0;0
FR;6;2021-08-02;0;0;0;0;0;0;0;0;0;0
FR;6;2021-08-03;0;0;0;0;0;0;0;0;0;0
FR;6;2021-08-04;0;0;0;0;0;0;0;0;0;0
FR;6;2021-08-05;0;0;0;0;0;0;0;0;0;0
FR;6;2021-08-06;0;0;0;0;0;0;0;0;0;0
FR;6;2021-08-07;0;0;0;0;0;0;0;0;0;0
FR;6;2021-08-08;0;0;0;0;0;0;0;0;0;0
FR;6;2021-08-09;0;0;0;0;0;0;0;0;0;0
FR;6;2021-08-10;0;0;0;0;0;0;0;0;0;0
FR;6;2021-08-11;0;0;0;0;0;0;0;0;0;0
FR;6;2021-08-12;0;0;0;0;0;0;0;0;0;0
FR;6;2021-08-13;0;0;0;0;0;0;0;0;0;0
FR;6;2021-08-14;0;0;0;0;0;0;0;0;0;0
FR;6;2021-08-15;0;0;0;0;0;0;0;0;0;0
FR;6;2021-08-16;0;0;0;0;0;0;0;0;0;0
FR;6;2021-08-17;0;0;0;0;0;0;0;0;0;0
FR;6;2021-08-18;0;0;0;0;0;0;0;0;0;0
FR;6;2021-08-19;0;0;0;0;0;0;0;0;0;0
FR;6;2021-08-20;0;0;0;0;0;0;0;0;0;0
FR;6;2021-08-21;0;0;0;0;0;0;0;0;0;0
FR;6;2021-08-22;0;0;0;0;0;0;0;0;0;0
FR;6;2021-08-23;0;0;0;0;0;0;0;0;0;0
FR;6;2021-08-24;0;0;0;0;0;0;0;0;0;0
FR;6;2021-08-25;0;0;0;0;0;0;0;0;0;0
FR;6;2021-08-26;0;0;0;0;0;0;0;0;0;0
FR;6;2021-08-27;0;0;0;0;0;0;0;0;0;0
FR;6;2021-08-28;0;0;0;0;0;0;0;0;0;0
FR;6;2021-08-29;0;0;0;0;0;0;0;0;0;0
FR;6;2021-08-30;0;0;0;0;0;0;0;0;0;0
FR;6;2021-08-31;0;0;0;0;0;0;0;0;0;0
FR;6;2021-09-01;0;0;0;0;0;0;0;0;0;0
FR;6;2021-09-02;0;0;0;0;0;0;0;0;0;0
FR;6;2021-09-03;0;0;0;0;0;0;0;0;0;0
FR;6;2021-09-04;0;0;0;0;0;0;0;0;0;0
FR;6;2021-09-05;0;0;0;0;0;0;0;0;0;0
FR;6;2021-09-06;0;0;0;0;0;0;0;0;0;0
FR;6;2021-09-07;0;0;0;0;0;0;0;0;0;0
FR;6;2021-09-08;0;0;0;0;0;0;0;0;0;0
FR;6;2021-09-09;0;0;0;0;0;0;0;0;0;0
FR;6;2021-09-10;0;0;0;0;0;0;0;0;0;0
FR;6;2021-09-11;0;0;0;0;0;0;0;0;0;0
FR;6;2021-09-12;0;0;0;0;0;0;0;0;0;0
FR;6;2021-09-13;0;0;0;0;0;0;0;0;0;0
FR;6;2021-09-14;0;0;0;0;0;0;0;0;0;0
FR;6;2021-09-15;0;0;0;0;0;0;0;0;0;0
FR;6;2021-09-16;0;0;0;0;0;0;0;0;0;0
FR;6;2021-09-17;0;0;0;0;0;0;0;0;0;0
FR;6;2021-09-18;0;0;0;0;0;0;0;0;0;0
FR;6;2021-09-19;0;0;0;0;0;0;0;0;0;0
FR;6;2021-09-20;0;0;0;0;0;0;0;0;0;0
FR;6;2021-09-21;0;0;0;0;0;0;0;0;0;0
FR;6;2021-09-22;0;0;0;0;0;0;0;0;0;0
FR;6;2021-09-23;0;0;0;0;0;0;0;0;0;0
FR;6;2021-09-24;0;0;0;0;0;0;0;0;0;0
FR;6;2021-09-25;0;0;0;0;0;0;0;0;0;0
FR;6;2021-09-26;0;0;0;0;0;0;0;0;0;0
FR;6;2021-09-27;0;0;0;0;0;0;0;0;0;0
FR;6;2021-09-28;0;0;0;0;0;0;0;0;0;0
FR;6;2021-09-29;0;0;0;0;0;0;0;0;0;0
FR;6;2021-09-30;0;0;0;0;0;0;0;0;0;0
FR;6;2021-10-01;0;0;0;0;0;0;0;0;0;0
FR;6;2021-10-02;0;0;0;0;0;0;0;0;0;0
FR;6;2021-10-03;0;0;0;0;0;0;0;0;0;0
FR;6;2021-10-04;0;0;0;0;0;0;0;0;0;0
FR;6;2021-10-05;0;0;0;0;0;0;0;0;0;0
FR;6;2021-10-06;0;0;0;0;0;0;0;0;0;0
FR;6;2021-10-07;0;0;0;0;0;0;0;0;0;0
FR;6;2021-10-08;0;0;0;0;0;0;0;0;0;0
FR;6;2021-10-09;0;0;0;0;0;0;0;0;0;0
FR;6;2021-10-10;0;0;0;0;0;0;0;0;0;0
FR;6;2021-10-11;0;0;0;0;0;0;0;0;0;0
FR;6;2021-10-12;0;0;0;0;0;0;0;0;0;0
FR;6;2021-10-13;0;0;0;0;0;0;0;0;0;0
FR;6;2021-10-14;0;0;0;0;0;0;0;0;0;0
FR;6;2021-10-15;0;0;0;0;0;0;0;0;0;0
FR;6;2021-10-16;0;0;0;0;0;0;0;0;0;0
FR;6;2021-10-17;0;0;0;0;0;0;0;0;0;0
FR;6;2021-10-18;0;0;0;0;0;0;0;0;0;0
FR;6;2021-10-19;0;0;0;0;0;0;0;0;0;0
FR;6;2021-10-20;0;0;0;0;0;0;0;0;0;0
FR;6;2021-10-21;0;0;0;0;0;0;0;0;0;0
FR;6;2021-10-22;0;0;0;0;0;0;0;0;0;0
FR;6;2021-10-23;0;0;0;0;0;0;0;0;0;0
FR;6;2021-10-24;0;0;0;0;0;0;0;0;0;0
FR;6;2021-10-25;0;0;0;0;0;0;0;0;0;0
FR;6;2021-10-26;0;0;0;0;0;0;0;0;0;0
FR;6;2021-10-27;0;0;0;0;0;0;0;0;0;0
FR;6;2021-10-28;0;0;0;0;0;0;0;0;0;0
FR;6;2021-10-29;0;0;0;0;0;0;0;0;0;0
FR;6;2021-10-30;0;0;0;0;0;0;0;0;0;0
FR;6;2021-10-31;0;0;0;0;0;0;0;0;0;0
FR;6;2021-11-01;0;0;0;0;0;0;0;0;0;0
FR;6;2021-11-02;0;0;0;0;0;0;0;0;0;0
FR;6;2021-11-03;0;0;0;0;0;0;0;0;0;0
FR;6;2021-11-04;0;0;0;0;0;0;0;0;0;0
FR;6;2021-11-05;0;0;0;0;0;0;0;0;0;0
FR;6;2021-11-06;0;0;0;0;0;0;0;0;0;0
FR;6;2021-11-07;0;0;0;0;0;0;0;0;0;0
FR;6;2021-11-08;0;0;0;0;0;0;0;0;0;0
FR;6;2021-11-09;0;0;0;0;0;0;0;0;0;0
FR;6;2021-11-10;0;0;0;0;0;0;0;0;0;0
FR;6;2021-11-11;0;0;0;0;0;0;0;0;0;0
FR;6;2021-11-12;0;0;0;0;0;0;0;0;0;0
FR;6;2021-11-13;0;0;0;0;0;0;0;0;0;0
FR;6;2021-11-14;0;0;0;0;0;0;0;0;0;0
FR;6;2021-11-15;0;0;0;0;0;0;0;0;0;0
FR;6;2021-11-16;0;0;0;0;0;0;0;0;0;0
FR;6;2021-11-17;0;0;0;0;0;0;0;0;0;0
FR;6;2021-11-18;0;0;0;0;0;0;0;0;0;0
FR;6;2021-11-19;0;0;0;0;0;0;0;0;0;0
FR;6;2021-11-20;0;0;0;0;0;0;0;0;0;0
FR;6;2021-11-21;0;0;0;0;0;0;0;0;0;0
FR;6;2021-11-22;0;0;0;0;0;0;0;0;0;0
FR;6;2021-11-23;0;0;0;0;0;0;0;0;0;0
FR;6;2021-11-24;0;0;0;0;0;0;0;0;0;0
FR;6;2021-11-25;0;0;0;0;0;0;0;0;0;0
FR;6;2021-11-26;0;0;0;0;0;0;0;0;0;0
FR;6;2021-11-27;0;0;0;0;0;0;0;0;0;0
FR;6;2021-11-28;0;0;0;0;0;0;0;0;0;0
FR;6;2021-11-29;0;0;0;0;0;0;0;0;0;0
FR;6;2021-11-30;0;0;0;0;0;0;0;0;0;0
FR;6;2021-12-01;0;0;0;0;0;0;0;0;0;0
FR;6;2021-12-02;0;0;0;0;0;0;0;0;0;0
FR;6;2021-12-03;0;0;0;0;0;0;0;0;0;0
FR;6;2021-12-04;0;0;0;0;0;0;0;0;0;0
FR;6;2021-12-05;0;0;0;0;0;0;0;0;0;0
FR;6;2021-12-06;0;0;0;0;0;0;0;0;0;0
FR;6;2021-12-07;0;0;0;0;0;0;0;0;0;0
FR;6;2021-12-08;0;0;0;0;0;0;0;0;0;0
FR;6;2021-12-09;0;0;0;0;0;0;0;0;0;0
FR;6;2021-12-10;0;0;0;0;0;0;0;0;0;0
FR;6;2021-12-11;0;0;0;0;0;0;0;0;0;0
FR;6;2021-12-12;0;0;0;0;0;0;0;0;0;0
FR;6;2021-12-13;0;0;0;0;0;0;0;0;0;0
FR;6;2021-12-14;0;0;0;0;0;0;0;0;0;0
FR;6;2021-12-15;0;0;0;0;0;0;0;0;0;0
FR;6;2021-12-16;0;0;0;0;0;0;0;0;0;0
FR;6;2021-12-17;0;0;0;0;0;0;0;0;0;0
FR;6;2021-12-18;0;0;0;0;0;0;0;0;0;0
FR;6;2021-12-19;0;0;0;0;0;0;0;0;0;0
FR;6;2021-12-20;0;0;0;0;0;0;0;0;0;0
FR;6;2021-12-21;0;0;0;0;0;0;0;0;0;0
FR;6;2021-12-22;0;0;0;0;0;0;0;0;0;0
FR;6;2021-12-23;0;0;0;0;0;0;0;0;0;0
FR;6;2021-12-24;0;0;0;0;0;0;0;0;0;0
FR;6;2021-12-25;0;0;0;0;0;0;0;0;0;0
FR;6;2021-12-26;0;0;0;0;0;0;0;0;0;0
FR;6;2021-12-27;0;0;0;0;0;0;0;0;0;0
FR;6;2021-12-28;0;0;0;0;0;0;0;0;0;0
FR;6;2021-12-29;0;0;0;0;0;0;0;0;0;0
FR;6;2021-12-30;0;0;0;0;0;0;0;0;0;0
FR;6;2021-12-31;0;0;0;0;0;0;0;0;0;0
FR;6;2022-01-01;0;0;0;0;0;0;0;0;0;0
FR;6;2022-01-02;0;0;0;0;0;0;0;0;0;0
FR;6;2022-01-03;0;0;0;0;0;0;0;0;0;0
FR;6;2022-01-04;0;0;0;0;0;0;0;0;0;0
FR;6;2022-01-05;0;0;0;0;0;0;0;0;0;0
FR;6;2022-01-06;0;0;0;0;0;0;0;0;0;0
FR;6;2022-01-07;0;0;0;0;0;0;0;0;0;0
FR;6;2022-01-08;0;0;0;0;0;0;0;0;0;0
FR;6;2022-01-09;0;0;0;0;0;0;0;0;0;0
FR;6;2022-01-10;0;0;0;0;0;0;0;0;0;0
FR;6;2022-01-11;0;0;0;0;0;0;0;0;0;0
FR;6;2022-01-12;0;0;0;0;0;0;0;0;0;0
FR;6;2022-01-13;0;0;0;0;0;0;0;0;0;0
FR;6;2022-01-14;0;0;0;0;0;0;0;0;0;0
FR;6;2022-01-15;0;0;0;0;0;0;0;0;0;0
FR;6;2022-01-16;0;0;0;0;0;0;0;0;0;0
FR;6;2022-01-17;0;0;0;0;0;0;0;0;0;0
FR;6;2022-01-18;0;0;0;0;0;0;0;0;0;0
FR;6;2022-01-19;0;0;0;0;0;0;0;0;0;0
FR;6;2022-01-20;0;0;0;0;0;0;0;0;0;0
FR;6;2022-01-21;0;0;0;0;0;0;0;0;0;0
FR;6;2022-01-22;0;0;0;0;0;0;0;0;0;0
FR;6;2022-01-23;0;0;0;0;0;0;0;0;0;0
FR;6;2022-01-24;0;0;0;0;0;0;0;0;0;0
FR;6;2022-01-25;0;0;0;0;0;0;0;0;0;0
FR;6;2022-01-26;0;0;0;0;0;0;0;0;0;0
FR;6;2022-01-27;0;0;0;0;0;0;0;0;0;0
FR;6;2022-01-28;0;0;0;0;0;0;0;0;0;0
FR;6;2022-01-29;0;0;0;0;0;0;0;0;0;0
FR;6;2022-01-30;0;0;0;0;0;0;0;0;0;0
FR;6;2022-01-31;0;0;0;0;0;0;0;0;0;0
FR;6;2022-02-01;0;0;0;0;0;0;0;0;0;0
FR;6;2022-02-02;0;0;0;0;0;0;0;0;0;0
FR;6;2022-02-03;0;0;0;0;0;0;0;0;0;0
FR;6;2022-02-04;0;0;0;0;0;0;0;0;0;0
FR;6;2022-02-05;0;0;0;0;0;0;0;0;0;0
FR;6;2022-02-06;0;0;0;0;0;0;0;0;0;0
FR;6;2022-02-07;0;0;0;0;0;0;0;0;0;0
FR;6;2022-02-08;0;0;0;0;0;0;0;0;0;0
FR;6;2022-02-09;0;0;0;0;0;0;0;0;0;0
FR;6;2022-02-10;0;0;0;0;0;0;0;0;0;0
FR;6;2022-02-11;0;0;0;0;0;0;0;0;0;0
FR;6;2022-02-12;0;0;0;0;0;0;0;0;0;0
FR;6;2022-02-13;0;0;0;0;0;0;0;0;0;0
FR;6;2022-02-14;0;0;0;0;0;0;0;0;0;0
FR;6;2022-02-15;0;0;0;0;0;0;0;0;0;0
FR;6;2022-02-16;0;0;0;0;0;0;0;0;0;0
FR;6;2022-02-17;0;0;0;0;0;0;0;0;0;0
FR;6;2022-02-18;0;0;0;0;0;0;0;0;0;0
FR;6;2022-02-19;0;0;0;0;0;0;0;0;0;0
FR;6;2022-02-20;0;0;0;0;0;0;0;0;0;0
FR;6;2022-02-21;0;0;0;0;0;0;0;0;0;0
FR;6;2022-02-22;0;0;0;0;0;0;0;0;0;0
FR;6;2022-02-23;0;0;0;0;0;0;0;0;0;0
FR;6;2022-02-24;0;0;0;0;0;0;0;0;0;0
FR;6;2022-02-25;0;0;0;0;0;0;0;0;0;0
FR;6;2022-02-26;1;0;0;0;0;1;0;0;0;0
FR;6;2022-02-27;0;0;0;0;0;1;0;0;0;0
FR;6;2022-02-28;0;0;0;0;0;1;0;0;0;0
FR;6;2022-03-01;3;0;0;0;0;4;0;0;0;0
FR;6;2022-03-02;97;9;2;0;7;101;9;2;0;7
FR;6;2022-03-03;0;0;0;0;0;101;9;2;0;7
FR;6;2022-03-04;90;4;0;0;4;191;13;2;0;11
FR;6;2022-03-05;391;23;2;0;14;582;36;4;0;25
FR;6;2022-03-06;7;1;0;0;0;589;37;4;0;25
FR;6;2022-03-07;337;19;0;0;13;926;56;4;0;38
FR;6;2022-03-08;230;14;0;0;5;1156;70;4;0;43
FR;6;2022-03-09;519;29;2;0;21;1675;99;6;0;64
FR;6;2022-03-10;206;19;0;1;12;1881;118;6;1;76
FR;6;2022-03-11;328;21;6;0;21;2209;139;12;1;97
FR;6;2022-03-12;518;25;1;0;20;2727;164;13;1;117
FR;6;2022-03-13;40;2;0;0;1;2767;166;13;1;118
FR;6;2022-03-14;201;4;2;0;3;2968;170;15;1;121
FR;6;2022-03-15;112;11;2;0;9;3080;181;17;1;130
FR;6;2022-03-16;310;17;1;1;14;3390;198;18;2;144
FR;6;2022-03-17;117;6;1;2;4;3507;204;19;4;148
FR;6;2022-03-18;215;10;0;0;6;3722;214;19;4;154
FR;6;2022-03-19;307;19;2;0;9;4029;233;21;4;163
FR;6;2022-03-20;15;5;0;0;1;4044;238;21;4;164
FR;6;2022-03-21;132;23;1;0;4;4176;261;22;4;168
FR;6;2022-03-22;97;15;0;0;4;4273;276;22;4;172
FR;6;2022-03-23;226;108;3;0;14;4499;384;25;4;186
FR;6;2022-03-24;100;15;1;3;4;4599;399;26;7;190
FR;6;2022-03-25;203;141;2;1;15;4802;540;28;8;205
FR;6;2022-03-26;331;295;7;1;19;5133;835;35;9;224
FR;6;2022-03-27;32;30;1;0;1;5165;865;36;9;225
FR;6;2022-03-28;200;208;8;1;17;5365;1073;44;10;242
FR;6;2022-03-29;124;189;12;2;12;5489;1262;56;12;254
FR;6;2022-03-30;305;476;10;2;22;5794;1738;66;14;276
FR;6;2022-03-31;123;140;10;0;14;5917;1878;76;14;290
FR;6;2022-04-01;195;150;11;2;23;6112;2028;87;16;313
FR;6;2022-04-02;206;241;9;1;13;6318;2269;96;17;326
FR;6;2022-04-03;17;21;0;0;1;6335;2290;96;17;327
FR;6;2022-04-04;137;114;6;1;9;6472;2404;102;18;336
FR;6;2022-04-05;146;88;15;1;11;6618;2492;117;19;347
FR;6;2022-04-06;204;245;22;26;27;6822;2737;139;45;374
FR;6;2022-04-07;127;96;15;9;17;6949;2833;154;54;391
FR;6;2022-04-08;199;170;16;3;17;7148;3003;170;57;408
FR;6;2022-04-09;145;139;6;12;13;7293;3142;176;69;421
FR;6;2022-04-10;10;20;3;0;1;7303;3162;179;69;422
FR;6;2022-04-11;101;106;4;0;5;7404;3268;183;69;427
FR;6;2022-04-12;136;75;5;8;10;7540;3343;188;77;437
FR;6;2022-04-13;162;175;7;5;13;7702;3518;195;82;450
FR;6;2022-04-14;100;103;5;10;8;7802;3621;200;92;458
FR;6;2022-04-15;158;148;11;7;19;7960;3769;211;99;477
FR;6;2022-04-16;127;132;5;0;14;8087;3901;216;99;491
FR;6;2022-04-17;8;9;4;0;4;8095;3910;220;99;495
FR;6;2022-04-18;8;15;3;0;4;8103;3925;223;99;499
FR;6;2022-04-19;97;112;4;3;3;8200;4037;227;102;502
FR;6;2022-04-20;178;227;8;7;15;8378;4264;235;109;517
FR;6;2022-04-21;111;93;8;4;11;8489;4357;243;113;528
FR;6;2022-04-22;138;160;13;12;13;8627;4517;256;125;541
FR;6;2022-04-23;106;129;1;1;7;8733;4646;257;126;548
FR;6;2022-04-24;5;21;1;0;0;8738;4667;258;126;548
FR;6;2022-04-25;91;128;3;8;11;8829;4795;261;134;559
FR;6;2022-04-26;101;128;18;2;16;8930;4923;279;136;575
FR;6;2022-04-27;197;159;21;1;27;9127;5082;300;137;602
FR;6;2022-04-28;109;87;7;1;8;9236;5169;307;138;610
FR;6;2022-04-29;191;169;16;2;20;9427;5338;323;140;630
FR;6;2022-04-30;133;125;7;1;24;9560;5463;330;141;654
FR;6;2022-05-01;7;6;0;0;0;9567;5469;330;141;654
FR;6;2022-05-02;94;65;3;4;3;9661;5534;333;145;657
FR;6;2022-05-03;136;93;11;2;7;9797;5627;344;147;664
FR;6;2022-05-04;167;118;25;12;29;9964;5745;369;159;693
FR;6;2022-05-05;101;70;8;3;12;10065;5815;377;162;705
FR;6;2022-05-06;152;110;10;9;16;10217;5925;387;171;721
FR;6;2022-05-07;139;93;13;3;23;10356;6018;400;174;744
FR;6;2022-05-08;20;8;6;5;7;10376;6026;406;179;751
FR;6;2022-05-09;86;78;9;7;13;10462;6104;415;186;764
FR;6;2022-05-10;111;80;15;7;12;10573;6184;430;193;776
FR;6;2022-05-11;130;124;11;14;20;10703;6308;441;207;796
FR;6;2022-05-12;105;76;7;5;15;10808;6384;448;212;811
FR;6;2022-05-13;155;97;17;21;22;10963;6481;465;233;833
FR;6;2022-05-14;81;60;6;7;15;11044;6541;471;240;848
FR;6;2022-05-15;12;7;0;0;0;11056;6548;471;240;848
FR;6;2022-05-16;64;54;6;2;12;11120;6602;477;242;860
FR;6;2022-05-17;123;77;5;7;11;11243;6679;482;249;871
FR;6;2022-05-18;131;116;5;1;13;11374;6795;487;250;884
FR;6;2022-05-19;124;57;6;8;9;11498;6852;493;258;893
FR;6;2022-05-20;125;115;13;3;18;11623;6967;506;261;911
FR;6;2022-05-21;92;69;14;3;12;11715;7036;520;264;923
FR;6;2022-05-22;19;12;5;0;4;11734;7048;525;264;927
FR;6;2022-05-23;77;72;4;2;7;11811;7120;529;266;934
FR;6;2022-05-24;117;98;8;2;16;11928;7218;537;268;950
FR;6;2022-05-25;139;129;6;3;11;12067;7347;543;271;961
FR;6;2022-05-26;7;9;3;0;9;12074;7356;546;271;970
FR;6;2022-05-27;127;105;15;11;18;12201;7461;561;282;988
FR;6;2022-05-28;53;75;1;5;8;12254;7536;562;287;996
FR;6;2022-05-29;8;10;0;0;1;12262;7546;562;287;997
FR;6;2022-05-30;70;70;7;4;4;12332;7616;569;291;1001
FR;6;2022-05-31;87;102;10;2;14;12419;7718;579;293;1015
FR;6;2022-06-01;97;89;10;1;11;12516;7807;589;294;1026
FR;6;2022-06-02;91;60;6;3;9;12607;7867;595;297;1035
FR;6;2022-06-03;126;102;13;7;21;12733;7969;608;304;1056
FR;6;2022-06-04;63;51;10;0;12;12796;8020;618;304;1068
FR;6;2022-06-05;16;15;2;1;4;12812;8035;620;305;1072
FR;6;2022-06-06;9;6;0;0;0;12821;8041;620;305;1072
FR;6;2022-06-07;79;90;3;4;8;12900;8131;623;309;1080
FR;6;2022-06-08;92;110;13;5;20;12992;8241;636;314;1100
FR;6;2022-06-09;75;81;15;3;15;13067;8322;651;317;1115
FR;6;2022-06-10;116;93;26;10;22;13183;8415;677;327;1137
FR;6;2022-06-11;83;62;6;10;12;13266;8477;683;337;1149
FR;6;2022-06-12;6;14;1;0;2;13272;8491;684;337;1151
FR;6;2022-06-13;74;59;18;1;7;13346;8550;702;338;1158
FR;6;2022-06-14;98;100;8;5;16;13444;8650;710;343;1174
FR;6;2022-06-15;80;86;7;8;15;13524;8736;717;351;1189
FR;6;2022-06-16;53;40;11;7;14;13577;8776;728;358;1203
FR;6;2022-06-17;86;85;3;13;11;13663;8861;731;371;1214
FR;6;2022-06-18;71;61;13;0;21;13734;8922;744;371;1235
FR;6;2022-06-19;6;6;3;0;4;13740;8928;747;371;1239
FR;6;2022-06-20;42;41;4;1;6;13782;8969;751;372;1245
FR;6;2022-06-21;59;73;10;7;17;13841;9042;761;379;1262
FR;6;2022-06-22;86;85;8;2;17;13927;9127;769;381;1279
FR;6;2022-06-23;64;39;13;7;15;13991;9166;782;388;1294
FR;6;2022-06-24;77;85;7;14;20;14068;9251;789;402;1314
FR;6;2022-06-25;67;61;4;3;8;14135;9312;793;405;1322
FR;6;2022-06-26;6;7;1;0;1;14141;9319;794;405;1323
FR;6;2022-06-27;53;50;4;9;12;14194;9369;798;414;1335
FR;6;2022-06-28;68;47;6;3;15;14262;9416;804;417;1350
FR;6;2022-06-29;98;117;26;37;19;14360;9533;830;454;1369
FR;6;2022-06-30;84;59;33;10;12;14444;9592;863;464;1381
FR;6;2022-07-01;115;94;25;33;18;14559;9686;888;497;1399
FR;6;2022-07-02;58;67;26;2;37;14617;9753;914;499;1436
FR;6;2022-07-03;11;4;4;3;4;14628;9757;918;502;1440
FR;6;2022-07-04;61;43;3;23;13;14689;9800;921;525;1453
FR;6;2022-07-05;65;53;19;67;27;14754;9853;940;592;1480
FR;6;2022-07-06;94;64;7;11;12;14848;9917;947;603;1492
FR;6;2022-07-07;99;79;42;37;14;14947;9996;989;640;1506
FR;6;2022-07-08;139;87;42;27;10;15086;10083;1031;667;1516
FR;6;2022-07-09;53;50;16;29;26;15139;10133;1047;696;1542
FR;6;2022-07-10;3;7;8;0;9;15142;10140;1055;696;1551
FR;6;2022-07-11;54;44;5;4;12;15196;10184;1060;700;1563
FR;6;2022-07-12;70;72;12;23;12;15266;10256;1072;723;1575
FR;6;2022-07-13;84;65;14;21;25;15350;10321;1086;744;1600
FR;6;2022-07-14;4;3;1;0;1;15354;10324;1087;744;1601
FR;6;2022-07-15;74;59;9;57;16;15428;10383;1096;801;1617
FR;6;2022-07-16;27;31;17;0;17;15455;10414;1113;801;1634
FR;6;2022-07-17;3;7;0;0;0;15458;10421;1113;801;1634
FR;6;2022-07-18;37;62;11;14;15;15495;10483;1124;815;1649
FR;6;2022-07-19;54;48;4;19;6;15549;10531;1128;834;1655
FR;6;2022-07-20;53;70;7;22;11;15602;10601;1135;856;1666
FR;6;2022-07-21;50;60;4;7;11;15652;10661;1139;863;1677
FR;6;2022-07-22;55;74;7;26;8;15707;10735;1146;889;1685
FR;6;2022-07-23;38;40;6;10;6;15745;10775;1152;899;1691
FR;6;2022-07-24;11;14;1;3;3;15756;10789;1153;902;1694
FR;6;2022-07-25;60;44;8;12;9;15816;10833;1161;914;1703
FR;6;2022-07-26;47;64;14;6;10;15863;10897;1175;920;1713
FR;6;2022-07-27;54;78;15;11;17;15917;10975;1190;931;1730
FR;6;2022-07-28;30;48;4;6;8;15947;11023;1194;937;1738
FR;6;2022-07-29;43;71;10;38;24;15990;11094;1204;975;1762
FR;6;2022-07-30;26;48;4;15;7;16016;11142;1208;990;1769
FR;6;2022-07-31;0;1;1;0;0;16016;11143;1209;990;1769
FR;6;2022-08-01;39;36;14;8;10;16055;11179;1223;998;1779
FR;6;2022-08-02;37;46;10;14;6;16092;11225;1233;1012;1785
FR;6;2022-08-03;29;52;7;16;11;16121;11277;1240;1028;1796
FR;6;2022-08-04;25;21;4;9;6;16146;11298;1244;1037;1802
FR;6;2022-08-05;43;45;1;7;5;16189;11343;1245;1044;1807
FR;6;2022-08-06;17;27;1;3;2;16206;11370;1246;1047;1809
FR;6;2022-08-07;1;2;0;0;0;16207;11372;1246;1047;1809
FR;6;2022-08-08;24;33;1;0;1;16231;11405;1247;1047;1810
FR;6;2022-08-09;22;30;6;3;3;16253;11435;1253;1050;1813
FR;6;2022-08-10;31;36;5;9;5;16284;11471;1258;1059;1818
FR;6;2022-08-11;33;33;1;1;1;16317;11504;1259;1060;1819
FR;6;2022-08-12;50;44;6;2;15;16367;11548;1265;1062;1834
FR;6;2022-08-13;9;20;0;0;1;16376;11568;1265;1062;1835
FR;6;2022-08-14;3;1;0;0;0;16379;11569;1265;1062;1835
FR;6;2022-08-15;2;3;1;0;0;16381;11572;1266;1062;1835
FR;6;2022-08-16;35;66;21;7;7;16416;11638;1287;1069;1842
FR;6;2022-08-17;32;44;10;9;10;16448;11682;1297;1078;1852
FR;6;2022-08-18;29;55;14;4;4;16477;11737;1311;1082;1856
FR;6;2022-08-19;30;45;5;4;3;16507;11782;1316;1086;1859
FR;6;2022-08-20;26;29;3;0;8;16533;11811;1319;1086;1867
FR;6;2022-08-21;1;5;2;0;0;16534;11816;1321;1086;1867
FR;6;2022-08-22;19;42;15;1;0;16553;11858;1336;1087;1867
FR;6;2022-08-23;34;45;6;7;6;16587;11903;1342;1094;1873
FR;6;2022-08-24;34;30;6;3;6;16621;11933;1348;1097;1879
FR;6;2022-08-25;25;27;1;1;5;16646;11960;1349;1098;1884
FR;6;2022-08-26;38;44;4;4;7;16684;12004;1353;1102;1891
FR;6;2022-08-27;19;21;7;3;8;16703;12025;1360;1105;1899
FR;6;2022-08-28;6;3;0;6;1;16709;12028;1360;1111;1900
FR;6;2022-08-29;26;22;2;6;3;16735;12050;1362;1117;1903
FR;6;2022-08-30;28;35;4;12;8;16763;12085;1366;1129;1911
FR;6;2022-08-31;35;38;2;11;3;16798;12123;1368;1140;1914
FR;6;2022-09-01;15;11;5;1;4;16813;12134;1373;1141;1918
FR;6;2022-09-02;19;14;2;1;3;16832;12148;1375;1142;1921
FR;6;2022-09-03;9;3;1;5;2;16841;12151;1376;1147;1923
FR;6;2022-09-04;2;1;0;0;0;16843;12152;1376;1147;1923
FR;6;2022-09-05;8;7;0;0;0;16851;12159;1376;1147;1923
FR;6;2022-09-06;7;9;7;12;6;16858;12168;1383;1159;1929
FR;6;2022-09-07;3;8;1;0;1;16861;12176;1384;1159;1930
FR;6;2022-09-08;5;4;0;2;1;16866;12180;1384;1161;1931
FR;6;2022-09-09;5;9;2;7;3;16871;12189;1386;1168;1934
FR;6;2022-09-10;3;4;1;0;1;16874;12193;1387;1168;1935
FR;6;2022-09-11;1;3;0;0;0;16875;12196;1387;1168;1935
FR;6;2022-09-12;10;4;1;0;3;16885;12200;1388;1168;1938
FR;6;2022-09-13;6;2;2;0;1;16891;12202;1390;1168;1939
FR;6;2022-09-14;7;7;1;0;3;16898;12209;1391;1168;1942
FR;6;2022-09-15;8;13;5;5;9;16906;12222;1396;1173;1951
FR;6;2022-09-16;24;38;1;1;3;16930;12260;1397;1174;1954
FR;6;2022-09-17;24;22;0;6;5;16954;12282;1397;1180;1959
FR;6;2022-09-18;4;4;0;0;1;16958;12286;1397;1180;1960
FR;6;2022-09-19;30;30;2;1;5;16988;12316;1399;1181;1965
FR;6;2022-09-20;34;25;1;4;6;17022;12341;1400;1185;1971
FR;6;2022-09-21;21;9;3;3;7;17043;12350;1403;1188;1978
FR;6;2022-09-22;19;28;1;22;3;17062;12378;1404;1210;1981
FR;6;2022-09-23;28;38;5;9;9;17090;12416;1409;1219;1990
FR;6;2022-09-24;16;16;4;2;6;17106;12432;1413;1221;1996
FR;6;2022-09-25;3;12;0;0;1;17109;12444;1413;1221;1997
FR;6;2022-09-26;16;13;0;18;5;17125;12457;1413;1239;2002
FR;6;2022-09-27;32;19;2;3;4;17157;12476;1415;1242;2006
FR;0;2020-12-27;609;0;0;0;0;609;0;0;0;0
FR;0;2020-12-28;683;1;0;0;0;1292;1;0;0;0
FR;0;2020-12-29;384;0;0;0;0;1676;1;0;0;0
FR;0;2020-12-30;444;0;0;0;0;2120;1;0;0;0
FR;0;2020-12-31;442;1;0;0;0;2562;2;0;0;0
FR;0;2021-01-01;1158;2;0;0;0;3720;4;0;0;0
FR;0;2021-01-02;364;3;0;0;0;4084;7;0;0;0
FR;0;2021-01-03;404;0;0;0;0;4488;7;0;0;0
FR;0;2021-01-04;2115;4;0;0;0;6603;11;0;0;0
FR;0;2021-01-05;7752;3;0;0;0;14355;14;0;0;0
FR;0;2021-01-06;12456;17;0;0;0;26811;31;0;0;0
FR;0;2021-01-07;29468;17;0;0;0;56279;48;0;0;0
FR;0;2021-01-08;37146;17;0;0;0;93425;65;0;0;0
FR;0;2021-01-09;11212;7;0;0;0;104637;72;0;0;0
FR;0;2021-01-10;6008;7;0;0;0;110645;79;0;0;0
FR;0;2021-01-11;39937;24;0;0;0;150582;103;0;0;0
FR;0;2021-01-12;62143;20;0;0;0;212725;123;0;0;0
FR;0;2021-01-13;65121;44;0;0;0;277846;167;0;0;0
FR;0;2021-01-14;83118;153;0;0;0;360964;320;0;0;0
FR;0;2021-01-15;69010;65;0;0;0;429974;385;0;0;0
FR;0;2021-01-16;20217;72;0;0;0;450191;457;0;0;0
FR;0;2021-01-17;10986;51;0;0;0;461177;508;0;0;0
FR;0;2021-01-18;85906;171;0;0;0;547083;679;0;0;0
FR;0;2021-01-19;130602;189;0;0;0;677685;868;0;0;0
FR;0;2021-01-20;137552;188;0;0;0;815237;1056;0;0;0
FR;0;2021-01-21;158407;184;0;0;0;973644;1240;0;0;0
FR;0;2021-01-22;121066;234;0;0;0;1094710;1474;0;0;0
FR;0;2021-01-23;38481;69;0;0;0;1133191;1543;0;0;0
FR;0;2021-01-24;9745;100;0;0;0;1142936;1643;0;0;0
FR;0;2021-01-25;78240;1347;0;0;0;1221176;2990;0;0;0
FR;0;2021-01-26;100378;3506;1;0;0;1321554;6496;1;0;0
FR;0;2021-01-27;107248;6150;0;0;0;1428802;12646;1;0;0
FR;0;2021-01-28;124357;15676;0;0;0;1553159;28322;1;0;0
FR;0;2021-01-29;92188;18212;0;0;0;1645347;46534;1;0;0
FR;0;2021-01-30;29123;4419;0;0;0;1674470;50953;1;0;0
FR;0;2021-01-31;5234;1821;0;0;0;1679704;52774;1;0;0
FR;0;2021-02-01;53133;22124;0;0;0;1732837;74898;1;0;0
FR;0;2021-02-02;72313;36973;0;0;0;1805150;111871;1;0;0
FR;0;2021-02-03;72306;39062;0;0;0;1877456;150933;1;0;0
FR;0;2021-02-04;82079;53322;0;0;0;1959535;204255;1;0;0
FR;0;2021-02-05;68236;46905;0;0;0;2027771;251160;1;0;0
FR;0;2021-02-06;23027;11107;0;0;0;2050798;262267;1;0;0
FR;0;2021-02-07;5191;5687;0;0;0;2055989;267954;1;0;0
FR;0;2021-02-08;46839;47858;0;0;0;2102828;315812;1;0;0
FR;0;2021-02-09;66012;76383;0;0;0;2168840;392195;1;0;0
FR;0;2021-02-10;71019;81200;0;0;0;2239859;473395;1;0;0
FR;0;2021-02-11;87282;103751;0;0;0;2327141;577146;1;0;0
FR;0;2021-02-12;79327;75349;0;0;0;2406468;652495;1;0;0
FR;0;2021-02-13;22381;19571;0;0;0;2428849;672066;1;0;0
FR;0;2021-02-14;5076;7359;0;0;0;2433925;679425;1;0;0
FR;0;2021-02-15;38103;76757;0;0;0;2472028;756182;1;0;0
FR;0;2021-02-16;50398;100506;0;0;0;2522426;856688;1;0;0
FR;0;2021-02-17;50539;105928;20;0;0;2572965;962616;21;0;0
FR;0;2021-02-18;69788;122310;0;0;0;2642753;1084926;21;0;0
FR;0;2021-02-19;65070;91705;1;0;0;2707823;1176631;22;0;0
FR;0;2021-02-20;18589;28673;0;0;0;2726412;1205304;22;0;0
FR;0;2021-02-21;3323;6174;0;0;0;2729735;1211478;22;0;0
FR;0;2021-02-22;37498;73238;2;0;0;2767233;1284716;24;0;0
FR;0;2021-02-23;53782;85095;1;0;0;2821015;1369811;25;0;0
FR;0;2021-02-24;60019;82475;1;0;0;2881034;1452286;26;0;0
FR;0;2021-02-25;100579;91450;1;0;0;2981613;1543736;27;0;0
FR;0;2021-02-26;113470;70763;1;0;0;3095083;1614499;28;0;0
FR;0;2021-02-27;52108;22281;1;0;0;3147191;1636780;29;0;0
FR;0;2021-02-28;6202;4204;2;0;0;3153393;1640984;31;0;0
FR;0;2021-03-01;65895;53801;1;0;0;3219288;1694785;32;0;0
FR;0;2021-03-02;101385;67007;3;0;0;3320673;1761792;35;0;0
FR;0;2021-03-03;116531;65550;0;0;0;3437204;1827342;35;0;0
FR;0;2021-03-04;163629;71715;3;0;0;3600833;1899057;38;0;0
FR;0;2021-03-05;200932;62840;3;0;0;3801765;1961897;41;0;0
FR;0;2021-03-06;207961;17580;3;0;0;4009726;1979477;44;0;0
FR;0;2021-03-07;121276;4486;1;0;0;4131002;1983963;45;0;0
FR;0;2021-03-08;107152;49914;2;0;0;4238154;2033877;47;0;0
FR;0;2021-03-09;172460;56325;2;0;0;4410614;2090202;49;0;0
FR;0;2021-03-10;179005;57182;5;0;0;4589619;2147384;54;0;0
FR;0;2021-03-11;242899;63874;2;0;0;4832518;2211258;56;0;0
FR;0;2021-03-12;294825;53446;1;0;0;5127343;2264704;57;0;0
FR;0;2021-03-13;231414;15276;1;0;0;5358757;2279980;58;0;0
FR;0;2021-03-14;63355;3171;1;0;0;5422112;2283151;59;0;0
FR;0;2021-03-15;158665;31878;3;0;0;5580777;2315029;62;0;0
FR;0;2021-03-16;141567;39058;6;0;0;5722344;2354087;68;0;0
FR;0;2021-03-17;150495;37826;4;0;0;5872839;2391913;72;0;0
FR;0;2021-03-18;167842;44452;5;0;0;6040681;2436365;77;0;0
FR;0;2021-03-19;230016;36938;2;0;0;6270697;2473303;79;0;0
FR;0;2021-03-20;166693;11481;1;0;0;6437390;2484784;80;0;0
FR;0;2021-03-21;49943;2286;1;0;0;6487333;2487070;81;0;0
FR;0;2021-03-22;170058;33775;2;0;0;6657391;2520845;83;0;0
FR;0;2021-03-23;250394;42395;1;0;0;6907785;2563240;84;0;0
FR;0;2021-03-24;256910;43610;0;0;0;7164695;2606850;84;0;0
FR;0;2021-03-25;341814;45067;5;0;0;7506509;2651917;89;0;0
FR;0;2021-03-26;358805;41870;5;1;0;7865314;2693787;94;1;0
FR;0;2021-03-27;195263;16875;1;0;0;8060577;2710662;95;1;0
FR;0;2021-03-28;59342;4402;3;0;0;8119919;2715064;98;1;0
FR;0;2021-03-29;202983;53666;4;0;0;8322902;2768730;102;1;0
FR;0;2021-03-30;285484;69911;5;0;0;8608386;2838641;107;1;0
FR;0;2021-03-31;263042;73685;4;0;0;8871428;2912326;111;1;0
FR;0;2021-04-01;315504;91466;11;0;0;9186932;3003792;122;1;0
FR;0;2021-04-02;281348;93986;7;0;0;9468280;3097778;129;1;0
FR;0;2021-04-03;141079;62309;6;0;0;9609359;3160087;135;1;0
FR;0;2021-04-04;46530;18923;2;0;0;9655889;3179010;137;1;0
FR;0;2021-04-05;63343;10622;11;0;0;9719232;3189632;148;1;0
FR;0;2021-04-06;217225;111503;17;0;0;9936457;3301135;165;1;0
FR;0;2021-04-07;260261;115312;17;0;0;10196718;3416447;182;1;0
FR;0;2021-04-08;337841;122520;14;0;0;10534559;3538967;196;1;0
FR;0;2021-04-09;410162;116644;49;0;0;10944721;3655611;245;1;0
FR;0;2021-04-10;212624;82765;15;0;0;11157345;3738376;260;1;0
FR;0;2021-04-11;56147;34256;7;0;0;11213492;3772632;267;1;0
FR;0;2021-04-12;237077;115625;46;0;0;11450569;3888257;313;1;0
FR;0;2021-04-13;309494;144334;98;1;0;11760063;4032591;411;2;0
FR;0;2021-04-14;294534;139538;215;0;0;12054597;4172129;626;2;0
FR;0;2021-04-15;337110;149633;339;0;0;12391707;4321762;965;2;0
FR;0;2021-04-16;339294;146445;354;0;0;12731001;4468207;1319;2;0
FR;0;2021-04-17;188659;89995;109;0;0;12919660;4558202;1428;2;0
FR;0;2021-04-18;51620;35407;47;0;0;12971280;4593609;1475;2;0
FR;0;2021-04-19;205699;138202;456;0;0;13176979;4731811;1931;2;0
FR;0;2021-04-20;254424;171433;569;0;0;13431403;4903244;2500;2;0
FR;0;2021-04-21;253273;169527;835;0;0;13684676;5072771;3335;2;0
FR;0;2021-04-22;287566;189603;818;0;0;13972242;5262374;4153;2;0
FR;0;2021-04-23;297807;183988;747;0;0;14270049;5446362;4900;2;0
FR;0;2021-04-24;190454;111790;252;0;0;14460503;5558152;5152;2;0
FR;0;2021-04-25;69559;38795;51;0;0;14530062;5596947;5203;2;0
FR;0;2021-04-26;220964;157493;563;0;0;14751026;5754440;5766;2;0
FR;0;2021-04-27;284611;187693;940;0;0;15035637;5942133;6706;2;0
FR;0;2021-04-28;299506;183979;1426;1;1;15335143;6126112;8132;3;1
FR;0;2021-04-29;357131;197361;1278;0;0;15692274;6323473;9410;3;1
FR;0;2021-04-30;372220;185464;1121;1;0;16064494;6508937;10531;4;1
FR;0;2021-05-01;167645;52487;179;0;0;16232139;6561424;10710;4;1
FR;0;2021-05-02;91748;37798;83;0;0;16323887;6599222;10793;4;1
FR;0;2021-05-03;288929;166982;843;0;0;16612816;6766204;11636;4;1
FR;0;2021-05-04;315674;225030;1233;0;0;16928490;6991234;12869;4;1
FR;0;2021-05-05;327194;225716;1315;0;0;17255684;7216950;14184;4;1
FR;0;2021-05-06;379519;240313;1632;0;0;17635203;7457263;15816;4;1
FR;0;2021-05-07;372750;257999;1223;0;0;18007953;7715262;17039;4;1
FR;0;2021-05-08;222166;69751;299;0;0;18230119;7785013;17338;4;1
FR;0;2021-05-09;129704;45415;243;0;0;18359823;7830428;17581;4;1
FR;0;2021-05-10;313386;229239;1236;0;0;18673209;8059667;18817;4;1
FR;0;2021-05-11;403907;258027;1566;0;0;19077116;8317694;20383;4;1
FR;0;2021-05-12;434117;233464;1542;0;0;19511233;8551158;21925;4;1
FR;0;2021-05-13;338604;56656;432;0;0;19849837;8607814;22357;4;1
FR;0;2021-05-14;454132;167409;1126;0;0;20303969;8775223;23483;4;1
FR;0;2021-05-15;374974;94224;443;0;0;20678943;8869447;23926;4;1
FR;0;2021-05-16;202756;20708;168;0;0;20881699;8890155;24094;4;1
FR;0;2021-05-17;376120;148745;1553;0;0;21257819;9038900;25647;4;1
FR;0;2021-05-18;460148;153631;1989;0;0;21717967;9192531;27636;4;1
FR;0;2021-05-19;467406;143586;2463;0;0;22185373;9336117;30099;4;1
FR;0;2021-05-20;507535;160311;2339;0;0;22692908;9496428;32438;4;1
FR;0;2021-05-21;489668;174871;1996;0;0;23182576;9671299;34434;4;1
FR;0;2021-05-22;347191;80051;668;0;0;23529767;9751350;35102;4;1
FR;0;2021-05-23;161691;14266;246;0;0;23691458;9765616;35348;4;1
FR;0;2021-05-24;263193;33137;604;0;0;23954651;9798753;35952;4;1
FR;0;2021-05-25;400274;189973;2352;1;0;24354925;9988726;38304;5;1
FR;0;2021-05-26;413457;189912;2224;0;0;24768382;10178638;40528;5;1
FR;0;2021-05-27;449809;219429;2162;0;0;25218191;10398067;42690;5;1
FR;0;2021-05-28;429553;260340;1893;0;0;25647744;10658407;44583;5;1
FR;0;2021-05-29;298978;149971;585;0;0;25946722;10808378;45168;5;1
FR;0;2021-05-30;107143;32552;163;0;0;26053865;10840930;45331;5;1
FR;0;2021-05-31;358037;203333;1469;1;1;26411902;11044263;46800;6;2
FR;0;2021-06-01;431021;251352;1962;1;1;26842923;11295615;48762;7;3
FR;0;2021-06-02;420109;231732;1984;0;0;27263032;11527347;50746;7;3
FR;0;2021-06-03;465613;257987;1823;0;0;27728645;11785334;52569;7;3
FR;0;2021-06-04;456253;305353;1734;1;1;28184898;12090687;54303;8;4
FR;0;2021-06-05;304806;189267;652;0;0;28489704;12279954;54955;8;4
FR;0;2021-06-06;133310;49049;226;0;0;28623014;12329003;55181;8;4
FR;0;2021-06-07;339992;261656;1526;0;0;28963006;12590659;56707;8;4
FR;0;2021-06-08;393880;291127;1803;0;0;29356886;12881786;58510;8;4
FR;0;2021-06-09;384866;274658;1732;0;0;29741752;13156444;60242;8;4
FR;0;2021-06-10;404184;288184;1724;1;0;30145936;13444628;61966;9;4
FR;0;2021-06-11;386658;356760;1467;1;0;30532594;13801388;63433;10;4
FR;0;2021-06-12;283265;211090;495;0;0;30815859;14012478;63928;10;4
FR;0;2021-06-13;104885;73858;204;0;0;30920744;14086336;64132;10;4
FR;0;2021-06-14;240829;354661;1427;1;0;31161573;14440997;65559;11;4
FR;0;2021-06-15;308157;384976;1569;1;0;31469730;14825973;67128;12;4
FR;0;2021-06-16;313976;357523;1418;1;0;31783706;15183496;68546;13;4
FR;0;2021-06-17;317689;372812;1427;1;0;32101395;15556308;69973;14;4
FR;0;2021-06-18;321745;442600;1338;1;0;32423140;15998908;71311;15;4
FR;0;2021-06-19;224342;273864;449;0;0;32647482;16272772;71760;15;4
FR;0;2021-06-20;74430;102416;129;0;0;32721912;16375188;71889;15;4
FR;0;2021-06-21;195765;401693;1037;1;1;32917677;16776881;72926;16;5
FR;0;2021-06-22;223202;467495;1265;10;1;33140879;17244376;74191;26;6
FR;0;2021-06-23;234027;439985;1197;1;1;33374906;17684361;75388;27;7
FR;0;2021-06-24;241864;409573;1357;0;0;33616770;18093934;76745;27;7
FR;0;2021-06-25;227638;522732;1401;0;0;33844408;18616666;78146;27;7
FR;0;2021-06-26;153256;370836;587;1;0;33997664;18987502;78733;28;7
FR;0;2021-06-27;55900;156084;168;1;0;34053564;19143586;78901;29;7
FR;0;2021-06-28;154778;452711;1176;0;0;34208342;19596297;80077;29;7
FR;0;2021-06-29;182703;507332;2123;0;0;34391045;20103629;82200;29;7
FR;0;2021-06-30;204008;485107;2014;21;2;34595053;20588736;84214;50;9
FR;0;2021-07-01;231331;458178;2223;5;1;34826384;21046914;86437;55;10
FR;0;2021-07-02;228692;520141;2120;5;2;35055076;21567055;88557;60;12
FR;0;2021-07-03;142037;368743;908;3;1;35197113;21935798;89465;63;13
FR;0;2021-07-04;56752;141072;265;0;0;35253865;22076870;89730;63;13
FR;0;2021-07-05;168515;418998;1668;8;2;35422380;22495868;91398;71;15
FR;0;2021-07-06;196769;474632;1830;45;8;35619149;22970500;93228;116;23
FR;0;2021-07-07;213193;439163;1878;25;4;35832342;23409663;95106;141;27
FR;0;2021-07-08;231639;424187;2089;20;6;36063981;23833850;97195;161;33
FR;0;2021-07-09;228614;511007;2185;4;2;36292595;24344857;99380;165;35
FR;0;2021-07-10;148616;339911;983;1;1;36441211;24684768;100363;166;36
FR;0;2021-07-11;60197;110102;283;0;0;36501408;24794870;100646;166;36
FR;0;2021-07-12;169414;477996;1761;4;0;36670822;25272866;102407;170;36
FR;0;2021-07-13;287264;527030;2046;8;1;36958086;25799896;104453;178;37
FR;0;2021-07-14;181094;157511;435;0;0;37139180;25957407;104888;178;37
FR;0;2021-07-15;347094;502057;2099;1;0;37486274;26459464;106987;179;37
FR;0;2021-07-16;380102;495481;2023;3;1;37866376;26954945;109010;182;38
FR;0;2021-07-17;259722;319721;877;1;0;38126098;27274666;109887;183;38
FR;0;2021-07-18;109710;114632;310;0;0;38235808;27389298;110197;183;38
FR;0;2021-07-19;285471;424425;1629;3;0;38521279;27813723;111826;186;38
FR;0;2021-07-20;376918;451798;1723;0;0;38898197;28265521;113549;186;38
FR;0;2021-07-21;395785;407347;1549;4;2;39293982;28672868;115098;190;40
FR;0;2021-07-22;441044;387671;1715;4;2;39735026;29060539;116813;194;42
FR;0;2021-07-23;440327;422553;1882;4;1;40175353;29483092;118695;198;43
FR;0;2021-07-24;285248;269408;804;1;0;40460601;29752500;119499;199;43
FR;0;2021-07-25;121110;79957;234;0;0;40581711;29832457;119733;199;43
FR;0;2021-07-26;347419;322603;1614;3;2;40929130;30155060;121347;202;45
FR;0;2021-07-27;464066;319682;1697;4;2;41393196;30474742;123044;206;47
FR;0;2021-07-28;459437;289601;1636;4;2;41852633;30764343;124680;210;49
FR;0;2021-07-29;489823;276489;1796;2;0;42342456;31040832;126476;212;49
FR;0;2021-07-30;461821;302578;1941;5;1;42804277;31343410;128417;217;50
FR;0;2021-07-31;285397;185069;914;1;0;43089674;31528479;129331;218;50
FR;0;2021-08-01;112018;49935;253;0;0;43201692;31578414;129584;218;50
FR;0;2021-08-02;341604;234256;1602;2;0;43543296;31812670;131186;220;50
FR;0;2021-08-03;398604;244692;1728;2;1;43941900;32057362;132914;222;51
FR;0;2021-08-04;384848;209760;1593;6;3;44326748;32267122;134507;228;54
FR;0;2021-08-05;366164;228586;1710;0;0;44692912;32495708;136217;228;54
FR;0;2021-08-06;359725;271445;1835;4;1;45052637;32767153;138052;232;55
FR;0;2021-08-07;213114;178351;755;5;3;45265751;32945504;138807;237;58
FR;0;2021-08-08;74193;63208;275;0;0;45339944;33008712;139082;237;58
FR;0;2021-08-09;258750;258994;1547;4;3;45598694;33267706;140629;241;61
FR;0;2021-08-10;306852;277454;1662;2;1;45905546;33545160;142291;243;62
FR;0;2021-08-11;279734;259858;1441;5;1;46185280;33805018;143732;248;63
FR;0;2021-08-12;271540;278282;1662;3;0;46456820;34083300;145394;251;63
FR;0;2021-08-13;252149;278120;1592;3;2;46708969;34361420;146986;254;65
FR;0;2021-08-14;145337;197160;740;0;0;46854306;34558580;147726;254;65
FR;0;2021-08-15;39379;50110;217;1;0;46893685;34608690;147943;255;65
FR;0;2021-08-16;186182;317753;1542;0;0;47079867;34926443;149485;255;65
FR;0;2021-08-17;215683;336106;1636;7;0;47295550;35262549;151121;262;65
FR;0;2021-08-18;199050;324547;1597;7;4;47494600;35587096;152718;269;69
FR;0;2021-08-19;192030;325550;1640;1;0;47686630;35912646;154358;270;69
FR;0;2021-08-20;186460;366321;1818;3;2;47873090;36278967;156176;273;71
FR;0;2021-08-21;104794;238124;707;0;0;47977884;36517091;156883;273;71
FR;0;2021-08-22;31942;87213;256;1;1;48009826;36604304;157139;274;72
FR;0;2021-08-23;140981;357115;1561;3;1;48150807;36961419;158700;277;73
FR;0;2021-08-24;162485;376763;1849;5;1;48313292;37338182;160549;282;74
FR;0;2021-08-25;151137;350829;2033;8;2;48464429;37689011;162582;290;76
FR;0;2021-08-26;142874;342798;2560;10;0;48607303;38031809;165142;300;76
FR;0;2021-08-27;148452;388302;2790;11;3;48755755;38420111;167932;311;79
FR;0;2021-08-28;90662;249603;1406;0;0;48846417;38669714;169338;311;79
FR;0;2021-08-29;27319;83343;518;1;0;48873736;38753057;169856;312;79
FR;0;2021-08-30;117414;324752;4712;6;5943;48991150;39077809;174568;318;6022
FR;0;2021-08-31;128804;334532;10187;19;11816;49119954;39412341;184755;337;17838
FR;0;2021-09-01;136138;285705;22431;7;24377;49256092;39698046;207186;344;42215
FR;0;2021-09-02;114668;247253;26516;20;28963;49370760;39945299;233702;364;71178
FR;0;2021-09-03;118308;292704;29963;24;33039;49489068;40238003;263665;388;104217
FR;0;2021-09-04;89888;217776;12585;12;14123;49578956;40455779;276250;400;118340
FR;0;2021-09-05;21358;44832;4395;2;4718;49600314;40500611;280645;402;123058
FR;0;2021-09-06;75676;180646;31953;16;34302;49675990;40681257;312598;418;157360
FR;0;2021-09-07;80300;181249;33243;43;36243;49756290;40862506;345841;461;193603
FR;0;2021-09-08;90987;206102;29661;28;32513;49847277;41068608;375502;489;226116
FR;0;2021-09-09;76936;165364;33065;27;36624;49924213;41233972;408567;516;262740
FR;0;2021-09-10;96035;203795;35736;28;40672;50020248;41437767;444303;544;303412
FR;0;2021-09-11;67161;169296;12138;19;14375;50087409;41607063;456441;563;317787
FR;0;2021-09-12;12825;32105;2776;1;3179;50100234;41639168;459217;564;320966
FR;0;2021-09-13;64555;126251;41223;35;44171;50164789;41765419;500440;599;365137
FR;0;2021-09-14;73487;129073;56367;80;62272;50238276;41894492;556807;679;427409
FR;0;2021-09-15;76636;167822;55661;58;54837;50314912;42062314;612468;737;482246
FR;0;2021-09-16;63878;114538;60083;82;60098;50378790;42176852;672551;819;542344
FR;0;2021-09-17;75081;156842;53852;71;57299;50453871;42333694;726403;890;599643
FR;0;2021-09-18;48234;139628;15601;25;17310;50502105;42473322;742004;915;616953
FR;0;2021-09-19;7906;23686;2437;1;2617;50510011;42497008;744441;916;619570
FR;0;2021-09-20;44566;93842;50080;72;50334;50554577;42590850;794521;988;669904
FR;0;2021-09-21;45891;98438;62760;75;63457;50600468;42689288;857281;1063;733361
FR;0;2021-09-22;48671;142399;55368;82;55425;50649139;42831687;912649;1145;788786
FR;0;2021-09-23;43270;92096;62391;94;63555;50692409;42923783;975040;1239;852341
FR;0;2021-09-24;52293;133331;54551;107;59182;50744702;43057114;1029591;1346;911523
FR;0;2021-09-25;35216;115625;16272;36;18295;50779918;43172739;1045863;1382;929818
FR;0;2021-09-26;5547;17807;2269;5;2327;50785465;43190546;1048132;1387;932145
FR;0;2021-09-27;33973;76948;47196;97;48171;50819438;43267494;1095328;1484;980316
FR;0;2021-09-28;36491;75264;54964;89;56541;50855929;43342758;1150292;1573;1036857
FR;0;2021-09-29;44385;100789;53350;112;54859;50900314;43443547;1203642;1685;1091716
FR;0;2021-09-30;36317;72956;57035;97;59571;50936631;43516503;1260677;1782;1151287
FR;0;2021-10-01;61698;102901;57806;108;63941;50998329;43619404;1318483;1890;1215228
FR;0;2021-10-02;39456;78439;20961;39;23360;51037785;43697843;1339444;1929;1238588
FR;0;2021-10-03;5285;10503;2531;4;2540;51043070;43708346;1341975;1933;1241128
FR;0;2021-10-04;35148;58527;52618;84;54830;51078218;43766873;1394593;2017;1295958
FR;0;2021-10-05;33892;64375;61012;135;65060;51112110;43831248;1455605;2152;1361018
FR;0;2021-10-06;42691;79322;65744;113;68318;51154801;43910570;1521349;2265;1429336
FR;0;2021-10-07;30527;62265;65427;90;68837;51185328;43972835;1586776;2355;1498173
FR;0;2021-10-08;49453;91919;77752;110;84721;51234781;44064754;1664528;2465;1582894
FR;0;2021-10-09;33658;60949;31543;35;33922;51268439;44125703;1696071;2500;1616816
FR;0;2021-10-10;4708;7438;3193;9;3481;51273147;44133141;1699264;2509;1620297
FR;0;2021-10-11;30693;49942;61041;105;64097;51303840;44183083;1760305;2614;1684394
FR;0;2021-10-12;31596;54502;70616;140;75972;51335436;44237585;1830921;2754;1760366
FR;0;2021-10-13;40104;62846;74431;136;79340;51375540;44300431;1905352;2890;1839706
FR;0;2021-10-14;30315;52912;68758;116;73820;51405855;44353343;1974110;3006;1913526
FR;0;2021-10-15;44899;75282;93240;191;102997;51450754;44428625;2067350;3197;2016523
FR;0;2021-10-16;31304;44120;36692;44;39636;51482058;44472745;2104042;3241;2056159
FR;0;2021-10-17;3841;5242;3595;2;3682;51485899;44477987;2107637;3243;2059841
FR;0;2021-10-18;29053;42394;67493;133;71354;51514952;44520381;2175130;3376;2131195
FR;0;2021-10-19;27151;45592;76406;140;81627;51542103;44565973;2251536;3516;2212822
FR;0;2021-10-20;35302;52466;96940;181;101540;51577405;44618439;2348476;3697;2314362
FR;0;2021-10-21;26136;45190;83967;112;89144;51603541;44663629;2432443;3809;2403506
FR;0;2021-10-22;38413;62517;104899;200;112593;51641954;44726146;2537342;4009;2516099
FR;0;2021-10-23;27006;41218;45456;57;48622;51668960;44767364;2582798;4066;2564721
FR;0;2021-10-24;2920;4773;3682;6;3931;51671880;44772137;2586480;4072;2568652
FR;0;2021-10-25;26056;36269;82331;144;86645;51697936;44808406;2668811;4216;2655297
FR;0;2021-10-26;23729;35045;87252;166;92367;51721665;44843451;2756063;4382;2747664
FR;0;2021-10-27;30082;46366;109008;257;114704;51751747;44889817;2865071;4639;2862368
FR;0;2021-10-28;23583;34981;88714;153;94486;51775330;44924798;2953785;4792;2956854
FR;0;2021-10-29;31574;51493;117322;205;125358;51806904;44976291;3071107;4997;3082212
FR;0;2021-10-30;20558;33238;50347;76;53394;51827462;45009529;3121454;5073;3135606
FR;0;2021-10-31;2489;3734;3590;3;3878;51829951;45013263;3125044;5076;3139484
FR;0;2021-11-01;8475;4869;3210;3;3575;51838426;45018132;3128254;5079;3143059
FR;0;2021-11-02;26334;40124;93586;156;99591;51864760;45058256;3221840;5235;3242650
FR;0;2021-11-03;30091;47976;118892;218;125852;51894851;45106232;3340732;5453;3368502
FR;0;2021-11-04;23784;37531;107571;217;114434;51918635;45143763;3448303;5670;3482936
FR;0;2021-11-05;32388;53000;141644;235;151395;51951023;45196763;3589947;5905;3634331
FR;0;2021-11-06;21528;34576;64886;123;68305;51972551;45231339;3654833;6028;3702636
FR;0;2021-11-07;2400;4177;5196;6;5592;51974951;45235516;3660029;6034;3708228
FR;0;2021-11-08;20592;37793;127201;227;134313;51995543;45273309;3787230;6261;3842541
FR;0;2021-11-09;22403;44747;161693;339;172267;52017946;45318056;3948923;6600;4014808
FR;0;2021-11-10;31588;55054;187018;446;198827;52049534;45373110;4135941;7046;4213635
FR;0;2021-11-11;4722;6759;12973;28;13959;52054256;45379869;4148914;7074;4227594
FR;0;2021-11-12;29071;55157;183782;252;197404;52083327;45435026;4332696;7326;4424998
FR;0;2021-11-13;20348;32642;80703;118;86322;52103675;45467668;4413399;7444;4511320
FR;0;2021-11-14;2356;3887;7175;6;7855;52106031;45471555;4420574;7450;4519175
FR;0;2021-11-15;20481;38691;160861;313;171581;52126512;45510246;4581435;7763;4690756
FR;0;2021-11-16;23641;43998;200429;392;215065;52150153;45554244;4781864;8155;4905821
FR;0;2021-11-17;30512;50353;199855;406;212896;52180665;45604597;4981719;8561;5118717
FR;0;2021-11-18;23436;45614;191681;468;205586;52204101;45650211;5173400;9029;5324303
FR;0;2021-11-19;33669;61430;243223;550;262212;52237770;45711641;5416623;9579;5586515
FR;0;2021-11-20;25404;36709;102159;206;109706;52263174;45748350;5518782;9785;5696221
FR;0;2021-11-21;2644;4488;9657;19;10618;52265818;45752838;5528439;9804;5706839
FR;0;2021-11-22;22803;33256;180381;470;194863;52288621;45786094;5708820;10274;5901702
FR;0;2021-11-23;25712;45610;229391;549;247858;52314333;45831704;5938211;10823;6149560
FR;0;2021-11-24;31799;53764;224823;715;243253;52346132;45885468;6163034;11538;6392813
FR;0;2021-11-25;25634;49237;255951;739;277810;52371766;45934705;6418985;12277;6670623
FR;0;2021-11-26;33253;74872;379505;865;414670;52405019;46009577;6798490;13142;7085293
FR;0;2021-11-27;23490;49695;214914;389;236693;52428509;46059272;7013404;13531;7321986
FR;0;2021-11-28;3509;10531;56760;66;63327;52432018;46069803;7070164;13597;7385313
FR;0;2021-11-29;19416;54212;341484;863;371738;52451434;46124015;7411648;14460;7757051
FR;0;2021-11-30;24777;72029;457397;988;500801;52476211;46196044;7869045;15448;8257852
FR;0;2021-12-01;27363;75820;469117;1160;511347;52503574;46271864;8338162;16608;8769199
FR;0;2021-12-02;22090;71832;527119;1280;574900;52525664;46343696;8865281;17888;9344099
FR;0;2021-12-03;25554;93193;596410;1420;651215;52551218;46436889;9461691;19308;9995314
FR;0;2021-12-04;18315;60515;336233;690;369795;52569533;46497404;9797924;19998;10365109
FR;0;2021-12-05;4154;16196;95786;157;107053;52573687;46513600;9893710;20155;10472162
FR;0;2021-12-06;28431;73025;493158;1174;539991;52602118;46586625;10386868;21329;11012153
FR;0;2021-12-07;23537;91500;645414;1773;706342;52625655;46678125;11032282;23102;11718495
FR;0;2021-12-08;25495;92273;591606;1874;647524;52651150;46770398;11623888;24976;12366019
FR;0;2021-12-09;24056;94237;663115;2179;726439;52675206;46864635;12287003;27155;13092458
FR;0;2021-12-10;28049;111184;736068;2075;806216;52703255;46975819;13023071;29230;13898674
FR;0;2021-12-11;20251;76247;435187;987;480398;52723506;47052066;13458258;30217;14379072
FR;0;2021-12-12;5645;23221;142309;262;159222;52729151;47075287;13600567;30479;14538294
FR;0;2021-12-13;21350;91097;587672;1699;649312;52750501;47166384;14188239;32178;15187606
FR;0;2021-12-14;27968;118595;765585;2654;847545;52778469;47284979;14953824;34832;16035151
FR;0;2021-12-15;28428;114526;694354;2266;769130;52806897;47399505;15648178;37098;16804281
FR;0;2021-12-16;28024;115978;764042;2557;844453;52834921;47515483;16412220;39655;17648734
FR;0;2021-12-17;31646;128694;807881;2709;892075;52866567;47644177;17220101;42364;18540809
FR;0;2021-12-18;24930;81697;469972;1178;522223;52891497;47725874;17690073;43542;19063032
FR;0;2021-12-19;8757;28698;169396;376;191090;52900254;47754572;17859469;43918;19254122
FR;0;2021-12-20;31749;97441;591501;1786;658769;52932003;47852013;18450970;45704;19912891
FR;0;2021-12-21;39455;112251;682424;2392;759605;52971458;47964264;19133394;48096;20672496
FR;0;2021-12-22;39550;99518;575780;2168;642162;53011008;48063782;19709174;50264;21314658
FR;0;2021-12-23;33776;79670;441015;1657;494412;53044784;48143452;20150189;51921;21809070
FR;0;2021-12-24;10690;26135;111029;398;126676;53055474;48169587;20261218;52319;21935746
FR;0;2021-12-25;774;3589;7591;25;9033;53056248;48173176;20268809;52344;21944779
FR;0;2021-12-26;4695;11904;52095;142;60145;53060943;48185080;20320904;52486;22004924
FR;0;2021-12-27;30502;84082;453558;1364;509174;53091445;48269162;20774462;53850;22514098
FR;0;2021-12-28;38364;99080;564164;1769;632277;53129809;48368242;21338626;55619;23146375
FR;0;2021-12-29;39872;88422;501206;1687;561012;53169681;48456664;21839832;57306;23707387
FR;0;2021-12-30;35919;75268;421031;1521;471154;53205600;48531932;22260863;58827;24178541
FR;0;2021-12-31;12044;25164;116877;405;131671;53217644;48557096;22377740;59232;24310212
FR;0;2022-01-01;1501;3207;8516;37;9940;53219145;48560303;22386256;59269;24320152
FR;0;2022-01-02;6094;12997;58417;125;66947;53225239;48573300;22444673;59394;24387099
FR;0;2022-01-03;36567;90295;494825;1592;551701;53261806;48663595;22939498;60986;24938800
FR;0;2022-01-04;41921;111134;641383;2306;714377;53303727;48774729;23580881;63292;25653177
FR;0;2022-01-05;61050;103730;569170;1981;634193;53364777;48878459;24150051;65273;26287370
FR;0;2022-01-06;44249;110422;638974;2696;711442;53409026;48988881;24789025;67969;26998812
FR;0;2022-01-07;50816;123448;710991;2810;790496;53459842;49112329;25500016;70779;27789308
FR;0;2022-01-08;45004;80323;423803;1213;472883;53504846;49192652;25923819;71992;28262191
FR;0;2022-01-09;15603;26641;128565;300;145678;53520449;49219293;26052384;72292;28407869
FR;0;2022-01-10;35341;93456;469311;1812;522744;53555790;49312749;26521695;74104;28930613
FR;0;2022-01-11;41922;100570;548239;2306;608496;53597712;49413319;27069934;76410;29539109
FR;0;2022-01-12;60365;95790;452674;1967;504337;53658077;49509109;27522608;78377;30043446
FR;0;2022-01-13;38210;92642;487339;2085;541046;53696287;49601751;28009947;80462;30584492
FR;0;2022-01-14;42563;103438;568596;2286;629011;53738850;49705189;28578543;82748;31213503
FR;0;2022-01-15;39393;65899;340130;985;377555;53778243;49771088;28918673;83733;31591058
FR;0;2022-01-16;11400;19247;87423;216;99423;53789643;49790335;29006096;83949;31690481
FR;0;2022-01-17;24715;60111;320275;1381;354161;53814358;49850446;29326371;85330;32044642
FR;0;2022-01-18;28307;68790;361074;1802;397563;53842665;49919236;29687445;87132;32442205
FR;0;2022-01-19;43206;67116;281284;1450;311074;53885871;49986352;29968729;88582;32753279
FR;0;2022-01-20;23649;59692;299004;1740;328507;53909520;50046044;30267733;90322;33081786
FR;0;2022-01-21;28188;68902;366360;2086;401191;53937708;50114946;30634093;92408;33482977
FR;0;2022-01-22;27622;48006;218789;839;241770;53965330;50162952;30852882;93247;33724747
FR;0;2022-01-23;6709;12987;48674;173;55168;53972039;50175939;30901556;93420;33779915
FR;0;2022-01-24;16261;47513;217301;1139;239335;53988300;50223452;31118857;94559;34019250
FR;0;2022-01-25;19015;54416;243038;1547;267072;54007315;50277868;31361895;96106;34286322
FR;0;2022-01-26;28145;60494;209278;1297;229473;54035460;50338362;31571173;97403;34515795
FR;0;2022-01-27;16325;46357;207643;1274;225945;54051785;50384719;31778816;98677;34741740
FR;0;2022-01-28;21580;78159;290048;1573;321392;54073365;50462878;32068864;100250;35063132
FR;0;2022-01-29;18417;52837;184125;688;204588;54091782;50515715;32252989;100938;35267720
FR;0;2022-01-30;4470;14495;39141;124;45090;54096252;50530210;32292130;101062;35312810
FR;0;2022-01-31;11254;43983;148197;741;164784;54107506;50574193;32440327;101803;35477594
FR;0;2022-02-01;13522;48389;174118;1142;191410;54121028;50622582;32614445;102945;35669004
FR;0;2022-02-02;20499;66399;171520;1034;190130;54141527;50688981;32785965;103979;35859134
FR;0;2022-02-03;11454;44774;157550;989;173320;54152981;50733755;32943515;104968;36032454
FR;0;2022-02-04;14620;66533;239247;1266;264161;54167601;50800288;33182762;106234;36296615
FR;0;2022-02-05;12895;51480;153543;523;172327;54180496;50851768;33336305;106757;36468942
FR;0;2022-02-06;2722;12191;28890;101;33839;54183218;50863959;33365195;106858;36502781
FR;0;2022-02-07;9548;46718;156863;591;176316;54192766;50910677;33522058;107449;36679097
FR;0;2022-02-08;9778;43067;166620;867;184413;54202544;50953744;33688678;108316;36863510
FR;0;2022-02-09;14348;58239;172334;870;193041;54216892;51011983;33861012;109186;37056551
FR;0;2022-02-10;8678;39064;150223;878;166695;54225570;51051047;34011235;110064;37223246
FR;0;2022-02-11;10855;55656;218500;1100;243091;54236425;51106703;34229735;111164;37466337
FR;0;2022-02-12;8382;40953;134719;463;151747;54244807;51147656;34364454;111627;37618084
FR;0;2022-02-13;1900;8598;26562;85;30921;54246707;51156254;34391016;111712;37649005
FR;0;2022-02-14;6981;35234;148363;481;166356;54253688;51191488;34539379;112193;37815361
FR;0;2022-02-15;7045;36209;146970;751;162555;54260733;51227697;34686349;112944;37977916
FR;0;2022-02-16;9398;42959;132528;720;146747;54270131;51270656;34818877;113664;38124663
FR;0;2022-02-17;5573;24308;87291;585;94865;54275704;51294964;34906168;114249;38219528
FR;0;2022-02-18;6992;33556;119649;804;129314;54282696;51328520;35025817;115053;38348842
FR;0;2022-02-19;5369;24546;70022;370;77332;54288065;51353066;35095839;115423;38426174
FR;0;2022-02-20;1144;4650;12171;39;13950;54289209;51357716;35108010;115462;38440124
FR;0;2022-02-21;4089;17880;61949;351;67177;54293298;51375596;35169959;115813;38507301
FR;0;2022-02-22;4448;18642;60819;576;64457;54297746;51394238;35230778;116389;38571758
FR;0;2022-02-23;6585;27342;66491;591;71888;54304331;51421580;35297269;116980;38643646
FR;0;2022-02-24;3847;15462;50421;517;53242;54308178;51437042;35347690;117497;38696888
FR;0;2022-02-25;5278;23990;76351;802;80085;54313456;51461032;35424041;118299;38776973
FR;0;2022-02-26;3988;17763;47411;359;51478;54317444;51478795;35471452;118658;38828451
FR;0;2022-02-27;879;3005;8034;47;8945;54318323;51481800;35479486;118705;38837396
FR;0;2022-02-28;3124;12516;40473;358;42908;54321447;51494316;35519959;119063;38880304
FR;0;2022-03-01;3868;12585;44185;435;44856;54325315;51506901;35564144;119498;38925160
FR;0;2022-03-02;5291;17779;47124;445;49055;54330606;51524680;35611268;119943;38974215
FR;0;2022-03-03;2809;9325;29891;368;30013;54333415;51534005;35641159;120311;39004228
FR;0;2022-03-04;3219;12392;40294;665;39443;54336634;51546397;35681453;120976;39043671
FR;0;2022-03-05;3070;9276;24951;310;25113;54339704;51555673;35706404;121286;39068784
FR;0;2022-03-06;520;1396;3196;43;3439;54340224;51557069;35709600;121329;39072223
FR;0;2022-03-07;2298;5613;18424;315;17692;54342522;51562682;35728024;121644;39089915
FR;0;2022-03-08;2094;6065;19441;359;17910;54344616;51568747;35747465;122003;39107825
FR;0;2022-03-09;3557;10493;22178;405;21273;54348173;51579240;35769643;122408;39129098
FR;0;2022-03-10;1802;5667;16979;343;15805;54349975;51584907;35786622;122751;39144903
FR;0;2022-03-11;2407;7542;24490;540;22255;54352382;51592449;35811112;123291;39167158
FR;0;2022-03-12;2668;6773;17157;308;16512;54355050;51599222;35828269;123599;39183670
FR;0;2022-03-13;392;787;2322;147;2270;54355442;51600009;35830591;123746;39185940
FR;0;2022-03-14;1538;4264;14974;4408;13828;54356980;51604273;35845565;128154;39199768
FR;0;2022-03-15;1722;6280;16369;7551;14597;54358702;51610553;35861934;135705;39214365
FR;0;2022-03-16;3019;7375;19423;13136;18098;54361721;51617928;35881357;148841;39232463
FR;0;2022-03-17;1446;3975;13136;10845;11979;54363167;51621903;35894493;159686;39244442
FR;0;2022-03-18;2266;5746;19989;18289;18082;54365433;51627649;35914482;177975;39262524
FR;0;2022-03-19;2288;4800;13114;9400;12416;54367721;51632449;35927596;187375;39274940
FR;0;2022-03-20;300;732;1918;1073;1929;54368021;51633181;35929514;188448;39276869
FR;0;2022-03-21;1390;3209;12719;14937;11940;54369411;51636390;35942233;203385;39288809
FR;0;2022-03-22;1498;3729;13791;20527;12548;54370909;51640119;35956024;223912;39301357
FR;0;2022-03-23;2676;6249;17711;23148;17223;54373585;51646368;35973735;247060;39318580
FR;0;2022-03-24;1399;3147;11584;17605;10669;54374984;51649515;35985319;264665;39329249
FR;0;2022-03-25;2079;5133;18549;27755;16886;54377063;51654648;36003868;292420;39346135
FR;0;2022-03-26;2224;4410;12074;12677;11515;54379287;51659058;36015942;305097;39357650
FR;0;2022-03-27;359;689;1905;1481;1939;54379646;51659747;36017847;306578;39359589
FR;0;2022-03-28;1459;3069;11118;17487;10611;54381105;51662816;36028965;324065;39370200
FR;0;2022-03-29;1450;3265;12899;27554;12040;54382555;51666081;36041864;351619;39382240
FR;0;2022-03-30;2847;5462;15676;27369;15068;54385402;51671543;36057540;378988;39397308
FR;0;2022-03-31;1608;3559;12972;24964;12306;54387010;51675102;36070512;403952;39409614
FR;0;2022-04-01;2671;4572;20044;30864;18686;54389681;51679674;36090556;434816;39428300
FR;0;2022-04-02;1522;2626;9046;10114;8703;54391203;51682300;36099602;444930;39437003
FR;0;2022-04-03;287;505;1561;1167;1577;54391490;51682805;36101163;446097;39438580
FR;0;2022-04-04;1958;2856;12362;19097;11565;54393448;51685661;36113525;465194;39450145
FR;0;2022-04-05;1807;3116;14329;34083;13180;54395255;51688777;36127854;499277;39463325
FR;0;2022-04-06;2206;3882;13523;26471;12792;54397461;51692659;36141377;525748;39476117
FR;0;2022-04-07;1545;3077;13656;33742;12868;54399006;51695736;36155033;559490;39488985
FR;0;2022-04-08;2066;4218;19206;43856;17810;54401072;51699954;36174239;603346;39506795
FR;0;2022-04-09;1363;2670;9309;13556;8861;54402435;51702624;36183548;616902;39515656
FR;0;2022-04-10;286;606;1982;2011;2001;54402721;51703230;36185530;618913;39517657
FR;0;2022-04-11;1285;2592;11859;23871;11461;54404006;51705822;36197389;642784;39529118
FR;0;2022-04-12;1668;3009;14005;40842;13375;54405674;51708831;36211394;683626;39542493
FR;0;2022-04-13;1944;3645;13400;33055;13019;54407618;51712476;36224794;716681;39555512
FR;0;2022-04-14;1488;2875;13177;36253;13022;54409106;51715351;36237971;752934;39568534
FR;0;2022-04-15;1848;3439;15616;35487;14862;54410954;51718790;36253587;788421;39583396
FR;0;2022-04-16;1041;1818;6395;8533;6250;54411995;51720608;36259982;796954;39589646
FR;0;2022-04-17;190;321;991;1172;1030;54412185;51720929;36260973;798126;39590676
FR;0;2022-04-18;193;523;2763;1069;2781;54412378;51721452;36263736;799195;39593457
FR;0;2022-04-19;1520;3001;12901;29600;12462;54413898;51724453;36276637;828795;39605919
FR;0;2022-04-20;1978;3441;13287;28988;12966;54415876;51727894;36289924;857783;39618885
FR;0;2022-04-21;1506;2835;12523;35059;12558;54417382;51730729;36302447;892842;39631443
FR;0;2022-04-22;1859;3593;16456;37570;15820;54419241;51734322;36318903;930412;39647263
FR;0;2022-04-23;1144;2048;7381;10654;7231;54420385;51736370;36326284;941066;39654494
FR;0;2022-04-24;250;448;1475;1588;1410;54420635;51736818;36327759;942654;39655904
FR;0;2022-04-25;1301;2519;10678;21009;10482;54421936;51739337;36338437;963663;39666386
FR;0;2022-04-26;1613;2994;13651;38557;13101;54423549;51742331;36352088;1002220;39679487
FR;0;2022-04-27;1956;3048;11524;30949;11584;54425505;51745379;36363612;1033169;39691071
FR;0;2022-04-28;1561;2735;12521;36131;12260;54427066;51748114;36376133;1069300;39703331
FR;0;2022-04-29;2002;4082;15542;37205;14904;54429068;51752196;36391675;1106505;39718235
FR;0;2022-04-30;1210;1897;6926;9704;6753;54430278;51754093;36398601;1116209;39724988
FR;0;2022-05-01;217;318;911;995;906;54430495;51754411;36399512;1117204;39725894
FR;0;2022-05-02;1704;2868;11144;18123;10957;54432199;51757279;36410656;1135327;39736851
FR;0;2022-05-03;1870;3203;13707;34594;13548;54434069;51760482;36424363;1169921;39750399
FR;0;2022-05-04;1882;3250;12165;25612;12275;54435951;51763732;36436528;1195533;39762674
FR;0;2022-05-05;1744;2865;13024;33440;12873;54437695;51766597;36449552;1228973;39775547
FR;0;2022-05-06;2199;3643;15321;36713;14813;54439894;51770240;36464873;1265686;39790360
FR;0;2022-05-07;1201;1766;6459;9606;6447;54441095;51772006;36471332;1275292;39796807
FR;0;2022-05-08;264;397;1171;1546;1232;54441359;51772403;36472503;1276838;39798039
FR;0;2022-05-09;1330;2277;9915;20240;9785;54442689;51774680;36482418;1297078;39807824
FR;0;2022-05-10;1740;3121;13547;38840;13100;54444429;51777801;36495965;1335918;39820924
FR;0;2022-05-11;1983;2949;10731;27877;10674;54446412;51780750;36506696;1363795;39831598
FR;0;2022-05-12;1570;2668;11344;35592;11000;54447982;51783418;36518040;1399387;39842598
FR;0;2022-05-13;1959;3186;13737;37819;13320;54449941;51786604;36531777;1437206;39855918
FR;0;2022-05-14;1144;1610;5934;10772;5793;54451085;51788214;36537711;1447978;39861711
FR;0;2022-05-15;280;457;1277;1434;1354;54451365;51788671;36538988;1449412;39863065
FR;0;2022-05-16;1187;2004;8674;20990;8669;54452552;51790675;36547662;1470402;39871734
FR;0;2022-05-17;1573;2562;11813;37835;11390;54454125;51793237;36559475;1508237;39883124
FR;0;2022-05-18;1799;2620;9677;27125;9651;54455924;51795857;36569152;1535362;39892775
FR;0;2022-05-19;1425;2631;10551;35734;10691;54457349;51798488;36579703;1571096;39903466
FR;0;2022-05-20;1869;3095;13403;39335;12894;54459218;51801583;36593106;1610431;39916360
FR;0;2022-05-21;1158;1696;5658;9896;5531;54460376;51803279;36598764;1620327;39921891
FR;0;2022-05-22;237;335;1025;1434;1012;54460613;51803614;36599789;1621761;39922903
FR;0;2022-05-23;1164;2079;8874;20338;8813;54461777;51805693;36608663;1642099;39931716
FR;0;2022-05-24;1529;2736;11349;38802;11193;54463306;51808429;36620012;1680901;39942909
FR;0;2022-05-25;1804;2801;9337;24805;9466;54465110;51811230;36629349;1705706;39952375
FR;0;2022-05-26;200;398;1656;1189;1664;54465310;51811628;36631005;1706895;39954039
FR;0;2022-05-27;1370;2444;9249;21264;8991;54466680;51814072;36640254;1728159;39963030
FR;0;2022-05-28;663;1251;3910;6781;3960;54467343;51815323;36644164;1734940;39966990
FR;0;2022-05-29;155;314;751;915;772;54467498;51815637;36644915;1735855;39967762
FR;0;2022-05-30;1015;1938;6988;19255;7003;54468513;51817575;36651903;1755110;39974765
FR;0;2022-05-31;1485;2473;9814;35635;9634;54469998;51820048;36661717;1790745;39984399
FR;0;2022-06-01;1705;3077;11018;24504;10885;54471703;51823125;36672735;1815249;39995284
FR;0;2022-06-02;1465;2601;11307;35499;10841;54473168;51825726;36684042;1850748;40006125
FR;0;2022-06-03;1716;3055;13374;38693;12738;54474884;51828781;36697416;1889441;40018863
FR;0;2022-06-04;966;1512;5038;9109;5112;54475850;51830293;36702454;1898550;40023975
FR;0;2022-06-05;174;328;872;1105;882;54476024;51830621;36703326;1899655;40024857
FR;0;2022-06-06;318;951;2101;1255;2105;54476342;51831572;36705427;1900910;40026962
FR;0;2022-06-07;1364;2650;9840;35560;9420;54477706;51834222;36715267;1936470;40036382
FR;0;2022-06-08;1539;2675;9156;28706;8999;54479245;51836897;36724423;1965176;40045381
FR;0;2022-06-09;1273;2424;10603;39440;10243;54480518;51839321;36735026;2004616;40055624
FR;0;2022-06-10;1613;2884;13058;44745;12604;54482131;51842205;36748084;2049361;40068228
FR;0;2022-06-11;954;1727;5431;11620;5463;54483085;51843932;36753515;2060981;40073691
FR;0;2022-06-12;195;435;1072;1758;1133;54483280;51844367;36754587;2062739;40074824
FR;0;2022-06-13;1072;2017;7421;23153;7254;54484352;51846384;36762008;2085892;40082078
FR;0;2022-06-14;1305;2469;10438;44869;9794;54485657;51848853;36772446;2130761;40091872
FR;0;2022-06-15;1490;2381;9303;30868;8933;54487147;51851234;36781749;2161629;40100805
FR;0;2022-06-16;1157;2006;9897;39879;9304;54488304;51853240;36791646;2201508;40110109
FR;0;2022-06-17;1468;2819;12458;46595;11885;54489772;51856059;36804104;2248103;40121994
FR;0;2022-06-18;851;1510;4560;11120;4493;54490623;51857569;36808664;2259223;40126487
FR;0;2022-06-19;180;360;1058;1615;1130;54490803;51857929;36809722;2260838;40127617
FR;0;2022-06-20;1019;1904;8899;26058;8561;54491822;51859833;36818621;2286896;40136178
FR;0;2022-06-21;1319;2391;10296;49864;9324;54493141;51862224;36828917;2336760;40145502
FR;0;2022-06-22;1371;2467;8902;38991;8391;54494512;51864691;36837819;2375751;40153893
FR;0;2022-06-23;1218;2334;10669;55059;9865;54495730;51867025;36848488;2430810;40163758
FR;0;2022-06-24;1476;2969;13625;69086;12280;54497206;51869994;36862113;2499896;40176038
FR;0;2022-06-25;932;1774;6225;19911;5978;54498138;51871768;36868338;2519807;40182016
FR;0;2022-06-26;228;455;1952;3686;1812;54498366;51872223;36870290;2523493;40183828
FR;0;2022-06-27;1125;2009;10484;48432;9625;54499491;51874232;36880774;2571925;40193453
FR;0;2022-06-28;1448;2798;14652;91288;13075;54500939;51877030;36895426;2663213;40206528
FR;0;2022-06-29;1694;2814;12281;71800;11229;54502633;51879844;36907707;2735013;40217757
FR;0;2022-06-30;1519;2663;14373;95128;12455;54504152;51882507;36922080;2830141;40230212
FR;0;2022-07-01;1979;3772;21382;115895;18738;54506131;51886279;36943462;2946036;40248950
FR;0;2022-07-02;1073;1851;8514;35740;7696;54507204;51888130;36951976;2981776;40256646
FR;0;2022-07-03;289;537;2086;6450;1888;54507493;51888667;36954062;2988226;40258534
FR;0;2022-07-04;1522;3029;14665;79182;12931;54509015;51891696;36968727;3067408;40271465
FR;0;2022-07-05;1693;3089;18799;133166;15977;54510708;51894785;36987526;3200574;40287442
FR;0;2022-07-06;1802;2747;15828;99482;13618;54512510;51897532;37003354;3300056;40301060
FR;0;2022-07-07;1695;2851;17967;125878;14736;54514205;51900383;37021321;3425934;40315796
FR;0;2022-07-08;1880;3137;20730;137015;16749;54516085;51903520;37042051;3562949;40332545
FR;0;2022-07-09;862;1448;7734;37907;6680;54516947;51904968;37049785;3600856;40339225
FR;0;2022-07-10;261;505;2344;6999;2125;54517208;51905473;37052129;3607855;40341350
FR;0;2022-07-11;1407;2426;15004;88196;12484;54518615;51907899;37067133;3696051;40353834
FR;0;2022-07-12;1783;3065;20500;143788;16689;54520398;51910964;37087633;3839839;40370523
FR;0;2022-07-13;1710;2679;15660;94450;13234;54522108;51913643;37103293;3934289;40383757
FR;0;2022-07-14;177;348;1947;5529;1826;54522285;51913991;37105240;3939818;40385583
FR;0;2022-07-15;1468;2539;15086;84395;12577;54523753;51916530;37120326;4024213;40398160
FR;0;2022-07-16;616;1162;5937;24962;5141;54524369;51917692;37126263;4049175;40403301
FR;0;2022-07-17;175;385;1734;4659;1566;54524544;51918077;37127997;4053834;40404867
FR;0;2022-07-18;1123;2226;11815;61776;9959;54525667;51920303;37139812;4115610;40414826
FR;0;2022-07-19;1407;2330;15444;103605;12268;54527074;51922633;37155256;4219215;40427094
FR;0;2022-07-20;1403;2270;12929;77536;10707;54528477;51924903;37168185;4296751;40437801
FR;0;2022-07-21;1266;2133;13065;88135;10470;54529743;51927036;37181250;4384886;40448271
FR;0;2022-07-22;1382;2423;14786;89381;11935;54531125;51929459;37196036;4474267;40460206
FR;0;2022-07-23;664;1291;5524;22468;4850;54531789;51930750;37201560;4496735;40465056
FR;0;2022-07-24;181;346;1395;3888;1237;54531970;51931096;37202955;4500623;40466293
FR;0;2022-07-25;1033;1771;9478;48009;7824;54533003;51932867;37212433;4548632;40474117
FR;0;2022-07-26;1286;2196;13283;85380;10804;54534289;51935063;37225716;4634012;40484921
FR;0;2022-07-27;1216;1983;10205;61158;8495;54535505;51937046;37235921;4695170;40493416
FR;0;2022-07-28;1078;1830;10287;64264;8197;54536583;51938876;37246208;4759434;40501613
FR;0;2022-07-29;1279;2013;10956;65770;8716;54537862;51940889;37257164;4825204;40510329
FR;0;2022-07-30;495;839;3512;15249;2967;54538357;51941728;37260676;4840453;40513296
FR;0;2022-07-31;149;279;929;2432;787;54538506;51942007;37261605;4842885;40514083
FR;0;2022-08-01;814;1406;7555;30179;6348;54539320;51943413;37269160;4873064;40520431
FR;0;2022-08-02;1006;1615;8540;56010;6849;54540326;51945028;37277700;4929074;40527280
FR;0;2022-08-03;823;1231;6391;38631;5113;54541149;51946259;37284091;4967705;40532393
FR;0;2022-08-04;723;1159;6554;43058;5283;54541872;51947418;37290645;5010763;40537676
FR;0;2022-08-05;842;1342;7067;44881;5635;54542714;51948760;37297712;5055644;40543311
FR;0;2022-08-06;333;551;2095;9354;1744;54543047;51949311;37299807;5064998;40545055
FR;0;2022-08-07;97;152;530;1617;448;54543144;51949463;37300337;5066615;40545503
FR;0;2022-08-08;540;892;3984;22045;3238;54543684;51950355;37304321;5088660;40548741
FR;0;2022-08-09;680;1112;5948;39895;4777;54544364;51951467;37310269;5128555;40553518
FR;0;2022-08-10;608;1071;4632;27984;3771;54544972;51952538;37314901;5156539;40557289
FR;0;2022-08-11;608;995;4462;29111;3677;54545580;51953533;37319363;5185650;40560966
FR;0;2022-08-12;698;1128;4720;28164;3886;54546278;51954661;37324083;5213814;40564852
FR;0;2022-08-13;205;397;1287;5238;1107;54546483;51955058;37325370;5219052;40565959
FR;0;2022-08-14;66;117;284;918;242;54546549;51955175;37325654;5219970;40566201
FR;0;2022-08-15;66;159;590;553;539;54546615;51955334;37326244;5220523;40566740
FR;0;2022-08-16;614;1034;3933;22133;3329;54547229;51956368;37330177;5242656;40570069
FR;0;2022-08-17;619;983;3868;22821;3272;54547848;51957351;37334045;5265477;40573341
FR;0;2022-08-18;599;952;4068;26191;3210;54548447;51958303;37338113;5291668;40576551
FR;0;2022-08-19;585;1141;4460;27198;3663;54549032;51959444;37342573;5318866;40580214
FR;0;2022-08-20;282;474;1341;5552;1151;54549314;51959918;37343914;5324418;40581365
FR;0;2022-08-21;91;132;299;1006;263;54549405;51960050;37344213;5325424;40581628
FR;0;2022-08-22;534;966;3246;15293;2770;54549939;51961016;37347459;5340717;40584398
FR;0;2022-08-23;699;1154;4278;28950;3590;54550638;51962170;37351737;5369667;40587988
FR;0;2022-08-24;636;914;3471;19436;2817;54551274;51963084;37355208;5389103;40590805
FR;0;2022-08-25;613;979;3907;23346;3252;54551887;51964063;37359115;5412449;40594057
FR;0;2022-08-26;842;1234;4451;25791;3638;54552729;51965297;37363566;5438240;40597695
FR;0;2022-08-27;290;488;1368;5435;1231;54553019;51965785;37364934;5443675;40598926
FR;0;2022-08-28;118;156;299;897;281;54553137;51965941;37365233;5444572;40599207
FR;0;2022-08-29;603;948;3055;14597;2590;54553740;51966889;37368288;5459169;40601797
FR;0;2022-08-30;836;1193;4758;28445;3877;54554576;51968082;37373046;5487614;40605674
FR;0;2022-08-31;672;923;3180;17554;2696;54555248;51969005;37376226;5505168;40608370
FR;0;2022-09-01;674;923;4265;22244;3625;54555922;51969928;37380491;5527412;40611995
FR;0;2022-09-02;848;1102;4811;28486;4031;54556770;51971030;37385302;5555898;40616026
FR;0;2022-09-03;393;546;1805;6055;1552;54557163;51971576;37387107;5561953;40617578
FR;0;2022-09-04;120;146;346;866;342;54557283;51971722;37387453;5562819;40617920
FR;0;2022-09-05;584;650;2911;16001;2406;54557867;51972372;37390364;5578820;40620326
FR;0;2022-09-06;758;989;4456;31660;3602;54558625;51973361;37394820;5610480;40623928
FR;0;2022-09-07;616;742;2897;16714;2381;54559241;51974103;37397717;5627194;40626309
FR;0;2022-09-08;589;820;3710;24676;3033;54559830;51974923;37401427;5651870;40629342
FR;0;2022-09-09;809;979;4290;27408;3537;54560639;51975902;37405717;5679278;40632879
FR;0;2022-09-10;359;507;1547;5651;1350;54560998;51976409;37407264;5684929;40634229
FR;0;2022-09-11;111;124;313;649;296;54561109;51976533;37407577;5685578;40634525
FR;0;2022-09-12;468;565;2271;13058;1903;54561577;51977098;37409848;5698636;40636428
FR;0;2022-09-13;583;806;3725;26131;3157;54562160;51977904;37413573;5724767;40639585
FR;0;2022-09-14;629;734;2747;16021;2273;54562789;51978638;37416320;5740788;40641858
FR;0;2022-09-15;526;722;3222;23307;2684;54563315;51979360;37419542;5764095;40644542
FR;0;2022-09-16;768;987;3945;25620;3266;54564083;51980347;37423487;5789715;40647808
FR;0;2022-09-17;367;470;1348;6068;1197;54564450;51980817;37424835;5795783;40649005
FR;0;2022-09-18;110;128;307;925;278;54564560;51980945;37425142;5796708;40649283
FR;0;2022-09-19;418;596;2087;13039;1776;54564978;51981541;37427229;5809747;40651059
FR;0;2022-09-20;605;821;3495;25971;2910;54565583;51982362;37430724;5835718;40653969
FR;0;2022-09-21;560;739;2648;15996;2258;54566143;51983101;37433372;5851714;40656227
FR;0;2022-09-22;557;775;3270;23040;2604;54566700;51983876;37436642;5874754;40658831
FR;0;2022-09-23;775;944;3966;28026;3228;54567475;51984820;37440608;5902780;40662059
FR;0;2022-09-24;405;577;1546;6754;1326;54567880;51985397;37442154;5909534;40663385
FR;0;2022-09-25;85;161;302;1054;272;54567965;51985558;37442456;5910588;40663657
FR;0;2022-09-26;396;639;2122;13012;1808;54568361;51986197;37444578;5923600;40665465
FR;0;2022-09-27;571;768;3351;24804;2582;54568932;51986965;37447929;5948404;40668047
