fra;vaccin;jour;n_dose1;n_dose2;n_dose3;n_dose4;n_complet;n_rappel;n_2_rappel;n_rappel_biv;n_3_rappel;n_cum_dose1;n_cum_dose2;n_cum_dose3;n_cum_dose4;n_cum_complet;n_cum_rappel;n_cum_2_rappel;n_cum_rappel_biv;n_cum_3_rappel
FR;1;2020-12-27;616;0;0;0;55;0;0;0;0;616;0;0;0;55;0;0;0;0
FR;1;2020-12-28;705;1;0;0;43;0;0;0;0;1321;1;0;0;98;0;0;0;0
FR;1;2020-12-29;389;0;0;0;19;0;0;0;0;1710;1;0;0;117;0;0;0;0
FR;1;2020-12-30;455;0;0;0;19;0;0;0;0;2165;1;0;0;136;0;0;0;0
FR;1;2020-12-31;450;1;0;0;21;0;0;0;0;2615;2;0;0;157;0;0;0;0
FR;1;2021-01-01;1193;2;0;0;66;0;0;0;0;3808;4;0;0;223;0;0;0;0
FR;1;2021-01-02;369;4;0;0;29;0;0;0;0;4177;8;0;0;252;0;0;0;0
FR;1;2021-01-03;418;0;0;0;23;0;0;0;0;4595;8;0;0;275;0;0;0;0
FR;1;2021-01-04;2143;5;0;0;51;0;0;0;0;6738;13;0;0;326;0;0;0;0
FR;1;2021-01-05;7776;6;0;0;128;0;0;0;0;14514;19;0;0;454;0;0;0;0
FR;1;2021-01-06;12478;23;0;0;128;0;0;0;0;26992;42;0;0;582;0;0;0;0
FR;1;2021-01-07;29480;24;0;0;159;0;0;0;0;56472;66;0;0;741;0;0;0;0
FR;1;2021-01-08;37170;35;0;0;204;0;0;0;0;93642;101;0;0;945;0;0;0;0
FR;1;2021-01-09;11220;9;0;0;77;0;0;0;0;104862;110;0;0;1022;0;0;0;0
FR;1;2021-01-10;6015;8;0;0;28;0;0;0;0;110877;118;0;0;1050;0;0;0;0
FR;1;2021-01-11;39955;39;0;0;232;0;0;0;0;150832;157;0;0;1282;0;0;0;0
FR;1;2021-01-12;62162;30;0;0;298;0;0;0;0;212994;187;0;0;1580;0;0;0;0
FR;1;2021-01-13;65147;62;0;0;433;0;0;0;0;278141;249;0;0;2013;0;0;0;0
FR;1;2021-01-14;81471;261;0;0;958;0;0;0;0;359612;510;0;0;2971;0;0;0;0
FR;1;2021-01-15;68638;101;0;0;529;0;0;0;0;428250;611;0;0;3500;0;0;0;0
FR;1;2021-01-16;19903;73;0;0;171;0;0;0;0;448153;684;0;0;3671;0;0;0;0
FR;1;2021-01-17;10908;54;0;0;130;0;0;0;0;459061;738;0;0;3801;0;0;0;0
FR;1;2021-01-18;82848;176;0;0;588;0;0;0;0;541909;914;0;0;4389;0;0;0;0
FR;1;2021-01-19;125935;209;0;0;838;0;0;0;0;667844;1123;0;0;5227;0;0;0;0
FR;1;2021-01-20;132435;190;0;0;779;0;0;0;0;800279;1313;0;0;6006;0;0;0;0
FR;1;2021-01-21;153085;196;0;0;896;0;0;0;0;953364;1509;0;0;6902;0;0;0;0
FR;1;2021-01-22;115971;239;0;0;775;0;0;0;0;1069335;1748;0;0;7677;0;0;0;0
FR;1;2021-01-23;36617;84;0;0;207;0;0;0;0;1105952;1832;0;0;7884;0;0;0;0
FR;1;2021-01-24;9589;128;0;0;187;0;0;0;0;1115541;1960;0;0;8071;0;0;0;0
FR;1;2021-01-25;74442;1453;0;0;1771;0;0;0;0;1189983;3413;0;0;9842;0;0;0;0
FR;1;2021-01-26;96471;3702;1;0;4143;0;0;0;0;1286454;7115;1;0;13985;0;0;0;0
FR;1;2021-01-27;103660;6440;0;0;7124;0;0;0;0;1390114;13555;1;0;21109;0;0;0;0
FR;1;2021-01-28;120627;16400;0;0;17188;0;0;0;0;1510741;29955;1;0;38297;0;0;0;0
FR;1;2021-01-29;88901;18791;0;0;19332;0;0;0;0;1599642;48746;1;0;57629;0;0;0;0
FR;1;2021-01-30;27995;4532;0;0;4656;0;0;0;0;1627637;53278;1;0;62285;0;0;0;0
FR;1;2021-01-31;5194;1898;0;0;1936;0;0;0;0;1632831;55176;1;0;64221;0;0;0;0
FR;1;2021-02-01;49752;23028;0;0;23270;0;0;0;0;1682583;78204;1;0;87491;0;0;0;0
FR;1;2021-02-02;67838;38184;0;0;38642;0;0;0;0;1750421;116388;1;0;126133;0;0;0;0
FR;1;2021-02-03;67104;40226;0;0;40661;0;0;0;0;1817525;156614;1;0;166794;0;0;0;0
FR;1;2021-02-04;77155;55107;0;0;55677;0;0;0;0;1894680;211721;1;0;222471;0;0;0;0
FR;1;2021-02-05;63435;48218;0;0;48623;0;0;0;0;1958115;259939;1;0;271094;0;0;0;0
FR;1;2021-02-06;19428;11423;0;0;11530;0;0;0;0;1977543;271362;1;0;282624;0;0;0;0
FR;1;2021-02-07;3669;6065;0;0;6092;0;0;0;0;1981212;277427;1;0;288716;0;0;0;0
FR;1;2021-02-08;36508;48767;0;0;49020;0;0;0;0;2017720;326194;1;0;337736;0;0;0;0
FR;1;2021-02-09;50826;78418;0;0;78944;0;0;0;0;2068546;404612;1;0;416680;0;0;0;0
FR;1;2021-02-10;52087;83424;0;0;83906;0;0;0;0;2120633;488036;1;0;500586;0;0;0;0
FR;1;2021-02-11;63396;105505;0;0;106414;0;0;0;0;2184029;593541;1;0;607000;0;0;0;0
FR;1;2021-02-12;55886;75806;0;0;76493;0;0;0;0;2239915;669347;1;0;683493;0;0;0;0
FR;1;2021-02-13;15470;19312;0;0;19424;0;0;0;0;2255385;688659;1;0;702917;0;0;0;0
FR;1;2021-02-14;3747;7322;0;0;7388;0;0;0;0;2259132;695981;1;0;710305;0;0;0;0
FR;1;2021-02-15;24175;73668;0;0;73925;0;0;0;0;2283307;769649;1;0;784230;0;0;0;0
FR;1;2021-02-16;32788;95520;0;0;95926;0;0;0;0;2316095;865169;1;0;880156;0;0;0;0
FR;1;2021-02-17;35139;102368;20;0;103024;0;0;0;0;2351234;967537;21;0;983180;0;0;0;0
FR;1;2021-02-18;49464;118541;0;0;119537;0;0;0;0;2400698;1086078;21;0;1102717;0;0;0;0
FR;1;2021-02-19;45400;87832;1;0;88776;0;0;0;0;2446098;1173910;22;0;1191493;0;0;0;0
FR;1;2021-02-20;13398;27027;0;0;27203;0;0;0;0;2459496;1200937;22;0;1218696;0;0;0;0
FR;1;2021-02-21;2471;5942;0;0;6010;0;0;0;0;2461967;1206879;22;0;1224706;0;0;0;0
FR;1;2021-02-22;24727;69389;2;0;69687;0;0;0;0;2486694;1276268;24;0;1294393;0;0;0;0
FR;1;2021-02-23;37441;81552;1;0;82253;0;0;0;0;2524135;1357820;25;0;1376646;0;0;0;0
FR;1;2021-02-24;40716;79373;1;0;80073;0;0;0;0;2564851;1437193;26;0;1456719;0;0;0;0
FR;1;2021-02-25;50175;87709;1;0;88805;0;0;0;0;2615026;1524902;27;0;1545524;0;0;0;0
FR;1;2021-02-26;47234;67560;1;0;68448;0;0;0;0;2662260;1592462;28;0;1613972;0;0;0;0
FR;1;2021-02-27;15691;21357;1;0;21569;0;0;0;0;2677951;1613819;29;0;1635541;0;0;0;0
FR;1;2021-02-28;3566;4106;2;0;4179;0;0;0;0;2681517;1617925;31;0;1639720;0;0;0;0
FR;1;2021-03-01;40231;50279;1;0;51014;0;0;0;0;2721748;1668204;32;0;1690734;0;0;0;0
FR;1;2021-03-02;55994;62419;3;0;63598;0;0;0;0;2777742;1730623;35;0;1754332;0;0;0;0
FR;1;2021-03-03;61271;60506;0;0;61944;0;0;0;0;2839013;1791129;35;0;1816276;0;0;0;0
FR;1;2021-03-04;73022;68392;3;0;70607;0;0;0;0;2912035;1859521;38;0;1886883;0;0;0;0
FR;1;2021-03-05;74786;58605;3;0;60505;0;0;0;0;2986821;1918126;41;0;1947388;0;0;0;0
FR;1;2021-03-06;82475;15734;2;0;17442;0;0;0;0;3069296;1933860;43;0;1964830;0;0;0;0
FR;1;2021-03-07;63733;3920;1;0;5464;0;0;0;0;3133029;1937780;44;0;1970294;0;0;0;0
FR;1;2021-03-08;60197;41138;2;0;42424;0;0;0;0;3193226;1978918;46;0;2012718;0;0;0;0
FR;1;2021-03-09;86015;47361;1;0;49359;0;0;0;0;3279241;2026279;47;0;2062077;0;0;0;0
FR;1;2021-03-10;90949;47740;5;0;50011;0;0;0;0;3370190;2074019;52;0;2112088;0;0;0;0
FR;1;2021-03-11;105107;54585;1;0;57662;0;0;0;0;3475297;2128604;53;0;2169750;0;0;0;0
FR;1;2021-03-12;104169;44877;1;0;47875;0;0;0;0;3579466;2173481;54;0;2217625;0;0;0;0
FR;1;2021-03-13;89225;12579;1;0;14796;0;0;0;0;3668691;2186060;55;0;2232421;0;0;0;0
FR;1;2021-03-14;44462;2658;1;0;3991;0;0;0;0;3713153;2188718;56;0;2236412;0;0;0;0
FR;1;2021-03-15;95538;27939;3;0;30290;0;0;0;0;3808691;2216657;59;0;2266702;0;0;0;0
FR;1;2021-03-16;123607;34036;5;0;37582;0;0;0;0;3932298;2250693;64;0;2304284;0;0;0;0
FR;1;2021-03-17;129327;33511;4;0;37564;0;0;0;0;4061625;2284204;68;0;2341848;0;0;0;0
FR;1;2021-03-18;142918;39153;5;0;43831;0;0;0;0;4204543;2323357;73;0;2385679;0;0;0;0
FR;1;2021-03-19;136282;32014;2;0;36606;0;0;0;0;4340825;2355371;75;0;2422285;0;0;0;0
FR;1;2021-03-20;76026;9746;1;0;11963;0;0;0;0;4416851;2365117;76;0;2434248;0;0;0;0
FR;1;2021-03-21;26522;1973;1;0;2962;0;0;0;0;4443373;2367090;77;0;2437210;0;0;0;0
FR;1;2021-03-22;114783;30215;2;0;34046;0;0;0;0;4558156;2397305;79;0;2471256;0;0;0;0
FR;1;2021-03-23;143063;38006;1;0;42797;0;0;0;0;4701219;2435311;80;0;2514053;0;0;0;0
FR;1;2021-03-24;142030;38393;0;0;43263;0;0;0;0;4843249;2473704;80;0;2557316;0;0;0;0
FR;1;2021-03-25;165044;39872;4;0;46036;0;0;0;0;5008293;2513576;84;0;2603352;0;0;0;0
FR;1;2021-03-26;166426;37403;5;1;44024;0;0;0;0;5174719;2550979;89;1;2647376;0;0;0;0
FR;1;2021-03-27;110908;15483;1;0;19494;0;0;0;0;5285627;2566462;90;1;2666870;0;0;0;0
FR;1;2021-03-28;42315;4431;3;0;5986;0;0;0;0;5327942;2570893;93;1;2672856;0;0;0;0
FR;1;2021-03-29;129852;48968;4;0;53635;0;0;0;0;5457794;2619861;97;1;2726491;0;0;0;0
FR;1;2021-03-30;167765;63827;5;0;70838;0;0;0;0;5625559;2683688;102;1;2797329;0;0;0;0
FR;1;2021-03-31;170972;68007;4;0;75532;0;0;0;0;5796531;2751695;106;1;2872861;0;0;0;0
FR;1;2021-04-01;194888;84123;10;0;93630;0;0;0;0;5991419;2835818;116;1;2966491;0;0;0;0
FR;1;2021-04-02;164477;86896;7;0;94719;0;0;0;0;6155896;2922714;123;1;3061210;0;0;0;0
FR;1;2021-04-03;88262;58203;6;0;61751;0;0;0;0;6244158;2980917;129;1;3122961;0;0;0;0
FR;1;2021-04-04;33665;17733;0;0;19233;0;0;0;0;6277823;2998650;129;1;3142194;0;0;0;0
FR;1;2021-04-05;46431;9566;11;0;11443;0;0;0;0;6324254;3008216;140;1;3153637;0;0;0;0
FR;1;2021-04-06;160352;105661;17;0;112146;0;0;0;0;6484606;3113877;157;1;3265783;0;0;0;0
FR;1;2021-04-07;197041;108091;16;0;116929;0;0;0;0;6681647;3221968;173;1;3382712;0;0;0;0
FR;1;2021-04-08;222192;114351;14;0;125710;0;0;0;0;6903839;3336319;187;1;3508422;0;0;0;0
FR;1;2021-04-09;214618;108045;21;0;118941;0;0;0;0;7118457;3444364;208;1;3627363;0;0;0;0
FR;1;2021-04-10;117208;73237;14;0;78384;0;0;0;0;7235665;3517601;222;1;3705747;0;0;0;0
FR;1;2021-04-11;40903;29891;6;0;31795;0;0;0;0;7276568;3547492;228;1;3737542;0;0;0;0
FR;1;2021-04-12;168507;104588;46;0;111836;0;0;0;0;7445075;3652080;274;1;3849378;0;0;0;0
FR;1;2021-04-13;203854;127769;97;1;137116;0;0;0;0;7648929;3779849;371;2;3986494;0;0;0;0
FR;1;2021-04-14;208685;123028;208;0;133259;0;0;0;0;7857614;3902877;579;2;4119753;0;0;0;0
FR;1;2021-04-15;221744;128239;313;0;139287;0;0;0;0;8079358;4031116;892;2;4259040;0;0;0;0
FR;1;2021-04-16;206111;125777;309;0;135447;0;0;0;0;8285469;4156893;1201;2;4394487;0;0;0;0
FR;1;2021-04-17;122112;67119;103;0;72181;0;0;0;0;8407581;4224012;1304;2;4466668;0;0;0;0
FR;1;2021-04-18;35980;21012;42;0;22720;0;0;0;0;8443561;4245024;1346;2;4489388;0;0;0;0
FR;1;2021-04-19;163782;121612;432;0;129162;0;0;0;0;8607343;4366636;1778;2;4618550;0;0;0;0
FR;1;2021-04-20;189490;149800;531;0;158929;0;0;0;0;8796833;4516436;2309;2;4777479;0;0;0;0
FR;1;2021-04-21;194060;147776;760;0;157308;0;0;0;0;8990893;4664212;3069;2;4934787;0;0;0;0
FR;1;2021-04-22;209084;164616;779;0;175848;0;0;0;0;9199977;4828828;3848;2;5110635;0;0;0;0
FR;1;2021-04-23;198999;158140;671;0;169161;0;0;0;0;9398976;4986968;4519;2;5279796;0;0;0;0
FR;1;2021-04-24;126354;95887;148;0;101956;0;0;0;0;9525330;5082855;4667;2;5381752;0;0;0;0
FR;1;2021-04-25;53641;30083;46;0;32840;0;0;0;0;9578971;5112938;4713;2;5414592;0;0;0;0
FR;1;2021-04-26;181175;140328;543;0;149046;0;0;0;0;9760146;5253266;5256;2;5563638;0;0;0;0
FR;1;2021-04-27;221405;162608;901;0;173983;0;0;0;0;9981551;5415874;6157;2;5737621;0;0;0;0
FR;1;2021-04-28;238354;156221;1314;1;168906;1;0;0;0;10219905;5572095;7471;3;5906527;1;0;0;0
FR;1;2021-04-29;270350;161674;1211;0;177280;0;0;0;0;10490255;5733769;8682;3;6083807;1;0;0;0
FR;1;2021-04-30;272028;149038;1074;0;165140;0;0;0;0;10762283;5882807;9756;3;6248947;1;0;0;0
FR;1;2021-05-01;141181;40614;173;0;48642;0;0;0;0;10903464;5923421;9929;3;6297589;1;0;0;0
FR;1;2021-05-02;81564;28238;81;0;32994;0;0;0;0;10985028;5951659;10010;3;6330583;1;0;0;0
FR;1;2021-05-03;250822;142095;803;0;155790;0;0;0;0;11235850;6093754;10813;3;6486373;1;0;0;0
FR;1;2021-05-04;265939;188034;1204;0;203608;0;0;0;0;11501789;6281788;12017;3;6689981;1;0;0;0
FR;1;2021-05-05;283954;186287;1268;0;202950;0;0;0;0;11785743;6468075;13285;3;6892931;1;0;0;0
FR;1;2021-05-06;310045;184583;1502;0;204337;0;0;0;0;12095788;6652658;14787;3;7097268;1;0;0;0
FR;1;2021-05-07;284152;196759;1127;0;214581;0;0;0;0;12379940;6849417;15914;3;7311849;1;0;0;0
FR;1;2021-05-08;191686;51614;285;0;62998;0;0;0;0;12571626;6901031;16199;3;7374847;1;0;0;0
FR;1;2021-05-09;114075;34215;236;0;41387;0;0;0;0;12685701;6935246;16435;3;7416234;1;0;0;0
FR;1;2021-05-10;258240;195087;1188;0;211083;0;0;0;0;12943941;7130333;17623;3;7627317;1;0;0;0
FR;1;2021-05-11;318945;211239;1465;0;231479;0;0;0;0;13262886;7341572;19088;3;7858796;1;0;0;0
FR;1;2021-05-12;356693;186102;1401;0;208408;0;0;0;0;13619579;7527674;20489;3;8067204;1;0;0;0
FR;1;2021-05-13;283472;47323;401;0;64247;0;0;0;0;13903051;7574997;20890;3;8131451;1;0;0;0
FR;1;2021-05-14;370542;128527;998;0;151948;0;0;0;0;14273593;7703524;21888;3;8283399;1;0;0;0
FR;1;2021-05-15;298126;66204;404;0;84911;0;0;0;0;14571719;7769728;22292;3;8368310;1;0;0;0
FR;1;2021-05-16;157795;15469;158;0;26037;0;0;0;0;14729514;7785197;22450;3;8394347;1;0;0;0
FR;1;2021-05-17;318957;116205;1441;0;138169;0;0;0;0;15048471;7901402;23891;3;8532516;1;0;0;0
FR;1;2021-05-18;383390;111701;1801;0;137651;0;0;0;0;15431861;8013103;25692;3;8670167;1;0;0;0
FR;1;2021-05-19;395316;101548;2185;0;128489;0;0;0;0;15827177;8114651;27877;3;8798656;1;0;0;0
FR;1;2021-05-20;421858;95620;2049;0;125088;0;0;0;0;16249035;8210271;29926;3;8923744;1;0;0;0
FR;1;2021-05-21;399844;97443;1765;0;125846;0;0;0;0;16648879;8307714;31691;3;9049590;1;0;0;0
FR;1;2021-05-22;275711;41922;604;0;60948;0;0;0;0;16924590;8349636;32295;3;9110538;1;0;0;0
FR;1;2021-05-23;123033;10969;224;0;20572;0;0;0;0;17047623;8360605;32519;3;9131110;1;0;0;0
FR;1;2021-05-24;244028;26265;569;0;43793;0;0;0;0;17291651;8386870;33088;3;9174903;1;0;0;0
FR;1;2021-05-25;366247;131476;2115;1;158411;0;0;0;0;17657898;8518346;35203;4;9333314;1;0;0;0
FR;1;2021-05-26;380855;127509;1996;0;155836;0;0;0;0;18038753;8645855;37199;4;9489150;1;0;0;0
FR;1;2021-05-27;406199;128328;1978;0;158814;0;0;0;0;18444952;8774183;39177;4;9647964;1;0;0;0
FR;1;2021-05-28;366076;145710;1702;0;174272;0;0;0;0;18811028;8919893;40879;4;9822236;1;0;0;0
FR;1;2021-05-29;253850;81137;527;0;100337;0;0;0;0;19064878;9001030;41406;4;9922573;1;0;0;0
FR;1;2021-05-30;100983;22599;158;0;30833;0;0;0;0;19165861;9023629;41564;4;9953406;1;0;0;0
FR;1;2021-05-31;314351;149254;1287;1;172516;1;0;0;0;19480212;9172883;42851;5;10125922;2;0;0;0
FR;1;2021-06-01;361702;166438;1733;1;194143;1;0;0;0;19841914;9339321;44584;6;10320065;3;0;0;0
FR;1;2021-06-02;365434;154495;1798;0;184039;0;0;0;0;20207348;9493816;46382;6;10504104;3;0;0;0
FR;1;2021-06-03;391493;147431;1654;0;178404;0;0;0;0;20598841;9641247;48036;6;10682508;3;0;0;0
FR;1;2021-06-04;364140;175889;1496;1;205181;1;0;0;0;20962981;9817136;49532;7;10887689;4;0;0;0
FR;1;2021-06-05;258532;112819;597;0;133183;0;0;0;0;21221513;9929955;50129;7;11020872;4;0;0;0
FR;1;2021-06-06;126831;37554;216;0;48193;0;0;0;0;21348344;9967509;50345;7;11069065;4;0;0;0
FR;1;2021-06-07;301131;207781;1368;0;233058;0;0;0;0;21649475;10175290;51713;7;11302123;4;0;0;0
FR;1;2021-06-08;330901;221004;1645;0;248970;0;0;0;0;21980376;10396294;53358;7;11551093;4;0;0;0
FR;1;2021-06-09;336656;210954;1614;0;239716;0;0;0;0;22317032;10607248;54972;7;11790809;4;0;0;0
FR;1;2021-06-10;343943;199527;1615;0;229275;0;0;0;0;22660975;10806775;56587;7;12020084;4;0;0;0
FR;1;2021-06-11;311941;234705;1300;1;262618;0;0;0;0;22972916;11041480;57887;8;12282702;4;0;0;0
FR;1;2021-06-12;244097;150608;438;0;172219;0;0;0;0;23217013;11192088;58325;8;12454921;4;0;0;0
FR;1;2021-06-13;100382;61036;188;0;70698;0;0;0;0;23317395;11253124;58513;8;12525619;4;0;0;0
FR;1;2021-06-14;207878;287596;1320;1;307406;0;0;0;0;23525273;11540720;59833;9;12833025;4;0;0;0
FR;1;2021-06-15;256906;281130;1400;1;304983;0;0;0;0;23782179;11821850;61233;10;13138008;4;0;0;0
FR;1;2021-06-16;273686;270704;1264;1;296139;0;0;0;0;24055865;12092554;62497;11;13434147;4;0;0;0
FR;1;2021-06-17;268254;245089;1241;1;271160;0;0;0;0;24324119;12337643;63738;12;13705307;4;0;0;0
FR;1;2021-06-18;260625;295195;1155;1;321022;0;0;0;0;24584744;12632838;64893;13;14026329;4;0;0;0
FR;1;2021-06-19;193468;209605;388;0;228267;0;0;0;0;24778212;12842443;65281;13;14254596;4;0;0;0
FR;1;2021-06-20;69724;89033;122;0;96875;0;0;0;0;24847936;12931476;65403;13;14351471;4;0;0;0
FR;1;2021-06-21;172399;319784;934;1;338495;1;0;0;0;25020335;13251260;66337;14;14689966;5;0;0;0
FR;1;2021-06-22;185897;348069;1102;10;369134;1;0;0;0;25206232;13599329;67439;24;15059100;6;0;0;0
FR;1;2021-06-23;204239;339643;1050;0;363542;0;0;0;0;25410471;13938972;68489;24;15422642;6;0;0;0
FR;1;2021-06-24;203554;282069;1176;0;306814;0;0;0;0;25614025;14221041;69665;24;15729456;6;0;0;0
FR;1;2021-06-25;182681;371696;1200;0;395701;0;0;0;0;25796706;14592737;70865;24;16125157;6;0;0;0
FR;1;2021-06-26;131413;278604;506;0;295980;0;0;0;0;25928119;14871341;71371;24;16421137;6;0;0;0
FR;1;2021-06-27;52421;122845;146;0;130383;0;0;0;0;25980540;14994186;71517;24;16551520;6;0;0;0
FR;1;2021-06-28;136681;368235;1066;0;386838;0;0;0;0;26117221;15362421;72583;24;16938358;6;0;0;0
FR;1;2021-06-29;154920;391154;1848;0;412251;0;0;0;0;26272141;15753575;74431;24;17350609;6;0;0;0
FR;1;2021-06-30;180075;381948;1668;4;406552;2;0;0;0;26452216;16135523;76099;28;17757161;8;0;0;0
FR;1;2021-07-01;201587;332502;1890;5;360580;0;0;0;0;26653803;16468025;77989;33;18117741;8;0;0;0
FR;1;2021-07-02;193891;367281;1765;5;395483;2;0;0;0;26847694;16835306;79754;38;18513224;10;0;0;0
FR;1;2021-07-03;124485;280408;704;3;299513;1;0;0;0;26972179;17115714;80458;41;18812737;11;0;0;0
FR;1;2021-07-04;53969;113728;244;0;122135;0;0;0;0;27026148;17229442;80702;41;18934872;11;0;0;0
FR;1;2021-07-05;153983;355766;1500;8;379104;0;0;0;0;27180131;17585208;82202;49;19313976;11;0;0;0
FR;1;2021-07-06;173532;382278;1603;45;408171;8;0;0;0;27353663;17967486;83805;94;19722147;19;0;0;0
FR;1;2021-07-07;190871;362301;1659;25;390641;2;0;0;0;27544534;18329787;85464;119;20112788;21;0;0;0
FR;1;2021-07-08;201593;322961;1827;20;353611;2;0;0;0;27746127;18652748;87291;139;20466399;23;0;0;0
FR;1;2021-07-09;189992;387757;1854;3;418162;1;0;0;0;27936119;19040505;89145;142;20884561;24;0;0;0
FR;1;2021-07-10;129965;281178;818;1;302603;1;0;0;0;28066084;19321683;89963;143;21187164;25;0;0;0
FR;1;2021-07-11;57688;102528;263;0;112411;0;0;0;0;28123772;19424211;90226;143;21299575;25;0;0;0
FR;1;2021-07-12;149930;416801;1588;4;442792;0;0;0;0;28273702;19841012;91814;147;21742367;25;0;0;0
FR;1;2021-07-13;234309;438990;1808;8;476177;0;0;0;0;28508011;20280002;93622;155;22218544;25;0;0;0
FR;1;2021-07-14;171931;151304;418;0;176934;0;0;0;0;28679942;20431306;94040;155;22395478;25;0;0;0
FR;1;2021-07-15;279707;424125;1859;1;467101;0;0;0;0;28959649;20855431;95899;156;22862579;25;0;0;0
FR;1;2021-07-16;290445;400526;1711;3;445167;1;0;0;0;29250094;21255957;97610;159;23307746;26;0;0;0
FR;1;2021-07-17;217359;281973;755;1;315443;0;0;0;0;29467453;21537930;98365;160;23623189;26;0;0;0
FR;1;2021-07-18;102030;107203;288;0;123091;0;0;0;0;29569483;21645133;98653;160;23746280;26;0;0;0
FR;1;2021-07-19;238250;378364;1498;3;414413;0;0;0;0;29807733;22023497;100151;163;24160693;26;0;0;0
FR;1;2021-07-20;305777;379723;1471;0;425547;0;0;0;0;30113510;22403220;101622;163;24586240;26;0;0;0
FR;1;2021-07-21;333309;352700;1413;4;404070;1;0;0;0;30446819;22755920;103035;167;24990310;27;0;0;0
FR;1;2021-07-22;364706;318526;1502;3;374939;2;0;0;0;30811525;23074446;104537;170;25365249;29;0;0;0
FR;1;2021-07-23;349410;342722;1589;4;398262;1;0;0;0;31160935;23417168;106126;174;25763511;30;0;0;0
FR;1;2021-07-24;238967;240734;697;1;278061;0;0;0;0;31399902;23657902;106823;175;26041572;30;0;0;0
FR;1;2021-07-25;112810;76010;223;0;93705;0;0;0;0;31512712;23733912;107046;175;26135277;30;0;0;0
FR;1;2021-07-26;299150;289267;1495;2;334981;1;0;0;0;31811862;24023179;108541;177;26470258;31;0;0;0
FR;1;2021-07-27;385858;267850;1459;4;324821;1;0;0;0;32197720;24291029;110000;181;26795079;32;0;0;0
FR;1;2021-07-28;390226;250915;1463;4;307201;1;0;0;0;32587946;24541944;111463;185;27102280;33;0;0;0
FR;1;2021-07-29;406160;227570;1541;2;284266;0;0;0;0;32994106;24769514;113004;187;27386546;33;0;0;0
FR;1;2021-07-30;370761;246487;1639;4;298324;1;0;0;0;33364867;25016001;114643;191;27684870;34;0;0;0
FR;1;2021-07-31;243392;165088;794;1;199411;0;0;0;0;33608259;25181089;115437;192;27884281;34;0;0;0
FR;1;2021-08-01;105606;47205;237;0;61200;0;0;0;0;33713865;25228294;115674;192;27945481;34;0;0;0
FR;1;2021-08-02;297437;212825;1480;2;250610;0;0;0;0;34011302;25441119;117154;194;28196091;34;0;0;0
FR;1;2021-08-03;331353;208676;1557;2;250645;1;0;0;0;34342655;25649795;118711;196;28446736;35;0;0;0
FR;1;2021-08-04;328062;183818;1440;5;223975;3;0;0;0;34670717;25833613;120151;201;28670711;38;0;0;0
FR;1;2021-08-05;301299;193085;1483;0;229380;0;0;0;0;34972016;26026698;121634;201;28900091;38;0;0;0
FR;1;2021-08-06;290999;224079;1560;3;261367;0;0;0;0;35263015;26250777;123194;204;29161458;38;0;0;0
FR;1;2021-08-07;182683;158763;655;5;181673;1;0;0;0;35445698;26409540;123849;209;29343131;39;0;0;0
FR;1;2021-08-08;68896;59101;253;0;67629;0;0;0;0;35514594;26468641;124102;209;29410760;39;0;0;0
FR;1;2021-08-09;222799;235147;1445;4;263856;2;0;0;0;35737393;26703788;125547;213;29674616;41;0;0;0
FR;1;2021-08-10;252763;239826;1492;2;271659;0;0;0;0;35990156;26943614;127039;215;29946275;41;0;0;0
FR;1;2021-08-11;236255;231716;1271;5;261230;0;0;0;0;36226411;27175330;128310;220;30207505;41;0;0;0
FR;1;2021-08-12;220803;239729;1491;3;267820;0;0;0;0;36447214;27415059;129801;223;30475325;41;0;0;0
FR;1;2021-08-13;201731;238488;1360;2;264031;2;0;0;0;36648945;27653547;131161;225;30739356;43;0;0;0
FR;1;2021-08-14;122875;174029;645;0;189535;0;0;0;0;36771820;27827576;131806;225;30928891;43;0;0;0
FR;1;2021-08-15;34710;46113;201;1;50331;0;0;0;0;36806530;27873689;132007;226;30979222;43;0;0;0
FR;1;2021-08-16;156966;289320;1424;0;309889;0;0;0;0;36963496;28163009;133431;226;31289111;43;0;0;0
FR;1;2021-08-17;171626;290948;1422;5;313348;0;0;0;0;37135122;28453957;134853;231;31602459;43;0;0;0
FR;1;2021-08-18;161448;286669;1394;6;307298;3;0;0;0;37296570;28740626;136247;237;31909757;46;0;0;0
FR;1;2021-08-19;148961;277409;1405;1;297253;0;0;0;0;37445531;29018035;137652;238;32207010;46;0;0;0
FR;1;2021-08-20;140531;308915;1534;2;328149;2;0;0;0;37586062;29326950;139186;240;32535159;48;0;0;0
FR;1;2021-08-21;84282;213205;589;0;224525;0;0;0;0;37670344;29540155;139775;240;32759684;48;0;0;0
FR;1;2021-08-22;28584;82693;233;0;86698;0;0;0;0;37698928;29622848;140008;240;32846382;48;0;0;0
FR;1;2021-08-23;118672;320951;1422;2;337688;0;0;0;0;37817600;29943799;141430;242;33184070;48;0;0;0
FR;1;2021-08-24;126686;319605;1604;5;337423;0;0;0;0;37944286;30263404;143034;247;33521493;48;0;0;0
FR;1;2021-08-25;121546;306414;1783;8;323588;2;0;0;0;38065832;30569818;144817;255;33845081;50;0;0;0
FR;1;2021-08-26;106643;286072;2164;10;302372;0;0;0;0;38172475;30855890;146981;265;34147453;50;0;0;0
FR;1;2021-08-27;107659;321594;2303;9;338856;1;0;0;0;38280134;31177484;149284;274;34486309;51;0;0;0
FR;1;2021-08-28;71029;220699;1102;0;231222;0;0;0;0;38351163;31398183;150386;274;34717531;51;0;0;0
FR;1;2021-08-29;24155;78203;469;1;82094;0;0;0;0;38375318;31476386;150855;275;34799625;51;0;0;0
FR;1;2021-08-30;96905;286270;4315;6;299756;4968;0;0;0;38472223;31762656;155170;281;35099381;5019;0;0;0
FR;1;2021-08-31;98131;276227;9295;15;289895;10064;2;0;0;38570354;32038883;164465;296;35389276;15083;2;0;0
FR;1;2021-09-01;112368;245288;21121;8;257675;22156;1;0;0;38682722;32284171;185586;304;35646951;37239;3;0;0
FR;1;2021-09-02;86758;197901;24536;18;208297;25520;0;0;0;38769480;32482072;210122;322;35855248;62759;3;0;0
FR;1;2021-09-03;82430;227482;26958;21;238921;28037;0;0;0;38851910;32709554;237080;343;36094169;90796;3;0;0
FR;1;2021-09-04;71630;189715;11141;11;199300;11712;7;0;0;38923540;32899269;248221;354;36293469;102508;10;0;0
FR;1;2021-09-05;18614;41143;4126;2;43849;4277;0;0;0;38942154;32940412;252347;356;36337318;106785;10;0;0
FR;1;2021-09-06;59825;151361;30182;15;158894;31205;2;0;0;39001979;33091773;282529;371;36496212;137990;12;0;0
FR;1;2021-09-07;57401;139621;30214;30;146739;31254;2;0;0;39059380;33231394;312743;401;36642951;169244;14;0;0
FR;1;2021-09-08;72356;173797;26926;22;182271;27967;4;0;0;39131736;33405191;339669;423;36825222;197211;18;0;0
FR;1;2021-09-09;54505;124425;28637;24;131182;29750;5;0;0;39186241;33529616;368306;447;36956404;226961;23;0;0
FR;1;2021-09-10;66223;152067;30452;24;161153;31694;5;0;0;39252464;33681683;398758;471;37117557;258655;28;0;0
FR;1;2021-09-11;52689;146636;9732;14;154129;10357;0;0;0;39305153;33828319;408490;485;37271686;269012;28;0;0
FR;1;2021-09-12;10799;29270;2490;1;30968;2660;2;0;0;39315952;33857589;410980;486;37302654;271672;30;0;0
FR;1;2021-09-13;51517;104401;38767;31;110934;40098;16;0;0;39367469;33961990;449747;517;37413588;311770;46;0;0
FR;1;2021-09-14;53343;96001;51291;67;102370;53289;41;0;0;39420812;34057991;501038;584;37515958;365059;87;0;0
FR;1;2021-09-15;60587;139224;50498;55;146392;47069;68;0;0;39481399;34197215;551536;639;37662350;412128;155;0;0
FR;1;2021-09-16;46646;81369;53354;70;86264;49611;61;0;0;39528045;34278584;604890;709;37748614;461739;216;0;0
FR;1;2021-09-17;53226;109325;45081;61;115659;42713;62;0;0;39581271;34387909;649971;770;37864273;504452;278;0;0
FR;1;2021-09-18;37887;118496;11796;19;124082;11278;19;0;0;39619158;34506405;661767;789;37988355;515730;297;0;0
FR;1;2021-09-19;6531;21026;2044;1;22130;1984;1;0;0;39625689;34527431;663811;790;38010485;517714;298;0;0
FR;1;2021-09-20;36544;74841;46231;65;78562;44198;30;0;0;39662233;34602272;710042;855;38089047;561912;328;0;0
FR;1;2021-09-21;34207;68099;56270;72;71135;52746;76;0;0;39696440;34670371;766312;927;38160182;614658;404;0;0
FR;1;2021-09-22;38847;118595;49884;76;123015;46936;39;0;0;39735287;34788966;816196;1003;38283197;661594;443;0;0
FR;1;2021-09-23;32039;62887;54515;85;65790;50922;76;0;0;39767326;34851853;870711;1088;38348987;712516;519;0;0
FR;1;2021-09-24;36802;90024;43676;89;94382;41957;57;0;0;39804128;34941877;914387;1177;38443369;754473;576;0;0
FR;1;2021-09-25;27654;96706;12307;27;101063;12186;19;0;0;39831782;35038583;926694;1204;38544432;766659;595;0;0
FR;1;2021-09-26;4390;15201;1777;5;16065;1700;4;0;0;39836172;35053784;928471;1209;38560497;768359;599;0;0
FR;1;2021-09-27;27356;60204;42914;89;63433;41644;79;0;1;39863528;35113988;971385;1298;38623930;810003;678;0;1
FR;1;2021-09-28;26914;49417;47207;76;52036;44494;40;0;0;39890442;35163405;1018592;1374;38675966;854497;718;0;1
FR;1;2021-09-29;35927;80255;47297;87;84642;45623;33;0;0;39926369;35243660;1065889;1461;38760608;900120;751;0;1
FR;1;2021-09-30;26077;46898;47527;80;49257;45476;52;0;0;39952446;35290558;1113416;1541;38809865;945596;803;0;1
FR;1;2021-10-01;47306;66911;44908;83;70794;44633;14;0;0;39999752;35357469;1158324;1624;38880659;990229;817;0;1
FR;1;2021-10-02;32383;62413;16114;32;67222;16325;6;0;0;40032135;35419882;1174438;1656;38947881;1006554;823;0;1
FR;1;2021-10-03;4343;8566;2043;3;9314;2040;4;0;0;40036478;35428448;1176481;1659;38957195;1008594;827;0;1
FR;1;2021-10-04;28980;44421;47114;79;46835;46982;31;0;0;40065458;35472869;1223595;1738;39004030;1055576;858;0;1
FR;1;2021-10-05;24576;41640;49894;116;43137;49351;47;0;0;40090034;35514509;1273489;1854;39047167;1104927;905;0;1
FR;1;2021-10-06;34660;61387;57510;101;64496;57264;25;0;0;40124694;35575896;1330999;1955;39111663;1162191;930;0;1
FR;1;2021-10-07;21082;39912;53052;74;41091;51997;32;0;0;40145776;35615808;1384051;2029;39152754;1214188;962;0;1
FR;1;2021-10-08;35672;59642;60411;83;62870;61169;28;0;0;40181448;35675450;1444462;2112;39215624;1275357;990;0;1
FR;1;2021-10-09;27466;48023;25498;29;52493;26027;10;0;0;40208914;35723473;1469960;2141;39268117;1301384;1000;0;1
FR;1;2021-10-10;3728;5810;2759;7;6289;2865;1;0;0;40212642;35729283;1472719;2148;39274406;1304249;1001;0;1
FR;1;2021-10-11;24857;38208;54589;88;40295;55263;48;0;0;40237499;35767491;1527308;2236;39314701;1359512;1049;0;1
FR;1;2021-10-12;23386;36585;58078;128;37085;59240;18;0;0;40260885;35804076;1585386;2364;39351786;1418752;1067;0;1
FR;1;2021-10-13;32974;47843;64177;125;50647;65704;22;0;1;40293859;35851919;1649563;2489;39402433;1484456;1089;0;2
FR;1;2021-10-14;21715;34764;53776;103;35672;54370;24;0;0;40315574;35886683;1703339;2592;39438105;1538826;1113;0;2
FR;1;2021-10-15;32754;48759;72338;165;50452;75035;22;0;0;40348328;35935442;1775677;2757;39488557;1613861;1135;0;2
FR;1;2021-10-16;26014;35283;34872;45;38300;36428;13;0;0;40374342;35970725;1810549;2802;39526857;1650289;1148;0;2
FR;1;2021-10-17;3161;4053;3418;2;4496;3319;3;0;0;40377503;35974778;1813967;2804;39531353;1653608;1151;0;2
FR;1;2021-10-18;24352;34876;66850;132;34914;69734;27;0;0;40401855;36009654;1880817;2936;39566267;1723342;1178;0;2
FR;1;2021-10-19;20724;35572;75677;135;33224;79609;40;0;0;40422579;36045226;1956494;3071;39599491;1802951;1218;0;2
FR;1;2021-10-20;29917;44199;96190;178;43275;99880;45;0;0;40452496;36089425;2052684;3249;39642766;1902831;1263;0;2
FR;1;2021-10-21;19804;35052;83200;107;31762;87064;29;0;0;40472300;36124477;2135884;3356;39674528;1989895;1292;0;2
FR;1;2021-10-22;29756;47761;103757;196;44554;109725;58;0;0;40502056;36172238;2239641;3552;39719082;2099620;1350;0;2
FR;1;2021-10-23;23057;35139;44875;57;36129;47385;11;0;0;40525113;36207377;2284516;3609;39755211;2147005;1361;0;2
FR;1;2021-10-24;2407;3842;3584;6;4042;3717;1;0;0;40527520;36211219;2288100;3615;39759253;2150722;1362;0;2
FR;1;2021-10-25;22504;30713;82031;143;29597;85838;36;0;0;40550024;36241932;2370131;3758;39788850;2236560;1398;0;2
FR;1;2021-10-26;19368;27643;86123;162;24739;90354;29;0;0;40569392;36269575;2456254;3920;39813589;2326914;1427;0;2
FR;1;2021-10-27;26224;39612;107826;252;37304;112741;45;0;0;40595616;36309187;2564080;4172;39850893;2439655;1472;0;2
FR;1;2021-10-28;18803;27110;86968;150;23485;91736;34;0;0;40614419;36336297;2651048;4322;39874378;2531391;1506;0;2
FR;1;2021-10-29;25936;40254;114844;202;35492;121680;49;0;0;40640355;36376551;2765892;4524;39909870;2653071;1555;0;2
FR;1;2021-10-30;17713;28718;49372;74;28303;51969;18;0;0;40658068;36405269;2815264;4598;39938173;2705040;1573;0;2
FR;1;2021-10-31;2088;3169;3452;2;3215;3686;2;0;0;40660156;36408438;2818716;4600;39941388;2708726;1575;0;2
FR;1;2021-11-01;8025;4273;3036;3;4357;3293;6;0;0;40668181;36412711;2821752;4603;39945745;2712019;1581;0;2
FR;1;2021-11-02;22915;33221;92416;156;29172;97873;39;0;1;40691096;36445932;2914168;4759;39974917;2809892;1620;0;3
FR;1;2021-11-03;26637;41549;117524;219;36999;123909;56;0;0;40717733;36487481;3031692;4978;40011916;2933801;1676;0;3
FR;1;2021-11-04;19629;30288;105825;213;24185;111969;42;0;0;40737362;36517769;3137517;5191;40036101;3045770;1718;0;3
FR;1;2021-11-05;27029;42298;138800;230;34177;147490;47;0;0;40764391;36560067;3276317;5421;40070278;3193260;1765;0;3
FR;1;2021-11-06;18865;29807;63501;123;27607;66521;24;0;0;40783256;36589874;3339818;5544;40097885;3259781;1789;0;3
FR;1;2021-11-07;1834;3267;4985;6;3024;5302;5;0;0;40785090;36593141;3344803;5550;40100909;3265083;1794;0;3
FR;1;2021-11-08;17880;32244;126019;224;25387;132656;47;0;0;40802970;36625385;3470822;5774;40126296;3397739;1841;0;3
FR;1;2021-11-09;19521;37600;159327;334;26128;169148;63;0;0;40822491;36662985;3630149;6108;40152424;3566887;1904;0;3
FR;1;2021-11-10;28894;49051;181928;441;39012;192548;82;0;0;40851385;36712036;3812077;6549;40191436;3759435;1986;0;3
FR;1;2021-11-11;4192;5930;12239;26;5106;13029;14;0;0;40855577;36717966;3824316;6575;40196542;3772464;2000;0;3
FR;1;2021-11-12;26025;46824;174848;244;35291;186549;76;0;0;40881602;36764790;3999164;6819;40231833;3959013;2076;0;3
FR;1;2021-11-13;18736;29143;76847;111;25370;81792;40;0;0;40900338;36793933;4076011;6930;40257203;4040805;2116;0;3
FR;1;2021-11-14;2051;3241;6827;5;2796;7358;6;0;0;40902389;36797174;4082838;6935;40259999;4048163;2122;0;3
FR;1;2021-11-15;18796;34710;156448;306;24617;166286;59;0;0;40921185;36831884;4239286;7241;40284616;4214449;2181;0;3
FR;1;2021-11-16;21369;37815;192162;380;23320;205079;99;0;1;40942554;36869699;4431448;7621;40307936;4419528;2280;0;4
FR;1;2021-11-17;28674;45550;193256;398;33024;205080;92;0;0;40971228;36915249;4624704;8019;40340960;4624608;2372;0;4
FR;1;2021-11-18;21147;39598;182541;459;25136;194669;85;0;0;40992375;36954847;4807245;8478;40366096;4819277;2457;0;4
FR;1;2021-11-19;30894;53321;230286;532;34817;246782;135;0;0;41023269;37008168;5037531;9010;40400913;5066059;2592;0;4
FR;1;2021-11-20;23775;33215;97001;202;26733;103656;40;0;0;41047044;37041383;5134532;9212;40427646;5169715;2632;0;4
FR;1;2021-11-21;2342;3907;9133;19;2956;9939;16;0;0;41049386;37045290;5143665;9231;40430602;5179654;2648;0;4
FR;1;2021-11-22;21426;30326;175933;467;16942;189482;79;0;0;41070812;37075616;5319598;9698;40447544;5369136;2727;0;4
FR;1;2021-11-23;24030;40974;221264;540;21321;238019;77;0;0;41094842;37116590;5540862;10238;40468865;5607155;2804;0;4
FR;1;2021-11-24;30298;49644;217401;701;31965;234584;67;0;0;41125140;37166234;5758263;10939;40500830;5841739;2871;0;4
FR;1;2021-11-25;23733;44046;244524;718;22075;264224;101;0;0;41148873;37210280;6002787;11657;40522905;6105963;2972;0;4
FR;1;2021-11-26;30618;66635;356842;836;33240;388626;154;0;0;41179491;37276915;6359629;12493;40556145;6494589;3126;0;4
FR;1;2021-11-27;21960;45263;202665;372;26151;222697;112;0;0;41201451;37322178;6562294;12865;40582296;6717286;3238;0;4
FR;1;2021-11-28;3180;9545;54803;63;3468;61016;37;0;0;41204631;37331723;6617097;12928;40585764;6778302;3275;0;4
FR;1;2021-11-29;17903;49466;326433;841;20773;354580;150;0;0;41222534;37381189;6943530;13769;40606537;7132882;3425;0;4
FR;1;2021-11-30;22790;64815;431194;952;23800;470838;266;0;0;41245324;37446004;7374724;14721;40630337;7603720;3691;0;4
FR;1;2021-12-01;25363;69035;442953;1131;28428;481817;271;0;0;41270687;37515039;7817677;15852;40658765;8085537;3962;0;4
FR;1;2021-12-02;20091;64304;489463;1230;18437;532970;274;0;0;41290778;37579343;8307140;17082;40677202;8618507;4236;0;4
FR;1;2021-12-03;22913;82304;542840;1310;30278;591853;308;0;0;41313691;37661647;8849980;18392;40707480;9210360;4544;0;4
FR;1;2021-12-04;16417;53785;299137;654;23209;328999;180;0;0;41330108;37715432;9149117;19046;40730689;9539359;4724;0;4
FR;1;2021-12-05;3635;13775;81548;143;4196;91046;85;0;0;41333743;37729207;9230665;19189;40734885;9630405;4809;0;4
FR;1;2021-12-06;25848;62424;415524;1066;22063;455256;356;0;0;41359591;37791631;9646189;20255;40756948;10085661;5165;0;4
FR;1;2021-12-07;20019;75458;523075;1536;24276;572736;372;0;0;41379610;37867089;10169264;21791;40781224;10658397;5537;0;4
FR;1;2021-12-08;21717;75486;458550;1545;30643;502208;378;0;0;41401327;37942575;10627814;23336;40811867;11160605;5915;0;4
FR;1;2021-12-09;19473;73945;493086;1624;24330;541101;398;0;0;41420800;38016520;11120900;24960;40836197;11701706;6313;0;4
FR;1;2021-12-10;23330;87514;547466;1585;32419;600102;392;0;1;41444130;38104034;11668366;26545;40868616;12301808;6705;0;5
FR;1;2021-12-11;16532;59086;302767;751;25946;335501;278;0;0;41460662;38163120;11971133;27296;40894562;12637309;6983;0;5
FR;1;2021-12-12;4397;15877;83239;179;5244;94044;96;0;0;41465059;38178997;12054372;27475;40899806;12731353;7079;0;5
FR;1;2021-12-13;15761;63399;367082;1094;23905;406368;236;0;0;41480820;38242396;12421454;28569;40923711;13137721;7315;0;5
FR;1;2021-12-14;20870;80115;464893;1748;28645;515350;506;0;1;41501690;38322511;12886347;30317;40952356;13653071;7821;0;6
FR;1;2021-12-15;21631;77297;409185;1309;33010;453261;311;0;1;41523321;38399808;13295532;31626;40985366;14106332;8132;0;7
FR;1;2021-12-16;20070;77055;451998;1577;27922;500738;324;0;0;41543391;38476863;13747530;33203;41013288;14607070;8456;0;7
FR;1;2021-12-17;22628;86372;480024;1737;34643;531047;372;0;0;41566019;38563235;14227554;34940;41047931;15138117;8828;0;7
FR;1;2021-12-18;17610;54552;257660;731;24686;288530;232;0;0;41583629;38617787;14485214;35671;41072617;15426647;9060;0;7
FR;1;2021-12-19;5563;16913;79205;194;5920;90682;117;0;0;41589192;38634700;14564419;35865;41078537;15517329;9177;0;7
FR;1;2021-12-20;20953;62874;316301;1082;26495;355332;284;0;0;41610145;38697574;14880720;36947;41105032;15872661;9461;0;7
FR;1;2021-12-21;26342;72857;372820;1422;30552;418145;338;0;0;41636487;38770431;15253540;38369;41135584;16290806;9799;0;7
FR;1;2021-12-22;24989;65651;310702;1217;29579;349627;361;0;1;41661476;38836082;15564242;39586;41165163;16640433;10160;0;8
FR;1;2021-12-23;21274;52112;241534;958;23345;273070;362;0;0;41682750;38888194;15805776;40544;41188508;16913503;10522;0;8
FR;1;2021-12-24;7130;18264;67172;258;9243;77062;154;0;1;41689880;38906458;15872948;40802;41197751;16990565;10676;0;9
FR;1;2021-12-25;509;2865;5593;15;1796;6538;55;0;0;41690389;38909323;15878541;40817;41199547;16997103;10731;0;9
FR;1;2021-12-26;2751;7568;26957;71;3492;31467;100;0;0;41693140;38916891;15905498;40888;41203039;17028570;10831;0;9
FR;1;2021-12-27;18312;53465;235145;705;25460;265800;365;0;0;41711452;38970356;16140643;41593;41228499;17294370;11196;0;9
FR;1;2021-12-28;23303;61878;292069;1026;26988;330240;595;0;1;41734755;39032234;16432712;42619;41255487;17624610;11791;0;10
FR;1;2021-12-29;22218;55376;255046;921;25259;288243;645;0;1;41756973;39087610;16687758;43540;41280746;17912853;12436;0;11
FR;1;2021-12-30;21240;46405;212184;857;22440;239633;718;0;0;41778213;39134015;16899942;44397;41303186;18152486;13154;0;11
FR;1;2021-12-31;7468;16535;61881;229;8715;70415;346;0;0;41785681;39150550;16961823;44626;41311901;18222901;13500;0;11
FR;1;2022-01-01;1166;2489;5667;30;1543;6576;73;0;0;41786847;39153039;16967490;44656;41313444;18229477;13573;0;11
FR;1;2022-01-02;3088;8075;28897;50;3671;33540;190;0;0;41789935;39161114;16996387;44706;41317115;18263017;13763;0;11
FR;1;2022-01-03;26777;54163;228287;790;27531;257747;964;0;1;41816712;39215277;17224674;45496;41344646;18520764;14727;0;12
FR;1;2022-01-04;26293;64976;299318;1241;29773;337364;1367;0;2;41843005;39280253;17523992;46737;41374419;18858128;16094;0;14
FR;1;2022-01-05;30563;64243;274926;1099;32511;310305;1264;0;0;41873568;39344496;17798918;47836;41406930;19168433;17358;0;14
FR;1;2022-01-06;26858;66192;306950;1404;29267;346622;1569;0;1;41900426;39410688;18105868;49240;41436197;19515055;18927;0;15
FR;1;2022-01-07;31580;74967;349878;1538;34393;394007;1822;0;1;41932006;39485655;18455746;50778;41470590;19909062;20749;0;16
FR;1;2022-01-08;23391;51356;222510;698;25572;251138;913;0;1;41955397;39537011;18678256;51476;41496162;20160200;21662;0;17
FR;1;2022-01-09;7092;17136;66035;163;8170;76142;336;0;0;41962489;39554147;18744291;51639;41504332;20236342;21998;0;17
FR;1;2022-01-10;21811;60581;236835;957;32917;267628;1258;0;1;41984300;39614728;18981126;52596;41537249;20503970;23256;0;18
FR;1;2022-01-11;26778;63433;282341;1280;31193;317859;1837;0;1;42011078;39678161;19263467;53876;41568442;20821829;25093;0;19
FR;1;2022-01-12;28966;62481;246302;1106;35042;278093;1686;0;3;42040044;39740642;19509769;54982;41603484;21099922;26779;0;22
FR;1;2022-01-13;24789;60149;262840;1253;30023;296158;1993;0;4;42064833;39800791;19772609;56235;41633507;21396080;28772;0;26
FR;1;2022-01-14;27971;66690;314050;1366;32110;351304;2475;0;1;42092804;39867481;20086659;57601;41665617;21747384;31247;0;27
FR;1;2022-01-15;19372;44407;199332;619;22464;223867;1363;0;1;42112176;39911888;20285991;58220;41688081;21971251;32610;0;28
FR;1;2022-01-16;5161;12958;51536;135;6021;59558;338;0;0;42117337;39924846;20337527;58355;41694102;22030809;32948;0;28
FR;1;2022-01-17;16885;39670;184858;783;20118;206838;1690;0;2;42134222;39964516;20522385;59138;41714220;22237647;34638;0;30
FR;1;2022-01-18;19461;45961;212456;1154;22986;237056;2458;0;1;42153683;40010477;20734841;60292;41737206;22474703;37096;0;31
FR;1;2022-01-19;20313;43947;176138;898;25467;197199;1977;0;4;42173996;40054424;20910979;61190;41762673;22671902;39073;0;35
FR;1;2022-01-20;16851;40561;183720;1147;20806;204765;2516;0;2;42190847;40094985;21094699;62337;41783479;22876667;41589;0;37
FR;1;2022-01-21;19920;47007;228982;1405;23886;253359;3106;0;1;42210767;40141992;21323681;63742;41807365;23130026;44695;0;38
FR;1;2022-01-22;13844;33333;144508;579;18434;161396;1404;0;2;42224611;40175325;21468189;64321;41825799;23291422;46099;0;40
FR;1;2022-01-23;3380;8764;33438;132;4576;38325;352;0;1;42227991;40184089;21501627;64453;41830375;23329747;46451;0;41
FR;1;2022-01-24;11817;32966;142241;718;17788;158277;2104;0;1;42239808;40217055;21643868;65171;41848163;23488024;48555;0;42
FR;1;2022-01-25;14214;38157;163431;1049;20282;181563;3182;0;1;42254022;40255212;21807299;66220;41868445;23669587;51737;0;43
FR;1;2022-01-26;14866;37722;150266;933;22636;166394;2515;0;1;42268888;40292934;21957565;67153;41891081;23835981;54252;0;44
FR;1;2022-01-27;12340;33331;143470;896;18500;158042;3230;0;3;42281228;40326265;22101035;68049;41909581;23994023;57482;0;47
FR;1;2022-01-28;16329;56906;198331;1144;32663;222391;4007;0;3;42297557;40383171;22299366;69193;41942244;24216414;61489;0;50
FR;1;2022-01-29;10270;35471;135213;525;19612;151540;1879;0;1;42307827;40418642;22434579;69718;41961856;24367954;63368;0;51
FR;1;2022-01-30;2484;9256;29687;86;4827;34450;434;0;1;42310311;40427898;22464266;69804;41966683;24402404;63802;0;52
FR;1;2022-01-31;8759;32462;104353;533;19469;117346;2340;0;3;42319070;40460360;22568619;70337;41986152;24519750;66142;0;55
FR;1;2022-02-01;11006;36446;127087;865;20631;141210;4321;0;1;42330076;40496806;22695706;71202;42006783;24660960;70463;0;56
FR;1;2022-02-02;12072;41572;130369;782;25262;145820;3774;0;9;42342148;40538378;22826075;71984;42032045;24806780;74237;0;65
FR;1;2022-02-03;9510;34050;117033;785;19116;130335;4284;0;4;42351658;40572428;22943108;72769;42051161;24937115;78521;0;69
FR;1;2022-02-04;11541;49619;172589;968;26910;192726;5480;0;5;42363199;40622047;23115697;73737;42078071;25129841;84001;0;74
FR;1;2022-02-05;8000;33922;117593;391;18171;133026;2414;0;3;42371199;40655969;23233290;74128;42096242;25262867;86415;0;77
FR;1;2022-02-06;1706;7993;22754;86;3871;26905;444;0;0;42372905;40663962;23256044;74214;42100113;25289772;86859;0;77
FR;1;2022-02-07;7363;35388;119113;460;18172;134972;3398;0;4;42380268;40699350;23375157;74674;42118285;25424744;90257;0;81
FR;1;2022-02-08;7770;31959;125671;696;14892;140661;4301;0;5;42388038;40731309;23500828;75370;42133177;25565405;94558;0;86
FR;1;2022-02-09;8675;36527;135266;702;17927;152510;3884;0;7;42396713;40767836;23636094;76072;42151104;25717915;98442;0;93
FR;1;2022-02-10;7027;30138;116382;677;13901;130170;4445;0;1;42403740;40797974;23752476;76749;42165005;25848085;102887;0;94
FR;1;2022-02-11;8662;41560;165150;878;18373;185374;5430;0;3;42412402;40839534;23917626;77627;42183378;26033459;108317;0;97
FR;1;2022-02-12;5346;27617;106714;379;12540;120899;2396;0;2;42417748;40867151;24024340;78006;42195918;26154358;110713;0;99
FR;1;2022-02-13;1269;5721;21721;66;2188;25339;402;0;3;42419017;40872872;24046061;78072;42198106;26179697;111115;0;102
FR;1;2022-02-14;5460;27229;118095;395;10645;133123;3385;0;4;42424477;40900101;24164156;78467;42208751;26312820;114500;0;106
FR;1;2022-02-15;5795;28869;118940;611;12218;132572;4882;0;1;42430272;40928970;24283096;79078;42220969;26445392;119382;0;107
FR;1;2022-02-16;5762;28494;110426;597;13761;123056;4153;0;3;42436034;40957464;24393522;79675;42234730;26568448;123535;0;110
FR;1;2022-02-17;4616;19746;73153;489;10127;80260;3998;0;3;42440650;40977210;24466675;80164;42244857;26648708;127533;0;113
FR;1;2022-02-18;5613;26800;99208;673;14171;108169;5519;0;2;42446263;41004010;24565883;80837;42259028;26756877;133052;0;115
FR;1;2022-02-19;3551;17178;59478;304;9571;66059;2266;0;0;42449814;41021188;24625361;81141;42268599;26822936;135318;0;115
FR;1;2022-02-20;793;3258;10706;36;1651;12333;360;0;1;42450607;41024446;24636067;81177;42270250;26835269;135678;0;116
FR;1;2022-02-21;3430;14599;52830;286;7919;57678;3126;0;2;42454037;41039045;24688897;81463;42278169;26892947;138804;0;118
FR;1;2022-02-22;3803;15549;51919;500;9046;55657;4070;0;1;42457840;41054594;24740816;81963;42287215;26948604;142874;0;119
FR;1;2022-02-23;4235;17827;57484;510;10747;62585;3569;0;3;42462075;41072421;24798300;82473;42297962;27011189;146443;0;122
FR;1;2022-02-24;3344;13144;43620;436;7838;46410;3658;0;2;42465419;41085565;24841920;82909;42305800;27057599;150101;0;124
FR;1;2022-02-25;4478;20132;64927;697;12250;68798;5768;0;4;42469897;41105697;24906847;83606;42318050;27126397;155869;0;128
FR;1;2022-02-26;2698;12805;41371;310;7652;45124;2494;0;2;42472595;41118502;24948218;83916;42325702;27171521;158363;0;130
FR;1;2022-02-27;644;2192;7131;42;1207;7994;433;0;0;42473239;41120694;24955349;83958;42326909;27179515;158796;0;130
FR;1;2022-02-28;2612;10499;34967;306;6079;37393;3124;0;0;42475851;41131193;24990316;84264;42332988;27216908;161920;0;130
FR;1;2022-03-01;3591;10762;38708;391;6366;39662;4550;0;4;42479442;41141955;25029024;84655;42339354;27256570;166470;0;134
FR;1;2022-03-02;3683;12199;41870;398;7465;43940;4110;0;1;42483125;41154154;25070894;85053;42346819;27300510;170580;0;135
FR;1;2022-03-03;2462;7990;26186;329;5245;26524;3380;0;1;42485587;41162144;25097080;85382;42352064;27327034;173960;0;136
FR;1;2022-03-04;2690;10545;35467;594;6976;34961;5280;0;3;42488277;41172689;25132547;85976;42359040;27361995;179240;0;139
FR;1;2022-03-05;1823;6369;21971;280;4207;22370;2571;0;1;42490100;41179058;25154518;86256;42363247;27384365;181811;0;140
FR;1;2022-03-06;359;958;2917;38;604;3120;327;0;0;42490459;41180016;25157435;86294;42363851;27387485;182138;0;140
FR;1;2022-03-07;1847;4724;16440;245;3046;15908;2831;0;4;42492306;41184740;25173875;86539;42366897;27403393;184969;0;144
FR;1;2022-03-08;1717;5259;17172;309;3670;16000;3472;0;3;42494023;41189999;25191047;86848;42370567;27419393;188441;0;147
FR;1;2022-03-09;1988;6689;19820;371;4764;19179;3423;0;4;42496011;41196688;25210867;87219;42375331;27438572;191864;0;151
FR;1;2022-03-10;1415;5017;15297;309;3668;14335;2944;0;2;42497426;41201705;25226164;87528;42378999;27452907;194808;0;153
FR;1;2022-03-11;1761;6410;21717;487;4445;19870;4739;0;1;42499187;41208115;25247881;88015;42383444;27472777;199547;0;154
FR;1;2022-03-12;1263;4653;15367;281;3095;14915;2687;0;2;42500450;41212768;25263248;88296;42386539;27487692;202234;0;156
FR;1;2022-03-13;257;613;2119;119;414;2065;468;0;0;42500707;41213381;25265367;88415;42386953;27489757;202702;0;156
FR;1;2022-03-14;1157;3679;13407;3882;2294;12528;6342;0;8;42501864;41217060;25278774;92297;42389247;27502285;209044;0;164
FR;1;2022-03-15;1409;5735;14665;6865;4319;13262;9847;0;8;42503273;41222795;25293439;99162;42393566;27515547;218891;0;172
FR;1;2022-03-16;1695;5090;17399;11521;3600;16463;14126;0;6;42504968;41227885;25310838;110683;42397166;27532010;233017;0;178
FR;1;2022-03-17;1178;3441;11733;9648;2366;10828;11732;0;8;42506146;41231326;25322571;120331;42399532;27542838;244749;0;186
FR;1;2022-03-18;1725;4930;17980;16508;3324;16419;19722;0;14;42507871;41236256;25340551;136839;42402856;27559257;264471;0;200
FR;1;2022-03-19;1126;3301;11891;8460;2277;11361;10142;0;6;42508997;41239557;25352442;145299;42405133;27570618;274613;0;206
FR;1;2022-03-20;224;560;1726;1015;362;1761;1224;0;2;42509221;41240117;25354168;146314;42405495;27572379;275837;0;208
FR;1;2022-03-21;1087;2768;11503;13462;1787;10854;15142;0;10;42510308;41242885;25365671;159776;42407282;27583233;290979;0;218
FR;1;2022-03-22;1282;3214;12263;18716;2155;11251;20619;0;5;42511590;41246099;25377934;178492;42409437;27594484;311598;0;223
FR;1;2022-03-23;1514;4360;16033;20111;2956;15714;21882;0;34;42513104;41250459;25393967;198603;42412393;27610198;333480;0;257
FR;1;2022-03-24;1120;2752;10405;16060;1908;9666;17565;0;15;42514224;41253211;25404372;214663;42414301;27619864;351045;0;272
FR;1;2022-03-25;1540;4363;16754;25315;2881;15406;27959;0;23;42515764;41257574;25421126;239978;42417182;27635270;379004;0;295
FR;1;2022-03-26;1110;3017;10856;11450;2065;10517;12862;0;20;42516874;41260591;25431982;251428;42419247;27645787;391866;0;315
FR;1;2022-03-27;236;546;1751;1383;334;1804;1594;0;1;42517110;41261137;25433733;252811;42419581;27647591;393460;0;316
FR;1;2022-03-28;1086;2490;9980;15885;1558;9602;17229;0;10;42518196;41263627;25443713;268696;42421139;27657193;410689;0;326
FR;1;2022-03-29;1142;2750;11561;25111;1599;10925;26508;0;30;42519338;41266377;25455274;293807;42422738;27668118;437197;0;356
FR;1;2022-03-30;1632;3625;14173;24233;2399;13713;25897;0;19;42520970;41270002;25469447;318040;42425137;27681831;463094;0;375
FR;1;2022-03-31;1281;3017;11701;22699;2044;11214;24020;0;40;42522251;41273019;25481148;340739;42427181;27693045;487114;0;415
FR;1;2022-04-01;2239;4025;18491;28534;2481;17361;30806;0;53;42524490;41277044;25499639;369273;42429662;27710406;517920;0;468
FR;1;2022-04-02;911;1894;8196;9240;1107;7959;10233;0;28;42525401;41278938;25507835;378513;42430769;27718365;528153;0;496
FR;1;2022-04-03;206;382;1433;1058;219;1435;1249;0;1;42525607;41279320;25509268;379571;42430988;27719800;529402;0;497
FR;1;2022-04-04;4170;2595;11380;17680;1683;10772;18899;0;30;42529777;41281915;25520648;397251;42432671;27730572;548301;0;527
FR;1;2022-04-05;2259;2720;13007;31222;1703;12033;32603;0;68;42532036;41284635;25533655;428473;42434374;27742605;580904;0;595
FR;1;2022-04-06;1891;3018;12205;23952;1926;11641;25250;0;62;42533927;41287653;25545860;452425;42436300;27754246;606154;0;657
FR;1;2022-04-07;1694;2752;12356;31105;1652;11822;32180;0;68;42535621;41290405;25558216;483530;42437952;27766068;638334;0;725
FR;1;2022-04-08;1847;3709;17570;40646;2098;16497;42699;0;76;42537468;41294114;25575786;524176;42440050;27782565;681033;0;801
FR;1;2022-04-09;827;1999;8405;12504;1077;8105;13502;0;26;42538295;41296113;25584191;536680;42441127;27790670;694535;0;827
FR;1;2022-04-10;201;654;1836;1855;419;1882;2075;0;6;42538496;41296767;25586027;538535;42441546;27792552;696610;0;833
FR;1;2022-04-11;1107;2257;10973;22371;1309;10688;23479;0;68;42539603;41299024;25597000;560906;42442855;27803240;720089;0;901
FR;1;2022-04-12;1352;2676;12827;38146;1590;12316;38897;0;119;42540955;41301700;25609827;599052;42444445;27815556;758986;0;1020
FR;1;2022-04-13;1282;2894;12278;30627;1790;12008;31399;0;85;42542237;41304594;25622105;629679;42446235;27827564;790385;0;1105
FR;1;2022-04-14;1232;2596;12118;33656;1599;12132;34093;0;87;42543469;41307190;25634223;663335;42447834;27839696;824478;0;1192
FR;1;2022-04-15;1503;3305;14408;33269;2122;13812;34672;0;107;42544972;41310495;25648631;696604;42449956;27853508;859150;0;1299
FR;1;2022-04-16;662;1410;5845;8003;767;5777;8757;0;31;42545634;41311905;25654476;704607;42450723;27859285;867907;0;1330
FR;1;2022-04-17;157;290;930;1121;177;975;1171;0;7;42545791;41312195;25655406;705728;42450900;27860260;869078;0;1337
FR;1;2022-04-18;168;482;2636;1002;298;2660;1187;0;5;42545959;41312677;25658042;706730;42451198;27862920;870265;0;1342
FR;1;2022-04-19;1259;2611;11787;27936;1502;11518;28791;0;69;42547218;41315288;25669829;734666;42452700;27874438;899056;0;1411
FR;1;2022-04-20;1358;2674;12180;26885;1678;12032;27710;0;82;42548576;41317962;25682009;761551;42454378;27886470;926766;0;1493
FR;1;2022-04-21;1244;2463;11553;33284;1511;11785;33621;0;107;42549820;41320425;25693562;794835;42455889;27898255;960387;0;1600
FR;1;2022-04-22;1527;3093;15217;35505;1927;14795;36703;0;120;42551347;41323518;25708779;830340;42457816;27913050;997090;0;1720
FR;1;2022-04-23;767;1588;6738;9894;925;6644;10578;0;30;42552114;41325106;25715517;840234;42458741;27919694;1007668;0;1750
FR;1;2022-04-24;196;378;1376;1523;242;1329;1748;0;7;42552310;41325484;25716893;841757;42458983;27921023;1009416;0;1757
FR;1;2022-04-25;1042;2132;9857;19735;1255;9757;20557;0;64;42553352;41327616;25726750;861492;42460238;27930780;1029973;0;1821
FR;1;2022-04-26;1351;2627;12608;36639;1609;12207;37227;0;163;42554703;41330243;25739358;898131;42461847;27942987;1067200;0;1984
FR;1;2022-04-27;1330;2408;10654;29289;1468;10790;29674;0;123;42556033;41332651;25750012;927420;42463315;27953777;1096874;0;2107
FR;1;2022-04-28;1284;2415;11565;34323;1521;11406;34473;0;127;42557317;41335066;25761577;961743;42464836;27965183;1131347;0;2234
FR;1;2022-04-29;1615;4296;14407;35563;3168;13859;36853;0;153;42558932;41339362;25775984;997306;42468004;27979042;1168200;0;2387
FR;1;2022-04-30;840;4250;6448;9173;3678;6292;9974;0;35;42559772;41343612;25782432;1006479;42471682;27985334;1178174;0;2422
FR;1;2022-05-01;178;288;832;951;190;826;1080;0;5;42559950;41343900;25783264;1007430;42471872;27986160;1179254;0;2427
FR;1;2022-05-02;2076;2617;10379;16953;1772;10304;17634;0;64;42562026;41346517;25793643;1024383;42473644;27996464;1196888;0;2491
FR;1;2022-05-03;1685;2879;12711;32915;1762;12603;33714;0;149;42563711;41349396;25806354;1057298;42475406;28009067;1230602;0;2640
FR;1;2022-05-04;1381;2746;11234;23826;1691;11394;24365;0;96;42565092;41352142;25817588;1081124;42477097;28020461;1254967;0;2736
FR;1;2022-05-05;1497;2733;12200;31862;1717;12123;32410;0;170;42566589;41354875;25829788;1112986;42478814;28032584;1287377;0;2906
FR;1;2022-05-06;1822;3238;14241;34940;1915;13825;36202;0;166;42568411;41358113;25844029;1147926;42480729;28046409;1323579;0;3072
FR;1;2022-05-07;860;1473;5979;9097;878;6013;9731;0;44;42569271;41359586;25850008;1157023;42481607;28052422;1333310;0;3116
FR;1;2022-05-08;190;329;1062;1472;221;1124;1548;0;8;42569461;41359915;25851070;1158495;42481828;28053546;1334858;0;3124
FR;1;2022-05-09;1167;2019;9250;19262;1159;9164;20035;0;93;42570628;41361934;25860320;1177757;42482987;28062710;1354893;0;3217
FR;1;2022-05-10;1509;3047;12616;37145;1957;12215;38043;0;177;42572137;41364981;25872936;1214902;42484944;28074925;1392936;0;3394
FR;1;2022-05-11;1440;2477;9911;26042;1695;9859;26559;0;138;42573577;41367458;25882847;1240944;42486639;28084784;1419495;0;3532
FR;1;2022-05-12;1325;2454;10526;33632;1546;10229;34275;0;188;42574902;41369912;25893373;1274576;42488185;28095013;1453770;0;3720
FR;1;2022-05-13;1618;2806;12770;35855;1684;12418;36950;0;149;42576520;41372718;25906143;1310431;42489869;28107431;1490720;0;3869
FR;1;2022-05-14;782;1324;5481;10217;809;5365;10732;0;51;42577302;41374042;25911624;1320648;42490678;28112796;1501452;0;3920
FR;1;2022-05-15;223;422;1182;1352;246;1252;1497;0;5;42577525;41374464;25912806;1322000;42490924;28114048;1502949;0;3925
FR;1;2022-05-16;971;1787;8079;20137;1005;8143;20550;0;117;42578496;41376251;25920885;1342137;42491929;28122191;1523499;0;4042
FR;1;2022-05-17;1296;2302;11125;36187;1385;10729;36973;0;172;42579792;41378553;25932010;1378324;42493314;28132920;1560472;0;4214
FR;1;2022-05-18;1312;2135;9041;25730;1367;8991;26289;0;99;42581104;41380688;25941051;1404054;42494681;28141911;1586761;0;4313
FR;1;2022-05-19;1204;2404;9855;33999;1412;9950;34202;0;150;42582308;41383092;25950906;1438053;42496093;28151861;1620963;0;4463
FR;1;2022-05-20;1563;2757;12532;37655;1720;12113;38515;0;151;42583871;41385849;25963438;1475708;42497813;28163974;1659478;0;4614
FR;1;2022-05-21;775;1387;5247;9374;879;5164;9944;0;37;42584646;41387236;25968685;1485082;42498692;28169138;1669422;0;4651
FR;1;2022-05-22;194;292;953;1397;204;952;1520;0;10;42584840;41387528;25969638;1486479;42498896;28170090;1670942;0;4661
FR;1;2022-05-23;972;1890;8372;19437;1177;8349;20054;0;79;42585812;41389418;25978010;1505916;42500073;28178439;1690996;0;4740
FR;1;2022-05-24;1288;2449;10727;37251;1441;10597;37824;0;173;42587100;41391867;25988737;1543167;42501514;28189036;1728820;0;4913
FR;1;2022-05-25;1272;2300;8792;23693;1425;8956;24055;0;111;42588372;41394167;25997529;1566860;42502939;28197992;1752875;0;5024
FR;1;2022-05-26;175;385;1584;1155;261;1579;1288;0;24;42588547;41394552;25999113;1568015;42503200;28199571;1754163;0;5048
FR;1;2022-05-27;1119;2192;8789;20457;1377;8537;21410;0;84;42589666;41396744;26007902;1588472;42504577;28208108;1775573;0;5132
FR;1;2022-05-28;486;1058;3692;6543;626;3729;6930;0;37;42590152;41397802;26011594;1595015;42505203;28211837;1782503;0;5169
FR;1;2022-05-29;121;257;707;896;149;718;1005;0;4;42590273;41398059;26012301;1595911;42505352;28212555;1783508;0;5173
FR;1;2022-05-30;831;1743;6559;18536;1044;6592;18990;0;85;42591104;41399802;26018860;1614447;42506396;28219147;1802498;0;5258
FR;1;2022-05-31;1266;2239;9248;34376;1370;9118;34976;0;159;42592370;41402041;26028108;1648823;42507766;28228265;1837474;0;5417
FR;1;2022-06-01;1332;2603;10439;23460;1750;10302;24307;0;116;42593702;41404644;26038547;1672283;42509516;28238567;1861781;0;5533
FR;1;2022-06-02;1227;2309;10663;34153;1447;10241;34986;0;162;42594929;41406953;26049210;1706436;42510963;28248808;1896767;0;5695
FR;1;2022-06-03;1446;2746;12737;37111;1737;12158;38287;0;157;42596375;41409699;26061947;1743547;42512700;28260966;1935054;0;5852
FR;1;2022-06-04;686;1262;4750;8677;759;4826;9167;0;62;42597061;41410961;26066697;1752224;42513459;28265792;1944221;0;5914
FR;1;2022-06-05;134;292;810;1049;150;834;1154;0;3;42597195;41411253;26067507;1753273;42513609;28266626;1945375;0;5917
FR;1;2022-06-06;810;1196;2028;1252;1018;2047;1427;0;9;42598005;41412449;26069535;1754525;42514627;28268673;1946802;0;5926
FR;1;2022-06-07;1260;2343;9184;34055;1438;8844;35154;0;143;42599265;41414792;26078719;1788580;42516065;28277517;1981956;0;6069
FR;1;2022-06-08;1137;2237;8678;27613;1401;8562;28483;0;107;42600402;41417029;26087397;1816193;42517466;28286079;2010439;0;6176
FR;1;2022-06-09;1075;2151;9985;37570;1282;9670;38337;0;148;42601477;41419180;26097382;1853763;42518748;28295749;2048776;0;6324
FR;1;2022-06-10;1336;2857;12423;43134;1822;12014;44363;0;200;42602813;41422037;26109805;1896897;42520570;28307763;2093139;0;6524
FR;1;2022-06-11;661;1450;5136;11085;797;5185;11614;0;50;42603474;41423487;26114941;1907982;42521367;28312948;2104753;0;6574
FR;1;2022-06-12;156;377;1019;1687;189;1076;1789;0;11;42603630;41423864;26115960;1909669;42521556;28314024;2106542;0;6585
FR;1;2022-06-13;944;1839;7014;22226;1134;6871;23067;0;84;42604574;41425703;26122974;1931895;42522690;28320895;2129609;0;6669
FR;1;2022-06-14;1117;2232;9840;42851;1311;9243;43943;0;186;42605691;41427935;26132814;1974746;42524001;28330138;2173552;0;6855
FR;1;2022-06-15;1092;2010;8786;29393;1361;8474;29941;0;169;42606783;41429945;26141600;2004139;42525362;28338612;2203493;0;7024
FR;1;2022-06-16;959;1840;9403;38509;1061;8882;39416;0;188;42607742;41431785;26151003;2042648;42526423;28347494;2242909;0;7212
FR;1;2022-06-17;1227;2568;11915;44864;1483;11381;46004;0;224;42608969;41434353;26162918;2087512;42527906;28358875;2288913;0;7436
FR;1;2022-06-18;563;1277;4319;10544;717;4258;11086;0;62;42609532;41435630;26167237;2098056;42528623;28363133;2299999;0;7498
FR;1;2022-06-19;137;325;1003;1543;173;1082;1609;0;12;42609669;41435955;26168240;2099599;42528796;28364215;2301608;0;7510
FR;1;2022-06-20;861;1706;8493;25049;1005;8157;25910;0;146;42610530;41437661;26176733;2124648;42529801;28372372;2327518;0;7656
FR;1;2022-06-21;1102;2138;9765;47758;1255;8855;49103;0;241;42611632;41439799;26186498;2172406;42531056;28381227;2376621;0;7897
FR;1;2022-06-22;1045;2069;8442;37160;1296;7962;38021;0;231;42612677;41441868;26194940;2209566;42532352;28389189;2414642;0;8128
FR;1;2022-06-23;1054;2180;10125;52815;1209;9409;53824;0;290;42613731;41444048;26205065;2262381;42533561;28398598;2468466;0;8418
FR;1;2022-06-24;1256;2719;12915;65969;1487;11700;67640;0;367;42614987;41446767;26217980;2328350;42535048;28410298;2536106;0;8785
FR;1;2022-06-25;685;1506;5931;18922;792;5713;19721;0;163;42615672;41448273;26223911;2347272;42535840;28416011;2555827;0;8948
FR;1;2022-06-26;167;406;1817;3494;191;1713;3730;0;34;42615839;41448679;26225728;2350766;42536031;28417724;2559557;0;8982
FR;1;2022-06-27;944;1777;9901;45979;942;9127;47114;0;300;42616783;41450456;26235629;2396745;42536973;28426851;2606671;0;9282
FR;1;2022-06-28;1215;2576;13844;86572;1381;12405;88262;0;569;42617998;41453032;26249473;2483317;42538354;28439256;2694933;0;9851
FR;1;2022-06-29;1242;2295;11481;67400;1259;10548;68447;0;487;42619240;41455327;26260954;2550717;42539613;28449804;2763380;0;10338
FR;1;2022-06-30;1289;2482;13518;89971;1432;11828;91769;0;645;42620529;41457809;26274472;2640688;42541045;28461632;2855149;0;10983
FR;1;2022-07-01;1658;3480;20315;109200;1990;17971;111596;0;859;42622187;41461289;26294787;2749888;42543035;28479603;2966745;0;11842
FR;1;2022-07-02;770;1527;8024;33775;751;7253;34802;0;315;42622957;41462816;26302811;2783663;42543786;28486856;3001547;0;12157
FR;1;2022-07-03;229;480;1943;6118;257;1759;6444;0;71;42623186;41463296;26304754;2789781;42544043;28488615;3007991;0;12228
FR;1;2022-07-04;1633;3175;13934;75414;2057;12360;77304;0;589;42624819;41466471;26318688;2865195;42546100;28500975;3085295;0;12817
FR;1;2022-07-05;1503;2856;17690;126369;1510;15147;128483;0;1060;42626322;41469327;26336378;2991564;42547610;28516122;3213778;0;13877
FR;1;2022-07-06;1375;2404;14888;93747;1382;12912;95183;0;815;42627697;41471731;26351266;3085311;42548992;28529034;3308961;0;14692
FR;1;2022-07-07;1442;2539;16937;119491;1407;14008;121586;0;1074;42629139;41474270;26368203;3204802;42550399;28543042;3430547;0;15766
FR;1;2022-07-08;1534;2823;19608;130003;1541;15971;132808;0;1220;42630673;41477093;26387811;3334805;42551940;28559013;3563355;0;16986
FR;1;2022-07-09;663;1281;7306;36020;699;6349;36809;0;392;42631336;41478374;26395117;3370825;42552639;28565362;3600164;0;17378
FR;1;2022-07-10;243;656;2240;6689;411;2032;7068;0;89;42631579;41479030;26397357;3377514;42553050;28567394;3607232;0;17467
FR;1;2022-07-11;1239;2242;14320;84453;1178;11942;86564;0;734;42632818;41481272;26411677;3461967;42554228;28579336;3693796;0;18201
FR;1;2022-07-12;1602;2803;19464;137424;1440;15902;139914;0;1485;42634420;41484075;26431141;3599391;42555668;28595238;3833710;0;19686
FR;1;2022-07-13;1458;2438;14789;89838;1315;12643;91522;0;1002;42635878;41486513;26445930;3689229;42556983;28607881;3925232;0;20688
FR;1;2022-07-14;161;350;1865;5290;195;1774;5437;0;74;42636039;41486863;26447795;3694519;42557178;28609655;3930669;0;20762
FR;1;2022-07-15;1266;2319;14362;80599;1206;12005;82603;0;960;42637305;41489182;26462157;3775118;42558384;28621660;4013272;0;21722
FR;1;2022-07-16;514;1063;5641;23949;555;4894;24590;0;302;42637819;41490245;26467798;3799067;42558939;28626554;4037862;0;22024
FR;1;2022-07-17;163;369;1656;4464;193;1501;4727;0;60;42637982;41490614;26469454;3803531;42559132;28628055;4042589;0;22084
FR;1;2022-07-18;974;2034;11301;59281;1144;9570;61006;0;715;42638956;41492648;26480755;3862812;42560276;28637625;4103595;0;22799
FR;1;2022-07-19;1233;2131;14693;99427;1195;11725;101424;0;1386;42640189;41494779;26495448;3962239;42561471;28649350;4205019;0;24185
FR;1;2022-07-20;1183;2007;12372;74374;1174;10282;75860;0;964;42641372;41496786;26507820;4036613;42562645;28659632;4280879;0;25149
FR;1;2022-07-21;1135;1954;12417;84546;1188;9993;85911;0;1211;42642507;41498740;26520237;4121159;42563833;28669625;4366790;0;26360
FR;1;2022-07-22;1270;2243;14102;85947;1255;11434;87686;0;1264;42643777;41500983;26534339;4207106;42565088;28681059;4454476;0;27624
FR;1;2022-07-23;548;1093;5236;21296;634;4610;21841;0;373;42644325;41502076;26539575;4228402;42565722;28685669;4476317;0;27997
FR;1;2022-07-24;148;306;1327;3700;153;1168;3925;0;65;42644473;41502382;26540902;4232102;42565875;28686837;4480242;0;28062
FR;1;2022-07-25;890;1632;9074;46123;982;7524;47496;0;680;42645363;41504014;26549976;4278225;42566857;28694361;4527738;0;28742
FR;1;2022-07-26;1136;1962;12681;81967;1118;10336;83581;0;1198;42646499;41505976;26562657;4360192;42567975;28704697;4611319;0;29940
FR;1;2022-07-27;1021;1730;9760;58521;1046;8139;59702;0;874;42647520;41507706;26572417;4418713;42569021;28712836;4671021;0;30814
FR;1;2022-07-28;982;1705;9856;61908;1113;7851;63136;0;967;42648502;41509411;26582273;4480621;42570134;28720687;4734157;0;31781
FR;1;2022-07-29;1113;1845;10460;62988;1171;8384;64302;0;1066;42649615;41511256;26592733;4543609;42571305;28729071;4798459;0;32847
FR;1;2022-07-30;395;726;3349;14491;442;2849;14851;0;279;42650010;41511982;26596082;4558100;42571747;28731920;4813310;0;33126
FR;1;2022-07-31;141;264;900;2335;159;766;2477;0;47;42650151;41512246;26596982;4560435;42571906;28732686;4815787;0;33173
FR;1;2022-08-01;854;1468;7257;28966;1083;6118;29959;0;519;42651005;41513714;26604239;4589401;42572989;28738804;4845746;0;33692
FR;1;2022-08-02;924;1486;8237;54037;999;6633;54687;0;1091;42651929;41515200;26612476;4643438;42573988;28745437;4900433;0;34783
FR;1;2022-08-03;735;1107;6155;37044;752;4938;37773;0;645;42652664;41516307;26618631;4680482;42574740;28750375;4938206;0;35428
FR;1;2022-08-04;650;1080;6262;41451;696;5057;42005;0;850;42653314;41517387;26624893;4721933;42575436;28755432;4980211;0;36278
FR;1;2022-08-05;742;1196;6765;43077;807;5434;43706;0;933;42654056;41518583;26631658;4765010;42576243;28760866;5023917;0;37211
FR;1;2022-08-06;277;462;1993;8999;302;1674;9191;0;218;42654333;41519045;26633651;4774009;42576545;28762540;5033108;0;37429
FR;1;2022-08-07;89;147;520;1556;103;436;1630;0;35;42654422;41519192;26634171;4775565;42576648;28762976;5034738;0;37464
FR;1;2022-08-08;564;1068;3805;21228;822;3139;21626;0;457;42654986;41520260;26637976;4796793;42577470;28766115;5056364;0;37921
FR;1;2022-08-09;665;1056;5682;38473;746;4557;38967;0;794;42655651;41521316;26643658;4835266;42578216;28770672;5095331;0;38715
FR;1;2022-08-10;565;1175;4434;26915;876;3635;27228;0;601;42656216;41522491;26648092;4862181;42579092;28774307;5122559;0;39316
FR;1;2022-08-11;564;917;4313;28209;629;3587;28537;0;634;42656780;41523408;26652405;4890390;42579721;28777894;5151096;0;39950
FR;1;2022-08-12;726;1040;4554;27170;717;3761;27582;0;668;42657506;41524448;26656959;4917560;42580438;28781655;5178678;0;40618
FR;1;2022-08-13;294;370;1248;5111;262;1066;5282;0;116;42657800;41524818;26658207;4922671;42580700;28782721;5183960;0;40734
FR;1;2022-08-14;67;115;277;871;96;236;941;0;24;42657867;41524933;26658484;4923542;42580796;28782957;5184901;0;40758
FR;1;2022-08-15;110;214;572;542;183;533;593;0;16;42657977;41525147;26659056;4924084;42580979;28783490;5185494;0;40774
FR;1;2022-08-16;549;953;3791;21488;712;3220;21689;0;582;42658526;41526100;26662847;4945572;42581691;28786710;5207183;0;41356
FR;1;2022-08-17;545;912;3769;22149;679;3195;22391;0;579;42659071;41527012;26666616;4967721;42582370;28789905;5229574;0;41935
FR;1;2022-08-18;561;894;3941;25451;695;3140;25673;0;630;42659632;41527906;26670557;4993172;42583065;28793045;5255247;0;42565
FR;1;2022-08-19;535;1049;4369;26547;748;3601;26855;0;732;42660167;41528955;26674926;5019719;42583813;28796646;5282102;0;43297
FR;1;2022-08-20;248;421;1290;5371;321;1107;5524;0;138;42660415;41529376;26676216;5025090;42584134;28797753;5287626;0;43435
FR;1;2022-08-21;84;112;287;989;77;253;1012;0;27;42660499;41529488;26676503;5026079;42584211;28798006;5288638;0;43462
FR;1;2022-08-22;511;899;3141;14956;673;2713;15232;0;411;42661010;41530387;26679644;5041035;42584884;28800719;5303870;0;43873
FR;1;2022-08-23;654;1063;4153;28322;747;3486;28402;0;830;42661664;41531450;26683797;5069357;42585631;28804205;5332272;0;44703
FR;1;2022-08-24;568;836;3403;19069;658;2773;19253;0;587;42662232;41532286;26687200;5088426;42586289;28806978;5351525;0;45290
FR;1;2022-08-25;566;933;3830;22919;652;3213;23148;0;655;42662798;41533219;26691030;5111345;42586941;28810191;5374673;0;45945
FR;1;2022-08-26;753;1137;4349;25157;811;3567;25532;0;745;42663551;41534356;26695379;5136502;42587752;28813758;5400205;0;46690
FR;1;2022-08-27;221;432;1324;5306;277;1191;5360;0;192;42663772;41534788;26696703;5141808;42588029;28814949;5405565;0;46882
FR;1;2022-08-28;113;147;298;899;106;280;948;0;33;42663885;41534935;26697001;5142707;42588135;28815229;5406513;0;46915
FR;1;2022-08-29;504;857;2976;14249;634;2516;14559;0;409;42664389;41535792;26699977;5156956;42588769;28817745;5421072;0;47324
FR;1;2022-08-30;744;1111;4626;27711;788;3776;28032;0;793;42665133;41536903;26704603;5184667;42589557;28821521;5449104;0;48117
FR;1;2022-08-31;586;834;3112;17238;612;2622;17500;0;483;42665719;41537737;26707715;5201905;42590169;28824143;5466604;0;48600
FR;1;2022-09-01;690;925;4334;21885;650;3694;22147;0;587;42666409;41538662;26712049;5223790;42590819;28827837;5488751;0;49187
FR;1;2022-09-02;802;1057;4883;27864;755;4080;28152;0;882;42667211;41539719;26716932;5251654;42591574;28831917;5516903;0;50069
FR;1;2022-09-03;318;509;1833;5876;348;1594;6105;0;174;42667529;41540228;26718765;5257530;42591922;28833511;5523008;0;50243
FR;1;2022-09-04;108;137;341;842;73;334;912;0;21;42667637;41540365;26719106;5258372;42591995;28833845;5523920;0;50264
FR;1;2022-09-05;666;833;3049;15697;656;2556;15980;0;499;42668303;41541198;26722155;5274069;42592651;28836401;5539900;0;50763
FR;1;2022-09-06;787;962;4571;31063;609;3711;31284;0;1002;42669090;41542160;26726726;5305132;42593260;28840112;5571184;0;51765
FR;1;2022-09-07;570;702;2920;16443;464;2423;16580;0;550;42669660;41542862;26729646;5321575;42593724;28842535;5587764;0;52315
FR;1;2022-09-08;581;793;3699;24222;540;3039;24303;0;796;42670241;41543655;26733345;5345797;42594264;28845574;5612067;0;53111
FR;1;2022-09-09;776;975;4307;26897;615;3596;27079;0;902;42671017;41544630;26737652;5372694;42594879;28849170;5639146;0;54013
FR;1;2022-09-10;346;562;1679;5588;392;1479;5780;0;203;42671363;41545192;26739331;5378282;42595271;28850649;5644926;0;54216
FR;1;2022-09-11;106;120;313;646;82;293;703;0;17;42671469;41545312;26739644;5378928;42595353;28850942;5645629;0;54233
FR;1;2022-09-12;472;605;2616;12954;426;2233;13234;0;462;42671941;41545917;26742260;5391882;42595779;28853175;5658863;0;54695
FR;1;2022-09-13;600;824;3868;25842;535;3382;25716;0;835;42672541;41546741;26746128;5417724;42596314;28856557;5684579;0;55530
FR;1;2022-09-14;596;718;2879;15695;502;2410;15931;0;537;42673137;41547459;26749007;5433419;42596816;28858967;5700510;0;56067
FR;1;2022-09-15;528;768;3342;23091;541;2847;23155;0;679;42673665;41548227;26752349;5456510;42597357;28861814;5723665;0;56746
FR;1;2022-09-16;725;944;4017;25347;628;3390;25548;0;891;42674390;41549171;26756366;5481857;42597985;28865204;5749213;0;57637
FR;1;2022-09-17;300;427;1396;5979;298;1221;6087;0;227;42674690;41549598;26757762;5487836;42598283;28866425;5755300;0;57864
FR;1;2022-09-18;99;126;310;923;103;278;979;0;33;42674789;41549724;26758072;5488759;42598386;28866703;5756279;0;57897
FR;1;2022-09-19;372;575;2140;12863;377;1835;13017;0;414;42675161;41550299;26760212;5501622;42598763;28868538;5769296;0;58311
FR;1;2022-09-20;562;832;3665;25830;580;3062;25870;0;854;42675723;41551131;26763877;5527452;42599343;28871600;5795166;0;59165
FR;1;2022-09-21;481;688;2628;15862;488;2256;15827;0;561;42676204;41551819;26766505;5543314;42599831;28873856;5810993;0;59726
FR;1;2022-09-22;546;770;3294;22967;509;2693;23155;0;744;42676750;41552589;26769799;5566281;42600340;28876549;5834148;0;60470
FR;1;2022-09-23;767;943;4352;28149;676;3632;28313;0;981;42677517;41553532;26774151;5594430;42601016;28880181;5862461;0;61451
FR;1;2022-09-24;352;539;1587;6694;379;1370;6867;0;300;42677869;41554071;26775738;5601124;42601395;28881551;5869328;0;61751
FR;1;2022-09-25;81;157;321;1072;110;293;1110;0;32;42677950;41554228;26776059;5602196;42601505;28881844;5870438;0;61783
FR;1;2022-09-26;383;652;2182;13073;429;1935;13167;0;412;42678333;41554880;26778241;5615269;42601934;28883779;5883605;0;62195
FR;1;2022-09-27;541;767;3458;25025;541;2794;25223;0;906;42678874;41555647;26781699;5640294;42602475;28886573;5908828;0;63101
FR;1;2022-09-28;524;720;2448;14967;507;2217;15056;0;597;42679398;41556367;26784147;5655261;42602982;28888790;5923884;0;63698
FR;1;2022-09-29;504;697;2998;20365;487;2523;20379;0;767;42679902;41557064;26787145;5675626;42603469;28891313;5944263;0;64465
FR;1;2022-09-30;694;987;3776;24429;694;3160;24677;0;970;42680596;41558051;26790921;5700055;42604163;28894473;5968940;0;65435
FR;1;2022-10-01;352;550;1904;5507;386;1658;5733;0;273;42680948;41558601;26792825;5705562;42604549;28896131;5974673;0;65708
FR;1;2022-10-02;56;120;204;568;82;204;589;0;29;42681004;41558721;26793029;5706130;42604631;28896335;5975262;0;65737
FR;1;2022-10-03;497;809;2225;10042;653;1985;10210;0;489;42681501;41559530;26795254;5716172;42605284;28898320;5985472;0;66226
FR;1;2022-10-04;581;735;2929;18922;503;2480;19010;0;1084;42682082;41560265;26798183;5735094;42605787;28900800;6004482;0;67310
FR;1;2022-10-05;449;711;2097;11113;483;1870;11242;0;723;42682531;41560976;26800280;5746207;42606270;28902670;6015724;0;68033
FR;1;2022-10-06;446;621;2496;15777;444;2061;15959;0;1061;42682977;41561597;26802776;5761984;42606714;28904731;6031683;0;69094
FR;1;2022-10-07;555;749;2693;16068;548;2310;16092;0;1161;42683532;41562346;26805469;5778052;42607262;28907041;6047775;0;70255
FR;1;2022-10-08;237;314;888;3171;247;776;3276;0;291;42683769;41562660;26806357;5781223;42607509;28907817;6051051;0;70546
FR;1;2022-10-09;76;87;151;461;77;135;487;0;51;42683845;41562747;26806508;5781684;42607586;28907952;6051538;0;70597
FR;1;2022-10-10;306;521;1321;4999;428;1238;5095;0;463;42684151;41563268;26807829;5786683;42608014;28909190;6056633;0;71060
FR;1;2022-10-11;323;453;1315;8085;339;1196;8186;0;757;42684474;41563721;26809144;5794768;42608353;28910386;6064819;0;71817
FR;1;2022-10-12;334;468;1075;5221;355;1071;5238;0;521;42684808;41564189;26810219;5799989;42608708;28911457;6070057;0;72338
FR;1;2022-10-13;329;424;1078;6099;333;935;6146;0;629;42685137;41564613;26811297;5806088;42609041;28912392;6076203;0;72967
FR;1;2022-10-14;409;536;1174;6710;452;1048;6778;0;676;42685546;41565149;26812471;5812798;42609493;28913440;6082981;0;73643
FR;1;2022-10-15;209;324;530;1860;276;513;1868;0;226;42685755;41565473;26813001;5814658;42609769;28913953;6084849;0;73869
FR;1;2022-10-16;47;65;111;296;46;118;315;0;48;42685802;41565538;26813112;5814954;42609815;28914071;6085164;0;73917
FR;1;2022-10-17;236;333;738;2653;265;694;2698;0;366;42686038;41565871;26813850;5817607;42610080;28914765;6087862;0;74283
FR;1;2022-10-18;263;318;954;4596;254;833;4698;0;866;42686301;41566189;26814804;5822203;42610334;28915598;6092560;0;75149
FR;1;2022-10-19;281;374;696;3185;307;665;3164;0;502;42686582;41566563;26815500;5825388;42610641;28916263;6095724;0;75651
FR;1;2022-10-20;285;345;902;4369;291;794;4404;0;771;42686867;41566908;26816402;5829757;42610932;28917057;6100128;0;76422
FR;1;2022-10-21;303;418;847;3804;370;742;3876;0;675;42687170;41567326;26817249;5833561;42611302;28917799;6104004;0;77097
FR;1;2022-10-22;135;183;306;1252;161;300;1217;0;210;42687305;41567509;26817555;5834813;42611463;28918099;6105221;0;77307
FR;1;2022-10-23;32;43;64;197;41;58;213;0;25;42687337;41567552;26817619;5835010;42611504;28918157;6105434;0;77332
FR;1;2022-10-24;272;235;479;1603;203;476;1660;0;306;42687609;41567787;26818098;5836613;42611707;28918633;6107094;0;77638
FR;1;2022-10-25;221;258;526;2651;227;447;2707;0;487;42687830;41568045;26818624;5839264;42611934;28919080;6109801;0;78125
FR;1;2022-10-26;235;248;392;1958;236;368;1965;0;435;42688065;41568293;26819016;5841222;42612170;28919448;6111766;0;78560
FR;1;2022-10-27;259;229;490;2167;200;509;2151;0;518;42688324;41568522;26819506;5843389;42612370;28919957;6113917;0;79078
FR;1;2022-10-28;312;329;533;2335;308;470;2402;0;478;42688636;41568851;26820039;5845724;42612678;28920427;6116319;0;79556
FR;1;2022-10-29;99;151;176;712;121;210;703;0;203;42688735;41569002;26820215;5846436;42612799;28920637;6117022;0;79759
FR;1;2022-10-30;38;46;62;184;38;56;189;0;38;42688773;41569048;26820277;5846620;42612837;28920693;6117211;0;79797
FR;1;2022-10-31;136;186;294;796;165;272;863;0;143;42688909;41569234;26820571;5847416;42613002;28920965;6118074;0;79940
FR;1;2022-11-01;52;131;768;115;113;767;135;0;18;42688961;41569365;26821339;5847531;42613115;28921732;6118209;0;79958
FR;1;2022-11-02;263;240;529;983;236;495;1046;0;356;42689224;41569605;26821868;5848514;42613351;28922227;6119255;0;80314
FR;1;2022-11-03;271;236;442;1379;221;403;1418;0;377;42689495;41569841;26822310;5849893;42613572;28922630;6120673;0;80691
FR;1;2022-11-04;232;261;424;1597;241;401;1637;0;438;42689727;41570102;26822734;5851490;42613813;28923031;6122310;0;81129
FR;1;2022-11-05;100;123;272;502;112;254;524;0;111;42689827;41570225;26823006;5851992;42613925;28923285;6122834;0;81240
FR;1;2022-11-06;36;43;32;131;42;35;129;0;33;42689863;41570268;26823038;5852123;42613967;28923320;6122963;0;81273
FR;1;2022-11-07;198;240;317;893;227;309;939;0;211;42690061;41570508;26823355;5853016;42614194;28923629;6123902;0;81484
FR;1;2022-11-08;206;252;470;1688;240;415;1717;0;524;42690267;41570760;26823825;5854704;42614434;28924044;6125619;0;82008
FR;1;2022-11-09;187;238;335;1104;226;301;1141;0;477;42690454;41570998;26824160;5855808;42614660;28924345;6126760;0;82485
FR;1;2022-11-10;212;310;432;1680;301;441;1668;0;605;42690666;41571308;26824592;5857488;42614961;28924786;6128428;0;83090
FR;1;2022-11-11;30;42;105;100;40;91;114;0;44;42690696;41571350;26824697;5857588;42615001;28924877;6128542;0;83134
FR;1;2022-11-12;93;146;257;375;133;256;390;0;101;42690789;41571496;26824954;5857963;42615134;28925133;6128932;0;83235
FR;1;2022-11-13;23;56;28;64;53;31;66;0;26;42690812;41571552;26824982;5858027;42615187;28925164;6128998;0;83261
FR;1;2022-11-14;171;180;263;768;168;267;838;0;235;42690983;41571732;26825245;5858795;42615355;28925431;6129836;0;83496
FR;1;2022-11-15;218;369;390;1299;368;368;1337;0;436;42691201;41572101;26825635;5860094;42615723;28925799;6131173;0;83932
FR;1;2022-11-16;191;250;334;982;245;347;1017;0;359;42691392;41572351;26825969;5861076;42615968;28926146;6132190;0;84291
FR;1;2022-11-17;168;199;295;1207;193;271;1211;0;387;42691560;41572550;26826264;5862283;42616161;28926417;6133401;0;84678
FR;1;2022-11-18;228;263;393;1314;255;382;1348;0;411;42691788;41572813;26826657;5863597;42616416;28926799;6134749;0;85089
FR;1;2022-11-19;120;112;248;441;111;213;474;0;102;42691908;41572925;26826905;5864038;42616527;28927012;6135223;0;85191
FR;1;2022-11-20;34;118;31;66;113;33;74;0;28;42691942;41573043;26826936;5864104;42616640;28927045;6135297;0;85219
FR;1;2022-11-21;175;170;270;640;143;286;677;0;211;42692117;41573213;26827206;5864744;42616783;28927331;6135974;0;85430
FR;1;2022-11-22;155;168;411;1155;151;395;1177;0;406;42692272;41573381;26827617;5865899;42616934;28927726;6137151;0;85836
FR;1;2022-11-23;178;180;244;761;164;245;784;0;241;42692450;41573561;26827861;5866660;42617098;28927971;6137935;0;86077
FR;1;2022-11-24;136;166;287;1203;147;299;1207;0;440;42692586;41573727;26828148;5867863;42617245;28928270;6139142;0;86517
FR;1;2022-11-25;208;241;426;1154;227;415;1186;0;392;42692794;41573968;26828574;5869017;42617472;28928685;6140328;0;86909
FR;1;2022-11-26;90;109;113;323;101;125;311;0;118;42692884;41574077;26828687;5869340;42617573;28928810;6140639;0;87027
FR;1;2022-11-27;21;37;19;72;27;31;78;0;49;42692905;41574114;26828706;5869412;42617600;28928841;6140717;0;87076
FR;1;2022-11-28;210;145;208;665;152;204;708;0;332;42693115;41574259;26828914;5870077;42617752;28929045;6141425;0;87408
FR;1;2022-11-29;171;141;269;1107;126;251;1119;0;458;42693286;41574400;26829183;5871184;42617878;28929296;6142544;0;87866
FR;1;2022-11-30;160;200;233;938;186;236;960;0;322;42693446;41574600;26829416;5872122;42618064;28929532;6143504;0;88188
FR;1;2022-12-01;162;157;713;1090;144;679;1138;0;379;42693608;41574757;26830129;5873212;42618208;28930211;6144642;0;88567
FR;1;2022-12-02;200;198;516;1185;193;512;1233;0;470;42693808;41574955;26830645;5874397;42618401;28930723;6145875;0;89037
FR;1;2022-12-03;102;108;261;532;96;239;529;0;180;42693910;41575063;26830906;5874929;42618497;28930962;6146404;0;89217
FR;1;2022-12-04;26;26;19;138;23;20;129;0;58;42693936;41575089;26830925;5875067;42618520;28930982;6146533;0;89275
FR;1;2022-12-05;141;145;300;867;142;294;899;0;316;42694077;41575234;26831225;5875934;42618662;28931276;6147432;0;89591
FR;1;2022-12-06;152;149;271;1448;136;275;1454;0;739;42694229;41575383;26831496;5877382;42618798;28931551;6148886;0;90330
FR;1;2022-12-07;154;156;250;1187;165;230;1203;0;576;42694383;41575539;26831746;5878569;42618963;28931781;6150089;0;90906
FR;1;2022-12-08;128;137;301;1756;129;258;1797;0;765;42694511;41575676;26832047;5880325;42619092;28932039;6151886;0;91671
FR;1;2022-12-09;202;195;352;1815;168;361;1835;0;721;42694713;41575871;26832399;5882140;42619260;28932400;6153721;0;92392
FR;1;2022-12-10;116;107;341;856;94;324;877;0;292;42694829;41575978;26832740;5882996;42619354;28932724;6154598;0;92684
FR;1;2022-12-11;31;30;32;218;27;30;200;0;62;42694860;41576008;26832772;5883214;42619381;28932754;6154798;0;92746
FR;1;2022-12-12;127;101;293;1099;97;281;1111;0;457;42694987;41576109;26833065;5884313;42619478;28933035;6155909;0;93203
FR;1;2022-12-13;122;121;288;1297;95;264;1310;0;618;42695109;41576230;26833353;5885610;42619573;28933299;6157219;0;93821
FR;1;2022-12-14;105;138;252;866;132;232;890;0;370;42695214;41576368;26833605;5886476;42619705;28933531;6158109;0;94191
FR;1;2022-12-15;135;157;445;1490;145;415;1515;0;693;42695349;41576525;26834050;5887966;42619850;28933946;6159624;0;94884
FR;1;2022-12-16;205;213;566;1342;217;550;1364;0;623;42695554;41576738;26834616;5889308;42620067;28934496;6160988;0;95507
FR;1;2022-12-17;88;90;223;467;79;218;475;0;204;42695642;41576828;26834839;5889775;42620146;28934714;6161463;0;95711
FR;1;2022-12-18;17;22;26;111;19;28;107;0;37;42695659;41576850;26834865;5889886;42620165;28934742;6161570;0;95748
FR;1;2022-12-19;150;128;248;791;136;219;834;0;381;42695809;41576978;26835113;5890677;42620301;28934961;6162404;0;96129
FR;1;2022-12-20;143;160;343;905;147;337;911;0;425;42695952;41577138;26835456;5891582;42620448;28935298;6163315;0;96554
FR;1;2022-12-21;136;102;206;638;112;172;646;0;388;42696088;41577240;26835662;5892220;42620560;28935470;6163961;0;96942
FR;1;2022-12-22;145;108;165;552;116;150;542;0;326;42696233;41577348;26835827;5892772;42620676;28935620;6164503;0;97268
FR;1;2022-12-23;128;152;452;417;135;443;423;0;181;42696361;41577500;26836279;5893189;42620811;28936063;6164926;0;97449
FR;1;2022-12-24;30;27;32;56;30;31;63;0;21;42696391;41577527;26836311;5893245;42620841;28936094;6164989;0;97470
FR;1;2022-12-25;4;10;20;12;11;14;15;0;11;42696395;41577537;26836331;5893257;42620852;28936108;6165004;0;97481
FR;1;2022-12-26;94;89;248;251;89;252;257;0;93;42696489;41577626;26836579;5893508;42620941;28936360;6165261;0;97574
FR;1;2022-12-27;117;158;309;387;149;315;402;0;180;42696606;41577784;26836888;5893895;42621090;28936675;6165663;0;97754
FR;1;2022-12-28;105;142;202;270;128;204;281;0;126;42696711;41577926;26837090;5894165;42621218;28936879;6165944;0;97880
FR;1;2022-12-29;105;102;153;282;102;152;303;0;114;42696816;41578028;26837243;5894447;42621320;28937031;6166247;0;97994
FR;1;2022-12-30;122;122;85;258;111;90;268;0;143;42696938;41578150;26837328;5894705;42621431;28937121;6166515;0;98137
FR;1;2022-12-31;38;34;28;74;39;25;74;0;25;42696976;41578184;26837356;5894779;42621470;28937146;6166589;0;98162
FR;1;2023-01-01;6;11;61;21;11;57;26;0;10;42696982;41578195;26837417;5894800;42621481;28937203;6166615;0;98172
FR;1;2023-01-02;90;110;662;169;118;642;191;0;64;42697072;41578305;26838079;5894969;42621599;28937845;6166806;0;98236
FR;1;2023-01-03;160;93;363;205;91;357;212;0;146;42697232;41578398;26838442;5895174;42621690;28938202;6167018;0;98382
FR;1;2023-01-04;92;82;242;198;84;243;207;0;192;42697324;41578480;26838684;5895372;42621774;28938445;6167225;0;98574
FR;1;2023-01-05;143;108;170;334;119;170;335;0;206;42697467;41578588;26838854;5895706;42621893;28938615;6167560;0;98780
FR;1;2023-01-06;197;139;222;325;142;208;350;0;230;42697664;41578727;26839076;5896031;42622035;28938823;6167910;0;99010
FR;1;2023-01-07;105;88;172;147;91;155;164;0;92;42697769;41578815;26839248;5896178;42622126;28938978;6168074;0;99102
FR;1;2023-01-08;26;18;27;58;17;23;62;0;24;42697795;41578833;26839275;5896236;42622143;28939001;6168136;0;99126
FR;1;2023-01-09;137;119;131;135;115;140;152;0;115;42697932;41578952;26839406;5896371;42622258;28939141;6168288;0;99241
FR;1;2023-01-10;115;115;267;263;115;271;264;0;192;42698047;41579067;26839673;5896634;42622373;28939412;6168552;0;99433
FR;1;2023-01-11;104;99;84;190;108;90;200;0;96;42698151;41579166;26839757;5896824;42622481;28939502;6168752;0;99529
FR;1;2023-01-12;122;103;210;238;98;210;263;0;166;42698273;41579269;26839967;5897062;42622579;28939712;6169015;0;99695
FR;1;2023-01-13;195;143;167;285;142;166;306;0;188;42698468;41579412;26840134;5897347;42622721;28939878;6169321;0;99883
FR;1;2023-01-14;89;61;161;104;63;171;103;0;62;42698557;41579473;26840295;5897451;42622784;28940049;6169424;0;99945
FR;1;2023-01-15;22;22;30;41;20;29;45;0;29;42698579;41579495;26840325;5897492;42622804;28940078;6169469;0;99974
FR;1;2023-01-16;111;101;309;155;95;313;133;0;100;42698690;41579596;26840634;5897647;42622899;28940391;6169602;0;100074
FR;1;2023-01-17;113;97;160;211;96;158;238;0;127;42698803;41579693;26840794;5897858;42622995;28940549;6169840;0;100201
FR;1;2023-01-18;99;85;93;143;85;88;183;0;121;42698902;41579778;26840887;5898001;42623080;28940637;6170023;0;100322
FR;1;2023-01-19;113;77;97;130;76;109;130;0;132;42699015;41579855;26840984;5898131;42623156;28940746;6170153;0;100454
FR;1;2023-01-20;166;141;160;271;142;188;260;0;199;42699181;41579996;26841144;5898402;42623298;28940934;6170413;0;100653
FR;1;2023-01-21;58;70;91;84;70;102;74;0;35;42699239;41580066;26841235;5898486;42623368;28941036;6170487;0;100688
FR;1;2023-01-22;8;8;12;19;6;8;23;0;14;42699247;41580074;26841247;5898505;42623374;28941044;6170510;0;100702
FR;1;2023-01-23;86;83;106;96;86;98;115;0;84;42699333;41580157;26841353;5898601;42623460;28941142;6170625;0;100786
FR;1;2023-01-24;120;74;71;122;88;69;131;0;183;42699453;41580231;26841424;5898723;42623548;28941211;6170756;0;100969
FR;1;2023-01-25;97;118;76;104;117;76;119;0;106;42699550;41580349;26841500;5898827;42623665;28941287;6170875;0;101075
FR;1;2023-01-26;105;104;61;151;93;66;172;0;107;42699655;41580453;26841561;5898978;42623758;28941353;6171047;0;101182
FR;1;2023-01-27;170;134;104;135;149;121;135;0;198;42699825;41580587;26841665;5899113;42623907;28941474;6171182;0;101380
FR;1;2023-01-28;73;74;55;40;77;52;48;0;28;42699898;41580661;26841720;5899153;42623984;28941526;6171230;0;101408
FR;1;2023-01-29;12;22;33;10;20;31;16;0;12;42699910;41580683;26841753;5899163;42624004;28941557;6171246;0;101420
FR;1;2023-01-30;144;107;63;72;110;69;80;0;51;42700054;41580790;26841816;5899235;42624114;28941626;6171326;0;101471
FR;1;2023-01-31;122;83;61;114;72;66;124;0;140;42700176;41580873;26841877;5899349;42624186;28941692;6171450;0;101611
FR;1;2023-02-01;112;128;335;102;126;331;127;0;77;42700288;41581001;26842212;5899451;42624312;28942023;6171577;0;101688
FR;1;2023-02-02;86;89;85;104;84;92;105;0;97;42700374;41581090;26842297;5899555;42624396;28942115;6171682;0;101785
FR;1;2023-02-03;152;142;127;98;142;134;103;0;91;42700526;41581232;26842424;5899653;42624538;28942249;6171785;0;101876
FR;1;2023-02-04;48;77;70;45;84;71;46;0;24;42700574;41581309;26842494;5899698;42624622;28942320;6171831;0;101900
FR;1;2023-02-05;4;8;18;4;7;21;5;0;8;42700578;41581317;26842512;5899702;42624629;28942341;6171836;0;101908
FR;1;2023-02-06;90;74;109;75;80;112;78;0;87;42700668;41581391;26842621;5899777;42624709;28942453;6171914;0;101995
FR;1;2023-02-07;89;73;92;74;76;84;94;0;110;42700757;41581464;26842713;5899851;42624785;28942537;6172008;0;102105
FR;1;2023-02-08;79;89;53;30;87;58;34;0;51;42700836;41581553;26842766;5899881;42624872;28942595;6172042;0;102156
FR;1;2023-02-09;64;62;73;58;73;71;66;0;79;42700900;41581615;26842839;5899939;42624945;28942666;6172108;0;102235
FR;1;2023-02-10;137;128;48;70;131;61;70;0;115;42701037;41581743;26842887;5900009;42625076;28942727;6172178;0;102350
FR;1;2023-02-11;44;49;75;25;46;84;27;0;11;42701081;41581792;26842962;5900034;42625122;28942811;6172205;0;102361
FR;1;2023-02-12;8;2;9;7;6;9;8;0;9;42701089;41581794;26842971;5900041;42625128;28942820;6172213;0;102370
FR;1;2023-02-13;76;93;36;35;95;43;32;0;30;42701165;41581887;26843007;5900076;42625223;28942863;6172245;0;102400
FR;1;2023-02-14;65;66;70;48;65;76;46;0;77;42701230;41581953;26843077;5900124;42625288;28942939;6172291;0;102477
FR;1;2023-02-15;72;91;68;52;100;73;60;0;81;42701302;41582044;26843145;5900176;42625388;28943012;6172351;0;102558
FR;1;2023-02-16;57;70;92;80;59;100;84;0;73;42701359;41582114;26843237;5900256;42625447;28943112;6172435;0;102631
FR;1;2023-02-17;101;119;155;61;123;160;69;0;46;42701460;41582233;26843392;5900317;42625570;28943272;6172504;0;102677
FR;1;2023-02-18;44;53;99;40;53;106;41;0;9;42701504;41582286;26843491;5900357;42625623;28943378;6172545;0;102686
FR;1;2023-02-19;14;0;5;4;3;4;4;0;5;42701518;41582286;26843496;5900361;42625626;28943382;6172549;0;102691
FR;1;2023-02-20;72;63;47;27;67;51;31;0;16;42701590;41582349;26843543;5900388;42625693;28943433;6172580;0;102707
FR;1;2023-02-21;63;73;52;49;78;54;47;0;38;42701653;41582422;26843595;5900437;42625771;28943487;6172627;0;102745
FR;1;2023-02-22;63;71;27;18;71;31;18;0;22;42701716;41582493;26843622;5900455;42625842;28943518;6172645;0;102767
FR;1;2023-02-23;50;76;46;32;73;56;29;0;54;42701766;41582569;26843668;5900487;42625915;28943574;6172674;0;102821
FR;1;2023-02-24;92;108;31;31;109;39;32;0;37;42701858;41582677;26843699;5900518;42626024;28943613;6172706;0;102858
FR;1;2023-02-25;40;47;62;19;54;62;21;0;25;42701898;41582724;26843761;5900537;42626078;28943675;6172727;0;102883
FR;1;2023-02-26;2;3;1;2;1;3;1;0;3;42701900;41582727;26843762;5900539;42626079;28943678;6172728;0;102886
FR;1;2023-02-27;86;74;57;34;73;65;32;0;19;42701986;41582801;26843819;5900573;42626152;28943743;6172760;0;102905
FR;1;2023-02-28;81;65;32;49;61;41;51;0;32;42702067;41582866;26843851;5900622;42626213;28943784;6172811;0;102937
FR;1;2023-03-01;65;62;82;34;62;82;42;0;41;42702132;41582928;26843933;5900656;42626275;28943866;6172853;0;102978
FR;1;2023-03-02;60;51;52;39;54;48;51;0;43;42702192;41582979;26843985;5900695;42626329;28943914;6172904;0;103021
FR;1;2023-03-03;94;99;32;47;99;31;50;0;43;42702286;41583078;26844017;5900742;42626428;28943945;6172954;0;103064
FR;1;2023-03-04;48;44;19;19;42;20;23;0;13;42702334;41583122;26844036;5900761;42626470;28943965;6172977;0;103077
FR;1;2023-03-05;4;2;1;0;3;1;1;0;0;42702338;41583124;26844037;5900761;42626473;28943966;6172978;0;103077
FR;1;2023-03-06;83;51;31;16;57;38;21;0;14;42702421;41583175;26844068;5900777;42626530;28944004;6172999;0;103091
FR;1;2023-03-07;51;68;23;39;65;21;49;0;71;42702472;41583243;26844091;5900816;42626595;28944025;6173048;0;103162
FR;1;2023-03-08;48;61;16;13;65;20;17;0;6;42702520;41583304;26844107;5900829;42626660;28944045;6173065;0;103168
FR;1;2023-03-09;33;49;31;16;45;34;25;0;27;42702553;41583353;26844138;5900845;42626705;28944079;6173090;0;103195
FR;1;2023-03-10;90;86;29;16;87;32;20;0;21;42702643;41583439;26844167;5900861;42626792;28944111;6173110;0;103216
FR;1;2023-03-11;44;36;15;4;30;21;7;0;6;42702687;41583475;26844182;5900865;42626822;28944132;6173117;0;103222
FR;1;2023-03-12;1;1;2;0;2;1;1;0;0;42702688;41583476;26844184;5900865;42626824;28944133;6173118;0;103222
FR;1;2023-03-13;41;42;9;9;38;16;8;0;15;42702729;41583518;26844193;5900874;42626862;28944149;6173126;0;103237
FR;1;2023-03-14;61;37;16;20;40;21;21;0;30;42702790;41583555;26844209;5900894;42626902;28944170;6173147;0;103267
FR;1;2023-03-15;37;50;14;8;50;23;8;0;19;42702827;41583605;26844223;5900902;42626952;28944193;6173155;0;103286
FR;1;2023-03-16;51;39;16;13;41;17;17;0;19;42702878;41583644;26844239;5900915;42626993;28944210;6173172;0;103305
FR;2;2020-12-27;0;0;0;0;0;0;0;0;0;0;0;0;0;0;0;0;0;0
FR;2;2020-12-28;0;0;0;0;0;0;0;0;0;0;0;0;0;0;0;0;0;0
FR;2;2020-12-29;0;0;0;0;0;0;0;0;0;0;0;0;0;0;0;0;0;0
FR;2;2020-12-30;0;0;0;0;0;0;0;0;0;0;0;0;0;0;0;0;0;0
FR;2;2020-12-31;0;0;0;0;0;0;0;0;0;0;0;0;0;0;0;0;0;0
FR;2;2021-01-01;0;0;0;0;0;0;0;0;0;0;0;0;0;0;0;0;0;0
FR;2;2021-01-02;0;0;0;0;0;0;0;0;0;0;0;0;0;0;0;0;0;0
FR;2;2021-01-03;0;0;0;0;0;0;0;0;0;0;0;0;0;0;0;0;0;0
FR;2;2021-01-04;0;0;0;0;0;0;0;0;0;0;0;0;0;0;0;0;0;0
FR;2;2021-01-05;0;0;0;0;0;0;0;0;0;0;0;0;0;0;0;0;0;0
FR;2;2021-01-06;0;0;0;0;0;0;0;0;0;0;0;0;0;0;0;0;0;0
FR;2;2021-01-07;0;0;0;0;0;0;0;0;0;0;0;0;0;0;0;0;0;0
FR;2;2021-01-08;0;0;0;0;0;0;0;0;0;0;0;0;0;0;0;0;0;0
FR;2;2021-01-09;0;0;0;0;0;0;0;0;0;0;0;0;0;0;0;0;0;0
FR;2;2021-01-10;0;0;0;0;0;0;0;0;0;0;0;0;0;0;0;0;0;0
FR;2;2021-01-11;0;0;0;0;0;0;0;0;0;0;0;0;0;0;0;0;0;0
FR;2;2021-01-12;0;0;0;0;0;0;0;0;0;0;0;0;0;0;0;0;0;0
FR;2;2021-01-13;0;0;0;0;0;0;0;0;0;0;0;0;0;0;0;0;0;0
FR;2;2021-01-14;1638;0;0;0;213;0;0;0;0;1638;0;0;0;213;0;0;0;0
FR;2;2021-01-15;398;0;0;0;28;0;0;0;0;2036;0;0;0;241;0;0;0;0
FR;2;2021-01-16;316;0;0;0;12;0;0;0;0;2352;0;0;0;253;0;0;0;0
FR;2;2021-01-17;84;0;0;0;7;0;0;0;0;2436;0;0;0;260;0;0;0;0
FR;2;2021-01-18;3075;3;0;0;27;0;0;0;0;5511;3;0;0;287;0;0;0;0
FR;2;2021-01-19;4681;2;0;0;31;0;0;0;0;10192;5;0;0;318;0;0;0;0
FR;2;2021-01-20;5137;6;0;0;58;0;0;0;0;15329;11;0;0;376;0;0;0;0
FR;2;2021-01-21;5345;9;0;0;55;0;0;0;0;20674;20;0;0;431;0;0;0;0
FR;2;2021-01-22;5118;19;0;0;70;0;0;0;0;25792;39;0;0;501;0;0;0;0
FR;2;2021-01-23;1875;2;0;0;16;0;0;0;0;27667;41;0;0;517;0;0;0;0
FR;2;2021-01-24;163;2;0;0;8;0;0;0;0;27830;43;0;0;525;0;0;0;0
FR;2;2021-01-25;3814;4;0;0;37;0;0;0;0;31644;47;0;0;562;0;0;0;0
FR;2;2021-01-26;3930;6;0;0;42;0;0;0;0;35574;53;0;0;604;0;0;0;0
FR;2;2021-01-27;3606;4;0;0;36;0;0;0;0;39180;57;0;0;640;0;0;0;0
FR;2;2021-01-28;3757;9;0;0;44;0;0;0;0;42937;66;0;0;684;0;0;0;0
FR;2;2021-01-29;3300;6;0;0;42;0;0;0;0;46237;72;0;0;726;0;0;0;0
FR;2;2021-01-30;1133;3;0;0;16;0;0;0;0;47370;75;0;0;742;0;0;0;0
FR;2;2021-01-31;46;2;0;0;9;0;0;0;0;47416;77;0;0;751;0;0;0;0
FR;2;2021-02-01;3408;13;0;0;44;0;0;0;0;50824;90;0;0;795;0;0;0;0
FR;2;2021-02-02;4496;19;0;0;53;0;0;0;0;55320;109;0;0;848;0;0;0;0
FR;2;2021-02-03;5223;11;0;0;82;0;0;0;0;60543;120;0;0;930;0;0;0;0
FR;2;2021-02-04;4941;11;0;0;36;0;0;0;0;65484;131;0;0;966;0;0;0;0
FR;2;2021-02-05;4817;17;0;0;50;0;0;0;0;70301;148;0;0;1016;0;0;0;0
FR;2;2021-02-06;2046;15;0;0;41;0;0;0;0;72347;163;0;0;1057;0;0;0;0
FR;2;2021-02-07;103;6;0;0;20;0;0;0;0;72450;169;0;0;1077;0;0;0;0
FR;2;2021-02-08;7559;26;0;0;85;0;0;0;0;80009;195;0;0;1162;0;0;0;0
FR;2;2021-02-09;8435;31;0;0;100;0;0;0;0;88444;226;0;0;1262;0;0;0;0
FR;2;2021-02-10;9349;63;0;0;183;0;0;0;0;97793;289;0;0;1445;0;0;0;0
FR;2;2021-02-11;10292;132;0;0;256;0;0;0;0;108085;421;0;0;1701;0;0;0;0
FR;2;2021-02-12;10059;276;0;0;430;0;0;0;0;118144;697;0;0;2131;0;0;0;0
FR;2;2021-02-13;3121;223;0;0;261;0;0;0;0;121265;920;0;0;2392;0;0;0;0
FR;2;2021-02-14;358;11;0;0;21;0;0;0;0;121623;931;0;0;2413;0;0;0;0
FR;2;2021-02-15;3460;3129;0;0;3176;0;0;0;0;125083;4060;0;0;5589;0;0;0;0
FR;2;2021-02-16;5076;4163;0;0;4236;0;0;0;0;130159;8223;0;0;9825;0;0;0;0
FR;2;2021-02-17;4259;4554;0;0;4631;0;0;0;0;134418;12777;0;0;14456;0;0;0;0
FR;2;2021-02-18;5406;5177;0;0;5247;0;0;0;0;139824;17954;0;0;19703;0;0;0;0
FR;2;2021-02-19;5329;4491;0;0;4592;0;0;0;0;145153;22445;0;0;24295;0;0;0;0
FR;2;2021-02-20;1872;1520;0;0;1537;0;0;0;0;147025;23965;0;0;25832;0;0;0;0
FR;2;2021-02-21;244;96;0;0;98;0;0;0;0;147269;24061;0;0;25930;0;0;0;0
FR;2;2021-02-22;3614;3782;0;0;3844;0;0;0;0;150883;27843;0;0;29774;0;0;0;0
FR;2;2021-02-23;4956;3740;0;0;3804;0;0;0;0;155839;31583;0;0;33578;0;0;0;0
FR;2;2021-02-24;5017;3558;0;0;3611;0;0;0;0;160856;35141;0;0;37189;0;0;0;0
FR;2;2021-02-25;5501;3495;0;0;3585;0;0;0;0;166357;38636;0;0;40774;0;0;0;0
FR;2;2021-02-26;4368;3179;0;0;3253;0;0;0;0;170725;41815;0;0;44027;0;0;0;0
FR;2;2021-02-27;1629;1067;0;0;1086;0;0;0;0;172354;42882;0;0;45113;0;0;0;0
FR;2;2021-02-28;179;17;0;0;28;0;0;0;0;172533;42899;0;0;45141;0;0;0;0
FR;2;2021-03-01;5193;3763;0;0;3852;0;0;0;0;177726;46662;0;0;48993;0;0;0;0
FR;2;2021-03-02;6542;4726;0;0;4827;0;0;0;0;184268;51388;0;0;53820;0;0;0;0
FR;2;2021-03-03;6544;4955;0;0;5096;0;0;0;0;190812;56343;0;0;58916;0;0;0;0
FR;2;2021-03-04;8412;4210;0;0;4396;0;0;0;0;199224;60553;0;0;63312;0;0;0;0
FR;2;2021-03-05;8037;4054;0;0;4237;0;0;0;0;207261;64607;0;0;67549;0;0;0;0
FR;2;2021-03-06;4790;1683;0;0;1783;0;0;0;0;212051;66290;0;0;69332;0;0;0;0
FR;2;2021-03-07;2373;32;0;0;76;0;0;0;0;214424;66322;0;0;69408;0;0;0;0
FR;2;2021-03-08;4166;8392;0;0;8549;0;0;0;0;218590;74714;0;0;77957;0;0;0;0
FR;2;2021-03-09;7494;8610;1;0;8868;0;0;0;0;226084;83324;1;0;86825;0;0;0;0
FR;2;2021-03-10;7108;9245;0;0;9472;0;0;0;0;233192;92569;1;0;96297;0;0;0;0
FR;2;2021-03-11;9379;9365;1;0;9685;0;0;0;0;242571;101934;2;0;105982;0;0;0;0
FR;2;2021-03-12;7988;8367;0;0;8669;0;0;0;0;250559;110301;2;0;114651;0;0;0;0
FR;2;2021-03-13;10057;2593;0;0;2914;0;0;0;0;260616;112894;2;0;117565;0;0;0;0
FR;2;2021-03-14;4841;380;0;0;539;0;0;0;0;265457;113274;2;0;118104;0;0;0;0
FR;2;2021-03-15;10919;3476;0;0;3765;0;0;0;0;276376;116750;2;0;121869;0;0;0;0
FR;2;2021-03-16;16770;4732;1;0;5282;0;0;0;0;293146;121482;3;0;127151;0;0;0;0
FR;2;2021-03-17;20242;3998;0;0;4672;0;0;0;0;313388;125480;3;0;131823;0;0;0;0
FR;2;2021-03-18;23375;5127;0;0;5956;0;0;0;0;336763;130607;3;0;137779;0;0;0;0
FR;2;2021-03-19;23316;4680;0;0;5442;0;0;0;0;360079;135287;3;0;143221;0;0;0;0
FR;2;2021-03-20;25452;1586;0;0;2343;0;0;0;0;385531;136873;3;0;145564;0;0;0;0
FR;2;2021-03-21;17674;153;0;0;731;0;0;0;0;403205;137026;3;0;146295;0;0;0;0
FR;2;2021-03-22;17791;3261;0;0;3930;0;0;0;0;420996;140287;3;0;150225;0;0;0;0
FR;2;2021-03-23;22706;4287;0;0;5141;0;0;0;0;443702;144574;3;0;155366;0;0;0;0
FR;2;2021-03-24;23964;5091;0;0;5928;0;0;0;0;467666;149665;3;0;161294;0;0;0;0
FR;2;2021-03-25;26762;5257;1;0;6454;0;0;0;0;494428;154922;4;0;167748;0;0;0;0
FR;2;2021-03-26;26992;4237;0;0;5383;0;0;0;0;521420;159159;4;0;173131;0;0;0;0
FR;2;2021-03-27;15923;1368;0;0;1898;0;0;0;0;537343;160527;4;0;175029;0;0;0;0
FR;2;2021-03-28;10563;136;0;0;428;0;0;0;0;547906;160663;4;0;175457;0;0;0;0
FR;2;2021-03-29;19003;4349;0;0;5049;0;0;0;0;566909;165012;4;0;180506;0;0;0;0
FR;2;2021-03-30;24597;6105;0;0;7045;0;0;0;0;591506;171117;4;0;187551;0;0;0;0
FR;2;2021-03-31;28562;5931;0;0;7223;0;0;0;0;620068;177048;4;0;194774;0;0;0;0
FR;2;2021-04-01;34559;8575;1;0;10268;0;0;0;0;654627;185623;5;0;205042;0;0;0;0
FR;2;2021-04-02;29992;7735;0;0;9162;0;0;0;0;684619;193358;5;0;214204;0;0;0;0
FR;2;2021-04-03;16959;4262;0;0;4944;0;0;0;0;701578;197620;5;0;219148;0;0;0;0
FR;2;2021-04-04;9309;1268;2;0;1676;0;0;0;0;710887;198888;7;0;220824;0;0;0;0
FR;2;2021-04-05;12448;797;0;0;1381;0;0;0;0;723335;199685;7;0;222205;0;0;0;0
FR;2;2021-04-06;27159;7358;0;0;8750;0;0;0;0;750494;207043;7;0;230955;0;0;0;0
FR;2;2021-04-07;30931;7070;1;0;8646;0;0;0;0;781425;214113;8;0;239601;0;0;0;0
FR;2;2021-04-08;36896;8592;1;0;10517;0;0;0;0;818321;222705;9;0;250118;0;0;0;0
FR;2;2021-04-09;33856;8390;28;0;10175;0;0;0;0;852177;231095;37;0;260293;0;0;0;0
FR;2;2021-04-10;19689;9268;1;0;10180;0;0;0;0;871866;240363;38;0;270473;0;0;0;0
FR;2;2021-04-11;7943;4240;1;0;4603;0;0;0;0;879809;244603;39;0;275076;0;0;0;0
FR;2;2021-04-12;17135;11029;0;0;11870;0;0;0;0;896944;255632;39;0;286946;0;0;0;0
FR;2;2021-04-13;19464;16036;1;0;17104;0;0;0;0;916408;271668;40;0;304050;0;0;0;0
FR;2;2021-04-14;18072;16443;7;0;17539;0;0;0;0;934480;288111;47;0;321589;0;0;0;0
FR;2;2021-04-15;22207;21886;27;0;23340;0;0;0;0;956687;309997;74;0;344929;0;0;0;0
FR;2;2021-04-16;20721;20645;45;0;21918;0;0;0;0;977408;330642;119;0;366847;0;0;0;0
FR;2;2021-04-17;13258;22495;5;0;23226;0;0;0;0;990666;353137;124;0;390073;0;0;0;0
FR;2;2021-04-18;5911;14398;6;0;14739;0;0;0;0;996577;367535;130;0;404812;0;0;0;0
FR;2;2021-04-19;16850;16395;24;0;17198;0;0;0;0;1013427;383930;154;0;422010;0;0;0;0
FR;2;2021-04-20;19328;21806;38;0;22868;0;0;0;0;1032755;405736;192;0;444878;0;0;0;0
FR;2;2021-04-21;20294;21899;76;0;23049;0;0;0;0;1053049;427635;268;0;467927;0;0;0;0
FR;2;2021-04-22;23824;24954;41;0;26366;0;0;0;0;1076873;452589;309;0;494293;0;0;0;0
FR;2;2021-04-23;24534;25499;76;0;27010;0;0;0;0;1101407;478088;385;0;521303;0;0;0;0
FR;2;2021-04-24;25305;15068;104;0;16506;0;0;0;0;1126712;493156;489;0;537809;0;0;0;0
FR;2;2021-04-25;9597;8622;5;0;9183;0;0;0;0;1136309;501778;494;0;546992;0;0;0;0
FR;2;2021-04-26;17169;17677;21;0;18563;0;0;0;0;1153478;519455;515;0;565555;0;0;0;0
FR;2;2021-04-27;19246;24099;40;0;25283;0;0;0;0;1172724;543554;555;0;590838;0;0;0;0
FR;2;2021-04-28;22343;26461;113;0;27862;0;0;0;0;1195067;570015;668;0;618700;0;0;0;0
FR;2;2021-04-29;25476;30496;70;0;32186;0;0;0;0;1220543;600511;738;0;650886;0;0;0;0
FR;2;2021-04-30;25540;27976;49;1;29626;0;0;0;0;1246083;628487;787;1;680512;0;0;0;0
FR;2;2021-05-01;14988;9854;6;0;10655;0;0;0;0;1261071;638341;793;1;691167;0;0;0;0
FR;2;2021-05-02;6642;9160;2;0;9506;0;0;0;0;1267713;647501;795;1;700673;0;0;0;0
FR;2;2021-05-03;20025;19126;40;0;20333;0;0;0;0;1287738;666627;835;1;721006;0;0;0;0
FR;2;2021-05-04;18288;29201;33;0;30347;0;0;0;0;1306026;695828;868;1;751353;0;0;0;0
FR;2;2021-05-05;18385;29524;48;0;30822;0;0;0;0;1324411;725352;916;1;782175;0;0;0;0
FR;2;2021-05-06;23553;35414;132;0;36987;0;0;0;0;1347964;760766;1048;1;819162;0;0;0;0
FR;2;2021-05-07;25347;33240;97;0;35098;0;0;0;0;1373311;794006;1145;1;854260;0;0;0;0
FR;2;2021-05-08;21343;10680;15;0;11767;0;0;0;0;1394654;804686;1160;1;866027;0;0;0;0
FR;2;2021-05-09;13170;7624;7;0;8299;0;0;0;0;1407824;812310;1167;1;874326;0;0;0;0
FR;2;2021-05-10;32946;21718;50;0;23575;0;0;0;0;1440770;834028;1217;1;897901;0;0;0;0
FR;2;2021-05-11;43616;20901;101;0;23526;0;0;0;0;1484386;854929;1318;1;921427;0;0;0;0
FR;2;2021-05-12;50070;19640;143;0;22521;0;0;0;0;1534456;874569;1461;1;943948;0;0;0;0
FR;2;2021-05-13;51301;5599;31;0;8467;0;0;0;0;1585757;880168;1492;1;952415;0;0;0;0
FR;2;2021-05-14;61361;12883;132;0;16537;0;0;0;0;1647118;893051;1624;1;968952;0;0;0;0
FR;2;2021-05-15;65938;7100;40;0;10650;0;0;0;0;1713056;900151;1664;1;979602;0;0;0;0
FR;2;2021-05-16;43588;2573;10;0;4944;0;0;0;0;1756644;902724;1674;1;984546;0;0;0;0
FR;2;2021-05-17;44756;12449;114;0;15356;0;0;0;0;1801400;915173;1788;1;999902;0;0;0;0
FR;2;2021-05-18;54650;12285;190;0;15967;0;0;0;0;1856050;927458;1978;1;1015869;0;0;0;0
FR;2;2021-05-19;57179;10459;281;0;14499;0;0;0;0;1913229;937917;2259;1;1030368;0;0;0;0
FR;2;2021-05-20;63451;10797;288;0;14893;0;0;0;0;1976680;948714;2547;1;1045261;0;0;0;0
FR;2;2021-05-21;64306;11605;230;0;16030;0;0;0;0;2040986;960319;2777;1;1061291;0;0;0;0
FR;2;2021-05-22;61488;4531;65;0;8501;0;0;0;0;2102474;964850;2842;1;1069792;0;0;0;0
FR;2;2021-05-23;37536;576;22;0;2913;0;0;0;0;2140010;965426;2864;1;1072705;0;0;0;0
FR;2;2021-05-24;17248;2052;35;0;3259;0;0;0;0;2157258;967478;2899;1;1075964;0;0;0;0
FR;2;2021-05-25;21121;12256;241;0;13857;0;0;0;0;2178379;979734;3140;1;1089821;0;0;0;0
FR;2;2021-05-26;19946;11539;230;0;13067;0;0;0;0;2198325;991273;3370;1;1102888;0;0;0;0
FR;2;2021-05-27;23001;12664;182;0;14402;0;0;0;0;2221326;1003937;3552;1;1117290;0;0;0;0
FR;2;2021-05-28;29397;15045;190;0;17225;0;0;0;0;2250723;1018982;3742;1;1134515;0;0;0;0
FR;2;2021-05-29;30424;8194;58;0;10103;0;0;0;0;2281147;1027176;3800;1;1144618;0;0;0;0
FR;2;2021-05-30;4648;1820;6;0;2155;0;0;0;0;2285795;1028996;3806;1;1146773;0;0;0;0
FR;2;2021-05-31;28590;18743;184;0;20822;0;0;0;0;2314385;1047739;3990;1;1167595;0;0;0;0
FR;2;2021-06-01;45744;19914;225;0;23150;0;0;0;0;2360129;1067653;4215;1;1190745;0;0;0;0
FR;2;2021-06-02;37483;19311;182;0;22317;0;0;0;0;2397612;1086964;4397;1;1213062;0;0;0;0
FR;2;2021-06-03;51282;23116;161;0;26969;0;0;0;0;2448894;1110080;4558;1;1240031;0;0;0;0
FR;2;2021-06-04;65518;24090;217;0;29056;0;0;0;0;2514412;1134170;4775;1;1269087;0;0;0;0
FR;2;2021-06-05;34607;24111;52;0;26966;0;0;0;0;2549019;1158281;4827;1;1296053;0;0;0;0
FR;2;2021-06-06;4958;6194;10;0;6613;0;0;0;0;2553977;1164475;4837;1;1302666;0;0;0;0
FR;2;2021-06-07;28177;23013;150;0;25428;0;0;0;0;2582154;1187488;4987;1;1328094;0;0;0;0
FR;2;2021-06-08;46379;22944;143;0;26910;0;0;0;0;2628533;1210432;5130;1;1355004;0;0;0;0
FR;2;2021-06-09;34297;20998;107;0;24130;0;0;0;0;2662830;1231430;5237;1;1379134;0;0;0;0
FR;2;2021-06-10;42644;19081;96;1;23003;0;0;0;0;2705474;1250511;5333;2;1402137;0;0;0;0
FR;2;2021-06-11;55305;25133;134;0;30232;0;0;0;0;2760779;1275644;5467;2;1432369;0;0;0;0
FR;2;2021-06-12;30566;19800;53;0;22654;0;0;0;0;2791345;1295444;5520;2;1455023;0;0;0;0
FR;2;2021-06-13;3334;9197;13;0;9586;0;0;0;0;2794679;1304641;5533;2;1464609;0;0;0;0
FR;2;2021-06-14;25304;24118;92;0;26698;0;0;0;0;2819983;1328759;5625;2;1491307;0;0;0;0
FR;2;2021-06-15;39049;22820;154;0;26568;0;0;0;0;2859032;1351579;5779;2;1517875;0;0;0;0
FR;2;2021-06-16;30168;21368;135;0;24522;0;0;0;0;2889200;1372947;5914;2;1542397;0;0;0;0
FR;2;2021-06-17;36913;25740;150;0;29602;0;0;0;0;2926113;1398687;6064;2;1571999;0;0;0;0
FR;2;2021-06-18;46860;28887;123;0;33589;0;0;0;0;2972973;1427574;6187;2;1605588;0;0;0;0
FR;2;2021-06-19;24527;24939;39;0;27713;0;0;0;0;2997500;1452513;6226;2;1633301;0;0;0;0
FR;2;2021-06-20;3745;10058;9;0;10557;0;0;0;0;3001245;1462571;6235;2;1643858;0;0;0;0
FR;2;2021-06-21;17538;42860;88;0;44872;0;0;0;0;3018783;1505431;6323;2;1688730;0;0;0;0
FR;2;2021-06-22;28366;49616;110;0;53044;0;0;0;0;3047149;1555047;6433;2;1741774;0;0;0;0
FR;2;2021-06-23;21790;49618;107;1;52466;1;0;0;0;3068939;1604665;6540;3;1794240;1;0;0;0
FR;2;2021-06-24;28380;50316;134;0;54047;0;0;0;0;3097319;1654981;6674;3;1848287;1;0;0;0
FR;2;2021-06-25;33402;60488;129;0;64877;0;0;0;0;3130721;1715469;6803;3;1913164;1;0;0;0
FR;2;2021-06-26;16395;59356;54;1;61748;0;0;0;0;3147116;1774825;6857;4;1974912;1;0;0;0
FR;2;2021-06-27;2566;29316;22;1;29898;0;0;0;0;3149682;1804141;6879;5;2004810;1;0;0;0
FR;2;2021-06-28;12641;54339;84;0;56315;0;0;0;0;3162323;1858480;6963;5;2061125;1;0;0;0
FR;2;2021-06-29;19856;59997;178;0;62940;0;0;0;0;3182179;1918477;7141;5;2124065;1;0;0;0
FR;2;2021-06-30;16337;58038;253;17;60723;0;0;0;0;3198516;1976515;7394;22;2184788;1;0;0;0
FR;2;2021-07-01;20497;59874;228;0;63201;0;0;0;0;3219013;2036389;7622;22;2247989;1;0;0;0
FR;2;2021-07-02;24083;62157;184;0;66371;0;0;0;0;3243096;2098546;7806;22;2314360;1;0;0;0
FR;2;2021-07-03;12123;57144;153;0;59483;0;0;0;0;3255219;2155690;7959;22;2373843;1;0;0;0
FR;2;2021-07-04;1961;23305;18;0;23872;0;0;0;0;3257180;2178995;7977;22;2397715;1;0;0;0
FR;2;2021-07-05;9179;29258;106;0;30894;0;0;0;0;3266359;2208253;8083;22;2428609;1;0;0;0
FR;2;2021-07-06;14583;36279;135;0;38959;0;0;0;0;3280942;2244532;8218;22;2467568;1;0;0;0
FR;2;2021-07-07;14420;33662;140;0;36416;0;0;0;0;3295362;2278194;8358;22;2503984;1;0;0;0
FR;2;2021-07-08;19723;40321;162;0;43978;0;0;0;0;3315085;2318515;8520;22;2547962;1;0;0;0
FR;2;2021-07-09;27105;54330;202;1;59480;0;0;0;0;3342190;2372845;8722;23;2607442;1;0;0;0
FR;2;2021-07-10;13388;33710;107;0;36394;0;0;0;0;3355578;2406555;8829;23;2643836;1;0;0;0
FR;2;2021-07-11;1812;4344;16;0;4773;0;0;0;0;3357390;2410899;8845;23;2648609;1;0;0;0
FR;2;2021-07-12;12971;37268;119;0;39924;0;0;0;0;3370361;2448167;8964;23;2688533;1;0;0;0
FR;2;2021-07-13;37120;53144;152;0;60280;0;0;0;0;3407481;2501311;9116;23;2748813;1;0;0;0
FR;2;2021-07-14;6628;3541;15;0;4889;0;0;0;0;3414109;2504852;9131;23;2753702;1;0;0;0
FR;2;2021-07-15;47244;47014;156;0;55212;0;0;0;0;3461353;2551866;9287;23;2808914;1;0;0;0
FR;2;2021-07-16;64320;55752;188;0;66735;0;0;0;0;3525673;2607618;9475;23;2875649;1;0;0;0
FR;2;2021-07-17;31602;23918;96;0;29375;0;0;0;0;3557275;2631536;9571;23;2905024;1;0;0;0
FR;2;2021-07-18;6091;4806;19;0;5953;0;0;0;0;3563366;2636342;9590;23;2910977;1;0;0;0
FR;2;2021-07-19;33007;28601;94;0;34214;0;0;0;0;3596373;2664943;9684;23;2945191;1;0;0;0
FR;2;2021-07-20;52000;44525;155;0;53163;0;0;0;0;3648373;2709468;9839;23;2998354;1;0;0;0
FR;2;2021-07-21;45257;34626;93;0;42131;0;0;0;0;3693630;2744094;9932;23;3040485;1;0;0;0
FR;2;2021-07-22;56280;41083;128;1;50357;0;0;0;0;3749910;2785177;10060;24;3090842;1;0;0;0
FR;2;2021-07-23;68304;48964;170;0;60255;0;0;0;0;3818214;2834141;10230;24;3151097;1;0;0;0
FR;2;2021-07-24;36178;21613;82;0;27471;0;0;0;0;3854392;2855754;10312;24;3178568;1;0;0;0
FR;2;2021-07-25;6751;2607;10;0;3865;0;0;0;0;3861143;2858361;10322;24;3182433;1;0;0;0
FR;2;2021-07-26;36320;22337;91;1;27841;0;0;0;0;3897463;2880698;10413;25;3210274;1;0;0;0
FR;2;2021-07-27;62391;34562;180;0;43709;0;0;0;0;3959854;2915260;10593;25;3253983;1;0;0;0
FR;2;2021-07-28;55327;26426;132;0;34514;0;0;0;0;4015181;2941686;10725;25;3288497;1;0;0;0
FR;2;2021-07-29;68481;32796;189;0;42477;0;0;0;0;4083662;2974482;10914;25;3330974;1;0;0;0
FR;2;2021-07-30;74468;37814;222;1;48607;0;0;0;0;4158130;3012296;11136;26;3379581;1;0;0;0
FR;2;2021-07-31;34778;16206;105;0;21404;0;0;0;0;4192908;3028502;11241;26;3400985;1;0;0;0
FR;2;2021-08-01;5416;2260;19;0;3123;0;0;0;0;4198324;3030762;11260;26;3404108;1;0;0;0
FR;2;2021-08-02;35895;16151;101;0;21053;0;0;0;0;4234219;3046913;11361;26;3425161;1;0;0;0
FR;2;2021-08-03;55987;28256;143;0;35459;0;0;0;0;4290206;3075169;11504;26;3460620;1;0;0;0
FR;2;2021-08-04;46639;20829;128;1;26937;0;0;0;0;4336845;3095998;11632;27;3487557;1;0;0;0
FR;2;2021-08-05;54641;31562;215;0;38739;0;0;0;0;4391486;3127560;11847;27;3526296;1;0;0;0
FR;2;2021-08-06;58098;42398;242;1;50226;0;0;0;0;4449584;3169958;12089;28;3576522;1;0;0;0
FR;2;2021-08-07;25152;17627;89;0;21317;0;0;0;0;4474736;3187585;12178;28;3597839;1;0;0;0
FR;2;2021-08-08;3840;3653;21;0;4311;0;0;0;0;4478576;3191238;12199;28;3602150;1;0;0;0
FR;2;2021-08-09;29308;21023;92;0;24850;0;0;0;0;4507884;3212261;12291;28;3627000;1;0;0;0
FR;2;2021-08-10;45012;33463;155;0;39225;0;0;0;0;4552896;3245724;12446;28;3666225;1;0;0;0
FR;2;2021-08-11;35277;25141;151;0;29743;0;0;0;0;4588173;3270865;12597;28;3695968;1;0;0;0
FR;2;2021-08-12;41905;35691;163;0;41229;0;0;0;0;4630078;3306556;12760;28;3737197;1;0;0;0
FR;2;2021-08-13;42607;37350;218;0;43037;0;0;0;0;4672685;3343906;12978;28;3780234;1;0;0;0
FR;2;2021-08-14;18524;22134;94;0;24765;0;0;0;0;4691209;3366040;13072;28;3804999;1;0;0;0
FR;2;2021-08-15;3865;3795;17;0;4382;0;0;0;0;4695074;3369835;13089;28;3809381;1;0;0;0
FR;2;2021-08-16;25094;27122;111;0;30444;0;0;0;0;4720168;3396957;13200;28;3839825;1;0;0;0
FR;2;2021-08-17;38269;43398;207;2;48383;0;0;0;0;4758437;3440355;13407;30;3888208;1;0;0;0
FR;2;2021-08-18;32254;36352;195;1;40695;0;0;0;0;4790691;3476707;13602;31;3928903;1;0;0;0
FR;2;2021-08-19;37435;46575;224;0;51778;0;0;0;0;4828126;3523282;13826;31;3980681;1;0;0;0
FR;2;2021-08-20;40568;55650;271;1;61576;0;0;0;0;4868694;3578932;14097;32;4042257;1;0;0;0
FR;2;2021-08-21;18120;24320;117;0;27112;0;0;0;0;4886814;3603252;14214;32;4069369;1;0;0;0
FR;2;2021-08-22;2909;4321;22;1;4853;1;0;0;0;4889723;3607573;14236;33;4074222;2;0;0;0
FR;2;2021-08-23;19249;35149;131;1;38038;0;0;0;0;4908972;3642722;14367;34;4112260;2;0;0;0
FR;2;2021-08-24;31952;56036;236;0;60693;0;0;0;0;4940924;3698758;14603;34;4172953;2;0;0;0
FR;2;2021-08-25;25934;43456;251;0;47405;0;0;0;0;4966858;3742214;14854;34;4220358;2;0;0;0
FR;2;2021-08-26;32362;55843;388;0;60582;0;0;0;0;4999220;3798057;15242;34;4280940;2;0;0;0
FR;2;2021-08-27;37004;65680;477;2;71406;0;0;0;0;5036224;3863737;15719;36;4352346;2;0;0;0
FR;2;2021-08-28;17819;28556;300;0;31617;0;0;0;0;5054043;3892293;16019;36;4383963;2;0;0;0
FR;2;2021-08-29;2656;5010;47;0;5621;0;0;0;0;5056699;3897303;16066;36;4389584;2;0;0;0
FR;2;2021-08-30;18418;37726;399;0;40147;756;0;0;0;5075117;3935029;16465;36;4429731;758;0;0;0
FR;2;2021-08-31;28077;57518;887;4;60949;1558;0;0;0;5103194;3992547;17352;40;4490680;2316;0;0;0
FR;2;2021-09-01;21594;39873;1309;0;42256;2128;0;0;0;5124788;4032420;18661;40;4532936;4444;0;0;0
FR;2;2021-09-02;25486;48670;1963;2;50945;3369;0;0;0;5150274;4081090;20624;42;4583881;7813;0;0;0
FR;2;2021-09-03;33414;64574;2988;3;67539;4886;1;0;0;5183688;4145664;23612;45;4651420;12699;1;0;0
FR;2;2021-09-04;16833;27766;1443;1;29557;2386;0;0;0;5200521;4173430;25055;46;4680977;15085;1;0;0
FR;2;2021-09-05;2265;3585;266;0;3942;412;0;0;0;5202786;4177015;25321;46;4684919;15497;1;0;0
FR;2;2021-09-06;14044;28692;1771;1;29759;2945;0;0;0;5216830;4205707;27092;47;4714678;18442;1;0;0
FR;2;2021-09-07;21111;41111;3022;13;42266;4944;0;0;0;5237941;4246818;30114;60;4756944;23386;1;0;0
FR;2;2021-09-08;17248;31921;2735;6;32739;4497;0;0;0;5255189;4278739;32849;66;4789683;27883;1;0;0
FR;2;2021-09-09;20982;40484;4437;3;41229;6842;0;0;0;5276171;4319223;37286;69;4830912;34725;1;0;0
FR;2;2021-09-10;28203;51312;5286;4;51884;8979;1;0;0;5304374;4370535;42572;73;4882796;43704;2;0;0
FR;2;2021-09-11;13654;22457;2405;5;23133;3987;0;0;0;5318028;4392992;44977;78;4905929;47691;2;0;0
FR;2;2021-09-12;1824;2773;292;0;2965;512;0;0;0;5319852;4395765;45269;78;4908894;48203;2;0;0
FR;2;2021-09-13;11659;21440;2474;4;21702;4050;0;0;0;5331511;4417205;47743;82;4930596;52253;2;0;0
FR;2;2021-09-14;18577;32720;5092;13;31679;9055;2;0;0;5350088;4449925;52835;95;4962275;61308;4;0;0
FR;2;2021-09-15;14917;28227;5168;3;26928;7748;9;0;0;5365005;4478152;58003;98;4989203;69056;13;0;0
FR;2;2021-09-16;16078;32798;6737;12;30179;10541;4;0;0;5381083;4510950;64740;110;5019382;79597;17;0;0
FR;2;2021-09-17;20916;47180;8782;10;42827;14631;6;0;0;5401999;4558130;73522;120;5062209;94228;23;0;0
FR;2;2021-09-18;9857;20961;3804;6;19597;6034;1;0;0;5411856;4579091;77326;126;5081806;100262;24;0;0
FR;2;2021-09-19;1166;2590;396;0;2533;631;0;0;0;5413022;4581681;77722;126;5084339;100893;24;0;0
FR;2;2021-09-20;7503;18703;3856;7;17026;6135;4;0;0;5420525;4600384;81578;133;5101365;107028;28;0;0
FR;2;2021-09-21;11215;29984;6495;5;26536;10745;3;0;0;5431740;4630368;88073;138;5127901;117773;31;0;0
FR;2;2021-09-22;9414;23545;5490;6;21194;8525;8;0;0;5441154;4653913;93563;144;5149095;126298;39;0;0
FR;2;2021-09-23;10730;28905;7881;10;24733;12647;10;0;0;5451884;4682818;101444;154;5173828;138945;49;0;0
FR;2;2021-09-24;15075;42945;10877;18;37280;17244;21;0;0;5466959;4725763;112321;172;5211108;156189;70;0;0
FR;2;2021-09-25;7258;18798;3965;9;17152;6120;3;0;0;5474217;4744561;116286;181;5228260;162309;73;0;0
FR;2;2021-09-26;1080;2544;495;0;2490;630;1;0;0;5475297;4747105;116781;181;5230750;162939;74;0;0
FR;2;2021-09-27;6311;16399;4287;8;14791;6533;2;0;0;5481608;4763504;121068;189;5245541;169472;76;0;0
FR;2;2021-09-28;9242;25572;7770;14;21720;12087;7;0;0;5490850;4789076;128838;203;5267261;181559;83;0;0
FR;2;2021-09-29;8081;20199;6067;25;17605;9261;8;0;0;5498931;4809275;134905;228;5284866;190820;91;0;0
FR;2;2021-09-30;9865;25837;9509;16;21638;14099;6;0;0;5508796;4835112;144414;244;5306504;204919;97;0;0
FR;2;2021-10-01;13978;35734;12921;25;30044;19328;9;0;0;5522774;4870846;157335;269;5336548;224247;106;0;0
FR;2;2021-10-02;6874;15931;4850;7;14226;7045;6;0;0;5529648;4886777;162185;276;5350774;231292;112;0;0
FR;2;2021-10-03;841;1910;492;1;1841;502;0;0;0;5530489;4888687;162677;277;5352615;231794;112;0;0
FR;2;2021-10-04;5826;13901;5516;5;12137;7854;6;0;0;5536315;4902588;168193;282;5364752;239648;118;0;0
FR;2;2021-10-05;9058;22569;11125;19;18529;15741;1;0;0;5545373;4925157;179318;301;5383281;255389;119;0;0
FR;2;2021-10-06;7785;17747;8243;11;15273;11091;4;0;0;5553158;4942904;187561;312;5398554;266480;123;0;0
FR;2;2021-10-07;9204;22213;12386;14;18006;16879;6;0;0;5562362;4965117;199947;326;5416560;283359;129;0;0
FR;2;2021-10-08;13432;32145;17349;28;26518;23610;11;0;0;5575794;4997262;217296;354;5443078;306969;140;0;0
FR;2;2021-10-09;6000;12847;6044;6;11381;7897;7;0;0;5581794;5010109;223340;360;5454459;314866;147;0;0
FR;2;2021-10-10;885;1592;436;2;1536;604;1;0;0;5582679;5011701;223776;362;5455995;315470;148;0;0
FR;2;2021-10-11;5607;11545;6455;17;9934;8828;3;0;0;5588286;5023246;230231;379;5465929;324298;151;0;0
FR;2;2021-10-12;8030;17789;12551;13;13920;16790;9;0;0;5596316;5041035;242782;392;5479849;341088;160;0;0
FR;2;2021-10-13;6947;14863;10256;12;11808;13659;7;0;0;5603263;5055898;253038;404;5491657;354747;167;0;0
FR;2;2021-10-14;8314;17940;14996;13;13558;19477;10;0;0;5611577;5073838;268034;417;5505215;374224;177;0;0
FR;2;2021-10-15;11856;26309;20902;26;19412;27981;4;0;0;5623433;5100147;288936;443;5524627;402205;181;0;0
FR;2;2021-10-16;5141;8732;1819;0;8173;3209;2;0;0;5628574;5108879;290755;443;5532800;405414;183;0;0
FR;2;2021-10-17;652;1149;185;0;1082;354;1;0;0;5629226;5110028;290940;443;5533882;405768;184;0;0
FR;2;2021-10-18;4564;7337;665;2;7243;1630;0;0;0;5633790;5117365;291605;445;5541125;407398;184;0;0
FR;2;2021-10-19;6239;9848;732;5;9655;2030;5;0;0;5640029;5127213;292337;450;5550780;409428;189;0;0
FR;2;2021-10-20;5170;8050;759;3;8172;1675;0;0;0;5645199;5135263;293096;453;5558952;411103;189;0;0
FR;2;2021-10-21;6090;9977;780;5;9834;2105;1;0;0;5651289;5145240;293876;458;5568786;413208;190;0;0
FR;2;2021-10-22;8452;14599;1151;4;14475;2891;2;0;0;5659741;5159839;295027;462;5583261;416099;192;0;0
FR;2;2021-10-23;3845;5994;587;0;6127;1235;3;0;0;5663586;5165833;295614;462;5589388;417334;195;0;0
FR;2;2021-10-24;494;882;101;0;900;204;0;0;0;5664080;5166715;295715;462;5590288;417538;195;0;0
FR;2;2021-10-25;3360;5343;307;1;5519;825;2;0;0;5667440;5172058;296022;463;5595807;418363;197;0;0
FR;2;2021-10-26;4177;7237;1133;4;7126;2022;5;0;0;5671617;5179295;297155;467;5602933;420385;202;0;0
FR;2;2021-10-27;3677;6590;1194;5;6451;1990;1;0;0;5675294;5185885;298349;472;5609384;422375;203;0;0
FR;2;2021-10-28;4597;7690;1736;3;7417;2746;1;0;0;5679891;5193575;300085;475;5616801;425121;204;0;0
FR;2;2021-10-29;5414;11082;2438;4;10692;3684;3;0;0;5685305;5204657;302523;479;5627493;428805;207;0;0
FR;2;2021-10-30;2749;4459;976;1;4454;1448;2;0;0;5688054;5209116;303499;480;5631947;430253;209;0;0
FR;2;2021-10-31;364;535;140;1;544;191;1;0;0;5688418;5209651;303639;481;5632491;430444;210;0;0
FR;2;2021-11-01;429;546;181;0;563;267;1;0;0;5688847;5210197;303820;481;5633054;430711;211;0;0
FR;2;2021-11-02;3294;6758;1184;0;6800;1771;5;0;0;5692141;5216955;305004;481;5639854;432482;216;0;0
FR;2;2021-11-03;3340;6226;1389;2;6311;1970;2;0;0;5695481;5223181;306393;483;5646165;434452;218;0;0
FR;2;2021-11-04;3987;7069;1769;4;7109;2495;3;0;0;5699468;5230250;308162;487;5653274;436947;221;0;0
FR;2;2021-11-05;5235;10502;2868;5;10215;3957;5;0;0;5704703;5240752;311030;492;5663489;440904;226;0;0
FR;2;2021-11-06;2597;4682;1407;0;4640;1824;2;0;0;5707300;5245434;312437;492;5668129;442728;228;0;0
FR;2;2021-11-07;506;862;221;0;869;291;2;0;0;5707806;5246296;312658;492;5668998;443019;230;0;0
FR;2;2021-11-08;2578;5348;1205;3;5268;1676;3;0;0;5710384;5251644;313863;495;5674266;444695;233;0;0
FR;2;2021-11-09;2749;6908;2402;5;6442;3182;2;0;0;5713133;5258552;316265;500;5680708;447877;235;0;0
FR;2;2021-11-10;2590;5669;5117;6;4761;6294;7;0;0;5715723;5264221;321382;506;5685469;454171;242;0;0
FR;2;2021-11-11;446;755;755;2;648;938;3;0;0;5716169;5264976;322137;508;5686117;455109;245;0;0
FR;2;2021-11-12;2953;8087;8982;8;6196;10932;9;0;0;5719122;5273063;331119;516;5692313;466041;254;0;0
FR;2;2021-11-13;1539;3373;3872;7;2722;4538;4;0;0;5720661;5276436;334991;523;5695035;470579;258;0;0
FR;2;2021-11-14;258;585;351;1;486;480;3;0;0;5720919;5277021;335342;524;5695521;471059;261;0;0
FR;2;2021-11-15;1621;3653;4449;8;2907;5329;16;0;0;5722540;5280674;339791;532;5698428;476388;277;0;0
FR;2;2021-11-16;2184;5878;8313;14;4155;10082;16;0;0;5724724;5286552;348104;546;5702583;486470;293;0;0
FR;2;2021-11-17;1740;4523;6634;8;3168;7852;5;0;0;5726464;5291075;354738;554;5705751;494322;298;0;0
FR;2;2021-11-18;2192;5920;9188;10;4018;11018;8;0;0;5728656;5296995;363926;564;5709769;505340;306;0;0
FR;2;2021-11-19;2701;7752;12981;19;4832;15480;12;0;0;5731357;5304747;376907;583;5714601;520820;318;0;0
FR;2;2021-11-20;1566;3333;5184;5;2351;6097;3;0;0;5732923;5308080;382091;588;5716952;526917;321;0;0
FR;2;2021-11-21;251;502;543;0;392;655;3;0;0;5733174;5308582;382634;588;5717344;527572;324;0;0
FR;2;2021-11-22;1278;2573;4485;5;1675;5398;9;0;0;5734452;5311155;387119;593;5719019;532970;333;0;0
FR;2;2021-11-23;1617;4276;8206;9;2536;9921;6;0;0;5736069;5315431;395325;602;5721555;542891;339;0;0
FR;2;2021-11-24;1421;3747;7486;14;2246;8736;9;0;0;5737490;5319178;402811;616;5723801;551627;348;0;0
FR;2;2021-11-25;1813;4863;11474;21;2682;13668;6;0;0;5739303;5324041;414285;637;5726483;565295;354;0;0
FR;2;2021-11-26;2541;7735;22676;31;3812;26091;14;0;0;5741844;5331776;436961;668;5730295;591386;368;0;0
FR;2;2021-11-27;1498;4144;12278;19;2127;14042;13;0;0;5743342;5335920;449239;687;5732422;605428;381;0;0
FR;2;2021-11-28;292;835;1976;3;477;2303;5;0;0;5743634;5336755;451215;690;5732899;607731;386;0;0
FR;2;2021-11-29;1449;4349;15099;23;2010;17269;25;0;0;5745083;5341104;466314;713;5734909;625000;411;0;0
FR;2;2021-11-30;1912;6655;26251;36;2638;30011;22;0;0;5746995;5347759;492565;749;5737547;655011;433;0;0
FR;2;2021-12-01;1916;6009;26210;31;2479;29519;20;0;0;5748911;5353768;518775;780;5740026;684530;453;0;0
FR;2;2021-12-02;1916;6780;37735;52;2112;41994;32;0;0;5750827;5360548;556510;832;5742138;726524;485;0;0
FR;2;2021-12-03;2558;10069;53644;111;3592;59392;30;0;0;5753385;5370617;610154;943;5745730;785916;515;0;0
FR;2;2021-12-04;1850;6275;37130;38;2185;40818;16;0;0;5755235;5376892;647284;981;5747915;826734;531;0;0
FR;2;2021-12-05;458;2242;14265;14;533;15990;7;0;0;5755693;5379134;661549;995;5748448;842724;538;0;0
FR;2;2021-12-06;2486;9851;77735;109;2700;84789;25;0;0;5758179;5388985;739284;1104;5751148;927513;563;0;0
FR;2;2021-12-07;3458;15287;122473;238;3742;133794;40;0;0;5761637;5404272;861757;1342;5754890;1061307;603;0;0
FR;2;2021-12-08;3725;15969;133224;330;3846;145413;54;0;0;5765362;5420241;994981;1672;5758736;1206720;657;0;0
FR;2;2021-12-09;4546;19628;170241;554;4169;185638;61;0;0;5769908;5439869;1165222;2226;5762905;1392358;718;0;0
FR;2;2021-12-10;4676;22806;188699;490;5012;206189;69;0;0;5774584;5462675;1353921;2716;5767917;1598547;787;0;0
FR;2;2021-12-11;3688;16621;132468;239;3663;144936;60;0;0;5778272;5479296;1486389;2955;5771580;1743483;847;0;0
FR;2;2021-12-12;1256;7119;59115;83;1015;65169;12;0;0;5779528;5486415;1545504;3038;5772595;1808652;859;0;0
FR;2;2021-12-13;5530;26811;220731;605;5223;243028;159;0;0;5785058;5513226;1766235;3643;5777818;2051680;1018;0;0
FR;2;2021-12-14;7019;37457;300806;909;6136;332277;190;0;0;5792077;5550683;2067041;4552;5783954;2383957;1208;0;0
FR;2;2021-12-15;6555;36214;285263;958;5866;315900;186;0;0;5798632;5586897;2352304;5510;5789820;2699857;1394;0;0
FR;2;2021-12-16;7765;37921;312177;982;6566;343816;186;0;0;5806397;5624818;2664481;6492;5796386;3043673;1580;0;0
FR;2;2021-12-17;8681;41190;327909;976;8020;360988;232;0;0;5815078;5666008;2992390;7468;5804406;3404661;1812;0;0
FR;2;2021-12-18;6514;26530;212374;448;4904;233676;120;0;0;5821592;5692538;3204764;7916;5809310;3638337;1932;0;0
FR;2;2021-12-19;2603;11403;90226;182;1655;100356;26;0;0;5824195;5703941;3294990;8098;5810965;3738693;1958;0;0
FR;2;2021-12-20;9548;33517;275258;707;6588;303404;209;0;0;5833743;5737458;3570248;8805;5817553;4042097;2167;0;0
FR;2;2021-12-21;11566;38271;309662;968;7371;341437;262;0;0;5845309;5775729;3879910;9773;5824924;4383534;2429;0;0
FR;2;2021-12-22;10460;32774;265146;952;6441;292501;316;0;1;5855769;5808503;4145056;10725;5831365;4676035;2745;0;1
FR;2;2021-12-23;9426;26619;199535;701;5875;221293;225;0;0;5865195;5835122;4344591;11426;5837240;4897328;2970;0;1
FR;2;2021-12-24;2783;7467;43866;140;2036;49562;78;0;0;5867978;5842589;4388457;11566;5839276;4946890;3048;0;1
FR;2;2021-12-25;201;671;2003;10;209;2478;15;0;0;5868179;5843260;4390460;11576;5839485;4949368;3063;0;1
FR;2;2021-12-26;1320;4215;25161;71;1052;28693;70;0;0;5869499;5847475;4415621;11647;5840537;4978061;3133;0;1
FR;2;2021-12-27;8076;29928;218435;659;6623;243386;294;0;0;5877575;5877403;4634056;12306;5847160;5221447;3427;0;1
FR;2;2021-12-28;9832;36287;272116;742;6982;302014;957;0;1;5887407;5913690;4906172;13048;5854142;5523461;4384;0;2
FR;2;2021-12-29;9498;32218;246150;765;6403;272695;1088;0;0;5896905;5945908;5152322;13813;5860545;5796156;5472;0;2
FR;2;2021-12-30;9464;28095;208838;663;5973;231478;1155;0;0;5906369;5974003;5361160;14476;5866518;6027634;6627;0;2
FR;2;2021-12-31;3011;8342;54991;176;2170;61234;392;0;0;5909380;5982345;5416151;14652;5868688;6088868;7019;0;2
FR;2;2022-01-01;231;693;2858;7;207;3353;29;0;0;5909611;5983038;5419009;14659;5868895;6092221;7048;0;2
FR;2;2022-01-02;1503;4853;29524;76;1165;33413;217;0;0;5911114;5987891;5448533;14735;5870060;6125634;7265;0;2
FR;2;2022-01-03;9606;35396;266544;806;8497;293922;1672;0;0;5920720;6023287;5715077;15541;5878557;6419556;8937;0;2
FR;2;2022-01-04;12856;45399;342102;1068;9970;377040;2458;0;1;5933576;6068686;6057179;16609;5888527;6796596;11395;0;3
FR;2;2022-01-05;11273;38629;294222;884;8634;323859;2154;0;2;5944849;6107315;6351401;17493;5897161;7120455;13549;0;5
FR;2;2022-01-06;13654;43490;331957;1298;9935;364769;2977;0;1;5958503;6150805;6683358;18791;5907096;7485224;16526;0;6
FR;2;2022-01-07;14224;47608;361123;1271;11229;396468;3159;0;0;5972727;6198413;7044481;20062;5918325;7881692;19685;0;6
FR;2;2022-01-08;7946;28135;201273;515;7209;221702;1528;0;2;5980673;6226548;7245754;20577;5925534;8103394;21213;0;8
FR;2;2022-01-09;2749;8949;62531;137;2070;69498;493;0;0;5983422;6235497;7308285;20714;5927604;8172892;21706;0;8
FR;2;2022-01-10;10100;31908;232509;859;8903;255084;2460;0;0;5993522;6267405;7540794;21573;5936507;8427976;24166;0;8
FR;2;2022-01-11;11466;36235;265944;1030;10055;290650;3380;0;1;6004988;6303640;7806738;22603;5946562;8718626;27546;0;9
FR;2;2022-01-12;8766;29783;206336;863;8714;226176;2798;0;5;6013754;6333423;8013074;23466;5955276;8944802;30344;0;14
FR;2;2022-01-13;9387;31334;224510;831;9038;244857;3463;0;4;6023141;6364757;8237584;24297;5964314;9189659;33807;0;18
FR;2;2022-01-14;9744;35576;254550;920;9842;277654;3979;0;1;6032885;6400333;8492134;25217;5974156;9467313;37786;0;19
FR;2;2022-01-15;5361;19444;140785;363;5320;153646;1928;0;0;6038246;6419777;8632919;25580;5979476;9620959;39714;0;19
FR;2;2022-01-16;1512;5457;35893;81;1619;39819;424;0;0;6039758;6425234;8668812;25661;5981095;9660778;40138;0;19
FR;2;2022-01-17;5546;19261;135421;601;6599;147261;2264;0;2;6045304;6444495;8804233;26262;5987694;9808039;42402;0;21
FR;2;2022-01-18;6422;21478;148647;647;7518;160469;3311;0;0;6051726;6465973;8952880;26909;5995212;9968508;45713;0;21
FR;2;2022-01-19;4398;16304;105112;552;6206;113702;2411;0;1;6056124;6482277;9057992;27461;6001418;10082210;48124;0;22
FR;2;2022-01-20;4873;17573;115304;603;7068;123695;3111;0;2;6060997;6499850;9173296;28064;6008486;10205905;51235;0;24
FR;2;2022-01-21;5198;20044;137356;679;7169;147777;3455;0;1;6066195;6519894;9310652;28743;6015655;10353682;54690;0;25
FR;2;2022-01-22;3033;10956;74264;260;3956;80338;1428;0;0;6069228;6530850;9384916;29003;6019611;10434020;56118;0;25
FR;2;2022-01-23;724;2707;15243;41;1055;16826;238;0;0;6069952;6533557;9400159;29044;6020666;10450846;56356;0;25
FR;2;2022-01-24;3292;12792;75084;431;5844;81019;1994;0;2;6073244;6546349;9475243;29475;6026510;10531865;58350;0;27
FR;2;2022-01-25;3575;14405;79635;496;6650;85461;2879;0;4;6076819;6560754;9554878;29971;6033160;10617326;61229;0;31
FR;2;2022-01-26;2515;10701;58986;363;5332;63034;1958;0;1;6079334;6571455;9613864;30334;6038492;10680360;63187;0;32
FR;2;2022-01-27;2684;11387;64184;391;5740;67970;2462;0;1;6082018;6582842;9678048;30725;6044232;10748330;65649;0;33
FR;2;2022-01-28;3551;18258;91730;430;8612;98907;3399;0;1;6085569;6601100;9769778;31155;6052844;10847237;69048;0;34
FR;2;2022-01-29;1896;9234;48855;164;4169;52929;1374;0;1;6087465;6610334;9818633;31319;6057013;10900166;70422;0;35
FR;2;2022-01-30;464;2208;9457;38;1052;10585;203;0;0;6087929;6612542;9828090;31357;6058065;10910751;70625;0;35
FR;2;2022-01-31;1891;9553;43834;209;4711;47322;1886;0;2;6089820;6622095;9871924;31566;6062776;10958073;72511;0;37
FR;2;2022-02-01;1916;10020;47030;279;4797;50080;2707;0;0;6091736;6632115;9918954;31845;6067573;11008153;75218;0;37
FR;2;2022-02-02;1614;8973;41124;250;4191;44149;2189;0;1;6093350;6641088;9960078;32095;6071764;11052302;77407;0;38
FR;2;2022-02-03;1732;8930;40526;205;4371;42910;2640;0;2;6095082;6650018;10000604;32300;6076135;11095212;80047;0;40
FR;2;2022-02-04;2151;15167;66649;299;7382;71316;3670;0;1;6097233;6665185;10067253;32599;6083517;11166528;83717;0;41
FR;2;2022-02-05;1360;8519;35948;132;4214;39222;1369;0;0;6098593;6673704;10103201;32731;6087731;11205750;85086;0;41
FR;2;2022-02-06;275;1761;6129;16;842;6898;217;0;0;6098868;6675465;10109330;32747;6088573;11212648;85303;0;41
FR;2;2022-02-07;1352;9545;37759;134;4536;41289;1888;0;2;6100220;6685010;10147089;32881;6093109;11253937;87191;0;43
FR;2;2022-02-08;1299;9832;40956;173;4644;43750;2741;0;1;6101519;6694842;10188045;33054;6097753;11297687;89932;0;44
FR;2;2022-02-09;1160;8841;37040;174;3804;40465;1901;0;2;6102679;6703683;10225085;33228;6101557;11338152;91833;0;46
FR;2;2022-02-10;1030;8001;33837;204;3605;36511;2051;0;1;6103709;6711684;10258922;33432;6105162;11374663;93884;0;47
FR;2;2022-02-11;1391;12086;53348;223;5282;57701;2888;0;0;6105100;6723770;10312270;33655;6110444;11432364;96772;0;47
FR;2;2022-02-12;753;6535;27989;86;2792;30808;1113;0;2;6105853;6730305;10340259;33741;6113236;11463172;97885;0;49
FR;2;2022-02-13;200;1340;4836;20;562;5577;141;0;0;6106053;6731645;10345095;33761;6113798;11468749;98026;0;49
FR;2;2022-02-14;836;6732;30274;91;2599;33233;1398;0;1;6106889;6738377;10375369;33852;6116397;11501982;99424;0;50
FR;2;2022-02-15;774;6473;28051;140;2801;29994;1965;0;2;6107663;6744850;10403420;33992;6119198;11531976;101389;0;52
FR;2;2022-02-16;657;5363;22069;124;2529;23635;1569;0;3;6108320;6750213;10425489;34116;6121727;11555611;102958;0;55
FR;2;2022-02-17;518;3786;14152;98;2131;14617;1406;0;2;6108838;6753999;10439641;34214;6123858;11570228;104364;0;57
FR;2;2022-02-18;723;5368;20443;134;3040;21130;1895;0;0;6109561;6759367;10460084;34348;6126898;11591358;106259;0;57
FR;2;2022-02-19;431;3061;10533;66;1699;11247;753;0;2;6109992;6762428;10470617;34414;6128597;11602605;107012;0;59
FR;2;2022-02-20;102;520;1463;3;314;1613;100;0;0;6110094;6762948;10472080;34417;6128911;11604218;107112;0;59
FR;2;2022-02-21;423;2685;9122;65;1569;9499;930;0;0;6110517;6765633;10481202;34482;6130480;11613717;108042;0;59
FR;2;2022-02-22;393;2568;8894;77;1622;8797;1180;0;0;6110910;6768201;10490096;34559;6132102;11622514;109222;0;59
FR;2;2022-02-23;432;2605;8992;82;1522;9269;1022;0;0;6111342;6770806;10499088;34641;6133624;11631783;110244;0;59
FR;2;2022-02-24;314;2039;6805;82;1251;6835;870;0;0;6111656;6772845;10505893;34723;6134875;11638618;111114;0;59
FR;2;2022-02-25;456;3210;11423;107;1979;11286;1560;0;3;6112112;6776055;10517316;34830;6136854;11649904;112674;0;62
FR;2;2022-02-26;297;1892;6038;49;1161;6345;587;0;1;6112409;6777947;10523354;34879;6138015;11656249;113261;0;63
FR;2;2022-02-27;76;313;907;5;214;950;98;0;0;6112485;6778260;10524261;34884;6138229;11657199;113359;0;63
FR;2;2022-02-28;332;1689;5525;53;1088;5531;733;0;0;6112817;6779949;10529786;34937;6139317;11662730;114092;0;63
FR;2;2022-03-01;279;1569;5484;46;952;5201;964;0;2;6113096;6781518;10535270;34983;6140269;11667931;115056;0;65
FR;2;2022-03-02;298;1446;5248;45;878;5092;815;0;1;6113394;6782964;10540518;35028;6141147;11673023;115871;0;66
FR;2;2022-03-03;226;1112;3709;42;721;3486;668;0;1;6113620;6784076;10544227;35070;6141868;11676509;116539;0;67
FR;2;2022-03-04;243;1469;4860;74;983;4506;950;0;1;6113863;6785545;10549087;35144;6142851;11681015;117489;0;68
FR;2;2022-03-05;174;906;2981;34;613;2725;561;0;0;6114037;6786451;10552068;35178;6143464;11683740;118050;0;68
FR;2;2022-03-06;42;188;280;5;110;320;52;0;0;6114079;6786639;10552348;35183;6143574;11684060;118102;0;68
FR;2;2022-03-07;157;659;1988;70;491;1778;472;0;0;6114236;6787298;10554336;35253;6144065;11685838;118574;0;68
FR;2;2022-03-08;144;670;2273;53;461;1908;619;0;0;6114380;6787968;10556609;35306;6144526;11687746;119193;0;68
FR;2;2022-03-09;156;709;2351;37;473;2052;617;0;0;6114536;6788677;10558960;35343;6144999;11689798;119810;0;68
FR;2;2022-03-10;123;603;1695;35;446;1470;456;0;1;6114659;6789280;10560655;35378;6145445;11691268;120266;0;69
FR;2;2022-03-11;172;757;2770;57;505;2369;737;0;1;6114831;6790037;10563425;35435;6145950;11693637;121003;0;70
FR;2;2022-03-12;149;485;1787;27;331;1557;450;0;0;6114980;6790522;10565212;35462;6146281;11695194;121453;0;70
FR;2;2022-03-13;25;75;203;30;45;204;69;0;0;6115005;6790597;10565415;35492;6146326;11695398;121522;0;70
FR;2;2022-03-14;129;470;1572;529;333;1301;951;0;0;6115134;6791067;10566987;36021;6146659;11696699;122473;0;70
FR;2;2022-03-15;138;441;1713;691;333;1333;1186;0;1;6115272;6791508;10568700;36712;6146992;11698032;123659;0;71
FR;2;2022-03-16;142;476;2013;1616;331;1593;2160;0;2;6115414;6791984;10570713;38328;6147323;11699625;125819;0;73
FR;2;2022-03-17;95;413;1412;1192;273;1148;1576;0;1;6115509;6792397;10572125;39520;6147596;11700773;127395;0;74
FR;2;2022-03-18;147;496;2025;1795;335;1668;2313;0;1;6115656;6792893;10574150;41315;6147931;11702441;129708;0;75
FR;2;2022-03-19;108;321;1210;941;219;1015;1259;0;0;6115764;6793214;10575360;42256;6148150;11703456;130967;0;75
FR;2;2022-03-20;13;77;191;59;39;168;115;0;0;6115777;6793291;10575551;42315;6148189;11703624;131082;0;75
FR;2;2022-03-21;98;307;1218;1483;181;1081;1760;0;1;6115875;6793598;10576769;43798;6148370;11704705;132842;0;76
FR;2;2022-03-22;118;391;1533;1830;244;1294;2219;0;0;6115993;6793989;10578302;45628;6148614;11705999;135061;0;76
FR;2;2022-03-23;137;361;1679;3032;232;1474;3374;0;6;6116130;6794350;10579981;48660;6148846;11707473;138435;0;82
FR;2;2022-03-24;117;293;1183;1548;186;1001;1814;0;8;6116247;6794643;10581164;50208;6149032;11708474;140249;0;90
FR;2;2022-03-25;119;361;1807;2451;238;1477;2837;0;8;6116366;6795004;10582971;52659;6149270;11709951;143086;0;98
FR;2;2022-03-26;79;247;1205;1222;138;953;1531;0;5;6116445;6795251;10584176;53881;6149408;11710904;144617;0;103
FR;2;2022-03-27;19;36;154;100;19;133;144;0;0;6116464;6795287;10584330;53981;6149427;11711037;144761;0;103
FR;2;2022-03-28;94;290;1139;1602;189;995;1835;0;6;6116558;6795577;10585469;55583;6149616;11712032;146596;0;109
FR;2;2022-03-29;108;258;1325;2467;167;1105;2760;0;4;6116666;6795835;10586794;58050;6149783;11713137;149356;0;113
FR;2;2022-03-30;91;312;1489;3185;163;1320;3422;0;2;6116757;6796147;10588283;61235;6149946;11714457;152778;0;115
FR;2;2022-03-31;104;284;1277;2332;171;1092;2616;0;3;6116861;6796431;10589560;63567;6150117;11715549;155394;0;118
FR;2;2022-04-01;123;324;1568;2349;164;1323;2667;0;7;6116984;6796755;10591128;65916;6150281;11716872;158061;0;125
FR;2;2022-04-02;81;161;845;891;83;737;1052;0;1;6117065;6796916;10591973;66807;6150364;11717609;159113;0;126
FR;2;2022-04-03;16;53;128;113;27;142;133;0;1;6117081;6796969;10592101;66920;6150391;11717751;159246;0;127
FR;2;2022-04-04;114;248;990;1447;150;799;1693;0;5;6117195;6797217;10593091;68367;6150541;11718550;160939;0;132
FR;2;2022-04-05;143;302;1322;2920;162;1150;3149;0;17;6117338;6797519;10594413;71287;6150703;11719700;164088;0;149
FR;2;2022-04-06;89;261;1308;2523;129;1131;2688;0;10;6117427;6797780;10595721;73810;6150832;11720831;166776;0;159
FR;2;2022-04-07;120;230;1303;2682;141;1042;2958;0;8;6117547;6798010;10597024;76492;6150973;11721873;169734;0;167
FR;2;2022-04-08;126;346;1636;3351;182;1328;3642;0;12;6117673;6798356;10598660;79843;6151155;11723201;173376;0;179
FR;2;2022-04-09;90;219;900;1046;144;732;1288;0;4;6117763;6798575;10599560;80889;6151299;11723933;174664;0;183
FR;2;2022-04-10;37;49;143;162;46;119;200;0;1;6117800;6798624;10599703;81051;6151345;11724052;174864;0;184
FR;2;2022-04-11;88;196;892;1560;122;782;1718;0;6;6117888;6798820;10600595;82611;6151467;11724834;176582;0;190
FR;2;2022-04-12;176;273;1183;2770;175;1062;2903;0;8;6118064;6799093;10601778;85381;6151642;11725896;179485;0;198
FR;2;2022-04-13;147;232;1125;2477;111;989;2671;0;11;6118211;6799325;10602903;87858;6151753;11726885;182156;0;209
FR;2;2022-04-14;115;227;1085;2677;114;919;2911;0;18;6118326;6799552;10603988;90535;6151867;11727804;185067;0;227
FR;2;2022-04-15;114;261;1221;2304;131;1078;2544;0;7;6118440;6799813;10605209;92839;6151998;11728882;187611;0;234
FR;2;2022-04-16;67;108;548;549;68;459;675;0;9;6118507;6799921;10605757;93388;6152066;11729341;188286;0;243
FR;2;2022-04-17;15;27;57;53;16;53;71;0;0;6118522;6799948;10605814;93441;6152082;11729394;188357;0;243
FR;2;2022-04-18;12;35;121;70;18;116;95;0;0;6118534;6799983;10605935;93511;6152100;11729510;188452;0;243
FR;2;2022-04-19;112;237;1120;1750;149;951;1934;0;9;6118646;6800220;10607055;95261;6152249;11730461;190386;0;252
FR;2;2022-04-20;95;242;1110;2172;126;934;2366;0;14;6118741;6800462;10608165;97433;6152375;11731395;192752;0;266
FR;2;2022-04-21;111;233;983;1912;125;838;2141;0;10;6118852;6800695;10609148;99345;6152500;11732233;194893;0;276
FR;2;2022-04-22;100;276;1242;2102;141;1023;2440;0;11;6118952;6800971;10610390;101447;6152641;11733256;197333;0;287
FR;2;2022-04-23;67;156;645;762;107;574;862;0;8;6119019;6801127;10611035;102209;6152748;11733830;198195;0;295
FR;2;2022-04-24;12;30;101;68;12;79;100;0;0;6119031;6801157;10611136;102277;6152760;11733909;198295;0;295
FR;2;2022-04-25;104;204;822;1329;103;711;1528;0;15;6119135;6801361;10611958;103606;6152863;11734620;199823;0;310
FR;2;2022-04-26;110;184;1041;2022;118;879;2219;0;18;6119245;6801545;10612999;105628;6152981;11735499;202042;0;328
FR;2;2022-04-27;98;181;860;1786;122;764;1808;0;7;6119343;6801726;10613859;107414;6153103;11736263;203850;0;335
FR;2;2022-04-28;93;214;949;1931;128;842;2087;0;12;6119436;6801940;10614808;109345;6153231;11737105;205937;0;347
FR;2;2022-04-29;81;282;1133;1697;131;1044;1876;0;11;6119517;6802222;10615941;111042;6153362;11738149;207813;0;358
FR;2;2022-04-30;66;127;471;540;80;430;628;0;9;6119583;6802349;10616412;111582;6153442;11738579;208441;0;367
FR;2;2022-05-01;24;24;84;49;20;85;61;0;1;6119607;6802373;10616496;111631;6153462;11738664;208502;0;368
FR;2;2022-05-02;115;232;763;1217;141;661;1375;0;5;6119722;6802605;10617259;112848;6153603;11739325;209877;0;373
FR;2;2022-05-03;152;233;999;1781;156;938;1895;0;14;6119874;6802838;10618258;114629;6153759;11740263;211772;0;387
FR;2;2022-05-04;90;226;926;1811;116;869;1822;0;13;6119964;6803064;10619184;116440;6153875;11741132;213594;0;400
FR;2;2022-05-05;127;197;856;1732;146;773;1848;0;10;6120091;6803261;10620040;118172;6154021;11741905;215442;0;410
FR;2;2022-05-06;133;246;1100;1855;139;1016;2052;0;16;6120224;6803507;10621140;120027;6154160;11742921;217494;0;426
FR;2;2022-05-07;40;99;470;504;61;406;593;0;4;6120264;6803606;10621610;120531;6154221;11743327;218087;0;430
FR;2;2022-05-08;48;54;107;71;41;102;101;0;0;6120312;6803660;10621717;120602;6154262;11743429;218188;0;430
FR;2;2022-05-09;101;174;654;986;103;604;1130;0;9;6120413;6803834;10622371;121588;6154365;11744033;219318;0;439
FR;2;2022-05-10;121;252;938;1841;155;893;1965;0;23;6120534;6804086;10623309;123429;6154520;11744926;221283;0;462
FR;2;2022-05-11;103;179;814;1879;117;793;1868;0;8;6120637;6804265;10624123;125308;6154637;11745719;223151;0;470
FR;2;2022-05-12;111;174;845;2096;116;803;2213;0;21;6120748;6804439;10624968;127404;6154753;11746522;225364;0;491
FR;2;2022-05-13;100;236;969;2097;122;900;2273;0;13;6120848;6804675;10625937;129501;6154875;11747422;227637;0;504
FR;2;2022-05-14;76;124;451;553;93;411;632;0;6;6120924;6804799;10626388;130054;6154968;11747833;228269;0;510
FR;2;2022-05-15;24;39;94;88;20;108;95;0;1;6120948;6804838;10626482;130142;6154988;11747941;228364;0;511
FR;2;2022-05-16;102;170;601;925;115;537;1037;0;11;6121050;6805008;10627083;131067;6155103;11748478;229401;0;522
FR;2;2022-05-17;95;184;690;1687;119;658;1739;0;8;6121145;6805192;10627773;132754;6155222;11749136;231140;0;530
FR;2;2022-05-18;80;181;643;1431;97;648;1486;0;10;6121225;6805373;10628416;134185;6155319;11749784;232626;0;540
FR;2;2022-05-19;73;161;709;1830;81;751;1816;0;12;6121298;6805534;10629125;136015;6155400;11750535;234442;0;552
FR;2;2022-05-20;107;181;874;1701;111;779;1849;0;17;6121405;6805715;10629999;137716;6155511;11751314;236291;0;569
FR;2;2022-05-21;48;96;398;517;71;339;581;0;8;6121453;6805811;10630397;138233;6155582;11751653;236872;0;577
FR;2;2022-05-22;8;23;69;37;18;57;56;0;0;6121461;6805834;10630466;138270;6155600;11751710;236928;0;577
FR;2;2022-05-23;86;133;498;931;100;469;967;0;7;6121547;6805967;10630964;139201;6155700;11752179;237895;0;584
FR;2;2022-05-24;87;164;627;1626;103;615;1680;0;17;6121634;6806131;10631591;140827;6155803;11752794;239575;0;601
FR;2;2022-05-25;72;146;539;1149;90;494;1260;0;5;6121706;6806277;10632130;141976;6155893;11753288;240835;0;606
FR;2;2022-05-26;12;31;77;45;13;85;56;0;1;6121718;6806308;10632207;142021;6155906;11753373;240891;0;607
FR;2;2022-05-27;44;124;456;818;68;438;893;0;9;6121762;6806432;10632663;142839;6155974;11753811;241784;0;616
FR;2;2022-05-28;28;60;221;244;29;221;266;0;1;6121790;6806492;10632884;143083;6156003;11754032;242050;0;617
FR;2;2022-05-29;13;34;43;25;22;51;28;0;0;6121803;6806526;10632927;143108;6156025;11754083;242078;0;617
FR;2;2022-05-30;65;109;425;755;60;410;806;0;6;6121868;6806635;10633352;143863;6156085;11754493;242884;0;623
FR;2;2022-05-31;76;135;564;1278;92;511;1304;0;12;6121944;6806770;10633916;145141;6156177;11755004;244188;0;635
FR;2;2022-06-01;59;160;564;1075;86;543;1170;0;6;6122003;6806930;10634480;146216;6156263;11755547;245358;0;641
FR;2;2022-06-02;92;178;626;1414;109;593;1520;0;12;6122095;6807108;10635106;147630;6156372;11756140;246878;0;653
FR;2;2022-06-03;71;157;668;1605;96;595;1694;0;19;6122166;6807265;10635774;149235;6156468;11756735;248572;0;672
FR;2;2022-06-04;69;93;283;434;66;269;476;0;11;6122235;6807358;10636057;149669;6156534;11757004;249048;0;683
FR;2;2022-06-05;12;17;63;58;16;47;75;0;1;6122247;6807375;10636120;149727;6156550;11757051;249123;0;684
FR;2;2022-06-06;12;40;93;76;29;92;81;0;4;6122259;6807415;10636213;149803;6156579;11757143;249204;0;688
FR;2;2022-06-07;99;222;667;1535;154;577;1661;0;10;6122358;6807637;10636880;151338;6156733;11757720;250865;0;698
FR;2;2022-06-08;70;119;476;1166;76;411;1262;0;5;6122428;6807756;10637356;152504;6156809;11758131;252127;0;703
FR;2;2022-06-09;93;166;613;1923;107;571;1927;0;18;6122521;6807922;10637969;154427;6156916;11758702;254054;0;721
FR;2;2022-06-10;93;168;650;1683;107;622;1774;0;23;6122614;6808090;10638619;156110;6157023;11759324;255828;0;744
FR;2;2022-06-11;44;85;287;529;42;258;583;0;5;6122658;6808175;10638906;156639;6157065;11759582;256411;0;749
FR;2;2022-06-12;18;38;58;78;27;60;78;0;0;6122676;6808213;10638964;156717;6157092;11759642;256489;0;749
FR;2;2022-06-13;39;121;395;953;63;379;1021;0;6;6122715;6808334;10639359;157670;6157155;11760021;257510;0;755
FR;2;2022-06-14;68;157;599;2088;101;537;2189;0;14;6122783;6808491;10639958;159758;6157256;11760558;259699;0;769
FR;2;2022-06-15;78;104;522;1504;84;444;1641;0;10;6122861;6808595;10640480;161262;6157340;11761002;261340;0;779
FR;2;2022-06-16;127;128;497;1411;123;424;1526;0;12;6122988;6808723;10640977;162673;6157463;11761426;262866;0;791
FR;2;2022-06-17;73;138;589;1817;88;516;1921;0;16;6123061;6808861;10641566;164490;6157551;11761942;264787;0;807
FR;2;2022-06-18;76;93;224;579;81;196;630;0;4;6123137;6808954;10641790;165069;6157632;11762138;265417;0;811
FR;2;2022-06-19;11;17;53;71;7;41;90;0;2;6123148;6808971;10641843;165140;6157639;11762179;265507;0;813
FR;2;2022-06-20;62;125;401;1028;72;392;1105;0;10;6123210;6809096;10642244;166168;6157711;11762571;266612;0;823
FR;2;2022-06-21;108;116;526;2127;105;455;2164;0;22;6123318;6809212;10642770;168295;6157816;11763026;268776;0;845
FR;2;2022-06-22;39;110;462;1889;57;415;1971;0;25;6123357;6809322;10643232;170184;6157873;11763441;270747;0;870
FR;2;2022-06-23;58;109;537;2282;68;452;2400;0;30;6123415;6809431;10643769;172466;6157941;11763893;273147;0;900
FR;2;2022-06-24;66;122;709;3199;65;571;3339;0;38;6123481;6809553;10644478;175665;6158006;11764464;276486;0;938
FR;2;2022-06-25;30;90;298;988;55;254;1041;0;13;6123511;6809643;10644776;176653;6158061;11764718;277527;0;951
FR;2;2022-06-26;30;27;131;194;29;97;236;0;5;6123541;6809670;10644907;176847;6158090;11764815;277763;0;956
FR;2;2022-06-27;79;137;582;2490;94;483;2623;0;39;6123620;6809807;10645489;179337;6158184;11765298;280386;0;995
FR;2;2022-06-28;110;140;812;4817;81;650;4894;0;54;6123730;6809947;10646301;184154;6158265;11765948;285280;0;1049
FR;2;2022-06-29;73;150;776;4436;80;637;4532;0;56;6123803;6810097;10647077;188590;6158345;11766585;289812;0;1105
FR;2;2022-06-30;72;133;834;5177;71;619;5398;0;79;6123875;6810230;10647911;193767;6158416;11767204;295210;0;1184
FR;2;2022-07-01;113;161;1152;6692;95;853;6944;0;92;6123988;6810391;10649063;200459;6158511;11768057;302154;0;1276
FR;2;2022-07-02;69;132;474;1977;82;392;2068;0;27;6124057;6810523;10649537;202436;6158593;11768449;304222;0;1303
FR;2;2022-07-03;23;30;147;334;21;131;357;0;8;6124080;6810553;10649684;202770;6158614;11768580;304579;0;1311
FR;2;2022-07-04;122;184;775;3785;112;612;3971;0;49;6124202;6810737;10650459;206555;6158726;11769192;308550;0;1360
FR;2;2022-07-05;119;187;1121;6818;121;828;6999;0;85;6124321;6810924;10651580;213373;6158847;11770020;315549;0;1445
FR;2;2022-07-06;92;152;951;5807;94;698;5933;0;84;6124413;6811076;10652531;219180;6158941;11770718;321482;0;1529
FR;2;2022-07-07;81;185;1021;6501;116;752;6732;0;101;6124494;6811261;10653552;225681;6159057;11771470;328214;0;1630
FR;2;2022-07-08;65;122;1095;7044;51;758;7235;0;123;6124559;6811383;10654647;232725;6159108;11772228;335449;0;1753
FR;2;2022-07-09;34;62;418;1869;31;299;1920;0;33;6124593;6811445;10655065;234594;6159139;11772527;337369;0;1786
FR;2;2022-07-10;7;17;97;315;8;83;327;0;5;6124600;6811462;10655162;234909;6159147;11772610;337696;0;1791
FR;2;2022-07-11;68;121;683;3826;76;541;3901;0;67;6124668;6811583;10655845;238735;6159223;11773151;341597;0;1858
FR;2;2022-07-12;102;180;1054;6517;107;809;6725;0;119;6124770;6811763;10656899;245252;6159330;11773960;348322;0;1977
FR;2;2022-07-13;65;127;879;4664;75;591;4830;0;78;6124835;6811890;10657778;249916;6159405;11774551;353152;0;2055
FR;2;2022-07-14;6;13;89;250;8;60;269;0;8;6124841;6811903;10657867;250166;6159413;11774611;353421;0;2063
FR;2;2022-07-15;61;129;739;3794;53;560;3960;0;75;6124902;6812032;10658606;253960;6159466;11775171;357381;0;2138
FR;2;2022-07-16;27;54;289;1031;30;242;1077;0;25;6124929;6812086;10658895;254991;6159496;11775413;358458;0;2163
FR;2;2022-07-17;5;12;78;201;6;67;207;0;6;6124934;6812098;10658973;255192;6159502;11775480;358665;0;2169
FR;2;2022-07-18;57;103;514;2510;61;385;2648;0;59;6124991;6812201;10659487;257702;6159563;11775865;361313;0;2228
FR;2;2022-07-19;66;133;770;4258;72;555;4447;0;72;6125057;6812334;10660257;261960;6159635;11776420;365760;0;2300
FR;2;2022-07-20;59;117;582;3179;68;430;3278;0;87;6125116;6812451;10660839;265139;6159703;11776850;369038;0;2387
FR;2;2022-07-21;60;110;673;3680;73;487;3797;0;105;6125176;6812561;10661512;268819;6159776;11777337;372835;0;2492
FR;2;2022-07-22;51;100;700;3550;48;507;3701;0;80;6125227;6812661;10662212;272369;6159824;11777844;376536;0;2572
FR;2;2022-07-23;38;97;290;1175;51;229;1228;0;37;6125265;6812758;10662502;273544;6159875;11778073;377764;0;2609
FR;2;2022-07-24;14;24;69;201;19;68;203;0;7;6125279;6812782;10662571;273745;6159894;11778141;377967;0;2616
FR;2;2022-07-25;50;71;405;1938;60;300;2000;0;56;6125329;6812853;10662976;275683;6159954;11778441;379967;0;2672
FR;2;2022-07-26;57;133;606;3423;67;476;3496;0;113;6125386;6812986;10663582;279106;6160021;11778917;383463;0;2785
FR;2;2022-07-27;42;81;457;2782;50;361;2801;0;89;6125428;6813067;10664039;281888;6160071;11779278;386264;0;2874
FR;2;2022-07-28;29;75;450;2486;36;357;2490;0;78;6125457;6813142;10664489;284374;6160107;11779635;388754;0;2952
FR;2;2022-07-29;68;88;535;2857;63;347;2978;0;73;6125525;6813230;10665024;287231;6160170;11779982;391732;0;3025
FR;2;2022-07-30;22;39;163;776;32;110;796;0;24;6125547;6813269;10665187;288007;6160202;11780092;392528;0;3049
FR;2;2022-07-31;6;13;27;104;12;21;110;0;2;6125553;6813282;10665214;288111;6160214;11780113;392638;0;3051
FR;2;2022-08-01;38;106;323;1261;73;260;1343;0;29;6125591;6813388;10665537;289372;6160287;11780373;393981;0;3080
FR;2;2022-08-02;49;75;325;2061;50;247;2097;0;78;6125640;6813463;10665862;291433;6160337;11780620;396078;0;3158
FR;2;2022-08-03;29;53;259;1611;25;187;1617;0;57;6125669;6813516;10666121;293044;6160362;11780807;397695;0;3215
FR;2;2022-08-04;40;65;306;1692;39;240;1701;0;66;6125709;6813581;10666427;294736;6160401;11781047;399396;0;3281
FR;2;2022-08-05;33;94;328;1881;67;236;1912;0;60;6125742;6813675;10666755;296617;6160468;11781283;401308;0;3341
FR;2;2022-08-06;22;41;106;365;29;82;372;0;10;6125764;6813716;10666861;296982;6160497;11781365;401680;0;3351
FR;2;2022-08-07;7;8;15;69;5;16;71;0;3;6125771;6813724;10666876;297051;6160502;11781381;401751;0;3354
FR;2;2022-08-08;19;35;220;877;22;148;915;0;33;6125790;6813759;10667096;297928;6160524;11781529;402666;0;3387
FR;2;2022-08-09;29;52;279;1474;41;238;1470;0;50;6125819;6813811;10667375;299402;6160565;11781767;404136;0;3437
FR;2;2022-08-10;16;22;213;1134;19;150;1155;0;46;6125835;6813833;10667588;300536;6160584;11781917;405291;0;3483
FR;2;2022-08-11;21;41;174;1038;26;117;1047;0;40;6125856;6813874;10667762;301574;6160610;11782034;406338;0;3523
FR;2;2022-08-12;36;50;184;1046;38;140;1069;0;35;6125892;6813924;10667946;302620;6160648;11782174;407407;0;3558
FR;2;2022-08-13;11;19;47;149;15;53;137;0;5;6125903;6813943;10667993;302769;6160663;11782227;407544;0;3563
FR;2;2022-08-14;1;2;12;52;1;11;54;0;1;6125904;6813945;10668005;302821;6160664;11782238;407598;0;3564
FR;2;2022-08-15;0;5;32;22;2;21;21;0;3;6125904;6813950;10668037;302843;6160666;11782259;407619;0;3567
FR;2;2022-08-16;27;33;144;681;34;120;678;0;33;6125931;6813983;10668181;303524;6160700;11782379;408297;0;3600
FR;2;2022-08-17;18;27;109;738;18;88;744;0;34;6125949;6814010;10668290;304262;6160718;11782467;409041;0;3634
FR;2;2022-08-18;14;29;160;836;13;107;852;0;42;6125963;6814039;10668450;305098;6160731;11782574;409893;0;3676
FR;2;2022-08-19;8;38;118;706;31;88;706;0;33;6125971;6814077;10668568;305804;6160762;11782662;410599;0;3709
FR;2;2022-08-20;6;26;61;197;16;52;201;0;8;6125977;6814103;10668629;306001;6160778;11782714;410800;0;3717
FR;2;2022-08-21;4;14;15;19;6;13;31;0;0;6125981;6814117;10668644;306020;6160784;11782727;410831;0;3717
FR;2;2022-08-22;11;25;116;395;17;73;451;0;13;6125992;6814142;10668760;306415;6160801;11782800;411282;0;3730
FR;2;2022-08-23;11;42;134;671;23;112;679;0;38;6126003;6814184;10668894;307086;6160824;11782912;411961;0;3768
FR;2;2022-08-24;11;28;87;466;21;80;472;0;18;6126014;6814212;10668981;307552;6160845;11782992;412433;0;3786
FR;2;2022-08-25;8;32;109;481;16;69;516;0;17;6126022;6814244;10669090;308033;6160861;11783061;412949;0;3803
FR;2;2022-08-26;16;46;117;720;36;91;713;0;32;6126038;6814290;10669207;308753;6160897;11783152;413662;0;3835
FR;2;2022-08-27;10;19;47;158;16;42;166;0;2;6126048;6814309;10669254;308911;6160913;11783194;413828;0;3837
FR;2;2022-08-28;1;5;5;15;1;7;16;0;1;6126049;6814314;10669259;308926;6160914;11783201;413844;0;3838
FR;2;2022-08-29;24;43;94;400;29;88;396;0;24;6126073;6814357;10669353;309326;6160943;11783289;414240;0;3862
FR;2;2022-08-30;31;54;154;791;34;119;798;0;29;6126104;6814411;10669507;310117;6160977;11783408;415038;0;3891
FR;2;2022-08-31;19;37;85;392;24;79;393;0;25;6126123;6814448;10669592;310509;6161001;11783487;415431;0;3916
FR;2;2022-09-01;19;43;139;600;25;122;609;0;36;6126142;6814491;10669731;311109;6161026;11783609;416040;0;3952
FR;2;2022-09-02;34;57;147;744;34;160;748;0;32;6126176;6814548;10669878;311853;6161060;11783769;416788;0;3984
FR;2;2022-09-03;17;20;83;205;11;67;213;0;7;6126193;6814568;10669961;312058;6161071;11783836;417001;0;3991
FR;2;2022-09-04;8;5;9;31;2;10;30;0;3;6126201;6814573;10669970;312089;6161073;11783846;417031;0;3994
FR;2;2022-09-05;29;32;126;367;24;98;397;0;24;6126230;6814605;10670096;312456;6161097;11783944;417428;0;4018
FR;2;2022-09-06;44;63;158;761;43;153;767;0;36;6126274;6814668;10670254;313217;6161140;11784097;418195;0;4054
FR;2;2022-09-07;21;22;74;375;18;49;387;0;22;6126295;6814690;10670328;313592;6161158;11784146;418582;0;4076
FR;2;2022-09-08;31;58;109;636;41;100;646;0;22;6126326;6814748;10670437;314228;6161199;11784246;419228;0;4098
FR;2;2022-09-09;18;24;126;754;21;74;747;0;46;6126344;6814772;10670563;314982;6161220;11784320;419975;0;4144
FR;2;2022-09-10;14;24;57;117;16;48;131;0;4;6126358;6814796;10670620;315099;6161236;11784368;420106;0;4148
FR;2;2022-09-11;12;5;11;11;3;13;13;0;0;6126370;6814801;10670631;315110;6161239;11784381;420119;0;4148
FR;2;2022-09-12;20;31;70;340;26;56;352;0;16;6126390;6814832;10670701;315450;6161265;11784437;420471;0;4164
FR;2;2022-09-13;15;34;125;670;13;99;674;0;40;6126405;6814866;10670826;316120;6161278;11784536;421145;0;4204
FR;2;2022-09-14;19;23;81;480;20;60;478;0;36;6126424;6814889;10670907;316600;6161298;11784596;421623;0;4240
FR;2;2022-09-15;23;44;126;486;26;102;493;0;47;6126447;6814933;10671033;317086;6161324;11784698;422116;0;4287
FR;2;2022-09-16;22;31;124;563;17;89;585;0;39;6126469;6814964;10671157;317649;6161341;11784787;422701;0;4326
FR;2;2022-09-17;6;20;56;160;15;52;147;0;13;6126475;6814984;10671213;317809;6161356;11784839;422848;0;4339
FR;2;2022-09-18;4;7;13;37;6;10;37;0;3;6126479;6814991;10671226;317846;6161362;11784849;422885;0;4342
FR;2;2022-09-19;26;24;114;353;16;87;381;0;22;6126505;6815015;10671340;318199;6161378;11784936;423266;0;4364
FR;2;2022-09-20;29;27;117;624;21;84;639;0;38;6126534;6815042;10671457;318823;6161399;11785020;423905;0;4402
FR;2;2022-09-21;15;30;100;393;15;78;418;0;22;6126549;6815072;10671557;319216;6161414;11785098;424323;0;4424
FR;2;2022-09-22;19;39;124;581;18;95;619;0;28;6126568;6815111;10671681;319797;6161432;11785193;424942;0;4452
FR;2;2022-09-23;21;38;135;555;22;111;570;0;39;6126589;6815149;10671816;320352;6161454;11785304;425512;0;4491
FR;2;2022-09-24;10;8;52;190;8;37;201;0;6;6126599;6815157;10671868;320542;6161462;11785341;425713;0;4497
FR;2;2022-09-25;9;11;14;29;11;11;33;0;5;6126608;6815168;10671882;320571;6161473;11785352;425746;0;4502
FR;2;2022-09-26;22;41;116;447;27;79;458;0;20;6126630;6815209;10671998;321018;6161500;11785431;426204;0;4522
FR;2;2022-09-27;30;46;162;906;35;108;861;0;52;6126660;6815255;10672160;321924;6161535;11785539;427065;0;4574
FR;2;2022-09-28;15;31;93;421;18;74;439;0;23;6126675;6815286;10672253;322345;6161553;11785613;427504;0;4597
FR;2;2022-09-29;26;48;115;618;23;110;630;0;33;6126701;6815334;10672368;322963;6161576;11785723;428134;0;4630
FR;2;2022-09-30;25;44;111;520;44;84;533;0;31;6126726;6815378;10672479;323483;6161620;11785807;428667;0;4661
FR;2;2022-10-01;11;20;51;128;20;36;129;0;8;6126737;6815398;10672530;323611;6161640;11785843;428796;0;4669
FR;2;2022-10-02;0;5;8;21;4;5;25;0;2;6126737;6815403;10672538;323632;6161644;11785848;428821;0;4671
FR;2;2022-10-03;22;35;85;291;30;69;306;0;22;6126759;6815438;10672623;323923;6161674;11785917;429127;0;4693
FR;2;2022-10-04;17;21;106;601;19;71;620;0;46;6126776;6815459;10672729;324524;6161693;11785988;429747;0;4739
FR;2;2022-10-05;20;30;75;491;25;67;488;0;54;6126796;6815489;10672804;325015;6161718;11786055;430235;0;4793
FR;2;2022-10-06;30;23;74;442;17;71;428;0;65;6126826;6815512;10672878;325457;6161735;11786126;430663;0;4858
FR;2;2022-10-07;21;30;86;499;27;66;503;0;42;6126847;6815542;10672964;325956;6161762;11786192;431166;0;4900
FR;2;2022-10-08;12;8;24;114;3;25;108;0;12;6126859;6815550;10672988;326070;6161765;11786217;431274;0;4912
FR;2;2022-10-09;1;8;15;17;6;11;22;0;5;6126860;6815558;10673003;326087;6161771;11786228;431296;0;4917
FR;2;2022-10-10;18;25;47;223;23;49;218;0;21;6126878;6815583;10673050;326310;6161794;11786277;431514;0;4938
FR;2;2022-10-11;16;15;48;253;11;39;241;0;52;6126894;6815598;10673098;326563;6161805;11786316;431755;0;4990
FR;2;2022-10-12;8;19;52;290;15;36;305;0;56;6126902;6815617;10673150;326853;6161820;11786352;432060;0;5046
FR;2;2022-10-13;11;14;48;271;9;48;261;0;26;6126913;6815631;10673198;327124;6161829;11786400;432321;0;5072
FR;2;2022-10-14;13;29;36;230;17;40;231;0;29;6126926;6815660;10673234;327354;6161846;11786440;432552;0;5101
FR;2;2022-10-15;4;11;22;111;5;17;113;0;15;6126930;6815671;10673256;327465;6161851;11786457;432665;0;5116
FR;2;2022-10-16;0;7;4;11;6;7;8;0;1;6126930;6815678;10673260;327476;6161857;11786464;432673;0;5117
FR;2;2022-10-17;15;19;31;121;18;26;131;0;29;6126945;6815697;10673291;327597;6161875;11786490;432804;0;5146
FR;2;2022-10-18;13;12;68;185;6;34;247;0;46;6126958;6815709;10673359;327782;6161881;11786524;433051;0;5192
FR;2;2022-10-19;8;17;38;184;12;31;222;0;52;6126966;6815726;10673397;327966;6161893;11786555;433273;0;5244
FR;2;2022-10-20;11;29;41;200;15;40;196;0;52;6126977;6815755;10673438;328166;6161908;11786595;433469;0;5296
FR;2;2022-10-21;6;15;60;233;6;53;222;0;31;6126983;6815770;10673498;328399;6161914;11786648;433691;0;5327
FR;2;2022-10-22;8;7;25;102;2;23;103;0;20;6126991;6815777;10673523;328501;6161916;11786671;433794;0;5347
FR;2;2022-10-23;0;3;1;5;3;0;6;0;2;6126991;6815780;10673524;328506;6161919;11786671;433800;0;5349
FR;2;2022-10-24;12;12;16;110;12;16;113;0;20;6127003;6815792;10673540;328616;6161931;11786687;433913;0;5369
FR;2;2022-10-25;12;7;23;138;6;15;145;0;51;6127015;6815799;10673563;328754;6161937;11786702;434058;0;5420
FR;2;2022-10-26;4;3;17;90;2;11;96;0;27;6127019;6815802;10673580;328844;6161939;11786713;434154;0;5447
FR;2;2022-10-27;7;10;18;88;10;20;71;0;27;6127026;6815812;10673598;328932;6161949;11786733;434225;0;5474
FR;2;2022-10-28;5;3;15;91;3;7;92;0;27;6127031;6815815;10673613;329023;6161952;11786740;434317;0;5501
FR;2;2022-10-29;7;8;18;33;6;14;37;0;8;6127038;6815823;10673631;329056;6161958;11786754;434354;0;5509
FR;2;2022-10-30;3;7;5;8;5;2;5;0;1;6127041;6815830;10673636;329064;6161963;11786756;434359;0;5510
FR;2;2022-10-31;2;8;6;49;6;10;48;0;11;6127043;6815838;10673642;329113;6161969;11786766;434407;0;5521
FR;2;2022-11-01;0;5;8;1;5;5;4;0;0;6127043;6815843;10673650;329114;6161974;11786771;434411;0;5521
FR;2;2022-11-02;6;5;12;44;5;12;45;0;11;6127049;6815848;10673662;329158;6161979;11786783;434456;0;5532
FR;2;2022-11-03;6;7;16;77;6;10;75;0;18;6127055;6815855;10673678;329235;6161985;11786793;434531;0;5550
FR;2;2022-11-04;7;12;15;85;10;14;93;0;10;6127062;6815867;10673693;329320;6161995;11786807;434624;0;5560
FR;2;2022-11-05;0;11;13;38;6;17;35;0;6;6127062;6815878;10673706;329358;6162001;11786824;434659;0;5566
FR;2;2022-11-06;0;2;2;1;0;4;0;0;2;6127062;6815880;10673708;329359;6162001;11786828;434659;0;5568
FR;2;2022-11-07;13;8;15;67;6;14;66;0;20;6127075;6815888;10673723;329426;6162007;11786842;434725;0;5588
FR;2;2022-11-08;13;8;18;58;6;14;65;0;27;6127088;6815896;10673741;329484;6162013;11786856;434790;0;5615
FR;2;2022-11-09;4;5;17;56;2;17;50;0;28;6127092;6815901;10673758;329540;6162015;11786873;434840;0;5643
FR;2;2022-11-10;7;10;17;74;7;14;76;0;14;6127099;6815911;10673775;329614;6162022;11786887;434916;0;5657
FR;2;2022-11-11;0;3;9;3;0;10;4;0;0;6127099;6815914;10673784;329617;6162022;11786897;434920;0;5657
FR;2;2022-11-12;2;5;7;19;4;7;19;0;4;6127101;6815919;10673791;329636;6162026;11786904;434939;0;5661
FR;2;2022-11-13;3;2;4;2;1;5;1;0;0;6127104;6815921;10673795;329638;6162027;11786909;434940;0;5661
FR;2;2022-11-14;7;6;13;29;3;10;33;0;7;6127111;6815927;10673808;329667;6162030;11786919;434973;0;5668
FR;2;2022-11-15;8;15;15;35;16;18;32;0;7;6127119;6815942;10673823;329702;6162046;11786937;435005;0;5675
FR;2;2022-11-16;3;4;4;45;4;4;46;0;18;6127122;6815946;10673827;329747;6162050;11786941;435051;0;5693
FR;2;2022-11-17;2;6;12;56;5;9;55;0;22;6127124;6815952;10673839;329803;6162055;11786950;435106;0;5715
FR;2;2022-11-18;3;4;7;41;4;6;44;0;10;6127127;6815956;10673846;329844;6162059;11786956;435150;0;5725
FR;2;2022-11-19;3;3;2;25;3;3;18;0;5;6127130;6815959;10673848;329869;6162062;11786959;435168;0;5730
FR;2;2022-11-20;0;2;6;9;2;6;10;0;26;6127130;6815961;10673854;329878;6162064;11786965;435178;0;5756
FR;2;2022-11-21;6;10;9;31;7;8;34;0;22;6127136;6815971;10673863;329909;6162071;11786973;435212;0;5778
FR;2;2022-11-22;8;8;20;65;6;21;70;0;71;6127144;6815979;10673883;329974;6162077;11786994;435282;0;5849
FR;2;2022-11-23;7;6;8;68;3;5;73;0;8;6127151;6815985;10673891;330042;6162080;11786999;435355;0;5857
FR;2;2022-11-24;2;2;11;50;2;7;57;0;10;6127153;6815987;10673902;330092;6162082;11787006;435412;0;5867
FR;2;2022-11-25;11;8;14;25;11;14;26;0;8;6127164;6815995;10673916;330117;6162093;11787020;435438;0;5875
FR;2;2022-11-26;1;5;4;8;4;7;6;0;0;6127165;6816000;10673920;330125;6162097;11787027;435444;0;5875
FR;2;2022-11-27;2;2;12;2;0;11;4;0;1;6127167;6816002;10673932;330127;6162097;11787038;435448;0;5876
FR;2;2022-11-28;0;2;8;35;1;6;37;0;5;6127167;6816004;10673940;330162;6162098;11787044;435485;0;5881
FR;2;2022-11-29;1;1;10;24;0;4;30;0;8;6127168;6816005;10673950;330186;6162098;11787048;435515;0;5889
FR;2;2022-11-30;2;2;10;47;1;11;44;0;21;6127170;6816007;10673960;330233;6162099;11787059;435559;0;5910
FR;2;2022-12-01;2;12;6;63;9;13;55;0;24;6127172;6816019;10673966;330296;6162108;11787072;435614;0;5934
FR;2;2022-12-02;1;2;12;51;2;10;51;0;27;6127173;6816021;10673978;330347;6162110;11787082;435665;0;5961
FR;2;2022-12-03;1;3;8;19;1;8;18;0;10;6127174;6816024;10673986;330366;6162111;11787090;435683;0;5971
FR;2;2022-12-04;0;0;0;4;0;0;4;0;2;6127174;6816024;10673986;330370;6162111;11787090;435687;0;5973
FR;2;2022-12-05;3;5;8;51;8;4;45;0;16;6127177;6816029;10673994;330421;6162119;11787094;435732;0;5989
FR;2;2022-12-06;3;4;14;45;3;6;48;0;17;6127180;6816033;10674008;330466;6162122;11787100;435780;0;6006
FR;2;2022-12-07;1;4;9;42;2;8;44;0;11;6127181;6816037;10674017;330508;6162124;11787108;435824;0;6017
FR;2;2022-12-08;0;2;11;44;0;6;49;0;16;6127181;6816039;10674028;330552;6162124;11787114;435873;0;6033
FR;2;2022-12-09;0;1;13;52;0;9;57;0;17;6127181;6816040;10674041;330604;6162124;11787123;435930;0;6050
FR;2;2022-12-10;0;2;15;50;0;6;52;0;9;6127181;6816042;10674056;330654;6162124;11787129;435982;0;6059
FR;2;2022-12-11;0;0;2;2;0;2;1;0;3;6127181;6816042;10674058;330656;6162124;11787131;435983;0;6062
FR;2;2022-12-12;1;0;6;37;0;6;36;0;11;6127182;6816042;10674064;330693;6162124;11787137;436019;0;6073
FR;2;2022-12-13;0;2;1;37;1;1;36;0;14;6127182;6816044;10674065;330730;6162125;11787138;436055;0;6087
FR;2;2022-12-14;0;5;8;26;5;3;31;0;14;6127182;6816049;10674073;330756;6162130;11787141;436086;0;6101
FR;2;2022-12-15;0;4;12;43;4;9;44;0;17;6127182;6816053;10674085;330799;6162134;11787150;436130;0;6118
FR;2;2022-12-16;2;4;27;56;3;20;62;0;16;6127184;6816057;10674112;330855;6162137;11787170;436192;0;6134
FR;2;2022-12-17;1;4;10;44;3;6;39;0;5;6127185;6816061;10674122;330899;6162140;11787176;436231;0;6139
FR;2;2022-12-18;1;0;0;0;0;0;0;0;1;6127186;6816061;10674122;330899;6162140;11787176;436231;0;6140
FR;2;2022-12-19;6;5;4;31;6;5;24;0;24;6127192;6816066;10674126;330930;6162146;11787181;436255;0;6164
FR;2;2022-12-20;0;2;6;37;0;7;38;0;24;6127192;6816068;10674132;330967;6162146;11787188;436293;0;6188
FR;2;2022-12-21;0;1;4;13;1;4;13;0;8;6127192;6816069;10674136;330980;6162147;11787192;436306;0;6196
FR;2;2022-12-22;0;5;17;32;2;6;45;0;10;6127192;6816074;10674153;331012;6162149;11787198;436351;0;6206
FR;2;2022-12-23;1;5;15;18;3;12;22;0;4;6127193;6816079;10674168;331030;6162152;11787210;436373;0;6210
FR;2;2022-12-24;0;0;1;1;0;1;1;0;0;6127193;6816079;10674169;331031;6162152;11787211;436374;0;6210
FR;2;2022-12-25;0;1;1;3;0;1;4;0;0;6127193;6816080;10674170;331034;6162152;11787212;436378;0;6210
FR;2;2022-12-26;0;0;7;11;0;5;11;0;3;6127193;6816080;10674177;331045;6162152;11787217;436389;0;6213
FR;2;2022-12-27;0;1;7;5;1;5;7;0;4;6127193;6816081;10674184;331050;6162153;11787222;436396;0;6217
FR;2;2022-12-28;0;2;4;13;2;3;14;0;5;6127193;6816083;10674188;331063;6162155;11787225;436410;0;6222
FR;2;2022-12-29;1;2;4;18;1;5;18;0;7;6127194;6816085;10674192;331081;6162156;11787230;436428;0;6229
FR;2;2022-12-30;1;0;2;8;0;2;7;0;1;6127195;6816085;10674194;331089;6162156;11787232;436435;0;6230
FR;2;2022-12-31;0;0;1;2;0;1;2;0;1;6127195;6816085;10674195;331091;6162156;11787233;436437;0;6231
FR;2;2023-01-01;0;0;0;0;0;0;0;0;0;6127195;6816085;10674195;331091;6162156;11787233;436437;0;6231
FR;2;2023-01-02;5;2;9;21;1;7;23;0;2;6127200;6816087;10674204;331112;6162157;11787240;436460;0;6233
FR;2;2023-01-03;1;0;6;13;0;7;11;0;6;6127201;6816087;10674210;331125;6162157;11787247;436471;0;6239
FR;2;2023-01-04;1;1;9;13;2;7;13;0;6;6127202;6816088;10674219;331138;6162159;11787254;436484;0;6245
FR;2;2023-01-05;0;2;7;6;2;4;7;0;3;6127202;6816090;10674226;331144;6162161;11787258;436491;0;6248
FR;2;2023-01-06;1;0;9;9;0;4;13;0;9;6127203;6816090;10674235;331153;6162161;11787262;436504;0;6257
FR;2;2023-01-07;0;0;4;10;0;4;8;0;5;6127203;6816090;10674239;331163;6162161;11787266;436512;0;6262
FR;2;2023-01-08;0;0;3;3;0;3;3;0;2;6127203;6816090;10674242;331166;6162161;11787269;436515;0;6264
FR;2;2023-01-09;0;2;8;9;2;3;13;0;5;6127203;6816092;10674250;331175;6162163;11787272;436528;0;6269
FR;2;2023-01-10;0;4;3;8;3;2;10;0;6;6127203;6816096;10674253;331183;6162166;11787274;436538;0;6275
FR;2;2023-01-11;3;0;4;7;0;3;9;0;3;6127206;6816096;10674257;331190;6162166;11787277;436547;0;6278
FR;2;2023-01-12;1;0;9;13;0;7;10;0;11;6127207;6816096;10674266;331203;6162166;11787284;436557;0;6289
FR;2;2023-01-13;0;1;4;7;1;2;10;0;3;6127207;6816097;10674270;331210;6162167;11787286;436567;0;6292
FR;2;2023-01-14;0;1;2;6;0;3;6;0;1;6127207;6816098;10674272;331216;6162167;11787289;436573;0;6293
FR;2;2023-01-15;0;0;0;0;0;0;0;0;0;6127207;6816098;10674272;331216;6162167;11787289;436573;0;6293
FR;2;2023-01-16;1;1;5;6;2;2;7;0;1;6127208;6816099;10674277;331222;6162169;11787291;436580;0;6294
FR;2;2023-01-17;1;0;5;4;0;5;3;0;0;6127209;6816099;10674282;331226;6162169;11787296;436583;0;6294
FR;2;2023-01-18;0;0;2;2;0;2;2;0;0;6127209;6816099;10674284;331228;6162169;11787298;436585;0;6294
FR;2;2023-01-19;0;0;1;6;0;1;6;0;6;6127209;6816099;10674285;331234;6162169;11787299;436591;0;6300
FR;2;2023-01-20;0;0;1;7;0;1;7;0;4;6127209;6816099;10674286;331241;6162169;11787300;436598;0;6304
FR;2;2023-01-21;0;0;0;3;0;0;0;0;0;6127209;6816099;10674286;331244;6162169;11787300;436598;0;6304
FR;2;2023-01-22;0;0;0;0;0;0;0;0;0;6127209;6816099;10674286;331244;6162169;11787300;436598;0;6304
FR;2;2023-01-23;0;0;3;3;0;2;3;0;1;6127209;6816099;10674289;331247;6162169;11787302;436601;0;6305
FR;2;2023-01-24;1;3;1;6;3;0;7;0;4;6127210;6816102;10674290;331253;6162172;11787302;436608;0;6309
FR;2;2023-01-25;1;0;0;6;1;0;6;0;0;6127211;6816102;10674290;331259;6162173;11787302;436614;0;6309
FR;2;2023-01-26;1;0;3;7;0;1;9;0;3;6127212;6816102;10674293;331266;6162173;11787303;436623;0;6312
FR;2;2023-01-27;0;2;3;3;1;2;3;0;2;6127212;6816104;10674296;331269;6162174;11787305;436626;0;6314
FR;2;2023-01-28;0;0;0;1;0;0;1;0;0;6127212;6816104;10674296;331270;6162174;11787305;436627;0;6314
FR;2;2023-01-29;0;0;1;0;0;0;1;0;0;6127212;6816104;10674297;331270;6162174;11787305;436628;0;6314
FR;2;2023-01-30;0;1;2;3;1;1;4;0;1;6127212;6816105;10674299;331273;6162175;11787306;436632;0;6315
FR;2;2023-01-31;1;0;3;2;0;2;3;0;0;6127213;6816105;10674302;331275;6162175;11787308;436635;0;6315
FR;2;2023-02-01;0;3;2;0;2;3;0;0;0;6127213;6816108;10674304;331275;6162177;11787311;436635;0;6315
FR;2;2023-02-02;0;1;3;4;1;3;6;0;4;6127213;6816109;10674307;331279;6162178;11787314;436641;0;6319
FR;2;2023-02-03;0;2;1;12;2;0;11;0;9;6127213;6816111;10674308;331291;6162180;11787314;436652;0;6328
FR;2;2023-02-04;0;1;1;0;0;2;0;0;0;6127213;6816112;10674309;331291;6162180;11787316;436652;0;6328
FR;2;2023-02-05;0;0;0;0;0;0;0;0;0;6127213;6816112;10674309;331291;6162180;11787316;436652;0;6328
FR;2;2023-02-06;0;3;2;2;2;3;2;0;0;6127213;6816115;10674311;331293;6162182;11787319;436654;0;6328
FR;2;2023-02-07;2;1;0;0;0;1;0;0;1;6127215;6816116;10674311;331293;6162182;11787320;436654;0;6329
FR;2;2023-02-08;0;0;3;2;0;2;4;0;1;6127215;6816116;10674314;331295;6162182;11787322;436658;0;6330
FR;2;2023-02-09;0;0;1;4;0;2;3;0;3;6127215;6816116;10674315;331299;6162182;11787324;436661;0;6333
FR;2;2023-02-10;0;0;1;3;0;1;2;0;6;6127215;6816116;10674316;331302;6162182;11787325;436663;0;6339
FR;2;2023-02-11;2;2;1;1;0;2;2;0;0;6127217;6816118;10674317;331303;6162182;11787327;436665;0;6339
FR;2;2023-02-12;0;0;0;0;0;0;0;0;0;6127217;6816118;10674317;331303;6162182;11787327;436665;0;6339
FR;2;2023-02-13;3;0;1;5;0;0;5;0;1;6127220;6816118;10674318;331308;6162182;11787327;436670;0;6340
FR;2;2023-02-14;1;1;1;1;1;0;2;0;0;6127221;6816119;10674319;331309;6162183;11787327;436672;0;6340
FR;2;2023-02-15;2;0;1;1;0;1;1;0;0;6127223;6816119;10674320;331310;6162183;11787328;436673;0;6340
FR;2;2023-02-16;0;1;1;1;1;1;1;0;2;6127223;6816120;10674321;331311;6162184;11787329;436674;0;6342
FR;2;2023-02-17;0;0;1;4;0;1;3;0;4;6127223;6816120;10674322;331315;6162184;11787330;436677;0;6346
FR;2;2023-02-18;0;0;3;1;0;3;0;0;1;6127223;6816120;10674325;331316;6162184;11787333;436677;0;6347
FR;2;2023-02-19;0;1;0;0;1;0;0;0;0;6127223;6816121;10674325;331316;6162185;11787333;436677;0;6347
FR;2;2023-02-20;0;0;0;1;0;0;1;0;2;6127223;6816121;10674325;331317;6162185;11787333;436678;0;6349
FR;2;2023-02-21;0;0;0;1;0;0;1;0;2;6127223;6816121;10674325;331318;6162185;11787333;436679;0;6351
FR;2;2023-02-22;1;0;0;3;0;0;3;0;0;6127224;6816121;10674325;331321;6162185;11787333;436682;0;6351
FR;2;2023-02-23;0;0;0;1;0;0;1;0;3;6127224;6816121;10674325;331322;6162185;11787333;436683;0;6354
FR;2;2023-02-24;1;0;1;2;0;0;3;0;0;6127225;6816121;10674326;331324;6162185;11787333;436686;0;6354
FR;2;2023-02-25;0;0;0;2;0;0;2;0;0;6127225;6816121;10674326;331326;6162185;11787333;436688;0;6354
FR;2;2023-02-26;0;0;0;0;0;0;0;0;0;6127225;6816121;10674326;331326;6162185;11787333;436688;0;6354
FR;2;2023-02-27;1;0;1;1;0;1;1;0;0;6127226;6816121;10674327;331327;6162185;11787334;436689;0;6354
FR;2;2023-02-28;0;0;0;0;0;0;0;0;2;6127226;6816121;10674327;331327;6162185;11787334;436689;0;6356
FR;2;2023-03-01;0;1;1;2;0;2;1;0;1;6127226;6816122;10674328;331329;6162185;11787336;436690;0;6357
FR;2;2023-03-02;0;2;1;1;2;0;1;0;1;6127226;6816124;10674329;331330;6162187;11787336;436691;0;6358
FR;2;2023-03-03;1;0;1;1;0;1;1;0;0;6127227;6816124;10674330;331331;6162187;11787337;436692;0;6358
FR;2;2023-03-04;0;0;0;0;0;0;0;0;0;6127227;6816124;10674330;331331;6162187;11787337;436692;0;6358
FR;2;2023-03-05;0;0;0;0;0;0;0;0;0;6127227;6816124;10674330;331331;6162187;11787337;436692;0;6358
FR;2;2023-03-06;0;0;1;0;0;1;0;0;2;6127227;6816124;10674331;331331;6162187;11787338;436692;0;6360
FR;2;2023-03-07;0;1;2;1;1;2;1;0;1;6127227;6816125;10674333;331332;6162188;11787340;436693;0;6361
FR;2;2023-03-08;0;0;0;0;0;0;0;0;2;6127227;6816125;10674333;331332;6162188;11787340;436693;0;6363
FR;2;2023-03-09;0;0;1;1;0;0;2;0;0;6127227;6816125;10674334;331333;6162188;11787340;436695;0;6363
FR;2;2023-03-10;0;0;0;0;0;0;0;0;0;6127227;6816125;10674334;331333;6162188;11787340;436695;0;6363
FR;2;2023-03-11;0;0;1;0;0;1;0;0;0;6127227;6816125;10674335;331333;6162188;11787341;436695;0;6363
FR;2;2023-03-12;0;0;0;0;0;0;0;0;0;6127227;6816125;10674335;331333;6162188;11787341;436695;0;6363
FR;2;2023-03-13;0;0;0;3;0;0;3;0;0;6127227;6816125;10674335;331336;6162188;11787341;436698;0;6363
FR;2;2023-03-14;1;0;0;0;0;0;0;0;0;6127228;6816125;10674335;331336;6162188;11787341;436698;0;6363
FR;2;2023-03-15;0;1;0;2;1;0;2;0;0;6127228;6816126;10674335;331338;6162189;11787341;436700;0;6363
FR;2;2023-03-16;0;0;0;0;0;0;0;0;0;6127228;6816126;10674335;331338;6162189;11787341;436700;0;6363
FR;3;2020-12-27;0;0;0;0;0;0;0;0;0;0;0;0;0;0;0;0;0;0
FR;3;2020-12-28;0;0;0;0;0;0;0;0;0;0;0;0;0;0;0;0;0;0
FR;3;2020-12-29;0;0;0;0;0;0;0;0;0;0;0;0;0;0;0;0;0;0
FR;3;2020-12-30;0;0;0;0;0;0;0;0;0;0;0;0;0;0;0;0;0;0
FR;3;2020-12-31;0;0;0;0;0;0;0;0;0;0;0;0;0;0;0;0;0;0
FR;3;2021-01-01;0;0;0;0;0;0;0;0;0;0;0;0;0;0;0;0;0;0
FR;3;2021-01-02;0;0;0;0;0;0;0;0;0;0;0;0;0;0;0;0;0;0
FR;3;2021-01-03;0;0;0;0;0;0;0;0;0;0;0;0;0;0;0;0;0;0
FR;3;2021-01-04;0;0;0;0;0;0;0;0;0;0;0;0;0;0;0;0;0;0
FR;3;2021-01-05;0;0;0;0;0;0;0;0;0;0;0;0;0;0;0;0;0;0
FR;3;2021-01-06;0;0;0;0;0;0;0;0;0;0;0;0;0;0;0;0;0;0
FR;3;2021-01-07;0;0;0;0;0;0;0;0;0;0;0;0;0;0;0;0;0;0
FR;3;2021-01-08;0;0;0;0;0;0;0;0;0;0;0;0;0;0;0;0;0;0
FR;3;2021-01-09;0;0;0;0;0;0;0;0;0;0;0;0;0;0;0;0;0;0
FR;3;2021-01-10;0;0;0;0;0;0;0;0;0;0;0;0;0;0;0;0;0;0
FR;3;2021-01-11;0;0;0;0;0;0;0;0;0;0;0;0;0;0;0;0;0;0
FR;3;2021-01-12;0;0;0;0;0;0;0;0;0;0;0;0;0;0;0;0;0;0
FR;3;2021-01-13;0;0;0;0;0;0;0;0;0;0;0;0;0;0;0;0;0;0
FR;3;2021-01-14;0;0;0;0;0;0;0;0;0;0;0;0;0;0;0;0;0;0
FR;3;2021-01-15;0;0;0;0;0;0;0;0;0;0;0;0;0;0;0;0;0;0
FR;3;2021-01-16;0;0;0;0;0;0;0;0;0;0;0;0;0;0;0;0;0;0
FR;3;2021-01-17;0;0;0;0;0;0;0;0;0;0;0;0;0;0;0;0;0;0
FR;3;2021-01-18;0;0;0;0;0;0;0;0;0;0;0;0;0;0;0;0;0;0
FR;3;2021-01-19;0;0;0;0;0;0;0;0;0;0;0;0;0;0;0;0;0;0
FR;3;2021-01-20;0;0;0;0;0;0;0;0;0;0;0;0;0;0;0;0;0;0
FR;3;2021-01-21;0;0;0;0;0;0;0;0;0;0;0;0;0;0;0;0;0;0
FR;3;2021-01-22;0;0;0;0;0;0;0;0;0;0;0;0;0;0;0;0;0;0
FR;3;2021-01-23;0;0;0;0;0;0;0;0;0;0;0;0;0;0;0;0;0;0
FR;3;2021-01-24;0;0;0;0;0;0;0;0;0;0;0;0;0;0;0;0;0;0
FR;3;2021-01-25;0;0;0;0;0;0;0;0;0;0;0;0;0;0;0;0;0;0
FR;3;2021-01-26;0;0;0;0;0;0;0;0;0;0;0;0;0;0;0;0;0;0
FR;3;2021-01-27;0;0;0;0;0;0;0;0;0;0;0;0;0;0;0;0;0;0
FR;3;2021-01-28;0;0;0;0;0;0;0;0;0;0;0;0;0;0;0;0;0;0
FR;3;2021-01-29;0;0;0;0;0;0;0;0;0;0;0;0;0;0;0;0;0;0
FR;3;2021-01-30;0;0;0;0;0;0;0;0;0;0;0;0;0;0;0;0;0;0
FR;3;2021-01-31;0;0;0;0;0;0;0;0;0;0;0;0;0;0;0;0;0;0
FR;3;2021-02-01;0;0;0;0;0;0;0;0;0;0;0;0;0;0;0;0;0;0
FR;3;2021-02-02;0;0;0;0;0;0;0;0;0;0;0;0;0;0;0;0;0;0
FR;3;2021-02-03;0;0;0;0;0;0;0;0;0;0;0;0;0;0;0;0;0;0
FR;3;2021-02-04;0;0;0;0;0;0;0;0;0;0;0;0;0;0;0;0;0;0
FR;3;2021-02-05;0;0;0;0;0;0;0;0;0;0;0;0;0;0;0;0;0;0
FR;3;2021-02-06;1478;0;0;0;106;0;0;0;0;1478;0;0;0;106;0;0;0;0
FR;3;2021-02-07;1423;2;0;0;87;0;0;0;0;2901;2;0;0;193;0;0;0;0
FR;3;2021-02-08;2789;1;0;0;177;0;0;0;0;5690;3;0;0;370;0;0;0;0
FR;3;2021-02-09;6786;0;0;0;502;0;0;0;0;12476;3;0;0;872;0;0;0;0
FR;3;2021-02-10;9612;0;0;0;695;0;0;0;0;22088;3;0;0;1567;0;0;0;0
FR;3;2021-02-11;13620;4;0;0;919;0;0;0;0;35708;7;0;0;2486;0;0;0;0
FR;3;2021-02-12;13410;0;0;0;907;0;0;0;0;49118;7;0;0;3393;0;0;0;0
FR;3;2021-02-13;3800;1;0;0;218;0;0;0;0;52918;8;0;0;3611;0;0;0;0
FR;3;2021-02-14;975;1;0;0;53;0;0;0;0;53893;9;0;0;3664;0;0;0;0
FR;3;2021-02-15;10497;2;0;0;719;0;0;0;0;64390;11;0;0;4383;0;0;0;0
FR;3;2021-02-16;12556;5;0;0;871;0;0;0;0;76946;16;0;0;5254;0;0;0;0
FR;3;2021-02-17;11159;1;0;0;716;0;0;0;0;88105;17;0;0;5970;0;0;0;0
FR;3;2021-02-18;14943;2;0;0;985;0;0;0;0;103048;19;0;0;6955;0;0;0;0
FR;3;2021-02-19;14364;1;0;0;846;0;0;0;0;117412;20;0;0;7801;0;0;0;0
FR;3;2021-02-20;3332;0;0;0;178;0;0;0;0;120744;20;0;0;7979;0;0;0;0
FR;3;2021-02-21;620;0;0;0;35;0;0;0;0;121364;20;0;0;8014;0;0;0;0
FR;3;2021-02-22;9171;1;0;0;654;0;0;0;0;130535;21;0;0;8668;0;0;0;0
FR;3;2021-02-23;11406;6;0;0;761;0;0;0;0;141941;27;0;0;9429;0;0;0;0
FR;3;2021-02-24;14305;1;0;0;829;0;0;0;0;156246;28;0;0;10258;0;0;0;0
FR;3;2021-02-25;44935;3;0;0;1814;0;0;0;0;201181;31;0;0;12072;0;0;0;0
FR;3;2021-02-26;61889;13;0;0;2201;0;0;0;0;263070;44;0;0;14273;0;0;0;0
FR;3;2021-02-27;34811;14;0;0;1028;0;0;0;0;297881;58;0;0;15301;0;0;0;0
FR;3;2021-02-28;2464;0;0;0;114;0;0;0;0;300345;58;0;0;15415;0;0;0;0
FR;3;2021-03-01;20520;21;0;0;1067;0;0;0;0;320865;79;0;0;16482;0;0;0;0
FR;3;2021-03-02;38878;25;0;0;1790;0;0;0;0;359743;104;0;0;18272;0;0;0;0
FR;3;2021-03-03;48750;18;0;0;2130;0;0;0;0;408493;122;0;0;20402;0;0;0;0
FR;3;2021-03-04;82228;25;0;0;3193;0;0;0;0;490721;147;0;0;23595;0;0;0;0
FR;3;2021-03-05;118139;42;0;0;4692;0;0;0;0;608860;189;0;0;28287;0;0;0;0
FR;3;2021-03-06;120727;65;1;0;3559;0;0;0;0;729587;254;1;0;31846;0;0;0;0
FR;3;2021-03-07;55186;23;0;0;1729;0;0;0;0;784773;277;1;0;33575;0;0;0;0
FR;3;2021-03-08;42814;29;0;0;2074;0;0;0;0;827587;306;1;0;35649;0;0;0;0
FR;3;2021-03-09;78978;51;0;0;3288;0;0;0;0;906565;357;1;0;38937;0;0;0;0
FR;3;2021-03-10;80985;67;0;0;3243;0;0;0;0;987550;424;1;0;42180;0;0;0;0
FR;3;2021-03-11;128447;66;0;0;4766;0;0;0;0;1115997;490;1;0;46946;0;0;0;0
FR;3;2021-03-12;182719;121;0;0;6278;0;0;0;0;1298716;611;1;0;53224;0;0;0;0
FR;3;2021-03-13;132162;91;0;0;3530;0;0;0;0;1430878;702;1;0;56754;0;0;0;0
FR;3;2021-03-14;14061;6;0;0;550;0;0;0;0;1444939;708;1;0;57304;0;0;0;0
FR;3;2021-03-15;52242;82;0;0;2097;0;0;0;0;1497181;790;1;0;59401;0;0;0;0
FR;3;2021-03-16;1221;51;0;0;105;0;0;0;0;1498402;841;1;0;59506;0;0;0;0
FR;3;2021-03-17;950;56;0;0;95;0;0;0;0;1499352;897;1;0;59601;0;0;0;0
FR;3;2021-03-18;1576;42;0;0;102;0;0;0;0;1500928;939;1;0;59703;0;0;0;0
FR;3;2021-03-19;70458;56;0;0;2060;0;0;0;0;1571386;995;1;0;61763;0;0;0;0
FR;3;2021-03-20;65241;51;0;0;1702;0;0;0;0;1636627;1046;1;0;63465;0;0;0;0
FR;3;2021-03-21;5761;8;0;0;199;0;0;0;0;1642388;1054;1;0;63664;0;0;0;0
FR;3;2021-03-22;37511;49;0;0;1052;0;0;0;0;1679899;1103;1;0;64716;0;0;0;0
FR;3;2021-03-23;84670;87;0;0;2288;0;0;0;0;1764569;1190;1;0;67004;0;0;0;0
FR;3;2021-03-24;90955;99;0;0;2491;0;0;0;0;1855524;1289;1;0;69495;0;0;0;0
FR;3;2021-03-25;150068;149;0;0;3792;0;0;0;0;2005592;1438;1;0;73287;0;0;0;0
FR;3;2021-03-26;165430;157;0;0;4148;0;0;0;0;2171022;1595;1;0;77435;0;0;0;0
FR;3;2021-03-27;68465;101;0;0;2004;0;0;0;0;2239487;1696;1;0;79439;0;0;0;0
FR;3;2021-03-28;6480;20;0;0;238;0;0;0;0;2245967;1716;1;0;79677;0;0;0;0
FR;3;2021-03-29;54171;82;0;0;1480;0;0;0;0;2300138;1798;1;0;81157;0;0;0;0
FR;3;2021-03-30;93185;103;0;0;2564;0;0;0;0;2393323;1901;1;0;83721;0;0;0;0
FR;3;2021-03-31;63546;110;0;0;1964;0;0;0;0;2456869;2011;1;0;85685;0;0;0;0
FR;3;2021-04-01;86136;115;0;0;2495;0;0;0;0;2543005;2126;1;0;88180;0;0;0;0
FR;3;2021-04-02;86915;187;0;0;2766;0;0;0;0;2629920;2313;1;0;90946;0;0;0;0
FR;3;2021-04-03;35876;133;0;0;1164;0;0;0;0;2665796;2446;1;0;92110;0;0;0;0
FR;3;2021-04-04;3577;19;0;0;164;0;0;0;0;2669373;2465;1;0;92274;0;0;0;0
FR;3;2021-04-05;4492;40;0;0;236;0;0;0;0;2673865;2505;1;0;92510;0;0;0;0
FR;3;2021-04-06;29762;104;0;0;1090;0;0;0;0;2703627;2609;1;0;93600;0;0;0;0
FR;3;2021-04-07;32350;113;0;0;1052;0;0;0;0;2735977;2722;1;0;94652;0;0;0;0
FR;3;2021-04-08;78827;273;0;0;2618;0;0;0;0;2814804;2995;1;0;97270;0;0;0;0
FR;3;2021-04-09;161764;454;0;0;5180;0;0;0;0;2976568;3449;1;0;102450;0;0;0;0
FR;3;2021-04-10;75765;364;0;0;2696;0;0;0;0;3052333;3813;1;0;105146;0;0;0;0
FR;3;2021-04-11;7316;47;0;0;306;0;0;0;0;3059649;3860;1;0;105452;0;0;0;0
FR;3;2021-04-12;51484;219;0;0;1738;0;0;0;0;3111133;4079;1;0;107190;0;0;0;0
FR;3;2021-04-13;86236;364;0;0;2911;0;0;0;0;3197369;4443;1;0;110101;0;0;0;0
FR;3;2021-04-14;67847;377;0;0;2429;0;0;0;0;3265216;4820;1;0;112530;0;0;0;0
FR;3;2021-04-15;93246;403;0;0;3441;0;0;0;0;3358462;5223;1;0;115971;0;0;0;0
FR;3;2021-04-16;112532;627;0;0;4342;0;0;0;0;3470994;5850;1;0;120313;0;0;0;0
FR;3;2021-04-17;53319;371;1;0;2277;0;0;0;0;3524313;6221;2;0;122590;0;0;0;0
FR;3;2021-04-18;9752;49;0;0;423;0;0;0;0;3534065;6270;2;0;123013;0;0;0;0
FR;3;2021-04-19;25117;287;0;0;1093;0;0;0;0;3559182;6557;2;0;124106;0;0;0;0
FR;3;2021-04-20;45676;438;0;0;1908;0;0;0;0;3604858;6995;2;0;126014;0;0;0;0
FR;3;2021-04-21;38988;552;0;0;1896;0;0;0;0;3643846;7547;2;0;127910;0;0;0;0
FR;3;2021-04-22;54723;875;0;0;2827;0;0;0;0;3698569;8422;2;0;130737;0;0;0;0
FR;3;2021-04-23;70493;1094;0;0;3696;0;0;0;0;3769062;9516;2;0;134433;0;0;0;0
FR;3;2021-04-24;37253;1101;0;0;2490;0;0;0;0;3806315;10617;2;0;136923;0;0;0;0
FR;3;2021-04-25;6213;158;0;0;446;0;0;0;0;3812528;10775;2;0;137369;0;0;0;0
FR;3;2021-04-26;19792;699;0;0;1434;0;0;0;0;3832320;11474;2;0;138803;0;0;0;0
FR;3;2021-04-27;34486;1336;0;0;2594;0;0;0;0;3866806;12810;2;0;141397;0;0;0;0
FR;3;2021-04-28;28971;2045;0;0;3162;0;0;0;0;3895777;14855;2;0;144559;0;0;0;0
FR;3;2021-04-29;45393;6123;0;0;7942;0;0;0;0;3941170;20978;2;0;152501;0;0;0;0
FR;3;2021-04-30;55465;9117;1;0;11512;0;0;0;0;3996635;30095;3;0;164013;0;0;0;0
FR;3;2021-05-01;9518;2064;0;0;2495;0;0;0;0;4006153;32159;3;0;166508;0;0;0;0
FR;3;2021-05-02;3081;465;0;0;610;0;0;0;0;4009234;32624;3;0;167118;0;0;0;0
FR;3;2021-05-03;13067;3940;0;0;4507;0;0;0;0;4022301;36564;3;0;171625;0;0;0;0
FR;3;2021-05-04;23123;8373;0;0;9440;0;0;0;0;4045424;44937;3;0;181065;0;0;0;0
FR;3;2021-05-05;18767;10833;0;0;11771;0;0;0;0;4064191;55770;3;0;192836;0;0;0;0
FR;3;2021-05-06;34632;21261;0;0;22811;0;0;0;0;4098823;77031;3;0;215647;0;0;0;0
FR;3;2021-05-07;44211;28903;0;0;31206;0;0;0;0;4143034;105934;3;0;246853;0;0;0;0
FR;3;2021-05-08;6786;9193;0;0;9559;0;0;0;0;4149820;115127;3;0;256412;0;0;0;0
FR;3;2021-05-09;1797;2666;0;0;2767;0;0;0;0;4151617;117793;3;0;259179;0;0;0;0
FR;3;2021-05-10;15001;12917;0;0;13610;0;0;0;0;4166618;130710;3;0;272789;0;0;0;0
FR;3;2021-05-11;27099;26275;0;0;27547;0;0;0;0;4193717;156985;3;0;300336;0;0;0;0
FR;3;2021-05-12;17273;28143;0;0;29081;0;0;0;0;4210990;185128;3;0;329417;0;0;0;0
FR;3;2021-05-13;2285;3510;0;0;3630;0;0;0;0;4213275;188638;3;0;333047;0;0;0;0
FR;3;2021-05-14;14521;26084;0;0;26865;0;0;0;0;4227796;214722;3;0;359912;0;0;0;0
FR;3;2021-05-15;7233;21086;0;0;21516;0;0;0;0;4235029;235808;3;0;381428;0;0;0;0
FR;3;2021-05-16;977;2646;0;0;2692;0;0;0;0;4236006;238454;3;0;384120;0;0;0;0
FR;3;2021-05-17;7967;20218;0;0;20662;0;0;0;0;4243973;258672;3;0;404782;0;0;0;0
FR;3;2021-05-18;13418;30157;0;0;30919;0;0;0;0;4257391;288829;3;0;435701;0;0;0;0
FR;3;2021-05-19;9277;30525;0;0;31119;0;0;0;0;4266668;319354;3;0;466820;0;0;0;0
FR;3;2021-05-20;12807;53829;3;0;54756;0;0;0;0;4279475;373183;6;0;521576;0;0;0;0
FR;3;2021-05-21;12771;66184;2;0;67115;0;0;0;0;4292246;439367;8;0;588691;0;0;0;0
FR;3;2021-05-22;4967;33779;1;0;34162;0;0;0;0;4297213;473146;9;0;622853;0;0;0;0
FR;3;2021-05-23;651;2664;0;0;2696;0;0;0;0;4297864;475810;9;0;625549;0;0;0;0
FR;3;2021-05-24;885;4784;0;0;4828;0;0;0;0;4298749;480594;9;0;630377;0;0;0;0
FR;3;2021-05-25;5314;46731;1;0;47135;0;0;0;0;4304063;527325;10;0;677512;0;0;0;0
FR;3;2021-05-26;4982;52190;1;0;52664;0;0;0;0;4309045;579515;11;0;730176;0;0;0;0
FR;3;2021-05-27;6338;79063;3;0;79674;0;0;0;0;4315383;658578;14;0;809850;0;0;0;0
FR;3;2021-05-28;7546;100336;2;0;101141;0;0;0;0;4322929;758914;16;0;910991;0;0;0;0
FR;3;2021-05-29;3349;61181;1;0;61563;0;0;0;0;4326278;820095;17;0;972554;0;0;0;0
FR;3;2021-05-30;551;8077;0;0;8126;0;0;0;0;4326829;828172;17;0;980680;0;0;0;0
FR;3;2021-05-31;2442;35485;3;0;35751;0;0;0;0;4329271;863657;20;0;1016431;0;0;0;0
FR;3;2021-06-01;3414;64904;10;0;65355;0;0;0;0;4332685;928561;30;0;1081786;0;0;0;0
FR;3;2021-06-02;2735;58932;6;0;59267;0;0;0;0;4335420;987493;36;0;1141053;0;0;0;0
FR;3;2021-06-03;3496;87200;10;0;87739;0;0;0;0;4338916;1074693;46;0;1228792;0;0;0;0
FR;3;2021-06-04;4125;105866;22;0;106531;0;0;0;0;4343041;1180559;68;0;1335323;0;0;0;0
FR;3;2021-06-05;1983;52606;4;0;52924;0;0;0;0;4345024;1233165;72;0;1388247;0;0;0;0
FR;3;2021-06-06;511;5268;1;0;5316;0;0;0;0;4345535;1238433;73;0;1393563;0;0;0;0
FR;3;2021-06-07;1487;30713;11;0;30894;0;0;0;0;4347022;1269146;84;0;1424457;0;0;0;0
FR;3;2021-06-08;2065;47427;18;0;47773;0;0;0;0;4349087;1316573;102;0;1472230;0;0;0;0
FR;3;2021-06-09;1796;41809;13;0;42114;0;0;0;0;4350883;1358382;115;0;1514344;0;0;0;0
FR;3;2021-06-10;2261;67659;17;0;68057;0;0;0;0;4353144;1426041;132;0;1582401;0;0;0;0
FR;3;2021-06-11;2492;96634;34;0;97110;0;0;0;0;4355636;1522675;166;0;1679511;0;0;0;0
FR;3;2021-06-12;1179;40556;6;0;40788;0;0;0;0;4356815;1563231;172;0;1720299;0;0;0;0
FR;3;2021-06-13;283;3606;3;0;3641;0;0;0;0;4357098;1566837;175;0;1723940;0;0;0;0
FR;3;2021-06-14;1051;42319;17;0;42488;0;0;0;0;4358149;1609156;192;0;1766428;0;0;0;0
FR;3;2021-06-15;1379;80351;20;0;80656;0;0;0;0;4359528;1689507;212;0;1847084;0;0;0;0
FR;3;2021-06-16;1263;65503;20;0;65776;0;0;0;0;4360791;1755010;232;0;1912860;0;0;0;0
FR;3;2021-06-17;1667;102293;41;0;102679;0;0;0;0;4362458;1857303;273;0;2015539;0;0;0;0
FR;3;2021-06-18;1872;118465;63;0;118935;0;0;0;0;4364330;1975768;336;0;2134474;0;0;0;0
FR;3;2021-06-19;804;39454;22;0;39649;0;0;0;0;4365134;2015222;358;0;2174123;0;0;0;0
FR;3;2021-06-20;162;3195;0;0;3224;0;0;0;0;4365296;2018417;358;0;2177347;0;0;0;0
FR;3;2021-06-21;775;39092;16;0;39250;0;0;0;0;4366071;2057509;374;0;2216597;0;0;0;0
FR;3;2021-06-22;1065;70094;52;0;70364;0;0;0;0;4367136;2127603;426;0;2286961;0;0;0;0
FR;3;2021-06-23;946;50833;39;0;51105;0;0;0;0;4368082;2178436;465;0;2338066;0;0;0;0
FR;3;2021-06-24;1314;77299;48;0;77672;0;0;0;0;4369396;2255735;513;0;2415738;0;0;0;0
FR;3;2021-06-25;1410;90853;73;0;91286;0;0;0;0;4370806;2346588;586;0;2507024;0;0;0;0
FR;3;2021-06-26;631;33114;29;0;33306;0;0;0;0;4371437;2379702;615;0;2540330;0;0;0;0
FR;3;2021-06-27;168;3779;1;0;3803;0;0;0;0;4371605;2383481;616;0;2544133;0;0;0;0
FR;3;2021-06-28;655;29932;27;0;30126;0;0;0;0;4372260;2413413;643;0;2574259;0;0;0;0
FR;3;2021-06-29;856;56649;95;0;56894;0;0;0;0;4373116;2470062;738;0;2631153;0;0;0;0
FR;3;2021-06-30;905;45215;93;0;45483;0;0;0;0;4374021;2515277;831;0;2676636;0;0;0;0
FR;3;2021-07-01;1164;66125;108;0;66474;0;0;0;0;4375185;2581402;939;0;2743110;0;0;0;0
FR;3;2021-07-02;1305;90528;170;0;91011;0;0;0;0;4376490;2671930;1109;0;2834121;0;0;0;0
FR;3;2021-07-03;602;31187;51;0;31388;0;0;0;0;4377092;2703117;1160;0;2865509;0;0;0;0
FR;3;2021-07-04;144;3967;3;0;3997;0;0;0;0;4377236;2707084;1163;0;2869506;0;0;0;0
FR;3;2021-07-05;613;33604;60;0;33805;0;0;0;0;4377849;2740688;1223;0;2903311;0;0;0;0
FR;3;2021-07-06;965;55936;88;0;56247;0;0;0;0;4378814;2796624;1311;0;2959558;0;0;0;0
FR;3;2021-07-07;874;42962;80;0;43260;0;0;0;0;4379688;2839586;1391;0;3002818;0;0;0;0
FR;3;2021-07-08;1127;60812;99;0;61222;0;0;0;0;4380815;2900398;1490;0;3064040;0;0;0;0
FR;3;2021-07-09;1261;68936;128;0;69401;0;0;0;0;4382076;2969334;1618;0;3133441;0;0;0;0
FR;3;2021-07-10;644;25021;59;0;25218;0;0;0;0;4382720;2994355;1677;0;3158659;0;0;0;0
FR;3;2021-07-11;132;3173;4;0;3198;0;0;0;0;4382852;2997528;1681;0;3161857;0;0;0;0
FR;3;2021-07-12;662;23600;59;0;23813;0;0;0;0;4383514;3021128;1740;0;3185670;0;0;0;0
FR;3;2021-07-13;1648;34427;90;0;34917;0;0;0;0;4385162;3055555;1830;0;3220587;0;0;0;0
FR;3;2021-07-14;272;2475;2;0;2532;0;0;0;0;4385434;3058030;1832;0;3223119;0;0;0;0
FR;3;2021-07-15;1941;30419;85;0;30994;0;0;0;0;4387375;3088449;1917;0;3254113;0;0;0;0
FR;3;2021-07-16;2520;38619;122;0;39353;0;0;0;0;4389895;3127068;2039;0;3293466;0;0;0;0
FR;3;2021-07-17;1051;13725;26;0;14033;0;0;0;0;4390946;3140793;2065;0;3307499;0;0;0;0
FR;3;2021-07-18;266;2549;3;0;2597;0;0;0;0;4391212;3143342;2068;0;3310096;0;0;0;0
FR;3;2021-07-19;1280;16885;38;0;17253;0;0;0;0;4392492;3160227;2106;0;3327349;0;0;0;0
FR;3;2021-07-20;1823;26930;98;0;27472;0;0;0;0;4394315;3187157;2204;0;3354821;0;0;0;0
FR;3;2021-07-21;1652;19474;44;0;19979;0;0;0;0;4395967;3206631;2248;0;3374800;0;0;0;0
FR;3;2021-07-22;1856;27646;83;0;28211;0;0;0;0;4397823;3234277;2331;0;3403011;0;0;0;0
FR;3;2021-07-23;2217;30211;117;0;30948;0;0;0;0;4400040;3264488;2448;0;3433959;0;0;0;0
FR;3;2021-07-24;828;6929;25;0;7152;0;0;0;0;4400868;3271417;2473;0;3441111;0;0;0;0
FR;3;2021-07-25;210;1287;1;0;1342;0;0;0;0;4401078;3272704;2474;0;3442453;0;0;0;0
FR;3;2021-07-26;933;10509;28;0;10817;0;0;0;0;4402011;3283213;2502;0;3453270;0;0;0;0
FR;3;2021-07-27;1171;16802;56;0;17165;0;0;0;0;4403182;3300015;2558;0;3470435;0;0;0;0
FR;3;2021-07-28;989;12000;40;0;12312;0;0;0;0;4404171;3312015;2598;0;3482747;0;0;0;0
FR;3;2021-07-29;1127;15681;63;0;16094;0;0;0;0;4405298;3327696;2661;0;3498841;0;0;0;0
FR;3;2021-07-30;1129;17990;79;0;18365;0;0;0;0;4406427;3345686;2740;0;3517206;0;0;0;0
FR;3;2021-07-31;407;3711;15;0;3837;0;0;0;0;4406834;3349397;2755;0;3521043;0;0;0;0
FR;3;2021-08-01;117;446;1;0;468;0;0;0;0;4406951;3349843;2756;0;3521511;0;0;0;0
FR;3;2021-08-02;424;5016;22;0;5137;0;0;0;0;4407375;3354859;2778;0;3526648;0;0;0;0
FR;3;2021-08-03;498;7467;27;0;7600;0;0;0;0;4407873;3362326;2805;0;3534248;0;0;0;0
FR;3;2021-08-04;440;4831;26;0;4976;0;0;0;0;4408313;3367157;2831;0;3539224;0;0;0;0
FR;3;2021-08-05;433;3654;13;0;3764;0;0;0;0;4408746;3370811;2844;0;3542988;0;0;0;0
FR;3;2021-08-06;456;4699;30;0;4800;0;0;0;0;4409202;3375510;2874;0;3547788;0;0;0;0
FR;3;2021-08-07;214;1900;11;0;1946;0;0;0;0;4409416;3377410;2885;0;3549734;0;0;0;0
FR;3;2021-08-08;251;423;2;0;456;0;0;0;0;4409667;3377833;2887;0;3550190;0;0;0;0
FR;3;2021-08-09;320;2376;11;0;2446;0;0;0;0;4409987;3380209;2898;0;3552636;0;0;0;0
FR;3;2021-08-10;369;3735;15;0;3823;0;0;0;0;4410356;3383944;2913;0;3556459;0;0;0;0
FR;3;2021-08-11;291;2639;15;0;2699;0;0;0;0;4410647;3386583;2928;0;3559158;0;0;0;0
FR;3;2021-08-12;279;2563;13;0;2651;0;0;0;0;4410926;3389146;2941;0;3561809;0;0;0;0
FR;3;2021-08-13;279;2255;16;0;2341;0;0;0;0;4411205;3391401;2957;0;3564150;0;0;0;0
FR;3;2021-08-14;172;874;1;0;905;0;0;0;0;4411377;3392275;2958;0;3565055;0;0;0;0
FR;3;2021-08-15;56;174;0;0;183;0;0;0;0;4411433;3392449;2958;0;3565238;0;0;0;0
FR;3;2021-08-16;126;1002;8;0;1041;0;0;0;0;4411559;3393451;2966;0;3566279;0;0;0;0
FR;3;2021-08-17;191;1429;8;0;1470;0;0;0;0;4411750;3394880;2974;0;3567749;0;0;0;0
FR;3;2021-08-18;204;1309;10;0;1351;0;0;0;0;4411954;3396189;2984;0;3569100;0;0;0;0
FR;3;2021-08-19;165;1373;10;0;1420;0;0;0;0;4412119;3397562;2994;0;3570520;0;0;0;0
FR;3;2021-08-20;167;1596;16;0;1658;0;0;0;0;4412286;3399158;3010;0;3572178;0;0;0;0
FR;3;2021-08-21;94;577;2;0;592;0;0;0;0;4412380;3399735;3012;0;3572770;0;0;0;0
FR;3;2021-08-22;42;192;1;0;195;0;0;0;0;4412422;3399927;3013;0;3572965;0;0;0;0
FR;3;2021-08-23;141;884;7;0;929;0;0;0;0;4412563;3400811;3020;0;3573894;0;0;0;0
FR;3;2021-08-24;125;924;10;0;956;0;0;0;0;4412688;3401735;3030;0;3574850;0;0;0;0
FR;3;2021-08-25;137;820;3;0;849;0;0;0;0;4412825;3402555;3033;0;3575699;0;0;0;0
FR;3;2021-08-26;172;824;9;0;872;0;0;0;0;4412997;3403379;3042;0;3576571;0;0;0;0
FR;3;2021-08-27;178;937;9;0;989;0;0;0;0;4413175;3404316;3051;0;3577560;0;0;0;0
FR;3;2021-08-28;101;373;4;0;390;0;0;0;0;4413276;3404689;3055;0;3577950;0;0;0;0
FR;3;2021-08-29;128;129;1;0;162;0;0;0;0;4413404;3404818;3056;0;3578112;0;0;0;0
FR;3;2021-08-30;100;560;0;0;469;108;0;0;0;4413504;3405378;3056;0;3578581;108;0;0;0
FR;3;2021-08-31;134;684;7;0;589;134;0;0;0;4413638;3406062;3063;0;3579170;242;0;0;0
FR;3;2021-09-01;122;456;5;0;378;106;0;0;0;4413760;3406518;3068;0;3579548;348;0;0;0
FR;3;2021-09-02;100;595;22;0;531;105;0;0;0;4413860;3407113;3090;0;3580079;453;0;0;0
FR;3;2021-09-03;116;553;17;0;478;116;0;0;0;4413976;3407666;3107;0;3580557;569;0;0;0
FR;3;2021-09-04;55;295;3;0;256;50;0;0;0;4414031;3407961;3110;0;3580813;619;0;0;0
FR;3;2021-09-05;52;65;5;0;55;25;0;0;0;4414083;3408026;3115;0;3580868;644;0;0;0
FR;3;2021-09-06;118;367;4;0;261;130;0;0;0;4414201;3408393;3119;0;3581129;774;0;0;0
FR;3;2021-09-07;125;431;14;0;347;116;0;0;0;4414326;3408824;3133;0;3581476;890;0;0;0
FR;3;2021-09-08;122;343;2;0;273;87;0;0;0;4414448;3409167;3135;0;3581749;977;0;0;0
FR;3;2021-09-09;94;377;8;0;297;103;0;0;0;4414542;3409544;3143;0;3582046;1080;0;0;0
FR;3;2021-09-10;101;402;3;0;332;93;0;0;0;4414643;3409946;3146;0;3582378;1173;0;0;0
FR;3;2021-09-11;78;232;4;0;177;65;0;0;0;4414721;3410178;3150;0;3582555;1238;0;0;0
FR;3;2021-09-12;37;48;1;0;37;16;0;0;0;4414758;3410226;3151;0;3582592;1254;0;0;0
FR;3;2021-09-13;78;298;7;0;215;102;1;0;0;4414836;3410524;3158;0;3582807;1356;1;0;0
FR;3;2021-09-14;75;273;6;0;193;94;0;0;0;4414911;3410797;3164;0;3583000;1450;1;0;0
FR;3;2021-09-15;64;252;3;0;257;6;0;0;0;4414975;3411049;3167;0;3583257;1456;1;0;0
FR;3;2021-09-16;65;320;6;0;331;6;0;0;0;4415040;3411369;3173;0;3583588;1462;1;0;0
FR;3;2021-09-17;52;327;3;0;339;6;0;0;0;4415092;3411696;3176;0;3583927;1468;1;0;0
FR;3;2021-09-18;37;172;1;0;176;1;0;0;0;4415129;3411868;3177;0;3584103;1469;1;0;0
FR;3;2021-09-19;29;31;2;0;34;1;0;0;0;4415158;3411899;3179;0;3584137;1470;1;0;0
FR;3;2021-09-20;82;188;0;0;196;1;0;0;0;4415240;3412087;3179;0;3584333;1471;1;0;0
FR;3;2021-09-21;60;273;7;0;277;8;0;0;0;4415300;3412360;3186;0;3584610;1479;1;0;0
FR;3;2021-09-22;67;229;6;0;242;7;0;0;0;4415367;3412589;3192;0;3584852;1486;1;0;0
FR;3;2021-09-23;37;257;11;0;261;7;0;0;0;4415404;3412846;3203;0;3585113;1493;1;0;0
FR;3;2021-09-24;29;315;12;0;313;18;0;0;0;4415433;3413161;3215;0;3585426;1511;1;0;0
FR;3;2021-09-25;31;144;3;0;150;3;0;0;0;4415464;3413305;3218;0;3585576;1514;1;0;0
FR;3;2021-09-26;16;57;1;0;59;1;0;0;0;4415480;3413362;3219;0;3585635;1515;1;0;0
FR;3;2021-09-27;49;281;3;0;284;5;0;0;0;4415529;3413643;3222;0;3585919;1520;1;0;0
FR;3;2021-09-28;49;245;6;0;253;8;0;0;0;4415578;3413888;3228;0;3586172;1528;1;0;0
FR;3;2021-09-29;40;218;10;0;222;15;0;0;0;4415618;3414106;3238;0;3586394;1543;1;0;0
FR;3;2021-09-30;40;200;8;0;204;11;0;0;0;4415658;3414306;3246;0;3586598;1554;1;0;0
FR;3;2021-10-01;23;159;6;0;161;8;0;0;0;4415681;3414465;3252;0;3586759;1562;1;0;0
FR;3;2021-10-02;17;88;0;0;89;0;0;0;0;4415698;3414553;3252;0;3586848;1562;1;0;0
FR;3;2021-10-03;19;19;1;0;19;2;0;0;0;4415717;3414572;3253;0;3586867;1564;1;0;0
FR;3;2021-10-04;33;157;4;0;162;4;0;0;0;4415750;3414729;3257;0;3587029;1568;1;0;0
FR;3;2021-10-05;17;148;10;0;153;12;0;0;0;4415767;3414877;3267;0;3587182;1580;1;0;0
FR;3;2021-10-06;34;144;9;0;152;10;0;0;0;4415801;3415021;3276;0;3587334;1590;1;0;0
FR;3;2021-10-07;20;132;6;0;130;6;0;0;0;4415821;3415153;3282;0;3587464;1596;1;0;0
FR;3;2021-10-08;25;136;10;0;141;9;0;0;0;4415846;3415289;3292;0;3587605;1605;1;0;0
FR;3;2021-10-09;17;72;1;0;73;1;0;0;0;4415863;3415361;3293;0;3587678;1606;1;0;0
FR;3;2021-10-10;13;17;2;0;16;3;0;0;0;4415876;3415378;3295;0;3587694;1609;1;0;0
FR;3;2021-10-11;17;116;4;0;121;5;0;0;0;4415893;3415494;3299;0;3587815;1614;1;0;0
FR;3;2021-10-12;22;99;6;0;99;6;0;0;0;4415915;3415593;3305;0;3587914;1620;1;0;0
FR;3;2021-10-13;25;114;9;0;121;7;0;0;0;4415940;3415707;3314;0;3588035;1627;1;0;0
FR;3;2021-10-14;19;138;3;0;139;4;0;0;0;4415959;3415845;3317;0;3588174;1631;1;0;0
FR;3;2021-10-15;23;140;8;0;139;13;0;0;0;4415982;3415985;3325;0;3588313;1644;1;0;0
FR;3;2021-10-16;13;66;6;0;65;8;0;0;0;4415995;3416051;3331;0;3588378;1652;1;0;0
FR;3;2021-10-17;12;24;0;0;26;0;0;0;0;4416007;3416075;3331;0;3588404;1652;1;0;0
FR;3;2021-10-18;18;112;2;0;117;2;0;0;0;4416025;3416187;3333;0;3588521;1654;1;0;0
FR;3;2021-10-19;18;112;19;0;113;21;0;0;0;4416043;3416299;3352;0;3588634;1675;1;0;0
FR;3;2021-10-20;27;125;6;0;127;7;0;0;0;4416070;3416424;3358;0;3588761;1682;1;0;0
FR;3;2021-10-21;28;120;17;0;120;13;0;0;0;4416098;3416544;3375;0;3588881;1695;1;0;0
FR;3;2021-10-22;25;103;18;0;102;21;0;0;0;4416123;3416647;3393;0;3588983;1716;1;0;0
FR;3;2021-10-23;17;53;3;0;53;2;0;0;0;4416140;3416700;3396;0;3589036;1718;1;0;0
FR;3;2021-10-24;7;36;0;0;34;0;0;0;0;4416147;3416736;3396;0;3589070;1718;1;0;0
FR;3;2021-10-25;27;141;7;0;145;7;0;0;0;4416174;3416877;3403;0;3589215;1725;1;0;0
FR;3;2021-10-26;25;96;22;0;93;19;0;0;0;4416199;3416973;3425;0;3589308;1744;1;0;0
FR;3;2021-10-27;19;91;9;0;93;9;0;0;0;4416218;3417064;3434;0;3589401;1753;1;0;0
FR;3;2021-10-28;23;114;33;0;111;36;0;0;0;4416241;3417178;3467;0;3589512;1789;1;0;0
FR;3;2021-10-29;12;98;64;0;92;54;0;0;0;4416253;3417276;3531;0;3589604;1843;1;0;0
FR;3;2021-10-30;11;62;11;1;62;10;0;0;0;4416264;3417338;3542;1;3589666;1853;1;0;0
FR;3;2021-10-31;8;25;1;0;25;1;0;0;0;4416272;3417363;3543;1;3589691;1854;1;0;0
FR;3;2021-11-01;11;22;2;0;23;1;0;0;0;4416283;3417385;3545;1;3589714;1855;1;0;0
FR;3;2021-11-02;11;100;10;0;100;12;0;0;0;4416294;3417485;3555;1;3589814;1867;1;0;0
FR;3;2021-11-03;22;105;10;0;113;10;0;0;0;4416316;3417590;3565;1;3589927;1877;1;0;0
FR;3;2021-11-04;20;88;6;0;93;5;0;0;0;4416336;3417678;3571;1;3590020;1882;1;0;0
FR;3;2021-11-05;19;119;9;1;125;6;1;0;0;4416355;3417797;3580;2;3590145;1888;2;0;0
FR;3;2021-11-06;11;54;3;0;56;3;0;0;0;4416366;3417851;3583;2;3590201;1891;2;0;0
FR;3;2021-11-07;6;23;1;0;24;1;0;0;0;4416372;3417874;3584;2;3590225;1892;2;0;0
FR;3;2021-11-08;12;124;7;0;129;5;0;0;0;4416384;3417998;3591;2;3590354;1897;2;0;0
FR;3;2021-11-09;15;123;6;0;125;6;0;0;0;4416399;3418121;3597;2;3590479;1903;2;0;0
FR;3;2021-11-10;15;130;15;0;128;16;0;0;0;4416414;3418251;3612;2;3590607;1919;2;0;0
FR;3;2021-11-11;12;49;3;0;51;3;0;0;0;4416426;3418300;3615;2;3590658;1922;2;0;0
FR;3;2021-11-12;15;126;6;0;128;5;0;0;0;4416441;3418426;3621;2;3590786;1927;2;0;0
FR;3;2021-11-13;7;66;9;0;61;10;0;0;0;4416448;3418492;3630;2;3590847;1937;2;0;0
FR;3;2021-11-14;3;24;1;0;24;1;0;0;0;4416451;3418516;3631;2;3590871;1938;2;0;0
FR;3;2021-11-15;7;161;11;0;158;12;0;0;0;4416458;3418677;3642;2;3591029;1950;2;0;0
FR;3;2021-11-16;9;125;11;0;120;10;0;0;0;4416467;3418802;3653;2;3591149;1960;2;0;0
FR;3;2021-11-17;8;133;11;0;134;8;0;0;0;4416475;3418935;3664;2;3591283;1968;2;0;0
FR;3;2021-11-18;16;131;10;0;132;11;0;0;0;4416491;3419066;3674;2;3591415;1979;2;0;0
FR;3;2021-11-19;12;178;23;0;173;28;0;0;0;4416503;3419244;3697;2;3591588;2007;2;0;0
FR;3;2021-11-20;6;101;6;0;102;6;0;0;0;4416509;3419345;3703;2;3591690;2013;2;0;0
FR;3;2021-11-21;3;25;4;0;24;4;0;0;0;4416512;3419370;3707;2;3591714;2017;2;0;0
FR;3;2021-11-22;11;185;11;0;185;11;0;0;0;4416523;3419555;3718;2;3591899;2028;2;0;0
FR;3;2021-11-23;9;181;16;0;179;15;0;0;0;4416532;3419736;3734;2;3592078;2043;2;0;0
FR;3;2021-11-24;11;180;9;0;172;17;0;0;0;4416543;3419916;3743;2;3592250;2060;2;0;0
FR;3;2021-11-25;12;197;11;0;196;11;0;0;0;4416555;3420113;3754;2;3592446;2071;2;0;0
FR;3;2021-11-26;10;251;35;0;250;33;1;0;0;4416565;3420364;3789;2;3592696;2104;3;0;0
FR;3;2021-11-27;8;124;20;0;123;21;0;0;0;4416573;3420488;3809;2;3592819;2125;3;0;0
FR;3;2021-11-28;3;56;7;0;57;7;0;0;0;4416576;3420544;3816;2;3592876;2132;3;0;0
FR;3;2021-11-29;5;214;22;0;209;23;1;0;0;4416581;3420758;3838;2;3593085;2155;4;0;0
FR;3;2021-11-30;9;282;31;0;281;33;1;0;0;4416590;3421040;3869;2;3593366;2188;5;0;0
FR;3;2021-12-01;30;316;38;0;314;40;2;0;0;4416620;3421356;3907;2;3593680;2228;7;0;0
FR;3;2021-12-02;9;338;33;0;334;36;0;0;0;4416629;3421694;3940;2;3594014;2264;7;0;0
FR;3;2021-12-03;6;364;37;0;360;38;0;0;0;4416635;3422058;3977;2;3594374;2302;7;0;0
FR;3;2021-12-04;3;201;26;0;197;28;0;0;0;4416638;3422259;4003;2;3594571;2330;7;0;0
FR;3;2021-12-05;1;61;5;0;61;5;0;0;0;4416639;3422320;4008;2;3594632;2335;7;0;0
FR;3;2021-12-06;7;351;14;0;350;15;0;0;0;4416646;3422671;4022;2;3594982;2350;7;0;0
FR;3;2021-12-07;6;412;20;0;406;24;1;0;0;4416652;3423083;4042;2;3595388;2374;8;0;0
FR;3;2021-12-08;8;375;29;0;367;30;1;0;0;4416660;3423458;4071;2;3595755;2404;9;0;0
FR;3;2021-12-09;3;424;17;0;411;22;1;0;0;4416663;3423882;4088;2;3596166;2426;10;0;0
FR;3;2021-12-10;10;443;29;0;440;25;0;0;0;4416673;3424325;4117;2;3596606;2451;10;0;0
FR;3;2021-12-11;4;299;10;0;296;9;2;0;0;4416677;3424624;4127;2;3596902;2460;12;0;0
FR;3;2021-12-12;1;96;3;0;96;3;0;0;0;4416678;3424720;4130;2;3596998;2463;12;0;0
FR;3;2021-12-13;2;433;19;0;427;21;0;0;0;4416680;3425153;4149;2;3597425;2484;12;0;0
FR;3;2021-12-14;8;551;18;0;539;21;1;0;0;4416688;3425704;4167;2;3597964;2505;13;0;0
FR;3;2021-12-15;10;523;17;0;510;21;0;0;0;4416698;3426227;4184;2;3598474;2526;13;0;0
FR;3;2021-12-16;10;530;19;0;524;18;3;0;0;4416708;3426757;4203;2;3598998;2544;16;0;0
FR;3;2021-12-17;5;593;18;0;589;19;0;0;0;4416713;3427350;4221;2;3599587;2563;16;0;0
FR;3;2021-12-18;5;344;4;0;338;5;1;0;0;4416718;3427694;4225;2;3599925;2568;17;0;0
FR;3;2021-12-19;3;176;2;0;174;2;0;0;0;4416721;3427870;4227;2;3600099;2570;17;0;0
FR;3;2021-12-20;10;567;23;0;561;28;0;0;0;4416731;3428437;4250;2;3600660;2598;17;0;0
FR;3;2021-12-21;5;660;10;0;652;13;2;0;0;4416736;3429097;4260;2;3601312;2611;19;0;0
FR;3;2021-12-22;10;614;9;0;608;10;1;0;0;4416746;3429711;4269;2;3601920;2621;20;0;0
FR;3;2021-12-23;4;539;8;0;537;8;0;0;0;4416750;3430250;4277;2;3602457;2629;20;0;0
FR;3;2021-12-24;2;233;3;0;228;6;0;0;0;4416752;3430483;4280;2;3602685;2635;20;0;0
FR;3;2021-12-25;0;24;0;0;24;0;0;0;0;4416752;3430507;4280;2;3602709;2635;20;0;0
FR;3;2021-12-26;0;87;1;0;87;1;0;0;0;4416752;3430594;4281;2;3602796;2636;20;0;0
FR;3;2021-12-27;7;456;17;0;453;20;1;0;0;4416759;3431050;4298;2;3603249;2656;21;0;0
FR;3;2021-12-28;3;573;6;0;572;5;0;0;0;4416762;3431623;4304;2;3603821;2661;21;0;0
FR;3;2021-12-29;5;488;14;0;483;16;0;0;0;4416767;3432111;4318;2;3604304;2677;21;0;0
FR;3;2021-12-30;3;518;7;0;511;10;2;0;0;4416770;3432629;4325;2;3604815;2687;23;0;0
FR;3;2021-12-31;0;182;5;0;178;7;0;0;0;4416770;3432811;4330;2;3604993;2694;23;0;0
FR;3;2022-01-01;0;26;0;0;24;2;0;0;0;4416770;3432837;4330;2;3605017;2696;23;0;0
FR;3;2022-01-02;0;77;0;0;77;0;0;0;0;4416770;3432914;4330;2;3605094;2696;23;0;0
FR;3;2022-01-03;5;489;17;0;479;21;3;0;0;4416775;3433403;4347;2;3605573;2717;26;0;0
FR;3;2022-01-04;7;537;9;0;536;8;0;0;0;4416782;3433940;4356;2;3606109;2725;26;0;0
FR;3;2022-01-05;5;487;10;0;479;14;1;0;0;4416787;3434427;4366;2;3606588;2739;27;0;0
FR;3;2022-01-06;6;464;9;0;459;10;1;0;0;4416793;3434891;4375;2;3607047;2749;28;0;0
FR;3;2022-01-07;2;490;11;0;484;13;1;0;1;4416795;3435381;4386;2;3607531;2762;29;0;1
FR;3;2022-01-08;6;251;4;0;248;5;0;0;0;4416801;3435632;4390;2;3607779;2767;29;0;1
FR;3;2022-01-09;0;116;0;0;116;0;0;0;0;4416801;3435748;4390;2;3607895;2767;29;0;1
FR;3;2022-01-10;2;421;12;0;419;12;0;0;0;4416803;3436169;4402;2;3608314;2779;29;0;1
FR;3;2022-01-11;3;456;1;0;455;1;0;0;0;4416806;3436625;4403;2;3608769;2780;29;0;1
FR;3;2022-01-12;4;393;9;0;390;10;2;0;0;4416810;3437018;4412;2;3609159;2790;31;0;1
FR;3;2022-01-13;3;382;11;0;380;12;1;0;0;4416813;3437400;4423;2;3609539;2802;32;0;1
FR;3;2022-01-14;4;420;10;0;414;13;1;0;0;4416817;3437820;4433;2;3609953;2815;33;0;1
FR;3;2022-01-15;0;275;2;0;271;3;0;0;0;4416817;3438095;4435;2;3610224;2818;33;0;1
FR;3;2022-01-16;1;108;1;0;106;1;1;0;0;4416818;3438203;4436;2;3610330;2819;34;0;1
FR;3;2022-01-17;2;318;8;0;315;9;1;0;0;4416820;3438521;4444;2;3610645;2828;35;0;1
FR;3;2022-01-18;2;359;1;0;355;2;1;0;0;4416822;3438880;4445;2;3611000;2830;36;0;1
FR;3;2022-01-19;2;322;5;0;316;10;0;0;0;4416824;3439202;4450;2;3611316;2840;36;0;1
FR;3;2022-01-20;1;351;5;0;350;3;2;0;0;4416825;3439553;4455;2;3611666;2843;38;0;1
FR;3;2022-01-21;4;338;5;0;332;7;2;0;0;4416829;3439891;4460;2;3611998;2850;40;0;1
FR;3;2022-01-22;2;218;1;0;214;2;3;0;0;4416831;3440109;4461;2;3612212;2852;43;0;1
FR;3;2022-01-23;0;77;0;0;75;1;1;0;0;4416831;3440186;4461;2;3612287;2853;44;0;1
FR;3;2022-01-24;2;317;1;0;309;6;2;0;0;4416833;3440503;4462;2;3612596;2859;46;0;1
FR;3;2022-01-25;0;171;0;0;168;0;1;0;0;4416833;3440674;4462;2;3612764;2859;47;0;1
FR;3;2022-01-26;0;77;0;0;77;0;0;0;0;4416833;3440751;4462;2;3612841;2859;47;0;1
FR;3;2022-01-27;0;52;0;0;52;0;0;0;0;4416833;3440803;4462;2;3612893;2859;47;0;1
FR;3;2022-01-28;0;115;0;0;114;0;0;0;0;4416833;3440918;4462;2;3613007;2859;47;0;1
FR;3;2022-01-29;0;97;0;0;97;0;0;0;0;4416833;3441015;4462;2;3613104;2859;47;0;1
FR;3;2022-01-30;0;50;0;0;50;0;0;0;0;4416833;3441065;4462;2;3613154;2859;47;0;1
FR;3;2022-01-31;0;91;0;0;91;0;0;0;0;4416833;3441156;4462;2;3613245;2859;47;0;1
FR;3;2022-02-01;0;98;0;0;96;1;0;0;0;4416833;3441254;4462;2;3613341;2860;47;0;1
FR;3;2022-02-02;0;85;0;0;83;0;0;0;0;4416833;3441339;4462;2;3613424;2860;47;0;1
FR;3;2022-02-03;0;91;0;0;89;0;0;0;0;4416833;3441430;4462;2;3613513;2860;47;0;1
FR;3;2022-02-04;0;113;0;0;110;0;1;0;0;4416833;3441543;4462;2;3613623;2860;48;0;1
FR;3;2022-02-05;0;70;0;0;70;0;0;0;0;4416833;3441613;4462;2;3613693;2860;48;0;1
FR;3;2022-02-06;0;10;0;0;10;0;0;0;0;4416833;3441623;4462;2;3613703;2860;48;0;1
FR;3;2022-02-07;0;75;0;0;75;0;0;0;0;4416833;3441698;4462;2;3613778;2860;48;0;1
FR;3;2022-02-08;0;0;0;0;0;0;0;0;0;4416833;3441698;4462;2;3613778;2860;48;0;1
FR;3;2022-02-09;0;0;0;0;0;0;0;0;0;4416833;3441698;4462;2;3613778;2860;48;0;1
FR;3;2022-02-10;0;0;0;0;0;0;0;0;0;4416833;3441698;4462;2;3613778;2860;48;0;1
FR;3;2022-02-11;0;0;0;0;0;0;0;0;0;4416833;3441698;4462;2;3613778;2860;48;0;1
FR;3;2022-02-12;0;0;0;0;0;0;0;0;0;4416833;3441698;4462;2;3613778;2860;48;0;1
FR;3;2022-02-13;0;0;0;0;0;0;0;0;0;4416833;3441698;4462;2;3613778;2860;48;0;1
FR;3;2022-02-14;0;0;0;0;0;0;0;0;0;4416833;3441698;4462;2;3613778;2860;48;0;1
FR;3;2022-02-15;0;0;0;0;0;0;0;0;0;4416833;3441698;4462;2;3613778;2860;48;0;1
FR;3;2022-02-16;0;0;0;0;0;0;0;0;0;4416833;3441698;4462;2;3613778;2860;48;0;1
FR;3;2022-02-17;0;0;0;0;0;0;0;0;0;4416833;3441698;4462;2;3613778;2860;48;0;1
FR;3;2022-02-18;0;0;0;0;0;0;0;0;0;4416833;3441698;4462;2;3613778;2860;48;0;1
FR;3;2022-02-19;0;0;0;0;0;0;0;0;0;4416833;3441698;4462;2;3613778;2860;48;0;1
FR;3;2022-02-20;0;0;0;0;0;0;0;0;0;4416833;3441698;4462;2;3613778;2860;48;0;1
FR;3;2022-02-21;2;0;0;0;0;0;0;0;0;4416835;3441698;4462;2;3613778;2860;48;0;1
FR;3;2022-02-22;0;0;0;0;0;0;0;0;0;4416835;3441698;4462;2;3613778;2860;48;0;1
FR;3;2022-02-23;0;0;0;0;0;0;0;0;0;4416835;3441698;4462;2;3613778;2860;48;0;1
FR;3;2022-02-24;0;0;0;0;0;0;0;0;0;4416835;3441698;4462;2;3613778;2860;48;0;1
FR;3;2022-02-25;0;0;0;0;0;0;0;0;0;4416835;3441698;4462;2;3613778;2860;48;0;1
FR;3;2022-02-26;0;0;0;0;0;0;0;0;0;4416835;3441698;4462;2;3613778;2860;48;0;1
FR;3;2022-02-27;0;0;0;0;0;0;0;0;0;4416835;3441698;4462;2;3613778;2860;48;0;1
FR;3;2022-02-28;1;0;0;0;0;0;0;0;0;4416836;3441698;4462;2;3613778;2860;48;0;1
FR;3;2022-03-01;1;0;0;0;0;0;0;0;0;4416837;3441698;4462;2;3613778;2860;48;0;1
FR;3;2022-03-02;0;0;0;0;0;0;0;0;0;4416837;3441698;4462;2;3613778;2860;48;0;1
FR;3;2022-03-03;0;0;0;0;0;0;0;0;0;4416837;3441698;4462;2;3613778;2860;48;0;1
FR;3;2022-03-04;0;0;0;0;0;0;0;0;0;4416837;3441698;4462;2;3613778;2860;48;0;1
FR;3;2022-03-05;0;0;0;0;0;0;0;0;0;4416837;3441698;4462;2;3613778;2860;48;0;1
FR;3;2022-03-06;1;0;0;0;0;0;0;0;0;4416838;3441698;4462;2;3613778;2860;48;0;1
FR;3;2022-03-07;0;0;0;0;0;0;0;0;0;4416838;3441698;4462;2;3613778;2860;48;0;1
FR;3;2022-03-08;1;0;0;0;0;0;0;0;0;4416839;3441698;4462;2;3613778;2860;48;0;1
FR;3;2022-03-09;0;0;0;0;0;0;0;0;0;4416839;3441698;4462;2;3613778;2860;48;0;1
FR;3;2022-03-10;0;0;0;0;0;0;0;0;0;4416839;3441698;4462;2;3613778;2860;48;0;1
FR;3;2022-03-11;0;0;0;0;0;0;0;0;0;4416839;3441698;4462;2;3613778;2860;48;0;1
FR;3;2022-03-12;0;0;0;0;0;0;0;0;0;4416839;3441698;4462;2;3613778;2860;48;0;1
FR;3;2022-03-13;0;0;0;0;0;0;0;0;0;4416839;3441698;4462;2;3613778;2860;48;0;1
FR;3;2022-03-14;0;0;0;0;0;0;0;0;0;4416839;3441698;4462;2;3613778;2860;48;0;1
FR;3;2022-03-15;0;0;0;0;0;0;0;0;0;4416839;3441698;4462;2;3613778;2860;48;0;1
FR;3;2022-03-16;0;0;0;0;0;0;0;0;0;4416839;3441698;4462;2;3613778;2860;48;0;1
FR;3;2022-03-17;0;0;0;0;0;0;0;0;0;4416839;3441698;4462;2;3613778;2860;48;0;1
FR;3;2022-03-18;0;0;0;0;0;0;0;0;0;4416839;3441698;4462;2;3613778;2860;48;0;1
FR;3;2022-03-19;0;0;0;0;0;0;0;0;0;4416839;3441698;4462;2;3613778;2860;48;0;1
FR;3;2022-03-20;1;0;0;0;0;0;0;0;0;4416840;3441698;4462;2;3613778;2860;48;0;1
FR;3;2022-03-21;0;0;0;0;0;0;0;0;0;4416840;3441698;4462;2;3613778;2860;48;0;1
FR;3;2022-03-22;0;0;0;0;0;0;0;0;0;4416840;3441698;4462;2;3613778;2860;48;0;1
FR;3;2022-03-23;1;0;0;0;0;0;0;0;0;4416841;3441698;4462;2;3613778;2860;48;0;1
FR;3;2022-03-24;0;0;0;0;0;0;0;0;0;4416841;3441698;4462;2;3613778;2860;48;0;1
FR;3;2022-03-25;1;0;0;0;0;0;0;0;0;4416842;3441698;4462;2;3613778;2860;48;0;1
FR;3;2022-03-26;0;0;0;0;0;0;0;0;0;4416842;3441698;4462;2;3613778;2860;48;0;1
FR;3;2022-03-27;0;0;0;0;0;0;0;0;0;4416842;3441698;4462;2;3613778;2860;48;0;1
FR;3;2022-03-28;0;0;0;0;0;0;0;0;0;4416842;3441698;4462;2;3613778;2860;48;0;1
FR;3;2022-03-29;0;0;0;0;0;0;0;0;0;4416842;3441698;4462;2;3613778;2860;48;0;1
FR;3;2022-03-30;0;0;0;0;0;0;0;0;0;4416842;3441698;4462;2;3613778;2860;48;0;1
FR;3;2022-03-31;0;0;0;0;0;0;0;0;0;4416842;3441698;4462;2;3613778;2860;48;0;1
FR;3;2022-04-01;0;0;0;0;0;0;0;0;0;4416842;3441698;4462;2;3613778;2860;48;0;1
FR;3;2022-04-02;0;0;0;0;0;0;0;0;0;4416842;3441698;4462;2;3613778;2860;48;0;1
FR;3;2022-04-03;0;0;0;0;0;0;0;0;0;4416842;3441698;4462;2;3613778;2860;48;0;1
FR;3;2022-04-04;0;0;0;0;0;0;0;0;0;4416842;3441698;4462;2;3613778;2860;48;0;1
FR;3;2022-04-05;0;0;0;0;0;0;0;0;0;4416842;3441698;4462;2;3613778;2860;48;0;1
FR;3;2022-04-06;0;0;0;0;0;0;0;0;0;4416842;3441698;4462;2;3613778;2860;48;0;1
FR;3;2022-04-07;0;0;0;0;0;0;0;0;0;4416842;3441698;4462;2;3613778;2860;48;0;1
FR;3;2022-04-08;0;0;0;0;0;0;0;0;0;4416842;3441698;4462;2;3613778;2860;48;0;1
FR;3;2022-04-09;0;0;0;0;0;0;0;0;0;4416842;3441698;4462;2;3613778;2860;48;0;1
FR;3;2022-04-10;0;0;0;0;0;0;0;0;0;4416842;3441698;4462;2;3613778;2860;48;0;1
FR;3;2022-04-11;0;0;0;0;0;0;0;0;0;4416842;3441698;4462;2;3613778;2860;48;0;1
FR;3;2022-04-12;0;0;0;0;0;0;0;0;0;4416842;3441698;4462;2;3613778;2860;48;0;1
FR;3;2022-04-13;0;0;0;0;0;0;0;0;0;4416842;3441698;4462;2;3613778;2860;48;0;1
FR;3;2022-04-14;0;0;0;0;0;0;0;0;0;4416842;3441698;4462;2;3613778;2860;48;0;1
FR;3;2022-04-15;1;0;0;0;0;0;0;0;0;4416843;3441698;4462;2;3613778;2860;48;0;1
FR;3;2022-04-16;0;0;0;0;0;0;0;0;0;4416843;3441698;4462;2;3613778;2860;48;0;1
FR;3;2022-04-17;0;0;0;0;0;0;0;0;0;4416843;3441698;4462;2;3613778;2860;48;0;1
FR;3;2022-04-18;0;0;0;0;0;0;0;0;0;4416843;3441698;4462;2;3613778;2860;48;0;1
FR;3;2022-04-19;0;0;0;0;0;0;0;0;0;4416843;3441698;4462;2;3613778;2860;48;0;1
FR;3;2022-04-20;0;0;0;0;0;0;0;0;0;4416843;3441698;4462;2;3613778;2860;48;0;1
FR;3;2022-04-21;0;0;0;0;0;0;0;0;0;4416843;3441698;4462;2;3613778;2860;48;0;1
FR;3;2022-04-22;0;0;0;0;0;0;0;0;0;4416843;3441698;4462;2;3613778;2860;48;0;1
FR;3;2022-04-23;0;0;0;0;0;0;0;0;0;4416843;3441698;4462;2;3613778;2860;48;0;1
FR;3;2022-04-24;0;0;0;0;0;0;0;0;0;4416843;3441698;4462;2;3613778;2860;48;0;1
FR;3;2022-04-25;0;0;0;0;0;0;0;0;0;4416843;3441698;4462;2;3613778;2860;48;0;1
FR;3;2022-04-26;0;0;0;0;0;0;0;0;0;4416843;3441698;4462;2;3613778;2860;48;0;1
FR;3;2022-04-27;0;0;0;0;0;0;0;0;0;4416843;3441698;4462;2;3613778;2860;48;0;1
FR;3;2022-04-28;0;0;0;0;0;0;0;0;0;4416843;3441698;4462;2;3613778;2860;48;0;1
FR;3;2022-04-29;0;0;0;0;0;0;0;0;0;4416843;3441698;4462;2;3613778;2860;48;0;1
FR;3;2022-04-30;0;0;0;0;0;0;0;0;0;4416843;3441698;4462;2;3613778;2860;48;0;1
FR;3;2022-05-01;0;0;0;0;0;0;0;0;0;4416843;3441698;4462;2;3613778;2860;48;0;1
FR;3;2022-05-02;0;0;0;0;0;0;0;0;0;4416843;3441698;4462;2;3613778;2860;48;0;1
FR;3;2022-05-03;0;0;0;0;0;0;0;0;0;4416843;3441698;4462;2;3613778;2860;48;0;1
FR;3;2022-05-04;0;0;0;0;0;0;0;0;0;4416843;3441698;4462;2;3613778;2860;48;0;1
FR;3;2022-05-05;0;0;0;0;0;0;0;0;0;4416843;3441698;4462;2;3613778;2860;48;0;1
FR;3;2022-05-06;0;0;0;0;0;0;0;0;0;4416843;3441698;4462;2;3613778;2860;48;0;1
FR;3;2022-05-07;0;0;0;0;0;0;0;0;0;4416843;3441698;4462;2;3613778;2860;48;0;1
FR;3;2022-05-08;0;0;0;0;0;0;0;0;0;4416843;3441698;4462;2;3613778;2860;48;0;1
FR;3;2022-05-09;0;0;0;0;0;0;0;0;0;4416843;3441698;4462;2;3613778;2860;48;0;1
FR;3;2022-05-10;0;0;0;0;0;0;0;0;0;4416843;3441698;4462;2;3613778;2860;48;0;1
FR;3;2022-05-11;0;0;0;0;0;0;0;0;0;4416843;3441698;4462;2;3613778;2860;48;0;1
FR;3;2022-05-12;0;0;0;0;0;0;0;0;0;4416843;3441698;4462;2;3613778;2860;48;0;1
FR;3;2022-05-13;0;0;0;0;0;0;0;0;0;4416843;3441698;4462;2;3613778;2860;48;0;1
FR;3;2022-05-14;1;0;0;0;0;0;0;0;0;4416844;3441698;4462;2;3613778;2860;48;0;1
FR;3;2022-05-15;0;0;0;0;0;0;0;0;0;4416844;3441698;4462;2;3613778;2860;48;0;1
FR;3;2022-05-16;0;0;0;0;0;0;0;0;0;4416844;3441698;4462;2;3613778;2860;48;0;1
FR;3;2022-05-17;0;0;0;0;0;0;0;0;0;4416844;3441698;4462;2;3613778;2860;48;0;1
FR;3;2022-05-18;0;0;0;0;0;0;0;0;0;4416844;3441698;4462;2;3613778;2860;48;0;1
FR;3;2022-05-19;0;0;0;0;0;0;0;0;0;4416844;3441698;4462;2;3613778;2860;48;0;1
FR;3;2022-05-20;0;0;0;0;0;0;0;0;0;4416844;3441698;4462;2;3613778;2860;48;0;1
FR;3;2022-05-21;0;0;0;0;0;0;0;0;0;4416844;3441698;4462;2;3613778;2860;48;0;1
FR;3;2022-05-22;0;0;0;0;0;0;0;0;0;4416844;3441698;4462;2;3613778;2860;48;0;1
FR;3;2022-05-23;0;0;0;0;0;0;0;0;0;4416844;3441698;4462;2;3613778;2860;48;0;1
FR;3;2022-05-24;0;0;0;0;0;0;0;0;0;4416844;3441698;4462;2;3613778;2860;48;0;1
FR;3;2022-05-25;0;0;0;0;0;0;0;0;0;4416844;3441698;4462;2;3613778;2860;48;0;1
FR;3;2022-05-26;0;0;0;0;0;0;0;0;0;4416844;3441698;4462;2;3613778;2860;48;0;1
FR;3;2022-05-27;0;0;0;0;0;0;0;0;0;4416844;3441698;4462;2;3613778;2860;48;0;1
FR;3;2022-05-28;0;0;0;0;0;0;0;0;0;4416844;3441698;4462;2;3613778;2860;48;0;1
FR;3;2022-05-29;0;0;0;0;0;0;0;0;0;4416844;3441698;4462;2;3613778;2860;48;0;1
FR;3;2022-05-30;0;0;0;0;0;0;0;0;0;4416844;3441698;4462;2;3613778;2860;48;0;1
FR;3;2022-05-31;0;0;0;0;0;0;0;0;0;4416844;3441698;4462;2;3613778;2860;48;0;1
FR;3;2022-06-01;0;0;0;0;0;0;0;0;0;4416844;3441698;4462;2;3613778;2860;48;0;1
FR;3;2022-06-02;0;0;0;0;0;0;0;0;0;4416844;3441698;4462;2;3613778;2860;48;0;1
FR;3;2022-06-03;0;0;0;0;0;0;0;0;0;4416844;3441698;4462;2;3613778;2860;48;0;1
FR;3;2022-06-04;0;0;0;0;0;0;0;0;0;4416844;3441698;4462;2;3613778;2860;48;0;1
FR;3;2022-06-05;0;0;0;0;0;0;0;0;0;4416844;3441698;4462;2;3613778;2860;48;0;1
FR;3;2022-06-06;0;0;0;0;0;0;0;0;0;4416844;3441698;4462;2;3613778;2860;48;0;1
FR;3;2022-06-07;0;0;0;0;0;0;0;0;0;4416844;3441698;4462;2;3613778;2860;48;0;1
FR;3;2022-06-08;0;0;0;0;0;0;0;0;0;4416844;3441698;4462;2;3613778;2860;48;0;1
FR;3;2022-06-09;0;0;0;0;0;0;0;0;0;4416844;3441698;4462;2;3613778;2860;48;0;1
FR;3;2022-06-10;0;0;0;0;0;0;0;0;0;4416844;3441698;4462;2;3613778;2860;48;0;1
FR;3;2022-06-11;0;0;0;0;0;0;0;0;0;4416844;3441698;4462;2;3613778;2860;48;0;1
FR;3;2022-06-12;0;0;0;0;0;0;0;0;0;4416844;3441698;4462;2;3613778;2860;48;0;1
FR;3;2022-06-13;1;0;0;0;0;0;0;0;0;4416845;3441698;4462;2;3613778;2860;48;0;1
FR;3;2022-06-14;0;0;0;0;0;0;0;0;0;4416845;3441698;4462;2;3613778;2860;48;0;1
FR;3;2022-06-15;0;0;0;0;0;0;0;0;0;4416845;3441698;4462;2;3613778;2860;48;0;1
FR;3;2022-06-16;0;0;0;0;0;0;0;0;0;4416845;3441698;4462;2;3613778;2860;48;0;1
FR;3;2022-06-17;0;0;0;0;0;0;0;0;0;4416845;3441698;4462;2;3613778;2860;48;0;1
FR;3;2022-06-18;0;0;0;0;0;0;0;0;0;4416845;3441698;4462;2;3613778;2860;48;0;1
FR;3;2022-06-19;0;0;0;0;0;0;0;0;0;4416845;3441698;4462;2;3613778;2860;48;0;1
FR;3;2022-06-20;0;0;0;0;0;0;0;0;0;4416845;3441698;4462;2;3613778;2860;48;0;1
FR;3;2022-06-21;0;0;0;0;0;0;0;0;0;4416845;3441698;4462;2;3613778;2860;48;0;1
FR;3;2022-06-22;0;0;0;0;0;0;0;0;0;4416845;3441698;4462;2;3613778;2860;48;0;1
FR;3;2022-06-23;0;0;0;0;0;0;0;0;0;4416845;3441698;4462;2;3613778;2860;48;0;1
FR;3;2022-06-24;0;0;0;0;0;0;0;0;0;4416845;3441698;4462;2;3613778;2860;48;0;1
FR;3;2022-06-25;0;0;0;0;0;0;0;0;0;4416845;3441698;4462;2;3613778;2860;48;0;1
FR;3;2022-06-26;0;0;0;0;0;0;0;0;0;4416845;3441698;4462;2;3613778;2860;48;0;1
FR;3;2022-06-27;0;0;0;0;0;0;0;0;0;4416845;3441698;4462;2;3613778;2860;48;0;1
FR;3;2022-06-28;0;0;0;0;0;0;0;0;0;4416845;3441698;4462;2;3613778;2860;48;0;1
FR;3;2022-06-29;1;0;0;0;0;0;0;0;0;4416846;3441698;4462;2;3613778;2860;48;0;1
FR;3;2022-06-30;0;0;0;0;0;0;0;0;0;4416846;3441698;4462;2;3613778;2860;48;0;1
FR;3;2022-07-01;0;0;0;0;0;0;0;0;0;4416846;3441698;4462;2;3613778;2860;48;0;1
FR;3;2022-07-02;0;0;0;0;0;0;0;0;0;4416846;3441698;4462;2;3613778;2860;48;0;1
FR;3;2022-07-03;0;0;0;0;0;0;0;0;0;4416846;3441698;4462;2;3613778;2860;48;0;1
FR;3;2022-07-04;0;0;0;0;0;0;0;0;0;4416846;3441698;4462;2;3613778;2860;48;0;1
FR;3;2022-07-05;0;0;0;0;0;0;0;0;0;4416846;3441698;4462;2;3613778;2860;48;0;1
FR;3;2022-07-06;0;0;0;0;0;0;0;0;0;4416846;3441698;4462;2;3613778;2860;48;0;1
FR;3;2022-07-07;0;0;0;0;0;0;0;0;0;4416846;3441698;4462;2;3613778;2860;48;0;1
FR;3;2022-07-08;0;0;0;0;0;0;0;0;0;4416846;3441698;4462;2;3613778;2860;48;0;1
FR;3;2022-07-09;0;0;0;0;0;0;0;0;0;4416846;3441698;4462;2;3613778;2860;48;0;1
FR;3;2022-07-10;0;0;0;0;0;0;0;0;0;4416846;3441698;4462;2;3613778;2860;48;0;1
FR;3;2022-07-11;0;0;0;0;0;0;0;0;0;4416846;3441698;4462;2;3613778;2860;48;0;1
FR;3;2022-07-12;0;0;0;0;0;0;0;0;0;4416846;3441698;4462;2;3613778;2860;48;0;1
FR;3;2022-07-13;0;0;0;0;0;0;0;0;0;4416846;3441698;4462;2;3613778;2860;48;0;1
FR;3;2022-07-14;0;0;0;0;0;0;0;0;0;4416846;3441698;4462;2;3613778;2860;48;0;1
FR;3;2022-07-15;0;0;0;0;0;0;0;0;0;4416846;3441698;4462;2;3613778;2860;48;0;1
FR;3;2022-07-16;0;0;0;0;0;0;0;0;0;4416846;3441698;4462;2;3613778;2860;48;0;1
FR;3;2022-07-17;0;0;0;0;0;0;0;0;0;4416846;3441698;4462;2;3613778;2860;48;0;1
FR;3;2022-07-18;0;0;0;0;0;0;0;0;0;4416846;3441698;4462;2;3613778;2860;48;0;1
FR;3;2022-07-19;0;0;0;0;0;0;0;0;0;4416846;3441698;4462;2;3613778;2860;48;0;1
FR;3;2022-07-20;0;0;0;0;0;0;0;0;0;4416846;3441698;4462;2;3613778;2860;48;0;1
FR;3;2022-07-21;0;0;0;0;0;0;0;0;0;4416846;3441698;4462;2;3613778;2860;48;0;1
FR;3;2022-07-22;0;0;0;0;0;0;0;0;0;4416846;3441698;4462;2;3613778;2860;48;0;1
FR;3;2022-07-23;0;0;0;0;0;0;0;0;0;4416846;3441698;4462;2;3613778;2860;48;0;1
FR;3;2022-07-24;0;0;0;0;0;0;0;0;0;4416846;3441698;4462;2;3613778;2860;48;0;1
FR;3;2022-07-25;0;0;0;0;0;0;0;0;0;4416846;3441698;4462;2;3613778;2860;48;0;1
FR;3;2022-07-26;0;0;0;0;0;0;0;0;0;4416846;3441698;4462;2;3613778;2860;48;0;1
FR;3;2022-07-27;0;0;0;0;0;0;0;0;0;4416846;3441698;4462;2;3613778;2860;48;0;1
FR;3;2022-07-28;0;0;0;0;0;0;0;0;0;4416846;3441698;4462;2;3613778;2860;48;0;1
FR;3;2022-07-29;0;0;0;0;0;0;0;0;0;4416846;3441698;4462;2;3613778;2860;48;0;1
FR;3;2022-07-30;0;0;0;0;0;0;0;0;0;4416846;3441698;4462;2;3613778;2860;48;0;1
FR;3;2022-07-31;0;0;0;0;0;0;0;0;0;4416846;3441698;4462;2;3613778;2860;48;0;1
FR;3;2022-08-01;0;0;0;0;0;0;0;0;0;4416846;3441698;4462;2;3613778;2860;48;0;1
FR;3;2022-08-02;0;0;0;0;0;0;0;0;0;4416846;3441698;4462;2;3613778;2860;48;0;1
FR;3;2022-08-03;0;0;0;0;0;0;0;0;0;4416846;3441698;4462;2;3613778;2860;48;0;1
FR;3;2022-08-04;0;0;0;0;0;0;0;0;0;4416846;3441698;4462;2;3613778;2860;48;0;1
FR;3;2022-08-05;0;0;0;0;0;0;0;0;0;4416846;3441698;4462;2;3613778;2860;48;0;1
FR;3;2022-08-06;0;0;0;0;0;0;0;0;0;4416846;3441698;4462;2;3613778;2860;48;0;1
FR;3;2022-08-07;0;0;0;0;0;0;0;0;0;4416846;3441698;4462;2;3613778;2860;48;0;1
FR;3;2022-08-08;0;0;0;0;0;0;0;0;0;4416846;3441698;4462;2;3613778;2860;48;0;1
FR;3;2022-08-09;0;0;0;0;0;0;0;0;0;4416846;3441698;4462;2;3613778;2860;48;0;1
FR;3;2022-08-10;0;0;0;0;0;0;0;0;0;4416846;3441698;4462;2;3613778;2860;48;0;1
FR;3;2022-08-11;0;0;0;0;0;0;0;0;0;4416846;3441698;4462;2;3613778;2860;48;0;1
FR;3;2022-08-12;0;0;0;0;0;0;0;0;0;4416846;3441698;4462;2;3613778;2860;48;0;1
FR;3;2022-08-13;0;0;0;0;0;0;0;0;0;4416846;3441698;4462;2;3613778;2860;48;0;1
FR;3;2022-08-14;0;0;0;0;0;0;0;0;0;4416846;3441698;4462;2;3613778;2860;48;0;1
FR;3;2022-08-15;0;0;0;0;0;0;0;0;0;4416846;3441698;4462;2;3613778;2860;48;0;1
FR;3;2022-08-16;0;0;0;0;0;0;0;0;0;4416846;3441698;4462;2;3613778;2860;48;0;1
FR;3;2022-08-17;0;0;0;0;0;0;0;0;0;4416846;3441698;4462;2;3613778;2860;48;0;1
FR;3;2022-08-18;0;0;0;0;0;0;0;0;0;4416846;3441698;4462;2;3613778;2860;48;0;1
FR;3;2022-08-19;0;0;0;0;0;0;0;0;0;4416846;3441698;4462;2;3613778;2860;48;0;1
FR;3;2022-08-20;0;0;0;0;0;0;0;0;0;4416846;3441698;4462;2;3613778;2860;48;0;1
FR;3;2022-08-21;0;0;0;0;0;0;0;0;0;4416846;3441698;4462;2;3613778;2860;48;0;1
FR;3;2022-08-22;0;0;0;0;0;0;0;0;0;4416846;3441698;4462;2;3613778;2860;48;0;1
FR;3;2022-08-23;0;0;0;0;0;0;0;0;0;4416846;3441698;4462;2;3613778;2860;48;0;1
FR;3;2022-08-24;0;0;0;0;0;0;0;0;0;4416846;3441698;4462;2;3613778;2860;48;0;1
FR;3;2022-08-25;0;0;0;0;0;0;0;0;0;4416846;3441698;4462;2;3613778;2860;48;0;1
FR;3;2022-08-26;0;0;0;0;0;0;0;0;0;4416846;3441698;4462;2;3613778;2860;48;0;1
FR;3;2022-08-27;0;0;0;0;0;0;0;0;0;4416846;3441698;4462;2;3613778;2860;48;0;1
FR;3;2022-08-28;0;0;0;0;0;0;0;0;0;4416846;3441698;4462;2;3613778;2860;48;0;1
FR;3;2022-08-29;0;0;0;0;0;0;0;0;0;4416846;3441698;4462;2;3613778;2860;48;0;1
FR;3;2022-08-30;0;0;0;0;0;0;0;0;0;4416846;3441698;4462;2;3613778;2860;48;0;1
FR;3;2022-08-31;0;0;0;0;0;0;0;0;0;4416846;3441698;4462;2;3613778;2860;48;0;1
FR;3;2022-09-01;0;0;0;0;0;0;0;0;0;4416846;3441698;4462;2;3613778;2860;48;0;1
FR;3;2022-09-02;0;0;0;0;0;0;0;0;0;4416846;3441698;4462;2;3613778;2860;48;0;1
FR;3;2022-09-03;0;0;0;0;0;0;0;0;0;4416846;3441698;4462;2;3613778;2860;48;0;1
FR;3;2022-09-04;0;0;0;0;0;0;0;0;0;4416846;3441698;4462;2;3613778;2860;48;0;1
FR;3;2022-09-05;0;0;0;0;0;0;0;0;0;4416846;3441698;4462;2;3613778;2860;48;0;1
FR;3;2022-09-06;0;0;0;0;0;0;0;0;0;4416846;3441698;4462;2;3613778;2860;48;0;1
FR;3;2022-09-07;0;0;0;0;0;0;0;0;0;4416846;3441698;4462;2;3613778;2860;48;0;1
FR;3;2022-09-08;0;0;0;0;0;0;0;0;0;4416846;3441698;4462;2;3613778;2860;48;0;1
FR;3;2022-09-09;0;0;0;0;0;0;0;0;0;4416846;3441698;4462;2;3613778;2860;48;0;1
FR;3;2022-09-10;0;0;0;0;0;0;0;0;0;4416846;3441698;4462;2;3613778;2860;48;0;1
FR;3;2022-09-11;0;0;0;0;0;0;0;0;0;4416846;3441698;4462;2;3613778;2860;48;0;1
FR;3;2022-09-12;0;0;0;0;0;0;0;0;0;4416846;3441698;4462;2;3613778;2860;48;0;1
FR;3;2022-09-13;0;0;0;0;0;0;0;0;0;4416846;3441698;4462;2;3613778;2860;48;0;1
FR;3;2022-09-14;0;0;0;0;0;0;0;0;0;4416846;3441698;4462;2;3613778;2860;48;0;1
FR;3;2022-09-15;0;0;0;0;0;0;0;0;0;4416846;3441698;4462;2;3613778;2860;48;0;1
FR;3;2022-09-16;0;0;0;0;0;0;0;0;0;4416846;3441698;4462;2;3613778;2860;48;0;1
FR;3;2022-09-17;0;0;0;0;0;0;0;0;0;4416846;3441698;4462;2;3613778;2860;48;0;1
FR;3;2022-09-18;0;0;0;0;0;0;0;0;0;4416846;3441698;4462;2;3613778;2860;48;0;1
FR;3;2022-09-19;0;0;0;0;0;0;0;0;0;4416846;3441698;4462;2;3613778;2860;48;0;1
FR;3;2022-09-20;0;0;0;0;0;0;0;0;0;4416846;3441698;4462;2;3613778;2860;48;0;1
FR;3;2022-09-21;0;0;0;0;0;0;0;0;0;4416846;3441698;4462;2;3613778;2860;48;0;1
FR;3;2022-09-22;0;0;0;0;0;0;0;0;0;4416846;3441698;4462;2;3613778;2860;48;0;1
FR;3;2022-09-23;0;0;0;0;0;0;0;0;0;4416846;3441698;4462;2;3613778;2860;48;0;1
FR;3;2022-09-24;0;0;0;0;0;0;0;0;0;4416846;3441698;4462;2;3613778;2860;48;0;1
FR;3;2022-09-25;0;0;0;0;0;0;0;0;0;4416846;3441698;4462;2;3613778;2860;48;0;1
FR;3;2022-09-26;0;0;0;0;0;0;0;0;0;4416846;3441698;4462;2;3613778;2860;48;0;1
FR;3;2022-09-27;0;0;0;0;0;0;0;0;0;4416846;3441698;4462;2;3613778;2860;48;0;1
FR;3;2022-09-28;0;0;0;0;0;0;0;0;0;4416846;3441698;4462;2;3613778;2860;48;0;1
FR;3;2022-09-29;0;0;0;0;0;0;0;0;0;4416846;3441698;4462;2;3613778;2860;48;0;1
FR;3;2022-09-30;0;0;0;0;0;0;0;0;0;4416846;3441698;4462;2;3613778;2860;48;0;1
FR;3;2022-10-01;0;0;0;0;0;0;0;0;0;4416846;3441698;4462;2;3613778;2860;48;0;1
FR;3;2022-10-02;0;0;0;0;0;0;0;0;0;4416846;3441698;4462;2;3613778;2860;48;0;1
FR;3;2022-10-03;0;0;0;0;0;0;0;0;0;4416846;3441698;4462;2;3613778;2860;48;0;1
FR;3;2022-10-04;0;0;0;0;0;0;0;0;0;4416846;3441698;4462;2;3613778;2860;48;0;1
FR;3;2022-10-05;0;0;0;0;0;0;0;0;0;4416846;3441698;4462;2;3613778;2860;48;0;1
FR;3;2022-10-06;0;0;0;0;0;0;0;0;0;4416846;3441698;4462;2;3613778;2860;48;0;1
FR;3;2022-10-07;0;0;0;0;0;0;0;0;0;4416846;3441698;4462;2;3613778;2860;48;0;1
FR;3;2022-10-08;0;0;0;0;0;0;0;0;0;4416846;3441698;4462;2;3613778;2860;48;0;1
FR;3;2022-10-09;0;0;0;0;0;0;0;0;0;4416846;3441698;4462;2;3613778;2860;48;0;1
FR;3;2022-10-10;0;0;0;0;0;0;0;0;0;4416846;3441698;4462;2;3613778;2860;48;0;1
FR;3;2022-10-11;0;0;0;0;0;0;0;0;0;4416846;3441698;4462;2;3613778;2860;48;0;1
FR;3;2022-10-12;0;0;0;0;0;0;0;0;0;4416846;3441698;4462;2;3613778;2860;48;0;1
FR;3;2022-10-13;0;0;0;0;0;0;0;0;0;4416846;3441698;4462;2;3613778;2860;48;0;1
FR;3;2022-10-14;0;0;0;0;0;0;0;0;0;4416846;3441698;4462;2;3613778;2860;48;0;1
FR;3;2022-10-15;0;0;0;0;0;0;0;0;0;4416846;3441698;4462;2;3613778;2860;48;0;1
FR;3;2022-10-16;0;0;0;0;0;0;0;0;0;4416846;3441698;4462;2;3613778;2860;48;0;1
FR;3;2022-10-17;0;0;0;0;0;0;0;0;0;4416846;3441698;4462;2;3613778;2860;48;0;1
FR;3;2022-10-18;0;0;0;0;0;0;0;0;0;4416846;3441698;4462;2;3613778;2860;48;0;1
FR;3;2022-10-19;0;0;0;0;0;0;0;0;0;4416846;3441698;4462;2;3613778;2860;48;0;1
FR;3;2022-10-20;0;0;0;0;0;0;0;0;0;4416846;3441698;4462;2;3613778;2860;48;0;1
FR;3;2022-10-21;0;0;0;0;0;0;0;0;0;4416846;3441698;4462;2;3613778;2860;48;0;1
FR;3;2022-10-22;0;0;0;0;0;0;0;0;0;4416846;3441698;4462;2;3613778;2860;48;0;1
FR;3;2022-10-23;0;0;0;0;0;0;0;0;0;4416846;3441698;4462;2;3613778;2860;48;0;1
FR;3;2022-10-24;0;0;0;0;0;0;0;0;0;4416846;3441698;4462;2;3613778;2860;48;0;1
FR;3;2022-10-25;0;0;0;0;0;0;0;0;0;4416846;3441698;4462;2;3613778;2860;48;0;1
FR;3;2022-10-26;0;0;0;0;0;0;0;0;0;4416846;3441698;4462;2;3613778;2860;48;0;1
FR;3;2022-10-27;0;0;0;0;0;0;0;0;0;4416846;3441698;4462;2;3613778;2860;48;0;1
FR;3;2022-10-28;0;0;0;0;0;0;0;0;0;4416846;3441698;4462;2;3613778;2860;48;0;1
FR;3;2022-10-29;0;0;0;0;0;0;0;0;0;4416846;3441698;4462;2;3613778;2860;48;0;1
FR;3;2022-10-30;0;0;0;0;0;0;0;0;0;4416846;3441698;4462;2;3613778;2860;48;0;1
FR;3;2022-10-31;0;0;0;0;0;0;0;0;0;4416846;3441698;4462;2;3613778;2860;48;0;1
FR;3;2022-11-01;0;0;0;0;0;0;0;0;0;4416846;3441698;4462;2;3613778;2860;48;0;1
FR;3;2022-11-02;0;0;0;0;0;0;0;0;0;4416846;3441698;4462;2;3613778;2860;48;0;1
FR;3;2022-11-03;0;0;0;0;0;0;0;0;0;4416846;3441698;4462;2;3613778;2860;48;0;1
FR;3;2022-11-04;0;0;0;0;0;0;0;0;0;4416846;3441698;4462;2;3613778;2860;48;0;1
FR;3;2022-11-05;0;0;0;0;0;0;0;0;0;4416846;3441698;4462;2;3613778;2860;48;0;1
FR;3;2022-11-06;0;0;0;0;0;0;0;0;0;4416846;3441698;4462;2;3613778;2860;48;0;1
FR;3;2022-11-07;0;0;0;0;0;0;0;0;0;4416846;3441698;4462;2;3613778;2860;48;0;1
FR;3;2022-11-08;1;0;0;0;0;0;0;0;0;4416847;3441698;4462;2;3613778;2860;48;0;1
FR;3;2022-11-09;0;0;0;0;0;0;0;0;0;4416847;3441698;4462;2;3613778;2860;48;0;1
FR;3;2022-11-10;0;0;0;0;0;0;0;0;0;4416847;3441698;4462;2;3613778;2860;48;0;1
FR;3;2022-11-11;0;0;0;0;0;0;0;0;0;4416847;3441698;4462;2;3613778;2860;48;0;1
FR;3;2022-11-12;0;0;0;0;0;0;0;0;0;4416847;3441698;4462;2;3613778;2860;48;0;1
FR;3;2022-11-13;0;0;0;0;0;0;0;0;0;4416847;3441698;4462;2;3613778;2860;48;0;1
FR;3;2022-11-14;0;0;0;0;0;0;0;0;0;4416847;3441698;4462;2;3613778;2860;48;0;1
FR;3;2022-11-15;0;0;0;0;0;0;0;0;0;4416847;3441698;4462;2;3613778;2860;48;0;1
FR;3;2022-11-16;0;0;0;0;0;0;0;0;0;4416847;3441698;4462;2;3613778;2860;48;0;1
FR;3;2022-11-17;0;0;0;0;0;0;0;0;0;4416847;3441698;4462;2;3613778;2860;48;0;1
FR;3;2022-11-18;0;0;0;0;0;0;0;0;0;4416847;3441698;4462;2;3613778;2860;48;0;1
FR;3;2022-11-19;0;0;0;0;0;0;0;0;0;4416847;3441698;4462;2;3613778;2860;48;0;1
FR;3;2022-11-20;0;0;0;0;0;0;0;0;0;4416847;3441698;4462;2;3613778;2860;48;0;1
FR;3;2022-11-21;0;0;0;0;0;0;0;0;0;4416847;3441698;4462;2;3613778;2860;48;0;1
FR;3;2022-11-22;0;0;0;0;0;0;0;0;0;4416847;3441698;4462;2;3613778;2860;48;0;1
FR;3;2022-11-23;0;0;0;0;0;0;0;0;0;4416847;3441698;4462;2;3613778;2860;48;0;1
FR;3;2022-11-24;0;0;0;0;0;0;0;0;0;4416847;3441698;4462;2;3613778;2860;48;0;1
FR;3;2022-11-25;0;0;0;0;0;0;0;0;0;4416847;3441698;4462;2;3613778;2860;48;0;1
FR;3;2022-11-26;0;0;0;0;0;0;0;0;0;4416847;3441698;4462;2;3613778;2860;48;0;1
FR;3;2022-11-27;0;0;0;0;0;0;0;0;0;4416847;3441698;4462;2;3613778;2860;48;0;1
FR;3;2022-11-28;0;0;0;0;0;0;0;0;0;4416847;3441698;4462;2;3613778;2860;48;0;1
FR;3;2022-11-29;0;0;0;0;0;0;0;0;0;4416847;3441698;4462;2;3613778;2860;48;0;1
FR;3;2022-11-30;0;0;0;0;0;0;0;0;0;4416847;3441698;4462;2;3613778;2860;48;0;1
FR;3;2022-12-01;0;0;0;0;0;0;0;0;0;4416847;3441698;4462;2;3613778;2860;48;0;1
FR;3;2022-12-02;0;0;0;0;0;0;0;0;0;4416847;3441698;4462;2;3613778;2860;48;0;1
FR;3;2022-12-03;0;0;0;0;0;0;0;0;0;4416847;3441698;4462;2;3613778;2860;48;0;1
FR;3;2022-12-04;0;0;0;0;0;0;0;0;0;4416847;3441698;4462;2;3613778;2860;48;0;1
FR;3;2022-12-05;0;0;0;0;0;0;0;0;0;4416847;3441698;4462;2;3613778;2860;48;0;1
FR;3;2022-12-06;0;0;0;0;0;0;0;0;0;4416847;3441698;4462;2;3613778;2860;48;0;1
FR;3;2022-12-07;0;0;0;0;0;0;0;0;0;4416847;3441698;4462;2;3613778;2860;48;0;1
FR;3;2022-12-08;0;0;0;0;0;0;0;0;0;4416847;3441698;4462;2;3613778;2860;48;0;1
FR;3;2022-12-09;0;0;0;0;0;0;0;0;0;4416847;3441698;4462;2;3613778;2860;48;0;1
FR;3;2022-12-10;0;0;0;0;0;0;0;0;0;4416847;3441698;4462;2;3613778;2860;48;0;1
FR;3;2022-12-11;0;0;0;0;0;0;0;0;0;4416847;3441698;4462;2;3613778;2860;48;0;1
FR;3;2022-12-12;0;0;0;0;0;0;0;0;0;4416847;3441698;4462;2;3613778;2860;48;0;1
FR;3;2022-12-13;0;0;0;0;0;0;0;0;0;4416847;3441698;4462;2;3613778;2860;48;0;1
FR;3;2022-12-14;0;0;0;0;0;0;0;0;0;4416847;3441698;4462;2;3613778;2860;48;0;1
FR;3;2022-12-15;0;0;0;0;0;0;0;0;0;4416847;3441698;4462;2;3613778;2860;48;0;1
FR;3;2022-12-16;0;0;0;0;0;0;0;0;0;4416847;3441698;4462;2;3613778;2860;48;0;1
FR;3;2022-12-17;0;0;0;0;0;0;0;0;0;4416847;3441698;4462;2;3613778;2860;48;0;1
FR;3;2022-12-18;0;0;0;0;0;0;0;0;0;4416847;3441698;4462;2;3613778;2860;48;0;1
FR;3;2022-12-19;0;0;0;0;0;0;0;0;0;4416847;3441698;4462;2;3613778;2860;48;0;1
FR;3;2022-12-20;0;0;0;0;0;0;0;0;0;4416847;3441698;4462;2;3613778;2860;48;0;1
FR;3;2022-12-21;0;0;0;0;0;0;0;0;0;4416847;3441698;4462;2;3613778;2860;48;0;1
FR;3;2022-12-22;0;0;0;0;0;0;0;0;0;4416847;3441698;4462;2;3613778;2860;48;0;1
FR;3;2022-12-23;0;0;0;0;0;0;0;0;0;4416847;3441698;4462;2;3613778;2860;48;0;1
FR;3;2022-12-24;0;0;0;0;0;0;0;0;0;4416847;3441698;4462;2;3613778;2860;48;0;1
FR;3;2022-12-25;0;0;0;0;0;0;0;0;0;4416847;3441698;4462;2;3613778;2860;48;0;1
FR;3;2022-12-26;0;0;0;0;0;0;0;0;0;4416847;3441698;4462;2;3613778;2860;48;0;1
FR;3;2022-12-27;0;0;0;0;0;0;0;0;0;4416847;3441698;4462;2;3613778;2860;48;0;1
FR;3;2022-12-28;0;0;0;0;0;0;0;0;0;4416847;3441698;4462;2;3613778;2860;48;0;1
FR;3;2022-12-29;0;0;0;0;0;0;0;0;0;4416847;3441698;4462;2;3613778;2860;48;0;1
FR;3;2022-12-30;0;0;0;0;0;0;0;0;0;4416847;3441698;4462;2;3613778;2860;48;0;1
FR;3;2022-12-31;0;0;0;0;0;0;0;0;0;4416847;3441698;4462;2;3613778;2860;48;0;1
FR;3;2023-01-01;0;0;0;0;0;0;0;0;0;4416847;3441698;4462;2;3613778;2860;48;0;1
FR;3;2023-01-02;0;0;0;0;0;0;0;0;0;4416847;3441698;4462;2;3613778;2860;48;0;1
FR;3;2023-01-03;0;0;0;0;0;0;0;0;0;4416847;3441698;4462;2;3613778;2860;48;0;1
FR;3;2023-01-04;0;0;0;0;0;0;0;0;0;4416847;3441698;4462;2;3613778;2860;48;0;1
FR;3;2023-01-05;0;0;0;0;0;0;0;0;0;4416847;3441698;4462;2;3613778;2860;48;0;1
FR;3;2023-01-06;0;0;0;0;0;0;0;0;0;4416847;3441698;4462;2;3613778;2860;48;0;1
FR;3;2023-01-07;0;0;0;0;0;0;0;0;0;4416847;3441698;4462;2;3613778;2860;48;0;1
FR;3;2023-01-08;0;0;0;0;0;0;0;0;0;4416847;3441698;4462;2;3613778;2860;48;0;1
FR;3;2023-01-09;0;0;0;0;0;0;0;0;0;4416847;3441698;4462;2;3613778;2860;48;0;1
FR;3;2023-01-10;0;0;0;0;0;0;0;0;0;4416847;3441698;4462;2;3613778;2860;48;0;1
FR;3;2023-01-11;0;0;0;0;0;0;0;0;0;4416847;3441698;4462;2;3613778;2860;48;0;1
FR;3;2023-01-12;0;0;0;0;0;0;0;0;0;4416847;3441698;4462;2;3613778;2860;48;0;1
FR;3;2023-01-13;0;0;0;0;0;0;0;0;0;4416847;3441698;4462;2;3613778;2860;48;0;1
FR;3;2023-01-14;0;0;0;0;0;0;0;0;0;4416847;3441698;4462;2;3613778;2860;48;0;1
FR;3;2023-01-15;0;0;0;0;0;0;0;0;0;4416847;3441698;4462;2;3613778;2860;48;0;1
FR;3;2023-01-16;0;0;0;0;0;0;0;0;0;4416847;3441698;4462;2;3613778;2860;48;0;1
FR;3;2023-01-17;0;0;0;0;0;0;0;0;0;4416847;3441698;4462;2;3613778;2860;48;0;1
FR;3;2023-01-18;0;0;0;0;0;0;0;0;0;4416847;3441698;4462;2;3613778;2860;48;0;1
FR;3;2023-01-19;0;0;0;0;0;0;0;0;0;4416847;3441698;4462;2;3613778;2860;48;0;1
FR;3;2023-01-20;0;0;0;0;0;0;0;0;0;4416847;3441698;4462;2;3613778;2860;48;0;1
FR;3;2023-01-21;0;0;0;0;0;0;0;0;0;4416847;3441698;4462;2;3613778;2860;48;0;1
FR;3;2023-01-22;0;0;0;0;0;0;0;0;0;4416847;3441698;4462;2;3613778;2860;48;0;1
FR;3;2023-01-23;0;0;0;0;0;0;0;0;0;4416847;3441698;4462;2;3613778;2860;48;0;1
FR;3;2023-01-24;0;0;0;0;0;0;0;0;0;4416847;3441698;4462;2;3613778;2860;48;0;1
FR;3;2023-01-25;1;0;0;0;0;0;0;0;0;4416848;3441698;4462;2;3613778;2860;48;0;1
FR;3;2023-01-26;0;0;0;0;0;0;0;0;0;4416848;3441698;4462;2;3613778;2860;48;0;1
FR;3;2023-01-27;0;0;0;0;0;0;0;0;0;4416848;3441698;4462;2;3613778;2860;48;0;1
FR;3;2023-01-28;0;0;0;0;0;0;0;0;0;4416848;3441698;4462;2;3613778;2860;48;0;1
FR;3;2023-01-29;0;0;0;0;0;0;0;0;0;4416848;3441698;4462;2;3613778;2860;48;0;1
FR;3;2023-01-30;0;0;0;0;0;0;0;0;0;4416848;3441698;4462;2;3613778;2860;48;0;1
FR;3;2023-01-31;0;0;0;0;0;0;0;0;0;4416848;3441698;4462;2;3613778;2860;48;0;1
FR;3;2023-02-01;0;0;0;0;0;0;0;0;0;4416848;3441698;4462;2;3613778;2860;48;0;1
FR;3;2023-02-02;0;0;0;0;0;0;0;0;0;4416848;3441698;4462;2;3613778;2860;48;0;1
FR;3;2023-02-03;0;0;0;0;0;0;0;0;0;4416848;3441698;4462;2;3613778;2860;48;0;1
FR;3;2023-02-04;0;0;0;0;0;0;0;0;0;4416848;3441698;4462;2;3613778;2860;48;0;1
FR;3;2023-02-05;0;0;0;0;0;0;0;0;0;4416848;3441698;4462;2;3613778;2860;48;0;1
FR;3;2023-02-06;0;0;0;0;0;0;0;0;0;4416848;3441698;4462;2;3613778;2860;48;0;1
FR;3;2023-02-07;0;0;0;0;0;0;0;0;0;4416848;3441698;4462;2;3613778;2860;48;0;1
FR;3;2023-02-08;0;0;0;0;0;0;0;0;0;4416848;3441698;4462;2;3613778;2860;48;0;1
FR;3;2023-02-09;0;0;0;0;0;0;0;0;0;4416848;3441698;4462;2;3613778;2860;48;0;1
FR;3;2023-02-10;0;0;0;0;0;0;0;0;0;4416848;3441698;4462;2;3613778;2860;48;0;1
FR;3;2023-02-11;0;0;0;0;0;0;0;0;0;4416848;3441698;4462;2;3613778;2860;48;0;1
FR;3;2023-02-12;0;0;0;0;0;0;0;0;0;4416848;3441698;4462;2;3613778;2860;48;0;1
FR;3;2023-02-13;0;0;0;0;0;0;0;0;0;4416848;3441698;4462;2;3613778;2860;48;0;1
FR;3;2023-02-14;0;0;0;0;0;0;0;0;0;4416848;3441698;4462;2;3613778;2860;48;0;1
FR;3;2023-02-15;0;0;0;0;0;0;0;0;0;4416848;3441698;4462;2;3613778;2860;48;0;1
FR;3;2023-02-16;0;0;0;0;0;0;0;0;0;4416848;3441698;4462;2;3613778;2860;48;0;1
FR;3;2023-02-17;0;0;0;0;0;0;0;0;0;4416848;3441698;4462;2;3613778;2860;48;0;1
FR;3;2023-02-18;0;0;0;0;0;0;0;0;0;4416848;3441698;4462;2;3613778;2860;48;0;1
FR;3;2023-02-19;0;0;0;0;0;0;0;0;0;4416848;3441698;4462;2;3613778;2860;48;0;1
FR;3;2023-02-20;0;0;0;0;0;0;0;0;0;4416848;3441698;4462;2;3613778;2860;48;0;1
FR;3;2023-02-21;0;0;0;0;0;0;0;0;0;4416848;3441698;4462;2;3613778;2860;48;0;1
FR;3;2023-02-22;0;0;0;0;0;0;0;0;0;4416848;3441698;4462;2;3613778;2860;48;0;1
FR;3;2023-02-23;0;0;0;0;0;0;0;0;0;4416848;3441698;4462;2;3613778;2860;48;0;1
FR;3;2023-02-24;0;0;0;0;0;0;0;0;0;4416848;3441698;4462;2;3613778;2860;48;0;1
FR;3;2023-02-25;0;0;0;0;0;0;0;0;0;4416848;3441698;4462;2;3613778;2860;48;0;1
FR;3;2023-02-26;0;0;0;0;0;0;0;0;0;4416848;3441698;4462;2;3613778;2860;48;0;1
FR;3;2023-02-27;0;0;0;0;0;0;0;0;0;4416848;3441698;4462;2;3613778;2860;48;0;1
FR;3;2023-02-28;0;0;0;0;0;0;0;0;0;4416848;3441698;4462;2;3613778;2860;48;0;1
FR;3;2023-03-01;0;0;0;0;0;0;0;0;0;4416848;3441698;4462;2;3613778;2860;48;0;1
FR;3;2023-03-02;0;0;0;0;0;0;0;0;0;4416848;3441698;4462;2;3613778;2860;48;0;1
FR;3;2023-03-03;0;0;0;0;0;0;0;0;0;4416848;3441698;4462;2;3613778;2860;48;0;1
FR;3;2023-03-04;0;0;0;0;0;0;0;0;0;4416848;3441698;4462;2;3613778;2860;48;0;1
FR;3;2023-03-05;0;0;0;0;0;0;0;0;0;4416848;3441698;4462;2;3613778;2860;48;0;1
FR;3;2023-03-06;0;0;0;0;0;0;0;0;0;4416848;3441698;4462;2;3613778;2860;48;0;1
FR;3;2023-03-07;0;0;0;0;0;0;0;0;0;4416848;3441698;4462;2;3613778;2860;48;0;1
FR;3;2023-03-08;0;0;0;0;0;0;0;0;0;4416848;3441698;4462;2;3613778;2860;48;0;1
FR;3;2023-03-09;0;0;0;0;0;0;0;0;0;4416848;3441698;4462;2;3613778;2860;48;0;1
FR;3;2023-03-10;0;0;0;0;0;0;0;0;0;4416848;3441698;4462;2;3613778;2860;48;0;1
FR;3;2023-03-11;0;0;0;0;0;0;0;0;0;4416848;3441698;4462;2;3613778;2860;48;0;1
FR;3;2023-03-12;0;0;0;0;0;0;0;0;0;4416848;3441698;4462;2;3613778;2860;48;0;1
FR;3;2023-03-13;0;0;0;0;0;0;0;0;0;4416848;3441698;4462;2;3613778;2860;48;0;1
FR;3;2023-03-14;0;0;0;0;0;0;0;0;0;4416848;3441698;4462;2;3613778;2860;48;0;1
FR;3;2023-03-15;0;0;0;0;0;0;0;0;0;4416848;3441698;4462;2;3613778;2860;48;0;1
FR;3;2023-03-16;0;0;0;0;0;0;0;0;0;4416848;3441698;4462;2;3613778;2860;48;0;1
FR;4;2020-12-27;0;0;0;0;0;0;0;0;0;0;0;0;0;0;0;0;0;0
FR;4;2020-12-28;0;0;0;0;0;0;0;0;0;0;0;0;0;0;0;0;0;0
FR;4;2020-12-29;0;0;0;0;0;0;0;0;0;0;0;0;0;0;0;0;0;0
FR;4;2020-12-30;0;0;0;0;0;0;0;0;0;0;0;0;0;0;0;0;0;0
FR;4;2020-12-31;0;0;0;0;0;0;0;0;0;0;0;0;0;0;0;0;0;0
FR;4;2021-01-01;0;0;0;0;0;0;0;0;0;0;0;0;0;0;0;0;0;0
FR;4;2021-01-02;0;0;0;0;0;0;0;0;0;0;0;0;0;0;0;0;0;0
FR;4;2021-01-03;0;0;0;0;0;0;0;0;0;0;0;0;0;0;0;0;0;0
FR;4;2021-01-04;0;0;0;0;0;0;0;0;0;0;0;0;0;0;0;0;0;0
FR;4;2021-01-05;0;0;0;0;0;0;0;0;0;0;0;0;0;0;0;0;0;0
FR;4;2021-01-06;0;0;0;0;0;0;0;0;0;0;0;0;0;0;0;0;0;0
FR;4;2021-01-07;0;0;0;0;0;0;0;0;0;0;0;0;0;0;0;0;0;0
FR;4;2021-01-08;0;0;0;0;0;0;0;0;0;0;0;0;0;0;0;0;0;0
FR;4;2021-01-09;0;0;0;0;0;0;0;0;0;0;0;0;0;0;0;0;0;0
FR;4;2021-01-10;0;0;0;0;0;0;0;0;0;0;0;0;0;0;0;0;0;0
FR;4;2021-01-11;0;0;0;0;0;0;0;0;0;0;0;0;0;0;0;0;0;0
FR;4;2021-01-12;0;0;0;0;0;0;0;0;0;0;0;0;0;0;0;0;0;0
FR;4;2021-01-13;0;0;0;0;0;0;0;0;0;0;0;0;0;0;0;0;0;0
FR;4;2021-01-14;0;0;0;0;0;0;0;0;0;0;0;0;0;0;0;0;0;0
FR;4;2021-01-15;0;0;0;0;0;0;0;0;0;0;0;0;0;0;0;0;0;0
FR;4;2021-01-16;0;0;0;0;0;0;0;0;0;0;0;0;0;0;0;0;0;0
FR;4;2021-01-17;0;0;0;0;0;0;0;0;0;0;0;0;0;0;0;0;0;0
FR;4;2021-01-18;0;0;0;0;0;0;0;0;0;0;0;0;0;0;0;0;0;0
FR;4;2021-01-19;0;0;0;0;0;0;0;0;0;0;0;0;0;0;0;0;0;0
FR;4;2021-01-20;0;0;0;0;0;0;0;0;0;0;0;0;0;0;0;0;0;0
FR;4;2021-01-21;0;0;0;0;0;0;0;0;0;0;0;0;0;0;0;0;0;0
FR;4;2021-01-22;0;0;0;0;0;0;0;0;0;0;0;0;0;0;0;0;0;0
FR;4;2021-01-23;0;0;0;0;0;0;0;0;0;0;0;0;0;0;0;0;0;0
FR;4;2021-01-24;0;0;0;0;0;0;0;0;0;0;0;0;0;0;0;0;0;0
FR;4;2021-01-25;0;0;0;0;0;0;0;0;0;0;0;0;0;0;0;0;0;0
FR;4;2021-01-26;0;0;0;0;0;0;0;0;0;0;0;0;0;0;0;0;0;0
FR;4;2021-01-27;0;0;0;0;0;0;0;0;0;0;0;0;0;0;0;0;0;0
FR;4;2021-01-28;0;0;0;0;0;0;0;0;0;0;0;0;0;0;0;0;0;0
FR;4;2021-01-29;0;0;0;0;0;0;0;0;0;0;0;0;0;0;0;0;0;0
FR;4;2021-01-30;0;0;0;0;0;0;0;0;0;0;0;0;0;0;0;0;0;0
FR;4;2021-01-31;0;0;0;0;0;0;0;0;0;0;0;0;0;0;0;0;0;0
FR;4;2021-02-01;0;0;0;0;0;0;0;0;0;0;0;0;0;0;0;0;0;0
FR;4;2021-02-02;0;0;0;0;0;0;0;0;0;0;0;0;0;0;0;0;0;0
FR;4;2021-02-03;0;0;0;0;0;0;0;0;0;0;0;0;0;0;0;0;0;0
FR;4;2021-02-04;0;0;0;0;0;0;0;0;0;0;0;0;0;0;0;0;0;0
FR;4;2021-02-05;0;0;0;0;0;0;0;0;0;0;0;0;0;0;0;0;0;0
FR;4;2021-02-06;0;0;0;0;0;0;0;0;0;0;0;0;0;0;0;0;0;0
FR;4;2021-02-07;0;0;0;0;0;0;0;0;0;0;0;0;0;0;0;0;0;0
FR;4;2021-02-08;0;0;0;0;0;0;0;0;0;0;0;0;0;0;0;0;0;0
FR;4;2021-02-09;0;0;0;0;0;0;0;0;0;0;0;0;0;0;0;0;0;0
FR;4;2021-02-10;0;0;0;0;0;0;0;0;0;0;0;0;0;0;0;0;0;0
FR;4;2021-02-11;0;0;0;0;0;0;0;0;0;0;0;0;0;0;0;0;0;0
FR;4;2021-02-12;0;0;0;0;0;0;0;0;0;0;0;0;0;0;0;0;0;0
FR;4;2021-02-13;0;0;0;0;0;0;0;0;0;0;0;0;0;0;0;0;0;0
FR;4;2021-02-14;0;0;0;0;0;0;0;0;0;0;0;0;0;0;0;0;0;0
FR;4;2021-02-15;0;0;0;0;0;0;0;0;0;0;0;0;0;0;0;0;0;0
FR;4;2021-02-16;0;0;0;0;0;0;0;0;0;0;0;0;0;0;0;0;0;0
FR;4;2021-02-17;0;0;0;0;0;0;0;0;0;0;0;0;0;0;0;0;0;0
FR;4;2021-02-18;0;0;0;0;0;0;0;0;0;0;0;0;0;0;0;0;0;0
FR;4;2021-02-19;0;0;0;0;0;0;0;0;0;0;0;0;0;0;0;0;0;0
FR;4;2021-02-20;0;0;0;0;0;0;0;0;0;0;0;0;0;0;0;0;0;0
FR;4;2021-02-21;0;0;0;0;0;0;0;0;0;0;0;0;0;0;0;0;0;0
FR;4;2021-02-22;0;0;0;0;0;0;0;0;0;0;0;0;0;0;0;0;0;0
FR;4;2021-02-23;0;0;0;0;0;0;0;0;0;0;0;0;0;0;0;0;0;0
FR;4;2021-02-24;0;0;0;0;0;0;0;0;0;0;0;0;0;0;0;0;0;0
FR;4;2021-02-25;0;0;0;0;0;0;0;0;0;0;0;0;0;0;0;0;0;0
FR;4;2021-02-26;0;0;0;0;0;0;0;0;0;0;0;0;0;0;0;0;0;0
FR;4;2021-02-27;0;0;0;0;0;0;0;0;0;0;0;0;0;0;0;0;0;0
FR;4;2021-02-28;0;0;0;0;0;0;0;0;0;0;0;0;0;0;0;0;0;0
FR;4;2021-03-01;0;0;0;0;0;0;0;0;0;0;0;0;0;0;0;0;0;0
FR;4;2021-03-02;0;0;0;0;0;0;0;0;0;0;0;0;0;0;0;0;0;0
FR;4;2021-03-03;0;0;0;0;0;0;0;0;0;0;0;0;0;0;0;0;0;0
FR;4;2021-03-04;0;0;0;0;0;0;0;0;0;0;0;0;0;0;0;0;0;0
FR;4;2021-03-05;0;0;0;0;0;0;0;0;0;0;0;0;0;0;0;0;0;0
FR;4;2021-03-06;0;0;0;0;0;0;0;0;0;0;0;0;0;0;0;0;0;0
FR;4;2021-03-07;0;0;0;0;0;0;0;0;0;0;0;0;0;0;0;0;0;0
FR;4;2021-03-08;0;0;0;0;0;0;0;0;0;0;0;0;0;0;0;0;0;0
FR;4;2021-03-09;0;0;0;0;0;0;0;0;0;0;0;0;0;0;0;0;0;0
FR;4;2021-03-10;0;0;0;0;0;0;0;0;0;0;0;0;0;0;0;0;0;0
FR;4;2021-03-11;0;0;0;0;0;0;0;0;0;0;0;0;0;0;0;0;0;0
FR;4;2021-03-12;0;0;0;0;0;0;0;0;0;0;0;0;0;0;0;0;0;0
FR;4;2021-03-13;0;0;0;0;0;0;0;0;0;0;0;0;0;0;0;0;0;0
FR;4;2021-03-14;0;0;0;0;0;0;0;0;0;0;0;0;0;0;0;0;0;0
FR;4;2021-03-15;0;0;0;0;0;0;0;0;0;0;0;0;0;0;0;0;0;0
FR;4;2021-03-16;0;0;0;0;0;0;0;0;0;0;0;0;0;0;0;0;0;0
FR;4;2021-03-17;0;0;0;0;0;0;0;0;0;0;0;0;0;0;0;0;0;0
FR;4;2021-03-18;0;0;0;0;0;0;0;0;0;0;0;0;0;0;0;0;0;0
FR;4;2021-03-19;0;0;0;0;0;0;0;0;0;0;0;0;0;0;0;0;0;0
FR;4;2021-03-20;0;0;0;0;0;0;0;0;0;0;0;0;0;0;0;0;0;0
FR;4;2021-03-21;0;0;0;0;0;0;0;0;0;0;0;0;0;0;0;0;0;0
FR;4;2021-03-22;0;0;0;0;0;0;0;0;0;0;0;0;0;0;0;0;0;0
FR;4;2021-03-23;0;0;0;0;0;0;0;0;0;0;0;0;0;0;0;0;0;0
FR;4;2021-03-24;0;0;0;0;0;0;0;0;0;0;0;0;0;0;0;0;0;0
FR;4;2021-03-25;0;0;0;0;0;0;0;0;0;0;0;0;0;0;0;0;0;0
FR;4;2021-03-26;0;0;0;0;0;0;0;0;0;0;0;0;0;0;0;0;0;0
FR;4;2021-03-27;0;0;0;0;0;0;0;0;0;0;0;0;0;0;0;0;0;0
FR;4;2021-03-28;0;0;0;0;0;0;0;0;0;0;0;0;0;0;0;0;0;0
FR;4;2021-03-29;0;0;0;0;0;0;0;0;0;0;0;0;0;0;0;0;0;0
FR;4;2021-03-30;0;0;0;0;0;0;0;0;0;0;0;0;0;0;0;0;0;0
FR;4;2021-03-31;0;0;0;0;0;0;0;0;0;0;0;0;0;0;0;0;0;0
FR;4;2021-04-01;0;0;0;0;0;0;0;0;0;0;0;0;0;0;0;0;0;0
FR;4;2021-04-02;0;0;0;0;0;0;0;0;0;0;0;0;0;0;0;0;0;0
FR;4;2021-04-03;0;0;0;0;0;0;0;0;0;0;0;0;0;0;0;0;0;0
FR;4;2021-04-04;0;0;0;0;0;0;0;0;0;0;0;0;0;0;0;0;0;0
FR;4;2021-04-05;0;0;0;0;0;0;0;0;0;0;0;0;0;0;0;0;0;0
FR;4;2021-04-06;0;0;0;0;0;0;0;0;0;0;0;0;0;0;0;0;0;0
FR;4;2021-04-07;0;0;0;0;0;0;0;0;0;0;0;0;0;0;0;0;0;0
FR;4;2021-04-08;0;0;0;0;0;0;0;0;0;0;0;0;0;0;0;0;0;0
FR;4;2021-04-09;0;0;0;0;0;0;0;0;0;0;0;0;0;0;0;0;0;0
FR;4;2021-04-10;0;0;0;0;0;0;0;0;0;0;0;0;0;0;0;0;0;0
FR;4;2021-04-11;0;0;0;0;0;0;0;0;0;0;0;0;0;0;0;0;0;0
FR;4;2021-04-12;0;0;0;0;0;0;0;0;0;0;0;0;0;0;0;0;0;0
FR;4;2021-04-13;0;0;0;0;0;0;0;0;0;0;0;0;0;0;0;0;0;0
FR;4;2021-04-14;0;0;0;0;0;0;0;0;0;0;0;0;0;0;0;0;0;0
FR;4;2021-04-15;0;0;0;0;0;0;0;0;0;0;0;0;0;0;0;0;0;0
FR;4;2021-04-16;0;0;0;0;0;0;0;0;0;0;0;0;0;0;0;0;0;0
FR;4;2021-04-17;0;0;0;0;0;0;0;0;0;0;0;0;0;0;0;0;0;0
FR;4;2021-04-18;0;0;0;0;0;0;0;0;0;0;0;0;0;0;0;0;0;0
FR;4;2021-04-19;0;0;0;0;0;0;0;0;0;0;0;0;0;0;0;0;0;0
FR;4;2021-04-20;0;0;0;0;0;0;0;0;0;0;0;0;0;0;0;0;0;0
FR;4;2021-04-21;0;0;0;0;0;0;0;0;0;0;0;0;0;0;0;0;0;0
FR;4;2021-04-22;0;0;0;0;0;0;0;0;0;0;0;0;0;0;0;0;0;0
FR;4;2021-04-23;3661;0;0;0;3623;0;0;0;0;3661;0;0;0;3623;0;0;0;0
FR;4;2021-04-24;1569;1;0;0;1558;0;0;0;0;5230;1;0;0;5181;0;0;0;0
FR;4;2021-04-25;125;0;0;0;125;0;0;0;0;5355;1;0;0;5306;0;0;0;0
FR;4;2021-04-26;2872;1;0;0;2861;0;0;0;0;8227;2;0;0;8167;0;0;0;0
FR;4;2021-04-27;9520;3;0;0;9501;0;0;0;0;17747;5;0;0;17668;0;0;0;0
FR;4;2021-04-28;9910;6;0;0;9885;0;0;0;0;27657;11;0;0;27553;0;0;0;0
FR;4;2021-04-29;15995;8;0;0;15979;0;0;0;0;43652;19;0;0;43532;0;0;0;0
FR;4;2021-04-30;19234;10;0;0;19205;0;0;0;0;62886;29;0;0;62737;0;0;0;0
FR;4;2021-05-01;1994;6;0;0;1992;0;0;0;0;64880;35;0;0;64729;0;0;0;0
FR;4;2021-05-02;484;0;0;0;482;0;0;0;0;65364;35;0;0;65211;0;0;0;0
FR;4;2021-05-03;5067;2;0;0;5060;0;0;0;0;70431;37;0;0;70271;0;0;0;0
FR;4;2021-05-04;8411;11;0;0;8400;0;0;0;0;78842;48;0;0;78671;0;0;0;0
FR;4;2021-05-05;6193;7;0;0;6188;0;0;0;0;85035;55;0;0;84859;0;0;0;0
FR;4;2021-05-06;11388;11;0;0;11385;0;0;0;0;96423;66;0;0;96244;0;0;0;0
FR;4;2021-05-07;19127;9;0;0;19088;0;0;0;0;115550;75;0;0;115332;0;0;0;0
FR;4;2021-05-08;2376;7;0;0;2380;0;0;0;0;117926;82;0;0;117712;0;0;0;0
FR;4;2021-05-09;692;3;0;0;693;0;0;0;0;118618;85;0;0;118405;0;0;0;0
FR;4;2021-05-10;7246;5;1;0;7243;0;0;0;0;125864;90;1;0;125648;0;0;0;0
FR;4;2021-05-11;14326;13;0;0;14306;0;0;0;0;140190;103;1;0;139954;0;0;0;0
FR;4;2021-05-12;10176;15;0;0;10179;0;0;0;0;150366;118;1;0;150133;0;0;0;0
FR;4;2021-05-13;1584;4;0;0;1585;0;0;0;0;151950;122;1;0;151718;0;0;0;0
FR;4;2021-05-14;7768;7;0;0;7763;0;0;0;0;159718;129;1;0;159481;0;0;0;0
FR;4;2021-05-15;3721;8;1;0;3720;0;0;0;0;163439;137;2;0;163201;0;0;0;0
FR;4;2021-05-16;417;1;0;0;417;0;0;0;0;163856;138;2;0;163618;0;0;0;0
FR;4;2021-05-17;4485;8;0;0;4484;0;0;0;0;168341;146;2;0;168102;0;0;0;0
FR;4;2021-05-18;8769;10;0;0;8769;0;0;0;0;177110;156;2;0;176871;0;0;0;0
FR;4;2021-05-19;5699;7;0;0;5701;0;0;0;0;182809;163;2;0;182572;0;0;0;0
FR;4;2021-05-20;9487;8;0;0;9479;0;0;0;0;192296;171;2;0;192051;0;0;0;0
FR;4;2021-05-21;12816;30;0;0;12823;0;0;0;0;205112;201;2;0;204874;0;0;0;0
FR;4;2021-05-22;5061;15;0;0;5068;0;0;0;0;210173;216;2;0;209942;0;0;0;0
FR;4;2021-05-23;498;4;0;0;501;0;0;0;0;210671;220;2;0;210443;0;0;0;0
FR;4;2021-05-24;1062;7;0;0;1066;0;0;0;0;211733;227;2;0;211509;0;0;0;0
FR;4;2021-05-25;7637;16;0;0;7643;0;0;0;0;219370;243;2;0;219152;0;0;0;0
FR;4;2021-05-26;7731;16;0;0;7739;0;0;0;0;227101;259;2;0;226891;0;0;0;0
FR;4;2021-05-27;14340;35;0;0;14349;0;0;0;0;241441;294;2;0;241240;0;0;0;0
FR;4;2021-05-28;26593;82;1;0;26634;0;0;0;0;268034;376;3;0;267874;0;0;0;0
FR;4;2021-05-29;11385;19;0;0;11385;0;0;0;0;279419;395;3;0;279259;0;0;0;0
FR;4;2021-05-30;974;7;0;0;973;0;0;0;0;280393;402;3;0;280232;0;0;0;0
FR;4;2021-05-31;12700;21;0;0;12700;0;0;0;0;293093;423;3;0;292932;0;0;0;0
FR;4;2021-06-01;20283;48;1;0;20301;0;0;0;0;313376;471;4;0;313233;0;0;0;0
FR;4;2021-06-02;14526;33;0;0;14538;0;0;0;0;327902;504;4;0;327771;0;0;0;0
FR;4;2021-06-03;19436;24;1;0;19434;0;0;0;0;347338;528;5;0;347205;0;0;0;0
FR;4;2021-06-04;22520;48;0;0;22538;0;0;0;0;369858;576;5;0;369743;0;0;0;0
FR;4;2021-06-05;9717;32;0;0;9721;0;0;0;0;379575;608;5;0;379464;0;0;0;0
FR;4;2021-06-06;1041;2;0;0;1037;0;0;0;0;380616;610;5;0;380501;0;0;0;0
FR;4;2021-06-07;9230;19;0;0;9238;0;0;0;0;389846;629;5;0;389739;0;0;0;0
FR;4;2021-06-08;14614;32;0;0;14626;0;0;0;0;404460;661;5;0;404365;0;0;0;0
FR;4;2021-06-09;12218;25;0;0;12226;0;0;0;0;416678;686;5;0;416591;0;0;0;0
FR;4;2021-06-10;15408;30;0;0;15416;0;0;0;0;432086;716;5;0;432007;0;0;0;0
FR;4;2021-06-11;16989;57;0;0;17016;0;0;0;0;449075;773;5;0;449023;0;0;0;0
FR;4;2021-06-12;7453;27;0;0;7478;0;0;0;0;456528;800;5;0;456501;0;0;0;0
FR;4;2021-06-13;908;3;0;0;910;0;0;0;0;457436;803;5;0;457411;0;0;0;0
FR;4;2021-06-14;6652;27;0;0;6662;0;0;0;0;464088;830;5;0;464073;0;0;0;0
FR;4;2021-06-15;10895;39;0;0;10912;0;0;0;0;474983;869;5;0;474985;0;0;0;0
FR;4;2021-06-16;8909;17;0;0;8917;0;0;0;0;483892;886;5;0;483902;0;0;0;0
FR;4;2021-06-17;10903;36;0;0;10915;0;0;0;0;494795;922;5;0;494817;0;0;0;0
FR;4;2021-06-18;12427;45;0;0;12454;0;0;0;0;507222;967;5;0;507271;0;0;0;0
FR;4;2021-06-19;5568;25;0;0;5588;0;0;0;0;512790;992;5;0;512859;0;0;0;0
FR;4;2021-06-20;828;5;0;0;832;0;0;0;0;513618;997;5;0;513691;0;0;0;0
FR;4;2021-06-21;5106;21;0;0;5106;0;0;0;0;518724;1018;5;0;518797;0;0;0;0
FR;4;2021-06-22;7914;29;2;0;7932;0;0;0;0;526638;1047;7;0;526729;0;0;0;0
FR;4;2021-06-23;7106;43;2;0;7133;0;0;0;0;533744;1090;9;0;533862;0;0;0;0
FR;4;2021-06-24;8656;46;1;0;8688;0;0;0;0;542400;1136;10;0;542550;0;0;0;0
FR;4;2021-06-25;10178;41;2;0;10210;0;0;0;0;552578;1177;12;0;552760;0;0;0;0
FR;4;2021-06-26;4854;21;0;0;4871;0;0;0;0;557432;1198;12;0;557631;0;0;0;0
FR;4;2021-06-27;769;4;0;0;771;0;0;0;0;558201;1202;12;0;558402;0;0;0;0
FR;4;2021-06-28;4835;16;1;0;4843;0;0;0;0;563036;1218;13;0;563245;0;0;0;0
FR;4;2021-06-29;7111;28;2;0;7120;0;0;0;0;570147;1246;15;0;570365;0;0;0;0
FR;4;2021-06-30;6728;40;2;0;6756;0;0;0;0;576875;1286;17;0;577121;0;0;0;0
FR;4;2021-07-01;8212;42;0;0;8234;0;0;0;0;585087;1328;17;0;585355;0;0;0;0
FR;4;2021-07-02;9430;53;1;0;9470;0;0;0;0;594517;1381;18;0;594825;0;0;0;0
FR;4;2021-07-03;4847;20;0;0;4862;0;0;0;0;599364;1401;18;0;599687;0;0;0;0
FR;4;2021-07-04;690;5;0;0;692;0;0;0;0;600054;1406;18;0;600379;0;0;0;0
FR;4;2021-07-05;4774;19;2;0;4785;0;0;0;0;604828;1425;20;0;605164;0;0;0;0
FR;4;2021-07-06;7729;29;4;0;7742;0;0;0;0;612557;1454;24;0;612906;0;0;0;0
FR;4;2021-07-07;7088;34;2;0;7100;0;0;0;0;619645;1488;26;0;620006;0;0;0;0
FR;4;2021-07-08;9235;40;2;0;9258;0;0;0;0;628880;1528;28;0;629264;0;0;0;0
FR;4;2021-07-09;10282;34;1;0;10305;0;0;0;0;639162;1562;29;0;639569;0;0;0;0
FR;4;2021-07-10;4639;14;2;0;4646;0;0;0;0;643801;1576;31;0;644215;0;0;0;0
FR;4;2021-07-11;586;4;1;0;584;0;0;0;0;644387;1580;32;0;644799;0;0;0;0
FR;4;2021-07-12;5877;29;0;0;5899;0;0;0;0;650264;1609;32;0;650698;0;0;0;0
FR;4;2021-07-13;14231;29;0;0;14249;0;0;0;0;664495;1638;32;0;664947;0;0;0;0
FR;4;2021-07-14;2291;15;0;0;2291;0;0;0;0;666786;1653;32;0;667238;0;0;0;0
FR;4;2021-07-15;18239;37;0;0;18256;0;0;0;0;685025;1690;32;0;685494;0;0;0;0
FR;4;2021-07-16;22838;71;2;0;22888;0;0;0;0;707863;1761;34;0;708382;0;0;0;0
FR;4;2021-07-17;9741;20;0;0;9749;0;0;0;0;717604;1781;34;0;718131;0;0;0;0
FR;4;2021-07-18;1359;5;0;0;1362;0;0;0;0;718963;1786;34;0;719493;0;0;0;0
FR;4;2021-07-19;12991;30;1;0;13016;0;0;0;0;731954;1816;35;0;732509;0;0;0;0
FR;4;2021-07-20;17344;26;1;0;17360;0;0;0;0;749298;1842;36;0;749869;0;0;0;0
FR;4;2021-07-21;15623;33;0;0;15643;0;0;0;0;764921;1875;36;0;765512;0;0;0;0
FR;4;2021-07-22;18247;45;2;0;18271;0;0;0;0;783168;1920;38;0;783783;0;0;0;0
FR;4;2021-07-23;20420;57;7;0;20453;0;0;0;0;803588;1977;45;0;804236;0;0;0;0
FR;4;2021-07-24;9290;34;0;0;9305;0;0;0;0;812878;2011;45;0;813541;0;0;0;0
FR;4;2021-07-25;1356;11;0;0;1358;0;0;0;0;814234;2022;45;0;814899;0;0;0;0
FR;4;2021-07-26;11050;23;0;0;11057;0;0;0;0;825284;2045;45;0;825956;0;0;0;0
FR;4;2021-07-27;14687;35;3;0;14707;0;0;0;0;839971;2080;48;0;840663;0;0;0;0
FR;4;2021-07-28;12937;26;2;0;12954;0;0;0;0;852908;2106;50;0;853617;0;0;0;0
FR;4;2021-07-29;14097;54;4;0;14139;0;0;0;0;867005;2160;54;0;867756;0;0;0;0
FR;4;2021-07-30;15502;46;2;0;15533;0;0;0;0;882507;2206;56;0;883289;0;0;0;0
FR;4;2021-07-31;6845;14;2;0;6855;0;0;0;0;889352;2220;58;0;890144;0;0;0;0
FR;4;2021-08-01;906;1;0;0;901;0;0;0;0;890258;2221;58;0;891045;0;0;0;0
FR;4;2021-08-02;7918;31;0;0;7919;0;0;0;0;898176;2252;58;0;898964;0;0;0;0
FR;4;2021-08-03;10805;31;2;0;10801;0;0;0;0;908981;2283;60;0;909765;0;0;0;0
FR;4;2021-08-04;9749;29;0;0;9748;0;0;0;0;918730;2312;60;0;919513;0;0;0;0
FR;4;2021-08-05;9831;42;0;0;9837;0;0;0;0;928561;2354;60;0;929350;0;0;0;0
FR;4;2021-08-06;10201;30;3;0;10198;0;0;0;0;938762;2384;63;0;939548;0;0;0;0
FR;4;2021-08-07;5100;30;1;0;5116;0;0;0;0;943862;2414;64;0;944664;0;0;0;0
FR;4;2021-08-08;1225;13;0;0;1228;0;0;0;0;945087;2427;64;0;945892;0;0;0;0
FR;4;2021-08-09;6350;31;0;0;6343;0;0;0;0;951437;2458;64;0;952235;0;0;0;0
FR;4;2021-08-10;8753;18;0;0;8724;0;0;0;0;960190;2476;64;0;960959;0;0;0;0
FR;4;2021-08-11;7945;34;4;0;7934;0;0;0;0;968135;2510;68;0;968893;0;0;0;0
FR;4;2021-08-12;8585;31;1;0;8573;0;0;0;0;976720;2541;69;0;977466;0;0;0;0
FR;4;2021-08-13;7561;25;0;1;7548;0;0;0;0;984281;2566;69;1;985014;0;0;0;0
FR;4;2021-08-14;3793;20;0;0;3777;0;0;0;0;988074;2586;69;1;988791;0;0;0;0
FR;4;2021-08-15;771;5;0;0;773;0;0;0;0;988845;2591;69;1;989564;0;0;0;0
FR;4;2021-08-16;4009;17;0;0;4004;0;0;0;0;992854;2608;69;1;993568;0;0;0;0
FR;4;2021-08-17;5634;17;1;0;5624;0;0;0;0;998488;2625;70;1;999192;0;0;0;0
FR;4;2021-08-18;5171;37;0;0;5188;0;0;0;0;1003659;2662;70;1;1004380;0;0;0;0
FR;4;2021-08-19;5488;34;3;0;5502;0;0;0;0;1009147;2696;73;1;1009882;0;0;0;0
FR;4;2021-08-20;5225;25;1;0;5235;0;0;0;0;1014372;2721;74;1;1015117;0;0;0;0
FR;4;2021-08-21;2311;23;1;0;2328;0;0;0;0;1016683;2744;75;1;1017445;0;0;0;0
FR;4;2021-08-22;414;2;0;0;415;0;0;0;0;1017097;2746;75;1;1017860;0;0;0;0
FR;4;2021-08-23;2936;21;1;0;2944;0;0;0;0;1020033;2767;76;1;1020804;0;0;0;0
FR;4;2021-08-24;3758;16;0;0;3761;0;0;0;0;1023791;2783;76;1;1024565;0;0;0;0
FR;4;2021-08-25;3545;25;1;0;3561;0;0;0;0;1027336;2808;77;1;1028126;0;0;0;0
FR;4;2021-08-26;3716;21;2;0;3728;0;0;0;0;1031052;2829;79;1;1031854;0;0;0;0
FR;4;2021-08-27;3617;31;2;0;3635;0;0;0;0;1034669;2860;81;1;1035489;0;0;0;0
FR;4;2021-08-28;1732;10;1;0;1737;0;0;0;0;1036401;2870;82;1;1037226;0;0;0;0
FR;4;2021-08-29;385;7;1;0;389;0;0;0;0;1036786;2877;83;1;1037615;0;0;0;0
FR;4;2021-08-30;2010;25;0;0;2018;16;0;0;0;1038796;2902;83;1;1039633;16;0;0;0
FR;4;2021-08-31;2487;21;0;0;2494;14;0;0;0;1041283;2923;83;1;1042127;30;0;0;0
FR;4;2021-09-01;2085;38;1;0;2096;22;0;0;0;1043368;2961;84;1;1044223;52;0;0;0
FR;4;2021-09-02;2309;31;4;0;2322;18;0;0;0;1045677;2992;88;1;1046545;70;0;0;0
FR;4;2021-09-03;2365;44;5;0;2374;36;0;0;0;1048042;3036;93;1;1048919;106;0;0;0
FR;4;2021-09-04;1374;18;0;0;1381;9;0;0;0;1049416;3054;93;1;1050300;115;0;0;0
FR;4;2021-09-05;434;2;0;0;434;2;0;0;0;1049850;3056;93;1;1050734;117;0;0;0
FR;4;2021-09-06;1713;62;0;0;1750;24;0;0;0;1051563;3118;93;1;1052484;141;0;0;0
FR;4;2021-09-07;1681;18;0;0;1690;8;0;0;0;1053244;3136;93;1;1054174;149;0;0;0
FR;4;2021-09-08;1286;26;3;0;1291;19;0;0;0;1054530;3162;96;1;1055465;168;0;0;0
FR;4;2021-09-09;1394;23;2;0;1404;9;0;0;0;1055924;3185;98;1;1056869;177;0;0;0
FR;4;2021-09-10;1521;31;2;0;1525;23;1;0;0;1057445;3216;100;1;1058394;200;1;0;0
FR;4;2021-09-11;746;11;0;0;749;3;0;0;0;1058191;3227;100;1;1059143;203;1;0;0
FR;4;2021-09-12;169;5;0;0;170;4;0;0;0;1058360;3232;100;1;1059313;207;1;0;0
FR;4;2021-09-13;1325;22;1;0;1328;16;0;0;0;1059685;3254;101;1;1060641;223;1;0;0
FR;4;2021-09-14;1507;9;2;0;1509;7;0;0;0;1061192;3263;103;1;1062150;230;1;0;0
FR;4;2021-09-15;1095;28;1;0;1098;25;0;0;0;1062287;3291;104;1;1063248;255;1;0;0
FR;4;2021-09-16;1106;22;2;0;1110;15;0;0;0;1063393;3313;106;1;1064358;270;1;0;0
FR;4;2021-09-17;898;21;1;0;905;12;0;0;0;1064291;3334;107;1;1065263;282;1;0;0
FR;4;2021-09-18;464;7;1;0;465;6;0;0;0;1064755;3341;108;1;1065728;288;1;0;0
FR;4;2021-09-19;182;3;0;0;183;2;0;0;0;1064937;3344;108;1;1065911;290;1;0;0
FR;4;2021-09-20;452;19;0;0;458;13;0;0;0;1065389;3363;108;1;1066369;303;1;0;0
FR;4;2021-09-21;434;11;0;0;436;7;0;0;0;1065823;3374;108;1;1066805;310;1;0;0
FR;4;2021-09-22;377;19;4;0;384;15;0;0;0;1066200;3393;112;1;1067189;325;1;0;0
FR;4;2021-09-23;488;15;1;0;489;14;0;0;0;1066688;3408;113;1;1067678;339;1;0;0
FR;4;2021-09-24;415;13;2;0;419;9;0;0;0;1067103;3421;115;1;1068097;348;1;0;0
FR;4;2021-09-25;281;10;1;0;282;5;0;0;0;1067384;3431;116;1;1068379;353;1;0;0
FR;4;2021-09-26;75;2;0;0;76;1;0;0;0;1067459;3433;116;1;1068455;354;1;0;0
FR;4;2021-09-27;270;10;1;0;271;8;0;0;0;1067729;3443;117;1;1068726;362;1;0;0
FR;4;2021-09-28;319;8;0;0;319;8;0;0;0;1068048;3451;117;1;1069045;370;1;0;0
FR;4;2021-09-29;378;19;1;0;380;13;0;0;0;1068426;3470;118;1;1069425;383;1;0;0
FR;4;2021-09-30;367;41;0;0;381;22;0;0;0;1068793;3511;118;1;1069806;405;1;0;0
FR;4;2021-10-01;411;56;0;0;413;50;0;0;0;1069204;3567;118;1;1070219;455;1;0;0
FR;4;2021-10-02;196;23;1;0;198;14;0;0;0;1069400;3590;119;1;1070417;469;1;0;0
FR;4;2021-10-03;86;1;0;0;87;0;0;0;0;1069486;3591;119;1;1070504;469;1;0;0
FR;4;2021-10-04;363;20;1;0;367;16;0;0;0;1069849;3611;120;1;1070871;485;1;0;0
FR;4;2021-10-05;286;19;2;0;288;15;0;0;0;1070135;3630;122;1;1071159;500;1;0;0
FR;4;2021-10-06;249;23;1;0;254;18;0;0;0;1070384;3653;123;1;1071413;518;1;0;0
FR;4;2021-10-07;268;25;2;0;273;13;0;0;0;1070652;3678;125;1;1071686;531;1;0;0
FR;4;2021-10-08;357;24;2;0;360;20;0;0;0;1071009;3702;127;1;1072046;551;1;0;0
FR;4;2021-10-09;194;6;6;0;195;7;0;0;0;1071203;3708;133;1;1072241;558;1;0;0
FR;4;2021-10-10;97;3;2;0;99;3;0;0;0;1071300;3711;135;1;1072340;561;1;0;0
FR;4;2021-10-11;252;15;1;0;253;14;0;0;0;1071552;3726;136;1;1072593;575;1;0;0
FR;4;2021-10-12;211;14;0;0;211;13;0;0;0;1071763;3740;136;1;1072804;588;1;0;0
FR;4;2021-10-13;221;28;1;0;224;25;0;0;0;1071984;3768;137;1;1073028;613;1;0;0
FR;4;2021-10-14;316;21;4;0;320;15;0;0;0;1072300;3789;141;1;1073348;628;1;0;0
FR;4;2021-10-15;324;24;5;0;325;25;0;0;0;1072624;3813;146;1;1073673;653;1;0;0
FR;4;2021-10-16;167;6;2;0;167;6;0;0;0;1072791;3819;148;1;1073840;659;1;0;0
FR;4;2021-10-17;70;2;0;0;71;1;0;0;0;1072861;3821;148;1;1073911;660;1;0;0
FR;4;2021-10-18;281;16;1;0;283;13;0;0;0;1073142;3837;149;1;1074194;673;1;0;0
FR;4;2021-10-19;216;14;2;0;216;15;0;0;0;1073358;3851;151;1;1074410;688;1;0;0
FR;4;2021-10-20;231;27;4;0;234;15;0;0;0;1073589;3878;155;1;1074644;703;1;0;0
FR;4;2021-10-21;244;18;0;0;246;14;0;0;0;1073833;3896;155;1;1074890;717;1;0;0
FR;4;2021-10-22;217;25;2;0;219;20;1;0;0;1074050;3921;157;1;1075109;737;2;0;0
FR;4;2021-10-23;117;16;1;0;118;15;0;0;0;1074167;3937;158;1;1075227;752;2;0;0
FR;4;2021-10-24;39;4;0;0;39;1;0;0;0;1074206;3941;158;1;1075266;753;2;0;0
FR;4;2021-10-25;218;7;2;0;218;9;0;0;0;1074424;3948;160;1;1075484;762;2;0;0
FR;4;2021-10-26;200;14;0;0;202;12;0;0;0;1074624;3962;160;1;1075686;774;2;0;0
FR;4;2021-10-27;196;12;4;0;196;12;2;0;0;1074820;3974;164;1;1075882;786;4;0;0
FR;4;2021-10-28;186;18;5;0;186;22;0;0;0;1075006;3992;169;1;1076068;808;4;0;0
FR;4;2021-10-29;227;18;2;0;228;16;0;0;0;1075233;4010;171;1;1076296;824;4;0;0
FR;4;2021-10-30;104;2;1;0;105;2;0;0;0;1075337;4012;172;1;1076401;826;4;0;0
FR;4;2021-10-31;59;3;2;0;60;3;0;0;0;1075396;4015;174;1;1076461;829;4;0;0
FR;4;2021-11-01;76;27;4;0;77;24;3;0;0;1075472;4042;178;1;1076538;853;7;0;0
FR;4;2021-11-02;164;21;2;0;165;21;0;0;0;1075636;4063;180;1;1076703;874;7;0;0
FR;4;2021-11-03;132;21;8;1;133;19;6;0;0;1075768;4084;188;2;1076836;893;13;0;0
FR;4;2021-11-04;187;15;1;0;188;12;1;0;0;1075955;4099;189;2;1077024;905;14;0;0
FR;4;2021-11-05;130;17;1;0;131;16;0;0;0;1076085;4116;190;2;1077155;921;14;0;0
FR;4;2021-11-06;82;6;1;0;82;6;0;0;0;1076167;4122;191;2;1077237;927;14;0;0
FR;4;2021-11-07;83;2;2;0;83;4;0;0;0;1076250;4124;193;2;1077320;931;14;0;0
FR;4;2021-11-08;162;20;1;0;163;20;0;0;0;1076412;4144;194;2;1077483;951;14;0;0
FR;4;2021-11-09;159;14;3;0;159;16;0;0;0;1076571;4158;197;2;1077642;967;14;0;0
FR;4;2021-11-10;121;30;7;0;121;33;2;0;0;1076692;4188;204;2;1077763;1000;16;0;0
FR;4;2021-11-11;100;10;1;0;100;11;0;0;0;1076792;4198;205;2;1077863;1011;16;0;0
FR;4;2021-11-12;107;19;2;0;108;18;1;0;0;1076899;4217;207;2;1077971;1029;17;0;0
FR;4;2021-11-13;74;15;2;0;75;14;0;0;0;1076973;4232;209;2;1078046;1043;17;0;0
FR;4;2021-11-14;55;5;4;0;56;8;0;0;0;1077028;4237;213;2;1078102;1051;17;0;0
FR;4;2021-11-15;99;26;2;0;101;24;2;0;0;1077127;4263;215;2;1078203;1075;19;0;0
FR;4;2021-11-16;111;14;3;0;111;17;0;0;0;1077238;4277;218;2;1078314;1092;19;0;0
FR;4;2021-11-17;121;30;4;0;121;30;1;0;0;1077359;4307;222;2;1078435;1122;20;0;0
FR;4;2021-11-18;103;34;14;0;105;43;1;0;0;1077462;4341;236;2;1078540;1165;21;0;0
FR;4;2021-11-19;89;21;3;0;89;22;1;0;0;1077551;4362;239;2;1078629;1187;22;0;0
FR;4;2021-11-20;78;8;1;0;78;8;0;0;0;1077629;4370;240;2;1078707;1195;22;0;0
FR;4;2021-11-21;69;7;2;0;69;9;0;0;0;1077698;4377;242;2;1078776;1204;22;0;0
FR;4;2021-11-22;109;28;9;0;110;33;2;0;0;1077807;4405;251;2;1078886;1237;24;0;0
FR;4;2021-11-23;78;31;6;0;79;29;2;0;0;1077885;4436;257;2;1078965;1266;26;0;0
FR;4;2021-11-24;91;23;12;0;93;25;4;0;0;1077976;4459;269;2;1079058;1291;30;0;0
FR;4;2021-11-25;96;28;19;0;97;35;5;0;0;1078072;4487;288;2;1079155;1326;35;0;0
FR;4;2021-11-26;86;43;12;0;90;45;3;0;0;1078158;4530;300;2;1079245;1371;38;0;0
FR;4;2021-11-27;42;22;15;0;42;25;10;0;0;1078200;4552;315;2;1079287;1396;48;0;0
FR;4;2021-11-28;53;8;0;0;54;7;0;0;0;1078253;4560;315;2;1079341;1403;48;0;0
FR;4;2021-11-29;90;31;16;0;90;40;2;0;0;1078343;4591;331;2;1079431;1443;50;0;0
FR;4;2021-11-30;77;37;13;0;77;42;2;0;0;1078420;4628;344;2;1079508;1485;52;0;0
FR;4;2021-12-01;88;60;19;0;88;67;11;0;0;1078508;4688;363;2;1079596;1552;63;0;0
FR;4;2021-12-02;114;48;21;0;118;56;3;0;0;1078622;4736;384;2;1079714;1608;66;0;0
FR;4;2021-12-03;105;36;15;0;105;44;4;0;0;1078727;4772;399;2;1079819;1652;70;0;0
FR;4;2021-12-04;73;31;18;0;75;44;1;0;0;1078800;4803;417;2;1079894;1696;71;0;0
FR;4;2021-12-05;64;7;1;0;65;7;0;0;0;1078864;4810;418;2;1079959;1703;71;0;0
FR;4;2021-12-06;112;46;20;0;112;60;3;0;0;1078976;4856;438;2;1080071;1763;74;0;0
FR;4;2021-12-07;85;37;9;0;88;36;3;0;0;1079061;4893;447;2;1080159;1799;77;0;0
FR;4;2021-12-08;73;31;17;0;75;38;7;0;0;1079134;4924;464;2;1080234;1837;84;0;0
FR;4;2021-12-09;65;32;10;1;65;39;3;0;0;1079199;4956;474;3;1080299;1876;87;0;0
FR;4;2021-12-10;64;64;20;0;65;68;10;0;0;1079263;5020;494;3;1080364;1944;97;0;0
FR;4;2021-12-11;29;34;7;0;29;34;3;0;0;1079292;5054;501;3;1080393;1978;100;0;0
FR;4;2021-12-12;30;12;3;0;30;15;0;0;0;1079322;5066;504;3;1080423;1993;100;0;0
FR;4;2021-12-13;77;40;14;0;79;49;2;0;0;1079399;5106;518;3;1080502;2042;102;0;0
FR;4;2021-12-14;61;43;18;0;62;55;2;0;0;1079460;5149;536;3;1080564;2097;104;0;0
FR;4;2021-12-15;68;65;29;0;68;86;6;0;0;1079528;5214;565;3;1080632;2183;110;0;0
FR;4;2021-12-16;35;45;18;0;36;58;3;0;0;1079563;5259;583;3;1080668;2241;113;0;0
FR;4;2021-12-17;39;55;11;0;39;59;6;0;0;1079602;5314;594;3;1080707;2300;119;0;0
FR;4;2021-12-18;49;31;3;0;50;33;0;0;0;1079651;5345;597;3;1080757;2333;119;0;0
FR;4;2021-12-19;16;4;1;0;17;4;0;0;0;1079667;5349;598;3;1080774;2337;119;0;0
FR;4;2021-12-20;45;38;10;0;46;41;6;0;0;1079712;5387;608;3;1080820;2378;125;0;0
FR;4;2021-12-21;31;32;17;0;33;39;5;0;0;1079743;5419;625;3;1080853;2417;130;0;0
FR;4;2021-12-22;37;39;10;0;38;39;7;0;0;1079780;5458;635;3;1080891;2456;137;0;0
FR;4;2021-12-23;40;45;8;0;40;49;2;0;0;1079820;5503;643;3;1080931;2505;139;0;0
FR;4;2021-12-24;24;28;10;0;26;31;4;0;0;1079844;5531;653;3;1080957;2536;143;0;0
FR;4;2021-12-25;7;3;3;0;7;4;2;0;0;1079851;5534;656;3;1080964;2540;145;0;0
FR;4;2021-12-26;5;3;1;0;6;2;0;0;0;1079856;5537;657;3;1080970;2542;145;0;0
FR;4;2021-12-27;31;41;9;0;32;43;4;0;0;1079887;5578;666;3;1081002;2585;149;0;0
FR;4;2021-12-28;27;28;7;0;29;29;4;0;0;1079914;5606;673;3;1081031;2614;153;0;0
FR;4;2021-12-29;56;25;11;0;57;30;5;0;0;1079970;5631;684;3;1081088;2644;158;0;0
FR;4;2021-12-30;48;19;12;0;51;22;5;0;0;1080018;5650;696;3;1081139;2666;163;0;0
FR;4;2021-12-31;20;6;8;0;21;11;2;0;0;1080038;5656;704;3;1081160;2677;165;0;0
FR;4;2022-01-01;6;4;5;0;6;7;1;0;0;1080044;5660;709;3;1081166;2684;166;0;0
FR;4;2022-01-02;43;5;16;0;43;20;1;0;0;1080087;5665;725;3;1081209;2704;167;0;0
FR;4;2022-01-03;45;55;25;1;47;65;10;0;0;1080132;5720;750;4;1081256;2769;177;0;0
FR;4;2022-01-04;40;28;16;0;41;33;8;0;0;1080172;5748;766;4;1081297;2802;185;0;0
FR;4;2022-01-05;52;24;19;0;58;27;9;0;0;1080224;5772;785;4;1081355;2829;194;0;0
FR;4;2022-01-06;52;24;24;0;52;40;8;0;0;1080276;5796;809;4;1081407;2869;202;0;0
FR;4;2022-01-07;31;20;16;0;33;21;12;0;0;1080307;5816;825;4;1081440;2890;214;0;0
FR;4;2022-01-08;13;6;10;0;14;12;3;0;0;1080320;5822;835;4;1081454;2902;217;0;0
FR;4;2022-01-09;20;2;3;0;21;4;0;0;0;1080340;5824;838;4;1081475;2906;217;0;0
FR;4;2022-01-10;52;22;19;0;52;36;4;0;0;1080392;5846;857;4;1081527;2942;221;0;0
FR;4;2022-01-11;30;31;12;0;34;35;1;0;0;1080422;5877;869;4;1081561;2977;222;0;0
FR;4;2022-01-12;35;21;13;0;37;23;9;0;0;1080457;5898;882;4;1081598;3000;231;0;0
FR;4;2022-01-13;55;20;27;0;56;38;8;0;0;1080512;5918;909;4;1081654;3038;239;0;0
FR;4;2022-01-14;25;32;13;0;26;35;7;0;0;1080537;5950;922;4;1081680;3073;246;0;0
FR;4;2022-01-15;15;6;8;0;16;12;1;0;0;1080552;5956;930;4;1081696;3085;247;0;0
FR;4;2022-01-16;12;9;14;0;12;22;1;0;0;1080564;5965;944;4;1081708;3107;248;0;0
FR;4;2022-01-17;27;20;15;0;27;29;5;0;0;1080591;5985;959;4;1081735;3136;253;0;0
FR;4;2022-01-18;17;14;10;0;17;21;3;0;0;1080608;5999;969;4;1081752;3157;256;0;0
FR;4;2022-01-19;33;23;13;0;33;34;1;0;0;1080641;6022;982;4;1081785;3191;257;0;0
FR;4;2022-01-20;34;34;13;0;36;39;5;0;0;1080675;6056;995;4;1081821;3230;262;0;0
FR;4;2022-01-21;13;12;20;1;13;17;15;0;1;1080688;6068;1015;5;1081834;3247;277;0;1
FR;4;2022-01-22;30;13;3;0;30;14;2;0;0;1080718;6081;1018;5;1081864;3261;279;0;1
FR;4;2022-01-23;8;2;7;0;8;9;0;0;0;1080726;6083;1025;5;1081872;3270;279;0;1
FR;4;2022-01-24;14;21;9;0;15;28;1;0;0;1080740;6104;1034;5;1081887;3298;280;0;1
FR;4;2022-01-25;22;32;10;1;23;38;3;0;0;1080762;6136;1044;6;1081910;3336;283;0;1
FR;4;2022-01-26;20;17;9;1;21;21;4;0;0;1080782;6153;1053;7;1081931;3357;287;0;1
FR;4;2022-01-27;22;19;8;0;23;25;1;0;0;1080804;6172;1061;7;1081954;3382;288;0;1
FR;4;2022-01-28;14;23;8;0;15;26;4;0;0;1080818;6195;1069;7;1081969;3408;292;0;1
FR;4;2022-01-29;17;6;5;0;17;10;0;0;0;1080835;6201;1074;7;1081986;3418;292;0;1
FR;4;2022-01-30;19;3;2;0;19;5;0;0;0;1080854;6204;1076;7;1082005;3423;292;0;1
FR;4;2022-01-31;22;28;8;0;22;32;2;0;0;1080876;6232;1084;7;1082027;3455;294;0;1
FR;4;2022-02-01;13;24;13;0;15;25;9;0;0;1080889;6256;1097;7;1082042;3480;303;0;1
FR;4;2022-02-02;19;12;14;2;20;20;7;0;0;1080908;6268;1111;9;1082062;3500;310;0;1
FR;4;2022-02-03;16;24;11;0;18;29;4;0;0;1080924;6292;1122;9;1082080;3529;314;0;1
FR;4;2022-02-04;7;5;7;0;7;9;3;0;0;1080931;6297;1129;9;1082087;3538;317;0;1
FR;4;2022-02-05;7;14;1;0;8;13;1;0;0;1080938;6311;1130;9;1082095;3551;318;0;1
FR;4;2022-02-06;8;4;4;0;8;7;1;0;0;1080946;6315;1134;9;1082103;3558;319;0;1
FR;4;2022-02-07;15;20;8;0;17;20;6;0;0;1080961;6335;1142;9;1082120;3578;325;0;1
FR;4;2022-02-08;20;21;13;1;22;22;10;0;0;1080981;6356;1155;10;1082142;3600;335;0;1
FR;4;2022-02-09;17;12;9;0;18;17;2;0;0;1080998;6368;1164;10;1082160;3617;337;0;1
FR;4;2022-02-10;23;23;10;0;24;25;7;0;0;1081021;6391;1174;10;1082184;3642;344;0;1
FR;4;2022-02-11;18;15;8;0;18;20;3;0;0;1081039;6406;1182;10;1082202;3662;347;0;1
FR;4;2022-02-12;24;6;3;0;26;7;0;0;0;1081063;6412;1185;10;1082228;3669;347;0;1
FR;4;2022-02-13;7;3;3;0;7;6;0;0;0;1081070;6415;1188;10;1082235;3675;347;0;1
FR;4;2022-02-14;21;10;10;0;21;16;4;0;0;1081091;6425;1198;10;1082256;3691;351;0;1
FR;4;2022-02-15;18;7;2;0;18;8;0;0;0;1081109;6432;1200;10;1082274;3699;351;0;1
FR;4;2022-02-16;17;10;11;0;17;17;3;0;0;1081126;6442;1211;10;1082291;3716;354;0;1
FR;4;2022-02-17;11;4;5;0;11;7;2;0;0;1081137;6446;1216;10;1082302;3723;356;0;1
FR;4;2022-02-18;16;15;8;0;16;21;2;0;0;1081153;6461;1224;10;1082318;3744;358;0;1
FR;4;2022-02-19;16;4;2;0;17;5;0;0;0;1081169;6465;1226;10;1082335;3749;358;0;1
FR;4;2022-02-20;8;3;0;0;9;2;0;0;0;1081177;6468;1226;10;1082344;3751;358;0;1
FR;4;2022-02-21;24;5;4;0;24;7;2;0;0;1081201;6473;1230;10;1082368;3758;360;0;1
FR;4;2022-02-22;8;5;10;0;9;10;4;0;0;1081209;6478;1240;10;1082377;3768;364;0;1
FR;4;2022-02-23;17;6;10;0;17;10;5;0;0;1081226;6484;1250;10;1082394;3778;369;0;1
FR;4;2022-02-24;11;5;4;0;11;7;2;0;0;1081237;6489;1254;10;1082405;3785;371;0;1
FR;4;2022-02-25;17;5;7;0;17;6;6;0;0;1081254;6494;1261;10;1082422;3791;377;0;1
FR;4;2022-02-26;27;3;1;0;27;4;0;0;0;1081281;6497;1262;10;1082449;3795;377;0;1
FR;4;2022-02-27;9;0;1;0;9;1;0;0;0;1081290;6497;1263;10;1082458;3796;377;0;1
FR;4;2022-02-28;18;3;2;0;19;3;1;0;0;1081308;6500;1265;10;1082477;3799;378;0;1
FR;4;2022-03-01;8;4;7;0;8;5;5;0;0;1081316;6504;1272;10;1082485;3804;383;0;1
FR;4;2022-03-02;16;3;5;0;17;6;1;0;0;1081332;6507;1277;10;1082502;3810;384;0;1
FR;4;2022-03-03;19;5;3;0;19;6;1;0;0;1081351;6512;1280;10;1082521;3816;385;0;1
FR;4;2022-03-04;7;8;2;1;7;6;3;0;0;1081358;6520;1282;11;1082528;3822;388;0;1
FR;4;2022-03-05;9;2;0;0;9;2;0;0;0;1081367;6522;1282;11;1082537;3824;388;0;1
FR;4;2022-03-06;4;0;1;0;4;1;0;0;0;1081371;6522;1283;11;1082541;3825;388;0;1
FR;4;2022-03-07;11;6;2;0;11;5;2;0;0;1081382;6528;1285;11;1082552;3830;390;0;1
FR;4;2022-03-08;15;3;0;0;15;3;0;0;0;1081397;6531;1285;11;1082567;3833;390;0;1
FR;4;2022-03-09;9;7;2;0;11;7;0;0;0;1081406;6538;1287;11;1082578;3840;390;0;1
FR;4;2022-03-10;6;1;6;0;6;3;4;0;0;1081412;6539;1293;11;1082584;3843;394;0;1
FR;4;2022-03-11;10;4;5;0;12;2;5;0;0;1081422;6543;1298;11;1082596;3845;399;0;1
FR;4;2022-03-12;10;2;0;0;11;0;0;0;0;1081432;6545;1298;11;1082607;3845;399;0;1
FR;4;2022-03-13;6;2;1;0;7;2;0;0;0;1081438;6547;1299;11;1082614;3847;399;0;1
FR;4;2022-03-14;4;3;1;0;5;3;0;0;0;1081442;6550;1300;11;1082619;3850;399;0;1
FR;4;2022-03-15;8;7;3;0;10;6;2;0;0;1081450;6557;1303;11;1082629;3856;401;0;1
FR;4;2022-03-16;7;3;4;0;7;4;3;0;0;1081457;6560;1307;11;1082636;3860;404;0;1
FR;4;2022-03-17;3;4;1;0;3;5;0;0;0;1081460;6564;1308;11;1082639;3865;404;0;1
FR;4;2022-03-18;9;3;0;0;9;3;0;0;0;1081469;6567;1308;11;1082648;3868;404;0;1
FR;4;2022-03-19;1;1;1;0;1;2;0;0;0;1081470;6568;1309;11;1082649;3870;404;0;1
FR;4;2022-03-20;3;1;2;0;3;2;1;0;0;1081473;6569;1311;11;1082652;3872;405;0;1
FR;4;2022-03-21;6;4;1;0;6;5;0;0;0;1081479;6573;1312;11;1082658;3877;405;0;1
FR;4;2022-03-22;4;2;2;0;4;3;1;0;0;1081483;6575;1314;11;1082662;3880;406;0;1
FR;4;2022-03-23;6;4;5;0;6;8;1;0;0;1081489;6579;1319;11;1082668;3888;407;0;1
FR;4;2022-03-24;2;5;3;1;2;7;2;0;0;1081491;6584;1322;12;1082670;3895;409;0;1
FR;4;2022-03-25;4;1;2;0;4;1;2;0;0;1081495;6585;1324;12;1082674;3896;411;0;1
FR;4;2022-03-26;5;5;0;0;5;5;0;0;0;1081500;6590;1324;12;1082679;3901;411;0;1
FR;4;2022-03-27;1;0;3;0;1;2;1;0;0;1081501;6590;1327;12;1082680;3903;412;0;1
FR;4;2022-03-28;6;1;3;0;7;3;0;0;0;1081507;6591;1330;12;1082687;3906;412;0;1
FR;4;2022-03-29;9;0;4;1;9;0;2;0;0;1081516;6591;1334;13;1082696;3906;414;0;1
FR;4;2022-03-30;3;4;0;0;3;4;0;0;0;1081519;6595;1334;13;1082699;3910;414;0;1
FR;4;2022-03-31;5;3;2;1;5;4;1;0;0;1081524;6598;1336;14;1082704;3914;415;0;1
FR;4;2022-04-01;15;3;5;0;15;6;2;0;0;1081539;6601;1341;14;1082719;3920;417;0;1
FR;4;2022-04-02;4;4;0;0;5;3;0;0;0;1081543;6605;1341;14;1082724;3923;417;0;1
FR;4;2022-04-03;0;1;0;0;0;1;0;0;0;1081543;6606;1341;14;1082724;3924;417;0;1
FR;4;2022-04-04;4;4;4;0;5;5;2;0;0;1081547;6610;1345;14;1082729;3929;419;0;1
FR;4;2022-04-05;4;3;3;1;5;3;3;0;0;1081551;6613;1348;15;1082734;3932;422;0;1
FR;4;2022-04-06;6;1;0;0;6;1;0;0;0;1081557;6614;1348;15;1082740;3933;422;0;1
FR;4;2022-04-07;3;2;3;2;3;5;0;0;0;1081560;6616;1351;17;1082743;3938;422;0;1
FR;4;2022-04-08;4;2;1;0;4;2;1;0;0;1081564;6618;1352;17;1082747;3940;423;0;1
FR;4;2022-04-09;0;0;1;1;0;1;1;0;0;1081564;6618;1353;18;1082747;3941;424;0;1
FR;4;2022-04-10;2;2;0;0;2;2;0;0;0;1081566;6620;1353;18;1082749;3943;424;0;1
FR;4;2022-04-11;4;3;4;0;4;5;2;0;0;1081570;6623;1357;18;1082753;3948;426;0;1
FR;4;2022-04-12;5;1;4;0;5;2;3;0;0;1081575;6624;1361;18;1082758;3950;429;0;1
FR;4;2022-04-13;5;8;2;1;5;10;1;0;0;1081580;6632;1363;19;1082763;3960;430;0;1
FR;4;2022-04-14;6;4;2;1;7;5;1;0;0;1081586;6636;1365;20;1082770;3965;431;0;1
FR;4;2022-04-15;7;9;1;0;7;10;0;0;0;1081593;6645;1366;20;1082777;3975;431;0;1
FR;4;2022-04-16;1;0;0;0;1;0;0;0;0;1081594;6645;1366;20;1082778;3975;431;0;1
FR;4;2022-04-17;3;2;1;0;3;3;0;0;0;1081597;6647;1367;20;1082781;3978;431;0;1
FR;4;2022-04-18;2;2;6;0;2;4;4;0;0;1081599;6649;1373;20;1082783;3982;435;0;1
FR;4;2022-04-19;3;0;1;0;3;0;1;0;0;1081602;6649;1374;20;1082786;3982;436;0;1
FR;4;2022-04-20;15;4;1;1;16;3;1;0;0;1081617;6653;1375;21;1082802;3985;437;0;1
FR;4;2022-04-21;7;1;0;0;7;1;0;0;0;1081624;6654;1375;21;1082809;3986;437;0;1
FR;4;2022-04-22;1;1;2;0;1;2;1;0;0;1081625;6655;1377;21;1082810;3988;438;0;1
FR;4;2022-04-23;2;3;3;0;2;6;0;0;0;1081627;6658;1380;21;1082812;3994;438;0;1
FR;4;2022-04-24;0;3;0;0;0;3;0;0;0;1081627;6661;1380;21;1082812;3997;438;0;1
FR;4;2022-04-25;3;5;3;0;3;8;0;0;0;1081630;6666;1383;21;1082815;4005;438;0;1
FR;4;2022-04-26;5;6;1;0;5;6;1;0;0;1081635;6672;1384;21;1082820;4011;439;0;1
FR;4;2022-04-27;4;1;1;2;5;1;2;0;0;1081639;6673;1385;23;1082825;4012;441;0;1
FR;4;2022-04-28;3;5;5;1;3;7;4;0;0;1081642;6678;1390;24;1082828;4019;445;0;1
FR;4;2022-04-29;6;3;0;0;6;2;0;0;0;1081648;6681;1390;24;1082834;4021;445;0;1
FR;4;2022-04-30;2;1;1;0;2;2;0;0;0;1081650;6682;1391;24;1082836;4023;445;0;1
FR;4;2022-05-01;0;0;0;0;0;0;0;0;0;1081650;6682;1391;24;1082836;4023;445;0;1
FR;4;2022-05-02;5;16;6;0;5;19;3;0;0;1081655;6698;1397;24;1082841;4042;448;0;1
FR;4;2022-05-03;2;6;2;0;2;7;1;0;0;1081657;6704;1399;24;1082843;4049;449;0;1
FR;4;2022-05-04;7;4;1;0;7;4;1;0;0;1081664;6708;1400;24;1082850;4053;450;0;1
FR;4;2022-05-05;5;2;1;1;6;1;2;0;0;1081669;6710;1401;25;1082856;4054;452;0;1
FR;4;2022-05-06;5;3;1;0;6;2;1;0;0;1081674;6713;1402;25;1082862;4056;453;0;1
FR;4;2022-05-07;0;1;0;0;0;1;0;0;0;1081674;6714;1402;25;1082862;4057;453;0;1
FR;4;2022-05-08;1;1;0;0;1;1;0;0;0;1081675;6715;1402;25;1082863;4058;453;0;1
FR;4;2022-05-09;5;1;0;1;5;1;1;0;0;1081680;6716;1402;26;1082868;4059;454;0;1
FR;4;2022-05-10;3;1;0;2;3;3;0;0;0;1081683;6717;1402;28;1082871;4062;454;0;1
FR;4;2022-05-11;4;2;4;0;4;5;1;0;0;1081687;6719;1406;28;1082875;4067;455;0;1
FR;4;2022-05-12;7;4;2;1;7;5;1;0;1;1081694;6723;1408;29;1082882;4072;456;0;2
FR;4;2022-05-13;1;0;2;0;1;2;0;0;0;1081695;6723;1410;29;1082883;4074;456;0;2
FR;4;2022-05-14;0;2;0;0;0;2;0;0;0;1081695;6725;1410;29;1082883;4076;456;0;2
FR;4;2022-05-15;2;2;0;0;4;0;0;0;0;1081697;6727;1410;29;1082887;4076;456;0;2
FR;4;2022-05-16;5;2;2;0;5;2;2;0;0;1081702;6729;1412;29;1082892;4078;458;0;2
FR;4;2022-05-17;5;1;2;0;5;3;0;0;0;1081707;6730;1414;29;1082897;4081;458;0;2
FR;4;2022-05-18;3;6;0;0;3;6;0;0;0;1081710;6736;1414;29;1082900;4087;458;0;2
FR;4;2022-05-19;2;3;3;0;2;5;1;0;0;1081712;6739;1417;29;1082902;4092;459;0;2
FR;4;2022-05-20;5;2;3;0;5;2;3;0;0;1081717;6741;1420;29;1082907;4094;462;0;2
FR;4;2022-05-21;2;0;1;0;2;1;0;0;0;1081719;6741;1421;29;1082909;4095;462;0;2
FR;4;2022-05-22;0;0;1;0;0;1;0;0;0;1081719;6741;1422;29;1082909;4096;462;0;2
FR;4;2022-05-23;0;0;2;0;0;0;2;0;0;1081719;6741;1424;29;1082909;4096;464;0;2
FR;4;2022-05-24;2;4;1;0;2;5;0;0;0;1081721;6745;1425;29;1082911;4101;464;0;2
FR;4;2022-05-25;1;4;1;0;3;3;0;0;0;1081722;6749;1426;29;1082914;4104;464;0;2
FR;4;2022-05-26;5;0;1;0;5;1;0;0;0;1081727;6749;1427;29;1082919;4105;464;0;2
FR;4;2022-05-27;0;2;1;1;0;3;1;0;0;1081727;6751;1428;30;1082919;4108;465;0;2
FR;4;2022-05-28;1;0;0;0;1;0;0;0;0;1081728;6751;1428;30;1082920;4108;465;0;2
FR;4;2022-05-29;1;0;1;0;1;1;0;0;0;1081729;6751;1429;30;1082921;4109;465;0;2
FR;4;2022-05-30;3;4;2;0;3;5;1;0;0;1081732;6755;1431;30;1082924;4114;466;0;2
FR;4;2022-05-31;2;1;0;0;2;1;0;0;0;1081734;6756;1431;30;1082926;4115;466;0;2
FR;4;2022-06-01;3;11;7;0;3;15;3;0;0;1081737;6767;1438;30;1082929;4130;469;0;2
FR;4;2022-06-02;6;7;3;0;6;7;2;0;0;1081743;6774;1441;30;1082935;4137;471;0;2
FR;4;2022-06-03;2;6;4;1;2;7;4;0;0;1081745;6780;1445;31;1082937;4144;475;0;2
FR;4;2022-06-04;0;1;1;1;0;1;2;0;0;1081745;6781;1446;32;1082937;4145;477;0;2
FR;4;2022-06-05;0;0;0;0;0;0;0;0;0;1081745;6781;1446;32;1082937;4145;477;0;2
FR;4;2022-06-06;8;0;3;0;8;2;1;0;0;1081753;6781;1449;32;1082945;4147;478;0;2
FR;4;2022-06-07;6;2;0;1;6;2;1;0;0;1081759;6783;1449;33;1082951;4149;479;0;2
FR;4;2022-06-08;0;5;3;0;1;7;0;0;0;1081759;6788;1452;33;1082952;4156;479;0;2
FR;4;2022-06-09;1;2;0;0;2;1;0;0;0;1081760;6790;1452;33;1082954;4157;479;0;2
FR;4;2022-06-10;4;0;3;0;4;1;2;0;0;1081764;6790;1455;33;1082958;4158;481;0;2
FR;4;2022-06-11;1;0;0;0;1;0;0;0;0;1081765;6790;1455;33;1082959;4158;481;0;2
FR;4;2022-06-12;4;0;1;0;4;1;0;0;0;1081769;6790;1456;33;1082963;4159;481;0;2
FR;4;2022-06-13;6;2;3;0;7;2;1;0;0;1081775;6792;1459;33;1082970;4161;482;0;2
FR;4;2022-06-14;4;3;0;0;5;2;0;0;0;1081779;6795;1459;33;1082975;4163;482;0;2
FR;4;2022-06-15;9;3;4;0;9;3;4;0;0;1081788;6798;1463;33;1082984;4166;486;0;2
FR;4;2022-06-16;2;3;1;1;3;2;1;0;1;1081790;6801;1464;34;1082987;4168;487;0;3
FR;4;2022-06-17;6;1;0;0;6;1;0;0;0;1081796;6802;1464;34;1082993;4169;487;0;3
FR;4;2022-06-18;0;0;0;0;0;0;0;0;0;1081796;6802;1464;34;1082993;4169;487;0;3
FR;4;2022-06-19;3;0;0;0;3;0;0;0;0;1081799;6802;1464;34;1082996;4169;487;0;3
FR;4;2022-06-20;6;2;2;1;6;3;2;0;0;1081805;6804;1466;35;1083002;4172;489;0;3
FR;4;2022-06-21;5;2;4;1;6;4;2;0;0;1081810;6806;1470;36;1083008;4176;491;0;3
FR;4;2022-06-22;3;2;1;3;4;2;1;0;0;1081813;6808;1471;39;1083012;4178;492;0;3
FR;4;2022-06-23;3;3;3;0;3;5;1;0;0;1081816;6811;1474;39;1083015;4183;493;0;3
FR;4;2022-06-24;3;0;2;0;3;0;2;0;0;1081819;6811;1476;39;1083018;4183;495;0;3
FR;4;2022-06-25;3;0;1;1;3;1;1;0;0;1081822;6811;1477;40;1083021;4184;496;0;3
FR;4;2022-06-26;0;0;2;0;0;2;0;0;0;1081822;6811;1479;40;1083021;4186;496;0;3
FR;4;2022-06-27;2;2;1;3;2;3;3;0;0;1081824;6813;1480;43;1083023;4189;499;0;3
FR;4;2022-06-28;0;4;2;1;0;5;2;0;0;1081824;6817;1482;44;1083023;4194;501;0;3
FR;4;2022-06-29;1;2;0;0;1;2;0;0;0;1081825;6819;1482;44;1083024;4196;501;0;3
FR;4;2022-06-30;2;0;0;0;2;0;0;0;0;1081827;6819;1482;44;1083026;4196;501;0;3
FR;4;2022-07-01;2;4;8;0;2;4;8;0;0;1081829;6823;1490;44;1083028;4200;509;0;3
FR;4;2022-07-02;0;1;0;0;1;0;0;0;0;1081829;6824;1490;44;1083029;4200;509;0;3
FR;4;2022-07-03;0;0;0;0;0;0;0;0;0;1081829;6824;1490;44;1083029;4200;509;0;3
FR;4;2022-07-04;4;1;0;0;4;1;0;0;0;1081833;6825;1490;44;1083033;4201;509;0;3
FR;4;2022-07-05;3;1;3;0;3;3;1;0;0;1081836;6826;1493;44;1083036;4204;510;0;3
FR;4;2022-07-06;5;0;1;1;5;0;1;0;1;1081841;6826;1494;45;1083041;4204;511;0;4
FR;4;2022-07-07;2;0;2;1;2;0;3;0;0;1081843;6826;1496;46;1083043;4204;514;0;4
FR;4;2022-07-08;4;1;0;0;4;1;0;0;0;1081847;6827;1496;46;1083047;4205;514;0;4
FR;4;2022-07-09;2;2;1;0;2;3;0;0;0;1081849;6829;1497;46;1083049;4208;514;0;4
FR;4;2022-07-10;2;0;1;0;2;0;0;0;0;1081851;6829;1498;46;1083051;4208;514;0;4
FR;4;2022-07-11;3;0;2;0;3;0;1;0;0;1081854;6829;1500;46;1083054;4208;515;0;4
FR;4;2022-07-12;0;0;2;0;0;2;0;0;0;1081854;6829;1502;46;1083054;4210;515;0;4
FR;4;2022-07-13;3;2;3;1;3;2;4;0;0;1081857;6831;1505;47;1083057;4212;519;0;4
FR;4;2022-07-14;6;0;1;0;6;0;1;0;0;1081863;6831;1506;47;1083063;4212;520;0;4
FR;4;2022-07-15;11;2;0;0;11;2;0;0;0;1081874;6833;1506;47;1083074;4214;520;0;4
FR;4;2022-07-16;5;0;0;2;5;0;2;0;0;1081879;6833;1506;49;1083079;4214;522;0;4
FR;4;2022-07-17;1;0;1;1;1;0;2;0;0;1081880;6833;1507;50;1083080;4214;524;0;4
FR;4;2022-07-18;3;3;2;0;3;3;2;0;0;1081883;6836;1509;50;1083083;4217;526;0;4
FR;4;2022-07-19;5;0;1;0;5;1;0;0;0;1081888;6836;1510;50;1083088;4218;526;0;4
FR;4;2022-07-20;12;1;1;0;13;1;0;0;0;1081900;6837;1511;50;1083101;4219;526;0;4
FR;4;2022-07-21;2;3;1;0;2;3;1;0;0;1081902;6840;1512;50;1083103;4222;527;0;4
FR;4;2022-07-22;5;1;3;0;5;2;2;0;0;1081907;6841;1515;50;1083108;4224;529;0;4
FR;4;2022-07-23;1;2;0;0;1;1;0;0;0;1081908;6843;1515;50;1083109;4225;529;0;4
FR;4;2022-07-24;1;0;0;0;1;0;0;0;0;1081909;6843;1515;50;1083110;4225;529;0;4
FR;4;2022-07-25;7;0;2;0;7;2;0;0;0;1081916;6843;1517;50;1083117;4227;529;0;4
FR;4;2022-07-26;2;0;0;0;2;0;0;0;0;1081918;6843;1517;50;1083119;4227;529;0;4
FR;4;2022-07-27;3;1;0;0;3;0;0;0;0;1081921;6844;1517;50;1083122;4227;529;0;4
FR;4;2022-07-28;12;0;0;0;12;0;0;0;0;1081933;6844;1517;50;1083134;4227;529;0;4
FR;4;2022-07-29;3;0;2;0;3;1;1;0;0;1081936;6844;1519;50;1083137;4228;530;0;4
FR;4;2022-07-30;5;0;2;0;5;0;2;0;0;1081941;6844;1521;50;1083142;4228;532;0;4
FR;4;2022-07-31;0;0;0;0;0;0;0;0;0;1081941;6844;1521;50;1083142;4228;532;0;4
FR;4;2022-08-01;4;0;3;0;4;2;1;0;0;1081945;6844;1524;50;1083146;4230;533;0;4
FR;4;2022-08-02;6;0;0;0;6;0;0;0;0;1081951;6844;1524;50;1083152;4230;533;0;4
FR;4;2022-08-03;2;2;1;0;2;2;1;0;0;1081953;6846;1525;50;1083154;4232;534;0;4
FR;4;2022-08-04;5;2;0;1;5;2;1;0;0;1081958;6848;1525;51;1083159;4234;535;0;4
FR;4;2022-08-05;3;1;1;0;3;1;1;0;0;1081961;6849;1526;51;1083162;4235;536;0;4
FR;4;2022-08-06;2;0;0;0;2;0;0;0;0;1081963;6849;1526;51;1083164;4235;536;0;4
FR;4;2022-08-07;5;0;0;0;5;0;0;0;0;1081968;6849;1526;51;1083169;4235;536;0;4
FR;4;2022-08-08;2;0;1;1;2;1;1;0;0;1081970;6849;1527;52;1083171;4236;537;0;4
FR;4;2022-08-09;1;1;2;2;1;2;3;0;0;1081971;6850;1529;54;1083172;4238;540;0;4
FR;4;2022-08-10;6;1;1;0;7;1;0;0;0;1081977;6851;1530;54;1083179;4239;540;0;4
FR;4;2022-08-11;2;0;1;0;2;1;0;0;0;1081979;6851;1531;54;1083181;4240;540;0;4
FR;4;2022-08-12;4;0;1;0;4;0;1;0;0;1081983;6851;1532;54;1083185;4240;541;0;4
FR;4;2022-08-13;1;0;0;0;1;0;0;0;0;1081984;6851;1532;54;1083186;4240;541;0;4
FR;4;2022-08-14;1;0;0;0;1;0;0;0;0;1081985;6851;1532;54;1083187;4240;541;0;4
FR;4;2022-08-15;1;2;3;0;1;2;3;0;0;1081986;6853;1535;54;1083188;4242;544;0;4
FR;4;2022-08-16;0;0;1;0;0;1;0;0;0;1081986;6853;1536;54;1083188;4243;544;0;4
FR;4;2022-08-17;3;0;0;0;3;0;0;0;0;1081989;6853;1536;54;1083191;4243;544;0;4
FR;4;2022-08-18;5;0;0;0;5;0;0;0;0;1081994;6853;1536;54;1083196;4243;544;0;4
FR;4;2022-08-19;5;0;0;0;5;0;0;0;0;1081999;6853;1536;54;1083201;4243;544;0;4
FR;4;2022-08-20;3;1;0;0;4;0;0;0;0;1082002;6854;1536;54;1083205;4243;544;0;4
FR;4;2022-08-21;1;0;0;0;1;0;0;0;0;1082003;6854;1536;54;1083206;4243;544;0;4
FR;4;2022-08-22;3;9;0;0;3;9;0;0;0;1082006;6863;1536;54;1083209;4252;544;0;4
FR;4;2022-08-23;3;3;3;0;3;4;2;0;0;1082009;6866;1539;54;1083212;4256;546;0;4
FR;4;2022-08-24;6;0;0;1;6;0;1;0;0;1082015;6866;1539;55;1083218;4256;547;0;4
FR;4;2022-08-25;1;3;2;0;1;4;1;0;0;1082016;6869;1541;55;1083219;4260;548;0;4
FR;4;2022-08-26;2;0;0;1;2;0;1;0;0;1082018;6869;1541;56;1083221;4260;549;0;4
FR;4;2022-08-27;1;0;0;0;1;0;0;0;0;1082019;6869;1541;56;1083222;4260;549;0;4
FR;4;2022-08-28;0;1;0;0;0;0;0;0;0;1082019;6870;1541;56;1083222;4260;549;0;4
FR;4;2022-08-29;8;0;0;0;8;0;0;0;0;1082027;6870;1541;56;1083230;4260;549;0;4
FR;4;2022-08-30;5;1;0;0;5;1;0;0;0;1082032;6871;1541;56;1083235;4261;549;0;4
FR;4;2022-08-31;2;1;0;0;2;1;0;0;0;1082034;6872;1541;56;1083237;4262;549;0;4
FR;4;2022-09-01;4;8;2;0;5;7;2;0;0;1082038;6880;1543;56;1083242;4269;551;0;4
FR;4;2022-09-02;2;2;1;0;3;2;0;0;0;1082040;6882;1544;56;1083245;4271;551;0;4
FR;4;2022-09-03;3;0;0;0;3;0;0;0;0;1082043;6882;1544;56;1083248;4271;551;0;4
FR;4;2022-09-04;1;0;0;0;1;0;0;0;0;1082044;6882;1544;56;1083249;4271;551;0;4
FR;4;2022-09-05;4;2;0;0;4;2;0;0;0;1082048;6884;1544;56;1083253;4273;551;0;4
FR;4;2022-09-06;1;0;0;0;1;0;0;0;0;1082049;6884;1544;56;1083254;4273;551;0;4
FR;4;2022-09-07;1;0;1;1;1;1;1;0;0;1082050;6884;1545;57;1083255;4274;552;0;4
FR;4;2022-09-08;3;0;0;0;3;0;0;0;0;1082053;6884;1545;57;1083258;4274;552;0;4
FR;4;2022-09-09;2;2;0;0;2;2;0;0;0;1082055;6886;1545;57;1083260;4276;552;0;4
FR;4;2022-09-10;0;1;0;3;0;2;2;0;0;1082055;6887;1545;60;1083260;4278;554;0;4
FR;4;2022-09-11;2;0;0;0;2;0;0;0;0;1082057;6887;1545;60;1083262;4278;554;0;4
FR;4;2022-09-12;1;1;1;0;1;1;1;0;0;1082058;6888;1546;60;1083263;4279;555;0;4
FR;4;2022-09-13;1;0;0;0;1;0;0;0;0;1082059;6888;1546;60;1083264;4279;555;0;4
FR;4;2022-09-14;4;0;0;0;4;0;0;0;0;1082063;6888;1546;60;1083268;4279;555;0;4
FR;4;2022-09-15;4;0;0;0;4;0;0;0;0;1082067;6888;1546;60;1083272;4279;555;0;4
FR;4;2022-09-16;1;0;0;0;1;0;0;0;0;1082068;6888;1546;60;1083273;4279;555;0;4
FR;4;2022-09-17;2;0;0;0;2;0;0;0;0;1082070;6888;1546;60;1083275;4279;555;0;4
FR;4;2022-09-18;0;1;0;0;0;1;0;0;0;1082070;6889;1546;60;1083275;4280;555;0;4
FR;4;2022-09-19;3;0;2;0;3;2;0;0;0;1082073;6889;1548;60;1083278;4282;555;0;4
FR;4;2022-09-20;4;0;0;0;4;0;0;0;0;1082077;6889;1548;60;1083282;4282;555;0;4
FR;4;2022-09-21;2;1;0;0;2;1;0;0;0;1082079;6890;1548;60;1083284;4283;555;0;4
FR;4;2022-09-22;2;1;0;0;2;1;0;0;0;1082081;6891;1548;60;1083286;4284;555;0;4
FR;4;2022-09-23;2;3;0;0;3;2;0;0;0;1082083;6894;1548;60;1083289;4286;555;0;4
FR;4;2022-09-24;1;0;0;0;1;0;0;0;0;1082084;6894;1548;60;1083290;4286;555;0;4
FR;4;2022-09-25;0;0;0;0;0;0;0;0;0;1082084;6894;1548;60;1083290;4286;555;0;4
FR;4;2022-09-26;2;0;1;0;2;0;1;0;0;1082086;6894;1549;60;1083292;4286;556;0;4
FR;4;2022-09-27;1;0;1;1;1;0;2;0;0;1082087;6894;1550;61;1083293;4286;558;0;4
FR;4;2022-09-28;3;0;2;0;3;2;0;0;0;1082090;6894;1552;61;1083296;4288;558;0;4
FR;4;2022-09-29;3;0;1;1;3;1;1;0;0;1082093;6894;1553;62;1083299;4289;559;0;4
FR;4;2022-09-30;1;1;0;0;1;1;0;0;0;1082094;6895;1553;62;1083300;4290;559;0;4
FR;4;2022-10-01;1;1;0;0;2;0;0;0;0;1082095;6896;1553;62;1083302;4290;559;0;4
FR;4;2022-10-02;0;1;0;0;0;1;0;0;0;1082095;6897;1553;62;1083302;4291;559;0;4
FR;4;2022-10-03;2;3;1;1;3;3;1;0;0;1082097;6900;1554;63;1083305;4294;560;0;4
FR;4;2022-10-04;3;0;0;0;3;0;0;0;0;1082100;6900;1554;63;1083308;4294;560;0;4
FR;4;2022-10-05;0;1;0;0;0;1;0;0;0;1082100;6901;1554;63;1083308;4295;560;0;4
FR;4;2022-10-06;2;0;0;0;2;0;0;0;0;1082102;6901;1554;63;1083310;4295;560;0;4
FR;4;2022-10-07;3;0;1;0;3;0;1;0;0;1082105;6901;1555;63;1083313;4295;561;0;4
FR;4;2022-10-08;4;1;0;0;4;0;0;0;0;1082109;6902;1555;63;1083317;4295;561;0;4
FR;4;2022-10-09;0;0;0;0;0;0;0;0;0;1082109;6902;1555;63;1083317;4295;561;0;4
FR;4;2022-10-10;5;0;2;3;5;2;1;0;2;1082114;6902;1557;66;1083322;4297;562;0;6
FR;4;2022-10-11;2;2;0;0;2;1;0;0;0;1082116;6904;1557;66;1083324;4298;562;0;6
FR;4;2022-10-12;1;0;0;0;1;0;0;0;0;1082117;6904;1557;66;1083325;4298;562;0;6
FR;4;2022-10-13;5;0;0;0;5;0;0;0;0;1082122;6904;1557;66;1083330;4298;562;0;6
FR;4;2022-10-14;1;0;0;0;1;0;0;0;0;1082123;6904;1557;66;1083331;4298;562;0;6
FR;4;2022-10-15;1;2;0;0;1;2;0;0;0;1082124;6906;1557;66;1083332;4300;562;0;6
FR;4;2022-10-16;0;0;0;0;0;0;0;0;0;1082124;6906;1557;66;1083332;4300;562;0;6
FR;4;2022-10-17;2;0;1;0;2;1;0;0;0;1082126;6906;1558;66;1083334;4301;562;0;6
FR;4;2022-10-18;1;0;0;1;1;0;1;0;0;1082127;6906;1558;67;1083335;4301;563;0;6
FR;4;2022-10-19;1;0;0;2;1;0;2;0;3;1082128;6906;1558;69;1083336;4301;565;0;9
FR;4;2022-10-20;4;1;0;0;4;1;0;0;0;1082132;6907;1558;69;1083340;4302;565;0;9
FR;4;2022-10-21;3;1;0;0;3;1;0;0;0;1082135;6908;1558;69;1083343;4303;565;0;9
FR;4;2022-10-22;1;0;0;0;1;0;0;0;0;1082136;6908;1558;69;1083344;4303;565;0;9
FR;4;2022-10-23;0;0;0;0;0;0;0;0;0;1082136;6908;1558;69;1083344;4303;565;0;9
FR;4;2022-10-24;3;0;0;0;3;0;0;0;0;1082139;6908;1558;69;1083347;4303;565;0;9
FR;4;2022-10-25;3;0;0;0;3;0;0;0;0;1082142;6908;1558;69;1083350;4303;565;0;9
FR;4;2022-10-26;2;1;0;0;2;1;0;0;0;1082144;6909;1558;69;1083352;4304;565;0;9
FR;4;2022-10-27;3;1;1;0;3;0;1;0;0;1082147;6910;1559;69;1083355;4304;566;0;9
FR;4;2022-10-28;0;0;0;0;0;0;0;0;0;1082147;6910;1559;69;1083355;4304;566;0;9
FR;4;2022-10-29;1;0;0;3;1;0;3;0;3;1082148;6910;1559;72;1083356;4304;569;0;12
FR;4;2022-10-30;1;0;0;0;1;0;0;0;0;1082149;6910;1559;72;1083357;4304;569;0;12
FR;4;2022-10-31;1;0;0;0;1;0;0;0;0;1082150;6910;1559;72;1083358;4304;569;0;12
FR;4;2022-11-01;1;6;0;0;1;6;0;0;0;1082151;6916;1559;72;1083359;4310;569;0;12
FR;4;2022-11-02;0;0;2;2;0;1;3;0;0;1082151;6916;1561;74;1083359;4311;572;0;12
FR;4;2022-11-03;1;0;0;0;1;0;0;0;0;1082152;6916;1561;74;1083360;4311;572;0;12
FR;4;2022-11-04;4;1;0;0;4;0;0;0;0;1082156;6917;1561;74;1083364;4311;572;0;12
FR;4;2022-11-05;0;0;0;0;0;0;0;0;0;1082156;6917;1561;74;1083364;4311;572;0;12
FR;4;2022-11-06;2;0;0;0;2;0;0;0;0;1082158;6917;1561;74;1083366;4311;572;0;12
FR;4;2022-11-07;2;0;0;0;2;0;0;0;0;1082160;6917;1561;74;1083368;4311;572;0;12
FR;4;2022-11-08;7;0;0;0;7;0;0;0;0;1082167;6917;1561;74;1083375;4311;572;0;12
FR;4;2022-11-09;0;0;0;0;0;0;0;0;0;1082167;6917;1561;74;1083375;4311;572;0;12
FR;4;2022-11-10;0;0;1;0;0;1;0;0;0;1082167;6917;1562;74;1083375;4312;572;0;12
FR;4;2022-11-11;1;0;0;0;1;0;0;0;0;1082168;6917;1562;74;1083376;4312;572;0;12
FR;4;2022-11-12;3;1;0;0;3;1;0;0;0;1082171;6918;1562;74;1083379;4313;572;0;12
FR;4;2022-11-13;2;0;0;0;2;0;0;0;0;1082173;6918;1562;74;1083381;4313;572;0;12
FR;4;2022-11-14;0;0;0;0;0;0;0;0;0;1082173;6918;1562;74;1083381;4313;572;0;12
FR;4;2022-11-15;3;1;0;0;3;1;0;0;0;1082176;6919;1562;74;1083384;4314;572;0;12
FR;4;2022-11-16;1;1;1;0;1;1;1;0;0;1082177;6920;1563;74;1083385;4315;573;0;12
FR;4;2022-11-17;0;2;0;0;0;2;0;0;0;1082177;6922;1563;74;1083385;4317;573;0;12
FR;4;2022-11-18;5;0;1;0;5;0;1;0;0;1082182;6922;1564;74;1083390;4317;574;0;12
FR;4;2022-11-19;0;0;0;0;0;0;0;0;0;1082182;6922;1564;74;1083390;4317;574;0;12
FR;4;2022-11-20;0;0;0;1;0;0;0;0;1;1082182;6922;1564;75;1083390;4317;574;0;13
FR;4;2022-11-21;0;0;0;0;0;0;0;0;0;1082182;6922;1564;75;1083390;4317;574;0;13
FR;4;2022-11-22;0;1;1;0;0;2;0;0;0;1082182;6923;1565;75;1083390;4319;574;0;13
FR;4;2022-11-23;1;0;0;0;1;0;0;0;1;1082183;6923;1565;75;1083391;4319;574;0;14
FR;4;2022-11-24;0;2;0;0;0;2;0;0;0;1082183;6925;1565;75;1083391;4321;574;0;14
FR;4;2022-11-25;3;4;0;0;3;4;0;0;0;1082186;6929;1565;75;1083394;4325;574;0;14
FR;4;2022-11-26;1;0;0;0;1;0;0;0;0;1082187;6929;1565;75;1083395;4325;574;0;14
FR;4;2022-11-27;0;0;0;0;0;0;0;0;0;1082187;6929;1565;75;1083395;4325;574;0;14
FR;4;2022-11-28;3;0;0;0;3;0;0;0;0;1082190;6929;1565;75;1083398;4325;574;0;14
FR;4;2022-11-29;3;0;0;0;3;0;0;0;0;1082193;6929;1565;75;1083401;4325;574;0;14
FR;4;2022-11-30;0;0;0;0;0;0;0;0;0;1082193;6929;1565;75;1083401;4325;574;0;14
FR;4;2022-12-01;1;2;2;0;2;2;1;0;0;1082194;6931;1567;75;1083403;4327;575;0;14
FR;4;2022-12-02;6;1;0;1;6;1;0;0;1;1082200;6932;1567;76;1083409;4328;575;0;15
FR;4;2022-12-03;1;0;0;0;1;0;0;0;0;1082201;6932;1567;76;1083410;4328;575;0;15
FR;4;2022-12-04;0;0;0;0;0;0;0;0;0;1082201;6932;1567;76;1083410;4328;575;0;15
FR;4;2022-12-05;2;1;0;0;2;1;0;0;0;1082203;6933;1567;76;1083412;4329;575;0;15
FR;4;2022-12-06;2;0;0;0;2;0;0;0;0;1082205;6933;1567;76;1083414;4329;575;0;15
FR;4;2022-12-07;2;3;1;0;2;4;0;0;0;1082207;6936;1568;76;1083416;4333;575;0;15
FR;4;2022-12-08;1;0;0;0;1;0;0;0;0;1082208;6936;1568;76;1083417;4333;575;0;15
FR;4;2022-12-09;2;0;1;0;2;0;1;0;0;1082210;6936;1569;76;1083419;4333;576;0;15
FR;4;2022-12-10;1;0;0;0;1;0;0;0;0;1082211;6936;1569;76;1083420;4333;576;0;15
FR;4;2022-12-11;0;0;0;0;0;0;0;0;0;1082211;6936;1569;76;1083420;4333;576;0;15
FR;4;2022-12-12;1;1;0;5;1;1;5;0;0;1082212;6937;1569;81;1083421;4334;581;0;15
FR;4;2022-12-13;1;0;0;0;1;0;0;0;0;1082213;6937;1569;81;1083422;4334;581;0;15
FR;4;2022-12-14;0;0;0;0;0;0;0;0;0;1082213;6937;1569;81;1083422;4334;581;0;15
FR;4;2022-12-15;1;1;0;0;1;1;0;0;0;1082214;6938;1569;81;1083423;4335;581;0;15
FR;4;2022-12-16;2;0;0;0;2;0;0;0;0;1082216;6938;1569;81;1083425;4335;581;0;15
FR;4;2022-12-17;0;0;1;0;0;0;1;0;0;1082216;6938;1570;81;1083425;4335;582;0;15
FR;4;2022-12-18;1;0;0;0;1;0;0;0;0;1082217;6938;1570;81;1083426;4335;582;0;15
FR;4;2022-12-19;1;0;0;0;1;0;0;0;0;1082218;6938;1570;81;1083427;4335;582;0;15
FR;4;2022-12-20;4;2;0;0;5;1;0;0;0;1082222;6940;1570;81;1083432;4336;582;0;15
FR;4;2022-12-21;3;0;0;0;3;0;0;0;0;1082225;6940;1570;81;1083435;4336;582;0;15
FR;4;2022-12-22;2;1;0;0;2;1;0;0;0;1082227;6941;1570;81;1083437;4337;582;0;15
FR;4;2022-12-23;3;0;0;0;3;0;0;0;0;1082230;6941;1570;81;1083440;4337;582;0;15
FR;4;2022-12-24;0;0;1;0;0;1;0;0;0;1082230;6941;1571;81;1083440;4338;582;0;15
FR;4;2022-12-25;0;0;0;0;0;0;0;0;0;1082230;6941;1571;81;1083440;4338;582;0;15
FR;4;2022-12-26;1;2;0;0;1;1;0;0;0;1082231;6943;1571;81;1083441;4339;582;0;15
FR;4;2022-12-27;1;0;0;0;1;0;0;0;0;1082232;6943;1571;81;1083442;4339;582;0;15
FR;4;2022-12-28;0;0;0;0;0;0;0;0;0;1082232;6943;1571;81;1083442;4339;582;0;15
FR;4;2022-12-29;0;1;0;0;1;0;0;0;0;1082232;6944;1571;81;1083443;4339;582;0;15
FR;4;2022-12-30;1;0;0;0;1;0;0;0;0;1082233;6944;1571;81;1083444;4339;582;0;15
FR;4;2022-12-31;0;0;0;0;0;0;0;0;0;1082233;6944;1571;81;1083444;4339;582;0;15
FR;4;2023-01-01;0;0;0;0;0;0;0;0;0;1082233;6944;1571;81;1083444;4339;582;0;15
FR;4;2023-01-02;1;0;2;0;1;1;1;0;0;1082234;6944;1573;81;1083445;4340;583;0;15
FR;4;2023-01-03;1;1;0;0;1;1;0;0;0;1082235;6945;1573;81;1083446;4341;583;0;15
FR;4;2023-01-04;0;0;0;0;0;0;0;0;0;1082235;6945;1573;81;1083446;4341;583;0;15
FR;4;2023-01-05;0;0;0;0;0;0;0;0;0;1082235;6945;1573;81;1083446;4341;583;0;15
FR;4;2023-01-06;1;1;3;0;1;4;0;0;0;1082236;6946;1576;81;1083447;4345;583;0;15
FR;4;2023-01-07;1;0;0;0;1;0;0;0;0;1082237;6946;1576;81;1083448;4345;583;0;15
FR;4;2023-01-08;1;0;0;0;1;0;0;0;0;1082238;6946;1576;81;1083449;4345;583;0;15
FR;4;2023-01-09;1;0;0;0;1;0;0;0;0;1082239;6946;1576;81;1083450;4345;583;0;15
FR;4;2023-01-10;2;0;0;0;2;0;0;0;0;1082241;6946;1576;81;1083452;4345;583;0;15
FR;4;2023-01-11;0;0;0;0;0;0;0;0;0;1082241;6946;1576;81;1083452;4345;583;0;15
FR;4;2023-01-12;2;2;0;0;2;2;0;0;0;1082243;6948;1576;81;1083454;4347;583;0;15
FR;4;2023-01-13;3;0;2;0;3;0;2;0;0;1082246;6948;1578;81;1083457;4347;585;0;15
FR;4;2023-01-14;0;0;1;0;0;0;1;0;0;1082246;6948;1579;81;1083457;4347;586;0;15
FR;4;2023-01-15;0;0;0;0;0;0;0;0;0;1082246;6948;1579;81;1083457;4347;586;0;15
FR;4;2023-01-16;2;0;0;0;2;0;0;0;0;1082248;6948;1579;81;1083459;4347;586;0;15
FR;4;2023-01-17;2;0;0;0;2;0;0;0;0;1082250;6948;1579;81;1083461;4347;586;0;15
FR;4;2023-01-18;3;0;0;0;3;0;0;0;0;1082253;6948;1579;81;1083464;4347;586;0;15
FR;4;2023-01-19;1;0;0;2;1;0;0;0;0;1082254;6948;1579;83;1083465;4347;586;0;15
FR;4;2023-01-20;0;0;0;0;0;0;0;0;0;1082254;6948;1579;83;1083465;4347;586;0;15
FR;4;2023-01-21;0;0;0;0;0;0;0;0;0;1082254;6948;1579;83;1083465;4347;586;0;15
FR;4;2023-01-22;0;0;0;0;0;0;0;0;0;1082254;6948;1579;83;1083465;4347;586;0;15
FR;4;2023-01-23;1;0;0;0;1;0;0;0;0;1082255;6948;1579;83;1083466;4347;586;0;15
FR;4;2023-01-24;2;1;0;0;2;1;0;0;0;1082257;6949;1579;83;1083468;4348;586;0;15
FR;4;2023-01-25;6;0;0;0;6;0;0;0;0;1082263;6949;1579;83;1083474;4348;586;0;15
FR;4;2023-01-26;0;0;0;0;0;0;0;0;0;1082263;6949;1579;83;1083474;4348;586;0;15
FR;4;2023-01-27;0;0;0;0;0;0;0;0;0;1082263;6949;1579;83;1083474;4348;586;0;15
FR;4;2023-01-28;0;0;0;0;0;0;0;0;0;1082263;6949;1579;83;1083474;4348;586;0;15
FR;4;2023-01-29;0;0;0;0;0;0;0;0;0;1082263;6949;1579;83;1083474;4348;586;0;15
FR;4;2023-01-30;0;0;0;0;0;0;0;0;0;1082263;6949;1579;83;1083474;4348;586;0;15
FR;4;2023-01-31;0;0;0;0;0;0;0;0;0;1082263;6949;1579;83;1083474;4348;586;0;15
FR;4;2023-02-01;0;0;0;0;0;0;0;0;0;1082263;6949;1579;83;1083474;4348;586;0;15
FR;4;2023-02-02;2;2;2;1;2;3;1;0;0;1082265;6951;1581;84;1083476;4351;587;0;15
FR;4;2023-02-03;0;0;0;0;0;0;0;0;0;1082265;6951;1581;84;1083476;4351;587;0;15
FR;4;2023-02-04;1;0;0;0;1;0;0;0;0;1082266;6951;1581;84;1083477;4351;587;0;15
FR;4;2023-02-05;0;0;0;0;0;0;0;0;0;1082266;6951;1581;84;1083477;4351;587;0;15
FR;4;2023-02-06;1;0;0;0;1;0;0;0;0;1082267;6951;1581;84;1083478;4351;587;0;15
FR;4;2023-02-07;2;0;0;0;2;0;0;0;0;1082269;6951;1581;84;1083480;4351;587;0;15
FR;4;2023-02-08;2;1;0;0;2;0;0;0;0;1082271;6952;1581;84;1083482;4351;587;0;15
FR;4;2023-02-09;1;1;0;0;1;1;0;0;0;1082272;6953;1581;84;1083483;4352;587;0;15
FR;4;2023-02-10;4;1;0;0;4;0;0;0;0;1082276;6954;1581;84;1083487;4352;587;0;15
FR;4;2023-02-11;1;0;0;0;1;0;0;0;0;1082277;6954;1581;84;1083488;4352;587;0;15
FR;4;2023-02-12;0;0;0;0;0;0;0;0;0;1082277;6954;1581;84;1083488;4352;587;0;15
FR;4;2023-02-13;2;0;0;0;2;0;0;0;0;1082279;6954;1581;84;1083490;4352;587;0;15
FR;4;2023-02-14;0;2;0;0;2;0;0;0;0;1082279;6956;1581;84;1083492;4352;587;0;15
FR;4;2023-02-15;2;0;0;0;2;0;0;0;0;1082281;6956;1581;84;1083494;4352;587;0;15
FR;4;2023-02-16;1;1;0;0;1;1;0;0;0;1082282;6957;1581;84;1083495;4353;587;0;15
FR;4;2023-02-17;1;0;0;0;1;0;0;0;0;1082283;6957;1581;84;1083496;4353;587;0;15
FR;4;2023-02-18;0;1;0;0;0;1;0;0;0;1082283;6958;1581;84;1083496;4354;587;0;15
FR;4;2023-02-19;0;0;0;0;0;0;0;0;0;1082283;6958;1581;84;1083496;4354;587;0;15
FR;4;2023-02-20;1;0;0;0;1;0;0;0;0;1082284;6958;1581;84;1083497;4354;587;0;15
FR;4;2023-02-21;1;0;0;0;1;0;0;0;0;1082285;6958;1581;84;1083498;4354;587;0;15
FR;4;2023-02-22;0;0;0;0;0;0;0;0;0;1082285;6958;1581;84;1083498;4354;587;0;15
FR;4;2023-02-23;0;0;0;0;0;0;0;0;0;1082285;6958;1581;84;1083498;4354;587;0;15
FR;4;2023-02-24;1;0;0;0;1;0;0;0;0;1082286;6958;1581;84;1083499;4354;587;0;15
FR;4;2023-02-25;1;1;0;0;1;1;0;0;0;1082287;6959;1581;84;1083500;4355;587;0;15
FR;4;2023-02-26;0;0;0;0;0;0;0;0;0;1082287;6959;1581;84;1083500;4355;587;0;15
FR;4;2023-02-27;0;0;0;0;0;0;0;0;0;1082287;6959;1581;84;1083500;4355;587;0;15
FR;4;2023-02-28;0;0;0;0;0;0;0;0;0;1082287;6959;1581;84;1083500;4355;587;0;15
FR;4;2023-03-01;0;0;0;0;0;0;0;0;0;1082287;6959;1581;84;1083500;4355;587;0;15
FR;4;2023-03-02;1;0;2;0;1;0;2;0;0;1082288;6959;1583;84;1083501;4355;589;0;15
FR;4;2023-03-03;0;0;0;0;0;0;0;0;0;1082288;6959;1583;84;1083501;4355;589;0;15
FR;4;2023-03-04;0;0;0;0;0;0;0;0;0;1082288;6959;1583;84;1083501;4355;589;0;15
FR;4;2023-03-05;0;0;0;0;0;0;0;0;0;1082288;6959;1583;84;1083501;4355;589;0;15
FR;4;2023-03-06;0;0;0;0;0;0;0;0;0;1082288;6959;1583;84;1083501;4355;589;0;15
FR;4;2023-03-07;0;0;0;0;0;0;0;0;0;1082288;6959;1583;84;1083501;4355;589;0;15
FR;4;2023-03-08;0;0;0;0;0;0;0;0;0;1082288;6959;1583;84;1083501;4355;589;0;15
FR;4;2023-03-09;0;0;0;0;0;0;0;0;0;1082288;6959;1583;84;1083501;4355;589;0;15
FR;4;2023-03-10;1;0;0;0;1;0;0;0;0;1082289;6959;1583;84;1083502;4355;589;0;15
FR;4;2023-03-11;0;0;0;0;0;0;0;0;0;1082289;6959;1583;84;1083502;4355;589;0;15
FR;4;2023-03-12;0;0;0;0;0;0;0;0;0;1082289;6959;1583;84;1083502;4355;589;0;15
FR;4;2023-03-13;0;0;0;0;0;0;0;0;0;1082289;6959;1583;84;1083502;4355;589;0;15
FR;4;2023-03-14;0;0;0;0;0;0;0;0;0;1082289;6959;1583;84;1083502;4355;589;0;15
FR;4;2023-03-15;1;0;0;0;1;0;0;0;0;1082290;6959;1583;84;1083503;4355;589;0;15
FR;4;2023-03-16;1;0;0;0;1;0;0;0;0;1082291;6959;1583;84;1083504;4355;589;0;15
FR;5;2020-12-27;0;0;0;0;0;0;0;0;0;0;0;0;0;0;0;0;0;0
FR;5;2020-12-28;0;0;0;0;0;0;0;0;0;0;0;0;0;0;0;0;0;0
FR;5;2020-12-29;0;0;0;0;0;0;0;0;0;0;0;0;0;0;0;0;0;0
FR;5;2020-12-30;0;0;0;0;0;0;0;0;0;0;0;0;0;0;0;0;0;0
FR;5;2020-12-31;0;0;0;0;0;0;0;0;0;0;0;0;0;0;0;0;0;0
FR;5;2021-01-01;0;0;0;0;0;0;0;0;0;0;0;0;0;0;0;0;0;0
FR;5;2021-01-02;0;0;0;0;0;0;0;0;0;0;0;0;0;0;0;0;0;0
FR;5;2021-01-03;0;0;0;0;0;0;0;0;0;0;0;0;0;0;0;0;0;0
FR;5;2021-01-04;0;0;0;0;0;0;0;0;0;0;0;0;0;0;0;0;0;0
FR;5;2021-01-05;0;0;0;0;0;0;0;0;0;0;0;0;0;0;0;0;0;0
FR;5;2021-01-06;0;0;0;0;0;0;0;0;0;0;0;0;0;0;0;0;0;0
FR;5;2021-01-07;0;0;0;0;0;0;0;0;0;0;0;0;0;0;0;0;0;0
FR;5;2021-01-08;0;0;0;0;0;0;0;0;0;0;0;0;0;0;0;0;0;0
FR;5;2021-01-09;0;0;0;0;0;0;0;0;0;0;0;0;0;0;0;0;0;0
FR;5;2021-01-10;0;0;0;0;0;0;0;0;0;0;0;0;0;0;0;0;0;0
FR;5;2021-01-11;0;0;0;0;0;0;0;0;0;0;0;0;0;0;0;0;0;0
FR;5;2021-01-12;0;0;0;0;0;0;0;0;0;0;0;0;0;0;0;0;0;0
FR;5;2021-01-13;0;0;0;0;0;0;0;0;0;0;0;0;0;0;0;0;0;0
FR;5;2021-01-14;0;0;0;0;0;0;0;0;0;0;0;0;0;0;0;0;0;0
FR;5;2021-01-15;0;0;0;0;0;0;0;0;0;0;0;0;0;0;0;0;0;0
FR;5;2021-01-16;0;0;0;0;0;0;0;0;0;0;0;0;0;0;0;0;0;0
FR;5;2021-01-17;0;0;0;0;0;0;0;0;0;0;0;0;0;0;0;0;0;0
FR;5;2021-01-18;0;0;0;0;0;0;0;0;0;0;0;0;0;0;0;0;0;0
FR;5;2021-01-19;0;0;0;0;0;0;0;0;0;0;0;0;0;0;0;0;0;0
FR;5;2021-01-20;0;0;0;0;0;0;0;0;0;0;0;0;0;0;0;0;0;0
FR;5;2021-01-21;0;0;0;0;0;0;0;0;0;0;0;0;0;0;0;0;0;0
FR;5;2021-01-22;0;0;0;0;0;0;0;0;0;0;0;0;0;0;0;0;0;0
FR;5;2021-01-23;0;0;0;0;0;0;0;0;0;0;0;0;0;0;0;0;0;0
FR;5;2021-01-24;0;0;0;0;0;0;0;0;0;0;0;0;0;0;0;0;0;0
FR;5;2021-01-25;0;0;0;0;0;0;0;0;0;0;0;0;0;0;0;0;0;0
FR;5;2021-01-26;0;0;0;0;0;0;0;0;0;0;0;0;0;0;0;0;0;0
FR;5;2021-01-27;0;0;0;0;0;0;0;0;0;0;0;0;0;0;0;0;0;0
FR;5;2021-01-28;0;0;0;0;0;0;0;0;0;0;0;0;0;0;0;0;0;0
FR;5;2021-01-29;0;0;0;0;0;0;0;0;0;0;0;0;0;0;0;0;0;0
FR;5;2021-01-30;0;0;0;0;0;0;0;0;0;0;0;0;0;0;0;0;0;0
FR;5;2021-01-31;0;0;0;0;0;0;0;0;0;0;0;0;0;0;0;0;0;0
FR;5;2021-02-01;0;0;0;0;0;0;0;0;0;0;0;0;0;0;0;0;0;0
FR;5;2021-02-02;0;0;0;0;0;0;0;0;0;0;0;0;0;0;0;0;0;0
FR;5;2021-02-03;0;0;0;0;0;0;0;0;0;0;0;0;0;0;0;0;0;0
FR;5;2021-02-04;0;0;0;0;0;0;0;0;0;0;0;0;0;0;0;0;0;0
FR;5;2021-02-05;0;0;0;0;0;0;0;0;0;0;0;0;0;0;0;0;0;0
FR;5;2021-02-06;0;0;0;0;0;0;0;0;0;0;0;0;0;0;0;0;0;0
FR;5;2021-02-07;0;0;0;0;0;0;0;0;0;0;0;0;0;0;0;0;0;0
FR;5;2021-02-08;0;0;0;0;0;0;0;0;0;0;0;0;0;0;0;0;0;0
FR;5;2021-02-09;0;0;0;0;0;0;0;0;0;0;0;0;0;0;0;0;0;0
FR;5;2021-02-10;0;0;0;0;0;0;0;0;0;0;0;0;0;0;0;0;0;0
FR;5;2021-02-11;0;0;0;0;0;0;0;0;0;0;0;0;0;0;0;0;0;0
FR;5;2021-02-12;0;0;0;0;0;0;0;0;0;0;0;0;0;0;0;0;0;0
FR;5;2021-02-13;0;0;0;0;0;0;0;0;0;0;0;0;0;0;0;0;0;0
FR;5;2021-02-14;0;0;0;0;0;0;0;0;0;0;0;0;0;0;0;0;0;0
FR;5;2021-02-15;0;0;0;0;0;0;0;0;0;0;0;0;0;0;0;0;0;0
FR;5;2021-02-16;0;0;0;0;0;0;0;0;0;0;0;0;0;0;0;0;0;0
FR;5;2021-02-17;0;0;0;0;0;0;0;0;0;0;0;0;0;0;0;0;0;0
FR;5;2021-02-18;0;0;0;0;0;0;0;0;0;0;0;0;0;0;0;0;0;0
FR;5;2021-02-19;0;0;0;0;0;0;0;0;0;0;0;0;0;0;0;0;0;0
FR;5;2021-02-20;0;0;0;0;0;0;0;0;0;0;0;0;0;0;0;0;0;0
FR;5;2021-02-21;0;0;0;0;0;0;0;0;0;0;0;0;0;0;0;0;0;0
FR;5;2021-02-22;0;0;0;0;0;0;0;0;0;0;0;0;0;0;0;0;0;0
FR;5;2021-02-23;0;0;0;0;0;0;0;0;0;0;0;0;0;0;0;0;0;0
FR;5;2021-02-24;0;0;0;0;0;0;0;0;0;0;0;0;0;0;0;0;0;0
FR;5;2021-02-25;0;0;0;0;0;0;0;0;0;0;0;0;0;0;0;0;0;0
FR;5;2021-02-26;0;0;0;0;0;0;0;0;0;0;0;0;0;0;0;0;0;0
FR;5;2021-02-27;0;0;0;0;0;0;0;0;0;0;0;0;0;0;0;0;0;0
FR;5;2021-02-28;0;0;0;0;0;0;0;0;0;0;0;0;0;0;0;0;0;0
FR;5;2021-03-01;0;0;0;0;0;0;0;0;0;0;0;0;0;0;0;0;0;0
FR;5;2021-03-02;0;0;0;0;0;0;0;0;0;0;0;0;0;0;0;0;0;0
FR;5;2021-03-03;0;0;0;0;0;0;0;0;0;0;0;0;0;0;0;0;0;0
FR;5;2021-03-04;0;0;0;0;0;0;0;0;0;0;0;0;0;0;0;0;0;0
FR;5;2021-03-05;0;0;0;0;0;0;0;0;0;0;0;0;0;0;0;0;0;0
FR;5;2021-03-06;0;0;0;0;0;0;0;0;0;0;0;0;0;0;0;0;0;0
FR;5;2021-03-07;0;0;0;0;0;0;0;0;0;0;0;0;0;0;0;0;0;0
FR;5;2021-03-08;0;0;0;0;0;0;0;0;0;0;0;0;0;0;0;0;0;0
FR;5;2021-03-09;0;0;0;0;0;0;0;0;0;0;0;0;0;0;0;0;0;0
FR;5;2021-03-10;0;0;0;0;0;0;0;0;0;0;0;0;0;0;0;0;0;0
FR;5;2021-03-11;0;0;0;0;0;0;0;0;0;0;0;0;0;0;0;0;0;0
FR;5;2021-03-12;0;0;0;0;0;0;0;0;0;0;0;0;0;0;0;0;0;0
FR;5;2021-03-13;0;0;0;0;0;0;0;0;0;0;0;0;0;0;0;0;0;0
FR;5;2021-03-14;0;0;0;0;0;0;0;0;0;0;0;0;0;0;0;0;0;0
FR;5;2021-03-15;0;0;0;0;0;0;0;0;0;0;0;0;0;0;0;0;0;0
FR;5;2021-03-16;0;0;0;0;0;0;0;0;0;0;0;0;0;0;0;0;0;0
FR;5;2021-03-17;0;0;0;0;0;0;0;0;0;0;0;0;0;0;0;0;0;0
FR;5;2021-03-18;0;0;0;0;0;0;0;0;0;0;0;0;0;0;0;0;0;0
FR;5;2021-03-19;0;0;0;0;0;0;0;0;0;0;0;0;0;0;0;0;0;0
FR;5;2021-03-20;0;0;0;0;0;0;0;0;0;0;0;0;0;0;0;0;0;0
FR;5;2021-03-21;0;0;0;0;0;0;0;0;0;0;0;0;0;0;0;0;0;0
FR;5;2021-03-22;0;0;0;0;0;0;0;0;0;0;0;0;0;0;0;0;0;0
FR;5;2021-03-23;0;0;0;0;0;0;0;0;0;0;0;0;0;0;0;0;0;0
FR;5;2021-03-24;0;0;0;0;0;0;0;0;0;0;0;0;0;0;0;0;0;0
FR;5;2021-03-25;0;0;0;0;0;0;0;0;0;0;0;0;0;0;0;0;0;0
FR;5;2021-03-26;0;0;0;0;0;0;0;0;0;0;0;0;0;0;0;0;0;0
FR;5;2021-03-27;0;0;0;0;0;0;0;0;0;0;0;0;0;0;0;0;0;0
FR;5;2021-03-28;0;0;0;0;0;0;0;0;0;0;0;0;0;0;0;0;0;0
FR;5;2021-03-29;0;0;0;0;0;0;0;0;0;0;0;0;0;0;0;0;0;0
FR;5;2021-03-30;0;0;0;0;0;0;0;0;0;0;0;0;0;0;0;0;0;0
FR;5;2021-03-31;0;0;0;0;0;0;0;0;0;0;0;0;0;0;0;0;0;0
FR;5;2021-04-01;0;0;0;0;0;0;0;0;0;0;0;0;0;0;0;0;0;0
FR;5;2021-04-02;0;0;0;0;0;0;0;0;0;0;0;0;0;0;0;0;0;0
FR;5;2021-04-03;0;0;0;0;0;0;0;0;0;0;0;0;0;0;0;0;0;0
FR;5;2021-04-04;0;0;0;0;0;0;0;0;0;0;0;0;0;0;0;0;0;0
FR;5;2021-04-05;0;0;0;0;0;0;0;0;0;0;0;0;0;0;0;0;0;0
FR;5;2021-04-06;0;0;0;0;0;0;0;0;0;0;0;0;0;0;0;0;0;0
FR;5;2021-04-07;0;0;0;0;0;0;0;0;0;0;0;0;0;0;0;0;0;0
FR;5;2021-04-08;0;0;0;0;0;0;0;0;0;0;0;0;0;0;0;0;0;0
FR;5;2021-04-09;0;0;0;0;0;0;0;0;0;0;0;0;0;0;0;0;0;0
FR;5;2021-04-10;0;0;0;0;0;0;0;0;0;0;0;0;0;0;0;0;0;0
FR;5;2021-04-11;0;0;0;0;0;0;0;0;0;0;0;0;0;0;0;0;0;0
FR;5;2021-04-12;0;0;0;0;0;0;0;0;0;0;0;0;0;0;0;0;0;0
FR;5;2021-04-13;0;0;0;0;0;0;0;0;0;0;0;0;0;0;0;0;0;0
FR;5;2021-04-14;0;0;0;0;0;0;0;0;0;0;0;0;0;0;0;0;0;0
FR;5;2021-04-15;0;0;0;0;0;0;0;0;0;0;0;0;0;0;0;0;0;0
FR;5;2021-04-16;0;0;0;0;0;0;0;0;0;0;0;0;0;0;0;0;0;0
FR;5;2021-04-17;0;0;0;0;0;0;0;0;0;0;0;0;0;0;0;0;0;0
FR;5;2021-04-18;0;0;0;0;0;0;0;0;0;0;0;0;0;0;0;0;0;0
FR;5;2021-04-19;0;0;0;0;0;0;0;0;0;0;0;0;0;0;0;0;0;0
FR;5;2021-04-20;0;0;0;0;0;0;0;0;0;0;0;0;0;0;0;0;0;0
FR;5;2021-04-21;0;0;0;0;0;0;0;0;0;0;0;0;0;0;0;0;0;0
FR;5;2021-04-22;0;0;0;0;0;0;0;0;0;0;0;0;0;0;0;0;0;0
FR;5;2021-04-23;0;0;0;0;0;0;0;0;0;0;0;0;0;0;0;0;0;0
FR;5;2021-04-24;0;0;0;0;0;0;0;0;0;0;0;0;0;0;0;0;0;0
FR;5;2021-04-25;0;0;0;0;0;0;0;0;0;0;0;0;0;0;0;0;0;0
FR;5;2021-04-26;0;0;0;0;0;0;0;0;0;0;0;0;0;0;0;0;0;0
FR;5;2021-04-27;0;0;0;0;0;0;0;0;0;0;0;0;0;0;0;0;0;0
FR;5;2021-04-28;0;0;0;0;0;0;0;0;0;0;0;0;0;0;0;0;0;0
FR;5;2021-04-29;0;0;0;0;0;0;0;0;0;0;0;0;0;0;0;0;0;0
FR;5;2021-04-30;0;0;0;0;0;0;0;0;0;0;0;0;0;0;0;0;0;0
FR;5;2021-05-01;0;0;0;0;0;0;0;0;0;0;0;0;0;0;0;0;0;0
FR;5;2021-05-02;0;0;0;0;0;0;0;0;0;0;0;0;0;0;0;0;0;0
FR;5;2021-05-03;0;0;0;0;0;0;0;0;0;0;0;0;0;0;0;0;0;0
FR;5;2021-05-04;0;0;0;0;0;0;0;0;0;0;0;0;0;0;0;0;0;0
FR;5;2021-05-05;0;0;0;0;0;0;0;0;0;0;0;0;0;0;0;0;0;0
FR;5;2021-05-06;0;0;0;0;0;0;0;0;0;0;0;0;0;0;0;0;0;0
FR;5;2021-05-07;0;0;0;0;0;0;0;0;0;0;0;0;0;0;0;0;0;0
FR;5;2021-05-08;0;0;0;0;0;0;0;0;0;0;0;0;0;0;0;0;0;0
FR;5;2021-05-09;0;0;0;0;0;0;0;0;0;0;0;0;0;0;0;0;0;0
FR;5;2021-05-10;0;0;0;0;0;0;0;0;0;0;0;0;0;0;0;0;0;0
FR;5;2021-05-11;0;0;0;0;0;0;0;0;0;0;0;0;0;0;0;0;0;0
FR;5;2021-05-12;0;0;0;0;0;0;0;0;0;0;0;0;0;0;0;0;0;0
FR;5;2021-05-13;0;0;0;0;0;0;0;0;0;0;0;0;0;0;0;0;0;0
FR;5;2021-05-14;0;0;0;0;0;0;0;0;0;0;0;0;0;0;0;0;0;0
FR;5;2021-05-15;0;0;0;0;0;0;0;0;0;0;0;0;0;0;0;0;0;0
FR;5;2021-05-16;0;0;0;0;0;0;0;0;0;0;0;0;0;0;0;0;0;0
FR;5;2021-05-17;0;0;0;0;0;0;0;0;0;0;0;0;0;0;0;0;0;0
FR;5;2021-05-18;0;0;0;0;0;0;0;0;0;0;0;0;0;0;0;0;0;0
FR;5;2021-05-19;0;0;0;0;0;0;0;0;0;0;0;0;0;0;0;0;0;0
FR;5;2021-05-20;0;0;0;0;0;0;0;0;0;0;0;0;0;0;0;0;0;0
FR;5;2021-05-21;0;0;0;0;0;0;0;0;0;0;0;0;0;0;0;0;0;0
FR;5;2021-05-22;0;0;0;0;0;0;0;0;0;0;0;0;0;0;0;0;0;0
FR;5;2021-05-23;0;0;0;0;0;0;0;0;0;0;0;0;0;0;0;0;0;0
FR;5;2021-05-24;0;0;0;0;0;0;0;0;0;0;0;0;0;0;0;0;0;0
FR;5;2021-05-25;0;0;0;0;0;0;0;0;0;0;0;0;0;0;0;0;0;0
FR;5;2021-05-26;0;0;0;0;0;0;0;0;0;0;0;0;0;0;0;0;0;0
FR;5;2021-05-27;0;0;0;0;0;0;0;0;0;0;0;0;0;0;0;0;0;0
FR;5;2021-05-28;0;0;0;0;0;0;0;0;0;0;0;0;0;0;0;0;0;0
FR;5;2021-05-29;0;0;0;0;0;0;0;0;0;0;0;0;0;0;0;0;0;0
FR;5;2021-05-30;0;0;0;0;0;0;0;0;0;0;0;0;0;0;0;0;0;0
FR;5;2021-05-31;0;0;0;0;0;0;0;0;0;0;0;0;0;0;0;0;0;0
FR;5;2021-06-01;0;0;0;0;0;0;0;0;0;0;0;0;0;0;0;0;0;0
FR;5;2021-06-02;0;0;0;0;0;0;0;0;0;0;0;0;0;0;0;0;0;0
FR;5;2021-06-03;0;0;0;0;0;0;0;0;0;0;0;0;0;0;0;0;0;0
FR;5;2021-06-04;0;0;0;0;0;0;0;0;0;0;0;0;0;0;0;0;0;0
FR;5;2021-06-05;0;0;0;0;0;0;0;0;0;0;0;0;0;0;0;0;0;0
FR;5;2021-06-06;0;0;0;0;0;0;0;0;0;0;0;0;0;0;0;0;0;0
FR;5;2021-06-07;0;0;0;0;0;0;0;0;0;0;0;0;0;0;0;0;0;0
FR;5;2021-06-08;0;0;0;0;0;0;0;0;0;0;0;0;0;0;0;0;0;0
FR;5;2021-06-09;0;0;0;0;0;0;0;0;0;0;0;0;0;0;0;0;0;0
FR;5;2021-06-10;0;0;0;0;0;0;0;0;0;0;0;0;0;0;0;0;0;0
FR;5;2021-06-11;0;0;0;0;0;0;0;0;0;0;0;0;0;0;0;0;0;0
FR;5;2021-06-12;0;0;0;0;0;0;0;0;0;0;0;0;0;0;0;0;0;0
FR;5;2021-06-13;0;0;0;0;0;0;0;0;0;0;0;0;0;0;0;0;0;0
FR;5;2021-06-14;0;0;0;0;0;0;0;0;0;0;0;0;0;0;0;0;0;0
FR;5;2021-06-15;0;0;0;0;0;0;0;0;0;0;0;0;0;0;0;0;0;0
FR;5;2021-06-16;0;0;0;0;0;0;0;0;0;0;0;0;0;0;0;0;0;0
FR;5;2021-06-17;0;0;0;0;0;0;0;0;0;0;0;0;0;0;0;0;0;0
FR;5;2021-06-18;0;0;0;0;0;0;0;0;0;0;0;0;0;0;0;0;0;0
FR;5;2021-06-19;0;0;0;0;0;0;0;0;0;0;0;0;0;0;0;0;0;0
FR;5;2021-06-20;0;0;0;0;0;0;0;0;0;0;0;0;0;0;0;0;0;0
FR;5;2021-06-21;0;0;0;0;0;0;0;0;0;0;0;0;0;0;0;0;0;0
FR;5;2021-06-22;0;0;0;0;0;0;0;0;0;0;0;0;0;0;0;0;0;0
FR;5;2021-06-23;0;0;0;0;0;0;0;0;0;0;0;0;0;0;0;0;0;0
FR;5;2021-06-24;0;0;0;0;0;0;0;0;0;0;0;0;0;0;0;0;0;0
FR;5;2021-06-25;0;0;0;0;0;0;0;0;0;0;0;0;0;0;0;0;0;0
FR;5;2021-06-26;0;0;0;0;0;0;0;0;0;0;0;0;0;0;0;0;0;0
FR;5;2021-06-27;0;0;0;0;0;0;0;0;0;0;0;0;0;0;0;0;0;0
FR;5;2021-06-28;0;0;0;0;0;0;0;0;0;0;0;0;0;0;0;0;0;0
FR;5;2021-06-29;0;0;0;0;0;0;0;0;0;0;0;0;0;0;0;0;0;0
FR;5;2021-06-30;0;0;0;0;0;0;0;0;0;0;0;0;0;0;0;0;0;0
FR;5;2021-07-01;0;0;0;0;0;0;0;0;0;0;0;0;0;0;0;0;0;0
FR;5;2021-07-02;0;0;0;0;0;0;0;0;0;0;0;0;0;0;0;0;0;0
FR;5;2021-07-03;0;0;0;0;0;0;0;0;0;0;0;0;0;0;0;0;0;0
FR;5;2021-07-04;0;0;0;0;0;0;0;0;0;0;0;0;0;0;0;0;0;0
FR;5;2021-07-05;0;0;0;0;0;0;0;0;0;0;0;0;0;0;0;0;0;0
FR;5;2021-07-06;0;0;0;0;0;0;0;0;0;0;0;0;0;0;0;0;0;0
FR;5;2021-07-07;0;0;0;0;0;0;0;0;0;0;0;0;0;0;0;0;0;0
FR;5;2021-07-08;0;0;0;0;0;0;0;0;0;0;0;0;0;0;0;0;0;0
FR;5;2021-07-09;0;0;0;0;0;0;0;0;0;0;0;0;0;0;0;0;0;0
FR;5;2021-07-10;0;0;0;0;0;0;0;0;0;0;0;0;0;0;0;0;0;0
FR;5;2021-07-11;0;0;0;0;0;0;0;0;0;0;0;0;0;0;0;0;0;0
FR;5;2021-07-12;0;0;0;0;0;0;0;0;0;0;0;0;0;0;0;0;0;0
FR;5;2021-07-13;0;0;0;0;0;0;0;0;0;0;0;0;0;0;0;0;0;0
FR;5;2021-07-14;0;0;0;0;0;0;0;0;0;0;0;0;0;0;0;0;0;0
FR;5;2021-07-15;0;0;0;0;0;0;0;0;0;0;0;0;0;0;0;0;0;0
FR;5;2021-07-16;0;0;0;0;0;0;0;0;0;0;0;0;0;0;0;0;0;0
FR;5;2021-07-17;0;0;0;0;0;0;0;0;0;0;0;0;0;0;0;0;0;0
FR;5;2021-07-18;0;0;0;0;0;0;0;0;0;0;0;0;0;0;0;0;0;0
FR;5;2021-07-19;0;0;0;0;0;0;0;0;0;0;0;0;0;0;0;0;0;0
FR;5;2021-07-20;0;0;0;0;0;0;0;0;0;0;0;0;0;0;0;0;0;0
FR;5;2021-07-21;0;0;0;0;0;0;0;0;0;0;0;0;0;0;0;0;0;0
FR;5;2021-07-22;0;0;0;0;0;0;0;0;0;0;0;0;0;0;0;0;0;0
FR;5;2021-07-23;0;0;0;0;0;0;0;0;0;0;0;0;0;0;0;0;0;0
FR;5;2021-07-24;0;0;0;0;0;0;0;0;0;0;0;0;0;0;0;0;0;0
FR;5;2021-07-25;0;0;0;0;0;0;0;0;0;0;0;0;0;0;0;0;0;0
FR;5;2021-07-26;0;0;0;0;0;0;0;0;0;0;0;0;0;0;0;0;0;0
FR;5;2021-07-27;0;0;0;0;0;0;0;0;0;0;0;0;0;0;0;0;0;0
FR;5;2021-07-28;0;0;0;0;0;0;0;0;0;0;0;0;0;0;0;0;0;0
FR;5;2021-07-29;0;0;0;0;0;0;0;0;0;0;0;0;0;0;0;0;0;0
FR;5;2021-07-30;0;0;0;0;0;0;0;0;0;0;0;0;0;0;0;0;0;0
FR;5;2021-07-31;0;0;0;0;0;0;0;0;0;0;0;0;0;0;0;0;0;0
FR;5;2021-08-01;0;0;0;0;0;0;0;0;0;0;0;0;0;0;0;0;0;0
FR;5;2021-08-02;0;0;0;0;0;0;0;0;0;0;0;0;0;0;0;0;0;0
FR;5;2021-08-03;0;0;0;0;0;0;0;0;0;0;0;0;0;0;0;0;0;0
FR;5;2021-08-04;0;0;0;0;0;0;0;0;0;0;0;0;0;0;0;0;0;0
FR;5;2021-08-05;0;0;0;0;0;0;0;0;0;0;0;0;0;0;0;0;0;0
FR;5;2021-08-06;0;0;0;0;0;0;0;0;0;0;0;0;0;0;0;0;0;0
FR;5;2021-08-07;0;0;0;0;0;0;0;0;0;0;0;0;0;0;0;0;0;0
FR;5;2021-08-08;0;0;0;0;0;0;0;0;0;0;0;0;0;0;0;0;0;0
FR;5;2021-08-09;0;0;0;0;0;0;0;0;0;0;0;0;0;0;0;0;0;0
FR;5;2021-08-10;0;0;0;0;0;0;0;0;0;0;0;0;0;0;0;0;0;0
FR;5;2021-08-11;0;0;0;0;0;0;0;0;0;0;0;0;0;0;0;0;0;0
FR;5;2021-08-12;0;0;0;0;0;0;0;0;0;0;0;0;0;0;0;0;0;0
FR;5;2021-08-13;0;0;0;0;0;0;0;0;0;0;0;0;0;0;0;0;0;0
FR;5;2021-08-14;0;0;0;0;0;0;0;0;0;0;0;0;0;0;0;0;0;0
FR;5;2021-08-15;0;0;0;0;0;0;0;0;0;0;0;0;0;0;0;0;0;0
FR;5;2021-08-16;0;0;0;0;0;0;0;0;0;0;0;0;0;0;0;0;0;0
FR;5;2021-08-17;0;0;0;0;0;0;0;0;0;0;0;0;0;0;0;0;0;0
FR;5;2021-08-18;0;0;0;0;0;0;0;0;0;0;0;0;0;0;0;0;0;0
FR;5;2021-08-19;0;0;0;0;0;0;0;0;0;0;0;0;0;0;0;0;0;0
FR;5;2021-08-20;0;0;0;0;0;0;0;0;0;0;0;0;0;0;0;0;0;0
FR;5;2021-08-21;0;0;0;0;0;0;0;0;0;0;0;0;0;0;0;0;0;0
FR;5;2021-08-22;0;0;0;0;0;0;0;0;0;0;0;0;0;0;0;0;0;0
FR;5;2021-08-23;0;0;0;0;0;0;0;0;0;0;0;0;0;0;0;0;0;0
FR;5;2021-08-24;0;0;0;0;0;0;0;0;0;0;0;0;0;0;0;0;0;0
FR;5;2021-08-25;0;0;0;0;0;0;0;0;0;0;0;0;0;0;0;0;0;0
FR;5;2021-08-26;0;0;0;0;0;0;0;0;0;0;0;0;0;0;0;0;0;0
FR;5;2021-08-27;0;0;0;0;0;0;0;0;0;0;0;0;0;0;0;0;0;0
FR;5;2021-08-28;0;0;0;0;0;0;0;0;0;0;0;0;0;0;0;0;0;0
FR;5;2021-08-29;0;0;0;0;0;0;0;0;0;0;0;0;0;0;0;0;0;0
FR;5;2021-08-30;0;0;0;0;0;0;0;0;0;0;0;0;0;0;0;0;0;0
FR;5;2021-08-31;0;0;0;0;0;0;0;0;0;0;0;0;0;0;0;0;0;0
FR;5;2021-09-01;0;0;0;0;0;0;0;0;0;0;0;0;0;0;0;0;0;0
FR;5;2021-09-02;0;0;0;0;0;0;0;0;0;0;0;0;0;0;0;0;0;0
FR;5;2021-09-03;0;0;0;0;0;0;0;0;0;0;0;0;0;0;0;0;0;0
FR;5;2021-09-04;0;0;0;0;0;0;0;0;0;0;0;0;0;0;0;0;0;0
FR;5;2021-09-05;0;0;0;0;0;0;0;0;0;0;0;0;0;0;0;0;0;0
FR;5;2021-09-06;0;0;0;0;0;0;0;0;0;0;0;0;0;0;0;0;0;0
FR;5;2021-09-07;0;0;0;0;0;0;0;0;0;0;0;0;0;0;0;0;0;0
FR;5;2021-09-08;0;0;0;0;0;0;0;0;0;0;0;0;0;0;0;0;0;0
FR;5;2021-09-09;0;0;0;0;0;0;0;0;0;0;0;0;0;0;0;0;0;0
FR;5;2021-09-10;0;0;0;0;0;0;0;0;0;0;0;0;0;0;0;0;0;0
FR;5;2021-09-11;0;0;0;0;0;0;0;0;0;0;0;0;0;0;0;0;0;0
FR;5;2021-09-12;0;0;0;0;0;0;0;0;0;0;0;0;0;0;0;0;0;0
FR;5;2021-09-13;0;0;0;0;0;0;0;0;0;0;0;0;0;0;0;0;0;0
FR;5;2021-09-14;0;0;0;0;0;0;0;0;0;0;0;0;0;0;0;0;0;0
FR;5;2021-09-15;0;0;0;0;0;0;0;0;0;0;0;0;0;0;0;0;0;0
FR;5;2021-09-16;0;0;0;0;0;0;0;0;0;0;0;0;0;0;0;0;0;0
FR;5;2021-09-17;0;0;0;0;0;0;0;0;0;0;0;0;0;0;0;0;0;0
FR;5;2021-09-18;0;0;0;0;0;0;0;0;0;0;0;0;0;0;0;0;0;0
FR;5;2021-09-19;0;0;0;0;0;0;0;0;0;0;0;0;0;0;0;0;0;0
FR;5;2021-09-20;0;0;0;0;0;0;0;0;0;0;0;0;0;0;0;0;0;0
FR;5;2021-09-21;0;0;0;0;0;0;0;0;0;0;0;0;0;0;0;0;0;0
FR;5;2021-09-22;0;0;0;0;0;0;0;0;0;0;0;0;0;0;0;0;0;0
FR;5;2021-09-23;0;0;0;0;0;0;0;0;0;0;0;0;0;0;0;0;0;0
FR;5;2021-09-24;0;0;0;0;0;0;0;0;0;0;0;0;0;0;0;0;0;0
FR;5;2021-09-25;0;0;0;0;0;0;0;0;0;0;0;0;0;0;0;0;0;0
FR;5;2021-09-26;0;0;0;0;0;0;0;0;0;0;0;0;0;0;0;0;0;0
FR;5;2021-09-27;0;0;0;0;0;0;0;0;0;0;0;0;0;0;0;0;0;0
FR;5;2021-09-28;0;0;0;0;0;0;0;0;0;0;0;0;0;0;0;0;0;0
FR;5;2021-09-29;0;0;0;0;0;0;0;0;0;0;0;0;0;0;0;0;0;0
FR;5;2021-09-30;0;0;0;0;0;0;0;0;0;0;0;0;0;0;0;0;0;0
FR;5;2021-10-01;0;0;0;0;0;0;0;0;0;0;0;0;0;0;0;0;0;0
FR;5;2021-10-02;0;0;0;0;0;0;0;0;0;0;0;0;0;0;0;0;0;0
FR;5;2021-10-03;0;0;0;0;0;0;0;0;0;0;0;0;0;0;0;0;0;0
FR;5;2021-10-04;0;0;0;0;0;0;0;0;0;0;0;0;0;0;0;0;0;0
FR;5;2021-10-05;0;0;0;0;0;0;0;0;0;0;0;0;0;0;0;0;0;0
FR;5;2021-10-06;0;0;0;0;0;0;0;0;0;0;0;0;0;0;0;0;0;0
FR;5;2021-10-07;0;0;0;0;0;0;0;0;0;0;0;0;0;0;0;0;0;0
FR;5;2021-10-08;0;0;0;0;0;0;0;0;0;0;0;0;0;0;0;0;0;0
FR;5;2021-10-09;0;0;0;0;0;0;0;0;0;0;0;0;0;0;0;0;0;0
FR;5;2021-10-10;0;0;0;0;0;0;0;0;0;0;0;0;0;0;0;0;0;0
FR;5;2021-10-11;0;0;0;0;0;0;0;0;0;0;0;0;0;0;0;0;0;0
FR;5;2021-10-12;0;0;0;0;0;0;0;0;0;0;0;0;0;0;0;0;0;0
FR;5;2021-10-13;0;0;0;0;0;0;0;0;0;0;0;0;0;0;0;0;0;0
FR;5;2021-10-14;0;0;0;0;0;0;0;0;0;0;0;0;0;0;0;0;0;0
FR;5;2021-10-15;0;0;0;0;0;0;0;0;0;0;0;0;0;0;0;0;0;0
FR;5;2021-10-16;0;0;0;0;0;0;0;0;0;0;0;0;0;0;0;0;0;0
FR;5;2021-10-17;0;0;0;0;0;0;0;0;0;0;0;0;0;0;0;0;0;0
FR;5;2021-10-18;0;0;0;0;0;0;0;0;0;0;0;0;0;0;0;0;0;0
FR;5;2021-10-19;0;0;0;0;0;0;0;0;0;0;0;0;0;0;0;0;0;0
FR;5;2021-10-20;0;0;0;0;0;0;0;0;0;0;0;0;0;0;0;0;0;0
FR;5;2021-10-21;0;0;0;0;0;0;0;0;0;0;0;0;0;0;0;0;0;0
FR;5;2021-10-22;0;0;0;0;0;0;0;0;0;0;0;0;0;0;0;0;0;0
FR;5;2021-10-23;0;0;0;0;0;0;0;0;0;0;0;0;0;0;0;0;0;0
FR;5;2021-10-24;0;0;0;0;0;0;0;0;0;0;0;0;0;0;0;0;0;0
FR;5;2021-10-25;0;0;0;0;0;0;0;0;0;0;0;0;0;0;0;0;0;0
FR;5;2021-10-26;0;0;0;0;0;0;0;0;0;0;0;0;0;0;0;0;0;0
FR;5;2021-10-27;0;0;0;0;0;0;0;0;0;0;0;0;0;0;0;0;0;0
FR;5;2021-10-28;0;0;0;0;0;0;0;0;0;0;0;0;0;0;0;0;0;0
FR;5;2021-10-29;0;0;0;0;0;0;0;0;0;0;0;0;0;0;0;0;0;0
FR;5;2021-10-30;0;0;0;0;0;0;0;0;0;0;0;0;0;0;0;0;0;0
FR;5;2021-10-31;0;0;0;0;0;0;0;0;0;0;0;0;0;0;0;0;0;0
FR;5;2021-11-01;0;0;0;0;0;0;0;0;0;0;0;0;0;0;0;0;0;0
FR;5;2021-11-02;0;0;0;0;0;0;0;0;0;0;0;0;0;0;0;0;0;0
FR;5;2021-11-03;0;0;0;0;0;0;0;0;0;0;0;0;0;0;0;0;0;0
FR;5;2021-11-04;0;0;0;0;0;0;0;0;0;0;0;0;0;0;0;0;0;0
FR;5;2021-11-05;0;0;0;0;0;0;0;0;0;0;0;0;0;0;0;0;0;0
FR;5;2021-11-06;0;0;0;0;0;0;0;0;0;0;0;0;0;0;0;0;0;0
FR;5;2021-11-07;0;0;0;0;0;0;0;0;0;0;0;0;0;0;0;0;0;0
FR;5;2021-11-08;0;0;0;0;0;0;0;0;0;0;0;0;0;0;0;0;0;0
FR;5;2021-11-09;0;0;0;0;0;0;0;0;0;0;0;0;0;0;0;0;0;0
FR;5;2021-11-10;0;0;0;0;0;0;0;0;0;0;0;0;0;0;0;0;0;0
FR;5;2021-11-11;0;0;0;0;0;0;0;0;0;0;0;0;0;0;0;0;0;0
FR;5;2021-11-12;0;0;0;0;0;0;0;0;0;0;0;0;0;0;0;0;0;0
FR;5;2021-11-13;0;0;0;0;0;0;0;0;0;0;0;0;0;0;0;0;0;0
FR;5;2021-11-14;0;0;0;0;0;0;0;0;0;0;0;0;0;0;0;0;0;0
FR;5;2021-11-15;0;0;0;0;0;0;0;0;0;0;0;0;0;0;0;0;0;0
FR;5;2021-11-16;0;0;0;0;0;0;0;0;0;0;0;0;0;0;0;0;0;0
FR;5;2021-11-17;0;0;0;0;0;0;0;0;0;0;0;0;0;0;0;0;0;0
FR;5;2021-11-18;0;0;0;0;0;0;0;0;0;0;0;0;0;0;0;0;0;0
FR;5;2021-11-19;0;0;0;0;0;0;0;0;0;0;0;0;0;0;0;0;0;0
FR;5;2021-11-20;0;0;0;0;0;0;0;0;0;0;0;0;0;0;0;0;0;0
FR;5;2021-11-21;0;0;0;0;0;0;0;0;0;0;0;0;0;0;0;0;0;0
FR;5;2021-11-22;0;0;0;0;0;0;0;0;0;0;0;0;0;0;0;0;0;0
FR;5;2021-11-23;0;0;0;0;0;0;0;0;0;0;0;0;0;0;0;0;0;0
FR;5;2021-11-24;0;0;0;0;0;0;0;0;0;0;0;0;0;0;0;0;0;0
FR;5;2021-11-25;0;0;0;0;0;0;0;0;0;0;0;0;0;0;0;0;0;0
FR;5;2021-11-26;0;0;0;0;0;0;0;0;0;0;0;0;0;0;0;0;0;0
FR;5;2021-11-27;0;0;0;0;0;0;0;0;0;0;0;0;0;0;0;0;0;0
FR;5;2021-11-28;0;0;0;0;0;0;0;0;0;0;0;0;0;0;0;0;0;0
FR;5;2021-11-29;0;0;0;0;0;0;0;0;0;0;0;0;0;0;0;0;0;0
FR;5;2021-11-30;0;0;0;0;0;0;0;0;0;0;0;0;0;0;0;0;0;0
FR;5;2021-12-01;0;0;0;0;0;0;0;0;0;0;0;0;0;0;0;0;0;0
FR;5;2021-12-02;0;0;0;0;0;0;0;0;0;0;0;0;0;0;0;0;0;0
FR;5;2021-12-03;0;0;0;0;0;0;0;0;0;0;0;0;0;0;0;0;0;0
FR;5;2021-12-04;0;0;0;0;0;0;0;0;0;0;0;0;0;0;0;0;0;0
FR;5;2021-12-05;0;0;0;0;0;0;0;0;0;0;0;0;0;0;0;0;0;0
FR;5;2021-12-06;0;0;0;0;0;0;0;0;0;0;0;0;0;0;0;0;0;0
FR;5;2021-12-07;0;0;0;0;0;0;0;0;0;0;0;0;0;0;0;0;0;0
FR;5;2021-12-08;0;0;0;0;0;0;0;0;0;0;0;0;0;0;0;0;0;0
FR;5;2021-12-09;0;0;0;0;0;0;0;0;0;0;0;0;0;0;0;0;0;0
FR;5;2021-12-10;0;0;0;0;0;0;0;0;0;0;0;0;0;0;0;0;0;0
FR;5;2021-12-11;0;0;0;0;0;0;0;0;0;0;0;0;0;0;0;0;0;0
FR;5;2021-12-12;0;0;0;0;0;0;0;0;0;0;0;0;0;0;0;0;0;0
FR;5;2021-12-13;0;0;0;0;0;0;0;0;0;0;0;0;0;0;0;0;0;0
FR;5;2021-12-14;33;45;77;0;27;88;1;0;0;33;45;77;0;27;88;1;0;0
FR;5;2021-12-15;196;44;37;0;42;49;0;0;0;229;89;114;0;69;137;1;0;0
FR;5;2021-12-16;181;21;44;0;38;48;0;0;0;410;110;158;0;107;185;1;0;0
FR;5;2021-12-17;313;16;72;0;34;74;2;0;0;723;126;230;0;141;259;3;0;0
FR;5;2021-12-18;766;24;22;0;67;29;0;0;0;1489;150;252;0;208;288;3;0;0
FR;5;2021-12-19;585;15;15;0;67;17;0;0;0;2074;165;267;0;275;305;3;0;0
FR;5;2021-12-20;1225;31;34;0;134;37;2;0;0;3299;196;301;0;409;342;5;0;0
FR;5;2021-12-21;1535;22;54;1;141;60;0;0;0;4834;218;355;1;550;402;5;0;0
FR;5;2021-12-22;4069;40;37;0;420;46;2;0;0;8903;258;392;1;970;448;7;0;0
FR;5;2021-12-23;3043;16;21;0;305;25;0;0;0;11946;274;413;1;1275;473;7;0;0
FR;5;2021-12-24;761;18;9;0;103;14;0;0;0;12707;292;422;1;1378;487;7;0;0
FR;5;2021-12-25;61;5;2;0;9;3;0;0;0;12768;297;424;1;1387;490;7;0;0
FR;5;2021-12-26;623;6;3;0;101;4;0;0;0;13391;303;427;1;1488;494;7;0;0
FR;5;2021-12-27;4085;25;21;0;458;23;1;0;0;17476;328;448;1;1946;517;8;0;0
FR;5;2021-12-28;5204;23;41;1;513;43;2;0;0;22680;351;489;2;2459;560;10;0;0
FR;5;2021-12-29;8105;34;66;1;886;69;0;0;0;30785;385;555;3;3345;629;10;0;0
FR;5;2021-12-30;5173;18;33;0;525;39;0;0;0;35958;403;588;3;3870;668;10;0;0
FR;5;2021-12-31;1553;8;10;0;182;11;0;0;0;37511;411;598;3;4052;679;10;0;0
FR;5;2022-01-01;186;2;2;0;24;3;0;0;0;37697;413;600;3;4076;682;10;0;0
FR;5;2022-01-02;1489;1;1;0;152;1;0;0;0;39186;414;601;3;4228;683;10;0;0
FR;5;2022-01-03;3068;36;34;0;322;33;1;0;0;42254;450;635;3;4550;716;11;0;0
FR;5;2022-01-04;3034;39;33;0;321;42;3;0;0;45288;489;668;3;4871;758;14;0;0
FR;5;2022-01-05;19324;203;97;1;2114;108;0;0;0;64612;692;765;4;6985;866;14;0;0
FR;5;2022-01-06;3748;134;122;0;507;142;2;0;0;68360;826;887;4;7492;1008;16;0;0
FR;5;2022-01-07;5006;202;48;2;704;56;1;0;0;73366;1028;935;6;8196;1064;17;0;0
FR;5;2022-01-08;13659;514;45;0;2003;52;0;0;0;87025;1542;980;6;10199;1116;17;0;0
FR;5;2022-01-09;5754;399;15;0;1112;20;1;0;0;92779;1941;995;6;11311;1136;18;0;0
FR;5;2022-01-10;3455;326;25;0;734;29;0;0;0;96234;2267;1020;6;12045;1165;18;0;0
FR;5;2022-01-11;3671;283;38;0;661;41;1;0;0;99905;2550;1058;6;12706;1206;19;0;0
FR;5;2022-01-12;22650;3005;89;0;5297;112;2;0;0;122555;5555;1147;6;18003;1318;21;0;0
FR;5;2022-01-13;4039;623;29;0;1051;31;2;0;0;126594;6178;1176;6;19054;1349;23;0;0
FR;5;2022-01-14;4843;583;45;0;1115;52;1;0;0;131437;6761;1221;6;20169;1401;24;0;0
FR;5;2022-01-15;14686;1747;38;3;3376;49;3;0;0;146123;8508;1259;9;23545;1450;27;0;0
FR;5;2022-01-16;4728;666;3;0;1261;5;0;0;0;150851;9174;1262;9;24806;1455;27;0;0
FR;5;2022-01-17;2297;718;26;0;986;29;0;0;0;153148;9892;1288;9;25792;1484;27;0;0
FR;5;2022-01-18;2431;870;30;0;1141;40;0;0;0;155579;10762;1318;9;26933;1524;27;0;0
FR;5;2022-01-19;18484;6423;74;2;8366;142;3;0;0;174063;17185;1392;11;35299;1666;30;0;0
FR;5;2022-01-20;1920;1067;25;0;1295;34;2;0;0;175983;18252;1417;11;36594;1700;32;0;0
FR;5;2022-01-21;3077;1372;47;1;1677;59;2;0;0;179060;19624;1464;12;38271;1759;34;0;0
FR;5;2022-01-22;10720;3454;33;1;4671;43;1;0;0;189780;23078;1497;13;42942;1802;35;0;0
FR;5;2022-01-23;2629;1415;6;0;1789;10;0;0;0;192409;24493;1503;13;44731;1812;35;0;0
FR;5;2022-01-24;1161;1340;19;0;1446;23;1;0;0;193570;25833;1522;13;46177;1835;36;0;0
FR;5;2022-01-25;1220;1549;20;2;1683;31;3;0;0;194790;27382;1542;15;47860;1866;39;0;0
FR;5;2022-01-26;10748;12032;50;1;13300;89;1;0;1;205538;39414;1592;16;61160;1955;40;0;1
FR;5;2022-01-27;1291;1693;10;0;1838;17;0;0;0;206829;41107;1602;16;62998;1972;40;0;1
FR;5;2022-01-28;1698;3346;16;0;3566;19;1;0;0;208527;44453;1618;16;66564;1991;41;0;1
FR;5;2022-01-29;6241;8041;68;0;8855;96;2;0;0;214768;52494;1686;16;75419;2087;43;0;1
FR;5;2022-01-30;1509;2950;5;0;3185;18;0;0;0;216277;55444;1691;16;78604;2105;43;0;1
FR;5;2022-01-31;589;1773;23;0;1837;24;3;0;0;216866;57217;1714;16;80441;2129;46;0;1
FR;5;2022-02-01;712;1706;10;0;1791;15;0;0;0;217578;58923;1724;16;82232;2144;46;0;1
FR;5;2022-02-02;6959;15655;52;0;16603;94;0;0;0;224537;74578;1776;16;98835;2238;46;0;1
FR;5;2022-02-03;492;1691;14;0;1748;13;5;0;0;225029;76269;1790;16;100583;2251;51;0;1
FR;5;2022-02-04;945;3002;19;0;3123;31;0;0;0;225974;79271;1809;16;103706;2282;51;0;1
FR;5;2022-02-05;3536;8919;23;0;9517;37;0;0;0;229510;88190;1832;16;113223;2319;51;0;1
FR;5;2022-02-06;738;2397;10;0;2556;19;0;0;0;230248;90587;1842;16;115779;2338;51;0;1
FR;5;2022-02-07;884;1596;23;0;1715;25;2;0;0;231132;92183;1865;16;117494;2363;53;0;1
FR;5;2022-02-08;725;1287;18;0;1407;20;2;0;0;231857;93470;1883;16;118901;2383;55;0;1
FR;5;2022-02-09;4544;12880;44;0;13608;76;1;0;0;236401;106350;1927;16;132509;2459;56;0;1
FR;5;2022-02-10;646;1059;14;0;1166;15;0;0;0;237047;107409;1941;16;133675;2474;56;0;1
FR;5;2022-02-11;793;2032;16;0;2163;21;1;0;0;237840;109441;1957;16;135838;2495;57;0;1
FR;5;2022-02-12;2286;6812;33;0;7279;53;0;0;0;240126;116253;1990;16;143117;2548;57;0;1
FR;5;2022-02-13;464;1541;8;0;1654;8;1;0;0;240590;117794;1998;16;144771;2556;58;0;1
FR;5;2022-02-14;678;1288;10;0;1407;13;1;0;0;241268;119082;2008;16;146178;2569;59;0;1
FR;5;2022-02-15;482;886;9;0;968;14;1;0;0;241750;119968;2017;16;147146;2583;60;0;1
FR;5;2022-02-16;2980;9124;41;1;9676;58;2;0;0;244730;129092;2058;17;156822;2641;62;0;1
FR;5;2022-02-17;436;809;6;0;876;7;1;0;0;245166;129901;2064;17;157698;2648;63;0;1
FR;5;2022-02-18;649;1408;13;0;1535;17;0;0;0;245815;131309;2077;17;159233;2665;63;0;1
FR;5;2022-02-19;1373;4315;16;0;4623;28;0;0;0;247188;135624;2093;17;163856;2693;63;0;1
FR;5;2022-02-20;247;879;6;0;941;8;0;0;0;247435;136503;2099;17;164797;2701;63;0;1
FR;5;2022-02-21;221;607;2;0;661;4;1;0;0;247656;137110;2101;17;165458;2705;64;0;1
FR;5;2022-02-22;262;545;17;0;591;17;1;0;0;247918;137655;2118;17;166049;2722;65;0;1
FR;5;2022-02-23;1909;6926;23;1;7346;43;0;0;0;249827;144581;2141;18;173395;2765;65;0;1
FR;5;2022-02-24;182;374;6;1;421;7;1;0;0;250009;144955;2147;19;173816;2772;66;0;1
FR;5;2022-02-25;336;951;13;0;1028;12;2;0;0;250345;145906;2160;19;174844;2784;68;0;1
FR;5;2022-02-26;972;3071;11;0;3333;15;2;0;0;251317;148977;2171;19;178177;2799;70;0;1
FR;5;2022-02-27;151;506;0;0;549;3;0;0;0;251468;149483;2171;19;178726;2802;70;0;1
FR;5;2022-02-28;162;369;1;0;408;1;0;0;0;251630;149852;2172;19;179134;2803;70;0;1
FR;5;2022-03-01;130;280;6;0;315;7;1;0;0;251760;150132;2178;19;179449;2810;71;0;1
FR;5;2022-03-02;1242;4156;28;3;4497;40;3;0;0;253002;154288;2206;22;183946;2850;74;0;1
FR;5;2022-03-03;121;251;5;0;271;10;1;0;0;253123;154539;2211;22;184217;2860;75;0;1
FR;5;2022-03-04;197;488;13;0;538;14;2;0;0;253320;155027;2224;22;184755;2874;77;0;1
FR;5;2022-03-05;677;1990;8;0;2243;16;2;0;0;253997;157017;2232;22;186998;2890;79;0;1
FR;5;2022-03-06;108;260;0;0;310;0;0;0;0;254105;157277;2232;22;187308;2890;79;0;1
FR;5;2022-03-07;71;228;5;0;254;3;2;0;0;254176;157505;2237;22;187562;2893;81;0;1
FR;5;2022-03-08;46;134;7;1;141;8;3;0;0;254222;157639;2244;23;187703;2901;84;0;1
FR;5;2022-03-09;910;3078;24;0;3407;36;0;0;0;255132;160717;2268;23;191110;2937;84;0;1
FR;5;2022-03-10;82;202;9;0;215;13;3;0;0;255214;160919;2277;23;191325;2950;87;0;1
FR;5;2022-03-11;148;369;13;1;426;15;0;0;0;255362;161288;2290;24;191751;2965;87;0;1
FR;5;2022-03-12;758;1613;13;1;1976;30;0;0;0;256120;162901;2303;25;193727;2995;87;0;1
FR;5;2022-03-13;78;102;0;0;135;0;0;0;0;256198;163003;2303;25;193862;2995;87;0;1
FR;5;2022-03-14;67;119;7;1;139;7;1;0;0;256265;163122;2310;26;194001;3002;88;0;1
FR;5;2022-03-15;83;99;4;0;119;7;1;0;0;256348;163221;2314;26;194120;3009;89;0;1
FR;5;2022-03-16;882;1827;15;3;2227;36;7;0;0;257230;165048;2329;29;196347;3045;96;0;1
FR;5;2022-03-17;68;123;8;4;151;10;4;0;0;257298;165171;2337;33;196498;3055;100;0;1
FR;5;2022-03-18;172;318;13;4;391;18;4;0;0;257470;165489;2350;37;196889;3073;104;0;1
FR;5;2022-03-19;752;1163;12;5;1555;33;8;0;0;258222;166652;2362;42;198444;3106;112;0;1
FR;5;2022-03-20;45;93;1;0;119;1;0;0;0;258267;166745;2363;42;198563;3107;112;0;1
FR;5;2022-03-21;71;120;10;6;136;15;8;0;0;258338;166865;2373;48;198699;3122;120;0;1
FR;5;2022-03-22;56;119;8;7;143;9;6;0;0;258394;166984;2381;55;198842;3131;126;0;1
FR;5;2022-03-23;805;1461;14;8;1878;36;9;0;0;259199;168445;2395;63;200720;3167;135;0;1
FR;5;2022-03-24;71;93;8;7;118;7;10;0;0;259270;168538;2403;70;200838;3174;145;0;1
FR;5;2022-03-25;222;293;14;8;388;18;9;0;0;259492;168831;2417;78;201226;3192;154;0;1
FR;5;2022-03-26;707;853;12;5;1273;26;6;0;1;260199;169684;2429;83;202499;3218;160;0;2
FR;5;2022-03-27;75;81;0;0;124;3;0;0;0;260274;169765;2429;83;202623;3221;160;0;2
FR;5;2022-03-28;81;93;1;2;132;3;2;0;0;260355;169858;2430;85;202755;3224;162;0;2
FR;5;2022-03-29;71;82;10;4;113;12;5;0;0;260426;169940;2440;89;202868;3236;167;0;2
FR;5;2022-03-30;823;1116;16;13;1604;29;14;0;0;261249;171056;2456;102;204472;3265;181;0;2
FR;5;2022-03-31;102;125;1;4;173;6;4;0;0;261351;171181;2457;106;204645;3271;185;0;2
FR;5;2022-04-01;114;86;7;12;135;11;12;0;1;261465;171267;2464;118;204780;3282;197;0;3
FR;5;2022-04-02;330;349;3;3;535;15;4;0;0;261795;171616;2467;121;205315;3297;201;0;3
FR;5;2022-04-03;54;59;1;0;88;1;0;0;0;261849;171675;2468;121;205403;3298;201;0;3
FR;5;2022-04-04;40;57;4;1;70;8;2;0;0;261889;171732;2472;122;205473;3306;203;0;3
FR;5;2022-04-05;53;60;6;6;75;9;5;0;0;261942;171792;2478;128;205548;3315;208;0;3
FR;5;2022-04-06;421;439;7;14;678;16;14;0;0;262363;172231;2485;142;206226;3331;222;0;3
FR;5;2022-04-07;45;69;5;7;89;7;10;0;0;262408;172300;2490;149;206315;3338;232;0;3
FR;5;2022-04-08;134;112;12;13;175;14;15;0;0;262542;172412;2502;162;206490;3352;247;0;3
FR;5;2022-04-09;311;324;2;5;511;17;5;0;0;262853;172736;2504;167;207001;3369;252;0;3
FR;5;2022-04-10;44;31;2;0;61;2;1;0;0;262897;172767;2506;167;207062;3371;253;0;3
FR;5;2022-04-11;50;60;3;2;78;4;3;0;0;262947;172827;2509;169;207140;3375;256;0;3
FR;5;2022-04-12;59;54;3;3;78;5;3;0;0;263006;172881;2512;172;207218;3380;259;0;3
FR;5;2022-04-13;382;413;3;8;606;16;8;0;0;263388;173294;2515;180;207824;3396;267;0;3
FR;5;2022-04-14;48;53;5;5;70;9;3;0;0;263436;173347;2520;185;207894;3405;270;0;3
FR;5;2022-04-15;91;109;4;4;150;5;6;0;0;263527;173456;2524;189;208044;3410;276;0;3
FR;5;2022-04-16;188;184;2;1;265;13;1;0;0;263715;173640;2526;190;208309;3423;277;0;3
FR;5;2022-04-17;12;11;1;0;17;1;0;0;0;263727;173651;2527;190;208326;3424;277;0;3
FR;5;2022-04-18;9;10;2;0;11;3;1;0;0;263736;173661;2529;190;208337;3427;278;0;3
FR;5;2022-04-19;75;71;6;1;96;6;4;0;0;263811;173732;2535;191;208433;3433;282;0;3
FR;5;2022-04-20;361;349;9;6;522;12;7;0;0;264172;174081;2544;197;208955;3445;289;0;3
FR;5;2022-04-21;42;64;9;10;71;12;14;0;0;264214;174145;2553;207;209026;3457;303;0;3
FR;5;2022-04-22;113;96;5;4;144;5;5;0;0;264327;174241;2558;211;209170;3462;308;0;3
FR;5;2022-04-23;209;193;4;2;284;11;3;0;0;264536;174434;2562;213;209454;3473;311;0;3
FR;5;2022-04-24;37;35;0;0;50;3;0;0;0;264573;174469;2562;213;209504;3476;311;0;3
FR;5;2022-04-25;69;65;1;1;102;4;1;0;0;264642;174534;2563;214;209606;3480;312;0;3
FR;5;2022-04-26;60;63;2;1;85;5;1;0;0;264702;174597;2565;215;209691;3485;313;0;3
FR;5;2022-04-27;335;316;3;7;463;14;8;0;0;265037;174913;2568;222;210154;3499;321;0;3
FR;5;2022-04-28;81;54;4;5;81;8;7;0;0;265118;174967;2572;227;210235;3507;328;0;3
FR;5;2022-04-29;117;84;5;19;118;12;17;0;0;265235;175051;2577;246;210353;3519;345;0;3
FR;5;2022-04-30;183;114;2;3;184;10;4;0;0;265418;175165;2579;249;210537;3529;349;0;3
FR;5;2022-05-01;11;7;0;0;11;0;0;0;0;265429;175172;2579;249;210548;3529;349;0;3
FR;5;2022-05-02;52;28;4;5;48;2;7;0;0;265481;175200;2583;254;210596;3531;356;0;3
FR;5;2022-05-03;87;57;2;4;84;11;4;0;0;265568;175257;2585;258;210680;3542;360;0;3
FR;5;2022-05-04;278;205;1;2;324;7;2;0;0;265846;175462;2586;260;211004;3549;362;0;3
FR;5;2022-05-05;62;32;3;4;46;5;4;0;0;265908;175494;2589;264;211050;3554;366;0;3
FR;5;2022-05-06;105;65;2;3;106;5;3;0;0;266013;175559;2591;267;211156;3559;369;0;3
FR;5;2022-05-07;171;117;2;10;180;13;7;0;0;266184;175676;2593;277;211336;3572;376;0;3
FR;5;2022-05-08;8;8;0;0;9;2;0;0;0;266192;175684;2593;277;211345;3574;376;0;3
FR;5;2022-05-09;44;34;15;3;51;16;4;0;0;266236;175718;2608;280;211396;3590;380;0;3
FR;5;2022-05-10;54;49;3;4;67;5;5;0;0;266290;175767;2611;284;211463;3595;385;0;3
FR;5;2022-05-11;327;237;12;7;344;21;11;0;0;266617;176004;2623;291;211807;3616;396;0;3
FR;5;2022-05-12;46;34;2;2;47;2;3;0;0;266663;176038;2625;293;211854;3618;399;0;3
FR;5;2022-05-13;109;83;3;8;120;8;7;0;0;266772;176121;2628;301;211974;3626;406;0;3
FR;5;2022-05-14;209;131;0;1;212;8;0;0;0;266981;176252;2628;302;212186;3634;406;0;3
FR;5;2022-05-15;22;9;2;0;18;1;1;0;0;267003;176261;2630;302;212204;3635;407;0;3
FR;5;2022-05-16;52;34;4;5;53;4;5;0;0;267055;176295;2634;307;212257;3639;412;0;3
FR;5;2022-05-17;72;40;5;0;68;2;3;0;0;267127;176335;2639;307;212325;3641;415;0;3
FR;5;2022-05-18;289;215;4;4;330;8;6;0;0;267416;176550;2643;311;212655;3649;421;0;3
FR;5;2022-05-19;45;35;5;3;42;3;4;0;0;267461;176585;2648;314;212697;3652;425;0;3
FR;5;2022-05-20;76;63;3;10;92;1;11;0;0;267537;176648;2651;324;212789;3653;436;0;3
FR;5;2022-05-21;242;166;2;3;268;17;1;0;0;267779;176814;2653;327;213057;3670;437;0;3
FR;5;2022-05-22;20;14;2;5;20;2;6;0;0;267799;176828;2655;332;213077;3672;443;0;3
FR;5;2022-05-23;42;31;4;3;42;6;3;0;0;267841;176859;2659;335;213119;3678;446;0;3
FR;5;2022-05-24;47;45;3;2;60;5;2;0;0;267888;176904;2662;337;213179;3683;448;0;3
FR;5;2022-05-25;329;257;4;1;385;16;1;0;0;268217;177161;2666;338;213564;3699;449;0;3
FR;5;2022-05-26;17;5;0;1;9;2;0;0;1;268234;177166;2666;339;213573;3701;449;0;4
FR;5;2022-05-27;99;54;4;4;89;9;3;0;0;268333;177220;2670;343;213662;3710;452;0;4
FR;5;2022-05-28;100;78;5;3;106;10;3;0;0;268433;177298;2675;346;213768;3720;455;0;4
FR;5;2022-05-29;14;14;1;0;18;2;0;0;0;268447;177312;2676;346;213786;3722;455;0;4
FR;5;2022-05-30;56;41;2;1;54;2;2;0;0;268503;177353;2678;347;213840;3724;457;0;4
FR;5;2022-05-31;57;43;1;8;62;1;8;0;0;268560;177396;2679;355;213902;3725;465;0;4
FR;5;2022-06-01;257;241;9;2;300;25;5;0;0;268817;177637;2688;357;214202;3750;470;0;4
FR;5;2022-06-02;63;61;5;0;73;9;1;0;0;268880;177698;2693;357;214275;3759;471;0;4
FR;5;2022-06-03;82;71;4;5;88;10;6;0;0;268962;177769;2697;362;214363;3769;477;0;4
FR;5;2022-06-04;157;109;2;1;187;9;1;0;0;269119;177878;2699;363;214550;3778;478;0;4
FR;5;2022-06-05;18;11;0;0;21;1;0;0;0;269137;177889;2699;363;214571;3779;478;0;4
FR;5;2022-06-06;16;12;0;1;15;0;1;0;0;269153;177901;2699;364;214586;3779;479;0;4
FR;5;2022-06-07;50;56;1;1;76;2;1;0;0;269203;177957;2700;365;214662;3781;480;0;4
FR;5;2022-06-08;283;225;3;4;332;17;2;0;0;269486;178182;2703;369;214994;3798;482;0;4
FR;5;2022-06-09;52;41;6;3;57;7;2;0;1;269538;178223;2709;372;215051;3805;484;0;5
FR;5;2022-06-10;81;72;1;1;105;6;1;0;0;269619;178295;2710;373;215156;3811;485;0;5
FR;5;2022-06-11;173;141;3;3;202;10;4;0;0;269792;178436;2713;376;215358;3821;489;0;5
FR;5;2022-06-12;17;16;0;0;19;2;0;0;0;269809;178452;2713;376;215377;3823;489;0;5
FR;5;2022-06-13;56;47;9;3;70;10;6;0;0;269865;178499;2722;379;215447;3833;495;0;5
FR;5;2022-06-14;59;56;1;4;64;6;4;0;0;269924;178555;2723;383;215511;3839;499;0;5
FR;5;2022-06-15;266;260;5;2;363;27;1;0;0;270190;178815;2728;385;215874;3866;500;0;5
FR;5;2022-06-16;47;30;5;2;44;5;2;0;0;270237;178845;2733;387;215918;3871;502;0;5
FR;5;2022-06-17;100;67;5;5;102;10;5;0;0;270337;178912;2738;392;216020;3881;507;0;5
FR;5;2022-06-18;146;95;10;2;152;26;2;0;1;270483;179007;2748;394;216172;3907;509;0;6
FR;5;2022-06-19;26;15;0;1;18;4;1;0;0;270509;179022;2748;395;216190;3911;510;0;6
FR;5;2022-06-20;56;50;8;0;62;11;2;0;0;270565;179072;2756;395;216252;3922;512;0;6
FR;5;2022-06-21;53;73;5;3;91;7;5;0;1;270618;179145;2761;398;216343;3929;517;0;7
FR;5;2022-06-22;224;248;7;9;348;33;10;0;0;270842;179393;2768;407;216691;3962;527;0;7
FR;5;2022-06-23;50;38;2;5;43;6;6;0;0;270892;179431;2770;412;216734;3968;533;0;7
FR;5;2022-06-24;91;70;12;5;101;16;8;0;0;270983;179501;2782;417;216835;3984;541;0;7
FR;5;2022-06-25;154;124;3;7;185;14;8;0;1;271137;179625;2785;424;217020;3998;549;0;8
FR;5;2022-06-26;26;19;2;0;29;5;0;0;0;271163;179644;2787;424;217049;4003;549;0;8
FR;5;2022-06-27;57;60;5;7;78;11;9;0;0;271220;179704;2792;431;217127;4014;558;0;8
FR;5;2022-06-28;70;49;8;2;69;14;5;0;0;271290;179753;2800;433;217196;4028;563;0;8
FR;5;2022-06-29;297;268;9;21;390;34;23;0;0;271587;180021;2809;454;217586;4062;586;0;8
FR;5;2022-06-30;89;57;10;12;89;17;11;0;0;271676;180078;2819;466;217675;4079;597;0;8
FR;5;2022-07-01;127;65;7;11;118;12;11;0;2;271803;180143;2826;477;217793;4091;608;0;10
FR;5;2022-07-02;191;132;4;0;210;22;0;0;0;271994;180275;2830;477;218003;4113;608;0;10
FR;5;2022-07-03;30;25;1;0;36;4;0;0;0;272024;180300;2831;477;218039;4117;608;0;10
FR;5;2022-07-04;103;65;2;5;102;7;5;0;1;272127;180365;2833;482;218141;4124;613;0;11
FR;5;2022-07-05;104;72;3;8;107;13;8;0;1;272231;180437;2836;490;218248;4137;621;0;12
FR;5;2022-07-06;277;168;9;36;289;27;36;0;0;272508;180605;2845;526;218537;4164;657;0;12
FR;5;2022-07-07;88;69;6;9;89;13;11;0;0;272596;180674;2851;535;218626;4177;668;0;12
FR;5;2022-07-08;152;120;7;14;146;25;13;0;1;272748;180794;2858;549;218772;4202;681;0;13
FR;5;2022-07-09;116;68;1;8;100;10;8;0;0;272864;180862;2859;557;218872;4212;689;0;13
FR;5;2022-07-10;15;6;0;0;10;1;0;0;0;272879;180868;2859;557;218882;4213;689;0;13
FR;5;2022-07-11;92;72;10;2;98;19;3;0;0;272971;180940;2869;559;218980;4232;692;0;13
FR;5;2022-07-12;67;63;5;10;81;7;12;0;0;273038;181003;2874;569;219061;4239;704;0;13
FR;5;2022-07-13;169;118;10;19;196;16;23;0;0;273207;181121;2884;588;219257;4255;727;0;13
FR;5;2022-07-14;8;4;0;0;7;0;0;0;0;273215;181125;2884;588;219264;4255;727;0;13
FR;5;2022-07-15;74;66;5;14;86;15;15;0;0;273289;181191;2889;602;219350;4270;742;0;13
FR;5;2022-07-16;54;44;3;0;71;3;2;0;0;273343;181235;2892;602;219421;4273;744;0;13
FR;5;2022-07-17;10;7;3;0;10;2;2;0;0;273353;181242;2895;602;219431;4275;746;0;13
FR;5;2022-07-18;60;47;0;4;70;4;3;0;0;273413;181289;2895;606;219501;4279;749;0;13
FR;5;2022-07-19;63;42;5;3;63;7;4;0;0;273476;181331;2900;609;219564;4286;753;0;13
FR;5;2022-07-20;119;106;4;11;141;14;9;0;0;273595;181437;2904;620;219705;4300;762;0;13
FR;5;2022-07-21;38;43;2;10;52;5;10;0;0;273633;181480;2906;630;219757;4305;772;0;13
FR;5;2022-07-22;48;69;11;13;75;23;11;0;1;273681;181549;2917;643;219832;4328;783;0;14
FR;5;2022-07-23;59;78;2;1;95;11;2;0;0;273740;181627;2919;644;219927;4339;785;0;14
FR;5;2022-07-24;11;9;3;1;12;3;1;0;0;273751;181636;2922;645;219939;4342;786;0;14
FR;5;2022-07-25;53;48;2;7;57;8;8;0;0;273804;181684;2924;652;219996;4350;794;0;14
FR;5;2022-07-26;58;52;5;41;70;6;44;0;0;273862;181736;2929;693;220066;4356;838;0;14
FR;5;2022-07-27;106;118;4;4;161;13;4;0;0;273968;181854;2933;697;220227;4369;842;0;14
FR;5;2022-07-28;39;35;2;2;47;6;1;0;0;274007;181889;2935;699;220274;4375;843;0;14
FR;5;2022-07-29;56;74;3;14;90;8;10;0;0;274063;181963;2938;713;220364;4383;853;0;14
FR;5;2022-07-30;55;53;5;1;76;7;2;0;0;274118;182016;2943;714;220440;4390;855;0;14
FR;5;2022-07-31;7;11;1;0;13;1;0;0;0;274125;182027;2944;714;220453;4391;855;0;14
FR;5;2022-08-01;39;53;1;2;64;6;2;0;0;274164;182080;2945;716;220517;4397;857;0;14
FR;5;2022-08-02;32;43;8;7;47;8;7;0;1;274196;182123;2953;723;220564;4405;864;0;15
FR;5;2022-08-03;54;51;4;10;70;9;8;0;0;274250;182174;2957;733;220634;4414;872;0;15
FR;5;2022-08-04;20;18;1;6;22;1;6;0;0;274270;182192;2958;739;220656;4415;878;0;15
FR;5;2022-08-05;35;26;3;3;39;3;3;0;0;274305;182218;2961;742;220695;4418;881;0;15
FR;5;2022-08-06;23;26;1;0;31;1;0;0;0;274328;182244;2962;742;220726;4419;881;0;15
FR;5;2022-08-07;2;2;1;0;1;1;1;0;0;274330;182246;2963;742;220727;4420;882;0;15
FR;5;2022-08-08;26;19;1;2;24;2;1;0;0;274356;182265;2964;744;220751;4422;883;0;15
FR;5;2022-08-09;26;28;3;3;35;3;3;0;0;274382;182293;2967;747;220786;4425;886;0;15
FR;5;2022-08-10;47;47;2;0;56;5;0;0;0;274429;182340;2969;747;220842;4430;886;0;15
FR;5;2022-08-11;19;36;2;2;42;5;2;0;0;274448;182376;2971;749;220884;4435;888;0;15
FR;5;2022-08-12;27;28;2;0;39;2;0;0;0;274475;182404;2973;749;220923;4437;888;0;15
FR;5;2022-08-13;16;18;0;0;24;0;0;0;0;274491;182422;2973;749;220947;4437;888;0;15
FR;5;2022-08-14;2;3;0;0;4;0;0;0;0;274493;182425;2973;749;220951;4437;888;0;15
FR;5;2022-08-15;2;5;0;0;5;0;0;0;0;274495;182430;2973;749;220956;4437;888;0;15
FR;5;2022-08-16;33;26;3;0;28;6;0;0;0;274528;182456;2976;749;220984;4443;888;0;15
FR;5;2022-08-17;52;55;2;1;72;1;1;0;0;274580;182511;2978;750;221056;4444;889;0;15
FR;5;2022-08-18;26;18;8;17;25;10;16;0;0;274606;182529;2986;767;221081;4454;905;0;15
FR;5;2022-08-19;26;34;1;2;43;2;2;0;0;274632;182563;2987;769;221124;4456;907;0;15
FR;5;2022-08-20;25;27;2;1;33;4;2;0;0;274657;182590;2989;770;221157;4460;909;0;15
FR;5;2022-08-21;7;4;1;0;7;1;0;0;0;274664;182594;2990;770;221164;4461;909;0;15
FR;5;2022-08-22;39;26;1;6;42;2;5;0;1;274703;182620;2991;776;221206;4463;914;0;16
FR;5;2022-08-23;27;26;1;1;32;2;1;0;0;274730;182646;2992;777;221238;4465;915;0;16
FR;5;2022-08-24;50;43;0;0;62;0;0;0;0;274780;182689;2992;777;221300;4465;915;0;16
FR;5;2022-08-25;27;26;3;1;31;2;0;0;1;274807;182715;2995;778;221331;4467;915;0;17
FR;5;2022-08-26;48;39;7;2;58;5;4;0;0;274855;182754;3002;780;221389;4472;919;0;17
FR;5;2022-08-27;46;28;1;0;46;3;1;0;0;274901;182782;3003;780;221435;4475;920;0;17
FR;5;2022-08-28;5;7;0;0;7;0;0;0;0;274906;182789;3003;780;221442;4475;920;0;17
FR;5;2022-08-29;58;44;1;1;66;4;1;0;0;274964;182833;3004;781;221508;4479;921;0;17
FR;5;2022-08-30;45;23;12;29;40;10;30;0;1;275009;182856;3016;810;221548;4489;951;0;18
FR;5;2022-08-31;53;47;6;1;58;11;1;0;0;275062;182903;3022;811;221606;4500;952;0;18
FR;5;2022-09-01;16;8;1;4;13;1;4;0;0;275078;182911;3023;815;221619;4501;956;0;18
FR;5;2022-09-02;42;23;8;2;35;9;3;0;0;275120;182934;3031;817;221654;4510;959;0;18
FR;5;2022-09-03;69;37;2;0;58;2;0;0;0;275189;182971;3033;817;221712;4512;959;0;18
FR;5;2022-09-04;12;7;1;0;8;3;0;0;0;275201;182978;3034;817;221720;4515;959;0;18
FR;5;2022-09-05;7;4;1;0;4;1;0;0;0;275208;182982;3035;817;221724;4516;959;0;18
FR;5;2022-09-06;23;14;3;15;17;2;14;0;2;275231;182996;3038;832;221741;4518;973;0;20
FR;5;2022-09-07;79;53;1;1;76;3;1;0;0;275310;183049;3039;833;221817;4521;974;0;20
FR;5;2022-09-08;10;4;0;4;7;0;4;0;0;275320;183053;3039;837;221824;4521;978;0;20
FR;5;2022-09-09;40;11;9;2;14;10;3;0;0;275360;183064;3048;839;221838;4531;981;0;20
FR;5;2022-09-10;40;45;1;1;50;8;1;0;0;275400;183109;3049;840;221888;4539;982;0;20
FR;5;2022-09-11;3;3;0;0;3;1;0;0;0;275403;183112;3049;840;221891;4540;982;0;20
FR;5;2022-09-12;7;5;2;2;7;2;2;0;0;275410;183117;3051;842;221898;4542;984;0;20
FR;5;2022-09-13;9;6;0;1;4;3;1;0;0;275419;183123;3051;843;221902;4545;985;0;20
FR;5;2022-09-14;52;47;4;6;55;9;5;0;0;275471;183170;3055;849;221957;4554;990;0;20
FR;5;2022-09-15;11;13;2;3;11;5;3;0;0;275482;183183;3057;852;221968;4559;993;0;20
FR;5;2022-09-16;25;33;1;4;38;3;3;0;0;275507;183216;3058;856;222006;4562;996;0;20
FR;5;2022-09-17;60;43;1;1;51;5;1;0;0;275567;183259;3059;857;222057;4567;997;0;20
FR;5;2022-09-18;9;6;0;1;10;1;0;0;0;275576;183265;3059;858;222067;4568;997;0;20
FR;5;2022-09-19;22;17;2;1;20;5;2;0;0;275598;183282;3061;859;222087;4573;999;0;20
FR;5;2022-09-20;15;11;3;3;15;1;4;0;0;275613;183293;3064;862;222102;4574;1003;0;20
FR;5;2022-09-21;68;45;9;0;65;13;0;0;0;275681;183338;3073;862;222167;4587;1003;0;20
FR;5;2022-09-22;12;6;4;24;6;4;23;0;1;275693;183344;3077;886;222173;4591;1026;0;21
FR;5;2022-09-23;20;25;2;3;23;8;3;0;0;275713;183369;3079;889;222196;4599;1029;0;21
FR;5;2022-09-24;44;51;1;8;65;5;8;0;0;275757;183420;3080;897;222261;4604;1037;0;21
FR;5;2022-09-25;6;12;0;0;13;1;0;0;0;275763;183432;3080;897;222274;4605;1037;0;21
FR;5;2022-09-26;15;7;0;2;12;0;1;0;1;275778;183439;3080;899;222286;4605;1038;0;22
FR;5;2022-09-27;7;12;4;9;14;4;9;0;1;275785;183451;3084;908;222300;4609;1047;0;23
FR;5;2022-09-28;65;66;5;0;90;7;0;0;0;275850;183517;3089;908;222390;4616;1047;0;23
FR;5;2022-09-29;17;9;1;0;15;1;1;0;1;275867;183526;3090;908;222405;4617;1048;0;24
FR;5;2022-09-30;28;46;2;2;53;4;3;0;0;275895;183572;3092;910;222458;4621;1051;0;24
FR;5;2022-10-01;40;35;5;5;48;8;7;0;0;275935;183607;3097;915;222506;4629;1058;0;24
FR;5;2022-10-02;1;9;1;0;10;1;0;0;0;275936;183616;3098;915;222516;4630;1058;0;24
FR;5;2022-10-03;7;6;3;0;5;4;0;0;0;275943;183622;3101;915;222521;4634;1058;0;24
FR;5;2022-10-04;11;8;1;3;11;2;3;0;0;275954;183630;3102;918;222532;4636;1061;0;24
FR;5;2022-10-05;57;62;2;2;79;13;2;0;0;276011;183692;3104;920;222611;4649;1063;0;24
FR;5;2022-10-06;12;10;1;4;15;2;4;0;0;276023;183702;3105;924;222626;4651;1067;0;24
FR;5;2022-10-07;21;31;1;0;34;5;0;0;0;276044;183733;3106;924;222660;4656;1067;0;24
FR;5;2022-10-08;33;51;1;0;54;7;0;0;0;276077;183784;3107;924;222714;4663;1067;0;24
FR;5;2022-10-09;7;10;0;0;11;1;0;0;0;276084;183794;3107;924;222725;4664;1067;0;24
FR;5;2022-10-10;14;6;0;1;8;1;1;0;0;276098;183800;3107;925;222733;4665;1068;0;24
FR;5;2022-10-11;6;13;2;1;14;2;2;0;0;276104;183813;3109;926;222747;4667;1070;0;24
FR;5;2022-10-12;39;57;3;2;69;8;2;0;0;276143;183870;3112;928;222816;4675;1072;0;24
FR;5;2022-10-13;11;16;2;0;18;4;0;0;0;276154;183886;3114;928;222834;4679;1072;0;24
FR;5;2022-10-14;21;21;1;0;20;5;0;0;0;276175;183907;3115;928;222854;4684;1072;0;24
FR;5;2022-10-15;19;26;10;0;25;11;2;0;0;276194;183933;3125;928;222879;4695;1074;0;24
FR;5;2022-10-16;3;1;0;0;1;1;0;0;0;276197;183934;3125;928;222880;4696;1074;0;24
FR;5;2022-10-17;8;8;2;1;8;3;1;0;2;276205;183942;3127;929;222888;4699;1075;0;26
FR;5;2022-10-18;6;7;0;2;8;0;2;0;0;276211;183949;3127;931;222896;4699;1077;0;26
FR;5;2022-10-19;38;43;8;0;52;11;0;0;1;276249;183992;3135;931;222948;4710;1077;0;27
FR;5;2022-10-20;18;15;2;1;16;3;1;0;0;276267;184007;3137;932;222964;4713;1078;0;27
FR;5;2022-10-21;22;15;6;0;19;8;1;0;2;276289;184022;3143;932;222983;4721;1079;0;29
FR;5;2022-10-22;35;29;2;12;32;5;12;0;0;276324;184051;3145;944;223015;4726;1091;0;29
FR;5;2022-10-23;9;3;0;0;4;0;0;0;0;276333;184054;3145;944;223019;4726;1091;0;29
FR;5;2022-10-24;14;7;6;7;9;9;8;0;0;276347;184061;3151;951;223028;4735;1099;0;29
FR;5;2022-10-25;12;9;6;3;9;8;3;0;2;276359;184070;3157;954;223037;4743;1102;0;31
FR;5;2022-10-26;34;22;6;0;29;10;0;0;0;276393;184092;3163;954;223066;4753;1102;0;31
FR;5;2022-10-27;16;4;4;0;11;4;0;0;0;276409;184096;3167;954;223077;4757;1102;0;31
FR;5;2022-10-28;19;13;5;3;14;6;4;0;0;276428;184109;3172;957;223091;4763;1106;0;31
FR;5;2022-10-29;21;13;0;0;17;3;0;0;0;276449;184122;3172;957;223108;4766;1106;0;31
FR;5;2022-10-30;1;4;2;0;4;3;0;0;0;276450;184126;3174;957;223112;4769;1106;0;31
FR;5;2022-10-31;14;11;2;1;12;3;1;0;0;276464;184137;3176;958;223124;4772;1107;0;31
FR;5;2022-11-01;3;3;0;1;3;0;1;0;0;276467;184140;3176;959;223127;4772;1108;0;31
FR;5;2022-11-02;23;17;5;4;23;5;5;0;0;276490;184157;3181;963;223150;4777;1113;0;31
FR;5;2022-11-03;22;4;1;1;11;1;1;0;0;276512;184161;3182;964;223161;4778;1114;0;31
FR;5;2022-11-04;19;18;1;0;18;2;0;0;0;276531;184179;3183;964;223179;4780;1114;0;31
FR;5;2022-11-05;25;16;1;0;21;1;0;0;0;276556;184195;3184;964;223200;4781;1114;0;31
FR;5;2022-11-06;1;7;0;0;7;0;0;0;0;276557;184202;3184;964;223207;4781;1114;0;31
FR;5;2022-11-07;9;3;3;0;3;3;0;0;0;276566;184205;3187;964;223210;4784;1114;0;31
FR;5;2022-11-08;12;7;1;2;8;1;1;0;0;276578;184212;3188;966;223218;4785;1115;0;31
FR;5;2022-11-09;30;29;6;1;32;6;1;0;0;276608;184241;3194;967;223250;4791;1116;0;31
FR;5;2022-11-10;11;16;1;0;17;1;0;0;0;276619;184257;3195;967;223267;4792;1116;0;31
FR;5;2022-11-11;2;4;0;1;6;0;1;0;0;276621;184261;3195;968;223273;4792;1117;0;31
FR;5;2022-11-12;19;10;5;9;18;6;9;0;2;276640;184271;3200;977;223291;4798;1126;0;33
FR;5;2022-11-13;2;2;0;1;2;0;1;0;0;276642;184273;3200;978;223293;4798;1127;0;33
FR;5;2022-11-14;8;11;0;1;10;3;0;0;0;276650;184284;3200;979;223303;4801;1127;0;33
FR;5;2022-11-15;8;6;4;3;6;4;3;0;0;276658;184290;3204;982;223309;4805;1130;0;33
FR;5;2022-11-16;29;28;2;1;33;5;0;0;0;276687;184318;3206;983;223342;4810;1130;0;33
FR;5;2022-11-17;6;15;4;0;15;5;0;0;0;276693;184333;3210;983;223357;4815;1130;0;33
FR;5;2022-11-18;16;17;7;0;19;9;0;0;0;276709;184350;3217;983;223376;4824;1130;0;33
FR;5;2022-11-19;18;27;2;0;28;6;0;0;0;276727;184377;3219;983;223404;4830;1130;0;33
FR;5;2022-11-20;6;3;0;0;5;0;0;0;0;276733;184380;3219;983;223409;4830;1130;0;33
FR;5;2022-11-21;8;5;0;2;4;2;1;0;0;276741;184385;3219;985;223413;4832;1131;0;33
FR;5;2022-11-22;9;3;0;1;4;0;1;0;0;276750;184388;3219;986;223417;4832;1132;0;33
FR;5;2022-11-23;34;25;6;1;27;13;0;0;0;276784;184413;3225;987;223444;4845;1132;0;33
FR;5;2022-11-24;3;7;2;0;8;1;1;0;0;276787;184420;3227;987;223452;4846;1133;0;33
FR;5;2022-11-25;15;20;2;0;25;3;0;0;1;276802;184440;3229;987;223477;4849;1133;0;34
FR;5;2022-11-26;22;19;4;0;20;8;0;0;0;276824;184459;3233;987;223497;4857;1133;0;34
FR;5;2022-11-27;7;0;1;0;3;1;0;0;0;276831;184459;3234;987;223500;4858;1133;0;34
FR;5;2022-11-28;7;15;3;0;15;5;0;0;0;276838;184474;3237;987;223515;4863;1133;0;34
FR;5;2022-11-29;10;9;1;0;11;3;0;0;1;276848;184483;3238;987;223526;4866;1133;0;35
FR;5;2022-11-30;35;48;12;0;56;17;1;0;0;276883;184531;3250;987;223582;4883;1134;0;35
FR;5;2022-12-01;5;10;2;0;10;3;0;0;0;276888;184541;3252;987;223592;4886;1134;0;35
FR;5;2022-12-02;1;5;2;1;4;3;1;0;0;276889;184546;3254;988;223596;4889;1135;0;35
FR;5;2022-12-03;3;3;8;1;5;8;1;0;0;276892;184549;3262;989;223601;4897;1136;0;35
FR;5;2022-12-04;3;2;1;0;2;2;0;0;0;276895;184551;3263;989;223603;4899;1136;0;35
FR;5;2022-12-05;1;1;0;0;0;1;0;0;0;276896;184552;3263;989;223603;4900;1136;0;35
FR;5;2022-12-06;5;1;0;0;1;0;0;0;1;276901;184553;3263;989;223604;4900;1136;0;36
FR;5;2022-12-07;5;8;1;0;8;1;0;0;0;276906;184561;3264;989;223612;4901;1136;0;36
FR;5;2022-12-08;2;2;0;0;2;0;0;0;0;276908;184563;3264;989;223614;4901;1136;0;36
FR;5;2022-12-09;3;8;0;0;6;2;0;0;0;276911;184571;3264;989;223620;4903;1136;0;36
FR;5;2022-12-10;4;7;2;1;8;2;1;0;0;276915;184578;3266;990;223628;4905;1137;0;36
FR;5;2022-12-11;2;0;0;0;0;0;0;0;0;276917;184578;3266;990;223628;4905;1137;0;36
FR;5;2022-12-12;0;0;0;0;0;0;0;0;0;276917;184578;3266;990;223628;4905;1137;0;36
FR;5;2022-12-13;2;3;0;0;4;1;0;0;0;276919;184581;3266;990;223632;4906;1137;0;36
FR;5;2022-12-14;2;2;0;9;2;1;8;0;3;276921;184583;3266;999;223634;4907;1145;0;39
FR;5;2022-12-15;0;2;0;0;2;0;0;0;0;276921;184585;3266;999;223636;4907;1145;0;39
FR;5;2022-12-16;3;2;2;0;3;3;0;0;0;276924;184587;3268;999;223639;4910;1145;0;39
FR;5;2022-12-17;3;3;3;0;3;2;1;0;0;276927;184590;3271;999;223642;4912;1146;0;39
FR;5;2022-12-18;3;0;0;1;0;0;1;0;1;276930;184590;3271;1000;223642;4912;1147;0;40
FR;5;2022-12-19;1;0;0;2;0;0;2;0;0;276931;184590;3271;1002;223642;4912;1149;0;40
FR;5;2022-12-20;0;1;3;0;1;3;0;0;0;276931;184591;3274;1002;223643;4915;1149;0;40
FR;5;2022-12-21;2;4;0;0;4;0;0;0;0;276933;184595;3274;1002;223647;4915;1149;0;40
FR;5;2022-12-22;2;2;0;0;2;0;0;0;0;276935;184597;3274;1002;223649;4915;1149;0;40
FR;5;2022-12-23;3;1;1;0;1;1;0;0;0;276938;184598;3275;1002;223650;4916;1149;0;40
FR;5;2022-12-24;0;1;0;0;1;0;0;0;0;276938;184599;3275;1002;223651;4916;1149;0;40
FR;5;2022-12-25;0;1;2;0;0;3;0;0;0;276938;184600;3277;1002;223651;4919;1149;0;40
FR;5;2022-12-26;2;2;0;0;2;0;0;0;0;276940;184602;3277;1002;223653;4919;1149;0;40
FR;5;2022-12-27;0;3;0;0;3;0;0;0;0;276940;184605;3277;1002;223656;4919;1149;0;40
FR;5;2022-12-28;5;3;3;0;3;3;2;0;0;276945;184608;3280;1002;223659;4922;1151;0;40
FR;5;2022-12-29;3;2;2;0;3;2;0;0;0;276948;184610;3282;1002;223662;4924;1151;0;40
FR;5;2022-12-30;3;2;1;0;2;1;0;0;0;276951;184612;3283;1002;223664;4925;1151;0;40
FR;5;2022-12-31;0;0;0;0;0;0;0;0;0;276951;184612;3283;1002;223664;4925;1151;0;40
FR;5;2023-01-01;0;0;0;0;0;0;0;0;0;276951;184612;3283;1002;223664;4925;1151;0;40
FR;5;2023-01-02;1;1;1;0;1;1;0;0;0;276952;184613;3284;1002;223665;4926;1151;0;40
FR;5;2023-01-03;3;1;0;0;2;0;0;0;0;276955;184614;3284;1002;223667;4926;1151;0;40
FR;5;2023-01-04;6;1;1;0;2;1;0;0;0;276961;184615;3285;1002;223669;4927;1151;0;40
FR;5;2023-01-05;0;3;0;0;3;0;0;0;0;276961;184618;3285;1002;223672;4927;1151;0;40
FR;5;2023-01-06;2;1;1;0;1;1;0;0;0;276963;184619;3286;1002;223673;4928;1151;0;40
FR;5;2023-01-07;5;1;1;0;1;2;0;0;0;276968;184620;3287;1002;223674;4930;1151;0;40
FR;5;2023-01-08;2;2;0;0;2;0;0;0;0;276970;184622;3287;1002;223676;4930;1151;0;40
FR;5;2023-01-09;4;0;1;0;1;1;0;0;0;276974;184622;3288;1002;223677;4931;1151;0;40
FR;5;2023-01-10;3;1;0;0;2;0;0;0;0;276977;184623;3288;1002;223679;4931;1151;0;40
FR;5;2023-01-11;7;5;2;0;4;3;0;0;0;276984;184628;3290;1002;223683;4934;1151;0;40
FR;5;2023-01-12;14;6;4;0;6;6;0;0;0;276998;184634;3294;1002;223689;4940;1151;0;40
FR;5;2023-01-13;55;16;15;0;31;17;0;0;0;277053;184650;3309;1002;223720;4957;1151;0;40
FR;5;2023-01-14;56;34;13;1;34;20;2;0;0;277109;184684;3322;1003;223754;4977;1153;0;40
FR;5;2023-01-15;13;9;0;0;5;4;0;0;0;277122;184693;3322;1003;223759;4981;1153;0;40
FR;5;2023-01-16;13;8;3;0;8;3;0;0;0;277135;184701;3325;1003;223767;4984;1153;0;40
FR;5;2023-01-17;12;8;3;0;4;7;0;0;0;277147;184709;3328;1003;223771;4991;1153;0;40
FR;5;2023-01-18;71;35;21;2;46;25;2;0;0;277218;184744;3349;1005;223817;5016;1155;0;40
FR;5;2023-01-19;13;6;8;0;5;10;1;0;0;277231;184750;3357;1005;223822;5026;1156;0;40
FR;5;2023-01-20;27;17;13;0;17;18;0;0;2;277258;184767;3370;1005;223839;5044;1156;0;42
FR;5;2023-01-21;34;23;18;1;31;21;1;0;0;277292;184790;3388;1006;223870;5065;1157;0;42
FR;5;2023-01-22;6;4;2;0;4;3;0;0;0;277298;184794;3390;1006;223874;5068;1157;0;42
FR;5;2023-01-23;6;5;3;0;3;5;0;0;0;277304;184799;3393;1006;223877;5073;1157;0;42
FR;5;2023-01-24;16;3;3;0;6;4;0;0;0;277320;184802;3396;1006;223883;5077;1157;0;42
FR;5;2023-01-25;33;29;12;2;25;23;2;0;0;277353;184831;3408;1008;223908;5100;1159;0;42
FR;5;2023-01-26;6;5;4;0;6;4;0;0;0;277359;184836;3412;1008;223914;5104;1159;0;42
FR;5;2023-01-27;18;13;8;0;17;8;1;0;0;277377;184849;3420;1008;223931;5112;1160;0;42
FR;5;2023-01-28;21;8;4;3;11;6;3;0;0;277398;184857;3424;1011;223942;5118;1163;0;42
FR;5;2023-01-29;0;3;0;0;2;1;0;0;0;277398;184860;3424;1011;223944;5119;1163;0;42
FR;5;2023-01-30;7;5;3;0;4;6;0;0;0;277405;184865;3427;1011;223948;5125;1163;0;42
FR;5;2023-01-31;3;7;2;0;5;4;0;0;0;277408;184872;3429;1011;223953;5129;1163;0;42
FR;5;2023-02-01;18;18;7;1;19;8;1;0;0;277426;184890;3436;1012;223972;5137;1164;0;42
FR;5;2023-02-02;7;8;1;0;7;2;0;0;0;277433;184898;3437;1012;223979;5139;1164;0;42
FR;5;2023-02-03;15;23;6;0;24;9;0;0;0;277448;184921;3443;1012;224003;5148;1164;0;42
FR;5;2023-02-04;15;23;5;0;25;6;0;0;0;277463;184944;3448;1012;224028;5154;1164;0;42
FR;5;2023-02-05;1;2;0;1;2;1;0;0;0;277464;184946;3448;1013;224030;5155;1164;0;42
FR;5;2023-02-06;11;11;7;0;12;7;0;0;0;277475;184957;3455;1013;224042;5162;1164;0;42
FR;5;2023-02-07;6;11;2;0;10;4;0;0;0;277481;184968;3457;1013;224052;5166;1164;0;42
FR;5;2023-02-08;29;34;8;0;38;10;0;0;0;277510;185002;3465;1013;224090;5176;1164;0;42
FR;5;2023-02-09;15;7;5;0;8;5;0;0;0;277525;185009;3470;1013;224098;5181;1164;0;42
FR;5;2023-02-10;11;22;5;0;24;7;0;0;0;277536;185031;3475;1013;224122;5188;1164;0;42
FR;5;2023-02-11;12;11;3;1;15;4;0;0;0;277548;185042;3478;1014;224137;5192;1164;0;42
FR;5;2023-02-12;3;7;1;0;8;1;0;0;0;277551;185049;3479;1014;224145;5193;1164;0;42
FR;5;2023-02-13;4;6;6;0;5;7;0;0;0;277555;185055;3485;1014;224150;5200;1164;0;42
FR;5;2023-02-14;11;8;2;0;8;3;0;0;0;277566;185063;3487;1014;224158;5203;1164;0;42
FR;5;2023-02-15;27;25;4;0;27;5;0;0;0;277593;185088;3491;1014;224185;5208;1164;0;42
FR;5;2023-02-16;8;4;3;0;8;3;0;0;0;277601;185092;3494;1014;224193;5211;1164;0;42
FR;5;2023-02-17;9;5;8;0;6;8;0;0;0;277610;185097;3502;1014;224199;5219;1164;0;42
FR;5;2023-02-18;9;14;3;1;16;3;1;0;0;277619;185111;3505;1015;224215;5222;1165;0;42
FR;5;2023-02-19;0;1;0;0;1;0;0;0;0;277619;185112;3505;1015;224216;5222;1165;0;42
FR;5;2023-02-20;6;6;4;0;6;5;0;0;0;277625;185118;3509;1015;224222;5227;1165;0;42
FR;5;2023-02-21;4;6;5;0;7;5;0;0;0;277629;185124;3514;1015;224229;5232;1165;0;42
FR;5;2023-02-22;10;16;5;0;15;5;1;0;0;277639;185140;3519;1015;224244;5237;1166;0;42
FR;5;2023-02-23;5;5;2;0;5;2;0;0;0;277644;185145;3521;1015;224249;5239;1166;0;42
FR;5;2023-02-24;17;22;1;0;21;3;0;0;0;277661;185167;3522;1015;224270;5242;1166;0;42
FR;5;2023-02-25;10;9;0;0;9;0;0;0;0;277671;185176;3522;1015;224279;5242;1166;0;42
FR;5;2023-02-26;1;1;0;0;1;0;0;0;0;277672;185177;3522;1015;224280;5242;1166;0;42
FR;5;2023-02-27;7;5;2;0;5;2;0;0;0;277679;185182;3524;1015;224285;5244;1166;0;42
FR;5;2023-02-28;4;8;2;0;8;4;0;0;0;277683;185190;3526;1015;224293;5248;1166;0;42
FR;5;2023-03-01;10;25;1;0;23;3;1;0;0;277693;185215;3527;1015;224316;5251;1167;0;42
FR;5;2023-03-02;6;13;3;0;12;5;0;0;0;277699;185228;3530;1015;224328;5256;1167;0;42
FR;5;2023-03-03;9;4;3;0;8;3;1;0;0;277708;185232;3533;1015;224336;5259;1168;0;42
FR;5;2023-03-04;6;17;7;0;16;8;0;0;0;277714;185249;3540;1015;224352;5267;1168;0;42
FR;5;2023-03-05;3;3;0;0;3;0;0;0;0;277717;185252;3540;1015;224355;5267;1168;0;42
FR;5;2023-03-06;2;7;1;0;6;2;0;0;0;277719;185259;3541;1015;224361;5269;1168;0;42
FR;5;2023-03-07;2;8;2;0;8;2;0;0;0;277721;185267;3543;1015;224369;5271;1168;0;42
FR;5;2023-03-08;9;21;1;0;22;1;0;0;0;277730;185288;3544;1015;224391;5272;1168;0;42
FR;5;2023-03-09;1;6;0;0;5;1;0;0;0;277731;185294;3544;1015;224396;5273;1168;0;42
FR;5;2023-03-10;3;6;2;1;7;2;1;0;0;277734;185300;3546;1016;224403;5275;1169;0;42
FR;5;2023-03-11;5;2;0;0;4;0;0;0;0;277739;185302;3546;1016;224407;5275;1169;0;42
FR;5;2023-03-12;0;1;0;0;1;0;0;0;0;277739;185303;3546;1016;224408;5275;1169;0;42
FR;5;2023-03-13;2;2;0;0;4;0;0;0;0;277741;185305;3546;1016;224412;5275;1169;0;42
FR;5;2023-03-14;6;1;1;1;5;1;1;0;0;277747;185306;3547;1017;224417;5276;1170;0;42
FR;5;2023-03-15;7;8;2;0;12;3;0;0;0;277754;185314;3549;1017;224429;5279;1170;0;42
FR;5;2023-03-16;1;6;0;0;6;0;0;0;0;277755;185320;3549;1017;224435;5279;1170;0;42
FR;6;2020-12-27;0;0;0;0;0;0;0;0;0;0;0;0;0;0;0;0;0;0
FR;6;2020-12-28;0;0;0;0;0;0;0;0;0;0;0;0;0;0;0;0;0;0
FR;6;2020-12-29;0;0;0;0;0;0;0;0;0;0;0;0;0;0;0;0;0;0
FR;6;2020-12-30;0;0;0;0;0;0;0;0;0;0;0;0;0;0;0;0;0;0
FR;6;2020-12-31;0;0;0;0;0;0;0;0;0;0;0;0;0;0;0;0;0;0
FR;6;2021-01-01;0;0;0;0;0;0;0;0;0;0;0;0;0;0;0;0;0;0
FR;6;2021-01-02;0;0;0;0;0;0;0;0;0;0;0;0;0;0;0;0;0;0
FR;6;2021-01-03;0;0;0;0;0;0;0;0;0;0;0;0;0;0;0;0;0;0
FR;6;2021-01-04;0;0;0;0;0;0;0;0;0;0;0;0;0;0;0;0;0;0
FR;6;2021-01-05;0;0;0;0;0;0;0;0;0;0;0;0;0;0;0;0;0;0
FR;6;2021-01-06;0;0;0;0;0;0;0;0;0;0;0;0;0;0;0;0;0;0
FR;6;2021-01-07;0;0;0;0;0;0;0;0;0;0;0;0;0;0;0;0;0;0
FR;6;2021-01-08;0;0;0;0;0;0;0;0;0;0;0;0;0;0;0;0;0;0
FR;6;2021-01-09;0;0;0;0;0;0;0;0;0;0;0;0;0;0;0;0;0;0
FR;6;2021-01-10;0;0;0;0;0;0;0;0;0;0;0;0;0;0;0;0;0;0
FR;6;2021-01-11;0;0;0;0;0;0;0;0;0;0;0;0;0;0;0;0;0;0
FR;6;2021-01-12;0;0;0;0;0;0;0;0;0;0;0;0;0;0;0;0;0;0
FR;6;2021-01-13;0;0;0;0;0;0;0;0;0;0;0;0;0;0;0;0;0;0
FR;6;2021-01-14;0;0;0;0;0;0;0;0;0;0;0;0;0;0;0;0;0;0
FR;6;2021-01-15;0;0;0;0;0;0;0;0;0;0;0;0;0;0;0;0;0;0
FR;6;2021-01-16;0;0;0;0;0;0;0;0;0;0;0;0;0;0;0;0;0;0
FR;6;2021-01-17;0;0;0;0;0;0;0;0;0;0;0;0;0;0;0;0;0;0
FR;6;2021-01-18;0;0;0;0;0;0;0;0;0;0;0;0;0;0;0;0;0;0
FR;6;2021-01-19;0;0;0;0;0;0;0;0;0;0;0;0;0;0;0;0;0;0
FR;6;2021-01-20;0;0;0;0;0;0;0;0;0;0;0;0;0;0;0;0;0;0
FR;6;2021-01-21;0;0;0;0;0;0;0;0;0;0;0;0;0;0;0;0;0;0
FR;6;2021-01-22;0;0;0;0;0;0;0;0;0;0;0;0;0;0;0;0;0;0
FR;6;2021-01-23;0;0;0;0;0;0;0;0;0;0;0;0;0;0;0;0;0;0
FR;6;2021-01-24;0;0;0;0;0;0;0;0;0;0;0;0;0;0;0;0;0;0
FR;6;2021-01-25;0;0;0;0;0;0;0;0;0;0;0;0;0;0;0;0;0;0
FR;6;2021-01-26;0;0;0;0;0;0;0;0;0;0;0;0;0;0;0;0;0;0
FR;6;2021-01-27;0;0;0;0;0;0;0;0;0;0;0;0;0;0;0;0;0;0
FR;6;2021-01-28;0;0;0;0;0;0;0;0;0;0;0;0;0;0;0;0;0;0
FR;6;2021-01-29;0;0;0;0;0;0;0;0;0;0;0;0;0;0;0;0;0;0
FR;6;2021-01-30;0;0;0;0;0;0;0;0;0;0;0;0;0;0;0;0;0;0
FR;6;2021-01-31;0;0;0;0;0;0;0;0;0;0;0;0;0;0;0;0;0;0
FR;6;2021-02-01;0;0;0;0;0;0;0;0;0;0;0;0;0;0;0;0;0;0
FR;6;2021-02-02;0;0;0;0;0;0;0;0;0;0;0;0;0;0;0;0;0;0
FR;6;2021-02-03;0;0;0;0;0;0;0;0;0;0;0;0;0;0;0;0;0;0
FR;6;2021-02-04;0;0;0;0;0;0;0;0;0;0;0;0;0;0;0;0;0;0
FR;6;2021-02-05;0;0;0;0;0;0;0;0;0;0;0;0;0;0;0;0;0;0
FR;6;2021-02-06;0;0;0;0;0;0;0;0;0;0;0;0;0;0;0;0;0;0
FR;6;2021-02-07;0;0;0;0;0;0;0;0;0;0;0;0;0;0;0;0;0;0
FR;6;2021-02-08;0;0;0;0;0;0;0;0;0;0;0;0;0;0;0;0;0;0
FR;6;2021-02-09;0;0;0;0;0;0;0;0;0;0;0;0;0;0;0;0;0;0
FR;6;2021-02-10;0;0;0;0;0;0;0;0;0;0;0;0;0;0;0;0;0;0
FR;6;2021-02-11;0;0;0;0;0;0;0;0;0;0;0;0;0;0;0;0;0;0
FR;6;2021-02-12;0;0;0;0;0;0;0;0;0;0;0;0;0;0;0;0;0;0
FR;6;2021-02-13;0;0;0;0;0;0;0;0;0;0;0;0;0;0;0;0;0;0
FR;6;2021-02-14;0;0;0;0;0;0;0;0;0;0;0;0;0;0;0;0;0;0
FR;6;2021-02-15;0;0;0;0;0;0;0;0;0;0;0;0;0;0;0;0;0;0
FR;6;2021-02-16;0;0;0;0;0;0;0;0;0;0;0;0;0;0;0;0;0;0
FR;6;2021-02-17;0;0;0;0;0;0;0;0;0;0;0;0;0;0;0;0;0;0
FR;6;2021-02-18;0;0;0;0;0;0;0;0;0;0;0;0;0;0;0;0;0;0
FR;6;2021-02-19;0;0;0;0;0;0;0;0;0;0;0;0;0;0;0;0;0;0
FR;6;2021-02-20;0;0;0;0;0;0;0;0;0;0;0;0;0;0;0;0;0;0
FR;6;2021-02-21;0;0;0;0;0;0;0;0;0;0;0;0;0;0;0;0;0;0
FR;6;2021-02-22;0;0;0;0;0;0;0;0;0;0;0;0;0;0;0;0;0;0
FR;6;2021-02-23;0;0;0;0;0;0;0;0;0;0;0;0;0;0;0;0;0;0
FR;6;2021-02-24;0;0;0;0;0;0;0;0;0;0;0;0;0;0;0;0;0;0
FR;6;2021-02-25;0;0;0;0;0;0;0;0;0;0;0;0;0;0;0;0;0;0
FR;6;2021-02-26;0;0;0;0;0;0;0;0;0;0;0;0;0;0;0;0;0;0
FR;6;2021-02-27;0;0;0;0;0;0;0;0;0;0;0;0;0;0;0;0;0;0
FR;6;2021-02-28;0;0;0;0;0;0;0;0;0;0;0;0;0;0;0;0;0;0
FR;6;2021-03-01;0;0;0;0;0;0;0;0;0;0;0;0;0;0;0;0;0;0
FR;6;2021-03-02;0;0;0;0;0;0;0;0;0;0;0;0;0;0;0;0;0;0
FR;6;2021-03-03;0;0;0;0;0;0;0;0;0;0;0;0;0;0;0;0;0;0
FR;6;2021-03-04;0;0;0;0;0;0;0;0;0;0;0;0;0;0;0;0;0;0
FR;6;2021-03-05;0;0;0;0;0;0;0;0;0;0;0;0;0;0;0;0;0;0
FR;6;2021-03-06;0;0;0;0;0;0;0;0;0;0;0;0;0;0;0;0;0;0
FR;6;2021-03-07;0;0;0;0;0;0;0;0;0;0;0;0;0;0;0;0;0;0
FR;6;2021-03-08;0;0;0;0;0;0;0;0;0;0;0;0;0;0;0;0;0;0
FR;6;2021-03-09;0;0;0;0;0;0;0;0;0;0;0;0;0;0;0;0;0;0
FR;6;2021-03-10;0;0;0;0;0;0;0;0;0;0;0;0;0;0;0;0;0;0
FR;6;2021-03-11;0;0;0;0;0;0;0;0;0;0;0;0;0;0;0;0;0;0
FR;6;2021-03-12;0;0;0;0;0;0;0;0;0;0;0;0;0;0;0;0;0;0
FR;6;2021-03-13;0;0;0;0;0;0;0;0;0;0;0;0;0;0;0;0;0;0
FR;6;2021-03-14;0;0;0;0;0;0;0;0;0;0;0;0;0;0;0;0;0;0
FR;6;2021-03-15;0;0;0;0;0;0;0;0;0;0;0;0;0;0;0;0;0;0
FR;6;2021-03-16;0;0;0;0;0;0;0;0;0;0;0;0;0;0;0;0;0;0
FR;6;2021-03-17;0;0;0;0;0;0;0;0;0;0;0;0;0;0;0;0;0;0
FR;6;2021-03-18;0;0;0;0;0;0;0;0;0;0;0;0;0;0;0;0;0;0
FR;6;2021-03-19;0;0;0;0;0;0;0;0;0;0;0;0;0;0;0;0;0;0
FR;6;2021-03-20;0;0;0;0;0;0;0;0;0;0;0;0;0;0;0;0;0;0
FR;6;2021-03-21;0;0;0;0;0;0;0;0;0;0;0;0;0;0;0;0;0;0
FR;6;2021-03-22;0;0;0;0;0;0;0;0;0;0;0;0;0;0;0;0;0;0
FR;6;2021-03-23;0;0;0;0;0;0;0;0;0;0;0;0;0;0;0;0;0;0
FR;6;2021-03-24;0;0;0;0;0;0;0;0;0;0;0;0;0;0;0;0;0;0
FR;6;2021-03-25;0;0;0;0;0;0;0;0;0;0;0;0;0;0;0;0;0;0
FR;6;2021-03-26;0;0;0;0;0;0;0;0;0;0;0;0;0;0;0;0;0;0
FR;6;2021-03-27;0;0;0;0;0;0;0;0;0;0;0;0;0;0;0;0;0;0
FR;6;2021-03-28;0;0;0;0;0;0;0;0;0;0;0;0;0;0;0;0;0;0
FR;6;2021-03-29;0;0;0;0;0;0;0;0;0;0;0;0;0;0;0;0;0;0
FR;6;2021-03-30;0;0;0;0;0;0;0;0;0;0;0;0;0;0;0;0;0;0
FR;6;2021-03-31;0;0;0;0;0;0;0;0;0;0;0;0;0;0;0;0;0;0
FR;6;2021-04-01;0;0;0;0;0;0;0;0;0;0;0;0;0;0;0;0;0;0
FR;6;2021-04-02;0;0;0;0;0;0;0;0;0;0;0;0;0;0;0;0;0;0
FR;6;2021-04-03;0;0;0;0;0;0;0;0;0;0;0;0;0;0;0;0;0;0
FR;6;2021-04-04;0;0;0;0;0;0;0;0;0;0;0;0;0;0;0;0;0;0
FR;6;2021-04-05;0;0;0;0;0;0;0;0;0;0;0;0;0;0;0;0;0;0
FR;6;2021-04-06;0;0;0;0;0;0;0;0;0;0;0;0;0;0;0;0;0;0
FR;6;2021-04-07;0;0;0;0;0;0;0;0;0;0;0;0;0;0;0;0;0;0
FR;6;2021-04-08;0;0;0;0;0;0;0;0;0;0;0;0;0;0;0;0;0;0
FR;6;2021-04-09;0;0;0;0;0;0;0;0;0;0;0;0;0;0;0;0;0;0
FR;6;2021-04-10;0;0;0;0;0;0;0;0;0;0;0;0;0;0;0;0;0;0
FR;6;2021-04-11;0;0;0;0;0;0;0;0;0;0;0;0;0;0;0;0;0;0
FR;6;2021-04-12;0;0;0;0;0;0;0;0;0;0;0;0;0;0;0;0;0;0
FR;6;2021-04-13;0;0;0;0;0;0;0;0;0;0;0;0;0;0;0;0;0;0
FR;6;2021-04-14;0;0;0;0;0;0;0;0;0;0;0;0;0;0;0;0;0;0
FR;6;2021-04-15;0;0;0;0;0;0;0;0;0;0;0;0;0;0;0;0;0;0
FR;6;2021-04-16;0;0;0;0;0;0;0;0;0;0;0;0;0;0;0;0;0;0
FR;6;2021-04-17;0;0;0;0;0;0;0;0;0;0;0;0;0;0;0;0;0;0
FR;6;2021-04-18;0;0;0;0;0;0;0;0;0;0;0;0;0;0;0;0;0;0
FR;6;2021-04-19;0;0;0;0;0;0;0;0;0;0;0;0;0;0;0;0;0;0
FR;6;2021-04-20;0;0;0;0;0;0;0;0;0;0;0;0;0;0;0;0;0;0
FR;6;2021-04-21;0;0;0;0;0;0;0;0;0;0;0;0;0;0;0;0;0;0
FR;6;2021-04-22;0;0;0;0;0;0;0;0;0;0;0;0;0;0;0;0;0;0
FR;6;2021-04-23;0;0;0;0;0;0;0;0;0;0;0;0;0;0;0;0;0;0
FR;6;2021-04-24;0;0;0;0;0;0;0;0;0;0;0;0;0;0;0;0;0;0
FR;6;2021-04-25;0;0;0;0;0;0;0;0;0;0;0;0;0;0;0;0;0;0
FR;6;2021-04-26;0;0;0;0;0;0;0;0;0;0;0;0;0;0;0;0;0;0
FR;6;2021-04-27;0;0;0;0;0;0;0;0;0;0;0;0;0;0;0;0;0;0
FR;6;2021-04-28;0;0;0;0;0;0;0;0;0;0;0;0;0;0;0;0;0;0
FR;6;2021-04-29;0;0;0;0;0;0;0;0;0;0;0;0;0;0;0;0;0;0
FR;6;2021-04-30;0;0;0;0;0;0;0;0;0;0;0;0;0;0;0;0;0;0
FR;6;2021-05-01;0;0;0;0;0;0;0;0;0;0;0;0;0;0;0;0;0;0
FR;6;2021-05-02;0;0;0;0;0;0;0;0;0;0;0;0;0;0;0;0;0;0
FR;6;2021-05-03;0;0;0;0;0;0;0;0;0;0;0;0;0;0;0;0;0;0
FR;6;2021-05-04;0;0;0;0;0;0;0;0;0;0;0;0;0;0;0;0;0;0
FR;6;2021-05-05;0;0;0;0;0;0;0;0;0;0;0;0;0;0;0;0;0;0
FR;6;2021-05-06;0;0;0;0;0;0;0;0;0;0;0;0;0;0;0;0;0;0
FR;6;2021-05-07;0;0;0;0;0;0;0;0;0;0;0;0;0;0;0;0;0;0
FR;6;2021-05-08;0;0;0;0;0;0;0;0;0;0;0;0;0;0;0;0;0;0
FR;6;2021-05-09;0;0;0;0;0;0;0;0;0;0;0;0;0;0;0;0;0;0
FR;6;2021-05-10;0;0;0;0;0;0;0;0;0;0;0;0;0;0;0;0;0;0
FR;6;2021-05-11;0;0;0;0;0;0;0;0;0;0;0;0;0;0;0;0;0;0
FR;6;2021-05-12;0;0;0;0;0;0;0;0;0;0;0;0;0;0;0;0;0;0
FR;6;2021-05-13;0;0;0;0;0;0;0;0;0;0;0;0;0;0;0;0;0;0
FR;6;2021-05-14;0;0;0;0;0;0;0;0;0;0;0;0;0;0;0;0;0;0
FR;6;2021-05-15;0;0;0;0;0;0;0;0;0;0;0;0;0;0;0;0;0;0
FR;6;2021-05-16;0;0;0;0;0;0;0;0;0;0;0;0;0;0;0;0;0;0
FR;6;2021-05-17;0;0;0;0;0;0;0;0;0;0;0;0;0;0;0;0;0;0
FR;6;2021-05-18;0;0;0;0;0;0;0;0;0;0;0;0;0;0;0;0;0;0
FR;6;2021-05-19;0;0;0;0;0;0;0;0;0;0;0;0;0;0;0;0;0;0
FR;6;2021-05-20;0;0;0;0;0;0;0;0;0;0;0;0;0;0;0;0;0;0
FR;6;2021-05-21;0;0;0;0;0;0;0;0;0;0;0;0;0;0;0;0;0;0
FR;6;2021-05-22;0;0;0;0;0;0;0;0;0;0;0;0;0;0;0;0;0;0
FR;6;2021-05-23;0;0;0;0;0;0;0;0;0;0;0;0;0;0;0;0;0;0
FR;6;2021-05-24;0;0;0;0;0;0;0;0;0;0;0;0;0;0;0;0;0;0
FR;6;2021-05-25;0;0;0;0;0;0;0;0;0;0;0;0;0;0;0;0;0;0
FR;6;2021-05-26;0;0;0;0;0;0;0;0;0;0;0;0;0;0;0;0;0;0
FR;6;2021-05-27;0;0;0;0;0;0;0;0;0;0;0;0;0;0;0;0;0;0
FR;6;2021-05-28;0;0;0;0;0;0;0;0;0;0;0;0;0;0;0;0;0;0
FR;6;2021-05-29;0;0;0;0;0;0;0;0;0;0;0;0;0;0;0;0;0;0
FR;6;2021-05-30;0;0;0;0;0;0;0;0;0;0;0;0;0;0;0;0;0;0
FR;6;2021-05-31;0;0;0;0;0;0;0;0;0;0;0;0;0;0;0;0;0;0
FR;6;2021-06-01;0;0;0;0;0;0;0;0;0;0;0;0;0;0;0;0;0;0
FR;6;2021-06-02;0;0;0;0;0;0;0;0;0;0;0;0;0;0;0;0;0;0
FR;6;2021-06-03;0;0;0;0;0;0;0;0;0;0;0;0;0;0;0;0;0;0
FR;6;2021-06-04;0;0;0;0;0;0;0;0;0;0;0;0;0;0;0;0;0;0
FR;6;2021-06-05;0;0;0;0;0;0;0;0;0;0;0;0;0;0;0;0;0;0
FR;6;2021-06-06;0;0;0;0;0;0;0;0;0;0;0;0;0;0;0;0;0;0
FR;6;2021-06-07;0;0;0;0;0;0;0;0;0;0;0;0;0;0;0;0;0;0
FR;6;2021-06-08;0;0;0;0;0;0;0;0;0;0;0;0;0;0;0;0;0;0
FR;6;2021-06-09;0;0;0;0;0;0;0;0;0;0;0;0;0;0;0;0;0;0
FR;6;2021-06-10;0;0;0;0;0;0;0;0;0;0;0;0;0;0;0;0;0;0
FR;6;2021-06-11;0;0;0;0;0;0;0;0;0;0;0;0;0;0;0;0;0;0
FR;6;2021-06-12;0;0;0;0;0;0;0;0;0;0;0;0;0;0;0;0;0;0
FR;6;2021-06-13;0;0;0;0;0;0;0;0;0;0;0;0;0;0;0;0;0;0
FR;6;2021-06-14;0;0;0;0;0;0;0;0;0;0;0;0;0;0;0;0;0;0
FR;6;2021-06-15;0;0;0;0;0;0;0;0;0;0;0;0;0;0;0;0;0;0
FR;6;2021-06-16;0;0;0;0;0;0;0;0;0;0;0;0;0;0;0;0;0;0
FR;6;2021-06-17;0;0;0;0;0;0;0;0;0;0;0;0;0;0;0;0;0;0
FR;6;2021-06-18;0;0;0;0;0;0;0;0;0;0;0;0;0;0;0;0;0;0
FR;6;2021-06-19;0;0;0;0;0;0;0;0;0;0;0;0;0;0;0;0;0;0
FR;6;2021-06-20;0;0;0;0;0;0;0;0;0;0;0;0;0;0;0;0;0;0
FR;6;2021-06-21;0;0;0;0;0;0;0;0;0;0;0;0;0;0;0;0;0;0
FR;6;2021-06-22;0;0;0;0;0;0;0;0;0;0;0;0;0;0;0;0;0;0
FR;6;2021-06-23;0;0;0;0;0;0;0;0;0;0;0;0;0;0;0;0;0;0
FR;6;2021-06-24;0;0;0;0;0;0;0;0;0;0;0;0;0;0;0;0;0;0
FR;6;2021-06-25;0;0;0;0;0;0;0;0;0;0;0;0;0;0;0;0;0;0
FR;6;2021-06-26;0;0;0;0;0;0;0;0;0;0;0;0;0;0;0;0;0;0
FR;6;2021-06-27;0;0;0;0;0;0;0;0;0;0;0;0;0;0;0;0;0;0
FR;6;2021-06-28;0;0;0;0;0;0;0;0;0;0;0;0;0;0;0;0;0;0
FR;6;2021-06-29;0;0;0;0;0;0;0;0;0;0;0;0;0;0;0;0;0;0
FR;6;2021-06-30;0;0;0;0;0;0;0;0;0;0;0;0;0;0;0;0;0;0
FR;6;2021-07-01;0;0;0;0;0;0;0;0;0;0;0;0;0;0;0;0;0;0
FR;6;2021-07-02;0;0;0;0;0;0;0;0;0;0;0;0;0;0;0;0;0;0
FR;6;2021-07-03;0;0;0;0;0;0;0;0;0;0;0;0;0;0;0;0;0;0
FR;6;2021-07-04;0;0;0;0;0;0;0;0;0;0;0;0;0;0;0;0;0;0
FR;6;2021-07-05;0;0;0;0;0;0;0;0;0;0;0;0;0;0;0;0;0;0
FR;6;2021-07-06;0;0;0;0;0;0;0;0;0;0;0;0;0;0;0;0;0;0
FR;6;2021-07-07;0;0;0;0;0;0;0;0;0;0;0;0;0;0;0;0;0;0
FR;6;2021-07-08;0;0;0;0;0;0;0;0;0;0;0;0;0;0;0;0;0;0
FR;6;2021-07-09;0;0;0;0;0;0;0;0;0;0;0;0;0;0;0;0;0;0
FR;6;2021-07-10;0;0;0;0;0;0;0;0;0;0;0;0;0;0;0;0;0;0
FR;6;2021-07-11;0;0;0;0;0;0;0;0;0;0;0;0;0;0;0;0;0;0
FR;6;2021-07-12;0;0;0;0;0;0;0;0;0;0;0;0;0;0;0;0;0;0
FR;6;2021-07-13;0;0;0;0;0;0;0;0;0;0;0;0;0;0;0;0;0;0
FR;6;2021-07-14;0;0;0;0;0;0;0;0;0;0;0;0;0;0;0;0;0;0
FR;6;2021-07-15;0;0;0;0;0;0;0;0;0;0;0;0;0;0;0;0;0;0
FR;6;2021-07-16;0;0;0;0;0;0;0;0;0;0;0;0;0;0;0;0;0;0
FR;6;2021-07-17;0;0;0;0;0;0;0;0;0;0;0;0;0;0;0;0;0;0
FR;6;2021-07-18;0;0;0;0;0;0;0;0;0;0;0;0;0;0;0;0;0;0
FR;6;2021-07-19;0;0;0;0;0;0;0;0;0;0;0;0;0;0;0;0;0;0
FR;6;2021-07-20;0;0;0;0;0;0;0;0;0;0;0;0;0;0;0;0;0;0
FR;6;2021-07-21;0;0;0;0;0;0;0;0;0;0;0;0;0;0;0;0;0;0
FR;6;2021-07-22;0;0;0;0;0;0;0;0;0;0;0;0;0;0;0;0;0;0
FR;6;2021-07-23;0;0;0;0;0;0;0;0;0;0;0;0;0;0;0;0;0;0
FR;6;2021-07-24;0;0;0;0;0;0;0;0;0;0;0;0;0;0;0;0;0;0
FR;6;2021-07-25;0;0;0;0;0;0;0;0;0;0;0;0;0;0;0;0;0;0
FR;6;2021-07-26;0;0;0;0;0;0;0;0;0;0;0;0;0;0;0;0;0;0
FR;6;2021-07-27;0;0;0;0;0;0;0;0;0;0;0;0;0;0;0;0;0;0
FR;6;2021-07-28;0;0;0;0;0;0;0;0;0;0;0;0;0;0;0;0;0;0
FR;6;2021-07-29;0;0;0;0;0;0;0;0;0;0;0;0;0;0;0;0;0;0
FR;6;2021-07-30;0;0;0;0;0;0;0;0;0;0;0;0;0;0;0;0;0;0
FR;6;2021-07-31;0;0;0;0;0;0;0;0;0;0;0;0;0;0;0;0;0;0
FR;6;2021-08-01;0;0;0;0;0;0;0;0;0;0;0;0;0;0;0;0;0;0
FR;6;2021-08-02;0;0;0;0;0;0;0;0;0;0;0;0;0;0;0;0;0;0
FR;6;2021-08-03;0;0;0;0;0;0;0;0;0;0;0;0;0;0;0;0;0;0
FR;6;2021-08-04;0;0;0;0;0;0;0;0;0;0;0;0;0;0;0;0;0;0
FR;6;2021-08-05;0;0;0;0;0;0;0;0;0;0;0;0;0;0;0;0;0;0
FR;6;2021-08-06;0;0;0;0;0;0;0;0;0;0;0;0;0;0;0;0;0;0
FR;6;2021-08-07;0;0;0;0;0;0;0;0;0;0;0;0;0;0;0;0;0;0
FR;6;2021-08-08;0;0;0;0;0;0;0;0;0;0;0;0;0;0;0;0;0;0
FR;6;2021-08-09;0;0;0;0;0;0;0;0;0;0;0;0;0;0;0;0;0;0
FR;6;2021-08-10;0;0;0;0;0;0;0;0;0;0;0;0;0;0;0;0;0;0
FR;6;2021-08-11;0;0;0;0;0;0;0;0;0;0;0;0;0;0;0;0;0;0
FR;6;2021-08-12;0;0;0;0;0;0;0;0;0;0;0;0;0;0;0;0;0;0
FR;6;2021-08-13;0;0;0;0;0;0;0;0;0;0;0;0;0;0;0;0;0;0
FR;6;2021-08-14;0;0;0;0;0;0;0;0;0;0;0;0;0;0;0;0;0;0
FR;6;2021-08-15;0;0;0;0;0;0;0;0;0;0;0;0;0;0;0;0;0;0
FR;6;2021-08-16;0;0;0;0;0;0;0;0;0;0;0;0;0;0;0;0;0;0
FR;6;2021-08-17;0;0;0;0;0;0;0;0;0;0;0;0;0;0;0;0;0;0
FR;6;2021-08-18;0;0;0;0;0;0;0;0;0;0;0;0;0;0;0;0;0;0
FR;6;2021-08-19;0;0;0;0;0;0;0;0;0;0;0;0;0;0;0;0;0;0
FR;6;2021-08-20;0;0;0;0;0;0;0;0;0;0;0;0;0;0;0;0;0;0
FR;6;2021-08-21;0;0;0;0;0;0;0;0;0;0;0;0;0;0;0;0;0;0
FR;6;2021-08-22;0;0;0;0;0;0;0;0;0;0;0;0;0;0;0;0;0;0
FR;6;2021-08-23;0;0;0;0;0;0;0;0;0;0;0;0;0;0;0;0;0;0
FR;6;2021-08-24;0;0;0;0;0;0;0;0;0;0;0;0;0;0;0;0;0;0
FR;6;2021-08-25;0;0;0;0;0;0;0;0;0;0;0;0;0;0;0;0;0;0
FR;6;2021-08-26;0;0;0;0;0;0;0;0;0;0;0;0;0;0;0;0;0;0
FR;6;2021-08-27;0;0;0;0;0;0;0;0;0;0;0;0;0;0;0;0;0;0
FR;6;2021-08-28;0;0;0;0;0;0;0;0;0;0;0;0;0;0;0;0;0;0
FR;6;2021-08-29;0;0;0;0;0;0;0;0;0;0;0;0;0;0;0;0;0;0
FR;6;2021-08-30;0;0;0;0;0;0;0;0;0;0;0;0;0;0;0;0;0;0
FR;6;2021-08-31;0;0;0;0;0;0;0;0;0;0;0;0;0;0;0;0;0;0
FR;6;2021-09-01;0;0;0;0;0;0;0;0;0;0;0;0;0;0;0;0;0;0
FR;6;2021-09-02;0;0;0;0;0;0;0;0;0;0;0;0;0;0;0;0;0;0
FR;6;2021-09-03;0;0;0;0;0;0;0;0;0;0;0;0;0;0;0;0;0;0
FR;6;2021-09-04;0;0;0;0;0;0;0;0;0;0;0;0;0;0;0;0;0;0
FR;6;2021-09-05;0;0;0;0;0;0;0;0;0;0;0;0;0;0;0;0;0;0
FR;6;2021-09-06;0;0;0;0;0;0;0;0;0;0;0;0;0;0;0;0;0;0
FR;6;2021-09-07;0;0;0;0;0;0;0;0;0;0;0;0;0;0;0;0;0;0
FR;6;2021-09-08;0;0;0;0;0;0;0;0;0;0;0;0;0;0;0;0;0;0
FR;6;2021-09-09;0;0;0;0;0;0;0;0;0;0;0;0;0;0;0;0;0;0
FR;6;2021-09-10;0;0;0;0;0;0;0;0;0;0;0;0;0;0;0;0;0;0
FR;6;2021-09-11;0;0;0;0;0;0;0;0;0;0;0;0;0;0;0;0;0;0
FR;6;2021-09-12;0;0;0;0;0;0;0;0;0;0;0;0;0;0;0;0;0;0
FR;6;2021-09-13;0;0;0;0;0;0;0;0;0;0;0;0;0;0;0;0;0;0
FR;6;2021-09-14;0;0;0;0;0;0;0;0;0;0;0;0;0;0;0;0;0;0
FR;6;2021-09-15;0;0;0;0;0;0;0;0;0;0;0;0;0;0;0;0;0;0
FR;6;2021-09-16;0;0;0;0;0;0;0;0;0;0;0;0;0;0;0;0;0;0
FR;6;2021-09-17;0;0;0;0;0;0;0;0;0;0;0;0;0;0;0;0;0;0
FR;6;2021-09-18;0;0;0;0;0;0;0;0;0;0;0;0;0;0;0;0;0;0
FR;6;2021-09-19;0;0;0;0;0;0;0;0;0;0;0;0;0;0;0;0;0;0
FR;6;2021-09-20;0;0;0;0;0;0;0;0;0;0;0;0;0;0;0;0;0;0
FR;6;2021-09-21;0;0;0;0;0;0;0;0;0;0;0;0;0;0;0;0;0;0
FR;6;2021-09-22;0;0;0;0;0;0;0;0;0;0;0;0;0;0;0;0;0;0
FR;6;2021-09-23;0;0;0;0;0;0;0;0;0;0;0;0;0;0;0;0;0;0
FR;6;2021-09-24;0;0;0;0;0;0;0;0;0;0;0;0;0;0;0;0;0;0
FR;6;2021-09-25;0;0;0;0;0;0;0;0;0;0;0;0;0;0;0;0;0;0
FR;6;2021-09-26;0;0;0;0;0;0;0;0;0;0;0;0;0;0;0;0;0;0
FR;6;2021-09-27;0;0;0;0;0;0;0;0;0;0;0;0;0;0;0;0;0;0
FR;6;2021-09-28;0;0;0;0;0;0;0;0;0;0;0;0;0;0;0;0;0;0
FR;6;2021-09-29;0;0;0;0;0;0;0;0;0;0;0;0;0;0;0;0;0;0
FR;6;2021-09-30;0;0;0;0;0;0;0;0;0;0;0;0;0;0;0;0;0;0
FR;6;2021-10-01;0;0;0;0;0;0;0;0;0;0;0;0;0;0;0;0;0;0
FR;6;2021-10-02;0;0;0;0;0;0;0;0;0;0;0;0;0;0;0;0;0;0
FR;6;2021-10-03;0;0;0;0;0;0;0;0;0;0;0;0;0;0;0;0;0;0
FR;6;2021-10-04;0;0;0;0;0;0;0;0;0;0;0;0;0;0;0;0;0;0
FR;6;2021-10-05;0;0;0;0;0;0;0;0;0;0;0;0;0;0;0;0;0;0
FR;6;2021-10-06;0;0;0;0;0;0;0;0;0;0;0;0;0;0;0;0;0;0
FR;6;2021-10-07;0;0;0;0;0;0;0;0;0;0;0;0;0;0;0;0;0;0
FR;6;2021-10-08;0;0;0;0;0;0;0;0;0;0;0;0;0;0;0;0;0;0
FR;6;2021-10-09;0;0;0;0;0;0;0;0;0;0;0;0;0;0;0;0;0;0
FR;6;2021-10-10;0;0;0;0;0;0;0;0;0;0;0;0;0;0;0;0;0;0
FR;6;2021-10-11;0;0;0;0;0;0;0;0;0;0;0;0;0;0;0;0;0;0
FR;6;2021-10-12;0;0;0;0;0;0;0;0;0;0;0;0;0;0;0;0;0;0
FR;6;2021-10-13;0;0;0;0;0;0;0;0;0;0;0;0;0;0;0;0;0;0
FR;6;2021-10-14;0;0;0;0;0;0;0;0;0;0;0;0;0;0;0;0;0;0
FR;6;2021-10-15;0;0;0;0;0;0;0;0;0;0;0;0;0;0;0;0;0;0
FR;6;2021-10-16;0;0;0;0;0;0;0;0;0;0;0;0;0;0;0;0;0;0
FR;6;2021-10-17;0;0;0;0;0;0;0;0;0;0;0;0;0;0;0;0;0;0
FR;6;2021-10-18;0;0;0;0;0;0;0;0;0;0;0;0;0;0;0;0;0;0
FR;6;2021-10-19;0;0;0;0;0;0;0;0;0;0;0;0;0;0;0;0;0;0
FR;6;2021-10-20;0;0;0;0;0;0;0;0;0;0;0;0;0;0;0;0;0;0
FR;6;2021-10-21;0;0;0;0;0;0;0;0;0;0;0;0;0;0;0;0;0;0
FR;6;2021-10-22;0;0;0;0;0;0;0;0;0;0;0;0;0;0;0;0;0;0
FR;6;2021-10-23;0;0;0;0;0;0;0;0;0;0;0;0;0;0;0;0;0;0
FR;6;2021-10-24;0;0;0;0;0;0;0;0;0;0;0;0;0;0;0;0;0;0
FR;6;2021-10-25;0;0;0;0;0;0;0;0;0;0;0;0;0;0;0;0;0;0
FR;6;2021-10-26;0;0;0;0;0;0;0;0;0;0;0;0;0;0;0;0;0;0
FR;6;2021-10-27;0;0;0;0;0;0;0;0;0;0;0;0;0;0;0;0;0;0
FR;6;2021-10-28;0;0;0;0;0;0;0;0;0;0;0;0;0;0;0;0;0;0
FR;6;2021-10-29;0;0;0;0;0;0;0;0;0;0;0;0;0;0;0;0;0;0
FR;6;2021-10-30;0;0;0;0;0;0;0;0;0;0;0;0;0;0;0;0;0;0
FR;6;2021-10-31;0;0;0;0;0;0;0;0;0;0;0;0;0;0;0;0;0;0
FR;6;2021-11-01;0;0;0;0;0;0;0;0;0;0;0;0;0;0;0;0;0;0
FR;6;2021-11-02;0;0;0;0;0;0;0;0;0;0;0;0;0;0;0;0;0;0
FR;6;2021-11-03;0;0;0;0;0;0;0;0;0;0;0;0;0;0;0;0;0;0
FR;6;2021-11-04;0;0;0;0;0;0;0;0;0;0;0;0;0;0;0;0;0;0
FR;6;2021-11-05;0;0;0;0;0;0;0;0;0;0;0;0;0;0;0;0;0;0
FR;6;2021-11-06;0;0;0;0;0;0;0;0;0;0;0;0;0;0;0;0;0;0
FR;6;2021-11-07;0;0;0;0;0;0;0;0;0;0;0;0;0;0;0;0;0;0
FR;6;2021-11-08;0;0;0;0;0;0;0;0;0;0;0;0;0;0;0;0;0;0
FR;6;2021-11-09;0;0;0;0;0;0;0;0;0;0;0;0;0;0;0;0;0;0
FR;6;2021-11-10;0;0;0;0;0;0;0;0;0;0;0;0;0;0;0;0;0;0
FR;6;2021-11-11;0;0;0;0;0;0;0;0;0;0;0;0;0;0;0;0;0;0
FR;6;2021-11-12;0;0;0;0;0;0;0;0;0;0;0;0;0;0;0;0;0;0
FR;6;2021-11-13;0;0;0;0;0;0;0;0;0;0;0;0;0;0;0;0;0;0
FR;6;2021-11-14;0;0;0;0;0;0;0;0;0;0;0;0;0;0;0;0;0;0
FR;6;2021-11-15;0;0;0;0;0;0;0;0;0;0;0;0;0;0;0;0;0;0
FR;6;2021-11-16;0;0;0;0;0;0;0;0;0;0;0;0;0;0;0;0;0;0
FR;6;2021-11-17;0;0;0;0;0;0;0;0;0;0;0;0;0;0;0;0;0;0
FR;6;2021-11-18;0;0;0;0;0;0;0;0;0;0;0;0;0;0;0;0;0;0
FR;6;2021-11-19;0;0;0;0;0;0;0;0;0;0;0;0;0;0;0;0;0;0
FR;6;2021-11-20;0;0;0;0;0;0;0;0;0;0;0;0;0;0;0;0;0;0
FR;6;2021-11-21;0;0;0;0;0;0;0;0;0;0;0;0;0;0;0;0;0;0
FR;6;2021-11-22;0;0;0;0;0;0;0;0;0;0;0;0;0;0;0;0;0;0
FR;6;2021-11-23;0;0;0;0;0;0;0;0;0;0;0;0;0;0;0;0;0;0
FR;6;2021-11-24;0;0;0;0;0;0;0;0;0;0;0;0;0;0;0;0;0;0
FR;6;2021-11-25;0;0;0;0;0;0;0;0;0;0;0;0;0;0;0;0;0;0
FR;6;2021-11-26;0;0;0;0;0;0;0;0;0;0;0;0;0;0;0;0;0;0
FR;6;2021-11-27;0;0;0;0;0;0;0;0;0;0;0;0;0;0;0;0;0;0
FR;6;2021-11-28;0;0;0;0;0;0;0;0;0;0;0;0;0;0;0;0;0;0
FR;6;2021-11-29;0;0;0;0;0;0;0;0;0;0;0;0;0;0;0;0;0;0
FR;6;2021-11-30;0;0;0;0;0;0;0;0;0;0;0;0;0;0;0;0;0;0
FR;6;2021-12-01;0;0;0;0;0;0;0;0;0;0;0;0;0;0;0;0;0;0
FR;6;2021-12-02;0;0;0;0;0;0;0;0;0;0;0;0;0;0;0;0;0;0
FR;6;2021-12-03;0;0;0;0;0;0;0;0;0;0;0;0;0;0;0;0;0;0
FR;6;2021-12-04;0;0;0;0;0;0;0;0;0;0;0;0;0;0;0;0;0;0
FR;6;2021-12-05;0;0;0;0;0;0;0;0;0;0;0;0;0;0;0;0;0;0
FR;6;2021-12-06;0;0;0;0;0;0;0;0;0;0;0;0;0;0;0;0;0;0
FR;6;2021-12-07;0;0;0;0;0;0;0;0;0;0;0;0;0;0;0;0;0;0
FR;6;2021-12-08;0;0;0;0;0;0;0;0;0;0;0;0;0;0;0;0;0;0
FR;6;2021-12-09;0;0;0;0;0;0;0;0;0;0;0;0;0;0;0;0;0;0
FR;6;2021-12-10;0;0;0;0;0;0;0;0;0;0;0;0;0;0;0;0;0;0
FR;6;2021-12-11;0;0;0;0;0;0;0;0;0;0;0;0;0;0;0;0;0;0
FR;6;2021-12-12;0;0;0;0;0;0;0;0;0;0;0;0;0;0;0;0;0;0
FR;6;2021-12-13;0;0;0;0;0;0;0;0;0;0;0;0;0;0;0;0;0;0
FR;6;2021-12-14;0;0;0;0;0;0;0;0;0;0;0;0;0;0;0;0;0;0
FR;6;2021-12-15;0;0;0;0;0;0;0;0;0;0;0;0;0;0;0;0;0;0
FR;6;2021-12-16;0;0;0;0;0;0;0;0;0;0;0;0;0;0;0;0;0;0
FR;6;2021-12-17;0;0;0;0;0;0;0;0;0;0;0;0;0;0;0;0;0;0
FR;6;2021-12-18;0;0;0;0;0;0;0;0;0;0;0;0;0;0;0;0;0;0
FR;6;2021-12-19;0;0;0;0;0;0;0;0;0;0;0;0;0;0;0;0;0;0
FR;6;2021-12-20;0;0;0;0;0;0;0;0;0;0;0;0;0;0;0;0;0;0
FR;6;2021-12-21;0;0;0;0;0;0;0;0;0;0;0;0;0;0;0;0;0;0
FR;6;2021-12-22;0;0;0;0;0;0;0;0;0;0;0;0;0;0;0;0;0;0
FR;6;2021-12-23;0;0;0;0;0;0;0;0;0;0;0;0;0;0;0;0;0;0
FR;6;2021-12-24;0;0;0;0;0;0;0;0;0;0;0;0;0;0;0;0;0;0
FR;6;2021-12-25;0;0;0;0;0;0;0;0;0;0;0;0;0;0;0;0;0;0
FR;6;2021-12-26;0;0;0;0;0;0;0;0;0;0;0;0;0;0;0;0;0;0
FR;6;2021-12-27;0;0;0;0;0;0;0;0;0;0;0;0;0;0;0;0;0;0
FR;6;2021-12-28;0;0;0;0;0;0;0;0;0;0;0;0;0;0;0;0;0;0
FR;6;2021-12-29;0;0;0;0;0;0;0;0;0;0;0;0;0;0;0;0;0;0
FR;6;2021-12-30;0;0;0;0;0;0;0;0;0;0;0;0;0;0;0;0;0;0
FR;6;2021-12-31;0;0;0;0;0;0;0;0;0;0;0;0;0;0;0;0;0;0
FR;6;2022-01-01;0;0;0;0;0;0;0;0;0;0;0;0;0;0;0;0;0;0
FR;6;2022-01-02;0;0;0;0;0;0;0;0;0;0;0;0;0;0;0;0;0;0
FR;6;2022-01-03;0;0;0;0;0;0;0;0;0;0;0;0;0;0;0;0;0;0
FR;6;2022-01-04;0;0;0;0;0;0;0;0;0;0;0;0;0;0;0;0;0;0
FR;6;2022-01-05;0;0;0;0;0;0;0;0;0;0;0;0;0;0;0;0;0;0
FR;6;2022-01-06;0;0;0;0;0;0;0;0;0;0;0;0;0;0;0;0;0;0
FR;6;2022-01-07;0;0;0;0;0;0;0;0;0;0;0;0;0;0;0;0;0;0
FR;6;2022-01-08;0;0;0;0;0;0;0;0;0;0;0;0;0;0;0;0;0;0
FR;6;2022-01-09;0;0;0;0;0;0;0;0;0;0;0;0;0;0;0;0;0;0
FR;6;2022-01-10;0;0;0;0;0;0;0;0;0;0;0;0;0;0;0;0;0;0
FR;6;2022-01-11;0;0;0;0;0;0;0;0;0;0;0;0;0;0;0;0;0;0
FR;6;2022-01-12;0;0;0;0;0;0;0;0;0;0;0;0;0;0;0;0;0;0
FR;6;2022-01-13;0;0;0;0;0;0;0;0;0;0;0;0;0;0;0;0;0;0
FR;6;2022-01-14;0;0;0;0;0;0;0;0;0;0;0;0;0;0;0;0;0;0
FR;6;2022-01-15;0;0;0;0;0;0;0;0;0;0;0;0;0;0;0;0;0;0
FR;6;2022-01-16;0;0;0;0;0;0;0;0;0;0;0;0;0;0;0;0;0;0
FR;6;2022-01-17;0;0;0;0;0;0;0;0;0;0;0;0;0;0;0;0;0;0
FR;6;2022-01-18;0;0;0;0;0;0;0;0;0;0;0;0;0;0;0;0;0;0
FR;6;2022-01-19;0;0;0;0;0;0;0;0;0;0;0;0;0;0;0;0;0;0
FR;6;2022-01-20;0;0;0;0;0;0;0;0;0;0;0;0;0;0;0;0;0;0
FR;6;2022-01-21;0;0;0;0;0;0;0;0;0;0;0;0;0;0;0;0;0;0
FR;6;2022-01-22;0;0;0;0;0;0;0;0;0;0;0;0;0;0;0;0;0;0
FR;6;2022-01-23;0;0;0;0;0;0;0;0;0;0;0;0;0;0;0;0;0;0
FR;6;2022-01-24;0;0;0;0;0;0;0;0;0;0;0;0;0;0;0;0;0;0
FR;6;2022-01-25;0;0;0;0;0;0;0;0;0;0;0;0;0;0;0;0;0;0
FR;6;2022-01-26;0;0;0;0;0;0;0;0;0;0;0;0;0;0;0;0;0;0
FR;6;2022-01-27;0;0;0;0;0;0;0;0;0;0;0;0;0;0;0;0;0;0
FR;6;2022-01-28;0;0;0;0;0;0;0;0;0;0;0;0;0;0;0;0;0;0
FR;6;2022-01-29;0;0;0;0;0;0;0;0;0;0;0;0;0;0;0;0;0;0
FR;6;2022-01-30;0;0;0;0;0;0;0;0;0;0;0;0;0;0;0;0;0;0
FR;6;2022-01-31;0;0;0;0;0;0;0;0;0;0;0;0;0;0;0;0;0;0
FR;6;2022-02-01;0;0;0;0;0;0;0;0;0;0;0;0;0;0;0;0;0;0
FR;6;2022-02-02;0;0;0;0;0;0;0;0;0;0;0;0;0;0;0;0;0;0
FR;6;2022-02-03;0;0;0;0;0;0;0;0;0;0;0;0;0;0;0;0;0;0
FR;6;2022-02-04;0;0;0;0;0;0;0;0;0;0;0;0;0;0;0;0;0;0
FR;6;2022-02-05;0;0;0;0;0;0;0;0;0;0;0;0;0;0;0;0;0;0
FR;6;2022-02-06;0;0;0;0;0;0;0;0;0;0;0;0;0;0;0;0;0;0
FR;6;2022-02-07;0;0;0;0;0;0;0;0;0;0;0;0;0;0;0;0;0;0
FR;6;2022-02-08;0;0;0;0;0;0;0;0;0;0;0;0;0;0;0;0;0;0
FR;6;2022-02-09;0;0;0;0;0;0;0;0;0;0;0;0;0;0;0;0;0;0
FR;6;2022-02-10;0;0;0;0;0;0;0;0;0;0;0;0;0;0;0;0;0;0
FR;6;2022-02-11;0;0;0;0;0;0;0;0;0;0;0;0;0;0;0;0;0;0
FR;6;2022-02-12;0;0;0;0;0;0;0;0;0;0;0;0;0;0;0;0;0;0
FR;6;2022-02-13;0;0;0;0;0;0;0;0;0;0;0;0;0;0;0;0;0;0
FR;6;2022-02-14;0;0;0;0;0;0;0;0;0;0;0;0;0;0;0;0;0;0
FR;6;2022-02-15;0;0;0;0;0;0;0;0;0;0;0;0;0;0;0;0;0;0
FR;6;2022-02-16;0;0;0;0;0;0;0;0;0;0;0;0;0;0;0;0;0;0
FR;6;2022-02-17;0;0;0;0;0;0;0;0;0;0;0;0;0;0;0;0;0;0
FR;6;2022-02-18;0;0;0;0;0;0;0;0;0;0;0;0;0;0;0;0;0;0
FR;6;2022-02-19;0;0;0;0;0;0;0;0;0;0;0;0;0;0;0;0;0;0
FR;6;2022-02-20;0;0;0;0;0;0;0;0;0;0;0;0;0;0;0;0;0;0
FR;6;2022-02-21;0;0;0;0;0;0;0;0;0;0;0;0;0;0;0;0;0;0
FR;6;2022-02-22;0;0;0;0;0;0;0;0;0;0;0;0;0;0;0;0;0;0
FR;6;2022-02-23;0;0;0;0;0;0;0;0;0;0;0;0;0;0;0;0;0;0
FR;6;2022-02-24;0;0;0;0;0;0;0;0;0;0;0;0;0;0;0;0;0;0
FR;6;2022-02-25;0;0;0;0;0;0;0;0;0;0;0;0;0;0;0;0;0;0
FR;6;2022-02-26;1;0;0;0;0;0;0;0;0;1;0;0;0;0;0;0;0;0
FR;6;2022-02-27;1;0;0;0;1;0;0;0;0;2;0;0;0;1;0;0;0;0
FR;6;2022-02-28;0;0;0;0;0;0;0;0;0;2;0;0;0;1;0;0;0;0
FR;6;2022-03-01;3;0;0;0;0;0;0;0;0;5;0;0;0;1;0;0;0;0
FR;6;2022-03-02;97;9;2;0;15;7;0;0;0;102;9;2;0;16;7;0;0;0
FR;6;2022-03-03;0;0;0;0;0;0;0;0;0;102;9;2;0;16;7;0;0;0
FR;6;2022-03-04;92;4;0;0;8;4;0;0;0;194;13;2;0;24;11;0;0;0
FR;6;2022-03-05;391;23;2;0;60;14;0;0;0;585;36;4;0;84;25;0;0;0
FR;6;2022-03-06;7;1;0;0;2;0;0;0;0;592;37;4;0;86;25;0;0;0
FR;6;2022-03-07;337;19;0;0;51;13;0;0;0;929;56;4;0;137;38;0;0;0
FR;6;2022-03-08;230;14;0;0;47;5;0;0;0;1159;70;4;0;184;43;0;0;0
FR;6;2022-03-09;519;29;2;0;84;21;1;0;0;1678;99;6;0;268;64;1;0;0
FR;6;2022-03-10;206;19;0;1;54;12;1;0;0;1884;118;6;1;322;76;2;0;0
FR;6;2022-03-11;331;22;6;0;53;21;0;0;0;2215;140;12;1;375;97;2;0;0
FR;6;2022-03-12;518;25;1;0;83;20;0;0;0;2733;165;13;1;458;117;2;0;0
FR;6;2022-03-13;40;2;0;0;2;1;0;0;0;2773;167;13;1;460;118;2;0;0
FR;6;2022-03-14;201;4;2;0;39;3;1;0;0;2974;171;15;1;499;121;3;0;0
FR;6;2022-03-15;112;11;2;0;28;9;0;0;0;3086;182;17;1;527;130;3;0;0
FR;6;2022-03-16;310;17;2;1;49;15;1;0;0;3396;199;19;2;576;145;4;0;0
FR;6;2022-03-17;117;6;1;2;14;4;2;0;0;3513;205;20;4;590;149;6;0;0
FR;6;2022-03-18;215;10;0;0;40;6;0;0;0;3728;215;20;4;630;155;6;0;0
FR;6;2022-03-19;307;19;2;0;90;9;0;0;0;4035;234;22;4;720;164;6;0;0
FR;6;2022-03-20;15;5;0;0;5;1;0;0;0;4050;239;22;4;725;165;6;0;0
FR;6;2022-03-21;132;23;1;0;47;4;0;0;0;4182;262;23;4;772;169;6;0;0
FR;6;2022-03-22;97;15;0;0;34;4;0;0;0;4279;277;23;4;806;173;6;0;0
FR;6;2022-03-23;226;108;3;0;154;14;1;0;0;4505;385;26;4;960;187;7;0;0
FR;6;2022-03-24;100;15;1;3;32;4;3;0;0;4605;400;27;7;992;191;10;0;0
FR;6;2022-03-25;203;141;2;1;179;15;2;0;0;4808;541;29;8;1171;206;12;0;0
FR;6;2022-03-26;331;295;7;1;385;19;1;0;0;5139;836;36;9;1556;225;13;0;0
FR;6;2022-03-27;32;30;1;0;37;1;1;0;0;5171;866;37;9;1593;226;14;0;0
FR;6;2022-03-28;201;208;8;1;234;17;3;0;0;5372;1074;45;10;1827;243;17;0;0
FR;6;2022-03-29;124;189;12;2;206;12;9;0;0;5496;1263;57;12;2033;255;26;0;0
FR;6;2022-03-30;305;476;10;2;548;22;6;0;0;5801;1739;67;14;2581;277;32;0;0
FR;6;2022-03-31;123;140;10;0;160;14;5;0;0;5924;1879;77;14;2741;291;37;0;0
FR;6;2022-04-01;195;150;11;2;178;23;3;0;0;6119;2029;88;16;2919;314;40;0;0
FR;6;2022-04-02;206;241;9;1;280;13;8;0;0;6325;2270;97;17;3199;327;48;0;0
FR;6;2022-04-03;17;21;0;0;26;1;0;0;0;6342;2291;97;17;3225;328;48;0;0
FR;6;2022-04-04;137;114;6;1;131;9;5;0;0;6479;2405;103;18;3356;337;53;0;0
FR;6;2022-04-05;146;88;15;1;105;11;8;0;0;6625;2493;118;19;3461;348;61;0;0
FR;6;2022-04-06;204;245;22;26;291;27;33;0;0;6829;2738;140;45;3752;375;94;0;0
FR;6;2022-04-07;127;96;15;9;115;17;14;0;0;6956;2834;155;54;3867;392;108;0;0
FR;6;2022-04-08;199;171;16;3;214;17;9;0;1;7155;3005;171;57;4081;409;117;0;1
FR;6;2022-04-09;145;139;6;12;171;13;4;0;0;7300;3144;177;69;4252;422;121;0;1
FR;6;2022-04-10;11;20;3;0;26;1;3;0;0;7311;3164;180;69;4278;423;124;0;1
FR;6;2022-04-11;101;106;4;0;129;5;3;0;0;7412;3270;184;69;4407;428;127;0;1
FR;6;2022-04-12;136;75;5;8;114;10;10;0;0;7548;3345;189;77;4521;438;137;0;1
FR;6;2022-04-13;162;175;7;5;208;13;8;0;0;7710;3520;196;82;4729;451;145;0;1
FR;6;2022-04-14;100;103;5;10;121;8;10;0;0;7810;3623;201;92;4850;459;155;0;1
FR;6;2022-04-15;158;149;11;7;167;19;14;0;1;7968;3772;212;99;5017;478;169;0;2
FR;6;2022-04-16;127;132;5;0;162;14;2;0;0;8095;3904;217;99;5179;492;171;0;2
FR;6;2022-04-17;8;9;4;0;10;4;0;0;0;8103;3913;221;99;5189;496;171;0;2
FR;6;2022-04-18;8;15;3;0;14;4;0;0;0;8111;3928;224;99;5203;500;171;0;2
FR;6;2022-04-19;97;112;4;3;130;3;7;0;0;8208;4040;228;102;5333;503;178;0;2
FR;6;2022-04-20;177;227;8;7;269;15;3;0;0;8385;4267;236;109;5602;518;181;0;2
FR;6;2022-04-21;111;93;8;4;110;11;7;0;0;8496;4360;244;113;5712;529;188;0;2
FR;6;2022-04-22;139;160;13;12;189;13;13;0;0;8635;4520;257;125;5901;542;201;0;2
FR;6;2022-04-23;106;129;1;1;161;7;1;0;0;8741;4649;258;126;6062;549;202;0;2
FR;6;2022-04-24;5;21;1;0;22;0;1;0;0;8746;4670;259;126;6084;549;203;0;2
FR;6;2022-04-25;90;128;3;8;150;11;9;0;0;8836;4798;262;134;6234;560;212;0;2
FR;6;2022-04-26;101;128;19;2;151;17;13;0;0;8937;4926;281;136;6385;577;225;0;2
FR;6;2022-04-27;197;159;21;1;222;27;11;0;1;9134;5085;302;137;6607;604;236;0;3
FR;6;2022-04-28;109;87;7;1;123;8;7;0;0;9243;5172;309;138;6730;612;243;0;3
FR;6;2022-04-29;191;169;16;2;215;20;6;0;0;9434;5341;325;140;6945;632;249;0;3
FR;6;2022-04-30;133;125;7;1;168;24;2;0;0;9567;5466;332;141;7113;656;251;0;3
FR;6;2022-05-01;7;6;0;0;8;0;0;0;0;9574;5472;332;141;7121;656;251;0;3
FR;6;2022-05-02;94;65;3;4;88;3;4;0;0;9668;5537;335;145;7209;659;255;0;3
FR;6;2022-05-03;136;93;11;2;125;7;9;0;0;9804;5630;346;147;7334;666;264;0;3
FR;6;2022-05-04;167;118;25;12;161;29;12;0;1;9971;5748;371;159;7495;695;276;0;4
FR;6;2022-05-05;101;70;8;3;97;12;6;0;0;10072;5818;379;162;7592;707;282;0;4
FR;6;2022-05-06;152;110;10;9;155;16;11;0;0;10224;5928;389;171;7747;723;293;0;4
FR;6;2022-05-07;139;93;13;3;136;23;8;0;0;10363;6021;402;174;7883;746;301;0;4
FR;6;2022-05-08;20;8;6;5;16;7;5;0;0;10383;6029;408;179;7899;753;306;0;4
FR;6;2022-05-09;86;78;9;7;95;13;6;0;0;10469;6107;417;186;7994;766;312;0;4
FR;6;2022-05-10;112;80;15;7;110;12;13;0;0;10581;6187;432;193;8104;778;325;0;4
FR;6;2022-05-11;130;124;11;14;163;20;6;0;0;10711;6311;443;207;8267;798;331;0;4
FR;6;2022-05-12;105;76;7;5;96;15;6;0;1;10816;6387;450;212;8363;813;337;0;5
FR;6;2022-05-13;155;97;17;21;137;22;16;0;0;10971;6484;467;233;8500;835;353;0;5
FR;6;2022-05-14;81;60;6;7;84;15;2;0;0;11052;6544;473;240;8584;850;355;0;5
FR;6;2022-05-15;12;7;0;0;14;0;0;0;0;11064;6551;473;240;8598;850;355;0;5
FR;6;2022-05-16;65;54;6;2;69;12;3;0;0;11129;6605;479;242;8667;862;358;0;5
FR;6;2022-05-17;123;77;5;7;92;11;8;0;0;11252;6682;484;249;8759;873;366;0;5
FR;6;2022-05-18;131;116;5;1;158;14;3;0;0;11383;6798;489;250;8917;887;369;0;5
FR;6;2022-05-19;124;57;6;8;96;9;8;0;0;11507;6855;495;258;9013;896;377;0;5
FR;6;2022-05-20;125;115;13;3;151;18;10;0;0;11632;6970;508;261;9164;914;387;0;5
FR;6;2022-05-21;92;69;14;3;93;12;8;0;0;11724;7039;522;264;9257;926;395;0;5
FR;6;2022-05-22;19;12;5;0;21;4;1;0;0;11743;7051;527;264;9278;930;396;0;5
FR;6;2022-05-23;77;72;4;2;90;7;2;0;0;11820;7123;531;266;9368;937;398;0;5
FR;6;2022-05-24;117;98;8;2;131;16;4;0;0;11937;7221;539;268;9499;953;402;0;5
FR;6;2022-05-25;140;129;6;3;171;11;6;0;0;12077;7350;545;271;9670;964;408;0;5
FR;6;2022-05-26;7;9;3;0;5;9;0;0;0;12084;7359;548;271;9675;973;408;0;5
FR;6;2022-05-27;127;105;15;11;136;18;18;0;1;12211;7464;563;282;9811;991;426;0;6
FR;6;2022-05-28;54;75;1;5;89;8;5;0;0;12265;7539;564;287;9900;999;431;0;6
FR;6;2022-05-29;8;10;0;0;10;1;0;0;0;12273;7549;564;287;9910;1000;431;0;6
FR;6;2022-05-30;70;70;7;4;86;4;9;0;0;12343;7619;571;291;9996;1004;440;0;6
FR;6;2022-05-31;87;102;10;2;121;14;7;0;0;12430;7721;581;293;10117;1018;447;0;6
FR;6;2022-06-01;97;89;10;1;111;11;6;0;0;12527;7810;591;294;10228;1029;453;0;6
FR;6;2022-06-02;91;60;6;3;80;9;6;0;0;12618;7870;597;297;10308;1038;459;0;6
FR;6;2022-06-03;126;102;13;7;128;21;8;0;0;12744;7972;610;304;10436;1059;467;0;6
FR;6;2022-06-04;63;51;10;0;64;12;3;0;0;12807;8023;620;304;10500;1071;470;0;6
FR;6;2022-06-05;16;15;2;1;18;4;1;0;0;12823;8038;622;305;10518;1075;471;0;6
FR;6;2022-06-06;9;6;0;0;8;0;0;0;0;12832;8044;622;305;10526;1075;471;0;6
FR;6;2022-06-07;79;90;3;4;117;8;6;0;0;12911;8134;625;309;10643;1083;477;0;6
FR;6;2022-06-08;92;110;13;5;130;20;6;0;0;13003;8244;638;314;10773;1103;483;0;6
FR;6;2022-06-09;75;81;15;3;106;15;8;0;0;13078;8325;653;317;10879;1118;491;0;6
FR;6;2022-06-10;116;93;26;10;120;22;13;0;0;13194;8418;679;327;10999;1140;504;0;6
FR;6;2022-06-11;83;62;6;10;82;12;11;0;0;13277;8480;685;337;11081;1152;515;0;6
FR;6;2022-06-12;6;14;1;0;16;2;0;0;0;13283;8494;686;337;11097;1154;515;0;6
FR;6;2022-06-13;74;59;18;1;68;7;4;0;0;13357;8553;704;338;11165;1161;519;0;6
FR;6;2022-06-14;98;100;8;5;116;16;8;0;0;13455;8653;712;343;11281;1177;527;0;6
FR;6;2022-06-15;80;86;7;8;114;15;10;0;0;13535;8739;719;351;11395;1192;537;0;6
FR;6;2022-06-16;53;40;11;7;45;14;6;0;0;13588;8779;730;358;11440;1206;543;0;6
FR;6;2022-06-17;86;85;3;13;109;11;5;0;0;13674;8864;733;371;11549;1217;548;0;6
FR;6;2022-06-18;71;62;13;0;88;21;1;0;0;13745;8926;746;371;11637;1238;549;0;6
FR;6;2022-06-19;6;6;3;0;7;4;1;0;0;13751;8932;749;371;11644;1242;550;0;6
FR;6;2022-06-20;42;41;4;1;55;6;1;0;0;13793;8973;753;372;11699;1248;551;0;6
FR;6;2022-06-21;59;73;10;7;83;17;7;0;0;13852;9046;763;379;11782;1265;558;0;6
FR;6;2022-06-22;86;85;8;2;98;17;3;0;0;13938;9131;771;381;11880;1282;561;0;6
FR;6;2022-06-23;64;39;13;7;41;15;10;0;0;14002;9170;784;388;11921;1297;571;0;6
FR;6;2022-06-24;77;85;7;14;95;20;16;0;0;14079;9255;791;402;12016;1317;587;0;6
FR;6;2022-06-25;67;61;4;3;77;8;5;0;0;14146;9316;795;405;12093;1325;592;0;6
FR;6;2022-06-26;6;7;1;0;10;1;0;0;0;14152;9323;796;405;12103;1326;592;0;6
FR;6;2022-06-27;51;50;4;9;62;12;7;0;0;14203;9373;800;414;12165;1338;599;0;6
FR;6;2022-06-28;68;47;6;3;53;15;5;0;0;14271;9420;806;417;12218;1353;604;0;6
FR;6;2022-06-29;98;117;26;37;115;19;35;0;5;14369;9537;832;454;12333;1372;639;0;11
FR;6;2022-06-30;84;60;33;10;61;12;7;0;0;14453;9597;865;464;12394;1384;646;0;11
FR;6;2022-07-01;115;94;25;33;102;18;27;0;1;14568;9691;890;497;12496;1402;673;0;12
FR;6;2022-07-02;58;67;26;2;64;37;6;0;0;14626;9758;916;499;12560;1439;679;0;12
FR;6;2022-07-03;11;4;4;3;5;4;3;0;0;14637;9762;920;502;12565;1443;682;0;12
FR;6;2022-07-04;61;43;3;23;55;13;20;0;0;14698;9805;923;525;12620;1456;702;0;12
FR;6;2022-07-05;65;53;19;67;60;27;63;0;0;14763;9858;942;592;12680;1483;765;0;12
FR;6;2022-07-06;94;64;7;11;78;12;17;0;0;14857;9922;949;603;12758;1495;782;0;12
FR;6;2022-07-07;99;79;42;37;99;14;34;0;4;14956;10001;991;640;12857;1509;816;0;16
FR;6;2022-07-08;139;87;42;27;115;10;25;0;3;15095;10088;1033;667;12972;1519;841;0;19
FR;6;2022-07-09;53;51;16;29;51;27;33;0;1;15148;10139;1049;696;13023;1546;874;0;20
FR;6;2022-07-10;3;7;8;0;9;9;0;0;0;15151;10146;1057;696;13032;1555;874;0;20
FR;6;2022-07-11;54;44;5;4;47;12;4;0;0;15205;10190;1062;700;13079;1567;878;0;20
FR;6;2022-07-12;70;72;12;23;87;12;27;0;0;15275;10262;1074;723;13166;1579;905;0;20
FR;6;2022-07-13;84;65;14;21;71;25;22;0;0;15359;10327;1088;744;13237;1604;927;0;20
FR;6;2022-07-14;4;3;1;0;4;1;0;0;0;15363;10330;1089;744;13241;1605;927;0;20
FR;6;2022-07-15;74;59;9;57;85;16;45;0;0;15437;10389;1098;801;13326;1621;972;0;20
FR;6;2022-07-16;27;31;17;0;37;17;3;0;0;15464;10420;1115;801;13363;1638;975;0;20
FR;6;2022-07-17;3;7;0;0;8;0;0;0;0;15467;10427;1115;801;13371;1638;975;0;20
FR;6;2022-07-18;37;62;11;14;60;15;14;0;6;15504;10489;1126;815;13431;1653;989;0;26
FR;6;2022-07-19;54;48;4;19;60;6;21;0;1;15558;10537;1130;834;13491;1659;1010;0;27
FR;6;2022-07-20;53;70;7;22;75;11;27;0;0;15611;10607;1137;856;13566;1670;1037;0;27
FR;6;2022-07-21;51;61;4;7;56;11;9;0;0;15662;10668;1141;863;13622;1681;1046;0;27
FR;6;2022-07-22;55;74;7;26;82;8;16;0;2;15717;10742;1148;889;13704;1689;1062;0;29
FR;6;2022-07-23;38;40;6;10;40;6;9;0;1;15755;10782;1154;899;13744;1695;1071;0;30
FR;6;2022-07-24;11;14;1;3;19;3;3;0;0;15766;10796;1155;902;13763;1698;1074;0;30
FR;6;2022-07-25;60;44;8;12;41;9;13;0;1;15826;10840;1163;914;13804;1707;1087;0;31
FR;6;2022-07-26;47;64;14;6;62;10;13;0;0;15873;10904;1177;920;13866;1717;1100;0;31
FR;6;2022-07-27;54;78;15;11;80;18;15;0;8;15927;10982;1192;931;13946;1735;1115;0;39
FR;6;2022-07-28;30;48;4;6;50;8;7;0;1;15957;11030;1196;937;13996;1743;1122;0;40
FR;6;2022-07-29;43;71;10;38;60;24;36;0;1;16000;11101;1206;975;14056;1767;1158;0;41
FR;6;2022-07-30;26;48;4;15;49;7;15;0;0;16026;11149;1210;990;14105;1774;1173;0;41
FR;6;2022-07-31;0;1;1;0;1;0;1;0;0;16026;11150;1211;990;14106;1774;1174;0;41
FR;6;2022-08-01;39;36;14;8;32;10;6;0;1;16065;11186;1225;998;14138;1784;1180;0;42
FR;6;2022-08-02;37;46;10;14;52;6;16;0;0;16102;11232;1235;1012;14190;1790;1196;0;42
FR;6;2022-08-03;29;52;7;16;53;11;19;0;0;16131;11284;1242;1028;14243;1801;1215;0;42
FR;6;2022-08-04;25;21;4;9;20;6;10;0;1;16156;11305;1246;1037;14263;1807;1225;0;43
FR;6;2022-08-05;43;45;1;7;54;5;7;0;0;16199;11350;1247;1044;14317;1812;1232;0;43
FR;6;2022-08-06;17;27;1;3;33;2;4;0;0;16216;11377;1248;1047;14350;1814;1236;0;43
FR;6;2022-08-07;1;2;0;0;2;0;0;0;0;16217;11379;1248;1047;14352;1814;1236;0;43
FR;6;2022-08-08;24;33;1;0;40;1;0;0;0;16241;11412;1249;1047;14392;1815;1236;0;43
FR;6;2022-08-09;22;30;6;3;29;3;3;0;0;16263;11442;1255;1050;14421;1818;1239;0;43
FR;6;2022-08-10;32;36;5;9;38;5;9;0;5;16295;11478;1260;1059;14459;1823;1248;0;48
FR;6;2022-08-11;32;33;1;1;40;1;0;0;1;16327;11511;1261;1060;14499;1824;1248;0;49
FR;6;2022-08-12;50;44;6;2;50;15;3;0;1;16377;11555;1267;1062;14549;1839;1251;0;50
FR;6;2022-08-13;9;20;0;0;22;1;0;0;0;16386;11575;1267;1062;14571;1840;1251;0;50
FR;6;2022-08-14;3;1;0;0;2;0;0;0;0;16389;11576;1267;1062;14573;1840;1251;0;50
FR;6;2022-08-15;2;3;1;0;4;0;1;0;0;16391;11579;1268;1062;14577;1840;1252;0;50
FR;6;2022-08-16;35;66;21;7;66;7;2;0;0;16426;11645;1289;1069;14643;1847;1254;0;50
FR;6;2022-08-17;32;44;10;9;41;10;6;0;7;16458;11689;1299;1078;14684;1857;1260;0;57
FR;6;2022-08-18;29;55;14;4;61;4;0;0;1;16487;11744;1313;1082;14745;1861;1260;0;58
FR;6;2022-08-19;30;45;5;4;47;3;2;0;1;16517;11789;1318;1086;14792;1864;1262;0;59
FR;6;2022-08-20;26;28;3;0;27;8;1;0;0;16543;11817;1321;1086;14819;1872;1263;0;59
FR;6;2022-08-21;1;5;2;0;5;0;0;0;0;16544;11822;1323;1086;14824;1872;1263;0;59
FR;6;2022-08-22;20;42;15;1;45;0;0;0;0;16564;11864;1338;1087;14869;1872;1263;0;59
FR;6;2022-08-23;34;45;6;7;47;6;4;0;2;16598;11909;1344;1094;14916;1878;1267;0;61
FR;6;2022-08-24;34;30;6;3;36;6;2;0;3;16632;11939;1350;1097;14952;1884;1269;0;64
FR;6;2022-08-25;25;27;1;1;29;5;1;0;0;16657;11966;1351;1098;14981;1889;1270;0;64
FR;6;2022-08-26;38;44;4;4;51;7;7;0;0;16695;12010;1355;1102;15032;1896;1277;0;64
FR;6;2022-08-27;19;21;7;3;22;8;4;0;0;16714;12031;1362;1105;15054;1904;1281;0;64
FR;6;2022-08-28;6;3;0;6;3;1;1;0;4;16720;12034;1362;1111;15057;1905;1282;0;68
FR;6;2022-08-29;26;22;2;6;29;3;6;0;0;16746;12056;1364;1117;15086;1908;1288;0;68
FR;6;2022-08-30;28;35;4;12;33;8;13;0;0;16774;12091;1368;1129;15119;1916;1301;0;68
FR;6;2022-08-31;35;38;2;11;46;3;12;0;0;16809;12129;1370;1140;15165;1919;1313;0;68
FR;6;2022-09-01;17;11;5;1;13;4;3;0;0;16826;12140;1375;1141;15178;1923;1316;0;68
FR;6;2022-09-02;19;14;2;1;13;3;2;0;0;16845;12154;1377;1142;15191;1926;1318;0;68
FR;6;2022-09-03;10;3;1;5;4;2;5;0;0;16855;12157;1378;1147;15195;1928;1323;0;68
FR;6;2022-09-04;4;1;0;0;1;0;0;0;0;16859;12158;1378;1147;15196;1928;1323;0;68
FR;6;2022-09-05;8;7;0;0;10;0;0;0;0;16867;12165;1378;1147;15206;1928;1323;0;68
FR;6;2022-09-06;7;9;7;12;8;6;15;0;0;16874;12174;1385;1159;15214;1934;1338;0;68
FR;6;2022-09-07;3;8;1;0;8;1;0;0;0;16877;12182;1386;1159;15222;1935;1338;0;68
FR;6;2022-09-08;6;4;0;2;3;1;2;0;0;16883;12186;1386;1161;15225;1936;1340;0;68
FR;6;2022-09-09;7;9;2;7;9;3;8;0;0;16890;12195;1388;1168;15234;1939;1348;0;68
FR;6;2022-09-10;3;4;1;0;3;1;1;0;0;16893;12199;1389;1168;15237;1940;1349;0;68
FR;6;2022-09-11;1;3;0;0;3;0;0;0;0;16894;12202;1389;1168;15240;1940;1349;0;68
FR;6;2022-09-12;10;4;1;0;3;3;0;0;0;16904;12206;1390;1168;15243;1943;1349;0;68
FR;6;2022-09-13;7;2;3;0;2;2;2;0;0;16911;12208;1393;1168;15245;1945;1351;0;68
FR;6;2022-09-14;9;8;2;0;7;4;0;0;0;16920;12216;1395;1168;15252;1949;1351;0;68
FR;6;2022-09-15;8;13;5;5;9;9;3;0;2;16928;12229;1400;1173;15261;1958;1354;0;70
FR;6;2022-09-16;25;39;1;1;47;4;1;0;2;16953;12268;1401;1174;15308;1962;1355;0;72
FR;6;2022-09-17;24;22;0;6;24;5;3;0;2;16977;12290;1401;1180;15332;1967;1358;0;74
FR;6;2022-09-18;5;4;0;0;4;1;0;0;0;16982;12294;1401;1180;15336;1968;1358;0;74
FR;6;2022-09-19;30;30;2;1;32;5;1;0;0;17012;12324;1403;1181;15368;1973;1359;0;74
FR;6;2022-09-20;34;25;1;4;30;6;2;0;1;17046;12349;1404;1185;15398;1979;1361;0;75
FR;6;2022-09-21;21;9;3;3;7;7;5;0;3;17067;12358;1407;1188;15405;1986;1366;0;78
FR;6;2022-09-22;19;28;1;22;32;3;21;0;1;17086;12386;1408;1210;15437;1989;1387;0;79
FR;6;2022-09-23;28;41;5;9;47;9;2;0;0;17114;12427;1413;1219;15484;1998;1389;0;79
FR;6;2022-09-24;16;16;4;2;21;6;2;0;0;17130;12443;1417;1221;15505;2004;1391;0;79
FR;6;2022-09-25;3;14;0;0;14;1;0;0;0;17133;12457;1417;1221;15519;2005;1391;0;79
FR;6;2022-09-26;16;13;0;18;12;5;18;0;2;17149;12470;1417;1239;15531;2010;1409;0;81
FR;6;2022-09-27;32;19;2;3;23;4;4;0;0;17181;12489;1419;1242;15554;2014;1413;0;81
FR;6;2022-09-28;27;10;9;11;16;5;17;0;2;17208;12499;1428;1253;15570;2019;1430;0;83
FR;6;2022-09-29;13;13;10;34;16;6;33;0;7;17221;12512;1438;1287;15586;2025;1463;0;90
FR;6;2022-09-30;34;24;5;6;33;5;3;0;0;17255;12536;1443;1293;15619;2030;1466;0;90
FR;6;2022-10-01;17;12;5;8;9;8;8;0;2;17272;12548;1448;1301;15628;2038;1474;0;92
FR;6;2022-10-02;4;0;0;0;1;0;0;0;0;17276;12548;1448;1301;15629;2038;1474;0;92
FR;6;2022-10-03;11;10;3;5;11;4;6;0;0;17287;12558;1451;1306;15640;2042;1480;0;92
FR;6;2022-10-04;19;17;4;28;21;3;30;0;3;17306;12575;1455;1334;15661;2045;1510;0;95
FR;6;2022-10-05;11;12;3;2;9;7;4;0;0;17317;12587;1458;1336;15670;2052;1514;0;95
FR;6;2022-10-06;19;13;4;6;17;2;10;0;0;17336;12600;1462;1342;15687;2054;1524;0;95
FR;6;2022-10-07;27;26;5;24;24;11;16;0;5;17363;12626;1467;1366;15711;2065;1540;0;100
FR;6;2022-10-08;18;13;0;0;16;0;0;0;0;17381;12639;1467;1366;15727;2065;1540;0;100
FR;6;2022-10-09;7;3;4;27;3;4;30;0;6;17388;12642;1471;1393;15730;2069;1570;0;106
FR;6;2022-10-10;15;14;1;16;16;6;13;0;0;17403;12656;1472;1409;15746;2075;1583;0;106
FR;6;2022-10-11;21;23;3;11;22;8;13;0;3;17424;12679;1475;1420;15768;2083;1596;0;109
FR;6;2022-10-12;20;16;7;19;18;3;24;0;7;17444;12695;1482;1439;15786;2086;1620;0;116
FR;6;2022-10-13;28;15;2;36;23;0;38;0;6;17472;12710;1484;1475;15809;2086;1658;0;122
FR;6;2022-10-14;29;23;5;49;23;11;45;0;13;17501;12733;1489;1524;15832;2097;1703;0;135
FR;6;2022-10-15;13;9;0;22;8;4;21;0;6;17514;12742;1489;1546;15840;2101;1724;0;141
FR;6;2022-10-16;4;5;0;6;2;3;6;0;0;17518;12747;1489;1552;15842;2104;1730;0;141
FR;6;2022-10-17;14;14;2;10;14;1;12;0;2;17532;12761;1491;1562;15856;2105;1742;0;143
FR;6;2022-10-18;12;19;9;26;19;4;18;0;11;17544;12780;1500;1588;15875;2109;1760;0;154
FR;6;2022-10-19;10;20;6;16;20;5;19;0;5;17554;12800;1506;1604;15895;2114;1779;0;159
FR;6;2022-10-20;16;15;12;57;18;5;67;0;13;17570;12815;1518;1661;15913;2119;1846;0;172
FR;6;2022-10-21;16;21;9;34;22;11;37;0;10;17586;12836;1527;1695;15935;2130;1883;0;182
FR;6;2022-10-22;19;14;1;4;17;3;4;0;0;17605;12850;1528;1699;15952;2133;1887;0;182
FR;6;2022-10-23;3;3;1;0;4;0;1;0;0;17608;12853;1529;1699;15956;2133;1888;0;182
FR;6;2022-10-24;12;14;2;7;14;6;5;0;2;17620;12867;1531;1706;15970;2139;1893;0;184
FR;6;2022-10-25;20;13;6;17;16;7;19;0;4;17640;12880;1537;1723;15986;2146;1912;0;188
FR;6;2022-10-26;17;9;4;13;12;4;15;0;5;17657;12889;1541;1736;15998;2150;1927;0;193
FR;6;2022-10-27;20;7;8;37;10;6;36;0;14;17677;12896;1549;1773;16008;2156;1963;0;207
FR;6;2022-10-28;21;27;3;4;28;6;5;0;1;17698;12923;1552;1777;16036;2162;1968;0;208
FR;6;2022-10-29;7;11;5;11;10;6;14;0;12;17705;12934;1557;1788;16046;2168;1982;0;220
FR;6;2022-10-30;2;5;0;0;5;0;0;0;0;17707;12939;1557;1788;16051;2168;1982;0;220
FR;6;2022-10-31;20;14;2;13;17;4;12;0;3;17727;12953;1559;1801;16068;2172;1994;0;223
FR;6;2022-11-01;2;1;1;0;1;1;0;0;0;17729;12954;1560;1801;16069;2173;1994;0;223
FR;6;2022-11-02;15;25;9;21;26;11;19;0;12;17744;12979;1569;1822;16095;2184;2013;0;235
FR;6;2022-11-03;17;17;11;39;20;8;43;0;9;17761;12996;1580;1861;16115;2192;2056;0;244
FR;6;2022-11-04;19;22;9;16;27;5;16;0;10;17780;13018;1589;1877;16142;2197;2072;0;254
FR;6;2022-11-05;9;16;2;4;17;4;6;0;0;17789;13034;1591;1881;16159;2201;2078;0;254
FR;6;2022-11-06;5;1;0;0;1;0;0;0;0;17794;13035;1591;1881;16160;2201;2078;0;254
FR;6;2022-11-07;18;10;6;17;12;4;18;0;11;17812;13045;1597;1898;16172;2205;2096;0;265
FR;6;2022-11-08;18;10;2;3;8;5;5;0;4;17830;13055;1599;1901;16180;2210;2101;0;269
FR;6;2022-11-09;16;22;1;6;21;4;5;0;4;17846;13077;1600;1907;16201;2214;2106;0;273
FR;6;2022-11-10;10;10;4;12;8;5;11;0;10;17856;13087;1604;1919;16209;2219;2117;0;283
FR;6;2022-11-11;4;1;0;0;1;1;0;0;0;17860;13088;1604;1919;16210;2220;2117;0;283
FR;6;2022-11-12;4;11;1;7;11;2;5;0;9;17864;13099;1605;1926;16221;2222;2122;0;292
FR;6;2022-11-13;1;1;0;1;1;0;1;0;0;17865;13100;1605;1927;16222;2222;2123;0;292
FR;6;2022-11-14;13;10;7;32;13;8;33;0;14;17878;13110;1612;1959;16235;2230;2156;0;306
FR;6;2022-11-15;7;18;1;11;16;4;7;0;2;17885;13128;1613;1970;16251;2234;2163;0;308
FR;6;2022-11-16;16;15;9;32;17;3;42;0;9;17901;13143;1622;2002;16268;2237;2205;0;317
FR;6;2022-11-17;10;8;1;29;8;2;28;0;5;17911;13151;1623;2031;16276;2239;2233;0;322
FR;6;2022-11-18;19;12;5;23;17;4;25;0;7;17930;13163;1628;2054;16293;2243;2258;0;329
FR;6;2022-11-19;5;13;0;2;11;3;2;0;1;17935;13176;1628;2056;16304;2246;2260;0;330
FR;6;2022-11-20;2;1;2;0;1;2;0;0;0;17937;13177;1630;2056;16305;2248;2260;0;330
FR;6;2022-11-21;22;13;1;14;14;6;11;0;3;17959;13190;1631;2070;16319;2254;2271;0;333
FR;6;2022-11-22;14;9;0;4;11;1;3;0;1;17973;13199;1631;2074;16330;2255;2274;0;334
FR;6;2022-11-23;14;15;15;23;17;9;31;0;8;17987;13214;1646;2097;16347;2264;2305;0;342
FR;6;2022-11-24;14;17;1;13;19;5;12;0;7;18001;13231;1647;2110;16366;2269;2317;0;349
FR;6;2022-11-25;23;15;5;50;15;5;47;0;5;18024;13246;1652;2160;16381;2274;2364;0;354
FR;6;2022-11-26;9;5;2;4;3;2;5;0;1;18033;13251;1654;2164;16384;2276;2369;0;355
FR;6;2022-11-27;1;4;0;0;4;0;0;0;0;18034;13255;1654;2164;16388;2276;2369;0;355
FR;6;2022-11-28;9;11;6;22;11;3;24;0;11;18043;13266;1660;2186;16399;2279;2393;0;366
FR;6;2022-11-29;15;10;1;12;14;1;8;0;7;18058;13276;1661;2198;16413;2280;2401;0;373
FR;6;2022-11-30;18;20;8;23;19;12;22;0;8;18076;13296;1669;2221;16432;2292;2423;0;381
FR;6;2022-12-01;12;9;7;20;11;4;24;0;9;18088;13305;1676;2241;16443;2296;2447;0;390
FR;6;2022-12-02;17;9;12;36;12;8;42;0;1;18105;13314;1688;2277;16455;2304;2489;0;391
FR;6;2022-12-03;13;3;13;20;6;5;28;0;13;18118;13317;1701;2297;16461;2309;2517;0;404
FR;6;2022-12-04;3;1;0;2;1;0;2;0;0;18121;13318;1701;2299;16462;2309;2519;0;404
FR;6;2022-12-05;11;10;7;16;10;4;19;0;8;18132;13328;1708;2315;16472;2313;2538;0;412
FR;6;2022-12-06;10;19;3;30;12;11;28;0;3;18142;13347;1711;2345;16484;2324;2566;0;415
FR;6;2022-12-07;17;8;10;56;10;8;57;0;30;18159;13355;1721;2401;16494;2332;2623;0;445
FR;6;2022-12-08;9;13;8;19;11;7;21;0;13;18168;13368;1729;2420;16505;2339;2644;0;458
FR;6;2022-12-09;15;9;5;29;12;4;30;0;6;18183;13377;1734;2449;16517;2343;2674;0;464
FR;6;2022-12-10;12;9;6;9;7;4;14;0;7;18195;13386;1740;2458;16524;2347;2688;0;471
FR;6;2022-12-11;4;2;1;0;2;1;0;0;0;18199;13388;1741;2458;16526;2348;2688;0;471
FR;6;2022-12-12;17;10;8;36;14;9;33;0;17;18216;13398;1749;2494;16540;2357;2721;0;488
FR;6;2022-12-13;17;21;12;66;16;18;65;0;14;18233;13419;1761;2560;16556;2375;2786;0;502
FR;6;2022-12-14;14;13;8;53;11;12;53;0;14;18247;13432;1769;2613;16567;2387;2839;0;516
FR;6;2022-12-15;12;15;14;38;13;9;44;0;9;18259;13447;1783;2651;16580;2396;2883;0;525
FR;6;2022-12-16;18;14;15;39;15;14;39;0;13;18277;13461;1798;2690;16595;2410;2922;0;538
FR;6;2022-12-17;11;10;15;28;9;15;29;0;8;18288;13471;1813;2718;16604;2425;2951;0;546
FR;6;2022-12-18;7;4;0;2;5;0;2;0;0;18295;13475;1813;2720;16609;2425;2953;0;546
FR;6;2022-12-19;12;8;9;29;8;12;29;0;15;18307;13483;1822;2749;16617;2437;2982;0;561
FR;6;2022-12-20;17;23;11;23;17;19;22;0;21;18324;13506;1833;2772;16634;2456;3004;0;582
FR;6;2022-12-21;23;16;9;19;13;13;17;0;5;18347;13522;1842;2791;16647;2469;3021;0;587
FR;6;2022-12-22;13;14;9;21;15;13;18;0;11;18360;13536;1851;2812;16662;2482;3039;0;598
FR;6;2022-12-23;10;19;12;7;14;18;7;0;3;18370;13555;1863;2819;16676;2500;3046;0;601
FR;6;2022-12-24;4;5;3;1;5;2;2;0;1;18374;13560;1866;2820;16681;2502;3048;0;602
FR;6;2022-12-25;0;0;0;0;0;0;0;0;0;18374;13560;1866;2820;16681;2502;3048;0;602
FR;6;2022-12-26;8;12;12;11;10;18;11;0;3;18382;13572;1878;2831;16691;2520;3059;0;605
FR;6;2022-12-27;16;13;15;8;11;19;8;0;0;18398;13585;1893;2839;16702;2539;3067;0;605
FR;6;2022-12-28;15;19;6;8;19;9;9;0;4;18413;13604;1899;2847;16721;2548;3076;0;609
FR;6;2022-12-29;15;12;7;8;10;9;9;0;7;18428;13616;1906;2855;16731;2557;3085;0;616
FR;6;2022-12-30;20;19;13;8;20;13;11;0;4;18448;13635;1919;2863;16751;2570;3096;0;620
FR;6;2022-12-31;5;2;6;1;4;7;1;0;1;18453;13637;1925;2864;16755;2577;3097;0;621
FR;6;2023-01-01;2;1;0;3;0;3;0;0;1;18455;13638;1925;2867;16755;2580;3097;0;622
FR;6;2023-01-02;9;14;2;3;10;7;3;0;0;18464;13652;1927;2870;16765;2587;3100;0;622
FR;6;2023-01-03;8;17;9;21;17;9;21;0;7;18472;13669;1936;2891;16782;2596;3121;0;629
FR;6;2023-01-04;9;10;4;10;9;8;6;0;14;18481;13679;1940;2901;16791;2604;3127;0;643
FR;6;2023-01-05;11;11;6;23;10;3;26;0;8;18492;13690;1946;2924;16801;2607;3153;0;651
FR;6;2023-01-06;16;24;15;30;21;17;29;0;15;18508;13714;1961;2954;16822;2624;3182;0;666
FR;6;2023-01-07;9;19;4;1;10;13;3;0;1;18517;13733;1965;2955;16832;2637;3185;0;667
FR;6;2023-01-08;2;7;4;11;6;4;11;0;3;18519;13740;1969;2966;16838;2641;3196;0;670
FR;6;2023-01-09;16;10;5;35;8;8;34;0;17;18535;13750;1974;3001;16846;2649;3230;0;687
FR;6;2023-01-10;13;15;13;23;13;10;26;0;9;18548;13765;1987;3024;16859;2659;3256;0;696
FR;6;2023-01-11;15;14;5;16;18;6;14;0;12;18563;13779;1992;3040;16877;2665;3270;0;708
FR;6;2023-01-12;7;13;2;5;10;3;5;0;12;18570;13792;1994;3045;16887;2668;3275;0;720
FR;6;2023-01-13;19;14;18;43;14;20;43;0;31;18589;13806;2012;3088;16901;2688;3318;0;751
FR;6;2023-01-14;20;8;6;2;9;9;2;0;0;18609;13814;2018;3090;16910;2697;3320;0;751
FR;6;2023-01-15;0;0;1;3;0;1;3;0;0;18609;13814;2019;3093;16910;2698;3323;0;751
FR;6;2023-01-16;22;12;2;1;10;6;3;0;2;18631;13826;2021;3094;16920;2704;3326;0;753
FR;6;2023-01-17;8;17;12;8;17;11;14;0;5;18639;13843;2033;3102;16937;2715;3340;0;758
FR;6;2023-01-18;22;15;9;7;17;10;8;0;1;18661;13858;2042;3109;16954;2725;3348;0;759
FR;6;2023-01-19;9;9;14;9;11;12;13;0;7;18670;13867;2056;3118;16965;2737;3361;0;766
FR;6;2023-01-20;17;13;9;32;16;6;34;0;27;18687;13880;2065;3150;16981;2743;3395;0;793
FR;6;2023-01-21;12;7;5;2;6;8;3;0;1;18699;13887;2070;3152;16987;2751;3398;0;794
FR;6;2023-01-22;0;0;1;1;0;1;1;0;0;18699;13887;2071;3153;16987;2752;3399;0;794
FR;6;2023-01-23;9;9;5;11;8;5;11;0;3;18708;13896;2076;3164;16995;2757;3410;0;797
FR;6;2023-01-24;14;15;15;13;15;14;18;0;6;18722;13911;2091;3177;17010;2771;3428;0;803
FR;6;2023-01-25;15;7;5;3;6;6;4;0;4;18737;13918;2096;3180;17016;2777;3432;0;807
FR;6;2023-01-26;13;15;3;11;12;8;13;0;9;18750;13933;2099;3191;17028;2785;3445;0;816
FR;6;2023-01-27;21;17;7;34;21;7;29;0;29;18771;13950;2106;3225;17049;2792;3474;0;845
FR;6;2023-01-28;15;15;7;4;17;6;5;0;1;18786;13965;2113;3229;17066;2798;3479;0;846
FR;6;2023-01-29;1;4;0;0;3;1;0;0;0;18787;13969;2113;3229;17069;2799;3479;0;846
FR;6;2023-01-30;2;15;8;4;15;8;3;0;8;18789;13984;2121;3233;17084;2807;3482;0;854
FR;6;2023-01-31;9;8;5;8;8;5;8;0;5;18798;13992;2126;3241;17092;2812;3490;0;859
FR;6;2023-02-01;20;18;4;4;17;4;8;0;4;18818;14010;2130;3245;17109;2816;3498;0;863
FR;6;2023-02-02;8;10;9;1;10;10;1;0;1;18826;14020;2139;3246;17119;2826;3499;0;864
FR;6;2023-02-03;16;15;11;18;16;11;19;0;13;18842;14035;2150;3264;17135;2837;3518;0;877
FR;6;2023-02-04;6;9;9;7;11;9;8;0;2;18848;14044;2159;3271;17146;2846;3526;0;879
FR;6;2023-02-05;0;0;0;4;0;0;4;0;0;18848;14044;2159;3275;17146;2846;3530;0;879
FR;6;2023-02-06;10;16;1;4;15;5;4;0;0;18858;14060;2160;3279;17161;2851;3534;0;879
FR;6;2023-02-07;8;9;4;8;9;7;7;0;3;18866;14069;2164;3287;17170;2858;3541;0;882
FR;6;2023-02-08;7;3;3;2;2;6;1;0;1;18873;14072;2167;3289;17172;2864;3542;0;883
FR;6;2023-02-09;6;11;1;6;8;8;2;0;2;18879;14083;2168;3295;17180;2872;3544;0;885
FR;6;2023-02-10;13;21;6;12;15;15;11;0;2;18892;14104;2174;3307;17195;2887;3555;0;887
FR;6;2023-02-11;12;8;7;4;9;3;9;0;5;18904;14112;2181;3311;17204;2890;3564;0;892
FR;6;2023-02-12;0;1;0;0;1;0;0;0;0;18904;14113;2181;3311;17205;2890;3564;0;892
FR;6;2023-02-13;5;6;0;0;6;1;0;0;0;18909;14119;2181;3311;17211;2891;3564;0;892
FR;6;2023-02-14;12;13;3;15;15;4;14;0;0;18921;14132;2184;3326;17226;2895;3578;0;892
FR;6;2023-02-15;8;11;3;2;11;2;2;0;4;18929;14143;2187;3328;17237;2897;3580;0;896
FR;6;2023-02-16;16;8;1;3;17;1;3;0;4;18945;14151;2188;3331;17254;2898;3583;0;900
FR;6;2023-02-17;9;14;3;9;12;7;9;0;5;18954;14165;2191;3340;17266;2905;3592;0;905
FR;6;2023-02-18;10;6;1;1;7;1;1;0;0;18964;14171;2192;3341;17273;2906;3593;0;905
FR;6;2023-02-19;0;0;0;0;0;0;0;0;0;18964;14171;2192;3341;17273;2906;3593;0;905
FR;6;2023-02-20;10;8;3;2;9;5;1;0;0;18974;14179;2195;3343;17282;2911;3594;0;905
FR;6;2023-02-21;9;8;8;5;6;7;8;0;1;18983;14187;2203;3348;17288;2918;3602;0;906
FR;6;2023-02-22;4;13;1;3;12;3;3;0;5;18987;14200;2204;3351;17300;2921;3605;0;911
FR;6;2023-02-23;7;11;6;2;10;6;4;0;1;18994;14211;2210;3353;17310;2927;3609;0;912
FR;6;2023-02-24;9;13;5;21;14;5;19;0;15;19003;14224;2215;3374;17324;2932;3628;0;927
FR;6;2023-02-25;4;5;1;1;6;1;1;0;0;19007;14229;2216;3375;17330;2933;3629;0;927
FR;6;2023-02-26;0;1;0;0;0;1;0;0;0;19007;14230;2216;3375;17330;2934;3629;0;927
FR;6;2023-02-27;10;8;3;1;3;9;0;0;2;19017;14238;2219;3376;17333;2943;3629;0;929
FR;6;2023-02-28;3;8;4;4;9;3;6;0;0;19020;14246;2223;3380;17342;2946;3635;0;929
FR;6;2023-03-01;6;10;3;2;10;4;2;0;0;19026;14256;2226;3382;17352;2950;3637;0;929
FR;6;2023-03-02;8;7;1;3;7;3;2;0;5;19034;14263;2227;3385;17359;2953;3639;0;934
FR;6;2023-03-03;14;12;5;7;11;9;6;0;7;19048;14275;2232;3392;17370;2962;3645;0;941
FR;6;2023-03-04;8;14;1;0;13;3;0;0;0;19056;14289;2233;3392;17383;2965;3645;0;941
FR;6;2023-03-05;4;0;0;0;0;0;0;0;0;19060;14289;2233;3392;17383;2965;3645;0;941
FR;6;2023-03-06;8;12;0;1;11;2;0;0;1;19068;14301;2233;3393;17394;2967;3645;0;942
FR;6;2023-03-07;4;5;0;1;4;2;0;0;5;19072;14306;2233;3394;17398;2969;3645;0;947
FR;6;2023-03-08;3;7;2;0;7;2;0;0;0;19075;14313;2235;3394;17405;2971;3645;0;947
FR;6;2023-03-09;7;6;0;1;6;2;1;0;0;19082;14319;2235;3395;17411;2973;3646;0;947
FR;6;2023-03-10;9;9;2;9;9;2;9;0;9;19091;14328;2237;3404;17420;2975;3655;0;956
FR;6;2023-03-11;13;12;2;0;12;2;2;0;0;19104;14340;2239;3404;17432;2977;3657;0;956
FR;6;2023-03-12;2;0;0;0;1;0;0;0;0;19106;14340;2239;3404;17433;2977;3657;0;956
FR;6;2023-03-13;7;12;4;1;13;2;1;0;2;19113;14352;2243;3405;17446;2979;3658;0;958
FR;6;2023-03-14;5;12;2;0;8;6;0;0;0;19118;14364;2245;3405;17454;2985;3658;0;958
FR;6;2023-03-15;6;4;2;3;5;3;3;0;1;19124;14368;2247;3408;17459;2988;3661;0;959
FR;6;2023-03-16;9;5;2;0;5;3;0;0;0;19133;14373;2249;3408;17464;2991;3661;0;959
FR;8;2020-12-27;0;0;0;0;0;0;0;0;0;0;0;0;0;0;0;0;0;0
FR;8;2020-12-28;0;0;0;0;0;0;0;0;0;0;0;0;0;0;0;0;0;0
FR;8;2020-12-29;0;0;0;0;0;0;0;0;0;0;0;0;0;0;0;0;0;0
FR;8;2020-12-30;0;0;0;0;0;0;0;0;0;0;0;0;0;0;0;0;0;0
FR;8;2020-12-31;0;0;0;0;0;0;0;0;0;0;0;0;0;0;0;0;0;0
FR;8;2021-01-01;0;0;0;0;0;0;0;0;0;0;0;0;0;0;0;0;0;0
FR;8;2021-01-02;0;0;0;0;0;0;0;0;0;0;0;0;0;0;0;0;0;0
FR;8;2021-01-03;0;0;0;0;0;0;0;0;0;0;0;0;0;0;0;0;0;0
FR;8;2021-01-04;0;0;0;0;0;0;0;0;0;0;0;0;0;0;0;0;0;0
FR;8;2021-01-05;0;0;0;0;0;0;0;0;0;0;0;0;0;0;0;0;0;0
FR;8;2021-01-06;0;0;0;0;0;0;0;0;0;0;0;0;0;0;0;0;0;0
FR;8;2021-01-07;0;0;0;0;0;0;0;0;0;0;0;0;0;0;0;0;0;0
FR;8;2021-01-08;0;0;0;0;0;0;0;0;0;0;0;0;0;0;0;0;0;0
FR;8;2021-01-09;0;0;0;0;0;0;0;0;0;0;0;0;0;0;0;0;0;0
FR;8;2021-01-10;0;0;0;0;0;0;0;0;0;0;0;0;0;0;0;0;0;0
FR;8;2021-01-11;0;0;0;0;0;0;0;0;0;0;0;0;0;0;0;0;0;0
FR;8;2021-01-12;0;0;0;0;0;0;0;0;0;0;0;0;0;0;0;0;0;0
FR;8;2021-01-13;0;0;0;0;0;0;0;0;0;0;0;0;0;0;0;0;0;0
FR;8;2021-01-14;0;0;0;0;0;0;0;0;0;0;0;0;0;0;0;0;0;0
FR;8;2021-01-15;0;0;0;0;0;0;0;0;0;0;0;0;0;0;0;0;0;0
FR;8;2021-01-16;0;0;0;0;0;0;0;0;0;0;0;0;0;0;0;0;0;0
FR;8;2021-01-17;0;0;0;0;0;0;0;0;0;0;0;0;0;0;0;0;0;0
FR;8;2021-01-18;0;0;0;0;0;0;0;0;0;0;0;0;0;0;0;0;0;0
FR;8;2021-01-19;0;0;0;0;0;0;0;0;0;0;0;0;0;0;0;0;0;0
FR;8;2021-01-20;0;0;0;0;0;0;0;0;0;0;0;0;0;0;0;0;0;0
FR;8;2021-01-21;0;0;0;0;0;0;0;0;0;0;0;0;0;0;0;0;0;0
FR;8;2021-01-22;0;0;0;0;0;0;0;0;0;0;0;0;0;0;0;0;0;0
FR;8;2021-01-23;0;0;0;0;0;0;0;0;0;0;0;0;0;0;0;0;0;0
FR;8;2021-01-24;0;0;0;0;0;0;0;0;0;0;0;0;0;0;0;0;0;0
FR;8;2021-01-25;0;0;0;0;0;0;0;0;0;0;0;0;0;0;0;0;0;0
FR;8;2021-01-26;0;0;0;0;0;0;0;0;0;0;0;0;0;0;0;0;0;0
FR;8;2021-01-27;0;0;0;0;0;0;0;0;0;0;0;0;0;0;0;0;0;0
FR;8;2021-01-28;0;0;0;0;0;0;0;0;0;0;0;0;0;0;0;0;0;0
FR;8;2021-01-29;0;0;0;0;0;0;0;0;0;0;0;0;0;0;0;0;0;0
FR;8;2021-01-30;0;0;0;0;0;0;0;0;0;0;0;0;0;0;0;0;0;0
FR;8;2021-01-31;0;0;0;0;0;0;0;0;0;0;0;0;0;0;0;0;0;0
FR;8;2021-02-01;0;0;0;0;0;0;0;0;0;0;0;0;0;0;0;0;0;0
FR;8;2021-02-02;0;0;0;0;0;0;0;0;0;0;0;0;0;0;0;0;0;0
FR;8;2021-02-03;0;0;0;0;0;0;0;0;0;0;0;0;0;0;0;0;0;0
FR;8;2021-02-04;0;0;0;0;0;0;0;0;0;0;0;0;0;0;0;0;0;0
FR;8;2021-02-05;0;0;0;0;0;0;0;0;0;0;0;0;0;0;0;0;0;0
FR;8;2021-02-06;0;0;0;0;0;0;0;0;0;0;0;0;0;0;0;0;0;0
FR;8;2021-02-07;0;0;0;0;0;0;0;0;0;0;0;0;0;0;0;0;0;0
FR;8;2021-02-08;0;0;0;0;0;0;0;0;0;0;0;0;0;0;0;0;0;0
FR;8;2021-02-09;0;0;0;0;0;0;0;0;0;0;0;0;0;0;0;0;0;0
FR;8;2021-02-10;0;0;0;0;0;0;0;0;0;0;0;0;0;0;0;0;0;0
FR;8;2021-02-11;0;0;0;0;0;0;0;0;0;0;0;0;0;0;0;0;0;0
FR;8;2021-02-12;0;0;0;0;0;0;0;0;0;0;0;0;0;0;0;0;0;0
FR;8;2021-02-13;0;0;0;0;0;0;0;0;0;0;0;0;0;0;0;0;0;0
FR;8;2021-02-14;0;0;0;0;0;0;0;0;0;0;0;0;0;0;0;0;0;0
FR;8;2021-02-15;0;0;0;0;0;0;0;0;0;0;0;0;0;0;0;0;0;0
FR;8;2021-02-16;0;0;0;0;0;0;0;0;0;0;0;0;0;0;0;0;0;0
FR;8;2021-02-17;0;0;0;0;0;0;0;0;0;0;0;0;0;0;0;0;0;0
FR;8;2021-02-18;0;0;0;0;0;0;0;0;0;0;0;0;0;0;0;0;0;0
FR;8;2021-02-19;0;0;0;0;0;0;0;0;0;0;0;0;0;0;0;0;0;0
FR;8;2021-02-20;0;0;0;0;0;0;0;0;0;0;0;0;0;0;0;0;0;0
FR;8;2021-02-21;0;0;0;0;0;0;0;0;0;0;0;0;0;0;0;0;0;0
FR;8;2021-02-22;0;0;0;0;0;0;0;0;0;0;0;0;0;0;0;0;0;0
FR;8;2021-02-23;0;0;0;0;0;0;0;0;0;0;0;0;0;0;0;0;0;0
FR;8;2021-02-24;0;0;0;0;0;0;0;0;0;0;0;0;0;0;0;0;0;0
FR;8;2021-02-25;0;0;0;0;0;0;0;0;0;0;0;0;0;0;0;0;0;0
FR;8;2021-02-26;0;0;0;0;0;0;0;0;0;0;0;0;0;0;0;0;0;0
FR;8;2021-02-27;0;0;0;0;0;0;0;0;0;0;0;0;0;0;0;0;0;0
FR;8;2021-02-28;0;0;0;0;0;0;0;0;0;0;0;0;0;0;0;0;0;0
FR;8;2021-03-01;0;0;0;0;0;0;0;0;0;0;0;0;0;0;0;0;0;0
FR;8;2021-03-02;0;0;0;0;0;0;0;0;0;0;0;0;0;0;0;0;0;0
FR;8;2021-03-03;0;0;0;0;0;0;0;0;0;0;0;0;0;0;0;0;0;0
FR;8;2021-03-04;0;0;0;0;0;0;0;0;0;0;0;0;0;0;0;0;0;0
FR;8;2021-03-05;0;0;0;0;0;0;0;0;0;0;0;0;0;0;0;0;0;0
FR;8;2021-03-06;0;0;0;0;0;0;0;0;0;0;0;0;0;0;0;0;0;0
FR;8;2021-03-07;0;0;0;0;0;0;0;0;0;0;0;0;0;0;0;0;0;0
FR;8;2021-03-08;0;0;0;0;0;0;0;0;0;0;0;0;0;0;0;0;0;0
FR;8;2021-03-09;0;0;0;0;0;0;0;0;0;0;0;0;0;0;0;0;0;0
FR;8;2021-03-10;0;0;0;0;0;0;0;0;0;0;0;0;0;0;0;0;0;0
FR;8;2021-03-11;0;0;0;0;0;0;0;0;0;0;0;0;0;0;0;0;0;0
FR;8;2021-03-12;0;0;0;0;0;0;0;0;0;0;0;0;0;0;0;0;0;0
FR;8;2021-03-13;0;0;0;0;0;0;0;0;0;0;0;0;0;0;0;0;0;0
FR;8;2021-03-14;0;0;0;0;0;0;0;0;0;0;0;0;0;0;0;0;0;0
FR;8;2021-03-15;0;0;0;0;0;0;0;0;0;0;0;0;0;0;0;0;0;0
FR;8;2021-03-16;0;0;0;0;0;0;0;0;0;0;0;0;0;0;0;0;0;0
FR;8;2021-03-17;0;0;0;0;0;0;0;0;0;0;0;0;0;0;0;0;0;0
FR;8;2021-03-18;0;0;0;0;0;0;0;0;0;0;0;0;0;0;0;0;0;0
FR;8;2021-03-19;0;0;0;0;0;0;0;0;0;0;0;0;0;0;0;0;0;0
FR;8;2021-03-20;0;0;0;0;0;0;0;0;0;0;0;0;0;0;0;0;0;0
FR;8;2021-03-21;0;0;0;0;0;0;0;0;0;0;0;0;0;0;0;0;0;0
FR;8;2021-03-22;0;0;0;0;0;0;0;0;0;0;0;0;0;0;0;0;0;0
FR;8;2021-03-23;0;0;0;0;0;0;0;0;0;0;0;0;0;0;0;0;0;0
FR;8;2021-03-24;0;0;0;0;0;0;0;0;0;0;0;0;0;0;0;0;0;0
FR;8;2021-03-25;0;0;0;0;0;0;0;0;0;0;0;0;0;0;0;0;0;0
FR;8;2021-03-26;0;0;0;0;0;0;0;0;0;0;0;0;0;0;0;0;0;0
FR;8;2021-03-27;0;0;0;0;0;0;0;0;0;0;0;0;0;0;0;0;0;0
FR;8;2021-03-28;0;0;0;0;0;0;0;0;0;0;0;0;0;0;0;0;0;0
FR;8;2021-03-29;0;0;0;0;0;0;0;0;0;0;0;0;0;0;0;0;0;0
FR;8;2021-03-30;0;0;0;0;0;0;0;0;0;0;0;0;0;0;0;0;0;0
FR;8;2021-03-31;0;0;0;0;0;0;0;0;0;0;0;0;0;0;0;0;0;0
FR;8;2021-04-01;0;0;0;0;0;0;0;0;0;0;0;0;0;0;0;0;0;0
FR;8;2021-04-02;0;0;0;0;0;0;0;0;0;0;0;0;0;0;0;0;0;0
FR;8;2021-04-03;0;0;0;0;0;0;0;0;0;0;0;0;0;0;0;0;0;0
FR;8;2021-04-04;0;0;0;0;0;0;0;0;0;0;0;0;0;0;0;0;0;0
FR;8;2021-04-05;0;0;0;0;0;0;0;0;0;0;0;0;0;0;0;0;0;0
FR;8;2021-04-06;0;0;0;0;0;0;0;0;0;0;0;0;0;0;0;0;0;0
FR;8;2021-04-07;0;0;0;0;0;0;0;0;0;0;0;0;0;0;0;0;0;0
FR;8;2021-04-08;0;0;0;0;0;0;0;0;0;0;0;0;0;0;0;0;0;0
FR;8;2021-04-09;0;0;0;0;0;0;0;0;0;0;0;0;0;0;0;0;0;0
FR;8;2021-04-10;0;0;0;0;0;0;0;0;0;0;0;0;0;0;0;0;0;0
FR;8;2021-04-11;0;0;0;0;0;0;0;0;0;0;0;0;0;0;0;0;0;0
FR;8;2021-04-12;0;0;0;0;0;0;0;0;0;0;0;0;0;0;0;0;0;0
FR;8;2021-04-13;0;0;0;0;0;0;0;0;0;0;0;0;0;0;0;0;0;0
FR;8;2021-04-14;0;0;0;0;0;0;0;0;0;0;0;0;0;0;0;0;0;0
FR;8;2021-04-15;0;0;0;0;0;0;0;0;0;0;0;0;0;0;0;0;0;0
FR;8;2021-04-16;0;0;0;0;0;0;0;0;0;0;0;0;0;0;0;0;0;0
FR;8;2021-04-17;0;0;0;0;0;0;0;0;0;0;0;0;0;0;0;0;0;0
FR;8;2021-04-18;0;0;0;0;0;0;0;0;0;0;0;0;0;0;0;0;0;0
FR;8;2021-04-19;0;0;0;0;0;0;0;0;0;0;0;0;0;0;0;0;0;0
FR;8;2021-04-20;0;0;0;0;0;0;0;0;0;0;0;0;0;0;0;0;0;0
FR;8;2021-04-21;0;0;0;0;0;0;0;0;0;0;0;0;0;0;0;0;0;0
FR;8;2021-04-22;0;0;0;0;0;0;0;0;0;0;0;0;0;0;0;0;0;0
FR;8;2021-04-23;0;0;0;0;0;0;0;0;0;0;0;0;0;0;0;0;0;0
FR;8;2021-04-24;0;0;0;0;0;0;0;0;0;0;0;0;0;0;0;0;0;0
FR;8;2021-04-25;0;0;0;0;0;0;0;0;0;0;0;0;0;0;0;0;0;0
FR;8;2021-04-26;0;0;0;0;0;0;0;0;0;0;0;0;0;0;0;0;0;0
FR;8;2021-04-27;0;0;0;0;0;0;0;0;0;0;0;0;0;0;0;0;0;0
FR;8;2021-04-28;0;0;0;0;0;0;0;0;0;0;0;0;0;0;0;0;0;0
FR;8;2021-04-29;0;0;0;0;0;0;0;0;0;0;0;0;0;0;0;0;0;0
FR;8;2021-04-30;0;0;0;0;0;0;0;0;0;0;0;0;0;0;0;0;0;0
FR;8;2021-05-01;0;0;0;0;0;0;0;0;0;0;0;0;0;0;0;0;0;0
FR;8;2021-05-02;0;0;0;0;0;0;0;0;0;0;0;0;0;0;0;0;0;0
FR;8;2021-05-03;0;0;0;0;0;0;0;0;0;0;0;0;0;0;0;0;0;0
FR;8;2021-05-04;0;0;0;0;0;0;0;0;0;0;0;0;0;0;0;0;0;0
FR;8;2021-05-05;0;0;0;0;0;0;0;0;0;0;0;0;0;0;0;0;0;0
FR;8;2021-05-06;0;0;0;0;0;0;0;0;0;0;0;0;0;0;0;0;0;0
FR;8;2021-05-07;0;0;0;0;0;0;0;0;0;0;0;0;0;0;0;0;0;0
FR;8;2021-05-08;0;0;0;0;0;0;0;0;0;0;0;0;0;0;0;0;0;0
FR;8;2021-05-09;0;0;0;0;0;0;0;0;0;0;0;0;0;0;0;0;0;0
FR;8;2021-05-10;0;0;0;0;0;0;0;0;0;0;0;0;0;0;0;0;0;0
FR;8;2021-05-11;0;0;0;0;0;0;0;0;0;0;0;0;0;0;0;0;0;0
FR;8;2021-05-12;0;0;0;0;0;0;0;0;0;0;0;0;0;0;0;0;0;0
FR;8;2021-05-13;0;0;0;0;0;0;0;0;0;0;0;0;0;0;0;0;0;0
FR;8;2021-05-14;0;0;0;0;0;0;0;0;0;0;0;0;0;0;0;0;0;0
FR;8;2021-05-15;0;0;0;0;0;0;0;0;0;0;0;0;0;0;0;0;0;0
FR;8;2021-05-16;0;0;0;0;0;0;0;0;0;0;0;0;0;0;0;0;0;0
FR;8;2021-05-17;0;0;0;0;0;0;0;0;0;0;0;0;0;0;0;0;0;0
FR;8;2021-05-18;0;0;0;0;0;0;0;0;0;0;0;0;0;0;0;0;0;0
FR;8;2021-05-19;0;0;0;0;0;0;0;0;0;0;0;0;0;0;0;0;0;0
FR;8;2021-05-20;0;0;0;0;0;0;0;0;0;0;0;0;0;0;0;0;0;0
FR;8;2021-05-21;0;0;0;0;0;0;0;0;0;0;0;0;0;0;0;0;0;0
FR;8;2021-05-22;0;0;0;0;0;0;0;0;0;0;0;0;0;0;0;0;0;0
FR;8;2021-05-23;0;0;0;0;0;0;0;0;0;0;0;0;0;0;0;0;0;0
FR;8;2021-05-24;0;0;0;0;0;0;0;0;0;0;0;0;0;0;0;0;0;0
FR;8;2021-05-25;0;0;0;0;0;0;0;0;0;0;0;0;0;0;0;0;0;0
FR;8;2021-05-26;0;0;0;0;0;0;0;0;0;0;0;0;0;0;0;0;0;0
FR;8;2021-05-27;0;0;0;0;0;0;0;0;0;0;0;0;0;0;0;0;0;0
FR;8;2021-05-28;0;0;0;0;0;0;0;0;0;0;0;0;0;0;0;0;0;0
FR;8;2021-05-29;0;0;0;0;0;0;0;0;0;0;0;0;0;0;0;0;0;0
FR;8;2021-05-30;0;0;0;0;0;0;0;0;0;0;0;0;0;0;0;0;0;0
FR;8;2021-05-31;0;0;0;0;0;0;0;0;0;0;0;0;0;0;0;0;0;0
FR;8;2021-06-01;0;0;0;0;0;0;0;0;0;0;0;0;0;0;0;0;0;0
FR;8;2021-06-02;0;0;0;0;0;0;0;0;0;0;0;0;0;0;0;0;0;0
FR;8;2021-06-03;0;0;0;0;0;0;0;0;0;0;0;0;0;0;0;0;0;0
FR;8;2021-06-04;0;0;0;0;0;0;0;0;0;0;0;0;0;0;0;0;0;0
FR;8;2021-06-05;0;0;0;0;0;0;0;0;0;0;0;0;0;0;0;0;0;0
FR;8;2021-06-06;0;0;0;0;0;0;0;0;0;0;0;0;0;0;0;0;0;0
FR;8;2021-06-07;0;0;0;0;0;0;0;0;0;0;0;0;0;0;0;0;0;0
FR;8;2021-06-08;0;0;0;0;0;0;0;0;0;0;0;0;0;0;0;0;0;0
FR;8;2021-06-09;0;0;0;0;0;0;0;0;0;0;0;0;0;0;0;0;0;0
FR;8;2021-06-10;0;0;0;0;0;0;0;0;0;0;0;0;0;0;0;0;0;0
FR;8;2021-06-11;0;0;0;0;0;0;0;0;0;0;0;0;0;0;0;0;0;0
FR;8;2021-06-12;0;0;0;0;0;0;0;0;0;0;0;0;0;0;0;0;0;0
FR;8;2021-06-13;0;0;0;0;0;0;0;0;0;0;0;0;0;0;0;0;0;0
FR;8;2021-06-14;0;0;0;0;0;0;0;0;0;0;0;0;0;0;0;0;0;0
FR;8;2021-06-15;0;0;0;0;0;0;0;0;0;0;0;0;0;0;0;0;0;0
FR;8;2021-06-16;0;0;0;0;0;0;0;0;0;0;0;0;0;0;0;0;0;0
FR;8;2021-06-17;0;0;0;0;0;0;0;0;0;0;0;0;0;0;0;0;0;0
FR;8;2021-06-18;0;0;0;0;0;0;0;0;0;0;0;0;0;0;0;0;0;0
FR;8;2021-06-19;0;0;0;0;0;0;0;0;0;0;0;0;0;0;0;0;0;0
FR;8;2021-06-20;0;0;0;0;0;0;0;0;0;0;0;0;0;0;0;0;0;0
FR;8;2021-06-21;0;0;0;0;0;0;0;0;0;0;0;0;0;0;0;0;0;0
FR;8;2021-06-22;0;0;0;0;0;0;0;0;0;0;0;0;0;0;0;0;0;0
FR;8;2021-06-23;0;0;0;0;0;0;0;0;0;0;0;0;0;0;0;0;0;0
FR;8;2021-06-24;0;0;0;0;0;0;0;0;0;0;0;0;0;0;0;0;0;0
FR;8;2021-06-25;0;0;0;0;0;0;0;0;0;0;0;0;0;0;0;0;0;0
FR;8;2021-06-26;0;0;0;0;0;0;0;0;0;0;0;0;0;0;0;0;0;0
FR;8;2021-06-27;0;0;0;0;0;0;0;0;0;0;0;0;0;0;0;0;0;0
FR;8;2021-06-28;0;0;0;0;0;0;0;0;0;0;0;0;0;0;0;0;0;0
FR;8;2021-06-29;0;0;0;0;0;0;0;0;0;0;0;0;0;0;0;0;0;0
FR;8;2021-06-30;0;0;0;0;0;0;0;0;0;0;0;0;0;0;0;0;0;0
FR;8;2021-07-01;0;0;0;0;0;0;0;0;0;0;0;0;0;0;0;0;0;0
FR;8;2021-07-02;0;0;0;0;0;0;0;0;0;0;0;0;0;0;0;0;0;0
FR;8;2021-07-03;0;0;0;0;0;0;0;0;0;0;0;0;0;0;0;0;0;0
FR;8;2021-07-04;0;0;0;0;0;0;0;0;0;0;0;0;0;0;0;0;0;0
FR;8;2021-07-05;0;0;0;0;0;0;0;0;0;0;0;0;0;0;0;0;0;0
FR;8;2021-07-06;0;0;0;0;0;0;0;0;0;0;0;0;0;0;0;0;0;0
FR;8;2021-07-07;0;0;0;0;0;0;0;0;0;0;0;0;0;0;0;0;0;0
FR;8;2021-07-08;0;0;0;0;0;0;0;0;0;0;0;0;0;0;0;0;0;0
FR;8;2021-07-09;0;0;0;0;0;0;0;0;0;0;0;0;0;0;0;0;0;0
FR;8;2021-07-10;0;0;0;0;0;0;0;0;0;0;0;0;0;0;0;0;0;0
FR;8;2021-07-11;0;0;0;0;0;0;0;0;0;0;0;0;0;0;0;0;0;0
FR;8;2021-07-12;0;0;0;0;0;0;0;0;0;0;0;0;0;0;0;0;0;0
FR;8;2021-07-13;0;0;0;0;0;0;0;0;0;0;0;0;0;0;0;0;0;0
FR;8;2021-07-14;0;0;0;0;0;0;0;0;0;0;0;0;0;0;0;0;0;0
FR;8;2021-07-15;0;0;0;0;0;0;0;0;0;0;0;0;0;0;0;0;0;0
FR;8;2021-07-16;0;0;0;0;0;0;0;0;0;0;0;0;0;0;0;0;0;0
FR;8;2021-07-17;0;0;0;0;0;0;0;0;0;0;0;0;0;0;0;0;0;0
FR;8;2021-07-18;0;0;0;0;0;0;0;0;0;0;0;0;0;0;0;0;0;0
FR;8;2021-07-19;0;0;0;0;0;0;0;0;0;0;0;0;0;0;0;0;0;0
FR;8;2021-07-20;0;0;0;0;0;0;0;0;0;0;0;0;0;0;0;0;0;0
FR;8;2021-07-21;0;0;0;0;0;0;0;0;0;0;0;0;0;0;0;0;0;0
FR;8;2021-07-22;0;0;0;0;0;0;0;0;0;0;0;0;0;0;0;0;0;0
FR;8;2021-07-23;0;0;0;0;0;0;0;0;0;0;0;0;0;0;0;0;0;0
FR;8;2021-07-24;0;0;0;0;0;0;0;0;0;0;0;0;0;0;0;0;0;0
FR;8;2021-07-25;0;0;0;0;0;0;0;0;0;0;0;0;0;0;0;0;0;0
FR;8;2021-07-26;0;0;0;0;0;0;0;0;0;0;0;0;0;0;0;0;0;0
FR;8;2021-07-27;0;0;0;0;0;0;0;0;0;0;0;0;0;0;0;0;0;0
FR;8;2021-07-28;0;0;0;0;0;0;0;0;0;0;0;0;0;0;0;0;0;0
FR;8;2021-07-29;0;0;0;0;0;0;0;0;0;0;0;0;0;0;0;0;0;0
FR;8;2021-07-30;0;0;0;0;0;0;0;0;0;0;0;0;0;0;0;0;0;0
FR;8;2021-07-31;0;0;0;0;0;0;0;0;0;0;0;0;0;0;0;0;0;0
FR;8;2021-08-01;0;0;0;0;0;0;0;0;0;0;0;0;0;0;0;0;0;0
FR;8;2021-08-02;0;0;0;0;0;0;0;0;0;0;0;0;0;0;0;0;0;0
FR;8;2021-08-03;0;0;0;0;0;0;0;0;0;0;0;0;0;0;0;0;0;0
FR;8;2021-08-04;0;0;0;0;0;0;0;0;0;0;0;0;0;0;0;0;0;0
FR;8;2021-08-05;0;0;0;0;0;0;0;0;0;0;0;0;0;0;0;0;0;0
FR;8;2021-08-06;0;0;0;0;0;0;0;0;0;0;0;0;0;0;0;0;0;0
FR;8;2021-08-07;0;0;0;0;0;0;0;0;0;0;0;0;0;0;0;0;0;0
FR;8;2021-08-08;0;0;0;0;0;0;0;0;0;0;0;0;0;0;0;0;0;0
FR;8;2021-08-09;0;0;0;0;0;0;0;0;0;0;0;0;0;0;0;0;0;0
FR;8;2021-08-10;0;0;0;0;0;0;0;0;0;0;0;0;0;0;0;0;0;0
FR;8;2021-08-11;0;0;0;0;0;0;0;0;0;0;0;0;0;0;0;0;0;0
FR;8;2021-08-12;0;0;0;0;0;0;0;0;0;0;0;0;0;0;0;0;0;0
FR;8;2021-08-13;0;0;0;0;0;0;0;0;0;0;0;0;0;0;0;0;0;0
FR;8;2021-08-14;0;0;0;0;0;0;0;0;0;0;0;0;0;0;0;0;0;0
FR;8;2021-08-15;0;0;0;0;0;0;0;0;0;0;0;0;0;0;0;0;0;0
FR;8;2021-08-16;0;0;0;0;0;0;0;0;0;0;0;0;0;0;0;0;0;0
FR;8;2021-08-17;0;0;0;0;0;0;0;0;0;0;0;0;0;0;0;0;0;0
FR;8;2021-08-18;0;0;0;0;0;0;0;0;0;0;0;0;0;0;0;0;0;0
FR;8;2021-08-19;0;0;0;0;0;0;0;0;0;0;0;0;0;0;0;0;0;0
FR;8;2021-08-20;0;0;0;0;0;0;0;0;0;0;0;0;0;0;0;0;0;0
FR;8;2021-08-21;0;0;0;0;0;0;0;0;0;0;0;0;0;0;0;0;0;0
FR;8;2021-08-22;0;0;0;0;0;0;0;0;0;0;0;0;0;0;0;0;0;0
FR;8;2021-08-23;0;0;0;0;0;0;0;0;0;0;0;0;0;0;0;0;0;0
FR;8;2021-08-24;0;0;0;0;0;0;0;0;0;0;0;0;0;0;0;0;0;0
FR;8;2021-08-25;0;0;0;0;0;0;0;0;0;0;0;0;0;0;0;0;0;0
FR;8;2021-08-26;0;0;0;0;0;0;0;0;0;0;0;0;0;0;0;0;0;0
FR;8;2021-08-27;0;0;0;0;0;0;0;0;0;0;0;0;0;0;0;0;0;0
FR;8;2021-08-28;0;0;0;0;0;0;0;0;0;0;0;0;0;0;0;0;0;0
FR;8;2021-08-29;0;0;0;0;0;0;0;0;0;0;0;0;0;0;0;0;0;0
FR;8;2021-08-30;0;0;0;0;0;0;0;0;0;0;0;0;0;0;0;0;0;0
FR;8;2021-08-31;0;0;0;0;0;0;0;0;0;0;0;0;0;0;0;0;0;0
FR;8;2021-09-01;0;0;0;0;0;0;0;0;0;0;0;0;0;0;0;0;0;0
FR;8;2021-09-02;0;0;0;0;0;0;0;0;0;0;0;0;0;0;0;0;0;0
FR;8;2021-09-03;0;0;0;0;0;0;0;0;0;0;0;0;0;0;0;0;0;0
FR;8;2021-09-04;0;0;0;0;0;0;0;0;0;0;0;0;0;0;0;0;0;0
FR;8;2021-09-05;0;0;0;0;0;0;0;0;0;0;0;0;0;0;0;0;0;0
FR;8;2021-09-06;0;0;0;0;0;0;0;0;0;0;0;0;0;0;0;0;0;0
FR;8;2021-09-07;0;0;0;0;0;0;0;0;0;0;0;0;0;0;0;0;0;0
FR;8;2021-09-08;0;0;0;0;0;0;0;0;0;0;0;0;0;0;0;0;0;0
FR;8;2021-09-09;0;0;0;0;0;0;0;0;0;0;0;0;0;0;0;0;0;0
FR;8;2021-09-10;0;0;0;0;0;0;0;0;0;0;0;0;0;0;0;0;0;0
FR;8;2021-09-11;0;0;0;0;0;0;0;0;0;0;0;0;0;0;0;0;0;0
FR;8;2021-09-12;0;0;0;0;0;0;0;0;0;0;0;0;0;0;0;0;0;0
FR;8;2021-09-13;0;0;0;0;0;0;0;0;0;0;0;0;0;0;0;0;0;0
FR;8;2021-09-14;0;0;0;0;0;0;0;0;0;0;0;0;0;0;0;0;0;0
FR;8;2021-09-15;0;0;0;0;0;0;0;0;0;0;0;0;0;0;0;0;0;0
FR;8;2021-09-16;0;0;0;0;0;0;0;0;0;0;0;0;0;0;0;0;0;0
FR;8;2021-09-17;0;0;0;0;0;0;0;0;0;0;0;0;0;0;0;0;0;0
FR;8;2021-09-18;0;0;0;0;0;0;0;0;0;0;0;0;0;0;0;0;0;0
FR;8;2021-09-19;0;0;0;0;0;0;0;0;0;0;0;0;0;0;0;0;0;0
FR;8;2021-09-20;0;0;0;0;0;0;0;0;0;0;0;0;0;0;0;0;0;0
FR;8;2021-09-21;0;0;0;0;0;0;0;0;0;0;0;0;0;0;0;0;0;0
FR;8;2021-09-22;0;0;0;0;0;0;0;0;0;0;0;0;0;0;0;0;0;0
FR;8;2021-09-23;0;0;0;0;0;0;0;0;0;0;0;0;0;0;0;0;0;0
FR;8;2021-09-24;0;0;0;0;0;0;0;0;0;0;0;0;0;0;0;0;0;0
FR;8;2021-09-25;0;0;0;0;0;0;0;0;0;0;0;0;0;0;0;0;0;0
FR;8;2021-09-26;0;0;0;0;0;0;0;0;0;0;0;0;0;0;0;0;0;0
FR;8;2021-09-27;0;0;0;0;0;0;0;0;0;0;0;0;0;0;0;0;0;0
FR;8;2021-09-28;0;0;0;0;0;0;0;0;0;0;0;0;0;0;0;0;0;0
FR;8;2021-09-29;0;0;0;0;0;0;0;0;0;0;0;0;0;0;0;0;0;0
FR;8;2021-09-30;0;0;0;0;0;0;0;0;0;0;0;0;0;0;0;0;0;0
FR;8;2021-10-01;0;0;0;0;0;0;0;0;0;0;0;0;0;0;0;0;0;0
FR;8;2021-10-02;0;0;0;0;0;0;0;0;0;0;0;0;0;0;0;0;0;0
FR;8;2021-10-03;0;0;0;0;0;0;0;0;0;0;0;0;0;0;0;0;0;0
FR;8;2021-10-04;0;0;0;0;0;0;0;0;0;0;0;0;0;0;0;0;0;0
FR;8;2021-10-05;0;0;0;0;0;0;0;0;0;0;0;0;0;0;0;0;0;0
FR;8;2021-10-06;0;0;0;0;0;0;0;0;0;0;0;0;0;0;0;0;0;0
FR;8;2021-10-07;0;0;0;0;0;0;0;0;0;0;0;0;0;0;0;0;0;0
FR;8;2021-10-08;0;0;0;0;0;0;0;0;0;0;0;0;0;0;0;0;0;0
FR;8;2021-10-09;0;0;0;0;0;0;0;0;0;0;0;0;0;0;0;0;0;0
FR;8;2021-10-10;0;0;0;0;0;0;0;0;0;0;0;0;0;0;0;0;0;0
FR;8;2021-10-11;0;0;0;0;0;0;0;0;0;0;0;0;0;0;0;0;0;0
FR;8;2021-10-12;0;0;0;0;0;0;0;0;0;0;0;0;0;0;0;0;0;0
FR;8;2021-10-13;0;0;0;0;0;0;0;0;0;0;0;0;0;0;0;0;0;0
FR;8;2021-10-14;0;0;0;0;0;0;0;0;0;0;0;0;0;0;0;0;0;0
FR;8;2021-10-15;0;0;0;0;0;0;0;0;0;0;0;0;0;0;0;0;0;0
FR;8;2021-10-16;0;0;0;0;0;0;0;0;0;0;0;0;0;0;0;0;0;0
FR;8;2021-10-17;0;0;0;0;0;0;0;0;0;0;0;0;0;0;0;0;0;0
FR;8;2021-10-18;0;0;0;0;0;0;0;0;0;0;0;0;0;0;0;0;0;0
FR;8;2021-10-19;0;0;0;0;0;0;0;0;0;0;0;0;0;0;0;0;0;0
FR;8;2021-10-20;0;0;0;0;0;0;0;0;0;0;0;0;0;0;0;0;0;0
FR;8;2021-10-21;0;0;0;0;0;0;0;0;0;0;0;0;0;0;0;0;0;0
FR;8;2021-10-22;0;0;0;0;0;0;0;0;0;0;0;0;0;0;0;0;0;0
FR;8;2021-10-23;0;0;0;0;0;0;0;0;0;0;0;0;0;0;0;0;0;0
FR;8;2021-10-24;0;0;0;0;0;0;0;0;0;0;0;0;0;0;0;0;0;0
FR;8;2021-10-25;0;0;0;0;0;0;0;0;0;0;0;0;0;0;0;0;0;0
FR;8;2021-10-26;0;0;0;0;0;0;0;0;0;0;0;0;0;0;0;0;0;0
FR;8;2021-10-27;0;0;0;0;0;0;0;0;0;0;0;0;0;0;0;0;0;0
FR;8;2021-10-28;0;0;0;0;0;0;0;0;0;0;0;0;0;0;0;0;0;0
FR;8;2021-10-29;0;0;0;0;0;0;0;0;0;0;0;0;0;0;0;0;0;0
FR;8;2021-10-30;0;0;0;0;0;0;0;0;0;0;0;0;0;0;0;0;0;0
FR;8;2021-10-31;0;0;0;0;0;0;0;0;0;0;0;0;0;0;0;0;0;0
FR;8;2021-11-01;0;0;0;0;0;0;0;0;0;0;0;0;0;0;0;0;0;0
FR;8;2021-11-02;0;0;0;0;0;0;0;0;0;0;0;0;0;0;0;0;0;0
FR;8;2021-11-03;0;0;0;0;0;0;0;0;0;0;0;0;0;0;0;0;0;0
FR;8;2021-11-04;0;0;0;0;0;0;0;0;0;0;0;0;0;0;0;0;0;0
FR;8;2021-11-05;0;0;0;0;0;0;0;0;0;0;0;0;0;0;0;0;0;0
FR;8;2021-11-06;0;0;0;0;0;0;0;0;0;0;0;0;0;0;0;0;0;0
FR;8;2021-11-07;0;0;0;0;0;0;0;0;0;0;0;0;0;0;0;0;0;0
FR;8;2021-11-08;0;0;0;0;0;0;0;0;0;0;0;0;0;0;0;0;0;0
FR;8;2021-11-09;0;0;0;0;0;0;0;0;0;0;0;0;0;0;0;0;0;0
FR;8;2021-11-10;0;0;0;0;0;0;0;0;0;0;0;0;0;0;0;0;0;0
FR;8;2021-11-11;0;0;0;0;0;0;0;0;0;0;0;0;0;0;0;0;0;0
FR;8;2021-11-12;0;0;0;0;0;0;0;0;0;0;0;0;0;0;0;0;0;0
FR;8;2021-11-13;0;0;0;0;0;0;0;0;0;0;0;0;0;0;0;0;0;0
FR;8;2021-11-14;0;0;0;0;0;0;0;0;0;0;0;0;0;0;0;0;0;0
FR;8;2021-11-15;0;0;0;0;0;0;0;0;0;0;0;0;0;0;0;0;0;0
FR;8;2021-11-16;0;0;0;0;0;0;0;0;0;0;0;0;0;0;0;0;0;0
FR;8;2021-11-17;0;0;0;0;0;0;0;0;0;0;0;0;0;0;0;0;0;0
FR;8;2021-11-18;0;0;0;0;0;0;0;0;0;0;0;0;0;0;0;0;0;0
FR;8;2021-11-19;0;0;0;0;0;0;0;0;0;0;0;0;0;0;0;0;0;0
FR;8;2021-11-20;0;0;0;0;0;0;0;0;0;0;0;0;0;0;0;0;0;0
FR;8;2021-11-21;0;0;0;0;0;0;0;0;0;0;0;0;0;0;0;0;0;0
FR;8;2021-11-22;0;0;0;0;0;0;0;0;0;0;0;0;0;0;0;0;0;0
FR;8;2021-11-23;0;0;0;0;0;0;0;0;0;0;0;0;0;0;0;0;0;0
FR;8;2021-11-24;0;0;0;0;0;0;0;0;0;0;0;0;0;0;0;0;0;0
FR;8;2021-11-25;0;0;0;0;0;0;0;0;0;0;0;0;0;0;0;0;0;0
FR;8;2021-11-26;0;0;0;0;0;0;0;0;0;0;0;0;0;0;0;0;0;0
FR;8;2021-11-27;0;0;0;0;0;0;0;0;0;0;0;0;0;0;0;0;0;0
FR;8;2021-11-28;0;0;0;0;0;0;0;0;0;0;0;0;0;0;0;0;0;0
FR;8;2021-11-29;0;0;0;0;0;0;0;0;0;0;0;0;0;0;0;0;0;0
FR;8;2021-11-30;0;0;0;0;0;0;0;0;0;0;0;0;0;0;0;0;0;0
FR;8;2021-12-01;0;0;0;0;0;0;0;0;0;0;0;0;0;0;0;0;0;0
FR;8;2021-12-02;0;0;0;0;0;0;0;0;0;0;0;0;0;0;0;0;0;0
FR;8;2021-12-03;0;0;0;0;0;0;0;0;0;0;0;0;0;0;0;0;0;0
FR;8;2021-12-04;0;0;0;0;0;0;0;0;0;0;0;0;0;0;0;0;0;0
FR;8;2021-12-05;0;0;0;0;0;0;0;0;0;0;0;0;0;0;0;0;0;0
FR;8;2021-12-06;0;0;0;0;0;0;0;0;0;0;0;0;0;0;0;0;0;0
FR;8;2021-12-07;0;0;0;0;0;0;0;0;0;0;0;0;0;0;0;0;0;0
FR;8;2021-12-08;0;0;0;0;0;0;0;0;0;0;0;0;0;0;0;0;0;0
FR;8;2021-12-09;0;0;0;0;0;0;0;0;0;0;0;0;0;0;0;0;0;0
FR;8;2021-12-10;0;0;0;0;0;0;0;0;0;0;0;0;0;0;0;0;0;0
FR;8;2021-12-11;0;0;0;0;0;0;0;0;0;0;0;0;0;0;0;0;0;0
FR;8;2021-12-12;0;0;0;0;0;0;0;0;0;0;0;0;0;0;0;0;0;0
FR;8;2021-12-13;0;0;0;0;0;0;0;0;0;0;0;0;0;0;0;0;0;0
FR;8;2021-12-14;0;0;0;0;0;0;0;0;0;0;0;0;0;0;0;0;0;0
FR;8;2021-12-15;0;0;0;0;0;0;0;0;0;0;0;0;0;0;0;0;0;0
FR;8;2021-12-16;0;0;0;0;0;0;0;0;0;0;0;0;0;0;0;0;0;0
FR;8;2021-12-17;0;0;0;0;0;0;0;0;0;0;0;0;0;0;0;0;0;0
FR;8;2021-12-18;0;0;0;0;0;0;0;0;0;0;0;0;0;0;0;0;0;0
FR;8;2021-12-19;0;0;0;0;0;0;0;0;0;0;0;0;0;0;0;0;0;0
FR;8;2021-12-20;0;0;0;0;0;0;0;0;0;0;0;0;0;0;0;0;0;0
FR;8;2021-12-21;0;0;0;0;0;0;0;0;0;0;0;0;0;0;0;0;0;0
FR;8;2021-12-22;0;0;0;0;0;0;0;0;0;0;0;0;0;0;0;0;0;0
FR;8;2021-12-23;0;0;0;0;0;0;0;0;0;0;0;0;0;0;0;0;0;0
FR;8;2021-12-24;0;0;0;0;0;0;0;0;0;0;0;0;0;0;0;0;0;0
FR;8;2021-12-25;0;0;0;0;0;0;0;0;0;0;0;0;0;0;0;0;0;0
FR;8;2021-12-26;0;0;0;0;0;0;0;0;0;0;0;0;0;0;0;0;0;0
FR;8;2021-12-27;0;0;0;0;0;0;0;0;0;0;0;0;0;0;0;0;0;0
FR;8;2021-12-28;0;0;0;0;0;0;0;0;0;0;0;0;0;0;0;0;0;0
FR;8;2021-12-29;0;0;0;0;0;0;0;0;0;0;0;0;0;0;0;0;0;0
FR;8;2021-12-30;0;0;0;0;0;0;0;0;0;0;0;0;0;0;0;0;0;0
FR;8;2021-12-31;0;0;0;0;0;0;0;0;0;0;0;0;0;0;0;0;0;0
FR;8;2022-01-01;0;0;0;0;0;0;0;0;0;0;0;0;0;0;0;0;0;0
FR;8;2022-01-02;0;0;0;0;0;0;0;0;0;0;0;0;0;0;0;0;0;0
FR;8;2022-01-03;0;0;0;0;0;0;0;0;0;0;0;0;0;0;0;0;0;0
FR;8;2022-01-04;0;0;0;0;0;0;0;0;0;0;0;0;0;0;0;0;0;0
FR;8;2022-01-05;0;0;0;0;0;0;0;0;0;0;0;0;0;0;0;0;0;0
FR;8;2022-01-06;0;0;0;0;0;0;0;0;0;0;0;0;0;0;0;0;0;0
FR;8;2022-01-07;0;0;0;0;0;0;0;0;0;0;0;0;0;0;0;0;0;0
FR;8;2022-01-08;0;0;0;0;0;0;0;0;0;0;0;0;0;0;0;0;0;0
FR;8;2022-01-09;0;0;0;0;0;0;0;0;0;0;0;0;0;0;0;0;0;0
FR;8;2022-01-10;0;0;0;0;0;0;0;0;0;0;0;0;0;0;0;0;0;0
FR;8;2022-01-11;0;0;0;0;0;0;0;0;0;0;0;0;0;0;0;0;0;0
FR;8;2022-01-12;0;0;0;0;0;0;0;0;0;0;0;0;0;0;0;0;0;0
FR;8;2022-01-13;0;0;0;0;0;0;0;0;0;0;0;0;0;0;0;0;0;0
FR;8;2022-01-14;0;0;0;0;0;0;0;0;0;0;0;0;0;0;0;0;0;0
FR;8;2022-01-15;0;0;0;0;0;0;0;0;0;0;0;0;0;0;0;0;0;0
FR;8;2022-01-16;0;0;0;0;0;0;0;0;0;0;0;0;0;0;0;0;0;0
FR;8;2022-01-17;0;0;0;0;0;0;0;0;0;0;0;0;0;0;0;0;0;0
FR;8;2022-01-18;0;0;0;0;0;0;0;0;0;0;0;0;0;0;0;0;0;0
FR;8;2022-01-19;0;0;0;0;0;0;0;0;0;0;0;0;0;0;0;0;0;0
FR;8;2022-01-20;0;0;0;0;0;0;0;0;0;0;0;0;0;0;0;0;0;0
FR;8;2022-01-21;0;0;0;0;0;0;0;0;0;0;0;0;0;0;0;0;0;0
FR;8;2022-01-22;0;0;0;0;0;0;0;0;0;0;0;0;0;0;0;0;0;0
FR;8;2022-01-23;0;0;0;0;0;0;0;0;0;0;0;0;0;0;0;0;0;0
FR;8;2022-01-24;0;0;0;0;0;0;0;0;0;0;0;0;0;0;0;0;0;0
FR;8;2022-01-25;0;0;0;0;0;0;0;0;0;0;0;0;0;0;0;0;0;0
FR;8;2022-01-26;0;0;0;0;0;0;0;0;0;0;0;0;0;0;0;0;0;0
FR;8;2022-01-27;0;0;0;0;0;0;0;0;0;0;0;0;0;0;0;0;0;0
FR;8;2022-01-28;0;0;0;0;0;0;0;0;0;0;0;0;0;0;0;0;0;0
FR;8;2022-01-29;0;0;0;0;0;0;0;0;0;0;0;0;0;0;0;0;0;0
FR;8;2022-01-30;0;0;0;0;0;0;0;0;0;0;0;0;0;0;0;0;0;0
FR;8;2022-01-31;0;0;0;0;0;0;0;0;0;0;0;0;0;0;0;0;0;0
FR;8;2022-02-01;0;0;0;0;0;0;0;0;0;0;0;0;0;0;0;0;0;0
FR;8;2022-02-02;0;0;0;0;0;0;0;0;0;0;0;0;0;0;0;0;0;0
FR;8;2022-02-03;0;0;0;0;0;0;0;0;0;0;0;0;0;0;0;0;0;0
FR;8;2022-02-04;0;0;0;0;0;0;0;0;0;0;0;0;0;0;0;0;0;0
FR;8;2022-02-05;0;0;0;0;0;0;0;0;0;0;0;0;0;0;0;0;0;0
FR;8;2022-02-06;0;0;0;0;0;0;0;0;0;0;0;0;0;0;0;0;0;0
FR;8;2022-02-07;0;0;0;0;0;0;0;0;0;0;0;0;0;0;0;0;0;0
FR;8;2022-02-08;0;0;0;0;0;0;0;0;0;0;0;0;0;0;0;0;0;0
FR;8;2022-02-09;0;0;0;0;0;0;0;0;0;0;0;0;0;0;0;0;0;0
FR;8;2022-02-10;0;0;0;0;0;0;0;0;0;0;0;0;0;0;0;0;0;0
FR;8;2022-02-11;0;0;0;0;0;0;0;0;0;0;0;0;0;0;0;0;0;0
FR;8;2022-02-12;0;0;0;0;0;0;0;0;0;0;0;0;0;0;0;0;0;0
FR;8;2022-02-13;0;0;0;0;0;0;0;0;0;0;0;0;0;0;0;0;0;0
FR;8;2022-02-14;0;0;0;0;0;0;0;0;0;0;0;0;0;0;0;0;0;0
FR;8;2022-02-15;0;0;0;0;0;0;0;0;0;0;0;0;0;0;0;0;0;0
FR;8;2022-02-16;0;0;0;0;0;0;0;0;0;0;0;0;0;0;0;0;0;0
FR;8;2022-02-17;0;0;0;0;0;0;0;0;0;0;0;0;0;0;0;0;0;0
FR;8;2022-02-18;0;0;0;0;0;0;0;0;0;0;0;0;0;0;0;0;0;0
FR;8;2022-02-19;0;0;0;0;0;0;0;0;0;0;0;0;0;0;0;0;0;0
FR;8;2022-02-20;0;0;0;0;0;0;0;0;0;0;0;0;0;0;0;0;0;0
FR;8;2022-02-21;0;0;0;0;0;0;0;0;0;0;0;0;0;0;0;0;0;0
FR;8;2022-02-22;0;0;0;0;0;0;0;0;0;0;0;0;0;0;0;0;0;0
FR;8;2022-02-23;0;0;0;0;0;0;0;0;0;0;0;0;0;0;0;0;0;0
FR;8;2022-02-24;0;0;0;0;0;0;0;0;0;0;0;0;0;0;0;0;0;0
FR;8;2022-02-25;0;0;0;0;0;0;0;0;0;0;0;0;0;0;0;0;0;0
FR;8;2022-02-26;0;0;0;0;0;0;0;0;0;0;0;0;0;0;0;0;0;0
FR;8;2022-02-27;0;0;0;0;0;0;0;0;0;0;0;0;0;0;0;0;0;0
FR;8;2022-02-28;0;0;0;0;0;0;0;0;0;0;0;0;0;0;0;0;0;0
FR;8;2022-03-01;0;0;0;0;0;0;0;0;0;0;0;0;0;0;0;0;0;0
FR;8;2022-03-02;0;0;0;0;0;0;0;0;0;0;0;0;0;0;0;0;0;0
FR;8;2022-03-03;0;0;0;0;0;0;0;0;0;0;0;0;0;0;0;0;0;0
FR;8;2022-03-04;0;0;0;0;0;0;0;0;0;0;0;0;0;0;0;0;0;0
FR;8;2022-03-05;0;0;0;0;0;0;0;0;0;0;0;0;0;0;0;0;0;0
FR;8;2022-03-06;0;0;0;0;0;0;0;0;0;0;0;0;0;0;0;0;0;0
FR;8;2022-03-07;0;0;0;0;0;0;0;0;0;0;0;0;0;0;0;0;0;0
FR;8;2022-03-08;0;0;0;0;0;0;0;0;0;0;0;0;0;0;0;0;0;0
FR;8;2022-03-09;0;0;0;0;0;0;0;0;0;0;0;0;0;0;0;0;0;0
FR;8;2022-03-10;0;0;0;0;0;0;0;0;0;0;0;0;0;0;0;0;0;0
FR;8;2022-03-11;0;0;0;0;0;0;0;0;0;0;0;0;0;0;0;0;0;0
FR;8;2022-03-12;0;0;0;0;0;0;0;0;0;0;0;0;0;0;0;0;0;0
FR;8;2022-03-13;0;0;0;0;0;0;0;0;0;0;0;0;0;0;0;0;0;0
FR;8;2022-03-14;0;0;0;0;0;0;0;0;0;0;0;0;0;0;0;0;0;0
FR;8;2022-03-15;0;0;0;0;0;0;0;0;0;0;0;0;0;0;0;0;0;0
FR;8;2022-03-16;0;0;0;0;0;0;0;0;0;0;0;0;0;0;0;0;0;0
FR;8;2022-03-17;0;0;0;0;0;0;0;0;0;0;0;0;0;0;0;0;0;0
FR;8;2022-03-18;0;0;0;0;0;0;0;0;0;0;0;0;0;0;0;0;0;0
FR;8;2022-03-19;0;0;0;0;0;0;0;0;0;0;0;0;0;0;0;0;0;0
FR;8;2022-03-20;0;0;0;0;0;0;0;0;0;0;0;0;0;0;0;0;0;0
FR;8;2022-03-21;0;0;0;0;0;0;0;0;0;0;0;0;0;0;0;0;0;0
FR;8;2022-03-22;0;0;0;0;0;0;0;0;0;0;0;0;0;0;0;0;0;0
FR;8;2022-03-23;0;0;0;0;0;0;0;0;0;0;0;0;0;0;0;0;0;0
FR;8;2022-03-24;0;0;0;0;0;0;0;0;0;0;0;0;0;0;0;0;0;0
FR;8;2022-03-25;0;0;0;0;0;0;0;0;0;0;0;0;0;0;0;0;0;0
FR;8;2022-03-26;0;0;0;0;0;0;0;0;0;0;0;0;0;0;0;0;0;0
FR;8;2022-03-27;0;0;0;0;0;0;0;0;0;0;0;0;0;0;0;0;0;0
FR;8;2022-03-28;0;0;0;0;0;0;0;0;0;0;0;0;0;0;0;0;0;0
FR;8;2022-03-29;0;0;0;0;0;0;0;0;0;0;0;0;0;0;0;0;0;0
FR;8;2022-03-30;0;0;0;0;0;0;0;0;0;0;0;0;0;0;0;0;0;0
FR;8;2022-03-31;0;0;0;0;0;0;0;0;0;0;0;0;0;0;0;0;0;0
FR;8;2022-04-01;0;0;0;0;0;0;0;0;0;0;0;0;0;0;0;0;0;0
FR;8;2022-04-02;0;0;0;0;0;0;0;0;0;0;0;0;0;0;0;0;0;0
FR;8;2022-04-03;0;0;0;0;0;0;0;0;0;0;0;0;0;0;0;0;0;0
FR;8;2022-04-04;0;0;0;0;0;0;0;0;0;0;0;0;0;0;0;0;0;0
FR;8;2022-04-05;0;0;0;0;0;0;0;0;0;0;0;0;0;0;0;0;0;0
FR;8;2022-04-06;0;0;0;0;0;0;0;0;0;0;0;0;0;0;0;0;0;0
FR;8;2022-04-07;0;0;0;0;0;0;0;0;0;0;0;0;0;0;0;0;0;0
FR;8;2022-04-08;0;0;0;0;0;0;0;0;0;0;0;0;0;0;0;0;0;0
FR;8;2022-04-09;0;0;0;0;0;0;0;0;0;0;0;0;0;0;0;0;0;0
FR;8;2022-04-10;0;0;0;0;0;0;0;0;0;0;0;0;0;0;0;0;0;0
FR;8;2022-04-11;0;0;0;0;0;0;0;0;0;0;0;0;0;0;0;0;0;0
FR;8;2022-04-12;0;0;0;0;0;0;0;0;0;0;0;0;0;0;0;0;0;0
FR;8;2022-04-13;0;0;0;0;0;0;0;0;0;0;0;0;0;0;0;0;0;0
FR;8;2022-04-14;0;0;0;0;0;0;0;0;0;0;0;0;0;0;0;0;0;0
FR;8;2022-04-15;0;0;0;0;0;0;0;0;0;0;0;0;0;0;0;0;0;0
FR;8;2022-04-16;0;0;0;0;0;0;0;0;0;0;0;0;0;0;0;0;0;0
FR;8;2022-04-17;0;0;0;0;0;0;0;0;0;0;0;0;0;0;0;0;0;0
FR;8;2022-04-18;0;0;0;0;0;0;0;0;0;0;0;0;0;0;0;0;0;0
FR;8;2022-04-19;0;0;0;0;0;0;0;0;0;0;0;0;0;0;0;0;0;0
FR;8;2022-04-20;0;0;0;0;0;0;0;0;0;0;0;0;0;0;0;0;0;0
FR;8;2022-04-21;0;0;0;0;0;0;0;0;0;0;0;0;0;0;0;0;0;0
FR;8;2022-04-22;0;0;0;0;0;0;0;0;0;0;0;0;0;0;0;0;0;0
FR;8;2022-04-23;0;0;0;0;0;0;0;0;0;0;0;0;0;0;0;0;0;0
FR;8;2022-04-24;0;0;0;0;0;0;0;0;0;0;0;0;0;0;0;0;0;0
FR;8;2022-04-25;0;0;0;0;0;0;0;0;0;0;0;0;0;0;0;0;0;0
FR;8;2022-04-26;0;0;0;0;0;0;0;0;0;0;0;0;0;0;0;0;0;0
FR;8;2022-04-27;0;0;0;0;0;0;0;0;0;0;0;0;0;0;0;0;0;0
FR;8;2022-04-28;0;0;0;0;0;0;0;0;0;0;0;0;0;0;0;0;0;0
FR;8;2022-04-29;0;0;0;0;0;0;0;0;0;0;0;0;0;0;0;0;0;0
FR;8;2022-04-30;0;0;0;0;0;0;0;0;0;0;0;0;0;0;0;0;0;0
FR;8;2022-05-01;0;0;0;0;0;0;0;0;0;0;0;0;0;0;0;0;0;0
FR;8;2022-05-02;0;0;0;0;0;0;0;0;0;0;0;0;0;0;0;0;0;0
FR;8;2022-05-03;0;0;0;0;0;0;0;0;0;0;0;0;0;0;0;0;0;0
FR;8;2022-05-04;0;0;0;0;0;0;0;0;0;0;0;0;0;0;0;0;0;0
FR;8;2022-05-05;0;0;0;0;0;0;0;0;0;0;0;0;0;0;0;0;0;0
FR;8;2022-05-06;0;0;0;0;0;0;0;0;0;0;0;0;0;0;0;0;0;0
FR;8;2022-05-07;0;0;0;0;0;0;0;0;0;0;0;0;0;0;0;0;0;0
FR;8;2022-05-08;0;0;0;0;0;0;0;0;0;0;0;0;0;0;0;0;0;0
FR;8;2022-05-09;0;0;0;0;0;0;0;0;0;0;0;0;0;0;0;0;0;0
FR;8;2022-05-10;0;0;0;0;0;0;0;0;0;0;0;0;0;0;0;0;0;0
FR;8;2022-05-11;0;0;0;0;0;0;0;0;0;0;0;0;0;0;0;0;0;0
FR;8;2022-05-12;0;0;0;0;0;0;0;0;0;0;0;0;0;0;0;0;0;0
FR;8;2022-05-13;0;0;0;0;0;0;0;0;0;0;0;0;0;0;0;0;0;0
FR;8;2022-05-14;0;0;0;0;0;0;0;0;0;0;0;0;0;0;0;0;0;0
FR;8;2022-05-15;0;0;0;0;0;0;0;0;0;0;0;0;0;0;0;0;0;0
FR;8;2022-05-16;0;0;0;0;0;0;0;0;0;0;0;0;0;0;0;0;0;0
FR;8;2022-05-17;0;0;0;0;0;0;0;0;0;0;0;0;0;0;0;0;0;0
FR;8;2022-05-18;0;0;0;0;0;0;0;0;0;0;0;0;0;0;0;0;0;0
FR;8;2022-05-19;0;0;0;0;0;0;0;0;0;0;0;0;0;0;0;0;0;0
FR;8;2022-05-20;0;0;0;0;0;0;0;0;0;0;0;0;0;0;0;0;0;0
FR;8;2022-05-21;0;0;0;0;0;0;0;0;0;0;0;0;0;0;0;0;0;0
FR;8;2022-05-22;0;0;0;0;0;0;0;0;0;0;0;0;0;0;0;0;0;0
FR;8;2022-05-23;0;0;0;0;0;0;0;0;0;0;0;0;0;0;0;0;0;0
FR;8;2022-05-24;0;0;0;0;0;0;0;0;0;0;0;0;0;0;0;0;0;0
FR;8;2022-05-25;0;0;0;0;0;0;0;0;0;0;0;0;0;0;0;0;0;0
FR;8;2022-05-26;0;0;0;0;0;0;0;0;0;0;0;0;0;0;0;0;0;0
FR;8;2022-05-27;0;0;0;0;0;0;0;0;0;0;0;0;0;0;0;0;0;0
FR;8;2022-05-28;0;0;0;0;0;0;0;0;0;0;0;0;0;0;0;0;0;0
FR;8;2022-05-29;0;0;0;0;0;0;0;0;0;0;0;0;0;0;0;0;0;0
FR;8;2022-05-30;0;0;0;0;0;0;0;0;0;0;0;0;0;0;0;0;0;0
FR;8;2022-05-31;0;0;0;0;0;0;0;0;0;0;0;0;0;0;0;0;0;0
FR;8;2022-06-01;0;0;0;0;0;0;0;0;0;0;0;0;0;0;0;0;0;0
FR;8;2022-06-02;0;0;0;0;0;0;0;0;0;0;0;0;0;0;0;0;0;0
FR;8;2022-06-03;0;0;0;0;0;0;0;0;0;0;0;0;0;0;0;0;0;0
FR;8;2022-06-04;0;0;0;0;0;0;0;0;0;0;0;0;0;0;0;0;0;0
FR;8;2022-06-05;0;0;0;0;0;0;0;0;0;0;0;0;0;0;0;0;0;0
FR;8;2022-06-06;0;0;0;0;0;0;0;0;0;0;0;0;0;0;0;0;0;0
FR;8;2022-06-07;0;0;0;0;0;0;0;0;0;0;0;0;0;0;0;0;0;0
FR;8;2022-06-08;0;0;0;0;0;0;0;0;0;0;0;0;0;0;0;0;0;0
FR;8;2022-06-09;0;0;0;0;0;0;0;0;0;0;0;0;0;0;0;0;0;0
FR;8;2022-06-10;0;0;0;0;0;0;0;0;0;0;0;0;0;0;0;0;0;0
FR;8;2022-06-11;0;0;0;0;0;0;0;0;0;0;0;0;0;0;0;0;0;0
FR;8;2022-06-12;0;0;0;0;0;0;0;0;0;0;0;0;0;0;0;0;0;0
FR;8;2022-06-13;0;0;0;0;0;0;0;0;0;0;0;0;0;0;0;0;0;0
FR;8;2022-06-14;0;0;0;0;0;0;0;0;0;0;0;0;0;0;0;0;0;0
FR;8;2022-06-15;0;0;0;0;0;0;0;0;0;0;0;0;0;0;0;0;0;0
FR;8;2022-06-16;0;0;0;0;0;0;0;0;0;0;0;0;0;0;0;0;0;0
FR;8;2022-06-17;0;0;0;0;0;0;0;0;0;0;0;0;0;0;0;0;0;0
FR;8;2022-06-18;0;0;0;0;0;0;0;0;0;0;0;0;0;0;0;0;0;0
FR;8;2022-06-19;0;0;0;0;0;0;0;0;0;0;0;0;0;0;0;0;0;0
FR;8;2022-06-20;0;0;0;0;0;0;0;0;0;0;0;0;0;0;0;0;0;0
FR;8;2022-06-21;0;0;0;0;0;0;0;0;0;0;0;0;0;0;0;0;0;0
FR;8;2022-06-22;0;0;0;0;0;0;0;0;0;0;0;0;0;0;0;0;0;0
FR;8;2022-06-23;0;0;0;0;0;0;0;0;0;0;0;0;0;0;0;0;0;0
FR;8;2022-06-24;0;0;0;0;0;0;0;0;0;0;0;0;0;0;0;0;0;0
FR;8;2022-06-25;0;0;0;0;0;0;0;0;0;0;0;0;0;0;0;0;0;0
FR;8;2022-06-26;0;0;0;0;0;0;0;0;0;0;0;0;0;0;0;0;0;0
FR;8;2022-06-27;0;0;0;0;0;0;0;0;0;0;0;0;0;0;0;0;0;0
FR;8;2022-06-28;0;0;0;0;0;0;0;0;0;0;0;0;0;0;0;0;0;0
FR;8;2022-06-29;0;0;0;0;0;0;0;0;0;0;0;0;0;0;0;0;0;0
FR;8;2022-06-30;0;0;0;0;0;0;0;0;0;0;0;0;0;0;0;0;0;0
FR;8;2022-07-01;0;0;0;0;0;0;0;0;0;0;0;0;0;0;0;0;0;0
FR;8;2022-07-02;0;0;0;0;0;0;0;0;0;0;0;0;0;0;0;0;0;0
FR;8;2022-07-03;0;0;0;0;0;0;0;0;0;0;0;0;0;0;0;0;0;0
FR;8;2022-07-04;0;0;0;0;0;0;0;0;0;0;0;0;0;0;0;0;0;0
FR;8;2022-07-05;0;0;0;0;0;0;0;0;0;0;0;0;0;0;0;0;0;0
FR;8;2022-07-06;0;0;0;0;0;0;0;0;0;0;0;0;0;0;0;0;0;0
FR;8;2022-07-07;0;0;0;0;0;0;0;0;0;0;0;0;0;0;0;0;0;0
FR;8;2022-07-08;0;0;0;0;0;0;0;0;0;0;0;0;0;0;0;0;0;0
FR;8;2022-07-09;0;0;0;0;0;0;0;0;0;0;0;0;0;0;0;0;0;0
FR;8;2022-07-10;0;0;0;0;0;0;0;0;0;0;0;0;0;0;0;0;0;0
FR;8;2022-07-11;0;0;0;0;0;0;0;0;0;0;0;0;0;0;0;0;0;0
FR;8;2022-07-12;0;0;0;0;0;0;0;0;0;0;0;0;0;0;0;0;0;0
FR;8;2022-07-13;0;0;0;0;0;0;0;0;0;0;0;0;0;0;0;0;0;0
FR;8;2022-07-14;0;0;0;0;0;0;0;0;0;0;0;0;0;0;0;0;0;0
FR;8;2022-07-15;0;0;0;0;0;0;0;0;0;0;0;0;0;0;0;0;0;0
FR;8;2022-07-16;0;0;0;0;0;0;0;0;0;0;0;0;0;0;0;0;0;0
FR;8;2022-07-17;0;0;0;0;0;0;0;0;0;0;0;0;0;0;0;0;0;0
FR;8;2022-07-18;0;0;0;0;0;0;0;0;0;0;0;0;0;0;0;0;0;0
FR;8;2022-07-19;0;0;0;0;0;0;0;0;0;0;0;0;0;0;0;0;0;0
FR;8;2022-07-20;0;0;0;0;0;0;0;0;0;0;0;0;0;0;0;0;0;0
FR;8;2022-07-21;0;0;0;0;0;0;0;0;0;0;0;0;0;0;0;0;0;0
FR;8;2022-07-22;0;0;0;0;0;0;0;0;0;0;0;0;0;0;0;0;0;0
FR;8;2022-07-23;0;0;0;0;0;0;0;0;0;0;0;0;0;0;0;0;0;0
FR;8;2022-07-24;0;0;0;0;0;0;0;0;0;0;0;0;0;0;0;0;0;0
FR;8;2022-07-25;0;0;0;0;0;0;0;0;0;0;0;0;0;0;0;0;0;0
FR;8;2022-07-26;0;0;0;0;0;0;0;0;0;0;0;0;0;0;0;0;0;0
FR;8;2022-07-27;0;0;0;0;0;0;0;0;0;0;0;0;0;0;0;0;0;0
FR;8;2022-07-28;0;0;0;0;0;0;0;0;0;0;0;0;0;0;0;0;0;0
FR;8;2022-07-29;0;0;0;0;0;0;0;0;0;0;0;0;0;0;0;0;0;0
FR;8;2022-07-30;0;0;0;0;0;0;0;0;0;0;0;0;0;0;0;0;0;0
FR;8;2022-07-31;0;0;0;0;0;0;0;0;0;0;0;0;0;0;0;0;0;0
FR;8;2022-08-01;0;0;0;0;0;0;0;0;0;0;0;0;0;0;0;0;0;0
FR;8;2022-08-02;0;0;0;0;0;0;0;0;0;0;0;0;0;0;0;0;0;0
FR;8;2022-08-03;0;0;0;0;0;0;0;0;0;0;0;0;0;0;0;0;0;0
FR;8;2022-08-04;0;0;0;0;0;0;0;0;0;0;0;0;0;0;0;0;0;0
FR;8;2022-08-05;0;0;0;0;0;0;0;0;0;0;0;0;0;0;0;0;0;0
FR;8;2022-08-06;0;0;0;0;0;0;0;0;0;0;0;0;0;0;0;0;0;0
FR;8;2022-08-07;0;0;0;0;0;0;0;0;0;0;0;0;0;0;0;0;0;0
FR;8;2022-08-08;0;0;0;0;0;0;0;0;0;0;0;0;0;0;0;0;0;0
FR;8;2022-08-09;0;0;0;0;0;0;0;0;0;0;0;0;0;0;0;0;0;0
FR;8;2022-08-10;0;0;0;0;0;0;0;0;0;0;0;0;0;0;0;0;0;0
FR;8;2022-08-11;0;0;0;0;0;0;0;0;0;0;0;0;0;0;0;0;0;0
FR;8;2022-08-12;0;0;0;0;0;0;0;0;0;0;0;0;0;0;0;0;0;0
FR;8;2022-08-13;0;0;0;0;0;0;0;0;0;0;0;0;0;0;0;0;0;0
FR;8;2022-08-14;0;0;0;0;0;0;0;0;0;0;0;0;0;0;0;0;0;0
FR;8;2022-08-15;0;0;0;0;0;0;0;0;0;0;0;0;0;0;0;0;0;0
FR;8;2022-08-16;0;0;0;0;0;0;0;0;0;0;0;0;0;0;0;0;0;0
FR;8;2022-08-17;0;0;0;0;0;0;0;0;0;0;0;0;0;0;0;0;0;0
FR;8;2022-08-18;0;0;0;0;0;0;0;0;0;0;0;0;0;0;0;0;0;0
FR;8;2022-08-19;0;0;0;0;0;0;0;0;0;0;0;0;0;0;0;0;0;0
FR;8;2022-08-20;0;0;0;0;0;0;0;0;0;0;0;0;0;0;0;0;0;0
FR;8;2022-08-21;0;0;0;0;0;0;0;0;0;0;0;0;0;0;0;0;0;0
FR;8;2022-08-22;0;0;0;0;0;0;0;0;0;0;0;0;0;0;0;0;0;0
FR;8;2022-08-23;0;0;0;0;0;0;0;0;0;0;0;0;0;0;0;0;0;0
FR;8;2022-08-24;0;0;0;0;0;0;0;0;0;0;0;0;0;0;0;0;0;0
FR;8;2022-08-25;0;0;0;0;0;0;0;0;0;0;0;0;0;0;0;0;0;0
FR;8;2022-08-26;0;0;0;0;0;0;0;0;0;0;0;0;0;0;0;0;0;0
FR;8;2022-08-27;0;0;0;0;0;0;0;0;0;0;0;0;0;0;0;0;0;0
FR;8;2022-08-28;0;0;0;0;0;0;0;0;0;0;0;0;0;0;0;0;0;0
FR;8;2022-08-29;0;0;0;0;0;0;0;0;0;0;0;0;0;0;0;0;0;0
FR;8;2022-08-30;0;0;0;0;0;0;0;0;0;0;0;0;0;0;0;0;0;0
FR;8;2022-08-31;0;0;0;0;0;0;0;0;0;0;0;0;0;0;0;0;0;0
FR;8;2022-09-01;0;0;0;0;0;0;0;0;0;0;0;0;0;0;0;0;0;0
FR;8;2022-09-02;0;0;0;0;0;0;0;0;0;0;0;0;0;0;0;0;0;0
FR;8;2022-09-03;0;0;0;0;0;0;0;0;0;0;0;0;0;0;0;0;0;0
FR;8;2022-09-04;0;0;0;0;0;0;0;0;0;0;0;0;0;0;0;0;0;0
FR;8;2022-09-05;0;0;0;0;0;0;0;0;0;0;0;0;0;0;0;0;0;0
FR;8;2022-09-06;0;0;0;0;0;0;0;0;0;0;0;0;0;0;0;0;0;0
FR;8;2022-09-07;0;0;0;0;0;0;0;0;0;0;0;0;0;0;0;0;0;0
FR;8;2022-09-08;0;0;0;0;0;0;0;0;0;0;0;0;0;0;0;0;0;0
FR;8;2022-09-09;0;0;0;0;0;0;0;0;0;0;0;0;0;0;0;0;0;0
FR;8;2022-09-10;0;0;0;0;0;0;0;0;0;0;0;0;0;0;0;0;0;0
FR;8;2022-09-11;0;0;0;0;0;0;0;0;0;0;0;0;0;0;0;0;0;0
FR;8;2022-09-12;0;0;0;0;0;0;0;0;0;0;0;0;0;0;0;0;0;0
FR;8;2022-09-13;0;0;0;0;0;0;0;0;0;0;0;0;0;0;0;0;0;0
FR;8;2022-09-14;0;0;0;0;0;0;0;0;0;0;0;0;0;0;0;0;0;0
FR;8;2022-09-15;0;0;0;0;0;0;0;0;0;0;0;0;0;0;0;0;0;0
FR;8;2022-09-16;0;0;0;0;0;0;0;0;0;0;0;0;0;0;0;0;0;0
FR;8;2022-09-17;0;0;0;0;0;0;0;0;0;0;0;0;0;0;0;0;0;0
FR;8;2022-09-18;0;0;0;0;0;0;0;0;0;0;0;0;0;0;0;0;0;0
FR;8;2022-09-19;0;0;0;0;0;0;0;0;0;0;0;0;0;0;0;0;0;0
FR;8;2022-09-20;0;0;0;0;0;0;0;0;0;0;0;0;0;0;0;0;0;0
FR;8;2022-09-21;0;0;0;0;0;0;0;0;0;0;0;0;0;0;0;0;0;0
FR;8;2022-09-22;0;0;0;0;0;0;0;0;0;0;0;0;0;0;0;0;0;0
FR;8;2022-09-23;0;0;0;0;0;0;0;0;0;0;0;0;0;0;0;0;0;0
FR;8;2022-09-24;0;0;0;0;0;0;0;0;0;0;0;0;0;0;0;0;0;0
FR;8;2022-09-25;0;0;0;0;0;0;0;0;0;0;0;0;0;0;0;0;0;0
FR;8;2022-09-26;0;0;0;0;0;0;0;0;0;0;0;0;0;0;0;0;0;0
FR;8;2022-09-27;0;0;0;0;0;0;0;0;0;0;0;0;0;0;0;0;0;0
FR;8;2022-09-28;0;0;0;0;0;0;0;0;0;0;0;0;0;0;0;0;0;0
FR;8;2022-09-29;0;0;0;0;0;0;0;0;0;0;0;0;0;0;0;0;0;0
FR;8;2022-09-30;0;0;0;0;0;0;0;0;0;0;0;0;0;0;0;0;0;0
FR;8;2022-10-01;0;0;0;0;0;0;0;0;0;0;0;0;0;0;0;0;0;0
FR;8;2022-10-02;0;0;0;0;0;0;0;0;0;0;0;0;0;0;0;0;0;0
FR;8;2022-10-03;0;0;0;0;0;0;0;0;0;0;0;0;0;0;0;0;0;0
FR;8;2022-10-04;0;0;0;0;0;0;0;0;0;0;0;0;0;0;0;0;0;0
FR;8;2022-10-05;0;0;0;0;0;0;0;0;0;0;0;0;0;0;0;0;0;0
FR;8;2022-10-06;10;17;113;861;8;83;866;1059;110;10;17;113;861;8;83;866;1059;110
FR;8;2022-10-07;73;102;842;8012;63;699;8066;9845;1073;83;119;955;8873;71;782;8932;10904;1183
FR;8;2022-10-08;36;115;610;4057;50;516;4109;5310;676;119;234;1565;12930;121;1298;13041;16214;1859
FR;8;2022-10-09;17;22;145;885;13;132;913;1234;185;136;256;1710;13815;134;1430;13954;17448;2044
FR;8;2022-10-10;120;192;1348;12724;106;1029;12965;16269;2253;256;448;3058;26539;240;2459;26919;33717;4297
FR;8;2022-10-11;183;263;2476;26927;135;2012;27198;33964;4717;439;711;5534;53466;375;4471;54117;67681;9014
FR;8;2022-10-12;158;258;1831;18236;152;1441;18472;23472;3535;597;969;7365;71702;527;5912;72589;91153;12549
FR;8;2022-10-13;208;281;2512;28077;178;1905;28441;35580;5206;805;1250;9877;99779;705;7817;101030;126733;17755
FR;8;2022-10-14;257;419;3271;36246;241;2556;36671;45576;6307;1062;1669;13148;136025;946;10373;137701;172309;24062
FR;8;2022-10-15;102;182;1203;8806;79;1002;8932;11783;1829;1164;1851;14351;144831;1025;11375;146633;184092;25891
FR;8;2022-10-16;34;54;248;1522;26;215;1557;2179;402;1198;1905;14599;146353;1051;11590;148190;186271;26293
FR;8;2022-10-17;159;311;2101;21800;174;1627;22109;28294;4536;1357;2216;16700;168153;1225;13217;170299;214565;30829
FR;8;2022-10-18;269;349;3356;37858;226;2654;38241;50783;9815;1626;2565;20056;206011;1451;15871;208540;265348;40644
FR;8;2022-10-19;199;313;2631;28300;182;2187;28619;38729;7862;1825;2878;22687;234311;1633;18058;237159;304077;48506
FR;8;2022-10-20;256;368;3577;41204;228;2653;41812;55705;11155;2081;3246;26264;275515;1861;20711;278971;359782;59661
FR;8;2022-10-21;325;489;4461;49420;276;3475;50018;66301;12711;2406;3735;30725;324935;2137;24186;328989;426083;72372
FR;8;2022-10-22;126;168;1230;10662;111;927;10849;14744;2949;2532;3903;31955;335597;2248;25113;339838;440827;75321
FR;8;2022-10-23;50;53;266;1761;48;197;1840;2609;571;2582;3956;32221;337358;2296;25310;341678;443436;75892
FR;8;2022-10-24;231;311;2475;24044;174;2074;24342;33550;7083;2813;4267;34696;361402;2470;27384;366020;476986;82975
FR;8;2022-10-25;307;415;4081;43458;257;3135;44057;61295;14000;3120;4682;38777;404860;2727;30519;410077;538281;96975
FR;8;2022-10-26;226;343;2885;28761;186;2381;29040;41471;9962;3346;5025;41662;433621;2913;32900;439117;579752;106937
FR;8;2022-10-27;276;415;3329;36199;243;2635;36675;51254;11879;3622;5440;44991;469820;3156;35535;475792;631006;118816
FR;8;2022-10-28;328;466;3829;39473;258;2863;40198;55127;11997;3950;5906;48820;509293;3414;38398;515990;686133;130813
FR;8;2022-10-29;113;165;1074;8230;94;803;8374;11861;2667;4063;6071;49894;517523;3508;39201;524364;697994;133480
FR;8;2022-10-30;40;53;210;1348;38;180;1394;2063;485;4103;6124;50104;518871;3546;39381;525758;700057;133965
FR;8;2022-10-31;196;259;1662;14537;144;1275;14802;21200;5105;4299;6383;51766;533408;3690;40656;540560;721257;139070
FR;8;2022-11-01;31;41;135;959;23;169;974;1619;473;4330;6424;51901;534367;3713;40825;541534;722876;139543
FR;8;2022-11-02;197;368;2376;23314;204;1979;23708;35055;9301;4527;6792;54277;557681;3917;42804;565242;757931;148844
FR;8;2022-11-03;311;418;3487;36969;258;2604;37612;54689;14374;4838;7210;57764;594650;4175;45408;602854;812620;163218
FR;8;2022-11-04;355;496;3783;40209;260;2976;40726;57986;14173;5193;7706;61547;634859;4435;48384;643580;870606;177391
FR;8;2022-11-05;113;185;1103;8766;119;850;8933;12888;3070;5306;7891;62650;643625;4554;49234;652513;883494;180461
FR;8;2022-11-06;45;56;224;1408;38;205;1441;2249;593;5351;7947;62874;645033;4592;49439;653954;885743;181054
FR;8;2022-11-07;231;280;2323;24843;207;1799;25431;37628;10330;5582;8227;65197;669876;4799;51238;679385;923371;191384
FR;8;2022-11-08;344;505;4340;48397;305;3266;49378;71623;18817;5926;8732;69537;718273;5104;54504;728763;994994;210201
FR;8;2022-11-09;263;369;2878;29178;211;2262;29863;44459;12250;6189;9101;72415;747451;5315;56766;758626;1039453;222451
FR;8;2022-11-10;367;537;3956;40285;306;3025;41198;60566;16203;6556;9638;76371;787736;5621;59791;799824;1100019;238654
FR;8;2022-11-11;39;62;243;1479;32;204;1525;2675;933;6595;9700;76614;789215;5653;59995;801349;1102694;239587
FR;8;2022-11-12;85;165;881;6433;79;687;6636;9894;2552;6680;9865;77495;795648;5732;60682;807985;1112588;242139
FR;8;2022-11-13;36;54;213;1109;35;173;1161;1923;583;6716;9919;77708;796757;5767;60855;809146;1114511;242722
FR;8;2022-11-14;230;307;2241;22449;168;1725;22999;35093;10294;6946;10226;79949;819206;5935;62580;832145;1149604;253016
FR;8;2022-11-15;343;425;3764;42357;260;2868;43264;64802;18536;7289;10651;83713;861563;6195;65448;875409;1214406;271552
FR;8;2022-11-16;302;350;2621;26548;219;2158;27021;41759;12495;7591;11001;86334;888111;6414;67606;902430;1256165;284047
FR;8;2022-11-17;369;429;3385;36871;291;2616;37451;56653;16487;7960;11430;89719;924982;6705;70222;939881;1312818;300534
FR;8;2022-11-18;343;465;4073;42320;286;2977;43173;63678;17424;8303;11895;93792;967302;6991;73199;983054;1376496;317958
FR;8;2022-11-19;121;180;1199;8973;118;844;9155;13831;3794;8424;12075;94991;976275;7109;74043;992209;1390327;321752
FR;8;2022-11-20;35;51;260;1585;35;217;1653;2663;788;8459;12126;95251;977860;7144;74260;993862;1392990;322540
FR;8;2022-11-21;217;303;2078;20107;178;1601;20639;32128;9821;8676;12429;97329;997967;7322;75861;1014501;1425118;332361
FR;8;2022-11-22;336;407;3472;37562;250;2671;38076;58165;17307;9012;12836;100801;1035529;7572;78532;1052577;1483283;349668
FR;8;2022-11-23;230;324;2412;24437;188;2015;24864;39209;12248;9242;13160;103213;1059966;7760;80547;1077441;1522492;361916
FR;8;2022-11-24;347;391;3373;34907;237;2581;35596;55342;17066;9589;13551;106586;1094873;7997;83128;1113037;1577834;378982
FR;8;2022-11-25;309;425;3633;37739;286;2625;38537;57851;16565;9898;13976;110219;1132612;8283;85753;1151574;1635685;395547
FR;8;2022-11-26;172;194;1177;8819;126;898;8976;13688;3783;10070;14170;111396;1141431;8409;86651;1160550;1649373;399330
FR;8;2022-11-27;45;43;227;1545;37;180;1561;2472;721;10115;14213;111623;1142976;8446;86831;1162111;1651845;400051
FR;8;2022-11-28;183;301;2308;23375;172;1703;24038;37315;11500;10298;14514;113931;1166351;8618;88534;1186149;1689160;411551
FR;8;2022-11-29;293;428;3978;44079;217;2943;44766;69133;21301;10591;14942;117909;1210430;8835;91477;1230915;1758293;432852
FR;8;2022-11-30;283;410;3376;34885;227;2544;35650;54718;16406;10874;15352;121285;1245315;9062;94021;1266565;1813011;449258
FR;8;2022-12-01;332;476;4473;49355;274;3129;50131;77676;24253;11206;15828;125758;1294670;9336;97150;1316696;1890687;473511
FR;8;2022-12-02;408;518;5437;58442;304;3740;59620;89799;26250;11614;16346;131195;1353112;9640;100890;1376316;1980486;499761
FR;8;2022-12-03;177;216;1917;16859;108;1325;17271;25839;7207;11791;16562;133112;1369971;9748;102215;1393587;2006325;506968
FR;8;2022-12-04;53;90;488;4055;59;404;4114;6286;1756;11844;16652;133600;1374026;9807;102619;1397701;2012611;508724
FR;8;2022-12-05;284;403;3845;42334;247;2509;43261;66861;20942;12128;17055;137445;1416360;10054;105128;1440962;2079472;529666
FR;8;2022-12-06;424;546;6295;74318;305;4211;75736;117924;37731;12552;17601;143740;1490678;10359;109339;1516698;2197396;567397
FR;8;2022-12-07;361;432;4906;55022;263;3240;56107;87678;28136;12913;18033;148646;1545700;10622;112579;1572805;2285074;595533
FR;8;2022-12-08;453;533;6444;75435;290;4191;77022;120456;38982;13366;18566;155090;1621135;10912;116770;1649827;2405530;634515
FR;8;2022-12-09;546;603;8018;90892;356;5210;92659;142982;44846;13912;19169;163108;1712027;11268;121980;1742486;2548512;679361
FR;8;2022-12-10;264;300;3339;31717;167;2089;32562;48736;13994;14176;19469;166447;1743744;11435;124069;1775048;2597248;693355
FR;8;2022-12-11;90;104;933;7864;66;641;8081;11887;3145;14266;19573;167380;1751608;11501;124710;1783129;2609135;696500
FR;8;2022-12-12;353;462;5852;64335;253;3725;65845;103353;33585;14619;20035;173232;1815943;11754;128435;1848974;2712488;730085
FR;8;2022-12-13;531;605;8427;99082;351;5193;101510;160101;53065;15150;20640;181659;1915025;12105;133628;1950484;2872589;783150
FR;8;2022-12-14;453;532;6360;70045;306;4208;71611;113456;37367;15603;21172;188019;1985070;12411;137836;2022095;2986045;820517
FR;8;2022-12-15;491;649;8152;91719;365;5131;93932;149216;49812;16094;21821;196171;2076789;12776;142967;2116027;3135261;870329
FR;8;2022-12-16;582;708;8862;100282;385;5702;102405;161863;53381;16676;22529;205033;2177071;13161;148669;2218432;3297124;923710
FR;8;2022-12-17;233;308;3145;30056;189;2004;30827;46766;13830;16909;22837;208178;2207127;13350;150673;2249259;3343890;937540
FR;8;2022-12-18;63;94;732;5974;49;499;6122;9295;2645;16972;22931;208910;2213101;13399;151172;2255381;3353185;940185
FR;8;2022-12-19;399;453;5343;53758;265;3367;55321;87742;28872;17371;23384;214253;2266859;13664;154539;2310702;3440927;969057
FR;8;2022-12-20;555;581;7345;76566;348;4753;78663;127094;43350;17926;23965;221598;2343425;14012;159292;2389365;3568021;1012407
FR;8;2022-12-21;422;481;4962;48771;287;3313;50059;81673;28103;18348;24446;226560;2392196;14299;162605;2439424;3649694;1040510
FR;8;2022-12-22;462;523;4585;44265;312;3185;45487;74762;25935;18810;24969;231145;2436461;14611;165790;2484911;3724456;1066445
FR;8;2022-12-23;317;389;2884;25015;252;2076;25675;42267;14399;19127;25358;234029;2461476;14863;167866;2510586;3766723;1080844
FR;8;2022-12-24;70;70;395;2551;41;295;2665;4151;1174;19197;25428;234424;2464027;14904;168161;2513251;3770874;1082018
FR;8;2022-12-25;29;29;105;546;22;82;567;912;260;19226;25457;234529;2464573;14926;168243;2513818;3771786;1082278
FR;8;2022-12-26;243;275;2158;16063;176;1500;16687;26763;8481;19469;25732;236687;2480636;15102;169743;2530505;3798549;1090759
FR;8;2022-12-27;392;453;3771;32394;263;2532;33487;55268;19102;19861;26185;240458;2513030;15365;172275;2563992;3853817;1109861
FR;8;2022-12-28;343;342;2941;24654;191;2055;25242;41728;14311;20204;26527;243399;2537684;15556;174330;2589234;3895545;1124172
FR;8;2022-12-29;298;406;3158;25511;225;2186;26463;43968;15189;20502;26933;246557;2563195;15781;176516;2615697;3939513;1139361
FR;8;2022-12-30;296;343;2444;18666;216;1702;19307;31704;10587;20798;27276;249001;2581861;15997;178218;2635004;3971217;1149948
FR;8;2022-12-31;92;117;453;2959;75;364;3102;4755;1269;20890;27393;249454;2584820;16072;178582;2638106;3975972;1151217
FR;8;2023-01-01;17;30;112;661;14;85;684;995;225;20907;27423;249566;2585481;16086;178667;2638790;3976967;1151442
FR;8;2023-01-02;264;404;2261;18204;236;1607;18666;32011;11653;21171;27827;251827;2603685;16322;180274;2657456;4008978;1163095
FR;8;2023-01-03;464;539;4247;42800;319;2909;43715;80828;33881;21635;28366;256074;2646485;16641;183183;2701171;4089806;1196976
FR;8;2023-01-04;409;467;3492;29975;285;2422;30732;58246;24905;22044;28833;259566;2676460;16926;185605;2731903;4148052;1221881
FR;8;2023-01-05;502;595;4368;41795;398;2930;42691;81957;36015;22546;29428;263934;2718255;17324;188535;2774594;4230009;1257896
FR;8;2023-01-06;511;670;5102;46723;406;3340;47738;89669;38260;23057;30098;269036;2764978;17730;191875;2822332;4319678;1296156
FR;8;2023-01-07;216;288;1703;12296;180;1197;12610;22342;8435;23273;30386;270739;2777274;17910;193072;2834942;4342020;1304591
FR;8;2023-01-08;68;105;443;2744;64;312;2839;5089;1921;23341;30491;271182;2780018;17974;193384;2837781;4347109;1306512
FR;8;2023-01-09;399;477;2617;21454;309;1840;22024;44540;20456;23740;30968;273799;2801472;18283;195224;2859805;4391649;1326968
FR;8;2023-01-10;459;619;4340;40149;383;3060;40919;84983;40621;24199;31587;278139;2841621;18666;198284;2900724;4476632;1367589
FR;8;2023-01-11;345;456;2943;24111;285;2108;24619;51459;24440;24544;32043;281082;2865732;18951;200392;2925343;4528091;1392029
FR;8;2023-01-12;409;538;3655;33151;329;2571;33774;70744;34031;24953;32581;284737;2898883;19280;202963;2959117;4598835;1426060
FR;8;2023-01-13;446;588;4044;34869;338;2858;35462;72822;34123;25399;33169;288781;2933752;19618;205821;2994579;4671657;1460183
FR;8;2023-01-14;177;228;1337;8857;123;953;9039;17175;7103;25576;33397;290118;2942609;19741;206774;3003618;4688832;1467286
FR;8;2023-01-15;63;87;329;1475;53;244;1581;3172;1335;25639;33484;290447;2944084;19794;207018;3005199;4692004;1468621
FR;8;2023-01-16;266;335;1996;15738;196;1431;15999;35182;17549;25905;33819;292443;2959822;19990;208449;3021198;4727186;1486170
FR;8;2023-01-17;360;451;3246;28154;280;2318;28658;64467;33084;26265;34270;295689;2987976;20270;210767;3049856;4791653;1519254
FR;8;2023-01-18;261;403;2183;16820;242;1661;17061;38315;19338;26526;34673;297872;3004796;20512;212428;3066917;4829968;1538592
FR;8;2023-01-19;353;413;2663;22288;251;1942;22635;51169;26220;26879;35086;300535;3027084;20763;214370;3089552;4881137;1564812
FR;8;2023-01-20;403;504;3173;24781;304;2339;25262;56521;28540;27282;35590;303708;3051865;21067;216709;3114814;4937658;1593352
FR;8;2023-01-21;147;189;1001;6111;102;730;6237;12890;5826;27429;35779;304709;3057976;21169;217439;3121051;4950548;1599178
FR;8;2023-01-22;31;51;155;833;22;137;878;1879;844;27460;35830;304864;3058809;21191;217576;3121929;4952427;1600022
FR;8;2023-01-23;212;295;1587;10610;161;1157;10827;26645;14413;27672;36125;306451;3069419;21352;218733;3132756;4979072;1614435
FR;8;2023-01-24;304;415;2405;19951;247;1792;20219;49825;27396;27976;36540;308856;3089370;21599;220525;3152975;5028897;1641831
FR;8;2023-01-25;237;375;1795;12086;228;1320;12487;29948;15875;28213;36915;310651;3101456;21827;221845;3165462;5058845;1657706
FR;8;2023-01-26;299;377;2211;16466;258;1631;16738;41424;22669;28512;37292;312862;3117922;22085;223476;3182200;5100269;1680375
FR;8;2023-01-27;311;486;2456;17841;292;1839;18075;44095;23757;28823;37778;315318;3135763;22377;225315;3200275;5144364;1704132
FR;8;2023-01-28;125;186;766;4324;123;599;4439;9716;4589;28948;37964;316084;3140087;22500;225914;3204714;5154080;1708721
FR;8;2023-01-29;26;43;86;438;28;67;470;1058;513;28974;38007;316170;3140525;22528;225981;3205184;5155138;1709234
FR;8;2023-01-30;207;312;1221;7951;183;1007;8113;20412;11043;29181;38319;317391;3148476;22711;226988;3213297;5175550;1720277
FR;8;2023-01-31;270;378;1908;13580;229;1416;13799;36188;20682;29451;38697;319299;3162056;22940;228404;3227096;5211738;1740959
FR;8;2023-02-01;243;343;1325;8006;221;1084;8127;21636;12154;29694;39040;320624;3170062;23161;229488;3235223;5233374;1753113
FR;8;2023-02-02;255;383;1563;11394;231;1271;11618;30932;17682;29949;39423;322187;3181456;23392;230759;3246841;5264306;1770795
FR;8;2023-02-03;278;445;1844;12100;283;1433;12283;32921;18824;30227;39868;324031;3193556;23675;232192;3259124;5297227;1789619
FR;8;2023-02-04;117;157;568;2951;108;460;2993;7178;3654;30344;40025;324599;3196507;23783;232652;3262117;5304405;1793273
FR;8;2023-02-05;10;53;64;223;31;60;237;567;264;30354;40078;324663;3196730;23814;232712;3262354;5304972;1793537
FR;8;2023-02-06;182;240;935;5157;168;700;5338;14971;8702;30536;40318;325598;3201887;23982;233412;3267692;5319943;1802239
FR;8;2023-02-07;233;385;1449;9392;259;1173;9531;27482;16370;30769;40703;327047;3211279;24241;234585;3277223;5347425;1818609
FR;8;2023-02-08;170;243;1014;5804;166;804;5947;16451;9420;30939;40946;328061;3217083;24407;235389;3283170;5363876;1828029
FR;8;2023-02-09;236;379;1170;7500;241;980;7686;22117;13123;31175;41325;329231;3224583;24648;236369;3290856;5385993;1841152
FR;8;2023-02-10;275;360;1394;7938;243;1153;8071;23076;13479;31450;41685;330625;3232521;24891;237522;3298927;5409069;1854631
FR;8;2023-02-11;87;144;467;2011;99;400;2087;5216;2660;31537;41829;331092;3234532;24990;237922;3301014;5414285;1857291
FR;8;2023-02-12;26;31;49;163;25;43;184;423;189;31563;41860;331141;3234695;25015;237965;3301198;5414708;1857480
FR;8;2023-02-13;129;204;666;3138;125;604;3232;9248;5275;31692;42064;331807;3237833;25140;238569;3304430;5423956;1862755
FR;8;2023-02-14;186;260;1061;5667;157;885;5820;17050;10048;31878;42324;332868;3243500;25297;239454;3310250;5441006;1872803
FR;8;2023-02-15;161;246;840;3868;139;718;4042;11790;6828;32039;42570;333708;3247368;25436;240172;3314292;5452796;1879631
FR;8;2023-02-16;168;301;994;4872;169;846;5029;14545;8420;32207;42871;334702;3252240;25605;241018;3319321;5467341;1888051
FR;8;2023-02-17;224;312;1099;5186;218;937;5410;15891;9287;32431;43183;335801;3257426;25823;241955;3324731;5483232;1897338
FR;8;2023-02-18;92;129;394;1488;84;311;1561;3884;1956;32523;43312;336195;3258914;25907;242266;3326292;5487116;1899294
FR;8;2023-02-19;22;36;43;132;29;35;134;332;159;32545;43348;336238;3259046;25936;242301;3326426;5487448;1899453
FR;8;2023-02-20;138;254;627;2639;158;582;2755;8045;4563;32683;43602;336865;3261685;26094;242883;3329181;5495493;1904016
FR;8;2023-02-21;173;306;954;4271;162;829;4457;13453;7890;32856;43908;337819;3265956;26256;243712;3333638;5508946;1911906
FR;8;2023-02-22;154;251;658;2756;166;617;2792;8556;4982;33010;44159;338477;3268712;26422;244329;3336430;5517502;1916888
FR;8;2023-02-23;149;258;821;3749;152;727;3929;11758;6824;33159;44417;339298;3272461;26574;245056;3340359;5529260;1923712
FR;8;2023-02-24;156;308;946;4081;190;818;4249;12319;7013;33315;44725;340244;3276542;26764;245874;3344608;5541579;1930725
FR;8;2023-02-25;55;98;339;1057;65;273;1108;2927;1488;33370;44823;340583;3277599;26829;246147;3345716;5544506;1932213
FR;8;2023-02-26;14;21;31;95;22;28;108;249;106;33384;44844;340614;3277694;26851;246175;3345824;5544755;1932319
FR;8;2023-02-27;89;218;502;1820;149;477;1888;6205;3704;33473;45062;341116;3279514;27000;246652;3347712;5550960;1936023
FR;8;2023-02-28;153;251;752;3299;146;710;3432;11519;7084;33626;45313;341868;3282813;27146;247362;3351144;5562479;1943107
FR;8;2023-03-01;122;185;492;1814;136;435;1961;6162;3619;33748;45498;342360;3284627;27282;247797;3353105;5568641;1946726
FR;8;2023-03-02;124;213;701;2744;128;596;2938;9645;5881;33872;45711;343061;3287371;27410;248393;3356043;5578286;1952607
FR;8;2023-03-03;180;316;885;3381;209;782;3504;11106;6512;34052;46027;343946;3290752;27619;249175;3359547;5589392;1959119
FR;8;2023-03-04;57;130;295;968;78;278;974;2603;1292;34109;46157;344241;3291720;27697;249453;3360521;5591995;1960411
FR;8;2023-03-05;11;17;19;45;13;22;46;175;96;34120;46174;344260;3291765;27710;249475;3360567;5592170;1960507
FR;8;2023-03-06;116;175;400;1296;101;381;1355;4344;2484;34236;46349;344660;3293061;27811;249856;3361922;5596514;1962991
FR;8;2023-03-07;114;207;555;2141;123;512;2215;7457;4541;34350;46556;345215;3295202;27934;250368;3364137;5603971;1967532
FR;8;2023-03-08;88;172;437;1299;105;389;1367;4598;2698;34438;46728;345652;3296501;28039;250757;3365504;5608569;1970230
FR;8;2023-03-09;114;195;541;1831;115;506;1896;6596;4026;34552;46923;346193;3298332;28154;251263;3367400;5615165;1974256
FR;8;2023-03-10;189;313;741;2324;196;667;2455;8299;4939;34741;47236;346934;3300656;28350;251930;3369855;5623464;1979195
FR;8;2023-03-11;50;104;260;717;70;224;750;2097;1073;34791;47340;347194;3301373;28420;252154;3370605;5625561;1980268
FR;8;2023-03-12;6;10;22;58;8;21;60;164;79;34797;47350;347216;3301431;28428;252175;3370665;5625725;1980347
FR;8;2023-03-13;76;130;374;939;84;329;1016;3245;1812;34873;47480;347590;3302370;28512;252504;3371681;5628970;1982159
FR;8;2023-03-14;102;202;542;1664;118;525;1738;6182;3714;34975;47682;348132;3304034;28630;253029;3373419;5635152;1985873
FR;8;2023-03-15;102;155;384;1015;111;349;1092;3737;2172;35077;47837;348516;3305049;28741;253378;3374511;5638889;1988045
FR;8;2023-03-16;87;175;458;1345;108;418;1417;5091;3089;35164;48012;348974;3306394;28849;253796;3375928;5643980;1991134
FR;9;2020-12-27;0;0;0;0;0;0;0;0;0;0;0;0;0;0;0;0;0;0
FR;9;2020-12-28;0;0;0;0;0;0;0;0;0;0;0;0;0;0;0;0;0;0
FR;9;2020-12-29;0;0;0;0;0;0;0;0;0;0;0;0;0;0;0;0;0;0
FR;9;2020-12-30;0;0;0;0;0;0;0;0;0;0;0;0;0;0;0;0;0;0
FR;9;2020-12-31;0;0;0;0;0;0;0;0;0;0;0;0;0;0;0;0;0;0
FR;9;2021-01-01;0;0;0;0;0;0;0;0;0;0;0;0;0;0;0;0;0;0
FR;9;2021-01-02;0;0;0;0;0;0;0;0;0;0;0;0;0;0;0;0;0;0
FR;9;2021-01-03;0;0;0;0;0;0;0;0;0;0;0;0;0;0;0;0;0;0
FR;9;2021-01-04;0;0;0;0;0;0;0;0;0;0;0;0;0;0;0;0;0;0
FR;9;2021-01-05;0;0;0;0;0;0;0;0;0;0;0;0;0;0;0;0;0;0
FR;9;2021-01-06;0;0;0;0;0;0;0;0;0;0;0;0;0;0;0;0;0;0
FR;9;2021-01-07;0;0;0;0;0;0;0;0;0;0;0;0;0;0;0;0;0;0
FR;9;2021-01-08;0;0;0;0;0;0;0;0;0;0;0;0;0;0;0;0;0;0
FR;9;2021-01-09;0;0;0;0;0;0;0;0;0;0;0;0;0;0;0;0;0;0
FR;9;2021-01-10;0;0;0;0;0;0;0;0;0;0;0;0;0;0;0;0;0;0
FR;9;2021-01-11;0;0;0;0;0;0;0;0;0;0;0;0;0;0;0;0;0;0
FR;9;2021-01-12;0;0;0;0;0;0;0;0;0;0;0;0;0;0;0;0;0;0
FR;9;2021-01-13;0;0;0;0;0;0;0;0;0;0;0;0;0;0;0;0;0;0
FR;9;2021-01-14;0;0;0;0;0;0;0;0;0;0;0;0;0;0;0;0;0;0
FR;9;2021-01-15;0;0;0;0;0;0;0;0;0;0;0;0;0;0;0;0;0;0
FR;9;2021-01-16;0;0;0;0;0;0;0;0;0;0;0;0;0;0;0;0;0;0
FR;9;2021-01-17;0;0;0;0;0;0;0;0;0;0;0;0;0;0;0;0;0;0
FR;9;2021-01-18;0;0;0;0;0;0;0;0;0;0;0;0;0;0;0;0;0;0
FR;9;2021-01-19;0;0;0;0;0;0;0;0;0;0;0;0;0;0;0;0;0;0
FR;9;2021-01-20;0;0;0;0;0;0;0;0;0;0;0;0;0;0;0;0;0;0
FR;9;2021-01-21;0;0;0;0;0;0;0;0;0;0;0;0;0;0;0;0;0;0
FR;9;2021-01-22;0;0;0;0;0;0;0;0;0;0;0;0;0;0;0;0;0;0
FR;9;2021-01-23;0;0;0;0;0;0;0;0;0;0;0;0;0;0;0;0;0;0
FR;9;2021-01-24;0;0;0;0;0;0;0;0;0;0;0;0;0;0;0;0;0;0
FR;9;2021-01-25;0;0;0;0;0;0;0;0;0;0;0;0;0;0;0;0;0;0
FR;9;2021-01-26;0;0;0;0;0;0;0;0;0;0;0;0;0;0;0;0;0;0
FR;9;2021-01-27;0;0;0;0;0;0;0;0;0;0;0;0;0;0;0;0;0;0
FR;9;2021-01-28;0;0;0;0;0;0;0;0;0;0;0;0;0;0;0;0;0;0
FR;9;2021-01-29;0;0;0;0;0;0;0;0;0;0;0;0;0;0;0;0;0;0
FR;9;2021-01-30;0;0;0;0;0;0;0;0;0;0;0;0;0;0;0;0;0;0
FR;9;2021-01-31;0;0;0;0;0;0;0;0;0;0;0;0;0;0;0;0;0;0
FR;9;2021-02-01;0;0;0;0;0;0;0;0;0;0;0;0;0;0;0;0;0;0
FR;9;2021-02-02;0;0;0;0;0;0;0;0;0;0;0;0;0;0;0;0;0;0
FR;9;2021-02-03;0;0;0;0;0;0;0;0;0;0;0;0;0;0;0;0;0;0
FR;9;2021-02-04;0;0;0;0;0;0;0;0;0;0;0;0;0;0;0;0;0;0
FR;9;2021-02-05;0;0;0;0;0;0;0;0;0;0;0;0;0;0;0;0;0;0
FR;9;2021-02-06;0;0;0;0;0;0;0;0;0;0;0;0;0;0;0;0;0;0
FR;9;2021-02-07;0;0;0;0;0;0;0;0;0;0;0;0;0;0;0;0;0;0
FR;9;2021-02-08;0;0;0;0;0;0;0;0;0;0;0;0;0;0;0;0;0;0
FR;9;2021-02-09;0;0;0;0;0;0;0;0;0;0;0;0;0;0;0;0;0;0
FR;9;2021-02-10;0;0;0;0;0;0;0;0;0;0;0;0;0;0;0;0;0;0
FR;9;2021-02-11;0;0;0;0;0;0;0;0;0;0;0;0;0;0;0;0;0;0
FR;9;2021-02-12;0;0;0;0;0;0;0;0;0;0;0;0;0;0;0;0;0;0
FR;9;2021-02-13;0;0;0;0;0;0;0;0;0;0;0;0;0;0;0;0;0;0
FR;9;2021-02-14;0;0;0;0;0;0;0;0;0;0;0;0;0;0;0;0;0;0
FR;9;2021-02-15;0;0;0;0;0;0;0;0;0;0;0;0;0;0;0;0;0;0
FR;9;2021-02-16;0;0;0;0;0;0;0;0;0;0;0;0;0;0;0;0;0;0
FR;9;2021-02-17;0;0;0;0;0;0;0;0;0;0;0;0;0;0;0;0;0;0
FR;9;2021-02-18;0;0;0;0;0;0;0;0;0;0;0;0;0;0;0;0;0;0
FR;9;2021-02-19;0;0;0;0;0;0;0;0;0;0;0;0;0;0;0;0;0;0
FR;9;2021-02-20;0;0;0;0;0;0;0;0;0;0;0;0;0;0;0;0;0;0
FR;9;2021-02-21;0;0;0;0;0;0;0;0;0;0;0;0;0;0;0;0;0;0
FR;9;2021-02-22;0;0;0;0;0;0;0;0;0;0;0;0;0;0;0;0;0;0
FR;9;2021-02-23;0;0;0;0;0;0;0;0;0;0;0;0;0;0;0;0;0;0
FR;9;2021-02-24;0;0;0;0;0;0;0;0;0;0;0;0;0;0;0;0;0;0
FR;9;2021-02-25;0;0;0;0;0;0;0;0;0;0;0;0;0;0;0;0;0;0
FR;9;2021-02-26;0;0;0;0;0;0;0;0;0;0;0;0;0;0;0;0;0;0
FR;9;2021-02-27;0;0;0;0;0;0;0;0;0;0;0;0;0;0;0;0;0;0
FR;9;2021-02-28;0;0;0;0;0;0;0;0;0;0;0;0;0;0;0;0;0;0
FR;9;2021-03-01;0;0;0;0;0;0;0;0;0;0;0;0;0;0;0;0;0;0
FR;9;2021-03-02;0;0;0;0;0;0;0;0;0;0;0;0;0;0;0;0;0;0
FR;9;2021-03-03;0;0;0;0;0;0;0;0;0;0;0;0;0;0;0;0;0;0
FR;9;2021-03-04;0;0;0;0;0;0;0;0;0;0;0;0;0;0;0;0;0;0
FR;9;2021-03-05;0;0;0;0;0;0;0;0;0;0;0;0;0;0;0;0;0;0
FR;9;2021-03-06;0;0;0;0;0;0;0;0;0;0;0;0;0;0;0;0;0;0
FR;9;2021-03-07;0;0;0;0;0;0;0;0;0;0;0;0;0;0;0;0;0;0
FR;9;2021-03-08;0;0;0;0;0;0;0;0;0;0;0;0;0;0;0;0;0;0
FR;9;2021-03-09;0;0;0;0;0;0;0;0;0;0;0;0;0;0;0;0;0;0
FR;9;2021-03-10;0;0;0;0;0;0;0;0;0;0;0;0;0;0;0;0;0;0
FR;9;2021-03-11;0;0;0;0;0;0;0;0;0;0;0;0;0;0;0;0;0;0
FR;9;2021-03-12;0;0;0;0;0;0;0;0;0;0;0;0;0;0;0;0;0;0
FR;9;2021-03-13;0;0;0;0;0;0;0;0;0;0;0;0;0;0;0;0;0;0
FR;9;2021-03-14;0;0;0;0;0;0;0;0;0;0;0;0;0;0;0;0;0;0
FR;9;2021-03-15;0;0;0;0;0;0;0;0;0;0;0;0;0;0;0;0;0;0
FR;9;2021-03-16;0;0;0;0;0;0;0;0;0;0;0;0;0;0;0;0;0;0
FR;9;2021-03-17;0;0;0;0;0;0;0;0;0;0;0;0;0;0;0;0;0;0
FR;9;2021-03-18;0;0;0;0;0;0;0;0;0;0;0;0;0;0;0;0;0;0
FR;9;2021-03-19;0;0;0;0;0;0;0;0;0;0;0;0;0;0;0;0;0;0
FR;9;2021-03-20;0;0;0;0;0;0;0;0;0;0;0;0;0;0;0;0;0;0
FR;9;2021-03-21;0;0;0;0;0;0;0;0;0;0;0;0;0;0;0;0;0;0
FR;9;2021-03-22;0;0;0;0;0;0;0;0;0;0;0;0;0;0;0;0;0;0
FR;9;2021-03-23;0;0;0;0;0;0;0;0;0;0;0;0;0;0;0;0;0;0
FR;9;2021-03-24;0;0;0;0;0;0;0;0;0;0;0;0;0;0;0;0;0;0
FR;9;2021-03-25;0;0;0;0;0;0;0;0;0;0;0;0;0;0;0;0;0;0
FR;9;2021-03-26;0;0;0;0;0;0;0;0;0;0;0;0;0;0;0;0;0;0
FR;9;2021-03-27;0;0;0;0;0;0;0;0;0;0;0;0;0;0;0;0;0;0
FR;9;2021-03-28;0;0;0;0;0;0;0;0;0;0;0;0;0;0;0;0;0;0
FR;9;2021-03-29;0;0;0;0;0;0;0;0;0;0;0;0;0;0;0;0;0;0
FR;9;2021-03-30;0;0;0;0;0;0;0;0;0;0;0;0;0;0;0;0;0;0
FR;9;2021-03-31;0;0;0;0;0;0;0;0;0;0;0;0;0;0;0;0;0;0
FR;9;2021-04-01;0;0;0;0;0;0;0;0;0;0;0;0;0;0;0;0;0;0
FR;9;2021-04-02;0;0;0;0;0;0;0;0;0;0;0;0;0;0;0;0;0;0
FR;9;2021-04-03;0;0;0;0;0;0;0;0;0;0;0;0;0;0;0;0;0;0
FR;9;2021-04-04;0;0;0;0;0;0;0;0;0;0;0;0;0;0;0;0;0;0
FR;9;2021-04-05;0;0;0;0;0;0;0;0;0;0;0;0;0;0;0;0;0;0
FR;9;2021-04-06;0;0;0;0;0;0;0;0;0;0;0;0;0;0;0;0;0;0
FR;9;2021-04-07;0;0;0;0;0;0;0;0;0;0;0;0;0;0;0;0;0;0
FR;9;2021-04-08;0;0;0;0;0;0;0;0;0;0;0;0;0;0;0;0;0;0
FR;9;2021-04-09;0;0;0;0;0;0;0;0;0;0;0;0;0;0;0;0;0;0
FR;9;2021-04-10;0;0;0;0;0;0;0;0;0;0;0;0;0;0;0;0;0;0
FR;9;2021-04-11;0;0;0;0;0;0;0;0;0;0;0;0;0;0;0;0;0;0
FR;9;2021-04-12;0;0;0;0;0;0;0;0;0;0;0;0;0;0;0;0;0;0
FR;9;2021-04-13;0;0;0;0;0;0;0;0;0;0;0;0;0;0;0;0;0;0
FR;9;2021-04-14;0;0;0;0;0;0;0;0;0;0;0;0;0;0;0;0;0;0
FR;9;2021-04-15;0;0;0;0;0;0;0;0;0;0;0;0;0;0;0;0;0;0
FR;9;2021-04-16;0;0;0;0;0;0;0;0;0;0;0;0;0;0;0;0;0;0
FR;9;2021-04-17;0;0;0;0;0;0;0;0;0;0;0;0;0;0;0;0;0;0
FR;9;2021-04-18;0;0;0;0;0;0;0;0;0;0;0;0;0;0;0;0;0;0
FR;9;2021-04-19;0;0;0;0;0;0;0;0;0;0;0;0;0;0;0;0;0;0
FR;9;2021-04-20;0;0;0;0;0;0;0;0;0;0;0;0;0;0;0;0;0;0
FR;9;2021-04-21;0;0;0;0;0;0;0;0;0;0;0;0;0;0;0;0;0;0
FR;9;2021-04-22;0;0;0;0;0;0;0;0;0;0;0;0;0;0;0;0;0;0
FR;9;2021-04-23;0;0;0;0;0;0;0;0;0;0;0;0;0;0;0;0;0;0
FR;9;2021-04-24;0;0;0;0;0;0;0;0;0;0;0;0;0;0;0;0;0;0
FR;9;2021-04-25;0;0;0;0;0;0;0;0;0;0;0;0;0;0;0;0;0;0
FR;9;2021-04-26;0;0;0;0;0;0;0;0;0;0;0;0;0;0;0;0;0;0
FR;9;2021-04-27;0;0;0;0;0;0;0;0;0;0;0;0;0;0;0;0;0;0
FR;9;2021-04-28;0;0;0;0;0;0;0;0;0;0;0;0;0;0;0;0;0;0
FR;9;2021-04-29;0;0;0;0;0;0;0;0;0;0;0;0;0;0;0;0;0;0
FR;9;2021-04-30;0;0;0;0;0;0;0;0;0;0;0;0;0;0;0;0;0;0
FR;9;2021-05-01;0;0;0;0;0;0;0;0;0;0;0;0;0;0;0;0;0;0
FR;9;2021-05-02;0;0;0;0;0;0;0;0;0;0;0;0;0;0;0;0;0;0
FR;9;2021-05-03;0;0;0;0;0;0;0;0;0;0;0;0;0;0;0;0;0;0
FR;9;2021-05-04;0;0;0;0;0;0;0;0;0;0;0;0;0;0;0;0;0;0
FR;9;2021-05-05;0;0;0;0;0;0;0;0;0;0;0;0;0;0;0;0;0;0
FR;9;2021-05-06;0;0;0;0;0;0;0;0;0;0;0;0;0;0;0;0;0;0
FR;9;2021-05-07;0;0;0;0;0;0;0;0;0;0;0;0;0;0;0;0;0;0
FR;9;2021-05-08;0;0;0;0;0;0;0;0;0;0;0;0;0;0;0;0;0;0
FR;9;2021-05-09;0;0;0;0;0;0;0;0;0;0;0;0;0;0;0;0;0;0
FR;9;2021-05-10;0;0;0;0;0;0;0;0;0;0;0;0;0;0;0;0;0;0
FR;9;2021-05-11;0;0;0;0;0;0;0;0;0;0;0;0;0;0;0;0;0;0
FR;9;2021-05-12;0;0;0;0;0;0;0;0;0;0;0;0;0;0;0;0;0;0
FR;9;2021-05-13;0;0;0;0;0;0;0;0;0;0;0;0;0;0;0;0;0;0
FR;9;2021-05-14;0;0;0;0;0;0;0;0;0;0;0;0;0;0;0;0;0;0
FR;9;2021-05-15;0;0;0;0;0;0;0;0;0;0;0;0;0;0;0;0;0;0
FR;9;2021-05-16;0;0;0;0;0;0;0;0;0;0;0;0;0;0;0;0;0;0
FR;9;2021-05-17;0;0;0;0;0;0;0;0;0;0;0;0;0;0;0;0;0;0
FR;9;2021-05-18;0;0;0;0;0;0;0;0;0;0;0;0;0;0;0;0;0;0
FR;9;2021-05-19;0;0;0;0;0;0;0;0;0;0;0;0;0;0;0;0;0;0
FR;9;2021-05-20;0;0;0;0;0;0;0;0;0;0;0;0;0;0;0;0;0;0
FR;9;2021-05-21;0;0;0;0;0;0;0;0;0;0;0;0;0;0;0;0;0;0
FR;9;2021-05-22;0;0;0;0;0;0;0;0;0;0;0;0;0;0;0;0;0;0
FR;9;2021-05-23;0;0;0;0;0;0;0;0;0;0;0;0;0;0;0;0;0;0
FR;9;2021-05-24;0;0;0;0;0;0;0;0;0;0;0;0;0;0;0;0;0;0
FR;9;2021-05-25;0;0;0;0;0;0;0;0;0;0;0;0;0;0;0;0;0;0
FR;9;2021-05-26;0;0;0;0;0;0;0;0;0;0;0;0;0;0;0;0;0;0
FR;9;2021-05-27;0;0;0;0;0;0;0;0;0;0;0;0;0;0;0;0;0;0
FR;9;2021-05-28;0;0;0;0;0;0;0;0;0;0;0;0;0;0;0;0;0;0
FR;9;2021-05-29;0;0;0;0;0;0;0;0;0;0;0;0;0;0;0;0;0;0
FR;9;2021-05-30;0;0;0;0;0;0;0;0;0;0;0;0;0;0;0;0;0;0
FR;9;2021-05-31;0;0;0;0;0;0;0;0;0;0;0;0;0;0;0;0;0;0
FR;9;2021-06-01;0;0;0;0;0;0;0;0;0;0;0;0;0;0;0;0;0;0
FR;9;2021-06-02;0;0;0;0;0;0;0;0;0;0;0;0;0;0;0;0;0;0
FR;9;2021-06-03;0;0;0;0;0;0;0;0;0;0;0;0;0;0;0;0;0;0
FR;9;2021-06-04;0;0;0;0;0;0;0;0;0;0;0;0;0;0;0;0;0;0
FR;9;2021-06-05;0;0;0;0;0;0;0;0;0;0;0;0;0;0;0;0;0;0
FR;9;2021-06-06;0;0;0;0;0;0;0;0;0;0;0;0;0;0;0;0;0;0
FR;9;2021-06-07;0;0;0;0;0;0;0;0;0;0;0;0;0;0;0;0;0;0
FR;9;2021-06-08;0;0;0;0;0;0;0;0;0;0;0;0;0;0;0;0;0;0
FR;9;2021-06-09;0;0;0;0;0;0;0;0;0;0;0;0;0;0;0;0;0;0
FR;9;2021-06-10;0;0;0;0;0;0;0;0;0;0;0;0;0;0;0;0;0;0
FR;9;2021-06-11;0;0;0;0;0;0;0;0;0;0;0;0;0;0;0;0;0;0
FR;9;2021-06-12;0;0;0;0;0;0;0;0;0;0;0;0;0;0;0;0;0;0
FR;9;2021-06-13;0;0;0;0;0;0;0;0;0;0;0;0;0;0;0;0;0;0
FR;9;2021-06-14;0;0;0;0;0;0;0;0;0;0;0;0;0;0;0;0;0;0
FR;9;2021-06-15;0;0;0;0;0;0;0;0;0;0;0;0;0;0;0;0;0;0
FR;9;2021-06-16;0;0;0;0;0;0;0;0;0;0;0;0;0;0;0;0;0;0
FR;9;2021-06-17;0;0;0;0;0;0;0;0;0;0;0;0;0;0;0;0;0;0
FR;9;2021-06-18;0;0;0;0;0;0;0;0;0;0;0;0;0;0;0;0;0;0
FR;9;2021-06-19;0;0;0;0;0;0;0;0;0;0;0;0;0;0;0;0;0;0
FR;9;2021-06-20;0;0;0;0;0;0;0;0;0;0;0;0;0;0;0;0;0;0
FR;9;2021-06-21;0;0;0;0;0;0;0;0;0;0;0;0;0;0;0;0;0;0
FR;9;2021-06-22;0;0;0;0;0;0;0;0;0;0;0;0;0;0;0;0;0;0
FR;9;2021-06-23;0;0;0;0;0;0;0;0;0;0;0;0;0;0;0;0;0;0
FR;9;2021-06-24;0;0;0;0;0;0;0;0;0;0;0;0;0;0;0;0;0;0
FR;9;2021-06-25;0;0;0;0;0;0;0;0;0;0;0;0;0;0;0;0;0;0
FR;9;2021-06-26;0;0;0;0;0;0;0;0;0;0;0;0;0;0;0;0;0;0
FR;9;2021-06-27;0;0;0;0;0;0;0;0;0;0;0;0;0;0;0;0;0;0
FR;9;2021-06-28;0;0;0;0;0;0;0;0;0;0;0;0;0;0;0;0;0;0
FR;9;2021-06-29;0;0;0;0;0;0;0;0;0;0;0;0;0;0;0;0;0;0
FR;9;2021-06-30;0;0;0;0;0;0;0;0;0;0;0;0;0;0;0;0;0;0
FR;9;2021-07-01;0;0;0;0;0;0;0;0;0;0;0;0;0;0;0;0;0;0
FR;9;2021-07-02;0;0;0;0;0;0;0;0;0;0;0;0;0;0;0;0;0;0
FR;9;2021-07-03;0;0;0;0;0;0;0;0;0;0;0;0;0;0;0;0;0;0
FR;9;2021-07-04;0;0;0;0;0;0;0;0;0;0;0;0;0;0;0;0;0;0
FR;9;2021-07-05;0;0;0;0;0;0;0;0;0;0;0;0;0;0;0;0;0;0
FR;9;2021-07-06;0;0;0;0;0;0;0;0;0;0;0;0;0;0;0;0;0;0
FR;9;2021-07-07;0;0;0;0;0;0;0;0;0;0;0;0;0;0;0;0;0;0
FR;9;2021-07-08;0;0;0;0;0;0;0;0;0;0;0;0;0;0;0;0;0;0
FR;9;2021-07-09;0;0;0;0;0;0;0;0;0;0;0;0;0;0;0;0;0;0
FR;9;2021-07-10;0;0;0;0;0;0;0;0;0;0;0;0;0;0;0;0;0;0
FR;9;2021-07-11;0;0;0;0;0;0;0;0;0;0;0;0;0;0;0;0;0;0
FR;9;2021-07-12;0;0;0;0;0;0;0;0;0;0;0;0;0;0;0;0;0;0
FR;9;2021-07-13;0;0;0;0;0;0;0;0;0;0;0;0;0;0;0;0;0;0
FR;9;2021-07-14;0;0;0;0;0;0;0;0;0;0;0;0;0;0;0;0;0;0
FR;9;2021-07-15;0;0;0;0;0;0;0;0;0;0;0;0;0;0;0;0;0;0
FR;9;2021-07-16;0;0;0;0;0;0;0;0;0;0;0;0;0;0;0;0;0;0
FR;9;2021-07-17;0;0;0;0;0;0;0;0;0;0;0;0;0;0;0;0;0;0
FR;9;2021-07-18;0;0;0;0;0;0;0;0;0;0;0;0;0;0;0;0;0;0
FR;9;2021-07-19;0;0;0;0;0;0;0;0;0;0;0;0;0;0;0;0;0;0
FR;9;2021-07-20;0;0;0;0;0;0;0;0;0;0;0;0;0;0;0;0;0;0
FR;9;2021-07-21;0;0;0;0;0;0;0;0;0;0;0;0;0;0;0;0;0;0
FR;9;2021-07-22;0;0;0;0;0;0;0;0;0;0;0;0;0;0;0;0;0;0
FR;9;2021-07-23;0;0;0;0;0;0;0;0;0;0;0;0;0;0;0;0;0;0
FR;9;2021-07-24;0;0;0;0;0;0;0;0;0;0;0;0;0;0;0;0;0;0
FR;9;2021-07-25;0;0;0;0;0;0;0;0;0;0;0;0;0;0;0;0;0;0
FR;9;2021-07-26;0;0;0;0;0;0;0;0;0;0;0;0;0;0;0;0;0;0
FR;9;2021-07-27;0;0;0;0;0;0;0;0;0;0;0;0;0;0;0;0;0;0
FR;9;2021-07-28;0;0;0;0;0;0;0;0;0;0;0;0;0;0;0;0;0;0
FR;9;2021-07-29;0;0;0;0;0;0;0;0;0;0;0;0;0;0;0;0;0;0
FR;9;2021-07-30;0;0;0;0;0;0;0;0;0;0;0;0;0;0;0;0;0;0
FR;9;2021-07-31;0;0;0;0;0;0;0;0;0;0;0;0;0;0;0;0;0;0
FR;9;2021-08-01;0;0;0;0;0;0;0;0;0;0;0;0;0;0;0;0;0;0
FR;9;2021-08-02;0;0;0;0;0;0;0;0;0;0;0;0;0;0;0;0;0;0
FR;9;2021-08-03;0;0;0;0;0;0;0;0;0;0;0;0;0;0;0;0;0;0
FR;9;2021-08-04;0;0;0;0;0;0;0;0;0;0;0;0;0;0;0;0;0;0
FR;9;2021-08-05;0;0;0;0;0;0;0;0;0;0;0;0;0;0;0;0;0;0
FR;9;2021-08-06;0;0;0;0;0;0;0;0;0;0;0;0;0;0;0;0;0;0
FR;9;2021-08-07;0;0;0;0;0;0;0;0;0;0;0;0;0;0;0;0;0;0
FR;9;2021-08-08;0;0;0;0;0;0;0;0;0;0;0;0;0;0;0;0;0;0
FR;9;2021-08-09;0;0;0;0;0;0;0;0;0;0;0;0;0;0;0;0;0;0
FR;9;2021-08-10;0;0;0;0;0;0;0;0;0;0;0;0;0;0;0;0;0;0
FR;9;2021-08-11;0;0;0;0;0;0;0;0;0;0;0;0;0;0;0;0;0;0
FR;9;2021-08-12;0;0;0;0;0;0;0;0;0;0;0;0;0;0;0;0;0;0
FR;9;2021-08-13;0;0;0;0;0;0;0;0;0;0;0;0;0;0;0;0;0;0
FR;9;2021-08-14;0;0;0;0;0;0;0;0;0;0;0;0;0;0;0;0;0;0
FR;9;2021-08-15;0;0;0;0;0;0;0;0;0;0;0;0;0;0;0;0;0;0
FR;9;2021-08-16;0;0;0;0;0;0;0;0;0;0;0;0;0;0;0;0;0;0
FR;9;2021-08-17;0;0;0;0;0;0;0;0;0;0;0;0;0;0;0;0;0;0
FR;9;2021-08-18;0;0;0;0;0;0;0;0;0;0;0;0;0;0;0;0;0;0
FR;9;2021-08-19;0;0;0;0;0;0;0;0;0;0;0;0;0;0;0;0;0;0
FR;9;2021-08-20;0;0;0;0;0;0;0;0;0;0;0;0;0;0;0;0;0;0
FR;9;2021-08-21;0;0;0;0;0;0;0;0;0;0;0;0;0;0;0;0;0;0
FR;9;2021-08-22;0;0;0;0;0;0;0;0;0;0;0;0;0;0;0;0;0;0
FR;9;2021-08-23;0;0;0;0;0;0;0;0;0;0;0;0;0;0;0;0;0;0
FR;9;2021-08-24;0;0;0;0;0;0;0;0;0;0;0;0;0;0;0;0;0;0
FR;9;2021-08-25;0;0;0;0;0;0;0;0;0;0;0;0;0;0;0;0;0;0
FR;9;2021-08-26;0;0;0;0;0;0;0;0;0;0;0;0;0;0;0;0;0;0
FR;9;2021-08-27;0;0;0;0;0;0;0;0;0;0;0;0;0;0;0;0;0;0
FR;9;2021-08-28;0;0;0;0;0;0;0;0;0;0;0;0;0;0;0;0;0;0
FR;9;2021-08-29;0;0;0;0;0;0;0;0;0;0;0;0;0;0;0;0;0;0
FR;9;2021-08-30;0;0;0;0;0;0;0;0;0;0;0;0;0;0;0;0;0;0
FR;9;2021-08-31;0;0;0;0;0;0;0;0;0;0;0;0;0;0;0;0;0;0
FR;9;2021-09-01;0;0;0;0;0;0;0;0;0;0;0;0;0;0;0;0;0;0
FR;9;2021-09-02;0;0;0;0;0;0;0;0;0;0;0;0;0;0;0;0;0;0
FR;9;2021-09-03;0;0;0;0;0;0;0;0;0;0;0;0;0;0;0;0;0;0
FR;9;2021-09-04;0;0;0;0;0;0;0;0;0;0;0;0;0;0;0;0;0;0
FR;9;2021-09-05;0;0;0;0;0;0;0;0;0;0;0;0;0;0;0;0;0;0
FR;9;2021-09-06;0;0;0;0;0;0;0;0;0;0;0;0;0;0;0;0;0;0
FR;9;2021-09-07;0;0;0;0;0;0;0;0;0;0;0;0;0;0;0;0;0;0
FR;9;2021-09-08;0;0;0;0;0;0;0;0;0;0;0;0;0;0;0;0;0;0
FR;9;2021-09-09;0;0;0;0;0;0;0;0;0;0;0;0;0;0;0;0;0;0
FR;9;2021-09-10;0;0;0;0;0;0;0;0;0;0;0;0;0;0;0;0;0;0
FR;9;2021-09-11;0;0;0;0;0;0;0;0;0;0;0;0;0;0;0;0;0;0
FR;9;2021-09-12;0;0;0;0;0;0;0;0;0;0;0;0;0;0;0;0;0;0
FR;9;2021-09-13;0;0;0;0;0;0;0;0;0;0;0;0;0;0;0;0;0;0
FR;9;2021-09-14;0;0;0;0;0;0;0;0;0;0;0;0;0;0;0;0;0;0
FR;9;2021-09-15;0;0;0;0;0;0;0;0;0;0;0;0;0;0;0;0;0;0
FR;9;2021-09-16;0;0;0;0;0;0;0;0;0;0;0;0;0;0;0;0;0;0
FR;9;2021-09-17;0;0;0;0;0;0;0;0;0;0;0;0;0;0;0;0;0;0
FR;9;2021-09-18;0;0;0;0;0;0;0;0;0;0;0;0;0;0;0;0;0;0
FR;9;2021-09-19;0;0;0;0;0;0;0;0;0;0;0;0;0;0;0;0;0;0
FR;9;2021-09-20;0;0;0;0;0;0;0;0;0;0;0;0;0;0;0;0;0;0
FR;9;2021-09-21;0;0;0;0;0;0;0;0;0;0;0;0;0;0;0;0;0;0
FR;9;2021-09-22;0;0;0;0;0;0;0;0;0;0;0;0;0;0;0;0;0;0
FR;9;2021-09-23;0;0;0;0;0;0;0;0;0;0;0;0;0;0;0;0;0;0
FR;9;2021-09-24;0;0;0;0;0;0;0;0;0;0;0;0;0;0;0;0;0;0
FR;9;2021-09-25;0;0;0;0;0;0;0;0;0;0;0;0;0;0;0;0;0;0
FR;9;2021-09-26;0;0;0;0;0;0;0;0;0;0;0;0;0;0;0;0;0;0
FR;9;2021-09-27;0;0;0;0;0;0;0;0;0;0;0;0;0;0;0;0;0;0
FR;9;2021-09-28;0;0;0;0;0;0;0;0;0;0;0;0;0;0;0;0;0;0
FR;9;2021-09-29;0;0;0;0;0;0;0;0;0;0;0;0;0;0;0;0;0;0
FR;9;2021-09-30;0;0;0;0;0;0;0;0;0;0;0;0;0;0;0;0;0;0
FR;9;2021-10-01;0;0;0;0;0;0;0;0;0;0;0;0;0;0;0;0;0;0
FR;9;2021-10-02;0;0;0;0;0;0;0;0;0;0;0;0;0;0;0;0;0;0
FR;9;2021-10-03;0;0;0;0;0;0;0;0;0;0;0;0;0;0;0;0;0;0
FR;9;2021-10-04;0;0;0;0;0;0;0;0;0;0;0;0;0;0;0;0;0;0
FR;9;2021-10-05;0;0;0;0;0;0;0;0;0;0;0;0;0;0;0;0;0;0
FR;9;2021-10-06;0;0;0;0;0;0;0;0;0;0;0;0;0;0;0;0;0;0
FR;9;2021-10-07;0;0;0;0;0;0;0;0;0;0;0;0;0;0;0;0;0;0
FR;9;2021-10-08;0;0;0;0;0;0;0;0;0;0;0;0;0;0;0;0;0;0
FR;9;2021-10-09;0;0;0;0;0;0;0;0;0;0;0;0;0;0;0;0;0;0
FR;9;2021-10-10;0;0;0;0;0;0;0;0;0;0;0;0;0;0;0;0;0;0
FR;9;2021-10-11;0;0;0;0;0;0;0;0;0;0;0;0;0;0;0;0;0;0
FR;9;2021-10-12;0;0;0;0;0;0;0;0;0;0;0;0;0;0;0;0;0;0
FR;9;2021-10-13;0;0;0;0;0;0;0;0;0;0;0;0;0;0;0;0;0;0
FR;9;2021-10-14;0;0;0;0;0;0;0;0;0;0;0;0;0;0;0;0;0;0
FR;9;2021-10-15;0;0;0;0;0;0;0;0;0;0;0;0;0;0;0;0;0;0
FR;9;2021-10-16;0;0;0;0;0;0;0;0;0;0;0;0;0;0;0;0;0;0
FR;9;2021-10-17;0;0;0;0;0;0;0;0;0;0;0;0;0;0;0;0;0;0
FR;9;2021-10-18;0;0;0;0;0;0;0;0;0;0;0;0;0;0;0;0;0;0
FR;9;2021-10-19;0;0;0;0;0;0;0;0;0;0;0;0;0;0;0;0;0;0
FR;9;2021-10-20;0;0;0;0;0;0;0;0;0;0;0;0;0;0;0;0;0;0
FR;9;2021-10-21;0;0;0;0;0;0;0;0;0;0;0;0;0;0;0;0;0;0
FR;9;2021-10-22;0;0;0;0;0;0;0;0;0;0;0;0;0;0;0;0;0;0
FR;9;2021-10-23;0;0;0;0;0;0;0;0;0;0;0;0;0;0;0;0;0;0
FR;9;2021-10-24;0;0;0;0;0;0;0;0;0;0;0;0;0;0;0;0;0;0
FR;9;2021-10-25;0;0;0;0;0;0;0;0;0;0;0;0;0;0;0;0;0;0
FR;9;2021-10-26;0;0;0;0;0;0;0;0;0;0;0;0;0;0;0;0;0;0
FR;9;2021-10-27;0;0;0;0;0;0;0;0;0;0;0;0;0;0;0;0;0;0
FR;9;2021-10-28;0;0;0;0;0;0;0;0;0;0;0;0;0;0;0;0;0;0
FR;9;2021-10-29;0;0;0;0;0;0;0;0;0;0;0;0;0;0;0;0;0;0
FR;9;2021-10-30;0;0;0;0;0;0;0;0;0;0;0;0;0;0;0;0;0;0
FR;9;2021-10-31;0;0;0;0;0;0;0;0;0;0;0;0;0;0;0;0;0;0
FR;9;2021-11-01;0;0;0;0;0;0;0;0;0;0;0;0;0;0;0;0;0;0
FR;9;2021-11-02;0;0;0;0;0;0;0;0;0;0;0;0;0;0;0;0;0;0
FR;9;2021-11-03;0;0;0;0;0;0;0;0;0;0;0;0;0;0;0;0;0;0
FR;9;2021-11-04;0;0;0;0;0;0;0;0;0;0;0;0;0;0;0;0;0;0
FR;9;2021-11-05;0;0;0;0;0;0;0;0;0;0;0;0;0;0;0;0;0;0
FR;9;2021-11-06;0;0;0;0;0;0;0;0;0;0;0;0;0;0;0;0;0;0
FR;9;2021-11-07;0;0;0;0;0;0;0;0;0;0;0;0;0;0;0;0;0;0
FR;9;2021-11-08;0;0;0;0;0;0;0;0;0;0;0;0;0;0;0;0;0;0
FR;9;2021-11-09;0;0;0;0;0;0;0;0;0;0;0;0;0;0;0;0;0;0
FR;9;2021-11-10;0;0;0;0;0;0;0;0;0;0;0;0;0;0;0;0;0;0
FR;9;2021-11-11;0;0;0;0;0;0;0;0;0;0;0;0;0;0;0;0;0;0
FR;9;2021-11-12;0;0;0;0;0;0;0;0;0;0;0;0;0;0;0;0;0;0
FR;9;2021-11-13;0;0;0;0;0;0;0;0;0;0;0;0;0;0;0;0;0;0
FR;9;2021-11-14;0;0;0;0;0;0;0;0;0;0;0;0;0;0;0;0;0;0
FR;9;2021-11-15;0;0;0;0;0;0;0;0;0;0;0;0;0;0;0;0;0;0
FR;9;2021-11-16;0;0;0;0;0;0;0;0;0;0;0;0;0;0;0;0;0;0
FR;9;2021-11-17;0;0;0;0;0;0;0;0;0;0;0;0;0;0;0;0;0;0
FR;9;2021-11-18;0;0;0;0;0;0;0;0;0;0;0;0;0;0;0;0;0;0
FR;9;2021-11-19;0;0;0;0;0;0;0;0;0;0;0;0;0;0;0;0;0;0
FR;9;2021-11-20;0;0;0;0;0;0;0;0;0;0;0;0;0;0;0;0;0;0
FR;9;2021-11-21;0;0;0;0;0;0;0;0;0;0;0;0;0;0;0;0;0;0
FR;9;2021-11-22;0;0;0;0;0;0;0;0;0;0;0;0;0;0;0;0;0;0
FR;9;2021-11-23;0;0;0;0;0;0;0;0;0;0;0;0;0;0;0;0;0;0
FR;9;2021-11-24;0;0;0;0;0;0;0;0;0;0;0;0;0;0;0;0;0;0
FR;9;2021-11-25;0;0;0;0;0;0;0;0;0;0;0;0;0;0;0;0;0;0
FR;9;2021-11-26;0;0;0;0;0;0;0;0;0;0;0;0;0;0;0;0;0;0
FR;9;2021-11-27;0;0;0;0;0;0;0;0;0;0;0;0;0;0;0;0;0;0
FR;9;2021-11-28;0;0;0;0;0;0;0;0;0;0;0;0;0;0;0;0;0;0
FR;9;2021-11-29;0;0;0;0;0;0;0;0;0;0;0;0;0;0;0;0;0;0
FR;9;2021-11-30;0;0;0;0;0;0;0;0;0;0;0;0;0;0;0;0;0;0
FR;9;2021-12-01;0;0;0;0;0;0;0;0;0;0;0;0;0;0;0;0;0;0
FR;9;2021-12-02;0;0;0;0;0;0;0;0;0;0;0;0;0;0;0;0;0;0
FR;9;2021-12-03;0;0;0;0;0;0;0;0;0;0;0;0;0;0;0;0;0;0
FR;9;2021-12-04;0;0;0;0;0;0;0;0;0;0;0;0;0;0;0;0;0;0
FR;9;2021-12-05;0;0;0;0;0;0;0;0;0;0;0;0;0;0;0;0;0;0
FR;9;2021-12-06;0;0;0;0;0;0;0;0;0;0;0;0;0;0;0;0;0;0
FR;9;2021-12-07;0;0;0;0;0;0;0;0;0;0;0;0;0;0;0;0;0;0
FR;9;2021-12-08;0;0;0;0;0;0;0;0;0;0;0;0;0;0;0;0;0;0
FR;9;2021-12-09;0;0;0;0;0;0;0;0;0;0;0;0;0;0;0;0;0;0
FR;9;2021-12-10;0;0;0;0;0;0;0;0;0;0;0;0;0;0;0;0;0;0
FR;9;2021-12-11;0;0;0;0;0;0;0;0;0;0;0;0;0;0;0;0;0;0
FR;9;2021-12-12;0;0;0;0;0;0;0;0;0;0;0;0;0;0;0;0;0;0
FR;9;2021-12-13;0;0;0;0;0;0;0;0;0;0;0;0;0;0;0;0;0;0
FR;9;2021-12-14;0;0;0;0;0;0;0;0;0;0;0;0;0;0;0;0;0;0
FR;9;2021-12-15;0;0;0;0;0;0;0;0;0;0;0;0;0;0;0;0;0;0
FR;9;2021-12-16;0;0;0;0;0;0;0;0;0;0;0;0;0;0;0;0;0;0
FR;9;2021-12-17;0;0;0;0;0;0;0;0;0;0;0;0;0;0;0;0;0;0
FR;9;2021-12-18;0;0;0;0;0;0;0;0;0;0;0;0;0;0;0;0;0;0
FR;9;2021-12-19;0;0;0;0;0;0;0;0;0;0;0;0;0;0;0;0;0;0
FR;9;2021-12-20;0;0;0;0;0;0;0;0;0;0;0;0;0;0;0;0;0;0
FR;9;2021-12-21;0;0;0;0;0;0;0;0;0;0;0;0;0;0;0;0;0;0
FR;9;2021-12-22;0;0;0;0;0;0;0;0;0;0;0;0;0;0;0;0;0;0
FR;9;2021-12-23;0;0;0;0;0;0;0;0;0;0;0;0;0;0;0;0;0;0
FR;9;2021-12-24;0;0;0;0;0;0;0;0;0;0;0;0;0;0;0;0;0;0
FR;9;2021-12-25;0;0;0;0;0;0;0;0;0;0;0;0;0;0;0;0;0;0
FR;9;2021-12-26;0;0;0;0;0;0;0;0;0;0;0;0;0;0;0;0;0;0
FR;9;2021-12-27;0;0;0;0;0;0;0;0;0;0;0;0;0;0;0;0;0;0
FR;9;2021-12-28;0;0;0;0;0;0;0;0;0;0;0;0;0;0;0;0;0;0
FR;9;2021-12-29;0;0;0;0;0;0;0;0;0;0;0;0;0;0;0;0;0;0
FR;9;2021-12-30;0;0;0;0;0;0;0;0;0;0;0;0;0;0;0;0;0;0
FR;9;2021-12-31;0;0;0;0;0;0;0;0;0;0;0;0;0;0;0;0;0;0
FR;9;2022-01-01;0;0;0;0;0;0;0;0;0;0;0;0;0;0;0;0;0;0
FR;9;2022-01-02;0;0;0;0;0;0;0;0;0;0;0;0;0;0;0;0;0;0
FR;9;2022-01-03;0;0;0;0;0;0;0;0;0;0;0;0;0;0;0;0;0;0
FR;9;2022-01-04;0;0;0;0;0;0;0;0;0;0;0;0;0;0;0;0;0;0
FR;9;2022-01-05;0;0;0;0;0;0;0;0;0;0;0;0;0;0;0;0;0;0
FR;9;2022-01-06;0;0;0;0;0;0;0;0;0;0;0;0;0;0;0;0;0;0
FR;9;2022-01-07;0;0;0;0;0;0;0;0;0;0;0;0;0;0;0;0;0;0
FR;9;2022-01-08;0;0;0;0;0;0;0;0;0;0;0;0;0;0;0;0;0;0
FR;9;2022-01-09;0;0;0;0;0;0;0;0;0;0;0;0;0;0;0;0;0;0
FR;9;2022-01-10;0;0;0;0;0;0;0;0;0;0;0;0;0;0;0;0;0;0
FR;9;2022-01-11;0;0;0;0;0;0;0;0;0;0;0;0;0;0;0;0;0;0
FR;9;2022-01-12;0;0;0;0;0;0;0;0;0;0;0;0;0;0;0;0;0;0
FR;9;2022-01-13;0;0;0;0;0;0;0;0;0;0;0;0;0;0;0;0;0;0
FR;9;2022-01-14;0;0;0;0;0;0;0;0;0;0;0;0;0;0;0;0;0;0
FR;9;2022-01-15;0;0;0;0;0;0;0;0;0;0;0;0;0;0;0;0;0;0
FR;9;2022-01-16;0;0;0;0;0;0;0;0;0;0;0;0;0;0;0;0;0;0
FR;9;2022-01-17;0;0;0;0;0;0;0;0;0;0;0;0;0;0;0;0;0;0
FR;9;2022-01-18;0;0;0;0;0;0;0;0;0;0;0;0;0;0;0;0;0;0
FR;9;2022-01-19;0;0;0;0;0;0;0;0;0;0;0;0;0;0;0;0;0;0
FR;9;2022-01-20;0;0;0;0;0;0;0;0;0;0;0;0;0;0;0;0;0;0
FR;9;2022-01-21;0;0;0;0;0;0;0;0;0;0;0;0;0;0;0;0;0;0
FR;9;2022-01-22;0;0;0;0;0;0;0;0;0;0;0;0;0;0;0;0;0;0
FR;9;2022-01-23;0;0;0;0;0;0;0;0;0;0;0;0;0;0;0;0;0;0
FR;9;2022-01-24;0;0;0;0;0;0;0;0;0;0;0;0;0;0;0;0;0;0
FR;9;2022-01-25;0;0;0;0;0;0;0;0;0;0;0;0;0;0;0;0;0;0
FR;9;2022-01-26;0;0;0;0;0;0;0;0;0;0;0;0;0;0;0;0;0;0
FR;9;2022-01-27;0;0;0;0;0;0;0;0;0;0;0;0;0;0;0;0;0;0
FR;9;2022-01-28;0;0;0;0;0;0;0;0;0;0;0;0;0;0;0;0;0;0
FR;9;2022-01-29;0;0;0;0;0;0;0;0;0;0;0;0;0;0;0;0;0;0
FR;9;2022-01-30;0;0;0;0;0;0;0;0;0;0;0;0;0;0;0;0;0;0
FR;9;2022-01-31;0;0;0;0;0;0;0;0;0;0;0;0;0;0;0;0;0;0
FR;9;2022-02-01;0;0;0;0;0;0;0;0;0;0;0;0;0;0;0;0;0;0
FR;9;2022-02-02;0;0;0;0;0;0;0;0;0;0;0;0;0;0;0;0;0;0
FR;9;2022-02-03;0;0;0;0;0;0;0;0;0;0;0;0;0;0;0;0;0;0
FR;9;2022-02-04;0;0;0;0;0;0;0;0;0;0;0;0;0;0;0;0;0;0
FR;9;2022-02-05;0;0;0;0;0;0;0;0;0;0;0;0;0;0;0;0;0;0
FR;9;2022-02-06;0;0;0;0;0;0;0;0;0;0;0;0;0;0;0;0;0;0
FR;9;2022-02-07;0;0;0;0;0;0;0;0;0;0;0;0;0;0;0;0;0;0
FR;9;2022-02-08;0;0;0;0;0;0;0;0;0;0;0;0;0;0;0;0;0;0
FR;9;2022-02-09;0;0;0;0;0;0;0;0;0;0;0;0;0;0;0;0;0;0
FR;9;2022-02-10;0;0;0;0;0;0;0;0;0;0;0;0;0;0;0;0;0;0
FR;9;2022-02-11;0;0;0;0;0;0;0;0;0;0;0;0;0;0;0;0;0;0
FR;9;2022-02-12;0;0;0;0;0;0;0;0;0;0;0;0;0;0;0;0;0;0
FR;9;2022-02-13;0;0;0;0;0;0;0;0;0;0;0;0;0;0;0;0;0;0
FR;9;2022-02-14;0;0;0;0;0;0;0;0;0;0;0;0;0;0;0;0;0;0
FR;9;2022-02-15;0;0;0;0;0;0;0;0;0;0;0;0;0;0;0;0;0;0
FR;9;2022-02-16;0;0;0;0;0;0;0;0;0;0;0;0;0;0;0;0;0;0
FR;9;2022-02-17;0;0;0;0;0;0;0;0;0;0;0;0;0;0;0;0;0;0
FR;9;2022-02-18;0;0;0;0;0;0;0;0;0;0;0;0;0;0;0;0;0;0
FR;9;2022-02-19;0;0;0;0;0;0;0;0;0;0;0;0;0;0;0;0;0;0
FR;9;2022-02-20;0;0;0;0;0;0;0;0;0;0;0;0;0;0;0;0;0;0
FR;9;2022-02-21;0;0;0;0;0;0;0;0;0;0;0;0;0;0;0;0;0;0
FR;9;2022-02-22;0;0;0;0;0;0;0;0;0;0;0;0;0;0;0;0;0;0
FR;9;2022-02-23;0;0;0;0;0;0;0;0;0;0;0;0;0;0;0;0;0;0
FR;9;2022-02-24;0;0;0;0;0;0;0;0;0;0;0;0;0;0;0;0;0;0
FR;9;2022-02-25;0;0;0;0;0;0;0;0;0;0;0;0;0;0;0;0;0;0
FR;9;2022-02-26;0;0;0;0;0;0;0;0;0;0;0;0;0;0;0;0;0;0
FR;9;2022-02-27;0;0;0;0;0;0;0;0;0;0;0;0;0;0;0;0;0;0
FR;9;2022-02-28;0;0;0;0;0;0;0;0;0;0;0;0;0;0;0;0;0;0
FR;9;2022-03-01;0;0;0;0;0;0;0;0;0;0;0;0;0;0;0;0;0;0
FR;9;2022-03-02;0;0;0;0;0;0;0;0;0;0;0;0;0;0;0;0;0;0
FR;9;2022-03-03;0;0;0;0;0;0;0;0;0;0;0;0;0;0;0;0;0;0
FR;9;2022-03-04;0;0;0;0;0;0;0;0;0;0;0;0;0;0;0;0;0;0
FR;9;2022-03-05;0;0;0;0;0;0;0;0;0;0;0;0;0;0;0;0;0;0
FR;9;2022-03-06;0;0;0;0;0;0;0;0;0;0;0;0;0;0;0;0;0;0
FR;9;2022-03-07;0;0;0;0;0;0;0;0;0;0;0;0;0;0;0;0;0;0
FR;9;2022-03-08;0;0;0;0;0;0;0;0;0;0;0;0;0;0;0;0;0;0
FR;9;2022-03-09;0;0;0;0;0;0;0;0;0;0;0;0;0;0;0;0;0;0
FR;9;2022-03-10;0;0;0;0;0;0;0;0;0;0;0;0;0;0;0;0;0;0
FR;9;2022-03-11;0;0;0;0;0;0;0;0;0;0;0;0;0;0;0;0;0;0
FR;9;2022-03-12;0;0;0;0;0;0;0;0;0;0;0;0;0;0;0;0;0;0
FR;9;2022-03-13;0;0;0;0;0;0;0;0;0;0;0;0;0;0;0;0;0;0
FR;9;2022-03-14;0;0;0;0;0;0;0;0;0;0;0;0;0;0;0;0;0;0
FR;9;2022-03-15;0;0;0;0;0;0;0;0;0;0;0;0;0;0;0;0;0;0
FR;9;2022-03-16;0;0;0;0;0;0;0;0;0;0;0;0;0;0;0;0;0;0
FR;9;2022-03-17;0;0;0;0;0;0;0;0;0;0;0;0;0;0;0;0;0;0
FR;9;2022-03-18;0;0;0;0;0;0;0;0;0;0;0;0;0;0;0;0;0;0
FR;9;2022-03-19;0;0;0;0;0;0;0;0;0;0;0;0;0;0;0;0;0;0
FR;9;2022-03-20;0;0;0;0;0;0;0;0;0;0;0;0;0;0;0;0;0;0
FR;9;2022-03-21;0;0;0;0;0;0;0;0;0;0;0;0;0;0;0;0;0;0
FR;9;2022-03-22;0;0;0;0;0;0;0;0;0;0;0;0;0;0;0;0;0;0
FR;9;2022-03-23;0;0;0;0;0;0;0;0;0;0;0;0;0;0;0;0;0;0
FR;9;2022-03-24;0;0;0;0;0;0;0;0;0;0;0;0;0;0;0;0;0;0
FR;9;2022-03-25;0;0;0;0;0;0;0;0;0;0;0;0;0;0;0;0;0;0
FR;9;2022-03-26;0;0;0;0;0;0;0;0;0;0;0;0;0;0;0;0;0;0
FR;9;2022-03-27;0;0;0;0;0;0;0;0;0;0;0;0;0;0;0;0;0;0
FR;9;2022-03-28;0;0;0;0;0;0;0;0;0;0;0;0;0;0;0;0;0;0
FR;9;2022-03-29;0;0;0;0;0;0;0;0;0;0;0;0;0;0;0;0;0;0
FR;9;2022-03-30;0;0;0;0;0;0;0;0;0;0;0;0;0;0;0;0;0;0
FR;9;2022-03-31;0;0;0;0;0;0;0;0;0;0;0;0;0;0;0;0;0;0
FR;9;2022-04-01;0;0;0;0;0;0;0;0;0;0;0;0;0;0;0;0;0;0
FR;9;2022-04-02;0;0;0;0;0;0;0;0;0;0;0;0;0;0;0;0;0;0
FR;9;2022-04-03;0;0;0;0;0;0;0;0;0;0;0;0;0;0;0;0;0;0
FR;9;2022-04-04;0;0;0;0;0;0;0;0;0;0;0;0;0;0;0;0;0;0
FR;9;2022-04-05;0;0;0;0;0;0;0;0;0;0;0;0;0;0;0;0;0;0
FR;9;2022-04-06;0;0;0;0;0;0;0;0;0;0;0;0;0;0;0;0;0;0
FR;9;2022-04-07;0;0;0;0;0;0;0;0;0;0;0;0;0;0;0;0;0;0
FR;9;2022-04-08;0;0;0;0;0;0;0;0;0;0;0;0;0;0;0;0;0;0
FR;9;2022-04-09;0;0;0;0;0;0;0;0;0;0;0;0;0;0;0;0;0;0
FR;9;2022-04-10;0;0;0;0;0;0;0;0;0;0;0;0;0;0;0;0;0;0
FR;9;2022-04-11;0;0;0;0;0;0;0;0;0;0;0;0;0;0;0;0;0;0
FR;9;2022-04-12;0;0;0;0;0;0;0;0;0;0;0;0;0;0;0;0;0;0
FR;9;2022-04-13;0;0;0;0;0;0;0;0;0;0;0;0;0;0;0;0;0;0
FR;9;2022-04-14;0;0;0;0;0;0;0;0;0;0;0;0;0;0;0;0;0;0
FR;9;2022-04-15;0;0;0;0;0;0;0;0;0;0;0;0;0;0;0;0;0;0
FR;9;2022-04-16;0;0;0;0;0;0;0;0;0;0;0;0;0;0;0;0;0;0
FR;9;2022-04-17;0;0;0;0;0;0;0;0;0;0;0;0;0;0;0;0;0;0
FR;9;2022-04-18;0;0;0;0;0;0;0;0;0;0;0;0;0;0;0;0;0;0
FR;9;2022-04-19;0;0;0;0;0;0;0;0;0;0;0;0;0;0;0;0;0;0
FR;9;2022-04-20;0;0;0;0;0;0;0;0;0;0;0;0;0;0;0;0;0;0
FR;9;2022-04-21;0;0;0;0;0;0;0;0;0;0;0;0;0;0;0;0;0;0
FR;9;2022-04-22;0;0;0;0;0;0;0;0;0;0;0;0;0;0;0;0;0;0
FR;9;2022-04-23;0;0;0;0;0;0;0;0;0;0;0;0;0;0;0;0;0;0
FR;9;2022-04-24;0;0;0;0;0;0;0;0;0;0;0;0;0;0;0;0;0;0
FR;9;2022-04-25;0;0;0;0;0;0;0;0;0;0;0;0;0;0;0;0;0;0
FR;9;2022-04-26;0;0;0;0;0;0;0;0;0;0;0;0;0;0;0;0;0;0
FR;9;2022-04-27;0;0;0;0;0;0;0;0;0;0;0;0;0;0;0;0;0;0
FR;9;2022-04-28;0;0;0;0;0;0;0;0;0;0;0;0;0;0;0;0;0;0
FR;9;2022-04-29;0;0;0;0;0;0;0;0;0;0;0;0;0;0;0;0;0;0
FR;9;2022-04-30;0;0;0;0;0;0;0;0;0;0;0;0;0;0;0;0;0;0
FR;9;2022-05-01;0;0;0;0;0;0;0;0;0;0;0;0;0;0;0;0;0;0
FR;9;2022-05-02;0;0;0;0;0;0;0;0;0;0;0;0;0;0;0;0;0;0
FR;9;2022-05-03;0;0;0;0;0;0;0;0;0;0;0;0;0;0;0;0;0;0
FR;9;2022-05-04;0;0;0;0;0;0;0;0;0;0;0;0;0;0;0;0;0;0
FR;9;2022-05-05;0;0;0;0;0;0;0;0;0;0;0;0;0;0;0;0;0;0
FR;9;2022-05-06;0;0;0;0;0;0;0;0;0;0;0;0;0;0;0;0;0;0
FR;9;2022-05-07;0;0;0;0;0;0;0;0;0;0;0;0;0;0;0;0;0;0
FR;9;2022-05-08;0;0;0;0;0;0;0;0;0;0;0;0;0;0;0;0;0;0
FR;9;2022-05-09;0;0;0;0;0;0;0;0;0;0;0;0;0;0;0;0;0;0
FR;9;2022-05-10;0;0;0;0;0;0;0;0;0;0;0;0;0;0;0;0;0;0
FR;9;2022-05-11;0;0;0;0;0;0;0;0;0;0;0;0;0;0;0;0;0;0
FR;9;2022-05-12;0;0;0;0;0;0;0;0;0;0;0;0;0;0;0;0;0;0
FR;9;2022-05-13;0;0;0;0;0;0;0;0;0;0;0;0;0;0;0;0;0;0
FR;9;2022-05-14;0;0;0;0;0;0;0;0;0;0;0;0;0;0;0;0;0;0
FR;9;2022-05-15;0;0;0;0;0;0;0;0;0;0;0;0;0;0;0;0;0;0
FR;9;2022-05-16;0;0;0;0;0;0;0;0;0;0;0;0;0;0;0;0;0;0
FR;9;2022-05-17;0;0;0;0;0;0;0;0;0;0;0;0;0;0;0;0;0;0
FR;9;2022-05-18;0;0;0;0;0;0;0;0;0;0;0;0;0;0;0;0;0;0
FR;9;2022-05-19;0;0;0;0;0;0;0;0;0;0;0;0;0;0;0;0;0;0
FR;9;2022-05-20;0;0;0;0;0;0;0;0;0;0;0;0;0;0;0;0;0;0
FR;9;2022-05-21;0;0;0;0;0;0;0;0;0;0;0;0;0;0;0;0;0;0
FR;9;2022-05-22;0;0;0;0;0;0;0;0;0;0;0;0;0;0;0;0;0;0
FR;9;2022-05-23;0;0;0;0;0;0;0;0;0;0;0;0;0;0;0;0;0;0
FR;9;2022-05-24;0;0;0;0;0;0;0;0;0;0;0;0;0;0;0;0;0;0
FR;9;2022-05-25;0;0;0;0;0;0;0;0;0;0;0;0;0;0;0;0;0;0
FR;9;2022-05-26;0;0;0;0;0;0;0;0;0;0;0;0;0;0;0;0;0;0
FR;9;2022-05-27;0;0;0;0;0;0;0;0;0;0;0;0;0;0;0;0;0;0
FR;9;2022-05-28;0;0;0;0;0;0;0;0;0;0;0;0;0;0;0;0;0;0
FR;9;2022-05-29;0;0;0;0;0;0;0;0;0;0;0;0;0;0;0;0;0;0
FR;9;2022-05-30;0;0;0;0;0;0;0;0;0;0;0;0;0;0;0;0;0;0
FR;9;2022-05-31;0;0;0;0;0;0;0;0;0;0;0;0;0;0;0;0;0;0
FR;9;2022-06-01;0;0;0;0;0;0;0;0;0;0;0;0;0;0;0;0;0;0
FR;9;2022-06-02;0;0;0;0;0;0;0;0;0;0;0;0;0;0;0;0;0;0
FR;9;2022-06-03;0;0;0;0;0;0;0;0;0;0;0;0;0;0;0;0;0;0
FR;9;2022-06-04;0;0;0;0;0;0;0;0;0;0;0;0;0;0;0;0;0;0
FR;9;2022-06-05;0;0;0;0;0;0;0;0;0;0;0;0;0;0;0;0;0;0
FR;9;2022-06-06;0;0;0;0;0;0;0;0;0;0;0;0;0;0;0;0;0;0
FR;9;2022-06-07;0;0;0;0;0;0;0;0;0;0;0;0;0;0;0;0;0;0
FR;9;2022-06-08;0;0;0;0;0;0;0;0;0;0;0;0;0;0;0;0;0;0
FR;9;2022-06-09;0;0;0;0;0;0;0;0;0;0;0;0;0;0;0;0;0;0
FR;9;2022-06-10;0;0;0;0;0;0;0;0;0;0;0;0;0;0;0;0;0;0
FR;9;2022-06-11;0;0;0;0;0;0;0;0;0;0;0;0;0;0;0;0;0;0
FR;9;2022-06-12;0;0;0;0;0;0;0;0;0;0;0;0;0;0;0;0;0;0
FR;9;2022-06-13;0;0;0;0;0;0;0;0;0;0;0;0;0;0;0;0;0;0
FR;9;2022-06-14;0;0;0;0;0;0;0;0;0;0;0;0;0;0;0;0;0;0
FR;9;2022-06-15;0;0;0;0;0;0;0;0;0;0;0;0;0;0;0;0;0;0
FR;9;2022-06-16;0;0;0;0;0;0;0;0;0;0;0;0;0;0;0;0;0;0
FR;9;2022-06-17;0;0;0;0;0;0;0;0;0;0;0;0;0;0;0;0;0;0
FR;9;2022-06-18;0;0;0;0;0;0;0;0;0;0;0;0;0;0;0;0;0;0
FR;9;2022-06-19;0;0;0;0;0;0;0;0;0;0;0;0;0;0;0;0;0;0
FR;9;2022-06-20;0;0;0;0;0;0;0;0;0;0;0;0;0;0;0;0;0;0
FR;9;2022-06-21;0;0;0;0;0;0;0;0;0;0;0;0;0;0;0;0;0;0
FR;9;2022-06-22;0;0;0;0;0;0;0;0;0;0;0;0;0;0;0;0;0;0
FR;9;2022-06-23;0;0;0;0;0;0;0;0;0;0;0;0;0;0;0;0;0;0
FR;9;2022-06-24;0;0;0;0;0;0;0;0;0;0;0;0;0;0;0;0;0;0
FR;9;2022-06-25;0;0;0;0;0;0;0;0;0;0;0;0;0;0;0;0;0;0
FR;9;2022-06-26;0;0;0;0;0;0;0;0;0;0;0;0;0;0;0;0;0;0
FR;9;2022-06-27;0;0;0;0;0;0;0;0;0;0;0;0;0;0;0;0;0;0
FR;9;2022-06-28;0;0;0;0;0;0;0;0;0;0;0;0;0;0;0;0;0;0
FR;9;2022-06-29;0;0;0;0;0;0;0;0;0;0;0;0;0;0;0;0;0;0
FR;9;2022-06-30;0;0;0;0;0;0;0;0;0;0;0;0;0;0;0;0;0;0
FR;9;2022-07-01;0;0;0;0;0;0;0;0;0;0;0;0;0;0;0;0;0;0
FR;9;2022-07-02;0;0;0;0;0;0;0;0;0;0;0;0;0;0;0;0;0;0
FR;9;2022-07-03;0;0;0;0;0;0;0;0;0;0;0;0;0;0;0;0;0;0
FR;9;2022-07-04;0;0;0;0;0;0;0;0;0;0;0;0;0;0;0;0;0;0
FR;9;2022-07-05;0;0;0;0;0;0;0;0;0;0;0;0;0;0;0;0;0;0
FR;9;2022-07-06;0;0;0;0;0;0;0;0;0;0;0;0;0;0;0;0;0;0
FR;9;2022-07-07;0;0;0;0;0;0;0;0;0;0;0;0;0;0;0;0;0;0
FR;9;2022-07-08;0;0;0;0;0;0;0;0;0;0;0;0;0;0;0;0;0;0
FR;9;2022-07-09;0;0;0;0;0;0;0;0;0;0;0;0;0;0;0;0;0;0
FR;9;2022-07-10;0;0;0;0;0;0;0;0;0;0;0;0;0;0;0;0;0;0
FR;9;2022-07-11;0;0;0;0;0;0;0;0;0;0;0;0;0;0;0;0;0;0
FR;9;2022-07-12;0;0;0;0;0;0;0;0;0;0;0;0;0;0;0;0;0;0
FR;9;2022-07-13;0;0;0;0;0;0;0;0;0;0;0;0;0;0;0;0;0;0
FR;9;2022-07-14;0;0;0;0;0;0;0;0;0;0;0;0;0;0;0;0;0;0
FR;9;2022-07-15;0;0;0;0;0;0;0;0;0;0;0;0;0;0;0;0;0;0
FR;9;2022-07-16;0;0;0;0;0;0;0;0;0;0;0;0;0;0;0;0;0;0
FR;9;2022-07-17;0;0;0;0;0;0;0;0;0;0;0;0;0;0;0;0;0;0
FR;9;2022-07-18;0;0;0;0;0;0;0;0;0;0;0;0;0;0;0;0;0;0
FR;9;2022-07-19;0;0;0;0;0;0;0;0;0;0;0;0;0;0;0;0;0;0
FR;9;2022-07-20;0;0;0;0;0;0;0;0;0;0;0;0;0;0;0;0;0;0
FR;9;2022-07-21;0;0;0;0;0;0;0;0;0;0;0;0;0;0;0;0;0;0
FR;9;2022-07-22;0;0;0;0;0;0;0;0;0;0;0;0;0;0;0;0;0;0
FR;9;2022-07-23;0;0;0;0;0;0;0;0;0;0;0;0;0;0;0;0;0;0
FR;9;2022-07-24;0;0;0;0;0;0;0;0;0;0;0;0;0;0;0;0;0;0
FR;9;2022-07-25;0;0;0;0;0;0;0;0;0;0;0;0;0;0;0;0;0;0
FR;9;2022-07-26;0;0;0;0;0;0;0;0;0;0;0;0;0;0;0;0;0;0
FR;9;2022-07-27;0;0;0;0;0;0;0;0;0;0;0;0;0;0;0;0;0;0
FR;9;2022-07-28;0;0;0;0;0;0;0;0;0;0;0;0;0;0;0;0;0;0
FR;9;2022-07-29;0;0;0;0;0;0;0;0;0;0;0;0;0;0;0;0;0;0
FR;9;2022-07-30;0;0;0;0;0;0;0;0;0;0;0;0;0;0;0;0;0;0
FR;9;2022-07-31;0;0;0;0;0;0;0;0;0;0;0;0;0;0;0;0;0;0
FR;9;2022-08-01;0;0;0;0;0;0;0;0;0;0;0;0;0;0;0;0;0;0
FR;9;2022-08-02;0;0;0;0;0;0;0;0;0;0;0;0;0;0;0;0;0;0
FR;9;2022-08-03;0;0;0;0;0;0;0;0;0;0;0;0;0;0;0;0;0;0
FR;9;2022-08-04;0;0;0;0;0;0;0;0;0;0;0;0;0;0;0;0;0;0
FR;9;2022-08-05;0;0;0;0;0;0;0;0;0;0;0;0;0;0;0;0;0;0
FR;9;2022-08-06;0;0;0;0;0;0;0;0;0;0;0;0;0;0;0;0;0;0
FR;9;2022-08-07;0;0;0;0;0;0;0;0;0;0;0;0;0;0;0;0;0;0
FR;9;2022-08-08;0;0;0;0;0;0;0;0;0;0;0;0;0;0;0;0;0;0
FR;9;2022-08-09;0;0;0;0;0;0;0;0;0;0;0;0;0;0;0;0;0;0
FR;9;2022-08-10;0;0;0;0;0;0;0;0;0;0;0;0;0;0;0;0;0;0
FR;9;2022-08-11;0;0;0;0;0;0;0;0;0;0;0;0;0;0;0;0;0;0
FR;9;2022-08-12;0;0;0;0;0;0;0;0;0;0;0;0;0;0;0;0;0;0
FR;9;2022-08-13;0;0;0;0;0;0;0;0;0;0;0;0;0;0;0;0;0;0
FR;9;2022-08-14;0;0;0;0;0;0;0;0;0;0;0;0;0;0;0;0;0;0
FR;9;2022-08-15;0;0;0;0;0;0;0;0;0;0;0;0;0;0;0;0;0;0
FR;9;2022-08-16;0;0;0;0;0;0;0;0;0;0;0;0;0;0;0;0;0;0
FR;9;2022-08-17;0;0;0;0;0;0;0;0;0;0;0;0;0;0;0;0;0;0
FR;9;2022-08-18;0;0;0;0;0;0;0;0;0;0;0;0;0;0;0;0;0;0
FR;9;2022-08-19;0;0;0;0;0;0;0;0;0;0;0;0;0;0;0;0;0;0
FR;9;2022-08-20;0;0;0;0;0;0;0;0;0;0;0;0;0;0;0;0;0;0
FR;9;2022-08-21;0;0;0;0;0;0;0;0;0;0;0;0;0;0;0;0;0;0
FR;9;2022-08-22;0;0;0;0;0;0;0;0;0;0;0;0;0;0;0;0;0;0
FR;9;2022-08-23;0;0;0;0;0;0;0;0;0;0;0;0;0;0;0;0;0;0
FR;9;2022-08-24;0;0;0;0;0;0;0;0;0;0;0;0;0;0;0;0;0;0
FR;9;2022-08-25;0;0;0;0;0;0;0;0;0;0;0;0;0;0;0;0;0;0
FR;9;2022-08-26;0;0;0;0;0;0;0;0;0;0;0;0;0;0;0;0;0;0
FR;9;2022-08-27;0;0;0;0;0;0;0;0;0;0;0;0;0;0;0;0;0;0
FR;9;2022-08-28;0;0;0;0;0;0;0;0;0;0;0;0;0;0;0;0;0;0
FR;9;2022-08-29;0;0;0;0;0;0;0;0;0;0;0;0;0;0;0;0;0;0
FR;9;2022-08-30;0;0;0;0;0;0;0;0;0;0;0;0;0;0;0;0;0;0
FR;9;2022-08-31;0;0;0;0;0;0;0;0;0;0;0;0;0;0;0;0;0;0
FR;9;2022-09-01;0;0;0;0;0;0;0;0;0;0;0;0;0;0;0;0;0;0
FR;9;2022-09-02;0;0;0;0;0;0;0;0;0;0;0;0;0;0;0;0;0;0
FR;9;2022-09-03;0;0;0;0;0;0;0;0;0;0;0;0;0;0;0;0;0;0
FR;9;2022-09-04;0;0;0;0;0;0;0;0;0;0;0;0;0;0;0;0;0;0
FR;9;2022-09-05;0;0;0;0;0;0;0;0;0;0;0;0;0;0;0;0;0;0
FR;9;2022-09-06;0;0;0;0;0;0;0;0;0;0;0;0;0;0;0;0;0;0
FR;9;2022-09-07;0;0;0;0;0;0;0;0;0;0;0;0;0;0;0;0;0;0
FR;9;2022-09-08;0;0;0;0;0;0;0;0;0;0;0;0;0;0;0;0;0;0
FR;9;2022-09-09;0;0;0;0;0;0;0;0;0;0;0;0;0;0;0;0;0;0
FR;9;2022-09-10;0;0;0;0;0;0;0;0;0;0;0;0;0;0;0;0;0;0
FR;9;2022-09-11;0;0;0;0;0;0;0;0;0;0;0;0;0;0;0;0;0;0
FR;9;2022-09-12;0;0;0;0;0;0;0;0;0;0;0;0;0;0;0;0;0;0
FR;9;2022-09-13;0;0;0;0;0;0;0;0;0;0;0;0;0;0;0;0;0;0
FR;9;2022-09-14;0;0;0;0;0;0;0;0;0;0;0;0;0;0;0;0;0;0
FR;9;2022-09-15;0;0;0;0;0;0;0;0;0;0;0;0;0;0;0;0;0;0
FR;9;2022-09-16;0;0;0;0;0;0;0;0;0;0;0;0;0;0;0;0;0;0
FR;9;2022-09-17;0;0;0;0;0;0;0;0;0;0;0;0;0;0;0;0;0;0
FR;9;2022-09-18;0;0;0;0;0;0;0;0;0;0;0;0;0;0;0;0;0;0
FR;9;2022-09-19;0;0;0;0;0;0;0;0;0;0;0;0;0;0;0;0;0;0
FR;9;2022-09-20;0;0;0;0;0;0;0;0;0;0;0;0;0;0;0;0;0;0
FR;9;2022-09-21;0;0;0;0;0;0;0;0;0;0;0;0;0;0;0;0;0;0
FR;9;2022-09-22;0;0;0;0;0;0;0;0;0;0;0;0;0;0;0;0;0;0
FR;9;2022-09-23;0;0;0;0;0;0;0;0;0;0;0;0;0;0;0;0;0;0
FR;9;2022-09-24;0;0;0;0;0;0;0;0;0;0;0;0;0;0;0;0;0;0
FR;9;2022-09-25;0;0;0;0;0;0;0;0;0;0;0;0;0;0;0;0;0;0
FR;9;2022-09-26;0;0;0;0;0;0;0;0;0;0;0;0;0;0;0;0;0;0
FR;9;2022-09-27;0;0;0;0;0;0;0;0;0;0;0;0;0;0;0;0;0;0
FR;9;2022-09-28;0;0;0;0;0;0;0;0;0;0;0;0;0;0;0;0;0;0
FR;9;2022-09-29;1;1;8;33;0;6;35;43;2;1;1;8;33;0;6;35;43;2
FR;9;2022-09-30;5;13;60;606;7;47;613;713;51;6;14;68;639;7;53;648;756;53
FR;9;2022-10-01;10;1;43;327;2;26;335;396;35;16;15;111;966;9;79;983;1152;88
FR;9;2022-10-02;2;1;5;50;0;4;51;66;11;18;16;116;1016;9;83;1034;1218;99
FR;9;2022-10-03;12;17;151;1714;11;129;1708;2074;234;30;33;267;2730;20;212;2742;3292;333
FR;9;2022-10-04;22;48;353;3952;18;228;4020;4702;450;52;81;620;6682;38;440;6762;7994;783
FR;9;2022-10-05;29;20;269;2998;17;203;3011;3656;433;81;101;889;9680;55;643;9773;11650;1216
FR;9;2022-10-06;23;35;400;4598;18;301;4631;5609;672;104;136;1289;14278;73;944;14404;17259;1888
FR;9;2022-10-07;29;50;499;5705;19;384;5719;7028;923;133;186;1788;19983;92;1328;20123;24287;2811
FR;9;2022-10-08;10;18;128;1090;8;86;1108;1389;191;143;204;1916;21073;100;1414;21231;25676;3002
FR;9;2022-10-09;1;7;22;197;1;29;198;277;50;144;211;1938;21270;101;1443;21429;25953;3052
FR;9;2022-10-10;11;26;207;2572;14;181;2576;3296;533;155;237;2145;23842;115;1624;24005;29249;3585
FR;9;2022-10-11;31;40;424;5043;27;312;5024;6197;851;186;277;2569;28885;142;1936;29029;35446;4436
FR;9;2022-10-12;22;26;297;2987;16;212;3044;3830;572;208;303;2866;31872;158;2148;32073;39276;5008
FR;9;2022-10-13;25;42;374;3980;16;245;4036;5027;740;233;345;3240;35852;174;2393;36109;44303;5748
FR;9;2022-10-14;27;26;381;4430;12;293;4414;5556;838;260;371;3621;40282;186;2686;40523;49859;6586
FR;9;2022-10-15;14;8;101;1052;7;79;1029;1308;198;274;379;3722;41334;193;2765;41552;51167;6784
FR;9;2022-10-16;4;1;9;132;2;12;126;168;28;278;380;3731;41466;195;2777;41678;51335;6812
FR;9;2022-10-17;4;22;165;1875;11;127;1883;2492;475;282;402;3896;43341;206;2904;43561;53827;7287
FR;9;2022-10-18;36;28;316;3430;17;235;3454;4661;963;318;430;4212;46771;223;3139;47015;58488;8250
FR;9;2022-10-19;22;19;262;2688;17;174;2717;3732;826;340;449;4474;49459;240;3313;49732;62220;9076
FR;9;2022-10-20;22;22;308;3628;8;233;3639;4813;933;362;471;4782;53087;248;3546;53371;67033;10009
FR;9;2022-10-21;14;31;325;3532;10;228;3554;4655;865;376;502;5107;56619;258;3774;56925;71688;10874
FR;9;2022-10-22;10;11;90;914;8;62;919;1193;207;386;513;5197;57533;266;3836;57844;72881;11081
FR;9;2022-10-23;2;2;17;100;2;10;105;148;33;388;515;5214;57633;268;3846;57949;73029;11114
FR;9;2022-10-24;7;17;159;1363;6;106;1434;1942;397;395;532;5373;58996;274;3952;59383;74971;11511
FR;9;2022-10-25;18;22;228;2841;16;188;2851;3938;896;413;554;5601;61837;290;4140;62234;78909;12407
FR;9;2022-10-26;14;16;169;1800;13;123;1812;2527;590;427;570;5770;63637;303;4263;64046;81436;12997
FR;9;2022-10-27;9;26;230;2303;15;173;2337;3210;689;436;596;6000;65940;318;4436;66383;84646;13686
FR;9;2022-10-28;18;27;224;2277;17;151;2303;3142;681;454;623;6224;68217;335;4587;68686;87788;14367
FR;9;2022-10-29;12;8;55;505;5;46;496;662;119;466;631;6279;68722;340;4633;69182;88450;14486
FR;9;2022-10-30;2;1;8;58;1;8;58;82;16;468;632;6287;68780;341;4641;69240;88532;14502
FR;9;2022-10-31;13;7;105;660;9;59;695;996;240;481;639;6392;69440;350;4700;69935;89528;14742
FR;9;2022-11-01;1;1;15;43;0;11;49;71;11;482;640;6407;69483;350;4711;69984;89599;14753
FR;9;2022-11-02;7;12;102;1027;4;76;1045;1577;452;489;652;6509;70510;354;4787;71029;91176;15205
FR;9;2022-11-03;17;18;157;1599;16;92;1647;2348;599;506;670;6666;72109;370;4879;72676;93524;15804
FR;9;2022-11-04;21;19;193;1748;15;120;1797;2533;611;527;689;6859;73857;385;4999;74473;96057;16415
FR;9;2022-11-05;8;10;58;403;9;39;424;573;107;535;699;6917;74260;394;5038;74897;96630;16522
FR;9;2022-11-06;5;4;5;62;6;2;61;88;25;540;703;6922;74322;400;5040;74958;96718;16547
FR;9;2022-11-07;16;19;89;933;16;110;941;1489;432;556;722;7011;75255;416;5150;75899;98207;16979
FR;9;2022-11-08;10;19;170;1823;13;137;1815;2660;703;566;741;7181;77078;429;5287;77714;100867;17682
FR;9;2022-11-09;16;16;123;1261;9;98;1322;1878;453;582;757;7304;78339;438;5385;79036;102745;18135
FR;9;2022-11-10;13;22;162;1622;14;137;1620;2280;519;595;779;7466;79961;452;5522;80656;105025;18654
FR;9;2022-11-11;1;1;13;81;1;6;83;123;34;596;780;7479;80042;453;5528;80739;105148;18688
FR;9;2022-11-12;5;8;44;259;7;19;278;395;97;601;788;7523;80301;460;5547;81017;105543;18785
FR;9;2022-11-13;2;0;4;30;0;4;31;51;16;603;788;7527;80331;460;5551;81048;105594;18801
FR;9;2022-11-14;11;12;56;707;11;44;722;1108;339;614;800;7583;81038;471;5595;81770;106702;19140
FR;9;2022-11-15;18;16;148;1324;7;103;1332;2079;638;632;816;7731;82362;478;5698;83102;108781;19778
FR;9;2022-11-16;10;5;99;979;8;58;997;1490;431;642;821;7830;83341;486;5756;84099;110271;20209
FR;9;2022-11-17;9;17;126;1086;11;78;1111;1695;501;651;838;7956;84427;497;5834;85210;111966;20710
FR;9;2022-11-18;7;16;120;1440;5;78;1455;2027;492;658;854;8076;85867;502;5912;86665;113993;21202
FR;9;2022-11-19;3;5;50;364;1;27;351;489;106;661;859;8126;86231;503;5939;87016;114482;21308
FR;9;2022-11-20;1;0;5;37;0;3;35;54;16;662;859;8131;86268;503;5942;87051;114536;21324
FR;9;2022-11-21;9;12;66;636;5;51;639;960;263;671;871;8197;86904;508;5993;87690;115496;21587
FR;9;2022-11-22;15;12;121;1037;13;74;1067;1592;449;686;883;8318;87941;521;6067;88757;117088;22036
FR;9;2022-11-23;7;10;69;733;5;33;760;1170;372;693;893;8387;88674;526;6100;89517;118258;22408
FR;9;2022-11-24;8;19;93;979;14;68;992;1472;406;701;912;8480;89653;540;6168;90509;119730;22814
FR;9;2022-11-25;8;10;107;1180;8;82;1195;1781;503;709;922;8587;90833;548;6250;91704;121511;23317
FR;9;2022-11-26;6;6;35;217;7;24;214;310;68;715;928;8622;91050;555;6274;91918;121821;23385
FR;9;2022-11-27;1;1;6;42;0;2;46;82;34;716;929;8628;91092;555;6276;91964;121903;23419
FR;9;2022-11-28;5;7;103;698;7;60;726;1135;344;721;936;8731;91790;562;6336;92690;123038;23763
FR;9;2022-11-29;6;18;140;1299;6;89;1325;1940;521;727;954;8871;93089;568;6425;94015;124978;24284
FR;9;2022-11-30;9;12;99;1026;5;76;1049;1600;470;736;966;8970;94115;573;6501;95064;126578;24754
FR;9;2022-12-01;16;14;111;1330;8;80;1315;1939;540;752;980;9081;95445;581;6581;96379;128517;25294
FR;9;2022-12-02;10;13;193;1817;10;107;1818;2631;700;762;993;9274;97262;591;6688;98197;131148;25994
FR;9;2022-12-03;7;9;79;619;5;41;632;887;208;769;1002;9353;97881;596;6729;98829;132035;26202
FR;9;2022-12-04;11;4;15;105;5;8;105;153;40;780;1006;9368;97986;601;6737;98934;132188;26242
FR;9;2022-12-05;19;24;144;1406;17;98;1421;2110;584;799;1030;9512;99392;618;6835;100355;134298;26826
FR;9;2022-12-06;30;21;262;2441;21;147;2535;3798;1097;829;1051;9774;101833;639;6982;102890;138096;27923
FR;9;2022-12-07;15;22;181;1848;20;112;1890;2825;814;844;1073;9955;103681;659;7094;104780;140921;28737
FR;9;2022-12-08;14;22;222;2402;15;125;2465;3698;1091;858;1095;10177;106083;674;7219;107245;144619;29828
FR;9;2022-12-09;14;25;287;2888;10;143;2986;4337;1200;872;1120;10464;108971;684;7362;110231;148956;31028
FR;9;2022-12-10;12;13;122;1324;5;56;1347;1819;410;884;1133;10586;110295;689;7418;111578;150775;31438
FR;9;2022-12-11;5;4;21;277;5;10;283;363;66;889;1137;10607;110572;694;7428;111861;151138;31504
FR;9;2022-12-12;17;14;215;1958;12;109;2032;2891;745;906;1151;10822;112530;706;7537;113893;154029;32249
FR;9;2022-12-13;28;22;317;3085;14;151;3221;4720;1337;934;1173;11139;115615;720;7688;117114;158749;33586
FR;9;2022-12-14;15;10;191;2335;8;94;2405;3505;989;949;1183;11330;117950;728;7782;119519;162254;34575
FR;9;2022-12-15;17;24;257;2611;13;138;2682;4069;1238;966;1207;11587;120561;741;7920;122201;166323;35813
FR;9;2022-12-16;15;29;294;3072;21;165;3155;4603;1274;981;1236;11881;123633;762;8085;125356;170926;37087
FR;9;2022-12-17;8;11;106;1192;6;50;1207;1663;402;989;1247;11987;124825;768;8135;126563;172589;37489
FR;9;2022-12-18;1;7;30;245;6;14;251;333;67;990;1254;12017;125070;774;8149;126814;172922;37556
FR;9;2022-12-19;20;21;149;1599;15;78;1631;2507;789;1010;1275;12166;126669;789;8227;128445;175429;38345
FR;9;2022-12-20;21;19;232;2306;6;115;2349;3708;1233;1031;1294;12398;128975;795;8342;130794;179137;39578
FR;9;2022-12-21;6;14;139;1501;7;66;1554;2402;775;1037;1308;12537;130476;802;8408;132348;181539;40353
FR;9;2022-12-22;18;9;136;1401;9;78;1418;2119;615;1055;1317;12673;131877;811;8486;133766;183658;40968
FR;9;2022-12-23;11;15;76;728;9;50;730;1091;305;1066;1332;12749;132605;820;8536;134496;184749;41273
FR;9;2022-12-24;1;5;13;96;4;6;98;138;34;1067;1337;12762;132701;824;8542;134594;184887;41307
FR;9;2022-12-25;1;0;5;5;0;4;6;12;2;1068;1337;12767;132706;824;8546;134600;184899;41309
FR;9;2022-12-26;17;8;64;547;11;37;554;829;235;1085;1345;12831;133253;835;8583;135154;185728;41544
FR;9;2022-12-27;12;30;97;882;14;69;917;1422;430;1097;1375;12928;134135;849;8652;136071;187150;41974
FR;9;2022-12-28;8;9;82;749;8;40;768;1185;372;1105;1384;13010;134884;857;8692;136839;188335;42346
FR;9;2022-12-29;9;14;92;720;10;51;753;1134;323;1114;1398;13102;135604;867;8743;137592;189469;42669
FR;9;2022-12-30;12;17;77;592;9;47;612;899;237;1126;1415;13179;136196;876;8790;138204;190368;42906
FR;9;2022-12-31;2;3;17;136;2;12;139;190;38;1128;1418;13196;136332;878;8802;138343;190558;42944
FR;9;2023-01-01;0;2;3;19;1;4;19;31;8;1128;1420;13199;136351;879;8806;138362;190589;42952
FR;9;2023-01-02;10;11;56;592;4;40;585;949;320;1138;1431;13255;136943;883;8846;138947;191538;43272
FR;9;2023-01-03;19;19;119;1079;19;74;1099;1937;749;1157;1450;13374;138022;902;8920;140046;193475;44021
FR;9;2023-01-04;21;18;113;846;8;73;898;1609;633;1178;1468;13487;138868;910;8993;140944;195084;44654
FR;9;2023-01-05;5;20;115;1059;11;65;1091;2048;882;1183;1488;13602;139927;921;9058;142035;197132;45536
FR;9;2023-01-06;11;17;152;1370;3;73;1388;2410;938;1194;1505;13754;141297;924;9131;143423;199542;46474
FR;9;2023-01-07;6;13;58;436;14;36;427;687;220;1200;1518;13812;141733;938;9167;143850;200229;46694
FR;9;2023-01-08;4;11;15;92;9;12;91;137;32;1204;1529;13827;141825;947;9179;143941;200366;46726
FR;9;2023-01-09;16;15;87;623;9;62;615;1275;585;1220;1544;13914;142448;956;9241;144556;201641;47311
FR;9;2023-01-10;13;12;154;979;11;74;1033;1990;871;1233;1556;14068;143427;967;9315;145589;203631;48182
FR;9;2023-01-11;19;9;74;679;10;49;688;1385;642;1252;1565;14142;144106;977;9364;146277;205016;48824
FR;9;2023-01-12;20;9;92;845;3;77;823;1688;775;1272;1574;14234;144951;980;9441;147100;206704;49599
FR;9;2023-01-13;15;19;105;881;12;73;901;1742;753;1287;1593;14339;145832;992;9514;148001;208446;50352
FR;9;2023-01-14;8;9;54;294;5;32;299;584;247;1295;1602;14393;146126;997;9546;148300;209030;50599
FR;9;2023-01-15;1;3;15;37;0;9;41;82;32;1296;1605;14408;146163;997;9555;148341;209112;50631
FR;9;2023-01-16;6;15;54;366;13;24;383;784;370;1302;1620;14462;146529;1010;9579;148724;209896;51001
FR;9;2023-01-17;7;9;83;563;4;49;577;1244;609;1309;1629;14545;147092;1014;9628;149301;211140;51610
FR;9;2023-01-18;8;14;37;380;6;32;397;834;398;1317;1643;14582;147472;1020;9660;149698;211974;52008
FR;9;2023-01-19;10;9;58;475;8;30;476;1078;562;1327;1652;14640;147947;1028;9690;150174;213052;52570
FR;9;2023-01-20;15;19;96;578;16;57;595;1190;534;1342;1671;14736;148525;1044;9747;150769;214242;53104
FR;9;2023-01-21;8;15;20;192;11;13;190;347;140;1350;1686;14756;148717;1055;9760;150959;214589;53244
FR;9;2023-01-22;0;0;8;20;0;5;21;42;16;1350;1686;14764;148737;1055;9765;150980;214631;53260
FR;9;2023-01-23;4;14;27;253;8;25;242;563;287;1354;1700;14791;148990;1063;9790;151222;215194;53547
FR;9;2023-01-24;11;10;70;461;9;42;484;1162;633;1365;1710;14861;149451;1072;9832;151706;216356;54180
FR;9;2023-01-25;11;20;50;325;8;48;336;799;410;1376;1730;14911;149776;1080;9880;152042;217155;54590
FR;9;2023-01-26;7;17;64;391;8;50;390;967;515;1383;1747;14975;150167;1088;9930;152432;218122;55105
FR;9;2023-01-27;4;7;59;381;3;31;397;906;462;1387;1754;15034;150548;1091;9961;152829;219028;55567
FR;9;2023-01-28;3;6;31;128;5;27;120;265;116;1390;1760;15065;150676;1096;9988;152949;219293;55683
FR;9;2023-01-29;3;0;3;18;2;1;17;40;22;1393;1760;15068;150694;1098;9989;152966;219333;55705
FR;9;2023-01-30;3;6;31;192;5;11;211;501;272;1396;1766;15099;150886;1103;10000;153177;219834;55977
FR;9;2023-01-31;14;7;38;260;9;18;264;649;359;1410;1773;15137;151146;1112;10018;153441;220483;56336
FR;9;2023-02-01;4;7;26;173;4;20;179;519;309;1414;1780;15163;151319;1116;10038;153620;221002;56645
FR;9;2023-02-02;4;6;31;252;6;23;233;665;394;1418;1786;15194;151571;1122;10061;153853;221667;57039
FR;9;2023-02-03;8;11;42;289;8;37;275;677;355;1426;1797;15236;151860;1130;10098;154128;222344;57394
FR;9;2023-02-04;6;5;10;70;7;8;68;160;84;1432;1802;15246;151930;1137;10106;154196;222504;57478
FR;9;2023-02-05;1;1;4;7;0;4;7;17;6;1433;1803;15250;151937;1137;10110;154203;222521;57484
FR;9;2023-02-06;3;5;17;81;4;15;78;229;134;1436;1808;15267;152018;1141;10125;154281;222750;57618
FR;9;2023-02-07;3;5;29;138;3;20;134;402;242;1439;1813;15296;152156;1144;10145;154415;223152;57860
FR;9;2023-02-08;4;6;25;116;3;13;125;300;159;1443;1819;15321;152272;1147;10158;154540;223452;58019
FR;9;2023-02-09;8;2;20;138;3;14;123;336;195;1451;1821;15341;152410;1150;10172;154663;223788;58214
FR;9;2023-02-10;8;8;19;149;10;11;145;309;147;1459;1829;15360;152559;1160;10183;154808;224097;58361
FR;9;2023-02-11;5;4;14;42;3;9;47;84;28;1464;1833;15374;152601;1163;10192;154855;224181;58389
FR;9;2023-02-12;0;0;0;1;0;0;1;8;7;1464;1833;15374;152602;1163;10192;154856;224189;58396
FR;9;2023-02-13;3;8;5;50;8;4;45;107;55;1467;1841;15379;152652;1171;10196;154901;224296;58451
FR;9;2023-02-14;10;10;16;66;12;13;63;224;145;1477;1851;15395;152718;1183;10209;154964;224520;58596
FR;9;2023-02-15;1;5;16;52;3;12;50;162;99;1478;1856;15411;152770;1186;10221;155014;224682;58695
FR;9;2023-02-16;4;6;19;77;1;17;78;197;93;1482;1862;15430;152847;1187;10238;155092;224879;58788
FR;9;2023-02-17;6;4;15;62;5;11;64;178;99;1488;1866;15445;152909;1192;10249;155156;225057;58887
FR;9;2023-02-18;1;5;1;30;5;3;25;58;29;1489;1871;15446;152939;1197;10252;155181;225115;58916
FR;9;2023-02-19;1;0;0;1;0;0;1;3;2;1490;1871;15446;152940;1197;10252;155182;225118;58918
FR;9;2023-02-20;2;3;9;60;2;6;60;123;55;1492;1874;15455;153000;1199;10258;155242;225241;58973
FR;9;2023-02-21;6;9;9;62;7;8;59;151;82;1498;1883;15464;153062;1206;10266;155301;225392;59055
FR;9;2023-02-22;2;4;16;65;3;12;63;169;88;1500;1887;15480;153127;1209;10278;155364;225561;59143
FR;9;2023-02-23;5;3;17;63;1;12;69;146;61;1505;1890;15497;153190;1210;10290;155433;225707;59204
FR;9;2023-02-24;5;4;13;79;5;8;82;210;114;1510;1894;15510;153269;1215;10298;155515;225917;59318
FR;9;2023-02-25;2;2;10;14;4;4;23;43;16;1512;1896;15520;153283;1219;10302;155538;225960;59334
FR;9;2023-02-26;3;1;0;4;3;1;4;5;0;1515;1897;15520;153287;1222;10303;155542;225965;59334
FR;9;2023-02-27;2;3;5;17;3;2;19;49;26;1517;1900;15525;153304;1225;10305;155561;226014;59360
FR;9;2023-02-28;6;13;18;55;11;16;58;155;76;1523;1913;15543;153359;1236;10321;155619;226169;59436
FR;9;2023-03-01;0;6;4;20;5;4;20;75;48;1523;1919;15547;153379;1241;10325;155639;226244;59484
FR;9;2023-03-02;0;1;7;30;1;2;35;79;41;1523;1920;15554;153409;1242;10327;155674;226323;59525
FR;9;2023-03-03;1;4;8;47;3;6;48;121;67;1524;1924;15562;153456;1245;10333;155722;226444;59592
FR;9;2023-03-04;1;2;7;19;1;4;25;41;10;1525;1926;15569;153475;1246;10337;155747;226485;59602
FR;9;2023-03-05;0;1;1;0;1;0;1;8;7;1525;1927;15570;153475;1247;10337;155748;226493;59609
FR;9;2023-03-06;1;6;6;8;3;6;9;35;19;1526;1933;15576;153483;1250;10343;155757;226528;59628
FR;9;2023-03-07;2;3;8;20;0;8;24;68;34;1528;1936;15584;153503;1250;10351;155781;226596;59662
FR;9;2023-03-08;2;3;10;6;3;4;13;39;20;1530;1939;15594;153509;1253;10355;155794;226635;59682
FR;9;2023-03-09;1;2;9;11;2;5;17;63;41;1531;1941;15603;153520;1255;10360;155811;226698;59723
FR;9;2023-03-10;2;3;5;19;2;3;18;56;34;1533;1944;15608;153539;1257;10363;155829;226754;59757
FR;9;2023-03-11;2;3;4;8;2;1;11;15;3;1535;1947;15612;153547;1259;10364;155840;226769;59760
FR;9;2023-03-12;0;0;0;0;0;0;0;0;0;1535;1947;15612;153547;1259;10364;155840;226769;59760
FR;9;2023-03-13;2;3;4;13;2;4;14;49;29;1537;1950;15616;153560;1261;10368;155854;226818;59789
FR;9;2023-03-14;2;3;6;19;1;5;21;49;21;1539;1953;15622;153579;1262;10373;155875;226867;59810
FR;9;2023-03-15;0;5;4;15;3;4;17;47;24;1539;1958;15626;153594;1265;10377;155892;226914;59834
FR;9;2023-03-16;0;8;3;7;4;7;5;35;21;1539;1966;15629;153601;1269;10384;155897;226949;59855
FR;10;2020-12-27;0;0;0;0;0;0;0;0;0;0;0;0;0;0;0;0;0;0
FR;10;2020-12-28;0;0;0;0;0;0;0;0;0;0;0;0;0;0;0;0;0;0
FR;10;2020-12-29;0;0;0;0;0;0;0;0;0;0;0;0;0;0;0;0;0;0
FR;10;2020-12-30;0;0;0;0;0;0;0;0;0;0;0;0;0;0;0;0;0;0
FR;10;2020-12-31;0;0;0;0;0;0;0;0;0;0;0;0;0;0;0;0;0;0
FR;10;2021-01-01;0;0;0;0;0;0;0;0;0;0;0;0;0;0;0;0;0;0
FR;10;2021-01-02;0;0;0;0;0;0;0;0;0;0;0;0;0;0;0;0;0;0
FR;10;2021-01-03;0;0;0;0;0;0;0;0;0;0;0;0;0;0;0;0;0;0
FR;10;2021-01-04;0;0;0;0;0;0;0;0;0;0;0;0;0;0;0;0;0;0
FR;10;2021-01-05;0;0;0;0;0;0;0;0;0;0;0;0;0;0;0;0;0;0
FR;10;2021-01-06;0;0;0;0;0;0;0;0;0;0;0;0;0;0;0;0;0;0
FR;10;2021-01-07;0;0;0;0;0;0;0;0;0;0;0;0;0;0;0;0;0;0
FR;10;2021-01-08;0;0;0;0;0;0;0;0;0;0;0;0;0;0;0;0;0;0
FR;10;2021-01-09;0;0;0;0;0;0;0;0;0;0;0;0;0;0;0;0;0;0
FR;10;2021-01-10;0;0;0;0;0;0;0;0;0;0;0;0;0;0;0;0;0;0
FR;10;2021-01-11;0;0;0;0;0;0;0;0;0;0;0;0;0;0;0;0;0;0
FR;10;2021-01-12;0;0;0;0;0;0;0;0;0;0;0;0;0;0;0;0;0;0
FR;10;2021-01-13;0;0;0;0;0;0;0;0;0;0;0;0;0;0;0;0;0;0
FR;10;2021-01-14;0;0;0;0;0;0;0;0;0;0;0;0;0;0;0;0;0;0
FR;10;2021-01-15;0;0;0;0;0;0;0;0;0;0;0;0;0;0;0;0;0;0
FR;10;2021-01-16;0;0;0;0;0;0;0;0;0;0;0;0;0;0;0;0;0;0
FR;10;2021-01-17;0;0;0;0;0;0;0;0;0;0;0;0;0;0;0;0;0;0
FR;10;2021-01-18;0;0;0;0;0;0;0;0;0;0;0;0;0;0;0;0;0;0
FR;10;2021-01-19;0;0;0;0;0;0;0;0;0;0;0;0;0;0;0;0;0;0
FR;10;2021-01-20;0;0;0;0;0;0;0;0;0;0;0;0;0;0;0;0;0;0
FR;10;2021-01-21;0;0;0;0;0;0;0;0;0;0;0;0;0;0;0;0;0;0
FR;10;2021-01-22;0;0;0;0;0;0;0;0;0;0;0;0;0;0;0;0;0;0
FR;10;2021-01-23;0;0;0;0;0;0;0;0;0;0;0;0;0;0;0;0;0;0
FR;10;2021-01-24;0;0;0;0;0;0;0;0;0;0;0;0;0;0;0;0;0;0
FR;10;2021-01-25;0;0;0;0;0;0;0;0;0;0;0;0;0;0;0;0;0;0
FR;10;2021-01-26;0;0;0;0;0;0;0;0;0;0;0;0;0;0;0;0;0;0
FR;10;2021-01-27;0;0;0;0;0;0;0;0;0;0;0;0;0;0;0;0;0;0
FR;10;2021-01-28;0;0;0;0;0;0;0;0;0;0;0;0;0;0;0;0;0;0
FR;10;2021-01-29;0;0;0;0;0;0;0;0;0;0;0;0;0;0;0;0;0;0
FR;10;2021-01-30;0;0;0;0;0;0;0;0;0;0;0;0;0;0;0;0;0;0
FR;10;2021-01-31;0;0;0;0;0;0;0;0;0;0;0;0;0;0;0;0;0;0
FR;10;2021-02-01;0;0;0;0;0;0;0;0;0;0;0;0;0;0;0;0;0;0
FR;10;2021-02-02;0;0;0;0;0;0;0;0;0;0;0;0;0;0;0;0;0;0
FR;10;2021-02-03;0;0;0;0;0;0;0;0;0;0;0;0;0;0;0;0;0;0
FR;10;2021-02-04;0;0;0;0;0;0;0;0;0;0;0;0;0;0;0;0;0;0
FR;10;2021-02-05;0;0;0;0;0;0;0;0;0;0;0;0;0;0;0;0;0;0
FR;10;2021-02-06;0;0;0;0;0;0;0;0;0;0;0;0;0;0;0;0;0;0
FR;10;2021-02-07;0;0;0;0;0;0;0;0;0;0;0;0;0;0;0;0;0;0
FR;10;2021-02-08;0;0;0;0;0;0;0;0;0;0;0;0;0;0;0;0;0;0
FR;10;2021-02-09;0;0;0;0;0;0;0;0;0;0;0;0;0;0;0;0;0;0
FR;10;2021-02-10;0;0;0;0;0;0;0;0;0;0;0;0;0;0;0;0;0;0
FR;10;2021-02-11;0;0;0;0;0;0;0;0;0;0;0;0;0;0;0;0;0;0
FR;10;2021-02-12;0;0;0;0;0;0;0;0;0;0;0;0;0;0;0;0;0;0
FR;10;2021-02-13;0;0;0;0;0;0;0;0;0;0;0;0;0;0;0;0;0;0
FR;10;2021-02-14;0;0;0;0;0;0;0;0;0;0;0;0;0;0;0;0;0;0
FR;10;2021-02-15;0;0;0;0;0;0;0;0;0;0;0;0;0;0;0;0;0;0
FR;10;2021-02-16;0;0;0;0;0;0;0;0;0;0;0;0;0;0;0;0;0;0
FR;10;2021-02-17;0;0;0;0;0;0;0;0;0;0;0;0;0;0;0;0;0;0
FR;10;2021-02-18;0;0;0;0;0;0;0;0;0;0;0;0;0;0;0;0;0;0
FR;10;2021-02-19;0;0;0;0;0;0;0;0;0;0;0;0;0;0;0;0;0;0
FR;10;2021-02-20;0;0;0;0;0;0;0;0;0;0;0;0;0;0;0;0;0;0
FR;10;2021-02-21;0;0;0;0;0;0;0;0;0;0;0;0;0;0;0;0;0;0
FR;10;2021-02-22;0;0;0;0;0;0;0;0;0;0;0;0;0;0;0;0;0;0
FR;10;2021-02-23;0;0;0;0;0;0;0;0;0;0;0;0;0;0;0;0;0;0
FR;10;2021-02-24;0;0;0;0;0;0;0;0;0;0;0;0;0;0;0;0;0;0
FR;10;2021-02-25;0;0;0;0;0;0;0;0;0;0;0;0;0;0;0;0;0;0
FR;10;2021-02-26;0;0;0;0;0;0;0;0;0;0;0;0;0;0;0;0;0;0
FR;10;2021-02-27;0;0;0;0;0;0;0;0;0;0;0;0;0;0;0;0;0;0
FR;10;2021-02-28;0;0;0;0;0;0;0;0;0;0;0;0;0;0;0;0;0;0
FR;10;2021-03-01;0;0;0;0;0;0;0;0;0;0;0;0;0;0;0;0;0;0
FR;10;2021-03-02;0;0;0;0;0;0;0;0;0;0;0;0;0;0;0;0;0;0
FR;10;2021-03-03;0;0;0;0;0;0;0;0;0;0;0;0;0;0;0;0;0;0
FR;10;2021-03-04;0;0;0;0;0;0;0;0;0;0;0;0;0;0;0;0;0;0
FR;10;2021-03-05;0;0;0;0;0;0;0;0;0;0;0;0;0;0;0;0;0;0
FR;10;2021-03-06;0;0;0;0;0;0;0;0;0;0;0;0;0;0;0;0;0;0
FR;10;2021-03-07;0;0;0;0;0;0;0;0;0;0;0;0;0;0;0;0;0;0
FR;10;2021-03-08;0;0;0;0;0;0;0;0;0;0;0;0;0;0;0;0;0;0
FR;10;2021-03-09;0;0;0;0;0;0;0;0;0;0;0;0;0;0;0;0;0;0
FR;10;2021-03-10;0;0;0;0;0;0;0;0;0;0;0;0;0;0;0;0;0;0
FR;10;2021-03-11;0;0;0;0;0;0;0;0;0;0;0;0;0;0;0;0;0;0
FR;10;2021-03-12;0;0;0;0;0;0;0;0;0;0;0;0;0;0;0;0;0;0
FR;10;2021-03-13;0;0;0;0;0;0;0;0;0;0;0;0;0;0;0;0;0;0
FR;10;2021-03-14;0;0;0;0;0;0;0;0;0;0;0;0;0;0;0;0;0;0
FR;10;2021-03-15;0;0;0;0;0;0;0;0;0;0;0;0;0;0;0;0;0;0
FR;10;2021-03-16;0;0;0;0;0;0;0;0;0;0;0;0;0;0;0;0;0;0
FR;10;2021-03-17;0;0;0;0;0;0;0;0;0;0;0;0;0;0;0;0;0;0
FR;10;2021-03-18;0;0;0;0;0;0;0;0;0;0;0;0;0;0;0;0;0;0
FR;10;2021-03-19;0;0;0;0;0;0;0;0;0;0;0;0;0;0;0;0;0;0
FR;10;2021-03-20;0;0;0;0;0;0;0;0;0;0;0;0;0;0;0;0;0;0
FR;10;2021-03-21;0;0;0;0;0;0;0;0;0;0;0;0;0;0;0;0;0;0
FR;10;2021-03-22;0;0;0;0;0;0;0;0;0;0;0;0;0;0;0;0;0;0
FR;10;2021-03-23;0;0;0;0;0;0;0;0;0;0;0;0;0;0;0;0;0;0
FR;10;2021-03-24;0;0;0;0;0;0;0;0;0;0;0;0;0;0;0;0;0;0
FR;10;2021-03-25;0;0;0;0;0;0;0;0;0;0;0;0;0;0;0;0;0;0
FR;10;2021-03-26;0;0;0;0;0;0;0;0;0;0;0;0;0;0;0;0;0;0
FR;10;2021-03-27;0;0;0;0;0;0;0;0;0;0;0;0;0;0;0;0;0;0
FR;10;2021-03-28;0;0;0;0;0;0;0;0;0;0;0;0;0;0;0;0;0;0
FR;10;2021-03-29;0;0;0;0;0;0;0;0;0;0;0;0;0;0;0;0;0;0
FR;10;2021-03-30;0;0;0;0;0;0;0;0;0;0;0;0;0;0;0;0;0;0
FR;10;2021-03-31;0;0;0;0;0;0;0;0;0;0;0;0;0;0;0;0;0;0
FR;10;2021-04-01;0;0;0;0;0;0;0;0;0;0;0;0;0;0;0;0;0;0
FR;10;2021-04-02;0;0;0;0;0;0;0;0;0;0;0;0;0;0;0;0;0;0
FR;10;2021-04-03;0;0;0;0;0;0;0;0;0;0;0;0;0;0;0;0;0;0
FR;10;2021-04-04;0;0;0;0;0;0;0;0;0;0;0;0;0;0;0;0;0;0
FR;10;2021-04-05;0;0;0;0;0;0;0;0;0;0;0;0;0;0;0;0;0;0
FR;10;2021-04-06;0;0;0;0;0;0;0;0;0;0;0;0;0;0;0;0;0;0
FR;10;2021-04-07;0;0;0;0;0;0;0;0;0;0;0;0;0;0;0;0;0;0
FR;10;2021-04-08;0;0;0;0;0;0;0;0;0;0;0;0;0;0;0;0;0;0
FR;10;2021-04-09;0;0;0;0;0;0;0;0;0;0;0;0;0;0;0;0;0;0
FR;10;2021-04-10;0;0;0;0;0;0;0;0;0;0;0;0;0;0;0;0;0;0
FR;10;2021-04-11;0;0;0;0;0;0;0;0;0;0;0;0;0;0;0;0;0;0
FR;10;2021-04-12;0;0;0;0;0;0;0;0;0;0;0;0;0;0;0;0;0;0
FR;10;2021-04-13;0;0;0;0;0;0;0;0;0;0;0;0;0;0;0;0;0;0
FR;10;2021-04-14;0;0;0;0;0;0;0;0;0;0;0;0;0;0;0;0;0;0
FR;10;2021-04-15;0;0;0;0;0;0;0;0;0;0;0;0;0;0;0;0;0;0
FR;10;2021-04-16;0;0;0;0;0;0;0;0;0;0;0;0;0;0;0;0;0;0
FR;10;2021-04-17;0;0;0;0;0;0;0;0;0;0;0;0;0;0;0;0;0;0
FR;10;2021-04-18;0;0;0;0;0;0;0;0;0;0;0;0;0;0;0;0;0;0
FR;10;2021-04-19;0;0;0;0;0;0;0;0;0;0;0;0;0;0;0;0;0;0
FR;10;2021-04-20;0;0;0;0;0;0;0;0;0;0;0;0;0;0;0;0;0;0
FR;10;2021-04-21;0;0;0;0;0;0;0;0;0;0;0;0;0;0;0;0;0;0
FR;10;2021-04-22;0;0;0;0;0;0;0;0;0;0;0;0;0;0;0;0;0;0
FR;10;2021-04-23;0;0;0;0;0;0;0;0;0;0;0;0;0;0;0;0;0;0
FR;10;2021-04-24;0;0;0;0;0;0;0;0;0;0;0;0;0;0;0;0;0;0
FR;10;2021-04-25;0;0;0;0;0;0;0;0;0;0;0;0;0;0;0;0;0;0
FR;10;2021-04-26;0;0;0;0;0;0;0;0;0;0;0;0;0;0;0;0;0;0
FR;10;2021-04-27;0;0;0;0;0;0;0;0;0;0;0;0;0;0;0;0;0;0
FR;10;2021-04-28;0;0;0;0;0;0;0;0;0;0;0;0;0;0;0;0;0;0
FR;10;2021-04-29;0;0;0;0;0;0;0;0;0;0;0;0;0;0;0;0;0;0
FR;10;2021-04-30;0;0;0;0;0;0;0;0;0;0;0;0;0;0;0;0;0;0
FR;10;2021-05-01;0;0;0;0;0;0;0;0;0;0;0;0;0;0;0;0;0;0
FR;10;2021-05-02;0;0;0;0;0;0;0;0;0;0;0;0;0;0;0;0;0;0
FR;10;2021-05-03;0;0;0;0;0;0;0;0;0;0;0;0;0;0;0;0;0;0
FR;10;2021-05-04;0;0;0;0;0;0;0;0;0;0;0;0;0;0;0;0;0;0
FR;10;2021-05-05;0;0;0;0;0;0;0;0;0;0;0;0;0;0;0;0;0;0
FR;10;2021-05-06;0;0;0;0;0;0;0;0;0;0;0;0;0;0;0;0;0;0
FR;10;2021-05-07;0;0;0;0;0;0;0;0;0;0;0;0;0;0;0;0;0;0
FR;10;2021-05-08;0;0;0;0;0;0;0;0;0;0;0;0;0;0;0;0;0;0
FR;10;2021-05-09;0;0;0;0;0;0;0;0;0;0;0;0;0;0;0;0;0;0
FR;10;2021-05-10;0;0;0;0;0;0;0;0;0;0;0;0;0;0;0;0;0;0
FR;10;2021-05-11;0;0;0;0;0;0;0;0;0;0;0;0;0;0;0;0;0;0
FR;10;2021-05-12;0;0;0;0;0;0;0;0;0;0;0;0;0;0;0;0;0;0
FR;10;2021-05-13;0;0;0;0;0;0;0;0;0;0;0;0;0;0;0;0;0;0
FR;10;2021-05-14;0;0;0;0;0;0;0;0;0;0;0;0;0;0;0;0;0;0
FR;10;2021-05-15;0;0;0;0;0;0;0;0;0;0;0;0;0;0;0;0;0;0
FR;10;2021-05-16;0;0;0;0;0;0;0;0;0;0;0;0;0;0;0;0;0;0
FR;10;2021-05-17;0;0;0;0;0;0;0;0;0;0;0;0;0;0;0;0;0;0
FR;10;2021-05-18;0;0;0;0;0;0;0;0;0;0;0;0;0;0;0;0;0;0
FR;10;2021-05-19;0;0;0;0;0;0;0;0;0;0;0;0;0;0;0;0;0;0
FR;10;2021-05-20;0;0;0;0;0;0;0;0;0;0;0;0;0;0;0;0;0;0
FR;10;2021-05-21;0;0;0;0;0;0;0;0;0;0;0;0;0;0;0;0;0;0
FR;10;2021-05-22;0;0;0;0;0;0;0;0;0;0;0;0;0;0;0;0;0;0
FR;10;2021-05-23;0;0;0;0;0;0;0;0;0;0;0;0;0;0;0;0;0;0
FR;10;2021-05-24;0;0;0;0;0;0;0;0;0;0;0;0;0;0;0;0;0;0
FR;10;2021-05-25;0;0;0;0;0;0;0;0;0;0;0;0;0;0;0;0;0;0
FR;10;2021-05-26;0;0;0;0;0;0;0;0;0;0;0;0;0;0;0;0;0;0
FR;10;2021-05-27;0;0;0;0;0;0;0;0;0;0;0;0;0;0;0;0;0;0
FR;10;2021-05-28;0;0;0;0;0;0;0;0;0;0;0;0;0;0;0;0;0;0
FR;10;2021-05-29;0;0;0;0;0;0;0;0;0;0;0;0;0;0;0;0;0;0
FR;10;2021-05-30;0;0;0;0;0;0;0;0;0;0;0;0;0;0;0;0;0;0
FR;10;2021-05-31;0;0;0;0;0;0;0;0;0;0;0;0;0;0;0;0;0;0
FR;10;2021-06-01;0;0;0;0;0;0;0;0;0;0;0;0;0;0;0;0;0;0
FR;10;2021-06-02;0;0;0;0;0;0;0;0;0;0;0;0;0;0;0;0;0;0
FR;10;2021-06-03;0;0;0;0;0;0;0;0;0;0;0;0;0;0;0;0;0;0
FR;10;2021-06-04;0;0;0;0;0;0;0;0;0;0;0;0;0;0;0;0;0;0
FR;10;2021-06-05;0;0;0;0;0;0;0;0;0;0;0;0;0;0;0;0;0;0
FR;10;2021-06-06;0;0;0;0;0;0;0;0;0;0;0;0;0;0;0;0;0;0
FR;10;2021-06-07;0;0;0;0;0;0;0;0;0;0;0;0;0;0;0;0;0;0
FR;10;2021-06-08;0;0;0;0;0;0;0;0;0;0;0;0;0;0;0;0;0;0
FR;10;2021-06-09;0;0;0;0;0;0;0;0;0;0;0;0;0;0;0;0;0;0
FR;10;2021-06-10;0;0;0;0;0;0;0;0;0;0;0;0;0;0;0;0;0;0
FR;10;2021-06-11;0;0;0;0;0;0;0;0;0;0;0;0;0;0;0;0;0;0
FR;10;2021-06-12;0;0;0;0;0;0;0;0;0;0;0;0;0;0;0;0;0;0
FR;10;2021-06-13;0;0;0;0;0;0;0;0;0;0;0;0;0;0;0;0;0;0
FR;10;2021-06-14;0;0;0;0;0;0;0;0;0;0;0;0;0;0;0;0;0;0
FR;10;2021-06-15;0;0;0;0;0;0;0;0;0;0;0;0;0;0;0;0;0;0
FR;10;2021-06-16;0;0;0;0;0;0;0;0;0;0;0;0;0;0;0;0;0;0
FR;10;2021-06-17;0;0;0;0;0;0;0;0;0;0;0;0;0;0;0;0;0;0
FR;10;2021-06-18;0;0;0;0;0;0;0;0;0;0;0;0;0;0;0;0;0;0
FR;10;2021-06-19;0;0;0;0;0;0;0;0;0;0;0;0;0;0;0;0;0;0
FR;10;2021-06-20;0;0;0;0;0;0;0;0;0;0;0;0;0;0;0;0;0;0
FR;10;2021-06-21;0;0;0;0;0;0;0;0;0;0;0;0;0;0;0;0;0;0
FR;10;2021-06-22;0;0;0;0;0;0;0;0;0;0;0;0;0;0;0;0;0;0
FR;10;2021-06-23;0;0;0;0;0;0;0;0;0;0;0;0;0;0;0;0;0;0
FR;10;2021-06-24;0;0;0;0;0;0;0;0;0;0;0;0;0;0;0;0;0;0
FR;10;2021-06-25;0;0;0;0;0;0;0;0;0;0;0;0;0;0;0;0;0;0
FR;10;2021-06-26;0;0;0;0;0;0;0;0;0;0;0;0;0;0;0;0;0;0
FR;10;2021-06-27;0;0;0;0;0;0;0;0;0;0;0;0;0;0;0;0;0;0
FR;10;2021-06-28;0;0;0;0;0;0;0;0;0;0;0;0;0;0;0;0;0;0
FR;10;2021-06-29;0;0;0;0;0;0;0;0;0;0;0;0;0;0;0;0;0;0
FR;10;2021-06-30;0;0;0;0;0;0;0;0;0;0;0;0;0;0;0;0;0;0
FR;10;2021-07-01;0;0;0;0;0;0;0;0;0;0;0;0;0;0;0;0;0;0
FR;10;2021-07-02;0;0;0;0;0;0;0;0;0;0;0;0;0;0;0;0;0;0
FR;10;2021-07-03;0;0;0;0;0;0;0;0;0;0;0;0;0;0;0;0;0;0
FR;10;2021-07-04;0;0;0;0;0;0;0;0;0;0;0;0;0;0;0;0;0;0
FR;10;2021-07-05;0;0;0;0;0;0;0;0;0;0;0;0;0;0;0;0;0;0
FR;10;2021-07-06;0;0;0;0;0;0;0;0;0;0;0;0;0;0;0;0;0;0
FR;10;2021-07-07;0;0;0;0;0;0;0;0;0;0;0;0;0;0;0;0;0;0
FR;10;2021-07-08;0;0;0;0;0;0;0;0;0;0;0;0;0;0;0;0;0;0
FR;10;2021-07-09;0;0;0;0;0;0;0;0;0;0;0;0;0;0;0;0;0;0
FR;10;2021-07-10;0;0;0;0;0;0;0;0;0;0;0;0;0;0;0;0;0;0
FR;10;2021-07-11;0;0;0;0;0;0;0;0;0;0;0;0;0;0;0;0;0;0
FR;10;2021-07-12;0;0;0;0;0;0;0;0;0;0;0;0;0;0;0;0;0;0
FR;10;2021-07-13;0;0;0;0;0;0;0;0;0;0;0;0;0;0;0;0;0;0
FR;10;2021-07-14;0;0;0;0;0;0;0;0;0;0;0;0;0;0;0;0;0;0
FR;10;2021-07-15;0;0;0;0;0;0;0;0;0;0;0;0;0;0;0;0;0;0
FR;10;2021-07-16;0;0;0;0;0;0;0;0;0;0;0;0;0;0;0;0;0;0
FR;10;2021-07-17;0;0;0;0;0;0;0;0;0;0;0;0;0;0;0;0;0;0
FR;10;2021-07-18;0;0;0;0;0;0;0;0;0;0;0;0;0;0;0;0;0;0
FR;10;2021-07-19;0;0;0;0;0;0;0;0;0;0;0;0;0;0;0;0;0;0
FR;10;2021-07-20;0;0;0;0;0;0;0;0;0;0;0;0;0;0;0;0;0;0
FR;10;2021-07-21;0;0;0;0;0;0;0;0;0;0;0;0;0;0;0;0;0;0
FR;10;2021-07-22;0;0;0;0;0;0;0;0;0;0;0;0;0;0;0;0;0;0
FR;10;2021-07-23;0;0;0;0;0;0;0;0;0;0;0;0;0;0;0;0;0;0
FR;10;2021-07-24;0;0;0;0;0;0;0;0;0;0;0;0;0;0;0;0;0;0
FR;10;2021-07-25;0;0;0;0;0;0;0;0;0;0;0;0;0;0;0;0;0;0
FR;10;2021-07-26;0;0;0;0;0;0;0;0;0;0;0;0;0;0;0;0;0;0
FR;10;2021-07-27;0;0;0;0;0;0;0;0;0;0;0;0;0;0;0;0;0;0
FR;10;2021-07-28;0;0;0;0;0;0;0;0;0;0;0;0;0;0;0;0;0;0
FR;10;2021-07-29;0;0;0;0;0;0;0;0;0;0;0;0;0;0;0;0;0;0
FR;10;2021-07-30;0;0;0;0;0;0;0;0;0;0;0;0;0;0;0;0;0;0
FR;10;2021-07-31;0;0;0;0;0;0;0;0;0;0;0;0;0;0;0;0;0;0
FR;10;2021-08-01;0;0;0;0;0;0;0;0;0;0;0;0;0;0;0;0;0;0
FR;10;2021-08-02;0;0;0;0;0;0;0;0;0;0;0;0;0;0;0;0;0;0
FR;10;2021-08-03;0;0;0;0;0;0;0;0;0;0;0;0;0;0;0;0;0;0
FR;10;2021-08-04;0;0;0;0;0;0;0;0;0;0;0;0;0;0;0;0;0;0
FR;10;2021-08-05;0;0;0;0;0;0;0;0;0;0;0;0;0;0;0;0;0;0
FR;10;2021-08-06;0;0;0;0;0;0;0;0;0;0;0;0;0;0;0;0;0;0
FR;10;2021-08-07;0;0;0;0;0;0;0;0;0;0;0;0;0;0;0;0;0;0
FR;10;2021-08-08;0;0;0;0;0;0;0;0;0;0;0;0;0;0;0;0;0;0
FR;10;2021-08-09;0;0;0;0;0;0;0;0;0;0;0;0;0;0;0;0;0;0
FR;10;2021-08-10;0;0;0;0;0;0;0;0;0;0;0;0;0;0;0;0;0;0
FR;10;2021-08-11;0;0;0;0;0;0;0;0;0;0;0;0;0;0;0;0;0;0
FR;10;2021-08-12;0;0;0;0;0;0;0;0;0;0;0;0;0;0;0;0;0;0
FR;10;2021-08-13;0;0;0;0;0;0;0;0;0;0;0;0;0;0;0;0;0;0
FR;10;2021-08-14;0;0;0;0;0;0;0;0;0;0;0;0;0;0;0;0;0;0
FR;10;2021-08-15;0;0;0;0;0;0;0;0;0;0;0;0;0;0;0;0;0;0
FR;10;2021-08-16;0;0;0;0;0;0;0;0;0;0;0;0;0;0;0;0;0;0
FR;10;2021-08-17;0;0;0;0;0;0;0;0;0;0;0;0;0;0;0;0;0;0
FR;10;2021-08-18;0;0;0;0;0;0;0;0;0;0;0;0;0;0;0;0;0;0
FR;10;2021-08-19;0;0;0;0;0;0;0;0;0;0;0;0;0;0;0;0;0;0
FR;10;2021-08-20;0;0;0;0;0;0;0;0;0;0;0;0;0;0;0;0;0;0
FR;10;2021-08-21;0;0;0;0;0;0;0;0;0;0;0;0;0;0;0;0;0;0
FR;10;2021-08-22;0;0;0;0;0;0;0;0;0;0;0;0;0;0;0;0;0;0
FR;10;2021-08-23;0;0;0;0;0;0;0;0;0;0;0;0;0;0;0;0;0;0
FR;10;2021-08-24;0;0;0;0;0;0;0;0;0;0;0;0;0;0;0;0;0;0
FR;10;2021-08-25;0;0;0;0;0;0;0;0;0;0;0;0;0;0;0;0;0;0
FR;10;2021-08-26;0;0;0;0;0;0;0;0;0;0;0;0;0;0;0;0;0;0
FR;10;2021-08-27;0;0;0;0;0;0;0;0;0;0;0;0;0;0;0;0;0;0
FR;10;2021-08-28;0;0;0;0;0;0;0;0;0;0;0;0;0;0;0;0;0;0
FR;10;2021-08-29;0;0;0;0;0;0;0;0;0;0;0;0;0;0;0;0;0;0
FR;10;2021-08-30;0;0;0;0;0;0;0;0;0;0;0;0;0;0;0;0;0;0
FR;10;2021-08-31;0;0;0;0;0;0;0;0;0;0;0;0;0;0;0;0;0;0
FR;10;2021-09-01;0;0;0;0;0;0;0;0;0;0;0;0;0;0;0;0;0;0
FR;10;2021-09-02;0;0;0;0;0;0;0;0;0;0;0;0;0;0;0;0;0;0
FR;10;2021-09-03;0;0;0;0;0;0;0;0;0;0;0;0;0;0;0;0;0;0
FR;10;2021-09-04;0;0;0;0;0;0;0;0;0;0;0;0;0;0;0;0;0;0
FR;10;2021-09-05;0;0;0;0;0;0;0;0;0;0;0;0;0;0;0;0;0;0
FR;10;2021-09-06;0;0;0;0;0;0;0;0;0;0;0;0;0;0;0;0;0;0
FR;10;2021-09-07;0;0;0;0;0;0;0;0;0;0;0;0;0;0;0;0;0;0
FR;10;2021-09-08;0;0;0;0;0;0;0;0;0;0;0;0;0;0;0;0;0;0
FR;10;2021-09-09;0;0;0;0;0;0;0;0;0;0;0;0;0;0;0;0;0;0
FR;10;2021-09-10;0;0;0;0;0;0;0;0;0;0;0;0;0;0;0;0;0;0
FR;10;2021-09-11;0;0;0;0;0;0;0;0;0;0;0;0;0;0;0;0;0;0
FR;10;2021-09-12;0;0;0;0;0;0;0;0;0;0;0;0;0;0;0;0;0;0
FR;10;2021-09-13;0;0;0;0;0;0;0;0;0;0;0;0;0;0;0;0;0;0
FR;10;2021-09-14;0;0;0;0;0;0;0;0;0;0;0;0;0;0;0;0;0;0
FR;10;2021-09-15;0;0;0;0;0;0;0;0;0;0;0;0;0;0;0;0;0;0
FR;10;2021-09-16;0;0;0;0;0;0;0;0;0;0;0;0;0;0;0;0;0;0
FR;10;2021-09-17;0;0;0;0;0;0;0;0;0;0;0;0;0;0;0;0;0;0
FR;10;2021-09-18;0;0;0;0;0;0;0;0;0;0;0;0;0;0;0;0;0;0
FR;10;2021-09-19;0;0;0;0;0;0;0;0;0;0;0;0;0;0;0;0;0;0
FR;10;2021-09-20;0;0;0;0;0;0;0;0;0;0;0;0;0;0;0;0;0;0
FR;10;2021-09-21;0;0;0;0;0;0;0;0;0;0;0;0;0;0;0;0;0;0
FR;10;2021-09-22;0;0;0;0;0;0;0;0;0;0;0;0;0;0;0;0;0;0
FR;10;2021-09-23;0;0;0;0;0;0;0;0;0;0;0;0;0;0;0;0;0;0
FR;10;2021-09-24;0;0;0;0;0;0;0;0;0;0;0;0;0;0;0;0;0;0
FR;10;2021-09-25;0;0;0;0;0;0;0;0;0;0;0;0;0;0;0;0;0;0
FR;10;2021-09-26;0;0;0;0;0;0;0;0;0;0;0;0;0;0;0;0;0;0
FR;10;2021-09-27;0;0;0;0;0;0;0;0;0;0;0;0;0;0;0;0;0;0
FR;10;2021-09-28;0;0;0;0;0;0;0;0;0;0;0;0;0;0;0;0;0;0
FR;10;2021-09-29;0;0;0;0;0;0;0;0;0;0;0;0;0;0;0;0;0;0
FR;10;2021-09-30;0;0;0;0;0;0;0;0;0;0;0;0;0;0;0;0;0;0
FR;10;2021-10-01;0;0;0;0;0;0;0;0;0;0;0;0;0;0;0;0;0;0
FR;10;2021-10-02;0;0;0;0;0;0;0;0;0;0;0;0;0;0;0;0;0;0
FR;10;2021-10-03;0;0;0;0;0;0;0;0;0;0;0;0;0;0;0;0;0;0
FR;10;2021-10-04;0;0;0;0;0;0;0;0;0;0;0;0;0;0;0;0;0;0
FR;10;2021-10-05;0;0;0;0;0;0;0;0;0;0;0;0;0;0;0;0;0;0
FR;10;2021-10-06;0;0;0;0;0;0;0;0;0;0;0;0;0;0;0;0;0;0
FR;10;2021-10-07;0;0;0;0;0;0;0;0;0;0;0;0;0;0;0;0;0;0
FR;10;2021-10-08;0;0;0;0;0;0;0;0;0;0;0;0;0;0;0;0;0;0
FR;10;2021-10-09;0;0;0;0;0;0;0;0;0;0;0;0;0;0;0;0;0;0
FR;10;2021-10-10;0;0;0;0;0;0;0;0;0;0;0;0;0;0;0;0;0;0
FR;10;2021-10-11;0;0;0;0;0;0;0;0;0;0;0;0;0;0;0;0;0;0
FR;10;2021-10-12;0;0;0;0;0;0;0;0;0;0;0;0;0;0;0;0;0;0
FR;10;2021-10-13;0;0;0;0;0;0;0;0;0;0;0;0;0;0;0;0;0;0
FR;10;2021-10-14;0;0;0;0;0;0;0;0;0;0;0;0;0;0;0;0;0;0
FR;10;2021-10-15;0;0;0;0;0;0;0;0;0;0;0;0;0;0;0;0;0;0
FR;10;2021-10-16;0;0;0;0;0;0;0;0;0;0;0;0;0;0;0;0;0;0
FR;10;2021-10-17;0;0;0;0;0;0;0;0;0;0;0;0;0;0;0;0;0;0
FR;10;2021-10-18;0;0;0;0;0;0;0;0;0;0;0;0;0;0;0;0;0;0
FR;10;2021-10-19;0;0;0;0;0;0;0;0;0;0;0;0;0;0;0;0;0;0
FR;10;2021-10-20;0;0;0;0;0;0;0;0;0;0;0;0;0;0;0;0;0;0
FR;10;2021-10-21;0;0;0;0;0;0;0;0;0;0;0;0;0;0;0;0;0;0
FR;10;2021-10-22;0;0;0;0;0;0;0;0;0;0;0;0;0;0;0;0;0;0
FR;10;2021-10-23;0;0;0;0;0;0;0;0;0;0;0;0;0;0;0;0;0;0
FR;10;2021-10-24;0;0;0;0;0;0;0;0;0;0;0;0;0;0;0;0;0;0
FR;10;2021-10-25;0;0;0;0;0;0;0;0;0;0;0;0;0;0;0;0;0;0
FR;10;2021-10-26;0;0;0;0;0;0;0;0;0;0;0;0;0;0;0;0;0;0
FR;10;2021-10-27;0;0;0;0;0;0;0;0;0;0;0;0;0;0;0;0;0;0
FR;10;2021-10-28;0;0;0;0;0;0;0;0;0;0;0;0;0;0;0;0;0;0
FR;10;2021-10-29;0;0;0;0;0;0;0;0;0;0;0;0;0;0;0;0;0;0
FR;10;2021-10-30;0;0;0;0;0;0;0;0;0;0;0;0;0;0;0;0;0;0
FR;10;2021-10-31;0;0;0;0;0;0;0;0;0;0;0;0;0;0;0;0;0;0
FR;10;2021-11-01;0;0;0;0;0;0;0;0;0;0;0;0;0;0;0;0;0;0
FR;10;2021-11-02;0;0;0;0;0;0;0;0;0;0;0;0;0;0;0;0;0;0
FR;10;2021-11-03;0;0;0;0;0;0;0;0;0;0;0;0;0;0;0;0;0;0
FR;10;2021-11-04;0;0;0;0;0;0;0;0;0;0;0;0;0;0;0;0;0;0
FR;10;2021-11-05;0;0;0;0;0;0;0;0;0;0;0;0;0;0;0;0;0;0
FR;10;2021-11-06;0;0;0;0;0;0;0;0;0;0;0;0;0;0;0;0;0;0
FR;10;2021-11-07;0;0;0;0;0;0;0;0;0;0;0;0;0;0;0;0;0;0
FR;10;2021-11-08;0;0;0;0;0;0;0;0;0;0;0;0;0;0;0;0;0;0
FR;10;2021-11-09;0;0;0;0;0;0;0;0;0;0;0;0;0;0;0;0;0;0
FR;10;2021-11-10;0;0;0;0;0;0;0;0;0;0;0;0;0;0;0;0;0;0
FR;10;2021-11-11;0;0;0;0;0;0;0;0;0;0;0;0;0;0;0;0;0;0
FR;10;2021-11-12;0;0;0;0;0;0;0;0;0;0;0;0;0;0;0;0;0;0
FR;10;2021-11-13;0;0;0;0;0;0;0;0;0;0;0;0;0;0;0;0;0;0
FR;10;2021-11-14;0;0;0;0;0;0;0;0;0;0;0;0;0;0;0;0;0;0
FR;10;2021-11-15;0;0;0;0;0;0;0;0;0;0;0;0;0;0;0;0;0;0
FR;10;2021-11-16;0;0;0;0;0;0;0;0;0;0;0;0;0;0;0;0;0;0
FR;10;2021-11-17;0;0;0;0;0;0;0;0;0;0;0;0;0;0;0;0;0;0
FR;10;2021-11-18;0;0;0;0;0;0;0;0;0;0;0;0;0;0;0;0;0;0
FR;10;2021-11-19;0;0;0;0;0;0;0;0;0;0;0;0;0;0;0;0;0;0
FR;10;2021-11-20;0;0;0;0;0;0;0;0;0;0;0;0;0;0;0;0;0;0
FR;10;2021-11-21;0;0;0;0;0;0;0;0;0;0;0;0;0;0;0;0;0;0
FR;10;2021-11-22;0;0;0;0;0;0;0;0;0;0;0;0;0;0;0;0;0;0
FR;10;2021-11-23;0;0;0;0;0;0;0;0;0;0;0;0;0;0;0;0;0;0
FR;10;2021-11-24;0;0;0;0;0;0;0;0;0;0;0;0;0;0;0;0;0;0
FR;10;2021-11-25;0;0;0;0;0;0;0;0;0;0;0;0;0;0;0;0;0;0
FR;10;2021-11-26;0;0;0;0;0;0;0;0;0;0;0;0;0;0;0;0;0;0
FR;10;2021-11-27;0;0;0;0;0;0;0;0;0;0;0;0;0;0;0;0;0;0
FR;10;2021-11-28;0;0;0;0;0;0;0;0;0;0;0;0;0;0;0;0;0;0
FR;10;2021-11-29;0;0;0;0;0;0;0;0;0;0;0;0;0;0;0;0;0;0
FR;10;2021-11-30;0;0;0;0;0;0;0;0;0;0;0;0;0;0;0;0;0;0
FR;10;2021-12-01;0;0;0;0;0;0;0;0;0;0;0;0;0;0;0;0;0;0
FR;10;2021-12-02;0;0;0;0;0;0;0;0;0;0;0;0;0;0;0;0;0;0
FR;10;2021-12-03;0;0;0;0;0;0;0;0;0;0;0;0;0;0;0;0;0;0
FR;10;2021-12-04;0;0;0;0;0;0;0;0;0;0;0;0;0;0;0;0;0;0
FR;10;2021-12-05;0;0;0;0;0;0;0;0;0;0;0;0;0;0;0;0;0;0
FR;10;2021-12-06;0;0;0;0;0;0;0;0;0;0;0;0;0;0;0;0;0;0
FR;10;2021-12-07;0;0;0;0;0;0;0;0;0;0;0;0;0;0;0;0;0;0
FR;10;2021-12-08;0;0;0;0;0;0;0;0;0;0;0;0;0;0;0;0;0;0
FR;10;2021-12-09;0;0;0;0;0;0;0;0;0;0;0;0;0;0;0;0;0;0
FR;10;2021-12-10;0;0;0;0;0;0;0;0;0;0;0;0;0;0;0;0;0;0
FR;10;2021-12-11;0;0;0;0;0;0;0;0;0;0;0;0;0;0;0;0;0;0
FR;10;2021-12-12;0;0;0;0;0;0;0;0;0;0;0;0;0;0;0;0;0;0
FR;10;2021-12-13;0;0;0;0;0;0;0;0;0;0;0;0;0;0;0;0;0;0
FR;10;2021-12-14;0;0;0;0;0;0;0;0;0;0;0;0;0;0;0;0;0;0
FR;10;2021-12-15;0;0;0;0;0;0;0;0;0;0;0;0;0;0;0;0;0;0
FR;10;2021-12-16;0;0;0;0;0;0;0;0;0;0;0;0;0;0;0;0;0;0
FR;10;2021-12-17;0;0;0;0;0;0;0;0;0;0;0;0;0;0;0;0;0;0
FR;10;2021-12-18;0;0;0;0;0;0;0;0;0;0;0;0;0;0;0;0;0;0
FR;10;2021-12-19;0;0;0;0;0;0;0;0;0;0;0;0;0;0;0;0;0;0
FR;10;2021-12-20;0;0;0;0;0;0;0;0;0;0;0;0;0;0;0;0;0;0
FR;10;2021-12-21;0;0;0;0;0;0;0;0;0;0;0;0;0;0;0;0;0;0
FR;10;2021-12-22;0;0;0;0;0;0;0;0;0;0;0;0;0;0;0;0;0;0
FR;10;2021-12-23;0;0;0;0;0;0;0;0;0;0;0;0;0;0;0;0;0;0
FR;10;2021-12-24;0;0;0;0;0;0;0;0;0;0;0;0;0;0;0;0;0;0
FR;10;2021-12-25;0;0;0;0;0;0;0;0;0;0;0;0;0;0;0;0;0;0
FR;10;2021-12-26;0;0;0;0;0;0;0;0;0;0;0;0;0;0;0;0;0;0
FR;10;2021-12-27;0;0;0;0;0;0;0;0;0;0;0;0;0;0;0;0;0;0
FR;10;2021-12-28;0;0;0;0;0;0;0;0;0;0;0;0;0;0;0;0;0;0
FR;10;2021-12-29;0;0;0;0;0;0;0;0;0;0;0;0;0;0;0;0;0;0
FR;10;2021-12-30;0;0;0;0;0;0;0;0;0;0;0;0;0;0;0;0;0;0
FR;10;2021-12-31;0;0;0;0;0;0;0;0;0;0;0;0;0;0;0;0;0;0
FR;10;2022-01-01;0;0;0;0;0;0;0;0;0;0;0;0;0;0;0;0;0;0
FR;10;2022-01-02;0;0;0;0;0;0;0;0;0;0;0;0;0;0;0;0;0;0
FR;10;2022-01-03;0;0;0;0;0;0;0;0;0;0;0;0;0;0;0;0;0;0
FR;10;2022-01-04;0;0;0;0;0;0;0;0;0;0;0;0;0;0;0;0;0;0
FR;10;2022-01-05;0;0;0;0;0;0;0;0;0;0;0;0;0;0;0;0;0;0
FR;10;2022-01-06;0;0;0;0;0;0;0;0;0;0;0;0;0;0;0;0;0;0
FR;10;2022-01-07;0;0;0;0;0;0;0;0;0;0;0;0;0;0;0;0;0;0
FR;10;2022-01-08;0;0;0;0;0;0;0;0;0;0;0;0;0;0;0;0;0;0
FR;10;2022-01-09;0;0;0;0;0;0;0;0;0;0;0;0;0;0;0;0;0;0
FR;10;2022-01-10;0;0;0;0;0;0;0;0;0;0;0;0;0;0;0;0;0;0
FR;10;2022-01-11;0;0;0;0;0;0;0;0;0;0;0;0;0;0;0;0;0;0
FR;10;2022-01-12;0;0;0;0;0;0;0;0;0;0;0;0;0;0;0;0;0;0
FR;10;2022-01-13;0;0;0;0;0;0;0;0;0;0;0;0;0;0;0;0;0;0
FR;10;2022-01-14;0;0;0;0;0;0;0;0;0;0;0;0;0;0;0;0;0;0
FR;10;2022-01-15;0;0;0;0;0;0;0;0;0;0;0;0;0;0;0;0;0;0
FR;10;2022-01-16;0;0;0;0;0;0;0;0;0;0;0;0;0;0;0;0;0;0
FR;10;2022-01-17;0;0;0;0;0;0;0;0;0;0;0;0;0;0;0;0;0;0
FR;10;2022-01-18;0;0;0;0;0;0;0;0;0;0;0;0;0;0;0;0;0;0
FR;10;2022-01-19;0;0;0;0;0;0;0;0;0;0;0;0;0;0;0;0;0;0
FR;10;2022-01-20;0;0;0;0;0;0;0;0;0;0;0;0;0;0;0;0;0;0
FR;10;2022-01-21;0;0;0;0;0;0;0;0;0;0;0;0;0;0;0;0;0;0
FR;10;2022-01-22;0;0;0;0;0;0;0;0;0;0;0;0;0;0;0;0;0;0
FR;10;2022-01-23;0;0;0;0;0;0;0;0;0;0;0;0;0;0;0;0;0;0
FR;10;2022-01-24;0;0;0;0;0;0;0;0;0;0;0;0;0;0;0;0;0;0
FR;10;2022-01-25;0;0;0;0;0;0;0;0;0;0;0;0;0;0;0;0;0;0
FR;10;2022-01-26;0;0;0;0;0;0;0;0;0;0;0;0;0;0;0;0;0;0
FR;10;2022-01-27;0;0;0;0;0;0;0;0;0;0;0;0;0;0;0;0;0;0
FR;10;2022-01-28;0;0;0;0;0;0;0;0;0;0;0;0;0;0;0;0;0;0
FR;10;2022-01-29;0;0;0;0;0;0;0;0;0;0;0;0;0;0;0;0;0;0
FR;10;2022-01-30;0;0;0;0;0;0;0;0;0;0;0;0;0;0;0;0;0;0
FR;10;2022-01-31;0;0;0;0;0;0;0;0;0;0;0;0;0;0;0;0;0;0
FR;10;2022-02-01;0;0;0;0;0;0;0;0;0;0;0;0;0;0;0;0;0;0
FR;10;2022-02-02;0;0;0;0;0;0;0;0;0;0;0;0;0;0;0;0;0;0
FR;10;2022-02-03;0;0;0;0;0;0;0;0;0;0;0;0;0;0;0;0;0;0
FR;10;2022-02-04;0;0;0;0;0;0;0;0;0;0;0;0;0;0;0;0;0;0
FR;10;2022-02-05;0;0;0;0;0;0;0;0;0;0;0;0;0;0;0;0;0;0
FR;10;2022-02-06;0;0;0;0;0;0;0;0;0;0;0;0;0;0;0;0;0;0
FR;10;2022-02-07;0;0;0;0;0;0;0;0;0;0;0;0;0;0;0;0;0;0
FR;10;2022-02-08;0;0;0;0;0;0;0;0;0;0;0;0;0;0;0;0;0;0
FR;10;2022-02-09;0;0;0;0;0;0;0;0;0;0;0;0;0;0;0;0;0;0
FR;10;2022-02-10;0;0;0;0;0;0;0;0;0;0;0;0;0;0;0;0;0;0
FR;10;2022-02-11;0;0;0;0;0;0;0;0;0;0;0;0;0;0;0;0;0;0
FR;10;2022-02-12;0;0;0;0;0;0;0;0;0;0;0;0;0;0;0;0;0;0
FR;10;2022-02-13;0;0;0;0;0;0;0;0;0;0;0;0;0;0;0;0;0;0
FR;10;2022-02-14;0;0;0;0;0;0;0;0;0;0;0;0;0;0;0;0;0;0
FR;10;2022-02-15;0;0;0;0;0;0;0;0;0;0;0;0;0;0;0;0;0;0
FR;10;2022-02-16;0;0;0;0;0;0;0;0;0;0;0;0;0;0;0;0;0;0
FR;10;2022-02-17;0;0;0;0;0;0;0;0;0;0;0;0;0;0;0;0;0;0
FR;10;2022-02-18;0;0;0;0;0;0;0;0;0;0;0;0;0;0;0;0;0;0
FR;10;2022-02-19;0;0;0;0;0;0;0;0;0;0;0;0;0;0;0;0;0;0
FR;10;2022-02-20;0;0;0;0;0;0;0;0;0;0;0;0;0;0;0;0;0;0
FR;10;2022-02-21;0;0;0;0;0;0;0;0;0;0;0;0;0;0;0;0;0;0
FR;10;2022-02-22;0;0;0;0;0;0;0;0;0;0;0;0;0;0;0;0;0;0
FR;10;2022-02-23;0;0;0;0;0;0;0;0;0;0;0;0;0;0;0;0;0;0
FR;10;2022-02-24;0;0;0;0;0;0;0;0;0;0;0;0;0;0;0;0;0;0
FR;10;2022-02-25;0;0;0;0;0;0;0;0;0;0;0;0;0;0;0;0;0;0
FR;10;2022-02-26;0;0;0;0;0;0;0;0;0;0;0;0;0;0;0;0;0;0
FR;10;2022-02-27;0;0;0;0;0;0;0;0;0;0;0;0;0;0;0;0;0;0
FR;10;2022-02-28;0;0;0;0;0;0;0;0;0;0;0;0;0;0;0;0;0;0
FR;10;2022-03-01;0;0;0;0;0;0;0;0;0;0;0;0;0;0;0;0;0;0
FR;10;2022-03-02;0;0;0;0;0;0;0;0;0;0;0;0;0;0;0;0;0;0
FR;10;2022-03-03;0;0;0;0;0;0;0;0;0;0;0;0;0;0;0;0;0;0
FR;10;2022-03-04;0;0;0;0;0;0;0;0;0;0;0;0;0;0;0;0;0;0
FR;10;2022-03-05;0;0;0;0;0;0;0;0;0;0;0;0;0;0;0;0;0;0
FR;10;2022-03-06;0;0;0;0;0;0;0;0;0;0;0;0;0;0;0;0;0;0
FR;10;2022-03-07;0;0;0;0;0;0;0;0;0;0;0;0;0;0;0;0;0;0
FR;10;2022-03-08;0;0;0;0;0;0;0;0;0;0;0;0;0;0;0;0;0;0
FR;10;2022-03-09;0;0;0;0;0;0;0;0;0;0;0;0;0;0;0;0;0;0
FR;10;2022-03-10;0;0;0;0;0;0;0;0;0;0;0;0;0;0;0;0;0;0
FR;10;2022-03-11;0;0;0;0;0;0;0;0;0;0;0;0;0;0;0;0;0;0
FR;10;2022-03-12;0;0;0;0;0;0;0;0;0;0;0;0;0;0;0;0;0;0
FR;10;2022-03-13;0;0;0;0;0;0;0;0;0;0;0;0;0;0;0;0;0;0
FR;10;2022-03-14;0;0;0;0;0;0;0;0;0;0;0;0;0;0;0;0;0;0
FR;10;2022-03-15;0;0;0;0;0;0;0;0;0;0;0;0;0;0;0;0;0;0
FR;10;2022-03-16;0;0;0;0;0;0;0;0;0;0;0;0;0;0;0;0;0;0
FR;10;2022-03-17;0;0;0;0;0;0;0;0;0;0;0;0;0;0;0;0;0;0
FR;10;2022-03-18;0;0;0;0;0;0;0;0;0;0;0;0;0;0;0;0;0;0
FR;10;2022-03-19;0;0;0;0;0;0;0;0;0;0;0;0;0;0;0;0;0;0
FR;10;2022-03-20;0;0;0;0;0;0;0;0;0;0;0;0;0;0;0;0;0;0
FR;10;2022-03-21;0;0;0;0;0;0;0;0;0;0;0;0;0;0;0;0;0;0
FR;10;2022-03-22;0;0;0;0;0;0;0;0;0;0;0;0;0;0;0;0;0;0
FR;10;2022-03-23;0;0;0;0;0;0;0;0;0;0;0;0;0;0;0;0;0;0
FR;10;2022-03-24;0;0;0;0;0;0;0;0;0;0;0;0;0;0;0;0;0;0
FR;10;2022-03-25;0;0;0;0;0;0;0;0;0;0;0;0;0;0;0;0;0;0
FR;10;2022-03-26;0;0;0;0;0;0;0;0;0;0;0;0;0;0;0;0;0;0
FR;10;2022-03-27;0;0;0;0;0;0;0;0;0;0;0;0;0;0;0;0;0;0
FR;10;2022-03-28;0;0;0;0;0;0;0;0;0;0;0;0;0;0;0;0;0;0
FR;10;2022-03-29;0;0;0;0;0;0;0;0;0;0;0;0;0;0;0;0;0;0
FR;10;2022-03-30;0;0;0;0;0;0;0;0;0;0;0;0;0;0;0;0;0;0
FR;10;2022-03-31;0;0;0;0;0;0;0;0;0;0;0;0;0;0;0;0;0;0
FR;10;2022-04-01;0;0;0;0;0;0;0;0;0;0;0;0;0;0;0;0;0;0
FR;10;2022-04-02;0;0;0;0;0;0;0;0;0;0;0;0;0;0;0;0;0;0
FR;10;2022-04-03;0;0;0;0;0;0;0;0;0;0;0;0;0;0;0;0;0;0
FR;10;2022-04-04;0;0;0;0;0;0;0;0;0;0;0;0;0;0;0;0;0;0
FR;10;2022-04-05;0;0;0;0;0;0;0;0;0;0;0;0;0;0;0;0;0;0
FR;10;2022-04-06;0;0;0;0;0;0;0;0;0;0;0;0;0;0;0;0;0;0
FR;10;2022-04-07;0;0;0;0;0;0;0;0;0;0;0;0;0;0;0;0;0;0
FR;10;2022-04-08;0;0;0;0;0;0;0;0;0;0;0;0;0;0;0;0;0;0
FR;10;2022-04-09;0;0;0;0;0;0;0;0;0;0;0;0;0;0;0;0;0;0
FR;10;2022-04-10;0;0;0;0;0;0;0;0;0;0;0;0;0;0;0;0;0;0
FR;10;2022-04-11;0;0;0;0;0;0;0;0;0;0;0;0;0;0;0;0;0;0
FR;10;2022-04-12;0;0;0;0;0;0;0;0;0;0;0;0;0;0;0;0;0;0
FR;10;2022-04-13;0;0;0;0;0;0;0;0;0;0;0;0;0;0;0;0;0;0
FR;10;2022-04-14;0;0;0;0;0;0;0;0;0;0;0;0;0;0;0;0;0;0
FR;10;2022-04-15;0;0;0;0;0;0;0;0;0;0;0;0;0;0;0;0;0;0
FR;10;2022-04-16;0;0;0;0;0;0;0;0;0;0;0;0;0;0;0;0;0;0
FR;10;2022-04-17;0;0;0;0;0;0;0;0;0;0;0;0;0;0;0;0;0;0
FR;10;2022-04-18;0;0;0;0;0;0;0;0;0;0;0;0;0;0;0;0;0;0
FR;10;2022-04-19;0;0;0;0;0;0;0;0;0;0;0;0;0;0;0;0;0;0
FR;10;2022-04-20;0;0;0;0;0;0;0;0;0;0;0;0;0;0;0;0;0;0
FR;10;2022-04-21;0;0;0;0;0;0;0;0;0;0;0;0;0;0;0;0;0;0
FR;10;2022-04-22;0;0;0;0;0;0;0;0;0;0;0;0;0;0;0;0;0;0
FR;10;2022-04-23;0;0;0;0;0;0;0;0;0;0;0;0;0;0;0;0;0;0
FR;10;2022-04-24;0;0;0;0;0;0;0;0;0;0;0;0;0;0;0;0;0;0
FR;10;2022-04-25;0;0;0;0;0;0;0;0;0;0;0;0;0;0;0;0;0;0
FR;10;2022-04-26;0;0;0;0;0;0;0;0;0;0;0;0;0;0;0;0;0;0
FR;10;2022-04-27;0;0;0;0;0;0;0;0;0;0;0;0;0;0;0;0;0;0
FR;10;2022-04-28;0;0;0;0;0;0;0;0;0;0;0;0;0;0;0;0;0;0
FR;10;2022-04-29;0;0;0;0;0;0;0;0;0;0;0;0;0;0;0;0;0;0
FR;10;2022-04-30;0;0;0;0;0;0;0;0;0;0;0;0;0;0;0;0;0;0
FR;10;2022-05-01;0;0;0;0;0;0;0;0;0;0;0;0;0;0;0;0;0;0
FR;10;2022-05-02;0;0;0;0;0;0;0;0;0;0;0;0;0;0;0;0;0;0
FR;10;2022-05-03;0;0;0;0;0;0;0;0;0;0;0;0;0;0;0;0;0;0
FR;10;2022-05-04;0;0;0;0;0;0;0;0;0;0;0;0;0;0;0;0;0;0
FR;10;2022-05-05;0;0;0;0;0;0;0;0;0;0;0;0;0;0;0;0;0;0
FR;10;2022-05-06;0;0;0;0;0;0;0;0;0;0;0;0;0;0;0;0;0;0
FR;10;2022-05-07;0;0;0;0;0;0;0;0;0;0;0;0;0;0;0;0;0;0
FR;10;2022-05-08;0;0;0;0;0;0;0;0;0;0;0;0;0;0;0;0;0;0
FR;10;2022-05-09;0;0;0;0;0;0;0;0;0;0;0;0;0;0;0;0;0;0
FR;10;2022-05-10;0;0;0;0;0;0;0;0;0;0;0;0;0;0;0;0;0;0
FR;10;2022-05-11;0;0;0;0;0;0;0;0;0;0;0;0;0;0;0;0;0;0
FR;10;2022-05-12;0;0;0;0;0;0;0;0;0;0;0;0;0;0;0;0;0;0
FR;10;2022-05-13;0;0;0;0;0;0;0;0;0;0;0;0;0;0;0;0;0;0
FR;10;2022-05-14;0;0;0;0;0;0;0;0;0;0;0;0;0;0;0;0;0;0
FR;10;2022-05-15;0;0;0;0;0;0;0;0;0;0;0;0;0;0;0;0;0;0
FR;10;2022-05-16;0;0;0;0;0;0;0;0;0;0;0;0;0;0;0;0;0;0
FR;10;2022-05-17;0;0;0;0;0;0;0;0;0;0;0;0;0;0;0;0;0;0
FR;10;2022-05-18;0;0;0;0;0;0;0;0;0;0;0;0;0;0;0;0;0;0
FR;10;2022-05-19;0;0;0;0;0;0;0;0;0;0;0;0;0;0;0;0;0;0
FR;10;2022-05-20;0;0;0;0;0;0;0;0;0;0;0;0;0;0;0;0;0;0
FR;10;2022-05-21;0;0;0;0;0;0;0;0;0;0;0;0;0;0;0;0;0;0
FR;10;2022-05-22;0;0;0;0;0;0;0;0;0;0;0;0;0;0;0;0;0;0
FR;10;2022-05-23;0;0;0;0;0;0;0;0;0;0;0;0;0;0;0;0;0;0
FR;10;2022-05-24;0;0;0;0;0;0;0;0;0;0;0;0;0;0;0;0;0;0
FR;10;2022-05-25;0;0;0;0;0;0;0;0;0;0;0;0;0;0;0;0;0;0
FR;10;2022-05-26;0;0;0;0;0;0;0;0;0;0;0;0;0;0;0;0;0;0
FR;10;2022-05-27;0;0;0;0;0;0;0;0;0;0;0;0;0;0;0;0;0;0
FR;10;2022-05-28;0;0;0;0;0;0;0;0;0;0;0;0;0;0;0;0;0;0
FR;10;2022-05-29;0;0;0;0;0;0;0;0;0;0;0;0;0;0;0;0;0;0
FR;10;2022-05-30;0;0;0;0;0;0;0;0;0;0;0;0;0;0;0;0;0;0
FR;10;2022-05-31;0;0;0;0;0;0;0;0;0;0;0;0;0;0;0;0;0;0
FR;10;2022-06-01;0;0;0;0;0;0;0;0;0;0;0;0;0;0;0;0;0;0
FR;10;2022-06-02;0;0;0;0;0;0;0;0;0;0;0;0;0;0;0;0;0;0
FR;10;2022-06-03;0;0;0;0;0;0;0;0;0;0;0;0;0;0;0;0;0;0
FR;10;2022-06-04;0;0;0;0;0;0;0;0;0;0;0;0;0;0;0;0;0;0
FR;10;2022-06-05;0;0;0;0;0;0;0;0;0;0;0;0;0;0;0;0;0;0
FR;10;2022-06-06;0;0;0;0;0;0;0;0;0;0;0;0;0;0;0;0;0;0
FR;10;2022-06-07;0;0;0;0;0;0;0;0;0;0;0;0;0;0;0;0;0;0
FR;10;2022-06-08;0;0;0;0;0;0;0;0;0;0;0;0;0;0;0;0;0;0
FR;10;2022-06-09;0;0;0;0;0;0;0;0;0;0;0;0;0;0;0;0;0;0
FR;10;2022-06-10;0;0;0;0;0;0;0;0;0;0;0;0;0;0;0;0;0;0
FR;10;2022-06-11;0;0;0;0;0;0;0;0;0;0;0;0;0;0;0;0;0;0
FR;10;2022-06-12;0;0;0;0;0;0;0;0;0;0;0;0;0;0;0;0;0;0
FR;10;2022-06-13;0;0;0;0;0;0;0;0;0;0;0;0;0;0;0;0;0;0
FR;10;2022-06-14;0;0;0;0;0;0;0;0;0;0;0;0;0;0;0;0;0;0
FR;10;2022-06-15;0;0;0;0;0;0;0;0;0;0;0;0;0;0;0;0;0;0
FR;10;2022-06-16;0;0;0;0;0;0;0;0;0;0;0;0;0;0;0;0;0;0
FR;10;2022-06-17;0;0;0;0;0;0;0;0;0;0;0;0;0;0;0;0;0;0
FR;10;2022-06-18;0;0;0;0;0;0;0;0;0;0;0;0;0;0;0;0;0;0
FR;10;2022-06-19;0;0;0;0;0;0;0;0;0;0;0;0;0;0;0;0;0;0
FR;10;2022-06-20;0;0;0;0;0;0;0;0;0;0;0;0;0;0;0;0;0;0
FR;10;2022-06-21;0;0;0;0;0;0;0;0;0;0;0;0;0;0;0;0;0;0
FR;10;2022-06-22;0;0;0;0;0;0;0;0;0;0;0;0;0;0;0;0;0;0
FR;10;2022-06-23;0;0;0;0;0;0;0;0;0;0;0;0;0;0;0;0;0;0
FR;10;2022-06-24;0;0;0;0;0;0;0;0;0;0;0;0;0;0;0;0;0;0
FR;10;2022-06-25;0;0;0;0;0;0;0;0;0;0;0;0;0;0;0;0;0;0
FR;10;2022-06-26;0;0;0;0;0;0;0;0;0;0;0;0;0;0;0;0;0;0
FR;10;2022-06-27;0;0;0;0;0;0;0;0;0;0;0;0;0;0;0;0;0;0
FR;10;2022-06-28;0;0;0;0;0;0;0;0;0;0;0;0;0;0;0;0;0;0
FR;10;2022-06-29;0;0;0;0;0;0;0;0;0;0;0;0;0;0;0;0;0;0
FR;10;2022-06-30;0;0;0;0;0;0;0;0;0;0;0;0;0;0;0;0;0;0
FR;10;2022-07-01;0;0;0;0;0;0;0;0;0;0;0;0;0;0;0;0;0;0
FR;10;2022-07-02;0;0;0;0;0;0;0;0;0;0;0;0;0;0;0;0;0;0
FR;10;2022-07-03;0;0;0;0;0;0;0;0;0;0;0;0;0;0;0;0;0;0
FR;10;2022-07-04;0;0;0;0;0;0;0;0;0;0;0;0;0;0;0;0;0;0
FR;10;2022-07-05;0;0;0;0;0;0;0;0;0;0;0;0;0;0;0;0;0;0
FR;10;2022-07-06;0;0;0;0;0;0;0;0;0;0;0;0;0;0;0;0;0;0
FR;10;2022-07-07;0;0;0;0;0;0;0;0;0;0;0;0;0;0;0;0;0;0
FR;10;2022-07-08;0;0;0;0;0;0;0;0;0;0;0;0;0;0;0;0;0;0
FR;10;2022-07-09;0;0;0;0;0;0;0;0;0;0;0;0;0;0;0;0;0;0
FR;10;2022-07-10;0;0;0;0;0;0;0;0;0;0;0;0;0;0;0;0;0;0
FR;10;2022-07-11;0;0;0;0;0;0;0;0;0;0;0;0;0;0;0;0;0;0
FR;10;2022-07-12;0;0;0;0;0;0;0;0;0;0;0;0;0;0;0;0;0;0
FR;10;2022-07-13;0;0;0;0;0;0;0;0;0;0;0;0;0;0;0;0;0;0
FR;10;2022-07-14;0;0;0;0;0;0;0;0;0;0;0;0;0;0;0;0;0;0
FR;10;2022-07-15;0;0;0;0;0;0;0;0;0;0;0;0;0;0;0;0;0;0
FR;10;2022-07-16;0;0;0;0;0;0;0;0;0;0;0;0;0;0;0;0;0;0
FR;10;2022-07-17;0;0;0;0;0;0;0;0;0;0;0;0;0;0;0;0;0;0
FR;10;2022-07-18;0;0;0;0;0;0;0;0;0;0;0;0;0;0;0;0;0;0
FR;10;2022-07-19;0;0;0;0;0;0;0;0;0;0;0;0;0;0;0;0;0;0
FR;10;2022-07-20;0;0;0;0;0;0;0;0;0;0;0;0;0;0;0;0;0;0
FR;10;2022-07-21;0;0;0;0;0;0;0;0;0;0;0;0;0;0;0;0;0;0
FR;10;2022-07-22;0;0;0;0;0;0;0;0;0;0;0;0;0;0;0;0;0;0
FR;10;2022-07-23;0;0;0;0;0;0;0;0;0;0;0;0;0;0;0;0;0;0
FR;10;2022-07-24;0;0;0;0;0;0;0;0;0;0;0;0;0;0;0;0;0;0
FR;10;2022-07-25;0;0;0;0;0;0;0;0;0;0;0;0;0;0;0;0;0;0
FR;10;2022-07-26;0;0;0;0;0;0;0;0;0;0;0;0;0;0;0;0;0;0
FR;10;2022-07-27;0;0;0;0;0;0;0;0;0;0;0;0;0;0;0;0;0;0
FR;10;2022-07-28;0;0;0;0;0;0;0;0;0;0;0;0;0;0;0;0;0;0
FR;10;2022-07-29;0;0;0;0;0;0;0;0;0;0;0;0;0;0;0;0;0;0
FR;10;2022-07-30;0;0;0;0;0;0;0;0;0;0;0;0;0;0;0;0;0;0
FR;10;2022-07-31;0;0;0;0;0;0;0;0;0;0;0;0;0;0;0;0;0;0
FR;10;2022-08-01;0;0;0;0;0;0;0;0;0;0;0;0;0;0;0;0;0;0
FR;10;2022-08-02;0;0;0;0;0;0;0;0;0;0;0;0;0;0;0;0;0;0
FR;10;2022-08-03;0;0;0;0;0;0;0;0;0;0;0;0;0;0;0;0;0;0
FR;10;2022-08-04;0;0;0;0;0;0;0;0;0;0;0;0;0;0;0;0;0;0
FR;10;2022-08-05;0;0;0;0;0;0;0;0;0;0;0;0;0;0;0;0;0;0
FR;10;2022-08-06;0;0;0;0;0;0;0;0;0;0;0;0;0;0;0;0;0;0
FR;10;2022-08-07;0;0;0;0;0;0;0;0;0;0;0;0;0;0;0;0;0;0
FR;10;2022-08-08;0;0;0;0;0;0;0;0;0;0;0;0;0;0;0;0;0;0
FR;10;2022-08-09;0;0;0;0;0;0;0;0;0;0;0;0;0;0;0;0;0;0
FR;10;2022-08-10;0;0;0;0;0;0;0;0;0;0;0;0;0;0;0;0;0;0
FR;10;2022-08-11;0;0;0;0;0;0;0;0;0;0;0;0;0;0;0;0;0;0
FR;10;2022-08-12;0;0;0;0;0;0;0;0;0;0;0;0;0;0;0;0;0;0
FR;10;2022-08-13;0;0;0;0;0;0;0;0;0;0;0;0;0;0;0;0;0;0
FR;10;2022-08-14;0;0;0;0;0;0;0;0;0;0;0;0;0;0;0;0;0;0
FR;10;2022-08-15;0;0;0;0;0;0;0;0;0;0;0;0;0;0;0;0;0;0
FR;10;2022-08-16;0;0;0;0;0;0;0;0;0;0;0;0;0;0;0;0;0;0
FR;10;2022-08-17;0;0;0;0;0;0;0;0;0;0;0;0;0;0;0;0;0;0
FR;10;2022-08-18;0;0;0;0;0;0;0;0;0;0;0;0;0;0;0;0;0;0
FR;10;2022-08-19;0;0;0;0;0;0;0;0;0;0;0;0;0;0;0;0;0;0
FR;10;2022-08-20;0;0;0;0;0;0;0;0;0;0;0;0;0;0;0;0;0;0
FR;10;2022-08-21;0;0;0;0;0;0;0;0;0;0;0;0;0;0;0;0;0;0
FR;10;2022-08-22;0;0;0;0;0;0;0;0;0;0;0;0;0;0;0;0;0;0
FR;10;2022-08-23;0;0;0;0;0;0;0;0;0;0;0;0;0;0;0;0;0;0
FR;10;2022-08-24;0;0;0;0;0;0;0;0;0;0;0;0;0;0;0;0;0;0
FR;10;2022-08-25;0;0;0;0;0;0;0;0;0;0;0;0;0;0;0;0;0;0
FR;10;2022-08-26;0;0;0;0;0;0;0;0;0;0;0;0;0;0;0;0;0;0
FR;10;2022-08-27;0;0;0;0;0;0;0;0;0;0;0;0;0;0;0;0;0;0
FR;10;2022-08-28;0;0;0;0;0;0;0;0;0;0;0;0;0;0;0;0;0;0
FR;10;2022-08-29;0;0;0;0;0;0;0;0;0;0;0;0;0;0;0;0;0;0
FR;10;2022-08-30;0;0;0;0;0;0;0;0;0;0;0;0;0;0;0;0;0;0
FR;10;2022-08-31;0;0;0;0;0;0;0;0;0;0;0;0;0;0;0;0;0;0
FR;10;2022-09-01;0;0;0;0;0;0;0;0;0;0;0;0;0;0;0;0;0;0
FR;10;2022-09-02;0;0;0;0;0;0;0;0;0;0;0;0;0;0;0;0;0;0
FR;10;2022-09-03;0;0;0;0;0;0;0;0;0;0;0;0;0;0;0;0;0;0
FR;10;2022-09-04;0;0;0;0;0;0;0;0;0;0;0;0;0;0;0;0;0;0
FR;10;2022-09-05;0;0;0;0;0;0;0;0;0;0;0;0;0;0;0;0;0;0
FR;10;2022-09-06;0;0;0;0;0;0;0;0;0;0;0;0;0;0;0;0;0;0
FR;10;2022-09-07;0;0;0;0;0;0;0;0;0;0;0;0;0;0;0;0;0;0
FR;10;2022-09-08;0;0;0;0;0;0;0;0;0;0;0;0;0;0;0;0;0;0
FR;10;2022-09-09;0;0;0;0;0;0;0;0;0;0;0;0;0;0;0;0;0;0
FR;10;2022-09-10;0;0;0;0;0;0;0;0;0;0;0;0;0;0;0;0;0;0
FR;10;2022-09-11;0;0;0;0;0;0;0;0;0;0;0;0;0;0;0;0;0;0
FR;10;2022-09-12;0;0;0;0;0;0;0;0;0;0;0;0;0;0;0;0;0;0
FR;10;2022-09-13;0;0;0;0;0;0;0;0;0;0;0;0;0;0;0;0;0;0
FR;10;2022-09-14;0;0;0;0;0;0;0;0;0;0;0;0;0;0;0;0;0;0
FR;10;2022-09-15;0;0;0;0;0;0;0;0;0;0;0;0;0;0;0;0;0;0
FR;10;2022-09-16;0;0;0;0;0;0;0;0;0;0;0;0;0;0;0;0;0;0
FR;10;2022-09-17;0;0;0;0;0;0;0;0;0;0;0;0;0;0;0;0;0;0
FR;10;2022-09-18;0;0;0;0;0;0;0;0;0;0;0;0;0;0;0;0;0;0
FR;10;2022-09-19;0;0;0;0;0;0;0;0;0;0;0;0;0;0;0;0;0;0
FR;10;2022-09-20;0;0;0;0;0;0;0;0;0;0;0;0;0;0;0;0;0;0
FR;10;2022-09-21;0;0;0;0;0;0;0;0;0;0;0;0;0;0;0;0;0;0
FR;10;2022-09-22;0;0;0;0;0;0;0;0;0;0;0;0;0;0;0;0;0;0
FR;10;2022-09-23;0;0;0;0;0;0;0;0;0;0;0;0;0;0;0;0;0;0
FR;10;2022-09-24;0;0;0;0;0;0;0;0;0;0;0;0;0;0;0;0;0;0
FR;10;2022-09-25;0;0;0;0;0;0;0;0;0;0;0;0;0;0;0;0;0;0
FR;10;2022-09-26;0;0;0;0;0;0;0;0;0;0;0;0;0;0;0;0;0;0
FR;10;2022-09-27;0;0;0;0;0;0;0;0;0;0;0;0;0;0;0;0;0;0
FR;10;2022-09-28;0;0;0;0;0;0;0;0;0;0;0;0;0;0;0;0;0;0
FR;10;2022-09-29;0;0;0;0;0;0;0;0;0;0;0;0;0;0;0;0;0;0
FR;10;2022-09-30;0;0;0;0;0;0;0;0;0;0;0;0;0;0;0;0;0;0
FR;10;2022-10-01;0;0;0;0;0;0;0;0;0;0;0;0;0;0;0;0;0;0
FR;10;2022-10-02;0;0;0;0;0;0;0;0;0;0;0;0;0;0;0;0;0;0
FR;10;2022-10-03;0;0;0;0;0;0;0;0;0;0;0;0;0;0;0;0;0;0
FR;10;2022-10-04;0;0;0;0;0;0;0;0;0;0;0;0;0;0;0;0;0;0
FR;10;2022-10-05;0;0;0;0;0;0;0;0;0;0;0;0;0;0;0;0;0;0
FR;10;2022-10-06;0;0;0;0;0;0;0;0;0;0;0;0;0;0;0;0;0;0
FR;10;2022-10-07;0;0;0;0;0;0;0;0;0;0;0;0;0;0;0;0;0;0
FR;10;2022-10-08;0;0;0;0;0;0;0;0;0;0;0;0;0;0;0;0;0;0
FR;10;2022-10-09;0;0;0;0;0;0;0;0;0;0;0;0;0;0;0;0;0;0
FR;10;2022-10-10;0;0;0;0;0;0;0;0;0;0;0;0;0;0;0;0;0;0
FR;10;2022-10-11;0;0;0;0;0;0;0;0;0;0;0;0;0;0;0;0;0;0
FR;10;2022-10-12;0;0;0;0;0;0;0;0;0;0;0;0;0;0;0;0;0;0
FR;10;2022-10-13;0;0;0;0;0;0;0;0;0;0;0;0;0;0;0;0;0;0
FR;10;2022-10-14;0;0;0;0;0;0;0;0;0;0;0;0;0;0;0;0;0;0
FR;10;2022-10-15;0;0;0;0;0;0;0;0;0;0;0;0;0;0;0;0;0;0
FR;10;2022-10-16;0;0;0;0;0;0;0;0;0;0;0;0;0;0;0;0;0;0
FR;10;2022-10-17;0;0;0;0;0;0;0;0;0;0;0;0;0;0;0;0;0;0
FR;10;2022-10-18;0;0;0;0;0;0;0;0;0;0;0;0;0;0;0;0;0;0
FR;10;2022-10-19;0;0;0;0;0;0;0;0;0;0;0;0;0;0;0;0;0;0
FR;10;2022-10-20;0;0;0;0;0;0;0;0;0;0;0;0;0;0;0;0;0;0
FR;10;2022-10-21;0;0;0;0;0;0;0;0;0;0;0;0;0;0;0;0;0;0
FR;10;2022-10-22;0;0;0;0;0;0;0;0;0;0;0;0;0;0;0;0;0;0
FR;10;2022-10-23;0;0;0;0;0;0;0;0;0;0;0;0;0;0;0;0;0;0
FR;10;2022-10-24;0;0;0;0;0;0;0;0;0;0;0;0;0;0;0;0;0;0
FR;10;2022-10-25;0;0;0;0;0;0;0;0;0;0;0;0;0;0;0;0;0;0
FR;10;2022-10-26;0;0;0;0;0;0;0;0;0;0;0;0;0;0;0;0;0;0
FR;10;2022-10-27;0;0;0;0;0;0;0;0;0;0;0;0;0;0;0;0;0;0
FR;10;2022-10-28;0;0;0;0;0;0;0;0;0;0;0;0;0;0;0;0;0;0
FR;10;2022-10-29;0;0;0;0;0;0;0;0;0;0;0;0;0;0;0;0;0;0
FR;10;2022-10-30;0;0;0;0;0;0;0;0;0;0;0;0;0;0;0;0;0;0
FR;10;2022-10-31;0;0;0;0;0;0;0;0;0;0;0;0;0;0;0;0;0;0
FR;10;2022-11-01;0;0;0;0;0;0;0;0;0;0;0;0;0;0;0;0;0;0
FR;10;2022-11-02;0;0;0;0;0;0;0;0;0;0;0;0;0;0;0;0;0;0
FR;10;2022-11-03;0;0;0;0;0;0;0;0;0;0;0;0;0;0;0;0;0;0
FR;10;2022-11-04;0;0;0;0;0;0;0;0;0;0;0;0;0;0;0;0;0;0
FR;10;2022-11-05;0;0;0;0;0;0;0;0;0;0;0;0;0;0;0;0;0;0
FR;10;2022-11-06;0;0;0;0;0;0;0;0;0;0;0;0;0;0;0;0;0;0
FR;10;2022-11-07;0;0;0;0;0;0;0;0;0;0;0;0;0;0;0;0;0;0
FR;10;2022-11-08;0;0;0;0;0;0;0;0;0;0;0;0;0;0;0;0;0;0
FR;10;2022-11-09;0;0;0;0;0;0;0;0;0;0;0;0;0;0;0;0;0;0
FR;10;2022-11-10;0;0;0;0;0;0;0;0;0;0;0;0;0;0;0;0;0;0
FR;10;2022-11-11;0;0;0;0;0;0;0;0;0;0;0;0;0;0;0;0;0;0
FR;10;2022-11-12;0;0;0;0;0;0;0;0;0;0;0;0;0;0;0;0;0;0
FR;10;2022-11-13;0;0;0;0;0;0;0;0;0;0;0;0;0;0;0;0;0;0
FR;10;2022-11-14;0;0;0;0;0;0;0;0;0;0;0;0;0;0;0;0;0;0
FR;10;2022-11-15;0;0;0;0;0;0;0;0;0;0;0;0;0;0;0;0;0;0
FR;10;2022-11-16;0;0;0;0;0;0;0;0;0;0;0;0;0;0;0;0;0;0
FR;10;2022-11-17;0;0;0;0;0;0;0;0;0;0;0;0;0;0;0;0;0;0
FR;10;2022-11-18;0;0;0;0;0;0;0;0;0;0;0;0;0;0;0;0;0;0
FR;10;2022-11-19;0;0;0;0;0;0;0;0;0;0;0;0;0;0;0;0;0;0
FR;10;2022-11-20;0;0;0;0;0;0;0;0;0;0;0;0;0;0;0;0;0;0
FR;10;2022-11-21;0;0;0;0;0;0;0;0;0;0;0;0;0;0;0;0;0;0
FR;10;2022-11-22;0;0;0;0;0;0;0;0;0;0;0;0;0;0;0;0;0;0
FR;10;2022-11-23;0;0;0;0;0;0;0;0;0;0;0;0;0;0;0;0;0;0
FR;10;2022-11-24;0;0;0;0;0;0;0;0;0;0;0;0;0;0;0;0;0;0
FR;10;2022-11-25;0;0;0;0;0;0;0;0;0;0;0;0;0;0;0;0;0;0
FR;10;2022-11-26;0;0;0;0;0;0;0;0;0;0;0;0;0;0;0;0;0;0
FR;10;2022-11-27;0;0;0;0;0;0;0;0;0;0;0;0;0;0;0;0;0;0
FR;10;2022-11-28;0;0;0;0;0;0;0;0;0;0;0;0;0;0;0;0;0;0
FR;10;2022-11-29;0;0;0;0;0;0;0;0;0;0;0;0;0;0;0;0;0;0
FR;10;2022-11-30;0;0;0;0;0;0;0;0;0;0;0;0;0;0;0;0;0;0
FR;10;2022-12-01;0;0;0;0;0;0;0;0;0;0;0;0;0;0;0;0;0;0
FR;10;2022-12-02;0;0;0;0;0;0;0;0;0;0;0;0;0;0;0;0;0;0
FR;10;2022-12-03;0;0;0;0;0;0;0;0;0;0;0;0;0;0;0;0;0;0
FR;10;2022-12-04;0;0;0;0;0;0;0;0;0;0;0;0;0;0;0;0;0;0
FR;10;2022-12-05;0;0;0;0;0;0;0;0;0;0;0;0;0;0;0;0;0;0
FR;10;2022-12-06;0;0;0;0;0;0;0;0;0;0;0;0;0;0;0;0;0;0
FR;10;2022-12-07;0;0;0;0;0;0;0;0;0;0;0;0;0;0;0;0;0;0
FR;10;2022-12-08;0;0;0;0;0;0;0;0;0;0;0;0;0;0;0;0;0;0
FR;10;2022-12-09;0;0;0;0;0;0;0;0;0;0;0;0;0;0;0;0;0;0
FR;10;2022-12-10;0;0;0;0;0;0;0;0;0;0;0;0;0;0;0;0;0;0
FR;10;2022-12-11;0;0;0;0;0;0;0;0;0;0;0;0;0;0;0;0;0;0
FR;10;2022-12-12;0;0;0;0;0;0;0;0;0;0;0;0;0;0;0;0;0;0
FR;10;2022-12-13;0;0;0;0;0;0;0;0;0;0;0;0;0;0;0;0;0;0
FR;10;2022-12-14;0;0;0;0;0;0;0;0;0;0;0;0;0;0;0;0;0;0
FR;10;2022-12-15;0;0;0;0;0;0;0;0;0;0;0;0;0;0;0;0;0;0
FR;10;2022-12-16;0;0;0;0;0;0;0;0;0;0;0;0;0;0;0;0;0;0
FR;10;2022-12-17;0;0;0;0;0;0;0;0;0;0;0;0;0;0;0;0;0;0
FR;10;2022-12-18;0;0;0;0;0;0;0;0;0;0;0;0;0;0;0;0;0;0
FR;10;2022-12-19;0;0;0;0;0;0;0;0;0;0;0;0;0;0;0;0;0;0
FR;10;2022-12-20;0;0;0;0;0;0;0;0;0;0;0;0;0;0;0;0;0;0
FR;10;2022-12-21;0;0;1;0;0;1;0;0;0;0;0;1;0;0;1;0;0;0
FR;10;2022-12-22;0;0;0;1;0;0;1;0;0;0;0;1;1;0;1;1;0;0
FR;10;2022-12-23;0;0;1;14;0;2;14;0;7;0;0;2;15;0;3;15;0;7
FR;10;2022-12-24;0;0;0;3;0;0;3;0;1;0;0;2;18;0;3;18;0;8
FR;10;2022-12-25;0;0;0;0;0;0;0;0;0;0;0;2;18;0;3;18;0;8
FR;10;2022-12-26;3;1;11;35;0;8;39;0;5;3;1;13;53;0;11;57;0;13
FR;10;2022-12-27;1;1;14;35;1;11;38;0;10;4;2;27;88;1;22;95;0;23
FR;10;2022-12-28;0;0;2;15;0;1;14;0;3;4;2;29;103;1;23;109;0;26
FR;10;2022-12-29;0;0;6;48;0;1;48;0;17;4;2;35;151;1;24;157;0;43
FR;10;2022-12-30;0;1;5;33;0;8;31;0;6;4;3;40;184;1;32;188;0;49
FR;10;2022-12-31;0;0;3;12;0;4;10;0;4;4;3;43;196;1;36;198;0;53
FR;10;2023-01-01;0;0;1;6;0;0;7;0;2;4;3;44;202;1;36;205;0;55
FR;10;2023-01-02;0;4;4;37;1;6;36;0;21;4;7;48;239;2;42;241;0;76
FR;10;2023-01-03;1;1;6;63;1;5;64;0;25;5;8;54;302;3;47;305;0;101
FR;10;2023-01-04;0;1;7;52;0;6;53;0;53;5;9;61;354;3;53;358;0;154
FR;10;2023-01-05;1;2;15;74;0;11;76;0;37;6;11;76;428;3;64;434;0;191
FR;10;2023-01-06;2;3;16;107;2;13;107;0;52;8;14;92;535;5;77;541;0;243
FR;10;2023-01-07;3;1;3;41;1;3;40;0;13;11;15;95;576;6;80;581;0;256
FR;10;2023-01-08;1;0;0;9;0;0;7;0;5;12;15;95;585;6;80;588;0;261
FR;10;2023-01-09;3;2;7;66;1;6;66;0;26;15;17;102;651;7;86;654;0;287
FR;10;2023-01-10;6;1;21;118;0;13;124;0;57;21;18;123;769;7;99;778;0;344
FR;10;2023-01-11;5;4;19;77;1;16;79;0;38;26;22;142;846;8;115;857;0;382
FR;10;2023-01-12;13;1;7;77;2;3;80;0;51;39;23;149;923;10;118;937;0;433
FR;10;2023-01-13;0;6;15;122;1;8;129;0;77;39;29;164;1045;11;126;1066;0;510
FR;10;2023-01-14;2;1;8;43;0;5;47;0;3;41;30;172;1088;11;131;1113;0;513
FR;10;2023-01-15;0;0;2;10;0;1;7;0;8;41;30;174;1098;11;132;1120;0;521
FR;10;2023-01-16;0;1;11;70;1;7;73;0;68;41;31;185;1168;12;139;1193;0;589
FR;10;2023-01-17;0;7;22;109;2;11;118;0;61;41;38;207;1277;14;150;1311;0;650
FR;10;2023-01-18;2;1;13;92;1;9;104;0;15;43;39;220;1369;15;159;1415;0;665
FR;10;2023-01-19;6;6;24;142;3;22;135;0;56;49;45;244;1511;18;181;1550;0;721
FR;10;2023-01-20;2;1;11;111;0;9;106;0;73;51;46;255;1622;18;190;1656;0;794
FR;10;2023-01-21;2;1;5;26;0;5;23;0;15;53;47;260;1648;18;195;1679;0;809
FR;10;2023-01-22;0;0;0;5;0;0;5;0;0;53;47;260;1653;18;195;1684;0;809
FR;10;2023-01-23;1;2;5;62;1;5;59;0;23;54;49;265;1715;19;200;1743;0;832
FR;10;2023-01-24;6;6;27;148;2;19;152;0;75;60;55;292;1863;21;219;1895;0;907
FR;10;2023-01-25;2;1;9;81;1;5;82;0;55;62;56;301;1944;22;224;1977;0;962
FR;10;2023-01-26;4;5;33;147;1;22;159;0;52;66;61;334;2091;23;246;2136;0;1014
FR;10;2023-01-27;1;1;16;108;1;6;111;0;75;67;62;350;2199;24;252;2247;0;1089
FR;10;2023-01-28;0;1;3;18;1;1;21;0;15;67;63;353;2217;25;253;2268;0;1104
FR;10;2023-01-29;0;0;1;0;0;1;0;0;1;67;63;354;2217;25;254;2268;0;1105
FR;10;2023-01-30;2;1;11;60;1;5;63;0;40;69;64;365;2277;26;259;2331;0;1145
FR;10;2023-01-31;5;2;24;121;3;17;121;0;51;74;66;389;2398;29;276;2452;0;1196
FR;10;2023-02-01;0;2;11;49;2;10;49;0;28;74;68;400;2447;31;286;2501;0;1224
FR;10;2023-02-02;3;0;21;104;0;16;108;0;47;77;68;421;2551;31;302;2609;0;1271
FR;10;2023-02-03;6;5;18;48;4;11;51;0;64;83;73;439;2599;35;313;2660;0;1335
FR;10;2023-02-04;1;0;1;8;0;0;10;0;6;84;73;440;2607;35;313;2670;0;1341
FR;10;2023-02-05;7;1;2;3;2;1;4;0;5;91;74;442;2610;37;314;2674;0;1346
FR;10;2023-02-06;1;0;9;28;0;8;22;0;46;92;74;451;2638;37;322;2696;0;1392
FR;10;2023-02-07;2;2;2;12;1;3;12;0;13;94;76;453;2650;38;325;2708;0;1405
FR;10;2023-02-08;1;3;3;15;2;4;15;0;12;95;79;456;2665;40;329;2723;0;1417
FR;10;2023-02-09;2;1;11;91;2;7;97;0;41;97;80;467;2756;42;336;2820;0;1458
FR;10;2023-02-10;8;3;12;29;0;6;37;0;25;105;83;479;2785;42;342;2857;0;1483
FR;10;2023-02-11;1;0;2;2;0;2;2;0;1;106;83;481;2787;42;344;2859;0;1484
FR;10;2023-02-12;1;1;0;0;1;0;0;0;0;107;84;481;2787;43;344;2859;0;1484
FR;10;2023-02-13;3;1;9;15;0;7;18;0;10;110;85;490;2802;43;351;2877;0;1494
FR;10;2023-02-14;2;4;11;49;3;9;50;0;17;112;89;501;2851;46;360;2927;0;1511
FR;10;2023-02-15;7;3;2;10;2;3;8;0;8;119;92;503;2861;48;363;2935;0;1519
FR;10;2023-02-16;0;0;8;17;0;5;18;0;8;119;92;511;2878;48;368;2953;0;1527
FR;10;2023-02-17;13;5;7;28;5;2;22;0;17;132;97;518;2906;53;370;2975;0;1544
FR;10;2023-02-18;2;0;3;11;0;3;10;0;6;134;97;521;2917;53;373;2985;0;1550
FR;10;2023-02-19;0;0;0;0;0;0;0;0;0;134;97;521;2917;53;373;2985;0;1550
FR;10;2023-02-20;2;1;2;25;1;1;23;0;23;136;98;523;2942;54;374;3008;0;1573
FR;10;2023-02-21;2;3;12;27;1;6;35;0;30;138;101;535;2969;55;380;3043;0;1603
FR;10;2023-02-22;5;4;2;7;3;3;6;0;1;143;105;537;2976;58;383;3049;0;1604
FR;10;2023-02-23;3;2;17;31;2;14;37;0;12;146;107;554;3007;60;397;3086;0;1616
FR;10;2023-02-24;1;2;8;27;0;5;27;0;29;147;109;562;3034;60;402;3113;0;1645
FR;10;2023-02-25;0;0;2;3;0;2;3;0;7;147;109;564;3037;60;404;3116;0;1652
FR;10;2023-02-26;0;0;0;0;0;0;0;0;0;147;109;564;3037;60;404;3116;0;1652
FR;10;2023-02-27;3;3;2;20;4;2;21;0;15;150;112;566;3057;64;406;3137;0;1667
FR;10;2023-02-28;3;2;1;10;2;1;9;0;10;153;114;567;3067;66;407;3146;0;1677
FR;10;2023-03-01;2;1;5;12;1;4;12;0;14;155;115;572;3079;67;411;3158;0;1691
FR;10;2023-03-02;2;1;10;22;2;6;22;0;31;157;116;582;3101;69;417;3180;0;1722
FR;10;2023-03-03;7;2;5;21;0;6;20;0;18;164;118;587;3122;69;423;3200;0;1740
FR;10;2023-03-04;0;1;0;6;1;0;6;0;2;164;119;587;3128;70;423;3206;0;1742
FR;10;2023-03-05;0;0;0;1;0;0;0;0;2;164;119;587;3129;70;423;3206;0;1744
FR;10;2023-03-06;2;2;8;8;3;7;9;0;8;166;121;595;3137;73;430;3215;0;1752
FR;10;2023-03-07;2;3;0;11;1;2;11;0;8;168;124;595;3148;74;432;3226;0;1760
FR;10;2023-03-08;1;4;2;12;3;3;12;0;8;169;128;597;3160;77;435;3238;0;1768
FR;10;2023-03-09;0;3;1;9;1;2;8;0;8;169;131;598;3169;78;437;3246;0;1776
FR;10;2023-03-10;1;2;1;8;2;1;9;0;9;170;133;599;3177;80;438;3255;0;1785
FR;10;2023-03-11;2;1;5;4;0;3;7;0;2;172;134;604;3181;80;441;3262;0;1787
FR;10;2023-03-12;0;0;0;0;0;0;0;0;0;172;134;604;3181;80;441;3262;0;1787
FR;10;2023-03-13;0;2;2;3;2;2;3;0;5;172;136;606;3184;82;443;3265;0;1792
FR;10;2023-03-14;2;0;6;25;0;4;27;0;21;174;136;612;3209;82;447;3292;0;1813
FR;10;2023-03-15;0;2;2;4;1;4;3;0;6;174;138;614;3213;83;451;3295;0;1819
FR;10;2023-03-16;3;1;6;12;0;4;15;0;11;177;139;620;3225;83;455;3310;0;1830
FR;11;2020-12-27;0;0;0;0;0;0;0;0;0;0;0;0;0;0;0;0;0;0
FR;11;2020-12-28;0;0;0;0;0;0;0;0;0;0;0;0;0;0;0;0;0;0
FR;11;2020-12-29;0;0;0;0;0;0;0;0;0;0;0;0;0;0;0;0;0;0
FR;11;2020-12-30;0;0;0;0;0;0;0;0;0;0;0;0;0;0;0;0;0;0
FR;11;2020-12-31;0;0;0;0;0;0;0;0;0;0;0;0;0;0;0;0;0;0
FR;11;2021-01-01;0;0;0;0;0;0;0;0;0;0;0;0;0;0;0;0;0;0
FR;11;2021-01-02;0;0;0;0;0;0;0;0;0;0;0;0;0;0;0;0;0;0
FR;11;2021-01-03;0;0;0;0;0;0;0;0;0;0;0;0;0;0;0;0;0;0
FR;11;2021-01-04;0;0;0;0;0;0;0;0;0;0;0;0;0;0;0;0;0;0
FR;11;2021-01-05;0;0;0;0;0;0;0;0;0;0;0;0;0;0;0;0;0;0
FR;11;2021-01-06;0;0;0;0;0;0;0;0;0;0;0;0;0;0;0;0;0;0
FR;11;2021-01-07;0;0;0;0;0;0;0;0;0;0;0;0;0;0;0;0;0;0
FR;11;2021-01-08;0;0;0;0;0;0;0;0;0;0;0;0;0;0;0;0;0;0
FR;11;2021-01-09;0;0;0;0;0;0;0;0;0;0;0;0;0;0;0;0;0;0
FR;11;2021-01-10;0;0;0;0;0;0;0;0;0;0;0;0;0;0;0;0;0;0
FR;11;2021-01-11;0;0;0;0;0;0;0;0;0;0;0;0;0;0;0;0;0;0
FR;11;2021-01-12;0;0;0;0;0;0;0;0;0;0;0;0;0;0;0;0;0;0
FR;11;2021-01-13;0;0;0;0;0;0;0;0;0;0;0;0;0;0;0;0;0;0
FR;11;2021-01-14;0;0;0;0;0;0;0;0;0;0;0;0;0;0;0;0;0;0
FR;11;2021-01-15;0;0;0;0;0;0;0;0;0;0;0;0;0;0;0;0;0;0
FR;11;2021-01-16;0;0;0;0;0;0;0;0;0;0;0;0;0;0;0;0;0;0
FR;11;2021-01-17;0;0;0;0;0;0;0;0;0;0;0;0;0;0;0;0;0;0
FR;11;2021-01-18;0;0;0;0;0;0;0;0;0;0;0;0;0;0;0;0;0;0
FR;11;2021-01-19;0;0;0;0;0;0;0;0;0;0;0;0;0;0;0;0;0;0
FR;11;2021-01-20;0;0;0;0;0;0;0;0;0;0;0;0;0;0;0;0;0;0
FR;11;2021-01-21;0;0;0;0;0;0;0;0;0;0;0;0;0;0;0;0;0;0
FR;11;2021-01-22;0;0;0;0;0;0;0;0;0;0;0;0;0;0;0;0;0;0
FR;11;2021-01-23;0;0;0;0;0;0;0;0;0;0;0;0;0;0;0;0;0;0
FR;11;2021-01-24;0;0;0;0;0;0;0;0;0;0;0;0;0;0;0;0;0;0
FR;11;2021-01-25;0;0;0;0;0;0;0;0;0;0;0;0;0;0;0;0;0;0
FR;11;2021-01-26;0;0;0;0;0;0;0;0;0;0;0;0;0;0;0;0;0;0
FR;11;2021-01-27;0;0;0;0;0;0;0;0;0;0;0;0;0;0;0;0;0;0
FR;11;2021-01-28;0;0;0;0;0;0;0;0;0;0;0;0;0;0;0;0;0;0
FR;11;2021-01-29;0;0;0;0;0;0;0;0;0;0;0;0;0;0;0;0;0;0
FR;11;2021-01-30;0;0;0;0;0;0;0;0;0;0;0;0;0;0;0;0;0;0
FR;11;2021-01-31;0;0;0;0;0;0;0;0;0;0;0;0;0;0;0;0;0;0
FR;11;2021-02-01;0;0;0;0;0;0;0;0;0;0;0;0;0;0;0;0;0;0
FR;11;2021-02-02;0;0;0;0;0;0;0;0;0;0;0;0;0;0;0;0;0;0
FR;11;2021-02-03;0;0;0;0;0;0;0;0;0;0;0;0;0;0;0;0;0;0
FR;11;2021-02-04;0;0;0;0;0;0;0;0;0;0;0;0;0;0;0;0;0;0
FR;11;2021-02-05;0;0;0;0;0;0;0;0;0;0;0;0;0;0;0;0;0;0
FR;11;2021-02-06;0;0;0;0;0;0;0;0;0;0;0;0;0;0;0;0;0;0
FR;11;2021-02-07;0;0;0;0;0;0;0;0;0;0;0;0;0;0;0;0;0;0
FR;11;2021-02-08;0;0;0;0;0;0;0;0;0;0;0;0;0;0;0;0;0;0
FR;11;2021-02-09;0;0;0;0;0;0;0;0;0;0;0;0;0;0;0;0;0;0
FR;11;2021-02-10;0;0;0;0;0;0;0;0;0;0;0;0;0;0;0;0;0;0
FR;11;2021-02-11;0;0;0;0;0;0;0;0;0;0;0;0;0;0;0;0;0;0
FR;11;2021-02-12;0;0;0;0;0;0;0;0;0;0;0;0;0;0;0;0;0;0
FR;11;2021-02-13;0;0;0;0;0;0;0;0;0;0;0;0;0;0;0;0;0;0
FR;11;2021-02-14;0;0;0;0;0;0;0;0;0;0;0;0;0;0;0;0;0;0
FR;11;2021-02-15;0;0;0;0;0;0;0;0;0;0;0;0;0;0;0;0;0;0
FR;11;2021-02-16;0;0;0;0;0;0;0;0;0;0;0;0;0;0;0;0;0;0
FR;11;2021-02-17;0;0;0;0;0;0;0;0;0;0;0;0;0;0;0;0;0;0
FR;11;2021-02-18;0;0;0;0;0;0;0;0;0;0;0;0;0;0;0;0;0;0
FR;11;2021-02-19;0;0;0;0;0;0;0;0;0;0;0;0;0;0;0;0;0;0
FR;11;2021-02-20;0;0;0;0;0;0;0;0;0;0;0;0;0;0;0;0;0;0
FR;11;2021-02-21;0;0;0;0;0;0;0;0;0;0;0;0;0;0;0;0;0;0
FR;11;2021-02-22;0;0;0;0;0;0;0;0;0;0;0;0;0;0;0;0;0;0
FR;11;2021-02-23;0;0;0;0;0;0;0;0;0;0;0;0;0;0;0;0;0;0
FR;11;2021-02-24;0;0;0;0;0;0;0;0;0;0;0;0;0;0;0;0;0;0
FR;11;2021-02-25;0;0;0;0;0;0;0;0;0;0;0;0;0;0;0;0;0;0
FR;11;2021-02-26;0;0;0;0;0;0;0;0;0;0;0;0;0;0;0;0;0;0
FR;11;2021-02-27;0;0;0;0;0;0;0;0;0;0;0;0;0;0;0;0;0;0
FR;11;2021-02-28;0;0;0;0;0;0;0;0;0;0;0;0;0;0;0;0;0;0
FR;11;2021-03-01;0;0;0;0;0;0;0;0;0;0;0;0;0;0;0;0;0;0
FR;11;2021-03-02;0;0;0;0;0;0;0;0;0;0;0;0;0;0;0;0;0;0
FR;11;2021-03-03;0;0;0;0;0;0;0;0;0;0;0;0;0;0;0;0;0;0
FR;11;2021-03-04;0;0;0;0;0;0;0;0;0;0;0;0;0;0;0;0;0;0
FR;11;2021-03-05;0;0;0;0;0;0;0;0;0;0;0;0;0;0;0;0;0;0
FR;11;2021-03-06;0;0;0;0;0;0;0;0;0;0;0;0;0;0;0;0;0;0
FR;11;2021-03-07;0;0;0;0;0;0;0;0;0;0;0;0;0;0;0;0;0;0
FR;11;2021-03-08;0;0;0;0;0;0;0;0;0;0;0;0;0;0;0;0;0;0
FR;11;2021-03-09;0;0;0;0;0;0;0;0;0;0;0;0;0;0;0;0;0;0
FR;11;2021-03-10;0;0;0;0;0;0;0;0;0;0;0;0;0;0;0;0;0;0
FR;11;2021-03-11;0;0;0;0;0;0;0;0;0;0;0;0;0;0;0;0;0;0
FR;11;2021-03-12;0;0;0;0;0;0;0;0;0;0;0;0;0;0;0;0;0;0
FR;11;2021-03-13;0;0;0;0;0;0;0;0;0;0;0;0;0;0;0;0;0;0
FR;11;2021-03-14;0;0;0;0;0;0;0;0;0;0;0;0;0;0;0;0;0;0
FR;11;2021-03-15;0;0;0;0;0;0;0;0;0;0;0;0;0;0;0;0;0;0
FR;11;2021-03-16;0;0;0;0;0;0;0;0;0;0;0;0;0;0;0;0;0;0
FR;11;2021-03-17;0;0;0;0;0;0;0;0;0;0;0;0;0;0;0;0;0;0
FR;11;2021-03-18;0;0;0;0;0;0;0;0;0;0;0;0;0;0;0;0;0;0
FR;11;2021-03-19;0;0;0;0;0;0;0;0;0;0;0;0;0;0;0;0;0;0
FR;11;2021-03-20;0;0;0;0;0;0;0;0;0;0;0;0;0;0;0;0;0;0
FR;11;2021-03-21;0;0;0;0;0;0;0;0;0;0;0;0;0;0;0;0;0;0
FR;11;2021-03-22;0;0;0;0;0;0;0;0;0;0;0;0;0;0;0;0;0;0
FR;11;2021-03-23;0;0;0;0;0;0;0;0;0;0;0;0;0;0;0;0;0;0
FR;11;2021-03-24;0;0;0;0;0;0;0;0;0;0;0;0;0;0;0;0;0;0
FR;11;2021-03-25;0;0;0;0;0;0;0;0;0;0;0;0;0;0;0;0;0;0
FR;11;2021-03-26;0;0;0;0;0;0;0;0;0;0;0;0;0;0;0;0;0;0
FR;11;2021-03-27;0;0;0;0;0;0;0;0;0;0;0;0;0;0;0;0;0;0
FR;11;2021-03-28;0;0;0;0;0;0;0;0;0;0;0;0;0;0;0;0;0;0
FR;11;2021-03-29;0;0;0;0;0;0;0;0;0;0;0;0;0;0;0;0;0;0
FR;11;2021-03-30;0;0;0;0;0;0;0;0;0;0;0;0;0;0;0;0;0;0
FR;11;2021-03-31;0;0;0;0;0;0;0;0;0;0;0;0;0;0;0;0;0;0
FR;11;2021-04-01;0;0;0;0;0;0;0;0;0;0;0;0;0;0;0;0;0;0
FR;11;2021-04-02;0;0;0;0;0;0;0;0;0;0;0;0;0;0;0;0;0;0
FR;11;2021-04-03;0;0;0;0;0;0;0;0;0;0;0;0;0;0;0;0;0;0
FR;11;2021-04-04;0;0;0;0;0;0;0;0;0;0;0;0;0;0;0;0;0;0
FR;11;2021-04-05;0;0;0;0;0;0;0;0;0;0;0;0;0;0;0;0;0;0
FR;11;2021-04-06;0;0;0;0;0;0;0;0;0;0;0;0;0;0;0;0;0;0
FR;11;2021-04-07;0;0;0;0;0;0;0;0;0;0;0;0;0;0;0;0;0;0
FR;11;2021-04-08;0;0;0;0;0;0;0;0;0;0;0;0;0;0;0;0;0;0
FR;11;2021-04-09;0;0;0;0;0;0;0;0;0;0;0;0;0;0;0;0;0;0
FR;11;2021-04-10;0;0;0;0;0;0;0;0;0;0;0;0;0;0;0;0;0;0
FR;11;2021-04-11;0;0;0;0;0;0;0;0;0;0;0;0;0;0;0;0;0;0
FR;11;2021-04-12;0;0;0;0;0;0;0;0;0;0;0;0;0;0;0;0;0;0
FR;11;2021-04-13;0;0;0;0;0;0;0;0;0;0;0;0;0;0;0;0;0;0
FR;11;2021-04-14;0;0;0;0;0;0;0;0;0;0;0;0;0;0;0;0;0;0
FR;11;2021-04-15;0;0;0;0;0;0;0;0;0;0;0;0;0;0;0;0;0;0
FR;11;2021-04-16;0;0;0;0;0;0;0;0;0;0;0;0;0;0;0;0;0;0
FR;11;2021-04-17;0;0;0;0;0;0;0;0;0;0;0;0;0;0;0;0;0;0
FR;11;2021-04-18;0;0;0;0;0;0;0;0;0;0;0;0;0;0;0;0;0;0
FR;11;2021-04-19;0;0;0;0;0;0;0;0;0;0;0;0;0;0;0;0;0;0
FR;11;2021-04-20;0;0;0;0;0;0;0;0;0;0;0;0;0;0;0;0;0;0
FR;11;2021-04-21;0;0;0;0;0;0;0;0;0;0;0;0;0;0;0;0;0;0
FR;11;2021-04-22;0;0;0;0;0;0;0;0;0;0;0;0;0;0;0;0;0;0
FR;11;2021-04-23;0;0;0;0;0;0;0;0;0;0;0;0;0;0;0;0;0;0
FR;11;2021-04-24;0;0;0;0;0;0;0;0;0;0;0;0;0;0;0;0;0;0
FR;11;2021-04-25;0;0;0;0;0;0;0;0;0;0;0;0;0;0;0;0;0;0
FR;11;2021-04-26;0;0;0;0;0;0;0;0;0;0;0;0;0;0;0;0;0;0
FR;11;2021-04-27;0;0;0;0;0;0;0;0;0;0;0;0;0;0;0;0;0;0
FR;11;2021-04-28;0;0;0;0;0;0;0;0;0;0;0;0;0;0;0;0;0;0
FR;11;2021-04-29;0;0;0;0;0;0;0;0;0;0;0;0;0;0;0;0;0;0
FR;11;2021-04-30;0;0;0;0;0;0;0;0;0;0;0;0;0;0;0;0;0;0
FR;11;2021-05-01;0;0;0;0;0;0;0;0;0;0;0;0;0;0;0;0;0;0
FR;11;2021-05-02;0;0;0;0;0;0;0;0;0;0;0;0;0;0;0;0;0;0
FR;11;2021-05-03;0;0;0;0;0;0;0;0;0;0;0;0;0;0;0;0;0;0
FR;11;2021-05-04;0;0;0;0;0;0;0;0;0;0;0;0;0;0;0;0;0;0
FR;11;2021-05-05;0;0;0;0;0;0;0;0;0;0;0;0;0;0;0;0;0;0
FR;11;2021-05-06;0;0;0;0;0;0;0;0;0;0;0;0;0;0;0;0;0;0
FR;11;2021-05-07;0;0;0;0;0;0;0;0;0;0;0;0;0;0;0;0;0;0
FR;11;2021-05-08;0;0;0;0;0;0;0;0;0;0;0;0;0;0;0;0;0;0
FR;11;2021-05-09;0;0;0;0;0;0;0;0;0;0;0;0;0;0;0;0;0;0
FR;11;2021-05-10;0;0;0;0;0;0;0;0;0;0;0;0;0;0;0;0;0;0
FR;11;2021-05-11;0;0;0;0;0;0;0;0;0;0;0;0;0;0;0;0;0;0
FR;11;2021-05-12;0;0;0;0;0;0;0;0;0;0;0;0;0;0;0;0;0;0
FR;11;2021-05-13;0;0;0;0;0;0;0;0;0;0;0;0;0;0;0;0;0;0
FR;11;2021-05-14;0;0;0;0;0;0;0;0;0;0;0;0;0;0;0;0;0;0
FR;11;2021-05-15;0;0;0;0;0;0;0;0;0;0;0;0;0;0;0;0;0;0
FR;11;2021-05-16;0;0;0;0;0;0;0;0;0;0;0;0;0;0;0;0;0;0
FR;11;2021-05-17;0;0;0;0;0;0;0;0;0;0;0;0;0;0;0;0;0;0
FR;11;2021-05-18;0;0;0;0;0;0;0;0;0;0;0;0;0;0;0;0;0;0
FR;11;2021-05-19;0;0;0;0;0;0;0;0;0;0;0;0;0;0;0;0;0;0
FR;11;2021-05-20;0;0;0;0;0;0;0;0;0;0;0;0;0;0;0;0;0;0
FR;11;2021-05-21;0;0;0;0;0;0;0;0;0;0;0;0;0;0;0;0;0;0
FR;11;2021-05-22;0;0;0;0;0;0;0;0;0;0;0;0;0;0;0;0;0;0
FR;11;2021-05-23;0;0;0;0;0;0;0;0;0;0;0;0;0;0;0;0;0;0
FR;11;2021-05-24;0;0;0;0;0;0;0;0;0;0;0;0;0;0;0;0;0;0
FR;11;2021-05-25;0;0;0;0;0;0;0;0;0;0;0;0;0;0;0;0;0;0
FR;11;2021-05-26;0;0;0;0;0;0;0;0;0;0;0;0;0;0;0;0;0;0
FR;11;2021-05-27;0;0;0;0;0;0;0;0;0;0;0;0;0;0;0;0;0;0
FR;11;2021-05-28;0;0;0;0;0;0;0;0;0;0;0;0;0;0;0;0;0;0
FR;11;2021-05-29;0;0;0;0;0;0;0;0;0;0;0;0;0;0;0;0;0;0
FR;11;2021-05-30;0;0;0;0;0;0;0;0;0;0;0;0;0;0;0;0;0;0
FR;11;2021-05-31;0;0;0;0;0;0;0;0;0;0;0;0;0;0;0;0;0;0
FR;11;2021-06-01;0;0;0;0;0;0;0;0;0;0;0;0;0;0;0;0;0;0
FR;11;2021-06-02;0;0;0;0;0;0;0;0;0;0;0;0;0;0;0;0;0;0
FR;11;2021-06-03;0;0;0;0;0;0;0;0;0;0;0;0;0;0;0;0;0;0
FR;11;2021-06-04;0;0;0;0;0;0;0;0;0;0;0;0;0;0;0;0;0;0
FR;11;2021-06-05;0;0;0;0;0;0;0;0;0;0;0;0;0;0;0;0;0;0
FR;11;2021-06-06;0;0;0;0;0;0;0;0;0;0;0;0;0;0;0;0;0;0
FR;11;2021-06-07;0;0;0;0;0;0;0;0;0;0;0;0;0;0;0;0;0;0
FR;11;2021-06-08;0;0;0;0;0;0;0;0;0;0;0;0;0;0;0;0;0;0
FR;11;2021-06-09;0;0;0;0;0;0;0;0;0;0;0;0;0;0;0;0;0;0
FR;11;2021-06-10;0;0;0;0;0;0;0;0;0;0;0;0;0;0;0;0;0;0
FR;11;2021-06-11;0;0;0;0;0;0;0;0;0;0;0;0;0;0;0;0;0;0
FR;11;2021-06-12;0;0;0;0;0;0;0;0;0;0;0;0;0;0;0;0;0;0
FR;11;2021-06-13;0;0;0;0;0;0;0;0;0;0;0;0;0;0;0;0;0;0
FR;11;2021-06-14;0;0;0;0;0;0;0;0;0;0;0;0;0;0;0;0;0;0
FR;11;2021-06-15;0;0;0;0;0;0;0;0;0;0;0;0;0;0;0;0;0;0
FR;11;2021-06-16;0;0;0;0;0;0;0;0;0;0;0;0;0;0;0;0;0;0
FR;11;2021-06-17;0;0;0;0;0;0;0;0;0;0;0;0;0;0;0;0;0;0
FR;11;2021-06-18;0;0;0;0;0;0;0;0;0;0;0;0;0;0;0;0;0;0
FR;11;2021-06-19;0;0;0;0;0;0;0;0;0;0;0;0;0;0;0;0;0;0
FR;11;2021-06-20;0;0;0;0;0;0;0;0;0;0;0;0;0;0;0;0;0;0
FR;11;2021-06-21;0;0;0;0;0;0;0;0;0;0;0;0;0;0;0;0;0;0
FR;11;2021-06-22;0;0;0;0;0;0;0;0;0;0;0;0;0;0;0;0;0;0
FR;11;2021-06-23;0;0;0;0;0;0;0;0;0;0;0;0;0;0;0;0;0;0
FR;11;2021-06-24;0;0;0;0;0;0;0;0;0;0;0;0;0;0;0;0;0;0
FR;11;2021-06-25;0;0;0;0;0;0;0;0;0;0;0;0;0;0;0;0;0;0
FR;11;2021-06-26;0;0;0;0;0;0;0;0;0;0;0;0;0;0;0;0;0;0
FR;11;2021-06-27;0;0;0;0;0;0;0;0;0;0;0;0;0;0;0;0;0;0
FR;11;2021-06-28;0;0;0;0;0;0;0;0;0;0;0;0;0;0;0;0;0;0
FR;11;2021-06-29;0;0;0;0;0;0;0;0;0;0;0;0;0;0;0;0;0;0
FR;11;2021-06-30;0;0;0;0;0;0;0;0;0;0;0;0;0;0;0;0;0;0
FR;11;2021-07-01;0;0;0;0;0;0;0;0;0;0;0;0;0;0;0;0;0;0
FR;11;2021-07-02;0;0;0;0;0;0;0;0;0;0;0;0;0;0;0;0;0;0
FR;11;2021-07-03;0;0;0;0;0;0;0;0;0;0;0;0;0;0;0;0;0;0
FR;11;2021-07-04;0;0;0;0;0;0;0;0;0;0;0;0;0;0;0;0;0;0
FR;11;2021-07-05;0;0;0;0;0;0;0;0;0;0;0;0;0;0;0;0;0;0
FR;11;2021-07-06;0;0;0;0;0;0;0;0;0;0;0;0;0;0;0;0;0;0
FR;11;2021-07-07;0;0;0;0;0;0;0;0;0;0;0;0;0;0;0;0;0;0
FR;11;2021-07-08;0;0;0;0;0;0;0;0;0;0;0;0;0;0;0;0;0;0
FR;11;2021-07-09;0;0;0;0;0;0;0;0;0;0;0;0;0;0;0;0;0;0
FR;11;2021-07-10;0;0;0;0;0;0;0;0;0;0;0;0;0;0;0;0;0;0
FR;11;2021-07-11;0;0;0;0;0;0;0;0;0;0;0;0;0;0;0;0;0;0
FR;11;2021-07-12;0;0;0;0;0;0;0;0;0;0;0;0;0;0;0;0;0;0
FR;11;2021-07-13;0;0;0;0;0;0;0;0;0;0;0;0;0;0;0;0;0;0
FR;11;2021-07-14;0;0;0;0;0;0;0;0;0;0;0;0;0;0;0;0;0;0
FR;11;2021-07-15;0;0;0;0;0;0;0;0;0;0;0;0;0;0;0;0;0;0
FR;11;2021-07-16;0;0;0;0;0;0;0;0;0;0;0;0;0;0;0;0;0;0
FR;11;2021-07-17;0;0;0;0;0;0;0;0;0;0;0;0;0;0;0;0;0;0
FR;11;2021-07-18;0;0;0;0;0;0;0;0;0;0;0;0;0;0;0;0;0;0
FR;11;2021-07-19;0;0;0;0;0;0;0;0;0;0;0;0;0;0;0;0;0;0
FR;11;2021-07-20;0;0;0;0;0;0;0;0;0;0;0;0;0;0;0;0;0;0
FR;11;2021-07-21;0;0;0;0;0;0;0;0;0;0;0;0;0;0;0;0;0;0
FR;11;2021-07-22;0;0;0;0;0;0;0;0;0;0;0;0;0;0;0;0;0;0
FR;11;2021-07-23;0;0;0;0;0;0;0;0;0;0;0;0;0;0;0;0;0;0
FR;11;2021-07-24;0;0;0;0;0;0;0;0;0;0;0;0;0;0;0;0;0;0
FR;11;2021-07-25;0;0;0;0;0;0;0;0;0;0;0;0;0;0;0;0;0;0
FR;11;2021-07-26;0;0;0;0;0;0;0;0;0;0;0;0;0;0;0;0;0;0
FR;11;2021-07-27;0;0;0;0;0;0;0;0;0;0;0;0;0;0;0;0;0;0
FR;11;2021-07-28;0;0;0;0;0;0;0;0;0;0;0;0;0;0;0;0;0;0
FR;11;2021-07-29;0;0;0;0;0;0;0;0;0;0;0;0;0;0;0;0;0;0
FR;11;2021-07-30;0;0;0;0;0;0;0;0;0;0;0;0;0;0;0;0;0;0
FR;11;2021-07-31;0;0;0;0;0;0;0;0;0;0;0;0;0;0;0;0;0;0
FR;11;2021-08-01;0;0;0;0;0;0;0;0;0;0;0;0;0;0;0;0;0;0
FR;11;2021-08-02;0;0;0;0;0;0;0;0;0;0;0;0;0;0;0;0;0;0
FR;11;2021-08-03;0;0;0;0;0;0;0;0;0;0;0;0;0;0;0;0;0;0
FR;11;2021-08-04;0;0;0;0;0;0;0;0;0;0;0;0;0;0;0;0;0;0
FR;11;2021-08-05;0;0;0;0;0;0;0;0;0;0;0;0;0;0;0;0;0;0
FR;11;2021-08-06;0;0;0;0;0;0;0;0;0;0;0;0;0;0;0;0;0;0
FR;11;2021-08-07;0;0;0;0;0;0;0;0;0;0;0;0;0;0;0;0;0;0
FR;11;2021-08-08;0;0;0;0;0;0;0;0;0;0;0;0;0;0;0;0;0;0
FR;11;2021-08-09;0;0;0;0;0;0;0;0;0;0;0;0;0;0;0;0;0;0
FR;11;2021-08-10;0;0;0;0;0;0;0;0;0;0;0;0;0;0;0;0;0;0
FR;11;2021-08-11;0;0;0;0;0;0;0;0;0;0;0;0;0;0;0;0;0;0
FR;11;2021-08-12;0;0;0;0;0;0;0;0;0;0;0;0;0;0;0;0;0;0
FR;11;2021-08-13;0;0;0;0;0;0;0;0;0;0;0;0;0;0;0;0;0;0
FR;11;2021-08-14;0;0;0;0;0;0;0;0;0;0;0;0;0;0;0;0;0;0
FR;11;2021-08-15;0;0;0;0;0;0;0;0;0;0;0;0;0;0;0;0;0;0
FR;11;2021-08-16;0;0;0;0;0;0;0;0;0;0;0;0;0;0;0;0;0;0
FR;11;2021-08-17;0;0;0;0;0;0;0;0;0;0;0;0;0;0;0;0;0;0
FR;11;2021-08-18;0;0;0;0;0;0;0;0;0;0;0;0;0;0;0;0;0;0
FR;11;2021-08-19;0;0;0;0;0;0;0;0;0;0;0;0;0;0;0;0;0;0
FR;11;2021-08-20;0;0;0;0;0;0;0;0;0;0;0;0;0;0;0;0;0;0
FR;11;2021-08-21;0;0;0;0;0;0;0;0;0;0;0;0;0;0;0;0;0;0
FR;11;2021-08-22;0;0;0;0;0;0;0;0;0;0;0;0;0;0;0;0;0;0
FR;11;2021-08-23;0;0;0;0;0;0;0;0;0;0;0;0;0;0;0;0;0;0
FR;11;2021-08-24;0;0;0;0;0;0;0;0;0;0;0;0;0;0;0;0;0;0
FR;11;2021-08-25;0;0;0;0;0;0;0;0;0;0;0;0;0;0;0;0;0;0
FR;11;2021-08-26;0;0;0;0;0;0;0;0;0;0;0;0;0;0;0;0;0;0
FR;11;2021-08-27;0;0;0;0;0;0;0;0;0;0;0;0;0;0;0;0;0;0
FR;11;2021-08-28;0;0;0;0;0;0;0;0;0;0;0;0;0;0;0;0;0;0
FR;11;2021-08-29;0;0;0;0;0;0;0;0;0;0;0;0;0;0;0;0;0;0
FR;11;2021-08-30;0;0;0;0;0;0;0;0;0;0;0;0;0;0;0;0;0;0
FR;11;2021-08-31;0;0;0;0;0;0;0;0;0;0;0;0;0;0;0;0;0;0
FR;11;2021-09-01;0;0;0;0;0;0;0;0;0;0;0;0;0;0;0;0;0;0
FR;11;2021-09-02;0;0;0;0;0;0;0;0;0;0;0;0;0;0;0;0;0;0
FR;11;2021-09-03;0;0;0;0;0;0;0;0;0;0;0;0;0;0;0;0;0;0
FR;11;2021-09-04;0;0;0;0;0;0;0;0;0;0;0;0;0;0;0;0;0;0
FR;11;2021-09-05;0;0;0;0;0;0;0;0;0;0;0;0;0;0;0;0;0;0
FR;11;2021-09-06;0;0;0;0;0;0;0;0;0;0;0;0;0;0;0;0;0;0
FR;11;2021-09-07;0;0;0;0;0;0;0;0;0;0;0;0;0;0;0;0;0;0
FR;11;2021-09-08;0;0;0;0;0;0;0;0;0;0;0;0;0;0;0;0;0;0
FR;11;2021-09-09;0;0;0;0;0;0;0;0;0;0;0;0;0;0;0;0;0;0
FR;11;2021-09-10;0;0;0;0;0;0;0;0;0;0;0;0;0;0;0;0;0;0
FR;11;2021-09-11;0;0;0;0;0;0;0;0;0;0;0;0;0;0;0;0;0;0
FR;11;2021-09-12;0;0;0;0;0;0;0;0;0;0;0;0;0;0;0;0;0;0
FR;11;2021-09-13;0;0;0;0;0;0;0;0;0;0;0;0;0;0;0;0;0;0
FR;11;2021-09-14;0;0;0;0;0;0;0;0;0;0;0;0;0;0;0;0;0;0
FR;11;2021-09-15;0;0;0;0;0;0;0;0;0;0;0;0;0;0;0;0;0;0
FR;11;2021-09-16;0;0;0;0;0;0;0;0;0;0;0;0;0;0;0;0;0;0
FR;11;2021-09-17;0;0;0;0;0;0;0;0;0;0;0;0;0;0;0;0;0;0
FR;11;2021-09-18;0;0;0;0;0;0;0;0;0;0;0;0;0;0;0;0;0;0
FR;11;2021-09-19;0;0;0;0;0;0;0;0;0;0;0;0;0;0;0;0;0;0
FR;11;2021-09-20;0;0;0;0;0;0;0;0;0;0;0;0;0;0;0;0;0;0
FR;11;2021-09-21;0;0;0;0;0;0;0;0;0;0;0;0;0;0;0;0;0;0
FR;11;2021-09-22;0;0;0;0;0;0;0;0;0;0;0;0;0;0;0;0;0;0
FR;11;2021-09-23;0;0;0;0;0;0;0;0;0;0;0;0;0;0;0;0;0;0
FR;11;2021-09-24;0;0;0;0;0;0;0;0;0;0;0;0;0;0;0;0;0;0
FR;11;2021-09-25;0;0;0;0;0;0;0;0;0;0;0;0;0;0;0;0;0;0
FR;11;2021-09-26;0;0;0;0;0;0;0;0;0;0;0;0;0;0;0;0;0;0
FR;11;2021-09-27;0;0;0;0;0;0;0;0;0;0;0;0;0;0;0;0;0;0
FR;11;2021-09-28;0;0;0;0;0;0;0;0;0;0;0;0;0;0;0;0;0;0
FR;11;2021-09-29;0;0;0;0;0;0;0;0;0;0;0;0;0;0;0;0;0;0
FR;11;2021-09-30;0;0;0;0;0;0;0;0;0;0;0;0;0;0;0;0;0;0
FR;11;2021-10-01;0;0;0;0;0;0;0;0;0;0;0;0;0;0;0;0;0;0
FR;11;2021-10-02;0;0;0;0;0;0;0;0;0;0;0;0;0;0;0;0;0;0
FR;11;2021-10-03;0;0;0;0;0;0;0;0;0;0;0;0;0;0;0;0;0;0
FR;11;2021-10-04;0;0;0;0;0;0;0;0;0;0;0;0;0;0;0;0;0;0
FR;11;2021-10-05;0;0;0;0;0;0;0;0;0;0;0;0;0;0;0;0;0;0
FR;11;2021-10-06;0;0;0;0;0;0;0;0;0;0;0;0;0;0;0;0;0;0
FR;11;2021-10-07;0;0;0;0;0;0;0;0;0;0;0;0;0;0;0;0;0;0
FR;11;2021-10-08;0;0;0;0;0;0;0;0;0;0;0;0;0;0;0;0;0;0
FR;11;2021-10-09;0;0;0;0;0;0;0;0;0;0;0;0;0;0;0;0;0;0
FR;11;2021-10-10;0;0;0;0;0;0;0;0;0;0;0;0;0;0;0;0;0;0
FR;11;2021-10-11;0;0;0;0;0;0;0;0;0;0;0;0;0;0;0;0;0;0
FR;11;2021-10-12;0;0;0;0;0;0;0;0;0;0;0;0;0;0;0;0;0;0
FR;11;2021-10-13;0;0;0;0;0;0;0;0;0;0;0;0;0;0;0;0;0;0
FR;11;2021-10-14;0;0;0;0;0;0;0;0;0;0;0;0;0;0;0;0;0;0
FR;11;2021-10-15;0;0;0;0;0;0;0;0;0;0;0;0;0;0;0;0;0;0
FR;11;2021-10-16;0;0;0;0;0;0;0;0;0;0;0;0;0;0;0;0;0;0
FR;11;2021-10-17;0;0;0;0;0;0;0;0;0;0;0;0;0;0;0;0;0;0
FR;11;2021-10-18;0;0;0;0;0;0;0;0;0;0;0;0;0;0;0;0;0;0
FR;11;2021-10-19;0;0;0;0;0;0;0;0;0;0;0;0;0;0;0;0;0;0
FR;11;2021-10-20;0;0;0;0;0;0;0;0;0;0;0;0;0;0;0;0;0;0
FR;11;2021-10-21;0;0;0;0;0;0;0;0;0;0;0;0;0;0;0;0;0;0
FR;11;2021-10-22;0;0;0;0;0;0;0;0;0;0;0;0;0;0;0;0;0;0
FR;11;2021-10-23;0;0;0;0;0;0;0;0;0;0;0;0;0;0;0;0;0;0
FR;11;2021-10-24;0;0;0;0;0;0;0;0;0;0;0;0;0;0;0;0;0;0
FR;11;2021-10-25;0;0;0;0;0;0;0;0;0;0;0;0;0;0;0;0;0;0
FR;11;2021-10-26;0;0;0;0;0;0;0;0;0;0;0;0;0;0;0;0;0;0
FR;11;2021-10-27;0;0;0;0;0;0;0;0;0;0;0;0;0;0;0;0;0;0
FR;11;2021-10-28;0;0;0;0;0;0;0;0;0;0;0;0;0;0;0;0;0;0
FR;11;2021-10-29;0;0;0;0;0;0;0;0;0;0;0;0;0;0;0;0;0;0
FR;11;2021-10-30;0;0;0;0;0;0;0;0;0;0;0;0;0;0;0;0;0;0
FR;11;2021-10-31;0;0;0;0;0;0;0;0;0;0;0;0;0;0;0;0;0;0
FR;11;2021-11-01;0;0;0;0;0;0;0;0;0;0;0;0;0;0;0;0;0;0
FR;11;2021-11-02;0;0;0;0;0;0;0;0;0;0;0;0;0;0;0;0;0;0
FR;11;2021-11-03;0;0;0;0;0;0;0;0;0;0;0;0;0;0;0;0;0;0
FR;11;2021-11-04;0;0;0;0;0;0;0;0;0;0;0;0;0;0;0;0;0;0
FR;11;2021-11-05;0;0;0;0;0;0;0;0;0;0;0;0;0;0;0;0;0;0
FR;11;2021-11-06;0;0;0;0;0;0;0;0;0;0;0;0;0;0;0;0;0;0
FR;11;2021-11-07;0;0;0;0;0;0;0;0;0;0;0;0;0;0;0;0;0;0
FR;11;2021-11-08;0;0;0;0;0;0;0;0;0;0;0;0;0;0;0;0;0;0
FR;11;2021-11-09;0;0;0;0;0;0;0;0;0;0;0;0;0;0;0;0;0;0
FR;11;2021-11-10;0;0;0;0;0;0;0;0;0;0;0;0;0;0;0;0;0;0
FR;11;2021-11-11;0;0;0;0;0;0;0;0;0;0;0;0;0;0;0;0;0;0
FR;11;2021-11-12;0;0;0;0;0;0;0;0;0;0;0;0;0;0;0;0;0;0
FR;11;2021-11-13;0;0;0;0;0;0;0;0;0;0;0;0;0;0;0;0;0;0
FR;11;2021-11-14;0;0;0;0;0;0;0;0;0;0;0;0;0;0;0;0;0;0
FR;11;2021-11-15;0;0;0;0;0;0;0;0;0;0;0;0;0;0;0;0;0;0
FR;11;2021-11-16;0;0;0;0;0;0;0;0;0;0;0;0;0;0;0;0;0;0
FR;11;2021-11-17;0;0;0;0;0;0;0;0;0;0;0;0;0;0;0;0;0;0
FR;11;2021-11-18;0;0;0;0;0;0;0;0;0;0;0;0;0;0;0;0;0;0
FR;11;2021-11-19;0;0;0;0;0;0;0;0;0;0;0;0;0;0;0;0;0;0
FR;11;2021-11-20;0;0;0;0;0;0;0;0;0;0;0;0;0;0;0;0;0;0
FR;11;2021-11-21;0;0;0;0;0;0;0;0;0;0;0;0;0;0;0;0;0;0
FR;11;2021-11-22;0;0;0;0;0;0;0;0;0;0;0;0;0;0;0;0;0;0
FR;11;2021-11-23;0;0;0;0;0;0;0;0;0;0;0;0;0;0;0;0;0;0
FR;11;2021-11-24;0;0;0;0;0;0;0;0;0;0;0;0;0;0;0;0;0;0
FR;11;2021-11-25;0;0;0;0;0;0;0;0;0;0;0;0;0;0;0;0;0;0
FR;11;2021-11-26;0;0;0;0;0;0;0;0;0;0;0;0;0;0;0;0;0;0
FR;11;2021-11-27;0;0;0;0;0;0;0;0;0;0;0;0;0;0;0;0;0;0
FR;11;2021-11-28;0;0;0;0;0;0;0;0;0;0;0;0;0;0;0;0;0;0
FR;11;2021-11-29;0;0;0;0;0;0;0;0;0;0;0;0;0;0;0;0;0;0
FR;11;2021-11-30;0;0;0;0;0;0;0;0;0;0;0;0;0;0;0;0;0;0
FR;11;2021-12-01;0;0;0;0;0;0;0;0;0;0;0;0;0;0;0;0;0;0
FR;11;2021-12-02;0;0;0;0;0;0;0;0;0;0;0;0;0;0;0;0;0;0
FR;11;2021-12-03;0;0;0;0;0;0;0;0;0;0;0;0;0;0;0;0;0;0
FR;11;2021-12-04;0;0;0;0;0;0;0;0;0;0;0;0;0;0;0;0;0;0
FR;11;2021-12-05;0;0;0;0;0;0;0;0;0;0;0;0;0;0;0;0;0;0
FR;11;2021-12-06;0;0;0;0;0;0;0;0;0;0;0;0;0;0;0;0;0;0
FR;11;2021-12-07;0;0;0;0;0;0;0;0;0;0;0;0;0;0;0;0;0;0
FR;11;2021-12-08;0;0;0;0;0;0;0;0;0;0;0;0;0;0;0;0;0;0
FR;11;2021-12-09;0;0;0;0;0;0;0;0;0;0;0;0;0;0;0;0;0;0
FR;11;2021-12-10;0;0;0;0;0;0;0;0;0;0;0;0;0;0;0;0;0;0
FR;11;2021-12-11;0;0;0;0;0;0;0;0;0;0;0;0;0;0;0;0;0;0
FR;11;2021-12-12;0;0;0;0;0;0;0;0;0;0;0;0;0;0;0;0;0;0
FR;11;2021-12-13;0;0;0;0;0;0;0;0;0;0;0;0;0;0;0;0;0;0
FR;11;2021-12-14;0;0;0;0;0;0;0;0;0;0;0;0;0;0;0;0;0;0
FR;11;2021-12-15;0;0;0;0;0;0;0;0;0;0;0;0;0;0;0;0;0;0
FR;11;2021-12-16;0;0;0;0;0;0;0;0;0;0;0;0;0;0;0;0;0;0
FR;11;2021-12-17;0;0;0;0;0;0;0;0;0;0;0;0;0;0;0;0;0;0
FR;11;2021-12-18;0;0;0;0;0;0;0;0;0;0;0;0;0;0;0;0;0;0
FR;11;2021-12-19;0;0;0;0;0;0;0;0;0;0;0;0;0;0;0;0;0;0
FR;11;2021-12-20;0;0;0;0;0;0;0;0;0;0;0;0;0;0;0;0;0;0
FR;11;2021-12-21;0;0;0;0;0;0;0;0;0;0;0;0;0;0;0;0;0;0
FR;11;2021-12-22;0;0;0;0;0;0;0;0;0;0;0;0;0;0;0;0;0;0
FR;11;2021-12-23;0;0;0;0;0;0;0;0;0;0;0;0;0;0;0;0;0;0
FR;11;2021-12-24;0;0;0;0;0;0;0;0;0;0;0;0;0;0;0;0;0;0
FR;11;2021-12-25;0;0;0;0;0;0;0;0;0;0;0;0;0;0;0;0;0;0
FR;11;2021-12-26;0;0;0;0;0;0;0;0;0;0;0;0;0;0;0;0;0;0
FR;11;2021-12-27;0;0;0;0;0;0;0;0;0;0;0;0;0;0;0;0;0;0
FR;11;2021-12-28;0;0;0;0;0;0;0;0;0;0;0;0;0;0;0;0;0;0
FR;11;2021-12-29;0;0;0;0;0;0;0;0;0;0;0;0;0;0;0;0;0;0
FR;11;2021-12-30;0;0;0;0;0;0;0;0;0;0;0;0;0;0;0;0;0;0
FR;11;2021-12-31;0;0;0;0;0;0;0;0;0;0;0;0;0;0;0;0;0;0
FR;11;2022-01-01;0;0;0;0;0;0;0;0;0;0;0;0;0;0;0;0;0;0
FR;11;2022-01-02;0;0;0;0;0;0;0;0;0;0;0;0;0;0;0;0;0;0
FR;11;2022-01-03;0;0;0;0;0;0;0;0;0;0;0;0;0;0;0;0;0;0
FR;11;2022-01-04;0;0;0;0;0;0;0;0;0;0;0;0;0;0;0;0;0;0
FR;11;2022-01-05;0;0;0;0;0;0;0;0;0;0;0;0;0;0;0;0;0;0
FR;11;2022-01-06;0;0;0;0;0;0;0;0;0;0;0;0;0;0;0;0;0;0
FR;11;2022-01-07;0;0;0;0;0;0;0;0;0;0;0;0;0;0;0;0;0;0
FR;11;2022-01-08;0;0;0;0;0;0;0;0;0;0;0;0;0;0;0;0;0;0
FR;11;2022-01-09;0;0;0;0;0;0;0;0;0;0;0;0;0;0;0;0;0;0
FR;11;2022-01-10;0;0;0;0;0;0;0;0;0;0;0;0;0;0;0;0;0;0
FR;11;2022-01-11;0;0;0;0;0;0;0;0;0;0;0;0;0;0;0;0;0;0
FR;11;2022-01-12;0;0;0;0;0;0;0;0;0;0;0;0;0;0;0;0;0;0
FR;11;2022-01-13;0;0;0;0;0;0;0;0;0;0;0;0;0;0;0;0;0;0
FR;11;2022-01-14;0;0;0;0;0;0;0;0;0;0;0;0;0;0;0;0;0;0
FR;11;2022-01-15;0;0;0;0;0;0;0;0;0;0;0;0;0;0;0;0;0;0
FR;11;2022-01-16;0;0;0;0;0;0;0;0;0;0;0;0;0;0;0;0;0;0
FR;11;2022-01-17;0;0;0;0;0;0;0;0;0;0;0;0;0;0;0;0;0;0
FR;11;2022-01-18;0;0;0;0;0;0;0;0;0;0;0;0;0;0;0;0;0;0
FR;11;2022-01-19;0;0;0;0;0;0;0;0;0;0;0;0;0;0;0;0;0;0
FR;11;2022-01-20;0;0;0;0;0;0;0;0;0;0;0;0;0;0;0;0;0;0
FR;11;2022-01-21;0;0;0;0;0;0;0;0;0;0;0;0;0;0;0;0;0;0
FR;11;2022-01-22;0;0;0;0;0;0;0;0;0;0;0;0;0;0;0;0;0;0
FR;11;2022-01-23;0;0;0;0;0;0;0;0;0;0;0;0;0;0;0;0;0;0
FR;11;2022-01-24;0;0;0;0;0;0;0;0;0;0;0;0;0;0;0;0;0;0
FR;11;2022-01-25;0;0;0;0;0;0;0;0;0;0;0;0;0;0;0;0;0;0
FR;11;2022-01-26;0;0;0;0;0;0;0;0;0;0;0;0;0;0;0;0;0;0
FR;11;2022-01-27;0;0;0;0;0;0;0;0;0;0;0;0;0;0;0;0;0;0
FR;11;2022-01-28;0;0;0;0;0;0;0;0;0;0;0;0;0;0;0;0;0;0
FR;11;2022-01-29;0;0;0;0;0;0;0;0;0;0;0;0;0;0;0;0;0;0
FR;11;2022-01-30;0;0;0;0;0;0;0;0;0;0;0;0;0;0;0;0;0;0
FR;11;2022-01-31;0;0;0;0;0;0;0;0;0;0;0;0;0;0;0;0;0;0
FR;11;2022-02-01;0;0;0;0;0;0;0;0;0;0;0;0;0;0;0;0;0;0
FR;11;2022-02-02;0;0;0;0;0;0;0;0;0;0;0;0;0;0;0;0;0;0
FR;11;2022-02-03;0;0;0;0;0;0;0;0;0;0;0;0;0;0;0;0;0;0
FR;11;2022-02-04;0;0;0;0;0;0;0;0;0;0;0;0;0;0;0;0;0;0
FR;11;2022-02-05;0;0;0;0;0;0;0;0;0;0;0;0;0;0;0;0;0;0
FR;11;2022-02-06;0;0;0;0;0;0;0;0;0;0;0;0;0;0;0;0;0;0
FR;11;2022-02-07;0;0;0;0;0;0;0;0;0;0;0;0;0;0;0;0;0;0
FR;11;2022-02-08;0;0;0;0;0;0;0;0;0;0;0;0;0;0;0;0;0;0
FR;11;2022-02-09;0;0;0;0;0;0;0;0;0;0;0;0;0;0;0;0;0;0
FR;11;2022-02-10;0;0;0;0;0;0;0;0;0;0;0;0;0;0;0;0;0;0
FR;11;2022-02-11;0;0;0;0;0;0;0;0;0;0;0;0;0;0;0;0;0;0
FR;11;2022-02-12;0;0;0;0;0;0;0;0;0;0;0;0;0;0;0;0;0;0
FR;11;2022-02-13;0;0;0;0;0;0;0;0;0;0;0;0;0;0;0;0;0;0
FR;11;2022-02-14;0;0;0;0;0;0;0;0;0;0;0;0;0;0;0;0;0;0
FR;11;2022-02-15;0;0;0;0;0;0;0;0;0;0;0;0;0;0;0;0;0;0
FR;11;2022-02-16;0;0;0;0;0;0;0;0;0;0;0;0;0;0;0;0;0;0
FR;11;2022-02-17;0;0;0;0;0;0;0;0;0;0;0;0;0;0;0;0;0;0
FR;11;2022-02-18;0;0;0;0;0;0;0;0;0;0;0;0;0;0;0;0;0;0
FR;11;2022-02-19;0;0;0;0;0;0;0;0;0;0;0;0;0;0;0;0;0;0
FR;11;2022-02-20;0;0;0;0;0;0;0;0;0;0;0;0;0;0;0;0;0;0
FR;11;2022-02-21;0;0;0;0;0;0;0;0;0;0;0;0;0;0;0;0;0;0
FR;11;2022-02-22;0;0;0;0;0;0;0;0;0;0;0;0;0;0;0;0;0;0
FR;11;2022-02-23;0;0;0;0;0;0;0;0;0;0;0;0;0;0;0;0;0;0
FR;11;2022-02-24;0;0;0;0;0;0;0;0;0;0;0;0;0;0;0;0;0;0
FR;11;2022-02-25;0;0;0;0;0;0;0;0;0;0;0;0;0;0;0;0;0;0
FR;11;2022-02-26;0;0;0;0;0;0;0;0;0;0;0;0;0;0;0;0;0;0
FR;11;2022-02-27;0;0;0;0;0;0;0;0;0;0;0;0;0;0;0;0;0;0
FR;11;2022-02-28;0;0;0;0;0;0;0;0;0;0;0;0;0;0;0;0;0;0
FR;11;2022-03-01;0;0;0;0;0;0;0;0;0;0;0;0;0;0;0;0;0;0
FR;11;2022-03-02;0;0;0;0;0;0;0;0;0;0;0;0;0;0;0;0;0;0
FR;11;2022-03-03;0;0;0;0;0;0;0;0;0;0;0;0;0;0;0;0;0;0
FR;11;2022-03-04;0;0;0;0;0;0;0;0;0;0;0;0;0;0;0;0;0;0
FR;11;2022-03-05;0;0;0;0;0;0;0;0;0;0;0;0;0;0;0;0;0;0
FR;11;2022-03-06;0;0;0;0;0;0;0;0;0;0;0;0;0;0;0;0;0;0
FR;11;2022-03-07;0;0;0;0;0;0;0;0;0;0;0;0;0;0;0;0;0;0
FR;11;2022-03-08;0;0;0;0;0;0;0;0;0;0;0;0;0;0;0;0;0;0
FR;11;2022-03-09;0;0;0;0;0;0;0;0;0;0;0;0;0;0;0;0;0;0
FR;11;2022-03-10;0;0;0;0;0;0;0;0;0;0;0;0;0;0;0;0;0;0
FR;11;2022-03-11;0;0;0;0;0;0;0;0;0;0;0;0;0;0;0;0;0;0
FR;11;2022-03-12;0;0;0;0;0;0;0;0;0;0;0;0;0;0;0;0;0;0
FR;11;2022-03-13;0;0;0;0;0;0;0;0;0;0;0;0;0;0;0;0;0;0
FR;11;2022-03-14;0;0;0;0;0;0;0;0;0;0;0;0;0;0;0;0;0;0
FR;11;2022-03-15;0;0;0;0;0;0;0;0;0;0;0;0;0;0;0;0;0;0
FR;11;2022-03-16;0;0;0;0;0;0;0;0;0;0;0;0;0;0;0;0;0;0
FR;11;2022-03-17;0;0;0;0;0;0;0;0;0;0;0;0;0;0;0;0;0;0
FR;11;2022-03-18;0;0;0;0;0;0;0;0;0;0;0;0;0;0;0;0;0;0
FR;11;2022-03-19;0;0;0;0;0;0;0;0;0;0;0;0;0;0;0;0;0;0
FR;11;2022-03-20;0;0;0;0;0;0;0;0;0;0;0;0;0;0;0;0;0;0
FR;11;2022-03-21;0;0;0;0;0;0;0;0;0;0;0;0;0;0;0;0;0;0
FR;11;2022-03-22;0;0;0;0;0;0;0;0;0;0;0;0;0;0;0;0;0;0
FR;11;2022-03-23;0;0;0;0;0;0;0;0;0;0;0;0;0;0;0;0;0;0
FR;11;2022-03-24;0;0;0;0;0;0;0;0;0;0;0;0;0;0;0;0;0;0
FR;11;2022-03-25;0;0;0;0;0;0;0;0;0;0;0;0;0;0;0;0;0;0
FR;11;2022-03-26;0;0;0;0;0;0;0;0;0;0;0;0;0;0;0;0;0;0
FR;11;2022-03-27;0;0;0;0;0;0;0;0;0;0;0;0;0;0;0;0;0;0
FR;11;2022-03-28;0;0;0;0;0;0;0;0;0;0;0;0;0;0;0;0;0;0
FR;11;2022-03-29;0;0;0;0;0;0;0;0;0;0;0;0;0;0;0;0;0;0
FR;11;2022-03-30;0;0;0;0;0;0;0;0;0;0;0;0;0;0;0;0;0;0
FR;11;2022-03-31;0;0;0;0;0;0;0;0;0;0;0;0;0;0;0;0;0;0
FR;11;2022-04-01;0;0;0;0;0;0;0;0;0;0;0;0;0;0;0;0;0;0
FR;11;2022-04-02;0;0;0;0;0;0;0;0;0;0;0;0;0;0;0;0;0;0
FR;11;2022-04-03;0;0;0;0;0;0;0;0;0;0;0;0;0;0;0;0;0;0
FR;11;2022-04-04;0;0;0;0;0;0;0;0;0;0;0;0;0;0;0;0;0;0
FR;11;2022-04-05;0;0;0;0;0;0;0;0;0;0;0;0;0;0;0;0;0;0
FR;11;2022-04-06;0;0;0;0;0;0;0;0;0;0;0;0;0;0;0;0;0;0
FR;11;2022-04-07;0;0;0;0;0;0;0;0;0;0;0;0;0;0;0;0;0;0
FR;11;2022-04-08;0;0;0;0;0;0;0;0;0;0;0;0;0;0;0;0;0;0
FR;11;2022-04-09;0;0;0;0;0;0;0;0;0;0;0;0;0;0;0;0;0;0
FR;11;2022-04-10;0;0;0;0;0;0;0;0;0;0;0;0;0;0;0;0;0;0
FR;11;2022-04-11;0;0;0;0;0;0;0;0;0;0;0;0;0;0;0;0;0;0
FR;11;2022-04-12;0;0;0;0;0;0;0;0;0;0;0;0;0;0;0;0;0;0
FR;11;2022-04-13;0;0;0;0;0;0;0;0;0;0;0;0;0;0;0;0;0;0
FR;11;2022-04-14;0;0;0;0;0;0;0;0;0;0;0;0;0;0;0;0;0;0
FR;11;2022-04-15;0;0;0;0;0;0;0;0;0;0;0;0;0;0;0;0;0;0
FR;11;2022-04-16;0;0;0;0;0;0;0;0;0;0;0;0;0;0;0;0;0;0
FR;11;2022-04-17;0;0;0;0;0;0;0;0;0;0;0;0;0;0;0;0;0;0
FR;11;2022-04-18;0;0;0;0;0;0;0;0;0;0;0;0;0;0;0;0;0;0
FR;11;2022-04-19;0;0;0;0;0;0;0;0;0;0;0;0;0;0;0;0;0;0
FR;11;2022-04-20;0;0;0;0;0;0;0;0;0;0;0;0;0;0;0;0;0;0
FR;11;2022-04-21;0;0;0;0;0;0;0;0;0;0;0;0;0;0;0;0;0;0
FR;11;2022-04-22;0;0;0;0;0;0;0;0;0;0;0;0;0;0;0;0;0;0
FR;11;2022-04-23;0;0;0;0;0;0;0;0;0;0;0;0;0;0;0;0;0;0
FR;11;2022-04-24;0;0;0;0;0;0;0;0;0;0;0;0;0;0;0;0;0;0
FR;11;2022-04-25;0;0;0;0;0;0;0;0;0;0;0;0;0;0;0;0;0;0
FR;11;2022-04-26;0;0;0;0;0;0;0;0;0;0;0;0;0;0;0;0;0;0
FR;11;2022-04-27;0;0;0;0;0;0;0;0;0;0;0;0;0;0;0;0;0;0
FR;11;2022-04-28;0;0;0;0;0;0;0;0;0;0;0;0;0;0;0;0;0;0
FR;11;2022-04-29;0;0;0;0;0;0;0;0;0;0;0;0;0;0;0;0;0;0
FR;11;2022-04-30;0;0;0;0;0;0;0;0;0;0;0;0;0;0;0;0;0;0
FR;11;2022-05-01;0;0;0;0;0;0;0;0;0;0;0;0;0;0;0;0;0;0
FR;11;2022-05-02;0;0;0;0;0;0;0;0;0;0;0;0;0;0;0;0;0;0
FR;11;2022-05-03;0;0;0;0;0;0;0;0;0;0;0;0;0;0;0;0;0;0
FR;11;2022-05-04;0;0;0;0;0;0;0;0;0;0;0;0;0;0;0;0;0;0
FR;11;2022-05-05;0;0;0;0;0;0;0;0;0;0;0;0;0;0;0;0;0;0
FR;11;2022-05-06;0;0;0;0;0;0;0;0;0;0;0;0;0;0;0;0;0;0
FR;11;2022-05-07;0;0;0;0;0;0;0;0;0;0;0;0;0;0;0;0;0;0
FR;11;2022-05-08;0;0;0;0;0;0;0;0;0;0;0;0;0;0;0;0;0;0
FR;11;2022-05-09;0;0;0;0;0;0;0;0;0;0;0;0;0;0;0;0;0;0
FR;11;2022-05-10;0;0;0;0;0;0;0;0;0;0;0;0;0;0;0;0;0;0
FR;11;2022-05-11;0;0;0;0;0;0;0;0;0;0;0;0;0;0;0;0;0;0
FR;11;2022-05-12;0;0;0;0;0;0;0;0;0;0;0;0;0;0;0;0;0;0
FR;11;2022-05-13;0;0;0;0;0;0;0;0;0;0;0;0;0;0;0;0;0;0
FR;11;2022-05-14;0;0;0;0;0;0;0;0;0;0;0;0;0;0;0;0;0;0
FR;11;2022-05-15;0;0;0;0;0;0;0;0;0;0;0;0;0;0;0;0;0;0
FR;11;2022-05-16;0;0;0;0;0;0;0;0;0;0;0;0;0;0;0;0;0;0
FR;11;2022-05-17;0;0;0;0;0;0;0;0;0;0;0;0;0;0;0;0;0;0
FR;11;2022-05-18;0;0;0;0;0;0;0;0;0;0;0;0;0;0;0;0;0;0
FR;11;2022-05-19;0;0;0;0;0;0;0;0;0;0;0;0;0;0;0;0;0;0
FR;11;2022-05-20;0;0;0;0;0;0;0;0;0;0;0;0;0;0;0;0;0;0
FR;11;2022-05-21;0;0;0;0;0;0;0;0;0;0;0;0;0;0;0;0;0;0
FR;11;2022-05-22;0;0;0;0;0;0;0;0;0;0;0;0;0;0;0;0;0;0
FR;11;2022-05-23;0;0;0;0;0;0;0;0;0;0;0;0;0;0;0;0;0;0
FR;11;2022-05-24;0;0;0;0;0;0;0;0;0;0;0;0;0;0;0;0;0;0
FR;11;2022-05-25;0;0;0;0;0;0;0;0;0;0;0;0;0;0;0;0;0;0
FR;11;2022-05-26;0;0;0;0;0;0;0;0;0;0;0;0;0;0;0;0;0;0
FR;11;2022-05-27;0;0;0;0;0;0;0;0;0;0;0;0;0;0;0;0;0;0
FR;11;2022-05-28;0;0;0;0;0;0;0;0;0;0;0;0;0;0;0;0;0;0
FR;11;2022-05-29;0;0;0;0;0;0;0;0;0;0;0;0;0;0;0;0;0;0
FR;11;2022-05-30;0;0;0;0;0;0;0;0;0;0;0;0;0;0;0;0;0;0
FR;11;2022-05-31;0;0;0;0;0;0;0;0;0;0;0;0;0;0;0;0;0;0
FR;11;2022-06-01;0;0;0;0;0;0;0;0;0;0;0;0;0;0;0;0;0;0
FR;11;2022-06-02;0;0;0;0;0;0;0;0;0;0;0;0;0;0;0;0;0;0
FR;11;2022-06-03;0;0;0;0;0;0;0;0;0;0;0;0;0;0;0;0;0;0
FR;11;2022-06-04;0;0;0;0;0;0;0;0;0;0;0;0;0;0;0;0;0;0
FR;11;2022-06-05;0;0;0;0;0;0;0;0;0;0;0;0;0;0;0;0;0;0
FR;11;2022-06-06;0;0;0;0;0;0;0;0;0;0;0;0;0;0;0;0;0;0
FR;11;2022-06-07;0;0;0;0;0;0;0;0;0;0;0;0;0;0;0;0;0;0
FR;11;2022-06-08;0;0;0;0;0;0;0;0;0;0;0;0;0;0;0;0;0;0
FR;11;2022-06-09;0;0;0;0;0;0;0;0;0;0;0;0;0;0;0;0;0;0
FR;11;2022-06-10;0;0;0;0;0;0;0;0;0;0;0;0;0;0;0;0;0;0
FR;11;2022-06-11;0;0;0;0;0;0;0;0;0;0;0;0;0;0;0;0;0;0
FR;11;2022-06-12;0;0;0;0;0;0;0;0;0;0;0;0;0;0;0;0;0;0
FR;11;2022-06-13;0;0;0;0;0;0;0;0;0;0;0;0;0;0;0;0;0;0
FR;11;2022-06-14;0;0;0;0;0;0;0;0;0;0;0;0;0;0;0;0;0;0
FR;11;2022-06-15;0;0;0;0;0;0;0;0;0;0;0;0;0;0;0;0;0;0
FR;11;2022-06-16;0;0;0;0;0;0;0;0;0;0;0;0;0;0;0;0;0;0
FR;11;2022-06-17;0;0;0;0;0;0;0;0;0;0;0;0;0;0;0;0;0;0
FR;11;2022-06-18;0;0;0;0;0;0;0;0;0;0;0;0;0;0;0;0;0;0
FR;11;2022-06-19;0;0;0;0;0;0;0;0;0;0;0;0;0;0;0;0;0;0
FR;11;2022-06-20;0;0;0;0;0;0;0;0;0;0;0;0;0;0;0;0;0;0
FR;11;2022-06-21;0;0;0;0;0;0;0;0;0;0;0;0;0;0;0;0;0;0
FR;11;2022-06-22;0;0;0;0;0;0;0;0;0;0;0;0;0;0;0;0;0;0
FR;11;2022-06-23;0;0;0;0;0;0;0;0;0;0;0;0;0;0;0;0;0;0
FR;11;2022-06-24;0;0;0;0;0;0;0;0;0;0;0;0;0;0;0;0;0;0
FR;11;2022-06-25;0;0;0;0;0;0;0;0;0;0;0;0;0;0;0;0;0;0
FR;11;2022-06-26;0;0;0;0;0;0;0;0;0;0;0;0;0;0;0;0;0;0
FR;11;2022-06-27;0;0;0;0;0;0;0;0;0;0;0;0;0;0;0;0;0;0
FR;11;2022-06-28;0;0;0;0;0;0;0;0;0;0;0;0;0;0;0;0;0;0
FR;11;2022-06-29;0;0;0;0;0;0;0;0;0;0;0;0;0;0;0;0;0;0
FR;11;2022-06-30;0;0;0;0;0;0;0;0;0;0;0;0;0;0;0;0;0;0
FR;11;2022-07-01;0;0;0;0;0;0;0;0;0;0;0;0;0;0;0;0;0;0
FR;11;2022-07-02;0;0;0;0;0;0;0;0;0;0;0;0;0;0;0;0;0;0
FR;11;2022-07-03;0;0;0;0;0;0;0;0;0;0;0;0;0;0;0;0;0;0
FR;11;2022-07-04;0;0;0;0;0;0;0;0;0;0;0;0;0;0;0;0;0;0
FR;11;2022-07-05;0;0;0;0;0;0;0;0;0;0;0;0;0;0;0;0;0;0
FR;11;2022-07-06;0;0;0;0;0;0;0;0;0;0;0;0;0;0;0;0;0;0
FR;11;2022-07-07;0;0;0;0;0;0;0;0;0;0;0;0;0;0;0;0;0;0
FR;11;2022-07-08;0;0;0;0;0;0;0;0;0;0;0;0;0;0;0;0;0;0
FR;11;2022-07-09;0;0;0;0;0;0;0;0;0;0;0;0;0;0;0;0;0;0
FR;11;2022-07-10;0;0;0;0;0;0;0;0;0;0;0;0;0;0;0;0;0;0
FR;11;2022-07-11;0;0;0;0;0;0;0;0;0;0;0;0;0;0;0;0;0;0
FR;11;2022-07-12;0;0;0;0;0;0;0;0;0;0;0;0;0;0;0;0;0;0
FR;11;2022-07-13;0;0;0;0;0;0;0;0;0;0;0;0;0;0;0;0;0;0
FR;11;2022-07-14;0;0;0;0;0;0;0;0;0;0;0;0;0;0;0;0;0;0
FR;11;2022-07-15;0;0;0;0;0;0;0;0;0;0;0;0;0;0;0;0;0;0
FR;11;2022-07-16;0;0;0;0;0;0;0;0;0;0;0;0;0;0;0;0;0;0
FR;11;2022-07-17;0;0;0;0;0;0;0;0;0;0;0;0;0;0;0;0;0;0
FR;11;2022-07-18;0;0;0;0;0;0;0;0;0;0;0;0;0;0;0;0;0;0
FR;11;2022-07-19;0;0;0;0;0;0;0;0;0;0;0;0;0;0;0;0;0;0
FR;11;2022-07-20;0;0;0;0;0;0;0;0;0;0;0;0;0;0;0;0;0;0
FR;11;2022-07-21;0;0;0;0;0;0;0;0;0;0;0;0;0;0;0;0;0;0
FR;11;2022-07-22;0;0;0;0;0;0;0;0;0;0;0;0;0;0;0;0;0;0
FR;11;2022-07-23;0;0;0;0;0;0;0;0;0;0;0;0;0;0;0;0;0;0
FR;11;2022-07-24;0;0;0;0;0;0;0;0;0;0;0;0;0;0;0;0;0;0
FR;11;2022-07-25;0;0;0;0;0;0;0;0;0;0;0;0;0;0;0;0;0;0
FR;11;2022-07-26;0;0;0;0;0;0;0;0;0;0;0;0;0;0;0;0;0;0
FR;11;2022-07-27;0;0;0;0;0;0;0;0;0;0;0;0;0;0;0;0;0;0
FR;11;2022-07-28;0;0;0;0;0;0;0;0;0;0;0;0;0;0;0;0;0;0
FR;11;2022-07-29;0;0;0;0;0;0;0;0;0;0;0;0;0;0;0;0;0;0
FR;11;2022-07-30;0;0;0;0;0;0;0;0;0;0;0;0;0;0;0;0;0;0
FR;11;2022-07-31;0;0;0;0;0;0;0;0;0;0;0;0;0;0;0;0;0;0
FR;11;2022-08-01;0;0;0;0;0;0;0;0;0;0;0;0;0;0;0;0;0;0
FR;11;2022-08-02;0;0;0;0;0;0;0;0;0;0;0;0;0;0;0;0;0;0
FR;11;2022-08-03;0;0;0;0;0;0;0;0;0;0;0;0;0;0;0;0;0;0
FR;11;2022-08-04;0;0;0;0;0;0;0;0;0;0;0;0;0;0;0;0;0;0
FR;11;2022-08-05;0;0;0;0;0;0;0;0;0;0;0;0;0;0;0;0;0;0
FR;11;2022-08-06;0;0;0;0;0;0;0;0;0;0;0;0;0;0;0;0;0;0
FR;11;2022-08-07;0;0;0;0;0;0;0;0;0;0;0;0;0;0;0;0;0;0
FR;11;2022-08-08;0;0;0;0;0;0;0;0;0;0;0;0;0;0;0;0;0;0
FR;11;2022-08-09;0;0;0;0;0;0;0;0;0;0;0;0;0;0;0;0;0;0
FR;11;2022-08-10;0;0;0;0;0;0;0;0;0;0;0;0;0;0;0;0;0;0
FR;11;2022-08-11;0;0;0;0;0;0;0;0;0;0;0;0;0;0;0;0;0;0
FR;11;2022-08-12;0;0;0;0;0;0;0;0;0;0;0;0;0;0;0;0;0;0
FR;11;2022-08-13;0;0;0;0;0;0;0;0;0;0;0;0;0;0;0;0;0;0
FR;11;2022-08-14;0;0;0;0;0;0;0;0;0;0;0;0;0;0;0;0;0;0
FR;11;2022-08-15;0;0;0;0;0;0;0;0;0;0;0;0;0;0;0;0;0;0
FR;11;2022-08-16;0;0;0;0;0;0;0;0;0;0;0;0;0;0;0;0;0;0
FR;11;2022-08-17;0;0;0;0;0;0;0;0;0;0;0;0;0;0;0;0;0;0
FR;11;2022-08-18;0;0;0;0;0;0;0;0;0;0;0;0;0;0;0;0;0;0
FR;11;2022-08-19;0;0;0;0;0;0;0;0;0;0;0;0;0;0;0;0;0;0
FR;11;2022-08-20;0;0;0;0;0;0;0;0;0;0;0;0;0;0;0;0;0;0
FR;11;2022-08-21;0;0;0;0;0;0;0;0;0;0;0;0;0;0;0;0;0;0
FR;11;2022-08-22;0;0;0;0;0;0;0;0;0;0;0;0;0;0;0;0;0;0
FR;11;2022-08-23;0;0;0;0;0;0;0;0;0;0;0;0;0;0;0;0;0;0
FR;11;2022-08-24;0;0;0;0;0;0;0;0;0;0;0;0;0;0;0;0;0;0
FR;11;2022-08-25;0;0;0;0;0;0;0;0;0;0;0;0;0;0;0;0;0;0
FR;11;2022-08-26;0;0;0;0;0;0;0;0;0;0;0;0;0;0;0;0;0;0
FR;11;2022-08-27;0;0;0;0;0;0;0;0;0;0;0;0;0;0;0;0;0;0
FR;11;2022-08-28;0;0;0;0;0;0;0;0;0;0;0;0;0;0;0;0;0;0
FR;11;2022-08-29;0;0;0;0;0;0;0;0;0;0;0;0;0;0;0;0;0;0
FR;11;2022-08-30;0;0;0;0;0;0;0;0;0;0;0;0;0;0;0;0;0;0
FR;11;2022-08-31;0;0;0;0;0;0;0;0;0;0;0;0;0;0;0;0;0;0
FR;11;2022-09-01;0;0;0;0;0;0;0;0;0;0;0;0;0;0;0;0;0;0
FR;11;2022-09-02;0;0;0;0;0;0;0;0;0;0;0;0;0;0;0;0;0;0
FR;11;2022-09-03;0;0;0;0;0;0;0;0;0;0;0;0;0;0;0;0;0;0
FR;11;2022-09-04;0;0;0;0;0;0;0;0;0;0;0;0;0;0;0;0;0;0
FR;11;2022-09-05;0;0;0;0;0;0;0;0;0;0;0;0;0;0;0;0;0;0
FR;11;2022-09-06;0;0;0;0;0;0;0;0;0;0;0;0;0;0;0;0;0;0
FR;11;2022-09-07;0;0;0;0;0;0;0;0;0;0;0;0;0;0;0;0;0;0
FR;11;2022-09-08;0;0;0;0;0;0;0;0;0;0;0;0;0;0;0;0;0;0
FR;11;2022-09-09;0;0;0;0;0;0;0;0;0;0;0;0;0;0;0;0;0;0
FR;11;2022-09-10;0;0;0;0;0;0;0;0;0;0;0;0;0;0;0;0;0;0
FR;11;2022-09-11;0;0;0;0;0;0;0;0;0;0;0;0;0;0;0;0;0;0
FR;11;2022-09-12;0;0;0;0;0;0;0;0;0;0;0;0;0;0;0;0;0;0
FR;11;2022-09-13;0;0;0;0;0;0;0;0;0;0;0;0;0;0;0;0;0;0
FR;11;2022-09-14;0;0;0;0;0;0;0;0;0;0;0;0;0;0;0;0;0;0
FR;11;2022-09-15;0;0;0;0;0;0;0;0;0;0;0;0;0;0;0;0;0;0
FR;11;2022-09-16;0;0;0;0;0;0;0;0;0;0;0;0;0;0;0;0;0;0
FR;11;2022-09-17;0;0;0;0;0;0;0;0;0;0;0;0;0;0;0;0;0;0
FR;11;2022-09-18;0;0;0;0;0;0;0;0;0;0;0;0;0;0;0;0;0;0
FR;11;2022-09-19;0;0;0;0;0;0;0;0;0;0;0;0;0;0;0;0;0;0
FR;11;2022-09-20;0;0;0;0;0;0;0;0;0;0;0;0;0;0;0;0;0;0
FR;11;2022-09-21;0;0;0;0;0;0;0;0;0;0;0;0;0;0;0;0;0;0
FR;11;2022-09-22;0;0;0;0;0;0;0;0;0;0;0;0;0;0;0;0;0;0
FR;11;2022-09-23;0;0;0;0;0;0;0;0;0;0;0;0;0;0;0;0;0;0
FR;11;2022-09-24;0;0;0;0;0;0;0;0;0;0;0;0;0;0;0;0;0;0
FR;11;2022-09-25;0;0;0;0;0;0;0;0;0;0;0;0;0;0;0;0;0;0
FR;11;2022-09-26;0;0;0;0;0;0;0;0;0;0;0;0;0;0;0;0;0;0
FR;11;2022-09-27;0;0;0;0;0;0;0;0;0;0;0;0;0;0;0;0;0;0
FR;11;2022-09-28;0;0;0;0;0;0;0;0;0;0;0;0;0;0;0;0;0;0
FR;11;2022-09-29;0;0;0;0;0;0;0;0;0;0;0;0;0;0;0;0;0;0
FR;11;2022-09-30;0;0;0;0;0;0;0;0;0;0;0;0;0;0;0;0;0;0
FR;11;2022-10-01;0;0;0;0;0;0;0;0;0;0;0;0;0;0;0;0;0;0
FR;11;2022-10-02;0;0;0;0;0;0;0;0;0;0;0;0;0;0;0;0;0;0
FR;11;2022-10-03;0;0;0;0;0;0;0;0;0;0;0;0;0;0;0;0;0;0
FR;11;2022-10-04;0;0;0;0;0;0;0;0;0;0;0;0;0;0;0;0;0;0
FR;11;2022-10-05;0;0;0;0;0;0;0;0;0;0;0;0;0;0;0;0;0;0
FR;11;2022-10-06;0;0;0;0;0;0;0;0;0;0;0;0;0;0;0;0;0;0
FR;11;2022-10-07;0;0;0;0;0;0;0;0;0;0;0;0;0;0;0;0;0;0
FR;11;2022-10-08;0;0;0;0;0;0;0;0;0;0;0;0;0;0;0;0;0;0
FR;11;2022-10-09;0;0;0;0;0;0;0;0;0;0;0;0;0;0;0;0;0;0
FR;11;2022-10-10;0;0;0;0;0;0;0;0;0;0;0;0;0;0;0;0;0;0
FR;11;2022-10-11;0;0;0;0;0;0;0;0;0;0;0;0;0;0;0;0;0;0
FR;11;2022-10-12;0;0;0;0;0;0;0;0;0;0;0;0;0;0;0;0;0;0
FR;11;2022-10-13;0;0;0;0;0;0;0;0;0;0;0;0;0;0;0;0;0;0
FR;11;2022-10-14;0;0;0;0;0;0;0;0;0;0;0;0;0;0;0;0;0;0
FR;11;2022-10-15;0;0;0;0;0;0;0;0;0;0;0;0;0;0;0;0;0;0
FR;11;2022-10-16;0;0;0;0;0;0;0;0;0;0;0;0;0;0;0;0;0;0
FR;11;2022-10-17;0;0;0;0;0;0;0;0;0;0;0;0;0;0;0;0;0;0
FR;11;2022-10-18;0;0;0;0;0;0;0;0;0;0;0;0;0;0;0;0;0;0
FR;11;2022-10-19;0;0;0;0;0;0;0;0;0;0;0;0;0;0;0;0;0;0
FR;11;2022-10-20;0;0;0;0;0;0;0;0;0;0;0;0;0;0;0;0;0;0
FR;11;2022-10-21;0;0;0;0;0;0;0;0;0;0;0;0;0;0;0;0;0;0
FR;11;2022-10-22;0;0;0;0;0;0;0;0;0;0;0;0;0;0;0;0;0;0
FR;11;2022-10-23;0;0;0;0;0;0;0;0;0;0;0;0;0;0;0;0;0;0
FR;11;2022-10-24;0;0;0;0;0;0;0;0;0;0;0;0;0;0;0;0;0;0
FR;11;2022-10-25;0;0;0;0;0;0;0;0;0;0;0;0;0;0;0;0;0;0
FR;11;2022-10-26;0;0;0;0;0;0;0;0;0;0;0;0;0;0;0;0;0;0
FR;11;2022-10-27;0;0;0;0;0;0;0;0;0;0;0;0;0;0;0;0;0;0
FR;11;2022-10-28;0;0;0;0;0;0;0;0;0;0;0;0;0;0;0;0;0;0
FR;11;2022-10-29;0;0;0;0;0;0;0;0;0;0;0;0;0;0;0;0;0;0
FR;11;2022-10-30;0;0;0;0;0;0;0;0;0;0;0;0;0;0;0;0;0;0
FR;11;2022-10-31;0;0;0;0;0;0;0;0;0;0;0;0;0;0;0;0;0;0
FR;11;2022-11-01;0;0;0;0;0;0;0;0;0;0;0;0;0;0;0;0;0;0
FR;11;2022-11-02;0;0;0;0;0;0;0;0;0;0;0;0;0;0;0;0;0;0
FR;11;2022-11-03;0;0;0;0;0;0;0;0;0;0;0;0;0;0;0;0;0;0
FR;11;2022-11-04;0;0;0;0;0;0;0;0;0;0;0;0;0;0;0;0;0;0
FR;11;2022-11-05;0;0;0;0;0;0;0;0;0;0;0;0;0;0;0;0;0;0
FR;11;2022-11-06;0;0;0;0;0;0;0;0;0;0;0;0;0;0;0;0;0;0
FR;11;2022-11-07;0;0;0;0;0;0;0;0;0;0;0;0;0;0;0;0;0;0
FR;11;2022-11-08;0;0;0;0;0;0;0;0;0;0;0;0;0;0;0;0;0;0
FR;11;2022-11-09;0;0;0;0;0;0;0;0;0;0;0;0;0;0;0;0;0;0
FR;11;2022-11-10;0;0;0;0;0;0;0;0;0;0;0;0;0;0;0;0;0;0
FR;11;2022-11-11;0;0;0;0;0;0;0;0;0;0;0;0;0;0;0;0;0;0
FR;11;2022-11-12;0;0;0;0;0;0;0;0;0;0;0;0;0;0;0;0;0;0
FR;11;2022-11-13;0;0;0;0;0;0;0;0;0;0;0;0;0;0;0;0;0;0
FR;11;2022-11-14;0;0;0;0;0;0;0;0;0;0;0;0;0;0;0;0;0;0
FR;11;2022-11-15;0;0;0;0;0;0;0;0;0;0;0;0;0;0;0;0;0;0
FR;11;2022-11-16;0;0;0;0;0;0;0;0;0;0;0;0;0;0;0;0;0;0
FR;11;2022-11-17;0;0;0;0;0;0;0;0;0;0;0;0;0;0;0;0;0;0
FR;11;2022-11-18;0;0;0;0;0;0;0;0;0;0;0;0;0;0;0;0;0;0
FR;11;2022-11-19;0;0;0;0;0;0;0;0;0;0;0;0;0;0;0;0;0;0
FR;11;2022-11-20;0;0;0;0;0;0;0;0;0;0;0;0;0;0;0;0;0;0
FR;11;2022-11-21;0;0;0;0;0;0;0;0;0;0;0;0;0;0;0;0;0;0
FR;11;2022-11-22;0;0;0;0;0;0;0;0;0;0;0;0;0;0;0;0;0;0
FR;11;2022-11-23;0;0;0;0;0;0;0;0;0;0;0;0;0;0;0;0;0;0
FR;11;2022-11-24;0;0;0;0;0;0;0;0;0;0;0;0;0;0;0;0;0;0
FR;11;2022-11-25;0;0;0;0;0;0;0;0;0;0;0;0;0;0;0;0;0;0
FR;11;2022-11-26;0;0;0;0;0;0;0;0;0;0;0;0;0;0;0;0;0;0
FR;11;2022-11-27;0;0;0;0;0;0;0;0;0;0;0;0;0;0;0;0;0;0
FR;11;2022-11-28;0;0;0;0;0;0;0;0;0;0;0;0;0;0;0;0;0;0
FR;11;2022-11-29;0;0;0;0;0;0;0;0;0;0;0;0;0;0;0;0;0;0
FR;11;2022-11-30;0;0;0;0;0;0;0;0;0;0;0;0;0;0;0;0;0;0
FR;11;2022-12-01;0;0;0;0;0;0;0;0;0;0;0;0;0;0;0;0;0;0
FR;11;2022-12-02;0;0;0;0;0;0;0;0;0;0;0;0;0;0;0;0;0;0
FR;11;2022-12-03;0;0;0;0;0;0;0;0;0;0;0;0;0;0;0;0;0;0
FR;11;2022-12-04;0;0;0;0;0;0;0;0;0;0;0;0;0;0;0;0;0;0
FR;11;2022-12-05;0;0;0;0;0;0;0;0;0;0;0;0;0;0;0;0;0;0
FR;11;2022-12-06;0;0;0;0;0;0;0;0;0;0;0;0;0;0;0;0;0;0
FR;11;2022-12-07;0;0;0;0;0;0;0;0;0;0;0;0;0;0;0;0;0;0
FR;11;2022-12-08;0;0;0;0;0;0;0;0;0;0;0;0;0;0;0;0;0;0
FR;11;2022-12-09;0;0;0;0;0;0;0;0;0;0;0;0;0;0;0;0;0;0
FR;11;2022-12-10;0;0;0;0;0;0;0;0;0;0;0;0;0;0;0;0;0;0
FR;11;2022-12-11;0;0;0;0;0;0;0;0;0;0;0;0;0;0;0;0;0;0
FR;11;2022-12-12;0;0;0;0;0;0;0;0;0;0;0;0;0;0;0;0;0;0
FR;11;2022-12-13;0;0;0;0;0;0;0;0;0;0;0;0;0;0;0;0;0;0
FR;11;2022-12-14;0;0;0;0;0;0;0;0;0;0;0;0;0;0;0;0;0;0
FR;11;2022-12-15;0;0;0;0;0;0;0;0;0;0;0;0;0;0;0;0;0;0
FR;11;2022-12-16;0;0;0;0;0;0;0;0;0;0;0;0;0;0;0;0;0;0
FR;11;2022-12-17;0;0;0;0;0;0;0;0;0;0;0;0;0;0;0;0;0;0
FR;11;2022-12-18;0;0;0;0;0;0;0;0;0;0;0;0;0;0;0;0;0;0
FR;11;2022-12-19;0;0;0;0;0;0;0;0;0;0;0;0;0;0;0;0;0;0
FR;11;2022-12-20;0;0;0;0;0;0;0;0;0;0;0;0;0;0;0;0;0;0
FR;11;2022-12-21;0;0;0;0;0;0;0;0;0;0;0;0;0;0;0;0;0;0
FR;11;2022-12-22;0;0;0;0;0;0;0;0;0;0;0;0;0;0;0;0;0;0
FR;11;2022-12-23;0;0;0;0;0;0;0;0;0;0;0;0;0;0;0;0;0;0
FR;11;2022-12-24;0;0;0;0;0;0;0;0;0;0;0;0;0;0;0;0;0;0
FR;11;2022-12-25;0;0;0;0;0;0;0;0;0;0;0;0;0;0;0;0;0;0
FR;11;2022-12-26;0;0;0;0;0;0;0;0;0;0;0;0;0;0;0;0;0;0
FR;11;2022-12-27;0;0;0;0;0;0;0;0;0;0;0;0;0;0;0;0;0;0
FR;11;2022-12-28;0;0;0;0;0;0;0;0;0;0;0;0;0;0;0;0;0;0
FR;11;2022-12-29;0;0;0;0;0;0;0;0;0;0;0;0;0;0;0;0;0;0
FR;11;2022-12-30;0;0;0;0;0;0;0;0;0;0;0;0;0;0;0;0;0;0
FR;11;2022-12-31;0;0;0;0;0;0;0;0;0;0;0;0;0;0;0;0;0;0
FR;11;2023-01-01;0;0;0;0;0;0;0;0;0;0;0;0;0;0;0;0;0;0
FR;11;2023-01-02;0;0;0;0;0;0;0;0;0;0;0;0;0;0;0;0;0;0
FR;11;2023-01-03;0;0;0;0;0;0;0;0;0;0;0;0;0;0;0;0;0;0
FR;11;2023-01-04;0;0;0;0;0;0;0;0;0;0;0;0;0;0;0;0;0;0
FR;11;2023-01-05;0;0;0;0;0;0;0;0;0;0;0;0;0;0;0;0;0;0
FR;11;2023-01-06;0;0;0;0;0;0;0;0;0;0;0;0;0;0;0;0;0;0
FR;11;2023-01-07;0;0;0;0;0;0;0;0;0;0;0;0;0;0;0;0;0;0
FR;11;2023-01-08;0;0;0;0;0;0;0;0;0;0;0;0;0;0;0;0;0;0
FR;11;2023-01-09;0;0;0;0;0;0;0;0;0;0;0;0;0;0;0;0;0;0
FR;11;2023-01-10;0;0;0;0;0;0;0;0;0;0;0;0;0;0;0;0;0;0
FR;11;2023-01-11;0;0;0;0;0;0;0;0;0;0;0;0;0;0;0;0;0;0
FR;11;2023-01-12;0;0;0;0;0;0;0;0;0;0;0;0;0;0;0;0;0;0
FR;11;2023-01-13;0;0;0;0;0;0;0;0;0;0;0;0;0;0;0;0;0;0
FR;11;2023-01-14;0;0;0;0;0;0;0;0;0;0;0;0;0;0;0;0;0;0
FR;11;2023-01-15;0;0;0;0;0;0;0;0;0;0;0;0;0;0;0;0;0;0
FR;11;2023-01-16;0;0;0;0;0;0;0;0;0;0;0;0;0;0;0;0;0;0
FR;11;2023-01-17;0;0;0;0;0;0;0;0;0;0;0;0;0;0;0;0;0;0
FR;11;2023-01-18;0;0;0;0;0;0;0;0;0;0;0;0;0;0;0;0;0;0
FR;11;2023-01-19;0;0;0;0;0;0;0;0;0;0;0;0;0;0;0;0;0;0
FR;11;2023-01-20;0;0;0;0;0;0;0;0;0;0;0;0;0;0;0;0;0;0
FR;11;2023-01-21;0;0;0;0;0;0;0;0;0;0;0;0;0;0;0;0;0;0
FR;11;2023-01-22;0;0;0;0;0;0;0;0;0;0;0;0;0;0;0;0;0;0
FR;11;2023-01-23;0;0;0;0;0;0;0;0;0;0;0;0;0;0;0;0;0;0
FR;11;2023-01-24;0;0;0;0;0;0;0;0;0;0;0;0;0;0;0;0;0;0
FR;11;2023-01-25;0;0;0;0;0;0;0;0;0;0;0;0;0;0;0;0;0;0
FR;11;2023-01-26;0;0;0;0;0;0;0;0;0;0;0;0;0;0;0;0;0;0
FR;11;2023-01-27;0;0;0;0;0;0;0;0;0;0;0;0;0;0;0;0;0;0
FR;11;2023-01-28;0;0;0;0;0;0;0;0;0;0;0;0;0;0;0;0;0;0
FR;11;2023-01-29;0;0;0;0;0;0;0;0;0;0;0;0;0;0;0;0;0;0
FR;11;2023-01-30;0;0;0;0;0;0;0;0;0;0;0;0;0;0;0;0;0;0
FR;11;2023-01-31;0;0;0;0;0;0;0;0;0;0;0;0;0;0;0;0;0;0
FR;11;2023-02-01;0;0;0;0;0;0;0;0;0;0;0;0;0;0;0;0;0;0
FR;11;2023-02-02;0;0;0;0;0;0;0;0;0;0;0;0;0;0;0;0;0;0
FR;11;2023-02-03;0;0;0;0;0;0;0;0;0;0;0;0;0;0;0;0;0;0
FR;11;2023-02-04;0;0;0;0;0;0;0;0;0;0;0;0;0;0;0;0;0;0
FR;11;2023-02-05;0;0;0;0;0;0;0;0;0;0;0;0;0;0;0;0;0;0
FR;11;2023-02-06;1;0;0;0;0;0;0;0;0;1;0;0;0;0;0;0;0;0
FR;11;2023-02-07;0;0;0;0;0;0;0;0;0;1;0;0;0;0;0;0;0;0
FR;11;2023-02-08;2;0;0;0;0;0;0;0;0;3;0;0;0;0;0;0;0;0
FR;11;2023-02-09;2;0;0;0;0;0;0;0;0;5;0;0;0;0;0;0;0;0
FR;11;2023-02-10;0;0;0;0;0;0;0;0;0;5;0;0;0;0;0;0;0;0
FR;11;2023-02-11;0;0;0;0;0;0;0;0;0;5;0;0;0;0;0;0;0;0
FR;11;2023-02-12;0;0;0;0;0;0;0;0;0;5;0;0;0;0;0;0;0;0
FR;11;2023-02-13;2;0;0;0;0;0;0;0;0;7;0;0;0;0;0;0;0;0
FR;11;2023-02-14;0;0;0;0;0;0;0;0;0;7;0;0;0;0;0;0;0;0
FR;11;2023-02-15;2;0;0;0;0;0;0;0;0;9;0;0;0;0;0;0;0;0
FR;11;2023-02-16;0;0;0;0;0;0;0;0;0;9;0;0;0;0;0;0;0;0
FR;11;2023-02-17;0;0;0;0;0;0;0;0;0;9;0;0;0;0;0;0;0;0
FR;11;2023-02-18;0;0;0;0;0;0;0;0;0;9;0;0;0;0;0;0;0;0
FR;11;2023-02-19;0;0;0;0;0;0;0;0;0;9;0;0;0;0;0;0;0;0
FR;11;2023-02-20;0;0;0;0;0;0;0;0;0;9;0;0;0;0;0;0;0;0
FR;11;2023-02-21;1;0;0;0;0;0;0;0;0;10;0;0;0;0;0;0;0;0
FR;11;2023-02-22;0;0;0;0;0;0;0;0;0;10;0;0;0;0;0;0;0;0
FR;11;2023-02-23;0;0;0;0;0;0;0;0;0;10;0;0;0;0;0;0;0;0
FR;11;2023-02-24;0;0;0;0;0;0;0;0;0;10;0;0;0;0;0;0;0;0
FR;11;2023-02-25;0;0;0;0;0;0;0;0;0;10;0;0;0;0;0;0;0;0
FR;11;2023-02-26;0;0;2;0;0;2;0;0;0;10;0;2;0;0;2;0;0;0
FR;11;2023-02-27;0;0;0;0;0;0;0;0;0;10;0;2;0;0;2;0;0;0
FR;11;2023-02-28;1;1;0;0;1;0;0;0;0;11;1;2;0;1;2;0;0;0
FR;11;2023-03-01;0;1;0;0;1;0;0;0;0;11;2;2;0;2;2;0;0;0
FR;11;2023-03-02;0;0;0;0;0;0;0;0;0;11;2;2;0;2;2;0;0;0
FR;11;2023-03-03;0;0;0;0;0;0;0;0;0;11;2;2;0;2;2;0;0;0
FR;11;2023-03-04;2;1;0;0;1;0;0;0;0;13;3;2;0;3;2;0;0;0
FR;11;2023-03-05;0;0;0;0;0;0;0;0;0;13;3;2;0;3;2;0;0;0
FR;11;2023-03-06;4;0;0;0;0;0;0;0;0;17;3;2;0;3;2;0;0;0
FR;11;2023-03-07;0;1;0;0;1;0;0;0;0;17;4;2;0;4;2;0;0;0
FR;11;2023-03-08;1;1;0;0;1;0;0;0;0;18;5;2;0;5;2;0;0;0
FR;11;2023-03-09;0;0;0;0;0;0;0;0;0;18;5;2;0;5;2;0;0;0
FR;11;2023-03-10;0;0;0;0;0;0;0;0;0;18;5;2;0;5;2;0;0;0
FR;11;2023-03-11;2;0;0;0;0;0;0;0;0;20;5;2;0;5;2;0;0;0
FR;11;2023-03-12;0;1;0;0;1;0;0;0;0;20;6;2;0;6;2;0;0;0
FR;11;2023-03-13;0;0;0;0;0;0;0;0;0;20;6;2;0;6;2;0;0;0
FR;11;2023-03-14;0;0;0;0;0;0;0;0;0;20;6;2;0;6;2;0;0;0
FR;11;2023-03-15;0;1;0;0;1;0;0;0;0;20;7;2;0;7;2;0;0;0
FR;11;2023-03-16;0;0;0;0;0;0;0;0;0;20;7;2;0;7;2;0;0;0
FR;12;2020-12-27;0;0;0;0;0;0;0;0;0;0;0;0;0;0;0;0;0;0
FR;12;2020-12-28;0;0;0;0;0;0;0;0;0;0;0;0;0;0;0;0;0;0
FR;12;2020-12-29;0;0;0;0;0;0;0;0;0;0;0;0;0;0;0;0;0;0
FR;12;2020-12-30;0;0;0;0;0;0;0;0;0;0;0;0;0;0;0;0;0;0
FR;12;2020-12-31;0;0;0;0;0;0;0;0;0;0;0;0;0;0;0;0;0;0
FR;12;2021-01-01;0;0;0;0;0;0;0;0;0;0;0;0;0;0;0;0;0;0
FR;12;2021-01-02;0;0;0;0;0;0;0;0;0;0;0;0;0;0;0;0;0;0
FR;12;2021-01-03;0;0;0;0;0;0;0;0;0;0;0;0;0;0;0;0;0;0
FR;12;2021-01-04;0;0;0;0;0;0;0;0;0;0;0;0;0;0;0;0;0;0
FR;12;2021-01-05;0;0;0;0;0;0;0;0;0;0;0;0;0;0;0;0;0;0
FR;12;2021-01-06;0;0;0;0;0;0;0;0;0;0;0;0;0;0;0;0;0;0
FR;12;2021-01-07;0;0;0;0;0;0;0;0;0;0;0;0;0;0;0;0;0;0
FR;12;2021-01-08;0;0;0;0;0;0;0;0;0;0;0;0;0;0;0;0;0;0
FR;12;2021-01-09;0;0;0;0;0;0;0;0;0;0;0;0;0;0;0;0;0;0
FR;12;2021-01-10;0;0;0;0;0;0;0;0;0;0;0;0;0;0;0;0;0;0
FR;12;2021-01-11;0;0;0;0;0;0;0;0;0;0;0;0;0;0;0;0;0;0
FR;12;2021-01-12;0;0;0;0;0;0;0;0;0;0;0;0;0;0;0;0;0;0
FR;12;2021-01-13;0;0;0;0;0;0;0;0;0;0;0;0;0;0;0;0;0;0
FR;12;2021-01-14;0;0;0;0;0;0;0;0;0;0;0;0;0;0;0;0;0;0
FR;12;2021-01-15;0;0;0;0;0;0;0;0;0;0;0;0;0;0;0;0;0;0
FR;12;2021-01-16;0;0;0;0;0;0;0;0;0;0;0;0;0;0;0;0;0;0
FR;12;2021-01-17;0;0;0;0;0;0;0;0;0;0;0;0;0;0;0;0;0;0
FR;12;2021-01-18;0;0;0;0;0;0;0;0;0;0;0;0;0;0;0;0;0;0
FR;12;2021-01-19;0;0;0;0;0;0;0;0;0;0;0;0;0;0;0;0;0;0
FR;12;2021-01-20;0;0;0;0;0;0;0;0;0;0;0;0;0;0;0;0;0;0
FR;12;2021-01-21;0;0;0;0;0;0;0;0;0;0;0;0;0;0;0;0;0;0
FR;12;2021-01-22;0;0;0;0;0;0;0;0;0;0;0;0;0;0;0;0;0;0
FR;12;2021-01-23;0;0;0;0;0;0;0;0;0;0;0;0;0;0;0;0;0;0
FR;12;2021-01-24;0;0;0;0;0;0;0;0;0;0;0;0;0;0;0;0;0;0
FR;12;2021-01-25;0;0;0;0;0;0;0;0;0;0;0;0;0;0;0;0;0;0
FR;12;2021-01-26;0;0;0;0;0;0;0;0;0;0;0;0;0;0;0;0;0;0
FR;12;2021-01-27;0;0;0;0;0;0;0;0;0;0;0;0;0;0;0;0;0;0
FR;12;2021-01-28;0;0;0;0;0;0;0;0;0;0;0;0;0;0;0;0;0;0
FR;12;2021-01-29;0;0;0;0;0;0;0;0;0;0;0;0;0;0;0;0;0;0
FR;12;2021-01-30;0;0;0;0;0;0;0;0;0;0;0;0;0;0;0;0;0;0
FR;12;2021-01-31;0;0;0;0;0;0;0;0;0;0;0;0;0;0;0;0;0;0
FR;12;2021-02-01;0;0;0;0;0;0;0;0;0;0;0;0;0;0;0;0;0;0
FR;12;2021-02-02;0;0;0;0;0;0;0;0;0;0;0;0;0;0;0;0;0;0
FR;12;2021-02-03;0;0;0;0;0;0;0;0;0;0;0;0;0;0;0;0;0;0
FR;12;2021-02-04;0;0;0;0;0;0;0;0;0;0;0;0;0;0;0;0;0;0
FR;12;2021-02-05;0;0;0;0;0;0;0;0;0;0;0;0;0;0;0;0;0;0
FR;12;2021-02-06;0;0;0;0;0;0;0;0;0;0;0;0;0;0;0;0;0;0
FR;12;2021-02-07;0;0;0;0;0;0;0;0;0;0;0;0;0;0;0;0;0;0
FR;12;2021-02-08;0;0;0;0;0;0;0;0;0;0;0;0;0;0;0;0;0;0
FR;12;2021-02-09;0;0;0;0;0;0;0;0;0;0;0;0;0;0;0;0;0;0
FR;12;2021-02-10;0;0;0;0;0;0;0;0;0;0;0;0;0;0;0;0;0;0
FR;12;2021-02-11;0;0;0;0;0;0;0;0;0;0;0;0;0;0;0;0;0;0
FR;12;2021-02-12;0;0;0;0;0;0;0;0;0;0;0;0;0;0;0;0;0;0
FR;12;2021-02-13;0;0;0;0;0;0;0;0;0;0;0;0;0;0;0;0;0;0
FR;12;2021-02-14;0;0;0;0;0;0;0;0;0;0;0;0;0;0;0;0;0;0
FR;12;2021-02-15;0;0;0;0;0;0;0;0;0;0;0;0;0;0;0;0;0;0
FR;12;2021-02-16;0;0;0;0;0;0;0;0;0;0;0;0;0;0;0;0;0;0
FR;12;2021-02-17;0;0;0;0;0;0;0;0;0;0;0;0;0;0;0;0;0;0
FR;12;2021-02-18;0;0;0;0;0;0;0;0;0;0;0;0;0;0;0;0;0;0
FR;12;2021-02-19;0;0;0;0;0;0;0;0;0;0;0;0;0;0;0;0;0;0
FR;12;2021-02-20;0;0;0;0;0;0;0;0;0;0;0;0;0;0;0;0;0;0
FR;12;2021-02-21;0;0;0;0;0;0;0;0;0;0;0;0;0;0;0;0;0;0
FR;12;2021-02-22;0;0;0;0;0;0;0;0;0;0;0;0;0;0;0;0;0;0
FR;12;2021-02-23;0;0;0;0;0;0;0;0;0;0;0;0;0;0;0;0;0;0
FR;12;2021-02-24;0;0;0;0;0;0;0;0;0;0;0;0;0;0;0;0;0;0
FR;12;2021-02-25;0;0;0;0;0;0;0;0;0;0;0;0;0;0;0;0;0;0
FR;12;2021-02-26;0;0;0;0;0;0;0;0;0;0;0;0;0;0;0;0;0;0
FR;12;2021-02-27;0;0;0;0;0;0;0;0;0;0;0;0;0;0;0;0;0;0
FR;12;2021-02-28;0;0;0;0;0;0;0;0;0;0;0;0;0;0;0;0;0;0
FR;12;2021-03-01;0;0;0;0;0;0;0;0;0;0;0;0;0;0;0;0;0;0
FR;12;2021-03-02;0;0;0;0;0;0;0;0;0;0;0;0;0;0;0;0;0;0
FR;12;2021-03-03;0;0;0;0;0;0;0;0;0;0;0;0;0;0;0;0;0;0
FR;12;2021-03-04;0;0;0;0;0;0;0;0;0;0;0;0;0;0;0;0;0;0
FR;12;2021-03-05;0;0;0;0;0;0;0;0;0;0;0;0;0;0;0;0;0;0
FR;12;2021-03-06;0;0;0;0;0;0;0;0;0;0;0;0;0;0;0;0;0;0
FR;12;2021-03-07;0;0;0;0;0;0;0;0;0;0;0;0;0;0;0;0;0;0
FR;12;2021-03-08;0;0;0;0;0;0;0;0;0;0;0;0;0;0;0;0;0;0
FR;12;2021-03-09;0;0;0;0;0;0;0;0;0;0;0;0;0;0;0;0;0;0
FR;12;2021-03-10;0;0;0;0;0;0;0;0;0;0;0;0;0;0;0;0;0;0
FR;12;2021-03-11;0;0;0;0;0;0;0;0;0;0;0;0;0;0;0;0;0;0
FR;12;2021-03-12;0;0;0;0;0;0;0;0;0;0;0;0;0;0;0;0;0;0
FR;12;2021-03-13;0;0;0;0;0;0;0;0;0;0;0;0;0;0;0;0;0;0
FR;12;2021-03-14;0;0;0;0;0;0;0;0;0;0;0;0;0;0;0;0;0;0
FR;12;2021-03-15;0;0;0;0;0;0;0;0;0;0;0;0;0;0;0;0;0;0
FR;12;2021-03-16;0;0;0;0;0;0;0;0;0;0;0;0;0;0;0;0;0;0
FR;12;2021-03-17;0;0;0;0;0;0;0;0;0;0;0;0;0;0;0;0;0;0
FR;12;2021-03-18;0;0;0;0;0;0;0;0;0;0;0;0;0;0;0;0;0;0
FR;12;2021-03-19;0;0;0;0;0;0;0;0;0;0;0;0;0;0;0;0;0;0
FR;12;2021-03-20;0;0;0;0;0;0;0;0;0;0;0;0;0;0;0;0;0;0
FR;12;2021-03-21;0;0;0;0;0;0;0;0;0;0;0;0;0;0;0;0;0;0
FR;12;2021-03-22;0;0;0;0;0;0;0;0;0;0;0;0;0;0;0;0;0;0
FR;12;2021-03-23;0;0;0;0;0;0;0;0;0;0;0;0;0;0;0;0;0;0
FR;12;2021-03-24;0;0;0;0;0;0;0;0;0;0;0;0;0;0;0;0;0;0
FR;12;2021-03-25;0;0;0;0;0;0;0;0;0;0;0;0;0;0;0;0;0;0
FR;12;2021-03-26;0;0;0;0;0;0;0;0;0;0;0;0;0;0;0;0;0;0
FR;12;2021-03-27;0;0;0;0;0;0;0;0;0;0;0;0;0;0;0;0;0;0
FR;12;2021-03-28;0;0;0;0;0;0;0;0;0;0;0;0;0;0;0;0;0;0
FR;12;2021-03-29;0;0;0;0;0;0;0;0;0;0;0;0;0;0;0;0;0;0
FR;12;2021-03-30;0;0;0;0;0;0;0;0;0;0;0;0;0;0;0;0;0;0
FR;12;2021-03-31;0;0;0;0;0;0;0;0;0;0;0;0;0;0;0;0;0;0
FR;12;2021-04-01;0;0;0;0;0;0;0;0;0;0;0;0;0;0;0;0;0;0
FR;12;2021-04-02;0;0;0;0;0;0;0;0;0;0;0;0;0;0;0;0;0;0
FR;12;2021-04-03;0;0;0;0;0;0;0;0;0;0;0;0;0;0;0;0;0;0
FR;12;2021-04-04;0;0;0;0;0;0;0;0;0;0;0;0;0;0;0;0;0;0
FR;12;2021-04-05;0;0;0;0;0;0;0;0;0;0;0;0;0;0;0;0;0;0
FR;12;2021-04-06;0;0;0;0;0;0;0;0;0;0;0;0;0;0;0;0;0;0
FR;12;2021-04-07;0;0;0;0;0;0;0;0;0;0;0;0;0;0;0;0;0;0
FR;12;2021-04-08;0;0;0;0;0;0;0;0;0;0;0;0;0;0;0;0;0;0
FR;12;2021-04-09;0;0;0;0;0;0;0;0;0;0;0;0;0;0;0;0;0;0
FR;12;2021-04-10;0;0;0;0;0;0;0;0;0;0;0;0;0;0;0;0;0;0
FR;12;2021-04-11;0;0;0;0;0;0;0;0;0;0;0;0;0;0;0;0;0;0
FR;12;2021-04-12;0;0;0;0;0;0;0;0;0;0;0;0;0;0;0;0;0;0
FR;12;2021-04-13;0;0;0;0;0;0;0;0;0;0;0;0;0;0;0;0;0;0
FR;12;2021-04-14;0;0;0;0;0;0;0;0;0;0;0;0;0;0;0;0;0;0
FR;12;2021-04-15;0;0;0;0;0;0;0;0;0;0;0;0;0;0;0;0;0;0
FR;12;2021-04-16;0;0;0;0;0;0;0;0;0;0;0;0;0;0;0;0;0;0
FR;12;2021-04-17;0;0;0;0;0;0;0;0;0;0;0;0;0;0;0;0;0;0
FR;12;2021-04-18;0;0;0;0;0;0;0;0;0;0;0;0;0;0;0;0;0;0
FR;12;2021-04-19;0;0;0;0;0;0;0;0;0;0;0;0;0;0;0;0;0;0
FR;12;2021-04-20;0;0;0;0;0;0;0;0;0;0;0;0;0;0;0;0;0;0
FR;12;2021-04-21;0;0;0;0;0;0;0;0;0;0;0;0;0;0;0;0;0;0
FR;12;2021-04-22;0;0;0;0;0;0;0;0;0;0;0;0;0;0;0;0;0;0
FR;12;2021-04-23;0;0;0;0;0;0;0;0;0;0;0;0;0;0;0;0;0;0
FR;12;2021-04-24;0;0;0;0;0;0;0;0;0;0;0;0;0;0;0;0;0;0
FR;12;2021-04-25;0;0;0;0;0;0;0;0;0;0;0;0;0;0;0;0;0;0
FR;12;2021-04-26;0;0;0;0;0;0;0;0;0;0;0;0;0;0;0;0;0;0
FR;12;2021-04-27;0;0;0;0;0;0;0;0;0;0;0;0;0;0;0;0;0;0
FR;12;2021-04-28;0;0;0;0;0;0;0;0;0;0;0;0;0;0;0;0;0;0
FR;12;2021-04-29;0;0;0;0;0;0;0;0;0;0;0;0;0;0;0;0;0;0
FR;12;2021-04-30;0;0;0;0;0;0;0;0;0;0;0;0;0;0;0;0;0;0
FR;12;2021-05-01;0;0;0;0;0;0;0;0;0;0;0;0;0;0;0;0;0;0
FR;12;2021-05-02;0;0;0;0;0;0;0;0;0;0;0;0;0;0;0;0;0;0
FR;12;2021-05-03;0;0;0;0;0;0;0;0;0;0;0;0;0;0;0;0;0;0
FR;12;2021-05-04;0;0;0;0;0;0;0;0;0;0;0;0;0;0;0;0;0;0
FR;12;2021-05-05;0;0;0;0;0;0;0;0;0;0;0;0;0;0;0;0;0;0
FR;12;2021-05-06;0;0;0;0;0;0;0;0;0;0;0;0;0;0;0;0;0;0
FR;12;2021-05-07;0;0;0;0;0;0;0;0;0;0;0;0;0;0;0;0;0;0
FR;12;2021-05-08;0;0;0;0;0;0;0;0;0;0;0;0;0;0;0;0;0;0
FR;12;2021-05-09;0;0;0;0;0;0;0;0;0;0;0;0;0;0;0;0;0;0
FR;12;2021-05-10;0;0;0;0;0;0;0;0;0;0;0;0;0;0;0;0;0;0
FR;12;2021-05-11;0;0;0;0;0;0;0;0;0;0;0;0;0;0;0;0;0;0
FR;12;2021-05-12;0;0;0;0;0;0;0;0;0;0;0;0;0;0;0;0;0;0
FR;12;2021-05-13;0;0;0;0;0;0;0;0;0;0;0;0;0;0;0;0;0;0
FR;12;2021-05-14;0;0;0;0;0;0;0;0;0;0;0;0;0;0;0;0;0;0
FR;12;2021-05-15;0;0;0;0;0;0;0;0;0;0;0;0;0;0;0;0;0;0
FR;12;2021-05-16;0;0;0;0;0;0;0;0;0;0;0;0;0;0;0;0;0;0
FR;12;2021-05-17;0;0;0;0;0;0;0;0;0;0;0;0;0;0;0;0;0;0
FR;12;2021-05-18;0;0;0;0;0;0;0;0;0;0;0;0;0;0;0;0;0;0
FR;12;2021-05-19;0;0;0;0;0;0;0;0;0;0;0;0;0;0;0;0;0;0
FR;12;2021-05-20;0;0;0;0;0;0;0;0;0;0;0;0;0;0;0;0;0;0
FR;12;2021-05-21;0;0;0;0;0;0;0;0;0;0;0;0;0;0;0;0;0;0
FR;12;2021-05-22;0;0;0;0;0;0;0;0;0;0;0;0;0;0;0;0;0;0
FR;12;2021-05-23;0;0;0;0;0;0;0;0;0;0;0;0;0;0;0;0;0;0
FR;12;2021-05-24;0;0;0;0;0;0;0;0;0;0;0;0;0;0;0;0;0;0
FR;12;2021-05-25;0;0;0;0;0;0;0;0;0;0;0;0;0;0;0;0;0;0
FR;12;2021-05-26;0;0;0;0;0;0;0;0;0;0;0;0;0;0;0;0;0;0
FR;12;2021-05-27;0;0;0;0;0;0;0;0;0;0;0;0;0;0;0;0;0;0
FR;12;2021-05-28;0;0;0;0;0;0;0;0;0;0;0;0;0;0;0;0;0;0
FR;12;2021-05-29;0;0;0;0;0;0;0;0;0;0;0;0;0;0;0;0;0;0
FR;12;2021-05-30;0;0;0;0;0;0;0;0;0;0;0;0;0;0;0;0;0;0
FR;12;2021-05-31;0;0;0;0;0;0;0;0;0;0;0;0;0;0;0;0;0;0
FR;12;2021-06-01;0;0;0;0;0;0;0;0;0;0;0;0;0;0;0;0;0;0
FR;12;2021-06-02;0;0;0;0;0;0;0;0;0;0;0;0;0;0;0;0;0;0
FR;12;2021-06-03;0;0;0;0;0;0;0;0;0;0;0;0;0;0;0;0;0;0
FR;12;2021-06-04;0;0;0;0;0;0;0;0;0;0;0;0;0;0;0;0;0;0
FR;12;2021-06-05;0;0;0;0;0;0;0;0;0;0;0;0;0;0;0;0;0;0
FR;12;2021-06-06;0;0;0;0;0;0;0;0;0;0;0;0;0;0;0;0;0;0
FR;12;2021-06-07;0;0;0;0;0;0;0;0;0;0;0;0;0;0;0;0;0;0
FR;12;2021-06-08;0;0;0;0;0;0;0;0;0;0;0;0;0;0;0;0;0;0
FR;12;2021-06-09;0;0;0;0;0;0;0;0;0;0;0;0;0;0;0;0;0;0
FR;12;2021-06-10;0;0;0;0;0;0;0;0;0;0;0;0;0;0;0;0;0;0
FR;12;2021-06-11;0;0;0;0;0;0;0;0;0;0;0;0;0;0;0;0;0;0
FR;12;2021-06-12;0;0;0;0;0;0;0;0;0;0;0;0;0;0;0;0;0;0
FR;12;2021-06-13;0;0;0;0;0;0;0;0;0;0;0;0;0;0;0;0;0;0
FR;12;2021-06-14;0;0;0;0;0;0;0;0;0;0;0;0;0;0;0;0;0;0
FR;12;2021-06-15;0;0;0;0;0;0;0;0;0;0;0;0;0;0;0;0;0;0
FR;12;2021-06-16;0;0;0;0;0;0;0;0;0;0;0;0;0;0;0;0;0;0
FR;12;2021-06-17;0;0;0;0;0;0;0;0;0;0;0;0;0;0;0;0;0;0
FR;12;2021-06-18;0;0;0;0;0;0;0;0;0;0;0;0;0;0;0;0;0;0
FR;12;2021-06-19;0;0;0;0;0;0;0;0;0;0;0;0;0;0;0;0;0;0
FR;12;2021-06-20;0;0;0;0;0;0;0;0;0;0;0;0;0;0;0;0;0;0
FR;12;2021-06-21;0;0;0;0;0;0;0;0;0;0;0;0;0;0;0;0;0;0
FR;12;2021-06-22;0;0;0;0;0;0;0;0;0;0;0;0;0;0;0;0;0;0
FR;12;2021-06-23;0;0;0;0;0;0;0;0;0;0;0;0;0;0;0;0;0;0
FR;12;2021-06-24;0;0;0;0;0;0;0;0;0;0;0;0;0;0;0;0;0;0
FR;12;2021-06-25;0;0;0;0;0;0;0;0;0;0;0;0;0;0;0;0;0;0
FR;12;2021-06-26;0;0;0;0;0;0;0;0;0;0;0;0;0;0;0;0;0;0
FR;12;2021-06-27;0;0;0;0;0;0;0;0;0;0;0;0;0;0;0;0;0;0
FR;12;2021-06-28;0;0;0;0;0;0;0;0;0;0;0;0;0;0;0;0;0;0
FR;12;2021-06-29;0;0;0;0;0;0;0;0;0;0;0;0;0;0;0;0;0;0
FR;12;2021-06-30;0;0;0;0;0;0;0;0;0;0;0;0;0;0;0;0;0;0
FR;12;2021-07-01;0;0;0;0;0;0;0;0;0;0;0;0;0;0;0;0;0;0
FR;12;2021-07-02;0;0;0;0;0;0;0;0;0;0;0;0;0;0;0;0;0;0
FR;12;2021-07-03;0;0;0;0;0;0;0;0;0;0;0;0;0;0;0;0;0;0
FR;12;2021-07-04;0;0;0;0;0;0;0;0;0;0;0;0;0;0;0;0;0;0
FR;12;2021-07-05;0;0;0;0;0;0;0;0;0;0;0;0;0;0;0;0;0;0
FR;12;2021-07-06;0;0;0;0;0;0;0;0;0;0;0;0;0;0;0;0;0;0
FR;12;2021-07-07;0;0;0;0;0;0;0;0;0;0;0;0;0;0;0;0;0;0
FR;12;2021-07-08;0;0;0;0;0;0;0;0;0;0;0;0;0;0;0;0;0;0
FR;12;2021-07-09;0;0;0;0;0;0;0;0;0;0;0;0;0;0;0;0;0;0
FR;12;2021-07-10;0;0;0;0;0;0;0;0;0;0;0;0;0;0;0;0;0;0
FR;12;2021-07-11;0;0;0;0;0;0;0;0;0;0;0;0;0;0;0;0;0;0
FR;12;2021-07-12;0;0;0;0;0;0;0;0;0;0;0;0;0;0;0;0;0;0
FR;12;2021-07-13;0;0;0;0;0;0;0;0;0;0;0;0;0;0;0;0;0;0
FR;12;2021-07-14;0;0;0;0;0;0;0;0;0;0;0;0;0;0;0;0;0;0
FR;12;2021-07-15;0;0;0;0;0;0;0;0;0;0;0;0;0;0;0;0;0;0
FR;12;2021-07-16;0;0;0;0;0;0;0;0;0;0;0;0;0;0;0;0;0;0
FR;12;2021-07-17;0;0;0;0;0;0;0;0;0;0;0;0;0;0;0;0;0;0
FR;12;2021-07-18;0;0;0;0;0;0;0;0;0;0;0;0;0;0;0;0;0;0
FR;12;2021-07-19;0;0;0;0;0;0;0;0;0;0;0;0;0;0;0;0;0;0
FR;12;2021-07-20;0;0;0;0;0;0;0;0;0;0;0;0;0;0;0;0;0;0
FR;12;2021-07-21;0;0;0;0;0;0;0;0;0;0;0;0;0;0;0;0;0;0
FR;12;2021-07-22;0;0;0;0;0;0;0;0;0;0;0;0;0;0;0;0;0;0
FR;12;2021-07-23;0;0;0;0;0;0;0;0;0;0;0;0;0;0;0;0;0;0
FR;12;2021-07-24;0;0;0;0;0;0;0;0;0;0;0;0;0;0;0;0;0;0
FR;12;2021-07-25;0;0;0;0;0;0;0;0;0;0;0;0;0;0;0;0;0;0
FR;12;2021-07-26;0;0;0;0;0;0;0;0;0;0;0;0;0;0;0;0;0;0
FR;12;2021-07-27;0;0;0;0;0;0;0;0;0;0;0;0;0;0;0;0;0;0
FR;12;2021-07-28;0;0;0;0;0;0;0;0;0;0;0;0;0;0;0;0;0;0
FR;12;2021-07-29;0;0;0;0;0;0;0;0;0;0;0;0;0;0;0;0;0;0
FR;12;2021-07-30;0;0;0;0;0;0;0;0;0;0;0;0;0;0;0;0;0;0
FR;12;2021-07-31;0;0;0;0;0;0;0;0;0;0;0;0;0;0;0;0;0;0
FR;12;2021-08-01;0;0;0;0;0;0;0;0;0;0;0;0;0;0;0;0;0;0
FR;12;2021-08-02;0;0;0;0;0;0;0;0;0;0;0;0;0;0;0;0;0;0
FR;12;2021-08-03;0;0;0;0;0;0;0;0;0;0;0;0;0;0;0;0;0;0
FR;12;2021-08-04;0;0;0;0;0;0;0;0;0;0;0;0;0;0;0;0;0;0
FR;12;2021-08-05;0;0;0;0;0;0;0;0;0;0;0;0;0;0;0;0;0;0
FR;12;2021-08-06;0;0;0;0;0;0;0;0;0;0;0;0;0;0;0;0;0;0
FR;12;2021-08-07;0;0;0;0;0;0;0;0;0;0;0;0;0;0;0;0;0;0
FR;12;2021-08-08;0;0;0;0;0;0;0;0;0;0;0;0;0;0;0;0;0;0
FR;12;2021-08-09;0;0;0;0;0;0;0;0;0;0;0;0;0;0;0;0;0;0
FR;12;2021-08-10;0;0;0;0;0;0;0;0;0;0;0;0;0;0;0;0;0;0
FR;12;2021-08-11;0;0;0;0;0;0;0;0;0;0;0;0;0;0;0;0;0;0
FR;12;2021-08-12;0;0;0;0;0;0;0;0;0;0;0;0;0;0;0;0;0;0
FR;12;2021-08-13;0;0;0;0;0;0;0;0;0;0;0;0;0;0;0;0;0;0
FR;12;2021-08-14;0;0;0;0;0;0;0;0;0;0;0;0;0;0;0;0;0;0
FR;12;2021-08-15;0;0;0;0;0;0;0;0;0;0;0;0;0;0;0;0;0;0
FR;12;2021-08-16;0;0;0;0;0;0;0;0;0;0;0;0;0;0;0;0;0;0
FR;12;2021-08-17;0;0;0;0;0;0;0;0;0;0;0;0;0;0;0;0;0;0
FR;12;2021-08-18;0;0;0;0;0;0;0;0;0;0;0;0;0;0;0;0;0;0
FR;12;2021-08-19;0;0;0;0;0;0;0;0;0;0;0;0;0;0;0;0;0;0
FR;12;2021-08-20;0;0;0;0;0;0;0;0;0;0;0;0;0;0;0;0;0;0
FR;12;2021-08-21;0;0;0;0;0;0;0;0;0;0;0;0;0;0;0;0;0;0
FR;12;2021-08-22;0;0;0;0;0;0;0;0;0;0;0;0;0;0;0;0;0;0
FR;12;2021-08-23;0;0;0;0;0;0;0;0;0;0;0;0;0;0;0;0;0;0
FR;12;2021-08-24;0;0;0;0;0;0;0;0;0;0;0;0;0;0;0;0;0;0
FR;12;2021-08-25;0;0;0;0;0;0;0;0;0;0;0;0;0;0;0;0;0;0
FR;12;2021-08-26;0;0;0;0;0;0;0;0;0;0;0;0;0;0;0;0;0;0
FR;12;2021-08-27;0;0;0;0;0;0;0;0;0;0;0;0;0;0;0;0;0;0
FR;12;2021-08-28;0;0;0;0;0;0;0;0;0;0;0;0;0;0;0;0;0;0
FR;12;2021-08-29;0;0;0;0;0;0;0;0;0;0;0;0;0;0;0;0;0;0
FR;12;2021-08-30;0;0;0;0;0;0;0;0;0;0;0;0;0;0;0;0;0;0
FR;12;2021-08-31;0;0;0;0;0;0;0;0;0;0;0;0;0;0;0;0;0;0
FR;12;2021-09-01;0;0;0;0;0;0;0;0;0;0;0;0;0;0;0;0;0;0
FR;12;2021-09-02;0;0;0;0;0;0;0;0;0;0;0;0;0;0;0;0;0;0
FR;12;2021-09-03;0;0;0;0;0;0;0;0;0;0;0;0;0;0;0;0;0;0
FR;12;2021-09-04;0;0;0;0;0;0;0;0;0;0;0;0;0;0;0;0;0;0
FR;12;2021-09-05;0;0;0;0;0;0;0;0;0;0;0;0;0;0;0;0;0;0
FR;12;2021-09-06;0;0;0;0;0;0;0;0;0;0;0;0;0;0;0;0;0;0
FR;12;2021-09-07;0;0;0;0;0;0;0;0;0;0;0;0;0;0;0;0;0;0
FR;12;2021-09-08;0;0;0;0;0;0;0;0;0;0;0;0;0;0;0;0;0;0
FR;12;2021-09-09;0;0;0;0;0;0;0;0;0;0;0;0;0;0;0;0;0;0
FR;12;2021-09-10;0;0;0;0;0;0;0;0;0;0;0;0;0;0;0;0;0;0
FR;12;2021-09-11;0;0;0;0;0;0;0;0;0;0;0;0;0;0;0;0;0;0
FR;12;2021-09-12;0;0;0;0;0;0;0;0;0;0;0;0;0;0;0;0;0;0
FR;12;2021-09-13;0;0;0;0;0;0;0;0;0;0;0;0;0;0;0;0;0;0
FR;12;2021-09-14;0;0;0;0;0;0;0;0;0;0;0;0;0;0;0;0;0;0
FR;12;2021-09-15;0;0;0;0;0;0;0;0;0;0;0;0;0;0;0;0;0;0
FR;12;2021-09-16;0;0;0;0;0;0;0;0;0;0;0;0;0;0;0;0;0;0
FR;12;2021-09-17;0;0;0;0;0;0;0;0;0;0;0;0;0;0;0;0;0;0
FR;12;2021-09-18;0;0;0;0;0;0;0;0;0;0;0;0;0;0;0;0;0;0
FR;12;2021-09-19;0;0;0;0;0;0;0;0;0;0;0;0;0;0;0;0;0;0
FR;12;2021-09-20;0;0;0;0;0;0;0;0;0;0;0;0;0;0;0;0;0;0
FR;12;2021-09-21;0;0;0;0;0;0;0;0;0;0;0;0;0;0;0;0;0;0
FR;12;2021-09-22;0;0;0;0;0;0;0;0;0;0;0;0;0;0;0;0;0;0
FR;12;2021-09-23;0;0;0;0;0;0;0;0;0;0;0;0;0;0;0;0;0;0
FR;12;2021-09-24;0;0;0;0;0;0;0;0;0;0;0;0;0;0;0;0;0;0
FR;12;2021-09-25;0;0;0;0;0;0;0;0;0;0;0;0;0;0;0;0;0;0
FR;12;2021-09-26;0;0;0;0;0;0;0;0;0;0;0;0;0;0;0;0;0;0
FR;12;2021-09-27;0;0;0;0;0;0;0;0;0;0;0;0;0;0;0;0;0;0
FR;12;2021-09-28;0;0;0;0;0;0;0;0;0;0;0;0;0;0;0;0;0;0
FR;12;2021-09-29;0;0;0;0;0;0;0;0;0;0;0;0;0;0;0;0;0;0
FR;12;2021-09-30;0;0;0;0;0;0;0;0;0;0;0;0;0;0;0;0;0;0
FR;12;2021-10-01;0;0;0;0;0;0;0;0;0;0;0;0;0;0;0;0;0;0
FR;12;2021-10-02;0;0;0;0;0;0;0;0;0;0;0;0;0;0;0;0;0;0
FR;12;2021-10-03;0;0;0;0;0;0;0;0;0;0;0;0;0;0;0;0;0;0
FR;12;2021-10-04;0;0;0;0;0;0;0;0;0;0;0;0;0;0;0;0;0;0
FR;12;2021-10-05;0;0;0;0;0;0;0;0;0;0;0;0;0;0;0;0;0;0
FR;12;2021-10-06;0;0;0;0;0;0;0;0;0;0;0;0;0;0;0;0;0;0
FR;12;2021-10-07;0;0;0;0;0;0;0;0;0;0;0;0;0;0;0;0;0;0
FR;12;2021-10-08;0;0;0;0;0;0;0;0;0;0;0;0;0;0;0;0;0;0
FR;12;2021-10-09;0;0;0;0;0;0;0;0;0;0;0;0;0;0;0;0;0;0
FR;12;2021-10-10;0;0;0;0;0;0;0;0;0;0;0;0;0;0;0;0;0;0
FR;12;2021-10-11;0;0;0;0;0;0;0;0;0;0;0;0;0;0;0;0;0;0
FR;12;2021-10-12;0;0;0;0;0;0;0;0;0;0;0;0;0;0;0;0;0;0
FR;12;2021-10-13;0;0;0;0;0;0;0;0;0;0;0;0;0;0;0;0;0;0
FR;12;2021-10-14;0;0;0;0;0;0;0;0;0;0;0;0;0;0;0;0;0;0
FR;12;2021-10-15;0;0;0;0;0;0;0;0;0;0;0;0;0;0;0;0;0;0
FR;12;2021-10-16;0;0;0;0;0;0;0;0;0;0;0;0;0;0;0;0;0;0
FR;12;2021-10-17;0;0;0;0;0;0;0;0;0;0;0;0;0;0;0;0;0;0
FR;12;2021-10-18;0;0;0;0;0;0;0;0;0;0;0;0;0;0;0;0;0;0
FR;12;2021-10-19;0;0;0;0;0;0;0;0;0;0;0;0;0;0;0;0;0;0
FR;12;2021-10-20;0;0;0;0;0;0;0;0;0;0;0;0;0;0;0;0;0;0
FR;12;2021-10-21;0;0;0;0;0;0;0;0;0;0;0;0;0;0;0;0;0;0
FR;12;2021-10-22;0;0;0;0;0;0;0;0;0;0;0;0;0;0;0;0;0;0
FR;12;2021-10-23;0;0;0;0;0;0;0;0;0;0;0;0;0;0;0;0;0;0
FR;12;2021-10-24;0;0;0;0;0;0;0;0;0;0;0;0;0;0;0;0;0;0
FR;12;2021-10-25;0;0;0;0;0;0;0;0;0;0;0;0;0;0;0;0;0;0
FR;12;2021-10-26;0;0;0;0;0;0;0;0;0;0;0;0;0;0;0;0;0;0
FR;12;2021-10-27;0;0;0;0;0;0;0;0;0;0;0;0;0;0;0;0;0;0
FR;12;2021-10-28;0;0;0;0;0;0;0;0;0;0;0;0;0;0;0;0;0;0
FR;12;2021-10-29;0;0;0;0;0;0;0;0;0;0;0;0;0;0;0;0;0;0
FR;12;2021-10-30;0;0;0;0;0;0;0;0;0;0;0;0;0;0;0;0;0;0
FR;12;2021-10-31;0;0;0;0;0;0;0;0;0;0;0;0;0;0;0;0;0;0
FR;12;2021-11-01;0;0;0;0;0;0;0;0;0;0;0;0;0;0;0;0;0;0
FR;12;2021-11-02;0;0;0;0;0;0;0;0;0;0;0;0;0;0;0;0;0;0
FR;12;2021-11-03;0;0;0;0;0;0;0;0;0;0;0;0;0;0;0;0;0;0
FR;12;2021-11-04;0;0;0;0;0;0;0;0;0;0;0;0;0;0;0;0;0;0
FR;12;2021-11-05;0;0;0;0;0;0;0;0;0;0;0;0;0;0;0;0;0;0
FR;12;2021-11-06;0;0;0;0;0;0;0;0;0;0;0;0;0;0;0;0;0;0
FR;12;2021-11-07;0;0;0;0;0;0;0;0;0;0;0;0;0;0;0;0;0;0
FR;12;2021-11-08;0;0;0;0;0;0;0;0;0;0;0;0;0;0;0;0;0;0
FR;12;2021-11-09;0;0;0;0;0;0;0;0;0;0;0;0;0;0;0;0;0;0
FR;12;2021-11-10;0;0;0;0;0;0;0;0;0;0;0;0;0;0;0;0;0;0
FR;12;2021-11-11;0;0;0;0;0;0;0;0;0;0;0;0;0;0;0;0;0;0
FR;12;2021-11-12;0;0;0;0;0;0;0;0;0;0;0;0;0;0;0;0;0;0
FR;12;2021-11-13;0;0;0;0;0;0;0;0;0;0;0;0;0;0;0;0;0;0
FR;12;2021-11-14;0;0;0;0;0;0;0;0;0;0;0;0;0;0;0;0;0;0
FR;12;2021-11-15;0;0;0;0;0;0;0;0;0;0;0;0;0;0;0;0;0;0
FR;12;2021-11-16;0;0;0;0;0;0;0;0;0;0;0;0;0;0;0;0;0;0
FR;12;2021-11-17;0;0;0;0;0;0;0;0;0;0;0;0;0;0;0;0;0;0
FR;12;2021-11-18;0;0;0;0;0;0;0;0;0;0;0;0;0;0;0;0;0;0
FR;12;2021-11-19;0;0;0;0;0;0;0;0;0;0;0;0;0;0;0;0;0;0
FR;12;2021-11-20;0;0;0;0;0;0;0;0;0;0;0;0;0;0;0;0;0;0
FR;12;2021-11-21;0;0;0;0;0;0;0;0;0;0;0;0;0;0;0;0;0;0
FR;12;2021-11-22;0;0;0;0;0;0;0;0;0;0;0;0;0;0;0;0;0;0
FR;12;2021-11-23;0;0;0;0;0;0;0;0;0;0;0;0;0;0;0;0;0;0
FR;12;2021-11-24;0;0;0;0;0;0;0;0;0;0;0;0;0;0;0;0;0;0
FR;12;2021-11-25;0;0;0;0;0;0;0;0;0;0;0;0;0;0;0;0;0;0
FR;12;2021-11-26;0;0;0;0;0;0;0;0;0;0;0;0;0;0;0;0;0;0
FR;12;2021-11-27;0;0;0;0;0;0;0;0;0;0;0;0;0;0;0;0;0;0
FR;12;2021-11-28;0;0;0;0;0;0;0;0;0;0;0;0;0;0;0;0;0;0
FR;12;2021-11-29;0;0;0;0;0;0;0;0;0;0;0;0;0;0;0;0;0;0
FR;12;2021-11-30;0;0;0;0;0;0;0;0;0;0;0;0;0;0;0;0;0;0
FR;12;2021-12-01;0;0;0;0;0;0;0;0;0;0;0;0;0;0;0;0;0;0
FR;12;2021-12-02;0;0;0;0;0;0;0;0;0;0;0;0;0;0;0;0;0;0
FR;12;2021-12-03;0;0;0;0;0;0;0;0;0;0;0;0;0;0;0;0;0;0
FR;12;2021-12-04;0;0;0;0;0;0;0;0;0;0;0;0;0;0;0;0;0;0
FR;12;2021-12-05;0;0;0;0;0;0;0;0;0;0;0;0;0;0;0;0;0;0
FR;12;2021-12-06;0;0;0;0;0;0;0;0;0;0;0;0;0;0;0;0;0;0
FR;12;2021-12-07;0;0;0;0;0;0;0;0;0;0;0;0;0;0;0;0;0;0
FR;12;2021-12-08;0;0;0;0;0;0;0;0;0;0;0;0;0;0;0;0;0;0
FR;12;2021-12-09;0;0;0;0;0;0;0;0;0;0;0;0;0;0;0;0;0;0
FR;12;2021-12-10;0;0;0;0;0;0;0;0;0;0;0;0;0;0;0;0;0;0
FR;12;2021-12-11;0;0;0;0;0;0;0;0;0;0;0;0;0;0;0;0;0;0
FR;12;2021-12-12;0;0;0;0;0;0;0;0;0;0;0;0;0;0;0;0;0;0
FR;12;2021-12-13;0;0;0;0;0;0;0;0;0;0;0;0;0;0;0;0;0;0
FR;12;2021-12-14;0;0;0;0;0;0;0;0;0;0;0;0;0;0;0;0;0;0
FR;12;2021-12-15;0;0;0;0;0;0;0;0;0;0;0;0;0;0;0;0;0;0
FR;12;2021-12-16;0;0;0;0;0;0;0;0;0;0;0;0;0;0;0;0;0;0
FR;12;2021-12-17;0;0;0;0;0;0;0;0;0;0;0;0;0;0;0;0;0;0
FR;12;2021-12-18;0;0;0;0;0;0;0;0;0;0;0;0;0;0;0;0;0;0
FR;12;2021-12-19;0;0;0;0;0;0;0;0;0;0;0;0;0;0;0;0;0;0
FR;12;2021-12-20;0;0;0;0;0;0;0;0;0;0;0;0;0;0;0;0;0;0
FR;12;2021-12-21;0;0;0;0;0;0;0;0;0;0;0;0;0;0;0;0;0;0
FR;12;2021-12-22;0;0;0;0;0;0;0;0;0;0;0;0;0;0;0;0;0;0
FR;12;2021-12-23;0;0;0;0;0;0;0;0;0;0;0;0;0;0;0;0;0;0
FR;12;2021-12-24;0;0;0;0;0;0;0;0;0;0;0;0;0;0;0;0;0;0
FR;12;2021-12-25;0;0;0;0;0;0;0;0;0;0;0;0;0;0;0;0;0;0
FR;12;2021-12-26;0;0;0;0;0;0;0;0;0;0;0;0;0;0;0;0;0;0
FR;12;2021-12-27;0;0;0;0;0;0;0;0;0;0;0;0;0;0;0;0;0;0
FR;12;2021-12-28;0;0;0;0;0;0;0;0;0;0;0;0;0;0;0;0;0;0
FR;12;2021-12-29;0;0;0;0;0;0;0;0;0;0;0;0;0;0;0;0;0;0
FR;12;2021-12-30;0;0;0;0;0;0;0;0;0;0;0;0;0;0;0;0;0;0
FR;12;2021-12-31;0;0;0;0;0;0;0;0;0;0;0;0;0;0;0;0;0;0
FR;12;2022-01-01;0;0;0;0;0;0;0;0;0;0;0;0;0;0;0;0;0;0
FR;12;2022-01-02;0;0;0;0;0;0;0;0;0;0;0;0;0;0;0;0;0;0
FR;12;2022-01-03;0;0;0;0;0;0;0;0;0;0;0;0;0;0;0;0;0;0
FR;12;2022-01-04;0;0;0;0;0;0;0;0;0;0;0;0;0;0;0;0;0;0
FR;12;2022-01-05;0;0;0;0;0;0;0;0;0;0;0;0;0;0;0;0;0;0
FR;12;2022-01-06;0;0;0;0;0;0;0;0;0;0;0;0;0;0;0;0;0;0
FR;12;2022-01-07;0;0;0;0;0;0;0;0;0;0;0;0;0;0;0;0;0;0
FR;12;2022-01-08;0;0;0;0;0;0;0;0;0;0;0;0;0;0;0;0;0;0
FR;12;2022-01-09;0;0;0;0;0;0;0;0;0;0;0;0;0;0;0;0;0;0
FR;12;2022-01-10;0;0;0;0;0;0;0;0;0;0;0;0;0;0;0;0;0;0
FR;12;2022-01-11;0;0;0;0;0;0;0;0;0;0;0;0;0;0;0;0;0;0
FR;12;2022-01-12;0;0;0;0;0;0;0;0;0;0;0;0;0;0;0;0;0;0
FR;12;2022-01-13;0;0;0;0;0;0;0;0;0;0;0;0;0;0;0;0;0;0
FR;12;2022-01-14;0;0;0;0;0;0;0;0;0;0;0;0;0;0;0;0;0;0
FR;12;2022-01-15;0;0;0;0;0;0;0;0;0;0;0;0;0;0;0;0;0;0
FR;12;2022-01-16;0;0;0;0;0;0;0;0;0;0;0;0;0;0;0;0;0;0
FR;12;2022-01-17;0;0;0;0;0;0;0;0;0;0;0;0;0;0;0;0;0;0
FR;12;2022-01-18;0;0;0;0;0;0;0;0;0;0;0;0;0;0;0;0;0;0
FR;12;2022-01-19;0;0;0;0;0;0;0;0;0;0;0;0;0;0;0;0;0;0
FR;12;2022-01-20;0;0;0;0;0;0;0;0;0;0;0;0;0;0;0;0;0;0
FR;12;2022-01-21;0;0;0;0;0;0;0;0;0;0;0;0;0;0;0;0;0;0
FR;12;2022-01-22;0;0;0;0;0;0;0;0;0;0;0;0;0;0;0;0;0;0
FR;12;2022-01-23;0;0;0;0;0;0;0;0;0;0;0;0;0;0;0;0;0;0
FR;12;2022-01-24;0;0;0;0;0;0;0;0;0;0;0;0;0;0;0;0;0;0
FR;12;2022-01-25;0;0;0;0;0;0;0;0;0;0;0;0;0;0;0;0;0;0
FR;12;2022-01-26;0;0;0;0;0;0;0;0;0;0;0;0;0;0;0;0;0;0
FR;12;2022-01-27;0;0;0;0;0;0;0;0;0;0;0;0;0;0;0;0;0;0
FR;12;2022-01-28;0;0;0;0;0;0;0;0;0;0;0;0;0;0;0;0;0;0
FR;12;2022-01-29;0;0;0;0;0;0;0;0;0;0;0;0;0;0;0;0;0;0
FR;12;2022-01-30;0;0;0;0;0;0;0;0;0;0;0;0;0;0;0;0;0;0
FR;12;2022-01-31;0;0;0;0;0;0;0;0;0;0;0;0;0;0;0;0;0;0
FR;12;2022-02-01;0;0;0;0;0;0;0;0;0;0;0;0;0;0;0;0;0;0
FR;12;2022-02-02;0;0;0;0;0;0;0;0;0;0;0;0;0;0;0;0;0;0
FR;12;2022-02-03;0;0;0;0;0;0;0;0;0;0;0;0;0;0;0;0;0;0
FR;12;2022-02-04;0;0;0;0;0;0;0;0;0;0;0;0;0;0;0;0;0;0
FR;12;2022-02-05;0;0;0;0;0;0;0;0;0;0;0;0;0;0;0;0;0;0
FR;12;2022-02-06;0;0;0;0;0;0;0;0;0;0;0;0;0;0;0;0;0;0
FR;12;2022-02-07;0;0;0;0;0;0;0;0;0;0;0;0;0;0;0;0;0;0
FR;12;2022-02-08;0;0;0;0;0;0;0;0;0;0;0;0;0;0;0;0;0;0
FR;12;2022-02-09;0;0;0;0;0;0;0;0;0;0;0;0;0;0;0;0;0;0
FR;12;2022-02-10;0;0;0;0;0;0;0;0;0;0;0;0;0;0;0;0;0;0
FR;12;2022-02-11;0;0;0;0;0;0;0;0;0;0;0;0;0;0;0;0;0;0
FR;12;2022-02-12;0;0;0;0;0;0;0;0;0;0;0;0;0;0;0;0;0;0
FR;12;2022-02-13;0;0;0;0;0;0;0;0;0;0;0;0;0;0;0;0;0;0
FR;12;2022-02-14;0;0;0;0;0;0;0;0;0;0;0;0;0;0;0;0;0;0
FR;12;2022-02-15;0;0;0;0;0;0;0;0;0;0;0;0;0;0;0;0;0;0
FR;12;2022-02-16;0;0;0;0;0;0;0;0;0;0;0;0;0;0;0;0;0;0
FR;12;2022-02-17;0;0;0;0;0;0;0;0;0;0;0;0;0;0;0;0;0;0
FR;12;2022-02-18;0;0;0;0;0;0;0;0;0;0;0;0;0;0;0;0;0;0
FR;12;2022-02-19;0;0;0;0;0;0;0;0;0;0;0;0;0;0;0;0;0;0
FR;12;2022-02-20;0;0;0;0;0;0;0;0;0;0;0;0;0;0;0;0;0;0
FR;12;2022-02-21;0;0;0;0;0;0;0;0;0;0;0;0;0;0;0;0;0;0
FR;12;2022-02-22;0;0;0;0;0;0;0;0;0;0;0;0;0;0;0;0;0;0
FR;12;2022-02-23;0;0;0;0;0;0;0;0;0;0;0;0;0;0;0;0;0;0
FR;12;2022-02-24;0;0;0;0;0;0;0;0;0;0;0;0;0;0;0;0;0;0
FR;12;2022-02-25;0;0;0;0;0;0;0;0;0;0;0;0;0;0;0;0;0;0
FR;12;2022-02-26;0;0;0;0;0;0;0;0;0;0;0;0;0;0;0;0;0;0
FR;12;2022-02-27;0;0;0;0;0;0;0;0;0;0;0;0;0;0;0;0;0;0
FR;12;2022-02-28;0;0;0;0;0;0;0;0;0;0;0;0;0;0;0;0;0;0
FR;12;2022-03-01;0;0;0;0;0;0;0;0;0;0;0;0;0;0;0;0;0;0
FR;12;2022-03-02;0;0;0;0;0;0;0;0;0;0;0;0;0;0;0;0;0;0
FR;12;2022-03-03;0;0;0;0;0;0;0;0;0;0;0;0;0;0;0;0;0;0
FR;12;2022-03-04;0;0;0;0;0;0;0;0;0;0;0;0;0;0;0;0;0;0
FR;12;2022-03-05;0;0;0;0;0;0;0;0;0;0;0;0;0;0;0;0;0;0
FR;12;2022-03-06;0;0;0;0;0;0;0;0;0;0;0;0;0;0;0;0;0;0
FR;12;2022-03-07;0;0;0;0;0;0;0;0;0;0;0;0;0;0;0;0;0;0
FR;12;2022-03-08;0;0;0;0;0;0;0;0;0;0;0;0;0;0;0;0;0;0
FR;12;2022-03-09;0;0;0;0;0;0;0;0;0;0;0;0;0;0;0;0;0;0
FR;12;2022-03-10;0;0;0;0;0;0;0;0;0;0;0;0;0;0;0;0;0;0
FR;12;2022-03-11;0;0;0;0;0;0;0;0;0;0;0;0;0;0;0;0;0;0
FR;12;2022-03-12;0;0;0;0;0;0;0;0;0;0;0;0;0;0;0;0;0;0
FR;12;2022-03-13;0;0;0;0;0;0;0;0;0;0;0;0;0;0;0;0;0;0
FR;12;2022-03-14;0;0;0;0;0;0;0;0;0;0;0;0;0;0;0;0;0;0
FR;12;2022-03-15;0;0;0;0;0;0;0;0;0;0;0;0;0;0;0;0;0;0
FR;12;2022-03-16;0;0;0;0;0;0;0;0;0;0;0;0;0;0;0;0;0;0
FR;12;2022-03-17;0;0;0;0;0;0;0;0;0;0;0;0;0;0;0;0;0;0
FR;12;2022-03-18;0;0;0;0;0;0;0;0;0;0;0;0;0;0;0;0;0;0
FR;12;2022-03-19;0;0;0;0;0;0;0;0;0;0;0;0;0;0;0;0;0;0
FR;12;2022-03-20;0;0;0;0;0;0;0;0;0;0;0;0;0;0;0;0;0;0
FR;12;2022-03-21;0;0;0;0;0;0;0;0;0;0;0;0;0;0;0;0;0;0
FR;12;2022-03-22;0;0;0;0;0;0;0;0;0;0;0;0;0;0;0;0;0;0
FR;12;2022-03-23;0;0;0;0;0;0;0;0;0;0;0;0;0;0;0;0;0;0
FR;12;2022-03-24;0;0;0;0;0;0;0;0;0;0;0;0;0;0;0;0;0;0
FR;12;2022-03-25;0;0;0;0;0;0;0;0;0;0;0;0;0;0;0;0;0;0
FR;12;2022-03-26;0;0;0;0;0;0;0;0;0;0;0;0;0;0;0;0;0;0
FR;12;2022-03-27;0;0;0;0;0;0;0;0;0;0;0;0;0;0;0;0;0;0
FR;12;2022-03-28;0;0;0;0;0;0;0;0;0;0;0;0;0;0;0;0;0;0
FR;12;2022-03-29;0;0;0;0;0;0;0;0;0;0;0;0;0;0;0;0;0;0
FR;12;2022-03-30;0;0;0;0;0;0;0;0;0;0;0;0;0;0;0;0;0;0
FR;12;2022-03-31;0;0;0;0;0;0;0;0;0;0;0;0;0;0;0;0;0;0
FR;12;2022-04-01;0;0;0;0;0;0;0;0;0;0;0;0;0;0;0;0;0;0
FR;12;2022-04-02;0;0;0;0;0;0;0;0;0;0;0;0;0;0;0;0;0;0
FR;12;2022-04-03;0;0;0;0;0;0;0;0;0;0;0;0;0;0;0;0;0;0
FR;12;2022-04-04;0;0;0;0;0;0;0;0;0;0;0;0;0;0;0;0;0;0
FR;12;2022-04-05;0;0;0;0;0;0;0;0;0;0;0;0;0;0;0;0;0;0
FR;12;2022-04-06;0;0;0;0;0;0;0;0;0;0;0;0;0;0;0;0;0;0
FR;12;2022-04-07;0;0;0;0;0;0;0;0;0;0;0;0;0;0;0;0;0;0
FR;12;2022-04-08;0;0;0;0;0;0;0;0;0;0;0;0;0;0;0;0;0;0
FR;12;2022-04-09;0;0;0;0;0;0;0;0;0;0;0;0;0;0;0;0;0;0
FR;12;2022-04-10;0;0;0;0;0;0;0;0;0;0;0;0;0;0;0;0;0;0
FR;12;2022-04-11;0;0;0;0;0;0;0;0;0;0;0;0;0;0;0;0;0;0
FR;12;2022-04-12;0;0;0;0;0;0;0;0;0;0;0;0;0;0;0;0;0;0
FR;12;2022-04-13;0;0;0;0;0;0;0;0;0;0;0;0;0;0;0;0;0;0
FR;12;2022-04-14;0;0;0;0;0;0;0;0;0;0;0;0;0;0;0;0;0;0
FR;12;2022-04-15;0;0;0;0;0;0;0;0;0;0;0;0;0;0;0;0;0;0
FR;12;2022-04-16;0;0;0;0;0;0;0;0;0;0;0;0;0;0;0;0;0;0
FR;12;2022-04-17;0;0;0;0;0;0;0;0;0;0;0;0;0;0;0;0;0;0
FR;12;2022-04-18;0;0;0;0;0;0;0;0;0;0;0;0;0;0;0;0;0;0
FR;12;2022-04-19;0;0;0;0;0;0;0;0;0;0;0;0;0;0;0;0;0;0
FR;12;2022-04-20;0;0;0;0;0;0;0;0;0;0;0;0;0;0;0;0;0;0
FR;12;2022-04-21;0;0;0;0;0;0;0;0;0;0;0;0;0;0;0;0;0;0
FR;12;2022-04-22;0;0;0;0;0;0;0;0;0;0;0;0;0;0;0;0;0;0
FR;12;2022-04-23;0;0;0;0;0;0;0;0;0;0;0;0;0;0;0;0;0;0
FR;12;2022-04-24;0;0;0;0;0;0;0;0;0;0;0;0;0;0;0;0;0;0
FR;12;2022-04-25;0;0;0;0;0;0;0;0;0;0;0;0;0;0;0;0;0;0
FR;12;2022-04-26;0;0;0;0;0;0;0;0;0;0;0;0;0;0;0;0;0;0
FR;12;2022-04-27;0;0;0;0;0;0;0;0;0;0;0;0;0;0;0;0;0;0
FR;12;2022-04-28;0;0;0;0;0;0;0;0;0;0;0;0;0;0;0;0;0;0
FR;12;2022-04-29;0;0;0;0;0;0;0;0;0;0;0;0;0;0;0;0;0;0
FR;12;2022-04-30;0;0;0;0;0;0;0;0;0;0;0;0;0;0;0;0;0;0
FR;12;2022-05-01;0;0;0;0;0;0;0;0;0;0;0;0;0;0;0;0;0;0
FR;12;2022-05-02;0;0;0;0;0;0;0;0;0;0;0;0;0;0;0;0;0;0
FR;12;2022-05-03;0;0;0;0;0;0;0;0;0;0;0;0;0;0;0;0;0;0
FR;12;2022-05-04;0;0;0;0;0;0;0;0;0;0;0;0;0;0;0;0;0;0
FR;12;2022-05-05;0;0;0;0;0;0;0;0;0;0;0;0;0;0;0;0;0;0
FR;12;2022-05-06;0;0;0;0;0;0;0;0;0;0;0;0;0;0;0;0;0;0
FR;12;2022-05-07;0;0;0;0;0;0;0;0;0;0;0;0;0;0;0;0;0;0
FR;12;2022-05-08;0;0;0;0;0;0;0;0;0;0;0;0;0;0;0;0;0;0
FR;12;2022-05-09;0;0;0;0;0;0;0;0;0;0;0;0;0;0;0;0;0;0
FR;12;2022-05-10;0;0;0;0;0;0;0;0;0;0;0;0;0;0;0;0;0;0
FR;12;2022-05-11;0;0;0;0;0;0;0;0;0;0;0;0;0;0;0;0;0;0
FR;12;2022-05-12;0;0;0;0;0;0;0;0;0;0;0;0;0;0;0;0;0;0
FR;12;2022-05-13;0;0;0;0;0;0;0;0;0;0;0;0;0;0;0;0;0;0
FR;12;2022-05-14;0;0;0;0;0;0;0;0;0;0;0;0;0;0;0;0;0;0
FR;12;2022-05-15;0;0;0;0;0;0;0;0;0;0;0;0;0;0;0;0;0;0
FR;12;2022-05-16;0;0;0;0;0;0;0;0;0;0;0;0;0;0;0;0;0;0
FR;12;2022-05-17;0;0;0;0;0;0;0;0;0;0;0;0;0;0;0;0;0;0
FR;12;2022-05-18;0;0;0;0;0;0;0;0;0;0;0;0;0;0;0;0;0;0
FR;12;2022-05-19;0;0;0;0;0;0;0;0;0;0;0;0;0;0;0;0;0;0
FR;12;2022-05-20;0;0;0;0;0;0;0;0;0;0;0;0;0;0;0;0;0;0
FR;12;2022-05-21;0;0;0;0;0;0;0;0;0;0;0;0;0;0;0;0;0;0
FR;12;2022-05-22;0;0;0;0;0;0;0;0;0;0;0;0;0;0;0;0;0;0
FR;12;2022-05-23;0;0;0;0;0;0;0;0;0;0;0;0;0;0;0;0;0;0
FR;12;2022-05-24;0;0;0;0;0;0;0;0;0;0;0;0;0;0;0;0;0;0
FR;12;2022-05-25;0;0;0;0;0;0;0;0;0;0;0;0;0;0;0;0;0;0
FR;12;2022-05-26;0;0;0;0;0;0;0;0;0;0;0;0;0;0;0;0;0;0
FR;12;2022-05-27;0;0;0;0;0;0;0;0;0;0;0;0;0;0;0;0;0;0
FR;12;2022-05-28;0;0;0;0;0;0;0;0;0;0;0;0;0;0;0;0;0;0
FR;12;2022-05-29;0;0;0;0;0;0;0;0;0;0;0;0;0;0;0;0;0;0
FR;12;2022-05-30;0;0;0;0;0;0;0;0;0;0;0;0;0;0;0;0;0;0
FR;12;2022-05-31;0;0;0;0;0;0;0;0;0;0;0;0;0;0;0;0;0;0
FR;12;2022-06-01;0;0;0;0;0;0;0;0;0;0;0;0;0;0;0;0;0;0
FR;12;2022-06-02;0;0;0;0;0;0;0;0;0;0;0;0;0;0;0;0;0;0
FR;12;2022-06-03;0;0;0;0;0;0;0;0;0;0;0;0;0;0;0;0;0;0
FR;12;2022-06-04;0;0;0;0;0;0;0;0;0;0;0;0;0;0;0;0;0;0
FR;12;2022-06-05;0;0;0;0;0;0;0;0;0;0;0;0;0;0;0;0;0;0
FR;12;2022-06-06;0;0;0;0;0;0;0;0;0;0;0;0;0;0;0;0;0;0
FR;12;2022-06-07;0;0;0;0;0;0;0;0;0;0;0;0;0;0;0;0;0;0
FR;12;2022-06-08;0;0;0;0;0;0;0;0;0;0;0;0;0;0;0;0;0;0
FR;12;2022-06-09;0;0;0;0;0;0;0;0;0;0;0;0;0;0;0;0;0;0
FR;12;2022-06-10;0;0;0;0;0;0;0;0;0;0;0;0;0;0;0;0;0;0
FR;12;2022-06-11;0;0;0;0;0;0;0;0;0;0;0;0;0;0;0;0;0;0
FR;12;2022-06-12;0;0;0;0;0;0;0;0;0;0;0;0;0;0;0;0;0;0
FR;12;2022-06-13;0;0;0;0;0;0;0;0;0;0;0;0;0;0;0;0;0;0
FR;12;2022-06-14;0;0;0;0;0;0;0;0;0;0;0;0;0;0;0;0;0;0
FR;12;2022-06-15;0;0;0;0;0;0;0;0;0;0;0;0;0;0;0;0;0;0
FR;12;2022-06-16;0;0;0;0;0;0;0;0;0;0;0;0;0;0;0;0;0;0
FR;12;2022-06-17;0;0;0;0;0;0;0;0;0;0;0;0;0;0;0;0;0;0
FR;12;2022-06-18;0;0;0;0;0;0;0;0;0;0;0;0;0;0;0;0;0;0
FR;12;2022-06-19;0;0;0;0;0;0;0;0;0;0;0;0;0;0;0;0;0;0
FR;12;2022-06-20;0;0;0;0;0;0;0;0;0;0;0;0;0;0;0;0;0;0
FR;12;2022-06-21;0;0;0;0;0;0;0;0;0;0;0;0;0;0;0;0;0;0
FR;12;2022-06-22;0;0;0;0;0;0;0;0;0;0;0;0;0;0;0;0;0;0
FR;12;2022-06-23;0;0;0;0;0;0;0;0;0;0;0;0;0;0;0;0;0;0
FR;12;2022-06-24;0;0;0;0;0;0;0;0;0;0;0;0;0;0;0;0;0;0
FR;12;2022-06-25;0;0;0;0;0;0;0;0;0;0;0;0;0;0;0;0;0;0
FR;12;2022-06-26;0;0;0;0;0;0;0;0;0;0;0;0;0;0;0;0;0;0
FR;12;2022-06-27;0;0;0;0;0;0;0;0;0;0;0;0;0;0;0;0;0;0
FR;12;2022-06-28;0;0;0;0;0;0;0;0;0;0;0;0;0;0;0;0;0;0
FR;12;2022-06-29;0;0;0;0;0;0;0;0;0;0;0;0;0;0;0;0;0;0
FR;12;2022-06-30;0;0;0;0;0;0;0;0;0;0;0;0;0;0;0;0;0;0
FR;12;2022-07-01;0;0;0;0;0;0;0;0;0;0;0;0;0;0;0;0;0;0
FR;12;2022-07-02;0;0;0;0;0;0;0;0;0;0;0;0;0;0;0;0;0;0
FR;12;2022-07-03;0;0;0;0;0;0;0;0;0;0;0;0;0;0;0;0;0;0
FR;12;2022-07-04;0;0;0;0;0;0;0;0;0;0;0;0;0;0;0;0;0;0
FR;12;2022-07-05;0;0;0;0;0;0;0;0;0;0;0;0;0;0;0;0;0;0
FR;12;2022-07-06;0;0;0;0;0;0;0;0;0;0;0;0;0;0;0;0;0;0
FR;12;2022-07-07;0;0;0;0;0;0;0;0;0;0;0;0;0;0;0;0;0;0
FR;12;2022-07-08;0;0;0;0;0;0;0;0;0;0;0;0;0;0;0;0;0;0
FR;12;2022-07-09;0;0;0;0;0;0;0;0;0;0;0;0;0;0;0;0;0;0
FR;12;2022-07-10;0;0;0;0;0;0;0;0;0;0;0;0;0;0;0;0;0;0
FR;12;2022-07-11;0;0;0;0;0;0;0;0;0;0;0;0;0;0;0;0;0;0
FR;12;2022-07-12;0;0;0;0;0;0;0;0;0;0;0;0;0;0;0;0;0;0
FR;12;2022-07-13;0;0;0;0;0;0;0;0;0;0;0;0;0;0;0;0;0;0
FR;12;2022-07-14;0;0;0;0;0;0;0;0;0;0;0;0;0;0;0;0;0;0
FR;12;2022-07-15;0;0;0;0;0;0;0;0;0;0;0;0;0;0;0;0;0;0
FR;12;2022-07-16;0;0;0;0;0;0;0;0;0;0;0;0;0;0;0;0;0;0
FR;12;2022-07-17;0;0;0;0;0;0;0;0;0;0;0;0;0;0;0;0;0;0
FR;12;2022-07-18;0;0;0;0;0;0;0;0;0;0;0;0;0;0;0;0;0;0
FR;12;2022-07-19;0;0;0;0;0;0;0;0;0;0;0;0;0;0;0;0;0;0
FR;12;2022-07-20;0;0;0;0;0;0;0;0;0;0;0;0;0;0;0;0;0;0
FR;12;2022-07-21;0;0;0;0;0;0;0;0;0;0;0;0;0;0;0;0;0;0
FR;12;2022-07-22;0;0;0;0;0;0;0;0;0;0;0;0;0;0;0;0;0;0
FR;12;2022-07-23;0;0;0;0;0;0;0;0;0;0;0;0;0;0;0;0;0;0
FR;12;2022-07-24;0;0;0;0;0;0;0;0;0;0;0;0;0;0;0;0;0;0
FR;12;2022-07-25;0;0;0;0;0;0;0;0;0;0;0;0;0;0;0;0;0;0
FR;12;2022-07-26;0;0;0;0;0;0;0;0;0;0;0;0;0;0;0;0;0;0
FR;12;2022-07-27;0;0;0;0;0;0;0;0;0;0;0;0;0;0;0;0;0;0
FR;12;2022-07-28;0;0;0;0;0;0;0;0;0;0;0;0;0;0;0;0;0;0
FR;12;2022-07-29;0;0;0;0;0;0;0;0;0;0;0;0;0;0;0;0;0;0
FR;12;2022-07-30;0;0;0;0;0;0;0;0;0;0;0;0;0;0;0;0;0;0
FR;12;2022-07-31;0;0;0;0;0;0;0;0;0;0;0;0;0;0;0;0;0;0
FR;12;2022-08-01;0;0;0;0;0;0;0;0;0;0;0;0;0;0;0;0;0;0
FR;12;2022-08-02;0;0;0;0;0;0;0;0;0;0;0;0;0;0;0;0;0;0
FR;12;2022-08-03;0;0;0;0;0;0;0;0;0;0;0;0;0;0;0;0;0;0
FR;12;2022-08-04;0;0;0;0;0;0;0;0;0;0;0;0;0;0;0;0;0;0
FR;12;2022-08-05;0;0;0;0;0;0;0;0;0;0;0;0;0;0;0;0;0;0
FR;12;2022-08-06;0;0;0;0;0;0;0;0;0;0;0;0;0;0;0;0;0;0
FR;12;2022-08-07;0;0;0;0;0;0;0;0;0;0;0;0;0;0;0;0;0;0
FR;12;2022-08-08;0;0;0;0;0;0;0;0;0;0;0;0;0;0;0;0;0;0
FR;12;2022-08-09;0;0;0;0;0;0;0;0;0;0;0;0;0;0;0;0;0;0
FR;12;2022-08-10;0;0;0;0;0;0;0;0;0;0;0;0;0;0;0;0;0;0
FR;12;2022-08-11;0;0;0;0;0;0;0;0;0;0;0;0;0;0;0;0;0;0
FR;12;2022-08-12;0;0;0;0;0;0;0;0;0;0;0;0;0;0;0;0;0;0
FR;12;2022-08-13;0;0;0;0;0;0;0;0;0;0;0;0;0;0;0;0;0;0
FR;12;2022-08-14;0;0;0;0;0;0;0;0;0;0;0;0;0;0;0;0;0;0
FR;12;2022-08-15;0;0;0;0;0;0;0;0;0;0;0;0;0;0;0;0;0;0
FR;12;2022-08-16;0;0;0;0;0;0;0;0;0;0;0;0;0;0;0;0;0;0
FR;12;2022-08-17;0;0;0;0;0;0;0;0;0;0;0;0;0;0;0;0;0;0
FR;12;2022-08-18;0;0;0;0;0;0;0;0;0;0;0;0;0;0;0;0;0;0
FR;12;2022-08-19;0;0;0;0;0;0;0;0;0;0;0;0;0;0;0;0;0;0
FR;12;2022-08-20;0;0;0;0;0;0;0;0;0;0;0;0;0;0;0;0;0;0
FR;12;2022-08-21;0;0;0;0;0;0;0;0;0;0;0;0;0;0;0;0;0;0
FR;12;2022-08-22;0;0;0;0;0;0;0;0;0;0;0;0;0;0;0;0;0;0
FR;12;2022-08-23;0;0;0;0;0;0;0;0;0;0;0;0;0;0;0;0;0;0
FR;12;2022-08-24;0;0;0;0;0;0;0;0;0;0;0;0;0;0;0;0;0;0
FR;12;2022-08-25;0;0;0;0;0;0;0;0;0;0;0;0;0;0;0;0;0;0
FR;12;2022-08-26;0;0;0;0;0;0;0;0;0;0;0;0;0;0;0;0;0;0
FR;12;2022-08-27;0;0;0;0;0;0;0;0;0;0;0;0;0;0;0;0;0;0
FR;12;2022-08-28;0;0;0;0;0;0;0;0;0;0;0;0;0;0;0;0;0;0
FR;12;2022-08-29;0;0;0;0;0;0;0;0;0;0;0;0;0;0;0;0;0;0
FR;12;2022-08-30;0;0;0;0;0;0;0;0;0;0;0;0;0;0;0;0;0;0
FR;12;2022-08-31;0;0;0;0;0;0;0;0;0;0;0;0;0;0;0;0;0;0
FR;12;2022-09-01;0;0;0;0;0;0;0;0;0;0;0;0;0;0;0;0;0;0
FR;12;2022-09-02;0;0;0;0;0;0;0;0;0;0;0;0;0;0;0;0;0;0
FR;12;2022-09-03;0;0;0;0;0;0;0;0;0;0;0;0;0;0;0;0;0;0
FR;12;2022-09-04;0;0;0;0;0;0;0;0;0;0;0;0;0;0;0;0;0;0
FR;12;2022-09-05;0;0;0;0;0;0;0;0;0;0;0;0;0;0;0;0;0;0
FR;12;2022-09-06;0;0;0;0;0;0;0;0;0;0;0;0;0;0;0;0;0;0
FR;12;2022-09-07;0;0;0;0;0;0;0;0;0;0;0;0;0;0;0;0;0;0
FR;12;2022-09-08;0;0;0;0;0;0;0;0;0;0;0;0;0;0;0;0;0;0
FR;12;2022-09-09;0;0;0;0;0;0;0;0;0;0;0;0;0;0;0;0;0;0
FR;12;2022-09-10;0;0;0;0;0;0;0;0;0;0;0;0;0;0;0;0;0;0
FR;12;2022-09-11;0;0;0;0;0;0;0;0;0;0;0;0;0;0;0;0;0;0
FR;12;2022-09-12;0;0;0;0;0;0;0;0;0;0;0;0;0;0;0;0;0;0
FR;12;2022-09-13;0;0;0;0;0;0;0;0;0;0;0;0;0;0;0;0;0;0
FR;12;2022-09-14;0;0;0;0;0;0;0;0;0;0;0;0;0;0;0;0;0;0
FR;12;2022-09-15;0;0;0;0;0;0;0;0;0;0;0;0;0;0;0;0;0;0
FR;12;2022-09-16;0;0;0;0;0;0;0;0;0;0;0;0;0;0;0;0;0;0
FR;12;2022-09-17;0;0;0;0;0;0;0;0;0;0;0;0;0;0;0;0;0;0
FR;12;2022-09-18;0;0;0;0;0;0;0;0;0;0;0;0;0;0;0;0;0;0
FR;12;2022-09-19;0;0;0;0;0;0;0;0;0;0;0;0;0;0;0;0;0;0
FR;12;2022-09-20;0;0;0;0;0;0;0;0;0;0;0;0;0;0;0;0;0;0
FR;12;2022-09-21;0;0;0;0;0;0;0;0;0;0;0;0;0;0;0;0;0;0
FR;12;2022-09-22;0;0;0;0;0;0;0;0;0;0;0;0;0;0;0;0;0;0
FR;12;2022-09-23;0;0;0;0;0;0;0;0;0;0;0;0;0;0;0;0;0;0
FR;12;2022-09-24;0;0;0;0;0;0;0;0;0;0;0;0;0;0;0;0;0;0
FR;12;2022-09-25;0;0;0;0;0;0;0;0;0;0;0;0;0;0;0;0;0;0
FR;12;2022-09-26;0;0;0;0;0;0;0;0;0;0;0;0;0;0;0;0;0;0
FR;12;2022-09-27;0;0;0;0;0;0;0;0;0;0;0;0;0;0;0;0;0;0
FR;12;2022-09-28;0;0;0;0;0;0;0;0;0;0;0;0;0;0;0;0;0;0
FR;12;2022-09-29;0;0;0;0;0;0;0;0;0;0;0;0;0;0;0;0;0;0
FR;12;2022-09-30;0;0;0;0;0;0;0;0;0;0;0;0;0;0;0;0;0;0
FR;12;2022-10-01;0;0;0;0;0;0;0;0;0;0;0;0;0;0;0;0;0;0
FR;12;2022-10-02;0;0;0;0;0;0;0;0;0;0;0;0;0;0;0;0;0;0
FR;12;2022-10-03;0;0;0;0;0;0;0;0;0;0;0;0;0;0;0;0;0;0
FR;12;2022-10-04;0;0;0;0;0;0;0;0;0;0;0;0;0;0;0;0;0;0
FR;12;2022-10-05;0;0;0;0;0;0;0;0;0;0;0;0;0;0;0;0;0;0
FR;12;2022-10-06;0;0;0;0;0;0;0;0;0;0;0;0;0;0;0;0;0;0
FR;12;2022-10-07;0;0;0;0;0;0;0;0;0;0;0;0;0;0;0;0;0;0
FR;12;2022-10-08;0;0;0;0;0;0;0;0;0;0;0;0;0;0;0;0;0;0
FR;12;2022-10-09;0;0;0;0;0;0;0;0;0;0;0;0;0;0;0;0;0;0
FR;12;2022-10-10;0;0;0;0;0;0;0;0;0;0;0;0;0;0;0;0;0;0
FR;12;2022-10-11;0;0;0;0;0;0;0;0;0;0;0;0;0;0;0;0;0;0
FR;12;2022-10-12;0;0;0;0;0;0;0;0;0;0;0;0;0;0;0;0;0;0
FR;12;2022-10-13;0;0;0;0;0;0;0;0;0;0;0;0;0;0;0;0;0;0
FR;12;2022-10-14;0;0;0;0;0;0;0;0;0;0;0;0;0;0;0;0;0;0
FR;12;2022-10-15;0;0;0;0;0;0;0;0;0;0;0;0;0;0;0;0;0;0
FR;12;2022-10-16;0;0;0;0;0;0;0;0;0;0;0;0;0;0;0;0;0;0
FR;12;2022-10-17;0;0;0;0;0;0;0;0;0;0;0;0;0;0;0;0;0;0
FR;12;2022-10-18;0;0;0;0;0;0;0;0;0;0;0;0;0;0;0;0;0;0
FR;12;2022-10-19;0;0;0;0;0;0;0;0;0;0;0;0;0;0;0;0;0;0
FR;12;2022-10-20;0;0;0;0;0;0;0;0;0;0;0;0;0;0;0;0;0;0
FR;12;2022-10-21;0;0;0;0;0;0;0;0;0;0;0;0;0;0;0;0;0;0
FR;12;2022-10-22;0;0;0;0;0;0;0;0;0;0;0;0;0;0;0;0;0;0
FR;12;2022-10-23;0;0;0;0;0;0;0;0;0;0;0;0;0;0;0;0;0;0
FR;12;2022-10-24;0;0;0;0;0;0;0;0;0;0;0;0;0;0;0;0;0;0
FR;12;2022-10-25;0;0;0;0;0;0;0;0;0;0;0;0;0;0;0;0;0;0
FR;12;2022-10-26;0;0;0;0;0;0;0;0;0;0;0;0;0;0;0;0;0;0
FR;12;2022-10-27;0;0;0;0;0;0;0;0;0;0;0;0;0;0;0;0;0;0
FR;12;2022-10-28;0;0;0;0;0;0;0;0;0;0;0;0;0;0;0;0;0;0
FR;12;2022-10-29;0;0;0;0;0;0;0;0;0;0;0;0;0;0;0;0;0;0
FR;12;2022-10-30;0;0;0;0;0;0;0;0;0;0;0;0;0;0;0;0;0;0
FR;12;2022-10-31;0;0;0;0;0;0;0;0;0;0;0;0;0;0;0;0;0;0
FR;12;2022-11-01;0;0;0;0;0;0;0;0;0;0;0;0;0;0;0;0;0;0
FR;12;2022-11-02;0;0;0;0;0;0;0;0;0;0;0;0;0;0;0;0;0;0
FR;12;2022-11-03;0;0;0;0;0;0;0;0;0;0;0;0;0;0;0;0;0;0
FR;12;2022-11-04;0;0;0;0;0;0;0;0;0;0;0;0;0;0;0;0;0;0
FR;12;2022-11-05;0;0;0;0;0;0;0;0;0;0;0;0;0;0;0;0;0;0
FR;12;2022-11-06;0;0;0;0;0;0;0;0;0;0;0;0;0;0;0;0;0;0
FR;12;2022-11-07;0;0;0;0;0;0;0;0;0;0;0;0;0;0;0;0;0;0
FR;12;2022-11-08;0;0;0;0;0;0;0;0;0;0;0;0;0;0;0;0;0;0
FR;12;2022-11-09;0;0;0;0;0;0;0;0;0;0;0;0;0;0;0;0;0;0
FR;12;2022-11-10;0;0;0;0;0;0;0;0;0;0;0;0;0;0;0;0;0;0
FR;12;2022-11-11;0;0;0;0;0;0;0;0;0;0;0;0;0;0;0;0;0;0
FR;12;2022-11-12;0;0;0;0;0;0;0;0;0;0;0;0;0;0;0;0;0;0
FR;12;2022-11-13;0;0;0;0;0;0;0;0;0;0;0;0;0;0;0;0;0;0
FR;12;2022-11-14;0;0;0;0;0;0;0;0;0;0;0;0;0;0;0;0;0;0
FR;12;2022-11-15;0;0;0;0;0;0;0;0;0;0;0;0;0;0;0;0;0;0
FR;12;2022-11-16;0;0;0;0;0;0;0;0;0;0;0;0;0;0;0;0;0;0
FR;12;2022-11-17;0;0;0;0;0;0;0;0;0;0;0;0;0;0;0;0;0;0
FR;12;2022-11-18;0;0;0;0;0;0;0;0;0;0;0;0;0;0;0;0;0;0
FR;12;2022-11-19;0;0;0;0;0;0;0;0;0;0;0;0;0;0;0;0;0;0
FR;12;2022-11-20;0;0;0;0;0;0;0;0;0;0;0;0;0;0;0;0;0;0
FR;12;2022-11-21;0;0;0;0;0;0;0;0;0;0;0;0;0;0;0;0;0;0
FR;12;2022-11-22;0;0;0;0;0;0;0;0;0;0;0;0;0;0;0;0;0;0
FR;12;2022-11-23;0;0;0;0;0;0;0;0;0;0;0;0;0;0;0;0;0;0
FR;12;2022-11-24;0;0;0;0;0;0;0;0;0;0;0;0;0;0;0;0;0;0
FR;12;2022-11-25;0;0;0;0;0;0;0;0;0;0;0;0;0;0;0;0;0;0
FR;12;2022-11-26;0;0;0;0;0;0;0;0;0;0;0;0;0;0;0;0;0;0
FR;12;2022-11-27;0;0;0;0;0;0;0;0;0;0;0;0;0;0;0;0;0;0
FR;12;2022-11-28;0;0;0;0;0;0;0;0;0;0;0;0;0;0;0;0;0;0
FR;12;2022-11-29;0;0;0;0;0;0;0;0;0;0;0;0;0;0;0;0;0;0
FR;12;2022-11-30;0;0;0;0;0;0;0;0;0;0;0;0;0;0;0;0;0;0
FR;12;2022-12-01;0;0;0;0;0;0;0;0;0;0;0;0;0;0;0;0;0;0
FR;12;2022-12-02;0;0;0;0;0;0;0;0;0;0;0;0;0;0;0;0;0;0
FR;12;2022-12-03;0;0;0;0;0;0;0;0;0;0;0;0;0;0;0;0;0;0
FR;12;2022-12-04;0;0;0;0;0;0;0;0;0;0;0;0;0;0;0;0;0;0
FR;12;2022-12-05;0;0;0;0;0;0;0;0;0;0;0;0;0;0;0;0;0;0
FR;12;2022-12-06;0;0;0;0;0;0;0;0;0;0;0;0;0;0;0;0;0;0
FR;12;2022-12-07;0;0;0;0;0;0;0;0;0;0;0;0;0;0;0;0;0;0
FR;12;2022-12-08;0;0;0;0;0;0;0;0;0;0;0;0;0;0;0;0;0;0
FR;12;2022-12-09;0;0;0;0;0;0;0;0;0;0;0;0;0;0;0;0;0;0
FR;12;2022-12-10;0;0;0;0;0;0;0;0;0;0;0;0;0;0;0;0;0;0
FR;12;2022-12-11;0;0;0;0;0;0;0;0;0;0;0;0;0;0;0;0;0;0
FR;12;2022-12-12;0;0;0;0;0;0;0;0;0;0;0;0;0;0;0;0;0;0
FR;12;2022-12-13;0;0;0;0;0;0;0;0;0;0;0;0;0;0;0;0;0;0
FR;12;2022-12-14;0;0;0;0;0;0;0;0;0;0;0;0;0;0;0;0;0;0
FR;12;2022-12-15;0;0;0;0;0;0;0;0;0;0;0;0;0;0;0;0;0;0
FR;12;2022-12-16;0;0;0;0;0;0;0;0;0;0;0;0;0;0;0;0;0;0
FR;12;2022-12-17;0;0;0;0;0;0;0;0;0;0;0;0;0;0;0;0;0;0
FR;12;2022-12-18;0;0;0;0;0;0;0;0;0;0;0;0;0;0;0;0;0;0
FR;12;2022-12-19;0;0;0;0;0;0;0;0;0;0;0;0;0;0;0;0;0;0
FR;12;2022-12-20;0;0;0;0;0;0;0;0;0;0;0;0;0;0;0;0;0;0
FR;12;2022-12-21;0;0;0;0;0;0;0;0;0;0;0;0;0;0;0;0;0;0
FR;12;2022-12-22;0;0;0;0;0;0;0;0;0;0;0;0;0;0;0;0;0;0
FR;12;2022-12-23;0;0;0;0;0;0;0;0;0;0;0;0;0;0;0;0;0;0
FR;12;2022-12-24;0;0;0;0;0;0;0;0;0;0;0;0;0;0;0;0;0;0
FR;12;2022-12-25;0;0;0;0;0;0;0;0;0;0;0;0;0;0;0;0;0;0
FR;12;2022-12-26;0;0;0;0;0;0;0;0;0;0;0;0;0;0;0;0;0;0
FR;12;2022-12-27;0;0;0;0;0;0;0;0;0;0;0;0;0;0;0;0;0;0
FR;12;2022-12-28;0;0;0;0;0;0;0;0;0;0;0;0;0;0;0;0;0;0
FR;12;2022-12-29;0;0;0;0;0;0;0;0;0;0;0;0;0;0;0;0;0;0
FR;12;2022-12-30;0;0;0;0;0;0;0;0;0;0;0;0;0;0;0;0;0;0
FR;12;2022-12-31;0;0;0;0;0;0;0;0;0;0;0;0;0;0;0;0;0;0
FR;12;2023-01-01;0;0;0;0;0;0;0;0;0;0;0;0;0;0;0;0;0;0
FR;12;2023-01-02;0;0;0;0;0;0;0;0;0;0;0;0;0;0;0;0;0;0
FR;12;2023-01-03;0;0;0;0;0;0;0;0;0;0;0;0;0;0;0;0;0;0
FR;12;2023-01-04;0;0;0;0;0;0;0;0;0;0;0;0;0;0;0;0;0;0
FR;12;2023-01-05;0;0;0;0;0;0;0;0;0;0;0;0;0;0;0;0;0;0
FR;12;2023-01-06;0;0;0;0;0;0;0;0;0;0;0;0;0;0;0;0;0;0
FR;12;2023-01-07;0;0;0;0;0;0;0;0;0;0;0;0;0;0;0;0;0;0
FR;12;2023-01-08;0;0;0;0;0;0;0;0;0;0;0;0;0;0;0;0;0;0
FR;12;2023-01-09;0;0;0;0;0;0;0;0;0;0;0;0;0;0;0;0;0;0
FR;12;2023-01-10;0;0;0;0;0;0;0;0;0;0;0;0;0;0;0;0;0;0
FR;12;2023-01-11;0;0;0;0;0;0;0;0;0;0;0;0;0;0;0;0;0;0
FR;12;2023-01-12;0;0;0;0;0;0;0;0;0;0;0;0;0;0;0;0;0;0
FR;12;2023-01-13;0;0;0;0;0;0;0;0;0;0;0;0;0;0;0;0;0;0
FR;12;2023-01-14;0;0;0;0;0;0;0;0;0;0;0;0;0;0;0;0;0;0
FR;12;2023-01-15;0;0;0;0;0;0;0;0;0;0;0;0;0;0;0;0;0;0
FR;12;2023-01-16;0;0;0;0;0;0;0;0;0;0;0;0;0;0;0;0;0;0
FR;12;2023-01-17;0;0;0;0;0;0;0;0;0;0;0;0;0;0;0;0;0;0
FR;12;2023-01-18;0;0;0;0;0;0;0;0;0;0;0;0;0;0;0;0;0;0
FR;12;2023-01-19;0;0;0;0;0;0;0;0;0;0;0;0;0;0;0;0;0;0
FR;12;2023-01-20;0;0;0;0;0;0;0;0;0;0;0;0;0;0;0;0;0;0
FR;12;2023-01-21;0;0;0;0;0;0;0;0;0;0;0;0;0;0;0;0;0;0
FR;12;2023-01-22;0;0;0;0;0;0;0;0;0;0;0;0;0;0;0;0;0;0
FR;12;2023-01-23;0;0;0;0;0;0;0;0;0;0;0;0;0;0;0;0;0;0
FR;12;2023-01-24;0;0;0;0;0;0;0;0;0;0;0;0;0;0;0;0;0;0
FR;12;2023-01-25;0;0;0;0;0;0;0;0;0;0;0;0;0;0;0;0;0;0
FR;12;2023-01-26;0;0;0;0;0;0;0;0;0;0;0;0;0;0;0;0;0;0
FR;12;2023-01-27;0;0;0;0;0;0;0;0;0;0;0;0;0;0;0;0;0;0
FR;12;2023-01-28;0;0;0;0;0;0;0;0;0;0;0;0;0;0;0;0;0;0
FR;12;2023-01-29;0;0;0;0;0;0;0;0;0;0;0;0;0;0;0;0;0;0
FR;12;2023-01-30;0;0;0;0;0;0;0;0;0;0;0;0;0;0;0;0;0;0
FR;12;2023-01-31;0;0;0;0;0;0;0;0;0;0;0;0;0;0;0;0;0;0
FR;12;2023-02-01;0;0;0;0;0;0;0;0;0;0;0;0;0;0;0;0;0;0
FR;12;2023-02-02;0;0;0;1;0;0;0;2;2;0;0;0;1;0;0;0;2;2
FR;12;2023-02-03;0;1;6;57;0;4;58;141;77;0;1;6;58;0;4;58;143;79
FR;12;2023-02-04;1;3;6;51;1;5;52;110;52;1;4;12;109;1;9;110;253;131
FR;12;2023-02-05;0;0;0;0;0;0;0;1;1;1;4;12;109;1;9;110;254;132
FR;12;2023-02-06;3;2;13;62;0;11;68;153;69;4;6;25;171;1;20;178;407;201
FR;12;2023-02-07;2;7;18;95;4;13;98;237;121;6;13;43;266;5;33;276;644;322
FR;12;2023-02-08;1;3;10;62;1;10;69;170;89;7;16;53;328;6;43;345;814;411
FR;12;2023-02-09;5;3;12;73;2;13;76;246;154;12;19;65;401;8;56;421;1060;565
FR;12;2023-02-10;4;2;22;140;4;12;150;327;162;16;21;87;541;12;68;571;1387;727
FR;12;2023-02-11;0;2;8;59;1;3;58;123;60;16;23;95;600;13;71;629;1510;787
FR;12;2023-02-12;0;0;0;3;0;0;3;7;3;16;23;95;603;13;71;632;1517;790
FR;12;2023-02-13;0;0;17;78;0;8;85;217;114;16;23;112;681;13;79;717;1734;904
FR;12;2023-02-14;3;5;17;96;5;14;99;229;108;19;28;129;777;18;93;816;1963;1012
FR;12;2023-02-15;3;5;19;85;0;13;86;236;132;22;33;148;862;18;106;902;2199;1144
FR;12;2023-02-16;5;3;16;107;3;13;103;247;129;27;36;164;969;21;119;1005;2446;1273
FR;12;2023-02-17;2;4;12;115;3;11;110;280;153;29;40;176;1084;24;130;1115;2726;1426
FR;12;2023-02-18;1;4;10;51;2;12;52;102;36;30;44;186;1135;26;142;1167;2828;1462
FR;12;2023-02-19;0;0;0;2;0;0;1;2;1;30;44;186;1137;26;142;1168;2830;1463
FR;12;2023-02-20;10;1;11;65;5;10;69;217;131;40;45;197;1202;31;152;1237;3047;1594
FR;12;2023-02-21;6;6;19;98;4;14;94;280;167;46;51;216;1300;35;166;1331;3327;1761
FR;12;2023-02-22;2;4;19;74;2;20;78;231;125;48;55;235;1374;37;186;1409;3558;1886
FR;12;2023-02-23;4;3;20;88;2;16;86;264;155;52;58;255;1462;39;202;1495;3822;2041
FR;12;2023-02-24;3;7;20;135;3;17;141;359;189;55;65;275;1597;42;219;1636;4181;2230
FR;12;2023-02-25;7;1;19;92;1;10;106;200;77;62;66;294;1689;43;229;1742;4381;2307
FR;12;2023-02-26;0;0;0;0;0;0;0;2;2;62;66;294;1689;43;229;1742;4383;2309
FR;12;2023-02-27;6;10;20;92;8;16;95;270;156;68;76;314;1781;51;245;1837;4653;2465
FR;12;2023-02-28;6;9;21;125;0;23;128;385;227;74;85;335;1906;51;268;1965;5038;2692
FR;12;2023-03-01;4;7;23;78;2;18;91;292;175;78;92;358;1984;53;286;2056;5330;2867
FR;12;2023-03-02;7;9;21;107;6;18;114;301;163;85;101;379;2091;59;304;2170;5631;3030
FR;12;2023-03-03;10;8;45;142;7;39;148;418;220;95;109;424;2233;66;343;2318;6049;3250
FR;12;2023-03-04;3;2;12;55;0;10;53;119;49;98;111;436;2288;66;353;2371;6168;3299
FR;12;2023-03-05;0;1;1;2;1;1;2;8;5;98;112;437;2290;67;354;2373;6176;3304
FR;12;2023-03-06;4;5;26;74;2;19;82;267;157;102;117;463;2364;69;373;2455;6443;3461
FR;12;2023-03-07;6;10;29;128;9;24;130;352;189;108;127;492;2492;78;397;2585;6795;3650
FR;12;2023-03-08;4;7;27;71;5;22;77;249;137;112;134;519;2563;83;419;2662;7044;3787
FR;12;2023-03-09;3;8;18;91;4;22;85;323;197;115;142;537;2654;87;441;2747;7367;3984
FR;12;2023-03-10;11;7;23;136;9;23;132;365;207;126;149;560;2790;96;464;2879;7732;4191
FR;12;2023-03-11;1;4;15;45;4;9;50;128;68;127;153;575;2835;100;473;2929;7860;4259
FR;12;2023-03-12;0;2;0;2;0;2;1;5;2;127;155;575;2837;100;475;2930;7865;4261
FR;12;2023-03-13;2;4;32;100;1;28;103;292;154;129;159;607;2937;101;503;3033;8157;4415
FR;12;2023-03-14;2;7;15;85;2;15;82;320;209;131;166;622;3022;103;518;3115;8477;4624
FR;12;2023-03-15;2;4;20;65;2;19;68;220;120;133;170;642;3087;105;537;3183;8697;4744
FR;12;2023-03-16;3;5;19;95;4;11;110;290;155;136;175;661;3182;109;548;3293;8987;4899
FR;0;2020-12-27;616;0;0;0;55;0;0;0;0;616;0;0;0;55;0;0;0;0
FR;0;2020-12-28;705;1;0;0;43;0;0;0;0;1321;1;0;0;98;0;0;0;0
FR;0;2020-12-29;389;0;0;0;19;0;0;0;0;1710;1;0;0;117;0;0;0;0
FR;0;2020-12-30;455;0;0;0;19;0;0;0;0;2165;1;0;0;136;0;0;0;0
FR;0;2020-12-31;450;1;0;0;21;0;0;0;0;2615;2;0;0;157;0;0;0;0
FR;0;2021-01-01;1193;2;0;0;66;0;0;0;0;3808;4;0;0;223;0;0;0;0
FR;0;2021-01-02;369;4;0;0;29;0;0;0;0;4177;8;0;0;252;0;0;0;0
FR;0;2021-01-03;418;0;0;0;23;0;0;0;0;4595;8;0;0;275;0;0;0;0
FR;0;2021-01-04;2143;5;0;0;51;0;0;0;0;6738;13;0;0;326;0;0;0;0
FR;0;2021-01-05;7776;6;0;0;128;0;0;0;0;14514;19;0;0;454;0;0;0;0
FR;0;2021-01-06;12478;23;0;0;128;0;0;0;0;26992;42;0;0;582;0;0;0;0
FR;0;2021-01-07;29480;24;0;0;159;0;0;0;0;56472;66;0;0;741;0;0;0;0
FR;0;2021-01-08;37170;35;0;0;204;0;0;0;0;93642;101;0;0;945;0;0;0;0
FR;0;2021-01-09;11220;9;0;0;77;0;0;0;0;104862;110;0;0;1022;0;0;0;0
FR;0;2021-01-10;6015;8;0;0;28;0;0;0;0;110877;118;0;0;1050;0;0;0;0
FR;0;2021-01-11;39955;39;0;0;232;0;0;0;0;150832;157;0;0;1282;0;0;0;0
FR;0;2021-01-12;62162;30;0;0;298;0;0;0;0;212994;187;0;0;1580;0;0;0;0
FR;0;2021-01-13;65147;62;0;0;433;0;0;0;0;278141;249;0;0;2013;0;0;0;0
FR;0;2021-01-14;83109;261;0;0;1171;0;0;0;0;361250;510;0;0;3184;0;0;0;0
FR;0;2021-01-15;69036;101;0;0;557;0;0;0;0;430286;611;0;0;3741;0;0;0;0
FR;0;2021-01-16;20219;73;0;0;183;0;0;0;0;450505;684;0;0;3924;0;0;0;0
FR;0;2021-01-17;10992;54;0;0;137;0;0;0;0;461497;738;0;0;4061;0;0;0;0
FR;0;2021-01-18;85923;179;0;0;615;0;0;0;0;547420;917;0;0;4676;0;0;0;0
FR;0;2021-01-19;130616;211;0;0;869;0;0;0;0;678036;1128;0;0;5545;0;0;0;0
FR;0;2021-01-20;137572;196;0;0;837;0;0;0;0;815608;1324;0;0;6382;0;0;0;0
FR;0;2021-01-21;158430;205;0;0;951;0;0;0;0;974038;1529;0;0;7333;0;0;0;0
FR;0;2021-01-22;121089;258;0;0;845;0;0;0;0;1095127;1787;0;0;8178;0;0;0;0
FR;0;2021-01-23;38492;86;0;0;223;0;0;0;0;1133619;1873;0;0;8401;0;0;0;0
FR;0;2021-01-24;9752;130;0;0;195;0;0;0;0;1143371;2003;0;0;8596;0;0;0;0
FR;0;2021-01-25;78256;1457;0;0;1808;0;0;0;0;1221627;3460;0;0;10404;0;0;0;0
FR;0;2021-01-26;100401;3708;1;0;4185;0;0;0;0;1322028;7168;1;0;14589;0;0;0;0
FR;0;2021-01-27;107266;6444;0;0;7160;0;0;0;0;1429294;13612;1;0;21749;0;0;0;0
FR;0;2021-01-28;124384;16409;0;0;17232;0;0;0;0;1553678;30021;1;0;38981;0;0;0;0
FR;0;2021-01-29;92201;18797;0;0;19374;0;0;0;0;1645879;48818;1;0;58355;0;0;0;0
FR;0;2021-01-30;29128;4535;0;0;4672;0;0;0;0;1675007;53353;1;0;63027;0;0;0;0
FR;0;2021-01-31;5240;1900;0;0;1945;0;0;0;0;1680247;55253;1;0;64972;0;0;0;0
FR;0;2021-02-01;53160;23041;0;0;23314;0;0;0;0;1733407;78294;1;0;88286;0;0;0;0
FR;0;2021-02-02;72334;38203;0;0;38695;0;0;0;0;1805741;116497;1;0;126981;0;0;0;0
FR;0;2021-02-03;72327;40237;0;0;40743;0;0;0;0;1878068;156734;1;0;167724;0;0;0;0
FR;0;2021-02-04;82096;55118;0;0;55713;0;0;0;0;1960164;211852;1;0;223437;0;0;0;0
FR;0;2021-02-05;68252;48235;0;0;48673;0;0;0;0;2028416;260087;1;0;272110;0;0;0;0
FR;0;2021-02-06;22952;11438;0;0;11677;0;0;0;0;2051368;271525;1;0;283787;0;0;0;0
FR;0;2021-02-07;5195;6073;0;0;6199;0;0;0;0;2056563;277598;1;0;289986;0;0;0;0
FR;0;2021-02-08;46856;48794;0;0;49282;0;0;0;0;2103419;326392;1;0;339268;0;0;0;0
FR;0;2021-02-09;66047;78449;0;0;79546;0;0;0;0;2169466;404841;1;0;418814;0;0;0;0
FR;0;2021-02-10;71048;83487;0;0;84784;0;0;0;0;2240514;488328;1;0;503598;0;0;0;0
FR;0;2021-02-11;87308;105641;0;0;107589;0;0;0;0;2327822;593969;1;0;611187;0;0;0;0
FR;0;2021-02-12;79355;76082;0;0;77830;0;0;0;0;2407177;670051;1;0;689017;0;0;0;0
FR;0;2021-02-13;22391;19536;0;0;19903;0;0;0;0;2429568;689587;1;0;708920;0;0;0;0
FR;0;2021-02-14;5080;7334;0;0;7462;0;0;0;0;2434648;696921;1;0;716382;0;0;0;0
FR;0;2021-02-15;38132;76799;0;0;77820;0;0;0;0;2472780;773720;1;0;794202;0;0;0;0
FR;0;2021-02-16;50420;99688;0;0;101033;0;0;0;0;2523200;873408;1;0;895235;0;0;0;0
FR;0;2021-02-17;50557;106923;20;0;108371;0;0;0;0;2573757;980331;21;0;1003606;0;0;0;0
FR;0;2021-02-18;69813;123720;0;0;125769;0;0;0;0;2643570;1104051;21;0;1129375;0;0;0;0
FR;0;2021-02-19;65093;92324;1;0;94214;0;0;0;0;2708663;1196375;22;0;1223589;0;0;0;0
FR;0;2021-02-20;18602;28547;0;0;28918;0;0;0;0;2727265;1224922;22;0;1252507;0;0;0;0
FR;0;2021-02-21;3335;6038;0;0;6143;0;0;0;0;2730600;1230960;22;0;1258650;0;0;0;0
FR;0;2021-02-22;37512;73172;2;0;74185;0;0;0;0;2768112;1304132;24;0;1332835;0;0;0;0
FR;0;2021-02-23;53803;85298;1;0;86818;0;0;0;0;2821915;1389430;25;0;1419653;0;0;0;0
FR;0;2021-02-24;60038;82932;1;0;84513;0;0;0;0;2881953;1472362;26;0;1504166;0;0;0;0
FR;0;2021-02-25;100611;91207;1;0;94204;0;0;0;0;2982564;1563569;27;0;1598370;0;0;0;0
FR;0;2021-02-26;113491;70752;1;0;73902;0;0;0;0;3096055;1634321;28;0;1672272;0;0;0;0
FR;0;2021-02-27;52131;22438;1;0;23683;0;0;0;0;3148186;1656759;29;0;1695955;0;0;0;0
FR;0;2021-02-28;6209;4123;2;0;4321;0;0;0;0;3154395;1660882;31;0;1700276;0;0;0;0
FR;0;2021-03-01;65944;54063;1;0;55933;0;0;0;0;3220339;1714945;32;0;1756209;0;0;0;0
FR;0;2021-03-02;101414;67170;3;0;70215;0;0;0;0;3321753;1782115;35;0;1826424;0;0;0;0
FR;0;2021-03-03;116565;65479;0;0;69170;0;0;0;0;3438318;1847594;35;0;1895594;0;0;0;0
FR;0;2021-03-04;163662;72627;3;0;78196;0;0;0;0;3601980;1920221;38;0;1973790;0;0;0;0
FR;0;2021-03-05;200962;62701;3;0;69434;0;0;0;0;3802942;1982922;41;0;2043224;0;0;0;0
FR;0;2021-03-06;207992;17482;3;0;22784;0;0;0;0;4010934;2000404;44;0;2066008;0;0;0;0
FR;0;2021-03-07;121292;3975;1;0;7269;0;0;0;0;4132226;2004379;45;0;2073277;0;0;0;0
FR;0;2021-03-08;107177;49559;2;0;53047;0;0;0;0;4239403;2053938;47;0;2126324;0;0;0;0
FR;0;2021-03-09;172487;56022;2;0;61515;0;0;0;0;4411890;2109960;49;0;2187839;0;0;0;0
FR;0;2021-03-10;179042;57052;5;0;62726;0;0;0;0;4590932;2167012;54;0;2250565;0;0;0;0
FR;0;2021-03-11;242933;64016;2;0;72113;0;0;0;0;4833865;2231028;56;0;2322678;0;0;0;0
FR;0;2021-03-12;294876;53365;1;0;62822;0;0;0;0;5128741;2284393;57;0;2385500;0;0;0;0
FR;0;2021-03-13;231445;15263;1;0;21241;0;0;0;0;5360186;2299656;58;0;2406741;0;0;0;0
FR;0;2021-03-14;63364;3044;1;0;5080;0;0;0;0;5423550;2302700;59;0;2411821;0;0;0;0
FR;0;2021-03-15;158699;31497;3;0;36152;0;0;0;0;5582249;2334197;62;0;2447973;0;0;0;0
FR;0;2021-03-16;141598;38819;6;0;42969;0;0;0;0;5723847;2373016;68;0;2490942;0;0;0;0
FR;0;2021-03-17;150519;37565;4;0;42331;0;0;0;0;5874366;2410581;72;0;2533273;0;0;0;0
FR;0;2021-03-18;167869;44322;5;0;49889;0;0;0;0;6042235;2454903;77;0;2583162;0;0;0;0
FR;0;2021-03-19;230056;36750;2;0;44108;0;0;0;0;6272291;2491653;79;0;2627270;0;0;0;0
FR;0;2021-03-20;166719;11383;1;0;16008;0;0;0;0;6439010;2503036;80;0;2643278;0;0;0;0
FR;0;2021-03-21;49957;2134;1;0;3892;0;0;0;0;6488967;2505170;81;0;2647170;0;0;0;0
FR;0;2021-03-22;170085;33525;2;0;39028;0;0;0;0;6659052;2538695;83;0;2686198;0;0;0;0
FR;0;2021-03-23;250439;42380;1;0;50226;0;0;0;0;6909491;2581075;84;0;2736424;0;0;0;0
FR;0;2021-03-24;256949;43583;0;0;51682;0;0;0;0;7166440;2624658;84;0;2788106;0;0;0;0
FR;0;2021-03-25;341874;45278;5;0;56282;0;0;0;0;7508314;2669936;89;0;2844388;0;0;0;0
FR;0;2021-03-26;358848;41797;5;1;53555;0;0;0;0;7867162;2711733;94;1;2897943;0;0;0;0
FR;0;2021-03-27;195296;16952;1;0;23396;0;0;0;0;8062458;2728685;95;1;2921339;0;0;0;0
FR;0;2021-03-28;59358;4587;3;0;6652;0;0;0;0;8121816;2733272;98;1;2927991;0;0;0;0
FR;0;2021-03-29;203026;53399;4;0;60164;0;0;0;0;8324842;2786671;102;1;2988155;0;0;0;0
FR;0;2021-03-30;285547;70035;5;0;80447;0;0;0;0;8610389;2856706;107;1;3068602;0;0;0;0
FR;0;2021-03-31;263080;74048;4;0;84719;0;0;0;0;8873469;2930754;111;1;3153321;0;0;0;0
FR;0;2021-04-01;315584;92813;11;0;106394;0;0;0;0;9189053;3023567;122;1;3259715;0;0;0;0
FR;0;2021-04-02;281384;94818;7;0;106647;0;0;0;0;9470437;3118385;129;1;3366362;0;0;0;0
FR;0;2021-04-03;141097;62598;6;0;67859;0;0;0;0;9611534;3180983;135;1;3434221;0;0;0;0
FR;0;2021-04-04;46551;19020;2;0;21073;0;0;0;0;9658085;3200003;137;1;3455294;0;0;0;0
FR;0;2021-04-05;63371;10403;11;0;13060;0;0;0;0;9721456;3210406;148;1;3468354;0;0;0;0
FR;0;2021-04-06;217273;113123;17;0;121986;0;0;0;0;9938729;3323529;165;1;3590340;0;0;0;0
FR;0;2021-04-07;260322;115274;17;0;126627;0;0;0;0;10199051;3438803;182;1;3716967;0;0;0;0
FR;0;2021-04-08;337915;123216;15;0;138845;0;0;0;0;10536966;3562019;197;1;3855812;0;0;0;0
FR;0;2021-04-09;410238;116890;49;0;134297;0;0;0;0;10947204;3678909;246;1;3990109;0;0;0;0
FR;0;2021-04-10;212662;82869;15;0;91260;0;0;0;0;11159866;3761778;261;1;4081369;0;0;0;0
FR;0;2021-04-11;56162;34178;7;0;36704;0;0;0;0;11216028;3795956;268;1;4118073;0;0;0;0
FR;0;2021-04-12;237126;115836;46;0;125444;0;0;0;0;11453154;3911792;314;1;4243517;0;0;0;0
FR;0;2021-04-13;309554;144169;98;1;157131;0;0;0;0;11762708;4055961;412;2;4400648;0;0;0;0
FR;0;2021-04-14;294604;139848;215;0;153227;0;0;0;0;12057312;4195809;627;2;4553875;0;0;0;0
FR;0;2021-04-15;337198;150528;340;0;166069;0;0;0;0;12394510;4346337;967;2;4719944;0;0;0;0
FR;0;2021-04-16;339364;147049;354;0;161707;0;0;0;0;12733874;4493386;1321;2;4881651;0;0;0;0
FR;0;2021-04-17;188689;89985;109;0;97684;0;0;0;0;12922563;4583371;1430;2;4979335;0;0;0;0
FR;0;2021-04-18;51643;35459;48;0;37882;0;0;0;0;12974206;4618830;1478;2;5017217;0;0;0;0
FR;0;2021-04-19;205749;138294;456;0;147453;0;0;0;0;13179955;4757124;1934;2;5164670;0;0;0;0
FR;0;2021-04-20;254494;172044;569;0;183705;0;0;0;0;13434449;4929168;2503;2;5348375;0;0;0;0
FR;0;2021-04-21;253342;170227;836;0;182253;0;0;0;0;13687791;5099395;3339;2;5530628;0;0;0;0
FR;0;2021-04-22;287631;190445;820;0;205041;0;0;0;0;13975422;5289840;4159;2;5735669;0;0;0;0
FR;0;2021-04-23;297687;184733;747;0;203490;0;0;0;0;14273109;5474573;4906;2;5939159;0;0;0;0
FR;0;2021-04-24;190481;112057;252;0;122510;0;0;0;0;14463590;5586630;5158;2;6061669;0;0;0;0
FR;0;2021-04-25;69576;38863;51;0;42594;0;0;0;0;14533166;5625493;5209;2;6104263;0;0;0;0
FR;0;2021-04-26;221008;158705;564;0;171904;0;0;0;0;14754174;5784198;5773;2;6276167;0;0;0;0
FR;0;2021-04-27;284657;188046;941;0;211361;0;0;0;0;15038831;5972244;6714;2;6487528;0;0;0;0
FR;0;2021-04-28;299578;184733;1427;1;209815;1;0;0;0;15338409;6156977;8141;3;6697343;1;0;0;0
FR;0;2021-04-29;357214;198301;1281;0;233387;0;0;0;0;15695623;6355278;9422;3;6930730;1;0;0;0
FR;0;2021-04-30;372267;186141;1124;1;225483;0;0;0;0;16067890;6541419;10546;4;7156213;1;0;0;0
FR;0;2021-05-01;167681;52538;179;0;63784;0;0;0;0;16235571;6593957;10725;4;7219997;1;0;0;0
FR;0;2021-05-02;91771;37863;83;0;43592;0;0;0;0;16327342;6631820;10808;4;7263589;1;0;0;0
FR;0;2021-05-03;288981;165163;843;0;185690;0;0;0;0;16616323;6796983;11651;4;7449279;1;0;0;0
FR;0;2021-05-04;315761;225619;1237;0;251795;0;0;0;0;16932084;7022602;12888;4;7701074;1;0;0;0
FR;0;2021-05-05;327299;226651;1316;0;251731;0;0;0;0;17259383;7249253;14204;4;7952805;1;0;0;0
FR;0;2021-05-06;379618;241269;1634;0;275520;0;0;0;0;17639001;7490522;15838;4;8228325;1;0;0;0
FR;0;2021-05-07;372837;258912;1224;0;299974;0;0;0;0;18011838;7749434;17062;4;8528299;1;0;0;0
FR;0;2021-05-08;222191;71494;300;0;86704;0;0;0;0;18234029;7820928;17362;4;8615003;1;0;0;0
FR;0;2021-05-09;129734;44508;243;0;53146;0;0;0;0;18363763;7865436;17605;4;8668149;1;0;0;0
FR;0;2021-05-10;313433;229727;1239;0;255511;0;0;0;0;18677196;8095163;18844;4;8923660;1;0;0;0
FR;0;2021-05-11;403986;258428;1566;0;296858;0;0;0;0;19081182;8353591;20410;4;9220518;1;0;0;0
FR;0;2021-05-12;434212;233900;1544;0;270189;0;0;0;0;19515394;8587491;21954;4;9490707;1;0;0;0
FR;0;2021-05-13;338642;56436;432;0;77929;0;0;0;0;19854036;8643927;22386;4;9568636;1;0;0;0
FR;0;2021-05-14;454192;167501;1130;0;203113;0;0;0;0;20308228;8811428;23516;4;9771749;1;0;0;0
FR;0;2021-05-15;375018;94398;445;0;120797;0;0;0;0;20683246;8905826;23961;4;9892546;1;0;0;0
FR;0;2021-05-16;202777;20689;168;0;34090;0;0;0;0;20886023;8926515;24129;4;9926636;1;0;0;0
FR;0;2021-05-17;376165;148880;1555;0;178671;0;0;0;0;21262188;9075395;25684;4;10105307;1;0;0;0
FR;0;2021-05-18;460227;154153;1991;0;193306;0;0;0;0;21722415;9229548;27675;4;10298613;1;0;0;0
FR;0;2021-05-19;467471;142539;2466;0;179808;0;0;0;0;22189886;9372087;30141;4;10478421;1;0;0;0
FR;0;2021-05-20;507603;160254;2340;0;204216;0;0;0;0;22697489;9532341;32481;4;10682637;1;0;0;0
FR;0;2021-05-21;489737;175262;1997;0;221814;0;0;0;0;23187226;9707603;34478;4;10904451;1;0;0;0
FR;0;2021-05-22;347227;80247;670;0;108679;0;0;0;0;23534453;9787850;35148;4;11013130;1;0;0;0
FR;0;2021-05-23;161718;14213;246;0;26682;0;0;0;0;23696171;9802063;35394;4;11039812;1;0;0;0
FR;0;2021-05-24;263223;33108;604;0;52946;0;0;0;0;23959394;9835171;35998;4;11092758;1;0;0;0
FR;0;2021-05-25;400319;190479;2357;1;227046;0;0;0;0;24359713;10025650;38355;5;11319804;1;0;0;0
FR;0;2021-05-26;413514;191254;2227;0;229306;0;0;0;0;24773227;10216904;40582;5;11549110;1;0;0;0
FR;0;2021-05-27;449878;220091;2163;0;267240;0;0;0;0;25223105;10436995;42745;5;11816350;1;0;0;0
FR;0;2021-05-28;429612;261173;1895;0;319272;0;0;0;0;25652717;10698168;44640;5;12135622;1;0;0;0
FR;0;2021-05-29;299008;150531;586;0;183388;0;0;0;0;25951725;10848699;45226;5;12319010;1;0;0;0
FR;0;2021-05-30;107156;32503;164;0;42087;0;0;0;0;26058881;10881202;45390;5;12361097;1;0;0;0
FR;0;2021-05-31;358083;203503;1474;1;241789;1;0;0;0;26416964;11084705;46864;6;12602886;2;0;0;0
FR;0;2021-06-01;431143;251304;1969;1;302949;1;0;0;0;26848107;11336009;48833;7;12905835;3;0;0;0
FR;0;2021-06-02;420178;232771;1986;0;280161;0;0;0;0;27268285;11568780;50819;7;13185996;3;0;0;0
FR;0;2021-06-03;465707;257771;1826;0;312546;0;0;0;0;27733992;11826551;52645;7;13498542;3;0;0;0
FR;0;2021-06-04;456303;305893;1735;1;363306;1;0;0;0;28190295;12132444;54380;8;13861848;4;0;0;0
FR;0;2021-06-05;304839;189568;653;0;222794;0;0;0;0;28495134;12322012;55033;8;14084642;4;0;0;0
FR;0;2021-06-06;133341;49018;227;0;61159;0;0;0;0;28628475;12371030;55260;8;14145801;4;0;0;0
FR;0;2021-06-07;340025;261526;1529;0;298618;0;0;0;0;28968500;12632556;56789;8;14444419;4;0;0;0
FR;0;2021-06-08;393959;291407;1806;0;338279;0;0;0;0;29362459;12923963;58595;8;14782698;4;0;0;0
FR;0;2021-06-09;384967;273786;1734;0;318186;0;0;0;0;29747426;13197749;60329;8;15100884;4;0;0;0
FR;0;2021-06-10;404256;286297;1728;1;335751;0;0;0;0;30151682;13484046;62057;9;15436635;4;0;0;0
FR;0;2021-06-11;386727;356529;1468;1;406976;0;0;0;0;30538409;13840575;63525;10;15843611;4;0;0;0
FR;0;2021-06-12;283295;210991;497;0;243139;0;0;0;0;30821704;14051566;64022;10;16086750;4;0;0;0
FR;0;2021-06-13;104907;73842;204;0;84835;0;0;0;0;30926611;14125408;64226;10;16171585;4;0;0;0
FR;0;2021-06-14;240885;354060;1429;1;383254;0;0;0;0;31167496;14479468;65655;11;16554839;4;0;0;0
FR;0;2021-06-15;308229;384340;1574;1;423119;0;0;0;0;31475725;14863808;67229;12;16977958;4;0;0;0
FR;0;2021-06-16;314026;357592;1419;1;395354;0;0;0;0;31789751;15221400;68648;13;17373312;4;0;0;0
FR;0;2021-06-17;317737;373158;1432;1;414356;0;0;0;0;32107488;15594558;70080;14;17787668;4;0;0;0
FR;0;2021-06-18;321784;442592;1341;1;486000;0;0;0;0;32429272;16037150;71421;15;18273668;4;0;0;0
FR;0;2021-06-19;224367;274023;449;0;301217;0;0;0;0;32653639;16311173;71870;15;18574885;4;0;0;0
FR;0;2021-06-20;74459;102291;131;0;111488;0;0;0;0;32728098;16413464;72001;15;18686373;4;0;0;0
FR;0;2021-06-21;195818;401757;1038;1;427723;1;0;0;0;32923916;16815221;73039;16;19114096;5;0;0;0
FR;0;2021-06-22;223242;467808;1266;10;500474;1;0;0;0;33147158;17283029;74305;26;19614570;6;0;0;0
FR;0;2021-06-23;234081;440137;1198;1;474246;1;0;0;0;33381239;17723166;75503;27;20088816;7;0;0;0
FR;0;2021-06-24;241904;409730;1359;0;447221;0;0;0;0;33623143;18132896;76862;27;20536037;7;0;0;0
FR;0;2021-06-25;227671;523078;1404;0;562074;0;0;0;0;33850814;18655974;78266;27;21098111;7;0;0;0
FR;0;2021-06-26;153293;371095;589;1;395905;0;0;0;0;34004107;19027069;78855;28;21494016;7;0;0;0
FR;0;2021-06-27;55924;155944;169;1;164855;0;0;0;0;34060031;19183013;79024;29;21658871;7;0;0;0
FR;0;2021-06-28;154812;452522;1178;0;478122;0;0;0;0;34214843;19635535;80202;29;22136993;7;0;0;0
FR;0;2021-06-29;182743;507828;2123;0;539205;0;0;0;0;34397586;20143363;82325;29;22676198;7;0;0;0
FR;0;2021-06-30;204045;485241;2016;21;519514;2;0;0;0;34601631;20628604;84341;50;23195712;9;0;0;0
FR;0;2021-07-01;231460;458543;2226;5;498489;0;0;0;0;34833091;21087147;86567;55;23694201;9;0;0;0
FR;0;2021-07-02;228709;520019;2120;5;562335;2;0;0;0;35061800;21607166;88687;60;24256536;11;0;0;0
FR;0;2021-07-03;142057;368759;908;3;395246;1;0;0;0;35203857;21975925;89595;63;24651782;12;0;0;0
FR;0;2021-07-04;56764;141005;265;0;150696;0;0;0;0;35260621;22116930;89860;63;24802478;12;0;0;0
FR;0;2021-07-05;168549;418647;1668;8;448588;0;0;0;0;35429170;22535577;91528;71;25251066;12;0;0;0
FR;0;2021-07-06;196809;474522;1830;45;511119;8;0;0;0;35625979;23010099;93358;116;25762185;20;0;0;0
FR;0;2021-07-07;213253;438959;1881;25;477417;2;0;0;0;35839232;23449058;95239;141;26239602;22;0;0;0
FR;0;2021-07-08;231678;424134;2090;20;468069;2;0;0;0;36070910;23873192;97329;161;26707671;24;0;0;0
FR;0;2021-07-09;228640;511057;2185;4;557348;1;0;0;0;36299550;24384249;99514;165;27265019;25;0;0;0
FR;0;2021-07-10;148636;339923;986;1;368861;1;0;0;0;36448186;24724172;100500;166;27633880;26;0;0;0
FR;0;2021-07-11;60218;110049;284;0;120966;0;0;0;0;36508404;24834221;100784;166;27754846;26;0;0;0
FR;0;2021-07-12;169440;477698;1766;4;512428;0;0;0;0;36677844;25311919;102550;170;28267274;26;0;0;0
FR;0;2021-07-13;287308;526590;2050;8;585623;0;0;0;0;36965152;25838509;104600;178;28852897;26;0;0;0
FR;0;2021-07-14;181122;157335;435;0;186646;0;0;0;0;37146274;25995844;105035;178;29039543;26;0;0;0
FR;0;2021-07-15;347131;501595;2100;1;571563;0;0;0;0;37493405;26497439;107135;179;29611106;26;0;0;0
FR;0;2021-07-16;380123;494968;2023;3;574143;1;0;0;0;37873528;26992407;109158;182;30185249;27;0;0;0
FR;0;2021-07-17;259753;319636;877;1;368600;0;0;0;0;38133281;27312043;110035;183;30553849;27;0;0;0
FR;0;2021-07-18;109746;114563;310;0;133003;0;0;0;0;38243027;27426606;110345;183;30686852;27;0;0;0
FR;0;2021-07-19;285528;423880;1631;3;478896;0;0;0;0;38528555;27850486;111976;186;31165748;27;0;0;0
FR;0;2021-07-20;376944;451204;1725;0;523542;0;0;0;0;38905499;28301690;113701;186;31689290;27;0;0;0
FR;0;2021-07-21;395841;406833;1550;4;481823;1;0;0;0;39301340;28708523;115251;190;32171113;28;0;0;0
FR;0;2021-07-22;441089;387300;1715;4;471778;2;0;0;0;39742429;29095823;116966;194;32642891;30;0;0;0
FR;0;2021-07-23;440351;421954;1883;4;509918;1;0;0;0;40182780;29517777;118849;198;33152809;31;0;0;0
FR;0;2021-07-24;285263;269310;804;1;321989;0;0;0;0;40468043;29787087;119653;199;33474798;31;0;0;0
FR;0;2021-07-25;121127;79915;234;0;100270;0;0;0;0;40589170;29867002;119887;199;33575068;31;0;0;0
FR;0;2021-07-26;347453;322136;1614;3;384696;1;0;0;0;40936623;30189138;121501;202;33959764;32;0;0;0
FR;0;2021-07-27;464107;319249;1698;4;400402;1;0;0;0;41400730;30508387;123199;206;34360166;33;0;0;0
FR;0;2021-07-28;459479;289367;1637;4;366981;1;0;0;0;41860209;30797754;124836;210;34727147;34;0;0;0
FR;0;2021-07-29;489865;276101;1797;2;356976;0;0;0;0;42350074;31073855;126633;212;35084123;34;0;0;0
FR;0;2021-07-30;461860;302337;1942;5;380829;1;0;0;0;42811934;31376192;128575;217;35464952;35;0;0;0
FR;0;2021-07-31;285422;185019;916;1;231507;0;0;0;0;43097356;31561211;129491;218;35696459;35;0;0;0
FR;0;2021-08-01;112045;49912;257;0;65692;0;0;0;0;43209401;31611123;129748;218;35762151;35;0;0;0
FR;0;2021-08-02;341674;234023;1603;2;284719;0;0;0;0;43551075;31845146;131351;220;36046870;35;0;0;0
FR;0;2021-08-03;398643;244430;1729;2;304505;1;0;0;0;43949718;32089576;133080;222;36351375;36;0;0;0
FR;0;2021-08-04;384890;209507;1594;6;265636;3;0;0;0;44334608;32299083;134674;228;36617011;39;0;0;0
FR;0;2021-08-05;366204;228343;1711;0;281720;0;0;0;0;44700812;32527426;136385;228;36898731;39;0;0;0
FR;0;2021-08-06;359754;271206;1835;4;326591;0;0;0;0;45060566;32798632;138220;232;37225322;39;0;0;0
FR;0;2021-08-07;213149;178320;756;5;210052;1;0;0;0;45273715;32976952;138976;237;37435374;40;0;0;0
FR;0;2021-08-08;74212;63190;276;0;73624;0;0;0;0;45347927;33040142;139252;237;37508998;40;0;0;0
FR;0;2021-08-09;258777;258577;1548;4;297495;2;0;0;0;45606704;33298719;140800;241;37806493;42;0;0;0
FR;0;2021-08-10;306897;277042;1662;2;323431;0;0;0;0;45913601;33575761;142462;243;38129924;42;0;0;0
FR;0;2021-08-11;279768;259530;1441;5;301606;0;0;0;0;46193369;33835291;143903;248;38431530;42;0;0;0
FR;0;2021-08-12;271572;278014;1668;3;320273;0;0;0;0;46464941;34113305;145571;251;38751803;42;0;0;0
FR;0;2021-08-13;252178;278118;1594;3;316957;2;0;0;0;46717119;34391423;147165;254;39068760;44;0;0;0
FR;0;2021-08-14;145364;197057;740;0;218982;0;0;0;0;46862483;34588480;147905;254;39287742;44;0;0;0
FR;0;2021-08-15;39402;50087;218;1;55669;0;0;0;0;46901885;34638567;148123;255;39343411;44;0;0;0
FR;0;2021-08-16;186195;317461;1543;0;345378;0;0;0;0;47088080;34956028;149666;255;39688789;44;0;0;0
FR;0;2021-08-17;215720;335792;1638;7;368825;0;0;0;0;47303800;35291820;151304;262;40057614;44;0;0;0
FR;0;2021-08-18;199077;324367;1599;7;354532;3;0;0;0;47502877;35616187;152903;269;40412146;47;0;0;0
FR;0;2021-08-19;192049;325391;1642;1;355953;0;0;0;0;47694926;35941578;154545;270;40768099;47;0;0;0
FR;0;2021-08-20;186491;366186;1822;3;396618;2;0;0;0;47881417;36307764;156367;273;41164717;49;0;0;0
FR;0;2021-08-21;104807;238125;709;0;254557;0;0;0;0;47986224;36545889;157076;273;41419274;49;0;0;0
FR;0;2021-08-22;31949;87208;256;1;92161;1;0;0;0;48018173;36633097;157332;274;41511435;50;0;0;0
FR;0;2021-08-23;140998;357005;1561;3;379599;0;0;0;0;48159171;36990102;158893;277;41891034;50;0;0;0
FR;0;2021-08-24;162521;376581;1850;5;402833;0;0;0;0;48321692;37366683;160743;282;42293867;50;0;0;0
FR;0;2021-08-25;151162;350715;2038;8;375403;2;0;0;0;48472854;37717398;162781;290;42669270;52;0;0;0
FR;0;2021-08-26;142893;342760;2563;10;367554;0;0;0;0;48615747;38060158;165344;300;43036824;52;0;0;0
FR;0;2021-08-27;148458;388242;2791;11;414886;1;0;0;0;48764205;38448400;168135;311;43451710;53;0;0;0
FR;0;2021-08-28;90681;249638;1407;0;264966;0;0;0;0;48854886;38698038;169542;311;43716676;53;0;0;0
FR;0;2021-08-29;27324;83349;518;1;88266;0;0;0;0;48882210;38781387;170060;312;43804942;53;0;0;0
FR;0;2021-08-30;117433;324581;4714;6;342390;5848;0;0;0;48999643;39105968;174774;318;44147332;5901;0;0;0
FR;0;2021-08-31;128829;334450;10189;19;353927;11770;2;0;0;49128472;39440418;184963;337;44501259;17671;2;0;0
FR;0;2021-09-01;136169;285655;22436;8;302405;24412;1;0;0;49264641;39726073;207399;345;44803664;42083;3;0;0
FR;0;2021-09-02;114653;247197;26525;20;262095;29012;0;0;0;49379294;39973270;233924;365;45065759;71095;3;0;0
FR;0;2021-09-03;118325;292653;29968;24;309312;33075;1;0;0;49497619;40265923;263892;389;45375071;104170;4;0;0
FR;0;2021-09-04;89892;217794;12587;12;230494;14157;7;0;0;49587511;40483717;276479;401;45605565;118327;11;0;0
FR;0;2021-09-05;21365;44795;4397;2;48280;4716;0;0;0;49608876;40528512;280876;403;45653845;123043;11;0;0
FR;0;2021-09-06;75700;180482;31957;16;190664;34304;2;0;0;49684576;40708994;312833;419;45844509;157347;13;0;0
FR;0;2021-09-07;80318;181181;33250;43;191042;36322;2;0;0;49764894;40890175;346083;462;46035551;193669;15;0;0
FR;0;2021-09-08;91012;206087;29666;28;216574;32570;4;0;0;49855906;41096262;375749;490;46252125;226239;19;0;0
FR;0;2021-09-09;76975;165309;33084;27;174112;36704;5;0;0;49932881;41261571;408833;517;46426237;262943;24;0;0
FR;0;2021-09-10;96048;203812;35743;28;214894;40789;7;0;0;50028929;41465383;444576;545;46641131;303732;31;0;0
FR;0;2021-09-11;67167;169336;12141;19;178188;14412;0;0;0;50096096;41634719;456717;564;46819319;318144;31;0;0
FR;0;2021-09-12;12829;32096;2783;1;34140;3192;2;0;0;50108925;41666815;459500;565;46853459;321336;33;0;0
FR;0;2021-09-13;64579;126161;41249;35;134179;44266;17;0;0;50173504;41792976;500749;600;46987638;365602;50;0;0
FR;0;2021-09-14;73502;129003;56391;80;135751;62445;43;0;0;50247006;41921979;557140;680;47123389;428047;93;0;0
FR;0;2021-09-15;76663;167731;55670;58;174675;54848;77;0;0;50323669;42089710;612810;738;47298064;482895;170;0;0
FR;0;2021-09-16;63895;114509;60099;82;117884;60173;65;0;0;50387564;42204219;672909;820;47415948;543068;235;0;0
FR;0;2021-09-17;75092;156853;53867;71;159730;57362;68;0;0;50462656;42361072;726776;891;47575678;600430;303;0;0
FR;0;2021-09-18;48245;139636;15602;25;144320;17319;20;0;0;50510901;42500708;742378;916;47719998;617749;323;0;0
FR;0;2021-09-19;7908;23650;2442;1;24880;2618;1;0;0;50518809;42524358;744820;917;47744878;620367;324;0;0
FR;0;2021-09-20;44581;93751;50087;72;96242;50347;34;0;0;50563390;42618109;794907;989;47841120;670714;358;0;0
FR;0;2021-09-21;45916;98367;62772;77;98384;63506;79;0;0;50609306;42716476;857679;1066;47939504;734220;437;0;0
FR;0;2021-09-22;48705;142388;55384;82;144835;55483;47;0;0;50658011;42858864;913063;1148;48084339;789703;484;0;0
FR;0;2021-09-23;43294;92064;62408;95;91273;63590;86;0;0;50701305;42950928;975471;1243;48175612;853293;570;0;0
FR;0;2021-09-24;52321;133297;54567;107;132394;59228;78;0;0;50753626;43084225;1030038;1350;48308006;912521;648;0;0
FR;0;2021-09-25;35224;115658;16276;36;118647;18314;22;0;0;50788850;43199883;1046314;1386;48426653;930835;670;0;0
FR;0;2021-09-26;5561;17804;2273;5;18690;2332;5;0;0;50794411;43217687;1048587;1391;48445343;933167;675;0;0
FR;0;2021-09-27;33986;76894;47205;97;78779;48190;81;0;1;50828397;43294581;1095792;1488;48524122;981357;756;0;1
FR;0;2021-09-28;36524;75242;54983;90;74328;56597;47;0;0;50864921;43369823;1150775;1578;48598450;1037954;803;0;1
FR;0;2021-09-29;44426;100691;53375;112;102849;54912;41;0;0;50909347;43470514;1204150;1690;48701299;1092866;844;0;1
FR;0;2021-09-30;36349;72976;57044;96;71480;59608;58;0;0;50945696;43543490;1261194;1786;48772779;1152474;902;0;1
FR;0;2021-10-01;61718;102860;57835;108;101412;64019;23;0;0;51007414;43646350;1319029;1894;48874191;1216493;925;0;1
FR;0;2021-10-02;39470;78455;20965;39;81735;23384;12;0;0;51046884;43724805;1339994;1933;48955926;1239877;937;0;1
FR;0;2021-10-03;5289;10496;2536;4;11261;2544;4;0;0;51052173;43735301;1342530;1937;48967187;1242421;941;0;1
FR;0;2021-10-04;35202;58499;52635;84;59501;54856;37;0;0;51087375;43793800;1395165;2021;49026688;1297277;978;0;1
FR;0;2021-10-05;33937;64376;61031;135;62107;65119;48;0;0;51121312;43858176;1456196;2156;49088795;1362396;1026;0;1
FR;0;2021-10-06;42728;79301;65763;112;80175;68383;29;0;0;51164040;43937477;1521959;2268;49168970;1430779;1055;0;1
FR;0;2021-10-07;30574;62282;65446;88;59500;68895;38;0;0;51194614;43999759;1587405;2356;49228470;1499674;1093;0;1
FR;0;2021-10-08;49486;91947;77772;111;89889;84808;39;0;0;51244100;44091706;1665177;2467;49318359;1584482;1132;0;1
FR;0;2021-10-09;33677;60948;31549;35;64142;33932;17;0;0;51277777;44152654;1696726;2502;49382501;1618414;1149;0;1
FR;0;2021-10-10;4723;7422;3199;9;7940;3475;2;0;0;51282500;44160076;1699925;2511;49390441;1621889;1151;0;1
FR;0;2021-10-11;30733;49884;61049;105;50603;64110;51;0;0;51313233;44209960;1760974;2616;49441044;1685999;1202;0;1
FR;0;2021-10-12;31649;54487;70635;141;51315;76049;27;0;0;51344882;44264447;1831609;2757;49492359;1762048;1229;0;1
FR;0;2021-10-13;40167;62848;74443;137;62800;79395;29;0;1;51385049;44327295;1906052;2894;49555159;1841443;1258;0;2
FR;0;2021-10-14;30364;52863;68779;116;49689;73866;34;0;0;51415413;44380158;1974831;3010;49604848;1915309;1292;0;2
FR;0;2021-10-15;44957;75232;93253;191;70328;103054;26;0;0;51460370;44455390;2068084;3201;49675176;2018363;1318;0;2
FR;0;2021-10-16;31335;44087;36699;45;46705;39651;15;0;0;51491705;44499477;2104783;3246;49721881;2058014;1333;0;2
FR;0;2021-10-17;3895;5228;3603;2;5675;3674;4;0;0;51495600;44504705;2108386;3248;49727556;2061688;1337;0;2
FR;0;2021-10-18;29215;42341;67518;134;42557;71379;27;0;0;51524815;44547046;2175904;3382;49770113;2133067;1364;0;2
FR;0;2021-10-19;27197;45546;76430;140;43208;81675;45;0;0;51552012;44592592;2252334;3522;49813321;2214742;1409;0;2
FR;0;2021-10-20;35345;52401;96959;181;51808;101577;45;0;0;51587357;44644993;2349293;3703;49865129;2316319;1454;0;2
FR;0;2021-10-21;26166;45167;83997;112;41962;89196;30;0;0;51613523;44690160;2433290;3815;49907091;2405515;1484;0;2
FR;0;2021-10-22;38450;62488;104928;200;59350;112657;61;0;0;51651973;44752648;2538218;4015;49966441;2518172;1545;0;2
FR;0;2021-10-23;27036;41202;45466;57;42427;48637;14;0;0;51679009;44793850;2583684;4072;50008868;2566809;1559;0;2
FR;0;2021-10-24;2947;4764;3685;6;5015;3922;1;0;0;51681956;44798614;2587369;4078;50013883;2570731;1560;0;2
FR;0;2021-10-25;26109;36204;82347;144;35479;86679;38;0;0;51708065;44834818;2669716;4222;50049362;2657410;1598;0;2
FR;0;2021-10-26;23770;34990;87278;166;32160;92407;34;0;0;51731835;44869808;2756994;4388;50081522;2749817;1632;0;2
FR;0;2021-10-27;30116;46305;109033;257;44044;114752;48;0;0;51761951;44916113;2866027;4645;50125566;2864569;1680;0;2
FR;0;2021-10-28;23609;34932;88742;153;31199;94540;35;0;0;51785560;44951045;2954769;4798;50156765;2959109;1715;0;2
FR;0;2021-10-29;31589;51452;117348;206;46504;125434;52;0;0;51817149;45002497;3072117;5004;50203269;3084543;1767;0;2
FR;0;2021-10-30;20577;33241;50360;76;32924;53429;20;0;0;51837726;45035738;3122477;5080;50236193;3137972;1787;0;2
FR;0;2021-10-31;2519;3732;3595;3;3844;3881;3;0;0;51840245;45039470;3126072;5083;50240037;3141853;1790;0;2
FR;0;2021-11-01;8541;4868;3223;3;5020;3585;10;0;0;51848786;45044338;3129295;5086;50245057;3145438;1800;0;2
FR;0;2021-11-02;26384;40100;93612;156;36237;99677;44;0;1;51875170;45084438;3222907;5242;50281294;3245115;1844;0;3
FR;0;2021-11-03;30131;47901;118931;222;43556;125908;64;0;0;51905301;45132339;3341838;5464;50324850;3371023;1908;0;3
FR;0;2021-11-04;23823;37460;107601;217;31575;114481;46;0;0;51929124;45169799;3449439;5681;50356425;3485504;1954;0;3
FR;0;2021-11-05;32413;52936;141678;236;44648;151469;53;0;0;51961537;45222735;3591117;5917;50401073;3636973;2007;0;3
FR;0;2021-11-06;21555;34549;64912;123;32385;68354;26;0;0;51983092;45257284;3656029;6040;50433458;3705327;2033;0;3
FR;0;2021-11-07;2429;4154;5209;6;4000;5598;7;0;0;51985521;45261438;3661238;6046;50437458;3710925;2040;0;3
FR;0;2021-11-08;20632;37736;127232;227;30947;134357;50;0;0;52006153;45299174;3788470;6273;50468405;3845282;2090;0;3
FR;0;2021-11-09;22444;44645;161738;339;32854;172352;65;0;0;52028597;45343819;3950208;6612;50501259;4017634;2155;0;3
FR;0;2021-11-10;31620;54880;187067;447;44022;198891;91;0;0;52060217;45398699;4137275;7059;50545281;4216525;2246;0;3
FR;0;2021-11-11;4750;6744;12998;28;5905;13981;17;0;0;52064967;45405443;4150273;7087;50551186;4230506;2263;0;3
FR;0;2021-11-12;29100;55056;183838;252;41723;197504;86;0;0;52094067;45460499;4334111;7339;50592909;4428010;2349;0;3
FR;0;2021-11-13;20356;32597;80730;118;28228;86354;44;0;0;52114423;45493096;4414841;7457;50621137;4514364;2393;0;3
FR;0;2021-11-14;2367;3855;7183;6;3362;7847;9;0;0;52116790;45496951;4422024;7463;50624499;4522211;2402;0;3
FR;0;2021-11-15;20523;38550;160910;314;27783;171651;77;0;0;52137313;45535501;4582934;7777;50652282;4693862;2479;0;3
FR;0;2021-11-16;23673;43832;200489;394;27706;215188;115;0;1;52160986;45579333;4783423;8171;50679988;4909050;2594;0;4
FR;0;2021-11-17;30543;50236;199905;406;36447;212970;98;0;0;52191529;45629569;4983328;8577;50716435;5122020;2692;0;4
FR;0;2021-11-18;23458;45683;191753;469;29391;205741;94;0;0;52214987;45675252;5175081;9046;50745826;5327761;2786;0;4
FR;0;2021-11-19;33696;61272;243293;551;39911;262312;148;0;0;52248683;45736524;5418374;9597;50785737;5590073;2934;0;4
FR;0;2021-11-20;25425;36657;102192;207;29264;109767;43;0;0;52274108;45773181;5520566;9804;50815001;5699840;2977;0;4
FR;0;2021-11-21;2665;4441;9682;19;3441;10607;19;0;0;52276773;45777622;5530248;9823;50818442;5710447;2996;0;4
FR;0;2021-11-22;22824;33112;180438;472;18912;194924;90;0;0;52299597;45810734;5710686;10295;50837354;5905371;3086;0;4
FR;0;2021-11-23;25734;45462;229492;549;24115;247984;85;0;0;52325331;45856196;5940178;10844;50861469;6153355;3171;0;4
FR;0;2021-11-24;31821;53594;224908;715;34476;243362;80;0;0;52357152;45909790;6165086;11559;50895945;6396717;3251;0;4
FR;0;2021-11-25;25654;49134;256028;739;25050;277938;112;0;0;52382806;45958924;6421114;12298;50920995;6674655;3363;0;4
FR;0;2021-11-26;33255;74664;379565;867;37392;414795;172;0;0;52416061;46033588;6800679;13165;50958387;7089450;3535;0;4
FR;0;2021-11-27;23508;49553;214978;391;28443;236785;135;0;0;52439569;46083141;7015657;13556;50986830;7326235;3670;0;4
FR;0;2021-11-28;3528;10444;56786;66;4056;63333;42;0;0;52443097;46093585;7072443;13622;50990886;7389568;3712;0;4
FR;0;2021-11-29;19447;54060;341570;864;23082;371912;178;0;0;52462544;46147645;7414013;14486;51013968;7761480;3890;0;4
FR;0;2021-11-30;24788;71789;457489;988;26796;500924;291;0;0;52487332;46219434;7871502;15474;51040764;8262404;4181;0;4
FR;0;2021-12-01;27397;75420;469220;1162;31309;511443;304;0;0;52514729;46294854;8340722;16636;51072073;8773847;4485;0;4
FR;0;2021-12-02;22130;71470;527252;1282;21001;575056;309;0;0;52536859;46366324;8867974;17918;51093074;9348903;4794;0;4
FR;0;2021-12-03;25582;92773;596536;1421;34335;651327;342;0;0;52562441;46459097;9464510;19339;51127409;10000230;5136;0;4
FR;0;2021-12-04;18343;60292;336311;692;25666;369889;197;0;0;52580784;46519389;9800821;20031;51153075;10370119;5333;0;4
FR;0;2021-12-05;4158;16085;95819;157;4855;107048;92;0;0;52584942;46535474;9896640;20188;51157930;10477167;5425;0;4
FR;0;2021-12-06;28453;72672;493293;1175;25225;540120;384;0;0;52613395;46608146;10389933;21363;51183155;11017287;5809;0;4
FR;0;2021-12-07;23568;91194;645577;1774;28512;706590;416;0;0;52636963;46699340;11035510;23137;51211667;11723877;6225;0;4
FR;0;2021-12-08;25523;91861;591820;1875;34931;647689;440;0;0;52662486;46791201;11627330;25012;51246598;12371566;6665;0;4
FR;0;2021-12-09;24087;94029;663354;2179;28975;726800;463;0;0;52686573;46885230;12290684;27191;51275573;13098366;7128;0;4
FR;0;2021-12-10;28080;110827;736214;2075;37936;806384;471;0;1;52714653;46996057;13026898;29266;51313509;13904750;7599;0;5
FR;0;2021-12-11;20253;76040;435252;990;29934;480480;343;0;0;52734906;47072097;13462150;30256;51343443;14385230;7942;0;5
FR;0;2021-12-12;5684;23104;142360;262;6385;159231;108;0;0;52740590;47095201;13604510;30518;51349828;14544461;8050;0;5
FR;0;2021-12-13;21370;90683;587846;1699;29634;649466;397;0;0;52761960;47185884;14192356;32217;51379462;15193927;8447;0;5
FR;0;2021-12-14;27991;118211;765812;2657;35409;847791;700;0;1;52789951;47304095;14958168;34874;51414871;16041718;9147;0;6
FR;0;2021-12-15;28460;114143;694531;2267;39496;769317;503;0;1;52818411;47418238;15652699;37141;51454367;16811035;9650;0;7
FR;0;2021-12-16;28061;115572;764256;2559;35086;844678;516;0;0;52846472;47533810;16416955;39700;51489453;17655713;10166;0;7
FR;0;2021-12-17;31666;128226;808034;2713;43325;892187;612;0;0;52878138;47662036;17224989;42413;51532778;18547900;10778;0;7
FR;0;2021-12-18;24944;81481;470063;1179;30045;522273;353;0;0;52903082;47743517;17695052;43592;51562823;19070173;11131;0;7
FR;0;2021-12-19;8770;28511;169449;376;7833;191061;143;0;0;52911852;47772028;17864501;43968;51570656;19261234;11274;0;7
FR;0;2021-12-20;31781;97027;591626;1789;33824;658842;501;0;0;52943633;47869055;18456127;45757;51604480;19920076;11775;0;7
FR;0;2021-12-21;39479;111842;682563;2391;38749;759694;607;0;0;52983112;47980897;19138690;48148;51643229;20679770;12382;0;7
FR;0;2021-12-22;39565;99118;575904;2169;37086;642223;687;0;2;53022677;48080015;19714594;50317;51680315;21321993;13069;0;9
FR;0;2021-12-23;33787;79331;441106;1659;30102;494445;589;0;0;53056464;48159346;20155700;51976;51710417;21816438;13658;0;9
FR;0;2021-12-24;10700;26010;111060;398;11636;126675;236;0;1;53067164;48185356;20266760;52374;51722053;21943113;13894;0;10
FR;0;2021-12-25;778;3568;7601;25;2045;9023;72;0;0;53067942;48188924;20274361;52399;51724098;21952136;13966;0;10
FR;0;2021-12-26;4699;11879;52123;142;4738;60167;170;0;0;53072641;48200803;20326484;52541;51728836;22012303;14136;0;10
FR;0;2021-12-27;30511;83915;453627;1364;33026;509272;665;0;0;53103152;48284718;20780111;53905;51761862;22521575;14801;0;10
FR;0;2021-12-28;38369;98789;564239;1769;35084;632331;1558;0;2;53141521;48383507;21344350;55674;51796946;23153906;16359;0;12
FR;0;2021-12-29;39882;88141;501287;1687;33088;561053;1738;0;1;53181403;48471648;21845637;57361;51830034;23714959;18097;0;13
FR;0;2021-12-30;35928;75055;421074;1520;29500;471182;1880;0;0;53217331;48546703;22266711;58881;51859534;24186141;19977;0;13
FR;0;2021-12-31;12052;25073;116895;405;11266;131678;740;0;0;53229383;48571776;22383606;59286;51870800;24317819;20717;0;13
FR;0;2022-01-01;1589;3214;8532;37;1804;9941;103;0;0;53230972;48574990;22392138;59323;51872604;24327760;20820;0;13
FR;0;2022-01-02;6123;13011;58438;126;5108;66974;408;0;0;53237095;48588001;22450576;59449;51877712;24394734;21228;0;13
FR;0;2022-01-03;39501;90139;494907;1597;36876;551788;2650;0;1;53276596;48678140;22945483;61046;51914588;24946522;23878;0;14
FR;0;2022-01-04;42230;110979;641478;2309;40641;714487;3836;0;3;53318826;48789119;23586961;63355;51955229;25661009;27714;0;17
FR;0;2022-01-05;61217;103586;569274;1984;43796;634313;3428;0;2;53380043;48892705;24156235;65339;51999025;26295322;31142;0;19
FR;0;2022-01-06;44318;110304;639062;2702;40220;711583;4557;0;2;53424361;49003009;24795297;68041;52039245;27006905;35699;0;21
FR;0;2022-01-07;50843;123287;711076;2811;46843;790565;4995;0;2;53475204;49126296;25506373;70852;52086088;27797470;40694;0;23
FR;0;2022-01-08;45015;80262;423842;1213;35046;472909;2444;0;3;53520219;49206558;25930215;72065;52121134;28270379;43138;0;26
FR;0;2022-01-09;15615;26602;128584;300;11489;145664;830;0;0;53535834;49233160;26058799;72365;52132623;28416043;43968;0;26
FR;0;2022-01-10;35420;93258;469400;1816;43025;522789;3722;0;1;53571254;49326418;26528199;74181;52175648;28938832;47690;0;27
FR;0;2022-01-11;41948;100438;548336;2310;42398;608586;5219;0;2;53613202;49426856;27076535;76491;52218046;29547418;52909;0;29
FR;0;2022-01-12;60421;95683;452749;1969;49480;504414;4497;0;8;53673623;49522539;27529284;78460;52267526;30051832;57406;0;37
FR;0;2022-01-13;38273;92508;487417;2084;40548;541096;5467;0;8;53711896;49615047;28016701;80544;52308074;30592928;62873;0;45
FR;0;2022-01-14;42587;103301;568668;2286;43507;629058;6463;0;2;53754483;49718348;28585369;82830;52351581;31221986;69336;0;47
FR;0;2022-01-15;39434;65879;340165;985;31447;377577;3295;0;1;53793917;49784227;28925534;83815;52383028;31599563;72631;0;48
FR;0;2022-01-16;11414;19198;87447;216;9019;99405;764;0;0;53805331;49803425;29012981;84031;52392047;31698968;73395;0;48
FR;0;2022-01-17;24757;59987;320328;1384;28045;354166;3960;0;4;53830088;49863412;29333309;85415;52420092;32053134;77355;0;52
FR;0;2022-01-18;28333;68682;361144;1801;32017;397588;5773;0;1;53858421;49932094;29694453;87216;52452109;32450722;83128;0;53
FR;0;2022-01-19;43230;67019;281342;1452;40388;311087;4392;0;5;53901651;49999113;29975795;88668;52492497;32761809;87520;0;58
FR;0;2022-01-20;23679;59586;299067;1750;29555;328536;5636;0;4;53925330;50058699;30274862;90418;52522052;33090345;93156;0;62
FR;0;2022-01-21;28212;68773;366410;2086;33077;401219;6580;0;3;53953542;50127472;30641272;92504;52555129;33491564;99736;0;65
FR;0;2022-01-22;27629;47974;218809;840;27305;241793;2838;0;2;53981171;50175446;30860081;93344;52582434;33733357;102574;0;67
FR;0;2022-01-23;6741;12965;48694;173;7503;55171;591;0;1;53987912;50188411;30908775;93517;52589937;33788528;103165;0;68
FR;0;2022-01-24;16286;47436;217354;1149;25402;239353;4102;0;3;54004198;50235847;31126129;94666;52615339;34027881;107267;0;71
FR;0;2022-01-25;19031;54314;243096;1548;28806;267093;6068;0;5;54023229;50290161;31369225;96214;52644145;34294974;113335;0;76
FR;0;2022-01-26;28149;60549;209311;1298;41366;229538;4478;0;3;54051378;50350710;31578536;97512;52685511;34524512;117813;0;79
FR;0;2022-01-27;16337;46482;207672;1287;26153;226054;5693;0;4;54067715;50397192;31786208;98799;52711664;34750566;123506;0;83
FR;0;2022-01-28;21592;78648;290085;1574;44970;321343;7411;0;4;54089307;50475840;32076293;100373;52756634;35071909;130917;0;87
FR;0;2022-01-29;18424;52849;184141;689;32750;204575;3255;0;2;54107731;50528689;32260434;101062;52789384;35276484;134172;0;89
FR;0;2022-01-30;4476;14467;39151;124;9133;45058;637;0;1;54112207;50543156;32299585;101186;52798517;35321542;134809;0;90
FR;0;2022-01-31;11261;43907;148218;742;26130;164724;4231;0;5;54123468;50587063;32447803;101928;52824647;35486266;139040;0;95
FR;0;2022-02-01;13647;48294;174140;1144;27330;191331;7037;0;1;54137115;50635357;32621943;103072;52851977;35677597;146077;0;96
FR;0;2022-02-02;20664;66297;171559;1034;46159;190083;5970;0;10;54157779;50701654;32793502;104106;52898136;35867680;152047;0;106
FR;0;2022-02-03;11750;44786;157584;990;25342;173287;6933;0;6;54169529;50746440;32951086;105096;52923478;36040967;158980;0;112
FR;0;2022-02-04;14644;67906;239264;1267;37532;264082;9154;0;6;54184173;50814346;33190350;106363;52961010;36305049;168134;0;118
FR;0;2022-02-05;12903;51444;153565;523;31980;172298;3784;0;3;54197076;50865790;33343915;106886;52992990;36477347;171918;0;121
FR;0;2022-02-06;2727;12165;28897;102;7287;33829;662;0;0;54199803;50877955;33372812;106988;53000277;36511176;172580;0;121
FR;0;2022-02-07;9614;46624;156903;594;24515;176306;5294;0;6;54209417;50924579;33529715;107582;53024792;36687482;177874;0;127
FR;0;2022-02-08;9814;43099;166658;870;20965;184453;7054;0;6;54219231;50967678;33696373;108452;53045757;36871935;184928;0;133
FR;0;2022-02-09;14396;58260;172359;876;35357;193068;5788;0;9;54233627;51025938;33868732;109328;53081114;37065003;190716;0;142
FR;0;2022-02-10;8726;39221;150243;881;18696;166721;6503;0;2;54242353;51065159;34018975;110209;53099810;37231724;197219;0;144
FR;0;2022-02-11;10864;55693;218522;1101;25836;243116;8322;0;3;54253217;51120852;34237497;111310;53125646;37474840;205541;0;147
FR;0;2022-02-12;8409;40970;134739;465;22637;151767;3509;0;4;54261626;51161822;34372236;111775;53148283;37626607;209050;0;151
FR;0;2022-02-13;1940;8605;26568;86;4411;30930;544;0;3;54263566;51170427;34398804;111861;53152694;37657537;209594;0;154
FR;0;2022-02-14;6995;35259;148389;486;14672;166385;4788;0;5;54270561;51205686;34547193;112347;53167366;37823922;214382;0;159
FR;0;2022-02-15;7069;36235;147002;751;16005;162588;6848;0;3;54277630;51241921;34694195;113098;53183371;37986510;221230;0;162
FR;0;2022-02-16;9416;42991;132547;722;25983;146766;5727;0;6;54287046;51284912;34826742;113820;53209354;38133276;226957;0;168
FR;0;2022-02-17;5581;24345;87316;587;13145;94891;5407;0;5;54292627;51309257;34914058;114407;53222499;38228167;232364;0;173
FR;0;2022-02-18;7001;33591;119672;807;18762;129337;7416;0;2;54299628;51342848;35033730;115214;53241261;38357504;239780;0;175
FR;0;2022-02-19;5371;24558;70029;370;15910;77339;3019;0;2;54304999;51367406;35103759;115584;53257171;38434843;242799;0;177
FR;0;2022-02-20;1150;4660;12175;39;2915;13956;460;0;1;54306149;51372066;35115934;115623;53260086;38448799;243259;0;178
FR;0;2022-02-21;4100;17896;61958;351;10173;67188;4059;0;2;54310249;51389962;35177892;115974;53270259;38515987;247318;0;180
FR;0;2022-02-22;4466;18667;60840;577;11268;64481;5255;0;1;54314715;51408629;35238732;116551;53281527;38580468;252573;0;181
FR;0;2022-02-23;6593;27364;66509;593;19632;71907;4596;0;3;54321308;51435993;35305241;117144;53301159;38652375;257169;0;184
FR;0;2022-02-24;3851;15562;50435;519;9521;53259;4531;0;2;54325159;51451555;35355676;117663;53310680;38705634;261700;0;186
FR;0;2022-02-25;5287;24298;76370;804;15274;80102;7336;0;7;54330446;51475853;35432046;118467;53325954;38785736;269036;0;193
FR;0;2022-02-26;3995;17771;47421;359;12173;51488;3083;0;3;54334441;51493624;35479467;118826;53338127;38837224;272119;0;196
FR;0;2022-02-27;881;3011;8039;47;1980;8948;531;0;0;54335322;51496635;35487506;118873;53340107;38846172;272650;0;196
FR;0;2022-02-28;3125;12560;40495;359;7594;42928;3858;0;0;54338447;51509195;35528001;119232;53347701;38889100;276508;0;196
FR;0;2022-03-01;4012;12615;44205;437;7641;44875;5520;0;6;54342459;51521810;35572206;119669;53355342;38933975;282028;0;202
FR;0;2022-03-02;5336;17813;47153;446;12872;49085;4929;0;2;54347795;51539623;35619359;120115;53368214;38983060;286957;0;204
FR;0;2022-03-03;2828;9358;29903;371;6256;30026;4050;0;2;54350623;51548981;35649262;120486;53374470;39013086;291007;0;206
FR;0;2022-03-04;3229;12514;40342;669;8512;39491;6235;0;4;54353852;51561495;35689604;121155;53382982;39052577;297242;0;210
FR;0;2022-03-05;3074;9290;24962;314;7132;25127;3134;0;1;54356926;51570785;35714566;121469;53390114;39077704;300376;0;211
FR;0;2022-03-06;521;1407;3198;43;1030;3441;379;0;0;54357447;51572192;35717764;121512;53391144;39081145;300755;0;211
FR;0;2022-03-07;2423;5636;18435;315;3853;17707;3307;0;4;54359870;51577828;35736199;121827;53394997;39098852;304062;0;215
FR;0;2022-03-08;2153;6080;19452;363;4334;17924;4094;0;3;54362023;51583908;35755651;122190;53399331;39116776;308156;0;218
FR;0;2022-03-09;3582;10512;22199;408;8739;21295;4041;0;4;54365605;51594420;35777850;122598;53408070;39138071;312197;0;222
FR;0;2022-03-10;1832;5842;17007;345;4389;15833;3408;0;3;54367437;51600262;35794857;122943;53412459;39153904;315605;0;225
FR;0;2022-03-11;2422;7562;24511;545;5441;22277;5481;0;2;54369859;51607824;35819368;123488;53417900;39176181;321086;0;227
FR;0;2022-03-12;2698;6778;17168;309;5496;16522;3137;0;2;54372557;51614602;35836536;123797;53423396;39192703;324223;0;229
FR;0;2022-03-13;406;794;2323;149;603;2272;537;0;0;54372963;51615396;35838859;123946;53423999;39194975;324760;0;229
FR;0;2022-03-14;1558;4275;14989;4412;2810;13842;7295;0;8;54374521;51619671;35853848;128358;53426809;39208817;332055;0;237
FR;0;2022-03-15;1750;6293;16387;7556;4809;14617;11036;0;9;54376271;51625964;35870235;135914;53431618;39223434;343091;0;246
FR;0;2022-03-16;3036;7413;19433;13141;6214;18111;16297;0;8;54379307;51633377;35889668;149055;53437832;39241545;359388;0;254
FR;0;2022-03-17;1461;3987;13155;10846;2807;11995;13314;0;9;54380768;51637364;35902823;159901;53440639;39253540;372702;0;263
FR;0;2022-03-18;2268;5757;20018;18307;4099;18114;22039;0;15;54383036;51643121;35922841;178208;53444738;39271654;394741;0;278
FR;0;2022-03-19;2294;4805;13116;9406;4142;12420;11409;0;6;54385330;51647926;35935957;187614;53448880;39284074;406150;0;284
FR;0;2022-03-20;301;736;1920;1074;528;1933;1340;0;2;54385631;51648662;35937877;188688;53449408;39286007;407490;0;286
FR;0;2022-03-21;1394;3222;12733;14951;2157;11959;16910;0;11;54387025;51651884;35950610;203639;53451565;39297966;424400;0;297
FR;0;2022-03-22;1557;3741;13806;20553;2580;12561;22845;0;5;54388582;51655625;35964416;224192;53454145;39310527;447245;0;302
FR;0;2022-03-23;2689;6294;17734;23151;5226;17246;25267;0;40;54391271;51661919;35982150;247343;53459371;39327773;472512;0;342
FR;0;2022-03-24;1410;3158;11600;17619;2246;10685;19394;0;23;54392681;51665077;35993750;264962;53461617;39338458;491906;0;365
FR;0;2022-03-25;2089;5159;18579;27775;3690;16917;30809;0;31;54394770;51670236;36012329;292737;53465307;39355375;522715;0;396
FR;0;2022-03-26;2232;4417;12080;12678;3866;11520;14400;0;26;54397002;51674653;36024409;305415;53469173;39366895;537115;0;422
FR;0;2022-03-27;363;693;1909;1483;515;1943;1740;0;1;54397365;51675346;36026318;306898;53469688;39368838;538855;0;423
FR;0;2022-03-28;1468;3082;11131;17490;2120;10620;19069;0;16;54398833;51678428;36037449;324388;53471808;39379458;557924;0;439
FR;0;2022-03-29;1454;3279;12912;27585;2094;12054;29284;0;34;54400287;51681707;36050361;351973;53473902;39391512;587208;0;473
FR;0;2022-03-30;2854;5533;15688;27433;4717;15088;29339;0;21;54403141;51687240;36066049;379406;53478619;39406600;616547;0;494
FR;0;2022-03-31;1615;3569;12991;25036;2553;12330;26646;0;43;54404756;51690809;36079040;404442;53481172;39418930;643193;0;537
FR;0;2022-04-01;2686;4588;20082;30897;2973;18724;33490;0;61;54407442;51695397;36099122;435339;53484145;39437654;676683;0;598
FR;0;2022-04-02;1532;2649;9053;10135;2010;8727;11297;0;29;54408974;51698046;36108175;445474;53486155;39446381;687980;0;627
FR;0;2022-04-03;293;516;1562;1171;360;1580;1382;0;2;54409267;51698562;36109737;446645;53486515;39447961;689362;0;629
FR;0;2022-04-04;4465;3018;12384;19129;2039;11593;20601;0;35;54413732;51701580;36122121;465774;53488554;39459554;709963;0;664
FR;0;2022-04-05;2605;3173;14353;34150;2050;13206;35768;0;85;54416337;51704753;36136474;499924;53490604;39472760;745731;0;749
FR;0;2022-04-06;2611;3964;13542;26515;3030;12816;27985;0;72;54418948;51708717;36150016;526439;53493634;39485576;773716;0;821
FR;0;2022-04-07;1989;3149;13682;33805;2000;12893;35162;0;76;54420937;51711866;36163698;560244;53495634;39498469;808878;0;897
FR;0;2022-04-08;2310;4340;19235;44013;2673;17858;46366;0;89;54423247;51716206;36182933;604257;53498307;39516327;855244;0;986
FR;0;2022-04-09;1373;2681;9314;13568;1903;8868;14800;0;30;54424620;51718887;36192247;617825;53500210;39525195;870044;0;1016
FR;0;2022-04-10;295;756;1984;2017;554;2006;2279;0;7;54424915;51719643;36194231;619842;53500764;39527201;872323;0;1023
FR;0;2022-04-11;1350;2622;11876;23933;1642;11484;25205;0;74;54426265;51722265;36206107;643775;53502406;39538685;897528;0;1097
FR;0;2022-04-12;1728;3079;14022;40927;1962;13395;41816;0;127;54427993;51725344;36220129;684702;53504368;39552080;939344;0;1224
FR;0;2022-04-13;1978;3722;13415;33118;2720;13036;34087;0;96;54429971;51729066;36233544;717820;53507088;39565116;973431;0;1320
FR;0;2022-04-14;1501;2983;13215;36349;1911;13073;37018;0;105;54431472;51732049;36246759;754169;53508999;39578189;1010449;0;1425
FR;0;2022-04-15;1874;3833;15645;35584;2577;14924;37236;0;115;54433346;51735882;36262404;789753;53511576;39593113;1047685;0;1540
FR;0;2022-04-16;1045;1834;6400;8553;1263;6263;9435;0;40;54434391;51737716;36268804;798306;53512839;39599376;1057120;0;1580
FR;0;2022-04-17;195;339;993;1174;223;1036;1242;0;7;54434586;51738055;36269797;799480;53513062;39600412;1058362;0;1587
FR;0;2022-04-18;199;544;2768;1072;343;2787;1287;0;5;54434785;51738599;36272565;800552;53513405;39603199;1059649;0;1592
FR;0;2022-04-19;1546;3031;12918;29690;1880;12478;30737;0;78;54436331;51741630;36285483;830242;53515285;39615677;1090386;0;1670
FR;0;2022-04-20;2006;3496;13308;29071;2611;12996;30087;0;96;54438337;51745126;36298791;859313;53517896;39628673;1120473;0;1766
FR;0;2022-04-21;1515;2854;12553;35210;1824;12647;35783;0;117;54439852;51747980;36311344;894523;53519720;39641320;1156256;0;1883
FR;0;2022-04-22;1880;3626;16479;37623;2402;15838;39162;0;131;54441732;51751606;36327823;932146;53522122;39657158;1195418;0;2014
FR;0;2022-04-23;1151;2069;7391;10659;1479;7242;11444;0;38;54442883;51753675;36335214;942805;53523601;39664400;1206862;0;2052
FR;0;2022-04-24;250;467;1478;1591;326;1414;1849;0;7;54443133;51754142;36336692;944396;53523927;39665814;1208711;0;2059
FR;0;2022-04-25;1308;2534;10686;21073;1613;10491;22095;0;79;54444441;51756676;36347378;965469;53525540;39676305;1230806;0;2138
FR;0;2022-04-26;1627;3008;13671;38664;1968;13114;39461;0;181;54446068;51759684;36361049;1004133;53527508;39689419;1270267;0;2319
FR;0;2022-04-27;1964;3065;11539;31085;2280;11596;31503;0;131;54448032;51762749;36372588;1035218;53529788;39701015;1301770;0;2450
FR;0;2022-04-28;1570;2775;12530;36261;1856;12271;36578;0;139;54449602;51765524;36385118;1071479;53531644;39713286;1338348;0;2589
FR;0;2022-04-29;2010;4834;15561;37281;3638;14937;38752;0;164;54451612;51770358;36400679;1108760;53535282;39728223;1377100;0;2753
FR;0;2022-04-30;1224;4617;6929;9717;4112;6758;10608;0;44;54452836;51774975;36407608;1118477;53539394;39734981;1387708;0;2797
FR;0;2022-05-01;220;325;916;1000;229;911;1141;0;6;54453056;51775300;36408524;1119477;53539623;39735892;1388849;0;2803
FR;0;2022-05-02;2342;2958;11155;18179;2054;10989;19023;0;69;54455398;51778258;36419679;1137656;53541677;39746881;1407872;0;2872
FR;0;2022-05-03;2062;3268;13725;34702;2129;13566;35623;0;163;54457460;51781526;36433404;1172358;53543806;39760447;1443495;0;3035
FR;0;2022-05-04;1923;3299;12187;25651;2299;12303;26202;0;110;54459383;51784825;36445591;1198009;53546105;39772750;1469697;0;3145
FR;0;2022-05-05;1792;3034;13068;33602;2012;12914;34270;0;180;54461175;51787859;36458659;1231611;53548117;39785664;1503967;0;3325
FR;0;2022-05-06;2217;3662;15354;36807;2321;14864;38269;0;182;54463392;51791521;36474013;1268418;53550438;39800528;1542236;0;3507
FR;0;2022-05-07;1210;1783;6464;9614;1255;6456;10339;0;48;54464602;51793304;36480477;1278032;53551693;39806984;1552575;0;3555
FR;0;2022-05-08;267;400;1175;1548;288;1236;1654;0;8;54464869;51793704;36481652;1279580;53551981;39808220;1554229;0;3563
FR;0;2022-05-09;1403;2306;9928;20259;1413;9798;21176;0;102;54466272;51796010;36491580;1299839;53553394;39818018;1575405;0;3665
FR;0;2022-05-10;1799;3429;13572;38999;2292;13128;40026;0;200;54468071;51799439;36505152;1338838;53555686;39831146;1615431;0;3865
FR;0;2022-05-11;2004;3019;10752;27942;2323;10698;28445;0;146;54470075;51802458;36515904;1366780;53558009;39841844;1643876;0;4011
FR;0;2022-05-12;1594;2742;11382;35736;1812;11054;36498;0;211;54471669;51805200;36527286;1402516;53559821;39852898;1680374;0;4222
FR;0;2022-05-13;1983;3222;13761;37981;2064;13350;39246;0;162;54473652;51808422;36541047;1440497;53561885;39866248;1719620;0;4384
FR;0;2022-05-14;1149;1641;5938;10778;1198;5801;11366;0;57;54474801;51810063;36546985;1451275;53563083;39872049;1730986;0;4441
FR;0;2022-05-15;283;479;1278;1440;302;1361;1593;0;6;54475084;51810542;36548263;1452715;53563385;39873410;1732579;0;4447
FR;0;2022-05-16;1195;2047;8692;21069;1247;8698;21597;0;128;54476279;51812589;36556955;1473784;53564632;39882108;1754176;0;4575
FR;0;2022-05-17;1591;2604;11827;37881;1669;11403;38723;0;180;54477870;51815193;36568782;1511665;53566301;39893511;1792899;0;4755
FR;0;2022-05-18;1815;2653;9693;27166;1955;9667;27784;0;109;54479685;51817846;36578475;1538831;53568256;39903178;1820683;0;4864
FR;0;2022-05-19;1448;2660;10578;35840;1633;10718;36031;0;162;54481133;51820506;36589053;1574671;53569889;39913896;1856714;0;5026
FR;0;2022-05-20;1876;3118;13425;39369;2079;12913;40388;0;168;54483009;51823624;36602478;1614040;53571968;39926809;1897102;0;5194
FR;0;2022-05-21;1159;1718;5662;9897;1313;5533;10534;0;45;54484168;51825342;36608140;1623937;53573281;39932342;1907636;0;5239
FR;0;2022-05-22;241;341;1030;1439;263;1016;1583;0;10;54484409;51825683;36609170;1625376;53573544;39933358;1909219;0;5249
FR;0;2022-05-23;1177;2126;8880;20373;1409;8831;21028;0;86;54485586;51827809;36618050;1645749;53574953;39942189;1930247;0;5335
FR;0;2022-05-24;1541;2760;11366;38881;1737;11238;39510;0;190;54487127;51830569;36629416;1684630;53576690;39953427;1969757;0;5525
FR;0;2022-05-25;1814;2836;9342;24846;2074;9480;25322;0;116;54488941;51833405;36638758;1709476;53578764;39962907;1995079;0;5641
FR;0;2022-05-26;216;430;1665;1201;293;1676;1344;0;26;54489157;51833835;36640423;1710677;53579057;39964583;1996423;0;5667
FR;0;2022-05-27;1389;2477;9265;21291;1670;9005;22325;0;94;54490546;51836312;36649688;1731968;53580727;39973588;2018748;0;5761
FR;0;2022-05-28;669;1271;3919;6795;851;3968;7204;0;38;54491215;51837583;36653607;1738763;53581578;39977556;2025952;0;5799
FR;0;2022-05-29;157;315;752;921;200;773;1033;0;4;54491372;51837898;36654359;1739684;53581778;39978329;2026985;0;5803
FR;0;2022-05-30;1025;1967;6995;19296;1247;7013;19808;0;91;54492397;51839865;36661354;1758980;53583025;39985342;2046793;0;5894
FR;0;2022-05-31;1488;2520;9823;35664;1647;9645;36295;0;171;54493885;51842385;36671177;1794644;53584672;39994987;2083088;0;6065
FR;0;2022-06-01;1748;3104;11029;24538;2250;10896;25491;0;122;54495633;51845489;36682206;1819182;53586922;40005883;2108579;0;6187
FR;0;2022-06-02;1479;2615;11303;35570;1715;10859;36515;0;174;54497112;51848104;36693509;1854752;53588637;40016742;2145094;0;6361
FR;0;2022-06-03;1727;3082;13426;38729;2051;12791;39999;0;176;54498839;51851186;36706935;1893481;53590688;40029533;2185093;0;6537
FR;0;2022-06-04;975;1516;5046;9113;1076;5117;9649;0;73;54499814;51852702;36711981;1902594;53591764;40034650;2194742;0;6610
FR;0;2022-06-05;180;335;875;1108;205;886;1230;0;4;54499994;51853037;36712856;1903702;53591969;40035536;2195972;0;6614
FR;0;2022-06-06;855;1254;2124;1329;1078;2141;1510;0;13;54500849;51854291;36714980;1905031;53593047;40037677;2197482;0;6627
FR;0;2022-06-07;1494;2713;9855;35596;1791;9433;36823;0;153;54502343;51857004;36724835;1940627;53594838;40047110;2234305;0;6780
FR;0;2022-06-08;1582;2696;9173;28788;1940;9017;29753;0;112;54503925;51859700;36734008;1969415;53596778;40056127;2264058;0;6892
FR;0;2022-06-09;1296;2441;10619;39499;1554;10264;40274;0;167;54505221;51862141;36744627;2008914;53598332;40066391;2304332;0;7059
FR;0;2022-06-10;1630;3190;13103;44828;2158;12665;46153;0;223;54506851;51865331;36757730;2053742;53600490;40079056;2350485;0;7282
FR;0;2022-06-11;962;1738;5432;11627;1124;5465;12212;0;55;54507813;51867069;36763162;2065369;53601614;40084521;2362697;0;7337
FR;0;2022-06-12;201;445;1079;1765;255;1141;1867;0;11;54508014;51867514;36764241;2067134;53601869;40085662;2364564;0;7348
FR;0;2022-06-13;1120;2068;7439;23183;1342;7269;24099;0;90;54509134;51869582;36771680;2090317;53603211;40092931;2388663;0;7438
FR;0;2022-06-14;1346;2548;10448;44948;1597;9804;46144;0;200;54510480;51872130;36782128;2135265;53604808;40102735;2434807;0;7638
FR;0;2022-06-15;1525;2463;9324;30907;1931;8963;31597;0;179;54512005;51874593;36791452;2166172;53606739;40111698;2466404;0;7817
FR;0;2022-06-16;1188;2041;9917;39931;1276;9327;40952;0;201;54513193;51876634;36801369;2206103;53608015;40121025;2507356;0;8018
FR;0;2022-06-17;1492;2859;12512;46699;1788;11919;47935;0;240;54514685;51879493;36813881;2252802;53609803;40132944;2555291;0;8258
FR;0;2022-06-18;856;1527;4566;11125;1038;4501;11719;0;67;54515541;51881020;36818447;2263927;53610841;40137445;2567010;0;8325
FR;0;2022-06-19;183;363;1059;1615;208;1131;1701;0;14;54515724;51881383;36819506;2265542;53611049;40138576;2568711;0;8339
FR;0;2022-06-20;1027;1924;8908;26079;1200;8569;27020;0;156;54516751;51883307;36828414;2291621;53612249;40147145;2595731;0;8495
FR;0;2022-06-21;1327;2402;10310;49896;1540;9338;51281;0;264;54518078;51885709;36838724;2341517;53613789;40156483;2647012;0;8759
FR;0;2022-06-22;1397;2514;8920;39063;1803;8429;40006;0;256;54519475;51888223;36847644;2380580;53615592;40164912;2687018;0;9015
FR;0;2022-06-23;1229;2369;10680;55109;1364;9887;56241;0;320;54520704;51890592;36858324;2435689;53616956;40174799;2743259;0;9335
FR;0;2022-06-24;1493;2996;13645;69187;1751;12307;71005;0;405;54522197;51893588;36871969;2504876;53618707;40187106;2814264;0;9740
FR;0;2022-06-25;939;1781;6237;19921;1112;5990;20776;0;177;54523136;51895369;36878206;2524797;53619819;40193096;2835040;0;9917
FR;0;2022-06-26;229;459;1953;3688;259;1818;3966;0;39;54523365;51895828;36880159;2528485;53620078;40194914;2839006;0;9956
FR;0;2022-06-27;1133;2026;10493;48488;1178;9636;49756;0;339;54524498;51897854;36890652;2576973;53621256;40204550;2888762;0;10295
FR;0;2022-06-28;1463;2816;14672;91395;1584;13089;93168;0;623;54525961;51900670;36905324;2668368;53622840;40217639;2981930;0;10918
FR;0;2022-06-29;1712;2832;12292;71894;1845;11240;73037;0;548;54527673;51903502;36917616;2740262;53624685;40228879;3054967;0;11466
FR;0;2022-06-30;1536;2732;14395;95170;1655;12476;97185;0;724;54529209;51906234;36932011;2835432;53626340;40241355;3152152;0;12190
FR;0;2022-07-01;2015;3804;21507;115936;2307;18858;118586;0;954;54531224;51910038;36953518;2951368;53628647;40260213;3270738;0;13144
FR;0;2022-07-02;1088;1859;8528;35754;1108;7704;36876;0;342;54532312;51911897;36962046;2987122;53629755;40267917;3307614;0;13486
FR;0;2022-07-03;293;539;2095;6455;319;1898;6804;0;79;54532605;51912436;36964141;2993577;53630074;40269815;3314418;0;13565
FR;0;2022-07-04;1923;3468;14714;79227;2330;12993;81300;0;639;54534528;51915904;36978855;3072804;53632404;40282808;3395718;0;14204
FR;0;2022-07-05;1794;3169;18836;133262;1801;16018;135554;0;1146;54536322;51919073;36997691;3206066;53634205;40298826;3531272;0;15350
FR;0;2022-07-06;1843;2788;15856;99602;1848;13649;101170;0;900;54538165;51921861;37013547;3305668;53636053;40312475;3632442;0;16250
FR;0;2022-07-07;1712;2872;18008;126039;1713;14787;128366;0;1179;54539877;51924733;37031555;3431707;53637766;40327262;3760808;0;17429
FR;0;2022-07-08;1894;3153;20752;137088;1857;16765;140081;0;1347;54541771;51927886;37052307;3568795;53639623;40344027;3900889;0;18776
FR;0;2022-07-09;868;1464;7742;37926;883;6688;38770;0;426;54542639;51929350;37060049;3606721;53640506;40350715;3939659;0;19202
FR;0;2022-07-10;270;686;2346;7004;440;2125;7395;0;94;54542909;51930036;37062395;3613725;53640946;40352840;3947054;0;19296
FR;0;2022-07-11;1456;2479;15020;88285;1402;12514;90473;0;801;54544365;51932515;37077415;3702010;53642348;40365354;4037527;0;20097
FR;0;2022-07-12;1841;3118;20537;143974;1715;16732;146678;0;1604;54546206;51935633;37097952;3845984;53644063;40382086;4184205;0;21701
FR;0;2022-07-13;1779;2750;15695;94543;1660;13277;96401;0;1080;54547985;51938383;37113647;3940527;53645723;40395363;4280606;0;22781
FR;0;2022-07-14;185;370;1956;5540;220;1835;5707;0;82;54548170;51938753;37115603;3946067;53645943;40397198;4286313;0;22863
FR;0;2022-07-15;1486;2575;15115;84464;1441;12598;86623;0;1035;54549656;51941328;37130718;4030531;53647384;40409796;4372936;0;23898
FR;0;2022-07-16;627;1192;5950;24982;698;5156;25674;0;327;54550283;51942520;37136668;4055513;53648082;40414952;4398610;0;24225
FR;0;2022-07-17;182;395;1738;4666;218;1570;4938;0;66;54550465;51942915;37138406;4060179;53648300;40416522;4403548;0;24291
FR;0;2022-07-18;1131;2249;11828;61809;1338;9977;63673;0;780;54551596;51945164;37150234;4121988;53649638;40426499;4467221;0;25071
FR;0;2022-07-19;1421;2354;15473;103707;1395;12294;105896;0;1459;54553017;51947518;37165707;4225695;53651033;40438793;4573117;0;26530
FR;0;2022-07-20;1426;2301;12966;77586;1471;10738;79174;0;1051;54554443;51949819;37178673;4303281;53652504;40449531;4652291;0;27581
FR;0;2022-07-21;1286;2171;13097;88243;1371;10499;89728;0;1316;54555729;51951990;37191770;4391524;53653875;40460030;4742019;0;28897
FR;0;2022-07-22;1429;2487;14823;89536;1465;11974;91416;0;1347;54557158;51954477;37206593;4481060;53655340;40472004;4833435;0;30244
FR;0;2022-07-23;684;1310;5534;22482;821;4857;23080;0;411;54557842;51955787;37212127;4503542;53656161;40476861;4856515;0;30655
FR;0;2022-07-24;185;353;1400;3905;204;1242;4132;0;72;54558027;51956140;37213527;4507447;53656365;40478103;4860647;0;30727
FR;0;2022-07-25;1060;1795;9491;48080;1147;7843;49517;0;737;54559087;51957935;37223018;4555527;53657512;40485946;4910164;0;31464
FR;0;2022-07-26;1300;2211;13306;85437;1319;10828;87134;0;1311;54560387;51960146;37236324;4640964;53658831;40496774;4997298;0;32775
FR;0;2022-07-27;1226;2008;10236;61318;1340;8531;62522;0;971;54561613;51962154;37246560;4702282;53660171;40505305;5059820;0;33746
FR;0;2022-07-28;1092;1863;10312;64402;1258;8222;65634;0;1046;54562705;51964017;37256872;4766684;53661429;40513527;5125454;0;34792
FR;0;2022-07-29;1283;2078;11010;65897;1387;8764;67327;0;1140;54563988;51966095;37267882;4832581;53662816;40522291;5192781;0;35932
FR;0;2022-07-30;503;866;3523;15283;604;2973;15666;0;303;54564491;51966961;37271405;4847864;53663420;40525264;5208447;0;36235
FR;0;2022-07-31;154;289;929;2439;185;788;2588;0;49;54564645;51967250;37272334;4850303;53663605;40526052;5211035;0;36284
FR;0;2022-08-01;974;1663;7598;30237;1256;6396;31311;0;549;54565619;51968913;37279932;4880540;53664861;40532448;5242346;0;36833
FR;0;2022-08-02;1048;1650;8580;56119;1154;6894;56807;0;1170;54566667;51970563;37288512;4936659;53666015;40539342;5299153;0;38003
FR;0;2022-08-03;849;1265;6427;38681;902;5148;39418;0;702;54567516;51971828;37294939;4975340;53666917;40544490;5338571;0;38705
FR;0;2022-08-04;740;1186;6573;43159;782;5306;43723;0;917;54568256;51973014;37301512;5018499;53667699;40549796;5382294;0;39622
FR;0;2022-08-05;856;1362;7098;44968;970;5679;45629;0;993;54569112;51974376;37308610;5063467;53668669;40555475;5427923;0;40615
FR;0;2022-08-06;341;556;2101;9367;397;1759;9567;0;228;54569453;51974932;37310711;5072834;53669066;40557234;5437490;0;40843
FR;0;2022-08-07;104;159;536;1625;116;453;1702;0;38;54569557;51975091;37311247;5074459;53669182;40557687;5439192;0;40881
FR;0;2022-08-08;635;1155;4028;22108;910;3291;22543;0;490;54570192;51976246;37315275;5096567;53670092;40560978;5461735;0;41371
FR;0;2022-08-09;743;1167;5972;39955;852;4803;40446;0;844;54570935;51977413;37321247;5136522;53670944;40565781;5502181;0;42215
FR;0;2022-08-10;666;1281;4655;28058;996;3796;28392;0;652;54571601;51978694;37325902;5164580;53671940;40569577;5530573;0;42867
FR;0;2022-08-11;638;1027;4491;29250;739;3711;29586;0;676;54572239;51979721;37330393;5193830;53672679;40573288;5560159;0;43543
FR;0;2022-08-12;843;1162;4747;28218;848;3918;28655;0;704;54573082;51980883;37335140;5222048;53673527;40577206;5588814;0;44247
FR;0;2022-08-13;331;427;1295;5260;324;1120;5419;0;121;54573413;51981310;37336435;5227308;53673851;40578326;5594233;0;44368
FR;0;2022-08-14;74;121;289;923;104;247;995;0;25;54573487;51981431;37336724;5228231;53673955;40578573;5595228;0;44393
FR;0;2022-08-15;115;229;608;564;195;556;618;0;19;54573602;51981660;37337332;5228795;53674150;40579129;5595846;0;44412
FR;0;2022-08-16;644;1078;3960;22176;840;3354;22369;0;615;54574246;51982738;37341292;5250971;53674990;40582483;5618215;0;45027
FR;0;2022-08-17;650;1038;3890;22897;813;3294;23142;0;620;54574896;51983776;37345182;5273868;53675803;40585777;5641357;0;45647
FR;0;2022-08-18;635;996;4123;26308;799;3261;26541;0;673;54575531;51984772;37349305;5300176;53676602;40589038;5667898;0;46320
FR;0;2022-08-19;604;1166;4493;27259;874;3694;27565;0;766;54576135;51985938;37353798;5327435;53677476;40592732;5695463;0;47086
FR;0;2022-08-20;308;503;1356;5569;401;1171;5728;0;146;54576443;51986441;37355154;5333004;53677877;40593903;5701191;0;47232
FR;0;2022-08-21;97;135;305;1008;96;267;1043;0;27;54576540;51986576;37355459;5334012;53677973;40594170;5702234;0;47259
FR;0;2022-08-22;584;1001;3273;15358;780;2797;15688;0;425;54577124;51987577;37358732;5349370;53678753;40596967;5717922;0;47684
FR;0;2022-08-23;729;1179;4297;29001;852;3610;29088;0;870;54577853;51988756;37363029;5378371;53679605;40600577;5747010;0;48554
FR;0;2022-08-24;669;937;3496;19539;783;2859;19728;0;608;54578522;51989693;37366525;5397910;53680388;40603436;5766738;0;49162
FR;0;2022-08-25;627;1021;3945;23402;729;3293;23666;0;673;54579149;51990714;37370470;5421312;53681117;40606729;5790404;0;49835
FR;0;2022-08-26;857;1266;4477;25884;958;3670;26257;0;777;54580006;51991980;37374947;5447196;53682075;40610399;5816661;0;50612
FR;0;2022-08-27;297;500;1379;5467;362;1244;5531;0;194;54580303;51992480;37376326;5452663;53682437;40611643;5822192;0;50806
FR;0;2022-08-28;125;163;303;920;117;288;965;0;38;54580428;51992643;37376629;5453583;53682554;40611931;5823157;0;50844
FR;0;2022-08-29;620;966;3073;14656;766;2611;14962;0;433;54581048;51993609;37379702;5468239;53683320;40614542;5838119;0;51277
FR;0;2022-08-30;853;1224;4796;28543;900;3914;28873;0;823;54581901;51994833;37384498;5496782;53684220;40618456;5866992;0;52100
FR;0;2022-08-31;695;957;3205;17642;742;2716;17906;0;508;54582596;51995790;37387703;5514424;53684962;40621172;5884898;0;52608
FR;0;2022-09-01;746;995;4481;22490;706;3828;22765;0;623;54583342;51996785;37392184;5536914;53685668;40625000;5907663;0;53231
FR;0;2022-09-02;899;1153;5041;28611;840;4254;28905;0;914;54584241;51997938;37397225;5565525;53686508;40629254;5936568;0;54145
FR;0;2022-09-03;417;569;1919;6086;424;1665;6323;0;181;54584658;51998507;37399144;5571611;53686932;40630919;5942891;0;54326
FR;0;2022-09-04;133;150;351;873;85;347;942;0;24;54584791;51998657;37399495;5572484;53687017;40631266;5943833;0;54350
FR;0;2022-09-05;714;878;3176;16064;698;2657;16377;0;523;54585505;51999535;37402671;5588548;53687715;40633923;5960210;0;54873
FR;0;2022-09-06;862;1048;4739;31851;678;3872;32080;0;1040;54586367;52000583;37407410;5620399;53688393;40637795;5992290;0;55913
FR;0;2022-09-07;674;785;2997;16821;567;2477;16970;0;572;54587041;52001368;37410407;5637220;53688960;40640272;6009260;0;56485
FR;0;2022-09-08;631;859;3808;24864;594;3140;24955;0;818;54587672;52002227;37414215;5662084;53689554;40643412;6034215;0;57303
FR;0;2022-09-09;843;1021;4444;27660;661;3685;27837;0;948;54588515;52003248;37418659;5689744;53690215;40647097;6062052;0;58251
FR;0;2022-09-10;403;636;1738;5709;461;1538;5915;0;207;54588918;52003884;37420397;5695453;53690676;40648635;6067967;0;58458
FR;0;2022-09-11;124;131;324;657;93;307;716;0;17;54589042;52004015;37420721;5696110;53690769;40648942;6068683;0;58475
FR;0;2022-09-12;510;646;2690;13296;463;2295;13589;0;478;54589552;52004661;37423411;5709406;53691232;40651237;6082272;0;58953
FR;0;2022-09-13;632;866;3996;26513;555;3486;26393;0;875;54590184;52005527;37427407;5735919;53691787;40654723;6108665;0;59828
FR;0;2022-09-14;680;796;2966;16181;588;2483;16414;0;573;54590864;52006323;37430373;5752100;53692375;40657206;6125079;0;60401
FR;0;2022-09-15;574;838;3475;23585;591;2963;23654;0;728;54591438;52007161;37433848;5775685;53692966;40660169;6148733;0;61129
FR;0;2022-09-16;798;1047;4143;25915;731;3486;26137;0;932;54592236;52008208;37437991;5801600;53693697;40663655;6174870;0;62061
FR;0;2022-09-17;392;512;1453;6146;390;1283;6238;0;242;54592628;52008720;37439444;5807746;53694087;40664938;6181108;0;62303
FR;0;2022-09-18;117;144;323;961;123;291;1016;0;36;54592745;52008864;37439767;5808707;53694210;40665229;6182124;0;62339
FR;0;2022-09-19;453;646;2260;13218;448;1934;13401;0;436;54593198;52009510;37442027;5821925;53694658;40667163;6195525;0;62775
FR;0;2022-09-20;644;895;3786;26462;650;3153;26516;0;893;54593842;52010405;37445813;5848387;53695308;40670316;6222041;0;63668
FR;0;2022-09-21;587;773;2740;16258;577;2355;16250;0;586;54594429;52011178;37448553;5864645;53695885;40672671;6238291;0;64254
FR;0;2022-09-22;598;844;3423;23594;567;2796;23818;0;774;54595027;52012022;37451976;5888239;53696452;40675467;6262109;0;65028
FR;0;2022-09-23;838;1050;4494;28716;771;3762;28888;0;1020;54595865;52013072;37456470;5916955;53697223;40679229;6290997;0;66048
FR;0;2022-09-24;423;614;1644;6894;474;1418;7078;0;306;54596288;52013686;37458114;5923849;53697697;40680647;6298075;0;66354
FR;0;2022-09-25;99;194;335;1101;148;306;1143;0;37;54596387;52013880;37458449;5924950;53697845;40680953;6299218;0;66391
FR;0;2022-09-26;438;713;2299;13540;482;2019;13645;0;435;54596825;52014593;37460748;5938490;53698327;40682972;6312863;0;66826
FR;0;2022-09-27;611;844;3627;25944;614;2910;26099;0;959;54597436;52015437;37464375;5964434;53698941;40685882;6338962;0;67785
FR;0;2022-09-28;634;827;2557;15399;634;2305;15512;0;622;54598070;52016264;37466932;5979833;53699575;40688187;6354474;0;68407
FR;0;2022-09-29;564;768;3133;21051;544;2647;21079;43;810;54598634;52017032;37470065;6000884;53700119;40690834;6375553;43;69217
FR;0;2022-09-30;787;1115;3954;25563;832;3301;25829;713;1052;54599421;52018147;37474019;6026447;53700951;40694135;6401382;756;70269
FR;0;2022-10-01;431;619;2008;5975;467;1736;6212;396;318;54599852;52018766;37476027;6032422;53701418;40695871;6407594;1152;70587
FR;0;2022-10-02;63;136;218;639;97;215;665;66;42;54599915;52018902;37476245;6033061;53701515;40696086;6408259;1218;70629
FR;0;2022-10-03;551;880;2468;12053;713;2194;12231;2074;745;54600466;52019782;37478713;6045114;53702228;40698280;6420490;3292;71374
FR;0;2022-10-04;653;829;3393;23506;575;2784;23683;4702;1583;54601119;52020611;37482106;6068620;53702803;40701064;6444173;7994;72957
FR;0;2022-10-05;566;836;2446;14606;613;2161;14747;3656;1210;54601685;52021447;37484552;6083226;53703416;40703225;6458920;11650;74167
FR;0;2022-10-06;542;719;3088;21688;521;2520;21898;6668;1908;54602227;52022166;37487640;6104914;53703937;40705745;6480818;18318;76075
FR;0;2022-10-07;729;988;4127;30308;718;3475;30397;16873;3204;54602956;52023154;37491767;6135222;53704655;40709220;6511215;35191;79279
FR;0;2022-10-08;350;520;1651;8432;382;1410;8601;6699;1170;54603306;52023674;37493418;6143654;53705037;40710630;6519816;41890;80449
FR;0;2022-10-09;109;137;337;1587;111;312;1650;1511;297;54603415;52023811;37493755;6145241;53705148;40710942;6521466;43401;80746
FR;0;2022-10-10;489;784;2926;20538;600;2506;20869;19565;3272;54603904;52024595;37496681;6165779;53705748;40713448;6542335;62966;84018
FR;0;2022-10-11;582;809;4268;40320;550;3570;40664;40161;6380;54604486;52025404;37500949;6206099;53706298;40717018;6582999;103127;90398
FR;0;2022-10-12;582;844;3265;26755;626;2771;27085;27302;4691;54605068;52026248;37504214;6232854;53706924;40719789;6610084;130429;95089
FR;0;2022-10-13;617;792;4016;38463;582;3137;38922;40607;6607;54605685;52027040;37508230;6271317;53707506;40722926;6649006;171036;101696
FR;0;2022-10-14;757;1054;4868;47665;766;3953;48139;51132;7863;54606442;52028094;37513098;6318982;53708272;40726879;6697145;222168;109559
FR;0;2022-10-15;362;562;1866;11851;401;1628;11965;13091;2274;54606804;52028656;37514964;6330833;53708673;40728507;6709110;235259;111833
FR;0;2022-10-16;92;133;372;1967;83;356;2012;2347;479;54606896;52028789;37515336;6332800;53708756;40728863;6711122;237606;112312
FR;0;2022-10-17;438;707;3040;26460;492;2479;26834;30786;5410;54607334;52029496;37518376;6359260;53709248;40731342;6737956;268392;117722
FR;0;2022-10-18;600;733;4703;46098;531;3760;46661;55444;11701;54607934;52030229;37523079;6405358;53709779;40735102;6784617;323836;129423
FR;0;2022-10-19;559;786;3641;34375;591;3073;34743;42461;9251;54608493;52031015;37526720;6439733;53710370;40738175;6819360;366297;138674
FR;0;2022-10-20;612;795;4842;49459;580;3729;50119;60518;12924;54609105;52031810;37531562;6489192;53710950;40741904;6869479;426815;151598
FR;0;2022-10-21;689;990;5708;57023;706;4518;57708;70956;14294;54609794;52032800;37537270;6546215;53711656;40746422;6927187;497771;165892
FR;0;2022-10-22;334;412;1654;12946;332;1320;13104;15937;3386;54610128;52033212;37538924;6559161;53711988;40747742;6940291;513708;169278
FR;0;2022-10-23;96;107;349;2063;102;265;2165;2757;631;54610224;52033319;37539273;6561224;53712090;40748007;6942456;516465;169909
FR;0;2022-10-24;551;596;3137;27134;421;2687;27562;35492;7808;54610775;52033915;37542410;6588358;53712511;40750694;6970018;551957;177717
FR;0;2022-10-25;593;724;4870;49108;534;3800;49782;65233;15440;54611368;52034639;37547280;6637466;53713045;40754494;7019800;617190;193157
FR;0;2022-10-26;532;642;3473;32622;480;2898;32928;43998;11019;54611900;52035281;37550753;6670088;53713525;40757392;7052728;661188;204176
FR;0;2022-10-27;590;692;4080;40794;492;3347;41271;54464;13127;54612490;52035973;37554833;6710882;53714017;40760739;7093999;715652;217303
FR;0;2022-10-28;703;865;4609;44183;628;3503;45004;58269;13184;54613193;52036838;37559442;6755065;53714645;40764242;7139003;773921;230487
FR;0;2022-10-29;260;356;1328;9494;254;1082;9627;12523;3012;54613453;52037194;37560770;6764559;53714899;40765324;7148630;786444;233499
FR;0;2022-10-30;87;116;287;1598;92;249;1646;2145;540;54613540;52037310;37561057;6766157;53714991;40765573;7150276;788589;234039
FR;0;2022-10-31;382;485;2071;16056;354;1623;16421;22196;5502;54613922;52037795;37563128;6782213;53715345;40767196;7166697;810785;239541
FR;0;2022-11-01;90;188;927;1119;146;959;1163;1690;502;54614012;52037983;37564055;6783332;53715491;40768155;7167860;812475;240043
FR;0;2022-11-02;511;667;3035;25395;498;2579;25871;36632;10132;54614523;52038650;37567090;6808727;53715989;40770734;7193731;849107;250175
FR;0;2022-11-03;645;700;4114;40064;533;3118;40796;57037;15377;54615168;52039350;37571204;6848791;53716522;40773852;7234527;906144;265552
FR;0;2022-11-04;657;829;4425;43655;575;3518;44269;60519;15242;54615825;52040179;37575629;6892446;53717097;40777370;7278796;966663;280794
FR;0;2022-11-05;255;361;1449;9713;284;1165;9922;13461;3294;54616080;52040540;37577078;6902159;53717381;40778535;7288718;980124;284088
FR;0;2022-11-06;94;113;263;1602;96;246;1631;2337;653;54616174;52040653;37577341;6903761;53717477;40778781;7290349;982461;284741
FR;0;2022-11-07;487;560;2753;26753;473;2239;27395;39117;11004;54616661;52041213;37580094;6930514;53717950;40781020;7317744;1021578;295745
FR;0;2022-11-08;611;801;5001;51971;587;3838;52981;74283;20075;54617272;52042014;37585095;6982485;53718537;40784858;7370725;1095861;315820
FR;0;2022-11-09;516;679;3360;31606;501;2688;32382;46337;13212;54617788;52042693;37588455;7014091;53719038;40787546;7403107;1142198;329032
FR;0;2022-11-10;620;905;4573;43673;653;3624;44573;62846;17351;54618408;52043598;37593028;7057764;53719691;40791170;7447680;1205044;346383
FR;0;2022-11-11;77;113;370;1664;81;312;1727;2798;1011;54618485;52043711;37593398;7059428;53719772;40791482;7449407;1207842;347394
FR;0;2022-11-12;211;346;1195;7102;255;978;7337;10289;2765;54618696;52044057;37594593;7066530;53720027;40792460;7456744;1218131;350159
FR;0;2022-11-13;69;115;249;1207;94;213;1261;1974;625;54618765;52044172;37594842;7067737;53720121;40792673;7458005;1220105;350784
FR;0;2022-11-14;440;526;2580;23986;373;2057;24625;36201;10889;54619205;52044698;37597422;7091723;53720494;40794730;7482630;1256306;361673
FR;0;2022-11-15;605;850;4322;45029;676;3366;45975;66881;19619;54619810;52045548;37601744;7136752;53721170;40798096;7528605;1323187;381292
FR;0;2022-11-16;552;653;3070;28587;527;2576;29124;43249;13312;54620362;52046201;37604814;7165339;53721697;40800672;7557729;1366436;394604
FR;0;2022-11-17;564;676;3823;39249;523;2983;39856;58348;17402;54620926;52046877;37608637;7204588;53722220;40803655;7597585;1424784;412006
FR;0;2022-11-18;621;777;4606;45138;591;3456;46046;65705;18344;54621547;52047654;37613243;7249726;53722811;40807111;7643631;1490489;430350
FR;0;2022-11-19;270;340;1501;9805;272;1096;10000;14320;4008;54621817;52047994;37614744;7259531;53723083;40808207;7653631;1504809;434358
FR;0;2022-11-20;78;175;304;1698;156;261;1772;2717;859;54621895;52048169;37615048;7261229;53723239;40808468;7655403;1507526;435217
FR;0;2022-11-21;437;513;2424;21430;351;1954;22001;33088;10320;54622332;52048682;37617472;7282659;53723590;40810422;7677404;1540614;445537
FR;0;2022-11-22;537;608;4025;39824;435;3164;40394;59757;18234;54622869;52049290;37621497;7322483;53724025;40813586;7717798;1600371;463771
FR;0;2022-11-23;471;560;2754;26023;405;2320;26512;40379;12878;54623340;52049850;37624251;7348506;53724430;40815906;7744310;1640750;476649
FR;0;2022-11-24;510;604;3767;37152;427;2963;37865;56814;17929;54623850;52050454;37628018;7385658;53724857;40818869;7782175;1697564;494578
FR;0;2022-11-25;577;723;4187;40148;575;3148;40991;59632;17474;54624427;52051177;37632205;7425806;53725432;40822017;7823166;1757196;512052
FR;0;2022-11-26;301;338;1335;9371;262;1064;9512;13998;3970;54624728;52051515;37633540;7435177;53725694;40823081;7832678;1771194;516022
FR;0;2022-11-27;77;87;265;1661;71;225;1689;2554;805;54624805;52051602;37633805;7436838;53725765;40823306;7834367;1773748;516827
FR;0;2022-11-28;417;481;2636;24795;361;1981;25533;38450;12192;54625222;52052083;37636441;7461633;53726126;40825287;7859900;1812198;529019
FR;0;2022-11-29;499;607;4399;46521;377;3291;47248;71073;22296;54625721;52052690;37640840;7508154;53726503;40828578;7907148;1883271;551315
FR;0;2022-11-30;507;692;3738;36919;494;2896;37726;56318;17227;54626228;52053382;37644578;7545073;53726997;40831474;7944874;1939589;568542
FR;0;2022-12-01;530;680;5314;51858;458;3910;52664;79615;25205;54626758;52054062;37649892;7596931;53727455;40835384;7997538;2019204;593747
FR;0;2022-12-02;643;746;6172;61533;531;4381;62765;92430;27449;54627401;52054808;37656064;7658464;53727986;40839765;8060303;2111634;621196
FR;0;2022-12-03;304;342;2286;18050;222;1626;18479;26726;7618;54627705;52055150;37658350;7676514;53728208;40841391;8078782;2138360;628814
FR;0;2022-12-04;96;123;523;4304;90;434;4354;6439;1856;54627801;52055273;37658873;7680818;53728298;40841825;8083136;2144799;630670
FR;0;2022-12-05;461;589;4304;44674;426;2911;45645;68971;21866;54628262;52055862;37663177;7725492;53728724;40844736;8128781;2213770;652536
FR;0;2022-12-06;626;740;6845;78282;480;4650;79801;121722;39588;54628888;52056602;37670022;7803774;53729204;40849386;8208582;2335492;692124
FR;0;2022-12-07;555;633;5358;58155;470;3603;59301;90503;29567;54629443;52057235;37675380;7861929;53729674;40852989;8267883;2425995;721691
FR;0;2022-12-08;607;709;6986;79656;448;4587;81354;124154;40867;54630050;52057944;37682366;7941585;53730122;40857576;8349237;2550149;762558
FR;0;2022-12-09;782;841;8676;95676;554;5729;97568;147319;46790;54630832;52058785;37691042;8037261;53730676;40863305;8446805;2697468;809348
FR;0;2022-12-10;409;438;3825;33957;282;2481;34853;50555;14712;54631241;52059223;37694867;8071218;53730958;40865786;8481658;2748023;824060
FR;0;2022-12-11;132;140;989;8361;100;684;8565;12250;3276;54631373;52059363;37695856;8079579;53731058;40866470;8490223;2760273;827336
FR;0;2022-12-12;516;588;6374;67470;377;4131;69062;106244;34815;54631889;52059951;37702230;8147049;53731435;40870601;8559285;2866517;862151
FR;0;2022-12-13;701;774;9045;103567;482;5628;106142;164821;55048;54632590;52060725;37711275;8250616;53731917;40876229;8665427;3031338;917199
FR;0;2022-12-14;589;700;6819;73334;464;4550;74998;116961;38757;54633179;52061425;37718094;8323950;53732381;40880779;8740425;3148299;955956
FR;0;2022-12-15;656;852;8881;95901;543;5704;98217;153285;51769;54633835;52062277;37726975;8419851;53732924;40886483;8838642;3301584;1007725
FR;0;2022-12-16;827;970;9766;104791;646;6454;107025;166466;55307;54634662;52063247;37736741;8524642;53733570;40892937;8945667;3468050;1063032
FR;0;2022-12-17;344;426;3503;31787;289;2295;32579;48429;14449;54635006;52063673;37740244;8556429;53733859;40895232;8978246;3516479;1077481
FR;0;2022-12-18;93;127;788;6333;80;541;6483;9628;2751;54635099;52063800;37741032;8562762;53733939;40895773;8984729;3526107;1080232
FR;0;2022-12-19;589;615;5753;56210;431;3681;57841;90249;30081;54635688;52064415;37746785;8618972;53734370;40899454;9042570;3616356;1110313
FR;0;2022-12-20;740;788;7940;79837;524;5235;81983;130802;45053;54636428;52065203;37754725;8698809;53734894;40904689;9124553;3747158;1155366
FR;0;2022-12-21;592;618;5321;50942;427;3569;52289;84075;29279;54637020;52065821;37760046;8749751;53735321;40908258;9176842;3831233;1184645
FR;0;2022-12-22;642;662;4912;46272;458;3433;47511;76881;26897;54637662;52066483;37764958;8796023;53735779;40911691;9224353;3908114;1211542
FR;0;2022-12-23;473;581;3441;26199;417;2602;26871;43358;14899;54638135;52067064;37768399;8822222;53736196;40914293;9251224;3951472;1226441
FR;0;2022-12-24;105;108;445;2708;81;336;2832;4289;1231;54638240;52067172;37768844;8824930;53736277;40914629;9254056;3955761;1227672
FR;0;2022-12-25;34;41;133;566;33;104;592;924;273;54638274;52067213;37768977;8825496;53736310;40914733;9254648;3956685;1227945
FR;0;2022-12-26;368;389;2500;16918;289;1821;17559;27592;8820;54638642;52067602;37771477;8842414;53736599;40916554;9272207;3984277;1236765
FR;0;2022-12-27;539;659;4213;33711;443;2951;34859;56690;19726;54639181;52068261;37775690;8876125;53737042;40919505;9307066;4040967;1256491
FR;0;2022-12-28;476;517;3240;25709;351;2315;26330;42913;14821;54639657;52068778;37778930;8901834;53737393;40921820;9333396;4083880;1271312
FR;0;2022-12-29;431;539;3422;26587;352;2406;27594;45102;15657;54640088;52069317;37782352;8928421;53737745;40924226;9360990;4128982;1286969
FR;0;2022-12-30;455;504;2627;19565;359;1863;20236;32603;10978;54640543;52069821;37784979;8947986;53738104;40926089;9381226;4161585;1297947
FR;0;2022-12-31;137;156;508;3184;120;413;3328;4945;1338;54640680;52069977;37785487;8951170;53738224;40926502;9384554;4166530;1299285
FR;0;2023-01-01;25;44;177;710;26;149;736;1026;246;54640705;52070021;37785664;8951880;53738250;40926651;9385290;4167556;1299531
FR;0;2023-01-02;380;546;2997;19026;372;2311;19505;32960;12060;54641085;52070567;37788661;8970906;53738622;40928962;9404795;4200516;1311591
FR;0;2023-01-03;657;671;4750;44181;450;3362;45122;82765;34814;54641742;52071238;37793411;9015087;53739072;40932324;9449917;4283281;1346405
FR;0;2023-01-04;538;580;3868;31094;390;2760;31909;59855;25803;54642280;52071818;37797279;9046181;53739462;40935084;9481826;4343136;1372208
FR;0;2023-01-05;662;741;4681;43291;543;3183;44226;84005;37151;54642942;52072559;37801960;9089472;53740005;40938267;9526052;4427141;1409359
FR;0;2023-01-06;741;855;5520;48564;576;3660;49625;92079;39504;54643683;52073414;37807480;9138036;53740581;40941927;9575677;4519220;1448863
FR;0;2023-01-07;345;410;1945;12931;298;1410;13252;23029;8766;54644028;52073824;37809425;9150967;53740879;40943337;9588929;4542249;1457629
FR;0;2023-01-08;104;143;492;2917;99;354;3013;5226;1987;54644132;52073967;37809917;9153884;53740978;40943691;9591942;4547475;1459616
FR;0;2023-01-09;576;625;2856;22322;446;2060;22904;45815;21204;54644708;52074592;37812773;9176206;53741424;40945751;9614846;4593290;1480820
FR;0;2023-01-10;611;767;4798;41540;529;3430;42376;86973;41756;54645319;52075359;37817571;9217746;53741953;40949181;9657222;4680263;1522576
FR;0;2023-01-11;498;587;3131;25080;426;2275;25609;52844;25231;54645817;52075946;37820702;9242826;53742379;40951456;9682831;4733107;1547807
FR;0;2023-01-12;588;672;3979;34329;450;2879;34955;72432;35046;54646405;52076618;37824681;9277155;53742829;40954335;9717786;4805539;1582853
FR;0;2023-01-13;733;787;4370;36207;542;3144;36853;74564;35175;54647138;52077405;37829051;9313362;53743371;40957479;9754639;4880103;1618028
FR;0;2023-01-14;352;342;1582;9307;234;1193;9499;17759;7416;54647490;52077747;37830633;9322669;53743605;40958672;9764138;4897862;1625444
FR;0;2023-01-15;99;121;377;1566;78;288;1677;3254;1404;54647589;52077868;37831010;9324235;53743683;40958960;9765815;4901116;1626848
FR;0;2023-01-16;421;473;2380;16336;327;1786;16598;35966;18090;54648010;52078341;37833390;9340571;53744010;40960746;9782413;4937082;1644938
FR;0;2023-01-17;503;589;3531;29049;405;2559;29608;65711;33886;54648513;52078930;37836921;9369620;53744415;40963305;9812021;5002793;1678824
FR;0;2023-01-18;466;553;2358;17446;400;1827;17757;39149;19873;54648979;52079483;37839279;9387066;53744815;40965132;9829778;5041942;1698697
FR;0;2023-01-19;505;520;2865;23052;355;2126;23396;52247;26983;54649484;52080003;37842144;9410118;53745170;40967258;9853174;5094189;1725680
FR;0;2023-01-20;630;695;3463;25780;495;2618;26264;57711;29379;54650114;52080698;37845607;9435898;53745665;40969876;9879438;5151900;1755059
FR;0;2023-01-21;261;305;1140;6419;220;879;6528;13237;6017;54650375;52081003;37846747;9442317;53745885;40970755;9885966;5165137;1761076
FR;0;2023-01-22;45;63;178;878;32;154;928;1921;874;54650420;52081066;37846925;9443195;53745917;40970909;9886894;5167058;1761950
FR;0;2023-01-23;319;408;1736;11035;268;1297;11257;27208;14811;54650739;52081474;37848661;9454230;53746185;40972206;9898151;5194266;1776761
FR;0;2023-01-24;474;527;2592;20701;372;1941;21011;50987;28297;54651213;52082001;37851253;9474931;53746557;40974147;9919162;5245253;1805058
FR;0;2023-01-25;403;550;1947;12607;392;1478;13036;30747;16450;54651616;52082551;37853200;9487538;53746949;40975625;9932198;5276000;1821508
FR;0;2023-01-26;435;523;2379;17173;378;1782;17481;42391;23355;54652051;52083074;37855579;9504711;53747327;40977407;9949679;5318391;1844863
FR;0;2023-01-27;525;660;2653;18502;484;2014;18751;45001;24523;54652576;52083734;37858232;9523213;53747811;40979421;9968430;5363392;1869386
FR;0;2023-01-28;237;290;866;4518;234;691;4637;9981;4749;54652813;52084024;37859098;9527731;53748045;40980112;9973067;5373373;1874135
FR;0;2023-01-29;42;72;124;466;55;102;504;1098;548;54652855;52084096;37859222;9528197;53748100;40980214;9973571;5374471;1874683
FR;0;2023-01-30;365;447;1339;8282;319;1107;8474;20913;11415;54653220;52084543;37860561;9536479;53748419;40981321;9982045;5395384;1886098
FR;0;2023-01-31;424;485;2041;14085;326;1528;14319;36837;21237;54653644;52085028;37862602;9550564;53748745;40982849;9996364;5432221;1907335
FR;0;2023-02-01;397;519;1710;8335;391;1460;8491;22155;12572;54654041;52085547;37864312;9558899;53749136;40984309;10004855;5454376;1919907
FR;0;2023-02-02;365;499;1715;11861;341;1420;12072;31599;18227;54654406;52086046;37866027;9570760;53749477;40985729;10016927;5485975;1938134
FR;0;2023-02-03;475;644;2055;12622;479;1639;12800;33739;19433;54654881;52086690;37868082;9583382;53749956;40987368;10029727;5519714;1957567
FR;0;2023-02-04;195;275;670;3132;237;561;3177;7448;3822;54655076;52086965;37868752;9586514;53750193;40987929;10032904;5527162;1961389
FR;0;2023-02-05;23;65;88;242;42;87;257;585;284;54655099;52087030;37868840;9586756;53750235;40988016;10033161;5527747;1961673
FR;0;2023-02-06;302;351;1093;5409;282;861;5590;15353;9038;54655401;52087381;37869933;9592165;53750517;40988877;10038751;5543100;1970711
FR;0;2023-02-07;347;493;1596;9719;364;1305;9876;28121;16860;54655748;52087874;37871529;9601884;53750881;40990182;10048627;5571221;1987571
FR;0;2023-02-08;295;382;1119;6031;301;907;6195;16921;9733;54656043;52088256;37872648;9607915;53751182;40991089;10054822;5588142;1997304
FR;0;2023-02-09;339;466;1293;7870;338;1101;8053;22699;13597;54656382;52088722;37873941;9615785;53751520;40992190;10062875;5610841;2010901
FR;0;2023-02-10;460;545;1507;8341;431;1266;8486;23712;13936;54656842;52089267;37875448;9624126;53751951;40993456;10071361;5634553;2024837
FR;0;2023-02-11;164;220;577;2145;174;507;2232;5423;2765;54657006;52089487;37876025;9626271;53752125;40993963;10073593;5639976;2027602
FR;0;2023-02-12;38;42;59;174;41;53;196;438;208;54657044;52089529;37876084;9626445;53752166;40994016;10073789;5640414;2027810
FR;0;2023-02-13;227;318;740;3321;241;674;3417;9572;5485;54657271;52089847;37876824;9629766;53752407;40994690;10077206;5649986;2033295
FR;0;2023-02-14;290;369;1181;5942;268;1004;6094;17503;10395;54657561;52090216;37878005;9635708;53752675;40995694;10083300;5667489;2043690
FR;0;2023-02-15;285;386;953;4070;284;827;4249;12188;7152;54657846;52090602;37878958;9639778;53752959;40996521;10087549;5679677;2050842
FR;0;2023-02-16;259;394;1134;5157;259;987;5316;14989;8729;54658105;52090996;37880092;9644935;53753218;40997508;10092865;5694666;2059571
FR;0;2023-02-17;365;463;1300;5465;373;1137;5687;16349;9611;54658470;52091459;37881392;9650400;53753591;40998645;10098552;5711015;2069182
FR;0;2023-02-18;159;212;514;1623;167;443;1691;4044;2037;54658629;52091671;37881906;9652023;53753758;40999088;10100243;5715059;2071219
FR;0;2023-02-19;37;38;48;139;34;39;140;337;167;54658666;52091709;37881954;9652162;53753792;40999127;10100383;5715396;2071386
FR;0;2023-02-20;241;336;703;2819;249;660;2940;8385;4790;54658907;52092045;37882657;9654981;53754041;40999787;10103323;5723781;2076176
FR;0;2023-02-21;265;411;1059;4513;266;923;4701;13884;8210;54659172;52092456;37883716;9659494;53754307;41000710;10108024;5737665;2084386
FR;0;2023-02-22;241;363;728;2926;272;691;2964;8956;5223;54659413;52092819;37884444;9662420;53754579;41001401;10110988;5746621;2089609
FR;0;2023-02-23;223;358;929;3966;245;833;4155;12168;7110;54659636;52093177;37885373;9666386;53754824;41002234;10115143;5758789;2096719
FR;0;2023-02-24;285;464;1025;4376;343;895;4553;12888;7397;54659921;52093641;37886398;9670762;53755167;41003129;10119696;5771677;2104116
FR;0;2023-02-25;119;163;433;1188;140;353;1264;3170;1613;54660040;52093804;37886831;9671950;53755307;41003482;10120960;5774847;2105729
FR;0;2023-02-26;20;27;34;101;27;35;113;256;111;54660060;52093831;37886865;9672051;53755334;41003517;10121073;5775103;2105840
FR;0;2023-02-27;204;321;592;1985;245;574;2056;6524;3922;54660264;52094152;37887457;9674036;53755579;41004091;10123129;5781627;2109762
FR;0;2023-02-28;257;357;830;3542;238;798;3684;12059;7431;54660521;52094509;37888287;9677578;53755817;41004889;10126813;5793686;2117193
FR;0;2023-03-01;209;298;611;1962;240;552;2130;6529;3898;54660730;52094807;37888898;9679540;53756057;41005441;10128943;5800215;2121091
FR;0;2023-03-02;208;297;798;2946;213;678;3165;10025;6165;54660938;52095104;37889696;9682486;53756270;41006119;10132108;5810240;2127256
FR;0;2023-03-03;316;445;984;3646;337;877;3778;11645;6867;54661254;52095549;37890680;9686132;53756607;41006996;10135886;5821885;2134123
FR;0;2023-03-04;125;211;341;1067;152;323;1081;2763;1366;54661379;52095760;37891021;9687199;53756759;41007319;10136967;5824648;2135489
FR;0;2023-03-05;22;24;22;48;21;24;50;191;110;54661401;52095784;37891043;9687247;53756780;41007343;10137017;5824839;2135599
FR;0;2023-03-06;220;258;473;1403;183;456;1476;4646;2685;54661621;52096042;37891516;9688650;53756963;41007799;10138493;5829485;2138284
FR;0;2023-03-07;181;306;619;2341;212;573;2430;7877;4849;54661802;52096348;37892135;9690991;53757175;41008372;10140923;5837362;2143133
FR;0;2023-03-08;156;276;495;1401;211;441;1486;4886;2871;54661958;52096624;37892630;9692392;53757386;41008813;10142409;5842248;2146004
FR;0;2023-03-09;159;269;601;1960;178;572;2034;6982;4299;54662117;52096893;37893231;9694352;53757564;41009385;10144443;5849230;2150303
FR;0;2023-03-10;306;426;803;2513;313;730;2644;8720;5219;54662423;52097319;37894034;9696865;53757877;41010115;10147087;5857950;2155522
FR;0;2023-03-11;119;162;302;778;122;261;827;2240;1152;54662542;52097481;37894336;9697643;53757999;41010376;10147914;5860190;2156674
FR;0;2023-03-12;9;15;24;60;13;24;62;169;81;54662551;52097496;37894360;9697703;53758012;41010400;10147976;5860359;2156755
FR;0;2023-03-13;130;195;425;1068;144;381;1148;3586;2017;54662681;52097691;37894785;9698771;53758156;41010781;10149124;5863945;2158772
FR;0;2023-03-14;181;262;588;1814;174;577;1890;6551;3995;54662862;52097953;37895373;9700585;53758330;41011358;10151014;5870496;2162767
FR;0;2023-03-15;155;230;428;1112;187;405;1193;4004;2342;54663017;52098183;37895801;9701697;53758517;41011763;10152207;5874500;2165109
FR;0;2023-03-16;155;239;504;1472;169;460;1564;5416;3295;54663172;52098422;37896305;9703169;53758686;41012223;10153771;5879916;2168404
