fra;vaccin;jour;n_dose1;n_dose2;n_cum_dose1;n_cum_dose2
FR;1;2020-12-27;251;0;251;0
FR;1;2020-12-28;267;0;518;0
FR;1;2020-12-29;196;0;714;0
FR;1;2020-12-30;241;0;955;0
FR;1;2020-12-31;183;0;1138;0
FR;1;2021-01-01;196;0;1334;0
FR;1;2021-01-02;155;0;1489;0
FR;1;2021-01-03;191;0;1680;0
FR;1;2021-01-04;1643;0;3323;0
FR;1;2021-01-05;5607;0;8930;0
FR;1;2021-01-06;11503;0;20433;0
FR;1;2021-01-07;28939;0;49372;0
FR;1;2021-01-08;36622;0;85994;0
FR;1;2021-01-09;11034;0;97028;0
FR;1;2021-01-10;5731;0;102759;0
FR;1;2021-01-11;39503;0;142262;0
FR;1;2021-01-12;61511;0;203773;0
FR;1;2021-01-13;64455;0;268228;0
FR;1;2021-01-14;80664;0;348892;0
FR;1;2021-01-15;68031;0;416923;0
FR;1;2021-01-16;19715;77;436638;77
FR;1;2021-01-17;10635;42;447273;119
FR;1;2021-01-18;82170;161;529443;280
FR;1;2021-01-19;125112;125;654555;405
FR;1;2021-01-20;131543;156;786098;561
FR;1;2021-01-21;151849;132;937947;693
FR;1;2021-01-22;115072;160;1053019;853
FR;1;2021-01-23;36335;50;1089354;903
FR;1;2021-01-24;9379;27;1098733;930
FR;1;2021-01-25;73818;1215;1172551;2145
FR;1;2021-01-26;95878;3108;1268429;5253
FR;1;2021-01-27;103027;5593;1371456;10846
FR;1;2021-01-28;119905;14356;1491361;25202
FR;1;2021-01-29;88344;17282;1579705;42484
FR;1;2021-01-30;27785;4223;1607490;46707
FR;1;2021-01-31;5000;1679;1612490;48386
FR;1;2021-02-01;48768;21120;1661258;69506
FR;1;2021-02-02;67020;34557;1728278;104063
FR;1;2021-02-03;66485;36955;1794763;141018
FR;1;2021-02-04;76441;50040;1871204;191058
FR;1;2021-02-05;62930;45323;1934134;236381
FR;1;2021-02-06;19188;10393;1953322;246774
FR;1;2021-02-07;3526;5041;1956848;251815
FR;1;2021-02-08;36097;45962;1992945;297777
FR;1;2021-02-09;50377;72383;2043322;370160
FR;1;2021-02-10;51332;76668;2094654;446828
FR;1;2021-02-11;62804;99071;2157458;545899
FR;1;2021-02-12;55329;73973;2212787;619872
FR;1;2021-02-13;15272;19262;2228059;639134
FR;1;2021-02-14;3523;7191;2231582;646325
FR;1;2021-02-15;23796;73433;2255378;719758
FR;1;2021-02-16;32329;96841;2287707;816599
FR;1;2021-02-17;34653;98583;2322360;915182
FR;1;2021-02-18;48817;113426;2371177;1028608
FR;1;2021-02-19;44919;86419;2416096;1115027
FR;1;2021-02-20;13197;26912;2429293;1141939
FR;1;2021-02-21;2246;6286;2431539;1148225
FR;1;2021-02-22;24304;69416;2455843;1217641
FR;1;2021-02-23;36980;80353;2492823;1297994
FR;1;2021-02-24;40024;77646;2532847;1375640
FR;1;2021-02-25;49583;87947;2582430;1463587
FR;1;2021-02-26;46613;67885;2629043;1531472
FR;1;2021-02-27;15401;20930;2644444;1552402
FR;1;2021-02-28;3342;4385;2647786;1556787
FR;1;2021-03-01;39231;49010;2687017;1605797
FR;1;2021-03-02;55255;61511;2742272;1667308
FR;1;2021-03-03;60218;60645;2802490;1727953
FR;1;2021-03-04;72122;64894;2874612;1792847
FR;1;2021-03-05;73864;59259;2948476;1852106
FR;1;2021-03-06;81920;16083;3030396;1868189
FR;1;2021-03-07;63303;5413;3093699;1873602
FR;1;2021-03-08;59397;42462;3153096;1916064
FR;1;2021-03-09;85183;48315;3238279;1964379
FR;1;2021-03-10;89834;48062;3328113;2012441
FR;1;2021-03-11;104012;53852;3432125;2066293
FR;1;2021-03-12;103154;45290;3535279;2111583
FR;1;2021-03-13;88374;12744;3623653;2124327
FR;1;2021-03-14;44039;3028;3667692;2127355
FR;1;2021-03-15;94570;29119;3762262;2156474
FR;1;2021-03-16;122776;34891;3885038;2191365
FR;1;2021-03-17;128501;34829;4013539;2226194
FR;1;2021-03-18;141946;39710;4155485;2265904
FR;1;2021-03-19;135358;32898;4290843;2298802
FR;1;2021-03-20;75462;10208;4366305;2309010
FR;1;2021-03-21;26097;2475;4392402;2311485
FR;1;2021-03-22;113846;31174;4506248;2342659
FR;1;2021-03-23;142023;38168;4648271;2380827
FR;1;2021-03-24;140978;38772;4789249;2419599
FR;1;2021-03-25;164017;39617;4953266;2459216
FR;1;2021-03-26;165528;37487;5118794;2496703
FR;1;2021-03-27;110360;15253;5229154;2511956
FR;1;2021-03-28;41984;3621;5271138;2515577
FR;1;2021-03-29;129141;49950;5400279;2565527
FR;1;2021-03-30;166708;63579;5566987;2629106
FR;1;2021-03-31;169915;66897;5736902;2696003
FR;1;2021-04-01;192726;79243;5929628;2775246
FR;1;2021-04-02;163404;84311;6093032;2859557
FR;1;2021-04-03;87554;58170;6180586;2917727
FR;1;2021-04-04;32614;17732;6213200;2935459
FR;1;2021-04-05;42912;10176;6256112;2945635
FR;1;2021-04-06;158968;100869;6415080;3046504
FR;1;2021-04-07;195399;108246;6610479;3154750
FR;1;2021-04-08;220243;112380;6830722;3267130
FR;1;2021-04-09;212964;107498;7043686;3374628
FR;1;2021-04-10;116412;73456;7160098;3448084
FR;1;2021-04-11;40369;30282;7200467;3478366
FR;1;2021-04-12;167274;103779;7367741;3582145
FR;1;2021-04-13;202304;128240;7570045;3710385
FR;1;2021-04-14;206678;122803;7776723;3833188
FR;1;2021-04-15;219485;126754;7996208;3959942
FR;1;2021-04-16;204836;125140;8201044;4085082
FR;1;2021-04-17;121393;67479;8322437;4152561
FR;1;2021-04-18;35488;20992;8357925;4173553
FR;1;2021-04-19;162574;121908;8520499;4295461
FR;1;2021-04-20;187878;148765;8708377;4444226
FR;1;2021-04-21;192518;146705;8900895;4590931
FR;1;2021-04-22;207496;162631;9108391;4753562
FR;1;2021-04-23;197672;156926;9306063;4910488
FR;1;2021-04-24;125458;95502;9431521;5005990
FR;1;2021-04-25;53125;30130;9484646;5036120
FR;1;2021-04-26;180025;138265;9664671;5174385
FR;1;2021-04-27;219937;161968;9884608;5336353
FR;1;2021-04-28;236901;155105;10121509;5491458
FR;1;2021-04-29;268582;160057;10390091;5651515
FR;1;2021-04-30;270327;148145;10660418;5799660
FR;1;2021-05-01;138882;40709;10799300;5840369
FR;1;2021-05-02;80765;28150;10880065;5868519
FR;1;2021-05-03;248195;146453;11128260;6014972
FR;1;2021-05-04;263404;186830;11391664;6201802
FR;1;2021-05-05;280404;184560;11672068;6386362
FR;1;2021-05-06;306919;183021;11978987;6569383
FR;1;2021-05-07;281930;195719;12260917;6765102
FR;1;2021-05-08;190493;48335;12451410;6813437
FR;1;2021-05-09;113431;36212;12564841;6849649
FR;1;2021-05-10;254341;194248;12819182;7043897
FR;1;2021-05-11;316383;211387;13135565;7255284
FR;1;2021-05-12;353430;185892;13488995;7441176
FR;1;2021-05-13;280968;47647;13769963;7488823
FR;1;2021-05-14;367530;128850;14137493;7617673
FR;1;2021-05-15;295226;66142;14432719;7683815
FR;1;2021-05-16;156779;15578;14589498;7699393
FR;1;2021-05-17;316611;116685;14906109;7816078
FR;1;2021-05-18;379780;111322;15285889;7927400
FR;1;2021-05-19;392647;102909;15678536;8030309
FR;1;2021-05-20;418626;96314;16097162;8126623
FR;1;2021-05-21;397147;97373;16494309;8223996
FR;1;2021-05-22;274171;42084;16768480;8266080
FR;1;2021-05-23;122341;11209;16890821;8277289
FR;1;2021-05-24;242637;26307;17133458;8303596
FR;1;2021-05-25;363648;131937;17497106;8435533
FR;1;2021-05-26;378414;125697;17875520;8561230
FR;1;2021-05-27;403717;128218;18279237;8689448
FR;1;2021-05-28;363888;145544;18643125;8834992
FR;1;2021-05-29;252803;80976;18895928;8915968
FR;1;2021-05-30;100269;22573;18996197;8938541
FR;1;2021-05-31;312495;148816;19308692;9087357
FR;1;2021-06-01;353663;166788;19662355;9254145
FR;1;2021-06-02;358193;153261;20020548;9407406
FR;1;2021-06-03;384533;147764;20405081;9555170
FR;1;2021-06-04;359768;175672;20764849;9730842
FR;1;2021-06-05;256423;112796;21021272;9843638
FR;1;2021-06-06;125204;37539;21146476;9881177
FR;1;2021-06-07;296200;208215;21442676;10089392
FR;1;2021-06-08;327285;221095;21769961;10310487
FR;1;2021-06-09;332545;212688;22102506;10523175
FR;1;2021-06-10;338347;202300;22440853;10725475
FR;1;2021-06-11;309306;235550;22750159;10961025
FR;1;2021-06-12;242327;150861;22992486;11111886
FR;1;2021-06-13;99462;61083;23091948;11172969
FR;1;2021-06-14;205400;289191;23297348;11462160
FR;1;2021-06-15;253512;282570;23550860;11744730
FR;1;2021-06-16;270516;270594;23821376;12015324
FR;1;2021-06-17;265187;244538;24086563;12259862
FR;1;2021-06-18;258207;296153;24344770;12556015
FR;1;2021-06-19;192297;209706;24537067;12765721
FR;1;2021-06-20;68850;89195;24605917;12854916
FR;1;2021-06-21;170142;320169;24776059;13175085
FR;1;2021-06-22;183560;347849;24959619;13522934
FR;1;2021-06-23;201592;339572;25161211;13862506
FR;1;2021-06-24;201146;281913;25362357;14144419
FR;1;2021-06-25;179824;372061;25542181;14516480
FR;1;2021-06-26;130310;278522;25672491;14795002
FR;1;2021-06-27;51821;123058;25724312;14918060
FR;1;2021-06-28;134935;368556;25859247;15286616
FR;1;2021-06-29;153249;389717;26012496;15676333
FR;1;2021-06-30;177851;378463;26190347;16054796
FR;1;2021-07-01;191340;332318;26381687;16387114
FR;1;2021-07-02;185940;367937;26567627;16755051
FR;1;2021-07-03;122602;280676;26690229;17035727
FR;1;2021-07-04;53165;113782;26743394;17149509
FR;1;2021-07-05;148670;356361;26892064;17505870
FR;1;2021-07-06;169059;382873;27061123;17888743
FR;1;2021-07-07;185235;362899;27246358;18251642
FR;1;2021-07-08;197680;323244;27444038;18574886
FR;1;2021-07-09;185841;386866;27629879;18961752
FR;1;2021-07-10;128135;281111;27758014;19242863
FR;1;2021-07-11;56947;102518;27814961;19345381
FR;1;2021-07-12;145798;417170;27960759;19762551
FR;1;2021-07-13;230679;439865;28191438;20202416
FR;1;2021-07-14;169139;151699;28360577;20354115
FR;1;2021-07-15;275300;424933;28635877;20779048
FR;1;2021-07-16;285298;401563;28921175;21180611
FR;1;2021-07-17;214799;282431;29135974;21463042
FR;1;2021-07-18;101213;107496;29237187;21570538
FR;1;2021-07-19;234276;379601;29471463;21950139
FR;1;2021-07-20;301417;381459;29772880;22331598
FR;1;2021-07-21;329371;353971;30102251;22685569
FR;1;2021-07-22;360598;319694;30462849;23005263
FR;1;2021-07-23;343060;343343;30805909;23348606
FR;1;2021-07-24;236889;241504;31042798;23590110
FR;1;2021-07-25;111759;76197;31154557;23666307
FR;1;2021-07-26;295383;290627;31449940;23956934
FR;1;2021-07-27;380677;269179;31830617;24226113
FR;1;2021-07-28;383649;251764;32214266;24477877
FR;1;2021-07-29;401000;228177;32615266;24706054
FR;1;2021-07-30;362373;247000;32977639;24953054
FR;1;2021-07-31;240326;165159;33217965;25118213
FR;1;2021-08-01;101405;47301;33319370;25165514
FR;1;2021-08-02;276952;213030;33596322;25378544
FR;1;2021-08-03;320599;209575;33916921;25588119
FR;1;2021-08-04;318464;184658;34235385;25772777
FR;1;2021-08-05;293954;193505;34529339;25966282
FR;1;2021-08-06;283129;224964;34812468;26191246
FR;1;2021-08-07;179274;159204;34991742;26350450
FR;1;2021-08-08;66753;59266;35058495;26409716
FR;1;2021-08-09;216188;236555;35274683;26646271
FR;1;2021-08-10;245456;241353;35520139;26887624
FR;1;2021-08-11;229921;233066;35750060;27120690
FR;1;2021-08-12;214748;240133;35964808;27360823
FR;1;2021-08-13;194566;237010;36159374;27597833
FR;1;2021-08-14;118597;174865;36277971;27772698
FR;1;2021-08-15;33197;46257;36311168;27818955
FR;1;2021-08-16;149851;290235;36461019;28109190
FR;1;2021-08-17;166599;292083;36627618;28401273
FR;1;2021-08-18;156392;287159;36784010;28688432
FR;1;2021-08-19;143194;277539;36927204;28965971
FR;2;2020-12-27;0;0;0;0
FR;2;2020-12-28;0;0;0;0
FR;2;2020-12-29;0;0;0;0
FR;2;2020-12-30;0;0;0;0
FR;2;2020-12-31;0;0;0;0
FR;2;2021-01-01;0;0;0;0
FR;2;2021-01-02;0;0;0;0
FR;2;2021-01-03;0;0;0;0
FR;2;2021-01-04;0;0;0;0
FR;2;2021-01-05;0;0;0;0
FR;2;2021-01-06;0;0;0;0
FR;2;2021-01-07;0;0;0;0
FR;2;2021-01-08;0;0;0;0
FR;2;2021-01-09;0;0;0;0
FR;2;2021-01-10;0;0;0;0
FR;2;2021-01-11;0;0;0;0
FR;2;2021-01-12;0;0;0;0
FR;2;2021-01-13;0;0;0;0
FR;2;2021-01-14;684;0;684;0
FR;2;2021-01-15;275;0;959;0
FR;2;2021-01-16;229;0;1188;0
FR;2;2021-01-17;30;0;1218;0
FR;2;2021-01-18;2982;0;4200;0
FR;2;2021-01-19;4574;0;8774;0
FR;2;2021-01-20;5001;0;13775;0
FR;2;2021-01-21;5200;0;18975;0
FR;2;2021-01-22;4972;0;23947;0
FR;2;2021-01-23;1772;0;25719;0
FR;2;2021-01-24;122;0;25841;0
FR;2;2021-01-25;3713;0;29554;0
FR;2;2021-01-26;3799;0;33353;0
FR;2;2021-01-27;3481;0;36834;0
FR;2;2021-01-28;3591;0;40425;0
FR;2;2021-01-29;3147;0;43572;0
FR;2;2021-01-30;1084;0;44656;0
FR;2;2021-01-31;14;0;44670;0
FR;2;2021-02-01;3304;0;47974;0
FR;2;2021-02-02;4356;0;52330;0
FR;2;2021-02-03;5078;0;57408;0
FR;2;2021-02-04;4793;3;62201;3
FR;2;2021-02-05;4678;6;66879;9
FR;2;2021-02-06;1960;3;68839;12
FR;2;2021-02-07;52;0;68891;12
FR;2;2021-02-08;7461;8;76352;20
FR;2;2021-02-09;8299;15;84651;35
FR;2;2021-02-10;9198;50;93849;85
FR;2;2021-02-11;10120;66;103969;151
FR;2;2021-02-12;9889;238;113858;389
FR;2;2021-02-13;3053;221;116911;610
FR;2;2021-02-14;316;0;117227;610
FR;2;2021-02-15;3384;3067;120611;3677
FR;2;2021-02-16;4983;3880;125594;7557
FR;2;2021-02-17;4159;4402;129753;11959
FR;2;2021-02-18;5302;5089;135055;17048
FR;2;2021-02-19;5245;4323;140300;21371
FR;2;2021-02-20;1794;1509;142094;22880
FR;2;2021-02-21;210;86;142304;22966
FR;2;2021-02-22;3549;3722;145853;26688
FR;2;2021-02-23;4858;3693;150711;30381
FR;2;2021-02-24;4879;3468;155590;33849
FR;2;2021-02-25;5356;3426;160946;37275
FR;2;2021-02-26;4271;3124;165217;40399
FR;2;2021-02-27;1540;1042;166757;41441
FR;2;2021-02-28;128;28;166885;41469
FR;2;2021-03-01;5017;3764;171902;45233
FR;2;2021-03-02;6383;4727;178285;49960
FR;2;2021-03-03;6372;4882;184657;54842
FR;2;2021-03-04;8211;3966;192868;58808
FR;2;2021-03-05;7858;4058;200726;62866
FR;2;2021-03-06;4676;1683;205402;64549
FR;2;2021-03-07;2323;29;207725;64578
FR;2;2021-03-08;4042;8311;211767;72889
FR;2;2021-03-09;7350;8430;219117;81319
FR;2;2021-03-10;6940;9108;226057;90427
FR;2;2021-03-11;9201;9207;235258;99634
FR;2;2021-03-12;7808;8161;243066;107795
FR;2;2021-03-13;9940;2510;253006;110305
FR;2;2021-03-14;4793;402;257799;110707
FR;2;2021-03-15;10745;3483;268544;114190
FR;2;2021-03-16;16596;4621;285140;118811
FR;2;2021-03-17;20035;3953;305175;122764
FR;2;2021-03-18;23123;4908;328298;127672
FR;2;2021-03-19;23089;4537;351387;132209
FR;2;2021-03-20;25283;1540;376670;133749
FR;2;2021-03-21;17560;147;394230;133896
FR;2;2021-03-22;17569;3079;411799;136975
FR;2;2021-03-23;22442;4184;434241;141159
FR;2;2021-03-24;23722;4985;457963;146144
FR;2;2021-03-25;26485;5019;484448;151163
FR;2;2021-03-26;26737;4262;511185;155425
FR;2;2021-03-27;15780;1308;526965;156733
FR;2;2021-03-28;10488;92;537453;156825
FR;2;2021-03-29;18800;4278;556253;161103
FR;2;2021-03-30;24314;6019;580567;167122
FR;2;2021-03-31;28317;5954;608884;173076
FR;2;2021-04-01;34240;8479;643124;181555
FR;2;2021-04-02;29744;7685;672868;189240
FR;2;2021-04-03;16825;3582;689693;192822
FR;2;2021-04-04;9222;918;698915;193740
FR;2;2021-04-05;12250;808;711165;194548
FR;2;2021-04-06;26918;6926;738083;201474
FR;2;2021-04-07;30711;7156;768794;208630
FR;2;2021-04-08;36657;8818;805451;217448
FR;2;2021-04-09;33572;8595;839023;226043
FR;2;2021-04-10;19549;8969;858572;235012
FR;2;2021-04-11;7849;4271;866421;239283
FR;2;2021-04-12;16947;11252;883368;250535
FR;2;2021-04-13;19271;16425;902639;266960
FR;2;2021-04-14;17813;16280;920452;283240
FR;2;2021-04-15;21975;20755;942427;303995
FR;2;2021-04-16;20522;20076;962949;324071
FR;2;2021-04-17;13130;22461;976079;346532
FR;2;2021-04-18;5824;14403;981903;360935
FR;2;2021-04-19;16591;16254;998494;377189
FR;2;2021-04-20;19080;21577;1017574;398766
FR;2;2021-04-21;20019;21666;1037593;420432
FR;2;2021-04-22;23552;24855;1061145;445287
FR;2;2021-04-23;24315;25349;1085460;470636
FR;2;2021-04-24;25147;15104;1110607;485740
FR;2;2021-04-25;9532;8589;1120139;494329
FR;2;2021-04-26;16983;17198;1137122;511527
FR;2;2021-04-27;19090;24300;1156212;535827
FR;2;2021-04-28;22160;26180;1178372;562007
FR;2;2021-04-29;25277;30130;1203649;592137
FR;2;2021-04-30;25393;27775;1229042;619912
FR;2;2021-05-01;14857;9858;1243899;629770
FR;2;2021-05-02;6560;9183;1250459;638953
FR;2;2021-05-03;19811;19317;1270270;658270
FR;2;2021-05-04;18114;29056;1288384;687326
FR;2;2021-05-05;18089;29409;1306473;716735
FR;2;2021-05-06;23307;35287;1329780;752022
FR;2;2021-05-07;25046;33224;1354826;785246
FR;2;2021-05-08;21138;9701;1375964;794947
FR;2;2021-05-09;13061;7893;1389025;802840
FR;2;2021-05-10;32623;22217;1421648;825057
FR;2;2021-05-11;43315;21072;1464963;846129
FR;2;2021-05-12;49663;19897;1514626;866026
FR;2;2021-05-13;50970;5766;1565596;871792
FR;2;2021-05-14;60996;12953;1626592;884745
FR;2;2021-05-15;65601;7148;1692193;891893
FR;2;2021-05-16;43325;2575;1735518;894468
FR;2;2021-05-17;44434;12585;1779952;907053
FR;2;2021-05-18;54287;12244;1834239;919297
FR;2;2021-05-19;56822;10614;1891061;929911
FR;2;2021-05-20;63028;10875;1954089;940786
FR;2;2021-05-21;63919;11664;2018008;952450
FR;2;2021-05-22;61221;4513;2079229;956963
FR;2;2021-05-23;37310;570;2116539;957533
FR;2;2021-05-24;17012;2030;2133551;959563
FR;2;2021-05-25;20809;12237;2154360;971800
FR;2;2021-05-26;19583;11457;2173943;983257
FR;2;2021-05-27;22670;12663;2196613;995920
FR;2;2021-05-28;29099;14977;2225712;1010897
FR;2;2021-05-29;30228;8180;2255940;1019077
FR;2;2021-05-30;4558;1812;2260498;1020889
FR;2;2021-05-31;28366;18750;2288864;1039639
FR;2;2021-06-01;45268;20069;2334132;1059708
FR;2;2021-06-02;37155;19309;2371287;1079017
FR;2;2021-06-03;50947;23383;2422234;1102400
FR;2;2021-06-04;65225;24097;2487459;1126497
FR;2;2021-06-05;34295;24041;2521754;1150538
FR;2;2021-06-06;4833;6203;2526587;1156741
FR;2;2021-06-07;27919;23099;2554506;1179840
FR;2;2021-06-08;46088;22959;2600594;1202799
FR;2;2021-06-09;34053;20912;2634647;1223711
FR;2;2021-06-10;42371;19155;2677018;1242866
FR;2;2021-06-11;55069;25249;2732087;1268115
FR;2;2021-06-12;30412;19815;2762499;1287930
FR;2;2021-06-13;3231;9189;2765730;1297119
FR;2;2021-06-14;25090;24188;2790820;1321307
FR;2;2021-06-15;38765;22889;2829585;1344196
FR;2;2021-06-16;29957;21486;2859542;1365682
FR;2;2021-06-17;36670;25901;2896212;1391583
FR;2;2021-06-18;46664;28800;2942876;1420383
FR;2;2021-06-19;24406;24918;2967282;1445301
FR;2;2021-06-20;2696;10072;2969978;1455373
FR;2;2021-06-21;17302;42776;2987280;1498149
FR;2;2021-06-22;28161;49619;3015441;1547768
FR;2;2021-06-23;21623;49620;3037064;1597388
FR;2;2021-06-24;28222;50314;3065286;1647702
FR;2;2021-06-25;33231;60437;3098517;1708139
FR;2;2021-06-26;16244;59292;3114761;1767431
FR;2;2021-06-27;2506;29358;3117267;1796789
FR;2;2021-06-28;12487;54387;3129754;1851176
FR;2;2021-06-29;19727;59911;3149481;1911087
FR;2;2021-06-30;16188;57790;3165669;1968877
FR;2;2021-07-01;20146;59921;3185815;2028798
FR;2;2021-07-02;23809;62227;3209624;2091025
FR;2;2021-07-03;11960;57112;3221584;2148137
FR;2;2021-07-04;1898;23335;3223482;2171472
FR;2;2021-07-05;8887;29373;3232369;2200845
FR;2;2021-07-06;14304;36214;3246673;2237059
FR;2;2021-07-07;14046;33694;3260719;2270753
FR;2;2021-07-08;19320;40306;3280039;2311059
FR;2;2021-07-09;26805;54289;3306844;2365348
FR;2;2021-07-10;13207;33685;3320051;2399033
FR;2;2021-07-11;1629;4329;3321680;2403362
FR;2;2021-07-12;12678;37289;3334358;2440651
FR;2;2021-07-13;36820;53294;3371178;2493945
FR;2;2021-07-14;6353;3578;3377531;2497523
FR;2;2021-07-15;46803;47067;3424334;2544590
FR;2;2021-07-16;63884;55895;3488218;2600485
FR;2;2021-07-17;31314;23965;3519532;2624450
FR;2;2021-07-18;5964;4946;3525496;2629396
FR;2;2021-07-19;32641;28744;3558137;2658140
FR;2;2021-07-20;51491;44611;3609628;2702751
FR;2;2021-07-21;44799;34846;3654427;2737597
FR;2;2021-07-22;55689;41117;3710116;2778714
FR;2;2021-07-23;67655;49153;3777771;2827867
FR;2;2021-07-24;35702;21568;3813473;2849435
FR;2;2021-07-25;6525;2680;3819998;2852115
FR;2;2021-07-26;35647;22528;3855645;2874643
FR;2;2021-07-27;61690;34680;3917335;2909323
FR;2;2021-07-28;54661;26503;3971996;2935826
FR;2;2021-07-29;67603;32811;4039599;2968637
FR;2;2021-07-30;73290;37801;4112889;3006438
FR;2;2021-07-31;34069;16168;4146958;3022606
FR;2;2021-08-01;5088;2308;4152046;3024914
FR;2;2021-08-02;34756;16200;4186802;3041114
FR;2;2021-08-03;54992;28262;4241794;3069376
FR;2;2021-08-04;45765;20870;4287559;3090246
FR;2;2021-08-05;53520;31611;4341079;3121857
FR;2;2021-08-06;56988;42386;4398067;3164243
FR;2;2021-08-07;24509;17598;4422576;3181841
FR;2;2021-08-08;3656;3670;4426232;3185511
FR;2;2021-08-09;28548;21156;4454780;3206667
FR;2;2021-08-10;44167;33555;4498947;3240222
FR;2;2021-08-11;34592;25158;4533539;3265380
FR;2;2021-08-12;41062;35757;4574601;3301137
FR;2;2021-08-13;41353;36318;4615954;3337455
FR;2;2021-08-14;17933;22650;4633887;3360105
FR;2;2021-08-15;2728;3846;4636615;3363951
FR;2;2021-08-16;24304;27393;4660919;3391344
FR;2;2021-08-17;37366;43555;4698285;3434899
FR;2;2021-08-18;31281;36420;4729566;3471319
FR;2;2021-08-19;36016;46600;4765582;3517919
FR;3;2020-12-27;0;0;0;0
FR;3;2020-12-28;0;0;0;0
FR;3;2020-12-29;0;0;0;0
FR;3;2020-12-30;0;0;0;0
FR;3;2020-12-31;0;0;0;0
FR;3;2021-01-01;0;0;0;0
FR;3;2021-01-02;0;0;0;0
FR;3;2021-01-03;0;0;0;0
FR;3;2021-01-04;0;0;0;0
FR;3;2021-01-05;0;0;0;0
FR;3;2021-01-06;0;0;0;0
FR;3;2021-01-07;0;0;0;0
FR;3;2021-01-08;0;0;0;0
FR;3;2021-01-09;0;0;0;0
FR;3;2021-01-10;0;0;0;0
FR;3;2021-01-11;0;0;0;0
FR;3;2021-01-12;0;0;0;0
FR;3;2021-01-13;0;0;0;0
FR;3;2021-01-14;0;0;0;0
FR;3;2021-01-15;0;0;0;0
FR;3;2021-01-16;0;0;0;0
FR;3;2021-01-17;0;0;0;0
FR;3;2021-01-18;0;0;0;0
FR;3;2021-01-19;0;0;0;0
FR;3;2021-01-20;0;0;0;0
FR;3;2021-01-21;0;0;0;0
FR;3;2021-01-22;0;0;0;0
FR;3;2021-01-23;0;0;0;0
FR;3;2021-01-24;0;0;0;0
FR;3;2021-01-25;0;0;0;0
FR;3;2021-01-26;0;0;0;0
FR;3;2021-01-27;0;0;0;0
FR;3;2021-01-28;0;0;0;0
FR;3;2021-01-29;0;0;0;0
FR;3;2021-01-30;0;0;0;0
FR;3;2021-01-31;0;0;0;0
FR;3;2021-02-01;0;0;0;0
FR;3;2021-02-02;0;0;0;0
FR;3;2021-02-03;0;0;0;0
FR;3;2021-02-04;0;0;0;0
FR;3;2021-02-05;0;0;0;0
FR;3;2021-02-06;673;0;673;0
FR;3;2021-02-07;1370;0;2043;0
FR;3;2021-02-08;2680;0;4723;0
FR;3;2021-02-09;6684;0;11407;0
FR;3;2021-02-10;9424;0;20831;0
FR;3;2021-02-11;13449;0;34280;0
FR;3;2021-02-12;13160;0;47440;0
FR;3;2021-02-13;3571;0;51011;0
FR;3;2021-02-14;890;0;51901;0
FR;3;2021-02-15;10237;0;62138;0
FR;3;2021-02-16;12307;0;74445;0
FR;3;2021-02-17;10935;0;85380;0
FR;3;2021-02-18;14704;0;100084;0
FR;3;2021-02-19;14206;0;114290;0
FR;3;2021-02-20;3220;0;117510;0
FR;3;2021-02-21;563;0;118073;0
FR;3;2021-02-22;9003;0;127076;0
FR;3;2021-02-23;11207;0;138283;0
FR;3;2021-02-24;14058;0;152341;0
FR;3;2021-02-25;44678;0;197019;0
FR;3;2021-02-26;61674;0;258693;0
FR;3;2021-02-27;34639;6;293332;6
FR;3;2021-02-28;2388;0;295720;6
FR;3;2021-03-01;20164;9;315884;15
FR;3;2021-03-02;38596;12;354480;27
FR;3;2021-03-03;48369;15;402849;42
FR;3;2021-03-04;81856;18;484705;60
FR;3;2021-03-05;117728;42;602433;102
FR;3;2021-03-06;120251;47;722684;149
FR;3;2021-03-07;54950;27;777634;176
FR;3;2021-03-08;42498;20;820132;196
FR;3;2021-03-09;78627;30;898759;226
FR;3;2021-03-10;80483;36;979242;262
FR;3;2021-03-11;128016;46;1107258;308
FR;3;2021-03-12;182255;67;1289513;375
FR;3;2021-03-13;131811;51;1421324;426
FR;3;2021-03-14;13928;4;1435252;430
FR;3;2021-03-15;51892;35;1487144;465
FR;3;2021-03-16;1026;13;1488170;478
FR;3;2021-03-17;773;6;1488943;484
FR;3;2021-03-18;1358;4;1490301;488
FR;3;2021-03-19;70149;36;1560450;524
FR;3;2021-03-20;64982;35;1625432;559
FR;3;2021-03-21;5611;4;1631043;563
FR;3;2021-03-22;37205;30;1668248;593
FR;3;2021-03-23;84274;49;1752522;642
FR;3;2021-03-24;90598;89;1843120;731
FR;3;2021-03-25;149679;114;1992799;845
FR;3;2021-03-26;165035;152;2157834;997
FR;3;2021-03-27;68189;88;2226023;1085
FR;3;2021-03-28;6351;19;2232374;1104
FR;3;2021-03-29;53897;59;2286271;1163
FR;3;2021-03-30;92861;87;2379132;1250
FR;3;2021-03-31;63222;81;2442354;1331
FR;3;2021-04-01;85771;99;2528125;1430
FR;3;2021-04-02;86632;143;2614757;1573
FR;3;2021-04-03;35680;108;2650437;1681
FR;3;2021-04-04;3459;15;2653896;1696
FR;3;2021-04-05;4344;21;2658240;1717
FR;3;2021-04-06;29435;72;2687675;1789
FR;3;2021-04-07;32037;59;2719712;1848
FR;3;2021-04-08;78500;232;2798212;2080
FR;3;2021-04-09;161402;405;2959614;2485
FR;3;2021-04-10;75491;329;3035105;2814
FR;3;2021-04-11;7195;42;3042300;2856
FR;3;2021-04-12;51183;195;3093483;3051
FR;3;2021-04-13;85901;309;3179384;3360
FR;3;2021-04-14;67467;337;3246851;3697
FR;3;2021-04-15;92772;363;3339623;4060
FR;3;2021-04-16;112197;567;3451820;4627
FR;3;2021-04-17;53090;320;3504910;4947
FR;3;2021-04-18;9595;32;3514505;4979
FR;3;2021-04-19;24831;228;3539336;5207
FR;3;2021-04-20;45330;390;3584666;5597
FR;3;2021-04-21;38639;442;3623305;6039
FR;3;2021-04-22;54423;780;3677728;6819
FR;3;2021-04-23;70213;1009;3747941;7828
FR;3;2021-04-24;37043;969;3784984;8797
FR;3;2021-04-25;6049;152;3791033;8949
FR;3;2021-04-26;19488;648;3810521;9597
FR;3;2021-04-27;34169;1240;3844690;10837
FR;3;2021-04-28;28715;1926;3873405;12763
FR;3;2021-04-29;45112;5946;3918517;18709
FR;3;2021-04-30;55243;8921;3973760;27630
FR;3;2021-05-01;9354;1964;3983114;29594
FR;3;2021-05-02;2911;498;3986025;30092
FR;3;2021-05-03;12801;3881;3998826;33973
FR;3;2021-05-04;22796;8428;4021622;42401
FR;3;2021-05-05;18423;10568;4040045;52969
FR;3;2021-05-06;34311;20892;4074356;73861
FR;3;2021-05-07;43922;28395;4118278;102256
FR;3;2021-05-08;6581;8878;4124859;111134
FR;3;2021-05-09;1678;2651;4126537;113785
FR;3;2021-05-10;14720;12556;4141257;126341
FR;3;2021-05-11;26782;25720;4168039;152061
FR;3;2021-05-12;17020;27447;4185059;179508
FR;3;2021-05-13;2121;3483;4187180;182991
FR;3;2021-05-14;14311;25735;4201491;208726
FR;3;2021-05-15;7040;20730;4208531;229456
FR;3;2021-05-16;877;2677;4209408;232133
FR;3;2021-05-17;7717;19907;4217125;252040
FR;3;2021-05-18;13176;29628;4230301;281668
FR;3;2021-05-19;8998;31856;4239299;313524
FR;3;2021-05-20;12520;53210;4251819;366734
FR;3;2021-05-21;12510;65528;4264329;432262
FR;3;2021-05-22;4788;33295;4269117;465557
FR;3;2021-05-23;547;2665;4269664;468222
FR;3;2021-05-24;637;4915;4270301;473137
FR;3;2021-05-25;5033;45170;4275334;518307
FR;3;2021-05-26;4710;51050;4280044;569357
FR;3;2021-05-27;6061;77832;4286105;647189
FR;3;2021-05-28;7300;99100;4293405;746289
FR;3;2021-05-29;3154;60283;4296559;806572
FR;3;2021-05-30;395;8243;4296954;814815
FR;3;2021-05-31;2163;35991;4299117;850806
FR;3;2021-06-01;3081;64812;4302198;915618
FR;3;2021-06-02;2479;58355;4304677;973973
FR;3;2021-06-03;3270;87580;4307947;1061553
FR;3;2021-06-04;3923;105120;4311870;1166673
FR;3;2021-06-05;1830;52243;4313700;1218916
FR;3;2021-06-06;300;5399;4314000;1224315
FR;3;2021-06-07;1163;31182;4315163;1255497
FR;3;2021-06-08;1769;47281;4316932;1302778
FR;3;2021-06-09;1509;42394;4318441;1345172
FR;3;2021-06-10;1946;68000;4320387;1413172
FR;3;2021-06-11;2283;96799;4322670;1509971
FR;3;2021-06-12;1029;40835;4323699;1550806
FR;3;2021-06-13;162;3823;4323861;1554629
FR;3;2021-06-14;812;42665;4324673;1597294
FR;3;2021-06-15;1186;80697;4325859;1677991
FR;3;2021-06-16;1063;65781;4326922;1743772
FR;3;2021-06-17;1465;101856;4328387;1845628
FR;3;2021-06-18;1749;117924;4330136;1963552
FR;3;2021-06-19;726;39406;4330862;2002958
FR;3;2021-06-20;86;3384;4330948;2006342
FR;3;2021-06-21;594;39290;4331542;2045632
FR;3;2021-06-22;903;70019;4332445;2115651
FR;3;2021-06-23;803;50846;4333248;2166497
FR;3;2021-06-24;1178;77216;4334426;2243713
FR;3;2021-06-25;1284;89970;4335710;2333683
FR;3;2021-06-26;544;33137;4336254;2366820
FR;3;2021-06-27;96;4027;4336350;2370847
FR;3;2021-06-28;491;30460;4336841;2401307
FR;3;2021-06-29;748;56147;4337589;2457454
FR;3;2021-06-30;774;45062;4338363;2502516
FR;3;2021-07-01;1007;65663;4339370;2568179
FR;3;2021-07-02;1179;90450;4340549;2658629
FR;3;2021-07-03;545;31195;4341094;2689824
FR;3;2021-07-04;84;4275;4341178;2694099
FR;3;2021-07-05;514;33934;4341692;2728033
FR;3;2021-07-06;815;56135;4342507;2784168
FR;3;2021-07-07;751;43085;4343258;2827253
FR;3;2021-07-08;1009;60762;4344267;2888015
FR;3;2021-07-09;1158;68840;4345425;2956855
FR;3;2021-07-10;558;25054;4345983;2981909
FR;3;2021-07-11;71;3311;4346054;2985220
FR;3;2021-07-12;526;23933;4346580;3009153
FR;3;2021-07-13;1511;34769;4348091;3043922
FR;3;2021-07-14;139;2652;4348230;3046574
FR;3;2021-07-15;1827;30700;4350057;3077274
FR;3;2021-07-16;2397;38908;4352454;3116182
FR;3;2021-07-17;972;13753;4353426;3129935
FR;3;2021-07-18;199;2610;4353625;3132545
FR;3;2021-07-19;1187;17242;4354812;3149787
FR;3;2021-07-20;1709;27173;4356521;3176960
FR;3;2021-07-21;1549;19752;4358070;3196712
FR;3;2021-07-22;1733;27806;4359803;3224518
FR;3;2021-07-23;2093;30481;4361896;3254999
FR;3;2021-07-24;754;7022;4362650;3262021
FR;3;2021-07-25;159;1353;4362809;3263374
FR;3;2021-07-26;793;10736;4363602;3274110
FR;3;2021-07-27;1051;16984;4364653;3291094
FR;3;2021-07-28;856;12137;4365509;3303231
FR;3;2021-07-29;1028;15872;4366537;3319103
FR;3;2021-07-30;1033;18112;4367570;3337215
FR;3;2021-07-31;332;3751;4367902;3340966
FR;3;2021-08-01;43;484;4367945;3341450
FR;3;2021-08-02;315;5163;4368260;3346613
FR;3;2021-08-03;409;7589;4368669;3354202
FR;3;2021-08-04;361;4893;4369030;3359095
FR;3;2021-08-05;353;3750;4369383;3362845
FR;3;2021-08-06;386;4788;4369769;3367633
FR;3;2021-08-07;160;1926;4369929;3369559
FR;3;2021-08-08;41;423;4369970;3369982
FR;3;2021-08-09;209;2521;4370179;3372503
FR;3;2021-08-10;257;3899;4370436;3376402
FR;3;2021-08-11;188;2718;4370624;3379120
FR;3;2021-08-12;208;2627;4370832;3381747
FR;3;2021-08-13;206;2252;4371038;3383999
FR;3;2021-08-14;126;937;4371164;3384936
FR;3;2021-08-15;24;161;4371188;3385097
FR;3;2021-08-16;82;1092;4371270;3386189
FR;3;2021-08-17;118;1495;4371388;3387684
FR;3;2021-08-18;129;1347;4371517;3389031
FR;3;2021-08-19;119;1429;4371636;3390460
FR;4;2020-12-27;0;0;0;0
FR;4;2020-12-28;0;0;0;0
FR;4;2020-12-29;0;0;0;0
FR;4;2020-12-30;0;0;0;0
FR;4;2020-12-31;0;0;0;0
FR;4;2021-01-01;0;0;0;0
FR;4;2021-01-02;0;0;0;0
FR;4;2021-01-03;0;0;0;0
FR;4;2021-01-04;0;0;0;0
FR;4;2021-01-05;0;0;0;0
FR;4;2021-01-06;0;0;0;0
FR;4;2021-01-07;0;0;0;0
FR;4;2021-01-08;0;0;0;0
FR;4;2021-01-09;0;0;0;0
FR;4;2021-01-10;0;0;0;0
FR;4;2021-01-11;0;0;0;0
FR;4;2021-01-12;0;0;0;0
FR;4;2021-01-13;0;0;0;0
FR;4;2021-01-14;0;0;0;0
FR;4;2021-01-15;0;0;0;0
FR;4;2021-01-16;0;0;0;0
FR;4;2021-01-17;0;0;0;0
FR;4;2021-01-18;0;0;0;0
FR;4;2021-01-19;0;0;0;0
FR;4;2021-01-20;0;0;0;0
FR;4;2021-01-21;0;0;0;0
FR;4;2021-01-22;0;0;0;0
FR;4;2021-01-23;0;0;0;0
FR;4;2021-01-24;0;0;0;0
FR;4;2021-01-25;0;0;0;0
FR;4;2021-01-26;0;0;0;0
FR;4;2021-01-27;0;0;0;0
FR;4;2021-01-28;0;0;0;0
FR;4;2021-01-29;0;0;0;0
FR;4;2021-01-30;0;0;0;0
FR;4;2021-01-31;0;0;0;0
FR;4;2021-02-01;0;0;0;0
FR;4;2021-02-02;0;0;0;0
FR;4;2021-02-03;0;0;0;0
FR;4;2021-02-04;0;0;0;0
FR;4;2021-02-05;0;0;0;0
FR;4;2021-02-06;0;0;0;0
FR;4;2021-02-07;0;0;0;0
FR;4;2021-02-08;0;0;0;0
FR;4;2021-02-09;0;0;0;0
FR;4;2021-02-10;0;0;0;0
FR;4;2021-02-11;0;0;0;0
FR;4;2021-02-12;0;0;0;0
FR;4;2021-02-13;0;0;0;0
FR;4;2021-02-14;0;0;0;0
FR;4;2021-02-15;0;0;0;0
FR;4;2021-02-16;0;0;0;0
FR;4;2021-02-17;0;0;0;0
FR;4;2021-02-18;0;0;0;0
FR;4;2021-02-19;0;0;0;0
FR;4;2021-02-20;0;0;0;0
FR;4;2021-02-21;0;0;0;0
FR;4;2021-02-22;0;0;0;0
FR;4;2021-02-23;0;0;0;0
FR;4;2021-02-24;0;0;0;0
FR;4;2021-02-25;0;0;0;0
FR;4;2021-02-26;0;0;0;0
FR;4;2021-02-27;0;0;0;0
FR;4;2021-02-28;0;0;0;0
FR;4;2021-03-01;0;0;0;0
FR;4;2021-03-02;0;0;0;0
FR;4;2021-03-03;0;0;0;0
FR;4;2021-03-04;0;0;0;0
FR;4;2021-03-05;0;1;0;1
FR;4;2021-03-06;0;0;0;1
FR;4;2021-03-07;0;0;0;1
FR;4;2021-03-08;0;0;0;1
FR;4;2021-03-09;0;0;0;1
FR;4;2021-03-10;0;0;0;1
FR;4;2021-03-11;0;0;0;1
FR;4;2021-03-12;0;0;0;1
FR;4;2021-03-13;0;0;0;1
FR;4;2021-03-14;0;0;0;1
FR;4;2021-03-15;0;0;0;1
FR;4;2021-03-16;0;0;0;1
FR;4;2021-03-17;0;0;0;1
FR;4;2021-03-18;0;0;0;1
FR;4;2021-03-19;0;0;0;1
FR;4;2021-03-20;0;0;0;1
FR;4;2021-03-21;0;0;0;1
FR;4;2021-03-22;0;0;0;1
FR;4;2021-03-23;0;0;0;1
FR;4;2021-03-24;0;0;0;1
FR;4;2021-03-25;0;0;0;1
FR;4;2021-03-26;0;0;0;1
FR;4;2021-03-27;0;0;0;1
FR;4;2021-03-28;0;0;0;1
FR;4;2021-03-29;0;0;0;1
FR;4;2021-03-30;0;0;0;1
FR;4;2021-03-31;0;1;0;2
FR;4;2021-04-01;0;0;0;2
FR;4;2021-04-02;0;0;0;2
FR;4;2021-04-03;0;0;0;2
FR;4;2021-04-04;0;0;0;2
FR;4;2021-04-05;0;0;0;2
FR;4;2021-04-06;0;1;0;3
FR;4;2021-04-07;0;0;0;3
FR;4;2021-04-08;0;0;0;3
FR;4;2021-04-09;0;2;0;5
FR;4;2021-04-10;0;0;0;5
FR;4;2021-04-11;0;0;0;5
FR;4;2021-04-12;0;1;0;6
FR;4;2021-04-13;0;0;0;6
FR;4;2021-04-14;0;0;0;6
FR;4;2021-04-15;0;0;0;6
FR;4;2021-04-16;0;0;0;6
FR;4;2021-04-17;0;0;0;6
FR;4;2021-04-18;0;0;0;6
FR;4;2021-04-19;0;0;0;6
FR;4;2021-04-20;0;0;0;6
FR;4;2021-04-21;0;0;0;6
FR;4;2021-04-22;0;0;0;6
FR;4;2021-04-23;2314;0;2314;6
FR;4;2021-04-24;1557;0;3871;6
FR;4;2021-04-25;122;0;3993;6
FR;4;2021-04-26;2847;0;6840;6
FR;4;2021-04-27;9450;4;16290;10
FR;4;2021-04-28;9840;3;26130;13
FR;4;2021-04-29;15947;8;42077;21
FR;4;2021-04-30;19163;7;61240;28
FR;4;2021-05-01;1939;5;63179;33
FR;4;2021-05-02;458;0;63637;33
FR;4;2021-05-03;4981;1;68618;34
FR;4;2021-05-04;8303;8;76921;42
FR;4;2021-05-05;6071;5;82992;47
FR;4;2021-05-06;11299;11;94291;58
FR;4;2021-05-07;18983;8;113274;66
FR;4;2021-05-08;2287;6;115561;72
FR;4;2021-05-09;639;2;116200;74
FR;4;2021-05-10;7148;8;123348;82
FR;4;2021-05-11;14204;12;137552;94
FR;4;2021-05-12;10065;16;147617;110
FR;4;2021-05-13;1493;3;149110;113
FR;4;2021-05-14;7653;7;156763;120
FR;4;2021-05-15;3639;8;160402;128
FR;4;2021-05-16;380;1;160782;129
FR;4;2021-05-17;4378;3;165160;132
FR;4;2021-05-18;8658;10;173818;142
FR;4;2021-05-19;5583;5;179401;147
FR;4;2021-05-20;9317;6;188718;153
FR;4;2021-05-21;12633;29;201351;182
FR;4;2021-05-22;4968;12;206319;194
FR;4;2021-05-23;446;2;206765;196
FR;4;2021-05-24;970;3;207735;199
FR;4;2021-05-25;7470;16;215205;215
FR;4;2021-05-26;7618;13;222823;228
FR;4;2021-05-27;14189;34;237012;262
FR;4;2021-05-28;26370;81;263382;343
FR;4;2021-05-29;11231;20;274613;363
FR;4;2021-05-30;870;2;275483;365
FR;4;2021-05-31;12487;19;287970;384
FR;4;2021-06-01;19977;41;307947;425
FR;4;2021-06-02;14320;33;322267;458
FR;4;2021-06-03;19241;24;341508;482
FR;4;2021-06-04;22249;46;363757;528
FR;4;2021-06-05;9600;29;373357;557
FR;4;2021-06-06;945;0;374302;557
FR;4;2021-06-07;8994;16;383296;573
FR;4;2021-06-08;14413;26;397709;599
FR;4;2021-06-09;12022;24;409731;623
FR;4;2021-06-10;15177;24;424908;647
FR;4;2021-06-11;16766;52;441674;699
FR;4;2021-06-12;7318;27;448992;726
FR;4;2021-06-13;851;2;449843;728
FR;4;2021-06-14;6488;22;456331;750
FR;4;2021-06-15;10734;32;467065;782
FR;4;2021-06-16;8730;13;475795;795
FR;4;2021-06-17;10706;24;486501;819
FR;4;2021-06-18;12238;39;498739;858
FR;4;2021-06-19;5460;24;504199;882
FR;4;2021-06-20;617;2;504816;884
FR;4;2021-06-21;4911;9;509727;893
FR;4;2021-06-22;7704;18;517431;911
FR;4;2021-06-23;6937;33;524368;944
FR;4;2021-06-24;8464;31;532832;975
FR;4;2021-06-25;9919;36;542751;1011
FR;4;2021-06-26;4637;20;547388;1031
FR;4;2021-06-27;606;2;547994;1033
FR;4;2021-06-28;4574;14;552568;1047
FR;4;2021-06-29;6802;16;559370;1063
FR;4;2021-06-30;6420;36;565790;1099
FR;4;2021-07-01;7897;26;573687;1125
FR;4;2021-07-02;9193;44;582880;1169
FR;4;2021-07-03;4698;18;587578;1187
FR;4;2021-07-04;576;5;588154;1192
FR;4;2021-07-05;4587;18;592741;1210
FR;4;2021-07-06;7477;20;600218;1230
FR;4;2021-07-07;6744;27;606962;1257
FR;4;2021-07-08;8963;37;615925;1294
FR;4;2021-07-09;10050;30;625975;1324
FR;4;2021-07-10;4474;10;630449;1334
FR;4;2021-07-11;501;0;630950;1334
FR;4;2021-07-12;5638;27;636588;1361
FR;4;2021-07-13;14015;26;650603;1387
FR;4;2021-07-14;2064;6;652667;1393
FR;4;2021-07-15;17983;32;670650;1425
FR;4;2021-07-16;22511;63;693161;1488
FR;4;2021-07-17;9532;16;702693;1504
FR;4;2021-07-18;1270;4;703963;1508
FR;4;2021-07-19;12709;26;716672;1534
FR;4;2021-07-20;17067;29;733739;1563
FR;4;2021-07-21;15291;28;749030;1591
FR;4;2021-07-22;17924;40;766954;1631
FR;4;2021-07-23;20037;48;786991;1679
FR;4;2021-07-24;9007;28;795998;1707
FR;4;2021-07-25;1188;6;797186;1713
FR;4;2021-07-26;10632;18;807818;1731
FR;4;2021-07-27;14117;25;821935;1756
FR;4;2021-07-28;12275;18;834210;1774
FR;4;2021-07-29;13674;45;847884;1819
FR;4;2021-07-30;15080;39;862964;1858
FR;4;2021-07-31;6548;11;869512;1869
FR;4;2021-08-01;771;1;870283;1870
FR;4;2021-08-02;7050;16;877333;1886
FR;4;2021-08-03;9861;21;887194;1907
FR;4;2021-08-04;8640;21;895834;1928
FR;4;2021-08-05;8876;32;904710;1960
FR;4;2021-08-06;9445;19;914155;1979
FR;4;2021-08-07;4420;22;918575;2001
FR;4;2021-08-08;693;8;919268;2009
FR;4;2021-08-09;5356;16;924624;2025
FR;4;2021-08-10;8014;14;932638;2039
FR;4;2021-08-11;7335;20;939973;2059
FR;4;2021-08-12;7829;13;947802;2072
FR;4;2021-08-13;6783;21;954585;2093
FR;4;2021-08-14;3145;16;957730;2109
FR;4;2021-08-15;450;2;958180;2111
FR;4;2021-08-16;3600;6;961780;2117
FR;4;2021-08-17;5208;7;966988;2124
FR;4;2021-08-18;4783;24;971771;2148
FR;4;2021-08-19;4967;11;976738;2159
FR;0;2020-12-27;251;0;251;0
FR;0;2020-12-28;267;0;518;0
FR;0;2020-12-29;196;0;714;0
FR;0;2020-12-30;241;0;955;0
FR;0;2020-12-31;183;0;1138;0
FR;0;2021-01-01;196;0;1334;0
FR;0;2021-01-02;155;0;1489;0
FR;0;2021-01-03;191;0;1680;0
FR;0;2021-01-04;1643;0;3323;0
FR;0;2021-01-05;5607;0;8930;0
FR;0;2021-01-06;11503;0;20433;0
FR;0;2021-01-07;28939;0;49372;0
FR;0;2021-01-08;36622;0;85994;0
FR;0;2021-01-09;11034;0;97028;0
FR;0;2021-01-10;5731;0;102759;0
FR;0;2021-01-11;39503;0;142262;0
FR;0;2021-01-12;61511;0;203773;0
FR;0;2021-01-13;64455;0;268228;0
FR;0;2021-01-14;81348;0;349576;0
FR;0;2021-01-15;68306;0;417882;0
FR;0;2021-01-16;19944;77;437826;77
FR;0;2021-01-17;10665;42;448491;119
FR;0;2021-01-18;85152;161;533643;280
FR;0;2021-01-19;129686;125;663329;405
FR;0;2021-01-20;136544;156;799873;561
FR;0;2021-01-21;157049;132;956922;693
FR;0;2021-01-22;120044;160;1076966;853
FR;0;2021-01-23;38107;50;1115073;903
FR;0;2021-01-24;9501;27;1124574;930
FR;0;2021-01-25;77531;1215;1202105;2145
FR;0;2021-01-26;99677;3108;1301782;5253
FR;0;2021-01-27;106508;5593;1408290;10846
FR;0;2021-01-28;123496;14356;1531786;25202
FR;0;2021-01-29;91491;17282;1623277;42484
FR;0;2021-01-30;28869;4223;1652146;46707
FR;0;2021-01-31;5014;1679;1657160;48386
FR;0;2021-02-01;52072;21120;1709232;69506
FR;0;2021-02-02;71376;34557;1780608;104063
FR;0;2021-02-03;71563;36955;1852171;141018
FR;0;2021-02-04;81234;50043;1933405;191061
FR;0;2021-02-05;67608;45329;2001013;236390
FR;0;2021-02-06;21821;10396;2022834;246786
FR;0;2021-02-07;4948;5041;2027782;251827
FR;0;2021-02-08;46238;45970;2074020;297797
FR;0;2021-02-09;65360;72398;2139380;370195
FR;0;2021-02-10;69954;76718;2209334;446913
FR;0;2021-02-11;86373;99137;2295707;546050
FR;0;2021-02-12;78378;74211;2374085;620261
FR;0;2021-02-13;21896;19483;2395981;639744
FR;0;2021-02-14;4729;7191;2400710;646935
FR;0;2021-02-15;37417;76500;2438127;723435
FR;0;2021-02-16;49619;100721;2487746;824156
FR;0;2021-02-17;49747;102985;2537493;927141
FR;0;2021-02-18;68823;118515;2606316;1045656
FR;0;2021-02-19;64370;90742;2670686;1136398
FR;0;2021-02-20;18211;28421;2688897;1164819
FR;0;2021-02-21;3019;6372;2691916;1171191
FR;0;2021-02-22;36856;73138;2728772;1244329
FR;0;2021-02-23;53045;84046;2781817;1328375
FR;0;2021-02-24;58961;81114;2840778;1409489
FR;0;2021-02-25;99617;91373;2940395;1500862
FR;0;2021-02-26;112558;71009;3052953;1571871
FR;0;2021-02-27;51580;21978;3104533;1593849
FR;0;2021-02-28;5858;4413;3110391;1598262
FR;0;2021-03-01;64412;52783;3174803;1651045
FR;0;2021-03-02;100234;66250;3275037;1717295
FR;0;2021-03-03;114959;65542;3389996;1782837
FR;0;2021-03-04;162189;68878;3552185;1851715
FR;0;2021-03-05;199450;63360;3751635;1915075
FR;0;2021-03-06;206847;17813;3958482;1932888
FR;0;2021-03-07;120576;5469;4079058;1938357
FR;0;2021-03-08;105937;50793;4184995;1989150
FR;0;2021-03-09;171160;56775;4356155;2045925
FR;0;2021-03-10;177257;57206;4533412;2103131
FR;0;2021-03-11;241229;63105;4774641;2166236
FR;0;2021-03-12;293217;53518;5067858;2219754
FR;0;2021-03-13;230125;15305;5297983;2235059
FR;0;2021-03-14;62760;3434;5360743;2238493
FR;0;2021-03-15;157207;32637;5517950;2271130
FR;0;2021-03-16;140398;39525;5658348;2310655
FR;0;2021-03-17;149309;38788;5807657;2349443
FR;0;2021-03-18;166427;44622;5974084;2394065
FR;0;2021-03-19;228596;37471;6202680;2431536
FR;0;2021-03-20;165727;11783;6368407;2443319
FR;0;2021-03-21;49268;2626;6417675;2445945
FR;0;2021-03-22;168620;34283;6586295;2480228
FR;0;2021-03-23;248739;42401;6835034;2522629
FR;0;2021-03-24;255298;43846;7090332;2566475
FR;0;2021-03-25;340181;44750;7430513;2611225
FR;0;2021-03-26;357300;41901;7787813;2653126
FR;0;2021-03-27;194329;16649;7982142;2669775
FR;0;2021-03-28;58823;3732;8040965;2673507
FR;0;2021-03-29;201838;54287;8242803;2727794
FR;0;2021-03-30;283883;69685;8526686;2797479
FR;0;2021-03-31;261454;72933;8788140;2870412
FR;0;2021-04-01;312737;87821;9100877;2958233
FR;0;2021-04-02;279780;92139;9380657;3050372
FR;0;2021-04-03;140059;61860;9520716;3112232
FR;0;2021-04-04;45295;18665;9566011;3130897
FR;0;2021-04-05;59506;11005;9625517;3141902
FR;0;2021-04-06;215321;107868;9840838;3249770
FR;0;2021-04-07;258147;115461;10098985;3365231
FR;0;2021-04-08;335400;121430;10434385;3486661
FR;0;2021-04-09;407938;116500;10842323;3603161
FR;0;2021-04-10;211452;82754;11053775;3685915
FR;0;2021-04-11;55413;34595;11109188;3720510
FR;0;2021-04-12;235404;115227;11344592;3835737
FR;0;2021-04-13;307476;144974;11652068;3980711
FR;0;2021-04-14;291958;139420;11944026;4120131
FR;0;2021-04-15;334232;147872;12278258;4268003
FR;0;2021-04-16;337555;145783;12615813;4413786
FR;0;2021-04-17;187613;90260;12803426;4504046
FR;0;2021-04-18;50907;35427;12854333;4539473
FR;0;2021-04-19;203996;138390;13058329;4677863
FR;0;2021-04-20;252288;170732;13310617;4848595
FR;0;2021-04-21;251176;168813;13561793;5017408
FR;0;2021-04-22;285471;188266;13847264;5205674
FR;0;2021-04-23;294514;183284;14141778;5388958
FR;0;2021-04-24;189205;111575;14330983;5500533
FR;0;2021-04-25;68828;38871;14399811;5539404
FR;0;2021-04-26;219343;156111;14619154;5695515
FR;0;2021-04-27;282646;187512;14901800;5883027
FR;0;2021-04-28;297616;183214;15199416;6066241
FR;0;2021-04-29;354918;196141;15554334;6262382
FR;0;2021-04-30;370126;184848;15924460;6447230
FR;0;2021-05-01;165032;52536;16089492;6499766
FR;0;2021-05-02;90694;37831;16180186;6537597
FR;0;2021-05-03;285788;169652;16465974;6707249
FR;0;2021-05-04;312617;224322;16778591;6931571
FR;0;2021-05-05;322987;224542;17101578;7156113
FR;0;2021-05-06;375836;239211;17477414;7395324
FR;0;2021-05-07;369881;257346;17847295;7652670
FR;0;2021-05-08;220499;66920;18067794;7719590
FR;0;2021-05-09;128809;46758;18196603;7766348
FR;0;2021-05-10;308832;229029;18505435;7995377
FR;0;2021-05-11;400684;258191;18906119;8253568
FR;0;2021-05-12;430178;233252;19336297;8486820
FR;0;2021-05-13;335552;56899;19671849;8543719
FR;0;2021-05-14;450490;167545;20122339;8711264
FR;0;2021-05-15;371506;94028;20493845;8805292
FR;0;2021-05-16;201361;20831;20695206;8826123
FR;0;2021-05-17;373140;149180;21068346;8975303
FR;0;2021-05-18;455901;153204;21524247;9128507
FR;0;2021-05-19;464050;145384;21988297;9273891
FR;0;2021-05-20;503491;160405;22491788;9434296
FR;0;2021-05-21;486209;174594;22977997;9608890
FR;0;2021-05-22;345148;79904;23323145;9688794
FR;0;2021-05-23;160644;14446;23483789;9703240
FR;0;2021-05-24;261256;33255;23745045;9736495
FR;0;2021-05-25;396960;189360;24142005;9925855
FR;0;2021-05-26;410325;188217;24552330;10114072
FR;0;2021-05-27;446637;218747;24998967;10332819
FR;0;2021-05-28;426657;259702;25425624;10592521
FR;0;2021-05-29;297416;149459;25723040;10741980
FR;0;2021-05-30;106092;32630;25829132;10774610
FR;0;2021-05-31;355511;203576;26184643;10978186
FR;0;2021-06-01;421989;251710;26606632;11229896
FR;0;2021-06-02;412147;230958;27018779;11460854
FR;0;2021-06-03;457991;258751;27476770;11719605
FR;0;2021-06-04;451165;304935;27927935;12024540
FR;0;2021-06-05;302148;189109;28230083;12213649
FR;0;2021-06-06;131282;49141;28361365;12262790
FR;0;2021-06-07;334276;262512;28695641;12525302
FR;0;2021-06-08;389555;291361;29085196;12816663
FR;0;2021-06-09;380129;276018;29465325;13092681
FR;0;2021-06-10;397841;289479;29863166;13382160
FR;0;2021-06-11;383424;357650;30246590;13739810
FR;0;2021-06-12;281086;211538;30527676;13951348
FR;0;2021-06-13;103706;74097;30631382;14025445
FR;0;2021-06-14;237790;356066;30869172;14381511
FR;0;2021-06-15;304197;386188;31173369;14767699
FR;0;2021-06-16;310266;357874;31483635;15125573
FR;0;2021-06-17;314028;372319;31797663;15497892
FR;0;2021-06-18;318858;442916;32116521;15940808
FR;0;2021-06-19;222889;274054;32339410;16214862
FR;0;2021-06-20;72249;102653;32411659;16317515
FR;0;2021-06-21;192949;402244;32604608;16719759
FR;0;2021-06-22;220328;467505;32824936;17187264
FR;0;2021-06-23;230955;440071;33055891;17627335
FR;0;2021-06-24;239010;409474;33294901;18036809
FR;0;2021-06-25;224258;522504;33519159;18559313
FR;0;2021-06-26;151735;370971;33670894;18930284
FR;0;2021-06-27;55029;156445;33725923;19086729
FR;0;2021-06-28;152487;453417;33878410;19540146
FR;0;2021-06-29;180526;505791;34058936;20045937
FR;0;2021-06-30;201233;481351;34260169;20527288
FR;0;2021-07-01;220390;457928;34480559;20985216
FR;0;2021-07-02;220121;520658;34700680;21505874
FR;0;2021-07-03;139805;369001;34840485;21874875
FR;0;2021-07-04;55723;141397;34896208;22016272
FR;0;2021-07-05;162658;419686;35058866;22435958
FR;0;2021-07-06;191655;475242;35250521;22911200
FR;0;2021-07-07;206776;439705;35457297;23350905
FR;0;2021-07-08;226972;424349;35684269;23775254
FR;0;2021-07-09;223854;510025;35908123;24285279
FR;0;2021-07-10;146374;339860;36054497;24625139
FR;0;2021-07-11;59148;110158;36113645;24735297
FR;0;2021-07-12;164640;478419;36278285;25213716
FR;0;2021-07-13;283025;527954;36561310;25741670
FR;0;2021-07-14;177695;157935;36739005;25899605
FR;0;2021-07-15;341913;502732;37080918;26402337
FR;0;2021-07-16;374090;496429;37455008;26898766
FR;0;2021-07-17;256617;320165;37711625;27218931
FR;0;2021-07-18;108646;115056;37820271;27333987
FR;0;2021-07-19;280813;425613;38101084;27759600
FR;0;2021-07-20;371684;453272;38472768;28212872
FR;0;2021-07-21;391010;408597;38863778;28621469
FR;0;2021-07-22;435944;388657;39299722;29010126
FR;0;2021-07-23;432845;423025;39732567;29433151
FR;0;2021-07-24;282352;270122;40014919;29703273
FR;0;2021-07-25;119631;80236;40134550;29783509
FR;0;2021-07-26;342455;323909;40477005;30107418
FR;0;2021-07-27;457535;320868;40934540;30428286
FR;0;2021-07-28;451441;290422;41385981;30718708
FR;0;2021-07-29;483305;276905;41869286;30995613
FR;0;2021-07-30;451776;302952;42321062;31298565
FR;0;2021-07-31;281275;185089;42602337;31483654
FR;0;2021-08-01;107307;50094;42709644;31533748
FR;0;2021-08-02;319073;234409;43028717;31768157
FR;0;2021-08-03;385861;245447;43414578;32013604
FR;0;2021-08-04;373230;210442;43787808;32224046
FR;0;2021-08-05;356703;228898;44144511;32452944
FR;0;2021-08-06;349948;272157;44494459;32725101
FR;0;2021-08-07;208363;178750;44702822;32903851
FR;0;2021-08-08;71143;63367;44773965;32967218
FR;0;2021-08-09;250301;260248;45024266;33227466
FR;0;2021-08-10;297894;278821;45322160;33506287
FR;0;2021-08-11;272036;260962;45594196;33767249
FR;0;2021-08-12;263847;278530;45858043;34045779
FR;0;2021-08-13;242908;275601;46100951;34321380
FR;0;2021-08-14;139801;198468;46240752;34519848
FR;0;2021-08-15;36399;50266;46277151;34570114
FR;0;2021-08-16;177837;318726;46454988;34888840
FR;0;2021-08-17;209291;337140;46664279;35225980
FR;0;2021-08-18;192585;324950;46856864;35550930
FR;0;2021-08-19;184296;325579;47041160;35876509
