fra;vaccin;jour;n_dose1;n_dose2;n_dose3;n_dose4;n_rappel;n_cum_dose1;n_cum_dose2;n_cum_dose3;n_cum_dose4;n_cum_rappel
FR;1;2020-12-27;610;0;0;0;0;610;0;0;0;0
FR;1;2020-12-28;686;1;0;0;0;1296;1;0;0;0
FR;1;2020-12-29;385;0;0;0;0;1681;1;0;0;0
FR;1;2020-12-30;444;0;0;0;0;2125;1;0;0;0
FR;1;2020-12-31;444;1;0;0;0;2569;2;0;0;0
FR;1;2021-01-01;1159;2;0;0;0;3728;4;0;0;0
FR;1;2021-01-02;365;3;0;0;0;4093;7;0;0;0
FR;1;2021-01-03;405;0;0;0;0;4498;7;0;0;0
FR;1;2021-01-04;2115;4;0;0;0;6613;11;0;0;0
FR;1;2021-01-05;7755;3;0;0;0;14368;14;0;0;0
FR;1;2021-01-06;12457;17;0;0;0;26825;31;0;0;0
FR;1;2021-01-07;29468;19;0;0;0;56293;50;0;0;0
FR;1;2021-01-08;37151;20;0;0;0;93444;70;0;0;0
FR;1;2021-01-09;11212;8;0;0;0;104656;78;0;0;0
FR;1;2021-01-10;6008;7;0;0;0;110664;85;0;0;0
FR;1;2021-01-11;39941;26;0;0;0;150605;111;0;0;0
FR;1;2021-01-12;62144;20;0;0;0;212749;131;0;0;0
FR;1;2021-01-13;65128;46;0;0;0;277877;177;0;0;0
FR;1;2021-01-14;81457;167;0;0;0;359334;344;0;0;0
FR;1;2021-01-15;68613;66;0;0;0;427947;410;0;0;0
FR;1;2021-01-16;19901;72;0;0;0;447848;482;0;0;0
FR;1;2021-01-17;10903;49;0;0;0;458751;531;0;0;0
FR;1;2021-01-18;82832;170;0;0;0;541583;701;0;0;0
FR;1;2021-01-19;125923;191;0;0;0;667506;892;0;0;0
FR;1;2021-01-20;132421;182;0;0;0;799927;1074;0;0;0
FR;1;2021-01-21;153065;176;0;0;0;952992;1250;0;0;0
FR;1;2021-01-22;115951;222;0;0;0;1068943;1472;0;0;0
FR;1;2021-01-23;36610;69;0;0;0;1105553;1541;0;0;0
FR;1;2021-01-24;9583;102;0;0;0;1115136;1643;0;0;0
FR;1;2021-01-25;74427;1349;0;0;0;1189563;2992;0;0;0
FR;1;2021-01-26;96456;3525;1;0;0;1286019;6517;1;0;0
FR;1;2021-01-27;103648;6192;0;0;0;1389667;12709;1;0;0
FR;1;2021-01-28;120610;15776;0;0;0;1510277;28485;1;0;0
FR;1;2021-01-29;88893;18306;0;0;0;1599170;46791;1;0;0
FR;1;2021-01-30;27994;4429;0;0;0;1627164;51220;1;0;0
FR;1;2021-01-31;5189;1830;0;0;0;1632353;53050;1;0;0
FR;1;2021-02-01;49728;22204;0;0;0;1682081;75254;1;0;0
FR;1;2021-02-02;67821;37067;0;0;0;1749902;112321;1;0;0
FR;1;2021-02-03;67087;39225;0;0;0;1816989;151546;1;0;0
FR;1;2021-02-04;77141;53455;0;0;0;1894130;205001;1;0;0
FR;1;2021-02-05;63424;47038;0;0;0;1957554;252039;1;0;0
FR;1;2021-02-06;19425;11143;0;0;0;1976979;263182;1;0;0
FR;1;2021-02-07;3666;5728;0;0;0;1980645;268910;1;0;0
FR;1;2021-02-08;36500;47921;0;0;0;2017145;316831;1;0;0
FR;1;2021-02-09;50808;76607;0;0;0;2067953;393438;1;0;0
FR;1;2021-02-10;52070;81351;0;0;0;2120023;474789;1;0;0
FR;1;2021-02-11;63381;103770;0;0;0;2183404;578559;1;0;0
FR;1;2021-02-12;55867;75196;0;0;0;2239271;653755;1;0;0
FR;1;2021-02-13;15463;19317;0;0;0;2254734;673072;1;0;0
FR;1;2021-02-14;3747;7341;0;0;0;2258481;680413;1;0;0
FR;1;2021-02-15;24157;73654;0;0;0;2282638;754067;1;0;0
FR;1;2021-02-16;32777;96257;0;0;0;2315415;850324;1;0;0
FR;1;2021-02-17;35127;101533;20;0;0;2350542;951857;21;0;0
FR;1;2021-02-18;49445;117305;0;0;0;2399987;1069162;21;0;0
FR;1;2021-02-19;45382;87321;1;0;0;2445369;1156483;22;0;0
FR;1;2021-02-20;13391;27151;0;0;0;2458760;1183634;22;0;0
FR;1;2021-02-21;2460;6074;0;0;0;2461220;1189708;22;0;0
FR;1;2021-02-22;24720;69427;2;0;0;2485940;1259135;24;0;0
FR;1;2021-02-23;37430;81417;1;0;0;2523370;1340552;25;0;0
FR;1;2021-02-24;40699;78957;1;0;0;2564069;1419509;26;0;0
FR;1;2021-02-25;50158;87989;1;0;0;2614227;1507498;27;0;0
FR;1;2021-02-26;47222;67647;1;0;0;2661449;1575145;28;0;0
FR;1;2021-02-27;15677;21219;1;0;0;2677126;1596364;29;0;0
FR;1;2021-02-28;3562;4169;2;0;0;2680688;1600533;31;0;0
FR;1;2021-03-01;40197;50073;1;0;0;2720885;1650606;32;0;0
FR;1;2021-03-02;55983;62330;3;0;0;2776868;1712936;35;0;0
FR;1;2021-03-03;61246;60585;0;0;0;2838114;1773521;35;0;0
FR;1;2021-03-04;73000;67644;3;0;0;2911114;1841165;38;0;0
FR;1;2021-03-05;74768;58756;3;0;0;2985882;1899921;41;0;0
FR;1;2021-03-06;82459;15811;2;0;0;3068341;1915732;43;0;0
FR;1;2021-03-07;63724;4368;1;0;0;3132065;1920100;44;0;0
FR;1;2021-03-08;60179;41468;2;0;0;3192244;1961568;46;0;0
FR;1;2021-03-09;85998;47722;1;0;0;3278242;2009290;47;0;0
FR;1;2021-03-10;90927;47862;5;0;0;3369169;2057152;52;0;0
FR;1;2021-03-11;105088;54510;1;0;0;3474257;2111662;53;0;0
FR;1;2021-03-12;104132;45017;1;0;0;3578389;2156679;54;0;0
FR;1;2021-03-13;89207;12623;1;0;0;3667596;2169302;55;0;0
FR;1;2021-03-14;44457;2767;1;0;0;3712053;2172069;56;0;0
FR;1;2021-03-15;95521;28299;3;0;0;3807574;2200368;59;0;0
FR;1;2021-03-16;123595;34323;5;0;0;3931169;2234691;64;0;0
FR;1;2021-03-17;129311;33768;4;0;0;4060480;2268459;68;0;0
FR;1;2021-03-18;142902;39341;5;0;0;4203382;2307800;73;0;0
FR;1;2021-03-19;136258;32243;2;0;0;4339640;2340043;75;0;0
FR;1;2021-03-20;76011;9834;1;0;0;4415651;2349877;76;0;0
FR;1;2021-03-21;26515;2100;1;0;0;4442166;2351977;77;0;0
FR;1;2021-03-22;114767;30467;2;0;0;4556933;2382444;79;0;0
FR;1;2021-03-23;143042;38050;1;0;0;4699975;2420494;80;0;0
FR;1;2021-03-24;142007;38447;0;0;0;4841982;2458941;80;0;0
FR;1;2021-03-25;165004;39767;4;0;0;5006986;2498708;84;0;0
FR;1;2021-03-26;166398;37507;5;1;0;5173384;2536215;89;1;0
FR;1;2021-03-27;110882;15429;1;0;0;5284266;2551644;90;1;0
FR;1;2021-03-28;42305;4256;3;0;0;5326571;2555900;93;1;0
FR;1;2021-03-29;129824;49241;4;0;0;5456395;2605141;97;1;0
FR;1;2021-03-30;167722;63716;5;0;0;5624117;2668857;102;1;0
FR;1;2021-03-31;170944;67698;4;0;0;5795061;2736555;106;1;0
FR;1;2021-04-01;194836;82979;10;0;0;5989897;2819534;116;1;0
FR;1;2021-04-02;164457;86178;7;0;0;6154354;2905712;123;1;0
FR;1;2021-04-03;88249;58105;6;0;0;6242603;2963817;129;1;0
FR;1;2021-04-04;33650;17727;0;0;0;6276253;2981544;129;1;0
FR;1;2021-04-05;46410;9734;11;0;0;6322663;2991278;140;1;0
FR;1;2021-04-06;160318;104372;17;0;0;6482981;3095650;157;1;0
FR;1;2021-04-07;196991;108077;16;0;0;6679972;3203727;173;1;0
FR;1;2021-04-08;222134;113680;13;0;0;6902106;3317407;186;1;0
FR;1;2021-04-09;214565;107806;21;0;0;7116671;3425213;207;1;0
FR;1;2021-04-10;117184;73212;14;0;0;7233855;3498425;221;1;0
FR;1;2021-04-11;40896;29942;6;0;0;7274751;3528367;227;1;0
FR;1;2021-04-12;168475;104399;46;0;0;7443226;3632766;273;1;0
FR;1;2021-04-13;203809;127895;97;1;0;7647035;3760661;370;2;0
FR;1;2021-04-14;208628;122786;208;0;0;7855663;3883447;578;2;0
FR;1;2021-04-15;221686;127813;312;0;0;8077349;4011260;890;2;0
FR;1;2021-04-16;206071;125436;309;0;0;8283420;4136696;1199;2;0
FR;1;2021-04-17;122091;67175;103;0;0;8405511;4203871;1302;2;0
FR;1;2021-04-18;35964;20968;41;0;0;8441475;4224839;1343;2;0
FR;1;2021-04-19;163755;121594;432;0;0;8605230;4346433;1775;2;0
FR;1;2021-04-20;189433;149383;531;0;0;8794663;4495816;2306;2;0
FR;1;2021-04-21;194005;147271;759;0;0;8988668;4643087;3065;2;0
FR;1;2021-04-22;209040;163993;777;0;0;9197708;4807080;3842;2;0
FR;1;2021-04-23;198960;157585;671;0;0;9396668;4964665;4513;2;0
FR;1;2021-04-24;126334;95697;148;0;0;9523002;5060362;4661;2;0
FR;1;2021-04-25;53631;30036;46;0;0;9576633;5090398;4707;2;0
FR;1;2021-04-26;181149;139445;542;0;0;9757782;5229843;5249;2;0
FR;1;2021-04-27;221373;162286;900;0;0;9979155;5392129;6149;2;0
FR;1;2021-04-28;238300;155716;1314;1;1;10217455;5547845;7463;3;1
FR;1;2021-04-29;270293;161044;1211;0;0;10487748;5708889;8674;3;1
FR;1;2021-04-30;271998;148579;1071;0;0;10759746;5857468;9745;3;1
FR;1;2021-05-01;141152;40594;173;0;0;10900898;5898062;9918;3;1
FR;1;2021-05-02;81550;28153;81;0;0;10982448;5926215;9999;3;1
FR;1;2021-05-03;250787;143753;803;0;0;11233235;6069968;10802;3;1
FR;1;2021-05-04;265882;187478;1200;0;0;11499117;6257446;12002;3;1
FR;1;2021-05-05;283883;185596;1267;0;0;11783000;6443042;13269;3;1
FR;1;2021-05-06;309970;183923;1501;0;0;12092970;6626965;14770;3;1
FR;1;2021-05-07;284104;196117;1126;0;0;12377074;6823082;15896;3;1
FR;1;2021-05-08;191661;50412;285;0;0;12568735;6873494;16181;3;1
FR;1;2021-05-09;114055;34969;236;0;0;12682790;6908463;16417;3;1
FR;1;2021-05-10;258212;194553;1186;0;0;12941002;7103016;17603;3;1
FR;1;2021-05-11;318890;210965;1465;0;0;13259892;7313981;19068;3;1
FR;1;2021-05-12;356630;185873;1399;0;0;13616522;7499854;20467;3;1
FR;1;2021-05-13;283448;47469;401;0;0;13899970;7547323;20868;3;1
FR;1;2021-05-14;370501;128521;994;0;0;14270471;7675844;21862;3;1
FR;1;2021-05-15;298091;66140;403;0;0;14568562;7741984;22265;3;1
FR;1;2021-05-16;157777;15487;158;0;0;14726339;7757471;22423;3;1
FR;1;2021-05-17;318932;116166;1441;0;0;15045271;7873637;23864;3;1
FR;1;2021-05-18;383335;111419;1799;0;0;15428606;7985056;25663;3;1
FR;1;2021-05-19;395270;102007;2183;0;0;15823876;8087063;27846;3;1
FR;1;2021-05-20;421808;95877;2048;0;0;16245684;8182940;29894;3;1
FR;1;2021-05-21;399805;97279;1764;0;0;16645489;8280219;31658;3;1
FR;1;2021-05-22;275688;41909;602;0;0;16921177;8322128;32260;3;1
FR;1;2021-05-23;123013;11027;224;0;0;17044190;8333155;32484;3;1
FR;1;2021-05-24;244011;26249;569;0;0;17288201;8359404;33053;3;1
FR;1;2021-05-25;366224;131554;2114;1;0;17654425;8490958;35167;4;1
FR;1;2021-05-26;380815;126672;1993;0;0;18035240;8617630;37160;4;1
FR;1;2021-05-27;406150;128113;1977;0;0;18441390;8745743;39137;4;1
FR;1;2021-05-28;366029;145423;1700;0;0;18807419;8891166;40837;4;1
FR;1;2021-05-29;253829;80974;527;0;0;19061248;8972140;41364;4;1
FR;1;2021-05-30;100974;22575;157;0;0;19162222;8994715;41521;4;1
FR;1;2021-05-31;314317;148953;1282;1;1;19476539;9143668;42803;5;2
FR;1;2021-06-01;361631;166552;1727;1;1;19838170;9310220;44530;6;3
FR;1;2021-06-02;365390;153838;1796;0;0;20203560;9464058;46326;6;3
FR;1;2021-06-03;391422;147472;1653;0;0;20594982;9611530;47979;6;3
FR;1;2021-06-04;364116;175666;1495;1;1;20959098;9787196;49474;7;4
FR;1;2021-06-05;258510;112712;596;0;0;21217608;9899908;50070;7;4
FR;1;2021-06-06;126809;37543;215;0;0;21344417;9937451;50285;7;4
FR;1;2021-06-07;301105;207788;1365;0;0;21645522;10145239;51650;7;4
FR;1;2021-06-08;330840;220861;1642;0;0;21976362;10366100;53292;7;4
FR;1;2021-06-09;336585;211631;1612;0;0;22312947;10577731;54904;7;4
FR;1;2021-06-10;343893;201160;1613;0;0;22656840;10778891;56517;7;4
FR;1;2021-06-11;311897;234859;1299;1;0;22968737;11013750;57816;8;4
FR;1;2021-06-12;244079;150625;436;0;0;23212816;11164375;58252;8;4
FR;1;2021-06-13;100368;61000;188;0;0;23313184;11225375;58440;8;4
FR;1;2021-06-14;207847;288029;1318;1;0;23521031;11513404;59758;9;4
FR;1;2021-06-15;256858;281600;1397;1;0;23777889;11795004;61155;10;4
FR;1;2021-06-16;273649;270579;1263;1;0;24051538;12065583;62418;11;4
FR;1;2021-06-17;268218;244878;1236;1;0;24319756;12310461;63654;12;4
FR;1;2021-06-18;260599;295442;1153;1;0;24580355;12605903;64807;13;4
FR;1;2021-06-19;193452;209506;388;0;0;24773807;12815409;65195;13;4
FR;1;2021-06-20;69709;89100;120;0;0;24843516;12904509;65315;13;4
FR;1;2021-06-21;172372;319731;933;1;1;25015888;13224240;66248;14;5
FR;1;2021-06-22;185867;347902;1101;10;1;25201755;13572142;67349;24;6
FR;1;2021-06-23;204201;339520;1049;0;0;25405956;13911662;68398;24;6
FR;1;2021-06-24;203530;282053;1174;0;0;25609486;14193715;69572;24;6
FR;1;2021-06-25;182665;371769;1198;0;0;25792151;14565484;70770;24;6
FR;1;2021-06-26;131395;278400;504;0;0;25923546;14843884;71274;24;6
FR;1;2021-06-27;52407;122899;145;0;0;25975953;14966783;71419;24;6
FR;1;2021-06-28;136656;368209;1064;0;0;26112609;15334992;72483;24;6
FR;1;2021-06-29;154894;390948;1848;0;0;26267503;15725940;74331;24;6
FR;1;2021-06-30;180055;381933;1666;4;2;26447558;16107873;75997;28;8
FR;1;2021-07-01;201475;332323;1887;5;1;26649033;16440196;77884;33;9
FR;1;2021-07-02;193884;367453;1765;5;2;26842917;16807649;79649;38;11
FR;1;2021-07-03;124476;280424;704;3;1;26967393;17088073;80353;41;12
FR;1;2021-07-04;53964;113699;244;0;0;27021357;17201772;80597;41;12
FR;1;2021-07-05;153960;355917;1500;8;2;27175317;17557689;82097;49;14
FR;1;2021-07-06;173505;382365;1603;45;8;27348822;17940054;83700;94;22
FR;1;2021-07-07;190833;362484;1658;25;4;27539655;18302538;85358;119;26
FR;1;2021-07-08;201566;323071;1826;20;6;27741221;18625609;87184;139;32
FR;1;2021-07-09;189977;387799;1854;3;2;27931198;19013408;89038;142;34
FR;1;2021-07-10;129952;281159;816;1;1;28061150;19294567;89854;143;35
FR;1;2021-07-11;57678;102527;262;0;0;28118828;19397094;90116;143;35
FR;1;2021-07-12;149913;416928;1584;4;0;28268741;19814022;91700;147;35
FR;1;2021-07-13;234276;439248;1806;8;1;28503017;20253270;93506;155;36
FR;1;2021-07-14;171920;151427;418;0;0;28674937;20404697;93924;155;36
FR;1;2021-07-15;279682;424463;1858;1;0;28954619;20829160;95782;156;36
FR;1;2021-07-16;290436;400866;1711;3;1;29245055;21230026;97493;159;37
FR;1;2021-07-17;217340;282038;755;1;0;29462395;21512064;98248;160;37
FR;1;2021-07-18;102001;107226;288;0;0;29564396;21619290;98536;160;37
FR;1;2021-07-19;238206;378715;1497;3;0;29802602;21998005;100033;163;37
FR;1;2021-07-20;305755;380193;1469;0;0;30108357;22378198;101502;163;37
FR;1;2021-07-21;333278;352985;1412;4;2;30441635;22731183;102914;167;39
FR;1;2021-07-22;364675;318813;1502;3;2;30806310;23049996;104416;170;41
FR;1;2021-07-23;349399;343145;1588;4;1;31155709;23393141;106004;174;42
FR;1;2021-07-24;238960;240819;697;1;0;31394669;23633960;106701;175;42
FR;1;2021-07-25;112800;76019;223;0;0;31507469;23709979;106924;175;42
FR;1;2021-07-26;299138;289593;1495;2;2;31806607;23999572;108419;177;44
FR;1;2021-07-27;385833;268155;1458;4;2;32192440;24267727;109877;181;46
FR;1;2021-07-28;390199;251084;1462;4;1;32582639;24518811;111339;185;47
FR;1;2021-07-29;406134;227869;1540;2;0;32988773;24746680;112879;187;47
FR;1;2021-07-30;370739;246689;1638;4;1;33359512;24993369;114517;191;48
FR;1;2021-07-31;243383;165111;793;1;0;33602895;25158480;115310;192;48
FR;1;2021-08-01;105589;47210;233;0;0;33708484;25205690;115543;192;48
FR;1;2021-08-02;297402;212946;1479;2;0;34005886;25418636;117022;194;48
FR;1;2021-08-03;331333;208854;1557;2;1;34337219;25627490;118579;196;49
FR;1;2021-08-04;328032;184002;1439;5;3;34665251;25811492;120018;201;52
FR;1;2021-08-05;301279;193271;1482;0;0;34966530;26004763;121500;201;52
FR;1;2021-08-06;290980;224265;1560;3;1;35257510;26229028;123060;204;53
FR;1;2021-08-07;182662;158794;654;5;2;35440172;26387822;123714;209;55
FR;1;2021-08-08;68887;59105;252;0;0;35509059;26446927;123966;209;55
FR;1;2021-08-09;222785;235407;1444;4;3;35731844;26682334;125410;213;58
FR;1;2021-08-10;252738;240120;1492;2;1;35984582;26922454;126902;215;59
FR;1;2021-08-11;236231;231926;1271;5;1;36220813;27154380;128173;220;60
FR;1;2021-08-12;220782;239917;1487;3;0;36441595;27394297;129660;223;60
FR;1;2021-08-13;201720;238586;1360;2;2;36643315;27632883;131020;225;62
FR;1;2021-08-14;122861;174060;646;0;0;36766176;27806943;131666;225;62
FR;1;2021-08-15;34703;46123;200;1;0;36800879;27853066;131866;226;62
FR;1;2021-08-16;156962;289521;1423;0;0;36957841;28142587;133289;226;62
FR;1;2021-08-17;171612;291166;1422;5;0;37129453;28433753;134711;231;62
FR;1;2021-08-18;161431;286822;1392;6;3;37290884;28720575;136103;237;65
FR;1;2021-08-19;148947;277543;1403;1;0;37439831;28998118;137506;238;65
FR;1;2021-08-20;140507;309056;1532;2;2;37580338;29307174;139038;240;67
FR;1;2021-08-21;84275;213210;589;0;0;37664613;29520384;139627;240;67
FR;1;2021-08-22;28580;82692;233;0;0;37693193;29603076;139860;240;67
FR;1;2021-08-23;118661;321029;1422;2;1;37811854;29924105;141282;242;68
FR;1;2021-08-24;126664;319740;1603;5;1;37938518;30243845;142885;247;69
FR;1;2021-08-25;121527;306506;1779;8;2;38060045;30550351;144664;255;71
FR;1;2021-08-26;106630;286120;2161;10;0;38166675;30836471;146825;265;71
FR;1;2021-08-27;107654;321666;2301;9;3;38274329;31158137;149126;274;74
FR;1;2021-08-28;71020;220699;1101;0;0;38345349;31378836;150227;274;74
FR;1;2021-08-29;24151;78191;469;1;0;38369500;31457027;150696;275;74
FR;1;2021-08-30;96894;286356;4312;6;5006;38466394;31743383;155008;281;5080
FR;1;2021-08-31;98116;276302;9294;15;10098;38564510;32019685;164302;296;15178
FR;1;2021-09-01;112345;245326;21118;7;22133;38676855;32265011;185420;303;37311
FR;1;2021-09-02;86770;197942;24528;18;25504;38763625;32462953;209948;321;62815
FR;1;2021-09-03;82421;227539;26953;21;28026;38846046;32690492;236901;342;90841
FR;1;2021-09-04;71630;189719;11141;11;11691;38917676;32880211;248042;353;102532
FR;1;2021-09-05;18613;41157;4124;2;4278;38936289;32921368;252166;355;106810
FR;1;2021-09-06;59808;151486;30181;15;31197;38996097;33072854;282347;370;138007
FR;1;2021-09-07;57394;139679;30209;30;31212;39053491;33212533;312556;400;169219
FR;1;2021-09-08;72339;173799;26925;22;27924;39125830;33386332;339481;422;197143
FR;1;2021-09-09;54483;124478;28621;24;29708;39180313;33510810;368102;446;226851
FR;1;2021-09-10;66214;152094;30449;24;31648;39246527;33662904;398551;470;258499
FR;1;2021-09-11;52687;146632;9729;14;10341;39299214;33809536;408280;484;268840
FR;1;2021-09-12;10796;29273;2485;1;2648;39310010;33838809;410765;485;271488
FR;1;2021-09-13;51507;104473;38744;31;40026;39361517;33943282;449509;516;311514
FR;1;2021-09-14;53340;96031;51277;67;53142;39414857;34039313;500786;583;364656
FR;1;2021-09-15;60569;139267;50491;55;47046;39475426;34178580;551277;638;411702
FR;1;2021-09-16;46632;81414;53344;70;49578;39522058;34259994;604621;708;461280
FR;1;2021-09-17;53220;109349;45068;61;42676;39575278;34369343;649689;769;503956
FR;1;2021-09-18;37876;118497;11796;19;11274;39613154;34487840;661485;788;515230
FR;1;2021-09-19;6531;21040;2040;1;1983;39619685;34508880;663525;789;517213
FR;1;2021-09-20;36535;74878;46226;65;44177;39656220;34583758;709751;854;561390
FR;1;2021-09-21;34187;68137;56259;70;52704;39690407;34651895;766010;924;614094
FR;1;2021-09-22;38826;118614;49871;76;46896;39729233;34770509;815881;1000;660990
FR;1;2021-09-23;32023;62919;54498;85;50890;39761256;34833428;870379;1085;711880
FR;1;2021-09-24;36782;90058;43665;89;41927;39798038;34923486;914044;1174;753807
FR;1;2021-09-25;27647;96702;12305;27;12180;39825685;35020188;926349;1201;765987
FR;1;2021-09-26;4378;15195;1774;5;1696;39830063;35035383;928123;1206;767683
FR;1;2021-09-27;27349;60228;42911;89;41632;39857412;35095611;971034;1295;809315
FR;1;2021-09-28;26911;49454;47191;75;44457;39884323;35145065;1018225;1370;853772
FR;1;2021-09-29;35922;80334;47275;87;45582;39920245;35225399;1065500;1457;899354
FR;1;2021-09-30;26072;46895;47523;81;45445;39946317;35272294;1113023;1538;944799
FR;1;2021-10-01;47294;66959;44889;83;44589;39993611;35339253;1157912;1621;989388
FR;1;2021-10-02;32383;62417;16112;32;16317;40025994;35401670;1174024;1653;1005705
FR;1;2021-10-03;4342;8562;2039;3;2033;40030336;35410232;1176063;1656;1007738
FR;1;2021-10-04;28970;44444;47102;79;46957;40059306;35454676;1223165;1735;1054695
FR;1;2021-10-05;24565;41664;49881;116;49310;40083871;35496340;1273046;1851;1104005
FR;1;2021-10-06;34651;61405;57497;102;57229;40118522;35557745;1330543;1953;1161234
FR;1;2021-10-07;21077;39910;53040;75;51961;40139599;35597655;1383583;2028;1213195
FR;1;2021-10-08;35659;59664;60394;83;61132;40175258;35657319;1443977;2111;1274327
FR;1;2021-10-09;27463;48015;25495;29;26017;40202721;35705334;1469472;2140;1300344
FR;1;2021-10-10;3722;5812;2753;7;2860;40206443;35711146;1472225;2147;1303204
FR;1;2021-10-11;24852;38247;54582;88;55253;40231295;35749393;1526807;2235;1358457
FR;1;2021-10-12;23374;36596;58067;127;59192;40254669;35785989;1584874;2362;1417649
FR;1;2021-10-13;32960;47844;64166;124;65678;40287629;35833833;1649040;2486;1483327
FR;1;2021-10-14;21711;34797;53759;103;54345;40309340;35868630;1702799;2589;1537672
FR;1;2021-10-15;32747;48802;72325;165;74996;40342087;35917432;1775124;2754;1612668
FR;1;2021-10-16;26008;35302;34866;44;36410;40368095;35952734;1809990;2798;1649078
FR;1;2021-10-17;3108;4052;3411;2;3315;40371203;35956786;1813401;2800;1652393
FR;1;2021-10-18;24258;34892;66831;131;69701;40395461;35991678;1880232;2931;1722094
FR;1;2021-10-19;20685;35580;75655;135;79559;40416146;36027258;1955887;3066;1801653
FR;1;2021-10-20;29882;44237;96174;178;99848;40446028;36071495;2052061;3244;1901501
FR;1;2021-10-21;19777;35063;83174;107;87017;40465805;36106558;2135235;3351;1988518
FR;1;2021-10-22;29729;47792;103735;196;109681;40495534;36154350;2238970;3547;2098199
FR;1;2021-10-23;23031;35144;44867;57;47375;40518565;36189494;2283837;3604;2145574
FR;1;2021-10-24;2381;3843;3582;6;3723;40520946;36193337;2287419;3610;2149297
FR;1;2021-10-25;22482;30765;82016;143;85806;40543428;36224102;2369435;3753;2235103
FR;1;2021-10-26;19332;27685;86102;162;90324;40562760;36251787;2455537;3915;2325427
FR;1;2021-10-27;26191;39646;107802;252;112693;40588951;36291433;2563339;4167;2438120
FR;1;2021-10-28;18779;27145;86949;150;91687;40607730;36318578;2650288;4317;2529807
FR;1;2021-10-29;25926;40283;114822;201;121617;40633656;36358861;2765110;4518;2651424
FR;1;2021-10-30;17693;28723;49361;74;51950;40651349;36387584;2814471;4592;2703374
FR;1;2021-10-31;2060;3174;3449;2;3685;40653409;36390758;2817920;4594;2707059
FR;1;2021-11-01;7982;4265;3027;3;3285;40661391;36395023;2820947;4597;2710344
FR;1;2021-11-02;22883;33243;92392;156;97814;40684274;36428266;2913339;4753;2808158
FR;1;2021-11-03;26604;41600;117499;215;123860;40710878;36469866;3030838;4968;2932018
FR;1;2021-11-04;19599;30335;105801;213;111929;40730477;36500201;3136639;5181;3043947
FR;1;2021-11-05;27008;42345;138771;229;147418;40757485;36542546;3275410;5410;3191365
FR;1;2021-11-06;18847;29832;63479;123;66486;40776332;36572378;3338889;5533;3257851
FR;1;2021-11-07;1810;3289;4974;6;5302;40778142;36575667;3343863;5539;3263153
FR;1;2021-11-08;17845;32278;125995;224;132618;40795987;36607945;3469858;5763;3395771
FR;1;2021-11-09;19486;37666;159289;334;169072;40815473;36645611;3629147;6097;3564843
FR;1;2021-11-10;28865;49166;181892;440;192499;40844338;36694777;3811039;6537;3757342
FR;1;2021-11-11;4170;5945;12225;26;13017;40848508;36700722;3823264;6563;3770359
FR;1;2021-11-12;26009;46880;174807;244;186471;40874517;36747602;3998071;6807;3956830
FR;1;2021-11-13;18729;29175;76828;111;81768;40893246;36776777;4074899;6918;4038598
FR;1;2021-11-14;2043;3262;6819;5;7357;40895289;36780039;4081718;6923;4045955
FR;1;2021-11-15;18758;34822;156412;304;166233;40914047;36814861;4238130;7227;4212188
FR;1;2021-11-16;21348;37933;192111;379;204976;40935395;36852794;4430241;7606;4417164
FR;1;2021-11-17;28646;45628;193218;398;205017;40964041;36898422;4623459;8004;4622181
FR;1;2021-11-18;21128;39564;182486;458;194536;40985169;36937986;4805945;8462;4816717
FR;1;2021-11-19;30876;53405;230234;532;246700;41016045;36991391;5036179;8994;5063417
FR;1;2021-11-20;23759;33246;96982;201;103611;41039804;37024637;5133161;9195;5167028
FR;1;2021-11-21;2328;3928;9111;19;9938;41042132;37028565;5142272;9214;5176966
FR;1;2021-11-22;21409;30413;175891;465;189425;41063541;37058978;5318163;9679;5366391
FR;1;2021-11-23;24015;41062;221177;540;237909;41087556;37100040;5539340;10219;5604300
FR;1;2021-11-24;30284;49749;217332;701;234491;41117840;37149789;5756672;10920;5838791
FR;1;2021-11-25;23719;44110;244459;718;264115;41141559;37193899;6001131;11638;6102906
FR;1;2021-11-26;30624;66759;356792;835;388521;41172183;37260658;6357923;12473;6491427
FR;1;2021-11-27;21945;45356;202613;371;222617;41194128;37306014;6560536;12844;6714044
FR;1;2021-11-28;3168;9613;54783;63;61015;41197296;37315627;6615319;12907;6775059
FR;1;2021-11-29;17880;49549;326363;840;354435;41215176;37365176;6941682;13747;7129494
FR;1;2021-11-30;22786;64959;431123;952;470747;41237962;37430135;7372805;14699;7600241
FR;1;2021-12-01;25338;69311;442869;1130;481737;41263300;37499446;7815674;15829;8081978
FR;1;2021-12-02;20067;64574;489369;1228;532874;41283367;37564020;8305043;17057;8614852
FR;1;2021-12-03;22898;82572;542757;1309;591765;41306265;37646592;8847800;18366;9206617
FR;1;2021-12-04;16395;53944;299082;652;328929;41322660;37700536;9146882;19018;9535546
FR;1;2021-12-05;3633;13854;81521;143;91051;41326293;37714390;9228403;19161;9626597
FR;1;2021-12-06;25818;62666;415424;1065;455159;41352111;37777056;9643827;20226;10081756
FR;1;2021-12-07;19999;75651;522946;1535;572544;41372110;37852707;10166773;21761;10654300
FR;1;2021-12-08;21700;75769;458383;1544;502094;41393810;37928476;10625156;23305;11156394
FR;1;2021-12-09;19445;74086;492908;1625;540844;41413255;38002562;11118064;24930;11697238
FR;1;2021-12-10;23304;87744;547376;1585;600010;41436559;38090306;11665440;26515;12297248
FR;1;2021-12-11;16534;59231;302737;749;335481;41453093;38149537;11968177;27264;12632729
FR;1;2021-12-12;4371;15959;83211;179;94044;41457464;38165496;12051388;27443;12726773
FR;1;2021-12-13;15750;63652;366956;1094;406239;41473214;38229148;12418344;28537;13133012
FR;1;2021-12-14;20853;80377;464729;1746;515195;41494067;38309525;12883073;30283;13648207
FR;1;2021-12-15;21606;77531;409058;1309;453128;41515673;38387056;13292131;31592;14101335
FR;1;2021-12-16;20040;77365;451839;1578;500601;41535713;38464421;13743970;33170;14601936
FR;1;2021-12-17;22612;86654;479917;1735;530962;41558325;38551075;14223887;34905;15132898
FR;1;2021-12-18;17600;54697;257607;730;288511;41575925;38605772;14481494;35635;15421409
FR;1;2021-12-19;5549;17028;79171;194;90709;41581474;38622800;14560665;35829;15512118
FR;1;2021-12-20;20932;63167;316221;1080;355298;41602406;38685967;14876886;36909;15867416
FR;1;2021-12-21;26325;73124;372724;1423;418076;41628731;38759091;15249610;38332;16285492
FR;1;2021-12-22;24977;65925;310618;1216;349592;41653708;38825016;15560228;39548;16635084
FR;1;2021-12-23;21268;52317;241479;956;273035;41674976;38877333;15801707;40504;16908119
FR;1;2021-12-24;7123;18350;67152;258;77064;41682099;38895683;15868859;40762;16985183
FR;1;2021-12-25;506;2873;5584;15;6538;41682605;38898556;15874443;40777;16991721
FR;1;2021-12-26;2748;7591;26934;71;31456;41685353;38906147;15901377;40848;17023177
FR;1;2021-12-27;18305;53591;235103;705;265758;41703658;38959738;16136480;41553;17288935
FR;1;2021-12-28;23295;62043;292029;1026;330211;41726953;39021781;16428509;42579;17619146
FR;1;2021-12-29;22215;55562;254988;920;288211;41749168;39077343;16683497;43499;17907357
FR;1;2021-12-30;21239;46563;212155;858;239630;41770407;39123906;16895652;44357;18146987
FR;1;2021-12-31;7465;16599;61867;229;70407;41777872;39140505;16957519;44586;18217394
FR;1;2022-01-01;1146;2486;5656;30;6574;41779018;39142991;16963175;44616;18223968
FR;1;2022-01-02;3081;8060;28889;50;33523;41782099;39151051;16992064;44666;18257491
FR;1;2022-01-03;24370;54274;228227;786;257697;41806469;39205325;17220291;45452;18515188
FR;1;2022-01-04;26043;65104;299247;1238;337287;41832512;39270429;17519538;46690;18852475
FR;1;2022-01-05;30434;64358;274867;1099;310235;41862946;39334787;17794405;47789;19162710
FR;1;2022-01-06;26809;66269;306878;1399;346525;41889755;39401056;18101283;49188;19509235
FR;1;2022-01-07;31558;75086;349828;1538;393978;41921313;39476142;18451111;50726;19903213
FR;1;2022-01-08;23386;51396;222488;698;251112;41944699;39527538;18673599;51424;20154325
FR;1;2022-01-09;7088;17148;66023;163;76142;41951787;39544686;18739622;51587;20230467
FR;1;2022-01-10;21775;60720;236795;954;267629;41973562;39605406;18976417;52541;20498096
FR;1;2022-01-11;26756;63520;282279;1277;317810;42000318;39668926;19258696;53818;20815906
FR;1;2022-01-12;28929;62549;246247;1105;278027;42029247;39731475;19504943;54923;21093933
FR;1;2022-01-13;24756;60249;262791;1253;296125;42054003;39791724;19767734;56176;21390058
FR;1;2022-01-14;27963;66780;313994;1366;351261;42081966;39858504;20081728;57542;21741319
FR;1;2022-01-15;19359;44443;199306;619;223860;42101325;39902947;20281034;58161;21965179
FR;1;2022-01-16;5156;12996;51526;135;59567;42106481;39915943;20332560;58296;22024746
FR;1;2022-01-17;16858;39749;184820;781;206843;42123339;39955692;20517380;59077;22231589
FR;1;2022-01-18;19447;46001;212414;1154;237040;42142786;40001693;20729794;60231;22468629
FR;1;2022-01-19;20300;44006;176102;897;197192;42163086;40045699;20905896;61128;22665821
FR;1;2022-01-20;16835;40632;183670;1137;204743;42179921;40086331;21089566;62265;22870564
FR;1;2022-01-21;19911;47101;228943;1405;253345;42199832;40133432;21318509;63670;23123909
FR;1;2022-01-22;13841;33361;144492;578;161386;42213673;40166793;21463001;64248;23285295
FR;1;2022-01-23;3371;8776;33425;132;38321;42217044;40175569;21496426;64380;23323616
FR;1;2022-01-24;11804;32987;142207;709;158252;42228848;40208556;21638633;65089;23481868
FR;1;2022-01-25;14209;38238;163396;1047;181564;42243057;40246794;21802029;66136;23663432
FR;1;2022-01-26;14860;37677;150249;932;166350;42257917;40284471;21952278;67068;23829782
FR;1;2022-01-27;12332;33260;143450;889;157987;42270249;40317731;22095728;67957;23987769
FR;1;2022-01-28;16319;56822;198309;1143;222422;42286568;40374553;22294037;69100;24210191
FR;1;2022-01-29;10268;35500;135203;524;151546;42296836;40410053;22429240;69624;24361737
FR;1;2022-01-30;2482;9277;29681;86;34462;42299318;40419330;22458921;69710;24396199
FR;1;2022-01-31;8758;32506;104336;533;117384;42308076;40451836;22563257;70243;24513583
FR;1;2022-02-01;10966;36517;127069;864;141261;42319042;40488353;22690326;71107;24654844
FR;1;2022-02-02;11970;41630;130345;782;145847;42331012;40529983;22820671;71889;24800691
FR;1;2022-02-03;9233;34031;117007;784;130358;42340245;40564014;22937678;72673;24931049
FR;1;2022-02-04;11519;48194;172577;967;192776;42351764;40612208;23110255;73640;25123825
FR;1;2022-02-05;7995;33957;117579;391;133051;42359759;40646165;23227834;74031;25256876
FR;1;2022-02-06;1704;8011;22750;85;26912;42361463;40654176;23250584;74116;25283788
FR;1;2022-02-07;7308;35435;119080;457;134965;42368771;40689611;23369664;74573;25418753
FR;1;2022-02-08;7753;31934;125638;693;140625;42376524;40721545;23495302;75266;25559378
FR;1;2022-02-09;8651;36513;135246;697;152491;42385175;40758058;23630548;75963;25711869
FR;1;2022-02-10;7019;30032;116369;674;130155;42392194;40788090;23746917;76637;25842024
FR;1;2022-02-11;8653;41532;165135;878;185358;42400847;40829622;23912052;77515;26027382
FR;1;2022-02-12;5325;27602;106702;379;120887;42406172;40857224;24018754;77894;26148269
FR;1;2022-02-13;1230;5717;21717;66;25333;42407402;40862941;24040471;77960;26173602
FR;1;2022-02-14;5453;27209;118075;392;133102;42412855;40890150;24158546;78352;26306704
FR;1;2022-02-15;5778;28847;118916;610;132548;42418633;40918997;24277462;78962;26439252
FR;1;2022-02-16;5751;28473;110415;596;123047;42424384;40947470;24387877;79558;26562299
FR;1;2022-02-17;4608;19721;73136;487;80241;42428992;40967191;24461013;80045;26642540
FR;1;2022-02-18;5605;26778;99197;670;108156;42434597;40993969;24560210;80715;26750696
FR;1;2022-02-19;3550;17173;59474;304;66055;42438147;41011142;24619684;81019;26816751
FR;1;2022-02-20;789;3252;10705;36;12332;42438936;41014394;24630389;81055;26829083
FR;1;2022-02-21;3422;14585;52823;286;57669;42442358;41028979;24683212;81341;26886752
FR;1;2022-02-22;3789;15529;51911;500;55648;42446147;41044508;24735123;81841;26942400
FR;1;2022-02-23;4230;17808;57469;508;62570;42450377;41062316;24792592;82349;27004970
FR;1;2022-02-24;3341;13052;43612;436;46401;42453718;41075368;24836204;82785;27051371
FR;1;2022-02-25;4470;19873;64920;696;68790;42458188;41095241;24901124;83481;27120161
FR;1;2022-02-26;2693;12799;41368;310;45121;42460881;41108040;24942492;83791;27165282
FR;1;2022-02-27;644;2188;7127;42;7992;42461525;41110228;24949619;83833;27173274
FR;1;2022-02-28;2612;10475;34954;306;37379;42464137;41120703;24984573;84139;27210653
FR;1;2022-03-01;3528;10747;38695;390;39650;42467665;41131450;25023268;84529;27250303
FR;1;2022-03-02;3657;12176;41852;397;43922;42471322;41143626;25065120;84926;27294225
FR;1;2022-03-03;2450;7966;26174;326;26512;42473772;41151592;25091294;85252;27320737
FR;1;2022-03-04;2685;10443;35429;590;34923;42476457;41162035;25126723;85842;27355660
FR;1;2022-03-05;1819;6357;21963;277;22359;42478276;41168392;25148686;86119;27378019
FR;1;2022-03-06;358;955;2916;38;3119;42478634;41169347;25151602;86157;27381138
FR;1;2022-03-07;1737;4711;16433;245;15900;42480371;41174058;25168035;86402;27397038
FR;1;2022-03-08;1670;5252;17166;308;15993;42482041;41179310;25185201;86710;27413031
FR;1;2022-03-09;1977;6678;19804;368;19164;42484018;41185988;25205005;87078;27432195
FR;1;2022-03-10;1403;4958;15274;307;14312;42485421;41190946;25220279;87385;27446507
FR;1;2022-03-11;1752;6396;21702;483;19855;42487173;41197342;25241981;87868;27466362
FR;1;2022-03-12;1238;4649;15359;280;14909;42488411;41201991;25257340;88148;27481271
FR;1;2022-03-13;245;610;2119;119;2064;42488656;41202601;25259459;88267;27483335
FR;1;2022-03-14;1139;3673;13399;3879;12521;42489795;41206274;25272858;92146;27495856
FR;1;2022-03-15;1386;5725;14650;6862;13246;42491181;41211999;25287508;99008;27509102
FR;1;2022-03-16;1684;5067;17391;11517;16454;42492865;41217066;25304899;110525;27525556
FR;1;2022-03-17;1170;3430;11721;9648;10819;42494035;41220496;25316620;120173;27536375
FR;1;2022-03-18;1724;4923;17962;16502;16400;42495759;41225419;25334582;136675;27552775
FR;1;2022-03-19;1121;3298;11889;8455;11357;42496880;41228717;25346471;145130;27564132
FR;1;2022-03-20;224;558;1724;1014;1758;42497104;41229275;25348195;146144;27565890
FR;1;2022-03-21;1086;2759;11492;13448;10840;42498190;41232034;25359687;159592;27576730
FR;1;2022-03-22;1228;3205;12253;18700;11243;42499418;41235239;25371940;178292;27587973
FR;1;2022-03-23;1501;4339;16024;20110;15707;42500919;41239578;25387964;198402;27603680
FR;1;2022-03-24;1112;2748;10391;16049;9653;42502031;41242326;25398355;214451;27613333
FR;1;2022-03-25;1533;4351;16739;25299;15392;42503564;41246677;25415094;239750;27628725
FR;1;2022-03-26;1107;3011;10854;11450;10515;42504671;41249688;25425948;251200;27639240
FR;1;2022-03-27;233;543;1749;1381;1802;42504904;41250231;25427697;252581;27641042
FR;1;2022-03-28;1079;2482;9973;15883;9596;42505983;41252713;25437670;268464;27650638
FR;1;2022-03-29;1139;2738;11550;25087;10913;42507122;41255451;25449220;293551;27661551
FR;1;2022-03-30;1625;3582;14164;24170;13695;42508747;41259033;25463384;317721;27675246
FR;1;2022-03-31;1278;3009;11687;22630;11195;42510025;41262042;25475071;340351;27686441
FR;1;2022-04-01;2228;4017;18459;28507;17330;42512253;41266059;25493530;368858;27703771
FR;1;2022-04-02;908;1880;8189;9220;7936;42513161;41267939;25501719;378078;27711707
FR;1;2022-04-03;200;379;1432;1056;1433;42513361;41268318;25503151;379134;27713140
FR;1;2022-04-04;1809;2454;11363;17657;10752;42515170;41270772;25514514;396791;27723892
FR;1;2022-04-05;1610;2691;12994;31171;12019;42516780;41273463;25527508;427962;27735911
FR;1;2022-04-06;1609;2973;12195;23913;11625;42518389;41276436;25539703;451875;27747536
FR;1;2022-04-07;1267;2699;12340;31055;11806;42519656;41279135;25552043;482930;27759342
FR;1;2022-04-08;1609;3606;17551;40576;16458;42521265;41282741;25569594;523506;27775800
FR;1;2022-04-09;817;1992;8403;12496;8101;42522082;41284733;25577997;536002;27783901
FR;1;2022-04-10;197;553;1834;1849;1878;42522279;41285286;25579831;537851;27785779
FR;1;2022-04-11;1057;2232;10963;22316;10673;42523336;41287518;25590794;560167;27796452
FR;1;2022-04-12;1298;2614;12816;38103;12303;42524634;41290132;25603610;598270;27808755
FR;1;2022-04-13;1252;2840;12267;30603;11996;42525886;41292972;25615877;628873;27820751
FR;1;2022-04-14;1219;2507;12083;33562;12087;42527105;41295479;25627960;662435;27832838
FR;1;2022-04-15;1481;2931;14389;33199;13765;42528586;41298410;25642349;695634;27846603
FR;1;2022-04-16;658;1403;5840;7985;5765;42529244;41299813;25648189;703619;27852368
FR;1;2022-04-17;155;277;929;1119;971;42529399;41300090;25649118;704738;27853339
FR;1;2022-04-18;164;464;2632;999;2656;42529563;41300554;25651750;705737;27855995
FR;1;2022-04-19;1233;2581;11776;27892;11507;42530796;41303135;25663526;733629;27867502
FR;1;2022-04-20;1332;2623;12171;26819;12009;42532128;41305758;25675697;760448;27879511
FR;1;2022-04-21;1235;2453;11527;33150;11708;42533363;41308211;25687224;793598;27891219
FR;1;2022-04-22;1510;3066;15200;35471;14783;42534873;41311277;25702424;829069;27906002
FR;1;2022-04-23;760;1579;6730;9889;6636;42535633;41312856;25709154;838958;27912638
FR;1;2022-04-24;196;371;1373;1520;1326;42535829;41313227;25710527;840478;27913964
FR;1;2022-04-25;1035;2125;9849;19688;9749;42536864;41315352;25720376;860166;27923713
FR;1;2022-04-26;1343;2616;12590;36541;12195;42538207;41317968;25732966;896707;27935908
FR;1;2022-04-27;1323;2403;10642;29165;10779;42539530;41320371;25743608;925872;27946687
FR;1;2022-04-28;1277;2383;11559;34239;11399;42540807;41322754;25755167;960111;27958086
FR;1;2022-04-29;1611;3815;14393;35495;13831;42542418;41326569;25769560;995606;27971917
FR;1;2022-04-30;827;1553;6447;9162;6289;42543245;41328122;25776007;1004768;27978206
FR;1;2022-05-01;176;284;829;947;822;42543421;41328406;25776836;1005715;27979028
FR;1;2022-05-02;1567;2579;10370;16903;10279;42544988;41330985;25787206;1022618;27989307
FR;1;2022-05-03;1505;2843;12702;32877;12594;42546493;41333828;25799908;1055495;28001901
FR;1;2022-05-04;1346;2719;11224;23798;11381;42547839;41336547;25811132;1079293;28013282
FR;1;2022-05-05;1457;2586;12169;31792;12094;42549296;41339133;25823301;1111085;28025376
FR;1;2022-05-06;1809;3226;14222;34874;13789;42551105;41342359;25837523;1145959;28039165
FR;1;2022-05-07;852;1466;5974;9089;6008;42551957;41343825;25843497;1155048;28045173
FR;1;2022-05-08;189;327;1059;1470;1121;42552146;41344152;25844556;1156518;28046294
FR;1;2022-05-09;1109;2003;9241;19249;9154;42553255;41346155;25853797;1175767;28055448
FR;1;2022-05-10;1460;2770;12601;37028;12199;42554715;41348925;25866398;1212795;28067647
FR;1;2022-05-11;1427;2438;9904;26011;9849;42556142;41351363;25876302;1238806;28077496
FR;1;2022-05-12;1307;2398;10506;33530;10207;42557449;41353761;25886808;1272336;28087703
FR;1;2022-05-13;1600;2787;12754;35707;12400;42559049;41356548;25899562;1308043;28100103
FR;1;2022-05-14;778;1315;5480;10210;5364;42559827;41357863;25905042;1318253;28105467
FR;1;2022-05-15;220;413;1182;1349;1249;42560047;41358276;25906224;1319602;28106716
FR;1;2022-05-16;967;1762;8066;20061;8119;42561014;41360038;25914290;1339663;28114835
FR;1;2022-05-17;1285;2281;11112;36145;10719;42562299;41362319;25925402;1375808;28125554
FR;1;2022-05-18;1301;2114;9030;25695;8981;42563600;41364433;25934432;1401503;28134535
FR;1;2022-05-19;1193;2385;9841;33979;9935;42564793;41366818;25944273;1435482;28144470
FR;1;2022-05-20;1559;2746;12516;37622;12099;42566352;41369564;25956789;1473104;28156569
FR;1;2022-05-21;774;1372;5245;9373;5164;42567126;41370936;25962034;1482477;28161733
FR;1;2022-05-22;191;287;948;1392;948;42567317;41371223;25962982;1483869;28162681
FR;1;2022-05-23;967;1876;8368;19404;8344;42568284;41373099;25971350;1503273;28171025
FR;1;2022-05-24;1283;2442;10714;37212;10582;42569567;41375541;25982064;1540485;28181607
FR;1;2022-05-25;1268;2283;8789;23659;8949;42570835;41377824;25990853;1564144;28190556
FR;1;2022-05-26;167;369;1575;1147;1569;42571002;41378193;25992428;1565291;28192125
FR;1;2022-05-27;1104;2170;8776;20435;8526;42572106;41380363;26001204;1585726;28200651
FR;1;2022-05-28;481;1041;3684;6529;3722;42572587;41381404;26004888;1592255;28204373
FR;1;2022-05-29;119;257;706;890;717;42572706;41381661;26005594;1593145;28205090
FR;1;2022-05-30;828;1720;6556;18529;6585;42573534;41383381;26012150;1611674;28211675
FR;1;2022-05-31;1265;2211;9240;34361;9109;42574799;41385592;26021390;1646035;28220784
FR;1;2022-06-01;1300;2584;10431;23446;10293;42576099;41388176;26031821;1669481;28231077
FR;1;2022-06-02;1216;2301;10666;34114;10233;42577315;41390477;26042487;1703595;28241310
FR;1;2022-06-03;1435;2727;12690;37082;12111;42578750;41393204;26055177;1740677;28253421
FR;1;2022-06-04;679;1258;4744;8675;4822;42579429;41394462;26059921;1749352;28258243
FR;1;2022-06-05;129;286;808;1047;830;42579558;41394748;26060729;1750399;28259073
FR;1;2022-06-06;309;1056;2010;1182;2024;42579867;41395804;26062739;1751581;28261097
FR;1;2022-06-07;1138;2290;9175;34031;8835;42581005;41398094;26071914;1785612;28269932
FR;1;2022-06-08;1101;2225;8665;27533;8548;42582106;41400319;26080579;1813145;28278480
FR;1;2022-06-09;1059;2138;9975;37525;9658;42583165;41402457;26090554;1850670;28288138
FR;1;2022-06-10;1328;2557;12388;43087;11963;42584493;41405014;26102942;1893757;28300101
FR;1;2022-06-11;654;1442;5136;11080;5184;42585147;41406456;26108078;1904837;28305285
FR;1;2022-06-12;151;368;1013;1681;1069;42585298;41406824;26109091;1906518;28306354
FR;1;2022-06-13;900;1817;7006;22213;6862;42586198;41408641;26116097;1928731;28313216
FR;1;2022-06-14;1082;2164;9834;42815;9236;42587280;41410805;26125931;1971546;28322452
FR;1;2022-06-15;1066;1948;8772;29361;8451;42588346;41412753;26134703;2000907;28330903
FR;1;2022-06-16;930;1810;9390;38459;8867;42589276;41414563;26144093;2039366;28339770
FR;1;2022-06-17;1208;2535;11861;44763;11349;42590484;41417098;26155954;2084129;28351119
FR;1;2022-06-18;560;1262;4314;10543;4251;42591044;41418360;26160268;2094672;28355370
FR;1;2022-06-19;137;324;1002;1543;1081;42591181;41418684;26161270;2096215;28356451
FR;1;2022-06-20;855;1690;8489;25029;8152;42592036;41420374;26169759;2121244;28364603
FR;1;2022-06-21;1097;2129;9755;47734;8847;42593133;41422503;26179514;2168978;28373450
FR;1;2022-06-22;1023;2030;8430;37105;7939;42594156;41424533;26187944;2206083;28381389
FR;1;2022-06-23;1047;2154;10114;52772;9394;42595203;41426687;26198058;2258855;28390783
FR;1;2022-06-24;1246;2699;12904;65923;11688;42596449;41429386;26210962;2324778;28402471
FR;1;2022-06-25;680;1501;5922;18915;5704;42597129;41430887;26216884;2343693;28408175
FR;1;2022-06-26;166;403;1816;3492;1708;42597295;41431290;26218700;2347185;28409883
FR;1;2022-06-27;936;1762;9899;45957;9124;42598231;41433052;26228599;2393142;28419007
FR;1;2022-06-28;1203;2565;13827;86479;12392;42599434;41435617;26242426;2479621;28431399
FR;1;2022-06-29;1231;2280;11472;67349;10539;42600665;41437897;26253898;2546970;28441938
FR;1;2022-06-30;1277;2426;13505;89938;11813;42601942;41440323;26267403;2636908;28453751
FR;1;2022-07-01;1631;3464;20266;109174;17929;42603573;41443787;26287669;2746082;28471680
FR;1;2022-07-02;759;1521;8014;33766;7247;42604332;41445308;26295683;2779848;28478927
FR;1;2022-07-03;226;478;1939;6115;1754;42604558;41445786;26297622;2785963;28480681
FR;1;2022-07-04;1246;2785;13896;75385;12314;42605804;41448571;26311518;2861348;28492995
FR;1;2022-07-05;1406;2784;17663;126309;15117;42607210;41451355;26329181;2987657;28508112
FR;1;2022-07-06;1337;2375;14874;93671;12895;42608547;41453730;26344055;3081328;28521007
FR;1;2022-07-07;1429;2525;16909;119360;13981;42609976;41456255;26360964;3200688;28534988
FR;1;2022-07-08;1525;2810;19595;129954;15957;42611501;41459065;26380559;3330642;28550945
FR;1;2022-07-09;660;1268;7302;36004;6345;42612161;41460333;26387861;3366646;28557290
FR;1;2022-07-10;235;478;2239;6684;2034;42612396;41460811;26390100;3373330;28559324
FR;1;2022-07-11;1195;2201;14311;84386;11920;42613591;41463012;26404411;3457716;28571244
FR;1;2022-07-12;1547;2762;19441;137310;15875;42615138;41465774;26423852;3595026;28587119
FR;1;2022-07-13;1398;2378;14760;89785;12603;42616536;41468152;26438612;3684811;28599722
FR;1;2022-07-14;156;336;1859;5282;1769;42616692;41468488;26440471;3690093;28601491
FR;1;2022-07-15;1253;2291;14352;80558;11997;42617945;41470779;26454823;3770651;28613488
FR;1;2022-07-16;505;1038;5630;23941;4882;42618450;41471817;26460453;3794592;28618370
FR;1;2022-07-17;157;360;1655;4458;1498;42618607;41472177;26462108;3799050;28619868
FR;1;2022-07-18;969;2020;11290;59263;9557;42619576;41474197;26473398;3858313;28629425
FR;1;2022-07-19;1221;2113;14682;99369;11712;42620797;41476310;26488080;3957682;28641137
FR;1;2022-07-20;1163;1982;12344;74331;10257;42621960;41478292;26500424;4032013;28651394
FR;1;2022-07-21;1118;1932;12398;84464;9976;42623078;41480224;26512822;4116477;28661370
FR;1;2022-07-22;1232;2188;14079;85852;11408;42624310;41482412;26526901;4202329;28672778
FR;1;2022-07-23;530;1081;5227;21288;4605;42624840;41483493;26532128;4223617;28677383
FR;1;2022-07-24;147;300;1324;3695;1164;42624987;41483793;26533452;4227312;28678547
FR;1;2022-07-25;883;1618;9063;46093;7509;42625870;41485411;26542515;4273405;28686056
FR;1;2022-07-26;1122;1954;12666;81925;10323;42626992;41487365;26555181;4355330;28696379
FR;1;2022-07-27;1012;1710;9734;58395;8112;42628004;41489075;26564915;4413725;28704491
FR;1;2022-07-28;976;1690;9839;61845;7834;42628980;41490765;26574754;4475570;28712325
FR;1;2022-07-29;1110;1793;10420;62888;8346;42630090;41492558;26585174;4538458;28720671
FR;1;2022-07-30;390;704;3339;14474;2843;42630480;41493262;26588513;4552932;28723514
FR;1;2022-07-31;137;255;900;2328;766;42630617;41493517;26589413;4555260;28724280
FR;1;2022-08-01;704;1232;7232;28946;6089;42631321;41494749;26596645;4584206;28730369
FR;1;2022-08-02;889;1457;8206;53976;6599;42632210;41496206;26604851;4638182;28736968
FR;1;2022-08-03;714;1081;6130;37011;4911;42632924;41497287;26610981;4675193;28741879
FR;1;2022-08-04;637;1067;6248;41381;5036;42633561;41498354;26617229;4716574;28746915
FR;1;2022-08-05;732;1185;6743;43014;5400;42634293;41499539;26623972;4759588;28752315
FR;1;2022-08-06;270;459;1987;8991;1660;42634563;41499998;26625959;4768579;28753975
FR;1;2022-08-07;85;141;517;1551;433;42634648;41500139;26626476;4770130;28754408
FR;1;2022-08-08;477;813;3776;21202;3101;42635125;41500952;26630252;4791332;28757509
FR;1;2022-08-09;605;1012;5670;38441;4545;42635730;41501964;26635922;4829773;28762054
FR;1;2022-08-10;522;973;4419;26874;3613;42636252;41502937;26640341;4856647;28765667
FR;1;2022-08-11;535;896;4294;28130;3562;42636787;41503833;26644635;4884777;28769229
FR;1;2022-08-12;586;1015;4539;27146;3749;42637373;41504848;26649174;4911923;28772978
FR;1;2022-08-13;173;345;1245;5100;1060;42637546;41505193;26650419;4917023;28774038
FR;1;2022-08-14;61;111;272;866;231;42637607;41505304;26650691;4917889;28774269
FR;1;2022-08-15;67;152;558;539;520;42637674;41505456;26651249;4918428;28774789
FR;1;2022-08-16;520;916;3775;21461;3203;42638194;41506372;26655024;4939889;28777992
FR;1;2022-08-17;521;865;3751;22080;3179;42638715;41507237;26658775;4961969;28781171
FR;1;2022-08-18;534;860;3897;25405;3100;42639249;41508097;26662672;4987374;28784271
FR;1;2022-08-19;526;1030;4354;26501;3588;42639775;41509127;26667026;5013875;28787859
FR;1;2022-08-20;229;395;1281;5359;1094;42640004;41509522;26668307;5019234;28788953
FR;1;2022-08-21;80;109;281;987;249;42640084;41509631;26668588;5020221;28789202
FR;1;2022-08-22;468;871;3126;14914;2698;42640552;41510502;26671714;5035135;28791900
FR;1;2022-08-23;630;1045;4138;28307;3475;42641182;41511547;26675852;5063442;28795375
FR;1;2022-08-24;549;819;3388;19048;2758;42641731;41512366;26679240;5082490;28798133
FR;1;2022-08-25;558;913;3805;22891;3187;42642289;41513279;26683045;5105381;28801320
FR;1;2022-08-26;744;1115;4336;25137;3552;42643033;41514394;26687381;5130518;28804872
FR;1;2022-08-27;215;426;1321;5295;1189;42643248;41514820;26688702;5135813;28806061
FR;1;2022-08-28;109;144;295;890;276;42643357;41514964;26688997;5136703;28806337
FR;1;2022-08-29;498;846;2970;14206;2509;42643855;41515810;26691967;5150909;28808846
FR;1;2022-08-30;735;1085;4609;27673;3764;42644590;41516895;26696576;5178582;28812610
FR;1;2022-08-31;570;806;3093;17180;2606;42645160;41517701;26699669;5195762;28815216
FR;1;2022-09-01;645;877;4266;21823;3622;42645805;41518578;26703935;5217585;28818838
FR;1;2022-09-02;763;1024;4858;27824;4057;42646568;41519602;26708793;5245409;28822895
FR;1;2022-09-03;306;492;1822;5862;1580;42646874;41520094;26710615;5251271;28824475
FR;1;2022-09-04;100;133;338;838;331;42646974;41520227;26710953;5252109;28824806
FR;1;2022-09-05;550;622;2965;15670;2472;42647524;41520849;26713918;5267779;28827278
FR;1;2022-09-06;709;909;4472;30952;3617;42648233;41521758;26718390;5298731;28830895
FR;1;2022-09-07;525;669;2904;16385;2408;42648758;41522427;26721294;5315116;28833303
FR;1;2022-09-08;558;768;3677;24155;3018;42649316;41523195;26724971;5339271;28836321
FR;1;2022-09-09;755;949;4249;26747;3541;42650071;41524144;26729220;5366018;28839862
FR;1;2022-09-10;311;455;1662;5567;1464;42650382;41524599;26730882;5371585;28841326
FR;1;2022-09-11;100;116;305;642;287;42650482;41524715;26731187;5372227;28841613
FR;1;2022-09-12;441;541;2500;12884;2122;42650923;41525256;26733687;5385111;28843735
FR;1;2022-09-13;565;778;3833;25628;3284;42651488;41526034;26737520;5410739;28847019
FR;1;2022-09-14;566;682;2838;15593;2366;42652054;41526716;26740358;5426332;28849385
FR;1;2022-09-15;495;686;3283;22958;2764;42652549;41527402;26743641;5449290;28852149
FR;1;2022-09-16;711;914;3982;25198;3346;42653260;41528316;26747623;5474488;28855495
FR;1;2022-09-17;289;398;1377;5951;1207;42653549;41528714;26749000;5480439;28856702
FR;1;2022-09-18;94;119;310;919;278;42653643;41528833;26749310;5481358;28856980
FR;1;2022-09-19;356;549;2110;12801;1806;42653999;41529382;26751420;5494159;28858786
FR;1;2022-09-20;543;784;3613;25667;3021;42654542;41530166;26755033;5519826;28861807
FR;1;2022-09-21;461;671;2602;15823;2236;42655003;41530837;26757635;5535649;28864043
FR;1;2022-09-22;524;729;3233;22853;2634;42655527;41531566;26760868;5558502;28866677
FR;1;2022-09-23;742;913;4321;28028;3603;42656269;41532479;26765189;5586530;28870280
FR;1;2022-09-24;344;523;1567;6682;1347;42656613;41533002;26766756;5593212;28871627
FR;1;2022-09-25;74;142;316;1070;288;42656687;41533144;26767072;5594282;28871915
FR;1;2022-09-26;366;616;2137;12891;1880;42657053;41533760;26769209;5607173;28873795
FR;1;2022-09-27;531;745;3421;24919;2751;42657584;41534505;26772630;5632092;28876546
FR;1;2022-09-28;502;705;2431;14893;2195;42658086;41535210;26775061;5646985;28878741
FR;1;2022-09-29;490;673;2940;20186;2461;42658576;41535883;26778001;5667171;28881202
FR;1;2022-09-30;656;945;3708;24226;3084;42659232;41536828;26781709;5691397;28884286
FR;1;2022-10-01;311;511;1549;5451;1316;42659543;41537339;26783258;5696848;28885602
FR;1;2022-10-02;44;108;192;561;193;42659587;41537447;26783450;5697409;28885795
FR;1;2022-10-03;369;516;1872;9930;1635;42659956;41537963;26785322;5707339;28887430
FR;1;2022-10-04;525;640;2604;18830;2169;42660481;41538603;26787926;5726169;28889599
FR;1;2022-10-05;406;645;1938;11010;1715;42660887;41539248;26789864;5737179;28891314
FR;1;2022-10-06;422;581;2360;15605;1939;42661309;41539829;26792224;5752784;28893253
FR;1;2022-10-07;528;709;2538;15935;2160;42661837;41540538;26794762;5768719;28895413
FR;1;2022-10-08;219;290;805;3126;695;42662056;41540828;26795567;5771845;28896108
FR;1;2022-10-09;69;83;136;448;122;42662125;41540911;26795703;5772293;28896230
FR;1;2022-10-10;270;362;892;4854;829;42662395;41541273;26796595;5777147;28897059
FR;1;2022-10-11;307;404;1175;7886;1043;42662702;41541677;26797770;5785033;28898102
FR;1;2022-10-12;306;394;918;5009;921;42663008;41542071;26798688;5790042;28899023
FR;1;2022-10-13;300;357;947;5848;807;42663308;41542428;26799635;5795890;28899830
FR;1;2022-10-14;382;474;1040;6468;905;42663690;41542902;26800675;5802358;28900735
FR;1;2022-10-15;174;217;399;1776;384;42663864;41543119;26801074;5804134;28901119
FR;1;2022-10-16;40;49;74;254;87;42663904;41543168;26801148;5804388;28901206
FR;2;2020-12-27;0;0;0;0;0;0;0;0;0;0
FR;2;2020-12-28;0;0;0;0;0;0;0;0;0;0
FR;2;2020-12-29;0;0;0;0;0;0;0;0;0;0
FR;2;2020-12-30;0;0;0;0;0;0;0;0;0;0
FR;2;2020-12-31;0;0;0;0;0;0;0;0;0;0
FR;2;2021-01-01;0;0;0;0;0;0;0;0;0;0
FR;2;2021-01-02;0;0;0;0;0;0;0;0;0;0
FR;2;2021-01-03;0;0;0;0;0;0;0;0;0;0
FR;2;2021-01-04;0;0;0;0;0;0;0;0;0;0
FR;2;2021-01-05;0;0;0;0;0;0;0;0;0;0
FR;2;2021-01-06;0;0;0;0;0;0;0;0;0;0
FR;2;2021-01-07;0;0;0;0;0;0;0;0;0;0
FR;2;2021-01-08;0;0;0;0;0;0;0;0;0;0
FR;2;2021-01-09;0;0;0;0;0;0;0;0;0;0
FR;2;2021-01-10;0;0;0;0;0;0;0;0;0;0
FR;2;2021-01-11;0;0;0;0;0;0;0;0;0;0
FR;2;2021-01-12;0;0;0;0;0;0;0;0;0;0
FR;2;2021-01-13;0;0;0;0;0;0;0;0;0;0
FR;2;2021-01-14;1662;0;0;0;0;1662;0;0;0;0
FR;2;2021-01-15;398;0;0;0;0;2060;0;0;0;0
FR;2;2021-01-16;316;0;0;0;0;2376;0;0;0;0
FR;2;2021-01-17;83;0;0;0;0;2459;0;0;0;0
FR;2;2021-01-18;3074;2;0;0;0;5533;2;0;0;0
FR;2;2021-01-19;4681;0;0;0;0;10214;2;0;0;0
FR;2;2021-01-20;5135;6;0;0;0;15349;8;0;0;0
FR;2;2021-01-21;5344;9;0;0;0;20693;17;0;0;0
FR;2;2021-01-22;5118;15;0;0;0;25811;32;0;0;0
FR;2;2021-01-23;1873;2;0;0;0;27684;34;0;0;0
FR;2;2021-01-24;163;2;0;0;0;27847;36;0;0;0
FR;2;2021-01-25;3814;3;0;0;0;31661;39;0;0;0
FR;2;2021-01-26;3923;5;0;0;0;35584;44;0;0;0
FR;2;2021-01-27;3602;4;0;0;0;39186;48;0;0;0
FR;2;2021-01-28;3753;8;0;0;0;42939;56;0;0;0
FR;2;2021-01-29;3295;3;0;0;0;46234;59;0;0;0
FR;2;2021-01-30;1130;3;0;0;0;47364;62;0;0;0
FR;2;2021-01-31;46;2;0;0;0;47410;64;0;0;0
FR;2;2021-02-01;3405;9;0;0;0;50815;73;0;0;0
FR;2;2021-02-02;4493;17;0;0;0;55308;90;0;0;0
FR;2;2021-02-03;5220;7;0;0;0;60528;97;0;0;0
FR;2;2021-02-04;4939;11;0;0;0;65467;108;0;0;0
FR;2;2021-02-05;4815;15;0;0;0;70282;123;0;0;0
FR;2;2021-02-06;2043;15;0;0;0;72325;138;0;0;0
FR;2;2021-02-07;102;4;0;0;0;72427;142;0;0;0
FR;2;2021-02-08;7556;24;0;0;0;79983;166;0;0;0
FR;2;2021-02-09;8426;27;0;0;0;88409;193;0;0;0
FR;2;2021-02-10;9342;60;0;0;0;97751;253;0;0;0
FR;2;2021-02-11;10288;122;0;0;0;108039;375;0;0;0
FR;2;2021-02-12;10056;269;0;0;0;118095;644;0;0;0
FR;2;2021-02-13;3120;225;0;0;0;121215;869;0;0;0
FR;2;2021-02-14;355;9;0;0;0;121570;878;0;0;0
FR;2;2021-02-15;3460;3112;0;0;0;125030;3990;0;0;0
FR;2;2021-02-16;5073;4117;0;0;0;130103;8107;0;0;0
FR;2;2021-02-17;4258;4527;0;0;0;134361;12634;0;0;0
FR;2;2021-02-18;5403;5160;0;0;0;139764;17794;0;0;0
FR;2;2021-02-19;5327;4463;0;0;0;145091;22257;0;0;0
FR;2;2021-02-20;1870;1516;0;0;0;146961;23773;0;0;0
FR;2;2021-02-21;244;95;0;0;0;147205;23868;0;0;0
FR;2;2021-02-22;3613;3764;0;0;0;150818;27632;0;0;0
FR;2;2021-02-23;4954;3722;0;0;0;155772;31354;0;0;0
FR;2;2021-02-24;5015;3529;0;0;0;160787;34883;0;0;0
FR;2;2021-02-25;5493;3474;0;0;0;166280;38357;0;0;0
FR;2;2021-02-26;4363;3166;0;0;0;170643;41523;0;0;0
FR;2;2021-02-27;1626;1061;0;0;0;172269;42584;0;0;0
FR;2;2021-02-28;178;20;0;0;0;172447;42604;0;0;0
FR;2;2021-03-01;5186;3756;0;0;0;177633;46360;0;0;0
FR;2;2021-03-02;6536;4717;0;0;0;184169;51077;0;0;0
FR;2;2021-03-03;6539;4942;0;0;0;190708;56019;0;0;0
FR;2;2021-03-04;8409;4156;0;0;0;199117;60175;0;0;0
FR;2;2021-03-05;8035;4053;0;0;0;207152;64228;0;0;0
FR;2;2021-03-06;4787;1680;0;0;0;211939;65908;0;0;0
FR;2;2021-03-07;2372;31;0;0;0;214311;65939;0;0;0
FR;2;2021-03-08;4166;8377;0;0;0;218477;74316;0;0;0
FR;2;2021-03-09;7491;8568;1;0;0;225968;82884;1;0;0
FR;2;2021-03-10;7103;9202;0;0;0;233071;92086;1;0;0
FR;2;2021-03-11;9376;9320;1;0;0;242447;101406;2;0;0
FR;2;2021-03-12;7979;8326;0;0;0;250426;109732;2;0;0
FR;2;2021-03-13;10054;2579;0;0;0;260480;112311;2;0;0
FR;2;2021-03-14;4841;384;0;0;0;265321;112695;2;0;0
FR;2;2021-03-15;10913;3485;0;0;0;276234;116180;2;0;0
FR;2;2021-03-16;16766;4675;1;0;0;293000;120855;3;0;0
FR;2;2021-03-17;20238;3994;0;0;0;313238;124849;3;0;0
FR;2;2021-03-18;23372;5065;0;0;0;336610;129914;3;0;0
FR;2;2021-03-19;23309;4637;0;0;0;359919;134551;3;0;0
FR;2;2021-03-20;25452;1590;0;0;0;385371;136141;3;0;0
FR;2;2021-03-21;17671;154;0;0;0;403042;136295;3;0;0
FR;2;2021-03-22;17787;3206;0;0;0;420829;139501;3;0;0
FR;2;2021-03-23;22696;4255;0;0;0;443525;143756;3;0;0
FR;2;2021-03-24;23956;5032;0;0;0;467481;148788;3;0;0
FR;2;2021-03-25;26751;5195;1;0;0;494232;153983;4;0;0
FR;2;2021-03-26;26985;4226;0;0;0;521217;158209;4;0;0
FR;2;2021-03-27;15920;1354;0;0;0;537137;159563;4;0;0
FR;2;2021-03-28;10562;136;0;0;0;547699;159699;4;0;0
FR;2;2021-03-29;18995;4314;0;0;0;566694;164013;4;0;0
FR;2;2021-03-30;24588;6084;0;0;0;591282;170097;4;0;0
FR;2;2021-03-31;28561;5919;0;0;0;619843;176016;4;0;0
FR;2;2021-04-01;34551;8547;1;0;0;654394;184563;5;0;0
FR;2;2021-04-02;29984;7705;0;0;0;684378;192268;5;0;0
FR;2;2021-04-03;16955;4108;0;0;0;701333;196376;5;0;0
FR;2;2021-04-04;9306;1192;2;0;0;710639;197568;7;0;0
FR;2;2021-04-05;12445;799;0;0;0;723084;198367;7;0;0
FR;2;2021-04-06;27154;7207;0;0;0;750238;205574;7;0;0
FR;2;2021-04-07;30931;7140;1;0;0;781169;212714;8;0;0
FR;2;2021-04-08;36892;8623;1;0;0;818061;221337;9;0;0
FR;2;2021-04-09;33846;8417;28;0;0;851907;229754;37;0;0
FR;2;2021-04-10;19684;9216;1;0;0;871591;238970;38;0;0
FR;2;2021-04-11;7942;4250;1;0;0;879533;243220;39;0;0
FR;2;2021-04-12;17127;11040;0;0;0;896660;254260;39;0;0
FR;2;2021-04-13;19457;16071;1;0;0;916117;270331;40;0;0
FR;2;2021-04-14;18066;16405;7;0;0;934183;286736;47;0;0
FR;2;2021-04-15;22199;21523;27;0;0;956382;308259;74;0;0
FR;2;2021-04-16;20710;20439;45;0;0;977092;328698;119;0;0
FR;2;2021-04-17;13256;22488;5;0;0;990348;351186;124;0;0
FR;2;2021-04-18;5910;14398;6;0;0;996258;365584;130;0;0
FR;2;2021-04-19;16843;16345;24;0;0;1013101;381929;154;0;0
FR;2;2021-04-20;19325;21679;38;0;0;1032426;403608;192;0;0
FR;2;2021-04-21;20290;21782;76;0;0;1052716;425390;268;0;0
FR;2;2021-04-22;23819;24908;41;0;0;1076535;450298;309;0;0
FR;2;2021-04-23;24528;25406;76;0;0;1101063;475704;385;0;0
FR;2;2021-04-24;25305;15063;104;0;0;1126368;490767;489;0;0
FR;2;2021-04-25;9595;8610;5;0;0;1135963;499377;494;0;0
FR;2;2021-04-26;17164;17474;21;0;0;1153127;516851;515;0;0
FR;2;2021-04-27;19244;24126;40;0;0;1172371;540977;555;0;0
FR;2;2021-04-28;22338;26346;112;0;0;1194709;567323;667;0;0
FR;2;2021-04-29;25471;30306;69;0;0;1220180;597629;736;0;0
FR;2;2021-04-30;25533;27902;49;1;0;1245713;625531;785;1;0
FR;2;2021-05-01;14986;9864;6;0;0;1260699;635395;791;1;0
FR;2;2021-05-02;6639;9171;2;0;0;1267338;644566;793;1;0
FR;2;2021-05-03;20019;19176;40;0;0;1287357;663742;833;1;0
FR;2;2021-05-04;18283;29132;33;0;0;1305640;692874;866;1;0
FR;2;2021-05-05;18374;29433;48;0;0;1324014;722307;914;1;0
FR;2;2021-05-06;23544;35330;132;0;0;1347558;757637;1046;1;0
FR;2;2021-05-07;25333;33222;97;0;0;1372891;790859;1143;1;0
FR;2;2021-05-08;21342;10329;14;0;0;1394233;801188;1157;1;0
FR;2;2021-05-09;13166;7715;7;0;0;1407399;808903;1164;1;0
FR;2;2021-05-10;32940;21900;50;0;0;1440339;830803;1214;1;0
FR;2;2021-05-11;43606;20959;101;0;0;1483945;851762;1315;1;0
FR;2;2021-05-12;50053;19715;143;0;0;1533998;871477;1458;1;0
FR;2;2021-05-13;51295;5671;31;0;0;1585293;877148;1489;1;0
FR;2;2021-05-14;61353;12894;132;0;0;1646646;890042;1621;1;0
FR;2;2021-05-15;65934;7122;39;0;0;1712580;897164;1660;1;0
FR;2;2021-05-16;43587;2571;10;0;0;1756167;899735;1670;1;0
FR;2;2021-05-17;44749;12489;114;0;0;1800916;912224;1784;1;0
FR;2;2021-05-18;54644;12271;191;0;0;1855560;924495;1975;1;0
FR;2;2021-05-19;57177;10537;281;0;0;1912737;935032;2256;1;0
FR;2;2021-05-20;63440;10809;288;0;0;1976177;945841;2544;1;0
FR;2;2021-05-21;64296;11621;230;0;0;2040473;957462;2774;1;0
FR;2;2021-05-22;61485;4518;65;0;0;2101958;961980;2839;1;0
FR;2;2021-05-23;37534;575;22;0;0;2139492;962555;2861;1;0
FR;2;2021-05-24;17242;2037;35;0;0;2156734;964592;2896;1;0
FR;2;2021-05-25;21114;12220;240;0;0;2177848;976812;3136;1;0
FR;2;2021-05-26;19939;11482;230;0;0;2197787;988294;3366;1;0
FR;2;2021-05-27;22997;12648;182;0;0;2220784;1000942;3548;1;0
FR;2;2021-05-28;29392;14999;190;0;0;2250176;1015941;3738;1;0
FR;2;2021-05-29;30420;8185;57;0;0;2280596;1024126;3795;1;0
FR;2;2021-05-30;4647;1816;6;0;0;2285243;1025942;3801;1;0
FR;2;2021-05-31;28589;18736;184;0;0;2313832;1044678;3985;1;0
FR;2;2021-06-01;45731;19931;224;0;0;2359563;1064609;4209;1;0
FR;2;2021-06-02;37474;19274;182;0;0;2397037;1083883;4391;1;0
FR;2;2021-06-03;51278;23178;161;0;0;2448315;1107061;4552;1;0
FR;2;2021-06-04;65511;24066;217;0;0;2513826;1131127;4769;1;0
FR;2;2021-06-05;34601;24071;52;0;0;2548427;1155198;4821;1;0
FR;2;2021-06-06;4956;6192;10;0;0;2553383;1161390;4831;1;0
FR;2;2021-06-07;28174;23013;150;0;0;2581557;1184403;4981;1;0
FR;2;2021-06-08;46376;22915;143;0;0;2627933;1207318;5124;1;0
FR;2;2021-06-09;34291;20946;107;0;0;2662224;1228264;5231;1;0
FR;2;2021-06-10;42640;19134;95;1;0;2704864;1247398;5326;2;0
FR;2;2021-06-11;55299;25160;134;0;0;2760163;1272558;5460;2;0
FR;2;2021-06-12;30561;19785;53;0;0;2790724;1292343;5513;2;0
FR;2;2021-06-13;3331;9193;13;0;0;2794055;1301536;5526;2;0
FR;2;2021-06-14;25300;24130;92;0;0;2819355;1325666;5618;2;0
FR;2;2021-06-15;39046;22833;154;0;0;2858401;1348499;5772;2;0
FR;2;2021-06-16;30163;21396;135;0;0;2888564;1369895;5907;2;0
FR;2;2021-06-17;36912;25812;150;0;0;2925476;1395707;6057;2;0
FR;2;2021-06-18;46859;28853;123;0;0;2972335;1424560;6180;2;0
FR;2;2021-06-19;24525;24902;39;0;0;2996860;1449462;6219;2;0
FR;2;2021-06-20;3742;10064;9;0;0;3000602;1459526;6228;2;0
FR;2;2021-06-21;17529;42843;88;0;0;3018131;1502369;6316;2;0
FR;2;2021-06-22;28360;49575;110;0;0;3046491;1551944;6426;2;0
FR;2;2021-06-23;21790;49587;107;1;1;3068281;1601531;6533;3;1
FR;2;2021-06-24;28376;50284;134;0;0;3096657;1651815;6667;3;1
FR;2;2021-06-25;33401;60427;128;0;0;3130058;1712242;6795;3;1
FR;2;2021-06-26;16386;59307;54;1;0;3146444;1771549;6849;4;1
FR;2;2021-06-27;2566;29313;22;1;0;3149010;1800862;6871;5;1
FR;2;2021-06-28;12640;54332;84;0;0;3161650;1855194;6955;5;1
FR;2;2021-06-29;19853;59952;178;0;0;3181503;1915146;7133;5;1
FR;2;2021-06-30;16330;57987;253;17;0;3197833;1973133;7386;22;1
FR;2;2021-07-01;20492;59878;228;0;0;3218325;2033011;7614;22;1
FR;2;2021-07-02;24080;62146;184;0;0;3242405;2095157;7798;22;1
FR;2;2021-07-03;12117;57115;153;0;0;3254522;2152272;7951;22;1
FR;2;2021-07-04;1959;23306;18;0;0;3256481;2175578;7969;22;1
FR;2;2021-07-05;9177;29338;106;0;0;3265658;2204916;8075;22;1
FR;2;2021-07-06;14582;36241;135;0;0;3280240;2241157;8210;22;1
FR;2;2021-07-07;14414;33657;139;0;0;3294654;2274814;8349;22;1
FR;2;2021-07-08;19722;40315;162;0;0;3314376;2315129;8511;22;1
FR;2;2021-07-09;27101;54311;202;1;0;3341477;2369440;8713;23;1
FR;2;2021-07-10;13386;33692;107;0;0;3354863;2403132;8820;23;1
FR;2;2021-07-11;1809;4355;16;0;0;3356672;2407487;8836;23;1
FR;2;2021-07-12;12969;37296;119;0;0;3369641;2444783;8955;23;1
FR;2;2021-07-13;37113;53180;152;0;0;3406754;2497963;9107;23;1
FR;2;2021-07-14;6626;3547;15;0;0;3413380;2501510;9122;23;1
FR;2;2021-07-15;47241;47027;156;0;0;3460621;2548537;9278;23;1
FR;2;2021-07-16;64316;55791;188;0;0;3524937;2604328;9466;23;1
FR;2;2021-07-17;31599;23925;96;0;0;3556536;2628253;9562;23;1
FR;2;2021-07-18;6088;4837;19;0;0;3562624;2633090;9581;23;1
FR;2;2021-07-19;33004;28630;94;0;0;3595628;2661720;9675;23;1
FR;2;2021-07-20;51998;44532;155;0;0;3647626;2706252;9830;23;1
FR;2;2021-07-21;45254;34702;93;0;0;3692880;2740954;9923;23;1
FR;2;2021-07-22;56280;41084;128;1;0;3749160;2782038;10051;24;1
FR;2;2021-07-23;68296;48991;170;0;0;3817456;2831029;10221;24;1
FR;2;2021-07-24;36176;21600;82;0;0;3853632;2852629;10303;24;1
FR;2;2021-07-25;6749;2622;10;0;0;3860381;2855251;10313;24;1
FR;2;2021-07-26;36315;22389;91;1;0;3896696;2877640;10404;25;1
FR;2;2021-07-27;62387;34587;180;0;0;3959083;2912227;10584;25;1
FR;2;2021-07-28;55320;26429;132;0;0;4014403;2938656;10716;25;1
FR;2;2021-07-29;68475;32804;189;0;0;4082878;2971460;10905;25;1
FR;2;2021-07-30;74463;37803;222;1;0;4157341;3009263;11127;26;1
FR;2;2021-07-31;34770;16207;104;0;0;4192111;3025470;11231;26;1
FR;2;2021-08-01;5413;2258;19;0;0;4197524;3027728;11250;26;1
FR;2;2021-08-02;35881;16186;101;0;0;4233405;3043914;11351;26;1
FR;2;2021-08-03;55985;28283;142;0;0;4289390;3072197;11493;26;1
FR;2;2021-08-04;46635;20843;128;1;0;4336025;3093040;11621;27;1
FR;2;2021-08-05;54635;31571;215;0;0;4390660;3124611;11836;27;1
FR;2;2021-08-06;58094;42400;242;1;0;4448754;3167011;12078;28;1
FR;2;2021-08-07;25149;17623;89;0;0;4473903;3184634;12167;28;1
FR;2;2021-08-08;3838;3652;21;0;0;4477741;3188286;12188;28;1
FR;2;2021-08-09;29307;21076;92;0;0;4507048;3209362;12280;28;1
FR;2;2021-08-10;45006;33484;155;0;0;4552054;3242846;12435;28;1
FR;2;2021-08-11;35274;25165;151;0;0;4587328;3268011;12586;28;1
FR;2;2021-08-12;41903;35704;163;0;0;4629231;3303715;12749;28;1
FR;2;2021-08-13;42602;37252;218;0;0;4671833;3340967;12967;28;1
FR;2;2021-08-14;18519;22175;94;0;0;4690352;3363142;13061;28;1
FR;2;2021-08-15;3854;3805;17;0;0;4694206;3366947;13078;28;1
FR;2;2021-08-16;25090;27148;111;0;0;4719296;3394095;13189;28;1
FR;2;2021-08-17;38260;43421;205;2;0;4757556;3437516;13394;30;1
FR;2;2021-08-18;32252;36365;195;1;1;4789808;3473881;13589;31;2
FR;2;2021-08-19;37434;46577;224;0;0;4827242;3520458;13813;31;2
FR;2;2021-08-20;40566;55640;271;1;0;4867808;3576098;14084;32;2
FR;2;2021-08-21;18120;24309;116;0;0;4885928;3600407;14200;32;2
FR;2;2021-08-22;2907;4325;22;1;1;4888835;3604732;14222;33;3
FR;2;2021-08-23;19248;35155;131;1;0;4908083;3639887;14353;34;3
FR;2;2021-08-24;31947;56051;236;0;0;4940030;3695938;14589;34;3
FR;2;2021-08-25;25933;43458;250;0;0;4965963;3739396;14839;34;3
FR;2;2021-08-26;32361;55814;388;0;0;4998324;3795210;15227;34;3
FR;2;2021-08-27;37003;65666;477;2;0;5035327;3860876;15704;36;3
FR;2;2021-08-28;17819;28526;300;0;0;5053146;3889402;16004;36;3
FR;2;2021-08-29;2656;5016;47;0;0;5055802;3894418;16051;36;3
FR;2;2021-08-30;18415;37741;400;0;760;5074217;3932159;16451;36;763
FR;2;2021-08-31;28076;57500;887;4;1550;5102293;3989659;17338;40;2313
FR;2;2021-09-01;21592;39868;1309;0;2115;5123885;4029527;18647;40;4428
FR;2;2021-09-02;25485;48659;1962;2;3345;5149370;4078186;20609;42;7773
FR;2;2021-09-03;33411;64538;2988;3;4868;5182781;4142724;23597;45;12641
FR;2;2021-09-04;16832;27736;1442;1;2374;5199613;4170460;25039;46;15015
FR;2;2021-09-05;2262;3610;266;0;412;5201875;4174070;25305;46;15427
FR;2;2021-09-06;14043;28708;1770;1;2940;5215918;4202778;27075;47;18367
FR;2;2021-09-07;21106;41096;3021;13;4910;5237024;4243874;30096;60;23277
FR;2;2021-09-08;17247;31924;2734;6;4492;5254271;4275798;32830;66;27769
FR;2;2021-09-09;20978;40475;4435;3;6811;5275249;4316273;37265;69;34580
FR;2;2021-09-10;28201;51260;5285;4;8912;5303450;4367533;42550;73;43492
FR;2;2021-09-11;13654;22423;2404;5;3969;5317104;4389956;44954;78;47461
FR;2;2021-09-12;1824;2775;291;0;510;5318928;4392731;45245;78;47971
FR;2;2021-09-13;11659;21442;2472;4;4031;5330587;4414173;47717;82;52002
FR;2;2021-09-14;18573;32747;5087;13;9052;5349160;4446920;52804;95;61054
FR;2;2021-09-15;14913;28263;5169;3;7767;5364073;4475183;57973;98;68821
FR;2;2021-09-16;16079;32777;6737;12;10526;5380152;4507960;64710;110;79347
FR;2;2021-09-17;20914;47135;8780;10;14607;5401066;4555095;73490;120;93954
FR;2;2021-09-18;9858;20952;3803;6;6032;5410924;4576047;77293;126;99986
FR;2;2021-09-19;1166;2606;396;0;633;5412090;4578653;77689;126;100619
FR;2;2021-09-20;7499;18731;3855;7;6142;5419589;4597384;81544;133;106761
FR;2;2021-09-21;11214;30005;6495;5;10747;5430803;4627389;88039;138;117508
FR;2;2021-09-22;9408;23540;5490;6;8520;5440211;4650929;93529;144;126028
FR;2;2021-09-23;10728;28906;7881;10;12650;5450939;4679835;101410;154;138678
FR;2;2021-09-24;15071;42917;10876;18;17231;5466010;4722752;112286;172;155909
FR;2;2021-09-25;7258;18781;3965;9;6111;5473268;4741533;116251;181;162020
FR;2;2021-09-26;1079;2550;495;0;629;5474347;4744083;116746;181;162649
FR;2;2021-09-27;6313;16416;4285;8;6536;5480660;4760499;121031;189;169185
FR;2;2021-09-28;9240;25547;7769;14;12073;5489900;4786046;128800;203;181258
FR;2;2021-09-29;8081;20208;6067;25;9257;5497981;4806254;134867;228;190515
FR;2;2021-09-30;9864;25829;9506;16;14101;5507845;4832083;144373;244;204616
FR;2;2021-10-01;13975;35719;12918;25;19306;5521820;4867802;157291;269;223922
FR;2;2021-10-02;6874;15916;4849;7;7030;5528694;4883718;162140;276;230952
FR;2;2021-10-03;841;1919;492;1;505;5529535;4885637;162632;277;231457
FR;2;2021-10-04;5824;13905;5515;5;7857;5535359;4899542;168147;282;239314
FR;2;2021-10-05;9058;22549;11121;19;15729;5544417;4922091;179268;301;255043
FR;2;2021-10-06;7783;17744;8242;11;11078;5552200;4939835;187510;312;266121
FR;2;2021-10-07;9202;22203;12383;15;16863;5561402;4962038;199893;327;282984
FR;2;2021-10-08;13429;32100;17349;27;23572;5574831;4994138;217242;354;306556
FR;2;2021-10-09;6000;12849;6042;6;7900;5580831;5006987;223284;360;314456
FR;2;2021-10-10;885;1605;436;2;614;5581716;5008592;223720;362;315070
FR;2;2021-10-11;5607;11562;6455;17;8830;5587323;5020154;230175;379;323900
FR;2;2021-10-12;8031;17785;12548;13;16772;5595354;5037939;242723;392;340672
FR;2;2021-10-13;6943;14851;10255;12;13633;5602297;5052790;252978;404;354305
FR;2;2021-10-14;8314;17934;14996;13;19461;5610611;5070724;267974;417;373766
FR;2;2021-10-15;11852;26304;20903;26;27971;5622463;5097028;288877;443;401737
FR;2;2021-10-16;5139;8738;1819;0;3218;5627602;5105766;290696;443;404955
FR;2;2021-10-17;651;1162;184;0;366;5628253;5106928;290880;443;405321
FR;2;2021-10-18;4563;7361;664;2;1643;5632816;5114289;291544;445;406964
FR;2;2021-10-19;6238;9867;732;5;2043;5639054;5124156;292276;450;409007
FR;2;2021-10-20;5170;8070;758;3;1683;5644224;5132226;293034;453;410690
FR;2;2021-10-21;6090;9971;779;5;2101;5650314;5142197;293813;458;412791
FR;2;2021-10-22;8450;14593;1148;4;2883;5658764;5156790;294961;462;415674
FR;2;2021-10-23;3845;5999;586;0;1235;5662609;5162789;295547;462;416909
FR;2;2021-10-24;494;888;100;0;206;5663103;5163677;295647;462;417115
FR;2;2021-10-25;3357;5349;306;1;824;5666460;5169026;295953;463;417939
FR;2;2021-10-26;4176;7254;1130;4;2021;5670636;5176280;297083;467;419960
FR;2;2021-10-27;3676;6602;1193;5;1993;5674312;5182882;298276;472;421953
FR;2;2021-10-28;4597;7694;1735;3;2747;5678909;5190576;300011;475;424700
FR;2;2021-10-29;5413;11090;2436;4;3677;5684322;5201666;302447;479;428377
FR;2;2021-10-30;2749;4445;976;1;1437;5687071;5206111;303423;480;429814
FR;2;2021-10-31;364;531;139;1;190;5687435;5206642;303562;481;430004
FR;2;2021-11-01;428;548;178;0;264;5687863;5207190;303740;481;430268
FR;2;2021-11-02;3293;6759;1183;0;1763;5691156;5213949;304923;481;432031
FR;2;2021-11-03;3340;6238;1386;2;1967;5694496;5220187;306309;483;433998
FR;2;2021-11-04;3986;7080;1767;4;2495;5698482;5227267;308076;487;436493
FR;2;2021-11-05;5233;10501;2867;5;3956;5703715;5237768;310943;492;440449
FR;2;2021-11-06;2594;4681;1403;0;1817;5706309;5242449;312346;492;442266
FR;2;2021-11-07;505;866;220;0;288;5706814;5243315;312566;492;442554
FR;2;2021-11-08;2578;5357;1202;3;1675;5709392;5248672;313768;495;444229
FR;2;2021-11-09;2750;6920;2402;5;3181;5712142;5255592;316170;500;447410
FR;2;2021-11-10;2589;5684;5110;6;6284;5714731;5261276;321280;506;453694
FR;2;2021-11-11;444;751;746;2;927;5715175;5262027;322026;508;454621
FR;2;2021-11-12;2953;8099;8972;8;10915;5718128;5270126;330998;516;465536
FR;2;2021-11-13;1539;3382;3870;7;4540;5719667;5273508;334868;523;470076
FR;2;2021-11-14;257;591;351;1;483;5719924;5274099;335219;524;470559
FR;2;2021-11-15;1622;3665;4445;8;5328;5721546;5277764;339664;532;475887
FR;2;2021-11-16;2184;5895;8307;14;10073;5723730;5283659;347971;546;485960
FR;2;2021-11-17;1741;4539;6628;8;7850;5725471;5288198;354599;554;493810
FR;2;2021-11-18;2192;5934;9180;10;11013;5727663;5294132;363779;564;504823
FR;2;2021-11-19;2700;7778;12973;19;15474;5730363;5301910;376752;583;520297
FR;2;2021-11-20;1565;3340;5175;5;6084;5731928;5305250;381927;588;526381
FR;2;2021-11-21;247;512;541;0;661;5732175;5305762;382468;588;527042
FR;2;2021-11-22;1278;2595;4479;5;5404;5733453;5308357;386947;593;532446
FR;2;2021-11-23;1617;4296;8199;9;9912;5735070;5312653;395146;602;542358
FR;2;2021-11-24;1418;3762;7475;14;8728;5736488;5316415;402621;616;551086
FR;2;2021-11-25;1813;4880;11468;21;13664;5738301;5321295;414089;637;564750
FR;2;2021-11-26;2540;7755;22669;31;26075;5740841;5329050;436758;668;590825
FR;2;2021-11-27;1497;4161;12270;18;14035;5742338;5333211;449028;686;604860
FR;2;2021-11-28;292;842;1972;3;2296;5742630;5334053;451000;689;607156
FR;2;2021-11-29;1447;4366;15090;23;17257;5744077;5338419;466090;712;624413
FR;2;2021-11-30;1912;6688;26241;36;29993;5745989;5345107;492331;748;654406
FR;2;2021-12-01;1915;6060;26202;31;29521;5747904;5351167;518533;779;683927
FR;2;2021-12-02;1913;6805;37714;52;41961;5749817;5357972;556247;831;725888
FR;2;2021-12-03;2556;10096;53620;111;59365;5752373;5368068;609867;942;785253
FR;2;2021-12-04;1848;6294;37115;38;40805;5754221;5374362;646982;980;826058
FR;2;2021-12-05;458;2253;14259;14;15990;5754679;5376615;661241;994;842048
FR;2;2021-12-06;2486;9883;77712;109;84769;5757165;5386498;738953;1103;926817
FR;2;2021-12-07;3455;15319;122445;238;133759;5760620;5401817;861398;1341;1060576
FR;2;2021-12-08;3726;16016;133196;330;145385;5764346;5417833;994594;1671;1205961
FR;2;2021-12-09;4547;19644;170208;555;185598;5768893;5437477;1164802;2226;1391559
FR;2;2021-12-10;4675;22851;188671;490;206159;5773568;5460328;1353473;2716;1597718
FR;2;2021-12-11;3685;16633;132444;239;144888;5777253;5476961;1485917;2955;1742606
FR;2;2021-12-12;1257;7135;59097;83;65156;5778510;5484096;1545014;3038;1807762
FR;2;2021-12-13;5528;26846;220697;605;242990;5784038;5510942;1765711;3643;2050752
FR;2;2021-12-14;7016;37474;300779;908;332225;5791054;5548416;2066490;4551;2382977
FR;2;2021-12-15;6555;36249;285230;957;315860;5797609;5584665;2351720;5508;2698837
FR;2;2021-12-16;7766;37933;312139;979;343752;5805375;5622598;2663859;6487;3042589
FR;2;2021-12-17;8681;41232;327886;976;360971;5814056;5663830;2991745;7463;3403560
FR;2;2021-12-18;6515;26556;212346;448;233655;5820571;5690386;3204091;7911;3637215
FR;2;2021-12-19;2603;11437;90210;182;100352;5823174;5701823;3294301;8093;3737567
FR;2;2021-12-20;9545;33565;275223;706;303378;5832719;5735388;3569524;8799;4040945
FR;2;2021-12-21;11563;38323;309628;968;341434;5844282;5773711;3879152;9767;4382379
FR;2;2021-12-22;10458;32810;265115;952;292474;5854740;5806521;4144267;10719;4674853
FR;2;2021-12-23;9426;26687;199509;701;221304;5864166;5833208;4343776;11420;4896157
FR;2;2021-12-24;2783;7485;43859;140;49561;5866949;5840693;4387635;11560;4945718
FR;2;2021-12-25;201;682;2002;10;2485;5867150;5841375;4389637;11570;4948203
FR;2;2021-12-26;1319;4211;25156;71;28681;5868469;5845586;4414793;11641;4976884
FR;2;2021-12-27;8077;29921;218413;659;243340;5876546;5875507;4633206;12300;5220224
FR;2;2021-12-28;9837;36328;272095;742;301998;5886383;5911835;4905301;13042;5522222
FR;2;2021-12-29;9497;32263;246134;765;272698;5895880;5944098;5151435;13807;5794920
FR;2;2021-12-30;9461;28103;208830;663;231456;5905341;5972201;5360265;14470;6026376
FR;2;2021-12-31;3010;8350;54991;176;61235;5908351;5980551;5415256;14646;6087611
FR;2;2022-01-01;230;693;2854;7;3352;5908581;5981244;5418110;14653;6090963
FR;2;2022-01-02;1505;4855;29513;75;33402;5910086;5986099;5447623;14728;6124365
FR;2;2022-01-03;9593;35405;266532;806;293902;5919679;6021504;5714155;15534;6418267
FR;2;2022-01-04;12851;45415;342088;1068;377016;5932530;6066919;6056243;16602;6795283
FR;2;2022-01-05;11272;38658;294188;884;323833;5943802;6105577;6350431;17486;7119116
FR;2;2022-01-06;13654;43501;331947;1298;364738;5957456;6149078;6682378;18784;7483854
FR;2;2022-01-07;14225;47638;361094;1270;396449;5971681;6196716;7043472;20054;7880303
FR;2;2022-01-08;7948;28147;201262;515;221702;5979629;6224863;7244734;20569;8102005
FR;2;2022-01-09;2749;8979;62524;137;69512;5982378;6233842;7307258;20706;8171517
FR;2;2022-01-10;10097;31919;232477;858;255050;5992475;6265761;7539735;21564;8426567
FR;2;2022-01-11;11469;36251;265919;1029;290618;6003944;6302012;7805654;22593;8717185
FR;2;2022-01-12;8765;29814;206320;863;226171;6012709;6331826;8011974;23456;8943356
FR;2;2022-01-13;9387;31344;224493;832;244841;6022096;6363170;8236467;24288;9188197
FR;2;2022-01-14;9742;35614;254538;920;277657;6031838;6398784;8491005;25208;9465854
FR;2;2022-01-15;5359;19452;140779;363;153635;6037197;6418236;8631784;25571;9619489
FR;2;2022-01-16;1512;5481;35887;81;39831;6038709;6423717;8667671;25652;9659320
FR;2;2022-01-17;5546;19279;135414;601;147258;6044255;6442996;8803085;26253;9806578
FR;2;2022-01-18;6421;21499;148631;648;160461;6050676;6464495;8951716;26901;9967039
FR;2;2022-01-19;4395;16323;105102;551;113703;6055071;6480818;9056818;27452;10080742
FR;2;2022-01-20;4871;17593;115295;603;123693;6059942;6498411;9172113;28055;10204435
FR;2;2022-01-21;5197;20061;137348;679;147771;6065139;6518472;9309461;28734;10352206
FR;2;2022-01-22;3030;10950;74262;260;80324;6068169;6529422;9383723;28994;10432530
FR;2;2022-01-23;724;2716;15241;41;16831;6068893;6532138;9398964;29035;10449361
FR;2;2022-01-24;3289;12815;75078;430;81031;6072182;6544953;9474042;29465;10530392
FR;2;2022-01-25;3574;14421;79625;496;85453;6075756;6559374;9553667;29961;10615845
FR;2;2022-01-26;2515;10699;58975;363;63024;6078271;6570073;9612642;30324;10678869
FR;2;2022-01-27;2681;11347;64177;388;67931;6080952;6581420;9676819;30712;10746800
FR;2;2022-01-28;3551;18302;91719;429;98919;6084503;6599722;9768538;31141;10845719
FR;2;2022-01-29;1894;9245;48851;164;52932;6086397;6608967;9817389;31305;10898651
FR;2;2022-01-30;464;2226;9454;38;10601;6086861;6611193;9826843;31343;10909252
FR;2;2022-01-31;1888;9565;43830;208;47331;6088749;6620758;9870673;31551;10956583
FR;2;2022-02-01;1916;10042;47030;279;50105;6090665;6630800;9917703;31830;11006688
FR;2;2022-02-02;1614;9002;41118;250;44161;6092279;6639802;9958821;32080;11050849
FR;2;2022-02-03;1725;8947;40523;205;42925;6094004;6648749;9999344;32285;11093774
FR;2;2022-02-04;2151;15195;66646;299;71342;6096155;6663944;10065990;32584;11165116
FR;2;2022-02-05;1360;8525;35945;132;39230;6097515;6672469;10101935;32716;11204346
FR;2;2022-02-06;275;1762;6127;16;6899;6097790;6674231;10108062;32732;11211245
FR;2;2022-02-07;1351;9565;37755;134;41295;6099141;6683796;10145817;32866;11252540
FR;2;2022-02-08;1299;9832;40952;173;43746;6100440;6693628;10186769;33039;11296286
FR;2;2022-02-09;1160;8838;37038;174;40462;6101600;6702466;10223807;33213;11336748
FR;2;2022-02-10;1028;7996;33836;204;36508;6102628;6710462;10257643;33417;11373256
FR;2;2022-02-11;1391;12085;53343;223;57696;6104019;6722547;10310986;33640;11430952
FR;2;2022-02-12;754;6533;27985;85;30804;6104773;6729080;10338971;33725;11461756
FR;2;2022-02-13;200;1340;4836;20;5577;6104973;6730420;10343807;33745;11467333
FR;2;2022-02-14;835;6731;30272;90;33231;6105808;6737151;10374079;33835;11500564
FR;2;2022-02-15;774;6471;28049;141;29992;6106582;6743622;10402128;33976;11530556
FR;2;2022-02-16;657;5361;22064;123;23629;6107239;6748983;10424192;34099;11554185
FR;2;2022-02-17;518;3783;14151;98;14617;6107757;6752766;10438343;34197;11568802
FR;2;2022-02-18;723;5368;20439;134;21128;6108480;6758134;10458782;34331;11589930
FR;2;2022-02-19;430;3056;10531;66;11245;6108910;6761190;10469313;34397;11601175
FR;2;2022-02-20;102;516;1460;3;1608;6109012;6761706;10470773;34400;11602783
FR;2;2022-02-21;422;2685;9122;65;9499;6109434;6764391;10479895;34465;11612282
FR;2;2022-02-22;390;2567;8892;76;8795;6109824;6766958;10488787;34541;11621077
FR;2;2022-02-23;432;2604;8991;82;9267;6110256;6769562;10497778;34623;11630344
FR;2;2022-02-24;314;2036;6800;81;6828;6110570;6771598;10504578;34704;11637172
FR;2;2022-02-25;457;3206;11418;107;11282;6111027;6774804;10515996;34811;11648454
FR;2;2022-02-26;297;1892;6035;49;6342;6111324;6776696;10522031;34860;11654796
FR;2;2022-02-27;76;313;907;5;950;6111400;6777009;10522938;34865;11655746
FR;2;2022-02-28;330;1688;5523;53;5531;6111730;6778697;10528461;34918;11661277
FR;2;2022-03-01;277;1568;5479;46;5196;6112007;6780265;10533940;34964;11666473
FR;2;2022-03-02;298;1445;5246;45;5090;6112305;6781710;10539186;35009;11671563
FR;2;2022-03-03;225;1111;3708;42;3485;6112530;6782821;10542894;35051;11675048
FR;2;2022-03-04;243;1468;4857;74;4505;6112773;6784289;10547751;35125;11679553
FR;2;2022-03-05;174;906;2979;32;2723;6112947;6785195;10550730;35157;11682276
FR;2;2022-03-06;42;183;280;5;320;6112989;6785378;10551010;35162;11682596
FR;2;2022-03-07;156;658;1987;70;1777;6113145;6786036;10552997;35232;11684373
FR;2;2022-03-08;144;668;2273;51;1906;6113289;6786704;10555270;35283;11686279
FR;2;2022-03-09;154;708;2348;37;2050;6113443;6787412;10557618;35320;11688329
FR;2;2022-03-10;123;603;1694;35;1469;6113566;6788015;10559312;35355;11689798
FR;2;2022-03-11;172;756;2768;57;2367;6113738;6788771;10562080;35412;11692165
FR;2;2022-03-12;149;484;1785;27;1554;6113887;6789255;10563865;35439;11693719
FR;2;2022-03-13;25;75;203;30;204;6113912;6789330;10564068;35469;11693923
FR;2;2022-03-14;128;470;1567;529;1297;6114040;6789800;10565635;35998;11695220
FR;2;2022-03-15;138;439;1712;690;1332;6114178;6790239;10567347;36688;11696552
FR;2;2022-03-16;142;476;2013;1615;1593;6114320;6790715;10569360;38303;11698145
FR;2;2022-03-17;93;413;1408;1193;1144;6114413;6791128;10570768;39496;11699289
FR;2;2022-03-18;146;495;2019;1792;1662;6114559;6791623;10572787;41288;11700951
FR;2;2022-03-19;108;321;1210;941;1015;6114667;6791944;10573997;42229;11701966
FR;2;2022-03-20;13;77;191;59;168;6114680;6792021;10574188;42288;11702134
FR;2;2022-03-21;96;307;1214;1483;1077;6114776;6792328;10575402;43771;11703211
FR;2;2022-03-22;118;388;1530;1830;1291;6114894;6792716;10576932;45601;11704502
FR;2;2022-03-23;139;361;1674;3031;1470;6115033;6793077;10578606;48632;11705972
FR;2;2022-03-24;116;293;1183;1547;1001;6115149;6793370;10579789;50179;11706973
FR;2;2022-03-25;119;361;1805;2449;1475;6115268;6793731;10581594;52628;11708448
FR;2;2022-03-26;79;247;1204;1222;952;6115347;6793978;10582798;53850;11709400
FR;2;2022-03-27;19;36;153;100;132;6115366;6794014;10582951;53950;11709532
FR;2;2022-03-28;94;288;1137;1601;995;6115460;6794302;10584088;55551;11710527
FR;2;2022-03-29;108;258;1324;2467;1104;6115568;6794560;10585412;58018;11711631
FR;2;2022-03-30;91;312;1487;3184;1319;6115659;6794872;10586899;61202;11712950
FR;2;2022-03-31;104;284;1275;2331;1090;6115763;6795156;10588174;63533;11714040
FR;2;2022-04-01;123;323;1567;2347;1322;6115886;6795479;10589741;65880;11715362
FR;2;2022-04-02;76;161;845;891;737;6115962;6795640;10590586;66771;11716099
FR;2;2022-04-03;16;53;128;113;142;6115978;6795693;10590714;66884;11716241
FR;2;2022-04-04;113;238;987;1438;796;6116091;6795931;10591701;68322;11717037
FR;2;2022-04-05;143;294;1314;2905;1141;6116234;6796225;10593015;71227;11718178
FR;2;2022-04-06;89;259;1305;2520;1129;6116323;6796484;10594320;73747;11719307
FR;2;2022-04-07;120;224;1300;2682;1040;6116443;6796708;10595620;76429;11720347
FR;2;2022-04-08;125;336;1629;3267;1323;6116568;6797044;10597249;79696;11721670
FR;2;2022-04-09;90;219;899;1046;731;6116658;6797263;10598148;80742;11722401
FR;2;2022-04-10;37;48;143;162;119;6116695;6797311;10598291;80904;11722520
FR;2;2022-04-11;88;195;889;1559;779;6116783;6797506;10599180;82463;11723299
FR;2;2022-04-12;176;270;1182;2769;1061;6116959;6797776;10600362;85232;11724360
FR;2;2022-04-13;146;230;1124;2456;986;6117105;6798006;10601486;87688;11725346
FR;2;2022-04-14;115;222;1085;2676;917;6117220;6798228;10602571;90364;11726263
FR;2;2022-04-15;114;249;1213;2289;1067;6117334;6798477;10603784;92653;11727330
FR;2;2022-04-16;67;108;548;549;459;6117401;6798585;10604332;93202;11727789
FR;2;2022-04-17;15;26;57;53;53;6117416;6798611;10604389;93255;11727842
FR;2;2022-04-18;12;35;120;70;115;6117428;6798646;10604509;93325;11727957
FR;2;2022-04-19;112;237;1117;1710;949;6117540;6798883;10605626;95035;11728906
FR;2;2022-04-20;95;241;1106;2157;931;6117635;6799124;10606732;97192;11729837
FR;2;2022-04-21;111;231;981;1911;837;6117746;6799355;10607713;99103;11730674
FR;2;2022-04-22;99;274;1242;2090;1023;6117845;6799629;10608955;101193;11731697
FR;2;2022-04-23;67;156;644;762;573;6117912;6799785;10609599;101955;11732270
FR;2;2022-04-24;12;29;101;68;79;6117924;6799814;10609700;102023;11732349
FR;2;2022-04-25;103;204;820;1314;710;6118027;6800018;10610520;103337;11733059
FR;2;2022-04-26;108;184;1041;2017;878;6118135;6800202;10611561;105354;11733937
FR;2;2022-04-27;98;178;860;1783;764;6118233;6800380;10612421;107137;11734701
FR;2;2022-04-28;93;214;950;1929;843;6118326;6800594;10613371;109066;11735544
FR;2;2022-04-29;81;280;1130;1695;1040;6118407;6800874;10614501;110761;11736584
FR;2;2022-04-30;65;126;470;538;429;6118472;6801000;10614971;111299;11737013
FR;2;2022-05-01;23;24;84;48;85;6118495;6801024;10615055;111347;11737098
FR;2;2022-05-02;116;232;762;1214;660;6118611;6801256;10615817;112561;11737758
FR;2;2022-05-03;148;231;998;1768;937;6118759;6801487;10616815;114329;11738695
FR;2;2022-05-04;90;225;923;1809;866;6118849;6801712;10617738;116138;11739561
FR;2;2022-05-05;127;197;851;1699;768;6118976;6801909;10618589;117837;11740329
FR;2;2022-05-06;133;246;1099;1848;1014;6119109;6802155;10619688;119685;11741343
FR;2;2022-05-07;40;98;470;504;406;6119149;6802253;10620158;120189;11741749
FR;2;2022-05-08;47;54;107;71;102;6119196;6802307;10620265;120260;11741851
FR;2;2022-05-09;101;174;654;984;604;6119297;6802481;10620919;121244;11742455
FR;2;2022-05-10;120;249;938;1840;893;6119417;6802730;10621857;123084;11743348
FR;2;2022-05-11;100;176;811;1873;791;6119517;6802906;10622668;124957;11744139
FR;2;2022-05-12;111;173;843;2092;801;6119628;6803079;10623511;127049;11744940
FR;2;2022-05-13;100;232;968;2096;897;6119728;6803311;10624479;129145;11745837
FR;2;2022-05-14;76;117;451;554;409;6119804;6803428;10624930;129699;11746246
FR;2;2022-05-15;24;39;94;87;108;6119828;6803467;10625024;129786;11746354
FR;2;2022-05-16;103;170;599;923;536;6119931;6803637;10625623;130709;11746890
FR;2;2022-05-17;95;184;689;1685;657;6120026;6803821;10626312;132394;11747547
FR;2;2022-05-18;80;181;641;1431;646;6120106;6804002;10626953;133825;11748193
FR;2;2022-05-19;70;160;708;1831;750;6120176;6804162;10627661;135656;11748943
FR;2;2022-05-20;107;179;873;1700;777;6120283;6804341;10628534;137356;11749720
FR;2;2022-05-21;48;96;397;517;338;6120331;6804437;10628931;137873;11750058
FR;2;2022-05-22;8;23;69;37;57;6120339;6804460;10629000;137910;11750115
FR;2;2022-05-23;86;133;498;931;469;6120425;6804593;10629498;138841;11750584
FR;2;2022-05-24;87;163;627;1620;615;6120512;6804756;10630125;140461;11751199
FR;2;2022-05-25;72;145;538;1148;492;6120584;6804901;10630663;141609;11751691
FR;2;2022-05-26;11;31;77;42;85;6120595;6804932;10630740;141651;11751776
FR;2;2022-05-27;44;124;456;817;438;6120639;6805056;10631196;142468;11752214
FR;2;2022-05-28;28;60;221;244;221;6120667;6805116;10631417;142712;11752435
FR;2;2022-05-29;13;34;43;25;51;6120680;6805150;10631460;142737;11752486
FR;2;2022-05-30;65;108;424;755;409;6120745;6805258;10631884;143492;11752895
FR;2;2022-05-31;76;135;563;1276;510;6120821;6805393;10632447;144768;11753405
FR;2;2022-06-01;59;157;562;1074;541;6120880;6805550;10633009;145842;11753946
FR;2;2022-06-02;92;175;625;1412;591;6120972;6805725;10633634;147254;11754537
FR;2;2022-06-03;71;155;666;1604;593;6121043;6805880;10634300;148858;11755130
FR;2;2022-06-04;69;93;282;433;269;6121112;6805973;10634582;149291;11755399
FR;2;2022-06-05;12;17;62;57;47;6121124;6805990;10634644;149348;11755446
FR;2;2022-06-06;11;33;92;75;92;6121135;6806023;10634736;149423;11755538
FR;2;2022-06-07;99;219;666;1533;576;6121234;6806242;10635402;150956;11756114
FR;2;2022-06-08;70;118;475;1165;411;6121304;6806360;10635877;152121;11756525
FR;2;2022-06-09;93;166;612;1921;570;6121397;6806526;10636489;154042;11757095
FR;2;2022-06-10;91;167;650;1682;621;6121488;6806693;10637139;155724;11757716
FR;2;2022-06-11;43;84;286;528;258;6121531;6806777;10637425;156252;11757974
FR;2;2022-06-12;18;38;58;78;60;6121549;6806815;10637483;156330;11758034
FR;2;2022-06-13;39;119;393;952;378;6121588;6806934;10637876;157282;11758412
FR;2;2022-06-14;68;156;599;2087;537;6121656;6807090;10638475;159369;11758949
FR;2;2022-06-15;77;104;520;1500;444;6121733;6807194;10638995;160869;11759393
FR;2;2022-06-16;127;127;495;1411;422;6121860;6807321;10639490;162280;11759815
FR;2;2022-06-17;72;136;586;1817;514;6121932;6807457;10640076;164097;11760329
FR;2;2022-06-18;75;92;224;578;196;6122007;6807549;10640300;164675;11760525
FR;2;2022-06-19;11;16;53;71;41;6122018;6807565;10640353;164746;11760566
FR;2;2022-06-20;62;125;401;1027;392;6122080;6807690;10640754;165773;11760958
FR;2;2022-06-21;107;115;524;2123;453;6122187;6807805;10641278;167896;11761411
FR;2;2022-06-22;39;107;462;1889;414;6122226;6807912;10641740;169785;11761825
FR;2;2022-06-23;56;108;537;2281;452;6122282;6808020;10642277;172066;11762277
FR;2;2022-06-24;66;122;708;3198;570;6122348;6808142;10642985;175264;11762847
FR;2;2022-06-25;30;90;295;987;252;6122378;6808232;10643280;176251;11763099
FR;2;2022-06-26;30;27;131;194;97;6122408;6808259;10643411;176445;11763196
FR;2;2022-06-27;79;137;580;2472;481;6122487;6808396;10643991;178917;11763677
FR;2;2022-06-28;110;140;812;4815;650;6122597;6808536;10644803;183732;11764327
FR;2;2022-06-29;71;149;775;4407;636;6122668;6808685;10645578;188139;11764963
FR;2;2022-06-30;72;133;832;5177;618;6122740;6808818;10646410;193316;11765581
FR;2;2022-07-01;112;158;1148;6692;847;6122852;6808976;10647558;200008;11766428
FR;2;2022-07-02;68;132;474;1976;392;6122920;6809108;10648032;201984;11766820
FR;2;2022-07-03;23;30;146;334;130;6122943;6809138;10648178;202318;11766950
FR;2;2022-07-04;120;180;775;3774;611;6123063;6809318;10648953;206092;11767561
FR;2;2022-07-05;118;186;1121;6815;828;6123181;6809504;10650074;212907;11768389
FR;2;2022-07-06;92;148;947;5802;693;6123273;6809652;10651021;218709;11769082
FR;2;2022-07-07;81;185;1021;6498;750;6123354;6809837;10652042;225207;11769832
FR;2;2022-07-08;65;122;1092;7031;755;6123419;6809959;10653134;232238;11770587
FR;2;2022-07-09;34;61;418;1869;299;6123453;6810020;10653552;234107;11770886
FR;2;2022-07-10;6;17;96;315;82;6123459;6810037;10653648;234422;11770968
FR;2;2022-07-11;68;119;682;3815;540;6123527;6810156;10654330;238237;11771508
FR;2;2022-07-12;101;178;1052;6505;808;6123628;6810334;10655382;244742;11772316
FR;2;2022-07-13;63;126;880;4662;592;6123691;6810460;10656262;249404;11772908
FR;2;2022-07-14;6;13;88;248;59;6123697;6810473;10656350;249652;11772967
FR;2;2022-07-15;61;129;739;3790;560;6123758;6810602;10657089;253442;11773527
FR;2;2022-07-16;27;54;289;1029;242;6123785;6810656;10657378;254471;11773769
FR;2;2022-07-17;5;12;77;201;66;6123790;6810668;10657455;254672;11773835
FR;2;2022-07-18;57;103;514;2509;384;6123847;6810771;10657969;257181;11774219
FR;2;2022-07-19;66;132;769;4247;555;6123913;6810903;10658738;261428;11774774
FR;2;2022-07-20;59;118;580;3179;430;6123972;6811021;10659318;264607;11775204
FR;2;2022-07-21;60;109;671;3678;485;6124032;6811130;10659989;268285;11775689
FR;2;2022-07-22;51;98;697;3528;505;6124083;6811228;10660686;271813;11776194
FR;2;2022-07-23;39;96;290;1173;229;6124122;6811324;10660976;272986;11776423
FR;2;2022-07-24;14;23;68;201;67;6124136;6811347;10661044;273187;11776490
FR;2;2022-07-25;50;71;404;1936;299;6124186;6811418;10661448;275123;11776789
FR;2;2022-07-26;57;133;607;3423;478;6124243;6811551;10662055;278546;11777267
FR;2;2022-07-27;42;81;456;2782;361;6124285;6811632;10662511;281328;11777628
FR;2;2022-07-28;29;75;449;2476;356;6124314;6811707;10662960;283804;11777984
FR;2;2022-07-29;68;87;535;2855;347;6124382;6811794;10663495;286659;11778331
FR;2;2022-07-30;21;38;162;774;110;6124403;6811832;10663657;287433;11778441
FR;2;2022-07-31;6;13;27;104;21;6124409;6811845;10663684;287537;11778462
FR;2;2022-08-01;38;103;323;1261;259;6124447;6811948;10664007;288798;11778721
FR;2;2022-08-02;49;73;324;2060;246;6124496;6812021;10664331;290858;11778967
FR;2;2022-08-03;29;52;258;1610;187;6124525;6812073;10664589;292468;11779154
FR;2;2022-08-04;40;63;306;1686;240;6124565;6812136;10664895;294154;11779394
FR;2;2022-08-05;33;94;327;1879;235;6124598;6812230;10665222;296033;11779629
FR;2;2022-08-06;22;40;106;365;82;6124620;6812270;10665328;296398;11779711
FR;2;2022-08-07;7;8;14;69;16;6124627;6812278;10665342;296467;11779727
FR;2;2022-08-08;19;35;216;876;144;6124646;6812313;10665558;297343;11779871
FR;2;2022-08-09;28;51;278;1475;238;6124674;6812364;10665836;298818;11780109
FR;2;2022-08-10;15;21;213;1126;150;6124689;6812385;10666049;299944;11780259
FR;2;2022-08-11;21;41;174;1037;117;6124710;6812426;10666223;300981;11780376
FR;2;2022-08-12;36;48;184;1042;140;6124746;6812474;10666407;302023;11780516
FR;2;2022-08-13;8;19;46;149;52;6124754;6812493;10666453;302172;11780568
FR;2;2022-08-14;1;2;12;52;11;6124755;6812495;10666465;302224;11780579
FR;2;2022-08-15;0;5;32;22;21;6124755;6812500;10666497;302246;11780600
FR;2;2022-08-16;27;32;144;672;120;6124782;6812532;10666641;302918;11780720
FR;2;2022-08-17;16;26;108;738;87;6124798;6812558;10666749;303656;11780807
FR;2;2022-08-18;13;28;159;835;106;6124811;6812586;10666908;304491;11780913
FR;2;2022-08-19;8;38;116;703;86;6124819;6812624;10667024;305194;11780999
FR;2;2022-08-20;6;26;56;196;47;6124825;6812650;10667080;305390;11781046
FR;2;2022-08-21;4;14;15;19;13;6124829;6812664;10667095;305409;11781059
FR;2;2022-08-22;10;24;116;395;73;6124839;6812688;10667211;305804;11781132
FR;2;2022-08-23;11;40;134;671;112;6124850;6812728;10667345;306475;11781244
FR;2;2022-08-24;11;27;86;466;78;6124861;6812755;10667431;306941;11781322
FR;2;2022-08-25;8;31;109;481;69;6124869;6812786;10667540;307422;11781391
FR;2;2022-08-26;15;45;117;720;91;6124884;6812831;10667657;308142;11781482
FR;2;2022-08-27;10;18;47;156;42;6124894;6812849;10667704;308298;11781524
FR;2;2022-08-28;1;5;5;15;7;6124895;6812854;10667709;308313;11781531
FR;2;2022-08-29;24;42;91;400;85;6124919;6812896;10667800;308713;11781616
FR;2;2022-08-30;31;54;154;787;119;6124950;6812950;10667954;309500;11781735
FR;2;2022-08-31;19;34;85;391;79;6124969;6812984;10668039;309891;11781814
FR;2;2022-09-01;19;42;139;600;122;6124988;6813026;10668178;310491;11781936
FR;2;2022-09-02;32;54;145;744;156;6125020;6813080;10668323;311235;11782092
FR;2;2022-09-03;17;20;83;204;67;6125037;6813100;10668406;311439;11782159
FR;2;2022-09-04;8;5;9;31;10;6125045;6813105;10668415;311470;11782169
FR;2;2022-09-05;28;28;123;367;95;6125073;6813133;10668538;311837;11782264
FR;2;2022-09-06;43;61;158;761;153;6125116;6813194;10668696;312598;11782417
FR;2;2022-09-07;21;20;74;375;49;6125137;6813214;10668770;312973;11782466
FR;2;2022-09-08;31;57;108;636;99;6125168;6813271;10668878;313609;11782565
FR;2;2022-09-09;17;24;126;750;74;6125185;6813295;10669004;314359;11782639
FR;2;2022-09-10;14;23;56;117;48;6125199;6813318;10669060;314476;11782687
FR;2;2022-09-11;9;5;10;11;12;6125208;6813323;10669070;314487;11782699
FR;2;2022-09-12;19;30;68;340;55;6125227;6813353;10669138;314827;11782754
FR;2;2022-09-13;15;34;126;669;99;6125242;6813387;10669264;315496;11782853
FR;2;2022-09-14;19;21;81;479;59;6125261;6813408;10669345;315975;11782912
FR;2;2022-09-15;21;42;124;486;101;6125282;6813450;10669469;316461;11783013
FR;2;2022-09-16;18;30;122;563;89;6125300;6813480;10669591;317024;11783102
FR;2;2022-09-17;4;19;56;160;52;6125304;6813499;10669647;317184;11783154
FR;2;2022-09-18;3;7;13;36;10;6125307;6813506;10669660;317220;11783164
FR;2;2022-09-19;26;24;114;353;87;6125333;6813530;10669774;317573;11783251
FR;2;2022-09-20;26;26;117;624;83;6125359;6813556;10669891;318197;11783334
FR;2;2022-09-21;15;30;99;393;78;6125374;6813586;10669990;318590;11783412
FR;2;2022-09-22;16;39;121;581;93;6125390;6813625;10670111;319171;11783505
FR;2;2022-09-23;20;38;133;553;110;6125410;6813663;10670244;319724;11783615
FR;2;2022-09-24;10;8;50;189;35;6125420;6813671;10670294;319913;11783650
FR;2;2022-09-25;9;11;14;29;11;6125429;6813682;10670308;319942;11783661
FR;2;2022-09-26;21;40;103;445;79;6125450;6813722;10670411;320387;11783740
FR;2;2022-09-27;29;46;154;878;104;6125479;6813768;10670565;321265;11783844
FR;2;2022-09-28;14;31;93;421;73;6125493;6813799;10670658;321686;11783917
FR;2;2022-09-29;26;47;113;614;109;6125519;6813846;10670771;322300;11784026
FR;2;2022-09-30;24;44;110;518;83;6125543;6813890;10670881;322818;11784109
FR;2;2022-10-01;10;19;47;121;32;6125553;6813909;10670928;322939;11784141
FR;2;2022-10-02;0;5;8;21;5;6125553;6813914;10670936;322960;11784146
FR;2;2022-10-03;21;22;79;288;62;6125574;6813936;10671015;323248;11784208
FR;2;2022-10-04;15;20;98;604;62;6125589;6813956;10671113;323852;11784270
FR;2;2022-10-05;20;29;73;488;67;6125609;6813985;10671186;324340;11784337
FR;2;2022-10-06;29;23;72;444;73;6125638;6814008;10671258;324784;11784410
FR;2;2022-10-07;21;28;85;497;63;6125659;6814036;10671343;325281;11784473
FR;2;2022-10-08;12;8;18;108;19;6125671;6814044;10671361;325389;11784492
FR;2;2022-10-09;1;8;15;17;11;6125672;6814052;10671376;325406;11784503
FR;2;2022-10-10;18;23;41;222;43;6125690;6814075;10671417;325628;11784546
FR;2;2022-10-11;12;12;44;252;37;6125702;6814087;10671461;325880;11784583
FR;2;2022-10-12;8;18;48;270;35;6125710;6814105;10671509;326150;11784618
FR;2;2022-10-13;10;13;41;221;35;6125720;6814118;10671550;326371;11784653
FR;2;2022-10-14;11;24;31;226;36;6125731;6814142;10671581;326597;11784689
FR;2;2022-10-15;4;6;20;105;13;6125735;6814148;10671601;326702;11784702
FR;2;2022-10-16;0;0;3;10;5;6125735;6814148;10671604;326712;11784707
FR;3;2020-12-27;0;0;0;0;0;0;0;0;0;0
FR;3;2020-12-28;0;0;0;0;0;0;0;0;0;0
FR;3;2020-12-29;0;0;0;0;0;0;0;0;0;0
FR;3;2020-12-30;0;0;0;0;0;0;0;0;0;0
FR;3;2020-12-31;0;0;0;0;0;0;0;0;0;0
FR;3;2021-01-01;0;0;0;0;0;0;0;0;0;0
FR;3;2021-01-02;0;0;0;0;0;0;0;0;0;0
FR;3;2021-01-03;0;0;0;0;0;0;0;0;0;0
FR;3;2021-01-04;0;0;0;0;0;0;0;0;0;0
FR;3;2021-01-05;0;0;0;0;0;0;0;0;0;0
FR;3;2021-01-06;0;0;0;0;0;0;0;0;0;0
FR;3;2021-01-07;0;0;0;0;0;0;0;0;0;0
FR;3;2021-01-08;0;0;0;0;0;0;0;0;0;0
FR;3;2021-01-09;0;0;0;0;0;0;0;0;0;0
FR;3;2021-01-10;0;0;0;0;0;0;0;0;0;0
FR;3;2021-01-11;0;0;0;0;0;0;0;0;0;0
FR;3;2021-01-12;0;0;0;0;0;0;0;0;0;0
FR;3;2021-01-13;0;0;0;0;0;0;0;0;0;0
FR;3;2021-01-14;0;0;0;0;0;0;0;0;0;0
FR;3;2021-01-15;0;0;0;0;0;0;0;0;0;0
FR;3;2021-01-16;0;0;0;0;0;0;0;0;0;0
FR;3;2021-01-17;0;0;0;0;0;0;0;0;0;0
FR;3;2021-01-18;0;0;0;0;0;0;0;0;0;0
FR;3;2021-01-19;0;0;0;0;0;0;0;0;0;0
FR;3;2021-01-20;0;0;0;0;0;0;0;0;0;0
FR;3;2021-01-21;0;0;0;0;0;0;0;0;0;0
FR;3;2021-01-22;0;0;0;0;0;0;0;0;0;0
FR;3;2021-01-23;0;0;0;0;0;0;0;0;0;0
FR;3;2021-01-24;0;0;0;0;0;0;0;0;0;0
FR;3;2021-01-25;0;0;0;0;0;0;0;0;0;0
FR;3;2021-01-26;0;0;0;0;0;0;0;0;0;0
FR;3;2021-01-27;0;0;0;0;0;0;0;0;0;0
FR;3;2021-01-28;0;0;0;0;0;0;0;0;0;0
FR;3;2021-01-29;0;0;0;0;0;0;0;0;0;0
FR;3;2021-01-30;0;0;0;0;0;0;0;0;0;0
FR;3;2021-01-31;0;0;0;0;0;0;0;0;0;0
FR;3;2021-02-01;0;0;0;0;0;0;0;0;0;0
FR;3;2021-02-02;0;0;0;0;0;0;0;0;0;0
FR;3;2021-02-03;0;0;0;0;0;0;0;0;0;0
FR;3;2021-02-04;0;0;0;0;0;0;0;0;0;0
FR;3;2021-02-05;0;0;0;0;0;0;0;0;0;0
FR;3;2021-02-06;1554;0;0;0;0;1554;0;0;0;0
FR;3;2021-02-07;1423;1;0;0;0;2977;1;0;0;0
FR;3;2021-02-08;2787;1;0;0;0;5764;2;0;0;0
FR;3;2021-02-09;6785;0;0;0;0;12549;2;0;0;0
FR;3;2021-02-10;9611;0;0;0;0;22160;2;0;0;0
FR;3;2021-02-11;13618;1;0;0;0;35778;3;0;0;0
FR;3;2021-02-12;13407;0;0;0;0;49185;3;0;0;0
FR;3;2021-02-13;3798;1;0;0;0;52983;4;0;0;0
FR;3;2021-02-14;975;1;0;0;0;53958;5;0;0;0
FR;3;2021-02-15;10492;2;0;0;0;64450;7;0;0;0
FR;3;2021-02-16;12550;4;0;0;0;77000;11;0;0;0
FR;3;2021-02-17;11158;1;0;0;0;88158;12;0;0;0
FR;3;2021-02-18;14942;2;0;0;0;103100;14;0;0;0
FR;3;2021-02-19;14362;1;0;0;0;117462;15;0;0;0
FR;3;2021-02-20;3330;0;0;0;0;120792;15;0;0;0
FR;3;2021-02-21;619;0;0;0;0;121411;15;0;0;0
FR;3;2021-02-22;9167;0;0;0;0;130578;15;0;0;0
FR;3;2021-02-23;11399;3;0;0;0;141977;18;0;0;0
FR;3;2021-02-24;14305;1;0;0;0;156282;19;0;0;0
FR;3;2021-02-25;44932;3;0;0;0;201214;22;0;0;0
FR;3;2021-02-26;61889;9;0;0;0;263103;31;0;0;0
FR;3;2021-02-27;34807;11;0;0;0;297910;42;0;0;0
FR;3;2021-02-28;2463;0;0;0;0;300373;42;0;0;0
FR;3;2021-03-01;20518;18;0;0;0;320891;60;0;0;0
FR;3;2021-03-02;38873;22;0;0;0;359764;82;0;0;0
FR;3;2021-03-03;48746;16;0;0;0;408510;98;0;0;0
FR;3;2021-03-04;82222;24;0;0;0;490732;122;0;0;0
FR;3;2021-03-05;118129;43;0;0;0;608861;165;0;0;0
FR;3;2021-03-06;120718;62;1;0;0;729579;227;1;0;0
FR;3;2021-03-07;55181;25;0;0;0;784760;252;1;0;0
FR;3;2021-03-08;42813;24;0;0;0;827573;276;1;0;0
FR;3;2021-03-09;78974;52;0;0;0;906547;328;1;0;0
FR;3;2021-03-10;80980;59;0;0;0;987527;387;1;0;0
FR;3;2021-03-11;128440;59;0;0;0;1115967;446;1;0;0
FR;3;2021-03-12;182720;110;0;0;0;1298687;556;1;0;0
FR;3;2021-03-13;132158;79;0;0;0;1430845;635;1;0;0
FR;3;2021-03-14;14057;5;0;0;0;1444902;640;1;0;0
FR;3;2021-03-15;52234;68;0;0;0;1497136;708;1;0;0
FR;3;2021-03-16;1215;45;0;0;0;1498351;753;1;0;0
FR;3;2021-03-17;947;51;0;0;0;1499298;804;1;0;0
FR;3;2021-03-18;1571;31;0;0;0;1500869;835;1;0;0
FR;3;2021-03-19;70454;53;0;0;0;1571323;888;1;0;0
FR;3;2021-03-20;65236;44;0;0;0;1636559;932;1;0;0
FR;3;2021-03-21;5759;8;0;0;0;1642318;940;1;0;0
FR;3;2021-03-22;37507;44;0;0;0;1679825;984;1;0;0
FR;3;2021-03-23;84661;79;0;0;0;1764486;1063;1;0;0
FR;3;2021-03-24;90950;95;0;0;0;1855436;1158;1;0;0
FR;3;2021-03-25;150063;138;0;0;0;2005499;1296;1;0;0
FR;3;2021-03-26;165427;156;0;0;0;2170926;1452;1;0;0
FR;3;2021-03-27;68462;102;0;0;0;2239388;1554;1;0;0
FR;3;2021-03-28;6479;20;0;0;0;2245867;1574;1;0;0
FR;3;2021-03-29;54168;76;0;0;0;2300035;1650;1;0;0
FR;3;2021-03-30;93179;101;0;0;0;2393214;1751;1;0;0
FR;3;2021-03-31;63541;109;0;0;0;2456755;1860;1;0;0
FR;3;2021-04-01;86133;114;0;0;0;2542888;1974;1;0;0
FR;3;2021-04-02;86911;178;0;0;0;2629799;2152;1;0;0
FR;3;2021-04-03;35875;129;0;0;0;2665674;2281;1;0;0
FR;3;2021-04-04;3576;19;0;0;0;2669250;2300;1;0;0
FR;3;2021-04-05;4491;38;0;0;0;2673741;2338;1;0;0
FR;3;2021-04-06;29758;95;0;0;0;2703499;2433;1;0;0
FR;3;2021-04-07;32344;98;0;0;0;2735843;2531;1;0;0
FR;3;2021-04-08;78822;254;0;0;0;2814665;2785;1;0;0
FR;3;2021-04-09;161754;433;0;0;0;2976419;3218;1;0;0
FR;3;2021-04-10;75762;359;0;0;0;3052181;3577;1;0;0
FR;3;2021-04-11;7312;46;0;0;0;3059493;3623;1;0;0
FR;3;2021-04-12;51482;217;0;0;0;3110975;3840;1;0;0
FR;3;2021-04-13;86232;346;0;0;0;3197207;4186;1;0;0
FR;3;2021-04-14;67845;364;0;0;0;3265052;4550;1;0;0
FR;3;2021-04-15;93233;390;0;0;0;3358285;4940;1;0;0
FR;3;2021-04-16;112522;600;0;0;0;3470807;5540;1;0;0
FR;3;2021-04-17;53318;340;1;0;0;3524125;5880;2;0;0
FR;3;2021-04-18;9747;44;0;0;0;3533872;5924;2;0;0
FR;3;2021-04-19;25112;268;0;0;0;3558984;6192;2;0;0
FR;3;2021-04-20;45673;420;0;0;0;3604657;6612;2;0;0
FR;3;2021-04-21;38985;507;0;0;0;3643642;7119;2;0;0
FR;3;2021-04-22;54713;831;0;0;0;3698355;7950;2;0;0
FR;3;2021-04-23;70490;1059;0;0;0;3768845;9009;2;0;0
FR;3;2021-04-24;37250;1065;0;0;0;3806095;10074;2;0;0
FR;3;2021-04-25;6212;155;0;0;0;3812307;10229;2;0;0
FR;3;2021-04-26;19788;684;0;0;0;3832095;10913;2;0;0
FR;3;2021-04-27;34482;1298;0;0;0;3866577;12211;2;0;0
FR;3;2021-04-28;28967;1995;0;0;0;3895544;14206;2;0;0
FR;3;2021-04-29;45385;6056;0;0;0;3940929;20262;2;0;0
FR;3;2021-04-30;55464;9025;1;0;0;3996393;29287;3;0;0
FR;3;2021-05-01;9516;2031;0;0;0;4005909;31318;3;0;0
FR;3;2021-05-02;3076;477;0;0;0;4008985;31795;3;0;0
FR;3;2021-05-03;13063;3898;0;0;0;4022048;35693;3;0;0
FR;3;2021-05-04;23114;8445;0;0;0;4045162;44138;3;0;0
FR;3;2021-05-05;18760;10740;0;0;0;4063922;54878;3;0;0
FR;3;2021-05-06;34629;21116;0;0;0;4098551;75994;3;0;0
FR;3;2021-05-07;44203;28718;0;0;0;4142754;104712;3;0;0
FR;3;2021-05-08;6785;9199;0;0;0;4149539;113911;3;0;0
FR;3;2021-05-09;1795;2649;0;0;0;4151334;116560;3;0;0
FR;3;2021-05-10;14996;12822;0;0;0;4166330;129382;3;0;0
FR;3;2021-05-11;27098;26092;0;0;0;4193428;155474;3;0;0
FR;3;2021-05-12;17268;27919;0;0;0;4210696;183393;3;0;0
FR;3;2021-05-13;2285;3496;0;0;0;4212981;186889;3;0;0
FR;3;2021-05-14;14520;25985;0;0;0;4227501;212874;3;0;0
FR;3;2021-05-15;7235;20973;0;0;0;4234736;233847;3;0;0
FR;3;2021-05-16;977;2651;0;0;0;4235713;236498;3;0;0
FR;3;2021-05-17;7965;20081;0;0;0;4243678;256579;3;0;0
FR;3;2021-05-18;13414;30020;0;0;0;4257092;286599;3;0;0
FR;3;2021-05-19;9274;30913;0;0;0;4266366;317512;3;0;0
FR;3;2021-05-20;12806;53633;3;0;0;4279172;371145;6;0;0
FR;3;2021-05-21;12766;65987;2;0;0;4291938;437132;8;0;0
FR;3;2021-05-22;4963;33632;1;0;0;4296901;470764;9;0;0
FR;3;2021-05-23;651;2655;0;0;0;4297552;473419;9;0;0
FR;3;2021-05-24;883;4842;0;0;0;4298435;478261;9;0;0
FR;3;2021-05-25;5310;46229;1;0;0;4303745;524490;10;0;0
FR;3;2021-05-26;4978;51835;1;0;0;4308723;576325;11;0;0
FR;3;2021-05-27;6334;78709;3;0;0;4315057;655034;14;0;0
FR;3;2021-05-28;7542;99922;2;0;0;4322599;754956;16;0;0
FR;3;2021-05-29;3349;60856;1;0;0;4325948;815812;17;0;0
FR;3;2021-05-30;549;8147;0;0;0;4326497;823959;17;0;0
FR;3;2021-05-31;2441;35615;3;0;0;4328938;859574;20;0;0
FR;3;2021-06-01;3411;64832;10;0;0;4332349;924406;30;0;0
FR;3;2021-06-02;2733;58691;6;0;0;4335082;983097;36;0;0
FR;3;2021-06-03;3495;87258;10;0;0;4338577;1070355;46;0;0
FR;3;2021-06-04;4117;105648;22;0;0;4342694;1176003;68;0;0
FR;3;2021-06-05;1983;52481;4;0;0;4344677;1228484;72;0;0
FR;3;2021-06-06;509;5312;1;0;0;4345186;1233796;73;0;0
FR;3;2021-06-07;1482;30803;11;0;0;4346668;1264599;84;0;0
FR;3;2021-06-08;2060;47357;18;0;0;4348728;1311956;102;0;0
FR;3;2021-06-09;1793;41943;13;0;0;4350521;1353899;115;0;0
FR;3;2021-06-10;2254;67764;17;0;0;4352775;1421663;132;0;0
FR;3;2021-06-11;2483;96648;34;0;0;4355258;1518311;166;0;0
FR;3;2021-06-12;1176;40659;6;0;0;4356434;1558970;172;0;0
FR;3;2021-06-13;283;3666;3;0;0;4356717;1562636;175;0;0
FR;3;2021-06-14;1047;42415;17;0;0;4357764;1605051;192;0;0
FR;3;2021-06-15;1374;80458;20;0;0;4359138;1685509;212;0;0
FR;3;2021-06-16;1261;65548;20;0;0;4360399;1751057;232;0;0
FR;3;2021-06-17;1666;102114;41;0;0;4362065;1853171;273;0;0
FR;3;2021-06-18;1870;118281;62;0;0;4363935;1971452;335;0;0
FR;3;2021-06-19;802;39447;22;0;0;4364737;2010899;357;0;0
FR;3;2021-06-20;161;3241;0;0;0;4364898;2014140;357;0;0
FR;3;2021-06-21;772;39101;16;0;0;4365670;2053241;373;0;0
FR;3;2021-06-22;1065;70022;52;0;0;4366735;2123263;425;0;0
FR;3;2021-06-23;943;50828;39;0;0;4367678;2174091;464;0;0
FR;3;2021-06-24;1310;77215;48;0;0;4368988;2251306;512;0;0
FR;3;2021-06-25;1409;90539;73;0;0;4370397;2341845;585;0;0
FR;3;2021-06-26;631;33109;29;0;0;4371028;2374954;614;0;0
FR;3;2021-06-27;166;3855;1;0;0;4371194;2378809;615;0;0
FR;3;2021-06-28;653;30124;27;0;0;4371847;2408933;642;0;0
FR;3;2021-06-29;857;56458;95;0;0;4372704;2465391;737;0;0
FR;3;2021-06-30;905;45155;93;0;0;4373609;2510546;830;0;0
FR;3;2021-07-01;1164;65948;108;0;0;4374773;2576494;938;0;0
FR;3;2021-07-02;1305;90491;170;0;0;4376078;2666985;1108;0;0
FR;3;2021-07-03;602;31185;51;0;0;4376680;2698170;1159;0;0
FR;3;2021-07-04;144;4056;3;0;0;4376824;2702226;1162;0;0
FR;3;2021-07-05;612;33696;60;0;0;4377436;2735922;1222;0;0
FR;3;2021-07-06;963;55975;88;0;0;4378399;2791897;1310;0;0
FR;3;2021-07-07;871;42984;80;0;0;4379270;2834881;1390;0;0
FR;3;2021-07-08;1127;60764;99;0;0;4380397;2895645;1489;0;0
FR;3;2021-07-09;1260;68878;128;0;0;4381657;2964523;1617;0;0
FR;3;2021-07-10;643;25039;59;0;0;4382300;2989562;1676;0;0
FR;3;2021-07-11;131;3207;4;0;0;4382431;2992769;1680;0;0
FR;3;2021-07-12;662;23723;59;0;0;4383093;3016492;1739;0;0
FR;3;2021-07-13;1647;34550;90;0;0;4384740;3051042;1829;0;0
FR;3;2021-07-14;268;2511;2;0;0;4385008;3053553;1831;0;0
FR;3;2021-07-15;1941;30506;85;0;0;4386949;3084059;1916;0;0
FR;3;2021-07-16;2520;38721;122;0;0;4389469;3122780;2038;0;0
FR;3;2021-07-17;1051;13727;26;0;0;4390520;3136507;2064;0;0
FR;3;2021-07-18;266;2562;3;0;0;4390786;3139069;2067;0;0
FR;3;2021-07-19;1278;16994;37;0;0;4392064;3156063;2104;0;0
FR;3;2021-07-20;1823;26994;98;0;0;4393887;3183057;2202;0;0
FR;3;2021-07-21;1651;19576;44;0;0;4395538;3202633;2246;0;0
FR;3;2021-07-22;1856;27671;83;0;0;4397394;3230304;2329;0;0
FR;3;2021-07-23;2216;30306;117;0;0;4399610;3260610;2446;0;0
FR;3;2021-07-24;826;6961;25;0;0;4400436;3267571;2471;0;0
FR;3;2021-07-25;210;1300;1;0;0;4400646;3268871;2472;0;0
FR;3;2021-07-26;930;10564;28;0;0;4401576;3279435;2500;0;0
FR;3;2021-07-27;1169;16864;56;0;0;4402745;3296299;2556;0;0
FR;3;2021-07-28;989;12031;40;0;0;4403734;3308330;2596;0;0
FR;3;2021-07-29;1127;15733;63;0;0;4404861;3324063;2659;0;0
FR;3;2021-07-30;1128;18011;79;0;0;4405989;3342074;2738;0;0
FR;3;2021-07-31;406;3732;15;0;0;4406395;3345806;2753;0;0
FR;3;2021-08-01;116;457;1;0;0;4406511;3346263;2754;0;0
FR;3;2021-08-02;421;5058;22;0;0;4406932;3351321;2776;0;0
FR;3;2021-08-03;496;7500;27;0;0;4407428;3358821;2803;0;0
FR;3;2021-08-04;438;4849;26;0;0;4407866;3363670;2829;0;0
FR;3;2021-08-05;431;3674;13;0;0;4408297;3367344;2842;0;0
FR;3;2021-08-06;456;4729;30;0;0;4408753;3372073;2872;0;0
FR;3;2021-08-07;214;1898;11;0;0;4408967;3373971;2883;0;0
FR;3;2021-08-08;250;426;2;0;0;4409217;3374397;2885;0;0
FR;3;2021-08-09;318;2414;11;0;0;4409535;3376811;2896;0;0
FR;3;2021-08-10;368;3788;15;0;0;4409903;3380599;2911;0;0
FR;3;2021-08-11;291;2681;15;0;0;4410194;3383280;2926;0;0
FR;3;2021-08-12;277;2600;12;0;0;4410471;3385880;2938;0;0
FR;3;2021-08-13;278;2263;16;0;0;4410749;3388143;2954;0;0
FR;3;2021-08-14;172;894;1;0;0;4410921;3389037;2955;0;0
FR;3;2021-08-15;56;176;0;0;0;4410977;3389213;2955;0;0
FR;3;2021-08-16;124;1038;8;0;0;4411101;3390251;2963;0;0
FR;3;2021-08-17;189;1450;8;0;0;4411290;3391701;2971;0;0
FR;3;2021-08-18;204;1319;10;0;0;4411494;3393020;2981;0;0
FR;3;2021-08-19;165;1388;10;0;0;4411659;3394408;2991;0;0
FR;3;2021-08-20;167;1607;16;0;0;4411826;3396015;3007;0;0
FR;3;2021-08-21;93;586;2;0;0;4411919;3396601;3009;0;0
FR;3;2021-08-22;42;190;1;0;0;4411961;3396791;3010;0;0
FR;3;2021-08-23;141;903;7;0;0;4412102;3397694;3017;0;0
FR;3;2021-08-24;125;932;10;0;0;4412227;3398626;3027;0;0
FR;3;2021-08-25;137;827;3;0;0;4412364;3399453;3030;0;0
FR;3;2021-08-26;172;838;9;0;0;4412536;3400291;3039;0;0
FR;3;2021-08-27;178;943;9;0;0;4412714;3401234;3048;0;0
FR;3;2021-08-28;101;372;4;0;0;4412815;3401606;3052;0;0
FR;3;2021-08-29;128;132;1;0;0;4412943;3401738;3053;0;0
FR;3;2021-08-30;100;575;0;0;118;4413043;3402313;3053;0;118
FR;3;2021-08-31;133;696;7;0;141;4413176;3403009;3060;0;259
FR;3;2021-09-01;121;462;5;0;112;4413297;3403471;3065;0;371
FR;3;2021-09-02;100;614;22;0;108;4413397;3404085;3087;0;479
FR;3;2021-09-03;116;569;17;0;120;4413513;3404654;3104;0;599
FR;3;2021-09-04;55;298;3;0;53;4413568;3404952;3107;0;652
FR;3;2021-09-05;51;67;5;0;26;4413619;3405019;3112;0;678
FR;3;2021-09-06;118;379;4;0;138;4413737;3405398;3116;0;816
FR;3;2021-09-07;124;442;14;0;119;4413861;3405840;3130;0;935
FR;3;2021-09-08;121;349;2;0;93;4413982;3406189;3132;0;1028
FR;3;2021-09-09;94;383;8;0;105;4414076;3406572;3140;0;1133
FR;3;2021-09-10;101;408;3;0;97;4414177;3406980;3143;0;1230
FR;3;2021-09-11;76;233;4;0;65;4414253;3407213;3147;0;1295
FR;3;2021-09-12;37;47;1;0;16;4414290;3407260;3148;0;1311
FR;3;2021-09-13;73;307;7;0;101;4414363;3407567;3155;0;1412
FR;3;2021-09-14;75;279;6;0;97;4414438;3407846;3161;0;1509
FR;3;2021-09-15;62;256;3;0;6;4414500;3408102;3164;0;1515
FR;3;2021-09-16;65;322;6;0;6;4414565;3408424;3170;0;1521
FR;3;2021-09-17;52;330;3;0;7;4414617;3408754;3173;0;1528
FR;3;2021-09-18;37;175;1;0;1;4414654;3408929;3174;0;1529
FR;3;2021-09-19;28;31;2;0;1;4414682;3408960;3176;0;1530
FR;3;2021-09-20;81;195;0;0;1;4414763;3409155;3176;0;1531
FR;3;2021-09-21;60;281;6;0;7;4414823;3409436;3182;0;1538
FR;3;2021-09-22;65;233;6;0;7;4414888;3409669;3188;0;1545
FR;3;2021-09-23;37;263;11;0;7;4414925;3409932;3199;0;1552
FR;3;2021-09-24;28;321;12;0;18;4414953;3410253;3211;0;1570
FR;3;2021-09-25;31;143;3;0;3;4414984;3410396;3214;0;1573
FR;3;2021-09-26;16;59;1;0;1;4415000;3410455;3215;0;1574
FR;3;2021-09-27;48;289;3;0;5;4415048;3410744;3218;0;1579
FR;3;2021-09-28;49;248;6;0;8;4415097;3410992;3224;0;1587
FR;3;2021-09-29;37;223;10;0;15;4415134;3411215;3234;0;1602
FR;3;2021-09-30;40;201;8;0;10;4415174;3411416;3242;0;1612
FR;3;2021-10-01;23;162;6;0;7;4415197;3411578;3248;0;1619
FR;3;2021-10-02;17;85;0;0;0;4415214;3411663;3248;0;1619
FR;3;2021-10-03;19;18;1;0;2;4415233;3411681;3249;0;1621
FR;3;2021-10-04;33;158;4;0;4;4415266;3411839;3253;0;1625
FR;3;2021-10-05;17;148;10;0;12;4415283;3411987;3263;0;1637
FR;3;2021-10-06;32;147;8;0;9;4415315;3412134;3271;0;1646
FR;3;2021-10-07;19;134;6;0;6;4415334;3412268;3277;0;1652
FR;3;2021-10-08;25;138;10;0;9;4415359;3412406;3287;0;1661
FR;3;2021-10-09;16;72;1;0;1;4415375;3412478;3288;0;1662
FR;3;2021-10-10;13;18;2;0;3;4415388;3412496;3290;0;1665
FR;3;2021-10-11;16;117;4;0;5;4415404;3412613;3294;0;1670
FR;3;2021-10-12;20;103;5;0;5;4415424;3412716;3299;0;1675
FR;3;2021-10-13;25;117;9;0;7;4415449;3412833;3308;0;1682
FR;3;2021-10-14;18;151;3;0;4;4415467;3412984;3311;0;1686
FR;3;2021-10-15;23;145;8;0;12;4415490;3413129;3319;0;1698
FR;3;2021-10-16;13;74;6;0;8;4415503;3413203;3325;0;1706
FR;3;2021-10-17;12;25;0;0;0;4415515;3413228;3325;0;1706
FR;3;2021-10-18;18;116;2;0;2;4415533;3413344;3327;0;1708
FR;3;2021-10-19;16;116;19;0;21;4415549;3413460;3346;0;1729
FR;3;2021-10-20;26;127;6;0;7;4415575;3413587;3352;0;1736
FR;3;2021-10-21;28;129;17;0;13;4415603;3413716;3369;0;1749
FR;3;2021-10-22;24;110;16;0;19;4415627;3413826;3385;0;1768
FR;3;2021-10-23;17;56;2;0;1;4415644;3413882;3387;0;1769
FR;3;2021-10-24;7;36;0;0;0;4415651;3413918;3387;0;1769
FR;3;2021-10-25;24;146;7;0;7;4415675;3414064;3394;0;1776
FR;3;2021-10-26;25;99;22;0;19;4415700;3414163;3416;0;1795
FR;3;2021-10-27;18;99;9;0;9;4415718;3414262;3425;0;1804
FR;3;2021-10-28;22;117;33;0;36;4415740;3414379;3458;0;1840
FR;3;2021-10-29;12;104;64;0;54;4415752;3414483;3522;0;1894
FR;3;2021-10-30;11;63;11;1;10;4415763;3414546;3533;1;1904
FR;3;2021-10-31;8;25;1;0;1;4415771;3414571;3534;1;1905
FR;3;2021-11-01;10;22;2;0;1;4415781;3414593;3536;1;1906
FR;3;2021-11-02;10;102;10;0;12;4415791;3414695;3546;1;1918
FR;3;2021-11-03;19;111;10;0;10;4415810;3414806;3556;1;1928
FR;3;2021-11-04;20;91;5;0;4;4415830;3414897;3561;1;1932
FR;3;2021-11-05;19;124;9;1;6;4415849;3415021;3570;2;1938
FR;3;2021-11-06;10;59;3;0;3;4415859;3415080;3573;2;1941
FR;3;2021-11-07;6;22;1;0;1;4415865;3415102;3574;2;1942
FR;3;2021-11-08;11;136;7;0;5;4415876;3415238;3581;2;1947
FR;3;2021-11-09;13;133;5;0;5;4415889;3415371;3586;2;1952
FR;3;2021-11-10;14;160;14;0;15;4415903;3415531;3600;2;1967
FR;3;2021-11-11;11;49;3;0;3;4415914;3415580;3603;2;1970
FR;3;2021-11-12;14;132;6;0;4;4415928;3415712;3609;2;1974
FR;3;2021-11-13;7;68;9;0;10;4415935;3415780;3618;2;1984
FR;3;2021-11-14;3;24;1;0;1;4415938;3415804;3619;2;1985
FR;3;2021-11-15;5;172;10;0;11;4415943;3415976;3629;2;1996
FR;3;2021-11-16;7;137;11;0;10;4415950;3416113;3640;2;2006
FR;3;2021-11-17;7;150;11;0;8;4415957;3416263;3651;2;2014
FR;3;2021-11-18;15;149;10;0;11;4415972;3416412;3661;2;2025
FR;3;2021-11-19;10;199;22;0;27;4415982;3416611;3683;2;2052
FR;3;2021-11-20;6;105;6;0;6;4415988;3416716;3689;2;2058
FR;3;2021-11-21;3;26;4;0;4;4415991;3416742;3693;2;2062
FR;3;2021-11-22;11;201;11;0;11;4416002;3416943;3704;2;2073
FR;3;2021-11-23;9;198;15;0;14;4416011;3417141;3719;2;2087
FR;3;2021-11-24;9;201;9;0;17;4416020;3417342;3728;2;2104
FR;3;2021-11-25;12;230;11;0;11;4416032;3417572;3739;2;2115
FR;3;2021-11-26;9;302;35;0;33;4416041;3417874;3774;2;2148
FR;3;2021-11-27;8;141;20;0;21;4416049;3418015;3794;2;2169
FR;3;2021-11-28;3;60;7;0;7;4416052;3418075;3801;2;2176
FR;3;2021-11-29;5;254;21;0;22;4416057;3418329;3822;2;2198
FR;3;2021-11-30;7;339;29;0;32;4416064;3418668;3851;2;2230
FR;3;2021-12-01;30;371;37;0;39;4416094;3419039;3888;2;2269
FR;3;2021-12-02;9;389;33;0;36;4416103;3419428;3921;2;2305
FR;3;2021-12-03;4;435;37;0;38;4416107;3419863;3958;2;2343
FR;3;2021-12-04;3;233;26;0;28;4416110;3420096;3984;2;2371
FR;3;2021-12-05;1;66;5;0;5;4416111;3420162;3989;2;2376
FR;3;2021-12-06;6;407;14;0;15;4416117;3420569;4003;2;2391
FR;3;2021-12-07;4;479;20;0;24;4416121;3421048;4023;2;2415
FR;3;2021-12-08;7;433;29;0;30;4416128;3421481;4052;2;2445
FR;3;2021-12-09;3;493;17;0;22;4416131;3421974;4069;2;2467
FR;3;2021-12-10;10;506;29;0;25;4416141;3422480;4098;2;2492
FR;3;2021-12-11;4;330;10;0;9;4416145;3422810;4108;2;2501
FR;3;2021-12-12;1;108;3;0;3;4416146;3422918;4111;2;2504
FR;3;2021-12-13;2;486;19;0;21;4416148;3423404;4130;2;2525
FR;3;2021-12-14;8;622;18;0;21;4416156;3424026;4148;2;2546
FR;3;2021-12-15;9;596;17;0;21;4416165;3424622;4165;2;2567
FR;3;2021-12-16;10;604;19;0;18;4416175;3425226;4184;2;2585
FR;3;2021-12-17;5;687;18;0;19;4416180;3425913;4202;2;2604
FR;3;2021-12-18;4;372;4;0;5;4416184;3426285;4206;2;2609
FR;3;2021-12-19;3;193;2;0;2;4416187;3426478;4208;2;2611
FR;3;2021-12-20;8;628;23;0;28;4416195;3427106;4231;2;2639
FR;3;2021-12-21;3;714;10;0;13;4416198;3427820;4241;2;2652
FR;3;2021-12-22;10;668;9;0;10;4416208;3428488;4250;2;2662
FR;3;2021-12-23;3;583;8;0;8;4416211;3429071;4258;2;2670
FR;3;2021-12-24;2;246;3;0;6;4416213;3429317;4261;2;2676
FR;3;2021-12-25;0;25;0;0;0;4416213;3429342;4261;2;2676
FR;3;2021-12-26;0;92;1;0;1;4416213;3429434;4262;2;2677
FR;3;2021-12-27;7;492;17;0;20;4416220;3429926;4279;2;2697
FR;3;2021-12-28;3;633;6;0;5;4416223;3430559;4285;2;2702
FR;3;2021-12-29;4;526;14;0;16;4416227;3431085;4299;2;2718
FR;3;2021-12-30;3;547;7;0;10;4416230;3431632;4306;2;2728
FR;3;2021-12-31;0;192;5;0;7;4416230;3431824;4311;2;2735
FR;3;2022-01-01;0;26;0;0;2;4416230;3431850;4311;2;2737
FR;3;2022-01-02;0;80;0;0;0;4416230;3431930;4311;2;2737
FR;3;2022-01-03;4;529;17;0;21;4416234;3432459;4328;2;2758
FR;3;2022-01-04;6;574;9;0;8;4416240;3433033;4337;2;2766
FR;3;2022-01-05;5;518;10;0;14;4416245;3433551;4347;2;2780
FR;3;2022-01-06;6;495;9;0;10;4416251;3434046;4356;2;2790
FR;3;2022-01-07;2;523;11;0;13;4416253;3434569;4367;2;2803
FR;3;2022-01-08;4;263;4;0;5;4416257;3434832;4371;2;2808
FR;3;2022-01-09;0;117;0;0;0;4416257;3434949;4371;2;2808
FR;3;2022-01-10;2;454;12;0;12;4416259;3435403;4383;2;2820
FR;3;2022-01-11;3;486;1;0;1;4416262;3435889;4384;2;2821
FR;3;2022-01-12;2;412;9;0;10;4416264;3436301;4393;2;2831
FR;3;2022-01-13;3;405;11;0;12;4416267;3436706;4404;2;2843
FR;3;2022-01-14;3;445;10;0;13;4416270;3437151;4414;2;2856
FR;3;2022-01-15;0;288;2;0;3;4416270;3437439;4416;2;2859
FR;3;2022-01-16;1;110;1;0;1;4416271;3437549;4417;2;2860
FR;3;2022-01-17;2;334;8;0;9;4416273;3437883;4425;2;2869
FR;3;2022-01-18;2;379;1;0;2;4416275;3438262;4426;2;2871
FR;3;2022-01-19;2;335;5;0;10;4416277;3438597;4431;2;2881
FR;3;2022-01-20;1;364;5;0;3;4416278;3438961;4436;2;2884
FR;3;2022-01-21;4;353;5;0;7;4416282;3439314;4441;2;2891
FR;3;2022-01-22;2;229;1;0;2;4416284;3439543;4442;2;2893
FR;3;2022-01-23;0;80;0;0;1;4416284;3439623;4442;2;2894
FR;3;2022-01-24;2;329;1;0;6;4416286;3439952;4443;2;2900
FR;3;2022-01-25;0;180;0;0;0;4416286;3440132;4443;2;2900
FR;3;2022-01-26;0;80;0;0;0;4416286;3440212;4443;2;2900
FR;3;2022-01-27;0;54;0;0;0;4416286;3440266;4443;2;2900
FR;3;2022-01-28;0;123;0;0;0;4416286;3440389;4443;2;2900
FR;3;2022-01-29;0;101;0;0;0;4416286;3440490;4443;2;2900
FR;3;2022-01-30;0;51;0;0;0;4416286;3440541;4443;2;2900
FR;3;2022-01-31;0;93;0;0;0;4416286;3440634;4443;2;2900
FR;3;2022-02-01;0;100;0;0;1;4416286;3440734;4443;2;2901
FR;3;2022-02-02;0;86;0;0;0;4416286;3440820;4443;2;2901
FR;3;2022-02-03;0;96;0;0;0;4416286;3440916;4443;2;2901
FR;3;2022-02-04;0;117;0;0;0;4416286;3441033;4443;2;2901
FR;3;2022-02-05;0;71;0;0;0;4416286;3441104;4443;2;2901
FR;3;2022-02-06;0;11;0;0;0;4416286;3441115;4443;2;2901
FR;3;2022-02-07;0;81;0;0;0;4416286;3441196;4443;2;2901
FR;3;2022-02-08;0;0;0;0;0;4416286;3441196;4443;2;2901
FR;3;2022-02-09;0;0;0;0;0;4416286;3441196;4443;2;2901
FR;3;2022-02-10;0;0;0;0;0;4416286;3441196;4443;2;2901
FR;3;2022-02-11;0;0;0;0;0;4416286;3441196;4443;2;2901
FR;3;2022-02-12;0;0;0;0;0;4416286;3441196;4443;2;2901
FR;3;2022-02-13;0;0;0;0;0;4416286;3441196;4443;2;2901
FR;3;2022-02-14;0;0;0;0;0;4416286;3441196;4443;2;2901
FR;3;2022-02-15;0;0;0;0;0;4416286;3441196;4443;2;2901
FR;3;2022-02-16;0;0;0;0;0;4416286;3441196;4443;2;2901
FR;3;2022-02-17;0;0;0;0;0;4416286;3441196;4443;2;2901
FR;3;2022-02-18;0;0;0;0;0;4416286;3441196;4443;2;2901
FR;3;2022-02-19;0;0;0;0;0;4416286;3441196;4443;2;2901
FR;3;2022-02-20;0;0;0;0;0;4416286;3441196;4443;2;2901
FR;3;2022-02-21;2;0;0;0;0;4416288;3441196;4443;2;2901
FR;3;2022-02-22;0;0;0;0;0;4416288;3441196;4443;2;2901
FR;3;2022-02-23;0;0;0;0;0;4416288;3441196;4443;2;2901
FR;3;2022-02-24;0;0;0;0;0;4416288;3441196;4443;2;2901
FR;3;2022-02-25;0;0;0;0;0;4416288;3441196;4443;2;2901
FR;3;2022-02-26;0;0;0;0;0;4416288;3441196;4443;2;2901
FR;3;2022-02-27;0;0;0;0;0;4416288;3441196;4443;2;2901
FR;3;2022-02-28;1;0;0;0;0;4416289;3441196;4443;2;2901
FR;3;2022-03-01;1;0;0;0;0;4416290;3441196;4443;2;2901
FR;3;2022-03-02;0;0;0;0;0;4416290;3441196;4443;2;2901
FR;3;2022-03-03;0;0;0;0;0;4416290;3441196;4443;2;2901
FR;3;2022-03-04;0;0;0;0;0;4416290;3441196;4443;2;2901
FR;3;2022-03-05;0;0;0;0;0;4416290;3441196;4443;2;2901
FR;3;2022-03-06;1;0;0;0;0;4416291;3441196;4443;2;2901
FR;3;2022-03-07;0;0;0;0;0;4416291;3441196;4443;2;2901
FR;3;2022-03-08;1;0;0;0;0;4416292;3441196;4443;2;2901
FR;3;2022-03-09;0;0;0;0;0;4416292;3441196;4443;2;2901
FR;3;2022-03-10;0;0;0;0;0;4416292;3441196;4443;2;2901
FR;3;2022-03-11;0;0;0;0;0;4416292;3441196;4443;2;2901
FR;3;2022-03-12;0;0;0;0;0;4416292;3441196;4443;2;2901
FR;3;2022-03-13;0;0;0;0;0;4416292;3441196;4443;2;2901
FR;3;2022-03-14;0;0;0;0;0;4416292;3441196;4443;2;2901
FR;3;2022-03-15;0;0;0;0;0;4416292;3441196;4443;2;2901
FR;3;2022-03-16;0;0;0;0;0;4416292;3441196;4443;2;2901
FR;3;2022-03-17;0;0;0;0;0;4416292;3441196;4443;2;2901
FR;3;2022-03-18;0;0;0;0;0;4416292;3441196;4443;2;2901
FR;3;2022-03-19;0;0;0;0;0;4416292;3441196;4443;2;2901
FR;3;2022-03-20;1;0;0;0;0;4416293;3441196;4443;2;2901
FR;3;2022-03-21;0;0;0;0;0;4416293;3441196;4443;2;2901
FR;3;2022-03-22;0;0;0;0;0;4416293;3441196;4443;2;2901
FR;3;2022-03-23;1;0;0;0;0;4416294;3441196;4443;2;2901
FR;3;2022-03-24;0;0;0;0;0;4416294;3441196;4443;2;2901
FR;3;2022-03-25;1;0;0;0;0;4416295;3441196;4443;2;2901
FR;3;2022-03-26;0;0;0;0;0;4416295;3441196;4443;2;2901
FR;3;2022-03-27;0;0;0;0;0;4416295;3441196;4443;2;2901
FR;3;2022-03-28;0;0;0;0;0;4416295;3441196;4443;2;2901
FR;3;2022-03-29;0;0;0;0;0;4416295;3441196;4443;2;2901
FR;3;2022-03-30;0;0;0;0;0;4416295;3441196;4443;2;2901
FR;3;2022-03-31;0;0;0;0;0;4416295;3441196;4443;2;2901
FR;3;2022-04-01;0;0;0;0;0;4416295;3441196;4443;2;2901
FR;3;2022-04-02;0;0;0;0;0;4416295;3441196;4443;2;2901
FR;3;2022-04-03;0;0;0;0;0;4416295;3441196;4443;2;2901
FR;3;2022-04-04;0;0;0;0;0;4416295;3441196;4443;2;2901
FR;3;2022-04-05;0;0;0;0;0;4416295;3441196;4443;2;2901
FR;3;2022-04-06;0;0;0;0;0;4416295;3441196;4443;2;2901
FR;3;2022-04-07;0;0;0;0;0;4416295;3441196;4443;2;2901
FR;3;2022-04-08;0;0;0;0;0;4416295;3441196;4443;2;2901
FR;3;2022-04-09;0;0;0;0;0;4416295;3441196;4443;2;2901
FR;3;2022-04-10;0;0;0;0;0;4416295;3441196;4443;2;2901
FR;3;2022-04-11;0;0;0;0;0;4416295;3441196;4443;2;2901
FR;3;2022-04-12;0;0;0;0;0;4416295;3441196;4443;2;2901
FR;3;2022-04-13;0;0;0;0;0;4416295;3441196;4443;2;2901
FR;3;2022-04-14;0;0;0;0;0;4416295;3441196;4443;2;2901
FR;3;2022-04-15;1;0;0;0;0;4416296;3441196;4443;2;2901
FR;3;2022-04-16;0;0;0;0;0;4416296;3441196;4443;2;2901
FR;3;2022-04-17;0;0;0;0;0;4416296;3441196;4443;2;2901
FR;3;2022-04-18;0;0;0;0;0;4416296;3441196;4443;2;2901
FR;3;2022-04-19;0;0;0;0;0;4416296;3441196;4443;2;2901
FR;3;2022-04-20;0;0;0;0;0;4416296;3441196;4443;2;2901
FR;3;2022-04-21;0;0;0;0;0;4416296;3441196;4443;2;2901
FR;3;2022-04-22;0;0;0;0;0;4416296;3441196;4443;2;2901
FR;3;2022-04-23;0;0;0;0;0;4416296;3441196;4443;2;2901
FR;3;2022-04-24;0;0;0;0;0;4416296;3441196;4443;2;2901
FR;3;2022-04-25;0;0;0;0;0;4416296;3441196;4443;2;2901
FR;3;2022-04-26;0;0;0;0;0;4416296;3441196;4443;2;2901
FR;3;2022-04-27;0;0;0;0;0;4416296;3441196;4443;2;2901
FR;3;2022-04-28;0;0;0;0;0;4416296;3441196;4443;2;2901
FR;3;2022-04-29;0;0;0;0;0;4416296;3441196;4443;2;2901
FR;3;2022-04-30;0;0;0;0;0;4416296;3441196;4443;2;2901
FR;3;2022-05-01;0;0;0;0;0;4416296;3441196;4443;2;2901
FR;3;2022-05-02;0;0;0;0;0;4416296;3441196;4443;2;2901
FR;3;2022-05-03;0;0;0;0;0;4416296;3441196;4443;2;2901
FR;3;2022-05-04;0;0;0;0;0;4416296;3441196;4443;2;2901
FR;3;2022-05-05;0;0;0;0;0;4416296;3441196;4443;2;2901
FR;3;2022-05-06;0;0;0;0;0;4416296;3441196;4443;2;2901
FR;3;2022-05-07;0;0;0;0;0;4416296;3441196;4443;2;2901
FR;3;2022-05-08;0;0;0;0;0;4416296;3441196;4443;2;2901
FR;3;2022-05-09;0;0;0;0;0;4416296;3441196;4443;2;2901
FR;3;2022-05-10;0;0;0;0;0;4416296;3441196;4443;2;2901
FR;3;2022-05-11;0;0;0;0;0;4416296;3441196;4443;2;2901
FR;3;2022-05-12;0;0;0;0;0;4416296;3441196;4443;2;2901
FR;3;2022-05-13;0;0;0;0;0;4416296;3441196;4443;2;2901
FR;3;2022-05-14;1;0;0;0;0;4416297;3441196;4443;2;2901
FR;3;2022-05-15;0;0;0;0;0;4416297;3441196;4443;2;2901
FR;3;2022-05-16;0;0;0;0;0;4416297;3441196;4443;2;2901
FR;3;2022-05-17;0;0;0;0;0;4416297;3441196;4443;2;2901
FR;3;2022-05-18;0;0;0;0;0;4416297;3441196;4443;2;2901
FR;3;2022-05-19;0;0;0;0;0;4416297;3441196;4443;2;2901
FR;3;2022-05-20;0;0;0;0;0;4416297;3441196;4443;2;2901
FR;3;2022-05-21;0;0;0;0;0;4416297;3441196;4443;2;2901
FR;3;2022-05-22;0;0;0;0;0;4416297;3441196;4443;2;2901
FR;3;2022-05-23;0;0;0;0;0;4416297;3441196;4443;2;2901
FR;3;2022-05-24;0;0;0;0;0;4416297;3441196;4443;2;2901
FR;3;2022-05-25;0;0;0;0;0;4416297;3441196;4443;2;2901
FR;3;2022-05-26;0;0;0;0;0;4416297;3441196;4443;2;2901
FR;3;2022-05-27;0;0;0;0;0;4416297;3441196;4443;2;2901
FR;3;2022-05-28;0;0;0;0;0;4416297;3441196;4443;2;2901
FR;3;2022-05-29;0;0;0;0;0;4416297;3441196;4443;2;2901
FR;3;2022-05-30;0;0;0;0;0;4416297;3441196;4443;2;2901
FR;3;2022-05-31;0;0;0;0;0;4416297;3441196;4443;2;2901
FR;3;2022-06-01;0;0;0;0;0;4416297;3441196;4443;2;2901
FR;3;2022-06-02;0;0;0;0;0;4416297;3441196;4443;2;2901
FR;3;2022-06-03;0;0;0;0;0;4416297;3441196;4443;2;2901
FR;3;2022-06-04;0;0;0;0;0;4416297;3441196;4443;2;2901
FR;3;2022-06-05;0;0;0;0;0;4416297;3441196;4443;2;2901
FR;3;2022-06-06;0;0;0;0;0;4416297;3441196;4443;2;2901
FR;3;2022-06-07;0;0;0;0;0;4416297;3441196;4443;2;2901
FR;3;2022-06-08;0;0;0;0;0;4416297;3441196;4443;2;2901
FR;3;2022-06-09;0;0;0;0;0;4416297;3441196;4443;2;2901
FR;3;2022-06-10;0;0;0;0;0;4416297;3441196;4443;2;2901
FR;3;2022-06-11;0;0;0;0;0;4416297;3441196;4443;2;2901
FR;3;2022-06-12;0;0;0;0;0;4416297;3441196;4443;2;2901
FR;3;2022-06-13;1;0;0;0;0;4416298;3441196;4443;2;2901
FR;3;2022-06-14;0;0;0;0;0;4416298;3441196;4443;2;2901
FR;3;2022-06-15;0;0;0;0;0;4416298;3441196;4443;2;2901
FR;3;2022-06-16;0;0;0;0;0;4416298;3441196;4443;2;2901
FR;3;2022-06-17;0;0;0;0;0;4416298;3441196;4443;2;2901
FR;3;2022-06-18;0;0;0;0;0;4416298;3441196;4443;2;2901
FR;3;2022-06-19;0;0;0;0;0;4416298;3441196;4443;2;2901
FR;3;2022-06-20;0;0;0;0;0;4416298;3441196;4443;2;2901
FR;3;2022-06-21;0;0;0;0;0;4416298;3441196;4443;2;2901
FR;3;2022-06-22;0;0;0;0;0;4416298;3441196;4443;2;2901
FR;3;2022-06-23;0;0;0;0;0;4416298;3441196;4443;2;2901
FR;3;2022-06-24;0;0;0;0;0;4416298;3441196;4443;2;2901
FR;3;2022-06-25;0;0;0;0;0;4416298;3441196;4443;2;2901
FR;3;2022-06-26;0;0;0;0;0;4416298;3441196;4443;2;2901
FR;3;2022-06-27;0;0;0;0;0;4416298;3441196;4443;2;2901
FR;3;2022-06-28;0;0;0;0;0;4416298;3441196;4443;2;2901
FR;3;2022-06-29;1;0;0;0;0;4416299;3441196;4443;2;2901
FR;3;2022-06-30;0;0;0;0;0;4416299;3441196;4443;2;2901
FR;3;2022-07-01;0;0;0;0;0;4416299;3441196;4443;2;2901
FR;3;2022-07-02;0;0;0;0;0;4416299;3441196;4443;2;2901
FR;3;2022-07-03;0;0;0;0;0;4416299;3441196;4443;2;2901
FR;3;2022-07-04;0;0;0;0;0;4416299;3441196;4443;2;2901
FR;3;2022-07-05;0;0;0;0;0;4416299;3441196;4443;2;2901
FR;3;2022-07-06;0;0;0;0;0;4416299;3441196;4443;2;2901
FR;3;2022-07-07;0;0;0;0;0;4416299;3441196;4443;2;2901
FR;3;2022-07-08;0;0;0;0;0;4416299;3441196;4443;2;2901
FR;3;2022-07-09;0;0;0;0;0;4416299;3441196;4443;2;2901
FR;3;2022-07-10;0;0;0;0;0;4416299;3441196;4443;2;2901
FR;3;2022-07-11;0;0;0;0;0;4416299;3441196;4443;2;2901
FR;3;2022-07-12;0;0;0;0;0;4416299;3441196;4443;2;2901
FR;3;2022-07-13;0;0;0;0;0;4416299;3441196;4443;2;2901
FR;3;2022-07-14;0;0;0;0;0;4416299;3441196;4443;2;2901
FR;3;2022-07-15;0;0;0;0;0;4416299;3441196;4443;2;2901
FR;3;2022-07-16;0;0;0;0;0;4416299;3441196;4443;2;2901
FR;3;2022-07-17;0;0;0;0;0;4416299;3441196;4443;2;2901
FR;3;2022-07-18;0;0;0;0;0;4416299;3441196;4443;2;2901
FR;3;2022-07-19;0;0;0;0;0;4416299;3441196;4443;2;2901
FR;3;2022-07-20;0;0;0;0;0;4416299;3441196;4443;2;2901
FR;3;2022-07-21;0;0;0;0;0;4416299;3441196;4443;2;2901
FR;3;2022-07-22;0;0;0;0;0;4416299;3441196;4443;2;2901
FR;3;2022-07-23;0;0;0;0;0;4416299;3441196;4443;2;2901
FR;3;2022-07-24;0;0;0;0;0;4416299;3441196;4443;2;2901
FR;3;2022-07-25;0;0;0;0;0;4416299;3441196;4443;2;2901
FR;3;2022-07-26;0;0;0;0;0;4416299;3441196;4443;2;2901
FR;3;2022-07-27;0;0;0;0;0;4416299;3441196;4443;2;2901
FR;3;2022-07-28;0;0;0;0;0;4416299;3441196;4443;2;2901
FR;3;2022-07-29;0;0;0;0;0;4416299;3441196;4443;2;2901
FR;3;2022-07-30;0;0;0;0;0;4416299;3441196;4443;2;2901
FR;3;2022-07-31;0;0;0;0;0;4416299;3441196;4443;2;2901
FR;3;2022-08-01;0;0;0;0;0;4416299;3441196;4443;2;2901
FR;3;2022-08-02;0;0;0;0;0;4416299;3441196;4443;2;2901
FR;3;2022-08-03;0;0;0;0;0;4416299;3441196;4443;2;2901
FR;3;2022-08-04;0;0;0;0;0;4416299;3441196;4443;2;2901
FR;3;2022-08-05;0;0;0;0;0;4416299;3441196;4443;2;2901
FR;3;2022-08-06;0;0;0;0;0;4416299;3441196;4443;2;2901
FR;3;2022-08-07;0;0;0;0;0;4416299;3441196;4443;2;2901
FR;3;2022-08-08;0;0;0;0;0;4416299;3441196;4443;2;2901
FR;3;2022-08-09;0;0;0;0;0;4416299;3441196;4443;2;2901
FR;3;2022-08-10;0;0;0;0;0;4416299;3441196;4443;2;2901
FR;3;2022-08-11;0;0;0;0;0;4416299;3441196;4443;2;2901
FR;3;2022-08-12;0;0;0;0;0;4416299;3441196;4443;2;2901
FR;3;2022-08-13;0;0;0;0;0;4416299;3441196;4443;2;2901
FR;3;2022-08-14;0;0;0;0;0;4416299;3441196;4443;2;2901
FR;3;2022-08-15;0;0;0;0;0;4416299;3441196;4443;2;2901
FR;3;2022-08-16;0;0;0;0;0;4416299;3441196;4443;2;2901
FR;3;2022-08-17;0;0;0;0;0;4416299;3441196;4443;2;2901
FR;3;2022-08-18;0;0;0;0;0;4416299;3441196;4443;2;2901
FR;3;2022-08-19;0;0;0;0;0;4416299;3441196;4443;2;2901
FR;3;2022-08-20;0;0;0;0;0;4416299;3441196;4443;2;2901
FR;3;2022-08-21;0;0;0;0;0;4416299;3441196;4443;2;2901
FR;3;2022-08-22;0;0;0;0;0;4416299;3441196;4443;2;2901
FR;3;2022-08-23;0;0;0;0;0;4416299;3441196;4443;2;2901
FR;3;2022-08-24;0;0;0;0;0;4416299;3441196;4443;2;2901
FR;3;2022-08-25;0;0;0;0;0;4416299;3441196;4443;2;2901
FR;3;2022-08-26;0;0;0;0;0;4416299;3441196;4443;2;2901
FR;3;2022-08-27;0;0;0;0;0;4416299;3441196;4443;2;2901
FR;3;2022-08-28;0;0;0;0;0;4416299;3441196;4443;2;2901
FR;3;2022-08-29;0;0;0;0;0;4416299;3441196;4443;2;2901
FR;3;2022-08-30;0;0;0;0;0;4416299;3441196;4443;2;2901
FR;3;2022-08-31;0;0;0;0;0;4416299;3441196;4443;2;2901
FR;3;2022-09-01;0;0;0;0;0;4416299;3441196;4443;2;2901
FR;3;2022-09-02;0;0;0;0;0;4416299;3441196;4443;2;2901
FR;3;2022-09-03;0;0;0;0;0;4416299;3441196;4443;2;2901
FR;3;2022-09-04;0;0;0;0;0;4416299;3441196;4443;2;2901
FR;3;2022-09-05;0;0;0;0;0;4416299;3441196;4443;2;2901
FR;3;2022-09-06;0;0;0;0;0;4416299;3441196;4443;2;2901
FR;3;2022-09-07;0;0;0;0;0;4416299;3441196;4443;2;2901
FR;3;2022-09-08;0;0;0;0;0;4416299;3441196;4443;2;2901
FR;3;2022-09-09;0;0;0;0;0;4416299;3441196;4443;2;2901
FR;3;2022-09-10;0;0;0;0;0;4416299;3441196;4443;2;2901
FR;3;2022-09-11;0;0;0;0;0;4416299;3441196;4443;2;2901
FR;3;2022-09-12;0;0;0;0;0;4416299;3441196;4443;2;2901
FR;3;2022-09-13;0;0;0;0;0;4416299;3441196;4443;2;2901
FR;3;2022-09-14;0;0;0;0;0;4416299;3441196;4443;2;2901
FR;3;2022-09-15;0;0;0;0;0;4416299;3441196;4443;2;2901
FR;3;2022-09-16;0;0;0;0;0;4416299;3441196;4443;2;2901
FR;3;2022-09-17;0;0;0;0;0;4416299;3441196;4443;2;2901
FR;3;2022-09-18;0;0;0;0;0;4416299;3441196;4443;2;2901
FR;3;2022-09-19;0;0;0;0;0;4416299;3441196;4443;2;2901
FR;3;2022-09-20;0;0;0;0;0;4416299;3441196;4443;2;2901
FR;3;2022-09-21;0;0;0;0;0;4416299;3441196;4443;2;2901
FR;3;2022-09-22;0;0;0;0;0;4416299;3441196;4443;2;2901
FR;3;2022-09-23;0;0;0;0;0;4416299;3441196;4443;2;2901
FR;3;2022-09-24;0;0;0;0;0;4416299;3441196;4443;2;2901
FR;3;2022-09-25;0;0;0;0;0;4416299;3441196;4443;2;2901
FR;3;2022-09-26;0;0;0;0;0;4416299;3441196;4443;2;2901
FR;3;2022-09-27;0;0;0;0;0;4416299;3441196;4443;2;2901
FR;3;2022-09-28;0;0;0;0;0;4416299;3441196;4443;2;2901
FR;3;2022-09-29;0;0;0;0;0;4416299;3441196;4443;2;2901
FR;3;2022-09-30;0;0;0;0;0;4416299;3441196;4443;2;2901
FR;3;2022-10-01;0;0;0;0;0;4416299;3441196;4443;2;2901
FR;3;2022-10-02;0;0;0;0;0;4416299;3441196;4443;2;2901
FR;3;2022-10-03;0;0;0;0;0;4416299;3441196;4443;2;2901
FR;3;2022-10-04;0;0;0;0;0;4416299;3441196;4443;2;2901
FR;3;2022-10-05;0;0;0;0;0;4416299;3441196;4443;2;2901
FR;3;2022-10-06;0;0;0;0;0;4416299;3441196;4443;2;2901
FR;3;2022-10-07;0;0;0;0;0;4416299;3441196;4443;2;2901
FR;3;2022-10-08;0;0;0;0;0;4416299;3441196;4443;2;2901
FR;3;2022-10-09;0;0;0;0;0;4416299;3441196;4443;2;2901
FR;3;2022-10-10;0;0;0;0;0;4416299;3441196;4443;2;2901
FR;3;2022-10-11;0;0;0;0;0;4416299;3441196;4443;2;2901
FR;3;2022-10-12;0;0;0;0;0;4416299;3441196;4443;2;2901
FR;3;2022-10-13;0;0;0;0;0;4416299;3441196;4443;2;2901
FR;3;2022-10-14;0;0;0;0;0;4416299;3441196;4443;2;2901
FR;3;2022-10-15;0;0;0;0;0;4416299;3441196;4443;2;2901
FR;3;2022-10-16;0;0;0;0;0;4416299;3441196;4443;2;2901
FR;4;2020-12-27;0;0;0;0;0;0;0;0;0;0
FR;4;2020-12-28;0;0;0;0;0;0;0;0;0;0
FR;4;2020-12-29;0;0;0;0;0;0;0;0;0;0
FR;4;2020-12-30;0;0;0;0;0;0;0;0;0;0
FR;4;2020-12-31;0;0;0;0;0;0;0;0;0;0
FR;4;2021-01-01;0;0;0;0;0;0;0;0;0;0
FR;4;2021-01-02;0;0;0;0;0;0;0;0;0;0
FR;4;2021-01-03;0;0;0;0;0;0;0;0;0;0
FR;4;2021-01-04;0;0;0;0;0;0;0;0;0;0
FR;4;2021-01-05;0;0;0;0;0;0;0;0;0;0
FR;4;2021-01-06;0;0;0;0;0;0;0;0;0;0
FR;4;2021-01-07;0;0;0;0;0;0;0;0;0;0
FR;4;2021-01-08;0;0;0;0;0;0;0;0;0;0
FR;4;2021-01-09;0;0;0;0;0;0;0;0;0;0
FR;4;2021-01-10;0;0;0;0;0;0;0;0;0;0
FR;4;2021-01-11;0;0;0;0;0;0;0;0;0;0
FR;4;2021-01-12;0;0;0;0;0;0;0;0;0;0
FR;4;2021-01-13;0;0;0;0;0;0;0;0;0;0
FR;4;2021-01-14;0;0;0;0;0;0;0;0;0;0
FR;4;2021-01-15;0;0;0;0;0;0;0;0;0;0
FR;4;2021-01-16;0;0;0;0;0;0;0;0;0;0
FR;4;2021-01-17;0;0;0;0;0;0;0;0;0;0
FR;4;2021-01-18;0;0;0;0;0;0;0;0;0;0
FR;4;2021-01-19;0;0;0;0;0;0;0;0;0;0
FR;4;2021-01-20;0;0;0;0;0;0;0;0;0;0
FR;4;2021-01-21;0;0;0;0;0;0;0;0;0;0
FR;4;2021-01-22;0;0;0;0;0;0;0;0;0;0
FR;4;2021-01-23;0;0;0;0;0;0;0;0;0;0
FR;4;2021-01-24;0;0;0;0;0;0;0;0;0;0
FR;4;2021-01-25;0;0;0;0;0;0;0;0;0;0
FR;4;2021-01-26;0;0;0;0;0;0;0;0;0;0
FR;4;2021-01-27;0;0;0;0;0;0;0;0;0;0
FR;4;2021-01-28;0;0;0;0;0;0;0;0;0;0
FR;4;2021-01-29;0;0;0;0;0;0;0;0;0;0
FR;4;2021-01-30;0;0;0;0;0;0;0;0;0;0
FR;4;2021-01-31;0;0;0;0;0;0;0;0;0;0
FR;4;2021-02-01;0;0;0;0;0;0;0;0;0;0
FR;4;2021-02-02;0;0;0;0;0;0;0;0;0;0
FR;4;2021-02-03;0;0;0;0;0;0;0;0;0;0
FR;4;2021-02-04;0;0;0;0;0;0;0;0;0;0
FR;4;2021-02-05;0;0;0;0;0;0;0;0;0;0
FR;4;2021-02-06;0;0;0;0;0;0;0;0;0;0
FR;4;2021-02-07;0;0;0;0;0;0;0;0;0;0
FR;4;2021-02-08;0;0;0;0;0;0;0;0;0;0
FR;4;2021-02-09;0;0;0;0;0;0;0;0;0;0
FR;4;2021-02-10;0;0;0;0;0;0;0;0;0;0
FR;4;2021-02-11;0;0;0;0;0;0;0;0;0;0
FR;4;2021-02-12;0;0;0;0;0;0;0;0;0;0
FR;4;2021-02-13;0;0;0;0;0;0;0;0;0;0
FR;4;2021-02-14;0;0;0;0;0;0;0;0;0;0
FR;4;2021-02-15;0;0;0;0;0;0;0;0;0;0
FR;4;2021-02-16;0;0;0;0;0;0;0;0;0;0
FR;4;2021-02-17;0;0;0;0;0;0;0;0;0;0
FR;4;2021-02-18;0;0;0;0;0;0;0;0;0;0
FR;4;2021-02-19;0;0;0;0;0;0;0;0;0;0
FR;4;2021-02-20;0;0;0;0;0;0;0;0;0;0
FR;4;2021-02-21;0;0;0;0;0;0;0;0;0;0
FR;4;2021-02-22;0;0;0;0;0;0;0;0;0;0
FR;4;2021-02-23;0;0;0;0;0;0;0;0;0;0
FR;4;2021-02-24;0;0;0;0;0;0;0;0;0;0
FR;4;2021-02-25;0;0;0;0;0;0;0;0;0;0
FR;4;2021-02-26;0;0;0;0;0;0;0;0;0;0
FR;4;2021-02-27;0;0;0;0;0;0;0;0;0;0
FR;4;2021-02-28;0;0;0;0;0;0;0;0;0;0
FR;4;2021-03-01;0;0;0;0;0;0;0;0;0;0
FR;4;2021-03-02;0;0;0;0;0;0;0;0;0;0
FR;4;2021-03-03;0;0;0;0;0;0;0;0;0;0
FR;4;2021-03-04;0;0;0;0;0;0;0;0;0;0
FR;4;2021-03-05;0;0;0;0;0;0;0;0;0;0
FR;4;2021-03-06;0;0;0;0;0;0;0;0;0;0
FR;4;2021-03-07;0;0;0;0;0;0;0;0;0;0
FR;4;2021-03-08;0;0;0;0;0;0;0;0;0;0
FR;4;2021-03-09;0;0;0;0;0;0;0;0;0;0
FR;4;2021-03-10;0;0;0;0;0;0;0;0;0;0
FR;4;2021-03-11;0;0;0;0;0;0;0;0;0;0
FR;4;2021-03-12;0;0;0;0;0;0;0;0;0;0
FR;4;2021-03-13;0;0;0;0;0;0;0;0;0;0
FR;4;2021-03-14;0;0;0;0;0;0;0;0;0;0
FR;4;2021-03-15;0;0;0;0;0;0;0;0;0;0
FR;4;2021-03-16;0;0;0;0;0;0;0;0;0;0
FR;4;2021-03-17;0;0;0;0;0;0;0;0;0;0
FR;4;2021-03-18;0;0;0;0;0;0;0;0;0;0
FR;4;2021-03-19;0;0;0;0;0;0;0;0;0;0
FR;4;2021-03-20;0;0;0;0;0;0;0;0;0;0
FR;4;2021-03-21;0;0;0;0;0;0;0;0;0;0
FR;4;2021-03-22;0;0;0;0;0;0;0;0;0;0
FR;4;2021-03-23;0;0;0;0;0;0;0;0;0;0
FR;4;2021-03-24;0;0;0;0;0;0;0;0;0;0
FR;4;2021-03-25;0;0;0;0;0;0;0;0;0;0
FR;4;2021-03-26;0;0;0;0;0;0;0;0;0;0
FR;4;2021-03-27;0;0;0;0;0;0;0;0;0;0
FR;4;2021-03-28;0;0;0;0;0;0;0;0;0;0
FR;4;2021-03-29;0;0;0;0;0;0;0;0;0;0
FR;4;2021-03-30;0;0;0;0;0;0;0;0;0;0
FR;4;2021-03-31;0;0;0;0;0;0;0;0;0;0
FR;4;2021-04-01;0;0;0;0;0;0;0;0;0;0
FR;4;2021-04-02;0;0;0;0;0;0;0;0;0;0
FR;4;2021-04-03;0;0;0;0;0;0;0;0;0;0
FR;4;2021-04-04;0;0;0;0;0;0;0;0;0;0
FR;4;2021-04-05;0;0;0;0;0;0;0;0;0;0
FR;4;2021-04-06;0;0;0;0;0;0;0;0;0;0
FR;4;2021-04-07;0;0;0;0;0;0;0;0;0;0
FR;4;2021-04-08;0;0;0;0;0;0;0;0;0;0
FR;4;2021-04-09;0;0;0;0;0;0;0;0;0;0
FR;4;2021-04-10;0;0;0;0;0;0;0;0;0;0
FR;4;2021-04-11;0;0;0;0;0;0;0;0;0;0
FR;4;2021-04-12;0;0;0;0;0;0;0;0;0;0
FR;4;2021-04-13;0;0;0;0;0;0;0;0;0;0
FR;4;2021-04-14;0;0;0;0;0;0;0;0;0;0
FR;4;2021-04-15;0;0;0;0;0;0;0;0;0;0
FR;4;2021-04-16;0;0;0;0;0;0;0;0;0;0
FR;4;2021-04-17;0;0;0;0;0;0;0;0;0;0
FR;4;2021-04-18;0;0;0;0;0;0;0;0;0;0
FR;4;2021-04-19;0;0;0;0;0;0;0;0;0;0
FR;4;2021-04-20;0;0;0;0;0;0;0;0;0;0
FR;4;2021-04-21;0;0;0;0;0;0;0;0;0;0
FR;4;2021-04-22;0;0;0;0;0;0;0;0;0;0
FR;4;2021-04-23;3822;0;0;0;0;3822;0;0;0;0
FR;4;2021-04-24;1569;1;0;0;0;5391;1;0;0;0
FR;4;2021-04-25;125;0;0;0;0;5516;1;0;0;0
FR;4;2021-04-26;2869;1;0;0;0;8385;2;0;0;0
FR;4;2021-04-27;9521;3;0;0;0;17906;5;0;0;0
FR;4;2021-04-28;9907;6;0;0;0;27813;11;0;0;0
FR;4;2021-04-29;15991;8;0;0;0;43804;19;0;0;0
FR;4;2021-04-30;19233;10;0;0;0;63037;29;0;0;0
FR;4;2021-05-01;1993;6;0;0;0;65030;35;0;0;0
FR;4;2021-05-02;483;0;0;0;0;65513;35;0;0;0
FR;4;2021-05-03;5064;2;0;0;0;70577;37;0;0;0
FR;4;2021-05-04;8405;11;0;0;0;78982;48;0;0;0
FR;4;2021-05-05;6189;7;0;0;0;85171;55;0;0;0
FR;4;2021-05-06;11385;11;0;0;0;96556;66;0;0;0
FR;4;2021-05-07;19124;9;0;0;0;115680;75;0;0;0
FR;4;2021-05-08;2378;6;0;0;0;118058;81;0;0;0
FR;4;2021-05-09;688;3;0;0;0;118746;84;0;0;0
FR;4;2021-05-10;7244;5;1;0;0;125990;89;1;0;0
FR;4;2021-05-11;14322;12;0;0;0;140312;101;1;0;0
FR;4;2021-05-12;10173;15;0;0;0;150485;116;1;0;0
FR;4;2021-05-13;1583;4;0;0;0;152068;120;1;0;0
FR;4;2021-05-14;7766;7;0;0;0;159834;127;1;0;0
FR;4;2021-05-15;3720;8;1;0;0;163554;135;2;0;0
FR;4;2021-05-16;417;1;0;0;0;163971;136;2;0;0
FR;4;2021-05-17;4478;6;0;0;0;168449;142;2;0;0
FR;4;2021-05-18;8763;10;0;0;0;177212;152;2;0;0
FR;4;2021-05-19;5694;7;0;0;0;182906;159;2;0;0
FR;4;2021-05-20;9485;8;0;0;0;192391;167;2;0;0
FR;4;2021-05-21;12805;30;0;0;0;205196;197;2;0;0
FR;4;2021-05-22;5059;15;0;0;0;210255;212;2;0;0
FR;4;2021-05-23;494;4;0;0;0;210749;216;2;0;0
FR;4;2021-05-24;1058;7;0;0;0;211807;223;2;0;0
FR;4;2021-05-25;7632;16;0;0;0;219439;239;2;0;0
FR;4;2021-05-26;7728;16;0;0;0;227167;255;2;0;0
FR;4;2021-05-27;14334;35;0;0;0;241501;290;2;0;0
FR;4;2021-05-28;26591;82;1;0;0;268092;372;3;0;0
FR;4;2021-05-29;11385;18;0;0;0;279477;390;3;0;0
FR;4;2021-05-30;973;6;0;0;0;280450;396;3;0;0
FR;4;2021-05-31;12694;21;0;0;0;293144;417;3;0;0
FR;4;2021-06-01;20264;48;1;0;0;313408;465;4;0;0
FR;4;2021-06-02;14520;33;0;0;0;327928;498;4;0;0
FR;4;2021-06-03;19428;24;1;0;0;347356;522;5;0;0
FR;4;2021-06-04;22514;47;0;0;0;369870;569;5;0;0
FR;4;2021-06-05;9714;32;0;0;0;379584;601;5;0;0
FR;4;2021-06-06;1039;1;0;0;0;380623;602;5;0;0
FR;4;2021-06-07;9227;19;0;0;0;389850;621;5;0;0
FR;4;2021-06-08;14612;32;0;0;0;404462;653;5;0;0
FR;4;2021-06-09;12209;25;0;0;0;416671;678;5;0;0
FR;4;2021-06-10;15404;30;0;0;0;432075;708;5;0;0
FR;4;2021-06-11;16986;57;0;0;0;449061;765;5;0;0
FR;4;2021-06-12;7450;27;0;0;0;456511;792;5;0;0
FR;4;2021-06-13;907;3;0;0;0;457418;795;5;0;0
FR;4;2021-06-14;6649;26;0;0;0;464067;821;5;0;0
FR;4;2021-06-15;10891;37;0;0;0;474958;858;5;0;0
FR;4;2021-06-16;8908;16;0;0;0;483866;874;5;0;0
FR;4;2021-06-17;10898;37;0;0;0;494764;911;5;0;0
FR;4;2021-06-18;12423;45;0;0;0;507187;956;5;0;0
FR;4;2021-06-19;5567;25;0;0;0;512754;981;5;0;0
FR;4;2021-06-20;824;5;0;0;0;513578;986;5;0;0
FR;4;2021-06-21;5100;20;0;0;0;518678;1006;5;0;0
FR;4;2021-06-22;7911;28;2;0;0;526589;1034;7;0;0
FR;4;2021-06-23;7102;41;2;0;0;533691;1075;9;0;0
FR;4;2021-06-24;8653;46;1;0;0;542344;1121;10;0;0
FR;4;2021-06-25;10173;40;2;0;0;552517;1161;12;0;0
FR;4;2021-06-26;4847;21;0;0;0;557364;1182;12;0;0
FR;4;2021-06-27;764;4;0;0;0;558128;1186;12;0;0
FR;4;2021-06-28;4831;16;1;0;0;562959;1202;13;0;0
FR;4;2021-06-29;7109;28;2;0;0;570068;1230;15;0;0
FR;4;2021-06-30;6722;39;2;0;0;576790;1269;17;0;0
FR;4;2021-07-01;8206;42;0;0;0;584996;1311;17;0;0
FR;4;2021-07-02;9427;53;1;0;0;594423;1364;18;0;0
FR;4;2021-07-03;4846;20;0;0;0;599269;1384;18;0;0
FR;4;2021-07-04;689;5;0;0;0;599958;1389;18;0;0
FR;4;2021-07-05;4771;19;2;0;0;604729;1408;20;0;0
FR;4;2021-07-06;7725;29;4;0;0;612454;1437;24;0;0
FR;4;2021-07-07;7084;34;2;0;0;619538;1471;26;0;0
FR;4;2021-07-08;9231;39;2;0;0;628769;1510;28;0;0
FR;4;2021-07-09;10278;34;1;0;0;639047;1544;29;0;0
FR;4;2021-07-10;4638;14;2;0;0;643685;1558;31;0;0
FR;4;2021-07-11;583;4;1;0;0;644268;1562;32;0;0
FR;4;2021-07-12;5875;29;0;0;0;650143;1591;32;0;0
FR;4;2021-07-13;14232;29;0;0;0;664375;1620;32;0;0
FR;4;2021-07-14;2289;15;0;0;0;666664;1635;32;0;0
FR;4;2021-07-15;18235;36;0;0;0;684899;1671;32;0;0
FR;4;2021-07-16;22835;71;2;0;0;707734;1742;34;0;0
FR;4;2021-07-17;9738;20;0;0;0;717472;1762;34;0;0
FR;4;2021-07-18;1356;4;0;0;0;718828;1766;34;0;0
FR;4;2021-07-19;12989;30;1;0;0;731817;1796;35;0;0
FR;4;2021-07-20;17343;26;1;0;0;749160;1822;36;0;0
FR;4;2021-07-21;15616;33;0;0;0;764776;1855;36;0;0
FR;4;2021-07-22;18243;44;2;0;0;783019;1899;38;0;0
FR;4;2021-07-23;20415;57;7;0;0;803434;1956;45;0;0
FR;4;2021-07-24;9289;32;0;0;0;812723;1988;45;0;0
FR;4;2021-07-25;1354;8;0;0;0;814077;1996;45;0;0
FR;4;2021-07-26;11041;22;0;0;0;825118;2018;45;0;0
FR;4;2021-07-27;14679;35;3;0;0;839797;2053;48;0;0
FR;4;2021-07-28;12932;26;2;0;0;852729;2079;50;0;0
FR;4;2021-07-29;14088;54;4;0;0;866817;2133;54;0;0
FR;4;2021-07-30;15498;46;2;0;0;882315;2179;56;0;0
FR;4;2021-07-31;6840;14;2;0;0;889155;2193;58;0;0
FR;4;2021-08-01;906;1;0;0;0;890061;2194;58;0;0
FR;4;2021-08-02;7916;31;0;0;0;897977;2225;58;0;0
FR;4;2021-08-03;10798;31;2;0;0;908775;2256;60;0;0
FR;4;2021-08-04;9745;29;0;0;0;918520;2285;60;0;0
FR;4;2021-08-05;9823;41;0;0;0;928343;2326;60;0;0
FR;4;2021-08-06;10199;31;3;0;0;938542;2357;63;0;0
FR;4;2021-08-07;5098;30;1;0;0;943640;2387;64;0;0
FR;4;2021-08-08;1219;13;0;0;0;944859;2400;64;0;0
FR;4;2021-08-09;6346;31;0;0;0;951205;2431;64;0;0
FR;4;2021-08-10;8749;18;0;0;0;959954;2449;64;0;0
FR;4;2021-08-11;7943;34;4;0;0;967897;2483;68;0;0
FR;4;2021-08-12;8585;31;1;0;0;976482;2514;69;0;0
FR;4;2021-08-13;7557;25;0;1;0;984039;2539;69;1;0
FR;4;2021-08-14;3791;20;0;0;0;987830;2559;69;1;0
FR;4;2021-08-15;771;5;0;0;0;988601;2564;69;1;0
FR;4;2021-08-16;4008;17;0;0;0;992609;2581;69;1;0
FR;4;2021-08-17;5628;17;1;0;0;998237;2598;70;1;0
FR;4;2021-08-18;5166;37;0;0;0;1003403;2635;70;1;0
FR;4;2021-08-19;5486;33;3;0;0;1008889;2668;73;1;0
FR;4;2021-08-20;5222;25;1;0;0;1014111;2693;74;1;0
FR;4;2021-08-21;2310;21;1;0;0;1016421;2714;75;1;0
FR;4;2021-08-22;414;2;0;0;0;1016835;2716;75;1;0
FR;4;2021-08-23;2932;19;1;0;0;1019767;2735;76;1;0
FR;4;2021-08-24;3757;15;0;0;0;1023524;2750;76;1;0
FR;4;2021-08-25;3542;25;1;0;0;1027066;2775;77;1;0
FR;4;2021-08-26;3714;21;2;0;0;1030780;2796;79;1;0
FR;4;2021-08-27;3617;31;2;0;0;1034397;2827;81;1;0
FR;4;2021-08-28;1725;10;1;0;0;1036122;2837;82;1;0
FR;4;2021-08-29;384;7;1;0;0;1036506;2844;83;1;0
FR;4;2021-08-30;2009;25;0;0;15;1038515;2869;83;1;15
FR;4;2021-08-31;2485;21;0;0;14;1041000;2890;83;1;29
FR;4;2021-09-01;2083;38;1;0;21;1043083;2928;84;1;50
FR;4;2021-09-02;2306;31;4;0;18;1045389;2959;88;1;68
FR;4;2021-09-03;2363;44;5;0;36;1047752;3003;93;1;104
FR;4;2021-09-04;1373;17;0;0;8;1049125;3020;93;1;112
FR;4;2021-09-05;433;2;0;0;2;1049558;3022;93;1;114
FR;4;2021-09-06;1713;62;0;0;23;1051271;3084;93;1;137
FR;4;2021-09-07;1678;18;0;0;8;1052949;3102;93;1;145
FR;4;2021-09-08;1285;26;3;0;19;1054234;3128;96;1;164
FR;4;2021-09-09;1389;23;2;0;9;1055623;3151;98;1;173
FR;4;2021-09-10;1521;31;2;0;23;1057144;3182;100;1;196
FR;4;2021-09-11;744;11;0;0;3;1057888;3193;100;1;199
FR;4;2021-09-12;169;4;0;0;3;1058057;3197;100;1;202
FR;4;2021-09-13;1322;22;1;0;16;1059379;3219;101;1;218
FR;4;2021-09-14;1503;9;2;0;6;1060882;3228;103;1;224
FR;4;2021-09-15;1095;28;1;0;25;1061977;3256;104;1;249
FR;4;2021-09-16;1105;22;2;0;15;1063082;3278;106;1;264
FR;4;2021-09-17;896;21;1;0;12;1063978;3299;107;1;276
FR;4;2021-09-18;464;6;1;0;5;1064442;3305;108;1;281
FR;4;2021-09-19;182;3;0;0;2;1064624;3308;108;1;283
FR;4;2021-09-20;453;19;0;0;13;1065077;3327;108;1;296
FR;4;2021-09-21;432;11;0;0;7;1065509;3338;108;1;303
FR;4;2021-09-22;374;19;2;0;13;1065883;3357;110;1;316
FR;4;2021-09-23;483;16;1;0;15;1066366;3373;111;1;331
FR;4;2021-09-24;413;13;2;0;9;1066779;3386;113;1;340
FR;4;2021-09-25;280;10;1;0;5;1067059;3396;114;1;345
FR;4;2021-09-26;74;2;0;0;1;1067133;3398;114;1;346
FR;4;2021-09-27;264;10;1;0;8;1067397;3408;115;1;354
FR;4;2021-09-28;318;8;0;0;8;1067715;3416;115;1;362
FR;4;2021-09-29;375;19;1;0;13;1068090;3435;116;1;375
FR;4;2021-09-30;364;41;0;0;22;1068454;3476;116;1;397
FR;4;2021-10-01;411;56;0;0;50;1068865;3532;116;1;447
FR;4;2021-10-02;196;22;1;0;13;1069061;3554;117;1;460
FR;4;2021-10-03;85;1;0;0;0;1069146;3555;117;1;460
FR;4;2021-10-04;360;20;1;0;16;1069506;3575;118;1;476
FR;4;2021-10-05;286;19;2;0;15;1069792;3594;120;1;491
FR;4;2021-10-06;248;23;1;0;18;1070040;3617;121;1;509
FR;4;2021-10-07;265;25;2;0;13;1070305;3642;123;1;522
FR;4;2021-10-08;356;24;2;0;20;1070661;3666;125;1;542
FR;4;2021-10-09;194;6;6;0;7;1070855;3672;131;1;549
FR;4;2021-10-10;97;3;2;0;3;1070952;3675;133;1;552
FR;4;2021-10-11;249;15;1;0;14;1071201;3690;134;1;566
FR;4;2021-10-12;208;14;0;0;13;1071409;3704;134;1;579
FR;4;2021-10-13;219;28;1;0;25;1071628;3732;135;1;604
FR;4;2021-10-14;314;21;4;0;15;1071942;3753;139;1;619
FR;4;2021-10-15;322;24;5;0;25;1072264;3777;144;1;644
FR;4;2021-10-16;166;6;2;0;6;1072430;3783;146;1;650
FR;4;2021-10-17;70;2;0;0;1;1072500;3785;146;1;651
FR;4;2021-10-18;281;16;1;0;13;1072781;3801;147;1;664
FR;4;2021-10-19;215;14;2;0;15;1072996;3815;149;1;679
FR;4;2021-10-20;230;27;4;0;15;1073226;3842;153;1;694
FR;4;2021-10-21;242;17;0;0;13;1073468;3859;153;1;707
FR;4;2021-10-22;217;25;2;0;20;1073685;3884;155;1;727
FR;4;2021-10-23;116;16;1;0;15;1073801;3900;156;1;742
FR;4;2021-10-24;38;4;0;0;1;1073839;3904;156;1;743
FR;4;2021-10-25;214;7;2;0;9;1074053;3911;158;1;752
FR;4;2021-10-26;200;14;0;0;12;1074253;3925;158;1;764
FR;4;2021-10-27;196;11;4;0;11;1074449;3936;162;1;775
FR;4;2021-10-28;184;18;4;0;21;1074633;3954;166;1;796
FR;4;2021-10-29;224;15;2;0;13;1074857;3969;168;1;809
FR;4;2021-10-30;102;2;1;0;2;1074959;3971;169;1;811
FR;4;2021-10-31;57;3;2;0;3;1075016;3974;171;1;814
FR;4;2021-11-01;75;27;4;0;24;1075091;4001;175;1;838
FR;4;2021-11-02;160;21;2;0;21;1075251;4022;177;1;859
FR;4;2021-11-03;129;20;8;1;18;1075380;4042;185;2;877
FR;4;2021-11-04;185;15;1;0;12;1075565;4057;186;2;889
FR;4;2021-11-05;130;17;1;0;16;1075695;4074;187;2;905
FR;4;2021-11-06;80;6;1;0;6;1075775;4080;188;2;911
FR;4;2021-11-07;81;2;2;0;4;1075856;4082;190;2;915
FR;4;2021-11-08;160;20;1;0;20;1076016;4102;191;2;935
FR;4;2021-11-09;156;14;3;0;16;1076172;4116;194;2;951
FR;4;2021-11-10;119;30;6;0;32;1076291;4146;200;2;983
FR;4;2021-11-11;98;10;1;0;11;1076389;4156;201;2;994
FR;4;2021-11-12;105;19;2;0;18;1076494;4175;203;2;1012
FR;4;2021-11-13;74;15;2;0;14;1076568;4190;205;2;1026
FR;4;2021-11-14;55;5;4;0;8;1076623;4195;209;2;1034
FR;4;2021-11-15;99;26;2;0;24;1076722;4221;211;2;1058
FR;4;2021-11-16;105;13;2;0;15;1076827;4234;213;2;1073
FR;4;2021-11-17;119;30;4;0;30;1076946;4264;217;2;1103
FR;4;2021-11-18;100;34;14;0;43;1077046;4298;231;2;1146
FR;4;2021-11-19;87;21;3;0;22;1077133;4319;234;2;1168
FR;4;2021-11-20;77;8;1;0;8;1077210;4327;235;2;1176
FR;4;2021-11-21;68;7;2;0;9;1077278;4334;237;2;1185
FR;4;2021-11-22;106;28;9;0;33;1077384;4362;246;2;1218
FR;4;2021-11-23;76;31;6;0;29;1077460;4393;252;2;1247
FR;4;2021-11-24;88;23;11;0;24;1077548;4416;263;2;1271
FR;4;2021-11-25;93;28;16;0;32;1077641;4444;279;2;1303
FR;4;2021-11-26;84;43;12;0;45;1077725;4487;291;2;1348
FR;4;2021-11-27;41;22;15;0;25;1077766;4509;306;2;1373
FR;4;2021-11-28;50;8;0;0;7;1077816;4517;306;2;1380
FR;4;2021-11-29;90;31;16;0;40;1077906;4548;322;2;1420
FR;4;2021-11-30;75;37;12;0;41;1077981;4585;334;2;1461
FR;4;2021-12-01;88;60;19;0;67;1078069;4645;353;2;1528
FR;4;2021-12-02;107;48;20;0;54;1078176;4693;373;2;1582
FR;4;2021-12-03;100;36;15;0;44;1078276;4729;388;2;1626
FR;4;2021-12-04;72;31;18;0;44;1078348;4760;406;2;1670
FR;4;2021-12-05;62;7;1;0;7;1078410;4767;407;2;1677
FR;4;2021-12-06;109;46;19;0;59;1078519;4813;426;2;1736
FR;4;2021-12-07;81;37;9;0;36;1078600;4850;435;2;1772
FR;4;2021-12-08;70;31;17;0;38;1078670;4881;452;2;1810
FR;4;2021-12-09;63;32;10;0;38;1078733;4913;462;2;1848
FR;4;2021-12-10;63;64;20;0;68;1078796;4977;482;2;1916
FR;4;2021-12-11;28;34;7;0;34;1078824;5011;489;2;1950
FR;4;2021-12-12;26;10;3;0;13;1078850;5021;492;2;1963
FR;4;2021-12-13;72;40;14;0;49;1078922;5061;506;2;2012
FR;4;2021-12-14;59;43;17;0;54;1078981;5104;523;2;2066
FR;4;2021-12-15;66;64;28;0;84;1079047;5168;551;2;2150
FR;4;2021-12-16;33;45;19;0;58;1079080;5213;570;2;2208
FR;4;2021-12-17;39;55;12;0;60;1079119;5268;582;2;2268
FR;4;2021-12-18;49;30;2;0;31;1079168;5298;584;2;2299
FR;4;2021-12-19;15;4;1;0;4;1079183;5302;585;2;2303
FR;4;2021-12-20;42;38;10;0;41;1079225;5340;595;2;2344
FR;4;2021-12-21;29;32;16;0;38;1079254;5372;611;2;2382
FR;4;2021-12-22;37;37;10;0;38;1079291;5409;621;2;2420
FR;4;2021-12-23;39;45;8;0;49;1079330;5454;629;2;2469
FR;4;2021-12-24;23;26;10;0;30;1079353;5480;639;2;2499
FR;4;2021-12-25;6;3;3;0;4;1079359;5483;642;2;2503
FR;4;2021-12-26;5;3;1;0;2;1079364;5486;643;2;2505
FR;4;2021-12-27;31;41;9;0;43;1079395;5527;652;2;2548
FR;4;2021-12-28;25;28;7;0;29;1079420;5555;659;2;2577
FR;4;2021-12-29;52;25;11;0;30;1079472;5580;670;2;2607
FR;4;2021-12-30;44;19;12;0;22;1079516;5599;682;2;2629
FR;4;2021-12-31;18;6;8;0;11;1079534;5605;690;2;2640
FR;4;2022-01-01;5;4;4;0;6;1079539;5609;694;2;2646
FR;4;2022-01-02;40;5;16;0;20;1079579;5614;710;2;2666
FR;4;2022-01-03;43;55;22;1;62;1079622;5669;732;3;2728
FR;4;2022-01-04;37;28;15;0;33;1079659;5697;747;3;2761
FR;4;2022-01-05;51;22;19;0;25;1079710;5719;766;3;2786
FR;4;2022-01-06;49;22;24;0;38;1079759;5741;790;3;2824
FR;4;2022-01-07;29;20;15;0;20;1079788;5761;805;3;2844
FR;4;2022-01-08;11;6;10;0;12;1079799;5767;815;3;2856
FR;4;2022-01-09;18;2;3;0;4;1079817;5769;818;3;2860
FR;4;2022-01-10;45;22;19;0;36;1079862;5791;837;3;2896
FR;4;2022-01-11;27;31;12;0;35;1079889;5822;849;3;2931
FR;4;2022-01-12;33;21;13;0;23;1079922;5843;862;3;2954
FR;4;2022-01-13;53;20;27;0;38;1079975;5863;889;3;2992
FR;4;2022-01-14;23;29;13;0;32;1079998;5892;902;3;3024
FR;4;2022-01-15;13;6;8;0;12;1080011;5898;910;3;3036
FR;4;2022-01-16;12;9;14;0;22;1080023;5907;924;3;3058
FR;4;2022-01-17;26;19;12;0;25;1080049;5926;936;3;3083
FR;4;2022-01-18;16;13;8;0;18;1080065;5939;944;3;3101
FR;4;2022-01-19;31;23;12;0;33;1080096;5962;956;3;3134
FR;4;2022-01-20;32;34;13;0;39;1080128;5996;969;3;3173
FR;4;2022-01-21;11;12;19;1;16;1080139;6008;988;4;3189
FR;4;2022-01-22;30;13;2;0;13;1080169;6021;990;4;3202
FR;4;2022-01-23;7;2;4;0;6;1080176;6023;994;4;3208
FR;4;2022-01-24;14;21;8;0;27;1080190;6044;1002;4;3235
FR;4;2022-01-25;21;32;10;1;38;1080211;6076;1012;5;3273
FR;4;2022-01-26;19;16;8;1;19;1080230;6092;1020;6;3292
FR;4;2022-01-27;21;18;8;0;24;1080251;6110;1028;6;3316
FR;4;2022-01-28;13;23;8;0;26;1080264;6133;1036;6;3342
FR;4;2022-01-29;17;6;5;0;10;1080281;6139;1041;6;3352
FR;4;2022-01-30;18;3;1;0;4;1080299;6142;1042;6;3356
FR;4;2022-01-31;22;27;8;0;31;1080321;6169;1050;6;3387
FR;4;2022-02-01;12;22;12;0;23;1080333;6191;1062;6;3410
FR;4;2022-02-02;18;11;12;2;18;1080351;6202;1074;8;3428
FR;4;2022-02-03;14;23;10;0;27;1080365;6225;1084;8;3455
FR;4;2022-02-04;7;5;7;0;9;1080372;6230;1091;8;3464
FR;4;2022-02-05;7;14;1;0;13;1080379;6244;1092;8;3477
FR;4;2022-02-06;6;4;3;0;6;1080385;6248;1095;8;3483
FR;4;2022-02-07;15;19;8;0;19;1080400;6267;1103;8;3502
FR;4;2022-02-08;19;21;13;1;22;1080419;6288;1116;9;3524
FR;4;2022-02-09;17;11;8;0;15;1080436;6299;1124;9;3539
FR;4;2022-02-10;22;23;9;0;24;1080458;6322;1133;9;3563
FR;4;2022-02-11;18;15;8;0;20;1080476;6337;1141;9;3583
FR;4;2022-02-12;24;6;2;0;6;1080500;6343;1143;9;3589
FR;4;2022-02-13;7;3;3;0;6;1080507;6346;1146;9;3595
FR;4;2022-02-14;20;10;9;0;15;1080527;6356;1155;9;3610
FR;4;2022-02-15;18;7;1;0;7;1080545;6363;1156;9;3617
FR;4;2022-02-16;16;9;11;0;16;1080561;6372;1167;9;3633
FR;4;2022-02-17;11;4;4;0;6;1080572;6376;1171;9;3639
FR;4;2022-02-18;16;15;8;0;21;1080588;6391;1179;9;3660
FR;4;2022-02-19;16;4;2;0;5;1080604;6395;1181;9;3665
FR;4;2022-02-20;7;3;0;0;2;1080611;6398;1181;9;3667
FR;4;2022-02-21;23;4;4;0;6;1080634;6402;1185;9;3673
FR;4;2022-02-22;8;5;10;0;10;1080642;6407;1195;9;3683
FR;4;2022-02-23;16;6;10;0;10;1080658;6413;1205;9;3693
FR;4;2022-02-24;11;5;3;0;6;1080669;6418;1208;9;3699
FR;4;2022-02-25;15;5;7;0;6;1080684;6423;1215;9;3705
FR;4;2022-02-26;27;3;0;0;3;1080711;6426;1215;9;3708
FR;4;2022-02-27;9;0;1;0;1;1080720;6426;1216;9;3709
FR;4;2022-02-28;18;3;2;0;3;1080738;6429;1218;9;3712
FR;4;2022-03-01;7;4;7;0;5;1080745;6433;1225;9;3717
FR;4;2022-03-02;14;3;4;0;6;1080759;6436;1229;9;3723
FR;4;2022-03-03;17;5;3;0;6;1080776;6441;1232;9;3729
FR;4;2022-03-04;7;7;2;1;5;1080783;6448;1234;10;3734
FR;4;2022-03-05;9;2;0;0;2;1080792;6450;1234;10;3736
FR;4;2022-03-06;4;0;1;0;1;1080796;6450;1235;10;3737
FR;4;2022-03-07;10;4;2;0;3;1080806;6454;1237;10;3740
FR;4;2022-03-08;14;3;0;0;3;1080820;6457;1237;10;3743
FR;4;2022-03-09;8;7;2;0;7;1080828;6464;1239;10;3750
FR;4;2022-03-10;5;1;6;0;3;1080833;6465;1245;10;3753
FR;4;2022-03-11;10;4;5;0;2;1080843;6469;1250;10;3755
FR;4;2022-03-12;9;2;0;0;0;1080852;6471;1250;10;3755
FR;4;2022-03-13;6;1;1;0;2;1080858;6472;1251;10;3757
FR;4;2022-03-14;4;1;1;0;2;1080862;6473;1252;10;3759
FR;4;2022-03-15;7;6;3;0;5;1080869;6479;1255;10;3764
FR;4;2022-03-16;7;3;3;0;3;1080876;6482;1258;10;3767
FR;4;2022-03-17;3;4;1;0;5;1080879;6486;1259;10;3772
FR;4;2022-03-18;9;3;0;0;3;1080888;6489;1259;10;3775
FR;4;2022-03-19;1;1;1;0;2;1080889;6490;1260;10;3777
FR;4;2022-03-20;2;0;2;0;1;1080891;6490;1262;10;3778
FR;4;2022-03-21;6;3;1;0;4;1080897;6493;1263;10;3782
FR;4;2022-03-22;4;2;2;0;3;1080901;6495;1265;10;3785
FR;4;2022-03-23;6;4;4;0;7;1080907;6499;1269;10;3792
FR;4;2022-03-24;2;5;3;1;7;1080909;6504;1272;11;3799
FR;4;2022-03-25;3;1;2;0;1;1080912;6505;1274;11;3800
FR;4;2022-03-26;5;5;0;0;5;1080917;6510;1274;11;3805
FR;4;2022-03-27;1;0;3;0;2;1080918;6510;1277;11;3807
FR;4;2022-03-28;5;1;3;0;3;1080923;6511;1280;11;3810
FR;4;2022-03-29;9;0;4;1;0;1080932;6511;1284;12;3810
FR;4;2022-03-30;3;4;0;0;4;1080935;6515;1284;12;3814
FR;4;2022-03-31;2;3;1;1;3;1080937;6518;1285;13;3817
FR;4;2022-04-01;14;2;5;0;5;1080951;6520;1290;13;3822
FR;4;2022-04-02;4;4;0;0;3;1080955;6524;1290;13;3825
FR;4;2022-04-03;0;1;0;0;1;1080955;6525;1290;13;3826
FR;4;2022-04-04;4;4;4;0;5;1080959;6529;1294;13;3831
FR;4;2022-04-05;4;3;2;1;3;1080963;6532;1296;14;3834
FR;4;2022-04-06;6;0;0;0;0;1080969;6532;1296;14;3834
FR;4;2022-04-07;3;2;3;2;5;1080972;6534;1299;16;3839
FR;4;2022-04-08;4;1;1;0;1;1080976;6535;1300;16;3840
FR;4;2022-04-09;0;0;1;1;1;1080976;6535;1301;17;3841
FR;4;2022-04-10;1;2;0;0;2;1080977;6537;1301;17;3843
FR;4;2022-04-11;4;3;4;0;5;1080981;6540;1305;17;3848
FR;4;2022-04-12;3;1;4;0;2;1080984;6541;1309;17;3850
FR;4;2022-04-13;5;7;2;0;9;1080989;6548;1311;17;3859
FR;4;2022-04-14;6;4;2;1;5;1080995;6552;1313;18;3864
FR;4;2022-04-15;5;8;1;0;9;1081000;6560;1314;18;3873
FR;4;2022-04-16;1;0;0;0;0;1081001;6560;1314;18;3873
FR;4;2022-04-17;3;2;1;0;3;1081004;6562;1315;18;3876
FR;4;2022-04-18;2;2;6;0;4;1081006;6564;1321;18;3880
FR;4;2022-04-19;2;0;1;0;0;1081008;6564;1322;18;3880
FR;4;2022-04-20;14;4;1;0;3;1081022;6568;1323;18;3883
FR;4;2022-04-21;7;1;0;0;1;1081029;6569;1323;18;3884
FR;4;2022-04-22;1;1;2;0;2;1081030;6570;1325;18;3886
FR;4;2022-04-23;2;3;3;0;6;1081032;6573;1328;18;3892
FR;4;2022-04-24;0;2;0;0;2;1081032;6575;1328;18;3894
FR;4;2022-04-25;3;4;3;0;7;1081035;6579;1331;18;3901
FR;4;2022-04-26;5;6;1;0;6;1081040;6585;1332;18;3907
FR;4;2022-04-27;4;1;1;1;1;1081044;6586;1333;19;3908
FR;4;2022-04-28;3;5;5;0;6;1081047;6591;1338;19;3914
FR;4;2022-04-29;6;3;0;0;2;1081053;6594;1338;19;3916
FR;4;2022-04-30;2;1;1;0;2;1081055;6595;1339;19;3918
FR;4;2022-05-01;0;0;0;0;0;1081055;6595;1339;19;3918
FR;4;2022-05-02;5;16;6;0;19;1081060;6611;1345;19;3937
FR;4;2022-05-03;2;6;2;0;7;1081062;6617;1347;19;3944
FR;4;2022-05-04;7;4;1;0;4;1081069;6621;1348;19;3948
FR;4;2022-05-05;2;2;1;1;1;1081071;6623;1349;20;3949
FR;4;2022-05-06;5;3;1;0;2;1081076;6626;1350;20;3951
FR;4;2022-05-07;0;0;0;0;0;1081076;6626;1350;20;3951
FR;4;2022-05-08;1;1;0;0;1;1081077;6627;1350;20;3952
FR;4;2022-05-09;5;1;0;0;1;1081082;6628;1350;20;3953
FR;4;2022-05-10;2;1;0;2;3;1081084;6629;1350;22;3956
FR;4;2022-05-11;3;2;3;0;5;1081087;6631;1353;22;3961
FR;4;2022-05-12;6;4;1;1;5;1081093;6635;1354;23;3966
FR;4;2022-05-13;1;0;2;0;2;1081094;6635;1356;23;3968
FR;4;2022-05-14;0;2;0;0;2;1081094;6637;1356;23;3970
FR;4;2022-05-15;2;2;0;0;0;1081096;6639;1356;23;3970
FR;4;2022-05-16;5;2;2;0;2;1081101;6641;1358;23;3972
FR;4;2022-05-17;5;1;2;0;3;1081106;6642;1360;23;3975
FR;4;2022-05-18;3;6;0;0;6;1081109;6648;1360;23;3981
FR;4;2022-05-19;2;3;3;0;5;1081111;6651;1363;23;3986
FR;4;2022-05-20;4;2;3;0;2;1081115;6653;1366;23;3988
FR;4;2022-05-21;2;0;1;0;1;1081117;6653;1367;23;3989
FR;4;2022-05-22;0;0;1;0;1;1081117;6653;1368;23;3990
FR;4;2022-05-23;0;0;2;0;0;1081117;6653;1370;23;3990
FR;4;2022-05-24;2;4;0;0;4;1081119;6657;1370;23;3994
FR;4;2022-05-25;1;3;0;0;1;1081120;6660;1370;23;3995
FR;4;2022-05-26;5;0;1;0;1;1081125;6660;1371;23;3996
FR;4;2022-05-27;0;2;0;1;2;1081125;6662;1371;24;3998
FR;4;2022-05-28;1;0;0;0;0;1081126;6662;1371;24;3998
FR;4;2022-05-29;1;0;1;0;1;1081127;6662;1372;24;3999
FR;4;2022-05-30;2;4;2;0;5;1081129;6666;1374;24;4004
FR;4;2022-05-31;2;1;0;0;1;1081131;6667;1374;24;4005
FR;4;2022-06-01;1;11;7;0;15;1081132;6678;1381;24;4020
FR;4;2022-06-02;5;6;2;0;6;1081137;6684;1383;24;4026
FR;4;2022-06-03;2;5;4;1;6;1081139;6689;1387;25;4032
FR;4;2022-06-04;0;1;1;0;1;1081139;6690;1388;25;4033
FR;4;2022-06-05;0;0;0;0;0;1081139;6690;1388;25;4033
FR;4;2022-06-06;6;0;3;0;2;1081145;6690;1391;25;4035
FR;4;2022-06-07;5;2;0;1;2;1081150;6692;1391;26;4037
FR;4;2022-06-08;0;3;3;0;6;1081150;6695;1394;26;4043
FR;4;2022-06-09;1;2;0;0;1;1081151;6697;1394;26;4044
FR;4;2022-06-10;3;0;3;0;1;1081154;6697;1397;26;4045
FR;4;2022-06-11;1;0;0;0;0;1081155;6697;1397;26;4045
FR;4;2022-06-12;4;0;0;0;0;1081159;6697;1397;26;4045
FR;4;2022-06-13;5;2;3;0;2;1081164;6699;1400;26;4047
FR;4;2022-06-14;4;3;0;0;2;1081168;6702;1400;26;4049
FR;4;2022-06-15;8;0;4;0;0;1081176;6702;1404;26;4049
FR;4;2022-06-16;1;3;1;1;2;1081177;6705;1405;27;4051
FR;4;2022-06-17;6;1;0;0;1;1081183;6706;1405;27;4052
FR;4;2022-06-18;0;0;0;0;0;1081183;6706;1405;27;4052
FR;4;2022-06-19;0;0;0;0;0;1081183;6706;1405;27;4052
FR;4;2022-06-20;4;2;2;1;3;1081187;6708;1407;28;4055
FR;4;2022-06-21;5;2;3;1;3;1081192;6710;1410;29;4058
FR;4;2022-06-22;3;1;0;3;1;1081195;6711;1410;32;4059
FR;4;2022-06-23;3;3;3;0;5;1081198;6714;1413;32;4064
FR;4;2022-06-24;3;0;2;0;0;1081201;6714;1415;32;4064
FR;4;2022-06-25;1;0;1;1;1;1081202;6714;1416;33;4065
FR;4;2022-06-26;0;0;1;0;1;1081202;6714;1417;33;4066
FR;4;2022-06-27;2;2;0;3;2;1081204;6716;1417;36;4068
FR;4;2022-06-28;0;4;2;1;5;1081204;6720;1419;37;4073
FR;4;2022-06-29;1;2;0;0;2;1081205;6722;1419;37;4075
FR;4;2022-06-30;2;0;0;0;0;1081207;6722;1419;37;4075
FR;4;2022-07-01;2;4;8;0;4;1081209;6726;1427;37;4079
FR;4;2022-07-02;0;1;0;0;0;1081209;6727;1427;37;4079
FR;4;2022-07-03;0;0;0;0;0;1081209;6727;1427;37;4079
FR;4;2022-07-04;3;1;0;0;1;1081212;6728;1427;37;4080
FR;4;2022-07-05;2;0;2;0;2;1081214;6728;1429;37;4082
FR;4;2022-07-06;5;0;1;1;0;1081219;6728;1430;38;4082
FR;4;2022-07-07;1;0;2;1;0;1081220;6728;1432;39;4082
FR;4;2022-07-08;3;1;0;0;1;1081223;6729;1432;39;4083
FR;4;2022-07-09;2;2;1;0;3;1081225;6731;1433;39;4086
FR;4;2022-07-10;2;0;1;0;0;1081227;6731;1434;39;4086
FR;4;2022-07-11;2;0;2;0;0;1081229;6731;1436;39;4086
FR;4;2022-07-12;0;0;2;0;2;1081229;6731;1438;39;4088
FR;4;2022-07-13;2;2;3;0;2;1081231;6733;1441;39;4090
FR;4;2022-07-14;4;0;1;0;0;1081235;6733;1442;39;4090
FR;4;2022-07-15;8;2;0;0;2;1081243;6735;1442;39;4092
FR;4;2022-07-16;4;0;0;2;0;1081247;6735;1442;41;4092
FR;4;2022-07-17;0;0;0;0;0;1081247;6735;1442;41;4092
FR;4;2022-07-18;2;2;2;0;2;1081249;6737;1444;41;4094
FR;4;2022-07-19;4;0;1;0;1;1081253;6737;1445;41;4095
FR;4;2022-07-20;10;0;0;0;0;1081263;6737;1445;41;4095
FR;4;2022-07-21;2;1;1;0;1;1081265;6738;1446;41;4096
FR;4;2022-07-22;4;0;3;0;1;1081269;6738;1449;41;4097
FR;4;2022-07-23;1;2;0;0;1;1081270;6740;1449;41;4098
FR;4;2022-07-24;0;0;0;0;0;1081270;6740;1449;41;4098
FR;4;2022-07-25;5;0;2;0;2;1081275;6740;1451;41;4100
FR;4;2022-07-26;2;0;0;0;0;1081277;6740;1451;41;4100
FR;4;2022-07-27;2;1;0;0;0;1081279;6741;1451;41;4100
FR;4;2022-07-28;9;0;0;0;0;1081288;6741;1451;41;4100
FR;4;2022-07-29;3;0;1;0;0;1081291;6741;1452;41;4100
FR;4;2022-07-30;3;0;2;0;0;1081294;6741;1454;41;4100
FR;4;2022-07-31;0;0;0;0;0;1081294;6741;1454;41;4100
FR;4;2022-08-01;1;0;2;0;1;1081295;6741;1456;41;4101
FR;4;2022-08-02;6;0;0;0;0;1081301;6741;1456;41;4101
FR;4;2022-08-03;0;2;1;0;2;1081301;6743;1457;41;4103
FR;4;2022-08-04;3;2;0;1;2;1081304;6745;1457;42;4105
FR;4;2022-08-05;2;0;1;0;0;1081306;6745;1458;42;4105
FR;4;2022-08-06;2;0;0;0;0;1081308;6745;1458;42;4105
FR;4;2022-08-07;3;0;0;0;0;1081311;6745;1458;42;4105
FR;4;2022-08-08;1;0;1;1;1;1081312;6745;1459;43;4106
FR;4;2022-08-09;1;1;1;2;2;1081313;6746;1460;45;4108
FR;4;2022-08-10;5;1;1;0;1;1081318;6747;1461;45;4109
FR;4;2022-08-11;2;0;1;0;1;1081320;6747;1462;45;4110
FR;4;2022-08-12;4;0;1;0;0;1081324;6747;1463;45;4110
FR;4;2022-08-13;1;0;0;0;0;1081325;6747;1463;45;4110
FR;4;2022-08-14;0;0;0;0;0;1081325;6747;1463;45;4110
FR;4;2022-08-15;0;1;3;0;1;1081325;6748;1466;45;4111
FR;4;2022-08-16;0;0;1;0;1;1081325;6748;1467;45;4112
FR;4;2022-08-17;2;0;0;0;0;1081327;6748;1467;45;4112
FR;4;2022-08-18;0;0;0;0;0;1081327;6748;1467;45;4112
FR;4;2022-08-19;5;0;0;0;0;1081332;6748;1467;45;4112
FR;4;2022-08-20;1;0;0;0;0;1081333;6748;1467;45;4112
FR;4;2022-08-21;1;0;0;0;0;1081334;6748;1467;45;4112
FR;4;2022-08-22;3;9;0;0;9;1081337;6757;1467;45;4121
FR;4;2022-08-23;1;2;2;0;2;1081338;6759;1469;45;4123
FR;4;2022-08-24;3;0;0;1;0;1081341;6759;1469;46;4123
FR;4;2022-08-25;0;3;1;0;3;1081341;6762;1470;46;4126
FR;4;2022-08-26;1;0;0;1;0;1081342;6762;1470;47;4126
FR;4;2022-08-27;1;0;0;0;0;1081343;6762;1470;47;4126
FR;4;2022-08-28;0;0;0;0;0;1081343;6762;1470;47;4126
FR;4;2022-08-29;2;0;0;0;0;1081345;6762;1470;47;4126
FR;4;2022-08-30;4;0;0;0;0;1081349;6762;1470;47;4126
FR;4;2022-08-31;1;1;0;0;1;1081350;6763;1470;47;4127
FR;4;2022-09-01;1;6;2;0;5;1081351;6769;1472;47;4132
FR;4;2022-09-02;1;1;1;0;2;1081352;6770;1473;47;4134
FR;4;2022-09-03;2;0;0;0;0;1081354;6770;1473;47;4134
FR;4;2022-09-04;0;0;0;0;0;1081354;6770;1473;47;4134
FR;4;2022-09-05;2;2;0;0;2;1081356;6772;1473;47;4136
FR;4;2022-09-06;0;0;0;0;0;1081356;6772;1473;47;4136
FR;4;2022-09-07;0;0;1;1;1;1081356;6772;1474;48;4137
FR;4;2022-09-08;3;0;0;0;0;1081359;6772;1474;48;4137
FR;4;2022-09-09;2;0;0;0;0;1081361;6772;1474;48;4137
FR;4;2022-09-10;0;0;0;3;1;1081361;6772;1474;51;4138
FR;4;2022-09-11;2;0;0;0;0;1081363;6772;1474;51;4138
FR;4;2022-09-12;0;1;1;0;1;1081363;6773;1475;51;4139
FR;4;2022-09-13;1;0;0;0;0;1081364;6773;1475;51;4139
FR;4;2022-09-14;0;0;0;0;0;1081364;6773;1475;51;4139
FR;4;2022-09-15;2;0;0;0;0;1081366;6773;1475;51;4139
FR;4;2022-09-16;0;0;0;0;0;1081366;6773;1475;51;4139
FR;4;2022-09-17;2;0;0;0;0;1081368;6773;1475;51;4139
FR;4;2022-09-18;0;0;0;0;0;1081368;6773;1475;51;4139
FR;4;2022-09-19;1;0;1;0;1;1081369;6773;1476;51;4140
FR;4;2022-09-20;0;0;0;0;0;1081369;6773;1476;51;4140
FR;4;2022-09-21;2;0;0;0;0;1081371;6773;1476;51;4140
FR;4;2022-09-22;1;0;0;0;0;1081372;6773;1476;51;4140
FR;4;2022-09-23;1;3;0;0;2;1081373;6776;1476;51;4142
FR;4;2022-09-24;1;0;0;0;0;1081374;6776;1476;51;4142
FR;4;2022-09-25;0;0;0;0;0;1081374;6776;1476;51;4142
FR;4;2022-09-26;2;0;1;0;0;1081376;6776;1477;51;4142
FR;4;2022-09-27;0;0;0;1;0;1081376;6776;1477;52;4142
FR;4;2022-09-28;3;0;0;0;0;1081379;6776;1477;52;4142
FR;4;2022-09-29;2;0;0;1;0;1081381;6776;1477;53;4142
FR;4;2022-09-30;1;0;0;0;0;1081382;6776;1477;53;4142
FR;4;2022-10-01;0;1;0;0;0;1081382;6777;1477;53;4142
FR;4;2022-10-02;0;0;0;0;0;1081382;6777;1477;53;4142
FR;4;2022-10-03;1;1;0;0;0;1081383;6778;1477;53;4142
FR;4;2022-10-04;2;0;0;0;0;1081385;6778;1477;53;4142
FR;4;2022-10-05;0;1;0;0;1;1081385;6779;1477;53;4143
FR;4;2022-10-06;1;0;0;0;0;1081386;6779;1477;53;4143
FR;4;2022-10-07;1;0;1;0;0;1081387;6779;1478;53;4143
FR;4;2022-10-08;3;1;0;0;0;1081390;6780;1478;53;4143
FR;4;2022-10-09;0;0;0;0;0;1081390;6780;1478;53;4143
FR;4;2022-10-10;1;0;0;1;0;1081391;6780;1478;54;4143
FR;4;2022-10-11;1;2;0;0;1;1081392;6782;1478;54;4144
FR;4;2022-10-12;0;0;0;0;0;1081392;6782;1478;54;4144
FR;4;2022-10-13;3;0;0;0;0;1081395;6782;1478;54;4144
FR;4;2022-10-14;0;0;0;0;0;1081395;6782;1478;54;4144
FR;4;2022-10-15;0;0;0;0;0;1081395;6782;1478;54;4144
FR;4;2022-10-16;0;0;0;0;0;1081395;6782;1478;54;4144
FR;5;2020-12-27;0;0;0;0;0;0;0;0;0;0
FR;5;2020-12-28;0;0;0;0;0;0;0;0;0;0
FR;5;2020-12-29;0;0;0;0;0;0;0;0;0;0
FR;5;2020-12-30;0;0;0;0;0;0;0;0;0;0
FR;5;2020-12-31;0;0;0;0;0;0;0;0;0;0
FR;5;2021-01-01;0;0;0;0;0;0;0;0;0;0
FR;5;2021-01-02;0;0;0;0;0;0;0;0;0;0
FR;5;2021-01-03;0;0;0;0;0;0;0;0;0;0
FR;5;2021-01-04;0;0;0;0;0;0;0;0;0;0
FR;5;2021-01-05;0;0;0;0;0;0;0;0;0;0
FR;5;2021-01-06;0;0;0;0;0;0;0;0;0;0
FR;5;2021-01-07;0;0;0;0;0;0;0;0;0;0
FR;5;2021-01-08;0;0;0;0;0;0;0;0;0;0
FR;5;2021-01-09;0;0;0;0;0;0;0;0;0;0
FR;5;2021-01-10;0;0;0;0;0;0;0;0;0;0
FR;5;2021-01-11;0;0;0;0;0;0;0;0;0;0
FR;5;2021-01-12;0;0;0;0;0;0;0;0;0;0
FR;5;2021-01-13;0;0;0;0;0;0;0;0;0;0
FR;5;2021-01-14;0;0;0;0;0;0;0;0;0;0
FR;5;2021-01-15;0;0;0;0;0;0;0;0;0;0
FR;5;2021-01-16;0;0;0;0;0;0;0;0;0;0
FR;5;2021-01-17;0;0;0;0;0;0;0;0;0;0
FR;5;2021-01-18;0;0;0;0;0;0;0;0;0;0
FR;5;2021-01-19;0;0;0;0;0;0;0;0;0;0
FR;5;2021-01-20;0;0;0;0;0;0;0;0;0;0
FR;5;2021-01-21;0;0;0;0;0;0;0;0;0;0
FR;5;2021-01-22;0;0;0;0;0;0;0;0;0;0
FR;5;2021-01-23;0;0;0;0;0;0;0;0;0;0
FR;5;2021-01-24;0;0;0;0;0;0;0;0;0;0
FR;5;2021-01-25;0;0;0;0;0;0;0;0;0;0
FR;5;2021-01-26;0;0;0;0;0;0;0;0;0;0
FR;5;2021-01-27;0;0;0;0;0;0;0;0;0;0
FR;5;2021-01-28;0;0;0;0;0;0;0;0;0;0
FR;5;2021-01-29;0;0;0;0;0;0;0;0;0;0
FR;5;2021-01-30;0;0;0;0;0;0;0;0;0;0
FR;5;2021-01-31;0;0;0;0;0;0;0;0;0;0
FR;5;2021-02-01;0;0;0;0;0;0;0;0;0;0
FR;5;2021-02-02;0;0;0;0;0;0;0;0;0;0
FR;5;2021-02-03;0;0;0;0;0;0;0;0;0;0
FR;5;2021-02-04;0;0;0;0;0;0;0;0;0;0
FR;5;2021-02-05;0;0;0;0;0;0;0;0;0;0
FR;5;2021-02-06;0;0;0;0;0;0;0;0;0;0
FR;5;2021-02-07;0;0;0;0;0;0;0;0;0;0
FR;5;2021-02-08;0;0;0;0;0;0;0;0;0;0
FR;5;2021-02-09;0;0;0;0;0;0;0;0;0;0
FR;5;2021-02-10;0;0;0;0;0;0;0;0;0;0
FR;5;2021-02-11;0;0;0;0;0;0;0;0;0;0
FR;5;2021-02-12;0;0;0;0;0;0;0;0;0;0
FR;5;2021-02-13;0;0;0;0;0;0;0;0;0;0
FR;5;2021-02-14;0;0;0;0;0;0;0;0;0;0
FR;5;2021-02-15;0;0;0;0;0;0;0;0;0;0
FR;5;2021-02-16;0;0;0;0;0;0;0;0;0;0
FR;5;2021-02-17;0;0;0;0;0;0;0;0;0;0
FR;5;2021-02-18;0;0;0;0;0;0;0;0;0;0
FR;5;2021-02-19;0;0;0;0;0;0;0;0;0;0
FR;5;2021-02-20;0;0;0;0;0;0;0;0;0;0
FR;5;2021-02-21;0;0;0;0;0;0;0;0;0;0
FR;5;2021-02-22;0;0;0;0;0;0;0;0;0;0
FR;5;2021-02-23;0;0;0;0;0;0;0;0;0;0
FR;5;2021-02-24;0;0;0;0;0;0;0;0;0;0
FR;5;2021-02-25;0;0;0;0;0;0;0;0;0;0
FR;5;2021-02-26;0;0;0;0;0;0;0;0;0;0
FR;5;2021-02-27;0;0;0;0;0;0;0;0;0;0
FR;5;2021-02-28;0;0;0;0;0;0;0;0;0;0
FR;5;2021-03-01;0;0;0;0;0;0;0;0;0;0
FR;5;2021-03-02;0;0;0;0;0;0;0;0;0;0
FR;5;2021-03-03;0;0;0;0;0;0;0;0;0;0
FR;5;2021-03-04;0;0;0;0;0;0;0;0;0;0
FR;5;2021-03-05;0;0;0;0;0;0;0;0;0;0
FR;5;2021-03-06;0;0;0;0;0;0;0;0;0;0
FR;5;2021-03-07;0;0;0;0;0;0;0;0;0;0
FR;5;2021-03-08;0;0;0;0;0;0;0;0;0;0
FR;5;2021-03-09;0;0;0;0;0;0;0;0;0;0
FR;5;2021-03-10;0;0;0;0;0;0;0;0;0;0
FR;5;2021-03-11;0;0;0;0;0;0;0;0;0;0
FR;5;2021-03-12;0;0;0;0;0;0;0;0;0;0
FR;5;2021-03-13;0;0;0;0;0;0;0;0;0;0
FR;5;2021-03-14;0;0;0;0;0;0;0;0;0;0
FR;5;2021-03-15;0;0;0;0;0;0;0;0;0;0
FR;5;2021-03-16;0;0;0;0;0;0;0;0;0;0
FR;5;2021-03-17;0;0;0;0;0;0;0;0;0;0
FR;5;2021-03-18;0;0;0;0;0;0;0;0;0;0
FR;5;2021-03-19;0;0;0;0;0;0;0;0;0;0
FR;5;2021-03-20;0;0;0;0;0;0;0;0;0;0
FR;5;2021-03-21;0;0;0;0;0;0;0;0;0;0
FR;5;2021-03-22;0;0;0;0;0;0;0;0;0;0
FR;5;2021-03-23;0;0;0;0;0;0;0;0;0;0
FR;5;2021-03-24;0;0;0;0;0;0;0;0;0;0
FR;5;2021-03-25;0;0;0;0;0;0;0;0;0;0
FR;5;2021-03-26;0;0;0;0;0;0;0;0;0;0
FR;5;2021-03-27;0;0;0;0;0;0;0;0;0;0
FR;5;2021-03-28;0;0;0;0;0;0;0;0;0;0
FR;5;2021-03-29;0;0;0;0;0;0;0;0;0;0
FR;5;2021-03-30;0;0;0;0;0;0;0;0;0;0
FR;5;2021-03-31;0;0;0;0;0;0;0;0;0;0
FR;5;2021-04-01;0;0;0;0;0;0;0;0;0;0
FR;5;2021-04-02;0;0;0;0;0;0;0;0;0;0
FR;5;2021-04-03;0;0;0;0;0;0;0;0;0;0
FR;5;2021-04-04;0;0;0;0;0;0;0;0;0;0
FR;5;2021-04-05;0;0;0;0;0;0;0;0;0;0
FR;5;2021-04-06;0;0;0;0;0;0;0;0;0;0
FR;5;2021-04-07;0;0;0;0;0;0;0;0;0;0
FR;5;2021-04-08;0;0;0;0;0;0;0;0;0;0
FR;5;2021-04-09;0;0;0;0;0;0;0;0;0;0
FR;5;2021-04-10;0;0;0;0;0;0;0;0;0;0
FR;5;2021-04-11;0;0;0;0;0;0;0;0;0;0
FR;5;2021-04-12;0;0;0;0;0;0;0;0;0;0
FR;5;2021-04-13;0;0;0;0;0;0;0;0;0;0
FR;5;2021-04-14;0;0;0;0;0;0;0;0;0;0
FR;5;2021-04-15;0;0;0;0;0;0;0;0;0;0
FR;5;2021-04-16;0;0;0;0;0;0;0;0;0;0
FR;5;2021-04-17;0;0;0;0;0;0;0;0;0;0
FR;5;2021-04-18;0;0;0;0;0;0;0;0;0;0
FR;5;2021-04-19;0;0;0;0;0;0;0;0;0;0
FR;5;2021-04-20;0;0;0;0;0;0;0;0;0;0
FR;5;2021-04-21;0;0;0;0;0;0;0;0;0;0
FR;5;2021-04-22;0;0;0;0;0;0;0;0;0;0
FR;5;2021-04-23;0;0;0;0;0;0;0;0;0;0
FR;5;2021-04-24;0;0;0;0;0;0;0;0;0;0
FR;5;2021-04-25;0;0;0;0;0;0;0;0;0;0
FR;5;2021-04-26;0;0;0;0;0;0;0;0;0;0
FR;5;2021-04-27;0;0;0;0;0;0;0;0;0;0
FR;5;2021-04-28;0;0;0;0;0;0;0;0;0;0
FR;5;2021-04-29;0;0;0;0;0;0;0;0;0;0
FR;5;2021-04-30;0;0;0;0;0;0;0;0;0;0
FR;5;2021-05-01;0;0;0;0;0;0;0;0;0;0
FR;5;2021-05-02;0;0;0;0;0;0;0;0;0;0
FR;5;2021-05-03;0;0;0;0;0;0;0;0;0;0
FR;5;2021-05-04;0;0;0;0;0;0;0;0;0;0
FR;5;2021-05-05;0;0;0;0;0;0;0;0;0;0
FR;5;2021-05-06;0;0;0;0;0;0;0;0;0;0
FR;5;2021-05-07;0;0;0;0;0;0;0;0;0;0
FR;5;2021-05-08;0;0;0;0;0;0;0;0;0;0
FR;5;2021-05-09;0;0;0;0;0;0;0;0;0;0
FR;5;2021-05-10;0;0;0;0;0;0;0;0;0;0
FR;5;2021-05-11;0;0;0;0;0;0;0;0;0;0
FR;5;2021-05-12;0;0;0;0;0;0;0;0;0;0
FR;5;2021-05-13;0;0;0;0;0;0;0;0;0;0
FR;5;2021-05-14;0;0;0;0;0;0;0;0;0;0
FR;5;2021-05-15;0;0;0;0;0;0;0;0;0;0
FR;5;2021-05-16;0;0;0;0;0;0;0;0;0;0
FR;5;2021-05-17;0;0;0;0;0;0;0;0;0;0
FR;5;2021-05-18;0;0;0;0;0;0;0;0;0;0
FR;5;2021-05-19;0;0;0;0;0;0;0;0;0;0
FR;5;2021-05-20;0;0;0;0;0;0;0;0;0;0
FR;5;2021-05-21;0;0;0;0;0;0;0;0;0;0
FR;5;2021-05-22;0;0;0;0;0;0;0;0;0;0
FR;5;2021-05-23;0;0;0;0;0;0;0;0;0;0
FR;5;2021-05-24;0;0;0;0;0;0;0;0;0;0
FR;5;2021-05-25;0;0;0;0;0;0;0;0;0;0
FR;5;2021-05-26;0;0;0;0;0;0;0;0;0;0
FR;5;2021-05-27;0;0;0;0;0;0;0;0;0;0
FR;5;2021-05-28;0;0;0;0;0;0;0;0;0;0
FR;5;2021-05-29;0;0;0;0;0;0;0;0;0;0
FR;5;2021-05-30;0;0;0;0;0;0;0;0;0;0
FR;5;2021-05-31;0;0;0;0;0;0;0;0;0;0
FR;5;2021-06-01;0;0;0;0;0;0;0;0;0;0
FR;5;2021-06-02;0;0;0;0;0;0;0;0;0;0
FR;5;2021-06-03;0;0;0;0;0;0;0;0;0;0
FR;5;2021-06-04;0;0;0;0;0;0;0;0;0;0
FR;5;2021-06-05;0;0;0;0;0;0;0;0;0;0
FR;5;2021-06-06;0;0;0;0;0;0;0;0;0;0
FR;5;2021-06-07;0;0;0;0;0;0;0;0;0;0
FR;5;2021-06-08;0;0;0;0;0;0;0;0;0;0
FR;5;2021-06-09;0;0;0;0;0;0;0;0;0;0
FR;5;2021-06-10;0;0;0;0;0;0;0;0;0;0
FR;5;2021-06-11;0;0;0;0;0;0;0;0;0;0
FR;5;2021-06-12;0;0;0;0;0;0;0;0;0;0
FR;5;2021-06-13;0;0;0;0;0;0;0;0;0;0
FR;5;2021-06-14;0;0;0;0;0;0;0;0;0;0
FR;5;2021-06-15;0;0;0;0;0;0;0;0;0;0
FR;5;2021-06-16;0;0;0;0;0;0;0;0;0;0
FR;5;2021-06-17;0;0;0;0;0;0;0;0;0;0
FR;5;2021-06-18;0;0;0;0;0;0;0;0;0;0
FR;5;2021-06-19;0;0;0;0;0;0;0;0;0;0
FR;5;2021-06-20;0;0;0;0;0;0;0;0;0;0
FR;5;2021-06-21;0;0;0;0;0;0;0;0;0;0
FR;5;2021-06-22;0;0;0;0;0;0;0;0;0;0
FR;5;2021-06-23;0;0;0;0;0;0;0;0;0;0
FR;5;2021-06-24;0;0;0;0;0;0;0;0;0;0
FR;5;2021-06-25;0;0;0;0;0;0;0;0;0;0
FR;5;2021-06-26;0;0;0;0;0;0;0;0;0;0
FR;5;2021-06-27;0;0;0;0;0;0;0;0;0;0
FR;5;2021-06-28;0;0;0;0;0;0;0;0;0;0
FR;5;2021-06-29;0;0;0;0;0;0;0;0;0;0
FR;5;2021-06-30;0;0;0;0;0;0;0;0;0;0
FR;5;2021-07-01;0;0;0;0;0;0;0;0;0;0
FR;5;2021-07-02;0;0;0;0;0;0;0;0;0;0
FR;5;2021-07-03;0;0;0;0;0;0;0;0;0;0
FR;5;2021-07-04;0;0;0;0;0;0;0;0;0;0
FR;5;2021-07-05;0;0;0;0;0;0;0;0;0;0
FR;5;2021-07-06;0;0;0;0;0;0;0;0;0;0
FR;5;2021-07-07;0;0;0;0;0;0;0;0;0;0
FR;5;2021-07-08;0;0;0;0;0;0;0;0;0;0
FR;5;2021-07-09;0;0;0;0;0;0;0;0;0;0
FR;5;2021-07-10;0;0;0;0;0;0;0;0;0;0
FR;5;2021-07-11;0;0;0;0;0;0;0;0;0;0
FR;5;2021-07-12;0;0;0;0;0;0;0;0;0;0
FR;5;2021-07-13;0;0;0;0;0;0;0;0;0;0
FR;5;2021-07-14;0;0;0;0;0;0;0;0;0;0
FR;5;2021-07-15;0;0;0;0;0;0;0;0;0;0
FR;5;2021-07-16;0;0;0;0;0;0;0;0;0;0
FR;5;2021-07-17;0;0;0;0;0;0;0;0;0;0
FR;5;2021-07-18;0;0;0;0;0;0;0;0;0;0
FR;5;2021-07-19;0;0;0;0;0;0;0;0;0;0
FR;5;2021-07-20;0;0;0;0;0;0;0;0;0;0
FR;5;2021-07-21;0;0;0;0;0;0;0;0;0;0
FR;5;2021-07-22;0;0;0;0;0;0;0;0;0;0
FR;5;2021-07-23;0;0;0;0;0;0;0;0;0;0
FR;5;2021-07-24;0;0;0;0;0;0;0;0;0;0
FR;5;2021-07-25;0;0;0;0;0;0;0;0;0;0
FR;5;2021-07-26;0;0;0;0;0;0;0;0;0;0
FR;5;2021-07-27;0;0;0;0;0;0;0;0;0;0
FR;5;2021-07-28;0;0;0;0;0;0;0;0;0;0
FR;5;2021-07-29;0;0;0;0;0;0;0;0;0;0
FR;5;2021-07-30;0;0;0;0;0;0;0;0;0;0
FR;5;2021-07-31;0;0;0;0;0;0;0;0;0;0
FR;5;2021-08-01;0;0;0;0;0;0;0;0;0;0
FR;5;2021-08-02;0;0;0;0;0;0;0;0;0;0
FR;5;2021-08-03;0;0;0;0;0;0;0;0;0;0
FR;5;2021-08-04;0;0;0;0;0;0;0;0;0;0
FR;5;2021-08-05;0;0;0;0;0;0;0;0;0;0
FR;5;2021-08-06;0;0;0;0;0;0;0;0;0;0
FR;5;2021-08-07;0;0;0;0;0;0;0;0;0;0
FR;5;2021-08-08;0;0;0;0;0;0;0;0;0;0
FR;5;2021-08-09;0;0;0;0;0;0;0;0;0;0
FR;5;2021-08-10;0;0;0;0;0;0;0;0;0;0
FR;5;2021-08-11;0;0;0;0;0;0;0;0;0;0
FR;5;2021-08-12;0;0;0;0;0;0;0;0;0;0
FR;5;2021-08-13;0;0;0;0;0;0;0;0;0;0
FR;5;2021-08-14;0;0;0;0;0;0;0;0;0;0
FR;5;2021-08-15;0;0;0;0;0;0;0;0;0;0
FR;5;2021-08-16;0;0;0;0;0;0;0;0;0;0
FR;5;2021-08-17;0;0;0;0;0;0;0;0;0;0
FR;5;2021-08-18;0;0;0;0;0;0;0;0;0;0
FR;5;2021-08-19;0;0;0;0;0;0;0;0;0;0
FR;5;2021-08-20;0;0;0;0;0;0;0;0;0;0
FR;5;2021-08-21;0;0;0;0;0;0;0;0;0;0
FR;5;2021-08-22;0;0;0;0;0;0;0;0;0;0
FR;5;2021-08-23;0;0;0;0;0;0;0;0;0;0
FR;5;2021-08-24;0;0;0;0;0;0;0;0;0;0
FR;5;2021-08-25;0;0;0;0;0;0;0;0;0;0
FR;5;2021-08-26;0;0;0;0;0;0;0;0;0;0
FR;5;2021-08-27;0;0;0;0;0;0;0;0;0;0
FR;5;2021-08-28;0;0;0;0;0;0;0;0;0;0
FR;5;2021-08-29;0;0;0;0;0;0;0;0;0;0
FR;5;2021-08-30;0;0;0;0;0;0;0;0;0;0
FR;5;2021-08-31;0;0;0;0;0;0;0;0;0;0
FR;5;2021-09-01;0;0;0;0;0;0;0;0;0;0
FR;5;2021-09-02;0;0;0;0;0;0;0;0;0;0
FR;5;2021-09-03;0;0;0;0;0;0;0;0;0;0
FR;5;2021-09-04;0;0;0;0;0;0;0;0;0;0
FR;5;2021-09-05;0;0;0;0;0;0;0;0;0;0
FR;5;2021-09-06;0;0;0;0;0;0;0;0;0;0
FR;5;2021-09-07;0;0;0;0;0;0;0;0;0;0
FR;5;2021-09-08;0;0;0;0;0;0;0;0;0;0
FR;5;2021-09-09;0;0;0;0;0;0;0;0;0;0
FR;5;2021-09-10;0;0;0;0;0;0;0;0;0;0
FR;5;2021-09-11;0;0;0;0;0;0;0;0;0;0
FR;5;2021-09-12;0;0;0;0;0;0;0;0;0;0
FR;5;2021-09-13;0;0;0;0;0;0;0;0;0;0
FR;5;2021-09-14;0;0;0;0;0;0;0;0;0;0
FR;5;2021-09-15;0;0;0;0;0;0;0;0;0;0
FR;5;2021-09-16;0;0;0;0;0;0;0;0;0;0
FR;5;2021-09-17;0;0;0;0;0;0;0;0;0;0
FR;5;2021-09-18;0;0;0;0;0;0;0;0;0;0
FR;5;2021-09-19;0;0;0;0;0;0;0;0;0;0
FR;5;2021-09-20;0;0;0;0;0;0;0;0;0;0
FR;5;2021-09-21;0;0;0;0;0;0;0;0;0;0
FR;5;2021-09-22;0;0;0;0;0;0;0;0;0;0
FR;5;2021-09-23;0;0;0;0;0;0;0;0;0;0
FR;5;2021-09-24;0;0;0;0;0;0;0;0;0;0
FR;5;2021-09-25;0;0;0;0;0;0;0;0;0;0
FR;5;2021-09-26;0;0;0;0;0;0;0;0;0;0
FR;5;2021-09-27;0;0;0;0;0;0;0;0;0;0
FR;5;2021-09-28;0;0;0;0;0;0;0;0;0;0
FR;5;2021-09-29;0;0;0;0;0;0;0;0;0;0
FR;5;2021-09-30;0;0;0;0;0;0;0;0;0;0
FR;5;2021-10-01;0;0;0;0;0;0;0;0;0;0
FR;5;2021-10-02;0;0;0;0;0;0;0;0;0;0
FR;5;2021-10-03;0;0;0;0;0;0;0;0;0;0
FR;5;2021-10-04;0;0;0;0;0;0;0;0;0;0
FR;5;2021-10-05;0;0;0;0;0;0;0;0;0;0
FR;5;2021-10-06;0;0;0;0;0;0;0;0;0;0
FR;5;2021-10-07;0;0;0;0;0;0;0;0;0;0
FR;5;2021-10-08;0;0;0;0;0;0;0;0;0;0
FR;5;2021-10-09;0;0;0;0;0;0;0;0;0;0
FR;5;2021-10-10;0;0;0;0;0;0;0;0;0;0
FR;5;2021-10-11;0;0;0;0;0;0;0;0;0;0
FR;5;2021-10-12;0;0;0;0;0;0;0;0;0;0
FR;5;2021-10-13;0;0;0;0;0;0;0;0;0;0
FR;5;2021-10-14;0;0;0;0;0;0;0;0;0;0
FR;5;2021-10-15;0;0;0;0;0;0;0;0;0;0
FR;5;2021-10-16;0;0;0;0;0;0;0;0;0;0
FR;5;2021-10-17;0;0;0;0;0;0;0;0;0;0
FR;5;2021-10-18;0;0;0;0;0;0;0;0;0;0
FR;5;2021-10-19;0;0;0;0;0;0;0;0;0;0
FR;5;2021-10-20;0;0;0;0;0;0;0;0;0;0
FR;5;2021-10-21;0;0;0;0;0;0;0;0;0;0
FR;5;2021-10-22;0;0;0;0;0;0;0;0;0;0
FR;5;2021-10-23;0;0;0;0;0;0;0;0;0;0
FR;5;2021-10-24;0;0;0;0;0;0;0;0;0;0
FR;5;2021-10-25;0;0;0;0;0;0;0;0;0;0
FR;5;2021-10-26;0;0;0;0;0;0;0;0;0;0
FR;5;2021-10-27;0;0;0;0;0;0;0;0;0;0
FR;5;2021-10-28;0;0;0;0;0;0;0;0;0;0
FR;5;2021-10-29;0;0;0;0;0;0;0;0;0;0
FR;5;2021-10-30;0;0;0;0;0;0;0;0;0;0
FR;5;2021-10-31;0;0;0;0;0;0;0;0;0;0
FR;5;2021-11-01;0;0;0;0;0;0;0;0;0;0
FR;5;2021-11-02;0;0;0;0;0;0;0;0;0;0
FR;5;2021-11-03;0;0;0;0;0;0;0;0;0;0
FR;5;2021-11-04;0;0;0;0;0;0;0;0;0;0
FR;5;2021-11-05;0;0;0;0;0;0;0;0;0;0
FR;5;2021-11-06;0;0;0;0;0;0;0;0;0;0
FR;5;2021-11-07;0;0;0;0;0;0;0;0;0;0
FR;5;2021-11-08;0;0;0;0;0;0;0;0;0;0
FR;5;2021-11-09;0;0;0;0;0;0;0;0;0;0
FR;5;2021-11-10;0;0;0;0;0;0;0;0;0;0
FR;5;2021-11-11;0;0;0;0;0;0;0;0;0;0
FR;5;2021-11-12;0;0;0;0;0;0;0;0;0;0
FR;5;2021-11-13;0;0;0;0;0;0;0;0;0;0
FR;5;2021-11-14;0;0;0;0;0;0;0;0;0;0
FR;5;2021-11-15;0;0;0;0;0;0;0;0;0;0
FR;5;2021-11-16;0;0;0;0;0;0;0;0;0;0
FR;5;2021-11-17;0;0;0;0;0;0;0;0;0;0
FR;5;2021-11-18;0;0;0;0;0;0;0;0;0;0
FR;5;2021-11-19;0;0;0;0;0;0;0;0;0;0
FR;5;2021-11-20;0;0;0;0;0;0;0;0;0;0
FR;5;2021-11-21;0;0;0;0;0;0;0;0;0;0
FR;5;2021-11-22;0;0;0;0;0;0;0;0;0;0
FR;5;2021-11-23;0;0;0;0;0;0;0;0;0;0
FR;5;2021-11-24;0;0;0;0;0;0;0;0;0;0
FR;5;2021-11-25;0;0;0;0;0;0;0;0;0;0
FR;5;2021-11-26;0;0;0;0;0;0;0;0;0;0
FR;5;2021-11-27;0;0;0;0;0;0;0;0;0;0
FR;5;2021-11-28;0;0;0;0;0;0;0;0;0;0
FR;5;2021-11-29;0;0;0;0;0;0;0;0;0;0
FR;5;2021-11-30;0;0;0;0;0;0;0;0;0;0
FR;5;2021-12-01;0;0;0;0;0;0;0;0;0;0
FR;5;2021-12-02;0;0;0;0;0;0;0;0;0;0
FR;5;2021-12-03;0;0;0;0;0;0;0;0;0;0
FR;5;2021-12-04;0;0;0;0;0;0;0;0;0;0
FR;5;2021-12-05;0;0;0;0;0;0;0;0;0;0
FR;5;2021-12-06;0;0;0;0;0;0;0;0;0;0
FR;5;2021-12-07;0;0;0;0;0;0;0;0;0;0
FR;5;2021-12-08;0;0;0;0;0;0;0;0;0;0
FR;5;2021-12-09;0;0;0;0;0;0;0;0;0;0
FR;5;2021-12-10;0;0;0;0;0;0;0;0;0;0
FR;5;2021-12-11;0;0;0;0;0;0;0;0;0;0
FR;5;2021-12-12;0;0;0;0;0;0;0;0;0;0
FR;5;2021-12-13;0;0;0;0;0;0;0;0;0;0
FR;5;2021-12-14;33;45;77;0;88;33;45;77;0;88
FR;5;2021-12-15;196;45;37;0;49;229;90;114;0;137
FR;5;2021-12-16;181;21;44;0;48;410;111;158;0;185
FR;5;2021-12-17;312;16;72;0;74;722;127;230;0;259
FR;5;2021-12-18;766;24;22;0;29;1488;151;252;0;288
FR;5;2021-12-19;586;15;15;0;17;2074;166;267;0;305
FR;5;2021-12-20;1223;31;35;0;38;3297;197;302;0;343
FR;5;2021-12-21;1535;22;54;1;60;4832;219;356;1;403
FR;5;2021-12-22;4069;40;37;0;46;8901;259;393;1;449
FR;5;2021-12-23;3042;16;21;0;25;11943;275;414;1;474
FR;5;2021-12-24;761;18;9;0;14;12704;293;423;1;488
FR;5;2021-12-25;61;5;2;0;3;12765;298;425;1;491
FR;5;2021-12-26;623;6;3;0;4;13388;304;428;1;495
FR;5;2021-12-27;4085;25;21;0;23;17473;329;449;1;518
FR;5;2021-12-28;5204;23;41;1;43;22677;352;490;2;561
FR;5;2021-12-29;8107;34;66;2;69;30784;386;556;4;630
FR;5;2021-12-30;5173;18;33;0;39;35957;404;589;4;669
FR;5;2021-12-31;1553;8;10;0;11;37510;412;599;4;680
FR;5;2022-01-01;185;2;2;0;3;37695;414;601;4;683
FR;5;2022-01-02;1489;1;1;0;1;39184;415;602;4;684
FR;5;2022-01-03;3066;36;33;0;32;42250;451;635;4;716
FR;5;2022-01-04;3033;39;33;0;42;45283;490;668;4;758
FR;5;2022-01-05;19323;203;97;1;108;64606;693;765;5;866
FR;5;2022-01-06;3746;134;122;0;142;68352;827;887;5;1008
FR;5;2022-01-07;5007;202;48;2;56;73359;1029;935;7;1064
FR;5;2022-01-08;13659;514;45;0;52;87018;1543;980;7;1116
FR;5;2022-01-09;5754;399;15;0;20;92772;1942;995;7;1136
FR;5;2022-01-10;3455;326;25;0;29;96227;2268;1020;7;1165
FR;5;2022-01-11;3671;284;38;0;41;99898;2552;1058;7;1206
FR;5;2022-01-12;22652;3005;89;0;112;122550;5557;1147;7;1318
FR;5;2022-01-13;4037;622;30;0;32;126587;6179;1177;7;1350
FR;5;2022-01-14;4843;582;44;0;51;131430;6761;1221;7;1401
FR;5;2022-01-15;14686;1746;38;3;49;146116;8507;1259;10;1450
FR;5;2022-01-16;4727;666;3;0;5;150843;9173;1262;10;1455
FR;5;2022-01-17;2297;718;26;0;29;153140;9891;1288;10;1484
FR;5;2022-01-18;2430;870;30;0;40;155570;10761;1318;10;1524
FR;5;2022-01-19;18483;6423;74;2;142;174053;17184;1392;12;1666
FR;5;2022-01-20;1920;1068;25;0;34;175973;18252;1417;12;1700
FR;5;2022-01-21;3077;1372;47;1;59;179050;19624;1464;13;1759
FR;5;2022-01-22;10720;3454;33;1;43;189770;23078;1497;14;1802
FR;5;2022-01-23;2629;1415;6;0;10;192399;24493;1503;14;1812
FR;5;2022-01-24;1160;1340;19;0;23;193559;25833;1522;14;1835
FR;5;2022-01-25;1220;1549;20;2;31;194779;27382;1542;16;1866
FR;5;2022-01-26;10751;12028;50;1;89;205530;39410;1592;17;1955
FR;5;2022-01-27;1291;1693;10;0;17;206821;41103;1602;17;1972
FR;5;2022-01-28;1699;3347;16;0;19;208520;44450;1618;17;1991
FR;5;2022-01-29;6241;8041;68;0;96;214761;52491;1686;17;2087
FR;5;2022-01-30;1509;2950;5;0;18;216270;55441;1691;17;2105
FR;5;2022-01-31;589;1773;23;0;24;216859;57214;1714;17;2129
FR;5;2022-02-01;712;1706;10;0;15;217571;58920;1724;17;2144
FR;5;2022-02-02;6958;15656;52;0;94;224529;74576;1776;17;2238
FR;5;2022-02-03;491;1690;14;0;13;225020;76266;1790;17;2251
FR;5;2022-02-04;945;3002;19;0;31;225965;79268;1809;17;2282
FR;5;2022-02-05;3535;8918;23;0;37;229500;88186;1832;17;2319
FR;5;2022-02-06;737;2397;10;0;19;230237;90583;1842;17;2338
FR;5;2022-02-07;884;1596;23;0;25;231121;92179;1865;17;2363
FR;5;2022-02-08;722;1287;18;0;20;231843;93466;1883;17;2383
FR;5;2022-02-09;4544;12878;44;0;76;236387;106344;1927;17;2459
FR;5;2022-02-10;646;1059;14;0;15;237033;107403;1941;17;2474
FR;5;2022-02-11;793;2032;16;0;21;237826;109435;1957;17;2495
FR;5;2022-02-12;2286;6812;33;0;53;240112;116247;1990;17;2548
FR;5;2022-02-13;464;1540;8;0;8;240576;117787;1998;17;2556
FR;5;2022-02-14;678;1288;10;0;13;241254;119075;2008;17;2569
FR;5;2022-02-15;482;886;9;0;14;241736;119961;2017;17;2583
FR;5;2022-02-16;2980;9123;41;1;58;244716;129084;2058;18;2641
FR;5;2022-02-17;436;809;6;0;7;245152;129893;2064;18;2648
FR;5;2022-02-18;649;1408;13;0;17;245801;131301;2077;18;2665
FR;5;2022-02-19;1373;4315;16;0;28;247174;135616;2093;18;2693
FR;5;2022-02-20;247;879;6;0;8;247421;136495;2099;18;2701
FR;5;2022-02-21;221;607;2;0;4;247642;137102;2101;18;2705
FR;5;2022-02-22;262;545;17;0;17;247904;137647;2118;18;2722
FR;5;2022-02-23;1909;6926;23;1;43;249813;144573;2141;19;2765
FR;5;2022-02-24;182;374;6;1;7;249995;144947;2147;20;2772
FR;5;2022-02-25;336;950;13;0;12;250331;145897;2160;20;2784
FR;5;2022-02-26;972;3070;11;0;15;251303;148967;2171;20;2799
FR;5;2022-02-27;150;506;0;0;3;251453;149473;2171;20;2802
FR;5;2022-02-28;162;369;1;0;1;251615;149842;2172;20;2803
FR;5;2022-03-01;130;280;6;0;7;251745;150122;2178;20;2810
FR;5;2022-03-02;1241;4156;28;3;40;252986;154278;2206;23;2850
FR;5;2022-03-03;121;251;5;0;10;253107;154529;2211;23;2860
FR;5;2022-03-04;197;488;13;0;14;253304;155017;2224;23;2874
FR;5;2022-03-05;677;1990;8;0;16;253981;157007;2232;23;2890
FR;5;2022-03-06;108;260;0;0;0;254089;157267;2232;23;2890
FR;5;2022-03-07;71;228;5;0;3;254160;157495;2237;23;2893
FR;5;2022-03-08;46;134;7;1;8;254206;157629;2244;24;2901
FR;5;2022-03-09;910;3078;24;0;36;255116;160707;2268;24;2937
FR;5;2022-03-10;82;202;8;0;12;255198;160909;2276;24;2949
FR;5;2022-03-11;148;369;13;1;15;255346;161278;2289;25;2964
FR;5;2022-03-12;758;1613;13;1;30;256104;162891;2302;26;2994
FR;5;2022-03-13;78;100;0;0;0;256182;162991;2302;26;2994
FR;5;2022-03-14;67;119;7;1;7;256249;163110;2309;27;3001
FR;5;2022-03-15;83;99;4;0;7;256332;163209;2313;27;3008
FR;5;2022-03-16;882;1827;15;3;36;257214;165036;2328;30;3044
FR;5;2022-03-17;68;123;8;4;10;257282;165159;2336;34;3054
FR;5;2022-03-18;172;318;13;4;18;257454;165477;2349;38;3072
FR;5;2022-03-19;751;1163;12;5;33;258205;166640;2361;43;3105
FR;5;2022-03-20;45;93;1;0;1;258250;166733;2362;43;3106
FR;5;2022-03-21;71;120;10;6;15;258321;166853;2372;49;3121
FR;5;2022-03-22;56;119;8;7;9;258377;166972;2380;56;3130
FR;5;2022-03-23;805;1461;14;8;36;259182;168433;2394;64;3166
FR;5;2022-03-24;70;93;8;7;7;259252;168526;2402;71;3173
FR;5;2022-03-25;222;293;14;8;18;259474;168819;2416;79;3191
FR;5;2022-03-26;707;853;12;5;26;260181;169672;2428;84;3217
FR;5;2022-03-27;75;80;0;0;3;260256;169752;2428;84;3220
FR;5;2022-03-28;81;93;1;2;3;260337;169845;2429;86;3223
FR;5;2022-03-29;71;82;10;4;12;260408;169927;2439;90;3235
FR;5;2022-03-30;823;1116;16;13;29;261231;171043;2455;103;3264
FR;5;2022-03-31;102;125;1;4;6;261333;171168;2456;107;3270
FR;5;2022-04-01;114;86;7;12;11;261447;171254;2463;119;3281
FR;5;2022-04-02;330;349;3;3;15;261777;171603;2466;122;3296
FR;5;2022-04-03;54;59;1;0;1;261831;171662;2467;122;3297
FR;5;2022-04-04;40;57;4;1;8;261871;171719;2471;123;3305
FR;5;2022-04-05;52;60;6;7;9;261923;171779;2477;130;3314
FR;5;2022-04-06;421;439;7;15;16;262344;172218;2484;145;3330
FR;5;2022-04-07;45;69;5;7;7;262389;172287;2489;152;3337
FR;5;2022-04-08;134;112;12;13;14;262523;172399;2501;165;3351
FR;5;2022-04-09;311;324;2;5;17;262834;172723;2503;170;3368
FR;5;2022-04-10;44;31;2;0;2;262878;172754;2505;170;3370
FR;5;2022-04-11;50;60;3;2;4;262928;172814;2508;172;3374
FR;5;2022-04-12;59;54;3;3;5;262987;172868;2511;175;3379
FR;5;2022-04-13;382;413;3;8;16;263369;173281;2514;183;3395
FR;5;2022-04-14;48;48;5;5;9;263417;173329;2519;188;3404
FR;5;2022-04-15;91;109;4;4;5;263508;173438;2523;192;3409
FR;5;2022-04-16;188;184;2;1;13;263696;173622;2525;193;3422
FR;5;2022-04-17;12;11;1;0;1;263708;173633;2526;193;3423
FR;5;2022-04-18;9;10;2;0;3;263717;173643;2528;193;3426
FR;5;2022-04-19;75;71;6;1;6;263792;173714;2534;194;3432
FR;5;2022-04-20;361;349;9;6;12;264153;174063;2543;200;3444
FR;5;2022-04-21;42;64;9;10;12;264195;174127;2552;210;3456
FR;5;2022-04-22;113;96;5;4;5;264308;174223;2557;214;3461
FR;5;2022-04-23;209;193;3;2;10;264517;174416;2560;216;3471
FR;5;2022-04-24;37;35;0;0;3;264554;174451;2560;216;3474
FR;5;2022-04-25;69;65;1;1;4;264623;174516;2561;217;3478
FR;5;2022-04-26;60;63;2;1;5;264683;174579;2563;218;3483
FR;5;2022-04-27;335;316;3;7;14;265018;174895;2566;225;3497
FR;5;2022-04-28;81;54;4;5;8;265099;174949;2570;230;3505
FR;5;2022-04-29;117;84;5;19;12;265216;175033;2575;249;3517
FR;5;2022-04-30;183;114;2;3;10;265399;175147;2577;252;3527
FR;5;2022-05-01;11;7;0;0;0;265410;175154;2577;252;3527
FR;5;2022-05-02;52;28;4;5;2;265462;175182;2581;257;3529
FR;5;2022-05-03;84;57;2;5;11;265546;175239;2583;262;3540
FR;5;2022-05-04;278;205;1;2;7;265824;175444;2584;264;3547
FR;5;2022-05-05;62;32;3;4;5;265886;175476;2587;268;3552
FR;5;2022-05-06;105;65;2;3;5;265991;175541;2589;271;3557
FR;5;2022-05-07;171;117;3;10;13;266162;175658;2592;281;3570
FR;5;2022-05-08;8;8;0;0;2;266170;175666;2592;281;3572
FR;5;2022-05-09;44;34;15;3;16;266214;175700;2607;284;3588
FR;5;2022-05-10;54;49;3;4;5;266268;175749;2610;288;3593
FR;5;2022-05-11;326;237;12;7;21;266594;175986;2622;295;3614
FR;5;2022-05-12;46;34;2;2;2;266640;176020;2624;297;3616
FR;5;2022-05-13;109;83;3;8;8;266749;176103;2627;305;3624
FR;5;2022-05-14;209;131;0;1;8;266958;176234;2627;306;3632
FR;5;2022-05-15;22;9;2;0;1;266980;176243;2629;306;3633
FR;5;2022-05-16;52;34;4;5;4;267032;176277;2633;311;3637
FR;5;2022-05-17;72;40;5;0;2;267104;176317;2638;311;3639
FR;5;2022-05-18;289;215;4;4;8;267393;176532;2642;315;3647
FR;5;2022-05-19;45;35;5;3;3;267438;176567;2647;318;3650
FR;5;2022-05-20;76;63;3;10;1;267514;176630;2650;328;3651
FR;5;2022-05-21;242;166;2;3;17;267756;176796;2652;331;3668
FR;5;2022-05-22;20;14;2;5;2;267776;176810;2654;336;3670
FR;5;2022-05-23;42;31;4;3;6;267818;176841;2658;339;3676
FR;5;2022-05-24;47;45;3;2;5;267865;176886;2661;341;3681
FR;5;2022-05-25;329;257;4;1;16;268194;177143;2665;342;3697
FR;5;2022-05-26;17;5;0;1;2;268211;177148;2665;343;3699
FR;5;2022-05-27;99;54;4;4;9;268310;177202;2669;347;3708
FR;5;2022-05-28;100;78;5;3;10;268410;177280;2674;350;3718
FR;5;2022-05-29;14;14;1;0;2;268424;177294;2675;350;3720
FR;5;2022-05-30;56;41;2;1;2;268480;177335;2677;351;3722
FR;5;2022-05-31;57;43;1;8;1;268537;177378;2678;359;3723
FR;5;2022-06-01;257;241;9;2;25;268794;177619;2687;361;3748
FR;5;2022-06-02;63;61;5;0;9;268857;177680;2692;361;3757
FR;5;2022-06-03;81;71;4;5;10;268938;177751;2696;366;3767
FR;5;2022-06-04;157;109;2;1;9;269095;177860;2698;367;3776
FR;5;2022-06-05;18;11;0;0;1;269113;177871;2698;367;3777
FR;5;2022-06-06;16;9;0;1;0;269129;177880;2698;368;3777
FR;5;2022-06-07;50;56;1;1;2;269179;177936;2699;369;3779
FR;5;2022-06-08;283;225;3;4;17;269462;178161;2702;373;3796
FR;5;2022-06-09;52;41;6;3;7;269514;178202;2708;376;3803
FR;5;2022-06-10;81;72;1;1;6;269595;178274;2709;377;3809
FR;5;2022-06-11;173;141;3;3;10;269768;178415;2712;380;3819
FR;5;2022-06-12;17;16;0;0;2;269785;178431;2712;380;3821
FR;5;2022-06-13;56;47;9;3;10;269841;178478;2721;383;3831
FR;5;2022-06-14;59;56;1;4;6;269900;178534;2722;387;3837
FR;5;2022-06-15;266;260;5;2;27;270166;178794;2727;389;3864
FR;5;2022-06-16;47;30;5;2;5;270213;178824;2732;391;3869
FR;5;2022-06-17;100;67;5;5;10;270313;178891;2737;396;3879
FR;5;2022-06-18;146;95;10;2;26;270459;178986;2747;398;3905
FR;5;2022-06-19;26;15;0;1;4;270485;179001;2747;399;3909
FR;5;2022-06-20;56;50;8;0;11;270541;179051;2755;399;3920
FR;5;2022-06-21;52;73;5;3;7;270593;179124;2760;402;3927
FR;5;2022-06-22;224;247;7;9;33;270817;179371;2767;411;3960
FR;5;2022-06-23;50;38;2;5;6;270867;179409;2769;416;3966
FR;5;2022-06-24;91;69;12;5;16;270958;179478;2781;421;3982
FR;5;2022-06-25;154;124;3;7;14;271112;179602;2784;428;3996
FR;5;2022-06-26;26;19;2;0;5;271138;179621;2786;428;4001
FR;5;2022-06-27;57;60;5;7;11;271195;179681;2791;435;4012
FR;5;2022-06-28;70;49;8;2;14;271265;179730;2799;437;4026
FR;5;2022-06-29;297;268;9;21;34;271562;179998;2808;458;4060
FR;5;2022-06-30;89;57;10;12;17;271651;180055;2818;470;4077
FR;5;2022-07-01;126;65;7;11;12;271777;180120;2825;481;4089
FR;5;2022-07-02;191;132;4;0;22;271968;180252;2829;481;4111
FR;5;2022-07-03;30;25;1;0;4;271998;180277;2830;481;4115
FR;5;2022-07-04;103;64;2;5;6;272101;180341;2832;486;4121
FR;5;2022-07-05;104;72;3;8;13;272205;180413;2835;494;4134
FR;5;2022-07-06;277;168;9;36;27;272482;180581;2844;530;4161
FR;5;2022-07-07;88;68;6;9;13;272570;180649;2850;539;4174
FR;5;2022-07-08;152;120;7;14;25;272722;180769;2857;553;4199
FR;5;2022-07-09;116;68;1;8;10;272838;180837;2858;561;4209
FR;5;2022-07-10;15;6;0;0;1;272853;180843;2858;561;4210
FR;5;2022-07-11;92;72;10;2;19;272945;180915;2868;563;4229
FR;5;2022-07-12;67;63;5;10;7;273012;180978;2873;573;4236
FR;5;2022-07-13;169;118;10;19;16;273181;181096;2883;592;4252
FR;5;2022-07-14;8;4;0;0;0;273189;181100;2883;592;4252
FR;5;2022-07-15;74;66;5;14;15;273263;181166;2888;606;4267
FR;5;2022-07-16;54;44;3;0;3;273317;181210;2891;606;4270
FR;5;2022-07-17;10;7;3;0;2;273327;181217;2894;606;4272
FR;5;2022-07-18;60;47;0;5;4;273387;181264;2894;611;4276
FR;5;2022-07-19;63;42;5;3;7;273450;181306;2899;614;4283
FR;5;2022-07-20;119;106;4;11;14;273569;181412;2903;625;4297
FR;5;2022-07-21;38;43;2;10;5;273607;181455;2905;635;4302
FR;5;2022-07-22;46;69;11;14;23;273653;181524;2916;649;4325
FR;5;2022-07-23;59;78;2;1;11;273712;181602;2918;650;4336
FR;5;2022-07-24;11;9;3;1;3;273723;181611;2921;651;4339
FR;5;2022-07-25;53;48;2;7;8;273776;181659;2923;658;4347
FR;5;2022-07-26;58;53;5;41;6;273834;181712;2928;699;4353
FR;5;2022-07-27;106;118;4;4;13;273940;181830;2932;703;4366
FR;5;2022-07-28;39;35;2;2;6;273979;181865;2934;705;4372
FR;5;2022-07-29;56;74;3;14;8;274035;181939;2937;719;4380
FR;5;2022-07-30;55;53;5;1;7;274090;181992;2942;720;4387
FR;5;2022-07-31;7;11;1;0;1;274097;182003;2943;720;4388
FR;5;2022-08-01;39;52;1;2;6;274136;182055;2944;722;4394
FR;5;2022-08-02;32;43;8;7;8;274168;182098;2952;729;4402
FR;5;2022-08-03;54;51;4;10;9;274222;182149;2956;739;4411
FR;5;2022-08-04;20;18;1;6;1;274242;182167;2957;745;4412
FR;5;2022-08-05;35;26;3;3;3;274277;182193;2960;748;4415
FR;5;2022-08-06;23;26;1;0;1;274300;182219;2961;748;4416
FR;5;2022-08-07;2;2;1;0;1;274302;182221;2962;748;4417
FR;5;2022-08-08;25;19;1;2;2;274327;182240;2963;750;4419
FR;5;2022-08-09;26;28;3;3;3;274353;182268;2966;753;4422
FR;5;2022-08-10;47;47;2;0;5;274400;182315;2968;753;4427
FR;5;2022-08-11;19;36;2;2;5;274419;182351;2970;755;4432
FR;5;2022-08-12;27;28;2;0;2;274446;182379;2972;755;4434
FR;5;2022-08-13;16;18;0;0;0;274462;182397;2972;755;4434
FR;5;2022-08-14;2;3;0;0;0;274464;182400;2972;755;4434
FR;5;2022-08-15;2;5;0;0;0;274466;182405;2972;755;4434
FR;5;2022-08-16;33;26;2;0;5;274499;182431;2974;755;4439
FR;5;2022-08-17;52;55;2;1;1;274551;182486;2976;756;4440
FR;5;2022-08-18;26;18;5;17;7;274577;182504;2981;773;4447
FR;5;2022-08-19;25;33;1;2;2;274602;182537;2982;775;4449
FR;5;2022-08-20;25;27;2;1;4;274627;182564;2984;776;4453
FR;5;2022-08-21;7;4;1;0;1;274634;182568;2985;776;4454
FR;5;2022-08-22;39;26;1;6;2;274673;182594;2986;782;4456
FR;5;2022-08-23;27;26;1;1;2;274700;182620;2987;783;4458
FR;5;2022-08-24;50;43;0;0;0;274750;182663;2987;783;4458
FR;5;2022-08-25;27;26;3;1;2;274777;182689;2990;784;4460
FR;5;2022-08-26;48;38;7;2;5;274825;182727;2997;786;4465
FR;5;2022-08-27;46;28;1;0;3;274871;182755;2998;786;4468
FR;5;2022-08-28;5;6;0;0;0;274876;182761;2998;786;4468
FR;5;2022-08-29;58;44;1;1;4;274934;182805;2999;787;4472
FR;5;2022-08-30;43;23;12;29;10;274977;182828;3011;816;4482
FR;5;2022-08-31;52;47;6;1;11;275029;182875;3017;817;4493
FR;5;2022-09-01;14;8;1;4;1;275043;182883;3018;821;4494
FR;5;2022-09-02;42;22;8;2;9;275085;182905;3026;823;4503
FR;5;2022-09-03;69;37;2;0;2;275154;182942;3028;823;4505
FR;5;2022-09-04;12;7;1;0;3;275166;182949;3029;823;4508
FR;5;2022-09-05;6;4;1;0;1;275172;182953;3030;823;4509
FR;5;2022-09-06;21;14;3;15;2;275193;182967;3033;838;4511
FR;5;2022-09-07;79;53;1;1;3;275272;183020;3034;839;4514
FR;5;2022-09-08;9;4;0;4;0;275281;183024;3034;843;4514
FR;5;2022-09-09;40;11;9;2;10;275321;183035;3043;845;4524
FR;5;2022-09-10;40;45;1;1;8;275361;183080;3044;846;4532
FR;5;2022-09-11;3;3;0;0;1;275364;183083;3044;846;4533
FR;5;2022-09-12;7;5;2;2;2;275371;183088;3046;848;4535
FR;5;2022-09-13;9;6;0;1;3;275380;183094;3046;849;4538
FR;5;2022-09-14;52;46;4;7;9;275432;183140;3050;856;4547
FR;5;2022-09-15;11;13;2;3;5;275443;183153;3052;859;4552
FR;5;2022-09-16;25;33;1;4;3;275468;183186;3053;863;4555
FR;5;2022-09-17;60;43;1;1;5;275528;183229;3054;864;4560
FR;5;2022-09-18;9;5;0;1;1;275537;183234;3054;865;4561
FR;5;2022-09-19;22;17;2;1;5;275559;183251;3056;866;4566
FR;5;2022-09-20;15;11;3;3;1;275574;183262;3059;869;4567
FR;5;2022-09-21;67;45;9;0;13;275641;183307;3068;869;4580
FR;5;2022-09-22;12;6;4;24;4;275653;183313;3072;893;4584
FR;5;2022-09-23;19;24;2;3;8;275672;183337;3074;896;4592
FR;5;2022-09-24;44;51;1;8;5;275716;183388;3075;904;4597
FR;5;2022-09-25;6;12;0;0;1;275722;183400;3075;904;4598
FR;5;2022-09-26;14;6;0;2;0;275736;183406;3075;906;4598
FR;5;2022-09-27;7;12;4;9;4;275743;183418;3079;915;4602
FR;5;2022-09-28;65;64;5;0;7;275808;183482;3084;915;4609
FR;5;2022-09-29;17;9;1;0;1;275825;183491;3085;915;4610
FR;5;2022-09-30;28;44;2;2;4;275853;183535;3087;917;4614
FR;5;2022-10-01;38;35;5;5;8;275891;183570;3092;922;4622
FR;5;2022-10-02;1;9;1;0;1;275892;183579;3093;922;4623
FR;5;2022-10-03;5;6;0;0;1;275897;183585;3093;922;4624
FR;5;2022-10-04;9;8;0;3;1;275906;183593;3093;925;4625
FR;5;2022-10-05;56;61;1;2;12;275962;183654;3094;927;4637
FR;5;2022-10-06;10;10;0;3;1;275972;183664;3094;930;4638
FR;5;2022-10-07;21;31;1;0;5;275993;183695;3095;930;4643
FR;5;2022-10-08;33;51;1;0;7;276026;183746;3096;930;4650
FR;5;2022-10-09;7;10;0;0;1;276033;183756;3096;930;4651
FR;5;2022-10-10;13;3;0;1;0;276046;183759;3096;931;4651
FR;5;2022-10-11;6;11;2;0;2;276052;183770;3098;931;4653
FR;5;2022-10-12;37;55;3;2;7;276089;183825;3101;933;4660
FR;5;2022-10-13;11;16;2;0;4;276100;183841;3103;933;4664
FR;5;2022-10-14;19;20;1;0;4;276119;183861;3104;933;4668
FR;5;2022-10-15;18;25;9;0;10;276137;183886;3113;933;4678
FR;5;2022-10-16;3;0;0;0;0;276140;183886;3113;933;4678
FR;6;2020-12-27;0;0;0;0;0;0;0;0;0;0
FR;6;2020-12-28;0;0;0;0;0;0;0;0;0;0
FR;6;2020-12-29;0;0;0;0;0;0;0;0;0;0
FR;6;2020-12-30;0;0;0;0;0;0;0;0;0;0
FR;6;2020-12-31;0;0;0;0;0;0;0;0;0;0
FR;6;2021-01-01;0;0;0;0;0;0;0;0;0;0
FR;6;2021-01-02;0;0;0;0;0;0;0;0;0;0
FR;6;2021-01-03;0;0;0;0;0;0;0;0;0;0
FR;6;2021-01-04;0;0;0;0;0;0;0;0;0;0
FR;6;2021-01-05;0;0;0;0;0;0;0;0;0;0
FR;6;2021-01-06;0;0;0;0;0;0;0;0;0;0
FR;6;2021-01-07;0;0;0;0;0;0;0;0;0;0
FR;6;2021-01-08;0;0;0;0;0;0;0;0;0;0
FR;6;2021-01-09;0;0;0;0;0;0;0;0;0;0
FR;6;2021-01-10;0;0;0;0;0;0;0;0;0;0
FR;6;2021-01-11;0;0;0;0;0;0;0;0;0;0
FR;6;2021-01-12;0;0;0;0;0;0;0;0;0;0
FR;6;2021-01-13;0;0;0;0;0;0;0;0;0;0
FR;6;2021-01-14;0;0;0;0;0;0;0;0;0;0
FR;6;2021-01-15;0;0;0;0;0;0;0;0;0;0
FR;6;2021-01-16;0;0;0;0;0;0;0;0;0;0
FR;6;2021-01-17;0;0;0;0;0;0;0;0;0;0
FR;6;2021-01-18;0;0;0;0;0;0;0;0;0;0
FR;6;2021-01-19;0;0;0;0;0;0;0;0;0;0
FR;6;2021-01-20;0;0;0;0;0;0;0;0;0;0
FR;6;2021-01-21;0;0;0;0;0;0;0;0;0;0
FR;6;2021-01-22;0;0;0;0;0;0;0;0;0;0
FR;6;2021-01-23;0;0;0;0;0;0;0;0;0;0
FR;6;2021-01-24;0;0;0;0;0;0;0;0;0;0
FR;6;2021-01-25;0;0;0;0;0;0;0;0;0;0
FR;6;2021-01-26;0;0;0;0;0;0;0;0;0;0
FR;6;2021-01-27;0;0;0;0;0;0;0;0;0;0
FR;6;2021-01-28;0;0;0;0;0;0;0;0;0;0
FR;6;2021-01-29;0;0;0;0;0;0;0;0;0;0
FR;6;2021-01-30;0;0;0;0;0;0;0;0;0;0
FR;6;2021-01-31;0;0;0;0;0;0;0;0;0;0
FR;6;2021-02-01;0;0;0;0;0;0;0;0;0;0
FR;6;2021-02-02;0;0;0;0;0;0;0;0;0;0
FR;6;2021-02-03;0;0;0;0;0;0;0;0;0;0
FR;6;2021-02-04;0;0;0;0;0;0;0;0;0;0
FR;6;2021-02-05;0;0;0;0;0;0;0;0;0;0
FR;6;2021-02-06;0;0;0;0;0;0;0;0;0;0
FR;6;2021-02-07;0;0;0;0;0;0;0;0;0;0
FR;6;2021-02-08;0;0;0;0;0;0;0;0;0;0
FR;6;2021-02-09;0;0;0;0;0;0;0;0;0;0
FR;6;2021-02-10;0;0;0;0;0;0;0;0;0;0
FR;6;2021-02-11;0;0;0;0;0;0;0;0;0;0
FR;6;2021-02-12;0;0;0;0;0;0;0;0;0;0
FR;6;2021-02-13;0;0;0;0;0;0;0;0;0;0
FR;6;2021-02-14;0;0;0;0;0;0;0;0;0;0
FR;6;2021-02-15;0;0;0;0;0;0;0;0;0;0
FR;6;2021-02-16;0;0;0;0;0;0;0;0;0;0
FR;6;2021-02-17;0;0;0;0;0;0;0;0;0;0
FR;6;2021-02-18;0;0;0;0;0;0;0;0;0;0
FR;6;2021-02-19;0;0;0;0;0;0;0;0;0;0
FR;6;2021-02-20;0;0;0;0;0;0;0;0;0;0
FR;6;2021-02-21;0;0;0;0;0;0;0;0;0;0
FR;6;2021-02-22;0;0;0;0;0;0;0;0;0;0
FR;6;2021-02-23;0;0;0;0;0;0;0;0;0;0
FR;6;2021-02-24;0;0;0;0;0;0;0;0;0;0
FR;6;2021-02-25;0;0;0;0;0;0;0;0;0;0
FR;6;2021-02-26;0;0;0;0;0;0;0;0;0;0
FR;6;2021-02-27;0;0;0;0;0;0;0;0;0;0
FR;6;2021-02-28;0;0;0;0;0;0;0;0;0;0
FR;6;2021-03-01;0;0;0;0;0;0;0;0;0;0
FR;6;2021-03-02;0;0;0;0;0;0;0;0;0;0
FR;6;2021-03-03;0;0;0;0;0;0;0;0;0;0
FR;6;2021-03-04;0;0;0;0;0;0;0;0;0;0
FR;6;2021-03-05;0;0;0;0;0;0;0;0;0;0
FR;6;2021-03-06;0;0;0;0;0;0;0;0;0;0
FR;6;2021-03-07;0;0;0;0;0;0;0;0;0;0
FR;6;2021-03-08;0;0;0;0;0;0;0;0;0;0
FR;6;2021-03-09;0;0;0;0;0;0;0;0;0;0
FR;6;2021-03-10;0;0;0;0;0;0;0;0;0;0
FR;6;2021-03-11;0;0;0;0;0;0;0;0;0;0
FR;6;2021-03-12;0;0;0;0;0;0;0;0;0;0
FR;6;2021-03-13;0;0;0;0;0;0;0;0;0;0
FR;6;2021-03-14;0;0;0;0;0;0;0;0;0;0
FR;6;2021-03-15;0;0;0;0;0;0;0;0;0;0
FR;6;2021-03-16;0;0;0;0;0;0;0;0;0;0
FR;6;2021-03-17;0;0;0;0;0;0;0;0;0;0
FR;6;2021-03-18;0;0;0;0;0;0;0;0;0;0
FR;6;2021-03-19;0;0;0;0;0;0;0;0;0;0
FR;6;2021-03-20;0;0;0;0;0;0;0;0;0;0
FR;6;2021-03-21;0;0;0;0;0;0;0;0;0;0
FR;6;2021-03-22;0;0;0;0;0;0;0;0;0;0
FR;6;2021-03-23;0;0;0;0;0;0;0;0;0;0
FR;6;2021-03-24;0;0;0;0;0;0;0;0;0;0
FR;6;2021-03-25;0;0;0;0;0;0;0;0;0;0
FR;6;2021-03-26;0;0;0;0;0;0;0;0;0;0
FR;6;2021-03-27;0;0;0;0;0;0;0;0;0;0
FR;6;2021-03-28;0;0;0;0;0;0;0;0;0;0
FR;6;2021-03-29;0;0;0;0;0;0;0;0;0;0
FR;6;2021-03-30;0;0;0;0;0;0;0;0;0;0
FR;6;2021-03-31;0;0;0;0;0;0;0;0;0;0
FR;6;2021-04-01;0;0;0;0;0;0;0;0;0;0
FR;6;2021-04-02;0;0;0;0;0;0;0;0;0;0
FR;6;2021-04-03;0;0;0;0;0;0;0;0;0;0
FR;6;2021-04-04;0;0;0;0;0;0;0;0;0;0
FR;6;2021-04-05;0;0;0;0;0;0;0;0;0;0
FR;6;2021-04-06;0;0;0;0;0;0;0;0;0;0
FR;6;2021-04-07;0;0;0;0;0;0;0;0;0;0
FR;6;2021-04-08;0;0;0;0;0;0;0;0;0;0
FR;6;2021-04-09;0;0;0;0;0;0;0;0;0;0
FR;6;2021-04-10;0;0;0;0;0;0;0;0;0;0
FR;6;2021-04-11;0;0;0;0;0;0;0;0;0;0
FR;6;2021-04-12;0;0;0;0;0;0;0;0;0;0
FR;6;2021-04-13;0;0;0;0;0;0;0;0;0;0
FR;6;2021-04-14;0;0;0;0;0;0;0;0;0;0
FR;6;2021-04-15;0;0;0;0;0;0;0;0;0;0
FR;6;2021-04-16;0;0;0;0;0;0;0;0;0;0
FR;6;2021-04-17;0;0;0;0;0;0;0;0;0;0
FR;6;2021-04-18;0;0;0;0;0;0;0;0;0;0
FR;6;2021-04-19;0;0;0;0;0;0;0;0;0;0
FR;6;2021-04-20;0;0;0;0;0;0;0;0;0;0
FR;6;2021-04-21;0;0;0;0;0;0;0;0;0;0
FR;6;2021-04-22;0;0;0;0;0;0;0;0;0;0
FR;6;2021-04-23;0;0;0;0;0;0;0;0;0;0
FR;6;2021-04-24;0;0;0;0;0;0;0;0;0;0
FR;6;2021-04-25;0;0;0;0;0;0;0;0;0;0
FR;6;2021-04-26;0;0;0;0;0;0;0;0;0;0
FR;6;2021-04-27;0;0;0;0;0;0;0;0;0;0
FR;6;2021-04-28;0;0;0;0;0;0;0;0;0;0
FR;6;2021-04-29;0;0;0;0;0;0;0;0;0;0
FR;6;2021-04-30;0;0;0;0;0;0;0;0;0;0
FR;6;2021-05-01;0;0;0;0;0;0;0;0;0;0
FR;6;2021-05-02;0;0;0;0;0;0;0;0;0;0
FR;6;2021-05-03;0;0;0;0;0;0;0;0;0;0
FR;6;2021-05-04;0;0;0;0;0;0;0;0;0;0
FR;6;2021-05-05;0;0;0;0;0;0;0;0;0;0
FR;6;2021-05-06;0;0;0;0;0;0;0;0;0;0
FR;6;2021-05-07;0;0;0;0;0;0;0;0;0;0
FR;6;2021-05-08;0;0;0;0;0;0;0;0;0;0
FR;6;2021-05-09;0;0;0;0;0;0;0;0;0;0
FR;6;2021-05-10;0;0;0;0;0;0;0;0;0;0
FR;6;2021-05-11;0;0;0;0;0;0;0;0;0;0
FR;6;2021-05-12;0;0;0;0;0;0;0;0;0;0
FR;6;2021-05-13;0;0;0;0;0;0;0;0;0;0
FR;6;2021-05-14;0;0;0;0;0;0;0;0;0;0
FR;6;2021-05-15;0;0;0;0;0;0;0;0;0;0
FR;6;2021-05-16;0;0;0;0;0;0;0;0;0;0
FR;6;2021-05-17;0;0;0;0;0;0;0;0;0;0
FR;6;2021-05-18;0;0;0;0;0;0;0;0;0;0
FR;6;2021-05-19;0;0;0;0;0;0;0;0;0;0
FR;6;2021-05-20;0;0;0;0;0;0;0;0;0;0
FR;6;2021-05-21;0;0;0;0;0;0;0;0;0;0
FR;6;2021-05-22;0;0;0;0;0;0;0;0;0;0
FR;6;2021-05-23;0;0;0;0;0;0;0;0;0;0
FR;6;2021-05-24;0;0;0;0;0;0;0;0;0;0
FR;6;2021-05-25;0;0;0;0;0;0;0;0;0;0
FR;6;2021-05-26;0;0;0;0;0;0;0;0;0;0
FR;6;2021-05-27;0;0;0;0;0;0;0;0;0;0
FR;6;2021-05-28;0;0;0;0;0;0;0;0;0;0
FR;6;2021-05-29;0;0;0;0;0;0;0;0;0;0
FR;6;2021-05-30;0;0;0;0;0;0;0;0;0;0
FR;6;2021-05-31;0;0;0;0;0;0;0;0;0;0
FR;6;2021-06-01;0;0;0;0;0;0;0;0;0;0
FR;6;2021-06-02;0;0;0;0;0;0;0;0;0;0
FR;6;2021-06-03;0;0;0;0;0;0;0;0;0;0
FR;6;2021-06-04;0;0;0;0;0;0;0;0;0;0
FR;6;2021-06-05;0;0;0;0;0;0;0;0;0;0
FR;6;2021-06-06;0;0;0;0;0;0;0;0;0;0
FR;6;2021-06-07;0;0;0;0;0;0;0;0;0;0
FR;6;2021-06-08;0;0;0;0;0;0;0;0;0;0
FR;6;2021-06-09;0;0;0;0;0;0;0;0;0;0
FR;6;2021-06-10;0;0;0;0;0;0;0;0;0;0
FR;6;2021-06-11;0;0;0;0;0;0;0;0;0;0
FR;6;2021-06-12;0;0;0;0;0;0;0;0;0;0
FR;6;2021-06-13;0;0;0;0;0;0;0;0;0;0
FR;6;2021-06-14;0;0;0;0;0;0;0;0;0;0
FR;6;2021-06-15;0;0;0;0;0;0;0;0;0;0
FR;6;2021-06-16;0;0;0;0;0;0;0;0;0;0
FR;6;2021-06-17;0;0;0;0;0;0;0;0;0;0
FR;6;2021-06-18;0;0;0;0;0;0;0;0;0;0
FR;6;2021-06-19;0;0;0;0;0;0;0;0;0;0
FR;6;2021-06-20;0;0;0;0;0;0;0;0;0;0
FR;6;2021-06-21;0;0;0;0;0;0;0;0;0;0
FR;6;2021-06-22;0;0;0;0;0;0;0;0;0;0
FR;6;2021-06-23;0;0;0;0;0;0;0;0;0;0
FR;6;2021-06-24;0;0;0;0;0;0;0;0;0;0
FR;6;2021-06-25;0;0;0;0;0;0;0;0;0;0
FR;6;2021-06-26;0;0;0;0;0;0;0;0;0;0
FR;6;2021-06-27;0;0;0;0;0;0;0;0;0;0
FR;6;2021-06-28;0;0;0;0;0;0;0;0;0;0
FR;6;2021-06-29;0;0;0;0;0;0;0;0;0;0
FR;6;2021-06-30;0;0;0;0;0;0;0;0;0;0
FR;6;2021-07-01;0;0;0;0;0;0;0;0;0;0
FR;6;2021-07-02;0;0;0;0;0;0;0;0;0;0
FR;6;2021-07-03;0;0;0;0;0;0;0;0;0;0
FR;6;2021-07-04;0;0;0;0;0;0;0;0;0;0
FR;6;2021-07-05;0;0;0;0;0;0;0;0;0;0
FR;6;2021-07-06;0;0;0;0;0;0;0;0;0;0
FR;6;2021-07-07;0;0;0;0;0;0;0;0;0;0
FR;6;2021-07-08;0;0;0;0;0;0;0;0;0;0
FR;6;2021-07-09;0;0;0;0;0;0;0;0;0;0
FR;6;2021-07-10;0;0;0;0;0;0;0;0;0;0
FR;6;2021-07-11;0;0;0;0;0;0;0;0;0;0
FR;6;2021-07-12;0;0;0;0;0;0;0;0;0;0
FR;6;2021-07-13;0;0;0;0;0;0;0;0;0;0
FR;6;2021-07-14;0;0;0;0;0;0;0;0;0;0
FR;6;2021-07-15;0;0;0;0;0;0;0;0;0;0
FR;6;2021-07-16;0;0;0;0;0;0;0;0;0;0
FR;6;2021-07-17;0;0;0;0;0;0;0;0;0;0
FR;6;2021-07-18;0;0;0;0;0;0;0;0;0;0
FR;6;2021-07-19;0;0;0;0;0;0;0;0;0;0
FR;6;2021-07-20;0;0;0;0;0;0;0;0;0;0
FR;6;2021-07-21;0;0;0;0;0;0;0;0;0;0
FR;6;2021-07-22;0;0;0;0;0;0;0;0;0;0
FR;6;2021-07-23;0;0;0;0;0;0;0;0;0;0
FR;6;2021-07-24;0;0;0;0;0;0;0;0;0;0
FR;6;2021-07-25;0;0;0;0;0;0;0;0;0;0
FR;6;2021-07-26;0;0;0;0;0;0;0;0;0;0
FR;6;2021-07-27;0;0;0;0;0;0;0;0;0;0
FR;6;2021-07-28;0;0;0;0;0;0;0;0;0;0
FR;6;2021-07-29;0;0;0;0;0;0;0;0;0;0
FR;6;2021-07-30;0;0;0;0;0;0;0;0;0;0
FR;6;2021-07-31;0;0;0;0;0;0;0;0;0;0
FR;6;2021-08-01;0;0;0;0;0;0;0;0;0;0
FR;6;2021-08-02;0;0;0;0;0;0;0;0;0;0
FR;6;2021-08-03;0;0;0;0;0;0;0;0;0;0
FR;6;2021-08-04;0;0;0;0;0;0;0;0;0;0
FR;6;2021-08-05;0;0;0;0;0;0;0;0;0;0
FR;6;2021-08-06;0;0;0;0;0;0;0;0;0;0
FR;6;2021-08-07;0;0;0;0;0;0;0;0;0;0
FR;6;2021-08-08;0;0;0;0;0;0;0;0;0;0
FR;6;2021-08-09;0;0;0;0;0;0;0;0;0;0
FR;6;2021-08-10;0;0;0;0;0;0;0;0;0;0
FR;6;2021-08-11;0;0;0;0;0;0;0;0;0;0
FR;6;2021-08-12;0;0;0;0;0;0;0;0;0;0
FR;6;2021-08-13;0;0;0;0;0;0;0;0;0;0
FR;6;2021-08-14;0;0;0;0;0;0;0;0;0;0
FR;6;2021-08-15;0;0;0;0;0;0;0;0;0;0
FR;6;2021-08-16;0;0;0;0;0;0;0;0;0;0
FR;6;2021-08-17;0;0;0;0;0;0;0;0;0;0
FR;6;2021-08-18;0;0;0;0;0;0;0;0;0;0
FR;6;2021-08-19;0;0;0;0;0;0;0;0;0;0
FR;6;2021-08-20;0;0;0;0;0;0;0;0;0;0
FR;6;2021-08-21;0;0;0;0;0;0;0;0;0;0
FR;6;2021-08-22;0;0;0;0;0;0;0;0;0;0
FR;6;2021-08-23;0;0;0;0;0;0;0;0;0;0
FR;6;2021-08-24;0;0;0;0;0;0;0;0;0;0
FR;6;2021-08-25;0;0;0;0;0;0;0;0;0;0
FR;6;2021-08-26;0;0;0;0;0;0;0;0;0;0
FR;6;2021-08-27;0;0;0;0;0;0;0;0;0;0
FR;6;2021-08-28;0;0;0;0;0;0;0;0;0;0
FR;6;2021-08-29;0;0;0;0;0;0;0;0;0;0
FR;6;2021-08-30;0;0;0;0;0;0;0;0;0;0
FR;6;2021-08-31;0;0;0;0;0;0;0;0;0;0
FR;6;2021-09-01;0;0;0;0;0;0;0;0;0;0
FR;6;2021-09-02;0;0;0;0;0;0;0;0;0;0
FR;6;2021-09-03;0;0;0;0;0;0;0;0;0;0
FR;6;2021-09-04;0;0;0;0;0;0;0;0;0;0
FR;6;2021-09-05;0;0;0;0;0;0;0;0;0;0
FR;6;2021-09-06;0;0;0;0;0;0;0;0;0;0
FR;6;2021-09-07;0;0;0;0;0;0;0;0;0;0
FR;6;2021-09-08;0;0;0;0;0;0;0;0;0;0
FR;6;2021-09-09;0;0;0;0;0;0;0;0;0;0
FR;6;2021-09-10;0;0;0;0;0;0;0;0;0;0
FR;6;2021-09-11;0;0;0;0;0;0;0;0;0;0
FR;6;2021-09-12;0;0;0;0;0;0;0;0;0;0
FR;6;2021-09-13;0;0;0;0;0;0;0;0;0;0
FR;6;2021-09-14;0;0;0;0;0;0;0;0;0;0
FR;6;2021-09-15;0;0;0;0;0;0;0;0;0;0
FR;6;2021-09-16;0;0;0;0;0;0;0;0;0;0
FR;6;2021-09-17;0;0;0;0;0;0;0;0;0;0
FR;6;2021-09-18;0;0;0;0;0;0;0;0;0;0
FR;6;2021-09-19;0;0;0;0;0;0;0;0;0;0
FR;6;2021-09-20;0;0;0;0;0;0;0;0;0;0
FR;6;2021-09-21;0;0;0;0;0;0;0;0;0;0
FR;6;2021-09-22;0;0;0;0;0;0;0;0;0;0
FR;6;2021-09-23;0;0;0;0;0;0;0;0;0;0
FR;6;2021-09-24;0;0;0;0;0;0;0;0;0;0
FR;6;2021-09-25;0;0;0;0;0;0;0;0;0;0
FR;6;2021-09-26;0;0;0;0;0;0;0;0;0;0
FR;6;2021-09-27;0;0;0;0;0;0;0;0;0;0
FR;6;2021-09-28;0;0;0;0;0;0;0;0;0;0
FR;6;2021-09-29;0;0;0;0;0;0;0;0;0;0
FR;6;2021-09-30;0;0;0;0;0;0;0;0;0;0
FR;6;2021-10-01;0;0;0;0;0;0;0;0;0;0
FR;6;2021-10-02;0;0;0;0;0;0;0;0;0;0
FR;6;2021-10-03;0;0;0;0;0;0;0;0;0;0
FR;6;2021-10-04;0;0;0;0;0;0;0;0;0;0
FR;6;2021-10-05;0;0;0;0;0;0;0;0;0;0
FR;6;2021-10-06;0;0;0;0;0;0;0;0;0;0
FR;6;2021-10-07;0;0;0;0;0;0;0;0;0;0
FR;6;2021-10-08;0;0;0;0;0;0;0;0;0;0
FR;6;2021-10-09;0;0;0;0;0;0;0;0;0;0
FR;6;2021-10-10;0;0;0;0;0;0;0;0;0;0
FR;6;2021-10-11;0;0;0;0;0;0;0;0;0;0
FR;6;2021-10-12;0;0;0;0;0;0;0;0;0;0
FR;6;2021-10-13;0;0;0;0;0;0;0;0;0;0
FR;6;2021-10-14;0;0;0;0;0;0;0;0;0;0
FR;6;2021-10-15;0;0;0;0;0;0;0;0;0;0
FR;6;2021-10-16;0;0;0;0;0;0;0;0;0;0
FR;6;2021-10-17;0;0;0;0;0;0;0;0;0;0
FR;6;2021-10-18;0;0;0;0;0;0;0;0;0;0
FR;6;2021-10-19;0;0;0;0;0;0;0;0;0;0
FR;6;2021-10-20;0;0;0;0;0;0;0;0;0;0
FR;6;2021-10-21;0;0;0;0;0;0;0;0;0;0
FR;6;2021-10-22;0;0;0;0;0;0;0;0;0;0
FR;6;2021-10-23;0;0;0;0;0;0;0;0;0;0
FR;6;2021-10-24;0;0;0;0;0;0;0;0;0;0
FR;6;2021-10-25;0;0;0;0;0;0;0;0;0;0
FR;6;2021-10-26;0;0;0;0;0;0;0;0;0;0
FR;6;2021-10-27;0;0;0;0;0;0;0;0;0;0
FR;6;2021-10-28;0;0;0;0;0;0;0;0;0;0
FR;6;2021-10-29;0;0;0;0;0;0;0;0;0;0
FR;6;2021-10-30;0;0;0;0;0;0;0;0;0;0
FR;6;2021-10-31;0;0;0;0;0;0;0;0;0;0
FR;6;2021-11-01;0;0;0;0;0;0;0;0;0;0
FR;6;2021-11-02;0;0;0;0;0;0;0;0;0;0
FR;6;2021-11-03;0;0;0;0;0;0;0;0;0;0
FR;6;2021-11-04;0;0;0;0;0;0;0;0;0;0
FR;6;2021-11-05;0;0;0;0;0;0;0;0;0;0
FR;6;2021-11-06;0;0;0;0;0;0;0;0;0;0
FR;6;2021-11-07;0;0;0;0;0;0;0;0;0;0
FR;6;2021-11-08;0;0;0;0;0;0;0;0;0;0
FR;6;2021-11-09;0;0;0;0;0;0;0;0;0;0
FR;6;2021-11-10;0;0;0;0;0;0;0;0;0;0
FR;6;2021-11-11;0;0;0;0;0;0;0;0;0;0
FR;6;2021-11-12;0;0;0;0;0;0;0;0;0;0
FR;6;2021-11-13;0;0;0;0;0;0;0;0;0;0
FR;6;2021-11-14;0;0;0;0;0;0;0;0;0;0
FR;6;2021-11-15;0;0;0;0;0;0;0;0;0;0
FR;6;2021-11-16;0;0;0;0;0;0;0;0;0;0
FR;6;2021-11-17;0;0;0;0;0;0;0;0;0;0
FR;6;2021-11-18;0;0;0;0;0;0;0;0;0;0
FR;6;2021-11-19;0;0;0;0;0;0;0;0;0;0
FR;6;2021-11-20;0;0;0;0;0;0;0;0;0;0
FR;6;2021-11-21;0;0;0;0;0;0;0;0;0;0
FR;6;2021-11-22;0;0;0;0;0;0;0;0;0;0
FR;6;2021-11-23;0;0;0;0;0;0;0;0;0;0
FR;6;2021-11-24;0;0;0;0;0;0;0;0;0;0
FR;6;2021-11-25;0;0;0;0;0;0;0;0;0;0
FR;6;2021-11-26;0;0;0;0;0;0;0;0;0;0
FR;6;2021-11-27;0;0;0;0;0;0;0;0;0;0
FR;6;2021-11-28;0;0;0;0;0;0;0;0;0;0
FR;6;2021-11-29;0;0;0;0;0;0;0;0;0;0
FR;6;2021-11-30;0;0;0;0;0;0;0;0;0;0
FR;6;2021-12-01;0;0;0;0;0;0;0;0;0;0
FR;6;2021-12-02;0;0;0;0;0;0;0;0;0;0
FR;6;2021-12-03;0;0;0;0;0;0;0;0;0;0
FR;6;2021-12-04;0;0;0;0;0;0;0;0;0;0
FR;6;2021-12-05;0;0;0;0;0;0;0;0;0;0
FR;6;2021-12-06;0;0;0;0;0;0;0;0;0;0
FR;6;2021-12-07;0;0;0;0;0;0;0;0;0;0
FR;6;2021-12-08;0;0;0;0;0;0;0;0;0;0
FR;6;2021-12-09;0;0;0;0;0;0;0;0;0;0
FR;6;2021-12-10;0;0;0;0;0;0;0;0;0;0
FR;6;2021-12-11;0;0;0;0;0;0;0;0;0;0
FR;6;2021-12-12;0;0;0;0;0;0;0;0;0;0
FR;6;2021-12-13;0;0;0;0;0;0;0;0;0;0
FR;6;2021-12-14;0;0;0;0;0;0;0;0;0;0
FR;6;2021-12-15;0;0;0;0;0;0;0;0;0;0
FR;6;2021-12-16;0;0;0;0;0;0;0;0;0;0
FR;6;2021-12-17;0;0;0;0;0;0;0;0;0;0
FR;6;2021-12-18;0;0;0;0;0;0;0;0;0;0
FR;6;2021-12-19;0;0;0;0;0;0;0;0;0;0
FR;6;2021-12-20;0;0;0;0;0;0;0;0;0;0
FR;6;2021-12-21;0;0;0;0;0;0;0;0;0;0
FR;6;2021-12-22;0;0;0;0;0;0;0;0;0;0
FR;6;2021-12-23;0;0;0;0;0;0;0;0;0;0
FR;6;2021-12-24;0;0;0;0;0;0;0;0;0;0
FR;6;2021-12-25;0;0;0;0;0;0;0;0;0;0
FR;6;2021-12-26;0;0;0;0;0;0;0;0;0;0
FR;6;2021-12-27;0;0;0;0;0;0;0;0;0;0
FR;6;2021-12-28;0;0;0;0;0;0;0;0;0;0
FR;6;2021-12-29;0;0;0;0;0;0;0;0;0;0
FR;6;2021-12-30;0;0;0;0;0;0;0;0;0;0
FR;6;2021-12-31;0;0;0;0;0;0;0;0;0;0
FR;6;2022-01-01;0;0;0;0;0;0;0;0;0;0
FR;6;2022-01-02;0;0;0;0;0;0;0;0;0;0
FR;6;2022-01-03;0;0;0;0;0;0;0;0;0;0
FR;6;2022-01-04;0;0;0;0;0;0;0;0;0;0
FR;6;2022-01-05;0;0;0;0;0;0;0;0;0;0
FR;6;2022-01-06;0;0;0;0;0;0;0;0;0;0
FR;6;2022-01-07;0;0;0;0;0;0;0;0;0;0
FR;6;2022-01-08;0;0;0;0;0;0;0;0;0;0
FR;6;2022-01-09;0;0;0;0;0;0;0;0;0;0
FR;6;2022-01-10;0;0;0;0;0;0;0;0;0;0
FR;6;2022-01-11;0;0;0;0;0;0;0;0;0;0
FR;6;2022-01-12;0;0;0;0;0;0;0;0;0;0
FR;6;2022-01-13;0;0;0;0;0;0;0;0;0;0
FR;6;2022-01-14;0;0;0;0;0;0;0;0;0;0
FR;6;2022-01-15;0;0;0;0;0;0;0;0;0;0
FR;6;2022-01-16;0;0;0;0;0;0;0;0;0;0
FR;6;2022-01-17;0;0;0;0;0;0;0;0;0;0
FR;6;2022-01-18;0;0;0;0;0;0;0;0;0;0
FR;6;2022-01-19;0;0;0;0;0;0;0;0;0;0
FR;6;2022-01-20;0;0;0;0;0;0;0;0;0;0
FR;6;2022-01-21;0;0;0;0;0;0;0;0;0;0
FR;6;2022-01-22;0;0;0;0;0;0;0;0;0;0
FR;6;2022-01-23;0;0;0;0;0;0;0;0;0;0
FR;6;2022-01-24;0;0;0;0;0;0;0;0;0;0
FR;6;2022-01-25;0;0;0;0;0;0;0;0;0;0
FR;6;2022-01-26;0;0;0;0;0;0;0;0;0;0
FR;6;2022-01-27;0;0;0;0;0;0;0;0;0;0
FR;6;2022-01-28;0;0;0;0;0;0;0;0;0;0
FR;6;2022-01-29;0;0;0;0;0;0;0;0;0;0
FR;6;2022-01-30;0;0;0;0;0;0;0;0;0;0
FR;6;2022-01-31;0;0;0;0;0;0;0;0;0;0
FR;6;2022-02-01;0;0;0;0;0;0;0;0;0;0
FR;6;2022-02-02;0;0;0;0;0;0;0;0;0;0
FR;6;2022-02-03;0;0;0;0;0;0;0;0;0;0
FR;6;2022-02-04;0;0;0;0;0;0;0;0;0;0
FR;6;2022-02-05;0;0;0;0;0;0;0;0;0;0
FR;6;2022-02-06;0;0;0;0;0;0;0;0;0;0
FR;6;2022-02-07;0;0;0;0;0;0;0;0;0;0
FR;6;2022-02-08;0;0;0;0;0;0;0;0;0;0
FR;6;2022-02-09;0;0;0;0;0;0;0;0;0;0
FR;6;2022-02-10;0;0;0;0;0;0;0;0;0;0
FR;6;2022-02-11;0;0;0;0;0;0;0;0;0;0
FR;6;2022-02-12;0;0;0;0;0;0;0;0;0;0
FR;6;2022-02-13;0;0;0;0;0;0;0;0;0;0
FR;6;2022-02-14;0;0;0;0;0;0;0;0;0;0
FR;6;2022-02-15;0;0;0;0;0;0;0;0;0;0
FR;6;2022-02-16;0;0;0;0;0;0;0;0;0;0
FR;6;2022-02-17;0;0;0;0;0;0;0;0;0;0
FR;6;2022-02-18;0;0;0;0;0;0;0;0;0;0
FR;6;2022-02-19;0;0;0;0;0;0;0;0;0;0
FR;6;2022-02-20;0;0;0;0;0;0;0;0;0;0
FR;6;2022-02-21;0;0;0;0;0;0;0;0;0;0
FR;6;2022-02-22;0;0;0;0;0;0;0;0;0;0
FR;6;2022-02-23;0;0;0;0;0;0;0;0;0;0
FR;6;2022-02-24;0;0;0;0;0;0;0;0;0;0
FR;6;2022-02-25;0;0;0;0;0;0;0;0;0;0
FR;6;2022-02-26;1;0;0;0;0;1;0;0;0;0
FR;6;2022-02-27;0;0;0;0;0;1;0;0;0;0
FR;6;2022-02-28;0;0;0;0;0;1;0;0;0;0
FR;6;2022-03-01;3;0;0;0;0;4;0;0;0;0
FR;6;2022-03-02;97;9;2;0;7;101;9;2;0;7
FR;6;2022-03-03;0;0;0;0;0;101;9;2;0;7
FR;6;2022-03-04;91;4;0;0;4;192;13;2;0;11
FR;6;2022-03-05;391;23;2;0;14;583;36;4;0;25
FR;6;2022-03-06;7;1;0;0;0;590;37;4;0;25
FR;6;2022-03-07;337;19;0;0;13;927;56;4;0;38
FR;6;2022-03-08;230;14;0;0;5;1157;70;4;0;43
FR;6;2022-03-09;519;29;2;0;21;1676;99;6;0;64
FR;6;2022-03-10;206;19;0;1;12;1882;118;6;1;76
FR;6;2022-03-11;331;22;6;0;21;2213;140;12;1;97
FR;6;2022-03-12;518;25;1;0;20;2731;165;13;1;117
FR;6;2022-03-13;40;2;0;0;1;2771;167;13;1;118
FR;6;2022-03-14;201;4;2;0;3;2972;171;15;1;121
FR;6;2022-03-15;112;11;2;0;9;3084;182;17;1;130
FR;6;2022-03-16;310;17;1;1;14;3394;199;18;2;144
FR;6;2022-03-17;117;6;1;2;4;3511;205;19;4;148
FR;6;2022-03-18;215;10;0;0;6;3726;215;19;4;154
FR;6;2022-03-19;307;19;2;0;9;4033;234;21;4;163
FR;6;2022-03-20;15;5;0;0;1;4048;239;21;4;164
FR;6;2022-03-21;132;23;1;0;4;4180;262;22;4;168
FR;6;2022-03-22;97;15;0;0;4;4277;277;22;4;172
FR;6;2022-03-23;226;108;3;0;14;4503;385;25;4;186
FR;6;2022-03-24;100;15;1;3;4;4603;400;26;7;190
FR;6;2022-03-25;203;141;2;1;15;4806;541;28;8;205
FR;6;2022-03-26;331;295;7;1;19;5137;836;35;9;224
FR;6;2022-03-27;32;30;1;0;1;5169;866;36;9;225
FR;6;2022-03-28;201;208;8;1;17;5370;1074;44;10;242
FR;6;2022-03-29;124;189;12;2;12;5494;1263;56;12;254
FR;6;2022-03-30;305;476;10;2;22;5799;1739;66;14;276
FR;6;2022-03-31;123;140;10;0;14;5922;1879;76;14;290
FR;6;2022-04-01;195;150;11;2;23;6117;2029;87;16;313
FR;6;2022-04-02;206;241;9;1;13;6323;2270;96;17;326
FR;6;2022-04-03;17;21;0;0;1;6340;2291;96;17;327
FR;6;2022-04-04;137;114;6;1;9;6477;2405;102;18;336
FR;6;2022-04-05;146;88;15;1;11;6623;2493;117;19;347
FR;6;2022-04-06;204;245;22;26;27;6827;2738;139;45;374
FR;6;2022-04-07;127;96;15;9;17;6954;2834;154;54;391
FR;6;2022-04-08;199;170;16;3;17;7153;3004;170;57;408
FR;6;2022-04-09;145;139;6;12;13;7298;3143;176;69;421
FR;6;2022-04-10;10;20;3;0;1;7308;3163;179;69;422
FR;6;2022-04-11;101;106;4;0;5;7409;3269;183;69;427
FR;6;2022-04-12;136;75;5;8;10;7545;3344;188;77;437
FR;6;2022-04-13;162;175;7;5;13;7707;3519;195;82;450
FR;6;2022-04-14;100;103;5;10;8;7807;3622;200;92;458
FR;6;2022-04-15;158;149;11;7;19;7965;3771;211;99;477
FR;6;2022-04-16;127;132;5;0;14;8092;3903;216;99;491
FR;6;2022-04-17;8;9;4;0;4;8100;3912;220;99;495
FR;6;2022-04-18;8;15;3;0;4;8108;3927;223;99;499
FR;6;2022-04-19;97;112;4;3;3;8205;4039;227;102;502
FR;6;2022-04-20;178;227;8;7;15;8383;4266;235;109;517
FR;6;2022-04-21;111;93;8;4;11;8494;4359;243;113;528
FR;6;2022-04-22;138;160;13;12;13;8632;4519;256;125;541
FR;6;2022-04-23;106;129;1;1;7;8738;4648;257;126;548
FR;6;2022-04-24;5;21;1;0;0;8743;4669;258;126;548
FR;6;2022-04-25;91;128;3;8;11;8834;4797;261;134;559
FR;6;2022-04-26;101;128;19;2;17;8935;4925;280;136;576
FR;6;2022-04-27;197;159;21;1;27;9132;5084;301;137;603
FR;6;2022-04-28;109;87;7;1;8;9241;5171;308;138;611
FR;6;2022-04-29;191;169;16;2;20;9432;5340;324;140;631
FR;6;2022-04-30;133;125;7;1;24;9565;5465;331;141;655
FR;6;2022-05-01;7;6;0;0;0;9572;5471;331;141;655
FR;6;2022-05-02;94;65;3;4;3;9666;5536;334;145;658
FR;6;2022-05-03;136;93;11;2;7;9802;5629;345;147;665
FR;6;2022-05-04;167;118;25;12;29;9969;5747;370;159;694
FR;6;2022-05-05;101;70;8;3;12;10070;5817;378;162;706
FR;6;2022-05-06;152;110;10;9;16;10222;5927;388;171;722
FR;6;2022-05-07;139;93;13;3;23;10361;6020;401;174;745
FR;6;2022-05-08;20;8;6;5;7;10381;6028;407;179;752
FR;6;2022-05-09;86;78;9;7;13;10467;6106;416;186;765
FR;6;2022-05-10;112;80;15;7;12;10579;6186;431;193;777
FR;6;2022-05-11;130;124;11;14;20;10709;6310;442;207;797
FR;6;2022-05-12;105;76;7;5;15;10814;6386;449;212;812
FR;6;2022-05-13;155;97;17;21;22;10969;6483;466;233;834
FR;6;2022-05-14;81;60;6;7;15;11050;6543;472;240;849
FR;6;2022-05-15;12;7;0;0;0;11062;6550;472;240;849
FR;6;2022-05-16;64;54;6;2;12;11126;6604;478;242;861
FR;6;2022-05-17;123;77;5;7;11;11249;6681;483;249;872
FR;6;2022-05-18;131;116;5;1;13;11380;6797;488;250;885
FR;6;2022-05-19;124;57;6;8;9;11504;6854;494;258;894
FR;6;2022-05-20;125;115;13;3;18;11629;6969;507;261;912
FR;6;2022-05-21;92;69;14;3;12;11721;7038;521;264;924
FR;6;2022-05-22;19;12;5;0;4;11740;7050;526;264;928
FR;6;2022-05-23;77;72;4;2;7;11817;7122;530;266;935
FR;6;2022-05-24;117;98;8;2;16;11934;7220;538;268;951
FR;6;2022-05-25;139;129;6;3;11;12073;7349;544;271;962
FR;6;2022-05-26;7;9;3;0;9;12080;7358;547;271;971
FR;6;2022-05-27;127;105;15;11;18;12207;7463;562;282;989
FR;6;2022-05-28;53;75;1;5;8;12260;7538;563;287;997
FR;6;2022-05-29;8;10;0;0;1;12268;7548;563;287;998
FR;6;2022-05-30;70;70;7;4;4;12338;7618;570;291;1002
FR;6;2022-05-31;87;102;10;2;14;12425;7720;580;293;1016
FR;6;2022-06-01;97;89;10;1;11;12522;7809;590;294;1027
FR;6;2022-06-02;91;60;6;3;9;12613;7869;596;297;1036
FR;6;2022-06-03;126;102;13;7;21;12739;7971;609;304;1057
FR;6;2022-06-04;63;51;10;0;12;12802;8022;619;304;1069
FR;6;2022-06-05;16;15;2;1;4;12818;8037;621;305;1073
FR;6;2022-06-06;9;6;0;0;0;12827;8043;621;305;1073
FR;6;2022-06-07;79;90;3;4;8;12906;8133;624;309;1081
FR;6;2022-06-08;92;110;13;5;20;12998;8243;637;314;1101
FR;6;2022-06-09;75;81;15;3;15;13073;8324;652;317;1116
FR;6;2022-06-10;116;93;26;10;22;13189;8417;678;327;1138
FR;6;2022-06-11;83;62;6;10;12;13272;8479;684;337;1150
FR;6;2022-06-12;6;14;1;0;2;13278;8493;685;337;1152
FR;6;2022-06-13;74;59;18;1;7;13352;8552;703;338;1159
FR;6;2022-06-14;98;100;8;5;16;13450;8652;711;343;1175
FR;6;2022-06-15;80;86;7;8;15;13530;8738;718;351;1190
FR;6;2022-06-16;53;40;11;7;14;13583;8778;729;358;1204
FR;6;2022-06-17;86;85;3;13;11;13669;8863;732;371;1215
FR;6;2022-06-18;71;61;13;0;21;13740;8924;745;371;1236
FR;6;2022-06-19;6;6;3;0;4;13746;8930;748;371;1240
FR;6;2022-06-20;42;41;4;1;6;13788;8971;752;372;1246
FR;6;2022-06-21;59;73;10;7;17;13847;9044;762;379;1263
FR;6;2022-06-22;86;85;8;2;17;13933;9129;770;381;1280
FR;6;2022-06-23;64;39;13;7;15;13997;9168;783;388;1295
FR;6;2022-06-24;77;85;7;14;20;14074;9253;790;402;1315
FR;6;2022-06-25;67;61;4;3;8;14141;9314;794;405;1323
FR;6;2022-06-26;6;7;1;0;1;14147;9321;795;405;1324
FR;6;2022-06-27;53;50;4;9;12;14200;9371;799;414;1336
FR;6;2022-06-28;68;47;6;3;15;14268;9418;805;417;1351
FR;6;2022-06-29;98;117;26;37;19;14366;9535;831;454;1370
FR;6;2022-06-30;84;60;33;10;12;14450;9595;864;464;1382
FR;6;2022-07-01;115;94;25;33;18;14565;9689;889;497;1400
FR;6;2022-07-02;58;67;26;2;37;14623;9756;915;499;1437
FR;6;2022-07-03;11;4;4;3;4;14634;9760;919;502;1441
FR;6;2022-07-04;61;43;3;23;13;14695;9803;922;525;1454
FR;6;2022-07-05;65;53;19;67;27;14760;9856;941;592;1481
FR;6;2022-07-06;94;64;7;11;12;14854;9920;948;603;1493
FR;6;2022-07-07;99;79;42;37;14;14953;9999;990;640;1507
FR;6;2022-07-08;139;87;42;27;10;15092;10086;1032;667;1517
FR;6;2022-07-09;53;51;16;29;27;15145;10137;1048;696;1544
FR;6;2022-07-10;3;7;8;0;9;15148;10144;1056;696;1553
FR;6;2022-07-11;54;44;5;4;12;15202;10188;1061;700;1565
FR;6;2022-07-12;70;72;12;23;12;15272;10260;1073;723;1577
FR;6;2022-07-13;84;65;14;21;25;15356;10325;1087;744;1602
FR;6;2022-07-14;4;3;1;0;1;15360;10328;1088;744;1603
FR;6;2022-07-15;74;59;9;57;16;15434;10387;1097;801;1619
FR;6;2022-07-16;27;31;17;0;17;15461;10418;1114;801;1636
FR;6;2022-07-17;3;7;0;0;0;15464;10425;1114;801;1636
FR;6;2022-07-18;37;62;11;14;15;15501;10487;1125;815;1651
FR;6;2022-07-19;54;48;4;19;6;15555;10535;1129;834;1657
FR;6;2022-07-20;53;70;7;22;11;15608;10605;1136;856;1668
FR;6;2022-07-21;50;60;4;7;11;15658;10665;1140;863;1679
FR;6;2022-07-22;55;74;7;26;8;15713;10739;1147;889;1687
FR;6;2022-07-23;38;40;6;10;6;15751;10779;1153;899;1693
FR;6;2022-07-24;11;14;1;3;3;15762;10793;1154;902;1696
FR;6;2022-07-25;60;44;8;12;9;15822;10837;1162;914;1705
FR;6;2022-07-26;47;64;14;6;10;15869;10901;1176;920;1715
FR;6;2022-07-27;54;78;15;11;17;15923;10979;1191;931;1732
FR;6;2022-07-28;30;48;4;6;8;15953;11027;1195;937;1740
FR;6;2022-07-29;43;71;10;38;24;15996;11098;1205;975;1764
FR;6;2022-07-30;26;48;4;15;7;16022;11146;1209;990;1771
FR;6;2022-07-31;0;1;1;0;0;16022;11147;1210;990;1771
FR;6;2022-08-01;39;36;14;8;10;16061;11183;1224;998;1781
FR;6;2022-08-02;37;46;10;14;6;16098;11229;1234;1012;1787
FR;6;2022-08-03;29;52;7;16;11;16127;11281;1241;1028;1798
FR;6;2022-08-04;25;21;4;9;6;16152;11302;1245;1037;1804
FR;6;2022-08-05;43;45;1;7;5;16195;11347;1246;1044;1809
FR;6;2022-08-06;17;27;1;3;2;16212;11374;1247;1047;1811
FR;6;2022-08-07;1;2;0;0;0;16213;11376;1247;1047;1811
FR;6;2022-08-08;24;33;1;0;1;16237;11409;1248;1047;1812
FR;6;2022-08-09;22;30;6;3;3;16259;11439;1254;1050;1815
FR;6;2022-08-10;31;36;5;9;5;16290;11475;1259;1059;1820
FR;6;2022-08-11;33;33;1;1;1;16323;11508;1260;1060;1821
FR;6;2022-08-12;50;44;6;2;15;16373;11552;1266;1062;1836
FR;6;2022-08-13;9;20;0;0;1;16382;11572;1266;1062;1837
FR;6;2022-08-14;3;1;0;0;0;16385;11573;1266;1062;1837
FR;6;2022-08-15;2;3;1;0;0;16387;11576;1267;1062;1837
FR;6;2022-08-16;35;66;21;7;7;16422;11642;1288;1069;1844
FR;6;2022-08-17;32;44;10;9;10;16454;11686;1298;1078;1854
FR;6;2022-08-18;29;55;14;4;4;16483;11741;1312;1082;1858
FR;6;2022-08-19;30;45;5;4;3;16513;11786;1317;1086;1861
FR;6;2022-08-20;26;29;3;0;8;16539;11815;1320;1086;1869
FR;6;2022-08-21;1;5;2;0;0;16540;11820;1322;1086;1869
FR;6;2022-08-22;20;42;15;1;0;16560;11862;1337;1087;1869
FR;6;2022-08-23;34;45;6;7;6;16594;11907;1343;1094;1875
FR;6;2022-08-24;34;30;6;3;6;16628;11937;1349;1097;1881
FR;6;2022-08-25;25;27;1;1;5;16653;11964;1350;1098;1886
FR;6;2022-08-26;38;44;4;4;7;16691;12008;1354;1102;1893
FR;6;2022-08-27;19;21;7;3;8;16710;12029;1361;1105;1901
FR;6;2022-08-28;6;3;0;6;1;16716;12032;1361;1111;1902
FR;6;2022-08-29;26;22;2;6;3;16742;12054;1363;1117;1905
FR;6;2022-08-30;28;35;4;12;8;16770;12089;1367;1129;1913
FR;6;2022-08-31;35;38;2;11;3;16805;12127;1369;1140;1916
FR;6;2022-09-01;16;11;5;1;4;16821;12138;1374;1141;1920
FR;6;2022-09-02;19;14;2;1;3;16840;12152;1376;1142;1923
FR;6;2022-09-03;10;3;1;5;2;16850;12155;1377;1147;1925
FR;6;2022-09-04;4;1;0;0;0;16854;12156;1377;1147;1925
FR;6;2022-09-05;8;7;0;0;0;16862;12163;1377;1147;1925
FR;6;2022-09-06;7;9;7;12;6;16869;12172;1384;1159;1931
FR;6;2022-09-07;3;8;1;0;1;16872;12180;1385;1159;1932
FR;6;2022-09-08;5;4;0;2;1;16877;12184;1385;1161;1933
FR;6;2022-09-09;7;9;2;7;3;16884;12193;1387;1168;1936
FR;6;2022-09-10;3;4;1;0;1;16887;12197;1388;1168;1937
FR;6;2022-09-11;1;3;0;0;0;16888;12200;1388;1168;1937
FR;6;2022-09-12;10;4;1;0;3;16898;12204;1389;1168;1940
FR;6;2022-09-13;7;2;3;0;2;16905;12206;1392;1168;1942
FR;6;2022-09-14;9;8;2;0;4;16914;12214;1394;1168;1946
FR;6;2022-09-15;8;13;5;5;9;16922;12227;1399;1173;1955
FR;6;2022-09-16;24;38;1;1;3;16946;12265;1400;1174;1958
FR;6;2022-09-17;24;22;0;6;5;16970;12287;1400;1180;1963
FR;6;2022-09-18;5;4;0;0;1;16975;12291;1400;1180;1964
FR;6;2022-09-19;30;30;2;1;5;17005;12321;1402;1181;1969
FR;6;2022-09-20;34;25;1;4;6;17039;12346;1403;1185;1975
FR;6;2022-09-21;21;9;3;3;7;17060;12355;1406;1188;1982
FR;6;2022-09-22;19;28;1;22;3;17079;12383;1407;1210;1985
FR;6;2022-09-23;28;41;5;9;9;17107;12424;1412;1219;1994
FR;6;2022-09-24;16;16;4;2;6;17123;12440;1416;1221;2000
FR;6;2022-09-25;3;14;0;0;1;17126;12454;1416;1221;2001
FR;6;2022-09-26;16;13;0;18;5;17142;12467;1416;1239;2006
FR;6;2022-09-27;32;19;2;3;4;17174;12486;1418;1242;2010
FR;6;2022-09-28;27;10;8;11;4;17201;12496;1426;1253;2014
FR;6;2022-09-29;13;13;10;34;6;17214;12509;1436;1287;2020
FR;6;2022-09-30;34;24;5;6;5;17248;12533;1441;1293;2025
FR;6;2022-10-01;14;12;5;7;8;17262;12545;1446;1300;2033
FR;6;2022-10-02;3;0;0;0;0;17265;12545;1446;1300;2033
FR;6;2022-10-03;11;10;3;5;4;17276;12555;1449;1305;2037
FR;6;2022-10-04;19;17;4;28;3;17295;12572;1453;1333;2040
FR;6;2022-10-05;10;12;3;2;7;17305;12584;1456;1335;2047
FR;6;2022-10-06;19;13;4;6;2;17324;12597;1460;1341;2049
FR;6;2022-10-07;27;26;5;23;10;17351;12623;1465;1364;2059
FR;6;2022-10-08;16;13;0;0;0;17367;12636;1465;1364;2059
FR;6;2022-10-09;7;3;4;18;4;17374;12639;1469;1382;2063
FR;6;2022-10-10;15;14;1;15;6;17389;12653;1470;1397;2069
FR;6;2022-10-11;21;23;3;11;8;17410;12676;1473;1408;2077
FR;6;2022-10-12;20;14;7;19;2;17430;12690;1480;1427;2079
FR;6;2022-10-13;28;14;2;36;0;17458;12704;1482;1463;2079
FR;6;2022-10-14;28;23;5;49;11;17486;12727;1487;1512;2090
FR;6;2022-10-15;13;8;0;19;4;17499;12735;1487;1531;2094
FR;6;2022-10-16;4;4;0;5;2;17503;12739;1487;1536;2096
FR;8;2020-12-27;0;0;0;0;0;0;0;0;0;0
FR;8;2020-12-28;0;0;0;0;0;0;0;0;0;0
FR;8;2020-12-29;0;0;0;0;0;0;0;0;0;0
FR;8;2020-12-30;0;0;0;0;0;0;0;0;0;0
FR;8;2020-12-31;0;0;0;0;0;0;0;0;0;0
FR;8;2021-01-01;0;0;0;0;0;0;0;0;0;0
FR;8;2021-01-02;0;0;0;0;0;0;0;0;0;0
FR;8;2021-01-03;0;0;0;0;0;0;0;0;0;0
FR;8;2021-01-04;0;0;0;0;0;0;0;0;0;0
FR;8;2021-01-05;0;0;0;0;0;0;0;0;0;0
FR;8;2021-01-06;0;0;0;0;0;0;0;0;0;0
FR;8;2021-01-07;0;0;0;0;0;0;0;0;0;0
FR;8;2021-01-08;0;0;0;0;0;0;0;0;0;0
FR;8;2021-01-09;0;0;0;0;0;0;0;0;0;0
FR;8;2021-01-10;0;0;0;0;0;0;0;0;0;0
FR;8;2021-01-11;0;0;0;0;0;0;0;0;0;0
FR;8;2021-01-12;0;0;0;0;0;0;0;0;0;0
FR;8;2021-01-13;0;0;0;0;0;0;0;0;0;0
FR;8;2021-01-14;0;0;0;0;0;0;0;0;0;0
FR;8;2021-01-15;0;0;0;0;0;0;0;0;0;0
FR;8;2021-01-16;0;0;0;0;0;0;0;0;0;0
FR;8;2021-01-17;0;0;0;0;0;0;0;0;0;0
FR;8;2021-01-18;0;0;0;0;0;0;0;0;0;0
FR;8;2021-01-19;0;0;0;0;0;0;0;0;0;0
FR;8;2021-01-20;0;0;0;0;0;0;0;0;0;0
FR;8;2021-01-21;0;0;0;0;0;0;0;0;0;0
FR;8;2021-01-22;0;0;0;0;0;0;0;0;0;0
FR;8;2021-01-23;0;0;0;0;0;0;0;0;0;0
FR;8;2021-01-24;0;0;0;0;0;0;0;0;0;0
FR;8;2021-01-25;0;0;0;0;0;0;0;0;0;0
FR;8;2021-01-26;0;0;0;0;0;0;0;0;0;0
FR;8;2021-01-27;0;0;0;0;0;0;0;0;0;0
FR;8;2021-01-28;0;0;0;0;0;0;0;0;0;0
FR;8;2021-01-29;0;0;0;0;0;0;0;0;0;0
FR;8;2021-01-30;0;0;0;0;0;0;0;0;0;0
FR;8;2021-01-31;0;0;0;0;0;0;0;0;0;0
FR;8;2021-02-01;0;0;0;0;0;0;0;0;0;0
FR;8;2021-02-02;0;0;0;0;0;0;0;0;0;0
FR;8;2021-02-03;0;0;0;0;0;0;0;0;0;0
FR;8;2021-02-04;0;0;0;0;0;0;0;0;0;0
FR;8;2021-02-05;0;0;0;0;0;0;0;0;0;0
FR;8;2021-02-06;0;0;0;0;0;0;0;0;0;0
FR;8;2021-02-07;0;0;0;0;0;0;0;0;0;0
FR;8;2021-02-08;0;0;0;0;0;0;0;0;0;0
FR;8;2021-02-09;0;0;0;0;0;0;0;0;0;0
FR;8;2021-02-10;0;0;0;0;0;0;0;0;0;0
FR;8;2021-02-11;0;0;0;0;0;0;0;0;0;0
FR;8;2021-02-12;0;0;0;0;0;0;0;0;0;0
FR;8;2021-02-13;0;0;0;0;0;0;0;0;0;0
FR;8;2021-02-14;0;0;0;0;0;0;0;0;0;0
FR;8;2021-02-15;0;0;0;0;0;0;0;0;0;0
FR;8;2021-02-16;0;0;0;0;0;0;0;0;0;0
FR;8;2021-02-17;0;0;0;0;0;0;0;0;0;0
FR;8;2021-02-18;0;0;0;0;0;0;0;0;0;0
FR;8;2021-02-19;0;0;0;0;0;0;0;0;0;0
FR;8;2021-02-20;0;0;0;0;0;0;0;0;0;0
FR;8;2021-02-21;0;0;0;0;0;0;0;0;0;0
FR;8;2021-02-22;0;0;0;0;0;0;0;0;0;0
FR;8;2021-02-23;0;0;0;0;0;0;0;0;0;0
FR;8;2021-02-24;0;0;0;0;0;0;0;0;0;0
FR;8;2021-02-25;0;0;0;0;0;0;0;0;0;0
FR;8;2021-02-26;0;0;0;0;0;0;0;0;0;0
FR;8;2021-02-27;0;0;0;0;0;0;0;0;0;0
FR;8;2021-02-28;0;0;0;0;0;0;0;0;0;0
FR;8;2021-03-01;0;0;0;0;0;0;0;0;0;0
FR;8;2021-03-02;0;0;0;0;0;0;0;0;0;0
FR;8;2021-03-03;0;0;0;0;0;0;0;0;0;0
FR;8;2021-03-04;0;0;0;0;0;0;0;0;0;0
FR;8;2021-03-05;0;0;0;0;0;0;0;0;0;0
FR;8;2021-03-06;0;0;0;0;0;0;0;0;0;0
FR;8;2021-03-07;0;0;0;0;0;0;0;0;0;0
FR;8;2021-03-08;0;0;0;0;0;0;0;0;0;0
FR;8;2021-03-09;0;0;0;0;0;0;0;0;0;0
FR;8;2021-03-10;0;0;0;0;0;0;0;0;0;0
FR;8;2021-03-11;0;0;0;0;0;0;0;0;0;0
FR;8;2021-03-12;0;0;0;0;0;0;0;0;0;0
FR;8;2021-03-13;0;0;0;0;0;0;0;0;0;0
FR;8;2021-03-14;0;0;0;0;0;0;0;0;0;0
FR;8;2021-03-15;0;0;0;0;0;0;0;0;0;0
FR;8;2021-03-16;0;0;0;0;0;0;0;0;0;0
FR;8;2021-03-17;0;0;0;0;0;0;0;0;0;0
FR;8;2021-03-18;0;0;0;0;0;0;0;0;0;0
FR;8;2021-03-19;0;0;0;0;0;0;0;0;0;0
FR;8;2021-03-20;0;0;0;0;0;0;0;0;0;0
FR;8;2021-03-21;0;0;0;0;0;0;0;0;0;0
FR;8;2021-03-22;0;0;0;0;0;0;0;0;0;0
FR;8;2021-03-23;0;0;0;0;0;0;0;0;0;0
FR;8;2021-03-24;0;0;0;0;0;0;0;0;0;0
FR;8;2021-03-25;0;0;0;0;0;0;0;0;0;0
FR;8;2021-03-26;0;0;0;0;0;0;0;0;0;0
FR;8;2021-03-27;0;0;0;0;0;0;0;0;0;0
FR;8;2021-03-28;0;0;0;0;0;0;0;0;0;0
FR;8;2021-03-29;0;0;0;0;0;0;0;0;0;0
FR;8;2021-03-30;0;0;0;0;0;0;0;0;0;0
FR;8;2021-03-31;0;0;0;0;0;0;0;0;0;0
FR;8;2021-04-01;0;0;0;0;0;0;0;0;0;0
FR;8;2021-04-02;0;0;0;0;0;0;0;0;0;0
FR;8;2021-04-03;0;0;0;0;0;0;0;0;0;0
FR;8;2021-04-04;0;0;0;0;0;0;0;0;0;0
FR;8;2021-04-05;0;0;0;0;0;0;0;0;0;0
FR;8;2021-04-06;0;0;0;0;0;0;0;0;0;0
FR;8;2021-04-07;0;0;0;0;0;0;0;0;0;0
FR;8;2021-04-08;0;0;0;0;0;0;0;0;0;0
FR;8;2021-04-09;0;0;0;0;0;0;0;0;0;0
FR;8;2021-04-10;0;0;0;0;0;0;0;0;0;0
FR;8;2021-04-11;0;0;0;0;0;0;0;0;0;0
FR;8;2021-04-12;0;0;0;0;0;0;0;0;0;0
FR;8;2021-04-13;0;0;0;0;0;0;0;0;0;0
FR;8;2021-04-14;0;0;0;0;0;0;0;0;0;0
FR;8;2021-04-15;0;0;0;0;0;0;0;0;0;0
FR;8;2021-04-16;0;0;0;0;0;0;0;0;0;0
FR;8;2021-04-17;0;0;0;0;0;0;0;0;0;0
FR;8;2021-04-18;0;0;0;0;0;0;0;0;0;0
FR;8;2021-04-19;0;0;0;0;0;0;0;0;0;0
FR;8;2021-04-20;0;0;0;0;0;0;0;0;0;0
FR;8;2021-04-21;0;0;0;0;0;0;0;0;0;0
FR;8;2021-04-22;0;0;0;0;0;0;0;0;0;0
FR;8;2021-04-23;0;0;0;0;0;0;0;0;0;0
FR;8;2021-04-24;0;0;0;0;0;0;0;0;0;0
FR;8;2021-04-25;0;0;0;0;0;0;0;0;0;0
FR;8;2021-04-26;0;0;0;0;0;0;0;0;0;0
FR;8;2021-04-27;0;0;0;0;0;0;0;0;0;0
FR;8;2021-04-28;0;0;0;0;0;0;0;0;0;0
FR;8;2021-04-29;0;0;0;0;0;0;0;0;0;0
FR;8;2021-04-30;0;0;0;0;0;0;0;0;0;0
FR;8;2021-05-01;0;0;0;0;0;0;0;0;0;0
FR;8;2021-05-02;0;0;0;0;0;0;0;0;0;0
FR;8;2021-05-03;0;0;0;0;0;0;0;0;0;0
FR;8;2021-05-04;0;0;0;0;0;0;0;0;0;0
FR;8;2021-05-05;0;0;0;0;0;0;0;0;0;0
FR;8;2021-05-06;0;0;0;0;0;0;0;0;0;0
FR;8;2021-05-07;0;0;0;0;0;0;0;0;0;0
FR;8;2021-05-08;0;0;0;0;0;0;0;0;0;0
FR;8;2021-05-09;0;0;0;0;0;0;0;0;0;0
FR;8;2021-05-10;0;0;0;0;0;0;0;0;0;0
FR;8;2021-05-11;0;0;0;0;0;0;0;0;0;0
FR;8;2021-05-12;0;0;0;0;0;0;0;0;0;0
FR;8;2021-05-13;0;0;0;0;0;0;0;0;0;0
FR;8;2021-05-14;0;0;0;0;0;0;0;0;0;0
FR;8;2021-05-15;0;0;0;0;0;0;0;0;0;0
FR;8;2021-05-16;0;0;0;0;0;0;0;0;0;0
FR;8;2021-05-17;0;0;0;0;0;0;0;0;0;0
FR;8;2021-05-18;0;0;0;0;0;0;0;0;0;0
FR;8;2021-05-19;0;0;0;0;0;0;0;0;0;0
FR;8;2021-05-20;0;0;0;0;0;0;0;0;0;0
FR;8;2021-05-21;0;0;0;0;0;0;0;0;0;0
FR;8;2021-05-22;0;0;0;0;0;0;0;0;0;0
FR;8;2021-05-23;0;0;0;0;0;0;0;0;0;0
FR;8;2021-05-24;0;0;0;0;0;0;0;0;0;0
FR;8;2021-05-25;0;0;0;0;0;0;0;0;0;0
FR;8;2021-05-26;0;0;0;0;0;0;0;0;0;0
FR;8;2021-05-27;0;0;0;0;0;0;0;0;0;0
FR;8;2021-05-28;0;0;0;0;0;0;0;0;0;0
FR;8;2021-05-29;0;0;0;0;0;0;0;0;0;0
FR;8;2021-05-30;0;0;0;0;0;0;0;0;0;0
FR;8;2021-05-31;0;0;0;0;0;0;0;0;0;0
FR;8;2021-06-01;0;0;0;0;0;0;0;0;0;0
FR;8;2021-06-02;0;0;0;0;0;0;0;0;0;0
FR;8;2021-06-03;0;0;0;0;0;0;0;0;0;0
FR;8;2021-06-04;0;0;0;0;0;0;0;0;0;0
FR;8;2021-06-05;0;0;0;0;0;0;0;0;0;0
FR;8;2021-06-06;0;0;0;0;0;0;0;0;0;0
FR;8;2021-06-07;0;0;0;0;0;0;0;0;0;0
FR;8;2021-06-08;0;0;0;0;0;0;0;0;0;0
FR;8;2021-06-09;0;0;0;0;0;0;0;0;0;0
FR;8;2021-06-10;0;0;0;0;0;0;0;0;0;0
FR;8;2021-06-11;0;0;0;0;0;0;0;0;0;0
FR;8;2021-06-12;0;0;0;0;0;0;0;0;0;0
FR;8;2021-06-13;0;0;0;0;0;0;0;0;0;0
FR;8;2021-06-14;0;0;0;0;0;0;0;0;0;0
FR;8;2021-06-15;0;0;0;0;0;0;0;0;0;0
FR;8;2021-06-16;0;0;0;0;0;0;0;0;0;0
FR;8;2021-06-17;0;0;0;0;0;0;0;0;0;0
FR;8;2021-06-18;0;0;0;0;0;0;0;0;0;0
FR;8;2021-06-19;0;0;0;0;0;0;0;0;0;0
FR;8;2021-06-20;0;0;0;0;0;0;0;0;0;0
FR;8;2021-06-21;0;0;0;0;0;0;0;0;0;0
FR;8;2021-06-22;0;0;0;0;0;0;0;0;0;0
FR;8;2021-06-23;0;0;0;0;0;0;0;0;0;0
FR;8;2021-06-24;0;0;0;0;0;0;0;0;0;0
FR;8;2021-06-25;0;0;0;0;0;0;0;0;0;0
FR;8;2021-06-26;0;0;0;0;0;0;0;0;0;0
FR;8;2021-06-27;0;0;0;0;0;0;0;0;0;0
FR;8;2021-06-28;0;0;0;0;0;0;0;0;0;0
FR;8;2021-06-29;0;0;0;0;0;0;0;0;0;0
FR;8;2021-06-30;0;0;0;0;0;0;0;0;0;0
FR;8;2021-07-01;0;0;0;0;0;0;0;0;0;0
FR;8;2021-07-02;0;0;0;0;0;0;0;0;0;0
FR;8;2021-07-03;0;0;0;0;0;0;0;0;0;0
FR;8;2021-07-04;0;0;0;0;0;0;0;0;0;0
FR;8;2021-07-05;0;0;0;0;0;0;0;0;0;0
FR;8;2021-07-06;0;0;0;0;0;0;0;0;0;0
FR;8;2021-07-07;0;0;0;0;0;0;0;0;0;0
FR;8;2021-07-08;0;0;0;0;0;0;0;0;0;0
FR;8;2021-07-09;0;0;0;0;0;0;0;0;0;0
FR;8;2021-07-10;0;0;0;0;0;0;0;0;0;0
FR;8;2021-07-11;0;0;0;0;0;0;0;0;0;0
FR;8;2021-07-12;0;0;0;0;0;0;0;0;0;0
FR;8;2021-07-13;0;0;0;0;0;0;0;0;0;0
FR;8;2021-07-14;0;0;0;0;0;0;0;0;0;0
FR;8;2021-07-15;0;0;0;0;0;0;0;0;0;0
FR;8;2021-07-16;0;0;0;0;0;0;0;0;0;0
FR;8;2021-07-17;0;0;0;0;0;0;0;0;0;0
FR;8;2021-07-18;0;0;0;0;0;0;0;0;0;0
FR;8;2021-07-19;0;0;0;0;0;0;0;0;0;0
FR;8;2021-07-20;0;0;0;0;0;0;0;0;0;0
FR;8;2021-07-21;0;0;0;0;0;0;0;0;0;0
FR;8;2021-07-22;0;0;0;0;0;0;0;0;0;0
FR;8;2021-07-23;0;0;0;0;0;0;0;0;0;0
FR;8;2021-07-24;0;0;0;0;0;0;0;0;0;0
FR;8;2021-07-25;0;0;0;0;0;0;0;0;0;0
FR;8;2021-07-26;0;0;0;0;0;0;0;0;0;0
FR;8;2021-07-27;0;0;0;0;0;0;0;0;0;0
FR;8;2021-07-28;0;0;0;0;0;0;0;0;0;0
FR;8;2021-07-29;0;0;0;0;0;0;0;0;0;0
FR;8;2021-07-30;0;0;0;0;0;0;0;0;0;0
FR;8;2021-07-31;0;0;0;0;0;0;0;0;0;0
FR;8;2021-08-01;0;0;0;0;0;0;0;0;0;0
FR;8;2021-08-02;0;0;0;0;0;0;0;0;0;0
FR;8;2021-08-03;0;0;0;0;0;0;0;0;0;0
FR;8;2021-08-04;0;0;0;0;0;0;0;0;0;0
FR;8;2021-08-05;0;0;0;0;0;0;0;0;0;0
FR;8;2021-08-06;0;0;0;0;0;0;0;0;0;0
FR;8;2021-08-07;0;0;0;0;0;0;0;0;0;0
FR;8;2021-08-08;0;0;0;0;0;0;0;0;0;0
FR;8;2021-08-09;0;0;0;0;0;0;0;0;0;0
FR;8;2021-08-10;0;0;0;0;0;0;0;0;0;0
FR;8;2021-08-11;0;0;0;0;0;0;0;0;0;0
FR;8;2021-08-12;0;0;0;0;0;0;0;0;0;0
FR;8;2021-08-13;0;0;0;0;0;0;0;0;0;0
FR;8;2021-08-14;0;0;0;0;0;0;0;0;0;0
FR;8;2021-08-15;0;0;0;0;0;0;0;0;0;0
FR;8;2021-08-16;0;0;0;0;0;0;0;0;0;0
FR;8;2021-08-17;0;0;0;0;0;0;0;0;0;0
FR;8;2021-08-18;0;0;0;0;0;0;0;0;0;0
FR;8;2021-08-19;0;0;0;0;0;0;0;0;0;0
FR;8;2021-08-20;0;0;0;0;0;0;0;0;0;0
FR;8;2021-08-21;0;0;0;0;0;0;0;0;0;0
FR;8;2021-08-22;0;0;0;0;0;0;0;0;0;0
FR;8;2021-08-23;0;0;0;0;0;0;0;0;0;0
FR;8;2021-08-24;0;0;0;0;0;0;0;0;0;0
FR;8;2021-08-25;0;0;0;0;0;0;0;0;0;0
FR;8;2021-08-26;0;0;0;0;0;0;0;0;0;0
FR;8;2021-08-27;0;0;0;0;0;0;0;0;0;0
FR;8;2021-08-28;0;0;0;0;0;0;0;0;0;0
FR;8;2021-08-29;0;0;0;0;0;0;0;0;0;0
FR;8;2021-08-30;0;0;0;0;0;0;0;0;0;0
FR;8;2021-08-31;0;0;0;0;0;0;0;0;0;0
FR;8;2021-09-01;0;0;0;0;0;0;0;0;0;0
FR;8;2021-09-02;0;0;0;0;0;0;0;0;0;0
FR;8;2021-09-03;0;0;0;0;0;0;0;0;0;0
FR;8;2021-09-04;0;0;0;0;0;0;0;0;0;0
FR;8;2021-09-05;0;0;0;0;0;0;0;0;0;0
FR;8;2021-09-06;0;0;0;0;0;0;0;0;0;0
FR;8;2021-09-07;0;0;0;0;0;0;0;0;0;0
FR;8;2021-09-08;0;0;0;0;0;0;0;0;0;0
FR;8;2021-09-09;0;0;0;0;0;0;0;0;0;0
FR;8;2021-09-10;0;0;0;0;0;0;0;0;0;0
FR;8;2021-09-11;0;0;0;0;0;0;0;0;0;0
FR;8;2021-09-12;0;0;0;0;0;0;0;0;0;0
FR;8;2021-09-13;0;0;0;0;0;0;0;0;0;0
FR;8;2021-09-14;0;0;0;0;0;0;0;0;0;0
FR;8;2021-09-15;0;0;0;0;0;0;0;0;0;0
FR;8;2021-09-16;0;0;0;0;0;0;0;0;0;0
FR;8;2021-09-17;0;0;0;0;0;0;0;0;0;0
FR;8;2021-09-18;0;0;0;0;0;0;0;0;0;0
FR;8;2021-09-19;0;0;0;0;0;0;0;0;0;0
FR;8;2021-09-20;0;0;0;0;0;0;0;0;0;0
FR;8;2021-09-21;0;0;0;0;0;0;0;0;0;0
FR;8;2021-09-22;0;0;0;0;0;0;0;0;0;0
FR;8;2021-09-23;0;0;0;0;0;0;0;0;0;0
FR;8;2021-09-24;0;0;0;0;0;0;0;0;0;0
FR;8;2021-09-25;0;0;0;0;0;0;0;0;0;0
FR;8;2021-09-26;0;0;0;0;0;0;0;0;0;0
FR;8;2021-09-27;0;0;0;0;0;0;0;0;0;0
FR;8;2021-09-28;0;0;0;0;0;0;0;0;0;0
FR;8;2021-09-29;0;0;0;0;0;0;0;0;0;0
FR;8;2021-09-30;0;0;0;0;0;0;0;0;0;0
FR;8;2021-10-01;0;0;0;0;0;0;0;0;0;0
FR;8;2021-10-02;0;0;0;0;0;0;0;0;0;0
FR;8;2021-10-03;0;0;0;0;0;0;0;0;0;0
FR;8;2021-10-04;0;0;0;0;0;0;0;0;0;0
FR;8;2021-10-05;0;0;0;0;0;0;0;0;0;0
FR;8;2021-10-06;0;0;0;0;0;0;0;0;0;0
FR;8;2021-10-07;0;0;0;0;0;0;0;0;0;0
FR;8;2021-10-08;0;0;0;0;0;0;0;0;0;0
FR;8;2021-10-09;0;0;0;0;0;0;0;0;0;0
FR;8;2021-10-10;0;0;0;0;0;0;0;0;0;0
FR;8;2021-10-11;0;0;0;0;0;0;0;0;0;0
FR;8;2021-10-12;0;0;0;0;0;0;0;0;0;0
FR;8;2021-10-13;0;0;0;0;0;0;0;0;0;0
FR;8;2021-10-14;0;0;0;0;0;0;0;0;0;0
FR;8;2021-10-15;0;0;0;0;0;0;0;0;0;0
FR;8;2021-10-16;0;0;0;0;0;0;0;0;0;0
FR;8;2021-10-17;0;0;0;0;0;0;0;0;0;0
FR;8;2021-10-18;0;0;0;0;0;0;0;0;0;0
FR;8;2021-10-19;0;0;0;0;0;0;0;0;0;0
FR;8;2021-10-20;0;0;0;0;0;0;0;0;0;0
FR;8;2021-10-21;0;0;0;0;0;0;0;0;0;0
FR;8;2021-10-22;0;0;0;0;0;0;0;0;0;0
FR;8;2021-10-23;0;0;0;0;0;0;0;0;0;0
FR;8;2021-10-24;0;0;0;0;0;0;0;0;0;0
FR;8;2021-10-25;0;0;0;0;0;0;0;0;0;0
FR;8;2021-10-26;0;0;0;0;0;0;0;0;0;0
FR;8;2021-10-27;0;0;0;0;0;0;0;0;0;0
FR;8;2021-10-28;0;0;0;0;0;0;0;0;0;0
FR;8;2021-10-29;0;0;0;0;0;0;0;0;0;0
FR;8;2021-10-30;0;0;0;0;0;0;0;0;0;0
FR;8;2021-10-31;0;0;0;0;0;0;0;0;0;0
FR;8;2021-11-01;0;0;0;0;0;0;0;0;0;0
FR;8;2021-11-02;0;0;0;0;0;0;0;0;0;0
FR;8;2021-11-03;0;0;0;0;0;0;0;0;0;0
FR;8;2021-11-04;0;0;0;0;0;0;0;0;0;0
FR;8;2021-11-05;0;0;0;0;0;0;0;0;0;0
FR;8;2021-11-06;0;0;0;0;0;0;0;0;0;0
FR;8;2021-11-07;0;0;0;0;0;0;0;0;0;0
FR;8;2021-11-08;0;0;0;0;0;0;0;0;0;0
FR;8;2021-11-09;0;0;0;0;0;0;0;0;0;0
FR;8;2021-11-10;0;0;0;0;0;0;0;0;0;0
FR;8;2021-11-11;0;0;0;0;0;0;0;0;0;0
FR;8;2021-11-12;0;0;0;0;0;0;0;0;0;0
FR;8;2021-11-13;0;0;0;0;0;0;0;0;0;0
FR;8;2021-11-14;0;0;0;0;0;0;0;0;0;0
FR;8;2021-11-15;0;0;0;0;0;0;0;0;0;0
FR;8;2021-11-16;0;0;0;0;0;0;0;0;0;0
FR;8;2021-11-17;0;0;0;0;0;0;0;0;0;0
FR;8;2021-11-18;0;0;0;0;0;0;0;0;0;0
FR;8;2021-11-19;0;0;0;0;0;0;0;0;0;0
FR;8;2021-11-20;0;0;0;0;0;0;0;0;0;0
FR;8;2021-11-21;0;0;0;0;0;0;0;0;0;0
FR;8;2021-11-22;0;0;0;0;0;0;0;0;0;0
FR;8;2021-11-23;0;0;0;0;0;0;0;0;0;0
FR;8;2021-11-24;0;0;0;0;0;0;0;0;0;0
FR;8;2021-11-25;0;0;0;0;0;0;0;0;0;0
FR;8;2021-11-26;0;0;0;0;0;0;0;0;0;0
FR;8;2021-11-27;0;0;0;0;0;0;0;0;0;0
FR;8;2021-11-28;0;0;0;0;0;0;0;0;0;0
FR;8;2021-11-29;0;0;0;0;0;0;0;0;0;0
FR;8;2021-11-30;0;0;0;0;0;0;0;0;0;0
FR;8;2021-12-01;0;0;0;0;0;0;0;0;0;0
FR;8;2021-12-02;0;0;0;0;0;0;0;0;0;0
FR;8;2021-12-03;0;0;0;0;0;0;0;0;0;0
FR;8;2021-12-04;0;0;0;0;0;0;0;0;0;0
FR;8;2021-12-05;0;0;0;0;0;0;0;0;0;0
FR;8;2021-12-06;0;0;0;0;0;0;0;0;0;0
FR;8;2021-12-07;0;0;0;0;0;0;0;0;0;0
FR;8;2021-12-08;0;0;0;0;0;0;0;0;0;0
FR;8;2021-12-09;0;0;0;0;0;0;0;0;0;0
FR;8;2021-12-10;0;0;0;0;0;0;0;0;0;0
FR;8;2021-12-11;0;0;0;0;0;0;0;0;0;0
FR;8;2021-12-12;0;0;0;0;0;0;0;0;0;0
FR;8;2021-12-13;0;0;0;0;0;0;0;0;0;0
FR;8;2021-12-14;0;0;0;0;0;0;0;0;0;0
FR;8;2021-12-15;0;0;0;0;0;0;0;0;0;0
FR;8;2021-12-16;0;0;0;0;0;0;0;0;0;0
FR;8;2021-12-17;0;0;0;0;0;0;0;0;0;0
FR;8;2021-12-18;0;0;0;0;0;0;0;0;0;0
FR;8;2021-12-19;0;0;0;0;0;0;0;0;0;0
FR;8;2021-12-20;0;0;0;0;0;0;0;0;0;0
FR;8;2021-12-21;0;0;0;0;0;0;0;0;0;0
FR;8;2021-12-22;0;0;0;0;0;0;0;0;0;0
FR;8;2021-12-23;0;0;0;0;0;0;0;0;0;0
FR;8;2021-12-24;0;0;0;0;0;0;0;0;0;0
FR;8;2021-12-25;0;0;0;0;0;0;0;0;0;0
FR;8;2021-12-26;0;0;0;0;0;0;0;0;0;0
FR;8;2021-12-27;0;0;0;0;0;0;0;0;0;0
FR;8;2021-12-28;0;0;0;0;0;0;0;0;0;0
FR;8;2021-12-29;0;0;0;0;0;0;0;0;0;0
FR;8;2021-12-30;0;0;0;0;0;0;0;0;0;0
FR;8;2021-12-31;0;0;0;0;0;0;0;0;0;0
FR;8;2022-01-01;0;0;0;0;0;0;0;0;0;0
FR;8;2022-01-02;0;0;0;0;0;0;0;0;0;0
FR;8;2022-01-03;0;0;0;0;0;0;0;0;0;0
FR;8;2022-01-04;0;0;0;0;0;0;0;0;0;0
FR;8;2022-01-05;0;0;0;0;0;0;0;0;0;0
FR;8;2022-01-06;0;0;0;0;0;0;0;0;0;0
FR;8;2022-01-07;0;0;0;0;0;0;0;0;0;0
FR;8;2022-01-08;0;0;0;0;0;0;0;0;0;0
FR;8;2022-01-09;0;0;0;0;0;0;0;0;0;0
FR;8;2022-01-10;0;0;0;0;0;0;0;0;0;0
FR;8;2022-01-11;0;0;0;0;0;0;0;0;0;0
FR;8;2022-01-12;0;0;0;0;0;0;0;0;0;0
FR;8;2022-01-13;0;0;0;0;0;0;0;0;0;0
FR;8;2022-01-14;0;0;0;0;0;0;0;0;0;0
FR;8;2022-01-15;0;0;0;0;0;0;0;0;0;0
FR;8;2022-01-16;0;0;0;0;0;0;0;0;0;0
FR;8;2022-01-17;0;0;0;0;0;0;0;0;0;0
FR;8;2022-01-18;0;0;0;0;0;0;0;0;0;0
FR;8;2022-01-19;0;0;0;0;0;0;0;0;0;0
FR;8;2022-01-20;0;0;0;0;0;0;0;0;0;0
FR;8;2022-01-21;0;0;0;0;0;0;0;0;0;0
FR;8;2022-01-22;0;0;0;0;0;0;0;0;0;0
FR;8;2022-01-23;0;0;0;0;0;0;0;0;0;0
FR;8;2022-01-24;0;0;0;0;0;0;0;0;0;0
FR;8;2022-01-25;0;0;0;0;0;0;0;0;0;0
FR;8;2022-01-26;0;0;0;0;0;0;0;0;0;0
FR;8;2022-01-27;0;0;0;0;0;0;0;0;0;0
FR;8;2022-01-28;0;0;0;0;0;0;0;0;0;0
FR;8;2022-01-29;0;0;0;0;0;0;0;0;0;0
FR;8;2022-01-30;0;0;0;0;0;0;0;0;0;0
FR;8;2022-01-31;0;0;0;0;0;0;0;0;0;0
FR;8;2022-02-01;0;0;0;0;0;0;0;0;0;0
FR;8;2022-02-02;0;0;0;0;0;0;0;0;0;0
FR;8;2022-02-03;0;0;0;0;0;0;0;0;0;0
FR;8;2022-02-04;0;0;0;0;0;0;0;0;0;0
FR;8;2022-02-05;0;0;0;0;0;0;0;0;0;0
FR;8;2022-02-06;0;0;0;0;0;0;0;0;0;0
FR;8;2022-02-07;0;0;0;0;0;0;0;0;0;0
FR;8;2022-02-08;0;0;0;0;0;0;0;0;0;0
FR;8;2022-02-09;0;0;0;0;0;0;0;0;0;0
FR;8;2022-02-10;0;0;0;0;0;0;0;0;0;0
FR;8;2022-02-11;0;0;0;0;0;0;0;0;0;0
FR;8;2022-02-12;0;0;0;0;0;0;0;0;0;0
FR;8;2022-02-13;0;0;0;0;0;0;0;0;0;0
FR;8;2022-02-14;0;0;0;0;0;0;0;0;0;0
FR;8;2022-02-15;0;0;0;0;0;0;0;0;0;0
FR;8;2022-02-16;0;0;0;0;0;0;0;0;0;0
FR;8;2022-02-17;0;0;0;0;0;0;0;0;0;0
FR;8;2022-02-18;0;0;0;0;0;0;0;0;0;0
FR;8;2022-02-19;0;0;0;0;0;0;0;0;0;0
FR;8;2022-02-20;0;0;0;0;0;0;0;0;0;0
FR;8;2022-02-21;0;0;0;0;0;0;0;0;0;0
FR;8;2022-02-22;0;0;0;0;0;0;0;0;0;0
FR;8;2022-02-23;0;0;0;0;0;0;0;0;0;0
FR;8;2022-02-24;0;0;0;0;0;0;0;0;0;0
FR;8;2022-02-25;0;0;0;0;0;0;0;0;0;0
FR;8;2022-02-26;0;0;0;0;0;0;0;0;0;0
FR;8;2022-02-27;0;0;0;0;0;0;0;0;0;0
FR;8;2022-02-28;0;0;0;0;0;0;0;0;0;0
FR;8;2022-03-01;0;0;0;0;0;0;0;0;0;0
FR;8;2022-03-02;0;0;0;0;0;0;0;0;0;0
FR;8;2022-03-03;0;0;0;0;0;0;0;0;0;0
FR;8;2022-03-04;0;0;0;0;0;0;0;0;0;0
FR;8;2022-03-05;0;0;0;0;0;0;0;0;0;0
FR;8;2022-03-06;0;0;0;0;0;0;0;0;0;0
FR;8;2022-03-07;0;0;0;0;0;0;0;0;0;0
FR;8;2022-03-08;0;0;0;0;0;0;0;0;0;0
FR;8;2022-03-09;0;0;0;0;0;0;0;0;0;0
FR;8;2022-03-10;0;0;0;0;0;0;0;0;0;0
FR;8;2022-03-11;0;0;0;0;0;0;0;0;0;0
FR;8;2022-03-12;0;0;0;0;0;0;0;0;0;0
FR;8;2022-03-13;0;0;0;0;0;0;0;0;0;0
FR;8;2022-03-14;0;0;0;0;0;0;0;0;0;0
FR;8;2022-03-15;0;0;0;0;0;0;0;0;0;0
FR;8;2022-03-16;0;0;0;0;0;0;0;0;0;0
FR;8;2022-03-17;0;0;0;0;0;0;0;0;0;0
FR;8;2022-03-18;0;0;0;0;0;0;0;0;0;0
FR;8;2022-03-19;0;0;0;0;0;0;0;0;0;0
FR;8;2022-03-20;0;0;0;0;0;0;0;0;0;0
FR;8;2022-03-21;0;0;0;0;0;0;0;0;0;0
FR;8;2022-03-22;0;0;0;0;0;0;0;0;0;0
FR;8;2022-03-23;0;0;0;0;0;0;0;0;0;0
FR;8;2022-03-24;0;0;0;0;0;0;0;0;0;0
FR;8;2022-03-25;0;0;0;0;0;0;0;0;0;0
FR;8;2022-03-26;0;0;0;0;0;0;0;0;0;0
FR;8;2022-03-27;0;0;0;0;0;0;0;0;0;0
FR;8;2022-03-28;0;0;0;0;0;0;0;0;0;0
FR;8;2022-03-29;0;0;0;0;0;0;0;0;0;0
FR;8;2022-03-30;0;0;0;0;0;0;0;0;0;0
FR;8;2022-03-31;0;0;0;0;0;0;0;0;0;0
FR;8;2022-04-01;0;0;0;0;0;0;0;0;0;0
FR;8;2022-04-02;0;0;0;0;0;0;0;0;0;0
FR;8;2022-04-03;0;0;0;0;0;0;0;0;0;0
FR;8;2022-04-04;0;0;0;0;0;0;0;0;0;0
FR;8;2022-04-05;0;0;0;0;0;0;0;0;0;0
FR;8;2022-04-06;0;0;0;0;0;0;0;0;0;0
FR;8;2022-04-07;0;0;0;0;0;0;0;0;0;0
FR;8;2022-04-08;0;0;0;0;0;0;0;0;0;0
FR;8;2022-04-09;0;0;0;0;0;0;0;0;0;0
FR;8;2022-04-10;0;0;0;0;0;0;0;0;0;0
FR;8;2022-04-11;0;0;0;0;0;0;0;0;0;0
FR;8;2022-04-12;0;0;0;0;0;0;0;0;0;0
FR;8;2022-04-13;0;0;0;0;0;0;0;0;0;0
FR;8;2022-04-14;0;0;0;0;0;0;0;0;0;0
FR;8;2022-04-15;0;0;0;0;0;0;0;0;0;0
FR;8;2022-04-16;0;0;0;0;0;0;0;0;0;0
FR;8;2022-04-17;0;0;0;0;0;0;0;0;0;0
FR;8;2022-04-18;0;0;0;0;0;0;0;0;0;0
FR;8;2022-04-19;0;0;0;0;0;0;0;0;0;0
FR;8;2022-04-20;0;0;0;0;0;0;0;0;0;0
FR;8;2022-04-21;0;0;0;0;0;0;0;0;0;0
FR;8;2022-04-22;0;0;0;0;0;0;0;0;0;0
FR;8;2022-04-23;0;0;0;0;0;0;0;0;0;0
FR;8;2022-04-24;0;0;0;0;0;0;0;0;0;0
FR;8;2022-04-25;0;0;0;0;0;0;0;0;0;0
FR;8;2022-04-26;0;0;0;0;0;0;0;0;0;0
FR;8;2022-04-27;0;0;0;0;0;0;0;0;0;0
FR;8;2022-04-28;0;0;0;0;0;0;0;0;0;0
FR;8;2022-04-29;0;0;0;0;0;0;0;0;0;0
FR;8;2022-04-30;0;0;0;0;0;0;0;0;0;0
FR;8;2022-05-01;0;0;0;0;0;0;0;0;0;0
FR;8;2022-05-02;0;0;0;0;0;0;0;0;0;0
FR;8;2022-05-03;0;0;0;0;0;0;0;0;0;0
FR;8;2022-05-04;0;0;0;0;0;0;0;0;0;0
FR;8;2022-05-05;0;0;0;0;0;0;0;0;0;0
FR;8;2022-05-06;0;0;0;0;0;0;0;0;0;0
FR;8;2022-05-07;0;0;0;0;0;0;0;0;0;0
FR;8;2022-05-08;0;0;0;0;0;0;0;0;0;0
FR;8;2022-05-09;0;0;0;0;0;0;0;0;0;0
FR;8;2022-05-10;0;0;0;0;0;0;0;0;0;0
FR;8;2022-05-11;0;0;0;0;0;0;0;0;0;0
FR;8;2022-05-12;0;0;0;0;0;0;0;0;0;0
FR;8;2022-05-13;0;0;0;0;0;0;0;0;0;0
FR;8;2022-05-14;0;0;0;0;0;0;0;0;0;0
FR;8;2022-05-15;0;0;0;0;0;0;0;0;0;0
FR;8;2022-05-16;0;0;0;0;0;0;0;0;0;0
FR;8;2022-05-17;0;0;0;0;0;0;0;0;0;0
FR;8;2022-05-18;0;0;0;0;0;0;0;0;0;0
FR;8;2022-05-19;0;0;0;0;0;0;0;0;0;0
FR;8;2022-05-20;0;0;0;0;0;0;0;0;0;0
FR;8;2022-05-21;0;0;0;0;0;0;0;0;0;0
FR;8;2022-05-22;0;0;0;0;0;0;0;0;0;0
FR;8;2022-05-23;0;0;0;0;0;0;0;0;0;0
FR;8;2022-05-24;0;0;0;0;0;0;0;0;0;0
FR;8;2022-05-25;0;0;0;0;0;0;0;0;0;0
FR;8;2022-05-26;0;0;0;0;0;0;0;0;0;0
FR;8;2022-05-27;0;0;0;0;0;0;0;0;0;0
FR;8;2022-05-28;0;0;0;0;0;0;0;0;0;0
FR;8;2022-05-29;0;0;0;0;0;0;0;0;0;0
FR;8;2022-05-30;0;0;0;0;0;0;0;0;0;0
FR;8;2022-05-31;0;0;0;0;0;0;0;0;0;0
FR;8;2022-06-01;0;0;0;0;0;0;0;0;0;0
FR;8;2022-06-02;0;0;0;0;0;0;0;0;0;0
FR;8;2022-06-03;0;0;0;0;0;0;0;0;0;0
FR;8;2022-06-04;0;0;0;0;0;0;0;0;0;0
FR;8;2022-06-05;0;0;0;0;0;0;0;0;0;0
FR;8;2022-06-06;0;0;0;0;0;0;0;0;0;0
FR;8;2022-06-07;0;0;0;0;0;0;0;0;0;0
FR;8;2022-06-08;0;0;0;0;0;0;0;0;0;0
FR;8;2022-06-09;0;0;0;0;0;0;0;0;0;0
FR;8;2022-06-10;0;0;0;0;0;0;0;0;0;0
FR;8;2022-06-11;0;0;0;0;0;0;0;0;0;0
FR;8;2022-06-12;0;0;0;0;0;0;0;0;0;0
FR;8;2022-06-13;0;0;0;0;0;0;0;0;0;0
FR;8;2022-06-14;0;0;0;0;0;0;0;0;0;0
FR;8;2022-06-15;0;0;0;0;0;0;0;0;0;0
FR;8;2022-06-16;0;0;0;0;0;0;0;0;0;0
FR;8;2022-06-17;0;0;0;0;0;0;0;0;0;0
FR;8;2022-06-18;0;0;0;0;0;0;0;0;0;0
FR;8;2022-06-19;0;0;0;0;0;0;0;0;0;0
FR;8;2022-06-20;0;0;0;0;0;0;0;0;0;0
FR;8;2022-06-21;0;0;0;0;0;0;0;0;0;0
FR;8;2022-06-22;0;0;0;0;0;0;0;0;0;0
FR;8;2022-06-23;0;0;0;0;0;0;0;0;0;0
FR;8;2022-06-24;0;0;0;0;0;0;0;0;0;0
FR;8;2022-06-25;0;0;0;0;0;0;0;0;0;0
FR;8;2022-06-26;0;0;0;0;0;0;0;0;0;0
FR;8;2022-06-27;0;0;0;0;0;0;0;0;0;0
FR;8;2022-06-28;0;0;0;0;0;0;0;0;0;0
FR;8;2022-06-29;0;0;0;0;0;0;0;0;0;0
FR;8;2022-06-30;0;0;0;0;0;0;0;0;0;0
FR;8;2022-07-01;0;0;0;0;0;0;0;0;0;0
FR;8;2022-07-02;0;0;0;0;0;0;0;0;0;0
FR;8;2022-07-03;0;0;0;0;0;0;0;0;0;0
FR;8;2022-07-04;0;0;0;0;0;0;0;0;0;0
FR;8;2022-07-05;0;0;0;0;0;0;0;0;0;0
FR;8;2022-07-06;0;0;0;0;0;0;0;0;0;0
FR;8;2022-07-07;0;0;0;0;0;0;0;0;0;0
FR;8;2022-07-08;0;0;0;0;0;0;0;0;0;0
FR;8;2022-07-09;0;0;0;0;0;0;0;0;0;0
FR;8;2022-07-10;0;0;0;0;0;0;0;0;0;0
FR;8;2022-07-11;0;0;0;0;0;0;0;0;0;0
FR;8;2022-07-12;0;0;0;0;0;0;0;0;0;0
FR;8;2022-07-13;0;0;0;0;0;0;0;0;0;0
FR;8;2022-07-14;0;0;0;0;0;0;0;0;0;0
FR;8;2022-07-15;0;0;0;0;0;0;0;0;0;0
FR;8;2022-07-16;0;0;0;0;0;0;0;0;0;0
FR;8;2022-07-17;0;0;0;0;0;0;0;0;0;0
FR;8;2022-07-18;0;0;0;0;0;0;0;0;0;0
FR;8;2022-07-19;0;0;0;0;0;0;0;0;0;0
FR;8;2022-07-20;0;0;0;0;0;0;0;0;0;0
FR;8;2022-07-21;0;0;0;0;0;0;0;0;0;0
FR;8;2022-07-22;0;0;0;0;0;0;0;0;0;0
FR;8;2022-07-23;0;0;0;0;0;0;0;0;0;0
FR;8;2022-07-24;0;0;0;0;0;0;0;0;0;0
FR;8;2022-07-25;0;0;0;0;0;0;0;0;0;0
FR;8;2022-07-26;0;0;0;0;0;0;0;0;0;0
FR;8;2022-07-27;0;0;0;0;0;0;0;0;0;0
FR;8;2022-07-28;0;0;0;0;0;0;0;0;0;0
FR;8;2022-07-29;0;0;0;0;0;0;0;0;0;0
FR;8;2022-07-30;0;0;0;0;0;0;0;0;0;0
FR;8;2022-07-31;0;0;0;0;0;0;0;0;0;0
FR;8;2022-08-01;0;0;0;0;0;0;0;0;0;0
FR;8;2022-08-02;0;0;0;0;0;0;0;0;0;0
FR;8;2022-08-03;0;0;0;0;0;0;0;0;0;0
FR;8;2022-08-04;0;0;0;0;0;0;0;0;0;0
FR;8;2022-08-05;0;0;0;0;0;0;0;0;0;0
FR;8;2022-08-06;0;0;0;0;0;0;0;0;0;0
FR;8;2022-08-07;0;0;0;0;0;0;0;0;0;0
FR;8;2022-08-08;0;0;0;0;0;0;0;0;0;0
FR;8;2022-08-09;0;0;0;0;0;0;0;0;0;0
FR;8;2022-08-10;0;0;0;0;0;0;0;0;0;0
FR;8;2022-08-11;0;0;0;0;0;0;0;0;0;0
FR;8;2022-08-12;0;0;0;0;0;0;0;0;0;0
FR;8;2022-08-13;0;0;0;0;0;0;0;0;0;0
FR;8;2022-08-14;0;0;0;0;0;0;0;0;0;0
FR;8;2022-08-15;0;0;0;0;0;0;0;0;0;0
FR;8;2022-08-16;0;0;0;0;0;0;0;0;0;0
FR;8;2022-08-17;0;0;0;0;0;0;0;0;0;0
FR;8;2022-08-18;0;0;0;0;0;0;0;0;0;0
FR;8;2022-08-19;0;0;0;0;0;0;0;0;0;0
FR;8;2022-08-20;0;0;0;0;0;0;0;0;0;0
FR;8;2022-08-21;0;0;0;0;0;0;0;0;0;0
FR;8;2022-08-22;0;0;0;0;0;0;0;0;0;0
FR;8;2022-08-23;0;0;0;0;0;0;0;0;0;0
FR;8;2022-08-24;0;0;0;0;0;0;0;0;0;0
FR;8;2022-08-25;0;0;0;0;0;0;0;0;0;0
FR;8;2022-08-26;0;0;0;0;0;0;0;0;0;0
FR;8;2022-08-27;0;0;0;0;0;0;0;0;0;0
FR;8;2022-08-28;0;0;0;0;0;0;0;0;0;0
FR;8;2022-08-29;0;0;0;0;0;0;0;0;0;0
FR;8;2022-08-30;0;0;0;0;0;0;0;0;0;0
FR;8;2022-08-31;0;0;0;0;0;0;0;0;0;0
FR;8;2022-09-01;0;0;0;0;0;0;0;0;0;0
FR;8;2022-09-02;0;0;0;0;0;0;0;0;0;0
FR;8;2022-09-03;0;0;0;0;0;0;0;0;0;0
FR;8;2022-09-04;0;0;0;0;0;0;0;0;0;0
FR;8;2022-09-05;0;0;0;0;0;0;0;0;0;0
FR;8;2022-09-06;0;0;0;0;0;0;0;0;0;0
FR;8;2022-09-07;0;0;0;0;0;0;0;0;0;0
FR;8;2022-09-08;0;0;0;0;0;0;0;0;0;0
FR;8;2022-09-09;0;0;0;0;0;0;0;0;0;0
FR;8;2022-09-10;0;0;0;0;0;0;0;0;0;0
FR;8;2022-09-11;0;0;0;0;0;0;0;0;0;0
FR;8;2022-09-12;0;0;0;0;0;0;0;0;0;0
FR;8;2022-09-13;0;0;0;0;0;0;0;0;0;0
FR;8;2022-09-14;0;0;0;0;0;0;0;0;0;0
FR;8;2022-09-15;0;0;0;0;0;0;0;0;0;0
FR;8;2022-09-16;0;0;0;0;0;0;0;0;0;0
FR;8;2022-09-17;0;0;0;0;0;0;0;0;0;0
FR;8;2022-09-18;0;0;0;0;0;0;0;0;0;0
FR;8;2022-09-19;0;0;0;0;0;0;0;0;0;0
FR;8;2022-09-20;0;0;0;0;0;0;0;0;0;0
FR;8;2022-09-21;0;0;0;0;0;0;0;0;0;0
FR;8;2022-09-22;0;0;0;0;0;0;0;0;0;0
FR;8;2022-09-23;0;0;0;0;0;0;0;0;0;0
FR;8;2022-09-24;0;0;0;0;0;0;0;0;0;0
FR;8;2022-09-25;0;0;0;0;0;0;0;0;0;0
FR;8;2022-09-26;0;0;0;0;0;0;0;0;0;0
FR;8;2022-09-27;0;0;0;0;0;0;0;0;0;0
FR;8;2022-09-28;0;0;0;0;0;0;0;0;0;0
FR;8;2022-09-29;0;0;0;0;0;0;0;0;0;0
FR;8;2022-09-30;0;0;0;0;0;0;0;0;0;0
FR;8;2022-10-01;0;0;0;0;0;0;0;0;0;0
FR;8;2022-10-02;0;0;0;0;0;0;0;0;0;0
FR;8;2022-10-03;0;0;0;0;0;0;0;0;0;0
FR;8;2022-10-04;0;0;0;0;0;0;0;0;0;0
FR;8;2022-10-05;0;0;0;0;0;0;0;0;0;0
FR;8;2022-10-06;7;15;99;805;73;7;15;99;805;73
FR;8;2022-10-07;68;97;820;7938;692;75;112;919;8743;765
FR;8;2022-10-08;34;114;608;4010;511;109;226;1527;12753;1276
FR;8;2022-10-09;17;22;144;864;129;126;248;1671;13617;1405
FR;8;2022-10-10;109;188;1311;12477;1004;235;436;2982;26094;2409
FR;8;2022-10-11;167;254;2439;26478;1955;402;690;5421;52572;4364
FR;8;2022-10-12;141;237;1812;17975;1414;543;927;7233;70547;5778
FR;8;2022-10-13;198;264;2433;27530;1834;741;1191;9666;98077;7612
FR;8;2022-10-14;239;398;3169;35364;2462;980;1589;12835;133441;10074
FR;8;2022-10-15;92;163;1126;8477;943;1072;1752;13961;141918;11017
FR;8;2022-10-16;28;46;213;1427;188;1100;1798;14174;143345;11205
FR;9;2020-12-27;0;0;0;0;0;0;0;0;0;0
FR;9;2020-12-28;0;0;0;0;0;0;0;0;0;0
FR;9;2020-12-29;0;0;0;0;0;0;0;0;0;0
FR;9;2020-12-30;0;0;0;0;0;0;0;0;0;0
FR;9;2020-12-31;0;0;0;0;0;0;0;0;0;0
FR;9;2021-01-01;0;0;0;0;0;0;0;0;0;0
FR;9;2021-01-02;0;0;0;0;0;0;0;0;0;0
FR;9;2021-01-03;0;0;0;0;0;0;0;0;0;0
FR;9;2021-01-04;0;0;0;0;0;0;0;0;0;0
FR;9;2021-01-05;0;0;0;0;0;0;0;0;0;0
FR;9;2021-01-06;0;0;0;0;0;0;0;0;0;0
FR;9;2021-01-07;0;0;0;0;0;0;0;0;0;0
FR;9;2021-01-08;0;0;0;0;0;0;0;0;0;0
FR;9;2021-01-09;0;0;0;0;0;0;0;0;0;0
FR;9;2021-01-10;0;0;0;0;0;0;0;0;0;0
FR;9;2021-01-11;0;0;0;0;0;0;0;0;0;0
FR;9;2021-01-12;0;0;0;0;0;0;0;0;0;0
FR;9;2021-01-13;0;0;0;0;0;0;0;0;0;0
FR;9;2021-01-14;0;0;0;0;0;0;0;0;0;0
FR;9;2021-01-15;0;0;0;0;0;0;0;0;0;0
FR;9;2021-01-16;0;0;0;0;0;0;0;0;0;0
FR;9;2021-01-17;0;0;0;0;0;0;0;0;0;0
FR;9;2021-01-18;0;0;0;0;0;0;0;0;0;0
FR;9;2021-01-19;0;0;0;0;0;0;0;0;0;0
FR;9;2021-01-20;0;0;0;0;0;0;0;0;0;0
FR;9;2021-01-21;0;0;0;0;0;0;0;0;0;0
FR;9;2021-01-22;0;0;0;0;0;0;0;0;0;0
FR;9;2021-01-23;0;0;0;0;0;0;0;0;0;0
FR;9;2021-01-24;0;0;0;0;0;0;0;0;0;0
FR;9;2021-01-25;0;0;0;0;0;0;0;0;0;0
FR;9;2021-01-26;0;0;0;0;0;0;0;0;0;0
FR;9;2021-01-27;0;0;0;0;0;0;0;0;0;0
FR;9;2021-01-28;0;0;0;0;0;0;0;0;0;0
FR;9;2021-01-29;0;0;0;0;0;0;0;0;0;0
FR;9;2021-01-30;0;0;0;0;0;0;0;0;0;0
FR;9;2021-01-31;0;0;0;0;0;0;0;0;0;0
FR;9;2021-02-01;0;0;0;0;0;0;0;0;0;0
FR;9;2021-02-02;0;0;0;0;0;0;0;0;0;0
FR;9;2021-02-03;0;0;0;0;0;0;0;0;0;0
FR;9;2021-02-04;0;0;0;0;0;0;0;0;0;0
FR;9;2021-02-05;0;0;0;0;0;0;0;0;0;0
FR;9;2021-02-06;0;0;0;0;0;0;0;0;0;0
FR;9;2021-02-07;0;0;0;0;0;0;0;0;0;0
FR;9;2021-02-08;0;0;0;0;0;0;0;0;0;0
FR;9;2021-02-09;0;0;0;0;0;0;0;0;0;0
FR;9;2021-02-10;0;0;0;0;0;0;0;0;0;0
FR;9;2021-02-11;0;0;0;0;0;0;0;0;0;0
FR;9;2021-02-12;0;0;0;0;0;0;0;0;0;0
FR;9;2021-02-13;0;0;0;0;0;0;0;0;0;0
FR;9;2021-02-14;0;0;0;0;0;0;0;0;0;0
FR;9;2021-02-15;0;0;0;0;0;0;0;0;0;0
FR;9;2021-02-16;0;0;0;0;0;0;0;0;0;0
FR;9;2021-02-17;0;0;0;0;0;0;0;0;0;0
FR;9;2021-02-18;0;0;0;0;0;0;0;0;0;0
FR;9;2021-02-19;0;0;0;0;0;0;0;0;0;0
FR;9;2021-02-20;0;0;0;0;0;0;0;0;0;0
FR;9;2021-02-21;0;0;0;0;0;0;0;0;0;0
FR;9;2021-02-22;0;0;0;0;0;0;0;0;0;0
FR;9;2021-02-23;0;0;0;0;0;0;0;0;0;0
FR;9;2021-02-24;0;0;0;0;0;0;0;0;0;0
FR;9;2021-02-25;0;0;0;0;0;0;0;0;0;0
FR;9;2021-02-26;0;0;0;0;0;0;0;0;0;0
FR;9;2021-02-27;0;0;0;0;0;0;0;0;0;0
FR;9;2021-02-28;0;0;0;0;0;0;0;0;0;0
FR;9;2021-03-01;0;0;0;0;0;0;0;0;0;0
FR;9;2021-03-02;0;0;0;0;0;0;0;0;0;0
FR;9;2021-03-03;0;0;0;0;0;0;0;0;0;0
FR;9;2021-03-04;0;0;0;0;0;0;0;0;0;0
FR;9;2021-03-05;0;0;0;0;0;0;0;0;0;0
FR;9;2021-03-06;0;0;0;0;0;0;0;0;0;0
FR;9;2021-03-07;0;0;0;0;0;0;0;0;0;0
FR;9;2021-03-08;0;0;0;0;0;0;0;0;0;0
FR;9;2021-03-09;0;0;0;0;0;0;0;0;0;0
FR;9;2021-03-10;0;0;0;0;0;0;0;0;0;0
FR;9;2021-03-11;0;0;0;0;0;0;0;0;0;0
FR;9;2021-03-12;0;0;0;0;0;0;0;0;0;0
FR;9;2021-03-13;0;0;0;0;0;0;0;0;0;0
FR;9;2021-03-14;0;0;0;0;0;0;0;0;0;0
FR;9;2021-03-15;0;0;0;0;0;0;0;0;0;0
FR;9;2021-03-16;0;0;0;0;0;0;0;0;0;0
FR;9;2021-03-17;0;0;0;0;0;0;0;0;0;0
FR;9;2021-03-18;0;0;0;0;0;0;0;0;0;0
FR;9;2021-03-19;0;0;0;0;0;0;0;0;0;0
FR;9;2021-03-20;0;0;0;0;0;0;0;0;0;0
FR;9;2021-03-21;0;0;0;0;0;0;0;0;0;0
FR;9;2021-03-22;0;0;0;0;0;0;0;0;0;0
FR;9;2021-03-23;0;0;0;0;0;0;0;0;0;0
FR;9;2021-03-24;0;0;0;0;0;0;0;0;0;0
FR;9;2021-03-25;0;0;0;0;0;0;0;0;0;0
FR;9;2021-03-26;0;0;0;0;0;0;0;0;0;0
FR;9;2021-03-27;0;0;0;0;0;0;0;0;0;0
FR;9;2021-03-28;0;0;0;0;0;0;0;0;0;0
FR;9;2021-03-29;0;0;0;0;0;0;0;0;0;0
FR;9;2021-03-30;0;0;0;0;0;0;0;0;0;0
FR;9;2021-03-31;0;0;0;0;0;0;0;0;0;0
FR;9;2021-04-01;0;0;0;0;0;0;0;0;0;0
FR;9;2021-04-02;0;0;0;0;0;0;0;0;0;0
FR;9;2021-04-03;0;0;0;0;0;0;0;0;0;0
FR;9;2021-04-04;0;0;0;0;0;0;0;0;0;0
FR;9;2021-04-05;0;0;0;0;0;0;0;0;0;0
FR;9;2021-04-06;0;0;0;0;0;0;0;0;0;0
FR;9;2021-04-07;0;0;0;0;0;0;0;0;0;0
FR;9;2021-04-08;0;0;0;0;0;0;0;0;0;0
FR;9;2021-04-09;0;0;0;0;0;0;0;0;0;0
FR;9;2021-04-10;0;0;0;0;0;0;0;0;0;0
FR;9;2021-04-11;0;0;0;0;0;0;0;0;0;0
FR;9;2021-04-12;0;0;0;0;0;0;0;0;0;0
FR;9;2021-04-13;0;0;0;0;0;0;0;0;0;0
FR;9;2021-04-14;0;0;0;0;0;0;0;0;0;0
FR;9;2021-04-15;0;0;0;0;0;0;0;0;0;0
FR;9;2021-04-16;0;0;0;0;0;0;0;0;0;0
FR;9;2021-04-17;0;0;0;0;0;0;0;0;0;0
FR;9;2021-04-18;0;0;0;0;0;0;0;0;0;0
FR;9;2021-04-19;0;0;0;0;0;0;0;0;0;0
FR;9;2021-04-20;0;0;0;0;0;0;0;0;0;0
FR;9;2021-04-21;0;0;0;0;0;0;0;0;0;0
FR;9;2021-04-22;0;0;0;0;0;0;0;0;0;0
FR;9;2021-04-23;0;0;0;0;0;0;0;0;0;0
FR;9;2021-04-24;0;0;0;0;0;0;0;0;0;0
FR;9;2021-04-25;0;0;0;0;0;0;0;0;0;0
FR;9;2021-04-26;0;0;0;0;0;0;0;0;0;0
FR;9;2021-04-27;0;0;0;0;0;0;0;0;0;0
FR;9;2021-04-28;0;0;0;0;0;0;0;0;0;0
FR;9;2021-04-29;0;0;0;0;0;0;0;0;0;0
FR;9;2021-04-30;0;0;0;0;0;0;0;0;0;0
FR;9;2021-05-01;0;0;0;0;0;0;0;0;0;0
FR;9;2021-05-02;0;0;0;0;0;0;0;0;0;0
FR;9;2021-05-03;0;0;0;0;0;0;0;0;0;0
FR;9;2021-05-04;0;0;0;0;0;0;0;0;0;0
FR;9;2021-05-05;0;0;0;0;0;0;0;0;0;0
FR;9;2021-05-06;0;0;0;0;0;0;0;0;0;0
FR;9;2021-05-07;0;0;0;0;0;0;0;0;0;0
FR;9;2021-05-08;0;0;0;0;0;0;0;0;0;0
FR;9;2021-05-09;0;0;0;0;0;0;0;0;0;0
FR;9;2021-05-10;0;0;0;0;0;0;0;0;0;0
FR;9;2021-05-11;0;0;0;0;0;0;0;0;0;0
FR;9;2021-05-12;0;0;0;0;0;0;0;0;0;0
FR;9;2021-05-13;0;0;0;0;0;0;0;0;0;0
FR;9;2021-05-14;0;0;0;0;0;0;0;0;0;0
FR;9;2021-05-15;0;0;0;0;0;0;0;0;0;0
FR;9;2021-05-16;0;0;0;0;0;0;0;0;0;0
FR;9;2021-05-17;0;0;0;0;0;0;0;0;0;0
FR;9;2021-05-18;0;0;0;0;0;0;0;0;0;0
FR;9;2021-05-19;0;0;0;0;0;0;0;0;0;0
FR;9;2021-05-20;0;0;0;0;0;0;0;0;0;0
FR;9;2021-05-21;0;0;0;0;0;0;0;0;0;0
FR;9;2021-05-22;0;0;0;0;0;0;0;0;0;0
FR;9;2021-05-23;0;0;0;0;0;0;0;0;0;0
FR;9;2021-05-24;0;0;0;0;0;0;0;0;0;0
FR;9;2021-05-25;0;0;0;0;0;0;0;0;0;0
FR;9;2021-05-26;0;0;0;0;0;0;0;0;0;0
FR;9;2021-05-27;0;0;0;0;0;0;0;0;0;0
FR;9;2021-05-28;0;0;0;0;0;0;0;0;0;0
FR;9;2021-05-29;0;0;0;0;0;0;0;0;0;0
FR;9;2021-05-30;0;0;0;0;0;0;0;0;0;0
FR;9;2021-05-31;0;0;0;0;0;0;0;0;0;0
FR;9;2021-06-01;0;0;0;0;0;0;0;0;0;0
FR;9;2021-06-02;0;0;0;0;0;0;0;0;0;0
FR;9;2021-06-03;0;0;0;0;0;0;0;0;0;0
FR;9;2021-06-04;0;0;0;0;0;0;0;0;0;0
FR;9;2021-06-05;0;0;0;0;0;0;0;0;0;0
FR;9;2021-06-06;0;0;0;0;0;0;0;0;0;0
FR;9;2021-06-07;0;0;0;0;0;0;0;0;0;0
FR;9;2021-06-08;0;0;0;0;0;0;0;0;0;0
FR;9;2021-06-09;0;0;0;0;0;0;0;0;0;0
FR;9;2021-06-10;0;0;0;0;0;0;0;0;0;0
FR;9;2021-06-11;0;0;0;0;0;0;0;0;0;0
FR;9;2021-06-12;0;0;0;0;0;0;0;0;0;0
FR;9;2021-06-13;0;0;0;0;0;0;0;0;0;0
FR;9;2021-06-14;0;0;0;0;0;0;0;0;0;0
FR;9;2021-06-15;0;0;0;0;0;0;0;0;0;0
FR;9;2021-06-16;0;0;0;0;0;0;0;0;0;0
FR;9;2021-06-17;0;0;0;0;0;0;0;0;0;0
FR;9;2021-06-18;0;0;0;0;0;0;0;0;0;0
FR;9;2021-06-19;0;0;0;0;0;0;0;0;0;0
FR;9;2021-06-20;0;0;0;0;0;0;0;0;0;0
FR;9;2021-06-21;0;0;0;0;0;0;0;0;0;0
FR;9;2021-06-22;0;0;0;0;0;0;0;0;0;0
FR;9;2021-06-23;0;0;0;0;0;0;0;0;0;0
FR;9;2021-06-24;0;0;0;0;0;0;0;0;0;0
FR;9;2021-06-25;0;0;0;0;0;0;0;0;0;0
FR;9;2021-06-26;0;0;0;0;0;0;0;0;0;0
FR;9;2021-06-27;0;0;0;0;0;0;0;0;0;0
FR;9;2021-06-28;0;0;0;0;0;0;0;0;0;0
FR;9;2021-06-29;0;0;0;0;0;0;0;0;0;0
FR;9;2021-06-30;0;0;0;0;0;0;0;0;0;0
FR;9;2021-07-01;0;0;0;0;0;0;0;0;0;0
FR;9;2021-07-02;0;0;0;0;0;0;0;0;0;0
FR;9;2021-07-03;0;0;0;0;0;0;0;0;0;0
FR;9;2021-07-04;0;0;0;0;0;0;0;0;0;0
FR;9;2021-07-05;0;0;0;0;0;0;0;0;0;0
FR;9;2021-07-06;0;0;0;0;0;0;0;0;0;0
FR;9;2021-07-07;0;0;0;0;0;0;0;0;0;0
FR;9;2021-07-08;0;0;0;0;0;0;0;0;0;0
FR;9;2021-07-09;0;0;0;0;0;0;0;0;0;0
FR;9;2021-07-10;0;0;0;0;0;0;0;0;0;0
FR;9;2021-07-11;0;0;0;0;0;0;0;0;0;0
FR;9;2021-07-12;0;0;0;0;0;0;0;0;0;0
FR;9;2021-07-13;0;0;0;0;0;0;0;0;0;0
FR;9;2021-07-14;0;0;0;0;0;0;0;0;0;0
FR;9;2021-07-15;0;0;0;0;0;0;0;0;0;0
FR;9;2021-07-16;0;0;0;0;0;0;0;0;0;0
FR;9;2021-07-17;0;0;0;0;0;0;0;0;0;0
FR;9;2021-07-18;0;0;0;0;0;0;0;0;0;0
FR;9;2021-07-19;0;0;0;0;0;0;0;0;0;0
FR;9;2021-07-20;0;0;0;0;0;0;0;0;0;0
FR;9;2021-07-21;0;0;0;0;0;0;0;0;0;0
FR;9;2021-07-22;0;0;0;0;0;0;0;0;0;0
FR;9;2021-07-23;0;0;0;0;0;0;0;0;0;0
FR;9;2021-07-24;0;0;0;0;0;0;0;0;0;0
FR;9;2021-07-25;0;0;0;0;0;0;0;0;0;0
FR;9;2021-07-26;0;0;0;0;0;0;0;0;0;0
FR;9;2021-07-27;0;0;0;0;0;0;0;0;0;0
FR;9;2021-07-28;0;0;0;0;0;0;0;0;0;0
FR;9;2021-07-29;0;0;0;0;0;0;0;0;0;0
FR;9;2021-07-30;0;0;0;0;0;0;0;0;0;0
FR;9;2021-07-31;0;0;0;0;0;0;0;0;0;0
FR;9;2021-08-01;0;0;0;0;0;0;0;0;0;0
FR;9;2021-08-02;0;0;0;0;0;0;0;0;0;0
FR;9;2021-08-03;0;0;0;0;0;0;0;0;0;0
FR;9;2021-08-04;0;0;0;0;0;0;0;0;0;0
FR;9;2021-08-05;0;0;0;0;0;0;0;0;0;0
FR;9;2021-08-06;0;0;0;0;0;0;0;0;0;0
FR;9;2021-08-07;0;0;0;0;0;0;0;0;0;0
FR;9;2021-08-08;0;0;0;0;0;0;0;0;0;0
FR;9;2021-08-09;0;0;0;0;0;0;0;0;0;0
FR;9;2021-08-10;0;0;0;0;0;0;0;0;0;0
FR;9;2021-08-11;0;0;0;0;0;0;0;0;0;0
FR;9;2021-08-12;0;0;0;0;0;0;0;0;0;0
FR;9;2021-08-13;0;0;0;0;0;0;0;0;0;0
FR;9;2021-08-14;0;0;0;0;0;0;0;0;0;0
FR;9;2021-08-15;0;0;0;0;0;0;0;0;0;0
FR;9;2021-08-16;0;0;0;0;0;0;0;0;0;0
FR;9;2021-08-17;0;0;0;0;0;0;0;0;0;0
FR;9;2021-08-18;0;0;0;0;0;0;0;0;0;0
FR;9;2021-08-19;0;0;0;0;0;0;0;0;0;0
FR;9;2021-08-20;0;0;0;0;0;0;0;0;0;0
FR;9;2021-08-21;0;0;0;0;0;0;0;0;0;0
FR;9;2021-08-22;0;0;0;0;0;0;0;0;0;0
FR;9;2021-08-23;0;0;0;0;0;0;0;0;0;0
FR;9;2021-08-24;0;0;0;0;0;0;0;0;0;0
FR;9;2021-08-25;0;0;0;0;0;0;0;0;0;0
FR;9;2021-08-26;0;0;0;0;0;0;0;0;0;0
FR;9;2021-08-27;0;0;0;0;0;0;0;0;0;0
FR;9;2021-08-28;0;0;0;0;0;0;0;0;0;0
FR;9;2021-08-29;0;0;0;0;0;0;0;0;0;0
FR;9;2021-08-30;0;0;0;0;0;0;0;0;0;0
FR;9;2021-08-31;0;0;0;0;0;0;0;0;0;0
FR;9;2021-09-01;0;0;0;0;0;0;0;0;0;0
FR;9;2021-09-02;0;0;0;0;0;0;0;0;0;0
FR;9;2021-09-03;0;0;0;0;0;0;0;0;0;0
FR;9;2021-09-04;0;0;0;0;0;0;0;0;0;0
FR;9;2021-09-05;0;0;0;0;0;0;0;0;0;0
FR;9;2021-09-06;0;0;0;0;0;0;0;0;0;0
FR;9;2021-09-07;0;0;0;0;0;0;0;0;0;0
FR;9;2021-09-08;0;0;0;0;0;0;0;0;0;0
FR;9;2021-09-09;0;0;0;0;0;0;0;0;0;0
FR;9;2021-09-10;0;0;0;0;0;0;0;0;0;0
FR;9;2021-09-11;0;0;0;0;0;0;0;0;0;0
FR;9;2021-09-12;0;0;0;0;0;0;0;0;0;0
FR;9;2021-09-13;0;0;0;0;0;0;0;0;0;0
FR;9;2021-09-14;0;0;0;0;0;0;0;0;0;0
FR;9;2021-09-15;0;0;0;0;0;0;0;0;0;0
FR;9;2021-09-16;0;0;0;0;0;0;0;0;0;0
FR;9;2021-09-17;0;0;0;0;0;0;0;0;0;0
FR;9;2021-09-18;0;0;0;0;0;0;0;0;0;0
FR;9;2021-09-19;0;0;0;0;0;0;0;0;0;0
FR;9;2021-09-20;0;0;0;0;0;0;0;0;0;0
FR;9;2021-09-21;0;0;0;0;0;0;0;0;0;0
FR;9;2021-09-22;0;0;0;0;0;0;0;0;0;0
FR;9;2021-09-23;0;0;0;0;0;0;0;0;0;0
FR;9;2021-09-24;0;0;0;0;0;0;0;0;0;0
FR;9;2021-09-25;0;0;0;0;0;0;0;0;0;0
FR;9;2021-09-26;0;0;0;0;0;0;0;0;0;0
FR;9;2021-09-27;0;0;0;0;0;0;0;0;0;0
FR;9;2021-09-28;0;0;0;0;0;0;0;0;0;0
FR;9;2021-09-29;0;0;0;0;0;0;0;0;0;0
FR;9;2021-09-30;0;0;0;0;0;0;0;0;0;0
FR;9;2021-10-01;0;0;0;0;0;0;0;0;0;0
FR;9;2021-10-02;0;0;0;0;0;0;0;0;0;0
FR;9;2021-10-03;0;0;0;0;0;0;0;0;0;0
FR;9;2021-10-04;0;0;0;0;0;0;0;0;0;0
FR;9;2021-10-05;0;0;0;0;0;0;0;0;0;0
FR;9;2021-10-06;0;0;0;0;0;0;0;0;0;0
FR;9;2021-10-07;0;0;0;0;0;0;0;0;0;0
FR;9;2021-10-08;0;0;0;0;0;0;0;0;0;0
FR;9;2021-10-09;0;0;0;0;0;0;0;0;0;0
FR;9;2021-10-10;0;0;0;0;0;0;0;0;0;0
FR;9;2021-10-11;0;0;0;0;0;0;0;0;0;0
FR;9;2021-10-12;0;0;0;0;0;0;0;0;0;0
FR;9;2021-10-13;0;0;0;0;0;0;0;0;0;0
FR;9;2021-10-14;0;0;0;0;0;0;0;0;0;0
FR;9;2021-10-15;0;0;0;0;0;0;0;0;0;0
FR;9;2021-10-16;0;0;0;0;0;0;0;0;0;0
FR;9;2021-10-17;0;0;0;0;0;0;0;0;0;0
FR;9;2021-10-18;0;0;0;0;0;0;0;0;0;0
FR;9;2021-10-19;0;0;0;0;0;0;0;0;0;0
FR;9;2021-10-20;0;0;0;0;0;0;0;0;0;0
FR;9;2021-10-21;0;0;0;0;0;0;0;0;0;0
FR;9;2021-10-22;0;0;0;0;0;0;0;0;0;0
FR;9;2021-10-23;0;0;0;0;0;0;0;0;0;0
FR;9;2021-10-24;0;0;0;0;0;0;0;0;0;0
FR;9;2021-10-25;0;0;0;0;0;0;0;0;0;0
FR;9;2021-10-26;0;0;0;0;0;0;0;0;0;0
FR;9;2021-10-27;0;0;0;0;0;0;0;0;0;0
FR;9;2021-10-28;0;0;0;0;0;0;0;0;0;0
FR;9;2021-10-29;0;0;0;0;0;0;0;0;0;0
FR;9;2021-10-30;0;0;0;0;0;0;0;0;0;0
FR;9;2021-10-31;0;0;0;0;0;0;0;0;0;0
FR;9;2021-11-01;0;0;0;0;0;0;0;0;0;0
FR;9;2021-11-02;0;0;0;0;0;0;0;0;0;0
FR;9;2021-11-03;0;0;0;0;0;0;0;0;0;0
FR;9;2021-11-04;0;0;0;0;0;0;0;0;0;0
FR;9;2021-11-05;0;0;0;0;0;0;0;0;0;0
FR;9;2021-11-06;0;0;0;0;0;0;0;0;0;0
FR;9;2021-11-07;0;0;0;0;0;0;0;0;0;0
FR;9;2021-11-08;0;0;0;0;0;0;0;0;0;0
FR;9;2021-11-09;0;0;0;0;0;0;0;0;0;0
FR;9;2021-11-10;0;0;0;0;0;0;0;0;0;0
FR;9;2021-11-11;0;0;0;0;0;0;0;0;0;0
FR;9;2021-11-12;0;0;0;0;0;0;0;0;0;0
FR;9;2021-11-13;0;0;0;0;0;0;0;0;0;0
FR;9;2021-11-14;0;0;0;0;0;0;0;0;0;0
FR;9;2021-11-15;0;0;0;0;0;0;0;0;0;0
FR;9;2021-11-16;0;0;0;0;0;0;0;0;0;0
FR;9;2021-11-17;0;0;0;0;0;0;0;0;0;0
FR;9;2021-11-18;0;0;0;0;0;0;0;0;0;0
FR;9;2021-11-19;0;0;0;0;0;0;0;0;0;0
FR;9;2021-11-20;0;0;0;0;0;0;0;0;0;0
FR;9;2021-11-21;0;0;0;0;0;0;0;0;0;0
FR;9;2021-11-22;0;0;0;0;0;0;0;0;0;0
FR;9;2021-11-23;0;0;0;0;0;0;0;0;0;0
FR;9;2021-11-24;0;0;0;0;0;0;0;0;0;0
FR;9;2021-11-25;0;0;0;0;0;0;0;0;0;0
FR;9;2021-11-26;0;0;0;0;0;0;0;0;0;0
FR;9;2021-11-27;0;0;0;0;0;0;0;0;0;0
FR;9;2021-11-28;0;0;0;0;0;0;0;0;0;0
FR;9;2021-11-29;0;0;0;0;0;0;0;0;0;0
FR;9;2021-11-30;0;0;0;0;0;0;0;0;0;0
FR;9;2021-12-01;0;0;0;0;0;0;0;0;0;0
FR;9;2021-12-02;0;0;0;0;0;0;0;0;0;0
FR;9;2021-12-03;0;0;0;0;0;0;0;0;0;0
FR;9;2021-12-04;0;0;0;0;0;0;0;0;0;0
FR;9;2021-12-05;0;0;0;0;0;0;0;0;0;0
FR;9;2021-12-06;0;0;0;0;0;0;0;0;0;0
FR;9;2021-12-07;0;0;0;0;0;0;0;0;0;0
FR;9;2021-12-08;0;0;0;0;0;0;0;0;0;0
FR;9;2021-12-09;0;0;0;0;0;0;0;0;0;0
FR;9;2021-12-10;0;0;0;0;0;0;0;0;0;0
FR;9;2021-12-11;0;0;0;0;0;0;0;0;0;0
FR;9;2021-12-12;0;0;0;0;0;0;0;0;0;0
FR;9;2021-12-13;0;0;0;0;0;0;0;0;0;0
FR;9;2021-12-14;0;0;0;0;0;0;0;0;0;0
FR;9;2021-12-15;0;0;0;0;0;0;0;0;0;0
FR;9;2021-12-16;0;0;0;0;0;0;0;0;0;0
FR;9;2021-12-17;0;0;0;0;0;0;0;0;0;0
FR;9;2021-12-18;0;0;0;0;0;0;0;0;0;0
FR;9;2021-12-19;0;0;0;0;0;0;0;0;0;0
FR;9;2021-12-20;0;0;0;0;0;0;0;0;0;0
FR;9;2021-12-21;0;0;0;0;0;0;0;0;0;0
FR;9;2021-12-22;0;0;0;0;0;0;0;0;0;0
FR;9;2021-12-23;0;0;0;0;0;0;0;0;0;0
FR;9;2021-12-24;0;0;0;0;0;0;0;0;0;0
FR;9;2021-12-25;0;0;0;0;0;0;0;0;0;0
FR;9;2021-12-26;0;0;0;0;0;0;0;0;0;0
FR;9;2021-12-27;0;0;0;0;0;0;0;0;0;0
FR;9;2021-12-28;0;0;0;0;0;0;0;0;0;0
FR;9;2021-12-29;0;0;0;0;0;0;0;0;0;0
FR;9;2021-12-30;0;0;0;0;0;0;0;0;0;0
FR;9;2021-12-31;0;0;0;0;0;0;0;0;0;0
FR;9;2022-01-01;0;0;0;0;0;0;0;0;0;0
FR;9;2022-01-02;0;0;0;0;0;0;0;0;0;0
FR;9;2022-01-03;0;0;0;0;0;0;0;0;0;0
FR;9;2022-01-04;0;0;0;0;0;0;0;0;0;0
FR;9;2022-01-05;0;0;0;0;0;0;0;0;0;0
FR;9;2022-01-06;0;0;0;0;0;0;0;0;0;0
FR;9;2022-01-07;0;0;0;0;0;0;0;0;0;0
FR;9;2022-01-08;0;0;0;0;0;0;0;0;0;0
FR;9;2022-01-09;0;0;0;0;0;0;0;0;0;0
FR;9;2022-01-10;0;0;0;0;0;0;0;0;0;0
FR;9;2022-01-11;0;0;0;0;0;0;0;0;0;0
FR;9;2022-01-12;0;0;0;0;0;0;0;0;0;0
FR;9;2022-01-13;0;0;0;0;0;0;0;0;0;0
FR;9;2022-01-14;0;0;0;0;0;0;0;0;0;0
FR;9;2022-01-15;0;0;0;0;0;0;0;0;0;0
FR;9;2022-01-16;0;0;0;0;0;0;0;0;0;0
FR;9;2022-01-17;0;0;0;0;0;0;0;0;0;0
FR;9;2022-01-18;0;0;0;0;0;0;0;0;0;0
FR;9;2022-01-19;0;0;0;0;0;0;0;0;0;0
FR;9;2022-01-20;0;0;0;0;0;0;0;0;0;0
FR;9;2022-01-21;0;0;0;0;0;0;0;0;0;0
FR;9;2022-01-22;0;0;0;0;0;0;0;0;0;0
FR;9;2022-01-23;0;0;0;0;0;0;0;0;0;0
FR;9;2022-01-24;0;0;0;0;0;0;0;0;0;0
FR;9;2022-01-25;0;0;0;0;0;0;0;0;0;0
FR;9;2022-01-26;0;0;0;0;0;0;0;0;0;0
FR;9;2022-01-27;0;0;0;0;0;0;0;0;0;0
FR;9;2022-01-28;0;0;0;0;0;0;0;0;0;0
FR;9;2022-01-29;0;0;0;0;0;0;0;0;0;0
FR;9;2022-01-30;0;0;0;0;0;0;0;0;0;0
FR;9;2022-01-31;0;0;0;0;0;0;0;0;0;0
FR;9;2022-02-01;0;0;0;0;0;0;0;0;0;0
FR;9;2022-02-02;0;0;0;0;0;0;0;0;0;0
FR;9;2022-02-03;0;0;0;0;0;0;0;0;0;0
FR;9;2022-02-04;0;0;0;0;0;0;0;0;0;0
FR;9;2022-02-05;0;0;0;0;0;0;0;0;0;0
FR;9;2022-02-06;0;0;0;0;0;0;0;0;0;0
FR;9;2022-02-07;0;0;0;0;0;0;0;0;0;0
FR;9;2022-02-08;0;0;0;0;0;0;0;0;0;0
FR;9;2022-02-09;0;0;0;0;0;0;0;0;0;0
FR;9;2022-02-10;0;0;0;0;0;0;0;0;0;0
FR;9;2022-02-11;0;0;0;0;0;0;0;0;0;0
FR;9;2022-02-12;0;0;0;0;0;0;0;0;0;0
FR;9;2022-02-13;0;0;0;0;0;0;0;0;0;0
FR;9;2022-02-14;0;0;0;0;0;0;0;0;0;0
FR;9;2022-02-15;0;0;0;0;0;0;0;0;0;0
FR;9;2022-02-16;0;0;0;0;0;0;0;0;0;0
FR;9;2022-02-17;0;0;0;0;0;0;0;0;0;0
FR;9;2022-02-18;0;0;0;0;0;0;0;0;0;0
FR;9;2022-02-19;0;0;0;0;0;0;0;0;0;0
FR;9;2022-02-20;0;0;0;0;0;0;0;0;0;0
FR;9;2022-02-21;0;0;0;0;0;0;0;0;0;0
FR;9;2022-02-22;0;0;0;0;0;0;0;0;0;0
FR;9;2022-02-23;0;0;0;0;0;0;0;0;0;0
FR;9;2022-02-24;0;0;0;0;0;0;0;0;0;0
FR;9;2022-02-25;0;0;0;0;0;0;0;0;0;0
FR;9;2022-02-26;0;0;0;0;0;0;0;0;0;0
FR;9;2022-02-27;0;0;0;0;0;0;0;0;0;0
FR;9;2022-02-28;0;0;0;0;0;0;0;0;0;0
FR;9;2022-03-01;0;0;0;0;0;0;0;0;0;0
FR;9;2022-03-02;0;0;0;0;0;0;0;0;0;0
FR;9;2022-03-03;0;0;0;0;0;0;0;0;0;0
FR;9;2022-03-04;0;0;0;0;0;0;0;0;0;0
FR;9;2022-03-05;0;0;0;0;0;0;0;0;0;0
FR;9;2022-03-06;0;0;0;0;0;0;0;0;0;0
FR;9;2022-03-07;0;0;0;0;0;0;0;0;0;0
FR;9;2022-03-08;0;0;0;0;0;0;0;0;0;0
FR;9;2022-03-09;0;0;0;0;0;0;0;0;0;0
FR;9;2022-03-10;0;0;0;0;0;0;0;0;0;0
FR;9;2022-03-11;0;0;0;0;0;0;0;0;0;0
FR;9;2022-03-12;0;0;0;0;0;0;0;0;0;0
FR;9;2022-03-13;0;0;0;0;0;0;0;0;0;0
FR;9;2022-03-14;0;0;0;0;0;0;0;0;0;0
FR;9;2022-03-15;0;0;0;0;0;0;0;0;0;0
FR;9;2022-03-16;0;0;0;0;0;0;0;0;0;0
FR;9;2022-03-17;0;0;0;0;0;0;0;0;0;0
FR;9;2022-03-18;0;0;0;0;0;0;0;0;0;0
FR;9;2022-03-19;0;0;0;0;0;0;0;0;0;0
FR;9;2022-03-20;0;0;0;0;0;0;0;0;0;0
FR;9;2022-03-21;0;0;0;0;0;0;0;0;0;0
FR;9;2022-03-22;0;0;0;0;0;0;0;0;0;0
FR;9;2022-03-23;0;0;0;0;0;0;0;0;0;0
FR;9;2022-03-24;0;0;0;0;0;0;0;0;0;0
FR;9;2022-03-25;0;0;0;0;0;0;0;0;0;0
FR;9;2022-03-26;0;0;0;0;0;0;0;0;0;0
FR;9;2022-03-27;0;0;0;0;0;0;0;0;0;0
FR;9;2022-03-28;0;0;0;0;0;0;0;0;0;0
FR;9;2022-03-29;0;0;0;0;0;0;0;0;0;0
FR;9;2022-03-30;0;0;0;0;0;0;0;0;0;0
FR;9;2022-03-31;0;0;0;0;0;0;0;0;0;0
FR;9;2022-04-01;0;0;0;0;0;0;0;0;0;0
FR;9;2022-04-02;0;0;0;0;0;0;0;0;0;0
FR;9;2022-04-03;0;0;0;0;0;0;0;0;0;0
FR;9;2022-04-04;0;0;0;0;0;0;0;0;0;0
FR;9;2022-04-05;0;0;0;0;0;0;0;0;0;0
FR;9;2022-04-06;0;0;0;0;0;0;0;0;0;0
FR;9;2022-04-07;0;0;0;0;0;0;0;0;0;0
FR;9;2022-04-08;0;0;0;0;0;0;0;0;0;0
FR;9;2022-04-09;0;0;0;0;0;0;0;0;0;0
FR;9;2022-04-10;0;0;0;0;0;0;0;0;0;0
FR;9;2022-04-11;0;0;0;0;0;0;0;0;0;0
FR;9;2022-04-12;0;0;0;0;0;0;0;0;0;0
FR;9;2022-04-13;0;0;0;0;0;0;0;0;0;0
FR;9;2022-04-14;0;0;0;0;0;0;0;0;0;0
FR;9;2022-04-15;0;0;0;0;0;0;0;0;0;0
FR;9;2022-04-16;0;0;0;0;0;0;0;0;0;0
FR;9;2022-04-17;0;0;0;0;0;0;0;0;0;0
FR;9;2022-04-18;0;0;0;0;0;0;0;0;0;0
FR;9;2022-04-19;0;0;0;0;0;0;0;0;0;0
FR;9;2022-04-20;0;0;0;0;0;0;0;0;0;0
FR;9;2022-04-21;0;0;0;0;0;0;0;0;0;0
FR;9;2022-04-22;0;0;0;0;0;0;0;0;0;0
FR;9;2022-04-23;0;0;0;0;0;0;0;0;0;0
FR;9;2022-04-24;0;0;0;0;0;0;0;0;0;0
FR;9;2022-04-25;0;0;0;0;0;0;0;0;0;0
FR;9;2022-04-26;0;0;0;0;0;0;0;0;0;0
FR;9;2022-04-27;0;0;0;0;0;0;0;0;0;0
FR;9;2022-04-28;0;0;0;0;0;0;0;0;0;0
FR;9;2022-04-29;0;0;0;0;0;0;0;0;0;0
FR;9;2022-04-30;0;0;0;0;0;0;0;0;0;0
FR;9;2022-05-01;0;0;0;0;0;0;0;0;0;0
FR;9;2022-05-02;0;0;0;0;0;0;0;0;0;0
FR;9;2022-05-03;0;0;0;0;0;0;0;0;0;0
FR;9;2022-05-04;0;0;0;0;0;0;0;0;0;0
FR;9;2022-05-05;0;0;0;0;0;0;0;0;0;0
FR;9;2022-05-06;0;0;0;0;0;0;0;0;0;0
FR;9;2022-05-07;0;0;0;0;0;0;0;0;0;0
FR;9;2022-05-08;0;0;0;0;0;0;0;0;0;0
FR;9;2022-05-09;0;0;0;0;0;0;0;0;0;0
FR;9;2022-05-10;0;0;0;0;0;0;0;0;0;0
FR;9;2022-05-11;0;0;0;0;0;0;0;0;0;0
FR;9;2022-05-12;0;0;0;0;0;0;0;0;0;0
FR;9;2022-05-13;0;0;0;0;0;0;0;0;0;0
FR;9;2022-05-14;0;0;0;0;0;0;0;0;0;0
FR;9;2022-05-15;0;0;0;0;0;0;0;0;0;0
FR;9;2022-05-16;0;0;0;0;0;0;0;0;0;0
FR;9;2022-05-17;0;0;0;0;0;0;0;0;0;0
FR;9;2022-05-18;0;0;0;0;0;0;0;0;0;0
FR;9;2022-05-19;0;0;0;0;0;0;0;0;0;0
FR;9;2022-05-20;0;0;0;0;0;0;0;0;0;0
FR;9;2022-05-21;0;0;0;0;0;0;0;0;0;0
FR;9;2022-05-22;0;0;0;0;0;0;0;0;0;0
FR;9;2022-05-23;0;0;0;0;0;0;0;0;0;0
FR;9;2022-05-24;0;0;0;0;0;0;0;0;0;0
FR;9;2022-05-25;0;0;0;0;0;0;0;0;0;0
FR;9;2022-05-26;0;0;0;0;0;0;0;0;0;0
FR;9;2022-05-27;0;0;0;0;0;0;0;0;0;0
FR;9;2022-05-28;0;0;0;0;0;0;0;0;0;0
FR;9;2022-05-29;0;0;0;0;0;0;0;0;0;0
FR;9;2022-05-30;0;0;0;0;0;0;0;0;0;0
FR;9;2022-05-31;0;0;0;0;0;0;0;0;0;0
FR;9;2022-06-01;0;0;0;0;0;0;0;0;0;0
FR;9;2022-06-02;0;0;0;0;0;0;0;0;0;0
FR;9;2022-06-03;0;0;0;0;0;0;0;0;0;0
FR;9;2022-06-04;0;0;0;0;0;0;0;0;0;0
FR;9;2022-06-05;0;0;0;0;0;0;0;0;0;0
FR;9;2022-06-06;0;0;0;0;0;0;0;0;0;0
FR;9;2022-06-07;0;0;0;0;0;0;0;0;0;0
FR;9;2022-06-08;0;0;0;0;0;0;0;0;0;0
FR;9;2022-06-09;0;0;0;0;0;0;0;0;0;0
FR;9;2022-06-10;0;0;0;0;0;0;0;0;0;0
FR;9;2022-06-11;0;0;0;0;0;0;0;0;0;0
FR;9;2022-06-12;0;0;0;0;0;0;0;0;0;0
FR;9;2022-06-13;0;0;0;0;0;0;0;0;0;0
FR;9;2022-06-14;0;0;0;0;0;0;0;0;0;0
FR;9;2022-06-15;0;0;0;0;0;0;0;0;0;0
FR;9;2022-06-16;0;0;0;0;0;0;0;0;0;0
FR;9;2022-06-17;0;0;0;0;0;0;0;0;0;0
FR;9;2022-06-18;0;0;0;0;0;0;0;0;0;0
FR;9;2022-06-19;0;0;0;0;0;0;0;0;0;0
FR;9;2022-06-20;0;0;0;0;0;0;0;0;0;0
FR;9;2022-06-21;0;0;0;0;0;0;0;0;0;0
FR;9;2022-06-22;0;0;0;0;0;0;0;0;0;0
FR;9;2022-06-23;0;0;0;0;0;0;0;0;0;0
FR;9;2022-06-24;0;0;0;0;0;0;0;0;0;0
FR;9;2022-06-25;0;0;0;0;0;0;0;0;0;0
FR;9;2022-06-26;0;0;0;0;0;0;0;0;0;0
FR;9;2022-06-27;0;0;0;0;0;0;0;0;0;0
FR;9;2022-06-28;0;0;0;0;0;0;0;0;0;0
FR;9;2022-06-29;0;0;0;0;0;0;0;0;0;0
FR;9;2022-06-30;0;0;0;0;0;0;0;0;0;0
FR;9;2022-07-01;0;0;0;0;0;0;0;0;0;0
FR;9;2022-07-02;0;0;0;0;0;0;0;0;0;0
FR;9;2022-07-03;0;0;0;0;0;0;0;0;0;0
FR;9;2022-07-04;0;0;0;0;0;0;0;0;0;0
FR;9;2022-07-05;0;0;0;0;0;0;0;0;0;0
FR;9;2022-07-06;0;0;0;0;0;0;0;0;0;0
FR;9;2022-07-07;0;0;0;0;0;0;0;0;0;0
FR;9;2022-07-08;0;0;0;0;0;0;0;0;0;0
FR;9;2022-07-09;0;0;0;0;0;0;0;0;0;0
FR;9;2022-07-10;0;0;0;0;0;0;0;0;0;0
FR;9;2022-07-11;0;0;0;0;0;0;0;0;0;0
FR;9;2022-07-12;0;0;0;0;0;0;0;0;0;0
FR;9;2022-07-13;0;0;0;0;0;0;0;0;0;0
FR;9;2022-07-14;0;0;0;0;0;0;0;0;0;0
FR;9;2022-07-15;0;0;0;0;0;0;0;0;0;0
FR;9;2022-07-16;0;0;0;0;0;0;0;0;0;0
FR;9;2022-07-17;0;0;0;0;0;0;0;0;0;0
FR;9;2022-07-18;0;0;0;0;0;0;0;0;0;0
FR;9;2022-07-19;0;0;0;0;0;0;0;0;0;0
FR;9;2022-07-20;0;0;0;0;0;0;0;0;0;0
FR;9;2022-07-21;0;0;0;0;0;0;0;0;0;0
FR;9;2022-07-22;0;0;0;0;0;0;0;0;0;0
FR;9;2022-07-23;0;0;0;0;0;0;0;0;0;0
FR;9;2022-07-24;0;0;0;0;0;0;0;0;0;0
FR;9;2022-07-25;0;0;0;0;0;0;0;0;0;0
FR;9;2022-07-26;0;0;0;0;0;0;0;0;0;0
FR;9;2022-07-27;0;0;0;0;0;0;0;0;0;0
FR;9;2022-07-28;0;0;0;0;0;0;0;0;0;0
FR;9;2022-07-29;0;0;0;0;0;0;0;0;0;0
FR;9;2022-07-30;0;0;0;0;0;0;0;0;0;0
FR;9;2022-07-31;0;0;0;0;0;0;0;0;0;0
FR;9;2022-08-01;0;0;0;0;0;0;0;0;0;0
FR;9;2022-08-02;0;0;0;0;0;0;0;0;0;0
FR;9;2022-08-03;0;0;0;0;0;0;0;0;0;0
FR;9;2022-08-04;0;0;0;0;0;0;0;0;0;0
FR;9;2022-08-05;0;0;0;0;0;0;0;0;0;0
FR;9;2022-08-06;0;0;0;0;0;0;0;0;0;0
FR;9;2022-08-07;0;0;0;0;0;0;0;0;0;0
FR;9;2022-08-08;0;0;0;0;0;0;0;0;0;0
FR;9;2022-08-09;0;0;0;0;0;0;0;0;0;0
FR;9;2022-08-10;0;0;0;0;0;0;0;0;0;0
FR;9;2022-08-11;0;0;0;0;0;0;0;0;0;0
FR;9;2022-08-12;0;0;0;0;0;0;0;0;0;0
FR;9;2022-08-13;0;0;0;0;0;0;0;0;0;0
FR;9;2022-08-14;0;0;0;0;0;0;0;0;0;0
FR;9;2022-08-15;0;0;0;0;0;0;0;0;0;0
FR;9;2022-08-16;0;0;0;0;0;0;0;0;0;0
FR;9;2022-08-17;0;0;0;0;0;0;0;0;0;0
FR;9;2022-08-18;0;0;0;0;0;0;0;0;0;0
FR;9;2022-08-19;0;0;0;0;0;0;0;0;0;0
FR;9;2022-08-20;0;0;0;0;0;0;0;0;0;0
FR;9;2022-08-21;0;0;0;0;0;0;0;0;0;0
FR;9;2022-08-22;0;0;0;0;0;0;0;0;0;0
FR;9;2022-08-23;0;0;0;0;0;0;0;0;0;0
FR;9;2022-08-24;0;0;0;0;0;0;0;0;0;0
FR;9;2022-08-25;0;0;0;0;0;0;0;0;0;0
FR;9;2022-08-26;0;0;0;0;0;0;0;0;0;0
FR;9;2022-08-27;0;0;0;0;0;0;0;0;0;0
FR;9;2022-08-28;0;0;0;0;0;0;0;0;0;0
FR;9;2022-08-29;0;0;0;0;0;0;0;0;0;0
FR;9;2022-08-30;0;0;0;0;0;0;0;0;0;0
FR;9;2022-08-31;0;0;0;0;0;0;0;0;0;0
FR;9;2022-09-01;0;0;0;0;0;0;0;0;0;0
FR;9;2022-09-02;0;0;0;0;0;0;0;0;0;0
FR;9;2022-09-03;0;0;0;0;0;0;0;0;0;0
FR;9;2022-09-04;0;0;0;0;0;0;0;0;0;0
FR;9;2022-09-05;0;0;0;0;0;0;0;0;0;0
FR;9;2022-09-06;0;0;0;0;0;0;0;0;0;0
FR;9;2022-09-07;0;0;0;0;0;0;0;0;0;0
FR;9;2022-09-08;0;0;0;0;0;0;0;0;0;0
FR;9;2022-09-09;0;0;0;0;0;0;0;0;0;0
FR;9;2022-09-10;0;0;0;0;0;0;0;0;0;0
FR;9;2022-09-11;0;0;0;0;0;0;0;0;0;0
FR;9;2022-09-12;0;0;0;0;0;0;0;0;0;0
FR;9;2022-09-13;0;0;0;0;0;0;0;0;0;0
FR;9;2022-09-14;0;0;0;0;0;0;0;0;0;0
FR;9;2022-09-15;0;0;0;0;0;0;0;0;0;0
FR;9;2022-09-16;0;0;0;0;0;0;0;0;0;0
FR;9;2022-09-17;0;0;0;0;0;0;0;0;0;0
FR;9;2022-09-18;0;0;0;0;0;0;0;0;0;0
FR;9;2022-09-19;0;0;0;0;0;0;0;0;0;0
FR;9;2022-09-20;0;0;0;0;0;0;0;0;0;0
FR;9;2022-09-21;0;0;0;0;0;0;0;0;0;0
FR;9;2022-09-22;0;0;0;0;0;0;0;0;0;0
FR;9;2022-09-23;0;0;0;0;0;0;0;0;0;0
FR;9;2022-09-24;0;0;0;0;0;0;0;0;0;0
FR;9;2022-09-25;0;0;0;0;0;0;0;0;0;0
FR;9;2022-09-26;0;0;0;0;0;0;0;0;0;0
FR;9;2022-09-27;0;0;0;0;0;0;0;0;0;0
FR;9;2022-09-28;0;0;0;0;0;0;0;0;0;0
FR;9;2022-09-29;1;0;8;31;5;1;0;8;31;5
FR;9;2022-09-30;4;12;60;604;47;5;12;68;635;52
FR;9;2022-10-01;9;1;41;326;26;14;13;109;961;78
FR;9;2022-10-02;1;0;5;50;3;15;13;114;1011;81
FR;9;2022-10-03;10;16;149;1710;128;25;29;263;2721;209
FR;9;2022-10-04;19;48;354;3939;228;44;77;617;6660;437
FR;9;2022-10-05;27;19;268;2987;198;71;96;885;9647;635
FR;9;2022-10-06;22;33;398;4586;296;93;129;1283;14233;931
FR;9;2022-10-07;29;49;497;5680;383;122;178;1780;19913;1314
FR;9;2022-10-08;10;18;126;1078;84;132;196;1906;20991;1398
FR;9;2022-10-09;1;7;22;195;29;133;203;1928;21186;1427
FR;9;2022-10-10;11;24;207;2561;179;144;227;2135;23747;1606
FR;9;2022-10-11;31;40;424;5024;313;175;267;2559;28771;1919
FR;9;2022-10-12;21;23;292;2931;200;196;290;2851;31702;2119
FR;9;2022-10-13;25;43;368;3935;242;221;333;3219;35637;2361
FR;9;2022-10-14;26;24;367;4316;285;247;357;3586;39953;2646
FR;9;2022-10-15;11;8;99;1005;77;258;365;3685;40958;2723
FR;9;2022-10-16;4;1;6;109;10;262;366;3691;41067;2733
FR;0;2020-12-27;610;0;0;0;0;610;0;0;0;0
FR;0;2020-12-28;686;1;0;0;0;1296;1;0;0;0
FR;0;2020-12-29;385;0;0;0;0;1681;1;0;0;0
FR;0;2020-12-30;444;0;0;0;0;2125;1;0;0;0
FR;0;2020-12-31;444;1;0;0;0;2569;2;0;0;0
FR;0;2021-01-01;1159;2;0;0;0;3728;4;0;0;0
FR;0;2021-01-02;365;3;0;0;0;4093;7;0;0;0
FR;0;2021-01-03;405;0;0;0;0;4498;7;0;0;0
FR;0;2021-01-04;2115;4;0;0;0;6613;11;0;0;0
FR;0;2021-01-05;7755;3;0;0;0;14368;14;0;0;0
FR;0;2021-01-06;12457;17;0;0;0;26825;31;0;0;0
FR;0;2021-01-07;29468;19;0;0;0;56293;50;0;0;0
FR;0;2021-01-08;37151;20;0;0;0;93444;70;0;0;0
FR;0;2021-01-09;11212;8;0;0;0;104656;78;0;0;0
FR;0;2021-01-10;6008;7;0;0;0;110664;85;0;0;0
FR;0;2021-01-11;39941;26;0;0;0;150605;111;0;0;0
FR;0;2021-01-12;62144;20;0;0;0;212749;131;0;0;0
FR;0;2021-01-13;65128;46;0;0;0;277877;177;0;0;0
FR;0;2021-01-14;83119;167;0;0;0;360996;344;0;0;0
FR;0;2021-01-15;69011;66;0;0;0;430007;410;0;0;0
FR;0;2021-01-16;20217;72;0;0;0;450224;482;0;0;0
FR;0;2021-01-17;10986;49;0;0;0;461210;531;0;0;0
FR;0;2021-01-18;85906;172;0;0;0;547116;703;0;0;0
FR;0;2021-01-19;130604;191;0;0;0;677720;894;0;0;0
FR;0;2021-01-20;137556;188;0;0;0;815276;1082;0;0;0
FR;0;2021-01-21;158409;185;0;0;0;973685;1267;0;0;0
FR;0;2021-01-22;121069;237;0;0;0;1094754;1504;0;0;0
FR;0;2021-01-23;38483;71;0;0;0;1133237;1575;0;0;0
FR;0;2021-01-24;9746;104;0;0;0;1142983;1679;0;0;0
FR;0;2021-01-25;78241;1352;0;0;0;1221224;3031;0;0;0
FR;0;2021-01-26;100379;3530;1;0;0;1321603;6561;1;0;0
FR;0;2021-01-27;107250;6196;0;0;0;1428853;12757;1;0;0
FR;0;2021-01-28;124363;15784;0;0;0;1553216;28541;1;0;0
FR;0;2021-01-29;92188;18309;0;0;0;1645404;46850;1;0;0
FR;0;2021-01-30;29124;4432;0;0;0;1674528;51282;1;0;0
FR;0;2021-01-31;5235;1832;0;0;0;1679763;53114;1;0;0
FR;0;2021-02-01;53133;22213;0;0;0;1732896;75327;1;0;0
FR;0;2021-02-02;72314;37084;0;0;0;1805210;112411;1;0;0
FR;0;2021-02-03;72307;39232;0;0;0;1877517;151643;1;0;0
FR;0;2021-02-04;82080;53466;0;0;0;1959597;205109;1;0;0
FR;0;2021-02-05;68239;47053;0;0;0;2027836;252162;1;0;0
FR;0;2021-02-06;23022;11158;0;0;0;2050858;263320;1;0;0
FR;0;2021-02-07;5191;5733;0;0;0;2056049;269053;1;0;0
FR;0;2021-02-08;46843;47946;0;0;0;2102892;316999;1;0;0
FR;0;2021-02-09;66019;76634;0;0;0;2168911;393633;1;0;0
FR;0;2021-02-10;71023;81411;0;0;0;2239934;475044;1;0;0
FR;0;2021-02-11;87287;103893;0;0;0;2327221;578937;1;0;0
FR;0;2021-02-12;79330;75465;0;0;0;2406551;654402;1;0;0
FR;0;2021-02-13;22381;19543;0;0;0;2428932;673945;1;0;0
FR;0;2021-02-14;5077;7351;0;0;0;2434009;681296;1;0;0
FR;0;2021-02-15;38109;76768;0;0;0;2472118;758064;1;0;0
FR;0;2021-02-16;50400;100378;0;0;0;2522518;858442;1;0;0
FR;0;2021-02-17;50543;106061;20;0;0;2573061;964503;21;0;0
FR;0;2021-02-18;69790;122467;0;0;0;2642851;1086970;21;0;0
FR;0;2021-02-19;65071;91785;1;0;0;2707922;1178755;22;0;0
FR;0;2021-02-20;18591;28667;0;0;0;2726513;1207422;22;0;0
FR;0;2021-02-21;3323;6169;0;0;0;2729836;1213591;22;0;0
FR;0;2021-02-22;37500;73191;2;0;0;2767336;1286782;24;0;0
FR;0;2021-02-23;53783;85142;1;0;0;2821119;1371924;25;0;0
FR;0;2021-02-24;60019;82487;1;0;0;2881138;1454411;26;0;0
FR;0;2021-02-25;100583;91466;1;0;0;2981721;1545877;27;0;0
FR;0;2021-02-26;113474;70822;1;0;0;3095195;1616699;28;0;0
FR;0;2021-02-27;52110;22291;1;0;0;3147305;1638990;29;0;0
FR;0;2021-02-28;6203;4189;2;0;0;3153508;1643179;31;0;0
FR;0;2021-03-01;65901;53847;1;0;0;3219409;1697026;32;0;0
FR;0;2021-03-02;101392;67069;3;0;0;3320801;1764095;35;0;0
FR;0;2021-03-03;116531;65543;0;0;0;3437332;1829638;35;0;0
FR;0;2021-03-04;163631;71824;3;0;0;3600963;1901462;38;0;0
FR;0;2021-03-05;200932;62852;3;0;0;3801895;1964314;41;0;0
FR;0;2021-03-06;207964;17553;3;0;0;4009859;1981867;44;0;0
FR;0;2021-03-07;121277;4424;1;0;0;4131136;1986291;45;0;0
FR;0;2021-03-08;107158;49869;2;0;0;4238294;2036160;47;0;0
FR;0;2021-03-09;172463;56342;2;0;0;4410757;2092502;49;0;0
FR;0;2021-03-10;179010;57123;5;0;0;4589767;2149625;54;0;0
FR;0;2021-03-11;242904;63889;2;0;0;4832671;2213514;56;0;0
FR;0;2021-03-12;294831;53453;1;0;0;5127502;2266967;57;0;0
FR;0;2021-03-13;231420;15281;1;0;0;5358922;2282248;58;0;0
FR;0;2021-03-14;63355;3156;1;0;0;5422277;2285404;59;0;0
FR;0;2021-03-15;158668;31852;3;0;0;5580945;2317256;62;0;0
FR;0;2021-03-16;141576;39043;6;0;0;5722521;2356299;68;0;0
FR;0;2021-03-17;150496;37813;4;0;0;5873017;2394112;72;0;0
FR;0;2021-03-18;167845;44437;5;0;0;6040862;2438549;77;0;0
FR;0;2021-03-19;230021;36933;2;0;0;6270883;2475482;79;0;0
FR;0;2021-03-20;166699;11468;1;0;0;6437582;2486950;80;0;0
FR;0;2021-03-21;49945;2262;1;0;0;6487527;2489212;81;0;0
FR;0;2021-03-22;170061;33717;2;0;0;6657588;2522929;83;0;0
FR;0;2021-03-23;250399;42384;1;0;0;6907987;2565313;84;0;0
FR;0;2021-03-24;256913;43574;0;0;0;7164900;2608887;84;0;0
FR;0;2021-03-25;341818;45100;5;0;0;7506718;2653987;89;0;0
FR;0;2021-03-26;358810;41889;5;1;0;7865528;2695876;94;1;0
FR;0;2021-03-27;195264;16885;1;0;0;8060792;2712761;95;1;0
FR;0;2021-03-28;59346;4412;3;0;0;8120138;2717173;98;1;0
FR;0;2021-03-29;202987;53631;4;0;0;8323125;2770804;102;1;0
FR;0;2021-03-30;285489;69901;5;0;0;8608614;2840705;107;1;0
FR;0;2021-03-31;263046;73726;4;0;0;8871660;2914431;111;1;0
FR;0;2021-04-01;315521;91640;11;0;0;9187181;3006071;122;1;0
FR;0;2021-04-02;281352;94061;7;0;0;9468533;3100132;129;1;0
FR;0;2021-04-03;141079;62342;6;0;0;9609612;3162474;135;1;0
FR;0;2021-04-04;46532;18938;2;0;0;9656144;3181412;137;1;0
FR;0;2021-04-05;63346;10571;11;0;0;9719490;3191983;148;1;0
FR;0;2021-04-06;217230;111674;17;0;0;9936720;3303657;165;1;0
FR;0;2021-04-07;260266;115315;17;0;0;10196986;3418972;182;1;0
FR;0;2021-04-08;337848;122557;14;0;0;10534834;3541529;196;1;0
FR;0;2021-04-09;410165;116657;49;0;0;10944999;3658186;245;1;0
FR;0;2021-04-10;212630;82787;15;0;0;11157629;3740973;260;1;0
FR;0;2021-04-11;56150;34238;7;0;0;11213779;3775211;267;1;0
FR;0;2021-04-12;237084;115656;46;0;0;11450863;3890867;313;1;0
FR;0;2021-04-13;309498;144312;98;1;0;11760361;4035179;411;2;0
FR;0;2021-04-14;294539;139555;215;0;0;12054900;4174734;626;2;0
FR;0;2021-04-15;337119;149726;339;0;0;12392019;4324460;965;2;0
FR;0;2021-04-16;339303;146475;354;0;0;12731322;4470935;1319;2;0
FR;0;2021-04-17;188665;90003;109;0;0;12919987;4560938;1428;2;0
FR;0;2021-04-18;51621;35410;47;0;0;12971608;4596348;1475;2;0
FR;0;2021-04-19;205710;138207;456;0;0;13177318;4734555;1931;2;0
FR;0;2021-04-20;254431;171482;569;0;0;13431749;4906037;2500;2;0
FR;0;2021-04-21;253280;169560;835;0;0;13685029;5075597;3335;2;0
FR;0;2021-04-22;287572;189732;818;0;0;13972601;5265329;4153;2;0
FR;0;2021-04-23;297800;184050;747;0;0;14270401;5449379;4900;2;0
FR;0;2021-04-24;190458;111826;252;0;0;14460859;5561205;5152;2;0
FR;0;2021-04-25;69563;38801;51;0;0;14530422;5600006;5203;2;0
FR;0;2021-04-26;220970;157604;563;0;0;14751392;5757610;5766;2;0
FR;0;2021-04-27;284620;187713;940;0;0;15036012;5945323;6706;2;0
FR;0;2021-04-28;299512;184063;1426;1;1;15335524;6129386;8132;3;1
FR;0;2021-04-29;357140;197414;1280;0;0;15692664;6326800;9412;3;1
FR;0;2021-04-30;372228;185516;1121;1;0;16064892;6512316;10533;4;1
FR;0;2021-05-01;167647;52495;179;0;0;16232539;6564811;10712;4;1
FR;0;2021-05-02;91748;37801;83;0;0;16324287;6602612;10795;4;1
FR;0;2021-05-03;288933;166829;843;0;0;16613220;6769441;11638;4;1
FR;0;2021-05-04;315684;225066;1233;0;0;16928904;6994507;12871;4;1
FR;0;2021-05-05;327206;225776;1315;0;0;17256110;7220283;14186;4;1
FR;0;2021-05-06;379528;240380;1633;0;0;17635638;7460663;15819;4;1
FR;0;2021-05-07;372764;258067;1223;0;0;18008402;7718730;17042;4;1
FR;0;2021-05-08;222166;69946;299;0;0;18230568;7788676;17341;4;1
FR;0;2021-05-09;129704;45336;243;0;0;18360272;7834012;17584;4;1
FR;0;2021-05-10;313392;229280;1237;0;0;18673664;8063292;18821;4;1
FR;0;2021-05-11;403916;258028;1566;0;0;19077580;8321320;20387;4;1
FR;0;2021-05-12;434124;233522;1542;0;0;19511704;8554842;21929;4;1
FR;0;2021-05-13;338611;56640;432;0;0;19850315;8611482;22361;4;1
FR;0;2021-05-14;454140;167407;1126;0;0;20304455;8778889;23487;4;1
FR;0;2021-05-15;374980;94243;443;0;0;20679435;8873132;23930;4;1
FR;0;2021-05-16;202758;20710;168;0;0;20882193;8893842;24098;4;1
FR;0;2021-05-17;376124;148742;1555;0;0;21258317;9042584;25653;4;1
FR;0;2021-05-18;460156;153720;1990;0;0;21718473;9196304;27643;4;1
FR;0;2021-05-19;467415;143464;2464;0;0;22185888;9339768;30107;4;1
FR;0;2021-05-20;507539;160327;2339;0;0;22693427;9500095;32446;4;1
FR;0;2021-05-21;489672;174917;1996;0;0;23183099;9675012;34442;4;1
FR;0;2021-05-22;347195;80074;668;0;0;23530294;9755086;35110;4;1
FR;0;2021-05-23;161692;14261;246;0;0;23691986;9769347;35356;4;1
FR;0;2021-05-24;263194;33135;604;0;0;23955180;9802482;35960;4;1
FR;0;2021-05-25;400280;190019;2355;1;0;24355460;9992501;38315;5;1
FR;0;2021-05-26;413460;190005;2224;0;0;24768920;10182506;40539;5;1
FR;0;2021-05-27;449815;219506;2162;0;0;25218735;10402012;42701;5;1
FR;0;2021-05-28;429554;260426;1893;0;0;25648289;10662438;44594;5;1
FR;0;2021-05-29;298983;150033;585;0;0;25947272;10812471;45179;5;1
FR;0;2021-05-30;107143;32544;163;0;0;26054415;10845015;45342;5;1
FR;0;2021-05-31;358041;203325;1469;1;1;26412456;11048340;46811;6;2
FR;0;2021-06-01;431037;251363;1962;1;1;26843493;11299703;48773;7;3
FR;0;2021-06-02;420117;231836;1984;0;0;27263610;11531539;50757;7;3
FR;0;2021-06-03;465623;257932;1825;0;0;27729233;11789471;52582;7;3
FR;0;2021-06-04;456258;305427;1734;1;1;28185491;12094898;54316;8;4
FR;0;2021-06-05;304808;189296;652;0;0;28490299;12284194;54968;8;4
FR;0;2021-06-06;133313;49048;226;0;0;28623612;12333242;55194;8;4
FR;0;2021-06-07;339988;261623;1526;0;0;28963600;12594865;56720;8;4
FR;0;2021-06-08;393888;291165;1803;0;0;29357488;12886030;58523;8;4
FR;0;2021-06-09;384878;274545;1732;0;0;29742366;13160575;60255;8;4
FR;0;2021-06-10;404191;288088;1725;1;0;30146557;13448663;61980;9;4
FR;0;2021-06-11;386665;356724;1467;1;0;30533222;13805387;63447;10;4
FR;0;2021-06-12;283266;211096;495;0;0;30816488;14016483;63942;10;4
FR;0;2021-06-13;104889;73862;204;0;0;30921377;14090345;64146;10;4
FR;0;2021-06-14;240843;354600;1427;1;0;31162220;14444945;65573;11;4
FR;0;2021-06-15;308169;384928;1571;1;0;31470389;14829873;67144;12;4
FR;0;2021-06-16;313981;357539;1418;1;0;31784370;15187412;68562;13;4
FR;0;2021-06-17;317694;372841;1427;1;0;32102064;15560253;69989;14;4
FR;0;2021-06-18;321751;442621;1338;1;0;32423815;16002874;71327;15;4
FR;0;2021-06-19;224346;273880;449;0;0;32648161;16276754;71776;15;4
FR;0;2021-06-20;74436;102410;129;0;0;32722597;16379164;71905;15;4
FR;0;2021-06-21;195773;401695;1037;1;1;32918370;16780859;72942;16;5
FR;0;2021-06-22;223203;467527;1265;10;1;33141573;17248386;74207;26;6
FR;0;2021-06-23;234036;439976;1197;1;1;33375609;17688362;75404;27;7
FR;0;2021-06-24;241869;409598;1357;0;0;33617478;18097960;76761;27;7
FR;0;2021-06-25;227648;522775;1401;0;0;33845126;18620735;78162;27;7
FR;0;2021-06-26;153259;370837;587;1;0;33998385;18991572;78749;28;7
FR;0;2021-06-27;55903;156071;168;1;0;34054288;19147643;78917;29;7
FR;0;2021-06-28;154780;452681;1176;0;0;34209068;19600324;80093;29;7
FR;0;2021-06-29;182713;507386;2123;0;0;34391781;20107710;82216;29;7
FR;0;2021-06-30;204012;485114;2014;21;2;34595793;20592824;84230;50;9
FR;0;2021-07-01;231337;458191;2223;5;1;34827130;21051015;86453;55;10
FR;0;2021-07-02;228696;520143;2120;5;2;35055826;21571158;88573;60;12
FR;0;2021-07-03;142041;368744;908;3;1;35197867;21939902;89481;63;13
FR;0;2021-07-04;56756;141066;265;0;0;35254623;22080968;89746;63;13
FR;0;2021-07-05;168520;418970;1668;8;2;35423143;22499938;91414;71;15
FR;0;2021-07-06;196775;474610;1830;45;8;35619918;22974548;93244;116;23
FR;0;2021-07-07;213202;439159;1879;25;4;35833120;23413707;95123;141;27
FR;0;2021-07-08;231646;424189;2089;20;6;36064766;23837896;97212;161;33
FR;0;2021-07-09;228616;511022;2185;4;2;36293382;24348918;99397;165;35
FR;0;2021-07-10;148619;339904;984;1;1;36442001;24688822;100381;166;36
FR;0;2021-07-11;60201;110093;283;0;0;36502202;24798915;100664;166;36
FR;0;2021-07-12;169419;477976;1762;4;0;36671621;25276891;102426;170;36
FR;0;2021-07-13;287268;527007;2048;8;1;36958889;25803898;104474;178;37
FR;0;2021-07-14;181103;157500;435;0;0;37139992;25961398;104909;178;37
FR;0;2021-07-15;347099;502032;2099;1;0;37487091;26463430;107008;179;37
FR;0;2021-07-16;380107;495449;2023;3;1;37867198;26958879;109031;182;38
FR;0;2021-07-17;259728;319710;877;1;0;38126926;27278589;109908;183;38
FR;0;2021-07-18;109711;114629;310;0;0;38236637;27393218;110218;183;38
FR;0;2021-07-19;285477;424369;1629;3;0;38522114;27817587;111847;186;38
FR;0;2021-07-20;376919;451745;1723;0;0;38899033;28269332;113570;186;38
FR;0;2021-07-21;395799;407296;1549;4;2;39294832;28676628;115119;190;40
FR;0;2021-07-22;441054;387612;1715;4;2;39735886;29064240;116834;194;42
FR;0;2021-07-23;440326;422499;1882;4;1;40176212;29486739;118716;198;43
FR;0;2021-07-24;285251;269412;804;1;0;40461463;29756151;119520;199;43
FR;0;2021-07-25;121113;79949;234;0;0;40582576;29836100;119754;199;43
FR;0;2021-07-26;347424;322568;1614;3;2;40930000;30158668;121368;202;45
FR;0;2021-07-27;464068;319641;1697;4;2;41394068;30478309;123065;206;47
FR;0;2021-07-28;459440;289570;1636;4;1;41853508;30767879;124701;210;48
FR;0;2021-07-29;489824;276460;1796;2;0;42343332;31044339;126497;212;48
FR;0;2021-07-30;461828;302549;1941;5;1;42805160;31346888;128438;217;49
FR;0;2021-07-31;285399;185064;914;1;0;43090559;31531952;129352;218;49
FR;0;2021-08-01;112024;49926;253;0;0;43202583;31581878;129605;218;49
FR;0;2021-08-02;341620;234221;1602;2;0;43544203;31816099;131207;220;49
FR;0;2021-08-03;398612;244668;1728;2;1;43942815;32060767;132935;222;50
FR;0;2021-08-04;384850;209723;1593;6;3;44327665;32270490;134528;228;53
FR;0;2021-08-05;366168;228557;1710;0;0;44693833;32499047;136238;228;53
FR;0;2021-08-06;359729;271425;1835;4;1;45053562;32770472;138073;232;54
FR;0;2021-08-07;213123;178345;755;5;2;45266685;32948817;138828;237;56
FR;0;2021-08-08;74194;63196;275;0;0;45340879;33012013;139103;237;56
FR;0;2021-08-09;258756;258928;1547;4;3;45599635;33270941;140650;241;59
FR;0;2021-08-10;306861;277410;1662;2;1;45906496;33548351;142312;243;60
FR;0;2021-08-11;279739;259806;1441;5;1;46186235;33808157;143753;248;61
FR;0;2021-08-12;271547;278252;1663;3;0;46457782;34086409;145416;251;61
FR;0;2021-08-13;252157;278126;1594;3;2;46709939;34364535;147010;254;63
FR;0;2021-08-14;145343;197149;741;0;0;46855282;34561684;147751;254;63
FR;0;2021-08-15;39384;50109;217;1;0;46894666;34611793;147968;255;63
FR;0;2021-08-16;186184;317724;1542;0;0;47080850;34929517;149510;255;63
FR;0;2021-08-17;215689;336054;1636;7;0;47296539;35265571;151146;262;63
FR;0;2021-08-18;199053;324543;1597;7;4;47495592;35590114;152743;269;67
FR;0;2021-08-19;192032;325541;1640;1;0;47687624;35915655;154383;270;67
FR;0;2021-08-20;186462;366328;1820;3;2;47874086;36281983;156203;273;69
FR;0;2021-08-21;104798;238126;708;0;0;47978884;36520109;156911;273;69
FR;0;2021-08-22;31943;87209;256;1;1;48010827;36607318;157167;274;70
FR;0;2021-08-23;140982;357106;1561;3;1;48151809;36964424;158728;277;71
FR;0;2021-08-24;162493;376738;1849;5;1;48314302;37341162;160577;282;72
FR;0;2021-08-25;151139;350816;2033;8;2;48465441;37691978;162610;290;74
FR;0;2021-08-26;142877;342793;2560;10;0;48608318;38034771;165170;300;74
FR;0;2021-08-27;148452;388306;2789;11;3;48756770;38423077;167959;311;77
FR;0;2021-08-28;90665;249607;1406;0;0;48847435;38672684;169365;311;77
FR;0;2021-08-29;27319;83346;518;1;0;48874754;38756030;169883;312;77
FR;0;2021-08-30;117418;324697;4712;6;5899;48992172;39080727;174595;318;5976
FR;0;2021-08-31;128810;334519;10188;19;11803;49120982;39415246;184783;337;17779
FR;0;2021-09-01;136141;285694;22433;7;24381;49257123;39700940;207216;344;42160
FR;0;2021-09-02;114661;247246;26516;20;28975;49371784;39948186;233732;364;71135
FR;0;2021-09-03;118311;292690;29963;24;33050;49490095;40240876;263695;388;104185
FR;0;2021-09-04;89890;217770;12586;12;14126;49579985;40458646;276281;400;118311
FR;0;2021-09-05;21359;44836;4395;2;4718;49601344;40503482;280676;402;123029
FR;0;2021-09-06;75682;180635;31955;16;34298;49677026;40684117;312631;418;157327
FR;0;2021-09-07;80302;181235;33244;43;36249;49757328;40865352;345875;461;193576
FR;0;2021-09-08;90992;206098;29664;28;32528;49848320;41071450;375539;489;226104
FR;0;2021-09-09;76944;165359;33066;27;36633;49925264;41236809;408605;516;262737
FR;0;2021-09-10;96037;203793;35739;28;40680;50021301;41440602;444344;544;303417
FR;0;2021-09-11;67161;169299;12137;19;14378;50088462;41609901;456481;563;317795
FR;0;2021-09-12;12826;32099;2777;1;3177;50101288;41642000;459258;564;320972
FR;0;2021-09-13;64561;126244;41224;35;44174;50165849;41768244;500482;599;365146
FR;0;2021-09-14;73491;129066;56372;80;62297;50239340;41897310;556854;679;427443
FR;0;2021-09-15;76639;167814;55664;58;54844;50315979;42065124;612518;737;482287
FR;0;2021-09-16;63881;114535;60089;82;60125;50379860;42179659;672607;819;542412
FR;0;2021-09-17;75082;156835;53852;71;57302;50454942;42336494;726459;890;599714
FR;0;2021-09-18;48235;139630;15601;25;17312;50503177;42476124;742060;915;617026
FR;0;2021-09-19;7907;23680;2438;1;2619;50511084;42499804;744498;916;619645
FR;0;2021-09-20;44568;93823;50081;72;50333;50555652;42593627;794579;988;669978
FR;0;2021-09-21;45893;98434;62760;75;63465;50601545;42692061;857339;1063;733443
FR;0;2021-09-22;48673;142406;55369;82;55436;50650218;42834467;912708;1145;788879
FR;0;2021-09-23;43271;92104;62391;95;63562;50693489;42926571;975099;1240;852441
FR;0;2021-09-24;52294;133309;54555;107;59185;50745783;43059880;1029654;1347;911626
FR;0;2021-09-25;35216;115636;16274;36;18299;50780999;43175516;1045928;1383;929925
FR;0;2021-09-26;5547;17806;2270;5;2327;50786546;43193322;1048198;1388;932252
FR;0;2021-09-27;33974;76943;47200;97;48181;50820520;43270265;1095398;1485;980433
FR;0;2021-09-28;36518;75257;54966;89;56546;50857038;43345522;1150364;1574;1036979
FR;0;2021-09-29;44415;100784;53353;112;54867;50901453;43446306;1203717;1686;1091846
FR;0;2021-09-30;36340;72966;57037;97;59578;50937793;43519272;1260754;1783;1151424
FR;0;2021-10-01;61703;102896;57813;108;63952;50999496;43622168;1318567;1891;1215376
FR;0;2021-10-02;39470;78440;20962;39;23360;51038966;43700608;1339529;1930;1238736
FR;0;2021-10-03;5287;10500;2532;4;2540;51044253;43711108;1342061;1934;1241276
FR;0;2021-10-04;35187;58527;52622;84;54834;51079440;43769635;1394683;2018;1296110
FR;0;2021-10-05;33926;64380;61014;135;65066;51113366;43834015;1455697;2153;1361176
FR;0;2021-10-06;42714;79319;65748;113;68334;51156080;43913334;1521445;2266;1429510
FR;0;2021-10-07;30563;62272;65431;90;68843;51186643;43975606;1586876;2356;1498353
FR;0;2021-10-08;49469;91926;77755;110;84733;51236112;44067532;1664631;2466;1583086
FR;0;2021-10-09;33673;60942;31544;35;33925;51269785;44128474;1696175;2501;1617011
FR;0;2021-10-10;4717;7438;3193;9;3480;51274502;44135912;1699368;2510;1620491
FR;0;2021-10-11;30724;49941;61042;105;64102;51305226;44185853;1760410;2615;1684593
FR;0;2021-10-12;31633;54498;70620;140;75982;51336859;44240351;1831030;2755;1760575
FR;0;2021-10-13;40147;62840;74431;136;79343;51377006;44303191;1905461;2891;1839918
FR;0;2021-10-14;30357;52903;68762;116;73825;51407363;44356094;1974223;3007;1913743
FR;0;2021-10-15;44944;75275;93241;191;103004;51452307;44431369;2067464;3198;2016747
FR;0;2021-10-16;31326;44120;36693;44;39642;51483633;44475489;2104157;3242;2056389
FR;0;2021-10-17;3841;5241;3595;2;3682;51487474;44480730;2107752;3244;2060071
FR;0;2021-10-18;29120;42385;67498;133;71359;51516594;44523115;2175250;3377;2131430
FR;0;2021-10-19;27154;45577;76408;140;81638;51543748;44568692;2251658;3517;2213068
FR;0;2021-10-20;35308;52461;96942;181;101553;51579056;44621153;2348600;3698;2314621
FR;0;2021-10-21;26137;45180;83970;112;89144;51605193;44666333;2432570;3810;2403765
FR;0;2021-10-22;38420;62520;104901;200;112603;51643613;44728853;2537471;4010;2516368
FR;0;2021-10-23;27009;41215;45456;57;48626;51670622;44770068;2582927;4067;2564994
FR;0;2021-10-24;2920;4771;3682;6;3930;51673542;44774839;2586609;4073;2568924
FR;0;2021-10-25;26077;36267;82331;144;86646;51699619;44811106;2668940;4217;2655570
FR;0;2021-10-26;23733;35052;87254;166;92376;51723352;44846158;2756194;4383;2747946
FR;0;2021-10-27;30081;46358;109008;257;114706;51753433;44892516;2865202;4640;2862652
FR;0;2021-10-28;23582;34974;88721;153;94491;51777015;44927490;2953923;4793;2957143
FR;0;2021-10-29;31575;51492;117324;205;125361;51808590;44978982;3071247;4998;3082504
FR;0;2021-10-30;20555;33233;50349;76;53399;51829145;45012215;3121596;5074;3135903
FR;0;2021-10-31;2489;3733;3591;3;3879;51831634;45015948;3125187;5077;3139782
FR;0;2021-11-01;8495;4862;3211;3;3574;51840129;45020810;3128398;5080;3143356
FR;0;2021-11-02;26346;40125;93587;156;99610;51866475;45060935;3221985;5236;3242966
FR;0;2021-11-03;30092;47969;118903;218;125855;51896567;45108904;3340888;5454;3368821
FR;0;2021-11-04;23790;37521;107574;217;114440;51920357;45146425;3448462;5671;3483261
FR;0;2021-11-05;32390;52987;141648;235;151396;51952747;45199412;3590110;5906;3634657
FR;0;2021-11-06;21531;34578;64886;123;68312;51974278;45233990;3654996;6029;3702969
FR;0;2021-11-07;2402;4179;5197;6;5595;51976680;45238169;3660193;6035;3708564
FR;0;2021-11-08;20594;37791;127205;227;134318;51997274;45275960;3787398;6262;3842882
FR;0;2021-11-09;22405;44733;161699;339;172274;52019679;45320693;3949097;6601;4015156
FR;0;2021-11-10;31587;55040;187022;446;198830;52051266;45375733;4136119;7047;4213986
FR;0;2021-11-11;4723;6755;12975;28;13958;52055989;45382488;4149094;7075;4227944
FR;0;2021-11-12;29081;55130;183787;252;197408;52085070;45437618;4332881;7327;4425352
FR;0;2021-11-13;20349;32640;80709;118;86332;52105419;45470258;4413590;7445;4511684
FR;0;2021-11-14;2358;3882;7175;6;7849;52107777;45474140;4420765;7451;4519533
FR;0;2021-11-15;20484;38685;160869;312;171596;52128261;45512825;4581634;7763;4691129
FR;0;2021-11-16;23644;43978;200431;393;215074;52151905;45556803;4782065;8156;4906203
FR;0;2021-11-17;30513;50347;199861;406;212905;52182418;45607150;4981926;8562;5119108
FR;0;2021-11-18;23435;45681;191690;468;205603;52205853;45652831;5173616;9030;5324711
FR;0;2021-11-19;33673;61403;243232;551;262223;52239526;45714234;5416848;9581;5586934
FR;0;2021-11-20;25407;36699;102164;206;109709;52264933;45750933;5519012;9787;5696643
FR;0;2021-11-21;2646;4473;9658;19;10612;52267579;45755406;5528670;9806;5707255
FR;0;2021-11-22;22804;33237;180390;470;194873;52290383;45788643;5709060;10276;5902128
FR;0;2021-11-23;25717;45587;229397;549;247864;52316100;45834230;5938457;10825;6149992
FR;0;2021-11-24;31799;53735;224827;715;243260;52347899;45887965;6163284;11540;6393252
FR;0;2021-11-25;25637;49248;255954;739;277822;52373536;45937213;6419238;12279;6671074
FR;0;2021-11-26;33257;74859;379508;866;414674;52406793;46012072;6798746;13145;7085748
FR;0;2021-11-27;23491;49680;214918;389;236698;52430284;46061752;7013664;13534;7322446
FR;0;2021-11-28;3513;10523;56762;66;63325;52433797;46072275;7070426;13600;7385771
FR;0;2021-11-29;19422;54200;341490;863;371754;52453219;46126475;7411916;14463;7757525
FR;0;2021-11-30;24780;72023;457405;988;500813;52477999;46198498;7869321;15451;8258338
FR;0;2021-12-01;27371;75802;469127;1161;511364;52505370;46274300;8338448;16612;8769702
FR;0;2021-12-02;22096;71816;527136;1280;574925;52527466;46346116;8865584;17892;9344627
FR;0;2021-12-03;25558;93139;596429;1420;651212;52553024;46439255;9462013;19312;9995839
FR;0;2021-12-04;18318;60502;336241;690;369806;52571342;46499757;9798254;20002;10365645
FR;0;2021-12-05;4154;16180;95786;157;107053;52575496;46515937;9894040;20159;10472698
FR;0;2021-12-06;28419;73002;493169;1174;540002;52603915;46588939;10387209;21333;11012700
FR;0;2021-12-07;23539;91486;645420;1773;706363;52627454;46680425;11032629;23106;11719063
FR;0;2021-12-08;25503;92249;591625;1874;647547;52652957;46772674;11624254;24980;12366610
FR;0;2021-12-09;24058;94255;663143;2180;726502;52677015;46866929;12287397;27160;13093112
FR;0;2021-12-10;28052;111165;736096;2075;806262;52705067;46978094;13023493;29235;13899374
FR;0;2021-12-11;20251;76228;435198;988;480412;52725318;47054322;13458691;30223;14379786
FR;0;2021-12-12;5655;23212;142314;262;159216;52730973;47077534;13601005;30485;14539002
FR;0;2021-12-13;21352;91024;587686;1699;649299;52752325;47168558;14188691;32184;15188301
FR;0;2021-12-14;27969;118561;765620;2654;847583;52780294;47287119;14954311;34838;16035884
FR;0;2021-12-15;28432;114485;694370;2266;769142;52808726;47401604;15648681;37104;16805026
FR;0;2021-12-16;28030;115968;764060;2557;844477;52836756;47517572;16412741;39661;17649503
FR;0;2021-12-17;31649;128644;807905;2711;892086;52868405;47646216;17220646;42372;18541589
FR;0;2021-12-18;24934;81679;469981;1178;522231;52893339;47727895;17690627;43550;19063820
FR;0;2021-12-19;8756;28677;169399;376;191084;52902095;47756572;17860026;43926;19254904
FR;0;2021-12-20;31750;97429;591512;1786;658783;52933845;47854001;18451538;45712;19913687
FR;0;2021-12-21;39455;112215;682432;2392;759621;52973300;47966216;19133970;48104;20673308
FR;0;2021-12-22;39551;99480;575789;2168;642160;53012851;48065696;19709759;50272;21315468
FR;0;2021-12-23;33778;79648;441025;1657;494421;53046629;48145344;20150784;51929;21809889
FR;0;2021-12-24;10692;26125;111033;398;126675;53057321;48171469;20261817;52327;21936564
FR;0;2021-12-25;774;3588;7591;25;9030;53058095;48175057;20269408;52352;21945594
FR;0;2021-12-26;4695;11903;52095;142;60144;53062790;48186960;20321503;52494;22005738
FR;0;2021-12-27;30505;84070;453563;1364;509184;53093295;48271030;20775066;53858;22514922
FR;0;2021-12-28;38364;99055;564178;1769;632286;53131659;48370085;21339244;55627;23147208
FR;0;2021-12-29;39875;88410;501213;1687;561024;53171534;48458495;21840457;57314;23708232
FR;0;2021-12-30;35920;75250;421037;1521;471157;53207454;48533745;22261494;58835;24179389
FR;0;2021-12-31;12046;25155;116881;405;131671;53219500;48558900;22378375;59240;24311060
FR;0;2022-01-01;1566;3211;8516;37;9937;53221066;48562111;22386891;59277;24320997
FR;0;2022-01-02;6115;13001;58419;125;66946;53227181;48575112;22445310;59402;24387943
FR;0;2022-01-03;37076;90299;494831;1593;551714;53264257;48665411;22940141;60995;24939657
FR;0;2022-01-04;41970;111160;641392;2306;714386;53306227;48776571;23581533;63301;25654043
FR;0;2022-01-05;61085;103759;569181;1984;634215;53367312;48880330;24150714;65285;26288258
FR;0;2022-01-06;44264;110421;638980;2697;711453;53411576;48990751;24789694;67982;26999711
FR;0;2022-01-07;50821;123469;710996;2810;790516;53462397;49114220;25500690;70792;27790227
FR;0;2022-01-08;45008;80326;423809;1213;472883;53507405;49194546;25924499;72005;28263110
FR;0;2022-01-09;15609;26645;128565;300;145678;53523014;49221191;26053064;72305;28408788
FR;0;2022-01-10;35374;93441;469328;1812;522756;53558388;49314632;26522392;74117;28931544
FR;0;2022-01-11;41926;100572;548249;2306;608505;53600314;49415204;27070641;76423;29540049
FR;0;2022-01-12;60381;95801;452678;1968;504343;53660695;49511005;27523319;78391;30044392
FR;0;2022-01-13;38236;92640;487352;2085;541048;53698931;49603645;28010671;80476;30585440
FR;0;2022-01-14;42574;103450;568599;2286;629014;53741505;49707095;28579270;82762;31214454
FR;0;2022-01-15;39417;65935;340133;985;377559;53780922;49773030;28919403;83747;31592013
FR;0;2022-01-16;11408;19262;87431;216;99426;53792330;49792292;29006834;83963;31691439
FR;0;2022-01-17;24729;60099;320280;1382;354164;53817059;49852391;29327114;85345;32045603
FR;0;2022-01-18;28316;68762;361084;1802;397561;53845375;49921153;29688198;87147;32443164
FR;0;2022-01-19;43211;67110;281295;1450;311080;53888586;49988263;29969493;88597;32754244
FR;0;2022-01-20;23659;59691;299008;1740;328512;53912245;50047954;30268501;90337;33082756
FR;0;2022-01-21;28200;68899;366362;2086;401198;53940445;50116853;30634863;92423;33483954
FR;0;2022-01-22;27623;48007;218790;839;241768;53968068;50164860;30853653;93262;33725722
FR;0;2022-01-23;6731;12989;48676;173;55169;53974799;50177849;30902329;93435;33780891
FR;0;2022-01-24;16269;47492;217313;1139;239339;53991068;50225341;31119642;94574;34020230
FR;0;2022-01-25;19024;54420;243051;1546;267086;54010092;50279761;31362693;96120;34287316
FR;0;2022-01-26;28145;60500;209282;1297;229482;54038237;50340261;31571975;97417;34516798
FR;0;2022-01-27;16325;46372;207645;1277;225959;54054562;50386633;31779620;98694;34742757
FR;0;2022-01-28;21582;78617;290052;1572;321386;54076144;50465250;32069672;100266;35064143
FR;0;2022-01-29;18420;52893;184127;688;204584;54094564;50518143;32253799;100954;35268727
FR;0;2022-01-30;4473;14507;39141;124;45085;54099037;50532650;32292940;101078;35313812
FR;0;2022-01-31;11257;43964;148197;741;164770;54110294;50576614;32441137;101819;35478582
FR;0;2022-02-01;13606;48387;174121;1143;191405;54123900;50625001;32615258;102962;35669987
FR;0;2022-02-02;20560;66385;171527;1034;190120;54144460;50691386;32786785;103996;35860107
FR;0;2022-02-03;11463;44787;157554;989;173323;54155923;50736173;32944339;104985;36033430
FR;0;2022-02-04;14622;66513;239249;1266;264158;54170545;50802686;33183588;106251;36297588
FR;0;2022-02-05;12897;51485;153548;523;172331;54183442;50854171;33337136;106774;36469919
FR;0;2022-02-06;2722;12185;28890;101;33836;54186164;50866356;33366026;106875;36503755
FR;0;2022-02-07;9558;46696;156866;591;176304;54195722;50913052;33522892;107466;36680059
FR;0;2022-02-08;9793;43074;166621;867;184413;54205515;50956126;33689513;108333;36864472
FR;0;2022-02-09;14372;58240;172336;871;193044;54219887;51014366;33861849;109204;37057516
FR;0;2022-02-10;8715;39110;150228;878;166702;54228602;51053476;34012077;110082;37224218
FR;0;2022-02-11;10855;55664;218502;1101;243095;54239457;51109140;34230579;111183;37467313
FR;0;2022-02-12;8389;40953;134722;464;151750;54247846;51150093;34365301;111647;37619063
FR;0;2022-02-13;1901;8600;26564;86;30924;54249747;51158693;34391865;111733;37649987
FR;0;2022-02-14;6986;35238;148366;482;166361;54256733;51193931;34540231;112215;37816348
FR;0;2022-02-15;7052;36211;146975;751;162561;54263785;51230142;34687206;112966;37978909
FR;0;2022-02-16;9404;42966;132531;720;146750;54273189;51273108;34819737;113686;38125659
FR;0;2022-02-17;5573;24317;87297;585;94871;54278762;51297425;34907034;114271;38220530
FR;0;2022-02-18;6993;33569;119657;804;129322;54285755;51330994;35026691;115075;38349852
FR;0;2022-02-19;5369;24548;70023;370;77333;54291124;51355542;35096714;115445;38427185
FR;0;2022-02-20;1145;4650;12171;39;13950;54292269;51360192;35108885;115484;38441135
FR;0;2022-02-21;4090;17881;61951;351;67178;54296359;51378073;35170836;115835;38508313
FR;0;2022-02-22;4449;18646;60830;576;64470;54300808;51396719;35231666;116411;38572783
FR;0;2022-02-23;6587;27344;66493;591;71890;54307395;51424063;35298159;117002;38644673
FR;0;2022-02-24;3848;15467;50421;518;53242;54311243;51439530;35348580;117520;38697915
FR;0;2022-02-25;5278;24034;76358;803;80090;54316521;51463564;35424938;118323;38778005
FR;0;2022-02-26;3990;17764;47414;359;51481;54320511;51481328;35472352;118682;38829486
FR;0;2022-02-27;879;3007;8035;47;8946;54321390;51484335;35480387;118729;38838432
FR;0;2022-02-28;3123;12535;40480;359;42914;54324513;51496870;35520867;119088;38881346
FR;0;2022-03-01;3946;12599;44187;436;44858;54328459;51509469;35565054;119524;38926204
FR;0;2022-03-02;5307;17789;47132;445;49065;54333766;51527258;35612186;119969;38975269
FR;0;2022-03-03;2813;9333;29890;368;30013;54336579;51536591;35642076;120337;39005282
FR;0;2022-03-04;3223;12410;40301;665;39451;54339802;51549001;35682377;121002;39044733
FR;0;2022-03-05;3070;9278;24952;309;25114;54342872;51558279;35707329;121311;39069847
FR;0;2022-03-06;520;1399;3197;43;3440;54343392;51559678;35710526;121354;39073287
FR;0;2022-03-07;2311;5620;18427;315;17696;54345703;51565298;35728953;121669;39090983
FR;0;2022-03-08;2105;6071;19446;360;17915;54347808;51571369;35748399;122029;39108898
FR;0;2022-03-09;3568;10500;22180;405;21278;54351376;51581869;35770579;122434;39130176
FR;0;2022-03-10;1819;5783;16982;343;15808;54353195;51587652;35787561;122777;39145984
FR;0;2022-03-11;2413;7547;24494;541;22260;54355608;51595199;35812055;123318;39168244
FR;0;2022-03-12;2672;6773;17158;308;16513;54358280;51601972;35829213;123626;39184757
FR;0;2022-03-13;394;788;2323;149;2271;54358674;51602760;35831536;123775;39187028
FR;0;2022-03-14;1539;4267;14976;4409;13830;54360213;51607027;35846512;128184;39200858
FR;0;2022-03-15;1726;6280;16371;7552;14599;54361939;51613307;35862883;135736;39215457
FR;0;2022-03-16;3025;7390;19423;13136;18100;54364964;51620697;35882306;148872;39233557
FR;0;2022-03-17;1451;3976;13139;10847;11982;54366415;51624673;35895445;159719;39245539
FR;0;2022-03-18;2266;5749;19994;18298;18089;54368681;51630422;35915439;178017;39263628
FR;0;2022-03-19;2288;4802;13114;9401;12416;54370969;51635224;35928553;187418;39276044
FR;0;2022-03-20;300;733;1918;1073;1929;54371269;51635957;35930471;188491;39277973
FR;0;2022-03-21;1391;3212;12718;14937;11940;54372660;51639169;35943189;203428;39289913
FR;0;2022-03-22;1503;3729;13793;20537;12550;54374163;51642898;35956982;223965;39302463
FR;0;2022-03-23;2678;6273;17719;23149;17234;54376841;51649171;35974701;247114;39319697
FR;0;2022-03-24;1400;3154;11586;17607;10672;54378241;51652325;35986287;264721;39330369
FR;0;2022-03-25;2081;5147;18562;27757;16901;54380322;51657472;36004849;292478;39347270
FR;0;2022-03-26;2229;4411;12077;12678;11517;54382551;51661883;36016926;305156;39358787
FR;0;2022-03-27;360;689;1906;1481;1940;54382911;51662572;36018832;306637;39360727
FR;0;2022-03-28;1460;3072;11122;17487;10614;54384371;51665644;36029954;324124;39371341
FR;0;2022-03-29;1451;3267;12900;27561;12041;54385822;51668911;36042854;351685;39383382
FR;0;2022-03-30;2847;5490;15677;27369;15069;54388669;51674401;36058531;379054;39398451
FR;0;2022-03-31;1609;3561;12974;24966;12308;54390278;51677962;36071505;404020;39410759
FR;0;2022-04-01;2674;4578;20049;30868;18691;54392952;51682540;36091554;434888;39429450
FR;0;2022-04-02;1524;2635;9046;10115;8704;54394476;51685175;36100600;445003;39438154
FR;0;2022-04-03;287;513;1561;1169;1578;54394763;51685688;36102161;446172;39439732
FR;0;2022-04-04;2103;2867;12364;19097;11570;54396866;51688555;36114525;465269;39451302
FR;0;2022-04-05;1955;3136;14331;34085;13183;54398821;51691691;36128856;499354;39464485
FR;0;2022-04-06;2329;3916;13529;26474;12797;54401150;51695607;36142385;525828;39477282
FR;0;2022-04-07;1562;3090;13663;33755;12875;54402712;51698697;36156048;559583;39490157
FR;0;2022-04-08;2071;4225;19209;43859;17813;54404783;51702922;36175257;603442;39507970
FR;0;2022-04-09;1363;2674;9311;13560;8863;54406146;51705596;36184568;617002;39516833
FR;0;2022-04-10;289;654;1982;2011;2002;54406435;51706250;36186550;619013;39518835
FR;0;2022-04-11;1300;2596;11863;23877;11466;54407735;51708846;36198413;642890;39530301
FR;0;2022-04-12;1672;3014;14010;40883;13381;54409407;51711860;36212423;683773;39543682
FR;0;2022-04-13;1947;3665;13403;33072;13020;54411354;51715525;36225826;716845;39556702
FR;0;2022-04-14;1488;2884;13180;36254;13026;54412842;51718409;36239006;753099;39569728
FR;0;2022-04-15;1850;3446;15618;35499;14865;54414692;51721855;36254624;788598;39584593
FR;0;2022-04-16;1041;1827;6395;8535;6251;54415733;51723682;36261019;797133;39590844
FR;0;2022-04-17;193;325;992;1172;1032;54415926;51724007;36262011;798305;39591876
FR;0;2022-04-18;195;526;2763;1069;2782;54416121;51724533;36264774;799374;39594658
FR;0;2022-04-19;1519;3001;12904;29606;12465;54417640;51727534;36277678;828980;39607123
FR;0;2022-04-20;1980;3444;13295;28989;12970;54419620;51730978;36290973;857969;39620093
FR;0;2022-04-21;1506;2842;12525;35075;12569;54421126;51733820;36303498;893044;39632662
FR;0;2022-04-22;1861;3597;16462;37577;15826;54422987;51737417;36319960;930621;39648488
FR;0;2022-04-23;1144;2060;7381;10654;7232;54424131;51739477;36327341;941275;39655720
FR;0;2022-04-24;250;458;1475;1588;1410;54424381;51739935;36328816;942863;39657130
FR;0;2022-04-25;1301;2526;10676;21011;10481;54425682;51742461;36339492;963874;39667611
FR;0;2022-04-26;1617;2997;13653;38561;13101;54427299;51745458;36353145;1002435;39680712
FR;0;2022-04-27;1957;3057;11527;30957;11585;54429256;51748515;36364672;1033392;39692297
FR;0;2022-04-28;1563;2743;12525;36174;12264;54430819;51751258;36377197;1069566;39704561
FR;0;2022-04-29;2006;4351;15544;37211;14905;54432825;51755609;36392741;1106777;39719466
FR;0;2022-04-30;1210;1919;6927;9704;6754;54434035;51757528;36399668;1116481;39726220
FR;0;2022-05-01;217;321;913;995;907;54434252;51757849;36400581;1117476;39727127
FR;0;2022-05-02;1834;2920;11145;18126;10963;54436086;51760769;36411726;1135602;39738090
FR;0;2022-05-03;1875;3230;13715;34652;13556;54437961;51763999;36425441;1170254;39751646
FR;0;2022-05-04;1888;3271;12174;25621;12287;54439849;51767270;36437615;1195875;39763933
FR;0;2022-05-05;1749;2887;13032;33499;12880;54441598;51770157;36450647;1229374;39776813
FR;0;2022-05-06;2204;3650;15334;36734;14826;54443802;51773807;36465981;1266108;39791639
FR;0;2022-05-07;1202;1774;6460;9606;6450;54445004;51775581;36472441;1275714;39798089
FR;0;2022-05-08;265;398;1172;1546;1233;54445269;51775979;36473613;1277260;39799322
FR;0;2022-05-09;1345;2290;9919;20243;9788;54446614;51778269;36483532;1297503;39809110
FR;0;2022-05-10;1748;3149;13557;38881;13112;54448362;51781418;36497089;1336384;39822222
FR;0;2022-05-11;1986;2977;10741;27905;10686;54450348;51784395;36507830;1364289;39832908
FR;0;2022-05-12;1575;2685;11359;35630;11030;54451923;51787080;36519189;1399919;39843938
FR;0;2022-05-13;1965;3199;13744;37832;13329;54453888;51790279;36532933;1437751;39857267
FR;0;2022-05-14;1145;1625;5937;10772;5798;54455033;51791904;36538870;1448523;39863065
FR;0;2022-05-15;280;470;1278;1436;1358;54455313;51792374;36540148;1449959;39864423
FR;0;2022-05-16;1191;2022;8677;20991;8673;54456504;51794396;36548825;1470950;39873096
FR;0;2022-05-17;1580;2583;11813;37837;11392;54458084;51796979;36560638;1508787;39884488
FR;0;2022-05-18;1804;2632;9680;27131;9654;54459888;51799611;36570318;1535918;39894142
FR;0;2022-05-19;1434;2640;10563;35821;10702;54461322;51802251;36580881;1571739;39904844
FR;0;2022-05-20;1871;3105;13408;39335;12897;54463193;51805356;36594289;1611074;39917741
FR;0;2022-05-21;1158;1703;5659;9896;5532;54464351;51807059;36599948;1620970;39923273
FR;0;2022-05-22;238;336;1025;1434;1012;54464589;51807395;36600973;1622404;39924285
FR;0;2022-05-23;1172;2112;8876;20340;8826;54465761;51809507;36609849;1642744;39933111
FR;0;2022-05-24;1536;2752;11352;38836;11222;54467297;51812259;36621201;1681580;39944333
FR;0;2022-05-25;1809;2817;9337;24811;9469;54469106;51815076;36630538;1706391;39953802
FR;0;2022-05-26;207;414;1656;1190;1666;54469313;51815490;36632194;1707581;39955468
FR;0;2022-05-27;1374;2455;9251;21268;8993;54470687;51817945;36641445;1728849;39964461
FR;0;2022-05-28;663;1254;3911;6781;3961;54471350;51819199;36645356;1735630;39968422
FR;0;2022-05-29;155;315;751;915;772;54471505;51819514;36646107;1736545;39969194
FR;0;2022-05-30;1021;1943;6991;19289;7005;54472526;51821457;36653098;1755834;39976199
FR;0;2022-05-31;1487;2492;9814;35647;9635;54474013;51823949;36662912;1791481;39985834
FR;0;2022-06-01;1714;3082;11019;24523;10885;54475727;51827031;36673931;1816004;39996719
FR;0;2022-06-02;1467;2603;11304;35529;10848;54477194;51829634;36685235;1851533;40007567
FR;0;2022-06-03;1715;3060;13377;38699;12741;54478909;51832694;36698612;1890232;40020308
FR;0;2022-06-04;968;1512;5039;9109;5113;54479877;51834206;36703651;1899341;40025421
FR;0;2022-06-05;175;329;872;1105;882;54480052;51834535;36704523;1900446;40026303
FR;0;2022-06-06;351;1104;2105;1258;2118;54480403;51835639;36706628;1901704;40028421
FR;0;2022-06-07;1371;2657;9845;35570;9423;54481774;51838296;36716473;1937274;40037844
FR;0;2022-06-08;1546;2681;9159;28707;9002;54483320;51840977;36725632;1965981;40046846
FR;0;2022-06-09;1280;2428;10608;39452;10251;54484600;51843405;36736240;2005433;40057097
FR;0;2022-06-10;1619;2889;13068;44780;12613;54486219;51846294;36749308;2050213;40069710
FR;0;2022-06-11;954;1729;5431;11621;5464;54487173;51848023;36754739;2061834;40075174
FR;0;2022-06-12;196;436;1072;1759;1133;54487369;51848459;36755811;2063593;40076307
FR;0;2022-06-13;1075;2044;7429;23169;7259;54488444;51850503;36763240;2086762;40083566
FR;0;2022-06-14;1311;2479;10442;44911;9797;54489755;51852982;36773682;2131673;40093363
FR;0;2022-06-15;1497;2398;9308;30871;8937;54491252;51855380;36782990;2162544;40102300
FR;0;2022-06-16;1158;2010;9902;39880;9310;54492410;51857390;36792892;2202424;40111610
FR;0;2022-06-17;1472;2824;12455;46598;11885;54493882;51860214;36805347;2249022;40123495
FR;0;2022-06-18;852;1510;4561;11123;4494;54494734;51861724;36809908;2260145;40127989
FR;0;2022-06-19;180;361;1058;1615;1130;54494914;51862085;36810966;2261760;40129119
FR;0;2022-06-20;1019;1908;8904;26058;8564;54495933;51863993;36819870;2287818;40137683
FR;0;2022-06-21;1320;2392;10297;49868;9327;54497253;51866385;36830167;2337686;40147010
FR;0;2022-06-22;1375;2470;8907;39008;8404;54498628;51868855;36839074;2376694;40155414
FR;0;2022-06-23;1220;2342;10669;55065;9872;54499848;51871197;36849743;2431759;40165286
FR;0;2022-06-24;1483;2975;13633;69140;12294;54501331;51874172;36863376;2500899;40177580
FR;0;2022-06-25;932;1776;6225;19913;5979;54502263;51875948;36869601;2520812;40183559
FR;0;2022-06-26;228;456;1951;3686;1812;54502491;51876404;36871552;2524498;40185371
FR;0;2022-06-27;1127;2011;10488;48448;9630;54503618;51878415;36882040;2572946;40195001
FR;0;2022-06-28;1451;2805;14655;91300;13076;54505069;51881220;36896695;2664246;40208077
FR;0;2022-06-29;1699;2816;12282;71814;11230;54506768;51884036;36908977;2736060;40219307
FR;0;2022-06-30;1524;2676;14380;95137;12460;54508292;51886712;36923357;2831197;40231767
FR;0;2022-07-01;1986;3785;21454;115910;18810;54510278;51890497;36944811;2947107;40250577
FR;0;2022-07-02;1076;1853;8518;35744;7698;54511354;51892350;36953329;2982851;40258275
FR;0;2022-07-03;290;537;2090;6452;1892;54511644;51892887;36955419;2989303;40260167
FR;0;2022-07-04;1533;3073;14676;79187;12945;54513177;51895960;36970095;3068490;40273112
FR;0;2022-07-05;1695;3095;18808;133199;15987;54514872;51899055;36988903;3201689;40289099
FR;0;2022-07-06;1805;2755;15838;99521;13627;54516677;51901810;37004741;3301210;40302726
FR;0;2022-07-07;1698;2857;17980;125905;14758;54518375;51904667;37022721;3427115;40317484
FR;0;2022-07-08;1884;3140;20736;137026;16748;54520259;51907807;37043457;3564141;40334232
FR;0;2022-07-09;865;1450;7738;37910;6684;54521124;51909257;37051195;3602051;40340916
FR;0;2022-07-10;261;508;2344;6999;2126;54521385;51909765;37053539;3609050;40343042
FR;0;2022-07-11;1411;2436;15010;88207;12491;54522796;51912201;37068549;3697257;40355533
FR;0;2022-07-12;1785;3075;20512;143848;16704;54524581;51915276;37089061;3841105;40372237
FR;0;2022-07-13;1716;2689;15667;94487;13238;54526297;51917965;37104728;3935592;40385475
FR;0;2022-07-14;178;356;1949;5530;1829;54526475;51918321;37106677;3941122;40387304
FR;0;2022-07-15;1470;2547;15105;84419;12590;54527945;51920868;37121782;4025541;40399894
FR;0;2022-07-16;617;1167;5939;24972;5144;54528562;51922035;37127721;4050513;40405038
FR;0;2022-07-17;175;386;1735;4659;1566;54528737;51922421;37129456;4055172;40406604
FR;0;2022-07-18;1125;2234;11817;61791;9962;54529862;51924655;37141273;4116963;40416566
FR;0;2022-07-19;1408;2335;15461;103638;12281;54531270;51926990;37156734;4220601;40428847
FR;0;2022-07-20;1404;2276;12935;77543;10712;54532674;51929266;37169669;4298144;40439559
FR;0;2022-07-21;1268;2145;13076;88159;10478;54533942;51931411;37182745;4386303;40450037
FR;0;2022-07-22;1388;2429;14797;89420;11945;54535330;51933840;37197542;4475723;40461982
FR;0;2022-07-23;667;1297;5525;22472;4852;54535997;51935137;37203067;4498195;40466834
FR;0;2022-07-24;183;346;1396;3900;1237;54536180;51935483;37204463;4502095;40468071
FR;0;2022-07-25;1051;1781;9479;48048;7827;54537231;51937264;37213942;4550143;40475898
FR;0;2022-07-26;1286;2204;13292;85395;10817;54538517;51939468;37227234;4635538;40486715
FR;0;2022-07-27;1216;1988;10209;61192;8503;54539733;51941456;37237443;4696730;40495218
FR;0;2022-07-28;1083;1848;10294;64329;8204;54540816;51943304;37247737;4761059;40503422
FR;0;2022-07-29;1280;2025;10969;65795;8725;54542096;51945329;37258706;4826854;40512147
FR;0;2022-07-30;495;843;3512;15264;2967;54542591;51946172;37262218;4842118;40515114
FR;0;2022-07-31;150;280;929;2432;788;54542741;51946452;37263147;4844550;40515902
FR;0;2022-08-01;821;1423;7572;30217;6365;54543562;51947875;37270719;4874767;40522267
FR;0;2022-08-02;1013;1619;8548;56057;6859;54544575;51949494;37279267;4930824;40529126
FR;0;2022-08-03;826;1238;6400;38647;5120;54545401;51950732;37285667;4969471;40534246
FR;0;2022-08-04;725;1171;6559;43083;5285;54546126;51951903;37292226;5012554;40539531
FR;0;2022-08-05;845;1350;7075;44903;5643;54546971;51953253;37299301;5057457;40545174
FR;0;2022-08-06;334;552;2095;9359;1745;54547305;51953805;37301396;5066816;40546919
FR;0;2022-08-07;98;153;532;1620;450;54547403;51953958;37301928;5068436;40547369
FR;0;2022-08-08;546;900;3995;22081;3249;54547949;51954858;37305923;5090517;40550618
FR;0;2022-08-09;682;1122;5958;39924;4791;54548631;51955980;37311881;5130441;40555409
FR;0;2022-08-10;620;1078;4640;28009;3774;54549251;51957058;37316521;5158450;40559183
FR;0;2022-08-11;610;1006;4472;29170;3686;54549861;51958064;37320993;5187620;40562869
FR;0;2022-08-12;703;1135;4732;28190;3906;54550564;51959199;37325725;5215810;40566775
FR;0;2022-08-13;207;402;1291;5249;1113;54550771;51959601;37327016;5221059;40567888
FR;0;2022-08-14;67;117;284;918;242;54550838;51959718;37327300;5221977;40568130
FR;0;2022-08-15;71;166;594;561;542;54550909;51959884;37327894;5222538;40568672
FR;0;2022-08-16;615;1040;3943;22140;3336;54551524;51960924;37331837;5244678;40572008
FR;0;2022-08-17;623;990;3871;22828;3277;54552147;51961914;37335708;5267506;40575285
FR;0;2022-08-18;602;961;4075;26261;3217;54552749;51962875;37339783;5293767;40578502
FR;0;2022-08-19;594;1146;4476;27210;3679;54553343;51964021;37344259;5320977;40582181
FR;0;2022-08-20;287;477;1342;5556;1153;54553630;51964498;37345601;5326533;40583334
FR;0;2022-08-21;93;132;299;1006;263;54553723;51964630;37345900;5327539;40583597
FR;0;2022-08-22;540;972;3258;15316;2782;54554263;51965602;37349158;5342855;40586379
FR;0;2022-08-23;703;1158;4281;28986;3597;54554966;51966760;37353439;5371841;40589976
FR;0;2022-08-24;647;919;3480;19518;2842;54555613;51967679;37356919;5391359;40592818
FR;0;2022-08-25;618;1000;3919;23374;3266;54556231;51968679;37360838;5414733;40596084
FR;0;2022-08-26;846;1242;4464;25864;3655;54557077;51969921;37365302;5440597;40599739
FR;0;2022-08-27;291;493;1376;5454;1242;54557368;51970414;37366678;5446051;40600981
FR;0;2022-08-28;121;158;300;911;284;54557489;51970572;37366978;5446962;40601265
FR;0;2022-08-29;608;954;3064;14613;2601;54558097;51971526;37370042;5461575;40603866
FR;0;2022-08-30;841;1197;4779;28501;3901;54558938;51972723;37374821;5490076;40607767
FR;0;2022-08-31;677;926;3186;17583;2700;54559615;51973649;37378007;5507659;40610467
FR;0;2022-09-01;695;944;4413;22428;3754;54560310;51974593;37382420;5530087;40614221
FR;0;2022-09-02;857;1115;5014;28571;4227;54561167;51975708;37387434;5558658;40618448
FR;0;2022-09-03;404;552;1908;6071;1651;54561571;51976260;37389342;5564729;40620099
FR;0;2022-09-04;124;146;348;869;344;54561695;51976406;37389690;5565598;40620443
FR;0;2022-09-05;594;663;3089;16037;2570;54562289;51977069;37392779;5581635;40623013
FR;0;2022-09-06;780;993;4640;31740;3778;54563069;51978062;37397419;5613375;40626791
FR;0;2022-09-07;628;750;2981;16762;2462;54563697;51978812;37400400;5630137;40629253
FR;0;2022-09-08;606;833;3785;24797;3118;54564303;51979645;37404185;5654934;40632371
FR;0;2022-09-09;821;993;4386;27506;3628;54565124;51980638;37408571;5682440;40635999
FR;0;2022-09-10;368;527;1720;5688;1522;54565492;51981165;37410291;5688128;40637521
FR;0;2022-09-11;115;127;315;653;300;54565607;51981292;37410606;5688781;40637821
FR;0;2022-09-12;477;581;2572;13226;2183;54566084;51981873;37413178;5702007;40640004
FR;0;2022-09-13;597;820;3962;26298;3388;54566681;51982693;37417140;5728305;40643392
FR;0;2022-09-14;646;757;2925;16079;2438;54567327;51983450;37420065;5744384;40645830
FR;0;2022-09-15;537;754;3414;23452;2879;54567864;51984204;37423479;5767836;40648709
FR;0;2022-09-16;778;1015;4106;25766;3441;54568642;51985219;37427585;5793602;40652150
FR;0;2022-09-17;379;482;1434;6118;1269;54569021;51985701;37429019;5799720;40653419
FR;0;2022-09-18;111;135;323;956;290;54569132;51985836;37429342;5800676;40653709
FR;0;2022-09-19;435;620;2229;13156;1904;54569567;51986456;37431571;5813832;40655613
FR;0;2022-09-20;618;846;3734;26298;3111;54570185;51987302;37435305;5840130;40658724
FR;0;2022-09-21;566;755;2713;16219;2334;54570751;51988057;37438018;5856349;40661058
FR;0;2022-09-22;572;802;3359;23480;2734;54571323;51988859;37441377;5879829;40663792
FR;0;2022-09-23;810;1019;4461;28593;3732;54572133;51989878;37445838;5908422;40667524
FR;0;2022-09-24;415;598;1622;6881;1393;54572548;51990476;37447460;5915303;40668917
FR;0;2022-09-25;92;179;330;1099;301;54572640;51990655;37447790;5916402;40669218
FR;0;2022-09-26;419;675;2241;13356;1964;54573059;51991330;37450031;5929758;40671182
FR;0;2022-09-27;599;822;3581;25810;2863;54573658;51992152;37453612;5955568;40674045
FR;0;2022-09-28;611;810;2537;15325;2279;54574269;51992962;37456149;5970893;40676324
FR;0;2022-09-29;549;742;3072;20866;2582;54574818;51993704;37459221;5991759;40678906
FR;0;2022-09-30;747;1069;3885;25356;3223;54575565;51994773;37463106;6017115;40682129
FR;0;2022-10-01;382;579;1647;5910;1390;54575947;51995352;37464753;6023025;40683519
FR;0;2022-10-02;49;122;206;632;202;54575996;51995474;37464959;6023657;40683721
FR;0;2022-10-03;417;571;2103;11933;1830;54576413;51996045;37467062;6035590;40685551
FR;0;2022-10-04;589;733;3060;23404;2463;54577002;51996778;37470122;6058994;40688014
FR;0;2022-10-05;519;767;2283;14489;2000;54577521;51997545;37472405;6073483;40690014
FR;0;2022-10-06;510;675;2933;21449;2384;54578031;51998220;37475338;6094932;40692398
FR;0;2022-10-07;695;940;3947;30073;3313;54578726;51999160;37479285;6125005;40695711
FR;0;2022-10-08;327;495;1558;8322;1316;54579053;51999655;37480843;6133327;40697027
FR;0;2022-10-09;102;133;321;1542;296;54579155;51999788;37481164;6134869;40697323
FR;0;2022-10-10;437;614;2452;20131;2061;54579592;52000402;37483616;6155000;40699384
FR;0;2022-10-11;545;746;4087;39651;3359;54580137;52001148;37487703;6194651;40702743
FR;0;2022-10-12;533;741;3080;26206;2579;54580670;52001889;37490783;6220857;40705322
FR;0;2022-10-13;575;707;3793;37570;2922;54581245;52002596;37494576;6258427;40708244
FR;0;2022-10-14;705;963;4613;46423;3703;54581950;52003559;37499189;6304850;40711947
FR;0;2022-10-15;312;427;1653;11382;1431;54582262;52003986;37500842;6316232;40713378
FR;0;2022-10-16;79;100;296;1805;292;54582341;52004086;37501138;6318037;40713670
