fra;vaccin;jour;n_dose1;n_dose2;n_dose3;n_cum_dose1;n_cum_dose2;n_cum_dose3
FR;1;2020-12-27;293;0;0;293;0;0
FR;1;2020-12-28;304;0;0;597;0;0
FR;1;2020-12-29;225;0;0;822;0;0
FR;1;2020-12-30;265;0;0;1087;0;0
FR;1;2020-12-31;203;0;0;1290;0;0
FR;1;2021-01-01;225;0;0;1515;0;0
FR;1;2021-01-02;180;0;0;1695;0;0
FR;1;2021-01-03;218;0;0;1913;0;0
FR;1;2021-01-04;1685;0;0;3598;0;0
FR;1;2021-01-05;5637;0;0;9235;0;0
FR;1;2021-01-06;11550;0;0;20785;0;0
FR;1;2021-01-07;28998;0;0;49783;0;0
FR;1;2021-01-08;36656;0;0;86439;0;0
FR;1;2021-01-09;11045;0;0;97484;0;0
FR;1;2021-01-10;5744;0;0;103228;0;0
FR;1;2021-01-11;39556;0;0;142784;0;0
FR;1;2021-01-12;61566;0;0;204350;0;0
FR;1;2021-01-13;64511;0;0;268861;0;0
FR;1;2021-01-14;80754;0;0;349615;0;0
FR;1;2021-01-15;68079;0;0;417694;0;0
FR;1;2021-01-16;19740;77;0;437434;77;0
FR;1;2021-01-17;10673;42;0;448107;119;0
FR;1;2021-01-18;82252;161;0;530359;280;0
FR;1;2021-01-19;125265;125;0;655624;405;0
FR;1;2021-01-20;131685;156;0;787309;561;0
FR;1;2021-01-21;152075;132;0;939384;693;0
FR;1;2021-01-22;115201;160;0;1054585;853;0
FR;1;2021-01-23;36352;50;0;1090937;903;0
FR;1;2021-01-24;9402;27;0;1100339;930;0
FR;1;2021-01-25;73908;1215;0;1174247;2145;0
FR;1;2021-01-26;95975;3108;0;1270222;5253;0
FR;1;2021-01-27;103166;5593;0;1373388;10846;0
FR;1;2021-01-28;120006;14354;0;1493394;25200;0
FR;1;2021-01-29;88416;17278;0;1581810;42478;0
FR;1;2021-01-30;27796;4223;0;1609606;46701;0
FR;1;2021-01-31;5019;1679;0;1614625;48380;0
FR;1;2021-02-01;48814;21119;0;1663439;69499;0
FR;1;2021-02-02;67074;34555;0;1730513;104054;0
FR;1;2021-02-03;66555;36952;0;1797068;141006;0
FR;1;2021-02-04;76508;50037;0;1873576;191043;0
FR;1;2021-02-05;62974;45320;0;1936550;236363;0
FR;1;2021-02-06;19215;10392;0;1955765;246755;0
FR;1;2021-02-07;3541;5040;0;1959306;251795;0
FR;1;2021-02-08;36121;45961;0;1995427;297756;0
FR;1;2021-02-09;50421;72379;0;2045848;370135;0
FR;1;2021-02-10;51411;76666;0;2097259;446801;0
FR;1;2021-02-11;62864;99066;0;2160123;545867;0
FR;1;2021-02-12;55366;73970;0;2215489;619837;0
FR;1;2021-02-13;15287;19261;0;2230776;639098;0
FR;1;2021-02-14;3549;7189;0;2234325;646287;0
FR;1;2021-02-15;23821;73427;0;2258146;719714;0
FR;1;2021-02-16;32362;96836;0;2290508;816550;0
FR;1;2021-02-17;34681;98579;1;2325189;915129;1
FR;1;2021-02-18;48858;113420;0;2374047;1028549;1
FR;1;2021-02-19;44963;86416;0;2419010;1114965;1
FR;1;2021-02-20;13208;26910;0;2432218;1141875;1
FR;1;2021-02-21;2272;6286;0;2434490;1148161;1
FR;1;2021-02-22;24347;69409;1;2458837;1217570;2
FR;1;2021-02-23;37033;80352;1;2495870;1297922;3
FR;1;2021-02-24;40110;77645;1;2535980;1375567;4
FR;1;2021-02-25;49647;87945;1;2585627;1463512;5
FR;1;2021-02-26;46671;67879;0;2632298;1531391;5
FR;1;2021-02-27;15440;20930;0;2647738;1552321;5
FR;1;2021-02-28;3369;4385;1;2651107;1556706;6
FR;1;2021-03-01;39275;49008;0;2690382;1605714;6
FR;1;2021-03-02;55318;61509;1;2745700;1667223;7
FR;1;2021-03-03;60280;60645;0;2805980;1727868;7
FR;1;2021-03-04;72219;64892;1;2878199;1792760;8
FR;1;2021-03-05;73923;59256;2;2952122;1852016;10
FR;1;2021-03-06;81976;16083;0;3034098;1868099;10
FR;1;2021-03-07;63360;5411;0;3097458;1873510;10
FR;1;2021-03-08;59472;42460;0;3156930;1915970;10
FR;1;2021-03-09;85239;48315;0;3242169;1964285;10
FR;1;2021-03-10;89890;48061;2;3332059;2012346;12
FR;1;2021-03-11;104083;53850;0;3436142;2066196;12
FR;1;2021-03-12;103230;45289;1;3539372;2111485;13
FR;1;2021-03-13;88449;12742;0;3627821;2124227;13
FR;1;2021-03-14;44083;3028;0;3671904;2127255;13
FR;1;2021-03-15;94645;29117;0;3766549;2156372;13
FR;1;2021-03-16;122848;34891;0;3889397;2191263;13
FR;1;2021-03-17;128588;34828;2;4017985;2226091;15
FR;1;2021-03-18;142041;39706;1;4160026;2265797;16
FR;1;2021-03-19;135449;32898;0;4295475;2298695;16
FR;1;2021-03-20;75513;10206;0;4370988;2308901;16
FR;1;2021-03-21;26134;2475;0;4397122;2311376;16
FR;1;2021-03-22;113923;31174;2;4511045;2342550;18
FR;1;2021-03-23;142106;38168;0;4653151;2380718;18
FR;1;2021-03-24;141057;38770;0;4794208;2419488;18
FR;1;2021-03-25;164091;39617;1;4958299;2459105;19
FR;1;2021-03-26;165614;37485;1;5123913;2496590;20
FR;1;2021-03-27;110400;15253;0;5234313;2511843;20
FR;1;2021-03-28;42010;3620;2;5276323;2515463;22
FR;1;2021-03-29;129203;49949;1;5405526;2565412;23
FR;1;2021-03-30;166788;63576;2;5572314;2628988;25
FR;1;2021-03-31;169980;66897;2;5742294;2695885;27
FR;1;2021-04-01;192927;79239;4;5935221;2775124;31
FR;1;2021-04-02;163478;84309;5;6098699;2859433;36
FR;1;2021-04-03;87598;58167;2;6186297;2917600;38
FR;1;2021-04-04;32645;17732;0;6218942;2935332;38
FR;1;2021-04-05;42972;10175;2;6261914;2945507;40
FR;1;2021-04-06;159063;100864;6;6420977;3046371;46
FR;1;2021-04-07;195490;108244;5;6616467;3154615;51
FR;1;2021-04-08;220369;112376;5;6836836;3266991;56
FR;1;2021-04-09;213050;107497;6;7049886;3374488;62
FR;1;2021-04-10;116440;73454;1;7166326;3447942;63
FR;1;2021-04-11;40391;30281;2;7206717;3478223;65
FR;1;2021-04-12;167324;103778;20;7374041;3582001;85
FR;1;2021-04-13;202384;128238;45;7576425;3710239;130
FR;1;2021-04-14;206752;122799;93;7783177;3833038;223
FR;1;2021-04-15;219581;126752;123;8002758;3959790;346
FR;1;2021-04-16;204896;125137;150;8207654;4084927;496
FR;1;2021-04-17;121426;67479;36;8329080;4152406;532
FR;1;2021-04-18;35518;20992;13;8364598;4173398;545
FR;1;2021-04-19;162629;121905;280;8527227;4295303;825
FR;1;2021-04-20;187963;148764;286;8715190;4444067;1111
FR;1;2021-04-21;192587;146702;436;8907777;4590769;1547
FR;1;2021-04-22;207588;162624;455;9115365;4753393;2002
FR;1;2021-04-23;197753;156921;395;9313118;4910314;2397
FR;1;2021-04-24;125511;95502;57;9438629;5005816;2454
FR;1;2021-04-25;53149;30128;19;9491778;5035944;2473
FR;1;2021-04-26;180120;138263;297;9671898;5174207;2770
FR;1;2021-04-27;220002;161964;460;9891900;5336171;3230
FR;1;2021-04-28;236968;155098;889;10128868;5491269;4119
FR;1;2021-04-29;268685;160050;765;10397553;5651319;4884
FR;1;2021-04-30;270385;148137;587;10667938;5799456;5471
FR;1;2021-05-01;138924;40707;93;10806862;5840163;5564
FR;1;2021-05-02;80790;28150;46;10887652;5868313;5610
FR;1;2021-05-03;248228;146451;470;11135880;6014764;6080
FR;1;2021-05-04;263437;186829;684;11399317;6201593;6764
FR;1;2021-05-05;280485;184554;664;11679802;6386147;7428
FR;1;2021-05-06;307007;183016;893;11986809;6569163;8321
FR;1;2021-05-07;281970;195714;620;12268779;6764877;8941
FR;1;2021-05-08;190560;48334;122;12459339;6813211;9063
FR;1;2021-05-09;113453;36212;78;12572792;6849423;9141
FR;1;2021-05-10;254388;194245;636;12827180;7043668;9777
FR;1;2021-05-11;316424;211384;810;13143604;7255052;10587
FR;1;2021-05-12;353518;185888;698;13497122;7440940;11285
FR;1;2021-05-13;281019;47646;206;13778141;7488586;11491
FR;1;2021-05-14;367582;128844;550;14145723;7617430;12041
FR;1;2021-05-15;295274;66142;171;14440997;7683572;12212
FR;1;2021-05-16;156810;15578;68;14597807;7699150;12280
FR;1;2021-05-17;316651;116681;790;14914458;7815831;13070
FR;1;2021-05-18;379836;111318;1013;15294294;7927149;14083
FR;1;2021-05-19;392720;102906;1244;15687014;8030055;15327
FR;1;2021-05-20;418755;96307;1127;16105769;8126362;16454
FR;1;2021-05-21;397214;97371;938;16502983;8223733;17392
FR;1;2021-05-22;274208;42080;313;16777191;8265813;17705
FR;1;2021-05-23;122371;11208;125;16899562;8277021;17830
FR;1;2021-05-24;242694;26304;309;17142256;8303325;18139
FR;1;2021-05-25;363714;131933;1152;17505970;8435258;19291
FR;1;2021-05-26;378490;125691;1135;17884460;8560949;20426
FR;1;2021-05-27;403786;128216;1187;18288246;8689165;21613
FR;1;2021-05-28;363930;145539;921;18652176;8834704;22534
FR;1;2021-05-29;252830;80974;288;18905006;8915678;22822
FR;1;2021-05-30;100292;22571;84;19005298;8938249;22906
FR;1;2021-05-31;312551;148812;733;19317849;9087061;23639
FR;1;2021-06-01;353782;166786;975;19671631;9253847;24614
FR;1;2021-06-02;358281;153255;1024;20029912;9407102;25638
FR;1;2021-06-03;384643;147758;866;20414555;9554860;26504
FR;1;2021-06-04;359951;175668;823;20774506;9730528;27327
FR;1;2021-06-05;256456;112795;327;21030962;9843323;27654
FR;1;2021-06-06;125247;37535;122;21156209;9880858;27776
FR;1;2021-06-07;296238;208211;768;21452447;10089069;28544
FR;1;2021-06-08;327388;221088;873;21779835;10310157;29417
FR;1;2021-06-09;332666;212685;942;22112501;10522842;30359
FR;1;2021-06-10;338477;202293;971;22450978;10725135;31330
FR;1;2021-06-11;309411;235546;682;22760389;10960681;32012
FR;1;2021-06-12;242362;150857;220;23002751;11111538;32232
FR;1;2021-06-13;99512;61083;103;23102263;11172621;32335
FR;1;2021-06-14;205458;289174;746;23307721;11461795;33081
FR;1;2021-06-15;253709;282560;760;23561430;11744355;33841
FR;1;2021-06-16;270656;270591;742;23832086;12014946;34583
FR;1;2021-06-17;265362;244530;655;24097448;12259476;35238
FR;1;2021-06-18;258337;296147;597;24355785;12555623;35835
FR;1;2021-06-19;192363;209699;204;24548148;12765322;36039
FR;1;2021-06-20;68892;89195;57;24617040;12854517;36096
FR;1;2021-06-21;170227;320160;517;24787267;13174677;36613
FR;1;2021-06-22;183710;347844;606;24970977;13522521;37219
FR;1;2021-06-23;201753;339564;613;25172730;13862085;37832
FR;1;2021-06-24;201300;281907;645;25374030;14143992;38477
FR;1;2021-06-25;179943;372050;671;25553973;14516042;39148
FR;1;2021-06-26;130360;278512;251;25684333;14794554;39399
FR;1;2021-06-27;51845;123056;77;25736178;14917610;39476
FR;1;2021-06-28;135035;368549;629;25871213;15286159;40105
FR;1;2021-06-29;153388;389708;1692;26024601;15675867;41797
FR;1;2021-06-30;178157;378457;1548;26202758;16054324;43345
FR;1;2021-07-01;194410;332308;1806;26397168;16386632;45151
FR;1;2021-07-02;188932;367924;1689;26586100;16754556;46840
FR;1;2021-07-03;122765;280668;682;26708865;17035224;47522
FR;1;2021-07-04;53227;113778;240;26762092;17149002;47762
FR;1;2021-07-05;150303;356356;1426;26912395;17505358;49188
FR;1;2021-07-06;170279;382857;1520;27082674;17888215;50708
FR;1;2021-07-07;186839;362888;1528;27269513;18251103;52236
FR;1;2021-07-08;198538;323231;1749;27468051;18574334;53985
FR;1;2021-07-09;187393;386850;1774;27655444;18961184;55759
FR;1;2021-07-10;128386;281100;780;27783830;19242284;56539
FR;1;2021-07-11;57032;102514;247;27840862;19344798;56786
FR;1;2021-07-12;147183;417152;1539;27988045;19761950;58325
FR;1;2021-07-13;231486;439845;1731;28219531;20201795;60056
FR;1;2021-07-14;169692;151683;402;28389223;20353478;60458
FR;1;2021-07-15;276268;424906;1779;28665491;20778384;62237
FR;1;2021-07-16;287381;401529;1637;28952872;21179913;63874
FR;1;2021-07-17;215749;282384;712;29168621;21462297;64586
FR;1;2021-07-18;101399;107482;282;29270020;21569779;64868
FR;1;2021-07-19;236232;379580;1445;29506252;21949359;66313
FR;1;2021-07-20;303240;381417;1408;29809492;22330776;67721
FR;1;2021-07-21;330757;353925;1356;30140249;22684701;69077
FR;1;2021-07-22;362139;319639;1444;30502388;23004340;70521
FR;1;2021-07-23;345453;343283;1500;30847841;23347623;72021
FR;1;2021-07-24;238287;241446;664;31086128;23589069;72685
FR;1;2021-07-25;112205;76172;209;31198333;23665241;72894
FR;1;2021-07-26;297621;290553;1452;31495954;23955794;74346
FR;1;2021-07-27;383588;269083;1408;31879542;24224877;75754
FR;1;2021-07-28;386905;251658;1423;32266447;24476535;77177
FR;1;2021-07-29;403600;228063;1495;32670047;24704598;78672
FR;1;2021-07-30;366525;246796;1589;33036572;24951394;80261
FR;1;2021-07-31;242538;165045;770;33279110;25116439;81031
FR;1;2021-08-01;102684;47267;198;33381794;25163706;81229
FR;1;2021-08-02;280800;212875;1421;33662594;25376581;82650
FR;1;2021-08-03;323348;209377;1452;33985942;25585958;84102
FR;1;2021-08-04;321530;184493;1318;34307472;25770451;85420
FR;1;2021-08-05;296427;193340;1395;34603899;25963791;86815
FR;1;2021-08-06;285445;224786;1487;34889344;26188577;88302
FR;1;2021-08-07;180316;159103;625;35069660;26347680;88927
FR;1;2021-08-08;67221;59225;206;35136881;26406905;89133
FR;1;2021-08-09;217918;236423;1372;35354799;26643328;90505
FR;1;2021-08-10;247104;241238;1405;35601903;26884566;91910
FR;1;2021-08-11;231130;232964;1141;35833033;27117530;93051
FR;1;2021-08-12;215026;240100;1404;36048059;27357630;94455
FR;1;2021-08-13;195084;236989;1300;36243143;27594619;95755
FR;1;2021-08-14;118677;174836;603;36361820;27769455;96358
FR;1;2021-08-15;33208;46250;156;36395028;27815705;96514
FR;1;2021-08-16;150139;290190;1329;36545167;28105895;97843
FR;1;2021-08-17;166908;292037;1330;36712075;28397932;99173
FR;1;2021-08-18;157111;287091;1300;36869186;28685023;100473
FR;1;2021-08-19;144870;277492;1314;37014056;28962515;101787
FR;1;2021-08-20;135045;307912;1402;37149101;29270427;103189
FR;1;2021-08-21;82373;213223;537;37231474;29483650;103726
FR;1;2021-08-22;27837;82747;186;37259311;29566397;103912
FR;1;2021-08-23;115183;321031;1331;37374494;29887428;105243
FR;1;2021-08-24;123649;319945;1499;37498143;30207373;106742
FR;1;2021-08-25;118144;306387;1659;37616287;30513760;108401
FR;1;2021-08-26;103763;285578;2028;37720050;30799338;110429
FR;1;2021-08-27;104188;320807;2187;37824238;31120145;112616
FR;1;2021-08-28;69398;220813;1023;37893636;31340958;113639
FR;1;2021-08-29;23546;77987;408;37917182;31418945;114047
FR;1;2021-08-30;93960;286355;4082;38011142;31705300;118129
FR;1;2021-08-31;95111;276468;8726;38106253;31981768;126855
FR;1;2021-09-01;90897;244824;19108;38197150;32226592;145963
FR;2;2020-12-27;0;0;0;0;0;0
FR;2;2020-12-28;0;0;0;0;0;0
FR;2;2020-12-29;0;0;0;0;0;0
FR;2;2020-12-30;0;0;0;0;0;0
FR;2;2020-12-31;0;0;0;0;0;0
FR;2;2021-01-01;0;0;0;0;0;0
FR;2;2021-01-02;0;0;0;0;0;0
FR;2;2021-01-03;0;0;0;0;0;0
FR;2;2021-01-04;0;0;0;0;0;0
FR;2;2021-01-05;0;0;0;0;0;0
FR;2;2021-01-06;0;0;0;0;0;0
FR;2;2021-01-07;0;0;0;0;0;0
FR;2;2021-01-08;0;0;0;0;0;0
FR;2;2021-01-09;0;0;0;0;0;0
FR;2;2021-01-10;0;0;0;0;0;0
FR;2;2021-01-11;0;0;0;0;0;0
FR;2;2021-01-12;0;0;0;0;0;0
FR;2;2021-01-13;0;0;0;0;0;0
FR;2;2021-01-14;805;0;0;805;0;0
FR;2;2021-01-15;292;0;0;1097;0;0
FR;2;2021-01-16;235;0;0;1332;0;0
FR;2;2021-01-17;36;0;0;1368;0;0
FR;2;2021-01-18;2996;0;0;4364;0;0
FR;2;2021-01-19;4590;0;0;8954;0;0
FR;2;2021-01-20;5015;0;0;13969;0;0
FR;2;2021-01-21;5210;0;0;19179;0;0
FR;2;2021-01-22;4993;0;0;24172;0;0
FR;2;2021-01-23;1799;0;0;25971;0;0
FR;2;2021-01-24;128;0;0;26099;0;0
FR;2;2021-01-25;3725;0;0;29824;0;0
FR;2;2021-01-26;3805;0;0;33629;0;0
FR;2;2021-01-27;3495;0;0;37124;0;0
FR;2;2021-01-28;3602;0;0;40726;0;0
FR;2;2021-01-29;3162;0;0;43888;0;0
FR;2;2021-01-30;1090;0;0;44978;0;0
FR;2;2021-01-31;14;0;0;44992;0;0
FR;2;2021-02-01;3309;0;0;48301;0;0
FR;2;2021-02-02;4370;0;0;52671;0;0
FR;2;2021-02-03;5086;0;0;57757;0;0
FR;2;2021-02-04;4805;3;0;62562;3;0
FR;2;2021-02-05;4690;6;0;67252;9;0
FR;2;2021-02-06;1965;3;0;69217;12;0
FR;2;2021-02-07;60;0;0;69277;12;0
FR;2;2021-02-08;7471;8;0;76748;20;0
FR;2;2021-02-09;8307;15;0;85055;35;0
FR;2;2021-02-10;9207;50;0;94262;85;0
FR;2;2021-02-11;10131;66;0;104393;151;0
FR;2;2021-02-12;9902;238;0;114295;389;0
FR;2;2021-02-13;3060;221;0;117355;610;0
FR;2;2021-02-14;319;0;0;117674;610;0
FR;2;2021-02-15;3392;3067;0;121066;3677;0
FR;2;2021-02-16;4989;3880;0;126055;7557;0
FR;2;2021-02-17;4161;4402;0;130216;11959;0
FR;2;2021-02-18;5303;5089;0;135519;17048;0
FR;2;2021-02-19;5250;4323;0;140769;21371;0
FR;2;2021-02-20;1801;1508;0;142570;22879;0
FR;2;2021-02-21;215;86;0;142785;22965;0
FR;2;2021-02-22;3557;3722;0;146342;26687;0
FR;2;2021-02-23;4868;3693;0;151210;30380;0
FR;2;2021-02-24;4896;3468;0;156106;33848;0
FR;2;2021-02-25;5364;3426;0;161470;37274;0
FR;2;2021-02-26;4281;3124;0;165751;40398;0
FR;2;2021-02-27;1559;1042;0;167310;41440;0
FR;2;2021-02-28;133;28;0;167443;41468;0
FR;2;2021-03-01;5037;3764;0;172480;45232;0
FR;2;2021-03-02;6388;4727;0;178868;49959;0
FR;2;2021-03-03;6389;4882;0;185257;54841;0
FR;2;2021-03-04;8233;3966;0;193490;58807;0
FR;2;2021-03-05;7871;4058;0;201361;62865;0
FR;2;2021-03-06;4685;1683;0;206046;64548;0
FR;2;2021-03-07;2328;29;0;208374;64577;0
FR;2;2021-03-08;4053;8311;0;212427;72888;0
FR;2;2021-03-09;7364;8430;0;219791;81318;0
FR;2;2021-03-10;6954;9108;0;226745;90426;0
FR;2;2021-03-11;9226;9207;0;235971;99633;0
FR;2;2021-03-12;7821;8161;0;243792;107794;0
FR;2;2021-03-13;9949;2510;0;253741;110304;0
FR;2;2021-03-14;4801;402;0;258542;110706;0
FR;2;2021-03-15;10757;3483;0;269299;114189;0
FR;2;2021-03-16;16614;4621;0;285913;118810;0
FR;2;2021-03-17;20052;3952;0;305965;122762;0
FR;2;2021-03-18;23154;4907;0;329119;127669;0
FR;2;2021-03-19;23100;4537;0;352219;132206;0
FR;2;2021-03-20;25308;1539;0;377527;133745;0
FR;2;2021-03-21;17571;147;0;395098;133892;0
FR;2;2021-03-22;17593;3079;0;412691;136971;0
FR;2;2021-03-23;22464;4184;0;435155;141155;0
FR;2;2021-03-24;23741;4985;0;458896;146140;0
FR;2;2021-03-25;26510;5018;0;485406;151158;0
FR;2;2021-03-26;26766;4262;0;512172;155420;0
FR;2;2021-03-27;15794;1308;0;527966;156728;0
FR;2;2021-03-28;10495;92;0;538461;156820;0
FR;2;2021-03-29;18816;4278;0;557277;161098;0
FR;2;2021-03-30;24342;6018;0;581619;167116;0
FR;2;2021-03-31;28349;5954;0;609968;173070;0
FR;2;2021-04-01;34266;8479;0;644234;181549;0
FR;2;2021-04-02;29763;7685;0;673997;189234;0
FR;2;2021-04-03;16836;3580;0;690833;192814;0
FR;2;2021-04-04;9231;918;1;700064;193732;1
FR;2;2021-04-05;12261;807;0;712325;194539;1
FR;2;2021-04-06;26940;6926;0;739265;201465;1
FR;2;2021-04-07;30728;7156;0;769993;208621;1
FR;2;2021-04-08;36670;8818;0;806663;217439;1
FR;2;2021-04-09;33596;8593;27;840259;226032;28
FR;2;2021-04-10;19556;8969;0;859815;235001;28
FR;2;2021-04-11;7854;4271;0;867669;239272;28
FR;2;2021-04-12;16958;11251;0;884627;250523;28
FR;2;2021-04-13;19281;16425;1;903908;266948;29
FR;2;2021-04-14;17826;16279;2;921734;283227;31
FR;2;2021-04-15;21991;20755;24;943725;303982;55
FR;2;2021-04-16;20534;20075;38;964259;324057;93
FR;2;2021-04-17;13137;22461;3;977396;346518;96
FR;2;2021-04-18;5833;14403;2;983229;360921;98
FR;2;2021-04-19;16606;16254;17;999835;377175;115
FR;2;2021-04-20;19085;21577;23;1018920;398752;138
FR;2;2021-04-21;20029;21665;40;1038949;420417;178
FR;2;2021-04-22;23567;24853;16;1062516;445270;194
FR;2;2021-04-23;24326;25349;62;1086842;470619;256
FR;2;2021-04-24;25156;15103;15;1111998;485722;271
FR;2;2021-04-25;9534;8588;4;1121532;494310;275
FR;2;2021-04-26;16997;17198;14;1138529;511508;289
FR;2;2021-04-27;19102;24299;32;1157631;535807;321
FR;2;2021-04-28;22171;26180;95;1179802;561987;416
FR;2;2021-04-29;25286;30130;51;1205088;592117;467
FR;2;2021-04-30;25396;27774;30;1230484;619891;497
FR;2;2021-05-01;14864;9858;2;1245348;629749;499
FR;2;2021-05-02;6563;9183;1;1251911;638932;500
FR;2;2021-05-03;19823;19315;15;1271734;658247;515
FR;2;2021-05-04;18119;29054;12;1289853;687301;527
FR;2;2021-05-05;18092;29407;23;1307945;716708;550
FR;2;2021-05-06;23317;35286;87;1331262;751994;637
FR;2;2021-05-07;25051;33223;64;1356313;785217;701
FR;2;2021-05-08;21146;9701;5;1377459;794918;706
FR;2;2021-05-09;13066;7893;2;1390525;802811;708
FR;2;2021-05-10;32631;22216;20;1423156;825027;728
FR;2;2021-05-11;43320;21072;40;1466476;846099;768
FR;2;2021-05-12;49676;19896;67;1516152;865995;835
FR;2;2021-05-13;50980;5766;10;1567132;871761;845
FR;2;2021-05-14;61000;12953;26;1628132;884714;871
FR;2;2021-05-15;65612;7148;9;1693744;891862;880
FR;2;2021-05-16;43331;2575;4;1737075;894437;884
FR;2;2021-05-17;44443;12585;50;1781518;907022;934
FR;2;2021-05-18;54295;12244;69;1835813;919266;1003
FR;2;2021-05-19;56826;10611;119;1892639;929877;1122
FR;2;2021-05-20;63036;10875;132;1955675;940752;1254
FR;2;2021-05-21;63930;11663;104;2019605;952415;1358
FR;2;2021-05-22;61229;4513;27;2080834;956928;1385
FR;2;2021-05-23;37322;570;8;2118156;957498;1393
FR;2;2021-05-24;17015;2030;18;2135171;959528;1411
FR;2;2021-05-25;20816;12237;140;2155987;971765;1551
FR;2;2021-05-26;19591;11457;139;2175578;983222;1690
FR;2;2021-05-27;22678;12663;114;2198256;995885;1804
FR;2;2021-05-28;29115;14977;120;2227371;1010862;1924
FR;2;2021-05-29;30227;8181;33;2257598;1019043;1957
FR;2;2021-05-30;4561;1812;2;2262159;1020855;1959
FR;2;2021-05-31;28378;18748;112;2290537;1039603;2071
FR;2;2021-06-01;45304;20068;140;2335841;1059671;2211
FR;2;2021-06-02;37170;19308;93;2373011;1078979;2304
FR;2;2021-06-03;50955;23384;87;2423966;1102363;2391
FR;2;2021-06-04;65231;24097;111;2489197;1126460;2502
FR;2;2021-06-05;34304;24041;19;2523501;1150501;2521
FR;2;2021-06-06;4837;6203;4;2528338;1156704;2525
FR;2;2021-06-07;27919;23098;85;2556257;1179802;2610
FR;2;2021-06-08;46096;22959;87;2602353;1202761;2697
FR;2;2021-06-09;34058;20911;48;2636411;1223672;2745
FR;2;2021-06-10;42392;19155;32;2678803;1242827;2777
FR;2;2021-06-11;55085;25249;60;2733888;1268076;2837
FR;2;2021-06-12;30411;19815;26;2764299;1287891;2863
FR;2;2021-06-13;3236;9189;3;2767535;1297080;2866
FR;2;2021-06-14;25103;24187;48;2792638;1321267;2914
FR;2;2021-06-15;38786;22890;59;2831424;1344157;2973
FR;2;2021-06-16;29976;21486;80;2861400;1365643;3053
FR;2;2021-06-17;36682;25901;73;2898082;1391544;3126
FR;2;2021-06-18;46680;28801;59;2944762;1420345;3185
FR;2;2021-06-19;24419;24918;19;2969181;1445263;3204
FR;2;2021-06-20;2701;10071;5;2971882;1455334;3209
FR;2;2021-06-21;17311;42776;49;2989193;1498110;3258
FR;2;2021-06-22;28177;49617;67;3017370;1547727;3325
FR;2;2021-06-23;21639;49620;64;3039009;1597347;3389
FR;2;2021-06-24;28241;50312;77;3067250;1647659;3466
FR;2;2021-06-25;33242;60436;80;3100492;1708095;3546
FR;2;2021-06-26;16264;59292;28;3116756;1767387;3574
FR;2;2021-06-27;2512;29357;11;3119268;1796744;3585
FR;2;2021-06-28;12494;54386;34;3131762;1851130;3619
FR;2;2021-06-29;19754;59910;174;3151516;1911040;3793
FR;2;2021-06-30;16205;57788;215;3167721;1968828;4008
FR;2;2021-07-01;20228;59921;211;3187949;2028749;4219
FR;2;2021-07-02;23916;62225;179;3211865;2090974;4398
FR;2;2021-07-03;11979;57110;155;3223844;2148084;4553
FR;2;2021-07-04;1899;23335;20;3225743;2171419;4573
FR;2;2021-07-05;8953;29372;101;3234696;2200791;4674
FR;2;2021-07-06;14353;36214;129;3249049;2237005;4803
FR;2;2021-07-07;14087;33693;135;3263136;2270698;4938
FR;2;2021-07-08;19471;40305;159;3282607;2311003;5097
FR;2;2021-07-09;26885;54289;193;3309492;2365292;5290
FR;2;2021-07-10;13243;33684;108;3322735;2398976;5398
FR;2;2021-07-11;1634;4329;12;3324369;2403305;5410
FR;2;2021-07-12;12765;37289;110;3337134;2440594;5520
FR;2;2021-07-13;36914;53293;151;3374048;2493887;5671
FR;2;2021-07-14;6393;3579;14;3380441;2497466;5685
FR;2;2021-07-15;46963;47068;152;3427404;2544534;5837
FR;2;2021-07-16;64048;55885;172;3491452;2600419;6009
FR;2;2021-07-17;31405;23964;95;3522857;2624383;6104
FR;2;2021-07-18;5983;4946;18;3528840;2629329;6122
FR;2;2021-07-19;32754;28743;89;3561594;2658072;6211
FR;2;2021-07-20;51738;44608;143;3613332;2702680;6354
FR;2;2021-07-21;44997;34842;90;3658329;2737522;6444
FR;2;2021-07-22;55977;41116;123;3714306;2778638;6567
FR;2;2021-07-23;68020;49151;169;3782326;2827789;6736
FR;2;2021-07-24;35953;21564;79;3818279;2849353;6815
FR;2;2021-07-25;6620;2679;10;3824899;2852032;6825
FR;2;2021-07-26;36084;22523;88;3860983;2874555;6913
FR;2;2021-07-27;62020;34673;178;3923003;2909228;7091
FR;2;2021-07-28;54953;26497;129;3977956;2935725;7220
FR;2;2021-07-29;67990;32805;179;4045946;2968530;7399
FR;2;2021-07-30;73915;37799;212;4119861;3006329;7611
FR;2;2021-07-31;34408;16168;93;4154269;3022497;7704
FR;2;2021-08-01;5189;2308;13;4159458;3024805;7717
FR;2;2021-08-02;35167;16197;95;4194625;3041002;7812
FR;2;2021-08-03;55356;28261;133;4249981;3069263;7945
FR;2;2021-08-04;46055;20861;127;4296036;3090124;8072
FR;2;2021-08-05;53942;31600;207;4349978;3121724;8279
FR;2;2021-08-06;57393;42381;231;4407371;3164105;8510
FR;2;2021-08-07;24730;17597;90;4432101;3181702;8600
FR;2;2021-08-08;3699;3669;18;4435800;3185371;8618
FR;2;2021-08-09;28762;21157;79;4464562;3206528;8697
FR;2;2021-08-10;44365;33551;140;4508927;3240079;8837
FR;2;2021-08-11;34710;25157;132;4543637;3265236;8969
FR;2;2021-08-12;41211;35754;152;4584848;3300990;9121
FR;2;2021-08-13;41766;36310;201;4626614;3337300;9322
FR;2;2021-08-14;18048;22646;88;4644662;3359946;9410
FR;2;2021-08-15;2776;3846;10;4647438;3363792;9420
FR;2;2021-08-16;24470;27390;88;4671908;3391182;9508
FR;2;2021-08-17;37630;43548;185;4709538;3434730;9693
FR;2;2021-08-18;31704;36416;167;4741242;3471146;9860
FR;2;2021-08-19;36906;46596;206;4778148;3517742;10066
FR;2;2021-08-20;39747;55504;242;4817895;3573246;10308
FR;2;2021-08-21;17700;24267;96;4835595;3597513;10404
FR;2;2021-08-22;2786;4315;18;4838381;3601828;10422
FR;2;2021-08-23;18746;35138;112;4857127;3636966;10534
FR;2;2021-08-24;31410;56060;210;4888537;3693026;10744
FR;2;2021-08-25;25482;43428;214;4914019;3736454;10958
FR;2;2021-08-26;31709;55670;349;4945728;3792124;11307
FR;2;2021-08-27;36192;65435;413;4981920;3857559;11720
FR;2;2021-08-28;17254;28368;267;4999174;3885927;11987
FR;2;2021-08-29;2519;5100;42;5001693;3891027;12029
FR;2;2021-08-30;17798;37806;331;5019491;3928833;12360
FR;2;2021-08-31;27346;57503;747;5046837;3986336;13107
FR;2;2021-09-01;20091;39850;1097;5066928;4026186;14204
FR;3;2020-12-27;0;0;0;0;0;0
FR;3;2020-12-28;0;0;0;0;0;0
FR;3;2020-12-29;0;0;0;0;0;0
FR;3;2020-12-30;0;0;0;0;0;0
FR;3;2020-12-31;0;0;0;0;0;0
FR;3;2021-01-01;0;0;0;0;0;0
FR;3;2021-01-02;0;0;0;0;0;0
FR;3;2021-01-03;0;0;0;0;0;0
FR;3;2021-01-04;0;0;0;0;0;0
FR;3;2021-01-05;0;0;0;0;0;0
FR;3;2021-01-06;0;0;0;0;0;0
FR;3;2021-01-07;0;0;0;0;0;0
FR;3;2021-01-08;0;0;0;0;0;0
FR;3;2021-01-09;0;0;0;0;0;0
FR;3;2021-01-10;0;0;0;0;0;0
FR;3;2021-01-11;0;0;0;0;0;0
FR;3;2021-01-12;0;0;0;0;0;0
FR;3;2021-01-13;0;0;0;0;0;0
FR;3;2021-01-14;0;0;0;0;0;0
FR;3;2021-01-15;0;0;0;0;0;0
FR;3;2021-01-16;0;0;0;0;0;0
FR;3;2021-01-17;0;0;0;0;0;0
FR;3;2021-01-18;0;0;0;0;0;0
FR;3;2021-01-19;0;0;0;0;0;0
FR;3;2021-01-20;0;0;0;0;0;0
FR;3;2021-01-21;0;0;0;0;0;0
FR;3;2021-01-22;0;0;0;0;0;0
FR;3;2021-01-23;0;0;0;0;0;0
FR;3;2021-01-24;0;0;0;0;0;0
FR;3;2021-01-25;0;0;0;0;0;0
FR;3;2021-01-26;0;0;0;0;0;0
FR;3;2021-01-27;0;0;0;0;0;0
FR;3;2021-01-28;0;0;0;0;0;0
FR;3;2021-01-29;0;0;0;0;0;0
FR;3;2021-01-30;0;0;0;0;0;0
FR;3;2021-01-31;0;0;0;0;0;0
FR;3;2021-02-01;0;0;0;0;0;0
FR;3;2021-02-02;0;0;0;0;0;0
FR;3;2021-02-03;0;0;0;0;0;0
FR;3;2021-02-04;0;0;0;0;0;0
FR;3;2021-02-05;0;0;0;0;0;0
FR;3;2021-02-06;746;0;0;746;0;0
FR;3;2021-02-07;1372;0;0;2118;0;0
FR;3;2021-02-08;2691;0;0;4809;0;0
FR;3;2021-02-09;6693;0;0;11502;0;0
FR;3;2021-02-10;9441;0;0;20943;0;0
FR;3;2021-02-11;13463;0;0;34406;0;0
FR;3;2021-02-12;13177;0;0;47583;0;0
FR;3;2021-02-13;3580;0;0;51163;0;0
FR;3;2021-02-14;900;0;0;52063;0;0
FR;3;2021-02-15;10254;0;0;62317;0;0
FR;3;2021-02-16;12323;0;0;74640;0;0
FR;3;2021-02-17;10954;0;0;85594;0;0
FR;3;2021-02-18;14722;0;0;100316;0;0
FR;3;2021-02-19;14212;0;0;114528;0;0
FR;3;2021-02-20;3224;0;0;117752;0;0
FR;3;2021-02-21;571;0;0;118323;0;0
FR;3;2021-02-22;9021;0;0;127344;0;0
FR;3;2021-02-23;11219;0;0;138563;0;0
FR;3;2021-02-24;14084;0;0;152647;0;0
FR;3;2021-02-25;44704;0;0;197351;0;0
FR;3;2021-02-26;61689;0;0;259040;0;0
FR;3;2021-02-27;34647;6;0;293687;6;0
FR;3;2021-02-28;2393;0;0;296080;6;0
FR;3;2021-03-01;20182;9;0;316262;15;0
FR;3;2021-03-02;38610;12;0;354872;27;0
FR;3;2021-03-03;48401;14;0;403273;41;0
FR;3;2021-03-04;81897;18;0;485170;59;0
FR;3;2021-03-05;117762;41;0;602932;100;0
FR;3;2021-03-06;120302;47;1;723234;147;1
FR;3;2021-03-07;54973;27;0;778207;174;1
FR;3;2021-03-08;42527;20;0;820734;194;1
FR;3;2021-03-09;78658;30;0;899392;224;1
FR;3;2021-03-10;80521;36;0;979913;260;1
FR;3;2021-03-11;128042;46;0;1107955;306;1
FR;3;2021-03-12;182294;67;0;1290249;373;1
FR;3;2021-03-13;131840;50;0;1422089;423;1
FR;3;2021-03-14;13936;4;0;1436025;427;1
FR;3;2021-03-15;51916;34;0;1487941;461;1
FR;3;2021-03-16;1033;13;0;1488974;474;1
FR;3;2021-03-17;785;6;0;1489759;480;1
FR;3;2021-03-18;1375;4;0;1491134;484;1
FR;3;2021-03-19;70168;36;0;1561302;520;1
FR;3;2021-03-20;65005;35;0;1626307;555;1
FR;3;2021-03-21;5624;4;0;1631931;559;1
FR;3;2021-03-22;37215;30;0;1669146;589;1
FR;3;2021-03-23;84298;49;0;1753444;638;1
FR;3;2021-03-24;90638;89;0;1844082;727;1
FR;3;2021-03-25;149705;114;0;1993787;841;1
FR;3;2021-03-26;165055;152;0;2158842;993;1
FR;3;2021-03-27;68211;88;0;2227053;1081;1
FR;3;2021-03-28;6355;19;0;2233408;1100;1
FR;3;2021-03-29;53906;59;0;2287314;1159;1
FR;3;2021-03-30;92877;87;0;2380191;1246;1
FR;3;2021-03-31;63242;81;0;2443433;1327;1
FR;3;2021-04-01;85806;99;0;2529239;1426;1
FR;3;2021-04-02;86662;143;0;2615901;1569;1
FR;3;2021-04-03;35696;108;0;2651597;1677;1
FR;3;2021-04-04;3466;15;0;2655063;1692;1
FR;3;2021-04-05;4352;21;0;2659415;1713;1
FR;3;2021-04-06;29456;72;0;2688871;1785;1
FR;3;2021-04-07;32051;59;0;2720922;1844;1
FR;3;2021-04-08;78534;232;0;2799456;2076;1
FR;3;2021-04-09;161437;405;0;2960893;2481;1
FR;3;2021-04-10;75509;329;0;3036402;2810;1
FR;3;2021-04-11;7205;42;0;3043607;2852;1
FR;3;2021-04-12;51207;195;0;3094814;3047;1
FR;3;2021-04-13;85925;309;0;3180739;3356;1
FR;3;2021-04-14;67490;337;0;3248229;3693;1
FR;3;2021-04-15;92804;363;0;3341033;4056;1
FR;3;2021-04-16;112211;567;0;3453244;4623;1
FR;3;2021-04-17;53104;320;1;3506348;4943;2
FR;3;2021-04-18;9602;32;0;3515950;4975;2
FR;3;2021-04-19;24851;228;0;3540801;5203;2
FR;3;2021-04-20;45352;389;0;3586153;5592;2
FR;3;2021-04-21;38663;442;0;3624816;6034;2
FR;3;2021-04-22;54443;780;0;3679259;6814;2
FR;3;2021-04-23;70234;1009;0;3749493;7823;2
FR;3;2021-04-24;37060;969;0;3786553;8792;2
FR;3;2021-04-25;6061;152;0;3792614;8944;2
FR;3;2021-04-26;19501;648;0;3812115;9592;2
FR;3;2021-04-27;34190;1240;0;3846305;10832;2
FR;3;2021-04-28;28732;1926;0;3875037;12758;2
FR;3;2021-04-29;45131;5946;0;3920168;18704;2
FR;3;2021-04-30;55257;8921;0;3975425;27625;2
FR;3;2021-05-01;9362;1964;0;3984787;29589;2
FR;3;2021-05-02;2920;498;0;3987707;30087;2
FR;3;2021-05-03;12816;3881;0;4000523;33968;2
FR;3;2021-05-04;22820;8427;0;4023343;42395;2
FR;3;2021-05-05;18446;10568;0;4041789;52963;2
FR;3;2021-05-06;34333;20892;0;4076122;73855;2
FR;3;2021-05-07;43950;28393;0;4120072;102248;2
FR;3;2021-05-08;6605;8877;0;4126677;111125;2
FR;3;2021-05-09;1680;2651;0;4128357;113776;2
FR;3;2021-05-10;14736;12556;0;4143093;126332;2
FR;3;2021-05-11;26809;25720;0;4169902;152052;2
FR;3;2021-05-12;17042;27446;1;4186944;179498;3
FR;3;2021-05-13;2133;3483;0;4189077;182981;3
FR;3;2021-05-14;14335;25735;0;4203412;208716;3
FR;3;2021-05-15;7065;20730;0;4210477;229446;3
FR;3;2021-05-16;882;2677;0;4211359;232123;3
FR;3;2021-05-17;7731;19907;0;4219090;252030;3
FR;3;2021-05-18;13185;29627;0;4232275;281657;3
FR;3;2021-05-19;9011;31855;0;4241286;313512;3
FR;3;2021-05-20;12546;53210;2;4253832;366722;5
FR;3;2021-05-21;12530;65528;0;4266362;432250;5
FR;3;2021-05-22;4806;33295;0;4271168;465545;5
FR;3;2021-05-23;551;2665;0;4271719;468210;5
FR;3;2021-05-24;648;4915;0;4272367;473125;5
FR;3;2021-05-25;5043;45170;0;4277410;518295;5
FR;3;2021-05-26;4739;51050;1;4282149;569345;6
FR;3;2021-05-27;6083;77830;1;4288232;647175;7
FR;3;2021-05-28;7341;99099;0;4295573;746274;7
FR;3;2021-05-29;3170;60282;1;4298743;806556;8
FR;3;2021-05-30;399;8243;0;4299142;814799;8
FR;3;2021-05-31;2173;35991;0;4301315;850790;8
FR;3;2021-06-01;3103;64811;4;4304418;915601;12
FR;3;2021-06-02;2505;58353;0;4306923;973954;12
FR;3;2021-06-03;3292;87578;3;4310215;1061532;15
FR;3;2021-06-04;3941;105119;10;4314156;1166651;25
FR;3;2021-06-05;1842;52243;0;4315998;1218894;25
FR;3;2021-06-06;314;5399;0;4316312;1224293;25
FR;3;2021-06-07;1191;31182;2;4317503;1255475;27
FR;3;2021-06-08;1798;47281;8;4319301;1302756;35
FR;3;2021-06-09;1524;42394;8;4320825;1345150;43
FR;3;2021-06-10;1965;67997;5;4322790;1413147;48
FR;3;2021-06-11;2308;96797;14;4325098;1509944;62
FR;3;2021-06-12;1032;40835;4;4326130;1550779;66
FR;3;2021-06-13;167;3823;1;4326297;1554602;67
FR;3;2021-06-14;830;42664;11;4327127;1597266;78
FR;3;2021-06-15;1197;80695;5;4328324;1677961;83
FR;3;2021-06-16;1073;65780;6;4329397;1743741;89
FR;3;2021-06-17;1474;101856;18;4330871;1845597;107
FR;3;2021-06-18;1765;117923;22;4332636;1963520;129
FR;3;2021-06-19;732;39405;10;4333368;2002925;139
FR;3;2021-06-20;90;3384;0;4333458;2006309;139
FR;3;2021-06-21;603;39290;8;4334061;2045599;147
FR;3;2021-06-22;920;70018;32;4334981;2115617;179
FR;3;2021-06-23;817;50845;15;4335798;2166462;194
FR;3;2021-06-24;1189;77214;23;4336987;2243676;217
FR;3;2021-06-25;1298;89970;40;4338285;2333646;257
FR;3;2021-06-26;547;33137;12;4338832;2366783;269
FR;3;2021-06-27;104;4027;1;4338936;2370810;270
FR;3;2021-06-28;505;30459;14;4339441;2401269;284
FR;3;2021-06-29;758;56147;93;4340199;2457416;377
FR;3;2021-06-30;788;45061;89;4340987;2502477;466
FR;3;2021-07-01;1027;65663;108;4342014;2568140;574
FR;3;2021-07-02;1187;90450;171;4343201;2658590;745
FR;3;2021-07-03;551;31195;54;4343752;2689785;799
FR;3;2021-07-04;85;4275;3;4343837;2694060;802
FR;3;2021-07-05;524;33933;61;4344361;2727993;863
FR;3;2021-07-06;825;56135;88;4345186;2784128;951
FR;3;2021-07-07;753;43085;77;4345939;2827213;1028
FR;3;2021-07-08;1017;60760;99;4346956;2887973;1127
FR;3;2021-07-09;1161;68838;125;4348117;2956811;1252
FR;3;2021-07-10;556;25054;58;4348673;2981865;1310
FR;3;2021-07-11;72;3311;4;4348745;2985176;1314
FR;3;2021-07-12;533;23933;57;4349278;3009109;1371
FR;3;2021-07-13;1519;34766;88;4350797;3043875;1459
FR;3;2021-07-14;145;2651;2;4350942;3046526;1461
FR;3;2021-07-15;1834;30699;82;4352776;3077225;1543
FR;3;2021-07-16;2409;38905;123;4355185;3116130;1666
FR;3;2021-07-17;974;13753;26;4356159;3129883;1692
FR;3;2021-07-18;205;2610;3;4356364;3132493;1695
FR;3;2021-07-19;1191;17242;34;4357555;3149735;1729
FR;3;2021-07-20;1720;27172;93;4359275;3176907;1822
FR;3;2021-07-21;1553;19754;43;4360828;3196661;1865
FR;3;2021-07-22;1740;27806;79;4362568;3224467;1944
FR;3;2021-07-23;2098;30480;113;4364666;3254947;2057
FR;3;2021-07-24;758;7022;23;4365424;3261969;2080
FR;3;2021-07-25;173;1351;1;4365597;3263320;2081
FR;3;2021-07-26;806;10736;28;4366403;3274056;2109
FR;3;2021-07-27;1060;16983;55;4367463;3291039;2164
FR;3;2021-07-28;866;12136;37;4368329;3303175;2201
FR;3;2021-07-29;1035;15872;63;4369364;3319047;2264
FR;3;2021-07-30;1040;18112;75;4370404;3337159;2339
FR;3;2021-07-31;336;3751;13;4370740;3340910;2352
FR;3;2021-08-01;46;484;1;4370786;3341394;2353
FR;3;2021-08-02;315;5163;23;4371101;3346557;2376
FR;3;2021-08-03;411;7589;25;4371512;3354146;2401
FR;3;2021-08-04;364;4893;24;4371876;3359039;2425
FR;3;2021-08-05;353;3750;12;4372229;3362789;2437
FR;3;2021-08-06;387;4786;28;4372616;3367575;2465
FR;3;2021-08-07;159;1926;11;4372775;3369501;2476
FR;3;2021-08-08;50;423;2;4372825;3369924;2478
FR;3;2021-08-09;210;2521;10;4373035;3372445;2488
FR;3;2021-08-10;265;3898;13;4373300;3376343;2501
FR;3;2021-08-11;188;2719;14;4373488;3379062;2515
FR;3;2021-08-12;210;2627;12;4373698;3381689;2527
FR;3;2021-08-13;209;2252;15;4373907;3383941;2542
FR;3;2021-08-14;126;937;1;4374033;3384878;2543
FR;3;2021-08-15;24;161;0;4374057;3385039;2543
FR;3;2021-08-16;82;1092;8;4374139;3386131;2551
FR;3;2021-08-17;119;1495;7;4374258;3387626;2558
FR;3;2021-08-18;132;1347;8;4374390;3388973;2566
FR;3;2021-08-19;122;1427;9;4374512;3390400;2575
FR;3;2021-08-20;119;1629;15;4374631;3392029;2590
FR;3;2021-08-21;58;583;0;4374689;3392612;2590
FR;3;2021-08-22;18;168;1;4374707;3392780;2591
FR;3;2021-08-23;89;921;7;4374796;3393701;2598
FR;3;2021-08-24;89;960;9;4374885;3394661;2607
FR;3;2021-08-25;85;836;2;4374970;3395497;2609
FR;3;2021-08-26;117;877;9;4375087;3396374;2618
FR;3;2021-08-27;122;953;9;4375209;3397327;2627
FR;3;2021-08-28;72;354;3;4375281;3397681;2630
FR;3;2021-08-29;14;124;1;4375295;3397805;2631
FR;3;2021-08-30;57;596;0;4375352;3398401;2631
FR;3;2021-08-31;73;712;7;4375425;3399113;2638
FR;3;2021-09-01;64;468;4;4375489;3399581;2642
FR;4;2020-12-27;0;0;0;0;0;0
FR;4;2020-12-28;0;0;0;0;0;0
FR;4;2020-12-29;0;0;0;0;0;0
FR;4;2020-12-30;0;0;0;0;0;0
FR;4;2020-12-31;0;0;0;0;0;0
FR;4;2021-01-01;0;0;0;0;0;0
FR;4;2021-01-02;0;0;0;0;0;0
FR;4;2021-01-03;0;0;0;0;0;0
FR;4;2021-01-04;0;0;0;0;0;0
FR;4;2021-01-05;0;0;0;0;0;0
FR;4;2021-01-06;0;0;0;0;0;0
FR;4;2021-01-07;0;0;0;0;0;0
FR;4;2021-01-08;0;0;0;0;0;0
FR;4;2021-01-09;0;0;0;0;0;0
FR;4;2021-01-10;0;0;0;0;0;0
FR;4;2021-01-11;0;0;0;0;0;0
FR;4;2021-01-12;0;0;0;0;0;0
FR;4;2021-01-13;0;0;0;0;0;0
FR;4;2021-01-14;0;0;0;0;0;0
FR;4;2021-01-15;0;0;0;0;0;0
FR;4;2021-01-16;0;0;0;0;0;0
FR;4;2021-01-17;0;0;0;0;0;0
FR;4;2021-01-18;0;0;0;0;0;0
FR;4;2021-01-19;0;0;0;0;0;0
FR;4;2021-01-20;0;0;0;0;0;0
FR;4;2021-01-21;0;0;0;0;0;0
FR;4;2021-01-22;0;0;0;0;0;0
FR;4;2021-01-23;0;0;0;0;0;0
FR;4;2021-01-24;0;0;0;0;0;0
FR;4;2021-01-25;0;0;0;0;0;0
FR;4;2021-01-26;0;0;0;0;0;0
FR;4;2021-01-27;0;0;0;0;0;0
FR;4;2021-01-28;0;0;0;0;0;0
FR;4;2021-01-29;0;0;0;0;0;0
FR;4;2021-01-30;0;0;0;0;0;0
FR;4;2021-01-31;0;0;0;0;0;0
FR;4;2021-02-01;0;0;0;0;0;0
FR;4;2021-02-02;0;0;0;0;0;0
FR;4;2021-02-03;0;0;0;0;0;0
FR;4;2021-02-04;0;0;0;0;0;0
FR;4;2021-02-05;0;0;0;0;0;0
FR;4;2021-02-06;0;0;0;0;0;0
FR;4;2021-02-07;0;0;0;0;0;0
FR;4;2021-02-08;0;0;0;0;0;0
FR;4;2021-02-09;0;0;0;0;0;0
FR;4;2021-02-10;0;0;0;0;0;0
FR;4;2021-02-11;0;0;0;0;0;0
FR;4;2021-02-12;0;0;0;0;0;0
FR;4;2021-02-13;0;0;0;0;0;0
FR;4;2021-02-14;0;0;0;0;0;0
FR;4;2021-02-15;0;0;0;0;0;0
FR;4;2021-02-16;0;0;0;0;0;0
FR;4;2021-02-17;0;0;0;0;0;0
FR;4;2021-02-18;0;0;0;0;0;0
FR;4;2021-02-19;0;0;0;0;0;0
FR;4;2021-02-20;0;0;0;0;0;0
FR;4;2021-02-21;0;0;0;0;0;0
FR;4;2021-02-22;0;0;0;0;0;0
FR;4;2021-02-23;0;0;0;0;0;0
FR;4;2021-02-24;0;0;0;0;0;0
FR;4;2021-02-25;0;0;0;0;0;0
FR;4;2021-02-26;0;0;0;0;0;0
FR;4;2021-02-27;0;0;0;0;0;0
FR;4;2021-02-28;0;0;0;0;0;0
FR;4;2021-03-01;0;0;0;0;0;0
FR;4;2021-03-02;0;0;0;0;0;0
FR;4;2021-03-03;0;0;0;0;0;0
FR;4;2021-03-04;0;0;0;0;0;0
FR;4;2021-03-05;0;1;0;0;1;0
FR;4;2021-03-06;0;0;0;0;1;0
FR;4;2021-03-07;0;0;0;0;1;0
FR;4;2021-03-08;0;0;0;0;1;0
FR;4;2021-03-09;0;0;0;0;1;0
FR;4;2021-03-10;0;0;0;0;1;0
FR;4;2021-03-11;0;0;0;0;1;0
FR;4;2021-03-12;0;0;0;0;1;0
FR;4;2021-03-13;0;0;0;0;1;0
FR;4;2021-03-14;0;0;0;0;1;0
FR;4;2021-03-15;0;0;0;0;1;0
FR;4;2021-03-16;0;0;0;0;1;0
FR;4;2021-03-17;0;0;0;0;1;0
FR;4;2021-03-18;0;0;0;0;1;0
FR;4;2021-03-19;0;0;0;0;1;0
FR;4;2021-03-20;0;0;0;0;1;0
FR;4;2021-03-21;0;0;0;0;1;0
FR;4;2021-03-22;0;0;0;0;1;0
FR;4;2021-03-23;0;0;0;0;1;0
FR;4;2021-03-24;0;0;0;0;1;0
FR;4;2021-03-25;0;0;0;0;1;0
FR;4;2021-03-26;0;0;0;0;1;0
FR;4;2021-03-27;0;0;0;0;1;0
FR;4;2021-03-28;0;0;0;0;1;0
FR;4;2021-03-29;0;0;0;0;1;0
FR;4;2021-03-30;0;0;0;0;1;0
FR;4;2021-03-31;0;1;0;0;2;0
FR;4;2021-04-01;0;0;0;0;2;0
FR;4;2021-04-02;0;1;0;0;3;0
FR;4;2021-04-03;0;0;0;0;3;0
FR;4;2021-04-04;0;0;0;0;3;0
FR;4;2021-04-05;0;0;0;0;3;0
FR;4;2021-04-06;0;2;0;0;5;0
FR;4;2021-04-07;0;0;0;0;5;0
FR;4;2021-04-08;0;0;0;0;5;0
FR;4;2021-04-09;0;2;0;0;7;0
FR;4;2021-04-10;0;0;0;0;7;0
FR;4;2021-04-11;0;0;0;0;7;0
FR;4;2021-04-12;0;2;0;0;9;0
FR;4;2021-04-13;0;0;0;0;9;0
FR;4;2021-04-14;0;0;0;0;9;0
FR;4;2021-04-15;0;0;0;0;9;0
FR;4;2021-04-16;0;0;0;0;9;0
FR;4;2021-04-17;0;0;0;0;9;0
FR;4;2021-04-18;0;0;0;0;9;0
FR;4;2021-04-19;0;0;0;0;9;0
FR;4;2021-04-20;0;0;0;0;9;0
FR;4;2021-04-21;0;0;0;0;9;0
FR;4;2021-04-22;0;0;0;0;9;0
FR;4;2021-04-23;2533;0;0;2533;9;0
FR;4;2021-04-24;1557;0;0;4090;9;0
FR;4;2021-04-25;122;0;0;4212;9;0
FR;4;2021-04-26;2848;0;0;7060;9;0
FR;4;2021-04-27;9455;4;0;16515;13;0
FR;4;2021-04-28;9846;3;0;26361;16;0
FR;4;2021-04-29;15958;8;0;42319;24;0
FR;4;2021-04-30;19178;7;0;61497;31;0
FR;4;2021-05-01;1943;5;0;63440;36;0
FR;4;2021-05-02;462;0;0;63902;36;0
FR;4;2021-05-03;4985;1;0;68887;37;0
FR;4;2021-05-04;8311;8;0;77198;45;0
FR;4;2021-05-05;6077;5;0;83275;50;0
FR;4;2021-05-06;11301;11;0;94576;61;0
FR;4;2021-05-07;18995;9;0;113571;70;0
FR;4;2021-05-08;2290;6;0;115861;76;0
FR;4;2021-05-09;642;2;0;116503;78;0
FR;4;2021-05-10;7156;8;0;123659;86;0
FR;4;2021-05-11;14211;12;0;137870;98;0
FR;4;2021-05-12;10078;16;0;147948;114;0
FR;4;2021-05-13;1500;3;0;149448;117;0
FR;4;2021-05-14;7658;7;0;157106;124;0
FR;4;2021-05-15;3643;8;0;160749;132;0
FR;4;2021-05-16;385;1;0;161134;133;0
FR;4;2021-05-17;4381;3;0;165515;136;0
FR;4;2021-05-18;8665;10;0;174180;146;0
FR;4;2021-05-19;5590;5;0;179770;151;0
FR;4;2021-05-20;9324;6;0;189094;157;0
FR;4;2021-05-21;12645;29;0;201739;186;0
FR;4;2021-05-22;4972;12;0;206711;198;0
FR;4;2021-05-23;449;2;0;207160;200;0
FR;4;2021-05-24;977;3;0;208137;203;0
FR;4;2021-05-25;7477;16;0;215614;219;0
FR;4;2021-05-26;7623;13;0;223237;232;0
FR;4;2021-05-27;14195;34;0;237432;266;0
FR;4;2021-05-28;26381;82;1;263813;348;1
FR;4;2021-05-29;11240;20;0;275053;368;1
FR;4;2021-05-30;874;2;0;275927;370;1
FR;4;2021-05-31;12494;19;0;288421;389;1
FR;4;2021-06-01;19984;41;0;308405;430;1
FR;4;2021-06-02;14336;33;0;322741;463;1
FR;4;2021-06-03;19253;24;0;341994;487;1
FR;4;2021-06-04;22275;45;0;364269;532;1
FR;4;2021-06-05;9609;29;0;373878;561;1
FR;4;2021-06-06;947;0;0;374825;561;1
FR;4;2021-06-07;9006;16;0;383831;577;1
FR;4;2021-06-08;14427;27;0;398258;604;1
FR;4;2021-06-09;12026;24;0;410284;628;1
FR;4;2021-06-10;15188;24;0;425472;652;1
FR;4;2021-06-11;16782;52;0;442254;704;1
FR;4;2021-06-12;7322;27;0;449576;731;1
FR;4;2021-06-13;853;2;0;450429;733;1
FR;4;2021-06-14;6498;22;0;456927;755;1
FR;4;2021-06-15;10742;32;0;467669;787;1
FR;4;2021-06-16;8743;13;0;476412;800;1
FR;4;2021-06-17;10720;24;0;487132;824;1
FR;4;2021-06-18;12249;39;0;499381;863;1
FR;4;2021-06-19;5463;24;0;504844;887;1
FR;4;2021-06-20;625;2;0;505469;889;1
FR;4;2021-06-21;4920;9;0;510389;898;1
FR;4;2021-06-22;7714;18;2;518103;916;3
FR;4;2021-06-23;6947;33;1;525050;949;4
FR;4;2021-06-24;8471;31;0;533521;980;4
FR;4;2021-06-25;9932;36;1;543453;1016;5
FR;4;2021-06-26;4641;20;0;548094;1036;5
FR;4;2021-06-27;610;2;0;548704;1038;5
FR;4;2021-06-28;4588;14;1;553292;1052;6
FR;4;2021-06-29;6817;16;2;560109;1068;8
FR;4;2021-06-30;6436;36;0;566545;1104;8
FR;4;2021-07-01;7911;26;0;574456;1130;8
FR;4;2021-07-02;9203;44;1;583659;1174;9
FR;4;2021-07-03;4704;18;0;588363;1192;9
FR;4;2021-07-04;579;5;0;588942;1197;9
FR;4;2021-07-05;4593;18;2;593535;1215;11
FR;4;2021-07-06;7492;20;4;601027;1235;15
FR;4;2021-07-07;6763;27;1;607790;1262;16
FR;4;2021-07-08;8979;37;3;616769;1299;19
FR;4;2021-07-09;10069;30;1;626838;1329;20
FR;4;2021-07-10;4479;10;2;631317;1339;22
FR;4;2021-07-11;502;0;1;631819;1339;23
FR;4;2021-07-12;5660;27;0;637479;1366;23
FR;4;2021-07-13;14033;26;0;651512;1392;23
FR;4;2021-07-14;2072;6;0;653584;1398;23
FR;4;2021-07-15;18001;32;0;671585;1430;23
FR;4;2021-07-16;22543;64;2;694128;1494;25
FR;4;2021-07-17;9553;16;0;703681;1510;25
FR;4;2021-07-18;1270;3;0;704951;1513;25
FR;4;2021-07-19;12727;26;1;717678;1539;26
FR;4;2021-07-20;17093;28;1;734771;1567;27
FR;4;2021-07-21;15314;28;1;750085;1595;28
FR;4;2021-07-22;17965;40;2;768050;1635;30
FR;4;2021-07-23;20091;48;5;788141;1683;35
FR;4;2021-07-24;9037;29;0;797178;1712;35
FR;4;2021-07-25;1197;6;0;798375;1718;35
FR;4;2021-07-26;10670;18;0;809045;1736;35
FR;4;2021-07-27;14181;31;1;823226;1767;36
FR;4;2021-07-28;12372;18;2;835598;1785;38
FR;4;2021-07-29;13707;46;3;849305;1831;41
FR;4;2021-07-30;15121;39;3;864426;1870;44
FR;4;2021-07-31;6567;11;1;870993;1881;45
FR;4;2021-08-01;789;1;0;871782;1882;45
FR;4;2021-08-02;7270;16;0;879052;1898;45
FR;4;2021-08-03;9890;21;2;888942;1919;47
FR;4;2021-08-04;8679;21;0;897621;1940;47
FR;4;2021-08-05;8937;32;0;906558;1972;47
FR;4;2021-08-06;9500;19;4;916058;1991;51
FR;4;2021-08-07;4500;24;1;920558;2015;52
FR;4;2021-08-08;708;8;0;921266;2023;52
FR;4;2021-08-09;5394;16;0;926660;2039;52
FR;4;2021-08-10;8036;13;0;934696;2052;52
FR;4;2021-08-11;7373;21;2;942069;2073;54
FR;4;2021-08-12;7850;13;1;949919;2086;55
FR;4;2021-08-13;6827;21;0;956746;2107;55
FR;4;2021-08-14;3315;16;0;960061;2123;55
FR;4;2021-08-15;467;2;0;960528;2125;55
FR;4;2021-08-16;3664;7;0;964192;2132;55
FR;4;2021-08-17;5272;8;1;969464;2140;56
FR;4;2021-08-18;4857;24;0;974321;2164;56
FR;4;2021-08-19;5165;13;2;979486;2177;58
FR;4;2021-08-20;4859;9;1;984345;2186;59
FR;4;2021-08-21;2010;14;1;986355;2200;60
FR;4;2021-08-22;327;1;0;986682;2201;60
FR;4;2021-08-23;2584;4;0;989266;2205;60
FR;4;2021-08-24;3469;8;0;992735;2213;60
FR;4;2021-08-25;3281;19;0;996016;2232;60
FR;4;2021-08-26;3482;15;0;999498;2247;60
FR;4;2021-08-27;3384;16;1;1002882;2263;61
FR;4;2021-08-28;1529;9;0;1004411;2272;61
FR;4;2021-08-29;328;3;2;1004739;2275;63
FR;4;2021-08-30;1778;12;0;1006517;2287;63
FR;4;2021-08-31;2266;12;0;1008783;2299;63
FR;4;2021-09-01;1775;17;0;1010558;2316;63
FR;0;2020-12-27;293;0;0;293;0;0
FR;0;2020-12-28;304;0;0;597;0;0
FR;0;2020-12-29;225;0;0;822;0;0
FR;0;2020-12-30;265;0;0;1087;0;0
FR;0;2020-12-31;203;0;0;1290;0;0
FR;0;2021-01-01;225;0;0;1515;0;0
FR;0;2021-01-02;180;0;0;1695;0;0
FR;0;2021-01-03;218;0;0;1913;0;0
FR;0;2021-01-04;1685;0;0;3598;0;0
FR;0;2021-01-05;5637;0;0;9235;0;0
FR;0;2021-01-06;11550;0;0;20785;0;0
FR;0;2021-01-07;28998;0;0;49783;0;0
FR;0;2021-01-08;36656;0;0;86439;0;0
FR;0;2021-01-09;11045;0;0;97484;0;0
FR;0;2021-01-10;5744;0;0;103228;0;0
FR;0;2021-01-11;39556;0;0;142784;0;0
FR;0;2021-01-12;61566;0;0;204350;0;0
FR;0;2021-01-13;64511;0;0;268861;0;0
FR;0;2021-01-14;81559;0;0;350420;0;0
FR;0;2021-01-15;68371;0;0;418791;0;0
FR;0;2021-01-16;19975;77;0;438766;77;0
FR;0;2021-01-17;10709;42;0;449475;119;0
FR;0;2021-01-18;85248;161;0;534723;280;0
FR;0;2021-01-19;129855;125;0;664578;405;0
FR;0;2021-01-20;136700;156;0;801278;561;0
FR;0;2021-01-21;157285;132;0;958563;693;0
FR;0;2021-01-22;120194;160;0;1078757;853;0
FR;0;2021-01-23;38151;50;0;1116908;903;0
FR;0;2021-01-24;9530;27;0;1126438;930;0
FR;0;2021-01-25;77633;1215;0;1204071;2145;0
FR;0;2021-01-26;99780;3108;0;1303851;5253;0
FR;0;2021-01-27;106661;5593;0;1410512;10846;0
FR;0;2021-01-28;123608;14354;0;1534120;25200;0
FR;0;2021-01-29;91578;17278;0;1625698;42478;0
FR;0;2021-01-30;28886;4223;0;1654584;46701;0
FR;0;2021-01-31;5033;1679;0;1659617;48380;0
FR;0;2021-02-01;52123;21119;0;1711740;69499;0
FR;0;2021-02-02;71444;34555;0;1783184;104054;0
FR;0;2021-02-03;71641;36952;0;1854825;141006;0
FR;0;2021-02-04;81313;50040;0;1936138;191046;0
FR;0;2021-02-05;67664;45326;0;2003802;236372;0
FR;0;2021-02-06;21926;10395;0;2025728;246767;0
FR;0;2021-02-07;4973;5040;0;2030701;251807;0
FR;0;2021-02-08;46283;45969;0;2076984;297776;0
FR;0;2021-02-09;65421;72394;0;2142405;370170;0
FR;0;2021-02-10;70059;76716;0;2212464;446886;0
FR;0;2021-02-11;86458;99132;0;2298922;546018;0
FR;0;2021-02-12;78445;74208;0;2377367;620226;0
FR;0;2021-02-13;21927;19482;0;2399294;639708;0
FR;0;2021-02-14;4768;7189;0;2404062;646897;0
FR;0;2021-02-15;37467;76494;0;2441529;723391;0
FR;0;2021-02-16;49674;100716;0;2491203;824107;0
FR;0;2021-02-17;49796;102981;1;2540999;927088;1
FR;0;2021-02-18;68883;118509;0;2609882;1045597;1
FR;0;2021-02-19;64425;90739;0;2674307;1136336;1
FR;0;2021-02-20;18233;28418;0;2692540;1164754;1
FR;0;2021-02-21;3058;6372;0;2695598;1171126;1
FR;0;2021-02-22;36925;73131;1;2732523;1244257;2
FR;0;2021-02-23;53120;84045;1;2785643;1328302;3
FR;0;2021-02-24;59090;81113;1;2844733;1409415;4
FR;0;2021-02-25;99715;91371;1;2944448;1500786;5
FR;0;2021-02-26;112641;71003;0;3057089;1571789;5
FR;0;2021-02-27;51646;21978;0;3108735;1593767;5
FR;0;2021-02-28;5895;4413;1;3114630;1598180;6
FR;0;2021-03-01;64494;52781;0;3179124;1650961;6
FR;0;2021-03-02;100316;66248;1;3279440;1717209;7
FR;0;2021-03-03;115070;65541;0;3394510;1782750;7
FR;0;2021-03-04;162349;68876;1;3556859;1851626;8
FR;0;2021-03-05;199556;63356;2;3756415;1914982;10
FR;0;2021-03-06;206963;17813;1;3963378;1932795;11
FR;0;2021-03-07;120661;5467;0;4084039;1938262;11
FR;0;2021-03-08;106052;50791;0;4190091;1989053;11
FR;0;2021-03-09;171261;56775;0;4361352;2045828;11
FR;0;2021-03-10;177365;57205;2;4538717;2103033;13
FR;0;2021-03-11;241351;63103;0;4780068;2166136;13
FR;0;2021-03-12;293345;53517;1;5073413;2219653;14
FR;0;2021-03-13;230238;15302;0;5303651;2234955;14
FR;0;2021-03-14;62820;3434;0;5366471;2238389;14
FR;0;2021-03-15;157318;32634;0;5523789;2271023;14
FR;0;2021-03-16;140495;39525;0;5664284;2310548;14
FR;0;2021-03-17;149425;38786;2;5813709;2349334;16
FR;0;2021-03-18;166570;44617;1;5980279;2393951;17
FR;0;2021-03-19;228717;37471;0;6208996;2431422;17
FR;0;2021-03-20;165826;11780;0;6374822;2443202;17
FR;0;2021-03-21;49329;2626;0;6424151;2445828;17
FR;0;2021-03-22;168731;34283;2;6592882;2480111;19
FR;0;2021-03-23;248868;42401;0;6841750;2522512;19
FR;0;2021-03-24;255436;43844;0;7097186;2566356;19
FR;0;2021-03-25;340306;44749;1;7437492;2611105;20
FR;0;2021-03-26;357435;41899;1;7794927;2653004;21
FR;0;2021-03-27;194405;16649;0;7989332;2669653;21
FR;0;2021-03-28;58860;3731;2;8048192;2673384;23
FR;0;2021-03-29;201925;54286;1;8250117;2727670;24
FR;0;2021-03-30;284007;69681;2;8534124;2797351;26
FR;0;2021-03-31;261571;72933;2;8795695;2870284;28
FR;0;2021-04-01;312999;87817;4;9108694;2958101;32
FR;0;2021-04-02;279903;92138;5;9388597;3050239;37
FR;0;2021-04-03;140130;61855;2;9528727;3112094;39
FR;0;2021-04-04;45342;18665;1;9574069;3130759;40
FR;0;2021-04-05;59585;11003;2;9633654;3141762;42
FR;0;2021-04-06;215459;107864;6;9849113;3249626;48
FR;0;2021-04-07;258269;115459;5;10107382;3365085;53
FR;0;2021-04-08;335573;121426;5;10442955;3486511;58
FR;0;2021-04-09;408083;116497;33;10851038;3603008;91
FR;0;2021-04-10;211505;82752;1;11062543;3685760;92
FR;0;2021-04-11;55450;34594;2;11117993;3720354;94
FR;0;2021-04-12;235489;115226;20;11353482;3835580;114
FR;0;2021-04-13;307590;144972;46;11661072;3980552;160
FR;0;2021-04-14;292068;139415;95;11953140;4119967;255
FR;0;2021-04-15;334376;147870;147;12287516;4267837;402
FR;0;2021-04-16;337641;145779;188;12625157;4413616;590
FR;0;2021-04-17;187667;90260;40;12812824;4503876;630
FR;0;2021-04-18;50953;35427;15;12863777;4539303;645
FR;0;2021-04-19;204086;138387;297;13067863;4677690;942
FR;0;2021-04-20;252400;170730;309;13320263;4848420;1251
FR;0;2021-04-21;251279;168809;476;13571542;5017229;1727
FR;0;2021-04-22;285598;188257;471;13857140;5205486;2198
FR;0;2021-04-23;294846;183279;457;14151986;5388765;2655
FR;0;2021-04-24;189284;111574;72;14341270;5500339;2727
FR;0;2021-04-25;68866;38868;23;14410136;5539207;2750
FR;0;2021-04-26;219466;156109;311;14629602;5695316;3061
FR;0;2021-04-27;282749;187507;492;14912351;5882823;3553
FR;0;2021-04-28;297717;183207;984;15210068;6066030;4537
FR;0;2021-04-29;355060;196134;816;15565128;6262164;5353
FR;0;2021-04-30;370216;184839;617;15935344;6447003;5970
FR;0;2021-05-01;165093;52534;95;16100437;6499537;6065
FR;0;2021-05-02;90735;37831;47;16191172;6537368;6112
FR;0;2021-05-03;285852;169648;485;16477024;6707016;6597
FR;0;2021-05-04;312687;224318;696;16789711;6931334;7293
FR;0;2021-05-05;323100;224534;687;17112811;7155868;7980
FR;0;2021-05-06;375958;239205;980;17488769;7395073;8960
FR;0;2021-05-07;369966;257339;684;17858735;7652412;9644
FR;0;2021-05-08;220601;66918;127;18079336;7719330;9771
FR;0;2021-05-09;128841;46758;80;18208177;7766088;9851
FR;0;2021-05-10;308911;229025;656;18517088;7995113;10507
FR;0;2021-05-11;400764;258188;850;18917852;8253301;11357
FR;0;2021-05-12;430314;233246;766;19348166;8486547;12123
FR;0;2021-05-13;335632;56898;216;19683798;8543445;12339
FR;0;2021-05-14;450575;167539;576;20134373;8710984;12915
FR;0;2021-05-15;371594;94028;180;20505967;8805012;13095
FR;0;2021-05-16;201408;20831;72;20707375;8825843;13167
FR;0;2021-05-17;373206;149176;840;21080581;8975019;14007
FR;0;2021-05-18;455981;153199;1082;21536562;9128218;15089
FR;0;2021-05-19;464147;145377;1363;22000709;9273595;16452
FR;0;2021-05-20;503661;160398;1261;22504370;9433993;17713
FR;0;2021-05-21;486319;174591;1042;22990689;9608584;18755
FR;0;2021-05-22;345215;79900;340;23335904;9688484;19095
FR;0;2021-05-23;160693;14445;133;23496597;9702929;19228
FR;0;2021-05-24;261334;33252;327;23757931;9736181;19555
FR;0;2021-05-25;397050;189356;1292;24154981;9925537;20847
FR;0;2021-05-26;410443;188211;1275;24565424;10113748;22122
FR;0;2021-05-27;446742;218743;1302;25012166;10332491;23424
FR;0;2021-05-28;426767;259697;1042;25438933;10592188;24466
FR;0;2021-05-29;297467;149457;322;25736400;10741645;24788
FR;0;2021-05-30;106126;32628;86;25842526;10774273;24874
FR;0;2021-05-31;355596;203570;845;26198122;10977843;25719
FR;0;2021-06-01;422173;251706;1119;26620295;11229549;26838
FR;0;2021-06-02;412292;230949;1117;27032587;11460498;27955
FR;0;2021-06-03;458143;258744;956;27490730;11719242;28911
FR;0;2021-06-04;451398;304929;944;27942128;12024171;29855
FR;0;2021-06-05;302211;189108;346;28244339;12213279;30201
FR;0;2021-06-06;131345;49137;126;28375684;12262416;30327
FR;0;2021-06-07;334354;262507;855;28710038;12524923;31182
FR;0;2021-06-08;389709;291355;968;29099747;12816278;32150
FR;0;2021-06-09;380274;276014;998;29480021;13092292;33148
FR;0;2021-06-10;398022;289469;1008;29878043;13381761;34156
FR;0;2021-06-11;383586;357644;756;30261629;13739405;34912
FR;0;2021-06-12;281127;211534;250;30542756;13950939;35162
FR;0;2021-06-13;103768;74097;107;30646524;14025036;35269
FR;0;2021-06-14;237889;356047;805;30884413;14381083;36074
FR;0;2021-06-15;304434;386177;824;31188847;14767260;36898
FR;0;2021-06-16;310448;357870;828;31499295;15125130;37726
FR;0;2021-06-17;314238;372311;746;31813533;15497441;38472
FR;0;2021-06-18;319031;442910;678;32132564;15940351;39150
FR;0;2021-06-19;222977;274046;233;32355541;16214397;39383
FR;0;2021-06-20;72308;102652;62;32427849;16317049;39445
FR;0;2021-06-21;193061;402235;574;32620910;16719284;40019
FR;0;2021-06-22;220521;467497;707;32841431;17186781;40726
FR;0;2021-06-23;231156;440062;693;33072587;17626843;41419
FR;0;2021-06-24;239201;409464;745;33311788;18036307;42164
FR;0;2021-06-25;224415;522492;792;33536203;18558799;42956
FR;0;2021-06-26;151812;370961;291;33688015;18929760;43247
FR;0;2021-06-27;55071;156442;89;33743086;19086202;43336
FR;0;2021-06-28;152622;453408;678;33895708;19539610;44014
FR;0;2021-06-29;180717;505781;1961;34076425;20045391;45975
FR;0;2021-06-30;201586;481342;1852;34278011;20526733;47827
FR;0;2021-07-01;223576;457918;2125;34501587;20984651;49952
FR;0;2021-07-02;223238;520643;2040;34724825;21505294;51992
FR;0;2021-07-03;139999;368991;891;34864824;21874285;52883
FR;0;2021-07-04;55790;141393;263;34920614;22015678;53146
FR;0;2021-07-05;164373;419679;1590;35084987;22435357;54736
FR;0;2021-07-06;192949;475226;1741;35277936;22910583;56477
FR;0;2021-07-07;208442;439693;1741;35486378;23350276;58218
FR;0;2021-07-08;228005;424333;2010;35714383;23774609;60228
FR;0;2021-07-09;225508;510007;2093;35939891;24284616;62321
FR;0;2021-07-10;146664;339848;948;36086555;24624464;63269
FR;0;2021-07-11;59240;110154;264;36145795;24734618;63533
FR;0;2021-07-12;166141;478401;1706;36311936;25213019;65239
FR;0;2021-07-13;283952;527930;1970;36595888;25740949;67209
FR;0;2021-07-14;178302;157919;418;36774190;25898868;67627
FR;0;2021-07-15;343066;502705;2013;37117256;26401573;69640
FR;0;2021-07-16;376381;496383;1934;37493637;26897956;71574
FR;0;2021-07-17;257681;320117;833;37751318;27218073;72407
FR;0;2021-07-18;108857;115041;303;37860175;27333114;72710
FR;0;2021-07-19;282904;425591;1569;38143079;27758705;74279
FR;0;2021-07-20;373791;453225;1645;38516870;28211930;75924
FR;0;2021-07-21;392621;408549;1490;38909491;28620479;77414
FR;0;2021-07-22;437821;388601;1648;39347312;29009080;79062
FR;0;2021-07-23;435662;422962;1787;39782974;29432042;80849
FR;0;2021-07-24;284035;270061;766;40067009;29702103;81615
FR;0;2021-07-25;120195;80208;220;40187204;29782311;81835
FR;0;2021-07-26;345181;323830;1568;40532385;30106141;83403
FR;0;2021-07-27;460849;320770;1642;40993234;30426911;85045
FR;0;2021-07-28;455096;290309;1591;41448330;30717220;86636
FR;0;2021-07-29;486332;276786;1740;41934662;30994006;88376
FR;0;2021-07-30;456601;302746;1879;42391263;31296752;90255
FR;0;2021-07-31;283849;184975;877;42675112;31481727;91132
FR;0;2021-08-01;108708;50060;212;42783820;31531787;91344
FR;0;2021-08-02;323552;234251;1539;43107372;31766038;92883
FR;0;2021-08-03;389005;245248;1612;43496377;32011286;94495
FR;0;2021-08-04;376628;210268;1469;43873005;32221554;95964
FR;0;2021-08-05;359659;228722;1614;44232664;32450276;97578
FR;0;2021-08-06;352725;271972;1750;44585389;32722248;99328
FR;0;2021-08-07;209705;178650;727;44795094;32900898;100055
FR;0;2021-08-08;71678;63325;226;44866772;32964223;100281
FR;0;2021-08-09;252284;260117;1461;45119056;33224340;101742
FR;0;2021-08-10;299770;278700;1558;45418826;33503040;103300
FR;0;2021-08-11;273401;260861;1289;45692227;33763901;104589
FR;0;2021-08-12;264297;278494;1569;45956524;34042395;106158
FR;0;2021-08-13;243886;275572;1516;46200410;34317967;107674
FR;0;2021-08-14;140166;198435;692;46340576;34516402;108366
FR;0;2021-08-15;36475;50259;166;46377051;34566661;108532
FR;0;2021-08-16;178355;318679;1425;46555406;34885340;109957
FR;0;2021-08-17;209929;337088;1523;46765335;35222428;111480
FR;0;2021-08-18;193804;324878;1475;46959139;35547306;112955
FR;0;2021-08-19;187063;325528;1531;47146202;35872834;114486
FR;0;2021-08-20;179770;365054;1660;47325972;36237888;116146
FR;0;2021-08-21;102141;238087;634;47428113;36475975;116780
FR;0;2021-08-22;30968;87231;205;47459081;36563206;116985
FR;0;2021-08-23;136602;357094;1450;47595683;36920300;118435
FR;0;2021-08-24;158617;376973;1718;47754300;37297273;120153
FR;0;2021-08-25;146992;350670;1875;47901292;37647943;122028
FR;0;2021-08-26;139071;342140;2386;48040363;37990083;124414
FR;0;2021-08-27;143886;387211;2610;48184249;38377294;127024
FR;0;2021-08-28;88253;249544;1293;48272502;38626838;128317
FR;0;2021-08-29;26407;83214;453;48298909;38710052;128770
FR;0;2021-08-30;113593;324769;4413;48412502;39034821;133183
FR;0;2021-08-31;124796;334695;9480;48537298;39369516;142663
FR;0;2021-09-01;112827;285159;20209;48650125;39654675;162872
