fra;vaccin;jour;n_dose1;n_dose2;n_dose3;n_dose4;n_rappel;n_cum_dose1;n_cum_dose2;n_cum_dose3;n_cum_dose4;n_cum_rappel
FR;1;2020-12-27;609;0;0;0;0;609;0;0;0;0
FR;1;2020-12-28;683;1;0;0;0;1292;1;0;0;0
FR;1;2020-12-29;384;0;0;0;0;1676;1;0;0;0
FR;1;2020-12-30;444;0;0;0;0;2120;1;0;0;0
FR;1;2020-12-31;442;1;0;0;0;2562;2;0;0;0
FR;1;2021-01-01;1158;2;0;0;0;3720;4;0;0;0
FR;1;2021-01-02;364;3;0;0;0;4084;7;0;0;0
FR;1;2021-01-03;404;0;0;0;0;4488;7;0;0;0
FR;1;2021-01-04;2115;4;0;0;0;6603;11;0;0;0
FR;1;2021-01-05;7752;3;0;0;0;14355;14;0;0;0
FR;1;2021-01-06;12456;17;0;0;0;26811;31;0;0;0
FR;1;2021-01-07;29468;17;0;0;0;56279;48;0;0;0
FR;1;2021-01-08;37146;17;0;0;0;93425;65;0;0;0
FR;1;2021-01-09;11212;7;0;0;0;104637;72;0;0;0
FR;1;2021-01-10;6008;7;0;0;0;110645;79;0;0;0
FR;1;2021-01-11;39937;24;0;0;0;150582;103;0;0;0
FR;1;2021-01-12;62143;20;0;0;0;212725;123;0;0;0
FR;1;2021-01-13;65121;44;0;0;0;277846;167;0;0;0
FR;1;2021-01-14;81454;156;0;0;0;359300;323;0;0;0
FR;1;2021-01-15;68612;66;0;0;0;427912;389;0;0;0
FR;1;2021-01-16;19901;72;0;0;0;447813;461;0;0;0
FR;1;2021-01-17;10903;51;0;0;0;458716;512;0;0;0
FR;1;2021-01-18;82833;169;0;0;0;541549;681;0;0;0
FR;1;2021-01-19;125922;189;0;0;0;667471;870;0;0;0
FR;1;2021-01-20;132417;182;0;0;0;799888;1052;0;0;0
FR;1;2021-01-21;153063;175;0;0;0;952951;1227;0;0;0
FR;1;2021-01-22;115948;220;0;0;0;1068899;1447;0;0;0
FR;1;2021-01-23;36608;68;0;0;0;1105507;1515;0;0;0
FR;1;2021-01-24;9583;98;0;0;0;1115090;1613;0;0;0
FR;1;2021-01-25;74427;1345;0;0;0;1189517;2958;0;0;0
FR;1;2021-01-26;96455;3502;1;0;0;1285972;6460;1;0;0
FR;1;2021-01-27;103646;6147;0;0;0;1389618;12607;1;0;0
FR;1;2021-01-28;120605;15670;0;0;0;1510223;28277;1;0;0
FR;1;2021-01-29;88893;18214;0;0;0;1599116;46491;1;0;0
FR;1;2021-01-30;27993;4415;0;0;0;1627109;50906;1;0;0
FR;1;2021-01-31;5189;1819;0;0;0;1632298;52725;1;0;0
FR;1;2021-02-01;49728;22124;0;0;0;1682026;74849;1;0;0
FR;1;2021-02-02;67820;36974;0;0;0;1749846;111823;1;0;0
FR;1;2021-02-03;67087;39065;0;0;0;1816933;150888;1;0;0
FR;1;2021-02-04;77142;53328;0;0;0;1894075;204216;1;0;0
FR;1;2021-02-05;63423;46897;0;0;0;1957498;251113;1;0;0
FR;1;2021-02-06;19425;11094;0;0;0;1976923;262207;1;0;0
FR;1;2021-02-07;3666;5683;0;0;0;1980589;267890;1;0;0
FR;1;2021-02-08;36498;47823;0;0;0;2017087;315713;1;0;0
FR;1;2021-02-09;50805;76365;0;0;0;2067892;392078;1;0;0
FR;1;2021-02-10;52068;81169;0;0;0;2119960;473247;1;0;0
FR;1;2021-02-11;63377;103648;0;0;0;2183337;576895;1;0;0
FR;1;2021-02-12;55865;75082;0;0;0;2239202;651977;1;0;0
FR;1;2021-02-13;15463;19343;0;0;0;2254665;671320;1;0;0
FR;1;2021-02-14;3747;7350;0;0;0;2258412;678670;1;0;0
FR;1;2021-02-15;24153;73628;0;0;0;2282565;752298;1;0;0
FR;1;2021-02-16;32775;96385;0;0;0;2315340;848683;1;0;0
FR;1;2021-02-17;35126;101397;20;0;0;2350466;950080;21;0;0
FR;1;2021-02-18;49444;117158;0;0;0;2399910;1067238;21;0;0
FR;1;2021-02-19;45381;87240;1;0;0;2445291;1154478;22;0;0
FR;1;2021-02-20;13389;27160;0;0;0;2458680;1181638;22;0;0
FR;1;2021-02-21;2460;6080;0;0;0;2461140;1187718;22;0;0
FR;1;2021-02-22;24719;69475;2;0;0;2485859;1257193;24;0;0
FR;1;2021-02-23;37430;81381;1;0;0;2523289;1338574;25;0;0
FR;1;2021-02-24;40699;78957;1;0;0;2563988;1417531;26;0;0
FR;1;2021-02-25;50157;87991;1;0;0;2614145;1505522;27;0;0
FR;1;2021-02-26;47219;67594;1;0;0;2661364;1573116;28;0;0
FR;1;2021-02-27;15677;21209;1;0;0;2677041;1594325;29;0;0
FR;1;2021-02-28;3561;4180;2;0;0;2680602;1598505;31;0;0
FR;1;2021-03-01;40194;50041;1;0;0;2720796;1648546;32;0;0
FR;1;2021-03-02;55980;62263;3;0;0;2776776;1710809;35;0;0
FR;1;2021-03-03;61247;60594;0;0;0;2838023;1771403;35;0;0
FR;1;2021-03-04;72999;67548;3;0;0;2911022;1838951;38;0;0
FR;1;2021-03-05;74768;58748;3;0;0;2985790;1897699;41;0;0
FR;1;2021-03-06;82457;15833;2;0;0;3068247;1913532;43;0;0
FR;1;2021-03-07;63724;4426;1;0;0;3131971;1917958;44;0;0
FR;1;2021-03-08;60173;41511;2;0;0;3192144;1959469;46;0;0
FR;1;2021-03-09;85996;47709;1;0;0;3278140;2007178;47;0;0
FR;1;2021-03-10;90923;47940;5;0;0;3369063;2055118;52;0;0
FR;1;2021-03-11;105082;54505;1;0;0;3474145;2109623;53;0;0
FR;1;2021-03-12;104125;45014;1;0;0;3578270;2154637;54;0;0
FR;1;2021-03-13;89203;12621;1;0;0;3667473;2167258;55;0;0
FR;1;2021-03-14;44458;2781;1;0;0;3711931;2170039;56;0;0
FR;1;2021-03-15;95518;28343;3;0;0;3807449;2198382;59;0;0
FR;1;2021-03-16;123588;34340;5;0;0;3931037;2232722;64;0;0
FR;1;2021-03-17;129311;33784;4;0;0;4060348;2266506;68;0;0
FR;1;2021-03-18;142900;39363;5;0;0;4203248;2305869;73;0;0
FR;1;2021-03-19;136254;32252;2;0;0;4339502;2338121;75;0;0
FR;1;2021-03-20;76008;9839;1;0;0;4415510;2347960;76;0;0
FR;1;2021-03-21;26514;2123;1;0;0;4442024;2350083;77;0;0
FR;1;2021-03-22;114766;30524;2;0;0;4556790;2380607;79;0;0
FR;1;2021-03-23;143039;38078;1;0;0;4699829;2418685;80;0;0
FR;1;2021-03-24;142003;38469;0;0;0;4841832;2457154;80;0;0
FR;1;2021-03-25;165001;39744;4;0;0;5006833;2496898;84;0;0
FR;1;2021-03-26;166395;37494;5;1;0;5173228;2534392;89;1;0
FR;1;2021-03-27;110881;15420;1;0;0;5284109;2549812;90;1;0
FR;1;2021-03-28;42304;4243;3;0;0;5326413;2554055;93;1;0
FR;1;2021-03-29;129820;49274;4;0;0;5456233;2603329;97;1;0
FR;1;2021-03-30;167721;63733;5;0;0;5623954;2667062;102;1;0
FR;1;2021-03-31;170940;67659;4;0;0;5794894;2734721;106;1;0
FR;1;2021-04-01;194823;82822;10;0;0;5989717;2817543;116;1;0
FR;1;2021-04-02;164455;86116;7;0;0;6154172;2903659;123;1;0
FR;1;2021-04-03;88249;58100;6;0;0;6242421;2961759;129;1;0
FR;1;2021-04-04;33650;17728;0;0;0;6276071;2979487;129;1;0
FR;1;2021-04-05;46407;9773;11;0;0;6322478;2989260;140;1;0
FR;1;2021-04-06;160317;104212;17;0;0;6482795;3093472;157;1;0
FR;1;2021-04-07;196990;108079;16;0;0;6679785;3201551;173;1;0
FR;1;2021-04-08;222129;113638;13;0;0;6901914;3315189;186;1;0
FR;1;2021-04-09;214562;107779;21;0;0;7116476;3422968;207;1;0
FR;1;2021-04-10;117180;73215;14;0;0;7233656;3496183;221;1;0
FR;1;2021-04-11;40894;29961;6;0;0;7274550;3526144;227;1;0
FR;1;2021-04-12;168470;104369;46;0;0;7443020;3630513;273;1;0
FR;1;2021-04-13;203805;127898;97;1;0;7646825;3758411;370;2;0
FR;1;2021-04-14;208625;122779;208;0;0;7855450;3881190;578;2;0
FR;1;2021-04-15;221678;127758;312;0;0;8077128;4008948;890;2;0
FR;1;2021-04-16;206065;125421;309;0;0;8283193;4134369;1199;2;0
FR;1;2021-04-17;122089;67172;103;0;0;8405282;4201541;1302;2;0
FR;1;2021-04-18;35964;20970;41;0;0;8441246;4222511;1343;2;0
FR;1;2021-04-19;163749;121600;432;0;0;8604995;4344111;1775;2;0
FR;1;2021-04-20;189427;149339;531;0;0;8794422;4493450;2306;2;0
FR;1;2021-04-21;194001;147254;759;0;0;8988423;4640704;3065;2;0
FR;1;2021-04-22;209036;163881;777;0;0;9197459;4804585;3842;2;0
FR;1;2021-04-23;198955;157530;671;0;0;9396414;4962115;4513;2;0
FR;1;2021-04-24;126333;95663;148;0;0;9522747;5057778;4661;2;0
FR;1;2021-04-25;53628;30036;46;0;0;9576375;5087814;4707;2;0
FR;1;2021-04-26;181143;139362;542;0;0;9757518;5227176;5249;2;0
FR;1;2021-04-27;221366;162267;900;0;0;9978884;5389443;6149;2;0
FR;1;2021-04-28;238296;155654;1314;1;1;10217180;5545097;7463;3;1
FR;1;2021-04-29;270286;161010;1209;0;0;10487466;5706107;8672;3;1
FR;1;2021-04-30;271994;148548;1071;0;0;10759460;5854655;9743;3;1
FR;1;2021-05-01;141150;40591;173;0;0;10900610;5895246;9916;3;1
FR;1;2021-05-02;81550;28152;81;0;0;10982160;5923398;9997;3;1
FR;1;2021-05-03;250785;143884;803;0;0;11232945;6067282;10800;3;1
FR;1;2021-05-04;265878;187435;1200;0;0;11498823;6254717;12000;3;1
FR;1;2021-05-05;283872;185556;1267;0;0;11782695;6440273;13267;3;1
FR;1;2021-05-06;309962;183880;1501;0;0;12092657;6624153;14768;3;1
FR;1;2021-05-07;284094;196080;1126;0;0;12376751;6820233;15894;3;1
FR;1;2021-05-08;191661;50272;285;0;0;12568412;6870505;16179;3;1
FR;1;2021-05-09;114055;35036;236;0;0;12682467;6905541;16415;3;1
FR;1;2021-05-10;258208;194518;1186;0;0;12940675;7100059;17601;3;1
FR;1;2021-05-11;318885;210991;1465;0;0;13259560;7311050;19066;3;1
FR;1;2021-05-12;356627;185855;1399;0;0;13616187;7496905;20465;3;1
FR;1;2021-05-13;283445;47482;401;0;0;13899632;7544387;20866;3;1
FR;1;2021-05-14;370495;128528;994;0;0;14270127;7672915;21860;3;1
FR;1;2021-05-15;298089;66135;403;0;0;14568216;7739050;22263;3;1
FR;1;2021-05-16;157775;15487;158;0;0;14725991;7754537;22421;3;1
FR;1;2021-05-17;318929;116173;1439;0;0;15044920;7870710;23860;3;1
FR;1;2021-05-18;383330;111385;1798;0;0;15428250;7982095;25658;3;1
FR;1;2021-05-19;395266;102052;2182;0;0;15823516;8084147;27840;3;1
FR;1;2021-05-20;421806;95876;2048;0;0;16245322;8180023;29888;3;1
FR;1;2021-05-21;399804;97259;1764;0;0;16645126;8277282;31652;3;1
FR;1;2021-05-22;275688;41910;602;0;0;16920814;8319192;32254;3;1
FR;1;2021-05-23;123013;11039;224;0;0;17043827;8330231;32478;3;1
FR;1;2021-05-24;244010;26251;569;0;0;17287837;8356482;33047;3;1
FR;1;2021-05-25;366222;131561;2112;1;0;17654059;8488043;35159;4;1
FR;1;2021-05-26;380814;126611;1993;0;0;18034873;8614654;37152;4;1
FR;1;2021-05-27;406146;128090;1977;0;0;18441019;8742744;39129;4;1
FR;1;2021-05-28;366028;145405;1700;0;0;18807047;8888149;40829;4;1
FR;1;2021-05-29;253824;80954;527;0;0;19060871;8969103;41356;4;1
FR;1;2021-05-30;100974;22570;157;0;0;19161845;8991673;41513;4;1
FR;1;2021-05-31;314313;148939;1282;1;1;19476158;9140612;42795;5;2
FR;1;2021-06-01;361622;166530;1727;1;1;19837780;9307142;44522;6;3
FR;1;2021-06-02;365385;153770;1796;0;0;20203165;9460912;46318;6;3
FR;1;2021-06-03;391415;147488;1651;0;0;20594580;9608400;47969;6;3
FR;1;2021-06-04;364110;175644;1495;1;1;20958690;9784044;49464;7;4
FR;1;2021-06-05;258509;112701;596;0;0;21217199;9896745;50060;7;4
FR;1;2021-06-06;126807;37538;215;0;0;21344006;9934283;50275;7;4
FR;1;2021-06-07;301106;207809;1365;0;0;21645112;10142092;51640;7;4
FR;1;2021-06-08;330832;220826;1642;0;0;21975944;10362918;53282;7;4
FR;1;2021-06-09;336576;211718;1612;0;0;22312520;10574636;54894;7;4
FR;1;2021-06-10;343887;201252;1612;0;0;22656407;10775888;56506;7;4
FR;1;2021-06-11;311894;234886;1299;1;0;22968301;11010774;57805;8;4
FR;1;2021-06-12;244080;150626;436;0;0;23212381;11161400;58241;8;4
FR;1;2021-06-13;100365;60994;188;0;0;23312746;11222394;58429;8;4
FR;1;2021-06-14;207835;288069;1318;1;0;23520581;11510463;59747;9;4
FR;1;2021-06-15;256851;281629;1395;1;0;23777432;11792092;61142;10;4
FR;1;2021-06-16;273644;270571;1263;1;0;24051076;12062663;62405;11;4
FR;1;2021-06-17;268215;244847;1236;1;0;24319291;12307510;63641;12;4
FR;1;2021-06-18;260595;295456;1153;1;0;24579886;12602966;64794;13;4
FR;1;2021-06-19;193448;209495;388;0;0;24773334;12812461;65182;13;4
FR;1;2021-06-20;69706;89105;120;0;0;24843040;12901566;65302;13;4
FR;1;2021-06-21;172366;319732;933;1;1;25015406;13221298;66235;14;5
FR;1;2021-06-22;185867;347876;1101;10;1;25201273;13569174;67336;24;6
FR;1;2021-06-23;204196;339522;1049;0;0;25405469;13908696;68385;24;6
FR;1;2021-06-24;203527;282039;1174;0;0;25608996;14190735;69559;24;6
FR;1;2021-06-25;182661;371770;1198;0;0;25791657;14562505;70757;24;6
FR;1;2021-06-26;131392;278401;504;0;0;25923049;14840906;71261;24;6
FR;1;2021-06-27;52404;122901;145;0;0;25975453;14963807;71406;24;6
FR;1;2021-06-28;136655;368219;1064;0;0;26112108;15332026;72470;24;6
FR;1;2021-06-29;154886;390933;1848;0;0;26266994;15722959;74318;24;6
FR;1;2021-06-30;180052;381950;1666;4;2;26447046;16104909;75984;28;8
FR;1;2021-07-01;201469;332309;1887;5;1;26648515;16437218;77871;33;9
FR;1;2021-07-02;193882;367469;1765;5;2;26842397;16804687;79636;38;11
FR;1;2021-07-03;124472;280434;704;3;1;26966869;17085121;80340;41;12
FR;1;2021-07-04;53960;113694;244;0;0;27020829;17198815;80584;41;12
FR;1;2021-07-05;153955;355933;1500;8;2;27174784;17554748;82084;49;14
FR;1;2021-07-06;173500;382382;1603;45;8;27348284;17937130;83687;94;22
FR;1;2021-07-07;190827;362500;1657;25;4;27539111;18299630;85344;119;26
FR;1;2021-07-08;201564;323080;1826;20;6;27740675;18622710;87170;139;32
FR;1;2021-07-09;189975;387795;1854;3;2;27930650;19010505;89024;142;34
FR;1;2021-07-10;129949;281159;815;1;1;28060599;19291664;89839;143;35
FR;1;2021-07-11;57674;102528;262;0;0;28118273;19394192;90101;143;35
FR;1;2021-07-12;149909;416936;1583;4;0;28268182;19811128;91684;147;35
FR;1;2021-07-13;234273;439252;1806;8;1;28502455;20250380;93490;155;36
FR;1;2021-07-14;171914;151433;418;0;0;28674369;20401813;93908;155;36
FR;1;2021-07-15;279679;424486;1858;1;0;28954048;20826299;95766;156;36
FR;1;2021-07-16;290431;400883;1711;3;1;29244479;21227182;97477;159;37
FR;1;2021-07-17;217339;282048;755;1;0;29461818;21509230;98232;160;37
FR;1;2021-07-18;102001;107231;288;0;0;29563819;21616461;98520;160;37
FR;1;2021-07-19;238203;378744;1497;3;0;29802022;21995205;100017;163;37
FR;1;2021-07-20;305754;380233;1469;0;0;30107776;22375438;101486;163;37
FR;1;2021-07-21;333268;353018;1412;4;2;30441044;22728456;102898;167;39
FR;1;2021-07-22;364666;318862;1502;3;2;30805710;23047318;104400;170;41
FR;1;2021-07-23;349400;343187;1588;4;1;31155110;23390505;105988;174;42
FR;1;2021-07-24;238958;240824;697;1;0;31394068;23631329;106685;175;42
FR;1;2021-07-25;112799;76021;223;0;0;31506867;23707350;106908;175;42
FR;1;2021-07-26;299137;289610;1495;2;2;31806004;23996960;108403;177;44
FR;1;2021-07-27;385832;268189;1458;4;2;32191836;24265149;109861;181;46
FR;1;2021-07-28;390200;251112;1462;4;2;32582036;24516261;111323;185;48
FR;1;2021-07-29;406133;227893;1540;2;0;32988169;24744154;112863;187;48
FR;1;2021-07-30;370734;246709;1638;4;1;33358903;24990863;114501;191;49
FR;1;2021-07-31;243382;165117;793;1;0;33602285;25155980;115294;192;49
FR;1;2021-08-01;105584;47213;233;0;0;33707869;25203193;115527;192;49
FR;1;2021-08-02;297386;212975;1479;2;0;34005255;25416168;117006;194;49
FR;1;2021-08-03;331328;208868;1557;2;1;34336583;25625036;118563;196;50
FR;1;2021-08-04;328032;184037;1439;5;3;34664615;25809073;120002;201;53
FR;1;2021-08-05;301277;193283;1482;0;0;34965892;26002356;121484;201;53
FR;1;2021-08-06;290978;224284;1560;3;1;35256870;26226640;123044;204;54
FR;1;2021-08-07;182657;158797;654;5;3;35439527;26385437;123698;209;57
FR;1;2021-08-08;68886;59115;252;0;0;35508413;26444552;123950;209;57
FR;1;2021-08-09;222783;235467;1444;4;3;35731196;26680019;125394;213;60
FR;1;2021-08-10;252731;240148;1492;2;1;35983927;26920167;126886;215;61
FR;1;2021-08-11;236227;231975;1271;5;1;36220154;27152142;128157;220;62
FR;1;2021-08-12;220779;239942;1487;3;0;36440933;27392084;129644;223;62
FR;1;2021-08-13;201718;238601;1358;2;2;36642651;27630685;131002;225;64
FR;1;2021-08-14;122857;174062;646;0;0;36765508;27804747;131648;225;64
FR;1;2021-08-15;34700;46126;200;1;0;36800208;27850873;131848;226;64
FR;1;2021-08-16;156959;289549;1423;0;0;36957167;28140422;133271;226;64
FR;1;2021-08-17;171607;291210;1422;5;0;37128774;28431632;134693;231;64
FR;1;2021-08-18;161429;286820;1392;6;3;37290203;28718452;136085;237;67
FR;1;2021-08-19;148946;277550;1403;1;0;37439149;28996002;137488;238;67
FR;1;2021-08-20;140505;309062;1532;2;2;37579654;29305064;139020;240;69
FR;1;2021-08-21;84272;213209;588;0;0;37663926;29518273;139608;240;69
FR;1;2021-08-22;28580;82698;233;0;0;37692506;29600971;139841;240;69
FR;1;2021-08-23;118660;321039;1422;2;1;37811166;29922010;141263;242;70
FR;1;2021-08-24;126657;319754;1603;5;1;37937823;30241764;142866;247;71
FR;1;2021-08-25;121525;306516;1779;8;2;38059348;30548280;144645;255;73
FR;1;2021-08-26;106629;286123;2161;10;0;38165977;30834403;146806;265;73
FR;1;2021-08-27;107654;321667;2301;9;3;38273631;31156070;149107;274;76
FR;1;2021-08-28;71018;220699;1101;0;0;38344649;31376769;150208;274;76
FR;1;2021-08-29;24151;78189;469;1;0;38368800;31454958;150677;275;76
FR;1;2021-08-30;96890;286409;4312;6;5053;38465690;31741367;154989;281;5129
FR;1;2021-08-31;98110;276312;9293;15;10112;38563800;32017679;164282;296;15241
FR;1;2021-09-01;112342;245341;21116;7;22131;38676142;32263020;185398;303;37372
FR;1;2021-09-02;86779;197950;24528;18;25495;38762921;32460970;209926;321;62867
FR;1;2021-09-03;82420;227558;26953;21;28022;38845341;32688528;236879;342;90889
FR;1;2021-09-04;71629;189726;11140;11;11688;38916970;32878254;248019;353;102577
FR;1;2021-09-05;18612;41156;4124;2;4278;38935582;32919410;252143;355;106855
FR;1;2021-09-06;59806;151494;30180;15;31200;38995388;33070904;282323;370;138055
FR;1;2021-09-07;57392;139687;30209;30;31212;39052780;33210591;312532;400;169267
FR;1;2021-09-08;72335;173799;26922;22;27912;39125115;33384390;339454;422;197179
FR;1;2021-09-09;54478;124482;28621;24;29705;39179593;33508872;368075;446;226884
FR;1;2021-09-10;66211;152102;30446;24;31641;39245804;33660974;398521;470;258525
FR;1;2021-09-11;52687;146632;9730;14;10338;39298491;33807606;408251;484;268863
FR;1;2021-09-12;10795;29275;2484;1;2648;39309286;33836881;410735;485;271511
FR;1;2021-09-13;51504;104480;38743;31;40023;39360790;33941361;449478;516;311534
FR;1;2021-09-14;53339;96037;51273;67;53118;39414129;34037398;500751;583;364652
FR;1;2021-09-15;60567;139278;50488;55;47041;39474696;34176676;551239;638;411693
FR;1;2021-09-16;46632;81416;53339;70;49555;39521328;34258092;604578;708;461248
FR;1;2021-09-17;53219;109353;45068;61;42674;39574547;34367445;649646;769;503922
FR;1;2021-09-18;37877;118498;11796;19;11272;39612424;34485943;661442;788;515194
FR;1;2021-09-19;6530;21042;2039;1;1981;39618954;34506985;663481;789;517175
FR;1;2021-09-20;36534;74886;46226;65;44176;39655488;34581871;709707;854;561351
FR;1;2021-09-21;34186;68143;56259;70;52698;39689674;34650014;765966;924;614049
FR;1;2021-09-22;38825;118605;49870;76;46886;39728499;34768619;815836;1000;660935
FR;1;2021-09-23;32022;62914;54497;85;50888;39760521;34831533;870333;1085;711823
FR;1;2021-09-24;36781;90078;43661;89;41923;39797302;34921611;913994;1174;753746
FR;1;2021-09-25;27646;96696;12304;27;12178;39824948;35018307;926298;1201;765924
FR;1;2021-09-26;4378;15194;1773;5;1695;39829326;35033501;928071;1206;767619
FR;1;2021-09-27;27350;60232;42908;89;41623;39856676;35093733;970979;1295;809242
FR;1;2021-09-28;26911;49462;47190;75;44454;39883587;35143195;1018169;1370;853696
FR;1;2021-09-29;35892;80342;47272;87;45578;39919479;35223537;1065441;1457;899274
FR;1;2021-09-30;26050;46886;47521;81;45439;39945529;35270423;1112962;1538;944713
FR;1;2021-10-01;47290;66968;44884;83;44584;39992819;35337391;1157846;1621;989297
FR;1;2021-10-02;32369;62416;16112;32;16317;40025188;35399807;1173958;1653;1005614
FR;1;2021-10-03;4340;8564;2038;3;2032;40029528;35408371;1175996;1656;1007646
FR;1;2021-10-04;28932;44442;47099;79;46952;40058460;35452813;1223095;1735;1054598
FR;1;2021-10-05;24533;41662;49879;116;49305;40082993;35494475;1272974;1851;1103903
FR;1;2021-10-06;34629;61411;57494;102;57219;40117622;35555886;1330468;1953;1161122
FR;1;2021-10-07;21041;39905;53038;75;51959;40138663;35595791;1383506;2028;1213081
FR;1;2021-10-08;35644;59659;60393;83;61129;40174307;35655450;1443899;2111;1274210
FR;1;2021-10-09;27449;48017;25494;29;26014;40201756;35703467;1469393;2140;1300224
FR;1;2021-10-10;3713;5811;2753;7;2860;40205469;35709278;1472146;2147;1303084
FR;1;2021-10-11;24821;38239;54581;88;55245;40230290;35747517;1526727;2235;1358329
FR;1;2021-10-12;23336;36599;58065;127;59185;40253626;35784116;1584792;2362;1417514
FR;1;2021-10-13;32917;47847;64166;124;65674;40286543;35831963;1648958;2486;1483188
FR;1;2021-10-14;21671;34804;53757;103;54344;40308214;35866767;1702715;2589;1537532
FR;1;2021-10-15;32702;48807;72324;165;74989;40340916;35915574;1775039;2754;1612521
FR;1;2021-10-16;25986;35303;34865;44;36407;40366902;35950877;1809904;2798;1648928
FR;1;2021-10-17;3108;4051;3411;2;3314;40370010;35954928;1813315;2800;1652242
FR;1;2021-10-18;24192;34897;66827;131;69697;40394202;35989825;1880142;2931;1721939
FR;1;2021-10-19;20684;35596;75653;135;79548;40414886;36025421;1955795;3066;1801487
FR;1;2021-10-20;29879;44241;96172;178;99836;40444765;36069662;2051967;3244;1901323
FR;1;2021-10-21;19776;35074;83172;107;87017;40464541;36104736;2135139;3351;1988340
FR;1;2021-10-22;29723;47789;103733;196;109673;40494264;36152525;2238872;3547;2098013
FR;1;2021-10-23;23028;35148;44867;57;47375;40517292;36187673;2283739;3604;2145388
FR;1;2021-10-24;2381;3845;3582;6;3724;40519673;36191518;2287321;3610;2149112
FR;1;2021-10-25;22462;30765;82016;143;85804;40542135;36222283;2369337;3753;2234916
FR;1;2021-10-26;19328;27678;86100;162;90317;40561463;36249961;2455437;3915;2325233
FR;1;2021-10-27;26192;39649;107802;252;112691;40587655;36289610;2563239;4167;2437924
FR;1;2021-10-28;18780;27144;86945;150;91680;40606435;36316754;2650184;4317;2529604
FR;1;2021-10-29;25926;40286;114821;201;121617;40632361;36357040;2765005;4518;2651221
FR;1;2021-10-30;17696;28729;49360;74;51945;40650057;36385769;2814365;4592;2703166
FR;1;2021-10-31;2060;3176;3448;2;3684;40652117;36388945;2817813;4594;2706850
FR;1;2021-11-01;7963;4271;3027;3;3286;40660080;36393216;2820840;4597;2710136
FR;1;2021-11-02;22874;33245;92391;156;97797;40682954;36426461;2913231;4753;2807933
FR;1;2021-11-03;26602;41607;117488;215;123857;40709556;36468068;3030719;4968;2931790
FR;1;2021-11-04;19595;30346;105799;213;111924;40729151;36498414;3136518;5181;3043714
FR;1;2021-11-05;27007;42353;138768;229;147417;40756158;36540767;3275286;5410;3191131
FR;1;2021-11-06;18844;29831;63479;123;66483;40775002;36570598;3338765;5533;3257614
FR;1;2021-11-07;1808;3290;4973;6;5301;40776810;36573888;3343738;5539;3262915
FR;1;2021-11-08;17844;32285;125991;224;132613;40794654;36606173;3469729;5763;3395528
FR;1;2021-11-09;19484;37676;159286;334;169066;40814138;36643849;3629015;6097;3564594
FR;1;2021-11-10;28866;49172;181888;440;192494;40843004;36693021;3810903;6537;3757088
FR;1;2021-11-11;4169;5949;12224;26;13019;40847173;36698970;3823127;6563;3770107
FR;1;2021-11-12;26000;46902;174803;244;186468;40873173;36745872;3997930;6807;3956575
FR;1;2021-11-13;18728;29179;76824;111;81761;40891901;36775051;4074754;6918;4038336
FR;1;2021-11-14;2042;3264;6819;5;7359;40893943;36778315;4081573;6923;4045695
FR;1;2021-11-15;18755;34821;156405;304;166218;40912698;36813136;4237978;7227;4211913
FR;1;2021-11-16;21346;37941;192110;378;204968;40934044;36851077;4430088;7605;4416881
FR;1;2021-11-17;28646;45630;193212;398;205006;40962690;36896707;4623300;8003;4621887
FR;1;2021-11-18;21129;39500;182479;458;194523;40983819;36936207;4805779;8461;4816410
FR;1;2021-11-19;30875;53422;230226;532;246691;41014694;36989629;5036005;8993;5063101
FR;1;2021-11-20;23757;33255;96980;201;103611;41038451;37022884;5132985;9194;5166712
FR;1;2021-11-21;2327;3942;9110;19;9944;41040778;37026826;5142095;9213;5176656
FR;1;2021-11-22;21408;30429;175882;465;189418;41062186;37057255;5317977;9678;5366074
FR;1;2021-11-23;24010;41081;221173;540;237902;41086196;37098336;5539150;10218;5603976
FR;1;2021-11-24;30284;49764;217329;701;234482;41116480;37148100;5756479;10919;5838458
FR;1;2021-11-25;23717;44093;244456;718;264102;41140197;37192193;6000935;11637;6102560
FR;1;2021-11-26;30621;66763;356791;834;388519;41170818;37258956;6357726;12471;6491079
FR;1;2021-11-27;21944;45369;202610;371;222614;41192762;37304325;6560336;12842;6713693
FR;1;2021-11-28;3166;9617;54782;63;61017;41195928;37313942;6615118;12905;6774710
FR;1;2021-11-29;17876;49559;326358;840;354421;41213804;37363501;6941476;13745;7129131
FR;1;2021-11-30;22785;64959;431118;952;470738;41236589;37428460;7372594;14697;7599869
FR;1;2021-12-01;25332;69317;442860;1129;481718;41261921;37497777;7815454;15826;8081587
FR;1;2021-12-02;20064;64580;489355;1228;532853;41281985;37562357;8304809;17054;8614440
FR;1;2021-12-03;22894;82611;542739;1309;591769;41304879;37644968;8847548;18363;9206209
FR;1;2021-12-04;16392;53951;299074;652;328919;41321271;37698919;9146622;19015;9535128
FR;1;2021-12-05;3633;13871;81521;143;91051;41324904;37712790;9228143;19158;9626179
FR;1;2021-12-06;25833;62683;415415;1065;455150;41350737;37775473;9643558;20223;10081329
FR;1;2021-12-07;19996;75661;522944;1535;572535;41370733;37851134;10166502;21758;10653864
FR;1;2021-12-08;21694;75782;458369;1544;502079;41392427;37926916;10624871;23302;11155943
FR;1;2021-12-09;19443;74061;492891;1625;540792;41411870;38000977;11117762;24927;11696735
FR;1;2021-12-10;23303;87759;547364;1585;599990;41435173;38088736;11665126;26512;12296725
FR;1;2021-12-11;16533;59243;302728;748;335468;41451706;38147979;11967854;27260;12632193
FR;1;2021-12-12;4364;15969;83208;179;94053;41456070;38163948;12051062;27439;12726246
FR;1;2021-12-13;15749;63709;366946;1094;406258;41471819;38227657;12418008;28533;13132504
FR;1;2021-12-14;20853;80385;464704;1745;515161;41492672;38308042;12882712;30278;13647665
FR;1;2021-12-15;21602;77558;409051;1309;453123;41514274;38385600;13291763;31587;14100788
FR;1;2021-12-16;20038;77372;451826;1578;500588;41534312;38462972;13743589;33165;14601376
FR;1;2021-12-17;22609;86689;479901;1734;530963;41556921;38549661;14223490;34899;15132339
FR;1;2021-12-18;17598;54704;257603;730;288504;41574519;38604365;14481093;35629;15420843
FR;1;2021-12-19;5550;17037;79168;194;90710;41580069;38621402;14560261;35823;15511553
FR;1;2021-12-20;20930;63169;316214;1080;355290;41600999;38684571;14876475;36903;15866843
FR;1;2021-12-21;26325;73140;372718;1423;418067;41627324;38757711;15249193;38326;16284910
FR;1;2021-12-22;24976;65952;310608;1216;349592;41652300;38823663;15559801;39542;16634502
FR;1;2021-12-23;21267;52332;241473;956;273030;41673567;38875995;15801274;40498;16907532
FR;1;2021-12-24;7121;18357;67151;258;77067;41680688;38894352;15868425;40756;16984599
FR;1;2021-12-25;506;2871;5584;15;6538;41681194;38897223;15874009;40771;16991137
FR;1;2021-12-26;2748;7592;26934;71;31457;41683942;38904815;15900943;40842;17022594
FR;1;2021-12-27;18303;53596;235101;705;265752;41702245;38958411;16136044;41547;17288346
FR;1;2021-12-28;23294;62061;292021;1026;330209;41725539;39020472;16428065;42573;17618555
FR;1;2021-12-29;22213;55565;254984;920;288203;41747752;39076037;16683049;43493;17906758
FR;1;2021-12-30;21239;46575;212151;858;239627;41768991;39122612;16895200;44351;18146385
FR;1;2021-12-31;7463;16606;61863;229;70406;41776454;39139218;16957063;44580;18216791
FR;1;2022-01-01;1085;2482;5656;30;6577;41777539;39141700;16962719;44610;18223368
FR;1;2022-01-02;3060;8055;28888;50;33525;41780599;39149755;16991607;44660;18256893
FR;1;2022-01-03;23901;54271;228224;785;257688;41804500;39204026;17219831;45445;18514581
FR;1;2022-01-04;26000;65075;299242;1238;337283;41830500;39269101;17519073;46683;18851864
FR;1;2022-01-05;30404;64333;274861;1096;310225;41860904;39333434;17793934;47779;19162089
FR;1;2022-01-06;26797;66261;306873;1398;346518;41887701;39399695;18100807;49177;19508607
FR;1;2022-01-07;31553;75060;349826;1538;393971;41919254;39474755;18450633;50715;19902578
FR;1;2022-01-08;23384;51389;222482;698;251108;41942638;39526144;18673115;51413;20153686
FR;1;2022-01-09;7084;17142;66023;163;76142;41949722;39543286;18739138;51576;20229828
FR;1;2022-01-10;21744;60733;236784;954;267621;41971466;39604019;18975922;52530;20497449
FR;1;2022-01-11;26752;63511;282272;1277;317805;41998218;39667530;19258194;53807;20815254
FR;1;2022-01-12;28914;62532;246243;1104;278022;42027132;39730062;19504437;54911;21093276
FR;1;2022-01-13;24732;60244;262785;1253;296126;42051864;39790306;19767222;56164;21389402
FR;1;2022-01-14;27952;66764;313991;1366;351260;42079816;39857070;20081213;57530;21740662
FR;1;2022-01-15;19334;44408;199303;619;223857;42099150;39901478;20280516;58149;21964519
FR;1;2022-01-16;5149;12977;51522;135;59565;42104299;39914455;20332038;58284;22024084
FR;1;2022-01-17;16845;39761;184817;780;206844;42121144;39954216;20516855;59064;22230928
FR;1;2022-01-18;19438;46016;212406;1154;237036;42140582;40000232;20729261;60218;22467964
FR;1;2022-01-19;20296;44008;176095;897;197190;42160878;40044240;20905356;61115;22665154
FR;1;2022-01-20;16826;40632;183668;1137;204741;42177704;40084872;21089024;62252;22869895
FR;1;2022-01-21;19901;47103;228942;1405;253342;42197605;40131975;21317966;63657;23123237
FR;1;2022-01-22;13838;33359;144491;578;161387;42211443;40165334;21462457;64235;23284624
FR;1;2022-01-23;3349;8773;33423;132;38320;42214792;40174107;21495880;64367;23322944
FR;1;2022-01-24;11796;32996;142196;709;158244;42226588;40207103;21638076;65076;23481188
FR;1;2022-01-25;14201;38235;163386;1048;181552;42240789;40245338;21801462;66124;23662740
FR;1;2022-01-26;14859;37671;150245;932;166341;42255648;40283009;21951707;67056;23829081
FR;1;2022-01-27;12333;33250;143448;886;157975;42267981;40316259;22095155;67942;23987056
FR;1;2022-01-28;16317;56415;198306;1144;222424;42284298;40372674;22293461;69086;24209480
FR;1;2022-01-29;10267;35442;135201;524;151548;42294565;40408116;22428662;69610;24361028
FR;1;2022-01-30;2480;9265;29681;86;34467;42297045;40417381;22458343;69696;24395495
FR;1;2022-01-31;8755;32516;104336;533;117391;42305800;40449897;22562679;70229;24512886
FR;1;2022-02-01;10887;36514;127066;863;141264;42316687;40486411;22689745;71092;24654150
FR;1;2022-02-02;11920;41639;130343;782;145859;42328607;40528050;22820088;71874;24800009
FR;1;2022-02-03;9227;34023;117004;784;130357;42337834;40562073;22937092;72658;24930366
FR;1;2022-02-04;11516;48207;172576;967;192779;42349350;40610280;23109668;73625;25123145
FR;1;2022-02-05;7994;33958;117577;391;133052;42357344;40644238;23227245;74016;25256197
FR;1;2022-02-06;1704;8012;22750;85;26913;42359048;40652250;23249995;74101;25283110
FR;1;2022-02-07;7299;35446;119078;457;134971;42366347;40687696;23369073;74558;25418081
FR;1;2022-02-08;7741;31927;125637;693;140625;42374088;40719623;23494710;75251;25558706
FR;1;2022-02-09;8631;36513;135243;696;152488;42382719;40756136;23629953;75947;25711194
FR;1;2022-02-10;6986;29992;116364;674;130148;42389705;40786128;23746317;76621;25841342
FR;1;2022-02-11;8653;41527;165134;877;185357;42398358;40827655;23911451;77498;26026699
FR;1;2022-02-12;5320;27601;106699;378;120884;42403678;40855256;24018150;77876;26147583
FR;1;2022-02-13;1229;5715;21716;66;25331;42404907;40860971;24039866;77942;26172914
FR;1;2022-02-14;5450;27206;118072;391;133098;42410357;40888177;24157938;78333;26306012
FR;1;2022-02-15;5772;28845;118913;610;132544;42416129;40917022;24276851;78943;26438556
FR;1;2022-02-16;5745;28466;110414;596;123046;42421874;40945488;24387265;79539;26561602
FR;1;2022-02-17;4608;19713;73133;487;80237;42426482;40965201;24460398;80026;26641839
FR;1;2022-02-18;5604;26766;99190;670;108149;42432086;40991967;24559588;80696;26749988
FR;1;2022-02-19;3550;17171;59473;304;66054;42435636;41009138;24619061;81000;26816042
FR;1;2022-02-20;788;3252;10705;36;12332;42436424;41012390;24629766;81036;26828374
FR;1;2022-02-21;3421;14586;52821;286;57669;42439845;41026976;24682587;81322;26886043
FR;1;2022-02-22;3788;15526;51900;500;55636;42443633;41042502;24734487;81822;26941679
FR;1;2022-02-23;4228;17806;57468;508;62569;42447861;41060308;24791955;82330;27004248
FR;1;2022-02-24;3340;13048;43612;435;46401;42451201;41073356;24835567;82765;27050649
FR;1;2022-02-25;4470;19835;64913;695;68785;42455671;41093191;24900480;83460;27119434
FR;1;2022-02-26;2692;12798;41366;310;45119;42458363;41105989;24941846;83770;27164553
FR;1;2022-02-27;644;2186;7126;42;7991;42459007;41108175;24948972;83812;27172544
FR;1;2022-02-28;2613;10457;34947;305;37373;42461620;41118632;24983919;84117;27209917
FR;1;2022-03-01;3455;10736;38693;390;39648;42465075;41129368;25022612;84507;27249565
FR;1;2022-03-02;3641;12166;41844;397;43912;42468716;41141534;25064456;84904;27293477
FR;1;2022-03-03;2446;7960;26174;326;26511;42471162;41149494;25090630;85230;27319988
FR;1;2022-03-04;2683;10425;35422;590;34915;42473845;41159919;25126052;85820;27354903
FR;1;2022-03-05;1819;6356;21962;278;22358;42475664;41166275;25148014;86098;27377261
FR;1;2022-03-06;358;952;2916;38;3119;42476022;41167227;25150930;86136;27380380
FR;1;2022-03-07;1725;4704;16430;245;15896;42477747;41171931;25167360;86381;27396276
FR;1;2022-03-08;1661;5247;17162;307;15989;42479408;41177178;25184522;86688;27412265
FR;1;2022-03-09;1967;6672;19804;368;19162;42481375;41183850;25204326;87056;27431427
FR;1;2022-03-10;1388;4857;15273;307;14311;42482763;41188707;25219599;87363;27445738
FR;1;2022-03-11;1750;6392;21699;482;19851;42484513;41195099;25241298;87845;27465589
FR;1;2022-03-12;1236;4649;15358;280;14908;42485749;41199748;25256656;88125;27480497
FR;1;2022-03-13;244;609;2119;118;2064;42485993;41200357;25258775;88243;27482561
FR;1;2022-03-14;1138;3671;13398;3878;12520;42487131;41204028;25272173;92121;27495081
FR;1;2022-03-15;1382;5725;14648;6862;13244;42488513;41209753;25286821;98983;27508325
FR;1;2022-03-16;1678;5054;17391;11517;16452;42490191;41214807;25304212;110500;27524777
FR;1;2022-03-17;1166;3429;11718;9646;10816;42491357;41218236;25315930;120146;27535593
FR;1;2022-03-18;1724;4922;17957;16493;16394;42493081;41223158;25333887;136639;27551987
FR;1;2022-03-19;1121;3296;11889;8455;11357;42494202;41226454;25345776;145094;27563344
FR;1;2022-03-20;224;557;1724;1014;1758;42494426;41227011;25347500;146108;27565102
FR;1;2022-03-21;1085;2756;11493;13448;10840;42495511;41229767;25358993;159556;27575942
FR;1;2022-03-22;1225;3205;12251;18691;11241;42496736;41232972;25371244;178247;27587183
FR;1;2022-03-23;1500;4318;16019;20109;15699;42498236;41237290;25387263;198356;27602882
FR;1;2022-03-24;1111;2741;10389;16049;9651;42499347;41240031;25397652;214405;27612533
FR;1;2022-03-25;1531;4337;16727;25297;15378;42500878;41244368;25414379;239702;27627911
FR;1;2022-03-26;1106;3010;10852;11449;10513;42501984;41247378;25425231;251151;27638424
FR;1;2022-03-27;232;543;1748;1381;1801;42502216;41247921;25426979;252532;27640225
FR;1;2022-03-28;1079;2479;9969;15883;9593;42503295;41250400;25436948;268415;27649818
FR;1;2022-03-29;1139;2736;11549;25081;10912;42504434;41253136;25448497;293496;27660730
FR;1;2022-03-30;1625;3555;14163;24169;13694;42506059;41256691;25462660;317665;27674424
FR;1;2022-03-31;1277;3007;11685;22630;11193;42507336;41259698;25474345;340295;27685617
FR;1;2022-04-01;2226;4012;18454;28503;17325;42509562;41263710;25492799;368798;27702942
FR;1;2022-04-02;907;1871;8189;9219;7935;42510469;41265581;25500988;378017;27710877
FR;1;2022-04-03;200;372;1432;1054;1433;42510669;41265953;25502420;379071;27712310
FR;1;2022-04-04;1678;2444;11362;17657;10748;42512347;41268397;25513782;396728;27723058
FR;1;2022-04-05;1481;2675;12993;31171;12017;42513828;41271072;25526775;427899;27735075
FR;1;2022-04-06;1493;2942;12190;23911;11620;42515321;41274014;25538965;451810;27746695
FR;1;2022-04-07;1251;2690;12333;31042;11799;42516572;41276704;25551298;482852;27758494
FR;1;2022-04-08;1604;3599;17548;40573;16455;42518176;41280303;25568846;523425;27774949
FR;1;2022-04-09;817;1989;8401;12494;8099;42518993;41282292;25577247;535919;27783048
FR;1;2022-04-10;195;512;1834;1849;1877;42519188;41282804;25579081;537768;27784925
FR;1;2022-04-11;1042;2229;10959;22312;10668;42520230;41285033;25590040;560080;27795593
FR;1;2022-04-12;1296;2610;12813;38093;12299;42521526;41287643;25602853;598173;27807892
FR;1;2022-04-13;1249;2822;12264;30587;11995;42522775;41290465;25615117;628760;27819887
FR;1;2022-04-14;1219;2499;12080;33561;12083;42523994;41292964;25627197;662321;27831970
FR;1;2022-04-15;1479;2925;14387;33190;13762;42525473;41295889;25641584;695511;27845732
FR;1;2022-04-16;658;1396;5840;7983;5764;42526131;41297285;25647424;703494;27851496
FR;1;2022-04-17;153;274;929;1119;971;42526284;41297559;25648353;704613;27852467
FR;1;2022-04-18;162;461;2632;999;2655;42526446;41298020;25650985;705612;27855122
FR;1;2022-04-19;1234;2581;11773;27889;11504;42527680;41300601;25662758;733501;27866626
FR;1;2022-04-20;1330;2621;12163;26818;12005;42529010;41303222;25674921;760319;27878631
FR;1;2022-04-21;1235;2448;11525;33134;11697;42530245;41305670;25686446;793453;27890328
FR;1;2022-04-22;1509;3063;15195;35468;14777;42531754;41308733;25701641;828921;27905105
FR;1;2022-04-23;760;1569;6730;9889;6635;42532514;41310302;25708371;838810;27911740
FR;1;2022-04-24;196;361;1373;1520;1326;42532710;41310663;25709744;840330;27913066
FR;1;2022-04-25;1035;2118;9851;19686;9750;42533745;41312781;25719595;860016;27922816
FR;1;2022-04-26;1339;2615;12589;36538;12196;42535084;41315396;25732184;896554;27935012
FR;1;2022-04-27;1322;2394;10641;29159;10778;42536406;41317790;25742825;925713;27945790
FR;1;2022-04-28;1276;2380;11555;34205;11395;42537682;41320170;25754380;959918;27957185
FR;1;2022-04-29;1607;3566;14392;35492;13831;42539289;41323736;25768772;995410;27971016
FR;1;2022-04-30;827;1539;6446;9162;6288;42540116;41325275;25775218;1004572;27977304
FR;1;2022-05-01;176;281;827;947;821;42540292;41325556;25776045;1005519;27978125
FR;1;2022-05-02;1449;2529;10369;16902;10273;42541741;41328085;25786414;1022421;27988398
FR;1;2022-05-03;1500;2818;12694;32819;12586;42543241;41330903;25799108;1055240;28000984
FR;1;2022-05-04;1342;2700;11215;23790;11370;42544583;41333603;25810323;1079030;28012354
FR;1;2022-05-05;1453;2568;12162;31736;12088;42546036;41336171;25822485;1110766;28024442
FR;1;2022-05-06;1805;3220;14210;34854;13777;42547841;41339391;25836695;1145620;28038219
FR;1;2022-05-07;851;1458;5973;9089;6005;42548692;41340849;25842668;1154709;28044224
FR;1;2022-05-08;189;326;1059;1470;1121;42548881;41341175;25843727;1156179;28045345
FR;1;2022-05-09;1094;1991;9237;19246;9151;42549975;41343166;25852964;1175425;28054496
FR;1;2022-05-10;1456;2743;12592;36997;12188;42551431;41345909;25865556;1212422;28066684
FR;1;2022-05-11;1424;2410;9895;25985;9838;42552855;41348319;25875451;1238407;28076522
FR;1;2022-05-12;1302;2383;10491;33492;10178;42554157;41350702;25885942;1271899;28086700
FR;1;2022-05-13;1594;2775;12748;35700;12392;42555751;41353477;25898690;1307599;28099092
FR;1;2022-05-14;777;1301;5477;10210;5359;42556528;41354778;25904167;1317809;28104451
FR;1;2022-05-15;220;400;1181;1347;1245;42556748;41355178;25905348;1319156;28105696
FR;1;2022-05-16;963;1744;8064;20061;8116;42557711;41356922;25913412;1339217;28113812
FR;1;2022-05-17;1278;2261;11112;36144;10717;42558989;41359183;25924524;1375361;28124529
FR;1;2022-05-18;1296;2102;9028;25688;8978;42560285;41361285;25933552;1401049;28133507
FR;1;2022-05-19;1185;2377;9829;33892;9925;42561470;41363662;25943381;1434941;28143432
FR;1;2022-05-20;1557;2738;12512;37622;12096;42563027;41366400;25955893;1472563;28155528
FR;1;2022-05-21;774;1367;5244;9373;5163;42563801;41367767;25961137;1481936;28160691
FR;1;2022-05-22;190;286;948;1392;948;42563991;41368053;25962085;1483328;28161639
FR;1;2022-05-23;959;1845;8366;19403;8332;42564950;41369898;25970451;1502731;28169971
FR;1;2022-05-24;1277;2428;10711;37178;10554;42566227;41372326;25981162;1539909;28180525
FR;1;2022-05-25;1263;2267;8789;23653;8946;42567490;41374593;25989951;1563562;28189471
FR;1;2022-05-26;162;353;1575;1147;1567;42567652;41374946;25991526;1564709;28191038
FR;1;2022-05-27;1100;2162;8774;20431;8524;42568752;41377108;26000300;1585140;28199562
FR;1;2022-05-28;481;1038;3683;6529;3721;42569233;41378146;26003983;1591669;28203283
FR;1;2022-05-29;119;256;706;890;717;42569352;41378402;26004689;1592559;28204000
FR;1;2022-05-30;825;1715;6556;18529;6585;42570177;41380117;26011245;1611088;28210585
FR;1;2022-05-31;1263;2192;9240;34348;9108;42571440;41382309;26020485;1645436;28219693
FR;1;2022-06-01;1291;2581;10430;23427;10293;42572731;41384890;26030915;1668863;28229986
FR;1;2022-06-02;1213;2300;10668;34084;10225;42573944;41387190;26041583;1702947;28240211
FR;1;2022-06-03;1434;2722;12687;37076;12108;42575378;41389912;26054270;1740023;28252319
FR;1;2022-06-04;679;1258;4743;8675;4821;42576057;41391170;26059013;1748698;28257140
FR;1;2022-06-05;128;286;808;1047;830;42576185;41391456;26059821;1749745;28257970
FR;1;2022-06-06;276;911;2007;1179;2012;42576461;41392367;26061828;1750924;28259982
FR;1;2022-06-07;1131;2285;9173;34022;8834;42577592;41394652;26071001;1784946;28268816
FR;1;2022-06-08;1094;2219;8663;27533;8546;42578686;41396871;26079664;1812479;28277362
FR;1;2022-06-09;1052;2134;9971;37513;9651;42579738;41399005;26089635;1849992;28287013
FR;1;2022-06-10;1322;2552;12378;43052;11954;42581060;41401557;26102013;1893044;28298967
FR;1;2022-06-11;654;1440;5136;11079;5183;42581714;41402997;26107149;1904123;28304150
FR;1;2022-06-12;150;367;1013;1680;1069;42581864;41403364;26108162;1905803;28305219
FR;1;2022-06-13;898;1792;7001;22201;6860;42582762;41405156;26115163;1928004;28312079
FR;1;2022-06-14;1077;2157;9830;42773;9233;42583839;41407313;26124993;1970777;28321312
FR;1;2022-06-15;1058;1933;8767;29358;8447;42584897;41409246;26133760;2000135;28329759
FR;1;2022-06-16;928;1806;9385;38458;8861;42585825;41411052;26143145;2038593;28338620
FR;1;2022-06-17;1204;2531;11864;44761;11350;42587029;41413583;26155009;2083354;28349970
FR;1;2022-06-18;559;1262;4313;10540;4250;42587588;41414845;26159322;2093894;28354220
FR;1;2022-06-19;137;324;1002;1543;1081;42587725;41415169;26160324;2095437;28355301
FR;1;2022-06-20;855;1687;8484;25029;8149;42588580;41416856;26168808;2120466;28363450
FR;1;2022-06-21;1096;2128;9754;47730;8844;42589676;41418984;26178562;2168196;28372294
FR;1;2022-06-22;1020;2027;8426;37088;7927;42590696;41421011;26186988;2205284;28380221
FR;1;2022-06-23;1045;2146;10114;52766;9387;42591741;41423157;26197102;2258050;28389608
FR;1;2022-06-24;1239;2694;12896;65869;11674;42592980;41425851;26209998;2323919;28401282
FR;1;2022-06-25;680;1499;5922;18915;5704;42593660;41427350;26215920;2342834;28406986
FR;1;2022-06-26;166;402;1817;3492;1708;42593826;41427752;26217737;2346326;28408694
FR;1;2022-06-27;934;1761;9895;45941;9119;42594760;41429513;26227632;2392267;28417813
FR;1;2022-06-28;1200;2558;13824;86468;12391;42595960;41432071;26241456;2478735;28430204
FR;1;2022-06-29;1226;2278;11471;67341;10538;42597186;41434349;26252927;2546076;28440742
FR;1;2022-06-30;1274;2414;13499;89931;11809;42598460;41436763;26266426;2636007;28452551
FR;1;2022-07-01;1624;3450;20194;109160;17857;42600084;41440213;26286620;2745167;28470408
FR;1;2022-07-02;757;1520;8011;33763;7246;42600841;41441733;26294631;2778930;28477654
FR;1;2022-07-03;225;478;1938;6113;1753;42601066;41442211;26296569;2785043;28479407
FR;1;2022-07-04;1236;2743;13885;75381;12300;42602302;41444954;26310454;2860424;28491707
FR;1;2022-07-05;1405;2780;17656;126295;15110;42603707;41447734;26328110;2986719;28506817
FR;1;2022-07-06;1335;2367;14865;93635;12888;42605042;41450101;26342975;3080354;28519705
FR;1;2022-07-07;1426;2520;16899;119345;13972;42606468;41452621;26359874;3199699;28533677
FR;1;2022-07-08;1522;2807;19591;129945;15958;42607990;41455428;26379465;3329644;28549635
FR;1;2022-07-09;657;1267;7299;36003;6343;42608647;41456695;26386764;3365647;28555978
FR;1;2022-07-10;235;475;2239;6684;2033;42608882;41457170;26389003;3372331;28558011
FR;1;2022-07-11;1191;2192;14306;84375;11914;42610073;41459362;26403309;3456706;28569925
FR;1;2022-07-12;1545;2754;19431;137250;15863;42611618;41462116;26422740;3593956;28585788
FR;1;2022-07-13;1393;2369;14754;89750;12599;42613011;41464485;26437494;3683706;28598387
FR;1;2022-07-14;155;329;1858;5281;1767;42613166;41464814;26439352;3688987;28600154
FR;1;2022-07-15;1252;2283;14335;80542;11986;42614418;41467097;26453687;3769529;28612140
FR;1;2022-07-16;504;1033;5629;23932;4880;42614922;41468130;26459316;3793461;28617020
FR;1;2022-07-17;157;359;1654;4458;1498;42615079;41468489;26460970;3797919;28618518
FR;1;2022-07-18;967;2013;11288;59250;9555;42616046;41470502;26472258;3857169;28628073
FR;1;2022-07-19;1221;2108;14675;99343;11707;42617267;41472610;26486933;3956512;28639780
FR;1;2022-07-20;1162;1976;12337;74324;10251;42618429;41474586;26499270;4030836;28650031
FR;1;2022-07-21;1116;1920;12386;84440;9967;42619545;41476506;26511656;4115276;28659998
FR;1;2022-07-22;1226;2184;14071;85817;11401;42620771;41478690;26525727;4201093;28671399
FR;1;2022-07-23;527;1076;5226;21286;4603;42621298;41479766;26530953;4222379;28676002
FR;1;2022-07-24;145;300;1323;3683;1164;42621443;41480066;26532276;4226062;28677166
FR;1;2022-07-25;879;1610;9064;46066;7508;42622322;41481676;26541340;4272128;28684674
FR;1;2022-07-26;1120;1946;12662;81911;10314;42623442;41483622;26554002;4354039;28694988
FR;1;2022-07-27;1012;1706;9731;58366;8107;42624454;41485328;26563733;4412405;28703095
FR;1;2022-07-28;974;1674;9834;61805;7829;42625428;41487002;26573567;4474210;28710924
FR;1;2022-07-29;1109;1781;10408;62863;8338;42626537;41488783;26583975;4537073;28719262
FR;1;2022-07-30;390;700;3339;14466;2843;42626927;41489483;26587314;4551539;28722105
FR;1;2022-07-31;136;255;900;2328;766;42627063;41489738;26588214;4553867;28722871
FR;1;2022-08-01;697;1217;7216;28915;6074;42627760;41490955;26595430;4582782;28728945
FR;1;2022-08-02;884;1453;8198;53931;6588;42628644;41492408;26603628;4636713;28735533
FR;1;2022-08-03;711;1074;6122;36997;4904;42629355;41493482;26609750;4673710;28740437
FR;1;2022-08-04;635;1056;6243;41359;5034;42629990;41494538;26615993;4715069;28745471
FR;1;2022-08-05;729;1179;6736;42995;5393;42630719;41495717;26622729;4758064;28750864
FR;1;2022-08-06;269;458;1987;8986;1659;42630988;41496175;26624716;4767050;28752523
FR;1;2022-08-07;84;140;515;1548;431;42631072;41496315;26625231;4768598;28752954
FR;1;2022-08-08;472;805;3766;21183;3091;42631544;41497120;26628997;4789781;28756045
FR;1;2022-08-09;604;1002;5661;38413;4532;42632148;41498122;26634658;4828194;28760577
FR;1;2022-08-10;511;966;4411;26850;3610;42632659;41499088;26639069;4855044;28764187
FR;1;2022-08-11;533;887;4289;28082;3554;42633192;41499975;26643358;4883126;28767741
FR;1;2022-08-12;581;1009;4528;27122;3730;42633773;41500984;26647886;4910248;28771471
FR;1;2022-08-13;171;342;1244;5095;1058;42633944;41501326;26649130;4915343;28772529
FR;1;2022-08-14;60;111;272;866;231;42634004;41501437;26649402;4916209;28772760
FR;1;2022-08-15;62;147;557;531;521;42634066;41501584;26649959;4916740;28773281
FR;1;2022-08-16;519;911;3764;21454;3195;42634585;41502495;26653723;4938194;28776476
FR;1;2022-08-17;518;858;3751;22076;3180;42635103;41503353;26657474;4960270;28779656
FR;1;2022-08-18;531;851;3891;25337;3093;42635634;41504204;26661365;4985607;28782749
FR;1;2022-08-19;518;1025;4340;26491;3574;42636152;41505229;26665705;5012098;28786323
FR;1;2022-08-20;224;393;1280;5355;1092;42636376;41505622;26666985;5017453;28787415
FR;1;2022-08-21;78;109;281;987;249;42636454;41505731;26667266;5018440;28787664
FR;1;2022-08-22;464;865;3116;14896;2688;42636918;41506596;26670382;5033336;28790352
FR;1;2022-08-23;627;1044;4136;28273;3470;42637545;41507640;26674518;5061609;28793822
FR;1;2022-08-24;540;814;3379;18967;2733;42638085;41508454;26677897;5080576;28796555
FR;1;2022-08-25;554;907;3794;22862;3174;42638639;41509361;26681691;5103438;28799729
FR;1;2022-08-26;741;1108;4325;25064;3537;42639380;41510469;26686016;5128502;28803266
FR;1;2022-08-27;214;422;1313;5282;1182;42639594;41510891;26687329;5133784;28804448
FR;1;2022-08-28;106;142;294;877;273;42639700;41511033;26687623;5134661;28804721
FR;1;2022-08-29;494;840;2964;14190;2501;42640194;41511873;26690587;5148851;28807222
FR;1;2022-08-30;732;1083;4591;27618;3744;42640926;41512956;26695178;5176469;28810966
FR;1;2022-08-31;567;803;3088;17156;2603;42641493;41513759;26698266;5193625;28813569
FR;1;2022-09-01;625;857;4129;21667;3503;42642118;41514616;26702395;5215292;28817072
FR;1;2022-09-02;755;1014;4720;27748;3923;42642873;41515630;26707115;5243040;28820995
FR;1;2022-09-03;301;487;1736;5846;1498;42643174;41516117;26708851;5248886;28822493
FR;1;2022-09-04;98;133;336;835;330;42643272;41516250;26709187;5249721;28822823
FR;1;2022-09-05;540;611;2796;15636;2318;42643812;41516861;26711983;5265357;28825141
FR;1;2022-09-06;691;906;4296;30875;3449;42644503;41517767;26716279;5296232;28828590
FR;1;2022-09-07;517;663;2846;16346;2354;42645020;41518430;26719125;5312578;28830944
FR;1;2022-09-08;541;758;3617;24054;2948;42645561;41519188;26722742;5336632;28833892
FR;1;2022-09-09;746;937;4165;26655;3459;42646307;41520125;26726907;5363287;28837351
FR;1;2022-09-10;303;436;1505;5531;1306;42646610;41520561;26728412;5368818;28838657
FR;1;2022-09-11;96;113;303;638;283;42646706;41520674;26728715;5369456;28838940
FR;1;2022-09-12;433;525;2220;12726;1862;42647139;41521199;26730935;5382182;28840802
FR;1;2022-09-13;556;765;3660;25509;3111;42647695;41521964;26734595;5407691;28843913
FR;1;2022-09-14;554;662;2666;15539;2207;42648249;41522626;26737261;5423230;28846120
FR;1;2022-09-15;489;658;3105;22823;2588;42648738;41523284;26740366;5446053;28848708
FR;1;2022-09-16;701;889;3830;25067;3177;42649439;41524173;26744196;5471120;28851885
FR;1;2022-09-17;277;389;1301;5911;1142;42649716;41524562;26745497;5477031;28853027
FR;1;2022-09-18;94;115;297;889;269;42649810;41524677;26745794;5477920;28853296
FR;1;2022-09-19;339;529;1984;12718;1692;42650149;41525206;26747778;5490638;28854988
FR;1;2022-09-20;534;760;3385;25380;2828;42650683;41525966;26751163;5516018;28857816
FR;1;2022-09-21;456;660;2541;15682;2166;42651139;41526626;26753704;5531700;28859982
FR;1;2022-09-22;510;705;3163;22523;2529;42651649;41527331;26756867;5554223;28862511
FR;1;2022-09-23;714;849;3851;27604;3123;42652363;41528180;26760718;5581827;28865634
FR;1;2022-09-24;336;506;1501;6590;1289;42652699;41528686;26762219;5588417;28866923
FR;1;2022-09-25;70;128;305;1033;274;42652769;41528814;26762524;5589450;28867197
FR;1;2022-09-26;353;587;2035;12696;1742;42653122;41529401;26764559;5602146;28868939
FR;1;2022-09-27;516;719;3244;24290;2543;42653638;41530120;26767803;5626436;28871482
FR;1;2022-09-28;466;660;2242;14259;1973;42654104;41530780;26770045;5640695;28873455
FR;2;2020-12-27;0;0;0;0;0;0;0;0;0;0
FR;2;2020-12-28;0;0;0;0;0;0;0;0;0;0
FR;2;2020-12-29;0;0;0;0;0;0;0;0;0;0
FR;2;2020-12-30;0;0;0;0;0;0;0;0;0;0
FR;2;2020-12-31;0;0;0;0;0;0;0;0;0;0
FR;2;2021-01-01;0;0;0;0;0;0;0;0;0;0
FR;2;2021-01-02;0;0;0;0;0;0;0;0;0;0
FR;2;2021-01-03;0;0;0;0;0;0;0;0;0;0
FR;2;2021-01-04;0;0;0;0;0;0;0;0;0;0
FR;2;2021-01-05;0;0;0;0;0;0;0;0;0;0
FR;2;2021-01-06;0;0;0;0;0;0;0;0;0;0
FR;2;2021-01-07;0;0;0;0;0;0;0;0;0;0
FR;2;2021-01-08;0;0;0;0;0;0;0;0;0;0
FR;2;2021-01-09;0;0;0;0;0;0;0;0;0;0
FR;2;2021-01-10;0;0;0;0;0;0;0;0;0;0
FR;2;2021-01-11;0;0;0;0;0;0;0;0;0;0
FR;2;2021-01-12;0;0;0;0;0;0;0;0;0;0
FR;2;2021-01-13;0;0;0;0;0;0;0;0;0;0
FR;2;2021-01-14;1663;0;0;0;0;1663;0;0;0;0
FR;2;2021-01-15;398;0;0;0;0;2061;0;0;0;0
FR;2;2021-01-16;316;0;0;0;0;2377;0;0;0;0
FR;2;2021-01-17;83;0;0;0;0;2460;0;0;0;0
FR;2;2021-01-18;3074;2;0;0;0;5534;2;0;0;0
FR;2;2021-01-19;4680;0;0;0;0;10214;2;0;0;0
FR;2;2021-01-20;5135;6;0;0;0;15349;8;0;0;0
FR;2;2021-01-21;5344;9;0;0;0;20693;17;0;0;0
FR;2;2021-01-22;5118;14;0;0;0;25811;31;0;0;0
FR;2;2021-01-23;1873;1;0;0;0;27684;32;0;0;0
FR;2;2021-01-24;162;2;0;0;0;27846;34;0;0;0
FR;2;2021-01-25;3814;3;0;0;0;31660;37;0;0;0
FR;2;2021-01-26;3923;5;0;0;0;35583;42;0;0;0
FR;2;2021-01-27;3602;4;0;0;0;39185;46;0;0;0
FR;2;2021-01-28;3752;8;0;0;0;42937;54;0;0;0
FR;2;2021-01-29;3295;3;0;0;0;46232;57;0;0;0
FR;2;2021-01-30;1130;3;0;0;0;47362;60;0;0;0
FR;2;2021-01-31;45;2;0;0;0;47407;62;0;0;0
FR;2;2021-02-01;3405;9;0;0;0;50812;71;0;0;0
FR;2;2021-02-02;4493;15;0;0;0;55305;86;0;0;0
FR;2;2021-02-03;5220;7;0;0;0;60525;93;0;0;0
FR;2;2021-02-04;4938;11;0;0;0;65463;104;0;0;0
FR;2;2021-02-05;4813;15;0;0;0;70276;119;0;0;0
FR;2;2021-02-06;2043;14;0;0;0;72319;133;0;0;0
FR;2;2021-02-07;102;4;0;0;0;72421;137;0;0;0
FR;2;2021-02-08;7555;24;0;0;0;79976;161;0;0;0
FR;2;2021-02-09;8425;27;0;0;0;88401;188;0;0;0
FR;2;2021-02-10;9342;59;0;0;0;97743;247;0;0;0
FR;2;2021-02-11;10287;118;0;0;0;108030;365;0;0;0
FR;2;2021-02-12;10055;269;0;0;0;118085;634;0;0;0
FR;2;2021-02-13;3120;225;0;0;0;121205;859;0;0;0
FR;2;2021-02-14;355;9;0;0;0;121560;868;0;0;0
FR;2;2021-02-15;3458;3111;0;0;0;125018;3979;0;0;0
FR;2;2021-02-16;5073;4115;0;0;0;130091;8094;0;0;0
FR;2;2021-02-17;4256;4526;0;0;0;134347;12620;0;0;0
FR;2;2021-02-18;5402;5155;0;0;0;139749;17775;0;0;0
FR;2;2021-02-19;5327;4454;0;0;0;145076;22229;0;0;0
FR;2;2021-02-20;1870;1515;0;0;0;146946;23744;0;0;0
FR;2;2021-02-21;244;95;0;0;0;147190;23839;0;0;0
FR;2;2021-02-22;3613;3763;0;0;0;150803;27602;0;0;0
FR;2;2021-02-23;4954;3719;0;0;0;155757;31321;0;0;0
FR;2;2021-02-24;5015;3528;0;0;0;160772;34849;0;0;0
FR;2;2021-02-25;5491;3471;0;0;0;166263;38320;0;0;0
FR;2;2021-02-26;4363;3167;0;0;0;170626;41487;0;0;0
FR;2;2021-02-27;1625;1059;0;0;0;172251;42546;0;0;0
FR;2;2021-02-28;178;22;0;0;0;172429;42568;0;0;0
FR;2;2021-03-01;5184;3749;0;0;0;177613;46317;0;0;0
FR;2;2021-03-02;6535;4722;0;0;0;184148;51039;0;0;0
FR;2;2021-03-03;6539;4938;0;0;0;190687;55977;0;0;0
FR;2;2021-03-04;8408;4152;0;0;0;199095;60129;0;0;0
FR;2;2021-03-05;8035;4053;0;0;0;207130;64182;0;0;0
FR;2;2021-03-06;4787;1680;0;0;0;211917;65862;0;0;0
FR;2;2021-03-07;2372;30;0;0;0;214289;65892;0;0;0
FR;2;2021-03-08;4166;8377;0;0;0;218455;74269;0;0;0
FR;2;2021-03-09;7491;8563;1;0;0;225946;82832;1;0;0
FR;2;2021-03-10;7102;9195;0;0;0;233048;92027;1;0;0
FR;2;2021-03-11;9377;9311;1;0;0;242425;101338;2;0;0
FR;2;2021-03-12;7978;8323;0;0;0;250403;109661;2;0;0
FR;2;2021-03-13;10053;2578;0;0;0;260456;112239;2;0;0
FR;2;2021-03-14;4840;385;0;0;0;265296;112624;2;0;0
FR;2;2021-03-15;10912;3474;0;0;0;276208;116098;2;0;0
FR;2;2021-03-16;16764;4673;1;0;0;292972;120771;3;0;0
FR;2;2021-03-17;20238;3994;0;0;0;313210;124765;3;0;0
FR;2;2021-03-18;23372;5059;0;0;0;336582;129824;3;0;0
FR;2;2021-03-19;23308;4633;0;0;0;359890;134457;3;0;0
FR;2;2021-03-20;25450;1588;0;0;0;385340;136045;3;0;0
FR;2;2021-03-21;17671;154;0;0;0;403011;136199;3;0;0
FR;2;2021-03-22;17786;3203;0;0;0;420797;139402;3;0;0
FR;2;2021-03-23;22694;4239;0;0;0;443491;143641;3;0;0
FR;2;2021-03-24;23958;5041;0;0;0;467449;148682;3;0;0
FR;2;2021-03-25;26750;5182;1;0;0;494199;153864;4;0;0
FR;2;2021-03-26;26983;4222;0;0;0;521182;158086;4;0;0
FR;2;2021-03-27;15920;1353;0;0;0;537102;159439;4;0;0
FR;2;2021-03-28;10562;139;0;0;0;547664;159578;4;0;0
FR;2;2021-03-29;18995;4318;0;0;0;566659;163896;4;0;0
FR;2;2021-03-30;24587;6076;0;0;0;591246;169972;4;0;0
FR;2;2021-03-31;28561;5916;0;0;0;619807;175888;4;0;0
FR;2;2021-04-01;34549;8549;1;0;0;654356;184437;5;0;0
FR;2;2021-04-02;29983;7697;0;0;0;684339;192134;5;0;0
FR;2;2021-04-03;16955;4080;0;0;0;701294;196214;5;0;0
FR;2;2021-04-04;9306;1175;2;0;0;710600;197389;7;0;0
FR;2;2021-04-05;12445;798;0;0;0;723045;198187;7;0;0
FR;2;2021-04-06;27153;7197;0;0;0;750198;205384;7;0;0
FR;2;2021-04-07;30930;7140;1;0;0;781128;212524;8;0;0
FR;2;2021-04-08;36891;8632;1;0;0;818019;221156;9;0;0
FR;2;2021-04-09;33846;8435;28;0;0;851865;229591;37;0;0
FR;2;2021-04-10;19683;9199;1;0;0;871548;238790;38;0;0
FR;2;2021-04-11;7942;4250;1;0;0;879490;243040;39;0;0
FR;2;2021-04-12;17127;11042;0;0;0;896617;254082;39;0;0
FR;2;2021-04-13;19457;16088;1;0;0;916074;270170;40;0;0
FR;2;2021-04-14;18065;16401;7;0;0;934139;286571;47;0;0
FR;2;2021-04-15;22198;21490;27;0;0;956337;308061;74;0;0
FR;2;2021-04-16;20709;20424;45;0;0;977046;328485;119;0;0
FR;2;2021-04-17;13255;22489;5;0;0;990301;350974;124;0;0
FR;2;2021-04-18;5909;14397;6;0;0;996210;365371;130;0;0
FR;2;2021-04-19;16839;16335;24;0;0;1013049;381706;154;0;0
FR;2;2021-04-20;19324;21672;38;0;0;1032373;403378;192;0;0
FR;2;2021-04-21;20290;21776;76;0;0;1052663;425154;268;0;0
FR;2;2021-04-22;23819;24907;41;0;0;1076482;450061;309;0;0
FR;2;2021-04-23;24526;25401;76;0;0;1101008;475462;385;0;0
FR;2;2021-04-24;25304;15065;104;0;0;1126312;490527;489;0;0
FR;2;2021-04-25;9595;8609;5;0;0;1135907;499136;494;0;0
FR;2;2021-04-26;17164;17451;21;0;0;1153071;516587;515;0;0
FR;2;2021-04-27;19243;24130;40;0;0;1172314;540717;555;0;0
FR;2;2021-04-28;22337;26330;112;0;0;1194651;567047;667;0;0
FR;2;2021-04-29;25471;30305;69;0;0;1220122;597352;736;0;0
FR;2;2021-04-30;25531;27890;49;1;0;1245653;625242;785;1;0
FR;2;2021-05-01;14986;9861;6;0;0;1260639;635103;791;1;0
FR;2;2021-05-02;6639;9171;2;0;0;1267278;644274;793;1;0
FR;2;2021-05-03;20018;19186;40;0;0;1287296;663460;833;1;0
FR;2;2021-05-04;18282;29132;33;0;0;1305578;692592;866;1;0
FR;2;2021-05-05;18374;29431;48;0;0;1323952;722023;914;1;0
FR;2;2021-05-06;23544;35320;131;0;0;1347496;757343;1045;1;0
FR;2;2021-05-07;25331;33217;97;0;0;1372827;790560;1142;1;0
FR;2;2021-05-08;21342;10300;14;0;0;1394169;800860;1156;1;0
FR;2;2021-05-09;13166;7723;7;0;0;1407335;808583;1163;1;0
FR;2;2021-05-10;32939;21902;49;0;0;1440274;830485;1212;1;0
FR;2;2021-05-11;43604;20964;101;0;0;1483878;851449;1313;1;0
FR;2;2021-05-12;50050;19718;143;0;0;1533928;871167;1456;1;0
FR;2;2021-05-13;51295;5674;31;0;0;1585223;876841;1487;1;0
FR;2;2021-05-14;61352;12893;132;0;0;1646575;889734;1619;1;0
FR;2;2021-05-15;65932;7124;39;0;0;1712507;896858;1658;1;0
FR;2;2021-05-16;43587;2572;10;0;0;1756094;899430;1668;1;0
FR;2;2021-05-17;44748;12496;114;0;0;1800842;911926;1782;1;0
FR;2;2021-05-18;54643;12262;191;0;0;1855485;924188;1973;1;0
FR;2;2021-05-19;57176;10543;281;0;0;1912661;934731;2254;1;0
FR;2;2021-05-20;63440;10813;288;0;0;1976101;945544;2542;1;0
FR;2;2021-05-21;64295;11627;230;0;0;2040396;957171;2772;1;0
FR;2;2021-05-22;61482;4518;65;0;0;2101878;961689;2837;1;0
FR;2;2021-05-23;37533;574;22;0;0;2139411;962263;2859;1;0
FR;2;2021-05-24;17242;2037;35;0;0;2156653;964300;2894;1;0
FR;2;2021-05-25;21110;12215;240;0;0;2177763;976515;3134;1;0
FR;2;2021-05-26;19939;11484;230;0;0;2197702;987999;3364;1;0
FR;2;2021-05-27;22997;12648;182;0;0;2220699;1000647;3546;1;0
FR;2;2021-05-28;29392;14992;190;0;0;2250091;1015639;3736;1;0
FR;2;2021-05-29;30420;8192;57;0;0;2280511;1023831;3793;1;0
FR;2;2021-05-30;4647;1816;6;0;0;2285158;1025647;3799;1;0
FR;2;2021-05-31;28589;18735;184;0;0;2313747;1044382;3983;1;0
FR;2;2021-06-01;45728;19934;224;0;0;2359475;1064316;4207;1;0
FR;2;2021-06-02;37474;19262;182;0;0;2396949;1083578;4389;1;0
FR;2;2021-06-03;51278;23191;161;0;0;2448227;1106769;4550;1;0
FR;2;2021-06-04;65512;24060;217;0;0;2513739;1130829;4767;1;0
FR;2;2021-06-05;34600;24068;52;0;0;2548339;1154897;4819;1;0
FR;2;2021-06-06;4956;6192;10;0;0;2553295;1161089;4829;1;0
FR;2;2021-06-07;28174;23013;150;0;0;2581469;1184102;4979;1;0
FR;2;2021-06-08;46376;22916;143;0;0;2627845;1207018;5122;1;0
FR;2;2021-06-09;34291;20945;107;0;0;2662136;1227963;5229;1;0
FR;2;2021-06-10;42639;19131;95;1;0;2704775;1247094;5324;2;0
FR;2;2021-06-11;55299;25164;134;0;0;2760074;1272258;5458;2;0
FR;2;2021-06-12;30561;19776;53;0;0;2790635;1292034;5511;2;0
FR;2;2021-06-13;3331;9191;13;0;0;2793966;1301225;5524;2;0
FR;2;2021-06-14;25300;24131;92;0;0;2819266;1325356;5616;2;0
FR;2;2021-06-15;39045;22836;154;0;0;2858311;1348192;5770;2;0
FR;2;2021-06-16;30163;21397;135;0;0;2888474;1369589;5905;2;0
FR;2;2021-06-17;36911;25813;150;0;0;2925385;1395402;6055;2;0
FR;2;2021-06-18;46859;28851;123;0;0;2972244;1424253;6178;2;0
FR;2;2021-06-19;24525;24897;39;0;0;2996769;1449150;6217;2;0
FR;2;2021-06-20;3741;10064;9;0;0;3000510;1459214;6226;2;0
FR;2;2021-06-21;17529;42840;88;0;0;3018039;1502054;6314;2;0
FR;2;2021-06-22;28360;49569;110;0;0;3046399;1551623;6424;2;0
FR;2;2021-06-23;21789;49586;107;1;1;3068188;1601209;6531;3;1
FR;2;2021-06-24;28376;50280;134;0;0;3096564;1651489;6665;3;1
FR;2;2021-06-25;33400;60424;128;0;0;3129964;1711913;6793;3;1
FR;2;2021-06-26;16386;59302;54;1;0;3146350;1771215;6847;4;1
FR;2;2021-06-27;2566;29313;22;1;0;3148916;1800528;6869;5;1
FR;2;2021-06-28;12640;54327;84;0;0;3161556;1854855;6953;5;1
FR;2;2021-06-29;19853;59945;178;0;0;3181409;1914800;7131;5;1
FR;2;2021-06-30;16330;57978;253;17;0;3197739;1972778;7384;22;1
FR;2;2021-07-01;20492;59877;228;0;0;3218231;2032655;7612;22;1
FR;2;2021-07-02;24078;62148;184;0;0;3242309;2094803;7796;22;1
FR;2;2021-07-03;12117;57107;153;0;0;3254426;2151910;7949;22;1
FR;2;2021-07-04;1959;23306;18;0;0;3256385;2175216;7967;22;1
FR;2;2021-07-05;9177;29342;106;0;0;3265562;2204558;8073;22;1
FR;2;2021-07-06;14581;36236;135;0;0;3280143;2240794;8208;22;1
FR;2;2021-07-07;14413;33658;139;0;0;3294556;2274452;8347;22;1
FR;2;2021-07-08;19719;40309;162;0;0;3314275;2314761;8509;22;1
FR;2;2021-07-09;27101;54304;202;1;0;3341376;2369065;8711;23;1
FR;2;2021-07-10;13386;33692;107;0;0;3354762;2402757;8818;23;1
FR;2;2021-07-11;1809;4354;16;0;0;3356571;2407111;8834;23;1
FR;2;2021-07-12;12969;37297;119;0;0;3369540;2444408;8953;23;1
FR;2;2021-07-13;37114;53179;150;0;0;3406654;2497587;9103;23;1
FR;2;2021-07-14;6625;3550;15;0;0;3413279;2501137;9118;23;1
FR;2;2021-07-15;47239;47026;156;0;0;3460518;2548163;9274;23;1
FR;2;2021-07-16;64316;55801;188;0;0;3524834;2603964;9462;23;1
FR;2;2021-07-17;31598;23924;96;0;0;3556432;2627888;9558;23;1
FR;2;2021-07-18;6088;4837;19;0;0;3562520;2632725;9577;23;1
FR;2;2021-07-19;33002;28636;94;0;0;3595522;2661361;9671;23;1
FR;2;2021-07-20;51998;44538;155;0;0;3647520;2705899;9826;23;1
FR;2;2021-07-21;45251;34710;93;0;0;3692771;2740609;9919;23;1
FR;2;2021-07-22;56280;41088;128;1;0;3749051;2781697;10047;24;1
FR;2;2021-07-23;68296;48993;170;0;0;3817347;2830690;10217;24;1
FR;2;2021-07-24;36175;21594;82;0;0;3853522;2852284;10299;24;1
FR;2;2021-07-25;6749;2623;10;0;0;3860271;2854907;10309;24;1
FR;2;2021-07-26;36312;22394;91;1;0;3896583;2877301;10400;25;1
FR;2;2021-07-27;62387;34590;180;0;0;3958970;2911891;10580;25;1
FR;2;2021-07-28;55318;26430;132;0;0;4014288;2938321;10712;25;1
FR;2;2021-07-29;68475;32805;189;0;0;4082763;2971126;10901;25;1
FR;2;2021-07-30;74462;37801;222;1;0;4157225;3008927;11123;26;1
FR;2;2021-07-31;34769;16204;104;0;0;4191994;3025131;11227;26;1
FR;2;2021-08-01;5413;2264;19;0;0;4197407;3027395;11246;26;1
FR;2;2021-08-02;35881;16188;101;0;0;4233288;3043583;11347;26;1
FR;2;2021-08-03;55983;28279;142;0;0;4289271;3071862;11489;26;1
FR;2;2021-08-04;46634;20843;128;1;0;4335905;3092705;11617;27;1
FR;2;2021-08-05;54634;31581;215;0;0;4390539;3124286;11832;27;1
FR;2;2021-08-06;58094;42398;242;1;0;4448633;3166684;12074;28;1
FR;2;2021-08-07;25145;17625;89;0;0;4473778;3184309;12163;28;1
FR;2;2021-08-08;3838;3652;21;0;0;4477616;3187961;12184;28;1
FR;2;2021-08-09;29307;21077;92;0;0;4506923;3209038;12276;28;1
FR;2;2021-08-10;45004;33485;155;0;0;4551927;3242523;12431;28;1
FR;2;2021-08-11;35274;25165;151;0;0;4587201;3267688;12582;28;1
FR;2;2021-08-12;41900;35706;162;0;0;4629101;3303394;12744;28;1
FR;2;2021-08-13;42598;37231;218;0;0;4671699;3340625;12962;28;1
FR;2;2021-08-14;18517;22181;93;0;0;4690216;3362806;13055;28;1
FR;2;2021-08-15;3852;3806;17;0;0;4694068;3366612;13072;28;1
FR;2;2021-08-16;25090;27152;111;0;0;4719158;3393764;13183;28;1
FR;2;2021-08-17;38259;43424;205;2;0;4757417;3437188;13388;30;1
FR;2;2021-08-18;32251;36369;195;1;1;4789668;3473557;13583;31;2
FR;2;2021-08-19;37434;46574;224;0;0;4827102;3520131;13807;31;2
FR;2;2021-08-20;40566;55627;269;1;0;4867668;3575758;14076;32;2
FR;2;2021-08-21;18120;24311;116;0;0;4885788;3600069;14192;32;2
FR;2;2021-08-22;2906;4325;22;1;1;4888694;3604394;14214;33;3
FR;2;2021-08-23;19248;35151;131;1;0;4907942;3639545;14345;34;3
FR;2;2021-08-24;31947;56056;236;0;0;4939889;3695601;14581;34;3
FR;2;2021-08-25;25934;43459;250;0;0;4965823;3739060;14831;34;3
FR;2;2021-08-26;32360;55812;388;0;0;4998183;3794872;15219;34;3
FR;2;2021-08-27;37003;65662;478;2;0;5035186;3860534;15697;36;3
FR;2;2021-08-28;17819;28524;300;0;0;5053005;3889058;15997;36;3
FR;2;2021-08-29;2656;5017;47;0;0;5055661;3894075;16044;36;3
FR;2;2021-08-30;18415;37740;400;0;759;5074076;3931815;16444;36;762
FR;2;2021-08-31;28077;57506;887;4;1548;5102153;3989321;17331;40;2310
FR;2;2021-09-01;21592;39863;1309;0;2112;5123745;4029184;18640;40;4422
FR;2;2021-09-02;25484;48656;1962;2;3340;5149229;4077840;20602;42;7762
FR;2;2021-09-03;33410;64532;2988;3;4861;5182639;4142372;23590;45;12623
FR;2;2021-09-04;16832;27733;1442;1;2373;5199471;4170105;25032;46;14996
FR;2;2021-09-05;2262;3609;266;0;412;5201733;4173714;25298;46;15408
FR;2;2021-09-06;14041;28713;1769;1;2942;5215774;4202427;27067;47;18350
FR;2;2021-09-07;21106;41096;3020;13;4900;5236880;4243523;30087;60;23250
FR;2;2021-09-08;17246;31925;2734;6;4488;5254126;4275448;32821;66;27738
FR;2;2021-09-09;20977;40476;4434;3;6804;5275103;4315924;37255;69;34542
FR;2;2021-09-10;28202;51253;5285;4;8911;5303305;4367177;42540;73;43453
FR;2;2021-09-11;13654;22422;2404;5;3968;5316959;4389599;44944;78;47421
FR;2;2021-09-12;1824;2778;291;0;511;5318783;4392377;45235;78;47932
FR;2;2021-09-13;11658;21439;2472;4;4031;5330441;4413816;47707;82;51963
FR;2;2021-09-14;18573;32748;5087;13;9051;5349014;4446564;52794;95;61014
FR;2;2021-09-15;14913;28259;5169;3;7766;5363927;4474823;57963;98;68780
FR;2;2021-09-16;16080;32778;6736;12;10524;5380007;4507601;64699;110;79304
FR;2;2021-09-17;20914;47136;8780;10;14606;5400921;4554737;73479;120;93910
FR;2;2021-09-18;9857;20948;3803;6;6032;5410778;4575685;77282;126;99942
FR;2;2021-09-19;1166;2608;396;0;633;5411944;4578293;77678;126;100575
FR;2;2021-09-20;7498;18738;3855;7;6145;5419442;4597031;81533;133;106720
FR;2;2021-09-21;11214;30003;6495;5;10745;5430656;4627034;88028;138;117465
FR;2;2021-09-22;9408;23539;5490;6;8520;5440064;4650573;93518;144;125985
FR;2;2021-09-23;10728;28902;7882;9;12646;5450792;4679475;101400;153;138631
FR;2;2021-09-24;15072;42920;10876;18;17232;5465864;4722395;112276;171;155863
FR;2;2021-09-25;7259;18777;3965;9;6110;5473123;4741172;116241;180;161973
FR;2;2021-09-26;1079;2552;495;0;630;5474202;4743724;116736;180;162603
FR;2;2021-09-27;6313;16415;4285;8;6536;5480515;4760139;121021;188;169139
FR;2;2021-09-28;9240;25547;7768;14;12071;5489755;4785686;128789;202;181210
FR;2;2021-09-29;8081;20204;6067;25;9256;5497836;4805890;134856;227;190466
FR;2;2021-09-30;9864;25827;9506;16;14101;5507700;4831717;144362;243;204567
FR;2;2021-10-01;13974;35715;12916;25;19300;5521674;4867432;157278;268;223867
FR;2;2021-10-02;6874;15917;4848;7;7030;5528548;4883349;162126;275;230897
FR;2;2021-10-03;841;1920;492;1;506;5529389;4885269;162618;276;231403
FR;2;2021-10-04;5824;13904;5515;5;7859;5535213;4899173;168133;281;239262
FR;2;2021-10-05;9056;22545;11121;19;15727;5544269;4921718;179254;300;254989
FR;2;2021-10-06;7783;17744;8241;11;11073;5552052;4939462;187495;311;266062
FR;2;2021-10-07;9202;22203;12381;15;16859;5561254;4961665;199876;326;282921
FR;2;2021-10-08;13429;32095;17348;27;23564;5574683;4993760;217224;353;306485
FR;2;2021-10-09;5999;12854;6042;6;7900;5580682;5006614;223266;359;314385
FR;2;2021-10-10;885;1606;436;2;615;5581567;5008220;223702;361;315000
FR;2;2021-10-11;5607;11566;6455;17;8832;5587174;5019786;230157;378;323832
FR;2;2021-10-12;8033;17785;12546;13;16769;5595207;5037571;242703;391;340601
FR;2;2021-10-13;6943;14854;10255;12;13634;5602150;5052425;252958;403;354235
FR;2;2021-10-14;8314;17933;14994;13;19457;5610464;5070358;267952;416;373692
FR;2;2021-10-15;11853;26305;20903;26;27971;5622317;5096663;288855;442;401663
FR;2;2021-10-16;5139;8737;1819;0;3215;5627456;5105400;290674;442;404878
FR;2;2021-10-17;651;1164;184;0;367;5628107;5106564;290858;442;405245
FR;2;2021-10-18;4562;7365;664;2;1644;5632669;5113929;291522;444;406889
FR;2;2021-10-19;6237;9868;732;5;2043;5638906;5123797;292254;449;408932
FR;2;2021-10-20;5169;8072;758;3;1683;5644075;5131869;293012;452;410615
FR;2;2021-10-21;6090;9970;779;5;2101;5650165;5141839;293791;457;412716
FR;2;2021-10-22;8450;14594;1148;4;2882;5658615;5156433;294939;461;415598
FR;2;2021-10-23;3845;5996;586;0;1231;5662460;5162429;295525;461;416829
FR;2;2021-10-24;494;888;100;0;206;5662954;5163317;295625;461;417035
FR;2;2021-10-25;3357;5350;306;1;825;5666311;5168667;295931;462;417860
FR;2;2021-10-26;4176;7254;1130;4;2019;5670487;5175921;297061;466;419879
FR;2;2021-10-27;3676;6608;1193;5;1996;5674163;5182529;298254;471;421875
FR;2;2021-10-28;4597;7698;1732;3;2749;5678760;5190227;299986;474;424624
FR;2;2021-10-29;5412;11087;2435;4;3675;5684172;5201314;302421;478;428299
FR;2;2021-10-30;2749;4444;975;1;1437;5686921;5205758;303396;479;429736
FR;2;2021-10-31;364;531;139;1;190;5687285;5206289;303535;480;429926
FR;2;2021-11-01;428;549;177;0;264;5687713;5206838;303712;480;430190
FR;2;2021-11-02;3293;6759;1183;0;1762;5691006;5213597;304895;480;431952
FR;2;2021-11-03;3340;6235;1386;2;1967;5694346;5219832;306281;482;433919
FR;2;2021-11-04;3986;7081;1766;4;2494;5698332;5226913;308047;486;436413
FR;2;2021-11-05;5232;10502;2867;5;3956;5703564;5237415;310914;491;440369
FR;2;2021-11-06;2594;4682;1403;0;1815;5706158;5242097;312317;491;442184
FR;2;2021-11-07;505;864;220;0;286;5706663;5242961;312537;491;442470
FR;2;2021-11-08;2578;5353;1202;3;1673;5709241;5248314;313739;494;444143
FR;2;2021-11-09;2750;6923;2399;5;3180;5711991;5255237;316138;499;447323
FR;2;2021-11-10;2589;5690;5110;6;6286;5714580;5260927;321248;505;453609
FR;2;2021-11-11;444;750;745;2;926;5715024;5261677;321993;507;454535
FR;2;2021-11-12;2953;8101;8972;8;10915;5717977;5269778;330965;515;465450
FR;2;2021-11-13;1539;3380;3868;7;4537;5719516;5273158;334833;522;469987
FR;2;2021-11-14;257;593;351;1;486;5719773;5273751;335184;523;470473
FR;2;2021-11-15;1622;3669;4445;9;5330;5721395;5277420;339629;532;475803
FR;2;2021-11-16;2184;5900;8307;14;10073;5723579;5283320;347936;546;485876
FR;2;2021-11-17;1741;4543;6628;8;7852;5725320;5287863;354564;554;493728
FR;2;2021-11-18;2192;5934;9180;10;11013;5727512;5293797;363744;564;504741
FR;2;2021-11-19;2698;7785;12972;19;15474;5730210;5301582;376716;583;520215
FR;2;2021-11-20;1565;3340;5173;5;6082;5731775;5304922;381889;588;526297
FR;2;2021-11-21;247;513;541;0;661;5732022;5305435;382430;588;526958
FR;2;2021-11-22;1278;2596;4479;5;5402;5733300;5308031;386909;593;532360
FR;2;2021-11-23;1617;4296;8198;9;9911;5734917;5312327;395107;602;542271
FR;2;2021-11-24;1418;3771;7473;14;8729;5736335;5316098;402580;616;551000
FR;2;2021-11-25;1813;4880;11468;21;13663;5738148;5320978;414048;637;564663
FR;2;2021-11-26;2540;7760;22669;31;26077;5740688;5328738;436717;668;590740
FR;2;2021-11-27;1497;4162;12270;18;14034;5742185;5332900;448987;686;604774
FR;2;2021-11-28;292;844;1971;3;2296;5742477;5333744;450958;689;607070
FR;2;2021-11-29;1446;4368;15089;23;17256;5743923;5338112;466047;712;624326
FR;2;2021-11-30;1912;6691;26240;36;29991;5745835;5344803;492287;748;654317
FR;2;2021-12-01;1915;6065;26202;31;29524;5747750;5350868;518489;779;683841
FR;2;2021-12-02;1912;6808;37712;52;41958;5749662;5357676;556201;831;725799
FR;2;2021-12-03;2556;10099;53619;111;59364;5752218;5367775;609820;942;785163
FR;2;2021-12-04;1848;6294;37115;38;40804;5754066;5374069;646935;980;825967
FR;2;2021-12-05;458;2253;14259;14;15990;5754524;5376322;661194;994;841957
FR;2;2021-12-06;2485;9883;77710;109;84768;5757009;5386205;738904;1103;926725
FR;2;2021-12-07;3455;15315;122443;238;133749;5760464;5401520;861347;1341;1060474
FR;2;2021-12-08;3724;16017;133193;330;145379;5764188;5417537;994540;1671;1205853
FR;2;2021-12-09;4548;19644;170202;554;185592;5768736;5437181;1164742;2225;1391445
FR;2;2021-12-10;4673;22844;188655;490;206134;5773409;5460025;1353397;2715;1597579
FR;2;2021-12-11;3686;16637;132443;239;144889;5777095;5476662;1485840;2954;1742468
FR;2;2021-12-12;1257;7133;59095;83;65152;5778352;5483795;1544935;3037;1807620
FR;2;2021-12-13;5527;26853;220693;605;242986;5783879;5510648;1765628;3642;2050606
FR;2;2021-12-14;7015;37485;300773;909;332221;5790894;5548133;2066401;4551;2382827
FR;2;2021-12-15;6555;36252;285222;957;315851;5797449;5584385;2351623;5508;2698678
FR;2;2021-12-16;7763;37924;312134;979;343744;5805212;5622309;2663757;6487;3042422
FR;2;2021-12-17;8680;41231;327880;976;360962;5813892;5663540;2991637;7463;3403384
FR;2;2021-12-18;6514;26563;212341;448;233654;5820406;5690103;3203978;7911;3637038
FR;2;2021-12-19;2603;11448;90210;182;100357;5823009;5701551;3294188;8093;3737395
FR;2;2021-12-20;9546;33567;275220;706;303373;5832555;5735118;3569408;8799;4040768
FR;2;2021-12-21;11563;38330;309627;968;341434;5844118;5773448;3879035;9767;4382202
FR;2;2021-12-22;10458;32811;265116;952;292474;5854576;5806259;4144151;10719;4674676
FR;2;2021-12-23;9426;26688;199505;701;221300;5864002;5832947;4343656;11420;4895976
FR;2;2021-12-24;2783;7487;43856;140;49559;5866785;5840434;4387512;11560;4945535
FR;2;2021-12-25;201;684;2002;10;2487;5866986;5841118;4389514;11570;4948022
FR;2;2021-12-26;1319;4212;25156;71;28682;5868305;5845330;4414670;11641;4976704
FR;2;2021-12-27;8077;29923;218410;659;243335;5876382;5875253;4633080;12300;5220039
FR;2;2021-12-28;9838;36329;272090;742;301991;5886220;5911582;4905170;13042;5522030
FR;2;2021-12-29;9497;32263;246134;765;272697;5895717;5943845;5151304;13807;5794727
FR;2;2021-12-30;9461;28105;208828;663;231457;5905178;5971950;5360132;14470;6026184
FR;2;2021-12-31;3010;8350;54991;176;61235;5908188;5980300;5415123;14646;6087419
FR;2;2022-01-01;228;693;2854;7;3352;5908416;5980993;5417977;14653;6090771
FR;2;2022-01-02;1505;4856;29512;75;33401;5909921;5985849;5447489;14728;6124172
FR;2;2022-01-03;9592;35404;266530;806;293900;5919513;6021253;5714019;15534;6418072
FR;2;2022-01-04;12851;45417;342087;1068;377016;5932364;6066670;6056106;16602;6795088
FR;2;2022-01-05;11272;38651;294183;884;323820;5943636;6105321;6350289;17486;7118908
FR;2;2022-01-06;13653;43504;331946;1298;364735;5957289;6148825;6682235;18784;7483643
FR;2;2022-01-07;14225;47631;361091;1270;396435;5971514;6196456;7043326;20054;7880078
FR;2;2022-01-08;7948;28151;201262;515;221707;5979462;6224607;7244588;20569;8101785
FR;2;2022-01-09;2749;8981;62524;137;69512;5982211;6233588;7307112;20706;8171297
FR;2;2022-01-10;10097;31920;232472;858;255046;5992308;6265508;7539584;21564;8426343
FR;2;2022-01-11;11469;36247;265916;1029;290610;6003777;6301755;7805500;22593;8716953
FR;2;2022-01-12;8766;29815;206320;863;226169;6012543;6331570;8011820;23456;8943122
FR;2;2022-01-13;9387;31350;224486;832;244838;6021930;6362920;8236306;24288;9187960
FR;2;2022-01-14;9742;35612;254539;920;277655;6031672;6398532;8490845;25208;9465615
FR;2;2022-01-15;5359;19448;140779;363;153633;6037031;6417980;8631624;25571;9619248
FR;2;2022-01-16;1512;5486;35885;81;39833;6038543;6423466;8667509;25652;9659081
FR;2;2022-01-17;5546;19279;135412;601;147255;6044089;6442745;8802921;26253;9806336
FR;2;2022-01-18;6421;21507;148629;648;160466;6050510;6464252;8951550;26901;9966802
FR;2;2022-01-19;4395;16325;105099;551;113700;6054905;6480577;9056649;27452;10080502
FR;2;2022-01-20;4871;17594;115294;603;123692;6059776;6498171;9171943;28055;10204194
FR;2;2022-01-21;5197;20059;137347;679;147765;6064973;6518230;9309290;28734;10351959
FR;2;2022-01-22;3030;10952;74262;260;80326;6068003;6529182;9383552;28994;10432285
FR;2;2022-01-23;724;2716;15241;41;16831;6068727;6531898;9398793;29035;10449116
FR;2;2022-01-24;3289;12822;75078;430;81036;6072016;6544720;9473871;29465;10530152
FR;2;2022-01-25;3574;14422;79625;496;85454;6075590;6559142;9553496;29961;10615606
FR;2;2022-01-26;2515;10700;58975;363;63024;6078105;6569842;9612471;30324;10678630
FR;2;2022-01-27;2681;11342;64177;388;67929;6080786;6581184;9676648;30712;10746559
FR;2;2022-01-28;3551;18308;91718;429;98924;6084337;6599492;9768366;31141;10845483
FR;2;2022-01-29;1894;9247;48851;164;52934;6086231;6608739;9817217;31305;10898417
FR;2;2022-01-30;464;2226;9454;38;10601;6086695;6610965;9826671;31343;10909018
FR;2;2022-01-31;1888;9571;43830;208;47338;6088583;6620536;9870501;31551;10956356
FR;2;2022-02-01;1915;10046;47029;279;50106;6090498;6630582;9917530;31830;11006462
FR;2;2022-02-02;1614;9006;41114;250;44160;6092112;6639588;9958644;32080;11050622
FR;2;2022-02-03;1725;8943;40522;205;42923;6093837;6648531;9999166;32285;11093545
FR;2;2022-02-04;2152;15198;66645;299;71341;6095989;6663729;10065811;32584;11164886
FR;2;2022-02-05;1360;8519;35943;132;39226;6097349;6672248;10101754;32716;11204112
FR;2;2022-02-06;275;1767;6127;16;6901;6097624;6674015;10107881;32732;11211013
FR;2;2022-02-07;1351;9572;37755;134;41301;6098975;6683587;10145636;32866;11252314
FR;2;2022-02-08;1299;9832;40952;173;43746;6100274;6693419;10186588;33039;11296060
FR;2;2022-02-09;1160;8837;37038;174;40461;6101434;6702256;10223626;33213;11336521
FR;2;2022-02-10;1027;7996;33836;204;36508;6102461;6710252;10257462;33417;11373029
FR;2;2022-02-11;1391;12083;53342;223;57693;6103852;6722335;10310804;33640;11430722
FR;2;2022-02-12;753;6533;27985;85;30804;6104605;6728868;10338789;33725;11461526
FR;2;2022-02-13;200;1340;4835;20;5576;6104805;6730208;10343624;33745;11467102
FR;2;2022-02-14;834;6730;30272;90;33230;6105639;6736938;10373896;33835;11500332
FR;2;2022-02-15;774;6471;28048;141;29991;6106413;6743409;10401944;33976;11530323
FR;2;2022-02-16;657;5361;22063;123;23628;6107070;6748770;10424007;34099;11553951
FR;2;2022-02-17;518;3782;14150;98;14617;6107588;6752552;10438157;34197;11568568
FR;2;2022-02-18;723;5368;20439;134;21128;6108311;6757920;10458596;34331;11589696
FR;2;2022-02-19;430;3056;10531;66;11245;6108741;6760976;10469127;34397;11600941
FR;2;2022-02-20;102;516;1460;3;1608;6108843;6761492;10470587;34400;11602549
FR;2;2022-02-21;422;2685;9122;65;9499;6109265;6764177;10479709;34465;11612048
FR;2;2022-02-22;390;2567;8892;76;8794;6109655;6766744;10488601;34541;11620842
FR;2;2022-02-23;432;2604;8991;82;9267;6110087;6769348;10497592;34623;11630109
FR;2;2022-02-24;314;2036;6800;81;6828;6110401;6771384;10504392;34704;11636937
FR;2;2022-02-25;457;3205;11418;107;11282;6110858;6774589;10515810;34811;11648219
FR;2;2022-02-26;297;1892;6035;49;6342;6111155;6776481;10521845;34860;11654561
FR;2;2022-02-27;76;313;907;5;950;6111231;6776794;10522752;34865;11655511
FR;2;2022-02-28;330;1688;5523;53;5531;6111561;6778482;10528275;34918;11661042
FR;2;2022-03-01;277;1566;5479;45;5196;6111838;6780048;10533754;34963;11666238
FR;2;2022-03-02;298;1445;5246;45;5090;6112136;6781493;10539000;35008;11671328
FR;2;2022-03-03;225;1111;3708;42;3485;6112361;6782604;10542708;35050;11674813
FR;2;2022-03-04;243;1468;4857;74;4505;6112604;6784072;10547565;35124;11679318
FR;2;2022-03-05;174;905;2979;32;2723;6112778;6784977;10550544;35156;11682041
FR;2;2022-03-06;42;183;279;5;319;6112820;6785160;10550823;35161;11682360
FR;2;2022-03-07;156;658;1987;70;1777;6112976;6785818;10552810;35231;11684137
FR;2;2022-03-08;144;667;2272;51;1905;6113120;6786485;10555082;35282;11686042
FR;2;2022-03-09;154;707;2346;37;2047;6113274;6787192;10557428;35319;11688089
FR;2;2022-03-10;123;603;1693;35;1468;6113397;6787795;10559121;35354;11689557
FR;2;2022-03-11;172;756;2767;57;2366;6113569;6788551;10561888;35411;11691923
FR;2;2022-03-12;149;484;1785;27;1554;6113718;6789035;10563673;35438;11693477
FR;2;2022-03-13;25;75;202;29;203;6113743;6789110;10563875;35467;11693680
FR;2;2022-03-14;128;470;1566;529;1296;6113871;6789580;10565441;35996;11694976
FR;2;2022-03-15;138;438;1712;689;1332;6114009;6790018;10567153;36685;11696308
FR;2;2022-03-16;142;475;2013;1615;1593;6114151;6790493;10569166;38300;11697901
FR;2;2022-03-17;93;413;1408;1193;1144;6114244;6790906;10570574;39493;11699045
FR;2;2022-03-18;146;494;2019;1792;1662;6114390;6791400;10572593;41285;11700707
FR;2;2022-03-19;108;321;1210;940;1015;6114498;6791721;10573803;42225;11701722
FR;2;2022-03-20;13;77;191;59;168;6114511;6791798;10573994;42284;11701890
FR;2;2022-03-21;96;307;1214;1483;1077;6114607;6792105;10575208;43767;11702967
FR;2;2022-03-22;117;388;1530;1829;1291;6114724;6792493;10576738;45596;11704258
FR;2;2022-03-23;139;361;1671;3031;1467;6114863;6792854;10578409;48627;11705725
FR;2;2022-03-24;116;293;1183;1547;1000;6114979;6793147;10579592;50174;11706725
FR;2;2022-03-25;119;361;1804;2449;1474;6115098;6793508;10581396;52623;11708199
FR;2;2022-03-26;77;247;1203;1222;952;6115175;6793755;10582599;53845;11709151
FR;2;2022-03-27;19;36;153;100;132;6115194;6793791;10582752;53945;11709283
FR;2;2022-03-28;94;288;1137;1601;995;6115288;6794079;10583889;55546;11710278
FR;2;2022-03-29;108;258;1324;2466;1104;6115396;6794337;10585213;58012;11711382
FR;2;2022-03-30;91;312;1487;3184;1319;6115487;6794649;10586700;61196;11712701
FR;2;2022-03-31;104;284;1275;2330;1090;6115591;6794933;10587975;63526;11713791
FR;2;2022-04-01;123;323;1567;2347;1322;6115714;6795256;10589542;65873;11715113
FR;2;2022-04-02;76;161;845;891;737;6115790;6795417;10590387;66764;11715850
FR;2;2022-04-03;16;53;128;113;142;6115806;6795470;10590515;66877;11715992
FR;2;2022-04-04;112;238;986;1438;795;6115918;6795708;10591501;68315;11716787
FR;2;2022-04-05;143;293;1314;2903;1141;6116061;6796001;10592815;71218;11717928
FR;2;2022-04-06;89;257;1305;2520;1129;6116150;6796258;10594120;73738;11719057
FR;2;2022-04-07;120;221;1300;2682;1040;6116270;6796479;10595420;76420;11720097
FR;2;2022-04-08;125;336;1629;3267;1323;6116395;6796815;10597049;79687;11721420
FR;2;2022-04-09;90;219;899;1045;731;6116485;6797034;10597948;80732;11722151
FR;2;2022-04-10;37;48;143;162;119;6116522;6797082;10598091;80894;11722270
FR;2;2022-04-11;88;194;889;1558;779;6116610;6797276;10598980;82452;11723049
FR;2;2022-04-12;176;269;1180;2738;1059;6116786;6797545;10600160;85190;11724108
FR;2;2022-04-13;146;230;1124;2455;986;6116932;6797775;10601284;87645;11725094
FR;2;2022-04-14;115;222;1085;2676;917;6117047;6797997;10602369;90321;11726011
FR;2;2022-04-15;114;249;1213;2286;1067;6117161;6798246;10603582;92607;11727078
FR;2;2022-04-16;67;108;548;549;459;6117228;6798354;10604130;93156;11727537
FR;2;2022-04-17;15;26;57;53;53;6117243;6798380;10604187;93209;11727590
FR;2;2022-04-18;12;35;120;70;115;6117255;6798415;10604307;93279;11727705
FR;2;2022-04-19;112;237;1117;1707;949;6117367;6798652;10605424;94986;11728654
FR;2;2022-04-20;95;240;1106;2157;931;6117462;6798892;10606530;97143;11729585
FR;2;2022-04-21;111;231;981;1911;837;6117573;6799123;10607511;99054;11730422
FR;2;2022-04-22;98;273;1242;2086;1023;6117671;6799396;10608753;101140;11731445
FR;2;2022-04-23;67;156;644;762;573;6117738;6799552;10609397;101902;11732018
FR;2;2022-04-24;12;29;101;68;79;6117750;6799581;10609498;101970;11732097
FR;2;2022-04-25;103;204;820;1314;710;6117853;6799785;10610318;103284;11732807
FR;2;2022-04-26;108;183;1041;2016;878;6117961;6799968;10611359;105300;11733685
FR;2;2022-04-27;98;178;860;1783;764;6118059;6800146;10612219;107083;11734449
FR;2;2022-04-28;92;214;950;1926;843;6118151;6800360;10613169;109009;11735292
FR;2;2022-04-29;81;280;1130;1695;1040;6118232;6800640;10614299;110704;11736332
FR;2;2022-04-30;65;126;470;538;429;6118297;6800766;10614769;111242;11736761
FR;2;2022-05-01;23;24;84;48;85;6118320;6800790;10614853;111290;11736846
FR;2;2022-05-02;116;231;762;1212;660;6118436;6801021;10615615;112502;11737506
FR;2;2022-05-03;148;230;998;1768;937;6118584;6801251;10616613;114270;11738443
FR;2;2022-05-04;90;225;923;1809;866;6118674;6801476;10617536;116079;11739309
FR;2;2022-05-05;127;196;851;1697;768;6118801;6801672;10618387;117776;11740077
FR;2;2022-05-06;133;246;1099;1848;1014;6118934;6801918;10619486;119624;11741091
FR;2;2022-05-07;40;98;470;504;406;6118974;6802016;10619956;120128;11741497
FR;2;2022-05-08;46;54;106;71;101;6119020;6802070;10620062;120199;11741598
FR;2;2022-05-09;101;174;654;984;604;6119121;6802244;10620716;121183;11742202
FR;2;2022-05-10;120;249;938;1831;893;6119241;6802493;10621654;123014;11743095
FR;2;2022-05-11;100;176;811;1871;791;6119341;6802669;10622465;124885;11743886
FR;2;2022-05-12;111;173;843;2092;801;6119452;6802842;10623308;126977;11744687
FR;2;2022-05-13;100;232;967;2089;896;6119552;6803074;10624275;129066;11745583
FR;2;2022-05-14;76;117;451;554;409;6119628;6803191;10624726;129620;11745992
FR;2;2022-05-15;24;39;94;87;108;6119652;6803230;10624820;129707;11746100
FR;2;2022-05-16;103;170;599;922;536;6119755;6803400;10625419;130629;11746636
FR;2;2022-05-17;95;184;689;1685;657;6119850;6803584;10626108;132314;11747293
FR;2;2022-05-18;80;181;641;1431;646;6119930;6803765;10626749;133745;11747939
FR;2;2022-05-19;70;160;708;1831;750;6120000;6803925;10627457;135576;11748689
FR;2;2022-05-20;107;178;872;1700;777;6120107;6804103;10628329;137276;11749466
FR;2;2022-05-21;48;96;397;517;338;6120155;6804199;10628726;137793;11749804
FR;2;2022-05-22;8;23;69;37;57;6120163;6804222;10628795;137830;11749861
FR;2;2022-05-23;86;133;498;930;469;6120249;6804355;10629293;138760;11750330
FR;2;2022-05-24;87;161;627;1620;614;6120336;6804516;10629920;140380;11750944
FR;2;2022-05-25;72;145;538;1148;492;6120408;6804661;10630458;141528;11751436
FR;2;2022-05-26;10;31;77;42;85;6120418;6804692;10630535;141570;11751521
FR;2;2022-05-27;44;123;456;817;438;6120462;6804815;10630991;142387;11751959
FR;2;2022-05-28;28;60;221;244;221;6120490;6804875;10631212;142631;11752180
FR;2;2022-05-29;13;34;43;25;51;6120503;6804909;10631255;142656;11752231
FR;2;2022-05-30;65;108;421;721;407;6120568;6805017;10631676;143377;11752638
FR;2;2022-05-31;76;135;563;1277;510;6120644;6805152;10632239;144654;11753148
FR;2;2022-06-01;59;156;562;1074;541;6120703;6805308;10632801;145728;11753689
FR;2;2022-06-02;92;175;625;1412;591;6120795;6805483;10633426;147140;11754280
FR;2;2022-06-03;71;155;666;1604;593;6120866;6805638;10634092;148744;11754873
FR;2;2022-06-04;68;93;282;433;269;6120934;6805731;10634374;149177;11755142
FR;2;2022-06-05;12;17;62;57;47;6120946;6805748;10634436;149234;11755189
FR;2;2022-06-06;11;32;92;75;92;6120957;6805780;10634528;149309;11755281
FR;2;2022-06-07;99;218;664;1532;576;6121056;6805998;10635192;150841;11755857
FR;2;2022-06-08;70;118;475;1165;411;6121126;6806116;10635667;152006;11756268
FR;2;2022-06-09;93;166;611;1921;569;6121219;6806282;10636278;153927;11756837
FR;2;2022-06-10;91;167;650;1682;621;6121310;6806449;10636928;155609;11757458
FR;2;2022-06-11;43;84;286;528;258;6121353;6806533;10637214;156137;11757716
FR;2;2022-06-12;18;38;58;78;60;6121371;6806571;10637272;156215;11757776
FR;2;2022-06-13;39;119;390;948;375;6121410;6806690;10637662;157163;11758151
FR;2;2022-06-14;67;155;599;2087;537;6121477;6806845;10638261;159250;11758688
FR;2;2022-06-15;77;104;521;1500;445;6121554;6806949;10638782;160750;11759133
FR;2;2022-06-16;127;127;495;1411;422;6121681;6807076;10639277;162161;11759555
FR;2;2022-06-17;72;135;586;1816;513;6121753;6807211;10639863;163977;11760068
FR;2;2022-06-18;75;92;224;578;196;6121828;6807303;10640087;164555;11760264
FR;2;2022-06-19;11;15;53;71;41;6121839;6807318;10640140;164626;11760305
FR;2;2022-06-20;62;125;401;1027;392;6121901;6807443;10640541;165653;11760697
FR;2;2022-06-21;107;115;524;2123;453;6122008;6807558;10641065;167776;11761150
FR;2;2022-06-22;39;107;462;1889;414;6122047;6807665;10641527;169665;11761564
FR;2;2022-06-23;56;108;537;2281;452;6122103;6807773;10642064;171946;11762016
FR;2;2022-06-24;66;122;708;3198;570;6122169;6807895;10642772;175144;11762586
FR;2;2022-06-25;30;90;295;986;251;6122199;6807985;10643067;176130;11762837
FR;2;2022-06-26;30;27;131;194;97;6122229;6808012;10643198;176324;11762934
FR;2;2022-06-27;79;137;580;2472;481;6122308;6808149;10643778;178796;11763415
FR;2;2022-06-28;110;140;812;4814;650;6122418;6808289;10644590;183610;11764065
FR;2;2022-06-29;71;149;775;4407;636;6122489;6808438;10645365;188017;11764701
FR;2;2022-06-30;72;133;832;5176;618;6122561;6808571;10646197;193193;11765319
FR;2;2022-07-01;112;158;1148;6691;847;6122673;6808729;10647345;199884;11766166
FR;2;2022-07-02;67;131;473;1975;391;6122740;6808860;10647818;201859;11766557
FR;2;2022-07-03;23;30;144;334;128;6122763;6808890;10647962;202193;11766685
FR;2;2022-07-04;120;180;776;3774;612;6122883;6809070;10648738;205967;11767297
FR;2;2022-07-05;117;184;1120;6810;826;6123000;6809254;10649858;212777;11768123
FR;2;2022-07-06;92;148;947;5802;693;6123092;6809402;10650805;218579;11768816
FR;2;2022-07-07;81;184;1020;6496;748;6123173;6809586;10651825;225075;11769564
FR;2;2022-07-08;64;122;1092;7031;755;6123237;6809708;10652917;232106;11770319
FR;2;2022-07-09;34;61;417;1869;298;6123271;6809769;10653334;233975;11770617
FR;2;2022-07-10;6;17;96;315;82;6123277;6809786;10653430;234290;11770699
FR;2;2022-07-11;68;119;682;3815;540;6123345;6809905;10654112;238105;11771239
FR;2;2022-07-12;101;178;1051;6505;807;6123446;6810083;10655163;244610;11772046
FR;2;2022-07-13;63;126;879;4661;592;6123509;6810209;10656042;249271;11772638
FR;2;2022-07-14;6;13;87;248;58;6123515;6810222;10656129;249519;11772696
FR;2;2022-07-15;60;129;739;3789;560;6123575;6810351;10656868;253308;11773256
FR;2;2022-07-16;27;54;288;1029;241;6123602;6810405;10657156;254337;11773497
FR;2;2022-07-17;5;12;77;201;66;6123607;6810417;10657233;254538;11773563
FR;2;2022-07-18;57;103;514;2508;384;6123664;6810520;10657747;257046;11773947
FR;2;2022-07-19;66;132;769;4247;555;6123730;6810652;10658516;261293;11774502
FR;2;2022-07-20;59;118;580;3179;430;6123789;6810770;10659096;264472;11774932
FR;2;2022-07-21;60;109;671;3678;485;6123849;6810879;10659767;268150;11775417
FR;2;2022-07-22;51;98;696;3524;504;6123900;6810977;10660463;271674;11775921
FR;2;2022-07-23;39;95;290;1173;229;6123939;6811072;10660753;272847;11776150
FR;2;2022-07-24;14;23;68;201;67;6123953;6811095;10660821;273048;11776217
FR;2;2022-07-25;50;70;401;1924;296;6124003;6811165;10661222;274972;11776513
FR;2;2022-07-26;59;133;602;3422;474;6124062;6811298;10661824;278394;11776987
FR;2;2022-07-27;42;81;454;2777;358;6124104;6811379;10662278;281171;11777345
FR;2;2022-07-28;29;75;449;2476;356;6124133;6811454;10662727;283647;11777701
FR;2;2022-07-29;68;87;535;2855;347;6124201;6811541;10663262;286502;11778048
FR;2;2022-07-30;21;38;162;774;110;6124222;6811579;10663424;287276;11778158
FR;2;2022-07-31;6;13;27;104;21;6124228;6811592;10663451;287380;11778179
FR;2;2022-08-01;38;102;323;1260;258;6124266;6811694;10663774;288640;11778437
FR;2;2022-08-02;49;73;324;2060;246;6124315;6811767;10664098;290700;11778683
FR;2;2022-08-03;29;52;257;1610;187;6124344;6811819;10664355;292310;11778870
FR;2;2022-08-04;40;63;306;1686;240;6124384;6811882;10664661;293996;11779110
FR;2;2022-08-05;33;93;326;1879;234;6124417;6811975;10664987;295875;11779344
FR;2;2022-08-06;22;40;106;365;82;6124439;6812015;10665093;296240;11779426
FR;2;2022-08-07;7;8;14;69;16;6124446;6812023;10665107;296309;11779442
FR;2;2022-08-08;18;35;216;874;144;6124464;6812058;10665323;297183;11779586
FR;2;2022-08-09;27;51;278;1474;238;6124491;6812109;10665601;298657;11779824
FR;2;2022-08-10;15;21;213;1126;150;6124506;6812130;10665814;299783;11779974
FR;2;2022-08-11;21;41;174;1037;117;6124527;6812171;10665988;300820;11780091
FR;2;2022-08-12;36;47;183;1042;139;6124563;6812218;10666171;301862;11780230
FR;2;2022-08-13;8;18;45;149;50;6124571;6812236;10666216;302011;11780280
FR;2;2022-08-14;1;2;12;52;11;6124572;6812238;10666228;302063;11780291
FR;2;2022-08-15;0;3;32;22;20;6124572;6812241;10666260;302085;11780311
FR;2;2022-08-16;27;31;144;672;120;6124599;6812272;10666404;302757;11780431
FR;2;2022-08-17;16;26;108;738;87;6124615;6812298;10666512;303495;11780518
FR;2;2022-08-18;13;28;158;835;106;6124628;6812326;10666670;304330;11780624
FR;2;2022-08-19;8;38;114;702;84;6124636;6812364;10666784;305032;11780708
FR;2;2022-08-20;6;26;56;196;47;6124642;6812390;10666840;305228;11780755
FR;2;2022-08-21;4;14;15;19;13;6124646;6812404;10666855;305247;11780768
FR;2;2022-08-22;10;24;115;395;72;6124656;6812428;10666970;305642;11780840
FR;2;2022-08-23;11;40;134;669;112;6124667;6812468;10667104;306311;11780952
FR;2;2022-08-24;11;27;86;466;78;6124678;6812495;10667190;306777;11781030
FR;2;2022-08-25;7;31;109;481;69;6124685;6812526;10667299;307258;11781099
FR;2;2022-08-26;15;45;117;720;91;6124700;6812571;10667416;307978;11781190
FR;2;2022-08-27;10;18;47;156;42;6124710;6812589;10667463;308134;11781232
FR;2;2022-08-28;1;5;5;15;7;6124711;6812594;10667468;308149;11781239
FR;2;2022-08-29;24;42;91;400;85;6124735;6812636;10667559;308549;11781324
FR;2;2022-08-30;31;54;153;786;118;6124766;6812690;10667712;309335;11781442
FR;2;2022-08-31;18;34;85;391;79;6124784;6812724;10667797;309726;11781521
FR;2;2022-09-01;19;42;136;598;120;6124803;6812766;10667933;310324;11781641
FR;2;2022-09-02;31;54;145;743;156;6124834;6812820;10668078;311067;11781797
FR;2;2022-09-03;14;20;79;204;63;6124848;6812840;10668157;311271;11781860
FR;2;2022-09-04;8;5;9;31;10;6124856;6812845;10668166;311302;11781870
FR;2;2022-09-05;28;28;122;366;94;6124884;6812873;10668288;311668;11781964
FR;2;2022-09-06;41;61;157;761;152;6124925;6812934;10668445;312429;11782116
FR;2;2022-09-07;20;20;73;375;48;6124945;6812954;10668518;312804;11782164
FR;2;2022-09-08;31;56;106;636;97;6124976;6813010;10668624;313440;11782261
FR;2;2022-09-09;17;24;125;749;73;6124993;6813034;10668749;314189;11782334
FR;2;2022-09-10;13;23;47;117;41;6125006;6813057;10668796;314306;11782375
FR;2;2022-09-11;9;5;10;11;12;6125015;6813062;10668806;314317;11782387
FR;2;2022-09-12;18;30;66;338;53;6125033;6813092;10668872;314655;11782440
FR;2;2022-09-13;15;33;125;669;98;6125048;6813125;10668997;315324;11782538
FR;2;2022-09-14;18;21;79;477;56;6125066;6813146;10669076;315801;11782594
FR;2;2022-09-15;19;39;116;485;90;6125085;6813185;10669192;316286;11782684
FR;2;2022-09-16;18;28;117;562;84;6125103;6813213;10669309;316848;11782768
FR;2;2022-09-17;4;18;53;153;51;6125107;6813231;10669362;317001;11782819
FR;2;2022-09-18;3;7;13;35;10;6125110;6813238;10669375;317036;11782829
FR;2;2022-09-19;26;23;106;349;82;6125136;6813261;10669481;317385;11782911
FR;2;2022-09-20;26;26;114;623;81;6125162;6813287;10669595;318008;11782992
FR;2;2022-09-21;15;27;98;391;75;6125177;6813314;10669693;318399;11783067
FR;2;2022-09-22;17;38;117;536;89;6125194;6813352;10669810;318935;11783156
FR;2;2022-09-23;20;36;120;550;99;6125214;6813388;10669930;319485;11783255
FR;2;2022-09-24;9;8;48;189;33;6125223;6813396;10669978;319674;11783288
FR;2;2022-09-25;7;9;14;29;11;6125230;6813405;10669992;319703;11783299
FR;2;2022-09-26;19;39;99;401;76;6125249;6813444;10670091;320104;11783375
FR;2;2022-09-27;29;42;152;824;99;6125278;6813486;10670243;320928;11783474
FR;2;2022-09-28;14;28;87;411;65;6125292;6813514;10670330;321339;11783539
FR;3;2020-12-27;0;0;0;0;0;0;0;0;0;0
FR;3;2020-12-28;0;0;0;0;0;0;0;0;0;0
FR;3;2020-12-29;0;0;0;0;0;0;0;0;0;0
FR;3;2020-12-30;0;0;0;0;0;0;0;0;0;0
FR;3;2020-12-31;0;0;0;0;0;0;0;0;0;0
FR;3;2021-01-01;0;0;0;0;0;0;0;0;0;0
FR;3;2021-01-02;0;0;0;0;0;0;0;0;0;0
FR;3;2021-01-03;0;0;0;0;0;0;0;0;0;0
FR;3;2021-01-04;0;0;0;0;0;0;0;0;0;0
FR;3;2021-01-05;0;0;0;0;0;0;0;0;0;0
FR;3;2021-01-06;0;0;0;0;0;0;0;0;0;0
FR;3;2021-01-07;0;0;0;0;0;0;0;0;0;0
FR;3;2021-01-08;0;0;0;0;0;0;0;0;0;0
FR;3;2021-01-09;0;0;0;0;0;0;0;0;0;0
FR;3;2021-01-10;0;0;0;0;0;0;0;0;0;0
FR;3;2021-01-11;0;0;0;0;0;0;0;0;0;0
FR;3;2021-01-12;0;0;0;0;0;0;0;0;0;0
FR;3;2021-01-13;0;0;0;0;0;0;0;0;0;0
FR;3;2021-01-14;0;0;0;0;0;0;0;0;0;0
FR;3;2021-01-15;0;0;0;0;0;0;0;0;0;0
FR;3;2021-01-16;0;0;0;0;0;0;0;0;0;0
FR;3;2021-01-17;0;0;0;0;0;0;0;0;0;0
FR;3;2021-01-18;0;0;0;0;0;0;0;0;0;0
FR;3;2021-01-19;0;0;0;0;0;0;0;0;0;0
FR;3;2021-01-20;0;0;0;0;0;0;0;0;0;0
FR;3;2021-01-21;0;0;0;0;0;0;0;0;0;0
FR;3;2021-01-22;0;0;0;0;0;0;0;0;0;0
FR;3;2021-01-23;0;0;0;0;0;0;0;0;0;0
FR;3;2021-01-24;0;0;0;0;0;0;0;0;0;0
FR;3;2021-01-25;0;0;0;0;0;0;0;0;0;0
FR;3;2021-01-26;0;0;0;0;0;0;0;0;0;0
FR;3;2021-01-27;0;0;0;0;0;0;0;0;0;0
FR;3;2021-01-28;0;0;0;0;0;0;0;0;0;0
FR;3;2021-01-29;0;0;0;0;0;0;0;0;0;0
FR;3;2021-01-30;0;0;0;0;0;0;0;0;0;0
FR;3;2021-01-31;0;0;0;0;0;0;0;0;0;0
FR;3;2021-02-01;0;0;0;0;0;0;0;0;0;0
FR;3;2021-02-02;0;0;0;0;0;0;0;0;0;0
FR;3;2021-02-03;0;0;0;0;0;0;0;0;0;0
FR;3;2021-02-04;0;0;0;0;0;0;0;0;0;0
FR;3;2021-02-05;0;0;0;0;0;0;0;0;0;0
FR;3;2021-02-06;1559;0;0;0;0;1559;0;0;0;0
FR;3;2021-02-07;1423;1;0;0;0;2982;1;0;0;0
FR;3;2021-02-08;2786;1;0;0;0;5768;2;0;0;0
FR;3;2021-02-09;6783;0;0;0;0;12551;2;0;0;0
FR;3;2021-02-10;9609;0;0;0;0;22160;2;0;0;0
FR;3;2021-02-11;13618;1;0;0;0;35778;3;0;0;0
FR;3;2021-02-12;13407;0;0;0;0;49185;3;0;0;0
FR;3;2021-02-13;3798;1;0;0;0;52983;4;0;0;0
FR;3;2021-02-14;974;0;0;0;0;53957;4;0;0;0
FR;3;2021-02-15;10492;1;0;0;0;64449;5;0;0;0
FR;3;2021-02-16;12550;4;0;0;0;76999;9;0;0;0
FR;3;2021-02-17;11157;1;0;0;0;88156;10;0;0;0
FR;3;2021-02-18;14942;2;0;0;0;103098;12;0;0;0
FR;3;2021-02-19;14362;1;0;0;0;117460;13;0;0;0
FR;3;2021-02-20;3330;0;0;0;0;120790;13;0;0;0
FR;3;2021-02-21;619;0;0;0;0;121409;13;0;0;0
FR;3;2021-02-22;9166;0;0;0;0;130575;13;0;0;0
FR;3;2021-02-23;11398;3;0;0;0;141973;16;0;0;0
FR;3;2021-02-24;14305;1;0;0;0;156278;17;0;0;0
FR;3;2021-02-25;44931;3;0;0;0;201209;20;0;0;0
FR;3;2021-02-26;61888;8;0;0;0;263097;28;0;0;0
FR;3;2021-02-27;34806;11;0;0;0;297903;39;0;0;0
FR;3;2021-02-28;2463;0;0;0;0;300366;39;0;0;0
FR;3;2021-03-01;20518;15;0;0;0;320884;54;0;0;0
FR;3;2021-03-02;38870;22;0;0;0;359754;76;0;0;0
FR;3;2021-03-03;48746;17;0;0;0;408500;93;0;0;0
FR;3;2021-03-04;82222;22;0;0;0;490722;115;0;0;0
FR;3;2021-03-05;118129;43;0;0;0;608851;158;0;0;0
FR;3;2021-03-06;120718;62;1;0;0;729569;220;1;0;0
FR;3;2021-03-07;55180;25;0;0;0;784749;245;1;0;0
FR;3;2021-03-08;42813;25;0;0;0;827562;270;1;0;0
FR;3;2021-03-09;78973;51;0;0;0;906535;321;1;0;0
FR;3;2021-03-10;80980;58;0;0;0;987515;379;1;0;0
FR;3;2021-03-11;128440;59;0;0;0;1115955;438;1;0;0
FR;3;2021-03-12;182722;107;0;0;0;1298677;545;1;0;0
FR;3;2021-03-13;132157;78;0;0;0;1430834;623;1;0;0
FR;3;2021-03-14;14057;5;0;0;0;1444891;628;1;0;0
FR;3;2021-03-15;52235;66;0;0;0;1497126;694;1;0;0
FR;3;2021-03-16;1215;46;0;0;0;1498341;740;1;0;0
FR;3;2021-03-17;946;48;0;0;0;1499287;788;1;0;0
FR;3;2021-03-18;1571;29;0;0;0;1500858;817;1;0;0
FR;3;2021-03-19;70455;53;0;0;0;1571313;870;1;0;0
FR;3;2021-03-20;65235;44;0;0;0;1636548;914;1;0;0
FR;3;2021-03-21;5759;8;0;0;0;1642307;922;1;0;0
FR;3;2021-03-22;37506;44;0;0;0;1679813;966;1;0;0
FR;3;2021-03-23;84661;76;0;0;0;1764474;1042;1;0;0
FR;3;2021-03-24;90949;98;0;0;0;1855423;1140;1;0;0
FR;3;2021-03-25;150063;138;0;0;0;2005486;1278;1;0;0
FR;3;2021-03-26;165427;156;0;0;0;2170913;1434;1;0;0
FR;3;2021-03-27;68462;102;0;0;0;2239375;1536;1;0;0
FR;3;2021-03-28;6476;21;0;0;0;2245851;1557;1;0;0
FR;3;2021-03-29;54168;77;0;0;0;2300019;1634;1;0;0
FR;3;2021-03-30;93177;101;0;0;0;2393196;1735;1;0;0
FR;3;2021-03-31;63540;106;0;0;0;2456736;1841;1;0;0
FR;3;2021-04-01;86132;113;0;0;0;2542868;1954;1;0;0
FR;3;2021-04-02;86910;177;0;0;0;2629778;2131;1;0;0
FR;3;2021-04-03;35875;129;0;0;0;2665653;2260;1;0;0
FR;3;2021-04-04;3574;19;0;0;0;2669227;2279;1;0;0
FR;3;2021-04-05;4491;38;0;0;0;2673718;2317;1;0;0
FR;3;2021-04-06;29755;95;0;0;0;2703473;2412;1;0;0
FR;3;2021-04-07;32343;98;0;0;0;2735816;2510;1;0;0
FR;3;2021-04-08;78821;254;0;0;0;2814637;2764;1;0;0
FR;3;2021-04-09;161754;432;0;0;0;2976391;3196;1;0;0
FR;3;2021-04-10;75762;356;0;0;0;3052153;3552;1;0;0
FR;3;2021-04-11;7312;46;0;0;0;3059465;3598;1;0;0
FR;3;2021-04-12;51480;215;0;0;0;3110945;3813;1;0;0
FR;3;2021-04-13;86232;344;0;0;0;3197177;4157;1;0;0
FR;3;2021-04-14;67845;360;0;0;0;3265022;4517;1;0;0
FR;3;2021-04-15;93233;390;0;0;0;3358255;4907;1;0;0
FR;3;2021-04-16;112521;598;0;0;0;3470776;5505;1;0;0
FR;3;2021-04-17;53318;339;1;0;0;3524094;5844;2;0;0
FR;3;2021-04-18;9747;44;0;0;0;3533841;5888;2;0;0
FR;3;2021-04-19;25112;264;0;0;0;3558953;6152;2;0;0
FR;3;2021-04-20;45673;418;0;0;0;3604626;6570;2;0;0
FR;3;2021-04-21;38982;501;0;0;0;3643608;7071;2;0;0
FR;3;2021-04-22;54712;824;0;0;0;3698320;7895;2;0;0
FR;3;2021-04-23;70489;1053;0;0;0;3768809;8948;2;0;0
FR;3;2021-04-24;37249;1062;0;0;0;3806058;10010;2;0;0
FR;3;2021-04-25;6211;151;0;0;0;3812269;10161;2;0;0
FR;3;2021-04-26;19788;681;0;0;0;3832057;10842;2;0;0
FR;3;2021-04-27;34482;1294;0;0;0;3866539;12136;2;0;0
FR;3;2021-04-28;28967;1990;0;0;0;3895506;14126;2;0;0
FR;3;2021-04-29;45383;6046;0;0;0;3940889;20172;2;0;0
FR;3;2021-04-30;55464;9019;1;0;0;3996353;29191;3;0;0
FR;3;2021-05-01;9516;2030;0;0;0;4005869;31221;3;0;0
FR;3;2021-05-02;3076;478;0;0;0;4008945;31699;3;0;0
FR;3;2021-05-03;13062;3897;0;0;0;4022007;35596;3;0;0
FR;3;2021-05-04;23113;8453;0;0;0;4045120;44049;3;0;0
FR;3;2021-05-05;18759;10732;0;0;0;4063879;54781;3;0;0
FR;3;2021-05-06;34628;21100;0;0;0;4098507;75881;3;0;0
FR;3;2021-05-07;44201;28695;0;0;0;4142708;104576;3;0;0
FR;3;2021-05-08;6785;9181;0;0;0;4149493;113757;3;0;0
FR;3;2021-05-09;1795;2650;0;0;0;4151288;116407;3;0;0
FR;3;2021-05-10;14996;12810;0;0;0;4166284;129217;3;0;0
FR;3;2021-05-11;27098;26070;0;0;0;4193382;155287;3;0;0
FR;3;2021-05-12;17268;27880;0;0;0;4210650;183167;3;0;0
FR;3;2021-05-13;2284;3494;0;0;0;4212934;186661;3;0;0
FR;3;2021-05-14;14519;25983;0;0;0;4227453;212644;3;0;0
FR;3;2021-05-15;7234;20955;0;0;0;4234687;233599;3;0;0
FR;3;2021-05-16;977;2648;0;0;0;4235664;236247;3;0;0
FR;3;2021-05-17;7965;20068;0;0;0;4243629;256315;3;0;0
FR;3;2021-05-18;13413;29978;0;0;0;4257042;286293;3;0;0
FR;3;2021-05-19;9272;30975;0;0;0;4266314;317268;3;0;0
FR;3;2021-05-20;12806;53616;3;0;0;4279120;370884;6;0;0
FR;3;2021-05-21;12765;65955;2;0;0;4291885;436839;8;0;0
FR;3;2021-05-22;4963;33608;1;0;0;4296848;470447;9;0;0
FR;3;2021-05-23;651;2651;0;0;0;4297499;473098;9;0;0
FR;3;2021-05-24;883;4842;0;0;0;4298382;477940;9;0;0
FR;3;2021-05-25;5310;46179;1;0;0;4303692;524119;10;0;0
FR;3;2021-05-26;4976;51804;1;0;0;4308668;575923;11;0;0
FR;3;2021-05-27;6333;78654;3;0;0;4315001;654577;14;0;0
FR;3;2021-05-28;7542;99846;2;0;0;4322543;754423;16;0;0
FR;3;2021-05-29;3349;60814;1;0;0;4325892;815237;17;0;0
FR;3;2021-05-30;549;8159;0;0;0;4326441;823396;17;0;0
FR;3;2021-05-31;2441;35643;3;0;0;4328882;859039;20;0;0
FR;3;2021-06-01;3409;64842;10;0;0;4332291;923881;30;0;0
FR;3;2021-06-02;2732;58668;6;0;0;4335023;982549;36;0;0
FR;3;2021-06-03;3495;87285;10;0;0;4338518;1069834;46;0;0
FR;3;2021-06-04;4116;105605;22;0;0;4342634;1175439;68;0;0
FR;3;2021-06-05;1983;52466;4;0;0;4344617;1227905;72;0;0
FR;3;2021-06-06;508;5318;1;0;0;4345125;1233223;73;0;0
FR;3;2021-06-07;1480;30814;11;0;0;4346605;1264037;84;0;0
FR;3;2021-06-08;2059;47352;18;0;0;4348664;1311389;102;0;0
FR;3;2021-06-09;1794;41968;13;0;0;4350458;1353357;115;0;0
FR;3;2021-06-10;2253;67769;17;0;0;4352711;1421126;132;0;0
FR;3;2021-06-11;2481;96645;34;0;0;4355192;1517771;166;0;0
FR;3;2021-06-12;1176;40662;6;0;0;4356368;1558433;172;0;0
FR;3;2021-06-13;282;3669;3;0;0;4356650;1562102;175;0;0
FR;3;2021-06-14;1045;42428;17;0;0;4357695;1604530;192;0;0
FR;3;2021-06-15;1371;80468;20;0;0;4359066;1684998;212;0;0
FR;3;2021-06-16;1261;65542;20;0;0;4360327;1750540;232;0;0
FR;3;2021-06-17;1666;102113;41;0;0;4361993;1852653;273;0;0
FR;3;2021-06-18;1870;118249;62;0;0;4363863;1970902;335;0;0
FR;3;2021-06-19;802;39450;22;0;0;4364665;2010352;357;0;0
FR;3;2021-06-20;160;3241;0;0;0;4364825;2013593;357;0;0
FR;3;2021-06-21;772;39100;16;0;0;4365597;2052693;373;0;0
FR;3;2021-06-22;1065;70023;52;0;0;4366662;2122716;425;0;0
FR;3;2021-06-23;942;50835;39;0;0;4367604;2173551;464;0;0
FR;3;2021-06-24;1310;77207;48;0;0;4368914;2250758;512;0;0
FR;3;2021-06-25;1406;90499;73;0;0;4370320;2341257;585;0;0
FR;3;2021-06-26;631;33116;29;0;0;4370951;2374373;614;0;0
FR;3;2021-06-27;166;3867;1;0;0;4371117;2378240;615;0;0
FR;3;2021-06-28;653;30150;27;0;0;4371770;2408390;642;0;0
FR;3;2021-06-29;857;56433;95;0;0;4372627;2464823;737;0;0
FR;3;2021-06-30;905;45135;93;0;0;4373532;2509958;830;0;0
FR;3;2021-07-01;1163;65949;108;0;0;4374695;2575907;938;0;0
FR;3;2021-07-02;1305;90473;170;0;0;4376000;2666380;1108;0;0
FR;3;2021-07-03;602;31183;51;0;0;4376602;2697563;1159;0;0
FR;3;2021-07-04;144;4066;3;0;0;4376746;2701629;1162;0;0
FR;3;2021-07-05;612;33704;60;0;0;4377358;2735333;1222;0;0
FR;3;2021-07-06;963;55984;88;0;0;4378321;2791317;1310;0;0
FR;3;2021-07-07;871;42972;80;0;0;4379192;2834289;1390;0;0
FR;3;2021-07-08;1125;60764;99;0;0;4380317;2895053;1489;0;0
FR;3;2021-07-09;1260;68872;128;0;0;4381577;2963925;1617;0;0
FR;3;2021-07-10;643;25044;59;0;0;4382220;2988969;1676;0;0
FR;3;2021-07-11;131;3214;4;0;0;4382351;2992183;1680;0;0
FR;3;2021-07-12;662;23737;59;0;0;4383013;3015920;1739;0;0
FR;3;2021-07-13;1647;34565;90;0;0;4384660;3050485;1829;0;0
FR;3;2021-07-14;268;2516;2;0;0;4384928;3053001;1831;0;0
FR;3;2021-07-15;1940;30511;85;0;0;4386868;3083512;1916;0;0
FR;3;2021-07-16;2520;38728;122;0;0;4389388;3122240;2038;0;0
FR;3;2021-07-17;1049;13726;26;0;0;4390437;3135966;2064;0;0
FR;3;2021-07-18;265;2560;3;0;0;4390702;3138526;2067;0;0
FR;3;2021-07-19;1277;17013;37;0;0;4391979;3155539;2104;0;0
FR;3;2021-07-20;1823;26999;98;0;0;4393802;3182538;2202;0;0
FR;3;2021-07-21;1651;19587;44;0;0;4395453;3202125;2246;0;0
FR;3;2021-07-22;1854;27673;83;0;0;4397307;3229798;2329;0;0
FR;3;2021-07-23;2216;30316;117;0;0;4399523;3260114;2446;0;0
FR;3;2021-07-24;826;6958;25;0;0;4400349;3267072;2471;0;0
FR;3;2021-07-25;210;1303;1;0;0;4400559;3268375;2472;0;0
FR;3;2021-07-26;929;10572;28;0;0;4401488;3278947;2500;0;0
FR;3;2021-07-27;1169;16866;56;0;0;4402657;3295813;2556;0;0
FR;3;2021-07-28;989;12033;40;0;0;4403646;3307846;2596;0;0
FR;3;2021-07-29;1127;15734;63;0;0;4404773;3323580;2659;0;0
FR;3;2021-07-30;1128;18018;79;0;0;4405901;3341598;2738;0;0
FR;3;2021-07-31;406;3735;15;0;0;4406307;3345333;2753;0;0
FR;3;2021-08-01;116;457;1;0;0;4406423;3345790;2754;0;0
FR;3;2021-08-02;421;5063;22;0;0;4406844;3350853;2776;0;0
FR;3;2021-08-03;495;7509;27;0;0;4407339;3358362;2803;0;0
FR;3;2021-08-04;438;4849;26;0;0;4407777;3363211;2829;0;0
FR;3;2021-08-05;430;3678;13;0;0;4408207;3366889;2842;0;0
FR;3;2021-08-06;456;4732;30;0;0;4408663;3371621;2872;0;0
FR;3;2021-08-07;214;1901;11;0;0;4408877;3373522;2883;0;0
FR;3;2021-08-08;250;426;2;0;0;4409127;3373948;2885;0;0
FR;3;2021-08-09;318;2418;11;0;0;4409445;3376366;2896;0;0
FR;3;2021-08-10;368;3798;15;0;0;4409813;3380164;2911;0;0
FR;3;2021-08-11;291;2682;15;0;0;4410104;3382846;2926;0;0
FR;3;2021-08-12;277;2603;12;0;0;4410381;3385449;2938;0;0
FR;3;2021-08-13;277;2264;16;0;0;4410658;3387713;2954;0;0
FR;3;2021-08-14;172;897;1;0;0;4410830;3388610;2955;0;0
FR;3;2021-08-15;56;173;0;0;0;4410886;3388783;2955;0;0
FR;3;2021-08-16;124;1035;8;0;0;4411010;3389818;2963;0;0
FR;3;2021-08-17;188;1453;8;0;0;4411198;3391271;2971;0;0
FR;3;2021-08-18;204;1320;10;0;0;4411402;3392591;2981;0;0
FR;3;2021-08-19;165;1390;10;0;0;4411567;3393981;2991;0;0
FR;3;2021-08-20;167;1607;16;0;0;4411734;3395588;3007;0;0
FR;3;2021-08-21;93;586;2;0;0;4411827;3396174;3009;0;0
FR;3;2021-08-22;42;189;1;0;0;4411869;3396363;3010;0;0
FR;3;2021-08-23;141;906;7;0;0;4412010;3397269;3017;0;0
FR;3;2021-08-24;124;937;10;0;0;4412134;3398206;3027;0;0
FR;3;2021-08-25;137;829;3;0;0;4412271;3399035;3030;0;0
FR;3;2021-08-26;172;843;9;0;0;4412443;3399878;3039;0;0
FR;3;2021-08-27;178;943;9;0;0;4412621;3400821;3048;0;0
FR;3;2021-08-28;100;372;4;0;0;4412721;3401193;3052;0;0
FR;3;2021-08-29;128;131;1;0;0;4412849;3401324;3053;0;0
FR;3;2021-08-30;100;577;0;0;119;4412949;3401901;3053;0;119
FR;3;2021-08-31;133;695;7;0;142;4413082;3402596;3060;0;261
FR;3;2021-09-01;121;462;5;0;113;4413203;3403058;3065;0;374
FR;3;2021-09-02;100;616;22;0;110;4413303;3403674;3087;0;484
FR;3;2021-09-03;116;570;17;0;120;4413419;3404244;3104;0;604
FR;3;2021-09-04;55;299;3;0;54;4413474;3404543;3107;0;658
FR;3;2021-09-05;51;65;5;0;26;4413525;3404608;3112;0;684
FR;3;2021-09-06;118;378;4;0;138;4413643;3404986;3116;0;822
FR;3;2021-09-07;124;445;14;0;121;4413767;3405431;3130;0;943
FR;3;2021-09-08;121;351;2;0;93;4413888;3405782;3132;0;1036
FR;3;2021-09-09;94;383;8;0;105;4413982;3406165;3140;0;1141
FR;3;2021-09-10;101;409;3;0;96;4414083;3406574;3143;0;1237
FR;3;2021-09-11;76;234;4;0;66;4414159;3406808;3147;0;1303
FR;3;2021-09-12;37;46;1;0;16;4414196;3406854;3148;0;1319
FR;3;2021-09-13;73;307;7;0;102;4414269;3407161;3155;0;1421
FR;3;2021-09-14;72;280;6;0;98;4414341;3407441;3161;0;1519
FR;3;2021-09-15;61;256;3;0;6;4414402;3407697;3164;0;1525
FR;3;2021-09-16;64;322;6;0;6;4414466;3408019;3170;0;1531
FR;3;2021-09-17;52;330;3;0;7;4414518;3408349;3173;0;1538
FR;3;2021-09-18;36;177;1;0;1;4414554;3408526;3174;0;1539
FR;3;2021-09-19;28;31;2;0;1;4414582;3408557;3176;0;1540
FR;3;2021-09-20;81;197;0;0;1;4414663;3408754;3176;0;1541
FR;3;2021-09-21;60;281;6;0;7;4414723;3409035;3182;0;1548
FR;3;2021-09-22;64;233;6;0;7;4414787;3409268;3188;0;1555
FR;3;2021-09-23;37;264;11;0;7;4414824;3409532;3199;0;1562
FR;3;2021-09-24;28;321;12;0;18;4414852;3409853;3211;0;1580
FR;3;2021-09-25;31;143;3;0;3;4414883;3409996;3214;0;1583
FR;3;2021-09-26;16;59;1;0;1;4414899;3410055;3215;0;1584
FR;3;2021-09-27;47;290;3;0;5;4414946;3410345;3218;0;1589
FR;3;2021-09-28;49;249;6;0;8;4414995;3410594;3224;0;1597
FR;3;2021-09-29;37;224;10;0;14;4415032;3410818;3234;0;1611
FR;3;2021-09-30;39;202;8;0;10;4415071;3411020;3242;0;1621
FR;3;2021-10-01;23;162;6;0;7;4415094;3411182;3248;0;1628
FR;3;2021-10-02;17;85;0;0;0;4415111;3411267;3248;0;1628
FR;3;2021-10-03;19;18;1;0;2;4415130;3411285;3249;0;1630
FR;3;2021-10-04;33;159;4;0;4;4415163;3411444;3253;0;1634
FR;3;2021-10-05;17;149;10;0;13;4415180;3411593;3263;0;1647
FR;3;2021-10-06;32;146;8;0;9;4415212;3411739;3271;0;1656
FR;3;2021-10-07;19;133;6;0;6;4415231;3411872;3277;0;1662
FR;3;2021-10-08;24;140;10;0;9;4415255;3412012;3287;0;1671
FR;3;2021-10-09;16;72;1;0;1;4415271;3412084;3288;0;1672
FR;3;2021-10-10;13;18;2;0;3;4415284;3412102;3290;0;1675
FR;3;2021-10-11;16;118;4;0;5;4415300;3412220;3294;0;1680
FR;3;2021-10-12;20;104;5;0;5;4415320;3412324;3299;0;1685
FR;3;2021-10-13;25;116;9;0;7;4415345;3412440;3308;0;1692
FR;3;2021-10-14;18;153;3;0;4;4415363;3412593;3311;0;1696
FR;3;2021-10-15;23;146;8;0;12;4415386;3412739;3319;0;1708
FR;3;2021-10-16;13;75;6;0;8;4415399;3412814;3325;0;1716
FR;3;2021-10-17;12;25;0;0;0;4415411;3412839;3325;0;1716
FR;3;2021-10-18;18;116;2;0;2;4415429;3412955;3327;0;1718
FR;3;2021-10-19;16;115;19;0;21;4415445;3413070;3346;0;1739
FR;3;2021-10-20;25;127;6;0;7;4415470;3413197;3352;0;1746
FR;3;2021-10-21;28;130;17;0;13;4415498;3413327;3369;0;1759
FR;3;2021-10-22;24;110;16;0;19;4415522;3413437;3385;0;1778
FR;3;2021-10-23;17;56;2;0;1;4415539;3413493;3387;0;1779
FR;3;2021-10-24;7;36;0;0;0;4415546;3413529;3387;0;1779
FR;3;2021-10-25;24;147;7;0;7;4415570;3413676;3394;0;1786
FR;3;2021-10-26;25;100;22;0;19;4415595;3413776;3416;0;1805
FR;3;2021-10-27;18;99;9;0;9;4415613;3413875;3425;0;1814
FR;3;2021-10-28;22;119;33;0;36;4415635;3413994;3458;0;1850
FR;3;2021-10-29;12;106;64;0;54;4415647;3414100;3522;0;1904
FR;3;2021-10-30;11;63;11;1;10;4415658;3414163;3533;1;1914
FR;3;2021-10-31;8;25;1;0;1;4415666;3414188;3534;1;1915
FR;3;2021-11-01;10;22;2;0;1;4415676;3414210;3536;1;1916
FR;3;2021-11-02;10;102;10;0;12;4415686;3414312;3546;1;1928
FR;3;2021-11-03;19;112;10;0;10;4415705;3414424;3556;1;1938
FR;3;2021-11-04;20;91;5;0;4;4415725;3414515;3561;1;1942
FR;3;2021-11-05;19;127;8;1;5;4415744;3414642;3569;2;1947
FR;3;2021-11-06;10;59;3;0;3;4415754;3414701;3572;2;1950
FR;3;2021-11-07;6;21;1;0;1;4415760;3414722;3573;2;1951
FR;3;2021-11-08;11;134;7;0;5;4415771;3414856;3580;2;1956
FR;3;2021-11-09;13;134;5;0;5;4415784;3414990;3585;2;1961
FR;3;2021-11-10;14;162;14;0;15;4415798;3415152;3599;2;1976
FR;3;2021-11-11;11;49;3;0;3;4415809;3415201;3602;2;1979
FR;3;2021-11-12;14;135;6;0;4;4415823;3415336;3608;2;1983
FR;3;2021-11-13;7;67;9;0;10;4415830;3415403;3617;2;1993
FR;3;2021-11-14;3;24;1;0;1;4415833;3415427;3618;2;1994
FR;3;2021-11-15;5;173;10;0;11;4415838;3415600;3628;2;2005
FR;3;2021-11-16;6;144;11;0;10;4415844;3415744;3639;2;2015
FR;3;2021-11-17;7;149;11;0;8;4415851;3415893;3650;2;2023
FR;3;2021-11-18;15;148;10;0;11;4415866;3416041;3660;2;2034
FR;3;2021-11-19;10;200;22;0;27;4415876;3416241;3682;2;2061
FR;3;2021-11-20;6;107;6;0;6;4415882;3416348;3688;2;2067
FR;3;2021-11-21;3;26;4;0;4;4415885;3416374;3692;2;2071
FR;3;2021-11-22;11;202;11;0;11;4415896;3416576;3703;2;2082
FR;3;2021-11-23;9;199;15;0;14;4415905;3416775;3718;2;2096
FR;3;2021-11-24;9;203;9;0;17;4415914;3416978;3727;2;2113
FR;3;2021-11-25;12;233;11;0;11;4415926;3417211;3738;2;2124
FR;3;2021-11-26;8;305;35;0;33;4415934;3417516;3773;2;2157
FR;3;2021-11-27;8;141;20;0;21;4415942;3417657;3793;2;2178
FR;3;2021-11-28;3;62;7;0;7;4415945;3417719;3800;2;2185
FR;3;2021-11-29;5;256;21;0;22;4415950;3417975;3821;2;2207
FR;3;2021-11-30;7;345;28;0;31;4415957;3418320;3849;2;2238
FR;3;2021-12-01;30;375;37;0;39;4415987;3418695;3886;2;2277
FR;3;2021-12-02;9;396;33;0;36;4415996;3419091;3919;2;2313
FR;3;2021-12-03;4;444;37;0;38;4416000;3419535;3956;2;2351
FR;3;2021-12-04;3;238;26;0;28;4416003;3419773;3982;2;2379
FR;3;2021-12-05;1;66;5;0;5;4416004;3419839;3987;2;2384
FR;3;2021-12-06;6;414;14;0;15;4416010;3420253;4001;2;2399
FR;3;2021-12-07;4;489;20;0;24;4416014;3420742;4021;2;2423
FR;3;2021-12-08;7;442;29;0;30;4416021;3421184;4050;2;2453
FR;3;2021-12-09;3;498;17;0;22;4416024;3421682;4067;2;2475
FR;3;2021-12-10;10;516;29;0;25;4416034;3422198;4096;2;2500
FR;3;2021-12-11;4;334;10;0;9;4416038;3422532;4106;2;2509
FR;3;2021-12-12;1;108;3;0;3;4416039;3422640;4109;2;2512
FR;3;2021-12-13;2;497;19;0;21;4416041;3423137;4128;2;2533
FR;3;2021-12-14;8;633;18;0;21;4416049;3423770;4146;2;2554
FR;3;2021-12-15;9;606;17;0;21;4416058;3424376;4163;2;2575
FR;3;2021-12-16;10;619;19;0;18;4416068;3424995;4182;2;2593
FR;3;2021-12-17;5;702;18;0;19;4416073;3425697;4200;2;2612
FR;3;2021-12-18;4;376;4;0;5;4416077;3426073;4204;2;2617
FR;3;2021-12-19;3;194;2;0;2;4416080;3426267;4206;2;2619
FR;3;2021-12-20;8;633;23;0;28;4416088;3426900;4229;2;2647
FR;3;2021-12-21;3;728;10;0;13;4416091;3427628;4239;2;2660
FR;3;2021-12-22;10;678;9;0;10;4416101;3428306;4248;2;2670
FR;3;2021-12-23;2;588;8;0;8;4416103;3428894;4256;2;2678
FR;3;2021-12-24;2;246;3;0;6;4416105;3429140;4259;2;2684
FR;3;2021-12-25;0;25;0;0;0;4416105;3429165;4259;2;2684
FR;3;2021-12-26;0;92;1;0;1;4416105;3429257;4260;2;2685
FR;3;2021-12-27;7;496;17;0;20;4416112;3429753;4277;2;2705
FR;3;2021-12-28;3;640;6;0;5;4416115;3430393;4283;2;2710
FR;3;2021-12-29;4;533;14;0;16;4416119;3430926;4297;2;2726
FR;3;2021-12-30;3;550;7;0;10;4416122;3431476;4304;2;2736
FR;3;2021-12-31;0;193;5;0;7;4416122;3431669;4309;2;2743
FR;3;2022-01-01;0;26;0;0;2;4416122;3431695;4309;2;2745
FR;3;2022-01-02;0;80;0;0;0;4416122;3431775;4309;2;2745
FR;3;2022-01-03;4;531;17;0;21;4416126;3432306;4326;2;2766
FR;3;2022-01-04;6;578;9;0;8;4416132;3432884;4335;2;2774
FR;3;2022-01-05;5;522;10;0;14;4416137;3433406;4345;2;2788
FR;3;2022-01-06;6;500;9;0;10;4416143;3433906;4354;2;2798
FR;3;2022-01-07;2;530;11;0;13;4416145;3434436;4365;2;2811
FR;3;2022-01-08;4;263;4;0;5;4416149;3434699;4369;2;2816
FR;3;2022-01-09;0;117;0;0;0;4416149;3434816;4369;2;2816
FR;3;2022-01-10;2;455;12;0;12;4416151;3435271;4381;2;2828
FR;3;2022-01-11;3;492;1;0;1;4416154;3435763;4382;2;2829
FR;3;2022-01-12;2;418;9;0;10;4416156;3436181;4391;2;2839
FR;3;2022-01-13;3;406;11;0;12;4416159;3436587;4402;2;2851
FR;3;2022-01-14;3;448;10;0;13;4416162;3437035;4412;2;2864
FR;3;2022-01-15;0;289;2;0;3;4416162;3437324;4414;2;2867
FR;3;2022-01-16;1;110;1;0;1;4416163;3437434;4415;2;2868
FR;3;2022-01-17;2;335;8;0;9;4416165;3437769;4423;2;2877
FR;3;2022-01-18;2;381;1;0;2;4416167;3438150;4424;2;2879
FR;3;2022-01-19;2;336;5;0;10;4416169;3438486;4429;2;2889
FR;3;2022-01-20;1;365;5;0;3;4416170;3438851;4434;2;2892
FR;3;2022-01-21;4;354;5;0;7;4416174;3439205;4439;2;2899
FR;3;2022-01-22;2;230;1;0;2;4416176;3439435;4440;2;2901
FR;3;2022-01-23;0;81;0;0;1;4416176;3439516;4440;2;2902
FR;3;2022-01-24;2;332;1;0;6;4416178;3439848;4441;2;2908
FR;3;2022-01-25;0;180;0;0;0;4416178;3440028;4441;2;2908
FR;3;2022-01-26;0;80;0;0;0;4416178;3440108;4441;2;2908
FR;3;2022-01-27;0;54;0;0;0;4416178;3440162;4441;2;2908
FR;3;2022-01-28;0;123;0;0;0;4416178;3440285;4441;2;2908
FR;3;2022-01-29;0;101;0;0;0;4416178;3440386;4441;2;2908
FR;3;2022-01-30;0;51;0;0;0;4416178;3440437;4441;2;2908
FR;3;2022-01-31;0;95;0;0;0;4416178;3440532;4441;2;2908
FR;3;2022-02-01;0;101;0;0;1;4416178;3440633;4441;2;2909
FR;3;2022-02-02;0;87;0;0;0;4416178;3440720;4441;2;2909
FR;3;2022-02-03;0;96;0;0;0;4416178;3440816;4441;2;2909
FR;3;2022-02-04;0;117;0;0;0;4416178;3440933;4441;2;2909
FR;3;2022-02-05;0;71;0;0;0;4416178;3441004;4441;2;2909
FR;3;2022-02-06;0;11;0;0;0;4416178;3441015;4441;2;2909
FR;3;2022-02-07;0;85;0;0;0;4416178;3441100;4441;2;2909
FR;3;2022-02-08;0;0;0;0;0;4416178;3441100;4441;2;2909
FR;3;2022-02-09;0;0;0;0;0;4416178;3441100;4441;2;2909
FR;3;2022-02-10;0;0;0;0;0;4416178;3441100;4441;2;2909
FR;3;2022-02-11;0;0;0;0;0;4416178;3441100;4441;2;2909
FR;3;2022-02-12;0;0;0;0;0;4416178;3441100;4441;2;2909
FR;3;2022-02-13;0;0;0;0;0;4416178;3441100;4441;2;2909
FR;3;2022-02-14;0;0;0;0;0;4416178;3441100;4441;2;2909
FR;3;2022-02-15;0;0;0;0;0;4416178;3441100;4441;2;2909
FR;3;2022-02-16;0;0;0;0;0;4416178;3441100;4441;2;2909
FR;3;2022-02-17;0;0;0;0;0;4416178;3441100;4441;2;2909
FR;3;2022-02-18;0;0;0;0;0;4416178;3441100;4441;2;2909
FR;3;2022-02-19;0;0;0;0;0;4416178;3441100;4441;2;2909
FR;3;2022-02-20;0;0;0;0;0;4416178;3441100;4441;2;2909
FR;3;2022-02-21;2;0;0;0;0;4416180;3441100;4441;2;2909
FR;3;2022-02-22;0;0;0;0;0;4416180;3441100;4441;2;2909
FR;3;2022-02-23;0;0;0;0;0;4416180;3441100;4441;2;2909
FR;3;2022-02-24;0;0;0;0;0;4416180;3441100;4441;2;2909
FR;3;2022-02-25;0;0;0;0;0;4416180;3441100;4441;2;2909
FR;3;2022-02-26;0;0;0;0;0;4416180;3441100;4441;2;2909
FR;3;2022-02-27;0;0;0;0;0;4416180;3441100;4441;2;2909
FR;3;2022-02-28;1;0;0;0;0;4416181;3441100;4441;2;2909
FR;3;2022-03-01;1;0;0;0;0;4416182;3441100;4441;2;2909
FR;3;2022-03-02;0;0;0;0;0;4416182;3441100;4441;2;2909
FR;3;2022-03-03;0;0;0;0;0;4416182;3441100;4441;2;2909
FR;3;2022-03-04;0;0;0;0;0;4416182;3441100;4441;2;2909
FR;3;2022-03-05;0;0;0;0;0;4416182;3441100;4441;2;2909
FR;3;2022-03-06;1;0;0;0;0;4416183;3441100;4441;2;2909
FR;3;2022-03-07;0;0;0;0;0;4416183;3441100;4441;2;2909
FR;3;2022-03-08;1;0;0;0;0;4416184;3441100;4441;2;2909
FR;3;2022-03-09;0;0;0;0;0;4416184;3441100;4441;2;2909
FR;3;2022-03-10;0;0;0;0;0;4416184;3441100;4441;2;2909
FR;3;2022-03-11;0;0;0;0;0;4416184;3441100;4441;2;2909
FR;3;2022-03-12;0;0;0;0;0;4416184;3441100;4441;2;2909
FR;3;2022-03-13;0;0;0;0;0;4416184;3441100;4441;2;2909
FR;3;2022-03-14;0;0;0;0;0;4416184;3441100;4441;2;2909
FR;3;2022-03-15;0;0;0;0;0;4416184;3441100;4441;2;2909
FR;3;2022-03-16;0;0;0;0;0;4416184;3441100;4441;2;2909
FR;3;2022-03-17;0;0;0;0;0;4416184;3441100;4441;2;2909
FR;3;2022-03-18;0;0;0;0;0;4416184;3441100;4441;2;2909
FR;3;2022-03-19;0;0;0;0;0;4416184;3441100;4441;2;2909
FR;3;2022-03-20;1;0;0;0;0;4416185;3441100;4441;2;2909
FR;3;2022-03-21;0;0;0;0;0;4416185;3441100;4441;2;2909
FR;3;2022-03-22;0;0;0;0;0;4416185;3441100;4441;2;2909
FR;3;2022-03-23;1;0;0;0;0;4416186;3441100;4441;2;2909
FR;3;2022-03-24;0;0;0;0;0;4416186;3441100;4441;2;2909
FR;3;2022-03-25;1;0;0;0;0;4416187;3441100;4441;2;2909
FR;3;2022-03-26;0;0;0;0;0;4416187;3441100;4441;2;2909
FR;3;2022-03-27;0;0;0;0;0;4416187;3441100;4441;2;2909
FR;3;2022-03-28;0;0;0;0;0;4416187;3441100;4441;2;2909
FR;3;2022-03-29;0;0;0;0;0;4416187;3441100;4441;2;2909
FR;3;2022-03-30;0;0;0;0;0;4416187;3441100;4441;2;2909
FR;3;2022-03-31;0;0;0;0;0;4416187;3441100;4441;2;2909
FR;3;2022-04-01;0;0;0;0;0;4416187;3441100;4441;2;2909
FR;3;2022-04-02;0;0;0;0;0;4416187;3441100;4441;2;2909
FR;3;2022-04-03;0;0;0;0;0;4416187;3441100;4441;2;2909
FR;3;2022-04-04;0;0;0;0;0;4416187;3441100;4441;2;2909
FR;3;2022-04-05;0;0;0;0;0;4416187;3441100;4441;2;2909
FR;3;2022-04-06;0;0;0;0;0;4416187;3441100;4441;2;2909
FR;3;2022-04-07;0;0;0;0;0;4416187;3441100;4441;2;2909
FR;3;2022-04-08;0;0;0;0;0;4416187;3441100;4441;2;2909
FR;3;2022-04-09;0;0;0;0;0;4416187;3441100;4441;2;2909
FR;3;2022-04-10;0;0;0;0;0;4416187;3441100;4441;2;2909
FR;3;2022-04-11;0;0;0;0;0;4416187;3441100;4441;2;2909
FR;3;2022-04-12;0;0;0;0;0;4416187;3441100;4441;2;2909
FR;3;2022-04-13;0;0;0;0;0;4416187;3441100;4441;2;2909
FR;3;2022-04-14;0;0;0;0;0;4416187;3441100;4441;2;2909
FR;3;2022-04-15;1;0;0;0;0;4416188;3441100;4441;2;2909
FR;3;2022-04-16;0;0;0;0;0;4416188;3441100;4441;2;2909
FR;3;2022-04-17;0;0;0;0;0;4416188;3441100;4441;2;2909
FR;3;2022-04-18;0;0;0;0;0;4416188;3441100;4441;2;2909
FR;3;2022-04-19;0;0;0;0;0;4416188;3441100;4441;2;2909
FR;3;2022-04-20;0;0;0;0;0;4416188;3441100;4441;2;2909
FR;3;2022-04-21;0;0;0;0;0;4416188;3441100;4441;2;2909
FR;3;2022-04-22;0;0;0;0;0;4416188;3441100;4441;2;2909
FR;3;2022-04-23;0;0;0;0;0;4416188;3441100;4441;2;2909
FR;3;2022-04-24;0;0;0;0;0;4416188;3441100;4441;2;2909
FR;3;2022-04-25;0;0;0;0;0;4416188;3441100;4441;2;2909
FR;3;2022-04-26;0;0;0;0;0;4416188;3441100;4441;2;2909
FR;3;2022-04-27;0;0;0;0;0;4416188;3441100;4441;2;2909
FR;3;2022-04-28;0;0;0;0;0;4416188;3441100;4441;2;2909
FR;3;2022-04-29;0;0;0;0;0;4416188;3441100;4441;2;2909
FR;3;2022-04-30;0;0;0;0;0;4416188;3441100;4441;2;2909
FR;3;2022-05-01;0;0;0;0;0;4416188;3441100;4441;2;2909
FR;3;2022-05-02;0;0;0;0;0;4416188;3441100;4441;2;2909
FR;3;2022-05-03;0;0;0;0;0;4416188;3441100;4441;2;2909
FR;3;2022-05-04;0;0;0;0;0;4416188;3441100;4441;2;2909
FR;3;2022-05-05;0;0;0;0;0;4416188;3441100;4441;2;2909
FR;3;2022-05-06;0;0;0;0;0;4416188;3441100;4441;2;2909
FR;3;2022-05-07;0;0;0;0;0;4416188;3441100;4441;2;2909
FR;3;2022-05-08;0;0;0;0;0;4416188;3441100;4441;2;2909
FR;3;2022-05-09;0;0;0;0;0;4416188;3441100;4441;2;2909
FR;3;2022-05-10;0;0;0;0;0;4416188;3441100;4441;2;2909
FR;3;2022-05-11;0;0;0;0;0;4416188;3441100;4441;2;2909
FR;3;2022-05-12;0;0;0;0;0;4416188;3441100;4441;2;2909
FR;3;2022-05-13;0;0;0;0;0;4416188;3441100;4441;2;2909
FR;3;2022-05-14;1;0;0;0;0;4416189;3441100;4441;2;2909
FR;3;2022-05-15;0;0;0;0;0;4416189;3441100;4441;2;2909
FR;3;2022-05-16;0;0;0;0;0;4416189;3441100;4441;2;2909
FR;3;2022-05-17;0;0;0;0;0;4416189;3441100;4441;2;2909
FR;3;2022-05-18;0;0;0;0;0;4416189;3441100;4441;2;2909
FR;3;2022-05-19;0;0;0;0;0;4416189;3441100;4441;2;2909
FR;3;2022-05-20;0;0;0;0;0;4416189;3441100;4441;2;2909
FR;3;2022-05-21;0;0;0;0;0;4416189;3441100;4441;2;2909
FR;3;2022-05-22;0;0;0;0;0;4416189;3441100;4441;2;2909
FR;3;2022-05-23;0;0;0;0;0;4416189;3441100;4441;2;2909
FR;3;2022-05-24;0;0;0;0;0;4416189;3441100;4441;2;2909
FR;3;2022-05-25;0;0;0;0;0;4416189;3441100;4441;2;2909
FR;3;2022-05-26;0;0;0;0;0;4416189;3441100;4441;2;2909
FR;3;2022-05-27;0;0;0;0;0;4416189;3441100;4441;2;2909
FR;3;2022-05-28;0;0;0;0;0;4416189;3441100;4441;2;2909
FR;3;2022-05-29;0;0;0;0;0;4416189;3441100;4441;2;2909
FR;3;2022-05-30;0;0;0;0;0;4416189;3441100;4441;2;2909
FR;3;2022-05-31;0;0;0;0;0;4416189;3441100;4441;2;2909
FR;3;2022-06-01;0;0;0;0;0;4416189;3441100;4441;2;2909
FR;3;2022-06-02;0;0;0;0;0;4416189;3441100;4441;2;2909
FR;3;2022-06-03;0;0;0;0;0;4416189;3441100;4441;2;2909
FR;3;2022-06-04;0;0;0;0;0;4416189;3441100;4441;2;2909
FR;3;2022-06-05;0;0;0;0;0;4416189;3441100;4441;2;2909
FR;3;2022-06-06;0;0;0;0;0;4416189;3441100;4441;2;2909
FR;3;2022-06-07;0;0;0;0;0;4416189;3441100;4441;2;2909
FR;3;2022-06-08;0;0;0;0;0;4416189;3441100;4441;2;2909
FR;3;2022-06-09;0;0;0;0;0;4416189;3441100;4441;2;2909
FR;3;2022-06-10;0;0;0;0;0;4416189;3441100;4441;2;2909
FR;3;2022-06-11;0;0;0;0;0;4416189;3441100;4441;2;2909
FR;3;2022-06-12;0;0;0;0;0;4416189;3441100;4441;2;2909
FR;3;2022-06-13;1;0;0;0;0;4416190;3441100;4441;2;2909
FR;3;2022-06-14;0;0;0;0;0;4416190;3441100;4441;2;2909
FR;3;2022-06-15;0;0;0;0;0;4416190;3441100;4441;2;2909
FR;3;2022-06-16;0;0;0;0;0;4416190;3441100;4441;2;2909
FR;3;2022-06-17;0;0;0;0;0;4416190;3441100;4441;2;2909
FR;3;2022-06-18;0;0;0;0;0;4416190;3441100;4441;2;2909
FR;3;2022-06-19;0;0;0;0;0;4416190;3441100;4441;2;2909
FR;3;2022-06-20;0;0;0;0;0;4416190;3441100;4441;2;2909
FR;3;2022-06-21;0;0;0;0;0;4416190;3441100;4441;2;2909
FR;3;2022-06-22;0;0;0;0;0;4416190;3441100;4441;2;2909
FR;3;2022-06-23;0;0;0;0;0;4416190;3441100;4441;2;2909
FR;3;2022-06-24;0;0;0;0;0;4416190;3441100;4441;2;2909
FR;3;2022-06-25;0;0;0;0;0;4416190;3441100;4441;2;2909
FR;3;2022-06-26;0;0;0;0;0;4416190;3441100;4441;2;2909
FR;3;2022-06-27;0;0;0;0;0;4416190;3441100;4441;2;2909
FR;3;2022-06-28;0;0;0;0;0;4416190;3441100;4441;2;2909
FR;3;2022-06-29;1;0;0;0;0;4416191;3441100;4441;2;2909
FR;3;2022-06-30;0;0;0;0;0;4416191;3441100;4441;2;2909
FR;3;2022-07-01;0;0;0;0;0;4416191;3441100;4441;2;2909
FR;3;2022-07-02;0;0;0;0;0;4416191;3441100;4441;2;2909
FR;3;2022-07-03;0;0;0;0;0;4416191;3441100;4441;2;2909
FR;3;2022-07-04;0;0;0;0;0;4416191;3441100;4441;2;2909
FR;3;2022-07-05;0;0;0;0;0;4416191;3441100;4441;2;2909
FR;3;2022-07-06;0;0;0;0;0;4416191;3441100;4441;2;2909
FR;3;2022-07-07;0;0;0;0;0;4416191;3441100;4441;2;2909
FR;3;2022-07-08;0;0;0;0;0;4416191;3441100;4441;2;2909
FR;3;2022-07-09;0;0;0;0;0;4416191;3441100;4441;2;2909
FR;3;2022-07-10;0;0;0;0;0;4416191;3441100;4441;2;2909
FR;3;2022-07-11;0;0;0;0;0;4416191;3441100;4441;2;2909
FR;3;2022-07-12;0;0;0;0;0;4416191;3441100;4441;2;2909
FR;3;2022-07-13;0;0;0;0;0;4416191;3441100;4441;2;2909
FR;3;2022-07-14;0;0;0;0;0;4416191;3441100;4441;2;2909
FR;3;2022-07-15;0;0;0;0;0;4416191;3441100;4441;2;2909
FR;3;2022-07-16;0;0;0;0;0;4416191;3441100;4441;2;2909
FR;3;2022-07-17;0;0;0;0;0;4416191;3441100;4441;2;2909
FR;3;2022-07-18;0;0;0;0;0;4416191;3441100;4441;2;2909
FR;3;2022-07-19;0;0;0;0;0;4416191;3441100;4441;2;2909
FR;3;2022-07-20;0;0;0;0;0;4416191;3441100;4441;2;2909
FR;3;2022-07-21;0;0;0;0;0;4416191;3441100;4441;2;2909
FR;3;2022-07-22;0;0;0;0;0;4416191;3441100;4441;2;2909
FR;3;2022-07-23;0;0;0;0;0;4416191;3441100;4441;2;2909
FR;3;2022-07-24;0;0;0;0;0;4416191;3441100;4441;2;2909
FR;3;2022-07-25;0;0;0;0;0;4416191;3441100;4441;2;2909
FR;3;2022-07-26;0;0;0;0;0;4416191;3441100;4441;2;2909
FR;3;2022-07-27;0;0;0;0;0;4416191;3441100;4441;2;2909
FR;3;2022-07-28;0;0;0;0;0;4416191;3441100;4441;2;2909
FR;3;2022-07-29;0;0;0;0;0;4416191;3441100;4441;2;2909
FR;3;2022-07-30;0;0;0;0;0;4416191;3441100;4441;2;2909
FR;3;2022-07-31;0;0;0;0;0;4416191;3441100;4441;2;2909
FR;3;2022-08-01;0;0;0;0;0;4416191;3441100;4441;2;2909
FR;3;2022-08-02;0;0;0;0;0;4416191;3441100;4441;2;2909
FR;3;2022-08-03;0;0;0;0;0;4416191;3441100;4441;2;2909
FR;3;2022-08-04;0;0;0;0;0;4416191;3441100;4441;2;2909
FR;3;2022-08-05;0;0;0;0;0;4416191;3441100;4441;2;2909
FR;3;2022-08-06;0;0;0;0;0;4416191;3441100;4441;2;2909
FR;3;2022-08-07;0;0;0;0;0;4416191;3441100;4441;2;2909
FR;3;2022-08-08;0;0;0;0;0;4416191;3441100;4441;2;2909
FR;3;2022-08-09;0;0;0;0;0;4416191;3441100;4441;2;2909
FR;3;2022-08-10;0;0;0;0;0;4416191;3441100;4441;2;2909
FR;3;2022-08-11;0;0;0;0;0;4416191;3441100;4441;2;2909
FR;3;2022-08-12;0;0;0;0;0;4416191;3441100;4441;2;2909
FR;3;2022-08-13;0;0;0;0;0;4416191;3441100;4441;2;2909
FR;3;2022-08-14;0;0;0;0;0;4416191;3441100;4441;2;2909
FR;3;2022-08-15;0;0;0;0;0;4416191;3441100;4441;2;2909
FR;3;2022-08-16;0;0;0;0;0;4416191;3441100;4441;2;2909
FR;3;2022-08-17;0;0;0;0;0;4416191;3441100;4441;2;2909
FR;3;2022-08-18;0;0;0;0;0;4416191;3441100;4441;2;2909
FR;3;2022-08-19;0;0;0;0;0;4416191;3441100;4441;2;2909
FR;3;2022-08-20;0;0;0;0;0;4416191;3441100;4441;2;2909
FR;3;2022-08-21;0;0;0;0;0;4416191;3441100;4441;2;2909
FR;3;2022-08-22;0;0;0;0;0;4416191;3441100;4441;2;2909
FR;3;2022-08-23;0;0;0;0;0;4416191;3441100;4441;2;2909
FR;3;2022-08-24;0;0;0;0;0;4416191;3441100;4441;2;2909
FR;3;2022-08-25;0;0;0;0;0;4416191;3441100;4441;2;2909
FR;3;2022-08-26;0;0;0;0;0;4416191;3441100;4441;2;2909
FR;3;2022-08-27;0;0;0;0;0;4416191;3441100;4441;2;2909
FR;3;2022-08-28;0;0;0;0;0;4416191;3441100;4441;2;2909
FR;3;2022-08-29;0;0;0;0;0;4416191;3441100;4441;2;2909
FR;3;2022-08-30;0;0;0;0;0;4416191;3441100;4441;2;2909
FR;3;2022-08-31;0;0;0;0;0;4416191;3441100;4441;2;2909
FR;3;2022-09-01;0;0;0;0;0;4416191;3441100;4441;2;2909
FR;3;2022-09-02;0;0;0;0;0;4416191;3441100;4441;2;2909
FR;3;2022-09-03;0;0;0;0;0;4416191;3441100;4441;2;2909
FR;3;2022-09-04;0;0;0;0;0;4416191;3441100;4441;2;2909
FR;3;2022-09-05;0;0;0;0;0;4416191;3441100;4441;2;2909
FR;3;2022-09-06;0;0;0;0;0;4416191;3441100;4441;2;2909
FR;3;2022-09-07;0;0;0;0;0;4416191;3441100;4441;2;2909
FR;3;2022-09-08;0;0;0;0;0;4416191;3441100;4441;2;2909
FR;3;2022-09-09;0;0;0;0;0;4416191;3441100;4441;2;2909
FR;3;2022-09-10;0;0;0;0;0;4416191;3441100;4441;2;2909
FR;3;2022-09-11;0;0;0;0;0;4416191;3441100;4441;2;2909
FR;3;2022-09-12;0;0;0;0;0;4416191;3441100;4441;2;2909
FR;3;2022-09-13;0;0;0;0;0;4416191;3441100;4441;2;2909
FR;3;2022-09-14;0;0;0;0;0;4416191;3441100;4441;2;2909
FR;3;2022-09-15;0;0;0;0;0;4416191;3441100;4441;2;2909
FR;3;2022-09-16;0;0;0;0;0;4416191;3441100;4441;2;2909
FR;3;2022-09-17;0;0;0;0;0;4416191;3441100;4441;2;2909
FR;3;2022-09-18;0;0;0;0;0;4416191;3441100;4441;2;2909
FR;3;2022-09-19;0;0;0;0;0;4416191;3441100;4441;2;2909
FR;3;2022-09-20;0;0;0;0;0;4416191;3441100;4441;2;2909
FR;3;2022-09-21;0;0;0;0;0;4416191;3441100;4441;2;2909
FR;3;2022-09-22;0;0;0;0;0;4416191;3441100;4441;2;2909
FR;3;2022-09-23;0;0;0;0;0;4416191;3441100;4441;2;2909
FR;3;2022-09-24;0;0;0;0;0;4416191;3441100;4441;2;2909
FR;3;2022-09-25;0;0;0;0;0;4416191;3441100;4441;2;2909
FR;3;2022-09-26;0;0;0;0;0;4416191;3441100;4441;2;2909
FR;3;2022-09-27;0;0;0;0;0;4416191;3441100;4441;2;2909
FR;3;2022-09-28;0;0;0;0;0;4416191;3441100;4441;2;2909
FR;4;2020-12-27;0;0;0;0;0;0;0;0;0;0
FR;4;2020-12-28;0;0;0;0;0;0;0;0;0;0
FR;4;2020-12-29;0;0;0;0;0;0;0;0;0;0
FR;4;2020-12-30;0;0;0;0;0;0;0;0;0;0
FR;4;2020-12-31;0;0;0;0;0;0;0;0;0;0
FR;4;2021-01-01;0;0;0;0;0;0;0;0;0;0
FR;4;2021-01-02;0;0;0;0;0;0;0;0;0;0
FR;4;2021-01-03;0;0;0;0;0;0;0;0;0;0
FR;4;2021-01-04;0;0;0;0;0;0;0;0;0;0
FR;4;2021-01-05;0;0;0;0;0;0;0;0;0;0
FR;4;2021-01-06;0;0;0;0;0;0;0;0;0;0
FR;4;2021-01-07;0;0;0;0;0;0;0;0;0;0
FR;4;2021-01-08;0;0;0;0;0;0;0;0;0;0
FR;4;2021-01-09;0;0;0;0;0;0;0;0;0;0
FR;4;2021-01-10;0;0;0;0;0;0;0;0;0;0
FR;4;2021-01-11;0;0;0;0;0;0;0;0;0;0
FR;4;2021-01-12;0;0;0;0;0;0;0;0;0;0
FR;4;2021-01-13;0;0;0;0;0;0;0;0;0;0
FR;4;2021-01-14;0;0;0;0;0;0;0;0;0;0
FR;4;2021-01-15;0;0;0;0;0;0;0;0;0;0
FR;4;2021-01-16;0;0;0;0;0;0;0;0;0;0
FR;4;2021-01-17;0;0;0;0;0;0;0;0;0;0
FR;4;2021-01-18;0;0;0;0;0;0;0;0;0;0
FR;4;2021-01-19;0;0;0;0;0;0;0;0;0;0
FR;4;2021-01-20;0;0;0;0;0;0;0;0;0;0
FR;4;2021-01-21;0;0;0;0;0;0;0;0;0;0
FR;4;2021-01-22;0;0;0;0;0;0;0;0;0;0
FR;4;2021-01-23;0;0;0;0;0;0;0;0;0;0
FR;4;2021-01-24;0;0;0;0;0;0;0;0;0;0
FR;4;2021-01-25;0;0;0;0;0;0;0;0;0;0
FR;4;2021-01-26;0;0;0;0;0;0;0;0;0;0
FR;4;2021-01-27;0;0;0;0;0;0;0;0;0;0
FR;4;2021-01-28;0;0;0;0;0;0;0;0;0;0
FR;4;2021-01-29;0;0;0;0;0;0;0;0;0;0
FR;4;2021-01-30;0;0;0;0;0;0;0;0;0;0
FR;4;2021-01-31;0;0;0;0;0;0;0;0;0;0
FR;4;2021-02-01;0;0;0;0;0;0;0;0;0;0
FR;4;2021-02-02;0;0;0;0;0;0;0;0;0;0
FR;4;2021-02-03;0;0;0;0;0;0;0;0;0;0
FR;4;2021-02-04;0;0;0;0;0;0;0;0;0;0
FR;4;2021-02-05;0;0;0;0;0;0;0;0;0;0
FR;4;2021-02-06;0;0;0;0;0;0;0;0;0;0
FR;4;2021-02-07;0;0;0;0;0;0;0;0;0;0
FR;4;2021-02-08;0;0;0;0;0;0;0;0;0;0
FR;4;2021-02-09;0;0;0;0;0;0;0;0;0;0
FR;4;2021-02-10;0;0;0;0;0;0;0;0;0;0
FR;4;2021-02-11;0;0;0;0;0;0;0;0;0;0
FR;4;2021-02-12;0;0;0;0;0;0;0;0;0;0
FR;4;2021-02-13;0;0;0;0;0;0;0;0;0;0
FR;4;2021-02-14;0;0;0;0;0;0;0;0;0;0
FR;4;2021-02-15;0;0;0;0;0;0;0;0;0;0
FR;4;2021-02-16;0;0;0;0;0;0;0;0;0;0
FR;4;2021-02-17;0;0;0;0;0;0;0;0;0;0
FR;4;2021-02-18;0;0;0;0;0;0;0;0;0;0
FR;4;2021-02-19;0;0;0;0;0;0;0;0;0;0
FR;4;2021-02-20;0;0;0;0;0;0;0;0;0;0
FR;4;2021-02-21;0;0;0;0;0;0;0;0;0;0
FR;4;2021-02-22;0;0;0;0;0;0;0;0;0;0
FR;4;2021-02-23;0;0;0;0;0;0;0;0;0;0
FR;4;2021-02-24;0;0;0;0;0;0;0;0;0;0
FR;4;2021-02-25;0;0;0;0;0;0;0;0;0;0
FR;4;2021-02-26;0;0;0;0;0;0;0;0;0;0
FR;4;2021-02-27;0;0;0;0;0;0;0;0;0;0
FR;4;2021-02-28;0;0;0;0;0;0;0;0;0;0
FR;4;2021-03-01;0;0;0;0;0;0;0;0;0;0
FR;4;2021-03-02;0;0;0;0;0;0;0;0;0;0
FR;4;2021-03-03;0;0;0;0;0;0;0;0;0;0
FR;4;2021-03-04;0;0;0;0;0;0;0;0;0;0
FR;4;2021-03-05;0;0;0;0;0;0;0;0;0;0
FR;4;2021-03-06;0;0;0;0;0;0;0;0;0;0
FR;4;2021-03-07;0;0;0;0;0;0;0;0;0;0
FR;4;2021-03-08;0;0;0;0;0;0;0;0;0;0
FR;4;2021-03-09;0;0;0;0;0;0;0;0;0;0
FR;4;2021-03-10;0;0;0;0;0;0;0;0;0;0
FR;4;2021-03-11;0;0;0;0;0;0;0;0;0;0
FR;4;2021-03-12;0;0;0;0;0;0;0;0;0;0
FR;4;2021-03-13;0;0;0;0;0;0;0;0;0;0
FR;4;2021-03-14;0;0;0;0;0;0;0;0;0;0
FR;4;2021-03-15;0;0;0;0;0;0;0;0;0;0
FR;4;2021-03-16;0;0;0;0;0;0;0;0;0;0
FR;4;2021-03-17;0;0;0;0;0;0;0;0;0;0
FR;4;2021-03-18;0;0;0;0;0;0;0;0;0;0
FR;4;2021-03-19;0;0;0;0;0;0;0;0;0;0
FR;4;2021-03-20;0;0;0;0;0;0;0;0;0;0
FR;4;2021-03-21;0;0;0;0;0;0;0;0;0;0
FR;4;2021-03-22;0;0;0;0;0;0;0;0;0;0
FR;4;2021-03-23;0;0;0;0;0;0;0;0;0;0
FR;4;2021-03-24;0;0;0;0;0;0;0;0;0;0
FR;4;2021-03-25;0;0;0;0;0;0;0;0;0;0
FR;4;2021-03-26;0;0;0;0;0;0;0;0;0;0
FR;4;2021-03-27;0;0;0;0;0;0;0;0;0;0
FR;4;2021-03-28;0;0;0;0;0;0;0;0;0;0
FR;4;2021-03-29;0;0;0;0;0;0;0;0;0;0
FR;4;2021-03-30;0;0;0;0;0;0;0;0;0;0
FR;4;2021-03-31;0;0;0;0;0;0;0;0;0;0
FR;4;2021-04-01;0;0;0;0;0;0;0;0;0;0
FR;4;2021-04-02;0;0;0;0;0;0;0;0;0;0
FR;4;2021-04-03;0;0;0;0;0;0;0;0;0;0
FR;4;2021-04-04;0;0;0;0;0;0;0;0;0;0
FR;4;2021-04-05;0;0;0;0;0;0;0;0;0;0
FR;4;2021-04-06;0;0;0;0;0;0;0;0;0;0
FR;4;2021-04-07;0;0;0;0;0;0;0;0;0;0
FR;4;2021-04-08;0;0;0;0;0;0;0;0;0;0
FR;4;2021-04-09;0;0;0;0;0;0;0;0;0;0
FR;4;2021-04-10;0;0;0;0;0;0;0;0;0;0
FR;4;2021-04-11;0;0;0;0;0;0;0;0;0;0
FR;4;2021-04-12;0;0;0;0;0;0;0;0;0;0
FR;4;2021-04-13;0;0;0;0;0;0;0;0;0;0
FR;4;2021-04-14;0;0;0;0;0;0;0;0;0;0
FR;4;2021-04-15;0;0;0;0;0;0;0;0;0;0
FR;4;2021-04-16;0;0;0;0;0;0;0;0;0;0
FR;4;2021-04-17;0;0;0;0;0;0;0;0;0;0
FR;4;2021-04-18;0;0;0;0;0;0;0;0;0;0
FR;4;2021-04-19;0;0;0;0;0;0;0;0;0;0
FR;4;2021-04-20;0;0;0;0;0;0;0;0;0;0
FR;4;2021-04-21;0;0;0;0;0;0;0;0;0;0
FR;4;2021-04-22;0;0;0;0;0;0;0;0;0;0
FR;4;2021-04-23;3837;0;0;0;0;3837;0;0;0;0
FR;4;2021-04-24;1569;0;0;0;0;5406;0;0;0;0
FR;4;2021-04-25;125;0;0;0;0;5531;0;0;0;0
FR;4;2021-04-26;2869;1;0;0;0;8400;1;0;0;0
FR;4;2021-04-27;9520;3;0;0;0;17920;4;0;0;0
FR;4;2021-04-28;9906;6;0;0;0;27826;10;0;0;0
FR;4;2021-04-29;15991;8;0;0;0;43817;18;0;0;0
FR;4;2021-04-30;19233;10;0;0;0;63050;28;0;0;0
FR;4;2021-05-01;1993;6;0;0;0;65043;34;0;0;0
FR;4;2021-05-02;483;0;0;0;0;65526;34;0;0;0
FR;4;2021-05-03;5064;2;0;0;0;70590;36;0;0;0
FR;4;2021-05-04;8401;11;0;0;0;78991;47;0;0;0
FR;4;2021-05-05;6189;7;0;0;0;85180;54;0;0;0
FR;4;2021-05-06;11385;11;0;0;0;96565;65;0;0;0
FR;4;2021-05-07;19124;9;0;0;0;115689;74;0;0;0
FR;4;2021-05-08;2378;6;0;0;0;118067;80;0;0;0
FR;4;2021-05-09;688;3;0;0;0;118755;83;0;0;0
FR;4;2021-05-10;7243;5;1;0;0;125998;88;1;0;0
FR;4;2021-05-11;14321;12;0;0;0;140319;100;1;0;0
FR;4;2021-05-12;10172;15;0;0;0;150491;115;1;0;0
FR;4;2021-05-13;1583;4;0;0;0;152074;119;1;0;0
FR;4;2021-05-14;7766;7;0;0;0;159840;126;1;0;0
FR;4;2021-05-15;3720;8;1;0;0;163560;134;2;0;0
FR;4;2021-05-16;417;1;0;0;0;163977;135;2;0;0
FR;4;2021-05-17;4478;6;0;0;0;168455;141;2;0;0
FR;4;2021-05-18;8762;10;0;0;0;177217;151;2;0;0
FR;4;2021-05-19;5693;7;0;0;0;182910;158;2;0;0
FR;4;2021-05-20;9483;7;0;0;0;192393;165;2;0;0
FR;4;2021-05-21;12803;30;0;0;0;205196;195;2;0;0
FR;4;2021-05-22;5058;15;0;0;0;210254;210;2;0;0
FR;4;2021-05-23;494;4;0;0;0;210748;214;2;0;0
FR;4;2021-05-24;1058;7;0;0;0;211806;221;2;0;0
FR;4;2021-05-25;7632;16;0;0;0;219438;237;2;0;0
FR;4;2021-05-26;7728;16;0;0;0;227166;253;2;0;0
FR;4;2021-05-27;14333;35;0;0;0;241499;288;2;0;0
FR;4;2021-05-28;26591;82;1;0;0;268090;370;3;0;0
FR;4;2021-05-29;11385;18;0;0;0;279475;388;3;0;0
FR;4;2021-05-30;973;6;0;0;0;280448;394;3;0;0
FR;4;2021-05-31;12693;21;0;0;0;293141;415;3;0;0
FR;4;2021-06-01;20262;47;1;0;0;313403;462;4;0;0
FR;4;2021-06-02;14520;33;0;0;0;327923;495;4;0;0
FR;4;2021-06-03;19427;24;1;0;0;347350;519;5;0;0
FR;4;2021-06-04;22515;47;0;0;0;369865;566;5;0;0
FR;4;2021-06-05;9714;32;0;0;0;379579;598;5;0;0
FR;4;2021-06-06;1039;1;0;0;0;380618;599;5;0;0
FR;4;2021-06-07;9227;19;0;0;0;389845;618;5;0;0
FR;4;2021-06-08;14613;31;0;0;0;404458;649;5;0;0
FR;4;2021-06-09;12206;25;0;0;0;416664;674;5;0;0
FR;4;2021-06-10;15404;30;0;0;0;432068;704;5;0;0
FR;4;2021-06-11;16984;56;0;0;0;449052;760;5;0;0
FR;4;2021-06-12;7449;27;0;0;0;456501;787;5;0;0
FR;4;2021-06-13;907;3;0;0;0;457408;790;5;0;0
FR;4;2021-06-14;6649;26;0;0;0;464057;816;5;0;0
FR;4;2021-06-15;10890;37;0;0;0;474947;853;5;0;0
FR;4;2021-06-16;8908;16;0;0;0;483855;869;5;0;0
FR;4;2021-06-17;10898;37;0;0;0;494753;906;5;0;0
FR;4;2021-06-18;12422;45;0;0;0;507175;951;5;0;0
FR;4;2021-06-19;5567;25;0;0;0;512742;976;5;0;0
FR;4;2021-06-20;824;5;0;0;0;513566;981;5;0;0
FR;4;2021-06-21;5099;20;0;0;0;518665;1001;5;0;0
FR;4;2021-06-22;7911;28;2;0;0;526576;1029;7;0;0
FR;4;2021-06-23;7100;41;2;0;0;533676;1070;9;0;0
FR;4;2021-06-24;8652;46;1;0;0;542328;1116;10;0;0
FR;4;2021-06-25;10171;40;2;0;0;552499;1156;12;0;0
FR;4;2021-06-26;4848;21;0;0;0;557347;1177;12;0;0
FR;4;2021-06-27;764;4;0;0;0;558111;1181;12;0;0
FR;4;2021-06-28;4830;16;1;0;0;562941;1197;13;0;0
FR;4;2021-06-29;7107;28;2;0;0;570048;1225;15;0;0
FR;4;2021-06-30;6721;39;2;0;0;576769;1264;17;0;0
FR;4;2021-07-01;8206;42;0;0;0;584975;1306;17;0;0
FR;4;2021-07-02;9427;53;1;0;0;594402;1359;18;0;0
FR;4;2021-07-03;4846;20;0;0;0;599248;1379;18;0;0
FR;4;2021-07-04;689;5;0;0;0;599937;1384;18;0;0
FR;4;2021-07-05;4772;19;2;0;0;604709;1403;20;0;0
FR;4;2021-07-06;7725;28;4;0;0;612434;1431;24;0;0
FR;4;2021-07-07;7084;34;2;0;0;619518;1465;26;0;0
FR;4;2021-07-08;9231;39;2;0;0;628749;1504;28;0;0
FR;4;2021-07-09;10278;34;1;0;0;639027;1538;29;0;0
FR;4;2021-07-10;4638;14;2;0;0;643665;1552;31;0;0
FR;4;2021-07-11;583;4;1;0;0;644248;1556;32;0;0
FR;4;2021-07-12;5874;29;0;0;0;650122;1585;32;0;0
FR;4;2021-07-13;14232;29;0;0;0;664354;1614;32;0;0
FR;4;2021-07-14;2289;15;0;0;0;666643;1629;32;0;0
FR;4;2021-07-15;18235;36;0;0;0;684878;1665;32;0;0
FR;4;2021-07-16;22835;71;2;0;0;707713;1736;34;0;0
FR;4;2021-07-17;9736;20;0;0;0;717449;1756;34;0;0
FR;4;2021-07-18;1356;4;0;0;0;718805;1760;34;0;0
FR;4;2021-07-19;12989;30;1;0;0;731794;1790;35;0;0
FR;4;2021-07-20;17343;26;1;0;0;749137;1816;36;0;0
FR;4;2021-07-21;15616;33;0;0;0;764753;1849;36;0;0
FR;4;2021-07-22;18244;44;2;0;0;782997;1893;38;0;0
FR;4;2021-07-23;20415;57;7;0;0;803412;1950;45;0;0
FR;4;2021-07-24;9289;32;0;0;0;812701;1982;45;0;0
FR;4;2021-07-25;1354;8;0;0;0;814055;1990;45;0;0
FR;4;2021-07-26;11041;22;0;0;0;825096;2012;45;0;0
FR;4;2021-07-27;14678;35;3;0;0;839774;2047;48;0;0
FR;4;2021-07-28;12930;26;2;0;0;852704;2073;50;0;0
FR;4;2021-07-29;14088;54;4;0;0;866792;2127;54;0;0
FR;4;2021-07-30;15497;46;2;0;0;882289;2173;56;0;0
FR;4;2021-07-31;6840;14;2;0;0;889129;2187;58;0;0
FR;4;2021-08-01;905;1;0;0;0;890034;2188;58;0;0
FR;4;2021-08-02;7916;31;0;0;0;897950;2219;58;0;0
FR;4;2021-08-03;10798;31;2;0;0;908748;2250;60;0;0
FR;4;2021-08-04;9745;29;0;0;0;918493;2279;60;0;0
FR;4;2021-08-05;9823;41;0;0;0;928316;2320;60;0;0
FR;4;2021-08-06;10197;31;3;0;0;938513;2351;63;0;0
FR;4;2021-08-07;5098;30;1;0;0;943611;2381;64;0;0
FR;4;2021-08-08;1219;13;0;0;0;944830;2394;64;0;0
FR;4;2021-08-09;6345;31;0;0;0;951175;2425;64;0;0
FR;4;2021-08-10;8749;18;0;0;0;959924;2443;64;0;0
FR;4;2021-08-11;7942;34;4;0;0;967866;2477;68;0;0
FR;4;2021-08-12;8584;30;1;0;0;976450;2507;69;0;0
FR;4;2021-08-13;7557;25;0;1;0;984007;2532;69;1;0
FR;4;2021-08-14;3791;20;0;0;0;987798;2552;69;1;0
FR;4;2021-08-15;771;5;0;0;0;988569;2557;69;1;0
FR;4;2021-08-16;4008;17;0;0;0;992577;2574;69;1;0
FR;4;2021-08-17;5628;17;1;0;0;998205;2591;70;1;0
FR;4;2021-08-18;5166;37;0;0;0;1003371;2628;70;1;0
FR;4;2021-08-19;5486;33;3;0;0;1008857;2661;73;1;0
FR;4;2021-08-20;5222;25;1;0;0;1014079;2686;74;1;0
FR;4;2021-08-21;2310;21;1;0;0;1016389;2707;75;1;0
FR;4;2021-08-22;414;2;0;0;0;1016803;2709;75;1;0
FR;4;2021-08-23;2932;19;1;0;0;1019735;2728;76;1;0
FR;4;2021-08-24;3757;15;0;0;0;1023492;2743;76;1;0
FR;4;2021-08-25;3542;25;1;0;0;1027034;2768;77;1;0
FR;4;2021-08-26;3713;21;2;0;0;1030747;2789;79;1;0
FR;4;2021-08-27;3617;31;2;0;0;1034364;2820;81;1;0
FR;4;2021-08-28;1725;10;1;0;0;1036089;2830;82;1;0
FR;4;2021-08-29;384;7;1;0;0;1036473;2837;83;1;0
FR;4;2021-08-30;2009;25;0;0;15;1038482;2862;83;1;15
FR;4;2021-08-31;2485;21;0;0;14;1040967;2883;83;1;29
FR;4;2021-09-01;2083;38;1;0;21;1043050;2921;84;1;50
FR;4;2021-09-02;2305;31;4;0;18;1045355;2952;88;1;68
FR;4;2021-09-03;2362;44;5;0;36;1047717;2996;93;1;104
FR;4;2021-09-04;1373;17;0;0;8;1049090;3013;93;1;112
FR;4;2021-09-05;433;2;0;0;2;1049523;3015;93;1;114
FR;4;2021-09-06;1712;61;0;0;22;1051235;3076;93;1;136
FR;4;2021-09-07;1678;18;0;0;8;1052913;3094;93;1;144
FR;4;2021-09-08;1285;26;3;0;19;1054198;3120;96;1;163
FR;4;2021-09-09;1388;23;2;0;9;1055586;3143;98;1;172
FR;4;2021-09-10;1521;31;2;0;23;1057107;3174;100;1;195
FR;4;2021-09-11;744;11;0;0;3;1057851;3185;100;1;198
FR;4;2021-09-12;169;4;0;0;3;1058020;3189;100;1;201
FR;4;2021-09-13;1321;22;1;0;16;1059341;3211;101;1;217
FR;4;2021-09-14;1502;9;2;0;6;1060843;3220;103;1;223
FR;4;2021-09-15;1095;27;1;0;24;1061938;3247;104;1;247
FR;4;2021-09-16;1104;22;2;0;15;1063042;3269;106;1;262
FR;4;2021-09-17;896;21;1;0;12;1063938;3290;107;1;274
FR;4;2021-09-18;464;6;1;0;5;1064402;3296;108;1;279
FR;4;2021-09-19;182;3;0;0;2;1064584;3299;108;1;281
FR;4;2021-09-20;453;19;0;0;13;1065037;3318;108;1;294
FR;4;2021-09-21;432;11;0;0;7;1065469;3329;108;1;301
FR;4;2021-09-22;374;19;2;0;13;1065843;3348;110;1;314
FR;4;2021-09-23;483;16;1;0;15;1066326;3364;111;1;329
FR;4;2021-09-24;412;13;2;0;9;1066738;3377;113;1;338
FR;4;2021-09-25;280;10;1;0;5;1067018;3387;114;1;343
FR;4;2021-09-26;74;2;0;0;1;1067092;3389;114;1;344
FR;4;2021-09-27;263;10;1;0;8;1067355;3399;115;1;352
FR;4;2021-09-28;318;8;0;0;8;1067673;3407;115;1;360
FR;4;2021-09-29;375;19;1;0;13;1068048;3426;116;1;373
FR;4;2021-09-30;364;40;0;0;21;1068412;3466;116;1;394
FR;4;2021-10-01;411;56;0;0;50;1068823;3522;116;1;444
FR;4;2021-10-02;196;22;1;0;13;1069019;3544;117;1;457
FR;4;2021-10-03;85;1;0;0;0;1069104;3545;117;1;457
FR;4;2021-10-04;359;20;1;0;16;1069463;3565;118;1;473
FR;4;2021-10-05;286;19;2;0;15;1069749;3584;120;1;488
FR;4;2021-10-06;247;23;1;0;18;1069996;3607;121;1;506
FR;4;2021-10-07;265;25;2;0;13;1070261;3632;123;1;519
FR;4;2021-10-08;356;24;2;0;20;1070617;3656;125;1;539
FR;4;2021-10-09;194;6;6;0;7;1070811;3662;131;1;546
FR;4;2021-10-10;97;3;2;0;3;1070908;3665;133;1;549
FR;4;2021-10-11;249;15;1;0;14;1071157;3680;134;1;563
FR;4;2021-10-12;208;14;0;0;13;1071365;3694;134;1;576
FR;4;2021-10-13;219;28;1;0;25;1071584;3722;135;1;601
FR;4;2021-10-14;312;21;4;0;15;1071896;3743;139;1;616
FR;4;2021-10-15;322;24;5;0;25;1072218;3767;144;1;641
FR;4;2021-10-16;166;6;2;0;6;1072384;3773;146;1;647
FR;4;2021-10-17;70;2;0;0;1;1072454;3775;146;1;648
FR;4;2021-10-18;281;15;1;0;12;1072735;3790;147;1;660
FR;4;2021-10-19;214;14;2;0;15;1072949;3804;149;1;675
FR;4;2021-10-20;230;27;4;0;15;1073179;3831;153;1;690
FR;4;2021-10-21;242;17;0;0;13;1073421;3848;153;1;703
FR;4;2021-10-22;217;25;2;0;20;1073638;3873;155;1;723
FR;4;2021-10-23;116;16;1;0;15;1073754;3889;156;1;738
FR;4;2021-10-24;38;4;0;0;1;1073792;3893;156;1;739
FR;4;2021-10-25;214;7;2;0;9;1074006;3900;158;1;748
FR;4;2021-10-26;200;14;0;0;12;1074206;3914;158;1;760
FR;4;2021-10-27;196;11;4;0;11;1074402;3925;162;1;771
FR;4;2021-10-28;184;18;4;0;21;1074586;3943;166;1;792
FR;4;2021-10-29;224;15;2;0;13;1074810;3958;168;1;805
FR;4;2021-10-30;102;2;1;0;2;1074912;3960;169;1;807
FR;4;2021-10-31;57;3;2;0;3;1074969;3963;171;1;810
FR;4;2021-11-01;75;27;4;0;24;1075044;3990;175;1;834
FR;4;2021-11-02;160;20;2;0;21;1075204;4010;177;1;855
FR;4;2021-11-03;129;20;8;1;18;1075333;4030;185;2;873
FR;4;2021-11-04;183;15;1;0;12;1075516;4045;186;2;885
FR;4;2021-11-05;130;17;1;0;16;1075646;4062;187;2;901
FR;4;2021-11-06;80;6;1;0;6;1075726;4068;188;2;907
FR;4;2021-11-07;81;2;2;0;4;1075807;4070;190;2;911
FR;4;2021-11-08;159;20;1;0;20;1075966;4090;191;2;931
FR;4;2021-11-09;156;14;3;0;16;1076122;4104;194;2;947
FR;4;2021-11-10;119;30;6;0;32;1076241;4134;200;2;979
FR;4;2021-11-11;98;10;1;0;11;1076339;4144;201;2;990
FR;4;2021-11-12;104;19;2;0;18;1076443;4163;203;2;1008
FR;4;2021-11-13;74;15;2;0;14;1076517;4178;205;2;1022
FR;4;2021-11-14;54;5;4;0;8;1076571;4183;209;2;1030
FR;4;2021-11-15;99;26;2;0;24;1076670;4209;211;2;1054
FR;4;2021-11-16;105;13;2;0;15;1076775;4222;213;2;1069
FR;4;2021-11-17;119;30;4;0;30;1076894;4252;217;2;1099
FR;4;2021-11-18;100;34;13;0;42;1076994;4286;230;2;1141
FR;4;2021-11-19;87;21;3;0;22;1077081;4307;233;2;1163
FR;4;2021-11-20;77;8;1;0;8;1077158;4315;234;2;1171
FR;4;2021-11-21;67;7;2;0;9;1077225;4322;236;2;1180
FR;4;2021-11-22;106;28;9;0;33;1077331;4350;245;2;1213
FR;4;2021-11-23;76;31;5;0;28;1077407;4381;250;2;1241
FR;4;2021-11-24;88;23;11;0;24;1077495;4404;261;2;1265
FR;4;2021-11-25;93;28;16;0;32;1077588;4432;277;2;1297
FR;4;2021-11-26;84;43;12;0;45;1077672;4475;289;2;1342
FR;4;2021-11-27;41;22;15;0;25;1077713;4497;304;2;1367
FR;4;2021-11-28;50;8;0;0;7;1077763;4505;304;2;1374
FR;4;2021-11-29;89;31;16;0;40;1077852;4536;320;2;1414
FR;4;2021-11-30;74;37;12;0;41;1077926;4573;332;2;1455
FR;4;2021-12-01;88;60;19;0;67;1078014;4633;351;2;1522
FR;4;2021-12-02;105;48;19;0;53;1078119;4681;370;2;1575
FR;4;2021-12-03;100;36;15;0;44;1078219;4717;385;2;1619
FR;4;2021-12-04;72;31;18;0;44;1078291;4748;403;2;1663
FR;4;2021-12-05;62;6;1;0;7;1078353;4754;404;2;1670
FR;4;2021-12-06;107;46;19;0;59;1078460;4800;423;2;1729
FR;4;2021-12-07;81;37;9;0;36;1078541;4837;432;2;1765
FR;4;2021-12-08;70;31;16;0;37;1078611;4868;448;2;1802
FR;4;2021-12-09;62;32;10;0;38;1078673;4900;458;2;1840
FR;4;2021-12-10;63;64;20;0;68;1078736;4964;478;2;1908
FR;4;2021-12-11;28;34;7;0;34;1078764;4998;485;2;1942
FR;4;2021-12-12;24;10;3;0;13;1078788;5008;488;2;1955
FR;4;2021-12-13;72;40;14;0;49;1078860;5048;502;2;2004
FR;4;2021-12-14;59;43;17;0;54;1078919;5091;519;2;2058
FR;4;2021-12-15;66;64;28;0;84;1078985;5155;547;2;2142
FR;4;2021-12-16;33;44;19;0;57;1079018;5199;566;2;2199
FR;4;2021-12-17;40;55;12;0;60;1079058;5254;578;2;2259
FR;4;2021-12-18;48;30;2;0;31;1079106;5284;580;2;2290
FR;4;2021-12-19;15;4;1;0;4;1079121;5288;581;2;2294
FR;4;2021-12-20;42;38;10;0;41;1079163;5326;591;2;2335
FR;4;2021-12-21;29;31;16;0;38;1079192;5357;607;2;2373
FR;4;2021-12-22;37;37;10;0;38;1079229;5394;617;2;2411
FR;4;2021-12-23;39;45;8;0;49;1079268;5439;625;2;2460
FR;4;2021-12-24;23;26;10;0;30;1079291;5465;635;2;2490
FR;4;2021-12-25;6;3;3;0;4;1079297;5468;638;2;2494
FR;4;2021-12-26;5;3;1;0;2;1079302;5471;639;2;2496
FR;4;2021-12-27;31;41;9;0;43;1079333;5512;648;2;2539
FR;4;2021-12-28;25;28;7;0;29;1079358;5540;655;2;2568
FR;4;2021-12-29;50;25;11;0;30;1079408;5565;666;2;2598
FR;4;2021-12-30;43;19;12;0;22;1079451;5584;678;2;2620
FR;4;2021-12-31;18;6;8;0;11;1079469;5590;686;2;2631
FR;4;2022-01-01;5;4;4;0;6;1079474;5594;690;2;2637
FR;4;2022-01-02;40;5;16;0;20;1079514;5599;706;2;2657
FR;4;2022-01-03;41;55;22;1;62;1079555;5654;728;3;2719
FR;4;2022-01-04;36;28;14;0;32;1079591;5682;742;3;2751
FR;4;2022-01-05;50;22;19;0;25;1079641;5704;761;3;2776
FR;4;2022-01-06;48;22;24;0;38;1079689;5726;785;3;2814
FR;4;2022-01-07;29;20;15;0;20;1079718;5746;800;3;2834
FR;4;2022-01-08;10;6;10;0;12;1079728;5752;810;3;2846
FR;4;2022-01-09;18;2;3;0;4;1079746;5754;813;3;2850
FR;4;2022-01-10;45;22;19;0;36;1079791;5776;832;3;2886
FR;4;2022-01-11;27;31;12;0;35;1079818;5807;844;3;2921
FR;4;2022-01-12;33;21;13;0;23;1079851;5828;857;3;2944
FR;4;2022-01-13;53;20;27;0;38;1079904;5848;884;3;2982
FR;4;2022-01-14;23;29;13;0;32;1079927;5877;897;3;3014
FR;4;2022-01-15;13;6;8;0;12;1079940;5883;905;3;3026
FR;4;2022-01-16;11;9;12;0;20;1079951;5892;917;3;3046
FR;4;2022-01-17;26;19;12;0;25;1079977;5911;929;3;3071
FR;4;2022-01-18;16;13;8;0;18;1079993;5924;937;3;3089
FR;4;2022-01-19;30;23;11;0;32;1080023;5947;948;3;3121
FR;4;2022-01-20;31;34;12;0;38;1080054;5981;960;3;3159
FR;4;2022-01-21;10;12;19;1;16;1080064;5993;979;4;3175
FR;4;2022-01-22;30;13;2;0;13;1080094;6006;981;4;3188
FR;4;2022-01-23;7;2;4;0;6;1080101;6008;985;4;3194
FR;4;2022-01-24;14;21;8;0;27;1080115;6029;993;4;3221
FR;4;2022-01-25;20;32;9;1;37;1080135;6061;1002;5;3258
FR;4;2022-01-26;19;16;8;1;19;1080154;6077;1010;6;3277
FR;4;2022-01-27;20;18;8;0;24;1080174;6095;1018;6;3301
FR;4;2022-01-28;13;23;8;0;26;1080187;6118;1026;6;3327
FR;4;2022-01-29;17;6;5;0;10;1080204;6124;1031;6;3337
FR;4;2022-01-30;18;3;1;0;4;1080222;6127;1032;6;3341
FR;4;2022-01-31;22;27;8;0;31;1080244;6154;1040;6;3372
FR;4;2022-02-01;11;22;12;0;23;1080255;6176;1052;6;3395
FR;4;2022-02-02;17;11;12;2;18;1080272;6187;1064;8;3413
FR;4;2022-02-03;14;23;10;0;27;1080286;6210;1074;8;3440
FR;4;2022-02-04;7;5;7;0;9;1080293;6215;1081;8;3449
FR;4;2022-02-05;7;14;1;0;13;1080300;6229;1082;8;3462
FR;4;2022-02-06;6;4;3;0;6;1080306;6233;1085;8;3468
FR;4;2022-02-07;15;19;7;0;19;1080321;6252;1092;8;3487
FR;4;2022-02-08;19;21;13;1;22;1080340;6273;1105;9;3509
FR;4;2022-02-09;16;11;8;0;15;1080356;6284;1113;9;3524
FR;4;2022-02-10;21;23;9;0;24;1080377;6307;1122;9;3548
FR;4;2022-02-11;18;15;8;0;20;1080395;6322;1130;9;3568
FR;4;2022-02-12;24;6;2;0;6;1080419;6328;1132;9;3574
FR;4;2022-02-13;7;3;3;0;6;1080426;6331;1135;9;3580
FR;4;2022-02-14;20;10;9;0;15;1080446;6341;1144;9;3595
FR;4;2022-02-15;17;7;1;0;7;1080463;6348;1145;9;3602
FR;4;2022-02-16;16;9;10;0;15;1080479;6357;1155;9;3617
FR;4;2022-02-17;11;4;4;0;6;1080490;6361;1159;9;3623
FR;4;2022-02-18;16;15;7;0;20;1080506;6376;1166;9;3643
FR;4;2022-02-19;16;4;2;0;5;1080522;6380;1168;9;3648
FR;4;2022-02-20;7;3;0;0;2;1080529;6383;1168;9;3650
FR;4;2022-02-21;23;3;4;0;5;1080552;6386;1172;9;3655
FR;4;2022-02-22;8;5;10;0;10;1080560;6391;1182;9;3665
FR;4;2022-02-23;16;6;10;0;10;1080576;6397;1192;9;3675
FR;4;2022-02-24;11;5;3;0;6;1080587;6402;1195;9;3681
FR;4;2022-02-25;15;5;7;0;6;1080602;6407;1202;9;3687
FR;4;2022-02-26;26;3;0;0;3;1080628;6410;1202;9;3690
FR;4;2022-02-27;9;0;1;0;1;1080637;6410;1203;9;3691
FR;4;2022-02-28;18;3;2;0;3;1080655;6413;1205;9;3694
FR;4;2022-03-01;7;4;7;0;5;1080662;6417;1212;9;3699
FR;4;2022-03-02;14;3;4;0;6;1080676;6420;1216;9;3705
FR;4;2022-03-03;17;5;3;0;6;1080693;6425;1219;9;3711
FR;4;2022-03-04;7;7;2;1;5;1080700;6432;1221;10;3716
FR;4;2022-03-05;9;2;0;0;2;1080709;6434;1221;10;3718
FR;4;2022-03-06;4;0;1;0;1;1080713;6434;1222;10;3719
FR;4;2022-03-07;10;4;2;0;3;1080723;6438;1224;10;3722
FR;4;2022-03-08;13;3;0;0;3;1080736;6441;1224;10;3725
FR;4;2022-03-09;8;7;2;0;7;1080744;6448;1226;10;3732
FR;4;2022-03-10;5;1;5;0;2;1080749;6449;1231;10;3734
FR;4;2022-03-11;9;4;5;0;2;1080758;6453;1236;10;3736
FR;4;2022-03-12;9;2;0;0;0;1080767;6455;1236;10;3736
FR;4;2022-03-13;5;1;1;0;2;1080772;6456;1237;10;3738
FR;4;2022-03-14;4;1;1;0;2;1080776;6457;1238;10;3740
FR;4;2022-03-15;7;6;3;0;5;1080783;6463;1241;10;3745
FR;4;2022-03-16;7;3;3;0;3;1080790;6466;1244;10;3748
FR;4;2022-03-17;3;4;1;0;5;1080793;6470;1245;10;3753
FR;4;2022-03-18;9;3;0;0;3;1080802;6473;1245;10;3756
FR;4;2022-03-19;1;1;1;0;2;1080803;6474;1246;10;3758
FR;4;2022-03-20;2;0;2;0;1;1080805;6474;1248;10;3759
FR;4;2022-03-21;6;3;1;0;4;1080811;6477;1249;10;3763
FR;4;2022-03-22;3;2;2;0;3;1080814;6479;1251;10;3766
FR;4;2022-03-23;6;4;4;0;7;1080820;6483;1255;10;3773
FR;4;2022-03-24;2;5;3;1;7;1080822;6488;1258;11;3780
FR;4;2022-03-25;3;1;2;0;1;1080825;6489;1260;11;3781
FR;4;2022-03-26;5;5;0;0;5;1080830;6494;1260;11;3786
FR;4;2022-03-27;1;0;3;0;2;1080831;6494;1263;11;3788
FR;4;2022-03-28;5;1;3;0;3;1080836;6495;1266;11;3791
FR;4;2022-03-29;8;0;4;1;0;1080844;6495;1270;12;3791
FR;4;2022-03-30;3;4;0;0;4;1080847;6499;1270;12;3795
FR;4;2022-03-31;2;3;1;1;3;1080849;6502;1271;13;3798
FR;4;2022-04-01;14;2;5;0;5;1080863;6504;1276;13;3803
FR;4;2022-04-02;4;4;0;0;3;1080867;6508;1276;13;3806
FR;4;2022-04-03;0;0;0;0;0;1080867;6508;1276;13;3806
FR;4;2022-04-04;4;4;4;0;5;1080871;6512;1280;13;3811
FR;4;2022-04-05;4;3;1;1;2;1080875;6515;1281;14;3813
FR;4;2022-04-06;6;0;0;0;0;1080881;6515;1281;14;3813
FR;4;2022-04-07;3;2;3;2;5;1080884;6517;1284;16;3818
FR;4;2022-04-08;4;1;1;0;1;1080888;6518;1285;16;3819
FR;4;2022-04-09;0;0;1;1;1;1080888;6518;1286;17;3820
FR;4;2022-04-10;1;2;0;0;2;1080889;6520;1286;17;3822
FR;4;2022-04-11;4;3;4;0;5;1080893;6523;1290;17;3827
FR;4;2022-04-12;3;1;4;0;2;1080896;6524;1294;17;3829
FR;4;2022-04-13;5;7;2;0;9;1080901;6531;1296;17;3838
FR;4;2022-04-14;6;4;2;1;5;1080907;6535;1298;18;3843
FR;4;2022-04-15;5;8;1;0;9;1080912;6543;1299;18;3852
FR;4;2022-04-16;1;0;0;0;0;1080913;6543;1299;18;3852
FR;4;2022-04-17;2;1;0;0;1;1080915;6544;1299;18;3853
FR;4;2022-04-18;2;2;6;0;4;1080917;6546;1305;18;3857
FR;4;2022-04-19;2;0;1;0;0;1080919;6546;1306;18;3857
FR;4;2022-04-20;14;4;1;0;3;1080933;6550;1307;18;3860
FR;4;2022-04-21;7;1;0;0;1;1080940;6551;1307;18;3861
FR;4;2022-04-22;1;1;2;0;2;1080941;6552;1309;18;3863
FR;4;2022-04-23;2;3;3;0;6;1080943;6555;1312;18;3869
FR;4;2022-04-24;0;2;0;0;2;1080943;6557;1312;18;3871
FR;4;2022-04-25;3;4;3;0;7;1080946;6561;1315;18;3878
FR;4;2022-04-26;5;6;1;0;6;1080951;6567;1316;18;3884
FR;4;2022-04-27;4;1;1;1;1;1080955;6568;1317;19;3885
FR;4;2022-04-28;3;5;5;0;6;1080958;6573;1322;19;3891
FR;4;2022-04-29;6;3;0;0;2;1080964;6576;1322;19;3893
FR;4;2022-04-30;2;1;1;0;2;1080966;6577;1323;19;3895
FR;4;2022-05-01;0;0;0;0;0;1080966;6577;1323;19;3895
FR;4;2022-05-02;5;16;6;0;19;1080971;6593;1329;19;3914
FR;4;2022-05-03;2;6;2;0;7;1080973;6599;1331;19;3921
FR;4;2022-05-04;7;4;1;0;4;1080980;6603;1332;19;3925
FR;4;2022-05-05;2;2;1;1;1;1080982;6605;1333;20;3926
FR;4;2022-05-06;5;3;1;0;2;1080987;6608;1334;20;3928
FR;4;2022-05-07;0;0;0;0;0;1080987;6608;1334;20;3928
FR;4;2022-05-08;1;1;0;0;1;1080988;6609;1334;20;3929
FR;4;2022-05-09;5;1;0;0;1;1080993;6610;1334;20;3930
FR;4;2022-05-10;1;1;0;2;3;1080994;6611;1334;22;3933
FR;4;2022-05-11;3;2;3;0;5;1080997;6613;1337;22;3938
FR;4;2022-05-12;6;3;1;1;4;1081003;6616;1338;23;3942
FR;4;2022-05-13;1;0;2;0;2;1081004;6616;1340;23;3944
FR;4;2022-05-14;0;2;0;0;2;1081004;6618;1340;23;3946
FR;4;2022-05-15;2;2;0;0;0;1081006;6620;1340;23;3946
FR;4;2022-05-16;5;2;2;0;2;1081011;6622;1342;23;3948
FR;4;2022-05-17;5;1;2;0;3;1081016;6623;1344;23;3951
FR;4;2022-05-18;3;6;0;0;6;1081019;6629;1344;23;3957
FR;4;2022-05-19;2;2;3;0;4;1081021;6631;1347;23;3961
FR;4;2022-05-20;4;2;3;0;2;1081025;6633;1350;23;3963
FR;4;2022-05-21;2;0;1;0;1;1081027;6633;1351;23;3964
FR;4;2022-05-22;0;0;1;0;1;1081027;6633;1352;23;3965
FR;4;2022-05-23;0;0;2;0;0;1081027;6633;1354;23;3965
FR;4;2022-05-24;1;4;0;0;4;1081028;6637;1354;23;3969
FR;4;2022-05-25;1;3;0;0;1;1081029;6640;1354;23;3970
FR;4;2022-05-26;4;0;1;0;1;1081033;6640;1355;23;3971
FR;4;2022-05-27;0;2;0;1;2;1081033;6642;1355;24;3973
FR;4;2022-05-28;1;0;0;0;0;1081034;6642;1355;24;3973
FR;4;2022-05-29;1;0;1;0;1;1081035;6642;1356;24;3974
FR;4;2022-05-30;2;4;2;0;5;1081037;6646;1358;24;3979
FR;4;2022-05-31;2;1;0;0;1;1081039;6647;1358;24;3980
FR;4;2022-06-01;1;11;7;0;15;1081040;6658;1365;24;3995
FR;4;2022-06-02;5;6;2;0;6;1081045;6664;1367;24;4001
FR;4;2022-06-03;2;5;4;1;6;1081047;6669;1371;25;4007
FR;4;2022-06-04;0;1;1;0;1;1081047;6670;1372;25;4008
FR;4;2022-06-05;0;0;0;0;0;1081047;6670;1372;25;4008
FR;4;2022-06-06;6;0;3;0;2;1081053;6670;1375;25;4010
FR;4;2022-06-07;5;1;0;1;1;1081058;6671;1375;26;4011
FR;4;2022-06-08;0;3;3;0;6;1081058;6674;1378;26;4017
FR;4;2022-06-09;1;2;0;0;1;1081059;6676;1378;26;4018
FR;4;2022-06-10;3;0;3;0;1;1081062;6676;1381;26;4019
FR;4;2022-06-11;1;0;0;0;0;1081063;6676;1381;26;4019
FR;4;2022-06-12;4;0;0;0;0;1081067;6676;1381;26;4019
FR;4;2022-06-13;4;2;3;0;2;1081071;6678;1384;26;4021
FR;4;2022-06-14;4;2;0;0;2;1081075;6680;1384;26;4023
FR;4;2022-06-15;8;0;4;0;0;1081083;6680;1388;26;4023
FR;4;2022-06-16;1;3;1;1;2;1081084;6683;1389;27;4025
FR;4;2022-06-17;6;1;0;0;1;1081090;6684;1389;27;4026
FR;4;2022-06-18;0;0;0;0;0;1081090;6684;1389;27;4026
FR;4;2022-06-19;0;0;0;0;0;1081090;6684;1389;27;4026
FR;4;2022-06-20;4;2;2;1;3;1081094;6686;1391;28;4029
FR;4;2022-06-21;5;2;3;1;3;1081099;6688;1394;29;4032
FR;4;2022-06-22;3;1;0;3;1;1081102;6689;1394;32;4033
FR;4;2022-06-23;3;3;3;0;5;1081105;6692;1397;32;4038
FR;4;2022-06-24;3;0;2;0;0;1081108;6692;1399;32;4038
FR;4;2022-06-25;1;0;1;1;1;1081109;6692;1400;33;4039
FR;4;2022-06-26;0;0;1;0;1;1081109;6692;1401;33;4040
FR;4;2022-06-27;1;2;0;3;2;1081110;6694;1401;36;4042
FR;4;2022-06-28;0;4;2;1;5;1081110;6698;1403;37;4047
FR;4;2022-06-29;1;2;0;0;2;1081111;6700;1403;37;4049
FR;4;2022-06-30;2;0;0;0;0;1081113;6700;1403;37;4049
FR;4;2022-07-01;2;4;8;0;4;1081115;6704;1411;37;4053
FR;4;2022-07-02;0;1;0;0;0;1081115;6705;1411;37;4053
FR;4;2022-07-03;0;0;0;0;0;1081115;6705;1411;37;4053
FR;4;2022-07-04;3;1;0;0;1;1081118;6706;1411;37;4054
FR;4;2022-07-05;2;0;2;0;2;1081120;6706;1413;37;4056
FR;4;2022-07-06;5;0;1;1;0;1081125;6706;1414;38;4056
FR;4;2022-07-07;1;0;2;1;0;1081126;6706;1416;39;4056
FR;4;2022-07-08;3;1;0;0;1;1081129;6707;1416;39;4057
FR;4;2022-07-09;2;2;1;0;3;1081131;6709;1417;39;4060
FR;4;2022-07-10;2;0;1;0;0;1081133;6709;1418;39;4060
FR;4;2022-07-11;2;0;2;0;0;1081135;6709;1420;39;4060
FR;4;2022-07-12;0;0;2;0;2;1081135;6709;1422;39;4062
FR;4;2022-07-13;2;2;3;0;2;1081137;6711;1425;39;4064
FR;4;2022-07-14;4;0;1;0;0;1081141;6711;1426;39;4064
FR;4;2022-07-15;8;2;0;0;2;1081149;6713;1426;39;4066
FR;4;2022-07-16;4;0;0;2;0;1081153;6713;1426;41;4066
FR;4;2022-07-17;0;0;0;0;0;1081153;6713;1426;41;4066
FR;4;2022-07-18;2;2;2;0;2;1081155;6715;1428;41;4068
FR;4;2022-07-19;4;0;1;0;1;1081159;6715;1429;41;4069
FR;4;2022-07-20;10;0;0;0;0;1081169;6715;1429;41;4069
FR;4;2022-07-21;2;1;1;0;1;1081171;6716;1430;41;4070
FR;4;2022-07-22;3;0;3;0;1;1081174;6716;1433;41;4071
FR;4;2022-07-23;1;2;0;0;1;1081175;6718;1433;41;4072
FR;4;2022-07-24;0;0;0;0;0;1081175;6718;1433;41;4072
FR;4;2022-07-25;5;0;2;0;2;1081180;6718;1435;41;4074
FR;4;2022-07-26;2;0;0;0;0;1081182;6718;1435;41;4074
FR;4;2022-07-27;2;1;0;0;0;1081184;6719;1435;41;4074
FR;4;2022-07-28;6;0;0;0;0;1081190;6719;1435;41;4074
FR;4;2022-07-29;3;0;1;0;0;1081193;6719;1436;41;4074
FR;4;2022-07-30;3;0;2;0;0;1081196;6719;1438;41;4074
FR;4;2022-07-31;0;0;0;0;0;1081196;6719;1438;41;4074
FR;4;2022-08-01;1;0;2;0;1;1081197;6719;1440;41;4075
FR;4;2022-08-02;6;0;0;0;0;1081203;6719;1440;41;4075
FR;4;2022-08-03;0;2;1;0;2;1081203;6721;1441;41;4077
FR;4;2022-08-04;3;2;0;0;2;1081206;6723;1441;41;4079
FR;4;2022-08-05;2;0;1;0;0;1081208;6723;1442;41;4079
FR;4;2022-08-06;2;0;0;0;0;1081210;6723;1442;41;4079
FR;4;2022-08-07;3;0;0;0;0;1081213;6723;1442;41;4079
FR;4;2022-08-08;1;0;1;1;1;1081214;6723;1443;42;4080
FR;4;2022-08-09;1;1;1;2;2;1081215;6724;1444;44;4082
FR;4;2022-08-10;5;1;1;0;1;1081220;6725;1445;44;4083
FR;4;2022-08-11;2;0;1;0;1;1081222;6725;1446;44;4084
FR;4;2022-08-12;4;0;1;0;0;1081226;6725;1447;44;4084
FR;4;2022-08-13;1;0;0;0;0;1081227;6725;1447;44;4084
FR;4;2022-08-14;0;0;0;0;0;1081227;6725;1447;44;4084
FR;4;2022-08-15;0;1;3;0;1;1081227;6726;1450;44;4085
FR;4;2022-08-16;0;0;1;0;1;1081227;6726;1451;44;4086
FR;4;2022-08-17;1;0;0;0;0;1081228;6726;1451;44;4086
FR;4;2022-08-18;0;0;0;0;0;1081228;6726;1451;44;4086
FR;4;2022-08-19;5;0;0;0;0;1081233;6726;1451;44;4086
FR;4;2022-08-20;1;0;0;0;0;1081234;6726;1451;44;4086
FR;4;2022-08-21;1;0;0;0;0;1081235;6726;1451;44;4086
FR;4;2022-08-22;3;9;0;0;9;1081238;6735;1451;44;4095
FR;4;2022-08-23;1;0;1;0;0;1081239;6735;1452;44;4095
FR;4;2022-08-24;3;0;0;0;0;1081242;6735;1452;44;4095
FR;4;2022-08-25;0;3;1;0;3;1081242;6738;1453;44;4098
FR;4;2022-08-26;1;0;0;1;0;1081243;6738;1453;45;4098
FR;4;2022-08-27;1;0;0;0;0;1081244;6738;1453;45;4098
FR;4;2022-08-28;0;0;0;0;0;1081244;6738;1453;45;4098
FR;4;2022-08-29;2;0;0;0;0;1081246;6738;1453;45;4098
FR;4;2022-08-30;3;0;0;0;0;1081249;6738;1453;45;4098
FR;4;2022-08-31;0;1;0;0;1;1081249;6739;1453;45;4099
FR;4;2022-09-01;1;5;2;0;4;1081250;6744;1455;45;4103
FR;4;2022-09-02;1;1;1;0;2;1081251;6745;1456;45;4105
FR;4;2022-09-03;2;0;0;0;0;1081253;6745;1456;45;4105
FR;4;2022-09-04;0;0;0;0;0;1081253;6745;1456;45;4105
FR;4;2022-09-05;2;2;0;0;2;1081255;6747;1456;45;4107
FR;4;2022-09-06;0;0;0;0;0;1081255;6747;1456;45;4107
FR;4;2022-09-07;0;0;1;1;1;1081255;6747;1457;46;4108
FR;4;2022-09-08;3;0;0;0;0;1081258;6747;1457;46;4108
FR;4;2022-09-09;1;0;0;0;0;1081259;6747;1457;46;4108
FR;4;2022-09-10;0;0;0;3;1;1081259;6747;1457;49;4109
FR;4;2022-09-11;2;0;0;0;0;1081261;6747;1457;49;4109
FR;4;2022-09-12;0;1;0;0;1;1081261;6748;1457;49;4110
FR;4;2022-09-13;0;0;0;0;0;1081261;6748;1457;49;4110
FR;4;2022-09-14;0;0;0;0;0;1081261;6748;1457;49;4110
FR;4;2022-09-15;0;0;0;0;0;1081261;6748;1457;49;4110
FR;4;2022-09-16;0;0;0;0;0;1081261;6748;1457;49;4110
FR;4;2022-09-17;2;0;0;0;0;1081263;6748;1457;49;4110
FR;4;2022-09-18;0;0;0;0;0;1081263;6748;1457;49;4110
FR;4;2022-09-19;1;0;0;0;0;1081264;6748;1457;49;4110
FR;4;2022-09-20;0;0;0;0;0;1081264;6748;1457;49;4110
FR;4;2022-09-21;2;0;0;0;0;1081266;6748;1457;49;4110
FR;4;2022-09-22;1;0;0;0;0;1081267;6748;1457;49;4110
FR;4;2022-09-23;1;1;0;0;0;1081268;6749;1457;49;4110
FR;4;2022-09-24;0;0;0;0;0;1081268;6749;1457;49;4110
FR;4;2022-09-25;0;0;0;0;0;1081268;6749;1457;49;4110
FR;4;2022-09-26;0;0;0;0;0;1081268;6749;1457;49;4110
FR;4;2022-09-27;0;0;0;1;0;1081268;6749;1457;50;4110
FR;4;2022-09-28;2;0;0;0;0;1081270;6749;1457;50;4110
FR;5;2020-12-27;0;0;0;0;0;0;0;0;0;0
FR;5;2020-12-28;0;0;0;0;0;0;0;0;0;0
FR;5;2020-12-29;0;0;0;0;0;0;0;0;0;0
FR;5;2020-12-30;0;0;0;0;0;0;0;0;0;0
FR;5;2020-12-31;0;0;0;0;0;0;0;0;0;0
FR;5;2021-01-01;0;0;0;0;0;0;0;0;0;0
FR;5;2021-01-02;0;0;0;0;0;0;0;0;0;0
FR;5;2021-01-03;0;0;0;0;0;0;0;0;0;0
FR;5;2021-01-04;0;0;0;0;0;0;0;0;0;0
FR;5;2021-01-05;0;0;0;0;0;0;0;0;0;0
FR;5;2021-01-06;0;0;0;0;0;0;0;0;0;0
FR;5;2021-01-07;0;0;0;0;0;0;0;0;0;0
FR;5;2021-01-08;0;0;0;0;0;0;0;0;0;0
FR;5;2021-01-09;0;0;0;0;0;0;0;0;0;0
FR;5;2021-01-10;0;0;0;0;0;0;0;0;0;0
FR;5;2021-01-11;0;0;0;0;0;0;0;0;0;0
FR;5;2021-01-12;0;0;0;0;0;0;0;0;0;0
FR;5;2021-01-13;0;0;0;0;0;0;0;0;0;0
FR;5;2021-01-14;0;0;0;0;0;0;0;0;0;0
FR;5;2021-01-15;0;0;0;0;0;0;0;0;0;0
FR;5;2021-01-16;0;0;0;0;0;0;0;0;0;0
FR;5;2021-01-17;0;0;0;0;0;0;0;0;0;0
FR;5;2021-01-18;0;0;0;0;0;0;0;0;0;0
FR;5;2021-01-19;0;0;0;0;0;0;0;0;0;0
FR;5;2021-01-20;0;0;0;0;0;0;0;0;0;0
FR;5;2021-01-21;0;0;0;0;0;0;0;0;0;0
FR;5;2021-01-22;0;0;0;0;0;0;0;0;0;0
FR;5;2021-01-23;0;0;0;0;0;0;0;0;0;0
FR;5;2021-01-24;0;0;0;0;0;0;0;0;0;0
FR;5;2021-01-25;0;0;0;0;0;0;0;0;0;0
FR;5;2021-01-26;0;0;0;0;0;0;0;0;0;0
FR;5;2021-01-27;0;0;0;0;0;0;0;0;0;0
FR;5;2021-01-28;0;0;0;0;0;0;0;0;0;0
FR;5;2021-01-29;0;0;0;0;0;0;0;0;0;0
FR;5;2021-01-30;0;0;0;0;0;0;0;0;0;0
FR;5;2021-01-31;0;0;0;0;0;0;0;0;0;0
FR;5;2021-02-01;0;0;0;0;0;0;0;0;0;0
FR;5;2021-02-02;0;0;0;0;0;0;0;0;0;0
FR;5;2021-02-03;0;0;0;0;0;0;0;0;0;0
FR;5;2021-02-04;0;0;0;0;0;0;0;0;0;0
FR;5;2021-02-05;0;0;0;0;0;0;0;0;0;0
FR;5;2021-02-06;0;0;0;0;0;0;0;0;0;0
FR;5;2021-02-07;0;0;0;0;0;0;0;0;0;0
FR;5;2021-02-08;0;0;0;0;0;0;0;0;0;0
FR;5;2021-02-09;0;0;0;0;0;0;0;0;0;0
FR;5;2021-02-10;0;0;0;0;0;0;0;0;0;0
FR;5;2021-02-11;0;0;0;0;0;0;0;0;0;0
FR;5;2021-02-12;0;0;0;0;0;0;0;0;0;0
FR;5;2021-02-13;0;0;0;0;0;0;0;0;0;0
FR;5;2021-02-14;0;0;0;0;0;0;0;0;0;0
FR;5;2021-02-15;0;0;0;0;0;0;0;0;0;0
FR;5;2021-02-16;0;0;0;0;0;0;0;0;0;0
FR;5;2021-02-17;0;0;0;0;0;0;0;0;0;0
FR;5;2021-02-18;0;0;0;0;0;0;0;0;0;0
FR;5;2021-02-19;0;0;0;0;0;0;0;0;0;0
FR;5;2021-02-20;0;0;0;0;0;0;0;0;0;0
FR;5;2021-02-21;0;0;0;0;0;0;0;0;0;0
FR;5;2021-02-22;0;0;0;0;0;0;0;0;0;0
FR;5;2021-02-23;0;0;0;0;0;0;0;0;0;0
FR;5;2021-02-24;0;0;0;0;0;0;0;0;0;0
FR;5;2021-02-25;0;0;0;0;0;0;0;0;0;0
FR;5;2021-02-26;0;0;0;0;0;0;0;0;0;0
FR;5;2021-02-27;0;0;0;0;0;0;0;0;0;0
FR;5;2021-02-28;0;0;0;0;0;0;0;0;0;0
FR;5;2021-03-01;0;0;0;0;0;0;0;0;0;0
FR;5;2021-03-02;0;0;0;0;0;0;0;0;0;0
FR;5;2021-03-03;0;0;0;0;0;0;0;0;0;0
FR;5;2021-03-04;0;0;0;0;0;0;0;0;0;0
FR;5;2021-03-05;0;0;0;0;0;0;0;0;0;0
FR;5;2021-03-06;0;0;0;0;0;0;0;0;0;0
FR;5;2021-03-07;0;0;0;0;0;0;0;0;0;0
FR;5;2021-03-08;0;0;0;0;0;0;0;0;0;0
FR;5;2021-03-09;0;0;0;0;0;0;0;0;0;0
FR;5;2021-03-10;0;0;0;0;0;0;0;0;0;0
FR;5;2021-03-11;0;0;0;0;0;0;0;0;0;0
FR;5;2021-03-12;0;0;0;0;0;0;0;0;0;0
FR;5;2021-03-13;0;0;0;0;0;0;0;0;0;0
FR;5;2021-03-14;0;0;0;0;0;0;0;0;0;0
FR;5;2021-03-15;0;0;0;0;0;0;0;0;0;0
FR;5;2021-03-16;0;0;0;0;0;0;0;0;0;0
FR;5;2021-03-17;0;0;0;0;0;0;0;0;0;0
FR;5;2021-03-18;0;0;0;0;0;0;0;0;0;0
FR;5;2021-03-19;0;0;0;0;0;0;0;0;0;0
FR;5;2021-03-20;0;0;0;0;0;0;0;0;0;0
FR;5;2021-03-21;0;0;0;0;0;0;0;0;0;0
FR;5;2021-03-22;0;0;0;0;0;0;0;0;0;0
FR;5;2021-03-23;0;0;0;0;0;0;0;0;0;0
FR;5;2021-03-24;0;0;0;0;0;0;0;0;0;0
FR;5;2021-03-25;0;0;0;0;0;0;0;0;0;0
FR;5;2021-03-26;0;0;0;0;0;0;0;0;0;0
FR;5;2021-03-27;0;0;0;0;0;0;0;0;0;0
FR;5;2021-03-28;0;0;0;0;0;0;0;0;0;0
FR;5;2021-03-29;0;0;0;0;0;0;0;0;0;0
FR;5;2021-03-30;0;0;0;0;0;0;0;0;0;0
FR;5;2021-03-31;0;0;0;0;0;0;0;0;0;0
FR;5;2021-04-01;0;0;0;0;0;0;0;0;0;0
FR;5;2021-04-02;0;0;0;0;0;0;0;0;0;0
FR;5;2021-04-03;0;0;0;0;0;0;0;0;0;0
FR;5;2021-04-04;0;0;0;0;0;0;0;0;0;0
FR;5;2021-04-05;0;0;0;0;0;0;0;0;0;0
FR;5;2021-04-06;0;0;0;0;0;0;0;0;0;0
FR;5;2021-04-07;0;0;0;0;0;0;0;0;0;0
FR;5;2021-04-08;0;0;0;0;0;0;0;0;0;0
FR;5;2021-04-09;0;0;0;0;0;0;0;0;0;0
FR;5;2021-04-10;0;0;0;0;0;0;0;0;0;0
FR;5;2021-04-11;0;0;0;0;0;0;0;0;0;0
FR;5;2021-04-12;0;0;0;0;0;0;0;0;0;0
FR;5;2021-04-13;0;0;0;0;0;0;0;0;0;0
FR;5;2021-04-14;0;0;0;0;0;0;0;0;0;0
FR;5;2021-04-15;0;0;0;0;0;0;0;0;0;0
FR;5;2021-04-16;0;0;0;0;0;0;0;0;0;0
FR;5;2021-04-17;0;0;0;0;0;0;0;0;0;0
FR;5;2021-04-18;0;0;0;0;0;0;0;0;0;0
FR;5;2021-04-19;0;0;0;0;0;0;0;0;0;0
FR;5;2021-04-20;0;0;0;0;0;0;0;0;0;0
FR;5;2021-04-21;0;0;0;0;0;0;0;0;0;0
FR;5;2021-04-22;0;0;0;0;0;0;0;0;0;0
FR;5;2021-04-23;0;0;0;0;0;0;0;0;0;0
FR;5;2021-04-24;0;0;0;0;0;0;0;0;0;0
FR;5;2021-04-25;0;0;0;0;0;0;0;0;0;0
FR;5;2021-04-26;0;0;0;0;0;0;0;0;0;0
FR;5;2021-04-27;0;0;0;0;0;0;0;0;0;0
FR;5;2021-04-28;0;0;0;0;0;0;0;0;0;0
FR;5;2021-04-29;0;0;0;0;0;0;0;0;0;0
FR;5;2021-04-30;0;0;0;0;0;0;0;0;0;0
FR;5;2021-05-01;0;0;0;0;0;0;0;0;0;0
FR;5;2021-05-02;0;0;0;0;0;0;0;0;0;0
FR;5;2021-05-03;0;0;0;0;0;0;0;0;0;0
FR;5;2021-05-04;0;0;0;0;0;0;0;0;0;0
FR;5;2021-05-05;0;0;0;0;0;0;0;0;0;0
FR;5;2021-05-06;0;0;0;0;0;0;0;0;0;0
FR;5;2021-05-07;0;0;0;0;0;0;0;0;0;0
FR;5;2021-05-08;0;0;0;0;0;0;0;0;0;0
FR;5;2021-05-09;0;0;0;0;0;0;0;0;0;0
FR;5;2021-05-10;0;0;0;0;0;0;0;0;0;0
FR;5;2021-05-11;0;0;0;0;0;0;0;0;0;0
FR;5;2021-05-12;0;0;0;0;0;0;0;0;0;0
FR;5;2021-05-13;0;0;0;0;0;0;0;0;0;0
FR;5;2021-05-14;0;0;0;0;0;0;0;0;0;0
FR;5;2021-05-15;0;0;0;0;0;0;0;0;0;0
FR;5;2021-05-16;0;0;0;0;0;0;0;0;0;0
FR;5;2021-05-17;0;0;0;0;0;0;0;0;0;0
FR;5;2021-05-18;0;0;0;0;0;0;0;0;0;0
FR;5;2021-05-19;0;0;0;0;0;0;0;0;0;0
FR;5;2021-05-20;0;0;0;0;0;0;0;0;0;0
FR;5;2021-05-21;0;0;0;0;0;0;0;0;0;0
FR;5;2021-05-22;0;0;0;0;0;0;0;0;0;0
FR;5;2021-05-23;0;0;0;0;0;0;0;0;0;0
FR;5;2021-05-24;0;0;0;0;0;0;0;0;0;0
FR;5;2021-05-25;0;0;0;0;0;0;0;0;0;0
FR;5;2021-05-26;0;0;0;0;0;0;0;0;0;0
FR;5;2021-05-27;0;0;0;0;0;0;0;0;0;0
FR;5;2021-05-28;0;0;0;0;0;0;0;0;0;0
FR;5;2021-05-29;0;0;0;0;0;0;0;0;0;0
FR;5;2021-05-30;0;0;0;0;0;0;0;0;0;0
FR;5;2021-05-31;0;0;0;0;0;0;0;0;0;0
FR;5;2021-06-01;0;0;0;0;0;0;0;0;0;0
FR;5;2021-06-02;0;0;0;0;0;0;0;0;0;0
FR;5;2021-06-03;0;0;0;0;0;0;0;0;0;0
FR;5;2021-06-04;0;0;0;0;0;0;0;0;0;0
FR;5;2021-06-05;0;0;0;0;0;0;0;0;0;0
FR;5;2021-06-06;0;0;0;0;0;0;0;0;0;0
FR;5;2021-06-07;0;0;0;0;0;0;0;0;0;0
FR;5;2021-06-08;0;0;0;0;0;0;0;0;0;0
FR;5;2021-06-09;0;0;0;0;0;0;0;0;0;0
FR;5;2021-06-10;0;0;0;0;0;0;0;0;0;0
FR;5;2021-06-11;0;0;0;0;0;0;0;0;0;0
FR;5;2021-06-12;0;0;0;0;0;0;0;0;0;0
FR;5;2021-06-13;0;0;0;0;0;0;0;0;0;0
FR;5;2021-06-14;0;0;0;0;0;0;0;0;0;0
FR;5;2021-06-15;0;0;0;0;0;0;0;0;0;0
FR;5;2021-06-16;0;0;0;0;0;0;0;0;0;0
FR;5;2021-06-17;0;0;0;0;0;0;0;0;0;0
FR;5;2021-06-18;0;0;0;0;0;0;0;0;0;0
FR;5;2021-06-19;0;0;0;0;0;0;0;0;0;0
FR;5;2021-06-20;0;0;0;0;0;0;0;0;0;0
FR;5;2021-06-21;0;0;0;0;0;0;0;0;0;0
FR;5;2021-06-22;0;0;0;0;0;0;0;0;0;0
FR;5;2021-06-23;0;0;0;0;0;0;0;0;0;0
FR;5;2021-06-24;0;0;0;0;0;0;0;0;0;0
FR;5;2021-06-25;0;0;0;0;0;0;0;0;0;0
FR;5;2021-06-26;0;0;0;0;0;0;0;0;0;0
FR;5;2021-06-27;0;0;0;0;0;0;0;0;0;0
FR;5;2021-06-28;0;0;0;0;0;0;0;0;0;0
FR;5;2021-06-29;0;0;0;0;0;0;0;0;0;0
FR;5;2021-06-30;0;0;0;0;0;0;0;0;0;0
FR;5;2021-07-01;0;0;0;0;0;0;0;0;0;0
FR;5;2021-07-02;0;0;0;0;0;0;0;0;0;0
FR;5;2021-07-03;0;0;0;0;0;0;0;0;0;0
FR;5;2021-07-04;0;0;0;0;0;0;0;0;0;0
FR;5;2021-07-05;0;0;0;0;0;0;0;0;0;0
FR;5;2021-07-06;0;0;0;0;0;0;0;0;0;0
FR;5;2021-07-07;0;0;0;0;0;0;0;0;0;0
FR;5;2021-07-08;0;0;0;0;0;0;0;0;0;0
FR;5;2021-07-09;0;0;0;0;0;0;0;0;0;0
FR;5;2021-07-10;0;0;0;0;0;0;0;0;0;0
FR;5;2021-07-11;0;0;0;0;0;0;0;0;0;0
FR;5;2021-07-12;0;0;0;0;0;0;0;0;0;0
FR;5;2021-07-13;0;0;0;0;0;0;0;0;0;0
FR;5;2021-07-14;0;0;0;0;0;0;0;0;0;0
FR;5;2021-07-15;0;0;0;0;0;0;0;0;0;0
FR;5;2021-07-16;0;0;0;0;0;0;0;0;0;0
FR;5;2021-07-17;0;0;0;0;0;0;0;0;0;0
FR;5;2021-07-18;0;0;0;0;0;0;0;0;0;0
FR;5;2021-07-19;0;0;0;0;0;0;0;0;0;0
FR;5;2021-07-20;0;0;0;0;0;0;0;0;0;0
FR;5;2021-07-21;0;0;0;0;0;0;0;0;0;0
FR;5;2021-07-22;0;0;0;0;0;0;0;0;0;0
FR;5;2021-07-23;0;0;0;0;0;0;0;0;0;0
FR;5;2021-07-24;0;0;0;0;0;0;0;0;0;0
FR;5;2021-07-25;0;0;0;0;0;0;0;0;0;0
FR;5;2021-07-26;0;0;0;0;0;0;0;0;0;0
FR;5;2021-07-27;0;0;0;0;0;0;0;0;0;0
FR;5;2021-07-28;0;0;0;0;0;0;0;0;0;0
FR;5;2021-07-29;0;0;0;0;0;0;0;0;0;0
FR;5;2021-07-30;0;0;0;0;0;0;0;0;0;0
FR;5;2021-07-31;0;0;0;0;0;0;0;0;0;0
FR;5;2021-08-01;0;0;0;0;0;0;0;0;0;0
FR;5;2021-08-02;0;0;0;0;0;0;0;0;0;0
FR;5;2021-08-03;0;0;0;0;0;0;0;0;0;0
FR;5;2021-08-04;0;0;0;0;0;0;0;0;0;0
FR;5;2021-08-05;0;0;0;0;0;0;0;0;0;0
FR;5;2021-08-06;0;0;0;0;0;0;0;0;0;0
FR;5;2021-08-07;0;0;0;0;0;0;0;0;0;0
FR;5;2021-08-08;0;0;0;0;0;0;0;0;0;0
FR;5;2021-08-09;0;0;0;0;0;0;0;0;0;0
FR;5;2021-08-10;0;0;0;0;0;0;0;0;0;0
FR;5;2021-08-11;0;0;0;0;0;0;0;0;0;0
FR;5;2021-08-12;0;0;0;0;0;0;0;0;0;0
FR;5;2021-08-13;0;0;0;0;0;0;0;0;0;0
FR;5;2021-08-14;0;0;0;0;0;0;0;0;0;0
FR;5;2021-08-15;0;0;0;0;0;0;0;0;0;0
FR;5;2021-08-16;0;0;0;0;0;0;0;0;0;0
FR;5;2021-08-17;0;0;0;0;0;0;0;0;0;0
FR;5;2021-08-18;0;0;0;0;0;0;0;0;0;0
FR;5;2021-08-19;0;0;0;0;0;0;0;0;0;0
FR;5;2021-08-20;0;0;0;0;0;0;0;0;0;0
FR;5;2021-08-21;0;0;0;0;0;0;0;0;0;0
FR;5;2021-08-22;0;0;0;0;0;0;0;0;0;0
FR;5;2021-08-23;0;0;0;0;0;0;0;0;0;0
FR;5;2021-08-24;0;0;0;0;0;0;0;0;0;0
FR;5;2021-08-25;0;0;0;0;0;0;0;0;0;0
FR;5;2021-08-26;0;0;0;0;0;0;0;0;0;0
FR;5;2021-08-27;0;0;0;0;0;0;0;0;0;0
FR;5;2021-08-28;0;0;0;0;0;0;0;0;0;0
FR;5;2021-08-29;0;0;0;0;0;0;0;0;0;0
FR;5;2021-08-30;0;0;0;0;0;0;0;0;0;0
FR;5;2021-08-31;0;0;0;0;0;0;0;0;0;0
FR;5;2021-09-01;0;0;0;0;0;0;0;0;0;0
FR;5;2021-09-02;0;0;0;0;0;0;0;0;0;0
FR;5;2021-09-03;0;0;0;0;0;0;0;0;0;0
FR;5;2021-09-04;0;0;0;0;0;0;0;0;0;0
FR;5;2021-09-05;0;0;0;0;0;0;0;0;0;0
FR;5;2021-09-06;0;0;0;0;0;0;0;0;0;0
FR;5;2021-09-07;0;0;0;0;0;0;0;0;0;0
FR;5;2021-09-08;0;0;0;0;0;0;0;0;0;0
FR;5;2021-09-09;0;0;0;0;0;0;0;0;0;0
FR;5;2021-09-10;0;0;0;0;0;0;0;0;0;0
FR;5;2021-09-11;0;0;0;0;0;0;0;0;0;0
FR;5;2021-09-12;0;0;0;0;0;0;0;0;0;0
FR;5;2021-09-13;0;0;0;0;0;0;0;0;0;0
FR;5;2021-09-14;0;0;0;0;0;0;0;0;0;0
FR;5;2021-09-15;0;0;0;0;0;0;0;0;0;0
FR;5;2021-09-16;0;0;0;0;0;0;0;0;0;0
FR;5;2021-09-17;0;0;0;0;0;0;0;0;0;0
FR;5;2021-09-18;0;0;0;0;0;0;0;0;0;0
FR;5;2021-09-19;0;0;0;0;0;0;0;0;0;0
FR;5;2021-09-20;0;0;0;0;0;0;0;0;0;0
FR;5;2021-09-21;0;0;0;0;0;0;0;0;0;0
FR;5;2021-09-22;0;0;0;0;0;0;0;0;0;0
FR;5;2021-09-23;0;0;0;0;0;0;0;0;0;0
FR;5;2021-09-24;0;0;0;0;0;0;0;0;0;0
FR;5;2021-09-25;0;0;0;0;0;0;0;0;0;0
FR;5;2021-09-26;0;0;0;0;0;0;0;0;0;0
FR;5;2021-09-27;0;0;0;0;0;0;0;0;0;0
FR;5;2021-09-28;0;0;0;0;0;0;0;0;0;0
FR;5;2021-09-29;0;0;0;0;0;0;0;0;0;0
FR;5;2021-09-30;0;0;0;0;0;0;0;0;0;0
FR;5;2021-10-01;0;0;0;0;0;0;0;0;0;0
FR;5;2021-10-02;0;0;0;0;0;0;0;0;0;0
FR;5;2021-10-03;0;0;0;0;0;0;0;0;0;0
FR;5;2021-10-04;0;0;0;0;0;0;0;0;0;0
FR;5;2021-10-05;0;0;0;0;0;0;0;0;0;0
FR;5;2021-10-06;0;0;0;0;0;0;0;0;0;0
FR;5;2021-10-07;0;0;0;0;0;0;0;0;0;0
FR;5;2021-10-08;0;0;0;0;0;0;0;0;0;0
FR;5;2021-10-09;0;0;0;0;0;0;0;0;0;0
FR;5;2021-10-10;0;0;0;0;0;0;0;0;0;0
FR;5;2021-10-11;0;0;0;0;0;0;0;0;0;0
FR;5;2021-10-12;0;0;0;0;0;0;0;0;0;0
FR;5;2021-10-13;0;0;0;0;0;0;0;0;0;0
FR;5;2021-10-14;0;0;0;0;0;0;0;0;0;0
FR;5;2021-10-15;0;0;0;0;0;0;0;0;0;0
FR;5;2021-10-16;0;0;0;0;0;0;0;0;0;0
FR;5;2021-10-17;0;0;0;0;0;0;0;0;0;0
FR;5;2021-10-18;0;0;0;0;0;0;0;0;0;0
FR;5;2021-10-19;0;0;0;0;0;0;0;0;0;0
FR;5;2021-10-20;0;0;0;0;0;0;0;0;0;0
FR;5;2021-10-21;0;0;0;0;0;0;0;0;0;0
FR;5;2021-10-22;0;0;0;0;0;0;0;0;0;0
FR;5;2021-10-23;0;0;0;0;0;0;0;0;0;0
FR;5;2021-10-24;0;0;0;0;0;0;0;0;0;0
FR;5;2021-10-25;0;0;0;0;0;0;0;0;0;0
FR;5;2021-10-26;0;0;0;0;0;0;0;0;0;0
FR;5;2021-10-27;0;0;0;0;0;0;0;0;0;0
FR;5;2021-10-28;0;0;0;0;0;0;0;0;0;0
FR;5;2021-10-29;0;0;0;0;0;0;0;0;0;0
FR;5;2021-10-30;0;0;0;0;0;0;0;0;0;0
FR;5;2021-10-31;0;0;0;0;0;0;0;0;0;0
FR;5;2021-11-01;0;0;0;0;0;0;0;0;0;0
FR;5;2021-11-02;0;0;0;0;0;0;0;0;0;0
FR;5;2021-11-03;0;0;0;0;0;0;0;0;0;0
FR;5;2021-11-04;0;0;0;0;0;0;0;0;0;0
FR;5;2021-11-05;0;0;0;0;0;0;0;0;0;0
FR;5;2021-11-06;0;0;0;0;0;0;0;0;0;0
FR;5;2021-11-07;0;0;0;0;0;0;0;0;0;0
FR;5;2021-11-08;0;0;0;0;0;0;0;0;0;0
FR;5;2021-11-09;0;0;0;0;0;0;0;0;0;0
FR;5;2021-11-10;0;0;0;0;0;0;0;0;0;0
FR;5;2021-11-11;0;0;0;0;0;0;0;0;0;0
FR;5;2021-11-12;0;0;0;0;0;0;0;0;0;0
FR;5;2021-11-13;0;0;0;0;0;0;0;0;0;0
FR;5;2021-11-14;0;0;0;0;0;0;0;0;0;0
FR;5;2021-11-15;0;0;0;0;0;0;0;0;0;0
FR;5;2021-11-16;0;0;0;0;0;0;0;0;0;0
FR;5;2021-11-17;0;0;0;0;0;0;0;0;0;0
FR;5;2021-11-18;0;0;0;0;0;0;0;0;0;0
FR;5;2021-11-19;0;0;0;0;0;0;0;0;0;0
FR;5;2021-11-20;0;0;0;0;0;0;0;0;0;0
FR;5;2021-11-21;0;0;0;0;0;0;0;0;0;0
FR;5;2021-11-22;0;0;0;0;0;0;0;0;0;0
FR;5;2021-11-23;0;0;0;0;0;0;0;0;0;0
FR;5;2021-11-24;0;0;0;0;0;0;0;0;0;0
FR;5;2021-11-25;0;0;0;0;0;0;0;0;0;0
FR;5;2021-11-26;0;0;0;0;0;0;0;0;0;0
FR;5;2021-11-27;0;0;0;0;0;0;0;0;0;0
FR;5;2021-11-28;0;0;0;0;0;0;0;0;0;0
FR;5;2021-11-29;0;0;0;0;0;0;0;0;0;0
FR;5;2021-11-30;0;0;0;0;0;0;0;0;0;0
FR;5;2021-12-01;0;0;0;0;0;0;0;0;0;0
FR;5;2021-12-02;0;0;0;0;0;0;0;0;0;0
FR;5;2021-12-03;0;0;0;0;0;0;0;0;0;0
FR;5;2021-12-04;0;0;0;0;0;0;0;0;0;0
FR;5;2021-12-05;0;0;0;0;0;0;0;0;0;0
FR;5;2021-12-06;0;0;0;0;0;0;0;0;0;0
FR;5;2021-12-07;0;0;0;0;0;0;0;0;0;0
FR;5;2021-12-08;0;0;0;0;0;0;0;0;0;0
FR;5;2021-12-09;0;0;0;0;0;0;0;0;0;0
FR;5;2021-12-10;0;0;0;0;0;0;0;0;0;0
FR;5;2021-12-11;0;0;0;0;0;0;0;0;0;0
FR;5;2021-12-12;0;0;0;0;0;0;0;0;0;0
FR;5;2021-12-13;0;0;0;0;0;0;0;0;0;0
FR;5;2021-12-14;33;45;77;0;88;33;45;77;0;88
FR;5;2021-12-15;196;45;37;0;49;229;90;114;0;137
FR;5;2021-12-16;181;21;44;0;48;410;111;158;0;185
FR;5;2021-12-17;312;16;72;0;74;722;127;230;0;259
FR;5;2021-12-18;766;24;22;0;29;1488;151;252;0;288
FR;5;2021-12-19;586;15;15;0;17;2074;166;267;0;305
FR;5;2021-12-20;1223;31;35;0;38;3297;197;302;0;343
FR;5;2021-12-21;1535;22;54;1;60;4832;219;356;1;403
FR;5;2021-12-22;4069;40;37;0;46;8901;259;393;1;449
FR;5;2021-12-23;3042;16;21;0;25;11943;275;414;1;474
FR;5;2021-12-24;761;18;9;0;14;12704;293;423;1;488
FR;5;2021-12-25;61;5;2;0;3;12765;298;425;1;491
FR;5;2021-12-26;623;6;3;0;4;13388;304;428;1;495
FR;5;2021-12-27;4084;25;21;0;23;17472;329;449;1;518
FR;5;2021-12-28;5204;23;41;1;43;22676;352;490;2;561
FR;5;2021-12-29;8107;34;66;2;69;30783;386;556;4;630
FR;5;2021-12-30;5173;18;33;0;39;35956;404;589;4;669
FR;5;2021-12-31;1553;8;10;0;11;37509;412;599;4;680
FR;5;2022-01-01;185;2;2;0;3;37694;414;601;4;683
FR;5;2022-01-02;1489;1;1;0;1;39183;415;602;4;684
FR;5;2022-01-03;3066;36;33;0;32;42249;451;635;4;716
FR;5;2022-01-04;3033;39;33;0;42;45282;490;668;4;758
FR;5;2022-01-05;19323;203;97;1;108;64605;693;765;5;866
FR;5;2022-01-06;3746;134;122;0;142;68351;827;887;5;1008
FR;5;2022-01-07;5007;202;48;2;56;73358;1029;935;7;1064
FR;5;2022-01-08;13659;514;45;0;52;87017;1543;980;7;1116
FR;5;2022-01-09;5754;399;15;0;20;92771;1942;995;7;1136
FR;5;2022-01-10;3455;326;25;0;29;96226;2268;1020;7;1165
FR;5;2022-01-11;3671;284;38;0;41;99897;2552;1058;7;1206
FR;5;2022-01-12;22652;3005;90;0;113;122549;5557;1148;7;1319
FR;5;2022-01-13;4037;622;30;0;32;126586;6179;1178;7;1351
FR;5;2022-01-14;4843;582;44;0;51;131429;6761;1222;7;1402
FR;5;2022-01-15;14686;1746;38;3;49;146115;8507;1260;10;1451
FR;5;2022-01-16;4727;666;3;0;5;150842;9173;1263;10;1456
FR;5;2022-01-17;2297;718;26;0;29;153139;9891;1289;10;1485
FR;5;2022-01-18;2430;870;30;0;40;155569;10761;1319;10;1525
FR;5;2022-01-19;18483;6423;74;2;142;174052;17184;1393;12;1667
FR;5;2022-01-20;1920;1068;25;0;34;175972;18252;1418;12;1701
FR;5;2022-01-21;3077;1372;47;1;59;179049;19624;1465;13;1760
FR;5;2022-01-22;10721;3454;33;1;43;189770;23078;1498;14;1803
FR;5;2022-01-23;2629;1415;6;0;10;192399;24493;1504;14;1813
FR;5;2022-01-24;1160;1340;19;0;23;193559;25833;1523;14;1836
FR;5;2022-01-25;1220;1549;20;2;31;194779;27382;1543;16;1867
FR;5;2022-01-26;10752;12027;50;1;89;205531;39409;1593;17;1956
FR;5;2022-01-27;1291;1693;10;0;17;206822;41102;1603;17;1973
FR;5;2022-01-28;1699;3347;16;0;19;208521;44449;1619;17;1992
FR;5;2022-01-29;6240;8041;68;0;96;214761;52490;1687;17;2088
FR;5;2022-01-30;1509;2950;5;0;18;216270;55440;1692;17;2106
FR;5;2022-01-31;589;1773;23;0;24;216859;57213;1715;17;2130
FR;5;2022-02-01;712;1706;10;0;15;217571;58919;1725;17;2145
FR;5;2022-02-02;6958;15656;52;0;94;224529;74575;1777;17;2239
FR;5;2022-02-03;491;1690;14;0;13;225020;76265;1791;17;2252
FR;5;2022-02-04;945;3002;19;0;31;225965;79267;1810;17;2283
FR;5;2022-02-05;3535;8918;23;0;37;229500;88185;1833;17;2320
FR;5;2022-02-06;737;2397;10;0;19;230237;90582;1843;17;2339
FR;5;2022-02-07;884;1596;23;0;25;231121;92178;1866;17;2364
FR;5;2022-02-08;722;1287;18;0;20;231843;93465;1884;17;2384
FR;5;2022-02-09;4544;12878;44;0;76;236387;106343;1928;17;2460
FR;5;2022-02-10;646;1059;14;0;15;237033;107402;1942;17;2475
FR;5;2022-02-11;793;2032;16;0;21;237826;109434;1958;17;2496
FR;5;2022-02-12;2286;6813;33;0;53;240112;116247;1991;17;2549
FR;5;2022-02-13;464;1540;8;0;8;240576;117787;1999;17;2557
FR;5;2022-02-14;678;1288;10;0;13;241254;119075;2009;17;2570
FR;5;2022-02-15;482;886;9;0;14;241736;119961;2018;17;2584
FR;5;2022-02-16;2980;9123;41;1;58;244716;129084;2059;18;2642
FR;5;2022-02-17;436;809;6;0;7;245152;129893;2065;18;2649
FR;5;2022-02-18;649;1408;13;0;17;245801;131301;2078;18;2666
FR;5;2022-02-19;1373;4315;16;0;28;247174;135616;2094;18;2694
FR;5;2022-02-20;247;879;6;0;8;247421;136495;2100;18;2702
FR;5;2022-02-21;221;607;2;0;4;247642;137102;2102;18;2706
FR;5;2022-02-22;262;545;17;0;17;247904;137647;2119;18;2723
FR;5;2022-02-23;1909;6926;23;1;43;249813;144573;2142;19;2766
FR;5;2022-02-24;182;374;6;1;7;249995;144947;2148;20;2773
FR;5;2022-02-25;336;950;13;0;12;250331;145897;2161;20;2785
FR;5;2022-02-26;972;3070;11;0;15;251303;148967;2172;20;2800
FR;5;2022-02-27;150;506;0;0;3;251453;149473;2172;20;2803
FR;5;2022-02-28;162;369;1;0;1;251615;149842;2173;20;2804
FR;5;2022-03-01;130;280;6;0;7;251745;150122;2179;20;2811
FR;5;2022-03-02;1241;4156;28;3;40;252986;154278;2207;23;2851
FR;5;2022-03-03;121;251;5;0;10;253107;154529;2212;23;2861
FR;5;2022-03-04;196;488;13;0;14;253303;155017;2225;23;2875
FR;5;2022-03-05;677;1990;8;0;16;253980;157007;2233;23;2891
FR;5;2022-03-06;108;260;0;0;0;254088;157267;2233;23;2891
FR;5;2022-03-07;71;228;5;0;3;254159;157495;2238;23;2894
FR;5;2022-03-08;46;134;7;1;8;254205;157629;2245;24;2902
FR;5;2022-03-09;910;3078;24;0;36;255115;160707;2269;24;2938
FR;5;2022-03-10;82;202;8;0;12;255197;160909;2277;24;2950
FR;5;2022-03-11;148;369;13;1;15;255345;161278;2290;25;2965
FR;5;2022-03-12;758;1613;13;1;30;256103;162891;2303;26;2995
FR;5;2022-03-13;78;100;0;0;0;256181;162991;2303;26;2995
FR;5;2022-03-14;67;119;7;1;7;256248;163110;2310;27;3002
FR;5;2022-03-15;83;99;4;0;7;256331;163209;2314;27;3009
FR;5;2022-03-16;883;1827;15;3;36;257214;165036;2329;30;3045
FR;5;2022-03-17;68;123;8;4;10;257282;165159;2337;34;3055
FR;5;2022-03-18;172;318;13;4;18;257454;165477;2350;38;3073
FR;5;2022-03-19;751;1163;12;5;33;258205;166640;2362;43;3106
FR;5;2022-03-20;45;93;1;0;1;258250;166733;2363;43;3107
FR;5;2022-03-21;71;120;10;6;15;258321;166853;2373;49;3122
FR;5;2022-03-22;56;119;8;7;9;258377;166972;2381;56;3131
FR;5;2022-03-23;805;1461;14;8;36;259182;168433;2395;64;3167
FR;5;2022-03-24;70;93;8;7;7;259252;168526;2403;71;3174
FR;5;2022-03-25;222;293;14;8;18;259474;168819;2417;79;3192
FR;5;2022-03-26;707;853;12;5;26;260181;169672;2429;84;3218
FR;5;2022-03-27;75;80;0;0;3;260256;169752;2429;84;3221
FR;5;2022-03-28;81;93;1;2;3;260337;169845;2430;86;3224
FR;5;2022-03-29;71;82;10;4;12;260408;169927;2440;90;3236
FR;5;2022-03-30;823;1116;16;13;29;261231;171043;2456;103;3265
FR;5;2022-03-31;102;125;1;4;6;261333;171168;2457;107;3271
FR;5;2022-04-01;114;86;7;12;11;261447;171254;2464;119;3282
FR;5;2022-04-02;330;349;3;3;15;261777;171603;2467;122;3297
FR;5;2022-04-03;54;59;1;0;1;261831;171662;2468;122;3298
FR;5;2022-04-04;40;57;4;1;8;261871;171719;2472;123;3306
FR;5;2022-04-05;52;60;6;7;9;261923;171779;2478;130;3315
FR;5;2022-04-06;421;439;7;15;16;262344;172218;2485;145;3331
FR;5;2022-04-07;45;69;5;7;7;262389;172287;2490;152;3338
FR;5;2022-04-08;134;112;12;13;14;262523;172399;2502;165;3352
FR;5;2022-04-09;311;324;2;5;17;262834;172723;2504;170;3369
FR;5;2022-04-10;43;31;2;0;2;262877;172754;2506;170;3371
FR;5;2022-04-11;50;60;3;2;4;262927;172814;2509;172;3375
FR;5;2022-04-12;59;54;3;3;5;262986;172868;2512;175;3380
FR;5;2022-04-13;382;413;3;8;16;263368;173281;2515;183;3396
FR;5;2022-04-14;48;48;5;5;9;263416;173329;2520;188;3405
FR;5;2022-04-15;91;109;4;4;5;263507;173438;2524;192;3410
FR;5;2022-04-16;188;184;2;1;13;263695;173622;2526;193;3423
FR;5;2022-04-17;12;11;1;0;1;263707;173633;2527;193;3424
FR;5;2022-04-18;9;10;2;0;3;263716;173643;2529;193;3427
FR;5;2022-04-19;75;71;6;1;6;263791;173714;2535;194;3433
FR;5;2022-04-20;361;349;9;6;12;264152;174063;2544;200;3445
FR;5;2022-04-21;42;64;9;10;12;264194;174127;2553;210;3457
FR;5;2022-04-22;113;96;5;4;5;264307;174223;2558;214;3462
FR;5;2022-04-23;209;193;3;2;10;264516;174416;2561;216;3472
FR;5;2022-04-24;37;35;0;0;3;264553;174451;2561;216;3475
FR;5;2022-04-25;69;65;1;1;4;264622;174516;2562;217;3479
FR;5;2022-04-26;60;63;2;1;5;264682;174579;2564;218;3484
FR;5;2022-04-27;335;316;3;7;14;265017;174895;2567;225;3498
FR;5;2022-04-28;81;54;4;5;8;265098;174949;2571;230;3506
FR;5;2022-04-29;117;84;5;19;12;265215;175033;2576;249;3518
FR;5;2022-04-30;183;114;2;3;10;265398;175147;2578;252;3528
FR;5;2022-05-01;11;7;0;0;0;265409;175154;2578;252;3528
FR;5;2022-05-02;52;28;4;5;2;265461;175182;2582;257;3530
FR;5;2022-05-03;84;57;2;5;11;265545;175239;2584;262;3541
FR;5;2022-05-04;278;205;1;2;7;265823;175444;2585;264;3548
FR;5;2022-05-05;62;32;3;4;5;265885;175476;2588;268;3553
FR;5;2022-05-06;105;65;2;3;5;265990;175541;2590;271;3558
FR;5;2022-05-07;171;117;3;10;13;266161;175658;2593;281;3571
FR;5;2022-05-08;8;8;0;0;2;266169;175666;2593;281;3573
FR;5;2022-05-09;44;34;15;3;16;266213;175700;2608;284;3589
FR;5;2022-05-10;54;49;3;4;5;266267;175749;2611;288;3594
FR;5;2022-05-11;326;237;12;7;21;266593;175986;2623;295;3615
FR;5;2022-05-12;46;34;2;2;2;266639;176020;2625;297;3617
FR;5;2022-05-13;109;83;3;8;8;266748;176103;2628;305;3625
FR;5;2022-05-14;209;131;0;1;8;266957;176234;2628;306;3633
FR;5;2022-05-15;22;9;2;0;1;266979;176243;2630;306;3634
FR;5;2022-05-16;52;34;4;5;4;267031;176277;2634;311;3638
FR;5;2022-05-17;72;40;5;0;2;267103;176317;2639;311;3640
FR;5;2022-05-18;289;215;4;4;8;267392;176532;2643;315;3648
FR;5;2022-05-19;45;35;5;3;3;267437;176567;2648;318;3651
FR;5;2022-05-20;76;63;3;10;1;267513;176630;2651;328;3652
FR;5;2022-05-21;242;166;2;3;17;267755;176796;2653;331;3669
FR;5;2022-05-22;20;14;2;5;2;267775;176810;2655;336;3671
FR;5;2022-05-23;42;31;4;3;6;267817;176841;2659;339;3677
FR;5;2022-05-24;47;45;3;2;5;267864;176886;2662;341;3682
FR;5;2022-05-25;329;257;4;1;16;268193;177143;2666;342;3698
FR;5;2022-05-26;17;5;0;1;2;268210;177148;2666;343;3700
FR;5;2022-05-27;99;54;4;4;9;268309;177202;2670;347;3709
FR;5;2022-05-28;100;78;5;3;10;268409;177280;2675;350;3719
FR;5;2022-05-29;14;14;1;0;2;268423;177294;2676;350;3721
FR;5;2022-05-30;56;41;2;1;2;268479;177335;2678;351;3723
FR;5;2022-05-31;57;43;1;8;1;268536;177378;2679;359;3724
FR;5;2022-06-01;257;241;9;2;25;268793;177619;2688;361;3749
FR;5;2022-06-02;63;61;5;0;9;268856;177680;2693;361;3758
FR;5;2022-06-03;81;71;4;5;10;268937;177751;2697;366;3768
FR;5;2022-06-04;156;109;2;1;9;269093;177860;2699;367;3777
FR;5;2022-06-05;18;11;0;0;1;269111;177871;2699;367;3778
FR;5;2022-06-06;16;9;0;1;0;269127;177880;2699;368;3778
FR;5;2022-06-07;50;56;1;1;2;269177;177936;2700;369;3780
FR;5;2022-06-08;283;225;3;4;17;269460;178161;2703;373;3797
FR;5;2022-06-09;52;41;6;3;7;269512;178202;2709;376;3804
FR;5;2022-06-10;81;72;1;1;6;269593;178274;2710;377;3810
FR;5;2022-06-11;173;141;3;3;10;269766;178415;2713;380;3820
FR;5;2022-06-12;17;16;0;0;2;269783;178431;2713;380;3822
FR;5;2022-06-13;56;47;9;3;10;269839;178478;2722;383;3832
FR;5;2022-06-14;59;56;1;4;6;269898;178534;2723;387;3838
FR;5;2022-06-15;266;260;5;2;27;270164;178794;2728;389;3865
FR;5;2022-06-16;47;30;5;2;5;270211;178824;2733;391;3870
FR;5;2022-06-17;100;67;5;5;10;270311;178891;2738;396;3880
FR;5;2022-06-18;146;95;10;2;26;270457;178986;2748;398;3906
FR;5;2022-06-19;26;15;0;1;4;270483;179001;2748;399;3910
FR;5;2022-06-20;56;50;8;0;11;270539;179051;2756;399;3921
FR;5;2022-06-21;52;73;5;3;7;270591;179124;2761;402;3928
FR;5;2022-06-22;223;247;7;9;33;270814;179371;2768;411;3961
FR;5;2022-06-23;50;38;2;5;6;270864;179409;2770;416;3967
FR;5;2022-06-24;91;69;12;5;16;270955;179478;2782;421;3983
FR;5;2022-06-25;154;124;3;7;14;271109;179602;2785;428;3997
FR;5;2022-06-26;26;19;2;0;5;271135;179621;2787;428;4002
FR;5;2022-06-27;57;60;5;7;11;271192;179681;2792;435;4013
FR;5;2022-06-28;70;49;8;2;14;271262;179730;2800;437;4027
FR;5;2022-06-29;297;268;9;21;34;271559;179998;2809;458;4061
FR;5;2022-06-30;89;57;10;12;17;271648;180055;2819;470;4078
FR;5;2022-07-01;126;65;7;11;12;271774;180120;2826;481;4090
FR;5;2022-07-02;191;132;4;0;22;271965;180252;2830;481;4112
FR;5;2022-07-03;30;25;1;0;4;271995;180277;2831;481;4116
FR;5;2022-07-04;103;64;2;5;6;272098;180341;2833;486;4122
FR;5;2022-07-05;104;72;3;8;13;272202;180413;2836;494;4135
FR;5;2022-07-06;277;168;9;36;27;272479;180581;2845;530;4162
FR;5;2022-07-07;88;68;6;9;13;272567;180649;2851;539;4175
FR;5;2022-07-08;152;120;7;14;25;272719;180769;2858;553;4200
FR;5;2022-07-09;116;68;1;8;10;272835;180837;2859;561;4210
FR;5;2022-07-10;15;6;0;0;1;272850;180843;2859;561;4211
FR;5;2022-07-11;92;72;10;2;19;272942;180915;2869;563;4230
FR;5;2022-07-12;67;63;5;10;7;273009;180978;2874;573;4237
FR;5;2022-07-13;169;118;10;19;16;273178;181096;2884;592;4253
FR;5;2022-07-14;8;4;0;0;0;273186;181100;2884;592;4253
FR;5;2022-07-15;74;66;5;14;15;273260;181166;2889;606;4268
FR;5;2022-07-16;54;44;3;0;3;273314;181210;2892;606;4271
FR;5;2022-07-17;10;7;3;0;2;273324;181217;2895;606;4273
FR;5;2022-07-18;60;46;0;5;3;273384;181263;2895;611;4276
FR;5;2022-07-19;63;42;5;3;7;273447;181305;2900;614;4283
FR;5;2022-07-20;119;106;4;11;14;273566;181411;2904;625;4297
FR;5;2022-07-21;38;43;2;10;5;273604;181454;2906;635;4302
FR;5;2022-07-22;46;69;11;14;23;273650;181523;2917;649;4325
FR;5;2022-07-23;59;78;2;1;11;273709;181601;2919;650;4336
FR;5;2022-07-24;11;9;3;1;3;273720;181610;2922;651;4339
FR;5;2022-07-25;53;48;2;7;8;273773;181658;2924;658;4347
FR;5;2022-07-26;58;53;5;41;6;273831;181711;2929;699;4353
FR;5;2022-07-27;106;118;4;4;13;273937;181829;2933;703;4366
FR;5;2022-07-28;39;35;2;2;6;273976;181864;2935;705;4372
FR;5;2022-07-29;56;74;3;14;8;274032;181938;2938;719;4380
FR;5;2022-07-30;55;53;5;1;7;274087;181991;2943;720;4387
FR;5;2022-07-31;7;11;1;0;1;274094;182002;2944;720;4388
FR;5;2022-08-01;39;52;1;2;6;274133;182054;2945;722;4394
FR;5;2022-08-02;31;43;8;7;8;274164;182097;2953;729;4402
FR;5;2022-08-03;54;51;4;10;9;274218;182148;2957;739;4411
FR;5;2022-08-04;20;18;1;6;1;274238;182166;2958;745;4412
FR;5;2022-08-05;35;26;3;3;3;274273;182192;2961;748;4415
FR;5;2022-08-06;23;26;1;0;1;274296;182218;2962;748;4416
FR;5;2022-08-07;2;2;1;0;1;274298;182220;2963;748;4417
FR;5;2022-08-08;25;19;1;2;2;274323;182239;2964;750;4419
FR;5;2022-08-09;26;28;3;3;3;274349;182267;2967;753;4422
FR;5;2022-08-10;47;47;2;0;5;274396;182314;2969;753;4427
FR;5;2022-08-11;19;34;2;2;5;274415;182348;2971;755;4432
FR;5;2022-08-12;27;28;2;0;2;274442;182376;2973;755;4434
FR;5;2022-08-13;16;18;0;0;0;274458;182394;2973;755;4434
FR;5;2022-08-14;2;3;0;0;0;274460;182397;2973;755;4434
FR;5;2022-08-15;2;5;0;0;0;274462;182402;2973;755;4434
FR;5;2022-08-16;33;26;2;0;5;274495;182428;2975;755;4439
FR;5;2022-08-17;52;55;2;1;1;274547;182483;2977;756;4440
FR;5;2022-08-18;26;18;5;17;7;274573;182501;2982;773;4447
FR;5;2022-08-19;25;33;1;2;2;274598;182534;2983;775;4449
FR;5;2022-08-20;25;27;2;1;4;274623;182561;2985;776;4453
FR;5;2022-08-21;7;4;1;0;1;274630;182565;2986;776;4454
FR;5;2022-08-22;38;26;1;6;2;274668;182591;2987;782;4456
FR;5;2022-08-23;27;25;1;1;2;274695;182616;2988;783;4458
FR;5;2022-08-24;50;43;0;0;0;274745;182659;2988;783;4458
FR;5;2022-08-25;27;26;3;1;2;274772;182685;2991;784;4460
FR;5;2022-08-26;48;38;7;2;5;274820;182723;2998;786;4465
FR;5;2022-08-27;46;28;1;0;3;274866;182751;2999;786;4468
FR;5;2022-08-28;5;6;0;0;0;274871;182757;2999;786;4468
FR;5;2022-08-29;58;44;1;1;4;274929;182801;3000;787;4472
FR;5;2022-08-30;42;23;12;29;10;274971;182824;3012;816;4482
FR;5;2022-08-31;52;47;6;1;11;275023;182871;3018;817;4493
FR;5;2022-09-01;14;8;1;4;1;275037;182879;3019;821;4494
FR;5;2022-09-02;42;21;8;2;8;275079;182900;3027;823;4502
FR;5;2022-09-03;67;37;2;0;2;275146;182937;3029;823;4504
FR;5;2022-09-04;12;7;1;0;3;275158;182944;3030;823;4507
FR;5;2022-09-05;6;4;0;0;0;275164;182948;3030;823;4507
FR;5;2022-09-06;19;14;3;15;2;275183;182962;3033;838;4509
FR;5;2022-09-07;78;53;1;1;3;275261;183015;3034;839;4512
FR;5;2022-09-08;9;4;0;4;0;275270;183019;3034;843;4512
FR;5;2022-09-09;40;11;9;2;10;275310;183030;3043;845;4522
FR;5;2022-09-10;40;45;1;1;8;275350;183075;3044;846;4530
FR;5;2022-09-11;3;3;0;0;1;275353;183078;3044;846;4531
FR;5;2022-09-12;7;5;2;2;2;275360;183083;3046;848;4533
FR;5;2022-09-13;8;6;0;1;3;275368;183089;3046;849;4536
FR;5;2022-09-14;52;46;4;7;9;275420;183135;3050;856;4545
FR;5;2022-09-15;11;13;2;3;5;275431;183148;3052;859;4550
FR;5;2022-09-16;25;33;1;4;3;275456;183181;3053;863;4553
FR;5;2022-09-17;60;42;1;1;5;275516;183223;3054;864;4558
FR;5;2022-09-18;9;2;0;1;1;275525;183225;3054;865;4559
FR;5;2022-09-19;22;16;2;1;4;275547;183241;3056;866;4563
FR;5;2022-09-20;15;11;3;3;1;275562;183252;3059;869;4564
FR;5;2022-09-21;67;45;9;0;13;275629;183297;3068;869;4577
FR;5;2022-09-22;11;6;4;24;4;275640;183303;3072;893;4581
FR;5;2022-09-23;19;22;2;3;6;275659;183325;3074;896;4587
FR;5;2022-09-24;44;51;1;8;5;275703;183376;3075;904;4592
FR;5;2022-09-25;6;12;0;0;1;275709;183388;3075;904;4593
FR;5;2022-09-26;13;6;0;2;0;275722;183394;3075;906;4593
FR;5;2022-09-27;7;11;4;9;4;275729;183405;3079;915;4597
FR;5;2022-09-28;67;58;5;0;4;275796;183463;3084;915;4601
FR;6;2020-12-27;0;0;0;0;0;0;0;0;0;0
FR;6;2020-12-28;0;0;0;0;0;0;0;0;0;0
FR;6;2020-12-29;0;0;0;0;0;0;0;0;0;0
FR;6;2020-12-30;0;0;0;0;0;0;0;0;0;0
FR;6;2020-12-31;0;0;0;0;0;0;0;0;0;0
FR;6;2021-01-01;0;0;0;0;0;0;0;0;0;0
FR;6;2021-01-02;0;0;0;0;0;0;0;0;0;0
FR;6;2021-01-03;0;0;0;0;0;0;0;0;0;0
FR;6;2021-01-04;0;0;0;0;0;0;0;0;0;0
FR;6;2021-01-05;0;0;0;0;0;0;0;0;0;0
FR;6;2021-01-06;0;0;0;0;0;0;0;0;0;0
FR;6;2021-01-07;0;0;0;0;0;0;0;0;0;0
FR;6;2021-01-08;0;0;0;0;0;0;0;0;0;0
FR;6;2021-01-09;0;0;0;0;0;0;0;0;0;0
FR;6;2021-01-10;0;0;0;0;0;0;0;0;0;0
FR;6;2021-01-11;0;0;0;0;0;0;0;0;0;0
FR;6;2021-01-12;0;0;0;0;0;0;0;0;0;0
FR;6;2021-01-13;0;0;0;0;0;0;0;0;0;0
FR;6;2021-01-14;0;0;0;0;0;0;0;0;0;0
FR;6;2021-01-15;0;0;0;0;0;0;0;0;0;0
FR;6;2021-01-16;0;0;0;0;0;0;0;0;0;0
FR;6;2021-01-17;0;0;0;0;0;0;0;0;0;0
FR;6;2021-01-18;0;0;0;0;0;0;0;0;0;0
FR;6;2021-01-19;0;0;0;0;0;0;0;0;0;0
FR;6;2021-01-20;0;0;0;0;0;0;0;0;0;0
FR;6;2021-01-21;0;0;0;0;0;0;0;0;0;0
FR;6;2021-01-22;0;0;0;0;0;0;0;0;0;0
FR;6;2021-01-23;0;0;0;0;0;0;0;0;0;0
FR;6;2021-01-24;0;0;0;0;0;0;0;0;0;0
FR;6;2021-01-25;0;0;0;0;0;0;0;0;0;0
FR;6;2021-01-26;0;0;0;0;0;0;0;0;0;0
FR;6;2021-01-27;0;0;0;0;0;0;0;0;0;0
FR;6;2021-01-28;0;0;0;0;0;0;0;0;0;0
FR;6;2021-01-29;0;0;0;0;0;0;0;0;0;0
FR;6;2021-01-30;0;0;0;0;0;0;0;0;0;0
FR;6;2021-01-31;0;0;0;0;0;0;0;0;0;0
FR;6;2021-02-01;0;0;0;0;0;0;0;0;0;0
FR;6;2021-02-02;0;0;0;0;0;0;0;0;0;0
FR;6;2021-02-03;0;0;0;0;0;0;0;0;0;0
FR;6;2021-02-04;0;0;0;0;0;0;0;0;0;0
FR;6;2021-02-05;0;0;0;0;0;0;0;0;0;0
FR;6;2021-02-06;0;0;0;0;0;0;0;0;0;0
FR;6;2021-02-07;0;0;0;0;0;0;0;0;0;0
FR;6;2021-02-08;0;0;0;0;0;0;0;0;0;0
FR;6;2021-02-09;0;0;0;0;0;0;0;0;0;0
FR;6;2021-02-10;0;0;0;0;0;0;0;0;0;0
FR;6;2021-02-11;0;0;0;0;0;0;0;0;0;0
FR;6;2021-02-12;0;0;0;0;0;0;0;0;0;0
FR;6;2021-02-13;0;0;0;0;0;0;0;0;0;0
FR;6;2021-02-14;0;0;0;0;0;0;0;0;0;0
FR;6;2021-02-15;0;0;0;0;0;0;0;0;0;0
FR;6;2021-02-16;0;0;0;0;0;0;0;0;0;0
FR;6;2021-02-17;0;0;0;0;0;0;0;0;0;0
FR;6;2021-02-18;0;0;0;0;0;0;0;0;0;0
FR;6;2021-02-19;0;0;0;0;0;0;0;0;0;0
FR;6;2021-02-20;0;0;0;0;0;0;0;0;0;0
FR;6;2021-02-21;0;0;0;0;0;0;0;0;0;0
FR;6;2021-02-22;0;0;0;0;0;0;0;0;0;0
FR;6;2021-02-23;0;0;0;0;0;0;0;0;0;0
FR;6;2021-02-24;0;0;0;0;0;0;0;0;0;0
FR;6;2021-02-25;0;0;0;0;0;0;0;0;0;0
FR;6;2021-02-26;0;0;0;0;0;0;0;0;0;0
FR;6;2021-02-27;0;0;0;0;0;0;0;0;0;0
FR;6;2021-02-28;0;0;0;0;0;0;0;0;0;0
FR;6;2021-03-01;0;0;0;0;0;0;0;0;0;0
FR;6;2021-03-02;0;0;0;0;0;0;0;0;0;0
FR;6;2021-03-03;0;0;0;0;0;0;0;0;0;0
FR;6;2021-03-04;0;0;0;0;0;0;0;0;0;0
FR;6;2021-03-05;0;0;0;0;0;0;0;0;0;0
FR;6;2021-03-06;0;0;0;0;0;0;0;0;0;0
FR;6;2021-03-07;0;0;0;0;0;0;0;0;0;0
FR;6;2021-03-08;0;0;0;0;0;0;0;0;0;0
FR;6;2021-03-09;0;0;0;0;0;0;0;0;0;0
FR;6;2021-03-10;0;0;0;0;0;0;0;0;0;0
FR;6;2021-03-11;0;0;0;0;0;0;0;0;0;0
FR;6;2021-03-12;0;0;0;0;0;0;0;0;0;0
FR;6;2021-03-13;0;0;0;0;0;0;0;0;0;0
FR;6;2021-03-14;0;0;0;0;0;0;0;0;0;0
FR;6;2021-03-15;0;0;0;0;0;0;0;0;0;0
FR;6;2021-03-16;0;0;0;0;0;0;0;0;0;0
FR;6;2021-03-17;0;0;0;0;0;0;0;0;0;0
FR;6;2021-03-18;0;0;0;0;0;0;0;0;0;0
FR;6;2021-03-19;0;0;0;0;0;0;0;0;0;0
FR;6;2021-03-20;0;0;0;0;0;0;0;0;0;0
FR;6;2021-03-21;0;0;0;0;0;0;0;0;0;0
FR;6;2021-03-22;0;0;0;0;0;0;0;0;0;0
FR;6;2021-03-23;0;0;0;0;0;0;0;0;0;0
FR;6;2021-03-24;0;0;0;0;0;0;0;0;0;0
FR;6;2021-03-25;0;0;0;0;0;0;0;0;0;0
FR;6;2021-03-26;0;0;0;0;0;0;0;0;0;0
FR;6;2021-03-27;0;0;0;0;0;0;0;0;0;0
FR;6;2021-03-28;0;0;0;0;0;0;0;0;0;0
FR;6;2021-03-29;0;0;0;0;0;0;0;0;0;0
FR;6;2021-03-30;0;0;0;0;0;0;0;0;0;0
FR;6;2021-03-31;0;0;0;0;0;0;0;0;0;0
FR;6;2021-04-01;0;0;0;0;0;0;0;0;0;0
FR;6;2021-04-02;0;0;0;0;0;0;0;0;0;0
FR;6;2021-04-03;0;0;0;0;0;0;0;0;0;0
FR;6;2021-04-04;0;0;0;0;0;0;0;0;0;0
FR;6;2021-04-05;0;0;0;0;0;0;0;0;0;0
FR;6;2021-04-06;0;0;0;0;0;0;0;0;0;0
FR;6;2021-04-07;0;0;0;0;0;0;0;0;0;0
FR;6;2021-04-08;0;0;0;0;0;0;0;0;0;0
FR;6;2021-04-09;0;0;0;0;0;0;0;0;0;0
FR;6;2021-04-10;0;0;0;0;0;0;0;0;0;0
FR;6;2021-04-11;0;0;0;0;0;0;0;0;0;0
FR;6;2021-04-12;0;0;0;0;0;0;0;0;0;0
FR;6;2021-04-13;0;0;0;0;0;0;0;0;0;0
FR;6;2021-04-14;0;0;0;0;0;0;0;0;0;0
FR;6;2021-04-15;0;0;0;0;0;0;0;0;0;0
FR;6;2021-04-16;0;0;0;0;0;0;0;0;0;0
FR;6;2021-04-17;0;0;0;0;0;0;0;0;0;0
FR;6;2021-04-18;0;0;0;0;0;0;0;0;0;0
FR;6;2021-04-19;0;0;0;0;0;0;0;0;0;0
FR;6;2021-04-20;0;0;0;0;0;0;0;0;0;0
FR;6;2021-04-21;0;0;0;0;0;0;0;0;0;0
FR;6;2021-04-22;0;0;0;0;0;0;0;0;0;0
FR;6;2021-04-23;0;0;0;0;0;0;0;0;0;0
FR;6;2021-04-24;0;0;0;0;0;0;0;0;0;0
FR;6;2021-04-25;0;0;0;0;0;0;0;0;0;0
FR;6;2021-04-26;0;0;0;0;0;0;0;0;0;0
FR;6;2021-04-27;0;0;0;0;0;0;0;0;0;0
FR;6;2021-04-28;0;0;0;0;0;0;0;0;0;0
FR;6;2021-04-29;0;0;0;0;0;0;0;0;0;0
FR;6;2021-04-30;0;0;0;0;0;0;0;0;0;0
FR;6;2021-05-01;0;0;0;0;0;0;0;0;0;0
FR;6;2021-05-02;0;0;0;0;0;0;0;0;0;0
FR;6;2021-05-03;0;0;0;0;0;0;0;0;0;0
FR;6;2021-05-04;0;0;0;0;0;0;0;0;0;0
FR;6;2021-05-05;0;0;0;0;0;0;0;0;0;0
FR;6;2021-05-06;0;0;0;0;0;0;0;0;0;0
FR;6;2021-05-07;0;0;0;0;0;0;0;0;0;0
FR;6;2021-05-08;0;0;0;0;0;0;0;0;0;0
FR;6;2021-05-09;0;0;0;0;0;0;0;0;0;0
FR;6;2021-05-10;0;0;0;0;0;0;0;0;0;0
FR;6;2021-05-11;0;0;0;0;0;0;0;0;0;0
FR;6;2021-05-12;0;0;0;0;0;0;0;0;0;0
FR;6;2021-05-13;0;0;0;0;0;0;0;0;0;0
FR;6;2021-05-14;0;0;0;0;0;0;0;0;0;0
FR;6;2021-05-15;0;0;0;0;0;0;0;0;0;0
FR;6;2021-05-16;0;0;0;0;0;0;0;0;0;0
FR;6;2021-05-17;0;0;0;0;0;0;0;0;0;0
FR;6;2021-05-18;0;0;0;0;0;0;0;0;0;0
FR;6;2021-05-19;0;0;0;0;0;0;0;0;0;0
FR;6;2021-05-20;0;0;0;0;0;0;0;0;0;0
FR;6;2021-05-21;0;0;0;0;0;0;0;0;0;0
FR;6;2021-05-22;0;0;0;0;0;0;0;0;0;0
FR;6;2021-05-23;0;0;0;0;0;0;0;0;0;0
FR;6;2021-05-24;0;0;0;0;0;0;0;0;0;0
FR;6;2021-05-25;0;0;0;0;0;0;0;0;0;0
FR;6;2021-05-26;0;0;0;0;0;0;0;0;0;0
FR;6;2021-05-27;0;0;0;0;0;0;0;0;0;0
FR;6;2021-05-28;0;0;0;0;0;0;0;0;0;0
FR;6;2021-05-29;0;0;0;0;0;0;0;0;0;0
FR;6;2021-05-30;0;0;0;0;0;0;0;0;0;0
FR;6;2021-05-31;0;0;0;0;0;0;0;0;0;0
FR;6;2021-06-01;0;0;0;0;0;0;0;0;0;0
FR;6;2021-06-02;0;0;0;0;0;0;0;0;0;0
FR;6;2021-06-03;0;0;0;0;0;0;0;0;0;0
FR;6;2021-06-04;0;0;0;0;0;0;0;0;0;0
FR;6;2021-06-05;0;0;0;0;0;0;0;0;0;0
FR;6;2021-06-06;0;0;0;0;0;0;0;0;0;0
FR;6;2021-06-07;0;0;0;0;0;0;0;0;0;0
FR;6;2021-06-08;0;0;0;0;0;0;0;0;0;0
FR;6;2021-06-09;0;0;0;0;0;0;0;0;0;0
FR;6;2021-06-10;0;0;0;0;0;0;0;0;0;0
FR;6;2021-06-11;0;0;0;0;0;0;0;0;0;0
FR;6;2021-06-12;0;0;0;0;0;0;0;0;0;0
FR;6;2021-06-13;0;0;0;0;0;0;0;0;0;0
FR;6;2021-06-14;0;0;0;0;0;0;0;0;0;0
FR;6;2021-06-15;0;0;0;0;0;0;0;0;0;0
FR;6;2021-06-16;0;0;0;0;0;0;0;0;0;0
FR;6;2021-06-17;0;0;0;0;0;0;0;0;0;0
FR;6;2021-06-18;0;0;0;0;0;0;0;0;0;0
FR;6;2021-06-19;0;0;0;0;0;0;0;0;0;0
FR;6;2021-06-20;0;0;0;0;0;0;0;0;0;0
FR;6;2021-06-21;0;0;0;0;0;0;0;0;0;0
FR;6;2021-06-22;0;0;0;0;0;0;0;0;0;0
FR;6;2021-06-23;0;0;0;0;0;0;0;0;0;0
FR;6;2021-06-24;0;0;0;0;0;0;0;0;0;0
FR;6;2021-06-25;0;0;0;0;0;0;0;0;0;0
FR;6;2021-06-26;0;0;0;0;0;0;0;0;0;0
FR;6;2021-06-27;0;0;0;0;0;0;0;0;0;0
FR;6;2021-06-28;0;0;0;0;0;0;0;0;0;0
FR;6;2021-06-29;0;0;0;0;0;0;0;0;0;0
FR;6;2021-06-30;0;0;0;0;0;0;0;0;0;0
FR;6;2021-07-01;0;0;0;0;0;0;0;0;0;0
FR;6;2021-07-02;0;0;0;0;0;0;0;0;0;0
FR;6;2021-07-03;0;0;0;0;0;0;0;0;0;0
FR;6;2021-07-04;0;0;0;0;0;0;0;0;0;0
FR;6;2021-07-05;0;0;0;0;0;0;0;0;0;0
FR;6;2021-07-06;0;0;0;0;0;0;0;0;0;0
FR;6;2021-07-07;0;0;0;0;0;0;0;0;0;0
FR;6;2021-07-08;0;0;0;0;0;0;0;0;0;0
FR;6;2021-07-09;0;0;0;0;0;0;0;0;0;0
FR;6;2021-07-10;0;0;0;0;0;0;0;0;0;0
FR;6;2021-07-11;0;0;0;0;0;0;0;0;0;0
FR;6;2021-07-12;0;0;0;0;0;0;0;0;0;0
FR;6;2021-07-13;0;0;0;0;0;0;0;0;0;0
FR;6;2021-07-14;0;0;0;0;0;0;0;0;0;0
FR;6;2021-07-15;0;0;0;0;0;0;0;0;0;0
FR;6;2021-07-16;0;0;0;0;0;0;0;0;0;0
FR;6;2021-07-17;0;0;0;0;0;0;0;0;0;0
FR;6;2021-07-18;0;0;0;0;0;0;0;0;0;0
FR;6;2021-07-19;0;0;0;0;0;0;0;0;0;0
FR;6;2021-07-20;0;0;0;0;0;0;0;0;0;0
FR;6;2021-07-21;0;0;0;0;0;0;0;0;0;0
FR;6;2021-07-22;0;0;0;0;0;0;0;0;0;0
FR;6;2021-07-23;0;0;0;0;0;0;0;0;0;0
FR;6;2021-07-24;0;0;0;0;0;0;0;0;0;0
FR;6;2021-07-25;0;0;0;0;0;0;0;0;0;0
FR;6;2021-07-26;0;0;0;0;0;0;0;0;0;0
FR;6;2021-07-27;0;0;0;0;0;0;0;0;0;0
FR;6;2021-07-28;0;0;0;0;0;0;0;0;0;0
FR;6;2021-07-29;0;0;0;0;0;0;0;0;0;0
FR;6;2021-07-30;0;0;0;0;0;0;0;0;0;0
FR;6;2021-07-31;0;0;0;0;0;0;0;0;0;0
FR;6;2021-08-01;0;0;0;0;0;0;0;0;0;0
FR;6;2021-08-02;0;0;0;0;0;0;0;0;0;0
FR;6;2021-08-03;0;0;0;0;0;0;0;0;0;0
FR;6;2021-08-04;0;0;0;0;0;0;0;0;0;0
FR;6;2021-08-05;0;0;0;0;0;0;0;0;0;0
FR;6;2021-08-06;0;0;0;0;0;0;0;0;0;0
FR;6;2021-08-07;0;0;0;0;0;0;0;0;0;0
FR;6;2021-08-08;0;0;0;0;0;0;0;0;0;0
FR;6;2021-08-09;0;0;0;0;0;0;0;0;0;0
FR;6;2021-08-10;0;0;0;0;0;0;0;0;0;0
FR;6;2021-08-11;0;0;0;0;0;0;0;0;0;0
FR;6;2021-08-12;0;0;0;0;0;0;0;0;0;0
FR;6;2021-08-13;0;0;0;0;0;0;0;0;0;0
FR;6;2021-08-14;0;0;0;0;0;0;0;0;0;0
FR;6;2021-08-15;0;0;0;0;0;0;0;0;0;0
FR;6;2021-08-16;0;0;0;0;0;0;0;0;0;0
FR;6;2021-08-17;0;0;0;0;0;0;0;0;0;0
FR;6;2021-08-18;0;0;0;0;0;0;0;0;0;0
FR;6;2021-08-19;0;0;0;0;0;0;0;0;0;0
FR;6;2021-08-20;0;0;0;0;0;0;0;0;0;0
FR;6;2021-08-21;0;0;0;0;0;0;0;0;0;0
FR;6;2021-08-22;0;0;0;0;0;0;0;0;0;0
FR;6;2021-08-23;0;0;0;0;0;0;0;0;0;0
FR;6;2021-08-24;0;0;0;0;0;0;0;0;0;0
FR;6;2021-08-25;0;0;0;0;0;0;0;0;0;0
FR;6;2021-08-26;0;0;0;0;0;0;0;0;0;0
FR;6;2021-08-27;0;0;0;0;0;0;0;0;0;0
FR;6;2021-08-28;0;0;0;0;0;0;0;0;0;0
FR;6;2021-08-29;0;0;0;0;0;0;0;0;0;0
FR;6;2021-08-30;0;0;0;0;0;0;0;0;0;0
FR;6;2021-08-31;0;0;0;0;0;0;0;0;0;0
FR;6;2021-09-01;0;0;0;0;0;0;0;0;0;0
FR;6;2021-09-02;0;0;0;0;0;0;0;0;0;0
FR;6;2021-09-03;0;0;0;0;0;0;0;0;0;0
FR;6;2021-09-04;0;0;0;0;0;0;0;0;0;0
FR;6;2021-09-05;0;0;0;0;0;0;0;0;0;0
FR;6;2021-09-06;0;0;0;0;0;0;0;0;0;0
FR;6;2021-09-07;0;0;0;0;0;0;0;0;0;0
FR;6;2021-09-08;0;0;0;0;0;0;0;0;0;0
FR;6;2021-09-09;0;0;0;0;0;0;0;0;0;0
FR;6;2021-09-10;0;0;0;0;0;0;0;0;0;0
FR;6;2021-09-11;0;0;0;0;0;0;0;0;0;0
FR;6;2021-09-12;0;0;0;0;0;0;0;0;0;0
FR;6;2021-09-13;0;0;0;0;0;0;0;0;0;0
FR;6;2021-09-14;0;0;0;0;0;0;0;0;0;0
FR;6;2021-09-15;0;0;0;0;0;0;0;0;0;0
FR;6;2021-09-16;0;0;0;0;0;0;0;0;0;0
FR;6;2021-09-17;0;0;0;0;0;0;0;0;0;0
FR;6;2021-09-18;0;0;0;0;0;0;0;0;0;0
FR;6;2021-09-19;0;0;0;0;0;0;0;0;0;0
FR;6;2021-09-20;0;0;0;0;0;0;0;0;0;0
FR;6;2021-09-21;0;0;0;0;0;0;0;0;0;0
FR;6;2021-09-22;0;0;0;0;0;0;0;0;0;0
FR;6;2021-09-23;0;0;0;0;0;0;0;0;0;0
FR;6;2021-09-24;0;0;0;0;0;0;0;0;0;0
FR;6;2021-09-25;0;0;0;0;0;0;0;0;0;0
FR;6;2021-09-26;0;0;0;0;0;0;0;0;0;0
FR;6;2021-09-27;0;0;0;0;0;0;0;0;0;0
FR;6;2021-09-28;0;0;0;0;0;0;0;0;0;0
FR;6;2021-09-29;0;0;0;0;0;0;0;0;0;0
FR;6;2021-09-30;0;0;0;0;0;0;0;0;0;0
FR;6;2021-10-01;0;0;0;0;0;0;0;0;0;0
FR;6;2021-10-02;0;0;0;0;0;0;0;0;0;0
FR;6;2021-10-03;0;0;0;0;0;0;0;0;0;0
FR;6;2021-10-04;0;0;0;0;0;0;0;0;0;0
FR;6;2021-10-05;0;0;0;0;0;0;0;0;0;0
FR;6;2021-10-06;0;0;0;0;0;0;0;0;0;0
FR;6;2021-10-07;0;0;0;0;0;0;0;0;0;0
FR;6;2021-10-08;0;0;0;0;0;0;0;0;0;0
FR;6;2021-10-09;0;0;0;0;0;0;0;0;0;0
FR;6;2021-10-10;0;0;0;0;0;0;0;0;0;0
FR;6;2021-10-11;0;0;0;0;0;0;0;0;0;0
FR;6;2021-10-12;0;0;0;0;0;0;0;0;0;0
FR;6;2021-10-13;0;0;0;0;0;0;0;0;0;0
FR;6;2021-10-14;0;0;0;0;0;0;0;0;0;0
FR;6;2021-10-15;0;0;0;0;0;0;0;0;0;0
FR;6;2021-10-16;0;0;0;0;0;0;0;0;0;0
FR;6;2021-10-17;0;0;0;0;0;0;0;0;0;0
FR;6;2021-10-18;0;0;0;0;0;0;0;0;0;0
FR;6;2021-10-19;0;0;0;0;0;0;0;0;0;0
FR;6;2021-10-20;0;0;0;0;0;0;0;0;0;0
FR;6;2021-10-21;0;0;0;0;0;0;0;0;0;0
FR;6;2021-10-22;0;0;0;0;0;0;0;0;0;0
FR;6;2021-10-23;0;0;0;0;0;0;0;0;0;0
FR;6;2021-10-24;0;0;0;0;0;0;0;0;0;0
FR;6;2021-10-25;0;0;0;0;0;0;0;0;0;0
FR;6;2021-10-26;0;0;0;0;0;0;0;0;0;0
FR;6;2021-10-27;0;0;0;0;0;0;0;0;0;0
FR;6;2021-10-28;0;0;0;0;0;0;0;0;0;0
FR;6;2021-10-29;0;0;0;0;0;0;0;0;0;0
FR;6;2021-10-30;0;0;0;0;0;0;0;0;0;0
FR;6;2021-10-31;0;0;0;0;0;0;0;0;0;0
FR;6;2021-11-01;0;0;0;0;0;0;0;0;0;0
FR;6;2021-11-02;0;0;0;0;0;0;0;0;0;0
FR;6;2021-11-03;0;0;0;0;0;0;0;0;0;0
FR;6;2021-11-04;0;0;0;0;0;0;0;0;0;0
FR;6;2021-11-05;0;0;0;0;0;0;0;0;0;0
FR;6;2021-11-06;0;0;0;0;0;0;0;0;0;0
FR;6;2021-11-07;0;0;0;0;0;0;0;0;0;0
FR;6;2021-11-08;0;0;0;0;0;0;0;0;0;0
FR;6;2021-11-09;0;0;0;0;0;0;0;0;0;0
FR;6;2021-11-10;0;0;0;0;0;0;0;0;0;0
FR;6;2021-11-11;0;0;0;0;0;0;0;0;0;0
FR;6;2021-11-12;0;0;0;0;0;0;0;0;0;0
FR;6;2021-11-13;0;0;0;0;0;0;0;0;0;0
FR;6;2021-11-14;0;0;0;0;0;0;0;0;0;0
FR;6;2021-11-15;0;0;0;0;0;0;0;0;0;0
FR;6;2021-11-16;0;0;0;0;0;0;0;0;0;0
FR;6;2021-11-17;0;0;0;0;0;0;0;0;0;0
FR;6;2021-11-18;0;0;0;0;0;0;0;0;0;0
FR;6;2021-11-19;0;0;0;0;0;0;0;0;0;0
FR;6;2021-11-20;0;0;0;0;0;0;0;0;0;0
FR;6;2021-11-21;0;0;0;0;0;0;0;0;0;0
FR;6;2021-11-22;0;0;0;0;0;0;0;0;0;0
FR;6;2021-11-23;0;0;0;0;0;0;0;0;0;0
FR;6;2021-11-24;0;0;0;0;0;0;0;0;0;0
FR;6;2021-11-25;0;0;0;0;0;0;0;0;0;0
FR;6;2021-11-26;0;0;0;0;0;0;0;0;0;0
FR;6;2021-11-27;0;0;0;0;0;0;0;0;0;0
FR;6;2021-11-28;0;0;0;0;0;0;0;0;0;0
FR;6;2021-11-29;0;0;0;0;0;0;0;0;0;0
FR;6;2021-11-30;0;0;0;0;0;0;0;0;0;0
FR;6;2021-12-01;0;0;0;0;0;0;0;0;0;0
FR;6;2021-12-02;0;0;0;0;0;0;0;0;0;0
FR;6;2021-12-03;0;0;0;0;0;0;0;0;0;0
FR;6;2021-12-04;0;0;0;0;0;0;0;0;0;0
FR;6;2021-12-05;0;0;0;0;0;0;0;0;0;0
FR;6;2021-12-06;0;0;0;0;0;0;0;0;0;0
FR;6;2021-12-07;0;0;0;0;0;0;0;0;0;0
FR;6;2021-12-08;0;0;0;0;0;0;0;0;0;0
FR;6;2021-12-09;0;0;0;0;0;0;0;0;0;0
FR;6;2021-12-10;0;0;0;0;0;0;0;0;0;0
FR;6;2021-12-11;0;0;0;0;0;0;0;0;0;0
FR;6;2021-12-12;0;0;0;0;0;0;0;0;0;0
FR;6;2021-12-13;0;0;0;0;0;0;0;0;0;0
FR;6;2021-12-14;0;0;0;0;0;0;0;0;0;0
FR;6;2021-12-15;0;0;0;0;0;0;0;0;0;0
FR;6;2021-12-16;0;0;0;0;0;0;0;0;0;0
FR;6;2021-12-17;0;0;0;0;0;0;0;0;0;0
FR;6;2021-12-18;0;0;0;0;0;0;0;0;0;0
FR;6;2021-12-19;0;0;0;0;0;0;0;0;0;0
FR;6;2021-12-20;0;0;0;0;0;0;0;0;0;0
FR;6;2021-12-21;0;0;0;0;0;0;0;0;0;0
FR;6;2021-12-22;0;0;0;0;0;0;0;0;0;0
FR;6;2021-12-23;0;0;0;0;0;0;0;0;0;0
FR;6;2021-12-24;0;0;0;0;0;0;0;0;0;0
FR;6;2021-12-25;0;0;0;0;0;0;0;0;0;0
FR;6;2021-12-26;0;0;0;0;0;0;0;0;0;0
FR;6;2021-12-27;0;0;0;0;0;0;0;0;0;0
FR;6;2021-12-28;0;0;0;0;0;0;0;0;0;0
FR;6;2021-12-29;0;0;0;0;0;0;0;0;0;0
FR;6;2021-12-30;0;0;0;0;0;0;0;0;0;0
FR;6;2021-12-31;0;0;0;0;0;0;0;0;0;0
FR;6;2022-01-01;0;0;0;0;0;0;0;0;0;0
FR;6;2022-01-02;0;0;0;0;0;0;0;0;0;0
FR;6;2022-01-03;0;0;0;0;0;0;0;0;0;0
FR;6;2022-01-04;0;0;0;0;0;0;0;0;0;0
FR;6;2022-01-05;0;0;0;0;0;0;0;0;0;0
FR;6;2022-01-06;0;0;0;0;0;0;0;0;0;0
FR;6;2022-01-07;0;0;0;0;0;0;0;0;0;0
FR;6;2022-01-08;0;0;0;0;0;0;0;0;0;0
FR;6;2022-01-09;0;0;0;0;0;0;0;0;0;0
FR;6;2022-01-10;0;0;0;0;0;0;0;0;0;0
FR;6;2022-01-11;0;0;0;0;0;0;0;0;0;0
FR;6;2022-01-12;0;0;0;0;0;0;0;0;0;0
FR;6;2022-01-13;0;0;0;0;0;0;0;0;0;0
FR;6;2022-01-14;0;0;0;0;0;0;0;0;0;0
FR;6;2022-01-15;0;0;0;0;0;0;0;0;0;0
FR;6;2022-01-16;0;0;0;0;0;0;0;0;0;0
FR;6;2022-01-17;0;0;0;0;0;0;0;0;0;0
FR;6;2022-01-18;0;0;0;0;0;0;0;0;0;0
FR;6;2022-01-19;0;0;0;0;0;0;0;0;0;0
FR;6;2022-01-20;0;0;0;0;0;0;0;0;0;0
FR;6;2022-01-21;0;0;0;0;0;0;0;0;0;0
FR;6;2022-01-22;0;0;0;0;0;0;0;0;0;0
FR;6;2022-01-23;0;0;0;0;0;0;0;0;0;0
FR;6;2022-01-24;0;0;0;0;0;0;0;0;0;0
FR;6;2022-01-25;0;0;0;0;0;0;0;0;0;0
FR;6;2022-01-26;0;0;0;0;0;0;0;0;0;0
FR;6;2022-01-27;0;0;0;0;0;0;0;0;0;0
FR;6;2022-01-28;0;0;0;0;0;0;0;0;0;0
FR;6;2022-01-29;0;0;0;0;0;0;0;0;0;0
FR;6;2022-01-30;0;0;0;0;0;0;0;0;0;0
FR;6;2022-01-31;0;0;0;0;0;0;0;0;0;0
FR;6;2022-02-01;0;0;0;0;0;0;0;0;0;0
FR;6;2022-02-02;0;0;0;0;0;0;0;0;0;0
FR;6;2022-02-03;0;0;0;0;0;0;0;0;0;0
FR;6;2022-02-04;0;0;0;0;0;0;0;0;0;0
FR;6;2022-02-05;0;0;0;0;0;0;0;0;0;0
FR;6;2022-02-06;0;0;0;0;0;0;0;0;0;0
FR;6;2022-02-07;0;0;0;0;0;0;0;0;0;0
FR;6;2022-02-08;0;0;0;0;0;0;0;0;0;0
FR;6;2022-02-09;0;0;0;0;0;0;0;0;0;0
FR;6;2022-02-10;0;0;0;0;0;0;0;0;0;0
FR;6;2022-02-11;0;0;0;0;0;0;0;0;0;0
FR;6;2022-02-12;0;0;0;0;0;0;0;0;0;0
FR;6;2022-02-13;0;0;0;0;0;0;0;0;0;0
FR;6;2022-02-14;0;0;0;0;0;0;0;0;0;0
FR;6;2022-02-15;0;0;0;0;0;0;0;0;0;0
FR;6;2022-02-16;0;0;0;0;0;0;0;0;0;0
FR;6;2022-02-17;0;0;0;0;0;0;0;0;0;0
FR;6;2022-02-18;0;0;0;0;0;0;0;0;0;0
FR;6;2022-02-19;0;0;0;0;0;0;0;0;0;0
FR;6;2022-02-20;0;0;0;0;0;0;0;0;0;0
FR;6;2022-02-21;0;0;0;0;0;0;0;0;0;0
FR;6;2022-02-22;0;0;0;0;0;0;0;0;0;0
FR;6;2022-02-23;0;0;0;0;0;0;0;0;0;0
FR;6;2022-02-24;0;0;0;0;0;0;0;0;0;0
FR;6;2022-02-25;0;0;0;0;0;0;0;0;0;0
FR;6;2022-02-26;1;0;0;0;0;1;0;0;0;0
FR;6;2022-02-27;0;0;0;0;0;1;0;0;0;0
FR;6;2022-02-28;0;0;0;0;0;1;0;0;0;0
FR;6;2022-03-01;3;0;0;0;0;4;0;0;0;0
FR;6;2022-03-02;97;9;2;0;7;101;9;2;0;7
FR;6;2022-03-03;0;0;0;0;0;101;9;2;0;7
FR;6;2022-03-04;90;4;0;0;4;191;13;2;0;11
FR;6;2022-03-05;391;23;2;0;14;582;36;4;0;25
FR;6;2022-03-06;7;1;0;0;0;589;37;4;0;25
FR;6;2022-03-07;337;19;0;0;13;926;56;4;0;38
FR;6;2022-03-08;230;14;0;0;5;1156;70;4;0;43
FR;6;2022-03-09;519;29;2;0;21;1675;99;6;0;64
FR;6;2022-03-10;206;19;0;1;12;1881;118;6;1;76
FR;6;2022-03-11;328;21;6;0;21;2209;139;12;1;97
FR;6;2022-03-12;518;25;1;0;20;2727;164;13;1;117
FR;6;2022-03-13;40;2;0;0;1;2767;166;13;1;118
FR;6;2022-03-14;201;4;2;0;3;2968;170;15;1;121
FR;6;2022-03-15;112;11;2;0;9;3080;181;17;1;130
FR;6;2022-03-16;310;17;1;1;14;3390;198;18;2;144
FR;6;2022-03-17;117;6;1;2;4;3507;204;19;4;148
FR;6;2022-03-18;215;10;0;0;6;3722;214;19;4;154
FR;6;2022-03-19;307;19;2;0;9;4029;233;21;4;163
FR;6;2022-03-20;15;5;0;0;1;4044;238;21;4;164
FR;6;2022-03-21;132;23;1;0;4;4176;261;22;4;168
FR;6;2022-03-22;97;15;0;0;4;4273;276;22;4;172
FR;6;2022-03-23;226;108;3;0;14;4499;384;25;4;186
FR;6;2022-03-24;100;15;1;3;4;4599;399;26;7;190
FR;6;2022-03-25;203;141;2;1;15;4802;540;28;8;205
FR;6;2022-03-26;331;295;7;1;19;5133;835;35;9;224
FR;6;2022-03-27;32;30;1;0;1;5165;865;36;9;225
FR;6;2022-03-28;200;208;8;1;17;5365;1073;44;10;242
FR;6;2022-03-29;124;189;12;2;12;5489;1262;56;12;254
FR;6;2022-03-30;305;476;10;2;22;5794;1738;66;14;276
FR;6;2022-03-31;123;140;10;0;14;5917;1878;76;14;290
FR;6;2022-04-01;195;150;11;2;23;6112;2028;87;16;313
FR;6;2022-04-02;206;241;9;1;13;6318;2269;96;17;326
FR;6;2022-04-03;17;21;0;0;1;6335;2290;96;17;327
FR;6;2022-04-04;137;114;6;1;9;6472;2404;102;18;336
FR;6;2022-04-05;146;88;15;1;11;6618;2492;117;19;347
FR;6;2022-04-06;204;245;22;26;27;6822;2737;139;45;374
FR;6;2022-04-07;127;96;15;9;17;6949;2833;154;54;391
FR;6;2022-04-08;199;170;16;3;17;7148;3003;170;57;408
FR;6;2022-04-09;145;139;6;12;13;7293;3142;176;69;421
FR;6;2022-04-10;10;20;3;0;1;7303;3162;179;69;422
FR;6;2022-04-11;101;106;4;0;5;7404;3268;183;69;427
FR;6;2022-04-12;136;75;5;8;10;7540;3343;188;77;437
FR;6;2022-04-13;162;175;7;5;13;7702;3518;195;82;450
FR;6;2022-04-14;100;103;5;10;8;7802;3621;200;92;458
FR;6;2022-04-15;158;148;11;7;19;7960;3769;211;99;477
FR;6;2022-04-16;127;132;5;0;14;8087;3901;216;99;491
FR;6;2022-04-17;8;9;4;0;4;8095;3910;220;99;495
FR;6;2022-04-18;8;15;3;0;4;8103;3925;223;99;499
FR;6;2022-04-19;97;112;4;3;3;8200;4037;227;102;502
FR;6;2022-04-20;178;227;8;7;15;8378;4264;235;109;517
FR;6;2022-04-21;111;93;8;4;11;8489;4357;243;113;528
FR;6;2022-04-22;138;160;13;12;13;8627;4517;256;125;541
FR;6;2022-04-23;106;129;1;1;7;8733;4646;257;126;548
FR;6;2022-04-24;5;21;1;0;0;8738;4667;258;126;548
FR;6;2022-04-25;91;128;3;8;11;8829;4795;261;134;559
FR;6;2022-04-26;101;128;18;2;16;8930;4923;279;136;575
FR;6;2022-04-27;197;159;21;1;27;9127;5082;300;137;602
FR;6;2022-04-28;109;87;7;1;8;9236;5169;307;138;610
FR;6;2022-04-29;191;169;16;2;20;9427;5338;323;140;630
FR;6;2022-04-30;133;125;7;1;24;9560;5463;330;141;654
FR;6;2022-05-01;7;6;0;0;0;9567;5469;330;141;654
FR;6;2022-05-02;94;65;3;4;3;9661;5534;333;145;657
FR;6;2022-05-03;136;93;11;2;7;9797;5627;344;147;664
FR;6;2022-05-04;167;118;25;12;29;9964;5745;369;159;693
FR;6;2022-05-05;101;70;8;3;12;10065;5815;377;162;705
FR;6;2022-05-06;152;110;10;9;16;10217;5925;387;171;721
FR;6;2022-05-07;139;93;13;3;23;10356;6018;400;174;744
FR;6;2022-05-08;20;8;6;5;7;10376;6026;406;179;751
FR;6;2022-05-09;86;78;9;7;13;10462;6104;415;186;764
FR;6;2022-05-10;111;80;15;7;12;10573;6184;430;193;776
FR;6;2022-05-11;130;124;11;14;20;10703;6308;441;207;796
FR;6;2022-05-12;105;76;7;5;15;10808;6384;448;212;811
FR;6;2022-05-13;155;97;17;21;22;10963;6481;465;233;833
FR;6;2022-05-14;81;60;6;7;15;11044;6541;471;240;848
FR;6;2022-05-15;12;7;0;0;0;11056;6548;471;240;848
FR;6;2022-05-16;64;54;6;2;12;11120;6602;477;242;860
FR;6;2022-05-17;123;77;5;7;11;11243;6679;482;249;871
FR;6;2022-05-18;131;116;5;1;13;11374;6795;487;250;884
FR;6;2022-05-19;124;57;6;8;9;11498;6852;493;258;893
FR;6;2022-05-20;125;115;13;3;18;11623;6967;506;261;911
FR;6;2022-05-21;92;69;14;3;12;11715;7036;520;264;923
FR;6;2022-05-22;19;12;5;0;4;11734;7048;525;264;927
FR;6;2022-05-23;77;72;4;2;7;11811;7120;529;266;934
FR;6;2022-05-24;117;98;8;2;16;11928;7218;537;268;950
FR;6;2022-05-25;139;129;6;3;11;12067;7347;543;271;961
FR;6;2022-05-26;7;9;3;0;9;12074;7356;546;271;970
FR;6;2022-05-27;127;105;15;11;18;12201;7461;561;282;988
FR;6;2022-05-28;53;75;1;5;8;12254;7536;562;287;996
FR;6;2022-05-29;8;10;0;0;1;12262;7546;562;287;997
FR;6;2022-05-30;70;70;7;4;4;12332;7616;569;291;1001
FR;6;2022-05-31;87;102;10;2;14;12419;7718;579;293;1015
FR;6;2022-06-01;97;89;10;1;11;12516;7807;589;294;1026
FR;6;2022-06-02;91;60;6;3;9;12607;7867;595;297;1035
FR;6;2022-06-03;126;102;13;7;21;12733;7969;608;304;1056
FR;6;2022-06-04;63;51;10;0;12;12796;8020;618;304;1068
FR;6;2022-06-05;16;15;2;1;4;12812;8035;620;305;1072
FR;6;2022-06-06;9;6;0;0;0;12821;8041;620;305;1072
FR;6;2022-06-07;79;90;3;4;8;12900;8131;623;309;1080
FR;6;2022-06-08;92;110;13;5;20;12992;8241;636;314;1100
FR;6;2022-06-09;75;81;15;3;15;13067;8322;651;317;1115
FR;6;2022-06-10;116;93;26;10;22;13183;8415;677;327;1137
FR;6;2022-06-11;83;62;6;10;12;13266;8477;683;337;1149
FR;6;2022-06-12;6;14;1;0;2;13272;8491;684;337;1151
FR;6;2022-06-13;74;59;18;1;7;13346;8550;702;338;1158
FR;6;2022-06-14;98;100;8;5;16;13444;8650;710;343;1174
FR;6;2022-06-15;80;86;7;8;15;13524;8736;717;351;1189
FR;6;2022-06-16;53;40;11;7;14;13577;8776;728;358;1203
FR;6;2022-06-17;86;85;3;13;11;13663;8861;731;371;1214
FR;6;2022-06-18;71;61;13;0;21;13734;8922;744;371;1235
FR;6;2022-06-19;6;6;3;0;4;13740;8928;747;371;1239
FR;6;2022-06-20;42;41;4;1;6;13782;8969;751;372;1245
FR;6;2022-06-21;59;73;10;7;17;13841;9042;761;379;1262
FR;6;2022-06-22;86;85;8;2;17;13927;9127;769;381;1279
FR;6;2022-06-23;64;39;13;7;15;13991;9166;782;388;1294
FR;6;2022-06-24;77;85;7;14;20;14068;9251;789;402;1314
FR;6;2022-06-25;67;61;4;3;8;14135;9312;793;405;1322
FR;6;2022-06-26;6;7;1;0;1;14141;9319;794;405;1323
FR;6;2022-06-27;53;50;4;9;12;14194;9369;798;414;1335
FR;6;2022-06-28;68;47;6;3;15;14262;9416;804;417;1350
FR;6;2022-06-29;98;117;26;37;19;14360;9533;830;454;1369
FR;6;2022-06-30;84;59;33;10;12;14444;9592;863;464;1381
FR;6;2022-07-01;115;94;25;33;18;14559;9686;888;497;1399
FR;6;2022-07-02;58;67;26;2;37;14617;9753;914;499;1436
FR;6;2022-07-03;11;4;4;3;4;14628;9757;918;502;1440
FR;6;2022-07-04;61;43;3;23;13;14689;9800;921;525;1453
FR;6;2022-07-05;65;53;19;67;27;14754;9853;940;592;1480
FR;6;2022-07-06;94;64;7;11;12;14848;9917;947;603;1492
FR;6;2022-07-07;99;79;42;37;14;14947;9996;989;640;1506
FR;6;2022-07-08;139;87;42;27;10;15086;10083;1031;667;1516
FR;6;2022-07-09;53;51;16;29;27;15139;10134;1047;696;1543
FR;6;2022-07-10;3;7;8;0;9;15142;10141;1055;696;1552
FR;6;2022-07-11;54;44;5;4;12;15196;10185;1060;700;1564
FR;6;2022-07-12;70;72;12;23;12;15266;10257;1072;723;1576
FR;6;2022-07-13;84;65;14;21;25;15350;10322;1086;744;1601
FR;6;2022-07-14;4;3;1;0;1;15354;10325;1087;744;1602
FR;6;2022-07-15;74;59;9;57;16;15428;10384;1096;801;1618
FR;6;2022-07-16;27;31;17;0;17;15455;10415;1113;801;1635
FR;6;2022-07-17;3;7;0;0;0;15458;10422;1113;801;1635
FR;6;2022-07-18;37;62;11;14;15;15495;10484;1124;815;1650
FR;6;2022-07-19;54;48;4;19;6;15549;10532;1128;834;1656
FR;6;2022-07-20;53;70;7;22;11;15602;10602;1135;856;1667
FR;6;2022-07-21;50;60;4;7;11;15652;10662;1139;863;1678
FR;6;2022-07-22;55;74;7;26;8;15707;10736;1146;889;1686
FR;6;2022-07-23;38;40;6;10;6;15745;10776;1152;899;1692
FR;6;2022-07-24;11;14;1;3;3;15756;10790;1153;902;1695
FR;6;2022-07-25;60;44;8;12;9;15816;10834;1161;914;1704
FR;6;2022-07-26;47;64;14;6;10;15863;10898;1175;920;1714
FR;6;2022-07-27;54;78;15;11;17;15917;10976;1190;931;1731
FR;6;2022-07-28;30;48;4;6;8;15947;11024;1194;937;1739
FR;6;2022-07-29;43;71;10;38;24;15990;11095;1204;975;1763
FR;6;2022-07-30;26;48;4;15;7;16016;11143;1208;990;1770
FR;6;2022-07-31;0;1;1;0;0;16016;11144;1209;990;1770
FR;6;2022-08-01;39;36;14;8;10;16055;11180;1223;998;1780
FR;6;2022-08-02;37;46;10;14;6;16092;11226;1233;1012;1786
FR;6;2022-08-03;29;52;7;16;11;16121;11278;1240;1028;1797
FR;6;2022-08-04;25;21;4;9;6;16146;11299;1244;1037;1803
FR;6;2022-08-05;43;45;1;7;5;16189;11344;1245;1044;1808
FR;6;2022-08-06;17;27;1;3;2;16206;11371;1246;1047;1810
FR;6;2022-08-07;1;2;0;0;0;16207;11373;1246;1047;1810
FR;6;2022-08-08;24;33;1;0;1;16231;11406;1247;1047;1811
FR;6;2022-08-09;22;30;6;3;3;16253;11436;1253;1050;1814
FR;6;2022-08-10;31;36;5;9;5;16284;11472;1258;1059;1819
FR;6;2022-08-11;33;33;1;1;1;16317;11505;1259;1060;1820
FR;6;2022-08-12;50;44;6;2;15;16367;11549;1265;1062;1835
FR;6;2022-08-13;9;20;0;0;1;16376;11569;1265;1062;1836
FR;6;2022-08-14;3;1;0;0;0;16379;11570;1265;1062;1836
FR;6;2022-08-15;2;3;1;0;0;16381;11573;1266;1062;1836
FR;6;2022-08-16;35;66;21;7;7;16416;11639;1287;1069;1843
FR;6;2022-08-17;32;44;10;9;10;16448;11683;1297;1078;1853
FR;6;2022-08-18;29;55;14;4;4;16477;11738;1311;1082;1857
FR;6;2022-08-19;30;45;5;4;3;16507;11783;1316;1086;1860
FR;6;2022-08-20;26;29;3;0;8;16533;11812;1319;1086;1868
FR;6;2022-08-21;1;5;2;0;0;16534;11817;1321;1086;1868
FR;6;2022-08-22;19;42;15;1;0;16553;11859;1336;1087;1868
FR;6;2022-08-23;34;45;6;7;6;16587;11904;1342;1094;1874
FR;6;2022-08-24;34;30;6;3;6;16621;11934;1348;1097;1880
FR;6;2022-08-25;25;27;1;1;5;16646;11961;1349;1098;1885
FR;6;2022-08-26;38;44;4;4;7;16684;12005;1353;1102;1892
FR;6;2022-08-27;19;21;7;3;8;16703;12026;1360;1105;1900
FR;6;2022-08-28;6;3;0;6;1;16709;12029;1360;1111;1901
FR;6;2022-08-29;26;22;2;6;3;16735;12051;1362;1117;1904
FR;6;2022-08-30;28;35;4;12;8;16763;12086;1366;1129;1912
FR;6;2022-08-31;35;38;2;11;3;16798;12124;1368;1140;1915
FR;6;2022-09-01;15;11;5;1;4;16813;12135;1373;1141;1919
FR;6;2022-09-02;19;14;2;1;3;16832;12149;1375;1142;1922
FR;6;2022-09-03;9;3;1;5;2;16841;12152;1376;1147;1924
FR;6;2022-09-04;2;1;0;0;0;16843;12153;1376;1147;1924
FR;6;2022-09-05;8;7;0;0;0;16851;12160;1376;1147;1924
FR;6;2022-09-06;7;9;7;12;6;16858;12169;1383;1159;1930
FR;6;2022-09-07;3;8;1;0;1;16861;12177;1384;1159;1931
FR;6;2022-09-08;5;4;0;2;1;16866;12181;1384;1161;1932
FR;6;2022-09-09;6;9;2;7;3;16872;12190;1386;1168;1935
FR;6;2022-09-10;3;4;1;0;1;16875;12194;1387;1168;1936
FR;6;2022-09-11;1;3;0;0;0;16876;12197;1387;1168;1936
FR;6;2022-09-12;10;4;1;0;3;16886;12201;1388;1168;1939
FR;6;2022-09-13;6;2;2;0;1;16892;12203;1390;1168;1940
FR;6;2022-09-14;7;7;1;0;3;16899;12210;1391;1168;1943
FR;6;2022-09-15;8;13;5;5;9;16907;12223;1396;1173;1952
FR;6;2022-09-16;24;38;1;1;3;16931;12261;1397;1174;1955
FR;6;2022-09-17;24;22;0;6;5;16955;12283;1397;1180;1960
FR;6;2022-09-18;4;4;0;0;1;16959;12287;1397;1180;1961
FR;6;2022-09-19;30;30;2;1;5;16989;12317;1399;1181;1966
FR;6;2022-09-20;34;25;1;4;6;17023;12342;1400;1185;1972
FR;6;2022-09-21;21;9;3;3;7;17044;12351;1403;1188;1979
FR;6;2022-09-22;19;28;1;22;3;17063;12379;1404;1210;1982
FR;6;2022-09-23;28;38;5;9;9;17091;12417;1409;1219;1991
FR;6;2022-09-24;16;16;4;2;6;17107;12433;1413;1221;1997
FR;6;2022-09-25;3;12;0;0;1;17110;12445;1413;1221;1998
FR;6;2022-09-26;16;13;0;18;5;17126;12458;1413;1239;2003
FR;6;2022-09-27;32;19;2;3;4;17158;12477;1415;1242;2007
FR;6;2022-09-28;25;10;8;11;4;17183;12487;1423;1253;2011
FR;0;2020-12-27;609;0;0;0;0;609;0;0;0;0
FR;0;2020-12-28;683;1;0;0;0;1292;1;0;0;0
FR;0;2020-12-29;384;0;0;0;0;1676;1;0;0;0
FR;0;2020-12-30;444;0;0;0;0;2120;1;0;0;0
FR;0;2020-12-31;442;1;0;0;0;2562;2;0;0;0
FR;0;2021-01-01;1158;2;0;0;0;3720;4;0;0;0
FR;0;2021-01-02;364;3;0;0;0;4084;7;0;0;0
FR;0;2021-01-03;404;0;0;0;0;4488;7;0;0;0
FR;0;2021-01-04;2115;4;0;0;0;6603;11;0;0;0
FR;0;2021-01-05;7752;3;0;0;0;14355;14;0;0;0
FR;0;2021-01-06;12456;17;0;0;0;26811;31;0;0;0
FR;0;2021-01-07;29468;17;0;0;0;56279;48;0;0;0
FR;0;2021-01-08;37146;17;0;0;0;93425;65;0;0;0
FR;0;2021-01-09;11212;7;0;0;0;104637;72;0;0;0
FR;0;2021-01-10;6008;7;0;0;0;110645;79;0;0;0
FR;0;2021-01-11;39937;24;0;0;0;150582;103;0;0;0
FR;0;2021-01-12;62143;20;0;0;0;212725;123;0;0;0
FR;0;2021-01-13;65121;44;0;0;0;277846;167;0;0;0
FR;0;2021-01-14;83117;156;0;0;0;360963;323;0;0;0
FR;0;2021-01-15;69010;66;0;0;0;429973;389;0;0;0
FR;0;2021-01-16;20217;72;0;0;0;450190;461;0;0;0
FR;0;2021-01-17;10986;51;0;0;0;461176;512;0;0;0
FR;0;2021-01-18;85907;171;0;0;0;547083;683;0;0;0
FR;0;2021-01-19;130602;189;0;0;0;677685;872;0;0;0
FR;0;2021-01-20;137552;188;0;0;0;815237;1060;0;0;0
FR;0;2021-01-21;158407;184;0;0;0;973644;1244;0;0;0
FR;0;2021-01-22;121066;234;0;0;0;1094710;1478;0;0;0
FR;0;2021-01-23;38481;69;0;0;0;1133191;1547;0;0;0
FR;0;2021-01-24;9745;100;0;0;0;1142936;1647;0;0;0
FR;0;2021-01-25;78241;1348;0;0;0;1221177;2995;0;0;0
FR;0;2021-01-26;100378;3507;1;0;0;1321555;6502;1;0;0
FR;0;2021-01-27;107248;6151;0;0;0;1428803;12653;1;0;0
FR;0;2021-01-28;124357;15678;0;0;0;1553160;28331;1;0;0
FR;0;2021-01-29;92188;18217;0;0;0;1645348;46548;1;0;0
FR;0;2021-01-30;29123;4418;0;0;0;1674471;50966;1;0;0
FR;0;2021-01-31;5234;1821;0;0;0;1679705;52787;1;0;0
FR;0;2021-02-01;53133;22133;0;0;0;1732838;74920;1;0;0
FR;0;2021-02-02;72313;36989;0;0;0;1805151;111909;1;0;0
FR;0;2021-02-03;72307;39072;0;0;0;1877458;150981;1;0;0
FR;0;2021-02-04;82080;53339;0;0;0;1959538;204320;1;0;0
FR;0;2021-02-05;68236;46912;0;0;0;2027774;251232;1;0;0
FR;0;2021-02-06;23027;11108;0;0;0;2050801;262340;1;0;0
FR;0;2021-02-07;5191;5688;0;0;0;2055992;268028;1;0;0
FR;0;2021-02-08;46839;47848;0;0;0;2102831;315876;1;0;0
FR;0;2021-02-09;66013;76392;0;0;0;2168844;392268;1;0;0
FR;0;2021-02-10;71019;81228;0;0;0;2239863;473496;1;0;0
FR;0;2021-02-11;87282;103767;0;0;0;2327145;577263;1;0;0
FR;0;2021-02-12;79327;75351;0;0;0;2406472;652614;1;0;0
FR;0;2021-02-13;22381;19569;0;0;0;2428853;672183;1;0;0
FR;0;2021-02-14;5076;7359;0;0;0;2433929;679542;1;0;0
FR;0;2021-02-15;38103;76740;0;0;0;2472032;756282;1;0;0
FR;0;2021-02-16;50398;100504;0;0;0;2522430;856786;1;0;0
FR;0;2021-02-17;50539;105924;20;0;0;2572969;962710;21;0;0
FR;0;2021-02-18;69788;122315;0;0;0;2642757;1085025;21;0;0
FR;0;2021-02-19;65070;91695;1;0;0;2707827;1176720;22;0;0
FR;0;2021-02-20;18589;28675;0;0;0;2726416;1205395;22;0;0
FR;0;2021-02-21;3323;6175;0;0;0;2729739;1211570;22;0;0
FR;0;2021-02-22;37498;73238;2;0;0;2767237;1284808;24;0;0
FR;0;2021-02-23;53782;85103;1;0;0;2821019;1369911;25;0;0
FR;0;2021-02-24;60019;82486;1;0;0;2881038;1452397;26;0;0
FR;0;2021-02-25;100579;91465;1;0;0;2981617;1543862;27;0;0
FR;0;2021-02-26;113470;70769;1;0;0;3095087;1614631;28;0;0
FR;0;2021-02-27;52108;22279;1;0;0;3147195;1636910;29;0;0
FR;0;2021-02-28;6202;4202;2;0;0;3153397;1641112;31;0;0
FR;0;2021-03-01;65896;53805;1;0;0;3219293;1694917;32;0;0
FR;0;2021-03-02;101385;67007;3;0;0;3320678;1761924;35;0;0
FR;0;2021-03-03;116532;65549;0;0;0;3437210;1827473;35;0;0
FR;0;2021-03-04;163629;71722;3;0;0;3600839;1899195;38;0;0
FR;0;2021-03-05;200932;62844;3;0;0;3801771;1962039;41;0;0
FR;0;2021-03-06;207962;17575;3;0;0;4009733;1979614;44;0;0
FR;0;2021-03-07;121276;4481;1;0;0;4131009;1984095;45;0;0
FR;0;2021-03-08;107152;49913;2;0;0;4238161;2034008;47;0;0
FR;0;2021-03-09;172460;56323;2;0;0;4410621;2090331;49;0;0
FR;0;2021-03-10;179005;57193;5;0;0;4589626;2147524;54;0;0
FR;0;2021-03-11;242899;63875;2;0;0;4832525;2211399;56;0;0
FR;0;2021-03-12;294825;53444;1;0;0;5127350;2264843;57;0;0
FR;0;2021-03-13;231414;15277;1;0;0;5358764;2280120;58;0;0
FR;0;2021-03-14;63355;3171;1;0;0;5422119;2283291;59;0;0
FR;0;2021-03-15;158665;31883;3;0;0;5580784;2315174;62;0;0
FR;0;2021-03-16;141567;39059;6;0;0;5722351;2354233;68;0;0
FR;0;2021-03-17;150495;37826;4;0;0;5872846;2392059;72;0;0
FR;0;2021-03-18;167843;44451;5;0;0;6040689;2436510;77;0;0
FR;0;2021-03-19;230017;36938;2;0;0;6270706;2473448;79;0;0
FR;0;2021-03-20;166693;11471;1;0;0;6437399;2484919;80;0;0
FR;0;2021-03-21;49944;2285;1;0;0;6487343;2487204;81;0;0
FR;0;2021-03-22;170058;33771;2;0;0;6657401;2520975;83;0;0
FR;0;2021-03-23;250394;42393;1;0;0;6907795;2563368;84;0;0
FR;0;2021-03-24;256910;43608;0;0;0;7164705;2606976;84;0;0
FR;0;2021-03-25;341814;45064;5;0;0;7506519;2652040;89;0;0
FR;0;2021-03-26;358805;41872;5;1;0;7865324;2693912;94;1;0
FR;0;2021-03-27;195263;16875;1;0;0;8060587;2710787;95;1;0
FR;0;2021-03-28;59342;4403;3;0;0;8119929;2715190;98;1;0
FR;0;2021-03-29;202983;53669;4;0;0;8322912;2768859;102;1;0
FR;0;2021-03-30;285485;69910;5;0;0;8608397;2838769;107;1;0
FR;0;2021-03-31;263041;73681;4;0;0;8871438;2912450;111;1;0
FR;0;2021-04-01;315505;91484;11;0;0;9186943;3003934;122;1;0
FR;0;2021-04-02;281348;93990;7;0;0;9468291;3097924;129;1;0
FR;0;2021-04-03;141079;62309;6;0;0;9609370;3160233;135;1;0
FR;0;2021-04-04;46530;18922;2;0;0;9655900;3179155;137;1;0
FR;0;2021-04-05;63343;10609;11;0;0;9719243;3189764;148;1;0
FR;0;2021-04-06;217225;111504;17;0;0;9936468;3301268;165;1;0
FR;0;2021-04-07;260263;115317;17;0;0;10196731;3416585;182;1;0
FR;0;2021-04-08;337841;122524;14;0;0;10534572;3539109;196;1;0
FR;0;2021-04-09;410162;116647;49;0;0;10944734;3655756;245;1;0
FR;0;2021-04-10;212625;82770;15;0;0;11157359;3738526;260;1;0
FR;0;2021-04-11;56148;34257;7;0;0;11213507;3772783;267;1;0
FR;0;2021-04-12;237077;115626;46;0;0;11450584;3888409;313;1;0
FR;0;2021-04-13;309494;144330;98;1;0;11760078;4032739;411;2;0
FR;0;2021-04-14;294535;139540;215;0;0;12054613;4172279;626;2;0
FR;0;2021-04-15;337110;149638;339;0;0;12391723;4321917;965;2;0
FR;0;2021-04-16;339295;146443;354;0;0;12731018;4468360;1319;2;0
FR;0;2021-04-17;188662;90000;109;0;0;12919680;4558360;1428;2;0
FR;0;2021-04-18;51620;35411;47;0;0;12971300;4593771;1475;2;0
FR;0;2021-04-19;205700;138199;456;0;0;13177000;4731970;1931;2;0
FR;0;2021-04-20;254424;171429;569;0;0;13431424;4903399;2500;2;0
FR;0;2021-04-21;253273;169531;835;0;0;13684697;5072930;3335;2;0
FR;0;2021-04-22;287567;189612;818;0;0;13972264;5262542;4153;2;0
FR;0;2021-04-23;297807;183984;747;0;0;14270071;5446526;4900;2;0
FR;0;2021-04-24;190455;111790;252;0;0;14460526;5558316;5152;2;0
FR;0;2021-04-25;69559;38796;51;0;0;14530085;5597112;5203;2;0
FR;0;2021-04-26;220964;157495;563;0;0;14751049;5754607;5766;2;0
FR;0;2021-04-27;284611;187694;940;0;0;15035660;5942301;6706;2;0
FR;0;2021-04-28;299506;183980;1426;1;1;15335166;6126281;8132;3;1
FR;0;2021-04-29;357131;197369;1278;0;0;15692297;6323650;9410;3;1
FR;0;2021-04-30;372222;185467;1121;1;0;16064519;6509117;10531;4;1
FR;0;2021-05-01;167645;52488;179;0;0;16232164;6561605;10710;4;1
FR;0;2021-05-02;91748;37801;83;0;0;16323912;6599406;10793;4;1
FR;0;2021-05-03;288929;166969;843;0;0;16612841;6766375;11636;4;1
FR;0;2021-05-04;315674;225031;1233;0;0;16928515;6991406;12869;4;1
FR;0;2021-05-05;327194;225726;1315;0;0;17255709;7217132;14184;4;1
FR;0;2021-05-06;379519;240311;1632;0;0;17635228;7457443;15816;4;1
FR;0;2021-05-07;372750;258002;1223;0;0;18007978;7715445;17039;4;1
FR;0;2021-05-08;222166;69759;299;0;0;18230144;7785204;17338;4;1
FR;0;2021-05-09;129704;45412;243;0;0;18359848;7830616;17581;4;1
FR;0;2021-05-10;313386;229235;1236;0;0;18673234;8059851;18817;4;1
FR;0;2021-05-11;403908;258037;1566;0;0;19077142;8317888;20383;4;1
FR;0;2021-05-12;434117;233468;1542;0;0;19511259;8551356;21925;4;1
FR;0;2021-05-13;338607;56654;432;0;0;19849866;8608010;22357;4;1
FR;0;2021-05-14;454132;167411;1126;0;0;20303998;8775421;23483;4;1
FR;0;2021-05-15;374975;94222;443;0;0;20678973;8869643;23926;4;1
FR;0;2021-05-16;202756;20708;168;0;0;20881729;8890351;24094;4;1
FR;0;2021-05-17;376120;148743;1553;0;0;21257849;9039094;25647;4;1
FR;0;2021-05-18;460148;153635;1989;0;0;21717997;9192729;27636;4;1
FR;0;2021-05-19;467407;143577;2463;0;0;22185404;9336306;30099;4;1
FR;0;2021-05-20;507535;160312;2339;0;0;22692939;9496618;32438;4;1
FR;0;2021-05-21;489667;174871;1996;0;0;23182606;9671489;34434;4;1
FR;0;2021-05-22;347191;80051;668;0;0;23529797;9751540;35102;4;1
FR;0;2021-05-23;161691;14268;246;0;0;23691488;9765808;35348;4;1
FR;0;2021-05-24;263193;33137;604;0;0;23954681;9798945;35952;4;1
FR;0;2021-05-25;400274;189971;2353;1;0;24354955;9988916;38305;5;1
FR;0;2021-05-26;413457;189915;2224;0;0;24768412;10178831;40529;5;1
FR;0;2021-05-27;449809;219428;2162;0;0;25218221;10398259;42691;5;1
FR;0;2021-05-28;429553;260325;1893;0;0;25647774;10658584;44584;5;1
FR;0;2021-05-29;298978;149978;585;0;0;25946752;10808562;45169;5;1
FR;0;2021-05-30;107143;32551;163;0;0;26053895;10841113;45332;5;1
FR;0;2021-05-31;358036;203338;1469;1;1;26411931;11044451;46801;6;2
FR;0;2021-06-01;431021;251353;1962;1;1;26842952;11295804;48763;7;3
FR;0;2021-06-02;420111;231733;1984;0;0;27263063;11527537;50747;7;3
FR;0;2021-06-03;465615;257988;1823;0;0;27728678;11785525;52570;7;3
FR;0;2021-06-04;456253;305356;1734;1;1;28184931;12090881;54304;8;4
FR;0;2021-06-05;304806;189267;652;0;0;28489737;12280148;54956;8;4
FR;0;2021-06-06;133310;49049;226;0;0;28623047;12329197;55182;8;4
FR;0;2021-06-07;339987;261655;1526;0;0;28963034;12590852;56708;8;4
FR;0;2021-06-08;393880;291125;1803;0;0;29356914;12881977;58511;8;4
FR;0;2021-06-09;384867;274656;1732;0;0;29741781;13156633;60243;8;4
FR;0;2021-06-10;404183;288182;1724;1;0;30145964;13444815;61967;9;4
FR;0;2021-06-11;386658;356751;1467;1;0;30532622;13801566;63434;10;4
FR;0;2021-06-12;283266;211091;495;0;0;30815888;14012657;63929;10;4
FR;0;2021-06-13;104885;73857;204;0;0;30920773;14086514;64133;10;4
FR;0;2021-06-14;240829;354654;1427;1;0;31161602;14441168;65560;11;4
FR;0;2021-06-15;308157;384970;1569;1;0;31469759;14826138;67129;12;4
FR;0;2021-06-16;313976;357526;1418;1;0;31783735;15183664;68547;13;4
FR;0;2021-06-17;317690;372810;1427;1;0;32101425;15556474;69974;14;4
FR;0;2021-06-18;321746;442601;1338;1;0;32423171;15999075;71312;15;4
FR;0;2021-06-19;224342;273867;449;0;0;32647513;16272942;71761;15;4
FR;0;2021-06-20;74431;102415;129;0;0;32721944;16375357;71890;15;4
FR;0;2021-06-21;195766;401692;1037;1;1;32917710;16777049;72927;16;5
FR;0;2021-06-22;223203;467496;1265;10;1;33140913;17244545;74192;26;6
FR;0;2021-06-23;234027;439984;1197;1;1;33374940;17684529;75389;27;7
FR;0;2021-06-24;241865;409572;1357;0;0;33616805;18094101;76746;27;7
FR;0;2021-06-25;227638;522733;1401;0;0;33844443;18616834;78147;27;7
FR;0;2021-06-26;153257;370840;587;1;0;33997700;18987674;78734;28;7
FR;0;2021-06-27;55900;156085;168;1;0;34053600;19143759;78902;29;7
FR;0;2021-06-28;154778;452712;1176;0;0;34208378;19596471;80078;29;7
FR;0;2021-06-29;182703;507339;2123;0;0;34391081;20103810;82201;29;7
FR;0;2021-06-30;204008;485102;2014;21;2;34595089;20588912;84215;50;9
FR;0;2021-07-01;231330;458177;2223;5;1;34826419;21047089;86438;55;10
FR;0;2021-07-02;228692;520143;2120;5;2;35055111;21567232;88558;60;12
FR;0;2021-07-03;142037;368744;908;3;1;35197148;21935976;89466;63;13
FR;0;2021-07-04;56752;141071;265;0;0;35253900;22077047;89731;63;13
FR;0;2021-07-05;168516;418998;1668;8;2;35422416;22496045;91399;71;15
FR;0;2021-07-06;196769;474630;1830;45;8;35619185;22970675;93229;116;23
FR;0;2021-07-07;213195;439164;1878;25;4;35832380;23409839;95107;141;27
FR;0;2021-07-08;231639;424192;2089;20;6;36064019;23834031;97196;161;33
FR;0;2021-07-09;228614;511005;2185;4;2;36292633;24345036;99381;165;35
FR;0;2021-07-10;148616;339909;983;1;1;36441249;24684945;100364;166;36
FR;0;2021-07-11;60197;110100;283;0;0;36501446;24795045;100647;166;36
FR;0;2021-07-12;169414;477999;1761;4;0;36670860;25273044;102408;170;36
FR;0;2021-07-13;287266;527025;2046;8;1;36958126;25800069;104454;178;37
FR;0;2021-07-14;181096;157514;435;0;0;37139222;25957583;104889;178;37
FR;0;2021-07-15;347093;502059;2099;1;0;37486315;26459642;106988;179;37
FR;0;2021-07-16;380102;495483;2023;3;1;37866417;26955125;109011;182;38
FR;0;2021-07-17;259722;319718;877;1;0;38126139;27274843;109888;183;38
FR;0;2021-07-18;109710;114632;310;0;0;38235849;27389475;110198;183;38
FR;0;2021-07-19;285471;424423;1629;3;0;38521320;27813898;111827;186;38
FR;0;2021-07-20;376918;451796;1723;0;0;38898238;28265694;113550;186;38
FR;0;2021-07-21;395786;407348;1549;4;2;39294024;28673042;115099;190;40
FR;0;2021-07-22;441044;387667;1715;4;2;39735068;29060709;116814;194;42
FR;0;2021-07-23;440327;422553;1882;4;1;40175395;29483262;118696;198;43
FR;0;2021-07-24;285248;269408;804;1;0;40460643;29752670;119500;199;43
FR;0;2021-07-25;121112;79955;234;0;0;40581755;29832625;119734;199;43
FR;0;2021-07-26;347419;322598;1614;3;2;40929174;30155223;121348;202;45
FR;0;2021-07-27;464066;319680;1697;4;2;41393240;30474903;123045;206;47
FR;0;2021-07-28;459437;289601;1636;4;2;41852677;30764504;124681;210;49
FR;0;2021-07-29;489823;276486;1796;2;0;42342500;31040990;126477;212;49
FR;0;2021-07-30;461821;302574;1941;5;1;42804321;31343564;128418;217;50
FR;0;2021-07-31;285397;185070;914;1;0;43089718;31528634;129332;218;50
FR;0;2021-08-01;112018;49935;253;0;0;43201736;31578569;129585;218;50
FR;0;2021-08-02;341604;234257;1602;2;0;43543340;31812826;131187;220;50
FR;0;2021-08-03;398604;244687;1728;2;1;43941944;32057513;132915;222;51
FR;0;2021-08-04;384849;209758;1593;6;3;44326793;32267271;134508;228;54
FR;0;2021-08-05;366164;228583;1710;0;0;44692957;32495854;136218;228;54
FR;0;2021-08-06;359725;271445;1835;4;1;45052682;32767299;138053;232;55
FR;0;2021-08-07;213114;178353;755;5;3;45265796;32945652;138808;237;58
FR;0;2021-08-08;74193;63206;275;0;0;45339989;33008858;139083;237;58
FR;0;2021-08-09;258753;258993;1547;4;3;45598742;33267851;140630;241;61
FR;0;2021-08-10;306852;277449;1662;2;1;45905594;33545300;142292;243;62
FR;0;2021-08-11;279734;259856;1441;5;1;46185328;33805156;143733;248;63
FR;0;2021-08-12;271540;278281;1662;3;0;46456868;34083437;145395;251;63
FR;0;2021-08-13;252150;278121;1592;3;2;46709018;34361558;146987;254;65
FR;0;2021-08-14;145337;197160;740;0;0;46854355;34558718;147727;254;65
FR;0;2021-08-15;39379;50110;217;1;0;46893734;34608828;147944;255;65
FR;0;2021-08-16;186181;317753;1542;0;0;47079915;34926581;149486;255;65
FR;0;2021-08-17;215682;336104;1636;7;0;47295597;35262685;151122;262;65
FR;0;2021-08-18;199050;324546;1597;7;4;47494647;35587231;152719;269;69
FR;0;2021-08-19;192031;325547;1640;1;0;47686678;35912778;154359;270;69
FR;0;2021-08-20;186460;366321;1818;3;2;47873138;36279099;156177;273;71
FR;0;2021-08-21;104795;238127;707;0;0;47977933;36517226;156884;273;71
FR;0;2021-08-22;31942;87214;256;1;1;48009875;36604440;157140;274;72
FR;0;2021-08-23;140981;357115;1561;3;1;48150856;36961555;158701;277;73
FR;0;2021-08-24;162485;376762;1849;5;1;48313341;37338317;160550;282;74
FR;0;2021-08-25;151138;350829;2033;8;2;48464479;37689146;162583;290;76
FR;0;2021-08-26;142874;342799;2560;10;0;48607353;38031945;165143;300;76
FR;0;2021-08-27;148452;388303;2790;11;3;48755805;38420248;167933;311;79
FR;0;2021-08-28;90662;249605;1406;0;0;48846467;38669853;169339;311;79
FR;0;2021-08-29;27319;83344;518;1;0;48873786;38753197;169857;312;79
FR;0;2021-08-30;117414;324751;4712;6;5946;48991200;39077948;174569;318;6025
FR;0;2021-08-31;128805;334534;10187;19;11816;49120005;39412482;184756;337;17841
FR;0;2021-09-01;136138;285704;22431;7;24377;49256143;39698186;207187;344;42218
FR;0;2021-09-02;114668;247253;26516;20;28963;49370811;39945439;233703;364;71181
FR;0;2021-09-03;118308;292704;29963;24;33039;49489119;40238143;263666;388;104220
FR;0;2021-09-04;89889;217775;12585;12;14123;49579008;40455918;276251;400;118343
FR;0;2021-09-05;21358;44832;4395;2;4718;49600366;40500750;280646;402;123061
FR;0;2021-09-06;75677;180646;31953;16;34302;49676043;40681396;312599;418;157363
FR;0;2021-09-07;80300;181246;33243;43;36241;49756343;40862642;345842;461;193604
FR;0;2021-09-08;90987;206101;29661;28;32512;49847330;41068743;375503;489;226116
FR;0;2021-09-09;76937;165364;33065;27;36623;49924267;41234107;408568;516;262739
FR;0;2021-09-10;96035;203795;35736;28;40671;50020302;41437902;444304;544;303410
FR;0;2021-09-11;67161;169299;12138;19;14375;50087463;41607201;456442;563;317785
FR;0;2021-09-12;12825;32103;2776;1;3178;50100288;41639304;459218;564;320963
FR;0;2021-09-13;64556;126248;41223;35;44172;50164844;41765552;500441;599;365135
FR;0;2021-09-14;73486;129074;56368;80;62273;50238330;41894626;556809;679;427408
FR;0;2021-09-15;76636;167820;55661;58;54837;50314966;42062446;612470;737;482245
FR;0;2021-09-16;63880;114538;60083;82;60100;50378846;42176984;672553;819;542345
FR;0;2021-09-17;75081;156840;53852;71;57299;50453927;42333824;726405;890;599644
FR;0;2021-09-18;48234;139629;15601;25;17310;50502161;42473453;742006;915;616954
FR;0;2021-09-19;7906;23684;2437;1;2617;50510067;42497137;744443;916;619571
FR;0;2021-09-20;44566;93840;50081;72;50335;50554633;42590977;794524;988;669906
FR;0;2021-09-21;45892;98438;62760;75;63457;50600525;42689415;857284;1063;733363
FR;0;2021-09-22;48671;142396;55368;82;55426;50649196;42831811;912652;1145;788789
FR;0;2021-09-23;43270;92096;62391;94;63556;50692466;42923907;975043;1239;852345
FR;0;2021-09-24;52293;133332;54551;107;59182;50744759;43057239;1029594;1346;911527
FR;0;2021-09-25;35216;115626;16273;36;18296;50779975;43172865;1045867;1382;929823
FR;0;2021-09-26;5547;17807;2269;5;2327;50785522;43190672;1048136;1387;932150
FR;0;2021-09-27;33973;76947;47197;97;48172;50819495;43267619;1095333;1484;980322
FR;0;2021-09-28;36518;75266;54964;89;56541;50856013;43342885;1150297;1573;1036863
FR;0;2021-09-29;44385;100789;53350;112;54861;50900398;43443674;1203647;1685;1091724
FR;0;2021-09-30;36317;72955;57035;97;59571;50936715;43516629;1260682;1782;1151295
FR;0;2021-10-01;61698;102901;57806;108;63941;50998413;43619530;1318488;1890;1215236
FR;0;2021-10-02;39456;78440;20961;39;23360;51037869;43697970;1339449;1929;1238596
FR;0;2021-10-03;5285;10503;2531;4;2540;51043154;43708473;1341980;1933;1241136
FR;0;2021-10-04;35148;58525;52619;84;54831;51078302;43766998;1394599;2017;1295967
FR;0;2021-10-05;33892;64375;61012;135;65060;51112194;43831373;1455611;2152;1361027
FR;0;2021-10-06;42691;79324;65744;113;68319;51154885;43910697;1521355;2265;1429346
FR;0;2021-10-07;30527;62266;65427;90;68837;51185412;43972963;1586782;2355;1498183
FR;0;2021-10-08;49453;91918;77753;110;84722;51234865;44064881;1664535;2465;1582905
FR;0;2021-10-09;33658;60949;31543;35;33922;51268523;44125830;1696078;2500;1616827
FR;0;2021-10-10;4708;7438;3193;9;3481;51273231;44133268;1699271;2509;1620308
FR;0;2021-10-11;30693;49938;61041;105;64096;51303924;44183206;1760312;2614;1684404
FR;0;2021-10-12;31597;54502;70616;140;75972;51335521;44237708;1830928;2754;1760376
FR;0;2021-10-13;40104;62845;74431;136;79340;51375625;44300553;1905359;2890;1839716
FR;0;2021-10-14;30315;52911;68758;116;73820;51405940;44353464;1974117;3006;1913536
FR;0;2021-10-15;44900;75282;93240;191;102997;51450840;44428746;2067357;3197;2016533
FR;0;2021-10-16;31304;44121;36692;44;39636;51482144;44472867;2104049;3241;2056169
FR;0;2021-10-17;3841;5242;3595;2;3682;51485985;44478109;2107644;3243;2059851
FR;0;2021-10-18;29053;42393;67494;133;71355;51515038;44520502;2175138;3376;2131206
FR;0;2021-10-19;27151;45593;76406;140;81627;51542189;44566095;2251544;3516;2212833
FR;0;2021-10-20;35303;52467;96940;181;101541;51577492;44618562;2348484;3697;2314374
FR;0;2021-10-21;26136;45191;83968;112;89144;51603628;44663753;2432452;3809;2403518
FR;0;2021-10-22;38414;62518;104899;200;112594;51642042;44726271;2537351;4009;2516112
FR;0;2021-10-23;27006;41216;45456;57;48622;51669048;44767487;2582807;4066;2564734
FR;0;2021-10-24;2920;4773;3682;6;3931;51671968;44772260;2586489;4072;2568665
FR;0;2021-10-25;26057;36269;82331;144;86645;51698025;44808529;2668820;4216;2655310
FR;0;2021-10-26;23729;35046;87252;166;92367;51721754;44843575;2756072;4382;2747677
FR;0;2021-10-27;30082;46367;109008;257;114707;51751836;44889942;2865080;4639;2862384
FR;0;2021-10-28;23583;34979;88714;153;94486;51775419;44924921;2953794;4792;2956870
FR;0;2021-10-29;31574;51494;117322;205;125359;51806993;44976415;3071116;4997;3082229
FR;0;2021-10-30;20558;33238;50347;76;53394;51827551;45009653;3121463;5073;3135623
FR;0;2021-10-31;2489;3735;3590;3;3878;51830040;45013388;3125053;5076;3139501
FR;0;2021-11-01;8476;4869;3210;3;3575;51838516;45018257;3128263;5079;3143076
FR;0;2021-11-02;26337;40126;93586;156;99592;51864853;45058383;3221849;5235;3242668
FR;0;2021-11-03;30090;47974;118892;218;125852;51894943;45106357;3340741;5453;3368520
FR;0;2021-11-04;23784;37533;107571;217;114434;51918727;45143890;3448312;5670;3482954
FR;0;2021-11-05;32388;52999;141644;235;151394;51951115;45196889;3589956;5905;3634348
FR;0;2021-11-06;21528;34578;64886;123;68307;51972643;45231467;3654842;6028;3702655
FR;0;2021-11-07;2400;4177;5196;6;5592;51975043;45235644;3660038;6034;3708247
FR;0;2021-11-08;20592;37792;127201;227;134311;51995635;45273436;3787239;6261;3842558
FR;0;2021-11-09;22403;44747;161693;339;172267;52018038;45318183;3948932;6600;4014825
FR;0;2021-11-10;31588;55054;187018;446;198827;52049626;45373237;4135950;7046;4213652
FR;0;2021-11-11;4722;6758;12973;28;13959;52054348;45379995;4148923;7074;4227611
FR;0;2021-11-12;29071;55157;183783;252;197405;52083419;45435152;4332706;7326;4425016
FR;0;2021-11-13;20348;32641;80703;118;86322;52103767;45467793;4413409;7444;4511338
FR;0;2021-11-14;2356;3886;7175;6;7854;52106123;45471679;4420584;7450;4519192
FR;0;2021-11-15;20481;38689;160862;313;171583;52126604;45510368;4581446;7763;4690775
FR;0;2021-11-16;23641;43998;200430;392;215066;52150245;45554366;4781876;8155;4905841
FR;0;2021-11-17;30513;50352;199855;406;212896;52180758;45604718;4981731;8561;5118737
FR;0;2021-11-18;23436;45616;191682;468;205589;52204194;45650334;5173413;9029;5324326
FR;0;2021-11-19;33670;61428;243223;551;262214;52237864;45711762;5416636;9580;5586540
FR;0;2021-11-20;25405;36710;102160;206;109707;52263269;45748472;5518796;9786;5696247
FR;0;2021-11-21;2644;4488;9657;19;10618;52265913;45752960;5528453;9805;5706865
FR;0;2021-11-22;22803;33255;180381;470;194864;52288716;45786215;5708834;10275;5901729
FR;0;2021-11-23;25712;45607;229391;549;247855;52314428;45831822;5938225;10824;6149584
FR;0;2021-11-24;31799;53761;224822;715;243252;52346227;45885583;6163047;11539;6392836
FR;0;2021-11-25;25635;49234;255951;739;277808;52371862;45934817;6418998;12278;6670644
FR;0;2021-11-26;33253;74871;379507;865;414674;52405115;46009688;6798505;13143;7085318
FR;0;2021-11-27;23490;49694;214915;389;236694;52428605;46059382;7013420;13532;7322012
FR;0;2021-11-28;3511;10531;56760;66;63327;52432116;46069913;7070180;13598;7385339
FR;0;2021-11-29;19416;54214;341484;863;371739;52451532;46124127;7411664;14461;7757078
FR;0;2021-11-30;24778;72032;457398;988;500801;52476310;46196159;7869062;15449;8257879
FR;0;2021-12-01;27365;75817;469118;1160;511348;52503675;46271976;8338180;16609;8769227
FR;0;2021-12-02;22090;71832;527119;1280;574900;52525765;46343808;8865299;17889;9344127
FR;0;2021-12-03;25554;93190;596410;1420;651215;52551319;46436998;9461709;19309;9995342
FR;0;2021-12-04;18315;60514;336233;690;369795;52569634;46497512;9797942;19999;10365137
FR;0;2021-12-05;4154;16196;95786;157;107053;52573788;46513708;9893728;20156;10472190
FR;0;2021-12-06;28431;73026;493158;1174;539992;52602219;46586734;10386886;21330;11012182
FR;0;2021-12-07;23536;91502;645416;1773;706344;52625755;46678236;11032302;23103;11718526
FR;0;2021-12-08;25495;92272;591607;1874;647525;52651250;46770508;11623909;24977;12366051
FR;0;2021-12-09;24056;94235;663120;2179;726444;52675306;46864743;12287029;27156;13092495
FR;0;2021-12-10;28049;111183;736068;2075;806217;52703355;46975926;13023097;29231;13898712
FR;0;2021-12-11;20251;76248;435188;987;480400;52723606;47052174;13458285;30218;14379112
FR;0;2021-12-12;5646;23220;142309;262;159221;52729252;47075394;13600594;30480;14538333
FR;0;2021-12-13;21350;91099;587672;1699;649314;52750602;47166493;14188266;32179;15187647
FR;0;2021-12-14;27968;118591;765589;2654;847545;52778570;47285084;14953855;34833;16035192
FR;0;2021-12-15;28428;114525;694355;2266;769128;52806998;47399609;15648210;37099;16804320
FR;0;2021-12-16;28025;115980;764042;2557;844455;52835023;47515589;16412252;39656;17648775
FR;0;2021-12-17;31646;128693;807883;2710;892078;52866669;47644282;17220135;42366;18540853
FR;0;2021-12-18;24930;81697;469972;1178;522223;52891599;47725979;17690107;43544;19063076
FR;0;2021-12-19;8757;28698;169396;376;191090;52900356;47754677;17859503;43920;19254166
FR;0;2021-12-20;31749;97438;591502;1786;658770;52932105;47852115;18451005;45706;19912936
FR;0;2021-12-21;39455;112251;682425;2392;759612;52971560;47964366;19133430;48098;20672548
FR;0;2021-12-22;39550;99518;575780;2168;642160;53011110;48063884;19709210;50266;21314708
FR;0;2021-12-23;33776;79669;441015;1657;494412;53044886;48143553;20150225;51923;21809120
FR;0;2021-12-24;10690;26134;111029;398;126676;53055576;48169687;20261254;52321;21935796
FR;0;2021-12-25;774;3588;7591;25;9032;53056350;48173275;20268845;52346;21944828
FR;0;2021-12-26;4695;11905;52095;142;60146;53061045;48185180;20320940;52488;22004974
FR;0;2021-12-27;30502;84081;453558;1364;509173;53091547;48269261;20774498;53852;22514147
FR;0;2021-12-28;38364;99081;564165;1769;632277;53129911;48368342;21338663;55621;23146424
FR;0;2021-12-29;39871;88420;501209;1687;561015;53169782;48456762;21839872;57308;23707439
FR;0;2021-12-30;35919;75267;421031;1521;471155;53205701;48532029;22260903;58829;24178594
FR;0;2021-12-31;12044;25163;116877;405;131670;53217745;48557192;22377780;59234;24310264
FR;0;2022-01-01;1503;3207;8516;37;9940;53219248;48560399;22386296;59271;24320204
FR;0;2022-01-02;6094;12997;58417;125;66947;53225342;48573396;22444713;59396;24387151
FR;0;2022-01-03;36604;90297;494826;1592;551703;53261946;48663693;22939539;60988;24938854
FR;0;2022-01-04;41926;111137;641385;2306;714381;53303872;48774830;23580924;63294;25653235
FR;0;2022-01-05;61054;103731;569170;1981;634192;53364926;48878561;24150094;65275;26287427
FR;0;2022-01-06;44250;110421;638974;2696;711443;53409176;48988982;24789068;67971;26998870
FR;0;2022-01-07;50816;123443;710991;2810;790495;53459992;49112425;25500059;70781;27789365
FR;0;2022-01-08;45005;80323;423803;1213;472884;53504997;49192748;25923862;71994;28262249
FR;0;2022-01-09;15605;26641;128565;300;145678;53520602;49219389;26052427;72294;28407927
FR;0;2022-01-10;35343;93456;469312;1812;522744;53555945;49312845;26521739;74106;28930671
FR;0;2022-01-11;41922;100565;548239;2306;608492;53597867;49413410;27069978;76412;29539163
FR;0;2022-01-12;60367;95791;452675;1967;504337;53658234;49509201;27522653;78379;30043500
FR;0;2022-01-13;38212;92642;487339;2085;541046;53696446;49601843;28009992;80464;30584546
FR;0;2022-01-14;42563;103435;568597;2286;629011;53739009;49705278;28578589;82750;31213557
FR;0;2022-01-15;39392;65897;340130;985;377554;53778401;49771175;28918719;83735;31591111
FR;0;2022-01-16;11400;19248;87423;216;99424;53789801;49790423;29006142;83951;31690535
FR;0;2022-01-17;24716;60112;320275;1381;354162;53814517;49850535;29326417;85332;32044697
FR;0;2022-01-18;28307;68787;361074;1802;397562;53842824;49919322;29687491;87134;32442259
FR;0;2022-01-19;43206;67115;281284;1450;311074;53886030;49986437;29968775;88584;32753333
FR;0;2022-01-20;23649;59693;299004;1740;328508;53909679;50046130;30267779;90324;33081841
FR;0;2022-01-21;28189;68900;366360;2086;401189;53937868;50115030;30634139;92410;33483030
FR;0;2022-01-22;27621;48008;218789;839;241771;53965489;50163038;30852928;93249;33724801
FR;0;2022-01-23;6709;12987;48674;173;55168;53972198;50176025;30901602;93422;33779969
FR;0;2022-01-24;16261;47511;217302;1139;239336;53988459;50223536;31118904;94561;34019305
FR;0;2022-01-25;19015;54418;243040;1547;267074;54007474;50277954;31361944;96108;34286379
FR;0;2022-01-26;28145;60494;209278;1297;229473;54035619;50338448;31571222;97405;34515852
FR;0;2022-01-27;16325;46357;207643;1274;225945;54051944;50384805;31778865;98679;34741797
FR;0;2022-01-28;21580;78216;290048;1573;321393;54073524;50463021;32068913;100252;35063190
FR;0;2022-01-29;18418;52837;184125;688;204588;54091942;50515858;32253038;100940;35267778
FR;0;2022-01-30;4471;14495;39141;124;45090;54096413;50530353;32292179;101064;35312868
FR;0;2022-01-31;11254;43982;148197;741;164784;54107667;50574335;32440376;101805;35477652
FR;0;2022-02-01;13525;48389;174117;1142;191409;54121192;50622724;32614493;102947;35669061
FR;0;2022-02-02;20509;66399;171521;1034;190131;54141701;50689123;32786014;103981;35859192
FR;0;2022-02-03;11457;44775;157550;989;173320;54153158;50733898;32943564;104970;36032512
FR;0;2022-02-04;14620;66529;239247;1266;264160;54167778;50800427;33182811;106236;36296672
FR;0;2022-02-05;12896;51480;153544;523;172328;54180674;50851907;33336355;106759;36469000
FR;0;2022-02-06;2722;12191;28890;101;33839;54183396;50864098;33365245;106860;36502839
FR;0;2022-02-07;9549;46718;156863;591;176316;54192945;50910816;33522108;107451;36679155
FR;0;2022-02-08;9781;43067;166620;867;184413;54202726;50953883;33688728;108318;36863568
FR;0;2022-02-09;14351;58239;172333;870;193040;54217077;51012122;33861061;109188;37056608
FR;0;2022-02-10;8680;39070;150223;878;166695;54225757;51051192;34011284;110066;37223303
FR;0;2022-02-11;10855;55657;218500;1100;243091;54236612;51106849;34229784;111166;37466394
FR;0;2022-02-12;8383;40953;134719;463;151747;54244995;51147802;34364503;111629;37618141
FR;0;2022-02-13;1900;8598;26562;86;30921;54246895;51156400;34391065;111715;37649062
FR;0;2022-02-14;6982;35234;148363;481;166356;54253877;51191634;34539428;112196;37815418
FR;0;2022-02-15;7045;36209;146971;751;162556;54260922;51227843;34686399;112947;37977974
FR;0;2022-02-16;9398;42959;132528;720;146747;54270320;51270802;34818927;113667;38124721
FR;0;2022-02-17;5573;24308;87293;585;94867;54275893;51295110;34906220;114252;38219588
FR;0;2022-02-18;6992;33557;119649;804;129314;54282885;51328667;35025869;115056;38348902
FR;0;2022-02-19;5369;24546;70022;370;77332;54288254;51353213;35095891;115426;38426234
FR;0;2022-02-20;1144;4650;12171;39;13950;54289398;51357863;35108062;115465;38440184
FR;0;2022-02-21;4089;17881;61949;351;67177;54293487;51375744;35170011;115816;38507361
FR;0;2022-02-22;4448;18643;60819;576;64457;54297935;51394387;35230830;116392;38571818
FR;0;2022-02-23;6585;27342;66492;591;71889;54304520;51421729;35297322;116983;38643707
FR;0;2022-02-24;3847;15463;50421;517;53242;54308367;51437192;35347743;117500;38696949
FR;0;2022-02-25;5278;23995;76351;802;80085;54313645;51461187;35424094;118302;38777034
FR;0;2022-02-26;3988;17763;47412;359;51479;54317633;51478950;35471506;118661;38828513
FR;0;2022-02-27;879;3005;8034;47;8945;54318512;51481955;35479540;118708;38837458
FR;0;2022-02-28;3124;12517;40473;358;42908;54321636;51494472;35520013;119066;38880366
FR;0;2022-03-01;3873;12586;44185;435;44856;54325509;51507058;35564198;119501;38925222
FR;0;2022-03-02;5291;17779;47124;445;49055;54330800;51524837;35611322;119946;38974277
FR;0;2022-03-03;2809;9327;29890;368;30012;54333609;51534164;35641212;120314;39004289
FR;0;2022-03-04;3219;12392;40294;665;39443;54336828;51546556;35681506;120979;39043732
FR;0;2022-03-05;3070;9276;24951;310;25113;54339898;51555832;35706457;121289;39068845
FR;0;2022-03-06;520;1396;3196;43;3439;54340418;51557228;35709653;121332;39072284
FR;0;2022-03-07;2299;5613;18424;315;17692;54342717;51562841;35728077;121647;39089976
FR;0;2022-03-08;2095;6065;19441;359;17910;54344812;51568906;35747518;122006;39107886
FR;0;2022-03-09;3558;10493;22178;405;21273;54348370;51579399;35769696;122411;39129159
FR;0;2022-03-10;1804;5682;16979;343;15805;54350174;51585081;35786675;122754;39144964
FR;0;2022-03-11;2407;7542;24490;540;22255;54352581;51592623;35811165;123294;39167219
FR;0;2022-03-12;2670;6773;17157;308;16512;54355251;51599396;35828322;123602;39183731
FR;0;2022-03-13;392;787;2322;147;2270;54355643;51600183;35830644;123749;39186001
FR;0;2022-03-14;1538;4265;14974;4408;13828;54357181;51604448;35845618;128157;39199829
FR;0;2022-03-15;1722;6279;16369;7551;14597;54358903;51610727;35861987;135708;39214426
FR;0;2022-03-16;3020;7376;19423;13136;18098;54361923;51618103;35881410;148844;39232524
FR;0;2022-03-17;1447;3975;13136;10845;11979;54363370;51622078;35894546;159689;39244503
FR;0;2022-03-18;2266;5747;19989;18289;18083;54365636;51627825;35914535;177978;39262586
FR;0;2022-03-19;2288;4800;13114;9400;12416;54367924;51632625;35927649;187378;39275002
FR;0;2022-03-20;300;732;1918;1073;1929;54368224;51633357;35929567;188451;39276931
FR;0;2022-03-21;1390;3209;12719;14937;11940;54369614;51636566;35942286;203388;39288871
FR;0;2022-03-22;1498;3729;13791;20527;12548;54371112;51640295;35956077;223915;39301419
FR;0;2022-03-23;2677;6252;17711;23148;17223;54373789;51646547;35973788;247063;39318642
FR;0;2022-03-24;1399;3147;11584;17607;10669;54375188;51649694;35985372;264670;39329311
FR;0;2022-03-25;2079;5133;18549;27755;16886;54377267;51654827;36003921;292425;39346197
FR;0;2022-03-26;2226;4410;12074;12677;11515;54379493;51659237;36015995;305102;39357712
FR;0;2022-03-27;359;689;1905;1481;1939;54379852;51659926;36017900;306583;39359651
FR;0;2022-03-28;1459;3069;11118;17487;10611;54381311;51662995;36029018;324070;39370262
FR;0;2022-03-29;1450;3265;12899;27554;12040;54382761;51666260;36041917;351624;39382302
FR;0;2022-03-30;2847;5463;15676;27368;15068;54385608;51671723;36057593;378992;39397370
FR;0;2022-03-31;1608;3559;12972;24965;12306;54387216;51675282;36070565;403957;39409676
FR;0;2022-04-01;2672;4573;20044;30864;18686;54389888;51679855;36090609;434821;39428362
FR;0;2022-04-02;1523;2626;9046;10114;8703;54391411;51682481;36099655;444935;39437065
FR;0;2022-04-03;287;505;1561;1167;1577;54391698;51682986;36101216;446102;39438642
FR;0;2022-04-04;1971;2857;12362;19097;11565;54393669;51685843;36113578;465199;39450207
FR;0;2022-04-05;1826;3119;14329;34083;13180;54395495;51688962;36127907;499282;39463387
FR;0;2022-04-06;2213;3883;13524;26472;12792;54397708;51692845;36141431;525754;39476179
FR;0;2022-04-07;1546;3078;13656;33742;12868;54399254;51695923;36155087;559496;39489047
FR;0;2022-04-08;2066;4218;19206;43856;17810;54401320;51700141;36174293;603352;39506857
FR;0;2022-04-09;1363;2671;9309;13557;8861;54402683;51702812;36183602;616909;39515718
FR;0;2022-04-10;286;613;1982;2011;2001;54402969;51703425;36185584;618920;39517719
FR;0;2022-04-11;1285;2592;11859;23872;11461;54404254;51706017;36197443;642792;39529180
FR;0;2022-04-12;1670;3009;14005;40842;13375;54405924;51709026;36211448;683634;39542555
FR;0;2022-04-13;1944;3647;13400;33055;13019;54407868;51712673;36224848;716689;39555574
FR;0;2022-04-14;1488;2876;13177;36253;13022;54409356;51715549;36238025;752942;39568596
FR;0;2022-04-15;1848;3439;15616;35487;14862;54411204;51718988;36253641;788429;39583458
FR;0;2022-04-16;1041;1820;6395;8533;6250;54412245;51720808;36260036;796962;39589708
FR;0;2022-04-17;190;321;991;1172;1030;54412435;51721129;36261027;798134;39590738
FR;0;2022-04-18;193;523;2763;1069;2781;54412628;51721652;36263790;799203;39593519
FR;0;2022-04-19;1520;3001;12901;29600;12462;54414148;51724653;36276691;828803;39605981
FR;0;2022-04-20;1978;3441;13287;28988;12966;54416126;51728094;36289978;857791;39618947
FR;0;2022-04-21;1506;2837;12523;35059;12558;54417632;51730931;36302501;892850;39631505
FR;0;2022-04-22;1859;3593;16457;37570;15820;54419491;51734524;36318958;930420;39647325
FR;0;2022-04-23;1144;2050;7381;10654;7231;54420635;51736574;36326339;941074;39654556
FR;0;2022-04-24;250;448;1475;1588;1410;54420885;51737022;36327814;942662;39655966
FR;0;2022-04-25;1301;2519;10678;21009;10482;54422186;51739541;36338492;963671;39666448
FR;0;2022-04-26;1613;2995;13651;38557;13101;54423799;51742536;36352143;1002228;39679549
FR;0;2022-04-27;1956;3048;11526;30951;11584;54425755;51745584;36363669;1033179;39691133
FR;0;2022-04-28;1561;2740;12521;36137;12260;54427316;51748324;36376190;1069316;39703393
FR;0;2022-04-29;2002;4102;15543;37208;14905;54429318;51752426;36391733;1106524;39718298
FR;0;2022-04-30;1210;1905;6926;9704;6753;54430528;51754331;36398659;1116228;39725051
FR;0;2022-05-01;217;318;911;995;906;54430745;51754649;36399570;1117223;39725957
FR;0;2022-05-02;1716;2869;11144;18123;10957;54432461;51757518;36410714;1135346;39736914
FR;0;2022-05-03;1870;3204;13707;34594;13548;54434331;51760722;36424421;1169940;39750462
FR;0;2022-05-04;1884;3252;12165;25613;12276;54436215;51763974;36436586;1195553;39762738
FR;0;2022-05-05;1745;2868;13025;33441;12874;54437960;51766842;36449611;1228994;39775612
FR;0;2022-05-06;2200;3644;15322;36714;14814;54440160;51770486;36464933;1265708;39790426
FR;0;2022-05-07;1201;1766;6459;9606;6447;54441361;51772252;36471392;1275314;39796873
FR;0;2022-05-08;264;397;1171;1546;1232;54441625;51772649;36472563;1276860;39798105
FR;0;2022-05-09;1330;2278;9915;20240;9785;54442955;51774927;36482478;1297100;39807890
FR;0;2022-05-10;1742;3122;13548;38841;13101;54444697;51778049;36496026;1335941;39820991
FR;0;2022-05-11;1983;2949;10732;27877;10675;54446680;51780998;36506758;1363818;39831666
FR;0;2022-05-12;1570;2669;11344;35592;11000;54448250;51783667;36518102;1399410;39842666
FR;0;2022-05-13;1959;3187;13737;37818;13320;54450209;51786854;36531839;1437228;39855986
FR;0;2022-05-14;1144;1611;5934;10772;5793;54451353;51788465;36537773;1448000;39861779
FR;0;2022-05-15;280;457;1277;1434;1354;54451633;51788922;36539050;1449434;39863133
FR;0;2022-05-16;1187;2004;8675;20990;8670;54452820;51790926;36547725;1470424;39871803
FR;0;2022-05-17;1573;2563;11813;37836;11390;54454393;51793489;36559538;1508260;39883193
FR;0;2022-05-18;1799;2620;9678;27124;9651;54456192;51796109;36569216;1535384;39892844
FR;0;2022-05-19;1426;2631;10551;35734;10691;54457618;51798740;36579767;1571118;39903535
FR;0;2022-05-20;1869;3096;13403;39335;12894;54459487;51801836;36593170;1610453;39916429
FR;0;2022-05-21;1158;1698;5658;9896;5531;54460645;51803534;36598828;1620349;39921960
FR;0;2022-05-22;237;335;1025;1434;1012;54460882;51803869;36599853;1621783;39922972
FR;0;2022-05-23;1164;2081;8874;20338;8814;54462046;51805950;36608727;1642121;39931786
FR;0;2022-05-24;1529;2736;11349;38802;11193;54463575;51808686;36620076;1680923;39942979
FR;0;2022-05-25;1804;2801;9337;24805;9466;54465379;51811487;36629413;1705728;39952445
FR;0;2022-05-26;200;398;1656;1190;1664;54465579;51811885;36631069;1706918;39954109
FR;0;2022-05-27;1370;2446;9249;21264;8991;54466949;51814331;36640318;1728182;39963100
FR;0;2022-05-28;663;1251;3910;6781;3960;54467612;51815582;36644228;1734963;39967060
FR;0;2022-05-29;155;314;751;915;772;54467767;51815896;36644979;1735878;39967832
FR;0;2022-05-30;1018;1938;6988;19255;7003;54468785;51817834;36651967;1755133;39974835
FR;0;2022-05-31;1485;2473;9814;35635;9634;54470270;51820307;36661781;1790768;39984469
FR;0;2022-06-01;1705;3078;11018;24504;10885;54471975;51823385;36672799;1815272;39995354
FR;0;2022-06-02;1464;2602;11306;35499;10840;54473439;51825987;36684105;1850771;40006194
FR;0;2022-06-03;1714;3055;13374;38693;12738;54475153;51829042;36697479;1889464;40018932
FR;0;2022-06-04;966;1512;5038;9109;5112;54476119;51830554;36702517;1898573;40024044
FR;0;2022-06-05;174;329;872;1105;882;54476293;51830883;36703389;1899678;40024926
FR;0;2022-06-06;318;958;2102;1255;2106;54476611;51831841;36705491;1900933;40027032
FR;0;2022-06-07;1364;2650;9841;35560;9421;54477975;51834491;36715332;1936493;40036453
FR;0;2022-06-08;1539;2675;9157;28707;9000;54479514;51837166;36724489;1965200;40045453
FR;0;2022-06-09;1273;2424;10603;39440;10243;54480787;51839590;36735092;2004640;40055696
FR;0;2022-06-10;1613;2884;13058;44745;12604;54482400;51842474;36748150;2049385;40068300
FR;0;2022-06-11;954;1727;5431;11620;5463;54483354;51844201;36753581;2061005;40073763
FR;0;2022-06-12;195;435;1072;1758;1133;54483549;51844636;36754653;2062763;40074896
FR;0;2022-06-13;1072;2019;7421;23153;7254;54484621;51846655;36762074;2085916;40082150
FR;0;2022-06-14;1305;2470;10438;44869;9794;54485926;51849125;36772512;2130785;40091944
FR;0;2022-06-15;1489;2383;9304;30868;8934;54487415;51851508;36781816;2161653;40100878
FR;0;2022-06-16;1156;2006;9897;39879;9304;54488571;51853514;36791713;2201532;40110182
FR;0;2022-06-17;1468;2819;12458;46595;11885;54490039;51856333;36804171;2248127;40122067
FR;0;2022-06-18;851;1510;4560;11120;4493;54490890;51857843;36808731;2259247;40126560
FR;0;2022-06-19;180;360;1058;1615;1130;54491070;51858203;36809789;2260862;40127690
FR;0;2022-06-20;1019;1905;8899;26058;8561;54492089;51860108;36818688;2286920;40136251
FR;0;2022-06-21;1319;2391;10296;49864;9324;54493408;51862499;36828984;2336784;40145575
FR;0;2022-06-22;1371;2467;8903;38991;8392;54494779;51864966;36837887;2375775;40153967
FR;0;2022-06-23;1218;2334;10669;55059;9865;54495997;51867300;36848556;2430834;40163832
FR;0;2022-06-24;1476;2970;13625;69086;12280;54497473;51870270;36862181;2499920;40176112
FR;0;2022-06-25;932;1774;6225;19912;5978;54498405;51872044;36868406;2519832;40182090
FR;0;2022-06-26;228;455;1952;3686;1812;54498633;51872499;36870358;2523518;40183902
FR;0;2022-06-27;1124;2010;10484;48432;9625;54499757;51874509;36880842;2571950;40193527
FR;0;2022-06-28;1448;2798;14652;91288;13075;54501205;51877307;36895494;2663238;40206602
FR;0;2022-06-29;1694;2814;12281;71806;11229;54502899;51880121;36907775;2735044;40217831
FR;0;2022-06-30;1521;2663;14374;95129;12456;54504420;51882784;36922149;2830173;40230287
FR;0;2022-07-01;1979;3771;21382;115895;18738;54506399;51886555;36943531;2946068;40249025
FR;0;2022-07-02;1073;1851;8514;35740;7696;54507472;51888406;36952045;2981808;40256721
FR;0;2022-07-03;289;537;2087;6450;1889;54507761;51888943;36954132;2988258;40258610
FR;0;2022-07-04;1523;3031;14666;79183;12932;54509284;51891974;36968798;3067441;40271542
FR;0;2022-07-05;1693;3089;18800;133180;15978;54510977;51895063;36987598;3200621;40287520
FR;0;2022-07-06;1803;2747;15829;99485;13620;54512780;51897810;37003427;3300106;40301140
FR;0;2022-07-07;1695;2851;17969;125888;14747;54514475;51900661;37021396;3425994;40315887
FR;0;2022-07-08;1880;3137;20732;137017;16749;54516355;51903798;37042128;3563011;40332636
FR;0;2022-07-09;862;1449;7734;37909;6681;54517217;51905247;37049862;3600920;40339317
FR;0;2022-07-10;261;505;2344;6999;2125;54517478;51905752;37052206;3607919;40341442
FR;0;2022-07-11;1407;2427;15005;88196;12485;54518885;51908179;37067211;3696115;40353927
FR;0;2022-07-12;1783;3067;20501;143788;16691;54520668;51911246;37087712;3839903;40370618
FR;0;2022-07-13;1711;2680;15660;94451;13234;54522379;51913926;37103372;3934354;40383852
FR;0;2022-07-14;177;349;1947;5529;1826;54522556;51914275;37105319;3939883;40385678
FR;0;2022-07-15;1468;2539;15088;84402;12579;54524024;51916814;37120407;4024285;40398257
FR;0;2022-07-16;616;1162;5937;24963;5141;54524640;51917976;37126344;4049248;40403398
FR;0;2022-07-17;175;385;1734;4659;1566;54524815;51918361;37128078;4053907;40404964
FR;0;2022-07-18;1123;2226;11815;61777;9959;54525938;51920587;37139893;4115684;40414923
FR;0;2022-07-19;1408;2330;15454;103612;12276;54527346;51922917;37155347;4219296;40427199
FR;0;2022-07-20;1403;2270;12928;77536;10706;54528749;51925187;37168275;4296832;40437905
FR;0;2022-07-21;1266;2133;13064;88135;10469;54530015;51927320;37181339;4384967;40448374
FR;0;2022-07-22;1381;2425;14788;89381;11937;54531396;51929745;37196127;4474348;40460311
FR;0;2022-07-23;664;1291;5524;22470;4850;54532060;51931036;37201651;4496818;40465161
FR;0;2022-07-24;181;346;1395;3888;1237;54532241;51931382;37203046;4500706;40466398
FR;0;2022-07-25;1047;1772;9477;48009;7823;54533288;51933154;37212523;4548715;40474221
FR;0;2022-07-26;1286;2196;13283;85380;10804;54534574;51935350;37225806;4634095;40485025
FR;0;2022-07-27;1216;1984;10204;61158;8495;54535790;51937334;37236010;4695253;40493520
FR;0;2022-07-28;1078;1832;10289;64289;8199;54536868;51939166;37246299;4759542;40501719
FR;0;2022-07-29;1279;2013;10957;65770;8717;54538147;51941179;37257256;4825312;40510436
FR;0;2022-07-30;495;839;3512;15256;2967;54538642;51942018;37260768;4840568;40513403
FR;0;2022-07-31;149;280;929;2432;788;54538791;51942298;37261697;4843000;40514191
FR;0;2022-08-01;814;1407;7556;30185;6349;54539605;51943705;37269253;4873185;40520540
FR;0;2022-08-02;1007;1615;8540;56012;6848;54540612;51945320;37277793;4929197;40527388
FR;0;2022-08-03;823;1231;6391;38633;5113;54541435;51946551;37284184;4967830;40532501
FR;0;2022-08-04;723;1160;6554;43060;5283;54542158;51947711;37290738;5010890;40537784
FR;0;2022-08-05;842;1343;7067;44884;5635;54543000;51949054;37297805;5055774;40543419
FR;0;2022-08-06;333;551;2095;9354;1744;54543333;51949605;37299900;5065128;40545163
FR;0;2022-08-07;97;152;530;1617;448;54543430;51949757;37300430;5066745;40545611
FR;0;2022-08-08;540;892;3985;22060;3239;54543970;51950649;37304415;5088805;40548850
FR;0;2022-08-09;680;1112;5949;39895;4778;54544650;51951761;37310364;5128700;40553628
FR;0;2022-08-10;609;1071;4632;27985;3771;54545259;51952832;37314996;5156685;40557399
FR;0;2022-08-11;608;995;4467;29122;3678;54545867;51953827;37319463;5185807;40561077
FR;0;2022-08-12;698;1128;4720;28166;3886;54546565;51954955;37324183;5213973;40564963
FR;0;2022-08-13;205;398;1289;5244;1109;54546770;51955353;37325472;5219217;40566072
FR;0;2022-08-14;66;117;284;918;242;54546836;51955470;37325756;5220135;40566314
FR;0;2022-08-15;66;159;593;553;542;54546902;51955629;37326349;5220688;40566856
FR;0;2022-08-16;614;1034;3932;22133;3328;54547516;51956663;37330281;5242821;40570184
FR;0;2022-08-17;619;983;3871;22824;3278;54548135;51957646;37334152;5265645;40573462
FR;0;2022-08-18;599;952;4068;26193;3210;54548734;51958598;37338220;5291838;40576672
FR;0;2022-08-19;586;1141;4460;27199;3663;54549320;51959739;37342680;5319037;40580335
FR;0;2022-08-20;282;475;1341;5552;1151;54549602;51960214;37344021;5324589;40581486
FR;0;2022-08-21;91;132;299;1006;263;54549693;51960346;37344320;5325595;40581749
FR;0;2022-08-22;534;966;3247;15298;2771;54550227;51961312;37347567;5340893;40584520
FR;0;2022-08-23;700;1154;4278;28950;3590;54550927;51962466;37351845;5369843;40588110
FR;0;2022-08-24;638;914;3471;19436;2817;54551565;51963380;37355316;5389279;40590927
FR;0;2022-08-25;613;994;3908;23345;3253;54552178;51964374;37359224;5412624;40594180
FR;0;2022-08-26;843;1235;4453;25791;3640;54553021;51965609;37363677;5438415;40597820
FR;0;2022-08-27;290;489;1368;5441;1235;54553311;51966098;37365045;5443856;40599055
FR;0;2022-08-28;118;156;299;898;281;54553429;51966254;37365344;5444754;40599336
FR;0;2022-08-29;604;948;3058;14597;2593;54554033;51967202;37368402;5459351;40601929
FR;0;2022-08-30;836;1195;4760;28445;3880;54554869;51968397;37373162;5487796;40605809
FR;0;2022-08-31;672;923;3181;17559;2697;54555541;51969320;37376343;5505355;40608506
FR;0;2022-09-01;674;923;4273;22270;3632;54556215;51970243;37380616;5527625;40612138
FR;0;2022-09-02;848;1104;4876;28494;4092;54557063;51971347;37385492;5556119;40616230
FR;0;2022-09-03;393;547;1818;6055;1565;54557456;51971894;37387310;5562174;40617795
FR;0;2022-09-04;120;146;346;866;343;54557576;51972040;37387656;5563040;40618138
FR;0;2022-09-05;584;652;2918;16002;2414;54558160;51972692;37390574;5579042;40620552
FR;0;2022-09-06;758;990;4463;31663;3609;54558918;51973682;37395037;5610705;40624161
FR;0;2022-09-07;618;744;2922;16723;2407;54559536;51974426;37397959;5627428;40626568
FR;0;2022-09-08;589;822;3723;24696;3046;54560125;51975248;37401682;5652124;40629614
FR;0;2022-09-09;810;981;4301;27413;3545;54560935;51976229;37405983;5679537;40633159
FR;0;2022-09-10;359;508;1554;5652;1357;54561294;51976737;37407537;5685189;40634516
FR;0;2022-09-11;111;124;313;649;296;54561405;51976861;37407850;5685838;40634812
FR;0;2022-09-12;468;565;2289;13066;1921;54561873;51977426;37410139;5698904;40636733
FR;0;2022-09-13;585;806;3787;26179;3213;54562458;51978232;37413926;5725083;40639946
FR;0;2022-09-14;631;736;2750;16023;2275;54563089;51978968;37416676;5741106;40642221
FR;0;2022-09-15;527;723;3228;23316;2692;54563616;51979691;37419904;5764422;40644913
FR;0;2022-09-16;768;988;3949;25634;3267;54564384;51980679;37423853;5790056;40648180
FR;0;2022-09-17;367;471;1355;6071;1203;54564751;51981150;37425208;5796127;40649383
FR;0;2022-09-18;110;128;310;925;281;54564861;51981278;37425518;5797052;40649664
FR;0;2022-09-19;418;598;2094;13069;1783;54565279;51981876;37427612;5810121;40651447
FR;0;2022-09-20;609;822;3503;26010;2916;54565888;51982698;37431115;5836131;40654363
FR;0;2022-09-21;561;741;2651;16076;2261;54566449;51983439;37433766;5852207;40656624
FR;0;2022-09-22;558;777;3285;23105;2625;54567007;51984216;37437051;5875312;40659249
FR;0;2022-09-23;782;946;3978;28166;3237;54567789;51985162;37441029;5903478;40662486
FR;0;2022-09-24;405;581;1554;6789;1333;54568194;51985743;37442583;5910267;40663819
FR;0;2022-09-25;86;161;319;1062;287;54568280;51985904;37442902;5911329;40664106
FR;0;2022-09-26;401;645;2134;13117;1823;54568681;51986549;37445036;5924446;40665929
FR;0;2022-09-27;584;791;3402;25127;2650;54569265;51987340;37448438;5949573;40668579
FR;0;2022-09-28;574;756;2342;14681;2046;54569839;51988096;37450780;5964254;40670625
