fra;vaccin;jour;n_dose1;n_dose2;n_dose3;n_dose4;n_complet;n_rappel;n_2_rappel;n_rappel_biv;n_3_rappel;n_cum_dose1;n_cum_dose2;n_cum_dose3;n_cum_dose4;n_cum_complet;n_cum_rappel;n_cum_2_rappel;n_cum_rappel_biv;n_cum_3_rappel
FR;1;2020-12-27;614;0;0;0;55;0;0;0;0;614;0;0;0;55;0;0;0;0
FR;1;2020-12-28;699;1;0;0;43;0;0;0;0;1313;1;0;0;98;0;0;0;0
FR;1;2020-12-29;387;0;0;0;19;0;0;0;0;1700;1;0;0;117;0;0;0;0
FR;1;2020-12-30;449;0;0;0;18;0;0;0;0;2149;1;0;0;135;0;0;0;0
FR;1;2020-12-31;446;1;0;0;23;0;0;0;0;2595;2;0;0;158;0;0;0;0
FR;1;2021-01-01;1184;2;0;0;65;0;0;0;0;3779;4;0;0;223;0;0;0;0
FR;1;2021-01-02;366;3;0;0;28;0;0;0;0;4145;7;0;0;251;0;0;0;0
FR;1;2021-01-03;411;0;0;0;23;0;0;0;0;4556;7;0;0;274;0;0;0;0
FR;1;2021-01-04;2126;4;0;0;50;0;0;0;0;6682;11;0;0;324;0;0;0;0
FR;1;2021-01-05;7761;6;0;0;128;0;0;0;0;14443;17;0;0;452;0;0;0;0
FR;1;2021-01-06;12466;23;0;0;126;0;0;0;0;26909;40;0;0;578;0;0;0;0
FR;1;2021-01-07;29473;22;0;0;159;0;0;0;0;56382;62;0;0;737;0;0;0;0
FR;1;2021-01-08;37163;33;0;0;203;0;0;0;0;93545;95;0;0;940;0;0;0;0
FR;1;2021-01-09;11219;9;0;0;77;0;0;0;0;104764;104;0;0;1017;0;0;0;0
FR;1;2021-01-10;6012;8;0;0;28;0;0;0;0;110776;112;0;0;1045;0;0;0;0
FR;1;2021-01-11;39952;35;0;0;228;0;0;0;0;150728;147;0;0;1273;0;0;0;0
FR;1;2021-01-12;62156;26;0;0;299;0;0;0;0;212884;173;0;0;1572;0;0;0;0
FR;1;2021-01-13;65144;56;0;0;430;0;0;0;0;278028;229;0;0;2002;0;0;0;0
FR;1;2021-01-14;81465;223;0;0;956;0;0;0;0;359493;452;0;0;2958;0;0;0;0
FR;1;2021-01-15;68626;90;0;0;524;0;0;0;0;428119;542;0;0;3482;0;0;0;0
FR;1;2021-01-16;19902;73;0;0;172;0;0;0;0;448021;615;0;0;3654;0;0;0;0
FR;1;2021-01-17;10905;52;0;0;129;0;0;0;0;458926;667;0;0;3783;0;0;0;0
FR;1;2021-01-18;82841;174;0;0;587;0;0;0;0;541767;841;0;0;4370;0;0;0;0
FR;1;2021-01-19;125931;205;0;0;836;0;0;0;0;667698;1046;0;0;5206;0;0;0;0
FR;1;2021-01-20;132426;184;0;0;782;0;0;0;0;800124;1230;0;0;5988;0;0;0;0
FR;1;2021-01-21;153078;189;0;0;891;0;0;0;0;953202;1419;0;0;6879;0;0;0;0
FR;1;2021-01-22;115962;232;0;0;771;0;0;0;0;1069164;1651;0;0;7650;0;0;0;0
FR;1;2021-01-23;36615;78;0;0;201;0;0;0;0;1105779;1729;0;0;7851;0;0;0;0
FR;1;2021-01-24;9585;123;0;0;182;0;0;0;0;1115364;1852;0;0;8033;0;0;0;0
FR;1;2021-01-25;74435;1429;0;0;1749;0;0;0;0;1189799;3281;0;0;9782;0;0;0;0
FR;1;2021-01-26;96463;3672;1;0;4115;0;0;0;0;1286262;6953;1;0;13897;0;0;0;0
FR;1;2021-01-27;103655;6383;0;0;7069;0;0;0;0;1389917;13336;1;0;20966;0;0;0;0
FR;1;2021-01-28;120619;16297;0;0;17086;0;0;0;0;1510536;29633;1;0;38052;0;0;0;0
FR;1;2021-01-29;88900;18651;0;0;19190;0;0;0;0;1599436;48284;1;0;57242;0;0;0;0
FR;1;2021-01-30;27994;4503;0;0;4626;0;0;0;0;1627430;52787;1;0;61868;0;0;0;0
FR;1;2021-01-31;5194;1895;0;0;1930;0;0;0;0;1632624;54682;1;0;63798;0;0;0;0
FR;1;2021-02-01;49740;22812;0;0;23041;0;0;0;0;1682364;77494;1;0;86839;0;0;0;0
FR;1;2021-02-02;67834;37889;0;0;38346;0;0;0;0;1750198;115383;1;0;125185;0;0;0;0
FR;1;2021-02-03;67101;39964;0;0;40388;0;0;0;0;1817299;155347;1;0;165573;0;0;0;0
FR;1;2021-02-04;77148;54633;0;0;55198;0;0;0;0;1894447;209980;1;0;220771;0;0;0;0
FR;1;2021-02-05;63430;47897;0;0;48291;0;0;0;0;1957877;257877;1;0;269062;0;0;0;0
FR;1;2021-02-06;19427;11351;0;0;11455;0;0;0;0;1977304;269228;1;0;280517;0;0;0;0
FR;1;2021-02-07;3669;5988;0;0;6014;0;0;0;0;1980973;275216;1;0;286531;0;0;0;0
FR;1;2021-02-08;36507;48585;0;0;48817;0;0;0;0;2017480;323801;1;0;335348;0;0;0;0
FR;1;2021-02-09;50818;77919;0;0;78436;0;0;0;0;2068298;401720;1;0;413784;0;0;0;0
FR;1;2021-02-10;52078;82864;0;0;83339;0;0;0;0;2120376;484584;1;0;497123;0;0;0;0
FR;1;2021-02-11;63391;104803;0;0;105676;0;0;0;0;2183767;589387;1;0;602799;0;0;0;0
FR;1;2021-02-12;55880;75682;0;0;76350;0;0;0;0;2239647;665069;1;0;679149;0;0;0;0
FR;1;2021-02-13;15468;19299;0;0;19410;0;0;0;0;2255115;684368;1;0;698559;0;0;0;0
FR;1;2021-02-14;3747;7358;0;0;7422;0;0;0;0;2258862;691726;1;0;705981;0;0;0;0
FR;1;2021-02-15;24170;73566;0;0;73803;0;0;0;0;2283032;765292;1;0;779784;0;0;0;0
FR;1;2021-02-16;32780;95666;0;0;96050;0;0;0;0;2315812;860958;1;0;875834;0;0;0;0
FR;1;2021-02-17;35132;102116;20;0;102755;0;0;0;0;2350944;963074;21;0;978589;0;0;0;0
FR;1;2021-02-18;49460;118137;0;0;119107;0;0;0;0;2400404;1081211;21;0;1097696;0;0;0;0
FR;1;2021-02-19;45395;87584;1;0;88517;0;0;0;0;2445799;1168795;22;0;1186213;0;0;0;0
FR;1;2021-02-20;13396;27049;0;0;27220;0;0;0;0;2459195;1195844;22;0;1213433;0;0;0;0
FR;1;2021-02-21;2464;6002;0;0;6070;0;0;0;0;2461659;1201846;22;0;1219503;0;0;0;0
FR;1;2021-02-22;24723;69411;2;0;69697;0;0;0;0;2486382;1271257;24;0;1289200;0;0;0;0
FR;1;2021-02-23;37436;81524;1;0;82207;0;0;0;0;2523818;1352781;25;0;1371407;0;0;0;0
FR;1;2021-02-24;40707;79188;1;0;79878;0;0;0;0;2564525;1431969;26;0;1451285;0;0;0;0
FR;1;2021-02-25;50169;87835;1;0;88911;0;0;0;0;2614694;1519804;27;0;1540196;0;0;0;0
FR;1;2021-02-26;47230;67585;1;0;68451;0;0;0;0;2661924;1587389;28;0;1608647;0;0;0;0
FR;1;2021-02-27;15687;21323;1;0;21531;0;0;0;0;2677611;1608712;29;0;1630178;0;0;0;0
FR;1;2021-02-28;3564;4115;2;0;4187;0;0;0;0;2681175;1612827;31;0;1634365;0;0;0;0
FR;1;2021-03-01;40215;50273;1;0;50995;0;0;0;0;2721390;1663100;32;0;1685360;0;0;0;0
FR;1;2021-03-02;55990;62395;3;0;63566;0;0;0;0;2777380;1725495;35;0;1748926;0;0;0;0
FR;1;2021-03-03;61259;60495;0;0;61918;0;0;0;0;2838639;1785990;35;0;1810844;0;0;0;0
FR;1;2021-03-04;73016;68174;3;0;70382;0;0;0;0;2911655;1854164;38;0;1881226;0;0;0;0
FR;1;2021-03-05;74779;58618;3;0;60508;0;0;0;0;2986434;1912782;41;0;1941734;0;0;0;0
FR;1;2021-03-06;82466;15764;2;0;17471;0;0;0;0;3068900;1928546;43;0;1959205;0;0;0;0
FR;1;2021-03-07;63732;4032;1;0;5576;0;0;0;0;3132632;1932578;44;0;1964781;0;0;0;0
FR;1;2021-03-08;60191;41244;2;0;42521;0;0;0;0;3192823;1973822;46;0;2007302;0;0;0;0
FR;1;2021-03-09;86004;47477;1;0;49466;0;0;0;0;3278827;2021299;47;0;2056768;0;0;0;0
FR;1;2021-03-10;90941;47814;5;0;50075;0;0;0;0;3369768;2069113;52;0;2106843;0;0;0;0
FR;1;2021-03-11;105100;54582;1;0;57641;0;0;0;0;3474868;2123695;53;0;2164484;0;0;0;0
FR;1;2021-03-12;104154;44925;1;0;47921;0;0;0;0;3579022;2168620;54;0;2212405;0;0;0;0
FR;1;2021-03-13;89215;12594;1;0;14810;0;0;0;0;3668237;2181214;55;0;2227215;0;0;0;0
FR;1;2021-03-14;44460;2711;1;0;4044;0;0;0;0;3712697;2183925;56;0;2231259;0;0;0;0
FR;1;2021-03-15;95534;28034;3;0;30377;0;0;0;0;3808231;2211959;59;0;2261636;0;0;0;0
FR;1;2021-03-16;123601;34116;5;0;37656;0;0;0;0;3931832;2246075;64;0;2299292;0;0;0;0
FR;1;2021-03-17;129322;33577;4;0;37627;0;0;0;0;4061154;2279652;68;0;2336919;0;0;0;0
FR;1;2021-03-18;142915;39242;5;0;43909;0;0;0;0;4204069;2318894;73;0;2380828;0;0;0;0
FR;1;2021-03-19;136269;32065;2;0;36654;0;0;0;0;4340338;2350959;75;0;2417482;0;0;0;0
FR;1;2021-03-20;76022;9768;1;0;11984;0;0;0;0;4416360;2360727;76;0;2429466;0;0;0;0
FR;1;2021-03-21;26518;2001;1;0;2990;0;0;0;0;4442878;2362728;77;0;2432456;0;0;0;0
FR;1;2021-03-22;114775;30297;2;0;34118;0;0;0;0;4557653;2393025;79;0;2466574;0;0;0;0
FR;1;2021-03-23;143054;38054;1;0;42836;0;0;0;0;4700707;2431079;80;0;2509410;0;0;0;0
FR;1;2021-03-24;142019;38370;0;0;43224;0;0;0;0;4842726;2469449;80;0;2552634;0;0;0;0
FR;1;2021-03-25;165028;39858;4;0;46007;0;0;0;0;5007754;2509307;84;0;2598641;0;0;0;0
FR;1;2021-03-26;166415;37432;5;1;44040;0;0;0;0;5174169;2546739;89;1;2642681;0;0;0;0
FR;1;2021-03-27;110901;15465;1;0;19475;0;0;0;0;5285070;2562204;90;1;2662156;0;0;0;0
FR;1;2021-03-28;42307;4366;3;0;5921;0;0;0;0;5327377;2566570;93;1;2668077;0;0;0;0
FR;1;2021-03-29;129840;49033;4;0;53686;0;0;0;0;5457217;2615603;97;1;2721763;0;0;0;0
FR;1;2021-03-30;167740;63766;5;0;70768;0;0;0;0;5624957;2679369;102;1;2792531;0;0;0;0
FR;1;2021-03-31;170963;67869;4;0;75394;0;0;0;0;5795920;2747238;106;1;2867925;0;0;0;0
FR;1;2021-04-01;194863;83834;10;0;93323;0;0;0;0;5990783;2831072;116;1;2961248;0;0;0;0
FR;1;2021-04-02;164468;86702;7;0;94509;0;0;0;0;6155251;2917774;123;1;3055757;0;0;0;0
FR;1;2021-04-03;88257;58177;6;0;61720;0;0;0;0;6243508;2975951;129;1;3117477;0;0;0;0
FR;1;2021-04-04;33660;17717;0;0;19213;0;0;0;0;6277168;2993668;129;1;3136690;0;0;0;0
FR;1;2021-04-05;46420;9603;11;0;11477;0;0;0;0;6323588;3003271;140;1;3148167;0;0;0;0
FR;1;2021-04-06;160338;105309;17;0;111764;0;0;0;0;6483926;3108580;157;1;3259931;0;0;0;0
FR;1;2021-04-07;197025;108094;16;0;116909;0;0;0;0;6680951;3216674;173;1;3376840;0;0;0;0
FR;1;2021-04-08;222174;114160;14;0;125497;0;0;0;0;6903125;3330834;187;1;3502337;0;0;0;0
FR;1;2021-04-09;214597;107975;21;0;118853;0;0;0;0;7117722;3438809;208;1;3621190;0;0;0;0
FR;1;2021-04-10;117202;73244;14;0;78380;0;0;0;0;7234924;3512053;222;1;3699570;0;0;0;0
FR;1;2021-04-11;40897;29891;6;0;31794;0;0;0;0;7275821;3541944;228;1;3731364;0;0;0;0
FR;1;2021-04-12;168492;104551;46;0;111779;0;0;0;0;7444313;3646495;274;1;3843143;0;0;0;0
FR;1;2021-04-13;203835;127788;97;1;137122;0;0;0;0;7648148;3774283;371;2;3980265;0;0;0;0
FR;1;2021-04-14;208661;122906;208;0;133127;0;0;0;0;7856809;3897189;579;2;4113392;0;0;0;0
FR;1;2021-04-15;221714;128074;313;0;139095;0;0;0;0;8078523;4025263;892;2;4252487;0;0;0;0
FR;1;2021-04-16;206100;125732;309;0;135396;0;0;0;0;8284623;4150995;1201;2;4387883;0;0;0;0
FR;1;2021-04-17;122105;67121;103;0;72176;0;0;0;0;8406728;4218116;1304;2;4460059;0;0;0;0
FR;1;2021-04-18;35973;21009;41;0;22715;0;0;0;0;8442701;4239125;1345;2;4482774;0;0;0;0
FR;1;2021-04-19;163770;121573;432;0;129106;0;0;0;0;8606471;4360698;1777;2;4611880;0;0;0;0
FR;1;2021-04-20;189465;149627;531;0;158735;0;0;0;0;8795936;4510325;2308;2;4770615;0;0;0;0
FR;1;2021-04-21;194036;147585;760;0;157101;0;0;0;0;8989972;4657910;3068;2;4927716;0;0;0;0
FR;1;2021-04-22;209064;164451;778;0;175673;0;0;0;0;9199036;4822361;3846;2;5103389;0;0;0;0
FR;1;2021-04-23;198981;157988;671;0;168997;0;0;0;0;9398017;4980349;4517;2;5272386;0;0;0;0
FR;1;2021-04-24;126349;95821;148;0;101886;0;0;0;0;9524366;5076170;4665;2;5374272;0;0;0;0
FR;1;2021-04-25;53635;30064;46;0;32821;0;0;0;0;9578001;5106234;4711;2;5407093;0;0;0;0
FR;1;2021-04-26;181166;140093;542;0;148803;0;0;0;0;9759167;5246327;5253;2;5555896;0;0;0;0
FR;1;2021-04-27;221389;162499;901;0;173866;0;0;0;0;9980556;5408826;6154;2;5729762;0;0;0;0
FR;1;2021-04-28;238332;156056;1314;1;168736;1;0;0;0;10218888;5564882;7468;3;5898498;1;0;0;0
FR;1;2021-04-29;270327;161487;1211;0;177087;0;0;0;0;10489215;5726369;8679;3;6075585;1;0;0;0
FR;1;2021-04-30;272013;148870;1073;0;164973;0;0;0;0;10761228;5875239;9752;3;6240558;1;0;0;0
FR;1;2021-05-01;141169;40603;173;0;48632;0;0;0;0;10902397;5915842;9925;3;6289190;1;0;0;0
FR;1;2021-05-02;81560;28199;81;0;32952;0;0;0;0;10983957;5944041;10006;3;6322142;1;0;0;0
FR;1;2021-05-03;250803;142591;803;0;156280;0;0;0;0;11234760;6086632;10809;3;6478422;1;0;0;0
FR;1;2021-05-04;265914;187844;1202;0;203415;0;0;0;0;11500674;6274476;12011;3;6681837;1;0;0;0
FR;1;2021-05-05;283923;186032;1267;0;202685;0;0;0;0;11784597;6460508;13278;3;6884522;1;0;0;0
FR;1;2021-05-06;310001;184318;1502;0;204079;0;0;0;0;12094598;6644826;14780;3;7088601;1;0;0;0
FR;1;2021-05-07;284130;196558;1127;0;214379;0;0;0;0;12378728;6841384;15907;3;7302980;1;0;0;0
FR;1;2021-05-08;191673;51224;285;0;62609;0;0;0;0;12570401;6892608;16192;3;7365589;1;0;0;0
FR;1;2021-05-09;114065;34453;236;0;41625;0;0;0;0;12684466;6927061;16428;3;7407214;1;0;0;0
FR;1;2021-05-10;258224;194913;1187;0;210909;0;0;0;0;12942690;7121974;17615;3;7618123;1;0;0;0
FR;1;2021-05-11;318916;211128;1465;0;231358;0;0;0;0;13261606;7333102;19080;3;7849481;1;0;0;0
FR;1;2021-05-12;356664;186003;1401;0;208306;0;0;0;0;13618270;7519105;20481;3;8057787;1;0;0;0
FR;1;2021-05-13;283464;47368;401;0;64295;0;0;0;0;13901734;7566473;20882;3;8122082;1;0;0;0
FR;1;2021-05-14;370522;128519;994;0;151932;0;0;0;0;14272256;7694992;21876;3;8274014;1;0;0;0
FR;1;2021-05-15;298112;66182;404;0;84889;0;0;0;0;14570368;7761174;22280;3;8358903;1;0;0;0
FR;1;2021-05-16;157786;15477;158;0;26044;0;0;0;0;14728154;7776651;22438;3;8384947;1;0;0;0
FR;1;2021-05-17;318939;116171;1441;0;138140;0;0;0;0;15047093;7892822;23879;3;8523087;1;0;0;0
FR;1;2021-05-18;383356;111592;1800;0;137541;0;0;0;0;15430449;8004414;25679;3;8660628;1;0;0;0
FR;1;2021-05-19;395289;101676;2184;0;128623;0;0;0;0;15825738;8106090;27863;3;8789251;1;0;0;0
FR;1;2021-05-20;421835;95703;2048;0;125191;0;0;0;0;16247573;8201793;29911;3;8914442;1;0;0;0
FR;1;2021-05-21;399821;97362;1764;0;125776;0;0;0;0;16647394;8299155;31675;3;9040218;1;0;0;0
FR;1;2021-05-22;275701;41908;604;0;60932;0;0;0;0;16923095;8341063;32279;3;9101150;1;0;0;0
FR;1;2021-05-23;123022;10979;224;0;20581;0;0;0;0;17046117;8352042;32503;3;9121731;1;0;0;0
FR;1;2021-05-24;244021;26250;569;0;43781;0;0;0;0;17290138;8378292;33072;3;9165512;1;0;0;0
FR;1;2021-05-25;366233;131519;2114;1;158457;0;0;0;0;17656371;8509811;35186;4;9323969;1;0;0;0
FR;1;2021-05-26;380829;127149;1995;0;155498;0;0;0;0;18037200;8636960;37181;4;9479467;1;0;0;0
FR;1;2021-05-27;406172;128227;1978;0;158717;0;0;0;0;18443372;8765187;39159;4;9638184;1;0;0;0
FR;1;2021-05-28;366046;145594;1701;0;174163;0;0;0;0;18809418;8910781;40860;4;9812347;1;0;0;0
FR;1;2021-05-29;253844;81070;527;0;100266;0;0;0;0;19063262;8991851;41387;4;9912613;1;0;0;0
FR;1;2021-05-30;100978;22599;158;0;30833;0;0;0;0;19164240;9014450;41545;4;9943446;1;0;0;0
FR;1;2021-05-31;314333;149135;1284;1;172397;1;0;0;0;19478573;9163585;42829;5;10115843;2;0;0;0
FR;1;2021-06-01;361663;166377;1734;1;194092;1;0;0;0;19840236;9329962;44563;6;10309935;3;0;0;0
FR;1;2021-06-02;365408;154221;1797;0;183757;0;0;0;0;20205644;9484183;46360;6;10493692;3;0;0;0
FR;1;2021-06-03;391442;147356;1654;0;178325;0;0;0;0;20597086;9631539;48014;6;10672017;3;0;0;0
FR;1;2021-06-04;364124;175795;1495;1;205074;1;0;0;0;20961210;9807334;49509;7;10877091;4;0;0;0
FR;1;2021-06-05;258517;112771;597;0;133127;0;0;0;0;21219727;9920105;50106;7;11010218;4;0;0;0
FR;1;2021-06-06;126822;37562;215;0;48202;0;0;0;0;21346549;9957667;50321;7;11058420;4;0;0;0
FR;1;2021-06-07;301114;207756;1367;0;233036;0;0;0;0;21647663;10165423;51688;7;11291456;4;0;0;0
FR;1;2021-06-08;330866;220959;1645;0;248924;0;0;0;0;21978529;10386382;53333;7;11540380;4;0;0;0
FR;1;2021-06-09;336601;211117;1614;0;239902;0;0;0;0;22315130;10597499;54947;7;11780282;4;0;0;0
FR;1;2021-06-10;343910;200011;1614;0;229748;0;0;0;0;22659040;10797510;56561;7;12010030;4;0;0;0
FR;1;2021-06-11;311909;234694;1299;1;262594;0;0;0;0;22970949;11032204;57860;8;12272624;4;0;0;0
FR;1;2021-06-12;244092;150597;438;0;172208;0;0;0;0;23215041;11182801;58298;8;12444832;4;0;0;0
FR;1;2021-06-13;100372;61027;188;0;70687;0;0;0;0;23315413;11243828;58486;8;12515519;4;0;0;0
FR;1;2021-06-14;207862;287736;1320;1;307532;0;0;0;0;23523275;11531564;59806;9;12823051;4;0;0;0
FR;1;2021-06-15;256880;281231;1400;1;305072;0;0;0;0;23780155;11812795;61206;10;13128123;4;0;0;0
FR;1;2021-06-16;273665;270608;1263;1;296036;0;0;0;0;24053820;12083403;62469;11;13424159;4;0;0;0
FR;1;2021-06-17;268235;244951;1240;1;271011;0;0;0;0;24322055;12328354;63709;12;13695170;4;0;0;0
FR;1;2021-06-18;260613;295246;1155;1;321067;0;0;0;0;24582668;12623600;64864;13;14016237;4;0;0;0
FR;1;2021-06-19;193459;209561;388;0;228217;0;0;0;0;24776127;12833161;65252;13;14244454;4;0;0;0
FR;1;2021-06-20;69717;89043;120;0;96887;0;0;0;0;24845844;12922204;65372;13;14341341;4;0;0;0
FR;1;2021-06-21;172386;319704;934;1;338409;1;0;0;0;25018230;13241908;66306;14;14679750;5;0;0;0
FR;1;2021-06-22;185877;347949;1102;10;368998;1;0;0;0;25204107;13589857;67408;24;15048748;6;0;0;0
FR;1;2021-06-23;204221;339546;1049;0;363445;0;0;0;0;25408328;13929403;68457;24;15412193;6;0;0;0
FR;1;2021-06-24;203540;282006;1176;0;306756;0;0;0;0;25611868;14211409;69633;24;15718949;6;0;0;0
FR;1;2021-06-25;182667;371701;1200;0;395705;0;0;0;0;25794535;14583110;70833;24;16114654;6;0;0;0
FR;1;2021-06-26;131401;278508;504;0;295873;0;0;0;0;25925936;14861618;71337;24;16410527;6;0;0;0
FR;1;2021-06-27;52411;122851;146;0;130391;0;0;0;0;25978347;14984469;71483;24;16540918;6;0;0;0
FR;1;2021-06-28;136670;368187;1065;0;386791;0;0;0;0;26115017;15352656;72548;24;16927709;6;0;0;0
FR;1;2021-06-29;154905;391004;1848;0;412116;0;0;0;0;26269922;15743660;74396;24;17339825;6;0;0;0
FR;1;2021-06-30;180064;381840;1667;4;406457;2;0;0;0;26449986;16125500;76063;28;17746282;8;0;0;0
FR;1;2021-07-01;201560;332420;1888;5;360519;1;0;0;0;26651546;16457920;77951;33;18106801;9;0;0;0
FR;1;2021-07-02;193881;367311;1765;5;395532;2;0;0;0;26845427;16825231;79716;38;18502333;11;0;0;0
FR;1;2021-07-03;124482;280410;704;3;299522;1;0;0;0;26969909;17105641;80420;41;18801855;12;0;0;0
FR;1;2021-07-04;53966;113716;244;0;122130;0;0;0;0;27023875;17219357;80664;41;18923985;12;0;0;0
FR;1;2021-07-05;153968;355771;1500;8;379128;0;0;0;0;27177843;17575128;82164;49;19303113;12;0;0;0
FR;1;2021-07-06;173513;382270;1603;45;408182;8;0;0;0;27351356;17957398;83767;94;19711295;20;0;0;0
FR;1;2021-07-07;190851;362351;1659;25;390702;3;0;0;0;27542207;18319749;85426;119;20101997;23;0;0;0
FR;1;2021-07-08;201578;322956;1826;20;353632;4;0;0;0;27743785;18642705;87252;139;20455629;27;0;0;0
FR;1;2021-07-09;189987;387762;1854;3;418195;2;0;0;0;27933772;19030467;89106;142;20873824;29;0;0;0
FR;1;2021-07-10;129957;281152;818;1;302583;1;0;0;0;28063729;19311619;89924;143;21176407;30;0;0;0
FR;1;2021-07-11;57683;102516;262;0;112403;0;0;0;0;28121412;19414135;90186;143;21288810;30;0;0;0
FR;1;2021-07-12;149923;416845;1587;4;442868;0;0;0;0;28271335;19830980;91773;147;21731678;30;0;0;0
FR;1;2021-07-13;234285;439058;1808;8;476264;1;0;0;0;28505620;20270038;93581;155;22207942;31;0;0;0
FR;1;2021-07-14;171928;151360;418;0;177003;0;0;0;0;28677548;20421398;93999;155;22384945;31;0;0;0
FR;1;2021-07-15;279692;424175;1859;1;467184;0;0;0;0;28957240;20845573;95858;156;22852129;31;0;0;0
FR;1;2021-07-16;290445;400603;1711;3;445286;1;0;0;0;29247685;21246176;97569;159;23297415;32;0;0;0
FR;1;2021-07-17;217353;281970;755;1;315449;0;0;0;0;29465038;21528146;98324;160;23612864;32;0;0;0
FR;1;2021-07-18;102019;107199;288;0;123098;0;0;0;0;29567057;21635345;98612;160;23735962;32;0;0;0
FR;1;2021-07-19;238231;378466;1498;3;414535;0;0;0;0;29805288;22013811;100110;163;24150497;32;0;0;0
FR;1;2021-07-20;305767;379865;1470;0;425713;0;0;0;0;30111055;22393676;101580;163;24576210;32;0;0;0
FR;1;2021-07-21;333298;352780;1412;4;404187;1;0;0;0;30444353;22746456;102992;167;24980397;33;0;0;0
FR;1;2021-07-22;364688;318607;1502;3;375045;2;0;0;0;30809041;23065063;104494;170;25355442;35;0;0;0
FR;1;2021-07-23;349403;342865;1589;4;398433;1;0;0;0;31158444;23407928;106083;174;25753875;36;0;0;0
FR;1;2021-07-24;238963;240728;697;1;278072;0;0;0;0;31397407;23648656;106780;175;26031947;36;0;0;0
FR;1;2021-07-25;112803;76010;223;0;93713;0;0;0;0;31510210;23724666;107003;175;26125660;36;0;0;0
FR;1;2021-07-26;299144;289365;1495;2;335106;1;0;0;0;31809354;24014031;108498;177;26460766;37;0;0;0
FR;1;2021-07-27;385841;267962;1459;4;324953;1;0;0;0;32195195;24281993;109957;181;26785719;38;0;0;0
FR;1;2021-07-28;390210;250930;1463;4;307241;1;0;0;0;32585405;24532923;111420;185;27092960;39;0;0;0
FR;1;2021-07-29;406145;227635;1541;2;284373;0;0;0;0;32991550;24760558;112961;187;27377333;39;0;0;0
FR;1;2021-07-30;370751;246558;1638;4;298426;1;0;0;0;33362301;25007116;114599;191;27675759;40;0;0;0
FR;1;2021-07-31;243387;165079;793;1;199434;0;0;0;0;33605688;25172195;115392;192;27875193;40;0;0;0
FR;1;2021-08-01;105599;47209;235;0;61207;0;0;0;0;33711287;25219404;115627;192;27936400;40;0;0;0
FR;1;2021-08-02;297417;212856;1479;2;250677;0;0;0;0;34008704;25432260;117106;194;28187077;40;0;0;0
FR;1;2021-08-03;331342;208735;1557;2;250738;1;0;0;0;34340046;25640995;118663;196;28437815;41;0;0;0
FR;1;2021-08-04;328046;183862;1439;5;224044;3;0;0;0;34668092;25824857;120102;201;28661859;44;0;0;0
FR;1;2021-08-05;301287;193120;1483;0;229437;0;0;0;0;34969379;26017977;121585;201;28891296;44;0;0;0
FR;1;2021-08-06;290986;224127;1560;3;261455;0;0;0;0;35260365;26242104;123145;204;29152751;44;0;0;0
FR;1;2021-08-07;182673;158763;655;5;181690;1;0;0;0;35443038;26400867;123800;209;29334441;45;0;0;0
FR;1;2021-08-08;68887;59098;253;0;67629;0;0;0;0;35511925;26459965;124053;209;29402070;45;0;0;0
FR;1;2021-08-09;222792;235206;1445;4;263955;2;0;0;0;35734717;26695171;125498;213;29666025;47;0;0;0
FR;1;2021-08-10;252750;239903;1493;2;271771;0;0;0;0;35987467;26935074;126991;215;29937796;47;0;0;0
FR;1;2021-08-11;236245;231781;1271;5;261316;0;0;0;0;36223712;27166855;128262;220;30199112;47;0;0;0
FR;1;2021-08-12;220789;239790;1489;3;267926;0;0;0;0;36444501;27406645;129751;223;30467038;47;0;0;0
FR;1;2021-08-13;201723;238495;1360;2;264076;2;0;0;0;36646224;27645140;131111;225;30731114;49;0;0;0
FR;1;2021-08-14;122866;174042;645;0;189568;0;0;0;0;36769090;27819182;131756;225;30920682;49;0;0;0
FR;1;2021-08-15;34708;46119;201;1;50341;0;0;0;0;36803798;27865301;131957;226;30971023;49;0;0;0
FR;1;2021-08-16;156966;289376;1423;0;309983;0;0;0;0;36960764;28154677;133380;226;31281006;49;0;0;0
FR;1;2021-08-17;171619;291011;1422;5;313454;0;0;0;0;37132383;28445688;134802;231;31594460;49;0;0;0
FR;1;2021-08-18;161434;286697;1394;6;307357;3;0;0;0;37293817;28732385;136196;237;31901817;52;0;0;0
FR;1;2021-08-19;148956;277443;1404;1;297321;0;0;0;0;37442773;29009828;137600;238;32199138;52;0;0;0
FR;1;2021-08-20;140518;308965;1532;2;328238;2;0;0;0;37583291;29318793;139132;240;32527376;54;0;0;0
FR;1;2021-08-21;84281;213206;589;0;224543;0;0;0;0;37667572;29531999;139721;240;32751919;54;0;0;0
FR;1;2021-08-22;28581;82696;233;0;86704;0;0;0;0;37696153;29614695;139954;240;32838623;54;0;0;0
FR;1;2021-08-23;118665;320947;1422;2;337713;1;0;0;0;37814818;29935642;141376;242;33176336;55;0;0;0
FR;1;2021-08-24;126673;319652;1604;5;337502;0;0;0;0;37941491;30255294;142980;247;33513838;55;0;0;0
FR;1;2021-08-25;121539;306442;1781;8;323662;2;0;0;0;38063030;30561736;144761;255;33837500;57;0;0;0
FR;1;2021-08-26;106633;286065;2162;10;302395;0;0;0;0;38169663;30847801;146923;265;34139895;57;0;0;0
FR;1;2021-08-27;107656;321606;2302;9;338941;1;0;0;0;38277319;31169407;149225;274;34478836;58;0;0;0
FR;1;2021-08-28;71025;220689;1102;0;231245;0;0;0;0;38348344;31390096;150327;274;34710081;58;0;0;0
FR;1;2021-08-29;24152;78195;469;1;82091;0;0;0;0;38372496;31468291;150796;275;34792172;58;0;0;0
FR;1;2021-08-30;96899;286279;4313;6;299775;4977;0;0;0;38469395;31754570;155109;281;35091947;5035;0;0;0
FR;1;2021-08-31;98126;276255;9295;15;289923;10081;2;0;0;38567521;32030825;164404;296;35381870;15116;2;0;0
FR;1;2021-09-01;112353;245300;21120;8;257704;22152;1;0;0;38679874;32276125;185524;304;35639574;37268;3;0;0
FR;1;2021-09-02;86766;197911;24533;18;208324;25512;0;0;0;38766640;32474036;210057;322;35847898;62780;3;0;0
FR;1;2021-09-03;82425;227499;26957;21;238953;28041;0;0;0;38849065;32701535;237014;343;36086851;90821;3;0;0
FR;1;2021-09-04;71630;189712;11141;11;199319;11705;7;0;0;38920695;32891247;248155;354;36286170;102526;10;0;0
FR;1;2021-09-05;18613;41147;4124;2;43861;4274;0;0;0;38939308;32932394;252279;356;36330031;106800;10;0;0
FR;1;2021-09-06;59820;151412;30181;15;158954;31215;2;0;0;38999128;33083806;282460;371;36488985;138015;12;0;0
FR;1;2021-09-07;57400;139640;30213;30;146789;31243;2;0;0;39056528;33223446;312673;401;36635774;169258;14;0;0
FR;1;2021-09-08;72349;173792;26927;22;182294;27956;4;0;0;39128877;33397238;339600;423;36818068;197214;18;0;0
FR;1;2021-09-09;54490;124429;28633;24;131202;29740;5;0;0;39183367;33521667;368233;447;36949270;226954;23;0;0
FR;1;2021-09-10;66216;152071;30452;24;161179;31688;5;0;0;39249583;33673738;398685;471;37110449;258642;28;0;0
FR;1;2021-09-11;52689;146629;9731;14;154134;10352;0;0;0;39302272;33820367;408416;485;37264583;268994;28;0;0
FR;1;2021-09-12;10796;29273;2489;1;30973;2657;2;0;0;39313068;33849640;410905;486;37295556;271651;30;0;0
FR;1;2021-09-13;51513;104426;38762;31;110983;40083;16;0;0;39364581;33954066;449667;517;37406539;311734;46;0;0
FR;1;2021-09-14;53342;96001;51280;67;102425;53237;38;0;0;39417923;34050067;500947;584;37508964;364971;84;0;0
FR;1;2021-09-15;60577;139239;50497;55;146428;47059;68;0;0;39478500;34189306;551444;639;37655392;412030;152;0;0
FR;1;2021-09-16;46637;81366;53353;70;86268;49598;70;0;0;39525137;34270672;604797;709;37741660;461628;222;0;0
FR;1;2021-09-17;53224;109331;45072;61;115670;42700;63;0;0;39578361;34380003;649869;770;37857330;504328;285;0;0
FR;1;2021-09-18;37882;118488;11795;19;124081;11274;19;0;0;39616243;34498491;661664;789;37981411;515602;304;0;0
FR;1;2021-09-19;6531;21032;2041;1;22135;1982;1;0;0;39622774;34519523;663705;790;38003546;517584;305;0;0
FR;1;2021-09-20;36542;74839;46229;65;78564;44189;32;0;0;39659316;34594362;709934;855;38082110;561773;337;0;0
FR;1;2021-09-21;34199;68114;56266;72;71146;52739;80;0;0;39693515;34662476;766200;927;38153256;614512;417;0;0
FR;1;2021-09-22;38839;118595;49878;76;123021;46919;41;0;0;39732354;34781071;816078;1003;38276277;661431;458;0;0
FR;1;2021-09-23;32039;62895;54507;85;65797;50914;85;0;0;39764393;34843966;870585;1088;38342074;712345;543;0;0
FR;1;2021-09-24;36797;90032;43673;89;94398;41950;58;0;0;39801190;34933998;914258;1177;38436472;754295;601;0;0
FR;1;2021-09-25;27652;96705;12307;27;101067;12185;19;0;0;39828842;35030703;926565;1204;38537539;766480;620;0;0
FR;1;2021-09-26;4385;15193;1776;5;16056;1698;4;0;0;39833227;35045896;928341;1209;38553595;768178;624;0;0
FR;1;2021-09-27;27353;60209;42912;89;63445;41638;81;0;1;39860580;35106105;971253;1298;38617040;809816;705;0;1
FR;1;2021-09-28;26912;49420;47199;76;52045;44481;43;0;0;39887492;35155525;1018452;1374;38669085;854297;748;0;1
FR;1;2021-09-29;35925;80270;47289;87;84660;45611;37;0;0;39923417;35235795;1065741;1461;38753745;899908;785;0;1
FR;1;2021-09-30;26076;46890;47524;80;49263;45463;52;0;0;39949493;35282685;1113265;1541;38803008;945371;837;0;1
FR;1;2021-10-01;47300;66923;44903;83;70819;44617;16;0;0;39996793;35349608;1158168;1624;38873827;989988;853;0;1
FR;1;2021-10-02;32383;62403;16112;32;67218;16321;6;0;0;40029176;35412011;1174280;1656;38941045;1006309;859;0;1
FR;1;2021-10-03;4343;8564;2040;3;9313;2037;4;0;0;40033519;35420575;1176320;1659;38950358;1008346;863;0;1
FR;1;2021-10-04;28976;44413;47109;79;46833;46975;31;0;0;40062495;35464988;1223429;1738;38997191;1055321;894;0;1
FR;1;2021-10-05;24566;41637;49890;116;43143;49332;51;0;0;40087061;35506625;1273319;1854;39040334;1104653;945;0;1
FR;1;2021-10-06;34656;61380;57505;102;64498;57253;27;0;0;40121717;35568005;1330824;1956;39104832;1161906;972;0;1
FR;1;2021-10-07;21077;39914;53047;75;41098;51986;35;0;0;40142794;35607919;1383871;2031;39145930;1213892;1007;0;1
FR;1;2021-10-08;35669;59645;60409;83;62881;61162;30;0;0;40178463;35667564;1444280;2114;39208811;1275054;1037;0;1
FR;1;2021-10-09;27467;48012;25496;29;52488;26024;10;0;0;40205930;35715576;1469776;2143;39261299;1301078;1047;0;1
FR;1;2021-10-10;3726;5811;2757;7;6289;2864;1;0;0;40209656;35721387;1472533;2150;39267588;1303942;1048;0;1
FR;1;2021-10-11;24857;38228;54587;88;40314;55264;48;0;0;40234513;35759615;1527120;2238;39307902;1359206;1096;0;1
FR;1;2021-10-12;23380;36584;58074;128;37104;59225;18;0;0;40257893;35796199;1585194;2366;39345006;1418431;1114;0;1
FR;1;2021-10-13;32973;47834;64175;125;50645;65698;23;0;1;40290866;35844033;1649369;2491;39395651;1484129;1137;0;2
FR;1;2021-10-14;21712;34770;53770;103;35682;54359;24;0;0;40312578;35878803;1703139;2594;39431333;1538488;1161;0;2
FR;1;2021-10-15;32750;48767;72329;165;50464;75023;23;0;0;40345328;35927570;1775468;2759;39481797;1613511;1184;0;2
FR;1;2021-10-16;26012;35285;34871;44;38303;36423;15;0;0;40371340;35962855;1810339;2803;39520100;1649934;1199;0;2
FR;1;2021-10-17;3158;4049;3417;2;4493;3317;3;0;0;40374498;35966904;1813756;2805;39524593;1653251;1202;0;2
FR;1;2021-10-18;24346;34888;66843;132;34936;69718;29;0;0;40398844;36001792;1880599;2937;39559529;1722969;1231;0;2
FR;1;2021-10-19;20721;35573;75668;135;33233;79596;41;0;0;40419565;36037365;1956267;3072;39592762;1802565;1272;0;2
FR;1;2021-10-20;29914;44204;96183;178;43284;99868;46;0;0;40449479;36081569;2052450;3250;39636046;1902433;1318;0;2
FR;1;2021-10-21;19802;35049;83189;107;31765;87046;31;0;0;40469281;36116618;2135639;3357;39667811;1989479;1349;0;2
FR;1;2021-10-22;29756;47756;103752;196;44574;109699;62;0;0;40499037;36164374;2239391;3553;39712385;2099178;1411;0;2
FR;1;2021-10-23;23053;35141;44874;57;36138;47382;12;0;0;40522090;36199515;2284265;3610;39748523;2146560;1423;0;2
FR;1;2021-10-24;2406;3845;3583;6;4042;3717;1;0;0;40524496;36203360;2287848;3616;39752565;2150277;1424;0;2
FR;1;2021-10-25;22496;30740;82028;143;29630;85832;37;0;0;40546992;36234100;2369876;3759;39782195;2236109;1461;0;2
FR;1;2021-10-26;19366;27653;86119;162;24757;90342;31;0;0;40566358;36261753;2455995;3921;39806952;2326451;1492;0;2
FR;1;2021-10-27;26218;39621;107815;252;37319;112724;51;0;0;40592576;36301374;2563810;4173;39844271;2439175;1543;0;2
FR;1;2021-10-28;18801;27117;86964;150;23505;91720;38;0;0;40611377;36328491;2650774;4323;39867776;2530895;1581;0;2
FR;1;2021-10-29;25931;40262;114837;202;35505;121663;54;0;0;40637308;36368753;2765611;4525;39903281;2652558;1635;0;2
FR;1;2021-10-30;17710;28712;49371;74;28307;51963;18;0;0;40655018;36397465;2814982;4599;39931588;2704521;1653;0;2
FR;1;2021-10-31;2086;3173;3451;2;3218;3686;2;0;0;40657104;36400638;2818433;4601;39934806;2708207;1655;0;2
FR;1;2021-11-01;8014;4269;3035;3;4354;3294;6;0;0;40665118;36404907;2821468;4604;39939160;2711501;1661;0;2
FR;1;2021-11-02;22908;33233;92407;156;29195;97855;39;0;1;40688026;36438140;2913875;4760;39968355;2809356;1700;0;3
FR;1;2021-11-03;26635;41567;117510;219;37026;123885;59;0;0;40714661;36479707;3031385;4979;40005381;2933241;1759;0;3
FR;1;2021-11-04;19626;30308;105817;213;24195;111970;43;0;0;40734287;36510015;3137202;5192;40029576;3045211;1802;0;3
FR;1;2021-11-05;27023;42310;138788;230;34206;147461;49;0;0;40761310;36552325;3275990;5422;40063782;3192672;1851;0;3
FR;1;2021-11-06;18861;29820;63487;123;27625;66500;25;0;0;40780171;36582145;3339477;5545;40091407;3259172;1876;0;3
FR;1;2021-11-07;1834;3279;4982;6;3034;5301;5;0;0;40782005;36585424;3344459;5551;40094441;3264473;1881;0;3
FR;1;2021-11-08;17877;32243;126005;224;25390;132640;48;0;0;40799882;36617667;3470464;5775;40119831;3397113;1929;0;3
FR;1;2021-11-09;19518;37613;159320;334;26153;169126;68;0;0;40819400;36655280;3629784;6109;40145984;3566239;1997;0;3
FR;1;2021-11-10;28888;49075;181920;441;39040;192535;87;0;0;40848288;36704355;3811704;6550;40185024;3758774;2084;0;3
FR;1;2021-11-11;4191;5941;12236;26;5111;13029;14;0;0;40852479;36710296;3823940;6576;40190135;3771803;2098;0;3
FR;1;2021-11-12;26023;46834;174837;244;35313;186520;82;0;0;40878502;36757130;3998777;6820;40225448;3958323;2180;0;3
FR;1;2021-11-13;18734;29152;76843;111;25382;81789;42;0;0;40897236;36786282;4075620;6931;40250830;4040112;2222;0;3
FR;1;2021-11-14;2050;3242;6827;5;2798;7357;6;0;0;40899286;36789524;4082447;6936;40253628;4047469;2228;0;3
FR;1;2021-11-15;18787;34725;156436;306;24638;166258;63;0;0;40918073;36824249;4238883;7242;40278266;4213727;2291;0;3
FR;1;2021-11-16;21363;37862;192142;380;23371;205050;103;0;1;40939436;36862111;4431025;7622;40301637;4418777;2394;0;4
FR;1;2021-11-17;28669;45562;193247;398;33041;205060;95;0;0;40968105;36907673;4624272;8020;40334678;4623837;2489;0;4
FR;1;2021-11-18;21142;39593;182525;458;25157;194627;87;0;0;40989247;36947266;4806797;8478;40359835;4818464;2576;0;4
FR;1;2021-11-19;30889;53323;230270;532;34841;246745;138;0;0;41020136;37000589;5037067;9010;40394676;5065209;2714;0;4
FR;1;2021-11-20;23766;33226;96996;202;26742;103646;45;0;0;41043902;37033815;5134063;9212;40421418;5168855;2759;0;4
FR;1;2021-11-21;2339;3910;9124;19;2956;9934;16;0;0;41046241;37037725;5143187;9231;40424374;5178789;2775;0;4
FR;1;2021-11-22;21421;30360;175923;467;16969;189476;78;0;0;41067662;37068085;5319110;9698;40441343;5368265;2853;0;4
FR;1;2021-11-23;24026;40988;221242;540;21347;237985;77;0;0;41091688;37109073;5540352;10238;40462690;5606250;2930;0;4
FR;1;2021-11-24;30298;49666;217381;702;32007;234547;68;0;0;41121986;37158739;5757733;10940;40494697;5840797;2998;0;4
FR;1;2021-11-25;23732;44031;244498;718;22100;264159;101;0;0;41145718;37202770;6002231;11658;40516797;6104956;3099;0;4
FR;1;2021-11-26;30622;66676;356829;836;33303;388602;154;0;0;41176340;37269446;6359060;12494;40550100;6493558;3253;0;4
FR;1;2021-11-27;21961;45303;202652;372;26199;222679;114;0;0;41198301;37314749;6561712;12866;40576299;6716237;3367;0;4
FR;1;2021-11-28;3178;9571;54797;63;3482;61018;37;0;0;41201479;37324320;6616509;12929;40579781;6777255;3404;0;4
FR;1;2021-11-29;17902;49485;326408;841;20818;354527;150;0;0;41219381;37373805;6942917;13770;40600599;7131782;3554;0;4
FR;1;2021-11-30;22789;64859;431172;952;23877;470803;261;0;0;41242170;37438664;7374089;14722;40624476;7602585;3815;0;4
FR;1;2021-12-01;25350;69148;442927;1131;28531;481797;271;0;0;41267520;37507812;7817016;15853;40653007;8084382;4086;0;4
FR;1;2021-12-02;20089;64430;489433;1228;18549;532949;271;0;0;41287609;37572242;8306449;17081;40671556;8617331;4357;0;4
FR;1;2021-12-03;22912;82379;542804;1309;30383;591790;307;0;0;41310521;37654621;8849253;18390;40701939;9209121;4664;0;4
FR;1;2021-12-04;16415;53867;299113;654;23278;328980;184;0;0;41326936;37708488;9148366;19044;40725217;9538101;4848;0;4
FR;1;2021-12-05;3635;13808;81539;143;4219;91048;85;0;0;41330571;37722296;9229905;19187;40729436;9629149;4933;0;4
FR;1;2021-12-06;25853;62484;415472;1066;22136;455190;356;0;0;41356424;37784780;9645377;20253;40751572;10084339;5289;0;4
FR;1;2021-12-07;20014;75521;523022;1536;24360;572662;371;0;0;41376438;37860301;10168399;21789;40775932;10657001;5660;0;4
FR;1;2021-12-08;21712;75583;458466;1545;30718;502135;378;0;0;41398150;37935884;10626865;23334;40806650;11159136;6038;0;4
FR;1;2021-12-09;19468;74018;492975;1626;24437;540960;397;0;0;41417618;38009902;11119840;24960;40831087;11700096;6435;0;4
FR;1;2021-12-10;23324;87621;547416;1585;32524;600052;390;0;1;41440942;38097523;11667256;26545;40863611;12300148;6825;0;5
FR;1;2021-12-11;16531;59131;302755;751;26004;335478;278;0;0;41457473;38156654;11970011;27296;40889615;12635626;7103;0;5
FR;1;2021-12-12;4392;15915;83226;179;5270;94045;96;0;0;41461865;38172569;12053237;27475;40894885;12729671;7199;0;5
FR;1;2021-12-13;15754;63513;367019;1094;24024;406300;234;0;0;41477619;38236082;12420256;28569;40918909;13135971;7433;0;5
FR;1;2021-12-14;20863;80213;464821;1748;28749;515271;506;0;1;41498482;38316295;12885077;30317;40947658;13651242;7939;0;6
FR;1;2021-12-15;21618;77380;409113;1309;33104;453178;311;0;1;41520100;38393675;13294190;31626;40980762;14104420;8250;0;7
FR;1;2021-12-16;20063;77187;451907;1577;28039;500654;325;0;0;41540163;38470862;13746097;33203;41008801;14605074;8575;0;7
FR;1;2021-12-17;22624;86513;479963;1737;34762;531004;372;0;0;41562787;38557375;14226060;34940;41043563;15136078;8947;0;7
FR;1;2021-12-18;17609;54637;257639;731;24742;288541;230;0;0;41580396;38612012;14483699;35671;41068305;15424619;9177;0;7
FR;1;2021-12-19;5552;16981;79190;194;5943;90701;116;0;0;41585948;38628993;14562889;35865;41074248;15515320;9293;0;7
FR;1;2021-12-20;20935;63030;316263;1081;26622;355309;283;0;0;41606883;38692023;14879152;36946;41100870;15870629;9576;0;7
FR;1;2021-12-21;26328;72975;372775;1423;30684;418090;338;0;0;41633211;38764998;15251927;38369;41131554;16288719;9914;0;7
FR;1;2021-12-22;24980;65785;310652;1217;29696;349594;361;0;1;41658191;38830783;15562579;39586;41161250;16638313;10275;0;8
FR;1;2021-12-23;21271;52211;241498;957;23437;273046;361;0;0;41679462;38882994;15804077;40543;41184687;16911359;10636;0;8
FR;1;2021-12-24;7127;18316;67159;258;9281;77061;154;0;1;41686589;38901310;15871236;40801;41193968;16988420;10790;0;9
FR;1;2021-12-25;508;2875;5588;15;1805;6534;55;0;0;41687097;38904185;15876824;40816;41195773;16994954;10845;0;9
FR;1;2021-12-26;2749;7580;26948;71;3498;31460;100;0;0;41689846;38911765;15903772;40887;41199271;17026414;10945;0;9
FR;1;2021-12-27;18312;53529;235120;705;25530;265768;365;0;0;41708158;38965294;16138892;41592;41224801;17292182;11310;0;9
FR;1;2021-12-28;23302;61977;292042;1026;27085;330213;595;0;1;41731460;39027271;16430934;42618;41251886;17622395;11905;0;10
FR;1;2021-12-29;22217;55471;255018;920;25338;288230;645;0;1;41753677;39082742;16685952;43538;41277224;17910625;12550;0;11
FR;1;2021-12-30;21241;46493;212167;858;22515;239623;718;0;0;41774918;39129235;16898119;44396;41299739;18150248;13268;0;11
FR;1;2021-12-31;7467;16563;61875;229;8747;70407;346;0;0;41782385;39145798;16959994;44625;41308486;18220655;13614;0;11
FR;1;2022-01-01;1158;2497;5664;30;1542;6582;72;0;0;41783543;39148295;16965658;44655;41310028;18227237;13686;0;11
FR;1;2022-01-02;3086;8077;28892;50;3674;33531;190;0;0;41786629;39156372;16994550;44705;41313702;18260768;13876;0;11
FR;1;2022-01-03;25589;54234;228255;789;27583;257728;958;0;1;41812218;39210606;17222805;45494;41341285;18518496;14834;0;12
FR;1;2022-01-04;26204;65064;299274;1239;29871;337304;1371;0;2;41838422;39275670;17522079;46733;41371156;18855800;16205;0;14
FR;1;2022-01-05;30544;64301;274898;1099;32561;310274;1263;0;0;41868966;39339971;17796977;47832;41403717;19166074;17468;0;14
FR;1;2022-01-06;26838;66246;306899;1400;29317;346570;1566;0;1;41895804;39406217;18103876;49232;41433034;19512644;19034;0;15
FR;1;2022-01-07;31570;75044;349844;1538;34456;393984;1823;0;1;41927374;39481261;18453720;50770;41467490;19906628;20857;0;16
FR;1;2022-01-08;23388;51385;222499;698;25601;251123;913;0;1;41950762;39532646;18676219;51468;41493091;20157751;21770;0;17
FR;1;2022-01-09;7092;17158;66025;163;8188;76137;335;0;0;41957854;39549804;18742244;51631;41501279;20233888;22105;0;17
FR;1;2022-01-10;21790;60654;236808;955;32972;267610;1257;0;1;41979644;39610458;18979052;52586;41534251;20501498;23362;0;18
FR;1;2022-01-11;26764;63473;282302;1277;31234;317828;1832;0;1;42006408;39673931;19261354;53863;41565485;20819326;25194;0;19
FR;1;2022-01-12;28956;62537;246271;1105;35098;278059;1685;0;3;42035364;39736468;19507625;54968;41600583;21097385;26879;0;22
FR;1;2022-01-13;24782;60204;262801;1253;30074;296123;1994;0;4;42060146;39796672;19770426;56221;41630657;21393508;28873;0;26
FR;1;2022-01-14;27967;66748;314017;1366;32170;351267;2474;0;1;42088113;39863420;20084443;57587;41662827;21744775;31347;0;27
FR;1;2022-01-15;19366;44434;199318;618;22479;223864;1362;0;1;42107479;39907854;20283761;58205;41685306;21968639;32709;0;28
FR;1;2022-01-16;5160;12977;51529;135;6030;59562;337;0;0;42112639;39920831;20335290;58340;41691336;22028201;33046;0;28
FR;1;2022-01-17;16867;39729;184835;781;20157;206830;1690;0;2;42129506;39960560;20520125;59121;41711493;22235031;34736;0;30
FR;1;2022-01-18;19453;45985;212434;1154;22998;237044;2456;0;1;42148959;40006545;20732559;60275;41734491;22472075;37192;0;31
FR;1;2022-01-19;20308;43991;176119;897;25496;197200;1974;0;4;42169267;40050536;20908678;61172;41759987;22669275;39166;0;35
FR;1;2022-01-20;16841;40604;183694;1139;20829;204746;2513;0;2;42186108;40091140;21092372;62311;41780816;22874021;41679;0;37
FR;1;2022-01-21;19916;47057;228962;1405;23925;253349;3108;0;1;42206024;40138197;21321334;63716;41804741;23127370;44787;0;38
FR;1;2022-01-22;13844;33352;144495;578;18445;161389;1404;0;2;42219868;40171549;21465829;64294;41823186;23288759;46191;0;40
FR;1;2022-01-23;3377;8769;33429;132;4577;38319;352;0;1;42223245;40180318;21499258;64426;41827763;23327078;46543;0;41
FR;1;2022-01-24;11808;32994;142220;711;17809;158257;2102;0;1;42235053;40213312;21641478;65137;41845572;23485335;48645;0;42
FR;1;2022-01-25;14213;38195;163411;1049;20293;181571;3179;0;1;42249266;40251507;21804889;66186;41865865;23666906;51824;0;43
FR;1;2022-01-26;14863;37711;150254;933;22639;166363;2517;0;1;42264129;40289218;21955143;67119;41888504;23833269;54341;0;44
FR;1;2022-01-27;12340;33324;143455;888;18500;158015;3226;0;3;42276469;40322542;22098598;68007;41907004;23991284;57567;0;47
FR;1;2022-01-28;16326;56936;198319;1143;32681;222394;4005;0;3;42292795;40379478;22296917;69150;41939685;24213678;61572;0;50
FR;1;2022-01-29;10268;35493;135204;525;19621;151543;1879;0;1;42303063;40414971;22432121;69675;41959306;24365221;63451;0;51
FR;1;2022-01-30;2485;9269;29682;86;4832;34453;435;0;1;42305548;40424240;22461803;69761;41964138;24399674;63886;0;52
FR;1;2022-01-31;8758;32497;104346;533;19491;117363;2342;0;3;42314306;40456737;22566149;70294;41983629;24517037;66228;0;55
FR;1;2022-02-01;10995;36476;127083;865;20645;141240;4327;0;1;42325301;40493213;22693232;71159;42004274;24658277;70555;0;56
FR;1;2022-02-02;12048;41597;130357;782;25272;145829;3780;0;9;42337349;40534810;22823589;71941;42029546;24804106;74335;0;65
FR;1;2022-02-03;9303;34057;117015;785;19114;130337;4294;0;4;42346652;40568867;22940604;72726;42048660;24934443;78629;0;69
FR;1;2022-02-04;11532;48628;172582;967;25913;192743;5488;0;5;42358184;40617495;23113186;73693;42074573;25127186;84117;0;74
FR;1;2022-02-05;7998;33935;117589;391;18178;133035;2421;0;3;42366182;40651430;23230775;74084;42092751;25260221;86538;0;77
FR;1;2022-02-06;1706;8002;22752;85;3875;26907;443;0;0;42367888;40659432;23253527;74169;42096626;25287128;86981;0;77
FR;1;2022-02-07;7338;35421;119105;459;18193;134977;3397;0;4;42375226;40694853;23372632;74628;42114819;25422105;90378;0;81
FR;1;2022-02-08;7763;31956;125659;694;14888;140648;4300;0;5;42382989;40726809;23498291;75322;42129707;25562753;94678;0;86
FR;1;2022-02-09;8651;36520;135256;701;17921;152501;3883;0;7;42391640;40763329;23633547;76023;42147628;25715254;98561;0;93
FR;1;2022-02-10;7022;30124;116375;675;13887;130163;4444;0;1;42398662;40793453;23749922;76698;42161515;25845417;103005;0;94
FR;1;2022-02-11;8658;41550;165143;878;18360;185368;5430;0;3;42407320;40835003;23915065;77576;42179875;26030785;108435;0;97
FR;1;2022-02-12;5340;27609;106713;379;12531;120898;2396;0;2;42412660;40862612;24021778;77955;42192406;26151683;110831;0;99
FR;1;2022-02-13;1262;5718;21717;66;2187;25333;402;0;3;42413922;40868330;24043495;78021;42194593;26177016;111233;0;102
FR;1;2022-02-14;5457;27224;118092;394;10639;133120;3384;0;4;42419379;40895554;24161587;78415;42205232;26310136;114617;0;106
FR;1;2022-02-15;5790;28859;118927;611;12207;132559;4882;0;1;42425169;40924413;24280514;79026;42217439;26442695;119499;0;107
FR;1;2022-02-16;5758;28487;110420;596;13752;123051;4152;0;3;42430927;40952900;24390934;79622;42231191;26565746;123651;0;110
FR;1;2022-02-17;4614;19738;73146;488;10124;80251;3997;0;3;42435541;40972638;24464080;80110;42241315;26645997;127648;0;113
FR;1;2022-02-18;5607;26790;99202;673;14162;108162;5519;0;2;42441148;40999428;24563282;80783;42255477;26754159;133167;0;115
FR;1;2022-02-19;3550;17177;59479;304;9569;66060;2266;0;0;42444698;41016605;24622761;81087;42265046;26820219;135433;0;115
FR;1;2022-02-20;791;3256;10706;36;1649;12333;360;0;1;42445489;41019861;24633467;81123;42266695;26832552;135793;0;116
FR;1;2022-02-21;3429;14592;52830;286;7915;57676;3126;0;2;42448918;41034453;24686297;81409;42274610;26890228;138919;0;118
FR;1;2022-02-22;3799;15539;51916;500;9036;55655;4069;0;1;42452717;41049992;24738213;81909;42283646;26945883;142988;0;119
FR;1;2022-02-23;4233;17821;57475;508;10742;62575;3568;0;3;42456950;41067813;24795688;82417;42294388;27008458;146556;0;122
FR;1;2022-02-24;3343;13131;43616;436;7827;46404;3658;0;2;42460293;41080944;24839304;82853;42302215;27054862;150214;0;124
FR;1;2022-02-25;4474;19932;64923;696;12050;68794;5767;0;4;42464767;41100876;24904227;83549;42314265;27123656;155981;0;128
FR;1;2022-02-26;2693;12802;41369;310;7649;45122;2494;0;2;42467460;41113678;24945596;83859;42321914;27168778;158475;0;130
FR;1;2022-02-27;644;2190;7128;42;1206;7993;431;0;0;42468104;41115868;24952724;83901;42323120;27176771;158906;0;130
FR;1;2022-02-28;2611;10490;34962;306;6072;37388;3124;0;0;42470715;41126358;24987686;84207;42329192;27214159;162030;0;130
FR;1;2022-03-01;3581;10752;38704;391;6357;39658;4549;0;4;42474296;41137110;25026390;84598;42335549;27253817;166579;0;134
FR;1;2022-03-02;3676;12184;41861;397;7450;43931;4109;0;1;42477972;41149294;25068251;84995;42342999;27297748;170688;0;135
FR;1;2022-03-03;2461;7985;26180;328;5241;26519;3378;0;1;42480433;41157279;25094431;85323;42348240;27324267;174066;0;136
FR;1;2022-03-04;2683;10492;35440;592;6922;34934;5277;0;3;42483116;41167771;25129871;85915;42355162;27359201;179343;0;139
FR;1;2022-03-05;1822;6362;21967;280;4201;22365;2571;0;1;42484938;41174133;25151838;86195;42359363;27381566;181914;0;140
FR;1;2022-03-06;358;955;2917;38;601;3120;327;0;0;42485296;41175088;25154755;86233;42359964;27384686;182241;0;140
FR;1;2022-03-07;1784;4719;16438;245;3043;15904;2831;0;4;42487080;41179807;25171193;86478;42363007;27400590;185072;0;144
FR;1;2022-03-08;1710;5256;17168;309;3667;15996;3472;0;3;42488790;41185063;25188361;86787;42366674;27416586;188544;0;147
FR;1;2022-03-09;1988;6676;19812;370;4752;19170;3422;0;4;42490778;41191739;25208173;87157;42371426;27435756;191966;0;151
FR;1;2022-03-10;1406;5008;15291;308;3659;14330;2943;0;2;42492184;41196747;25223464;87465;42375085;27450086;194909;0;153
FR;1;2022-03-11;1755;6406;21709;487;4439;19864;4737;0;1;42493939;41203153;25245173;87952;42379524;27469950;199646;0;154
FR;1;2022-03-12;1251;4653;15363;281;3096;14913;2685;0;2;42495190;41207806;25260536;88233;42382620;27484863;202331;0;156
FR;1;2022-03-13;255;612;2120;119;412;2066;468;0;0;42495445;41208418;25262656;88352;42383032;27486929;202799;0;156
FR;1;2022-03-14;1150;3678;13405;3882;2293;12527;6342;0;8;42496595;41212096;25276061;92234;42385325;27499456;209141;0;164
FR;1;2022-03-15;1408;5738;14659;6863;4321;13257;9843;0;8;42498003;41217834;25290720;99097;42389646;27512713;218984;0;172
FR;1;2022-03-16;1693;5083;17393;11520;3593;16458;14125;0;6;42499696;41222917;25308113;110617;42393239;27529171;233109;0;178
FR;1;2022-03-17;1171;3440;11731;9648;2364;10828;11730;0;8;42500867;41226357;25319844;120265;42395603;27539999;244839;0;186
FR;1;2022-03-18;1727;4928;17972;16507;3323;16411;19721;0;14;42502594;41231285;25337816;136772;42398926;27556410;264560;0;200
FR;1;2022-03-19;1126;3299;11890;8458;2275;11359;10140;0;6;42503720;41234584;25349706;145230;42401201;27567769;274700;0;206
FR;1;2022-03-20;224;559;1724;1014;361;1758;1224;0;2;42503944;41235143;25351430;146244;42401562;27569527;275924;0;208
FR;1;2022-03-21;1086;2766;11499;13461;1786;10848;15142;0;10;42505030;41237909;25362929;159705;42403348;27580375;291066;0;218
FR;1;2022-03-22;1244;3210;12258;18713;2151;11246;20616;0;5;42506274;41241119;25375187;178418;42405499;27591621;311682;0;223
FR;1;2022-03-23;1506;4357;16029;20111;2952;15712;21881;0;34;42507780;41245476;25391216;198529;42408451;27607333;333563;0;257
FR;1;2022-03-24;1116;2753;10400;16056;1910;9662;17560;0;15;42508896;41248229;25401616;214585;42410361;27616995;351123;0;272
FR;1;2022-03-25;1535;4361;16747;25315;2878;15399;27959;0;23;42510431;41252590;25418363;239900;42413239;27632394;379082;0;295
FR;1;2022-03-26;1108;3014;10856;11450;2063;10517;12862;0;20;42511539;41255604;25429219;251350;42415302;27642911;391944;0;315
FR;1;2022-03-27;233;546;1751;1382;333;1804;1593;0;1;42511772;41256150;25430970;252732;42415635;27644715;393537;0;316
FR;1;2022-03-28;1082;2487;9978;15885;1554;9601;17228;0;10;42512854;41258637;25440948;268617;42417189;27654316;410765;0;326
FR;1;2022-03-29;1142;2740;11556;25109;1590;10922;26505;0;30;42513996;41261377;25452504;293726;42418779;27665238;437270;0;356
FR;1;2022-03-30;1630;3600;14169;24223;2372;13709;25890;0;19;42515626;41264977;25466673;317949;42421151;27678947;463160;0;375
FR;1;2022-03-31;1278;3016;11698;22685;2041;11212;24005;0;40;42516904;41267993;25478371;340634;42423192;27690159;487165;0;415
FR;1;2022-04-01;2234;4021;18485;28531;2476;17355;30803;0;53;42519138;41272014;25496856;369165;42425668;27707514;517968;0;468
FR;1;2022-04-02;910;1889;8195;9238;1106;7954;10231;0;28;42520048;41273903;25505051;378403;42426774;27715468;528199;0;496
FR;1;2022-04-03;203;380;1433;1057;218;1434;1248;0;1;42520251;41274283;25506484;379460;42426992;27716902;529447;0;497
FR;1;2022-04-04;2334;2472;11371;17678;1551;10761;18899;0;30;42522585;41276755;25517855;397138;42428543;27727663;548346;0;527
FR;1;2022-04-05;2079;2707;13001;31218;1692;12025;32599;0;68;42524664;41279462;25530856;428356;42430235;27739688;580945;0;595
FR;1;2022-04-06;1812;3001;12204;23937;1908;11635;25239;0;62;42526476;41282463;25543060;452293;42432143;27751323;606184;0;657
FR;1;2022-04-07;1533;2738;12351;31079;1638;11816;32155;0;68;42528009;41285201;25555411;483372;42433781;27763139;638339;0;725
FR;1;2022-04-08;1751;3649;17559;40619;2041;16468;42688;0;76;42529760;41288850;25572970;523991;42435822;27779607;681027;0;801
FR;1;2022-04-09;820;1997;8404;12500;1074;8103;13500;0;26;42530580;41290847;25581374;536491;42436896;27787710;694527;0;827
FR;1;2022-04-10;200;645;1836;1855;409;1882;2075;0;6;42530780;41291492;25583210;538346;42437305;27789592;696602;0;833
FR;1;2022-04-11;1082;2257;10969;22346;1305;10687;23452;0;68;42531862;41293749;25594179;560692;42438610;27800279;720054;0;901
FR;1;2022-04-12;1331;2670;12820;38130;1583;12310;38881;0;119;42533193;41296419;25606999;598822;42440193;27812589;758935;0;1020
FR;1;2022-04-13;1275;2892;12270;30617;1787;12003;31387;0;85;42534468;41299311;25619269;629439;42441980;27824592;790322;0;1105
FR;1;2022-04-14;1228;2584;12116;33621;1587;12130;34058;0;88;42535696;41301895;25631385;663060;42443567;27836722;824380;0;1193
FR;1;2022-04-15;1497;3228;14401;33262;2049;13804;34662;0;107;42537193;41305123;25645786;696322;42445616;27850526;859042;0;1300
FR;1;2022-04-16;660;1405;5844;8002;763;5775;8757;0;31;42537853;41306528;25651630;704324;42446379;27856301;867799;0;1331
FR;1;2022-04-17;155;288;930;1121;175;975;1171;0;7;42538008;41306816;25652560;705445;42446554;27857276;868970;0;1338
FR;1;2022-04-18;166;479;2635;1002;296;2659;1186;0;5;42538174;41307295;25655195;706447;42446850;27859935;870156;0;1343
FR;1;2022-04-19;1253;2608;11785;27931;1495;11516;28786;0;69;42539427;41309903;25666980;734378;42448345;27871451;898942;0;1412
FR;1;2022-04-20;1349;2663;12177;26874;1663;12027;27703;0;82;42540776;41312566;25679157;761252;42450008;27883478;926645;0;1494
FR;1;2022-04-21;1242;2459;11547;33247;1508;11759;33603;0;107;42542018;41315025;25690704;794499;42451516;27895237;960248;0;1601
FR;1;2022-04-22;1514;3079;15213;35498;1911;14792;36695;0;120;42543532;41318104;25705917;829997;42453427;27910029;996943;0;1721
FR;1;2022-04-23;761;1581;6733;9893;917;6639;10577;0;30;42544293;41319685;25712650;839890;42454344;27916668;1007520;0;1751
FR;1;2022-04-24;196;373;1373;1521;237;1328;1744;0;7;42544489;41320058;25714023;841411;42454581;27917996;1009264;0;1758
FR;1;2022-04-25;1040;2130;9854;19730;1251;9756;20552;0;64;42545529;41322188;25723877;861141;42455832;27927752;1029816;0;1822
FR;1;2022-04-26;1348;2622;12601;36571;1603;12202;37157;0;163;42546877;41324810;25736478;897712;42457435;27939954;1066973;0;1985
FR;1;2022-04-27;1330;2405;10653;29239;1461;10789;29625;0;122;42548207;41327215;25747131;926951;42458896;27950743;1096598;0;2107
FR;1;2022-04-28;1283;2410;11562;34278;1517;11404;34427;0;127;42549490;41329625;25758693;961229;42460413;27962147;1131025;0;2234
FR;1;2022-04-29;1612;4272;14401;35553;3146;13855;36841;0;153;42551102;41333897;25773094;996782;42463559;27976002;1167866;0;2387
FR;1;2022-04-30;831;2290;6445;9174;1719;6288;9975;0;35;42551933;41336187;25779539;1005956;42465278;27982290;1177841;0;2422
FR;1;2022-05-01;177;288;831;948;190;825;1077;0;5;42552110;41336475;25780370;1006904;42465468;27983115;1178918;0;2427
FR;1;2022-05-02;1813;2602;10377;16946;1758;10300;17629;0;64;42553923;41339077;25790747;1023850;42467226;27993415;1196547;0;2491
FR;1;2022-05-03;1617;2871;12707;32893;1757;12599;33693;0;149;42555540;41341948;25803454;1056743;42468983;28006014;1230240;0;2640
FR;1;2022-05-04;1370;2741;11230;23810;1687;11391;24348;0;96;42556910;41344689;25814684;1080553;42470670;28017405;1254588;0;2736
FR;1;2022-05-05;1475;2694;12192;31844;1680;12116;32391;0;169;42558385;41347383;25826876;1112397;42472350;28029521;1286979;0;2905
FR;1;2022-05-06;1818;3232;14233;34918;1909;13816;36181;0;166;42560203;41350615;25841109;1147315;42474259;28043337;1323160;0;3071
FR;1;2022-05-07;856;1470;5976;9094;876;6010;9728;0;44;42561059;41352085;25847085;1156409;42475135;28049347;1332888;0;3115
FR;1;2022-05-08;190;329;1060;1472;222;1122;1548;0;8;42561249;41352414;25848145;1157881;42475357;28050469;1334436;0;3123
FR;1;2022-05-09;1145;2012;9247;19262;1153;9161;20035;0;93;42562394;41354426;25857392;1177143;42476510;28059630;1354471;0;3216
FR;1;2022-05-10;1489;2987;12620;37135;1896;12218;38034;0;177;42563883;41357413;25870012;1214278;42478406;28071848;1392505;0;3393
FR;1;2022-05-11;1435;2469;9909;26027;1688;9856;26547;0;140;42565318;41359882;25879921;1240305;42480094;28081704;1419052;0;3533
FR;1;2022-05-12;1319;2431;10519;33594;1523;10221;34236;0;188;42566637;41362313;25890440;1273899;42481617;28091925;1453288;0;3721
FR;1;2022-05-13;1610;2802;12766;35845;1680;12412;36941;0;149;42568247;41365115;25903206;1309744;42483297;28104337;1490229;0;3870
FR;1;2022-05-14;781;1320;5480;10215;806;5364;10730;0;51;42569028;41366435;25908686;1319959;42484103;28109701;1500959;0;3921
FR;1;2022-05-15;221;417;1182;1350;242;1252;1495;0;5;42569249;41366852;25909868;1321309;42484345;28110953;1502454;0;3926
FR;1;2022-05-16;970;1780;8074;20121;1000;8127;20545;0;117;42570219;41368632;25917942;1341430;42485345;28119080;1522999;0;4043
FR;1;2022-05-17;1292;2295;11122;36182;1378;10728;36966;0;172;42571511;41370927;25929064;1377612;42486723;28129808;1559965;0;4215
FR;1;2022-05-18;1311;2132;9035;25721;1364;8986;26279;0;99;42572822;41373059;25938099;1403333;42488087;28138794;1586244;0;4314
FR;1;2022-05-19;1201;2396;9850;33990;1405;9945;34191;0;150;42574023;41375455;25947949;1437323;42489492;28148739;1620435;0;4464
FR;1;2022-05-20;1560;2751;12525;37652;1713;12109;38511;0;151;42575583;41378206;25960474;1474975;42491205;28160848;1658946;0;4615
FR;1;2022-05-21;774;1375;5246;9374;866;5164;9943;0;37;42576357;41379581;25965720;1484349;42492071;28166012;1668889;0;4652
FR;1;2022-05-22;191;292;951;1395;203;952;1517;0;10;42576548;41379873;25966671;1485744;42492274;28166964;1670406;0;4662
FR;1;2022-05-23;968;1883;8371;19410;1169;8346;20027;0;79;42577516;41381756;25975042;1505154;42493443;28175310;1690433;0;4741
FR;1;2022-05-24;1286;2447;10720;37243;1436;10588;37818;0;173;42578802;41384203;25985762;1542397;42494879;28185898;1728251;0;4914
FR;1;2022-05-25;1273;2296;8791;23689;1422;8955;24051;0;111;42580075;41386499;25994553;1566086;42496301;28194853;1752302;0;5025
FR;1;2022-05-26;169;377;1581;1155;254;1576;1286;0;25;42580244;41386876;25996134;1567241;42496555;28196429;1753588;0;5050
FR;1;2022-05-27;1114;2184;8784;20456;1368;8533;21408;0;84;42581358;41389060;26004918;1587697;42497923;28204962;1774996;0;5134
FR;1;2022-05-28;486;1051;3688;6539;619;3726;6927;0;37;42581844;41390111;26008606;1594236;42498542;28208688;1781923;0;5171
FR;1;2022-05-29;121;257;707;893;149;718;1002;0;4;42581965;41390368;26009313;1595129;42498691;28209406;1782925;0;5175
FR;1;2022-05-30;831;1733;6558;18535;1036;6590;18989;0;85;42582796;41392101;26015871;1613664;42499727;28215996;1801914;0;5260
FR;1;2022-05-31;1267;2222;9244;34367;1356;9114;34968;0;159;42584063;41394323;26025115;1648031;42501083;28225110;1836882;0;5419
FR;1;2022-06-01;1319;2598;10430;23453;1745;10291;24301;0;115;42585382;41396921;26035545;1671484;42502828;28235401;1861183;0;5534
FR;1;2022-06-02;1223;2305;10666;34148;1444;10246;34981;0;161;42586605;41399226;26046211;1705632;42504272;28245647;1896164;0;5695
FR;1;2022-06-03;1444;2734;12705;37105;1724;12126;38281;0;157;42588049;41401960;26058916;1742737;42505996;28257773;1934445;0;5852
FR;1;2022-06-04;682;1261;4747;8677;758;4823;9167;0;62;42588731;41403221;26063663;1751414;42506754;28262596;1943612;0;5914
FR;1;2022-06-05;131;292;810;1048;150;834;1153;0;3;42588862;41403513;26064473;1752462;42506904;28263430;1944765;0;5917
FR;1;2022-06-06;525;1146;2024;1250;971;2039;1425;0;9;42589387;41404659;26066497;1753712;42507875;28265469;1946190;0;5926
FR;1;2022-06-07;1174;2331;9179;34042;1425;8840;35140;0;143;42590561;41406990;26075676;1787754;42509300;28274309;1981330;0;6069
FR;1;2022-06-08;1116;2235;8670;27552;1400;8550;28425;0;107;42591677;41409225;26084346;1815306;42510700;28282859;2009755;0;6176
FR;1;2022-06-09;1067;2146;9986;37563;1279;9670;38330;0;148;42592744;41411371;26094332;1852869;42511979;28292529;2048085;0;6324
FR;1;2022-06-10;1335;2745;12402;43110;1707;11978;44353;0;201;42594079;41414116;26106734;1895979;42513686;28304507;2092438;0;6525
FR;1;2022-06-11;657;1450;5140;11083;796;5188;11613;0;50;42594736;41415566;26111874;1907062;42514482;28309695;2104051;0;6575
FR;1;2022-06-12;152;375;1015;1686;187;1073;1787;0;11;42594888;41415941;26112889;1908748;42514669;28310768;2105838;0;6586
FR;1;2022-06-13;915;1830;7014;22225;1124;6871;23066;0;84;42595803;41417771;26119903;1930973;42515793;28317639;2128904;0;6670
FR;1;2022-06-14;1089;2215;9840;42845;1294;9243;43937;0;186;42596892;41419986;26129743;1973818;42517087;28326882;2172841;0;6856
FR;1;2022-06-15;1077;1999;8783;29371;1352;8462;29927;0;168;42597969;41421985;26138526;2003189;42518439;28335344;2202768;0;7024
FR;1;2022-06-16;951;1834;9398;38501;1053;8879;39407;0;188;42598920;41423819;26147924;2041690;42519492;28344223;2242175;0;7212
FR;1;2022-06-17;1221;2555;11875;44795;1465;11357;45924;0;223;42600141;41426374;26159799;2086485;42520957;28355580;2288099;0;7435
FR;1;2022-06-18;561;1275;4316;10543;715;4255;11085;0;62;42600702;41427649;26164115;2097028;42521672;28359835;2299184;0;7497
FR;1;2022-06-19;137;325;1002;1543;173;1081;1609;0;12;42600839;41427974;26165117;2098571;42521845;28360916;2300793;0;7509
FR;1;2022-06-20;860;1699;8491;25040;997;8153;25904;0;143;42601699;41429673;26173608;2123611;42522842;28369069;2326697;0;7652
FR;1;2022-06-21;1102;2135;9763;47754;1251;8853;49101;0;241;42602801;41431808;26183371;2171365;42524093;28377922;2375798;0;7893
FR;1;2022-06-22;1037;2057;8434;37151;1287;7951;38013;0;231;42603838;41433865;26191805;2208516;42525380;28385873;2413811;0;8124
FR;1;2022-06-23;1051;2173;10122;52800;1203;9405;53809;0;290;42604889;41436038;26201927;2261316;42526583;28395278;2467620;0;8414
FR;1;2022-06-24;1249;2709;12913;65958;1475;11697;67629;0;367;42606138;41438747;26214840;2327274;42528058;28406975;2535249;0;8781
FR;1;2022-06-25;686;1504;5927;18917;792;5708;19716;0;162;42606824;41440251;26220767;2346191;42528850;28412683;2554965;0;8943
FR;1;2022-06-26;167;406;1818;3494;191;1713;3731;0;34;42606991;41440657;26222585;2349685;42529041;28414396;2558696;0;8977
FR;1;2022-06-27;940;1767;9905;45974;936;9129;47109;0;300;42607931;41442424;26232490;2395659;42529977;28423525;2605805;0;9277
FR;1;2022-06-28;1209;2570;13834;86553;1374;12398;88238;0;570;42609140;41444994;26246324;2482212;42531351;28435923;2694043;0;9847
FR;1;2022-06-29;1238;2288;11480;67390;1252;10546;68437;0;487;42610378;41447282;26257804;2549602;42532603;28446469;2762480;0;10334
FR;1;2022-06-30;1285;2465;13514;89960;1411;11822;91759;0;645;42611663;41449747;26271318;2639562;42534014;28458291;2854239;0;10979
FR;1;2022-07-01;1636;3472;20304;109188;1984;17964;111578;0;859;42613299;41453219;26291622;2748750;42535998;28476255;2965817;0;11838
FR;1;2022-07-02;767;1523;8020;33770;745;7250;34796;0;315;42614066;41454742;26299642;2782520;42536743;28483505;3000613;0;12153
FR;1;2022-07-03;227;480;1940;6118;255;1756;6444;0;71;42614293;41455222;26301582;2788638;42536998;28485261;3007057;0;12224
FR;1;2022-07-04;1400;3000;13925;75399;1879;12347;77291;0;589;42615693;41458222;26315507;2864037;42538877;28497608;3084348;0;12813
FR;1;2022-07-05;1427;2825;17684;126355;1477;15141;128468;0;1059;42617120;41461047;26333191;2990392;42540354;28512749;3212816;0;13872
FR;1;2022-07-06;1349;2388;14881;93713;1370;12901;95149;0;815;42618469;41463435;26348072;3084105;42541724;28525650;3307965;0;14687
FR;1;2022-07-07;1436;2533;16926;119481;1400;13996;121576;0;1075;42619905;41465968;26364998;3203586;42543124;28539646;3429541;0;15762
FR;1;2022-07-08;1529;2817;19604;129994;1531;15968;132800;0;1219;42621434;41468785;26384602;3333580;42544655;28555614;3562341;0;16981
FR;1;2022-07-09;661;1273;7304;36014;690;6346;36803;0;392;42622095;41470058;26391906;3369594;42545345;28561960;3599144;0;17373
FR;1;2022-07-10;237;530;2240;6688;284;2032;7067;0;89;42622332;41470588;26394146;3376282;42545629;28563992;3606211;0;17462
FR;1;2022-07-11;1213;2220;14313;84439;1157;11929;86553;0;734;42623545;41472808;26408459;3460721;42546786;28575921;3692764;0;18196
FR;1;2022-07-12;1557;2784;19453;137400;1419;15891;139889;0;1485;42625102;41475592;26427912;3598121;42548205;28591812;3832653;0;19681
FR;1;2022-07-13;1417;2423;14783;89824;1302;12633;91510;0;1002;42626519;41478015;26442695;3687945;42549507;28604445;3924163;0;20683
FR;1;2022-07-14;161;348;1862;5285;193;1771;5432;0;74;42626680;41478363;26444557;3693230;42549700;28606216;3929595;0;20757
FR;1;2022-07-15;1257;2298;14359;80588;1180;12001;82592;0;959;42627937;41480661;26458916;3773818;42550880;28618217;4012187;0;21716
FR;1;2022-07-16;505;1049;5639;23945;541;4893;24585;0;302;42628442;41481710;26464555;3797763;42551421;28623110;4036772;0;22018
FR;1;2022-07-17;158;363;1656;4461;188;1499;4724;0;60;42628600;41482073;26466211;3802224;42551609;28624609;4041496;0;22078
FR;1;2022-07-18;973;2030;11297;59269;1139;9567;60993;0;715;42629573;41484103;26477508;3861493;42552748;28634176;4102489;0;22793
FR;1;2022-07-19;1228;2121;14689;99402;1184;11722;101397;0;1386;42630801;41486224;26492197;3960895;42553932;28645898;4203886;0;24179
FR;1;2022-07-20;1176;1994;12360;74349;1162;10271;75835;0;964;42631977;41488218;26504557;4035244;42555094;28656169;4279721;0;25143
FR;1;2022-07-21;1133;1948;12407;84532;1181;9986;85894;0;1210;42633110;41490166;26516964;4119776;42556275;28666155;4365615;0;26353
FR;1;2022-07-22;1241;2210;14086;85928;1230;11417;87659;0;1264;42634351;41492376;26531050;4205704;42557505;28677572;4453274;0;27617
FR;1;2022-07-23;533;1086;5231;21293;628;4605;21836;0;374;42634884;41493462;26536281;4226997;42558133;28682177;4475110;0;27991
FR;1;2022-07-24;147;304;1325;3695;149;1165;3921;0;65;42635031;41493766;26537606;4230692;42558282;28683342;4479031;0;28056
FR;1;2022-07-25;888;1627;9070;46109;977;7517;47485;0;680;42635919;41495393;26546676;4276801;42559259;28690859;4526516;0;28736
FR;1;2022-07-26;1125;1957;12678;81946;1112;10334;83561;0;1197;42637044;41497350;26559354;4358747;42560371;28701193;4610077;0;29933
FR;1;2022-07-27;1016;1725;9758;58492;1038;8138;59673;0;874;42638060;41499075;26569112;4417239;42561409;28709331;4669750;0;30807
FR;1;2022-07-28;979;1701;9851;61897;1105;7843;63128;0;967;42639039;41500776;26578963;4479136;42562514;28717174;4732878;0;31774
FR;1;2022-07-29;1111;1821;10451;62956;1145;8378;64268;0;1066;42640150;41502597;26589414;4542092;42563659;28725552;4797146;0;32840
FR;1;2022-07-30;392;714;3346;14490;429;2847;14849;0;279;42640542;41503311;26592760;4556582;42564088;28728399;4811995;0;33119
FR;1;2022-07-31;139;263;900;2335;158;766;2477;0;47;42640681;41503574;26593660;4558917;42564246;28729165;4814472;0;33166
FR;1;2022-08-01;722;1356;7247;28963;974;6106;29955;0;518;42641403;41504930;26600907;4587880;42565220;28735271;4844427;0;33684
FR;1;2022-08-02;896;1469;8228;54021;981;6623;54671;0;1090;42642299;41506399;26609135;4641901;42566201;28741894;4899098;0;34774
FR;1;2022-08-03;722;1099;6147;37035;742;4931;37762;0;645;42643021;41507498;26615282;4678936;42566943;28746825;4936860;0;35419
FR;1;2022-08-04;642;1073;6255;41445;690;5047;42001;0;849;42643663;41508571;26621537;4720381;42567633;28751872;4978861;0;36268
FR;1;2022-08-05;738;1189;6759;43052;798;5423;43687;0;933;42644401;41509760;26628296;4763433;42568431;28757295;5022548;0;37201
FR;1;2022-08-06;274;461;1990;8998;301;1671;9190;0;218;42644675;41510221;26630286;4772431;42568732;28758966;5031738;0;37419
FR;1;2022-08-07;89;143;520;1552;99;436;1629;0;35;42644764;41510364;26630806;4773983;42568831;28759402;5033367;0;37454
FR;1;2022-08-08;492;921;3795;21216;676;3128;21622;0;457;42645256;41511285;26634601;4795199;42569507;28762530;5054989;0;37911
FR;1;2022-08-09;607;1026;5677;38451;717;4551;38945;0;793;42645863;41512311;26640278;4833650;42570224;28767081;5093934;0;38704
FR;1;2022-08-10;533;1015;4432;26912;715;3632;27226;0;601;42646396;41513326;26644710;4860562;42570939;28770713;5121160;0;39305
FR;1;2022-08-11;538;911;4304;28202;624;3578;28530;0;635;42646934;41514237;26649014;4888764;42571563;28774291;5149690;0;39940
FR;1;2022-08-12;592;1021;4548;27160;695;3756;27571;0;666;42647526;41515258;26653562;4915924;42572258;28778047;5177261;0;40606
FR;1;2022-08-13;177;352;1247;5106;245;1063;5277;0;116;42647703;41515610;26654809;4921030;42572503;28779110;5182538;0;40722
FR;1;2022-08-14;65;114;276;871;96;235;941;0;24;42647768;41515724;26655085;4921901;42572599;28779345;5183479;0;40746
FR;1;2022-08-15;77;167;571;540;136;532;591;0;16;42647845;41515891;26655656;4922441;42572735;28779877;5184070;0;40762
FR;1;2022-08-16;522;929;3784;21485;687;3214;21685;0;582;42648367;41516820;26659440;4943926;42573422;28783091;5205755;0;41344
FR;1;2022-08-17;526;888;3765;22147;657;3192;22388;0;579;42648893;41517708;26663205;4966073;42574079;28786283;5228143;0;41923
FR;1;2022-08-18;543;879;3925;25432;679;3127;25651;0;630;42649436;41518587;26667130;4991505;42574758;28789410;5253794;0;42553
FR;1;2022-08-19;533;1037;4361;26514;736;3594;26821;0;732;42649969;41519624;26671491;5018019;42575494;28793004;5280615;0;43285
FR;1;2022-08-20;232;411;1287;5369;311;1104;5523;0;137;42650201;41520035;26672778;5023388;42575805;28794108;5286138;0;43422
FR;1;2022-08-21;81;110;283;989;75;249;1012;0;27;42650282;41520145;26673061;5024377;42575880;28794357;5287150;0;43449
FR;1;2022-08-22;472;879;3140;14944;649;2710;15221;0;411;42650754;41521024;26676201;5039321;42576529;28797067;5302371;0;43860
FR;1;2022-08-23;636;1056;4150;28310;741;3484;28388;0;830;42651390;41522080;26680351;5067631;42577270;28800551;5330759;0;44690
FR;1;2022-08-24;556;828;3401;19059;648;2770;19244;0;587;42651946;41522908;26683752;5086690;42577918;28803321;5350003;0;45277
FR;1;2022-08-25;562;922;3821;22918;643;3204;23147;0;655;42652508;41523830;26687573;5109608;42578561;28806525;5373150;0;45932
FR;1;2022-08-26;745;1122;4345;25152;796;3561;25528;0;745;42653253;41524952;26691918;5134760;42579357;28810086;5398678;0;46677
FR;1;2022-08-27;217;429;1322;5303;273;1190;5357;0;192;42653470;41525381;26693240;5140063;42579630;28811276;5404035;0;46869
FR;1;2022-08-28;111;145;298;898;104;280;947;0;33;42653581;41525526;26693538;5140961;42579734;28811556;5404982;0;46902
FR;1;2022-08-29;502;854;2975;14225;631;2515;14544;0;408;42654083;41526380;26696513;5155186;42580365;28814071;5419526;0;47310
FR;1;2022-08-30;739;1093;4621;27709;771;3771;28030;0;793;42654822;41527473;26701134;5182895;42581136;28817842;5447556;0;48103
FR;1;2022-08-31;579;824;3107;17229;602;2615;17493;0;483;42655401;41528297;26704241;5200124;42581738;28820457;5465049;0;48586
FR;1;2022-09-01;673;910;4324;21859;638;3682;22121;0;586;42656074;41529207;26708565;5221983;42582376;28824139;5487170;0;49172
FR;1;2022-09-02;770;1042;4878;27861;736;4074;28148;0;882;42656844;41530249;26713443;5249844;42583112;28828213;5515318;0;50054
FR;1;2022-09-03;316;500;1831;5873;339;1592;6102;0;174;42657160;41530749;26715274;5255717;42583451;28829805;5521420;0;50228
FR;1;2022-09-04;106;137;341;842;73;334;912;0;21;42657266;41530886;26715615;5256559;42583524;28830139;5522332;0;50249
FR;1;2022-09-05;571;654;3014;15687;478;2519;15970;0;499;42657837;41531540;26718629;5272246;42584002;28832658;5538302;0;50748
FR;1;2022-09-06;720;927;4562;31053;575;3700;31276;0;1002;42658557;41532467;26723191;5303299;42584577;28836358;5569578;0;51750
FR;1;2022-09-07;538;683;2917;16443;443;2420;16580;0;550;42659095;41533150;26726108;5319742;42585020;28838778;5586158;0;52300
FR;1;2022-09-08;567;783;3693;24200;527;3035;24278;0;796;42659662;41533933;26729801;5343942;42585547;28841813;5610436;0;53096
FR;1;2022-09-09;768;964;4298;26882;603;3584;27065;0;902;42660430;41534897;26734099;5370824;42586150;28845397;5637501;0;53998
FR;1;2022-09-10;327;460;1671;5588;290;1472;5778;0;203;42660757;41535357;26735770;5376412;42586440;28846869;5643279;0;54201
FR;1;2022-09-11;105;118;310;645;80;291;701;0;17;42660862;41535475;26736080;5377057;42586520;28847160;5643980;0;54218
FR;1;2022-09-12;447;576;2607;12940;399;2226;13218;0;462;42661309;41536051;26738687;5389997;42586919;28849386;5657198;0;54680
FR;1;2022-09-13;577;790;3865;25830;498;3376;25707;0;835;42661886;41536841;26742552;5415827;42587417;28852762;5682905;0;55515
FR;1;2022-09-14;569;691;2864;15689;476;2394;15925;0;537;42662455;41537532;26745416;5431516;42587893;28855156;5698830;0;56052
FR;1;2022-09-15;508;705;3330;23059;476;2823;23136;0;676;42662963;41538237;26748746;5454575;42588369;28857979;5721966;0;56728
FR;1;2022-09-16;714;926;4011;25330;610;3379;25532;0;891;42663677;41539163;26752757;5479905;42588979;28861358;5747498;0;57619
FR;1;2022-09-17;292;403;1392;5977;273;1217;6085;0;227;42663969;41539566;26754149;5485882;42589252;28862575;5753583;0;57846
FR;1;2022-09-18;97;121;310;922;97;278;978;0;33;42664066;41539687;26754459;5486804;42589349;28862853;5754561;0;57879
FR;1;2022-09-19;365;563;2131;12844;364;1827;12997;0;414;42664431;41540250;26756590;5499648;42589713;28864680;5767558;0;58293
FR;1;2022-09-20;553;799;3658;25799;545;3057;25840;0;852;42664984;41541049;26760248;5525447;42590258;28867737;5793398;0;59145
FR;1;2022-09-21;469;678;2624;15861;478;2252;15826;0;561;42665453;41541727;26762872;5541308;42590736;28869989;5809224;0;59706
FR;1;2022-09-22;532;744;3283;22945;486;2678;23135;0;742;42665985;41542471;26766155;5564253;42591222;28872667;5832359;0;60448
FR;1;2022-09-23;756;926;4348;28131;657;3628;28299;0;978;42666741;41543397;26770503;5592384;42591879;28876295;5860658;0;61426
FR;1;2022-09-24;352;533;1583;6693;375;1367;6864;0;300;42667093;41543930;26772086;5599077;42592254;28877662;5867522;0;61726
FR;1;2022-09-25;80;149;321;1071;102;293;1109;0;32;42667173;41544079;26772407;5600148;42592356;28877955;5868631;0;61758
FR;1;2022-09-26;382;633;2179;13044;412;1931;13141;0;409;42667555;41544712;26774586;5613192;42592768;28879886;5881772;0;62167
FR;1;2022-09-27;540;755;3457;25016;530;2793;25213;0;906;42668095;41545467;26778043;5638208;42593298;28882679;5906985;0;63073
FR;1;2022-09-28;516;709;2439;14954;496;2206;15045;0;597;42668611;41546176;26780482;5653162;42593794;28884885;5922030;0;63670
FR;1;2022-09-29;502;687;2978;20345;478;2502;20358;0;767;42669113;41546863;26783460;5673507;42594272;28887387;5942388;0;64437
FR;1;2022-09-30;676;964;3772;24413;661;3155;24662;0;966;42669789;41547827;26787232;5697920;42594933;28890542;5967050;0;65403
FR;1;2022-10-01;340;540;1899;5501;375;1655;5729;0;272;42670129;41548367;26789131;5703421;42595308;28892197;5972779;0;65675
FR;1;2022-10-02;52;115;204;567;78;203;588;0;29;42670181;41548482;26789335;5703988;42595386;28892400;5973367;0;65704
FR;1;2022-10-03;413;662;2188;10009;504;1932;10193;0;488;42670594;41549144;26791523;5713997;42595890;28894332;5983560;0;66192
FR;1;2022-10-04;543;692;2918;18916;459;2468;19006;0;1082;42671137;41549836;26794441;5732913;42596349;28896800;6002566;0;67274
FR;1;2022-10-05;428;679;2079;11091;450;1852;11225;0;722;42671565;41550515;26796520;5744004;42596799;28898652;6013791;0;67996
FR;1;2022-10-06;440;604;2488;15772;427;2054;15954;0;1060;42672005;41551119;26799008;5759776;42597226;28900706;6029745;0;69056
FR;1;2022-10-07;545;735;2690;16054;534;2306;16079;0;1160;42672550;41551854;26801698;5775830;42597760;28903012;6045824;0;70216
FR;1;2022-10-08;234;304;886;3166;235;775;3270;0;291;42672784;41552158;26802584;5778996;42597995;28903787;6049094;0;70507
FR;1;2022-10-09;75;87;149;461;77;133;487;0;50;42672859;41552245;26802733;5779457;42598072;28903920;6049581;0;70557
FR;1;2022-10-10;295;436;1312;4985;343;1230;5080;0;462;42673154;41552681;26804045;5784442;42598415;28905150;6054661;0;71019
FR;1;2022-10-11;317;428;1307;8065;318;1179;8172;0;757;42673471;41553109;26805352;5792507;42598733;28906329;6062833;0;71776
FR;1;2022-10-12;321;416;1055;5174;309;1050;5187;0;520;42673792;41553525;26806407;5797681;42599042;28907379;6068020;0;72296
FR;1;2022-10-13;322;380;1064;6064;289;919;6114;0;625;42674114;41553905;26807471;5803745;42599331;28908298;6074134;0;72921
FR;1;2022-10-14;408;527;1169;6705;439;1041;6774;0;674;42674522;41554432;26808640;5810450;42599770;28909339;6080908;0;73595
FR;1;2022-10-15;201;257;516;1857;210;497;1865;0;226;42674723;41554689;26809156;5812307;42599980;28909836;6082773;0;73821
FR;1;2022-10-16;47;58;110;292;40;117;311;0;48;42674770;41554747;26809266;5812599;42600020;28909953;6083084;0;73869
FR;1;2022-10-17;235;318;733;2652;252;688;2696;0;366;42675005;41555065;26809999;5815251;42600272;28910641;6085780;0;74235
FR;1;2022-10-18;262;311;951;4585;246;828;4684;0;865;42675267;41555376;26810950;5819836;42600518;28911469;6090464;0;75100
FR;1;2022-10-19;275;358;687;3176;291;656;3157;0;502;42675542;41555734;26811637;5823012;42600809;28912125;6093621;0;75602
FR;1;2022-10-20;276;311;883;4358;257;771;4396;0;769;42675818;41556045;26812520;5827370;42601066;28912896;6098017;0;76371
FR;1;2022-10-21;300;398;843;3798;353;736;3871;0;674;42676118;41556443;26813363;5831168;42601419;28913632;6101888;0;77045
FR;1;2022-10-22;135;165;305;1242;143;298;1208;0;209;42676253;41556608;26813668;5832410;42601562;28913930;6103096;0;77254
FR;1;2022-10-23;30;37;64;197;35;58;213;0;25;42676283;41556645;26813732;5832607;42601597;28913988;6103309;0;77279
FR;1;2022-10-24;272;229;476;1593;201;472;1649;0;305;42676555;41556874;26814208;5834200;42601798;28914460;6104958;0;77584
FR;1;2022-10-25;213;252;521;2649;220;443;2703;0;488;42676768;41557126;26814729;5836849;42602018;28914903;6107661;0;78072
FR;1;2022-10-26;232;242;389;1951;227;366;1957;0;435;42677000;41557368;26815118;5838800;42602245;28915269;6109618;0;78507
FR;1;2022-10-27;258;217;486;2162;189;495;2145;0;509;42677258;41557585;26815604;5840962;42602434;28915764;6111763;0;79016
FR;1;2022-10-28;305;309;526;2325;290;464;2391;0;473;42677563;41557894;26816130;5843287;42602724;28916228;6114154;0;79489
FR;1;2022-10-29;95;148;175;712;116;209;703;0;201;42677658;41558042;26816305;5843999;42602840;28916437;6114857;0;79690
FR;1;2022-10-30;37;40;59;181;33;52;187;0;38;42677695;41558082;26816364;5844180;42602873;28916489;6115044;0;79728
FR;1;2022-10-31;134;180;293;796;158;270;863;0;144;42677829;41558262;26816657;5844976;42603031;28916759;6115907;0;79872
FR;1;2022-11-01;33;75;740;115;64;733;135;0;18;42677862;41558337;26817397;5845091;42603095;28917492;6116042;0;79890
FR;1;2022-11-02;250;220;515;977;217;484;1038;0;354;42678112;41558557;26817912;5846068;42603312;28917976;6117080;0;80244
FR;1;2022-11-03;264;221;424;1374;208;384;1413;0;369;42678376;41558778;26818336;5847442;42603520;28918360;6118493;0;80613
FR;1;2022-11-04;226;250;418;1597;229;397;1635;0;437;42678602;41559028;26818754;5849039;42603749;28918757;6120128;0;81050
FR;1;2022-11-05;94;118;271;500;106;253;522;0;111;42678696;41559146;26819025;5849539;42603855;28919010;6120650;0;81161
FR;1;2022-11-06;34;41;32;131;40;35;129;0;33;42678730;41559187;26819057;5849670;42603895;28919045;6120779;0;81194
FR;1;2022-11-07;179;200;287;890;189;277;936;0;211;42678909;41559387;26819344;5850560;42604084;28919322;6121715;0;81405
FR;1;2022-11-08;194;226;451;1677;214;397;1702;0;504;42679103;41559613;26819795;5852237;42604298;28919719;6123417;0;81909
FR;1;2022-11-09;180;204;329;1101;192;294;1140;0;456;42679283;41559817;26820124;5853338;42604490;28920013;6124557;0;82365
FR;1;2022-11-10;197;261;424;1676;249;433;1664;0;576;42679480;41560078;26820548;5855014;42604739;28920446;6126221;0;82941
FR;1;2022-11-11;22;32;98;98;31;84;114;0;42;42679502;41560110;26820646;5855112;42604770;28920530;6126335;0;82983
FR;1;2022-11-12;77;110;252;373;97;250;390;0;99;42679579;41560220;26820898;5855485;42604867;28920780;6126725;0;83082
FR;1;2022-11-13;19;23;22;64;20;25;66;0;26;42679598;41560243;26820920;5855549;42604887;28920805;6126791;0;83108
FR;1;2022-11-14;164;170;252;763;158;256;833;0;234;42679762;41560413;26821172;5856312;42605045;28921061;6127624;0;83342
FR;1;2022-11-15;196;222;370;1286;220;346;1327;0;411;42679958;41560635;26821542;5857598;42605265;28921407;6128951;0;83753
FR;1;2022-11-16;180;212;323;976;207;336;1011;0;356;42680138;41560847;26821865;5858574;42605472;28921743;6129962;0;84109
FR;1;2022-11-17;162;177;280;1200;171;256;1205;0;387;42680300;41561024;26822145;5859774;42605643;28921999;6131167;0;84496
FR;1;2022-11-18;222;246;385;1310;238;374;1343;0;411;42680522;41561270;26822530;5861084;42605881;28922373;6132510;0;84907
FR;1;2022-11-19;117;99;238;426;98;202;459;0;99;42680639;41561369;26822768;5861510;42605979;28922575;6132969;0;85006
FR;1;2022-11-20;19;31;24;66;26;26;74;0;28;42680658;41561400;26822792;5861576;42606005;28922601;6133043;0;85034
FR;1;2022-11-21;173;163;260;636;138;278;669;0;209;42680831;41561563;26823052;5862212;42606143;28922879;6133712;0;85243
FR;1;2022-11-22;150;141;395;1110;124;378;1136;0;369;42680981;41561704;26823447;5863322;42606267;28923257;6134848;0;85612
FR;1;2022-11-23;170;162;233;756;143;234;778;0;241;42681151;41561866;26823680;5864078;42606410;28923491;6135626;0;85853
FR;1;2022-11-24;129;158;276;1174;140;275;1177;0;423;42681280;41562024;26823956;5865252;42606550;28923766;6136803;0;86276
FR;1;2022-11-25;192;221;412;1152;208;400;1182;0;391;42681472;41562245;26824368;5866404;42606758;28924166;6137985;0;86667
FR;1;2022-11-26;87;103;106;312;92;117;299;0;114;42681559;41562348;26824474;5866716;42606850;28924283;6138284;0;86781
FR;1;2022-11-27;14;27;15;71;14;27;77;0;49;42681573;41562375;26824489;5866787;42606864;28924310;6138361;0;86830
FR;1;2022-11-28;195;132;196;601;140;186;639;0;272;42681768;41562507;26824685;5867388;42607004;28924496;6139000;0;87102
FR;1;2022-11-29;165;131;253;1068;115;238;1079;0;446;42681933;41562638;26824938;5868456;42607119;28924734;6140079;0;87548
FR;1;2022-11-30;152;181;221;925;167;224;946;0;316;42682085;41562819;26825159;5869381;42607286;28924958;6141025;0;87864
FR;1;2022-12-01;126;111;416;1046;103;378;1086;0;358;42682211;41562930;26825575;5870427;42607389;28925336;6142111;0;88222
FR;1;2022-12-02;187;173;348;1160;169;351;1196;0;450;42682398;41563103;26825923;5871587;42607558;28925687;6143307;0;88672
FR;1;2022-12-03;99;100;147;511;89;130;506;0;174;42682497;41563203;26826070;5872098;42607647;28925817;6143813;0;88846
FR;1;2022-12-04;23;23;18;136;20;19;127;0;58;42682520;41563226;26826088;5872234;42607667;28925836;6143940;0;88904
FR;1;2022-12-05;127;107;220;848;102;219;874;0;297;42682647;41563333;26826308;5873082;42607769;28926055;6144814;0;89201
FR;1;2022-12-06;139;132;225;1424;118;230;1432;0;706;42682786;41563465;26826533;5874506;42607887;28926285;6146246;0;89907
FR;1;2022-12-07;143;136;199;1163;145;180;1178;0;554;42682929;41563601;26826732;5875669;42608032;28926465;6147424;0;90461
FR;1;2022-12-08;120;127;242;1678;116;203;1718;0;752;42683049;41563728;26826974;5877347;42608148;28926668;6149142;0;91213
FR;1;2022-12-09;192;181;271;1772;157;278;1792;0;704;42683241;41563909;26827245;5879119;42608305;28926946;6150934;0;91917
FR;1;2022-12-10;108;82;116;833;76;97;847;0;288;42683349;41563991;26827361;5879952;42608381;28927043;6151781;0;92205
FR;1;2022-12-11;31;24;27;212;21;24;198;0;59;42683380;41564015;26827388;5880164;42608402;28927067;6151979;0;92264
FR;1;2022-12-12;114;78;159;1066;77;152;1068;0;441;42683494;41564093;26827547;5881230;42608479;28927219;6153047;0;92705
FR;1;2022-12-13;112;105;200;1252;83;181;1256;0;604;42683606;41564198;26827747;5882482;42608562;28927400;6154303;0;93309
FR;1;2022-12-14;96;114;169;822;113;144;844;0;365;42683702;41564312;26827916;5883304;42608675;28927544;6155147;0;93674
FR;1;2022-12-15;122;110;190;1319;100;171;1338;0;647;42683824;41564422;26828106;5884623;42608775;28927715;6156485;0;94321
FR;1;2022-12-16;183;169;177;1221;170;176;1223;0;552;42684007;41564591;26828283;5885844;42608945;28927891;6157708;0;94873
FR;1;2022-12-17;85;73;83;424;65;79;425;0;196;42684092;41564664;26828366;5886268;42609010;28927970;6158133;0;95069
FR;1;2022-12-18;15;13;11;93;10;13;89;0;35;42684107;41564677;26828377;5886361;42609020;28927983;6158222;0;95104
FR;2;2020-12-27;0;0;0;0;0;0;0;0;0;0;0;0;0;0;0;0;0;0
FR;2;2020-12-28;0;0;0;0;0;0;0;0;0;0;0;0;0;0;0;0;0;0
FR;2;2020-12-29;0;0;0;0;0;0;0;0;0;0;0;0;0;0;0;0;0;0
FR;2;2020-12-30;0;0;0;0;0;0;0;0;0;0;0;0;0;0;0;0;0;0
FR;2;2020-12-31;0;0;0;0;0;0;0;0;0;0;0;0;0;0;0;0;0;0
FR;2;2021-01-01;0;0;0;0;0;0;0;0;0;0;0;0;0;0;0;0;0;0
FR;2;2021-01-02;0;0;0;0;0;0;0;0;0;0;0;0;0;0;0;0;0;0
FR;2;2021-01-03;0;0;0;0;0;0;0;0;0;0;0;0;0;0;0;0;0;0
FR;2;2021-01-04;0;0;0;0;0;0;0;0;0;0;0;0;0;0;0;0;0;0
FR;2;2021-01-05;0;0;0;0;0;0;0;0;0;0;0;0;0;0;0;0;0;0
FR;2;2021-01-06;0;0;0;0;0;0;0;0;0;0;0;0;0;0;0;0;0;0
FR;2;2021-01-07;0;0;0;0;0;0;0;0;0;0;0;0;0;0;0;0;0;0
FR;2;2021-01-08;0;0;0;0;0;0;0;0;0;0;0;0;0;0;0;0;0;0
FR;2;2021-01-09;0;0;0;0;0;0;0;0;0;0;0;0;0;0;0;0;0;0
FR;2;2021-01-10;0;0;0;0;0;0;0;0;0;0;0;0;0;0;0;0;0;0
FR;2;2021-01-11;0;0;0;0;0;0;0;0;0;0;0;0;0;0;0;0;0;0
FR;2;2021-01-12;0;0;0;0;0;0;0;0;0;0;0;0;0;0;0;0;0;0
FR;2;2021-01-13;0;0;0;0;0;0;0;0;0;0;0;0;0;0;0;0;0;0
FR;2;2021-01-14;1646;0;0;0;213;0;0;0;0;1646;0;0;0;213;0;0;0;0
FR;2;2021-01-15;398;0;0;0;28;0;0;0;0;2044;0;0;0;241;0;0;0;0
FR;2;2021-01-16;316;0;0;0;12;0;0;0;0;2360;0;0;0;253;0;0;0;0
FR;2;2021-01-17;84;0;0;0;7;0;0;0;0;2444;0;0;0;260;0;0;0;0
FR;2;2021-01-18;3075;2;0;0;27;0;0;0;0;5519;2;0;0;287;0;0;0;0
FR;2;2021-01-19;4681;2;0;0;31;0;0;0;0;10200;4;0;0;318;0;0;0;0
FR;2;2021-01-20;5137;6;0;0;58;0;0;0;0;15337;10;0;0;376;0;0;0;0
FR;2;2021-01-21;5345;9;0;0;56;0;0;0;0;20682;19;0;0;432;0;0;0;0
FR;2;2021-01-22;5118;17;0;0;69;0;0;0;0;25800;36;0;0;501;0;0;0;0
FR;2;2021-01-23;1874;2;0;0;16;0;0;0;0;27674;38;0;0;517;0;0;0;0
FR;2;2021-01-24;163;2;0;0;8;0;0;0;0;27837;40;0;0;525;0;0;0;0
FR;2;2021-01-25;3814;3;0;0;36;0;0;0;0;31651;43;0;0;561;0;0;0;0
FR;2;2021-01-26;3926;6;0;0;42;0;0;0;0;35577;49;0;0;603;0;0;0;0
FR;2;2021-01-27;3605;4;0;0;36;0;0;0;0;39182;53;0;0;639;0;0;0;0
FR;2;2021-01-28;3755;9;0;0;44;0;0;0;0;42937;62;0;0;683;0;0;0;0
FR;2;2021-01-29;3298;5;0;0;41;0;0;0;0;46235;67;0;0;724;0;0;0;0
FR;2;2021-01-30;1133;3;0;0;16;0;0;0;0;47368;70;0;0;740;0;0;0;0
FR;2;2021-01-31;46;2;0;0;9;0;0;0;0;47414;72;0;0;749;0;0;0;0
FR;2;2021-02-01;3406;13;0;0;44;0;0;0;0;50820;85;0;0;793;0;0;0;0
FR;2;2021-02-02;4495;19;0;0;53;0;0;0;0;55315;104;0;0;846;0;0;0;0
FR;2;2021-02-03;5222;11;0;0;82;0;0;0;0;60537;115;0;0;928;0;0;0;0
FR;2;2021-02-04;4941;11;0;0;36;0;0;0;0;65478;126;0;0;964;0;0;0;0
FR;2;2021-02-05;4817;16;0;0;49;0;0;0;0;70295;142;0;0;1013;0;0;0;0
FR;2;2021-02-06;2044;15;0;0;41;0;0;0;0;72339;157;0;0;1054;0;0;0;0
FR;2;2021-02-07;103;4;0;0;18;0;0;0;0;72442;161;0;0;1072;0;0;0;0
FR;2;2021-02-08;7558;26;0;0;85;0;0;0;0;80000;187;0;0;1157;0;0;0;0
FR;2;2021-02-09;8433;29;0;0;97;0;0;0;0;88433;216;0;0;1254;0;0;0;0
FR;2;2021-02-10;9348;62;0;0;182;0;0;0;0;97781;278;0;0;1436;0;0;0;0
FR;2;2021-02-11;10291;128;0;0;253;0;0;0;0;108072;406;0;0;1689;0;0;0;0
FR;2;2021-02-12;10060;273;0;0;427;0;0;0;0;118132;679;0;0;2116;0;0;0;0
FR;2;2021-02-13;3120;226;0;0;264;0;0;0;0;121252;905;0;0;2380;0;0;0;0
FR;2;2021-02-14;357;11;0;0;21;0;0;0;0;121609;916;0;0;2401;0;0;0;0
FR;2;2021-02-15;3460;3122;0;0;3168;0;0;0;0;125069;4038;0;0;5569;0;0;0;0
FR;2;2021-02-16;5075;4149;0;0;4222;0;0;0;0;130144;8187;0;0;9791;0;0;0;0
FR;2;2021-02-17;4259;4549;0;0;4625;0;0;0;0;134403;12736;0;0;14416;0;0;0;0
FR;2;2021-02-18;5406;5177;0;0;5246;0;0;0;0;139809;17913;0;0;19662;0;0;0;0
FR;2;2021-02-19;5328;4483;0;0;4585;0;0;0;0;145137;22396;0;0;24247;0;0;0;0
FR;2;2021-02-20;1872;1520;0;0;1535;0;0;0;0;147009;23916;0;0;25782;0;0;0;0
FR;2;2021-02-21;244;96;0;0;98;0;0;0;0;147253;24012;0;0;25880;0;0;0;0
FR;2;2021-02-22;3613;3778;0;0;3838;0;0;0;0;150866;27790;0;0;29718;0;0;0;0
FR;2;2021-02-23;4956;3728;0;0;3789;0;0;0;0;155822;31518;0;0;33507;0;0;0;0
FR;2;2021-02-24;5017;3550;0;0;3602;0;0;0;0;160839;35068;0;0;37109;0;0;0;0
FR;2;2021-02-25;5499;3486;0;0;3574;0;0;0;0;166338;38554;0;0;40683;0;0;0;0
FR;2;2021-02-26;4367;3176;0;0;3245;0;0;0;0;170705;41730;0;0;43928;0;0;0;0
FR;2;2021-02-27;1629;1067;0;0;1086;0;0;0;0;172334;42797;0;0;45014;0;0;0;0
FR;2;2021-02-28;179;17;0;0;28;0;0;0;0;172513;42814;0;0;45042;0;0;0;0
FR;2;2021-03-01;5192;3759;0;0;3847;0;0;0;0;177705;46573;0;0;48889;0;0;0;0
FR;2;2021-03-02;6540;4725;0;0;4824;0;0;0;0;184245;51298;0;0;53713;0;0;0;0
FR;2;2021-03-03;6544;4953;0;0;5092;0;0;0;0;190789;56251;0;0;58805;0;0;0;0
FR;2;2021-03-04;8409;4200;0;0;4384;0;0;0;0;199198;60451;0;0;63189;0;0;0;0
FR;2;2021-03-05;8037;4052;0;0;4232;0;0;0;0;207235;64503;0;0;67421;0;0;0;0
FR;2;2021-03-06;4790;1684;0;0;1784;0;0;0;0;212025;66187;0;0;69205;0;0;0;0
FR;2;2021-03-07;2373;32;0;0;76;0;0;0;0;214398;66219;0;0;69281;0;0;0;0
FR;2;2021-03-08;4166;8389;0;0;8544;0;0;0;0;218564;74608;0;0;77825;0;0;0;0
FR;2;2021-03-09;7493;8596;1;0;8851;0;0;0;0;226057;83204;1;0;86676;0;0;0;0
FR;2;2021-03-10;7107;9231;0;0;9456;0;0;0;0;233164;92435;1;0;96132;0;0;0;0
FR;2;2021-03-11;9378;9350;1;0;9668;0;0;0;0;242542;101785;2;0;105800;0;0;0;0
FR;2;2021-03-12;7984;8356;0;0;8657;0;0;0;0;250526;110141;2;0;114457;0;0;0;0
FR;2;2021-03-13;10056;2588;0;0;2909;0;0;0;0;260582;112729;2;0;117366;0;0;0;0
FR;2;2021-03-14;4841;383;0;0;542;0;0;0;0;265423;113112;2;0;117908;0;0;0;0
FR;2;2021-03-15;10916;3476;0;0;3765;0;0;0;0;276339;116588;2;0;121673;0;0;0;0
FR;2;2021-03-16;16769;4702;1;0;5249;0;0;0;0;293108;121290;3;0;126922;0;0;0;0
FR;2;2021-03-17;20241;4002;0;0;4676;0;0;0;0;313349;125292;3;0;131598;0;0;0;0
FR;2;2021-03-18;23370;5119;0;0;5945;0;0;0;0;336719;130411;3;0;137543;0;0;0;0
FR;2;2021-03-19;23315;4670;0;0;5429;0;0;0;0;360034;135081;3;0;142972;0;0;0;0
FR;2;2021-03-20;25451;1581;0;0;2337;0;0;0;0;385485;136662;3;0;145309;0;0;0;0
FR;2;2021-03-21;17672;152;0;0;730;0;0;0;0;403157;136814;3;0;146039;0;0;0;0
FR;2;2021-03-22;17789;3256;0;0;3925;0;0;0;0;420946;140070;3;0;149964;0;0;0;0
FR;2;2021-03-23;22702;4275;0;0;5126;0;0;0;0;443648;144345;3;0;155090;0;0;0;0
FR;2;2021-03-24;23961;5072;0;0;5908;0;0;0;0;467609;149417;3;0;160998;0;0;0;0
FR;2;2021-03-25;26758;5244;1;0;6440;0;0;0;0;494367;154661;4;0;167438;0;0;0;0
FR;2;2021-03-26;26990;4227;0;0;5373;0;0;0;0;521357;158888;4;0;172811;0;0;0;0
FR;2;2021-03-27;15923;1360;0;0;1889;0;0;0;0;537280;160248;4;0;174700;0;0;0;0
FR;2;2021-03-28;10562;128;0;0;420;0;0;0;0;547842;160376;4;0;175120;0;0;0;0
FR;2;2021-03-29;18997;4348;0;0;5049;0;0;0;0;566839;164724;4;0;180169;0;0;0;0
FR;2;2021-03-30;24594;6098;0;0;7036;0;0;0;0;591433;170822;4;0;187205;0;0;0;0
FR;2;2021-03-31;28560;5930;0;0;7221;0;0;0;0;619993;176752;4;0;194426;0;0;0;0
FR;2;2021-04-01;34558;8575;1;0;10268;0;0;0;0;654551;185327;5;0;204694;0;0;0;0
FR;2;2021-04-02;29990;7721;0;0;9148;0;0;0;0;684541;193048;5;0;213842;0;0;0;0
FR;2;2021-04-03;16956;4224;0;0;4906;0;0;0;0;701497;197272;5;0;218748;0;0;0;0
FR;2;2021-04-04;9309;1262;2;0;1670;0;0;0;0;710806;198534;7;0;220418;0;0;0;0
FR;2;2021-04-05;12445;797;0;0;1381;0;0;0;0;723251;199331;7;0;221799;0;0;0;0
FR;2;2021-04-06;27158;7327;0;0;8716;0;0;0;0;750409;206658;7;0;230515;0;0;0;0
FR;2;2021-04-07;30930;7076;1;0;8653;0;0;0;0;781339;213734;8;0;239168;0;0;0;0
FR;2;2021-04-08;36893;8585;1;0;10509;0;0;0;0;818232;222319;9;0;249677;0;0;0;0
FR;2;2021-04-09;33850;8393;28;0;10176;0;0;0;0;852082;230712;37;0;259853;0;0;0;0
FR;2;2021-04-10;19689;9254;1;0;10167;0;0;0;0;871771;239966;38;0;270020;0;0;0;0
FR;2;2021-04-11;7942;4238;1;0;4601;0;0;0;0;879713;244204;39;0;274621;0;0;0;0
FR;2;2021-04-12;17128;11027;0;0;11866;0;0;0;0;896841;255231;39;0;286487;0;0;0;0
FR;2;2021-04-13;19460;16038;1;0;17103;0;0;0;0;916301;271269;40;0;303590;0;0;0;0
FR;2;2021-04-14;18070;16438;7;0;17532;0;0;0;0;934371;287707;47;0;321122;0;0;0;0
FR;2;2021-04-15;22204;21781;27;0;23232;0;0;0;0;956575;309488;74;0;344354;0;0;0;0
FR;2;2021-04-16;20719;20583;45;0;21852;0;0;0;0;977294;330071;119;0;366206;0;0;0;0
FR;2;2021-04-17;13258;22489;5;0;23220;0;0;0;0;990552;352560;124;0;389426;0;0;0;0
FR;2;2021-04-18;5911;14396;6;0;14735;0;0;0;0;996463;366956;130;0;404161;0;0;0;0
FR;2;2021-04-19;16848;16381;24;0;17185;0;0;0;0;1013311;383337;154;0;421346;0;0;0;0
FR;2;2021-04-20;19324;21770;38;0;22830;0;0;0;0;1032635;405107;192;0;444176;0;0;0;0
FR;2;2021-04-21;20292;21843;76;0;22995;0;0;0;0;1052927;426950;268;0;467171;0;0;0;0
FR;2;2021-04-22;23821;24941;41;0;26349;0;0;0;0;1076748;451891;309;0;493520;0;0;0;0
FR;2;2021-04-23;24531;25478;76;0;26988;0;0;0;0;1101279;477369;385;0;520508;0;0;0;0
FR;2;2021-04-24;25305;15067;104;0;16505;0;0;0;0;1126584;492436;489;0;537013;0;0;0;0
FR;2;2021-04-25;9596;8618;5;0;9179;0;0;0;0;1136180;501054;494;0;546192;0;0;0;0
FR;2;2021-04-26;17165;17600;21;0;18485;0;0;0;0;1153345;518654;515;0;564677;0;0;0;0
FR;2;2021-04-27;19245;24114;40;0;25297;0;0;0;0;1172590;542768;555;0;589974;0;0;0;0
FR;2;2021-04-28;22341;26432;112;0;27832;0;0;0;0;1194931;569200;667;0;617806;0;0;0;0
FR;2;2021-04-29;25472;30444;70;0;32133;0;0;0;0;1220403;599644;737;0;649939;0;0;0;0
FR;2;2021-04-30;25538;27942;49;1;29587;0;0;0;0;1245941;627586;786;1;679526;0;0;0;0
FR;2;2021-05-01;14988;9849;6;0;10651;0;0;0;0;1260929;637435;792;1;690177;0;0;0;0
FR;2;2021-05-02;6640;9164;2;0;9508;0;0;0;0;1267569;646599;794;1;699685;0;0;0;0
FR;2;2021-05-03;20023;19142;40;0;20345;0;0;0;0;1287592;665741;834;1;720030;0;0;0;0
FR;2;2021-05-04;18286;29175;33;0;30318;0;0;0;0;1305878;694916;867;1;750348;0;0;0;0
FR;2;2021-05-05;18384;29481;48;0;30777;0;0;0;0;1324262;724397;915;1;781125;0;0;0;0
FR;2;2021-05-06;23548;35400;132;0;36973;0;0;0;0;1347810;759797;1047;1;818098;0;0;0;0
FR;2;2021-05-07;25337;33243;97;0;35099;0;0;0;0;1373147;793040;1144;1;853197;0;0;0;0
FR;2;2021-05-08;21342;10560;15;0;11649;0;0;0;0;1394489;803600;1159;1;864846;0;0;0;0
FR;2;2021-05-09;13168;7660;7;0;8335;0;0;0;0;1407657;811260;1166;1;873181;0;0;0;0
FR;2;2021-05-10;32944;21751;50;0;23609;0;0;0;0;1440601;833011;1216;1;896790;0;0;0;0
FR;2;2021-05-11;43611;20925;101;0;23551;0;0;0;0;1484212;853936;1317;1;920341;0;0;0;0
FR;2;2021-05-12;50061;19651;143;0;22529;0;0;0;0;1534273;873587;1460;1;942870;0;0;0;0
FR;2;2021-05-13;51298;5617;31;0;8486;0;0;0;0;1585571;879204;1491;1;951356;0;0;0;0
FR;2;2021-05-14;61356;12890;132;0;16542;0;0;0;0;1646927;892094;1623;1;967898;0;0;0;0
FR;2;2021-05-15;65936;7101;39;0;10651;0;0;0;0;1712863;899195;1662;1;978549;0;0;0;0
FR;2;2021-05-16;43588;2572;10;0;4942;0;0;0;0;1756451;901767;1672;1;983491;0;0;0;0
FR;2;2021-05-17;44753;12462;114;0;15367;0;0;0;0;1801204;914229;1786;1;998858;0;0;0;0
FR;2;2021-05-18;54646;12270;190;0;15951;0;0;0;0;1855850;926499;1976;1;1014809;0;0;0;0
FR;2;2021-05-19;57177;10477;281;0;14519;0;0;0;0;1913027;936976;2257;1;1029328;0;0;0;0
FR;2;2021-05-20;63444;10795;288;0;14894;0;0;0;0;1976471;947771;2545;1;1044222;0;0;0;0
FR;2;2021-05-21;64301;11611;230;0;16034;0;0;0;0;2040772;959382;2775;1;1060256;0;0;0;0
FR;2;2021-05-22;61488;4528;65;0;8499;0;0;0;0;2102260;963910;2840;1;1068755;0;0;0;0
FR;2;2021-05-23;37534;577;22;0;2914;0;0;0;0;2139794;964487;2862;1;1071669;0;0;0;0
FR;2;2021-05-24;17245;2047;35;0;3254;0;0;0;0;2157039;966534;2897;1;1074923;0;0;0;0
FR;2;2021-05-25;21118;12247;240;0;13849;0;0;0;0;2178157;978781;3137;1;1088772;0;0;0;0
FR;2;2021-05-26;19942;11531;230;0;13055;0;0;0;0;2198099;990312;3367;1;1101827;0;0;0;0
FR;2;2021-05-27;23000;12645;182;0;14382;0;0;0;0;2221099;1002957;3549;1;1116209;0;0;0;0
FR;2;2021-05-28;29394;15037;190;0;17219;0;0;0;0;2250493;1017994;3739;1;1133428;0;0;0;0
FR;2;2021-05-29;30422;8195;58;0;10103;0;0;0;0;2280915;1026189;3797;1;1143531;0;0;0;0
FR;2;2021-05-30;4647;1820;6;0;2155;0;0;0;0;2285562;1028009;3803;1;1145686;0;0;0;0
FR;2;2021-05-31;28590;18749;184;0;20829;0;0;0;0;2314152;1046758;3987;1;1166515;0;0;0;0
FR;2;2021-06-01;45734;19902;225;0;23142;0;0;0;0;2359886;1066660;4212;1;1189657;0;0;0;0
FR;2;2021-06-02;37475;19297;182;0;22302;0;0;0;0;2397361;1085957;4394;1;1211959;0;0;0;0
FR;2;2021-06-03;51280;23119;161;0;26972;0;0;0;0;2448641;1109076;4555;1;1238931;0;0;0;0
FR;2;2021-06-04;65515;24090;217;0;29059;0;0;0;0;2514156;1133166;4772;1;1267990;0;0;0;0
FR;2;2021-06-05;34603;24095;52;0;26949;0;0;0;0;2548759;1157261;4824;1;1294939;0;0;0;0
FR;2;2021-06-06;4956;6194;10;0;6612;0;0;0;0;2553715;1163455;4834;1;1301551;0;0;0;0
FR;2;2021-06-07;28177;23011;150;0;25424;0;0;0;0;2581892;1186466;4984;1;1326975;0;0;0;0
FR;2;2021-06-08;46377;22928;143;0;26889;0;0;0;0;2628269;1209394;5127;1;1353864;0;0;0;0
FR;2;2021-06-09;34295;20969;107;0;24102;0;0;0;0;2662564;1230363;5234;1;1377966;0;0;0;0
FR;2;2021-06-10;42643;19081;96;1;23003;0;0;0;0;2705207;1249444;5330;2;1400969;0;0;0;0
FR;2;2021-06-11;55302;25150;134;0;30249;0;0;0;0;2760509;1274594;5464;2;1431218;0;0;0;0
FR;2;2021-06-12;30563;19793;53;0;22647;0;0;0;0;2791072;1294387;5517;2;1453865;0;0;0;0
FR;2;2021-06-13;3331;9193;13;0;9581;0;0;0;0;2794403;1303580;5530;2;1463446;0;0;0;0
FR;2;2021-06-14;25304;24105;92;0;26687;0;0;0;0;2819707;1327685;5622;2;1490133;0;0;0;0
FR;2;2021-06-15;39047;22827;154;0;26577;0;0;0;0;2858754;1350512;5776;2;1516710;0;0;0;0
FR;2;2021-06-16;30165;21371;135;0;24526;0;0;0;0;2888919;1371883;5911;2;1541236;0;0;0;0
FR;2;2021-06-17;36912;25767;150;0;29630;0;0;0;0;2925831;1397650;6061;2;1570866;0;0;0;0
FR;2;2021-06-18;46859;28880;123;0;33581;0;0;0;0;2972690;1426530;6184;2;1604447;0;0;0;0
FR;2;2021-06-19;24526;24921;39;0;27693;0;0;0;0;2997216;1451451;6223;2;1632140;0;0;0;0
FR;2;2021-06-20;3745;10059;9;0;10557;0;0;0;0;3000961;1461510;6232;2;1642697;0;0;0;0
FR;2;2021-06-21;17535;42848;88;0;44857;0;0;0;0;3018496;1504358;6320;2;1687554;0;0;0;0
FR;2;2021-06-22;28361;49601;110;0;53028;0;0;0;0;3046857;1553959;6430;2;1740582;0;0;0;0
FR;2;2021-06-23;21790;49603;107;1;52450;1;0;0;0;3068647;1603562;6537;3;1793032;1;0;0;0
FR;2;2021-06-24;28378;50297;134;0;54034;0;0;0;0;3097025;1653859;6671;3;1847066;1;0;0;0
FR;2;2021-06-25;33401;60447;128;0;64834;0;0;0;0;3130426;1714306;6799;3;1911900;1;0;0;0
FR;2;2021-06-26;16395;59327;54;1;61717;0;0;0;0;3146821;1773633;6853;4;1973617;1;0;0;0
FR;2;2021-06-27;2566;29316;22;1;29896;0;0;0;0;3149387;1802949;6875;5;2003513;1;0;0;0
FR;2;2021-06-28;12640;54327;84;0;56301;0;0;0;0;3162027;1857276;6959;5;2059814;1;0;0;0
FR;2;2021-06-29;19857;59971;178;0;62916;0;0;0;0;3181884;1917247;7137;5;2122730;1;0;0;0
FR;2;2021-06-30;16331;58011;253;17;60700;0;0;0;0;3198215;1975258;7390;22;2183430;1;0;0;0
FR;2;2021-07-01;20493;59866;228;0;63195;0;0;0;0;3218708;2035124;7618;22;2246625;1;0;0;0
FR;2;2021-07-02;24080;62155;184;0;66371;0;0;0;0;3242788;2097279;7802;22;2312996;1;0;0;0
FR;2;2021-07-03;12120;57131;153;0;59467;0;0;0;0;3254908;2154410;7955;22;2372463;1;0;0;0
FR;2;2021-07-04;1960;23304;18;0;23871;0;0;0;0;3256868;2177714;7973;22;2396334;1;0;0;0
FR;2;2021-07-05;9178;29287;106;0;30923;0;0;0;0;3266046;2207001;8079;22;2427257;1;0;0;0
FR;2;2021-07-06;14583;36259;135;0;38941;0;0;0;0;3280629;2243260;8214;22;2466198;1;0;0;0
FR;2;2021-07-07;14416;33660;139;0;36417;0;0;0;0;3295045;2276920;8353;22;2502615;1;0;0;0
FR;2;2021-07-08;19722;40313;162;0;43975;0;0;0;0;3314767;2317233;8515;22;2546590;1;0;0;0
FR;2;2021-07-09;27103;54315;202;1;59468;0;0;0;0;3341870;2371548;8717;23;2606058;1;0;0;0
FR;2;2021-07-10;13387;33702;107;0;36392;0;0;0;0;3355257;2405250;8824;23;2642450;1;0;0;0
FR;2;2021-07-11;1810;4347;16;0;4776;0;0;0;0;3357067;2409597;8840;23;2647226;1;0;0;0
FR;2;2021-07-12;12971;37285;119;0;39943;0;0;0;0;3370038;2446882;8959;23;2687169;1;0;0;0
FR;2;2021-07-13;37115;53168;152;0;60307;0;0;0;0;3407153;2500050;9111;23;2747476;1;0;0;0
FR;2;2021-07-14;6627;3539;15;0;4887;0;0;0;0;3413780;2503589;9126;23;2752363;1;0;0;0
FR;2;2021-07-15;47244;47010;156;0;55211;0;0;0;0;3461024;2550599;9282;23;2807574;1;0;0;0
FR;2;2021-07-16;64317;55768;188;0;66749;0;0;0;0;3525341;2606367;9470;23;2874323;1;0;0;0
FR;2;2021-07-17;31600;23915;96;0;29370;0;0;0;0;3556941;2630282;9566;23;2903693;1;0;0;0
FR;2;2021-07-18;6090;4813;19;0;5961;0;0;0;0;3563031;2635095;9585;23;2909654;1;0;0;0
FR;2;2021-07-19;33004;28617;94;0;34233;0;0;0;0;3596035;2663712;9679;23;2943887;1;0;0;0
FR;2;2021-07-20;51998;44516;155;0;53157;0;0;0;0;3648033;2708228;9834;23;2997044;1;0;0;0
FR;2;2021-07-21;45256;34655;93;0;42164;0;0;0;0;3693289;2742883;9927;23;3039208;1;0;0;0
FR;2;2021-07-22;56279;41086;128;1;50374;0;0;0;0;3749568;2783969;10055;24;3089582;1;0;0;0
FR;2;2021-07-23;68301;48980;170;0;60271;0;0;0;0;3817869;2832949;10225;24;3149853;1;0;0;0
FR;2;2021-07-24;36179;21611;82;0;27472;0;0;0;0;3854048;2854560;10307;24;3177325;1;0;0;0
FR;2;2021-07-25;6751;2612;10;0;3871;0;0;0;0;3860799;2857172;10317;24;3181196;1;0;0;0
FR;2;2021-07-26;36319;22355;91;1;27862;0;0;0;0;3897118;2879527;10408;25;3209058;1;0;0;0
FR;2;2021-07-27;62390;34569;180;0;43717;0;0;0;0;3959508;2914096;10588;25;3252775;1;0;0;0
FR;2;2021-07-28;55321;26428;132;0;34526;0;0;0;0;4014829;2940524;10720;25;3287301;1;0;0;0
FR;2;2021-07-29;68479;32792;189;0;42481;0;0;0;0;4083308;2973316;10909;25;3329782;1;0;0;0
FR;2;2021-07-30;74465;37810;222;1;48607;0;0;0;0;4157773;3011126;11131;26;3378389;1;0;0;0
FR;2;2021-07-31;34773;16206;105;0;21407;0;0;0;0;4192546;3027332;11236;26;3399796;1;0;0;0
FR;2;2021-08-01;5414;2258;19;0;3121;0;0;0;0;4197960;3029590;11255;26;3402917;1;0;0;0
FR;2;2021-08-02;35887;16164;101;0;21064;0;0;0;0;4233847;3045754;11356;26;3423981;1;0;0;0
FR;2;2021-08-03;55986;28268;142;0;35476;0;0;0;0;4289833;3074022;11498;26;3459457;1;0;0;0
FR;2;2021-08-04;46637;20829;128;1;26945;0;0;0;0;4336470;3094851;11626;27;3486402;1;0;0;0
FR;2;2021-08-05;54637;31554;215;0;38744;0;0;0;0;4391107;3126405;11841;27;3525146;1;0;0;0
FR;2;2021-08-06;58097;42392;242;1;50232;0;0;0;0;4449204;3168797;12083;28;3575378;1;0;0;0
FR;2;2021-08-07;25149;17626;89;0;21321;0;0;0;0;4474353;3186423;12172;28;3596699;1;0;0;0
FR;2;2021-08-08;3838;3648;21;0;4306;0;0;0;0;4478191;3190071;12193;28;3601005;1;0;0;0
FR;2;2021-08-09;29308;21045;92;0;24874;0;0;0;0;4507499;3211116;12285;28;3625879;1;0;0;0
FR;2;2021-08-10;45010;33471;155;0;39240;0;0;0;0;4552509;3244587;12440;28;3665119;1;0;0;0
FR;2;2021-08-11;35274;25145;151;0;29751;0;0;0;0;4587783;3269732;12591;28;3694870;1;0;0;0
FR;2;2021-08-12;41904;35693;163;0;41237;0;0;0;0;4629687;3305425;12754;28;3736107;1;0;0;0
FR;2;2021-08-13;42606;37295;218;0;42989;0;0;0;0;4672293;3342720;12972;28;3779096;1;0;0;0
FR;2;2021-08-14;18524;22154;94;0;24791;0;0;0;0;4690817;3364874;13066;28;3803887;1;0;0;0
FR;2;2021-08-15;3860;3799;17;0;4387;0;0;0;0;4694677;3368673;13083;28;3808274;1;0;0;0
FR;2;2021-08-16;25093;27125;111;0;30452;0;0;0;0;4719770;3395798;13194;28;3838726;1;0;0;0
FR;2;2021-08-17;38262;43414;206;2;48406;0;0;0;0;4758032;3439212;13400;30;3887132;1;0;0;0
FR;2;2021-08-18;32254;36353;195;1;40705;1;0;0;0;4790286;3475565;13595;31;3927837;2;0;0;0
FR;2;2021-08-19;37434;46577;224;0;51786;0;0;0;0;4827720;3522142;13819;31;3979623;2;0;0;0
FR;2;2021-08-20;40568;55640;271;1;61580;0;0;0;0;4868288;3577782;14090;32;4041203;2;0;0;0
FR;2;2021-08-21;18121;24309;116;0;27101;0;0;0;0;4886409;3602091;14206;32;4068304;2;0;0;0
FR;2;2021-08-22;2907;4326;22;1;4859;1;0;0;0;4889316;3606417;14228;33;4073163;3;0;0;0
FR;2;2021-08-23;19248;35152;131;1;38049;0;0;0;0;4908564;3641569;14359;34;4111212;3;0;0;0
FR;2;2021-08-24;31952;56041;236;0;60702;0;0;0;0;4940516;3697610;14595;34;4171914;3;0;0;0
FR;2;2021-08-25;25934;43454;251;0;47412;0;0;0;0;4966450;3741064;14846;34;4219326;3;0;0;0
FR;2;2021-08-26;32362;55828;388;0;60596;0;0;0;0;4998812;3796892;15234;34;4279922;3;0;0;0
FR;2;2021-08-27;37003;65680;477;2;71423;0;0;0;0;5035815;3862572;15711;36;4351345;3;0;0;0
FR;2;2021-08-28;17819;28543;300;0;31610;0;0;0;0;5053634;3891115;16011;36;4382955;3;0;0;0
FR;2;2021-08-29;2656;5014;47;0;5628;0;0;0;0;5056290;3896129;16058;36;4388583;3;0;0;0
FR;2;2021-08-30;18416;37728;400;0;40149;757;0;0;0;5074706;3933857;16458;36;4428732;760;0;0;0
FR;2;2021-08-31;28076;57508;887;4;60946;1558;0;0;0;5102782;3991365;17345;40;4489678;2318;0;0;0
FR;2;2021-09-01;21594;39871;1309;0;42268;2123;0;0;0;5124376;4031236;18654;40;4531946;4441;0;0;0
FR;2;2021-09-02;25485;48665;1962;2;50953;3364;0;0;0;5149861;4079901;20616;42;4582899;7805;0;0;0
FR;2;2021-09-03;33412;64562;2988;3;67541;4880;1;0;0;5183273;4144463;23604;45;4650440;12685;1;0;0
FR;2;2021-09-04;16832;27759;1443;1;29561;2381;0;0;0;5200105;4172222;25047;46;4680001;15066;1;0;0
FR;2;2021-09-05;2264;3596;266;0;3954;412;0;0;0;5202369;4175818;25313;46;4683955;15478;1;0;0
FR;2;2021-09-06;14043;28703;1771;1;29770;2946;0;0;0;5216412;4204521;27084;47;4713725;18424;1;0;0
FR;2;2021-09-07;21108;41103;3021;13;42274;4930;0;0;0;5237520;4245624;30105;60;4755999;23354;1;0;0
FR;2;2021-09-08;17248;31919;2736;6;32744;4497;0;0;0;5254768;4277543;32841;66;4788743;27851;1;0;0
FR;2;2021-09-09;20981;40485;4437;3;41245;6837;0;0;0;5275749;4318028;37278;69;4829988;34688;1;0;0
FR;2;2021-09-10;28201;51292;5287;4;51890;8962;1;0;0;5303950;4369320;42565;73;4881878;43650;2;0;0
FR;2;2021-09-11;13654;22447;2405;5;23137;3978;0;0;0;5317604;4391767;44970;78;4905015;47628;2;0;0
FR;2;2021-09-12;1824;2774;292;0;2969;510;0;0;0;5319428;4394541;45262;78;4907984;48138;2;0;0
FR;2;2021-09-13;11659;21443;2474;4;21710;4045;0;0;0;5331087;4415984;47736;82;4929694;52183;2;0;0
FR;2;2021-09-14;18576;32733;5092;13;31705;9053;2;0;0;5349663;4448717;52828;95;4961399;61236;4;0;0
FR;2;2021-09-15;14914;28245;5169;3;26936;7759;9;0;0;5364577;4476962;57997;98;4988335;68995;13;0;0
FR;2;2021-09-16;16078;32789;6737;12;30182;10535;4;0;0;5380655;4509751;64734;110;5018517;79530;17;0;0
FR;2;2021-09-17;20915;47154;8781;10;42818;14616;6;0;0;5401570;4556905;73515;120;5061335;94146;23;0;0
FR;2;2021-09-18;9857;20964;3804;6;19598;6036;1;0;0;5411427;4577869;77319;126;5080933;100182;24;0;0
FR;2;2021-09-19;1166;2597;396;0;2538;633;0;0;0;5412593;4580466;77715;126;5083471;100815;24;0;0
FR;2;2021-09-20;7499;18707;3856;7;17027;6139;4;0;0;5420092;4599173;81571;133;5100498;106954;28;0;0
FR;2;2021-09-21;11215;29993;6495;5;26543;10749;3;0;0;5431307;4629166;88066;138;5127041;117703;31;0;0
FR;2;2021-09-22;9413;23541;5490;6;21197;8518;8;0;0;5440720;4652707;93556;144;5148238;126221;39;0;0
FR;2;2021-09-23;10730;28901;7881;10;24727;12649;11;0;0;5451450;4681608;101437;154;5172965;138870;50;0;0
FR;2;2021-09-24;15075;42934;10876;18;37277;17240;21;0;0;5466525;4724542;112313;172;5210242;156110;71;0;0
FR;2;2021-09-25;7258;18792;3965;9;17149;6117;3;0;0;5473783;4743334;116278;181;5227391;162227;74;0;0
FR;2;2021-09-26;1080;2551;495;0;2495;632;1;0;0;5474863;4745885;116773;181;5229886;162859;75;0;0
FR;2;2021-09-27;6313;16405;4287;8;14795;6536;2;0;0;5481176;4762290;121060;189;5244681;169395;77;0;0
FR;2;2021-09-28;9241;25565;7769;14;21717;12080;7;0;0;5490417;4787855;128829;203;5266398;181475;84;0;0
FR;2;2021-09-29;8081;20202;6067;25;17609;9261;8;0;0;5498498;4808057;134896;228;5284007;190736;92;0;0
FR;2;2021-09-30;9864;25834;9509;16;21634;14099;6;0;0;5508362;4833891;144405;244;5305641;204835;98;0;0
FR;2;2021-10-01;13978;35728;12919;25;30048;19317;10;0;0;5522340;4869619;157324;269;5335689;224152;108;0;0
FR;2;2021-10-02;6874;15933;4850;7;14231;7045;6;0;0;5529214;4885552;162174;276;5349920;231197;114;0;0
FR;2;2021-10-03;841;1912;492;1;1840;503;0;0;0;5530055;4887464;162666;277;5351760;231700;114;0;0
FR;2;2021-10-04;5825;13896;5516;5;12134;7852;6;0;0;5535880;4901360;168182;282;5363894;239552;120;0;0
FR;2;2021-10-05;9058;22561;11125;19;18527;15739;1;0;0;5544938;4923921;179307;301;5382421;255291;121;0;0
FR;2;2021-10-06;7783;17746;8243;11;15274;11090;4;0;0;5552721;4941667;187550;312;5397695;266381;125;0;0
FR;2;2021-10-07;9203;22206;12386;14;18007;16871;7;0;0;5561924;4963873;199936;326;5415702;283252;132;0;0
FR;2;2021-10-08;13431;32128;17349;28;26507;23606;13;0;0;5575355;4996001;217285;354;5442209;306858;145;0;0
FR;2;2021-10-09;6000;12841;6044;6;11378;7894;7;0;0;5581355;5008842;223329;360;5453587;314752;152;0;0
FR;2;2021-10-10;885;1599;436;2;1541;607;1;0;0;5582240;5010441;223765;362;5455128;315359;153;0;0
FR;2;2021-10-11;5607;11553;6455;17;9941;8829;3;0;0;5587847;5021994;230220;379;5465069;324188;156;0;0
FR;2;2021-10-12;8029;17790;12550;13;13928;16783;9;0;0;5595876;5039784;242770;392;5478997;340971;165;0;0
FR;2;2021-10-13;6944;14852;10256;12;11811;13644;7;0;0;5602820;5054636;253026;404;5490808;354615;172;0;0
FR;2;2021-10-14;8314;17940;14996;13;13562;19472;11;0;0;5611134;5072576;268022;417;5504370;374087;183;0;0
FR;2;2021-10-15;11856;26307;20903;26;19416;27977;4;0;0;5622990;5098883;288925;443;5523786;402064;187;0;0
FR;2;2021-10-16;5140;8739;1819;0;8173;3217;2;0;0;5628130;5107622;290744;443;5531959;405281;189;0;0
FR;2;2021-10-17;651;1153;185;0;1081;359;1;0;0;5628781;5108775;290929;443;5533040;405640;190;0;0
FR;2;2021-10-18;4562;7344;665;2;7247;1634;0;0;0;5633343;5116119;291594;445;5540287;407274;190;0;0
FR;2;2021-10-19;6238;9854;732;5;9658;2035;5;0;0;5639581;5125973;292326;450;5549945;409309;195;0;0
FR;2;2021-10-20;5170;8059;759;3;8177;1679;0;0;0;5644751;5134032;293085;453;5558122;410988;195;0;0
FR;2;2021-10-21;6090;9978;780;5;9837;2103;1;0;0;5650841;5144010;293865;458;5567959;413091;196;0;0
FR;2;2021-10-22;8452;14597;1148;4;14471;2890;2;0;0;5659293;5158607;295013;462;5582430;415981;198;0;0
FR;2;2021-10-23;3845;5994;587;0;6127;1236;3;0;0;5663138;5164601;295600;462;5588557;417217;201;0;0
FR;2;2021-10-24;494;885;101;0;902;205;0;0;0;5663632;5165486;295701;462;5589459;417422;201;0;0
FR;2;2021-10-25;3359;5348;307;1;5523;825;2;0;0;5666991;5170834;296008;463;5594982;418247;203;0;0
FR;2;2021-10-26;4177;7241;1133;4;7131;2022;5;0;0;5671168;5178075;297141;467;5602113;420269;208;0;0
FR;2;2021-10-27;3676;6596;1193;5;6454;1991;1;0;0;5674844;5184671;298334;472;5608567;422260;209;0;0
FR;2;2021-10-28;4597;7690;1735;3;7418;2747;1;0;0;5679441;5192361;300069;475;5615985;425007;210;0;0
FR;2;2021-10-29;5413;11082;2437;4;10696;3682;3;0;0;5684854;5203443;302506;479;5626681;428689;213;0;0
FR;2;2021-10-30;2749;4450;976;1;4454;1440;2;0;0;5687603;5207893;303482;480;5631135;430129;215;0;0
FR;2;2021-10-31;364;535;140;1;544;191;1;0;0;5687967;5208428;303622;481;5631679;430320;216;0;0
FR;2;2021-11-01;429;547;181;0;563;267;1;0;0;5688396;5208975;303803;481;5632242;430587;217;0;0
FR;2;2021-11-02;3293;6758;1183;0;6804;1763;5;0;0;5691689;5215733;304986;481;5639046;432350;222;0;0
FR;2;2021-11-03;3340;6229;1388;2;6315;1969;2;0;0;5695029;5221962;306374;483;5645361;434319;224;0;0
FR;2;2021-11-04;3986;7075;1768;4;7113;2495;3;0;0;5699015;5229037;308142;487;5652474;436814;227;0;0
FR;2;2021-11-05;5234;10503;2867;5;10212;3958;6;0;0;5704249;5239540;311009;492;5662686;440772;233;0;0
FR;2;2021-11-06;2596;4677;1403;0;4638;1817;2;0;0;5706845;5244217;312412;492;5667324;442589;235;0;0
FR;2;2021-11-07;506;866;221;0;873;291;2;0;0;5707351;5245083;312633;492;5668197;442880;237;0;0
FR;2;2021-11-08;2578;5346;1205;3;5266;1676;3;0;0;5709929;5250429;313838;495;5673463;444556;240;0;0
FR;2;2021-11-09;2749;6912;2402;5;6448;3180;2;0;0;5712678;5257341;316240;500;5679911;447736;242;0;0
FR;2;2021-11-10;2590;5670;5114;6;4768;6286;8;0;0;5715268;5263011;321354;506;5684679;454022;250;0;0
FR;2;2021-11-11;445;754;752;2;646;936;3;0;0;5715713;5263765;322106;508;5685325;454958;253;0;0
FR;2;2021-11-12;2953;8086;8982;8;6202;10926;9;0;0;5718666;5271851;331088;516;5691527;465884;262;0;0
FR;2;2021-11-13;1539;3375;3871;7;2723;4538;4;0;0;5720205;5275226;334959;523;5694250;470422;266;0;0
FR;2;2021-11-14;257;587;351;1;487;480;3;0;0;5720462;5275813;335310;524;5694737;470902;269;0;0
FR;2;2021-11-15;1622;3661;4447;8;2916;5328;16;0;0;5722084;5279474;339757;532;5697653;476230;285;0;0
FR;2;2021-11-16;2183;5888;8311;14;4164;10082;16;0;0;5724267;5285362;348068;546;5701817;486312;301;0;0
FR;2;2021-11-17;1741;4521;6632;8;3171;7848;5;0;0;5726008;5289883;354700;554;5704988;494160;306;0;0
FR;2;2021-11-18;2192;5932;9187;10;4028;11020;8;0;0;5728200;5295815;363887;564;5709016;505180;314;0;0
FR;2;2021-11-19;2700;7761;12980;19;4841;15479;12;0;0;5730900;5303576;376867;583;5713857;520659;326;0;0
FR;2;2021-11-20;1566;3334;5180;5;2354;6090;3;0;0;5732466;5306910;382047;588;5716211;526749;329;0;0
FR;2;2021-11-21;249;510;541;0;394;659;3;0;0;5732715;5307420;382588;588;5716605;527408;332;0;0
FR;2;2021-11-22;1278;2577;4481;5;1674;5399;9;0;0;5733993;5309997;387069;593;5718279;532807;341;0;0
FR;2;2021-11-23;1617;4277;8202;9;2539;9915;6;0;0;5735610;5314274;395271;602;5720818;542722;347;0;0
FR;2;2021-11-24;1421;3755;7481;14;2251;8734;9;0;0;5737031;5318029;402752;616;5723069;551456;356;0;0
FR;2;2021-11-25;1813;4869;11472;21;2686;13667;6;0;0;5738844;5322898;414224;637;5725755;565123;362;0;0
FR;2;2021-11-26;2541;7739;22672;31;3819;26085;14;0;0;5741385;5330637;436896;668;5729574;591208;376;0;0
FR;2;2021-11-27;1497;4142;12273;18;2131;14030;12;0;0;5742882;5334779;449169;686;5731705;605238;388;0;0
FR;2;2021-11-28;292;838;1974;3;480;2301;5;0;0;5743174;5335617;451143;689;5732185;607539;393;0;0
FR;2;2021-11-29;1447;4352;15096;23;2016;17262;25;0;0;5744621;5339969;466239;712;5734201;624801;418;0;0
FR;2;2021-11-30;1912;6661;26246;36;2647;30005;22;0;0;5746533;5346630;492485;748;5736848;654806;440;0;0
FR;2;2021-12-01;1916;6026;26204;31;2496;29513;20;0;0;5748449;5352656;518689;779;5739344;684319;460;0;0
FR;2;2021-12-02;1914;6788;37727;52;2126;41977;32;0;0;5750363;5359444;556416;831;5741470;726296;492;0;0
FR;2;2021-12-03;2557;10084;53630;111;3606;59379;30;0;0;5752920;5369528;610046;942;5745076;785675;522;0;0
FR;2;2021-12-04;1850;6284;37126;38;2192;40817;15;0;0;5754770;5375812;647172;980;5747268;826492;537;0;0
FR;2;2021-12-05;458;2249;14263;14;538;15990;7;0;0;5755228;5378061;661435;994;5747806;842482;544;0;0
FR;2;2021-12-06;2487;9861;77722;109;2711;84775;25;0;0;5757715;5387922;739157;1103;5750517;927257;569;0;0
FR;2;2021-12-07;3454;15299;122459;238;3755;133779;40;0;0;5761169;5403221;861616;1341;5754272;1061036;609;0;0
FR;2;2021-12-08;3725;15986;133214;330;3861;145402;54;0;0;5764894;5419207;994830;1671;5758133;1206438;663;0;0
FR;2;2021-12-09;4546;19635;170229;555;4181;185623;61;0;0;5769440;5438842;1165059;2226;5762314;1392061;724;0;0
FR;2;2021-12-10;4675;22817;188690;490;5023;206180;68;0;0;5774115;5461659;1353749;2716;5767337;1598241;792;0;0
FR;2;2021-12-11;3687;16622;132462;239;3678;144915;63;0;0;5777802;5478281;1486211;2955;5771015;1743156;855;0;0
FR;2;2021-12-12;1256;7126;59109;83;1023;65165;12;0;0;5779058;5485407;1545320;3038;5772038;1808321;867;0;0
FR;2;2021-12-13;5530;26816;220716;605;5236;243006;159;0;0;5784588;5512223;1766036;3643;5777274;2051327;1026;0;0
FR;2;2021-12-14;7018;37458;300793;908;6154;332246;189;0;0;5791606;5549681;2066829;4551;5783428;2383573;1215;0;0
FR;2;2021-12-15;6555;36235;285248;957;5879;315886;186;0;0;5798161;5585916;2352077;5508;5789307;2699459;1401;0;0
FR;2;2021-12-16;7764;37920;312163;980;6571;343795;182;0;0;5805925;5623836;2664240;6488;5795878;3043254;1583;0;0
FR;2;2021-12-17;8681;41195;327899;976;8038;360969;231;0;0;5814606;5665031;2992139;7464;5803916;3404223;1814;0;0
FR;2;2021-12-18;6515;26555;212359;448;4916;233674;119;0;0;5821121;5691586;3204498;7912;5808832;3637897;1933;0;0
FR;2;2021-12-19;2603;11414;90220;182;1664;100352;25;0;0;5823724;5703000;3294718;8094;5810496;3738249;1958;0;0
FR;2;2021-12-20;9547;33540;275240;706;6608;303391;208;0;0;5833271;5736540;3569958;8800;5817104;4041640;2166;0;0
FR;2;2021-12-21;11565;38309;309644;968;7391;341440;258;0;0;5844836;5774849;3879602;9768;5824495;4383080;2424;0;0
FR;2;2021-12-22;10459;32783;265127;952;6451;292480;316;0;1;5855295;5807632;4144729;10720;5830946;4675560;2740;0;1
FR;2;2021-12-23;9425;26652;199521;701;5895;221290;227;0;0;5864720;5834284;4344250;11421;5836841;4896850;2967;0;1
FR;2;2021-12-24;2783;7476;43860;140;2039;49560;78;0;0;5867503;5841760;4388110;11561;5838880;4946410;3045;0;1
FR;2;2021-12-25;201;680;2003;10;211;2484;15;0;0;5867704;5842440;4390113;11571;5839091;4948894;3060;0;1
FR;2;2021-12-26;1320;4214;25157;71;1052;28688;70;0;0;5869024;5846654;4415270;11642;5840143;4977582;3130;0;1
FR;2;2021-12-27;8077;29922;218426;659;6636;243362;294;0;0;5877101;5876576;4633696;12301;5846779;5220944;3424;0;1
FR;2;2021-12-28;9834;36304;272107;742;6995;302007;956;0;1;5886935;5912880;4905803;13043;5853774;5522951;4380;0;2
FR;2;2021-12-29;9497;32234;246140;765;6416;272685;1090;0;0;5896432;5945114;5151943;13808;5860190;5795636;5470;0;2
FR;2;2021-12-30;9462;28084;208835;663;5979;231456;1157;0;0;5905894;5973198;5360778;14471;5866169;6027092;6627;0;2
FR;2;2021-12-31;3011;8349;54990;176;2173;61236;393;0;0;5908905;5981547;5415768;14647;5868342;6088328;7020;0;2
FR;2;2022-01-01;231;688;2857;7;204;3351;29;0;0;5909136;5982235;5418625;14654;5868546;6091679;7049;0;2
FR;2;2022-01-02;1503;4851;29521;75;1166;33407;217;0;0;5910639;5987086;5448146;14729;5869712;6125086;7266;0;2
FR;2;2022-01-03;9602;35404;266538;806;8501;293915;1675;0;0;5920241;6022490;5714684;15535;5878213;6419001;8941;0;2
FR;2;2022-01-04;12854;45413;342100;1068;9977;377044;2458;0;1;5933095;6067903;6056784;16603;5888190;6796045;11399;0;3
FR;2;2022-01-05;11273;38635;294206;884;8632;323850;2155;0;2;5944368;6106538;6350990;17487;5896822;7119895;13554;0;5
FR;2;2022-01-06;13655;43491;331951;1298;9940;364754;2979;0;1;5958023;6150029;6682941;18785;5906762;7484649;16533;0;6
FR;2;2022-01-07;14224;47631;361111;1271;11248;396459;3159;0;0;5972247;6197660;7044052;20056;5918010;7881108;19692;0;6
FR;2;2022-01-08;7946;28143;201266;515;7208;221703;1528;0;2;5980193;6225803;7245318;20571;5925218;8102811;21220;0;8
FR;2;2022-01-09;2749;8960;62527;137;2076;69498;493;0;0;5982942;6234763;7307845;20708;5927294;8172309;21713;0;8
FR;2;2022-01-10;10099;31908;232494;858;8908;255067;2458;0;0;5993041;6266671;7540339;21566;5936202;8427376;24171;0;8
FR;2;2022-01-11;11468;36253;265931;1029;10070;290639;3380;0;1;6004509;6302924;7806270;22595;5946272;8718015;27551;0;9
FR;2;2022-01-12;8765;29796;206333;863;8723;226174;2799;0;5;6013274;6332720;8012603;23458;5954995;8944189;30350;0;14
FR;2;2022-01-13;9387;31334;224503;831;9042;244845;3462;0;4;6022661;6364054;8237106;24289;5964037;9189034;33812;0;18
FR;2;2022-01-14;9740;35596;254548;920;9851;277660;3982;0;1;6032401;6399650;8491654;25209;5973888;9466694;37794;0;19
FR;2;2022-01-15;5361;19453;140783;363;5327;153646;1928;0;0;6037762;6419103;8632437;25572;5979215;9620340;39722;0;19
FR;2;2022-01-16;1512;5466;35890;81;1620;39823;424;0;0;6039274;6424569;8668327;25653;5980835;9660163;40146;0;19
FR;2;2022-01-17;5546;19270;135417;601;6605;147260;2264;0;2;6044820;6443839;8803744;26254;5987440;9807423;42410;0;21
FR;2;2022-01-18;6423;21486;148639;647;7524;160462;3313;0;0;6051243;6465325;8952383;26901;5994964;9967885;45723;0;21
FR;2;2022-01-19;4397;16321;105108;551;6215;113706;2409;0;1;6055640;6481646;9057491;27452;6001179;10081591;48132;0;22
FR;2;2022-01-20;4872;17577;115299;603;7071;123691;3111;0;2;6060512;6499223;9172790;28055;6008250;10205282;51243;0;24
FR;2;2022-01-21;5198;20040;137353;679;7171;147771;3452;0;1;6065710;6519263;9310143;28734;6015421;10353053;54695;0;25
FR;2;2022-01-22;3034;10948;74261;260;3956;80327;1428;0;0;6068744;6530211;9384404;28994;6019377;10433380;56123;0;25
FR;2;2022-01-23;724;2711;15242;41;1057;16827;238;0;0;6069468;6532922;9399646;29035;6020434;10450207;56361;0;25
FR;2;2022-01-24;3290;12806;75081;431;5846;81026;1994;0;2;6072758;6545728;9474727;29466;6026280;10531233;58355;0;27
FR;2;2022-01-25;3574;14408;79629;496;6652;85456;2879;0;4;6076332;6560136;9554356;29962;6032932;10616689;61234;0;31
FR;2;2022-01-26;2515;10706;58981;363;5330;63036;1957;0;1;6078847;6570842;9613337;30325;6038262;10679725;63191;0;32
FR;2;2022-01-27;2683;11379;64179;388;5737;67959;2461;0;1;6081530;6582221;9677516;30713;6043999;10747684;65652;0;33
FR;2;2022-01-28;3551;18271;91723;429;8613;98911;3401;0;1;6085081;6600492;9769239;31142;6052612;10846595;69053;0;34
FR;2;2022-01-29;1893;9241;48853;164;4171;52929;1375;0;1;6086974;6609733;9818092;31306;6056783;10899524;70428;0;35
FR;2;2022-01-30;464;2209;9455;38;1051;10585;203;0;0;6087438;6611942;9827547;31344;6057834;10910109;70631;0;35
FR;2;2022-01-31;1890;9560;43833;209;4716;47328;1886;0;2;6089328;6621502;9871380;31553;6062550;10957437;72517;0;37
FR;2;2022-02-01;1915;10028;47031;279;4802;50087;2710;0;0;6091243;6631530;9918411;31832;6067352;11007524;75227;0;37
FR;2;2022-02-02;1614;8983;41121;250;4196;44152;2190;0;1;6092857;6640513;9959532;32082;6071548;11051676;77417;0;38
FR;2;2022-02-03;1727;8937;40526;205;4373;42916;2643;0;2;6094584;6649450;10000058;32287;6075921;11094592;80060;0;40
FR;2;2022-02-04;2151;15180;66647;299;7386;71329;3671;0;1;6096735;6664630;10066705;32586;6083307;11165921;83731;0;41
FR;2;2022-02-05;1360;8522;35946;132;4215;39225;1370;0;0;6098095;6673152;10102651;32718;6087522;11205146;85101;0;41
FR;2;2022-02-06;275;1762;6127;16;840;6898;217;0;0;6098370;6674914;10108778;32734;6088362;11212044;85318;0;41
FR;2;2022-02-07;1352;9553;37758;134;4538;41292;1889;0;2;6099722;6684467;10146536;32868;6092900;11253336;87207;0;43
FR;2;2022-02-08;1299;9832;40954;173;4644;43748;2741;0;1;6101021;6694299;10187490;33041;6097544;11297084;89948;0;44
FR;2;2022-02-09;1160;8841;37040;174;3804;40465;1901;0;2;6102181;6703140;10224530;33215;6101348;11337549;91849;0;46
FR;2;2022-02-10;1029;7999;33837;204;3604;36510;2051;0;1;6103210;6711139;10258367;33419;6104952;11374059;93900;0;47
FR;2;2022-02-11;1391;12085;53347;223;5281;57700;2888;0;0;6104601;6723224;10311714;33642;6110233;11431759;96788;0;47
FR;2;2022-02-12;754;6535;27987;86;2793;30807;1112;0;2;6105355;6729759;10339701;33728;6113026;11462566;97900;0;49
FR;2;2022-02-13;200;1340;4836;20;562;5577;141;0;0;6105555;6731099;10344537;33748;6113588;11468143;98041;0;49
FR;2;2022-02-14;835;6731;30273;91;2598;33232;1398;0;1;6106390;6737830;10374810;33839;6116186;11501375;99439;0;50
FR;2;2022-02-15;774;6472;28050;140;2800;29991;1967;0;2;6107164;6744302;10402860;33979;6118986;11531366;101406;0;52
FR;2;2022-02-16;657;5361;22067;123;2526;23632;1568;0;3;6107821;6749663;10424927;34102;6121512;11554998;102974;0;55
FR;2;2022-02-17;518;3784;14152;98;2129;14617;1406;0;2;6108339;6753447;10439079;34200;6123641;11569615;104380;0;57
FR;2;2022-02-18;723;5368;20442;134;3039;21129;1895;0;0;6109062;6758815;10459521;34334;6126680;11590744;106275;0;57
FR;2;2022-02-19;430;3061;10532;66;1699;11246;753;0;2;6109492;6761876;10470053;34400;6128379;11601990;107028;0;59
FR;2;2022-02-20;102;518;1463;3;314;1611;100;0;0;6109594;6762394;10471516;34403;6128693;11603601;107128;0;59
FR;2;2022-02-21;422;2685;9122;65;1569;9499;930;0;0;6110016;6765079;10480638;34468;6130262;11613100;108058;0;59
FR;2;2022-02-22;392;2567;8894;77;1621;8797;1180;0;0;6110408;6767646;10489532;34545;6131883;11621897;109238;0;59
FR;2;2022-02-23;432;2604;8992;82;1522;9268;1022;0;0;6110840;6770250;10498524;34627;6133405;11631165;110260;0;59
FR;2;2022-02-24;314;2036;6802;82;1250;6830;870;0;0;6111154;6772286;10505326;34709;6134655;11637995;111130;0;59
FR;2;2022-02-25;457;3207;11419;107;1977;11283;1559;0;3;6111611;6775493;10516745;34816;6136632;11649278;112689;0;62
FR;2;2022-02-26;297;1892;6036;49;1161;6343;587;0;1;6111908;6777385;10522781;34865;6137793;11655621;113276;0;63
FR;2;2022-02-27;76;313;907;5;214;950;98;0;0;6111984;6777698;10523688;34870;6138007;11656571;113374;0;63
FR;2;2022-02-28;330;1688;5524;53;1087;5531;732;0;0;6112314;6779386;10529212;34923;6139094;11662102;114106;0;63
FR;2;2022-03-01;279;1569;5483;46;952;5200;964;0;2;6112593;6780955;10534695;34969;6140046;11667302;115070;0;65
FR;2;2022-03-02;298;1445;5247;45;877;5091;815;0;1;6112891;6782400;10539942;35014;6140923;11672393;115885;0;66
FR;2;2022-03-03;226;1111;3708;42;720;3485;668;0;1;6113117;6783511;10543650;35056;6141643;11675878;116553;0;67
FR;2;2022-03-04;243;1468;4859;74;982;4506;949;0;1;6113360;6784979;10548509;35130;6142625;11680384;117502;0;68
FR;2;2022-03-05;174;906;2979;34;612;2723;561;0;0;6113534;6785885;10551488;35164;6143237;11683107;118063;0;68
FR;2;2022-03-06;42;183;280;5;105;320;52;0;0;6113576;6786068;10551768;35169;6143342;11683427;118115;0;68
FR;2;2022-03-07;156;659;1987;70;491;1777;472;0;0;6113732;6786727;10553755;35239;6143833;11685204;118587;0;68
FR;2;2022-03-08;144;670;2273;53;461;1907;620;0;0;6113876;6787397;10556028;35292;6144294;11687111;119207;0;68
FR;2;2022-03-09;154;708;2348;37;473;2050;615;0;0;6114030;6788105;10558376;35329;6144767;11689161;119822;0;68
FR;2;2022-03-10;123;603;1695;35;445;1470;456;0;1;6114153;6788708;10560071;35364;6145212;11690631;120278;0;69
FR;2;2022-03-11;172;756;2769;57;504;2368;737;0;1;6114325;6789464;10562840;35421;6145716;11692999;121015;0;70
FR;2;2022-03-12;149;484;1787;27;331;1556;450;0;0;6114474;6789948;10564627;35448;6146047;11694555;121465;0;70
FR;2;2022-03-13;25;75;203;30;45;204;69;0;0;6114499;6790023;10564830;35478;6146092;11694759;121534;0;70
FR;2;2022-03-14;128;470;1570;529;333;1300;950;0;0;6114627;6790493;10566400;36007;6146425;11696059;122484;0;70
FR;2;2022-03-15;138;441;1713;691;333;1333;1186;0;1;6114765;6790934;10568113;36698;6146758;11697392;123670;0;71
FR;2;2022-03-16;142;476;2013;1615;331;1593;2159;0;2;6114907;6791410;10570126;38313;6147089;11698985;125829;0;73
FR;2;2022-03-17;94;413;1408;1192;273;1144;1576;0;0;6115001;6791823;10571534;39505;6147362;11700129;127405;0;73
FR;2;2022-03-18;147;496;2025;1795;335;1668;2313;0;1;6115148;6792319;10573559;41300;6147697;11701797;129718;0;74
FR;2;2022-03-19;108;321;1210;941;219;1015;1259;0;0;6115256;6792640;10574769;42241;6147916;11702812;130977;0;74
FR;2;2022-03-20;13;77;191;59;39;168;115;0;0;6115269;6792717;10574960;42300;6147955;11702980;131092;0;74
FR;2;2022-03-21;97;307;1215;1483;180;1078;1760;0;1;6115366;6793024;10576175;43783;6148135;11704058;132852;0;75
FR;2;2022-03-22;118;390;1530;1830;244;1291;2218;0;0;6115484;6793414;10577705;45613;6148379;11705349;135070;0;75
FR;2;2022-03-23;138;361;1675;3032;232;1470;3374;0;6;6115622;6793775;10579380;48645;6148611;11706819;138444;0;81
FR;2;2022-03-24;117;293;1183;1548;186;1001;1814;0;8;6115739;6794068;10580563;50193;6148797;11707820;140258;0;89
FR;2;2022-03-25;119;361;1805;2451;238;1475;2837;0;8;6115858;6794429;10582368;52644;6149035;11709295;143095;0;97
FR;2;2022-03-26;79;247;1204;1222;138;952;1531;0;5;6115937;6794676;10583572;53866;6149173;11710247;144626;0;102
FR;2;2022-03-27;19;36;154;100;19;133;144;0;0;6115956;6794712;10583726;53966;6149192;11710380;144770;0;102
FR;2;2022-03-28;94;288;1138;1602;187;995;1834;0;6;6116050;6795000;10584864;55568;6149379;11711375;146604;0;108
FR;2;2022-03-29;108;258;1325;2467;167;1105;2760;0;4;6116158;6795258;10586189;58035;6149546;11712480;149364;0;112
FR;2;2022-03-30;91;312;1489;3185;163;1320;3422;0;2;6116249;6795570;10587678;61220;6149709;11713800;152786;0;114
FR;2;2022-03-31;104;284;1276;2332;172;1091;2616;0;3;6116353;6795854;10588954;63552;6149881;11714891;155402;0;117
FR;2;2022-04-01;123;324;1567;2349;164;1322;2667;0;7;6116476;6796178;10590521;65901;6150045;11716213;158069;0;124
FR;2;2022-04-02;81;161;845;891;83;737;1052;0;1;6116557;6796339;10591366;66792;6150128;11716950;159121;0;125
FR;2;2022-04-03;16;53;128;113;27;142;133;0;1;6116573;6796392;10591494;66905;6150155;11717092;159254;0;126
FR;2;2022-04-04;113;239;989;1447;141;798;1693;0;5;6116686;6796631;10592483;68352;6150296;11717890;160947;0;131
FR;2;2022-04-05;143;298;1317;2914;158;1145;3143;0;17;6116829;6796929;10593800;71266;6150454;11719035;164090;0;148
FR;2;2022-04-06;89;260;1306;2522;128;1130;2686;0;10;6116918;6797189;10595106;73788;6150582;11720165;166776;0;158
FR;2;2022-04-07;120;229;1302;2682;140;1042;2957;0;8;6117038;6797418;10596408;76470;6150722;11721207;169733;0;166
FR;2;2022-04-08;126;342;1634;3351;178;1327;3641;0;12;6117164;6797760;10598042;79821;6150900;11722534;173374;0;178
FR;2;2022-04-09;90;219;900;1046;144;732;1288;0;4;6117254;6797979;10598942;80867;6151044;11723266;174662;0;182
FR;2;2022-04-10;37;48;143;162;45;119;200;0;1;6117291;6798027;10599085;81029;6151089;11723385;174862;0;183
FR;2;2022-04-11;88;195;891;1560;121;781;1718;0;6;6117379;6798222;10599976;82589;6151210;11724166;176580;0;189
FR;2;2022-04-12;176;273;1183;2770;175;1062;2903;0;8;6117555;6798495;10601159;85359;6151385;11725228;179483;0;197
FR;2;2022-04-13;147;230;1125;2477;110;988;2671;0;11;6117702;6798725;10602284;87836;6151495;11726216;182154;0;208
FR;2;2022-04-14;115;226;1085;2677;113;919;2911;0;18;6117817;6798951;10603369;90513;6151608;11727135;185065;0;226
FR;2;2022-04-15;114;258;1217;2293;128;1074;2533;0;7;6117931;6799209;10604586;92806;6151736;11728209;187598;0;233
FR;2;2022-04-16;67;108;548;549;68;459;675;0;9;6117998;6799317;10605134;93355;6151804;11728668;188273;0;242
FR;2;2022-04-17;15;27;57;53;16;53;71;0;0;6118013;6799344;10605191;93408;6151820;11728721;188344;0;242
FR;2;2022-04-18;12;35;121;70;18;116;95;0;0;6118025;6799379;10605312;93478;6151838;11728837;188439;0;242
FR;2;2022-04-19;112;237;1120;1731;149;951;1915;0;9;6118137;6799616;10606432;95209;6151987;11729788;190354;0;251
FR;2;2022-04-20;95;241;1110;2172;125;934;2366;0;14;6118232;6799857;10607542;97381;6152112;11730722;192720;0;265
FR;2;2022-04-21;111;233;983;1912;125;838;2141;0;10;6118343;6800090;10608525;99293;6152237;11731560;194861;0;275
FR;2;2022-04-22;100;276;1242;2092;141;1023;2430;0;11;6118443;6800366;10609767;101385;6152378;11732583;197291;0;286
FR;2;2022-04-23;67;156;645;762;107;574;862;0;8;6118510;6800522;10610412;102147;6152485;11733157;198153;0;294
FR;2;2022-04-24;12;29;101;68;11;79;100;0;0;6118522;6800551;10610513;102215;6152496;11733236;198253;0;294
FR;2;2022-04-25;103;204;821;1315;104;711;1513;0;15;6118625;6800755;10611334;103530;6152600;11733947;199766;0;309
FR;2;2022-04-26;108;184;1041;2018;118;878;2216;0;18;6118733;6800939;10612375;105548;6152718;11734825;201982;0;327
FR;2;2022-04-27;98;179;860;1783;120;764;1805;0;7;6118831;6801118;10613235;107331;6152838;11735589;203787;0;334
FR;2;2022-04-28;93;214;950;1931;128;843;2087;0;12;6118924;6801332;10614185;109262;6152966;11736432;205874;0;346
FR;2;2022-04-29;81;280;1130;1696;131;1040;1874;0;11;6119005;6801612;10615315;110958;6153097;11737472;207748;0;357
FR;2;2022-04-30;66;126;471;539;79;430;627;0;9;6119071;6801738;10615786;111497;6153176;11737902;208375;0;366
FR;2;2022-05-01;23;24;84;49;20;85;61;0;1;6119094;6801762;10615870;111546;6153196;11737987;208436;0;367
FR;2;2022-05-02;115;232;762;1216;141;660;1374;0;5;6119209;6801994;10616632;112762;6153337;11738647;209810;0;372
FR;2;2022-05-03;152;233;999;1780;156;938;1894;0;14;6119361;6802227;10617631;114542;6153493;11739585;211704;0;386
FR;2;2022-05-04;90;226;924;1810;116;867;1821;0;13;6119451;6802453;10618555;116352;6153609;11740452;213525;0;399
FR;2;2022-05-05;127;197;853;1720;146;770;1836;0;10;6119578;6802650;10619408;118072;6153755;11741222;215361;0;409
FR;2;2022-05-06;133;246;1100;1855;139;1016;2052;0;16;6119711;6802896;10620508;119927;6153894;11742238;217413;0;425
FR;2;2022-05-07;40;99;470;504;61;406;593;0;4;6119751;6802995;10620978;120431;6153955;11742644;218006;0;429
FR;2;2022-05-08;48;54;107;70;41;102;100;0;0;6119799;6803049;10621085;120501;6153996;11742746;218106;0;429
FR;2;2022-05-09;101;174;654;986;103;604;1130;0;9;6119900;6803223;10621739;121487;6154099;11743350;219236;0;438
FR;2;2022-05-10;121;252;938;1840;155;893;1964;0;23;6120021;6803475;10622677;123327;6154254;11744243;221200;0;461
FR;2;2022-05-11;101;178;813;1873;116;792;1862;0;8;6120122;6803653;10623490;125200;6154370;11745035;223062;0;469
FR;2;2022-05-12;111;173;845;2095;115;803;2212;0;21;6120233;6803826;10624335;127295;6154485;11745838;225274;0;490
FR;2;2022-05-13;100;235;969;2096;121;900;2272;0;13;6120333;6804061;10625304;129391;6154606;11746738;227546;0;503
FR;2;2022-05-14;76;124;451;553;93;411;632;0;6;6120409;6804185;10625755;129944;6154699;11747149;228178;0;509
FR;2;2022-05-15;24;39;94;88;20;108;95;0;1;6120433;6804224;10625849;130032;6154719;11747257;228273;0;510
FR;2;2022-05-16;102;170;601;925;115;537;1037;0;11;6120535;6804394;10626450;130957;6154834;11747794;229310;0;521
FR;2;2022-05-17;95;184;690;1685;119;658;1737;0;8;6120630;6804578;10627140;132642;6154953;11748452;231047;0;529
FR;2;2022-05-18;80;181;642;1431;97;647;1486;0;10;6120710;6804759;10627782;134073;6155050;11749099;232533;0;539
FR;2;2022-05-19;73;161;708;1831;81;751;1816;0;12;6120783;6804920;10628490;135904;6155131;11749850;234349;0;551
FR;2;2022-05-20;107;180;874;1701;110;779;1849;0;17;6120890;6805100;10629364;137605;6155241;11750629;236198;0;568
FR;2;2022-05-21;48;96;397;517;71;338;581;0;8;6120938;6805196;10629761;138122;6155312;11750967;236779;0;576
FR;2;2022-05-22;8;23;69;37;18;57;56;0;0;6120946;6805219;10629830;138159;6155330;11751024;236835;0;576
FR;2;2022-05-23;86;133;498;932;100;469;968;0;7;6121032;6805352;10630328;139091;6155430;11751493;237803;0;583
FR;2;2022-05-24;87;164;627;1626;103;615;1680;0;17;6121119;6805516;10630955;140717;6155533;11752108;239483;0;600
FR;2;2022-05-25;72;145;539;1148;90;493;1259;0;5;6121191;6805661;10631494;141865;6155623;11752601;240742;0;605
FR;2;2022-05-26;11;31;77;45;13;85;56;0;1;6121202;6805692;10631571;141910;6155636;11752686;240798;0;606
FR;2;2022-05-27;44;124;456;818;68;438;893;0;9;6121246;6805816;10632027;142728;6155704;11753124;241691;0;615
FR;2;2022-05-28;28;60;221;244;29;221;266;0;1;6121274;6805876;10632248;142972;6155733;11753345;241957;0;616
FR;2;2022-05-29;13;34;43;25;22;51;28;0;0;6121287;6805910;10632291;142997;6155755;11753396;241985;0;616
FR;2;2022-05-30;65;109;424;755;60;409;806;0;6;6121352;6806019;10632715;143752;6155815;11753805;242791;0;622
FR;2;2022-05-31;76;135;564;1276;92;511;1302;0;12;6121428;6806154;10633279;145028;6155907;11754316;244093;0;634
FR;2;2022-06-01;59;158;562;1075;84;541;1170;0;6;6121487;6806312;10633841;146103;6155991;11754857;245263;0;640
FR;2;2022-06-02;92;178;625;1413;109;592;1519;0;12;6121579;6806490;10634466;147516;6156100;11755449;246782;0;652
FR;2;2022-06-03;71;155;668;1604;94;594;1693;0;19;6121650;6806645;10635134;149120;6156194;11756043;248475;0;671
FR;2;2022-06-04;69;93;283;433;66;269;475;0;11;6121719;6806738;10635417;149553;6156260;11756312;248950;0;682
FR;2;2022-06-05;12;17;63;57;16;47;74;0;1;6121731;6806755;10635480;149610;6156276;11756359;249024;0;683
FR;2;2022-06-06;11;39;92;75;28;92;80;0;3;6121742;6806794;10635572;149685;6156304;11756451;249104;0;686
FR;2;2022-06-07;99;222;667;1535;155;577;1661;0;10;6121841;6807016;10636239;151220;6156459;11757028;250765;0;696
FR;2;2022-06-08;70;118;475;1166;77;411;1261;0;5;6121911;6807134;10636714;152386;6156536;11757439;252026;0;701
FR;2;2022-06-09;93;166;613;1922;107;571;1927;0;18;6122004;6807300;10637327;154308;6156643;11758010;253953;0;719
FR;2;2022-06-10;91;167;650;1683;107;621;1774;0;23;6122095;6807467;10637977;155991;6156750;11758631;255727;0;742
FR;2;2022-06-11;43;84;287;529;41;258;583;0;5;6122138;6807551;10638264;156520;6156791;11758889;256310;0;747
FR;2;2022-06-12;18;38;58;78;27;60;78;0;0;6122156;6807589;10638322;156598;6156818;11758949;256388;0;747
FR;2;2022-06-13;39;119;393;953;63;378;1019;0;6;6122195;6807708;10638715;157551;6156881;11759327;257407;0;753
FR;2;2022-06-14;68;157;599;2087;101;537;2188;0;14;6122263;6807865;10639314;159638;6156982;11759864;259595;0;767
FR;2;2022-06-15;78;104;520;1503;84;444;1638;0;10;6122341;6807969;10639834;161141;6157066;11760308;261233;0;777
FR;2;2022-06-16;127;127;496;1411;122;423;1526;0;12;6122468;6808096;10640330;162552;6157188;11760731;262759;0;789
FR;2;2022-06-17;73;137;588;1817;87;515;1921;0;16;6122541;6808233;10640918;164369;6157275;11761246;264680;0;805
FR;2;2022-06-18;76;93;224;578;81;196;629;0;4;6122617;6808326;10641142;164947;6157356;11761442;265309;0;809
FR;2;2022-06-19;11;17;53;71;7;41;90;0;2;6122628;6808343;10641195;165018;6157363;11761483;265399;0;811
FR;2;2022-06-20;62;125;401;1027;71;392;1104;0;10;6122690;6808468;10641596;166045;6157434;11761875;266503;0;821
FR;2;2022-06-21;107;115;524;2124;104;453;2161;0;22;6122797;6808583;10642120;168169;6157538;11762328;268664;0;843
FR;2;2022-06-22;39;110;462;1889;57;415;1971;0;25;6122836;6808693;10642582;170058;6157595;11762743;270635;0;868
FR;2;2022-06-23;58;108;537;2282;67;452;2400;0;30;6122894;6808801;10643119;172340;6157662;11763195;273035;0;898
FR;2;2022-06-24;66;122;709;3198;67;571;3338;0;38;6122960;6808923;10643828;175538;6157729;11763766;276373;0;936
FR;2;2022-06-25;30;90;298;987;55;254;1040;0;13;6122990;6809013;10644126;176525;6157784;11764020;277413;0;949
FR;2;2022-06-26;30;27;131;194;29;97;236;0;5;6123020;6809040;10644257;176719;6157813;11764117;277649;0;954
FR;2;2022-06-27;79;137;582;2488;94;483;2621;0;39;6123099;6809177;10644839;179207;6157907;11764600;280270;0;993
FR;2;2022-06-28;109;140;812;4816;81;650;4893;0;54;6123208;6809317;10645651;184023;6157988;11765250;285163;0;1047
FR;2;2022-06-29;73;150;776;4433;80;637;4529;0;56;6123281;6809467;10646427;188456;6158068;11765887;289692;0;1103
FR;2;2022-06-30;72;133;832;5177;71;618;5397;0;79;6123353;6809600;10647259;193633;6158139;11766505;295089;0;1182
FR;2;2022-07-01;113;160;1150;6691;95;850;6943;0;92;6123466;6809760;10648409;200324;6158234;11767355;302032;0;1274
FR;2;2022-07-02;69;132;474;1976;82;392;2067;0;27;6123535;6809892;10648883;202300;6158316;11767747;304099;0;1301
FR;2;2022-07-03;23;30;146;334;21;130;357;0;8;6123558;6809922;10649029;202634;6158337;11767877;304456;0;1309
FR;2;2022-07-04;120;181;775;3785;109;612;3972;0;49;6123678;6810103;10649804;206419;6158446;11768489;308428;0;1358
FR;2;2022-07-05;119;187;1121;6818;120;828;6999;0;85;6123797;6810290;10650925;213237;6158566;11769317;315427;0;1443
FR;2;2022-07-06;92;150;951;5807;92;697;5933;0;84;6123889;6810440;10651876;219044;6158658;11770014;321360;0;1527
FR;2;2022-07-07;81;185;1020;6501;115;751;6732;0;101;6123970;6810625;10652896;225545;6158773;11770765;328092;0;1628
FR;2;2022-07-08;65;122;1095;7044;51;758;7235;0;123;6124035;6810747;10653991;232589;6158824;11771523;335327;0;1751
FR;2;2022-07-09;34;62;418;1869;31;299;1920;0;33;6124069;6810809;10654409;234458;6158855;11771822;337247;0;1784
FR;2;2022-07-10;6;17;96;315;8;82;327;0;5;6124075;6810826;10654505;234773;6158863;11771904;337574;0;1789
FR;2;2022-07-11;68;120;683;3825;75;540;3901;0;67;6124143;6810946;10655188;238598;6158938;11772444;341475;0;1856
FR;2;2022-07-12;102;180;1054;6517;107;809;6725;0;119;6124245;6811126;10656242;245115;6159045;11773253;348200;0;1975
FR;2;2022-07-13;64;126;879;4664;74;591;4830;0;78;6124309;6811252;10657121;249779;6159119;11773844;353030;0;2053
FR;2;2022-07-14;6;13;88;248;8;59;267;0;8;6124315;6811265;10657209;250027;6159127;11773903;353297;0;2061
FR;2;2022-07-15;61;129;739;3793;53;560;3959;0;75;6124376;6811394;10657948;253820;6159180;11774463;357256;0;2136
FR;2;2022-07-16;27;54;289;1029;30;242;1075;0;25;6124403;6811448;10658237;254849;6159210;11774705;358331;0;2161
FR;2;2022-07-17;5;12;77;201;6;66;207;0;6;6124408;6811460;10658314;255050;6159216;11774771;358538;0;2167
FR;2;2022-07-18;57;103;514;2509;61;384;2648;0;59;6124465;6811563;10658828;257559;6159277;11775155;361186;0;2226
FR;2;2022-07-19;66;133;770;4254;72;555;4443;0;72;6124531;6811696;10659598;261813;6159349;11775710;365629;0;2298
FR;2;2022-07-20;59;117;582;3179;68;430;3278;0;87;6124590;6811813;10660180;264992;6159417;11776140;368907;0;2385
FR;2;2022-07-21;60;110;671;3680;73;485;3797;0;105;6124650;6811923;10660851;268672;6159490;11776625;372704;0;2490
FR;2;2022-07-22;51;99;698;3548;48;506;3697;0;80;6124701;6812022;10661549;272220;6159538;11777131;376401;0;2570
FR;2;2022-07-23;39;97;290;1173;52;229;1226;0;37;6124740;6812119;10661839;273393;6159590;11777360;377627;0;2607
FR;2;2022-07-24;14;24;68;201;19;67;203;0;7;6124754;6812143;10661907;273594;6159609;11777427;377830;0;2614
FR;2;2022-07-25;50;71;405;1938;60;300;2000;0;56;6124804;6812214;10662312;275532;6159669;11777727;379830;0;2670
FR;2;2022-07-26;57;133;606;3423;66;477;3496;0;113;6124861;6812347;10662918;278955;6159735;11778204;383326;0;2783
FR;2;2022-07-27;42;81;457;2782;50;361;2801;0;89;6124903;6812428;10663375;281737;6159785;11778565;386127;0;2872
FR;2;2022-07-28;29;75;450;2485;36;357;2489;0;78;6124932;6812503;10663825;284222;6159821;11778922;388616;0;2950
FR;2;2022-07-29;68;88;535;2857;63;347;2978;0;72;6125000;6812591;10664360;287079;6159884;11779269;391594;0;3022
FR;2;2022-07-30;22;39;162;775;32;110;794;0;24;6125022;6812630;10664522;287854;6159916;11779379;392388;0;3046
FR;2;2022-07-31;6;13;27;104;12;21;110;0;2;6125028;6812643;10664549;287958;6159928;11779400;392498;0;3048
FR;2;2022-08-01;38;105;323;1261;73;260;1343;0;29;6125066;6812748;10664872;289219;6160001;11779660;393841;0;3077
FR;2;2022-08-02;49;75;325;2060;50;247;2096;0;78;6125115;6812823;10665197;291279;6160051;11779907;395937;0;3155
FR;2;2022-08-03;29;53;259;1611;25;187;1617;0;57;6125144;6812876;10665456;292890;6160076;11780094;397554;0;3212
FR;2;2022-08-04;40;65;306;1692;39;240;1701;0;66;6125184;6812941;10665762;294582;6160115;11780334;399255;0;3278
FR;2;2022-08-05;33;94;328;1880;67;236;1911;0;60;6125217;6813035;10666090;296462;6160182;11780570;401166;0;3338
FR;2;2022-08-06;22;41;106;365;29;82;372;0;10;6125239;6813076;10666196;296827;6160211;11780652;401538;0;3348
FR;2;2022-08-07;7;8;15;69;5;16;71;0;3;6125246;6813084;10666211;296896;6160216;11780668;401609;0;3351
FR;2;2022-08-08;19;35;218;877;22;146;915;0;33;6125265;6813119;10666429;297773;6160238;11780814;402524;0;3384
FR;2;2022-08-09;29;51;279;1475;40;238;1471;0;50;6125294;6813170;10666708;299248;6160278;11781052;403995;0;3434
FR;2;2022-08-10;15;21;213;1133;18;150;1154;0;46;6125309;6813191;10666921;300381;6160296;11781202;405149;0;3480
FR;2;2022-08-11;21;41;174;1038;26;117;1047;0;40;6125330;6813232;10667095;301419;6160322;11781319;406196;0;3520
FR;2;2022-08-12;36;49;184;1046;37;140;1069;0;35;6125366;6813281;10667279;302465;6160359;11781459;407265;0;3555
FR;2;2022-08-13;9;19;47;149;15;53;137;0;5;6125375;6813300;10667326;302614;6160374;11781512;407402;0;3560
FR;2;2022-08-14;1;2;12;52;1;11;54;0;1;6125376;6813302;10667338;302666;6160375;11781523;407456;0;3561
FR;2;2022-08-15;0;5;32;22;2;21;21;0;3;6125376;6813307;10667370;302688;6160377;11781544;407477;0;3564
FR;2;2022-08-16;27;32;144;681;33;120;678;0;33;6125403;6813339;10667514;303369;6160410;11781664;408155;0;3597
FR;2;2022-08-17;17;26;109;738;18;88;744;0;34;6125420;6813365;10667623;304107;6160428;11781752;408899;0;3631
FR;2;2022-08-18;14;28;160;836;12;107;852;0;42;6125434;6813393;10667783;304943;6160440;11781859;409751;0;3673
FR;2;2022-08-19;8;38;117;705;31;86;706;0;33;6125442;6813431;10667900;305648;6160471;11781945;410457;0;3706
FR;2;2022-08-20;6;26;61;197;16;52;201;0;8;6125448;6813457;10667961;305845;6160487;11781997;410658;0;3714
FR;2;2022-08-21;4;14;15;19;6;13;31;0;0;6125452;6813471;10667976;305864;6160493;11782010;410689;0;3714
FR;2;2022-08-22;11;25;116;395;17;73;451;0;13;6125463;6813496;10668092;306259;6160510;11782083;411140;0;3727
FR;2;2022-08-23;11;41;134;671;22;112;679;0;38;6125474;6813537;10668226;306930;6160532;11782195;411819;0;3765
FR;2;2022-08-24;11;28;87;466;21;80;472;0;18;6125485;6813565;10668313;307396;6160553;11782275;412291;0;3783
FR;2;2022-08-25;8;32;109;481;16;69;516;0;17;6125493;6813597;10668422;307877;6160569;11782344;412807;0;3800
FR;2;2022-08-26;15;46;117;720;36;91;713;0;32;6125508;6813643;10668539;308597;6160605;11782435;413520;0;3832
FR;2;2022-08-27;10;19;47;156;16;42;164;0;2;6125518;6813662;10668586;308753;6160621;11782477;413684;0;3834
FR;2;2022-08-28;1;5;5;15;1;7;16;0;1;6125519;6813667;10668591;308768;6160622;11782484;413700;0;3835
FR;2;2022-08-29;24;43;93;400;29;87;396;0;24;6125543;6813710;10668684;309168;6160651;11782571;414096;0;3859
FR;2;2022-08-30;31;54;154;791;34;119;798;0;29;6125574;6813764;10668838;309959;6160685;11782690;414894;0;3888
FR;2;2022-08-31;19;35;85;392;22;79;393;0;25;6125593;6813799;10668923;310351;6160707;11782769;415287;0;3913
FR;2;2022-09-01;19;42;139;600;24;122;609;0;36;6125612;6813841;10669062;310951;6160731;11782891;415896;0;3949
FR;2;2022-09-02;34;56;146;744;34;158;748;0;32;6125646;6813897;10669208;311695;6160765;11783049;416644;0;3981
FR;2;2022-09-03;17;20;83;205;11;67;213;0;7;6125663;6813917;10669291;311900;6160776;11783116;416857;0;3988
FR;2;2022-09-04;8;5;9;31;2;10;30;0;3;6125671;6813922;10669300;311931;6160778;11783126;416887;0;3991
FR;2;2022-09-05;29;29;125;367;23;96;396;0;24;6125700;6813951;10669425;312298;6160801;11783222;417283;0;4015
FR;2;2022-09-06;43;62;158;761;42;153;767;0;36;6125743;6814013;10669583;313059;6160843;11783375;418050;0;4051
FR;2;2022-09-07;21;20;74;375;16;49;387;0;22;6125764;6814033;10669657;313434;6160859;11783424;418437;0;4073
FR;2;2022-09-08;31;57;109;636;40;100;646;0;22;6125795;6814090;10669766;314070;6160899;11783524;419083;0;4095
FR;2;2022-09-09;18;24;126;752;21;74;745;0;46;6125813;6814114;10669892;314822;6160920;11783598;419828;0;4141
FR;2;2022-09-10;14;24;57;117;16;48;131;0;4;6125827;6814138;10669949;314939;6160936;11783646;419959;0;4145
FR;2;2022-09-11;11;5;11;11;2;13;13;0;0;6125838;6814143;10669960;314950;6160938;11783659;419972;0;4145
FR;2;2022-09-12;20;30;69;340;25;55;352;0;16;6125858;6814173;10670029;315290;6160963;11783714;420324;0;4161
FR;2;2022-09-13;15;34;125;670;13;99;674;0;40;6125873;6814207;10670154;315960;6160976;11783813;420998;0;4201
FR;2;2022-09-14;19;21;81;480;19;59;478;0;36;6125892;6814228;10670235;316440;6160995;11783872;421476;0;4237
FR;2;2022-09-15;22;43;126;486;25;102;493;0;47;6125914;6814271;10670361;316926;6161020;11783974;421969;0;4284
FR;2;2022-09-16;21;31;124;563;17;89;585;0;39;6125935;6814302;10670485;317489;6161037;11784063;422554;0;4323
FR;2;2022-09-17;6;20;56;160;15;52;147;0;13;6125941;6814322;10670541;317649;6161052;11784115;422701;0;4336
FR;2;2022-09-18;4;7;13;37;6;10;37;0;3;6125945;6814329;10670554;317686;6161058;11784125;422738;0;4339
FR;2;2022-09-19;26;24;114;353;16;87;381;0;22;6125971;6814353;10670668;318039;6161074;11784212;423119;0;4361
FR;2;2022-09-20;27;27;117;624;21;84;639;0;38;6125998;6814380;10670785;318663;6161095;11784296;423758;0;4399
FR;2;2022-09-21;15;30;100;393;15;78;418;0;22;6126013;6814410;10670885;319056;6161110;11784374;424176;0;4421
FR;2;2022-09-22;16;39;124;581;18;95;619;0;28;6126029;6814449;10671009;319637;6161128;11784469;424795;0;4449
FR;2;2022-09-23;21;38;135;555;22;111;570;0;39;6126050;6814487;10671144;320192;6161150;11784580;425365;0;4488
FR;2;2022-09-24;10;8;51;190;6;36;201;0;6;6126060;6814495;10671195;320382;6161156;11784616;425566;0;4494
FR;2;2022-09-25;9;11;14;29;11;11;33;0;5;6126069;6814506;10671209;320411;6161167;11784627;425599;0;4499
FR;2;2022-09-26;22;41;106;447;27;79;458;0;20;6126091;6814547;10671315;320858;6161194;11784706;426057;0;4519
FR;2;2022-09-27;30;46;161;906;35;108;861;0;52;6126121;6814593;10671476;321764;6161229;11784814;426918;0;4571
FR;2;2022-09-28;15;31;93;421;18;74;439;0;23;6126136;6814624;10671569;322185;6161247;11784888;427357;0;4594
FR;2;2022-09-29;26;48;114;618;23;110;630;0;33;6126162;6814672;10671683;322803;6161270;11784998;427987;0;4627
FR;2;2022-09-30;25;44;111;520;44;84;533;0;31;6126187;6814716;10671794;323323;6161314;11785082;428520;0;4658
FR;2;2022-10-01;11;20;51;128;20;36;129;0;8;6126198;6814736;10671845;323451;6161334;11785118;428649;0;4666
FR;2;2022-10-02;0;5;8;21;4;5;25;0;2;6126198;6814741;10671853;323472;6161338;11785123;428674;0;4668
FR;2;2022-10-03;22;30;83;291;26;66;306;0;22;6126220;6814771;10671936;323763;6161364;11785189;428980;0;4690
FR;2;2022-10-04;17;21;105;601;19;71;620;0;45;6126237;6814792;10672041;324364;6161383;11785260;429600;0;4735
FR;2;2022-10-05;20;29;75;491;24;67;488;0;54;6126257;6814821;10672116;324855;6161407;11785327;430088;0;4789
FR;2;2022-10-06;30;23;74;442;17;71;428;0;65;6126287;6814844;10672190;325297;6161424;11785398;430516;0;4854
FR;2;2022-10-07;21;30;86;499;26;66;503;0;42;6126308;6814874;10672276;325796;6161450;11785464;431019;0;4896
FR;2;2022-10-08;12;8;23;114;3;24;108;0;12;6126320;6814882;10672299;325910;6161453;11785488;431127;0;4908
FR;2;2022-10-09;1;8;15;17;6;11;22;0;5;6126321;6814890;10672314;325927;6161459;11785499;431149;0;4913
FR;2;2022-10-10;18;24;47;223;22;49;218;0;21;6126339;6814914;10672361;326150;6161481;11785548;431367;0;4934
FR;2;2022-10-11;16;15;47;253;11;39;240;0;52;6126355;6814929;10672408;326403;6161492;11785587;431607;0;4986
FR;2;2022-10-12;8;17;52;290;13;36;305;0;56;6126363;6814946;10672460;326693;6161505;11785623;431912;0;5042
FR;2;2022-10-13;11;14;48;271;9;48;262;0;25;6126374;6814960;10672508;326964;6161514;11785671;432174;0;5067
FR;2;2022-10-14;12;28;35;229;17;39;229;0;29;6126386;6814988;10672543;327193;6161531;11785710;432403;0;5096
FR;2;2022-10-15;4;10;22;111;4;17;113;0;15;6126390;6814998;10672565;327304;6161535;11785727;432516;0;5111
FR;2;2022-10-16;0;5;4;10;5;6;8;0;0;6126390;6815003;10672569;327314;6161540;11785733;432524;0;5111
FR;2;2022-10-17;15;17;31;122;16;26;132;0;29;6126405;6815020;10672600;327436;6161556;11785759;432656;0;5140
FR;2;2022-10-18;13;11;68;181;5;34;217;0;41;6126418;6815031;10672668;327617;6161561;11785793;432873;0;5181
FR;2;2022-10-19;8;17;36;182;12;30;184;0;42;6126426;6815048;10672704;327799;6161573;11785823;433057;0;5223
FR;2;2022-10-20;11;29;41;200;15;40;196;0;52;6126437;6815077;10672745;327999;6161588;11785863;433253;0;5275
FR;2;2022-10-21;5;15;60;232;6;53;222;0;30;6126442;6815092;10672805;328231;6161594;11785916;433475;0;5305
FR;2;2022-10-22;8;7;25;101;2;23;102;0;20;6126450;6815099;10672830;328332;6161596;11785939;433577;0;5325
FR;2;2022-10-23;0;3;1;5;3;0;6;0;2;6126450;6815102;10672831;328337;6161599;11785939;433583;0;5327
FR;2;2022-10-24;12;12;16;109;12;16;112;0;20;6126462;6815114;10672847;328446;6161611;11785955;433695;0;5347
FR;2;2022-10-25;12;7;23;138;6;15;145;0;51;6126474;6815121;10672870;328584;6161617;11785970;433840;0;5398
FR;2;2022-10-26;4;3;16;90;2;11;95;0;27;6126478;6815124;10672886;328674;6161619;11785981;433935;0;5425
FR;2;2022-10-27;7;9;18;86;9;20;69;0;26;6126485;6815133;10672904;328760;6161628;11786001;434004;0;5451
FR;2;2022-10-28;5;3;15;91;3;7;92;0;27;6126490;6815136;10672919;328851;6161631;11786008;434096;0;5478
FR;2;2022-10-29;7;8;18;33;6;14;37;0;8;6126497;6815144;10672937;328884;6161637;11786022;434133;0;5486
FR;2;2022-10-30;3;7;5;8;5;2;5;0;1;6126500;6815151;10672942;328892;6161642;11786024;434138;0;5487
FR;2;2022-10-31;2;8;6;49;6;10;48;0;11;6126502;6815159;10672948;328941;6161648;11786034;434186;0;5498
FR;2;2022-11-01;0;0;7;1;0;5;3;0;0;6126502;6815159;10672955;328942;6161648;11786039;434189;0;5498
FR;2;2022-11-02;6;5;12;44;5;12;45;0;11;6126508;6815164;10672967;328986;6161653;11786051;434234;0;5509
FR;2;2022-11-03;6;7;15;77;6;10;74;0;18;6126514;6815171;10672982;329063;6161659;11786061;434308;0;5527
FR;2;2022-11-04;7;12;14;85;10;14;92;0;10;6126521;6815183;10672996;329148;6161669;11786075;434400;0;5537
FR;2;2022-11-05;0;11;12;38;6;16;35;0;6;6126521;6815194;10673008;329186;6161675;11786091;434435;0;5543
FR;2;2022-11-06;0;1;2;1;0;3;0;0;2;6126521;6815195;10673010;329187;6161675;11786094;434435;0;5545
FR;2;2022-11-07;11;7;14;66;5;13;65;0;20;6126532;6815202;10673024;329253;6161680;11786107;434500;0;5565
FR;2;2022-11-08;10;6;18;58;4;14;65;0;27;6126542;6815208;10673042;329311;6161684;11786121;434565;0;5592
FR;2;2022-11-09;4;5;17;56;2;17;50;0;28;6126546;6815213;10673059;329367;6161686;11786138;434615;0;5620
FR;2;2022-11-10;7;10;17;74;7;14;76;0;14;6126553;6815223;10673076;329441;6161693;11786152;434691;0;5634
FR;2;2022-11-11;0;3;7;3;0;8;4;0;0;6126553;6815226;10673083;329444;6161693;11786160;434695;0;5634
FR;2;2022-11-12;2;5;7;19;4;7;19;0;4;6126555;6815231;10673090;329463;6161697;11786167;434714;0;5638
FR;2;2022-11-13;2;2;3;2;1;4;1;0;0;6126557;6815233;10673093;329465;6161698;11786171;434715;0;5638
FR;2;2022-11-14;4;6;11;29;3;8;33;0;7;6126561;6815239;10673104;329494;6161701;11786179;434748;0;5645
FR;2;2022-11-15;6;12;14;35;13;17;32;0;7;6126567;6815251;10673118;329529;6161714;11786196;434780;0;5652
FR;2;2022-11-16;4;3;4;45;3;4;46;0;18;6126571;6815254;10673122;329574;6161717;11786200;434826;0;5670
FR;2;2022-11-17;2;6;11;53;5;8;52;0;22;6126573;6815260;10673133;329627;6161722;11786208;434878;0;5692
FR;2;2022-11-18;3;4;7;41;4;6;44;0;10;6126576;6815264;10673140;329668;6161726;11786214;434922;0;5702
FR;2;2022-11-19;3;2;2;25;2;3;18;0;5;6126579;6815266;10673142;329693;6161728;11786217;434940;0;5707
FR;2;2022-11-20;0;2;6;8;2;6;10;0;25;6126579;6815268;10673148;329701;6161730;11786223;434950;0;5732
FR;2;2022-11-21;6;8;9;31;5;8;34;0;22;6126585;6815276;10673157;329732;6161735;11786231;434984;0;5754
FR;2;2022-11-22;8;8;20;65;6;21;70;0;71;6126593;6815284;10673177;329797;6161741;11786252;435054;0;5825
FR;2;2022-11-23;7;6;8;67;3;5;72;0;8;6126600;6815290;10673185;329864;6161744;11786257;435126;0;5833
FR;2;2022-11-24;2;2;11;50;2;7;57;0;10;6126602;6815292;10673196;329914;6161746;11786264;435183;0;5843
FR;2;2022-11-25;11;8;11;25;11;13;26;0;8;6126613;6815300;10673207;329939;6161757;11786277;435209;0;5851
FR;2;2022-11-26;1;5;3;8;4;6;6;0;0;6126614;6815305;10673210;329947;6161761;11786283;435215;0;5851
FR;2;2022-11-27;2;2;12;2;0;11;4;0;1;6126616;6815307;10673222;329949;6161761;11786294;435219;0;5852
FR;2;2022-11-28;0;2;7;35;1;5;37;0;5;6126616;6815309;10673229;329984;6161762;11786299;435256;0;5857
FR;2;2022-11-29;1;1;9;24;0;3;30;0;8;6126617;6815310;10673238;330008;6161762;11786302;435286;0;5865
FR;2;2022-11-30;2;1;9;47;0;10;44;0;21;6126619;6815311;10673247;330055;6161762;11786312;435330;0;5886
FR;2;2022-12-01;2;7;3;57;4;11;49;0;23;6126621;6815318;10673250;330112;6161766;11786323;435379;0;5909
FR;2;2022-12-02;1;1;10;52;1;8;52;0;27;6126622;6815319;10673260;330164;6161767;11786331;435431;0;5936
FR;2;2022-12-03;1;3;2;18;1;2;17;0;10;6126623;6815322;10673262;330182;6161768;11786333;435448;0;5946
FR;2;2022-12-04;0;0;0;4;0;0;4;0;0;6126623;6815322;10673262;330186;6161768;11786333;435452;0;5946
FR;2;2022-12-05;3;1;4;49;4;1;42;0;16;6126626;6815323;10673266;330235;6161772;11786334;435494;0;5962
FR;2;2022-12-06;3;4;11;41;3;6;41;0;17;6126629;6815327;10673277;330276;6161775;11786340;435535;0;5979
FR;2;2022-12-07;1;3;8;42;2;6;44;0;11;6126630;6815330;10673285;330318;6161777;11786346;435579;0;5990
FR;2;2022-12-08;0;2;10;44;0;5;49;0;16;6126630;6815332;10673295;330362;6161777;11786351;435628;0;6006
FR;2;2022-12-09;0;1;10;53;0;7;57;0;16;6126630;6815333;10673305;330415;6161777;11786358;435685;0;6022
FR;2;2022-12-10;0;0;8;48;0;0;48;0;8;6126630;6815333;10673313;330463;6161777;11786358;435733;0;6030
FR;2;2022-12-11;0;0;2;2;0;2;1;0;3;6126630;6815333;10673315;330465;6161777;11786360;435734;0;6033
FR;2;2022-12-12;0;0;3;36;0;3;35;0;9;6126630;6815333;10673318;330501;6161777;11786363;435769;0;6042
FR;2;2022-12-13;0;2;1;37;1;1;36;0;14;6126630;6815335;10673319;330538;6161778;11786364;435805;0;6056
FR;2;2022-12-14;0;2;6;25;2;2;30;0;13;6126630;6815337;10673325;330563;6161780;11786366;435835;0;6069
FR;2;2022-12-15;0;2;6;40;2;3;41;0;17;6126630;6815339;10673331;330603;6161782;11786369;435876;0;6086
FR;2;2022-12-16;2;4;13;55;3;9;59;0;15;6126632;6815343;10673344;330658;6161785;11786378;435935;0;6101
FR;2;2022-12-17;0;2;6;38;2;1;36;0;1;6126632;6815345;10673350;330696;6161787;11786379;435971;0;6102
FR;2;2022-12-18;1;0;0;0;0;0;0;0;1;6126633;6815345;10673350;330696;6161787;11786379;435971;0;6103
FR;3;2020-12-27;0;0;0;0;0;0;0;0;0;0;0;0;0;0;0;0;0;0
FR;3;2020-12-28;0;0;0;0;0;0;0;0;0;0;0;0;0;0;0;0;0;0
FR;3;2020-12-29;0;0;0;0;0;0;0;0;0;0;0;0;0;0;0;0;0;0
FR;3;2020-12-30;0;0;0;0;0;0;0;0;0;0;0;0;0;0;0;0;0;0
FR;3;2020-12-31;0;0;0;0;0;0;0;0;0;0;0;0;0;0;0;0;0;0
FR;3;2021-01-01;0;0;0;0;0;0;0;0;0;0;0;0;0;0;0;0;0;0
FR;3;2021-01-02;0;0;0;0;0;0;0;0;0;0;0;0;0;0;0;0;0;0
FR;3;2021-01-03;0;0;0;0;0;0;0;0;0;0;0;0;0;0;0;0;0;0
FR;3;2021-01-04;0;0;0;0;0;0;0;0;0;0;0;0;0;0;0;0;0;0
FR;3;2021-01-05;0;0;0;0;0;0;0;0;0;0;0;0;0;0;0;0;0;0
FR;3;2021-01-06;0;0;0;0;0;0;0;0;0;0;0;0;0;0;0;0;0;0
FR;3;2021-01-07;0;0;0;0;0;0;0;0;0;0;0;0;0;0;0;0;0;0
FR;3;2021-01-08;0;0;0;0;0;0;0;0;0;0;0;0;0;0;0;0;0;0
FR;3;2021-01-09;0;0;0;0;0;0;0;0;0;0;0;0;0;0;0;0;0;0
FR;3;2021-01-10;0;0;0;0;0;0;0;0;0;0;0;0;0;0;0;0;0;0
FR;3;2021-01-11;0;0;0;0;0;0;0;0;0;0;0;0;0;0;0;0;0;0
FR;3;2021-01-12;0;0;0;0;0;0;0;0;0;0;0;0;0;0;0;0;0;0
FR;3;2021-01-13;0;0;0;0;0;0;0;0;0;0;0;0;0;0;0;0;0;0
FR;3;2021-01-14;0;0;0;0;0;0;0;0;0;0;0;0;0;0;0;0;0;0
FR;3;2021-01-15;0;0;0;0;0;0;0;0;0;0;0;0;0;0;0;0;0;0
FR;3;2021-01-16;0;0;0;0;0;0;0;0;0;0;0;0;0;0;0;0;0;0
FR;3;2021-01-17;0;0;0;0;0;0;0;0;0;0;0;0;0;0;0;0;0;0
FR;3;2021-01-18;0;0;0;0;0;0;0;0;0;0;0;0;0;0;0;0;0;0
FR;3;2021-01-19;0;0;0;0;0;0;0;0;0;0;0;0;0;0;0;0;0;0
FR;3;2021-01-20;0;0;0;0;0;0;0;0;0;0;0;0;0;0;0;0;0;0
FR;3;2021-01-21;0;0;0;0;0;0;0;0;0;0;0;0;0;0;0;0;0;0
FR;3;2021-01-22;0;0;0;0;0;0;0;0;0;0;0;0;0;0;0;0;0;0
FR;3;2021-01-23;0;0;0;0;0;0;0;0;0;0;0;0;0;0;0;0;0;0
FR;3;2021-01-24;0;0;0;0;0;0;0;0;0;0;0;0;0;0;0;0;0;0
FR;3;2021-01-25;0;0;0;0;0;0;0;0;0;0;0;0;0;0;0;0;0;0
FR;3;2021-01-26;0;0;0;0;0;0;0;0;0;0;0;0;0;0;0;0;0;0
FR;3;2021-01-27;0;0;0;0;0;0;0;0;0;0;0;0;0;0;0;0;0;0
FR;3;2021-01-28;0;0;0;0;0;0;0;0;0;0;0;0;0;0;0;0;0;0
FR;3;2021-01-29;0;0;0;0;0;0;0;0;0;0;0;0;0;0;0;0;0;0
FR;3;2021-01-30;0;0;0;0;0;0;0;0;0;0;0;0;0;0;0;0;0;0
FR;3;2021-01-31;0;0;0;0;0;0;0;0;0;0;0;0;0;0;0;0;0;0
FR;3;2021-02-01;0;0;0;0;0;0;0;0;0;0;0;0;0;0;0;0;0;0
FR;3;2021-02-02;0;0;0;0;0;0;0;0;0;0;0;0;0;0;0;0;0;0
FR;3;2021-02-03;0;0;0;0;0;0;0;0;0;0;0;0;0;0;0;0;0;0
FR;3;2021-02-04;0;0;0;0;0;0;0;0;0;0;0;0;0;0;0;0;0;0
FR;3;2021-02-05;0;0;0;0;0;0;0;0;0;0;0;0;0;0;0;0;0;0
FR;3;2021-02-06;1500;0;0;0;107;0;0;0;0;1500;0;0;0;107;0;0;0;0
FR;3;2021-02-07;1423;2;0;0;87;0;0;0;0;2923;2;0;0;194;0;0;0;0
FR;3;2021-02-08;2789;1;0;0;177;0;0;0;0;5712;3;0;0;371;0;0;0;0
FR;3;2021-02-09;6786;0;0;0;502;0;0;0;0;12498;3;0;0;873;0;0;0;0
FR;3;2021-02-10;9611;0;0;0;695;0;0;0;0;22109;3;0;0;1568;0;0;0;0
FR;3;2021-02-11;13620;4;0;0;920;0;0;0;0;35729;7;0;0;2488;0;0;0;0
FR;3;2021-02-12;13409;0;0;0;907;0;0;0;0;49138;7;0;0;3395;0;0;0;0
FR;3;2021-02-13;3799;1;0;0;218;0;0;0;0;52937;8;0;0;3613;0;0;0;0
FR;3;2021-02-14;975;1;0;0;53;0;0;0;0;53912;9;0;0;3666;0;0;0;0
FR;3;2021-02-15;10495;2;0;0;719;0;0;0;0;64407;11;0;0;4385;0;0;0;0
FR;3;2021-02-16;12555;5;0;0;871;0;0;0;0;76962;16;0;0;5256;0;0;0;0
FR;3;2021-02-17;11158;1;0;0;716;0;0;0;0;88120;17;0;0;5972;0;0;0;0
FR;3;2021-02-18;14943;2;0;0;985;0;0;0;0;103063;19;0;0;6957;0;0;0;0
FR;3;2021-02-19;14365;1;0;0;846;0;0;0;0;117428;20;0;0;7803;0;0;0;0
FR;3;2021-02-20;3330;0;0;0;178;0;0;0;0;120758;20;0;0;7981;0;0;0;0
FR;3;2021-02-21;619;0;0;0;35;0;0;0;0;121377;20;0;0;8016;0;0;0;0
FR;3;2021-02-22;9170;1;0;0;654;0;0;0;0;130547;21;0;0;8670;0;0;0;0
FR;3;2021-02-23;11400;5;0;0;759;0;0;0;0;141947;26;0;0;9429;0;0;0;0
FR;3;2021-02-24;14306;1;0;0;829;0;0;0;0;156253;27;0;0;10258;0;0;0;0
FR;3;2021-02-25;44935;3;0;0;1814;0;0;0;0;201188;30;0;0;12072;0;0;0;0
FR;3;2021-02-26;61890;9;0;0;2200;0;0;0;0;263078;39;0;0;14272;0;0;0;0
FR;3;2021-02-27;34810;14;0;0;1028;0;0;0;0;297888;53;0;0;15300;0;0;0;0
FR;3;2021-02-28;2464;0;0;0;114;0;0;0;0;300352;53;0;0;15414;0;0;0;0
FR;3;2021-03-01;20520;21;0;0;1067;0;0;0;0;320872;74;0;0;16481;0;0;0;0
FR;3;2021-03-02;38877;25;0;0;1789;0;0;0;0;359749;99;0;0;18270;0;0;0;0
FR;3;2021-03-03;48747;20;0;0;2133;0;0;0;0;408496;119;0;0;20403;0;0;0;0
FR;3;2021-03-04;82229;25;0;0;3194;0;0;0;0;490725;144;0;0;23597;0;0;0;0
FR;3;2021-03-05;118136;40;0;0;4690;0;0;0;0;608861;184;0;0;28287;0;0;0;0
FR;3;2021-03-06;120725;64;1;0;3559;0;0;0;0;729586;248;1;0;31846;0;0;0;0
FR;3;2021-03-07;55184;23;0;0;1729;0;0;0;0;784770;271;1;0;33575;0;0;0;0
FR;3;2021-03-08;42813;30;0;0;2074;0;0;0;0;827583;301;1;0;35649;0;0;0;0
FR;3;2021-03-09;78977;49;0;0;3284;0;0;0;0;906560;350;1;0;38933;0;0;0;0
FR;3;2021-03-10;80983;62;0;0;3239;0;0;0;0;987543;412;1;0;42172;0;0;0;0
FR;3;2021-03-11;128448;64;0;0;4765;0;0;0;0;1115991;476;1;0;46937;0;0;0;0
FR;3;2021-03-12;182724;119;0;0;6277;0;0;0;0;1298715;595;1;0;53214;0;0;0;0
FR;3;2021-03-13;132163;84;0;0;3523;0;0;0;0;1430878;679;1;0;56737;0;0;0;0
FR;3;2021-03-14;14057;5;0;0;549;0;0;0;0;1444935;684;1;0;57286;0;0;0;0
FR;3;2021-03-15;52235;79;0;0;2094;0;0;0;0;1497170;763;1;0;59380;0;0;0;0
FR;3;2021-03-16;1218;48;0;0;102;0;0;0;0;1498388;811;1;0;59482;0;0;0;0
FR;3;2021-03-17;950;53;0;0;92;0;0;0;0;1499338;864;1;0;59574;0;0;0;0
FR;3;2021-03-18;1575;40;0;0;100;0;0;0;0;1500913;904;1;0;59674;0;0;0;0
FR;3;2021-03-19;70459;55;0;0;2059;0;0;0;0;1571372;959;1;0;61733;0;0;0;0
FR;3;2021-03-20;65240;49;0;0;1701;0;0;0;0;1636612;1008;1;0;63434;0;0;0;0
FR;3;2021-03-21;5761;8;0;0;199;0;0;0;0;1642373;1016;1;0;63633;0;0;0;0
FR;3;2021-03-22;37510;47;0;0;1051;0;0;0;0;1679883;1063;1;0;64684;0;0;0;0
FR;3;2021-03-23;84667;84;0;0;2283;0;0;0;0;1764550;1147;1;0;66967;0;0;0;0
FR;3;2021-03-24;90954;96;0;0;2488;0;0;0;0;1855504;1243;1;0;69455;0;0;0;0
FR;3;2021-03-25;150070;144;0;0;3788;0;0;0;0;2005574;1387;1;0;73243;0;0;0;0
FR;3;2021-03-26;165431;158;0;0;4154;0;0;0;0;2171005;1545;1;0;77397;0;0;0;0
FR;3;2021-03-27;68465;102;0;0;2005;0;0;0;0;2239470;1647;1;0;79402;0;0;0;0
FR;3;2021-03-28;6479;20;0;0;237;0;0;0;0;2245949;1667;1;0;79639;0;0;0;0
FR;3;2021-03-29;54169;79;0;0;1478;0;0;0;0;2300118;1746;1;0;81117;0;0;0;0
FR;3;2021-03-30;93183;105;0;0;2566;0;0;0;0;2393301;1851;1;0;83683;0;0;0;0
FR;3;2021-03-31;63544;111;0;0;1965;0;0;0;0;2456845;1962;1;0;85648;0;0;0;0
FR;3;2021-04-01;86135;112;0;0;2492;0;0;0;0;2542980;2074;1;0;88140;0;0;0;0
FR;3;2021-04-02;86913;185;0;0;2764;0;0;0;0;2629893;2259;1;0;90904;0;0;0;0
FR;3;2021-04-03;35874;130;0;0;1160;0;0;0;0;2665767;2389;1;0;92064;0;0;0;0
FR;3;2021-04-04;3577;19;0;0;164;0;0;0;0;2669344;2408;1;0;92228;0;0;0;0
FR;3;2021-04-05;4492;38;0;0;236;0;0;0;0;2673836;2446;1;0;92464;0;0;0;0
FR;3;2021-04-06;29758;104;0;0;1091;0;0;0;0;2703594;2550;1;0;93555;0;0;0;0
FR;3;2021-04-07;32348;107;0;0;1046;0;0;0;0;2735942;2657;1;0;94601;0;0;0;0
FR;3;2021-04-08;78825;266;0;0;2612;0;0;0;0;2814767;2923;1;0;97213;0;0;0;0
FR;3;2021-04-09;161759;447;0;0;5175;0;0;0;0;2976526;3370;1;0;102388;0;0;0;0
FR;3;2021-04-10;75764;361;0;0;2694;0;0;0;0;3052290;3731;1;0;105082;0;0;0;0
FR;3;2021-04-11;7313;46;0;0;304;0;0;0;0;3059603;3777;1;0;105386;0;0;0;0
FR;3;2021-04-12;51485;213;0;0;1734;0;0;0;0;3111088;3990;1;0;107120;0;0;0;0
FR;3;2021-04-13;86233;358;0;0;2905;0;0;0;0;3197321;4348;1;0;110025;0;0;0;0
FR;3;2021-04-14;67843;374;0;0;2425;0;0;0;0;3265164;4722;1;0;112450;0;0;0;0
FR;3;2021-04-15;93242;399;0;0;3437;0;0;0;0;3358406;5121;1;0;115887;0;0;0;0
FR;3;2021-04-16;112529;620;0;0;4336;0;0;0;0;3470935;5741;1;0;120223;0;0;0;0
FR;3;2021-04-17;53319;363;1;0;2269;0;0;0;0;3524254;6104;2;0;122492;0;0;0;0
FR;3;2021-04-18;9749;49;0;0;423;0;0;0;0;3534003;6153;2;0;122915;0;0;0;0
FR;3;2021-04-19;25115;281;0;0;1087;0;0;0;0;3559118;6434;2;0;124002;0;0;0;0
FR;3;2021-04-20;45674;432;0;0;1903;0;0;0;0;3604792;6866;2;0;125905;0;0;0;0
FR;3;2021-04-21;38985;542;0;0;1886;0;0;0;0;3643777;7408;2;0;127791;0;0;0;0
FR;3;2021-04-22;54721;867;0;0;2819;0;0;0;0;3698498;8275;2;0;130610;0;0;0;0
FR;3;2021-04-23;70491;1083;0;0;3684;0;0;0;0;3768989;9358;2;0;134294;0;0;0;0
FR;3;2021-04-24;37252;1086;0;0;2474;0;0;0;0;3806241;10444;2;0;136768;0;0;0;0
FR;3;2021-04-25;6213;160;0;0;448;0;0;0;0;3812454;10604;2;0;137216;0;0;0;0
FR;3;2021-04-26;19788;691;0;0;1425;0;0;0;0;3832242;11295;2;0;138641;0;0;0;0
FR;3;2021-04-27;34485;1320;0;0;2578;0;0;0;0;3866727;12615;2;0;141219;0;0;0;0
FR;3;2021-04-28;28971;2027;0;0;3144;0;0;0;0;3895698;14642;2;0;144363;0;0;0;0
FR;3;2021-04-29;45391;6106;0;0;7924;0;0;0;0;3941089;20748;2;0;152287;0;0;0;0
FR;3;2021-04-30;55466;9085;1;0;11481;0;0;0;0;3996555;29833;3;0;163768;0;0;0;0
FR;3;2021-05-01;9517;2049;0;0;2480;0;0;0;0;4006072;31882;3;0;166248;0;0;0;0
FR;3;2021-05-02;3079;473;0;0;617;0;0;0;0;4009151;32355;3;0;166865;0;0;0;0
FR;3;2021-05-03;13063;3936;0;0;4503;0;0;0;0;4022214;36291;3;0;171368;0;0;0;0
FR;3;2021-05-04;23118;8390;0;0;9456;0;0;0;0;4045332;44681;3;0;180824;0;0;0;0
FR;3;2021-05-05;18762;10796;0;0;11733;0;0;0;0;4064094;55477;3;0;192557;0;0;0;0
FR;3;2021-05-06;34630;21211;0;0;22757;0;0;0;0;4098724;76688;3;0;215314;0;0;0;0
FR;3;2021-05-07;44209;28843;0;0;31147;0;0;0;0;4142933;105531;3;0;246461;0;0;0;0
FR;3;2021-05-08;6785;9190;0;0;9553;0;0;0;0;4149718;114721;3;0;256014;0;0;0;0
FR;3;2021-05-09;1797;2667;0;0;2767;0;0;0;0;4151515;117388;3;0;258781;0;0;0;0
FR;3;2021-05-10;15001;12881;0;0;13570;0;0;0;0;4166516;130269;3;0;272351;0;0;0;0
FR;3;2021-05-11;27100;26221;0;0;27492;0;0;0;0;4193616;156490;3;0;299843;0;0;0;0
FR;3;2021-05-12;17271;28072;0;0;29006;0;0;0;0;4210887;184562;3;0;328849;0;0;0;0
FR;3;2021-05-13;2285;3513;0;0;3633;0;0;0;0;4213172;188075;3;0;332482;0;0;0;0
FR;3;2021-05-14;14520;26048;0;0;26826;0;0;0;0;4227692;214123;3;0;359308;0;0;0;0
FR;3;2021-05-15;7233;21055;0;0;21480;0;0;0;0;4234925;235178;3;0;380788;0;0;0;0
FR;3;2021-05-16;977;2640;0;0;2685;0;0;0;0;4235902;237818;3;0;383473;0;0;0;0
FR;3;2021-05-17;7966;20182;0;0;20627;0;0;0;0;4243868;258000;3;0;404100;0;0;0;0
FR;3;2021-05-18;13416;30096;0;0;30855;0;0;0;0;4257284;288096;3;0;434955;0;0;0;0
FR;3;2021-05-19;9274;30632;0;0;31218;0;0;0;0;4266558;318728;3;0;466173;0;0;0;0
FR;3;2021-05-20;12806;53779;3;0;54700;0;0;0;0;4279364;372507;6;0;520873;0;0;0;0
FR;3;2021-05-21;12768;66122;2;0;67044;0;0;0;0;4292132;438629;8;0;587917;0;0;0;0
FR;3;2021-05-22;4965;33724;1;0;34105;0;0;0;0;4297097;472353;9;0;622022;0;0;0;0
FR;3;2021-05-23;651;2671;0;0;2703;0;0;0;0;4297748;475024;9;0;624725;0;0;0;0
FR;3;2021-05-24;884;4792;0;0;4836;0;0;0;0;4298632;479816;9;0;629561;0;0;0;0
FR;3;2021-05-25;5311;46634;1;0;47031;0;0;0;0;4303943;526450;10;0;676592;0;0;0;0
FR;3;2021-05-26;4980;52091;1;0;52561;0;0;0;0;4308923;578541;11;0;729153;0;0;0;0
FR;3;2021-05-27;6336;78955;3;0;79559;0;0;0;0;4315259;657496;14;0;808712;0;0;0;0
FR;3;2021-05-28;7544;100214;2;0;101009;0;0;0;0;4322803;757710;16;0;909721;0;0;0;0
FR;3;2021-05-29;3349;61096;1;0;61475;0;0;0;0;4326152;818806;17;0;971196;0;0;0;0
FR;3;2021-05-30;551;8101;0;0;8150;0;0;0;0;4326703;826907;17;0;979346;0;0;0;0
FR;3;2021-05-31;2441;35525;3;0;35789;0;0;0;0;4329144;862432;20;0;1015135;0;0;0;0
FR;3;2021-06-01;3413;64855;10;0;65300;0;0;0;0;4332557;927287;30;0;1080435;0;0;0;0
FR;3;2021-06-02;2735;58876;6;0;59209;0;0;0;0;4335292;986163;36;0;1139644;0;0;0;0
FR;3;2021-06-03;3495;87211;10;0;87740;0;0;0;0;4338787;1073374;46;0;1227384;0;0;0;0
FR;3;2021-06-04;4119;105795;22;0;106450;0;0;0;0;4342906;1179169;68;0;1333834;0;0;0;0
FR;3;2021-06-05;1983;52567;4;0;52880;0;0;0;0;4344889;1231736;72;0;1386714;0;0;0;0
FR;3;2021-06-06;511;5286;1;0;5333;0;0;0;0;4345400;1237022;73;0;1392047;0;0;0;0
FR;3;2021-06-07;1485;30742;11;0;30922;0;0;0;0;4346885;1267764;84;0;1422969;0;0;0;0
FR;3;2021-06-08;2062;47397;18;0;47741;0;0;0;0;4348947;1315161;102;0;1470710;0;0;0;0
FR;3;2021-06-09;1794;41855;13;0;42159;0;0;0;0;4350741;1357016;115;0;1512869;0;0;0;0
FR;3;2021-06-10;2257;67668;17;0;68063;0;0;0;0;4352998;1424684;132;0;1580932;0;0;0;0
FR;3;2021-06-11;2487;96632;34;0;97104;0;0;0;0;4355485;1521316;166;0;1678036;0;0;0;0
FR;3;2021-06-12;1178;40571;6;0;40802;0;0;0;0;4356663;1561887;172;0;1718838;0;0;0;0
FR;3;2021-06-13;283;3632;3;0;3667;0;0;0;0;4356946;1565519;175;0;1722505;0;0;0;0
FR;3;2021-06-14;1048;42326;17;0;42490;0;0;0;0;4357994;1607845;192;0;1764995;0;0;0;0
FR;3;2021-06-15;1377;80372;20;0;80670;0;0;0;0;4359371;1688217;212;0;1845665;0;0;0;0
FR;3;2021-06-16;1262;65500;20;0;65772;0;0;0;0;4360633;1753717;232;0;1911437;0;0;0;0
FR;3;2021-06-17;1667;102234;41;0;102617;0;0;0;0;4362300;1855951;273;0;2014054;0;0;0;0
FR;3;2021-06-18;1872;118423;63;0;118885;0;0;0;0;4364172;1974374;336;0;2132939;0;0;0;0
FR;3;2021-06-19;803;39457;22;0;39648;0;0;0;0;4364975;2013831;358;0;2172587;0;0;0;0
FR;3;2021-06-20;161;3213;0;0;3241;0;0;0;0;4365136;2017044;358;0;2175828;0;0;0;0
FR;3;2021-06-21;773;39068;16;0;39226;0;0;0;0;4365909;2056112;374;0;2215054;0;0;0;0
FR;3;2021-06-22;1065;70054;52;0;70324;0;0;0;0;4366974;2126166;426;0;2285378;0;0;0;0
FR;3;2021-06-23;945;50829;39;0;51101;0;0;0;0;4367919;2176995;465;0;2336479;0;0;0;0
FR;3;2021-06-24;1310;77289;48;0;77661;0;0;0;0;4369229;2254284;513;0;2414140;0;0;0;0
FR;3;2021-06-25;1410;90753;73;0;91186;0;0;0;0;4370639;2345037;586;0;2505326;0;0;0;0
FR;3;2021-06-26;632;33111;29;0;33301;0;0;0;0;4371271;2378148;615;0;2538627;0;0;0;0
FR;3;2021-06-27;167;3787;1;0;3811;0;0;0;0;4371438;2381935;616;0;2542438;0;0;0;0
FR;3;2021-06-28;655;29987;27;0;30181;0;0;0;0;4372093;2411922;643;0;2572619;0;0;0;0
FR;3;2021-06-29;856;56593;95;0;56835;0;0;0;0;4372949;2468515;738;0;2629454;0;0;0;0
FR;3;2021-06-30;905;45178;93;0;45447;0;0;0;0;4373854;2513693;831;0;2674901;0;0;0;0
FR;3;2021-07-01;1164;66069;108;0;66421;0;0;0;0;4375018;2579762;939;0;2741322;0;0;0;0
FR;3;2021-07-02;1305;90501;170;0;90977;0;0;0;0;4376323;2670263;1109;0;2832299;0;0;0;0
FR;3;2021-07-03;602;31180;51;0;31380;0;0;0;0;4376925;2701443;1160;0;2863679;0;0;0;0
FR;3;2021-07-04;144;3996;3;0;4026;0;0;0;0;4377069;2705439;1163;0;2867705;0;0;0;0
FR;3;2021-07-05;612;33628;60;0;33827;0;0;0;0;4377681;2739067;1223;0;2901532;0;0;0;0
FR;3;2021-07-06;964;55932;88;0;56244;0;0;0;0;4378645;2794999;1311;0;2957776;0;0;0;0
FR;3;2021-07-07;873;42958;80;0;43255;0;0;0;0;4379518;2837957;1391;0;3001031;0;0;0;0
FR;3;2021-07-08;1127;60796;99;0;61205;0;0;0;0;4380645;2898753;1490;0;3062236;0;0;0;0
FR;3;2021-07-09;1261;68932;128;0;69399;0;0;0;0;4381906;2967685;1618;0;3131635;0;0;0;0
FR;3;2021-07-10;643;25028;59;0;25225;0;0;0;0;4382549;2992713;1677;0;3156860;0;0;0;0
FR;3;2021-07-11;132;3183;4;0;3209;0;0;0;0;4382681;2995896;1681;0;3160069;0;0;0;0
FR;3;2021-07-12;662;23644;59;0;23857;0;0;0;0;4383343;3019540;1740;0;3183926;0;0;0;0
FR;3;2021-07-13;1648;34486;90;0;34974;0;0;0;0;4384991;3054026;1830;0;3218900;0;0;0;0
FR;3;2021-07-14;271;2479;2;0;2536;0;0;0;0;4385262;3056505;1832;0;3221436;0;0;0;0
FR;3;2021-07-15;1940;30429;85;0;31005;0;0;0;0;4387202;3086934;1917;0;3252441;0;0;0;0
FR;3;2021-07-16;2520;38666;122;0;39402;0;0;0;0;4389722;3125600;2039;0;3291843;0;0;0;0
FR;3;2021-07-17;1051;13721;26;0;14029;0;0;0;0;4390773;3139321;2065;0;3305872;0;0;0;0
FR;3;2021-07-18;266;2559;3;0;2607;0;0;0;0;4391039;3141880;2068;0;3308479;0;0;0;0
FR;3;2021-07-19;1280;16915;38;0;17283;0;0;0;0;4392319;3158795;2106;0;3325762;0;0;0;0
FR;3;2021-07-20;1823;26942;98;0;27484;0;0;0;0;4394142;3185737;2204;0;3353246;0;0;0;0
FR;3;2021-07-21;1651;19525;44;0;20030;0;0;0;0;4395793;3205262;2248;0;3373276;0;0;0;0
FR;3;2021-07-22;1856;27650;83;0;28216;0;0;0;0;4397649;3232912;2331;0;3401492;0;0;0;0
FR;3;2021-07-23;2216;30237;117;0;30976;0;0;0;0;4399865;3263149;2448;0;3432468;0;0;0;0
FR;3;2021-07-24;826;6939;25;0;7162;0;0;0;0;4400691;3270088;2473;0;3439630;0;0;0;0
FR;3;2021-07-25;210;1297;1;0;1352;0;0;0;0;4400901;3271385;2474;0;3440982;0;0;0;0
FR;3;2021-07-26;932;10531;28;0;10838;0;0;0;0;4401833;3281916;2502;0;3451820;0;0;0;0
FR;3;2021-07-27;1169;16815;56;0;17181;0;0;0;0;4403002;3298731;2558;0;3469001;0;0;0;0
FR;3;2021-07-28;989;12006;40;0;12318;0;0;0;0;4403991;3310737;2598;0;3481319;0;0;0;0
FR;3;2021-07-29;1127;15701;63;0;16114;0;0;0;0;4405118;3326438;2661;0;3497433;0;0;0;0
FR;3;2021-07-30;1128;18007;79;0;18383;0;0;0;0;4406246;3344445;2740;0;3515816;0;0;0;0
FR;3;2021-07-31;406;3714;15;0;3838;0;0;0;0;4406652;3348159;2755;0;3519654;0;0;0;0
FR;3;2021-08-01;117;452;1;0;474;0;0;0;0;4406769;3348611;2756;0;3520128;0;0;0;0
FR;3;2021-08-02;421;5037;22;0;5158;0;0;0;0;4407190;3353648;2778;0;3525286;0;0;0;0
FR;3;2021-08-03;498;7484;27;0;7619;0;0;0;0;4407688;3361132;2805;0;3532905;0;0;0;0
FR;3;2021-08-04;439;4834;26;0;4979;0;0;0;0;4408127;3365966;2831;0;3537884;0;0;0;0
FR;3;2021-08-05;433;3658;13;0;3769;0;0;0;0;4408560;3369624;2844;0;3541653;0;0;0;0
FR;3;2021-08-06;456;4705;30;0;4807;0;0;0;0;4409016;3374329;2874;0;3546460;0;0;0;0
FR;3;2021-08-07;214;1901;11;0;1947;0;0;0;0;4409230;3376230;2885;0;3548407;0;0;0;0
FR;3;2021-08-08;250;423;2;0;456;0;0;0;0;4409480;3376653;2887;0;3548863;0;0;0;0
FR;3;2021-08-09;318;2386;11;0;2457;0;0;0;0;4409798;3379039;2898;0;3551320;0;0;0;0
FR;3;2021-08-10;368;3755;15;0;3844;0;0;0;0;4410166;3382794;2913;0;3555164;0;0;0;0
FR;3;2021-08-11;291;2651;15;0;2711;0;0;0;0;4410457;3385445;2928;0;3557875;0;0;0;0
FR;3;2021-08-12;279;2571;13;0;2659;0;0;0;0;4410736;3388016;2941;0;3560534;0;0;0;0
FR;3;2021-08-13;278;2259;16;0;2344;0;0;0;0;4411014;3390275;2957;0;3562878;0;0;0;0
FR;3;2021-08-14;172;882;1;0;913;0;0;0;0;4411186;3391157;2958;0;3563791;0;0;0;0
FR;3;2021-08-15;56;174;0;0;183;0;0;0;0;4411242;3391331;2958;0;3563974;0;0;0;0
FR;3;2021-08-16;125;1019;8;0;1058;0;0;0;0;4411367;3392350;2966;0;3565032;0;0;0;0
FR;3;2021-08-17;191;1434;8;0;1475;0;0;0;0;4411558;3393784;2974;0;3566507;0;0;0;0
FR;3;2021-08-18;204;1311;10;0;1353;0;0;0;0;4411762;3395095;2984;0;3567860;0;0;0;0
FR;3;2021-08-19;165;1375;10;0;1423;0;0;0;0;4411927;3396470;2994;0;3569283;0;0;0;0
FR;3;2021-08-20;167;1598;16;0;1660;0;0;0;0;4412094;3398068;3010;0;3570943;0;0;0;0
FR;3;2021-08-21;93;582;2;0;597;0;0;0;0;4412187;3398650;3012;0;3571540;0;0;0;0
FR;3;2021-08-22;42;191;1;0;194;0;0;0;0;4412229;3398841;3013;0;3571734;0;0;0;0
FR;3;2021-08-23;141;882;7;0;927;0;0;0;0;4412370;3399723;3020;0;3572661;0;0;0;0
FR;3;2021-08-24;125;927;10;0;959;0;0;0;0;4412495;3400650;3030;0;3573620;0;0;0;0
FR;3;2021-08-25;137;820;3;0;849;0;0;0;0;4412632;3401470;3033;0;3574469;0;0;0;0
FR;3;2021-08-26;172;831;9;0;879;0;0;0;0;4412804;3402301;3042;0;3575348;0;0;0;0
FR;3;2021-08-27;178;938;9;0;991;0;0;0;0;4412982;3403239;3051;0;3576339;0;0;0;0
FR;3;2021-08-28;101;373;4;0;390;0;0;0;0;4413083;3403612;3055;0;3576729;0;0;0;0
FR;3;2021-08-29;128;128;1;0;161;0;0;0;0;4413211;3403740;3056;0;3576890;0;0;0;0
FR;3;2021-08-30;100;567;0;0;472;112;0;0;0;4413311;3404307;3056;0;3577362;112;0;0;0
FR;3;2021-08-31;134;688;7;0;592;135;0;0;0;4413445;3404995;3063;0;3577954;247;0;0;0
FR;3;2021-09-01;122;461;5;0;381;109;0;0;0;4413567;3405456;3068;0;3578335;356;0;0;0
FR;3;2021-09-02;100;597;22;0;534;104;0;0;0;4413667;3406053;3090;0;3578869;460;0;0;0
FR;3;2021-09-03;116;558;17;0;481;118;0;0;0;4413783;3406611;3107;0;3579350;578;0;0;0
FR;3;2021-09-04;55;292;3;0;253;50;0;0;0;4413838;3406903;3110;0;3579603;628;0;0;0
FR;3;2021-09-05;52;67;5;0;56;26;0;0;0;4413890;3406970;3115;0;3579659;654;0;0;0
FR;3;2021-09-06;118;370;4;0;262;132;0;0;0;4414008;3407340;3119;0;3579921;786;0;0;0
FR;3;2021-09-07;124;438;14;0;353;117;0;0;0;4414132;3407778;3133;0;3580274;903;0;0;0
FR;3;2021-09-08;121;341;2;0;270;88;0;0;0;4414253;3408119;3135;0;3580544;991;0;0;0
FR;3;2021-09-09;94;380;8;0;300;103;0;0;0;4414347;3408499;3143;0;3580844;1094;0;0;0
FR;3;2021-09-10;101;399;3;0;329;93;0;0;0;4414448;3408898;3146;0;3581173;1187;0;0;0
FR;3;2021-09-11;78;232;4;0;177;65;0;0;0;4414526;3409130;3150;0;3581350;1252;0;0;0
FR;3;2021-09-12;37;48;1;0;37;16;0;0;0;4414563;3409178;3151;0;3581387;1268;0;0;0
FR;3;2021-09-13;77;301;7;0;217;103;1;0;0;4414640;3409479;3158;0;3581604;1371;1;0;0
FR;3;2021-09-14;75;273;6;0;193;94;0;0;0;4414715;3409752;3164;0;3581797;1465;1;0;0
FR;3;2021-09-15;63;254;3;0;259;6;0;0;0;4414778;3410006;3167;0;3582056;1471;1;0;0
FR;3;2021-09-16;65;321;6;0;332;6;0;0;0;4414843;3410327;3173;0;3582388;1477;1;0;0
FR;3;2021-09-17;52;327;3;0;339;6;0;0;0;4414895;3410654;3176;0;3582727;1483;1;0;0
FR;3;2021-09-18;37;172;1;0;176;1;0;0;0;4414932;3410826;3177;0;3582903;1484;1;0;0
FR;3;2021-09-19;29;31;2;0;34;1;0;0;0;4414961;3410857;3179;0;3582937;1485;1;0;0
FR;3;2021-09-20;81;192;0;0;200;1;0;0;0;4415042;3411049;3179;0;3583137;1486;1;0;0
FR;3;2021-09-21;60;270;7;0;274;8;0;0;0;4415102;3411319;3186;0;3583411;1494;1;0;0
FR;3;2021-09-22;66;230;6;0;243;7;0;0;0;4415168;3411549;3192;0;3583654;1501;1;0;0
FR;3;2021-09-23;37;258;11;0;262;7;0;0;0;4415205;3411807;3203;0;3583916;1508;1;0;0
FR;3;2021-09-24;28;320;12;0;318;18;0;0;0;4415233;3412127;3215;0;3584234;1526;1;0;0
FR;3;2021-09-25;31;144;3;0;150;3;0;0;0;4415264;3412271;3218;0;3584384;1529;1;0;0
FR;3;2021-09-26;16;57;1;0;59;1;0;0;0;4415280;3412328;3219;0;3584443;1530;1;0;0
FR;3;2021-09-27;48;286;3;0;289;5;0;0;0;4415328;3412614;3222;0;3584732;1535;1;0;0
FR;3;2021-09-28;49;245;6;0;253;8;0;0;0;4415377;3412859;3228;0;3584985;1543;1;0;0
FR;3;2021-09-29;39;219;10;0;223;15;0;0;0;4415416;3413078;3238;0;3585208;1558;1;0;0
FR;3;2021-09-30;40;203;8;0;207;11;0;0;0;4415456;3413281;3246;0;3585415;1569;1;0;0
FR;3;2021-10-01;23;159;6;0;161;8;0;0;0;4415479;3413440;3252;0;3585576;1577;1;0;0
FR;3;2021-10-02;17;84;0;0;85;0;0;0;0;4415496;3413524;3252;0;3585661;1577;1;0;0
FR;3;2021-10-03;19;19;1;0;19;2;0;0;0;4415515;3413543;3253;0;3585680;1579;1;0;0
FR;3;2021-10-04;33;158;4;0;163;4;0;0;0;4415548;3413701;3257;0;3585843;1583;1;0;0
FR;3;2021-10-05;17;148;10;0;153;12;0;0;0;4415565;3413849;3267;0;3585996;1595;1;0;0
FR;3;2021-10-06;33;143;9;0;151;10;0;0;0;4415598;3413992;3276;0;3586147;1605;1;0;0
FR;3;2021-10-07;20;133;6;0;131;6;0;0;0;4415618;3414125;3282;0;3586278;1611;1;0;0
FR;3;2021-10-08;25;137;10;0;142;9;0;0;0;4415643;3414262;3292;0;3586420;1620;1;0;0
FR;3;2021-10-09;17;71;1;0;72;1;0;0;0;4415660;3414333;3293;0;3586492;1621;1;0;0
FR;3;2021-10-10;13;17;2;0;16;3;0;0;0;4415673;3414350;3295;0;3586508;1624;1;0;0
FR;3;2021-10-11;17;115;4;0;120;5;0;0;0;4415690;3414465;3299;0;3586628;1629;1;0;0
FR;3;2021-10-12;22;100;5;0;100;5;0;0;0;4415712;3414565;3304;0;3586728;1634;1;0;0
FR;3;2021-10-13;25;114;9;0;121;7;0;0;0;4415737;3414679;3313;0;3586849;1641;1;0;0
FR;3;2021-10-14;19;141;3;0;142;4;0;0;0;4415756;3414820;3316;0;3586991;1645;1;0;0
FR;3;2021-10-15;23;139;8;0;139;12;0;0;0;4415779;3414959;3324;0;3587130;1657;1;0;0
FR;3;2021-10-16;13;67;6;0;66;8;0;0;0;4415792;3415026;3330;0;3587196;1665;1;0;0
FR;3;2021-10-17;12;24;0;0;26;0;0;0;0;4415804;3415050;3330;0;3587222;1665;1;0;0
FR;3;2021-10-18;18;113;2;0;118;2;0;0;0;4415822;3415163;3332;0;3587340;1667;1;0;0
FR;3;2021-10-19;18;113;19;0;114;21;0;0;0;4415840;3415276;3351;0;3587454;1688;1;0;0
FR;3;2021-10-20;26;127;6;0;129;7;0;0;0;4415866;3415403;3357;0;3587583;1695;1;0;0
FR;3;2021-10-21;28;122;17;0;122;13;0;0;0;4415894;3415525;3374;0;3587705;1708;1;0;0
FR;3;2021-10-22;24;107;18;0;106;21;0;0;0;4415918;3415632;3392;0;3587811;1729;1;0;0
FR;3;2021-10-23;17;53;3;0;53;2;0;0;0;4415935;3415685;3395;0;3587864;1731;1;0;0
FR;3;2021-10-24;7;36;0;0;34;0;0;0;0;4415942;3415721;3395;0;3587898;1731;1;0;0
FR;3;2021-10-25;26;141;7;0;145;7;0;0;0;4415968;3415862;3402;0;3588043;1738;1;0;0
FR;3;2021-10-26;25;96;22;0;93;19;0;0;0;4415993;3415958;3424;0;3588136;1757;1;0;0
FR;3;2021-10-27;19;94;9;0;96;9;0;0;0;4416012;3416052;3433;0;3588232;1766;1;0;0
FR;3;2021-10-28;23;114;33;0;111;36;0;0;0;4416035;3416166;3466;0;3588343;1802;1;0;0
FR;3;2021-10-29;12;100;64;0;94;54;0;0;0;4416047;3416266;3530;0;3588437;1856;1;0;0
FR;3;2021-10-30;11;62;11;1;62;10;0;0;0;4416058;3416328;3541;1;3588499;1866;1;0;0
FR;3;2021-10-31;8;25;1;0;25;1;0;0;0;4416066;3416353;3542;1;3588524;1867;1;0;0
FR;3;2021-11-01;11;22;2;0;23;1;0;0;0;4416077;3416375;3544;1;3588547;1868;1;0;0
FR;3;2021-11-02;11;101;10;0;101;12;0;0;0;4416088;3416476;3554;1;3588648;1880;1;0;0
FR;3;2021-11-03;20;107;10;0;115;10;0;0;0;4416108;3416583;3564;1;3588763;1890;1;0;0
FR;3;2021-11-04;20;89;5;0;94;4;0;0;0;4416128;3416672;3569;1;3588857;1894;1;0;0
FR;3;2021-11-05;19;120;9;1;126;6;1;0;0;4416147;3416792;3578;2;3588983;1900;2;0;0
FR;3;2021-11-06;11;55;3;0;57;3;0;0;0;4416158;3416847;3581;2;3589040;1903;2;0;0
FR;3;2021-11-07;6;23;1;0;24;1;0;0;0;4416164;3416870;3582;2;3589064;1904;2;0;0
FR;3;2021-11-08;11;128;7;0;133;5;0;0;0;4416175;3416998;3589;2;3589197;1909;2;0;0
FR;3;2021-11-09;15;123;6;0;125;6;0;0;0;4416190;3417121;3595;2;3589322;1915;2;0;0
FR;3;2021-11-10;14;139;14;0;137;15;0;0;0;4416204;3417260;3609;2;3589459;1930;2;0;0
FR;3;2021-11-11;11;50;3;0;52;3;0;0;0;4416215;3417310;3612;2;3589511;1933;2;0;0
FR;3;2021-11-12;15;127;6;0;130;4;0;0;0;4416230;3417437;3618;2;3589641;1937;2;0;0
FR;3;2021-11-13;7;67;9;0;62;10;0;0;0;4416237;3417504;3627;2;3589703;1947;2;0;0
FR;3;2021-11-14;3;24;1;0;24;1;0;0;0;4416240;3417528;3628;2;3589727;1948;2;0;0
FR;3;2021-11-15;5;162;10;0;159;11;0;0;0;4416245;3417690;3638;2;3589886;1959;2;0;0
FR;3;2021-11-16;9;126;11;0;121;10;0;0;0;4416254;3417816;3649;2;3590007;1969;2;0;0
FR;3;2021-11-17;8;134;11;0;135;8;0;0;0;4416262;3417950;3660;2;3590142;1977;2;0;0
FR;3;2021-11-18;16;135;10;0;136;11;0;0;0;4416278;3418085;3670;2;3590278;1988;2;0;0
FR;3;2021-11-19;12;184;23;0;178;28;0;0;0;4416290;3418269;3693;2;3590456;2016;2;0;0
FR;3;2021-11-20;6;100;6;0;101;6;0;0;0;4416296;3418369;3699;2;3590557;2022;2;0;0
FR;3;2021-11-21;3;25;4;0;24;4;0;0;0;4416299;3418394;3703;2;3590581;2026;2;0;0
FR;3;2021-11-22;11;191;11;0;190;11;0;0;0;4416310;3418585;3714;2;3590771;2037;2;0;0
FR;3;2021-11-23;9;185;15;0;183;14;0;0;0;4416319;3418770;3729;2;3590954;2051;2;0;0
FR;3;2021-11-24;10;191;9;0;183;17;0;0;0;4416329;3418961;3738;2;3591137;2068;2;0;0
FR;3;2021-11-25;12;207;11;0;203;11;0;0;0;4416341;3419168;3749;2;3591340;2079;2;0;0
FR;3;2021-11-26;10;260;35;0;259;33;1;0;0;4416351;3419428;3784;2;3591599;2112;3;0;0
FR;3;2021-11-27;8;128;20;0;127;21;0;0;0;4416359;3419556;3804;2;3591726;2133;3;0;0
FR;3;2021-11-28;3;59;7;0;60;7;0;0;0;4416362;3419615;3811;2;3591786;2140;3;0;0
FR;3;2021-11-29;5;223;22;0;218;23;1;0;0;4416367;3419838;3833;2;3592004;2163;4;0;0
FR;3;2021-11-30;7;304;29;0;303;32;0;0;0;4416374;3420142;3862;2;3592307;2195;4;0;0
FR;3;2021-12-01;30;328;38;0;325;40;2;0;0;4416404;3420470;3900;2;3592632;2235;6;0;0
FR;3;2021-12-02;9;355;33;0;351;36;0;0;0;4416413;3420825;3933;2;3592983;2271;6;0;0
FR;3;2021-12-03;6;381;37;0;375;38;0;0;0;4416419;3421206;3970;2;3593358;2309;6;0;0
FR;3;2021-12-04;3;214;26;0;210;28;0;0;0;4416422;3421420;3996;2;3593568;2337;6;0;0
FR;3;2021-12-05;1;61;5;0;61;5;0;0;0;4416423;3421481;4001;2;3593629;2342;6;0;0
FR;3;2021-12-06;7;375;14;0;374;15;0;0;0;4416430;3421856;4015;2;3594003;2357;6;0;0
FR;3;2021-12-07;6;429;20;0;423;24;1;0;0;4416436;3422285;4035;2;3594426;2381;7;0;0
FR;3;2021-12-08;8;390;29;0;382;30;1;0;0;4416444;3422675;4064;2;3594808;2411;8;0;0
FR;3;2021-12-09;3;447;17;0;433;22;1;0;0;4416447;3423122;4081;2;3595241;2433;9;0;0
FR;3;2021-12-10;11;465;29;0;462;25;0;0;0;4416458;3423587;4110;2;3595703;2458;9;0;0
FR;3;2021-12-11;4;307;10;0;304;9;2;0;0;4416462;3423894;4120;2;3596007;2467;11;0;0
FR;3;2021-12-12;1;99;3;0;99;3;0;0;0;4416463;3423993;4123;2;3596106;2470;11;0;0
FR;3;2021-12-13;2;449;19;0;443;21;0;0;0;4416465;3424442;4142;2;3596549;2491;11;0;0
FR;3;2021-12-14;8;568;18;0;556;21;1;0;0;4416473;3425010;4160;2;3597105;2512;12;0;0
FR;3;2021-12-15;9;545;17;0;532;21;0;0;0;4416482;3425555;4177;2;3597637;2533;12;0;0
FR;3;2021-12-16;10;560;19;0;554;18;3;0;0;4416492;3426115;4196;2;3598191;2551;15;0;0
FR;3;2021-12-17;5;625;18;0;621;19;0;0;0;4416497;3426740;4214;2;3598812;2570;15;0;0
FR;3;2021-12-18;5;356;4;0;350;5;1;0;0;4416502;3427096;4218;2;3599162;2575;16;0;0
FR;3;2021-12-19;3;187;2;0;184;2;0;0;0;4416505;3427283;4220;2;3599346;2577;16;0;0
FR;3;2021-12-20;9;597;23;0;591;28;0;0;0;4416514;3427880;4243;2;3599937;2605;16;0;0
FR;3;2021-12-21;5;682;10;0;674;13;2;0;0;4416519;3428562;4253;2;3600611;2618;18;0;0
FR;3;2021-12-22;10;635;9;0;629;10;1;0;0;4416529;3429197;4262;2;3601240;2628;19;0;0
FR;3;2021-12-23;3;564;8;0;562;8;0;0;0;4416532;3429761;4270;2;3601802;2636;19;0;0
FR;3;2021-12-24;2;239;3;0;234;6;0;0;0;4416534;3430000;4273;2;3602036;2642;19;0;0
FR;3;2021-12-25;0;24;0;0;24;0;0;0;0;4416534;3430024;4273;2;3602060;2642;19;0;0
FR;3;2021-12-26;0;90;1;0;90;1;0;0;0;4416534;3430114;4274;2;3602150;2643;19;0;0
FR;3;2021-12-27;7;474;17;0;471;20;1;0;0;4416541;3430588;4291;2;3602621;2663;20;0;0
FR;3;2021-12-28;3;594;6;0;593;5;0;0;0;4416544;3431182;4297;2;3603214;2668;20;0;0
FR;3;2021-12-29;5;510;14;0;504;16;0;0;0;4416549;3431692;4311;2;3603718;2684;20;0;0
FR;3;2021-12-30;3;530;7;0;523;10;2;0;0;4416552;3432222;4318;2;3604241;2694;22;0;0
FR;3;2021-12-31;0;185;5;0;181;7;0;0;0;4416552;3432407;4323;2;3604422;2701;22;0;0
FR;3;2022-01-01;0;26;0;0;24;2;0;0;0;4416552;3432433;4323;2;3604446;2703;22;0;0
FR;3;2022-01-02;0;78;0;0;78;0;0;0;0;4416552;3432511;4323;2;3604524;2703;22;0;0
FR;3;2022-01-03;4;509;17;0;498;21;3;0;0;4416556;3433020;4340;2;3605022;2724;25;0;0
FR;3;2022-01-04;6;549;9;0;548;8;0;0;0;4416562;3433569;4349;2;3605570;2732;25;0;0
FR;3;2022-01-05;5;504;10;0;496;14;1;0;0;4416567;3434073;4359;2;3606066;2746;26;0;0
FR;3;2022-01-06;6;475;9;0;470;10;1;0;0;4416573;3434548;4368;2;3606536;2756;27;0;0
FR;3;2022-01-07;2;501;11;0;495;13;1;0;1;4416575;3435049;4379;2;3607031;2769;28;0;1
FR;3;2022-01-08;5;255;4;0;252;5;0;0;0;4416580;3435304;4383;2;3607283;2774;28;0;1
FR;3;2022-01-09;0;117;0;0;117;0;0;0;0;4416580;3435421;4383;2;3607400;2774;28;0;1
FR;3;2022-01-10;2;438;12;0;436;12;0;0;0;4416582;3435859;4395;2;3607836;2786;28;0;1
FR;3;2022-01-11;3;466;1;0;465;1;0;0;0;4416585;3436325;4396;2;3608301;2787;28;0;1
FR;3;2022-01-12;4;402;9;0;399;10;2;0;0;4416589;3436727;4405;2;3608700;2797;30;0;1
FR;3;2022-01-13;3;393;11;0;391;12;1;0;0;4416592;3437120;4416;2;3609091;2809;31;0;1
FR;3;2022-01-14;4;427;10;0;421;13;1;0;0;4416596;3437547;4426;2;3609512;2822;32;0;1
FR;3;2022-01-15;0;283;2;0;279;3;0;0;0;4416596;3437830;4428;2;3609791;2825;32;0;1
FR;3;2022-01-16;1;108;1;0;106;1;1;0;0;4416597;3437938;4429;2;3609897;2826;33;0;1
FR;3;2022-01-17;2;327;8;0;324;9;1;0;0;4416599;3438265;4437;2;3610221;2835;34;0;1
FR;3;2022-01-18;2;367;1;0;363;2;1;0;0;4416601;3438632;4438;2;3610584;2837;35;0;1
FR;3;2022-01-19;2;326;5;0;320;10;0;0;0;4416603;3438958;4443;2;3610904;2847;35;0;1
FR;3;2022-01-20;1;353;5;0;352;3;2;0;0;4416604;3439311;4448;2;3611256;2850;37;0;1
FR;3;2022-01-21;4;347;5;0;341;7;2;0;0;4416608;3439658;4453;2;3611597;2857;39;0;1
FR;3;2022-01-22;2;224;1;0;220;2;3;0;0;4416610;3439882;4454;2;3611817;2859;42;0;1
FR;3;2022-01-23;0;78;0;0;76;1;1;0;0;4416610;3439960;4454;2;3611893;2860;43;0;1
FR;3;2022-01-24;2;325;1;0;316;7;2;0;0;4416612;3440285;4455;2;3612209;2867;45;0;1
FR;3;2022-01-25;0;176;0;0;173;0;1;0;0;4416612;3440461;4455;2;3612382;2867;46;0;1
FR;3;2022-01-26;0;77;0;0;77;0;0;0;0;4416612;3440538;4455;2;3612459;2867;46;0;1
FR;3;2022-01-27;0;53;0;0;53;0;0;0;0;4416612;3440591;4455;2;3612512;2867;46;0;1
FR;3;2022-01-28;0;116;0;0;115;0;0;0;0;4416612;3440707;4455;2;3612627;2867;46;0;1
FR;3;2022-01-29;0;98;0;0;98;0;0;0;0;4416612;3440805;4455;2;3612725;2867;46;0;1
FR;3;2022-01-30;0;50;0;0;50;0;0;0;0;4416612;3440855;4455;2;3612775;2867;46;0;1
FR;3;2022-01-31;0;91;0;0;91;0;0;0;0;4416612;3440946;4455;2;3612866;2867;46;0;1
FR;3;2022-02-01;0;98;0;0;96;1;0;0;0;4416612;3441044;4455;2;3612962;2868;46;0;1
FR;3;2022-02-02;0;85;0;0;83;0;0;0;0;4416612;3441129;4455;2;3613045;2868;46;0;1
FR;3;2022-02-03;0;94;0;0;92;0;0;0;0;4416612;3441223;4455;2;3613137;2868;46;0;1
FR;3;2022-02-04;0;114;0;0;111;0;1;0;0;4416612;3441337;4455;2;3613248;2868;47;0;1
FR;3;2022-02-05;0;71;0;0;71;0;0;0;0;4416612;3441408;4455;2;3613319;2868;47;0;1
FR;3;2022-02-06;0;10;0;0;10;0;0;0;0;4416612;3441418;4455;2;3613329;2868;47;0;1
FR;3;2022-02-07;0;76;0;0;76;0;0;0;0;4416612;3441494;4455;2;3613405;2868;47;0;1
FR;3;2022-02-08;0;0;0;0;0;0;0;0;0;4416612;3441494;4455;2;3613405;2868;47;0;1
FR;3;2022-02-09;0;0;0;0;0;0;0;0;0;4416612;3441494;4455;2;3613405;2868;47;0;1
FR;3;2022-02-10;0;0;0;0;0;0;0;0;0;4416612;3441494;4455;2;3613405;2868;47;0;1
FR;3;2022-02-11;0;0;0;0;0;0;0;0;0;4416612;3441494;4455;2;3613405;2868;47;0;1
FR;3;2022-02-12;0;0;0;0;0;0;0;0;0;4416612;3441494;4455;2;3613405;2868;47;0;1
FR;3;2022-02-13;0;0;0;0;0;0;0;0;0;4416612;3441494;4455;2;3613405;2868;47;0;1
FR;3;2022-02-14;0;0;0;0;0;0;0;0;0;4416612;3441494;4455;2;3613405;2868;47;0;1
FR;3;2022-02-15;0;0;0;0;0;0;0;0;0;4416612;3441494;4455;2;3613405;2868;47;0;1
FR;3;2022-02-16;0;0;0;0;0;0;0;0;0;4416612;3441494;4455;2;3613405;2868;47;0;1
FR;3;2022-02-17;0;0;0;0;0;0;0;0;0;4416612;3441494;4455;2;3613405;2868;47;0;1
FR;3;2022-02-18;0;0;0;0;0;0;0;0;0;4416612;3441494;4455;2;3613405;2868;47;0;1
FR;3;2022-02-19;0;0;0;0;0;0;0;0;0;4416612;3441494;4455;2;3613405;2868;47;0;1
FR;3;2022-02-20;0;0;0;0;0;0;0;0;0;4416612;3441494;4455;2;3613405;2868;47;0;1
FR;3;2022-02-21;2;0;0;0;0;0;0;0;0;4416614;3441494;4455;2;3613405;2868;47;0;1
FR;3;2022-02-22;0;0;0;0;0;0;0;0;0;4416614;3441494;4455;2;3613405;2868;47;0;1
FR;3;2022-02-23;0;0;0;0;0;0;0;0;0;4416614;3441494;4455;2;3613405;2868;47;0;1
FR;3;2022-02-24;0;0;0;0;0;0;0;0;0;4416614;3441494;4455;2;3613405;2868;47;0;1
FR;3;2022-02-25;0;0;0;0;0;0;0;0;0;4416614;3441494;4455;2;3613405;2868;47;0;1
FR;3;2022-02-26;0;0;0;0;0;0;0;0;0;4416614;3441494;4455;2;3613405;2868;47;0;1
FR;3;2022-02-27;0;0;0;0;0;0;0;0;0;4416614;3441494;4455;2;3613405;2868;47;0;1
FR;3;2022-02-28;1;0;0;0;0;0;0;0;0;4416615;3441494;4455;2;3613405;2868;47;0;1
FR;3;2022-03-01;1;0;0;0;0;0;0;0;0;4416616;3441494;4455;2;3613405;2868;47;0;1
FR;3;2022-03-02;0;0;0;0;0;0;0;0;0;4416616;3441494;4455;2;3613405;2868;47;0;1
FR;3;2022-03-03;0;0;0;0;0;0;0;0;0;4416616;3441494;4455;2;3613405;2868;47;0;1
FR;3;2022-03-04;0;0;0;0;0;0;0;0;0;4416616;3441494;4455;2;3613405;2868;47;0;1
FR;3;2022-03-05;0;0;0;0;0;0;0;0;0;4416616;3441494;4455;2;3613405;2868;47;0;1
FR;3;2022-03-06;1;0;0;0;0;0;0;0;0;4416617;3441494;4455;2;3613405;2868;47;0;1
FR;3;2022-03-07;0;0;0;0;0;0;0;0;0;4416617;3441494;4455;2;3613405;2868;47;0;1
FR;3;2022-03-08;1;0;0;0;0;0;0;0;0;4416618;3441494;4455;2;3613405;2868;47;0;1
FR;3;2022-03-09;0;0;0;0;0;0;0;0;0;4416618;3441494;4455;2;3613405;2868;47;0;1
FR;3;2022-03-10;0;0;0;0;0;0;0;0;0;4416618;3441494;4455;2;3613405;2868;47;0;1
FR;3;2022-03-11;0;0;0;0;0;0;0;0;0;4416618;3441494;4455;2;3613405;2868;47;0;1
FR;3;2022-03-12;0;0;0;0;0;0;0;0;0;4416618;3441494;4455;2;3613405;2868;47;0;1
FR;3;2022-03-13;0;0;0;0;0;0;0;0;0;4416618;3441494;4455;2;3613405;2868;47;0;1
FR;3;2022-03-14;0;0;0;0;0;0;0;0;0;4416618;3441494;4455;2;3613405;2868;47;0;1
FR;3;2022-03-15;0;0;0;0;0;0;0;0;0;4416618;3441494;4455;2;3613405;2868;47;0;1
FR;3;2022-03-16;0;0;0;0;0;0;0;0;0;4416618;3441494;4455;2;3613405;2868;47;0;1
FR;3;2022-03-17;0;0;0;0;0;0;0;0;0;4416618;3441494;4455;2;3613405;2868;47;0;1
FR;3;2022-03-18;0;0;0;0;0;0;0;0;0;4416618;3441494;4455;2;3613405;2868;47;0;1
FR;3;2022-03-19;0;0;0;0;0;0;0;0;0;4416618;3441494;4455;2;3613405;2868;47;0;1
FR;3;2022-03-20;1;0;0;0;0;0;0;0;0;4416619;3441494;4455;2;3613405;2868;47;0;1
FR;3;2022-03-21;0;0;0;0;0;0;0;0;0;4416619;3441494;4455;2;3613405;2868;47;0;1
FR;3;2022-03-22;0;0;0;0;0;0;0;0;0;4416619;3441494;4455;2;3613405;2868;47;0;1
FR;3;2022-03-23;1;0;0;0;0;0;0;0;0;4416620;3441494;4455;2;3613405;2868;47;0;1
FR;3;2022-03-24;0;0;0;0;0;0;0;0;0;4416620;3441494;4455;2;3613405;2868;47;0;1
FR;3;2022-03-25;1;0;0;0;0;0;0;0;0;4416621;3441494;4455;2;3613405;2868;47;0;1
FR;3;2022-03-26;0;0;0;0;0;0;0;0;0;4416621;3441494;4455;2;3613405;2868;47;0;1
FR;3;2022-03-27;0;0;0;0;0;0;0;0;0;4416621;3441494;4455;2;3613405;2868;47;0;1
FR;3;2022-03-28;0;0;0;0;0;0;0;0;0;4416621;3441494;4455;2;3613405;2868;47;0;1
FR;3;2022-03-29;0;0;0;0;0;0;0;0;0;4416621;3441494;4455;2;3613405;2868;47;0;1
FR;3;2022-03-30;0;0;0;0;0;0;0;0;0;4416621;3441494;4455;2;3613405;2868;47;0;1
FR;3;2022-03-31;0;0;0;0;0;0;0;0;0;4416621;3441494;4455;2;3613405;2868;47;0;1
FR;3;2022-04-01;0;0;0;0;0;0;0;0;0;4416621;3441494;4455;2;3613405;2868;47;0;1
FR;3;2022-04-02;0;0;0;0;0;0;0;0;0;4416621;3441494;4455;2;3613405;2868;47;0;1
FR;3;2022-04-03;0;0;0;0;0;0;0;0;0;4416621;3441494;4455;2;3613405;2868;47;0;1
FR;3;2022-04-04;0;0;0;0;0;0;0;0;0;4416621;3441494;4455;2;3613405;2868;47;0;1
FR;3;2022-04-05;0;0;0;0;0;0;0;0;0;4416621;3441494;4455;2;3613405;2868;47;0;1
FR;3;2022-04-06;0;0;0;0;0;0;0;0;0;4416621;3441494;4455;2;3613405;2868;47;0;1
FR;3;2022-04-07;0;0;0;0;0;0;0;0;0;4416621;3441494;4455;2;3613405;2868;47;0;1
FR;3;2022-04-08;0;0;0;0;0;0;0;0;0;4416621;3441494;4455;2;3613405;2868;47;0;1
FR;3;2022-04-09;0;0;0;0;0;0;0;0;0;4416621;3441494;4455;2;3613405;2868;47;0;1
FR;3;2022-04-10;0;0;0;0;0;0;0;0;0;4416621;3441494;4455;2;3613405;2868;47;0;1
FR;3;2022-04-11;0;0;0;0;0;0;0;0;0;4416621;3441494;4455;2;3613405;2868;47;0;1
FR;3;2022-04-12;0;0;0;0;0;0;0;0;0;4416621;3441494;4455;2;3613405;2868;47;0;1
FR;3;2022-04-13;0;0;0;0;0;0;0;0;0;4416621;3441494;4455;2;3613405;2868;47;0;1
FR;3;2022-04-14;0;0;0;0;0;0;0;0;0;4416621;3441494;4455;2;3613405;2868;47;0;1
FR;3;2022-04-15;1;0;0;0;0;0;0;0;0;4416622;3441494;4455;2;3613405;2868;47;0;1
FR;3;2022-04-16;0;0;0;0;0;0;0;0;0;4416622;3441494;4455;2;3613405;2868;47;0;1
FR;3;2022-04-17;0;0;0;0;0;0;0;0;0;4416622;3441494;4455;2;3613405;2868;47;0;1
FR;3;2022-04-18;0;0;0;0;0;0;0;0;0;4416622;3441494;4455;2;3613405;2868;47;0;1
FR;3;2022-04-19;0;0;0;0;0;0;0;0;0;4416622;3441494;4455;2;3613405;2868;47;0;1
FR;3;2022-04-20;0;0;0;0;0;0;0;0;0;4416622;3441494;4455;2;3613405;2868;47;0;1
FR;3;2022-04-21;0;0;0;0;0;0;0;0;0;4416622;3441494;4455;2;3613405;2868;47;0;1
FR;3;2022-04-22;0;0;0;0;0;0;0;0;0;4416622;3441494;4455;2;3613405;2868;47;0;1
FR;3;2022-04-23;0;0;0;0;0;0;0;0;0;4416622;3441494;4455;2;3613405;2868;47;0;1
FR;3;2022-04-24;0;0;0;0;0;0;0;0;0;4416622;3441494;4455;2;3613405;2868;47;0;1
FR;3;2022-04-25;0;0;0;0;0;0;0;0;0;4416622;3441494;4455;2;3613405;2868;47;0;1
FR;3;2022-04-26;0;0;0;0;0;0;0;0;0;4416622;3441494;4455;2;3613405;2868;47;0;1
FR;3;2022-04-27;0;0;0;0;0;0;0;0;0;4416622;3441494;4455;2;3613405;2868;47;0;1
FR;3;2022-04-28;0;0;0;0;0;0;0;0;0;4416622;3441494;4455;2;3613405;2868;47;0;1
FR;3;2022-04-29;0;0;0;0;0;0;0;0;0;4416622;3441494;4455;2;3613405;2868;47;0;1
FR;3;2022-04-30;0;0;0;0;0;0;0;0;0;4416622;3441494;4455;2;3613405;2868;47;0;1
FR;3;2022-05-01;0;0;0;0;0;0;0;0;0;4416622;3441494;4455;2;3613405;2868;47;0;1
FR;3;2022-05-02;0;0;0;0;0;0;0;0;0;4416622;3441494;4455;2;3613405;2868;47;0;1
FR;3;2022-05-03;0;0;0;0;0;0;0;0;0;4416622;3441494;4455;2;3613405;2868;47;0;1
FR;3;2022-05-04;0;0;0;0;0;0;0;0;0;4416622;3441494;4455;2;3613405;2868;47;0;1
FR;3;2022-05-05;0;0;0;0;0;0;0;0;0;4416622;3441494;4455;2;3613405;2868;47;0;1
FR;3;2022-05-06;0;0;0;0;0;0;0;0;0;4416622;3441494;4455;2;3613405;2868;47;0;1
FR;3;2022-05-07;0;0;0;0;0;0;0;0;0;4416622;3441494;4455;2;3613405;2868;47;0;1
FR;3;2022-05-08;0;0;0;0;0;0;0;0;0;4416622;3441494;4455;2;3613405;2868;47;0;1
FR;3;2022-05-09;0;0;0;0;0;0;0;0;0;4416622;3441494;4455;2;3613405;2868;47;0;1
FR;3;2022-05-10;0;0;0;0;0;0;0;0;0;4416622;3441494;4455;2;3613405;2868;47;0;1
FR;3;2022-05-11;0;0;0;0;0;0;0;0;0;4416622;3441494;4455;2;3613405;2868;47;0;1
FR;3;2022-05-12;0;0;0;0;0;0;0;0;0;4416622;3441494;4455;2;3613405;2868;47;0;1
FR;3;2022-05-13;0;0;0;0;0;0;0;0;0;4416622;3441494;4455;2;3613405;2868;47;0;1
FR;3;2022-05-14;1;0;0;0;0;0;0;0;0;4416623;3441494;4455;2;3613405;2868;47;0;1
FR;3;2022-05-15;0;0;0;0;0;0;0;0;0;4416623;3441494;4455;2;3613405;2868;47;0;1
FR;3;2022-05-16;0;0;0;0;0;0;0;0;0;4416623;3441494;4455;2;3613405;2868;47;0;1
FR;3;2022-05-17;0;0;0;0;0;0;0;0;0;4416623;3441494;4455;2;3613405;2868;47;0;1
FR;3;2022-05-18;0;0;0;0;0;0;0;0;0;4416623;3441494;4455;2;3613405;2868;47;0;1
FR;3;2022-05-19;0;0;0;0;0;0;0;0;0;4416623;3441494;4455;2;3613405;2868;47;0;1
FR;3;2022-05-20;0;0;0;0;0;0;0;0;0;4416623;3441494;4455;2;3613405;2868;47;0;1
FR;3;2022-05-21;0;0;0;0;0;0;0;0;0;4416623;3441494;4455;2;3613405;2868;47;0;1
FR;3;2022-05-22;0;0;0;0;0;0;0;0;0;4416623;3441494;4455;2;3613405;2868;47;0;1
FR;3;2022-05-23;0;0;0;0;0;0;0;0;0;4416623;3441494;4455;2;3613405;2868;47;0;1
FR;3;2022-05-24;0;0;0;0;0;0;0;0;0;4416623;3441494;4455;2;3613405;2868;47;0;1
FR;3;2022-05-25;0;0;0;0;0;0;0;0;0;4416623;3441494;4455;2;3613405;2868;47;0;1
FR;3;2022-05-26;0;0;0;0;0;0;0;0;0;4416623;3441494;4455;2;3613405;2868;47;0;1
FR;3;2022-05-27;0;0;0;0;0;0;0;0;0;4416623;3441494;4455;2;3613405;2868;47;0;1
FR;3;2022-05-28;0;0;0;0;0;0;0;0;0;4416623;3441494;4455;2;3613405;2868;47;0;1
FR;3;2022-05-29;0;0;0;0;0;0;0;0;0;4416623;3441494;4455;2;3613405;2868;47;0;1
FR;3;2022-05-30;0;0;0;0;0;0;0;0;0;4416623;3441494;4455;2;3613405;2868;47;0;1
FR;3;2022-05-31;0;0;0;0;0;0;0;0;0;4416623;3441494;4455;2;3613405;2868;47;0;1
FR;3;2022-06-01;0;0;0;0;0;0;0;0;0;4416623;3441494;4455;2;3613405;2868;47;0;1
FR;3;2022-06-02;0;0;0;0;0;0;0;0;0;4416623;3441494;4455;2;3613405;2868;47;0;1
FR;3;2022-06-03;0;0;0;0;0;0;0;0;0;4416623;3441494;4455;2;3613405;2868;47;0;1
FR;3;2022-06-04;0;0;0;0;0;0;0;0;0;4416623;3441494;4455;2;3613405;2868;47;0;1
FR;3;2022-06-05;0;0;0;0;0;0;0;0;0;4416623;3441494;4455;2;3613405;2868;47;0;1
FR;3;2022-06-06;0;0;0;0;0;0;0;0;0;4416623;3441494;4455;2;3613405;2868;47;0;1
FR;3;2022-06-07;0;0;0;0;0;0;0;0;0;4416623;3441494;4455;2;3613405;2868;47;0;1
FR;3;2022-06-08;0;0;0;0;0;0;0;0;0;4416623;3441494;4455;2;3613405;2868;47;0;1
FR;3;2022-06-09;0;0;0;0;0;0;0;0;0;4416623;3441494;4455;2;3613405;2868;47;0;1
FR;3;2022-06-10;0;0;0;0;0;0;0;0;0;4416623;3441494;4455;2;3613405;2868;47;0;1
FR;3;2022-06-11;0;0;0;0;0;0;0;0;0;4416623;3441494;4455;2;3613405;2868;47;0;1
FR;3;2022-06-12;0;0;0;0;0;0;0;0;0;4416623;3441494;4455;2;3613405;2868;47;0;1
FR;3;2022-06-13;1;0;0;0;0;0;0;0;0;4416624;3441494;4455;2;3613405;2868;47;0;1
FR;3;2022-06-14;0;0;0;0;0;0;0;0;0;4416624;3441494;4455;2;3613405;2868;47;0;1
FR;3;2022-06-15;0;0;0;0;0;0;0;0;0;4416624;3441494;4455;2;3613405;2868;47;0;1
FR;3;2022-06-16;0;0;0;0;0;0;0;0;0;4416624;3441494;4455;2;3613405;2868;47;0;1
FR;3;2022-06-17;0;0;0;0;0;0;0;0;0;4416624;3441494;4455;2;3613405;2868;47;0;1
FR;3;2022-06-18;0;0;0;0;0;0;0;0;0;4416624;3441494;4455;2;3613405;2868;47;0;1
FR;3;2022-06-19;0;0;0;0;0;0;0;0;0;4416624;3441494;4455;2;3613405;2868;47;0;1
FR;3;2022-06-20;0;0;0;0;0;0;0;0;0;4416624;3441494;4455;2;3613405;2868;47;0;1
FR;3;2022-06-21;0;0;0;0;0;0;0;0;0;4416624;3441494;4455;2;3613405;2868;47;0;1
FR;3;2022-06-22;0;0;0;0;0;0;0;0;0;4416624;3441494;4455;2;3613405;2868;47;0;1
FR;3;2022-06-23;0;0;0;0;0;0;0;0;0;4416624;3441494;4455;2;3613405;2868;47;0;1
FR;3;2022-06-24;0;0;0;0;0;0;0;0;0;4416624;3441494;4455;2;3613405;2868;47;0;1
FR;3;2022-06-25;0;0;0;0;0;0;0;0;0;4416624;3441494;4455;2;3613405;2868;47;0;1
FR;3;2022-06-26;0;0;0;0;0;0;0;0;0;4416624;3441494;4455;2;3613405;2868;47;0;1
FR;3;2022-06-27;0;0;0;0;0;0;0;0;0;4416624;3441494;4455;2;3613405;2868;47;0;1
FR;3;2022-06-28;0;0;0;0;0;0;0;0;0;4416624;3441494;4455;2;3613405;2868;47;0;1
FR;3;2022-06-29;1;0;0;0;0;0;0;0;0;4416625;3441494;4455;2;3613405;2868;47;0;1
FR;3;2022-06-30;0;0;0;0;0;0;0;0;0;4416625;3441494;4455;2;3613405;2868;47;0;1
FR;3;2022-07-01;0;0;0;0;0;0;0;0;0;4416625;3441494;4455;2;3613405;2868;47;0;1
FR;3;2022-07-02;0;0;0;0;0;0;0;0;0;4416625;3441494;4455;2;3613405;2868;47;0;1
FR;3;2022-07-03;0;0;0;0;0;0;0;0;0;4416625;3441494;4455;2;3613405;2868;47;0;1
FR;3;2022-07-04;0;0;0;0;0;0;0;0;0;4416625;3441494;4455;2;3613405;2868;47;0;1
FR;3;2022-07-05;0;0;0;0;0;0;0;0;0;4416625;3441494;4455;2;3613405;2868;47;0;1
FR;3;2022-07-06;0;0;0;0;0;0;0;0;0;4416625;3441494;4455;2;3613405;2868;47;0;1
FR;3;2022-07-07;0;0;0;0;0;0;0;0;0;4416625;3441494;4455;2;3613405;2868;47;0;1
FR;3;2022-07-08;0;0;0;0;0;0;0;0;0;4416625;3441494;4455;2;3613405;2868;47;0;1
FR;3;2022-07-09;0;0;0;0;0;0;0;0;0;4416625;3441494;4455;2;3613405;2868;47;0;1
FR;3;2022-07-10;0;0;0;0;0;0;0;0;0;4416625;3441494;4455;2;3613405;2868;47;0;1
FR;3;2022-07-11;0;0;0;0;0;0;0;0;0;4416625;3441494;4455;2;3613405;2868;47;0;1
FR;3;2022-07-12;0;0;0;0;0;0;0;0;0;4416625;3441494;4455;2;3613405;2868;47;0;1
FR;3;2022-07-13;0;0;0;0;0;0;0;0;0;4416625;3441494;4455;2;3613405;2868;47;0;1
FR;3;2022-07-14;0;0;0;0;0;0;0;0;0;4416625;3441494;4455;2;3613405;2868;47;0;1
FR;3;2022-07-15;0;0;0;0;0;0;0;0;0;4416625;3441494;4455;2;3613405;2868;47;0;1
FR;3;2022-07-16;0;0;0;0;0;0;0;0;0;4416625;3441494;4455;2;3613405;2868;47;0;1
FR;3;2022-07-17;0;0;0;0;0;0;0;0;0;4416625;3441494;4455;2;3613405;2868;47;0;1
FR;3;2022-07-18;0;0;0;0;0;0;0;0;0;4416625;3441494;4455;2;3613405;2868;47;0;1
FR;3;2022-07-19;0;0;0;0;0;0;0;0;0;4416625;3441494;4455;2;3613405;2868;47;0;1
FR;3;2022-07-20;0;0;0;0;0;0;0;0;0;4416625;3441494;4455;2;3613405;2868;47;0;1
FR;3;2022-07-21;0;0;0;0;0;0;0;0;0;4416625;3441494;4455;2;3613405;2868;47;0;1
FR;3;2022-07-22;0;0;0;0;0;0;0;0;0;4416625;3441494;4455;2;3613405;2868;47;0;1
FR;3;2022-07-23;0;0;0;0;0;0;0;0;0;4416625;3441494;4455;2;3613405;2868;47;0;1
FR;3;2022-07-24;0;0;0;0;0;0;0;0;0;4416625;3441494;4455;2;3613405;2868;47;0;1
FR;3;2022-07-25;0;0;0;0;0;0;0;0;0;4416625;3441494;4455;2;3613405;2868;47;0;1
FR;3;2022-07-26;0;0;0;0;0;0;0;0;0;4416625;3441494;4455;2;3613405;2868;47;0;1
FR;3;2022-07-27;0;0;0;0;0;0;0;0;0;4416625;3441494;4455;2;3613405;2868;47;0;1
FR;3;2022-07-28;0;0;0;0;0;0;0;0;0;4416625;3441494;4455;2;3613405;2868;47;0;1
FR;3;2022-07-29;0;0;0;0;0;0;0;0;0;4416625;3441494;4455;2;3613405;2868;47;0;1
FR;3;2022-07-30;0;0;0;0;0;0;0;0;0;4416625;3441494;4455;2;3613405;2868;47;0;1
FR;3;2022-07-31;0;0;0;0;0;0;0;0;0;4416625;3441494;4455;2;3613405;2868;47;0;1
FR;3;2022-08-01;0;0;0;0;0;0;0;0;0;4416625;3441494;4455;2;3613405;2868;47;0;1
FR;3;2022-08-02;0;0;0;0;0;0;0;0;0;4416625;3441494;4455;2;3613405;2868;47;0;1
FR;3;2022-08-03;0;0;0;0;0;0;0;0;0;4416625;3441494;4455;2;3613405;2868;47;0;1
FR;3;2022-08-04;0;0;0;0;0;0;0;0;0;4416625;3441494;4455;2;3613405;2868;47;0;1
FR;3;2022-08-05;0;0;0;0;0;0;0;0;0;4416625;3441494;4455;2;3613405;2868;47;0;1
FR;3;2022-08-06;0;0;0;0;0;0;0;0;0;4416625;3441494;4455;2;3613405;2868;47;0;1
FR;3;2022-08-07;0;0;0;0;0;0;0;0;0;4416625;3441494;4455;2;3613405;2868;47;0;1
FR;3;2022-08-08;0;0;0;0;0;0;0;0;0;4416625;3441494;4455;2;3613405;2868;47;0;1
FR;3;2022-08-09;0;0;0;0;0;0;0;0;0;4416625;3441494;4455;2;3613405;2868;47;0;1
FR;3;2022-08-10;0;0;0;0;0;0;0;0;0;4416625;3441494;4455;2;3613405;2868;47;0;1
FR;3;2022-08-11;0;0;0;0;0;0;0;0;0;4416625;3441494;4455;2;3613405;2868;47;0;1
FR;3;2022-08-12;0;0;0;0;0;0;0;0;0;4416625;3441494;4455;2;3613405;2868;47;0;1
FR;3;2022-08-13;0;0;0;0;0;0;0;0;0;4416625;3441494;4455;2;3613405;2868;47;0;1
FR;3;2022-08-14;0;0;0;0;0;0;0;0;0;4416625;3441494;4455;2;3613405;2868;47;0;1
FR;3;2022-08-15;0;0;0;0;0;0;0;0;0;4416625;3441494;4455;2;3613405;2868;47;0;1
FR;3;2022-08-16;0;0;0;0;0;0;0;0;0;4416625;3441494;4455;2;3613405;2868;47;0;1
FR;3;2022-08-17;0;0;0;0;0;0;0;0;0;4416625;3441494;4455;2;3613405;2868;47;0;1
FR;3;2022-08-18;0;0;0;0;0;0;0;0;0;4416625;3441494;4455;2;3613405;2868;47;0;1
FR;3;2022-08-19;0;0;0;0;0;0;0;0;0;4416625;3441494;4455;2;3613405;2868;47;0;1
FR;3;2022-08-20;0;0;0;0;0;0;0;0;0;4416625;3441494;4455;2;3613405;2868;47;0;1
FR;3;2022-08-21;0;0;0;0;0;0;0;0;0;4416625;3441494;4455;2;3613405;2868;47;0;1
FR;3;2022-08-22;0;0;0;0;0;0;0;0;0;4416625;3441494;4455;2;3613405;2868;47;0;1
FR;3;2022-08-23;0;0;0;0;0;0;0;0;0;4416625;3441494;4455;2;3613405;2868;47;0;1
FR;3;2022-08-24;0;0;0;0;0;0;0;0;0;4416625;3441494;4455;2;3613405;2868;47;0;1
FR;3;2022-08-25;0;0;0;0;0;0;0;0;0;4416625;3441494;4455;2;3613405;2868;47;0;1
FR;3;2022-08-26;0;0;0;0;0;0;0;0;0;4416625;3441494;4455;2;3613405;2868;47;0;1
FR;3;2022-08-27;0;0;0;0;0;0;0;0;0;4416625;3441494;4455;2;3613405;2868;47;0;1
FR;3;2022-08-28;0;0;0;0;0;0;0;0;0;4416625;3441494;4455;2;3613405;2868;47;0;1
FR;3;2022-08-29;0;0;0;0;0;0;0;0;0;4416625;3441494;4455;2;3613405;2868;47;0;1
FR;3;2022-08-30;0;0;0;0;0;0;0;0;0;4416625;3441494;4455;2;3613405;2868;47;0;1
FR;3;2022-08-31;0;0;0;0;0;0;0;0;0;4416625;3441494;4455;2;3613405;2868;47;0;1
FR;3;2022-09-01;0;0;0;0;0;0;0;0;0;4416625;3441494;4455;2;3613405;2868;47;0;1
FR;3;2022-09-02;0;0;0;0;0;0;0;0;0;4416625;3441494;4455;2;3613405;2868;47;0;1
FR;3;2022-09-03;0;0;0;0;0;0;0;0;0;4416625;3441494;4455;2;3613405;2868;47;0;1
FR;3;2022-09-04;0;0;0;0;0;0;0;0;0;4416625;3441494;4455;2;3613405;2868;47;0;1
FR;3;2022-09-05;0;0;0;0;0;0;0;0;0;4416625;3441494;4455;2;3613405;2868;47;0;1
FR;3;2022-09-06;0;0;0;0;0;0;0;0;0;4416625;3441494;4455;2;3613405;2868;47;0;1
FR;3;2022-09-07;0;0;0;0;0;0;0;0;0;4416625;3441494;4455;2;3613405;2868;47;0;1
FR;3;2022-09-08;0;0;0;0;0;0;0;0;0;4416625;3441494;4455;2;3613405;2868;47;0;1
FR;3;2022-09-09;0;0;0;0;0;0;0;0;0;4416625;3441494;4455;2;3613405;2868;47;0;1
FR;3;2022-09-10;0;0;0;0;0;0;0;0;0;4416625;3441494;4455;2;3613405;2868;47;0;1
FR;3;2022-09-11;0;0;0;0;0;0;0;0;0;4416625;3441494;4455;2;3613405;2868;47;0;1
FR;3;2022-09-12;0;0;0;0;0;0;0;0;0;4416625;3441494;4455;2;3613405;2868;47;0;1
FR;3;2022-09-13;0;0;0;0;0;0;0;0;0;4416625;3441494;4455;2;3613405;2868;47;0;1
FR;3;2022-09-14;0;0;0;0;0;0;0;0;0;4416625;3441494;4455;2;3613405;2868;47;0;1
FR;3;2022-09-15;0;0;0;0;0;0;0;0;0;4416625;3441494;4455;2;3613405;2868;47;0;1
FR;3;2022-09-16;0;0;0;0;0;0;0;0;0;4416625;3441494;4455;2;3613405;2868;47;0;1
FR;3;2022-09-17;0;0;0;0;0;0;0;0;0;4416625;3441494;4455;2;3613405;2868;47;0;1
FR;3;2022-09-18;0;0;0;0;0;0;0;0;0;4416625;3441494;4455;2;3613405;2868;47;0;1
FR;3;2022-09-19;0;0;0;0;0;0;0;0;0;4416625;3441494;4455;2;3613405;2868;47;0;1
FR;3;2022-09-20;0;0;0;0;0;0;0;0;0;4416625;3441494;4455;2;3613405;2868;47;0;1
FR;3;2022-09-21;0;0;0;0;0;0;0;0;0;4416625;3441494;4455;2;3613405;2868;47;0;1
FR;3;2022-09-22;0;0;0;0;0;0;0;0;0;4416625;3441494;4455;2;3613405;2868;47;0;1
FR;3;2022-09-23;0;0;0;0;0;0;0;0;0;4416625;3441494;4455;2;3613405;2868;47;0;1
FR;3;2022-09-24;0;0;0;0;0;0;0;0;0;4416625;3441494;4455;2;3613405;2868;47;0;1
FR;3;2022-09-25;0;0;0;0;0;0;0;0;0;4416625;3441494;4455;2;3613405;2868;47;0;1
FR;3;2022-09-26;0;0;0;0;0;0;0;0;0;4416625;3441494;4455;2;3613405;2868;47;0;1
FR;3;2022-09-27;0;0;0;0;0;0;0;0;0;4416625;3441494;4455;2;3613405;2868;47;0;1
FR;3;2022-09-28;0;0;0;0;0;0;0;0;0;4416625;3441494;4455;2;3613405;2868;47;0;1
FR;3;2022-09-29;0;0;0;0;0;0;0;0;0;4416625;3441494;4455;2;3613405;2868;47;0;1
FR;3;2022-09-30;0;0;0;0;0;0;0;0;0;4416625;3441494;4455;2;3613405;2868;47;0;1
FR;3;2022-10-01;0;0;0;0;0;0;0;0;0;4416625;3441494;4455;2;3613405;2868;47;0;1
FR;3;2022-10-02;0;0;0;0;0;0;0;0;0;4416625;3441494;4455;2;3613405;2868;47;0;1
FR;3;2022-10-03;0;0;0;0;0;0;0;0;0;4416625;3441494;4455;2;3613405;2868;47;0;1
FR;3;2022-10-04;0;0;0;0;0;0;0;0;0;4416625;3441494;4455;2;3613405;2868;47;0;1
FR;3;2022-10-05;0;0;0;0;0;0;0;0;0;4416625;3441494;4455;2;3613405;2868;47;0;1
FR;3;2022-10-06;0;0;0;0;0;0;0;0;0;4416625;3441494;4455;2;3613405;2868;47;0;1
FR;3;2022-10-07;0;0;0;0;0;0;0;0;0;4416625;3441494;4455;2;3613405;2868;47;0;1
FR;3;2022-10-08;0;0;0;0;0;0;0;0;0;4416625;3441494;4455;2;3613405;2868;47;0;1
FR;3;2022-10-09;0;0;0;0;0;0;0;0;0;4416625;3441494;4455;2;3613405;2868;47;0;1
FR;3;2022-10-10;0;0;0;0;0;0;0;0;0;4416625;3441494;4455;2;3613405;2868;47;0;1
FR;3;2022-10-11;0;0;0;0;0;0;0;0;0;4416625;3441494;4455;2;3613405;2868;47;0;1
FR;3;2022-10-12;0;0;0;0;0;0;0;0;0;4416625;3441494;4455;2;3613405;2868;47;0;1
FR;3;2022-10-13;0;0;0;0;0;0;0;0;0;4416625;3441494;4455;2;3613405;2868;47;0;1
FR;3;2022-10-14;0;0;0;0;0;0;0;0;0;4416625;3441494;4455;2;3613405;2868;47;0;1
FR;3;2022-10-15;0;0;0;0;0;0;0;0;0;4416625;3441494;4455;2;3613405;2868;47;0;1
FR;3;2022-10-16;0;0;0;0;0;0;0;0;0;4416625;3441494;4455;2;3613405;2868;47;0;1
FR;3;2022-10-17;0;0;0;0;0;0;0;0;0;4416625;3441494;4455;2;3613405;2868;47;0;1
FR;3;2022-10-18;0;0;0;0;0;0;0;0;0;4416625;3441494;4455;2;3613405;2868;47;0;1
FR;3;2022-10-19;0;0;0;0;0;0;0;0;0;4416625;3441494;4455;2;3613405;2868;47;0;1
FR;3;2022-10-20;0;0;0;0;0;0;0;0;0;4416625;3441494;4455;2;3613405;2868;47;0;1
FR;3;2022-10-21;0;0;0;0;0;0;0;0;0;4416625;3441494;4455;2;3613405;2868;47;0;1
FR;3;2022-10-22;0;0;0;0;0;0;0;0;0;4416625;3441494;4455;2;3613405;2868;47;0;1
FR;3;2022-10-23;0;0;0;0;0;0;0;0;0;4416625;3441494;4455;2;3613405;2868;47;0;1
FR;3;2022-10-24;0;0;0;0;0;0;0;0;0;4416625;3441494;4455;2;3613405;2868;47;0;1
FR;3;2022-10-25;0;0;0;0;0;0;0;0;0;4416625;3441494;4455;2;3613405;2868;47;0;1
FR;3;2022-10-26;0;0;0;0;0;0;0;0;0;4416625;3441494;4455;2;3613405;2868;47;0;1
FR;3;2022-10-27;0;0;0;0;0;0;0;0;0;4416625;3441494;4455;2;3613405;2868;47;0;1
FR;3;2022-10-28;0;0;0;0;0;0;0;0;0;4416625;3441494;4455;2;3613405;2868;47;0;1
FR;3;2022-10-29;0;0;0;0;0;0;0;0;0;4416625;3441494;4455;2;3613405;2868;47;0;1
FR;3;2022-10-30;0;0;0;0;0;0;0;0;0;4416625;3441494;4455;2;3613405;2868;47;0;1
FR;3;2022-10-31;0;0;0;0;0;0;0;0;0;4416625;3441494;4455;2;3613405;2868;47;0;1
FR;3;2022-11-01;0;0;0;0;0;0;0;0;0;4416625;3441494;4455;2;3613405;2868;47;0;1
FR;3;2022-11-02;0;0;0;0;0;0;0;0;0;4416625;3441494;4455;2;3613405;2868;47;0;1
FR;3;2022-11-03;0;0;0;0;0;0;0;0;0;4416625;3441494;4455;2;3613405;2868;47;0;1
FR;3;2022-11-04;0;0;0;0;0;0;0;0;0;4416625;3441494;4455;2;3613405;2868;47;0;1
FR;3;2022-11-05;0;0;0;0;0;0;0;0;0;4416625;3441494;4455;2;3613405;2868;47;0;1
FR;3;2022-11-06;0;0;0;0;0;0;0;0;0;4416625;3441494;4455;2;3613405;2868;47;0;1
FR;3;2022-11-07;0;0;0;0;0;0;0;0;0;4416625;3441494;4455;2;3613405;2868;47;0;1
FR;3;2022-11-08;1;0;0;0;0;0;0;0;0;4416626;3441494;4455;2;3613405;2868;47;0;1
FR;3;2022-11-09;0;0;0;0;0;0;0;0;0;4416626;3441494;4455;2;3613405;2868;47;0;1
FR;3;2022-11-10;0;0;0;0;0;0;0;0;0;4416626;3441494;4455;2;3613405;2868;47;0;1
FR;3;2022-11-11;0;0;0;0;0;0;0;0;0;4416626;3441494;4455;2;3613405;2868;47;0;1
FR;3;2022-11-12;0;0;0;0;0;0;0;0;0;4416626;3441494;4455;2;3613405;2868;47;0;1
FR;3;2022-11-13;0;0;0;0;0;0;0;0;0;4416626;3441494;4455;2;3613405;2868;47;0;1
FR;3;2022-11-14;0;0;0;0;0;0;0;0;0;4416626;3441494;4455;2;3613405;2868;47;0;1
FR;3;2022-11-15;0;0;0;0;0;0;0;0;0;4416626;3441494;4455;2;3613405;2868;47;0;1
FR;3;2022-11-16;0;0;0;0;0;0;0;0;0;4416626;3441494;4455;2;3613405;2868;47;0;1
FR;3;2022-11-17;0;0;0;0;0;0;0;0;0;4416626;3441494;4455;2;3613405;2868;47;0;1
FR;3;2022-11-18;0;0;0;0;0;0;0;0;0;4416626;3441494;4455;2;3613405;2868;47;0;1
FR;3;2022-11-19;0;0;0;0;0;0;0;0;0;4416626;3441494;4455;2;3613405;2868;47;0;1
FR;3;2022-11-20;0;0;0;0;0;0;0;0;0;4416626;3441494;4455;2;3613405;2868;47;0;1
FR;3;2022-11-21;0;0;0;0;0;0;0;0;0;4416626;3441494;4455;2;3613405;2868;47;0;1
FR;3;2022-11-22;0;0;0;0;0;0;0;0;0;4416626;3441494;4455;2;3613405;2868;47;0;1
FR;3;2022-11-23;0;0;0;0;0;0;0;0;0;4416626;3441494;4455;2;3613405;2868;47;0;1
FR;3;2022-11-24;0;0;0;0;0;0;0;0;0;4416626;3441494;4455;2;3613405;2868;47;0;1
FR;3;2022-11-25;0;0;0;0;0;0;0;0;0;4416626;3441494;4455;2;3613405;2868;47;0;1
FR;3;2022-11-26;0;0;0;0;0;0;0;0;0;4416626;3441494;4455;2;3613405;2868;47;0;1
FR;3;2022-11-27;0;0;0;0;0;0;0;0;0;4416626;3441494;4455;2;3613405;2868;47;0;1
FR;3;2022-11-28;0;0;0;0;0;0;0;0;0;4416626;3441494;4455;2;3613405;2868;47;0;1
FR;3;2022-11-29;0;0;0;0;0;0;0;0;0;4416626;3441494;4455;2;3613405;2868;47;0;1
FR;3;2022-11-30;0;0;0;0;0;0;0;0;0;4416626;3441494;4455;2;3613405;2868;47;0;1
FR;3;2022-12-01;0;0;0;0;0;0;0;0;0;4416626;3441494;4455;2;3613405;2868;47;0;1
FR;3;2022-12-02;0;0;0;0;0;0;0;0;0;4416626;3441494;4455;2;3613405;2868;47;0;1
FR;3;2022-12-03;0;0;0;0;0;0;0;0;0;4416626;3441494;4455;2;3613405;2868;47;0;1
FR;3;2022-12-04;0;0;0;0;0;0;0;0;0;4416626;3441494;4455;2;3613405;2868;47;0;1
FR;3;2022-12-05;0;0;0;0;0;0;0;0;0;4416626;3441494;4455;2;3613405;2868;47;0;1
FR;3;2022-12-06;0;0;0;0;0;0;0;0;0;4416626;3441494;4455;2;3613405;2868;47;0;1
FR;3;2022-12-07;0;0;0;0;0;0;0;0;0;4416626;3441494;4455;2;3613405;2868;47;0;1
FR;3;2022-12-08;0;0;0;0;0;0;0;0;0;4416626;3441494;4455;2;3613405;2868;47;0;1
FR;3;2022-12-09;0;0;0;0;0;0;0;0;0;4416626;3441494;4455;2;3613405;2868;47;0;1
FR;3;2022-12-10;0;0;0;0;0;0;0;0;0;4416626;3441494;4455;2;3613405;2868;47;0;1
FR;3;2022-12-11;0;0;0;0;0;0;0;0;0;4416626;3441494;4455;2;3613405;2868;47;0;1
FR;3;2022-12-12;0;0;0;0;0;0;0;0;0;4416626;3441494;4455;2;3613405;2868;47;0;1
FR;3;2022-12-13;0;0;0;0;0;0;0;0;0;4416626;3441494;4455;2;3613405;2868;47;0;1
FR;3;2022-12-14;0;0;0;0;0;0;0;0;0;4416626;3441494;4455;2;3613405;2868;47;0;1
FR;3;2022-12-15;0;0;0;0;0;0;0;0;0;4416626;3441494;4455;2;3613405;2868;47;0;1
FR;3;2022-12-16;0;0;0;0;0;0;0;0;0;4416626;3441494;4455;2;3613405;2868;47;0;1
FR;3;2022-12-17;0;0;0;0;0;0;0;0;0;4416626;3441494;4455;2;3613405;2868;47;0;1
FR;3;2022-12-18;0;0;0;0;0;0;0;0;0;4416626;3441494;4455;2;3613405;2868;47;0;1
FR;4;2020-12-27;0;0;0;0;0;0;0;0;0;0;0;0;0;0;0;0;0;0
FR;4;2020-12-28;0;0;0;0;0;0;0;0;0;0;0;0;0;0;0;0;0;0
FR;4;2020-12-29;0;0;0;0;0;0;0;0;0;0;0;0;0;0;0;0;0;0
FR;4;2020-12-30;0;0;0;0;0;0;0;0;0;0;0;0;0;0;0;0;0;0
FR;4;2020-12-31;0;0;0;0;0;0;0;0;0;0;0;0;0;0;0;0;0;0
FR;4;2021-01-01;0;0;0;0;0;0;0;0;0;0;0;0;0;0;0;0;0;0
FR;4;2021-01-02;0;0;0;0;0;0;0;0;0;0;0;0;0;0;0;0;0;0
FR;4;2021-01-03;0;0;0;0;0;0;0;0;0;0;0;0;0;0;0;0;0;0
FR;4;2021-01-04;0;0;0;0;0;0;0;0;0;0;0;0;0;0;0;0;0;0
FR;4;2021-01-05;0;0;0;0;0;0;0;0;0;0;0;0;0;0;0;0;0;0
FR;4;2021-01-06;0;0;0;0;0;0;0;0;0;0;0;0;0;0;0;0;0;0
FR;4;2021-01-07;0;0;0;0;0;0;0;0;0;0;0;0;0;0;0;0;0;0
FR;4;2021-01-08;0;0;0;0;0;0;0;0;0;0;0;0;0;0;0;0;0;0
FR;4;2021-01-09;0;0;0;0;0;0;0;0;0;0;0;0;0;0;0;0;0;0
FR;4;2021-01-10;0;0;0;0;0;0;0;0;0;0;0;0;0;0;0;0;0;0
FR;4;2021-01-11;0;0;0;0;0;0;0;0;0;0;0;0;0;0;0;0;0;0
FR;4;2021-01-12;0;0;0;0;0;0;0;0;0;0;0;0;0;0;0;0;0;0
FR;4;2021-01-13;0;0;0;0;0;0;0;0;0;0;0;0;0;0;0;0;0;0
FR;4;2021-01-14;0;0;0;0;0;0;0;0;0;0;0;0;0;0;0;0;0;0
FR;4;2021-01-15;0;0;0;0;0;0;0;0;0;0;0;0;0;0;0;0;0;0
FR;4;2021-01-16;0;0;0;0;0;0;0;0;0;0;0;0;0;0;0;0;0;0
FR;4;2021-01-17;0;0;0;0;0;0;0;0;0;0;0;0;0;0;0;0;0;0
FR;4;2021-01-18;0;0;0;0;0;0;0;0;0;0;0;0;0;0;0;0;0;0
FR;4;2021-01-19;0;0;0;0;0;0;0;0;0;0;0;0;0;0;0;0;0;0
FR;4;2021-01-20;0;0;0;0;0;0;0;0;0;0;0;0;0;0;0;0;0;0
FR;4;2021-01-21;0;0;0;0;0;0;0;0;0;0;0;0;0;0;0;0;0;0
FR;4;2021-01-22;0;0;0;0;0;0;0;0;0;0;0;0;0;0;0;0;0;0
FR;4;2021-01-23;0;0;0;0;0;0;0;0;0;0;0;0;0;0;0;0;0;0
FR;4;2021-01-24;0;0;0;0;0;0;0;0;0;0;0;0;0;0;0;0;0;0
FR;4;2021-01-25;0;0;0;0;0;0;0;0;0;0;0;0;0;0;0;0;0;0
FR;4;2021-01-26;0;0;0;0;0;0;0;0;0;0;0;0;0;0;0;0;0;0
FR;4;2021-01-27;0;0;0;0;0;0;0;0;0;0;0;0;0;0;0;0;0;0
FR;4;2021-01-28;0;0;0;0;0;0;0;0;0;0;0;0;0;0;0;0;0;0
FR;4;2021-01-29;0;0;0;0;0;0;0;0;0;0;0;0;0;0;0;0;0;0
FR;4;2021-01-30;0;0;0;0;0;0;0;0;0;0;0;0;0;0;0;0;0;0
FR;4;2021-01-31;0;0;0;0;0;0;0;0;0;0;0;0;0;0;0;0;0;0
FR;4;2021-02-01;0;0;0;0;0;0;0;0;0;0;0;0;0;0;0;0;0;0
FR;4;2021-02-02;0;0;0;0;0;0;0;0;0;0;0;0;0;0;0;0;0;0
FR;4;2021-02-03;0;0;0;0;0;0;0;0;0;0;0;0;0;0;0;0;0;0
FR;4;2021-02-04;0;0;0;0;0;0;0;0;0;0;0;0;0;0;0;0;0;0
FR;4;2021-02-05;0;0;0;0;0;0;0;0;0;0;0;0;0;0;0;0;0;0
FR;4;2021-02-06;0;0;0;0;0;0;0;0;0;0;0;0;0;0;0;0;0;0
FR;4;2021-02-07;0;0;0;0;0;0;0;0;0;0;0;0;0;0;0;0;0;0
FR;4;2021-02-08;0;0;0;0;0;0;0;0;0;0;0;0;0;0;0;0;0;0
FR;4;2021-02-09;0;0;0;0;0;0;0;0;0;0;0;0;0;0;0;0;0;0
FR;4;2021-02-10;0;0;0;0;0;0;0;0;0;0;0;0;0;0;0;0;0;0
FR;4;2021-02-11;0;0;0;0;0;0;0;0;0;0;0;0;0;0;0;0;0;0
FR;4;2021-02-12;0;0;0;0;0;0;0;0;0;0;0;0;0;0;0;0;0;0
FR;4;2021-02-13;0;0;0;0;0;0;0;0;0;0;0;0;0;0;0;0;0;0
FR;4;2021-02-14;0;0;0;0;0;0;0;0;0;0;0;0;0;0;0;0;0;0
FR;4;2021-02-15;0;0;0;0;0;0;0;0;0;0;0;0;0;0;0;0;0;0
FR;4;2021-02-16;0;0;0;0;0;0;0;0;0;0;0;0;0;0;0;0;0;0
FR;4;2021-02-17;0;0;0;0;0;0;0;0;0;0;0;0;0;0;0;0;0;0
FR;4;2021-02-18;0;0;0;0;0;0;0;0;0;0;0;0;0;0;0;0;0;0
FR;4;2021-02-19;0;0;0;0;0;0;0;0;0;0;0;0;0;0;0;0;0;0
FR;4;2021-02-20;0;0;0;0;0;0;0;0;0;0;0;0;0;0;0;0;0;0
FR;4;2021-02-21;0;0;0;0;0;0;0;0;0;0;0;0;0;0;0;0;0;0
FR;4;2021-02-22;0;0;0;0;0;0;0;0;0;0;0;0;0;0;0;0;0;0
FR;4;2021-02-23;0;0;0;0;0;0;0;0;0;0;0;0;0;0;0;0;0;0
FR;4;2021-02-24;0;0;0;0;0;0;0;0;0;0;0;0;0;0;0;0;0;0
FR;4;2021-02-25;0;0;0;0;0;0;0;0;0;0;0;0;0;0;0;0;0;0
FR;4;2021-02-26;0;0;0;0;0;0;0;0;0;0;0;0;0;0;0;0;0;0
FR;4;2021-02-27;0;0;0;0;0;0;0;0;0;0;0;0;0;0;0;0;0;0
FR;4;2021-02-28;0;0;0;0;0;0;0;0;0;0;0;0;0;0;0;0;0;0
FR;4;2021-03-01;0;0;0;0;0;0;0;0;0;0;0;0;0;0;0;0;0;0
FR;4;2021-03-02;0;0;0;0;0;0;0;0;0;0;0;0;0;0;0;0;0;0
FR;4;2021-03-03;0;0;0;0;0;0;0;0;0;0;0;0;0;0;0;0;0;0
FR;4;2021-03-04;0;0;0;0;0;0;0;0;0;0;0;0;0;0;0;0;0;0
FR;4;2021-03-05;0;0;0;0;0;0;0;0;0;0;0;0;0;0;0;0;0;0
FR;4;2021-03-06;0;0;0;0;0;0;0;0;0;0;0;0;0;0;0;0;0;0
FR;4;2021-03-07;0;0;0;0;0;0;0;0;0;0;0;0;0;0;0;0;0;0
FR;4;2021-03-08;0;0;0;0;0;0;0;0;0;0;0;0;0;0;0;0;0;0
FR;4;2021-03-09;0;0;0;0;0;0;0;0;0;0;0;0;0;0;0;0;0;0
FR;4;2021-03-10;0;0;0;0;0;0;0;0;0;0;0;0;0;0;0;0;0;0
FR;4;2021-03-11;0;0;0;0;0;0;0;0;0;0;0;0;0;0;0;0;0;0
FR;4;2021-03-12;0;0;0;0;0;0;0;0;0;0;0;0;0;0;0;0;0;0
FR;4;2021-03-13;0;0;0;0;0;0;0;0;0;0;0;0;0;0;0;0;0;0
FR;4;2021-03-14;0;0;0;0;0;0;0;0;0;0;0;0;0;0;0;0;0;0
FR;4;2021-03-15;0;0;0;0;0;0;0;0;0;0;0;0;0;0;0;0;0;0
FR;4;2021-03-16;0;0;0;0;0;0;0;0;0;0;0;0;0;0;0;0;0;0
FR;4;2021-03-17;0;0;0;0;0;0;0;0;0;0;0;0;0;0;0;0;0;0
FR;4;2021-03-18;0;0;0;0;0;0;0;0;0;0;0;0;0;0;0;0;0;0
FR;4;2021-03-19;0;0;0;0;0;0;0;0;0;0;0;0;0;0;0;0;0;0
FR;4;2021-03-20;0;0;0;0;0;0;0;0;0;0;0;0;0;0;0;0;0;0
FR;4;2021-03-21;0;0;0;0;0;0;0;0;0;0;0;0;0;0;0;0;0;0
FR;4;2021-03-22;0;0;0;0;0;0;0;0;0;0;0;0;0;0;0;0;0;0
FR;4;2021-03-23;0;0;0;0;0;0;0;0;0;0;0;0;0;0;0;0;0;0
FR;4;2021-03-24;0;0;0;0;0;0;0;0;0;0;0;0;0;0;0;0;0;0
FR;4;2021-03-25;0;0;0;0;0;0;0;0;0;0;0;0;0;0;0;0;0;0
FR;4;2021-03-26;0;0;0;0;0;0;0;0;0;0;0;0;0;0;0;0;0;0
FR;4;2021-03-27;0;0;0;0;0;0;0;0;0;0;0;0;0;0;0;0;0;0
FR;4;2021-03-28;0;0;0;0;0;0;0;0;0;0;0;0;0;0;0;0;0;0
FR;4;2021-03-29;0;0;0;0;0;0;0;0;0;0;0;0;0;0;0;0;0;0
FR;4;2021-03-30;0;0;0;0;0;0;0;0;0;0;0;0;0;0;0;0;0;0
FR;4;2021-03-31;0;0;0;0;0;0;0;0;0;0;0;0;0;0;0;0;0;0
FR;4;2021-04-01;0;0;0;0;0;0;0;0;0;0;0;0;0;0;0;0;0;0
FR;4;2021-04-02;0;0;0;0;0;0;0;0;0;0;0;0;0;0;0;0;0;0
FR;4;2021-04-03;0;0;0;0;0;0;0;0;0;0;0;0;0;0;0;0;0;0
FR;4;2021-04-04;0;0;0;0;0;0;0;0;0;0;0;0;0;0;0;0;0;0
FR;4;2021-04-05;0;0;0;0;0;0;0;0;0;0;0;0;0;0;0;0;0;0
FR;4;2021-04-06;0;0;0;0;0;0;0;0;0;0;0;0;0;0;0;0;0;0
FR;4;2021-04-07;0;0;0;0;0;0;0;0;0;0;0;0;0;0;0;0;0;0
FR;4;2021-04-08;0;0;0;0;0;0;0;0;0;0;0;0;0;0;0;0;0;0
FR;4;2021-04-09;0;0;0;0;0;0;0;0;0;0;0;0;0;0;0;0;0;0
FR;4;2021-04-10;0;0;0;0;0;0;0;0;0;0;0;0;0;0;0;0;0;0
FR;4;2021-04-11;0;0;0;0;0;0;0;0;0;0;0;0;0;0;0;0;0;0
FR;4;2021-04-12;0;0;0;0;0;0;0;0;0;0;0;0;0;0;0;0;0;0
FR;4;2021-04-13;0;0;0;0;0;0;0;0;0;0;0;0;0;0;0;0;0;0
FR;4;2021-04-14;0;0;0;0;0;0;0;0;0;0;0;0;0;0;0;0;0;0
FR;4;2021-04-15;0;0;0;0;0;0;0;0;0;0;0;0;0;0;0;0;0;0
FR;4;2021-04-16;0;0;0;0;0;0;0;0;0;0;0;0;0;0;0;0;0;0
FR;4;2021-04-17;0;0;0;0;0;0;0;0;0;0;0;0;0;0;0;0;0;0
FR;4;2021-04-18;0;0;0;0;0;0;0;0;0;0;0;0;0;0;0;0;0;0
FR;4;2021-04-19;0;0;0;0;0;0;0;0;0;0;0;0;0;0;0;0;0;0
FR;4;2021-04-20;0;0;0;0;0;0;0;0;0;0;0;0;0;0;0;0;0;0
FR;4;2021-04-21;0;0;0;0;0;0;0;0;0;0;0;0;0;0;0;0;0;0
FR;4;2021-04-22;0;0;0;0;0;0;0;0;0;0;0;0;0;0;0;0;0;0
FR;4;2021-04-23;3720;0;0;0;3677;0;0;0;0;3720;0;0;0;3677;0;0;0;0
FR;4;2021-04-24;1569;1;0;0;1558;0;0;0;0;5289;1;0;0;5235;0;0;0;0
FR;4;2021-04-25;125;0;0;0;125;0;0;0;0;5414;1;0;0;5360;0;0;0;0
FR;4;2021-04-26;2871;1;0;0;2860;0;0;0;0;8285;2;0;0;8220;0;0;0;0
FR;4;2021-04-27;9520;3;0;0;9501;0;0;0;0;17805;5;0;0;17721;0;0;0;0
FR;4;2021-04-28;9909;6;0;0;9884;0;0;0;0;27714;11;0;0;27605;0;0;0;0
FR;4;2021-04-29;15996;8;0;0;15980;0;0;0;0;43710;19;0;0;43585;0;0;0;0
FR;4;2021-04-30;19234;10;0;0;19204;0;0;0;0;62944;29;0;0;62789;0;0;0;0
FR;4;2021-05-01;1994;6;0;0;1992;0;0;0;0;64938;35;0;0;64781;0;0;0;0
FR;4;2021-05-02;484;0;0;0;481;0;0;0;0;65422;35;0;0;65262;0;0;0;0
FR;4;2021-05-03;5066;2;0;0;5060;0;0;0;0;70488;37;0;0;70322;0;0;0;0
FR;4;2021-05-04;8410;11;0;0;8399;0;0;0;0;78898;48;0;0;78721;0;0;0;0
FR;4;2021-05-05;6190;7;0;0;6185;0;0;0;0;85088;55;0;0;84906;0;0;0;0
FR;4;2021-05-06;11387;11;0;0;11384;0;0;0;0;96475;66;0;0;96290;0;0;0;0
FR;4;2021-05-07;19127;9;0;0;19088;0;0;0;0;115602;75;0;0;115378;0;0;0;0
FR;4;2021-05-08;2378;6;0;0;2382;0;0;0;0;117980;81;0;0;117760;0;0;0;0
FR;4;2021-05-09;690;3;0;0;691;0;0;0;0;118670;84;0;0;118451;0;0;0;0
FR;4;2021-05-10;7244;5;1;0;7241;0;0;0;0;125914;89;1;0;125692;0;0;0;0
FR;4;2021-05-11;14325;12;0;0;14305;0;0;0;0;140239;101;1;0;139997;0;0;0;0
FR;4;2021-05-12;10176;15;0;0;10179;0;0;0;0;150415;116;1;0;150176;0;0;0;0
FR;4;2021-05-13;1583;4;0;0;1584;0;0;0;0;151998;120;1;0;151760;0;0;0;0
FR;4;2021-05-14;7768;7;0;0;7762;0;0;0;0;159766;127;1;0;159522;0;0;0;0
FR;4;2021-05-15;3721;8;1;0;3720;0;0;0;0;163487;135;2;0;163242;0;0;0;0
FR;4;2021-05-16;417;1;0;0;417;0;0;0;0;163904;136;2;0;163659;0;0;0;0
FR;4;2021-05-17;4480;6;0;0;4479;0;0;0;0;168384;142;2;0;168138;0;0;0;0
FR;4;2021-05-18;8769;10;0;0;8769;0;0;0;0;177153;152;2;0;176907;0;0;0;0
FR;4;2021-05-19;5697;7;0;0;5699;0;0;0;0;182850;159;2;0;182606;0;0;0;0
FR;4;2021-05-20;9486;8;0;0;9478;0;0;0;0;192336;167;2;0;192084;0;0;0;0
FR;4;2021-05-21;12812;30;0;0;12819;0;0;0;0;205148;197;2;0;204903;0;0;0;0
FR;4;2021-05-22;5061;15;0;0;5068;0;0;0;0;210209;212;2;0;209971;0;0;0;0
FR;4;2021-05-23;497;4;0;0;500;0;0;0;0;210706;216;2;0;210471;0;0;0;0
FR;4;2021-05-24;1059;7;0;0;1063;0;0;0;0;211765;223;2;0;211534;0;0;0;0
FR;4;2021-05-25;7633;16;0;0;7639;0;0;0;0;219398;239;2;0;219173;0;0;0;0
FR;4;2021-05-26;7730;16;0;0;7739;0;0;0;0;227128;255;2;0;226912;0;0;0;0
FR;4;2021-05-27;14336;35;0;0;14345;0;0;0;0;241464;290;2;0;241257;0;0;0;0
FR;4;2021-05-28;26593;82;1;0;26634;0;0;0;0;268057;372;3;0;267891;0;0;0;0
FR;4;2021-05-29;11385;18;0;0;11385;0;0;0;0;279442;390;3;0;279276;0;0;0;0
FR;4;2021-05-30;974;7;0;0;973;0;0;0;0;280416;397;3;0;280249;0;0;0;0
FR;4;2021-05-31;12698;21;0;0;12698;0;0;0;0;293114;418;3;0;292947;0;0;0;0
FR;4;2021-06-01;20276;48;1;0;20294;0;0;0;0;313390;466;4;0;313241;0;0;0;0
FR;4;2021-06-02;14522;33;0;0;14535;0;0;0;0;327912;499;4;0;327776;0;0;0;0
FR;4;2021-06-03;19435;24;1;0;19433;0;0;0;0;347347;523;5;0;347209;0;0;0;0
FR;4;2021-06-04;22518;48;0;0;22536;0;0;0;0;369865;571;5;0;369745;0;0;0;0
FR;4;2021-06-05;9715;32;0;0;9718;0;0;0;0;379580;603;5;0;379463;0;0;0;0
FR;4;2021-06-06;1040;1;0;0;1036;0;0;0;0;380620;604;5;0;380499;0;0;0;0
FR;4;2021-06-07;9230;19;0;0;9237;0;0;0;0;389850;623;5;0;389736;0;0;0;0
FR;4;2021-06-08;14613;32;0;0;14625;0;0;0;0;404463;655;5;0;404361;0;0;0;0
FR;4;2021-06-09;12212;25;0;0;12220;0;0;0;0;416675;680;5;0;416581;0;0;0;0
FR;4;2021-06-10;15406;30;0;0;15414;0;0;0;0;432081;710;5;0;431995;0;0;0;0
FR;4;2021-06-11;16986;57;0;0;17013;0;0;0;0;449067;767;5;0;449008;0;0;0;0
FR;4;2021-06-12;7452;27;0;0;7477;0;0;0;0;456519;794;5;0;456485;0;0;0;0
FR;4;2021-06-13;908;3;0;0;910;0;0;0;0;457427;797;5;0;457395;0;0;0;0
FR;4;2021-06-14;6650;27;0;0;6660;0;0;0;0;464077;824;5;0;464055;0;0;0;0
FR;4;2021-06-15;10893;39;0;0;10910;0;0;0;0;474970;863;5;0;474965;0;0;0;0
FR;4;2021-06-16;8909;16;0;0;8917;0;0;0;0;483879;879;5;0;483882;0;0;0;0
FR;4;2021-06-17;10900;37;0;0;10912;0;0;0;0;494779;916;5;0;494794;0;0;0;0
FR;4;2021-06-18;12424;45;0;0;12451;0;0;0;0;507203;961;5;0;507245;0;0;0;0
FR;4;2021-06-19;5567;25;0;0;5587;0;0;0;0;512770;986;5;0;512832;0;0;0;0
FR;4;2021-06-20;826;5;0;0;830;0;0;0;0;513596;991;5;0;513662;0;0;0;0
FR;4;2021-06-21;5103;21;0;0;5103;0;0;0;0;518699;1012;5;0;518765;0;0;0;0
FR;4;2021-06-22;7914;29;2;0;7931;0;0;0;0;526613;1041;7;0;526696;0;0;0;0
FR;4;2021-06-23;7104;42;2;0;7131;0;0;0;0;533717;1083;9;0;533827;0;0;0;0
FR;4;2021-06-24;8654;46;1;0;8686;0;0;0;0;542371;1129;10;0;542513;0;0;0;0
FR;4;2021-06-25;10175;41;2;0;10207;0;0;0;0;552546;1170;12;0;552720;0;0;0;0
FR;4;2021-06-26;4853;21;0;0;4870;0;0;0;0;557399;1191;12;0;557590;0;0;0;0
FR;4;2021-06-27;766;4;0;0;768;0;0;0;0;558165;1195;12;0;558358;0;0;0;0
FR;4;2021-06-28;4834;16;1;0;4842;0;0;0;0;562999;1211;13;0;563200;0;0;0;0
FR;4;2021-06-29;7110;28;2;0;7119;0;0;0;0;570109;1239;15;0;570319;0;0;0;0
FR;4;2021-06-30;6725;40;2;0;6753;0;0;0;0;576834;1279;17;0;577072;0;0;0;0
FR;4;2021-07-01;8211;42;0;0;8233;0;0;0;0;585045;1321;17;0;585305;0;0;0;0
FR;4;2021-07-02;9429;53;1;0;9469;0;0;0;0;594474;1374;18;0;594774;0;0;0;0
FR;4;2021-07-03;4846;20;0;0;4861;0;0;0;0;599320;1394;18;0;599635;0;0;0;0
FR;4;2021-07-04;689;5;0;0;691;0;0;0;0;600009;1399;18;0;600326;0;0;0;0
FR;4;2021-07-05;4771;19;2;0;4782;0;0;0;0;604780;1418;20;0;605108;0;0;0;0
FR;4;2021-07-06;7728;29;4;0;7741;0;0;0;0;612508;1447;24;0;612849;0;0;0;0
FR;4;2021-07-07;7084;34;2;0;7097;0;0;0;0;619592;1481;26;0;619946;0;0;0;0
FR;4;2021-07-08;9232;40;2;0;9255;0;0;0;0;628824;1521;28;0;629201;0;0;0;0
FR;4;2021-07-09;10281;34;1;0;10304;0;0;0;0;639105;1555;29;0;639505;0;0;0;0
FR;4;2021-07-10;4639;14;2;0;4646;0;0;0;0;643744;1569;31;0;644151;0;0;0;0
FR;4;2021-07-11;582;4;1;0;580;0;0;0;0;644326;1573;32;0;644731;0;0;0;0
FR;4;2021-07-12;5876;29;0;0;5898;0;0;0;0;650202;1602;32;0;650629;0;0;0;0
FR;4;2021-07-13;14230;29;0;0;14248;0;0;0;0;664432;1631;32;0;664877;0;0;0;0
FR;4;2021-07-14;2289;15;0;0;2289;0;0;0;0;666721;1646;32;0;667166;0;0;0;0
FR;4;2021-07-15;18237;37;0;0;18254;0;0;0;0;684958;1683;32;0;685420;0;0;0;0
FR;4;2021-07-16;22836;71;2;0;22886;0;0;0;0;707794;1754;34;0;708306;0;0;0;0
FR;4;2021-07-17;9739;20;0;0;9748;0;0;0;0;717533;1774;34;0;718054;0;0;0;0
FR;4;2021-07-18;1358;5;0;0;1361;0;0;0;0;718891;1779;34;0;719415;0;0;0;0
FR;4;2021-07-19;12991;30;1;0;13016;0;0;0;0;731882;1809;35;0;732431;0;0;0;0
FR;4;2021-07-20;17343;26;1;0;17359;0;0;0;0;749225;1835;36;0;749790;0;0;0;0
FR;4;2021-07-21;15620;33;0;0;15640;0;0;0;0;764845;1868;36;0;765430;0;0;0;0
FR;4;2021-07-22;18246;44;2;0;18270;0;0;0;0;783091;1912;38;0;783700;0;0;0;0
FR;4;2021-07-23;20417;57;7;0;20450;0;0;0;0;803508;1969;45;0;804150;0;0;0;0
FR;4;2021-07-24;9289;32;0;0;9303;0;0;0;0;812797;2001;45;0;813453;0;0;0;0
FR;4;2021-07-25;1354;10;0;0;1356;0;0;0;0;814151;2011;45;0;814809;0;0;0;0
FR;4;2021-07-26;11042;23;0;0;11049;0;0;0;0;825193;2034;45;0;825858;0;0;0;0
FR;4;2021-07-27;14686;35;3;0;14706;0;0;0;0;839879;2069;48;0;840564;0;0;0;0
FR;4;2021-07-28;12933;26;2;0;12950;0;0;0;0;852812;2095;50;0;853514;0;0;0;0
FR;4;2021-07-29;14093;54;4;0;14134;0;0;0;0;866905;2149;54;0;867648;0;0;0;0
FR;4;2021-07-30;15501;46;2;0;15532;0;0;0;0;882406;2195;56;0;883180;0;0;0;0
FR;4;2021-07-31;6845;14;2;0;6855;0;0;0;0;889251;2209;58;0;890035;0;0;0;0
FR;4;2021-08-01;906;1;0;0;901;0;0;0;0;890157;2210;58;0;890936;0;0;0;0
FR;4;2021-08-02;7918;31;0;0;7919;0;0;0;0;898075;2241;58;0;898855;0;0;0;0
FR;4;2021-08-03;10802;31;2;0;10798;0;0;0;0;908877;2272;60;0;909653;0;0;0;0
FR;4;2021-08-04;9748;29;0;0;9747;0;0;0;0;918625;2301;60;0;919400;0;0;0;0
FR;4;2021-08-05;9825;42;0;0;9831;0;0;0;0;928450;2343;60;0;929231;0;0;0;0
FR;4;2021-08-06;10201;30;3;0;10198;0;0;0;0;938651;2373;63;0;939429;0;0;0;0
FR;4;2021-08-07;5100;30;1;0;5116;0;0;0;0;943751;2403;64;0;944545;0;0;0;0
FR;4;2021-08-08;1220;13;0;0;1223;0;0;0;0;944971;2416;64;0;945768;0;0;0;0
FR;4;2021-08-09;6350;31;0;0;6343;0;0;0;0;951321;2447;64;0;952111;0;0;0;0
FR;4;2021-08-10;8753;18;0;0;8724;0;0;0;0;960074;2465;64;0;960835;0;0;0;0
FR;4;2021-08-11;7944;34;4;0;7933;0;0;0;0;968018;2499;68;0;968768;0;0;0;0
FR;4;2021-08-12;8585;31;1;0;8573;0;0;0;0;976603;2530;69;0;977341;0;0;0;0
FR;4;2021-08-13;7558;25;0;1;7545;0;0;0;0;984161;2555;69;1;984886;0;0;0;0
FR;4;2021-08-14;3791;20;0;0;3775;0;0;0;0;987952;2575;69;1;988661;0;0;0;0
FR;4;2021-08-15;771;5;0;0;773;0;0;0;0;988723;2580;69;1;989434;0;0;0;0
FR;4;2021-08-16;4008;17;0;0;4002;0;0;0;0;992731;2597;69;1;993436;0;0;0;0
FR;4;2021-08-17;5630;17;1;0;5620;0;0;0;0;998361;2614;70;1;999056;0;0;0;0
FR;4;2021-08-18;5169;37;0;0;5186;0;0;0;0;1003530;2651;70;1;1004242;0;0;0;0
FR;4;2021-08-19;5487;34;3;0;5501;0;0;0;0;1009017;2685;73;1;1009743;0;0;0;0
FR;4;2021-08-20;5225;25;1;0;5235;0;0;0;0;1014242;2710;74;1;1014978;0;0;0;0
FR;4;2021-08-21;2311;22;1;0;2327;0;0;0;0;1016553;2732;75;1;1017305;0;0;0;0
FR;4;2021-08-22;414;2;0;0;415;0;0;0;0;1016967;2734;75;1;1017720;0;0;0;0
FR;4;2021-08-23;2931;20;1;0;2938;0;0;0;0;1019898;2754;76;1;1020658;0;0;0;0
FR;4;2021-08-24;3758;15;0;0;3761;0;0;0;0;1023656;2769;76;1;1024419;0;0;0;0
FR;4;2021-08-25;3543;25;1;0;3559;0;0;0;0;1027199;2794;77;1;1027978;0;0;0;0
FR;4;2021-08-26;3715;21;2;0;3727;0;0;0;0;1030914;2815;79;1;1031705;0;0;0;0
FR;4;2021-08-27;3617;31;2;0;3635;0;0;0;0;1034531;2846;81;1;1035340;0;0;0;0
FR;4;2021-08-28;1728;10;1;0;1733;0;0;0;0;1036259;2856;82;1;1037073;0;0;0;0
FR;4;2021-08-29;385;7;1;0;389;0;0;0;0;1036644;2863;83;1;1037462;0;0;0;0
FR;4;2021-08-30;2010;25;0;0;2018;16;0;0;0;1038654;2888;83;1;1039480;16;0;0;0
FR;4;2021-08-31;2486;21;0;0;2493;14;0;0;0;1041140;2909;83;1;1041973;30;0;0;0
FR;4;2021-09-01;2085;38;1;0;2097;21;0;0;0;1043225;2947;84;1;1044070;51;0;0;0
FR;4;2021-09-02;2307;31;4;0;2320;18;0;0;0;1045532;2978;88;1;1046390;69;0;0;0
FR;4;2021-09-03;2363;44;5;0;2373;36;0;0;0;1047895;3022;93;1;1048763;105;0;0;0
FR;4;2021-09-04;1374;18;0;0;1381;9;0;0;0;1049269;3040;93;1;1050144;114;0;0;0
FR;4;2021-09-05;433;2;0;0;433;2;0;0;0;1049702;3042;93;1;1050577;116;0;0;0
FR;4;2021-09-06;1713;62;0;0;1751;23;0;0;0;1051415;3104;93;1;1052328;139;0;0;0
FR;4;2021-09-07;1680;18;0;0;1689;8;0;0;0;1053095;3122;93;1;1054017;147;0;0;0
FR;4;2021-09-08;1286;26;3;0;1291;19;0;0;0;1054381;3148;96;1;1055308;166;0;0;0
FR;4;2021-09-09;1392;23;2;0;1402;9;0;0;0;1055773;3171;98;1;1056710;175;0;0;0
FR;4;2021-09-10;1521;31;2;0;1525;23;1;0;0;1057294;3202;100;1;1058235;198;1;0;0
FR;4;2021-09-11;745;11;0;0;748;3;0;0;0;1058039;3213;100;1;1058983;201;1;0;0
FR;4;2021-09-12;169;4;0;0;170;3;0;0;0;1058208;3217;100;1;1059153;204;1;0;0
FR;4;2021-09-13;1322;22;1;0;1325;16;0;0;0;1059530;3239;101;1;1060478;220;1;0;0
FR;4;2021-09-14;1503;9;2;0;1505;7;0;0;0;1061033;3248;103;1;1061983;227;1;0;0
FR;4;2021-09-15;1095;28;1;0;1098;25;0;0;0;1062128;3276;104;1;1063081;252;1;0;0
FR;4;2021-09-16;1105;22;2;0;1109;15;0;0;0;1063233;3298;106;1;1064190;267;1;0;0
FR;4;2021-09-17;897;21;1;0;904;12;0;0;0;1064130;3319;107;1;1065094;279;1;0;0
FR;4;2021-09-18;464;6;1;0;465;5;0;0;0;1064594;3325;108;1;1065559;284;1;0;0
FR;4;2021-09-19;182;3;0;0;183;2;0;0;0;1064776;3328;108;1;1065742;286;1;0;0
FR;4;2021-09-20;452;19;0;0;458;13;0;0;0;1065228;3347;108;1;1066200;299;1;0;0
FR;4;2021-09-21;432;11;0;0;434;7;0;0;0;1065660;3358;108;1;1066634;306;1;0;0
FR;4;2021-09-22;376;19;2;0;383;13;0;0;0;1066036;3377;110;1;1067017;319;1;0;0
FR;4;2021-09-23;485;15;1;0;486;14;0;0;0;1066521;3392;111;1;1067503;333;1;0;0
FR;4;2021-09-24;413;13;2;0;417;9;0;0;0;1066934;3405;113;1;1067920;342;1;0;0
FR;4;2021-09-25;280;10;1;0;281;5;0;0;0;1067214;3415;114;1;1068201;347;1;0;0
FR;4;2021-09-26;74;2;0;0;75;1;0;0;0;1067288;3417;114;1;1068276;348;1;0;0
FR;4;2021-09-27;268;10;1;0;269;8;0;0;0;1067556;3427;115;1;1068545;356;1;0;0
FR;4;2021-09-28;319;8;0;0;319;8;0;0;0;1067875;3435;115;1;1068864;364;1;0;0
FR;4;2021-09-29;377;19;1;0;379;13;0;0;0;1068252;3454;116;1;1069243;377;1;0;0
FR;4;2021-09-30;365;41;0;0;379;22;0;0;0;1068617;3495;116;1;1069622;399;1;0;0
FR;4;2021-10-01;411;56;0;0;413;50;0;0;0;1069028;3551;116;1;1070035;449;1;0;0
FR;4;2021-10-02;196;22;1;0;198;13;0;0;0;1069224;3573;117;1;1070233;462;1;0;0
FR;4;2021-10-03;86;1;0;0;87;0;0;0;0;1069310;3574;117;1;1070320;462;1;0;0
FR;4;2021-10-04;363;20;1;0;367;16;0;0;0;1069673;3594;118;1;1070687;478;1;0;0
FR;4;2021-10-05;286;19;2;0;288;15;0;0;0;1069959;3613;120;1;1070975;493;1;0;0
FR;4;2021-10-06;249;23;1;0;254;18;0;0;0;1070208;3636;121;1;1071229;511;1;0;0
FR;4;2021-10-07;267;25;2;0;272;13;0;0;0;1070475;3661;123;1;1071501;524;1;0;0
FR;4;2021-10-08;357;24;2;0;360;20;0;0;0;1070832;3685;125;1;1071861;544;1;0;0
FR;4;2021-10-09;194;6;6;0;195;7;0;0;0;1071026;3691;131;1;1072056;551;1;0;0
FR;4;2021-10-10;97;3;2;0;99;3;0;0;0;1071123;3694;133;1;1072155;554;1;0;0
FR;4;2021-10-11;251;15;1;0;252;14;0;0;0;1071374;3709;134;1;1072407;568;1;0;0
FR;4;2021-10-12;211;14;0;0;211;13;0;0;0;1071585;3723;134;1;1072618;581;1;0;0
FR;4;2021-10-13;221;28;1;0;224;25;0;0;0;1071806;3751;135;1;1072842;606;1;0;0
FR;4;2021-10-14;315;21;4;0;319;15;0;0;0;1072121;3772;139;1;1073161;621;1;0;0
FR;4;2021-10-15;322;24;5;0;323;25;0;0;0;1072443;3796;144;1;1073484;646;1;0;0
FR;4;2021-10-16;166;6;2;0;166;6;0;0;0;1072609;3802;146;1;1073650;652;1;0;0
FR;4;2021-10-17;70;2;0;0;71;1;0;0;0;1072679;3804;146;1;1073721;653;1;0;0
FR;4;2021-10-18;281;16;1;0;283;13;0;0;0;1072960;3820;147;1;1074004;666;1;0;0
FR;4;2021-10-19;216;14;2;0;216;15;0;0;0;1073176;3834;149;1;1074220;681;1;0;0
FR;4;2021-10-20;231;27;4;0;234;15;0;0;0;1073407;3861;153;1;1074454;696;1;0;0
FR;4;2021-10-21;243;18;0;0;245;14;0;0;0;1073650;3879;153;1;1074699;710;1;0;0
FR;4;2021-10-22;217;25;2;0;219;20;1;0;0;1073867;3904;155;1;1074918;730;2;0;0
FR;4;2021-10-23;116;16;1;0;117;15;0;0;0;1073983;3920;156;1;1075035;745;2;0;0
FR;4;2021-10-24;39;4;0;0;39;1;0;0;0;1074022;3924;156;1;1075074;746;2;0;0
FR;4;2021-10-25;218;7;2;0;218;9;0;0;0;1074240;3931;158;1;1075292;755;2;0;0
FR;4;2021-10-26;200;14;0;0;202;12;0;0;0;1074440;3945;158;1;1075494;767;2;0;0
FR;4;2021-10-27;196;12;4;0;196;12;2;0;0;1074636;3957;162;1;1075690;779;4;0;0
FR;4;2021-10-28;185;18;5;0;185;22;0;0;0;1074821;3975;167;1;1075875;801;4;0;0
FR;4;2021-10-29;225;17;2;0;226;15;0;0;0;1075046;3992;169;1;1076101;816;4;0;0
FR;4;2021-10-30;103;2;1;0;104;2;0;0;0;1075149;3994;170;1;1076205;818;4;0;0
FR;4;2021-10-31;59;3;2;0;60;3;0;0;0;1075208;3997;172;1;1076265;821;4;0;0
FR;4;2021-11-01;75;27;4;0;76;24;3;0;0;1075283;4024;176;1;1076341;845;7;0;0
FR;4;2021-11-02;162;21;2;0;163;21;0;0;0;1075445;4045;178;1;1076504;866;7;0;0
FR;4;2021-11-03;130;21;8;1;131;19;6;0;0;1075575;4066;186;2;1076635;885;13;0;0
FR;4;2021-11-04;186;15;1;0;187;12;1;0;0;1075761;4081;187;2;1076822;897;14;0;0
FR;4;2021-11-05;130;17;1;0;131;16;0;0;0;1075891;4098;188;2;1076953;913;14;0;0
FR;4;2021-11-06;81;6;1;0;81;6;0;0;0;1075972;4104;189;2;1077034;919;14;0;0
FR;4;2021-11-07;81;2;2;0;81;4;0;0;0;1076053;4106;191;2;1077115;923;14;0;0
FR;4;2021-11-08;161;20;1;0;162;20;0;0;0;1076214;4126;192;2;1077277;943;14;0;0
FR;4;2021-11-09;158;14;3;0;158;16;0;0;0;1076372;4140;195;2;1077435;959;14;0;0
FR;4;2021-11-10;121;30;6;0;121;32;2;0;0;1076493;4170;201;2;1077556;991;16;0;0
FR;4;2021-11-11;99;10;1;0;99;11;0;0;0;1076592;4180;202;2;1077655;1002;16;0;0
FR;4;2021-11-12;106;19;2;0;107;18;1;0;0;1076698;4199;204;2;1077762;1020;17;0;0
FR;4;2021-11-13;74;15;2;0;75;14;0;0;0;1076772;4214;206;2;1077837;1034;17;0;0
FR;4;2021-11-14;55;5;4;0;56;8;0;0;0;1076827;4219;210;2;1077893;1042;17;0;0
FR;4;2021-11-15;99;26;2;0;101;24;2;0;0;1076926;4245;212;2;1077994;1066;19;0;0
FR;4;2021-11-16;107;13;3;0;107;16;0;0;0;1077033;4258;215;2;1078101;1082;19;0;0
FR;4;2021-11-17;120;30;4;0;120;30;1;0;0;1077153;4288;219;2;1078221;1112;20;0;0
FR;4;2021-11-18;103;34;14;0;105;43;1;0;0;1077256;4322;233;2;1078326;1155;21;0;0
FR;4;2021-11-19;87;21;3;0;87;22;1;0;0;1077343;4343;236;2;1078413;1177;22;0;0
FR;4;2021-11-20;77;8;1;0;77;8;0;0;0;1077420;4351;237;2;1078490;1185;22;0;0
FR;4;2021-11-21;68;7;2;0;68;9;0;0;0;1077488;4358;239;2;1078558;1194;22;0;0
FR;4;2021-11-22;107;28;9;0;108;33;2;0;0;1077595;4386;248;2;1078666;1227;24;0;0
FR;4;2021-11-23;77;31;6;0;78;29;2;0;0;1077672;4417;254;2;1078744;1256;26;0;0
FR;4;2021-11-24;90;23;11;0;92;24;4;0;0;1077762;4440;265;2;1078836;1280;30;0;0
FR;4;2021-11-25;93;28;17;0;94;33;5;0;0;1077855;4468;282;2;1078930;1313;35;0;0
FR;4;2021-11-26;85;43;12;0;89;45;3;0;0;1077940;4511;294;2;1079019;1358;38;0;0
FR;4;2021-11-27;41;22;15;0;41;25;10;0;0;1077981;4533;309;2;1079060;1383;48;0;0
FR;4;2021-11-28;50;8;0;0;51;7;0;0;0;1078031;4541;309;2;1079111;1390;48;0;0
FR;4;2021-11-29;90;31;16;0;90;40;2;0;0;1078121;4572;325;2;1079201;1430;50;0;0
FR;4;2021-11-30;75;37;12;0;75;41;2;0;0;1078196;4609;337;2;1079276;1471;52;0;0
FR;4;2021-12-01;88;60;19;0;88;67;11;0;0;1078284;4669;356;2;1079364;1538;63;0;0
FR;4;2021-12-02;110;48;21;0;114;56;3;0;0;1078394;4717;377;2;1079478;1594;66;0;0
FR;4;2021-12-03;102;36;15;0;102;44;4;0;0;1078496;4753;392;2;1079580;1638;70;0;0
FR;4;2021-12-04;72;31;18;0;74;44;1;0;0;1078568;4784;410;2;1079654;1682;71;0;0
FR;4;2021-12-05;63;7;1;0;64;7;0;0;0;1078631;4791;411;2;1079718;1689;71;0;0
FR;4;2021-12-06;110;46;19;0;110;59;3;0;0;1078741;4837;430;2;1079828;1748;74;0;0
FR;4;2021-12-07;82;37;9;0;85;36;3;0;0;1078823;4874;439;2;1079913;1784;77;0;0
FR;4;2021-12-08;70;31;17;0;72;38;7;0;0;1078893;4905;456;2;1079985;1822;84;0;0
FR;4;2021-12-09;64;32;10;1;64;39;3;0;0;1078957;4937;466;3;1080049;1861;87;0;0
FR;4;2021-12-10;63;64;20;0;64;68;10;0;0;1079020;5001;486;3;1080113;1929;97;0;0
FR;4;2021-12-11;29;34;7;0;29;34;3;0;0;1079049;5035;493;3;1080142;1963;100;0;0
FR;4;2021-12-12;29;11;3;0;29;14;0;0;0;1079078;5046;496;3;1080171;1977;100;0;0
FR;4;2021-12-13;75;40;14;0;77;49;2;0;0;1079153;5086;510;3;1080248;2026;102;0;0
FR;4;2021-12-14;61;43;17;0;62;54;2;0;0;1079214;5129;527;3;1080310;2080;104;0;0
FR;4;2021-12-15;68;64;29;0;68;85;6;0;0;1079282;5193;556;3;1080378;2165;110;0;0
FR;4;2021-12-16;34;45;19;0;35;58;4;0;0;1079316;5238;575;3;1080413;2223;114;0;0
FR;4;2021-12-17;39;55;11;0;39;59;6;0;0;1079355;5293;586;3;1080452;2282;120;0;0
FR;4;2021-12-18;49;30;2;0;50;31;0;0;0;1079404;5323;588;3;1080502;2313;120;0;0
FR;4;2021-12-19;16;4;1;0;17;4;0;0;0;1079420;5327;589;3;1080519;2317;120;0;0
FR;4;2021-12-20;43;38;10;0;44;41;6;0;0;1079463;5365;599;3;1080563;2358;126;0;0
FR;4;2021-12-21;31;32;16;0;33;38;5;0;0;1079494;5397;615;3;1080596;2396;131;0;0
FR;4;2021-12-22;37;38;10;0;38;38;7;0;0;1079531;5435;625;3;1080634;2434;138;0;0
FR;4;2021-12-23;39;45;8;0;39;49;2;0;0;1079570;5480;633;3;1080673;2483;140;0;0
FR;4;2021-12-24;23;28;10;0;25;31;4;0;0;1079593;5508;643;3;1080698;2514;144;0;0
FR;4;2021-12-25;7;3;3;0;7;4;2;0;0;1079600;5511;646;3;1080705;2518;146;0;0
FR;4;2021-12-26;5;3;1;0;6;2;0;0;0;1079605;5514;647;3;1080711;2520;146;0;0
FR;4;2021-12-27;31;41;9;0;32;43;4;0;0;1079636;5555;656;3;1080743;2563;150;0;0
FR;4;2021-12-28;26;28;7;0;28;29;4;0;0;1079662;5583;663;3;1080771;2592;154;0;0
FR;4;2021-12-29;56;25;11;0;57;30;5;0;0;1079718;5608;674;3;1080828;2622;159;0;0
FR;4;2021-12-30;48;19;12;0;51;22;5;0;0;1079766;5627;686;3;1080879;2644;164;0;0
FR;4;2021-12-31;19;6;8;0;20;11;2;0;0;1079785;5633;694;3;1080899;2655;166;0;0
FR;4;2022-01-01;6;4;4;0;6;6;1;0;0;1079791;5637;698;3;1080905;2661;167;0;0
FR;4;2022-01-02;41;5;16;0;41;20;1;0;0;1079832;5642;714;3;1080946;2681;168;0;0
FR;4;2022-01-03;44;55;23;1;46;63;10;0;0;1079876;5697;737;4;1080992;2744;178;0;0
FR;4;2022-01-04;37;28;15;0;38;33;7;0;0;1079913;5725;752;4;1081030;2777;185;0;0
FR;4;2022-01-05;51;24;19;0;57;27;9;0;0;1079964;5749;771;4;1081087;2804;194;0;0
FR;4;2022-01-06;49;22;24;0;49;38;8;0;0;1080013;5771;795;4;1081136;2842;202;0;0
FR;4;2022-01-07;30;20;16;0;32;21;12;0;0;1080043;5791;811;4;1081168;2863;214;0;0
FR;4;2022-01-08;12;6;10;0;13;12;3;0;0;1080055;5797;821;4;1081181;2875;217;0;0
FR;4;2022-01-09;19;2;3;0;20;4;0;0;0;1080074;5799;824;4;1081201;2879;217;0;0
FR;4;2022-01-10;51;22;19;0;51;36;4;0;0;1080125;5821;843;4;1081252;2915;221;0;0
FR;4;2022-01-11;29;31;12;0;33;35;1;0;0;1080154;5852;855;4;1081285;2950;222;0;0
FR;4;2022-01-12;33;21;13;0;35;23;9;0;0;1080187;5873;868;4;1081320;2973;231;0;0
FR;4;2022-01-13;54;20;27;0;55;38;8;0;0;1080241;5893;895;4;1081375;3011;239;0;0
FR;4;2022-01-14;24;30;13;0;25;33;7;0;0;1080265;5923;908;4;1081400;3044;246;0;0
FR;4;2022-01-15;13;6;8;0;14;12;1;0;0;1080278;5929;916;4;1081414;3056;247;0;0
FR;4;2022-01-16;12;9;14;0;12;22;1;0;0;1080290;5938;930;4;1081426;3078;248;0;0
FR;4;2022-01-17;27;19;13;0;27;26;5;0;0;1080317;5957;943;4;1081453;3104;253;0;0
FR;4;2022-01-18;17;13;10;0;17;20;3;0;0;1080334;5970;953;4;1081470;3124;256;0;0
FR;4;2022-01-19;31;23;13;0;31;34;1;0;0;1080365;5993;966;4;1081501;3158;257;0;0
FR;4;2022-01-20;33;34;13;0;35;39;5;0;0;1080398;6027;979;4;1081536;3197;262;0;0
FR;4;2022-01-21;11;12;20;1;11;17;15;0;1;1080409;6039;999;5;1081547;3214;277;0;1
FR;4;2022-01-22;30;13;3;0;30;14;2;0;0;1080439;6052;1002;5;1081577;3228;279;0;1
FR;4;2022-01-23;8;2;5;0;8;7;0;0;0;1080447;6054;1007;5;1081585;3235;279;0;1
FR;4;2022-01-24;14;21;8;0;15;27;1;0;0;1080461;6075;1015;5;1081600;3262;280;0;1
FR;4;2022-01-25;22;32;10;1;23;38;3;0;0;1080483;6107;1025;6;1081623;3300;283;0;1
FR;4;2022-01-26;19;17;9;1;20;21;4;0;0;1080502;6124;1034;7;1081643;3321;287;0;1
FR;4;2022-01-27;21;18;8;0;22;24;1;0;0;1080523;6142;1042;7;1081665;3345;288;0;1
FR;4;2022-01-28;13;23;8;0;14;26;4;0;0;1080536;6165;1050;7;1081679;3371;292;0;1
FR;4;2022-01-29;17;6;5;0;17;10;0;0;0;1080553;6171;1055;7;1081696;3381;292;0;1
FR;4;2022-01-30;18;3;1;0;18;4;0;0;0;1080571;6174;1056;7;1081714;3385;292;0;1
FR;4;2022-01-31;22;28;8;0;22;32;2;0;0;1080593;6202;1064;7;1081736;3417;294;0;1
FR;4;2022-02-01;13;24;12;0;15;24;9;0;0;1080606;6226;1076;7;1081751;3441;303;0;1
FR;4;2022-02-02;18;11;14;2;18;20;7;0;0;1080624;6237;1090;9;1081769;3461;310;0;1
FR;4;2022-02-03;15;24;10;0;17;28;4;0;0;1080639;6261;1100;9;1081786;3489;314;0;1
FR;4;2022-02-04;7;5;7;0;7;9;3;0;0;1080646;6266;1107;9;1081793;3498;317;0;1
FR;4;2022-02-05;7;14;1;0;8;13;1;0;0;1080653;6280;1108;9;1081801;3511;318;0;1
FR;4;2022-02-06;7;4;4;0;7;7;1;0;0;1080660;6284;1112;9;1081808;3518;319;0;1
FR;4;2022-02-07;15;19;8;0;17;19;6;0;0;1080675;6303;1120;9;1081825;3537;325;0;1
FR;4;2022-02-08;19;21;13;1;21;22;10;0;0;1080694;6324;1133;10;1081846;3559;335;0;1
FR;4;2022-02-09;17;11;9;0;18;16;2;0;0;1080711;6335;1142;10;1081864;3575;337;0;1
FR;4;2022-02-10;22;23;10;0;23;25;7;0;0;1080733;6358;1152;10;1081887;3600;344;0;1
FR;4;2022-02-11;18;15;8;0;18;20;3;0;0;1080751;6373;1160;10;1081905;3620;347;0;1
FR;4;2022-02-12;24;6;3;0;26;7;0;0;0;1080775;6379;1163;10;1081931;3627;347;0;1
FR;4;2022-02-13;7;3;3;0;7;6;0;0;0;1080782;6382;1166;10;1081938;3633;347;0;1
FR;4;2022-02-14;20;10;10;0;20;16;4;0;0;1080802;6392;1176;10;1081958;3649;351;0;1
FR;4;2022-02-15;18;7;2;0;18;8;0;0;0;1080820;6399;1178;10;1081976;3657;351;0;1
FR;4;2022-02-16;16;10;11;0;16;17;3;0;0;1080836;6409;1189;10;1081992;3674;354;0;1
FR;4;2022-02-17;11;4;5;0;11;7;2;0;0;1080847;6413;1194;10;1082003;3681;356;0;1
FR;4;2022-02-18;16;15;8;0;16;21;2;0;0;1080863;6428;1202;10;1082019;3702;358;0;1
FR;4;2022-02-19;16;4;2;0;17;5;0;0;0;1080879;6432;1204;10;1082036;3707;358;0;1
FR;4;2022-02-20;8;3;0;0;9;2;0;0;0;1080887;6435;1204;10;1082045;3709;358;0;1
FR;4;2022-02-21;23;4;4;0;23;6;2;0;0;1080910;6439;1208;10;1082068;3715;360;0;1
FR;4;2022-02-22;8;5;10;0;9;10;4;0;0;1080918;6444;1218;10;1082077;3725;364;0;1
FR;4;2022-02-23;17;6;10;0;17;10;5;0;0;1080935;6450;1228;10;1082094;3735;369;0;1
FR;4;2022-02-24;11;5;4;0;11;7;2;0;0;1080946;6455;1232;10;1082105;3742;371;0;1
FR;4;2022-02-25;16;5;7;0;16;6;6;0;0;1080962;6460;1239;10;1082121;3748;377;0;1
FR;4;2022-02-26;27;3;0;0;27;3;0;0;0;1080989;6463;1239;10;1082148;3751;377;0;1
FR;4;2022-02-27;9;0;1;0;9;1;0;0;0;1080998;6463;1240;10;1082157;3752;377;0;1
FR;4;2022-02-28;18;3;2;0;19;3;1;0;0;1081016;6466;1242;10;1082176;3755;378;0;1
FR;4;2022-03-01;8;4;7;0;8;5;5;0;0;1081024;6470;1249;10;1082184;3760;383;0;1
FR;4;2022-03-02;16;2;5;0;16;6;1;0;0;1081040;6472;1254;10;1082200;3766;384;0;1
FR;4;2022-03-03;17;5;3;0;17;6;1;0;0;1081057;6477;1257;10;1082217;3772;385;0;1
FR;4;2022-03-04;7;7;2;1;7;5;3;0;0;1081064;6484;1259;11;1082224;3777;388;0;1
FR;4;2022-03-05;9;2;0;0;9;2;0;0;0;1081073;6486;1259;11;1082233;3779;388;0;1
FR;4;2022-03-06;4;0;1;0;4;1;0;0;0;1081077;6486;1260;11;1082237;3780;388;0;1
FR;4;2022-03-07;10;6;2;0;10;5;2;0;0;1081087;6492;1262;11;1082247;3785;390;0;1
FR;4;2022-03-08;15;3;0;0;15;3;0;0;0;1081102;6495;1262;11;1082262;3788;390;0;1
FR;4;2022-03-09;8;7;2;0;10;7;0;0;0;1081110;6502;1264;11;1082272;3795;390;0;1
FR;4;2022-03-10;5;1;6;0;5;3;4;0;0;1081115;6503;1270;11;1082277;3798;394;0;1
FR;4;2022-03-11;10;4;5;0;12;2;5;0;0;1081125;6507;1275;11;1082289;3800;399;0;1
FR;4;2022-03-12;10;2;0;0;11;0;0;0;0;1081135;6509;1275;11;1082300;3800;399;0;1
FR;4;2022-03-13;6;2;1;0;7;2;0;0;0;1081141;6511;1276;11;1082307;3802;399;0;1
FR;4;2022-03-14;4;3;1;0;5;3;0;0;0;1081145;6514;1277;11;1082312;3805;399;0;1
FR;4;2022-03-15;8;6;3;0;10;5;2;0;0;1081153;6520;1280;11;1082322;3810;401;0;1
FR;4;2022-03-16;7;3;3;0;7;3;3;0;0;1081160;6523;1283;11;1082329;3813;404;0;1
FR;4;2022-03-17;3;4;1;0;3;5;0;0;0;1081163;6527;1284;11;1082332;3818;404;0;1
FR;4;2022-03-18;9;3;0;0;9;3;0;0;0;1081172;6530;1284;11;1082341;3821;404;0;1
FR;4;2022-03-19;1;1;1;0;1;2;0;0;0;1081173;6531;1285;11;1082342;3823;404;0;1
FR;4;2022-03-20;2;0;2;0;2;1;1;0;0;1081175;6531;1287;11;1082344;3824;405;0;1
FR;4;2022-03-21;6;4;1;0;6;5;0;0;0;1081181;6535;1288;11;1082350;3829;405;0;1
FR;4;2022-03-22;4;2;2;0;4;3;1;0;0;1081185;6537;1290;11;1082354;3832;406;0;1
FR;4;2022-03-23;6;4;5;0;6;8;1;0;0;1081191;6541;1295;11;1082360;3840;407;0;1
FR;4;2022-03-24;2;5;3;1;2;7;2;0;0;1081193;6546;1298;12;1082362;3847;409;0;1
FR;4;2022-03-25;3;1;2;0;3;1;2;0;0;1081196;6547;1300;12;1082365;3848;411;0;1
FR;4;2022-03-26;5;5;0;0;5;5;0;0;0;1081201;6552;1300;12;1082370;3853;411;0;1
FR;4;2022-03-27;1;0;3;0;1;2;1;0;0;1081202;6552;1303;12;1082371;3855;412;0;1
FR;4;2022-03-28;6;1;3;0;7;3;0;0;0;1081208;6553;1306;12;1082378;3858;412;0;1
FR;4;2022-03-29;9;0;4;1;9;0;2;0;0;1081217;6553;1310;13;1082387;3858;414;0;1
FR;4;2022-03-30;3;4;0;0;3;4;0;0;0;1081220;6557;1310;13;1082390;3862;414;0;1
FR;4;2022-03-31;3;3;2;1;3;4;1;0;0;1081223;6560;1312;14;1082393;3866;415;0;1
FR;4;2022-04-01;15;3;5;0;15;6;2;0;0;1081238;6563;1317;14;1082408;3872;417;0;1
FR;4;2022-04-02;4;4;0;0;5;3;0;0;0;1081242;6567;1317;14;1082413;3875;417;0;1
FR;4;2022-04-03;0;1;0;0;0;1;0;0;0;1081242;6568;1317;14;1082413;3876;417;0;1
FR;4;2022-04-04;4;4;4;0;5;5;2;0;0;1081246;6572;1321;14;1082418;3881;419;0;1
FR;4;2022-04-05;4;3;2;1;5;3;2;0;0;1081250;6575;1323;15;1082423;3884;421;0;1
FR;4;2022-04-06;6;0;0;0;6;0;0;0;0;1081256;6575;1323;15;1082429;3884;421;0;1
FR;4;2022-04-07;3;2;3;2;3;5;0;0;0;1081259;6577;1326;17;1082432;3889;421;0;1
FR;4;2022-04-08;4;2;1;0;4;2;1;0;0;1081263;6579;1327;17;1082436;3891;422;0;1
FR;4;2022-04-09;0;0;1;1;0;1;1;0;0;1081263;6579;1328;18;1082436;3892;423;0;1
FR;4;2022-04-10;2;2;0;0;2;2;0;0;0;1081265;6581;1328;18;1082438;3894;423;0;1
FR;4;2022-04-11;4;3;4;0;4;5;2;0;0;1081269;6584;1332;18;1082442;3899;425;0;1
FR;4;2022-04-12;5;1;4;0;5;2;3;0;0;1081274;6585;1336;18;1082447;3901;428;0;1
FR;4;2022-04-13;5;8;2;0;5;10;0;0;0;1081279;6593;1338;18;1082452;3911;428;0;1
FR;4;2022-04-14;6;4;2;1;7;5;1;0;0;1081285;6597;1340;19;1082459;3916;429;0;1
FR;4;2022-04-15;6;9;1;0;6;10;0;0;0;1081291;6606;1341;19;1082465;3926;429;0;1
FR;4;2022-04-16;1;0;0;0;1;0;0;0;0;1081292;6606;1341;19;1082466;3926;429;0;1
FR;4;2022-04-17;3;2;1;0;3;3;0;0;0;1081295;6608;1342;19;1082469;3929;429;0;1
FR;4;2022-04-18;2;2;6;0;2;4;4;0;0;1081297;6610;1348;19;1082471;3933;433;0;1
FR;4;2022-04-19;2;0;1;0;2;0;1;0;0;1081299;6610;1349;19;1082473;3933;434;0;1
FR;4;2022-04-20;14;4;1;1;15;3;1;0;0;1081313;6614;1350;20;1082488;3936;435;0;1
FR;4;2022-04-21;7;1;0;0;7;1;0;0;0;1081320;6615;1350;20;1082495;3937;435;0;1
FR;4;2022-04-22;1;1;2;0;1;2;1;0;0;1081321;6616;1352;20;1082496;3939;436;0;1
FR;4;2022-04-23;2;3;3;0;2;6;0;0;0;1081323;6619;1355;20;1082498;3945;436;0;1
FR;4;2022-04-24;0;3;0;0;0;3;0;0;0;1081323;6622;1355;20;1082498;3948;436;0;1
FR;4;2022-04-25;3;5;3;0;3;8;0;0;0;1081326;6627;1358;20;1082501;3956;436;0;1
FR;4;2022-04-26;5;6;1;0;5;6;1;0;0;1081331;6633;1359;20;1082506;3962;437;0;1
FR;4;2022-04-27;4;1;1;1;5;1;1;0;0;1081335;6634;1360;21;1082511;3963;438;0;1
FR;4;2022-04-28;3;5;5;1;3;7;4;0;0;1081338;6639;1365;22;1082514;3970;442;0;1
FR;4;2022-04-29;6;3;0;0;6;2;0;0;0;1081344;6642;1365;22;1082520;3972;442;0;1
FR;4;2022-04-30;2;1;1;0;2;2;0;0;0;1081346;6643;1366;22;1082522;3974;442;0;1
FR;4;2022-05-01;0;0;0;0;0;0;0;0;0;1081346;6643;1366;22;1082522;3974;442;0;1
FR;4;2022-05-02;5;16;6;0;5;19;3;0;0;1081351;6659;1372;22;1082527;3993;445;0;1
FR;4;2022-05-03;2;6;2;0;2;7;1;0;0;1081353;6665;1374;22;1082529;4000;446;0;1
FR;4;2022-05-04;7;4;1;0;7;4;1;0;0;1081360;6669;1375;22;1082536;4004;447;0;1
FR;4;2022-05-05;3;2;1;1;4;1;2;0;0;1081363;6671;1376;23;1082540;4005;449;0;1
FR;4;2022-05-06;5;3;1;0;6;2;1;0;0;1081368;6674;1377;23;1082546;4007;450;0;1
FR;4;2022-05-07;0;0;0;0;0;0;0;0;0;1081368;6674;1377;23;1082546;4007;450;0;1
FR;4;2022-05-08;1;1;0;0;1;1;0;0;0;1081369;6675;1377;23;1082547;4008;450;0;1
FR;4;2022-05-09;5;1;0;1;5;1;1;0;0;1081374;6676;1377;24;1082552;4009;451;0;1
FR;4;2022-05-10;3;1;0;2;3;3;0;0;0;1081377;6677;1377;26;1082555;4012;451;0;1
FR;4;2022-05-11;3;2;4;0;3;5;1;0;0;1081380;6679;1381;26;1082558;4017;452;0;1
FR;4;2022-05-12;7;4;2;1;7;5;1;0;1;1081387;6683;1383;27;1082565;4022;453;0;2
FR;4;2022-05-13;1;0;2;0;1;2;0;0;0;1081388;6683;1385;27;1082566;4024;453;0;2
FR;4;2022-05-14;0;2;0;0;0;2;0;0;0;1081388;6685;1385;27;1082566;4026;453;0;2
FR;4;2022-05-15;2;2;0;0;4;0;0;0;0;1081390;6687;1385;27;1082570;4026;453;0;2
FR;4;2022-05-16;5;2;2;0;5;2;2;0;0;1081395;6689;1387;27;1082575;4028;455;0;2
FR;4;2022-05-17;5;1;2;0;5;3;0;0;0;1081400;6690;1389;27;1082580;4031;455;0;2
FR;4;2022-05-18;3;6;0;0;3;6;0;0;0;1081403;6696;1389;27;1082583;4037;455;0;2
FR;4;2022-05-19;2;3;3;0;2;5;1;0;0;1081405;6699;1392;27;1082585;4042;456;0;2
FR;4;2022-05-20;4;2;3;0;4;2;3;0;0;1081409;6701;1395;27;1082589;4044;459;0;2
FR;4;2022-05-21;2;0;1;0;2;1;0;0;0;1081411;6701;1396;27;1082591;4045;459;0;2
FR;4;2022-05-22;0;0;1;0;0;1;0;0;0;1081411;6701;1397;27;1082591;4046;459;0;2
FR;4;2022-05-23;0;0;2;0;0;0;2;0;0;1081411;6701;1399;27;1082591;4046;461;0;2
FR;4;2022-05-24;2;4;1;0;2;5;0;0;0;1081413;6705;1400;27;1082593;4051;461;0;2
FR;4;2022-05-25;1;4;1;0;3;3;0;0;0;1081414;6709;1401;27;1082596;4054;461;0;2
FR;4;2022-05-26;5;0;1;0;5;1;0;0;0;1081419;6709;1402;27;1082601;4055;461;0;2
FR;4;2022-05-27;0;2;1;1;0;3;1;0;0;1081419;6711;1403;28;1082601;4058;462;0;2
FR;4;2022-05-28;1;0;0;0;1;0;0;0;0;1081420;6711;1403;28;1082602;4058;462;0;2
FR;4;2022-05-29;1;0;1;0;1;1;0;0;0;1081421;6711;1404;28;1082603;4059;462;0;2
FR;4;2022-05-30;3;4;2;0;3;5;1;0;0;1081424;6715;1406;28;1082606;4064;463;0;2
FR;4;2022-05-31;2;1;0;0;2;1;0;0;0;1081426;6716;1406;28;1082608;4065;463;0;2
FR;4;2022-06-01;3;11;7;0;3;15;3;0;0;1081429;6727;1413;28;1082611;4080;466;0;2
FR;4;2022-06-02;6;7;3;0;6;7;2;0;0;1081435;6734;1416;28;1082617;4087;468;0;2
FR;4;2022-06-03;2;6;4;1;2;7;4;0;0;1081437;6740;1420;29;1082619;4094;472;0;2
FR;4;2022-06-04;0;1;1;1;0;1;2;0;0;1081437;6741;1421;30;1082619;4095;474;0;2
FR;4;2022-06-05;0;0;0;0;0;0;0;0;0;1081437;6741;1421;30;1082619;4095;474;0;2
FR;4;2022-06-06;7;0;3;0;7;2;1;0;0;1081444;6741;1424;30;1082626;4097;475;0;2
FR;4;2022-06-07;6;2;0;1;6;2;1;0;0;1081450;6743;1424;31;1082632;4099;476;0;2
FR;4;2022-06-08;0;4;3;0;0;7;0;0;0;1081450;6747;1427;31;1082632;4106;476;0;2
FR;4;2022-06-09;1;2;0;0;2;1;0;0;0;1081451;6749;1427;31;1082634;4107;476;0;2
FR;4;2022-06-10;3;0;3;0;3;1;2;0;0;1081454;6749;1430;31;1082637;4108;478;0;2
FR;4;2022-06-11;1;0;0;0;1;0;0;0;0;1081455;6749;1430;31;1082638;4108;478;0;2
FR;4;2022-06-12;4;0;0;0;4;0;0;0;0;1081459;6749;1430;31;1082642;4108;478;0;2
FR;4;2022-06-13;5;2;3;0;6;2;1;0;0;1081464;6751;1433;31;1082648;4110;479;0;2
FR;4;2022-06-14;4;3;0;0;5;2;0;0;0;1081468;6754;1433;31;1082653;4112;479;0;2
FR;4;2022-06-15;8;3;4;0;8;3;4;0;0;1081476;6757;1437;31;1082661;4115;483;0;2
FR;4;2022-06-16;2;3;1;1;3;2;1;0;1;1081478;6760;1438;32;1082664;4117;484;0;3
FR;4;2022-06-17;6;1;0;0;6;1;0;0;0;1081484;6761;1438;32;1082670;4118;484;0;3
FR;4;2022-06-18;0;0;0;0;0;0;0;0;0;1081484;6761;1438;32;1082670;4118;484;0;3
FR;4;2022-06-19;3;0;0;0;3;0;0;0;0;1081487;6761;1438;32;1082673;4118;484;0;3
FR;4;2022-06-20;4;2;2;1;4;3;2;0;0;1081491;6763;1440;33;1082677;4121;486;0;3
FR;4;2022-06-21;5;2;3;1;6;3;2;0;0;1081496;6765;1443;34;1082683;4124;488;0;3
FR;4;2022-06-22;3;2;1;3;4;2;1;0;0;1081499;6767;1444;37;1082687;4126;489;0;3
FR;4;2022-06-23;3;3;3;0;3;5;1;0;0;1081502;6770;1447;37;1082690;4131;490;0;3
FR;4;2022-06-24;3;0;2;0;3;0;2;0;0;1081505;6770;1449;37;1082693;4131;492;0;3
FR;4;2022-06-25;2;0;1;1;2;1;1;0;0;1081507;6770;1450;38;1082695;4132;493;0;3
FR;4;2022-06-26;0;0;1;0;0;1;0;0;0;1081507;6770;1451;38;1082695;4133;493;0;3
FR;4;2022-06-27;2;2;0;3;2;2;3;0;0;1081509;6772;1451;41;1082697;4135;496;0;3
FR;4;2022-06-28;0;4;2;1;0;5;2;0;0;1081509;6776;1453;42;1082697;4140;498;0;3
FR;4;2022-06-29;1;2;0;0;1;2;0;0;0;1081510;6778;1453;42;1082698;4142;498;0;3
FR;4;2022-06-30;2;0;0;0;2;0;0;0;0;1081512;6778;1453;42;1082700;4142;498;0;3
FR;4;2022-07-01;2;4;8;0;2;4;8;0;0;1081514;6782;1461;42;1082702;4146;506;0;3
FR;4;2022-07-02;0;1;0;0;1;0;0;0;0;1081514;6783;1461;42;1082703;4146;506;0;3
FR;4;2022-07-03;0;0;0;0;0;0;0;0;0;1081514;6783;1461;42;1082703;4146;506;0;3
FR;4;2022-07-04;3;1;0;0;3;1;0;0;0;1081517;6784;1461;42;1082706;4147;506;0;3
FR;4;2022-07-05;2;0;2;0;2;2;0;0;0;1081519;6784;1463;42;1082708;4149;506;0;3
FR;4;2022-07-06;5;0;1;1;5;0;1;0;1;1081524;6784;1464;43;1082713;4149;507;0;4
FR;4;2022-07-07;1;0;2;1;1;0;3;0;0;1081525;6784;1466;44;1082714;4149;510;0;4
FR;4;2022-07-08;3;1;0;0;3;1;0;0;0;1081528;6785;1466;44;1082717;4150;510;0;4
FR;4;2022-07-09;2;2;1;0;2;3;0;0;0;1081530;6787;1467;44;1082719;4153;510;0;4
FR;4;2022-07-10;2;0;1;0;2;0;0;0;0;1081532;6787;1468;44;1082721;4153;510;0;4
FR;4;2022-07-11;2;0;2;0;2;0;1;0;0;1081534;6787;1470;44;1082723;4153;511;0;4
FR;4;2022-07-12;0;0;2;0;0;2;0;0;0;1081534;6787;1472;44;1082723;4155;511;0;4
FR;4;2022-07-13;2;2;3;0;2;2;3;0;0;1081536;6789;1475;44;1082725;4157;514;0;4
FR;4;2022-07-14;4;0;1;0;4;0;1;0;0;1081540;6789;1476;44;1082729;4157;515;0;4
FR;4;2022-07-15;10;2;0;0;10;2;0;0;0;1081550;6791;1476;44;1082739;4159;515;0;4
FR;4;2022-07-16;4;0;0;2;4;0;2;0;0;1081554;6791;1476;46;1082743;4159;517;0;4
FR;4;2022-07-17;1;0;1;1;1;0;2;0;0;1081555;6791;1477;47;1082744;4159;519;0;4
FR;4;2022-07-18;3;3;2;0;3;3;2;0;0;1081558;6794;1479;47;1082747;4162;521;0;4
FR;4;2022-07-19;4;0;1;0;4;1;0;0;0;1081562;6794;1480;47;1082751;4163;521;0;4
FR;4;2022-07-20;10;0;1;0;10;1;0;0;0;1081572;6794;1481;47;1082761;4164;521;0;4
FR;4;2022-07-21;2;1;1;0;2;1;1;0;0;1081574;6795;1482;47;1082763;4165;522;0;4
FR;4;2022-07-22;4;0;3;0;4;1;2;0;0;1081578;6795;1485;47;1082767;4166;524;0;4
FR;4;2022-07-23;1;2;0;0;1;1;0;0;0;1081579;6797;1485;47;1082768;4167;524;0;4
FR;4;2022-07-24;0;0;0;0;0;0;0;0;0;1081579;6797;1485;47;1082768;4167;524;0;4
FR;4;2022-07-25;5;0;2;0;5;2;0;0;0;1081584;6797;1487;47;1082773;4169;524;0;4
FR;4;2022-07-26;2;0;0;0;2;0;0;0;0;1081586;6797;1487;47;1082775;4169;524;0;4
FR;4;2022-07-27;2;1;0;0;2;0;0;0;0;1081588;6798;1487;47;1082777;4169;524;0;4
FR;4;2022-07-28;11;0;0;0;11;0;0;0;0;1081599;6798;1487;47;1082788;4169;524;0;4
FR;4;2022-07-29;3;0;2;0;3;1;1;0;0;1081602;6798;1489;47;1082791;4170;525;0;4
FR;4;2022-07-30;4;0;2;0;4;0;2;0;0;1081606;6798;1491;47;1082795;4170;527;0;4
FR;4;2022-07-31;0;0;0;0;0;0;0;0;0;1081606;6798;1491;47;1082795;4170;527;0;4
FR;4;2022-08-01;2;0;3;0;2;2;1;0;0;1081608;6798;1494;47;1082797;4172;528;0;4
FR;4;2022-08-02;6;0;0;0;6;0;0;0;0;1081614;6798;1494;47;1082803;4172;528;0;4
FR;4;2022-08-03;1;2;1;0;1;2;1;0;0;1081615;6800;1495;47;1082804;4174;529;0;4
FR;4;2022-08-04;4;2;0;1;4;2;1;0;0;1081619;6802;1495;48;1082808;4176;530;0;4
FR;4;2022-08-05;2;0;1;0;2;0;1;0;0;1081621;6802;1496;48;1082810;4176;531;0;4
FR;4;2022-08-06;2;0;0;0;2;0;0;0;0;1081623;6802;1496;48;1082812;4176;531;0;4
FR;4;2022-08-07;5;0;0;0;5;0;0;0;0;1081628;6802;1496;48;1082817;4176;531;0;4
FR;4;2022-08-08;1;0;1;1;1;1;1;0;0;1081629;6802;1497;49;1082818;4177;532;0;4
FR;4;2022-08-09;1;1;1;2;1;2;2;0;0;1081630;6803;1498;51;1082819;4179;534;0;4
FR;4;2022-08-10;5;1;1;0;6;1;0;0;0;1081635;6804;1499;51;1082825;4180;534;0;4
FR;4;2022-08-11;2;0;1;0;2;1;0;0;0;1081637;6804;1500;51;1082827;4181;534;0;4
FR;4;2022-08-12;4;0;1;0;4;0;1;0;0;1081641;6804;1501;51;1082831;4181;535;0;4
FR;4;2022-08-13;1;0;0;0;1;0;0;0;0;1081642;6804;1501;51;1082832;4181;535;0;4
FR;4;2022-08-14;0;0;0;0;0;0;0;0;0;1081642;6804;1501;51;1082832;4181;535;0;4
FR;4;2022-08-15;1;2;3;0;1;2;3;0;0;1081643;6806;1504;51;1082833;4183;538;0;4
FR;4;2022-08-16;0;0;1;0;0;1;0;0;0;1081643;6806;1505;51;1082833;4184;538;0;4
FR;4;2022-08-17;2;0;0;0;2;0;0;0;0;1081645;6806;1505;51;1082835;4184;538;0;4
FR;4;2022-08-18;3;0;0;0;3;0;0;0;0;1081648;6806;1505;51;1082838;4184;538;0;4
FR;4;2022-08-19;5;0;0;0;5;0;0;0;0;1081653;6806;1505;51;1082843;4184;538;0;4
FR;4;2022-08-20;1;1;0;0;2;0;0;0;0;1081654;6807;1505;51;1082845;4184;538;0;4
FR;4;2022-08-21;1;0;0;0;1;0;0;0;0;1081655;6807;1505;51;1082846;4184;538;0;4
FR;4;2022-08-22;4;9;0;0;4;9;0;0;0;1081659;6816;1505;51;1082850;4193;538;0;4
FR;4;2022-08-23;3;3;3;0;3;4;2;0;0;1081662;6819;1508;51;1082853;4197;540;0;4
FR;4;2022-08-24;5;0;0;1;5;0;1;0;0;1081667;6819;1508;52;1082858;4197;541;0;4
FR;4;2022-08-25;1;3;1;0;1;3;1;0;0;1081668;6822;1509;52;1082859;4200;542;0;4
FR;4;2022-08-26;2;0;0;1;2;0;1;0;0;1081670;6822;1509;53;1082861;4200;543;0;4
FR;4;2022-08-27;1;0;0;0;1;0;0;0;0;1081671;6822;1509;53;1082862;4200;543;0;4
FR;4;2022-08-28;0;1;0;0;0;0;0;0;0;1081671;6823;1509;53;1082862;4200;543;0;4
FR;4;2022-08-29;7;0;0;0;7;0;0;0;0;1081678;6823;1509;53;1082869;4200;543;0;4
FR;4;2022-08-30;5;0;0;0;5;0;0;0;0;1081683;6823;1509;53;1082874;4200;543;0;4
FR;4;2022-08-31;2;1;0;0;2;1;0;0;0;1081685;6824;1509;53;1082876;4201;543;0;4
FR;4;2022-09-01;3;8;2;0;4;7;2;0;0;1081688;6832;1511;53;1082880;4208;545;0;4
FR;4;2022-09-02;2;1;1;0;2;2;0;0;0;1081690;6833;1512;53;1082882;4210;545;0;4
FR;4;2022-09-03;3;0;0;0;3;0;0;0;0;1081693;6833;1512;53;1082885;4210;545;0;4
FR;4;2022-09-04;1;0;0;0;1;0;0;0;0;1081694;6833;1512;53;1082886;4210;545;0;4
FR;4;2022-09-05;2;2;0;0;2;2;0;0;0;1081696;6835;1512;53;1082888;4212;545;0;4
FR;4;2022-09-06;1;0;0;0;1;0;0;0;0;1081697;6835;1512;53;1082889;4212;545;0;4
FR;4;2022-09-07;1;0;1;1;1;1;1;0;0;1081698;6835;1513;54;1082890;4213;546;0;4
FR;4;2022-09-08;3;0;0;0;3;0;0;0;0;1081701;6835;1513;54;1082893;4213;546;0;4
FR;4;2022-09-09;2;0;0;0;2;0;0;0;0;1081703;6835;1513;54;1082895;4213;546;0;4
FR;4;2022-09-10;0;0;0;3;0;1;2;0;0;1081703;6835;1513;57;1082895;4214;548;0;4
FR;4;2022-09-11;2;0;0;0;2;0;0;0;0;1081705;6835;1513;57;1082897;4214;548;0;4
FR;4;2022-09-12;1;1;1;0;1;1;1;0;0;1081706;6836;1514;57;1082898;4215;549;0;4
FR;4;2022-09-13;1;0;0;0;1;0;0;0;0;1081707;6836;1514;57;1082899;4215;549;0;4
FR;4;2022-09-14;2;0;0;0;2;0;0;0;0;1081709;6836;1514;57;1082901;4215;549;0;4
FR;4;2022-09-15;4;0;0;0;4;0;0;0;0;1081713;6836;1514;57;1082905;4215;549;0;4
FR;4;2022-09-16;0;0;0;0;0;0;0;0;0;1081713;6836;1514;57;1082905;4215;549;0;4
FR;4;2022-09-17;2;0;0;0;2;0;0;0;0;1081715;6836;1514;57;1082907;4215;549;0;4
FR;4;2022-09-18;0;1;0;0;0;1;0;0;0;1081715;6837;1514;57;1082907;4216;549;0;4
FR;4;2022-09-19;2;0;2;0;2;2;0;0;0;1081717;6837;1516;57;1082909;4218;549;0;4
FR;4;2022-09-20;4;0;0;0;4;0;0;0;0;1081721;6837;1516;57;1082913;4218;549;0;4
FR;4;2022-09-21;2;1;0;0;2;1;0;0;0;1081723;6838;1516;57;1082915;4219;549;0;4
FR;4;2022-09-22;1;1;0;0;1;1;0;0;0;1081724;6839;1516;57;1082916;4220;549;0;4
FR;4;2022-09-23;2;3;0;0;3;2;0;0;0;1081726;6842;1516;57;1082919;4222;549;0;4
FR;4;2022-09-24;1;0;0;0;1;0;0;0;0;1081727;6842;1516;57;1082920;4222;549;0;4
FR;4;2022-09-25;0;0;0;0;0;0;0;0;0;1081727;6842;1516;57;1082920;4222;549;0;4
FR;4;2022-09-26;2;0;1;0;2;0;1;0;0;1081729;6842;1517;57;1082922;4222;550;0;4
FR;4;2022-09-27;0;0;1;1;0;0;2;0;0;1081729;6842;1518;58;1082922;4222;552;0;4
FR;4;2022-09-28;3;0;2;0;3;2;0;0;0;1081732;6842;1520;58;1082925;4224;552;0;4
FR;4;2022-09-29;3;0;1;1;3;1;1;0;0;1081735;6842;1521;59;1082928;4225;553;0;4
FR;4;2022-09-30;1;0;0;0;1;0;0;0;0;1081736;6842;1521;59;1082929;4225;553;0;4
FR;4;2022-10-01;1;1;0;0;2;0;0;0;0;1081737;6843;1521;59;1082931;4225;553;0;4
FR;4;2022-10-02;0;1;0;0;0;1;0;0;0;1081737;6844;1521;59;1082931;4226;553;0;4
FR;4;2022-10-03;3;2;1;0;4;2;0;0;0;1081740;6846;1522;59;1082935;4228;553;0;4
FR;4;2022-10-04;2;0;0;0;2;0;0;0;0;1081742;6846;1522;59;1082937;4228;553;0;4
FR;4;2022-10-05;0;1;0;0;0;1;0;0;0;1081742;6847;1522;59;1082937;4229;553;0;4
FR;4;2022-10-06;1;0;0;0;1;0;0;0;0;1081743;6847;1522;59;1082938;4229;553;0;4
FR;4;2022-10-07;3;0;1;0;3;0;1;0;0;1081746;6847;1523;59;1082941;4229;554;0;4
FR;4;2022-10-08;3;1;0;0;3;0;0;0;0;1081749;6848;1523;59;1082944;4229;554;0;4
FR;4;2022-10-09;0;0;0;0;0;0;0;0;0;1081749;6848;1523;59;1082944;4229;554;0;4
FR;4;2022-10-10;4;0;2;3;4;2;1;0;2;1081753;6848;1525;62;1082948;4231;555;0;6
FR;4;2022-10-11;1;2;0;0;1;1;0;0;0;1081754;6850;1525;62;1082949;4232;555;0;6
FR;4;2022-10-12;0;0;0;0;0;0;0;0;0;1081754;6850;1525;62;1082949;4232;555;0;6
FR;4;2022-10-13;5;0;0;0;5;0;0;0;0;1081759;6850;1525;62;1082954;4232;555;0;6
FR;4;2022-10-14;1;0;0;0;1;0;0;0;0;1081760;6850;1525;62;1082955;4232;555;0;6
FR;4;2022-10-15;0;1;0;0;0;1;0;0;0;1081760;6851;1525;62;1082955;4233;555;0;6
FR;4;2022-10-16;0;0;0;0;0;0;0;0;0;1081760;6851;1525;62;1082955;4233;555;0;6
FR;4;2022-10-17;2;0;1;0;2;1;0;0;0;1081762;6851;1526;62;1082957;4234;555;0;6
FR;4;2022-10-18;1;0;0;1;1;0;1;0;0;1081763;6851;1526;63;1082958;4234;556;0;6
FR;4;2022-10-19;1;0;0;2;1;0;2;0;3;1081764;6851;1526;65;1082959;4234;558;0;9
FR;4;2022-10-20;4;1;0;0;4;1;0;0;0;1081768;6852;1526;65;1082963;4235;558;0;9
FR;4;2022-10-21;1;0;0;0;1;0;0;0;0;1081769;6852;1526;65;1082964;4235;558;0;9
FR;4;2022-10-22;1;0;0;0;1;0;0;0;0;1081770;6852;1526;65;1082965;4235;558;0;9
FR;4;2022-10-23;0;0;0;0;0;0;0;0;0;1081770;6852;1526;65;1082965;4235;558;0;9
FR;4;2022-10-24;1;0;0;0;1;0;0;0;0;1081771;6852;1526;65;1082966;4235;558;0;9
FR;4;2022-10-25;1;0;0;0;1;0;0;0;0;1081772;6852;1526;65;1082967;4235;558;0;9
FR;4;2022-10-26;2;1;0;0;2;1;0;0;0;1081774;6853;1526;65;1082969;4236;558;0;9
FR;4;2022-10-27;3;1;1;0;3;0;1;0;0;1081777;6854;1527;65;1082972;4236;559;0;9
FR;4;2022-10-28;0;0;0;0;0;0;0;0;0;1081777;6854;1527;65;1082972;4236;559;0;9
FR;4;2022-10-29;1;0;0;3;1;0;3;0;3;1081778;6854;1527;68;1082973;4236;562;0;12
FR;4;2022-10-30;1;0;0;0;1;0;0;0;0;1081779;6854;1527;68;1082974;4236;562;0;12
FR;4;2022-10-31;0;0;0;0;0;0;0;0;0;1081779;6854;1527;68;1082974;4236;562;0;12
FR;4;2022-11-01;1;5;0;0;1;5;0;0;0;1081780;6859;1527;68;1082975;4241;562;0;12
FR;4;2022-11-02;0;0;2;2;0;1;3;0;0;1081780;6859;1529;70;1082975;4242;565;0;12
FR;4;2022-11-03;1;0;0;0;1;0;0;0;0;1081781;6859;1529;70;1082976;4242;565;0;12
FR;4;2022-11-04;4;1;0;0;4;0;0;0;0;1081785;6860;1529;70;1082980;4242;565;0;12
FR;4;2022-11-05;0;0;0;0;0;0;0;0;0;1081785;6860;1529;70;1082980;4242;565;0;12
FR;4;2022-11-06;1;0;0;0;1;0;0;0;0;1081786;6860;1529;70;1082981;4242;565;0;12
FR;4;2022-11-07;2;0;0;0;2;0;0;0;0;1081788;6860;1529;70;1082983;4242;565;0;12
FR;4;2022-11-08;7;0;0;0;7;0;0;0;0;1081795;6860;1529;70;1082990;4242;565;0;12
FR;4;2022-11-09;0;0;0;0;0;0;0;0;0;1081795;6860;1529;70;1082990;4242;565;0;12
FR;4;2022-11-10;0;0;0;0;0;0;0;0;0;1081795;6860;1529;70;1082990;4242;565;0;12
FR;4;2022-11-11;1;0;0;0;1;0;0;0;0;1081796;6860;1529;70;1082991;4242;565;0;12
FR;4;2022-11-12;3;1;0;0;3;1;0;0;0;1081799;6861;1529;70;1082994;4243;565;0;12
FR;4;2022-11-13;0;0;0;0;0;0;0;0;0;1081799;6861;1529;70;1082994;4243;565;0;12
FR;4;2022-11-14;0;0;0;0;0;0;0;0;0;1081799;6861;1529;70;1082994;4243;565;0;12
FR;4;2022-11-15;3;0;0;0;3;0;0;0;0;1081802;6861;1529;70;1082997;4243;565;0;12
FR;4;2022-11-16;1;1;0;0;1;1;0;0;0;1081803;6862;1529;70;1082998;4244;565;0;12
FR;4;2022-11-17;0;0;0;0;0;0;0;0;0;1081803;6862;1529;70;1082998;4244;565;0;12
FR;4;2022-11-18;2;0;1;0;2;0;1;0;0;1081805;6862;1530;70;1083000;4244;566;0;12
FR;4;2022-11-19;0;0;0;0;0;0;0;0;0;1081805;6862;1530;70;1083000;4244;566;0;12
FR;4;2022-11-20;0;0;0;0;0;0;0;0;0;1081805;6862;1530;70;1083000;4244;566;0;12
FR;4;2022-11-21;0;0;0;0;0;0;0;0;0;1081805;6862;1530;70;1083000;4244;566;0;12
FR;4;2022-11-22;0;0;0;0;0;0;0;0;0;1081805;6862;1530;70;1083000;4244;566;0;12
FR;4;2022-11-23;1;0;0;0;1;0;0;0;1;1081806;6862;1530;70;1083001;4244;566;0;13
FR;4;2022-11-24;0;0;0;0;0;0;0;0;0;1081806;6862;1530;70;1083001;4244;566;0;13
FR;4;2022-11-25;3;1;0;0;3;1;0;0;0;1081809;6863;1530;70;1083004;4245;566;0;13
FR;4;2022-11-26;0;0;0;0;0;0;0;0;0;1081809;6863;1530;70;1083004;4245;566;0;13
FR;4;2022-11-27;0;0;0;0;0;0;0;0;0;1081809;6863;1530;70;1083004;4245;566;0;13
FR;4;2022-11-28;3;0;0;0;3;0;0;0;0;1081812;6863;1530;70;1083007;4245;566;0;13
FR;4;2022-11-29;2;0;0;0;2;0;0;0;0;1081814;6863;1530;70;1083009;4245;566;0;13
FR;4;2022-11-30;0;0;0;0;0;0;0;0;0;1081814;6863;1530;70;1083009;4245;566;0;13
FR;4;2022-12-01;1;1;2;0;1;2;1;0;0;1081815;6864;1532;70;1083010;4247;567;0;13
FR;4;2022-12-02;2;0;0;1;2;0;0;0;1;1081817;6864;1532;71;1083012;4247;567;0;14
FR;4;2022-12-03;1;0;0;0;1;0;0;0;0;1081818;6864;1532;71;1083013;4247;567;0;14
FR;4;2022-12-04;0;0;0;0;0;0;0;0;0;1081818;6864;1532;71;1083013;4247;567;0;14
FR;4;2022-12-05;1;0;0;0;1;0;0;0;0;1081819;6864;1532;71;1083014;4247;567;0;14
FR;4;2022-12-06;1;0;0;0;1;0;0;0;0;1081820;6864;1532;71;1083015;4247;567;0;14
FR;4;2022-12-07;2;0;0;0;2;0;0;0;0;1081822;6864;1532;71;1083017;4247;567;0;14
FR;4;2022-12-08;1;0;0;0;1;0;0;0;0;1081823;6864;1532;71;1083018;4247;567;0;14
FR;4;2022-12-09;1;0;0;0;1;0;0;0;0;1081824;6864;1532;71;1083019;4247;567;0;14
FR;4;2022-12-10;1;0;0;0;1;0;0;0;0;1081825;6864;1532;71;1083020;4247;567;0;14
FR;4;2022-12-11;0;0;0;0;0;0;0;0;0;1081825;6864;1532;71;1083020;4247;567;0;14
FR;4;2022-12-12;0;1;0;5;0;1;5;0;0;1081825;6865;1532;76;1083020;4248;572;0;14
FR;4;2022-12-13;1;0;0;0;1;0;0;0;0;1081826;6865;1532;76;1083021;4248;572;0;14
FR;4;2022-12-14;0;0;0;0;0;0;0;0;0;1081826;6865;1532;76;1083021;4248;572;0;14
FR;4;2022-12-15;1;0;0;0;1;0;0;0;0;1081827;6865;1532;76;1083022;4248;572;0;14
FR;4;2022-12-16;1;0;0;0;1;0;0;0;0;1081828;6865;1532;76;1083023;4248;572;0;14
FR;4;2022-12-17;0;0;0;0;0;0;0;0;0;1081828;6865;1532;76;1083023;4248;572;0;14
FR;4;2022-12-18;0;0;0;0;0;0;0;0;0;1081828;6865;1532;76;1083023;4248;572;0;14
FR;5;2020-12-27;0;0;0;0;0;0;0;0;0;0;0;0;0;0;0;0;0;0
FR;5;2020-12-28;0;0;0;0;0;0;0;0;0;0;0;0;0;0;0;0;0;0
FR;5;2020-12-29;0;0;0;0;0;0;0;0;0;0;0;0;0;0;0;0;0;0
FR;5;2020-12-30;0;0;0;0;0;0;0;0;0;0;0;0;0;0;0;0;0;0
FR;5;2020-12-31;0;0;0;0;0;0;0;0;0;0;0;0;0;0;0;0;0;0
FR;5;2021-01-01;0;0;0;0;0;0;0;0;0;0;0;0;0;0;0;0;0;0
FR;5;2021-01-02;0;0;0;0;0;0;0;0;0;0;0;0;0;0;0;0;0;0
FR;5;2021-01-03;0;0;0;0;0;0;0;0;0;0;0;0;0;0;0;0;0;0
FR;5;2021-01-04;0;0;0;0;0;0;0;0;0;0;0;0;0;0;0;0;0;0
FR;5;2021-01-05;0;0;0;0;0;0;0;0;0;0;0;0;0;0;0;0;0;0
FR;5;2021-01-06;0;0;0;0;0;0;0;0;0;0;0;0;0;0;0;0;0;0
FR;5;2021-01-07;0;0;0;0;0;0;0;0;0;0;0;0;0;0;0;0;0;0
FR;5;2021-01-08;0;0;0;0;0;0;0;0;0;0;0;0;0;0;0;0;0;0
FR;5;2021-01-09;0;0;0;0;0;0;0;0;0;0;0;0;0;0;0;0;0;0
FR;5;2021-01-10;0;0;0;0;0;0;0;0;0;0;0;0;0;0;0;0;0;0
FR;5;2021-01-11;0;0;0;0;0;0;0;0;0;0;0;0;0;0;0;0;0;0
FR;5;2021-01-12;0;0;0;0;0;0;0;0;0;0;0;0;0;0;0;0;0;0
FR;5;2021-01-13;0;0;0;0;0;0;0;0;0;0;0;0;0;0;0;0;0;0
FR;5;2021-01-14;0;0;0;0;0;0;0;0;0;0;0;0;0;0;0;0;0;0
FR;5;2021-01-15;0;0;0;0;0;0;0;0;0;0;0;0;0;0;0;0;0;0
FR;5;2021-01-16;0;0;0;0;0;0;0;0;0;0;0;0;0;0;0;0;0;0
FR;5;2021-01-17;0;0;0;0;0;0;0;0;0;0;0;0;0;0;0;0;0;0
FR;5;2021-01-18;0;0;0;0;0;0;0;0;0;0;0;0;0;0;0;0;0;0
FR;5;2021-01-19;0;0;0;0;0;0;0;0;0;0;0;0;0;0;0;0;0;0
FR;5;2021-01-20;0;0;0;0;0;0;0;0;0;0;0;0;0;0;0;0;0;0
FR;5;2021-01-21;0;0;0;0;0;0;0;0;0;0;0;0;0;0;0;0;0;0
FR;5;2021-01-22;0;0;0;0;0;0;0;0;0;0;0;0;0;0;0;0;0;0
FR;5;2021-01-23;0;0;0;0;0;0;0;0;0;0;0;0;0;0;0;0;0;0
FR;5;2021-01-24;0;0;0;0;0;0;0;0;0;0;0;0;0;0;0;0;0;0
FR;5;2021-01-25;0;0;0;0;0;0;0;0;0;0;0;0;0;0;0;0;0;0
FR;5;2021-01-26;0;0;0;0;0;0;0;0;0;0;0;0;0;0;0;0;0;0
FR;5;2021-01-27;0;0;0;0;0;0;0;0;0;0;0;0;0;0;0;0;0;0
FR;5;2021-01-28;0;0;0;0;0;0;0;0;0;0;0;0;0;0;0;0;0;0
FR;5;2021-01-29;0;0;0;0;0;0;0;0;0;0;0;0;0;0;0;0;0;0
FR;5;2021-01-30;0;0;0;0;0;0;0;0;0;0;0;0;0;0;0;0;0;0
FR;5;2021-01-31;0;0;0;0;0;0;0;0;0;0;0;0;0;0;0;0;0;0
FR;5;2021-02-01;0;0;0;0;0;0;0;0;0;0;0;0;0;0;0;0;0;0
FR;5;2021-02-02;0;0;0;0;0;0;0;0;0;0;0;0;0;0;0;0;0;0
FR;5;2021-02-03;0;0;0;0;0;0;0;0;0;0;0;0;0;0;0;0;0;0
FR;5;2021-02-04;0;0;0;0;0;0;0;0;0;0;0;0;0;0;0;0;0;0
FR;5;2021-02-05;0;0;0;0;0;0;0;0;0;0;0;0;0;0;0;0;0;0
FR;5;2021-02-06;0;0;0;0;0;0;0;0;0;0;0;0;0;0;0;0;0;0
FR;5;2021-02-07;0;0;0;0;0;0;0;0;0;0;0;0;0;0;0;0;0;0
FR;5;2021-02-08;0;0;0;0;0;0;0;0;0;0;0;0;0;0;0;0;0;0
FR;5;2021-02-09;0;0;0;0;0;0;0;0;0;0;0;0;0;0;0;0;0;0
FR;5;2021-02-10;0;0;0;0;0;0;0;0;0;0;0;0;0;0;0;0;0;0
FR;5;2021-02-11;0;0;0;0;0;0;0;0;0;0;0;0;0;0;0;0;0;0
FR;5;2021-02-12;0;0;0;0;0;0;0;0;0;0;0;0;0;0;0;0;0;0
FR;5;2021-02-13;0;0;0;0;0;0;0;0;0;0;0;0;0;0;0;0;0;0
FR;5;2021-02-14;0;0;0;0;0;0;0;0;0;0;0;0;0;0;0;0;0;0
FR;5;2021-02-15;0;0;0;0;0;0;0;0;0;0;0;0;0;0;0;0;0;0
FR;5;2021-02-16;0;0;0;0;0;0;0;0;0;0;0;0;0;0;0;0;0;0
FR;5;2021-02-17;0;0;0;0;0;0;0;0;0;0;0;0;0;0;0;0;0;0
FR;5;2021-02-18;0;0;0;0;0;0;0;0;0;0;0;0;0;0;0;0;0;0
FR;5;2021-02-19;0;0;0;0;0;0;0;0;0;0;0;0;0;0;0;0;0;0
FR;5;2021-02-20;0;0;0;0;0;0;0;0;0;0;0;0;0;0;0;0;0;0
FR;5;2021-02-21;0;0;0;0;0;0;0;0;0;0;0;0;0;0;0;0;0;0
FR;5;2021-02-22;0;0;0;0;0;0;0;0;0;0;0;0;0;0;0;0;0;0
FR;5;2021-02-23;0;0;0;0;0;0;0;0;0;0;0;0;0;0;0;0;0;0
FR;5;2021-02-24;0;0;0;0;0;0;0;0;0;0;0;0;0;0;0;0;0;0
FR;5;2021-02-25;0;0;0;0;0;0;0;0;0;0;0;0;0;0;0;0;0;0
FR;5;2021-02-26;0;0;0;0;0;0;0;0;0;0;0;0;0;0;0;0;0;0
FR;5;2021-02-27;0;0;0;0;0;0;0;0;0;0;0;0;0;0;0;0;0;0
FR;5;2021-02-28;0;0;0;0;0;0;0;0;0;0;0;0;0;0;0;0;0;0
FR;5;2021-03-01;0;0;0;0;0;0;0;0;0;0;0;0;0;0;0;0;0;0
FR;5;2021-03-02;0;0;0;0;0;0;0;0;0;0;0;0;0;0;0;0;0;0
FR;5;2021-03-03;0;0;0;0;0;0;0;0;0;0;0;0;0;0;0;0;0;0
FR;5;2021-03-04;0;0;0;0;0;0;0;0;0;0;0;0;0;0;0;0;0;0
FR;5;2021-03-05;0;0;0;0;0;0;0;0;0;0;0;0;0;0;0;0;0;0
FR;5;2021-03-06;0;0;0;0;0;0;0;0;0;0;0;0;0;0;0;0;0;0
FR;5;2021-03-07;0;0;0;0;0;0;0;0;0;0;0;0;0;0;0;0;0;0
FR;5;2021-03-08;0;0;0;0;0;0;0;0;0;0;0;0;0;0;0;0;0;0
FR;5;2021-03-09;0;0;0;0;0;0;0;0;0;0;0;0;0;0;0;0;0;0
FR;5;2021-03-10;0;0;0;0;0;0;0;0;0;0;0;0;0;0;0;0;0;0
FR;5;2021-03-11;0;0;0;0;0;0;0;0;0;0;0;0;0;0;0;0;0;0
FR;5;2021-03-12;0;0;0;0;0;0;0;0;0;0;0;0;0;0;0;0;0;0
FR;5;2021-03-13;0;0;0;0;0;0;0;0;0;0;0;0;0;0;0;0;0;0
FR;5;2021-03-14;0;0;0;0;0;0;0;0;0;0;0;0;0;0;0;0;0;0
FR;5;2021-03-15;0;0;0;0;0;0;0;0;0;0;0;0;0;0;0;0;0;0
FR;5;2021-03-16;0;0;0;0;0;0;0;0;0;0;0;0;0;0;0;0;0;0
FR;5;2021-03-17;0;0;0;0;0;0;0;0;0;0;0;0;0;0;0;0;0;0
FR;5;2021-03-18;0;0;0;0;0;0;0;0;0;0;0;0;0;0;0;0;0;0
FR;5;2021-03-19;0;0;0;0;0;0;0;0;0;0;0;0;0;0;0;0;0;0
FR;5;2021-03-20;0;0;0;0;0;0;0;0;0;0;0;0;0;0;0;0;0;0
FR;5;2021-03-21;0;0;0;0;0;0;0;0;0;0;0;0;0;0;0;0;0;0
FR;5;2021-03-22;0;0;0;0;0;0;0;0;0;0;0;0;0;0;0;0;0;0
FR;5;2021-03-23;0;0;0;0;0;0;0;0;0;0;0;0;0;0;0;0;0;0
FR;5;2021-03-24;0;0;0;0;0;0;0;0;0;0;0;0;0;0;0;0;0;0
FR;5;2021-03-25;0;0;0;0;0;0;0;0;0;0;0;0;0;0;0;0;0;0
FR;5;2021-03-26;0;0;0;0;0;0;0;0;0;0;0;0;0;0;0;0;0;0
FR;5;2021-03-27;0;0;0;0;0;0;0;0;0;0;0;0;0;0;0;0;0;0
FR;5;2021-03-28;0;0;0;0;0;0;0;0;0;0;0;0;0;0;0;0;0;0
FR;5;2021-03-29;0;0;0;0;0;0;0;0;0;0;0;0;0;0;0;0;0;0
FR;5;2021-03-30;0;0;0;0;0;0;0;0;0;0;0;0;0;0;0;0;0;0
FR;5;2021-03-31;0;0;0;0;0;0;0;0;0;0;0;0;0;0;0;0;0;0
FR;5;2021-04-01;0;0;0;0;0;0;0;0;0;0;0;0;0;0;0;0;0;0
FR;5;2021-04-02;0;0;0;0;0;0;0;0;0;0;0;0;0;0;0;0;0;0
FR;5;2021-04-03;0;0;0;0;0;0;0;0;0;0;0;0;0;0;0;0;0;0
FR;5;2021-04-04;0;0;0;0;0;0;0;0;0;0;0;0;0;0;0;0;0;0
FR;5;2021-04-05;0;0;0;0;0;0;0;0;0;0;0;0;0;0;0;0;0;0
FR;5;2021-04-06;0;0;0;0;0;0;0;0;0;0;0;0;0;0;0;0;0;0
FR;5;2021-04-07;0;0;0;0;0;0;0;0;0;0;0;0;0;0;0;0;0;0
FR;5;2021-04-08;0;0;0;0;0;0;0;0;0;0;0;0;0;0;0;0;0;0
FR;5;2021-04-09;0;0;0;0;0;0;0;0;0;0;0;0;0;0;0;0;0;0
FR;5;2021-04-10;0;0;0;0;0;0;0;0;0;0;0;0;0;0;0;0;0;0
FR;5;2021-04-11;0;0;0;0;0;0;0;0;0;0;0;0;0;0;0;0;0;0
FR;5;2021-04-12;0;0;0;0;0;0;0;0;0;0;0;0;0;0;0;0;0;0
FR;5;2021-04-13;0;0;0;0;0;0;0;0;0;0;0;0;0;0;0;0;0;0
FR;5;2021-04-14;0;0;0;0;0;0;0;0;0;0;0;0;0;0;0;0;0;0
FR;5;2021-04-15;0;0;0;0;0;0;0;0;0;0;0;0;0;0;0;0;0;0
FR;5;2021-04-16;0;0;0;0;0;0;0;0;0;0;0;0;0;0;0;0;0;0
FR;5;2021-04-17;0;0;0;0;0;0;0;0;0;0;0;0;0;0;0;0;0;0
FR;5;2021-04-18;0;0;0;0;0;0;0;0;0;0;0;0;0;0;0;0;0;0
FR;5;2021-04-19;0;0;0;0;0;0;0;0;0;0;0;0;0;0;0;0;0;0
FR;5;2021-04-20;0;0;0;0;0;0;0;0;0;0;0;0;0;0;0;0;0;0
FR;5;2021-04-21;0;0;0;0;0;0;0;0;0;0;0;0;0;0;0;0;0;0
FR;5;2021-04-22;0;0;0;0;0;0;0;0;0;0;0;0;0;0;0;0;0;0
FR;5;2021-04-23;0;0;0;0;0;0;0;0;0;0;0;0;0;0;0;0;0;0
FR;5;2021-04-24;0;0;0;0;0;0;0;0;0;0;0;0;0;0;0;0;0;0
FR;5;2021-04-25;0;0;0;0;0;0;0;0;0;0;0;0;0;0;0;0;0;0
FR;5;2021-04-26;0;0;0;0;0;0;0;0;0;0;0;0;0;0;0;0;0;0
FR;5;2021-04-27;0;0;0;0;0;0;0;0;0;0;0;0;0;0;0;0;0;0
FR;5;2021-04-28;0;0;0;0;0;0;0;0;0;0;0;0;0;0;0;0;0;0
FR;5;2021-04-29;0;0;0;0;0;0;0;0;0;0;0;0;0;0;0;0;0;0
FR;5;2021-04-30;0;0;0;0;0;0;0;0;0;0;0;0;0;0;0;0;0;0
FR;5;2021-05-01;0;0;0;0;0;0;0;0;0;0;0;0;0;0;0;0;0;0
FR;5;2021-05-02;0;0;0;0;0;0;0;0;0;0;0;0;0;0;0;0;0;0
FR;5;2021-05-03;0;0;0;0;0;0;0;0;0;0;0;0;0;0;0;0;0;0
FR;5;2021-05-04;0;0;0;0;0;0;0;0;0;0;0;0;0;0;0;0;0;0
FR;5;2021-05-05;0;0;0;0;0;0;0;0;0;0;0;0;0;0;0;0;0;0
FR;5;2021-05-06;0;0;0;0;0;0;0;0;0;0;0;0;0;0;0;0;0;0
FR;5;2021-05-07;0;0;0;0;0;0;0;0;0;0;0;0;0;0;0;0;0;0
FR;5;2021-05-08;0;0;0;0;0;0;0;0;0;0;0;0;0;0;0;0;0;0
FR;5;2021-05-09;0;0;0;0;0;0;0;0;0;0;0;0;0;0;0;0;0;0
FR;5;2021-05-10;0;0;0;0;0;0;0;0;0;0;0;0;0;0;0;0;0;0
FR;5;2021-05-11;0;0;0;0;0;0;0;0;0;0;0;0;0;0;0;0;0;0
FR;5;2021-05-12;0;0;0;0;0;0;0;0;0;0;0;0;0;0;0;0;0;0
FR;5;2021-05-13;0;0;0;0;0;0;0;0;0;0;0;0;0;0;0;0;0;0
FR;5;2021-05-14;0;0;0;0;0;0;0;0;0;0;0;0;0;0;0;0;0;0
FR;5;2021-05-15;0;0;0;0;0;0;0;0;0;0;0;0;0;0;0;0;0;0
FR;5;2021-05-16;0;0;0;0;0;0;0;0;0;0;0;0;0;0;0;0;0;0
FR;5;2021-05-17;0;0;0;0;0;0;0;0;0;0;0;0;0;0;0;0;0;0
FR;5;2021-05-18;0;0;0;0;0;0;0;0;0;0;0;0;0;0;0;0;0;0
FR;5;2021-05-19;0;0;0;0;0;0;0;0;0;0;0;0;0;0;0;0;0;0
FR;5;2021-05-20;0;0;0;0;0;0;0;0;0;0;0;0;0;0;0;0;0;0
FR;5;2021-05-21;0;0;0;0;0;0;0;0;0;0;0;0;0;0;0;0;0;0
FR;5;2021-05-22;0;0;0;0;0;0;0;0;0;0;0;0;0;0;0;0;0;0
FR;5;2021-05-23;0;0;0;0;0;0;0;0;0;0;0;0;0;0;0;0;0;0
FR;5;2021-05-24;0;0;0;0;0;0;0;0;0;0;0;0;0;0;0;0;0;0
FR;5;2021-05-25;0;0;0;0;0;0;0;0;0;0;0;0;0;0;0;0;0;0
FR;5;2021-05-26;0;0;0;0;0;0;0;0;0;0;0;0;0;0;0;0;0;0
FR;5;2021-05-27;0;0;0;0;0;0;0;0;0;0;0;0;0;0;0;0;0;0
FR;5;2021-05-28;0;0;0;0;0;0;0;0;0;0;0;0;0;0;0;0;0;0
FR;5;2021-05-29;0;0;0;0;0;0;0;0;0;0;0;0;0;0;0;0;0;0
FR;5;2021-05-30;0;0;0;0;0;0;0;0;0;0;0;0;0;0;0;0;0;0
FR;5;2021-05-31;0;0;0;0;0;0;0;0;0;0;0;0;0;0;0;0;0;0
FR;5;2021-06-01;0;0;0;0;0;0;0;0;0;0;0;0;0;0;0;0;0;0
FR;5;2021-06-02;0;0;0;0;0;0;0;0;0;0;0;0;0;0;0;0;0;0
FR;5;2021-06-03;0;0;0;0;0;0;0;0;0;0;0;0;0;0;0;0;0;0
FR;5;2021-06-04;0;0;0;0;0;0;0;0;0;0;0;0;0;0;0;0;0;0
FR;5;2021-06-05;0;0;0;0;0;0;0;0;0;0;0;0;0;0;0;0;0;0
FR;5;2021-06-06;0;0;0;0;0;0;0;0;0;0;0;0;0;0;0;0;0;0
FR;5;2021-06-07;0;0;0;0;0;0;0;0;0;0;0;0;0;0;0;0;0;0
FR;5;2021-06-08;0;0;0;0;0;0;0;0;0;0;0;0;0;0;0;0;0;0
FR;5;2021-06-09;0;0;0;0;0;0;0;0;0;0;0;0;0;0;0;0;0;0
FR;5;2021-06-10;0;0;0;0;0;0;0;0;0;0;0;0;0;0;0;0;0;0
FR;5;2021-06-11;0;0;0;0;0;0;0;0;0;0;0;0;0;0;0;0;0;0
FR;5;2021-06-12;0;0;0;0;0;0;0;0;0;0;0;0;0;0;0;0;0;0
FR;5;2021-06-13;0;0;0;0;0;0;0;0;0;0;0;0;0;0;0;0;0;0
FR;5;2021-06-14;0;0;0;0;0;0;0;0;0;0;0;0;0;0;0;0;0;0
FR;5;2021-06-15;0;0;0;0;0;0;0;0;0;0;0;0;0;0;0;0;0;0
FR;5;2021-06-16;0;0;0;0;0;0;0;0;0;0;0;0;0;0;0;0;0;0
FR;5;2021-06-17;0;0;0;0;0;0;0;0;0;0;0;0;0;0;0;0;0;0
FR;5;2021-06-18;0;0;0;0;0;0;0;0;0;0;0;0;0;0;0;0;0;0
FR;5;2021-06-19;0;0;0;0;0;0;0;0;0;0;0;0;0;0;0;0;0;0
FR;5;2021-06-20;0;0;0;0;0;0;0;0;0;0;0;0;0;0;0;0;0;0
FR;5;2021-06-21;0;0;0;0;0;0;0;0;0;0;0;0;0;0;0;0;0;0
FR;5;2021-06-22;0;0;0;0;0;0;0;0;0;0;0;0;0;0;0;0;0;0
FR;5;2021-06-23;0;0;0;0;0;0;0;0;0;0;0;0;0;0;0;0;0;0
FR;5;2021-06-24;0;0;0;0;0;0;0;0;0;0;0;0;0;0;0;0;0;0
FR;5;2021-06-25;0;0;0;0;0;0;0;0;0;0;0;0;0;0;0;0;0;0
FR;5;2021-06-26;0;0;0;0;0;0;0;0;0;0;0;0;0;0;0;0;0;0
FR;5;2021-06-27;0;0;0;0;0;0;0;0;0;0;0;0;0;0;0;0;0;0
FR;5;2021-06-28;0;0;0;0;0;0;0;0;0;0;0;0;0;0;0;0;0;0
FR;5;2021-06-29;0;0;0;0;0;0;0;0;0;0;0;0;0;0;0;0;0;0
FR;5;2021-06-30;0;0;0;0;0;0;0;0;0;0;0;0;0;0;0;0;0;0
FR;5;2021-07-01;0;0;0;0;0;0;0;0;0;0;0;0;0;0;0;0;0;0
FR;5;2021-07-02;0;0;0;0;0;0;0;0;0;0;0;0;0;0;0;0;0;0
FR;5;2021-07-03;0;0;0;0;0;0;0;0;0;0;0;0;0;0;0;0;0;0
FR;5;2021-07-04;0;0;0;0;0;0;0;0;0;0;0;0;0;0;0;0;0;0
FR;5;2021-07-05;0;0;0;0;0;0;0;0;0;0;0;0;0;0;0;0;0;0
FR;5;2021-07-06;0;0;0;0;0;0;0;0;0;0;0;0;0;0;0;0;0;0
FR;5;2021-07-07;0;0;0;0;0;0;0;0;0;0;0;0;0;0;0;0;0;0
FR;5;2021-07-08;0;0;0;0;0;0;0;0;0;0;0;0;0;0;0;0;0;0
FR;5;2021-07-09;0;0;0;0;0;0;0;0;0;0;0;0;0;0;0;0;0;0
FR;5;2021-07-10;0;0;0;0;0;0;0;0;0;0;0;0;0;0;0;0;0;0
FR;5;2021-07-11;0;0;0;0;0;0;0;0;0;0;0;0;0;0;0;0;0;0
FR;5;2021-07-12;0;0;0;0;0;0;0;0;0;0;0;0;0;0;0;0;0;0
FR;5;2021-07-13;0;0;0;0;0;0;0;0;0;0;0;0;0;0;0;0;0;0
FR;5;2021-07-14;0;0;0;0;0;0;0;0;0;0;0;0;0;0;0;0;0;0
FR;5;2021-07-15;0;0;0;0;0;0;0;0;0;0;0;0;0;0;0;0;0;0
FR;5;2021-07-16;0;0;0;0;0;0;0;0;0;0;0;0;0;0;0;0;0;0
FR;5;2021-07-17;0;0;0;0;0;0;0;0;0;0;0;0;0;0;0;0;0;0
FR;5;2021-07-18;0;0;0;0;0;0;0;0;0;0;0;0;0;0;0;0;0;0
FR;5;2021-07-19;0;0;0;0;0;0;0;0;0;0;0;0;0;0;0;0;0;0
FR;5;2021-07-20;0;0;0;0;0;0;0;0;0;0;0;0;0;0;0;0;0;0
FR;5;2021-07-21;0;0;0;0;0;0;0;0;0;0;0;0;0;0;0;0;0;0
FR;5;2021-07-22;0;0;0;0;0;0;0;0;0;0;0;0;0;0;0;0;0;0
FR;5;2021-07-23;0;0;0;0;0;0;0;0;0;0;0;0;0;0;0;0;0;0
FR;5;2021-07-24;0;0;0;0;0;0;0;0;0;0;0;0;0;0;0;0;0;0
FR;5;2021-07-25;0;0;0;0;0;0;0;0;0;0;0;0;0;0;0;0;0;0
FR;5;2021-07-26;0;0;0;0;0;0;0;0;0;0;0;0;0;0;0;0;0;0
FR;5;2021-07-27;0;0;0;0;0;0;0;0;0;0;0;0;0;0;0;0;0;0
FR;5;2021-07-28;0;0;0;0;0;0;0;0;0;0;0;0;0;0;0;0;0;0
FR;5;2021-07-29;0;0;0;0;0;0;0;0;0;0;0;0;0;0;0;0;0;0
FR;5;2021-07-30;0;0;0;0;0;0;0;0;0;0;0;0;0;0;0;0;0;0
FR;5;2021-07-31;0;0;0;0;0;0;0;0;0;0;0;0;0;0;0;0;0;0
FR;5;2021-08-01;0;0;0;0;0;0;0;0;0;0;0;0;0;0;0;0;0;0
FR;5;2021-08-02;0;0;0;0;0;0;0;0;0;0;0;0;0;0;0;0;0;0
FR;5;2021-08-03;0;0;0;0;0;0;0;0;0;0;0;0;0;0;0;0;0;0
FR;5;2021-08-04;0;0;0;0;0;0;0;0;0;0;0;0;0;0;0;0;0;0
FR;5;2021-08-05;0;0;0;0;0;0;0;0;0;0;0;0;0;0;0;0;0;0
FR;5;2021-08-06;0;0;0;0;0;0;0;0;0;0;0;0;0;0;0;0;0;0
FR;5;2021-08-07;0;0;0;0;0;0;0;0;0;0;0;0;0;0;0;0;0;0
FR;5;2021-08-08;0;0;0;0;0;0;0;0;0;0;0;0;0;0;0;0;0;0
FR;5;2021-08-09;0;0;0;0;0;0;0;0;0;0;0;0;0;0;0;0;0;0
FR;5;2021-08-10;0;0;0;0;0;0;0;0;0;0;0;0;0;0;0;0;0;0
FR;5;2021-08-11;0;0;0;0;0;0;0;0;0;0;0;0;0;0;0;0;0;0
FR;5;2021-08-12;0;0;0;0;0;0;0;0;0;0;0;0;0;0;0;0;0;0
FR;5;2021-08-13;0;0;0;0;0;0;0;0;0;0;0;0;0;0;0;0;0;0
FR;5;2021-08-14;0;0;0;0;0;0;0;0;0;0;0;0;0;0;0;0;0;0
FR;5;2021-08-15;0;0;0;0;0;0;0;0;0;0;0;0;0;0;0;0;0;0
FR;5;2021-08-16;0;0;0;0;0;0;0;0;0;0;0;0;0;0;0;0;0;0
FR;5;2021-08-17;0;0;0;0;0;0;0;0;0;0;0;0;0;0;0;0;0;0
FR;5;2021-08-18;0;0;0;0;0;0;0;0;0;0;0;0;0;0;0;0;0;0
FR;5;2021-08-19;0;0;0;0;0;0;0;0;0;0;0;0;0;0;0;0;0;0
FR;5;2021-08-20;0;0;0;0;0;0;0;0;0;0;0;0;0;0;0;0;0;0
FR;5;2021-08-21;0;0;0;0;0;0;0;0;0;0;0;0;0;0;0;0;0;0
FR;5;2021-08-22;0;0;0;0;0;0;0;0;0;0;0;0;0;0;0;0;0;0
FR;5;2021-08-23;0;0;0;0;0;0;0;0;0;0;0;0;0;0;0;0;0;0
FR;5;2021-08-24;0;0;0;0;0;0;0;0;0;0;0;0;0;0;0;0;0;0
FR;5;2021-08-25;0;0;0;0;0;0;0;0;0;0;0;0;0;0;0;0;0;0
FR;5;2021-08-26;0;0;0;0;0;0;0;0;0;0;0;0;0;0;0;0;0;0
FR;5;2021-08-27;0;0;0;0;0;0;0;0;0;0;0;0;0;0;0;0;0;0
FR;5;2021-08-28;0;0;0;0;0;0;0;0;0;0;0;0;0;0;0;0;0;0
FR;5;2021-08-29;0;0;0;0;0;0;0;0;0;0;0;0;0;0;0;0;0;0
FR;5;2021-08-30;0;0;0;0;0;0;0;0;0;0;0;0;0;0;0;0;0;0
FR;5;2021-08-31;0;0;0;0;0;0;0;0;0;0;0;0;0;0;0;0;0;0
FR;5;2021-09-01;0;0;0;0;0;0;0;0;0;0;0;0;0;0;0;0;0;0
FR;5;2021-09-02;0;0;0;0;0;0;0;0;0;0;0;0;0;0;0;0;0;0
FR;5;2021-09-03;0;0;0;0;0;0;0;0;0;0;0;0;0;0;0;0;0;0
FR;5;2021-09-04;0;0;0;0;0;0;0;0;0;0;0;0;0;0;0;0;0;0
FR;5;2021-09-05;0;0;0;0;0;0;0;0;0;0;0;0;0;0;0;0;0;0
FR;5;2021-09-06;0;0;0;0;0;0;0;0;0;0;0;0;0;0;0;0;0;0
FR;5;2021-09-07;0;0;0;0;0;0;0;0;0;0;0;0;0;0;0;0;0;0
FR;5;2021-09-08;0;0;0;0;0;0;0;0;0;0;0;0;0;0;0;0;0;0
FR;5;2021-09-09;0;0;0;0;0;0;0;0;0;0;0;0;0;0;0;0;0;0
FR;5;2021-09-10;0;0;0;0;0;0;0;0;0;0;0;0;0;0;0;0;0;0
FR;5;2021-09-11;0;0;0;0;0;0;0;0;0;0;0;0;0;0;0;0;0;0
FR;5;2021-09-12;0;0;0;0;0;0;0;0;0;0;0;0;0;0;0;0;0;0
FR;5;2021-09-13;0;0;0;0;0;0;0;0;0;0;0;0;0;0;0;0;0;0
FR;5;2021-09-14;0;0;0;0;0;0;0;0;0;0;0;0;0;0;0;0;0;0
FR;5;2021-09-15;0;0;0;0;0;0;0;0;0;0;0;0;0;0;0;0;0;0
FR;5;2021-09-16;0;0;0;0;0;0;0;0;0;0;0;0;0;0;0;0;0;0
FR;5;2021-09-17;0;0;0;0;0;0;0;0;0;0;0;0;0;0;0;0;0;0
FR;5;2021-09-18;0;0;0;0;0;0;0;0;0;0;0;0;0;0;0;0;0;0
FR;5;2021-09-19;0;0;0;0;0;0;0;0;0;0;0;0;0;0;0;0;0;0
FR;5;2021-09-20;0;0;0;0;0;0;0;0;0;0;0;0;0;0;0;0;0;0
FR;5;2021-09-21;0;0;0;0;0;0;0;0;0;0;0;0;0;0;0;0;0;0
FR;5;2021-09-22;0;0;0;0;0;0;0;0;0;0;0;0;0;0;0;0;0;0
FR;5;2021-09-23;0;0;0;0;0;0;0;0;0;0;0;0;0;0;0;0;0;0
FR;5;2021-09-24;0;0;0;0;0;0;0;0;0;0;0;0;0;0;0;0;0;0
FR;5;2021-09-25;0;0;0;0;0;0;0;0;0;0;0;0;0;0;0;0;0;0
FR;5;2021-09-26;0;0;0;0;0;0;0;0;0;0;0;0;0;0;0;0;0;0
FR;5;2021-09-27;0;0;0;0;0;0;0;0;0;0;0;0;0;0;0;0;0;0
FR;5;2021-09-28;0;0;0;0;0;0;0;0;0;0;0;0;0;0;0;0;0;0
FR;5;2021-09-29;0;0;0;0;0;0;0;0;0;0;0;0;0;0;0;0;0;0
FR;5;2021-09-30;0;0;0;0;0;0;0;0;0;0;0;0;0;0;0;0;0;0
FR;5;2021-10-01;0;0;0;0;0;0;0;0;0;0;0;0;0;0;0;0;0;0
FR;5;2021-10-02;0;0;0;0;0;0;0;0;0;0;0;0;0;0;0;0;0;0
FR;5;2021-10-03;0;0;0;0;0;0;0;0;0;0;0;0;0;0;0;0;0;0
FR;5;2021-10-04;0;0;0;0;0;0;0;0;0;0;0;0;0;0;0;0;0;0
FR;5;2021-10-05;0;0;0;0;0;0;0;0;0;0;0;0;0;0;0;0;0;0
FR;5;2021-10-06;0;0;0;0;0;0;0;0;0;0;0;0;0;0;0;0;0;0
FR;5;2021-10-07;0;0;0;0;0;0;0;0;0;0;0;0;0;0;0;0;0;0
FR;5;2021-10-08;0;0;0;0;0;0;0;0;0;0;0;0;0;0;0;0;0;0
FR;5;2021-10-09;0;0;0;0;0;0;0;0;0;0;0;0;0;0;0;0;0;0
FR;5;2021-10-10;0;0;0;0;0;0;0;0;0;0;0;0;0;0;0;0;0;0
FR;5;2021-10-11;0;0;0;0;0;0;0;0;0;0;0;0;0;0;0;0;0;0
FR;5;2021-10-12;0;0;0;0;0;0;0;0;0;0;0;0;0;0;0;0;0;0
FR;5;2021-10-13;0;0;0;0;0;0;0;0;0;0;0;0;0;0;0;0;0;0
FR;5;2021-10-14;0;0;0;0;0;0;0;0;0;0;0;0;0;0;0;0;0;0
FR;5;2021-10-15;0;0;0;0;0;0;0;0;0;0;0;0;0;0;0;0;0;0
FR;5;2021-10-16;0;0;0;0;0;0;0;0;0;0;0;0;0;0;0;0;0;0
FR;5;2021-10-17;0;0;0;0;0;0;0;0;0;0;0;0;0;0;0;0;0;0
FR;5;2021-10-18;0;0;0;0;0;0;0;0;0;0;0;0;0;0;0;0;0;0
FR;5;2021-10-19;0;0;0;0;0;0;0;0;0;0;0;0;0;0;0;0;0;0
FR;5;2021-10-20;0;0;0;0;0;0;0;0;0;0;0;0;0;0;0;0;0;0
FR;5;2021-10-21;0;0;0;0;0;0;0;0;0;0;0;0;0;0;0;0;0;0
FR;5;2021-10-22;0;0;0;0;0;0;0;0;0;0;0;0;0;0;0;0;0;0
FR;5;2021-10-23;0;0;0;0;0;0;0;0;0;0;0;0;0;0;0;0;0;0
FR;5;2021-10-24;0;0;0;0;0;0;0;0;0;0;0;0;0;0;0;0;0;0
FR;5;2021-10-25;0;0;0;0;0;0;0;0;0;0;0;0;0;0;0;0;0;0
FR;5;2021-10-26;0;0;0;0;0;0;0;0;0;0;0;0;0;0;0;0;0;0
FR;5;2021-10-27;0;0;0;0;0;0;0;0;0;0;0;0;0;0;0;0;0;0
FR;5;2021-10-28;0;0;0;0;0;0;0;0;0;0;0;0;0;0;0;0;0;0
FR;5;2021-10-29;0;0;0;0;0;0;0;0;0;0;0;0;0;0;0;0;0;0
FR;5;2021-10-30;0;0;0;0;0;0;0;0;0;0;0;0;0;0;0;0;0;0
FR;5;2021-10-31;0;0;0;0;0;0;0;0;0;0;0;0;0;0;0;0;0;0
FR;5;2021-11-01;0;0;0;0;0;0;0;0;0;0;0;0;0;0;0;0;0;0
FR;5;2021-11-02;0;0;0;0;0;0;0;0;0;0;0;0;0;0;0;0;0;0
FR;5;2021-11-03;0;0;0;0;0;0;0;0;0;0;0;0;0;0;0;0;0;0
FR;5;2021-11-04;0;0;0;0;0;0;0;0;0;0;0;0;0;0;0;0;0;0
FR;5;2021-11-05;0;0;0;0;0;0;0;0;0;0;0;0;0;0;0;0;0;0
FR;5;2021-11-06;0;0;0;0;0;0;0;0;0;0;0;0;0;0;0;0;0;0
FR;5;2021-11-07;0;0;0;0;0;0;0;0;0;0;0;0;0;0;0;0;0;0
FR;5;2021-11-08;0;0;0;0;0;0;0;0;0;0;0;0;0;0;0;0;0;0
FR;5;2021-11-09;0;0;0;0;0;0;0;0;0;0;0;0;0;0;0;0;0;0
FR;5;2021-11-10;0;0;0;0;0;0;0;0;0;0;0;0;0;0;0;0;0;0
FR;5;2021-11-11;0;0;0;0;0;0;0;0;0;0;0;0;0;0;0;0;0;0
FR;5;2021-11-12;0;0;0;0;0;0;0;0;0;0;0;0;0;0;0;0;0;0
FR;5;2021-11-13;0;0;0;0;0;0;0;0;0;0;0;0;0;0;0;0;0;0
FR;5;2021-11-14;0;0;0;0;0;0;0;0;0;0;0;0;0;0;0;0;0;0
FR;5;2021-11-15;0;0;0;0;0;0;0;0;0;0;0;0;0;0;0;0;0;0
FR;5;2021-11-16;0;0;0;0;0;0;0;0;0;0;0;0;0;0;0;0;0;0
FR;5;2021-11-17;0;0;0;0;0;0;0;0;0;0;0;0;0;0;0;0;0;0
FR;5;2021-11-18;0;0;0;0;0;0;0;0;0;0;0;0;0;0;0;0;0;0
FR;5;2021-11-19;0;0;0;0;0;0;0;0;0;0;0;0;0;0;0;0;0;0
FR;5;2021-11-20;0;0;0;0;0;0;0;0;0;0;0;0;0;0;0;0;0;0
FR;5;2021-11-21;0;0;0;0;0;0;0;0;0;0;0;0;0;0;0;0;0;0
FR;5;2021-11-22;0;0;0;0;0;0;0;0;0;0;0;0;0;0;0;0;0;0
FR;5;2021-11-23;0;0;0;0;0;0;0;0;0;0;0;0;0;0;0;0;0;0
FR;5;2021-11-24;0;0;0;0;0;0;0;0;0;0;0;0;0;0;0;0;0;0
FR;5;2021-11-25;0;0;0;0;0;0;0;0;0;0;0;0;0;0;0;0;0;0
FR;5;2021-11-26;0;0;0;0;0;0;0;0;0;0;0;0;0;0;0;0;0;0
FR;5;2021-11-27;0;0;0;0;0;0;0;0;0;0;0;0;0;0;0;0;0;0
FR;5;2021-11-28;0;0;0;0;0;0;0;0;0;0;0;0;0;0;0;0;0;0
FR;5;2021-11-29;0;0;0;0;0;0;0;0;0;0;0;0;0;0;0;0;0;0
FR;5;2021-11-30;0;0;0;0;0;0;0;0;0;0;0;0;0;0;0;0;0;0
FR;5;2021-12-01;0;0;0;0;0;0;0;0;0;0;0;0;0;0;0;0;0;0
FR;5;2021-12-02;0;0;0;0;0;0;0;0;0;0;0;0;0;0;0;0;0;0
FR;5;2021-12-03;0;0;0;0;0;0;0;0;0;0;0;0;0;0;0;0;0;0
FR;5;2021-12-04;0;0;0;0;0;0;0;0;0;0;0;0;0;0;0;0;0;0
FR;5;2021-12-05;0;0;0;0;0;0;0;0;0;0;0;0;0;0;0;0;0;0
FR;5;2021-12-06;0;0;0;0;0;0;0;0;0;0;0;0;0;0;0;0;0;0
FR;5;2021-12-07;0;0;0;0;0;0;0;0;0;0;0;0;0;0;0;0;0;0
FR;5;2021-12-08;0;0;0;0;0;0;0;0;0;0;0;0;0;0;0;0;0;0
FR;5;2021-12-09;0;0;0;0;0;0;0;0;0;0;0;0;0;0;0;0;0;0
FR;5;2021-12-10;0;0;0;0;0;0;0;0;0;0;0;0;0;0;0;0;0;0
FR;5;2021-12-11;0;0;0;0;0;0;0;0;0;0;0;0;0;0;0;0;0;0
FR;5;2021-12-12;0;0;0;0;0;0;0;0;0;0;0;0;0;0;0;0;0;0
FR;5;2021-12-13;0;0;0;0;0;0;0;0;0;0;0;0;0;0;0;0;0;0
FR;5;2021-12-14;33;45;77;0;27;88;1;0;0;33;45;77;0;27;88;1;0;0
FR;5;2021-12-15;196;44;37;0;42;49;0;0;0;229;89;114;0;69;137;1;0;0
FR;5;2021-12-16;181;21;44;0;38;48;0;0;0;410;110;158;0;107;185;1;0;0
FR;5;2021-12-17;313;16;72;0;34;74;2;0;0;723;126;230;0;141;259;3;0;0
FR;5;2021-12-18;766;24;22;0;67;29;0;0;0;1489;150;252;0;208;288;3;0;0
FR;5;2021-12-19;586;15;15;0;67;17;0;0;0;2075;165;267;0;275;305;3;0;0
FR;5;2021-12-20;1224;31;34;0;134;37;2;0;0;3299;196;301;0;409;342;5;0;0
FR;5;2021-12-21;1535;22;54;1;140;60;0;0;0;4834;218;355;1;549;402;5;0;0
FR;5;2021-12-22;4069;40;37;0;420;46;2;0;0;8903;258;392;1;969;448;7;0;0
FR;5;2021-12-23;3042;16;21;0;304;25;0;0;0;11945;274;413;1;1273;473;7;0;0
FR;5;2021-12-24;761;18;9;0;103;14;0;0;0;12706;292;422;1;1376;487;7;0;0
FR;5;2021-12-25;61;5;2;0;9;3;0;0;0;12767;297;424;1;1385;490;7;0;0
FR;5;2021-12-26;623;6;3;0;101;4;0;0;0;13390;303;427;1;1486;494;7;0;0
FR;5;2021-12-27;4085;25;21;0;458;23;1;0;0;17475;328;448;1;1944;517;8;0;0
FR;5;2021-12-28;5204;23;41;1;511;43;2;0;0;22679;351;489;2;2455;560;10;0;0
FR;5;2021-12-29;8105;34;66;2;886;69;1;0;0;30784;385;555;4;3341;629;11;0;0
FR;5;2021-12-30;5173;18;33;0;525;39;0;0;0;35957;403;588;4;3866;668;11;0;0
FR;5;2021-12-31;1553;8;10;0;181;11;0;0;0;37510;411;598;4;4047;679;11;0;0
FR;5;2022-01-01;185;2;2;0;24;3;0;0;0;37695;413;600;4;4071;682;11;0;0
FR;5;2022-01-02;1489;1;1;0;149;1;0;0;0;39184;414;601;4;4220;683;11;0;0
FR;5;2022-01-03;3067;36;34;0;321;33;1;0;0;42251;450;635;4;4541;716;12;0;0
FR;5;2022-01-04;3034;39;33;0;320;42;3;0;0;45285;489;668;4;4861;758;15;0;0
FR;5;2022-01-05;19324;203;97;1;2113;108;0;0;0;64609;692;765;5;6974;866;15;0;0
FR;5;2022-01-06;3748;134;122;0;507;142;2;0;0;68357;826;887;5;7481;1008;17;0;0
FR;5;2022-01-07;5005;202;48;2;702;56;1;0;0;73362;1028;935;7;8183;1064;18;0;0
FR;5;2022-01-08;13659;514;45;0;1998;52;0;0;0;87021;1542;980;7;10181;1116;18;0;0
FR;5;2022-01-09;5754;399;15;0;1113;20;1;0;0;92775;1941;995;7;11294;1136;19;0;0
FR;5;2022-01-10;3454;326;25;0;731;29;0;0;0;96229;2267;1020;7;12025;1165;19;0;0
FR;5;2022-01-11;3671;284;38;0;662;41;1;0;0;99900;2551;1058;7;12687;1206;20;0;0
FR;5;2022-01-12;22650;3005;89;0;5292;112;2;0;0;122550;5556;1147;7;17979;1318;22;0;0
FR;5;2022-01-13;4039;622;29;0;1051;31;2;0;0;126589;6178;1176;7;19030;1349;24;0;0
FR;5;2022-01-14;4843;583;45;0;1115;52;1;0;0;131432;6761;1221;7;20145;1401;25;0;0
FR;5;2022-01-15;14686;1746;38;3;3370;49;3;0;0;146118;8507;1259;10;23515;1450;28;0;0
FR;5;2022-01-16;4727;666;3;0;1260;5;0;0;0;150845;9173;1262;10;24775;1455;28;0;0
FR;5;2022-01-17;2297;718;26;0;986;29;0;0;0;153142;9891;1288;10;25761;1484;28;0;0
FR;5;2022-01-18;2431;870;30;0;1141;40;0;0;0;155573;10761;1318;10;26902;1524;28;0;0
FR;5;2022-01-19;18482;6423;74;2;8361;142;3;0;0;174055;17184;1392;12;35263;1666;31;0;0
FR;5;2022-01-20;1920;1067;25;0;1295;34;2;0;0;175975;18251;1417;12;36558;1700;33;0;0
FR;5;2022-01-21;3077;1372;47;1;1675;59;2;0;0;179052;19623;1464;13;38233;1759;35;0;0
FR;5;2022-01-22;10720;3454;33;1;4670;43;1;0;0;189772;23077;1497;14;42903;1802;36;0;0
FR;5;2022-01-23;2629;1415;6;0;1788;10;0;0;0;192401;24492;1503;14;44691;1812;36;0;0
FR;5;2022-01-24;1161;1340;19;0;1446;23;1;0;0;193562;25832;1522;14;46137;1835;37;0;0
FR;5;2022-01-25;1220;1549;20;2;1681;31;3;0;0;194782;27381;1542;16;47818;1866;40;0;0
FR;5;2022-01-26;10750;12031;50;1;13297;89;1;0;1;205532;39412;1592;17;61115;1955;41;0;1
FR;5;2022-01-27;1291;1692;10;0;1837;17;0;0;0;206823;41104;1602;17;62952;1972;41;0;1
FR;5;2022-01-28;1699;3345;16;0;3565;19;1;0;0;208522;44449;1618;17;66517;1991;42;0;1
FR;5;2022-01-29;6241;8041;68;0;8855;96;2;0;0;214763;52490;1686;17;75372;2087;44;0;1
FR;5;2022-01-30;1509;2950;5;0;3185;18;0;0;0;216272;55440;1691;17;78557;2105;44;0;1
FR;5;2022-01-31;589;1773;23;0;1837;24;3;0;0;216861;57213;1714;17;80394;2129;47;0;1
FR;5;2022-02-01;712;1706;10;0;1791;15;0;0;0;217573;58919;1724;17;82185;2144;47;0;1
FR;5;2022-02-02;6958;15655;52;0;16603;94;0;0;0;224531;74574;1776;17;98788;2238;47;0;1
FR;5;2022-02-03;491;1691;14;0;1748;13;5;0;0;225022;76265;1790;17;100536;2251;52;0;1
FR;5;2022-02-04;945;3002;19;0;3123;31;0;0;0;225967;79267;1809;17;103659;2282;52;0;1
FR;5;2022-02-05;3535;8919;23;0;9517;37;0;0;0;229502;88186;1832;17;113176;2319;52;0;1
FR;5;2022-02-06;737;2397;10;0;2556;19;0;0;0;230239;90583;1842;17;115732;2338;52;0;1
FR;5;2022-02-07;884;1596;23;0;1715;25;2;0;0;231123;92179;1865;17;117447;2363;54;0;1
FR;5;2022-02-08;725;1287;18;0;1407;20;2;0;0;231848;93466;1883;17;118854;2383;56;0;1
FR;5;2022-02-09;4544;12880;44;0;13608;76;1;0;0;236392;106346;1927;17;132462;2459;57;0;1
FR;5;2022-02-10;646;1059;14;0;1166;15;0;0;0;237038;107405;1941;17;133628;2474;57;0;1
FR;5;2022-02-11;793;2032;16;0;2163;21;1;0;0;237831;109437;1957;17;135791;2495;58;0;1
FR;5;2022-02-12;2286;6812;33;0;7279;53;0;0;0;240117;116249;1990;17;143070;2548;58;0;1
FR;5;2022-02-13;464;1540;8;0;1653;8;1;0;0;240581;117789;1998;17;144723;2556;59;0;1
FR;5;2022-02-14;678;1288;10;0;1407;13;1;0;0;241259;119077;2008;17;146130;2569;60;0;1
FR;5;2022-02-15;482;886;9;0;968;14;1;0;0;241741;119963;2017;17;147098;2583;61;0;1
FR;5;2022-02-16;2980;9123;41;1;9675;58;2;0;0;244721;129086;2058;18;156773;2641;63;0;1
FR;5;2022-02-17;436;809;6;0;876;7;1;0;0;245157;129895;2064;18;157649;2648;64;0;1
FR;5;2022-02-18;649;1408;13;0;1535;17;0;0;0;245806;131303;2077;18;159184;2665;64;0;1
FR;5;2022-02-19;1373;4315;16;0;4623;28;0;0;0;247179;135618;2093;18;163807;2693;64;0;1
FR;5;2022-02-20;247;879;6;0;941;8;0;0;0;247426;136497;2099;18;164748;2701;64;0;1
FR;5;2022-02-21;221;607;2;0;661;4;1;0;0;247647;137104;2101;18;165409;2705;65;0;1
FR;5;2022-02-22;262;545;17;0;592;17;1;0;0;247909;137649;2118;18;166001;2722;66;0;1
FR;5;2022-02-23;1909;6926;23;1;7346;43;0;0;0;249818;144575;2141;19;173347;2765;66;0;1
FR;5;2022-02-24;182;374;6;1;421;7;1;0;0;250000;144949;2147;20;173768;2772;67;0;1
FR;5;2022-02-25;336;950;13;0;1027;12;2;0;0;250336;145899;2160;20;174795;2784;69;0;1
FR;5;2022-02-26;972;3071;11;0;3333;15;2;0;0;251308;148970;2171;20;178128;2799;71;0;1
FR;5;2022-02-27;151;506;0;0;549;3;0;0;0;251459;149476;2171;20;178677;2802;71;0;1
FR;5;2022-02-28;162;369;1;0;408;1;0;0;0;251621;149845;2172;20;179085;2803;71;0;1
FR;5;2022-03-01;130;280;6;0;315;7;1;0;0;251751;150125;2178;20;179400;2810;72;0;1
FR;5;2022-03-02;1241;4156;28;3;4497;40;3;0;0;252992;154281;2206;23;183897;2850;75;0;1
FR;5;2022-03-03;121;251;5;0;271;10;1;0;0;253113;154532;2211;23;184168;2860;76;0;1
FR;5;2022-03-04;197;488;13;0;538;14;2;0;0;253310;155020;2224;23;184706;2874;78;0;1
FR;5;2022-03-05;677;1990;8;0;2244;16;2;0;0;253987;157010;2232;23;186950;2890;80;0;1
FR;5;2022-03-06;108;260;0;0;310;0;0;0;0;254095;157270;2232;23;187260;2890;80;0;1
FR;5;2022-03-07;71;228;5;0;254;3;2;0;0;254166;157498;2237;23;187514;2893;82;0;1
FR;5;2022-03-08;46;134;7;1;141;8;3;0;0;254212;157632;2244;24;187655;2901;85;0;1
FR;5;2022-03-09;910;3078;24;0;3407;36;0;0;0;255122;160710;2268;24;191062;2937;85;0;1
FR;5;2022-03-10;82;202;9;0;215;13;3;0;0;255204;160912;2277;24;191277;2950;88;0;1
FR;5;2022-03-11;148;369;13;1;427;15;0;0;0;255352;161281;2290;25;191704;2965;88;0;1
FR;5;2022-03-12;758;1613;13;1;1976;30;0;0;0;256110;162894;2303;26;193680;2995;88;0;1
FR;5;2022-03-13;78;100;0;0;133;0;0;0;0;256188;162994;2303;26;193813;2995;88;0;1
FR;5;2022-03-14;67;119;7;1;139;7;1;0;0;256255;163113;2310;27;193952;3002;89;0;1
FR;5;2022-03-15;83;99;4;0;119;7;1;0;0;256338;163212;2314;27;194071;3009;90;0;1
FR;5;2022-03-16;882;1827;15;3;2228;36;7;0;0;257220;165039;2329;30;196299;3045;97;0;1
FR;5;2022-03-17;68;123;8;4;151;10;4;0;0;257288;165162;2337;34;196450;3055;101;0;1
FR;5;2022-03-18;172;318;13;4;390;18;4;0;0;257460;165480;2350;38;196840;3073;105;0;1
FR;5;2022-03-19;752;1163;12;5;1555;33;8;0;0;258212;166643;2362;43;198395;3106;113;0;1
FR;5;2022-03-20;45;93;1;0;119;1;0;0;0;258257;166736;2363;43;198514;3107;113;0;1
FR;5;2022-03-21;71;120;10;6;136;15;8;0;0;258328;166856;2373;49;198650;3122;121;0;1
FR;5;2022-03-22;56;119;8;7;143;9;6;0;0;258384;166975;2381;56;198793;3131;127;0;1
FR;5;2022-03-23;805;1461;14;8;1878;36;9;0;0;259189;168436;2395;64;200671;3167;136;0;1
FR;5;2022-03-24;71;93;8;7;118;7;10;0;0;259260;168529;2403;71;200789;3174;146;0;1
FR;5;2022-03-25;222;293;14;8;388;18;9;0;0;259482;168822;2417;79;201177;3192;155;0;1
FR;5;2022-03-26;707;853;12;5;1273;26;6;0;1;260189;169675;2429;84;202450;3218;161;0;2
FR;5;2022-03-27;75;81;0;0;124;3;0;0;0;260264;169756;2429;84;202574;3221;161;0;2
FR;5;2022-03-28;81;93;1;2;132;3;2;0;0;260345;169849;2430;86;202706;3224;163;0;2
FR;5;2022-03-29;71;82;10;4;113;12;5;0;0;260416;169931;2440;90;202819;3236;168;0;2
FR;5;2022-03-30;823;1116;16;13;1606;29;14;0;0;261239;171047;2456;103;204425;3265;182;0;2
FR;5;2022-03-31;102;125;1;4;173;6;4;0;0;261341;171172;2457;107;204598;3271;186;0;2
FR;5;2022-04-01;114;86;7;12;135;11;12;0;1;261455;171258;2464;119;204733;3282;198;0;3
FR;5;2022-04-02;330;349;3;3;535;15;4;0;0;261785;171607;2467;122;205268;3297;202;0;3
FR;5;2022-04-03;54;59;1;0;88;1;0;0;0;261839;171666;2468;122;205356;3298;202;0;3
FR;5;2022-04-04;40;57;4;1;70;8;2;0;0;261879;171723;2472;123;205426;3306;204;0;3
FR;5;2022-04-05;53;60;6;6;75;9;5;0;0;261932;171783;2478;129;205501;3315;209;0;3
FR;5;2022-04-06;421;439;7;14;678;16;14;0;0;262353;172222;2485;143;206179;3331;223;0;3
FR;5;2022-04-07;45;69;5;7;89;7;10;0;0;262398;172291;2490;150;206268;3338;233;0;3
FR;5;2022-04-08;134;112;12;13;174;14;15;0;0;262532;172403;2502;163;206442;3352;248;0;3
FR;5;2022-04-09;311;324;2;5;511;17;5;0;0;262843;172727;2504;168;206953;3369;253;0;3
FR;5;2022-04-10;44;31;2;0;61;2;1;0;0;262887;172758;2506;168;207014;3371;254;0;3
FR;5;2022-04-11;50;60;3;2;78;4;3;0;0;262937;172818;2509;170;207092;3375;257;0;3
FR;5;2022-04-12;59;54;3;3;78;5;3;0;0;262996;172872;2512;173;207170;3380;260;0;3
FR;5;2022-04-13;382;413;3;8;606;16;8;0;0;263378;173285;2515;181;207776;3396;268;0;3
FR;5;2022-04-14;48;53;5;5;70;9;3;0;0;263426;173338;2520;186;207846;3405;271;0;3
FR;5;2022-04-15;91;109;4;4;150;5;6;0;0;263517;173447;2524;190;207996;3410;277;0;3
FR;5;2022-04-16;188;184;2;1;265;13;1;0;0;263705;173631;2526;191;208261;3423;278;0;3
FR;5;2022-04-17;12;11;1;0;17;1;0;0;0;263717;173642;2527;191;208278;3424;278;0;3
FR;5;2022-04-18;9;10;2;0;11;3;1;0;0;263726;173652;2529;191;208289;3427;279;0;3
FR;5;2022-04-19;75;71;6;1;96;6;4;0;0;263801;173723;2535;192;208385;3433;283;0;3
FR;5;2022-04-20;361;349;9;6;522;12;7;0;0;264162;174072;2544;198;208907;3445;290;0;3
FR;5;2022-04-21;42;64;9;10;71;12;14;0;0;264204;174136;2553;208;208978;3457;304;0;3
FR;5;2022-04-22;113;96;5;4;144;5;5;0;0;264317;174232;2558;212;209122;3462;309;0;3
FR;5;2022-04-23;209;193;4;2;284;11;3;0;0;264526;174425;2562;214;209406;3473;312;0;3
FR;5;2022-04-24;37;35;0;0;50;3;0;0;0;264563;174460;2562;214;209456;3476;312;0;3
FR;5;2022-04-25;69;65;1;1;102;4;1;0;0;264632;174525;2563;215;209558;3480;313;0;3
FR;5;2022-04-26;60;63;2;1;85;5;1;0;0;264692;174588;2565;216;209643;3485;314;0;3
FR;5;2022-04-27;335;316;3;7;463;14;8;0;0;265027;174904;2568;223;210106;3499;322;0;3
FR;5;2022-04-28;81;54;4;5;81;8;7;0;0;265108;174958;2572;228;210187;3507;329;0;3
FR;5;2022-04-29;117;84;5;19;117;12;17;0;0;265225;175042;2577;247;210304;3519;346;0;3
FR;5;2022-04-30;183;114;2;3;184;10;4;0;0;265408;175156;2579;250;210488;3529;350;0;3
FR;5;2022-05-01;11;7;0;0;11;0;0;0;0;265419;175163;2579;250;210499;3529;350;0;3
FR;5;2022-05-02;52;28;4;5;48;2;7;0;0;265471;175191;2583;255;210547;3531;357;0;3
FR;5;2022-05-03;87;57;2;4;84;11;4;0;0;265558;175248;2585;259;210631;3542;361;0;3
FR;5;2022-05-04;278;205;1;2;324;7;2;0;0;265836;175453;2586;261;210955;3549;363;0;3
FR;5;2022-05-05;62;32;3;4;46;5;4;0;0;265898;175485;2589;265;211001;3554;367;0;3
FR;5;2022-05-06;105;65;2;3;106;5;3;0;0;266003;175550;2591;268;211107;3559;370;0;3
FR;5;2022-05-07;171;117;2;10;180;13;7;0;0;266174;175667;2593;278;211287;3572;377;0;3
FR;5;2022-05-08;8;8;0;0;9;2;0;0;0;266182;175675;2593;278;211296;3574;377;0;3
FR;5;2022-05-09;44;34;15;3;51;16;4;0;0;266226;175709;2608;281;211347;3590;381;0;3
FR;5;2022-05-10;54;49;3;4;67;5;5;0;0;266280;175758;2611;285;211414;3595;386;0;3
FR;5;2022-05-11;327;237;12;7;344;21;11;0;0;266607;175995;2623;292;211758;3616;397;0;3
FR;5;2022-05-12;46;34;2;2;46;2;3;0;0;266653;176029;2625;294;211804;3618;400;0;3
FR;5;2022-05-13;109;83;3;8;119;8;7;0;0;266762;176112;2628;302;211923;3626;407;0;3
FR;5;2022-05-14;209;131;0;1;212;8;0;0;0;266971;176243;2628;303;212135;3634;407;0;3
FR;5;2022-05-15;22;9;2;0;18;1;1;0;0;266993;176252;2630;303;212153;3635;408;0;3
FR;5;2022-05-16;52;34;4;5;53;4;5;0;0;267045;176286;2634;308;212206;3639;413;0;3
FR;5;2022-05-17;72;40;5;0;68;2;3;0;0;267117;176326;2639;308;212274;3641;416;0;3
FR;5;2022-05-18;289;215;4;4;330;8;6;0;0;267406;176541;2643;312;212604;3649;422;0;3
FR;5;2022-05-19;45;35;5;3;42;3;4;0;0;267451;176576;2648;315;212646;3652;426;0;3
FR;5;2022-05-20;76;63;3;10;92;1;11;0;0;267527;176639;2651;325;212738;3653;437;0;3
FR;5;2022-05-21;242;166;2;3;268;17;1;0;0;267769;176805;2653;328;213006;3670;438;0;3
FR;5;2022-05-22;20;14;2;5;20;2;6;0;0;267789;176819;2655;333;213026;3672;444;0;3
FR;5;2022-05-23;42;31;4;3;42;6;3;0;0;267831;176850;2659;336;213068;3678;447;0;3
FR;5;2022-05-24;47;45;3;2;60;5;2;0;0;267878;176895;2662;338;213128;3683;449;0;3
FR;5;2022-05-25;329;257;4;1;385;16;1;0;0;268207;177152;2666;339;213513;3699;450;0;3
FR;5;2022-05-26;17;5;0;1;9;2;0;0;1;268224;177157;2666;340;213522;3701;450;0;4
FR;5;2022-05-27;99;54;4;4;89;9;3;0;0;268323;177211;2670;344;213611;3710;453;0;4
FR;5;2022-05-28;100;78;5;3;106;10;3;0;0;268423;177289;2675;347;213717;3720;456;0;4
FR;5;2022-05-29;14;14;1;0;18;2;0;0;0;268437;177303;2676;347;213735;3722;456;0;4
FR;5;2022-05-30;56;41;2;1;54;2;2;0;0;268493;177344;2678;348;213789;3724;458;0;4
FR;5;2022-05-31;57;43;1;8;62;1;8;0;0;268550;177387;2679;356;213851;3725;466;0;4
FR;5;2022-06-01;257;241;9;2;301;25;5;0;0;268807;177628;2688;358;214152;3750;471;0;4
FR;5;2022-06-02;63;61;5;0;73;9;1;0;0;268870;177689;2693;358;214225;3759;472;0;4
FR;5;2022-06-03;82;71;4;5;88;10;6;0;0;268952;177760;2697;363;214313;3769;478;0;4
FR;5;2022-06-04;157;109;2;1;187;9;1;0;0;269109;177869;2699;364;214500;3778;479;0;4
FR;5;2022-06-05;18;11;0;0;21;1;0;0;0;269127;177880;2699;364;214521;3779;479;0;4
FR;5;2022-06-06;16;12;0;1;15;0;1;0;0;269143;177892;2699;365;214536;3779;480;0;4
FR;5;2022-06-07;50;56;1;1;76;2;1;0;0;269193;177948;2700;366;214612;3781;481;0;4
FR;5;2022-06-08;283;225;3;4;332;17;2;0;0;269476;178173;2703;370;214944;3798;483;0;4
FR;5;2022-06-09;52;41;6;3;57;7;2;0;1;269528;178214;2709;373;215001;3805;485;0;5
FR;5;2022-06-10;81;72;1;1;105;6;1;0;0;269609;178286;2710;374;215106;3811;486;0;5
FR;5;2022-06-11;173;141;3;3;202;10;4;0;0;269782;178427;2713;377;215308;3821;490;0;5
FR;5;2022-06-12;17;16;0;0;19;2;0;0;0;269799;178443;2713;377;215327;3823;490;0;5
FR;5;2022-06-13;56;47;9;3;70;10;6;0;0;269855;178490;2722;380;215397;3833;496;0;5
FR;5;2022-06-14;59;56;1;4;64;6;4;0;0;269914;178546;2723;384;215461;3839;500;0;5
FR;5;2022-06-15;266;260;5;2;363;27;1;0;0;270180;178806;2728;386;215824;3866;501;0;5
FR;5;2022-06-16;47;30;5;2;44;5;2;0;0;270227;178836;2733;388;215868;3871;503;0;5
FR;5;2022-06-17;100;67;5;5;102;10;5;0;0;270327;178903;2738;393;215970;3881;508;0;5
FR;5;2022-06-18;146;95;10;2;152;26;2;0;1;270473;178998;2748;395;216122;3907;510;0;6
FR;5;2022-06-19;26;15;0;1;18;4;1;0;0;270499;179013;2748;396;216140;3911;511;0;6
FR;5;2022-06-20;56;50;8;0;62;11;2;0;0;270555;179063;2756;396;216202;3922;513;0;6
FR;5;2022-06-21;52;73;5;3;90;7;5;0;1;270607;179136;2761;399;216292;3929;518;0;7
FR;5;2022-06-22;224;247;7;9;347;33;10;0;0;270831;179383;2768;408;216639;3962;528;0;7
FR;5;2022-06-23;50;38;2;5;43;6;6;0;0;270881;179421;2770;413;216682;3968;534;0;7
FR;5;2022-06-24;91;70;12;5;101;16;8;0;0;270972;179491;2782;418;216783;3984;542;0;7
FR;5;2022-06-25;154;124;3;7;185;14;8;0;1;271126;179615;2785;425;216968;3998;550;0;8
FR;5;2022-06-26;26;19;2;0;29;5;0;0;0;271152;179634;2787;425;216997;4003;550;0;8
FR;5;2022-06-27;57;60;5;7;78;11;9;0;0;271209;179694;2792;432;217075;4014;559;0;8
FR;5;2022-06-28;70;49;8;2;69;14;5;0;0;271279;179743;2800;434;217144;4028;564;0;8
FR;5;2022-06-29;297;268;9;21;391;34;23;0;0;271576;180011;2809;455;217535;4062;587;0;8
FR;5;2022-06-30;89;57;10;12;89;17;11;0;0;271665;180068;2819;467;217624;4079;598;0;8
FR;5;2022-07-01;127;65;7;11;118;12;11;0;2;271792;180133;2826;478;217742;4091;609;0;10
FR;5;2022-07-02;191;132;4;0;209;22;0;0;0;271983;180265;2830;478;217951;4113;609;0;10
FR;5;2022-07-03;30;25;1;0;36;4;0;0;0;272013;180290;2831;478;217987;4117;609;0;10
FR;5;2022-07-04;103;64;2;5;102;6;5;0;1;272116;180354;2833;483;218089;4123;614;0;11
FR;5;2022-07-05;104;72;3;8;107;13;8;0;1;272220;180426;2836;491;218196;4136;622;0;12
FR;5;2022-07-06;277;168;9;36;289;27;36;0;0;272497;180594;2845;527;218485;4163;658;0;12
FR;5;2022-07-07;88;68;6;9;88;13;11;0;0;272585;180662;2851;536;218573;4176;669;0;12
FR;5;2022-07-08;152;120;7;14;146;25;13;0;1;272737;180782;2858;550;218719;4201;682;0;13
FR;5;2022-07-09;116;68;1;8;100;10;8;0;0;272853;180850;2859;558;218819;4211;690;0;13
FR;5;2022-07-10;15;6;0;0;10;1;0;0;0;272868;180856;2859;558;218829;4212;690;0;13
FR;5;2022-07-11;92;72;10;2;98;19;3;0;0;272960;180928;2869;560;218927;4231;693;0;13
FR;5;2022-07-12;67;63;5;10;81;7;12;0;0;273027;180991;2874;570;219008;4238;705;0;13
FR;5;2022-07-13;169;118;10;19;196;16;23;0;0;273196;181109;2884;589;219204;4254;728;0;13
FR;5;2022-07-14;8;4;0;0;7;0;0;0;0;273204;181113;2884;589;219211;4254;728;0;13
FR;5;2022-07-15;74;66;5;14;86;15;15;0;0;273278;181179;2889;603;219297;4269;743;0;13
FR;5;2022-07-16;54;44;3;0;71;3;2;0;0;273332;181223;2892;603;219368;4272;745;0;13
FR;5;2022-07-17;10;7;3;0;10;2;2;0;0;273342;181230;2895;603;219378;4274;747;0;13
FR;5;2022-07-18;60;47;0;4;70;4;3;0;0;273402;181277;2895;607;219448;4278;750;0;13
FR;5;2022-07-19;63;42;5;3;63;7;4;0;0;273465;181319;2900;610;219511;4285;754;0;13
FR;5;2022-07-20;119;106;4;11;141;14;9;0;0;273584;181425;2904;621;219652;4299;763;0;13
FR;5;2022-07-21;38;43;2;10;52;5;10;0;0;273622;181468;2906;631;219704;4304;773;0;13
FR;5;2022-07-22;48;69;11;13;75;23;11;0;1;273670;181537;2917;644;219779;4327;784;0;14
FR;5;2022-07-23;59;78;2;1;95;11;2;0;0;273729;181615;2919;645;219874;4338;786;0;14
FR;5;2022-07-24;11;9;3;1;12;3;1;0;0;273740;181624;2922;646;219886;4341;787;0;14
FR;5;2022-07-25;53;48;2;7;57;8;8;0;0;273793;181672;2924;653;219943;4349;795;0;14
FR;5;2022-07-26;58;52;5;41;70;6;44;0;0;273851;181724;2929;694;220013;4355;839;0;14
FR;5;2022-07-27;106;118;4;4;161;13;4;0;0;273957;181842;2933;698;220174;4368;843;0;14
FR;5;2022-07-28;39;35;2;2;47;6;1;0;0;273996;181877;2935;700;220221;4374;844;0;14
FR;5;2022-07-29;56;74;3;14;90;8;10;0;0;274052;181951;2938;714;220311;4382;854;0;14
FR;5;2022-07-30;55;53;5;1;75;7;2;0;0;274107;182004;2943;715;220386;4389;856;0;14
FR;5;2022-07-31;7;11;1;0;13;1;0;0;0;274114;182015;2944;715;220399;4390;856;0;14
FR;5;2022-08-01;39;53;1;2;62;6;2;0;0;274153;182068;2945;717;220461;4396;858;0;14
FR;5;2022-08-02;32;43;8;7;47;8;7;0;1;274185;182111;2953;724;220508;4404;865;0;15
FR;5;2022-08-03;54;51;4;10;70;9;8;0;0;274239;182162;2957;734;220578;4413;873;0;15
FR;5;2022-08-04;20;18;1;6;22;1;6;0;0;274259;182180;2958;740;220600;4414;879;0;15
FR;5;2022-08-05;35;26;3;3;39;3;3;0;0;274294;182206;2961;743;220639;4417;882;0;15
FR;5;2022-08-06;23;26;1;0;31;1;0;0;0;274317;182232;2962;743;220670;4418;882;0;15
FR;5;2022-08-07;2;2;1;0;1;1;1;0;0;274319;182234;2963;743;220671;4419;883;0;15
FR;5;2022-08-08;26;19;1;2;24;2;1;0;0;274345;182253;2964;745;220695;4421;884;0;15
FR;5;2022-08-09;26;28;3;3;35;3;3;0;0;274371;182281;2967;748;220730;4424;887;0;15
FR;5;2022-08-10;47;47;2;0;56;5;0;0;0;274418;182328;2969;748;220786;4429;887;0;15
FR;5;2022-08-11;19;36;2;2;42;5;2;0;0;274437;182364;2971;750;220828;4434;889;0;15
FR;5;2022-08-12;27;28;2;0;39;2;0;0;0;274464;182392;2973;750;220867;4436;889;0;15
FR;5;2022-08-13;16;18;0;0;24;0;0;0;0;274480;182410;2973;750;220891;4436;889;0;15
FR;5;2022-08-14;2;3;0;0;4;0;0;0;0;274482;182413;2973;750;220895;4436;889;0;15
FR;5;2022-08-15;2;5;0;0;5;0;0;0;0;274484;182418;2973;750;220900;4436;889;0;15
FR;5;2022-08-16;33;26;3;0;28;6;0;0;0;274517;182444;2976;750;220928;4442;889;0;15
FR;5;2022-08-17;52;55;2;1;72;1;1;0;0;274569;182499;2978;751;221000;4443;890;0;15
FR;5;2022-08-18;26;18;8;17;25;10;16;0;0;274595;182517;2986;768;221025;4453;906;0;15
FR;5;2022-08-19;25;33;1;2;41;2;2;0;0;274620;182550;2987;770;221066;4455;908;0;15
FR;5;2022-08-20;25;27;2;1;33;4;2;0;0;274645;182577;2989;771;221099;4459;910;0;15
FR;5;2022-08-21;7;4;1;0;7;1;0;0;0;274652;182581;2990;771;221106;4460;910;0;15
FR;5;2022-08-22;39;26;1;6;42;2;5;0;1;274691;182607;2991;777;221148;4462;915;0;16
FR;5;2022-08-23;27;26;1;1;32;2;1;0;0;274718;182633;2992;778;221180;4464;916;0;16
FR;5;2022-08-24;50;43;0;0;62;0;0;0;0;274768;182676;2992;778;221242;4464;916;0;16
FR;5;2022-08-25;27;26;3;1;31;2;0;0;1;274795;182702;2995;779;221273;4466;916;0;17
FR;5;2022-08-26;48;39;7;2;58;5;4;0;0;274843;182741;3002;781;221331;4471;920;0;17
FR;5;2022-08-27;46;28;1;0;46;3;1;0;0;274889;182769;3003;781;221377;4474;921;0;17
FR;5;2022-08-28;5;6;0;0;6;0;0;0;0;274894;182775;3003;781;221383;4474;921;0;17
FR;5;2022-08-29;58;44;1;1;66;4;1;0;0;274952;182819;3004;782;221449;4478;922;0;17
FR;5;2022-08-30;45;23;12;29;40;10;30;0;1;274997;182842;3016;811;221489;4488;952;0;18
FR;5;2022-08-31;53;47;6;1;58;11;1;0;0;275050;182889;3022;812;221547;4499;953;0;18
FR;5;2022-09-01;16;8;1;4;13;1;4;0;0;275066;182897;3023;816;221560;4500;957;0;18
FR;5;2022-09-02;42;22;8;2;34;9;3;0;0;275108;182919;3031;818;221594;4509;960;0;18
FR;5;2022-09-03;69;37;2;0;58;2;0;0;0;275177;182956;3033;818;221652;4511;960;0;18
FR;5;2022-09-04;12;7;1;0;8;3;0;0;0;275189;182963;3034;818;221660;4514;960;0;18
FR;5;2022-09-05;7;4;1;0;4;1;0;0;0;275196;182967;3035;818;221664;4515;960;0;18
FR;5;2022-09-06;21;14;3;15;17;2;14;0;2;275217;182981;3038;833;221681;4517;974;0;20
FR;5;2022-09-07;79;53;1;1;76;3;1;0;0;275296;183034;3039;834;221757;4520;975;0;20
FR;5;2022-09-08;9;4;0;4;7;0;4;0;0;275305;183038;3039;838;221764;4520;979;0;20
FR;5;2022-09-09;40;11;9;2;14;10;3;0;0;275345;183049;3048;840;221778;4530;982;0;20
FR;5;2022-09-10;40;45;1;1;50;8;1;0;0;275385;183094;3049;841;221828;4538;983;0;20
FR;5;2022-09-11;3;3;0;0;3;1;0;0;0;275388;183097;3049;841;221831;4539;983;0;20
FR;5;2022-09-12;7;5;2;2;7;2;2;0;0;275395;183102;3051;843;221838;4541;985;0;20
FR;5;2022-09-13;9;6;0;1;4;3;1;0;0;275404;183108;3051;844;221842;4544;986;0;20
FR;5;2022-09-14;52;47;4;6;55;9;5;0;0;275456;183155;3055;850;221897;4553;991;0;20
FR;5;2022-09-15;11;13;2;3;11;5;3;0;0;275467;183168;3057;853;221908;4558;994;0;20
FR;5;2022-09-16;25;33;1;4;38;3;3;0;0;275492;183201;3058;857;221946;4561;997;0;20
FR;5;2022-09-17;60;43;1;1;51;5;1;0;0;275552;183244;3059;858;221997;4566;998;0;20
FR;5;2022-09-18;9;6;0;1;10;1;0;0;0;275561;183250;3059;859;222007;4567;998;0;20
FR;5;2022-09-19;22;17;2;1;20;5;2;0;0;275583;183267;3061;860;222027;4572;1000;0;20
FR;5;2022-09-20;15;11;3;3;15;1;4;0;0;275598;183278;3064;863;222042;4573;1004;0;20
FR;5;2022-09-21;68;45;9;0;65;13;0;0;0;275666;183323;3073;863;222107;4586;1004;0;20
FR;5;2022-09-22;12;6;4;24;6;4;23;0;1;275678;183329;3077;887;222113;4590;1027;0;21
FR;5;2022-09-23;20;25;2;3;23;8;3;0;0;275698;183354;3079;890;222136;4598;1030;0;21
FR;5;2022-09-24;44;51;1;8;65;5;8;0;0;275742;183405;3080;898;222201;4603;1038;0;21
FR;5;2022-09-25;6;12;0;0;13;1;0;0;0;275748;183417;3080;898;222214;4604;1038;0;21
FR;5;2022-09-26;15;7;0;2;12;0;1;0;1;275763;183424;3080;900;222226;4604;1039;0;22
FR;5;2022-09-27;7;12;4;9;14;4;9;0;1;275770;183436;3084;909;222240;4608;1048;0;23
FR;5;2022-09-28;65;64;5;0;88;7;0;0;0;275835;183500;3089;909;222328;4615;1048;0;23
FR;5;2022-09-29;17;9;1;0;15;1;1;0;1;275852;183509;3090;909;222343;4616;1049;0;24
FR;5;2022-09-30;28;46;2;2;53;4;3;0;0;275880;183555;3092;911;222396;4620;1052;0;24
FR;5;2022-10-01;40;35;5;5;48;8;7;0;0;275920;183590;3097;916;222444;4628;1059;0;24
FR;5;2022-10-02;1;9;1;0;10;1;0;0;0;275921;183599;3098;916;222454;4629;1059;0;24
FR;5;2022-10-03;7;6;3;0;5;4;0;0;0;275928;183605;3101;916;222459;4633;1059;0;24
FR;5;2022-10-04;11;8;0;3;11;1;3;0;0;275939;183613;3101;919;222470;4634;1062;0;24
FR;5;2022-10-05;57;62;2;2;79;13;2;0;0;275996;183675;3103;921;222549;4647;1064;0;24
FR;5;2022-10-06;12;10;1;4;15;2;4;0;0;276008;183685;3104;925;222564;4649;1068;0;24
FR;5;2022-10-07;21;31;1;0;34;5;0;0;0;276029;183716;3105;925;222598;4654;1068;0;24
FR;5;2022-10-08;33;51;1;0;54;7;0;0;0;276062;183767;3106;925;222652;4661;1068;0;24
FR;5;2022-10-09;7;10;0;0;11;1;0;0;0;276069;183777;3106;925;222663;4662;1068;0;24
FR;5;2022-10-10;14;6;0;1;8;1;1;0;0;276083;183783;3106;926;222671;4663;1069;0;24
FR;5;2022-10-11;6;13;2;1;14;2;2;0;0;276089;183796;3108;927;222685;4665;1071;0;24
FR;5;2022-10-12;39;57;3;2;69;8;2;0;0;276128;183853;3111;929;222754;4673;1073;0;24
FR;5;2022-10-13;11;16;2;0;18;4;0;0;0;276139;183869;3113;929;222772;4677;1073;0;24
FR;5;2022-10-14;21;21;1;0;20;5;0;0;0;276160;183890;3114;929;222792;4682;1073;0;24
FR;5;2022-10-15;19;26;10;0;24;11;2;0;0;276179;183916;3124;929;222816;4693;1075;0;24
FR;5;2022-10-16;3;1;0;0;1;1;0;0;0;276182;183917;3124;929;222817;4694;1075;0;24
FR;5;2022-10-17;8;8;2;1;8;3;1;0;2;276190;183925;3126;930;222825;4697;1076;0;26
FR;5;2022-10-18;6;7;0;2;8;0;2;0;0;276196;183932;3126;932;222833;4697;1078;0;26
FR;5;2022-10-19;38;43;8;0;52;11;0;0;1;276234;183975;3134;932;222885;4708;1078;0;27
FR;5;2022-10-20;18;15;2;1;16;3;1;0;0;276252;183990;3136;933;222901;4711;1079;0;27
FR;5;2022-10-21;22;15;6;0;19;8;1;0;2;276274;184005;3142;933;222920;4719;1080;0;29
FR;5;2022-10-22;34;28;2;12;31;5;12;0;0;276308;184033;3144;945;222951;4724;1092;0;29
FR;5;2022-10-23;9;3;0;0;4;0;0;0;0;276317;184036;3144;945;222955;4724;1092;0;29
FR;5;2022-10-24;14;7;6;7;9;9;8;0;0;276331;184043;3150;952;222964;4733;1100;0;29
FR;5;2022-10-25;12;9;6;3;9;8;3;0;2;276343;184052;3156;955;222973;4741;1103;0;31
FR;5;2022-10-26;34;22;6;0;29;10;0;0;0;276377;184074;3162;955;223002;4751;1103;0;31
FR;5;2022-10-27;16;4;4;0;11;4;0;0;0;276393;184078;3166;955;223013;4755;1103;0;31
FR;5;2022-10-28;19;13;5;3;14;6;4;0;0;276412;184091;3171;958;223027;4761;1107;0;31
FR;5;2022-10-29;21;13;0;0;17;3;0;0;0;276433;184104;3171;958;223044;4764;1107;0;31
FR;5;2022-10-30;1;4;2;0;4;3;0;0;0;276434;184108;3173;958;223048;4767;1107;0;31
FR;5;2022-10-31;14;11;2;1;12;3;1;0;0;276448;184119;3175;959;223060;4770;1108;0;31
FR;5;2022-11-01;3;3;0;1;3;0;1;0;0;276451;184122;3175;960;223063;4770;1109;0;31
FR;5;2022-11-02;23;17;5;4;23;5;5;0;0;276474;184139;3180;964;223086;4775;1114;0;31
FR;5;2022-11-03;22;4;1;1;11;1;1;0;0;276496;184143;3181;965;223097;4776;1115;0;31
FR;5;2022-11-04;19;18;1;0;18;2;0;0;0;276515;184161;3182;965;223115;4778;1115;0;31
FR;5;2022-11-05;25;16;1;0;21;1;0;0;0;276540;184177;3183;965;223136;4779;1115;0;31
FR;5;2022-11-06;1;7;0;0;7;0;0;0;0;276541;184184;3183;965;223143;4779;1115;0;31
FR;5;2022-11-07;4;3;3;0;3;3;0;0;0;276545;184187;3186;965;223146;4782;1115;0;31
FR;5;2022-11-08;11;7;1;2;8;1;1;0;0;276556;184194;3187;967;223154;4783;1116;0;31
FR;5;2022-11-09;28;29;6;1;32;6;1;0;0;276584;184223;3193;968;223186;4789;1117;0;31
FR;5;2022-11-10;11;16;1;0;17;1;0;0;0;276595;184239;3194;968;223203;4790;1117;0;31
FR;5;2022-11-11;2;4;0;1;6;0;1;0;0;276597;184243;3194;969;223209;4790;1118;0;31
FR;5;2022-11-12;19;10;5;9;18;6;9;0;2;276616;184253;3199;978;223227;4796;1127;0;33
FR;5;2022-11-13;2;2;0;1;2;0;1;0;0;276618;184255;3199;979;223229;4796;1128;0;33
FR;5;2022-11-14;8;10;0;1;9;3;0;0;0;276626;184265;3199;980;223238;4799;1128;0;33
FR;5;2022-11-15;8;6;4;3;6;4;3;0;0;276634;184271;3203;983;223244;4803;1131;0;33
FR;5;2022-11-16;29;28;2;1;32;5;0;0;0;276663;184299;3205;984;223276;4808;1131;0;33
FR;5;2022-11-17;6;15;2;0;15;3;0;0;0;276669;184314;3207;984;223291;4811;1131;0;33
FR;5;2022-11-18;16;17;6;0;19;8;0;0;0;276685;184331;3213;984;223310;4819;1131;0;33
FR;5;2022-11-19;18;27;2;0;27;6;0;0;0;276703;184358;3215;984;223337;4825;1131;0;33
FR;5;2022-11-20;6;3;0;0;5;0;0;0;0;276709;184361;3215;984;223342;4825;1131;0;33
FR;5;2022-11-21;8;5;0;2;4;2;1;0;0;276717;184366;3215;986;223346;4827;1132;0;33
FR;5;2022-11-22;9;3;0;1;4;0;1;0;0;276726;184369;3215;987;223350;4827;1133;0;33
FR;5;2022-11-23;34;25;6;1;27;13;0;0;0;276760;184394;3221;988;223377;4840;1133;0;33
FR;5;2022-11-24;3;7;2;1;8;1;2;0;0;276763;184401;3223;989;223385;4841;1135;0;33
FR;5;2022-11-25;15;20;2;0;25;3;0;0;1;276778;184421;3225;989;223410;4844;1135;0;34
FR;5;2022-11-26;22;19;4;0;20;8;0;0;0;276800;184440;3229;989;223430;4852;1135;0;34
FR;5;2022-11-27;7;0;1;0;2;1;0;0;0;276807;184440;3230;989;223432;4853;1135;0;34
FR;5;2022-11-28;7;11;3;0;11;5;0;0;0;276814;184451;3233;989;223443;4858;1135;0;34
FR;5;2022-11-29;10;9;1;0;11;3;0;0;1;276824;184460;3234;989;223454;4861;1135;0;35
FR;5;2022-11-30;34;48;12;0;55;17;1;0;0;276858;184508;3246;989;223509;4878;1136;0;35
FR;5;2022-12-01;3;8;2;0;8;3;0;0;0;276861;184516;3248;989;223517;4881;1136;0;35
FR;5;2022-12-02;1;5;2;1;4;3;1;0;0;276862;184521;3250;990;223521;4884;1137;0;35
FR;5;2022-12-03;3;3;8;1;5;8;1;0;0;276865;184524;3258;991;223526;4892;1138;0;35
FR;5;2022-12-04;3;2;1;0;2;2;0;0;0;276868;184526;3259;991;223528;4894;1138;0;35
FR;5;2022-12-05;0;1;0;0;0;1;0;0;0;276868;184527;3259;991;223528;4895;1138;0;35
FR;5;2022-12-06;3;1;0;0;1;0;0;0;1;276871;184528;3259;991;223529;4895;1138;0;36
FR;5;2022-12-07;5;8;1;0;9;1;0;0;0;276876;184536;3260;991;223538;4896;1138;0;36
FR;5;2022-12-08;2;2;0;0;2;0;0;0;0;276878;184538;3260;991;223540;4896;1138;0;36
FR;5;2022-12-09;3;8;0;0;6;2;0;0;0;276881;184546;3260;991;223546;4898;1138;0;36
FR;5;2022-12-10;4;7;2;1;8;2;1;0;0;276885;184553;3262;992;223554;4900;1139;0;36
FR;5;2022-12-11;2;0;0;0;0;0;0;0;0;276887;184553;3262;992;223554;4900;1139;0;36
FR;5;2022-12-12;0;0;0;0;0;0;0;0;0;276887;184553;3262;992;223554;4900;1139;0;36
FR;5;2022-12-13;2;3;0;0;4;1;0;0;0;276889;184556;3262;992;223558;4901;1139;0;36
FR;5;2022-12-14;1;2;0;9;2;1;8;0;3;276890;184558;3262;1001;223560;4902;1147;0;39
FR;5;2022-12-15;1;2;0;2;2;0;2;0;0;276891;184560;3262;1003;223562;4902;1149;0;39
FR;5;2022-12-16;3;2;2;0;3;3;0;0;0;276894;184562;3264;1003;223565;4905;1149;0;39
FR;5;2022-12-17;3;3;3;0;3;2;1;0;0;276897;184565;3267;1003;223568;4907;1150;0;39
FR;5;2022-12-18;3;0;0;1;0;0;1;0;1;276900;184565;3267;1004;223568;4907;1151;0;40
FR;6;2020-12-27;0;0;0;0;0;0;0;0;0;0;0;0;0;0;0;0;0;0
FR;6;2020-12-28;0;0;0;0;0;0;0;0;0;0;0;0;0;0;0;0;0;0
FR;6;2020-12-29;0;0;0;0;0;0;0;0;0;0;0;0;0;0;0;0;0;0
FR;6;2020-12-30;0;0;0;0;0;0;0;0;0;0;0;0;0;0;0;0;0;0
FR;6;2020-12-31;0;0;0;0;0;0;0;0;0;0;0;0;0;0;0;0;0;0
FR;6;2021-01-01;0;0;0;0;0;0;0;0;0;0;0;0;0;0;0;0;0;0
FR;6;2021-01-02;0;0;0;0;0;0;0;0;0;0;0;0;0;0;0;0;0;0
FR;6;2021-01-03;0;0;0;0;0;0;0;0;0;0;0;0;0;0;0;0;0;0
FR;6;2021-01-04;0;0;0;0;0;0;0;0;0;0;0;0;0;0;0;0;0;0
FR;6;2021-01-05;0;0;0;0;0;0;0;0;0;0;0;0;0;0;0;0;0;0
FR;6;2021-01-06;0;0;0;0;0;0;0;0;0;0;0;0;0;0;0;0;0;0
FR;6;2021-01-07;0;0;0;0;0;0;0;0;0;0;0;0;0;0;0;0;0;0
FR;6;2021-01-08;0;0;0;0;0;0;0;0;0;0;0;0;0;0;0;0;0;0
FR;6;2021-01-09;0;0;0;0;0;0;0;0;0;0;0;0;0;0;0;0;0;0
FR;6;2021-01-10;0;0;0;0;0;0;0;0;0;0;0;0;0;0;0;0;0;0
FR;6;2021-01-11;0;0;0;0;0;0;0;0;0;0;0;0;0;0;0;0;0;0
FR;6;2021-01-12;0;0;0;0;0;0;0;0;0;0;0;0;0;0;0;0;0;0
FR;6;2021-01-13;0;0;0;0;0;0;0;0;0;0;0;0;0;0;0;0;0;0
FR;6;2021-01-14;0;0;0;0;0;0;0;0;0;0;0;0;0;0;0;0;0;0
FR;6;2021-01-15;0;0;0;0;0;0;0;0;0;0;0;0;0;0;0;0;0;0
FR;6;2021-01-16;0;0;0;0;0;0;0;0;0;0;0;0;0;0;0;0;0;0
FR;6;2021-01-17;0;0;0;0;0;0;0;0;0;0;0;0;0;0;0;0;0;0
FR;6;2021-01-18;0;0;0;0;0;0;0;0;0;0;0;0;0;0;0;0;0;0
FR;6;2021-01-19;0;0;0;0;0;0;0;0;0;0;0;0;0;0;0;0;0;0
FR;6;2021-01-20;0;0;0;0;0;0;0;0;0;0;0;0;0;0;0;0;0;0
FR;6;2021-01-21;0;0;0;0;0;0;0;0;0;0;0;0;0;0;0;0;0;0
FR;6;2021-01-22;0;0;0;0;0;0;0;0;0;0;0;0;0;0;0;0;0;0
FR;6;2021-01-23;0;0;0;0;0;0;0;0;0;0;0;0;0;0;0;0;0;0
FR;6;2021-01-24;0;0;0;0;0;0;0;0;0;0;0;0;0;0;0;0;0;0
FR;6;2021-01-25;0;0;0;0;0;0;0;0;0;0;0;0;0;0;0;0;0;0
FR;6;2021-01-26;0;0;0;0;0;0;0;0;0;0;0;0;0;0;0;0;0;0
FR;6;2021-01-27;0;0;0;0;0;0;0;0;0;0;0;0;0;0;0;0;0;0
FR;6;2021-01-28;0;0;0;0;0;0;0;0;0;0;0;0;0;0;0;0;0;0
FR;6;2021-01-29;0;0;0;0;0;0;0;0;0;0;0;0;0;0;0;0;0;0
FR;6;2021-01-30;0;0;0;0;0;0;0;0;0;0;0;0;0;0;0;0;0;0
FR;6;2021-01-31;0;0;0;0;0;0;0;0;0;0;0;0;0;0;0;0;0;0
FR;6;2021-02-01;0;0;0;0;0;0;0;0;0;0;0;0;0;0;0;0;0;0
FR;6;2021-02-02;0;0;0;0;0;0;0;0;0;0;0;0;0;0;0;0;0;0
FR;6;2021-02-03;0;0;0;0;0;0;0;0;0;0;0;0;0;0;0;0;0;0
FR;6;2021-02-04;0;0;0;0;0;0;0;0;0;0;0;0;0;0;0;0;0;0
FR;6;2021-02-05;0;0;0;0;0;0;0;0;0;0;0;0;0;0;0;0;0;0
FR;6;2021-02-06;0;0;0;0;0;0;0;0;0;0;0;0;0;0;0;0;0;0
FR;6;2021-02-07;0;0;0;0;0;0;0;0;0;0;0;0;0;0;0;0;0;0
FR;6;2021-02-08;0;0;0;0;0;0;0;0;0;0;0;0;0;0;0;0;0;0
FR;6;2021-02-09;0;0;0;0;0;0;0;0;0;0;0;0;0;0;0;0;0;0
FR;6;2021-02-10;0;0;0;0;0;0;0;0;0;0;0;0;0;0;0;0;0;0
FR;6;2021-02-11;0;0;0;0;0;0;0;0;0;0;0;0;0;0;0;0;0;0
FR;6;2021-02-12;0;0;0;0;0;0;0;0;0;0;0;0;0;0;0;0;0;0
FR;6;2021-02-13;0;0;0;0;0;0;0;0;0;0;0;0;0;0;0;0;0;0
FR;6;2021-02-14;0;0;0;0;0;0;0;0;0;0;0;0;0;0;0;0;0;0
FR;6;2021-02-15;0;0;0;0;0;0;0;0;0;0;0;0;0;0;0;0;0;0
FR;6;2021-02-16;0;0;0;0;0;0;0;0;0;0;0;0;0;0;0;0;0;0
FR;6;2021-02-17;0;0;0;0;0;0;0;0;0;0;0;0;0;0;0;0;0;0
FR;6;2021-02-18;0;0;0;0;0;0;0;0;0;0;0;0;0;0;0;0;0;0
FR;6;2021-02-19;0;0;0;0;0;0;0;0;0;0;0;0;0;0;0;0;0;0
FR;6;2021-02-20;0;0;0;0;0;0;0;0;0;0;0;0;0;0;0;0;0;0
FR;6;2021-02-21;0;0;0;0;0;0;0;0;0;0;0;0;0;0;0;0;0;0
FR;6;2021-02-22;0;0;0;0;0;0;0;0;0;0;0;0;0;0;0;0;0;0
FR;6;2021-02-23;0;0;0;0;0;0;0;0;0;0;0;0;0;0;0;0;0;0
FR;6;2021-02-24;0;0;0;0;0;0;0;0;0;0;0;0;0;0;0;0;0;0
FR;6;2021-02-25;0;0;0;0;0;0;0;0;0;0;0;0;0;0;0;0;0;0
FR;6;2021-02-26;0;0;0;0;0;0;0;0;0;0;0;0;0;0;0;0;0;0
FR;6;2021-02-27;0;0;0;0;0;0;0;0;0;0;0;0;0;0;0;0;0;0
FR;6;2021-02-28;0;0;0;0;0;0;0;0;0;0;0;0;0;0;0;0;0;0
FR;6;2021-03-01;0;0;0;0;0;0;0;0;0;0;0;0;0;0;0;0;0;0
FR;6;2021-03-02;0;0;0;0;0;0;0;0;0;0;0;0;0;0;0;0;0;0
FR;6;2021-03-03;0;0;0;0;0;0;0;0;0;0;0;0;0;0;0;0;0;0
FR;6;2021-03-04;0;0;0;0;0;0;0;0;0;0;0;0;0;0;0;0;0;0
FR;6;2021-03-05;0;0;0;0;0;0;0;0;0;0;0;0;0;0;0;0;0;0
FR;6;2021-03-06;0;0;0;0;0;0;0;0;0;0;0;0;0;0;0;0;0;0
FR;6;2021-03-07;0;0;0;0;0;0;0;0;0;0;0;0;0;0;0;0;0;0
FR;6;2021-03-08;0;0;0;0;0;0;0;0;0;0;0;0;0;0;0;0;0;0
FR;6;2021-03-09;0;0;0;0;0;0;0;0;0;0;0;0;0;0;0;0;0;0
FR;6;2021-03-10;0;0;0;0;0;0;0;0;0;0;0;0;0;0;0;0;0;0
FR;6;2021-03-11;0;0;0;0;0;0;0;0;0;0;0;0;0;0;0;0;0;0
FR;6;2021-03-12;0;0;0;0;0;0;0;0;0;0;0;0;0;0;0;0;0;0
FR;6;2021-03-13;0;0;0;0;0;0;0;0;0;0;0;0;0;0;0;0;0;0
FR;6;2021-03-14;0;0;0;0;0;0;0;0;0;0;0;0;0;0;0;0;0;0
FR;6;2021-03-15;0;0;0;0;0;0;0;0;0;0;0;0;0;0;0;0;0;0
FR;6;2021-03-16;0;0;0;0;0;0;0;0;0;0;0;0;0;0;0;0;0;0
FR;6;2021-03-17;0;0;0;0;0;0;0;0;0;0;0;0;0;0;0;0;0;0
FR;6;2021-03-18;0;0;0;0;0;0;0;0;0;0;0;0;0;0;0;0;0;0
FR;6;2021-03-19;0;0;0;0;0;0;0;0;0;0;0;0;0;0;0;0;0;0
FR;6;2021-03-20;0;0;0;0;0;0;0;0;0;0;0;0;0;0;0;0;0;0
FR;6;2021-03-21;0;0;0;0;0;0;0;0;0;0;0;0;0;0;0;0;0;0
FR;6;2021-03-22;0;0;0;0;0;0;0;0;0;0;0;0;0;0;0;0;0;0
FR;6;2021-03-23;0;0;0;0;0;0;0;0;0;0;0;0;0;0;0;0;0;0
FR;6;2021-03-24;0;0;0;0;0;0;0;0;0;0;0;0;0;0;0;0;0;0
FR;6;2021-03-25;0;0;0;0;0;0;0;0;0;0;0;0;0;0;0;0;0;0
FR;6;2021-03-26;0;0;0;0;0;0;0;0;0;0;0;0;0;0;0;0;0;0
FR;6;2021-03-27;0;0;0;0;0;0;0;0;0;0;0;0;0;0;0;0;0;0
FR;6;2021-03-28;0;0;0;0;0;0;0;0;0;0;0;0;0;0;0;0;0;0
FR;6;2021-03-29;0;0;0;0;0;0;0;0;0;0;0;0;0;0;0;0;0;0
FR;6;2021-03-30;0;0;0;0;0;0;0;0;0;0;0;0;0;0;0;0;0;0
FR;6;2021-03-31;0;0;0;0;0;0;0;0;0;0;0;0;0;0;0;0;0;0
FR;6;2021-04-01;0;0;0;0;0;0;0;0;0;0;0;0;0;0;0;0;0;0
FR;6;2021-04-02;0;0;0;0;0;0;0;0;0;0;0;0;0;0;0;0;0;0
FR;6;2021-04-03;0;0;0;0;0;0;0;0;0;0;0;0;0;0;0;0;0;0
FR;6;2021-04-04;0;0;0;0;0;0;0;0;0;0;0;0;0;0;0;0;0;0
FR;6;2021-04-05;0;0;0;0;0;0;0;0;0;0;0;0;0;0;0;0;0;0
FR;6;2021-04-06;0;0;0;0;0;0;0;0;0;0;0;0;0;0;0;0;0;0
FR;6;2021-04-07;0;0;0;0;0;0;0;0;0;0;0;0;0;0;0;0;0;0
FR;6;2021-04-08;0;0;0;0;0;0;0;0;0;0;0;0;0;0;0;0;0;0
FR;6;2021-04-09;0;0;0;0;0;0;0;0;0;0;0;0;0;0;0;0;0;0
FR;6;2021-04-10;0;0;0;0;0;0;0;0;0;0;0;0;0;0;0;0;0;0
FR;6;2021-04-11;0;0;0;0;0;0;0;0;0;0;0;0;0;0;0;0;0;0
FR;6;2021-04-12;0;0;0;0;0;0;0;0;0;0;0;0;0;0;0;0;0;0
FR;6;2021-04-13;0;0;0;0;0;0;0;0;0;0;0;0;0;0;0;0;0;0
FR;6;2021-04-14;0;0;0;0;0;0;0;0;0;0;0;0;0;0;0;0;0;0
FR;6;2021-04-15;0;0;0;0;0;0;0;0;0;0;0;0;0;0;0;0;0;0
FR;6;2021-04-16;0;0;0;0;0;0;0;0;0;0;0;0;0;0;0;0;0;0
FR;6;2021-04-17;0;0;0;0;0;0;0;0;0;0;0;0;0;0;0;0;0;0
FR;6;2021-04-18;0;0;0;0;0;0;0;0;0;0;0;0;0;0;0;0;0;0
FR;6;2021-04-19;0;0;0;0;0;0;0;0;0;0;0;0;0;0;0;0;0;0
FR;6;2021-04-20;0;0;0;0;0;0;0;0;0;0;0;0;0;0;0;0;0;0
FR;6;2021-04-21;0;0;0;0;0;0;0;0;0;0;0;0;0;0;0;0;0;0
FR;6;2021-04-22;0;0;0;0;0;0;0;0;0;0;0;0;0;0;0;0;0;0
FR;6;2021-04-23;0;0;0;0;0;0;0;0;0;0;0;0;0;0;0;0;0;0
FR;6;2021-04-24;0;0;0;0;0;0;0;0;0;0;0;0;0;0;0;0;0;0
FR;6;2021-04-25;0;0;0;0;0;0;0;0;0;0;0;0;0;0;0;0;0;0
FR;6;2021-04-26;0;0;0;0;0;0;0;0;0;0;0;0;0;0;0;0;0;0
FR;6;2021-04-27;0;0;0;0;0;0;0;0;0;0;0;0;0;0;0;0;0;0
FR;6;2021-04-28;0;0;0;0;0;0;0;0;0;0;0;0;0;0;0;0;0;0
FR;6;2021-04-29;0;0;0;0;0;0;0;0;0;0;0;0;0;0;0;0;0;0
FR;6;2021-04-30;0;0;0;0;0;0;0;0;0;0;0;0;0;0;0;0;0;0
FR;6;2021-05-01;0;0;0;0;0;0;0;0;0;0;0;0;0;0;0;0;0;0
FR;6;2021-05-02;0;0;0;0;0;0;0;0;0;0;0;0;0;0;0;0;0;0
FR;6;2021-05-03;0;0;0;0;0;0;0;0;0;0;0;0;0;0;0;0;0;0
FR;6;2021-05-04;0;0;0;0;0;0;0;0;0;0;0;0;0;0;0;0;0;0
FR;6;2021-05-05;0;0;0;0;0;0;0;0;0;0;0;0;0;0;0;0;0;0
FR;6;2021-05-06;0;0;0;0;0;0;0;0;0;0;0;0;0;0;0;0;0;0
FR;6;2021-05-07;0;0;0;0;0;0;0;0;0;0;0;0;0;0;0;0;0;0
FR;6;2021-05-08;0;0;0;0;0;0;0;0;0;0;0;0;0;0;0;0;0;0
FR;6;2021-05-09;0;0;0;0;0;0;0;0;0;0;0;0;0;0;0;0;0;0
FR;6;2021-05-10;0;0;0;0;0;0;0;0;0;0;0;0;0;0;0;0;0;0
FR;6;2021-05-11;0;0;0;0;0;0;0;0;0;0;0;0;0;0;0;0;0;0
FR;6;2021-05-12;0;0;0;0;0;0;0;0;0;0;0;0;0;0;0;0;0;0
FR;6;2021-05-13;0;0;0;0;0;0;0;0;0;0;0;0;0;0;0;0;0;0
FR;6;2021-05-14;0;0;0;0;0;0;0;0;0;0;0;0;0;0;0;0;0;0
FR;6;2021-05-15;0;0;0;0;0;0;0;0;0;0;0;0;0;0;0;0;0;0
FR;6;2021-05-16;0;0;0;0;0;0;0;0;0;0;0;0;0;0;0;0;0;0
FR;6;2021-05-17;0;0;0;0;0;0;0;0;0;0;0;0;0;0;0;0;0;0
FR;6;2021-05-18;0;0;0;0;0;0;0;0;0;0;0;0;0;0;0;0;0;0
FR;6;2021-05-19;0;0;0;0;0;0;0;0;0;0;0;0;0;0;0;0;0;0
FR;6;2021-05-20;0;0;0;0;0;0;0;0;0;0;0;0;0;0;0;0;0;0
FR;6;2021-05-21;0;0;0;0;0;0;0;0;0;0;0;0;0;0;0;0;0;0
FR;6;2021-05-22;0;0;0;0;0;0;0;0;0;0;0;0;0;0;0;0;0;0
FR;6;2021-05-23;0;0;0;0;0;0;0;0;0;0;0;0;0;0;0;0;0;0
FR;6;2021-05-24;0;0;0;0;0;0;0;0;0;0;0;0;0;0;0;0;0;0
FR;6;2021-05-25;0;0;0;0;0;0;0;0;0;0;0;0;0;0;0;0;0;0
FR;6;2021-05-26;0;0;0;0;0;0;0;0;0;0;0;0;0;0;0;0;0;0
FR;6;2021-05-27;0;0;0;0;0;0;0;0;0;0;0;0;0;0;0;0;0;0
FR;6;2021-05-28;0;0;0;0;0;0;0;0;0;0;0;0;0;0;0;0;0;0
FR;6;2021-05-29;0;0;0;0;0;0;0;0;0;0;0;0;0;0;0;0;0;0
FR;6;2021-05-30;0;0;0;0;0;0;0;0;0;0;0;0;0;0;0;0;0;0
FR;6;2021-05-31;0;0;0;0;0;0;0;0;0;0;0;0;0;0;0;0;0;0
FR;6;2021-06-01;0;0;0;0;0;0;0;0;0;0;0;0;0;0;0;0;0;0
FR;6;2021-06-02;0;0;0;0;0;0;0;0;0;0;0;0;0;0;0;0;0;0
FR;6;2021-06-03;0;0;0;0;0;0;0;0;0;0;0;0;0;0;0;0;0;0
FR;6;2021-06-04;0;0;0;0;0;0;0;0;0;0;0;0;0;0;0;0;0;0
FR;6;2021-06-05;0;0;0;0;0;0;0;0;0;0;0;0;0;0;0;0;0;0
FR;6;2021-06-06;0;0;0;0;0;0;0;0;0;0;0;0;0;0;0;0;0;0
FR;6;2021-06-07;0;0;0;0;0;0;0;0;0;0;0;0;0;0;0;0;0;0
FR;6;2021-06-08;0;0;0;0;0;0;0;0;0;0;0;0;0;0;0;0;0;0
FR;6;2021-06-09;0;0;0;0;0;0;0;0;0;0;0;0;0;0;0;0;0;0
FR;6;2021-06-10;0;0;0;0;0;0;0;0;0;0;0;0;0;0;0;0;0;0
FR;6;2021-06-11;0;0;0;0;0;0;0;0;0;0;0;0;0;0;0;0;0;0
FR;6;2021-06-12;0;0;0;0;0;0;0;0;0;0;0;0;0;0;0;0;0;0
FR;6;2021-06-13;0;0;0;0;0;0;0;0;0;0;0;0;0;0;0;0;0;0
FR;6;2021-06-14;0;0;0;0;0;0;0;0;0;0;0;0;0;0;0;0;0;0
FR;6;2021-06-15;0;0;0;0;0;0;0;0;0;0;0;0;0;0;0;0;0;0
FR;6;2021-06-16;0;0;0;0;0;0;0;0;0;0;0;0;0;0;0;0;0;0
FR;6;2021-06-17;0;0;0;0;0;0;0;0;0;0;0;0;0;0;0;0;0;0
FR;6;2021-06-18;0;0;0;0;0;0;0;0;0;0;0;0;0;0;0;0;0;0
FR;6;2021-06-19;0;0;0;0;0;0;0;0;0;0;0;0;0;0;0;0;0;0
FR;6;2021-06-20;0;0;0;0;0;0;0;0;0;0;0;0;0;0;0;0;0;0
FR;6;2021-06-21;0;0;0;0;0;0;0;0;0;0;0;0;0;0;0;0;0;0
FR;6;2021-06-22;0;0;0;0;0;0;0;0;0;0;0;0;0;0;0;0;0;0
FR;6;2021-06-23;0;0;0;0;0;0;0;0;0;0;0;0;0;0;0;0;0;0
FR;6;2021-06-24;0;0;0;0;0;0;0;0;0;0;0;0;0;0;0;0;0;0
FR;6;2021-06-25;0;0;0;0;0;0;0;0;0;0;0;0;0;0;0;0;0;0
FR;6;2021-06-26;0;0;0;0;0;0;0;0;0;0;0;0;0;0;0;0;0;0
FR;6;2021-06-27;0;0;0;0;0;0;0;0;0;0;0;0;0;0;0;0;0;0
FR;6;2021-06-28;0;0;0;0;0;0;0;0;0;0;0;0;0;0;0;0;0;0
FR;6;2021-06-29;0;0;0;0;0;0;0;0;0;0;0;0;0;0;0;0;0;0
FR;6;2021-06-30;0;0;0;0;0;0;0;0;0;0;0;0;0;0;0;0;0;0
FR;6;2021-07-01;0;0;0;0;0;0;0;0;0;0;0;0;0;0;0;0;0;0
FR;6;2021-07-02;0;0;0;0;0;0;0;0;0;0;0;0;0;0;0;0;0;0
FR;6;2021-07-03;0;0;0;0;0;0;0;0;0;0;0;0;0;0;0;0;0;0
FR;6;2021-07-04;0;0;0;0;0;0;0;0;0;0;0;0;0;0;0;0;0;0
FR;6;2021-07-05;0;0;0;0;0;0;0;0;0;0;0;0;0;0;0;0;0;0
FR;6;2021-07-06;0;0;0;0;0;0;0;0;0;0;0;0;0;0;0;0;0;0
FR;6;2021-07-07;0;0;0;0;0;0;0;0;0;0;0;0;0;0;0;0;0;0
FR;6;2021-07-08;0;0;0;0;0;0;0;0;0;0;0;0;0;0;0;0;0;0
FR;6;2021-07-09;0;0;0;0;0;0;0;0;0;0;0;0;0;0;0;0;0;0
FR;6;2021-07-10;0;0;0;0;0;0;0;0;0;0;0;0;0;0;0;0;0;0
FR;6;2021-07-11;0;0;0;0;0;0;0;0;0;0;0;0;0;0;0;0;0;0
FR;6;2021-07-12;0;0;0;0;0;0;0;0;0;0;0;0;0;0;0;0;0;0
FR;6;2021-07-13;0;0;0;0;0;0;0;0;0;0;0;0;0;0;0;0;0;0
FR;6;2021-07-14;0;0;0;0;0;0;0;0;0;0;0;0;0;0;0;0;0;0
FR;6;2021-07-15;0;0;0;0;0;0;0;0;0;0;0;0;0;0;0;0;0;0
FR;6;2021-07-16;0;0;0;0;0;0;0;0;0;0;0;0;0;0;0;0;0;0
FR;6;2021-07-17;0;0;0;0;0;0;0;0;0;0;0;0;0;0;0;0;0;0
FR;6;2021-07-18;0;0;0;0;0;0;0;0;0;0;0;0;0;0;0;0;0;0
FR;6;2021-07-19;0;0;0;0;0;0;0;0;0;0;0;0;0;0;0;0;0;0
FR;6;2021-07-20;0;0;0;0;0;0;0;0;0;0;0;0;0;0;0;0;0;0
FR;6;2021-07-21;0;0;0;0;0;0;0;0;0;0;0;0;0;0;0;0;0;0
FR;6;2021-07-22;0;0;0;0;0;0;0;0;0;0;0;0;0;0;0;0;0;0
FR;6;2021-07-23;0;0;0;0;0;0;0;0;0;0;0;0;0;0;0;0;0;0
FR;6;2021-07-24;0;0;0;0;0;0;0;0;0;0;0;0;0;0;0;0;0;0
FR;6;2021-07-25;0;0;0;0;0;0;0;0;0;0;0;0;0;0;0;0;0;0
FR;6;2021-07-26;0;0;0;0;0;0;0;0;0;0;0;0;0;0;0;0;0;0
FR;6;2021-07-27;0;0;0;0;0;0;0;0;0;0;0;0;0;0;0;0;0;0
FR;6;2021-07-28;0;0;0;0;0;0;0;0;0;0;0;0;0;0;0;0;0;0
FR;6;2021-07-29;0;0;0;0;0;0;0;0;0;0;0;0;0;0;0;0;0;0
FR;6;2021-07-30;0;0;0;0;0;0;0;0;0;0;0;0;0;0;0;0;0;0
FR;6;2021-07-31;0;0;0;0;0;0;0;0;0;0;0;0;0;0;0;0;0;0
FR;6;2021-08-01;0;0;0;0;0;0;0;0;0;0;0;0;0;0;0;0;0;0
FR;6;2021-08-02;0;0;0;0;0;0;0;0;0;0;0;0;0;0;0;0;0;0
FR;6;2021-08-03;0;0;0;0;0;0;0;0;0;0;0;0;0;0;0;0;0;0
FR;6;2021-08-04;0;0;0;0;0;0;0;0;0;0;0;0;0;0;0;0;0;0
FR;6;2021-08-05;0;0;0;0;0;0;0;0;0;0;0;0;0;0;0;0;0;0
FR;6;2021-08-06;0;0;0;0;0;0;0;0;0;0;0;0;0;0;0;0;0;0
FR;6;2021-08-07;0;0;0;0;0;0;0;0;0;0;0;0;0;0;0;0;0;0
FR;6;2021-08-08;0;0;0;0;0;0;0;0;0;0;0;0;0;0;0;0;0;0
FR;6;2021-08-09;0;0;0;0;0;0;0;0;0;0;0;0;0;0;0;0;0;0
FR;6;2021-08-10;0;0;0;0;0;0;0;0;0;0;0;0;0;0;0;0;0;0
FR;6;2021-08-11;0;0;0;0;0;0;0;0;0;0;0;0;0;0;0;0;0;0
FR;6;2021-08-12;0;0;0;0;0;0;0;0;0;0;0;0;0;0;0;0;0;0
FR;6;2021-08-13;0;0;0;0;0;0;0;0;0;0;0;0;0;0;0;0;0;0
FR;6;2021-08-14;0;0;0;0;0;0;0;0;0;0;0;0;0;0;0;0;0;0
FR;6;2021-08-15;0;0;0;0;0;0;0;0;0;0;0;0;0;0;0;0;0;0
FR;6;2021-08-16;0;0;0;0;0;0;0;0;0;0;0;0;0;0;0;0;0;0
FR;6;2021-08-17;0;0;0;0;0;0;0;0;0;0;0;0;0;0;0;0;0;0
FR;6;2021-08-18;0;0;0;0;0;0;0;0;0;0;0;0;0;0;0;0;0;0
FR;6;2021-08-19;0;0;0;0;0;0;0;0;0;0;0;0;0;0;0;0;0;0
FR;6;2021-08-20;0;0;0;0;0;0;0;0;0;0;0;0;0;0;0;0;0;0
FR;6;2021-08-21;0;0;0;0;0;0;0;0;0;0;0;0;0;0;0;0;0;0
FR;6;2021-08-22;0;0;0;0;0;0;0;0;0;0;0;0;0;0;0;0;0;0
FR;6;2021-08-23;0;0;0;0;0;0;0;0;0;0;0;0;0;0;0;0;0;0
FR;6;2021-08-24;0;0;0;0;0;0;0;0;0;0;0;0;0;0;0;0;0;0
FR;6;2021-08-25;0;0;0;0;0;0;0;0;0;0;0;0;0;0;0;0;0;0
FR;6;2021-08-26;0;0;0;0;0;0;0;0;0;0;0;0;0;0;0;0;0;0
FR;6;2021-08-27;0;0;0;0;0;0;0;0;0;0;0;0;0;0;0;0;0;0
FR;6;2021-08-28;0;0;0;0;0;0;0;0;0;0;0;0;0;0;0;0;0;0
FR;6;2021-08-29;0;0;0;0;0;0;0;0;0;0;0;0;0;0;0;0;0;0
FR;6;2021-08-30;0;0;0;0;0;0;0;0;0;0;0;0;0;0;0;0;0;0
FR;6;2021-08-31;0;0;0;0;0;0;0;0;0;0;0;0;0;0;0;0;0;0
FR;6;2021-09-01;0;0;0;0;0;0;0;0;0;0;0;0;0;0;0;0;0;0
FR;6;2021-09-02;0;0;0;0;0;0;0;0;0;0;0;0;0;0;0;0;0;0
FR;6;2021-09-03;0;0;0;0;0;0;0;0;0;0;0;0;0;0;0;0;0;0
FR;6;2021-09-04;0;0;0;0;0;0;0;0;0;0;0;0;0;0;0;0;0;0
FR;6;2021-09-05;0;0;0;0;0;0;0;0;0;0;0;0;0;0;0;0;0;0
FR;6;2021-09-06;0;0;0;0;0;0;0;0;0;0;0;0;0;0;0;0;0;0
FR;6;2021-09-07;0;0;0;0;0;0;0;0;0;0;0;0;0;0;0;0;0;0
FR;6;2021-09-08;0;0;0;0;0;0;0;0;0;0;0;0;0;0;0;0;0;0
FR;6;2021-09-09;0;0;0;0;0;0;0;0;0;0;0;0;0;0;0;0;0;0
FR;6;2021-09-10;0;0;0;0;0;0;0;0;0;0;0;0;0;0;0;0;0;0
FR;6;2021-09-11;0;0;0;0;0;0;0;0;0;0;0;0;0;0;0;0;0;0
FR;6;2021-09-12;0;0;0;0;0;0;0;0;0;0;0;0;0;0;0;0;0;0
FR;6;2021-09-13;0;0;0;0;0;0;0;0;0;0;0;0;0;0;0;0;0;0
FR;6;2021-09-14;0;0;0;0;0;0;0;0;0;0;0;0;0;0;0;0;0;0
FR;6;2021-09-15;0;0;0;0;0;0;0;0;0;0;0;0;0;0;0;0;0;0
FR;6;2021-09-16;0;0;0;0;0;0;0;0;0;0;0;0;0;0;0;0;0;0
FR;6;2021-09-17;0;0;0;0;0;0;0;0;0;0;0;0;0;0;0;0;0;0
FR;6;2021-09-18;0;0;0;0;0;0;0;0;0;0;0;0;0;0;0;0;0;0
FR;6;2021-09-19;0;0;0;0;0;0;0;0;0;0;0;0;0;0;0;0;0;0
FR;6;2021-09-20;0;0;0;0;0;0;0;0;0;0;0;0;0;0;0;0;0;0
FR;6;2021-09-21;0;0;0;0;0;0;0;0;0;0;0;0;0;0;0;0;0;0
FR;6;2021-09-22;0;0;0;0;0;0;0;0;0;0;0;0;0;0;0;0;0;0
FR;6;2021-09-23;0;0;0;0;0;0;0;0;0;0;0;0;0;0;0;0;0;0
FR;6;2021-09-24;0;0;0;0;0;0;0;0;0;0;0;0;0;0;0;0;0;0
FR;6;2021-09-25;0;0;0;0;0;0;0;0;0;0;0;0;0;0;0;0;0;0
FR;6;2021-09-26;0;0;0;0;0;0;0;0;0;0;0;0;0;0;0;0;0;0
FR;6;2021-09-27;0;0;0;0;0;0;0;0;0;0;0;0;0;0;0;0;0;0
FR;6;2021-09-28;0;0;0;0;0;0;0;0;0;0;0;0;0;0;0;0;0;0
FR;6;2021-09-29;0;0;0;0;0;0;0;0;0;0;0;0;0;0;0;0;0;0
FR;6;2021-09-30;0;0;0;0;0;0;0;0;0;0;0;0;0;0;0;0;0;0
FR;6;2021-10-01;0;0;0;0;0;0;0;0;0;0;0;0;0;0;0;0;0;0
FR;6;2021-10-02;0;0;0;0;0;0;0;0;0;0;0;0;0;0;0;0;0;0
FR;6;2021-10-03;0;0;0;0;0;0;0;0;0;0;0;0;0;0;0;0;0;0
FR;6;2021-10-04;0;0;0;0;0;0;0;0;0;0;0;0;0;0;0;0;0;0
FR;6;2021-10-05;0;0;0;0;0;0;0;0;0;0;0;0;0;0;0;0;0;0
FR;6;2021-10-06;0;0;0;0;0;0;0;0;0;0;0;0;0;0;0;0;0;0
FR;6;2021-10-07;0;0;0;0;0;0;0;0;0;0;0;0;0;0;0;0;0;0
FR;6;2021-10-08;0;0;0;0;0;0;0;0;0;0;0;0;0;0;0;0;0;0
FR;6;2021-10-09;0;0;0;0;0;0;0;0;0;0;0;0;0;0;0;0;0;0
FR;6;2021-10-10;0;0;0;0;0;0;0;0;0;0;0;0;0;0;0;0;0;0
FR;6;2021-10-11;0;0;0;0;0;0;0;0;0;0;0;0;0;0;0;0;0;0
FR;6;2021-10-12;0;0;0;0;0;0;0;0;0;0;0;0;0;0;0;0;0;0
FR;6;2021-10-13;0;0;0;0;0;0;0;0;0;0;0;0;0;0;0;0;0;0
FR;6;2021-10-14;0;0;0;0;0;0;0;0;0;0;0;0;0;0;0;0;0;0
FR;6;2021-10-15;0;0;0;0;0;0;0;0;0;0;0;0;0;0;0;0;0;0
FR;6;2021-10-16;0;0;0;0;0;0;0;0;0;0;0;0;0;0;0;0;0;0
FR;6;2021-10-17;0;0;0;0;0;0;0;0;0;0;0;0;0;0;0;0;0;0
FR;6;2021-10-18;0;0;0;0;0;0;0;0;0;0;0;0;0;0;0;0;0;0
FR;6;2021-10-19;0;0;0;0;0;0;0;0;0;0;0;0;0;0;0;0;0;0
FR;6;2021-10-20;0;0;0;0;0;0;0;0;0;0;0;0;0;0;0;0;0;0
FR;6;2021-10-21;0;0;0;0;0;0;0;0;0;0;0;0;0;0;0;0;0;0
FR;6;2021-10-22;0;0;0;0;0;0;0;0;0;0;0;0;0;0;0;0;0;0
FR;6;2021-10-23;0;0;0;0;0;0;0;0;0;0;0;0;0;0;0;0;0;0
FR;6;2021-10-24;0;0;0;0;0;0;0;0;0;0;0;0;0;0;0;0;0;0
FR;6;2021-10-25;0;0;0;0;0;0;0;0;0;0;0;0;0;0;0;0;0;0
FR;6;2021-10-26;0;0;0;0;0;0;0;0;0;0;0;0;0;0;0;0;0;0
FR;6;2021-10-27;0;0;0;0;0;0;0;0;0;0;0;0;0;0;0;0;0;0
FR;6;2021-10-28;0;0;0;0;0;0;0;0;0;0;0;0;0;0;0;0;0;0
FR;6;2021-10-29;0;0;0;0;0;0;0;0;0;0;0;0;0;0;0;0;0;0
FR;6;2021-10-30;0;0;0;0;0;0;0;0;0;0;0;0;0;0;0;0;0;0
FR;6;2021-10-31;0;0;0;0;0;0;0;0;0;0;0;0;0;0;0;0;0;0
FR;6;2021-11-01;0;0;0;0;0;0;0;0;0;0;0;0;0;0;0;0;0;0
FR;6;2021-11-02;0;0;0;0;0;0;0;0;0;0;0;0;0;0;0;0;0;0
FR;6;2021-11-03;0;0;0;0;0;0;0;0;0;0;0;0;0;0;0;0;0;0
FR;6;2021-11-04;0;0;0;0;0;0;0;0;0;0;0;0;0;0;0;0;0;0
FR;6;2021-11-05;0;0;0;0;0;0;0;0;0;0;0;0;0;0;0;0;0;0
FR;6;2021-11-06;0;0;0;0;0;0;0;0;0;0;0;0;0;0;0;0;0;0
FR;6;2021-11-07;0;0;0;0;0;0;0;0;0;0;0;0;0;0;0;0;0;0
FR;6;2021-11-08;0;0;0;0;0;0;0;0;0;0;0;0;0;0;0;0;0;0
FR;6;2021-11-09;0;0;0;0;0;0;0;0;0;0;0;0;0;0;0;0;0;0
FR;6;2021-11-10;0;0;0;0;0;0;0;0;0;0;0;0;0;0;0;0;0;0
FR;6;2021-11-11;0;0;0;0;0;0;0;0;0;0;0;0;0;0;0;0;0;0
FR;6;2021-11-12;0;0;0;0;0;0;0;0;0;0;0;0;0;0;0;0;0;0
FR;6;2021-11-13;0;0;0;0;0;0;0;0;0;0;0;0;0;0;0;0;0;0
FR;6;2021-11-14;0;0;0;0;0;0;0;0;0;0;0;0;0;0;0;0;0;0
FR;6;2021-11-15;0;0;0;0;0;0;0;0;0;0;0;0;0;0;0;0;0;0
FR;6;2021-11-16;0;0;0;0;0;0;0;0;0;0;0;0;0;0;0;0;0;0
FR;6;2021-11-17;0;0;0;0;0;0;0;0;0;0;0;0;0;0;0;0;0;0
FR;6;2021-11-18;0;0;0;0;0;0;0;0;0;0;0;0;0;0;0;0;0;0
FR;6;2021-11-19;0;0;0;0;0;0;0;0;0;0;0;0;0;0;0;0;0;0
FR;6;2021-11-20;0;0;0;0;0;0;0;0;0;0;0;0;0;0;0;0;0;0
FR;6;2021-11-21;0;0;0;0;0;0;0;0;0;0;0;0;0;0;0;0;0;0
FR;6;2021-11-22;0;0;0;0;0;0;0;0;0;0;0;0;0;0;0;0;0;0
FR;6;2021-11-23;0;0;0;0;0;0;0;0;0;0;0;0;0;0;0;0;0;0
FR;6;2021-11-24;0;0;0;0;0;0;0;0;0;0;0;0;0;0;0;0;0;0
FR;6;2021-11-25;0;0;0;0;0;0;0;0;0;0;0;0;0;0;0;0;0;0
FR;6;2021-11-26;0;0;0;0;0;0;0;0;0;0;0;0;0;0;0;0;0;0
FR;6;2021-11-27;0;0;0;0;0;0;0;0;0;0;0;0;0;0;0;0;0;0
FR;6;2021-11-28;0;0;0;0;0;0;0;0;0;0;0;0;0;0;0;0;0;0
FR;6;2021-11-29;0;0;0;0;0;0;0;0;0;0;0;0;0;0;0;0;0;0
FR;6;2021-11-30;0;0;0;0;0;0;0;0;0;0;0;0;0;0;0;0;0;0
FR;6;2021-12-01;0;0;0;0;0;0;0;0;0;0;0;0;0;0;0;0;0;0
FR;6;2021-12-02;0;0;0;0;0;0;0;0;0;0;0;0;0;0;0;0;0;0
FR;6;2021-12-03;0;0;0;0;0;0;0;0;0;0;0;0;0;0;0;0;0;0
FR;6;2021-12-04;0;0;0;0;0;0;0;0;0;0;0;0;0;0;0;0;0;0
FR;6;2021-12-05;0;0;0;0;0;0;0;0;0;0;0;0;0;0;0;0;0;0
FR;6;2021-12-06;0;0;0;0;0;0;0;0;0;0;0;0;0;0;0;0;0;0
FR;6;2021-12-07;0;0;0;0;0;0;0;0;0;0;0;0;0;0;0;0;0;0
FR;6;2021-12-08;0;0;0;0;0;0;0;0;0;0;0;0;0;0;0;0;0;0
FR;6;2021-12-09;0;0;0;0;0;0;0;0;0;0;0;0;0;0;0;0;0;0
FR;6;2021-12-10;0;0;0;0;0;0;0;0;0;0;0;0;0;0;0;0;0;0
FR;6;2021-12-11;0;0;0;0;0;0;0;0;0;0;0;0;0;0;0;0;0;0
FR;6;2021-12-12;0;0;0;0;0;0;0;0;0;0;0;0;0;0;0;0;0;0
FR;6;2021-12-13;0;0;0;0;0;0;0;0;0;0;0;0;0;0;0;0;0;0
FR;6;2021-12-14;0;0;0;0;0;0;0;0;0;0;0;0;0;0;0;0;0;0
FR;6;2021-12-15;0;0;0;0;0;0;0;0;0;0;0;0;0;0;0;0;0;0
FR;6;2021-12-16;0;0;0;0;0;0;0;0;0;0;0;0;0;0;0;0;0;0
FR;6;2021-12-17;0;0;0;0;0;0;0;0;0;0;0;0;0;0;0;0;0;0
FR;6;2021-12-18;0;0;0;0;0;0;0;0;0;0;0;0;0;0;0;0;0;0
FR;6;2021-12-19;0;0;0;0;0;0;0;0;0;0;0;0;0;0;0;0;0;0
FR;6;2021-12-20;0;0;0;0;0;0;0;0;0;0;0;0;0;0;0;0;0;0
FR;6;2021-12-21;0;0;0;0;0;0;0;0;0;0;0;0;0;0;0;0;0;0
FR;6;2021-12-22;0;0;0;0;0;0;0;0;0;0;0;0;0;0;0;0;0;0
FR;6;2021-12-23;0;0;0;0;0;0;0;0;0;0;0;0;0;0;0;0;0;0
FR;6;2021-12-24;0;0;0;0;0;0;0;0;0;0;0;0;0;0;0;0;0;0
FR;6;2021-12-25;0;0;0;0;0;0;0;0;0;0;0;0;0;0;0;0;0;0
FR;6;2021-12-26;0;0;0;0;0;0;0;0;0;0;0;0;0;0;0;0;0;0
FR;6;2021-12-27;0;0;0;0;0;0;0;0;0;0;0;0;0;0;0;0;0;0
FR;6;2021-12-28;0;0;0;0;0;0;0;0;0;0;0;0;0;0;0;0;0;0
FR;6;2021-12-29;0;0;0;0;0;0;0;0;0;0;0;0;0;0;0;0;0;0
FR;6;2021-12-30;0;0;0;0;0;0;0;0;0;0;0;0;0;0;0;0;0;0
FR;6;2021-12-31;0;0;0;0;0;0;0;0;0;0;0;0;0;0;0;0;0;0
FR;6;2022-01-01;0;0;0;0;0;0;0;0;0;0;0;0;0;0;0;0;0;0
FR;6;2022-01-02;0;0;0;0;0;0;0;0;0;0;0;0;0;0;0;0;0;0
FR;6;2022-01-03;0;0;0;0;0;0;0;0;0;0;0;0;0;0;0;0;0;0
FR;6;2022-01-04;0;0;0;0;0;0;0;0;0;0;0;0;0;0;0;0;0;0
FR;6;2022-01-05;0;0;0;0;0;0;0;0;0;0;0;0;0;0;0;0;0;0
FR;6;2022-01-06;0;0;0;0;0;0;0;0;0;0;0;0;0;0;0;0;0;0
FR;6;2022-01-07;0;0;0;0;0;0;0;0;0;0;0;0;0;0;0;0;0;0
FR;6;2022-01-08;0;0;0;0;0;0;0;0;0;0;0;0;0;0;0;0;0;0
FR;6;2022-01-09;0;0;0;0;0;0;0;0;0;0;0;0;0;0;0;0;0;0
FR;6;2022-01-10;0;0;0;0;0;0;0;0;0;0;0;0;0;0;0;0;0;0
FR;6;2022-01-11;0;0;0;0;0;0;0;0;0;0;0;0;0;0;0;0;0;0
FR;6;2022-01-12;0;0;0;0;0;0;0;0;0;0;0;0;0;0;0;0;0;0
FR;6;2022-01-13;0;0;0;0;0;0;0;0;0;0;0;0;0;0;0;0;0;0
FR;6;2022-01-14;0;0;0;0;0;0;0;0;0;0;0;0;0;0;0;0;0;0
FR;6;2022-01-15;0;0;0;0;0;0;0;0;0;0;0;0;0;0;0;0;0;0
FR;6;2022-01-16;0;0;0;0;0;0;0;0;0;0;0;0;0;0;0;0;0;0
FR;6;2022-01-17;0;0;0;0;0;0;0;0;0;0;0;0;0;0;0;0;0;0
FR;6;2022-01-18;0;0;0;0;0;0;0;0;0;0;0;0;0;0;0;0;0;0
FR;6;2022-01-19;0;0;0;0;0;0;0;0;0;0;0;0;0;0;0;0;0;0
FR;6;2022-01-20;0;0;0;0;0;0;0;0;0;0;0;0;0;0;0;0;0;0
FR;6;2022-01-21;0;0;0;0;0;0;0;0;0;0;0;0;0;0;0;0;0;0
FR;6;2022-01-22;0;0;0;0;0;0;0;0;0;0;0;0;0;0;0;0;0;0
FR;6;2022-01-23;0;0;0;0;0;0;0;0;0;0;0;0;0;0;0;0;0;0
FR;6;2022-01-24;0;0;0;0;0;0;0;0;0;0;0;0;0;0;0;0;0;0
FR;6;2022-01-25;0;0;0;0;0;0;0;0;0;0;0;0;0;0;0;0;0;0
FR;6;2022-01-26;0;0;0;0;0;0;0;0;0;0;0;0;0;0;0;0;0;0
FR;6;2022-01-27;0;0;0;0;0;0;0;0;0;0;0;0;0;0;0;0;0;0
FR;6;2022-01-28;0;0;0;0;0;0;0;0;0;0;0;0;0;0;0;0;0;0
FR;6;2022-01-29;0;0;0;0;0;0;0;0;0;0;0;0;0;0;0;0;0;0
FR;6;2022-01-30;0;0;0;0;0;0;0;0;0;0;0;0;0;0;0;0;0;0
FR;6;2022-01-31;0;0;0;0;0;0;0;0;0;0;0;0;0;0;0;0;0;0
FR;6;2022-02-01;0;0;0;0;0;0;0;0;0;0;0;0;0;0;0;0;0;0
FR;6;2022-02-02;0;0;0;0;0;0;0;0;0;0;0;0;0;0;0;0;0;0
FR;6;2022-02-03;0;0;0;0;0;0;0;0;0;0;0;0;0;0;0;0;0;0
FR;6;2022-02-04;0;0;0;0;0;0;0;0;0;0;0;0;0;0;0;0;0;0
FR;6;2022-02-05;0;0;0;0;0;0;0;0;0;0;0;0;0;0;0;0;0;0
FR;6;2022-02-06;0;0;0;0;0;0;0;0;0;0;0;0;0;0;0;0;0;0
FR;6;2022-02-07;0;0;0;0;0;0;0;0;0;0;0;0;0;0;0;0;0;0
FR;6;2022-02-08;0;0;0;0;0;0;0;0;0;0;0;0;0;0;0;0;0;0
FR;6;2022-02-09;0;0;0;0;0;0;0;0;0;0;0;0;0;0;0;0;0;0
FR;6;2022-02-10;0;0;0;0;0;0;0;0;0;0;0;0;0;0;0;0;0;0
FR;6;2022-02-11;0;0;0;0;0;0;0;0;0;0;0;0;0;0;0;0;0;0
FR;6;2022-02-12;0;0;0;0;0;0;0;0;0;0;0;0;0;0;0;0;0;0
FR;6;2022-02-13;0;0;0;0;0;0;0;0;0;0;0;0;0;0;0;0;0;0
FR;6;2022-02-14;0;0;0;0;0;0;0;0;0;0;0;0;0;0;0;0;0;0
FR;6;2022-02-15;0;0;0;0;0;0;0;0;0;0;0;0;0;0;0;0;0;0
FR;6;2022-02-16;0;0;0;0;0;0;0;0;0;0;0;0;0;0;0;0;0;0
FR;6;2022-02-17;0;0;0;0;0;0;0;0;0;0;0;0;0;0;0;0;0;0
FR;6;2022-02-18;0;0;0;0;0;0;0;0;0;0;0;0;0;0;0;0;0;0
FR;6;2022-02-19;0;0;0;0;0;0;0;0;0;0;0;0;0;0;0;0;0;0
FR;6;2022-02-20;0;0;0;0;0;0;0;0;0;0;0;0;0;0;0;0;0;0
FR;6;2022-02-21;0;0;0;0;0;0;0;0;0;0;0;0;0;0;0;0;0;0
FR;6;2022-02-22;0;0;0;0;0;0;0;0;0;0;0;0;0;0;0;0;0;0
FR;6;2022-02-23;0;0;0;0;0;0;0;0;0;0;0;0;0;0;0;0;0;0
FR;6;2022-02-24;0;0;0;0;0;0;0;0;0;0;0;0;0;0;0;0;0;0
FR;6;2022-02-25;0;0;0;0;0;0;0;0;0;0;0;0;0;0;0;0;0;0
FR;6;2022-02-26;1;0;0;0;0;0;0;0;0;1;0;0;0;0;0;0;0;0
FR;6;2022-02-27;0;0;0;0;0;0;0;0;0;1;0;0;0;0;0;0;0;0
FR;6;2022-02-28;0;0;0;0;0;0;0;0;0;1;0;0;0;0;0;0;0;0
FR;6;2022-03-01;3;0;0;0;0;0;0;0;0;4;0;0;0;0;0;0;0;0
FR;6;2022-03-02;97;9;2;0;15;7;0;0;0;101;9;2;0;15;7;0;0;0
FR;6;2022-03-03;0;0;0;0;0;0;0;0;0;101;9;2;0;15;7;0;0;0
FR;6;2022-03-04;92;4;0;0;8;4;0;0;0;193;13;2;0;23;11;0;0;0
FR;6;2022-03-05;391;23;2;0;60;14;0;0;0;584;36;4;0;83;25;0;0;0
FR;6;2022-03-06;7;1;0;0;2;0;0;0;0;591;37;4;0;85;25;0;0;0
FR;6;2022-03-07;337;19;0;0;51;13;0;0;0;928;56;4;0;136;38;0;0;0
FR;6;2022-03-08;230;14;0;0;47;5;0;0;0;1158;70;4;0;183;43;0;0;0
FR;6;2022-03-09;519;29;2;0;84;21;1;0;0;1677;99;6;0;267;64;1;0;0
FR;6;2022-03-10;206;19;0;1;54;12;1;0;0;1883;118;6;1;321;76;2;0;0
FR;6;2022-03-11;331;22;6;0;53;21;0;0;0;2214;140;12;1;374;97;2;0;0
FR;6;2022-03-12;518;25;1;0;83;20;0;0;0;2732;165;13;1;457;117;2;0;0
FR;6;2022-03-13;40;2;0;0;2;1;0;0;0;2772;167;13;1;459;118;2;0;0
FR;6;2022-03-14;201;4;2;0;39;3;1;0;0;2973;171;15;1;498;121;3;0;0
FR;6;2022-03-15;112;11;2;0;29;9;0;0;0;3085;182;17;1;527;130;3;0;0
FR;6;2022-03-16;310;17;2;1;49;15;1;0;0;3395;199;19;2;576;145;4;0;0
FR;6;2022-03-17;117;6;1;2;14;4;2;0;0;3512;205;20;4;590;149;6;0;0
FR;6;2022-03-18;215;10;0;0;40;6;0;0;0;3727;215;20;4;630;155;6;0;0
FR;6;2022-03-19;307;19;2;0;89;9;0;0;0;4034;234;22;4;719;164;6;0;0
FR;6;2022-03-20;15;5;0;0;5;1;0;0;0;4049;239;22;4;724;165;6;0;0
FR;6;2022-03-21;132;23;1;0;47;4;0;0;0;4181;262;23;4;771;169;6;0;0
FR;6;2022-03-22;97;15;0;0;34;4;0;0;0;4278;277;23;4;805;173;6;0;0
FR;6;2022-03-23;226;108;3;0;154;14;1;0;0;4504;385;26;4;959;187;7;0;0
FR;6;2022-03-24;100;15;1;3;32;4;3;0;0;4604;400;27;7;991;191;10;0;0
FR;6;2022-03-25;203;141;2;1;177;15;2;0;0;4807;541;29;8;1168;206;12;0;0
FR;6;2022-03-26;331;295;7;1;382;19;1;0;0;5138;836;36;9;1550;225;13;0;0
FR;6;2022-03-27;32;30;1;0;37;1;1;0;0;5170;866;37;9;1587;226;14;0;0
FR;6;2022-03-28;201;208;8;1;234;17;3;0;0;5371;1074;45;10;1821;243;17;0;0
FR;6;2022-03-29;124;189;12;2;206;12;9;0;0;5495;1263;57;12;2027;255;26;0;0
FR;6;2022-03-30;305;476;10;2;548;22;6;0;0;5800;1739;67;14;2575;277;32;0;0
FR;6;2022-03-31;123;140;10;0;160;14;5;0;0;5923;1879;77;14;2735;291;37;0;0
FR;6;2022-04-01;195;150;11;2;178;23;3;0;0;6118;2029;88;16;2913;314;40;0;0
FR;6;2022-04-02;206;241;9;1;280;13;8;0;0;6324;2270;97;17;3193;327;48;0;0
FR;6;2022-04-03;17;21;0;0;26;1;0;0;0;6341;2291;97;17;3219;328;48;0;0
FR;6;2022-04-04;137;114;6;1;131;9;5;0;0;6478;2405;103;18;3350;337;53;0;0
FR;6;2022-04-05;146;88;15;1;105;11;8;0;0;6624;2493;118;19;3455;348;61;0;0
FR;6;2022-04-06;204;245;22;26;291;27;33;0;0;6828;2738;140;45;3746;375;94;0;0
FR;6;2022-04-07;127;96;15;9;115;17;14;0;0;6955;2834;155;54;3861;392;108;0;0
FR;6;2022-04-08;199;171;16;3;214;17;9;0;1;7154;3005;171;57;4075;409;117;0;1
FR;6;2022-04-09;145;139;6;12;171;13;4;0;0;7299;3144;177;69;4246;422;121;0;1
FR;6;2022-04-10;10;20;3;0;25;1;3;0;0;7309;3164;180;69;4271;423;124;0;1
FR;6;2022-04-11;101;106;4;0;128;5;3;0;0;7410;3270;184;69;4399;428;127;0;1
FR;6;2022-04-12;136;75;5;8;114;10;10;0;0;7546;3345;189;77;4513;438;137;0;1
FR;6;2022-04-13;162;175;7;5;208;13;8;0;0;7708;3520;196;82;4721;451;145;0;1
FR;6;2022-04-14;100;103;5;10;121;8;10;0;0;7808;3623;201;92;4842;459;155;0;1
FR;6;2022-04-15;158;149;11;7;167;19;14;0;1;7966;3772;212;99;5009;478;169;0;2
FR;6;2022-04-16;127;132;5;0;162;14;2;0;0;8093;3904;217;99;5171;492;171;0;2
FR;6;2022-04-17;8;9;4;0;10;4;0;0;0;8101;3913;221;99;5181;496;171;0;2
FR;6;2022-04-18;8;15;3;0;15;4;0;0;0;8109;3928;224;99;5196;500;171;0;2
FR;6;2022-04-19;97;112;4;3;130;3;7;0;0;8206;4040;228;102;5326;503;178;0;2
FR;6;2022-04-20;178;227;8;7;269;15;3;0;0;8384;4267;236;109;5595;518;181;0;2
FR;6;2022-04-21;111;93;8;4;110;11;7;0;0;8495;4360;244;113;5705;529;188;0;2
FR;6;2022-04-22;138;160;13;12;190;13;13;0;0;8633;4520;257;125;5895;542;201;0;2
FR;6;2022-04-23;106;129;1;1;161;7;1;0;0;8739;4649;258;126;6056;549;202;0;2
FR;6;2022-04-24;5;21;1;0;22;0;1;0;0;8744;4670;259;126;6078;549;203;0;2
FR;6;2022-04-25;91;128;3;8;151;11;9;0;0;8835;4798;262;134;6229;560;212;0;2
FR;6;2022-04-26;101;128;19;2;151;17;13;0;0;8936;4926;281;136;6380;577;225;0;2
FR;6;2022-04-27;197;159;21;1;222;27;11;0;1;9133;5085;302;137;6602;604;236;0;3
FR;6;2022-04-28;109;87;7;1;123;8;7;0;0;9242;5172;309;138;6725;612;243;0;3
FR;6;2022-04-29;191;169;16;2;215;20;6;0;0;9433;5341;325;140;6940;632;249;0;3
FR;6;2022-04-30;133;125;7;1;168;24;2;0;0;9566;5466;332;141;7108;656;251;0;3
FR;6;2022-05-01;7;6;0;0;8;0;0;0;0;9573;5472;332;141;7116;656;251;0;3
FR;6;2022-05-02;94;65;3;4;88;3;4;0;0;9667;5537;335;145;7204;659;255;0;3
FR;6;2022-05-03;136;93;11;2;125;7;9;0;0;9803;5630;346;147;7329;666;264;0;3
FR;6;2022-05-04;167;118;25;12;161;29;12;0;1;9970;5748;371;159;7490;695;276;0;4
FR;6;2022-05-05;101;70;8;3;96;12;6;0;0;10071;5818;379;162;7586;707;282;0;4
FR;6;2022-05-06;152;110;10;9;155;16;11;0;0;10223;5928;389;171;7741;723;293;0;4
FR;6;2022-05-07;139;93;13;3;136;23;8;0;0;10362;6021;402;174;7877;746;301;0;4
FR;6;2022-05-08;20;8;6;5;16;7;5;0;0;10382;6029;408;179;7893;753;306;0;4
FR;6;2022-05-09;86;78;9;7;95;13;6;0;0;10468;6107;417;186;7988;766;312;0;4
FR;6;2022-05-10;112;80;15;7;110;12;13;0;0;10580;6187;432;193;8098;778;325;0;4
FR;6;2022-05-11;130;124;11;14;163;20;6;0;0;10710;6311;443;207;8261;798;331;0;4
FR;6;2022-05-12;105;76;7;5;96;15;6;0;1;10815;6387;450;212;8357;813;337;0;5
FR;6;2022-05-13;155;97;17;21;137;22;16;0;0;10970;6484;467;233;8494;835;353;0;5
FR;6;2022-05-14;81;60;6;7;84;15;2;0;0;11051;6544;473;240;8578;850;355;0;5
FR;6;2022-05-15;12;7;0;0;14;0;0;0;0;11063;6551;473;240;8592;850;355;0;5
FR;6;2022-05-16;65;54;6;2;69;12;3;0;0;11128;6605;479;242;8661;862;358;0;5
FR;6;2022-05-17;123;77;5;7;92;11;8;0;0;11251;6682;484;249;8753;873;366;0;5
FR;6;2022-05-18;131;116;5;1;159;13;3;0;0;11382;6798;489;250;8912;886;369;0;5
FR;6;2022-05-19;124;57;6;8;96;9;8;0;0;11506;6855;495;258;9008;895;377;0;5
FR;6;2022-05-20;125;115;13;3;151;18;10;0;0;11631;6970;508;261;9159;913;387;0;5
FR;6;2022-05-21;92;69;14;3;93;12;8;0;0;11723;7039;522;264;9252;925;395;0;5
FR;6;2022-05-22;19;12;5;0;21;4;1;0;0;11742;7051;527;264;9273;929;396;0;5
FR;6;2022-05-23;77;72;4;2;90;7;2;0;0;11819;7123;531;266;9363;936;398;0;5
FR;6;2022-05-24;117;98;8;2;132;16;4;0;0;11936;7221;539;268;9495;952;402;0;5
FR;6;2022-05-25;139;129;6;3;170;11;6;0;0;12075;7350;545;271;9665;963;408;0;5
FR;6;2022-05-26;7;9;3;0;5;9;0;0;0;12082;7359;548;271;9670;972;408;0;5
FR;6;2022-05-27;127;105;15;11;136;18;18;0;1;12209;7464;563;282;9806;990;426;0;6
FR;6;2022-05-28;54;75;1;5;89;8;5;0;0;12263;7539;564;287;9895;998;431;0;6
FR;6;2022-05-29;8;10;0;0;10;1;0;0;0;12271;7549;564;287;9905;999;431;0;6
FR;6;2022-05-30;70;70;7;4;86;4;9;0;0;12341;7619;571;291;9991;1003;440;0;6
FR;6;2022-05-31;87;102;10;2;121;14;7;0;0;12428;7721;581;293;10112;1017;447;0;6
FR;6;2022-06-01;97;89;10;1;111;11;6;0;0;12525;7810;591;294;10223;1028;453;0;6
FR;6;2022-06-02;91;60;6;3;80;9;6;0;0;12616;7870;597;297;10303;1037;459;0;6
FR;6;2022-06-03;126;102;13;7;129;21;8;0;0;12742;7972;610;304;10432;1058;467;0;6
FR;6;2022-06-04;63;51;10;0;64;12;3;0;0;12805;8023;620;304;10496;1070;470;0;6
FR;6;2022-06-05;16;15;2;1;18;4;1;0;0;12821;8038;622;305;10514;1074;471;0;6
FR;6;2022-06-06;9;6;0;0;8;0;0;0;0;12830;8044;622;305;10522;1074;471;0;6
FR;6;2022-06-07;79;90;3;4;117;8;6;0;0;12909;8134;625;309;10639;1082;477;0;6
FR;6;2022-06-08;92;110;13;5;130;20;6;0;0;13001;8244;638;314;10769;1102;483;0;6
FR;6;2022-06-09;75;81;15;3;106;15;8;0;0;13076;8325;653;317;10875;1117;491;0;6
FR;6;2022-06-10;116;93;26;10;121;22;13;0;0;13192;8418;679;327;10996;1139;504;0;6
FR;6;2022-06-11;83;62;6;10;82;12;11;0;0;13275;8480;685;337;11078;1151;515;0;6
FR;6;2022-06-12;6;14;1;0;16;2;0;0;0;13281;8494;686;337;11094;1153;515;0;6
FR;6;2022-06-13;74;59;18;1;68;7;4;0;0;13355;8553;704;338;11162;1160;519;0;6
FR;6;2022-06-14;98;100;8;5;116;16;8;0;0;13453;8653;712;343;11278;1176;527;0;6
FR;6;2022-06-15;80;86;7;8;114;15;10;0;0;13533;8739;719;351;11392;1191;537;0;6
FR;6;2022-06-16;53;40;11;7;45;14;6;0;0;13586;8779;730;358;11437;1205;543;0;6
FR;6;2022-06-17;86;85;3;13;109;11;5;0;0;13672;8864;733;371;11546;1216;548;0;6
FR;6;2022-06-18;71;62;13;0;87;21;1;0;0;13743;8926;746;371;11633;1237;549;0;6
FR;6;2022-06-19;6;6;3;0;7;4;1;0;0;13749;8932;749;371;11640;1241;550;0;6
FR;6;2022-06-20;42;41;4;1;55;6;1;0;0;13791;8973;753;372;11695;1247;551;0;6
FR;6;2022-06-21;59;73;10;7;82;17;7;0;0;13850;9046;763;379;11777;1264;558;0;6
FR;6;2022-06-22;86;85;8;2;98;17;3;0;0;13936;9131;771;381;11875;1281;561;0;6
FR;6;2022-06-23;64;39;13;7;41;15;10;0;0;14000;9170;784;388;11916;1296;571;0;6
FR;6;2022-06-24;77;85;7;14;95;20;16;0;0;14077;9255;791;402;12011;1316;587;0;6
FR;6;2022-06-25;67;61;4;3;77;8;5;0;0;14144;9316;795;405;12088;1324;592;0;6
FR;6;2022-06-26;6;7;1;0;10;1;0;0;0;14150;9323;796;405;12098;1325;592;0;6
FR;6;2022-06-27;51;50;4;9;62;12;7;0;0;14201;9373;800;414;12160;1337;599;0;6
FR;6;2022-06-28;68;47;6;3;53;15;5;0;0;14269;9420;806;417;12213;1352;604;0;6
FR;6;2022-06-29;98;117;26;37;115;19;35;0;5;14367;9537;832;454;12328;1371;639;0;11
FR;6;2022-06-30;84;60;33;10;61;12;7;0;0;14451;9597;865;464;12389;1383;646;0;11
FR;6;2022-07-01;115;94;25;33;102;18;27;0;1;14566;9691;890;497;12491;1401;673;0;12
FR;6;2022-07-02;58;67;26;2;64;37;6;0;0;14624;9758;916;499;12555;1438;679;0;12
FR;6;2022-07-03;11;4;4;3;5;4;3;0;0;14635;9762;920;502;12560;1442;682;0;12
FR;6;2022-07-04;61;43;3;23;55;13;20;0;0;14696;9805;923;525;12615;1455;702;0;12
FR;6;2022-07-05;65;53;19;67;60;27;63;0;0;14761;9858;942;592;12675;1482;765;0;12
FR;6;2022-07-06;94;64;7;11;77;12;17;0;0;14855;9922;949;603;12752;1494;782;0;12
FR;6;2022-07-07;99;79;42;37;99;14;34;0;4;14954;10001;991;640;12851;1508;816;0;16
FR;6;2022-07-08;139;87;42;27;116;10;25;0;3;15093;10088;1033;667;12967;1518;841;0;19
FR;6;2022-07-09;53;51;16;29;51;27;33;0;1;15146;10139;1049;696;13018;1545;874;0;20
FR;6;2022-07-10;3;7;8;0;9;9;0;0;0;15149;10146;1057;696;13027;1554;874;0;20
FR;6;2022-07-11;54;44;5;4;47;12;4;0;0;15203;10190;1062;700;13074;1566;878;0;20
FR;6;2022-07-12;70;72;12;23;87;12;27;0;0;15273;10262;1074;723;13161;1578;905;0;20
FR;6;2022-07-13;84;65;14;21;71;25;22;0;0;15357;10327;1088;744;13232;1603;927;0;20
FR;6;2022-07-14;4;3;1;0;4;1;0;0;0;15361;10330;1089;744;13236;1604;927;0;20
FR;6;2022-07-15;74;59;9;57;85;16;45;0;0;15435;10389;1098;801;13321;1620;972;0;20
FR;6;2022-07-16;27;31;17;0;37;17;3;0;0;15462;10420;1115;801;13358;1637;975;0;20
FR;6;2022-07-17;3;7;0;0;8;0;0;0;0;15465;10427;1115;801;13366;1637;975;0;20
FR;6;2022-07-18;37;62;11;14;60;15;14;0;6;15502;10489;1126;815;13426;1652;989;0;26
FR;6;2022-07-19;54;48;4;19;60;6;21;0;1;15556;10537;1130;834;13486;1658;1010;0;27
FR;6;2022-07-20;53;70;7;22;75;11;27;0;0;15609;10607;1137;856;13561;1669;1037;0;27
FR;6;2022-07-21;51;61;4;7;56;11;9;0;0;15660;10668;1141;863;13617;1680;1046;0;27
FR;6;2022-07-22;55;74;7;26;82;8;16;0;2;15715;10742;1148;889;13699;1688;1062;0;29
FR;6;2022-07-23;38;40;6;10;40;6;9;0;1;15753;10782;1154;899;13739;1694;1071;0;30
FR;6;2022-07-24;11;14;1;3;19;3;3;0;0;15764;10796;1155;902;13758;1697;1074;0;30
FR;6;2022-07-25;60;44;8;12;41;9;13;0;1;15824;10840;1163;914;13799;1706;1087;0;31
FR;6;2022-07-26;47;64;14;6;62;10;13;0;0;15871;10904;1177;920;13861;1716;1100;0;31
FR;6;2022-07-27;54;78;15;11;81;17;15;0;8;15925;10982;1192;931;13942;1733;1115;0;39
FR;6;2022-07-28;30;48;4;6;50;8;7;0;1;15955;11030;1196;937;13992;1741;1122;0;40
FR;6;2022-07-29;43;71;10;38;60;24;36;0;1;15998;11101;1206;975;14052;1765;1158;0;41
FR;6;2022-07-30;26;48;4;15;49;7;15;0;0;16024;11149;1210;990;14101;1772;1173;0;41
FR;6;2022-07-31;0;1;1;0;1;0;1;0;0;16024;11150;1211;990;14102;1772;1174;0;41
FR;6;2022-08-01;39;36;14;8;32;10;6;0;1;16063;11186;1225;998;14134;1782;1180;0;42
FR;6;2022-08-02;37;46;10;14;52;6;16;0;0;16100;11232;1235;1012;14186;1788;1196;0;42
FR;6;2022-08-03;29;52;7;16;53;11;19;0;0;16129;11284;1242;1028;14239;1799;1215;0;42
FR;6;2022-08-04;25;21;4;9;20;6;10;0;1;16154;11305;1246;1037;14259;1805;1225;0;43
FR;6;2022-08-05;43;45;1;7;53;5;7;0;0;16197;11350;1247;1044;14312;1810;1232;0;43
FR;6;2022-08-06;17;27;1;3;33;2;4;0;0;16214;11377;1248;1047;14345;1812;1236;0;43
FR;6;2022-08-07;1;2;0;0;2;0;0;0;0;16215;11379;1248;1047;14347;1812;1236;0;43
FR;6;2022-08-08;24;33;1;0;40;1;0;0;0;16239;11412;1249;1047;14387;1813;1236;0;43
FR;6;2022-08-09;22;30;6;3;29;3;3;0;0;16261;11442;1255;1050;14416;1816;1239;0;43
FR;6;2022-08-10;32;36;5;9;38;5;9;0;5;16293;11478;1260;1059;14454;1821;1248;0;48
FR;6;2022-08-11;33;33;1;1;40;1;0;0;1;16326;11511;1261;1060;14494;1822;1248;0;49
FR;6;2022-08-12;50;44;6;2;50;15;3;0;1;16376;11555;1267;1062;14544;1837;1251;0;50
FR;6;2022-08-13;9;20;0;0;22;1;0;0;0;16385;11575;1267;1062;14566;1838;1251;0;50
FR;6;2022-08-14;3;1;0;0;2;0;0;0;0;16388;11576;1267;1062;14568;1838;1251;0;50
FR;6;2022-08-15;2;3;1;0;4;0;1;0;0;16390;11579;1268;1062;14572;1838;1252;0;50
FR;6;2022-08-16;35;66;21;7;66;7;2;0;0;16425;11645;1289;1069;14638;1845;1254;0;50
FR;6;2022-08-17;32;44;10;9;41;10;6;0;7;16457;11689;1299;1078;14679;1855;1260;0;57
FR;6;2022-08-18;29;55;14;4;61;4;0;0;1;16486;11744;1313;1082;14740;1859;1260;0;58
FR;6;2022-08-19;30;45;5;4;47;3;2;0;1;16516;11789;1318;1086;14787;1862;1262;0;59
FR;6;2022-08-20;26;29;3;0;29;8;1;0;0;16542;11818;1321;1086;14816;1870;1263;0;59
FR;6;2022-08-21;1;5;2;0;5;0;0;0;0;16543;11823;1323;1086;14821;1870;1263;0;59
FR;6;2022-08-22;20;42;15;1;45;0;0;0;0;16563;11865;1338;1087;14866;1870;1263;0;59
FR;6;2022-08-23;34;45;6;7;48;6;4;0;2;16597;11910;1344;1094;14914;1876;1267;0;61
FR;6;2022-08-24;34;30;6;3;36;6;2;0;3;16631;11940;1350;1097;14950;1882;1269;0;64
FR;6;2022-08-25;25;27;1;1;29;5;1;0;0;16656;11967;1351;1098;14979;1887;1270;0;64
FR;6;2022-08-26;38;44;4;4;51;7;7;0;0;16694;12011;1355;1102;15030;1894;1277;0;64
FR;6;2022-08-27;19;21;7;3;22;8;4;0;0;16713;12032;1362;1105;15052;1902;1281;0;64
FR;6;2022-08-28;6;3;0;6;3;1;1;0;4;16719;12035;1362;1111;15055;1903;1282;0;68
FR;6;2022-08-29;26;22;2;6;29;3;6;0;0;16745;12057;1364;1117;15084;1906;1288;0;68
FR;6;2022-08-30;28;35;4;12;33;8;13;0;0;16773;12092;1368;1129;15117;1914;1301;0;68
FR;6;2022-08-31;35;38;2;11;46;3;12;0;0;16808;12130;1370;1140;15163;1917;1313;0;68
FR;6;2022-09-01;16;11;5;1;12;4;3;0;0;16824;12141;1375;1141;15175;1921;1316;0;68
FR;6;2022-09-02;19;14;2;1;13;3;2;0;0;16843;12155;1377;1142;15188;1924;1318;0;68
FR;6;2022-09-03;10;3;1;5;4;2;5;0;0;16853;12158;1378;1147;15192;1926;1323;0;68
FR;6;2022-09-04;4;1;0;0;1;0;0;0;0;16857;12159;1378;1147;15193;1926;1323;0;68
FR;6;2022-09-05;8;7;0;0;10;0;0;0;0;16865;12166;1378;1147;15203;1926;1323;0;68
FR;6;2022-09-06;7;9;7;12;8;6;15;0;0;16872;12175;1385;1159;15211;1932;1338;0;68
FR;6;2022-09-07;3;8;1;0;8;1;0;0;0;16875;12183;1386;1159;15219;1933;1338;0;68
FR;6;2022-09-08;6;4;0;2;3;1;2;0;0;16881;12187;1386;1161;15222;1934;1340;0;68
FR;6;2022-09-09;7;9;2;7;9;3;8;0;0;16888;12196;1388;1168;15231;1937;1348;0;68
FR;6;2022-09-10;3;4;1;0;3;1;1;0;0;16891;12200;1389;1168;15234;1938;1349;0;68
FR;6;2022-09-11;1;3;0;0;3;0;0;0;0;16892;12203;1389;1168;15237;1938;1349;0;68
FR;6;2022-09-12;10;4;1;0;3;3;0;0;0;16902;12207;1390;1168;15240;1941;1349;0;68
FR;6;2022-09-13;7;2;3;0;2;2;2;0;0;16909;12209;1393;1168;15242;1943;1351;0;68
FR;6;2022-09-14;9;8;2;0;7;4;0;0;0;16918;12217;1395;1168;15249;1947;1351;0;68
FR;6;2022-09-15;8;13;5;5;9;9;3;0;2;16926;12230;1400;1173;15258;1956;1354;0;70
FR;6;2022-09-16;25;39;1;1;46;4;1;0;2;16951;12269;1401;1174;15304;1960;1355;0;72
FR;6;2022-09-17;24;22;0;6;24;5;3;0;2;16975;12291;1401;1180;15328;1965;1358;0;74
FR;6;2022-09-18;5;4;0;0;4;1;0;0;0;16980;12295;1401;1180;15332;1966;1358;0;74
FR;6;2022-09-19;30;30;2;1;31;5;1;0;0;17010;12325;1403;1181;15363;1971;1359;0;74
FR;6;2022-09-20;34;25;1;4;29;6;2;0;1;17044;12350;1404;1185;15392;1977;1361;0;75
FR;6;2022-09-21;21;9;3;3;7;7;5;0;3;17065;12359;1407;1188;15399;1984;1366;0;78
FR;6;2022-09-22;19;28;1;22;32;3;21;0;1;17084;12387;1408;1210;15431;1987;1387;0;79
FR;6;2022-09-23;28;41;5;9;47;9;2;0;0;17112;12428;1413;1219;15478;1996;1389;0;79
FR;6;2022-09-24;16;16;4;2;21;6;2;0;0;17128;12444;1417;1221;15499;2002;1391;0;79
FR;6;2022-09-25;3;14;0;0;14;1;0;0;0;17131;12458;1417;1221;15513;2003;1391;0;79
FR;6;2022-09-26;16;13;0;18;12;5;18;0;2;17147;12471;1417;1239;15525;2008;1409;0;81
FR;6;2022-09-27;32;19;2;3;23;4;4;0;0;17179;12490;1419;1242;15548;2012;1413;0;81
FR;6;2022-09-28;27;10;9;11;16;5;17;0;2;17206;12500;1428;1253;15564;2017;1430;0;83
FR;6;2022-09-29;13;13;10;34;16;6;33;0;7;17219;12513;1438;1287;15580;2023;1463;0;90
FR;6;2022-09-30;34;24;5;6;33;5;3;0;0;17253;12537;1443;1293;15613;2028;1466;0;90
FR;6;2022-10-01;17;12;5;8;9;8;8;0;2;17270;12549;1448;1301;15622;2036;1474;0;92
FR;6;2022-10-02;3;0;0;0;1;0;0;0;0;17273;12549;1448;1301;15623;2036;1474;0;92
FR;6;2022-10-03;11;10;3;5;11;4;6;0;0;17284;12559;1451;1306;15634;2040;1480;0;92
FR;6;2022-10-04;19;17;4;28;21;3;30;0;3;17303;12576;1455;1334;15655;2043;1510;0;95
FR;6;2022-10-05;11;12;3;2;9;7;4;0;0;17314;12588;1458;1336;15664;2050;1514;0;95
FR;6;2022-10-06;19;13;4;6;17;2;10;0;0;17333;12601;1462;1342;15681;2052;1524;0;95
FR;6;2022-10-07;27;26;5;24;25;10;16;0;5;17360;12627;1467;1366;15706;2062;1540;0;100
FR;6;2022-10-08;18;13;0;0;16;0;0;0;0;17378;12640;1467;1366;15722;2062;1540;0;100
FR;6;2022-10-09;7;3;4;27;3;4;30;0;6;17385;12643;1471;1393;15725;2066;1570;0;106
FR;6;2022-10-10;15;14;1;16;16;6;13;0;0;17400;12657;1472;1409;15741;2072;1583;0;106
FR;6;2022-10-11;21;23;3;11;21;8;13;0;3;17421;12680;1475;1420;15762;2080;1596;0;109
FR;6;2022-10-12;20;16;7;19;18;3;24;0;7;17441;12696;1482;1439;15780;2083;1620;0;116
FR;6;2022-10-13;28;15;2;36;23;0;38;0;6;17469;12711;1484;1475;15803;2083;1658;0;122
FR;6;2022-10-14;29;23;5;49;23;11;45;0;13;17498;12734;1489;1524;15826;2094;1703;0;135
FR;6;2022-10-15;13;9;0;22;8;4;21;0;6;17511;12743;1489;1546;15834;2098;1724;0;141
FR;6;2022-10-16;4;5;0;6;2;3;6;0;0;17515;12748;1489;1552;15836;2101;1730;0;141
FR;6;2022-10-17;14;14;2;10;14;1;12;0;2;17529;12762;1491;1562;15850;2102;1742;0;143
FR;6;2022-10-18;12;19;9;26;19;4;18;0;11;17541;12781;1500;1588;15869;2106;1760;0;154
FR;6;2022-10-19;10;20;6;16;20;5;19;0;5;17551;12801;1506;1604;15889;2111;1779;0;159
FR;6;2022-10-20;16;15;12;57;18;5;67;0;13;17567;12816;1518;1661;15907;2116;1846;0;172
FR;6;2022-10-21;16;21;9;34;22;11;37;0;10;17583;12837;1527;1695;15929;2127;1883;0;182
FR;6;2022-10-22;19;14;1;4;17;3;4;0;0;17602;12851;1528;1699;15946;2130;1887;0;182
FR;6;2022-10-23;3;2;1;0;3;0;1;0;0;17605;12853;1529;1699;15949;2130;1888;0;182
FR;6;2022-10-24;12;14;2;7;14;6;5;0;2;17617;12867;1531;1706;15963;2136;1893;0;184
FR;6;2022-10-25;20;13;6;17;16;7;19;0;4;17637;12880;1537;1723;15979;2143;1912;0;188
FR;6;2022-10-26;17;9;4;13;12;4;15;0;5;17654;12889;1541;1736;15991;2147;1927;0;193
FR;6;2022-10-27;20;7;8;37;10;6;36;0;14;17674;12896;1549;1773;16001;2153;1963;0;207
FR;6;2022-10-28;21;27;3;4;28;6;5;0;1;17695;12923;1552;1777;16029;2159;1968;0;208
FR;6;2022-10-29;7;11;5;11;10;6;14;0;12;17702;12934;1557;1788;16039;2165;1982;0;220
FR;6;2022-10-30;2;5;0;0;5;0;0;0;0;17704;12939;1557;1788;16044;2165;1982;0;220
FR;6;2022-10-31;20;14;2;13;17;4;12;0;3;17724;12953;1559;1801;16061;2169;1994;0;223
FR;6;2022-11-01;2;1;1;0;1;1;0;0;0;17726;12954;1560;1801;16062;2170;1994;0;223
FR;6;2022-11-02;15;25;9;21;26;11;19;0;12;17741;12979;1569;1822;16088;2181;2013;0;235
FR;6;2022-11-03;17;17;11;39;20;8;43;0;9;17758;12996;1580;1861;16108;2189;2056;0;244
FR;6;2022-11-04;19;22;9;16;26;5;16;0;10;17777;13018;1589;1877;16134;2194;2072;0;254
FR;6;2022-11-05;9;16;2;4;17;4;6;0;0;17786;13034;1591;1881;16151;2198;2078;0;254
FR;6;2022-11-06;5;1;0;0;1;0;0;0;0;17791;13035;1591;1881;16152;2198;2078;0;254
FR;6;2022-11-07;18;10;6;17;12;4;18;0;11;17809;13045;1597;1898;16164;2202;2096;0;265
FR;6;2022-11-08;18;10;2;3;8;5;5;0;4;17827;13055;1599;1901;16172;2207;2101;0;269
FR;6;2022-11-09;16;22;1;6;21;4;5;0;4;17843;13077;1600;1907;16193;2211;2106;0;273
FR;6;2022-11-10;10;10;4;12;8;5;11;0;10;17853;13087;1604;1919;16201;2216;2117;0;283
FR;6;2022-11-11;3;1;0;0;1;1;0;0;0;17856;13088;1604;1919;16202;2217;2117;0;283
FR;6;2022-11-12;4;11;1;7;11;2;5;0;9;17860;13099;1605;1926;16213;2219;2122;0;292
FR;6;2022-11-13;1;1;0;1;1;0;1;0;0;17861;13100;1605;1927;16214;2219;2123;0;292
FR;6;2022-11-14;13;10;7;32;14;8;33;0;14;17874;13110;1612;1959;16228;2227;2156;0;306
FR;6;2022-11-15;7;18;1;11;16;4;7;0;1;17881;13128;1613;1970;16244;2231;2163;0;307
FR;6;2022-11-16;16;15;9;32;17;3;42;0;9;17897;13143;1622;2002;16261;2234;2205;0;316
FR;6;2022-11-17;10;8;1;29;8;2;28;0;5;17907;13151;1623;2031;16269;2236;2233;0;321
FR;6;2022-11-18;20;12;5;23;16;4;25;0;7;17927;13163;1628;2054;16285;2240;2258;0;328
FR;6;2022-11-19;5;13;0;2;11;3;2;0;1;17932;13176;1628;2056;16296;2243;2260;0;329
FR;6;2022-11-20;2;1;2;0;1;2;0;0;0;17934;13177;1630;2056;16297;2245;2260;0;329
FR;6;2022-11-21;22;13;1;14;14;6;11;0;3;17956;13190;1631;2070;16311;2251;2271;0;332
FR;6;2022-11-22;14;9;0;4;11;1;3;0;1;17970;13199;1631;2074;16322;2252;2274;0;333
FR;6;2022-11-23;14;15;15;23;17;9;31;0;8;17984;13214;1646;2097;16339;2261;2305;0;341
FR;6;2022-11-24;14;17;1;11;19;5;10;0;7;17998;13231;1647;2108;16358;2266;2315;0;348
FR;6;2022-11-25;23;15;5;50;15;5;47;0;5;18021;13246;1652;2158;16373;2271;2362;0;353
FR;6;2022-11-26;9;5;2;4;3;2;5;0;1;18030;13251;1654;2162;16376;2273;2367;0;354
FR;6;2022-11-27;1;4;0;0;4;0;0;0;0;18031;13255;1654;2162;16380;2273;2367;0;354
FR;6;2022-11-28;9;11;6;22;11;3;24;0;11;18040;13266;1660;2184;16391;2276;2391;0;365
FR;6;2022-11-29;15;10;1;12;14;1;8;0;7;18055;13276;1661;2196;16405;2277;2399;0;372
FR;6;2022-11-30;18;20;8;23;19;12;22;0;8;18073;13296;1669;2219;16424;2289;2421;0;380
FR;6;2022-12-01;12;8;7;20;10;4;24;0;9;18085;13304;1676;2239;16434;2293;2445;0;389
FR;6;2022-12-02;16;9;12;36;12;8;42;0;1;18101;13313;1688;2275;16446;2301;2487;0;390
FR;6;2022-12-03;12;3;13;20;6;5;28;0;13;18113;13316;1701;2295;16452;2306;2515;0;403
FR;6;2022-12-04;3;1;0;2;1;0;2;0;0;18116;13317;1701;2297;16453;2306;2517;0;403
FR;6;2022-12-05;11;10;7;16;11;4;19;0;8;18127;13327;1708;2313;16464;2310;2536;0;411
FR;6;2022-12-06;10;19;3;30;12;11;28;0;3;18137;13346;1711;2343;16476;2321;2564;0;414
FR;6;2022-12-07;17;8;10;56;10;8;57;0;30;18154;13354;1721;2399;16486;2329;2621;0;444
FR;6;2022-12-08;9;13;8;18;11;7;21;0;12;18163;13367;1729;2417;16497;2336;2642;0;456
FR;6;2022-12-09;15;9;5;29;12;4;30;0;6;18178;13376;1734;2446;16509;2340;2672;0;462
FR;6;2022-12-10;12;9;6;9;7;4;14;0;7;18190;13385;1740;2455;16516;2344;2686;0;469
FR;6;2022-12-11;4;2;1;0;2;1;0;0;0;18194;13387;1741;2455;16518;2345;2686;0;469
FR;6;2022-12-12;16;10;8;36;14;9;33;0;17;18210;13397;1749;2491;16532;2354;2719;0;486
FR;6;2022-12-13;17;21;11;58;16;17;57;0;12;18227;13418;1760;2549;16548;2371;2776;0;498
FR;6;2022-12-14;14;13;7;53;10;11;53;0;14;18241;13431;1767;2602;16558;2382;2829;0;512
FR;6;2022-12-15;12;15;14;35;13;9;41;0;8;18253;13446;1781;2637;16571;2391;2870;0;520
FR;6;2022-12-16;17;14;15;35;15;14;37;0;9;18270;13460;1796;2672;16586;2405;2907;0;529
FR;6;2022-12-17;11;10;15;28;8;15;29;0;8;18281;13470;1811;2700;16594;2420;2936;0;537
FR;6;2022-12-18;7;4;0;2;5;0;2;0;0;18288;13474;1811;2702;16599;2420;2938;0;537
FR;8;2020-12-27;0;0;0;0;0;0;0;0;0;0;0;0;0;0;0;0;0;0
FR;8;2020-12-28;0;0;0;0;0;0;0;0;0;0;0;0;0;0;0;0;0;0
FR;8;2020-12-29;0;0;0;0;0;0;0;0;0;0;0;0;0;0;0;0;0;0
FR;8;2020-12-30;0;0;0;0;0;0;0;0;0;0;0;0;0;0;0;0;0;0
FR;8;2020-12-31;0;0;0;0;0;0;0;0;0;0;0;0;0;0;0;0;0;0
FR;8;2021-01-01;0;0;0;0;0;0;0;0;0;0;0;0;0;0;0;0;0;0
FR;8;2021-01-02;0;0;0;0;0;0;0;0;0;0;0;0;0;0;0;0;0;0
FR;8;2021-01-03;0;0;0;0;0;0;0;0;0;0;0;0;0;0;0;0;0;0
FR;8;2021-01-04;0;0;0;0;0;0;0;0;0;0;0;0;0;0;0;0;0;0
FR;8;2021-01-05;0;0;0;0;0;0;0;0;0;0;0;0;0;0;0;0;0;0
FR;8;2021-01-06;0;0;0;0;0;0;0;0;0;0;0;0;0;0;0;0;0;0
FR;8;2021-01-07;0;0;0;0;0;0;0;0;0;0;0;0;0;0;0;0;0;0
FR;8;2021-01-08;0;0;0;0;0;0;0;0;0;0;0;0;0;0;0;0;0;0
FR;8;2021-01-09;0;0;0;0;0;0;0;0;0;0;0;0;0;0;0;0;0;0
FR;8;2021-01-10;0;0;0;0;0;0;0;0;0;0;0;0;0;0;0;0;0;0
FR;8;2021-01-11;0;0;0;0;0;0;0;0;0;0;0;0;0;0;0;0;0;0
FR;8;2021-01-12;0;0;0;0;0;0;0;0;0;0;0;0;0;0;0;0;0;0
FR;8;2021-01-13;0;0;0;0;0;0;0;0;0;0;0;0;0;0;0;0;0;0
FR;8;2021-01-14;0;0;0;0;0;0;0;0;0;0;0;0;0;0;0;0;0;0
FR;8;2021-01-15;0;0;0;0;0;0;0;0;0;0;0;0;0;0;0;0;0;0
FR;8;2021-01-16;0;0;0;0;0;0;0;0;0;0;0;0;0;0;0;0;0;0
FR;8;2021-01-17;0;0;0;0;0;0;0;0;0;0;0;0;0;0;0;0;0;0
FR;8;2021-01-18;0;0;0;0;0;0;0;0;0;0;0;0;0;0;0;0;0;0
FR;8;2021-01-19;0;0;0;0;0;0;0;0;0;0;0;0;0;0;0;0;0;0
FR;8;2021-01-20;0;0;0;0;0;0;0;0;0;0;0;0;0;0;0;0;0;0
FR;8;2021-01-21;0;0;0;0;0;0;0;0;0;0;0;0;0;0;0;0;0;0
FR;8;2021-01-22;0;0;0;0;0;0;0;0;0;0;0;0;0;0;0;0;0;0
FR;8;2021-01-23;0;0;0;0;0;0;0;0;0;0;0;0;0;0;0;0;0;0
FR;8;2021-01-24;0;0;0;0;0;0;0;0;0;0;0;0;0;0;0;0;0;0
FR;8;2021-01-25;0;0;0;0;0;0;0;0;0;0;0;0;0;0;0;0;0;0
FR;8;2021-01-26;0;0;0;0;0;0;0;0;0;0;0;0;0;0;0;0;0;0
FR;8;2021-01-27;0;0;0;0;0;0;0;0;0;0;0;0;0;0;0;0;0;0
FR;8;2021-01-28;0;0;0;0;0;0;0;0;0;0;0;0;0;0;0;0;0;0
FR;8;2021-01-29;0;0;0;0;0;0;0;0;0;0;0;0;0;0;0;0;0;0
FR;8;2021-01-30;0;0;0;0;0;0;0;0;0;0;0;0;0;0;0;0;0;0
FR;8;2021-01-31;0;0;0;0;0;0;0;0;0;0;0;0;0;0;0;0;0;0
FR;8;2021-02-01;0;0;0;0;0;0;0;0;0;0;0;0;0;0;0;0;0;0
FR;8;2021-02-02;0;0;0;0;0;0;0;0;0;0;0;0;0;0;0;0;0;0
FR;8;2021-02-03;0;0;0;0;0;0;0;0;0;0;0;0;0;0;0;0;0;0
FR;8;2021-02-04;0;0;0;0;0;0;0;0;0;0;0;0;0;0;0;0;0;0
FR;8;2021-02-05;0;0;0;0;0;0;0;0;0;0;0;0;0;0;0;0;0;0
FR;8;2021-02-06;0;0;0;0;0;0;0;0;0;0;0;0;0;0;0;0;0;0
FR;8;2021-02-07;0;0;0;0;0;0;0;0;0;0;0;0;0;0;0;0;0;0
FR;8;2021-02-08;0;0;0;0;0;0;0;0;0;0;0;0;0;0;0;0;0;0
FR;8;2021-02-09;0;0;0;0;0;0;0;0;0;0;0;0;0;0;0;0;0;0
FR;8;2021-02-10;0;0;0;0;0;0;0;0;0;0;0;0;0;0;0;0;0;0
FR;8;2021-02-11;0;0;0;0;0;0;0;0;0;0;0;0;0;0;0;0;0;0
FR;8;2021-02-12;0;0;0;0;0;0;0;0;0;0;0;0;0;0;0;0;0;0
FR;8;2021-02-13;0;0;0;0;0;0;0;0;0;0;0;0;0;0;0;0;0;0
FR;8;2021-02-14;0;0;0;0;0;0;0;0;0;0;0;0;0;0;0;0;0;0
FR;8;2021-02-15;0;0;0;0;0;0;0;0;0;0;0;0;0;0;0;0;0;0
FR;8;2021-02-16;0;0;0;0;0;0;0;0;0;0;0;0;0;0;0;0;0;0
FR;8;2021-02-17;0;0;0;0;0;0;0;0;0;0;0;0;0;0;0;0;0;0
FR;8;2021-02-18;0;0;0;0;0;0;0;0;0;0;0;0;0;0;0;0;0;0
FR;8;2021-02-19;0;0;0;0;0;0;0;0;0;0;0;0;0;0;0;0;0;0
FR;8;2021-02-20;0;0;0;0;0;0;0;0;0;0;0;0;0;0;0;0;0;0
FR;8;2021-02-21;0;0;0;0;0;0;0;0;0;0;0;0;0;0;0;0;0;0
FR;8;2021-02-22;0;0;0;0;0;0;0;0;0;0;0;0;0;0;0;0;0;0
FR;8;2021-02-23;0;0;0;0;0;0;0;0;0;0;0;0;0;0;0;0;0;0
FR;8;2021-02-24;0;0;0;0;0;0;0;0;0;0;0;0;0;0;0;0;0;0
FR;8;2021-02-25;0;0;0;0;0;0;0;0;0;0;0;0;0;0;0;0;0;0
FR;8;2021-02-26;0;0;0;0;0;0;0;0;0;0;0;0;0;0;0;0;0;0
FR;8;2021-02-27;0;0;0;0;0;0;0;0;0;0;0;0;0;0;0;0;0;0
FR;8;2021-02-28;0;0;0;0;0;0;0;0;0;0;0;0;0;0;0;0;0;0
FR;8;2021-03-01;0;0;0;0;0;0;0;0;0;0;0;0;0;0;0;0;0;0
FR;8;2021-03-02;0;0;0;0;0;0;0;0;0;0;0;0;0;0;0;0;0;0
FR;8;2021-03-03;0;0;0;0;0;0;0;0;0;0;0;0;0;0;0;0;0;0
FR;8;2021-03-04;0;0;0;0;0;0;0;0;0;0;0;0;0;0;0;0;0;0
FR;8;2021-03-05;0;0;0;0;0;0;0;0;0;0;0;0;0;0;0;0;0;0
FR;8;2021-03-06;0;0;0;0;0;0;0;0;0;0;0;0;0;0;0;0;0;0
FR;8;2021-03-07;0;0;0;0;0;0;0;0;0;0;0;0;0;0;0;0;0;0
FR;8;2021-03-08;0;0;0;0;0;0;0;0;0;0;0;0;0;0;0;0;0;0
FR;8;2021-03-09;0;0;0;0;0;0;0;0;0;0;0;0;0;0;0;0;0;0
FR;8;2021-03-10;0;0;0;0;0;0;0;0;0;0;0;0;0;0;0;0;0;0
FR;8;2021-03-11;0;0;0;0;0;0;0;0;0;0;0;0;0;0;0;0;0;0
FR;8;2021-03-12;0;0;0;0;0;0;0;0;0;0;0;0;0;0;0;0;0;0
FR;8;2021-03-13;0;0;0;0;0;0;0;0;0;0;0;0;0;0;0;0;0;0
FR;8;2021-03-14;0;0;0;0;0;0;0;0;0;0;0;0;0;0;0;0;0;0
FR;8;2021-03-15;0;0;0;0;0;0;0;0;0;0;0;0;0;0;0;0;0;0
FR;8;2021-03-16;0;0;0;0;0;0;0;0;0;0;0;0;0;0;0;0;0;0
FR;8;2021-03-17;0;0;0;0;0;0;0;0;0;0;0;0;0;0;0;0;0;0
FR;8;2021-03-18;0;0;0;0;0;0;0;0;0;0;0;0;0;0;0;0;0;0
FR;8;2021-03-19;0;0;0;0;0;0;0;0;0;0;0;0;0;0;0;0;0;0
FR;8;2021-03-20;0;0;0;0;0;0;0;0;0;0;0;0;0;0;0;0;0;0
FR;8;2021-03-21;0;0;0;0;0;0;0;0;0;0;0;0;0;0;0;0;0;0
FR;8;2021-03-22;0;0;0;0;0;0;0;0;0;0;0;0;0;0;0;0;0;0
FR;8;2021-03-23;0;0;0;0;0;0;0;0;0;0;0;0;0;0;0;0;0;0
FR;8;2021-03-24;0;0;0;0;0;0;0;0;0;0;0;0;0;0;0;0;0;0
FR;8;2021-03-25;0;0;0;0;0;0;0;0;0;0;0;0;0;0;0;0;0;0
FR;8;2021-03-26;0;0;0;0;0;0;0;0;0;0;0;0;0;0;0;0;0;0
FR;8;2021-03-27;0;0;0;0;0;0;0;0;0;0;0;0;0;0;0;0;0;0
FR;8;2021-03-28;0;0;0;0;0;0;0;0;0;0;0;0;0;0;0;0;0;0
FR;8;2021-03-29;0;0;0;0;0;0;0;0;0;0;0;0;0;0;0;0;0;0
FR;8;2021-03-30;0;0;0;0;0;0;0;0;0;0;0;0;0;0;0;0;0;0
FR;8;2021-03-31;0;0;0;0;0;0;0;0;0;0;0;0;0;0;0;0;0;0
FR;8;2021-04-01;0;0;0;0;0;0;0;0;0;0;0;0;0;0;0;0;0;0
FR;8;2021-04-02;0;0;0;0;0;0;0;0;0;0;0;0;0;0;0;0;0;0
FR;8;2021-04-03;0;0;0;0;0;0;0;0;0;0;0;0;0;0;0;0;0;0
FR;8;2021-04-04;0;0;0;0;0;0;0;0;0;0;0;0;0;0;0;0;0;0
FR;8;2021-04-05;0;0;0;0;0;0;0;0;0;0;0;0;0;0;0;0;0;0
FR;8;2021-04-06;0;0;0;0;0;0;0;0;0;0;0;0;0;0;0;0;0;0
FR;8;2021-04-07;0;0;0;0;0;0;0;0;0;0;0;0;0;0;0;0;0;0
FR;8;2021-04-08;0;0;0;0;0;0;0;0;0;0;0;0;0;0;0;0;0;0
FR;8;2021-04-09;0;0;0;0;0;0;0;0;0;0;0;0;0;0;0;0;0;0
FR;8;2021-04-10;0;0;0;0;0;0;0;0;0;0;0;0;0;0;0;0;0;0
FR;8;2021-04-11;0;0;0;0;0;0;0;0;0;0;0;0;0;0;0;0;0;0
FR;8;2021-04-12;0;0;0;0;0;0;0;0;0;0;0;0;0;0;0;0;0;0
FR;8;2021-04-13;0;0;0;0;0;0;0;0;0;0;0;0;0;0;0;0;0;0
FR;8;2021-04-14;0;0;0;0;0;0;0;0;0;0;0;0;0;0;0;0;0;0
FR;8;2021-04-15;0;0;0;0;0;0;0;0;0;0;0;0;0;0;0;0;0;0
FR;8;2021-04-16;0;0;0;0;0;0;0;0;0;0;0;0;0;0;0;0;0;0
FR;8;2021-04-17;0;0;0;0;0;0;0;0;0;0;0;0;0;0;0;0;0;0
FR;8;2021-04-18;0;0;0;0;0;0;0;0;0;0;0;0;0;0;0;0;0;0
FR;8;2021-04-19;0;0;0;0;0;0;0;0;0;0;0;0;0;0;0;0;0;0
FR;8;2021-04-20;0;0;0;0;0;0;0;0;0;0;0;0;0;0;0;0;0;0
FR;8;2021-04-21;0;0;0;0;0;0;0;0;0;0;0;0;0;0;0;0;0;0
FR;8;2021-04-22;0;0;0;0;0;0;0;0;0;0;0;0;0;0;0;0;0;0
FR;8;2021-04-23;0;0;0;0;0;0;0;0;0;0;0;0;0;0;0;0;0;0
FR;8;2021-04-24;0;0;0;0;0;0;0;0;0;0;0;0;0;0;0;0;0;0
FR;8;2021-04-25;0;0;0;0;0;0;0;0;0;0;0;0;0;0;0;0;0;0
FR;8;2021-04-26;0;0;0;0;0;0;0;0;0;0;0;0;0;0;0;0;0;0
FR;8;2021-04-27;0;0;0;0;0;0;0;0;0;0;0;0;0;0;0;0;0;0
FR;8;2021-04-28;0;0;0;0;0;0;0;0;0;0;0;0;0;0;0;0;0;0
FR;8;2021-04-29;0;0;0;0;0;0;0;0;0;0;0;0;0;0;0;0;0;0
FR;8;2021-04-30;0;0;0;0;0;0;0;0;0;0;0;0;0;0;0;0;0;0
FR;8;2021-05-01;0;0;0;0;0;0;0;0;0;0;0;0;0;0;0;0;0;0
FR;8;2021-05-02;0;0;0;0;0;0;0;0;0;0;0;0;0;0;0;0;0;0
FR;8;2021-05-03;0;0;0;0;0;0;0;0;0;0;0;0;0;0;0;0;0;0
FR;8;2021-05-04;0;0;0;0;0;0;0;0;0;0;0;0;0;0;0;0;0;0
FR;8;2021-05-05;0;0;0;0;0;0;0;0;0;0;0;0;0;0;0;0;0;0
FR;8;2021-05-06;0;0;0;0;0;0;0;0;0;0;0;0;0;0;0;0;0;0
FR;8;2021-05-07;0;0;0;0;0;0;0;0;0;0;0;0;0;0;0;0;0;0
FR;8;2021-05-08;0;0;0;0;0;0;0;0;0;0;0;0;0;0;0;0;0;0
FR;8;2021-05-09;0;0;0;0;0;0;0;0;0;0;0;0;0;0;0;0;0;0
FR;8;2021-05-10;0;0;0;0;0;0;0;0;0;0;0;0;0;0;0;0;0;0
FR;8;2021-05-11;0;0;0;0;0;0;0;0;0;0;0;0;0;0;0;0;0;0
FR;8;2021-05-12;0;0;0;0;0;0;0;0;0;0;0;0;0;0;0;0;0;0
FR;8;2021-05-13;0;0;0;0;0;0;0;0;0;0;0;0;0;0;0;0;0;0
FR;8;2021-05-14;0;0;0;0;0;0;0;0;0;0;0;0;0;0;0;0;0;0
FR;8;2021-05-15;0;0;0;0;0;0;0;0;0;0;0;0;0;0;0;0;0;0
FR;8;2021-05-16;0;0;0;0;0;0;0;0;0;0;0;0;0;0;0;0;0;0
FR;8;2021-05-17;0;0;0;0;0;0;0;0;0;0;0;0;0;0;0;0;0;0
FR;8;2021-05-18;0;0;0;0;0;0;0;0;0;0;0;0;0;0;0;0;0;0
FR;8;2021-05-19;0;0;0;0;0;0;0;0;0;0;0;0;0;0;0;0;0;0
FR;8;2021-05-20;0;0;0;0;0;0;0;0;0;0;0;0;0;0;0;0;0;0
FR;8;2021-05-21;0;0;0;0;0;0;0;0;0;0;0;0;0;0;0;0;0;0
FR;8;2021-05-22;0;0;0;0;0;0;0;0;0;0;0;0;0;0;0;0;0;0
FR;8;2021-05-23;0;0;0;0;0;0;0;0;0;0;0;0;0;0;0;0;0;0
FR;8;2021-05-24;0;0;0;0;0;0;0;0;0;0;0;0;0;0;0;0;0;0
FR;8;2021-05-25;0;0;0;0;0;0;0;0;0;0;0;0;0;0;0;0;0;0
FR;8;2021-05-26;0;0;0;0;0;0;0;0;0;0;0;0;0;0;0;0;0;0
FR;8;2021-05-27;0;0;0;0;0;0;0;0;0;0;0;0;0;0;0;0;0;0
FR;8;2021-05-28;0;0;0;0;0;0;0;0;0;0;0;0;0;0;0;0;0;0
FR;8;2021-05-29;0;0;0;0;0;0;0;0;0;0;0;0;0;0;0;0;0;0
FR;8;2021-05-30;0;0;0;0;0;0;0;0;0;0;0;0;0;0;0;0;0;0
FR;8;2021-05-31;0;0;0;0;0;0;0;0;0;0;0;0;0;0;0;0;0;0
FR;8;2021-06-01;0;0;0;0;0;0;0;0;0;0;0;0;0;0;0;0;0;0
FR;8;2021-06-02;0;0;0;0;0;0;0;0;0;0;0;0;0;0;0;0;0;0
FR;8;2021-06-03;0;0;0;0;0;0;0;0;0;0;0;0;0;0;0;0;0;0
FR;8;2021-06-04;0;0;0;0;0;0;0;0;0;0;0;0;0;0;0;0;0;0
FR;8;2021-06-05;0;0;0;0;0;0;0;0;0;0;0;0;0;0;0;0;0;0
FR;8;2021-06-06;0;0;0;0;0;0;0;0;0;0;0;0;0;0;0;0;0;0
FR;8;2021-06-07;0;0;0;0;0;0;0;0;0;0;0;0;0;0;0;0;0;0
FR;8;2021-06-08;0;0;0;0;0;0;0;0;0;0;0;0;0;0;0;0;0;0
FR;8;2021-06-09;0;0;0;0;0;0;0;0;0;0;0;0;0;0;0;0;0;0
FR;8;2021-06-10;0;0;0;0;0;0;0;0;0;0;0;0;0;0;0;0;0;0
FR;8;2021-06-11;0;0;0;0;0;0;0;0;0;0;0;0;0;0;0;0;0;0
FR;8;2021-06-12;0;0;0;0;0;0;0;0;0;0;0;0;0;0;0;0;0;0
FR;8;2021-06-13;0;0;0;0;0;0;0;0;0;0;0;0;0;0;0;0;0;0
FR;8;2021-06-14;0;0;0;0;0;0;0;0;0;0;0;0;0;0;0;0;0;0
FR;8;2021-06-15;0;0;0;0;0;0;0;0;0;0;0;0;0;0;0;0;0;0
FR;8;2021-06-16;0;0;0;0;0;0;0;0;0;0;0;0;0;0;0;0;0;0
FR;8;2021-06-17;0;0;0;0;0;0;0;0;0;0;0;0;0;0;0;0;0;0
FR;8;2021-06-18;0;0;0;0;0;0;0;0;0;0;0;0;0;0;0;0;0;0
FR;8;2021-06-19;0;0;0;0;0;0;0;0;0;0;0;0;0;0;0;0;0;0
FR;8;2021-06-20;0;0;0;0;0;0;0;0;0;0;0;0;0;0;0;0;0;0
FR;8;2021-06-21;0;0;0;0;0;0;0;0;0;0;0;0;0;0;0;0;0;0
FR;8;2021-06-22;0;0;0;0;0;0;0;0;0;0;0;0;0;0;0;0;0;0
FR;8;2021-06-23;0;0;0;0;0;0;0;0;0;0;0;0;0;0;0;0;0;0
FR;8;2021-06-24;0;0;0;0;0;0;0;0;0;0;0;0;0;0;0;0;0;0
FR;8;2021-06-25;0;0;0;0;0;0;0;0;0;0;0;0;0;0;0;0;0;0
FR;8;2021-06-26;0;0;0;0;0;0;0;0;0;0;0;0;0;0;0;0;0;0
FR;8;2021-06-27;0;0;0;0;0;0;0;0;0;0;0;0;0;0;0;0;0;0
FR;8;2021-06-28;0;0;0;0;0;0;0;0;0;0;0;0;0;0;0;0;0;0
FR;8;2021-06-29;0;0;0;0;0;0;0;0;0;0;0;0;0;0;0;0;0;0
FR;8;2021-06-30;0;0;0;0;0;0;0;0;0;0;0;0;0;0;0;0;0;0
FR;8;2021-07-01;0;0;0;0;0;0;0;0;0;0;0;0;0;0;0;0;0;0
FR;8;2021-07-02;0;0;0;0;0;0;0;0;0;0;0;0;0;0;0;0;0;0
FR;8;2021-07-03;0;0;0;0;0;0;0;0;0;0;0;0;0;0;0;0;0;0
FR;8;2021-07-04;0;0;0;0;0;0;0;0;0;0;0;0;0;0;0;0;0;0
FR;8;2021-07-05;0;0;0;0;0;0;0;0;0;0;0;0;0;0;0;0;0;0
FR;8;2021-07-06;0;0;0;0;0;0;0;0;0;0;0;0;0;0;0;0;0;0
FR;8;2021-07-07;0;0;0;0;0;0;0;0;0;0;0;0;0;0;0;0;0;0
FR;8;2021-07-08;0;0;0;0;0;0;0;0;0;0;0;0;0;0;0;0;0;0
FR;8;2021-07-09;0;0;0;0;0;0;0;0;0;0;0;0;0;0;0;0;0;0
FR;8;2021-07-10;0;0;0;0;0;0;0;0;0;0;0;0;0;0;0;0;0;0
FR;8;2021-07-11;0;0;0;0;0;0;0;0;0;0;0;0;0;0;0;0;0;0
FR;8;2021-07-12;0;0;0;0;0;0;0;0;0;0;0;0;0;0;0;0;0;0
FR;8;2021-07-13;0;0;0;0;0;0;0;0;0;0;0;0;0;0;0;0;0;0
FR;8;2021-07-14;0;0;0;0;0;0;0;0;0;0;0;0;0;0;0;0;0;0
FR;8;2021-07-15;0;0;0;0;0;0;0;0;0;0;0;0;0;0;0;0;0;0
FR;8;2021-07-16;0;0;0;0;0;0;0;0;0;0;0;0;0;0;0;0;0;0
FR;8;2021-07-17;0;0;0;0;0;0;0;0;0;0;0;0;0;0;0;0;0;0
FR;8;2021-07-18;0;0;0;0;0;0;0;0;0;0;0;0;0;0;0;0;0;0
FR;8;2021-07-19;0;0;0;0;0;0;0;0;0;0;0;0;0;0;0;0;0;0
FR;8;2021-07-20;0;0;0;0;0;0;0;0;0;0;0;0;0;0;0;0;0;0
FR;8;2021-07-21;0;0;0;0;0;0;0;0;0;0;0;0;0;0;0;0;0;0
FR;8;2021-07-22;0;0;0;0;0;0;0;0;0;0;0;0;0;0;0;0;0;0
FR;8;2021-07-23;0;0;0;0;0;0;0;0;0;0;0;0;0;0;0;0;0;0
FR;8;2021-07-24;0;0;0;0;0;0;0;0;0;0;0;0;0;0;0;0;0;0
FR;8;2021-07-25;0;0;0;0;0;0;0;0;0;0;0;0;0;0;0;0;0;0
FR;8;2021-07-26;0;0;0;0;0;0;0;0;0;0;0;0;0;0;0;0;0;0
FR;8;2021-07-27;0;0;0;0;0;0;0;0;0;0;0;0;0;0;0;0;0;0
FR;8;2021-07-28;0;0;0;0;0;0;0;0;0;0;0;0;0;0;0;0;0;0
FR;8;2021-07-29;0;0;0;0;0;0;0;0;0;0;0;0;0;0;0;0;0;0
FR;8;2021-07-30;0;0;0;0;0;0;0;0;0;0;0;0;0;0;0;0;0;0
FR;8;2021-07-31;0;0;0;0;0;0;0;0;0;0;0;0;0;0;0;0;0;0
FR;8;2021-08-01;0;0;0;0;0;0;0;0;0;0;0;0;0;0;0;0;0;0
FR;8;2021-08-02;0;0;0;0;0;0;0;0;0;0;0;0;0;0;0;0;0;0
FR;8;2021-08-03;0;0;0;0;0;0;0;0;0;0;0;0;0;0;0;0;0;0
FR;8;2021-08-04;0;0;0;0;0;0;0;0;0;0;0;0;0;0;0;0;0;0
FR;8;2021-08-05;0;0;0;0;0;0;0;0;0;0;0;0;0;0;0;0;0;0
FR;8;2021-08-06;0;0;0;0;0;0;0;0;0;0;0;0;0;0;0;0;0;0
FR;8;2021-08-07;0;0;0;0;0;0;0;0;0;0;0;0;0;0;0;0;0;0
FR;8;2021-08-08;0;0;0;0;0;0;0;0;0;0;0;0;0;0;0;0;0;0
FR;8;2021-08-09;0;0;0;0;0;0;0;0;0;0;0;0;0;0;0;0;0;0
FR;8;2021-08-10;0;0;0;0;0;0;0;0;0;0;0;0;0;0;0;0;0;0
FR;8;2021-08-11;0;0;0;0;0;0;0;0;0;0;0;0;0;0;0;0;0;0
FR;8;2021-08-12;0;0;0;0;0;0;0;0;0;0;0;0;0;0;0;0;0;0
FR;8;2021-08-13;0;0;0;0;0;0;0;0;0;0;0;0;0;0;0;0;0;0
FR;8;2021-08-14;0;0;0;0;0;0;0;0;0;0;0;0;0;0;0;0;0;0
FR;8;2021-08-15;0;0;0;0;0;0;0;0;0;0;0;0;0;0;0;0;0;0
FR;8;2021-08-16;0;0;0;0;0;0;0;0;0;0;0;0;0;0;0;0;0;0
FR;8;2021-08-17;0;0;0;0;0;0;0;0;0;0;0;0;0;0;0;0;0;0
FR;8;2021-08-18;0;0;0;0;0;0;0;0;0;0;0;0;0;0;0;0;0;0
FR;8;2021-08-19;0;0;0;0;0;0;0;0;0;0;0;0;0;0;0;0;0;0
FR;8;2021-08-20;0;0;0;0;0;0;0;0;0;0;0;0;0;0;0;0;0;0
FR;8;2021-08-21;0;0;0;0;0;0;0;0;0;0;0;0;0;0;0;0;0;0
FR;8;2021-08-22;0;0;0;0;0;0;0;0;0;0;0;0;0;0;0;0;0;0
FR;8;2021-08-23;0;0;0;0;0;0;0;0;0;0;0;0;0;0;0;0;0;0
FR;8;2021-08-24;0;0;0;0;0;0;0;0;0;0;0;0;0;0;0;0;0;0
FR;8;2021-08-25;0;0;0;0;0;0;0;0;0;0;0;0;0;0;0;0;0;0
FR;8;2021-08-26;0;0;0;0;0;0;0;0;0;0;0;0;0;0;0;0;0;0
FR;8;2021-08-27;0;0;0;0;0;0;0;0;0;0;0;0;0;0;0;0;0;0
FR;8;2021-08-28;0;0;0;0;0;0;0;0;0;0;0;0;0;0;0;0;0;0
FR;8;2021-08-29;0;0;0;0;0;0;0;0;0;0;0;0;0;0;0;0;0;0
FR;8;2021-08-30;0;0;0;0;0;0;0;0;0;0;0;0;0;0;0;0;0;0
FR;8;2021-08-31;0;0;0;0;0;0;0;0;0;0;0;0;0;0;0;0;0;0
FR;8;2021-09-01;0;0;0;0;0;0;0;0;0;0;0;0;0;0;0;0;0;0
FR;8;2021-09-02;0;0;0;0;0;0;0;0;0;0;0;0;0;0;0;0;0;0
FR;8;2021-09-03;0;0;0;0;0;0;0;0;0;0;0;0;0;0;0;0;0;0
FR;8;2021-09-04;0;0;0;0;0;0;0;0;0;0;0;0;0;0;0;0;0;0
FR;8;2021-09-05;0;0;0;0;0;0;0;0;0;0;0;0;0;0;0;0;0;0
FR;8;2021-09-06;0;0;0;0;0;0;0;0;0;0;0;0;0;0;0;0;0;0
FR;8;2021-09-07;0;0;0;0;0;0;0;0;0;0;0;0;0;0;0;0;0;0
FR;8;2021-09-08;0;0;0;0;0;0;0;0;0;0;0;0;0;0;0;0;0;0
FR;8;2021-09-09;0;0;0;0;0;0;0;0;0;0;0;0;0;0;0;0;0;0
FR;8;2021-09-10;0;0;0;0;0;0;0;0;0;0;0;0;0;0;0;0;0;0
FR;8;2021-09-11;0;0;0;0;0;0;0;0;0;0;0;0;0;0;0;0;0;0
FR;8;2021-09-12;0;0;0;0;0;0;0;0;0;0;0;0;0;0;0;0;0;0
FR;8;2021-09-13;0;0;0;0;0;0;0;0;0;0;0;0;0;0;0;0;0;0
FR;8;2021-09-14;0;0;0;0;0;0;0;0;0;0;0;0;0;0;0;0;0;0
FR;8;2021-09-15;0;0;0;0;0;0;0;0;0;0;0;0;0;0;0;0;0;0
FR;8;2021-09-16;0;0;0;0;0;0;0;0;0;0;0;0;0;0;0;0;0;0
FR;8;2021-09-17;0;0;0;0;0;0;0;0;0;0;0;0;0;0;0;0;0;0
FR;8;2021-09-18;0;0;0;0;0;0;0;0;0;0;0;0;0;0;0;0;0;0
FR;8;2021-09-19;0;0;0;0;0;0;0;0;0;0;0;0;0;0;0;0;0;0
FR;8;2021-09-20;0;0;0;0;0;0;0;0;0;0;0;0;0;0;0;0;0;0
FR;8;2021-09-21;0;0;0;0;0;0;0;0;0;0;0;0;0;0;0;0;0;0
FR;8;2021-09-22;0;0;0;0;0;0;0;0;0;0;0;0;0;0;0;0;0;0
FR;8;2021-09-23;0;0;0;0;0;0;0;0;0;0;0;0;0;0;0;0;0;0
FR;8;2021-09-24;0;0;0;0;0;0;0;0;0;0;0;0;0;0;0;0;0;0
FR;8;2021-09-25;0;0;0;0;0;0;0;0;0;0;0;0;0;0;0;0;0;0
FR;8;2021-09-26;0;0;0;0;0;0;0;0;0;0;0;0;0;0;0;0;0;0
FR;8;2021-09-27;0;0;0;0;0;0;0;0;0;0;0;0;0;0;0;0;0;0
FR;8;2021-09-28;0;0;0;0;0;0;0;0;0;0;0;0;0;0;0;0;0;0
FR;8;2021-09-29;0;0;0;0;0;0;0;0;0;0;0;0;0;0;0;0;0;0
FR;8;2021-09-30;0;0;0;0;0;0;0;0;0;0;0;0;0;0;0;0;0;0
FR;8;2021-10-01;0;0;0;0;0;0;0;0;0;0;0;0;0;0;0;0;0;0
FR;8;2021-10-02;0;0;0;0;0;0;0;0;0;0;0;0;0;0;0;0;0;0
FR;8;2021-10-03;0;0;0;0;0;0;0;0;0;0;0;0;0;0;0;0;0;0
FR;8;2021-10-04;0;0;0;0;0;0;0;0;0;0;0;0;0;0;0;0;0;0
FR;8;2021-10-05;0;0;0;0;0;0;0;0;0;0;0;0;0;0;0;0;0;0
FR;8;2021-10-06;0;0;0;0;0;0;0;0;0;0;0;0;0;0;0;0;0;0
FR;8;2021-10-07;0;0;0;0;0;0;0;0;0;0;0;0;0;0;0;0;0;0
FR;8;2021-10-08;0;0;0;0;0;0;0;0;0;0;0;0;0;0;0;0;0;0
FR;8;2021-10-09;0;0;0;0;0;0;0;0;0;0;0;0;0;0;0;0;0;0
FR;8;2021-10-10;0;0;0;0;0;0;0;0;0;0;0;0;0;0;0;0;0;0
FR;8;2021-10-11;0;0;0;0;0;0;0;0;0;0;0;0;0;0;0;0;0;0
FR;8;2021-10-12;0;0;0;0;0;0;0;0;0;0;0;0;0;0;0;0;0;0
FR;8;2021-10-13;0;0;0;0;0;0;0;0;0;0;0;0;0;0;0;0;0;0
FR;8;2021-10-14;0;0;0;0;0;0;0;0;0;0;0;0;0;0;0;0;0;0
FR;8;2021-10-15;0;0;0;0;0;0;0;0;0;0;0;0;0;0;0;0;0;0
FR;8;2021-10-16;0;0;0;0;0;0;0;0;0;0;0;0;0;0;0;0;0;0
FR;8;2021-10-17;0;0;0;0;0;0;0;0;0;0;0;0;0;0;0;0;0;0
FR;8;2021-10-18;0;0;0;0;0;0;0;0;0;0;0;0;0;0;0;0;0;0
FR;8;2021-10-19;0;0;0;0;0;0;0;0;0;0;0;0;0;0;0;0;0;0
FR;8;2021-10-20;0;0;0;0;0;0;0;0;0;0;0;0;0;0;0;0;0;0
FR;8;2021-10-21;0;0;0;0;0;0;0;0;0;0;0;0;0;0;0;0;0;0
FR;8;2021-10-22;0;0;0;0;0;0;0;0;0;0;0;0;0;0;0;0;0;0
FR;8;2021-10-23;0;0;0;0;0;0;0;0;0;0;0;0;0;0;0;0;0;0
FR;8;2021-10-24;0;0;0;0;0;0;0;0;0;0;0;0;0;0;0;0;0;0
FR;8;2021-10-25;0;0;0;0;0;0;0;0;0;0;0;0;0;0;0;0;0;0
FR;8;2021-10-26;0;0;0;0;0;0;0;0;0;0;0;0;0;0;0;0;0;0
FR;8;2021-10-27;0;0;0;0;0;0;0;0;0;0;0;0;0;0;0;0;0;0
FR;8;2021-10-28;0;0;0;0;0;0;0;0;0;0;0;0;0;0;0;0;0;0
FR;8;2021-10-29;0;0;0;0;0;0;0;0;0;0;0;0;0;0;0;0;0;0
FR;8;2021-10-30;0;0;0;0;0;0;0;0;0;0;0;0;0;0;0;0;0;0
FR;8;2021-10-31;0;0;0;0;0;0;0;0;0;0;0;0;0;0;0;0;0;0
FR;8;2021-11-01;0;0;0;0;0;0;0;0;0;0;0;0;0;0;0;0;0;0
FR;8;2021-11-02;0;0;0;0;0;0;0;0;0;0;0;0;0;0;0;0;0;0
FR;8;2021-11-03;0;0;0;0;0;0;0;0;0;0;0;0;0;0;0;0;0;0
FR;8;2021-11-04;0;0;0;0;0;0;0;0;0;0;0;0;0;0;0;0;0;0
FR;8;2021-11-05;0;0;0;0;0;0;0;0;0;0;0;0;0;0;0;0;0;0
FR;8;2021-11-06;0;0;0;0;0;0;0;0;0;0;0;0;0;0;0;0;0;0
FR;8;2021-11-07;0;0;0;0;0;0;0;0;0;0;0;0;0;0;0;0;0;0
FR;8;2021-11-08;0;0;0;0;0;0;0;0;0;0;0;0;0;0;0;0;0;0
FR;8;2021-11-09;0;0;0;0;0;0;0;0;0;0;0;0;0;0;0;0;0;0
FR;8;2021-11-10;0;0;0;0;0;0;0;0;0;0;0;0;0;0;0;0;0;0
FR;8;2021-11-11;0;0;0;0;0;0;0;0;0;0;0;0;0;0;0;0;0;0
FR;8;2021-11-12;0;0;0;0;0;0;0;0;0;0;0;0;0;0;0;0;0;0
FR;8;2021-11-13;0;0;0;0;0;0;0;0;0;0;0;0;0;0;0;0;0;0
FR;8;2021-11-14;0;0;0;0;0;0;0;0;0;0;0;0;0;0;0;0;0;0
FR;8;2021-11-15;0;0;0;0;0;0;0;0;0;0;0;0;0;0;0;0;0;0
FR;8;2021-11-16;0;0;0;0;0;0;0;0;0;0;0;0;0;0;0;0;0;0
FR;8;2021-11-17;0;0;0;0;0;0;0;0;0;0;0;0;0;0;0;0;0;0
FR;8;2021-11-18;0;0;0;0;0;0;0;0;0;0;0;0;0;0;0;0;0;0
FR;8;2021-11-19;0;0;0;0;0;0;0;0;0;0;0;0;0;0;0;0;0;0
FR;8;2021-11-20;0;0;0;0;0;0;0;0;0;0;0;0;0;0;0;0;0;0
FR;8;2021-11-21;0;0;0;0;0;0;0;0;0;0;0;0;0;0;0;0;0;0
FR;8;2021-11-22;0;0;0;0;0;0;0;0;0;0;0;0;0;0;0;0;0;0
FR;8;2021-11-23;0;0;0;0;0;0;0;0;0;0;0;0;0;0;0;0;0;0
FR;8;2021-11-24;0;0;0;0;0;0;0;0;0;0;0;0;0;0;0;0;0;0
FR;8;2021-11-25;0;0;0;0;0;0;0;0;0;0;0;0;0;0;0;0;0;0
FR;8;2021-11-26;0;0;0;0;0;0;0;0;0;0;0;0;0;0;0;0;0;0
FR;8;2021-11-27;0;0;0;0;0;0;0;0;0;0;0;0;0;0;0;0;0;0
FR;8;2021-11-28;0;0;0;0;0;0;0;0;0;0;0;0;0;0;0;0;0;0
FR;8;2021-11-29;0;0;0;0;0;0;0;0;0;0;0;0;0;0;0;0;0;0
FR;8;2021-11-30;0;0;0;0;0;0;0;0;0;0;0;0;0;0;0;0;0;0
FR;8;2021-12-01;0;0;0;0;0;0;0;0;0;0;0;0;0;0;0;0;0;0
FR;8;2021-12-02;0;0;0;0;0;0;0;0;0;0;0;0;0;0;0;0;0;0
FR;8;2021-12-03;0;0;0;0;0;0;0;0;0;0;0;0;0;0;0;0;0;0
FR;8;2021-12-04;0;0;0;0;0;0;0;0;0;0;0;0;0;0;0;0;0;0
FR;8;2021-12-05;0;0;0;0;0;0;0;0;0;0;0;0;0;0;0;0;0;0
FR;8;2021-12-06;0;0;0;0;0;0;0;0;0;0;0;0;0;0;0;0;0;0
FR;8;2021-12-07;0;0;0;0;0;0;0;0;0;0;0;0;0;0;0;0;0;0
FR;8;2021-12-08;0;0;0;0;0;0;0;0;0;0;0;0;0;0;0;0;0;0
FR;8;2021-12-09;0;0;0;0;0;0;0;0;0;0;0;0;0;0;0;0;0;0
FR;8;2021-12-10;0;0;0;0;0;0;0;0;0;0;0;0;0;0;0;0;0;0
FR;8;2021-12-11;0;0;0;0;0;0;0;0;0;0;0;0;0;0;0;0;0;0
FR;8;2021-12-12;0;0;0;0;0;0;0;0;0;0;0;0;0;0;0;0;0;0
FR;8;2021-12-13;0;0;0;0;0;0;0;0;0;0;0;0;0;0;0;0;0;0
FR;8;2021-12-14;0;0;0;0;0;0;0;0;0;0;0;0;0;0;0;0;0;0
FR;8;2021-12-15;0;0;0;0;0;0;0;0;0;0;0;0;0;0;0;0;0;0
FR;8;2021-12-16;0;0;0;0;0;0;0;0;0;0;0;0;0;0;0;0;0;0
FR;8;2021-12-17;0;0;0;0;0;0;0;0;0;0;0;0;0;0;0;0;0;0
FR;8;2021-12-18;0;0;0;0;0;0;0;0;0;0;0;0;0;0;0;0;0;0
FR;8;2021-12-19;0;0;0;0;0;0;0;0;0;0;0;0;0;0;0;0;0;0
FR;8;2021-12-20;0;0;0;0;0;0;0;0;0;0;0;0;0;0;0;0;0;0
FR;8;2021-12-21;0;0;0;0;0;0;0;0;0;0;0;0;0;0;0;0;0;0
FR;8;2021-12-22;0;0;0;0;0;0;0;0;0;0;0;0;0;0;0;0;0;0
FR;8;2021-12-23;0;0;0;0;0;0;0;0;0;0;0;0;0;0;0;0;0;0
FR;8;2021-12-24;0;0;0;0;0;0;0;0;0;0;0;0;0;0;0;0;0;0
FR;8;2021-12-25;0;0;0;0;0;0;0;0;0;0;0;0;0;0;0;0;0;0
FR;8;2021-12-26;0;0;0;0;0;0;0;0;0;0;0;0;0;0;0;0;0;0
FR;8;2021-12-27;0;0;0;0;0;0;0;0;0;0;0;0;0;0;0;0;0;0
FR;8;2021-12-28;0;0;0;0;0;0;0;0;0;0;0;0;0;0;0;0;0;0
FR;8;2021-12-29;0;0;0;0;0;0;0;0;0;0;0;0;0;0;0;0;0;0
FR;8;2021-12-30;0;0;0;0;0;0;0;0;0;0;0;0;0;0;0;0;0;0
FR;8;2021-12-31;0;0;0;0;0;0;0;0;0;0;0;0;0;0;0;0;0;0
FR;8;2022-01-01;0;0;0;0;0;0;0;0;0;0;0;0;0;0;0;0;0;0
FR;8;2022-01-02;0;0;0;0;0;0;0;0;0;0;0;0;0;0;0;0;0;0
FR;8;2022-01-03;0;0;0;0;0;0;0;0;0;0;0;0;0;0;0;0;0;0
FR;8;2022-01-04;0;0;0;0;0;0;0;0;0;0;0;0;0;0;0;0;0;0
FR;8;2022-01-05;0;0;0;0;0;0;0;0;0;0;0;0;0;0;0;0;0;0
FR;8;2022-01-06;0;0;0;0;0;0;0;0;0;0;0;0;0;0;0;0;0;0
FR;8;2022-01-07;0;0;0;0;0;0;0;0;0;0;0;0;0;0;0;0;0;0
FR;8;2022-01-08;0;0;0;0;0;0;0;0;0;0;0;0;0;0;0;0;0;0
FR;8;2022-01-09;0;0;0;0;0;0;0;0;0;0;0;0;0;0;0;0;0;0
FR;8;2022-01-10;0;0;0;0;0;0;0;0;0;0;0;0;0;0;0;0;0;0
FR;8;2022-01-11;0;0;0;0;0;0;0;0;0;0;0;0;0;0;0;0;0;0
FR;8;2022-01-12;0;0;0;0;0;0;0;0;0;0;0;0;0;0;0;0;0;0
FR;8;2022-01-13;0;0;0;0;0;0;0;0;0;0;0;0;0;0;0;0;0;0
FR;8;2022-01-14;0;0;0;0;0;0;0;0;0;0;0;0;0;0;0;0;0;0
FR;8;2022-01-15;0;0;0;0;0;0;0;0;0;0;0;0;0;0;0;0;0;0
FR;8;2022-01-16;0;0;0;0;0;0;0;0;0;0;0;0;0;0;0;0;0;0
FR;8;2022-01-17;0;0;0;0;0;0;0;0;0;0;0;0;0;0;0;0;0;0
FR;8;2022-01-18;0;0;0;0;0;0;0;0;0;0;0;0;0;0;0;0;0;0
FR;8;2022-01-19;0;0;0;0;0;0;0;0;0;0;0;0;0;0;0;0;0;0
FR;8;2022-01-20;0;0;0;0;0;0;0;0;0;0;0;0;0;0;0;0;0;0
FR;8;2022-01-21;0;0;0;0;0;0;0;0;0;0;0;0;0;0;0;0;0;0
FR;8;2022-01-22;0;0;0;0;0;0;0;0;0;0;0;0;0;0;0;0;0;0
FR;8;2022-01-23;0;0;0;0;0;0;0;0;0;0;0;0;0;0;0;0;0;0
FR;8;2022-01-24;0;0;0;0;0;0;0;0;0;0;0;0;0;0;0;0;0;0
FR;8;2022-01-25;0;0;0;0;0;0;0;0;0;0;0;0;0;0;0;0;0;0
FR;8;2022-01-26;0;0;0;0;0;0;0;0;0;0;0;0;0;0;0;0;0;0
FR;8;2022-01-27;0;0;0;0;0;0;0;0;0;0;0;0;0;0;0;0;0;0
FR;8;2022-01-28;0;0;0;0;0;0;0;0;0;0;0;0;0;0;0;0;0;0
FR;8;2022-01-29;0;0;0;0;0;0;0;0;0;0;0;0;0;0;0;0;0;0
FR;8;2022-01-30;0;0;0;0;0;0;0;0;0;0;0;0;0;0;0;0;0;0
FR;8;2022-01-31;0;0;0;0;0;0;0;0;0;0;0;0;0;0;0;0;0;0
FR;8;2022-02-01;0;0;0;0;0;0;0;0;0;0;0;0;0;0;0;0;0;0
FR;8;2022-02-02;0;0;0;0;0;0;0;0;0;0;0;0;0;0;0;0;0;0
FR;8;2022-02-03;0;0;0;0;0;0;0;0;0;0;0;0;0;0;0;0;0;0
FR;8;2022-02-04;0;0;0;0;0;0;0;0;0;0;0;0;0;0;0;0;0;0
FR;8;2022-02-05;0;0;0;0;0;0;0;0;0;0;0;0;0;0;0;0;0;0
FR;8;2022-02-06;0;0;0;0;0;0;0;0;0;0;0;0;0;0;0;0;0;0
FR;8;2022-02-07;0;0;0;0;0;0;0;0;0;0;0;0;0;0;0;0;0;0
FR;8;2022-02-08;0;0;0;0;0;0;0;0;0;0;0;0;0;0;0;0;0;0
FR;8;2022-02-09;0;0;0;0;0;0;0;0;0;0;0;0;0;0;0;0;0;0
FR;8;2022-02-10;0;0;0;0;0;0;0;0;0;0;0;0;0;0;0;0;0;0
FR;8;2022-02-11;0;0;0;0;0;0;0;0;0;0;0;0;0;0;0;0;0;0
FR;8;2022-02-12;0;0;0;0;0;0;0;0;0;0;0;0;0;0;0;0;0;0
FR;8;2022-02-13;0;0;0;0;0;0;0;0;0;0;0;0;0;0;0;0;0;0
FR;8;2022-02-14;0;0;0;0;0;0;0;0;0;0;0;0;0;0;0;0;0;0
FR;8;2022-02-15;0;0;0;0;0;0;0;0;0;0;0;0;0;0;0;0;0;0
FR;8;2022-02-16;0;0;0;0;0;0;0;0;0;0;0;0;0;0;0;0;0;0
FR;8;2022-02-17;0;0;0;0;0;0;0;0;0;0;0;0;0;0;0;0;0;0
FR;8;2022-02-18;0;0;0;0;0;0;0;0;0;0;0;0;0;0;0;0;0;0
FR;8;2022-02-19;0;0;0;0;0;0;0;0;0;0;0;0;0;0;0;0;0;0
FR;8;2022-02-20;0;0;0;0;0;0;0;0;0;0;0;0;0;0;0;0;0;0
FR;8;2022-02-21;0;0;0;0;0;0;0;0;0;0;0;0;0;0;0;0;0;0
FR;8;2022-02-22;0;0;0;0;0;0;0;0;0;0;0;0;0;0;0;0;0;0
FR;8;2022-02-23;0;0;0;0;0;0;0;0;0;0;0;0;0;0;0;0;0;0
FR;8;2022-02-24;0;0;0;0;0;0;0;0;0;0;0;0;0;0;0;0;0;0
FR;8;2022-02-25;0;0;0;0;0;0;0;0;0;0;0;0;0;0;0;0;0;0
FR;8;2022-02-26;0;0;0;0;0;0;0;0;0;0;0;0;0;0;0;0;0;0
FR;8;2022-02-27;0;0;0;0;0;0;0;0;0;0;0;0;0;0;0;0;0;0
FR;8;2022-02-28;0;0;0;0;0;0;0;0;0;0;0;0;0;0;0;0;0;0
FR;8;2022-03-01;0;0;0;0;0;0;0;0;0;0;0;0;0;0;0;0;0;0
FR;8;2022-03-02;0;0;0;0;0;0;0;0;0;0;0;0;0;0;0;0;0;0
FR;8;2022-03-03;0;0;0;0;0;0;0;0;0;0;0;0;0;0;0;0;0;0
FR;8;2022-03-04;0;0;0;0;0;0;0;0;0;0;0;0;0;0;0;0;0;0
FR;8;2022-03-05;0;0;0;0;0;0;0;0;0;0;0;0;0;0;0;0;0;0
FR;8;2022-03-06;0;0;0;0;0;0;0;0;0;0;0;0;0;0;0;0;0;0
FR;8;2022-03-07;0;0;0;0;0;0;0;0;0;0;0;0;0;0;0;0;0;0
FR;8;2022-03-08;0;0;0;0;0;0;0;0;0;0;0;0;0;0;0;0;0;0
FR;8;2022-03-09;0;0;0;0;0;0;0;0;0;0;0;0;0;0;0;0;0;0
FR;8;2022-03-10;0;0;0;0;0;0;0;0;0;0;0;0;0;0;0;0;0;0
FR;8;2022-03-11;0;0;0;0;0;0;0;0;0;0;0;0;0;0;0;0;0;0
FR;8;2022-03-12;0;0;0;0;0;0;0;0;0;0;0;0;0;0;0;0;0;0
FR;8;2022-03-13;0;0;0;0;0;0;0;0;0;0;0;0;0;0;0;0;0;0
FR;8;2022-03-14;0;0;0;0;0;0;0;0;0;0;0;0;0;0;0;0;0;0
FR;8;2022-03-15;0;0;0;0;0;0;0;0;0;0;0;0;0;0;0;0;0;0
FR;8;2022-03-16;0;0;0;0;0;0;0;0;0;0;0;0;0;0;0;0;0;0
FR;8;2022-03-17;0;0;0;0;0;0;0;0;0;0;0;0;0;0;0;0;0;0
FR;8;2022-03-18;0;0;0;0;0;0;0;0;0;0;0;0;0;0;0;0;0;0
FR;8;2022-03-19;0;0;0;0;0;0;0;0;0;0;0;0;0;0;0;0;0;0
FR;8;2022-03-20;0;0;0;0;0;0;0;0;0;0;0;0;0;0;0;0;0;0
FR;8;2022-03-21;0;0;0;0;0;0;0;0;0;0;0;0;0;0;0;0;0;0
FR;8;2022-03-22;0;0;0;0;0;0;0;0;0;0;0;0;0;0;0;0;0;0
FR;8;2022-03-23;0;0;0;0;0;0;0;0;0;0;0;0;0;0;0;0;0;0
FR;8;2022-03-24;0;0;0;0;0;0;0;0;0;0;0;0;0;0;0;0;0;0
FR;8;2022-03-25;0;0;0;0;0;0;0;0;0;0;0;0;0;0;0;0;0;0
FR;8;2022-03-26;0;0;0;0;0;0;0;0;0;0;0;0;0;0;0;0;0;0
FR;8;2022-03-27;0;0;0;0;0;0;0;0;0;0;0;0;0;0;0;0;0;0
FR;8;2022-03-28;0;0;0;0;0;0;0;0;0;0;0;0;0;0;0;0;0;0
FR;8;2022-03-29;0;0;0;0;0;0;0;0;0;0;0;0;0;0;0;0;0;0
FR;8;2022-03-30;0;0;0;0;0;0;0;0;0;0;0;0;0;0;0;0;0;0
FR;8;2022-03-31;0;0;0;0;0;0;0;0;0;0;0;0;0;0;0;0;0;0
FR;8;2022-04-01;0;0;0;0;0;0;0;0;0;0;0;0;0;0;0;0;0;0
FR;8;2022-04-02;0;0;0;0;0;0;0;0;0;0;0;0;0;0;0;0;0;0
FR;8;2022-04-03;0;0;0;0;0;0;0;0;0;0;0;0;0;0;0;0;0;0
FR;8;2022-04-04;0;0;0;0;0;0;0;0;0;0;0;0;0;0;0;0;0;0
FR;8;2022-04-05;0;0;0;0;0;0;0;0;0;0;0;0;0;0;0;0;0;0
FR;8;2022-04-06;0;0;0;0;0;0;0;0;0;0;0;0;0;0;0;0;0;0
FR;8;2022-04-07;0;0;0;0;0;0;0;0;0;0;0;0;0;0;0;0;0;0
FR;8;2022-04-08;0;0;0;0;0;0;0;0;0;0;0;0;0;0;0;0;0;0
FR;8;2022-04-09;0;0;0;0;0;0;0;0;0;0;0;0;0;0;0;0;0;0
FR;8;2022-04-10;0;0;0;0;0;0;0;0;0;0;0;0;0;0;0;0;0;0
FR;8;2022-04-11;0;0;0;0;0;0;0;0;0;0;0;0;0;0;0;0;0;0
FR;8;2022-04-12;0;0;0;0;0;0;0;0;0;0;0;0;0;0;0;0;0;0
FR;8;2022-04-13;0;0;0;0;0;0;0;0;0;0;0;0;0;0;0;0;0;0
FR;8;2022-04-14;0;0;0;0;0;0;0;0;0;0;0;0;0;0;0;0;0;0
FR;8;2022-04-15;0;0;0;0;0;0;0;0;0;0;0;0;0;0;0;0;0;0
FR;8;2022-04-16;0;0;0;0;0;0;0;0;0;0;0;0;0;0;0;0;0;0
FR;8;2022-04-17;0;0;0;0;0;0;0;0;0;0;0;0;0;0;0;0;0;0
FR;8;2022-04-18;0;0;0;0;0;0;0;0;0;0;0;0;0;0;0;0;0;0
FR;8;2022-04-19;0;0;0;0;0;0;0;0;0;0;0;0;0;0;0;0;0;0
FR;8;2022-04-20;0;0;0;0;0;0;0;0;0;0;0;0;0;0;0;0;0;0
FR;8;2022-04-21;0;0;0;0;0;0;0;0;0;0;0;0;0;0;0;0;0;0
FR;8;2022-04-22;0;0;0;0;0;0;0;0;0;0;0;0;0;0;0;0;0;0
FR;8;2022-04-23;0;0;0;0;0;0;0;0;0;0;0;0;0;0;0;0;0;0
FR;8;2022-04-24;0;0;0;0;0;0;0;0;0;0;0;0;0;0;0;0;0;0
FR;8;2022-04-25;0;0;0;0;0;0;0;0;0;0;0;0;0;0;0;0;0;0
FR;8;2022-04-26;0;0;0;0;0;0;0;0;0;0;0;0;0;0;0;0;0;0
FR;8;2022-04-27;0;0;0;0;0;0;0;0;0;0;0;0;0;0;0;0;0;0
FR;8;2022-04-28;0;0;0;0;0;0;0;0;0;0;0;0;0;0;0;0;0;0
FR;8;2022-04-29;0;0;0;0;0;0;0;0;0;0;0;0;0;0;0;0;0;0
FR;8;2022-04-30;0;0;0;0;0;0;0;0;0;0;0;0;0;0;0;0;0;0
FR;8;2022-05-01;0;0;0;0;0;0;0;0;0;0;0;0;0;0;0;0;0;0
FR;8;2022-05-02;0;0;0;0;0;0;0;0;0;0;0;0;0;0;0;0;0;0
FR;8;2022-05-03;0;0;0;0;0;0;0;0;0;0;0;0;0;0;0;0;0;0
FR;8;2022-05-04;0;0;0;0;0;0;0;0;0;0;0;0;0;0;0;0;0;0
FR;8;2022-05-05;0;0;0;0;0;0;0;0;0;0;0;0;0;0;0;0;0;0
FR;8;2022-05-06;0;0;0;0;0;0;0;0;0;0;0;0;0;0;0;0;0;0
FR;8;2022-05-07;0;0;0;0;0;0;0;0;0;0;0;0;0;0;0;0;0;0
FR;8;2022-05-08;0;0;0;0;0;0;0;0;0;0;0;0;0;0;0;0;0;0
FR;8;2022-05-09;0;0;0;0;0;0;0;0;0;0;0;0;0;0;0;0;0;0
FR;8;2022-05-10;0;0;0;0;0;0;0;0;0;0;0;0;0;0;0;0;0;0
FR;8;2022-05-11;0;0;0;0;0;0;0;0;0;0;0;0;0;0;0;0;0;0
FR;8;2022-05-12;0;0;0;0;0;0;0;0;0;0;0;0;0;0;0;0;0;0
FR;8;2022-05-13;0;0;0;0;0;0;0;0;0;0;0;0;0;0;0;0;0;0
FR;8;2022-05-14;0;0;0;0;0;0;0;0;0;0;0;0;0;0;0;0;0;0
FR;8;2022-05-15;0;0;0;0;0;0;0;0;0;0;0;0;0;0;0;0;0;0
FR;8;2022-05-16;0;0;0;0;0;0;0;0;0;0;0;0;0;0;0;0;0;0
FR;8;2022-05-17;0;0;0;0;0;0;0;0;0;0;0;0;0;0;0;0;0;0
FR;8;2022-05-18;0;0;0;0;0;0;0;0;0;0;0;0;0;0;0;0;0;0
FR;8;2022-05-19;0;0;0;0;0;0;0;0;0;0;0;0;0;0;0;0;0;0
FR;8;2022-05-20;0;0;0;0;0;0;0;0;0;0;0;0;0;0;0;0;0;0
FR;8;2022-05-21;0;0;0;0;0;0;0;0;0;0;0;0;0;0;0;0;0;0
FR;8;2022-05-22;0;0;0;0;0;0;0;0;0;0;0;0;0;0;0;0;0;0
FR;8;2022-05-23;0;0;0;0;0;0;0;0;0;0;0;0;0;0;0;0;0;0
FR;8;2022-05-24;0;0;0;0;0;0;0;0;0;0;0;0;0;0;0;0;0;0
FR;8;2022-05-25;0;0;0;0;0;0;0;0;0;0;0;0;0;0;0;0;0;0
FR;8;2022-05-26;0;0;0;0;0;0;0;0;0;0;0;0;0;0;0;0;0;0
FR;8;2022-05-27;0;0;0;0;0;0;0;0;0;0;0;0;0;0;0;0;0;0
FR;8;2022-05-28;0;0;0;0;0;0;0;0;0;0;0;0;0;0;0;0;0;0
FR;8;2022-05-29;0;0;0;0;0;0;0;0;0;0;0;0;0;0;0;0;0;0
FR;8;2022-05-30;0;0;0;0;0;0;0;0;0;0;0;0;0;0;0;0;0;0
FR;8;2022-05-31;0;0;0;0;0;0;0;0;0;0;0;0;0;0;0;0;0;0
FR;8;2022-06-01;0;0;0;0;0;0;0;0;0;0;0;0;0;0;0;0;0;0
FR;8;2022-06-02;0;0;0;0;0;0;0;0;0;0;0;0;0;0;0;0;0;0
FR;8;2022-06-03;0;0;0;0;0;0;0;0;0;0;0;0;0;0;0;0;0;0
FR;8;2022-06-04;0;0;0;0;0;0;0;0;0;0;0;0;0;0;0;0;0;0
FR;8;2022-06-05;0;0;0;0;0;0;0;0;0;0;0;0;0;0;0;0;0;0
FR;8;2022-06-06;0;0;0;0;0;0;0;0;0;0;0;0;0;0;0;0;0;0
FR;8;2022-06-07;0;0;0;0;0;0;0;0;0;0;0;0;0;0;0;0;0;0
FR;8;2022-06-08;0;0;0;0;0;0;0;0;0;0;0;0;0;0;0;0;0;0
FR;8;2022-06-09;0;0;0;0;0;0;0;0;0;0;0;0;0;0;0;0;0;0
FR;8;2022-06-10;0;0;0;0;0;0;0;0;0;0;0;0;0;0;0;0;0;0
FR;8;2022-06-11;0;0;0;0;0;0;0;0;0;0;0;0;0;0;0;0;0;0
FR;8;2022-06-12;0;0;0;0;0;0;0;0;0;0;0;0;0;0;0;0;0;0
FR;8;2022-06-13;0;0;0;0;0;0;0;0;0;0;0;0;0;0;0;0;0;0
FR;8;2022-06-14;0;0;0;0;0;0;0;0;0;0;0;0;0;0;0;0;0;0
FR;8;2022-06-15;0;0;0;0;0;0;0;0;0;0;0;0;0;0;0;0;0;0
FR;8;2022-06-16;0;0;0;0;0;0;0;0;0;0;0;0;0;0;0;0;0;0
FR;8;2022-06-17;0;0;0;0;0;0;0;0;0;0;0;0;0;0;0;0;0;0
FR;8;2022-06-18;0;0;0;0;0;0;0;0;0;0;0;0;0;0;0;0;0;0
FR;8;2022-06-19;0;0;0;0;0;0;0;0;0;0;0;0;0;0;0;0;0;0
FR;8;2022-06-20;0;0;0;0;0;0;0;0;0;0;0;0;0;0;0;0;0;0
FR;8;2022-06-21;0;0;0;0;0;0;0;0;0;0;0;0;0;0;0;0;0;0
FR;8;2022-06-22;0;0;0;0;0;0;0;0;0;0;0;0;0;0;0;0;0;0
FR;8;2022-06-23;0;0;0;0;0;0;0;0;0;0;0;0;0;0;0;0;0;0
FR;8;2022-06-24;0;0;0;0;0;0;0;0;0;0;0;0;0;0;0;0;0;0
FR;8;2022-06-25;0;0;0;0;0;0;0;0;0;0;0;0;0;0;0;0;0;0
FR;8;2022-06-26;0;0;0;0;0;0;0;0;0;0;0;0;0;0;0;0;0;0
FR;8;2022-06-27;0;0;0;0;0;0;0;0;0;0;0;0;0;0;0;0;0;0
FR;8;2022-06-28;0;0;0;0;0;0;0;0;0;0;0;0;0;0;0;0;0;0
FR;8;2022-06-29;0;0;0;0;0;0;0;0;0;0;0;0;0;0;0;0;0;0
FR;8;2022-06-30;0;0;0;0;0;0;0;0;0;0;0;0;0;0;0;0;0;0
FR;8;2022-07-01;0;0;0;0;0;0;0;0;0;0;0;0;0;0;0;0;0;0
FR;8;2022-07-02;0;0;0;0;0;0;0;0;0;0;0;0;0;0;0;0;0;0
FR;8;2022-07-03;0;0;0;0;0;0;0;0;0;0;0;0;0;0;0;0;0;0
FR;8;2022-07-04;0;0;0;0;0;0;0;0;0;0;0;0;0;0;0;0;0;0
FR;8;2022-07-05;0;0;0;0;0;0;0;0;0;0;0;0;0;0;0;0;0;0
FR;8;2022-07-06;0;0;0;0;0;0;0;0;0;0;0;0;0;0;0;0;0;0
FR;8;2022-07-07;0;0;0;0;0;0;0;0;0;0;0;0;0;0;0;0;0;0
FR;8;2022-07-08;0;0;0;0;0;0;0;0;0;0;0;0;0;0;0;0;0;0
FR;8;2022-07-09;0;0;0;0;0;0;0;0;0;0;0;0;0;0;0;0;0;0
FR;8;2022-07-10;0;0;0;0;0;0;0;0;0;0;0;0;0;0;0;0;0;0
FR;8;2022-07-11;0;0;0;0;0;0;0;0;0;0;0;0;0;0;0;0;0;0
FR;8;2022-07-12;0;0;0;0;0;0;0;0;0;0;0;0;0;0;0;0;0;0
FR;8;2022-07-13;0;0;0;0;0;0;0;0;0;0;0;0;0;0;0;0;0;0
FR;8;2022-07-14;0;0;0;0;0;0;0;0;0;0;0;0;0;0;0;0;0;0
FR;8;2022-07-15;0;0;0;0;0;0;0;0;0;0;0;0;0;0;0;0;0;0
FR;8;2022-07-16;0;0;0;0;0;0;0;0;0;0;0;0;0;0;0;0;0;0
FR;8;2022-07-17;0;0;0;0;0;0;0;0;0;0;0;0;0;0;0;0;0;0
FR;8;2022-07-18;0;0;0;0;0;0;0;0;0;0;0;0;0;0;0;0;0;0
FR;8;2022-07-19;0;0;0;0;0;0;0;0;0;0;0;0;0;0;0;0;0;0
FR;8;2022-07-20;0;0;0;0;0;0;0;0;0;0;0;0;0;0;0;0;0;0
FR;8;2022-07-21;0;0;0;0;0;0;0;0;0;0;0;0;0;0;0;0;0;0
FR;8;2022-07-22;0;0;0;0;0;0;0;0;0;0;0;0;0;0;0;0;0;0
FR;8;2022-07-23;0;0;0;0;0;0;0;0;0;0;0;0;0;0;0;0;0;0
FR;8;2022-07-24;0;0;0;0;0;0;0;0;0;0;0;0;0;0;0;0;0;0
FR;8;2022-07-25;0;0;0;0;0;0;0;0;0;0;0;0;0;0;0;0;0;0
FR;8;2022-07-26;0;0;0;0;0;0;0;0;0;0;0;0;0;0;0;0;0;0
FR;8;2022-07-27;0;0;0;0;0;0;0;0;0;0;0;0;0;0;0;0;0;0
FR;8;2022-07-28;0;0;0;0;0;0;0;0;0;0;0;0;0;0;0;0;0;0
FR;8;2022-07-29;0;0;0;0;0;0;0;0;0;0;0;0;0;0;0;0;0;0
FR;8;2022-07-30;0;0;0;0;0;0;0;0;0;0;0;0;0;0;0;0;0;0
FR;8;2022-07-31;0;0;0;0;0;0;0;0;0;0;0;0;0;0;0;0;0;0
FR;8;2022-08-01;0;0;0;0;0;0;0;0;0;0;0;0;0;0;0;0;0;0
FR;8;2022-08-02;0;0;0;0;0;0;0;0;0;0;0;0;0;0;0;0;0;0
FR;8;2022-08-03;0;0;0;0;0;0;0;0;0;0;0;0;0;0;0;0;0;0
FR;8;2022-08-04;0;0;0;0;0;0;0;0;0;0;0;0;0;0;0;0;0;0
FR;8;2022-08-05;0;0;0;0;0;0;0;0;0;0;0;0;0;0;0;0;0;0
FR;8;2022-08-06;0;0;0;0;0;0;0;0;0;0;0;0;0;0;0;0;0;0
FR;8;2022-08-07;0;0;0;0;0;0;0;0;0;0;0;0;0;0;0;0;0;0
FR;8;2022-08-08;0;0;0;0;0;0;0;0;0;0;0;0;0;0;0;0;0;0
FR;8;2022-08-09;0;0;0;0;0;0;0;0;0;0;0;0;0;0;0;0;0;0
FR;8;2022-08-10;0;0;0;0;0;0;0;0;0;0;0;0;0;0;0;0;0;0
FR;8;2022-08-11;0;0;0;0;0;0;0;0;0;0;0;0;0;0;0;0;0;0
FR;8;2022-08-12;0;0;0;0;0;0;0;0;0;0;0;0;0;0;0;0;0;0
FR;8;2022-08-13;0;0;0;0;0;0;0;0;0;0;0;0;0;0;0;0;0;0
FR;8;2022-08-14;0;0;0;0;0;0;0;0;0;0;0;0;0;0;0;0;0;0
FR;8;2022-08-15;0;0;0;0;0;0;0;0;0;0;0;0;0;0;0;0;0;0
FR;8;2022-08-16;0;0;0;0;0;0;0;0;0;0;0;0;0;0;0;0;0;0
FR;8;2022-08-17;0;0;0;0;0;0;0;0;0;0;0;0;0;0;0;0;0;0
FR;8;2022-08-18;0;0;0;0;0;0;0;0;0;0;0;0;0;0;0;0;0;0
FR;8;2022-08-19;0;0;0;0;0;0;0;0;0;0;0;0;0;0;0;0;0;0
FR;8;2022-08-20;0;0;0;0;0;0;0;0;0;0;0;0;0;0;0;0;0;0
FR;8;2022-08-21;0;0;0;0;0;0;0;0;0;0;0;0;0;0;0;0;0;0
FR;8;2022-08-22;0;0;0;0;0;0;0;0;0;0;0;0;0;0;0;0;0;0
FR;8;2022-08-23;0;0;0;0;0;0;0;0;0;0;0;0;0;0;0;0;0;0
FR;8;2022-08-24;0;0;0;0;0;0;0;0;0;0;0;0;0;0;0;0;0;0
FR;8;2022-08-25;0;0;0;0;0;0;0;0;0;0;0;0;0;0;0;0;0;0
FR;8;2022-08-26;0;0;0;0;0;0;0;0;0;0;0;0;0;0;0;0;0;0
FR;8;2022-08-27;0;0;0;0;0;0;0;0;0;0;0;0;0;0;0;0;0;0
FR;8;2022-08-28;0;0;0;0;0;0;0;0;0;0;0;0;0;0;0;0;0;0
FR;8;2022-08-29;0;0;0;0;0;0;0;0;0;0;0;0;0;0;0;0;0;0
FR;8;2022-08-30;0;0;0;0;0;0;0;0;0;0;0;0;0;0;0;0;0;0
FR;8;2022-08-31;0;0;0;0;0;0;0;0;0;0;0;0;0;0;0;0;0;0
FR;8;2022-09-01;0;0;0;0;0;0;0;0;0;0;0;0;0;0;0;0;0;0
FR;8;2022-09-02;0;0;0;0;0;0;0;0;0;0;0;0;0;0;0;0;0;0
FR;8;2022-09-03;0;0;0;0;0;0;0;0;0;0;0;0;0;0;0;0;0;0
FR;8;2022-09-04;0;0;0;0;0;0;0;0;0;0;0;0;0;0;0;0;0;0
FR;8;2022-09-05;0;0;0;0;0;0;0;0;0;0;0;0;0;0;0;0;0;0
FR;8;2022-09-06;0;0;0;0;0;0;0;0;0;0;0;0;0;0;0;0;0;0
FR;8;2022-09-07;0;0;0;0;0;0;0;0;0;0;0;0;0;0;0;0;0;0
FR;8;2022-09-08;0;0;0;0;0;0;0;0;0;0;0;0;0;0;0;0;0;0
FR;8;2022-09-09;0;0;0;0;0;0;0;0;0;0;0;0;0;0;0;0;0;0
FR;8;2022-09-10;0;0;0;0;0;0;0;0;0;0;0;0;0;0;0;0;0;0
FR;8;2022-09-11;0;0;0;0;0;0;0;0;0;0;0;0;0;0;0;0;0;0
FR;8;2022-09-12;0;0;0;0;0;0;0;0;0;0;0;0;0;0;0;0;0;0
FR;8;2022-09-13;0;0;0;0;0;0;0;0;0;0;0;0;0;0;0;0;0;0
FR;8;2022-09-14;0;0;0;0;0;0;0;0;0;0;0;0;0;0;0;0;0;0
FR;8;2022-09-15;0;0;0;0;0;0;0;0;0;0;0;0;0;0;0;0;0;0
FR;8;2022-09-16;0;0;0;0;0;0;0;0;0;0;0;0;0;0;0;0;0;0
FR;8;2022-09-17;0;0;0;0;0;0;0;0;0;0;0;0;0;0;0;0;0;0
FR;8;2022-09-18;0;0;0;0;0;0;0;0;0;0;0;0;0;0;0;0;0;0
FR;8;2022-09-19;0;0;0;0;0;0;0;0;0;0;0;0;0;0;0;0;0;0
FR;8;2022-09-20;0;0;0;0;0;0;0;0;0;0;0;0;0;0;0;0;0;0
FR;8;2022-09-21;0;0;0;0;0;0;0;0;0;0;0;0;0;0;0;0;0;0
FR;8;2022-09-22;0;0;0;0;0;0;0;0;0;0;0;0;0;0;0;0;0;0
FR;8;2022-09-23;0;0;0;0;0;0;0;0;0;0;0;0;0;0;0;0;0;0
FR;8;2022-09-24;0;0;0;0;0;0;0;0;0;0;0;0;0;0;0;0;0;0
FR;8;2022-09-25;0;0;0;0;0;0;0;0;0;0;0;0;0;0;0;0;0;0
FR;8;2022-09-26;0;0;0;0;0;0;0;0;0;0;0;0;0;0;0;0;0;0
FR;8;2022-09-27;0;0;0;0;0;0;0;0;0;0;0;0;0;0;0;0;0;0
FR;8;2022-09-28;0;0;0;0;0;0;0;0;0;0;0;0;0;0;0;0;0;0
FR;8;2022-09-29;0;0;0;0;0;0;0;0;0;0;0;0;0;0;0;0;0;0
FR;8;2022-09-30;0;0;0;0;0;0;0;0;0;0;0;0;0;0;0;0;0;0
FR;8;2022-10-01;0;0;0;0;0;0;0;0;0;0;0;0;0;0;0;0;0;0
FR;8;2022-10-02;0;0;0;0;0;0;0;0;0;0;0;0;0;0;0;0;0;0
FR;8;2022-10-03;0;0;0;0;0;0;0;0;0;0;0;0;0;0;0;0;0;0
FR;8;2022-10-04;0;0;0;0;0;0;0;0;0;0;0;0;0;0;0;0;0;0
FR;8;2022-10-05;0;0;0;0;0;0;0;0;0;0;0;0;0;0;0;0;0;0
FR;8;2022-10-06;7;17;111;859;8;80;865;1055;110;7;17;111;859;8;80;865;1055;110
FR;8;2022-10-07;68;101;842;8007;62;699;8059;9836;1071;75;118;953;8866;70;779;8924;10891;1181
FR;8;2022-10-08;35;115;610;4054;50;516;4106;5306;675;110;233;1563;12920;120;1295;13030;16197;1856
FR;8;2022-10-09;17;22;145;885;13;132;913;1233;184;127;255;1708;13805;133;1427;13943;17430;2040
FR;8;2022-10-10;116;192;1341;12674;106;1025;12909;16167;2213;243;447;3049;26479;239;2452;26852;33597;4253
FR;8;2022-10-11;176;261;2475;26910;135;2010;27182;33937;4708;419;708;5524;53389;374;4462;54034;67534;8961
FR;8;2022-10-12;150;255;1830;18230;148;1441;18465;23462;3532;569;963;7354;71619;522;5903;72499;90996;12493
FR;8;2022-10-13;205;276;2506;28034;173;1899;28397;35529;5205;774;1239;9860;99653;695;7802;100896;126525;17698
FR;8;2022-10-14;254;419;3271;36226;242;2555;36653;45545;6295;1028;1658;13131;135879;937;10357;137549;172070;23993
FR;8;2022-10-15;102;181;1201;8802;78;1000;8931;11781;1830;1130;1839;14332;144681;1015;11357;146480;183851;25823
FR;8;2022-10-16;34;54;248;1520;26;215;1555;2175;400;1164;1893;14580;146201;1041;11572;148035;186026;26223
FR;8;2022-10-17;157;307;2097;21753;171;1623;22062;28239;4532;1321;2200;16677;167954;1212;13195;170097;214265;30755
FR;8;2022-10-18;268;347;3352;37831;224;2652;38213;50747;9809;1589;2547;20029;205785;1436;15847;208310;265012;40564
FR;8;2022-10-19;192;313;2625;28247;182;2181;28573;38620;7805;1781;2860;22654;234032;1618;18028;236883;303632;48369
FR;8;2022-10-20;251;363;3573;41144;222;2638;41767;55608;11118;2032;3223;26227;275176;1840;20666;278650;359240;59487
FR;8;2022-10-21;324;489;4447;49365;276;3460;49966;66226;12703;2356;3712;30674;324541;2116;24126;328616;425466;72190
FR;8;2022-10-22;122;168;1230;10658;110;926;10847;14732;2941;2478;3880;31904;335199;2226;25052;339463;440198;75131
FR;8;2022-10-23;49;53;266;1760;48;197;1839;2605;568;2527;3933;32170;336959;2274;25249;341302;442803;75699
FR;8;2022-10-24;230;311;2469;23996;173;2061;24304;33458;7043;2757;4244;34639;360955;2447;27310;365606;476261;82742
FR;8;2022-10-25;307;411;4075;43381;255;3130;43980;61181;13968;3064;4655;38714;404336;2702;30440;409586;537442;96710
FR;8;2022-10-26;224;338;2856;28608;181;2353;28924;41179;9814;3288;4993;41570;432944;2883;32793;438510;578621;106524
FR;8;2022-10-27;273;414;3318;36085;241;2626;36578;51052;11783;3561;5407;44888;469029;3124;35419;475088;629673;118307
FR;8;2022-10-28;327;460;3819;39337;255;2855;40079;54860;11857;3888;5867;48707;508366;3379;38274;515167;684533;130164
FR;8;2022-10-29;109;165;1071;8219;94;800;8363;11844;2664;3997;6032;49778;516585;3473;39074;523530;696377;132828
FR;8;2022-10-30;40;53;209;1333;38;180;1377;2045;484;4037;6085;49987;517918;3511;39254;524907;698422;133312
FR;8;2022-10-31;195;254;1658;14503;138;1271;14764;21079;5026;4232;6339;51645;532421;3649;40525;539671;719501;138338
FR;8;2022-11-01;24;39;132;951;21;166;967;1587;452;4256;6378;51777;533372;3670;40691;540638;721088;138790
FR;8;2022-11-02;192;368;2368;23228;202;1966;23617;34876;9226;4448;6746;54145;556600;3872;42657;564255;755964;148016
FR;8;2022-11-03;307;412;3466;36812;251;2593;37450;54361;14221;4755;7158;57611;593412;4123;45250;601705;810325;162237
FR;8;2022-11-04;352;495;3777;40167;258;2972;40685;57902;14134;5107;7653;61388;633579;4381;48222;642390;868227;176371
FR;8;2022-11-05;112;182;1097;8742;117;847;8894;12834;3058;5219;7835;62485;642321;4498;49069;651284;881061;179429
FR;8;2022-11-06;41;56;223;1395;38;205;1426;2218;577;5260;7891;62708;643716;4536;49274;652710;883279;180006
FR;8;2022-11-07;223;274;2304;24588;200;1781;25162;37171;10162;5483;8165;65012;668304;4736;51055;677872;920450;190168
FR;8;2022-11-08;337;498;4313;48260;297;3235;49217;71258;18644;5820;8663;69325;716564;5033;54290;727089;991708;208812
FR;8;2022-11-09;255;364;2846;29091;205;2237;29760;44218;12141;6075;9027;72171;745655;5238;56527;756849;1035926;220953
FR;8;2022-11-10;362;529;3934;40118;301;3003;41034;60182;16008;6437;9556;76105;785773;5539;59530;797883;1096108;236961
FR;8;2022-11-11;39;63;242;1468;30;204;1515;2654;922;6476;9619;76347;787241;5569;59734;799398;1098762;237883
FR;8;2022-11-12;84;165;881;6425;79;686;6629;9884;2550;6560;9784;77228;793666;5648;60420;806027;1108646;240433
FR;8;2022-11-13;35;54;211;1107;34;171;1156;1910;577;6595;9838;77439;794773;5682;60591;807183;1110556;241010
FR;8;2022-11-14;225;302;2218;22334;161;1708;22862;34793;10151;6820;10140;79657;817107;5843;62299;830045;1145349;251161
FR;8;2022-11-15;333;416;3736;42121;251;2826;43039;64368;18373;7153;10556;83393;859228;6094;65125;873084;1209717;269534
FR;8;2022-11-16;292;344;2593;26260;210;2130;26718;41294;12362;7445;10900;85986;885488;6304;67255;899802;1251011;281896
FR;8;2022-11-17;358;423;3354;36654;282;2586;37232;56079;16164;7803;11323;89340;922142;6586;69841;937034;1307090;298060
FR;8;2022-11-18;337;459;4043;42128;278;2956;42965;63234;17209;8140;11782;93383;964270;6864;72797;979999;1370324;315269
FR;8;2022-11-19;118;177;1195;8926;115;835;9111;13710;3728;8258;11959;94578;973196;6979;73632;989110;1384034;318997
FR;8;2022-11-20;33;48;260;1581;33;216;1648;2637;769;8291;12007;94838;974777;7012;73848;990758;1386671;319766
FR;8;2022-11-21;206;298;2045;19899;171;1558;20425;31681;9635;8497;12305;96883;994676;7183;75406;1011183;1418352;329401
FR;8;2022-11-22;329;403;3424;37289;243;2626;37798;57537;17002;8826;12708;100307;1031965;7426;78032;1048981;1475889;346403
FR;8;2022-11-23;222;314;2385;24254;176;1987;24683;38880;12129;9048;13022;102692;1056219;7602;80019;1073664;1514769;358532
FR;8;2022-11-24;340;372;3340;34636;225;2537;35280;54630;16717;9388;13394;106032;1090855;7827;82556;1108944;1569399;375249
FR;8;2022-11-25;305;411;3607;37528;272;2599;38325;57420;16372;9693;13805;109639;1128383;8099;85155;1147269;1626819;391621
FR;8;2022-11-26;165;194;1174;8777;126;896;8936;13620;3757;9858;13999;110813;1137160;8225;86051;1156205;1640439;395378
FR;8;2022-11-27;43;40;224;1538;33;179;1552;2456;715;9901;14039;111037;1138698;8258;86230;1157757;1642895;396093
FR;8;2022-11-28;175;294;2284;23192;166;1679;23831;36933;11346;10076;14333;113321;1161890;8424;87909;1181588;1679828;407439
FR;8;2022-11-29;287;419;3924;43737;212;2891;44404;68530;21113;10363;14752;117245;1205627;8636;90800;1225992;1748358;428552
FR;8;2022-11-30;276;398;3328;34645;215;2506;35381;54220;16216;10639;15150;120573;1240272;8851;93306;1261373;1802578;444768
FR;8;2022-12-01;317;448;4387;48809;256;3013;49606;76664;23884;10956;15598;124960;1289081;9107;96319;1310979;1879242;468652
FR;8;2022-12-02;389;505;5375;57996;289;3678;59184;89032;25982;11345;16103;130335;1347077;9396;99997;1370163;1968274;494634
FR;8;2022-12-03;171;214;1900;16769;108;1310;17181;25682;7157;11516;16317;132235;1363846;9504;101307;1387344;1993956;501791
FR;8;2022-12-04;54;87;484;4023;57;399;4083;6230;1736;11570;16404;132719;1367869;9561;101706;1391427;2000186;503527
FR;8;2022-12-05;267;385;3784;42068;238;2455;42978;66299;20719;11837;16789;136503;1409937;9799;104161;1434405;2066485;524246
FR;8;2022-12-06;406;527;6241;73716;285;4154;75135;116793;37268;12243;17316;142744;1483653;10084;108315;1509540;2183278;561514
FR;8;2022-12-07;340;416;4844;54524;250;3176;55596;86642;27678;12583;17732;147588;1538177;10334;111491;1565136;2269920;589192
FR;8;2022-12-08;431;511;6338;74658;273;4088;76227;119013;38445;13014;18243;153926;1612835;10607;115579;1641363;2388933;627637
FR;8;2022-12-09;534;590;7889;90073;342;5100;91828;141253;44065;13548;18833;161815;1702908;10949;120679;1733191;2530186;671702
FR;8;2022-12-10;256;288;3313;31478;156;2066;32319;48323;13850;13804;19121;165128;1734386;11105;122745;1765510;2578509;685552
FR;8;2022-12-11;85;95;930;7751;62;630;7995;11747;3102;13889;19216;166058;1742137;11167;123375;1773505;2590256;688654
FR;8;2022-12-12;341;439;5715;63526;231;3618;64974;101644;32864;14230;19655;171773;1805663;11398;126993;1838479;2691900;721518
FR;8;2022-12-13;496;576;8256;97834;329;5043;100192;157557;52002;14726;20231;180029;1903497;11727;132036;1938671;2849457;773520
FR;8;2022-12-14;425;505;6207;68887;289;4051;70449;111058;36301;15151;20736;186236;1972384;12016;136087;2009120;2960515;809821
FR;8;2022-12-15;443;587;7851;89353;304;4926;91533;144784;48007;15594;21323;194087;2061737;12320;141013;2100653;3105299;857828
FR;8;2022-12-16;525;667;8522;97276;344;5421;99216;156362;51375;16119;21990;202609;2159013;12664;146434;2199869;3261661;909203
FR;8;2022-12-17;213;278;3006;28916;158;1891;29688;44812;13135;16332;22268;205615;2187929;12822;148325;2229557;3306473;922338
FR;8;2022-12-18;57;79;676;5617;39;448;5778;8625;2376;16389;22347;206291;2193546;12861;148773;2235335;3315098;924714
FR;9;2020-12-27;0;0;0;0;0;0;0;0;0;0;0;0;0;0;0;0;0;0
FR;9;2020-12-28;0;0;0;0;0;0;0;0;0;0;0;0;0;0;0;0;0;0
FR;9;2020-12-29;0;0;0;0;0;0;0;0;0;0;0;0;0;0;0;0;0;0
FR;9;2020-12-30;0;0;0;0;0;0;0;0;0;0;0;0;0;0;0;0;0;0
FR;9;2020-12-31;0;0;0;0;0;0;0;0;0;0;0;0;0;0;0;0;0;0
FR;9;2021-01-01;0;0;0;0;0;0;0;0;0;0;0;0;0;0;0;0;0;0
FR;9;2021-01-02;0;0;0;0;0;0;0;0;0;0;0;0;0;0;0;0;0;0
FR;9;2021-01-03;0;0;0;0;0;0;0;0;0;0;0;0;0;0;0;0;0;0
FR;9;2021-01-04;0;0;0;0;0;0;0;0;0;0;0;0;0;0;0;0;0;0
FR;9;2021-01-05;0;0;0;0;0;0;0;0;0;0;0;0;0;0;0;0;0;0
FR;9;2021-01-06;0;0;0;0;0;0;0;0;0;0;0;0;0;0;0;0;0;0
FR;9;2021-01-07;0;0;0;0;0;0;0;0;0;0;0;0;0;0;0;0;0;0
FR;9;2021-01-08;0;0;0;0;0;0;0;0;0;0;0;0;0;0;0;0;0;0
FR;9;2021-01-09;0;0;0;0;0;0;0;0;0;0;0;0;0;0;0;0;0;0
FR;9;2021-01-10;0;0;0;0;0;0;0;0;0;0;0;0;0;0;0;0;0;0
FR;9;2021-01-11;0;0;0;0;0;0;0;0;0;0;0;0;0;0;0;0;0;0
FR;9;2021-01-12;0;0;0;0;0;0;0;0;0;0;0;0;0;0;0;0;0;0
FR;9;2021-01-13;0;0;0;0;0;0;0;0;0;0;0;0;0;0;0;0;0;0
FR;9;2021-01-14;0;0;0;0;0;0;0;0;0;0;0;0;0;0;0;0;0;0
FR;9;2021-01-15;0;0;0;0;0;0;0;0;0;0;0;0;0;0;0;0;0;0
FR;9;2021-01-16;0;0;0;0;0;0;0;0;0;0;0;0;0;0;0;0;0;0
FR;9;2021-01-17;0;0;0;0;0;0;0;0;0;0;0;0;0;0;0;0;0;0
FR;9;2021-01-18;0;0;0;0;0;0;0;0;0;0;0;0;0;0;0;0;0;0
FR;9;2021-01-19;0;0;0;0;0;0;0;0;0;0;0;0;0;0;0;0;0;0
FR;9;2021-01-20;0;0;0;0;0;0;0;0;0;0;0;0;0;0;0;0;0;0
FR;9;2021-01-21;0;0;0;0;0;0;0;0;0;0;0;0;0;0;0;0;0;0
FR;9;2021-01-22;0;0;0;0;0;0;0;0;0;0;0;0;0;0;0;0;0;0
FR;9;2021-01-23;0;0;0;0;0;0;0;0;0;0;0;0;0;0;0;0;0;0
FR;9;2021-01-24;0;0;0;0;0;0;0;0;0;0;0;0;0;0;0;0;0;0
FR;9;2021-01-25;0;0;0;0;0;0;0;0;0;0;0;0;0;0;0;0;0;0
FR;9;2021-01-26;0;0;0;0;0;0;0;0;0;0;0;0;0;0;0;0;0;0
FR;9;2021-01-27;0;0;0;0;0;0;0;0;0;0;0;0;0;0;0;0;0;0
FR;9;2021-01-28;0;0;0;0;0;0;0;0;0;0;0;0;0;0;0;0;0;0
FR;9;2021-01-29;0;0;0;0;0;0;0;0;0;0;0;0;0;0;0;0;0;0
FR;9;2021-01-30;0;0;0;0;0;0;0;0;0;0;0;0;0;0;0;0;0;0
FR;9;2021-01-31;0;0;0;0;0;0;0;0;0;0;0;0;0;0;0;0;0;0
FR;9;2021-02-01;0;0;0;0;0;0;0;0;0;0;0;0;0;0;0;0;0;0
FR;9;2021-02-02;0;0;0;0;0;0;0;0;0;0;0;0;0;0;0;0;0;0
FR;9;2021-02-03;0;0;0;0;0;0;0;0;0;0;0;0;0;0;0;0;0;0
FR;9;2021-02-04;0;0;0;0;0;0;0;0;0;0;0;0;0;0;0;0;0;0
FR;9;2021-02-05;0;0;0;0;0;0;0;0;0;0;0;0;0;0;0;0;0;0
FR;9;2021-02-06;0;0;0;0;0;0;0;0;0;0;0;0;0;0;0;0;0;0
FR;9;2021-02-07;0;0;0;0;0;0;0;0;0;0;0;0;0;0;0;0;0;0
FR;9;2021-02-08;0;0;0;0;0;0;0;0;0;0;0;0;0;0;0;0;0;0
FR;9;2021-02-09;0;0;0;0;0;0;0;0;0;0;0;0;0;0;0;0;0;0
FR;9;2021-02-10;0;0;0;0;0;0;0;0;0;0;0;0;0;0;0;0;0;0
FR;9;2021-02-11;0;0;0;0;0;0;0;0;0;0;0;0;0;0;0;0;0;0
FR;9;2021-02-12;0;0;0;0;0;0;0;0;0;0;0;0;0;0;0;0;0;0
FR;9;2021-02-13;0;0;0;0;0;0;0;0;0;0;0;0;0;0;0;0;0;0
FR;9;2021-02-14;0;0;0;0;0;0;0;0;0;0;0;0;0;0;0;0;0;0
FR;9;2021-02-15;0;0;0;0;0;0;0;0;0;0;0;0;0;0;0;0;0;0
FR;9;2021-02-16;0;0;0;0;0;0;0;0;0;0;0;0;0;0;0;0;0;0
FR;9;2021-02-17;0;0;0;0;0;0;0;0;0;0;0;0;0;0;0;0;0;0
FR;9;2021-02-18;0;0;0;0;0;0;0;0;0;0;0;0;0;0;0;0;0;0
FR;9;2021-02-19;0;0;0;0;0;0;0;0;0;0;0;0;0;0;0;0;0;0
FR;9;2021-02-20;0;0;0;0;0;0;0;0;0;0;0;0;0;0;0;0;0;0
FR;9;2021-02-21;0;0;0;0;0;0;0;0;0;0;0;0;0;0;0;0;0;0
FR;9;2021-02-22;0;0;0;0;0;0;0;0;0;0;0;0;0;0;0;0;0;0
FR;9;2021-02-23;0;0;0;0;0;0;0;0;0;0;0;0;0;0;0;0;0;0
FR;9;2021-02-24;0;0;0;0;0;0;0;0;0;0;0;0;0;0;0;0;0;0
FR;9;2021-02-25;0;0;0;0;0;0;0;0;0;0;0;0;0;0;0;0;0;0
FR;9;2021-02-26;0;0;0;0;0;0;0;0;0;0;0;0;0;0;0;0;0;0
FR;9;2021-02-27;0;0;0;0;0;0;0;0;0;0;0;0;0;0;0;0;0;0
FR;9;2021-02-28;0;0;0;0;0;0;0;0;0;0;0;0;0;0;0;0;0;0
FR;9;2021-03-01;0;0;0;0;0;0;0;0;0;0;0;0;0;0;0;0;0;0
FR;9;2021-03-02;0;0;0;0;0;0;0;0;0;0;0;0;0;0;0;0;0;0
FR;9;2021-03-03;0;0;0;0;0;0;0;0;0;0;0;0;0;0;0;0;0;0
FR;9;2021-03-04;0;0;0;0;0;0;0;0;0;0;0;0;0;0;0;0;0;0
FR;9;2021-03-05;0;0;0;0;0;0;0;0;0;0;0;0;0;0;0;0;0;0
FR;9;2021-03-06;0;0;0;0;0;0;0;0;0;0;0;0;0;0;0;0;0;0
FR;9;2021-03-07;0;0;0;0;0;0;0;0;0;0;0;0;0;0;0;0;0;0
FR;9;2021-03-08;0;0;0;0;0;0;0;0;0;0;0;0;0;0;0;0;0;0
FR;9;2021-03-09;0;0;0;0;0;0;0;0;0;0;0;0;0;0;0;0;0;0
FR;9;2021-03-10;0;0;0;0;0;0;0;0;0;0;0;0;0;0;0;0;0;0
FR;9;2021-03-11;0;0;0;0;0;0;0;0;0;0;0;0;0;0;0;0;0;0
FR;9;2021-03-12;0;0;0;0;0;0;0;0;0;0;0;0;0;0;0;0;0;0
FR;9;2021-03-13;0;0;0;0;0;0;0;0;0;0;0;0;0;0;0;0;0;0
FR;9;2021-03-14;0;0;0;0;0;0;0;0;0;0;0;0;0;0;0;0;0;0
FR;9;2021-03-15;0;0;0;0;0;0;0;0;0;0;0;0;0;0;0;0;0;0
FR;9;2021-03-16;0;0;0;0;0;0;0;0;0;0;0;0;0;0;0;0;0;0
FR;9;2021-03-17;0;0;0;0;0;0;0;0;0;0;0;0;0;0;0;0;0;0
FR;9;2021-03-18;0;0;0;0;0;0;0;0;0;0;0;0;0;0;0;0;0;0
FR;9;2021-03-19;0;0;0;0;0;0;0;0;0;0;0;0;0;0;0;0;0;0
FR;9;2021-03-20;0;0;0;0;0;0;0;0;0;0;0;0;0;0;0;0;0;0
FR;9;2021-03-21;0;0;0;0;0;0;0;0;0;0;0;0;0;0;0;0;0;0
FR;9;2021-03-22;0;0;0;0;0;0;0;0;0;0;0;0;0;0;0;0;0;0
FR;9;2021-03-23;0;0;0;0;0;0;0;0;0;0;0;0;0;0;0;0;0;0
FR;9;2021-03-24;0;0;0;0;0;0;0;0;0;0;0;0;0;0;0;0;0;0
FR;9;2021-03-25;0;0;0;0;0;0;0;0;0;0;0;0;0;0;0;0;0;0
FR;9;2021-03-26;0;0;0;0;0;0;0;0;0;0;0;0;0;0;0;0;0;0
FR;9;2021-03-27;0;0;0;0;0;0;0;0;0;0;0;0;0;0;0;0;0;0
FR;9;2021-03-28;0;0;0;0;0;0;0;0;0;0;0;0;0;0;0;0;0;0
FR;9;2021-03-29;0;0;0;0;0;0;0;0;0;0;0;0;0;0;0;0;0;0
FR;9;2021-03-30;0;0;0;0;0;0;0;0;0;0;0;0;0;0;0;0;0;0
FR;9;2021-03-31;0;0;0;0;0;0;0;0;0;0;0;0;0;0;0;0;0;0
FR;9;2021-04-01;0;0;0;0;0;0;0;0;0;0;0;0;0;0;0;0;0;0
FR;9;2021-04-02;0;0;0;0;0;0;0;0;0;0;0;0;0;0;0;0;0;0
FR;9;2021-04-03;0;0;0;0;0;0;0;0;0;0;0;0;0;0;0;0;0;0
FR;9;2021-04-04;0;0;0;0;0;0;0;0;0;0;0;0;0;0;0;0;0;0
FR;9;2021-04-05;0;0;0;0;0;0;0;0;0;0;0;0;0;0;0;0;0;0
FR;9;2021-04-06;0;0;0;0;0;0;0;0;0;0;0;0;0;0;0;0;0;0
FR;9;2021-04-07;0;0;0;0;0;0;0;0;0;0;0;0;0;0;0;0;0;0
FR;9;2021-04-08;0;0;0;0;0;0;0;0;0;0;0;0;0;0;0;0;0;0
FR;9;2021-04-09;0;0;0;0;0;0;0;0;0;0;0;0;0;0;0;0;0;0
FR;9;2021-04-10;0;0;0;0;0;0;0;0;0;0;0;0;0;0;0;0;0;0
FR;9;2021-04-11;0;0;0;0;0;0;0;0;0;0;0;0;0;0;0;0;0;0
FR;9;2021-04-12;0;0;0;0;0;0;0;0;0;0;0;0;0;0;0;0;0;0
FR;9;2021-04-13;0;0;0;0;0;0;0;0;0;0;0;0;0;0;0;0;0;0
FR;9;2021-04-14;0;0;0;0;0;0;0;0;0;0;0;0;0;0;0;0;0;0
FR;9;2021-04-15;0;0;0;0;0;0;0;0;0;0;0;0;0;0;0;0;0;0
FR;9;2021-04-16;0;0;0;0;0;0;0;0;0;0;0;0;0;0;0;0;0;0
FR;9;2021-04-17;0;0;0;0;0;0;0;0;0;0;0;0;0;0;0;0;0;0
FR;9;2021-04-18;0;0;0;0;0;0;0;0;0;0;0;0;0;0;0;0;0;0
FR;9;2021-04-19;0;0;0;0;0;0;0;0;0;0;0;0;0;0;0;0;0;0
FR;9;2021-04-20;0;0;0;0;0;0;0;0;0;0;0;0;0;0;0;0;0;0
FR;9;2021-04-21;0;0;0;0;0;0;0;0;0;0;0;0;0;0;0;0;0;0
FR;9;2021-04-22;0;0;0;0;0;0;0;0;0;0;0;0;0;0;0;0;0;0
FR;9;2021-04-23;0;0;0;0;0;0;0;0;0;0;0;0;0;0;0;0;0;0
FR;9;2021-04-24;0;0;0;0;0;0;0;0;0;0;0;0;0;0;0;0;0;0
FR;9;2021-04-25;0;0;0;0;0;0;0;0;0;0;0;0;0;0;0;0;0;0
FR;9;2021-04-26;0;0;0;0;0;0;0;0;0;0;0;0;0;0;0;0;0;0
FR;9;2021-04-27;0;0;0;0;0;0;0;0;0;0;0;0;0;0;0;0;0;0
FR;9;2021-04-28;0;0;0;0;0;0;0;0;0;0;0;0;0;0;0;0;0;0
FR;9;2021-04-29;0;0;0;0;0;0;0;0;0;0;0;0;0;0;0;0;0;0
FR;9;2021-04-30;0;0;0;0;0;0;0;0;0;0;0;0;0;0;0;0;0;0
FR;9;2021-05-01;0;0;0;0;0;0;0;0;0;0;0;0;0;0;0;0;0;0
FR;9;2021-05-02;0;0;0;0;0;0;0;0;0;0;0;0;0;0;0;0;0;0
FR;9;2021-05-03;0;0;0;0;0;0;0;0;0;0;0;0;0;0;0;0;0;0
FR;9;2021-05-04;0;0;0;0;0;0;0;0;0;0;0;0;0;0;0;0;0;0
FR;9;2021-05-05;0;0;0;0;0;0;0;0;0;0;0;0;0;0;0;0;0;0
FR;9;2021-05-06;0;0;0;0;0;0;0;0;0;0;0;0;0;0;0;0;0;0
FR;9;2021-05-07;0;0;0;0;0;0;0;0;0;0;0;0;0;0;0;0;0;0
FR;9;2021-05-08;0;0;0;0;0;0;0;0;0;0;0;0;0;0;0;0;0;0
FR;9;2021-05-09;0;0;0;0;0;0;0;0;0;0;0;0;0;0;0;0;0;0
FR;9;2021-05-10;0;0;0;0;0;0;0;0;0;0;0;0;0;0;0;0;0;0
FR;9;2021-05-11;0;0;0;0;0;0;0;0;0;0;0;0;0;0;0;0;0;0
FR;9;2021-05-12;0;0;0;0;0;0;0;0;0;0;0;0;0;0;0;0;0;0
FR;9;2021-05-13;0;0;0;0;0;0;0;0;0;0;0;0;0;0;0;0;0;0
FR;9;2021-05-14;0;0;0;0;0;0;0;0;0;0;0;0;0;0;0;0;0;0
FR;9;2021-05-15;0;0;0;0;0;0;0;0;0;0;0;0;0;0;0;0;0;0
FR;9;2021-05-16;0;0;0;0;0;0;0;0;0;0;0;0;0;0;0;0;0;0
FR;9;2021-05-17;0;0;0;0;0;0;0;0;0;0;0;0;0;0;0;0;0;0
FR;9;2021-05-18;0;0;0;0;0;0;0;0;0;0;0;0;0;0;0;0;0;0
FR;9;2021-05-19;0;0;0;0;0;0;0;0;0;0;0;0;0;0;0;0;0;0
FR;9;2021-05-20;0;0;0;0;0;0;0;0;0;0;0;0;0;0;0;0;0;0
FR;9;2021-05-21;0;0;0;0;0;0;0;0;0;0;0;0;0;0;0;0;0;0
FR;9;2021-05-22;0;0;0;0;0;0;0;0;0;0;0;0;0;0;0;0;0;0
FR;9;2021-05-23;0;0;0;0;0;0;0;0;0;0;0;0;0;0;0;0;0;0
FR;9;2021-05-24;0;0;0;0;0;0;0;0;0;0;0;0;0;0;0;0;0;0
FR;9;2021-05-25;0;0;0;0;0;0;0;0;0;0;0;0;0;0;0;0;0;0
FR;9;2021-05-26;0;0;0;0;0;0;0;0;0;0;0;0;0;0;0;0;0;0
FR;9;2021-05-27;0;0;0;0;0;0;0;0;0;0;0;0;0;0;0;0;0;0
FR;9;2021-05-28;0;0;0;0;0;0;0;0;0;0;0;0;0;0;0;0;0;0
FR;9;2021-05-29;0;0;0;0;0;0;0;0;0;0;0;0;0;0;0;0;0;0
FR;9;2021-05-30;0;0;0;0;0;0;0;0;0;0;0;0;0;0;0;0;0;0
FR;9;2021-05-31;0;0;0;0;0;0;0;0;0;0;0;0;0;0;0;0;0;0
FR;9;2021-06-01;0;0;0;0;0;0;0;0;0;0;0;0;0;0;0;0;0;0
FR;9;2021-06-02;0;0;0;0;0;0;0;0;0;0;0;0;0;0;0;0;0;0
FR;9;2021-06-03;0;0;0;0;0;0;0;0;0;0;0;0;0;0;0;0;0;0
FR;9;2021-06-04;0;0;0;0;0;0;0;0;0;0;0;0;0;0;0;0;0;0
FR;9;2021-06-05;0;0;0;0;0;0;0;0;0;0;0;0;0;0;0;0;0;0
FR;9;2021-06-06;0;0;0;0;0;0;0;0;0;0;0;0;0;0;0;0;0;0
FR;9;2021-06-07;0;0;0;0;0;0;0;0;0;0;0;0;0;0;0;0;0;0
FR;9;2021-06-08;0;0;0;0;0;0;0;0;0;0;0;0;0;0;0;0;0;0
FR;9;2021-06-09;0;0;0;0;0;0;0;0;0;0;0;0;0;0;0;0;0;0
FR;9;2021-06-10;0;0;0;0;0;0;0;0;0;0;0;0;0;0;0;0;0;0
FR;9;2021-06-11;0;0;0;0;0;0;0;0;0;0;0;0;0;0;0;0;0;0
FR;9;2021-06-12;0;0;0;0;0;0;0;0;0;0;0;0;0;0;0;0;0;0
FR;9;2021-06-13;0;0;0;0;0;0;0;0;0;0;0;0;0;0;0;0;0;0
FR;9;2021-06-14;0;0;0;0;0;0;0;0;0;0;0;0;0;0;0;0;0;0
FR;9;2021-06-15;0;0;0;0;0;0;0;0;0;0;0;0;0;0;0;0;0;0
FR;9;2021-06-16;0;0;0;0;0;0;0;0;0;0;0;0;0;0;0;0;0;0
FR;9;2021-06-17;0;0;0;0;0;0;0;0;0;0;0;0;0;0;0;0;0;0
FR;9;2021-06-18;0;0;0;0;0;0;0;0;0;0;0;0;0;0;0;0;0;0
FR;9;2021-06-19;0;0;0;0;0;0;0;0;0;0;0;0;0;0;0;0;0;0
FR;9;2021-06-20;0;0;0;0;0;0;0;0;0;0;0;0;0;0;0;0;0;0
FR;9;2021-06-21;0;0;0;0;0;0;0;0;0;0;0;0;0;0;0;0;0;0
FR;9;2021-06-22;0;0;0;0;0;0;0;0;0;0;0;0;0;0;0;0;0;0
FR;9;2021-06-23;0;0;0;0;0;0;0;0;0;0;0;0;0;0;0;0;0;0
FR;9;2021-06-24;0;0;0;0;0;0;0;0;0;0;0;0;0;0;0;0;0;0
FR;9;2021-06-25;0;0;0;0;0;0;0;0;0;0;0;0;0;0;0;0;0;0
FR;9;2021-06-26;0;0;0;0;0;0;0;0;0;0;0;0;0;0;0;0;0;0
FR;9;2021-06-27;0;0;0;0;0;0;0;0;0;0;0;0;0;0;0;0;0;0
FR;9;2021-06-28;0;0;0;0;0;0;0;0;0;0;0;0;0;0;0;0;0;0
FR;9;2021-06-29;0;0;0;0;0;0;0;0;0;0;0;0;0;0;0;0;0;0
FR;9;2021-06-30;0;0;0;0;0;0;0;0;0;0;0;0;0;0;0;0;0;0
FR;9;2021-07-01;0;0;0;0;0;0;0;0;0;0;0;0;0;0;0;0;0;0
FR;9;2021-07-02;0;0;0;0;0;0;0;0;0;0;0;0;0;0;0;0;0;0
FR;9;2021-07-03;0;0;0;0;0;0;0;0;0;0;0;0;0;0;0;0;0;0
FR;9;2021-07-04;0;0;0;0;0;0;0;0;0;0;0;0;0;0;0;0;0;0
FR;9;2021-07-05;0;0;0;0;0;0;0;0;0;0;0;0;0;0;0;0;0;0
FR;9;2021-07-06;0;0;0;0;0;0;0;0;0;0;0;0;0;0;0;0;0;0
FR;9;2021-07-07;0;0;0;0;0;0;0;0;0;0;0;0;0;0;0;0;0;0
FR;9;2021-07-08;0;0;0;0;0;0;0;0;0;0;0;0;0;0;0;0;0;0
FR;9;2021-07-09;0;0;0;0;0;0;0;0;0;0;0;0;0;0;0;0;0;0
FR;9;2021-07-10;0;0;0;0;0;0;0;0;0;0;0;0;0;0;0;0;0;0
FR;9;2021-07-11;0;0;0;0;0;0;0;0;0;0;0;0;0;0;0;0;0;0
FR;9;2021-07-12;0;0;0;0;0;0;0;0;0;0;0;0;0;0;0;0;0;0
FR;9;2021-07-13;0;0;0;0;0;0;0;0;0;0;0;0;0;0;0;0;0;0
FR;9;2021-07-14;0;0;0;0;0;0;0;0;0;0;0;0;0;0;0;0;0;0
FR;9;2021-07-15;0;0;0;0;0;0;0;0;0;0;0;0;0;0;0;0;0;0
FR;9;2021-07-16;0;0;0;0;0;0;0;0;0;0;0;0;0;0;0;0;0;0
FR;9;2021-07-17;0;0;0;0;0;0;0;0;0;0;0;0;0;0;0;0;0;0
FR;9;2021-07-18;0;0;0;0;0;0;0;0;0;0;0;0;0;0;0;0;0;0
FR;9;2021-07-19;0;0;0;0;0;0;0;0;0;0;0;0;0;0;0;0;0;0
FR;9;2021-07-20;0;0;0;0;0;0;0;0;0;0;0;0;0;0;0;0;0;0
FR;9;2021-07-21;0;0;0;0;0;0;0;0;0;0;0;0;0;0;0;0;0;0
FR;9;2021-07-22;0;0;0;0;0;0;0;0;0;0;0;0;0;0;0;0;0;0
FR;9;2021-07-23;0;0;0;0;0;0;0;0;0;0;0;0;0;0;0;0;0;0
FR;9;2021-07-24;0;0;0;0;0;0;0;0;0;0;0;0;0;0;0;0;0;0
FR;9;2021-07-25;0;0;0;0;0;0;0;0;0;0;0;0;0;0;0;0;0;0
FR;9;2021-07-26;0;0;0;0;0;0;0;0;0;0;0;0;0;0;0;0;0;0
FR;9;2021-07-27;0;0;0;0;0;0;0;0;0;0;0;0;0;0;0;0;0;0
FR;9;2021-07-28;0;0;0;0;0;0;0;0;0;0;0;0;0;0;0;0;0;0
FR;9;2021-07-29;0;0;0;0;0;0;0;0;0;0;0;0;0;0;0;0;0;0
FR;9;2021-07-30;0;0;0;0;0;0;0;0;0;0;0;0;0;0;0;0;0;0
FR;9;2021-07-31;0;0;0;0;0;0;0;0;0;0;0;0;0;0;0;0;0;0
FR;9;2021-08-01;0;0;0;0;0;0;0;0;0;0;0;0;0;0;0;0;0;0
FR;9;2021-08-02;0;0;0;0;0;0;0;0;0;0;0;0;0;0;0;0;0;0
FR;9;2021-08-03;0;0;0;0;0;0;0;0;0;0;0;0;0;0;0;0;0;0
FR;9;2021-08-04;0;0;0;0;0;0;0;0;0;0;0;0;0;0;0;0;0;0
FR;9;2021-08-05;0;0;0;0;0;0;0;0;0;0;0;0;0;0;0;0;0;0
FR;9;2021-08-06;0;0;0;0;0;0;0;0;0;0;0;0;0;0;0;0;0;0
FR;9;2021-08-07;0;0;0;0;0;0;0;0;0;0;0;0;0;0;0;0;0;0
FR;9;2021-08-08;0;0;0;0;0;0;0;0;0;0;0;0;0;0;0;0;0;0
FR;9;2021-08-09;0;0;0;0;0;0;0;0;0;0;0;0;0;0;0;0;0;0
FR;9;2021-08-10;0;0;0;0;0;0;0;0;0;0;0;0;0;0;0;0;0;0
FR;9;2021-08-11;0;0;0;0;0;0;0;0;0;0;0;0;0;0;0;0;0;0
FR;9;2021-08-12;0;0;0;0;0;0;0;0;0;0;0;0;0;0;0;0;0;0
FR;9;2021-08-13;0;0;0;0;0;0;0;0;0;0;0;0;0;0;0;0;0;0
FR;9;2021-08-14;0;0;0;0;0;0;0;0;0;0;0;0;0;0;0;0;0;0
FR;9;2021-08-15;0;0;0;0;0;0;0;0;0;0;0;0;0;0;0;0;0;0
FR;9;2021-08-16;0;0;0;0;0;0;0;0;0;0;0;0;0;0;0;0;0;0
FR;9;2021-08-17;0;0;0;0;0;0;0;0;0;0;0;0;0;0;0;0;0;0
FR;9;2021-08-18;0;0;0;0;0;0;0;0;0;0;0;0;0;0;0;0;0;0
FR;9;2021-08-19;0;0;0;0;0;0;0;0;0;0;0;0;0;0;0;0;0;0
FR;9;2021-08-20;0;0;0;0;0;0;0;0;0;0;0;0;0;0;0;0;0;0
FR;9;2021-08-21;0;0;0;0;0;0;0;0;0;0;0;0;0;0;0;0;0;0
FR;9;2021-08-22;0;0;0;0;0;0;0;0;0;0;0;0;0;0;0;0;0;0
FR;9;2021-08-23;0;0;0;0;0;0;0;0;0;0;0;0;0;0;0;0;0;0
FR;9;2021-08-24;0;0;0;0;0;0;0;0;0;0;0;0;0;0;0;0;0;0
FR;9;2021-08-25;0;0;0;0;0;0;0;0;0;0;0;0;0;0;0;0;0;0
FR;9;2021-08-26;0;0;0;0;0;0;0;0;0;0;0;0;0;0;0;0;0;0
FR;9;2021-08-27;0;0;0;0;0;0;0;0;0;0;0;0;0;0;0;0;0;0
FR;9;2021-08-28;0;0;0;0;0;0;0;0;0;0;0;0;0;0;0;0;0;0
FR;9;2021-08-29;0;0;0;0;0;0;0;0;0;0;0;0;0;0;0;0;0;0
FR;9;2021-08-30;0;0;0;0;0;0;0;0;0;0;0;0;0;0;0;0;0;0
FR;9;2021-08-31;0;0;0;0;0;0;0;0;0;0;0;0;0;0;0;0;0;0
FR;9;2021-09-01;0;0;0;0;0;0;0;0;0;0;0;0;0;0;0;0;0;0
FR;9;2021-09-02;0;0;0;0;0;0;0;0;0;0;0;0;0;0;0;0;0;0
FR;9;2021-09-03;0;0;0;0;0;0;0;0;0;0;0;0;0;0;0;0;0;0
FR;9;2021-09-04;0;0;0;0;0;0;0;0;0;0;0;0;0;0;0;0;0;0
FR;9;2021-09-05;0;0;0;0;0;0;0;0;0;0;0;0;0;0;0;0;0;0
FR;9;2021-09-06;0;0;0;0;0;0;0;0;0;0;0;0;0;0;0;0;0;0
FR;9;2021-09-07;0;0;0;0;0;0;0;0;0;0;0;0;0;0;0;0;0;0
FR;9;2021-09-08;0;0;0;0;0;0;0;0;0;0;0;0;0;0;0;0;0;0
FR;9;2021-09-09;0;0;0;0;0;0;0;0;0;0;0;0;0;0;0;0;0;0
FR;9;2021-09-10;0;0;0;0;0;0;0;0;0;0;0;0;0;0;0;0;0;0
FR;9;2021-09-11;0;0;0;0;0;0;0;0;0;0;0;0;0;0;0;0;0;0
FR;9;2021-09-12;0;0;0;0;0;0;0;0;0;0;0;0;0;0;0;0;0;0
FR;9;2021-09-13;0;0;0;0;0;0;0;0;0;0;0;0;0;0;0;0;0;0
FR;9;2021-09-14;0;0;0;0;0;0;0;0;0;0;0;0;0;0;0;0;0;0
FR;9;2021-09-15;0;0;0;0;0;0;0;0;0;0;0;0;0;0;0;0;0;0
FR;9;2021-09-16;0;0;0;0;0;0;0;0;0;0;0;0;0;0;0;0;0;0
FR;9;2021-09-17;0;0;0;0;0;0;0;0;0;0;0;0;0;0;0;0;0;0
FR;9;2021-09-18;0;0;0;0;0;0;0;0;0;0;0;0;0;0;0;0;0;0
FR;9;2021-09-19;0;0;0;0;0;0;0;0;0;0;0;0;0;0;0;0;0;0
FR;9;2021-09-20;0;0;0;0;0;0;0;0;0;0;0;0;0;0;0;0;0;0
FR;9;2021-09-21;0;0;0;0;0;0;0;0;0;0;0;0;0;0;0;0;0;0
FR;9;2021-09-22;0;0;0;0;0;0;0;0;0;0;0;0;0;0;0;0;0;0
FR;9;2021-09-23;0;0;0;0;0;0;0;0;0;0;0;0;0;0;0;0;0;0
FR;9;2021-09-24;0;0;0;0;0;0;0;0;0;0;0;0;0;0;0;0;0;0
FR;9;2021-09-25;0;0;0;0;0;0;0;0;0;0;0;0;0;0;0;0;0;0
FR;9;2021-09-26;0;0;0;0;0;0;0;0;0;0;0;0;0;0;0;0;0;0
FR;9;2021-09-27;0;0;0;0;0;0;0;0;0;0;0;0;0;0;0;0;0;0
FR;9;2021-09-28;0;0;0;0;0;0;0;0;0;0;0;0;0;0;0;0;0;0
FR;9;2021-09-29;0;0;0;0;0;0;0;0;0;0;0;0;0;0;0;0;0;0
FR;9;2021-09-30;0;0;0;0;0;0;0;0;0;0;0;0;0;0;0;0;0;0
FR;9;2021-10-01;0;0;0;0;0;0;0;0;0;0;0;0;0;0;0;0;0;0
FR;9;2021-10-02;0;0;0;0;0;0;0;0;0;0;0;0;0;0;0;0;0;0
FR;9;2021-10-03;0;0;0;0;0;0;0;0;0;0;0;0;0;0;0;0;0;0
FR;9;2021-10-04;0;0;0;0;0;0;0;0;0;0;0;0;0;0;0;0;0;0
FR;9;2021-10-05;0;0;0;0;0;0;0;0;0;0;0;0;0;0;0;0;0;0
FR;9;2021-10-06;0;0;0;0;0;0;0;0;0;0;0;0;0;0;0;0;0;0
FR;9;2021-10-07;0;0;0;0;0;0;0;0;0;0;0;0;0;0;0;0;0;0
FR;9;2021-10-08;0;0;0;0;0;0;0;0;0;0;0;0;0;0;0;0;0;0
FR;9;2021-10-09;0;0;0;0;0;0;0;0;0;0;0;0;0;0;0;0;0;0
FR;9;2021-10-10;0;0;0;0;0;0;0;0;0;0;0;0;0;0;0;0;0;0
FR;9;2021-10-11;0;0;0;0;0;0;0;0;0;0;0;0;0;0;0;0;0;0
FR;9;2021-10-12;0;0;0;0;0;0;0;0;0;0;0;0;0;0;0;0;0;0
FR;9;2021-10-13;0;0;0;0;0;0;0;0;0;0;0;0;0;0;0;0;0;0
FR;9;2021-10-14;0;0;0;0;0;0;0;0;0;0;0;0;0;0;0;0;0;0
FR;9;2021-10-15;0;0;0;0;0;0;0;0;0;0;0;0;0;0;0;0;0;0
FR;9;2021-10-16;0;0;0;0;0;0;0;0;0;0;0;0;0;0;0;0;0;0
FR;9;2021-10-17;0;0;0;0;0;0;0;0;0;0;0;0;0;0;0;0;0;0
FR;9;2021-10-18;0;0;0;0;0;0;0;0;0;0;0;0;0;0;0;0;0;0
FR;9;2021-10-19;0;0;0;0;0;0;0;0;0;0;0;0;0;0;0;0;0;0
FR;9;2021-10-20;0;0;0;0;0;0;0;0;0;0;0;0;0;0;0;0;0;0
FR;9;2021-10-21;0;0;0;0;0;0;0;0;0;0;0;0;0;0;0;0;0;0
FR;9;2021-10-22;0;0;0;0;0;0;0;0;0;0;0;0;0;0;0;0;0;0
FR;9;2021-10-23;0;0;0;0;0;0;0;0;0;0;0;0;0;0;0;0;0;0
FR;9;2021-10-24;0;0;0;0;0;0;0;0;0;0;0;0;0;0;0;0;0;0
FR;9;2021-10-25;0;0;0;0;0;0;0;0;0;0;0;0;0;0;0;0;0;0
FR;9;2021-10-26;0;0;0;0;0;0;0;0;0;0;0;0;0;0;0;0;0;0
FR;9;2021-10-27;0;0;0;0;0;0;0;0;0;0;0;0;0;0;0;0;0;0
FR;9;2021-10-28;0;0;0;0;0;0;0;0;0;0;0;0;0;0;0;0;0;0
FR;9;2021-10-29;0;0;0;0;0;0;0;0;0;0;0;0;0;0;0;0;0;0
FR;9;2021-10-30;0;0;0;0;0;0;0;0;0;0;0;0;0;0;0;0;0;0
FR;9;2021-10-31;0;0;0;0;0;0;0;0;0;0;0;0;0;0;0;0;0;0
FR;9;2021-11-01;0;0;0;0;0;0;0;0;0;0;0;0;0;0;0;0;0;0
FR;9;2021-11-02;0;0;0;0;0;0;0;0;0;0;0;0;0;0;0;0;0;0
FR;9;2021-11-03;0;0;0;0;0;0;0;0;0;0;0;0;0;0;0;0;0;0
FR;9;2021-11-04;0;0;0;0;0;0;0;0;0;0;0;0;0;0;0;0;0;0
FR;9;2021-11-05;0;0;0;0;0;0;0;0;0;0;0;0;0;0;0;0;0;0
FR;9;2021-11-06;0;0;0;0;0;0;0;0;0;0;0;0;0;0;0;0;0;0
FR;9;2021-11-07;0;0;0;0;0;0;0;0;0;0;0;0;0;0;0;0;0;0
FR;9;2021-11-08;0;0;0;0;0;0;0;0;0;0;0;0;0;0;0;0;0;0
FR;9;2021-11-09;0;0;0;0;0;0;0;0;0;0;0;0;0;0;0;0;0;0
FR;9;2021-11-10;0;0;0;0;0;0;0;0;0;0;0;0;0;0;0;0;0;0
FR;9;2021-11-11;0;0;0;0;0;0;0;0;0;0;0;0;0;0;0;0;0;0
FR;9;2021-11-12;0;0;0;0;0;0;0;0;0;0;0;0;0;0;0;0;0;0
FR;9;2021-11-13;0;0;0;0;0;0;0;0;0;0;0;0;0;0;0;0;0;0
FR;9;2021-11-14;0;0;0;0;0;0;0;0;0;0;0;0;0;0;0;0;0;0
FR;9;2021-11-15;0;0;0;0;0;0;0;0;0;0;0;0;0;0;0;0;0;0
FR;9;2021-11-16;0;0;0;0;0;0;0;0;0;0;0;0;0;0;0;0;0;0
FR;9;2021-11-17;0;0;0;0;0;0;0;0;0;0;0;0;0;0;0;0;0;0
FR;9;2021-11-18;0;0;0;0;0;0;0;0;0;0;0;0;0;0;0;0;0;0
FR;9;2021-11-19;0;0;0;0;0;0;0;0;0;0;0;0;0;0;0;0;0;0
FR;9;2021-11-20;0;0;0;0;0;0;0;0;0;0;0;0;0;0;0;0;0;0
FR;9;2021-11-21;0;0;0;0;0;0;0;0;0;0;0;0;0;0;0;0;0;0
FR;9;2021-11-22;0;0;0;0;0;0;0;0;0;0;0;0;0;0;0;0;0;0
FR;9;2021-11-23;0;0;0;0;0;0;0;0;0;0;0;0;0;0;0;0;0;0
FR;9;2021-11-24;0;0;0;0;0;0;0;0;0;0;0;0;0;0;0;0;0;0
FR;9;2021-11-25;0;0;0;0;0;0;0;0;0;0;0;0;0;0;0;0;0;0
FR;9;2021-11-26;0;0;0;0;0;0;0;0;0;0;0;0;0;0;0;0;0;0
FR;9;2021-11-27;0;0;0;0;0;0;0;0;0;0;0;0;0;0;0;0;0;0
FR;9;2021-11-28;0;0;0;0;0;0;0;0;0;0;0;0;0;0;0;0;0;0
FR;9;2021-11-29;0;0;0;0;0;0;0;0;0;0;0;0;0;0;0;0;0;0
FR;9;2021-11-30;0;0;0;0;0;0;0;0;0;0;0;0;0;0;0;0;0;0
FR;9;2021-12-01;0;0;0;0;0;0;0;0;0;0;0;0;0;0;0;0;0;0
FR;9;2021-12-02;0;0;0;0;0;0;0;0;0;0;0;0;0;0;0;0;0;0
FR;9;2021-12-03;0;0;0;0;0;0;0;0;0;0;0;0;0;0;0;0;0;0
FR;9;2021-12-04;0;0;0;0;0;0;0;0;0;0;0;0;0;0;0;0;0;0
FR;9;2021-12-05;0;0;0;0;0;0;0;0;0;0;0;0;0;0;0;0;0;0
FR;9;2021-12-06;0;0;0;0;0;0;0;0;0;0;0;0;0;0;0;0;0;0
FR;9;2021-12-07;0;0;0;0;0;0;0;0;0;0;0;0;0;0;0;0;0;0
FR;9;2021-12-08;0;0;0;0;0;0;0;0;0;0;0;0;0;0;0;0;0;0
FR;9;2021-12-09;0;0;0;0;0;0;0;0;0;0;0;0;0;0;0;0;0;0
FR;9;2021-12-10;0;0;0;0;0;0;0;0;0;0;0;0;0;0;0;0;0;0
FR;9;2021-12-11;0;0;0;0;0;0;0;0;0;0;0;0;0;0;0;0;0;0
FR;9;2021-12-12;0;0;0;0;0;0;0;0;0;0;0;0;0;0;0;0;0;0
FR;9;2021-12-13;0;0;0;0;0;0;0;0;0;0;0;0;0;0;0;0;0;0
FR;9;2021-12-14;0;0;0;0;0;0;0;0;0;0;0;0;0;0;0;0;0;0
FR;9;2021-12-15;0;0;0;0;0;0;0;0;0;0;0;0;0;0;0;0;0;0
FR;9;2021-12-16;0;0;0;0;0;0;0;0;0;0;0;0;0;0;0;0;0;0
FR;9;2021-12-17;0;0;0;0;0;0;0;0;0;0;0;0;0;0;0;0;0;0
FR;9;2021-12-18;0;0;0;0;0;0;0;0;0;0;0;0;0;0;0;0;0;0
FR;9;2021-12-19;0;0;0;0;0;0;0;0;0;0;0;0;0;0;0;0;0;0
FR;9;2021-12-20;0;0;0;0;0;0;0;0;0;0;0;0;0;0;0;0;0;0
FR;9;2021-12-21;0;0;0;0;0;0;0;0;0;0;0;0;0;0;0;0;0;0
FR;9;2021-12-22;0;0;0;0;0;0;0;0;0;0;0;0;0;0;0;0;0;0
FR;9;2021-12-23;0;0;0;0;0;0;0;0;0;0;0;0;0;0;0;0;0;0
FR;9;2021-12-24;0;0;0;0;0;0;0;0;0;0;0;0;0;0;0;0;0;0
FR;9;2021-12-25;0;0;0;0;0;0;0;0;0;0;0;0;0;0;0;0;0;0
FR;9;2021-12-26;0;0;0;0;0;0;0;0;0;0;0;0;0;0;0;0;0;0
FR;9;2021-12-27;0;0;0;0;0;0;0;0;0;0;0;0;0;0;0;0;0;0
FR;9;2021-12-28;0;0;0;0;0;0;0;0;0;0;0;0;0;0;0;0;0;0
FR;9;2021-12-29;0;0;0;0;0;0;0;0;0;0;0;0;0;0;0;0;0;0
FR;9;2021-12-30;0;0;0;0;0;0;0;0;0;0;0;0;0;0;0;0;0;0
FR;9;2021-12-31;0;0;0;0;0;0;0;0;0;0;0;0;0;0;0;0;0;0
FR;9;2022-01-01;0;0;0;0;0;0;0;0;0;0;0;0;0;0;0;0;0;0
FR;9;2022-01-02;0;0;0;0;0;0;0;0;0;0;0;0;0;0;0;0;0;0
FR;9;2022-01-03;0;0;0;0;0;0;0;0;0;0;0;0;0;0;0;0;0;0
FR;9;2022-01-04;0;0;0;0;0;0;0;0;0;0;0;0;0;0;0;0;0;0
FR;9;2022-01-05;0;0;0;0;0;0;0;0;0;0;0;0;0;0;0;0;0;0
FR;9;2022-01-06;0;0;0;0;0;0;0;0;0;0;0;0;0;0;0;0;0;0
FR;9;2022-01-07;0;0;0;0;0;0;0;0;0;0;0;0;0;0;0;0;0;0
FR;9;2022-01-08;0;0;0;0;0;0;0;0;0;0;0;0;0;0;0;0;0;0
FR;9;2022-01-09;0;0;0;0;0;0;0;0;0;0;0;0;0;0;0;0;0;0
FR;9;2022-01-10;0;0;0;0;0;0;0;0;0;0;0;0;0;0;0;0;0;0
FR;9;2022-01-11;0;0;0;0;0;0;0;0;0;0;0;0;0;0;0;0;0;0
FR;9;2022-01-12;0;0;0;0;0;0;0;0;0;0;0;0;0;0;0;0;0;0
FR;9;2022-01-13;0;0;0;0;0;0;0;0;0;0;0;0;0;0;0;0;0;0
FR;9;2022-01-14;0;0;0;0;0;0;0;0;0;0;0;0;0;0;0;0;0;0
FR;9;2022-01-15;0;0;0;0;0;0;0;0;0;0;0;0;0;0;0;0;0;0
FR;9;2022-01-16;0;0;0;0;0;0;0;0;0;0;0;0;0;0;0;0;0;0
FR;9;2022-01-17;0;0;0;0;0;0;0;0;0;0;0;0;0;0;0;0;0;0
FR;9;2022-01-18;0;0;0;0;0;0;0;0;0;0;0;0;0;0;0;0;0;0
FR;9;2022-01-19;0;0;0;0;0;0;0;0;0;0;0;0;0;0;0;0;0;0
FR;9;2022-01-20;0;0;0;0;0;0;0;0;0;0;0;0;0;0;0;0;0;0
FR;9;2022-01-21;0;0;0;0;0;0;0;0;0;0;0;0;0;0;0;0;0;0
FR;9;2022-01-22;0;0;0;0;0;0;0;0;0;0;0;0;0;0;0;0;0;0
FR;9;2022-01-23;0;0;0;0;0;0;0;0;0;0;0;0;0;0;0;0;0;0
FR;9;2022-01-24;0;0;0;0;0;0;0;0;0;0;0;0;0;0;0;0;0;0
FR;9;2022-01-25;0;0;0;0;0;0;0;0;0;0;0;0;0;0;0;0;0;0
FR;9;2022-01-26;0;0;0;0;0;0;0;0;0;0;0;0;0;0;0;0;0;0
FR;9;2022-01-27;0;0;0;0;0;0;0;0;0;0;0;0;0;0;0;0;0;0
FR;9;2022-01-28;0;0;0;0;0;0;0;0;0;0;0;0;0;0;0;0;0;0
FR;9;2022-01-29;0;0;0;0;0;0;0;0;0;0;0;0;0;0;0;0;0;0
FR;9;2022-01-30;0;0;0;0;0;0;0;0;0;0;0;0;0;0;0;0;0;0
FR;9;2022-01-31;0;0;0;0;0;0;0;0;0;0;0;0;0;0;0;0;0;0
FR;9;2022-02-01;0;0;0;0;0;0;0;0;0;0;0;0;0;0;0;0;0;0
FR;9;2022-02-02;0;0;0;0;0;0;0;0;0;0;0;0;0;0;0;0;0;0
FR;9;2022-02-03;0;0;0;0;0;0;0;0;0;0;0;0;0;0;0;0;0;0
FR;9;2022-02-04;0;0;0;0;0;0;0;0;0;0;0;0;0;0;0;0;0;0
FR;9;2022-02-05;0;0;0;0;0;0;0;0;0;0;0;0;0;0;0;0;0;0
FR;9;2022-02-06;0;0;0;0;0;0;0;0;0;0;0;0;0;0;0;0;0;0
FR;9;2022-02-07;0;0;0;0;0;0;0;0;0;0;0;0;0;0;0;0;0;0
FR;9;2022-02-08;0;0;0;0;0;0;0;0;0;0;0;0;0;0;0;0;0;0
FR;9;2022-02-09;0;0;0;0;0;0;0;0;0;0;0;0;0;0;0;0;0;0
FR;9;2022-02-10;0;0;0;0;0;0;0;0;0;0;0;0;0;0;0;0;0;0
FR;9;2022-02-11;0;0;0;0;0;0;0;0;0;0;0;0;0;0;0;0;0;0
FR;9;2022-02-12;0;0;0;0;0;0;0;0;0;0;0;0;0;0;0;0;0;0
FR;9;2022-02-13;0;0;0;0;0;0;0;0;0;0;0;0;0;0;0;0;0;0
FR;9;2022-02-14;0;0;0;0;0;0;0;0;0;0;0;0;0;0;0;0;0;0
FR;9;2022-02-15;0;0;0;0;0;0;0;0;0;0;0;0;0;0;0;0;0;0
FR;9;2022-02-16;0;0;0;0;0;0;0;0;0;0;0;0;0;0;0;0;0;0
FR;9;2022-02-17;0;0;0;0;0;0;0;0;0;0;0;0;0;0;0;0;0;0
FR;9;2022-02-18;0;0;0;0;0;0;0;0;0;0;0;0;0;0;0;0;0;0
FR;9;2022-02-19;0;0;0;0;0;0;0;0;0;0;0;0;0;0;0;0;0;0
FR;9;2022-02-20;0;0;0;0;0;0;0;0;0;0;0;0;0;0;0;0;0;0
FR;9;2022-02-21;0;0;0;0;0;0;0;0;0;0;0;0;0;0;0;0;0;0
FR;9;2022-02-22;0;0;0;0;0;0;0;0;0;0;0;0;0;0;0;0;0;0
FR;9;2022-02-23;0;0;0;0;0;0;0;0;0;0;0;0;0;0;0;0;0;0
FR;9;2022-02-24;0;0;0;0;0;0;0;0;0;0;0;0;0;0;0;0;0;0
FR;9;2022-02-25;0;0;0;0;0;0;0;0;0;0;0;0;0;0;0;0;0;0
FR;9;2022-02-26;0;0;0;0;0;0;0;0;0;0;0;0;0;0;0;0;0;0
FR;9;2022-02-27;0;0;0;0;0;0;0;0;0;0;0;0;0;0;0;0;0;0
FR;9;2022-02-28;0;0;0;0;0;0;0;0;0;0;0;0;0;0;0;0;0;0
FR;9;2022-03-01;0;0;0;0;0;0;0;0;0;0;0;0;0;0;0;0;0;0
FR;9;2022-03-02;0;0;0;0;0;0;0;0;0;0;0;0;0;0;0;0;0;0
FR;9;2022-03-03;0;0;0;0;0;0;0;0;0;0;0;0;0;0;0;0;0;0
FR;9;2022-03-04;0;0;0;0;0;0;0;0;0;0;0;0;0;0;0;0;0;0
FR;9;2022-03-05;0;0;0;0;0;0;0;0;0;0;0;0;0;0;0;0;0;0
FR;9;2022-03-06;0;0;0;0;0;0;0;0;0;0;0;0;0;0;0;0;0;0
FR;9;2022-03-07;0;0;0;0;0;0;0;0;0;0;0;0;0;0;0;0;0;0
FR;9;2022-03-08;0;0;0;0;0;0;0;0;0;0;0;0;0;0;0;0;0;0
FR;9;2022-03-09;0;0;0;0;0;0;0;0;0;0;0;0;0;0;0;0;0;0
FR;9;2022-03-10;0;0;0;0;0;0;0;0;0;0;0;0;0;0;0;0;0;0
FR;9;2022-03-11;0;0;0;0;0;0;0;0;0;0;0;0;0;0;0;0;0;0
FR;9;2022-03-12;0;0;0;0;0;0;0;0;0;0;0;0;0;0;0;0;0;0
FR;9;2022-03-13;0;0;0;0;0;0;0;0;0;0;0;0;0;0;0;0;0;0
FR;9;2022-03-14;0;0;0;0;0;0;0;0;0;0;0;0;0;0;0;0;0;0
FR;9;2022-03-15;0;0;0;0;0;0;0;0;0;0;0;0;0;0;0;0;0;0
FR;9;2022-03-16;0;0;0;0;0;0;0;0;0;0;0;0;0;0;0;0;0;0
FR;9;2022-03-17;0;0;0;0;0;0;0;0;0;0;0;0;0;0;0;0;0;0
FR;9;2022-03-18;0;0;0;0;0;0;0;0;0;0;0;0;0;0;0;0;0;0
FR;9;2022-03-19;0;0;0;0;0;0;0;0;0;0;0;0;0;0;0;0;0;0
FR;9;2022-03-20;0;0;0;0;0;0;0;0;0;0;0;0;0;0;0;0;0;0
FR;9;2022-03-21;0;0;0;0;0;0;0;0;0;0;0;0;0;0;0;0;0;0
FR;9;2022-03-22;0;0;0;0;0;0;0;0;0;0;0;0;0;0;0;0;0;0
FR;9;2022-03-23;0;0;0;0;0;0;0;0;0;0;0;0;0;0;0;0;0;0
FR;9;2022-03-24;0;0;0;0;0;0;0;0;0;0;0;0;0;0;0;0;0;0
FR;9;2022-03-25;0;0;0;0;0;0;0;0;0;0;0;0;0;0;0;0;0;0
FR;9;2022-03-26;0;0;0;0;0;0;0;0;0;0;0;0;0;0;0;0;0;0
FR;9;2022-03-27;0;0;0;0;0;0;0;0;0;0;0;0;0;0;0;0;0;0
FR;9;2022-03-28;0;0;0;0;0;0;0;0;0;0;0;0;0;0;0;0;0;0
FR;9;2022-03-29;0;0;0;0;0;0;0;0;0;0;0;0;0;0;0;0;0;0
FR;9;2022-03-30;0;0;0;0;0;0;0;0;0;0;0;0;0;0;0;0;0;0
FR;9;2022-03-31;0;0;0;0;0;0;0;0;0;0;0;0;0;0;0;0;0;0
FR;9;2022-04-01;0;0;0;0;0;0;0;0;0;0;0;0;0;0;0;0;0;0
FR;9;2022-04-02;0;0;0;0;0;0;0;0;0;0;0;0;0;0;0;0;0;0
FR;9;2022-04-03;0;0;0;0;0;0;0;0;0;0;0;0;0;0;0;0;0;0
FR;9;2022-04-04;0;0;0;0;0;0;0;0;0;0;0;0;0;0;0;0;0;0
FR;9;2022-04-05;0;0;0;0;0;0;0;0;0;0;0;0;0;0;0;0;0;0
FR;9;2022-04-06;0;0;0;0;0;0;0;0;0;0;0;0;0;0;0;0;0;0
FR;9;2022-04-07;0;0;0;0;0;0;0;0;0;0;0;0;0;0;0;0;0;0
FR;9;2022-04-08;0;0;0;0;0;0;0;0;0;0;0;0;0;0;0;0;0;0
FR;9;2022-04-09;0;0;0;0;0;0;0;0;0;0;0;0;0;0;0;0;0;0
FR;9;2022-04-10;0;0;0;0;0;0;0;0;0;0;0;0;0;0;0;0;0;0
FR;9;2022-04-11;0;0;0;0;0;0;0;0;0;0;0;0;0;0;0;0;0;0
FR;9;2022-04-12;0;0;0;0;0;0;0;0;0;0;0;0;0;0;0;0;0;0
FR;9;2022-04-13;0;0;0;0;0;0;0;0;0;0;0;0;0;0;0;0;0;0
FR;9;2022-04-14;0;0;0;0;0;0;0;0;0;0;0;0;0;0;0;0;0;0
FR;9;2022-04-15;0;0;0;0;0;0;0;0;0;0;0;0;0;0;0;0;0;0
FR;9;2022-04-16;0;0;0;0;0;0;0;0;0;0;0;0;0;0;0;0;0;0
FR;9;2022-04-17;0;0;0;0;0;0;0;0;0;0;0;0;0;0;0;0;0;0
FR;9;2022-04-18;0;0;0;0;0;0;0;0;0;0;0;0;0;0;0;0;0;0
FR;9;2022-04-19;0;0;0;0;0;0;0;0;0;0;0;0;0;0;0;0;0;0
FR;9;2022-04-20;0;0;0;0;0;0;0;0;0;0;0;0;0;0;0;0;0;0
FR;9;2022-04-21;0;0;0;0;0;0;0;0;0;0;0;0;0;0;0;0;0;0
FR;9;2022-04-22;0;0;0;0;0;0;0;0;0;0;0;0;0;0;0;0;0;0
FR;9;2022-04-23;0;0;0;0;0;0;0;0;0;0;0;0;0;0;0;0;0;0
FR;9;2022-04-24;0;0;0;0;0;0;0;0;0;0;0;0;0;0;0;0;0;0
FR;9;2022-04-25;0;0;0;0;0;0;0;0;0;0;0;0;0;0;0;0;0;0
FR;9;2022-04-26;0;0;0;0;0;0;0;0;0;0;0;0;0;0;0;0;0;0
FR;9;2022-04-27;0;0;0;0;0;0;0;0;0;0;0;0;0;0;0;0;0;0
FR;9;2022-04-28;0;0;0;0;0;0;0;0;0;0;0;0;0;0;0;0;0;0
FR;9;2022-04-29;0;0;0;0;0;0;0;0;0;0;0;0;0;0;0;0;0;0
FR;9;2022-04-30;0;0;0;0;0;0;0;0;0;0;0;0;0;0;0;0;0;0
FR;9;2022-05-01;0;0;0;0;0;0;0;0;0;0;0;0;0;0;0;0;0;0
FR;9;2022-05-02;0;0;0;0;0;0;0;0;0;0;0;0;0;0;0;0;0;0
FR;9;2022-05-03;0;0;0;0;0;0;0;0;0;0;0;0;0;0;0;0;0;0
FR;9;2022-05-04;0;0;0;0;0;0;0;0;0;0;0;0;0;0;0;0;0;0
FR;9;2022-05-05;0;0;0;0;0;0;0;0;0;0;0;0;0;0;0;0;0;0
FR;9;2022-05-06;0;0;0;0;0;0;0;0;0;0;0;0;0;0;0;0;0;0
FR;9;2022-05-07;0;0;0;0;0;0;0;0;0;0;0;0;0;0;0;0;0;0
FR;9;2022-05-08;0;0;0;0;0;0;0;0;0;0;0;0;0;0;0;0;0;0
FR;9;2022-05-09;0;0;0;0;0;0;0;0;0;0;0;0;0;0;0;0;0;0
FR;9;2022-05-10;0;0;0;0;0;0;0;0;0;0;0;0;0;0;0;0;0;0
FR;9;2022-05-11;0;0;0;0;0;0;0;0;0;0;0;0;0;0;0;0;0;0
FR;9;2022-05-12;0;0;0;0;0;0;0;0;0;0;0;0;0;0;0;0;0;0
FR;9;2022-05-13;0;0;0;0;0;0;0;0;0;0;0;0;0;0;0;0;0;0
FR;9;2022-05-14;0;0;0;0;0;0;0;0;0;0;0;0;0;0;0;0;0;0
FR;9;2022-05-15;0;0;0;0;0;0;0;0;0;0;0;0;0;0;0;0;0;0
FR;9;2022-05-16;0;0;0;0;0;0;0;0;0;0;0;0;0;0;0;0;0;0
FR;9;2022-05-17;0;0;0;0;0;0;0;0;0;0;0;0;0;0;0;0;0;0
FR;9;2022-05-18;0;0;0;0;0;0;0;0;0;0;0;0;0;0;0;0;0;0
FR;9;2022-05-19;0;0;0;0;0;0;0;0;0;0;0;0;0;0;0;0;0;0
FR;9;2022-05-20;0;0;0;0;0;0;0;0;0;0;0;0;0;0;0;0;0;0
FR;9;2022-05-21;0;0;0;0;0;0;0;0;0;0;0;0;0;0;0;0;0;0
FR;9;2022-05-22;0;0;0;0;0;0;0;0;0;0;0;0;0;0;0;0;0;0
FR;9;2022-05-23;0;0;0;0;0;0;0;0;0;0;0;0;0;0;0;0;0;0
FR;9;2022-05-24;0;0;0;0;0;0;0;0;0;0;0;0;0;0;0;0;0;0
FR;9;2022-05-25;0;0;0;0;0;0;0;0;0;0;0;0;0;0;0;0;0;0
FR;9;2022-05-26;0;0;0;0;0;0;0;0;0;0;0;0;0;0;0;0;0;0
FR;9;2022-05-27;0;0;0;0;0;0;0;0;0;0;0;0;0;0;0;0;0;0
FR;9;2022-05-28;0;0;0;0;0;0;0;0;0;0;0;0;0;0;0;0;0;0
FR;9;2022-05-29;0;0;0;0;0;0;0;0;0;0;0;0;0;0;0;0;0;0
FR;9;2022-05-30;0;0;0;0;0;0;0;0;0;0;0;0;0;0;0;0;0;0
FR;9;2022-05-31;0;0;0;0;0;0;0;0;0;0;0;0;0;0;0;0;0;0
FR;9;2022-06-01;0;0;0;0;0;0;0;0;0;0;0;0;0;0;0;0;0;0
FR;9;2022-06-02;0;0;0;0;0;0;0;0;0;0;0;0;0;0;0;0;0;0
FR;9;2022-06-03;0;0;0;0;0;0;0;0;0;0;0;0;0;0;0;0;0;0
FR;9;2022-06-04;0;0;0;0;0;0;0;0;0;0;0;0;0;0;0;0;0;0
FR;9;2022-06-05;0;0;0;0;0;0;0;0;0;0;0;0;0;0;0;0;0;0
FR;9;2022-06-06;0;0;0;0;0;0;0;0;0;0;0;0;0;0;0;0;0;0
FR;9;2022-06-07;0;0;0;0;0;0;0;0;0;0;0;0;0;0;0;0;0;0
FR;9;2022-06-08;0;0;0;0;0;0;0;0;0;0;0;0;0;0;0;0;0;0
FR;9;2022-06-09;0;0;0;0;0;0;0;0;0;0;0;0;0;0;0;0;0;0
FR;9;2022-06-10;0;0;0;0;0;0;0;0;0;0;0;0;0;0;0;0;0;0
FR;9;2022-06-11;0;0;0;0;0;0;0;0;0;0;0;0;0;0;0;0;0;0
FR;9;2022-06-12;0;0;0;0;0;0;0;0;0;0;0;0;0;0;0;0;0;0
FR;9;2022-06-13;0;0;0;0;0;0;0;0;0;0;0;0;0;0;0;0;0;0
FR;9;2022-06-14;0;0;0;0;0;0;0;0;0;0;0;0;0;0;0;0;0;0
FR;9;2022-06-15;0;0;0;0;0;0;0;0;0;0;0;0;0;0;0;0;0;0
FR;9;2022-06-16;0;0;0;0;0;0;0;0;0;0;0;0;0;0;0;0;0;0
FR;9;2022-06-17;0;0;0;0;0;0;0;0;0;0;0;0;0;0;0;0;0;0
FR;9;2022-06-18;0;0;0;0;0;0;0;0;0;0;0;0;0;0;0;0;0;0
FR;9;2022-06-19;0;0;0;0;0;0;0;0;0;0;0;0;0;0;0;0;0;0
FR;9;2022-06-20;0;0;0;0;0;0;0;0;0;0;0;0;0;0;0;0;0;0
FR;9;2022-06-21;0;0;0;0;0;0;0;0;0;0;0;0;0;0;0;0;0;0
FR;9;2022-06-22;0;0;0;0;0;0;0;0;0;0;0;0;0;0;0;0;0;0
FR;9;2022-06-23;0;0;0;0;0;0;0;0;0;0;0;0;0;0;0;0;0;0
FR;9;2022-06-24;0;0;0;0;0;0;0;0;0;0;0;0;0;0;0;0;0;0
FR;9;2022-06-25;0;0;0;0;0;0;0;0;0;0;0;0;0;0;0;0;0;0
FR;9;2022-06-26;0;0;0;0;0;0;0;0;0;0;0;0;0;0;0;0;0;0
FR;9;2022-06-27;0;0;0;0;0;0;0;0;0;0;0;0;0;0;0;0;0;0
FR;9;2022-06-28;0;0;0;0;0;0;0;0;0;0;0;0;0;0;0;0;0;0
FR;9;2022-06-29;0;0;0;0;0;0;0;0;0;0;0;0;0;0;0;0;0;0
FR;9;2022-06-30;0;0;0;0;0;0;0;0;0;0;0;0;0;0;0;0;0;0
FR;9;2022-07-01;0;0;0;0;0;0;0;0;0;0;0;0;0;0;0;0;0;0
FR;9;2022-07-02;0;0;0;0;0;0;0;0;0;0;0;0;0;0;0;0;0;0
FR;9;2022-07-03;0;0;0;0;0;0;0;0;0;0;0;0;0;0;0;0;0;0
FR;9;2022-07-04;0;0;0;0;0;0;0;0;0;0;0;0;0;0;0;0;0;0
FR;9;2022-07-05;0;0;0;0;0;0;0;0;0;0;0;0;0;0;0;0;0;0
FR;9;2022-07-06;0;0;0;0;0;0;0;0;0;0;0;0;0;0;0;0;0;0
FR;9;2022-07-07;0;0;0;0;0;0;0;0;0;0;0;0;0;0;0;0;0;0
FR;9;2022-07-08;0;0;0;0;0;0;0;0;0;0;0;0;0;0;0;0;0;0
FR;9;2022-07-09;0;0;0;0;0;0;0;0;0;0;0;0;0;0;0;0;0;0
FR;9;2022-07-10;0;0;0;0;0;0;0;0;0;0;0;0;0;0;0;0;0;0
FR;9;2022-07-11;0;0;0;0;0;0;0;0;0;0;0;0;0;0;0;0;0;0
FR;9;2022-07-12;0;0;0;0;0;0;0;0;0;0;0;0;0;0;0;0;0;0
FR;9;2022-07-13;0;0;0;0;0;0;0;0;0;0;0;0;0;0;0;0;0;0
FR;9;2022-07-14;0;0;0;0;0;0;0;0;0;0;0;0;0;0;0;0;0;0
FR;9;2022-07-15;0;0;0;0;0;0;0;0;0;0;0;0;0;0;0;0;0;0
FR;9;2022-07-16;0;0;0;0;0;0;0;0;0;0;0;0;0;0;0;0;0;0
FR;9;2022-07-17;0;0;0;0;0;0;0;0;0;0;0;0;0;0;0;0;0;0
FR;9;2022-07-18;0;0;0;0;0;0;0;0;0;0;0;0;0;0;0;0;0;0
FR;9;2022-07-19;0;0;0;0;0;0;0;0;0;0;0;0;0;0;0;0;0;0
FR;9;2022-07-20;0;0;0;0;0;0;0;0;0;0;0;0;0;0;0;0;0;0
FR;9;2022-07-21;0;0;0;0;0;0;0;0;0;0;0;0;0;0;0;0;0;0
FR;9;2022-07-22;0;0;0;0;0;0;0;0;0;0;0;0;0;0;0;0;0;0
FR;9;2022-07-23;0;0;0;0;0;0;0;0;0;0;0;0;0;0;0;0;0;0
FR;9;2022-07-24;0;0;0;0;0;0;0;0;0;0;0;0;0;0;0;0;0;0
FR;9;2022-07-25;0;0;0;0;0;0;0;0;0;0;0;0;0;0;0;0;0;0
FR;9;2022-07-26;0;0;0;0;0;0;0;0;0;0;0;0;0;0;0;0;0;0
FR;9;2022-07-27;0;0;0;0;0;0;0;0;0;0;0;0;0;0;0;0;0;0
FR;9;2022-07-28;0;0;0;0;0;0;0;0;0;0;0;0;0;0;0;0;0;0
FR;9;2022-07-29;0;0;0;0;0;0;0;0;0;0;0;0;0;0;0;0;0;0
FR;9;2022-07-30;0;0;0;0;0;0;0;0;0;0;0;0;0;0;0;0;0;0
FR;9;2022-07-31;0;0;0;0;0;0;0;0;0;0;0;0;0;0;0;0;0;0
FR;9;2022-08-01;0;0;0;0;0;0;0;0;0;0;0;0;0;0;0;0;0;0
FR;9;2022-08-02;0;0;0;0;0;0;0;0;0;0;0;0;0;0;0;0;0;0
FR;9;2022-08-03;0;0;0;0;0;0;0;0;0;0;0;0;0;0;0;0;0;0
FR;9;2022-08-04;0;0;0;0;0;0;0;0;0;0;0;0;0;0;0;0;0;0
FR;9;2022-08-05;0;0;0;0;0;0;0;0;0;0;0;0;0;0;0;0;0;0
FR;9;2022-08-06;0;0;0;0;0;0;0;0;0;0;0;0;0;0;0;0;0;0
FR;9;2022-08-07;0;0;0;0;0;0;0;0;0;0;0;0;0;0;0;0;0;0
FR;9;2022-08-08;0;0;0;0;0;0;0;0;0;0;0;0;0;0;0;0;0;0
FR;9;2022-08-09;0;0;0;0;0;0;0;0;0;0;0;0;0;0;0;0;0;0
FR;9;2022-08-10;0;0;0;0;0;0;0;0;0;0;0;0;0;0;0;0;0;0
FR;9;2022-08-11;0;0;0;0;0;0;0;0;0;0;0;0;0;0;0;0;0;0
FR;9;2022-08-12;0;0;0;0;0;0;0;0;0;0;0;0;0;0;0;0;0;0
FR;9;2022-08-13;0;0;0;0;0;0;0;0;0;0;0;0;0;0;0;0;0;0
FR;9;2022-08-14;0;0;0;0;0;0;0;0;0;0;0;0;0;0;0;0;0;0
FR;9;2022-08-15;0;0;0;0;0;0;0;0;0;0;0;0;0;0;0;0;0;0
FR;9;2022-08-16;0;0;0;0;0;0;0;0;0;0;0;0;0;0;0;0;0;0
FR;9;2022-08-17;0;0;0;0;0;0;0;0;0;0;0;0;0;0;0;0;0;0
FR;9;2022-08-18;0;0;0;0;0;0;0;0;0;0;0;0;0;0;0;0;0;0
FR;9;2022-08-19;0;0;0;0;0;0;0;0;0;0;0;0;0;0;0;0;0;0
FR;9;2022-08-20;0;0;0;0;0;0;0;0;0;0;0;0;0;0;0;0;0;0
FR;9;2022-08-21;0;0;0;0;0;0;0;0;0;0;0;0;0;0;0;0;0;0
FR;9;2022-08-22;0;0;0;0;0;0;0;0;0;0;0;0;0;0;0;0;0;0
FR;9;2022-08-23;0;0;0;0;0;0;0;0;0;0;0;0;0;0;0;0;0;0
FR;9;2022-08-24;0;0;0;0;0;0;0;0;0;0;0;0;0;0;0;0;0;0
FR;9;2022-08-25;0;0;0;0;0;0;0;0;0;0;0;0;0;0;0;0;0;0
FR;9;2022-08-26;0;0;0;0;0;0;0;0;0;0;0;0;0;0;0;0;0;0
FR;9;2022-08-27;0;0;0;0;0;0;0;0;0;0;0;0;0;0;0;0;0;0
FR;9;2022-08-28;0;0;0;0;0;0;0;0;0;0;0;0;0;0;0;0;0;0
FR;9;2022-08-29;0;0;0;0;0;0;0;0;0;0;0;0;0;0;0;0;0;0
FR;9;2022-08-30;0;0;0;0;0;0;0;0;0;0;0;0;0;0;0;0;0;0
FR;9;2022-08-31;0;0;0;0;0;0;0;0;0;0;0;0;0;0;0;0;0;0
FR;9;2022-09-01;0;0;0;0;0;0;0;0;0;0;0;0;0;0;0;0;0;0
FR;9;2022-09-02;0;0;0;0;0;0;0;0;0;0;0;0;0;0;0;0;0;0
FR;9;2022-09-03;0;0;0;0;0;0;0;0;0;0;0;0;0;0;0;0;0;0
FR;9;2022-09-04;0;0;0;0;0;0;0;0;0;0;0;0;0;0;0;0;0;0
FR;9;2022-09-05;0;0;0;0;0;0;0;0;0;0;0;0;0;0;0;0;0;0
FR;9;2022-09-06;0;0;0;0;0;0;0;0;0;0;0;0;0;0;0;0;0;0
FR;9;2022-09-07;0;0;0;0;0;0;0;0;0;0;0;0;0;0;0;0;0;0
FR;9;2022-09-08;0;0;0;0;0;0;0;0;0;0;0;0;0;0;0;0;0;0
FR;9;2022-09-09;0;0;0;0;0;0;0;0;0;0;0;0;0;0;0;0;0;0
FR;9;2022-09-10;0;0;0;0;0;0;0;0;0;0;0;0;0;0;0;0;0;0
FR;9;2022-09-11;0;0;0;0;0;0;0;0;0;0;0;0;0;0;0;0;0;0
FR;9;2022-09-12;0;0;0;0;0;0;0;0;0;0;0;0;0;0;0;0;0;0
FR;9;2022-09-13;0;0;0;0;0;0;0;0;0;0;0;0;0;0;0;0;0;0
FR;9;2022-09-14;0;0;0;0;0;0;0;0;0;0;0;0;0;0;0;0;0;0
FR;9;2022-09-15;0;0;0;0;0;0;0;0;0;0;0;0;0;0;0;0;0;0
FR;9;2022-09-16;0;0;0;0;0;0;0;0;0;0;0;0;0;0;0;0;0;0
FR;9;2022-09-17;0;0;0;0;0;0;0;0;0;0;0;0;0;0;0;0;0;0
FR;9;2022-09-18;0;0;0;0;0;0;0;0;0;0;0;0;0;0;0;0;0;0
FR;9;2022-09-19;0;0;0;0;0;0;0;0;0;0;0;0;0;0;0;0;0;0
FR;9;2022-09-20;0;0;0;0;0;0;0;0;0;0;0;0;0;0;0;0;0;0
FR;9;2022-09-21;0;0;0;0;0;0;0;0;0;0;0;0;0;0;0;0;0;0
FR;9;2022-09-22;0;0;0;0;0;0;0;0;0;0;0;0;0;0;0;0;0;0
FR;9;2022-09-23;0;0;0;0;0;0;0;0;0;0;0;0;0;0;0;0;0;0
FR;9;2022-09-24;0;0;0;0;0;0;0;0;0;0;0;0;0;0;0;0;0;0
FR;9;2022-09-25;0;0;0;0;0;0;0;0;0;0;0;0;0;0;0;0;0;0
FR;9;2022-09-26;0;0;0;0;0;0;0;0;0;0;0;0;0;0;0;0;0;0
FR;9;2022-09-27;0;0;0;0;0;0;0;0;0;0;0;0;0;0;0;0;0;0
FR;9;2022-09-28;0;0;0;0;0;0;0;0;0;0;0;0;0;0;0;0;0;0
FR;9;2022-09-29;1;1;8;31;0;6;33;40;1;1;1;8;31;0;6;33;40;1
FR;9;2022-09-30;5;12;60;606;6;47;613;713;51;6;13;68;637;6;53;646;753;52
FR;9;2022-10-01;9;1;43;327;2;26;335;396;35;15;14;111;964;8;79;981;1149;87
FR;9;2022-10-02;1;1;5;50;0;4;51;66;11;16;15;116;1014;8;83;1032;1215;98
FR;9;2022-10-03;10;16;151;1713;10;129;1707;2073;234;26;31;267;2727;18;212;2739;3288;332
FR;9;2022-10-04;20;48;353;3952;18;228;4020;4701;449;46;79;620;6679;36;440;6759;7989;781
FR;9;2022-10-05;27;19;269;2997;16;203;3010;3655;433;73;98;889;9676;52;643;9769;11644;1214
FR;9;2022-10-06;23;34;399;4598;17;300;4631;5608;672;96;132;1288;14274;69;943;14400;17252;1886
FR;9;2022-10-07;29;50;499;5704;19;384;5718;7027;923;125;182;1787;19978;88;1327;20118;24279;2809
FR;9;2022-10-08;10;18;128;1088;8;86;1106;1386;190;135;200;1915;21066;96;1413;21224;25665;2999
FR;9;2022-10-09;1;7;22;197;1;29;198;277;50;136;207;1937;21263;97;1442;21422;25942;3049
FR;9;2022-10-10;11;26;207;2572;14;181;2576;3296;533;147;233;2144;23835;111;1623;23998;29238;3582
FR;9;2022-10-11;31;40;424;5043;27;312;5024;6197;851;178;273;2568;28878;138;1935;29022;35435;4433
FR;9;2022-10-12;22;26;297;2985;16;212;3043;3828;571;200;299;2865;31863;154;2147;32065;39263;5004
FR;9;2022-10-13;25;42;374;3980;16;245;4036;5026;739;225;341;3239;35843;170;2392;36101;44289;5743
FR;9;2022-10-14;27;26;381;4426;12;293;4410;5552;838;252;367;3620;40269;182;2685;40511;49841;6581
FR;9;2022-10-15;14;8;101;1051;7;79;1028;1307;198;266;375;3721;41320;189;2764;41539;51148;6779
FR;9;2022-10-16;4;1;9;131;2;12;125;167;28;270;376;3730;41451;191;2776;41664;51315;6807
FR;9;2022-10-17;4;22;165;1875;11;127;1883;2492;475;274;398;3895;43326;202;2903;43547;53807;7282
FR;9;2022-10-18;35;28;315;3427;17;226;3437;4624;952;309;426;4210;46753;219;3129;46984;58431;8234
FR;9;2022-10-19;22;19;262;2687;16;174;2717;3725;819;331;445;4472;49440;235;3303;49701;62156;9053
FR;9;2022-10-20;21;22;308;3625;8;232;3626;4798;932;352;467;4780;53065;243;3535;53327;66954;9985
FR;9;2022-10-21;14;31;324;3523;10;226;3542;4635;859;366;498;5104;56588;253;3761;56869;71589;10844
FR;9;2022-10-22;10;11;90;914;8;62;919;1193;207;376;509;5194;57502;261;3823;57788;72782;11051
FR;9;2022-10-23;2;2;17;99;2;10;104;147;33;378;511;5211;57601;263;3833;57892;72929;11084
FR;9;2022-10-24;7;17;158;1361;6;104;1430;1934;395;385;528;5369;58962;269;3937;59322;74863;11479
FR;9;2022-10-25;18;22;227;2837;16;188;2846;3908;871;403;550;5596;61799;285;4125;62168;78771;12350
FR;9;2022-10-26;14;16;169;1797;13;123;1810;2519;584;417;566;5765;63596;298;4248;63978;81290;12934
FR;9;2022-10-27;9;26;230;2291;15;173;2324;3170;662;426;592;5995;65887;313;4421;66302;84460;13596
FR;9;2022-10-28;18;27;224;2277;17;151;2301;3139;680;444;619;6219;68164;330;4572;68603;87599;14276
FR;9;2022-10-29;12;8;55;505;5;46;496;662;119;456;627;6274;68669;335;4618;69099;88261;14395
FR;9;2022-10-30;2;1;8;58;1;8;58;82;16;458;628;6282;68727;336;4626;69157;88343;14411
FR;9;2022-10-31;13;7;105;658;9;59;693;986;232;471;635;6387;69385;345;4685;69850;89329;14643
FR;9;2022-11-01;1;1;15;43;0;11;49;71;11;472;636;6402;69428;345;4696;69899;89400;14654
FR;9;2022-11-02;7;12;102;1023;4;76;1041;1571;450;479;648;6504;70451;349;4772;70940;90971;15104
FR;9;2022-11-03;17;17;155;1583;15;90;1631;2325;594;496;665;6659;72034;364;4862;72571;93296;15698
FR;9;2022-11-04;21;18;193;1747;14;121;1795;2522;601;517;683;6852;73781;378;4983;74366;95818;16299
FR;9;2022-11-05;8;10;58;403;9;39;424;573;107;525;693;6910;74184;387;5022;74790;96391;16406
FR;9;2022-11-06;5;4;5;61;6;2;60;87;25;530;697;6915;74245;393;5024;74850;96478;16431
FR;9;2022-11-07;16;19;88;923;16;109;929;1468;424;546;716;7003;75168;409;5133;75779;97946;16855
FR;9;2022-11-08;10;19;164;1798;13;132;1794;2633;702;556;735;7167;76966;422;5265;77573;100579;17557
FR;9;2022-11-09;16;16;123;1260;9;98;1321;1877;453;572;751;7290;78226;431;5363;78894;102456;18010
FR;9;2022-11-10;13;21;158;1620;13;137;1613;2272;518;585;772;7448;79846;444;5500;80507;104728;18528
FR;9;2022-11-11;1;1;13;81;1;6;83;123;34;586;773;7461;79927;445;5506;80590;104851;18562
FR;9;2022-11-12;5;8;44;259;7;19;278;395;97;591;781;7505;80186;452;5525;80868;105246;18659
FR;9;2022-11-13;2;0;4;30;0;4;31;51;16;593;781;7509;80216;452;5529;80899;105297;18675
FR;9;2022-11-14;11;12;56;707;11;44;722;1107;338;604;793;7565;80923;463;5573;81621;106404;19013
FR;9;2022-11-15;16;16;146;1314;7;103;1324;2040;608;620;809;7711;82237;470;5676;82945;108444;19621
FR;9;2022-11-16;10;4;99;977;7;58;996;1486;428;630;813;7810;83214;477;5734;83941;109930;20049
FR;9;2022-11-17;9;15;121;1069;10;74;1092;1639;468;639;828;7931;84283;487;5808;85033;111569;20517
FR;9;2022-11-18;7;16;119;1435;5;77;1450;2012;483;646;844;8050;85718;492;5885;86483;113581;21000
FR;9;2022-11-19;3;5;50;364;1;27;350;488;106;649;849;8100;86082;493;5912;86833;114069;21106
FR;9;2022-11-20;1;0;5;37;0;3;35;54;16;650;849;8105;86119;493;5915;86868;114123;21122
FR;9;2022-11-21;9;12;65;635;5;51;638;958;262;659;861;8170;86754;498;5966;87506;115081;21384
FR;9;2022-11-22;15;12;121;1037;13;74;1067;1591;448;674;873;8291;87791;511;6040;88573;116672;21832
FR;9;2022-11-23;6;10;67;710;5;33;736;1134;360;680;883;8358;88501;516;6073;89309;117806;22192
FR;9;2022-11-24;8;19;91;974;14;66;987;1465;406;688;902;8449;89475;530;6139;90296;119271;22598
FR;9;2022-11-25;7;10;106;1173;7;81;1189;1742;471;695;912;8555;90648;537;6220;91485;121013;23069
FR;9;2022-11-26;6;6;35;217;7;24;211;307;68;701;918;8590;90865;544;6244;91696;121320;23137
FR;9;2022-11-27;1;1;6;42;0;2;46;82;34;702;919;8596;90907;544;6246;91742;121402;23171
FR;9;2022-11-28;5;7;98;689;7;57;716;1107;329;707;926;8694;91596;551;6303;92458;122509;23500
FR;9;2022-11-29;4;17;138;1295;6;86;1322;1929;516;711;943;8832;92891;557;6389;93780;124438;24016
FR;9;2022-11-30;9;12;99;1025;5;76;1048;1598;469;720;955;8931;93916;562;6465;94828;126036;24485
FR;9;2022-12-01;15;14;111;1329;8;80;1314;1938;540;735;969;9042;95245;570;6545;96142;127974;25025
FR;9;2022-12-02;10;13;191;1813;10;107;1812;2619;694;745;982;9233;97058;580;6652;97954;130593;25719
FR;9;2022-12-03;7;9;78;617;5;40;631;884;207;752;991;9311;97675;585;6692;98585;131477;25926
FR;9;2022-12-04;9;4;15;105;5;8;105;153;40;761;995;9326;97780;590;6700;98690;131630;25966
FR;9;2022-12-05;19;24;144;1399;17;98;1415;2100;580;780;1019;9470;99179;607;6798;100105;133730;26546
FR;9;2022-12-06;30;21;261;2435;20;146;2529;3779;1086;810;1040;9731;101614;627;6944;102634;137509;27632
FR;9;2022-12-07;15;22;180;1843;20;111;1885;2815;811;825;1062;9911;103457;647;7055;104519;140324;28443
FR;9;2022-12-08;13;22;218;2370;15;119;2426;3600;1039;838;1084;10129;105827;662;7174;106945;143924;29482
FR;9;2022-12-09;14;25;285;2865;10;141;2946;4265;1170;852;1109;10414;108692;672;7315;109891;148189;30652
FR;9;2022-12-10;12;12;121;1319;4;56;1341;1811;408;864;1121;10535;110011;676;7371;111232;150000;31060
FR;9;2022-12-11;5;4;21;277;5;10;283;363;66;869;1125;10556;110288;681;7381;111515;150363;31126
FR;9;2022-12-12;17;13;216;1949;12;108;2024;2871;734;886;1138;10772;112237;693;7489;113539;153234;31860
FR;9;2022-12-13;27;19;314;3065;13;148;3199;4683;1325;913;1157;11086;115302;706;7637;116738;157917;33185
FR;9;2022-12-14;15;10;182;2271;8;85;2342;3379;936;928;1167;11268;117573;714;7722;119080;161296;34121
FR;9;2022-12-15;16;21;243;2546;11;135;2617;3968;1206;944;1188;11511;120119;725;7857;121697;165264;35327
FR;9;2022-12-16;12;29;287;3002;20;164;3092;4490;1225;956;1217;11798;123121;745;8021;124789;169754;36552
FR;9;2022-12-17;7;11;104;1170;6;49;1186;1627;388;963;1228;11902;124291;751;8070;125975;171381;36940
FR;9;2022-12-18;1;5;27;235;4;14;240;321;66;964;1233;11929;124526;755;8084;126215;171702;37006
FR;0;2020-12-27;614;0;0;0;55;0;0;0;0;614;0;0;0;55;0;0;0;0
FR;0;2020-12-28;699;1;0;0;43;0;0;0;0;1313;1;0;0;98;0;0;0;0
FR;0;2020-12-29;387;0;0;0;19;0;0;0;0;1700;1;0;0;117;0;0;0;0
FR;0;2020-12-30;449;0;0;0;18;0;0;0;0;2149;1;0;0;135;0;0;0;0
FR;0;2020-12-31;446;1;0;0;23;0;0;0;0;2595;2;0;0;158;0;0;0;0
FR;0;2021-01-01;1184;2;0;0;65;0;0;0;0;3779;4;0;0;223;0;0;0;0
FR;0;2021-01-02;366;3;0;0;28;0;0;0;0;4145;7;0;0;251;0;0;0;0
FR;0;2021-01-03;411;0;0;0;23;0;0;0;0;4556;7;0;0;274;0;0;0;0
FR;0;2021-01-04;2126;4;0;0;50;0;0;0;0;6682;11;0;0;324;0;0;0;0
FR;0;2021-01-05;7761;6;0;0;128;0;0;0;0;14443;17;0;0;452;0;0;0;0
FR;0;2021-01-06;12466;23;0;0;126;0;0;0;0;26909;40;0;0;578;0;0;0;0
FR;0;2021-01-07;29473;22;0;0;159;0;0;0;0;56382;62;0;0;737;0;0;0;0
FR;0;2021-01-08;37163;33;0;0;203;0;0;0;0;93545;95;0;0;940;0;0;0;0
FR;0;2021-01-09;11219;9;0;0;77;0;0;0;0;104764;104;0;0;1017;0;0;0;0
FR;0;2021-01-10;6012;8;0;0;28;0;0;0;0;110776;112;0;0;1045;0;0;0;0
FR;0;2021-01-11;39952;35;0;0;228;0;0;0;0;150728;147;0;0;1273;0;0;0;0
FR;0;2021-01-12;62156;26;0;0;299;0;0;0;0;212884;173;0;0;1572;0;0;0;0
FR;0;2021-01-13;65144;56;0;0;430;0;0;0;0;278028;229;0;0;2002;0;0;0;0
FR;0;2021-01-14;83111;223;0;0;1169;0;0;0;0;361139;452;0;0;3171;0;0;0;0
FR;0;2021-01-15;69024;90;0;0;552;0;0;0;0;430163;542;0;0;3723;0;0;0;0
FR;0;2021-01-16;20218;73;0;0;184;0;0;0;0;450381;615;0;0;3907;0;0;0;0
FR;0;2021-01-17;10989;52;0;0;136;0;0;0;0;461370;667;0;0;4043;0;0;0;0
FR;0;2021-01-18;85916;176;0;0;614;0;0;0;0;547286;843;0;0;4657;0;0;0;0
FR;0;2021-01-19;130612;207;0;0;867;0;0;0;0;677898;1050;0;0;5524;0;0;0;0
FR;0;2021-01-20;137563;190;0;0;840;0;0;0;0;815461;1240;0;0;6364;0;0;0;0
FR;0;2021-01-21;158423;198;0;0;947;0;0;0;0;973884;1438;0;0;7311;0;0;0;0
FR;0;2021-01-22;121080;249;0;0;840;0;0;0;0;1094964;1687;0;0;8151;0;0;0;0
FR;0;2021-01-23;38489;80;0;0;217;0;0;0;0;1133453;1767;0;0;8368;0;0;0;0
FR;0;2021-01-24;9748;125;0;0;190;0;0;0;0;1143201;1892;0;0;8558;0;0;0;0
FR;0;2021-01-25;78249;1432;0;0;1785;0;0;0;0;1221450;3324;0;0;10343;0;0;0;0
FR;0;2021-01-26;100389;3678;1;0;4157;0;0;0;0;1321839;7002;1;0;14500;0;0;0;0
FR;0;2021-01-27;107260;6387;0;0;7105;0;0;0;0;1429099;13389;1;0;21605;0;0;0;0
FR;0;2021-01-28;124374;16306;0;0;17130;0;0;0;0;1553473;29695;1;0;38735;0;0;0;0
FR;0;2021-01-29;92198;18656;0;0;19231;0;0;0;0;1645671;48351;1;0;57966;0;0;0;0
FR;0;2021-01-30;29127;4506;0;0;4642;0;0;0;0;1674798;52857;1;0;62608;0;0;0;0
FR;0;2021-01-31;5240;1897;0;0;1939;0;0;0;0;1680038;54754;1;0;64547;0;0;0;0
FR;0;2021-02-01;53146;22825;0;0;23085;0;0;0;0;1733184;77579;1;0;87632;0;0;0;0
FR;0;2021-02-02;72329;37908;0;0;38399;0;0;0;0;1805513;115487;1;0;126031;0;0;0;0
FR;0;2021-02-03;72323;39975;0;0;40470;0;0;0;0;1877836;155462;1;0;166501;0;0;0;0
FR;0;2021-02-04;82089;54644;0;0;55234;0;0;0;0;1959925;210106;1;0;221735;0;0;0;0
FR;0;2021-02-05;68247;47913;0;0;48340;0;0;0;0;2028172;258019;1;0;270075;0;0;0;0
FR;0;2021-02-06;22971;11366;0;0;11603;0;0;0;0;2051143;269385;1;0;281678;0;0;0;0
FR;0;2021-02-07;5195;5994;0;0;6119;0;0;0;0;2056338;275379;1;0;287797;0;0;0;0
FR;0;2021-02-08;46854;48612;0;0;49079;0;0;0;0;2103192;323991;1;0;336876;0;0;0;0
FR;0;2021-02-09;66037;77948;0;0;79035;0;0;0;0;2169229;401939;1;0;415911;0;0;0;0
FR;0;2021-02-10;71037;82926;0;0;84216;0;0;0;0;2240266;484865;1;0;500127;0;0;0;0
FR;0;2021-02-11;87302;104935;0;0;106849;0;0;0;0;2327568;589800;1;0;606976;0;0;0;0
FR;0;2021-02-12;79349;75955;0;0;77684;0;0;0;0;2406917;665755;1;0;684660;0;0;0;0
FR;0;2021-02-13;22387;19526;0;0;19892;0;0;0;0;2429304;685281;1;0;704552;0;0;0;0
FR;0;2021-02-14;5079;7370;0;0;7496;0;0;0;0;2434383;692651;1;0;712048;0;0;0;0
FR;0;2021-02-15;38125;76690;0;0;77690;0;0;0;0;2472508;769341;1;0;789738;0;0;0;0
FR;0;2021-02-16;50410;99820;0;0;101143;0;0;0;0;2522918;869161;1;0;890881;0;0;0;0
FR;0;2021-02-17;50549;106666;20;0;108096;0;0;0;0;2573467;975827;21;0;998977;0;0;0;0
FR;0;2021-02-18;69809;123316;0;0;125338;0;0;0;0;2643276;1099143;21;0;1124315;0;0;0;0
FR;0;2021-02-19;65088;92068;1;0;93948;0;0;0;0;2708364;1191211;22;0;1218263;0;0;0;0
FR;0;2021-02-20;18598;28569;0;0;28933;0;0;0;0;2726962;1219780;22;0;1247196;0;0;0;0
FR;0;2021-02-21;3327;6098;0;0;6203;0;0;0;0;2730289;1225878;22;0;1253399;0;0;0;0
FR;0;2021-02-22;37506;73190;2;0;74189;0;0;0;0;2767795;1299068;24;0;1327588;0;0;0;0
FR;0;2021-02-23;53792;85257;1;0;86755;0;0;0;0;2821587;1384325;25;0;1414343;0;0;0;0
FR;0;2021-02-24;60030;82739;1;0;84309;0;0;0;0;2881617;1467064;26;0;1498652;0;0;0;0
FR;0;2021-02-25;100603;91324;1;0;94299;0;0;0;0;2982220;1558388;27;0;1592951;0;0;0;0
FR;0;2021-02-26;113487;70770;1;0;73896;0;0;0;0;3095707;1629158;28;0;1666847;0;0;0;0
FR;0;2021-02-27;52126;22404;1;0;23645;0;0;0;0;3147833;1651562;29;0;1690492;0;0;0;0
FR;0;2021-02-28;6207;4132;2;0;4329;0;0;0;0;3154040;1655694;31;0;1694821;0;0;0;0
FR;0;2021-03-01;65927;54053;1;0;55909;0;0;0;0;3219967;1709747;32;0;1750730;0;0;0;0
FR;0;2021-03-02;101407;67145;3;0;70179;0;0;0;0;3321374;1776892;35;0;1820909;0;0;0;0
FR;0;2021-03-03;116550;65468;0;0;69143;0;0;0;0;3437924;1842360;35;0;1890052;0;0;0;0
FR;0;2021-03-04;163654;72399;3;0;77960;0;0;0;0;3601578;1914759;38;0;1968012;0;0;0;0
FR;0;2021-03-05;200952;62710;3;0;69430;0;0;0;0;3802530;1977469;41;0;2037442;0;0;0;0
FR;0;2021-03-06;207981;17512;3;0;22814;0;0;0;0;4010511;1994981;44;0;2060256;0;0;0;0
FR;0;2021-03-07;121289;4087;1;0;7381;0;0;0;0;4131800;1999068;45;0;2067637;0;0;0;0
FR;0;2021-03-08;107170;49663;2;0;53139;0;0;0;0;4238970;2048731;47;0;2120776;0;0;0;0
FR;0;2021-03-09;172474;56122;2;0;61601;0;0;0;0;4411444;2104853;49;0;2182377;0;0;0;0
FR;0;2021-03-10;179031;57107;5;0;62770;0;0;0;0;4590475;2161960;54;0;2245147;0;0;0;0
FR;0;2021-03-11;242926;63996;2;0;72074;0;0;0;0;4833401;2225956;56;0;2317221;0;0;0;0
FR;0;2021-03-12;294862;53400;1;0;62855;0;0;0;0;5128263;2279356;57;0;2380076;0;0;0;0
FR;0;2021-03-13;231435;15266;1;0;21243;0;0;0;0;5359698;2294622;58;0;2401319;0;0;0;0
FR;0;2021-03-14;63358;3099;1;0;5135;0;0;0;0;5423056;2297721;59;0;2406454;0;0;0;0
FR;0;2021-03-15;158685;31589;3;0;36236;0;0;0;0;5581741;2329310;62;0;2442690;0;0;0;0
FR;0;2021-03-16;141588;38866;6;0;43007;0;0;0;0;5723329;2368176;68;0;2485697;0;0;0;0
FR;0;2021-03-17;150513;37632;4;0;42395;0;0;0;0;5873842;2405808;72;0;2528092;0;0;0;0
FR;0;2021-03-18;167860;44401;5;0;49954;0;0;0;0;6041702;2450209;77;0;2578046;0;0;0;0
FR;0;2021-03-19;230043;36790;2;0;44142;0;0;0;0;6271745;2486999;79;0;2622188;0;0;0;0
FR;0;2021-03-20;166713;11398;1;0;16022;0;0;0;0;6438458;2498397;80;0;2638210;0;0;0;0
FR;0;2021-03-21;49951;2161;1;0;3919;0;0;0;0;6488409;2500558;81;0;2642129;0;0;0;0
FR;0;2021-03-22;170074;33600;2;0;39094;0;0;0;0;6658483;2534158;83;0;2681223;0;0;0;0
FR;0;2021-03-23;250423;42413;1;0;50245;0;0;0;0;6908906;2576571;84;0;2731468;0;0;0;0
FR;0;2021-03-24;256934;43538;0;0;51620;0;0;0;0;7165840;2620109;84;0;2783088;0;0;0;0
FR;0;2021-03-25;341856;45246;5;0;56235;0;0;0;0;7507696;2665355;89;0;2839323;0;0;0;0
FR;0;2021-03-26;358836;41817;5;1;53567;0;0;0;0;7866532;2707172;94;1;2892890;0;0;0;0
FR;0;2021-03-27;195289;16927;1;0;23369;0;0;0;0;8061821;2724099;95;1;2916259;0;0;0;0
FR;0;2021-03-28;59348;4514;3;0;6578;0;0;0;0;8121169;2728613;98;1;2922837;0;0;0;0
FR;0;2021-03-29;203006;53460;4;0;60213;0;0;0;0;8324175;2782073;102;1;2983050;0;0;0;0
FR;0;2021-03-30;285517;69969;5;0;80370;0;0;0;0;8609692;2852042;107;1;3063420;0;0;0;0
FR;0;2021-03-31;263067;73910;4;0;84580;0;0;0;0;8872759;2925952;111;1;3148000;0;0;0;0
FR;0;2021-04-01;315557;92521;11;0;106084;0;0;0;0;9188316;3018473;122;1;3254084;0;0;0;0
FR;0;2021-04-02;281371;94608;7;0;106421;0;0;0;0;9469687;3113081;129;1;3360505;0;0;0;0
FR;0;2021-04-03;141087;62531;6;0;67786;0;0;0;0;9610774;3175612;135;1;3428291;0;0;0;0
FR;0;2021-04-04;46546;18998;2;0;21047;0;0;0;0;9657320;3194610;137;1;3449338;0;0;0;0
FR;0;2021-04-05;63357;10438;11;0;13094;0;0;0;0;9720677;3205048;148;1;3462432;0;0;0;0
FR;0;2021-04-06;217254;112740;17;0;121571;0;0;0;0;9937931;3317788;165;1;3584003;0;0;0;0
FR;0;2021-04-07;260303;115277;17;0;126608;0;0;0;0;10198234;3433065;182;1;3710611;0;0;0;0
FR;0;2021-04-08;337892;123011;15;0;138618;0;0;0;0;10536126;3556076;197;1;3849229;0;0;0;0
FR;0;2021-04-09;410206;116816;49;0;134205;0;0;0;0;10946332;3672892;246;1;3983434;0;0;0;0
FR;0;2021-04-10;212655;82859;15;0;91241;0;0;0;0;11158987;3755751;261;1;4074675;0;0;0;0
FR;0;2021-04-11;56152;34175;7;0;36699;0;0;0;0;11215139;3789926;268;1;4111374;0;0;0;0
FR;0;2021-04-12;237105;115791;46;0;125379;0;0;0;0;11452244;3905717;314;1;4236753;0;0;0;0
FR;0;2021-04-13;309528;144184;98;1;157130;0;0;0;0;11761772;4049901;412;2;4393883;0;0;0;0
FR;0;2021-04-14;294574;139718;215;0;153084;0;0;0;0;12056346;4189619;627;2;4546967;0;0;0;0
FR;0;2021-04-15;337161;150254;340;0;165765;0;0;0;0;12393507;4339873;967;2;4712732;0;0;0;0
FR;0;2021-04-16;339348;146935;354;0;161584;0;0;0;0;12732855;4486808;1321;2;4874316;0;0;0;0
FR;0;2021-04-17;188682;89973;109;0;97665;0;0;0;0;12921537;4576781;1430;2;4971981;0;0;0;0
FR;0;2021-04-18;51633;35454;47;0;37873;0;0;0;0;12973170;4612235;1477;2;5009854;0;0;0;0
FR;0;2021-04-19;205733;138235;456;0;147378;0;0;0;0;13178903;4750470;1933;2;5157232;0;0;0;0
FR;0;2021-04-20;254463;171829;569;0;183468;0;0;0;0;13433366;4922299;2502;2;5340700;0;0;0;0
FR;0;2021-04-21;253313;169970;836;0;181982;0;0;0;0;13686679;5092269;3338;2;5522682;0;0;0;0
FR;0;2021-04-22;287606;190259;819;0;204841;0;0;0;0;13974285;5282528;4157;2;5727523;0;0;0;0
FR;0;2021-04-23;297723;184549;747;0;203346;0;0;0;0;14272008;5467077;4904;2;5930869;0;0;0;0
FR;0;2021-04-24;190475;111975;252;0;122423;0;0;0;0;14462483;5579052;5156;2;6053292;0;0;0;0
FR;0;2021-04-25;69569;38842;51;0;42573;0;0;0;0;14532052;5617894;5207;2;6095865;0;0;0;0
FR;0;2021-04-26;220990;158385;563;0;171573;0;0;0;0;14753042;5776279;5770;2;6267438;0;0;0;0
FR;0;2021-04-27;284639;187936;941;0;211242;0;0;0;0;15037681;5964215;6711;2;6478680;0;0;0;0
FR;0;2021-04-28;299553;184521;1426;1;209596;1;0;0;0;15337234;6148736;8137;3;6688276;1;0;0;0
FR;0;2021-04-29;357186;198045;1281;0;233124;0;0;0;0;15694420;6346781;9418;3;6921400;1;0;0;0
FR;0;2021-04-30;372251;185907;1123;1;225245;0;0;0;0;16066671;6532688;10541;4;7146645;1;0;0;0
FR;0;2021-05-01;167668;52507;179;0;63755;0;0;0;0;16234339;6585195;10720;4;7210400;1;0;0;0
FR;0;2021-05-02;91763;37836;83;0;43558;0;0;0;0;16326102;6623031;10803;4;7253958;1;0;0;0
FR;0;2021-05-03;288955;165671;843;0;186188;0;0;0;0;16615057;6788702;11646;4;7440146;1;0;0;0
FR;0;2021-05-04;315728;225420;1235;0;251588;0;0;0;0;16930785;7014122;12881;4;7691734;1;0;0;0
FR;0;2021-05-05;327259;226316;1315;0;251380;0;0;0;0;17258044;7240438;14196;4;7943114;1;0;0;0
FR;0;2021-05-06;379566;240940;1634;0;275193;0;0;0;0;17637610;7481378;15830;4;8218307;1;0;0;0
FR;0;2021-05-07;372803;258654;1224;0;299714;0;0;0;0;18010413;7740032;17054;4;8518021;1;0;0;0
FR;0;2021-05-08;222178;70980;300;0;86193;0;0;0;0;18232591;7811012;17354;4;8604214;1;0;0;0
FR;0;2021-05-09;129720;44783;243;0;53418;0;0;0;0;18362311;7855795;17597;4;8657632;1;0;0;0
FR;0;2021-05-10;313413;229550;1238;0;255329;0;0;0;0;18675724;8085345;18835;4;8912961;1;0;0;0
FR;0;2021-05-11;403952;258286;1566;0;296706;0;0;0;0;19079676;8343631;20401;4;9209667;1;0;0;0
FR;0;2021-05-12;434172;233741;1544;0;270020;0;0;0;0;19513848;8577372;21945;4;9479687;1;0;0;0
FR;0;2021-05-13;338630;56502;432;0;77998;0;0;0;0;19852478;8633874;22377;4;9557685;1;0;0;0
FR;0;2021-05-14;454166;167464;1126;0;203062;0;0;0;0;20306644;8801338;23503;4;9760747;1;0;0;0
FR;0;2021-05-15;375002;94346;444;0;120740;0;0;0;0;20681646;8895684;23947;4;9881487;1;0;0;0
FR;0;2021-05-16;202768;20690;168;0;34088;0;0;0;0;20884414;8916374;24115;4;9915575;1;0;0;0
FR;0;2021-05-17;376138;148821;1555;0;178613;0;0;0;0;21260552;9065195;25670;4;10094188;1;0;0;0
FR;0;2021-05-18;460187;153968;1990;0;193116;0;0;0;0;21720739;9219163;27660;4;10287304;1;0;0;0
FR;0;2021-05-19;467437;142792;2465;0;180059;0;0;0;0;22188176;9361955;30125;4;10467363;1;0;0;0
FR;0;2021-05-20;507571;160285;2339;0;204263;0;0;0;0;22695747;9522240;32464;4;10671626;1;0;0;0
FR;0;2021-05-21;489702;175125;1996;0;221673;0;0;0;0;23185449;9697365;34460;4;10893299;1;0;0;0
FR;0;2021-05-22;347215;80175;670;0;108604;0;0;0;0;23532664;9777540;35130;4;11001903;1;0;0;0
FR;0;2021-05-23;161704;14231;246;0;26698;0;0;0;0;23694368;9791771;35376;4;11028601;1;0;0;0
FR;0;2021-05-24;263209;33096;604;0;52934;0;0;0;0;23957577;9824867;35980;4;11081535;1;0;0;0
FR;0;2021-05-25;400295;190416;2355;1;226976;0;0;0;0;24357872;10015283;38335;5;11308511;1;0;0;0
FR;0;2021-05-26;413481;190787;2226;0;228853;0;0;0;0;24771353;10206070;40561;5;11537364;1;0;0;0
FR;0;2021-05-27;449844;219863;2163;0;267004;0;0;0;0;25221197;10425933;42724;5;11804368;1;0;0;0
FR;0;2021-05-28;429577;260927;1894;0;319025;0;0;0;0;25650774;10686860;44618;5;12123393;1;0;0;0
FR;0;2021-05-29;299000;150379;586;0;183229;0;0;0;0;25949774;10837239;45204;5;12306622;1;0;0;0
FR;0;2021-05-30;107150;32527;164;0;42111;0;0;0;0;26056924;10869766;45368;5;12348733;1;0;0;0
FR;0;2021-05-31;358062;203430;1471;1;241713;1;0;0;0;26414986;11073196;46839;6;12590446;2;0;0;0
FR;0;2021-06-01;431086;251182;1970;1;302828;1;0;0;0;26846072;11324378;48809;7;12893274;3;0;0;0
FR;0;2021-06-02;420140;232427;1985;0;279803;0;0;0;0;27266212;11556805;50794;7;13173077;3;0;0;0
FR;0;2021-06-03;465652;257710;1826;0;312470;0;0;0;0;27731864;11814515;52620;7;13485547;3;0;0;0
FR;0;2021-06-04;456276;305728;1734;1;363119;1;0;0;0;28188140;12120243;54354;8;13848666;4;0;0;0
FR;0;2021-06-05;304818;189465;653;0;222674;0;0;0;0;28492958;12309708;55007;8;14071340;4;0;0;0
FR;0;2021-06-06;133329;49043;226;0;61183;0;0;0;0;28626287;12358751;55233;8;14132523;4;0;0;0
FR;0;2021-06-07;340006;261528;1528;0;298619;0;0;0;0;28966293;12620279;56761;8;14431142;4;0;0;0
FR;0;2021-06-08;393918;291316;1806;0;338179;0;0;0;0;29360211;12911595;58567;8;14769321;4;0;0;0
FR;0;2021-06-09;384902;273966;1734;0;318383;0;0;0;0;29745113;13185561;60301;8;15087704;4;0;0;0
FR;0;2021-06-10;404216;286790;1727;1;336228;0;0;0;0;30149329;13472351;62028;9;15423932;4;0;0;0
FR;0;2021-06-11;386684;356533;1467;1;406960;0;0;0;0;30536013;13828884;63495;10;15830892;4;0;0;0
FR;0;2021-06-12;283285;210988;497;0;243134;0;0;0;0;30819298;14039872;63992;10;16074026;4;0;0;0
FR;0;2021-06-13;104894;73855;204;0;84845;0;0;0;0;30924192;14113727;64196;10;16158871;4;0;0;0
FR;0;2021-06-14;240864;354194;1429;1;383369;0;0;0;0;31165056;14467921;65625;11;16542240;4;0;0;0
FR;0;2021-06-15;308197;384469;1574;1;423229;0;0;0;0;31473253;14852390;67199;12;16965469;4;0;0;0
FR;0;2021-06-16;314001;357495;1418;1;395251;0;0;0;0;31787254;15209885;68617;13;17360720;4;0;0;0
FR;0;2021-06-17;317714;372989;1431;1;414170;0;0;0;0;32104968;15582874;70048;14;17774890;4;0;0;0
FR;0;2021-06-18;321768;442594;1341;1;485984;0;0;0;0;32426736;16025468;71389;15;18260874;4;0;0;0
FR;0;2021-06-19;224355;273964;449;0;301145;0;0;0;0;32651091;16299432;71838;15;18562019;4;0;0;0
FR;0;2021-06-20;74449;102320;129;0;111515;0;0;0;0;32725540;16401752;71967;15;18673534;4;0;0;0
FR;0;2021-06-21;195797;401641;1038;1;427595;1;0;0;0;32921337;16803393;73005;16;19101129;5;0;0;0
FR;0;2021-06-22;223217;467633;1266;10;500281;1;0;0;0;33144554;17271026;74271;26;19601410;6;0;0;0
FR;0;2021-06-23;234060;440020;1197;1;474127;1;0;0;0;33378614;17711046;75468;27;20075537;7;0;0;0
FR;0;2021-06-24;241882;409638;1359;0;447137;0;0;0;0;33620496;18120684;76827;27;20522674;7;0;0;0
FR;0;2021-06-25;227653;522942;1403;0;561932;0;0;0;0;33848149;18643626;78230;27;21084606;7;0;0;0
FR;0;2021-06-26;153281;370967;587;1;395761;0;0;0;0;34001430;19014593;78817;28;21480367;7;0;0;0
FR;0;2021-06-27;55910;155958;169;1;164866;0;0;0;0;34057340;19170551;78986;29;21645233;7;0;0;0
FR;0;2021-06-28;154799;452517;1177;0;478115;0;0;0;0;34212139;19623068;80163;29;22123348;7;0;0;0
FR;0;2021-06-29;182728;507596;2123;0;538986;0;0;0;0;34394867;20130664;82286;29;22662334;7;0;0;0
FR;0;2021-06-30;204025;485069;2015;21;519357;2;0;0;0;34598892;20615733;84301;50;23181691;9;0;0;0
FR;0;2021-07-01;231428;458397;2224;5;498368;1;0;0;0;34830320;21074130;86525;55;23680059;10;0;0;0
FR;0;2021-07-02;228695;520020;2120;5;562349;2;0;0;0;35059015;21594150;88645;60;24242408;12;0;0;0
FR;0;2021-07-03;142050;368741;908;3;395230;1;0;0;0;35201065;21962891;89553;63;24637638;13;0;0;0
FR;0;2021-07-04;56759;141021;265;0;150718;0;0;0;0;35257824;22103912;89818;63;24788356;13;0;0;0
FR;0;2021-07-05;168529;418705;1668;8;448660;0;0;0;0;35426353;22522617;91486;71;25237016;13;0;0;0
FR;0;2021-07-06;196788;474490;1830;45;511108;8;0;0;0;35623141;22997107;93316;116;25748124;21;0;0;0
FR;0;2021-07-07;213224;439003;1880;25;477471;3;0;0;0;35836365;23436110;95196;141;26225595;24;0;0;0
FR;0;2021-07-08;231659;424105;2089;20;468067;4;0;0;0;36068024;23860215;97285;161;26693662;28;0;0;0
FR;0;2021-07-09;228632;511043;2185;4;557366;2;0;0;0;36296656;24371258;99470;165;27251028;30;0;0;0
FR;0;2021-07-10;148626;339896;986;1;368846;1;0;0;0;36445282;24711154;100456;166;27619874;31;0;0;0
FR;0;2021-07-11;60207;110050;283;0;120968;0;0;0;0;36505489;24821204;100739;166;27740842;31;0;0;0
FR;0;2021-07-12;169432;477803;1765;4;512566;0;0;0;0;36674921;25299007;102504;170;28253408;31;0;0;0
FR;0;2021-07-13;287278;526741;2050;8;585793;1;0;0;0;36962199;25825748;104554;178;28839201;32;0;0;0
FR;0;2021-07-14;181115;157393;435;0;186715;0;0;0;0;37143314;25983141;104989;178;29025916;32;0;0;0
FR;0;2021-07-15;347113;501651;2100;1;571654;0;0;0;0;37490427;26484792;107089;179;29597570;32;0;0;0
FR;0;2021-07-16;380118;495108;2023;3;574323;1;0;0;0;37870545;26979900;109112;182;30171893;33;0;0;0
FR;0;2021-07-17;259743;319626;877;1;368596;0;0;0;0;38130288;27299526;109989;183;30540489;33;0;0;0
FR;0;2021-07-18;109733;114576;310;0;133027;0;0;0;0;38240021;27414102;110299;183;30673516;33;0;0;0
FR;0;2021-07-19;285506;424028;1631;3;479067;0;0;0;0;38525527;27838130;111930;186;31152583;33;0;0;0
FR;0;2021-07-20;376931;451349;1724;0;523713;0;0;0;0;38902458;28289479;113654;186;31676296;33;0;0;0
FR;0;2021-07-21;395825;406993;1549;4;482021;1;0;0;0;39298283;28696472;115203;190;32158317;34;0;0;0
FR;0;2021-07-22;441069;387387;1715;4;471905;2;0;0;0;39739352;29083859;116918;194;32630222;36;0;0;0
FR;0;2021-07-23;440337;422139;1883;4;510130;1;0;0;0;40179689;29505998;118801;198;33140352;37;0;0;0
FR;0;2021-07-24;285257;269310;804;1;322009;0;0;0;0;40464946;29775308;119605;199;33462361;37;0;0;0
FR;0;2021-07-25;121118;79929;234;0;100292;0;0;0;0;40586064;29855237;119839;199;33562653;37;0;0;0
FR;0;2021-07-26;347437;322274;1614;3;384855;1;0;0;0;40933501;30177511;121453;202;33947508;38;0;0;0
FR;0;2021-07-27;464086;319381;1698;4;400557;1;0;0;0;41397587;30496892;123151;206;34348065;39;0;0;0
FR;0;2021-07-28;459453;289390;1637;4;367035;1;0;0;0;41857040;30786282;124788;210;34715100;40;0;0;0
FR;0;2021-07-29;489844;276182;1797;2;357102;0;0;0;0;42346884;31062464;126585;212;35072202;40;0;0;0
FR;0;2021-07-30;461845;302421;1941;5;380948;1;0;0;0;42808729;31364885;128526;217;35453150;41;0;0;0
FR;0;2021-07-31;285411;185013;915;1;231534;0;0;0;0;43094140;31549898;129441;218;35684684;41;0;0;0
FR;0;2021-08-01;112036;49920;255;0;65703;0;0;0;0;43206176;31599818;129696;218;35750387;41;0;0;0
FR;0;2021-08-02;341643;234088;1602;2;284818;0;0;0;0;43547819;31833906;131298;220;36035205;41;0;0;0
FR;0;2021-08-03;398628;244518;1728;2;304631;1;0;0;0;43946447;32078424;133026;222;36339836;42;0;0;0
FR;0;2021-08-04;384870;209554;1593;6;265715;3;0;0;0;44331317;32287978;134619;228;36605551;45;0;0;0
FR;0;2021-08-05;366182;228374;1711;0;281781;0;0;0;0;44697499;32516352;136330;228;36887332;45;0;0;0
FR;0;2021-08-06;359740;271254;1835;4;326692;0;0;0;0;45057239;32787606;138165;232;37214024;45;0;0;0
FR;0;2021-08-07;213136;178320;756;5;210074;1;0;0;0;45270375;32965926;138921;237;37424098;46;0;0;0
FR;0;2021-08-08;74195;63182;276;0;73614;0;0;0;0;45344570;33029108;139197;237;37497712;46;0;0;0
FR;0;2021-08-09;258768;258668;1548;4;297629;2;0;0;0;45603338;33287776;140745;241;37795341;48;0;0;0
FR;0;2021-08-10;306881;277147;1663;2;323579;0;0;0;0;45910219;33564923;142408;243;38118920;48;0;0;0
FR;0;2021-08-11;279754;259611;1441;5;301711;0;0;0;0;46189973;33824534;143849;248;38420631;48;0;0;0
FR;0;2021-08-12;271557;278085;1666;3;320395;0;0;0;0;46461530;34102619;145515;251;38741026;48;0;0;0
FR;0;2021-08-13;252165;278074;1594;3;316954;2;0;0;0;46713695;34380693;147109;254;39057980;50;0;0;0
FR;0;2021-08-14;145353;197098;740;0;219047;0;0;0;0;46859048;34577791;147849;254;39277027;50;0;0;0
FR;0;2021-08-15;39395;50097;218;1;55684;0;0;0;0;46898443;34627888;148067;255;39332711;50;0;0;0
FR;0;2021-08-16;186192;317537;1542;0;345495;0;0;0;0;47084635;34945425;149609;255;39678206;50;0;0;0
FR;0;2021-08-17;215702;335876;1637;7;368955;0;0;0;0;47300337;35281301;151246;262;40047161;50;0;0;0
FR;0;2021-08-18;199061;324398;1599;7;354601;4;0;0;0;47499398;35605699;152845;269;40401762;54;0;0;0
FR;0;2021-08-19;192042;325429;1641;1;356031;0;0;0;0;47691440;35931128;154486;270;40757793;54;0;0;0
FR;0;2021-08-20;186478;366228;1820;3;396713;2;0;0;0;47877918;36297356;156306;273;41154506;56;0;0;0
FR;0;2021-08-21;104806;238119;708;0;254568;0;0;0;0;47982724;36535475;157014;273;41409074;56;0;0;0
FR;0;2021-08-22;31944;87215;256;1;92172;1;0;0;0;48014668;36622690;157270;274;41501246;57;0;0;0
FR;0;2021-08-23;140985;357001;1561;3;379627;1;0;0;0;48155653;36979691;158831;277;41880873;58;0;0;0
FR;0;2021-08-24;162508;376635;1850;5;402924;0;0;0;0;48318161;37356326;160681;282;42283797;58;0;0;0
FR;0;2021-08-25;151153;350741;2036;8;375482;2;0;0;0;48469314;37707067;162717;290;42659279;60;0;0;0
FR;0;2021-08-26;142882;342745;2561;10;367597;0;0;0;0;48612196;38049812;165278;300;43026876;60;0;0;0
FR;0;2021-08-27;148454;388255;2790;11;414990;1;0;0;0;48760650;38438067;168068;311;43441866;61;0;0;0
FR;0;2021-08-28;90673;249615;1407;0;264978;0;0;0;0;48851323;38687682;169475;311;43706844;61;0;0;0
FR;0;2021-08-29;27321;83344;518;1;88269;0;0;0;0;48878644;38771026;169993;312;43795113;61;0;0;0
FR;0;2021-08-30;117425;324599;4713;6;342414;5862;0;0;0;48996069;39095625;174706;318;44137527;5923;0;0;0
FR;0;2021-08-31;128822;334472;10189;19;353954;11788;2;0;0;49124891;39430097;184895;337;44491481;17711;2;0;0
FR;0;2021-09-01;136154;285670;22435;8;302450;24405;1;0;0;49261045;39715767;207330;345;44793931;42116;3;0;0
FR;0;2021-09-02;114658;247204;26521;20;262131;28998;0;0;0;49375703;39962971;233851;365;45056062;71114;3;0;0
FR;0;2021-09-03;118316;292663;29967;24;309348;33075;1;0;0;49494019;40255634;263818;389;45365410;104189;4;0;0
FR;0;2021-09-04;89891;217781;12587;12;230514;14145;7;0;0;49583910;40473415;276405;401;45595924;118334;11;0;0
FR;0;2021-09-05;21362;44812;4395;2;48304;4714;0;0;0;49605272;40518227;280800;403;45644228;123048;11;0;0
FR;0;2021-09-06;75694;180547;31956;16;190737;34316;2;0;0;49680966;40698774;312756;419;45834965;157364;13;0;0
FR;0;2021-09-07;80312;181199;33248;43;191105;36298;2;0;0;49761278;40879973;346004;462;46026070;193662;15;0;0
FR;0;2021-09-08;91004;206078;29668;28;216599;32560;4;0;0;49852282;41086051;375672;490;46242669;226222;19;0;0
FR;0;2021-09-09;76957;165317;33080;27;174149;36689;5;0;0;49929239;41251368;408752;517;46416818;262911;24;0;0
FR;0;2021-09-10;96039;203793;35744;28;214923;40766;7;0;0;50025278;41455161;444496;545;46631741;303677;31;0;0
FR;0;2021-09-11;67166;169319;12140;19;178196;14398;0;0;0;50092444;41624480;456636;564;46809937;318075;31;0;0
FR;0;2021-09-12;12826;32099;2782;1;34149;3186;2;0;0;50105270;41656579;459418;565;46844086;321261;33;0;0
FR;0;2021-09-13;64571;126192;41244;35;134235;44247;17;0;0;50169841;41782771;500662;600;46978321;365508;50;0;0
FR;0;2021-09-14;73496;129016;56380;80;135828;62391;40;0;0;50243337;41911787;557042;680;47114149;427899;90;0;0
FR;0;2021-09-15;76649;167766;55670;58;174721;54849;77;0;0;50319986;42079553;612712;738;47288870;482748;167;0;0
FR;0;2021-09-16;63885;114498;60098;82;117891;60154;74;0;0;50383871;42194051;672810;820;47406761;542902;241;0;0
FR;0;2021-09-17;75088;156833;53857;71;159731;57334;69;0;0;50458959;42350884;726667;891;47566492;600236;310;0;0
FR;0;2021-09-18;48240;139630;15601;25;144320;17316;20;0;0;50507199;42490514;742268;916;47710812;617552;330;0;0
FR;0;2021-09-19;7908;23663;2439;1;24890;2618;1;0;0;50515107;42514177;744707;917;47735702;620170;331;0;0
FR;0;2021-09-20;44574;93757;50085;72;96249;50342;36;0;0;50559681;42607934;794792;989;47831951;670512;367;0;0
FR;0;2021-09-21;45906;98388;62768;77;98397;63503;83;0;0;50605587;42706322;857560;1066;47930348;734015;450;0;0
FR;0;2021-09-22;48694;142385;55376;82;144844;55457;49;0;0;50654281;42848707;912936;1148;48075192;789472;499;0;0
FR;0;2021-09-23;43291;92069;62400;95;91272;63584;96;0;0;50697572;42940776;975336;1243;48166464;853056;595;0;0
FR;0;2021-09-24;52313;133299;54563;107;132410;59217;79;0;0;50749885;43074075;1029899;1350;48298874;912273;674;0;0
FR;0;2021-09-25;35221;115651;16276;36;118647;18310;22;0;0;50785106;43189726;1046175;1386;48417521;930583;696;0;0
FR;0;2021-09-26;5555;17803;2272;5;18685;2332;5;0;0;50790661;43207529;1048447;1391;48436206;932915;701;0;0
FR;0;2021-09-27;33982;76910;47203;97;78798;48187;83;0;1;50824643;43284439;1095650;1488;48515004;981102;784;0;1
FR;0;2021-09-28;36521;75238;54974;90;74334;56577;50;0;0;50861164;43359677;1150624;1578;48589338;1037679;834;0;1
FR;0;2021-09-29;44422;100710;53367;112;102871;54900;45;0;0;50905586;43460387;1203991;1690;48692209;1092579;879;0;1
FR;0;2021-09-30;36345;72968;57041;96;71483;59595;58;0;0;50941931;43533355;1261032;1786;48763692;1152174;937;0;1
FR;0;2021-10-01;61712;102866;57828;108;101441;63992;26;0;0;51003643;43636221;1318860;1894;48865133;1216166;963;0;1
FR;0;2021-10-02;39470;78442;20963;39;81732;23379;12;0;0;51043113;43714663;1339823;1933;48946865;1239545;975;0;1
FR;0;2021-10-03;5289;10496;2533;4;11259;2542;4;0;0;51048402;43725159;1342356;1937;48958124;1242087;979;0;1
FR;0;2021-10-04;35197;58487;52630;84;59497;54847;37;0;0;51083599;43783646;1394986;2021;49017621;1296934;1016;0;1
FR;0;2021-10-05;33927;64365;61027;135;62111;65098;52;0;0;51117526;43848011;1456013;2156;49079732;1362032;1068;0;1
FR;0;2021-10-06;42721;79292;65758;113;80177;68371;31;0;0;51160247;43927303;1521771;2269;49159909;1430403;1099;0;1
FR;0;2021-10-07;30567;62278;65441;89;59508;68876;42;0;0;51190814;43989581;1587212;2358;49219417;1499279;1141;0;1
FR;0;2021-10-08;49482;91934;77770;111;89890;84797;43;0;0;51240296;44081515;1664982;2469;49309307;1584076;1184;0;1
FR;0;2021-10-09;33678;60930;31547;35;64133;33926;17;0;0;51273974;44142445;1696529;2504;49373440;1618002;1201;0;1
FR;0;2021-10-10;4721;7430;3197;9;7945;3477;2;0;0;51278695;44149875;1699726;2513;49381385;1621479;1203;0;1
FR;0;2021-10-11;30732;49911;61047;105;50627;64112;51;0;0;51309427;44199786;1760773;2618;49432012;1685591;1254;0;1
FR;0;2021-10-12;31642;54488;70629;141;51343;76026;27;0;0;51341069;44254274;1831402;2759;49483355;1761617;1281;0;1
FR;0;2021-10-13;40163;62828;74441;137;62801;79374;30;0;1;51381232;44317102;1905843;2896;49546156;1840991;1311;0;2
FR;0;2021-10-14;30360;52872;68773;116;49705;73850;35;0;0;51411592;44369974;1974616;3012;49595861;1914841;1346;0;2
FR;0;2021-10-15;44951;75237;93245;191;70342;103037;27;0;0;51456543;44445211;2067861;3203;49666203;2017878;1373;0;2
FR;0;2021-10-16;31331;44097;36698;44;46708;39654;17;0;0;51487874;44489308;2104559;3247;49712911;2057532;1390;0;2
FR;0;2021-10-17;3891;5228;3602;2;5671;3677;4;0;0;51491765;44494536;2108161;3249;49718582;2061209;1394;0;2
FR;0;2021-10-18;29207;42361;67511;134;42584;71367;29;0;0;51520972;44536897;2175672;3383;49761166;2132576;1423;0;2
FR;0;2021-10-19;27193;45554;76421;140;43221;81667;46;0;0;51548165;44582451;2252093;3523;49804387;2214243;1469;0;2
FR;0;2021-10-20;35341;52417;96952;181;51824;101569;46;0;0;51583506;44634868;2349045;3704;49856211;2315812;1515;0;2
FR;0;2021-10-21;26163;45167;83986;112;41969;89176;32;0;0;51609669;44680035;2433031;3816;49898180;2404988;1547;0;2
FR;0;2021-10-22;38449;62485;104920;200;59370;112630;65;0;0;51648118;44742520;2537951;4016;49957550;2517618;1612;0;2
FR;0;2021-10-23;27031;41204;45465;57;42435;48635;15;0;0;51675149;44783724;2583416;4073;49999985;2566253;1627;0;2
FR;0;2021-10-24;2946;4770;3684;6;5017;3923;1;0;0;51678095;44788494;2587100;4079;50005002;2570176;1628;0;2
FR;0;2021-10-25;26099;36236;82344;144;35516;86673;39;0;0;51704194;44824730;2669444;4223;50040518;2656849;1667;0;2
FR;0;2021-10-26;23768;35004;87274;166;32183;92395;36;0;0;51727962;44859734;2756718;4389;50072701;2749244;1703;0;2
FR;0;2021-10-27;30109;46323;109021;257;44065;114736;54;0;0;51758071;44906057;2865739;4646;50116766;2863980;1757;0;2
FR;0;2021-10-28;23606;34939;88737;153;31219;94525;39;0;0;51781677;44940996;2954476;4799;50147985;2958505;1796;0;2
FR;0;2021-10-29;31581;51461;117340;206;46521;125414;57;0;0;51813258;44992457;3071816;5005;50194506;3083919;1853;0;2
FR;0;2021-10-30;20573;33226;50359;76;32927;53415;20;0;0;51833831;45025683;3122175;5081;50227433;3137334;1873;0;2
FR;0;2021-10-31;2517;3736;3594;3;3847;3881;3;0;0;51836348;45029419;3125769;5084;50231280;3141215;1876;0;2
FR;0;2021-11-01;8529;4865;3222;3;5016;3586;10;0;0;51844877;45034284;3128991;5087;50236296;3144801;1886;0;2
FR;0;2021-11-02;26374;40113;93602;156;36263;99651;44;0;1;51871251;45074397;3222593;5243;50272559;3244452;1930;0;3
FR;0;2021-11-03;30125;47924;118916;222;43587;125883;67;0;0;51901376;45122321;3341509;5465;50316146;3370335;1997;0;3
FR;0;2021-11-04;23818;37487;107591;217;31589;114481;47;0;0;51925194;45159808;3449100;5682;50347735;3484816;2044;0;3
FR;0;2021-11-05;32406;52950;141665;236;44675;151441;56;0;0;51957600;45212758;3590765;5918;50392410;3636257;2100;0;3
FR;0;2021-11-06;21549;34558;64894;123;32401;68326;27;0;0;51979149;45247316;3655659;6041;50424811;3704583;2127;0;3
FR;0;2021-11-07;2427;4170;5206;6;4012;5597;7;0;0;51981576;45251486;3660865;6047;50428823;3710180;2134;0;3
FR;0;2021-11-08;20627;37737;127218;227;30951;134341;51;0;0;52002203;45289223;3788083;6274;50459774;3844521;2185;0;3
FR;0;2021-11-09;22440;44662;161731;339;32884;172328;70;0;0;52024643;45333885;3949814;6613;50492658;4016849;2255;0;3
FR;0;2021-11-10;31613;54914;187054;447;44066;198868;97;0;0;52056256;45388799;4136868;7060;50536724;4215717;2352;0;3
FR;0;2021-11-11;4746;6755;12992;28;5908;13979;17;0;0;52061002;45395554;4149860;7088;50542632;4229696;2369;0;3
FR;0;2021-11-12;29097;55066;183827;252;41752;197468;92;0;0;52090099;45450620;4333687;7340;50584384;4427164;2461;0;3
FR;0;2021-11-13;20354;32609;80725;118;28242;86351;46;0;0;52110453;45483229;4414412;7458;50612626;4513515;2507;0;3
FR;0;2021-11-14;2365;3858;7183;6;3365;7846;9;0;0;52112818;45487087;4421595;7464;50615991;4521361;2516;0;3
FR;0;2021-11-15;20513;38574;160895;314;27814;171621;81;0;0;52133331;45525661;4582490;7778;50643805;4692982;2597;0;3
FR;0;2021-11-16;23662;43889;200467;394;27763;215158;119;0;1;52156993;45569550;4782957;8172;50671568;4908140;2716;0;4
FR;0;2021-11-17;30538;50247;199894;406;36467;212946;101;0;0;52187531;45619797;4982851;8578;50708035;5121086;2817;0;4
FR;0;2021-11-18;23453;45694;191736;468;29426;205701;96;0;0;52210984;45665491;5174587;9046;50737461;5326787;2913;0;4
FR;0;2021-11-19;33688;61289;243276;551;39947;262274;151;0;0;52244672;45726780;5417863;9597;50777408;5589061;3064;0;4
FR;0;2021-11-20;25415;36668;102183;207;29274;109750;48;0;0;52270087;45763448;5520046;9804;50806682;5698811;3112;0;4
FR;0;2021-11-21;2659;4452;9671;19;3442;10606;19;0;0;52272746;45767900;5529717;9823;50810124;5709417;3131;0;4
FR;0;2021-11-22;22817;33156;180424;472;18941;194919;89;0;0;52295563;45801056;5710141;10295;50829065;5904336;3220;0;4
FR;0;2021-11-23;25729;45481;229465;549;24147;247943;85;0;0;52321292;45846537;5939606;10844;50853212;6152279;3305;0;4
FR;0;2021-11-24;31819;53635;224882;716;34533;243322;81;0;0;52353111;45900172;6164488;11560;50887745;6395601;3386;0;4
FR;0;2021-11-25;25650;49135;255998;739;25083;277870;112;0;0;52378761;45949307;6420486;12299;50912828;6673471;3498;0;4
FR;0;2021-11-26;33258;74718;379548;867;37470;414765;172;0;0;52412019;46024025;6800034;13166;50950298;7088236;3670;0;4
FR;0;2021-11-27;23507;49595;214960;390;28498;236755;136;0;0;52435526;46073620;7014994;13556;50978796;7324991;3806;0;4
FR;0;2021-11-28;3523;10476;56778;66;4073;63333;42;0;0;52439049;46084096;7071772;13622;50982869;7388324;3848;0;4
FR;0;2021-11-29;19444;54091;341542;864;23142;371852;178;0;0;52458493;46138187;7413314;14486;51006011;7760176;4026;0;4
FR;0;2021-11-30;24783;71861;457459;988;26902;500881;285;0;0;52483276;46210048;7870773;15474;51032913;8261057;4311;0;4
FR;0;2021-12-01;27384;75562;469188;1162;31440;511417;304;0;0;52510660;46285610;8339961;16636;51064353;8772474;4615;0;4
FR;0;2021-12-02;22122;71621;527214;1280;21140;575018;306;0;0;52532782;46357231;8867175;17916;51085493;9347492;4921;0;4
FR;0;2021-12-03;25577;92880;596486;1420;34466;651251;341;0;0;52558359;46450111;9463661;19336;51119959;9998743;5262;0;4
FR;0;2021-12-04;18340;60396;336283;692;25754;369869;200;0;0;52576699;46510507;9799944;20028;51145713;10368612;5462;0;4
FR;0;2021-12-05;4157;16125;95808;157;4882;107050;92;0;0;52580856;46526632;9895752;20185;51150595;10475662;5554;0;4
FR;0;2021-12-06;28457;72766;493227;1175;25331;540039;384;0;0;52609313;46599398;10388979;21360;51175926;11015701;5938;0;4
FR;0;2021-12-07;23556;91286;645510;1774;28623;706501;415;0;0;52632869;46690684;11034489;23134;51204549;11722202;6353;0;4
FR;0;2021-12-08;25515;91990;591726;1875;35033;647605;440;0;0;52658384;46782674;11626215;25009;51239582;12369807;6793;0;4
FR;0;2021-12-09;24081;94132;663231;2182;29115;726644;462;0;0;52682465;46876806;12289446;27191;51268697;13096451;7255;0;4
FR;0;2021-12-10;28073;110967;736155;2075;38073;806325;468;0;1;52710538;46987773;13025601;29266;51306770;13902776;7723;0;5
FR;0;2021-12-11;20251;76094;435234;990;30015;480436;346;0;0;52730789;47063867;13460835;30256;51336785;14383212;8069;0;5
FR;0;2021-12-12;5678;23151;142341;262;6421;159227;108;0;0;52736467;47087018;13603176;30518;51343206;14542439;8177;0;5
FR;0;2021-12-13;21361;90818;587768;1699;29780;649376;395;0;0;52757828;47177836;14190944;32217;51372986;15191815;8572;0;5
FR;0;2021-12-14;27983;118327;765726;2656;35548;847680;699;0;1;52785811;47296163;14956670;34873;51408534;16039495;9271;0;6
FR;0;2021-12-15;28446;114268;694444;2266;39625;769219;503;0;1;52814257;47410431;15651114;37139;51448159;16808714;9774;0;7
FR;0;2021-12-16;28052;115733;764152;2557;35237;844573;514;0;0;52842309;47526164;16415266;39696;51483396;17653287;10288;0;7
FR;0;2021-12-17;31662;128404;807963;2713;43494;892125;611;0;0;52873971;47654568;17223229;42409;51526890;18545412;10899;0;7
FR;0;2021-12-18;24944;81602;470026;1179;30125;522280;350;0;0;52898915;47736170;17693255;43588;51557015;19067692;11249;0;7
FR;0;2021-12-19;8760;28601;169428;376;7875;191076;141;0;0;52907675;47764771;17862683;43964;51564890;19258768;11390;0;7
FR;0;2021-12-20;31758;97236;591570;1787;33999;658806;499;0;0;52939433;47862007;18454253;45751;51598889;19917574;11889;0;7
FR;0;2021-12-21;39464;112020;682499;2392;38922;759641;603;0;0;52978897;47974027;19136752;48143;51637811;20677215;12492;0;7
FR;0;2021-12-22;39555;99281;575835;2169;37234;642168;687;0;2;53018452;48073308;19712587;50312;51675045;21319383;13179;0;9
FR;0;2021-12-23;33780;79488;441056;1658;30237;494418;590;0;0;53052232;48152796;20153643;51970;51705282;21813801;13769;0;9
FR;0;2021-12-24;10696;26077;111041;398;11682;126672;236;0;1;53062928;48178873;20264684;52368;51716964;21940473;14005;0;10
FR;0;2021-12-25;777;3587;7596;25;2056;9025;72;0;0;53063705;48182460;20272280;52393;51719020;21949498;14077;0;10
FR;0;2021-12-26;4697;11893;52110;142;4747;60155;170;0;0;53068402;48194353;20324390;52535;51723767;22009653;14247;0;10
FR;0;2021-12-27;30512;83991;453593;1364;33127;509216;665;0;0;53098914;48278344;20777983;53899;51756894;22518869;14912;0;10
FR;0;2021-12-28;38369;98926;564203;1769;35212;632297;1557;0;2;53137283;48377270;21342186;55668;51792106;23151166;16469;0;12
FR;0;2021-12-29;39880;88274;501249;1687;33201;561030;1741;0;1;53177163;48465544;21843435;57355;51825307;23712196;18210;0;13
FR;0;2021-12-30;35927;75144;421054;1521;29593;471150;1882;0;0;53213090;48540688;22264489;58876;51854900;24183346;20092;0;13
FR;0;2021-12-31;12050;25111;116888;405;11302;131672;741;0;0;53225140;48565799;22381377;59281;51866202;24315018;20833;0;13
FR;0;2022-01-01;1580;3217;8527;37;1800;9944;102;0;0;53226720;48569016;22389904;59318;51868002;24324962;20935;0;13
FR;0;2022-01-02;6119;13012;58430;125;5108;66959;408;0;0;53232839;48582028;22448334;59443;51873110;24391921;21343;0;13
FR;0;2022-01-03;38306;90238;494867;1596;36949;551760;2647;0;1;53271145;48672266;22943201;61039;51910059;24943681;23990;0;14
FR;0;2022-01-04;42135;111093;641431;2307;40754;714431;3839;0;3;53313280;48783359;23584632;63346;51950813;25658112;27829;0;17
FR;0;2022-01-05;61197;103667;569230;1984;43859;634273;3428;0;2;53374477;48887026;24153862;65330;51994672;26292385;31257;0;19
FR;0;2022-01-06;44296;110368;639005;2698;40283;711514;4556;0;2;53418773;48997394;24792867;68028;52034955;27003899;35813;0;21
FR;0;2022-01-07;50831;123398;711030;2811;46933;790533;4996;0;2;53469604;49120792;25503897;70839;52081888;27794432;40809;0;23
FR;0;2022-01-08;45010;80303;423824;1213;35072;472895;2444;0;3;53514614;49201095;25927721;72052;52116960;28267327;43253;0;26
FR;0;2022-01-09;15614;26636;128570;300;11514;145659;829;0;0;53530228;49227731;26056291;72352;52128474;28412986;44082;0;26
FR;0;2022-01-10;35396;93348;469358;1813;43098;522754;3719;0;1;53565624;49321079;26525649;74165;52171572;28935740;47801;0;27
FR;0;2022-01-11;41935;100507;548284;2306;42464;608544;5214;0;2;53607559;49421586;27073933;76471;52214036;29544284;53015;0;29
FR;0;2022-01-12;60408;95761;452715;1968;49547;504378;4497;0;8;53667967;49517347;27526648;78439;52263583;30048662;57512;0;37
FR;0;2022-01-13;38265;92573;487371;2084;40613;541049;5467;0;8;53706232;49609920;28014019;80523;52304196;30589711;62979;0;45
FR;0;2022-01-14;42578;103384;568633;2286;43582;629025;6465;0;2;53748810;49713304;28582652;82809;52347778;31218736;69444;0;47
FR;0;2022-01-15;39426;65922;340149;984;31469;377574;3294;0;1;53788236;49779226;28922801;83793;52379247;31596310;72738;0;48
FR;0;2022-01-16;11412;19226;87437;216;9028;99413;763;0;0;53799648;49798452;29010238;84009;52388275;31695723;73501;0;48
FR;0;2022-01-17;24739;60063;320299;1382;28099;354154;3960;0;4;53824387;49858515;29330537;85391;52416374;32049877;77461;0;52
FR;0;2022-01-18;28326;68721;361114;1801;32043;397568;5773;0;1;53852713;49927236;29691651;87192;52448417;32447445;83234;0;53
FR;0;2022-01-19;43220;67084;281319;1450;40423;311092;4387;0;5;53895933;49994320;29972970;88642;52488840;32758537;87621;0;58
FR;0;2022-01-20;23667;59635;299036;1742;29582;328513;5633;0;4;53919600;50053955;30272006;90384;52518422;33087050;93254;0;62
FR;0;2022-01-21;28206;68828;366387;2086;33123;401203;6579;0;3;53947806;50122783;30638393;92470;52551545;33488253;99833;0;65
FR;0;2022-01-22;27630;47991;218793;839;27321;241775;2838;0;2;53975436;50170774;30857186;93309;52578866;33730028;102671;0;67
FR;0;2022-01-23;6738;12975;48682;173;7506;55164;591;0;1;53982174;50183749;30905868;93482;52586372;33785192;103262;0;68
FR;0;2022-01-24;16275;47486;217329;1142;25432;239340;4100;0;3;53998449;50231235;31123197;94624;52611804;34024532;107362;0;71
FR;0;2022-01-25;19029;54360;243070;1548;28822;267096;6065;0;5;54017478;50285595;31366267;96172;52640626;34291628;113427;0;76
FR;0;2022-01-26;28147;60542;209294;1298;41363;229509;4479;0;3;54045625;50346137;31575561;97470;52681989;34521137;117906;0;79
FR;0;2022-01-27;16335;46466;207652;1276;26149;226015;5688;0;4;54061960;50392603;31783213;98746;52708138;34747152;123594;0;83
FR;0;2022-01-28;21589;78691;290066;1572;44988;321350;7411;0;4;54083549;50471294;32073279;100318;52753126;35068502;131005;0;87
FR;0;2022-01-29;18419;52879;184130;689;32762;204578;3256;0;2;54101968;50524173;32257409;101007;52785888;35273080;134261;0;89
FR;0;2022-01-30;4476;14481;39143;124;9136;45060;638;0;1;54106444;50538654;32296552;101131;52795024;35318140;134899;0;90
FR;0;2022-01-31;11259;43949;148210;742;26157;164747;4233;0;5;54117703;50582603;32444762;101873;52821181;35482887;139132;0;95
FR;0;2022-02-01;13635;48332;174136;1144;27349;191367;7046;0;1;54131338;50630935;32618898;103017;52848530;35674254;146178;0;96
FR;0;2022-02-02;20638;66331;171544;1034;46172;190095;5977;0;10;54151976;50697266;32790442;104051;52894702;35864349;152155;0;106
FR;0;2022-02-03;11536;44803;157565;990;25344;173294;6946;0;6;54163512;50742069;32948007;105041;52920046;36037643;159101;0;112
FR;0;2022-02-04;14635;66929;239255;1266;36540;264112;9163;0;6;54178147;50808998;33187262;106307;52956586;36301755;168264;0;118
FR;0;2022-02-05;12900;51461;153559;523;31989;172310;3792;0;3;54191047;50860459;33340821;106830;52988575;36474065;172056;0;121
FR;0;2022-02-06;2725;12175;28893;101;7288;33831;661;0;0;54193772;50872634;33369714;106931;52995863;36507896;172717;0;121
FR;0;2022-02-07;9589;46665;156894;593;24539;176313;5294;0;6;54203361;50919299;33526608;107524;53020402;36684209;178011;0;127
FR;0;2022-02-08;9806;43096;166644;868;20960;184438;7053;0;6;54213167;50962395;33693252;108392;53041362;36868647;185064;0;133
FR;0;2022-02-09;14372;58252;172349;875;35351;193058;5787;0;9;54227539;51020647;33865601;109267;53076713;37061705;190851;0;142
FR;0;2022-02-10;8719;39205;150236;879;18680;166713;6502;0;2;54236258;51059852;34015837;110146;53095393;37228418;197353;0;144
FR;0;2022-02-11;10860;55682;218514;1101;25822;243109;8322;0;3;54247118;51115534;34234351;111247;53121215;37471527;205675;0;147
FR;0;2022-02-12;8404;40962;134736;465;22629;151765;3508;0;4;54255522;51156496;34369087;111712;53143844;37623292;209183;0;151
FR;0;2022-02-13;1933;8601;26564;86;4409;30924;544;0;3;54257455;51165097;34395651;111798;53148253;37654216;209727;0;154
FR;0;2022-02-14;6990;35253;148385;485;14664;166381;4787;0;5;54264445;51200350;34544036;112283;53162917;37820597;214514;0;159
FR;0;2022-02-15;7064;36224;146988;751;15993;162572;6850;0;3;54271509;51236574;34691024;113034;53178910;37983169;221364;0;162
FR;0;2022-02-16;9411;42981;132539;720;25969;146758;5725;0;6;54280920;51279555;34823563;113754;53204879;38129927;227089;0;168
FR;0;2022-02-17;5579;24335;87309;586;13140;94882;5406;0;5;54286499;51303890;34910872;114340;53218019;38224809;232495;0;173
FR;0;2022-02-18;6995;33581;119665;807;18752;129329;7416;0;2;54293494;51337471;35030537;115147;53236771;38354138;239911;0;175
FR;0;2022-02-19;5369;24557;70029;370;15908;77339;3019;0;2;54298863;51362028;35100566;115517;53252679;38431477;242930;0;177
FR;0;2022-02-20;1148;4656;12175;39;2913;13954;460;0;1;54300011;51366684;35112741;115556;53255592;38445431;243390;0;178
FR;0;2022-02-21;4097;17888;61958;351;10168;67185;4059;0;2;54304108;51384572;35174699;115907;53265760;38512616;247449;0;180
FR;0;2022-02-22;4461;18656;60837;577;11258;64479;5254;0;1;54308569;51403228;35235536;116484;53277018;38577095;252703;0;181
FR;0;2022-02-23;6591;27357;66500;591;19627;71896;4595;0;3;54315160;51430585;35302036;117075;53296645;38648991;257298;0;184
FR;0;2022-02-24;3850;15546;50428;519;9509;53248;4531;0;2;54319010;51446131;35352464;117594;53306154;38702239;261829;0;186
FR;0;2022-02-25;5283;24094;76362;803;15070;80095;7334;0;7;54324293;51470225;35428826;118397;53321224;38782334;269163;0;193
FR;0;2022-02-26;3990;17768;47416;359;12170;51483;3083;0;3;54328283;51487993;35476242;118756;53333394;38833817;272246;0;196
FR;0;2022-02-27;880;3009;8036;47;1978;8947;529;0;0;54329163;51491002;35484278;118803;53335372;38842764;272775;0;196
FR;0;2022-02-28;3122;12550;40489;359;7586;42923;3857;0;0;54332285;51503552;35524767;119162;53342958;38885687;276632;0;196
FR;0;2022-03-01;4002;12605;44200;437;7632;44870;5519;0;6;54336287;51516157;35568967;119599;53350590;38930557;282151;0;202
FR;0;2022-03-02;5328;17796;47143;445;12855;49075;4928;0;2;54341615;51533953;35616110;120044;53363445;38979632;287079;0;204
FR;0;2022-03-03;2825;9352;29896;370;6249;30020;4048;0;2;54344440;51543305;35646006;120414;53369694;39009652;291127;0;206
FR;0;2022-03-04;3222;12459;40314;667;8457;39463;6231;0;4;54347662;51555764;35686320;121081;53378151;39049115;297358;0;210
FR;0;2022-03-05;3073;9283;24956;314;7126;25120;3134;0;1;54350735;51565047;35711276;121395;53385277;39074235;300492;0;211
FR;0;2022-03-06;520;1399;3198;43;1022;3441;379;0;0;54351255;51566446;35714474;121438;53386299;39077676;300871;0;211
FR;0;2022-03-07;2358;5631;18432;315;3849;17702;3307;0;4;54353613;51572077;35732906;121753;53390148;39095378;304178;0;215
FR;0;2022-03-08;2146;6077;19448;363;4331;17919;4095;0;3;54355759;51578154;35752354;122116;53394479;39113297;308273;0;218
FR;0;2022-03-09;3579;10498;22188;407;8726;21284;4038;0;4;54359338;51588652;35774542;122523;53403205;39134581;312311;0;222
FR;0;2022-03-10;1822;5833;17001;344;4378;15828;3407;0;3;54361160;51594485;35791543;122867;53407583;39150409;315718;0;225
FR;0;2022-03-11;2416;7557;24502;545;5435;22270;5479;0;2;54363576;51602042;35816045;123412;53413018;39172679;321197;0;227
FR;0;2022-03-12;2686;6777;17164;309;5497;16519;3135;0;2;54366262;51608819;35833209;123721;53418515;39189198;324332;0;229
FR;0;2022-03-13;404;791;2324;149;599;2273;537;0;0;54366666;51609610;35835533;123870;53419114;39191471;324869;0;229
FR;0;2022-03-14;1550;4274;14985;4412;2809;13840;7294;0;8;54368216;51613884;35850518;128282;53421923;39205311;332163;0;237
FR;0;2022-03-15;1749;6295;16381;7554;4812;14611;11032;0;9;54369965;51620179;35866899;135836;53426735;39219922;343195;0;246
FR;0;2022-03-16;3034;7406;19426;13139;6208;18105;16295;0;8;54372999;51627585;35886325;148975;53432943;39238027;359490;0;254
FR;0;2022-03-17;1453;3986;13149;10846;2805;11991;13312;0;8;54374452;51631571;35899474;159821;53435748;39250018;372802;0;262
FR;0;2022-03-18;2270;5755;20010;18306;4097;18106;22038;0;15;54376722;51637326;35919484;178127;53439845;39268124;394840;0;277
FR;0;2022-03-19;2294;4803;13115;9404;4139;12418;11407;0;6;54379016;51642129;35932599;187531;53443984;39280542;406247;0;283
FR;0;2022-03-20;300;734;1918;1073;526;1929;1340;0;2;54379316;51642863;35934517;188604;53444510;39282471;407587;0;285
FR;0;2022-03-21;1392;3220;12726;14950;2155;11950;16910;0;11;54380708;51646083;35947243;203554;53446665;39294421;424497;0;296
FR;0;2022-03-22;1519;3736;13798;20550;2576;12553;22841;0;5;54382227;51649819;35961041;224104;53449241;39306974;447338;0;301
FR;0;2022-03-23;2682;6291;17726;23151;5222;17240;25266;0;40;54384909;51656110;35978767;247255;53454463;39324214;472604;0;341
FR;0;2022-03-24;1406;3159;11595;17615;2248;10681;19389;0;23;54386315;51659269;35990362;264870;53456711;39334895;491993;0;364
FR;0;2022-03-25;2083;5157;18570;27775;3684;16908;30809;0;31;54388398;51664426;36008932;292645;53460395;39351803;522802;0;395
FR;0;2022-03-26;2230;4414;12079;12678;3861;11519;14400;0;26;54390628;51668840;36021011;305323;53464256;39363322;537202;0;421
FR;0;2022-03-27;360;693;1909;1482;514;1943;1739;0;1;54390988;51669533;36022920;306805;53464770;39365265;538941;0;422
FR;0;2022-03-28;1464;3077;11128;17490;2114;10619;19067;0;16;54392452;51672610;36034048;324295;53466884;39375884;558008;0;438
FR;0;2022-03-29;1454;3269;12907;27583;2085;12051;29281;0;34;54393906;51675879;36046955;351878;53468969;39387935;587289;0;472
FR;0;2022-03-30;2852;5508;15684;27423;4692;15084;29332;0;21;54396758;51681387;36062639;379301;53473661;39403019;616621;0;493
FR;0;2022-03-31;1610;3568;12987;25022;2549;12327;26631;0;43;54398368;51684955;36075626;404323;53476210;39415346;643252;0;536
FR;0;2022-04-01;2681;4584;20075;30894;2968;18717;33487;0;61;54401049;51689539;36095701;435217;53479178;39434063;676739;0;597
FR;0;2022-04-02;1531;2644;9052;10133;2009;8722;11295;0;29;54402580;51692183;36104753;445350;53481187;39442785;688034;0;626
FR;0;2022-04-03;290;514;1562;1170;359;1579;1381;0;2;54402870;51692697;36106315;446520;53481546;39444364;689415;0;628
FR;0;2022-04-04;2628;2886;12374;19127;1898;11581;20601;0;35;54405498;51695583;36118689;465647;53483444;39455945;710016;0;663
FR;0;2022-04-05;2425;3156;14341;34140;2035;13193;35757;0;85;54407923;51698739;36133030;499787;53485479;39469138;745773;0;748
FR;0;2022-04-06;2532;3945;13539;26499;3011;12808;27972;0;72;54410455;51702684;36146569;526286;53488490;39481946;773745;0;820
FR;0;2022-04-07;1828;3134;13676;33779;1985;12887;35136;0;76;54412283;51705818;36160245;560065;53490475;39494833;808881;0;896
FR;0;2022-04-08;2214;4276;19222;43986;2611;17828;46354;0;89;54414497;51710094;36179467;604051;53493086;39512661;855235;0;985
FR;0;2022-04-09;1366;2679;9313;13564;1900;8866;14798;0;30;54415863;51712773;36188780;617615;53494986;39521527;870033;0;1015
FR;0;2022-04-10;293;746;1984;2017;542;2006;2279;0;7;54416156;51713519;36190764;619632;53495528;39523533;872312;0;1022
FR;0;2022-04-11;1325;2621;11871;23908;1636;11482;25178;0;74;54417481;51716140;36202635;643540;53497164;39535015;897490;0;1096
FR;0;2022-04-12;1707;3073;14015;40911;1955;13389;41800;0;127;54419188;51719213;36216650;684451;53499119;39548404;939290;0;1223
FR;0;2022-04-13;1971;3718;13407;33107;2716;13030;34074;0;96;54421159;51722931;36230057;717558;53501835;39561434;973364;0;1319
FR;0;2022-04-14;1497;2970;13213;36314;1898;13071;36983;0;106;54422656;51725901;36243270;753872;53503733;39574505;1010347;0;1425
FR;0;2022-04-15;1867;3753;15634;35566;2500;14912;37215;0;115;54424523;51729654;36258904;789438;53506233;39589417;1047562;0;1540
FR;0;2022-04-16;1043;1829;6399;8552;1259;6261;9435;0;40;54425566;51731483;36265303;797990;53507492;39595678;1056997;0;1580
FR;0;2022-04-17;193;337;993;1174;221;1036;1242;0;7;54425759;51731820;36266296;799164;53507713;39596714;1058239;0;1587
FR;0;2022-04-18;197;541;2767;1072;342;2786;1286;0;5;54425956;51732361;36269063;800236;53508055;39599500;1059525;0;1592
FR;0;2022-04-19;1539;3028;12916;29666;1872;12476;30713;0;78;54427495;51735389;36281979;829902;53509927;39611976;1090238;0;1670
FR;0;2022-04-20;1997;3484;13305;29060;2594;12991;30080;0;96;54429492;51738873;36295284;858962;53512521;39624967;1120318;0;1766
FR;0;2022-04-21;1513;2850;12547;35173;1821;12621;35765;0;117;54431005;51741723;36307831;894135;53514342;39637588;1156083;0;1883
FR;0;2022-04-22;1866;3612;16475;37606;2387;15835;39144;0;131;54432871;51745335;36324306;931741;53516729;39653423;1195227;0;2014
FR;0;2022-04-23;1145;2062;7386;10658;1471;7237;11443;0;38;54434016;51747397;36331692;942399;53518200;39660660;1206670;0;2052
FR;0;2022-04-24;250;461;1475;1589;320;1413;1845;0;7;54434266;51747858;36333167;943988;53518520;39662073;1208515;0;2059
FR;0;2022-04-25;1306;2532;10682;21054;1611;10490;22075;0;79;54435572;51750390;36343849;965042;53520131;39672563;1230590;0;2138
FR;0;2022-04-26;1622;3003;13664;38592;1962;13108;39388;0;181;54437194;51753393;36357513;1003634;53522093;39685671;1269978;0;2319
FR;0;2022-04-27;1964;3060;11538;31031;2271;11595;31450;0;130;54439158;51756453;36369051;1034665;53524364;39697266;1301428;0;2449
FR;0;2022-04-28;1569;2770;12528;36216;1852;12270;36532;0;139;54440727;51759223;36381579;1070881;53526216;39709536;1337960;0;2588
FR;0;2022-04-29;2007;4808;15552;37270;3615;14929;38738;0;164;54442734;51764031;36397131;1108151;53529831;39724465;1376698;0;2752
FR;0;2022-04-30;1215;2656;6926;9717;2152;6754;10608;0;44;54443949;51766687;36404057;1117868;53531983;39731219;1387306;0;2796
FR;0;2022-05-01;218;325;915;997;229;910;1138;0;6;54444167;51767012;36404972;1118865;53532212;39732129;1388444;0;2802
FR;0;2022-05-02;2079;2943;11152;18171;2040;10984;19017;0;69;54446246;51769955;36416124;1137036;53534252;39743113;1407461;0;2871
FR;0;2022-05-03;1994;3260;13721;34679;2124;13562;35601;0;163;54448240;51773215;36429845;1171715;53536376;39756675;1443062;0;3034
FR;0;2022-05-04;1912;3294;12181;25634;2295;12298;26184;0;110;54450152;51776509;36442026;1197349;53538671;39768973;1469246;0;3144
FR;0;2022-05-05;1768;2995;13057;33572;1972;12904;34239;0;179;54451920;51779504;36455083;1230921;53540643;39781877;1503485;0;3323
FR;0;2022-05-06;2213;3656;15346;36785;2315;14855;38248;0;182;54454133;51783160;36470429;1267706;53542958;39796732;1541733;0;3505
FR;0;2022-05-07;1206;1779;6461;9611;1253;6452;10336;0;48;54455339;51784939;36476890;1277317;53544211;39803184;1552069;0;3553
FR;0;2022-05-08;267;400;1173;1547;289;1234;1653;0;8;54455606;51785339;36478063;1278864;53544500;39804418;1553722;0;3561
FR;0;2022-05-09;1381;2299;9925;20259;1407;9795;21176;0;102;54456987;51787638;36487988;1299123;53545907;39814213;1574898;0;3663
FR;0;2022-05-10;1779;3369;13576;38988;2231;13131;40016;0;200;54458766;51791007;36501564;1338111;53548138;39827344;1614914;0;3863
FR;0;2022-05-11;1996;3010;10749;27921;2314;10694;28427;0;148;54460762;51794017;36512313;1366032;53550452;39838038;1643341;0;4011
FR;0;2022-05-12;1588;2718;11375;35697;1787;11046;36458;0;211;54462350;51796735;36523688;1401729;53552239;39849084;1679799;0;4222
FR;0;2022-05-13;1975;3217;13757;37970;2058;13344;39236;0;162;54464325;51799952;36537445;1439699;53554297;39862428;1719035;0;4384
FR;0;2022-05-14;1148;1637;5937;10776;1195;5800;11364;0;57;54465473;51801589;36543382;1450475;53555492;39868228;1730399;0;4441
FR;0;2022-05-15;281;474;1278;1438;298;1361;1591;0;6;54465754;51802063;36544660;1451913;53555790;39869589;1731990;0;4447
FR;0;2022-05-16;1194;2040;8687;21053;1242;8682;21592;0;128;54466948;51804103;36553347;1472966;53557032;39878271;1753582;0;4575
FR;0;2022-05-17;1587;2597;11824;37874;1662;11402;38714;0;180;54468535;51806700;36565171;1510840;53558694;39889673;1792296;0;4755
FR;0;2022-05-18;1814;2650;9686;27157;1953;9660;27774;0;109;54470349;51809350;36574857;1537997;53560647;39899333;1820070;0;4864
FR;0;2022-05-19;1445;2652;10572;35832;1626;10713;36020;0;162;54471794;51812002;36585429;1573829;53562273;39910046;1856090;0;5026
FR;0;2022-05-20;1872;3111;13418;39366;2070;12909;40384;0;168;54473666;51815113;36598847;1613195;53564343;39922955;1896474;0;5194
FR;0;2022-05-21;1158;1706;5660;9897;1300;5532;10533;0;45;54474824;51816819;36604507;1623092;53565643;39928487;1907007;0;5239
FR;0;2022-05-22;238;341;1028;1437;262;1016;1580;0;10;54475062;51817160;36605535;1624529;53565905;39929503;1908587;0;5249
FR;0;2022-05-23;1173;2119;8879;20347;1401;8828;21002;0;86;54476235;51819279;36614414;1644876;53567306;39938331;1929589;0;5335
FR;0;2022-05-24;1539;2758;11359;38873;1733;11229;39504;0;190;54477774;51822037;36625773;1683749;53569039;39949560;1969093;0;5525
FR;0;2022-05-25;1814;2831;9341;24841;2070;9478;25317;0;116;54479588;51824868;36635114;1708590;53571109;39959038;1994410;0;5641
FR;0;2022-05-26;209;422;1662;1201;286;1673;1342;0;27;54479797;51825290;36636776;1709791;53571395;39960711;1995752;0;5668
FR;0;2022-05-27;1384;2469;9260;21290;1661;9001;22323;0;94;54481181;51827759;36646036;1731081;53573056;39969712;2018075;0;5762
FR;0;2022-05-28;669;1264;3915;6791;844;3965;7201;0;38;54481850;51829023;36649951;1737872;53573900;39973677;2025276;0;5800
FR;0;2022-05-29;157;315;752;918;200;773;1030;0;4;54482007;51829338;36650703;1738790;53574100;39974450;2026306;0;5804
FR;0;2022-05-30;1025;1957;6993;19295;1239;7010;19807;0;91;54483032;51831295;36657696;1758085;53575339;39981460;2046113;0;5895
FR;0;2022-05-31;1489;2503;9819;35653;1633;9641;36285;0;171;54484521;51833798;36667515;1793738;53576972;39991101;2082398;0;6066
FR;0;2022-06-01;1735;3097;11018;24531;2244;10883;25485;0;121;54486256;51836895;36678533;1818269;53579216;40001984;2107883;0;6187
FR;0;2022-06-02;1475;2611;11305;35564;1712;10863;36509;0;173;54487731;51839506;36689838;1853833;53580928;40012847;2144392;0;6360
FR;0;2022-06-03;1725;3068;13394;38722;2037;12758;39992;0;176;54489456;51842574;36703232;1892555;53582965;40025605;2184384;0;6536
FR;0;2022-06-04;971;1515;5043;9112;1075;5114;9648;0;73;54490427;51844089;36708275;1901667;53584040;40030719;2194032;0;6609
FR;0;2022-06-05;177;335;875;1106;205;886;1228;0;4;54490604;51844424;36709150;1902773;53584245;40031605;2195260;0;6613
FR;0;2022-06-06;568;1203;2119;1326;1029;2133;1507;0;12;54491172;51845627;36711269;1904099;53585274;40033738;2196767;0;6625
FR;0;2022-06-07;1408;2701;9850;35583;1779;9429;36809;0;153;54492580;51848328;36721119;1939682;53587053;40043167;2233576;0;6778
FR;0;2022-06-08;1561;2692;9164;28727;1939;9005;29694;0;112;54494141;51851020;36730283;1968409;53588992;40052172;2263270;0;6890
FR;0;2022-06-09;1288;2436;10620;39491;1551;10264;40267;0;167;54495429;51853456;36740903;2007900;53590543;40062436;2303537;0;7057
FR;0;2022-06-10;1626;3077;13082;44804;2043;12628;46143;0;224;54497055;51856533;36753985;2052704;53592586;40075064;2349680;0;7281
FR;0;2022-06-11;957;1737;5436;11625;1122;5468;12211;0;55;54498012;51858270;36759421;2064329;53593708;40080532;2361891;0;7336
FR;0;2022-06-12;197;443;1074;1764;253;1137;1865;0;11;54498209;51858713;36760495;2066093;53593961;40081669;2363756;0;7347
FR;0;2022-06-13;1090;2057;7437;23182;1331;7268;24096;0;90;54499299;51860770;36767932;2089275;53595292;40088937;2387852;0;7437
FR;0;2022-06-14;1318;2531;10448;44941;1580;9804;46137;0;200;54500617;51863301;36778380;2134216;53596872;40098741;2433989;0;7637
FR;0;2022-06-15;1509;2452;9319;30884;1921;8951;31580;0;178;54502126;51865753;36787699;2165100;53598793;40107692;2465569;0;7815
FR;0;2022-06-16;1180;2034;9911;39922;1267;9323;40942;0;201;54503306;51867787;36797610;2205022;53600060;40117015;2506511;0;8016
FR;0;2022-06-17;1486;2845;12471;46630;1769;11894;47855;0;239;54504792;51870632;36810081;2251652;53601829;40128909;2554366;0;8255
FR;0;2022-06-18;854;1525;4563;11123;1035;4498;11717;0;67;54505646;51872157;36814644;2262775;53602864;40133407;2566083;0;8322
FR;0;2022-06-19;183;363;1058;1615;208;1130;1701;0;14;54505829;51872520;36815702;2264390;53603072;40134537;2567784;0;8336
FR;0;2022-06-20;1024;1917;8906;26069;1189;8565;27013;0;153;54506853;51874437;36824608;2290459;53604261;40143102;2594797;0;8489
FR;0;2022-06-21;1325;2398;10305;49889;1533;9333;51276;0;264;54508178;51876835;36834913;2340348;53605794;40152435;2646073;0;8753
FR;0;2022-06-22;1389;2501;8912;39054;1793;8418;39998;0;256;54509567;51879336;36843825;2379402;53607587;40160853;2686071;0;9009
FR;0;2022-06-23;1226;2361;10677;55094;1357;9883;56226;0;320;54510793;51881697;36854502;2434496;53608944;40170736;2742297;0;9329
FR;0;2022-06-24;1486;2986;13643;69175;1741;12304;70993;0;405;54512279;51884683;36868145;2503671;53610685;40183040;2813290;0;9734
FR;0;2022-06-25;939;1779;6233;19915;1111;5985;20770;0;176;54513218;51886462;36874378;2523586;53611796;40189025;2834060;0;9910
FR;0;2022-06-26;229;459;1953;3688;259;1817;3967;0;39;54513447;51886921;36876331;2527274;53612055;40190842;2838027;0;9949
FR;0;2022-06-27;1129;2016;10496;48481;1172;9637;49749;0;339;54514576;51888937;36886827;2575755;53613227;40200479;2887776;0;10288
FR;0;2022-06-28;1456;2810;14662;91375;1577;13082;93143;0;624;54516032;51891747;36901489;2667130;53614804;40213561;2980919;0;10912
FR;0;2022-06-29;1708;2825;12291;71881;1839;11238;73024;0;548;54517740;51894572;36913780;2739011;53616643;40224799;3053943;0;11460
FR;0;2022-06-30;1532;2715;14389;95159;1634;12469;97174;0;724;54519272;51897287;36928169;2834170;53618277;40237268;3151117;0;12184
FR;0;2022-07-01;1993;3795;21494;115923;2301;18848;118567;0;954;54521265;51901082;36949663;2950093;53620578;40256116;3269684;0;13138
FR;0;2022-07-02;1085;1855;8524;35748;1101;7701;36869;0;342;54522350;51902937;36958187;2985841;53621679;40263817;3306553;0;13480
FR;0;2022-07-03;291;539;2091;6455;317;1894;6804;0;79;54522641;51903476;36960278;2992296;53621996;40265711;3313357;0;13559
FR;0;2022-07-04;1687;3289;14705;79212;2148;12979;81288;0;639;54524328;51906765;36974983;3071508;53624144;40278690;3394645;0;14198
FR;0;2022-07-05;1717;3137;18829;133248;1766;16011;135538;0;1145;54526045;51909902;36993812;3204756;53625910;40294701;3530183;0;15343
FR;0;2022-07-06;1817;2770;15849;99568;1833;13637;101136;0;900;54527862;51912672;37009661;3304324;53627743;40308338;3631319;0;16243
FR;0;2022-07-07;1705;2865;17996;126029;1703;14774;128356;0;1180;54529567;51915537;37027657;3430353;53629446;40323112;3759675;0;17423
FR;0;2022-07-08;1888;3147;20748;137079;1847;16762;140073;0;1346;54531455;51918684;37048405;3567432;53631293;40339874;3899748;0;18769
FR;0;2022-07-09;866;1456;7740;37920;874;6685;38764;0;426;54532321;51920140;37056145;3605352;53632167;40346559;3938512;0;19195
FR;0;2022-07-10;263;560;2345;7003;313;2124;7394;0;94;54532584;51920700;37058490;3612355;53632480;40348683;3945906;0;19289
FR;0;2022-07-11;1429;2456;15013;88270;1379;12500;90462;0;801;54534013;51923156;37073503;3700625;53633859;40361183;4036368;0;20090
FR;0;2022-07-12;1796;3099;20526;143950;1694;16721;146653;0;1604;54535809;51926255;37094029;3844575;53635553;40377904;4183021;0;21694
FR;0;2022-07-13;1736;2734;15689;94528;1645;13267;96388;0;1080;54537545;51928989;37109718;3939103;53637198;40391171;4279409;0;22774
FR;0;2022-07-14;183;368;1952;5533;216;1831;5700;0;82;54537728;51929357;37111670;3944636;53637414;40393002;4285109;0;22856
FR;0;2022-07-15;1476;2554;15112;84452;1414;12594;86611;0;1034;54539204;51931911;37126782;4029088;53638828;40405596;4371720;0;23890
FR;0;2022-07-16;617;1178;5948;24976;683;5155;25667;0;327;54539821;51933089;37132730;4054064;53639511;40410751;4397387;0;24217
FR;0;2022-07-17;177;389;1737;4663;213;1567;4935;0;66;54539998;51933478;37134467;4058727;53639724;40412318;4402322;0;24283
FR;0;2022-07-18;1130;2245;11824;61796;1333;9973;63660;0;780;54541128;51935723;37146291;4120523;53641057;40422291;4465982;0;25063
FR;0;2022-07-19;1415;2344;15469;103678;1383;12291;105865;0;1459;54542543;51938067;37161760;4224201;53642440;40434582;4571847;0;26522
FR;0;2022-07-20;1417;2287;12954;77561;1456;10727;79149;0;1051;54543960;51940354;37174714;4301762;53643896;40445309;4650996;0;27573
FR;0;2022-07-21;1284;2163;13085;88229;1364;10488;89711;0;1315;54545244;51942517;37187799;4389991;53645260;40455797;4740707;0;28888
FR;0;2022-07-22;1399;2452;14805;89515;1439;11955;91385;0;1347;54546643;51944969;37202604;4479506;53646699;40467752;4832092;0;30235
FR;0;2022-07-23;670;1303;5529;22477;816;4852;23073;0;412;54547313;51946272;37208133;4501983;53647515;40472604;4855165;0;30647
FR;0;2022-07-24;183;351;1397;3900;199;1238;4128;0;72;54547496;51946623;37209530;4505883;53647714;40473842;4859293;0;30719
FR;0;2022-07-25;1056;1790;9487;48066;1140;7836;49506;0;737;54548552;51948413;37219017;4553949;53648854;40481678;4908799;0;31456
FR;0;2022-07-26;1289;2206;13303;85416;1312;10827;87114;0;1310;54549841;51950619;37232320;4639365;53650166;40492505;4995913;0;32766
FR;0;2022-07-27;1220;2003;10234;61289;1332;8529;62493;0;971;54551061;51952622;37242554;4700654;53651498;40501034;5058406;0;33737
FR;0;2022-07-28;1088;1859;10307;64390;1249;8214;65625;0;1046;54552149;51954481;37252861;4765044;53652747;40509248;5124031;0;34783
FR;0;2022-07-29;1281;2054;11001;65865;1361;8758;67293;0;1139;54553430;51956535;37263862;4830909;53654108;40518006;5191324;0;35922
FR;0;2022-07-30;499;854;3519;15281;589;2971;15662;0;303;54553929;51957389;37267381;4846190;53654697;40520977;5206986;0;36225
FR;0;2022-07-31;152;288;929;2439;184;788;2588;0;49;54554081;51957677;37268310;4848629;53654881;40521765;5209574;0;36274
FR;0;2022-08-01;840;1550;7588;30234;1143;6384;31307;0;548;54554921;51959227;37275898;4878863;53656024;40528149;5240881;0;36822
FR;0;2022-08-02;1020;1633;8571;56102;1136;6884;56790;0;1169;54555941;51960860;37284469;4934965;53657160;40535033;5297671;0;37991
FR;0;2022-08-03;835;1257;6418;38672;891;5140;39407;0;702;54556776;51962117;37290887;4973637;53658051;40540173;5337078;0;38693
FR;0;2022-08-04;731;1179;6566;43153;775;5296;43719;0;916;54557507;51963296;37297453;5016790;53658826;40545469;5380797;0;39609
FR;0;2022-08-05;851;1354;7092;44942;959;5667;45609;0;993;54558358;51964650;37304545;5061732;53659785;40551136;5426406;0;40602
FR;0;2022-08-06;338;555;2098;9366;396;1756;9566;0;228;54558696;51965205;37306643;5071098;53660181;40552892;5435972;0;40830
FR;0;2022-08-07;104;155;536;1621;112;453;1701;0;38;54558800;51965360;37307179;5072719;53660293;40553345;5437673;0;40868
FR;0;2022-08-08;562;1008;4016;22096;763;3278;22539;0;490;54559362;51966368;37311195;5094815;53661056;40556623;5460212;0;41358
FR;0;2022-08-09;685;1136;5966;39934;822;4797;40424;0;843;54560047;51967504;37317161;5134749;53661878;40561420;5500636;0;42201
FR;0;2022-08-10;632;1120;4653;28054;833;3793;28389;0;652;54560679;51968624;37321814;5162803;53662711;40565213;5529025;0;42853
FR;0;2022-08-11;613;1021;4482;29243;734;3702;29579;0;676;54561292;51969645;37326296;5192046;53663445;40568915;5558604;0;43529
FR;0;2022-08-12;709;1142;4741;28208;825;3913;28644;0;702;54562001;51970787;37331037;5220254;53664270;40572828;5587248;0;44231
FR;0;2022-08-13;212;409;1294;5255;307;1117;5414;0;121;54562213;51971196;37332331;5225509;53664577;40573945;5592662;0;44352
FR;0;2022-08-14;71;120;288;923;103;246;995;0;25;54562284;51971316;37332619;5226432;53664680;40574191;5593657;0;44377
FR;0;2022-08-15;82;182;607;562;148;555;616;0;19;54562366;51971498;37333226;5226994;53664828;40574746;5594273;0;44396
FR;0;2022-08-16;617;1053;3953;22173;814;3348;22365;0;615;54562983;51972551;37337179;5249167;53665642;40578094;5616638;0;45011
FR;0;2022-08-17;629;1013;3886;22895;790;3291;23139;0;620;54563612;51973564;37341065;5272062;53666432;40581385;5639777;0;45631
FR;0;2022-08-18;615;980;4107;26289;780;3248;26519;0;673;54564227;51974544;37345172;5298351;53667212;40584633;5666296;0;46304
FR;0;2022-08-19;601;1153;4484;27225;860;3685;27531;0;766;54564828;51975697;37349656;5325576;53668072;40588318;5693827;0;47070
FR;0;2022-08-20;290;494;1353;5567;391;1168;5727;0;145;54565118;51976191;37351009;5331143;53668463;40589486;5699554;0;47215
FR;0;2022-08-21;94;133;301;1008;94;263;1043;0;27;54565212;51976324;37351310;5332151;53668557;40589749;5700597;0;47242
FR;0;2022-08-22;546;981;3272;15346;757;2794;15677;0;425;54565758;51977305;37354582;5347497;53669314;40592543;5716274;0;47667
FR;0;2022-08-23;711;1171;4294;28989;846;3608;29074;0;870;54566469;51978476;37358876;5376486;53670160;40596151;5745348;0;48537
FR;0;2022-08-24;656;929;3494;19529;772;2856;19719;0;608;54567125;51979405;37362370;5396015;53670932;40599007;5765067;0;49145
FR;0;2022-08-25;623;1010;3935;23401;720;3283;23665;0;673;54567748;51980415;37366305;5419416;53671652;40602290;5788732;0;49818
FR;0;2022-08-26;848;1251;4473;25879;943;3664;26253;0;777;54568596;51981666;37370778;5445295;53672595;40605954;5814985;0;50595
FR;0;2022-08-27;293;497;1377;5462;358;1243;5526;0;194;54568889;51982163;37372155;5450757;53672953;40607197;5820511;0;50789
FR;0;2022-08-28;123;160;303;919;114;288;964;0;38;54569012;51982323;37372458;5451676;53673067;40607485;5821475;0;50827
FR;0;2022-08-29;617;963;3071;14632;762;2609;14947;0;432;54569629;51983286;37375529;5466308;53673829;40610094;5836422;0;51259
FR;0;2022-08-30;848;1205;4791;28541;883;3908;28871;0;823;54570477;51984491;37380320;5494849;53674712;40614002;5865293;0;52082
FR;0;2022-08-31;688;945;3200;17633;730;2709;17899;0;508;54571165;51985436;37383520;5512482;53675442;40616711;5883192;0;52590
FR;0;2022-09-01;727;979;4471;22464;691;3816;22739;0;622;54571892;51986415;37387991;5534946;53676133;40620527;5905931;0;53212
FR;0;2022-09-02;867;1135;5035;28608;819;4246;28901;0;914;54572759;51987550;37393026;5563554;53676952;40624773;5934832;0;54126
FR;0;2022-09-03;415;560;1917;6083;415;1663;6320;0;181;54573174;51988110;37394943;5569637;53677367;40626436;5941152;0;54307
FR;0;2022-09-04;131;150;351;873;85;347;942;0;24;54573305;51988260;37395294;5570510;53677452;40626783;5942094;0;54331
FR;0;2022-09-05;617;696;3140;16054;517;2618;16366;0;523;54573922;51988956;37398434;5586564;53677969;40629401;5958460;0;54854
FR;0;2022-09-06;792;1012;4730;31841;643;3861;32072;0;1040;54574714;51989968;37403164;5618405;53678612;40633262;5990532;0;55894
FR;0;2022-09-07;642;764;2994;16820;544;2474;16969;0;572;54575356;51990732;37406158;5635225;53679156;40635736;6007501;0;56466
FR;0;2022-09-08;616;848;3802;24842;580;3136;24930;0;818;54575972;51991580;37409960;5660067;53679736;40638872;6032431;0;57284
FR;0;2022-09-09;835;1008;4435;27643;649;3671;27821;0;948;54576807;51992588;37414395;5687710;53680385;40642543;6060252;0;58232
FR;0;2022-09-10;384;533;1730;5709;359;1530;5913;0;207;54577191;51993121;37416125;5693419;53680744;40644073;6066165;0;58439
FR;0;2022-09-11;122;129;321;656;90;305;714;0;17;54577313;51993250;37416446;5694075;53680834;40644378;6066879;0;58456
FR;0;2022-09-12;485;616;2680;13282;435;2287;13573;0;478;54577798;51993866;37419126;5707357;53681269;40646665;6080452;0;58934
FR;0;2022-09-13;609;832;3993;26501;518;3480;26384;0;875;54578407;51994698;37423119;5733858;53681787;40650145;6106836;0;59809
FR;0;2022-09-14;651;767;2951;16175;559;2466;16408;0;573;54579058;51995465;37426070;5750033;53682346;40652611;6123244;0;60382
FR;0;2022-09-15;553;774;3463;23553;525;2939;23635;0;725;54579611;51996239;37429533;5773586;53682871;40655550;6146879;0;61107
FR;0;2022-09-16;785;1029;4137;25898;711;3475;26121;0;932;54580396;51997268;37433670;5799484;53683582;40659025;6173000;0;62039
FR;0;2022-09-17;384;488;1449;6144;365;1279;6236;0;242;54580780;51997756;37435119;5805628;53683947;40660304;6179236;0;62281
FR;0;2022-09-18;115;139;323;960;117;291;1015;0;36;54580895;51997895;37435442;5806588;53684064;40660595;6180251;0;62317
FR;0;2022-09-19;445;634;2251;13199;433;1926;13381;0;436;54581340;51998529;37437693;5819787;53684497;40662521;6193632;0;62753
FR;0;2022-09-20;633;862;3779;26430;614;3148;26485;0;891;54581973;51999391;37441472;5846217;53685111;40665669;6220117;0;63644
FR;0;2022-09-21;575;763;2736;16257;567;2351;16249;0;586;54582548;52000154;37444208;5862474;53685678;40668020;6236366;0;64230
FR;0;2022-09-22;580;818;3412;23572;543;2781;23798;0;772;54583128;52000972;37447620;5886046;53686221;40670801;6260164;0;65002
FR;0;2022-09-23;827;1033;4490;28698;752;3758;28874;0;1017;54583955;52002005;37452110;5914744;53686973;40674559;6289038;0;66019
FR;0;2022-09-24;423;608;1639;6893;468;1414;7075;0;306;54584378;52002613;37453749;5921637;53687441;40675973;6296113;0;66325
FR;0;2022-09-25;98;186;335;1100;140;306;1142;0;37;54584476;52002799;37454084;5922737;53687581;40676279;6297255;0;66362
FR;0;2022-09-26;437;694;2286;13511;465;2015;13619;0;432;54584913;52003493;37456370;5936248;53688046;40678294;6310874;0;66794
FR;0;2022-09-27;609;832;3625;25935;602;2909;26089;0;959;54585522;52004325;37459995;5962183;53688648;40681203;6336963;0;67753
FR;0;2022-09-28;626;814;2548;15386;621;2294;15501;0;622;54586148;52005139;37462543;5977569;53689269;40683497;6352464;0;68375
FR;0;2022-09-29;562;758;3112;21029;535;2626;21056;40;809;54586710;52005897;37465655;5998598;53689804;40686123;6373520;40;69184
FR;0;2022-09-30;769;1090;3950;25547;798;3295;25814;713;1048;54587479;52006987;37469605;6024145;53690602;40689418;6399334;753;70232
FR;0;2022-10-01;418;609;2003;5969;456;1733;6208;396;317;54587897;52007596;37471608;6030114;53691058;40691151;6405542;1149;70549
FR;0;2022-10-02;57;131;218;638;93;214;664;66;42;54587954;52007727;37471826;6030752;53691151;40691365;6406206;1215;70591
FR;0;2022-10-03;466;726;2429;12018;560;2137;12212;2073;744;54588420;52008453;37474255;6042770;53691711;40693502;6418418;3288;71335
FR;0;2022-10-04;612;786;3380;23500;530;2771;23679;4701;1579;54589032;52009239;37477635;6066270;53692241;40696273;6442097;7989;72914
FR;0;2022-10-05;543;802;2428;14583;578;2143;14729;3655;1209;54589575;52010041;37480063;6080853;53692819;40698416;6456826;11644;74123
FR;0;2022-10-06;532;701;3077;21681;502;2509;21892;6663;1907;54590107;52010742;37483140;6102534;53693321;40700925;6478718;18307;76030
FR;0;2022-10-07;714;973;4124;30288;703;3470;30376;16863;3201;54590821;52011715;37487264;6132822;53694024;40704395;6509094;35170;79231
FR;0;2022-10-08;345;510;1648;8422;369;1408;8590;6692;1168;54591166;52012225;37488912;6141244;53694393;40705803;6517684;41862;80399
FR;0;2022-10-09;108;137;335;1587;111;310;1650;1510;295;54591274;52012362;37489247;6142831;53694504;40706113;6519334;43372;80694
FR;0;2022-10-10;473;698;2910;20474;513;2494;20798;19463;3231;54591747;52013060;37492157;6163305;53695017;40708607;6540132;62835;83925
FR;0;2022-10-11;568;782;4258;40283;527;3551;40633;40134;6371;54592315;52013842;37496415;6203588;53695544;40712158;6580765;102969;90296
FR;0;2022-10-12;560;787;3244;26700;573;2750;27026;27290;4686;54592875;52014629;37499659;6230288;53696117;40714908;6607791;130259;94982
FR;0;2022-10-13;607;743;3996;38385;533;3115;38847;40555;6600;54593482;52015372;37503655;6268673;53696650;40718023;6646638;170814;101582
FR;0;2022-10-14;752;1044;4862;47635;754;3944;48111;51097;7849;54594234;52016416;37508517;6316308;53697404;40721967;6694749;221911;109431
FR;0;2022-10-15;353;492;1850;11843;331;1609;11960;13088;2275;54594587;52016908;37510367;6328151;53697735;40723576;6706709;234999;111706
FR;0;2022-10-16;92;124;371;1959;76;354;2005;2342;476;54594679;52017032;37510738;6330110;53697811;40723930;6708714;237341;112182
FR;0;2022-10-17;435;686;3031;26413;474;2469;26786;30731;5406;54595114;52017718;37513769;6356523;53698285;40726399;6735500;268072;117588
FR;0;2022-10-18;597;723;4695;46053;520;3744;46572;55371;11678;54595711;52018441;37518464;6402576;53698805;40730143;6782072;323443;129266
FR;0;2022-10-19;546;770;3624;34310;574;3057;34652;42345;9177;54596257;52019211;37522088;6436886;53699379;40733200;6816724;365788;138443
FR;0;2022-10-20;597;756;4819;49385;540;3690;50053;60406;12884;54596854;52019967;37526907;6486271;53699919;40736890;6866777;426194;151327
FR;0;2022-10-21;682;969;5689;56952;687;4494;57639;70861;14278;54597536;52020936;37532596;6543223;53700606;40741384;6924416;497055;165605
FR;0;2022-10-22;329;393;1653;12931;312;1317;13092;15925;3377;54597865;52021329;37534249;6556154;53700918;40742701;6937508;512980;168982
FR;0;2022-10-23;93;100;349;2061;95;265;2163;2752;628;54597958;52021429;37534598;6558215;53701013;40742966;6939671;515732;169610
FR;0;2022-10-24;548;590;3127;27073;416;2668;27508;35392;7765;54598506;52022019;37537725;6585288;53701429;40745634;6967179;551124;177375
FR;0;2022-10-25;583;714;4858;49025;523;3791;49696;65089;15384;54599089;52022733;37542583;6634313;53701952;40749425;7016875;616213;192759
FR;0;2022-10-26;527;631;3440;32459;466;2868;32801;43698;10865;54599616;52023364;37546023;6666772;53702418;40752293;7049676;659911;203624
FR;0;2022-10-27;586;678;4065;40661;478;3324;41153;54222;12994;54600202;52024042;37550088;6707433;53702896;40755617;7090829;714133;216618
FR;0;2022-10-28;695;839;4592;44037;607;3489;44872;57999;13038;54600897;52024881;37554680;6751470;53703503;40759106;7135701;772132;229656
FR;0;2022-10-29;252;353;1324;9483;249;1078;9616;12506;3007;54601149;52025234;37556004;6760953;53703752;40760184;7145317;784638;232663
FR;0;2022-10-30;86;110;283;1580;87;245;1627;2127;539;54601235;52025344;37556287;6762533;53703839;40760429;7146944;786765;233202
FR;0;2022-10-31;378;474;2066;16020;340;1617;16381;22065;5416;54601613;52025818;37558353;6778553;53704179;40762046;7163325;808830;238618
FR;0;2022-11-01;64;124;895;1111;90;921;1155;1658;481;54601677;52025942;37559248;6779664;53704269;40762967;7164480;810488;239099
FR;0;2022-11-02;493;647;3013;25299;477;2555;25768;36447;10053;54602170;52026589;37562261;6804963;53704746;40765522;7190248;846935;249152
FR;0;2022-11-03;634;678;4072;39886;512;3086;40612;56686;15211;54602804;52027267;37566333;6844849;53705258;40768608;7230860;903621;264363
FR;0;2022-11-04;648;816;4412;43612;559;3511;44223;60424;15192;54603452;52028083;37570745;6888461;53705817;40772119;7275083;964045;279555
FR;0;2022-11-05;248;353;1441;9687;276;1160;9881;13407;3282;54603700;52028436;37572186;6898148;53706093;40773279;7284964;977452;282837
FR;0;2022-11-06;87;110;262;1588;93;245;1615;2305;637;54603787;52028546;37572448;6899736;53706186;40773524;7286579;979757;283474
FR;0;2022-11-07;453;513;2702;26484;427;2187;27110;38639;10828;54604240;52029059;37575150;6926220;53706613;40775711;7313689;1018396;294302
FR;0;2022-11-08;588;766;4949;51798;551;3784;52784;73891;19881;54604828;52029825;37580099;6978018;53707164;40779495;7366473;1092287;314183
FR;0;2022-11-09;499;640;3322;31515;461;2656;32277;46095;13082;54605327;52030465;37583421;7009533;53707625;40782151;7398750;1138382;327265
FR;0;2022-11-10;600;847;4538;43500;595;3593;44398;62454;17126;54605927;52031312;37587959;7053033;53708220;40785744;7443148;1200836;344391
FR;0;2022-11-11;68;104;360;1651;70;303;1717;2777;998;54605995;52031416;37588319;7054684;53708290;40786047;7444865;1203613;345389
FR;0;2022-11-12;194;310;1190;7092;219;971;7330;10279;2761;54606189;52031726;37589509;7061776;53708509;40787018;7452195;1213892;348150
FR;0;2022-11-13;61;82;240;1205;58;204;1256;1961;619;54606250;52031808;37589749;7062981;53708567;40787222;7453451;1215853;348769
FR;0;2022-11-14;425;510;2544;23866;356;2027;24483;35900;10744;54606675;52032318;37592293;7086847;53708923;40789249;7477934;1251753;359513
FR;0;2022-11-15;569;690;4271;44770;516;3300;45732;66408;19400;54607244;52033008;37596564;7131617;53709439;40792549;7523666;1318161;378913
FR;0;2022-11-16;532;607;3030;28291;477;2537;28813;42780;13173;54607776;52033615;37599594;7159908;53709916;40795086;7552479;1360941;392086
FR;0;2022-11-17;547;644;3769;39005;491;2929;39609;57718;17046;54608323;52034259;37603363;7198913;53710407;40798015;7592088;1418659;409132
FR;0;2022-11-18;607;754;4566;44937;562;3425;45828;65246;18120;54608930;52035013;37607929;7243850;53710969;40801440;7637916;1483905;427252
FR;0;2022-11-19;264;323;1487;9743;254;1076;9940;14198;3939;54609194;52035336;37609416;7253593;53711223;40802516;7647856;1498103;431191
FR;0;2022-11-20;61;85;297;1692;67;253;1767;2691;838;54609255;52035421;37609713;7255285;53711290;40802769;7649623;1500794;432029
FR;0;2022-11-21;424;499;2380;21217;337;1903;21778;32639;10131;54609679;52035920;37612093;7276502;53711627;40804672;7671401;1533433;442160
FR;0;2022-11-22;525;576;3960;39506;401;3100;40075;59128;17891;54610204;52036496;37616053;7316008;53712028;40807772;7711476;1592561;460051
FR;0;2022-11-23;454;532;2714;25811;372;2281;26300;40014;12747;54610658;52037028;37618767;7341819;53712400;40810053;7737776;1632575;472798
FR;0;2022-11-24;496;575;3721;36846;408;2891;37513;56095;17563;54611154;52037603;37622488;7378665;53712808;40812944;7775289;1688670;490361
FR;0;2022-11-25;556;686;4143;39928;541;3102;40769;59162;17248;54611710;52038289;37626631;7418593;53713349;40816046;7816058;1747832;507609
FR;0;2022-11-26;290;332;1324;9318;252;1053;9457;13927;3940;54612000;52038621;37627955;7427911;53713601;40817099;7825515;1761759;511549
FR;0;2022-11-27;68;74;258;1653;53;220;1679;2538;799;54612068;52038695;37628213;7429564;53713654;40817319;7827194;1764297;512348
FR;0;2022-11-28;394;457;2594;24539;339;1935;25247;38040;11963;54612462;52039152;37630807;7454103;53713993;40819254;7852441;1802337;524311
FR;0;2022-11-29;484;587;4326;46136;360;3222;46843;70459;22091;54612946;52039739;37635133;7500239;53714353;40822476;7899284;1872796;546402
FR;0;2022-11-30;491;660;3677;36665;461;2845;37442;55818;17030;54613437;52040399;37638810;7536904;53714814;40825321;7936726;1928614;563432
FR;0;2022-12-01;476;597;4928;51261;390;3491;52080;78602;24814;54613913;52040996;37643738;7588165;53715204;40828812;7988806;2007216;588246
FR;0;2022-12-02;606;706;5938;61059;487;4155;62287;91651;27155;54614519;52041702;37649676;7649224;53715691;40832967;8051093;2098867;615401
FR;0;2022-12-03;294;332;2148;17936;215;1495;18364;26566;7561;54614813;52042034;37651824;7667160;53715906;40834462;8069457;2125433;622962
FR;0;2022-12-04;92;117;518;4270;85;428;4321;6383;1834;54614905;52042151;37652342;7671430;53715991;40834890;8073778;2131816;624796
FR;0;2022-12-05;428;528;4159;44380;373;2778;45328;68399;21620;54615333;52042679;37656501;7715810;53716364;40837668;8119106;2200215;646416
FR;0;2022-12-06;592;704;6741;77646;440;4547;79165;120572;39081;54615925;52043383;37663242;7793456;53716804;40842215;8198271;2320787;685497
FR;0;2022-12-07;523;593;5242;57628;438;3482;58760;89457;29084;54616448;52043976;37668484;7851084;53717242;40845697;8257031;2410244;714581
FR;0;2022-12-08;576;677;6816;78768;418;4422;80441;122613;40264;54617024;52044653;37675300;7929852;53717660;40850119;8337472;2532857;754845
FR;0;2022-12-09;759;814;8460;94792;528;5532;96653;145518;45961;54617783;52045467;37683760;8024644;53718188;40855651;8434125;2678375;800806
FR;0;2022-12-10;393;398;3566;33688;252;2225;34570;50134;14561;54618176;52045865;37687326;8058332;53718440;40857876;8468695;2728509;815367
FR;0;2022-12-11;127;125;981;8242;90;667;8477;12110;3230;54618303;52045990;37688307;8066574;53718530;40858543;8477172;2740619;818597
FR;0;2022-12-12;488;541;6101;66618;334;3891;68139;104515;34065;54618791;52046531;37694408;8133192;53718864;40862434;8545311;2845134;852662
FR;0;2022-12-13;655;726;8782;102246;447;5391;104740;162240;53957;54619446;52047257;37703190;8235438;53719311;40867825;8650051;3007374;906619
FR;0;2022-12-14;551;646;6571;72067;424;4294;73726;114437;37632;54619997;52047903;37709761;8307505;53719735;40872119;8723777;3121811;944251
FR;0;2022-12-15;595;737;8304;93295;433;5244;95572;148752;49885;54620592;52048640;37718065;8400800;53720168;40877363;8819349;3270563;994136
FR;0;2022-12-16;743;885;9016;101589;556;5787;103627;160852;53176;54621335;52049525;37727081;8502389;53720724;40883150;8922976;3431415;1047312
FR;0;2022-12-17;319;377;3217;30576;242;2037;31365;46439;13728;54621654;52049902;37730298;8532965;53720966;40885187;8954341;3477854;1061040
FR;0;2022-12-18;84;101;714;5948;58;475;6110;8946;2479;54621738;52050003;37731012;8538913;53721024;40885662;8960451;3486800;1063519
