fra;vaccin;jour;n_dose1;n_dose2;n_dose3;n_dose4;n_complet;n_rappel;n_2_rappel;n_rappel_biv;n_3_rappel;n_cum_dose1;n_cum_dose2;n_cum_dose3;n_cum_dose4;n_cum_complet;n_cum_rappel;n_cum_2_rappel;n_cum_rappel_biv;n_cum_3_rappel
FR;1;2020-12-27;616;0;0;0;55;0;0;0;0;616;0;0;0;55;0;0;0;0
FR;1;2020-12-28;708;1;0;0;44;0;0;0;0;1324;1;0;0;99;0;0;0;0
FR;1;2020-12-29;389;0;0;0;19;0;0;0;0;1713;1;0;0;118;0;0;0;0
FR;1;2020-12-30;456;0;0;0;20;0;0;0;0;2169;1;0;0;138;0;0;0;0
FR;1;2020-12-31;451;1;0;0;21;0;0;0;0;2620;2;0;0;159;0;0;0;0
FR;1;2021-01-01;1195;2;0;0;66;0;0;0;0;3815;4;0;0;225;0;0;0;0
FR;1;2021-01-02;369;4;0;0;29;0;0;0;0;4184;8;0;0;254;0;0;0;0
FR;1;2021-01-03;419;0;0;0;23;0;0;0;0;4603;8;0;0;277;0;0;0;0
FR;1;2021-01-04;2149;5;0;0;51;0;0;0;0;6752;13;0;0;328;0;0;0;0
FR;1;2021-01-05;7784;6;0;0;128;0;0;0;0;14536;19;0;0;456;0;0;0;0
FR;1;2021-01-06;12484;23;0;0;128;0;0;0;0;27020;42;0;0;584;0;0;0;0
FR;1;2021-01-07;29480;24;0;0;159;0;0;0;0;56500;66;0;0;743;0;0;0;0
FR;1;2021-01-08;37170;35;0;0;204;0;0;0;0;93670;101;0;0;947;0;0;0;0
FR;1;2021-01-09;11221;9;0;0;77;0;0;0;0;104891;110;0;0;1024;0;0;0;0
FR;1;2021-01-10;6017;8;0;0;28;0;0;0;0;110908;118;0;0;1052;0;0;0;0
FR;1;2021-01-11;39956;39;0;0;232;0;0;0;0;150864;157;0;0;1284;0;0;0;0
FR;1;2021-01-12;62165;31;0;0;299;0;0;0;0;213029;188;0;0;1583;0;0;0;0
FR;1;2021-01-13;65150;62;0;0;433;0;0;0;0;278179;250;0;0;2016;0;0;0;0
FR;1;2021-01-14;81473;262;0;0;958;0;0;0;0;359652;512;0;0;2974;0;0;0;0
FR;1;2021-01-15;68639;102;0;0;528;0;0;0;0;428291;614;0;0;3502;0;0;0;0
FR;1;2021-01-16;19903;73;0;0;171;0;0;0;0;448194;687;0;0;3673;0;0;0;0
FR;1;2021-01-17;10909;54;0;0;130;0;0;0;0;459103;741;0;0;3803;0;0;0;0
FR;1;2021-01-18;82849;176;0;0;587;0;0;0;0;541952;917;0;0;4390;0;0;0;0
FR;1;2021-01-19;125936;209;0;0;837;0;0;0;0;667888;1126;0;0;5227;0;0;0;0
FR;1;2021-01-20;132439;191;0;0;779;0;0;0;0;800327;1317;0;0;6006;0;0;0;0
FR;1;2021-01-21;153086;196;0;0;896;0;0;0;0;953413;1513;0;0;6902;0;0;0;0
FR;1;2021-01-22;115972;240;0;0;776;0;0;0;0;1069385;1753;0;0;7678;0;0;0;0
FR;1;2021-01-23;36617;84;0;0;207;0;0;0;0;1106002;1837;0;0;7885;0;0;0;0
FR;1;2021-01-24;9589;128;0;0;187;0;0;0;0;1115591;1965;0;0;8072;0;0;0;0
FR;1;2021-01-25;74442;1454;0;0;1772;0;0;0;0;1190033;3419;0;0;9844;0;0;0;0
FR;1;2021-01-26;96471;3705;1;0;4146;0;0;0;0;1286504;7124;1;0;13990;0;0;0;0
FR;1;2021-01-27;103660;6440;0;0;7124;0;0;0;0;1390164;13564;1;0;21114;0;0;0;0
FR;1;2021-01-28;120627;16413;0;0;17202;0;0;0;0;1510791;29977;1;0;38316;0;0;0;0
FR;1;2021-01-29;88904;18798;0;0;19338;0;0;0;0;1599695;48775;1;0;57654;0;0;0;0
FR;1;2021-01-30;27995;4532;0;0;4656;0;0;0;0;1627690;53307;1;0;62310;0;0;0;0
FR;1;2021-01-31;5194;1898;0;0;1936;0;0;0;0;1632884;55205;1;0;64246;0;0;0;0
FR;1;2021-02-01;49752;23045;0;0;23287;0;0;0;0;1682636;78250;1;0;87533;0;0;0;0
FR;1;2021-02-02;67839;38194;0;0;38651;0;0;0;0;1750475;116444;1;0;126184;0;0;0;0
FR;1;2021-02-03;67105;40251;0;0;40686;0;0;0;0;1817580;156695;1;0;166870;0;0;0;0
FR;1;2021-02-04;77155;55124;0;0;55694;0;0;0;0;1894735;211819;1;0;222564;0;0;0;0
FR;1;2021-02-05;63435;48225;0;0;48630;0;0;0;0;1958170;260044;1;0;271194;0;0;0;0
FR;1;2021-02-06;19428;11420;0;0;11527;0;0;0;0;1977598;271464;1;0;282721;0;0;0;0
FR;1;2021-02-07;3669;6067;0;0;6094;0;0;0;0;1981267;277531;1;0;288815;0;0;0;0
FR;1;2021-02-08;36507;48780;0;0;49033;0;0;0;0;2017774;326311;1;0;337848;0;0;0;0
FR;1;2021-02-09;50829;78441;0;0;78967;0;0;0;0;2068603;404752;1;0;416815;0;0;0;0
FR;1;2021-02-10;52088;83454;0;0;83937;0;0;0;0;2120691;488206;1;0;500752;0;0;0;0
FR;1;2021-02-11;63397;105547;0;0;106457;0;0;0;0;2184088;593753;1;0;607209;0;0;0;0
FR;1;2021-02-12;55887;75811;0;0;76497;0;0;0;0;2239975;669564;1;0;683706;0;0;0;0
FR;1;2021-02-13;15469;19309;0;0;19421;0;0;0;0;2255444;688873;1;0;703127;0;0;0;0
FR;1;2021-02-14;3747;7311;0;0;7377;0;0;0;0;2259191;696184;1;0;710504;0;0;0;0
FR;1;2021-02-15;24175;73664;0;0;73922;0;0;0;0;2283366;769848;1;0;784426;0;0;0;0
FR;1;2021-02-16;32788;95515;0;0;95929;0;0;0;0;2316154;865363;1;0;880355;0;0;0;0
FR;1;2021-02-17;35141;102376;20;0;103034;0;0;0;0;2351295;967739;21;0;983389;0;0;0;0
FR;1;2021-02-18;49466;118558;0;0;119555;0;0;0;0;2400761;1086297;21;0;1102944;0;0;0;0
FR;1;2021-02-19;45400;87843;1;0;88788;0;0;0;0;2446161;1174140;22;0;1191732;0;0;0;0
FR;1;2021-02-20;13398;27026;0;0;27202;0;0;0;0;2459559;1201166;22;0;1218934;0;0;0;0
FR;1;2021-02-21;2471;5945;0;0;6013;0;0;0;0;2462030;1207111;22;0;1224947;0;0;0;0
FR;1;2021-02-22;24726;69390;2;0;69690;0;0;0;0;2486756;1276501;24;0;1294637;0;0;0;0
FR;1;2021-02-23;37441;81552;1;0;82256;0;0;0;0;2524197;1358053;25;0;1376893;0;0;0;0
FR;1;2021-02-24;40717;79374;1;0;80074;0;0;0;0;2564914;1437427;26;0;1456967;0;0;0;0
FR;1;2021-02-25;50176;87704;1;0;88801;0;0;0;0;2615090;1525131;27;0;1545768;0;0;0;0
FR;1;2021-02-26;47234;67559;1;0;68447;0;0;0;0;2662324;1592690;28;0;1614215;0;0;0;0
FR;1;2021-02-27;15691;21358;1;0;21571;0;0;0;0;2678015;1614048;29;0;1635786;0;0;0;0
FR;1;2021-02-28;3566;4097;2;0;4170;0;0;0;0;2681581;1618145;31;0;1639956;0;0;0;0
FR;1;2021-03-01;40232;50291;1;0;51029;0;0;0;0;2721813;1668436;32;0;1690985;0;0;0;0
FR;1;2021-03-02;55996;62424;3;0;63604;0;0;0;0;2777809;1730860;35;0;1754589;0;0;0;0
FR;1;2021-03-03;61271;60504;0;0;61943;0;0;0;0;2839080;1791364;35;0;1816532;0;0;0;0
FR;1;2021-03-04;73022;68399;3;0;70617;0;0;0;0;2912102;1859763;38;0;1887149;0;0;0;0
FR;1;2021-03-05;74787;58608;3;0;60507;0;0;0;0;2986889;1918371;41;0;1947656;0;0;0;0
FR;1;2021-03-06;82475;15736;2;0;17444;0;0;0;0;3069364;1934107;43;0;1965100;0;0;0;0
FR;1;2021-03-07;63734;3917;1;0;5461;0;0;0;0;3133098;1938024;44;0;1970561;0;0;0;0
FR;1;2021-03-08;60200;41130;2;0;42417;0;0;0;0;3193298;1979154;46;0;2012978;0;0;0;0
FR;1;2021-03-09;86015;47357;1;0;49359;0;0;0;0;3279313;2026511;47;0;2062337;0;0;0;0
FR;1;2021-03-10;90950;47740;5;0;50013;0;0;0;0;3370263;2074251;52;0;2112350;0;0;0;0
FR;1;2021-03-11;105107;54599;1;0;57676;0;0;0;0;3475370;2128850;53;0;2170026;0;0;0;0
FR;1;2021-03-12;104169;44878;1;0;47875;0;0;0;0;3579539;2173728;54;0;2217901;0;0;0;0
FR;1;2021-03-13;89226;12579;1;0;14796;0;0;0;0;3668765;2186307;55;0;2232697;0;0;0;0
FR;1;2021-03-14;44462;2656;1;0;3989;0;0;0;0;3713227;2188963;56;0;2236686;0;0;0;0
FR;1;2021-03-15;95538;27942;3;0;30293;0;0;0;0;3808765;2216905;59;0;2266979;0;0;0;0
FR;1;2021-03-16;123607;34032;5;0;37580;0;0;0;0;3932372;2250937;64;0;2304559;0;0;0;0
FR;1;2021-03-17;129327;33515;4;0;37570;0;0;0;0;4061699;2284452;68;0;2342129;0;0;0;0
FR;1;2021-03-18;142918;39159;5;0;43837;0;0;0;0;4204617;2323611;73;0;2385966;0;0;0;0
FR;1;2021-03-19;136282;32011;2;0;36603;0;0;0;0;4340899;2355622;75;0;2422569;0;0;0;0
FR;1;2021-03-20;76026;9746;1;0;11962;0;0;0;0;4416925;2365368;76;0;2434531;0;0;0;0
FR;1;2021-03-21;26522;1968;1;0;2958;0;0;0;0;4443447;2367336;77;0;2437489;0;0;0;0
FR;1;2021-03-22;114783;30209;2;0;34042;0;0;0;0;4558230;2397545;79;0;2471531;0;0;0;0
FR;1;2021-03-23;143065;37999;1;0;42790;0;0;0;0;4701295;2435544;80;0;2514321;0;0;0;0
FR;1;2021-03-24;142031;38413;0;0;43286;0;0;0;0;4843326;2473957;80;0;2557607;0;0;0;0
FR;1;2021-03-25;165046;39879;4;0;46042;0;0;0;0;5008372;2513836;84;0;2603649;0;0;0;0
FR;1;2021-03-26;166426;37414;5;1;44035;0;0;0;0;5174798;2551250;89;1;2647684;0;0;0;0
FR;1;2021-03-27;110909;15482;1;0;19493;0;0;0;0;5285707;2566732;90;1;2667177;0;0;0;0
FR;1;2021-03-28;42316;4431;3;0;5986;0;0;0;0;5328023;2571163;93;1;2673163;0;0;0;0
FR;1;2021-03-29;129853;48963;4;0;53631;0;0;0;0;5457876;2620126;97;1;2726794;0;0;0;0
FR;1;2021-03-30;167766;63830;5;0;70843;0;0;0;0;5625642;2683956;102;1;2797637;0;0;0;0
FR;1;2021-03-31;170974;68013;4;0;75539;0;0;0;0;5796616;2751969;106;1;2873176;0;0;0;0
FR;1;2021-04-01;194889;84125;10;0;93635;0;0;0;0;5991505;2836094;116;1;2966811;0;0;0;0
FR;1;2021-04-02;164477;86899;7;0;94724;0;0;0;0;6155982;2922993;123;1;3061535;0;0;0;0
FR;1;2021-04-03;88262;58202;6;0;61750;0;0;0;0;6244244;2981195;129;1;3123285;0;0;0;0
FR;1;2021-04-04;33666;17733;0;0;19233;0;0;0;0;6277910;2998928;129;1;3142518;0;0;0;0
FR;1;2021-04-05;46433;9566;11;0;11443;0;0;0;0;6324343;3008494;140;1;3153961;0;0;0;0
FR;1;2021-04-06;160352;105678;17;0;112166;0;0;0;0;6484695;3114172;157;1;3266127;0;0;0;0
FR;1;2021-04-07;197042;108096;16;0;116935;0;0;0;0;6681737;3222268;173;1;3383062;0;0;0;0
FR;1;2021-04-08;222195;114356;14;0;125716;0;0;0;0;6903932;3336624;187;1;3508778;0;0;0;0
FR;1;2021-04-09;214624;108038;21;0;118937;0;0;0;0;7118556;3444662;208;1;3627715;0;0;0;0
FR;1;2021-04-10;117211;73241;14;0;78390;0;0;0;0;7235767;3517903;222;1;3706105;0;0;0;0
FR;1;2021-04-11;40903;29892;6;0;31796;0;0;0;0;7276670;3547795;228;1;3737901;0;0;0;0
FR;1;2021-04-12;168509;104588;46;0;111838;0;0;0;0;7445179;3652383;274;1;3849739;0;0;0;0
FR;1;2021-04-13;203854;127757;97;1;137105;0;0;0;0;7649033;3780140;371;2;3986844;0;0;0;0
FR;1;2021-04-14;208689;123036;208;0;133269;0;0;0;0;7857722;3903176;579;2;4120113;0;0;0;0
FR;1;2021-04-15;221749;128235;313;0;139285;0;0;0;0;8079471;4031411;892;2;4259398;0;0;0;0
FR;1;2021-04-16;206110;125778;309;0;135449;0;0;0;0;8285581;4157189;1201;2;4394847;0;0;0;0
FR;1;2021-04-17;122112;67119;103;0;72181;0;0;0;0;8407693;4224308;1304;2;4467028;0;0;0;0
FR;1;2021-04-18;35980;21015;42;0;22723;0;0;0;0;8443673;4245323;1346;2;4489751;0;0;0;0
FR;1;2021-04-19;163783;121617;433;0;129168;0;0;0;0;8607456;4366940;1779;2;4618919;0;0;0;0
FR;1;2021-04-20;189491;149790;531;0;158919;0;0;0;0;8796947;4516730;2310;2;4777838;0;0;0;0
FR;1;2021-04-21;194064;147790;760;0;157320;0;0;0;0;8991011;4664520;3070;2;4935158;0;0;0;0
FR;1;2021-04-22;209085;164621;779;0;175851;0;0;0;0;9200096;4829141;3849;2;5111009;0;0;0;0
FR;1;2021-04-23;198999;158151;671;0;169174;0;0;0;0;9399095;4987292;4520;2;5280183;0;0;0;0
FR;1;2021-04-24;126355;95887;148;0;101956;0;0;0;0;9525450;5083179;4668;2;5382139;0;0;0;0
FR;1;2021-04-25;53642;30082;46;0;32839;0;0;0;0;9579092;5113261;4714;2;5414978;0;0;0;0
FR;1;2021-04-26;181174;140328;543;0;149048;0;0;0;0;9760266;5253589;5257;2;5564026;0;0;0;0
FR;1;2021-04-27;221405;162630;901;0;174007;0;0;0;0;9981671;5416219;6158;2;5738033;0;0;0;0
FR;1;2021-04-28;238373;156214;1314;1;168896;1;0;0;0;10220044;5572433;7472;3;5906929;1;0;0;0
FR;1;2021-04-29;270352;161681;1211;0;177288;0;0;0;0;10490396;5734114;8683;3;6084217;1;0;0;0
FR;1;2021-04-30;272030;149044;1074;0;165145;0;0;0;0;10762426;5883158;9757;3;6249362;1;0;0;0
FR;1;2021-05-01;141180;40616;173;0;48644;0;0;0;0;10903606;5923774;9930;3;6298006;1;0;0;0
FR;1;2021-05-02;81564;28243;81;0;32999;0;0;0;0;10985170;5952017;10011;3;6331005;1;0;0;0
FR;1;2021-05-03;250825;142059;803;0;155752;0;0;0;0;11235995;6094076;10814;3;6486757;1;0;0;0
FR;1;2021-05-04;265939;188052;1204;0;203623;0;0;0;0;11501934;6282128;12018;3;6690380;1;0;0;0
FR;1;2021-05-05;283977;186318;1268;0;202982;0;0;0;0;11785911;6468446;13286;3;6893362;1;0;0;0
FR;1;2021-05-06;310084;184602;1502;0;204355;0;0;0;0;12095995;6653048;14788;3;7097717;1;0;0;0
FR;1;2021-05-07;284152;196761;1128;0;214579;0;0;0;0;12380147;6849809;15916;3;7312296;1;0;0;0
FR;1;2021-05-08;191687;51620;285;0;63003;0;0;0;0;12571834;6901429;16201;3;7375299;1;0;0;0
FR;1;2021-05-09;114076;34211;236;0;41383;0;0;0;0;12685910;6935640;16437;3;7416682;1;0;0;0
FR;1;2021-05-10;258240;195098;1188;0;211091;0;0;0;0;12944150;7130738;17625;3;7627773;1;0;0;0
FR;1;2021-05-11;318945;211263;1465;0;231504;0;0;0;0;13263095;7342001;19090;3;7859277;1;0;0;0
FR;1;2021-05-12;356710;186093;1401;0;208400;0;0;0;0;13619805;7528094;20491;3;8067677;1;0;0;0
FR;1;2021-05-13;283473;47325;401;0;64248;0;0;0;0;13903278;7575419;20892;3;8131925;1;0;0;0
FR;1;2021-05-14;370544;128531;998;0;151952;0;0;0;0;14273822;7703950;21890;3;8283877;1;0;0;0
FR;1;2021-05-15;298127;66208;404;0;84916;0;0;0;0;14571949;7770158;22294;3;8368793;1;0;0;0
FR;1;2021-05-16;157796;15470;158;0;26038;0;0;0;0;14729745;7785628;22452;3;8394831;1;0;0;0
FR;1;2021-05-17;318961;116205;1441;0;138167;0;0;0;0;15048706;7901833;23893;3;8532998;1;0;0;0
FR;1;2021-05-18;383394;111694;1801;0;137643;0;0;0;0;15432100;8013527;25694;3;8670641;1;0;0;0
FR;1;2021-05-19;395324;101589;2185;0;128528;0;0;0;0;15827424;8115116;27879;3;8799169;1;0;0;0
FR;1;2021-05-20;421861;95611;2049;0;125076;0;0;0;0;16249285;8210727;29928;3;8924245;1;0;0;0
FR;1;2021-05-21;399843;97449;1765;0;125848;0;0;0;0;16649128;8308176;31693;3;9050093;1;0;0;0
FR;1;2021-05-22;275712;41926;604;0;60951;0;0;0;0;16924840;8350102;32297;3;9111044;1;0;0;0
FR;1;2021-05-23;123033;10969;224;0;20571;0;0;0;0;17047873;8361071;32521;3;9131615;1;0;0;0
FR;1;2021-05-24;244028;26265;569;0;43791;0;0;0;0;17291901;8387336;33090;3;9175406;1;0;0;0
FR;1;2021-05-25;366247;131454;2115;1;158389;0;0;0;0;17658148;8518790;35205;4;9333795;1;0;0;0
FR;1;2021-05-26;380864;127551;1996;0;155875;0;0;0;0;18039012;8646341;37201;4;9489670;1;0;0;0
FR;1;2021-05-27;406208;128358;1978;0;158838;0;0;0;0;18445220;8774699;39179;4;9648508;1;0;0;0
FR;1;2021-05-28;366080;145709;1702;0;174270;0;0;0;0;18811300;8920408;40881;4;9822778;1;0;0;0
FR;1;2021-05-29;253852;81138;527;0;100337;0;0;0;0;19065152;9001546;41408;4;9923115;1;0;0;0
FR;1;2021-05-30;100983;22601;158;0;30835;0;0;0;0;19166135;9024147;41566;4;9953950;1;0;0;0
FR;1;2021-05-31;314351;149245;1287;1;172501;1;0;0;0;19480486;9173392;42853;5;10126451;2;0;0;0
FR;1;2021-06-01;361708;166425;1733;1;194129;1;0;0;0;19842194;9339817;44586;6;10320580;3;0;0;0
FR;1;2021-06-02;365447;154542;1798;0;184083;0;0;0;0;20207641;9494359;46384;6;10504663;3;0;0;0
FR;1;2021-06-03;391504;147437;1654;0;178410;0;0;0;0;20599145;9641796;48038;6;10683073;3;0;0;0
FR;1;2021-06-04;364145;175900;1496;1;205194;1;0;0;0;20963290;9817696;49534;7;10888267;4;0;0;0
FR;1;2021-06-05;258534;112821;597;0;133181;0;0;0;0;21221824;9930517;50131;7;11021448;4;0;0;0
FR;1;2021-06-06;126834;37555;216;0;48194;0;0;0;0;21348658;9968072;50347;7;11069642;4;0;0;0
FR;1;2021-06-07;301133;207764;1368;0;233040;0;0;0;0;21649791;10175836;51715;7;11302682;4;0;0;0
FR;1;2021-06-08;330914;221012;1645;0;248973;0;0;0;0;21980705;10396848;53360;7;11551655;4;0;0;0
FR;1;2021-06-09;336660;210949;1614;0;239704;0;0;0;0;22317365;10607797;54974;7;11791359;4;0;0;0
FR;1;2021-06-10;343948;199515;1615;0;229259;0;0;0;0;22661313;10807312;56589;7;12020618;4;0;0;0
FR;1;2021-06-11;311945;234706;1300;1;262617;0;0;0;0;22973258;11042018;57889;8;12283235;4;0;0;0
FR;1;2021-06-12;244101;150610;438;0;172220;0;0;0;0;23217359;11192628;58327;8;12455455;4;0;0;0
FR;1;2021-06-13;100383;61037;188;0;70699;0;0;0;0;23317742;11253665;58515;8;12526154;4;0;0;0
FR;1;2021-06-14;207884;287577;1320;1;307385;0;0;0;0;23525626;11541242;59835;9;12833539;4;0;0;0
FR;1;2021-06-15;256911;281116;1400;1;304963;0;0;0;0;23782537;11822358;61235;10;13138502;4;0;0;0
FR;1;2021-06-16;273688;270712;1264;1;296150;0;0;0;0;24056225;12093070;62499;11;13434652;4;0;0;0
FR;1;2021-06-17;268258;245103;1241;1;271175;0;0;0;0;24324483;12338173;63740;12;13705827;4;0;0;0
FR;1;2021-06-18;260625;295199;1155;1;321026;0;0;0;0;24585108;12633372;64895;13;14026853;4;0;0;0
FR;1;2021-06-19;193468;209609;388;0;228270;0;0;0;0;24778576;12842981;65283;13;14255123;4;0;0;0
FR;1;2021-06-20;69724;89030;122;0;96870;0;0;0;0;24848300;12932011;65405;13;14351993;4;0;0;0
FR;1;2021-06-21;172400;319785;934;1;338496;1;0;0;0;25020700;13251796;66339;14;14690489;5;0;0;0
FR;1;2021-06-22;185898;348075;1102;10;369142;1;0;0;0;25206598;13599871;67441;24;15059631;6;0;0;0
FR;1;2021-06-23;204244;339645;1050;0;363544;0;0;0;0;25410842;13939516;68491;24;15423175;6;0;0;0
FR;1;2021-06-24;203558;282098;1176;0;306844;0;0;0;0;25614400;14221614;69667;24;15730019;6;0;0;0
FR;1;2021-06-25;182685;371702;1200;0;395710;0;0;0;0;25797085;14593316;70867;24;16125729;6;0;0;0
FR;1;2021-06-26;131415;278607;506;0;295982;0;0;0;0;25928500;14871923;71373;24;16421711;6;0;0;0
FR;1;2021-06-27;52421;122845;146;0;130382;0;0;0;0;25980921;14994768;71519;24;16552093;6;0;0;0
FR;1;2021-06-28;136682;368242;1066;0;386843;0;0;0;0;26117603;15363010;72585;24;16938936;6;0;0;0
FR;1;2021-06-29;154928;391161;1849;0;412255;0;0;0;0;26272531;15754171;74434;24;17351191;6;0;0;0
FR;1;2021-06-30;180076;381961;1668;4;406560;2;0;0;0;26452607;16136132;76102;28;17757751;8;0;0;0
FR;1;2021-07-01;201592;332513;1890;5;360584;0;0;0;0;26654199;16468645;77992;33;18118335;8;0;0;0
FR;1;2021-07-02;193890;367291;1765;5;395488;2;0;0;0;26848089;16835936;79757;38;18513823;10;0;0;0
FR;1;2021-07-03;124485;280410;704;3;299514;1;0;0;0;26972574;17116346;80461;41;18813337;11;0;0;0
FR;1;2021-07-04;53968;113731;244;0;122137;0;0;0;0;27026542;17230077;80705;41;18935474;11;0;0;0
FR;1;2021-07-05;153987;355778;1500;8;379118;0;0;0;0;27180529;17585855;82205;49;19314592;11;0;0;0
FR;1;2021-07-06;173534;382278;1603;45;408168;8;0;0;0;27354063;17968133;83808;94;19722760;19;0;0;0
FR;1;2021-07-07;190874;362297;1659;25;390640;2;0;0;0;27544937;18330430;85467;119;20113400;21;0;0;0
FR;1;2021-07-08;201595;322966;1827;20;353611;2;0;0;0;27746532;18653396;87294;139;20467011;23;0;0;0
FR;1;2021-07-09;189996;387762;1854;3;418164;1;0;0;0;27936528;19041158;89148;142;20885175;24;0;0;0
FR;1;2021-07-10;129968;281184;818;1;302610;0;0;0;0;28066496;19322342;89966;143;21187785;24;0;0;0
FR;1;2021-07-11;57688;102529;263;0;112410;0;0;0;0;28124184;19424871;90229;143;21300195;24;0;0;0
FR;1;2021-07-12;149931;416803;1588;4;442793;0;0;0;0;28274115;19841674;91817;147;21742988;24;0;0;0
FR;1;2021-07-13;234311;438996;1808;8;476177;0;0;0;0;28508426;20280670;93625;155;22219165;24;0;0;0
FR;1;2021-07-14;171931;151301;418;0;176930;0;0;0;0;28680357;20431971;94043;155;22396095;24;0;0;0
FR;1;2021-07-15;279706;424133;1859;1;467105;0;0;0;0;28960063;20856104;95902;156;22863200;24;0;0;0
FR;1;2021-07-16;290447;400516;1711;3;445156;1;0;0;0;29250510;21256620;97613;159;23308356;25;0;0;0
FR;1;2021-07-17;217361;281971;755;1;315436;0;0;0;0;29467871;21538591;98368;160;23623792;25;0;0;0
FR;1;2021-07-18;102032;107203;288;0;123090;0;0;0;0;29569903;21645794;98656;160;23746882;25;0;0;0
FR;1;2021-07-19;238251;378362;1498;3;414403;0;0;0;0;29808154;22024156;100154;163;24161285;25;0;0;0
FR;1;2021-07-20;305777;379724;1471;0;425545;0;0;0;0;30113931;22403880;101625;163;24586830;25;0;0;0
FR;1;2021-07-21;333312;352690;1413;4;404058;1;0;0;0;30447243;22756570;103038;167;24990888;26;0;0;0
FR;1;2021-07-22;364708;318528;1502;3;374936;2;0;0;0;30811951;23075098;104540;170;25365824;28;0;0;0
FR;1;2021-07-23;349411;342721;1589;4;398259;1;0;0;0;31161362;23417819;106129;174;25764083;29;0;0;0
FR;1;2021-07-24;238968;240734;697;1;278061;0;0;0;0;31400330;23658553;106826;175;26042144;29;0;0;0
FR;1;2021-07-25;112810;76013;223;0;93705;0;0;0;0;31513140;23734566;107049;175;26135849;29;0;0;0
FR;1;2021-07-26;299149;289266;1495;2;334976;1;0;0;0;31812289;24023832;108544;177;26470825;30;0;0;0
FR;1;2021-07-27;385872;267856;1459;4;324822;1;0;0;0;32198161;24291688;110003;181;26795647;31;0;0;0
FR;1;2021-07-28;390228;250918;1463;4;307204;1;0;0;0;32588389;24542606;111466;185;27102851;32;0;0;0
FR;1;2021-07-29;406162;227575;1541;2;284266;0;0;0;0;32994551;24770181;113007;187;27387117;32;0;0;0
FR;1;2021-07-30;370761;246480;1639;4;298311;1;0;0;0;33365312;25016661;114646;191;27685428;33;0;0;0
FR;1;2021-07-31;243395;165091;794;1;199411;0;0;0;0;33608707;25181752;115440;192;27884839;33;0;0;0
FR;1;2021-08-01;105614;47204;237;0;61196;0;0;0;0;33714321;25228956;115677;192;27946035;33;0;0;0
FR;1;2021-08-02;297438;212827;1480;2;250607;0;0;0;0;34011759;25441783;117157;194;28196642;33;0;0;0
FR;1;2021-08-03;331354;208676;1557;2;250642;1;0;0;0;34343113;25650459;118714;196;28447284;34;0;0;0
FR;1;2021-08-04;328058;183821;1440;5;223969;3;0;0;0;34671171;25834280;120154;201;28671253;37;0;0;0
FR;1;2021-08-05;301300;193085;1483;0;229378;0;0;0;0;34972471;26027365;121637;201;28900631;37;0;0;0
FR;1;2021-08-06;291004;224080;1560;3;261362;0;0;0;0;35263475;26251445;123197;204;29161993;37;0;0;0
FR;1;2021-08-07;182685;158760;655;5;181668;1;0;0;0;35446160;26410205;123852;209;29343661;38;0;0;0
FR;1;2021-08-08;68896;59101;253;0;67629;0;0;0;0;35515056;26469306;124105;209;29411290;38;0;0;0
FR;1;2021-08-09;222800;235146;1446;4;263851;2;0;0;0;35737856;26704452;125551;213;29675141;40;0;0;0
FR;1;2021-08-10;252763;239823;1492;2;271653;0;0;0;0;35990619;26944275;127043;215;29946794;40;0;0;0
FR;1;2021-08-11;236256;231715;1272;5;261228;0;0;0;0;36226875;27175990;128315;220;30208022;40;0;0;0
FR;1;2021-08-12;220804;239717;1492;3;267806;0;0;0;0;36447679;27415707;129807;223;30475828;40;0;0;0
FR;1;2021-08-13;201733;238489;1360;2;264028;2;0;0;0;36649412;27654196;131167;225;30739856;42;0;0;0
FR;1;2021-08-14;122876;174030;645;0;189533;0;0;0;0;36772288;27828226;131812;225;30929389;42;0;0;0
FR;1;2021-08-15;34711;46113;201;1;50330;0;0;0;0;36806999;27874339;132013;226;30979719;42;0;0;0
FR;1;2021-08-16;156967;289320;1424;0;309888;0;0;0;0;36963966;28163659;133437;226;31289607;42;0;0;0
FR;1;2021-08-17;171626;290953;1422;5;313352;0;0;0;0;37135592;28454612;134859;231;31602959;42;0;0;0
FR;1;2021-08-18;161452;286675;1394;6;307302;3;0;0;0;37297044;28741287;136253;237;31910261;45;0;0;0
FR;1;2021-08-19;148962;277413;1405;1;297254;0;0;0;0;37446006;29018700;137658;238;32207515;45;0;0;0
FR;1;2021-08-20;140533;308908;1535;2;328137;2;0;0;0;37586539;29327608;139193;240;32535652;47;0;0;0
FR;1;2021-08-21;84288;213210;589;0;224528;0;0;0;0;37670827;29540818;139782;240;32760180;47;0;0;0
FR;1;2021-08-22;28585;82696;233;0;86701;0;0;0;0;37699412;29623514;140015;240;32846881;47;0;0;0
FR;1;2021-08-23;118672;320939;1422;2;337673;0;0;0;0;37818084;29944453;141437;242;33184554;47;0;0;0
FR;1;2021-08-24;126687;319598;1604;5;337411;0;0;0;0;37944771;30264051;143041;247;33521965;47;0;0;0
FR;1;2021-08-25;121548;306407;1783;8;323579;2;0;0;0;38066319;30570458;144824;255;33845544;49;0;0;0
FR;1;2021-08-26;106648;286082;2165;10;302377;0;0;0;0;38172967;30856540;146989;265;34147921;49;0;0;0
FR;1;2021-08-27;107659;321593;2303;9;338850;1;0;0;0;38280626;31178133;149292;274;34486771;50;0;0;0
FR;1;2021-08-28;71030;220699;1102;0;231219;0;0;0;0;38351656;31398832;150394;274;34717990;50;0;0;0
FR;1;2021-08-29;24156;78208;469;1;82098;0;0;0;0;38375812;31477040;150863;275;34800088;50;0;0;0
FR;1;2021-08-30;96904;286272;4315;6;299758;4967;0;0;0;38472716;31763312;155178;281;35099846;5017;0;0;0
FR;1;2021-08-31;98136;276229;9295;15;289896;10064;2;0;0;38570852;32039541;164473;296;35389742;15081;2;0;0
FR;1;2021-09-01;112367;245289;21121;8;257671;22158;1;0;0;38683219;32284830;185594;304;35647413;37239;3;0;0
FR;1;2021-09-02;86758;197901;24536;18;208296;25519;0;0;0;38769977;32482731;210130;322;35855709;62758;3;0;0
FR;1;2021-09-03;82433;227484;26958;21;238922;28038;0;0;0;38852410;32710215;237088;343;36094631;90796;3;0;0
FR;1;2021-09-04;71631;189718;11141;11;199300;11712;7;0;0;38924041;32899933;248229;354;36293931;102508;10;0;0
FR;1;2021-09-05;18614;41144;4126;2;43849;4277;0;0;0;38942655;32941077;252355;356;36337780;106785;10;0;0
FR;1;2021-09-06;59826;151362;30182;15;158893;31206;2;0;0;39002481;33092439;282537;371;36496673;137991;12;0;0
FR;1;2021-09-07;57401;139622;30215;30;146741;31253;2;0;0;39059882;33232061;312752;401;36643414;169244;14;0;0
FR;1;2021-09-08;72357;173794;26926;22;182265;27967;4;0;0;39132239;33405855;339678;423;36825679;197211;18;0;0
FR;1;2021-09-09;54514;124429;28637;24;131186;29748;5;0;0;39186753;33530284;368315;447;36956865;226959;23;0;0
FR;1;2021-09-10;66224;152061;30452;24;161148;31692;5;0;0;39252977;33682345;398767;471;37118013;258651;28;0;0
FR;1;2021-09-11;52688;146637;9731;14;154126;10356;0;0;0;39305665;33828982;408498;485;37272139;269007;28;0;0
FR;1;2021-09-12;10800;29270;2490;1;30968;2660;2;0;0;39316465;33858252;410988;486;37303107;271667;30;0;0
FR;1;2021-09-13;51520;104395;38767;31;110926;40097;16;0;0;39367985;33962647;449755;517;37414033;311764;46;0;0
FR;1;2021-09-14;53344;96007;51291;67;102371;53291;42;0;0;39421329;34058654;501046;584;37516404;365055;88;0;0
FR;1;2021-09-15;60590;139224;50499;55;146393;47070;68;0;0;39481919;34197878;551545;639;37662797;412125;156;0;0
FR;1;2021-09-16;46646;81362;53354;70;86256;49611;61;0;0;39528565;34279240;604899;709;37749053;461736;217;0;0
FR;1;2021-09-17;53227;109328;45081;61;115662;42714;61;0;0;39581792;34388568;649980;770;37864715;504450;278;0;0
FR;1;2021-09-18;37887;118498;11797;19;124082;11280;19;0;0;39619679;34507066;661777;789;37988797;515730;297;0;0
FR;1;2021-09-19;6531;21024;2045;1;22128;1985;1;0;0;39626210;34528090;663822;790;38010925;517715;298;0;0
FR;1;2021-09-20;36543;74843;46231;65;78564;44198;30;0;0;39662753;34602933;710053;855;38089489;561913;328;0;0
FR;1;2021-09-21;34209;68100;56270;72;71135;52747;76;0;0;39696962;34671033;766323;927;38160624;614660;404;0;0
FR;1;2021-09-22;38848;118601;49884;76;123020;46936;39;0;0;39735810;34789634;816207;1003;38283644;661596;443;0;0
FR;1;2021-09-23;32042;62892;54515;85;65795;50922;76;0;0;39767852;34852526;870722;1088;38349439;712518;519;0;0
FR;1;2021-09-24;36805;90022;43677;89;94381;41957;57;0;0;39804657;34942548;914399;1177;38443820;754475;576;0;0
FR;1;2021-09-25;27655;96711;12307;27;101065;12187;19;0;0;39832312;35039259;926706;1204;38544885;766662;595;0;0
FR;1;2021-09-26;4390;15202;1777;5;16066;1700;4;0;0;39836702;35054461;928483;1209;38560951;768362;599;0;0
FR;1;2021-09-27;27356;60205;42914;89;63435;41644;79;0;1;39864058;35114666;971397;1298;38624386;810006;678;0;1
FR;1;2021-09-28;26913;49418;47207;76;52035;44494;40;0;0;39890971;35164084;1018604;1374;38676421;854500;718;0;1
FR;1;2021-09-29;35927;80254;47297;88;84640;45624;33;0;0;39926898;35244338;1065901;1462;38761061;900124;751;0;1
FR;1;2021-09-30;26078;46899;47528;80;49258;45477;52;0;0;39952976;35291237;1113429;1542;38810319;945601;803;0;1
FR;1;2021-10-01;47307;66910;44909;83;70792;44634;14;0;0;40000283;35358147;1158338;1625;38881111;990235;817;0;1
FR;1;2021-10-02;32383;62416;16114;32;67224;16325;6;0;0;40032666;35420563;1174452;1657;38948335;1006560;823;0;1
FR;1;2021-10-03;4343;8564;2043;3;9312;2039;4;0;0;40037009;35429127;1176495;1660;38957647;1008599;827;0;1
FR;1;2021-10-04;28985;44426;47117;79;46839;46986;31;0;0;40065994;35473553;1223612;1739;39004486;1055585;858;0;1
FR;1;2021-10-05;24576;41643;49895;116;43140;49352;47;0;0;40090570;35515196;1273507;1855;39047626;1104937;905;0;1
FR;1;2021-10-06;34660;61389;57510;101;64496;57265;25;0;0;40125230;35576585;1331017;1956;39112122;1162202;930;0;1
FR;1;2021-10-07;21083;39914;53053;74;41092;51998;32;0;0;40146313;35616499;1384070;2030;39153214;1214200;962;0;1
FR;1;2021-10-08;35672;59645;60412;83;62871;61170;28;0;0;40181985;35676144;1444482;2113;39216085;1275370;990;0;1
FR;1;2021-10-09;27466;48024;25498;29;52491;26028;10;0;0;40209451;35724168;1469980;2142;39268576;1301398;1000;0;1
FR;1;2021-10-10;3728;5810;2759;7;6288;2865;1;0;0;40213179;35729978;1472739;2149;39274864;1304263;1001;0;1
FR;1;2021-10-11;24858;38212;54590;88;40296;55272;43;0;0;40238037;35768190;1527329;2237;39315160;1359535;1044;0;1
FR;1;2021-10-12;23386;36583;58078;128;37082;59241;18;0;0;40261423;35804773;1585407;2365;39352242;1418776;1062;0;1
FR;1;2021-10-13;32974;47842;64177;125;50647;65703;22;0;1;40294397;35852615;1649584;2490;39402889;1484479;1084;0;2
FR;1;2021-10-14;21715;34773;53776;103;35679;54370;24;0;0;40316112;35887388;1703360;2593;39438568;1538849;1108;0;2
FR;1;2021-10-15;32757;48763;72338;165;50456;75035;22;0;0;40348869;35936151;1775698;2758;39489024;1613884;1130;0;2
FR;1;2021-10-16;26014;35285;34874;45;38300;36432;13;0;0;40374883;35971436;1810572;2803;39527324;1650316;1143;0;2
FR;1;2021-10-17;3161;4053;3418;2;4496;3319;3;0;0;40378044;35975489;1813990;2805;39531820;1653635;1146;0;2
FR;1;2021-10-18;24354;34876;66852;132;34915;69736;27;0;0;40402398;36010365;1880842;2937;39566735;1723371;1173;0;2
FR;1;2021-10-19;20724;35572;75678;135;33223;79610;40;0;0;40423122;36045937;1956520;3072;39599958;1802981;1213;0;2
FR;1;2021-10-20;29917;44205;96191;178;43279;99882;45;0;0;40453039;36090142;2052711;3250;39643237;1902863;1258;0;2
FR;1;2021-10-21;19804;35053;83201;107;31763;87064;29;0;0;40472843;36125195;2135912;3357;39675000;1989927;1287;0;2
FR;1;2021-10-22;29756;47758;103757;196;44554;109723;58;0;0;40502599;36172953;2239669;3553;39719554;2099650;1345;0;2
FR;1;2021-10-23;23055;35142;44876;57;36131;47386;11;0;0;40525654;36208095;2284545;3610;39755685;2147036;1356;0;2
FR;1;2021-10-24;2407;3841;3584;6;4041;3717;1;0;0;40528061;36211936;2288129;3616;39759726;2150753;1357;0;2
FR;1;2021-10-25;22504;30718;82031;143;29600;85840;36;0;0;40550565;36242654;2370160;3759;39789326;2236593;1393;0;2
FR;1;2021-10-26;19368;27645;86125;162;24738;90357;29;0;0;40569933;36270299;2456285;3921;39814064;2326950;1422;0;2
FR;1;2021-10-27;26223;39611;107826;252;37303;112741;45;0;0;40596156;36309910;2564111;4173;39851367;2439691;1467;0;2
FR;1;2021-10-28;18804;27108;86969;150;23482;91737;34;0;0;40614960;36337018;2651080;4323;39874849;2531428;1501;0;2
FR;1;2021-10-29;25936;40254;114844;202;35488;121683;49;0;0;40640896;36377272;2765924;4525;39910337;2653111;1550;0;2
FR;1;2021-10-30;17713;28718;49373;74;28302;51970;18;0;0;40658609;36405990;2815297;4599;39938639;2705081;1568;0;2
FR;1;2021-10-31;2088;3169;3452;2;3215;3686;2;0;0;40660697;36409159;2818749;4601;39941854;2708767;1570;0;2
FR;1;2021-11-01;8025;4274;3037;3;4358;3294;6;0;0;40668722;36413433;2821786;4604;39946212;2712061;1576;0;2
FR;1;2021-11-02;22916;33218;92416;156;29173;97870;39;0;1;40691638;36446651;2914202;4760;39975385;2809931;1615;0;3
FR;1;2021-11-03;26638;41549;117525;219;36998;123909;56;0;0;40718276;36488200;3031727;4979;40012383;2933840;1671;0;3
FR;1;2021-11-04;19629;30290;105825;213;24185;111970;42;0;0;40737905;36518490;3137552;5192;40036568;3045810;1713;0;3
FR;1;2021-11-05;27034;42298;138800;230;34178;147490;47;0;0;40764939;36560788;3276352;5422;40070746;3193300;1760;0;3
FR;1;2021-11-06;18864;29807;63501;123;27605;66521;24;0;0;40783803;36590595;3339853;5545;40098351;3259821;1784;0;3
FR;1;2021-11-07;1834;3268;4985;6;3025;5302;5;0;0;40785637;36593863;3344838;5551;40101376;3265123;1789;0;3
FR;1;2021-11-08;17881;32245;126022;224;25387;132660;47;0;0;40803518;36626108;3470860;5775;40126763;3397783;1836;0;3
FR;1;2021-11-09;19521;37604;159331;334;26125;169155;63;0;0;40823039;36663712;3630191;6109;40152888;3566938;1899;0;3
FR;1;2021-11-10;28895;49048;181930;441;39012;192547;82;0;0;40851934;36712760;3812121;6550;40191900;3759485;1981;0;3
FR;1;2021-11-11;4192;5930;12239;26;5107;13029;14;0;0;40856126;36718690;3824360;6576;40197007;3772514;1995;0;3
FR;1;2021-11-12;26027;46821;174848;244;35288;186548;76;0;0;40882153;36765511;3999208;6820;40232295;3959062;2071;0;3
FR;1;2021-11-13;18736;29144;76847;111;25370;81792;40;0;0;40900889;36794655;4076055;6931;40257665;4040854;2111;0;3
FR;1;2021-11-14;2051;3240;6827;5;2796;7357;6;0;0;40902940;36797895;4082882;6936;40260461;4048211;2117;0;3
FR;1;2021-11-15;18797;34709;156449;306;24616;166287;59;0;0;40921737;36832604;4239331;7242;40285077;4214498;2176;0;3
FR;1;2021-11-16;21369;37811;192163;380;23316;205080;99;0;1;40943106;36870415;4431494;7622;40308393;4419578;2275;0;4
FR;1;2021-11-17;28675;45549;193256;398;33020;205081;92;0;0;40971781;36915964;4624750;8020;40341413;4624659;2367;0;4
FR;1;2021-11-18;21148;39599;182544;459;25137;194672;85;0;0;40992929;36955563;4807294;8479;40366550;4819331;2452;0;4
FR;1;2021-11-19;30894;53319;230285;532;34815;246781;134;0;0;41023823;37008882;5037579;9011;40401365;5066112;2586;0;4
FR;1;2021-11-20;23776;33215;97002;202;26734;103656;40;0;0;41047599;37042097;5134581;9213;40428099;5169768;2626;0;4
FR;1;2021-11-21;2342;3909;9133;19;2957;9939;16;0;0;41049941;37046006;5143714;9232;40431056;5179707;2642;0;4
FR;1;2021-11-22;21426;30327;175932;467;16946;189480;79;0;0;41071367;37076333;5319646;9699;40448002;5369187;2721;0;4
FR;1;2021-11-23;24031;40970;221266;540;21319;238019;77;0;0;41095398;37117303;5540912;10239;40469321;5607206;2798;0;4
FR;1;2021-11-24;30298;49644;217402;701;31964;234585;67;0;0;41125696;37166947;5758314;10940;40501285;5841791;2865;0;4
FR;1;2021-11-25;23732;44044;244525;718;22071;264226;101;0;0;41149428;37210991;6002839;11658;40523356;6106017;2966;0;4
FR;1;2021-11-26;30618;66638;356842;836;33239;388629;154;0;0;41180046;37277629;6359681;12494;40556595;6494646;3120;0;4
FR;1;2021-11-27;21960;45262;202666;372;26151;222696;112;0;0;41202006;37322891;6562347;12866;40582746;6717342;3232;0;4
FR;1;2021-11-28;3180;9544;54803;63;3468;61016;37;0;0;41205186;37332435;6617150;12929;40586214;6778358;3269;0;4
FR;1;2021-11-29;17904;49468;326436;841;20777;354582;150;0;0;41223090;37381903;6943586;13770;40606991;7132940;3419;0;4
FR;1;2021-11-30;22790;64818;431195;952;23796;470844;266;0;0;41245880;37446721;7374781;14722;40630787;7603784;3685;0;4
FR;1;2021-12-01;25364;69038;442957;1131;28429;481823;271;0;0;41271244;37515759;7817738;15853;40659216;8085607;3956;0;4
FR;1;2021-12-02;20093;64297;489465;1230;18435;532969;274;0;0;41291337;37580056;8307203;17083;40677651;8618576;4230;0;4
FR;1;2021-12-03;22912;82299;542842;1310;30272;591856;308;0;0;41314249;37662355;8850045;18393;40707923;9210432;4538;0;4
FR;1;2021-12-04;16417;53779;299138;654;23204;328998;180;0;0;41330666;37716134;9149183;19047;40731127;9539430;4718;0;4
FR;1;2021-12-05;3635;13771;81549;143;4193;91046;85;0;0;41334301;37729905;9230732;19190;40735320;9630476;4803;0;4
FR;1;2021-12-06;25848;62419;415524;1066;22062;455251;358;0;0;41360149;37792324;9646256;20256;40757382;10085727;5161;0;4
FR;1;2021-12-07;20018;75457;523080;1536;24274;572741;372;0;0;41380167;37867781;10169336;21792;40781656;10658468;5533;0;4
FR;1;2021-12-08;21718;75490;458636;1545;30647;502293;378;0;0;41401885;37943271;10627972;23337;40812303;11160761;5911;0;4
FR;1;2021-12-09;19473;73940;493114;1624;24325;541127;398;0;0;41421358;38017211;11121086;24961;40836628;11701888;6309;0;4
FR;1;2021-12-10;23330;87515;547471;1585;32416;600110;392;0;1;41444688;38104726;11668557;26546;40869044;12301998;6701;0;5
FR;1;2021-12-11;16534;59085;302768;751;25944;335502;278;0;0;41461222;38163811;11971325;27297;40894988;12637500;6979;0;5
FR;1;2021-12-12;4397;15876;83241;179;5242;94047;96;0;0;41465619;38179687;12054566;27476;40900230;12731547;7075;0;5
FR;1;2021-12-13;15761;63400;367087;1094;23905;406373;236;0;0;41481380;38243087;12421653;28570;40924135;13137920;7311;0;5
FR;1;2021-12-14;20870;80109;464899;1749;28638;515356;507;0;1;41502250;38323196;12886552;30319;40952773;13653276;7818;0;6
FR;1;2021-12-15;21631;77291;409188;1309;33007;453259;311;0;1;41523881;38400487;13295740;31628;40985780;14106535;8129;0;7
FR;1;2021-12-16;20070;77052;452010;1577;27920;500750;324;0;0;41543951;38477539;13747750;33205;41013700;14607285;8453;0;7
FR;1;2021-12-17;22629;86368;480030;1737;34640;531053;372;0;0;41566580;38563907;14227780;34942;41048340;15138338;8825;0;7
FR;1;2021-12-18;17610;54547;257662;731;24684;288529;232;0;0;41584190;38618454;14485442;35673;41073024;15426867;9057;0;7
FR;1;2021-12-19;5563;16908;79205;194;5921;90677;117;0;0;41589753;38635362;14564647;35867;41078945;15517544;9174;0;7
FR;1;2021-12-20;20957;62869;316306;1082;26487;355339;286;0;0;41610710;38698231;14880953;36949;41105432;15872883;9460;0;7
FR;1;2021-12-21;26344;72856;372823;1422;30552;418149;338;0;0;41637054;38771087;15253776;38371;41135984;16291032;9798;0;7
FR;1;2021-12-22;24989;65643;310704;1217;29573;349626;361;0;1;41662043;38836730;15564480;39588;41165557;16640658;10159;0;8
FR;1;2021-12-23;21278;52105;241542;958;23338;273076;362;0;0;41683321;38888835;15806022;40546;41188895;16913734;10521;0;8
FR;1;2021-12-24;7130;18267;67173;258;9243;77065;154;0;1;41690451;38907102;15873195;40804;41198138;16990799;10675;0;9
FR;1;2021-12-25;510;2864;5595;15;1796;6539;55;0;0;41690961;38909966;15878790;40819;41199934;16997338;10730;0;9
FR;1;2021-12-26;2751;7569;26960;71;3493;31470;100;0;0;41693712;38917535;15905750;40890;41203427;17028808;10830;0;9
FR;1;2021-12-27;18312;53458;235147;705;25450;265805;365;0;0;41712024;38970993;16140897;41595;41228877;17294613;11195;0;9
FR;1;2021-12-28;23302;61877;292070;1026;26987;330243;595;0;1;41735326;39032870;16432967;42621;41255864;17624856;11790;0;10
FR;1;2021-12-29;22218;55372;255049;921;25256;288245;645;0;1;41757544;39088242;16688016;43542;41281120;17913101;12435;0;11
FR;1;2021-12-30;21240;46407;212183;857;22441;239633;718;0;0;41778784;39134649;16900199;44399;41303561;18152734;13153;0;11
FR;1;2021-12-31;7468;16534;61882;229;8713;70415;347;0;0;41786252;39151183;16962081;44628;41312274;18223149;13500;0;11
FR;1;2022-01-01;1170;2489;5668;30;1543;6577;73;0;0;41787422;39153672;16967749;44658;41313817;18229726;13573;0;11
FR;1;2022-01-02;3090;8075;28897;50;3672;33539;190;0;0;41790512;39161747;16996646;44708;41317489;18263265;13763;0;11
FR;1;2022-01-03;26940;54159;228289;790;27527;257749;964;0;1;41817452;39215906;17224935;45498;41345016;18521014;14727;0;12
FR;1;2022-01-04;26356;64974;299326;1241;29774;337373;1367;0;2;41843808;39280880;17524261;46739;41374790;18858387;16094;0;14
FR;1;2022-01-05;30570;64239;274936;1099;32506;310315;1264;0;0;41874378;39345119;17799197;47838;41407296;19168702;17358;0;14
FR;1;2022-01-06;26861;66195;306956;1404;29269;346629;1569;0;1;41901239;39411314;18106153;49242;41436565;19515331;18927;0;15
FR;1;2022-01-07;31582;74962;349882;1538;34387;394011;1822;0;1;41932821;39486276;18456035;50780;41470952;19909342;20749;0;16
FR;1;2022-01-08;23391;51358;222511;698;25571;251139;913;0;1;41956212;39537634;18678546;51478;41496523;20160481;21662;0;17
FR;1;2022-01-09;7090;17130;66036;163;8165;76142;335;0;0;41963302;39554764;18744582;51641;41504688;20236623;21997;0;17
FR;1;2022-01-10;21814;60573;236837;957;32911;267629;1258;0;1;41985116;39615337;18981419;52598;41537599;20504252;23255;0;18
FR;1;2022-01-11;26783;63427;282346;1280;31189;317861;1837;0;1;42011899;39678764;19263765;53878;41568788;20822113;25092;0;19
FR;1;2022-01-12;28968;62475;246304;1106;35038;278093;1686;0;3;42040867;39741239;19510069;54984;41603826;21100206;26778;0;22
FR;1;2022-01-13;24791;60153;262846;1253;30023;296167;1993;0;4;42065658;39801392;19772915;56237;41633849;21396373;28771;0;26
FR;1;2022-01-14;27972;66682;314055;1366;32103;351308;2475;0;1;42093630;39868074;20086970;57603;41665952;21747681;31246;0;27
FR;1;2022-01-15;19372;44405;199333;619;22460;223869;1363;0;1;42113002;39912479;20286303;58222;41688412;21971550;32609;0;28
FR;1;2022-01-16;5161;12955;51537;135;6020;59557;338;0;0;42118163;39925434;20337840;58357;41694432;22031107;32947;0;28
FR;1;2022-01-17;16884;39662;184864;783;20112;206842;1690;0;2;42135047;39965096;20522704;59140;41714544;22237949;34637;0;30
FR;1;2022-01-18;19460;45958;212461;1154;22983;237062;2456;0;1;42154507;40011054;20735165;60294;41737527;22475011;37093;0;31
FR;1;2022-01-19;20314;43939;176150;898;25466;197206;1977;0;4;42174821;40054993;20911315;61192;41762993;22672217;39070;0;35
FR;1;2022-01-20;16852;40562;183722;1147;20810;204766;2516;0;2;42191673;40095555;21095037;62339;41783803;22876983;41586;0;37
FR;1;2022-01-21;19923;47004;228984;1405;23883;253361;3105;0;1;42211596;40142559;21324021;63744;41807686;23130344;44691;0;38
FR;1;2022-01-22;13845;33332;144509;579;18433;161398;1404;0;2;42225441;40175891;21468530;64323;41826119;23291742;46095;0;40
FR;1;2022-01-23;3379;8762;33439;132;4575;38324;352;0;1;42228820;40184653;21501969;64455;41830694;23330066;46447;0;41
FR;1;2022-01-24;11816;32968;142243;718;17789;158280;2104;0;1;42240636;40217621;21644212;65173;41848483;23488346;48551;0;42
FR;1;2022-01-25;14216;38159;163435;1049;20284;181569;3181;0;1;42254852;40255780;21807647;66222;41868767;23669915;51732;0;43
FR;1;2022-01-26;14865;37720;150273;934;22633;166401;2516;0;1;42269717;40293500;21957920;67156;41891400;23836316;54248;0;44
FR;1;2022-01-27;12341;33341;143471;896;18502;158051;3230;0;3;42282058;40326841;22101391;68052;41909902;23994367;57478;0;47
FR;1;2022-01-28;16331;56907;198336;1144;32662;222397;4007;0;3;42298389;40383748;22299727;69196;41942564;24216764;61485;0;50
FR;1;2022-01-29;10270;35470;135216;525;19611;151543;1879;0;1;42308659;40419218;22434943;69721;41962175;24368307;63364;0;51
FR;1;2022-01-30;2484;9255;29688;86;4827;34450;434;0;1;42311143;40428473;22464631;69807;41967002;24402757;63798;0;52
FR;1;2022-01-31;8759;32460;104354;533;19471;117342;2340;0;3;42319902;40460933;22568985;70340;41986473;24520099;66138;0;55
FR;1;2022-02-01;11010;36447;127092;865;20632;141214;4320;0;1;42330912;40497380;22696077;71205;42007105;24661313;70458;0;56
FR;1;2022-02-02;12135;41572;130370;782;25263;145817;3774;0;9;42343047;40538952;22826447;71987;42032368;24807130;74232;0;65
FR;1;2022-02-03;9518;34053;117034;785;19121;130334;4284;0;4;42352565;40573005;22943481;72772;42051489;24937464;78516;0;69
FR;1;2022-02-04;11542;49681;172590;968;26972;192726;5479;0;5;42364107;40622686;23116071;73740;42078461;25130190;83995;0;74
FR;1;2022-02-05;8000;33921;117593;391;18170;133024;2414;0;3;42372107;40656607;23233664;74131;42096631;25263214;86409;0;77
FR;1;2022-02-06;1706;7995;22754;86;3873;26905;444;0;0;42373813;40664602;23256418;74217;42100504;25290119;86853;0;77
FR;1;2022-02-07;7367;35385;119114;460;18171;134971;3398;0;4;42381180;40699987;23375532;74677;42118675;25425090;90251;0;81
FR;1;2022-02-08;7771;31960;125676;696;14892;140666;4301;0;5;42388951;40731947;23501208;75373;42133567;25565756;94552;0;86
FR;1;2022-02-09;8741;36530;135267;702;17930;152511;3884;0;7;42397692;40768477;23636475;76075;42151497;25718267;98436;0;93
FR;1;2022-02-10;7031;30139;116383;677;13904;130171;4445;0;1;42404723;40798616;23752858;76752;42165401;25848438;102881;0;94
FR;1;2022-02-11;8662;41566;165150;878;18379;185374;5430;0;3;42413385;40840182;23918008;77630;42183780;26033812;108311;0;97
FR;1;2022-02-12;5346;27617;106715;379;12540;120900;2396;0;2;42418731;40867799;24024723;78009;42196320;26154712;110707;0;99
FR;1;2022-02-13;1269;5721;21721;66;2188;25339;402;0;3;42420000;40873520;24046444;78075;42198508;26180051;111109;0;102
FR;1;2022-02-14;5460;27230;118096;395;10645;133124;3385;0;4;42425460;40900750;24164540;78470;42209153;26313175;114494;0;106
FR;1;2022-02-15;5797;28872;118941;611;12221;132572;4883;0;1;42431257;40929622;24283481;79081;42221374;26445747;119377;0;107
FR;1;2022-02-16;5763;28495;110428;597;13762;123058;4153;0;3;42437020;40958117;24393909;79678;42235136;26568805;123530;0;110
FR;1;2022-02-17;4616;19747;73155;489;10128;80261;3999;0;3;42441636;40977864;24467064;80167;42245264;26649066;127529;0;113
FR;1;2022-02-18;5615;26802;99207;673;14174;108168;5519;0;2;42447251;41004666;24566271;80840;42259438;26757234;133048;0;115
FR;1;2022-02-19;3551;17177;59479;305;9570;66060;2267;0;0;42450802;41021843;24625750;81145;42269008;26823294;135315;0;115
FR;1;2022-02-20;792;3258;10706;36;1651;12333;360;0;1;42451594;41025101;24636456;81181;42270659;26835627;135675;0;116
FR;1;2022-02-21;3430;14599;52830;286;7919;57678;3126;0;2;42455024;41039700;24689286;81467;42278578;26893305;138801;0;118
FR;1;2022-02-22;3804;15549;51919;500;9046;55657;4070;0;1;42458828;41055249;24741205;81967;42287624;26948962;142871;0;119
FR;1;2022-02-23;4235;17828;57487;510;10748;62589;3568;0;3;42463063;41073077;24798692;82477;42298372;27011551;146439;0;122
FR;1;2022-02-24;3345;13145;43620;436;7840;46410;3658;0;2;42466408;41086222;24842312;82913;42306212;27057961;150097;0;124
FR;1;2022-02-25;4478;20133;64927;697;12251;68798;5768;0;4;42470886;41106355;24907239;83610;42318463;27126759;155865;0;128
FR;1;2022-02-26;2698;12806;41372;310;7653;45125;2494;0;2;42473584;41119161;24948611;83920;42326116;27171884;158359;0;130
FR;1;2022-02-27;644;2192;7131;42;1207;7994;433;0;0;42474228;41121353;24955742;83962;42327323;27179878;158792;0;130
FR;1;2022-02-28;2614;10501;34969;306;6081;37395;3124;0;0;42476842;41131854;24990711;84268;42333404;27217273;161916;0;130
FR;1;2022-03-01;3592;10762;38707;391;6364;39663;4548;0;4;42480434;41142616;25029418;84659;42339768;27256936;166464;0;134
FR;1;2022-03-02;3685;12254;41870;398;7521;43940;4110;0;1;42484119;41154870;25071288;85057;42347289;27300876;170574;0;135
FR;1;2022-03-03;2463;7994;26186;329;5249;26524;3380;0;1;42486582;41162864;25097474;85386;42352538;27327400;173954;0;136
FR;1;2022-03-04;2691;10549;35468;594;6980;34962;5280;0;3;42489273;41173413;25132942;85980;42359518;27362362;179234;0;139
FR;1;2022-03-05;1823;6369;21972;280;4207;22370;2572;0;1;42491096;41179782;25154914;86260;42363725;27384732;181806;0;140
FR;1;2022-03-06;360;959;2918;38;605;3121;327;0;0;42491456;41180741;25157832;86298;42364330;27387853;182133;0;140
FR;1;2022-03-07;1922;4724;16442;245;3046;15910;2831;0;4;42493378;41185465;25174274;86543;42367376;27403763;184964;0;144
FR;1;2022-03-08;1719;5259;17173;309;3670;16002;3471;0;3;42495097;41190724;25191447;86852;42371046;27419765;188435;0;147
FR;1;2022-03-09;1988;6749;19820;371;4824;19178;3424;0;4;42497085;41197473;25211267;87223;42375870;27438943;191859;0;151
FR;1;2022-03-10;1416;5023;15300;309;3674;14338;2944;0;2;42498501;41202496;25226567;87532;42379544;27453281;194803;0;153
FR;1;2022-03-11;1761;6414;21717;487;4449;19872;4737;0;1;42500262;41208910;25248284;88019;42383993;27473153;199540;0;154
FR;1;2022-03-12;1263;4653;15367;281;3094;14915;2687;0;2;42501525;41213563;25263651;88300;42387087;27488068;202227;0;156
FR;1;2022-03-13;257;614;2119;119;415;2065;468;0;0;42501782;41214177;25265770;88419;42387502;27490133;202695;0;156
FR;1;2022-03-14;1158;3679;13407;3882;2294;12528;6342;0;8;42502940;41217856;25279177;92301;42389796;27502661;209037;0;164
FR;1;2022-03-15;1409;5735;14665;6865;4319;13262;9847;0;8;42504349;41223591;25293842;99166;42394115;27515923;218884;0;172
FR;1;2022-03-16;1696;5090;17401;11521;3601;16465;14126;0;6;42506045;41228681;25311243;110687;42397716;27532388;233010;0;178
FR;1;2022-03-17;1179;3442;11735;9648;2367;10830;11732;0;8;42507224;41232123;25322978;120335;42400083;27543218;244742;0;186
FR;1;2022-03-18;1725;4930;17980;16508;3324;16419;19722;0;14;42508949;41237053;25340958;136843;42403407;27559637;264464;0;200
FR;1;2022-03-19;1126;3302;11891;8460;2277;11362;10142;0;6;42510075;41240355;25352849;145303;42405684;27570999;274606;0;206
FR;1;2022-03-20;224;561;1726;1015;363;1761;1224;0;2;42510299;41240916;25354575;146318;42406047;27572760;275830;0;208
FR;1;2022-03-21;1088;2768;11504;13462;1787;10855;15142;0;10;42511387;41243684;25366079;159780;42407834;27583615;290972;0;218
FR;1;2022-03-22;1282;3215;12264;18716;2156;11252;20619;0;5;42512669;41246899;25378343;178496;42409990;27594867;311591;0;223
FR;1;2022-03-23;1514;4365;16034;20111;2961;15715;21883;0;34;42514183;41251264;25394377;198607;42412951;27610582;333474;0;257
FR;1;2022-03-24;1121;2754;10405;16060;1910;9666;17565;0;15;42515304;41254018;25404782;214667;42414861;27620248;351039;0;272
FR;1;2022-03-25;1540;4364;16758;25315;2882;15409;27960;0;23;42516844;41258382;25421540;239982;42417743;27635657;378999;0;295
FR;1;2022-03-26;1110;3018;10856;11452;2065;10518;12864;0;20;42517954;41261400;25432396;251434;42419808;27646175;391863;0;315
FR;1;2022-03-27;236;546;1750;1383;334;1803;1594;0;1;42518190;41261946;25434146;252817;42420142;27647978;393457;0;316
FR;1;2022-03-28;1086;2490;9981;15885;1558;9602;17230;0;10;42519276;41264436;25444127;268702;42421700;27657580;410687;0;326
FR;1;2022-03-29;1141;2754;11562;25111;1603;10926;26508;0;30;42520417;41267190;25455689;293813;42423303;27668506;437195;0;356
FR;1;2022-03-30;1632;3680;14175;24233;2454;13715;25897;0;19;42522049;41270870;25469864;318046;42425757;27682221;463092;0;375
FR;1;2022-03-31;1281;3032;11701;22700;2060;11214;24021;0;40;42523330;41273902;25481565;340746;42427817;27693435;487113;0;415
FR;1;2022-04-01;2239;4025;18492;28534;2482;17362;30806;0;54;42525569;41277927;25500057;369280;42430299;27710797;517919;0;469
FR;1;2022-04-02;911;1894;8196;9240;1106;7959;10233;0;28;42526480;41279821;25508253;378520;42431405;27718756;528152;0;497
FR;1;2022-04-03;207;382;1433;1058;219;1435;1249;0;1;42526687;41280203;25509686;379578;42431624;27720191;529401;0;498
FR;1;2022-04-04;4274;2608;11385;17680;1696;10776;18900;0;30;42530961;41282811;25521071;397258;42433320;27730967;548301;0;528
FR;1;2022-04-05;2261;2725;13007;31222;1708;12033;32603;0;68;42533222;41285536;25534078;428480;42435028;27743000;580904;0;596
FR;1;2022-04-06;1891;3018;12206;23982;1926;11643;25279;0;62;42535113;41288554;25546284;452462;42436954;27754643;606183;0;658
FR;1;2022-04-07;1694;2754;12360;31120;1651;11827;32196;0;68;42536807;41291308;25558644;483582;42438605;27766470;638379;0;726
FR;1;2022-04-08;1847;3712;17570;40648;2098;16500;42701;0;76;42538654;41295020;25576214;524230;42440703;27782970;681080;0;802
FR;1;2022-04-09;827;2000;8406;12504;1078;8106;13502;0;26;42539481;41297020;25584620;536734;42441781;27791076;694582;0;828
FR;1;2022-04-10;202;654;1837;1855;419;1883;2075;0;6;42539683;41297674;25586457;538589;42442200;27792959;696657;0;834
FR;1;2022-04-11;1107;2258;10973;22372;1310;10688;23480;0;68;42540790;41299932;25597430;560961;42443510;27803647;720137;0;902
FR;1;2022-04-12;1352;2679;12829;38147;1593;12317;38899;0;119;42542142;41302611;25610259;599108;42445103;27815964;759036;0;1021
FR;1;2022-04-13;1283;2894;12278;30627;1790;12008;31399;0;85;42543425;41305505;25622537;629735;42446893;27827972;790435;0;1106
FR;1;2022-04-14;1238;2603;12119;33661;1606;12133;34098;0;87;42544663;41308108;25634656;663396;42448499;27840105;824533;0;1193
FR;1;2022-04-15;1512;3346;14409;33269;2161;13814;34672;0;107;42546175;41311454;25649065;696665;42450660;27853919;859205;0;1300
FR;1;2022-04-16;663;1410;5845;8003;767;5777;8757;0;31;42546838;41312864;25654910;704668;42451427;27859696;867962;0;1331
FR;1;2022-04-17;157;290;930;1121;177;975;1171;0;7;42546995;41313154;25655840;705789;42451604;27860671;869133;0;1338
FR;1;2022-04-18;169;484;2636;1002;298;2660;1187;0;5;42547164;41313638;25658476;706791;42451902;27863331;870320;0;1343
FR;1;2022-04-19;1259;2610;11788;27936;1500;11519;28791;0;69;42548423;41316248;25670264;734727;42453402;27874850;899111;0;1412
FR;1;2022-04-20;1360;2674;12179;26886;1678;12031;27711;0;82;42549783;41318922;25682443;761613;42455080;27886881;926822;0;1494
FR;1;2022-04-21;1245;2464;11554;33285;1513;11785;33623;0;107;42551028;41321386;25693997;794898;42456593;27898666;960445;0;1601
FR;1;2022-04-22;1527;3094;15217;35507;1928;14795;36705;0;120;42552555;41324480;25709214;830405;42458521;27913461;997150;0;1721
FR;1;2022-04-23;767;1590;6738;9894;927;6644;10578;0;30;42553322;41326070;25715952;840299;42459448;27920105;1007728;0;1751
FR;1;2022-04-24;195;378;1376;1524;242;1329;1749;0;7;42553517;41326448;25717328;841823;42459690;27921434;1009477;0;1758
FR;1;2022-04-25;1042;2132;9858;19736;1255;9758;20558;0;64;42554559;41328580;25727186;861559;42460945;27931192;1030035;0;1822
FR;1;2022-04-26;1351;2627;12608;36640;1608;12207;37228;0;163;42555910;41331207;25739794;898199;42462553;27943399;1067263;0;1985
FR;1;2022-04-27;1330;2408;10654;29290;1468;10790;29675;0;123;42557240;41333615;25750448;927489;42464021;27954189;1096938;0;2108
FR;1;2022-04-28;1284;2418;11565;34325;1524;11406;34475;0;127;42558524;41336033;25762013;961814;42465545;27965595;1131413;0;2235
FR;1;2022-04-29;1615;4296;14407;35563;3169;13859;36853;0;153;42560139;41340329;25776420;997377;42468714;27979454;1168266;0;2388
FR;1;2022-04-30;841;4336;6448;9173;3763;6292;9974;0;35;42560980;41344665;25782868;1006550;42472477;27985746;1178240;0;2423
FR;1;2022-05-01;178;288;832;951;190;826;1080;0;5;42561158;41344953;25783700;1007501;42472667;27986572;1179320;0;2428
FR;1;2022-05-02;2098;2618;10381;16953;1773;10306;17634;0;64;42563256;41347571;25794081;1024454;42474440;27996878;1196954;0;2492
FR;1;2022-05-03;1687;2879;12712;32915;1763;12604;33714;0;149;42564943;41350450;25806793;1057369;42476203;28009482;1230668;0;2641
FR;1;2022-05-04;1382;2751;11234;23826;1695;11396;24365;0;96;42566325;41353201;25818027;1081195;42477898;28020878;1255033;0;2737
FR;1;2022-05-05;1500;2738;12201;31862;1722;12124;32410;0;170;42567825;41355939;25830228;1113057;42479620;28033002;1287443;0;2907
FR;1;2022-05-06;1822;3242;14242;34941;1919;13826;36203;0;166;42569647;41359181;25844470;1147998;42481539;28046828;1323646;0;3073
FR;1;2022-05-07;860;1473;5979;9097;878;6013;9731;0;44;42570507;41360654;25850449;1157095;42482417;28052841;1333377;0;3117
FR;1;2022-05-08;190;329;1062;1472;221;1124;1548;0;8;42570697;41360983;25851511;1158567;42482638;28053965;1334925;0;3125
FR;1;2022-05-09;1167;2020;9250;19262;1160;9165;20034;0;93;42571864;41363003;25860761;1177829;42483798;28063130;1354959;0;3218
FR;1;2022-05-10;1511;3050;12616;37145;1961;12215;38043;0;177;42573375;41366053;25873377;1214974;42485759;28075345;1393002;0;3395
FR;1;2022-05-11;1441;2478;9912;26042;1696;9860;26559;0;138;42574816;41368531;25883289;1241016;42487455;28085205;1419561;0;3533
FR;1;2022-05-12;1326;2456;10526;33634;1548;10229;34277;0;188;42576142;41370987;25893815;1274650;42489003;28095434;1453838;0;3721
FR;1;2022-05-13;1618;2806;12770;35855;1684;12418;36950;0;149;42577760;41373793;25906585;1310505;42490687;28107852;1490788;0;3870
FR;1;2022-05-14;783;1329;5481;10217;815;5365;10732;0;51;42578543;41375122;25912066;1320722;42491502;28113217;1501520;0;3921
FR;1;2022-05-15;223;422;1182;1352;246;1252;1497;0;5;42578766;41375544;25913248;1322074;42491748;28114469;1503017;0;3926
FR;1;2022-05-16;972;1786;8080;20138;1005;8144;20550;0;117;42579738;41377330;25921328;1342212;42492753;28122613;1523567;0;4043
FR;1;2022-05-17;1296;2303;11126;36187;1386;10730;36973;0;172;42581034;41379633;25932454;1378399;42494139;28133343;1560540;0;4215
FR;1;2022-05-18;1313;2136;9041;25730;1368;8991;26289;0;99;42582347;41381769;25941495;1404129;42495507;28142334;1586829;0;4314
FR;1;2022-05-19;1204;2404;9857;34002;1413;9952;34205;0;150;42583551;41384173;25951352;1438131;42496920;28152286;1621034;0;4464
FR;1;2022-05-20;1563;2757;12532;37655;1720;12113;38515;0;151;42585114;41386930;25963884;1475786;42498640;28164399;1659549;0;4615
FR;1;2022-05-21;775;1387;5247;9374;880;5164;9944;0;37;42585889;41388317;25969131;1485160;42499520;28169563;1669493;0;4652
FR;1;2022-05-22;194;292;954;1397;204;953;1520;0;10;42586083;41388609;25970085;1486557;42499724;28170516;1671013;0;4662
FR;1;2022-05-23;971;1891;8371;19438;1179;8347;20055;0;79;42587054;41390500;25978456;1505995;42500903;28178863;1691068;0;4741
FR;1;2022-05-24;1289;2448;10728;37252;1440;10598;37825;0;173;42588343;41392948;25989184;1543247;42502343;28189461;1728893;0;4914
FR;1;2022-05-25;1272;2300;8793;23694;1425;8957;24056;0;111;42589615;41395248;25997977;1566941;42503768;28198418;1752949;0;5025
FR;1;2022-05-26;175;385;1585;1155;261;1580;1288;0;24;42589790;41395633;25999562;1568096;42504029;28199998;1754237;0;5049
FR;1;2022-05-27;1120;2192;8789;20457;1377;8537;21410;0;84;42590910;41397825;26008351;1588553;42505406;28208535;1775647;0;5133
FR;1;2022-05-28;486;1059;3692;6543;627;3729;6930;0;37;42591396;41398884;26012043;1595096;42506033;28212264;1782577;0;5170
FR;1;2022-05-29;121;257;707;896;149;718;1005;0;4;42591517;41399141;26012750;1595992;42506182;28212982;1783582;0;5174
FR;1;2022-05-30;832;1744;6559;18536;1045;6592;18990;0;85;42592349;41400885;26019309;1614528;42507227;28219574;1802572;0;5259
FR;1;2022-05-31;1266;2239;9248;34376;1370;9118;34976;0;159;42593615;41403124;26028557;1648904;42508597;28228692;1837548;0;5418
FR;1;2022-06-01;1335;2605;10439;23460;1752;10302;24307;0;116;42594950;41405729;26038996;1672364;42510349;28238994;1861855;0;5534
FR;1;2022-06-02;1228;2309;10666;34153;1448;10244;34986;0;162;42596178;41408038;26049662;1706517;42511797;28249238;1896841;0;5696
FR;1;2022-06-03;1447;2749;12735;37111;1740;12156;38287;0;157;42597625;41410787;26062397;1743628;42513537;28261394;1935128;0;5853
FR;1;2022-06-04;686;1262;4750;8677;759;4826;9167;0;62;42598311;41412049;26067147;1752305;42514296;28266220;1944295;0;5915
FR;1;2022-06-05;134;292;811;1049;150;835;1154;0;3;42598445;41412341;26067958;1753354;42514446;28267055;1945449;0;5918
FR;1;2022-06-06;839;1196;2028;1252;1018;2047;1427;0;9;42599284;41413537;26069986;1754606;42515464;28269102;1946876;0;5927
FR;1;2022-06-07;1264;2343;9185;34056;1440;8845;35155;0;143;42600548;41415880;26079171;1788662;42516904;28277947;1982031;0;6070
FR;1;2022-06-08;1140;2239;8682;27613;1402;8566;28484;0;107;42601688;41418119;26087853;1816275;42518306;28286513;2010515;0;6177
FR;1;2022-06-09;1076;2151;9987;37568;1282;9672;38335;0;148;42602764;41420270;26097840;1853843;42519588;28296185;2048850;0;6325
FR;1;2022-06-10;1336;2861;12424;43134;1824;12015;44363;0;200;42604100;41423131;26110264;1896977;42521412;28308200;2093213;0;6525
FR;1;2022-06-11;661;1450;5136;11085;797;5185;11614;0;50;42604761;41424581;26115400;1908062;42522209;28313385;2104827;0;6575
FR;1;2022-06-12;157;377;1019;1687;189;1077;1788;0;11;42604918;41424958;26116419;1909749;42522398;28314462;2106615;0;6586
FR;1;2022-06-13;949;1840;7014;22226;1135;6871;23067;0;84;42605867;41426798;26123433;1931975;42523533;28321333;2129682;0;6670
FR;1;2022-06-14;1117;2232;9840;42851;1312;9243;43943;0;186;42606984;41429030;26133273;1974826;42524845;28330576;2173625;0;6856
FR;1;2022-06-15;1094;2011;8788;29393;1362;8476;29941;0;169;42608078;41431041;26142061;2004219;42526207;28339052;2203566;0;7025
FR;1;2022-06-16;959;1840;9404;38510;1061;8882;39417;0;188;42609037;41432881;26151465;2042729;42527268;28347934;2242983;0;7213
FR;1;2022-06-17;1229;2568;11916;44864;1483;11382;46004;0;224;42610266;41435449;26163381;2087593;42528751;28359316;2288987;0;7437
FR;1;2022-06-18;564;1277;4319;10544;717;4258;11086;0;62;42610830;41436726;26167700;2098137;42529468;28363574;2300073;0;7499
FR;1;2022-06-19;137;325;1003;1543;173;1082;1609;0;12;42610967;41437051;26168703;2099680;42529641;28364656;2301682;0;7511
FR;1;2022-06-20;861;1709;8493;25049;1008;8157;25910;0;146;42611828;41438760;26177196;2124729;42530649;28372813;2327592;0;7657
FR;1;2022-06-21;1103;2140;9765;47760;1256;8856;49105;0;241;42612931;41440900;26186961;2172489;42531905;28381669;2376697;0;7898
FR;1;2022-06-22;1045;2073;8442;37162;1300;7963;38022;0;231;42613976;41442973;26195403;2209651;42533205;28389632;2414719;0;8129
FR;1;2022-06-23;1054;2181;10124;52819;1210;9408;53828;0;290;42615030;41445154;26205527;2262470;42534415;28399040;2468547;0;8419
FR;1;2022-06-24;1256;2719;12916;65969;1487;11700;67641;0;367;42616286;41447873;26218443;2328439;42535902;28410740;2536188;0;8786
FR;1;2022-06-25;685;1506;5931;18923;792;5713;19722;0;163;42616971;41449379;26224374;2347362;42536694;28416453;2555910;0;8949
FR;1;2022-06-26;167;406;1817;3494;191;1713;3730;0;34;42617138;41449785;26226191;2350856;42536885;28418166;2559640;0;8983
FR;1;2022-06-27;945;1777;9901;45979;943;9127;47114;0;300;42618083;41451562;26236092;2396835;42537828;28427293;2606754;0;9283
FR;1;2022-06-28;1215;2576;13844;86578;1381;12406;88265;0;569;42619298;41454138;26249936;2483413;42539209;28439699;2695019;0;9852
FR;1;2022-06-29;1242;2295;11482;67402;1259;10549;68447;0;487;42620540;41456433;26261418;2550815;42540468;28450248;2763466;0;10339
FR;1;2022-06-30;1290;2486;13518;89967;1437;11828;91769;0;645;42621830;41458919;26274936;2640782;42541905;28462076;2855235;0;10984
FR;1;2022-07-01;1659;3482;20314;109200;1992;17970;111596;0;859;42623489;41462401;26295250;2749982;42543897;28480046;2966831;0;11843
FR;1;2022-07-02;770;1527;8024;33776;751;7253;34802;0;315;42624259;41463928;26303274;2783758;42544648;28487299;3001633;0;12158
FR;1;2022-07-03;229;480;1943;6118;257;1759;6444;0;71;42624488;41464408;26305217;2789876;42544905;28489058;3008077;0;12229
FR;1;2022-07-04;1676;3179;13935;75420;2063;12362;77309;0;589;42626164;41467587;26319152;2865296;42546968;28501420;3085386;0;12818
FR;1;2022-07-05;1506;2858;17691;126371;1512;15147;128485;0;1060;42627670;41470445;26336843;2991667;42548480;28516567;3213871;0;13878
FR;1;2022-07-06;1376;2405;14888;93747;1384;12912;95183;0;815;42629046;41472850;26351731;3085414;42549864;28529479;3309054;0;14693
FR;1;2022-07-07;1444;2539;16938;119493;1407;14009;121588;0;1074;42630490;41475389;26368669;3204907;42551271;28543488;3430642;0;15767
FR;1;2022-07-08;1534;2823;19608;130003;1541;15971;132808;0;1220;42632024;41478212;26388277;3334910;42552812;28559459;3563450;0;16987
FR;1;2022-07-09;663;1281;7310;36022;699;6353;36809;0;392;42632687;41479493;26395587;3370932;42553511;28565812;3600259;0;17379
FR;1;2022-07-10;245;657;2240;6689;412;2032;7068;0;89;42632932;41480150;26397827;3377621;42553923;28567844;3607327;0;17468
FR;1;2022-07-11;1240;2243;14320;84455;1178;11942;86565;0;734;42634172;41482393;26412147;3462076;42555101;28579786;3693892;0;18202
FR;1;2022-07-12;1604;2805;19464;137423;1441;15903;139914;0;1485;42635776;41485198;26431611;3599499;42556542;28595689;3833806;0;19687
FR;1;2022-07-13;1461;2439;14791;89838;1316;12644;91523;0;1002;42637237;41487637;26446402;3689337;42557858;28608333;3925329;0;20689
FR;1;2022-07-14;162;350;1865;5290;195;1774;5437;0;74;42637399;41487987;26448267;3694627;42558053;28610107;3930766;0;20763
FR;1;2022-07-15;1266;2319;14364;80599;1206;12007;82603;0;960;42638665;41490306;26462631;3775226;42559259;28622114;4013369;0;21723
FR;1;2022-07-16;514;1064;5641;23949;556;4894;24590;0;302;42639179;41491370;26468272;3799175;42559815;28627008;4037959;0;22025
FR;1;2022-07-17;163;369;1656;4464;193;1501;4727;0;60;42639342;41491739;26469928;3803639;42560008;28628509;4042686;0;22085
FR;1;2022-07-18;975;2037;11301;59282;1148;9571;61006;0;715;42640317;41493776;26481229;3862921;42561156;28638080;4103692;0;22800
FR;1;2022-07-19;1235;2132;14695;99429;1196;11727;101426;0;1386;42641552;41495908;26495924;3962350;42562352;28649807;4205118;0;24186
FR;1;2022-07-20;1184;2007;12372;74374;1173;10283;75859;0;964;42642736;41497915;26508296;4036724;42563525;28660090;4280977;0;25150
FR;1;2022-07-21;1137;1954;12418;84546;1188;9994;85911;0;1211;42643873;41499869;26520714;4121270;42564713;28670084;4366888;0;26361
FR;1;2022-07-22;1273;2245;14111;85963;1256;11434;87688;0;1264;42645146;41502114;26534825;4207233;42565969;28681518;4454576;0;27625
FR;1;2022-07-23;548;1093;5236;21296;634;4610;21841;0;373;42645694;41503207;26540061;4228529;42566603;28686128;4476417;0;27998
FR;1;2022-07-24;149;306;1327;3700;153;1168;3925;0;65;42645843;41503513;26541388;4232229;42566756;28687296;4480342;0;28063
FR;1;2022-07-25;890;1634;9076;46124;984;7526;47497;0;680;42646733;41505147;26550464;4278353;42567740;28694822;4527839;0;28743
FR;1;2022-07-26;1136;1964;12681;81968;1121;10336;83582;0;1198;42647869;41507111;26563145;4360321;42568861;28705158;4611421;0;29941
FR;1;2022-07-27;1021;1729;9760;58521;1046;8138;59702;0;874;42648890;41508840;26572905;4418842;42569907;28713296;4671123;0;30815
FR;1;2022-07-28;982;1705;9857;61913;1113;7854;63139;0;967;42649872;41510545;26582762;4480755;42571020;28721150;4734262;0;31782
FR;1;2022-07-29;1112;1845;10461;62989;1171;8385;64303;0;1066;42650984;41512390;26593223;4543744;42572191;28729535;4798565;0;32848
FR;1;2022-07-30;395;726;3349;14491;442;2849;14851;0;279;42651379;41513116;26596572;4558235;42572633;28732384;4813416;0;33127
FR;1;2022-07-31;141;264;900;2335;159;766;2477;0;47;42651520;41513380;26597472;4560570;42572792;28733150;4815893;0;33174
FR;1;2022-08-01;879;1473;7260;28967;1087;6122;29960;0;519;42652399;41514853;26604732;4589537;42573879;28739272;4845853;0;33693
FR;1;2022-08-02;929;1487;8237;54037;1000;6633;54687;0;1091;42653328;41516340;26612969;4643574;42574879;28745905;4900540;0;34784
FR;1;2022-08-03;738;1107;6157;37044;752;4939;37774;0;645;42654066;41517447;26619126;4680618;42575631;28750844;4938314;0;35429
FR;1;2022-08-04;651;1080;6263;41453;696;5058;42007;0;850;42654717;41518527;26625389;4722071;42576327;28755902;4980321;0;36279
FR;1;2022-08-05;743;1198;6766;43078;809;5436;43706;0;933;42655460;41519725;26632155;4765149;42577136;28761338;5024027;0;37212
FR;1;2022-08-06;277;463;1993;8999;303;1674;9191;0;218;42655737;41520188;26634148;4774148;42577439;28763012;5033218;0;37430
FR;1;2022-08-07;89;148;520;1557;104;436;1630;0;35;42655826;41520336;26634668;4775705;42577543;28763448;5034848;0;37465
FR;1;2022-08-08;579;1077;3806;21229;832;3140;21627;0;457;42656405;41521413;26638474;4796934;42578375;28766588;5056475;0;37922
FR;1;2022-08-09;668;1056;5683;38473;746;4558;38967;0;794;42657073;41522469;26644157;4835407;42579121;28771146;5095442;0;38716
FR;1;2022-08-10;568;1184;4435;26915;885;3636;27228;0;601;42657641;41523653;26648592;4862322;42580006;28774782;5122670;0;39317
FR;1;2022-08-11;566;920;4315;28210;632;3589;28538;0;634;42658207;41524573;26652907;4890532;42580638;28778371;5151208;0;39951
FR;1;2022-08-12;732;1042;4555;27171;719;3762;27583;0;668;42658939;41525615;26657462;4917703;42581357;28782133;5178791;0;40619
FR;1;2022-08-13;318;371;1248;5111;263;1066;5282;0;116;42659257;41525986;26658710;4922814;42581620;28783199;5184073;0;40735
FR;1;2022-08-14;67;115;277;871;96;236;941;0;24;42659324;41526101;26658987;4923685;42581716;28783435;5185014;0;40759
FR;1;2022-08-15;112;216;574;542;185;535;593;0;16;42659436;41526317;26659561;4924227;42581901;28783970;5185607;0;40775
FR;1;2022-08-16;550;953;3792;21490;712;3221;21691;0;582;42659986;41527270;26663353;4945717;42582613;28787191;5207298;0;41357
FR;1;2022-08-17;548;915;3769;22149;682;3195;22391;0;579;42660534;41528185;26667122;4967866;42583295;28790386;5229689;0;41936
FR;1;2022-08-18;562;899;3942;25451;700;3141;25673;0;630;42661096;41529084;26671064;4993317;42583995;28793527;5255362;0;42566
FR;1;2022-08-19;537;1050;4369;26547;749;3601;26855;0;732;42661633;41530134;26675433;5019864;42584744;28797128;5282217;0;43298
FR;1;2022-08-20;251;422;1290;5371;322;1107;5524;0;138;42661884;41530556;26676723;5025235;42585066;28798235;5287741;0;43436
FR;1;2022-08-21;84;112;287;990;77;253;1013;0;27;42661968;41530668;26677010;5026225;42585143;28798488;5288754;0;43463
FR;1;2022-08-22;511;900;3141;14956;674;2713;15232;0;411;42662479;41531568;26680151;5041181;42585817;28801201;5303986;0;43874
FR;1;2022-08-23;655;1063;4155;28323;747;3486;28405;0;830;42663134;41532631;26684306;5069504;42586564;28804687;5332391;0;44704
FR;1;2022-08-24;568;838;3403;19069;660;2772;19254;0;587;42663702;41533469;26687709;5088573;42587224;28807459;5351645;0;45291
FR;1;2022-08-25;565;936;3831;22919;653;3214;23148;0;655;42664267;41534405;26691540;5111492;42587877;28810673;5374793;0;45946
FR;1;2022-08-26;754;1137;4350;25157;810;3568;25532;0;745;42665021;41535542;26695890;5136649;42588687;28814241;5400325;0;46691
FR;1;2022-08-27;221;432;1324;5308;277;1191;5362;0;192;42665242;41535974;26697214;5141957;42588964;28815432;5405687;0;46883
FR;1;2022-08-28;113;147;298;899;106;280;948;0;33;42665355;41536121;26697512;5142856;42589070;28815712;5406635;0;46916
FR;1;2022-08-29;505;861;2979;14256;638;2519;14566;0;409;42665860;41536982;26700491;5157112;42589708;28818231;5421201;0;47325
FR;1;2022-08-30;745;1111;4626;27712;788;3776;28033;0;793;42666605;41538093;26705117;5184824;42590496;28822007;5449234;0;48118
FR;1;2022-08-31;587;835;3114;17241;614;2624;17503;0;483;42667192;41538928;26708231;5202065;42591110;28824631;5466737;0;48601
FR;1;2022-09-01;698;927;4333;21885;652;3693;22147;0;587;42667890;41539855;26712564;5223950;42591762;28828324;5488884;0;49188
FR;1;2022-09-02;858;1062;4886;27865;761;4083;28153;0;882;42668748;41540917;26717450;5251815;42592523;28832407;5517037;0;50070
FR;1;2022-09-03;321;511;1833;5876;349;1595;6105;0;174;42669069;41541428;26719283;5257691;42592872;28834002;5523142;0;50244
FR;1;2022-09-04;109;137;341;845;73;334;915;0;21;42669178;41541565;26719624;5258536;42592945;28834336;5524057;0;50265
FR;1;2022-09-05;709;871;3051;15698;694;2557;15982;0;499;42669887;41542436;26722675;5274234;42593639;28836893;5540039;0;50764
FR;1;2022-09-06;832;965;4572;31063;612;3712;31284;0;1002;42670719;41543401;26727247;5305297;42594251;28840605;5571323;0;51766
FR;1;2022-09-07;608;703;2921;16444;465;2425;16581;0;550;42671327;41544104;26730168;5321741;42594716;28843030;5587904;0;52316
FR;1;2022-09-08;582;796;3701;24224;543;3041;24305;0;796;42671909;41544900;26733869;5345965;42595259;28846071;5612209;0;53112
FR;1;2022-09-09;777;976;4307;26897;616;3597;27078;0;903;42672686;41545876;26738176;5372862;42595875;28849668;5639287;0;54015
FR;1;2022-09-10;348;572;1679;5590;402;1479;5782;0;203;42673034;41546448;26739855;5378452;42596277;28851147;5645069;0;54218
FR;1;2022-09-11;106;120;313;646;82;293;703;0;17;42673140;41546568;26740168;5379098;42596359;28851440;5645772;0;54235
FR;1;2022-09-12;482;605;2616;12955;426;2233;13235;0;462;42673622;41547173;26742784;5392053;42596785;28853673;5659007;0;54697
FR;1;2022-09-13;641;830;3869;25846;541;3382;25721;0;834;42674263;41548003;26746653;5417899;42597326;28857055;5684728;0;55531
FR;1;2022-09-14;623;724;2881;15702;508;2412;15938;0;537;42674886;41548727;26749534;5433601;42597834;28859467;5700666;0;56068
FR;1;2022-09-15;532;776;3343;23092;548;2849;23156;0;679;42675418;41549503;26752877;5456693;42598382;28862316;5723822;0;56747
FR;1;2022-09-16;726;945;4019;25347;629;3391;25549;0;891;42676144;41550448;26756896;5482040;42599011;28865707;5749371;0;57638
FR;1;2022-09-17;303;428;1397;5979;300;1222;6087;0;227;42676447;41550876;26758293;5488019;42599311;28866929;5755458;0;57865
FR;1;2022-09-18;99;126;310;924;103;278;980;0;34;42676546;41551002;26758603;5488943;42599414;28867207;5756438;0;57899
FR;1;2022-09-19;400;577;2142;12864;379;1837;13018;0;414;42676946;41551579;26760745;5501807;42599793;28869044;5769456;0;58313
FR;1;2022-09-20;564;838;3669;25830;586;3066;25870;0;854;42677510;41552417;26764414;5527637;42600379;28872110;5795326;0;59167
FR;1;2022-09-21;484;690;2628;15862;490;2256;15826;0;561;42677994;41553107;26767042;5543499;42600869;28874366;5811152;0;59728
FR;1;2022-09-22;549;777;3295;22968;516;2694;23156;0;744;42678543;41553884;26770337;5566467;42601385;28877060;5834308;0;60472
FR;1;2022-09-23;767;944;4353;28163;678;3634;28326;0;981;42679310;41554828;26774690;5594630;42602063;28880694;5862634;0;61453
FR;1;2022-09-24;356;539;1590;6706;379;1372;6880;0;300;42679666;41555367;26776280;5601336;42602442;28882066;5869514;0;61753
FR;1;2022-09-25;81;157;321;1072;111;293;1110;0;32;42679747;41555524;26776601;5602408;42602553;28882359;5870624;0;61785
FR;1;2022-09-26;383;654;2182;13077;432;1935;13171;0;412;42680130;41556178;26778783;5615485;42602985;28884294;5883795;0;62197
FR;1;2022-09-27;542;767;3458;25025;541;2794;25223;0;906;42680672;41556945;26782241;5640510;42603526;28887088;5909018;0;63103
FR;1;2022-09-28;525;720;2448;14972;507;2217;15061;0;597;42681197;41557665;26784689;5655482;42604033;28889305;5924079;0;63700
FR;1;2022-09-29;504;697;2999;20366;487;2523;20381;0;767;42681701;41558362;26787688;5675848;42604520;28891828;5944460;0;64467
FR;1;2022-09-30;694;996;3776;24429;705;3160;24677;0;970;42682395;41559358;26791464;5700277;42605225;28894988;5969137;0;65437
FR;1;2022-10-01;352;610;1905;5507;446;1659;5733;0;273;42682747;41559968;26793369;5705784;42605671;28896647;5974870;0;65710
FR;1;2022-10-02;56;120;204;568;82;204;589;0;29;42682803;41560088;26793573;5706352;42605753;28896851;5975459;0;65739
FR;1;2022-10-03;529;872;2225;10042;716;1985;10210;0;489;42683332;41560960;26795798;5716394;42606469;28898836;5985669;0;66228
FR;1;2022-10-04;645;738;2930;18922;506;2481;19010;0;1086;42683977;41561698;26798728;5735316;42606975;28901317;6004679;0;67314
FR;1;2022-10-05;484;726;2099;11114;500;1872;11243;0;723;42684461;41562424;26800827;5746430;42607475;28903189;6015922;0;68037
FR;1;2022-10-06;451;643;2497;15777;465;2062;15959;0;1062;42684912;41563067;26803324;5762207;42607940;28905251;6031881;0;69099
FR;1;2022-10-07;558;770;2694;16068;569;2311;16092;0;1161;42685470;41563837;26806018;5778275;42608509;28907562;6047973;0;70260
FR;1;2022-10-08;242;315;888;3171;248;776;3276;0;291;42685712;41564152;26806906;5781446;42608757;28908338;6051249;0;70551
FR;1;2022-10-09;76;88;151;461;78;135;487;0;51;42685788;41564240;26807057;5781907;42608835;28908473;6051736;0;70602
FR;1;2022-10-10;314;558;1324;4999;465;1240;5096;0;463;42686102;41564798;26808381;5786906;42609300;28909713;6056832;0;71065
FR;1;2022-10-11;334;456;1316;8086;341;1198;8187;0;758;42686436;41565254;26809697;5794992;42609641;28910911;6065019;0;71823
FR;1;2022-10-12;346;480;1078;5222;367;1075;5239;0;521;42686782;41565734;26810775;5800214;42610008;28911986;6070258;0;72344
FR;1;2022-10-13;336;450;1078;6099;360;935;6146;0;629;42687118;41566184;26811853;5806313;42610368;28912921;6076404;0;72973
FR;1;2022-10-14;413;552;1176;6711;467;1049;6780;0;676;42687531;41566736;26813029;5813024;42610835;28913970;6083184;0;73649
FR;1;2022-10-15;212;342;531;1860;294;514;1868;0;226;42687743;41567078;26813560;5814884;42611129;28914484;6085052;0;73875
FR;1;2022-10-16;47;67;111;296;48;118;315;0;48;42687790;41567145;26813671;5815180;42611177;28914602;6085367;0;73923
FR;1;2022-10-17;237;335;740;2653;267;696;2698;0;366;42688027;41567480;26814411;5817833;42611444;28915298;6088065;0;74289
FR;1;2022-10-18;265;319;954;4596;257;833;4698;0;866;42688292;41567799;26815365;5822429;42611701;28916131;6092763;0;75155
FR;1;2022-10-19;286;404;697;3185;337;666;3164;0;502;42688578;41568203;26816062;5825614;42612038;28916797;6095927;0;75657
FR;1;2022-10-20;288;353;903;4369;300;795;4404;0;771;42688866;41568556;26816965;5829983;42612338;28917592;6100331;0;76428
FR;1;2022-10-21;304;420;847;3806;371;743;3878;0;675;42689170;41568976;26817812;5833789;42612709;28918335;6104209;0;77103
FR;1;2022-10-22;135;184;306;1253;162;300;1218;0;210;42689305;41569160;26818118;5835042;42612871;28918635;6105427;0;77313
FR;1;2022-10-23;33;43;65;197;41;59;213;0;25;42689338;41569203;26818183;5835239;42612912;28918694;6105640;0;77338
FR;1;2022-10-24;272;236;479;1603;204;476;1660;0;306;42689610;41569439;26818662;5836842;42613116;28919170;6107300;0;77644
FR;1;2022-10-25;222;258;526;2651;227;447;2707;0;487;42689832;41569697;26819188;5839493;42613343;28919617;6110007;0;78131
FR;1;2022-10-26;235;251;393;1958;239;370;1965;0;438;42690067;41569948;26819581;5841451;42613582;28919987;6111972;0;78569
FR;1;2022-10-27;260;234;490;2167;206;509;2151;0;518;42690327;41570182;26820071;5843618;42613788;28920496;6114123;0;79087
FR;1;2022-10-28;312;332;534;2335;311;471;2402;0;478;42690639;41570514;26820605;5845953;42614099;28920967;6116525;0;79565
FR;1;2022-10-29;99;156;176;716;126;210;708;0;203;42690738;41570670;26820781;5846669;42614225;28921177;6117233;0;79768
FR;1;2022-10-30;38;48;62;184;40;56;189;0;38;42690776;41570718;26820843;5846853;42614265;28921233;6117422;0;79806
FR;1;2022-10-31;135;189;295;796;168;273;863;0;143;42690911;41570907;26821138;5847649;42614433;28921506;6118285;0;79949
FR;1;2022-11-01;67;133;767;115;115;767;134;0;19;42690978;41571040;26821905;5847764;42614548;28922273;6118419;0;79968
FR;1;2022-11-02;269;245;530;985;241;496;1048;0;356;42691247;41571285;26822435;5848749;42614789;28922769;6119467;0;80324
FR;1;2022-11-03;272;238;442;1379;223;403;1418;0;377;42691519;41571523;26822877;5850128;42615012;28923172;6120885;0;80701
FR;1;2022-11-04;232;262;424;1597;242;401;1637;0;438;42691751;41571785;26823301;5851725;42615254;28923573;6122522;0;81139
FR;1;2022-11-05;100;128;273;503;117;255;525;0;111;42691851;41571913;26823574;5852228;42615371;28923828;6123047;0;81250
FR;1;2022-11-06;36;47;32;131;46;35;129;0;33;42691887;41571960;26823606;5852359;42615417;28923863;6123176;0;81283
FR;1;2022-11-07;217;278;326;899;265;319;944;0;212;42692104;41572238;26823932;5853258;42615682;28924182;6124120;0;81495
FR;1;2022-11-08;234;263;472;1709;251;417;1738;0;524;42692338;41572501;26824404;5854967;42615933;28924599;6125858;0;82019
FR;1;2022-11-09;196;254;337;1104;244;303;1141;0;477;42692534;41572755;26824741;5856071;42616177;28924902;6126999;0;82496
FR;1;2022-11-10;216;369;434;1680;361;442;1669;0;605;42692750;41573124;26825175;5857751;42616538;28925344;6128668;0;83101
FR;1;2022-11-11;34;48;105;100;45;92;114;0;44;42692784;41573172;26825280;5857851;42616583;28925436;6128782;0;83145
FR;1;2022-11-12;95;150;257;375;137;256;390;0;101;42692879;41573322;26825537;5858226;42616720;28925692;6129172;0;83246
FR;1;2022-11-13;25;56;28;64;53;31;66;0;26;42692904;41573378;26825565;5858290;42616773;28925723;6129238;0;83272
FR;1;2022-11-14;174;183;271;768;171;275;838;0;235;42693078;41573561;26825836;5859058;42616944;28925998;6130076;0;83507
FR;1;2022-11-15;227;398;394;1300;397;372;1338;0;436;42693305;41573959;26826230;5860358;42617341;28926370;6131414;0;83943
FR;1;2022-11-16;197;271;335;983;265;349;1017;0;359;42693502;41574230;26826565;5861341;42617606;28926719;6132431;0;84302
FR;1;2022-11-17;171;209;297;1207;203;273;1211;0;387;42693673;41574439;26826862;5862548;42617809;28926992;6133642;0;84689
FR;1;2022-11-18;229;268;394;1315;260;383;1349;0;411;42693902;41574707;26827256;5863863;42618069;28927375;6134991;0;85100
FR;1;2022-11-19;120;115;249;441;114;214;474;0;102;42694022;41574822;26827505;5864304;42618183;28927589;6135465;0;85202
FR;1;2022-11-20;35;128;31;66;124;33;74;0;28;42694057;41574950;26827536;5864370;42618307;28927622;6135539;0;85230
FR;1;2022-11-21;175;170;271;640;143;287;677;0;211;42694232;41575120;26827807;5865010;42618450;28927909;6136216;0;85441
FR;1;2022-11-22;157;168;417;1160;151;398;1185;0;409;42694389;41575288;26828224;5866170;42618601;28928307;6137401;0;85850
FR;1;2022-11-23;179;185;246;763;170;247;786;0;241;42694568;41575473;26828470;5866933;42618771;28928554;6138187;0;86091
FR;1;2022-11-24;138;170;288;1203;151;300;1207;0;441;42694706;41575643;26828758;5868136;42618922;28928854;6139394;0;86532
FR;1;2022-11-25;210;247;426;1154;233;415;1186;0;392;42694916;41575890;26829184;5869290;42619155;28929269;6140580;0;86924
FR;1;2022-11-26;90;109;113;323;101;125;311;0;118;42695006;41575999;26829297;5869613;42619256;28929394;6140891;0;87042
FR;1;2022-11-27;18;38;22;72;25;34;78;0;49;42695024;41576037;26829319;5869685;42619281;28929428;6140969;0;87091
FR;1;2022-11-28;210;146;209;665;153;205;708;0;332;42695234;41576183;26829528;5870350;42619434;28929633;6141677;0;87423
FR;1;2022-11-29;171;145;269;1107;130;251;1119;0;458;42695405;41576328;26829797;5871457;42619564;28929884;6142796;0;87881
FR;1;2022-11-30;161;208;235;938;194;238;960;0;322;42695566;41576536;26830032;5872395;42619758;28930122;6143756;0;88203
FR;1;2022-12-01;165;158;715;1097;146;680;1146;0;379;42695731;41576694;26830747;5873492;42619904;28930802;6144902;0;88582
FR;1;2022-12-02;200;199;516;1186;194;512;1234;0;470;42695931;41576893;26831263;5874678;42620098;28931314;6146136;0;89052
FR;1;2022-12-03;102;111;262;532;99;240;529;0;180;42696033;41577004;26831525;5875210;42620197;28931554;6146665;0;89232
FR;1;2022-12-04;27;27;19;138;24;20;129;0;58;42696060;41577031;26831544;5875348;42620221;28931574;6146794;0;89290
FR;1;2022-12-05;148;161;306;867;158;300;899;0;316;42696208;41577192;26831850;5876215;42620379;28931874;6147693;0;89606
FR;1;2022-12-06;156;169;274;1449;155;279;1455;0;739;42696364;41577361;26832124;5877664;42620534;28932153;6149148;0;90345
FR;1;2022-12-07;155;167;256;1187;176;236;1203;0;576;42696519;41577528;26832380;5878851;42620710;28932389;6150351;0;90921
FR;1;2022-12-08;130;143;302;1756;135;259;1797;0;765;42696649;41577671;26832682;5880607;42620845;28932648;6152148;0;91686
FR;1;2022-12-09;202;196;356;1815;169;364;1836;0;721;42696851;41577867;26833038;5882422;42621014;28933012;6153984;0;92407
FR;1;2022-12-10;116;142;341;856;129;324;877;0;292;42696967;41578009;26833379;5883278;42621143;28933336;6154861;0;92699
FR;1;2022-12-11;31;30;32;218;27;30;200;0;62;42696998;41578039;26833411;5883496;42621170;28933366;6155061;0;92761
FR;1;2022-12-12;128;104;295;1099;100;283;1111;0;457;42697126;41578143;26833706;5884595;42621270;28933649;6156172;0;93218
FR;1;2022-12-13;125;129;292;1307;103;267;1321;0;618;42697251;41578272;26833998;5885902;42621373;28933916;6157493;0;93836
FR;1;2022-12-14;105;156;255;867;150;234;892;0;372;42697356;41578428;26834253;5886769;42621523;28934150;6158385;0;94208
FR;1;2022-12-15;139;178;454;1492;166;423;1518;0;691;42697495;41578606;26834707;5888261;42621689;28934573;6159903;0;94899
FR;1;2022-12-16;205;217;566;1344;220;551;1366;0;623;42697700;41578823;26835273;5889605;42621909;28935124;6161269;0;95522
FR;1;2022-12-17;88;93;224;467;82;219;475;0;204;42697788;41578916;26835497;5890072;42621991;28935343;6161744;0;95726
FR;1;2022-12-18;17;22;27;112;19;29;108;0;37;42697805;41578938;26835524;5890184;42622010;28935372;6161852;0;95763
FR;1;2022-12-19;151;131;250;791;139;220;835;0;381;42697956;41579069;26835774;5890975;42622149;28935592;6162687;0;96144
FR;1;2022-12-20;145;161;354;905;148;348;911;0;427;42698101;41579230;26836128;5891880;42622297;28935940;6163598;0;96571
FR;1;2022-12-21;138;112;214;638;122;180;646;0;388;42698239;41579342;26836342;5892518;42622419;28936120;6164244;0;96959
FR;1;2022-12-22;147;111;165;552;121;150;543;0;329;42698386;41579453;26836507;5893070;42622540;28936270;6164787;0;97288
FR;1;2022-12-23;130;155;456;419;138;446;426;0;182;42698516;41579608;26836963;5893489;42622678;28936716;6165213;0;97470
FR;1;2022-12-24;30;27;33;56;29;32;63;0;21;42698546;41579635;26836996;5893545;42622707;28936748;6165276;0;97491
FR;1;2022-12-25;4;11;20;12;12;14;15;0;11;42698550;41579646;26837016;5893557;42622719;28936762;6165291;0;97502
FR;1;2022-12-26;94;90;248;251;89;253;257;0;93;42698644;41579736;26837264;5893808;42622808;28937015;6165548;0;97595
FR;1;2022-12-27;117;159;310;387;150;316;402;0;180;42698761;41579895;26837574;5894195;42622958;28937331;6165950;0;97775
FR;1;2022-12-28;107;143;203;270;129;206;281;0;126;42698868;41580038;26837777;5894465;42623087;28937537;6166231;0;97901
FR;1;2022-12-29;105;103;154;282;103;153;303;0;114;42698973;41580141;26837931;5894747;42623190;28937690;6166534;0;98015
FR;1;2022-12-30;127;123;88;258;115;93;268;0;143;42699100;41580264;26838019;5895005;42623305;28937783;6166802;0;98158
FR;1;2022-12-31;38;35;28;79;40;25;79;0;25;42699138;41580299;26838047;5895084;42623345;28937808;6166881;0;98183
FR;1;2023-01-01;6;12;61;22;12;57;27;0;10;42699144;41580311;26838108;5895106;42623357;28937865;6166908;0;98193
FR;1;2023-01-02;225;130;672;169;136;652;194;0;64;42699369;41580441;26838780;5895275;42623493;28938517;6167102;0;98257
FR;1;2023-01-03;164;99;369;207;97;362;215;0;146;42699533;41580540;26839149;5895482;42623590;28938879;6167317;0;98403
FR;1;2023-01-04;94;94;246;198;95;247;208;0;193;42699627;41580634;26839395;5895680;42623685;28939126;6167525;0;98596
FR;1;2023-01-05;147;123;173;334;133;174;335;0;206;42699774;41580757;26839568;5896014;42623818;28939300;6167860;0;98802
FR;1;2023-01-06;198;143;224;325;146;210;350;0;230;42699972;41580900;26839792;5896339;42623964;28939510;6168210;0;99032
FR;1;2023-01-07;106;89;175;147;92;158;164;0;93;42700078;41580989;26839967;5896486;42624056;28939668;6168374;0;99125
FR;1;2023-01-08;26;19;30;59;18;25;64;0;24;42700104;41581008;26839997;5896545;42624074;28939693;6168438;0;99149
FR;1;2023-01-09;138;122;133;135;118;141;153;0;115;42700242;41581130;26840130;5896680;42624192;28939834;6168591;0;99264
FR;1;2023-01-10;117;119;280;277;119;284;278;0;192;42700359;41581249;26840410;5896957;42624311;28940118;6168869;0;99456
FR;1;2023-01-11;105;111;91;209;120;95;221;0;96;42700464;41581360;26840501;5897166;42624431;28940213;6169090;0;99552
FR;1;2023-01-12;133;118;213;243;113;213;268;0;166;42700597;41581478;26840714;5897409;42624544;28940426;6169358;0;99718
FR;1;2023-01-13;218;161;172;285;159;171;306;0;188;42700815;41581639;26840886;5897694;42624703;28940597;6169664;0;99906
FR;1;2023-01-14;89;63;162;104;65;172;103;0;62;42700904;41581702;26841048;5897798;42624768;28940769;6169767;0;99968
FR;1;2023-01-15;23;36;31;42;33;31;46;0;30;42700927;41581738;26841079;5897840;42624801;28940800;6169813;0;99998
FR;1;2023-01-16;113;104;310;155;98;314;133;0;100;42701040;41581842;26841389;5897995;42624899;28941114;6169946;0;100098
FR;1;2023-01-17;113;100;167;214;99;164;241;0;128;42701153;41581942;26841556;5898209;42624998;28941278;6170187;0;100226
FR;1;2023-01-18;99;89;96;143;88;91;184;0;121;42701252;41582031;26841652;5898352;42625086;28941369;6170371;0;100347
FR;1;2023-01-19;112;78;103;134;76;115;134;0;135;42701364;41582109;26841755;5898486;42625162;28941484;6170505;0;100482
FR;1;2023-01-20;169;145;166;277;148;194;266;0;203;42701533;41582254;26841921;5898763;42625310;28941678;6170771;0;100685
FR;1;2023-01-21;58;71;91;85;71;102;75;0;35;42701591;41582325;26842012;5898848;42625381;28941780;6170846;0;100720
FR;1;2023-01-22;10;9;13;21;7;9;25;0;14;42701601;41582334;26842025;5898869;42625388;28941789;6170871;0;100734
FR;1;2023-01-23;88;84;108;100;87;100;119;0;85;42701689;41582418;26842133;5898969;42625475;28941889;6170990;0;100819
FR;1;2023-01-24;121;76;73;122;89;70;131;0;183;42701810;41582494;26842206;5899091;42625564;28941959;6171121;0;101002
FR;1;2023-01-25;98;118;77;108;119;77;124;0;106;42701908;41582612;26842283;5899199;42625683;28942036;6171245;0;101108
FR;1;2023-01-26;105;105;62;152;94;67;173;0;107;42702013;41582717;26842345;5899351;42625777;28942103;6171418;0;101215
FR;1;2023-01-27;172;249;104;137;265;121;137;0;200;42702185;41582966;26842449;5899488;42626042;28942224;6171555;0;101415
FR;1;2023-01-28;73;74;55;40;76;52;48;0;28;42702258;41583040;26842504;5899528;42626118;28942276;6171603;0;101443
FR;1;2023-01-29;12;22;33;10;20;31;16;0;12;42702270;41583062;26842537;5899538;42626138;28942307;6171619;0;101455
FR;1;2023-01-30;144;108;64;72;110;70;80;0;51;42702414;41583170;26842601;5899610;42626248;28942377;6171699;0;101506
FR;1;2023-01-31;122;84;65;137;73;68;149;0;142;42702536;41583254;26842666;5899747;42626321;28942445;6171848;0;101648
FR;1;2023-02-01;121;138;344;106;136;337;134;0;77;42702657;41583392;26843010;5899853;42626457;28942782;6171982;0;101725
FR;1;2023-02-02;88;92;91;106;87;98;108;0;98;42702745;41583484;26843101;5899959;42626544;28942880;6172090;0;101823
FR;1;2023-02-03;155;146;133;98;146;139;104;0;97;42702900;41583630;26843234;5900057;42626690;28943019;6172194;0;101920
FR;1;2023-02-04;50;78;72;46;85;74;47;0;24;42702950;41583708;26843306;5900103;42626775;28943093;6172241;0;101944
FR;1;2023-02-05;6;8;18;6;7;21;7;0;8;42702956;41583716;26843324;5900109;42626782;28943114;6172248;0;101952
FR;1;2023-02-06;95;75;112;77;81;114;81;0;89;42703051;41583791;26843436;5900186;42626863;28943228;6172329;0;102041
FR;1;2023-02-07;91;75;97;75;76;91;95;0;114;42703142;41583866;26843533;5900261;42626939;28943319;6172424;0;102155
FR;1;2023-02-08;83;91;60;30;90;65;34;0;51;42703225;41583957;26843593;5900291;42627029;28943384;6172458;0;102206
FR;1;2023-02-09;65;65;80;59;75;79;67;0;79;42703290;41584022;26843673;5900350;42627104;28943463;6172525;0;102285
FR;1;2023-02-10;141;129;56;72;132;68;73;0;117;42703431;41584151;26843729;5900422;42627236;28943531;6172598;0;102402
FR;1;2023-02-11;45;50;78;25;47;87;27;0;11;42703476;41584201;26843807;5900447;42627283;28943618;6172625;0;102413
FR;1;2023-02-12;10;8;10;8;12;10;9;0;9;42703486;41584209;26843817;5900455;42627295;28943628;6172634;0;102422
FR;1;2023-02-13;78;108;45;42;109;52;34;0;31;42703564;41584317;26843862;5900497;42627404;28943680;6172668;0;102453
FR;1;2023-02-14;69;70;73;50;69;77;47;0;77;42703633;41584387;26843935;5900547;42627473;28943757;6172715;0;102530
FR;1;2023-02-15;75;97;76;52;105;82;60;0;81;42703708;41584484;26844011;5900599;42627578;28943839;6172775;0;102611
FR;1;2023-02-16;60;75;113;82;63;122;86;0;73;42703768;41584559;26844124;5900681;42627641;28943961;6172861;0;102684
FR;1;2023-02-17;104;124;166;61;128;170;70;0;47;42703872;41584683;26844290;5900742;42627769;28944131;6172931;0;102731
FR;1;2023-02-18;44;56;146;41;56;152;43;0;9;42703916;41584739;26844436;5900783;42627825;28944283;6172974;0;102740
FR;1;2023-02-19;14;0;6;4;2;5;4;0;5;42703930;41584739;26844442;5900787;42627827;28944288;6172978;0;102745
FR;1;2023-02-20;74;70;50;28;74;55;32;0;16;42704004;41584809;26844492;5900815;42627901;28944343;6173010;0;102761
FR;1;2023-02-21;62;74;54;49;78;57;47;0;38;42704066;41584883;26844546;5900864;42627979;28944400;6173057;0;102799
FR;1;2023-02-22;64;77;31;18;78;35;18;0;22;42704130;41584960;26844577;5900882;42628057;28944435;6173075;0;102821
FR;1;2023-02-23;51;78;47;36;75;57;31;0;54;42704181;41585038;26844624;5900918;42628132;28944492;6173106;0;102875
FR;1;2023-02-24;94;111;40;33;112;48;34;0;37;42704275;41585149;26844664;5900951;42628244;28944540;6173140;0;102912
FR;1;2023-02-25;42;49;69;22;56;69;24;0;26;42704317;41585198;26844733;5900973;42628300;28944609;6173164;0;102938
FR;1;2023-02-26;2;3;1;2;1;3;1;0;3;42704319;41585201;26844734;5900975;42628301;28944612;6173165;0;102941
FR;1;2023-02-27;91;77;62;35;77;70;32;0;20;42704410;41585278;26844796;5901010;42628378;28944682;6173197;0;102961
FR;1;2023-02-28;86;72;33;50;68;43;52;0;32;42704496;41585350;26844829;5901060;42628446;28944725;6173249;0;102993
FR;1;2023-03-01;72;89;236;52;87;229;68;0;42;42704568;41585439;26845065;5901112;42628533;28944954;6173317;0;103035
FR;1;2023-03-02;63;62;85;55;63;82;66;0;117;42704631;41585501;26845150;5901167;42628596;28945036;6173383;0;103152
FR;1;2023-03-03;102;107;65;51;106;64;54;0;47;42704733;41585608;26845215;5901218;42628702;28945100;6173437;0;103199
FR;1;2023-03-04;49;46;68;26;43;69;31;0;15;42704782;41585654;26845283;5901244;42628745;28945169;6173468;0;103214
FR;1;2023-03-05;4;2;5;0;3;5;1;0;0;42704786;41585656;26845288;5901244;42628748;28945174;6173469;0;103214
FR;1;2023-03-06;86;57;75;17;63;81;23;0;14;42704872;41585713;26845363;5901261;42628811;28945255;6173492;0;103228
FR;1;2023-03-07;52;70;46;40;67;44;50;0;71;42704924;41585783;26845409;5901301;42628878;28945299;6173542;0;103299
FR;1;2023-03-08;47;65;32;16;68;34;22;0;6;42704971;41585848;26845441;5901317;42628946;28945333;6173564;0;103305
FR;1;2023-03-09;37;53;45;22;49;48;31;0;27;42705008;41585901;26845486;5901339;42628995;28945381;6173595;0;103332
FR;1;2023-03-10;93;96;84;41;96;88;46;0;25;42705101;41585997;26845570;5901380;42629091;28945469;6173641;0;103357
FR;1;2023-03-11;47;39;50;9;33;57;12;0;6;42705148;41586036;26845620;5901389;42629124;28945526;6173653;0;103363
FR;1;2023-03-12;2;9;7;0;11;6;1;0;0;42705150;41586045;26845627;5901389;42629135;28945532;6173654;0;103363
FR;1;2023-03-13;45;55;38;14;51;45;14;0;18;42705195;41586100;26845665;5901403;42629186;28945577;6173668;0;103381
FR;1;2023-03-14;66;45;53;21;50;57;23;0;31;42705261;41586145;26845718;5901424;42629236;28945634;6173691;0;103412
FR;1;2023-03-15;39;57;62;19;56;70;21;0;19;42705300;41586202;26845780;5901443;42629292;28945704;6173712;0;103431
FR;1;2023-03-16;55;49;85;23;53;84;27;0;20;42705355;41586251;26845865;5901466;42629345;28945788;6173739;0;103451
FR;1;2023-03-17;110;86;97;36;100;100;40;0;34;42705465;41586337;26845962;5901502;42629445;28945888;6173779;0;103485
FR;1;2023-03-18;34;33;135;10;28;139;15;0;5;42705499;41586370;26846097;5901512;42629473;28946027;6173794;0;103490
FR;1;2023-03-19;11;2;0;2;3;0;3;0;0;42705510;41586372;26846097;5901514;42629476;28946027;6173797;0;103490
FR;1;2023-03-20;43;53;42;13;43;53;16;0;8;42705553;41586425;26846139;5901527;42629519;28946080;6173813;0;103498
FR;1;2023-03-21;72;60;40;11;65;43;16;0;26;42705625;41586485;26846179;5901538;42629584;28946123;6173829;0;103524
FR;1;2023-03-22;58;53;35;31;53;49;26;0;13;42705683;41586538;26846214;5901569;42629637;28946172;6173855;0;103537
FR;1;2023-03-23;57;46;31;23;47;35;25;0;47;42705740;41586584;26846245;5901592;42629684;28946207;6173880;0;103584
FR;1;2023-03-24;77;102;186;29;105;192;35;0;23;42705817;41586686;26846431;5901621;42629789;28946399;6173915;0;103607
FR;1;2023-03-25;45;47;42;9;44;46;13;0;5;42705862;41586733;26846473;5901630;42629833;28946445;6173928;0;103612
FR;1;2023-03-26;2;3;8;0;0;9;2;0;2;42705864;41586736;26846481;5901630;42629833;28946454;6173930;0;103614
FR;1;2023-03-27;102;58;67;11;61;70;15;0;22;42705966;41586794;26846548;5901641;42629894;28946524;6173945;0;103636
FR;1;2023-03-28;45;36;22;21;41;24;21;0;31;42706011;41586830;26846570;5901662;42629935;28946548;6173966;0;103667
FR;1;2023-03-29;54;44;31;28;43;38;25;0;14;42706065;41586874;26846601;5901690;42629978;28946586;6173991;0;103681
FR;1;2023-03-30;56;38;55;18;41;54;25;0;29;42706121;41586912;26846656;5901708;42630019;28946640;6174016;0;103710
FR;1;2023-03-31;65;84;27;16;82;33;13;0;35;42706186;41586996;26846683;5901724;42630101;28946673;6174029;0;103745
FR;1;2023-04-01;29;51;124;10;47;126;17;0;10;42706215;41587047;26846807;5901734;42630148;28946799;6174046;0;103755
FR;1;2023-04-02;1;1;6;0;1;5;1;0;0;42706216;41587048;26846813;5901734;42630149;28946804;6174047;0;103755
FR;1;2023-04-03;89;44;106;25;41;107;30;0;19;42706305;41587092;26846919;5901759;42630190;28946911;6174077;0;103774
FR;1;2023-04-04;38;49;27;10;42;33;11;0;25;42706343;41587141;26846946;5901769;42630232;28946944;6174088;0;103799
FR;1;2023-04-05;24;40;27;17;37;22;24;0;14;42706367;41587181;26846973;5901786;42630269;28946966;6174112;0;103813
FR;1;2023-04-06;39;43;26;10;40;27;15;0;15;42706406;41587224;26846999;5901796;42630309;28946993;6174127;0;103828
FR;1;2023-04-07;46;63;25;16;61;30;14;0;13;42706452;41587287;26847024;5901812;42630370;28947023;6174141;0;103841
FR;1;2023-04-08;25;32;6;13;25;13;13;0;13;42706477;41587319;26847030;5901825;42630395;28947036;6174154;0;103854
FR;1;2023-04-09;1;2;0;2;1;1;2;0;1;42706478;41587321;26847030;5901827;42630396;28947037;6174156;0;103855
FR;1;2023-04-10;4;7;3;1;6;5;1;0;1;42706482;41587328;26847033;5901828;42630402;28947042;6174157;0;103856
FR;1;2023-04-11;38;50;11;9;49;10;11;0;17;42706520;41587378;26847044;5901837;42630451;28947052;6174168;0;103873
FR;1;2023-04-12;36;33;11;17;31;18;19;0;23;42706556;41587411;26847055;5901854;42630482;28947070;6174187;0;103896
FR;1;2023-04-13;37;32;9;14;35;13;12;0;26;42706593;41587443;26847064;5901868;42630517;28947083;6174199;0;103922
FR;1;2023-04-14;59;66;16;10;75;14;12;0;17;42706652;41587509;26847080;5901878;42630592;28947097;6174211;0;103939
FR;1;2023-04-15;27;28;8;7;28;13;7;0;2;42706679;41587537;26847088;5901885;42630620;28947110;6174218;0;103941
FR;1;2023-04-16;3;2;0;0;2;0;0;0;0;42706682;41587539;26847088;5901885;42630622;28947110;6174218;0;103941
FR;1;2023-04-17;37;35;11;15;39;18;12;0;9;42706719;41587574;26847099;5901900;42630661;28947128;6174230;0;103950
FR;1;2023-04-18;36;37;12;7;32;16;11;0;23;42706755;41587611;26847111;5901907;42630693;28947144;6174241;0;103973
FR;1;2023-04-19;31;57;8;5;57;10;6;0;13;42706786;41587668;26847119;5901912;42630750;28947154;6174247;0;103986
FR;1;2023-04-20;26;34;25;14;35;26;14;0;14;42706812;41587702;26847144;5901926;42630785;28947180;6174261;0;104000
FR;1;2023-04-21;42;53;13;10;48;19;11;0;16;42706854;41587755;26847157;5901936;42630833;28947199;6174272;0;104016
FR;1;2023-04-22;18;20;7;4;16;12;4;0;4;42706872;41587775;26847164;5901940;42630849;28947211;6174276;0;104020
FR;1;2023-04-23;0;0;2;1;0;2;1;0;0;42706872;41587775;26847166;5901941;42630849;28947213;6174277;0;104020
FR;1;2023-04-24;57;37;26;4;35;30;5;0;8;42706929;41587812;26847192;5901945;42630884;28947243;6174282;0;104028
FR;2;2020-12-27;0;0;0;0;0;0;0;0;0;0;0;0;0;0;0;0;0;0
FR;2;2020-12-28;0;0;0;0;0;0;0;0;0;0;0;0;0;0;0;0;0;0
FR;2;2020-12-29;0;0;0;0;0;0;0;0;0;0;0;0;0;0;0;0;0;0
FR;2;2020-12-30;0;0;0;0;0;0;0;0;0;0;0;0;0;0;0;0;0;0
FR;2;2020-12-31;0;0;0;0;0;0;0;0;0;0;0;0;0;0;0;0;0;0
FR;2;2021-01-01;0;0;0;0;0;0;0;0;0;0;0;0;0;0;0;0;0;0
FR;2;2021-01-02;0;0;0;0;0;0;0;0;0;0;0;0;0;0;0;0;0;0
FR;2;2021-01-03;0;0;0;0;0;0;0;0;0;0;0;0;0;0;0;0;0;0
FR;2;2021-01-04;0;0;0;0;0;0;0;0;0;0;0;0;0;0;0;0;0;0
FR;2;2021-01-05;0;0;0;0;0;0;0;0;0;0;0;0;0;0;0;0;0;0
FR;2;2021-01-06;0;0;0;0;0;0;0;0;0;0;0;0;0;0;0;0;0;0
FR;2;2021-01-07;0;0;0;0;0;0;0;0;0;0;0;0;0;0;0;0;0;0
FR;2;2021-01-08;0;0;0;0;0;0;0;0;0;0;0;0;0;0;0;0;0;0
FR;2;2021-01-09;0;0;0;0;0;0;0;0;0;0;0;0;0;0;0;0;0;0
FR;2;2021-01-10;0;0;0;0;0;0;0;0;0;0;0;0;0;0;0;0;0;0
FR;2;2021-01-11;0;0;0;0;0;0;0;0;0;0;0;0;0;0;0;0;0;0
FR;2;2021-01-12;0;0;0;0;0;0;0;0;0;0;0;0;0;0;0;0;0;0
FR;2;2021-01-13;0;0;0;0;0;0;0;0;0;0;0;0;0;0;0;0;0;0
FR;2;2021-01-14;1636;0;0;0;213;0;0;0;0;1636;0;0;0;213;0;0;0;0
FR;2;2021-01-15;398;0;0;0;28;0;0;0;0;2034;0;0;0;241;0;0;0;0
FR;2;2021-01-16;316;0;0;0;12;0;0;0;0;2350;0;0;0;253;0;0;0;0
FR;2;2021-01-17;84;0;0;0;7;0;0;0;0;2434;0;0;0;260;0;0;0;0
FR;2;2021-01-18;3075;3;0;0;27;0;0;0;0;5509;3;0;0;287;0;0;0;0
FR;2;2021-01-19;4681;2;0;0;31;0;0;0;0;10190;5;0;0;318;0;0;0;0
FR;2;2021-01-20;5138;6;0;0;58;0;0;0;0;15328;11;0;0;376;0;0;0;0
FR;2;2021-01-21;5345;9;0;0;55;0;0;0;0;20673;20;0;0;431;0;0;0;0
FR;2;2021-01-22;5119;19;0;0;70;0;0;0;0;25792;39;0;0;501;0;0;0;0
FR;2;2021-01-23;1875;2;0;0;16;0;0;0;0;27667;41;0;0;517;0;0;0;0
FR;2;2021-01-24;163;2;0;0;8;0;0;0;0;27830;43;0;0;525;0;0;0;0
FR;2;2021-01-25;3814;4;0;0;37;0;0;0;0;31644;47;0;0;562;0;0;0;0
FR;2;2021-01-26;3930;6;0;0;42;0;0;0;0;35574;53;0;0;604;0;0;0;0
FR;2;2021-01-27;3606;4;0;0;36;0;0;0;0;39180;57;0;0;640;0;0;0;0
FR;2;2021-01-28;3757;9;0;0;44;0;0;0;0;42937;66;0;0;684;0;0;0;0
FR;2;2021-01-29;3300;6;0;0;42;0;0;0;0;46237;72;0;0;726;0;0;0;0
FR;2;2021-01-30;1133;3;0;0;16;0;0;0;0;47370;75;0;0;742;0;0;0;0
FR;2;2021-01-31;46;2;0;0;9;0;0;0;0;47416;77;0;0;751;0;0;0;0
FR;2;2021-02-01;3408;13;0;0;44;0;0;0;0;50824;90;0;0;795;0;0;0;0
FR;2;2021-02-02;4498;19;0;0;53;0;0;0;0;55322;109;0;0;848;0;0;0;0
FR;2;2021-02-03;5223;12;0;0;83;0;0;0;0;60545;121;0;0;931;0;0;0;0
FR;2;2021-02-04;4941;11;0;0;36;0;0;0;0;65486;132;0;0;967;0;0;0;0
FR;2;2021-02-05;4817;17;0;0;50;0;0;0;0;70303;149;0;0;1017;0;0;0;0
FR;2;2021-02-06;2047;15;0;0;41;0;0;0;0;72350;164;0;0;1058;0;0;0;0
FR;2;2021-02-07;103;6;0;0;20;0;0;0;0;72453;170;0;0;1078;0;0;0;0
FR;2;2021-02-08;7559;27;0;0;86;0;0;0;0;80012;197;0;0;1164;0;0;0;0
FR;2;2021-02-09;8435;31;0;0;100;0;0;0;0;88447;228;0;0;1264;0;0;0;0
FR;2;2021-02-10;9349;63;0;0;183;0;0;0;0;97796;291;0;0;1447;0;0;0;0
FR;2;2021-02-11;10292;132;0;0;256;0;0;0;0;108088;423;0;0;1703;0;0;0;0
FR;2;2021-02-12;10059;276;0;0;430;0;0;0;0;118147;699;0;0;2133;0;0;0;0
FR;2;2021-02-13;3121;223;0;0;261;0;0;0;0;121268;922;0;0;2394;0;0;0;0
FR;2;2021-02-14;358;11;0;0;21;0;0;0;0;121626;933;0;0;2415;0;0;0;0
FR;2;2021-02-15;3460;3129;0;0;3176;0;0;0;0;125086;4062;0;0;5591;0;0;0;0
FR;2;2021-02-16;5076;4164;0;0;4237;0;0;0;0;130162;8226;0;0;9828;0;0;0;0
FR;2;2021-02-17;4259;4554;0;0;4631;0;0;0;0;134421;12780;0;0;14459;0;0;0;0
FR;2;2021-02-18;5406;5178;0;0;5248;0;0;0;0;139827;17958;0;0;19707;0;0;0;0
FR;2;2021-02-19;5329;4491;0;0;4592;0;0;0;0;145156;22449;0;0;24299;0;0;0;0
FR;2;2021-02-20;1872;1520;0;0;1537;0;0;0;0;147028;23969;0;0;25836;0;0;0;0
FR;2;2021-02-21;244;96;0;0;98;0;0;0;0;147272;24065;0;0;25934;0;0;0;0
FR;2;2021-02-22;3614;3782;0;0;3844;0;0;0;0;150886;27847;0;0;29778;0;0;0;0
FR;2;2021-02-23;4956;3740;0;0;3804;0;0;0;0;155842;31587;0;0;33582;0;0;0;0
FR;2;2021-02-24;5017;3558;0;0;3611;0;0;0;0;160859;35145;0;0;37193;0;0;0;0
FR;2;2021-02-25;5501;3495;0;0;3585;0;0;0;0;166360;38640;0;0;40778;0;0;0;0
FR;2;2021-02-26;4368;3179;0;0;3253;0;0;0;0;170728;41819;0;0;44031;0;0;0;0
FR;2;2021-02-27;1629;1067;0;0;1086;0;0;0;0;172357;42886;0;0;45117;0;0;0;0
FR;2;2021-02-28;179;17;0;0;28;0;0;0;0;172536;42903;0;0;45145;0;0;0;0
FR;2;2021-03-01;5193;3763;0;0;3852;0;0;0;0;177729;46666;0;0;48997;0;0;0;0
FR;2;2021-03-02;6542;4727;0;0;4828;0;0;0;0;184271;51393;0;0;53825;0;0;0;0
FR;2;2021-03-03;6544;4955;0;0;5096;0;0;0;0;190815;56348;0;0;58921;0;0;0;0
FR;2;2021-03-04;8412;4210;0;0;4396;0;0;0;0;199227;60558;0;0;63317;0;0;0;0
FR;2;2021-03-05;8037;4054;0;0;4237;0;0;0;0;207264;64612;0;0;67554;0;0;0;0
FR;2;2021-03-06;4790;1683;0;0;1783;0;0;0;0;212054;66295;0;0;69337;0;0;0;0
FR;2;2021-03-07;2373;32;0;0;76;0;0;0;0;214427;66327;0;0;69413;0;0;0;0
FR;2;2021-03-08;4166;8392;0;0;8549;0;0;0;0;218593;74719;0;0;77962;0;0;0;0
FR;2;2021-03-09;7494;8610;1;0;8868;0;0;0;0;226087;83329;1;0;86830;0;0;0;0
FR;2;2021-03-10;7108;9246;0;0;9473;0;0;0;0;233195;92575;1;0;96303;0;0;0;0
FR;2;2021-03-11;9379;9365;1;0;9685;0;0;0;0;242574;101940;2;0;105988;0;0;0;0
FR;2;2021-03-12;7988;8367;0;0;8669;0;0;0;0;250562;110307;2;0;114657;0;0;0;0
FR;2;2021-03-13;10058;2593;0;0;2914;0;0;0;0;260620;112900;2;0;117571;0;0;0;0
FR;2;2021-03-14;4841;380;0;0;539;0;0;0;0;265461;113280;2;0;118110;0;0;0;0
FR;2;2021-03-15;10919;3476;0;0;3765;0;0;0;0;276380;116756;2;0;121875;0;0;0;0
FR;2;2021-03-16;16770;4732;1;0;5282;0;0;0;0;293150;121488;3;0;127157;0;0;0;0
FR;2;2021-03-17;20242;3998;0;0;4672;0;0;0;0;313392;125486;3;0;131829;0;0;0;0
FR;2;2021-03-18;23375;5128;0;0;5957;0;0;0;0;336767;130614;3;0;137786;0;0;0;0
FR;2;2021-03-19;23316;4680;0;0;5443;0;0;0;0;360083;135294;3;0;143229;0;0;0;0
FR;2;2021-03-20;25452;1588;0;0;2345;0;0;0;0;385535;136882;3;0;145574;0;0;0;0
FR;2;2021-03-21;17675;153;0;0;731;0;0;0;0;403210;137035;3;0;146305;0;0;0;0
FR;2;2021-03-22;17791;3261;0;0;3930;0;0;0;0;421001;140296;3;0;150235;0;0;0;0
FR;2;2021-03-23;22707;4288;0;0;5142;0;0;0;0;443708;144584;3;0;155377;0;0;0;0
FR;2;2021-03-24;23966;5091;0;0;5928;0;0;0;0;467674;149675;3;0;161305;0;0;0;0
FR;2;2021-03-25;26762;5257;1;0;6454;0;0;0;0;494436;154932;4;0;167759;0;0;0;0
FR;2;2021-03-26;26992;4236;0;0;5382;0;0;0;0;521428;159168;4;0;173141;0;0;0;0
FR;2;2021-03-27;15923;1369;0;0;1899;0;0;0;0;537351;160537;4;0;175040;0;0;0;0
FR;2;2021-03-28;10563;136;0;0;428;0;0;0;0;547914;160673;4;0;175468;0;0;0;0
FR;2;2021-03-29;19004;4349;0;0;5049;0;0;0;0;566918;165022;4;0;180517;0;0;0;0
FR;2;2021-03-30;24597;6105;0;0;7045;0;0;0;0;591515;171127;4;0;187562;0;0;0;0
FR;2;2021-03-31;28562;5930;0;0;7222;0;0;0;0;620077;177057;4;0;194784;0;0;0;0
FR;2;2021-04-01;34560;8576;1;0;10269;0;0;0;0;654637;185633;5;0;205053;0;0;0;0
FR;2;2021-04-02;29992;7736;0;0;9164;0;0;0;0;684629;193369;5;0;214217;0;0;0;0
FR;2;2021-04-03;16959;4263;0;0;4945;0;0;0;0;701588;197632;5;0;219162;0;0;0;0
FR;2;2021-04-04;9309;1269;2;0;1677;0;0;0;0;710897;198901;7;0;220839;0;0;0;0
FR;2;2021-04-05;12448;797;0;0;1381;0;0;0;0;723345;199698;7;0;222220;0;0;0;0
FR;2;2021-04-06;27159;7358;0;0;8750;0;0;0;0;750504;207056;7;0;230970;0;0;0;0
FR;2;2021-04-07;30931;7070;1;0;8646;0;0;0;0;781435;214126;8;0;239616;0;0;0;0
FR;2;2021-04-08;36896;8591;1;0;10516;0;0;0;0;818331;222717;9;0;250132;0;0;0;0
FR;2;2021-04-09;33856;8389;28;0;10174;0;0;0;0;852187;231106;37;0;260306;0;0;0;0
FR;2;2021-04-10;19689;9270;1;0;10182;0;0;0;0;871876;240376;38;0;270488;0;0;0;0
FR;2;2021-04-11;7943;4240;1;0;4603;0;0;0;0;879819;244616;39;0;275091;0;0;0;0
FR;2;2021-04-12;17137;11028;0;0;11869;0;0;0;0;896956;255644;39;0;286960;0;0;0;0
FR;2;2021-04-13;19465;16036;1;0;17104;0;0;0;0;916421;271680;40;0;304064;0;0;0;0
FR;2;2021-04-14;18071;16446;7;0;17542;0;0;0;0;934492;288126;47;0;321606;0;0;0;0
FR;2;2021-04-15;22208;21890;27;0;23344;0;0;0;0;956700;310016;74;0;344950;0;0;0;0
FR;2;2021-04-16;20721;20643;45;0;21916;0;0;0;0;977421;330659;119;0;366866;0;0;0;0
FR;2;2021-04-17;13258;22496;5;0;23227;0;0;0;0;990679;353155;124;0;390093;0;0;0;0
FR;2;2021-04-18;5911;14397;6;0;14737;0;0;0;0;996590;367552;130;0;404830;0;0;0;0
FR;2;2021-04-19;16850;16394;24;0;17197;0;0;0;0;1013440;383946;154;0;422027;0;0;0;0
FR;2;2021-04-20;19328;21807;38;0;22868;0;0;0;0;1032768;405753;192;0;444895;0;0;0;0
FR;2;2021-04-21;20294;21901;76;0;23051;0;0;0;0;1053062;427654;268;0;467946;0;0;0;0
FR;2;2021-04-22;23824;24956;41;0;26369;0;0;0;0;1076886;452610;309;0;494315;0;0;0;0
FR;2;2021-04-23;24534;25501;76;0;27012;0;0;0;0;1101420;478111;385;0;521327;0;0;0;0
FR;2;2021-04-24;25305;15068;104;0;16506;0;0;0;0;1126725;493179;489;0;537833;0;0;0;0
FR;2;2021-04-25;9597;8622;5;0;9183;0;0;0;0;1136322;501801;494;0;547016;0;0;0;0
FR;2;2021-04-26;17169;17678;21;0;18564;0;0;0;0;1153491;519479;515;0;565580;0;0;0;0
FR;2;2021-04-27;19246;24099;40;0;25283;0;0;0;0;1172737;543578;555;0;590863;0;0;0;0
FR;2;2021-04-28;22343;26464;113;0;27865;0;0;0;0;1195080;570042;668;0;618728;0;0;0;0
FR;2;2021-04-29;25477;30500;70;0;32190;0;0;0;0;1220557;600542;738;0;650918;0;0;0;0
FR;2;2021-04-30;25541;27977;49;1;29627;0;0;0;0;1246098;628519;787;1;680545;0;0;0;0
FR;2;2021-05-01;14988;9853;6;0;10654;0;0;0;0;1261086;638372;793;1;691199;0;0;0;0
FR;2;2021-05-02;6642;9160;2;0;9506;0;0;0;0;1267728;647532;795;1;700705;0;0;0;0
FR;2;2021-05-03;20026;19127;40;0;20334;0;0;0;0;1287754;666659;835;1;721039;0;0;0;0
FR;2;2021-05-04;18288;29202;33;0;30348;0;0;0;0;1306042;695861;868;1;751387;0;0;0;0
FR;2;2021-05-05;18385;29524;48;0;30822;0;0;0;0;1324427;725385;916;1;782209;0;0;0;0
FR;2;2021-05-06;23553;35413;132;0;36986;0;0;0;0;1347980;760798;1048;1;819195;0;0;0;0
FR;2;2021-05-07;25349;33241;97;0;35100;0;0;0;0;1373329;794039;1145;1;854295;0;0;0;0
FR;2;2021-05-08;21343;10691;15;0;11778;0;0;0;0;1394672;804730;1160;1;866073;0;0;0;0
FR;2;2021-05-09;13170;7615;7;0;8290;0;0;0;0;1407842;812345;1167;1;874363;0;0;0;0
FR;2;2021-05-10;32948;21718;50;0;23575;0;0;0;0;1440790;834063;1217;1;897938;0;0;0;0
FR;2;2021-05-11;43616;20904;101;0;23529;0;0;0;0;1484406;854967;1318;1;921467;0;0;0;0
FR;2;2021-05-12;50070;19637;143;0;22517;0;0;0;0;1534476;874604;1461;1;943984;0;0;0;0
FR;2;2021-05-13;51302;5597;31;0;8465;0;0;0;0;1585778;880201;1492;1;952449;0;0;0;0
FR;2;2021-05-14;61361;12884;132;0;16538;0;0;0;0;1647139;893085;1624;1;968987;0;0;0;0
FR;2;2021-05-15;65938;7100;40;0;10650;0;0;0;0;1713077;900185;1664;1;979637;0;0;0;0
FR;2;2021-05-16;43588;2573;10;0;4944;0;0;0;0;1756665;902758;1674;1;984581;0;0;0;0
FR;2;2021-05-17;44756;12447;114;0;15354;0;0;0;0;1801421;915205;1788;1;999935;0;0;0;0
FR;2;2021-05-18;54650;12289;190;0;15972;0;0;0;0;1856071;927494;1978;1;1015907;0;0;0;0
FR;2;2021-05-19;57180;10459;281;0;14499;0;0;0;0;1913251;937953;2259;1;1030406;0;0;0;0
FR;2;2021-05-20;63452;10803;288;0;14898;0;0;0;0;1976703;948756;2547;1;1045304;0;0;0;0
FR;2;2021-05-21;64306;11601;230;0;16026;0;0;0;0;2041009;960357;2777;1;1061330;0;0;0;0
FR;2;2021-05-22;61488;4529;65;0;8499;0;0;0;0;2102497;964886;2842;1;1069829;0;0;0;0
FR;2;2021-05-23;37536;575;22;0;2912;0;0;0;0;2140033;965461;2864;1;1072741;0;0;0;0
FR;2;2021-05-24;17248;2052;35;0;3259;0;0;0;0;2157281;967513;2899;1;1076000;0;0;0;0
FR;2;2021-05-25;21121;12253;241;0;13854;0;0;0;0;2178402;979766;3140;1;1089854;0;0;0;0
FR;2;2021-05-26;19946;11539;230;0;13068;0;0;0;0;2198348;991305;3370;1;1102922;0;0;0;0
FR;2;2021-05-27;23001;12663;182;0;14400;0;0;0;0;2221349;1003968;3552;1;1117322;0;0;0;0
FR;2;2021-05-28;29398;15044;190;0;17225;0;0;0;0;2250747;1019012;3742;1;1134547;0;0;0;0
FR;2;2021-05-29;30425;8196;58;0;10105;0;0;0;0;2281172;1027208;3800;1;1144652;0;0;0;0
FR;2;2021-05-30;4648;1819;6;0;2154;0;0;0;0;2285820;1029027;3806;1;1146806;0;0;0;0
FR;2;2021-05-31;28590;18741;184;0;20820;0;0;0;0;2314410;1047768;3990;1;1167626;0;0;0;0
FR;2;2021-06-01;45744;19915;225;0;23151;0;0;0;0;2360154;1067683;4215;1;1190777;0;0;0;0
FR;2;2021-06-02;37483;19312;182;0;22318;0;0;0;0;2397637;1086995;4397;1;1213095;0;0;0;0
FR;2;2021-06-03;51284;23118;161;0;26971;0;0;0;0;2448921;1110113;4558;1;1240066;0;0;0;0
FR;2;2021-06-04;65519;24088;217;0;29053;0;0;0;0;2514440;1134201;4775;1;1269119;0;0;0;0
FR;2;2021-06-05;34607;24109;52;0;26964;0;0;0;0;2549047;1158310;4827;1;1296083;0;0;0;0
FR;2;2021-06-06;4958;6194;10;0;6613;0;0;0;0;2554005;1164504;4837;1;1302696;0;0;0;0
FR;2;2021-06-07;28177;23015;150;0;25431;0;0;0;0;2582182;1187519;4987;1;1328127;0;0;0;0
FR;2;2021-06-08;46379;22944;143;0;26910;0;0;0;0;2628561;1210463;5130;1;1355037;0;0;0;0
FR;2;2021-06-09;34297;21000;107;0;24132;0;0;0;0;2662858;1231463;5237;1;1379169;0;0;0;0
FR;2;2021-06-10;42644;19081;96;1;23003;0;0;0;0;2705502;1250544;5333;2;1402172;0;0;0;0
FR;2;2021-06-11;55306;25133;134;0;30232;0;0;0;0;2760808;1275677;5467;2;1432404;0;0;0;0
FR;2;2021-06-12;30567;19800;53;0;22654;0;0;0;0;2791375;1295477;5520;2;1455058;0;0;0;0
FR;2;2021-06-13;3333;9197;13;0;9586;0;0;0;0;2794708;1304674;5533;2;1464644;0;0;0;0
FR;2;2021-06-14;25304;24119;92;0;26699;0;0;0;0;2820012;1328793;5625;2;1491343;0;0;0;0
FR;2;2021-06-15;39049;22819;154;0;26567;0;0;0;0;2859061;1351612;5779;2;1517910;0;0;0;0
FR;2;2021-06-16;30168;21368;135;0;24521;0;0;0;0;2889229;1372980;5914;2;1542431;0;0;0;0
FR;2;2021-06-17;36913;25738;150;0;29600;0;0;0;0;2926142;1398718;6064;2;1572031;0;0;0;0
FR;2;2021-06-18;46860;28891;123;0;33594;0;0;0;0;2973002;1427609;6187;2;1605625;0;0;0;0
FR;2;2021-06-19;24527;24940;39;0;27714;0;0;0;0;2997529;1452549;6226;2;1633339;0;0;0;0
FR;2;2021-06-20;3745;10058;9;0;10557;0;0;0;0;3001274;1462607;6235;2;1643896;0;0;0;0
FR;2;2021-06-21;17538;42861;88;0;44873;0;0;0;0;3018812;1505468;6323;2;1688769;0;0;0;0
FR;2;2021-06-22;28366;49617;110;0;53045;0;0;0;0;3047178;1555085;6433;2;1741814;0;0;0;0
FR;2;2021-06-23;21790;49618;107;1;52467;1;0;0;0;3068968;1604703;6540;3;1794281;1;0;0;0
FR;2;2021-06-24;28380;50316;134;0;54047;0;0;0;0;3097348;1655019;6674;3;1848328;1;0;0;0
FR;2;2021-06-25;33402;60489;129;0;64878;0;0;0;0;3130750;1715508;6803;3;1913206;1;0;0;0
FR;2;2021-06-26;16395;59356;54;1;61748;0;0;0;0;3147145;1774864;6857;4;1974954;1;0;0;0
FR;2;2021-06-27;2566;29316;22;1;29898;0;0;0;0;3149711;1804180;6879;5;2004852;1;0;0;0
FR;2;2021-06-28;12641;54341;84;0;56317;0;0;0;0;3162352;1858521;6963;5;2061169;1;0;0;0
FR;2;2021-06-29;19857;59999;178;0;62941;0;0;0;0;3182209;1918520;7141;5;2124110;1;0;0;0
FR;2;2021-06-30;16337;58039;253;17;60723;0;0;0;0;3198546;1976559;7394;22;2184833;1;0;0;0
FR;2;2021-07-01;20497;59874;228;0;63201;0;0;0;0;3219043;2036433;7622;22;2248034;1;0;0;0
FR;2;2021-07-02;24083;62160;184;0;66374;0;0;0;0;3243126;2098593;7806;22;2314408;1;0;0;0
FR;2;2021-07-03;12123;57146;153;0;59485;0;0;0;0;3255249;2155739;7959;22;2373893;1;0;0;0
FR;2;2021-07-04;1961;23303;18;0;23870;0;0;0;0;3257210;2179042;7977;22;2397763;1;0;0;0
FR;2;2021-07-05;9179;29257;106;0;30893;0;0;0;0;3266389;2208299;8083;22;2428656;1;0;0;0
FR;2;2021-07-06;14584;36280;135;0;38959;0;0;0;0;3280973;2244579;8218;22;2467615;1;0;0;0
FR;2;2021-07-07;14421;33663;140;0;36417;0;0;0;0;3295394;2278242;8358;22;2504032;1;0;0;0
FR;2;2021-07-08;19723;40324;162;0;43981;0;0;0;0;3315117;2318566;8520;22;2548013;1;0;0;0
FR;2;2021-07-09;27105;54334;202;1;59484;0;0;0;0;3342222;2372900;8722;23;2607497;1;0;0;0
FR;2;2021-07-10;13388;33708;107;0;36392;0;0;0;0;3355610;2406608;8829;23;2643889;1;0;0;0
FR;2;2021-07-11;1811;4344;16;0;4771;0;0;0;0;3357421;2410952;8845;23;2648660;1;0;0;0
FR;2;2021-07-12;12971;37264;119;0;39919;0;0;0;0;3370392;2448216;8964;23;2688579;1;0;0;0
FR;2;2021-07-13;37120;53147;152;0;60282;0;0;0;0;3407512;2501363;9116;23;2748861;1;0;0;0
FR;2;2021-07-14;6628;3540;15;0;4887;0;0;0;0;3414140;2504903;9131;23;2753748;1;0;0;0
FR;2;2021-07-15;47244;47014;156;0;55210;0;0;0;0;3461384;2551917;9287;23;2808958;1;0;0;0
FR;2;2021-07-16;64320;55755;188;0;66738;0;0;0;0;3525704;2607672;9475;23;2875696;1;0;0;0
FR;2;2021-07-17;31603;23918;96;0;29375;0;0;0;0;3557307;2631590;9571;23;2905071;1;0;0;0
FR;2;2021-07-18;6090;4807;19;0;5952;0;0;0;0;3563397;2636397;9590;23;2911023;1;0;0;0
FR;2;2021-07-19;33007;28599;94;0;34212;0;0;0;0;3596404;2664996;9684;23;2945235;1;0;0;0
FR;2;2021-07-20;51999;44525;155;0;53161;0;0;0;0;3648403;2709521;9839;23;2998396;1;0;0;0
FR;2;2021-07-21;45257;34626;93;0;42130;0;0;0;0;3693660;2744147;9932;23;3040526;1;0;0;0
FR;2;2021-07-22;56280;41081;128;1;50354;0;0;0;0;3749940;2785228;10060;24;3090880;1;0;0;0
FR;2;2021-07-23;68304;48967;170;0;60257;0;0;0;0;3818244;2834195;10230;24;3151137;1;0;0;0
FR;2;2021-07-24;36178;21613;82;0;27471;0;0;0;0;3854422;2855808;10312;24;3178608;1;0;0;0
FR;2;2021-07-25;6751;2608;10;0;3866;0;0;0;0;3861173;2858416;10322;24;3182474;1;0;0;0
FR;2;2021-07-26;36320;22337;91;1;27840;0;0;0;0;3897493;2880753;10413;25;3210314;1;0;0;0
FR;2;2021-07-27;62392;34563;180;0;43710;0;0;0;0;3959885;2915316;10593;25;3254024;1;0;0;0
FR;2;2021-07-28;55326;26425;132;0;34511;0;0;0;0;4015211;2941741;10725;25;3288535;1;0;0;0
FR;2;2021-07-29;68481;32797;189;0;42480;0;0;0;0;4083692;2974538;10914;25;3331015;1;0;0;0
FR;2;2021-07-30;74468;37815;222;1;48606;0;0;0;0;4158160;3012353;11136;26;3379621;1;0;0;0
FR;2;2021-07-31;34778;16207;105;0;21406;0;0;0;0;4192938;3028560;11241;26;3401027;1;0;0;0
FR;2;2021-08-01;5416;2260;19;0;3123;0;0;0;0;4198354;3030820;11260;26;3404150;1;0;0;0
FR;2;2021-08-02;35896;16151;101;0;21053;0;0;0;0;4234250;3046971;11361;26;3425203;1;0;0;0
FR;2;2021-08-03;55988;28258;143;0;35461;0;0;0;0;4290238;3075229;11504;26;3460664;1;0;0;0
FR;2;2021-08-04;46639;20828;128;1;26936;0;0;0;0;4336877;3096057;11632;27;3487600;1;0;0;0
FR;2;2021-08-05;54641;31562;215;0;38738;0;0;0;0;4391518;3127619;11847;27;3526338;1;0;0;0
FR;2;2021-08-06;58098;42397;242;1;50225;0;0;0;0;4449616;3170016;12089;28;3576563;1;0;0;0
FR;2;2021-08-07;25152;17628;89;0;21318;0;0;0;0;4474768;3187644;12178;28;3597881;1;0;0;0
FR;2;2021-08-08;3840;3653;21;0;4311;0;0;0;0;4478608;3191297;12199;28;3602192;1;0;0;0
FR;2;2021-08-09;29308;21023;92;0;24849;0;0;0;0;4507916;3212320;12291;28;3627041;1;0;0;0
FR;2;2021-08-10;45014;33465;155;0;39226;0;0;0;0;4552930;3245785;12446;28;3666267;1;0;0;0
FR;2;2021-08-11;35277;25142;151;0;29740;0;0;0;0;4588207;3270927;12597;28;3696007;1;0;0;0
FR;2;2021-08-12;41905;35692;163;0;41229;0;0;0;0;4630112;3306619;12760;28;3737236;1;0;0;0
FR;2;2021-08-13;42608;37350;218;0;43037;0;0;0;0;4672720;3343969;12978;28;3780273;1;0;0;0
FR;2;2021-08-14;18524;22132;94;0;24763;0;0;0;0;4691244;3366101;13072;28;3805036;1;0;0;0
FR;2;2021-08-15;3865;3795;17;0;4381;0;0;0;0;4695109;3369896;13089;28;3809417;1;0;0;0
FR;2;2021-08-16;25094;27124;111;0;30446;0;0;0;0;4720203;3397020;13200;28;3839863;1;0;0;0
FR;2;2021-08-17;38270;43398;207;2;48382;0;0;0;0;4758473;3440418;13407;30;3888245;1;0;0;0
FR;2;2021-08-18;32254;36352;195;1;40695;0;0;0;0;4790727;3476770;13602;31;3928940;1;0;0;0
FR;2;2021-08-19;37435;46574;224;0;51777;0;0;0;0;4828162;3523344;13826;31;3980717;1;0;0;0
FR;2;2021-08-20;40569;55649;271;1;61576;0;0;0;0;4868731;3578993;14097;32;4042293;1;0;0;0
FR;2;2021-08-21;18121;24321;117;0;27113;0;0;0;0;4886852;3603314;14214;32;4069406;1;0;0;0
FR;2;2021-08-22;2909;4320;22;1;4852;1;0;0;0;4889761;3607634;14236;33;4074258;2;0;0;0
FR;2;2021-08-23;19250;35148;131;1;38037;0;0;0;0;4909011;3642782;14367;34;4112295;2;0;0;0
FR;2;2021-08-24;31952;56037;236;0;60694;0;0;0;0;4940963;3698819;14603;34;4172989;2;0;0;0
FR;2;2021-08-25;25934;43456;251;0;47406;0;0;0;0;4966897;3742275;14854;34;4220395;2;0;0;0
FR;2;2021-08-26;32362;55844;388;0;60583;0;0;0;0;4999259;3798119;15242;34;4280978;2;0;0;0
FR;2;2021-08-27;37004;65679;477;2;71404;0;0;0;0;5036263;3863798;15719;36;4352382;2;0;0;0
FR;2;2021-08-28;17819;28555;300;0;31615;0;0;0;0;5054082;3892353;16019;36;4383997;2;0;0;0
FR;2;2021-08-29;2656;5012;47;0;5623;0;0;0;0;5056738;3897365;16066;36;4389620;2;0;0;0
FR;2;2021-08-30;18418;37727;399;0;40146;756;0;0;0;5075156;3935092;16465;36;4429766;758;0;0;0
FR;2;2021-08-31;28077;57519;887;4;60950;1558;0;0;0;5103233;3992611;17352;40;4490716;2316;0;0;0
FR;2;2021-09-01;21595;39875;1309;0;42256;2128;0;0;0;5124828;4032486;18661;40;4532972;4444;0;0;0
FR;2;2021-09-02;25486;48668;1963;2;50943;3369;0;0;0;5150314;4081154;20624;42;4583915;7813;0;0;0
FR;2;2021-09-03;33414;64574;2988;3;67537;4886;1;0;0;5183728;4145728;23612;45;4651452;12699;1;0;0
FR;2;2021-09-04;16833;27766;1443;1;29557;2386;0;0;0;5200561;4173494;25055;46;4681009;15085;1;0;0
FR;2;2021-09-05;2265;3585;266;0;3941;412;0;0;0;5202826;4177079;25321;46;4684950;15497;1;0;0
FR;2;2021-09-06;14045;28693;1771;1;29758;2945;0;0;0;5216871;4205772;27092;47;4714708;18442;1;0;0
FR;2;2021-09-07;21111;41111;3022;13;42264;4945;0;0;0;5237982;4246883;30114;60;4756972;23387;1;0;0
FR;2;2021-09-08;17248;31921;2735;6;32738;4498;0;0;0;5255230;4278804;32849;66;4789710;27885;1;0;0
FR;2;2021-09-09;20982;40484;4437;3;41228;6842;0;0;0;5276212;4319288;37286;69;4830938;34727;1;0;0
FR;2;2021-09-10;28203;51316;5286;4;51885;8979;1;0;0;5304415;4370604;42572;73;4882823;43706;2;0;0
FR;2;2021-09-11;13655;22460;2405;5;23132;3990;0;0;0;5318070;4393064;44977;78;4905955;47696;2;0;0
FR;2;2021-09-12;1824;2770;292;0;2965;509;0;0;0;5319894;4395834;45269;78;4908920;48205;2;0;0
FR;2;2021-09-13;11659;21441;2474;4;21702;4051;0;0;0;5331553;4417275;47743;82;4930622;52256;2;0;0
FR;2;2021-09-14;18578;32720;5092;13;31678;9055;2;0;0;5350131;4449995;52835;95;4962300;61311;4;0;0
FR;2;2021-09-15;14917;28226;5168;3;26926;7748;9;0;0;5365048;4478221;58003;98;4989226;69059;13;0;0
FR;2;2021-09-16;16078;32798;6737;12;30179;10541;4;0;0;5381126;4511019;64740;110;5019405;79600;17;0;0
FR;2;2021-09-17;20916;47179;8782;10;42825;14631;6;0;0;5402042;4558198;73522;120;5062230;94231;23;0;0
FR;2;2021-09-18;9857;20959;3804;6;19595;6034;1;0;0;5411899;4579157;77326;126;5081825;100265;24;0;0
FR;2;2021-09-19;1166;2590;396;0;2533;631;0;0;0;5413065;4581747;77722;126;5084358;100896;24;0;0
FR;2;2021-09-20;7503;18703;3856;7;17026;6135;4;0;0;5420568;4600450;81578;133;5101384;107031;28;0;0
FR;2;2021-09-21;11215;29983;6495;5;26536;10744;3;0;0;5431783;4630433;88073;138;5127920;117775;31;0;0
FR;2;2021-09-22;9414;23546;5490;6;21194;8526;8;0;0;5441197;4653979;93563;144;5149114;126301;39;0;0
FR;2;2021-09-23;10730;28903;7881;10;24731;12646;10;0;0;5451927;4682882;101444;154;5173845;138947;49;0;0
FR;2;2021-09-24;15075;42945;10878;18;37280;17245;21;0;0;5467002;4725827;112322;172;5211125;156192;70;0;0
FR;2;2021-09-25;7258;18798;3965;9;17152;6120;3;0;0;5474260;4744625;116287;181;5228277;162312;73;0;0
FR;2;2021-09-26;1080;2544;495;0;2490;630;1;0;0;5475340;4747169;116782;181;5230767;162942;74;0;0
FR;2;2021-09-27;6311;16400;4287;8;14792;6533;2;0;0;5481651;4763569;121069;189;5245559;169475;76;0;0
FR;2;2021-09-28;9243;25571;7770;14;21720;12087;7;0;0;5490894;4789140;128839;203;5267279;181562;83;0;0
FR;2;2021-09-29;8081;20200;6067;25;17605;9261;8;0;0;5498975;4809340;134906;228;5284884;190823;91;0;0
FR;2;2021-09-30;9865;25838;9509;16;21639;14099;6;0;0;5508840;4835178;144415;244;5306523;204922;97;0;0
FR;2;2021-10-01;13979;35733;12921;25;30043;19328;9;0;0;5522819;4870911;157336;269;5336566;224250;106;0;0
FR;2;2021-10-02;6874;15934;4850;7;14227;7047;6;0;0;5529693;4886845;162186;276;5350793;231297;112;0;0
FR;2;2021-10-03;841;1909;492;1;1840;502;0;0;0;5530534;4888754;162678;277;5352633;231799;112;0;0
FR;2;2021-10-04;5826;13901;5516;5;12137;7854;6;0;0;5536360;4902655;168194;282;5364770;239653;118;0;0
FR;2;2021-10-05;9058;22570;11125;19;18530;15741;1;0;0;5545418;4925225;179319;301;5383300;255394;119;0;0
FR;2;2021-10-06;7785;17748;8243;11;15274;11091;4;0;0;5553203;4942973;187562;312;5398574;266485;123;0;0
FR;2;2021-10-07;9204;22212;12386;14;18005;16878;6;0;0;5562407;4965185;199948;326;5416579;283363;129;0;0
FR;2;2021-10-08;13432;32144;17349;28;26518;23609;11;0;0;5575839;4997329;217297;354;5443097;306972;140;0;0
FR;2;2021-10-09;6000;12847;6044;6;11381;7897;7;0;0;5581839;5010176;223341;360;5454478;314869;147;0;0
FR;2;2021-10-10;885;1592;436;2;1535;604;1;0;0;5582724;5011768;223777;362;5456013;315473;148;0;0
FR;2;2021-10-11;5607;11543;6455;17;9932;8828;3;0;0;5588331;5023311;230232;379;5465945;324301;151;0;0
FR;2;2021-10-12;8031;17789;12551;13;13921;16790;9;0;0;5596362;5041100;242783;392;5479866;341091;160;0;0
FR;2;2021-10-13;6947;14870;10256;12;11811;13663;7;0;0;5603309;5055970;253039;404;5491677;354754;167;0;0
FR;2;2021-10-14;8314;17941;14996;13;13558;19478;10;0;0;5611623;5073911;268035;417;5505235;374232;177;0;0
FR;2;2021-10-15;11856;26309;20902;26;19412;27981;4;0;0;5623479;5100220;288937;443;5524647;402213;181;0;0
FR;2;2021-10-16;5141;8728;1819;0;8172;3205;2;0;0;5628620;5108948;290756;443;5532819;405418;183;0;0
FR;2;2021-10-17;654;1150;185;0;1083;354;1;0;0;5629274;5110098;290941;443;5533902;405772;184;0;0
FR;2;2021-10-18;4564;7337;665;2;7243;1630;0;0;0;5633838;5117435;291606;445;5541145;407402;184;0;0
FR;2;2021-10-19;6239;9849;732;5;9656;2030;5;0;0;5640077;5127284;292338;450;5550801;409432;189;0;0
FR;2;2021-10-20;5170;8050;759;3;8172;1675;0;0;0;5645247;5135334;293097;453;5558973;411107;189;0;0
FR;2;2021-10-21;6090;9984;780;5;9841;2105;1;0;0;5651337;5145318;293877;458;5568814;413212;190;0;0
FR;2;2021-10-22;8452;14601;1151;4;14477;2891;2;0;0;5659789;5159919;295028;462;5583291;416103;192;0;0
FR;2;2021-10-23;3845;5994;587;0;6127;1235;3;0;0;5663634;5165913;295615;462;5589418;417338;195;0;0
FR;2;2021-10-24;494;882;101;0;900;204;0;0;0;5664128;5166795;295716;462;5590318;417542;195;0;0
FR;2;2021-10-25;3360;5342;307;1;5518;825;2;0;0;5667488;5172137;296023;463;5595836;418367;197;0;0
FR;2;2021-10-26;4177;7236;1134;4;7125;2023;5;0;0;5671665;5179373;297157;467;5602961;420390;202;0;0
FR;2;2021-10-27;3677;6586;1194;5;6448;1989;1;0;0;5675342;5185959;298351;472;5609409;422379;203;0;0
FR;2;2021-10-28;4597;7687;1737;3;7415;2746;1;0;0;5679939;5193646;300088;475;5616824;425125;204;0;0
FR;2;2021-10-29;5414;11082;2438;4;10692;3684;3;0;0;5685353;5204728;302526;479;5627516;428809;207;0;0
FR;2;2021-10-30;2749;4457;976;1;4452;1448;2;0;0;5688102;5209185;303502;480;5631968;430257;209;0;0
FR;2;2021-10-31;364;535;140;1;544;191;1;0;0;5688466;5209720;303642;481;5632512;430448;210;0;0
FR;2;2021-11-01;430;546;181;0;563;267;1;0;0;5688896;5210266;303823;481;5633075;430715;211;0;0
FR;2;2021-11-02;3294;6759;1184;0;6799;1771;5;0;0;5692190;5217025;305007;481;5639874;432486;216;0;0
FR;2;2021-11-03;3340;6226;1389;2;6311;1970;2;0;0;5695530;5223251;306396;483;5646185;434456;218;0;0
FR;2;2021-11-04;3987;7069;1769;4;7109;2495;3;0;0;5699517;5230320;308165;487;5653294;436951;221;0;0
FR;2;2021-11-05;5235;10502;2868;5;10215;3957;5;0;0;5704752;5240822;311033;492;5663509;440908;226;0;0
FR;2;2021-11-06;2597;4684;1407;0;4641;1824;2;0;0;5707349;5245506;312440;492;5668150;442732;228;0;0
FR;2;2021-11-07;506;862;221;0;869;291;2;0;0;5707855;5246368;312661;492;5669019;443023;230;0;0
FR;2;2021-11-08;2578;5348;1207;3;5268;1678;3;0;0;5710433;5251716;313868;495;5674287;444701;233;0;0
FR;2;2021-11-09;2749;6908;2402;5;6442;3182;2;0;0;5713182;5258624;316270;500;5680729;447883;235;0;0
FR;2;2021-11-10;2590;5668;5118;6;4761;6294;7;0;0;5715772;5264292;321388;506;5685490;454177;242;0;0
FR;2;2021-11-11;446;754;755;2;647;938;3;0;0;5716218;5265046;322143;508;5686137;455115;245;0;0
FR;2;2021-11-12;2953;8088;8982;8;6196;10933;9;0;0;5719171;5273134;331125;516;5692333;466048;254;0;0
FR;2;2021-11-13;1539;3373;3872;7;2721;4538;4;0;0;5720710;5276507;334997;523;5695054;470586;258;0;0
FR;2;2021-11-14;258;585;351;1;486;480;3;0;0;5720968;5277092;335348;524;5695540;471066;261;0;0
FR;2;2021-11-15;1621;3655;4449;8;2909;5329;16;0;0;5722589;5280747;339797;532;5698449;476395;277;0;0
FR;2;2021-11-16;2185;5875;8314;14;4152;10083;16;0;0;5724774;5286622;348111;546;5702601;486478;293;0;0
FR;2;2021-11-17;1740;4523;6634;8;3168;7852;5;0;0;5726514;5291145;354745;554;5705769;494330;298;0;0
FR;2;2021-11-18;2192;5920;9188;10;4018;11018;8;0;0;5728706;5297065;363933;564;5709787;505348;306;0;0
FR;2;2021-11-19;2701;7752;12981;19;4832;15480;12;0;0;5731407;5304817;376914;583;5714619;520828;318;0;0
FR;2;2021-11-20;1566;3332;5184;5;2350;6097;3;0;0;5732973;5308149;382098;588;5716969;526925;321;0;0
FR;2;2021-11-21;251;504;543;0;393;656;3;0;0;5733224;5308653;382641;588;5717362;527581;324;0;0
FR;2;2021-11-22;1278;2571;4485;5;1674;5397;9;0;0;5734502;5311224;387126;593;5719036;532978;333;0;0
FR;2;2021-11-23;1617;4277;8207;9;2536;9923;6;0;0;5736119;5315501;395333;602;5721572;542901;339;0;0
FR;2;2021-11-24;1421;3747;7486;14;2246;8736;9;0;0;5737540;5319248;402819;616;5723818;551637;348;0;0
FR;2;2021-11-25;1814;4863;11474;21;2682;13668;6;0;0;5739354;5324111;414293;637;5726500;565305;354;0;0
FR;2;2021-11-26;2541;7735;22676;31;3812;26091;14;0;0;5741895;5331846;436969;668;5730312;591396;368;0;0
FR;2;2021-11-27;1498;4144;12278;19;2127;14042;13;0;0;5743393;5335990;449247;687;5732439;605438;381;0;0
FR;2;2021-11-28;292;836;1976;3;478;2303;5;0;0;5743685;5336826;451223;690;5732917;607741;386;0;0
FR;2;2021-11-29;1449;4349;15099;23;2010;17269;25;0;0;5745134;5341175;466322;713;5734927;625010;411;0;0
FR;2;2021-11-30;1913;6658;26251;36;2640;30013;22;0;0;5747047;5347833;492573;749;5737567;655023;433;0;0
FR;2;2021-12-01;1918;6006;26210;31;2477;29518;20;0;0;5748965;5353839;518783;780;5740044;684541;453;0;0
FR;2;2021-12-02;1916;6780;37736;52;2112;41995;32;0;0;5750881;5360619;556519;832;5742156;726536;485;0;0
FR;2;2021-12-03;2558;10069;53644;111;3592;59391;31;0;0;5753439;5370688;610163;943;5745748;785927;516;0;0
FR;2;2021-12-04;1850;6275;37132;38;2185;40820;16;0;0;5755289;5376963;647295;981;5747933;826747;532;0;0
FR;2;2021-12-05;458;2242;14265;14;533;15990;7;0;0;5755747;5379205;661560;995;5748466;842737;539;0;0
FR;2;2021-12-06;2486;9848;77735;109;2698;84788;25;0;0;5758233;5389053;739295;1104;5751164;927525;564;0;0
FR;2;2021-12-07;3458;15288;122473;238;3742;133795;40;0;0;5761691;5404341;861768;1342;5754906;1061320;604;0;0
FR;2;2021-12-08;3725;15969;133225;330;3847;145413;54;0;0;5765416;5420310;994993;1672;5758753;1206733;658;0;0
FR;2;2021-12-09;4547;19624;170241;554;4165;185638;61;0;0;5769963;5439934;1165234;2226;5762918;1392371;719;0;0
FR;2;2021-12-10;4676;22804;188699;490;5011;206188;69;0;0;5774639;5462738;1353933;2716;5767929;1598559;788;0;0
FR;2;2021-12-11;3688;16621;132468;239;3664;144936;60;0;0;5778327;5479359;1486401;2955;5771593;1743495;848;0;0
FR;2;2021-12-12;1256;7119;59116;83;1016;65169;12;0;0;5779583;5486478;1545517;3038;5772609;1808664;860;0;0
FR;2;2021-12-13;5529;26811;220733;605;5223;243029;159;0;0;5785112;5513289;1766250;3643;5777832;2051693;1019;0;0
FR;2;2021-12-14;7019;37458;300806;909;6136;332278;190;0;0;5792131;5550747;2067056;4552;5783968;2383971;1209;0;0
FR;2;2021-12-15;6555;36216;285264;958;5866;315903;186;0;0;5798686;5586963;2352320;5510;5789834;2699874;1395;0;0
FR;2;2021-12-16;7765;37922;312178;982;6565;343819;186;0;0;5806451;5624885;2664498;6492;5796399;3043693;1581;0;0
FR;2;2021-12-17;8681;41188;327909;976;8021;360985;232;0;0;5815132;5666073;2992407;7468;5804420;3404678;1813;0;0
FR;2;2021-12-18;6515;26527;212374;448;4904;233673;120;0;0;5821647;5692600;3204781;7916;5809324;3638351;1933;0;0
FR;2;2021-12-19;2603;11403;90226;182;1655;100356;26;0;0;5824250;5704003;3295007;8098;5810979;3738707;1959;0;0
FR;2;2021-12-20;9548;33516;275258;707;6587;303404;209;0;0;5833798;5737519;3570265;8805;5817566;4042111;2168;0;0
FR;2;2021-12-21;11567;38270;309662;968;7370;341437;262;0;0;5845365;5775789;3879927;9773;5824936;4383548;2430;0;0
FR;2;2021-12-22;10461;32775;265147;952;6442;292502;316;0;1;5855826;5808564;4145074;10725;5831378;4676050;2746;0;1
FR;2;2021-12-23;9426;26619;199534;701;5874;221293;225;0;0;5865252;5835183;4344608;11426;5837252;4897343;2971;0;1
FR;2;2021-12-24;2783;7466;43866;140;2036;49561;78;0;0;5868035;5842649;4388474;11566;5839288;4946904;3049;0;1
FR;2;2021-12-25;201;670;2003;10;209;2477;15;0;0;5868236;5843319;4390477;11576;5839497;4949381;3064;0;1
FR;2;2021-12-26;1320;4215;25161;71;1052;28693;70;0;0;5869556;5847534;4415638;11647;5840549;4978074;3134;0;1
FR;2;2021-12-27;8076;29928;218437;659;6623;243388;294;0;0;5877632;5877462;4634075;12306;5847172;5221462;3428;0;1
FR;2;2021-12-28;9832;36287;272116;742;6982;302014;957;0;1;5887464;5913749;4906191;13048;5854154;5523476;4385;0;2
FR;2;2021-12-29;9498;32218;246151;765;6402;272697;1088;0;0;5896962;5945967;5152342;13813;5860556;5796173;5473;0;2
FR;2;2021-12-30;9464;28091;208839;663;5970;231479;1155;0;0;5906426;5974058;5361181;14476;5866526;6027652;6628;0;2
FR;2;2021-12-31;3011;8341;54991;176;2170;61233;392;0;0;5909437;5982399;5416172;14652;5868696;6088885;7020;0;2
FR;2;2022-01-01;231;693;2858;7;207;3353;29;0;0;5909668;5983092;5419030;14659;5868903;6092238;7049;0;2
FR;2;2022-01-02;1503;4859;29524;76;1166;33418;217;0;0;5911171;5987951;5448554;14735;5870069;6125656;7266;0;2
FR;2;2022-01-03;9606;35394;266544;806;8498;293919;1672;0;0;5920777;6023345;5715098;15541;5878567;6419575;8938;0;2
FR;2;2022-01-04;12857;45402;342103;1068;9970;377043;2458;0;1;5933634;6068747;6057201;16609;5888537;6796618;11396;0;3
FR;2;2022-01-05;11273;38626;294222;884;8635;323855;2154;0;2;5944907;6107373;6351423;17493;5897172;7120473;13550;0;5
FR;2;2022-01-06;13653;43488;331957;1298;9933;364768;2977;0;1;5958560;6150861;6683380;18791;5907105;7485241;16527;0;6
FR;2;2022-01-07;14224;47606;361123;1271;11232;396464;3159;0;0;5972784;6198467;7044503;20062;5918337;7881705;19686;0;6
FR;2;2022-01-08;7946;28137;201276;515;7209;221703;1531;0;2;5980730;6226604;7245779;20577;5925546;8103408;21217;0;8
FR;2;2022-01-09;2749;8946;62531;137;2069;69497;493;0;0;5983479;6235550;7308310;20714;5927615;8172905;21710;0;8
FR;2;2022-01-10;10100;31906;232509;859;8901;255084;2460;0;0;5993579;6267456;7540819;21573;5936516;8427989;24170;0;8
FR;2;2022-01-11;11466;36236;265947;1030;10055;290653;3380;0;1;6005045;6303692;7806766;22603;5946571;8718642;27550;0;9
FR;2;2022-01-12;8766;29788;206336;863;8717;226178;2798;0;5;6013811;6333480;8013102;23466;5955288;8944820;30348;0;14
FR;2;2022-01-13;9387;31337;224510;831;9038;244858;3463;0;4;6023198;6364817;8237612;24297;5964326;9189678;33811;0;18
FR;2;2022-01-14;9746;35575;254551;920;9842;277655;3979;0;1;6032944;6400392;8492163;25217;5974168;9467333;37790;0;19
FR;2;2022-01-15;5361;19443;140787;363;5321;153647;1929;0;0;6038305;6419835;8632950;25580;5979489;9620980;39719;0;19
FR;2;2022-01-16;1512;5457;35892;81;1619;39818;424;0;0;6039817;6425292;8668842;25661;5981108;9660798;40143;0;19
FR;2;2022-01-17;5546;19264;135421;601;6600;147263;2264;0;2;6045363;6444556;8804263;26262;5987708;9808061;42407;0;21
FR;2;2022-01-18;6422;21480;148647;648;7519;160471;3311;0;0;6051785;6466036;8952910;26910;5995227;9968532;45718;0;21
FR;2;2022-01-19;4398;16304;105112;552;6206;113702;2411;0;1;6056183;6482340;9058022;27462;6001433;10082234;48129;0;22
FR;2;2022-01-20;4873;17573;115304;603;7068;123695;3111;0;2;6061056;6499913;9173326;28065;6008501;10205929;51240;0;24
FR;2;2022-01-21;5198;20041;137357;679;7169;147775;3455;0;1;6066254;6519954;9310683;28744;6015670;10353704;54695;0;25
FR;2;2022-01-22;3033;10956;74265;260;3956;80339;1428;0;0;6069287;6530910;9384948;29004;6019626;10434043;56123;0;25
FR;2;2022-01-23;724;2707;15243;41;1055;16826;238;0;0;6070011;6533617;9400191;29045;6020681;10450869;56361;0;25
FR;2;2022-01-24;3292;12793;75084;431;5843;81019;1994;0;2;6073303;6546410;9475275;29476;6026524;10531888;58355;0;27
FR;2;2022-01-25;3575;14404;79637;496;6650;85462;2879;0;4;6076878;6560814;9554912;29972;6033174;10617350;61234;0;31
FR;2;2022-01-26;2515;10702;58986;363;5331;63035;1958;0;1;6079393;6571516;9613898;30335;6038505;10680385;63192;0;32
FR;2;2022-01-27;2684;11386;64185;391;5738;67972;2462;0;1;6082077;6582902;9678083;30726;6044243;10748357;65654;0;33
FR;2;2022-01-28;3551;18258;91730;430;8612;98907;3399;0;1;6085628;6601160;9769813;31156;6052855;10847264;69053;0;34
FR;2;2022-01-29;1896;9234;48856;164;4170;52929;1374;0;1;6087524;6610394;9818669;31320;6057025;10900193;70427;0;35
FR;2;2022-01-30;464;2206;9457;38;1049;10584;203;0;0;6087988;6612600;9828126;31358;6058074;10910777;70630;0;35
FR;2;2022-01-31;1891;9552;43834;209;4710;47322;1886;0;2;6089879;6622152;9871960;31567;6062784;10958099;72516;0;37
FR;2;2022-02-01;1916;10020;47030;279;4797;50080;2707;0;0;6091795;6632172;9918990;31846;6067581;11008179;75223;0;37
FR;2;2022-02-02;1614;8971;41124;250;4191;44147;2189;0;1;6093409;6641143;9960114;32096;6071772;11052326;77412;0;38
FR;2;2022-02-03;1732;8930;40526;205;4370;42911;2640;0;2;6095141;6650073;10000640;32301;6076142;11095237;80052;0;40
FR;2;2022-02-04;2151;15170;66648;299;7382;71317;3670;0;1;6097292;6665243;10067288;32600;6083524;11166554;83722;0;41
FR;2;2022-02-05;1360;8517;35948;132;4214;39220;1369;0;0;6098652;6673760;10103236;32732;6087738;11205774;85091;0;41
FR;2;2022-02-06;275;1761;6130;16;842;6899;217;0;0;6098927;6675521;10109366;32748;6088580;11212673;85308;0;41
FR;2;2022-02-07;1352;9543;37760;134;4535;41288;1888;0;2;6100279;6685064;10147126;32882;6093115;11253961;87196;0;43
FR;2;2022-02-08;1299;9833;40956;173;4645;43750;2741;0;1;6101578;6694897;10188082;33055;6097760;11297711;89937;0;44
FR;2;2022-02-09;1160;8841;37040;174;3804;40465;1901;0;2;6102738;6703738;10225122;33229;6101564;11338176;91838;0;46
FR;2;2022-02-10;1030;8001;33837;204;3605;36511;2051;0;1;6103768;6711739;10258959;33433;6105169;11374687;93889;0;47
FR;2;2022-02-11;1391;12087;53348;223;5282;57702;2888;0;0;6105159;6723826;10312307;33656;6110451;11432389;96777;0;47
FR;2;2022-02-12;753;6535;27989;86;2792;30808;1113;0;2;6105912;6730361;10340296;33742;6113243;11463197;97890;0;49
FR;2;2022-02-13;200;1340;4836;20;562;5577;141;0;0;6106112;6731701;10345132;33762;6113805;11468774;98031;0;49
FR;2;2022-02-14;836;6732;30274;92;2599;33233;1399;0;1;6106948;6738433;10375406;33854;6116404;11502007;99430;0;50
FR;2;2022-02-15;773;6473;28051;140;2801;29994;1965;0;2;6107721;6744906;10403457;33994;6119205;11532001;101395;0;52
FR;2;2022-02-16;657;5363;22069;124;2529;23635;1569;0;3;6108378;6750269;10425526;34118;6121734;11555636;102964;0;55
FR;2;2022-02-17;518;3786;14152;98;2131;14617;1406;0;2;6108896;6754055;10439678;34216;6123865;11570253;104370;0;57
FR;2;2022-02-18;723;5369;20443;134;3041;21130;1895;0;0;6109619;6759424;10460121;34350;6126906;11591383;106265;0;57
FR;2;2022-02-19;431;3061;10533;66;1699;11247;753;0;2;6110050;6762485;10470654;34416;6128605;11602630;107018;0;59
FR;2;2022-02-20;102;520;1463;3;314;1613;100;0;0;6110152;6763005;10472117;34419;6128919;11604243;107118;0;59
FR;2;2022-02-21;423;2685;9122;65;1569;9499;930;0;0;6110575;6765690;10481239;34484;6130488;11613742;108048;0;59
FR;2;2022-02-22;393;2568;8894;77;1622;8797;1180;0;0;6110968;6768258;10490133;34561;6132110;11622539;109228;0;59
FR;2;2022-02-23;432;2605;8992;82;1522;9269;1022;0;0;6111400;6770863;10499125;34643;6133632;11631808;110250;0;59
FR;2;2022-02-24;314;2039;6805;82;1251;6835;870;0;0;6111714;6772902;10505930;34725;6134883;11638643;111120;0;59
FR;2;2022-02-25;456;3210;11424;107;1979;11287;1560;0;3;6112170;6776112;10517354;34832;6136862;11649930;112680;0;62
FR;2;2022-02-26;297;1892;6038;49;1161;6345;587;0;1;6112467;6778004;10523392;34881;6138023;11656275;113267;0;63
FR;2;2022-02-27;76;313;908;5;214;951;98;0;0;6112543;6778317;10524300;34886;6138237;11657226;113365;0;63
FR;2;2022-02-28;332;1689;5525;53;1088;5531;733;0;0;6112875;6780006;10529825;34939;6139325;11662757;114098;0;63
FR;2;2022-03-01;279;1569;5484;46;952;5201;964;0;2;6113154;6781575;10535309;34985;6140277;11667958;115062;0;65
FR;2;2022-03-02;298;1446;5248;46;878;5092;816;0;1;6113452;6783021;10540557;35031;6141155;11673050;115878;0;66
FR;2;2022-03-03;226;1112;3709;42;721;3486;668;0;1;6113678;6784133;10544266;35073;6141876;11676536;116546;0;67
FR;2;2022-03-04;243;1469;4860;74;983;4506;950;0;1;6113921;6785602;10549126;35147;6142859;11681042;117496;0;68
FR;2;2022-03-05;174;906;2981;34;613;2725;561;0;0;6114095;6786508;10552107;35181;6143472;11683767;118057;0;68
FR;2;2022-03-06;42;188;280;5;110;320;52;0;0;6114137;6786696;10552387;35186;6143582;11684087;118109;0;68
FR;2;2022-03-07;157;659;1989;70;491;1779;472;0;0;6114294;6787355;10554376;35256;6144073;11685866;118581;0;68
FR;2;2022-03-08;144;670;2273;53;461;1908;619;0;0;6114438;6788025;10556649;35309;6144534;11687774;119200;0;68
FR;2;2022-03-09;156;709;2351;37;473;2052;617;0;0;6114594;6788734;10559000;35346;6145007;11689826;119817;0;68
FR;2;2022-03-10;123;603;1695;35;446;1470;456;0;1;6114717;6789337;10560695;35381;6145453;11691296;120273;0;69
FR;2;2022-03-11;172;757;2770;57;505;2369;737;0;1;6114889;6790094;10563465;35438;6145958;11693665;121010;0;70
FR;2;2022-03-12;149;485;1787;27;331;1557;450;0;0;6115038;6790579;10565252;35465;6146289;11695222;121460;0;70
FR;2;2022-03-13;25;75;203;30;45;204;69;0;0;6115063;6790654;10565455;35495;6146334;11695426;121529;0;70
FR;2;2022-03-14;129;470;1572;529;333;1301;951;0;0;6115192;6791124;10567027;36024;6146667;11696727;122480;0;70
FR;2;2022-03-15;139;441;1713;691;333;1333;1186;0;1;6115331;6791565;10568740;36715;6147000;11698060;123666;0;71
FR;2;2022-03-16;142;476;2013;1616;331;1593;2160;0;2;6115473;6792041;10570753;38331;6147331;11699653;125826;0;73
FR;2;2022-03-17;95;413;1412;1192;273;1148;1576;0;1;6115568;6792454;10572165;39523;6147604;11700801;127402;0;74
FR;2;2022-03-18;147;496;2026;1795;335;1669;2313;0;1;6115715;6792950;10574191;41318;6147939;11702470;129715;0;75
FR;2;2022-03-19;108;321;1210;941;219;1015;1259;0;0;6115823;6793271;10575401;42259;6148158;11703485;130974;0;75
FR;2;2022-03-20;13;77;191;59;39;168;115;0;0;6115836;6793348;10575592;42318;6148197;11703653;131089;0;75
FR;2;2022-03-21;98;307;1218;1483;181;1081;1760;0;1;6115934;6793655;10576810;43801;6148378;11704734;132849;0;76
FR;2;2022-03-22;118;391;1533;1830;244;1294;2219;0;0;6116052;6794046;10578343;45631;6148622;11706028;135068;0;76
FR;2;2022-03-23;137;362;1684;3032;232;1475;3374;0;6;6116189;6794408;10580027;48663;6148854;11707503;138442;0;82
FR;2;2022-03-24;117;293;1183;1548;186;1001;1814;0;8;6116306;6794701;10581210;50211;6149040;11708504;140256;0;90
FR;2;2022-03-25;119;361;1807;2451;238;1477;2837;0;8;6116425;6795062;10583017;52662;6149278;11709981;143093;0;98
FR;2;2022-03-26;79;247;1205;1222;138;953;1531;0;5;6116504;6795309;10584222;53884;6149416;11710934;144624;0;103
FR;2;2022-03-27;19;36;154;100;19;133;144;0;0;6116523;6795345;10584376;53984;6149435;11711067;144768;0;103
FR;2;2022-03-28;94;290;1140;1602;189;996;1835;0;6;6116617;6795635;10585516;55586;6149624;11712063;146603;0;109
FR;2;2022-03-29;108;258;1325;2467;167;1105;2760;0;4;6116725;6795893;10586841;58053;6149791;11713168;149363;0;113
FR;2;2022-03-30;91;312;1489;3187;163;1320;3424;0;2;6116816;6796205;10588330;61240;6149954;11714488;152787;0;115
FR;2;2022-03-31;104;284;1277;2332;171;1092;2616;0;3;6116920;6796489;10589607;63572;6150125;11715580;155403;0;118
FR;2;2022-04-01;123;324;1568;2349;164;1323;2667;0;7;6117043;6796813;10591175;65921;6150289;11716903;158070;0;125
FR;2;2022-04-02;81;161;845;891;83;737;1052;0;1;6117124;6796974;10592020;66812;6150372;11717640;159122;0;126
FR;2;2022-04-03;16;53;128;113;27;142;133;0;1;6117140;6797027;10592148;66925;6150399;11717782;159255;0;127
FR;2;2022-04-04;114;249;990;1447;151;799;1693;0;5;6117254;6797276;10593138;68372;6150550;11718581;160948;0;132
FR;2;2022-04-05;143;302;1322;2921;162;1150;3150;0;17;6117397;6797578;10594460;71293;6150712;11719731;164098;0;149
FR;2;2022-04-06;89;261;1308;2522;129;1131;2687;0;10;6117486;6797839;10595768;73815;6150841;11720862;166785;0;159
FR;2;2022-04-07;120;230;1303;2682;141;1042;2958;0;8;6117606;6798069;10597071;76497;6150982;11721904;169743;0;167
FR;2;2022-04-08;126;346;1636;3351;182;1328;3642;0;12;6117732;6798415;10598707;79848;6151164;11723232;173385;0;179
FR;2;2022-04-09;90;219;900;1046;144;732;1288;0;4;6117822;6798634;10599607;80894;6151308;11723964;174673;0;183
FR;2;2022-04-10;37;49;143;162;46;119;200;0;1;6117859;6798683;10599750;81056;6151354;11724083;174873;0;184
FR;2;2022-04-11;88;196;892;1560;122;782;1718;0;6;6117947;6798879;10600642;82616;6151476;11724865;176591;0;190
FR;2;2022-04-12;176;273;1183;2770;175;1062;2903;0;8;6118123;6799152;10601825;85386;6151651;11725927;179494;0;198
FR;2;2022-04-13;147;232;1125;2477;111;989;2671;0;11;6118270;6799384;10602950;87863;6151762;11726916;182165;0;209
FR;2;2022-04-14;116;227;1085;2677;114;919;2911;0;18;6118386;6799611;10604035;90540;6151876;11727835;185076;0;227
FR;2;2022-04-15;114;261;1221;2304;131;1078;2544;0;7;6118500;6799872;10605256;92844;6152007;11728913;187620;0;234
FR;2;2022-04-16;67;108;548;549;68;459;675;0;9;6118567;6799980;10605804;93393;6152075;11729372;188295;0;243
FR;2;2022-04-17;15;28;57;53;17;53;71;0;0;6118582;6800008;10605861;93446;6152092;11729425;188366;0;243
FR;2;2022-04-18;12;35;121;70;18;116;95;0;0;6118594;6800043;10605982;93516;6152110;11729541;188461;0;243
FR;2;2022-04-19;112;237;1120;1750;149;951;1934;0;9;6118706;6800280;10607102;95266;6152259;11730492;190395;0;252
FR;2;2022-04-20;95;243;1110;2172;127;934;2366;0;14;6118801;6800523;10608212;97438;6152386;11731426;192761;0;266
FR;2;2022-04-21;111;233;983;1912;125;838;2141;0;10;6118912;6800756;10609195;99350;6152511;11732264;194902;0;276
FR;2;2022-04-22;100;276;1243;2102;141;1024;2440;0;11;6119012;6801032;10610438;101452;6152652;11733288;197342;0;287
FR;2;2022-04-23;67;156;645;762;107;574;862;0;8;6119079;6801188;10611083;102214;6152759;11733862;198204;0;295
FR;2;2022-04-24;12;30;101;68;12;79;100;0;0;6119091;6801218;10611184;102282;6152771;11733941;198304;0;295
FR;2;2022-04-25;104;204;822;1329;103;711;1528;0;15;6119195;6801422;10612006;103611;6152874;11734652;199832;0;310
FR;2;2022-04-26;110;184;1041;2022;118;879;2219;0;18;6119305;6801606;10613047;105633;6152992;11735531;202051;0;328
FR;2;2022-04-27;98;181;860;1787;122;764;1809;0;7;6119403;6801787;10613907;107420;6153114;11736295;203860;0;335
FR;2;2022-04-28;93;214;949;1931;128;842;2087;0;12;6119496;6802001;10614856;109351;6153242;11737137;205947;0;347
FR;2;2022-04-29;81;282;1133;1697;131;1044;1876;0;11;6119577;6802283;10615989;111048;6153373;11738181;207823;0;358
FR;2;2022-04-30;66;127;471;540;80;430;628;0;9;6119643;6802410;10616460;111588;6153453;11738611;208451;0;367
FR;2;2022-05-01;24;24;84;49;20;85;61;0;1;6119667;6802434;10616544;111637;6153473;11738696;208512;0;368
FR;2;2022-05-02;115;232;764;1217;141;662;1375;0;5;6119782;6802666;10617308;112854;6153614;11739358;209887;0;373
FR;2;2022-05-03;153;233;999;1781;156;938;1895;0;14;6119935;6802899;10618307;114635;6153770;11740296;211782;0;387
FR;2;2022-05-04;90;226;926;1811;116;869;1822;0;13;6120025;6803125;10619233;116446;6153886;11741165;213604;0;400
FR;2;2022-05-05;127;198;857;1732;147;774;1848;0;10;6120152;6803323;10620090;118178;6154033;11741939;215452;0;410
FR;2;2022-05-06;133;246;1100;1855;139;1016;2052;0;16;6120285;6803569;10621190;120033;6154172;11742955;217504;0;426
FR;2;2022-05-07;40;99;470;504;61;406;593;0;4;6120325;6803668;10621660;120537;6154233;11743361;218097;0;430
FR;2;2022-05-08;48;54;107;71;41;102;101;0;0;6120373;6803722;10621767;120608;6154274;11743463;218198;0;430
FR;2;2022-05-09;101;174;654;986;103;604;1130;0;9;6120474;6803896;10622421;121594;6154377;11744067;219328;0;439
FR;2;2022-05-10;121;252;938;1841;155;893;1965;0;23;6120595;6804148;10623359;123435;6154532;11744960;221293;0;462
FR;2;2022-05-11;103;179;816;1879;117;795;1868;0;8;6120698;6804327;10624175;125314;6154649;11745755;223161;0;470
FR;2;2022-05-12;111;174;845;2096;116;803;2213;0;21;6120809;6804501;10625020;127410;6154765;11746558;225374;0;491
FR;2;2022-05-13;100;236;969;2097;122;900;2273;0;13;6120909;6804737;10625989;129507;6154887;11747458;227647;0;504
FR;2;2022-05-14;76;124;451;553;93;411;632;0;6;6120985;6804861;10626440;130060;6154980;11747869;228279;0;510
FR;2;2022-05-15;24;39;94;88;20;108;95;0;1;6121009;6804900;10626534;130148;6155000;11747977;228374;0;511
FR;2;2022-05-16;102;171;601;925;116;537;1037;0;11;6121111;6805071;10627135;131073;6155116;11748514;229411;0;522
FR;2;2022-05-17;95;184;690;1687;119;658;1739;0;8;6121206;6805255;10627825;132760;6155235;11749172;231150;0;530
FR;2;2022-05-18;80;181;643;1431;97;648;1486;0;10;6121286;6805436;10628468;134191;6155332;11749820;232636;0;540
FR;2;2022-05-19;73;161;710;1830;81;752;1816;0;12;6121359;6805597;10629178;136021;6155413;11750572;234452;0;552
FR;2;2022-05-20;107;181;874;1701;111;779;1849;0;17;6121466;6805778;10630052;137722;6155524;11751351;236301;0;569
FR;2;2022-05-21;48;96;398;517;71;339;581;0;8;6121514;6805874;10630450;138239;6155595;11751690;236882;0;577
FR;2;2022-05-22;8;23;69;37;18;57;56;0;0;6121522;6805897;10630519;138276;6155613;11751747;236938;0;577
FR;2;2022-05-23;86;133;498;931;100;469;967;0;7;6121608;6806030;10631017;139207;6155713;11752216;237905;0;584
FR;2;2022-05-24;87;164;627;1626;103;615;1680;0;17;6121695;6806194;10631644;140833;6155816;11752831;239585;0;601
FR;2;2022-05-25;72;146;539;1149;90;494;1260;0;5;6121767;6806340;10632183;141982;6155906;11753325;240845;0;606
FR;2;2022-05-26;12;31;77;45;13;85;56;0;1;6121779;6806371;10632260;142027;6155919;11753410;240901;0;607
FR;2;2022-05-27;44;124;456;818;68;438;893;0;9;6121823;6806495;10632716;142845;6155987;11753848;241794;0;616
FR;2;2022-05-28;28;60;221;244;29;221;266;0;1;6121851;6806555;10632937;143089;6156016;11754069;242060;0;617
FR;2;2022-05-29;13;34;43;25;22;51;28;0;0;6121864;6806589;10632980;143114;6156038;11754120;242088;0;617
FR;2;2022-05-30;65;109;425;755;60;410;806;0;6;6121929;6806698;10633405;143869;6156098;11754530;242894;0;623
FR;2;2022-05-31;76;135;564;1278;92;511;1304;0;12;6122005;6806833;10633969;145147;6156190;11755041;244198;0;635
FR;2;2022-06-01;59;160;564;1075;86;543;1170;0;6;6122064;6806993;10634533;146222;6156276;11755584;245368;0;641
FR;2;2022-06-02;92;178;626;1415;109;593;1521;0;12;6122156;6807171;10635159;147637;6156385;11756177;246889;0;653
FR;2;2022-06-03;71;157;668;1605;96;595;1694;0;19;6122227;6807328;10635827;149242;6156481;11756772;248583;0;672
FR;2;2022-06-04;69;93;283;434;66;269;476;0;11;6122296;6807421;10636110;149676;6156547;11757041;249059;0;683
FR;2;2022-06-05;12;17;63;58;16;47;75;0;1;6122308;6807438;10636173;149734;6156563;11757088;249134;0;684
FR;2;2022-06-06;12;41;93;76;30;92;81;0;4;6122320;6807479;10636266;149810;6156593;11757180;249215;0;688
FR;2;2022-06-07;99;222;667;1535;154;577;1661;0;10;6122419;6807701;10636933;151345;6156747;11757757;250876;0;698
FR;2;2022-06-08;70;119;477;1166;76;411;1262;0;5;6122489;6807820;10637410;152511;6156823;11758168;252138;0;703
FR;2;2022-06-09;93;167;613;1923;108;571;1927;0;18;6122582;6807987;10638023;154434;6156931;11758739;254065;0;721
FR;2;2022-06-10;93;168;650;1683;107;622;1774;0;23;6122675;6808155;10638673;156117;6157038;11759361;255839;0;744
FR;2;2022-06-11;44;85;287;529;42;258;583;0;5;6122719;6808240;10638960;156646;6157080;11759619;256422;0;749
FR;2;2022-06-12;18;38;58;78;27;60;78;0;0;6122737;6808278;10639018;156724;6157107;11759679;256500;0;749
FR;2;2022-06-13;39;121;395;953;63;379;1021;0;6;6122776;6808399;10639413;157677;6157170;11760058;257521;0;755
FR;2;2022-06-14;68;157;599;2088;101;537;2189;0;14;6122844;6808556;10640012;159765;6157271;11760595;259710;0;769
FR;2;2022-06-15;78;104;522;1504;84;444;1641;0;10;6122922;6808660;10640534;161269;6157355;11761039;261351;0;779
FR;2;2022-06-16;127;128;497;1411;123;424;1526;0;12;6123049;6808788;10641031;162680;6157478;11761463;262877;0;791
FR;2;2022-06-17;73;138;589;1817;88;516;1921;0;16;6123122;6808926;10641620;164497;6157566;11761979;264798;0;807
FR;2;2022-06-18;76;93;224;579;81;196;630;0;4;6123198;6809019;10641844;165076;6157647;11762175;265428;0;811
FR;2;2022-06-19;11;17;53;71;7;41;90;0;2;6123209;6809036;10641897;165147;6157654;11762216;265518;0;813
FR;2;2022-06-20;62;125;401;1028;72;392;1105;0;10;6123271;6809161;10642298;166175;6157726;11762608;266623;0;823
FR;2;2022-06-21;108;116;526;2127;105;455;2164;0;22;6123379;6809277;10642824;168302;6157831;11763063;268787;0;845
FR;2;2022-06-22;39;110;462;1889;57;415;1971;0;25;6123418;6809387;10643286;170191;6157888;11763478;270758;0;870
FR;2;2022-06-23;58;109;537;2282;68;452;2400;0;30;6123476;6809496;10643823;172473;6157956;11763930;273158;0;900
FR;2;2022-06-24;66;122;709;3199;65;571;3339;0;38;6123542;6809618;10644532;175672;6158021;11764501;276497;0;938
FR;2;2022-06-25;30;90;298;988;55;254;1041;0;13;6123572;6809708;10644830;176660;6158076;11764755;277538;0;951
FR;2;2022-06-26;30;27;131;194;29;97;236;0;5;6123602;6809735;10644961;176854;6158105;11764852;277774;0;956
FR;2;2022-06-27;79;137;582;2490;94;483;2623;0;39;6123681;6809872;10645543;179344;6158199;11765335;280397;0;995
FR;2;2022-06-28;110;140;812;4817;81;650;4894;0;54;6123791;6810012;10646355;184161;6158280;11765985;285291;0;1049
FR;2;2022-06-29;73;150;776;4436;80;637;4532;0;56;6123864;6810162;10647131;188597;6158360;11766622;289823;0;1105
FR;2;2022-06-30;72;133;834;5177;71;619;5398;0;79;6123936;6810295;10647965;193774;6158431;11767241;295221;0;1184
FR;2;2022-07-01;113;161;1152;6692;95;853;6944;0;92;6124049;6810456;10649117;200466;6158526;11768094;302165;0;1276
FR;2;2022-07-02;69;132;474;1977;82;392;2068;0;27;6124118;6810588;10649591;202443;6158608;11768486;304233;0;1303
FR;2;2022-07-03;23;30;147;334;21;131;357;0;8;6124141;6810618;10649738;202777;6158629;11768617;304590;0;1311
FR;2;2022-07-04;122;184;776;3785;113;612;3971;0;49;6124263;6810802;10650514;206562;6158742;11769229;308561;0;1360
FR;2;2022-07-05;119;187;1121;6818;121;828;6999;0;85;6124382;6810989;10651635;213380;6158863;11770057;315560;0;1445
FR;2;2022-07-06;92;152;951;5807;94;698;5933;0;84;6124474;6811141;10652586;219187;6158957;11770755;321493;0;1529
FR;2;2022-07-07;81;185;1021;6501;116;752;6732;0;101;6124555;6811326;10653607;225688;6159073;11771507;328225;0;1630
FR;2;2022-07-08;65;122;1095;7044;51;758;7235;0;123;6124620;6811448;10654702;232732;6159124;11772265;335460;0;1753
FR;2;2022-07-09;34;62;417;1869;31;299;1919;0;33;6124654;6811510;10655119;234601;6159155;11772564;337379;0;1786
FR;2;2022-07-10;7;17;97;315;8;83;327;0;5;6124661;6811527;10655216;234916;6159163;11772647;337706;0;1791
FR;2;2022-07-11;68;121;683;3826;76;541;3901;0;67;6124729;6811648;10655899;238742;6159239;11773188;341607;0;1858
FR;2;2022-07-12;102;180;1054;6517;107;809;6725;0;119;6124831;6811828;10656953;245259;6159346;11773997;348332;0;1977
FR;2;2022-07-13;65;127;879;4664;75;591;4830;0;78;6124896;6811955;10657832;249923;6159421;11774588;353162;0;2055
FR;2;2022-07-14;6;13;89;250;8;60;269;0;8;6124902;6811968;10657921;250173;6159429;11774648;353431;0;2063
FR;2;2022-07-15;61;129;739;3795;53;560;3961;0;75;6124963;6812097;10658660;253968;6159482;11775208;357392;0;2138
FR;2;2022-07-16;27;54;289;1031;30;242;1077;0;25;6124990;6812151;10658949;254999;6159512;11775450;358469;0;2163
FR;2;2022-07-17;5;12;78;201;6;67;207;0;6;6124995;6812163;10659027;255200;6159518;11775517;358676;0;2169
FR;2;2022-07-18;57;103;514;2510;61;385;2648;0;59;6125052;6812266;10659541;257710;6159579;11775902;361324;0;2228
FR;2;2022-07-19;66;133;770;4258;72;555;4447;0;72;6125118;6812399;10660311;261968;6159651;11776457;365771;0;2300
FR;2;2022-07-20;59;117;582;3179;68;430;3278;0;87;6125177;6812516;10660893;265147;6159719;11776887;369049;0;2387
FR;2;2022-07-21;60;110;673;3680;73;487;3797;0;105;6125237;6812626;10661566;268827;6159792;11777374;372846;0;2492
FR;2;2022-07-22;51;100;700;3550;48;507;3701;0;80;6125288;6812726;10662266;272377;6159840;11777881;376547;0;2572
FR;2;2022-07-23;38;97;290;1175;51;229;1228;0;37;6125326;6812823;10662556;273552;6159891;11778110;377775;0;2609
FR;2;2022-07-24;14;24;69;201;19;68;203;0;7;6125340;6812847;10662625;273753;6159910;11778178;377978;0;2616
FR;2;2022-07-25;50;71;405;1938;60;300;2000;0;56;6125390;6812918;10663030;275691;6159970;11778478;379978;0;2672
FR;2;2022-07-26;57;133;606;3423;67;476;3496;0;113;6125447;6813051;10663636;279114;6160037;11778954;383474;0;2785
FR;2;2022-07-27;42;81;457;2782;50;361;2801;0;89;6125489;6813132;10664093;281896;6160087;11779315;386275;0;2874
FR;2;2022-07-28;29;75;450;2487;36;357;2491;0;78;6125518;6813207;10664543;284383;6160123;11779672;388766;0;2952
FR;2;2022-07-29;68;88;535;2857;63;347;2978;0;73;6125586;6813295;10665078;287240;6160186;11780019;391744;0;3025
FR;2;2022-07-30;22;39;163;776;32;110;796;0;24;6125608;6813334;10665241;288016;6160218;11780129;392540;0;3049
FR;2;2022-07-31;6;13;27;104;12;21;110;0;2;6125614;6813347;10665268;288120;6160230;11780150;392650;0;3051
FR;2;2022-08-01;38;107;323;1262;74;260;1344;0;29;6125652;6813454;10665591;289382;6160304;11780410;393994;0;3080
FR;2;2022-08-02;49;75;325;2061;50;247;2097;0;78;6125701;6813529;10665916;291443;6160354;11780657;396091;0;3158
FR;2;2022-08-03;29;53;260;1611;25;188;1617;0;57;6125730;6813582;10666176;293054;6160379;11780845;397708;0;3215
FR;2;2022-08-04;40;65;306;1692;39;240;1701;0;66;6125770;6813647;10666482;294746;6160418;11781085;399409;0;3281
FR;2;2022-08-05;33;94;328;1881;67;236;1912;0;60;6125803;6813741;10666810;296627;6160485;11781321;401321;0;3341
FR;2;2022-08-06;22;41;106;365;29;82;372;0;10;6125825;6813782;10666916;296992;6160514;11781403;401693;0;3351
FR;2;2022-08-07;7;8;15;69;5;16;71;0;3;6125832;6813790;10666931;297061;6160519;11781419;401764;0;3354
FR;2;2022-08-08;19;35;220;877;22;148;915;0;33;6125851;6813825;10667151;297938;6160541;11781567;402679;0;3387
FR;2;2022-08-09;30;52;279;1474;42;238;1470;0;50;6125881;6813877;10667430;299412;6160583;11781805;404149;0;3437
FR;2;2022-08-10;17;22;213;1134;19;150;1155;0;46;6125898;6813899;10667643;300546;6160602;11781955;405304;0;3483
FR;2;2022-08-11;21;41;174;1038;26;117;1047;0;40;6125919;6813940;10667817;301584;6160628;11782072;406351;0;3523
FR;2;2022-08-12;36;50;184;1046;38;140;1069;0;35;6125955;6813990;10668001;302630;6160666;11782212;407420;0;3558
FR;2;2022-08-13;11;19;47;149;15;53;137;0;5;6125966;6814009;10668048;302779;6160681;11782265;407557;0;3563
FR;2;2022-08-14;1;2;12;52;1;11;54;0;1;6125967;6814011;10668060;302831;6160682;11782276;407611;0;3564
FR;2;2022-08-15;0;5;32;22;2;21;21;0;3;6125967;6814016;10668092;302853;6160684;11782297;407632;0;3567
FR;2;2022-08-16;27;33;144;681;34;120;678;0;33;6125994;6814049;10668236;303534;6160718;11782417;408310;0;3600
FR;2;2022-08-17;18;27;109;738;18;88;744;0;34;6126012;6814076;10668345;304272;6160736;11782505;409054;0;3634
FR;2;2022-08-18;14;30;160;836;14;107;852;0;42;6126026;6814106;10668505;305108;6160750;11782612;409906;0;3676
FR;2;2022-08-19;8;38;118;706;31;88;706;0;33;6126034;6814144;10668623;305814;6160781;11782700;410612;0;3709
FR;2;2022-08-20;6;26;61;197;16;52;201;0;8;6126040;6814170;10668684;306011;6160797;11782752;410813;0;3717
FR;2;2022-08-21;4;14;15;19;6;13;31;0;0;6126044;6814184;10668699;306030;6160803;11782765;410844;0;3717
FR;2;2022-08-22;11;25;116;395;17;73;451;0;13;6126055;6814209;10668815;306425;6160820;11782838;411295;0;3730
FR;2;2022-08-23;11;42;134;671;23;112;679;0;38;6126066;6814251;10668949;307096;6160843;11782950;411974;0;3768
FR;2;2022-08-24;11;28;87;466;21;80;472;0;18;6126077;6814279;10669036;307562;6160864;11783030;412446;0;3786
FR;2;2022-08-25;8;32;109;481;16;69;516;0;17;6126085;6814311;10669145;308043;6160880;11783099;412962;0;3803
FR;2;2022-08-26;16;46;117;720;36;91;713;0;32;6126101;6814357;10669262;308763;6160916;11783190;413675;0;3835
FR;2;2022-08-27;10;19;47;158;16;42;166;0;2;6126111;6814376;10669309;308921;6160932;11783232;413841;0;3837
FR;2;2022-08-28;1;5;5;15;1;7;16;0;1;6126112;6814381;10669314;308936;6160933;11783239;413857;0;3838
FR;2;2022-08-29;24;43;94;400;29;88;396;0;24;6126136;6814424;10669408;309336;6160962;11783327;414253;0;3862
FR;2;2022-08-30;31;54;154;791;34;119;798;0;29;6126167;6814478;10669562;310127;6160996;11783446;415051;0;3891
FR;2;2022-08-31;19;37;85;392;24;79;393;0;25;6126186;6814515;10669647;310519;6161020;11783525;415444;0;3916
FR;2;2022-09-01;19;43;139;600;25;122;609;0;36;6126205;6814558;10669786;311119;6161045;11783647;416053;0;3952
FR;2;2022-09-02;34;57;147;744;34;160;748;0;32;6126239;6814615;10669933;311863;6161079;11783807;416801;0;3984
FR;2;2022-09-03;17;20;83;205;11;67;213;0;7;6126256;6814635;10670016;312068;6161090;11783874;417014;0;3991
FR;2;2022-09-04;8;5;9;31;2;10;30;0;3;6126264;6814640;10670025;312099;6161092;11783884;417044;0;3994
FR;2;2022-09-05;29;32;126;367;24;98;397;0;24;6126293;6814672;10670151;312466;6161116;11783982;417441;0;4018
FR;2;2022-09-06;44;63;158;761;43;153;767;0;36;6126337;6814735;10670309;313227;6161159;11784135;418208;0;4054
FR;2;2022-09-07;21;22;74;375;18;49;387;0;23;6126358;6814757;10670383;313602;6161177;11784184;418595;0;4077
FR;2;2022-09-08;31;58;109;636;41;100;646;0;22;6126389;6814815;10670492;314238;6161218;11784284;419241;0;4099
FR;2;2022-09-09;18;24;126;754;21;74;747;0;48;6126407;6814839;10670618;314992;6161239;11784358;419988;0;4147
FR;2;2022-09-10;14;25;57;117;17;48;131;0;4;6126421;6814864;10670675;315109;6161256;11784406;420119;0;4151
FR;2;2022-09-11;12;5;11;11;3;13;13;0;0;6126433;6814869;10670686;315120;6161259;11784419;420132;0;4151
FR;2;2022-09-12;20;31;70;340;26;56;352;0;16;6126453;6814900;10670756;315460;6161285;11784475;420484;0;4167
FR;2;2022-09-13;15;34;125;670;13;99;674;0;40;6126468;6814934;10670881;316130;6161298;11784574;421158;0;4207
FR;2;2022-09-14;19;23;81;480;20;60;478;0;36;6126487;6814957;10670962;316610;6161318;11784634;421636;0;4243
FR;2;2022-09-15;23;44;126;486;26;102;493;0;47;6126510;6815001;10671088;317096;6161344;11784736;422129;0;4290
FR;2;2022-09-16;22;31;124;563;17;89;585;0;39;6126532;6815032;10671212;317659;6161361;11784825;422714;0;4329
FR;2;2022-09-17;6;20;56;160;15;52;147;0;14;6126538;6815052;10671268;317819;6161376;11784877;422861;0;4343
FR;2;2022-09-18;4;7;13;37;6;10;37;0;3;6126542;6815059;10671281;317856;6161382;11784887;422898;0;4346
FR;2;2022-09-19;26;24;114;353;16;87;381;0;22;6126568;6815083;10671395;318209;6161398;11784974;423279;0;4368
FR;2;2022-09-20;29;27;117;624;21;84;639;0;38;6126597;6815110;10671512;318833;6161419;11785058;423918;0;4406
FR;2;2022-09-21;15;30;100;393;15;78;418;0;22;6126612;6815140;10671612;319226;6161434;11785136;424336;0;4428
FR;2;2022-09-22;19;39;124;581;18;95;619;0;28;6126631;6815179;10671736;319807;6161452;11785231;424955;0;4456
FR;2;2022-09-23;21;38;135;555;22;111;570;0;39;6126652;6815217;10671871;320362;6161474;11785342;425525;0;4495
FR;2;2022-09-24;10;8;52;190;8;37;201;0;7;6126662;6815225;10671923;320552;6161482;11785379;425726;0;4502
FR;2;2022-09-25;9;11;15;29;11;12;33;0;5;6126671;6815236;10671938;320581;6161493;11785391;425759;0;4507
FR;2;2022-09-26;22;41;116;447;27;79;458;0;20;6126693;6815277;10672054;321028;6161520;11785470;426217;0;4527
FR;2;2022-09-27;30;46;162;906;35;108;861;0;52;6126723;6815323;10672216;321934;6161555;11785578;427078;0;4579
FR;2;2022-09-28;15;31;93;421;18;74;439;0;23;6126738;6815354;10672309;322355;6161573;11785652;427517;0;4602
FR;2;2022-09-29;26;48;115;618;23;110;630;0;33;6126764;6815402;10672424;322973;6161596;11785762;428147;0;4635
FR;2;2022-09-30;25;44;111;520;44;84;533;0;31;6126789;6815446;10672535;323493;6161640;11785846;428680;0;4666
FR;2;2022-10-01;11;20;51;128;20;36;129;0;8;6126800;6815466;10672586;323621;6161660;11785882;428809;0;4674
FR;2;2022-10-02;0;5;8;21;4;5;25;0;2;6126800;6815471;10672594;323642;6161664;11785887;428834;0;4676
FR;2;2022-10-03;22;35;85;291;30;69;306;0;22;6126822;6815506;10672679;323933;6161694;11785956;429140;0;4698
FR;2;2022-10-04;17;21;106;601;19;71;620;0;46;6126839;6815527;10672785;324534;6161713;11786027;429760;0;4744
FR;2;2022-10-05;20;31;75;491;26;67;488;0;54;6126859;6815558;10672860;325025;6161739;11786094;430248;0;4798
FR;2;2022-10-06;30;23;74;442;17;71;428;0;65;6126889;6815581;10672934;325467;6161756;11786165;430676;0;4863
FR;2;2022-10-07;21;30;86;499;27;66;503;0;42;6126910;6815611;10673020;325966;6161783;11786231;431179;0;4905
FR;2;2022-10-08;12;8;24;114;3;25;108;0;12;6126922;6815619;10673044;326080;6161786;11786256;431287;0;4917
FR;2;2022-10-09;1;8;15;17;6;11;22;0;5;6126923;6815627;10673059;326097;6161792;11786267;431309;0;4922
FR;2;2022-10-10;18;27;47;223;25;49;218;0;21;6126941;6815654;10673106;326320;6161817;11786316;431527;0;4943
FR;2;2022-10-11;16;15;48;253;11;39;241;0;52;6126957;6815669;10673154;326573;6161828;11786355;431768;0;4995
FR;2;2022-10-12;9;20;52;290;16;36;305;0;56;6126966;6815689;10673206;326863;6161844;11786391;432073;0;5051
FR;2;2022-10-13;11;14;48;271;9;48;261;0;26;6126977;6815703;10673254;327134;6161853;11786439;432334;0;5077
FR;2;2022-10-14;13;30;36;230;18;40;231;0;29;6126990;6815733;10673290;327364;6161871;11786479;432565;0;5106
FR;2;2022-10-15;4;13;22;111;7;17;113;0;15;6126994;6815746;10673312;327475;6161878;11786496;432678;0;5121
FR;2;2022-10-16;0;7;4;11;6;7;8;0;1;6126994;6815753;10673316;327486;6161884;11786503;432686;0;5122
FR;2;2022-10-17;15;19;31;121;18;26;131;0;29;6127009;6815772;10673347;327607;6161902;11786529;432817;0;5151
FR;2;2022-10-18;13;12;68;185;6;34;247;0;46;6127022;6815784;10673415;327792;6161908;11786563;433064;0;5197
FR;2;2022-10-19;8;17;38;184;12;31;222;0;52;6127030;6815801;10673453;327976;6161920;11786594;433286;0;5249
FR;2;2022-10-20;11;29;41;200;15;40;196;0;52;6127041;6815830;10673494;328176;6161935;11786634;433482;0;5301
FR;2;2022-10-21;6;15;60;233;6;53;222;0;31;6127047;6815845;10673554;328409;6161941;11786687;433704;0;5332
FR;2;2022-10-22;8;7;25;102;2;23;103;0;20;6127055;6815852;10673579;328511;6161943;11786710;433807;0;5352
FR;2;2022-10-23;0;3;1;5;3;0;6;0;2;6127055;6815855;10673580;328516;6161946;11786710;433813;0;5354
FR;2;2022-10-24;12;12;16;110;12;16;113;0;20;6127067;6815867;10673596;328626;6161958;11786726;433926;0;5374
FR;2;2022-10-25;12;7;23;138;6;15;145;0;51;6127079;6815874;10673619;328764;6161964;11786741;434071;0;5425
FR;2;2022-10-26;4;3;17;90;2;11;96;0;27;6127083;6815877;10673636;328854;6161966;11786752;434167;0;5452
FR;2;2022-10-27;7;10;18;88;10;20;71;0;27;6127090;6815887;10673654;328942;6161976;11786772;434238;0;5479
FR;2;2022-10-28;5;3;15;91;3;7;92;0;27;6127095;6815890;10673669;329033;6161979;11786779;434330;0;5506
FR;2;2022-10-29;7;8;18;33;6;14;37;0;8;6127102;6815898;10673687;329066;6161985;11786793;434367;0;5514
FR;2;2022-10-30;3;7;5;8;5;2;5;0;1;6127105;6815905;10673692;329074;6161990;11786795;434372;0;5515
FR;2;2022-10-31;2;8;6;49;6;10;48;0;11;6127107;6815913;10673698;329123;6161996;11786805;434420;0;5526
FR;2;2022-11-01;0;5;8;1;5;5;4;0;0;6127107;6815918;10673706;329124;6162001;11786810;434424;0;5526
FR;2;2022-11-02;6;5;12;44;5;12;45;0;11;6127113;6815923;10673718;329168;6162006;11786822;434469;0;5537
FR;2;2022-11-03;6;7;16;77;6;10;75;0;18;6127119;6815930;10673734;329245;6162012;11786832;434544;0;5555
FR;2;2022-11-04;7;12;15;85;10;14;93;0;10;6127126;6815942;10673749;329330;6162022;11786846;434637;0;5565
FR;2;2022-11-05;0;11;13;38;6;17;35;0;6;6127126;6815953;10673762;329368;6162028;11786863;434672;0;5571
FR;2;2022-11-06;0;2;2;1;0;4;0;0;2;6127126;6815955;10673764;329369;6162028;11786867;434672;0;5573
FR;2;2022-11-07;13;8;15;67;6;14;66;0;20;6127139;6815963;10673779;329436;6162034;11786881;434738;0;5593
FR;2;2022-11-08;14;8;18;58;6;14;65;0;27;6127153;6815971;10673797;329494;6162040;11786895;434803;0;5620
FR;2;2022-11-09;4;5;17;56;2;17;50;0;28;6127157;6815976;10673814;329550;6162042;11786912;434853;0;5648
FR;2;2022-11-10;7;10;17;74;7;14;76;0;14;6127164;6815986;10673831;329624;6162049;11786926;434929;0;5662
FR;2;2022-11-11;0;3;9;3;0;10;4;0;0;6127164;6815989;10673840;329627;6162049;11786936;434933;0;5662
FR;2;2022-11-12;2;5;7;19;4;7;19;0;4;6127166;6815994;10673847;329646;6162053;11786943;434952;0;5666
FR;2;2022-11-13;3;2;4;2;1;5;1;0;0;6127169;6815996;10673851;329648;6162054;11786948;434953;0;5666
FR;2;2022-11-14;7;6;13;29;3;10;33;0;7;6127176;6816002;10673864;329677;6162057;11786958;434986;0;5673
FR;2;2022-11-15;8;15;15;35;16;18;32;0;7;6127184;6816017;10673879;329712;6162073;11786976;435018;0;5680
FR;2;2022-11-16;3;6;4;45;6;4;46;0;18;6127187;6816023;10673883;329757;6162079;11786980;435064;0;5698
FR;2;2022-11-17;2;6;12;56;5;9;55;0;22;6127189;6816029;10673895;329813;6162084;11786989;435119;0;5720
FR;2;2022-11-18;3;4;7;41;4;6;44;0;10;6127192;6816033;10673902;329854;6162088;11786995;435163;0;5730
FR;2;2022-11-19;3;3;2;25;3;3;18;0;5;6127195;6816036;10673904;329879;6162091;11786998;435181;0;5735
FR;2;2022-11-20;0;2;6;9;2;6;10;0;26;6127195;6816038;10673910;329888;6162093;11787004;435191;0;5761
FR;2;2022-11-21;6;10;9;31;7;8;34;0;22;6127201;6816048;10673919;329919;6162100;11787012;435225;0;5783
FR;2;2022-11-22;8;8;20;65;6;21;70;0;71;6127209;6816056;10673939;329984;6162106;11787033;435295;0;5854
FR;2;2022-11-23;7;6;8;68;3;5;73;0;8;6127216;6816062;10673947;330052;6162109;11787038;435368;0;5862
FR;2;2022-11-24;2;2;11;50;2;7;57;0;10;6127218;6816064;10673958;330102;6162111;11787045;435425;0;5872
FR;2;2022-11-25;11;8;14;25;11;14;26;0;8;6127229;6816072;10673972;330127;6162122;11787059;435451;0;5880
FR;2;2022-11-26;1;5;4;8;4;7;6;0;0;6127230;6816077;10673976;330135;6162126;11787066;435457;0;5880
FR;2;2022-11-27;2;2;12;2;0;11;4;0;1;6127232;6816079;10673988;330137;6162126;11787077;435461;0;5881
FR;2;2022-11-28;0;2;8;35;1;6;37;0;5;6127232;6816081;10673996;330172;6162127;11787083;435498;0;5886
FR;2;2022-11-29;1;1;10;24;0;4;30;0;8;6127233;6816082;10674006;330196;6162127;11787087;435528;0;5894
FR;2;2022-11-30;2;2;10;47;1;11;44;0;21;6127235;6816084;10674016;330243;6162128;11787098;435572;0;5915
FR;2;2022-12-01;2;12;6;63;9;13;55;0;24;6127237;6816096;10674022;330306;6162137;11787111;435627;0;5939
FR;2;2022-12-02;1;2;12;51;2;10;51;0;27;6127238;6816098;10674034;330357;6162139;11787121;435678;0;5966
FR;2;2022-12-03;1;4;8;19;2;8;18;0;10;6127239;6816102;10674042;330376;6162141;11787129;435696;0;5976
FR;2;2022-12-04;0;0;0;4;0;0;4;0;2;6127239;6816102;10674042;330380;6162141;11787129;435700;0;5978
FR;2;2022-12-05;3;5;8;51;8;4;45;0;16;6127242;6816107;10674050;330431;6162149;11787133;435745;0;5994
FR;2;2022-12-06;3;5;14;45;4;6;48;0;17;6127245;6816112;10674064;330476;6162153;11787139;435793;0;6011
FR;2;2022-12-07;1;5;9;42;3;8;44;0;11;6127246;6816117;10674073;330518;6162156;11787147;435837;0;6022
FR;2;2022-12-08;0;2;11;44;0;6;49;0;16;6127246;6816119;10674084;330562;6162156;11787153;435886;0;6038
FR;2;2022-12-09;0;1;13;52;0;9;57;0;17;6127246;6816120;10674097;330614;6162156;11787162;435943;0;6055
FR;2;2022-12-10;0;3;15;50;1;6;52;0;9;6127246;6816123;10674112;330664;6162157;11787168;435995;0;6064
FR;2;2022-12-11;0;0;2;2;0;2;1;0;3;6127246;6816123;10674114;330666;6162157;11787170;435996;0;6067
FR;2;2022-12-12;1;0;6;37;0;6;36;0;11;6127247;6816123;10674120;330703;6162157;11787176;436032;0;6078
FR;2;2022-12-13;0;3;2;37;2;1;37;0;14;6127247;6816126;10674122;330740;6162159;11787177;436069;0;6092
FR;2;2022-12-14;0;5;8;26;5;3;31;0;14;6127247;6816131;10674130;330766;6162164;11787180;436100;0;6106
FR;2;2022-12-15;0;5;12;43;5;9;44;0;17;6127247;6816136;10674142;330809;6162169;11787189;436144;0;6123
FR;2;2022-12-16;2;4;27;56;3;20;62;0;16;6127249;6816140;10674169;330865;6162172;11787209;436206;0;6139
FR;2;2022-12-17;1;4;10;44;3;6;39;0;5;6127250;6816144;10674179;330909;6162175;11787215;436245;0;6144
FR;2;2022-12-18;1;0;0;0;0;0;0;0;1;6127251;6816144;10674179;330909;6162175;11787215;436245;0;6145
FR;2;2022-12-19;6;5;4;31;6;5;24;0;24;6127257;6816149;10674183;330940;6162181;11787220;436269;0;6169
FR;2;2022-12-20;0;4;6;37;2;7;38;0;24;6127257;6816153;10674189;330977;6162183;11787227;436307;0;6193
FR;2;2022-12-21;0;1;4;13;1;4;13;0;8;6127257;6816154;10674193;330990;6162184;11787231;436320;0;6201
FR;2;2022-12-22;0;5;17;32;2;6;45;0;10;6127257;6816159;10674210;331022;6162186;11787237;436365;0;6211
FR;2;2022-12-23;1;5;15;18;3;12;22;0;4;6127258;6816164;10674225;331040;6162189;11787249;436387;0;6215
FR;2;2022-12-24;0;0;1;1;0;1;1;0;0;6127258;6816164;10674226;331041;6162189;11787250;436388;0;6215
FR;2;2022-12-25;0;1;1;3;0;1;4;0;0;6127258;6816165;10674227;331044;6162189;11787251;436392;0;6215
FR;2;2022-12-26;0;0;7;11;0;5;11;0;3;6127258;6816165;10674234;331055;6162189;11787256;436403;0;6218
FR;2;2022-12-27;0;1;7;5;1;5;7;0;4;6127258;6816166;10674241;331060;6162190;11787261;436410;0;6222
FR;2;2022-12-28;0;2;4;13;2;3;14;0;5;6127258;6816168;10674245;331073;6162192;11787264;436424;0;6227
FR;2;2022-12-29;1;2;4;18;1;5;18;0;7;6127259;6816170;10674249;331091;6162193;11787269;436442;0;6234
FR;2;2022-12-30;1;0;2;8;0;2;7;0;1;6127260;6816170;10674251;331099;6162193;11787271;436449;0;6235
FR;2;2022-12-31;0;0;1;2;0;1;2;0;1;6127260;6816170;10674252;331101;6162193;11787272;436451;0;6236
FR;2;2023-01-01;0;0;0;0;0;0;0;0;0;6127260;6816170;10674252;331101;6162193;11787272;436451;0;6236
FR;2;2023-01-02;5;2;9;21;1;7;23;0;2;6127265;6816172;10674261;331122;6162194;11787279;436474;0;6238
FR;2;2023-01-03;1;0;6;13;0;7;11;0;6;6127266;6816172;10674267;331135;6162194;11787286;436485;0;6244
FR;2;2023-01-04;1;2;9;13;3;7;13;0;6;6127267;6816174;10674276;331148;6162197;11787293;436498;0;6250
FR;2;2023-01-05;0;2;7;6;2;4;7;0;3;6127267;6816176;10674283;331154;6162199;11787297;436505;0;6253
FR;2;2023-01-06;1;0;9;9;0;4;13;0;9;6127268;6816176;10674292;331163;6162199;11787301;436518;0;6262
FR;2;2023-01-07;0;0;4;10;0;4;8;0;5;6127268;6816176;10674296;331173;6162199;11787305;436526;0;6267
FR;2;2023-01-08;0;0;3;3;0;3;3;0;2;6127268;6816176;10674299;331176;6162199;11787308;436529;0;6269
FR;2;2023-01-09;0;2;8;9;2;3;13;0;5;6127268;6816178;10674307;331185;6162201;11787311;436542;0;6274
FR;2;2023-01-10;0;4;4;8;3;3;10;0;6;6127268;6816182;10674311;331193;6162204;11787314;436552;0;6280
FR;2;2023-01-11;3;0;4;7;0;3;9;0;3;6127271;6816182;10674315;331200;6162204;11787317;436561;0;6283
FR;2;2023-01-12;1;0;9;13;0;7;10;0;11;6127272;6816182;10674324;331213;6162204;11787324;436571;0;6294
FR;2;2023-01-13;0;1;5;7;1;3;10;0;3;6127272;6816183;10674329;331220;6162205;11787327;436581;0;6297
FR;2;2023-01-14;0;1;2;6;0;3;6;0;1;6127272;6816184;10674331;331226;6162205;11787330;436587;0;6298
FR;2;2023-01-15;0;0;0;0;0;0;0;0;0;6127272;6816184;10674331;331226;6162205;11787330;436587;0;6298
FR;2;2023-01-16;1;1;5;6;2;2;7;0;1;6127273;6816185;10674336;331232;6162207;11787332;436594;0;6299
FR;2;2023-01-17;1;0;5;4;0;5;3;0;0;6127274;6816185;10674341;331236;6162207;11787337;436597;0;6299
FR;2;2023-01-18;0;0;3;2;0;3;2;0;0;6127274;6816185;10674344;331238;6162207;11787340;436599;0;6299
FR;2;2023-01-19;0;0;1;6;0;1;6;0;6;6127274;6816185;10674345;331244;6162207;11787341;436605;0;6305
FR;2;2023-01-20;0;0;1;8;0;1;8;0;4;6127274;6816185;10674346;331252;6162207;11787342;436613;0;6309
FR;2;2023-01-21;0;0;0;3;0;0;0;0;0;6127274;6816185;10674346;331255;6162207;11787342;436613;0;6309
FR;2;2023-01-22;0;0;0;0;0;0;0;0;0;6127274;6816185;10674346;331255;6162207;11787342;436613;0;6309
FR;2;2023-01-23;0;0;3;3;0;2;3;0;1;6127274;6816185;10674349;331258;6162207;11787344;436616;0;6310
FR;2;2023-01-24;1;3;1;6;3;0;7;0;4;6127275;6816188;10674350;331264;6162210;11787344;436623;0;6314
FR;2;2023-01-25;1;0;0;6;1;0;6;0;0;6127276;6816188;10674350;331270;6162211;11787344;436629;0;6314
FR;2;2023-01-26;1;0;3;7;0;1;9;0;3;6127277;6816188;10674353;331277;6162211;11787345;436638;0;6317
FR;2;2023-01-27;0;2;3;3;1;2;3;0;2;6127277;6816190;10674356;331280;6162212;11787347;436641;0;6319
FR;2;2023-01-28;0;0;0;1;0;0;1;0;0;6127277;6816190;10674356;331281;6162212;11787347;436642;0;6319
FR;2;2023-01-29;0;0;1;0;0;0;1;0;0;6127277;6816190;10674357;331281;6162212;11787347;436643;0;6319
FR;2;2023-01-30;0;1;2;3;1;1;4;0;1;6127277;6816191;10674359;331284;6162213;11787348;436647;0;6320
FR;2;2023-01-31;1;0;3;2;0;2;3;0;0;6127278;6816191;10674362;331286;6162213;11787350;436650;0;6320
FR;2;2023-02-01;0;3;2;0;2;3;0;0;0;6127278;6816194;10674364;331286;6162215;11787353;436650;0;6320
FR;2;2023-02-02;0;2;3;4;1;4;6;0;4;6127278;6816196;10674367;331290;6162216;11787357;436656;0;6324
FR;2;2023-02-03;0;2;1;12;2;0;11;0;9;6127278;6816198;10674368;331302;6162218;11787357;436667;0;6333
FR;2;2023-02-04;0;1;1;0;0;2;0;0;0;6127278;6816199;10674369;331302;6162218;11787359;436667;0;6333
FR;2;2023-02-05;0;0;0;0;0;0;0;0;0;6127278;6816199;10674369;331302;6162218;11787359;436667;0;6333
FR;2;2023-02-06;0;3;2;2;2;3;2;0;0;6127278;6816202;10674371;331304;6162220;11787362;436669;0;6333
FR;2;2023-02-07;2;1;0;0;0;1;0;0;1;6127280;6816203;10674371;331304;6162220;11787363;436669;0;6334
FR;2;2023-02-08;0;0;3;2;0;2;4;0;1;6127280;6816203;10674374;331306;6162220;11787365;436673;0;6335
FR;2;2023-02-09;0;0;1;4;0;2;3;0;3;6127280;6816203;10674375;331310;6162220;11787367;436676;0;6338
FR;2;2023-02-10;0;0;1;3;0;1;2;0;6;6127280;6816203;10674376;331313;6162220;11787368;436678;0;6344
FR;2;2023-02-11;2;2;1;1;0;2;2;0;0;6127282;6816205;10674377;331314;6162220;11787370;436680;0;6344
FR;2;2023-02-12;0;0;0;0;0;0;0;0;0;6127282;6816205;10674377;331314;6162220;11787370;436680;0;6344
FR;2;2023-02-13;3;0;1;5;0;0;5;0;1;6127285;6816205;10674378;331319;6162220;11787370;436685;0;6345
FR;2;2023-02-14;1;2;1;1;2;0;2;0;0;6127286;6816207;10674379;331320;6162222;11787370;436687;0;6345
FR;2;2023-02-15;2;0;1;1;0;1;1;0;0;6127288;6816207;10674380;331321;6162222;11787371;436688;0;6345
FR;2;2023-02-16;1;1;1;1;1;1;1;0;2;6127289;6816208;10674381;331322;6162223;11787372;436689;0;6347
FR;2;2023-02-17;0;0;1;4;0;1;3;0;4;6127289;6816208;10674382;331326;6162223;11787373;436692;0;6351
FR;2;2023-02-18;0;0;4;1;0;4;0;0;1;6127289;6816208;10674386;331327;6162223;11787377;436692;0;6352
FR;2;2023-02-19;0;1;0;0;1;0;0;0;0;6127289;6816209;10674386;331327;6162224;11787377;436692;0;6352
FR;2;2023-02-20;1;0;0;1;0;0;1;0;2;6127290;6816209;10674386;331328;6162224;11787377;436693;0;6354
FR;2;2023-02-21;0;0;0;1;0;0;1;0;2;6127290;6816209;10674386;331329;6162224;11787377;436694;0;6356
FR;2;2023-02-22;1;0;0;3;0;0;3;0;0;6127291;6816209;10674386;331332;6162224;11787377;436697;0;6356
FR;2;2023-02-23;0;0;0;1;0;0;1;0;3;6127291;6816209;10674386;331333;6162224;11787377;436698;0;6359
FR;2;2023-02-24;1;0;1;2;0;0;3;0;0;6127292;6816209;10674387;331335;6162224;11787377;436701;0;6359
FR;2;2023-02-25;0;0;1;2;0;1;2;0;0;6127292;6816209;10674388;331337;6162224;11787378;436703;0;6359
FR;2;2023-02-26;0;0;0;0;0;0;0;0;0;6127292;6816209;10674388;331337;6162224;11787378;436703;0;6359
FR;2;2023-02-27;1;0;1;1;1;1;1;0;0;6127293;6816209;10674389;331338;6162225;11787379;436704;0;6359
FR;2;2023-02-28;1;0;0;0;0;0;0;0;2;6127294;6816209;10674389;331338;6162225;11787379;436704;0;6361
FR;2;2023-03-01;0;2;3;2;1;3;1;0;1;6127294;6816211;10674392;331340;6162226;11787382;436705;0;6362
FR;2;2023-03-02;0;2;2;1;2;1;1;0;1;6127294;6816213;10674394;331341;6162228;11787383;436706;0;6363
FR;2;2023-03-03;1;0;3;1;0;3;1;0;0;6127295;6816213;10674397;331342;6162228;11787386;436707;0;6363
FR;2;2023-03-04;0;0;1;0;0;1;0;0;0;6127295;6816213;10674398;331342;6162228;11787387;436707;0;6363
FR;2;2023-03-05;0;0;0;0;0;0;0;0;0;6127295;6816213;10674398;331342;6162228;11787387;436707;0;6363
FR;2;2023-03-06;0;0;2;1;0;1;2;0;2;6127295;6816213;10674400;331343;6162228;11787388;436709;0;6365
FR;2;2023-03-07;0;1;2;1;1;2;1;0;1;6127295;6816214;10674402;331344;6162229;11787390;436710;0;6366
FR;2;2023-03-08;0;0;0;0;0;0;0;0;2;6127295;6816214;10674402;331344;6162229;11787390;436710;0;6368
FR;2;2023-03-09;0;0;1;1;0;0;2;0;0;6127295;6816214;10674403;331345;6162229;11787390;436712;0;6368
FR;2;2023-03-10;0;0;1;0;0;1;0;0;0;6127295;6816214;10674404;331345;6162229;11787391;436712;0;6368
FR;2;2023-03-11;0;0;4;1;0;3;2;0;0;6127295;6816214;10674408;331346;6162229;11787394;436714;0;6368
FR;2;2023-03-12;0;0;0;0;0;0;0;0;0;6127295;6816214;10674408;331346;6162229;11787394;436714;0;6368
FR;2;2023-03-13;0;0;1;3;0;1;3;0;0;6127295;6816214;10674409;331349;6162229;11787395;436717;0;6368
FR;2;2023-03-14;1;0;0;0;0;0;0;0;0;6127296;6816214;10674409;331349;6162229;11787395;436717;0;6368
FR;2;2023-03-15;0;1;0;3;1;0;3;0;0;6127296;6816215;10674409;331352;6162230;11787395;436720;0;6368
FR;2;2023-03-16;0;1;0;0;1;0;1;0;0;6127296;6816216;10674409;331352;6162231;11787395;436721;0;6368
FR;2;2023-03-17;0;0;1;1;0;1;0;0;0;6127296;6816216;10674410;331353;6162231;11787396;436721;0;6368
FR;2;2023-03-18;0;0;7;0;0;7;0;0;1;6127296;6816216;10674417;331353;6162231;11787403;436721;0;6369
FR;2;2023-03-19;0;0;0;0;0;0;0;0;0;6127296;6816216;10674417;331353;6162231;11787403;436721;0;6369
FR;2;2023-03-20;0;0;1;0;0;1;0;0;0;6127296;6816216;10674418;331353;6162231;11787404;436721;0;6369
FR;2;2023-03-21;0;0;1;2;0;1;2;0;1;6127296;6816216;10674419;331355;6162231;11787405;436723;0;6370
FR;2;2023-03-22;0;0;0;0;0;0;0;0;1;6127296;6816216;10674419;331355;6162231;11787405;436723;0;6371
FR;2;2023-03-23;0;1;0;0;1;0;0;0;1;6127296;6816217;10674419;331355;6162232;11787405;436723;0;6372
FR;2;2023-03-24;0;1;0;2;1;0;2;0;2;6127296;6816218;10674419;331357;6162233;11787405;436725;0;6374
FR;2;2023-03-25;0;0;1;2;0;1;2;0;0;6127296;6816218;10674420;331359;6162233;11787406;436727;0;6374
FR;2;2023-03-26;0;1;1;0;1;1;0;0;0;6127296;6816219;10674421;331359;6162234;11787407;436727;0;6374
FR;2;2023-03-27;0;2;2;0;2;2;0;0;1;6127296;6816221;10674423;331359;6162236;11787409;436727;0;6375
FR;2;2023-03-28;0;0;0;0;0;0;0;0;1;6127296;6816221;10674423;331359;6162236;11787409;436727;0;6376
FR;2;2023-03-29;0;0;0;2;0;0;2;0;0;6127296;6816221;10674423;331361;6162236;11787409;436729;0;6376
FR;2;2023-03-30;0;0;0;0;0;0;0;0;0;6127296;6816221;10674423;331361;6162236;11787409;436729;0;6376
FR;2;2023-03-31;0;1;0;1;1;0;1;0;0;6127296;6816222;10674423;331362;6162237;11787409;436730;0;6376
FR;2;2023-04-01;0;0;1;0;0;0;1;0;0;6127296;6816222;10674424;331362;6162237;11787409;436731;0;6376
FR;2;2023-04-02;0;0;0;0;0;0;0;0;0;6127296;6816222;10674424;331362;6162237;11787409;436731;0;6376
FR;2;2023-04-03;0;1;0;2;1;0;2;0;1;6127296;6816223;10674424;331364;6162238;11787409;436733;0;6377
FR;2;2023-04-04;0;0;0;2;0;0;2;0;0;6127296;6816223;10674424;331366;6162238;11787409;436735;0;6377
FR;2;2023-04-05;0;0;0;0;0;0;0;0;0;6127296;6816223;10674424;331366;6162238;11787409;436735;0;6377
FR;2;2023-04-06;0;1;0;0;1;0;0;0;0;6127296;6816224;10674424;331366;6162239;11787409;436735;0;6377
FR;2;2023-04-07;0;0;0;1;0;0;1;0;0;6127296;6816224;10674424;331367;6162239;11787409;436736;0;6377
FR;2;2023-04-08;0;0;0;0;0;0;0;0;0;6127296;6816224;10674424;331367;6162239;11787409;436736;0;6377
FR;2;2023-04-09;0;0;1;0;0;1;0;0;0;6127296;6816224;10674425;331367;6162239;11787410;436736;0;6377
FR;2;2023-04-10;0;2;0;0;1;1;0;0;0;6127296;6816226;10674425;331367;6162240;11787411;436736;0;6377
FR;2;2023-04-11;0;0;0;0;0;0;0;0;1;6127296;6816226;10674425;331367;6162240;11787411;436736;0;6378
FR;2;2023-04-12;0;0;0;0;0;0;0;0;0;6127296;6816226;10674425;331367;6162240;11787411;436736;0;6378
FR;2;2023-04-13;0;0;1;0;0;1;0;0;0;6127296;6816226;10674426;331367;6162240;11787412;436736;0;6378
FR;2;2023-04-14;0;0;0;1;0;0;1;0;0;6127296;6816226;10674426;331368;6162240;11787412;436737;0;6378
FR;2;2023-04-15;0;0;0;0;0;0;0;0;0;6127296;6816226;10674426;331368;6162240;11787412;436737;0;6378
FR;2;2023-04-16;0;0;0;0;0;0;0;0;0;6127296;6816226;10674426;331368;6162240;11787412;436737;0;6378
FR;2;2023-04-17;1;1;0;0;1;0;0;0;0;6127297;6816227;10674426;331368;6162241;11787412;436737;0;6378
FR;2;2023-04-18;0;0;1;2;0;1;2;0;0;6127297;6816227;10674427;331370;6162241;11787413;436739;0;6378
FR;2;2023-04-19;0;0;0;0;0;0;2;0;0;6127297;6816227;10674427;331370;6162241;11787413;436741;0;6378
FR;2;2023-04-20;0;0;1;1;0;1;1;0;0;6127297;6816227;10674428;331371;6162241;11787414;436742;0;6378
FR;2;2023-04-21;0;0;0;0;0;0;0;0;0;6127297;6816227;10674428;331371;6162241;11787414;436742;0;6378
FR;2;2023-04-22;0;0;0;2;0;0;0;0;2;6127297;6816227;10674428;331373;6162241;11787414;436742;0;6380
FR;2;2023-04-23;0;0;0;0;0;0;0;0;0;6127297;6816227;10674428;331373;6162241;11787414;436742;0;6380
FR;2;2023-04-24;0;0;1;0;0;0;1;0;0;6127297;6816227;10674429;331373;6162241;11787414;436743;0;6380
FR;3;2020-12-27;0;0;0;0;0;0;0;0;0;0;0;0;0;0;0;0;0;0
FR;3;2020-12-28;0;0;0;0;0;0;0;0;0;0;0;0;0;0;0;0;0;0
FR;3;2020-12-29;0;0;0;0;0;0;0;0;0;0;0;0;0;0;0;0;0;0
FR;3;2020-12-30;0;0;0;0;0;0;0;0;0;0;0;0;0;0;0;0;0;0
FR;3;2020-12-31;0;0;0;0;0;0;0;0;0;0;0;0;0;0;0;0;0;0
FR;3;2021-01-01;0;0;0;0;0;0;0;0;0;0;0;0;0;0;0;0;0;0
FR;3;2021-01-02;0;0;0;0;0;0;0;0;0;0;0;0;0;0;0;0;0;0
FR;3;2021-01-03;0;0;0;0;0;0;0;0;0;0;0;0;0;0;0;0;0;0
FR;3;2021-01-04;0;0;0;0;0;0;0;0;0;0;0;0;0;0;0;0;0;0
FR;3;2021-01-05;0;0;0;0;0;0;0;0;0;0;0;0;0;0;0;0;0;0
FR;3;2021-01-06;0;0;0;0;0;0;0;0;0;0;0;0;0;0;0;0;0;0
FR;3;2021-01-07;0;0;0;0;0;0;0;0;0;0;0;0;0;0;0;0;0;0
FR;3;2021-01-08;0;0;0;0;0;0;0;0;0;0;0;0;0;0;0;0;0;0
FR;3;2021-01-09;0;0;0;0;0;0;0;0;0;0;0;0;0;0;0;0;0;0
FR;3;2021-01-10;0;0;0;0;0;0;0;0;0;0;0;0;0;0;0;0;0;0
FR;3;2021-01-11;0;0;0;0;0;0;0;0;0;0;0;0;0;0;0;0;0;0
FR;3;2021-01-12;0;0;0;0;0;0;0;0;0;0;0;0;0;0;0;0;0;0
FR;3;2021-01-13;0;0;0;0;0;0;0;0;0;0;0;0;0;0;0;0;0;0
FR;3;2021-01-14;0;0;0;0;0;0;0;0;0;0;0;0;0;0;0;0;0;0
FR;3;2021-01-15;0;0;0;0;0;0;0;0;0;0;0;0;0;0;0;0;0;0
FR;3;2021-01-16;0;0;0;0;0;0;0;0;0;0;0;0;0;0;0;0;0;0
FR;3;2021-01-17;0;0;0;0;0;0;0;0;0;0;0;0;0;0;0;0;0;0
FR;3;2021-01-18;0;0;0;0;0;0;0;0;0;0;0;0;0;0;0;0;0;0
FR;3;2021-01-19;0;0;0;0;0;0;0;0;0;0;0;0;0;0;0;0;0;0
FR;3;2021-01-20;0;0;0;0;0;0;0;0;0;0;0;0;0;0;0;0;0;0
FR;3;2021-01-21;0;0;0;0;0;0;0;0;0;0;0;0;0;0;0;0;0;0
FR;3;2021-01-22;0;0;0;0;0;0;0;0;0;0;0;0;0;0;0;0;0;0
FR;3;2021-01-23;0;0;0;0;0;0;0;0;0;0;0;0;0;0;0;0;0;0
FR;3;2021-01-24;0;0;0;0;0;0;0;0;0;0;0;0;0;0;0;0;0;0
FR;3;2021-01-25;0;0;0;0;0;0;0;0;0;0;0;0;0;0;0;0;0;0
FR;3;2021-01-26;0;0;0;0;0;0;0;0;0;0;0;0;0;0;0;0;0;0
FR;3;2021-01-27;0;0;0;0;0;0;0;0;0;0;0;0;0;0;0;0;0;0
FR;3;2021-01-28;0;0;0;0;0;0;0;0;0;0;0;0;0;0;0;0;0;0
FR;3;2021-01-29;0;0;0;0;0;0;0;0;0;0;0;0;0;0;0;0;0;0
FR;3;2021-01-30;0;0;0;0;0;0;0;0;0;0;0;0;0;0;0;0;0;0
FR;3;2021-01-31;0;0;0;0;0;0;0;0;0;0;0;0;0;0;0;0;0;0
FR;3;2021-02-01;0;0;0;0;0;0;0;0;0;0;0;0;0;0;0;0;0;0
FR;3;2021-02-02;0;0;0;0;0;0;0;0;0;0;0;0;0;0;0;0;0;0
FR;3;2021-02-03;0;0;0;0;0;0;0;0;0;0;0;0;0;0;0;0;0;0
FR;3;2021-02-04;0;0;0;0;0;0;0;0;0;0;0;0;0;0;0;0;0;0
FR;3;2021-02-05;0;0;0;0;0;0;0;0;0;0;0;0;0;0;0;0;0;0
FR;3;2021-02-06;1477;0;0;0;106;0;0;0;0;1477;0;0;0;106;0;0;0;0
FR;3;2021-02-07;1423;2;0;0;87;0;0;0;0;2900;2;0;0;193;0;0;0;0
FR;3;2021-02-08;2789;1;0;0;177;0;0;0;0;5689;3;0;0;370;0;0;0;0
FR;3;2021-02-09;6786;0;0;0;502;0;0;0;0;12475;3;0;0;872;0;0;0;0
FR;3;2021-02-10;9612;0;0;0;695;0;0;0;0;22087;3;0;0;1567;0;0;0;0
FR;3;2021-02-11;13620;4;0;0;919;0;0;0;0;35707;7;0;0;2486;0;0;0;0
FR;3;2021-02-12;13410;0;0;0;907;0;0;0;0;49117;7;0;0;3393;0;0;0;0
FR;3;2021-02-13;3800;1;0;0;218;0;0;0;0;52917;8;0;0;3611;0;0;0;0
FR;3;2021-02-14;975;1;0;0;53;0;0;0;0;53892;9;0;0;3664;0;0;0;0
FR;3;2021-02-15;10497;2;0;0;719;0;0;0;0;64389;11;0;0;4383;0;0;0;0
FR;3;2021-02-16;12556;5;0;0;871;0;0;0;0;76945;16;0;0;5254;0;0;0;0
FR;3;2021-02-17;11159;1;0;0;717;0;0;0;0;88104;17;0;0;5971;0;0;0;0
FR;3;2021-02-18;14943;2;0;0;985;0;0;0;0;103047;19;0;0;6956;0;0;0;0
FR;3;2021-02-19;14364;1;0;0;846;0;0;0;0;117411;20;0;0;7802;0;0;0;0
FR;3;2021-02-20;3332;0;0;0;178;0;0;0;0;120743;20;0;0;7980;0;0;0;0
FR;3;2021-02-21;620;0;0;0;35;0;0;0;0;121363;20;0;0;8015;0;0;0;0
FR;3;2021-02-22;9171;1;0;0;654;0;0;0;0;130534;21;0;0;8669;0;0;0;0
FR;3;2021-02-23;11406;6;0;0;761;0;0;0;0;141940;27;0;0;9430;0;0;0;0
FR;3;2021-02-24;14305;1;0;0;829;0;0;0;0;156245;28;0;0;10259;0;0;0;0
FR;3;2021-02-25;44935;3;0;0;1814;0;0;0;0;201180;31;0;0;12073;0;0;0;0
FR;3;2021-02-26;61889;13;0;0;2201;0;0;0;0;263069;44;0;0;14274;0;0;0;0
FR;3;2021-02-27;34811;14;0;0;1028;0;0;0;0;297880;58;0;0;15302;0;0;0;0
FR;3;2021-02-28;2464;0;0;0;114;0;0;0;0;300344;58;0;0;15416;0;0;0;0
FR;3;2021-03-01;20521;21;0;0;1067;0;0;0;0;320865;79;0;0;16483;0;0;0;0
FR;3;2021-03-02;38878;25;0;0;1790;0;0;0;0;359743;104;0;0;18273;0;0;0;0
FR;3;2021-03-03;48750;18;0;0;2130;0;0;0;0;408493;122;0;0;20403;0;0;0;0
FR;3;2021-03-04;82229;25;0;0;3194;0;0;0;0;490722;147;0;0;23597;0;0;0;0
FR;3;2021-03-05;118138;42;0;0;4692;0;0;0;0;608860;189;0;0;28289;0;0;0;0
FR;3;2021-03-06;120727;65;1;0;3559;0;0;0;0;729587;254;1;0;31848;0;0;0;0
FR;3;2021-03-07;55186;23;0;0;1729;0;0;0;0;784773;277;1;0;33577;0;0;0;0
FR;3;2021-03-08;42814;29;0;0;2074;0;0;0;0;827587;306;1;0;35651;0;0;0;0
FR;3;2021-03-09;78978;51;0;0;3288;0;0;0;0;906565;357;1;0;38939;0;0;0;0
FR;3;2021-03-10;80985;67;0;0;3243;0;0;0;0;987550;424;1;0;42182;0;0;0;0
FR;3;2021-03-11;128447;66;0;0;4766;0;0;0;0;1115997;490;1;0;46948;0;0;0;0
FR;3;2021-03-12;182719;122;0;0;6279;0;0;0;0;1298716;612;1;0;53227;0;0;0;0
FR;3;2021-03-13;132160;91;0;0;3530;0;0;0;0;1430876;703;1;0;56757;0;0;0;0
FR;3;2021-03-14;14061;6;0;0;550;0;0;0;0;1444937;709;1;0;57307;0;0;0;0
FR;3;2021-03-15;52242;82;0;0;2097;0;0;0;0;1497179;791;1;0;59404;0;0;0;0
FR;3;2021-03-16;1221;51;0;0;105;0;0;0;0;1498400;842;1;0;59509;0;0;0;0
FR;3;2021-03-17;950;56;0;0;95;0;0;0;0;1499350;898;1;0;59604;0;0;0;0
FR;3;2021-03-18;1576;42;0;0;102;0;0;0;0;1500926;940;1;0;59706;0;0;0;0
FR;3;2021-03-19;70458;56;0;0;2060;0;0;0;0;1571384;996;1;0;61766;0;0;0;0
FR;3;2021-03-20;65242;51;0;0;1702;0;0;0;0;1636626;1047;1;0;63468;0;0;0;0
FR;3;2021-03-21;5761;8;0;0;199;0;0;0;0;1642387;1055;1;0;63667;0;0;0;0
FR;3;2021-03-22;37511;49;0;0;1052;0;0;0;0;1679898;1104;1;0;64719;0;0;0;0
FR;3;2021-03-23;84670;87;0;0;2288;0;0;0;0;1764568;1191;1;0;67007;0;0;0;0
FR;3;2021-03-24;90955;99;0;0;2491;0;0;0;0;1855523;1290;1;0;69498;0;0;0;0
FR;3;2021-03-25;150068;149;0;0;3792;0;0;0;0;2005591;1439;1;0;73290;0;0;0;0
FR;3;2021-03-26;165431;157;0;0;4148;0;0;0;0;2171022;1596;1;0;77438;0;0;0;0
FR;3;2021-03-27;68465;101;0;0;2004;0;0;0;0;2239487;1697;1;0;79442;0;0;0;0
FR;3;2021-03-28;6480;20;0;0;238;0;0;0;0;2245967;1717;1;0;79680;0;0;0;0
FR;3;2021-03-29;54171;83;0;0;1480;0;0;0;0;2300138;1800;1;0;81160;0;0;0;0
FR;3;2021-03-30;93185;103;0;0;2564;0;0;0;0;2393323;1903;1;0;83724;0;0;0;0
FR;3;2021-03-31;63547;110;0;0;1964;0;0;0;0;2456870;2013;1;0;85688;0;0;0;0
FR;3;2021-04-01;86136;116;0;0;2496;0;0;0;0;2543006;2129;1;0;88184;0;0;0;0
FR;3;2021-04-02;86915;186;0;0;2766;0;0;0;0;2629921;2315;1;0;90950;0;0;0;0
FR;3;2021-04-03;35876;133;0;0;1164;0;0;0;0;2665797;2448;1;0;92114;0;0;0;0
FR;3;2021-04-04;3577;19;0;0;164;0;0;0;0;2669374;2467;1;0;92278;0;0;0;0
FR;3;2021-04-05;4492;40;0;0;236;0;0;0;0;2673866;2507;1;0;92514;0;0;0;0
FR;3;2021-04-06;29763;105;0;0;1091;0;0;0;0;2703629;2612;1;0;93605;0;0;0;0
FR;3;2021-04-07;32350;113;0;0;1052;0;0;0;0;2735979;2725;1;0;94657;0;0;0;0
FR;3;2021-04-08;78826;273;0;0;2618;0;0;0;0;2814805;2998;1;0;97275;0;0;0;0
FR;3;2021-04-09;161764;454;0;0;5180;0;0;0;0;2976569;3452;1;0;102455;0;0;0;0
FR;3;2021-04-10;75765;365;0;0;2697;0;0;0;0;3052334;3817;1;0;105152;0;0;0;0
FR;3;2021-04-11;7316;47;0;0;306;0;0;0;0;3059650;3864;1;0;105458;0;0;0;0
FR;3;2021-04-12;51484;219;0;0;1738;0;0;0;0;3111134;4083;1;0;107196;0;0;0;0
FR;3;2021-04-13;86236;364;0;0;2911;0;0;0;0;3197370;4447;1;0;110107;0;0;0;0
FR;3;2021-04-14;67847;377;0;0;2429;0;0;0;0;3265217;4824;1;0;112536;0;0;0;0
FR;3;2021-04-15;93246;404;0;0;3442;0;0;0;0;3358463;5228;1;0;115978;0;0;0;0
FR;3;2021-04-16;112532;627;0;0;4342;0;0;0;0;3470995;5855;1;0;120320;0;0;0;0
FR;3;2021-04-17;53319;371;1;0;2277;0;0;0;0;3524314;6226;2;0;122597;0;0;0;0
FR;3;2021-04-18;9752;49;0;0;423;0;0;0;0;3534066;6275;2;0;123020;0;0;0;0
FR;3;2021-04-19;25117;287;0;0;1093;0;0;0;0;3559183;6562;2;0;124113;0;0;0;0
FR;3;2021-04-20;45676;438;0;0;1908;0;0;0;0;3604859;7000;2;0;126021;0;0;0;0
FR;3;2021-04-21;38988;552;0;0;1896;0;0;0;0;3643847;7552;2;0;127917;0;0;0;0
FR;3;2021-04-22;54723;875;0;0;2827;0;0;0;0;3698570;8427;2;0;130744;0;0;0;0
FR;3;2021-04-23;70493;1094;0;0;3696;0;0;0;0;3769063;9521;2;0;134440;0;0;0;0
FR;3;2021-04-24;37253;1101;0;0;2490;0;0;0;0;3806316;10622;2;0;136930;0;0;0;0
FR;3;2021-04-25;6213;158;0;0;446;0;0;0;0;3812529;10780;2;0;137376;0;0;0;0
FR;3;2021-04-26;19792;699;0;0;1434;0;0;0;0;3832321;11479;2;0;138810;0;0;0;0
FR;3;2021-04-27;34486;1337;0;0;2595;0;0;0;0;3866807;12816;2;0;141405;0;0;0;0
FR;3;2021-04-28;28971;2047;0;0;3164;0;0;0;0;3895778;14863;2;0;144569;0;0;0;0
FR;3;2021-04-29;45393;6126;0;0;7945;0;0;0;0;3941171;20989;2;0;152514;0;0;0;0
FR;3;2021-04-30;55465;9117;1;0;11512;0;0;0;0;3996636;30106;3;0;164026;0;0;0;0
FR;3;2021-05-01;9518;2064;0;0;2495;0;0;0;0;4006154;32170;3;0;166521;0;0;0;0
FR;3;2021-05-02;3081;466;0;0;611;0;0;0;0;4009235;32636;3;0;167132;0;0;0;0
FR;3;2021-05-03;13067;3940;0;0;4507;0;0;0;0;4022302;36576;3;0;171639;0;0;0;0
FR;3;2021-05-04;23123;8374;0;0;9441;0;0;0;0;4045425;44950;3;0;181080;0;0;0;0
FR;3;2021-05-05;18767;10832;0;0;11770;0;0;0;0;4064192;55782;3;0;192850;0;0;0;0
FR;3;2021-05-06;34632;21264;0;0;22814;0;0;0;0;4098824;77046;3;0;215664;0;0;0;0
FR;3;2021-05-07;44211;28903;0;0;31206;0;0;0;0;4143035;105949;3;0;246870;0;0;0;0
FR;3;2021-05-08;6786;9191;0;0;9557;0;0;0;0;4149821;115140;3;0;256427;0;0;0;0
FR;3;2021-05-09;1797;2666;0;0;2767;0;0;0;0;4151618;117806;3;0;259194;0;0;0;0
FR;3;2021-05-10;15001;12916;0;0;13609;0;0;0;0;4166619;130722;3;0;272803;0;0;0;0
FR;3;2021-05-11;27100;26274;0;0;27547;0;0;0;0;4193719;156996;3;0;300350;0;0;0;0
FR;3;2021-05-12;17273;28142;0;0;29080;0;0;0;0;4210992;185138;3;0;329430;0;0;0;0
FR;3;2021-05-13;2285;3510;0;0;3630;0;0;0;0;4213277;188648;3;0;333060;0;0;0;0
FR;3;2021-05-14;14521;26084;0;0;26865;0;0;0;0;4227798;214732;3;0;359925;0;0;0;0
FR;3;2021-05-15;7233;21086;0;0;21516;0;0;0;0;4235031;235818;3;0;381441;0;0;0;0
FR;3;2021-05-16;977;2649;0;0;2695;0;0;0;0;4236008;238467;3;0;384136;0;0;0;0
FR;3;2021-05-17;7967;20223;0;0;20667;0;0;0;0;4243975;258690;3;0;404803;0;0;0;0
FR;3;2021-05-18;13418;30158;0;0;30920;0;0;0;0;4257393;288848;3;0;435723;0;0;0;0
FR;3;2021-05-19;9277;30526;0;0;31120;0;0;0;0;4266670;319374;3;0;466843;0;0;0;0
FR;3;2021-05-20;12808;53831;3;0;54758;0;0;0;0;4279478;373205;6;0;521601;0;0;0;0
FR;3;2021-05-21;12771;66184;2;0;67115;0;0;0;0;4292249;439389;8;0;588716;0;0;0;0
FR;3;2021-05-22;4967;33780;1;0;34163;0;0;0;0;4297216;473169;9;0;622879;0;0;0;0
FR;3;2021-05-23;651;2663;0;0;2695;0;0;0;0;4297867;475832;9;0;625574;0;0;0;0
FR;3;2021-05-24;885;4784;0;0;4828;0;0;0;0;4298752;480616;9;0;630402;0;0;0;0
FR;3;2021-05-25;5316;46734;1;0;47140;0;0;0;0;4304068;527350;10;0;677542;0;0;0;0
FR;3;2021-05-26;4982;52191;1;0;52665;0;0;0;0;4309050;579541;11;0;730207;0;0;0;0
FR;3;2021-05-27;6338;79067;3;0;79678;0;0;0;0;4315388;658608;14;0;809885;0;0;0;0
FR;3;2021-05-28;7546;100334;2;0;101140;0;0;0;0;4322934;758942;16;0;911025;0;0;0;0
FR;3;2021-05-29;3350;61184;1;0;61566;0;0;0;0;4326284;820126;17;0;972591;0;0;0;0
FR;3;2021-05-30;551;8078;0;0;8127;0;0;0;0;4326835;828204;17;0;980718;0;0;0;0
FR;3;2021-05-31;2442;35484;3;0;35750;0;0;0;0;4329277;863688;20;0;1016468;0;0;0;0
FR;3;2021-06-01;3418;64902;10;0;65354;0;0;0;0;4332695;928590;30;0;1081822;0;0;0;0
FR;3;2021-06-02;2735;58931;6;0;59266;0;0;0;0;4335430;987521;36;0;1141088;0;0;0;0
FR;3;2021-06-03;3496;87202;10;0;87741;0;0;0;0;4338926;1074723;46;0;1228829;0;0;0;0
FR;3;2021-06-04;4125;105869;22;0;106535;0;0;0;0;4343051;1180592;68;0;1335364;0;0;0;0
FR;3;2021-06-05;1983;52608;4;0;52926;0;0;0;0;4345034;1233200;72;0;1388290;0;0;0;0
FR;3;2021-06-06;511;5269;1;0;5317;0;0;0;0;4345545;1238469;73;0;1393607;0;0;0;0
FR;3;2021-06-07;1487;30716;11;0;30897;0;0;0;0;4347032;1269185;84;0;1424504;0;0;0;0
FR;3;2021-06-08;2066;47424;18;0;47770;0;0;0;0;4349098;1316609;102;0;1472274;0;0;0;0
FR;3;2021-06-09;1796;41809;13;0;42114;0;0;0;0;4350894;1358418;115;0;1514388;0;0;0;0
FR;3;2021-06-10;2261;67663;17;0;68061;0;0;0;0;4353155;1426081;132;0;1582449;0;0;0;0
FR;3;2021-06-11;2493;96634;34;0;97110;0;0;0;0;4355648;1522715;166;0;1679559;0;0;0;0
FR;3;2021-06-12;1179;40557;6;0;40789;0;0;0;0;4356827;1563272;172;0;1720348;0;0;0;0
FR;3;2021-06-13;283;3606;3;0;3641;0;0;0;0;4357110;1566878;175;0;1723989;0;0;0;0
FR;3;2021-06-14;1051;42316;17;0;42485;0;0;0;0;4358161;1609194;192;0;1766474;0;0;0;0
FR;3;2021-06-15;1379;80354;20;0;80659;0;0;0;0;4359540;1689548;212;0;1847133;0;0;0;0
FR;3;2021-06-16;1263;65506;20;0;65779;0;0;0;0;4360803;1755054;232;0;1912912;0;0;0;0
FR;3;2021-06-17;1667;102291;41;0;102677;0;0;0;0;4362470;1857345;273;0;2015589;0;0;0;0
FR;3;2021-06-18;1873;118469;63;0;118939;0;0;0;0;4364343;1975814;336;0;2134528;0;0;0;0
FR;3;2021-06-19;804;39454;22;0;39649;0;0;0;0;4365147;2015268;358;0;2174177;0;0;0;0
FR;3;2021-06-20;162;3195;0;0;3224;0;0;0;0;4365309;2018463;358;0;2177401;0;0;0;0
FR;3;2021-06-21;775;39088;16;0;39246;0;0;0;0;4366084;2057551;374;0;2216647;0;0;0;0
FR;3;2021-06-22;1065;70093;52;0;70363;0;0;0;0;4367149;2127644;426;0;2287010;0;0;0;0
FR;3;2021-06-23;946;50832;39;0;51104;0;0;0;0;4368095;2178476;465;0;2338114;0;0;0;0
FR;3;2021-06-24;1314;77298;48;0;77671;0;0;0;0;4369409;2255774;513;0;2415785;0;0;0;0
FR;3;2021-06-25;1410;90853;73;0;91286;0;0;0;0;4370819;2346627;586;0;2507071;0;0;0;0
FR;3;2021-06-26;631;33112;29;0;33304;0;0;0;0;4371450;2379739;615;0;2540375;0;0;0;0
FR;3;2021-06-27;168;3779;1;0;3803;0;0;0;0;4371618;2383518;616;0;2544178;0;0;0;0
FR;3;2021-06-28;655;29929;27;0;30123;0;0;0;0;4372273;2413447;643;0;2574301;0;0;0;0
FR;3;2021-06-29;856;56655;95;0;56899;0;0;0;0;4373129;2470102;738;0;2631200;0;0;0;0
FR;3;2021-06-30;905;45214;93;0;45482;0;0;0;0;4374034;2515316;831;0;2676682;0;0;0;0
FR;3;2021-07-01;1164;66128;108;0;66477;0;0;0;0;4375198;2581444;939;0;2743159;0;0;0;0
FR;3;2021-07-02;1305;90527;170;0;91010;0;0;0;0;4376503;2671971;1109;0;2834169;0;0;0;0
FR;3;2021-07-03;602;31187;51;0;31388;0;0;0;0;4377105;2703158;1160;0;2865557;0;0;0;0
FR;3;2021-07-04;144;3967;3;0;3997;0;0;0;0;4377249;2707125;1163;0;2869554;0;0;0;0
FR;3;2021-07-05;613;33605;60;0;33806;0;0;0;0;4377862;2740730;1223;0;2903360;0;0;0;0
FR;3;2021-07-06;965;55935;88;0;56246;0;0;0;0;4378827;2796665;1311;0;2959606;0;0;0;0
FR;3;2021-07-07;874;42964;80;0;43262;0;0;0;0;4379701;2839629;1391;0;3002868;0;0;0;0
FR;3;2021-07-08;1127;60812;99;0;61222;0;0;0;0;4380828;2900441;1490;0;3064090;0;0;0;0
FR;3;2021-07-09;1261;68940;128;0;69405;0;0;0;0;4382089;2969381;1618;0;3133495;0;0;0;0
FR;3;2021-07-10;644;25020;59;0;25217;0;0;0;0;4382733;2994401;1677;0;3158712;0;0;0;0
FR;3;2021-07-11;132;3173;4;0;3198;0;0;0;0;4382865;2997574;1681;0;3161910;0;0;0;0
FR;3;2021-07-12;662;23597;59;0;23810;0;0;0;0;4383527;3021171;1740;0;3185720;0;0;0;0
FR;3;2021-07-13;1648;34427;90;0;34917;0;0;0;0;4385175;3055598;1830;0;3220637;0;0;0;0
FR;3;2021-07-14;272;2476;2;0;2533;0;0;0;0;4385447;3058074;1832;0;3223170;0;0;0;0
FR;3;2021-07-15;1941;30417;85;0;30992;0;0;0;0;4387388;3088491;1917;0;3254162;0;0;0;0
FR;3;2021-07-16;2520;38619;122;0;39353;0;0;0;0;4389908;3127110;2039;0;3293515;0;0;0;0
FR;3;2021-07-17;1051;13725;26;0;14033;0;0;0;0;4390959;3140835;2065;0;3307548;0;0;0;0
FR;3;2021-07-18;266;2549;3;0;2597;0;0;0;0;4391225;3143384;2068;0;3310145;0;0;0;0
FR;3;2021-07-19;1280;16884;38;0;17252;0;0;0;0;4392505;3160268;2106;0;3327397;0;0;0;0
FR;3;2021-07-20;1823;26931;98;0;27473;0;0;0;0;4394328;3187199;2204;0;3354870;0;0;0;0
FR;3;2021-07-21;1652;19472;44;0;19977;0;0;0;0;4395980;3206671;2248;0;3374847;0;0;0;0
FR;3;2021-07-22;1856;27647;83;0;28212;0;0;0;0;4397836;3234318;2331;0;3403059;0;0;0;0
FR;3;2021-07-23;2217;30212;117;0;30949;0;0;0;0;4400053;3264530;2448;0;3434008;0;0;0;0
FR;3;2021-07-24;828;6928;25;0;7151;0;0;0;0;4400881;3271458;2473;0;3441159;0;0;0;0
FR;3;2021-07-25;210;1287;1;0;1342;0;0;0;0;4401091;3272745;2474;0;3442501;0;0;0;0
FR;3;2021-07-26;933;10508;28;0;10816;0;0;0;0;4402024;3283253;2502;0;3453317;0;0;0;0
FR;3;2021-07-27;1171;16802;56;0;17165;0;0;0;0;4403195;3300055;2558;0;3470482;0;0;0;0
FR;3;2021-07-28;989;12000;40;0;12312;0;0;0;0;4404184;3312055;2598;0;3482794;0;0;0;0
FR;3;2021-07-29;1127;15676;63;0;16089;0;0;0;0;4405311;3327731;2661;0;3498883;0;0;0;0
FR;3;2021-07-30;1129;17991;79;0;18366;0;0;0;0;4406440;3345722;2740;0;3517249;0;0;0;0
FR;3;2021-07-31;407;3710;15;0;3836;0;0;0;0;4406847;3349432;2755;0;3521085;0;0;0;0
FR;3;2021-08-01;117;445;1;0;467;0;0;0;0;4406964;3349877;2756;0;3521552;0;0;0;0
FR;3;2021-08-02;424;5015;22;0;5136;0;0;0;0;4407388;3354892;2778;0;3526688;0;0;0;0
FR;3;2021-08-03;498;7466;27;0;7599;0;0;0;0;4407886;3362358;2805;0;3534287;0;0;0;0
FR;3;2021-08-04;440;4831;26;0;4976;0;0;0;0;4408326;3367189;2831;0;3539263;0;0;0;0
FR;3;2021-08-05;433;3653;13;0;3763;0;0;0;0;4408759;3370842;2844;0;3543026;0;0;0;0
FR;3;2021-08-06;456;4699;30;0;4800;0;0;0;0;4409215;3375541;2874;0;3547826;0;0;0;0
FR;3;2021-08-07;214;1900;11;0;1946;0;0;0;0;4409429;3377441;2885;0;3549772;0;0;0;0
FR;3;2021-08-08;251;423;2;0;456;0;0;0;0;4409680;3377864;2887;0;3550228;0;0;0;0
FR;3;2021-08-09;320;2377;11;0;2447;0;0;0;0;4410000;3380241;2898;0;3552675;0;0;0;0
FR;3;2021-08-10;369;3735;15;0;3823;0;0;0;0;4410369;3383976;2913;0;3556498;0;0;0;0
FR;3;2021-08-11;291;2640;15;0;2700;0;0;0;0;4410660;3386616;2928;0;3559198;0;0;0;0
FR;3;2021-08-12;279;2563;13;0;2651;0;0;0;0;4410939;3389179;2941;0;3561849;0;0;0;0
FR;3;2021-08-13;279;2254;16;0;2340;0;0;0;0;4411218;3391433;2957;0;3564189;0;0;0;0
FR;3;2021-08-14;172;874;1;0;905;0;0;0;0;4411390;3392307;2958;0;3565094;0;0;0;0
FR;3;2021-08-15;56;174;0;0;183;0;0;0;0;4411446;3392481;2958;0;3565277;0;0;0;0
FR;3;2021-08-16;126;1002;8;0;1041;0;0;0;0;4411572;3393483;2966;0;3566318;0;0;0;0
FR;3;2021-08-17;191;1430;8;0;1471;0;0;0;0;4411763;3394913;2974;0;3567789;0;0;0;0
FR;3;2021-08-18;205;1309;10;0;1351;0;0;0;0;4411968;3396222;2984;0;3569140;0;0;0;0
FR;3;2021-08-19;165;1373;10;0;1420;0;0;0;0;4412133;3397595;2994;0;3570560;0;0;0;0
FR;3;2021-08-20;167;1595;16;0;1657;0;0;0;0;4412300;3399190;3010;0;3572217;0;0;0;0
FR;3;2021-08-21;94;576;2;0;591;0;0;0;0;4412394;3399766;3012;0;3572808;0;0;0;0
FR;3;2021-08-22;42;192;1;0;195;0;0;0;0;4412436;3399958;3013;0;3573003;0;0;0;0
FR;3;2021-08-23;141;885;7;0;930;0;0;0;0;4412577;3400843;3020;0;3573933;0;0;0;0
FR;3;2021-08-24;125;924;10;0;956;0;0;0;0;4412702;3401767;3030;0;3574889;0;0;0;0
FR;3;2021-08-25;137;820;3;0;849;0;0;0;0;4412839;3402587;3033;0;3575738;0;0;0;0
FR;3;2021-08-26;172;824;9;0;872;0;0;0;0;4413011;3403411;3042;0;3576610;0;0;0;0
FR;3;2021-08-27;178;937;9;0;989;0;0;0;0;4413189;3404348;3051;0;3577599;0;0;0;0
FR;3;2021-08-28;101;374;4;0;391;0;0;0;0;4413290;3404722;3055;0;3577990;0;0;0;0
FR;3;2021-08-29;128;129;1;0;162;0;0;0;0;4413418;3404851;3056;0;3578152;0;0;0;0
FR;3;2021-08-30;100;560;0;0;469;108;0;0;0;4413518;3405411;3056;0;3578621;108;0;0;0
FR;3;2021-08-31;134;682;7;0;587;134;0;0;0;4413652;3406093;3063;0;3579208;242;0;0;0
FR;3;2021-09-01;122;461;5;0;383;106;0;0;0;4413774;3406554;3068;0;3579591;348;0;0;0
FR;3;2021-09-02;100;595;22;0;531;105;0;0;0;4413874;3407149;3090;0;3580122;453;0;0;0
FR;3;2021-09-03;116;552;17;0;477;116;0;0;0;4413990;3407701;3107;0;3580599;569;0;0;0
FR;3;2021-09-04;55;295;3;0;256;50;0;0;0;4414045;3407996;3110;0;3580855;619;0;0;0
FR;3;2021-09-05;52;65;5;0;55;25;0;0;0;4414097;3408061;3115;0;3580910;644;0;0;0
FR;3;2021-09-06;118;367;4;0;261;130;0;0;0;4414215;3408428;3119;0;3581171;774;0;0;0
FR;3;2021-09-07;125;431;14;0;347;116;0;0;0;4414340;3408859;3133;0;3581518;890;0;0;0
FR;3;2021-09-08;122;344;2;0;274;87;0;0;0;4414462;3409203;3135;0;3581792;977;0;0;0
FR;3;2021-09-09;94;378;8;0;298;103;0;0;0;4414556;3409581;3143;0;3582090;1080;0;0;0
FR;3;2021-09-10;101;402;3;0;332;93;0;0;0;4414657;3409983;3146;0;3582422;1173;0;0;0
FR;3;2021-09-11;79;232;4;0;177;65;0;0;0;4414736;3410215;3150;0;3582599;1238;0;0;0
FR;3;2021-09-12;37;49;1;0;38;16;0;0;0;4414773;3410264;3151;0;3582637;1254;0;0;0
FR;3;2021-09-13;78;298;7;0;215;102;1;0;0;4414851;3410562;3158;0;3582852;1356;1;0;0
FR;3;2021-09-14;75;271;6;0;191;94;0;0;0;4414926;3410833;3164;0;3583043;1450;1;0;0
FR;3;2021-09-15;64;252;3;0;257;6;0;0;0;4414990;3411085;3167;0;3583300;1456;1;0;0
FR;3;2021-09-16;65;320;6;0;331;6;0;0;0;4415055;3411405;3173;0;3583631;1462;1;0;0
FR;3;2021-09-17;52;327;3;0;339;6;0;0;0;4415107;3411732;3176;0;3583970;1468;1;0;0
FR;3;2021-09-18;37;172;1;0;176;1;0;0;0;4415144;3411904;3177;0;3584146;1469;1;0;0
FR;3;2021-09-19;29;31;2;0;34;1;0;0;0;4415173;3411935;3179;0;3584180;1470;1;0;0
FR;3;2021-09-20;82;188;0;0;196;1;0;0;0;4415255;3412123;3179;0;3584376;1471;1;0;0
FR;3;2021-09-21;60;273;7;0;277;8;0;0;0;4415315;3412396;3186;0;3584653;1479;1;0;0
FR;3;2021-09-22;67;229;6;0;242;7;0;0;0;4415382;3412625;3192;0;3584895;1486;1;0;0
FR;3;2021-09-23;37;257;11;0;261;7;0;0;0;4415419;3412882;3203;0;3585156;1493;1;0;0
FR;3;2021-09-24;29;315;12;0;313;18;0;0;0;4415448;3413197;3215;0;3585469;1511;1;0;0
FR;3;2021-09-25;31;144;3;0;150;3;0;0;0;4415479;3413341;3218;0;3585619;1514;1;0;0
FR;3;2021-09-26;16;57;1;0;59;1;0;0;0;4415495;3413398;3219;0;3585678;1515;1;0;0
FR;3;2021-09-27;49;282;3;0;285;5;0;0;0;4415544;3413680;3222;0;3585963;1520;1;0;0
FR;3;2021-09-28;49;245;6;0;253;8;0;0;0;4415593;3413925;3228;0;3586216;1528;1;0;0
FR;3;2021-09-29;40;218;10;0;222;15;0;0;0;4415633;3414143;3238;0;3586438;1543;1;0;0
FR;3;2021-09-30;40;200;8;0;204;11;0;0;0;4415673;3414343;3246;0;3586642;1554;1;0;0
FR;3;2021-10-01;23;159;6;0;161;8;0;0;0;4415696;3414502;3252;0;3586803;1562;1;0;0
FR;3;2021-10-02;17;88;0;0;89;0;0;0;0;4415713;3414590;3252;0;3586892;1562;1;0;0
FR;3;2021-10-03;19;19;1;0;19;2;0;0;0;4415732;3414609;3253;0;3586911;1564;1;0;0
FR;3;2021-10-04;33;157;4;0;162;4;0;0;0;4415765;3414766;3257;0;3587073;1568;1;0;0
FR;3;2021-10-05;17;148;10;0;153;12;0;0;0;4415782;3414914;3267;0;3587226;1580;1;0;0
FR;3;2021-10-06;34;145;9;0;153;10;0;0;0;4415816;3415059;3276;0;3587379;1590;1;0;0
FR;3;2021-10-07;20;132;6;0;130;6;0;0;0;4415836;3415191;3282;0;3587509;1596;1;0;0
FR;3;2021-10-08;25;136;10;0;141;9;0;0;0;4415861;3415327;3292;0;3587650;1605;1;0;0
FR;3;2021-10-09;17;72;1;0;73;1;0;0;0;4415878;3415399;3293;0;3587723;1606;1;0;0
FR;3;2021-10-10;13;17;2;0;16;3;0;0;0;4415891;3415416;3295;0;3587739;1609;1;0;0
FR;3;2021-10-11;17;117;4;0;122;5;0;0;0;4415908;3415533;3299;0;3587861;1614;1;0;0
FR;3;2021-10-12;22;99;6;0;99;6;0;0;0;4415930;3415632;3305;0;3587960;1620;1;0;0
FR;3;2021-10-13;25;114;9;0;121;7;0;0;0;4415955;3415746;3314;0;3588081;1627;1;0;0
FR;3;2021-10-14;19;138;3;0;139;4;0;0;0;4415974;3415884;3317;0;3588220;1631;1;0;0
FR;3;2021-10-15;23;140;8;0;139;13;0;0;0;4415997;3416024;3325;0;3588359;1644;1;0;0
FR;3;2021-10-16;13;66;6;0;65;8;0;0;0;4416010;3416090;3331;0;3588424;1652;1;0;0
FR;3;2021-10-17;13;24;0;0;26;0;0;0;0;4416023;3416114;3331;0;3588450;1652;1;0;0
FR;3;2021-10-18;18;112;2;0;117;2;0;0;0;4416041;3416226;3333;0;3588567;1654;1;0;0
FR;3;2021-10-19;18;112;19;0;113;21;0;0;0;4416059;3416338;3352;0;3588680;1675;1;0;0
FR;3;2021-10-20;27;124;6;0;126;7;0;0;0;4416086;3416462;3358;0;3588806;1682;1;0;0
FR;3;2021-10-21;28;120;17;0;120;13;0;0;0;4416114;3416582;3375;0;3588926;1695;1;0;0
FR;3;2021-10-22;25;103;18;0;102;21;0;0;0;4416139;3416685;3393;0;3589028;1716;1;0;0
FR;3;2021-10-23;17;53;3;0;53;2;0;0;0;4416156;3416738;3396;0;3589081;1718;1;0;0
FR;3;2021-10-24;7;36;0;0;34;0;0;0;0;4416163;3416774;3396;0;3589115;1718;1;0;0
FR;3;2021-10-25;27;141;7;0;145;7;0;0;0;4416190;3416915;3403;0;3589260;1725;1;0;0
FR;3;2021-10-26;25;96;22;0;93;19;0;0;0;4416215;3417011;3425;0;3589353;1744;1;0;0
FR;3;2021-10-27;19;91;9;0;93;9;0;0;0;4416234;3417102;3434;0;3589446;1753;1;0;0
FR;3;2021-10-28;23;114;33;0;111;36;0;0;0;4416257;3417216;3467;0;3589557;1789;1;0;0
FR;3;2021-10-29;12;98;64;0;92;54;0;0;0;4416269;3417314;3531;0;3589649;1843;1;0;0
FR;3;2021-10-30;11;62;11;1;62;10;0;0;0;4416280;3417376;3542;1;3589711;1853;1;0;0
FR;3;2021-10-31;8;25;1;0;25;1;0;0;0;4416288;3417401;3543;1;3589736;1854;1;0;0
FR;3;2021-11-01;11;22;2;0;23;1;0;0;0;4416299;3417423;3545;1;3589759;1855;1;0;0
FR;3;2021-11-02;11;100;10;0;100;12;0;0;0;4416310;3417523;3555;1;3589859;1867;1;0;0
FR;3;2021-11-03;22;105;10;0;113;10;0;0;0;4416332;3417628;3565;1;3589972;1877;1;0;0
FR;3;2021-11-04;20;88;6;0;93;5;0;0;0;4416352;3417716;3571;1;3590065;1882;1;0;0
FR;3;2021-11-05;19;119;9;1;125;6;1;0;0;4416371;3417835;3580;2;3590190;1888;2;0;0
FR;3;2021-11-06;11;54;3;0;56;3;0;0;0;4416382;3417889;3583;2;3590246;1891;2;0;0
FR;3;2021-11-07;6;23;1;0;24;1;0;0;0;4416388;3417912;3584;2;3590270;1892;2;0;0
FR;3;2021-11-08;12;124;7;0;129;5;0;0;0;4416400;3418036;3591;2;3590399;1897;2;0;0
FR;3;2021-11-09;15;123;6;0;125;6;0;0;0;4416415;3418159;3597;2;3590524;1903;2;0;0
FR;3;2021-11-10;15;130;15;0;128;16;0;0;0;4416430;3418289;3612;2;3590652;1919;2;0;0
FR;3;2021-11-11;12;49;3;0;51;3;0;0;0;4416442;3418338;3615;2;3590703;1922;2;0;0
FR;3;2021-11-12;15;126;6;0;128;5;0;0;0;4416457;3418464;3621;2;3590831;1927;2;0;0
FR;3;2021-11-13;7;66;9;0;61;10;0;0;0;4416464;3418530;3630;2;3590892;1937;2;0;0
FR;3;2021-11-14;3;24;1;0;24;1;0;0;0;4416467;3418554;3631;2;3590916;1938;2;0;0
FR;3;2021-11-15;7;161;11;0;158;12;0;0;0;4416474;3418715;3642;2;3591074;1950;2;0;0
FR;3;2021-11-16;9;125;11;0;120;10;0;0;0;4416483;3418840;3653;2;3591194;1960;2;0;0
FR;3;2021-11-17;8;134;11;0;135;8;0;0;0;4416491;3418974;3664;2;3591329;1968;2;0;0
FR;3;2021-11-18;16;131;10;0;132;11;0;0;0;4416507;3419105;3674;2;3591461;1979;2;0;0
FR;3;2021-11-19;12;178;23;0;173;28;0;0;0;4416519;3419283;3697;2;3591634;2007;2;0;0
FR;3;2021-11-20;6;101;6;0;102;6;0;0;0;4416525;3419384;3703;2;3591736;2013;2;0;0
FR;3;2021-11-21;3;24;4;0;23;4;0;0;0;4416528;3419408;3707;2;3591759;2017;2;0;0
FR;3;2021-11-22;11;185;11;0;185;11;0;0;0;4416539;3419593;3718;2;3591944;2028;2;0;0
FR;3;2021-11-23;9;181;16;0;179;15;0;0;0;4416548;3419774;3734;2;3592123;2043;2;0;0
FR;3;2021-11-24;11;180;9;0;172;17;0;0;0;4416559;3419954;3743;2;3592295;2060;2;0;0
FR;3;2021-11-25;12;197;11;0;196;11;0;0;0;4416571;3420151;3754;2;3592491;2071;2;0;0
FR;3;2021-11-26;10;251;35;0;250;33;1;0;0;4416581;3420402;3789;2;3592741;2104;3;0;0
FR;3;2021-11-27;8;124;20;0;123;21;0;0;0;4416589;3420526;3809;2;3592864;2125;3;0;0
FR;3;2021-11-28;3;56;7;0;57;7;0;0;0;4416592;3420582;3816;2;3592921;2132;3;0;0
FR;3;2021-11-29;5;214;22;0;209;23;1;0;0;4416597;3420796;3838;2;3593130;2155;4;0;0
FR;3;2021-11-30;9;281;31;0;280;33;1;0;0;4416606;3421077;3869;2;3593410;2188;5;0;0
FR;3;2021-12-01;30;315;39;0;313;41;2;0;0;4416636;3421392;3908;2;3593723;2229;7;0;0
FR;3;2021-12-02;9;337;33;0;333;36;0;0;0;4416645;3421729;3941;2;3594056;2265;7;0;0
FR;3;2021-12-03;6;364;37;0;360;38;0;0;0;4416651;3422093;3978;2;3594416;2303;7;0;0
FR;3;2021-12-04;3;201;26;0;197;28;0;0;0;4416654;3422294;4004;2;3594613;2331;7;0;0
FR;3;2021-12-05;1;61;5;0;61;5;0;0;0;4416655;3422355;4009;2;3594674;2336;7;0;0
FR;3;2021-12-06;7;348;14;0;347;15;0;0;0;4416662;3422703;4023;2;3595021;2351;7;0;0
FR;3;2021-12-07;6;410;20;0;404;24;1;0;0;4416668;3423113;4043;2;3595425;2375;8;0;0
FR;3;2021-12-08;8;375;29;0;367;30;1;0;0;4416676;3423488;4072;2;3595792;2405;9;0;0
FR;3;2021-12-09;3;424;17;0;411;22;1;0;0;4416679;3423912;4089;2;3596203;2427;10;0;0
FR;3;2021-12-10;10;443;29;0;440;25;0;0;0;4416689;3424355;4118;2;3596643;2452;10;0;0
FR;3;2021-12-11;4;299;10;0;296;9;2;0;0;4416693;3424654;4128;2;3596939;2461;12;0;0
FR;3;2021-12-12;1;96;3;0;96;3;0;0;0;4416694;3424750;4131;2;3597035;2464;12;0;0
FR;3;2021-12-13;2;432;19;0;426;21;0;0;0;4416696;3425182;4150;2;3597461;2485;12;0;0
FR;3;2021-12-14;8;551;18;0;539;21;1;0;0;4416704;3425733;4168;2;3598000;2506;13;0;0
FR;3;2021-12-15;10;523;17;0;510;21;0;0;0;4416714;3426256;4185;2;3598510;2527;13;0;0
FR;3;2021-12-16;10;527;19;0;521;18;3;0;0;4416724;3426783;4204;2;3599031;2545;16;0;0
FR;3;2021-12-17;5;592;18;0;588;19;0;0;0;4416729;3427375;4222;2;3599619;2564;16;0;0
FR;3;2021-12-18;5;344;4;0;338;5;1;0;0;4416734;3427719;4226;2;3599957;2569;17;0;0
FR;3;2021-12-19;3;176;2;0;174;2;0;0;0;4416737;3427895;4228;2;3600131;2571;17;0;0
FR;3;2021-12-20;10;566;23;0;560;28;0;0;0;4416747;3428461;4251;2;3600691;2599;17;0;0
FR;3;2021-12-21;5;660;10;0;652;13;2;0;0;4416752;3429121;4261;2;3601343;2612;19;0;0
FR;3;2021-12-22;10;612;9;0;606;10;1;0;0;4416762;3429733;4270;2;3601949;2622;20;0;0
FR;3;2021-12-23;4;537;8;0;535;8;0;0;0;4416766;3430270;4278;2;3602484;2630;20;0;0
FR;3;2021-12-24;2;233;3;0;228;6;0;0;0;4416768;3430503;4281;2;3602712;2636;20;0;0
FR;3;2021-12-25;0;24;0;0;24;0;0;0;0;4416768;3430527;4281;2;3602736;2636;20;0;0
FR;3;2021-12-26;0;87;1;0;87;1;0;0;0;4416768;3430614;4282;2;3602823;2637;20;0;0
FR;3;2021-12-27;7;456;17;0;453;20;1;0;0;4416775;3431070;4299;2;3603276;2657;21;0;0
FR;3;2021-12-28;3;572;6;0;571;5;0;0;0;4416778;3431642;4305;2;3603847;2662;21;0;0
FR;3;2021-12-29;5;488;14;0;483;16;0;0;0;4416783;3432130;4319;2;3604330;2678;21;0;0
FR;3;2021-12-30;3;517;7;0;510;10;2;0;0;4416786;3432647;4326;2;3604840;2688;23;0;0
FR;3;2021-12-31;0;182;5;0;178;7;0;0;0;4416786;3432829;4331;2;3605018;2695;23;0;0
FR;3;2022-01-01;0;26;0;0;24;2;0;0;0;4416786;3432855;4331;2;3605042;2697;23;0;0
FR;3;2022-01-02;0;76;0;0;76;0;0;0;0;4416786;3432931;4331;2;3605118;2697;23;0;0
FR;3;2022-01-03;5;489;17;0;479;21;3;0;0;4416791;3433420;4348;2;3605597;2718;26;0;0
FR;3;2022-01-04;7;536;9;0;535;8;0;0;0;4416798;3433956;4357;2;3606132;2726;26;0;0
FR;3;2022-01-05;5;487;10;0;479;14;1;0;0;4416803;3434443;4367;2;3606611;2740;27;0;0
FR;3;2022-01-06;6;464;9;0;459;10;1;0;0;4416809;3434907;4376;2;3607070;2750;28;0;0
FR;3;2022-01-07;2;489;11;0;483;13;1;0;1;4416811;3435396;4387;2;3607553;2763;29;0;1
FR;3;2022-01-08;6;251;4;0;248;5;0;0;0;4416817;3435647;4391;2;3607801;2768;29;0;1
FR;3;2022-01-09;0;116;0;0;116;0;0;0;0;4416817;3435763;4391;2;3607917;2768;29;0;1
FR;3;2022-01-10;2;421;12;0;419;12;0;0;0;4416819;3436184;4403;2;3608336;2780;29;0;1
FR;3;2022-01-11;3;456;1;0;455;1;0;0;0;4416822;3436640;4404;2;3608791;2781;29;0;1
FR;3;2022-01-12;4;393;9;0;390;10;2;0;0;4416826;3437033;4413;2;3609181;2791;31;0;1
FR;3;2022-01-13;3;382;11;0;380;12;1;0;0;4416829;3437415;4424;2;3609561;2803;32;0;1
FR;3;2022-01-14;4;420;10;0;414;13;1;0;0;4416833;3437835;4434;2;3609975;2816;33;0;1
FR;3;2022-01-15;0;275;2;0;271;3;0;0;0;4416833;3438110;4436;2;3610246;2819;33;0;1
FR;3;2022-01-16;1;108;1;0;106;1;1;0;0;4416834;3438218;4437;2;3610352;2820;34;0;1
FR;3;2022-01-17;2;318;8;0;315;9;1;0;0;4416836;3438536;4445;2;3610667;2829;35;0;1
FR;3;2022-01-18;2;359;1;0;355;2;1;0;0;4416838;3438895;4446;2;3611022;2831;36;0;1
FR;3;2022-01-19;2;322;5;0;316;10;0;0;0;4416840;3439217;4451;2;3611338;2841;36;0;1
FR;3;2022-01-20;1;351;5;0;350;3;2;0;0;4416841;3439568;4456;2;3611688;2844;38;0;1
FR;3;2022-01-21;4;337;5;0;331;7;2;0;0;4416845;3439905;4461;2;3612019;2851;40;0;1
FR;3;2022-01-22;2;218;1;0;214;2;3;0;0;4416847;3440123;4462;2;3612233;2853;43;0;1
FR;3;2022-01-23;0;77;0;0;75;1;1;0;0;4416847;3440200;4462;2;3612308;2854;44;0;1
FR;3;2022-01-24;3;316;1;0;308;6;2;0;0;4416850;3440516;4463;2;3612616;2860;46;0;1
FR;3;2022-01-25;0;171;0;0;168;0;1;0;0;4416850;3440687;4463;2;3612784;2860;47;0;1
FR;3;2022-01-26;0;77;0;0;77;0;0;0;0;4416850;3440764;4463;2;3612861;2860;47;0;1
FR;3;2022-01-27;0;52;0;0;52;0;0;0;0;4416850;3440816;4463;2;3612913;2860;47;0;1
FR;3;2022-01-28;0;115;0;0;114;0;0;0;0;4416850;3440931;4463;2;3613027;2860;47;0;1
FR;3;2022-01-29;0;97;0;0;97;0;0;0;0;4416850;3441028;4463;2;3613124;2860;47;0;1
FR;3;2022-01-30;0;50;0;0;50;0;0;0;0;4416850;3441078;4463;2;3613174;2860;47;0;1
FR;3;2022-01-31;0;91;0;0;91;0;0;0;0;4416850;3441169;4463;2;3613265;2860;47;0;1
FR;3;2022-02-01;0;98;0;0;96;1;0;0;0;4416850;3441267;4463;2;3613361;2861;47;0;1
FR;3;2022-02-02;0;85;0;0;83;0;0;0;0;4416850;3441352;4463;2;3613444;2861;47;0;1
FR;3;2022-02-03;0;91;0;0;89;0;0;0;0;4416850;3441443;4463;2;3613533;2861;47;0;1
FR;3;2022-02-04;0;113;0;0;110;0;1;0;0;4416850;3441556;4463;2;3613643;2861;48;0;1
FR;3;2022-02-05;0;68;0;0;68;0;0;0;0;4416850;3441624;4463;2;3613711;2861;48;0;1
FR;3;2022-02-06;0;10;0;0;10;0;0;0;0;4416850;3441634;4463;2;3613721;2861;48;0;1
FR;3;2022-02-07;0;75;0;0;75;0;0;0;0;4416850;3441709;4463;2;3613796;2861;48;0;1
FR;3;2022-02-08;0;0;0;0;0;0;0;0;0;4416850;3441709;4463;2;3613796;2861;48;0;1
FR;3;2022-02-09;0;0;0;0;0;0;0;0;0;4416850;3441709;4463;2;3613796;2861;48;0;1
FR;3;2022-02-10;0;0;0;0;0;0;0;0;0;4416850;3441709;4463;2;3613796;2861;48;0;1
FR;3;2022-02-11;0;0;0;0;0;0;0;0;0;4416850;3441709;4463;2;3613796;2861;48;0;1
FR;3;2022-02-12;0;0;0;0;0;0;0;0;0;4416850;3441709;4463;2;3613796;2861;48;0;1
FR;3;2022-02-13;0;0;0;0;0;0;0;0;0;4416850;3441709;4463;2;3613796;2861;48;0;1
FR;3;2022-02-14;0;0;0;0;0;0;0;0;0;4416850;3441709;4463;2;3613796;2861;48;0;1
FR;3;2022-02-15;0;0;0;0;0;0;0;0;0;4416850;3441709;4463;2;3613796;2861;48;0;1
FR;3;2022-02-16;0;0;0;0;0;0;0;0;0;4416850;3441709;4463;2;3613796;2861;48;0;1
FR;3;2022-02-17;0;0;0;0;0;0;0;0;0;4416850;3441709;4463;2;3613796;2861;48;0;1
FR;3;2022-02-18;0;0;0;0;0;0;0;0;0;4416850;3441709;4463;2;3613796;2861;48;0;1
FR;3;2022-02-19;0;0;0;0;0;0;0;0;0;4416850;3441709;4463;2;3613796;2861;48;0;1
FR;3;2022-02-20;0;0;0;0;0;0;0;0;0;4416850;3441709;4463;2;3613796;2861;48;0;1
FR;3;2022-02-21;2;0;0;0;0;0;0;0;0;4416852;3441709;4463;2;3613796;2861;48;0;1
FR;3;2022-02-22;0;0;0;0;0;0;0;0;0;4416852;3441709;4463;2;3613796;2861;48;0;1
FR;3;2022-02-23;0;0;0;0;0;0;0;0;0;4416852;3441709;4463;2;3613796;2861;48;0;1
FR;3;2022-02-24;0;0;0;0;0;0;0;0;0;4416852;3441709;4463;2;3613796;2861;48;0;1
FR;3;2022-02-25;0;0;0;0;0;0;0;0;0;4416852;3441709;4463;2;3613796;2861;48;0;1
FR;3;2022-02-26;0;0;0;0;0;0;0;0;0;4416852;3441709;4463;2;3613796;2861;48;0;1
FR;3;2022-02-27;0;0;0;0;0;0;0;0;0;4416852;3441709;4463;2;3613796;2861;48;0;1
FR;3;2022-02-28;1;0;0;0;0;0;0;0;0;4416853;3441709;4463;2;3613796;2861;48;0;1
FR;3;2022-03-01;1;0;0;0;0;0;0;0;0;4416854;3441709;4463;2;3613796;2861;48;0;1
FR;3;2022-03-02;0;0;0;0;0;0;0;0;0;4416854;3441709;4463;2;3613796;2861;48;0;1
FR;3;2022-03-03;0;0;0;0;0;0;0;0;0;4416854;3441709;4463;2;3613796;2861;48;0;1
FR;3;2022-03-04;0;0;0;0;0;0;0;0;0;4416854;3441709;4463;2;3613796;2861;48;0;1
FR;3;2022-03-05;0;0;0;0;0;0;0;0;0;4416854;3441709;4463;2;3613796;2861;48;0;1
FR;3;2022-03-06;1;0;0;0;0;0;0;0;0;4416855;3441709;4463;2;3613796;2861;48;0;1
FR;3;2022-03-07;0;0;0;0;0;0;0;0;0;4416855;3441709;4463;2;3613796;2861;48;0;1
FR;3;2022-03-08;1;0;0;0;0;0;0;0;0;4416856;3441709;4463;2;3613796;2861;48;0;1
FR;3;2022-03-09;0;0;0;0;0;0;0;0;0;4416856;3441709;4463;2;3613796;2861;48;0;1
FR;3;2022-03-10;0;0;0;0;0;0;0;0;0;4416856;3441709;4463;2;3613796;2861;48;0;1
FR;3;2022-03-11;0;0;0;0;0;0;0;0;0;4416856;3441709;4463;2;3613796;2861;48;0;1
FR;3;2022-03-12;0;0;0;0;0;0;0;0;0;4416856;3441709;4463;2;3613796;2861;48;0;1
FR;3;2022-03-13;0;0;0;0;0;0;0;0;0;4416856;3441709;4463;2;3613796;2861;48;0;1
FR;3;2022-03-14;0;0;0;0;0;0;0;0;0;4416856;3441709;4463;2;3613796;2861;48;0;1
FR;3;2022-03-15;0;0;0;0;0;0;0;0;0;4416856;3441709;4463;2;3613796;2861;48;0;1
FR;3;2022-03-16;0;0;0;0;0;0;0;0;0;4416856;3441709;4463;2;3613796;2861;48;0;1
FR;3;2022-03-17;0;0;0;0;0;0;0;0;0;4416856;3441709;4463;2;3613796;2861;48;0;1
FR;3;2022-03-18;0;0;0;0;0;0;0;0;0;4416856;3441709;4463;2;3613796;2861;48;0;1
FR;3;2022-03-19;0;0;0;0;0;0;0;0;0;4416856;3441709;4463;2;3613796;2861;48;0;1
FR;3;2022-03-20;1;0;0;0;0;0;0;0;0;4416857;3441709;4463;2;3613796;2861;48;0;1
FR;3;2022-03-21;0;0;0;0;0;0;0;0;0;4416857;3441709;4463;2;3613796;2861;48;0;1
FR;3;2022-03-22;0;0;0;0;0;0;0;0;0;4416857;3441709;4463;2;3613796;2861;48;0;1
FR;3;2022-03-23;1;0;0;0;0;0;0;0;0;4416858;3441709;4463;2;3613796;2861;48;0;1
FR;3;2022-03-24;0;0;0;0;0;0;0;0;0;4416858;3441709;4463;2;3613796;2861;48;0;1
FR;3;2022-03-25;1;0;0;0;0;0;0;0;0;4416859;3441709;4463;2;3613796;2861;48;0;1
FR;3;2022-03-26;0;0;0;0;0;0;0;0;0;4416859;3441709;4463;2;3613796;2861;48;0;1
FR;3;2022-03-27;0;0;0;0;0;0;0;0;0;4416859;3441709;4463;2;3613796;2861;48;0;1
FR;3;2022-03-28;0;0;0;0;0;0;0;0;0;4416859;3441709;4463;2;3613796;2861;48;0;1
FR;3;2022-03-29;0;0;0;0;0;0;0;0;0;4416859;3441709;4463;2;3613796;2861;48;0;1
FR;3;2022-03-30;0;0;0;0;0;0;0;0;0;4416859;3441709;4463;2;3613796;2861;48;0;1
FR;3;2022-03-31;0;0;0;0;0;0;0;0;0;4416859;3441709;4463;2;3613796;2861;48;0;1
FR;3;2022-04-01;0;0;0;0;0;0;0;0;0;4416859;3441709;4463;2;3613796;2861;48;0;1
FR;3;2022-04-02;0;0;0;0;0;0;0;0;0;4416859;3441709;4463;2;3613796;2861;48;0;1
FR;3;2022-04-03;0;0;0;0;0;0;0;0;0;4416859;3441709;4463;2;3613796;2861;48;0;1
FR;3;2022-04-04;0;0;0;0;0;0;0;0;0;4416859;3441709;4463;2;3613796;2861;48;0;1
FR;3;2022-04-05;0;0;0;0;0;0;0;0;0;4416859;3441709;4463;2;3613796;2861;48;0;1
FR;3;2022-04-06;0;0;0;0;0;0;0;0;0;4416859;3441709;4463;2;3613796;2861;48;0;1
FR;3;2022-04-07;0;0;0;0;0;0;0;0;0;4416859;3441709;4463;2;3613796;2861;48;0;1
FR;3;2022-04-08;0;0;0;0;0;0;0;0;0;4416859;3441709;4463;2;3613796;2861;48;0;1
FR;3;2022-04-09;0;0;0;0;0;0;0;0;0;4416859;3441709;4463;2;3613796;2861;48;0;1
FR;3;2022-04-10;0;0;0;0;0;0;0;0;0;4416859;3441709;4463;2;3613796;2861;48;0;1
FR;3;2022-04-11;0;0;0;0;0;0;0;0;0;4416859;3441709;4463;2;3613796;2861;48;0;1
FR;3;2022-04-12;0;0;0;0;0;0;0;0;0;4416859;3441709;4463;2;3613796;2861;48;0;1
FR;3;2022-04-13;0;0;0;0;0;0;0;0;0;4416859;3441709;4463;2;3613796;2861;48;0;1
FR;3;2022-04-14;0;0;0;0;0;0;0;0;0;4416859;3441709;4463;2;3613796;2861;48;0;1
FR;3;2022-04-15;1;0;0;0;0;0;0;0;0;4416860;3441709;4463;2;3613796;2861;48;0;1
FR;3;2022-04-16;0;0;0;0;0;0;0;0;0;4416860;3441709;4463;2;3613796;2861;48;0;1
FR;3;2022-04-17;0;0;0;0;0;0;0;0;0;4416860;3441709;4463;2;3613796;2861;48;0;1
FR;3;2022-04-18;0;0;0;0;0;0;0;0;0;4416860;3441709;4463;2;3613796;2861;48;0;1
FR;3;2022-04-19;0;0;0;0;0;0;0;0;0;4416860;3441709;4463;2;3613796;2861;48;0;1
FR;3;2022-04-20;0;0;0;0;0;0;0;0;0;4416860;3441709;4463;2;3613796;2861;48;0;1
FR;3;2022-04-21;0;0;0;0;0;0;0;0;0;4416860;3441709;4463;2;3613796;2861;48;0;1
FR;3;2022-04-22;0;0;0;0;0;0;0;0;0;4416860;3441709;4463;2;3613796;2861;48;0;1
FR;3;2022-04-23;0;0;0;0;0;0;0;0;0;4416860;3441709;4463;2;3613796;2861;48;0;1
FR;3;2022-04-24;0;0;0;0;0;0;0;0;0;4416860;3441709;4463;2;3613796;2861;48;0;1
FR;3;2022-04-25;0;0;0;0;0;0;0;0;0;4416860;3441709;4463;2;3613796;2861;48;0;1
FR;3;2022-04-26;0;0;0;0;0;0;0;0;0;4416860;3441709;4463;2;3613796;2861;48;0;1
FR;3;2022-04-27;0;0;0;0;0;0;0;0;0;4416860;3441709;4463;2;3613796;2861;48;0;1
FR;3;2022-04-28;0;0;0;0;0;0;0;0;0;4416860;3441709;4463;2;3613796;2861;48;0;1
FR;3;2022-04-29;0;0;0;0;0;0;0;0;0;4416860;3441709;4463;2;3613796;2861;48;0;1
FR;3;2022-04-30;0;0;0;0;0;0;0;0;0;4416860;3441709;4463;2;3613796;2861;48;0;1
FR;3;2022-05-01;0;0;0;0;0;0;0;0;0;4416860;3441709;4463;2;3613796;2861;48;0;1
FR;3;2022-05-02;0;0;0;0;0;0;0;0;0;4416860;3441709;4463;2;3613796;2861;48;0;1
FR;3;2022-05-03;0;0;0;0;0;0;0;0;0;4416860;3441709;4463;2;3613796;2861;48;0;1
FR;3;2022-05-04;0;0;0;0;0;0;0;0;0;4416860;3441709;4463;2;3613796;2861;48;0;1
FR;3;2022-05-05;0;0;0;0;0;0;0;0;0;4416860;3441709;4463;2;3613796;2861;48;0;1
FR;3;2022-05-06;0;0;0;0;0;0;0;0;0;4416860;3441709;4463;2;3613796;2861;48;0;1
FR;3;2022-05-07;0;0;0;0;0;0;0;0;0;4416860;3441709;4463;2;3613796;2861;48;0;1
FR;3;2022-05-08;0;0;0;0;0;0;0;0;0;4416860;3441709;4463;2;3613796;2861;48;0;1
FR;3;2022-05-09;0;0;0;0;0;0;0;0;0;4416860;3441709;4463;2;3613796;2861;48;0;1
FR;3;2022-05-10;0;0;0;0;0;0;0;0;0;4416860;3441709;4463;2;3613796;2861;48;0;1
FR;3;2022-05-11;0;0;0;0;0;0;0;0;0;4416860;3441709;4463;2;3613796;2861;48;0;1
FR;3;2022-05-12;0;0;0;0;0;0;0;0;0;4416860;3441709;4463;2;3613796;2861;48;0;1
FR;3;2022-05-13;0;0;0;0;0;0;0;0;0;4416860;3441709;4463;2;3613796;2861;48;0;1
FR;3;2022-05-14;1;0;0;0;0;0;0;0;0;4416861;3441709;4463;2;3613796;2861;48;0;1
FR;3;2022-05-15;0;0;0;0;0;0;0;0;0;4416861;3441709;4463;2;3613796;2861;48;0;1
FR;3;2022-05-16;0;0;0;0;0;0;0;0;0;4416861;3441709;4463;2;3613796;2861;48;0;1
FR;3;2022-05-17;0;0;0;0;0;0;0;0;0;4416861;3441709;4463;2;3613796;2861;48;0;1
FR;3;2022-05-18;0;0;0;0;0;0;0;0;0;4416861;3441709;4463;2;3613796;2861;48;0;1
FR;3;2022-05-19;0;0;0;0;0;0;0;0;0;4416861;3441709;4463;2;3613796;2861;48;0;1
FR;3;2022-05-20;0;0;0;0;0;0;0;0;0;4416861;3441709;4463;2;3613796;2861;48;0;1
FR;3;2022-05-21;0;0;0;0;0;0;0;0;0;4416861;3441709;4463;2;3613796;2861;48;0;1
FR;3;2022-05-22;0;0;0;0;0;0;0;0;0;4416861;3441709;4463;2;3613796;2861;48;0;1
FR;3;2022-05-23;0;0;0;0;0;0;0;0;0;4416861;3441709;4463;2;3613796;2861;48;0;1
FR;3;2022-05-24;0;0;0;0;0;0;0;0;0;4416861;3441709;4463;2;3613796;2861;48;0;1
FR;3;2022-05-25;0;0;0;0;0;0;0;0;0;4416861;3441709;4463;2;3613796;2861;48;0;1
FR;3;2022-05-26;0;0;0;0;0;0;0;0;0;4416861;3441709;4463;2;3613796;2861;48;0;1
FR;3;2022-05-27;0;0;0;0;0;0;0;0;0;4416861;3441709;4463;2;3613796;2861;48;0;1
FR;3;2022-05-28;0;0;0;0;0;0;0;0;0;4416861;3441709;4463;2;3613796;2861;48;0;1
FR;3;2022-05-29;0;0;0;0;0;0;0;0;0;4416861;3441709;4463;2;3613796;2861;48;0;1
FR;3;2022-05-30;0;0;0;0;0;0;0;0;0;4416861;3441709;4463;2;3613796;2861;48;0;1
FR;3;2022-05-31;0;0;0;0;0;0;0;0;0;4416861;3441709;4463;2;3613796;2861;48;0;1
FR;3;2022-06-01;0;0;0;0;0;0;0;0;0;4416861;3441709;4463;2;3613796;2861;48;0;1
FR;3;2022-06-02;0;0;0;0;0;0;0;0;0;4416861;3441709;4463;2;3613796;2861;48;0;1
FR;3;2022-06-03;0;0;0;0;0;0;0;0;0;4416861;3441709;4463;2;3613796;2861;48;0;1
FR;3;2022-06-04;0;0;0;0;0;0;0;0;0;4416861;3441709;4463;2;3613796;2861;48;0;1
FR;3;2022-06-05;0;0;0;0;0;0;0;0;0;4416861;3441709;4463;2;3613796;2861;48;0;1
FR;3;2022-06-06;0;0;0;0;0;0;0;0;0;4416861;3441709;4463;2;3613796;2861;48;0;1
FR;3;2022-06-07;0;0;0;0;0;0;0;0;0;4416861;3441709;4463;2;3613796;2861;48;0;1
FR;3;2022-06-08;0;0;0;0;0;0;0;0;0;4416861;3441709;4463;2;3613796;2861;48;0;1
FR;3;2022-06-09;0;0;0;0;0;0;0;0;0;4416861;3441709;4463;2;3613796;2861;48;0;1
FR;3;2022-06-10;0;0;0;0;0;0;0;0;0;4416861;3441709;4463;2;3613796;2861;48;0;1
FR;3;2022-06-11;0;0;0;0;0;0;0;0;0;4416861;3441709;4463;2;3613796;2861;48;0;1
FR;3;2022-06-12;0;0;0;0;0;0;0;0;0;4416861;3441709;4463;2;3613796;2861;48;0;1
FR;3;2022-06-13;1;0;0;0;0;0;0;0;0;4416862;3441709;4463;2;3613796;2861;48;0;1
FR;3;2022-06-14;0;0;0;0;0;0;0;0;0;4416862;3441709;4463;2;3613796;2861;48;0;1
FR;3;2022-06-15;0;0;0;0;0;0;0;0;0;4416862;3441709;4463;2;3613796;2861;48;0;1
FR;3;2022-06-16;0;0;0;0;0;0;0;0;0;4416862;3441709;4463;2;3613796;2861;48;0;1
FR;3;2022-06-17;0;0;0;0;0;0;0;0;0;4416862;3441709;4463;2;3613796;2861;48;0;1
FR;3;2022-06-18;0;0;0;0;0;0;0;0;0;4416862;3441709;4463;2;3613796;2861;48;0;1
FR;3;2022-06-19;0;0;0;0;0;0;0;0;0;4416862;3441709;4463;2;3613796;2861;48;0;1
FR;3;2022-06-20;0;0;0;0;0;0;0;0;0;4416862;3441709;4463;2;3613796;2861;48;0;1
FR;3;2022-06-21;0;0;0;0;0;0;0;0;0;4416862;3441709;4463;2;3613796;2861;48;0;1
FR;3;2022-06-22;0;0;0;0;0;0;0;0;0;4416862;3441709;4463;2;3613796;2861;48;0;1
FR;3;2022-06-23;0;0;0;0;0;0;0;0;0;4416862;3441709;4463;2;3613796;2861;48;0;1
FR;3;2022-06-24;0;0;0;0;0;0;0;0;0;4416862;3441709;4463;2;3613796;2861;48;0;1
FR;3;2022-06-25;0;0;0;0;0;0;0;0;0;4416862;3441709;4463;2;3613796;2861;48;0;1
FR;3;2022-06-26;0;0;0;0;0;0;0;0;0;4416862;3441709;4463;2;3613796;2861;48;0;1
FR;3;2022-06-27;0;0;0;0;0;0;0;0;0;4416862;3441709;4463;2;3613796;2861;48;0;1
FR;3;2022-06-28;0;0;0;0;0;0;0;0;0;4416862;3441709;4463;2;3613796;2861;48;0;1
FR;3;2022-06-29;1;0;0;0;0;0;0;0;0;4416863;3441709;4463;2;3613796;2861;48;0;1
FR;3;2022-06-30;0;0;0;0;0;0;0;0;0;4416863;3441709;4463;2;3613796;2861;48;0;1
FR;3;2022-07-01;0;0;0;0;0;0;0;0;0;4416863;3441709;4463;2;3613796;2861;48;0;1
FR;3;2022-07-02;0;0;0;0;0;0;0;0;0;4416863;3441709;4463;2;3613796;2861;48;0;1
FR;3;2022-07-03;0;0;0;0;0;0;0;0;0;4416863;3441709;4463;2;3613796;2861;48;0;1
FR;3;2022-07-04;0;0;0;0;0;0;0;0;0;4416863;3441709;4463;2;3613796;2861;48;0;1
FR;3;2022-07-05;0;0;0;0;0;0;0;0;0;4416863;3441709;4463;2;3613796;2861;48;0;1
FR;3;2022-07-06;0;0;0;0;0;0;0;0;0;4416863;3441709;4463;2;3613796;2861;48;0;1
FR;3;2022-07-07;0;0;0;0;0;0;0;0;0;4416863;3441709;4463;2;3613796;2861;48;0;1
FR;3;2022-07-08;0;0;0;0;0;0;0;0;0;4416863;3441709;4463;2;3613796;2861;48;0;1
FR;3;2022-07-09;0;0;0;0;0;0;0;0;0;4416863;3441709;4463;2;3613796;2861;48;0;1
FR;3;2022-07-10;0;0;0;0;0;0;0;0;0;4416863;3441709;4463;2;3613796;2861;48;0;1
FR;3;2022-07-11;0;0;0;0;0;0;0;0;0;4416863;3441709;4463;2;3613796;2861;48;0;1
FR;3;2022-07-12;0;0;0;0;0;0;0;0;0;4416863;3441709;4463;2;3613796;2861;48;0;1
FR;3;2022-07-13;0;0;0;0;0;0;0;0;0;4416863;3441709;4463;2;3613796;2861;48;0;1
FR;3;2022-07-14;0;0;0;0;0;0;0;0;0;4416863;3441709;4463;2;3613796;2861;48;0;1
FR;3;2022-07-15;0;0;0;0;0;0;0;0;0;4416863;3441709;4463;2;3613796;2861;48;0;1
FR;3;2022-07-16;0;0;0;0;0;0;0;0;0;4416863;3441709;4463;2;3613796;2861;48;0;1
FR;3;2022-07-17;0;0;0;0;0;0;0;0;0;4416863;3441709;4463;2;3613796;2861;48;0;1
FR;3;2022-07-18;0;0;0;0;0;0;0;0;0;4416863;3441709;4463;2;3613796;2861;48;0;1
FR;3;2022-07-19;0;0;0;0;0;0;0;0;0;4416863;3441709;4463;2;3613796;2861;48;0;1
FR;3;2022-07-20;0;0;0;0;0;0;0;0;0;4416863;3441709;4463;2;3613796;2861;48;0;1
FR;3;2022-07-21;0;0;0;0;0;0;0;0;0;4416863;3441709;4463;2;3613796;2861;48;0;1
FR;3;2022-07-22;0;0;0;0;0;0;0;0;0;4416863;3441709;4463;2;3613796;2861;48;0;1
FR;3;2022-07-23;0;0;0;0;0;0;0;0;0;4416863;3441709;4463;2;3613796;2861;48;0;1
FR;3;2022-07-24;0;0;0;0;0;0;0;0;0;4416863;3441709;4463;2;3613796;2861;48;0;1
FR;3;2022-07-25;0;0;0;0;0;0;0;0;0;4416863;3441709;4463;2;3613796;2861;48;0;1
FR;3;2022-07-26;0;0;0;0;0;0;0;0;0;4416863;3441709;4463;2;3613796;2861;48;0;1
FR;3;2022-07-27;0;0;0;0;0;0;0;0;0;4416863;3441709;4463;2;3613796;2861;48;0;1
FR;3;2022-07-28;0;0;0;0;0;0;0;0;0;4416863;3441709;4463;2;3613796;2861;48;0;1
FR;3;2022-07-29;0;0;0;0;0;0;0;0;0;4416863;3441709;4463;2;3613796;2861;48;0;1
FR;3;2022-07-30;0;0;0;0;0;0;0;0;0;4416863;3441709;4463;2;3613796;2861;48;0;1
FR;3;2022-07-31;0;0;0;0;0;0;0;0;0;4416863;3441709;4463;2;3613796;2861;48;0;1
FR;3;2022-08-01;0;0;0;0;0;0;0;0;0;4416863;3441709;4463;2;3613796;2861;48;0;1
FR;3;2022-08-02;0;0;0;0;0;0;0;0;0;4416863;3441709;4463;2;3613796;2861;48;0;1
FR;3;2022-08-03;0;0;0;0;0;0;0;0;0;4416863;3441709;4463;2;3613796;2861;48;0;1
FR;3;2022-08-04;0;0;0;0;0;0;0;0;0;4416863;3441709;4463;2;3613796;2861;48;0;1
FR;3;2022-08-05;0;0;0;0;0;0;0;0;0;4416863;3441709;4463;2;3613796;2861;48;0;1
FR;3;2022-08-06;0;0;0;0;0;0;0;0;0;4416863;3441709;4463;2;3613796;2861;48;0;1
FR;3;2022-08-07;0;0;0;0;0;0;0;0;0;4416863;3441709;4463;2;3613796;2861;48;0;1
FR;3;2022-08-08;0;0;0;0;0;0;0;0;0;4416863;3441709;4463;2;3613796;2861;48;0;1
FR;3;2022-08-09;0;0;0;0;0;0;0;0;0;4416863;3441709;4463;2;3613796;2861;48;0;1
FR;3;2022-08-10;0;0;0;0;0;0;0;0;0;4416863;3441709;4463;2;3613796;2861;48;0;1
FR;3;2022-08-11;0;0;0;0;0;0;0;0;0;4416863;3441709;4463;2;3613796;2861;48;0;1
FR;3;2022-08-12;0;0;0;0;0;0;0;0;0;4416863;3441709;4463;2;3613796;2861;48;0;1
FR;3;2022-08-13;0;0;0;0;0;0;0;0;0;4416863;3441709;4463;2;3613796;2861;48;0;1
FR;3;2022-08-14;0;0;0;0;0;0;0;0;0;4416863;3441709;4463;2;3613796;2861;48;0;1
FR;3;2022-08-15;0;0;0;0;0;0;0;0;0;4416863;3441709;4463;2;3613796;2861;48;0;1
FR;3;2022-08-16;0;0;0;0;0;0;0;0;0;4416863;3441709;4463;2;3613796;2861;48;0;1
FR;3;2022-08-17;0;0;0;0;0;0;0;0;0;4416863;3441709;4463;2;3613796;2861;48;0;1
FR;3;2022-08-18;0;0;0;0;0;0;0;0;0;4416863;3441709;4463;2;3613796;2861;48;0;1
FR;3;2022-08-19;0;0;0;0;0;0;0;0;0;4416863;3441709;4463;2;3613796;2861;48;0;1
FR;3;2022-08-20;0;0;0;0;0;0;0;0;0;4416863;3441709;4463;2;3613796;2861;48;0;1
FR;3;2022-08-21;0;0;0;0;0;0;0;0;0;4416863;3441709;4463;2;3613796;2861;48;0;1
FR;3;2022-08-22;0;0;0;0;0;0;0;0;0;4416863;3441709;4463;2;3613796;2861;48;0;1
FR;3;2022-08-23;0;0;0;0;0;0;0;0;0;4416863;3441709;4463;2;3613796;2861;48;0;1
FR;3;2022-08-24;0;0;0;0;0;0;0;0;0;4416863;3441709;4463;2;3613796;2861;48;0;1
FR;3;2022-08-25;0;0;0;0;0;0;0;0;0;4416863;3441709;4463;2;3613796;2861;48;0;1
FR;3;2022-08-26;0;0;0;0;0;0;0;0;0;4416863;3441709;4463;2;3613796;2861;48;0;1
FR;3;2022-08-27;0;0;0;0;0;0;0;0;0;4416863;3441709;4463;2;3613796;2861;48;0;1
FR;3;2022-08-28;0;0;0;0;0;0;0;0;0;4416863;3441709;4463;2;3613796;2861;48;0;1
FR;3;2022-08-29;0;0;0;0;0;0;0;0;0;4416863;3441709;4463;2;3613796;2861;48;0;1
FR;3;2022-08-30;0;0;0;0;0;0;0;0;0;4416863;3441709;4463;2;3613796;2861;48;0;1
FR;3;2022-08-31;0;0;0;0;0;0;0;0;0;4416863;3441709;4463;2;3613796;2861;48;0;1
FR;3;2022-09-01;0;0;0;0;0;0;0;0;0;4416863;3441709;4463;2;3613796;2861;48;0;1
FR;3;2022-09-02;0;0;0;0;0;0;0;0;0;4416863;3441709;4463;2;3613796;2861;48;0;1
FR;3;2022-09-03;0;0;0;0;0;0;0;0;0;4416863;3441709;4463;2;3613796;2861;48;0;1
FR;3;2022-09-04;0;0;0;0;0;0;0;0;0;4416863;3441709;4463;2;3613796;2861;48;0;1
FR;3;2022-09-05;0;0;0;0;0;0;0;0;0;4416863;3441709;4463;2;3613796;2861;48;0;1
FR;3;2022-09-06;0;0;0;0;0;0;0;0;0;4416863;3441709;4463;2;3613796;2861;48;0;1
FR;3;2022-09-07;0;0;0;0;0;0;0;0;0;4416863;3441709;4463;2;3613796;2861;48;0;1
FR;3;2022-09-08;0;0;0;0;0;0;0;0;0;4416863;3441709;4463;2;3613796;2861;48;0;1
FR;3;2022-09-09;0;0;0;0;0;0;0;0;0;4416863;3441709;4463;2;3613796;2861;48;0;1
FR;3;2022-09-10;0;0;0;0;0;0;0;0;0;4416863;3441709;4463;2;3613796;2861;48;0;1
FR;3;2022-09-11;0;0;0;0;0;0;0;0;0;4416863;3441709;4463;2;3613796;2861;48;0;1
FR;3;2022-09-12;0;0;0;0;0;0;0;0;0;4416863;3441709;4463;2;3613796;2861;48;0;1
FR;3;2022-09-13;0;0;0;0;0;0;0;0;0;4416863;3441709;4463;2;3613796;2861;48;0;1
FR;3;2022-09-14;0;0;0;0;0;0;0;0;0;4416863;3441709;4463;2;3613796;2861;48;0;1
FR;3;2022-09-15;0;0;0;0;0;0;0;0;0;4416863;3441709;4463;2;3613796;2861;48;0;1
FR;3;2022-09-16;0;0;0;0;0;0;0;0;0;4416863;3441709;4463;2;3613796;2861;48;0;1
FR;3;2022-09-17;0;0;0;0;0;0;0;0;0;4416863;3441709;4463;2;3613796;2861;48;0;1
FR;3;2022-09-18;0;0;0;0;0;0;0;0;0;4416863;3441709;4463;2;3613796;2861;48;0;1
FR;3;2022-09-19;0;0;0;0;0;0;0;0;0;4416863;3441709;4463;2;3613796;2861;48;0;1
FR;3;2022-09-20;0;0;0;0;0;0;0;0;0;4416863;3441709;4463;2;3613796;2861;48;0;1
FR;3;2022-09-21;0;0;0;0;0;0;0;0;0;4416863;3441709;4463;2;3613796;2861;48;0;1
FR;3;2022-09-22;0;0;0;0;0;0;0;0;0;4416863;3441709;4463;2;3613796;2861;48;0;1
FR;3;2022-09-23;0;0;0;0;0;0;0;0;0;4416863;3441709;4463;2;3613796;2861;48;0;1
FR;3;2022-09-24;0;0;0;0;0;0;0;0;0;4416863;3441709;4463;2;3613796;2861;48;0;1
FR;3;2022-09-25;0;0;0;0;0;0;0;0;0;4416863;3441709;4463;2;3613796;2861;48;0;1
FR;3;2022-09-26;0;0;0;0;0;0;0;0;0;4416863;3441709;4463;2;3613796;2861;48;0;1
FR;3;2022-09-27;0;0;0;0;0;0;0;0;0;4416863;3441709;4463;2;3613796;2861;48;0;1
FR;3;2022-09-28;0;0;0;0;0;0;0;0;0;4416863;3441709;4463;2;3613796;2861;48;0;1
FR;3;2022-09-29;0;0;0;0;0;0;0;0;0;4416863;3441709;4463;2;3613796;2861;48;0;1
FR;3;2022-09-30;0;0;0;0;0;0;0;0;0;4416863;3441709;4463;2;3613796;2861;48;0;1
FR;3;2022-10-01;0;0;0;0;0;0;0;0;0;4416863;3441709;4463;2;3613796;2861;48;0;1
FR;3;2022-10-02;0;0;0;0;0;0;0;0;0;4416863;3441709;4463;2;3613796;2861;48;0;1
FR;3;2022-10-03;0;0;0;0;0;0;0;0;0;4416863;3441709;4463;2;3613796;2861;48;0;1
FR;3;2022-10-04;0;0;0;0;0;0;0;0;0;4416863;3441709;4463;2;3613796;2861;48;0;1
FR;3;2022-10-05;0;0;0;0;0;0;0;0;0;4416863;3441709;4463;2;3613796;2861;48;0;1
FR;3;2022-10-06;0;0;0;0;0;0;0;0;0;4416863;3441709;4463;2;3613796;2861;48;0;1
FR;3;2022-10-07;0;0;0;0;0;0;0;0;0;4416863;3441709;4463;2;3613796;2861;48;0;1
FR;3;2022-10-08;0;0;0;0;0;0;0;0;0;4416863;3441709;4463;2;3613796;2861;48;0;1
FR;3;2022-10-09;0;0;0;0;0;0;0;0;0;4416863;3441709;4463;2;3613796;2861;48;0;1
FR;3;2022-10-10;0;0;0;0;0;0;0;0;0;4416863;3441709;4463;2;3613796;2861;48;0;1
FR;3;2022-10-11;0;0;0;0;0;0;0;0;0;4416863;3441709;4463;2;3613796;2861;48;0;1
FR;3;2022-10-12;0;0;0;0;0;0;0;0;0;4416863;3441709;4463;2;3613796;2861;48;0;1
FR;3;2022-10-13;0;0;0;0;0;0;0;0;0;4416863;3441709;4463;2;3613796;2861;48;0;1
FR;3;2022-10-14;0;0;0;0;0;0;0;0;0;4416863;3441709;4463;2;3613796;2861;48;0;1
FR;3;2022-10-15;0;0;0;0;0;0;0;0;0;4416863;3441709;4463;2;3613796;2861;48;0;1
FR;3;2022-10-16;0;0;0;0;0;0;0;0;0;4416863;3441709;4463;2;3613796;2861;48;0;1
FR;3;2022-10-17;0;0;0;0;0;0;0;0;0;4416863;3441709;4463;2;3613796;2861;48;0;1
FR;3;2022-10-18;0;0;0;0;0;0;0;0;0;4416863;3441709;4463;2;3613796;2861;48;0;1
FR;3;2022-10-19;0;0;0;0;0;0;0;0;0;4416863;3441709;4463;2;3613796;2861;48;0;1
FR;3;2022-10-20;0;0;0;0;0;0;0;0;0;4416863;3441709;4463;2;3613796;2861;48;0;1
FR;3;2022-10-21;0;0;0;0;0;0;0;0;0;4416863;3441709;4463;2;3613796;2861;48;0;1
FR;3;2022-10-22;0;0;0;0;0;0;0;0;0;4416863;3441709;4463;2;3613796;2861;48;0;1
FR;3;2022-10-23;0;0;0;0;0;0;0;0;0;4416863;3441709;4463;2;3613796;2861;48;0;1
FR;3;2022-10-24;0;0;0;0;0;0;0;0;0;4416863;3441709;4463;2;3613796;2861;48;0;1
FR;3;2022-10-25;0;0;0;0;0;0;0;0;0;4416863;3441709;4463;2;3613796;2861;48;0;1
FR;3;2022-10-26;0;0;0;0;0;0;0;0;0;4416863;3441709;4463;2;3613796;2861;48;0;1
FR;3;2022-10-27;0;0;0;0;0;0;0;0;0;4416863;3441709;4463;2;3613796;2861;48;0;1
FR;3;2022-10-28;0;0;0;0;0;0;0;0;0;4416863;3441709;4463;2;3613796;2861;48;0;1
FR;3;2022-10-29;0;0;0;0;0;0;0;0;0;4416863;3441709;4463;2;3613796;2861;48;0;1
FR;3;2022-10-30;0;0;0;0;0;0;0;0;0;4416863;3441709;4463;2;3613796;2861;48;0;1
FR;3;2022-10-31;0;0;0;0;0;0;0;0;0;4416863;3441709;4463;2;3613796;2861;48;0;1
FR;3;2022-11-01;0;0;0;0;0;0;0;0;0;4416863;3441709;4463;2;3613796;2861;48;0;1
FR;3;2022-11-02;0;0;0;0;0;0;0;0;0;4416863;3441709;4463;2;3613796;2861;48;0;1
FR;3;2022-11-03;0;0;0;0;0;0;0;0;0;4416863;3441709;4463;2;3613796;2861;48;0;1
FR;3;2022-11-04;0;0;0;0;0;0;0;0;0;4416863;3441709;4463;2;3613796;2861;48;0;1
FR;3;2022-11-05;0;0;0;0;0;0;0;0;0;4416863;3441709;4463;2;3613796;2861;48;0;1
FR;3;2022-11-06;0;0;0;0;0;0;0;0;0;4416863;3441709;4463;2;3613796;2861;48;0;1
FR;3;2022-11-07;0;0;0;0;0;0;0;0;0;4416863;3441709;4463;2;3613796;2861;48;0;1
FR;3;2022-11-08;1;0;0;0;0;0;0;0;0;4416864;3441709;4463;2;3613796;2861;48;0;1
FR;3;2022-11-09;0;0;0;0;0;0;0;0;0;4416864;3441709;4463;2;3613796;2861;48;0;1
FR;3;2022-11-10;0;0;0;0;0;0;0;0;0;4416864;3441709;4463;2;3613796;2861;48;0;1
FR;3;2022-11-11;0;0;0;0;0;0;0;0;0;4416864;3441709;4463;2;3613796;2861;48;0;1
FR;3;2022-11-12;0;0;0;0;0;0;0;0;0;4416864;3441709;4463;2;3613796;2861;48;0;1
FR;3;2022-11-13;0;0;0;0;0;0;0;0;0;4416864;3441709;4463;2;3613796;2861;48;0;1
FR;3;2022-11-14;0;0;0;0;0;0;0;0;0;4416864;3441709;4463;2;3613796;2861;48;0;1
FR;3;2022-11-15;0;0;0;0;0;0;0;0;0;4416864;3441709;4463;2;3613796;2861;48;0;1
FR;3;2022-11-16;0;0;0;0;0;0;0;0;0;4416864;3441709;4463;2;3613796;2861;48;0;1
FR;3;2022-11-17;0;0;0;0;0;0;0;0;0;4416864;3441709;4463;2;3613796;2861;48;0;1
FR;3;2022-11-18;0;0;0;0;0;0;0;0;0;4416864;3441709;4463;2;3613796;2861;48;0;1
FR;3;2022-11-19;0;0;0;0;0;0;0;0;0;4416864;3441709;4463;2;3613796;2861;48;0;1
FR;3;2022-11-20;0;0;0;0;0;0;0;0;0;4416864;3441709;4463;2;3613796;2861;48;0;1
FR;3;2022-11-21;0;0;0;0;0;0;0;0;0;4416864;3441709;4463;2;3613796;2861;48;0;1
FR;3;2022-11-22;0;0;0;0;0;0;0;0;0;4416864;3441709;4463;2;3613796;2861;48;0;1
FR;3;2022-11-23;0;0;0;0;0;0;0;0;0;4416864;3441709;4463;2;3613796;2861;48;0;1
FR;3;2022-11-24;0;0;0;0;0;0;0;0;0;4416864;3441709;4463;2;3613796;2861;48;0;1
FR;3;2022-11-25;0;0;0;0;0;0;0;0;0;4416864;3441709;4463;2;3613796;2861;48;0;1
FR;3;2022-11-26;0;0;0;0;0;0;0;0;0;4416864;3441709;4463;2;3613796;2861;48;0;1
FR;3;2022-11-27;0;0;0;0;0;0;0;0;0;4416864;3441709;4463;2;3613796;2861;48;0;1
FR;3;2022-11-28;0;0;0;0;0;0;0;0;0;4416864;3441709;4463;2;3613796;2861;48;0;1
FR;3;2022-11-29;0;0;0;0;0;0;0;0;0;4416864;3441709;4463;2;3613796;2861;48;0;1
FR;3;2022-11-30;0;0;0;0;0;0;0;0;0;4416864;3441709;4463;2;3613796;2861;48;0;1
FR;3;2022-12-01;0;0;0;0;0;0;0;0;0;4416864;3441709;4463;2;3613796;2861;48;0;1
FR;3;2022-12-02;0;0;0;0;0;0;0;0;0;4416864;3441709;4463;2;3613796;2861;48;0;1
FR;3;2022-12-03;0;0;0;0;0;0;0;0;0;4416864;3441709;4463;2;3613796;2861;48;0;1
FR;3;2022-12-04;0;0;0;0;0;0;0;0;0;4416864;3441709;4463;2;3613796;2861;48;0;1
FR;3;2022-12-05;0;0;0;0;0;0;0;0;0;4416864;3441709;4463;2;3613796;2861;48;0;1
FR;3;2022-12-06;0;0;0;0;0;0;0;0;0;4416864;3441709;4463;2;3613796;2861;48;0;1
FR;3;2022-12-07;0;0;0;0;0;0;0;0;0;4416864;3441709;4463;2;3613796;2861;48;0;1
FR;3;2022-12-08;0;0;0;0;0;0;0;0;0;4416864;3441709;4463;2;3613796;2861;48;0;1
FR;3;2022-12-09;0;0;0;0;0;0;0;0;0;4416864;3441709;4463;2;3613796;2861;48;0;1
FR;3;2022-12-10;0;0;0;0;0;0;0;0;0;4416864;3441709;4463;2;3613796;2861;48;0;1
FR;3;2022-12-11;0;0;0;0;0;0;0;0;0;4416864;3441709;4463;2;3613796;2861;48;0;1
FR;3;2022-12-12;0;0;0;0;0;0;0;0;0;4416864;3441709;4463;2;3613796;2861;48;0;1
FR;3;2022-12-13;0;0;0;0;0;0;0;0;0;4416864;3441709;4463;2;3613796;2861;48;0;1
FR;3;2022-12-14;0;0;0;0;0;0;0;0;0;4416864;3441709;4463;2;3613796;2861;48;0;1
FR;3;2022-12-15;0;0;0;0;0;0;0;0;0;4416864;3441709;4463;2;3613796;2861;48;0;1
FR;3;2022-12-16;0;0;0;0;0;0;0;0;0;4416864;3441709;4463;2;3613796;2861;48;0;1
FR;3;2022-12-17;0;0;0;0;0;0;0;0;0;4416864;3441709;4463;2;3613796;2861;48;0;1
FR;3;2022-12-18;0;0;0;0;0;0;0;0;0;4416864;3441709;4463;2;3613796;2861;48;0;1
FR;3;2022-12-19;0;0;0;0;0;0;0;0;0;4416864;3441709;4463;2;3613796;2861;48;0;1
FR;3;2022-12-20;0;0;0;0;0;0;0;0;0;4416864;3441709;4463;2;3613796;2861;48;0;1
FR;3;2022-12-21;0;0;0;0;0;0;0;0;0;4416864;3441709;4463;2;3613796;2861;48;0;1
FR;3;2022-12-22;0;0;0;0;0;0;0;0;0;4416864;3441709;4463;2;3613796;2861;48;0;1
FR;3;2022-12-23;0;0;0;0;0;0;0;0;0;4416864;3441709;4463;2;3613796;2861;48;0;1
FR;3;2022-12-24;0;0;0;0;0;0;0;0;0;4416864;3441709;4463;2;3613796;2861;48;0;1
FR;3;2022-12-25;0;0;0;0;0;0;0;0;0;4416864;3441709;4463;2;3613796;2861;48;0;1
FR;3;2022-12-26;0;0;0;0;0;0;0;0;0;4416864;3441709;4463;2;3613796;2861;48;0;1
FR;3;2022-12-27;0;0;0;0;0;0;0;0;0;4416864;3441709;4463;2;3613796;2861;48;0;1
FR;3;2022-12-28;0;0;0;0;0;0;0;0;0;4416864;3441709;4463;2;3613796;2861;48;0;1
FR;3;2022-12-29;0;0;0;0;0;0;0;0;0;4416864;3441709;4463;2;3613796;2861;48;0;1
FR;3;2022-12-30;0;0;0;0;0;0;0;0;0;4416864;3441709;4463;2;3613796;2861;48;0;1
FR;3;2022-12-31;0;0;0;0;0;0;0;0;0;4416864;3441709;4463;2;3613796;2861;48;0;1
FR;3;2023-01-01;0;0;0;0;0;0;0;0;0;4416864;3441709;4463;2;3613796;2861;48;0;1
FR;3;2023-01-02;0;0;0;0;0;0;0;0;0;4416864;3441709;4463;2;3613796;2861;48;0;1
FR;3;2023-01-03;0;0;0;0;0;0;0;0;0;4416864;3441709;4463;2;3613796;2861;48;0;1
FR;3;2023-01-04;0;0;0;0;0;0;0;0;0;4416864;3441709;4463;2;3613796;2861;48;0;1
FR;3;2023-01-05;0;0;0;0;0;0;0;0;0;4416864;3441709;4463;2;3613796;2861;48;0;1
FR;3;2023-01-06;0;0;0;0;0;0;0;0;0;4416864;3441709;4463;2;3613796;2861;48;0;1
FR;3;2023-01-07;0;0;0;0;0;0;0;0;0;4416864;3441709;4463;2;3613796;2861;48;0;1
FR;3;2023-01-08;0;0;0;0;0;0;0;0;0;4416864;3441709;4463;2;3613796;2861;48;0;1
FR;3;2023-01-09;0;0;0;0;0;0;0;0;0;4416864;3441709;4463;2;3613796;2861;48;0;1
FR;3;2023-01-10;0;0;0;0;0;0;0;0;0;4416864;3441709;4463;2;3613796;2861;48;0;1
FR;3;2023-01-11;0;0;0;0;0;0;0;0;0;4416864;3441709;4463;2;3613796;2861;48;0;1
FR;3;2023-01-12;0;0;0;0;0;0;0;0;0;4416864;3441709;4463;2;3613796;2861;48;0;1
FR;3;2023-01-13;0;0;0;0;0;0;0;0;0;4416864;3441709;4463;2;3613796;2861;48;0;1
FR;3;2023-01-14;0;0;0;0;0;0;0;0;0;4416864;3441709;4463;2;3613796;2861;48;0;1
FR;3;2023-01-15;0;0;0;0;0;0;0;0;0;4416864;3441709;4463;2;3613796;2861;48;0;1
FR;3;2023-01-16;0;0;0;0;0;0;0;0;0;4416864;3441709;4463;2;3613796;2861;48;0;1
FR;3;2023-01-17;0;0;0;0;0;0;0;0;0;4416864;3441709;4463;2;3613796;2861;48;0;1
FR;3;2023-01-18;0;0;0;0;0;0;0;0;0;4416864;3441709;4463;2;3613796;2861;48;0;1
FR;3;2023-01-19;0;0;0;0;0;0;0;0;0;4416864;3441709;4463;2;3613796;2861;48;0;1
FR;3;2023-01-20;0;0;0;0;0;0;0;0;0;4416864;3441709;4463;2;3613796;2861;48;0;1
FR;3;2023-01-21;0;0;0;0;0;0;0;0;0;4416864;3441709;4463;2;3613796;2861;48;0;1
FR;3;2023-01-22;0;0;0;0;0;0;0;0;0;4416864;3441709;4463;2;3613796;2861;48;0;1
FR;3;2023-01-23;0;0;0;0;0;0;0;0;0;4416864;3441709;4463;2;3613796;2861;48;0;1
FR;3;2023-01-24;0;0;0;0;0;0;0;0;0;4416864;3441709;4463;2;3613796;2861;48;0;1
FR;3;2023-01-25;1;0;0;0;0;0;0;0;0;4416865;3441709;4463;2;3613796;2861;48;0;1
FR;3;2023-01-26;0;0;0;0;0;0;0;0;0;4416865;3441709;4463;2;3613796;2861;48;0;1
FR;3;2023-01-27;0;0;0;0;0;0;0;0;0;4416865;3441709;4463;2;3613796;2861;48;0;1
FR;3;2023-01-28;0;0;0;0;0;0;0;0;0;4416865;3441709;4463;2;3613796;2861;48;0;1
FR;3;2023-01-29;0;0;0;0;0;0;0;0;0;4416865;3441709;4463;2;3613796;2861;48;0;1
FR;3;2023-01-30;0;0;0;0;0;0;0;0;0;4416865;3441709;4463;2;3613796;2861;48;0;1
FR;3;2023-01-31;0;0;0;0;0;0;0;0;0;4416865;3441709;4463;2;3613796;2861;48;0;1
FR;3;2023-02-01;0;0;0;0;0;0;0;0;0;4416865;3441709;4463;2;3613796;2861;48;0;1
FR;3;2023-02-02;0;0;0;0;0;0;0;0;0;4416865;3441709;4463;2;3613796;2861;48;0;1
FR;3;2023-02-03;0;0;0;0;0;0;0;0;0;4416865;3441709;4463;2;3613796;2861;48;0;1
FR;3;2023-02-04;0;0;0;0;0;0;0;0;0;4416865;3441709;4463;2;3613796;2861;48;0;1
FR;3;2023-02-05;0;0;0;0;0;0;0;0;0;4416865;3441709;4463;2;3613796;2861;48;0;1
FR;3;2023-02-06;0;0;0;0;0;0;0;0;0;4416865;3441709;4463;2;3613796;2861;48;0;1
FR;3;2023-02-07;0;0;0;0;0;0;0;0;0;4416865;3441709;4463;2;3613796;2861;48;0;1
FR;3;2023-02-08;0;0;0;0;0;0;0;0;0;4416865;3441709;4463;2;3613796;2861;48;0;1
FR;3;2023-02-09;0;0;0;0;0;0;0;0;0;4416865;3441709;4463;2;3613796;2861;48;0;1
FR;3;2023-02-10;0;0;0;0;0;0;0;0;0;4416865;3441709;4463;2;3613796;2861;48;0;1
FR;3;2023-02-11;0;0;0;0;0;0;0;0;0;4416865;3441709;4463;2;3613796;2861;48;0;1
FR;3;2023-02-12;0;0;0;0;0;0;0;0;0;4416865;3441709;4463;2;3613796;2861;48;0;1
FR;3;2023-02-13;0;0;0;0;0;0;0;0;0;4416865;3441709;4463;2;3613796;2861;48;0;1
FR;3;2023-02-14;0;0;0;0;0;0;0;0;0;4416865;3441709;4463;2;3613796;2861;48;0;1
FR;3;2023-02-15;0;0;0;0;0;0;0;0;0;4416865;3441709;4463;2;3613796;2861;48;0;1
FR;3;2023-02-16;0;0;0;0;0;0;0;0;0;4416865;3441709;4463;2;3613796;2861;48;0;1
FR;3;2023-02-17;0;0;0;0;0;0;0;0;0;4416865;3441709;4463;2;3613796;2861;48;0;1
FR;3;2023-02-18;0;0;0;0;0;0;0;0;0;4416865;3441709;4463;2;3613796;2861;48;0;1
FR;3;2023-02-19;0;0;0;0;0;0;0;0;0;4416865;3441709;4463;2;3613796;2861;48;0;1
FR;3;2023-02-20;0;0;0;0;0;0;0;0;0;4416865;3441709;4463;2;3613796;2861;48;0;1
FR;3;2023-02-21;0;0;0;0;0;0;0;0;0;4416865;3441709;4463;2;3613796;2861;48;0;1
FR;3;2023-02-22;0;0;0;0;0;0;0;0;0;4416865;3441709;4463;2;3613796;2861;48;0;1
FR;3;2023-02-23;0;0;0;0;0;0;0;0;0;4416865;3441709;4463;2;3613796;2861;48;0;1
FR;3;2023-02-24;0;0;0;0;0;0;0;0;0;4416865;3441709;4463;2;3613796;2861;48;0;1
FR;3;2023-02-25;0;0;0;0;0;0;0;0;0;4416865;3441709;4463;2;3613796;2861;48;0;1
FR;3;2023-02-26;0;0;0;0;0;0;0;0;0;4416865;3441709;4463;2;3613796;2861;48;0;1
FR;3;2023-02-27;0;0;0;0;0;0;0;0;0;4416865;3441709;4463;2;3613796;2861;48;0;1
FR;3;2023-02-28;0;0;0;0;0;0;0;0;0;4416865;3441709;4463;2;3613796;2861;48;0;1
FR;3;2023-03-01;0;0;0;0;0;0;0;0;0;4416865;3441709;4463;2;3613796;2861;48;0;1
FR;3;2023-03-02;0;0;0;0;0;0;0;0;0;4416865;3441709;4463;2;3613796;2861;48;0;1
FR;3;2023-03-03;0;0;0;0;0;0;0;0;0;4416865;3441709;4463;2;3613796;2861;48;0;1
FR;3;2023-03-04;0;0;0;0;0;0;0;0;0;4416865;3441709;4463;2;3613796;2861;48;0;1
FR;3;2023-03-05;0;0;0;0;0;0;0;0;0;4416865;3441709;4463;2;3613796;2861;48;0;1
FR;3;2023-03-06;0;0;0;0;0;0;0;0;0;4416865;3441709;4463;2;3613796;2861;48;0;1
FR;3;2023-03-07;0;0;0;0;0;0;0;0;0;4416865;3441709;4463;2;3613796;2861;48;0;1
FR;3;2023-03-08;0;0;0;0;0;0;0;0;0;4416865;3441709;4463;2;3613796;2861;48;0;1
FR;3;2023-03-09;0;0;0;0;0;0;0;0;0;4416865;3441709;4463;2;3613796;2861;48;0;1
FR;3;2023-03-10;0;0;0;0;0;0;0;0;0;4416865;3441709;4463;2;3613796;2861;48;0;1
FR;3;2023-03-11;0;0;0;0;0;0;0;0;0;4416865;3441709;4463;2;3613796;2861;48;0;1
FR;3;2023-03-12;0;0;0;0;0;0;0;0;0;4416865;3441709;4463;2;3613796;2861;48;0;1
FR;3;2023-03-13;0;0;0;0;0;0;0;0;0;4416865;3441709;4463;2;3613796;2861;48;0;1
FR;3;2023-03-14;0;0;0;0;0;0;0;0;0;4416865;3441709;4463;2;3613796;2861;48;0;1
FR;3;2023-03-15;0;0;0;0;0;0;0;0;0;4416865;3441709;4463;2;3613796;2861;48;0;1
FR;3;2023-03-16;0;0;0;0;0;0;0;0;0;4416865;3441709;4463;2;3613796;2861;48;0;1
FR;3;2023-03-17;0;0;0;0;0;0;0;0;0;4416865;3441709;4463;2;3613796;2861;48;0;1
FR;3;2023-03-18;0;0;0;0;0;0;0;0;0;4416865;3441709;4463;2;3613796;2861;48;0;1
FR;3;2023-03-19;0;0;0;0;0;0;0;0;0;4416865;3441709;4463;2;3613796;2861;48;0;1
FR;3;2023-03-20;0;0;0;0;0;0;0;0;0;4416865;3441709;4463;2;3613796;2861;48;0;1
FR;3;2023-03-21;0;0;0;0;0;0;0;0;0;4416865;3441709;4463;2;3613796;2861;48;0;1
FR;3;2023-03-22;0;0;0;0;0;0;0;0;0;4416865;3441709;4463;2;3613796;2861;48;0;1
FR;3;2023-03-23;0;0;0;0;0;0;0;0;0;4416865;3441709;4463;2;3613796;2861;48;0;1
FR;3;2023-03-24;0;0;0;0;0;0;0;0;0;4416865;3441709;4463;2;3613796;2861;48;0;1
FR;3;2023-03-25;0;0;0;0;0;0;0;0;0;4416865;3441709;4463;2;3613796;2861;48;0;1
FR;3;2023-03-26;0;0;0;0;0;0;0;0;0;4416865;3441709;4463;2;3613796;2861;48;0;1
FR;3;2023-03-27;0;0;0;0;0;0;0;0;0;4416865;3441709;4463;2;3613796;2861;48;0;1
FR;3;2023-03-28;0;0;0;0;0;0;0;0;0;4416865;3441709;4463;2;3613796;2861;48;0;1
FR;3;2023-03-29;0;0;0;0;0;0;0;0;0;4416865;3441709;4463;2;3613796;2861;48;0;1
FR;3;2023-03-30;0;0;0;0;0;0;0;0;0;4416865;3441709;4463;2;3613796;2861;48;0;1
FR;3;2023-03-31;0;0;0;0;0;0;0;0;0;4416865;3441709;4463;2;3613796;2861;48;0;1
FR;3;2023-04-01;0;0;0;0;0;0;0;0;0;4416865;3441709;4463;2;3613796;2861;48;0;1
FR;3;2023-04-02;0;0;0;0;0;0;0;0;0;4416865;3441709;4463;2;3613796;2861;48;0;1
FR;3;2023-04-03;0;0;0;0;0;0;0;0;0;4416865;3441709;4463;2;3613796;2861;48;0;1
FR;3;2023-04-04;0;0;0;0;0;0;0;0;0;4416865;3441709;4463;2;3613796;2861;48;0;1
FR;3;2023-04-05;0;0;0;0;0;0;0;0;0;4416865;3441709;4463;2;3613796;2861;48;0;1
FR;3;2023-04-06;0;0;0;0;0;0;0;0;0;4416865;3441709;4463;2;3613796;2861;48;0;1
FR;3;2023-04-07;0;0;0;0;0;0;0;0;0;4416865;3441709;4463;2;3613796;2861;48;0;1
FR;3;2023-04-08;0;0;0;0;0;0;0;0;0;4416865;3441709;4463;2;3613796;2861;48;0;1
FR;3;2023-04-09;0;0;0;0;0;0;0;0;0;4416865;3441709;4463;2;3613796;2861;48;0;1
FR;3;2023-04-10;0;0;0;0;0;0;0;0;0;4416865;3441709;4463;2;3613796;2861;48;0;1
FR;3;2023-04-11;0;0;0;0;0;0;0;0;0;4416865;3441709;4463;2;3613796;2861;48;0;1
FR;3;2023-04-12;0;0;0;0;0;0;0;0;0;4416865;3441709;4463;2;3613796;2861;48;0;1
FR;3;2023-04-13;0;0;0;0;0;0;0;0;0;4416865;3441709;4463;2;3613796;2861;48;0;1
FR;3;2023-04-14;0;0;0;0;0;0;0;0;0;4416865;3441709;4463;2;3613796;2861;48;0;1
FR;3;2023-04-15;0;0;0;0;0;0;0;0;0;4416865;3441709;4463;2;3613796;2861;48;0;1
FR;3;2023-04-16;0;0;0;0;0;0;0;0;0;4416865;3441709;4463;2;3613796;2861;48;0;1
FR;3;2023-04-17;0;0;0;0;0;0;0;0;0;4416865;3441709;4463;2;3613796;2861;48;0;1
FR;3;2023-04-18;0;0;0;0;0;0;0;0;0;4416865;3441709;4463;2;3613796;2861;48;0;1
FR;3;2023-04-19;0;0;0;0;0;0;0;0;0;4416865;3441709;4463;2;3613796;2861;48;0;1
FR;3;2023-04-20;0;0;0;0;0;0;0;0;0;4416865;3441709;4463;2;3613796;2861;48;0;1
FR;3;2023-04-21;0;0;0;0;0;0;0;0;0;4416865;3441709;4463;2;3613796;2861;48;0;1
FR;3;2023-04-22;0;0;0;0;0;0;0;0;0;4416865;3441709;4463;2;3613796;2861;48;0;1
FR;3;2023-04-23;0;0;0;0;0;0;0;0;0;4416865;3441709;4463;2;3613796;2861;48;0;1
FR;3;2023-04-24;0;0;0;0;0;0;0;0;0;4416865;3441709;4463;2;3613796;2861;48;0;1
FR;4;2020-12-27;0;0;0;0;0;0;0;0;0;0;0;0;0;0;0;0;0;0
FR;4;2020-12-28;0;0;0;0;0;0;0;0;0;0;0;0;0;0;0;0;0;0
FR;4;2020-12-29;0;0;0;0;0;0;0;0;0;0;0;0;0;0;0;0;0;0
FR;4;2020-12-30;0;0;0;0;0;0;0;0;0;0;0;0;0;0;0;0;0;0
FR;4;2020-12-31;0;0;0;0;0;0;0;0;0;0;0;0;0;0;0;0;0;0
FR;4;2021-01-01;0;0;0;0;0;0;0;0;0;0;0;0;0;0;0;0;0;0
FR;4;2021-01-02;0;0;0;0;0;0;0;0;0;0;0;0;0;0;0;0;0;0
FR;4;2021-01-03;0;0;0;0;0;0;0;0;0;0;0;0;0;0;0;0;0;0
FR;4;2021-01-04;0;0;0;0;0;0;0;0;0;0;0;0;0;0;0;0;0;0
FR;4;2021-01-05;0;0;0;0;0;0;0;0;0;0;0;0;0;0;0;0;0;0
FR;4;2021-01-06;0;0;0;0;0;0;0;0;0;0;0;0;0;0;0;0;0;0
FR;4;2021-01-07;0;0;0;0;0;0;0;0;0;0;0;0;0;0;0;0;0;0
FR;4;2021-01-08;0;0;0;0;0;0;0;0;0;0;0;0;0;0;0;0;0;0
FR;4;2021-01-09;0;0;0;0;0;0;0;0;0;0;0;0;0;0;0;0;0;0
FR;4;2021-01-10;0;0;0;0;0;0;0;0;0;0;0;0;0;0;0;0;0;0
FR;4;2021-01-11;0;0;0;0;0;0;0;0;0;0;0;0;0;0;0;0;0;0
FR;4;2021-01-12;0;0;0;0;0;0;0;0;0;0;0;0;0;0;0;0;0;0
FR;4;2021-01-13;0;0;0;0;0;0;0;0;0;0;0;0;0;0;0;0;0;0
FR;4;2021-01-14;0;0;0;0;0;0;0;0;0;0;0;0;0;0;0;0;0;0
FR;4;2021-01-15;0;0;0;0;0;0;0;0;0;0;0;0;0;0;0;0;0;0
FR;4;2021-01-16;0;0;0;0;0;0;0;0;0;0;0;0;0;0;0;0;0;0
FR;4;2021-01-17;0;0;0;0;0;0;0;0;0;0;0;0;0;0;0;0;0;0
FR;4;2021-01-18;0;0;0;0;0;0;0;0;0;0;0;0;0;0;0;0;0;0
FR;4;2021-01-19;0;0;0;0;0;0;0;0;0;0;0;0;0;0;0;0;0;0
FR;4;2021-01-20;0;0;0;0;0;0;0;0;0;0;0;0;0;0;0;0;0;0
FR;4;2021-01-21;0;0;0;0;0;0;0;0;0;0;0;0;0;0;0;0;0;0
FR;4;2021-01-22;0;0;0;0;0;0;0;0;0;0;0;0;0;0;0;0;0;0
FR;4;2021-01-23;0;0;0;0;0;0;0;0;0;0;0;0;0;0;0;0;0;0
FR;4;2021-01-24;0;0;0;0;0;0;0;0;0;0;0;0;0;0;0;0;0;0
FR;4;2021-01-25;0;0;0;0;0;0;0;0;0;0;0;0;0;0;0;0;0;0
FR;4;2021-01-26;0;0;0;0;0;0;0;0;0;0;0;0;0;0;0;0;0;0
FR;4;2021-01-27;0;0;0;0;0;0;0;0;0;0;0;0;0;0;0;0;0;0
FR;4;2021-01-28;0;0;0;0;0;0;0;0;0;0;0;0;0;0;0;0;0;0
FR;4;2021-01-29;0;0;0;0;0;0;0;0;0;0;0;0;0;0;0;0;0;0
FR;4;2021-01-30;0;0;0;0;0;0;0;0;0;0;0;0;0;0;0;0;0;0
FR;4;2021-01-31;0;0;0;0;0;0;0;0;0;0;0;0;0;0;0;0;0;0
FR;4;2021-02-01;0;0;0;0;0;0;0;0;0;0;0;0;0;0;0;0;0;0
FR;4;2021-02-02;0;0;0;0;0;0;0;0;0;0;0;0;0;0;0;0;0;0
FR;4;2021-02-03;0;0;0;0;0;0;0;0;0;0;0;0;0;0;0;0;0;0
FR;4;2021-02-04;0;0;0;0;0;0;0;0;0;0;0;0;0;0;0;0;0;0
FR;4;2021-02-05;0;0;0;0;0;0;0;0;0;0;0;0;0;0;0;0;0;0
FR;4;2021-02-06;0;0;0;0;0;0;0;0;0;0;0;0;0;0;0;0;0;0
FR;4;2021-02-07;0;0;0;0;0;0;0;0;0;0;0;0;0;0;0;0;0;0
FR;4;2021-02-08;0;0;0;0;0;0;0;0;0;0;0;0;0;0;0;0;0;0
FR;4;2021-02-09;0;0;0;0;0;0;0;0;0;0;0;0;0;0;0;0;0;0
FR;4;2021-02-10;0;0;0;0;0;0;0;0;0;0;0;0;0;0;0;0;0;0
FR;4;2021-02-11;0;0;0;0;0;0;0;0;0;0;0;0;0;0;0;0;0;0
FR;4;2021-02-12;0;0;0;0;0;0;0;0;0;0;0;0;0;0;0;0;0;0
FR;4;2021-02-13;0;0;0;0;0;0;0;0;0;0;0;0;0;0;0;0;0;0
FR;4;2021-02-14;0;0;0;0;0;0;0;0;0;0;0;0;0;0;0;0;0;0
FR;4;2021-02-15;0;0;0;0;0;0;0;0;0;0;0;0;0;0;0;0;0;0
FR;4;2021-02-16;0;0;0;0;0;0;0;0;0;0;0;0;0;0;0;0;0;0
FR;4;2021-02-17;0;0;0;0;0;0;0;0;0;0;0;0;0;0;0;0;0;0
FR;4;2021-02-18;0;0;0;0;0;0;0;0;0;0;0;0;0;0;0;0;0;0
FR;4;2021-02-19;0;0;0;0;0;0;0;0;0;0;0;0;0;0;0;0;0;0
FR;4;2021-02-20;0;0;0;0;0;0;0;0;0;0;0;0;0;0;0;0;0;0
FR;4;2021-02-21;0;0;0;0;0;0;0;0;0;0;0;0;0;0;0;0;0;0
FR;4;2021-02-22;0;0;0;0;0;0;0;0;0;0;0;0;0;0;0;0;0;0
FR;4;2021-02-23;0;0;0;0;0;0;0;0;0;0;0;0;0;0;0;0;0;0
FR;4;2021-02-24;0;0;0;0;0;0;0;0;0;0;0;0;0;0;0;0;0;0
FR;4;2021-02-25;0;0;0;0;0;0;0;0;0;0;0;0;0;0;0;0;0;0
FR;4;2021-02-26;0;0;0;0;0;0;0;0;0;0;0;0;0;0;0;0;0;0
FR;4;2021-02-27;0;0;0;0;0;0;0;0;0;0;0;0;0;0;0;0;0;0
FR;4;2021-02-28;0;0;0;0;0;0;0;0;0;0;0;0;0;0;0;0;0;0
FR;4;2021-03-01;0;0;0;0;0;0;0;0;0;0;0;0;0;0;0;0;0;0
FR;4;2021-03-02;0;0;0;0;0;0;0;0;0;0;0;0;0;0;0;0;0;0
FR;4;2021-03-03;0;0;0;0;0;0;0;0;0;0;0;0;0;0;0;0;0;0
FR;4;2021-03-04;0;0;0;0;0;0;0;0;0;0;0;0;0;0;0;0;0;0
FR;4;2021-03-05;0;0;0;0;0;0;0;0;0;0;0;0;0;0;0;0;0;0
FR;4;2021-03-06;0;0;0;0;0;0;0;0;0;0;0;0;0;0;0;0;0;0
FR;4;2021-03-07;0;0;0;0;0;0;0;0;0;0;0;0;0;0;0;0;0;0
FR;4;2021-03-08;0;0;0;0;0;0;0;0;0;0;0;0;0;0;0;0;0;0
FR;4;2021-03-09;0;0;0;0;0;0;0;0;0;0;0;0;0;0;0;0;0;0
FR;4;2021-03-10;0;0;0;0;0;0;0;0;0;0;0;0;0;0;0;0;0;0
FR;4;2021-03-11;0;0;0;0;0;0;0;0;0;0;0;0;0;0;0;0;0;0
FR;4;2021-03-12;0;0;0;0;0;0;0;0;0;0;0;0;0;0;0;0;0;0
FR;4;2021-03-13;0;0;0;0;0;0;0;0;0;0;0;0;0;0;0;0;0;0
FR;4;2021-03-14;0;0;0;0;0;0;0;0;0;0;0;0;0;0;0;0;0;0
FR;4;2021-03-15;0;0;0;0;0;0;0;0;0;0;0;0;0;0;0;0;0;0
FR;4;2021-03-16;0;0;0;0;0;0;0;0;0;0;0;0;0;0;0;0;0;0
FR;4;2021-03-17;0;0;0;0;0;0;0;0;0;0;0;0;0;0;0;0;0;0
FR;4;2021-03-18;0;0;0;0;0;0;0;0;0;0;0;0;0;0;0;0;0;0
FR;4;2021-03-19;0;0;0;0;0;0;0;0;0;0;0;0;0;0;0;0;0;0
FR;4;2021-03-20;0;0;0;0;0;0;0;0;0;0;0;0;0;0;0;0;0;0
FR;4;2021-03-21;0;0;0;0;0;0;0;0;0;0;0;0;0;0;0;0;0;0
FR;4;2021-03-22;0;0;0;0;0;0;0;0;0;0;0;0;0;0;0;0;0;0
FR;4;2021-03-23;0;0;0;0;0;0;0;0;0;0;0;0;0;0;0;0;0;0
FR;4;2021-03-24;0;0;0;0;0;0;0;0;0;0;0;0;0;0;0;0;0;0
FR;4;2021-03-25;0;0;0;0;0;0;0;0;0;0;0;0;0;0;0;0;0;0
FR;4;2021-03-26;0;0;0;0;0;0;0;0;0;0;0;0;0;0;0;0;0;0
FR;4;2021-03-27;0;0;0;0;0;0;0;0;0;0;0;0;0;0;0;0;0;0
FR;4;2021-03-28;0;0;0;0;0;0;0;0;0;0;0;0;0;0;0;0;0;0
FR;4;2021-03-29;0;0;0;0;0;0;0;0;0;0;0;0;0;0;0;0;0;0
FR;4;2021-03-30;0;0;0;0;0;0;0;0;0;0;0;0;0;0;0;0;0;0
FR;4;2021-03-31;0;0;0;0;0;0;0;0;0;0;0;0;0;0;0;0;0;0
FR;4;2021-04-01;0;0;0;0;0;0;0;0;0;0;0;0;0;0;0;0;0;0
FR;4;2021-04-02;0;0;0;0;0;0;0;0;0;0;0;0;0;0;0;0;0;0
FR;4;2021-04-03;0;0;0;0;0;0;0;0;0;0;0;0;0;0;0;0;0;0
FR;4;2021-04-04;0;0;0;0;0;0;0;0;0;0;0;0;0;0;0;0;0;0
FR;4;2021-04-05;0;0;0;0;0;0;0;0;0;0;0;0;0;0;0;0;0;0
FR;4;2021-04-06;0;0;0;0;0;0;0;0;0;0;0;0;0;0;0;0;0;0
FR;4;2021-04-07;0;0;0;0;0;0;0;0;0;0;0;0;0;0;0;0;0;0
FR;4;2021-04-08;0;0;0;0;0;0;0;0;0;0;0;0;0;0;0;0;0;0
FR;4;2021-04-09;0;0;0;0;0;0;0;0;0;0;0;0;0;0;0;0;0;0
FR;4;2021-04-10;0;0;0;0;0;0;0;0;0;0;0;0;0;0;0;0;0;0
FR;4;2021-04-11;0;0;0;0;0;0;0;0;0;0;0;0;0;0;0;0;0;0
FR;4;2021-04-12;0;0;0;0;0;0;0;0;0;0;0;0;0;0;0;0;0;0
FR;4;2021-04-13;0;0;0;0;0;0;0;0;0;0;0;0;0;0;0;0;0;0
FR;4;2021-04-14;0;0;0;0;0;0;0;0;0;0;0;0;0;0;0;0;0;0
FR;4;2021-04-15;0;0;0;0;0;0;0;0;0;0;0;0;0;0;0;0;0;0
FR;4;2021-04-16;0;0;0;0;0;0;0;0;0;0;0;0;0;0;0;0;0;0
FR;4;2021-04-17;0;0;0;0;0;0;0;0;0;0;0;0;0;0;0;0;0;0
FR;4;2021-04-18;0;0;0;0;0;0;0;0;0;0;0;0;0;0;0;0;0;0
FR;4;2021-04-19;0;0;0;0;0;0;0;0;0;0;0;0;0;0;0;0;0;0
FR;4;2021-04-20;0;0;0;0;0;0;0;0;0;0;0;0;0;0;0;0;0;0
FR;4;2021-04-21;0;0;0;0;0;0;0;0;0;0;0;0;0;0;0;0;0;0
FR;4;2021-04-22;0;0;0;0;0;0;0;0;0;0;0;0;0;0;0;0;0;0
FR;4;2021-04-23;3660;0;0;0;3622;0;0;0;0;3660;0;0;0;3622;0;0;0;0
FR;4;2021-04-24;1570;1;0;0;1559;0;0;0;0;5230;1;0;0;5181;0;0;0;0
FR;4;2021-04-25;125;0;0;0;125;0;0;0;0;5355;1;0;0;5306;0;0;0;0
FR;4;2021-04-26;2872;1;0;0;2862;0;0;0;0;8227;2;0;0;8168;0;0;0;0
FR;4;2021-04-27;9520;3;0;0;9501;0;0;0;0;17747;5;0;0;17669;0;0;0;0
FR;4;2021-04-28;9910;6;0;0;9885;0;0;0;0;27657;11;0;0;27554;0;0;0;0
FR;4;2021-04-29;15995;8;0;0;15979;0;0;0;0;43652;19;0;0;43533;0;0;0;0
FR;4;2021-04-30;19234;10;0;0;19205;0;0;0;0;62886;29;0;0;62738;0;0;0;0
FR;4;2021-05-01;1994;6;0;0;1992;0;0;0;0;64880;35;0;0;64730;0;0;0;0
FR;4;2021-05-02;484;0;0;0;482;0;0;0;0;65364;35;0;0;65212;0;0;0;0
FR;4;2021-05-03;5066;2;0;0;5059;0;0;0;0;70430;37;0;0;70271;0;0;0;0
FR;4;2021-05-04;8411;11;0;0;8400;0;0;0;0;78841;48;0;0;78671;0;0;0;0
FR;4;2021-05-05;6193;7;0;0;6188;0;0;0;0;85034;55;0;0;84859;0;0;0;0
FR;4;2021-05-06;11388;11;0;0;11385;0;0;0;0;96422;66;0;0;96244;0;0;0;0
FR;4;2021-05-07;19127;9;0;0;19088;0;0;0;0;115549;75;0;0;115332;0;0;0;0
FR;4;2021-05-08;2376;7;0;0;2380;0;0;0;0;117925;82;0;0;117712;0;0;0;0
FR;4;2021-05-09;692;3;0;0;693;0;0;0;0;118617;85;0;0;118405;0;0;0;0
FR;4;2021-05-10;7246;5;1;0;7243;0;0;0;0;125863;90;1;0;125648;0;0;0;0
FR;4;2021-05-11;14325;13;0;0;14305;0;0;0;0;140188;103;1;0;139953;0;0;0;0
FR;4;2021-05-12;10176;15;0;0;10179;0;0;0;0;150364;118;1;0;150132;0;0;0;0
FR;4;2021-05-13;1584;4;0;0;1585;0;0;0;0;151948;122;1;0;151717;0;0;0;0
FR;4;2021-05-14;7768;7;0;0;7763;0;0;0;0;159716;129;1;0;159480;0;0;0;0
FR;4;2021-05-15;3721;8;1;0;3720;0;0;0;0;163437;137;2;0;163200;0;0;0;0
FR;4;2021-05-16;417;1;0;0;417;0;0;0;0;163854;138;2;0;163617;0;0;0;0
FR;4;2021-05-17;4485;8;0;0;4484;0;0;0;0;168339;146;2;0;168101;0;0;0;0
FR;4;2021-05-18;8769;10;0;0;8769;0;0;0;0;177108;156;2;0;176870;0;0;0;0
FR;4;2021-05-19;5699;7;0;0;5701;0;0;0;0;182807;163;2;0;182571;0;0;0;0
FR;4;2021-05-20;9487;8;0;0;9479;0;0;0;0;192294;171;2;0;192050;0;0;0;0
FR;4;2021-05-21;12816;30;0;0;12823;0;0;0;0;205110;201;2;0;204873;0;0;0;0
FR;4;2021-05-22;5063;15;0;0;5070;0;0;0;0;210173;216;2;0;209943;0;0;0;0
FR;4;2021-05-23;498;4;0;0;501;0;0;0;0;210671;220;2;0;210444;0;0;0;0
FR;4;2021-05-24;1062;7;0;0;1066;0;0;0;0;211733;227;2;0;211510;0;0;0;0
FR;4;2021-05-25;7637;16;0;0;7643;0;0;0;0;219370;243;2;0;219153;0;0;0;0
FR;4;2021-05-26;7731;16;0;0;7739;0;0;0;0;227101;259;2;0;226892;0;0;0;0
FR;4;2021-05-27;14340;35;0;0;14349;0;0;0;0;241441;294;2;0;241241;0;0;0;0
FR;4;2021-05-28;26593;82;1;0;26634;0;0;0;0;268034;376;3;0;267875;0;0;0;0
FR;4;2021-05-29;11385;19;0;0;11385;0;0;0;0;279419;395;3;0;279260;0;0;0;0
FR;4;2021-05-30;974;7;0;0;973;0;0;0;0;280393;402;3;0;280233;0;0;0;0
FR;4;2021-05-31;12701;21;0;0;12701;0;0;0;0;293094;423;3;0;292934;0;0;0;0
FR;4;2021-06-01;20283;48;1;0;20301;0;0;0;0;313377;471;4;0;313235;0;0;0;0
FR;4;2021-06-02;14526;33;0;0;14538;0;0;0;0;327903;504;4;0;327773;0;0;0;0
FR;4;2021-06-03;19436;24;1;0;19434;0;0;0;0;347339;528;5;0;347207;0;0;0;0
FR;4;2021-06-04;22520;48;0;0;22538;0;0;0;0;369859;576;5;0;369745;0;0;0;0
FR;4;2021-06-05;9717;32;0;0;9721;0;0;0;0;379576;608;5;0;379466;0;0;0;0
FR;4;2021-06-06;1041;2;0;0;1037;0;0;0;0;380617;610;5;0;380503;0;0;0;0
FR;4;2021-06-07;9230;19;0;0;9238;0;0;0;0;389847;629;5;0;389741;0;0;0;0
FR;4;2021-06-08;14614;32;0;0;14626;0;0;0;0;404461;661;5;0;404367;0;0;0;0
FR;4;2021-06-09;12218;25;0;0;12226;0;0;0;0;416679;686;5;0;416593;0;0;0;0
FR;4;2021-06-10;15408;30;0;0;15416;0;0;0;0;432087;716;5;0;432009;0;0;0;0
FR;4;2021-06-11;16989;57;0;0;17016;0;0;0;0;449076;773;5;0;449025;0;0;0;0
FR;4;2021-06-12;7453;27;0;0;7478;0;0;0;0;456529;800;5;0;456503;0;0;0;0
FR;4;2021-06-13;908;3;0;0;910;0;0;0;0;457437;803;5;0;457413;0;0;0;0
FR;4;2021-06-14;6652;27;0;0;6662;0;0;0;0;464089;830;5;0;464075;0;0;0;0
FR;4;2021-06-15;10896;39;0;0;10913;0;0;0;0;474985;869;5;0;474988;0;0;0;0
FR;4;2021-06-16;8909;17;0;0;8917;0;0;0;0;483894;886;5;0;483905;0;0;0;0
FR;4;2021-06-17;10903;36;0;0;10915;0;0;0;0;494797;922;5;0;494820;0;0;0;0
FR;4;2021-06-18;12427;45;0;0;12454;0;0;0;0;507224;967;5;0;507274;0;0;0;0
FR;4;2021-06-19;5568;25;0;0;5588;0;0;0;0;512792;992;5;0;512862;0;0;0;0
FR;4;2021-06-20;828;5;0;0;832;0;0;0;0;513620;997;5;0;513694;0;0;0;0
FR;4;2021-06-21;5106;21;0;0;5106;0;0;0;0;518726;1018;5;0;518800;0;0;0;0
FR;4;2021-06-22;7914;29;2;0;7932;0;0;0;0;526640;1047;7;0;526732;0;0;0;0
FR;4;2021-06-23;7106;43;2;0;7133;0;0;0;0;533746;1090;9;0;533865;0;0;0;0
FR;4;2021-06-24;8657;46;1;0;8689;0;0;0;0;542403;1136;10;0;542554;0;0;0;0
FR;4;2021-06-25;10179;41;2;0;10211;0;0;0;0;552582;1177;12;0;552765;0;0;0;0
FR;4;2021-06-26;4854;23;0;0;4871;0;0;0;0;557436;1200;12;0;557636;0;0;0;0
FR;4;2021-06-27;769;4;0;0;771;0;0;0;0;558205;1204;12;0;558407;0;0;0;0
FR;4;2021-06-28;4835;16;1;0;4844;0;0;0;0;563040;1220;13;0;563251;0;0;0;0
FR;4;2021-06-29;7110;28;2;0;7119;0;0;0;0;570150;1248;15;0;570370;0;0;0;0
FR;4;2021-06-30;6728;41;2;0;6756;0;0;0;0;576878;1289;17;0;577126;0;0;0;0
FR;4;2021-07-01;8213;42;0;0;8235;0;0;0;0;585091;1331;17;0;585361;0;0;0;0
FR;4;2021-07-02;9430;53;1;0;9470;0;0;0;0;594521;1384;18;0;594831;0;0;0;0
FR;4;2021-07-03;4848;20;0;0;4863;0;0;0;0;599369;1404;18;0;599694;0;0;0;0
FR;4;2021-07-04;690;5;0;0;692;0;0;0;0;600059;1409;18;0;600386;0;0;0;0
FR;4;2021-07-05;4774;19;2;0;4785;0;0;0;0;604833;1428;20;0;605171;0;0;0;0
FR;4;2021-07-06;7729;29;4;0;7742;0;0;0;0;612562;1457;24;0;612913;0;0;0;0
FR;4;2021-07-07;7088;34;2;0;7100;0;0;0;0;619650;1491;26;0;620013;0;0;0;0
FR;4;2021-07-08;9235;40;2;0;9258;0;0;0;0;628885;1531;28;0;629271;0;0;0;0
FR;4;2021-07-09;10282;34;1;0;10305;0;0;0;0;639167;1565;29;0;639576;0;0;0;0
FR;4;2021-07-10;4639;14;2;0;4646;0;0;0;0;643806;1579;31;0;644222;0;0;0;0
FR;4;2021-07-11;586;4;1;0;584;0;0;0;0;644392;1583;32;0;644806;0;0;0;0
FR;4;2021-07-12;5878;29;0;0;5900;0;0;0;0;650270;1612;32;0;650706;0;0;0;0
FR;4;2021-07-13;14231;29;0;0;14249;0;0;0;0;664501;1641;32;0;664955;0;0;0;0
FR;4;2021-07-14;2291;15;0;0;2291;0;0;0;0;666792;1656;32;0;667246;0;0;0;0
FR;4;2021-07-15;18239;37;0;0;18256;0;0;0;0;685031;1693;32;0;685502;0;0;0;0
FR;4;2021-07-16;22838;71;2;0;22888;0;0;0;0;707869;1764;34;0;708390;0;0;0;0
FR;4;2021-07-17;9741;20;0;0;9749;0;0;0;0;717610;1784;34;0;718139;0;0;0;0
FR;4;2021-07-18;1359;5;0;0;1362;0;0;0;0;718969;1789;34;0;719501;0;0;0;0
FR;4;2021-07-19;12991;30;1;0;13016;0;0;0;0;731960;1819;35;0;732517;0;0;0;0
FR;4;2021-07-20;17344;26;1;0;17360;0;0;0;0;749304;1845;36;0;749877;0;0;0;0
FR;4;2021-07-21;15623;33;0;0;15643;0;0;0;0;764927;1878;36;0;765520;0;0;0;0
FR;4;2021-07-22;18247;45;2;0;18271;0;0;0;0;783174;1923;38;0;783791;0;0;0;0
FR;4;2021-07-23;20420;57;7;0;20453;0;0;0;0;803594;1980;45;0;804244;0;0;0;0
FR;4;2021-07-24;9290;34;0;0;9305;0;0;0;0;812884;2014;45;0;813549;0;0;0;0
FR;4;2021-07-25;1356;11;0;0;1358;0;0;0;0;814240;2025;45;0;814907;0;0;0;0
FR;4;2021-07-26;11050;23;0;0;11057;0;0;0;0;825290;2048;45;0;825964;0;0;0;0
FR;4;2021-07-27;14688;35;3;0;14708;0;0;0;0;839978;2083;48;0;840672;0;0;0;0
FR;4;2021-07-28;12937;26;2;0;12954;0;0;0;0;852915;2109;50;0;853626;0;0;0;0
FR;4;2021-07-29;14097;54;4;0;14139;0;0;0;0;867012;2163;54;0;867765;0;0;0;0
FR;4;2021-07-30;15502;46;2;0;15532;0;0;0;0;882514;2209;56;0;883297;0;0;0;0
FR;4;2021-07-31;6845;14;2;0;6855;0;0;0;0;889359;2223;58;0;890152;0;0;0;0
FR;4;2021-08-01;906;1;0;0;901;0;0;0;0;890265;2224;58;0;891053;0;0;0;0
FR;4;2021-08-02;7918;31;0;0;7919;0;0;0;0;898183;2255;58;0;898972;0;0;0;0
FR;4;2021-08-03;10805;31;2;0;10801;0;0;0;0;908988;2286;60;0;909773;0;0;0;0
FR;4;2021-08-04;9749;29;0;0;9748;0;0;0;0;918737;2315;60;0;919521;0;0;0;0
FR;4;2021-08-05;9831;42;0;0;9837;0;0;0;0;928568;2357;60;0;929358;0;0;0;0
FR;4;2021-08-06;10201;30;3;0;10198;0;0;0;0;938769;2387;63;0;939556;0;0;0;0
FR;4;2021-08-07;5100;30;1;0;5116;0;0;0;0;943869;2417;64;0;944672;0;0;0;0
FR;4;2021-08-08;1225;13;0;0;1228;0;0;0;0;945094;2430;64;0;945900;0;0;0;0
FR;4;2021-08-09;6350;31;0;0;6343;0;0;0;0;951444;2461;64;0;952243;0;0;0;0
FR;4;2021-08-10;8753;18;0;0;8724;0;0;0;0;960197;2479;64;0;960967;0;0;0;0
FR;4;2021-08-11;7945;34;4;0;7934;0;0;0;0;968142;2513;68;0;968901;0;0;0;0
FR;4;2021-08-12;8585;31;1;0;8573;0;0;0;0;976727;2544;69;0;977474;0;0;0;0
FR;4;2021-08-13;7561;25;0;1;7548;0;0;0;0;984288;2569;69;1;985022;0;0;0;0
FR;4;2021-08-14;3793;20;0;0;3777;0;0;0;0;988081;2589;69;1;988799;0;0;0;0
FR;4;2021-08-15;771;5;0;0;773;0;0;0;0;988852;2594;69;1;989572;0;0;0;0
FR;4;2021-08-16;4009;17;0;0;4004;0;0;0;0;992861;2611;69;1;993576;0;0;0;0
FR;4;2021-08-17;5634;17;1;0;5624;0;0;0;0;998495;2628;70;1;999200;0;0;0;0
FR;4;2021-08-18;5172;37;0;0;5189;0;0;0;0;1003667;2665;70;1;1004389;0;0;0;0
FR;4;2021-08-19;5489;34;3;0;5503;0;0;0;0;1009156;2699;73;1;1009892;0;0;0;0
FR;4;2021-08-20;5225;25;1;0;5235;0;0;0;0;1014381;2724;74;1;1015127;0;0;0;0
FR;4;2021-08-21;2311;23;1;0;2328;0;0;0;0;1016692;2747;75;1;1017455;0;0;0;0
FR;4;2021-08-22;414;2;0;0;415;0;0;0;0;1017106;2749;75;1;1017870;0;0;0;0
FR;4;2021-08-23;2936;21;1;0;2944;0;0;0;0;1020042;2770;76;1;1020814;0;0;0;0
FR;4;2021-08-24;3758;16;0;0;3761;0;0;0;0;1023800;2786;76;1;1024575;0;0;0;0
FR;4;2021-08-25;3546;25;1;0;3562;0;0;0;0;1027346;2811;77;1;1028137;0;0;0;0
FR;4;2021-08-26;3716;21;2;0;3728;0;0;0;0;1031062;2832;79;1;1031865;0;0;0;0
FR;4;2021-08-27;3617;31;2;0;3635;0;0;0;0;1034679;2863;81;1;1035500;0;0;0;0
FR;4;2021-08-28;1732;10;1;0;1737;0;0;0;0;1036411;2873;82;1;1037237;0;0;0;0
FR;4;2021-08-29;385;7;1;0;389;0;0;0;0;1036796;2880;83;1;1037626;0;0;0;0
FR;4;2021-08-30;2010;25;0;0;2018;16;0;0;0;1038806;2905;83;1;1039644;16;0;0;0
FR;4;2021-08-31;2487;21;0;0;2494;14;0;0;0;1041293;2926;83;1;1042138;30;0;0;0
FR;4;2021-09-01;2085;38;1;0;2096;22;0;0;0;1043378;2964;84;1;1044234;52;0;0;0
FR;4;2021-09-02;2309;31;4;0;2322;18;0;0;0;1045687;2995;88;1;1046556;70;0;0;0
FR;4;2021-09-03;2366;44;5;0;2375;36;0;0;0;1048053;3039;93;1;1048931;106;0;0;0
FR;4;2021-09-04;1374;18;0;0;1381;9;0;0;0;1049427;3057;93;1;1050312;115;0;0;0
FR;4;2021-09-05;434;2;0;0;434;2;0;0;0;1049861;3059;93;1;1050746;117;0;0;0
FR;4;2021-09-06;1713;62;0;0;1750;24;0;0;0;1051574;3121;93;1;1052496;141;0;0;0
FR;4;2021-09-07;1681;18;0;0;1690;8;0;0;0;1053255;3139;93;1;1054186;149;0;0;0
FR;4;2021-09-08;1286;26;3;0;1291;19;0;0;0;1054541;3165;96;1;1055477;168;0;0;0
FR;4;2021-09-09;1394;23;2;0;1404;9;0;0;0;1055935;3188;98;1;1056881;177;0;0;0
FR;4;2021-09-10;1522;31;2;0;1526;23;1;0;0;1057457;3219;100;1;1058407;200;1;0;0
FR;4;2021-09-11;746;11;0;0;749;3;0;0;0;1058203;3230;100;1;1059156;203;1;0;0
FR;4;2021-09-12;169;5;0;0;170;4;0;0;0;1058372;3235;100;1;1059326;207;1;0;0
FR;4;2021-09-13;1325;22;1;0;1328;16;0;0;0;1059697;3257;101;1;1060654;223;1;0;0
FR;4;2021-09-14;1507;9;2;0;1509;7;0;0;0;1061204;3266;103;1;1062163;230;1;0;0
FR;4;2021-09-15;1095;28;1;0;1098;25;0;0;0;1062299;3294;104;1;1063261;255;1;0;0
FR;4;2021-09-16;1107;22;2;0;1111;15;0;0;0;1063406;3316;106;1;1064372;270;1;0;0
FR;4;2021-09-17;898;21;1;0;905;12;0;0;0;1064304;3337;107;1;1065277;282;1;0;0
FR;4;2021-09-18;464;7;1;0;465;6;0;0;0;1064768;3344;108;1;1065742;288;1;0;0
FR;4;2021-09-19;182;3;0;0;183;2;0;0;0;1064950;3347;108;1;1065925;290;1;0;0
FR;4;2021-09-20;452;19;0;0;458;13;0;0;0;1065402;3366;108;1;1066383;303;1;0;0
FR;4;2021-09-21;434;11;0;0;436;7;0;0;0;1065836;3377;108;1;1066819;310;1;0;0
FR;4;2021-09-22;377;19;4;0;384;15;0;0;0;1066213;3396;112;1;1067203;325;1;0;0
FR;4;2021-09-23;488;15;1;0;489;14;0;0;0;1066701;3411;113;1;1067692;339;1;0;0
FR;4;2021-09-24;416;13;2;0;420;9;0;0;0;1067117;3424;115;1;1068112;348;1;0;0
FR;4;2021-09-25;281;10;1;0;282;5;0;0;0;1067398;3434;116;1;1068394;353;1;0;0
FR;4;2021-09-26;75;2;0;0;76;1;0;0;0;1067473;3436;116;1;1068470;354;1;0;0
FR;4;2021-09-27;270;10;1;0;271;8;0;0;0;1067743;3446;117;1;1068741;362;1;0;0
FR;4;2021-09-28;319;8;0;0;319;8;0;0;0;1068062;3454;117;1;1069060;370;1;0;0
FR;4;2021-09-29;378;19;1;0;380;13;0;0;0;1068440;3473;118;1;1069440;383;1;0;0
FR;4;2021-09-30;367;41;0;0;381;22;0;0;0;1068807;3514;118;1;1069821;405;1;0;0
FR;4;2021-10-01;411;56;0;0;413;50;0;0;0;1069218;3570;118;1;1070234;455;1;0;0
FR;4;2021-10-02;196;23;1;0;198;14;0;0;0;1069414;3593;119;1;1070432;469;1;0;0
FR;4;2021-10-03;86;1;0;0;87;0;0;0;0;1069500;3594;119;1;1070519;469;1;0;0
FR;4;2021-10-04;363;20;1;0;367;16;0;0;0;1069863;3614;120;1;1070886;485;1;0;0
FR;4;2021-10-05;286;19;2;0;288;15;0;0;0;1070149;3633;122;1;1071174;500;1;0;0
FR;4;2021-10-06;249;23;1;0;254;18;0;0;0;1070398;3656;123;1;1071428;518;1;0;0
FR;4;2021-10-07;268;25;2;0;273;13;0;0;0;1070666;3681;125;1;1071701;531;1;0;0
FR;4;2021-10-08;357;24;2;0;360;20;0;0;0;1071023;3705;127;1;1072061;551;1;0;0
FR;4;2021-10-09;194;6;6;0;195;7;0;0;0;1071217;3711;133;1;1072256;558;1;0;0
FR;4;2021-10-10;97;3;2;0;99;3;0;0;0;1071314;3714;135;1;1072355;561;1;0;0
FR;4;2021-10-11;252;15;1;0;253;14;0;0;0;1071566;3729;136;1;1072608;575;1;0;0
FR;4;2021-10-12;211;14;0;0;211;13;0;0;0;1071777;3743;136;1;1072819;588;1;0;0
FR;4;2021-10-13;221;28;1;0;224;25;0;0;0;1071998;3771;137;1;1073043;613;1;0;0
FR;4;2021-10-14;316;21;4;0;320;15;0;0;0;1072314;3792;141;1;1073363;628;1;0;0
FR;4;2021-10-15;324;24;5;0;325;25;0;0;0;1072638;3816;146;1;1073688;653;1;0;0
FR;4;2021-10-16;167;6;2;0;167;6;0;0;0;1072805;3822;148;1;1073855;659;1;0;0
FR;4;2021-10-17;70;2;0;0;71;1;0;0;0;1072875;3824;148;1;1073926;660;1;0;0
FR;4;2021-10-18;282;16;1;0;284;13;0;0;0;1073157;3840;149;1;1074210;673;1;0;0
FR;4;2021-10-19;215;15;2;0;215;16;0;0;0;1073372;3855;151;1;1074425;689;1;0;0
FR;4;2021-10-20;232;27;4;0;235;15;0;0;0;1073604;3882;155;1;1074660;704;1;0;0
FR;4;2021-10-21;244;18;0;0;246;14;0;0;0;1073848;3900;155;1;1074906;718;1;0;0
FR;4;2021-10-22;217;25;2;0;219;20;1;0;0;1074065;3925;157;1;1075125;738;2;0;0
FR;4;2021-10-23;117;16;1;0;118;15;0;0;0;1074182;3941;158;1;1075243;753;2;0;0
FR;4;2021-10-24;39;4;0;0;39;1;0;0;0;1074221;3945;158;1;1075282;754;2;0;0
FR;4;2021-10-25;218;7;2;0;218;9;0;0;0;1074439;3952;160;1;1075500;763;2;0;0
FR;4;2021-10-26;200;14;0;0;202;12;0;0;0;1074639;3966;160;1;1075702;775;2;0;0
FR;4;2021-10-27;196;12;4;0;196;12;2;0;0;1074835;3978;164;1;1075898;787;4;0;0
FR;4;2021-10-28;187;18;5;0;187;22;0;0;0;1075022;3996;169;1;1076085;809;4;0;0
FR;4;2021-10-29;227;18;2;0;228;16;0;0;0;1075249;4014;171;1;1076313;825;4;0;0
FR;4;2021-10-30;104;2;1;0;105;2;0;0;0;1075353;4016;172;1;1076418;827;4;0;0
FR;4;2021-10-31;59;3;2;0;60;3;0;0;0;1075412;4019;174;1;1076478;830;4;0;0
FR;4;2021-11-01;76;27;4;0;77;24;3;0;0;1075488;4046;178;1;1076555;854;7;0;0
FR;4;2021-11-02;164;21;2;0;165;21;0;0;0;1075652;4067;180;1;1076720;875;7;0;0
FR;4;2021-11-03;132;21;8;1;133;19;6;0;0;1075784;4088;188;2;1076853;894;13;0;0
FR;4;2021-11-04;187;15;1;0;188;12;1;0;0;1075971;4103;189;2;1077041;906;14;0;0
FR;4;2021-11-05;130;17;1;0;131;16;0;0;0;1076101;4120;190;2;1077172;922;14;0;0
FR;4;2021-11-06;82;6;1;0;82;6;0;0;0;1076183;4126;191;2;1077254;928;14;0;0
FR;4;2021-11-07;83;2;2;0;83;4;0;0;0;1076266;4128;193;2;1077337;932;14;0;0
FR;4;2021-11-08;162;20;1;0;163;20;0;0;0;1076428;4148;194;2;1077500;952;14;0;0
FR;4;2021-11-09;159;14;3;0;159;16;0;0;0;1076587;4162;197;2;1077659;968;14;0;0
FR;4;2021-11-10;121;30;7;0;121;33;2;0;0;1076708;4192;204;2;1077780;1001;16;0;0
FR;4;2021-11-11;100;10;1;0;100;11;0;0;0;1076808;4202;205;2;1077880;1012;16;0;0
FR;4;2021-11-12;107;19;2;0;108;18;1;0;0;1076915;4221;207;2;1077988;1030;17;0;0
FR;4;2021-11-13;74;15;2;0;75;14;0;0;0;1076989;4236;209;2;1078063;1044;17;0;0
FR;4;2021-11-14;55;5;4;0;56;8;0;0;0;1077044;4241;213;2;1078119;1052;17;0;0
FR;4;2021-11-15;99;26;2;0;101;24;2;0;0;1077143;4267;215;2;1078220;1076;19;0;0
FR;4;2021-11-16;112;14;3;0;112;17;0;0;0;1077255;4281;218;2;1078332;1093;19;0;0
FR;4;2021-11-17;122;30;4;0;122;30;1;0;0;1077377;4311;222;2;1078454;1123;20;0;0
FR;4;2021-11-18;103;34;14;0;105;43;1;0;0;1077480;4345;236;2;1078559;1166;21;0;0
FR;4;2021-11-19;89;21;3;0;89;22;1;0;0;1077569;4366;239;2;1078648;1188;22;0;0
FR;4;2021-11-20;78;8;1;0;78;8;0;0;0;1077647;4374;240;2;1078726;1196;22;0;0
FR;4;2021-11-21;69;7;2;0;69;9;0;0;0;1077716;4381;242;2;1078795;1205;22;0;0
FR;4;2021-11-22;109;28;9;0;110;33;2;0;0;1077825;4409;251;2;1078905;1238;24;0;0
FR;4;2021-11-23;78;31;6;0;79;29;2;0;0;1077903;4440;257;2;1078984;1267;26;0;0
FR;4;2021-11-24;91;23;12;0;93;25;4;0;0;1077994;4463;269;2;1079077;1292;30;0;0
FR;4;2021-11-25;96;28;19;0;97;35;5;0;0;1078090;4491;288;2;1079174;1327;35;0;0
FR;4;2021-11-26;86;43;12;0;90;45;3;0;0;1078176;4534;300;2;1079264;1372;38;0;0
FR;4;2021-11-27;42;22;15;0;42;25;10;0;0;1078218;4556;315;2;1079306;1397;48;0;0
FR;4;2021-11-28;53;8;0;0;54;7;0;0;0;1078271;4564;315;2;1079360;1404;48;0;0
FR;4;2021-11-29;90;31;16;0;90;40;2;0;0;1078361;4595;331;2;1079450;1444;50;0;0
FR;4;2021-11-30;77;37;13;0;77;42;2;0;0;1078438;4632;344;2;1079527;1486;52;0;0
FR;4;2021-12-01;88;60;19;0;88;67;11;0;0;1078526;4692;363;2;1079615;1553;63;0;0
FR;4;2021-12-02;114;48;21;0;118;56;3;0;0;1078640;4740;384;2;1079733;1609;66;0;0
FR;4;2021-12-03;105;36;15;0;105;44;4;0;0;1078745;4776;399;2;1079838;1653;70;0;0
FR;4;2021-12-04;73;31;18;0;75;44;1;0;0;1078818;4807;417;2;1079913;1697;71;0;0
FR;4;2021-12-05;64;7;1;0;65;7;0;0;0;1078882;4814;418;2;1079978;1704;71;0;0
FR;4;2021-12-06;112;46;20;0;112;60;3;0;0;1078994;4860;438;2;1080090;1764;74;0;0
FR;4;2021-12-07;85;37;9;0;88;36;3;0;0;1079079;4897;447;2;1080178;1800;77;0;0
FR;4;2021-12-08;74;31;17;0;76;38;7;0;0;1079153;4928;464;2;1080254;1838;84;0;0
FR;4;2021-12-09;65;32;10;1;65;39;3;0;0;1079218;4960;474;3;1080319;1877;87;0;0
FR;4;2021-12-10;64;64;20;0;65;68;10;0;0;1079282;5024;494;3;1080384;1945;97;0;0
FR;4;2021-12-11;30;34;7;0;30;34;3;0;0;1079312;5058;501;3;1080414;1979;100;0;0
FR;4;2021-12-12;30;12;3;0;30;15;0;0;0;1079342;5070;504;3;1080444;1994;100;0;0
FR;4;2021-12-13;78;40;14;0;80;49;2;0;0;1079420;5110;518;3;1080524;2043;102;0;0
FR;4;2021-12-14;61;43;18;0;62;55;2;0;0;1079481;5153;536;3;1080586;2098;104;0;0
FR;4;2021-12-15;68;65;29;0;68;86;6;0;0;1079549;5218;565;3;1080654;2184;110;0;0
FR;4;2021-12-16;35;45;18;0;36;58;3;0;0;1079584;5263;583;3;1080690;2242;113;0;0
FR;4;2021-12-17;39;55;11;0;39;59;6;0;0;1079623;5318;594;3;1080729;2301;119;0;0
FR;4;2021-12-18;49;31;3;0;50;33;0;0;0;1079672;5349;597;3;1080779;2334;119;0;0
FR;4;2021-12-19;16;4;1;0;17;4;0;0;0;1079688;5353;598;3;1080796;2338;119;0;0
FR;4;2021-12-20;45;38;10;0;46;41;6;0;0;1079733;5391;608;3;1080842;2379;125;0;0
FR;4;2021-12-21;31;32;17;0;33;39;5;0;0;1079764;5423;625;3;1080875;2418;130;0;0
FR;4;2021-12-22;37;39;10;0;38;39;7;0;0;1079801;5462;635;3;1080913;2457;137;0;0
FR;4;2021-12-23;41;45;8;0;41;49;2;0;0;1079842;5507;643;3;1080954;2506;139;0;0
FR;4;2021-12-24;24;28;10;0;26;31;4;0;0;1079866;5535;653;3;1080980;2537;143;0;0
FR;4;2021-12-25;7;3;3;0;7;4;2;0;0;1079873;5538;656;3;1080987;2541;145;0;0
FR;4;2021-12-26;5;3;1;0;6;2;0;0;0;1079878;5541;657;3;1080993;2543;145;0;0
FR;4;2021-12-27;31;41;9;0;32;43;4;0;0;1079909;5582;666;3;1081025;2586;149;0;0
FR;4;2021-12-28;27;28;7;0;29;29;4;0;0;1079936;5610;673;3;1081054;2615;153;0;0
FR;4;2021-12-29;56;25;11;0;57;30;5;0;0;1079992;5635;684;3;1081111;2645;158;0;0
FR;4;2021-12-30;48;19;12;0;51;22;5;0;0;1080040;5654;696;3;1081162;2667;163;0;0
FR;4;2021-12-31;20;6;8;0;21;11;2;0;0;1080060;5660;704;3;1081183;2678;165;0;0
FR;4;2022-01-01;6;4;5;0;6;7;1;0;0;1080066;5664;709;3;1081189;2685;166;0;0
FR;4;2022-01-02;43;5;16;0;43;20;1;0;0;1080109;5669;725;3;1081232;2705;167;0;0
FR;4;2022-01-03;45;55;25;1;47;65;10;0;0;1080154;5724;750;4;1081279;2770;177;0;0
FR;4;2022-01-04;42;28;16;0;43;33;8;0;0;1080196;5752;766;4;1081322;2803;185;0;0
FR;4;2022-01-05;52;24;19;0;58;27;9;0;0;1080248;5776;785;4;1081380;2830;194;0;0
FR;4;2022-01-06;52;24;24;0;52;40;8;0;0;1080300;5800;809;4;1081432;2870;202;0;0
FR;4;2022-01-07;31;20;16;0;33;21;12;0;0;1080331;5820;825;4;1081465;2891;214;0;0
FR;4;2022-01-08;13;6;10;0;14;12;3;0;0;1080344;5826;835;4;1081479;2903;217;0;0
FR;4;2022-01-09;20;2;3;0;21;4;0;0;0;1080364;5828;838;4;1081500;2907;217;0;0
FR;4;2022-01-10;52;22;19;0;52;36;4;0;0;1080416;5850;857;4;1081552;2943;221;0;0
FR;4;2022-01-11;30;31;12;0;34;35;1;0;0;1080446;5881;869;4;1081586;2978;222;0;0
FR;4;2022-01-12;35;21;13;0;37;23;9;0;0;1080481;5902;882;4;1081623;3001;231;0;0
FR;4;2022-01-13;55;20;27;0;56;38;8;0;0;1080536;5922;909;4;1081679;3039;239;0;0
FR;4;2022-01-14;25;32;13;0;26;35;7;0;0;1080561;5954;922;4;1081705;3074;246;0;0
FR;4;2022-01-15;15;6;8;0;16;12;1;0;0;1080576;5960;930;4;1081721;3086;247;0;0
FR;4;2022-01-16;13;9;14;0;13;22;1;0;0;1080589;5969;944;4;1081734;3108;248;0;0
FR;4;2022-01-17;27;20;15;0;27;29;5;0;0;1080616;5989;959;4;1081761;3137;253;0;0
FR;4;2022-01-18;17;14;10;0;17;21;3;0;0;1080633;6003;969;4;1081778;3158;256;0;0
FR;4;2022-01-19;33;23;13;0;33;34;1;0;0;1080666;6026;982;4;1081811;3192;257;0;0
FR;4;2022-01-20;34;34;13;0;36;39;5;0;0;1080700;6060;995;4;1081847;3231;262;0;0
FR;4;2022-01-21;13;12;20;1;13;17;15;0;1;1080713;6072;1015;5;1081860;3248;277;0;1
FR;4;2022-01-22;30;13;3;0;30;14;2;0;0;1080743;6085;1018;5;1081890;3262;279;0;1
FR;4;2022-01-23;8;2;7;0;8;9;0;0;0;1080751;6087;1025;5;1081898;3271;279;0;1
FR;4;2022-01-24;14;21;9;0;15;28;1;0;0;1080765;6108;1034;5;1081913;3299;280;0;1
FR;4;2022-01-25;22;32;10;1;23;38;3;0;0;1080787;6140;1044;6;1081936;3337;283;0;1
FR;4;2022-01-26;20;17;9;1;21;21;4;0;0;1080807;6157;1053;7;1081957;3358;287;0;1
FR;4;2022-01-27;22;19;8;0;23;25;1;0;0;1080829;6176;1061;7;1081980;3383;288;0;1
FR;4;2022-01-28;14;23;8;0;15;26;4;0;0;1080843;6199;1069;7;1081995;3409;292;0;1
FR;4;2022-01-29;17;6;5;0;17;10;0;0;0;1080860;6205;1074;7;1082012;3419;292;0;1
FR;4;2022-01-30;19;3;2;0;19;5;0;0;0;1080879;6208;1076;7;1082031;3424;292;0;1
FR;4;2022-01-31;22;28;8;0;22;32;2;0;0;1080901;6236;1084;7;1082053;3456;294;0;1
FR;4;2022-02-01;13;24;13;0;15;25;9;0;0;1080914;6260;1097;7;1082068;3481;303;0;1
FR;4;2022-02-02;19;12;14;2;20;20;7;0;0;1080933;6272;1111;9;1082088;3501;310;0;1
FR;4;2022-02-03;16;24;11;0;18;29;4;0;0;1080949;6296;1122;9;1082106;3530;314;0;1
FR;4;2022-02-04;7;5;7;0;7;9;3;0;0;1080956;6301;1129;9;1082113;3539;317;0;1
FR;4;2022-02-05;7;14;1;0;8;13;1;0;0;1080963;6315;1130;9;1082121;3552;318;0;1
FR;4;2022-02-06;8;4;4;0;8;7;1;0;0;1080971;6319;1134;9;1082129;3559;319;0;1
FR;4;2022-02-07;15;20;8;0;17;20;6;0;0;1080986;6339;1142;9;1082146;3579;325;0;1
FR;4;2022-02-08;20;21;13;1;22;22;10;0;0;1081006;6360;1155;10;1082168;3601;335;0;1
FR;4;2022-02-09;18;12;9;0;19;17;2;0;0;1081024;6372;1164;10;1082187;3618;337;0;1
FR;4;2022-02-10;23;23;10;0;24;25;7;0;0;1081047;6395;1174;10;1082211;3643;344;0;1
FR;4;2022-02-11;18;15;8;0;18;20;3;0;0;1081065;6410;1182;10;1082229;3663;347;0;1
FR;4;2022-02-12;24;6;3;0;26;7;0;0;0;1081089;6416;1185;10;1082255;3670;347;0;1
FR;4;2022-02-13;7;3;3;0;7;6;0;0;0;1081096;6419;1188;10;1082262;3676;347;0;1
FR;4;2022-02-14;22;10;10;0;22;16;4;0;0;1081118;6429;1198;10;1082284;3692;351;0;1
FR;4;2022-02-15;18;7;2;0;18;8;0;0;0;1081136;6436;1200;10;1082302;3700;351;0;1
FR;4;2022-02-16;17;11;11;0;17;18;3;0;0;1081153;6447;1211;10;1082319;3718;354;0;1
FR;4;2022-02-17;11;4;5;0;11;7;2;0;0;1081164;6451;1216;10;1082330;3725;356;0;1
FR;4;2022-02-18;16;15;8;0;16;21;2;0;0;1081180;6466;1224;10;1082346;3746;358;0;1
FR;4;2022-02-19;16;4;2;0;17;5;0;0;0;1081196;6470;1226;10;1082363;3751;358;0;1
FR;4;2022-02-20;8;4;0;0;9;3;0;0;0;1081204;6474;1226;10;1082372;3754;358;0;1
FR;4;2022-02-21;24;5;4;0;24;7;2;0;0;1081228;6479;1230;10;1082396;3761;360;0;1
FR;4;2022-02-22;8;5;10;0;9;10;4;0;0;1081236;6484;1240;10;1082405;3771;364;0;1
FR;4;2022-02-23;17;6;10;0;17;10;5;0;0;1081253;6490;1250;10;1082422;3781;369;0;1
FR;4;2022-02-24;11;5;4;0;11;7;2;0;0;1081264;6495;1254;10;1082433;3788;371;0;1
FR;4;2022-02-25;17;5;7;0;17;6;6;0;0;1081281;6500;1261;10;1082450;3794;377;0;1
FR;4;2022-02-26;27;3;1;0;27;4;0;0;0;1081308;6503;1262;10;1082477;3798;377;0;1
FR;4;2022-02-27;9;0;1;0;9;1;0;0;0;1081317;6503;1263;10;1082486;3799;377;0;1
FR;4;2022-02-28;18;3;2;0;19;3;1;0;0;1081335;6506;1265;10;1082505;3802;378;0;1
FR;4;2022-03-01;8;4;7;0;8;5;5;0;0;1081343;6510;1272;10;1082513;3807;383;0;1
FR;4;2022-03-02;16;3;5;0;17;6;1;0;0;1081359;6513;1277;10;1082530;3813;384;0;1
FR;4;2022-03-03;19;5;3;0;19;6;1;0;0;1081378;6518;1280;10;1082549;3819;385;0;1
FR;4;2022-03-04;7;8;2;1;7;6;3;0;0;1081385;6526;1282;11;1082556;3825;388;0;1
FR;4;2022-03-05;9;2;0;0;9;2;0;0;0;1081394;6528;1282;11;1082565;3827;388;0;1
FR;4;2022-03-06;4;0;1;0;4;1;0;0;0;1081398;6528;1283;11;1082569;3828;388;0;1
FR;4;2022-03-07;11;6;2;0;11;5;2;0;0;1081409;6534;1285;11;1082580;3833;390;0;1
FR;4;2022-03-08;15;3;0;0;15;3;0;0;0;1081424;6537;1285;11;1082595;3836;390;0;1
FR;4;2022-03-09;9;7;2;0;11;7;0;0;0;1081433;6544;1287;11;1082606;3843;390;0;1
FR;4;2022-03-10;6;1;6;0;6;3;4;0;0;1081439;6545;1293;11;1082612;3846;394;0;1
FR;4;2022-03-11;10;4;5;0;12;2;5;0;0;1081449;6549;1298;11;1082624;3848;399;0;1
FR;4;2022-03-12;10;2;0;0;11;0;0;0;0;1081459;6551;1298;11;1082635;3848;399;0;1
FR;4;2022-03-13;6;2;1;0;7;2;0;0;0;1081465;6553;1299;11;1082642;3850;399;0;1
FR;4;2022-03-14;4;3;1;0;5;3;0;0;0;1081469;6556;1300;11;1082647;3853;399;0;1
FR;4;2022-03-15;8;8;3;0;10;7;2;0;0;1081477;6564;1303;11;1082657;3860;401;0;1
FR;4;2022-03-16;7;3;4;0;7;4;3;0;0;1081484;6567;1307;11;1082664;3864;404;0;1
FR;4;2022-03-17;3;4;1;0;3;5;0;0;0;1081487;6571;1308;11;1082667;3869;404;0;1
FR;4;2022-03-18;9;3;0;0;9;3;0;0;0;1081496;6574;1308;11;1082676;3872;404;0;1
FR;4;2022-03-19;1;1;1;0;1;2;0;0;0;1081497;6575;1309;11;1082677;3874;404;0;1
FR;4;2022-03-20;3;1;2;0;3;2;1;0;0;1081500;6576;1311;11;1082680;3876;405;0;1
FR;4;2022-03-21;6;4;1;0;6;5;0;0;0;1081506;6580;1312;11;1082686;3881;405;0;1
FR;4;2022-03-22;4;2;2;0;4;3;1;0;0;1081510;6582;1314;11;1082690;3884;406;0;1
FR;4;2022-03-23;6;4;5;0;6;8;1;0;0;1081516;6586;1319;11;1082696;3892;407;0;1
FR;4;2022-03-24;2;5;3;1;2;7;2;0;0;1081518;6591;1322;12;1082698;3899;409;0;1
FR;4;2022-03-25;4;1;2;0;4;1;2;0;0;1081522;6592;1324;12;1082702;3900;411;0;1
FR;4;2022-03-26;5;5;0;0;5;5;0;0;0;1081527;6597;1324;12;1082707;3905;411;0;1
FR;4;2022-03-27;1;0;3;0;1;2;1;0;0;1081528;6597;1327;12;1082708;3907;412;0;1
FR;4;2022-03-28;6;1;3;0;7;3;0;0;0;1081534;6598;1330;12;1082715;3910;412;0;1
FR;4;2022-03-29;9;0;4;1;9;0;2;0;0;1081543;6598;1334;13;1082724;3910;414;0;1
FR;4;2022-03-30;3;4;0;0;3;4;0;0;0;1081546;6602;1334;13;1082727;3914;414;0;1
FR;4;2022-03-31;5;3;2;1;5;4;1;0;0;1081551;6605;1336;14;1082732;3918;415;0;1
FR;4;2022-04-01;15;3;5;0;15;6;2;0;0;1081566;6608;1341;14;1082747;3924;417;0;1
FR;4;2022-04-02;4;4;0;0;5;3;0;0;0;1081570;6612;1341;14;1082752;3927;417;0;1
FR;4;2022-04-03;0;1;0;0;0;1;0;0;0;1081570;6613;1341;14;1082752;3928;417;0;1
FR;4;2022-04-04;4;4;4;0;5;5;2;0;0;1081574;6617;1345;14;1082757;3933;419;0;1
FR;4;2022-04-05;4;3;3;1;5;3;3;0;0;1081578;6620;1348;15;1082762;3936;422;0;1
FR;4;2022-04-06;6;1;0;0;6;1;0;0;0;1081584;6621;1348;15;1082768;3937;422;0;1
FR;4;2022-04-07;3;2;3;2;3;5;0;0;0;1081587;6623;1351;17;1082771;3942;422;0;1
FR;4;2022-04-08;4;2;1;0;4;2;1;0;0;1081591;6625;1352;17;1082775;3944;423;0;1
FR;4;2022-04-09;0;0;1;1;0;1;1;0;0;1081591;6625;1353;18;1082775;3945;424;0;1
FR;4;2022-04-10;2;2;0;0;2;2;0;0;0;1081593;6627;1353;18;1082777;3947;424;0;1
FR;4;2022-04-11;4;3;4;0;4;5;2;0;0;1081597;6630;1357;18;1082781;3952;426;0;1
FR;4;2022-04-12;6;1;4;0;6;2;3;0;0;1081603;6631;1361;18;1082787;3954;429;0;1
FR;4;2022-04-13;5;8;2;1;5;10;1;0;0;1081608;6639;1363;19;1082792;3964;430;0;1
FR;4;2022-04-14;6;4;2;1;7;5;1;0;0;1081614;6643;1365;20;1082799;3969;431;0;1
FR;4;2022-04-15;7;9;1;0;7;10;0;0;0;1081621;6652;1366;20;1082806;3979;431;0;1
FR;4;2022-04-16;1;0;0;0;1;0;0;0;0;1081622;6652;1366;20;1082807;3979;431;0;1
FR;4;2022-04-17;3;2;1;0;3;3;0;0;0;1081625;6654;1367;20;1082810;3982;431;0;1
FR;4;2022-04-18;2;2;6;0;2;4;4;0;0;1081627;6656;1373;20;1082812;3986;435;0;1
FR;4;2022-04-19;3;1;1;0;3;1;1;0;0;1081630;6657;1374;20;1082815;3987;436;0;1
FR;4;2022-04-20;15;4;1;1;16;3;1;0;0;1081645;6661;1375;21;1082831;3990;437;0;1
FR;4;2022-04-21;7;1;0;0;7;1;0;0;0;1081652;6662;1375;21;1082838;3991;437;0;1
FR;4;2022-04-22;1;1;2;0;1;2;1;0;0;1081653;6663;1377;21;1082839;3993;438;0;1
FR;4;2022-04-23;2;3;3;0;2;6;0;0;0;1081655;6666;1380;21;1082841;3999;438;0;1
FR;4;2022-04-24;0;3;0;0;0;3;0;0;0;1081655;6669;1380;21;1082841;4002;438;0;1
FR;4;2022-04-25;3;5;3;0;3;8;0;0;0;1081658;6674;1383;21;1082844;4010;438;0;1
FR;4;2022-04-26;5;6;1;0;5;6;1;0;0;1081663;6680;1384;21;1082849;4016;439;0;1
FR;4;2022-04-27;4;1;1;2;5;1;2;0;0;1081667;6681;1385;23;1082854;4017;441;0;1
FR;4;2022-04-28;3;5;5;1;3;7;4;0;0;1081670;6686;1390;24;1082857;4024;445;0;1
FR;4;2022-04-29;6;3;0;0;6;2;0;0;0;1081676;6689;1390;24;1082863;4026;445;0;1
FR;4;2022-04-30;2;1;1;0;2;2;0;0;0;1081678;6690;1391;24;1082865;4028;445;0;1
FR;4;2022-05-01;0;0;0;0;0;0;0;0;0;1081678;6690;1391;24;1082865;4028;445;0;1
FR;4;2022-05-02;5;16;6;0;5;19;3;0;0;1081683;6706;1397;24;1082870;4047;448;0;1
FR;4;2022-05-03;2;6;2;0;2;7;1;0;0;1081685;6712;1399;24;1082872;4054;449;0;1
FR;4;2022-05-04;7;4;1;0;7;4;1;0;0;1081692;6716;1400;24;1082879;4058;450;0;1
FR;4;2022-05-05;5;2;1;1;6;1;2;0;0;1081697;6718;1401;25;1082885;4059;452;0;1
FR;4;2022-05-06;5;3;1;0;6;2;1;0;0;1081702;6721;1402;25;1082891;4061;453;0;1
FR;4;2022-05-07;0;1;0;0;0;1;0;0;0;1081702;6722;1402;25;1082891;4062;453;0;1
FR;4;2022-05-08;1;1;0;0;1;1;0;0;0;1081703;6723;1402;25;1082892;4063;453;0;1
FR;4;2022-05-09;5;1;0;1;5;1;1;0;0;1081708;6724;1402;26;1082897;4064;454;0;1
FR;4;2022-05-10;3;1;0;2;3;3;0;0;0;1081711;6725;1402;28;1082900;4067;454;0;1
FR;4;2022-05-11;4;2;4;0;4;5;1;0;0;1081715;6727;1406;28;1082904;4072;455;0;1
FR;4;2022-05-12;7;4;2;1;7;5;1;0;1;1081722;6731;1408;29;1082911;4077;456;0;2
FR;4;2022-05-13;1;0;2;0;1;2;0;0;0;1081723;6731;1410;29;1082912;4079;456;0;2
FR;4;2022-05-14;0;2;0;0;0;2;0;0;0;1081723;6733;1410;29;1082912;4081;456;0;2
FR;4;2022-05-15;2;2;0;0;4;0;0;0;0;1081725;6735;1410;29;1082916;4081;456;0;2
FR;4;2022-05-16;5;2;2;0;5;2;2;0;0;1081730;6737;1412;29;1082921;4083;458;0;2
FR;4;2022-05-17;5;1;2;0;5;3;0;0;0;1081735;6738;1414;29;1082926;4086;458;0;2
FR;4;2022-05-18;3;6;0;0;3;6;0;0;0;1081738;6744;1414;29;1082929;4092;458;0;2
FR;4;2022-05-19;2;3;3;0;2;5;1;0;0;1081740;6747;1417;29;1082931;4097;459;0;2
FR;4;2022-05-20;5;2;3;0;5;2;3;0;0;1081745;6749;1420;29;1082936;4099;462;0;2
FR;4;2022-05-21;2;0;1;0;2;1;0;0;0;1081747;6749;1421;29;1082938;4100;462;0;2
FR;4;2022-05-22;0;0;1;0;0;1;0;0;0;1081747;6749;1422;29;1082938;4101;462;0;2
FR;4;2022-05-23;0;0;2;0;0;0;2;0;0;1081747;6749;1424;29;1082938;4101;464;0;2
FR;4;2022-05-24;2;4;1;0;2;5;0;0;0;1081749;6753;1425;29;1082940;4106;464;0;2
FR;4;2022-05-25;1;4;1;0;3;3;0;0;0;1081750;6757;1426;29;1082943;4109;464;0;2
FR;4;2022-05-26;5;0;1;0;5;1;0;0;0;1081755;6757;1427;29;1082948;4110;464;0;2
FR;4;2022-05-27;0;2;1;1;0;3;1;0;0;1081755;6759;1428;30;1082948;4113;465;0;2
FR;4;2022-05-28;1;0;0;0;1;0;0;0;0;1081756;6759;1428;30;1082949;4113;465;0;2
FR;4;2022-05-29;1;0;1;0;1;1;0;0;0;1081757;6759;1429;30;1082950;4114;465;0;2
FR;4;2022-05-30;3;4;2;0;3;5;1;0;0;1081760;6763;1431;30;1082953;4119;466;0;2
FR;4;2022-05-31;2;1;0;0;2;1;0;0;0;1081762;6764;1431;30;1082955;4120;466;0;2
FR;4;2022-06-01;3;11;7;0;3;15;3;0;0;1081765;6775;1438;30;1082958;4135;469;0;2
FR;4;2022-06-02;6;7;3;0;6;7;2;0;0;1081771;6782;1441;30;1082964;4142;471;0;2
FR;4;2022-06-03;2;6;4;1;2;7;4;0;0;1081773;6788;1445;31;1082966;4149;475;0;2
FR;4;2022-06-04;0;1;1;1;0;1;2;0;0;1081773;6789;1446;32;1082966;4150;477;0;2
FR;4;2022-06-05;0;0;0;0;0;0;0;0;0;1081773;6789;1446;32;1082966;4150;477;0;2
FR;4;2022-06-06;8;0;3;0;8;2;1;0;0;1081781;6789;1449;32;1082974;4152;478;0;2
FR;4;2022-06-07;6;2;0;1;6;2;1;0;0;1081787;6791;1449;33;1082980;4154;479;0;2
FR;4;2022-06-08;0;5;3;0;1;7;0;0;0;1081787;6796;1452;33;1082981;4161;479;0;2
FR;4;2022-06-09;1;2;0;0;2;1;0;0;0;1081788;6798;1452;33;1082983;4162;479;0;2
FR;4;2022-06-10;4;0;3;0;4;1;2;0;0;1081792;6798;1455;33;1082987;4163;481;0;2
FR;4;2022-06-11;1;0;0;0;1;0;0;0;0;1081793;6798;1455;33;1082988;4163;481;0;2
FR;4;2022-06-12;4;1;1;0;4;2;0;0;0;1081797;6799;1456;33;1082992;4165;481;0;2
FR;4;2022-06-13;6;2;3;0;7;2;1;0;0;1081803;6801;1459;33;1082999;4167;482;0;2
FR;4;2022-06-14;4;3;0;0;5;2;0;0;0;1081807;6804;1459;33;1083004;4169;482;0;2
FR;4;2022-06-15;9;3;4;0;9;3;4;0;0;1081816;6807;1463;33;1083013;4172;486;0;2
FR;4;2022-06-16;2;3;1;1;3;2;1;0;1;1081818;6810;1464;34;1083016;4174;487;0;3
FR;4;2022-06-17;6;1;0;0;6;1;0;0;0;1081824;6811;1464;34;1083022;4175;487;0;3
FR;4;2022-06-18;0;0;0;0;0;0;0;0;0;1081824;6811;1464;34;1083022;4175;487;0;3
FR;4;2022-06-19;3;0;0;0;3;0;0;0;0;1081827;6811;1464;34;1083025;4175;487;0;3
FR;4;2022-06-20;6;2;2;1;6;3;2;0;0;1081833;6813;1466;35;1083031;4178;489;0;3
FR;4;2022-06-21;5;2;4;1;6;4;2;0;0;1081838;6815;1470;36;1083037;4182;491;0;3
FR;4;2022-06-22;3;2;1;3;4;2;1;0;0;1081841;6817;1471;39;1083041;4184;492;0;3
FR;4;2022-06-23;3;3;3;0;3;5;1;0;0;1081844;6820;1474;39;1083044;4189;493;0;3
FR;4;2022-06-24;3;0;2;0;3;0;2;0;0;1081847;6820;1476;39;1083047;4189;495;0;3
FR;4;2022-06-25;3;0;1;1;3;1;1;0;0;1081850;6820;1477;40;1083050;4190;496;0;3
FR;4;2022-06-26;0;0;2;0;0;2;0;0;0;1081850;6820;1479;40;1083050;4192;496;0;3
FR;4;2022-06-27;2;2;1;3;2;3;3;0;0;1081852;6822;1480;43;1083052;4195;499;0;3
FR;4;2022-06-28;0;4;2;1;0;5;2;0;0;1081852;6826;1482;44;1083052;4200;501;0;3
FR;4;2022-06-29;1;2;0;0;1;2;0;0;0;1081853;6828;1482;44;1083053;4202;501;0;3
FR;4;2022-06-30;2;0;0;0;2;0;0;0;0;1081855;6828;1482;44;1083055;4202;501;0;3
FR;4;2022-07-01;2;4;8;0;2;4;8;0;0;1081857;6832;1490;44;1083057;4206;509;0;3
FR;4;2022-07-02;0;1;0;0;1;0;0;0;0;1081857;6833;1490;44;1083058;4206;509;0;3
FR;4;2022-07-03;0;0;0;0;0;0;0;0;0;1081857;6833;1490;44;1083058;4206;509;0;3
FR;4;2022-07-04;4;1;0;0;4;1;0;0;0;1081861;6834;1490;44;1083062;4207;509;0;3
FR;4;2022-07-05;4;1;3;0;4;3;1;0;0;1081865;6835;1493;44;1083066;4210;510;0;3
FR;4;2022-07-06;5;0;1;1;5;0;1;0;1;1081870;6835;1494;45;1083071;4210;511;0;4
FR;4;2022-07-07;2;1;2;1;2;1;3;0;0;1081872;6836;1496;46;1083073;4211;514;0;4
FR;4;2022-07-08;4;1;0;0;4;1;0;0;0;1081876;6837;1496;46;1083077;4212;514;0;4
FR;4;2022-07-09;2;2;1;0;2;3;0;0;0;1081878;6839;1497;46;1083079;4215;514;0;4
FR;4;2022-07-10;2;0;1;0;2;0;0;0;0;1081880;6839;1498;46;1083081;4215;514;0;4
FR;4;2022-07-11;3;0;2;0;3;0;1;0;0;1081883;6839;1500;46;1083084;4215;515;0;4
FR;4;2022-07-12;0;0;2;0;0;2;0;0;0;1081883;6839;1502;46;1083084;4217;515;0;4
FR;4;2022-07-13;3;2;3;1;3;2;4;0;0;1081886;6841;1505;47;1083087;4219;519;0;4
FR;4;2022-07-14;6;0;1;0;6;0;1;0;0;1081892;6841;1506;47;1083093;4219;520;0;4
FR;4;2022-07-15;11;2;0;0;11;2;0;0;0;1081903;6843;1506;47;1083104;4221;520;0;4
FR;4;2022-07-16;5;0;0;2;5;0;2;0;0;1081908;6843;1506;49;1083109;4221;522;0;4
FR;4;2022-07-17;1;0;1;1;1;0;2;0;0;1081909;6843;1507;50;1083110;4221;524;0;4
FR;4;2022-07-18;3;3;2;0;3;3;2;0;0;1081912;6846;1509;50;1083113;4224;526;0;4
FR;4;2022-07-19;5;0;1;0;5;1;0;0;0;1081917;6846;1510;50;1083118;4225;526;0;4
FR;4;2022-07-20;12;1;1;0;13;1;0;0;0;1081929;6847;1511;50;1083131;4226;526;0;4
FR;4;2022-07-21;2;3;1;0;2;3;1;0;0;1081931;6850;1512;50;1083133;4229;527;0;4
FR;4;2022-07-22;5;1;3;0;5;2;2;0;0;1081936;6851;1515;50;1083138;4231;529;0;4
FR;4;2022-07-23;1;2;0;0;1;1;0;0;0;1081937;6853;1515;50;1083139;4232;529;0;4
FR;4;2022-07-24;1;0;0;0;1;0;0;0;0;1081938;6853;1515;50;1083140;4232;529;0;4
FR;4;2022-07-25;7;0;2;0;7;2;0;0;0;1081945;6853;1517;50;1083147;4234;529;0;4
FR;4;2022-07-26;2;0;0;0;2;0;0;0;0;1081947;6853;1517;50;1083149;4234;529;0;4
FR;4;2022-07-27;3;1;0;0;3;0;0;0;0;1081950;6854;1517;50;1083152;4234;529;0;4
FR;4;2022-07-28;13;0;0;0;13;0;0;0;0;1081963;6854;1517;50;1083165;4234;529;0;4
FR;4;2022-07-29;3;0;2;0;3;1;1;0;0;1081966;6854;1519;50;1083168;4235;530;0;4
FR;4;2022-07-30;5;0;2;0;5;0;2;0;0;1081971;6854;1521;50;1083173;4235;532;0;4
FR;4;2022-07-31;0;0;0;0;0;0;0;0;0;1081971;6854;1521;50;1083173;4235;532;0;4
FR;4;2022-08-01;4;0;3;0;4;2;1;0;0;1081975;6854;1524;50;1083177;4237;533;0;4
FR;4;2022-08-02;6;0;0;0;6;0;0;0;0;1081981;6854;1524;50;1083183;4237;533;0;4
FR;4;2022-08-03;2;2;1;0;2;2;1;0;0;1081983;6856;1525;50;1083185;4239;534;0;4
FR;4;2022-08-04;5;2;0;1;5;2;1;0;0;1081988;6858;1525;51;1083190;4241;535;0;4
FR;4;2022-08-05;3;1;1;0;3;1;1;0;0;1081991;6859;1526;51;1083193;4242;536;0;4
FR;4;2022-08-06;2;0;0;0;2;0;0;0;0;1081993;6859;1526;51;1083195;4242;536;0;4
FR;4;2022-08-07;5;0;0;0;5;0;0;0;0;1081998;6859;1526;51;1083200;4242;536;0;4
FR;4;2022-08-08;2;0;1;1;2;1;1;0;0;1082000;6859;1527;52;1083202;4243;537;0;4
FR;4;2022-08-09;1;1;2;2;1;2;3;0;0;1082001;6860;1529;54;1083203;4245;540;0;4
FR;4;2022-08-10;6;1;1;0;7;1;0;0;0;1082007;6861;1530;54;1083210;4246;540;0;4
FR;4;2022-08-11;2;0;1;0;2;1;0;0;0;1082009;6861;1531;54;1083212;4247;540;0;4
FR;4;2022-08-12;4;0;1;0;4;0;1;0;0;1082013;6861;1532;54;1083216;4247;541;0;4
FR;4;2022-08-13;1;0;0;0;1;0;0;0;0;1082014;6861;1532;54;1083217;4247;541;0;4
FR;4;2022-08-14;1;0;0;0;1;0;0;0;0;1082015;6861;1532;54;1083218;4247;541;0;4
FR;4;2022-08-15;1;2;3;0;1;2;3;0;0;1082016;6863;1535;54;1083219;4249;544;0;4
FR;4;2022-08-16;0;0;1;0;0;1;0;0;0;1082016;6863;1536;54;1083219;4250;544;0;4
FR;4;2022-08-17;3;0;0;0;3;0;0;0;0;1082019;6863;1536;54;1083222;4250;544;0;4
FR;4;2022-08-18;6;0;0;0;6;0;0;0;0;1082025;6863;1536;54;1083228;4250;544;0;4
FR;4;2022-08-19;5;0;0;0;5;0;0;0;0;1082030;6863;1536;54;1083233;4250;544;0;4
FR;4;2022-08-20;3;1;0;0;4;0;0;0;0;1082033;6864;1536;54;1083237;4250;544;0;4
FR;4;2022-08-21;1;0;0;0;1;0;0;0;0;1082034;6864;1536;54;1083238;4250;544;0;4
FR;4;2022-08-22;3;9;0;0;3;9;0;0;0;1082037;6873;1536;54;1083241;4259;544;0;4
FR;4;2022-08-23;3;3;3;0;3;4;2;0;0;1082040;6876;1539;54;1083244;4263;546;0;4
FR;4;2022-08-24;6;0;0;1;6;0;1;0;0;1082046;6876;1539;55;1083250;4263;547;0;4
FR;4;2022-08-25;1;3;2;0;1;4;1;0;0;1082047;6879;1541;55;1083251;4267;548;0;4
FR;4;2022-08-26;6;0;0;1;6;0;1;0;0;1082053;6879;1541;56;1083257;4267;549;0;4
FR;4;2022-08-27;1;0;0;0;1;0;0;0;0;1082054;6879;1541;56;1083258;4267;549;0;4
FR;4;2022-08-28;0;1;0;0;0;0;0;0;0;1082054;6880;1541;56;1083258;4267;549;0;4
FR;4;2022-08-29;8;0;0;0;8;0;0;0;0;1082062;6880;1541;56;1083266;4267;549;0;4
FR;4;2022-08-30;5;1;0;0;5;1;0;0;0;1082067;6881;1541;56;1083271;4268;549;0;4
FR;4;2022-08-31;3;1;0;0;3;1;0;0;0;1082070;6882;1541;56;1083274;4269;549;0;4
FR;4;2022-09-01;4;8;2;0;5;7;2;0;0;1082074;6890;1543;56;1083279;4276;551;0;4
FR;4;2022-09-02;2;2;1;0;3;2;0;0;0;1082076;6892;1544;56;1083282;4278;551;0;4
FR;4;2022-09-03;3;0;0;0;3;0;0;0;0;1082079;6892;1544;56;1083285;4278;551;0;4
FR;4;2022-09-04;1;0;0;0;1;0;0;0;0;1082080;6892;1544;56;1083286;4278;551;0;4
FR;4;2022-09-05;4;2;0;0;4;2;0;0;0;1082084;6894;1544;56;1083290;4280;551;0;4
FR;4;2022-09-06;1;0;0;0;1;0;0;0;0;1082085;6894;1544;56;1083291;4280;551;0;4
FR;4;2022-09-07;2;0;1;1;2;1;1;0;0;1082087;6894;1545;57;1083293;4281;552;0;4
FR;4;2022-09-08;3;0;0;0;3;0;0;0;0;1082090;6894;1545;57;1083296;4281;552;0;4
FR;4;2022-09-09;2;2;0;0;2;2;0;0;0;1082092;6896;1545;57;1083298;4283;552;0;4
FR;4;2022-09-10;0;1;0;3;0;2;2;0;0;1082092;6897;1545;60;1083298;4285;554;0;4
FR;4;2022-09-11;2;0;0;0;2;0;0;0;0;1082094;6897;1545;60;1083300;4285;554;0;4
FR;4;2022-09-12;1;1;1;0;1;1;1;0;0;1082095;6898;1546;60;1083301;4286;555;0;4
FR;4;2022-09-13;1;0;0;0;1;0;0;0;0;1082096;6898;1546;60;1083302;4286;555;0;4
FR;4;2022-09-14;4;0;0;0;4;0;0;0;0;1082100;6898;1546;60;1083306;4286;555;0;4
FR;4;2022-09-15;4;0;0;0;4;0;0;0;0;1082104;6898;1546;60;1083310;4286;555;0;4
FR;4;2022-09-16;1;0;0;0;1;0;0;0;0;1082105;6898;1546;60;1083311;4286;555;0;4
FR;4;2022-09-17;2;0;0;0;2;0;0;0;0;1082107;6898;1546;60;1083313;4286;555;0;4
FR;4;2022-09-18;0;1;0;0;0;1;0;0;0;1082107;6899;1546;60;1083313;4287;555;0;4
FR;4;2022-09-19;4;0;2;0;4;2;0;0;0;1082111;6899;1548;60;1083317;4289;555;0;4
FR;4;2022-09-20;4;0;0;0;4;0;0;0;0;1082115;6899;1548;60;1083321;4289;555;0;4
FR;4;2022-09-21;2;1;0;0;2;1;0;0;0;1082117;6900;1548;60;1083323;4290;555;0;4
FR;4;2022-09-22;2;1;0;0;2;1;0;0;0;1082119;6901;1548;60;1083325;4291;555;0;4
FR;4;2022-09-23;2;3;0;0;3;2;0;0;0;1082121;6904;1548;60;1083328;4293;555;0;4
FR;4;2022-09-24;1;0;0;0;1;0;0;0;0;1082122;6904;1548;60;1083329;4293;555;0;4
FR;4;2022-09-25;0;0;0;0;0;0;0;0;0;1082122;6904;1548;60;1083329;4293;555;0;4
FR;4;2022-09-26;2;0;1;0;2;0;1;0;0;1082124;6904;1549;60;1083331;4293;556;0;4
FR;4;2022-09-27;1;0;1;1;1;0;2;0;0;1082125;6904;1550;61;1083332;4293;558;0;4
FR;4;2022-09-28;3;0;2;0;3;2;0;0;0;1082128;6904;1552;61;1083335;4295;558;0;4
FR;4;2022-09-29;5;0;1;1;5;1;1;0;0;1082133;6904;1553;62;1083340;4296;559;0;4
FR;4;2022-09-30;1;1;0;0;1;1;0;0;0;1082134;6905;1553;62;1083341;4297;559;0;4
FR;4;2022-10-01;1;1;0;0;2;0;0;0;0;1082135;6906;1553;62;1083343;4297;559;0;4
FR;4;2022-10-02;0;1;0;0;0;1;0;0;0;1082135;6907;1553;62;1083343;4298;559;0;4
FR;4;2022-10-03;2;3;1;1;3;3;1;0;0;1082137;6910;1554;63;1083346;4301;560;0;4
FR;4;2022-10-04;3;0;0;0;3;0;0;0;0;1082140;6910;1554;63;1083349;4301;560;0;4
FR;4;2022-10-05;0;1;0;0;0;1;0;0;0;1082140;6911;1554;63;1083349;4302;560;0;4
FR;4;2022-10-06;2;0;0;0;2;0;0;0;0;1082142;6911;1554;63;1083351;4302;560;0;4
FR;4;2022-10-07;3;1;1;0;3;1;1;0;0;1082145;6912;1555;63;1083354;4303;561;0;4
FR;4;2022-10-08;4;1;0;0;4;0;0;0;0;1082149;6913;1555;63;1083358;4303;561;0;4
FR;4;2022-10-09;0;0;0;0;0;0;0;0;0;1082149;6913;1555;63;1083358;4303;561;0;4
FR;4;2022-10-10;5;0;2;3;5;2;1;0;2;1082154;6913;1557;66;1083363;4305;562;0;6
FR;4;2022-10-11;2;2;0;0;2;1;0;0;0;1082156;6915;1557;66;1083365;4306;562;0;6
FR;4;2022-10-12;1;0;0;0;1;0;0;0;0;1082157;6915;1557;66;1083366;4306;562;0;6
FR;4;2022-10-13;5;0;0;0;5;0;0;0;0;1082162;6915;1557;66;1083371;4306;562;0;6
FR;4;2022-10-14;1;0;0;0;1;0;0;0;0;1082163;6915;1557;66;1083372;4306;562;0;6
FR;4;2022-10-15;1;2;0;0;1;2;0;0;0;1082164;6917;1557;66;1083373;4308;562;0;6
FR;4;2022-10-16;0;0;0;0;0;0;0;0;0;1082164;6917;1557;66;1083373;4308;562;0;6
FR;4;2022-10-17;2;0;1;0;2;1;0;0;0;1082166;6917;1558;66;1083375;4309;562;0;6
FR;4;2022-10-18;1;0;0;1;1;0;1;0;0;1082167;6917;1558;67;1083376;4309;563;0;6
FR;4;2022-10-19;1;0;0;2;1;0;2;0;3;1082168;6917;1558;69;1083377;4309;565;0;9
FR;4;2022-10-20;4;1;0;0;4;1;0;0;0;1082172;6918;1558;69;1083381;4310;565;0;9
FR;4;2022-10-21;3;1;0;0;3;1;0;0;0;1082175;6919;1558;69;1083384;4311;565;0;9
FR;4;2022-10-22;1;0;0;0;1;0;0;0;0;1082176;6919;1558;69;1083385;4311;565;0;9
FR;4;2022-10-23;0;0;0;0;0;0;0;0;0;1082176;6919;1558;69;1083385;4311;565;0;9
FR;4;2022-10-24;3;0;0;0;3;0;0;0;0;1082179;6919;1558;69;1083388;4311;565;0;9
FR;4;2022-10-25;4;0;0;0;4;0;0;0;0;1082183;6919;1558;69;1083392;4311;565;0;9
FR;4;2022-10-26;2;1;0;0;2;1;0;0;0;1082185;6920;1558;69;1083394;4312;565;0;9
FR;4;2022-10-27;3;1;1;0;3;0;1;0;0;1082188;6921;1559;69;1083397;4312;566;0;9
FR;4;2022-10-28;0;0;0;0;0;0;0;0;0;1082188;6921;1559;69;1083397;4312;566;0;9
FR;4;2022-10-29;1;0;0;3;1;0;3;0;3;1082189;6921;1559;72;1083398;4312;569;0;12
FR;4;2022-10-30;1;0;0;0;1;0;0;0;0;1082190;6921;1559;72;1083399;4312;569;0;12
FR;4;2022-10-31;1;0;0;0;1;0;0;0;0;1082191;6921;1559;72;1083400;4312;569;0;12
FR;4;2022-11-01;1;6;0;0;1;6;0;0;0;1082192;6927;1559;72;1083401;4318;569;0;12
FR;4;2022-11-02;0;0;2;2;0;1;3;0;0;1082192;6927;1561;74;1083401;4319;572;0;12
FR;4;2022-11-03;1;0;0;0;1;0;0;0;0;1082193;6927;1561;74;1083402;4319;572;0;12
FR;4;2022-11-04;4;1;0;0;4;0;0;0;0;1082197;6928;1561;74;1083406;4319;572;0;12
FR;4;2022-11-05;0;0;0;0;0;0;0;0;0;1082197;6928;1561;74;1083406;4319;572;0;12
FR;4;2022-11-06;2;0;0;0;2;0;0;0;0;1082199;6928;1561;74;1083408;4319;572;0;12
FR;4;2022-11-07;2;0;0;0;2;0;0;0;0;1082201;6928;1561;74;1083410;4319;572;0;12
FR;4;2022-11-08;7;0;0;0;7;0;0;0;0;1082208;6928;1561;74;1083417;4319;572;0;12
FR;4;2022-11-09;0;0;0;0;0;0;0;0;0;1082208;6928;1561;74;1083417;4319;572;0;12
FR;4;2022-11-10;2;0;1;0;2;1;0;0;0;1082210;6928;1562;74;1083419;4320;572;0;12
FR;4;2022-11-11;1;0;0;0;1;0;0;0;0;1082211;6928;1562;74;1083420;4320;572;0;12
FR;4;2022-11-12;3;1;0;0;3;1;0;0;0;1082214;6929;1562;74;1083423;4321;572;0;12
FR;4;2022-11-13;2;0;0;0;2;0;0;0;0;1082216;6929;1562;74;1083425;4321;572;0;12
FR;4;2022-11-14;0;1;0;0;0;1;0;0;0;1082216;6930;1562;74;1083425;4322;572;0;12
FR;4;2022-11-15;3;1;0;0;3;1;0;0;0;1082219;6931;1562;74;1083428;4323;572;0;12
FR;4;2022-11-16;1;1;1;0;1;1;1;0;0;1082220;6932;1563;74;1083429;4324;573;0;12
FR;4;2022-11-17;0;2;0;0;0;2;0;0;0;1082220;6934;1563;74;1083429;4326;573;0;12
FR;4;2022-11-18;5;0;1;0;5;0;1;0;0;1082225;6934;1564;74;1083434;4326;574;0;12
FR;4;2022-11-19;0;0;0;0;0;0;0;0;0;1082225;6934;1564;74;1083434;4326;574;0;12
FR;4;2022-11-20;0;0;0;1;0;0;0;0;1;1082225;6934;1564;75;1083434;4326;574;0;13
FR;4;2022-11-21;0;0;0;0;0;0;0;0;0;1082225;6934;1564;75;1083434;4326;574;0;13
FR;4;2022-11-22;0;1;1;0;0;2;0;0;0;1082225;6935;1565;75;1083434;4328;574;0;13
FR;4;2022-11-23;1;0;0;0;1;0;0;0;1;1082226;6935;1565;75;1083435;4328;574;0;14
FR;4;2022-11-24;0;2;0;0;0;2;0;0;0;1082226;6937;1565;75;1083435;4330;574;0;14
FR;4;2022-11-25;3;4;0;0;3;4;0;0;0;1082229;6941;1565;75;1083438;4334;574;0;14
FR;4;2022-11-26;1;0;0;0;1;0;0;0;0;1082230;6941;1565;75;1083439;4334;574;0;14
FR;4;2022-11-27;0;0;0;0;0;0;0;0;0;1082230;6941;1565;75;1083439;4334;574;0;14
FR;4;2022-11-28;4;0;0;0;4;0;0;0;0;1082234;6941;1565;75;1083443;4334;574;0;14
FR;4;2022-11-29;3;0;0;0;3;0;0;0;0;1082237;6941;1565;75;1083446;4334;574;0;14
FR;4;2022-11-30;0;0;0;0;0;0;0;0;0;1082237;6941;1565;75;1083446;4334;574;0;14
FR;4;2022-12-01;1;2;2;0;2;2;1;0;0;1082238;6943;1567;75;1083448;4336;575;0;14
FR;4;2022-12-02;6;1;0;1;6;1;0;0;1;1082244;6944;1567;76;1083454;4337;575;0;15
FR;4;2022-12-03;1;0;0;0;1;0;0;0;0;1082245;6944;1567;76;1083455;4337;575;0;15
FR;4;2022-12-04;0;0;0;0;0;0;0;0;0;1082245;6944;1567;76;1083455;4337;575;0;15
FR;4;2022-12-05;2;1;0;0;2;1;0;0;0;1082247;6945;1567;76;1083457;4338;575;0;15
FR;4;2022-12-06;2;0;0;0;2;0;0;0;0;1082249;6945;1567;76;1083459;4338;575;0;15
FR;4;2022-12-07;2;3;1;0;2;4;0;0;0;1082251;6948;1568;76;1083461;4342;575;0;15
FR;4;2022-12-08;1;0;0;0;1;0;0;0;0;1082252;6948;1568;76;1083462;4342;575;0;15
FR;4;2022-12-09;2;0;1;0;2;0;1;0;0;1082254;6948;1569;76;1083464;4342;576;0;15
FR;4;2022-12-10;1;0;0;0;1;0;0;0;0;1082255;6948;1569;76;1083465;4342;576;0;15
FR;4;2022-12-11;0;0;0;0;0;0;0;0;0;1082255;6948;1569;76;1083465;4342;576;0;15
FR;4;2022-12-12;2;1;0;5;2;1;5;0;0;1082257;6949;1569;81;1083467;4343;581;0;15
FR;4;2022-12-13;1;0;0;0;1;0;0;0;0;1082258;6949;1569;81;1083468;4343;581;0;15
FR;4;2022-12-14;0;0;0;0;0;0;0;0;0;1082258;6949;1569;81;1083468;4343;581;0;15
FR;4;2022-12-15;1;1;0;0;1;1;0;0;0;1082259;6950;1569;81;1083469;4344;581;0;15
FR;4;2022-12-16;2;0;0;0;2;0;0;0;0;1082261;6950;1569;81;1083471;4344;581;0;15
FR;4;2022-12-17;0;0;1;0;0;0;1;0;0;1082261;6950;1570;81;1083471;4344;582;0;15
FR;4;2022-12-18;1;0;0;0;1;0;0;0;0;1082262;6950;1570;81;1083472;4344;582;0;15
FR;4;2022-12-19;1;0;0;0;1;0;0;0;0;1082263;6950;1570;81;1083473;4344;582;0;15
FR;4;2022-12-20;4;2;0;0;5;1;0;0;0;1082267;6952;1570;81;1083478;4345;582;0;15
FR;4;2022-12-21;6;0;0;0;6;0;0;0;0;1082273;6952;1570;81;1083484;4345;582;0;15
FR;4;2022-12-22;2;1;0;0;2;1;0;0;0;1082275;6953;1570;81;1083486;4346;582;0;15
FR;4;2022-12-23;3;0;0;0;3;0;0;0;0;1082278;6953;1570;81;1083489;4346;582;0;15
FR;4;2022-12-24;0;0;1;0;0;1;0;0;0;1082278;6953;1571;81;1083489;4347;582;0;15
FR;4;2022-12-25;0;0;0;0;0;0;0;0;0;1082278;6953;1571;81;1083489;4347;582;0;15
FR;4;2022-12-26;1;2;0;0;1;1;0;0;0;1082279;6955;1571;81;1083490;4348;582;0;15
FR;4;2022-12-27;1;1;0;0;1;1;0;0;0;1082280;6956;1571;81;1083491;4349;582;0;15
FR;4;2022-12-28;0;0;0;0;0;0;0;0;0;1082280;6956;1571;81;1083491;4349;582;0;15
FR;4;2022-12-29;0;1;0;0;1;0;0;0;0;1082280;6957;1571;81;1083492;4349;582;0;15
FR;4;2022-12-30;1;0;0;0;1;0;0;0;0;1082281;6957;1571;81;1083493;4349;582;0;15
FR;4;2022-12-31;0;0;0;0;0;0;0;0;0;1082281;6957;1571;81;1083493;4349;582;0;15
FR;4;2023-01-01;0;0;0;0;0;0;0;0;0;1082281;6957;1571;81;1083493;4349;582;0;15
FR;4;2023-01-02;2;0;2;0;2;1;1;0;0;1082283;6957;1573;81;1083495;4350;583;0;15
FR;4;2023-01-03;1;1;0;0;1;1;0;0;0;1082284;6958;1573;81;1083496;4351;583;0;15
FR;4;2023-01-04;0;0;0;0;0;0;0;0;0;1082284;6958;1573;81;1083496;4351;583;0;15
FR;4;2023-01-05;0;0;0;0;0;0;0;0;0;1082284;6958;1573;81;1083496;4351;583;0;15
FR;4;2023-01-06;1;1;3;0;1;4;0;0;0;1082285;6959;1576;81;1083497;4355;583;0;15
FR;4;2023-01-07;1;0;0;0;1;0;0;0;0;1082286;6959;1576;81;1083498;4355;583;0;15
FR;4;2023-01-08;1;0;0;0;1;0;0;0;0;1082287;6959;1576;81;1083499;4355;583;0;15
FR;4;2023-01-09;1;0;0;0;1;0;0;0;0;1082288;6959;1576;81;1083500;4355;583;0;15
FR;4;2023-01-10;2;0;0;0;2;0;0;0;0;1082290;6959;1576;81;1083502;4355;583;0;15
FR;4;2023-01-11;0;0;0;0;0;0;0;0;0;1082290;6959;1576;81;1083502;4355;583;0;15
FR;4;2023-01-12;3;2;0;0;3;2;0;0;0;1082293;6961;1576;81;1083505;4357;583;0;15
FR;4;2023-01-13;3;0;2;0;3;0;2;0;0;1082296;6961;1578;81;1083508;4357;585;0;15
FR;4;2023-01-14;0;0;1;0;0;0;1;0;0;1082296;6961;1579;81;1083508;4357;586;0;15
FR;4;2023-01-15;0;0;0;0;0;0;0;0;0;1082296;6961;1579;81;1083508;4357;586;0;15
FR;4;2023-01-16;3;0;0;0;3;0;0;0;0;1082299;6961;1579;81;1083511;4357;586;0;15
FR;4;2023-01-17;2;0;0;0;2;0;0;0;0;1082301;6961;1579;81;1083513;4357;586;0;15
FR;4;2023-01-18;3;0;0;0;3;0;0;0;0;1082304;6961;1579;81;1083516;4357;586;0;15
FR;4;2023-01-19;1;0;0;2;1;0;0;0;0;1082305;6961;1579;83;1083517;4357;586;0;15
FR;4;2023-01-20;0;0;0;0;0;0;0;0;0;1082305;6961;1579;83;1083517;4357;586;0;15
FR;4;2023-01-21;0;0;0;0;0;0;0;0;0;1082305;6961;1579;83;1083517;4357;586;0;15
FR;4;2023-01-22;0;0;0;0;0;0;0;0;0;1082305;6961;1579;83;1083517;4357;586;0;15
FR;4;2023-01-23;1;0;0;0;1;0;0;0;0;1082306;6961;1579;83;1083518;4357;586;0;15
FR;4;2023-01-24;3;1;0;0;3;1;0;0;0;1082309;6962;1579;83;1083521;4358;586;0;15
FR;4;2023-01-25;6;0;0;0;6;0;0;0;0;1082315;6962;1579;83;1083527;4358;586;0;15
FR;4;2023-01-26;1;0;0;0;1;0;0;0;0;1082316;6962;1579;83;1083528;4358;586;0;15
FR;4;2023-01-27;0;0;0;0;0;0;0;0;0;1082316;6962;1579;83;1083528;4358;586;0;15
FR;4;2023-01-28;0;0;0;0;0;0;0;0;0;1082316;6962;1579;83;1083528;4358;586;0;15
FR;4;2023-01-29;0;0;0;0;0;0;0;0;0;1082316;6962;1579;83;1083528;4358;586;0;15
FR;4;2023-01-30;0;0;0;0;0;0;0;0;0;1082316;6962;1579;83;1083528;4358;586;0;15
FR;4;2023-01-31;0;0;0;0;0;0;0;0;0;1082316;6962;1579;83;1083528;4358;586;0;15
FR;4;2023-02-01;0;0;0;0;0;0;0;0;0;1082316;6962;1579;83;1083528;4358;586;0;15
FR;4;2023-02-02;2;2;2;1;2;3;1;0;0;1082318;6964;1581;84;1083530;4361;587;0;15
FR;4;2023-02-03;0;0;0;0;0;0;0;0;0;1082318;6964;1581;84;1083530;4361;587;0;15
FR;4;2023-02-04;1;0;0;0;1;0;0;0;0;1082319;6964;1581;84;1083531;4361;587;0;15
FR;4;2023-02-05;0;0;0;0;0;0;0;0;0;1082319;6964;1581;84;1083531;4361;587;0;15
FR;4;2023-02-06;1;0;0;0;1;0;0;0;0;1082320;6964;1581;84;1083532;4361;587;0;15
FR;4;2023-02-07;2;0;0;0;2;0;0;0;0;1082322;6964;1581;84;1083534;4361;587;0;15
FR;4;2023-02-08;2;1;0;0;2;0;0;0;0;1082324;6965;1581;84;1083536;4361;587;0;15
FR;4;2023-02-09;1;1;0;0;1;1;0;0;0;1082325;6966;1581;84;1083537;4362;587;0;15
FR;4;2023-02-10;5;1;0;0;5;0;0;0;0;1082330;6967;1581;84;1083542;4362;587;0;15
FR;4;2023-02-11;4;0;0;0;4;0;0;0;0;1082334;6967;1581;84;1083546;4362;587;0;15
FR;4;2023-02-12;0;0;0;0;0;0;0;0;0;1082334;6967;1581;84;1083546;4362;587;0;15
FR;4;2023-02-13;3;0;0;0;3;0;0;0;0;1082337;6967;1581;84;1083549;4362;587;0;15
FR;4;2023-02-14;0;2;0;0;2;0;0;0;0;1082337;6969;1581;84;1083551;4362;587;0;15
FR;4;2023-02-15;2;0;0;0;2;0;0;0;0;1082339;6969;1581;84;1083553;4362;587;0;15
FR;4;2023-02-16;1;1;0;0;1;1;0;0;0;1082340;6970;1581;84;1083554;4363;587;0;15
FR;4;2023-02-17;1;0;0;0;1;0;0;0;0;1082341;6970;1581;84;1083555;4363;587;0;15
FR;4;2023-02-18;0;2;0;0;0;2;0;0;0;1082341;6972;1581;84;1083555;4365;587;0;15
FR;4;2023-02-19;0;0;0;0;0;0;0;0;0;1082341;6972;1581;84;1083555;4365;587;0;15
FR;4;2023-02-20;1;0;0;0;1;0;0;0;0;1082342;6972;1581;84;1083556;4365;587;0;15
FR;4;2023-02-21;2;0;0;0;2;0;0;0;0;1082344;6972;1581;84;1083558;4365;587;0;15
FR;4;2023-02-22;0;0;0;0;0;0;0;0;0;1082344;6972;1581;84;1083558;4365;587;0;15
FR;4;2023-02-23;0;0;0;0;0;0;0;0;0;1082344;6972;1581;84;1083558;4365;587;0;15
FR;4;2023-02-24;1;0;0;0;1;0;0;0;0;1082345;6972;1581;84;1083559;4365;587;0;15
FR;4;2023-02-25;2;1;0;0;2;1;0;0;0;1082347;6973;1581;84;1083561;4366;587;0;15
FR;4;2023-02-26;0;0;0;0;0;0;0;0;0;1082347;6973;1581;84;1083561;4366;587;0;15
FR;4;2023-02-27;1;0;0;0;1;0;0;0;0;1082348;6973;1581;84;1083562;4366;587;0;15
FR;4;2023-02-28;0;0;0;0;0;0;0;0;0;1082348;6973;1581;84;1083562;4366;587;0;15
FR;4;2023-03-01;1;0;0;0;1;0;0;0;0;1082349;6973;1581;84;1083563;4366;587;0;15
FR;4;2023-03-02;1;1;2;0;1;1;2;0;0;1082350;6974;1583;84;1083564;4367;589;0;15
FR;4;2023-03-03;0;0;0;0;0;0;0;0;0;1082350;6974;1583;84;1083564;4367;589;0;15
FR;4;2023-03-04;0;0;0;0;0;0;0;0;0;1082350;6974;1583;84;1083564;4367;589;0;15
FR;4;2023-03-05;0;0;0;0;0;0;0;0;0;1082350;6974;1583;84;1083564;4367;589;0;15
FR;4;2023-03-06;0;0;0;0;0;0;0;0;0;1082350;6974;1583;84;1083564;4367;589;0;15
FR;4;2023-03-07;0;0;0;0;0;0;0;0;0;1082350;6974;1583;84;1083564;4367;589;0;15
FR;4;2023-03-08;0;0;0;0;0;0;0;0;0;1082350;6974;1583;84;1083564;4367;589;0;15
FR;4;2023-03-09;0;0;0;0;0;0;0;0;0;1082350;6974;1583;84;1083564;4367;589;0;15
FR;4;2023-03-10;2;0;1;0;2;0;1;0;0;1082352;6974;1584;84;1083566;4367;590;0;15
FR;4;2023-03-11;0;0;0;0;0;0;0;0;0;1082352;6974;1584;84;1083566;4367;590;0;15
FR;4;2023-03-12;0;0;0;0;0;0;0;0;0;1082352;6974;1584;84;1083566;4367;590;0;15
FR;4;2023-03-13;0;0;0;0;0;0;0;0;0;1082352;6974;1584;84;1083566;4367;590;0;15
FR;4;2023-03-14;0;0;0;0;0;0;0;0;0;1082352;6974;1584;84;1083566;4367;590;0;15
FR;4;2023-03-15;1;0;0;1;1;0;0;0;1;1082353;6974;1584;85;1083567;4367;590;0;16
FR;4;2023-03-16;1;0;0;0;1;0;0;0;0;1082354;6974;1584;85;1083568;4367;590;0;16
FR;4;2023-03-17;1;0;0;0;1;0;0;0;0;1082355;6974;1584;85;1083569;4367;590;0;16
FR;4;2023-03-18;0;1;0;0;0;1;0;0;0;1082355;6975;1584;85;1083569;4368;590;0;16
FR;4;2023-03-19;0;0;0;0;0;0;0;0;0;1082355;6975;1584;85;1083569;4368;590;0;16
FR;4;2023-03-20;0;0;0;0;0;0;0;0;0;1082355;6975;1584;85;1083569;4368;590;0;16
FR;4;2023-03-21;2;0;0;0;2;0;0;0;0;1082357;6975;1584;85;1083571;4368;590;0;16
FR;4;2023-03-22;1;0;1;0;1;0;1;0;0;1082358;6975;1585;85;1083572;4368;591;0;16
FR;4;2023-03-23;1;0;0;0;1;0;0;0;0;1082359;6975;1585;85;1083573;4368;591;0;16
FR;4;2023-03-24;0;0;0;0;0;0;0;0;0;1082359;6975;1585;85;1083573;4368;591;0;16
FR;4;2023-03-25;0;0;0;0;0;0;0;0;0;1082359;6975;1585;85;1083573;4368;591;0;16
FR;4;2023-03-26;0;0;0;0;0;0;0;0;0;1082359;6975;1585;85;1083573;4368;591;0;16
FR;4;2023-03-27;1;0;0;0;1;0;0;0;0;1082360;6975;1585;85;1083574;4368;591;0;16
FR;4;2023-03-28;1;0;0;0;1;0;0;0;0;1082361;6975;1585;85;1083575;4368;591;0;16
FR;4;2023-03-29;2;0;0;0;2;0;0;0;0;1082363;6975;1585;85;1083577;4368;591;0;16
FR;4;2023-03-30;0;0;0;0;0;0;0;0;0;1082363;6975;1585;85;1083577;4368;591;0;16
FR;4;2023-03-31;3;0;0;1;3;0;0;0;4;1082366;6975;1585;86;1083580;4368;591;0;20
FR;4;2023-04-01;2;0;0;0;2;0;0;0;0;1082368;6975;1585;86;1083582;4368;591;0;20
FR;4;2023-04-02;0;0;0;0;0;0;0;0;0;1082368;6975;1585;86;1083582;4368;591;0;20
FR;4;2023-04-03;0;0;0;0;0;0;0;0;0;1082368;6975;1585;86;1083582;4368;591;0;20
FR;4;2023-04-04;0;0;0;0;0;0;0;0;0;1082368;6975;1585;86;1083582;4368;591;0;20
FR;4;2023-04-05;0;0;0;0;0;0;0;0;0;1082368;6975;1585;86;1083582;4368;591;0;20
FR;4;2023-04-06;0;0;0;0;0;0;0;0;0;1082368;6975;1585;86;1083582;4368;591;0;20
FR;4;2023-04-07;0;0;0;0;0;0;0;0;0;1082368;6975;1585;86;1083582;4368;591;0;20
FR;4;2023-04-08;0;0;0;0;0;0;0;0;0;1082368;6975;1585;86;1083582;4368;591;0;20
FR;4;2023-04-09;0;0;0;0;0;0;0;0;0;1082368;6975;1585;86;1083582;4368;591;0;20
FR;4;2023-04-10;0;0;0;0;0;0;0;0;0;1082368;6975;1585;86;1083582;4368;591;0;20
FR;4;2023-04-11;0;0;0;0;0;0;0;0;0;1082368;6975;1585;86;1083582;4368;591;0;20
FR;4;2023-04-12;1;0;0;0;1;0;0;0;0;1082369;6975;1585;86;1083583;4368;591;0;20
FR;4;2023-04-13;0;0;0;0;0;0;0;0;0;1082369;6975;1585;86;1083583;4368;591;0;20
FR;4;2023-04-14;0;0;0;0;0;0;0;0;0;1082369;6975;1585;86;1083583;4368;591;0;20
FR;4;2023-04-15;0;0;0;0;0;0;0;0;0;1082369;6975;1585;86;1083583;4368;591;0;20
FR;4;2023-04-16;0;0;0;0;0;0;0;0;0;1082369;6975;1585;86;1083583;4368;591;0;20
FR;4;2023-04-17;0;0;0;0;0;0;0;0;0;1082369;6975;1585;86;1083583;4368;591;0;20
FR;4;2023-04-18;0;0;0;0;0;0;0;0;0;1082369;6975;1585;86;1083583;4368;591;0;20
FR;4;2023-04-19;1;0;0;0;1;0;0;0;0;1082370;6975;1585;86;1083584;4368;591;0;20
FR;4;2023-04-20;0;0;0;0;0;0;0;0;0;1082370;6975;1585;86;1083584;4368;591;0;20
FR;4;2023-04-21;0;1;0;0;0;1;0;0;0;1082370;6976;1585;86;1083584;4369;591;0;20
FR;4;2023-04-22;0;0;0;0;0;0;0;0;0;1082370;6976;1585;86;1083584;4369;591;0;20
FR;4;2023-04-23;0;0;0;0;0;0;0;0;0;1082370;6976;1585;86;1083584;4369;591;0;20
FR;4;2023-04-24;0;0;0;0;0;0;0;0;0;1082370;6976;1585;86;1083584;4369;591;0;20
FR;5;2020-12-27;0;0;0;0;0;0;0;0;0;0;0;0;0;0;0;0;0;0
FR;5;2020-12-28;0;0;0;0;0;0;0;0;0;0;0;0;0;0;0;0;0;0
FR;5;2020-12-29;0;0;0;0;0;0;0;0;0;0;0;0;0;0;0;0;0;0
FR;5;2020-12-30;0;0;0;0;0;0;0;0;0;0;0;0;0;0;0;0;0;0
FR;5;2020-12-31;0;0;0;0;0;0;0;0;0;0;0;0;0;0;0;0;0;0
FR;5;2021-01-01;0;0;0;0;0;0;0;0;0;0;0;0;0;0;0;0;0;0
FR;5;2021-01-02;0;0;0;0;0;0;0;0;0;0;0;0;0;0;0;0;0;0
FR;5;2021-01-03;0;0;0;0;0;0;0;0;0;0;0;0;0;0;0;0;0;0
FR;5;2021-01-04;0;0;0;0;0;0;0;0;0;0;0;0;0;0;0;0;0;0
FR;5;2021-01-05;0;0;0;0;0;0;0;0;0;0;0;0;0;0;0;0;0;0
FR;5;2021-01-06;0;0;0;0;0;0;0;0;0;0;0;0;0;0;0;0;0;0
FR;5;2021-01-07;0;0;0;0;0;0;0;0;0;0;0;0;0;0;0;0;0;0
FR;5;2021-01-08;0;0;0;0;0;0;0;0;0;0;0;0;0;0;0;0;0;0
FR;5;2021-01-09;0;0;0;0;0;0;0;0;0;0;0;0;0;0;0;0;0;0
FR;5;2021-01-10;0;0;0;0;0;0;0;0;0;0;0;0;0;0;0;0;0;0
FR;5;2021-01-11;0;0;0;0;0;0;0;0;0;0;0;0;0;0;0;0;0;0
FR;5;2021-01-12;0;0;0;0;0;0;0;0;0;0;0;0;0;0;0;0;0;0
FR;5;2021-01-13;0;0;0;0;0;0;0;0;0;0;0;0;0;0;0;0;0;0
FR;5;2021-01-14;0;0;0;0;0;0;0;0;0;0;0;0;0;0;0;0;0;0
FR;5;2021-01-15;0;0;0;0;0;0;0;0;0;0;0;0;0;0;0;0;0;0
FR;5;2021-01-16;0;0;0;0;0;0;0;0;0;0;0;0;0;0;0;0;0;0
FR;5;2021-01-17;0;0;0;0;0;0;0;0;0;0;0;0;0;0;0;0;0;0
FR;5;2021-01-18;0;0;0;0;0;0;0;0;0;0;0;0;0;0;0;0;0;0
FR;5;2021-01-19;0;0;0;0;0;0;0;0;0;0;0;0;0;0;0;0;0;0
FR;5;2021-01-20;0;0;0;0;0;0;0;0;0;0;0;0;0;0;0;0;0;0
FR;5;2021-01-21;0;0;0;0;0;0;0;0;0;0;0;0;0;0;0;0;0;0
FR;5;2021-01-22;0;0;0;0;0;0;0;0;0;0;0;0;0;0;0;0;0;0
FR;5;2021-01-23;0;0;0;0;0;0;0;0;0;0;0;0;0;0;0;0;0;0
FR;5;2021-01-24;0;0;0;0;0;0;0;0;0;0;0;0;0;0;0;0;0;0
FR;5;2021-01-25;0;0;0;0;0;0;0;0;0;0;0;0;0;0;0;0;0;0
FR;5;2021-01-26;0;0;0;0;0;0;0;0;0;0;0;0;0;0;0;0;0;0
FR;5;2021-01-27;0;0;0;0;0;0;0;0;0;0;0;0;0;0;0;0;0;0
FR;5;2021-01-28;0;0;0;0;0;0;0;0;0;0;0;0;0;0;0;0;0;0
FR;5;2021-01-29;0;0;0;0;0;0;0;0;0;0;0;0;0;0;0;0;0;0
FR;5;2021-01-30;0;0;0;0;0;0;0;0;0;0;0;0;0;0;0;0;0;0
FR;5;2021-01-31;0;0;0;0;0;0;0;0;0;0;0;0;0;0;0;0;0;0
FR;5;2021-02-01;0;0;0;0;0;0;0;0;0;0;0;0;0;0;0;0;0;0
FR;5;2021-02-02;0;0;0;0;0;0;0;0;0;0;0;0;0;0;0;0;0;0
FR;5;2021-02-03;0;0;0;0;0;0;0;0;0;0;0;0;0;0;0;0;0;0
FR;5;2021-02-04;0;0;0;0;0;0;0;0;0;0;0;0;0;0;0;0;0;0
FR;5;2021-02-05;0;0;0;0;0;0;0;0;0;0;0;0;0;0;0;0;0;0
FR;5;2021-02-06;0;0;0;0;0;0;0;0;0;0;0;0;0;0;0;0;0;0
FR;5;2021-02-07;0;0;0;0;0;0;0;0;0;0;0;0;0;0;0;0;0;0
FR;5;2021-02-08;0;0;0;0;0;0;0;0;0;0;0;0;0;0;0;0;0;0
FR;5;2021-02-09;0;0;0;0;0;0;0;0;0;0;0;0;0;0;0;0;0;0
FR;5;2021-02-10;0;0;0;0;0;0;0;0;0;0;0;0;0;0;0;0;0;0
FR;5;2021-02-11;0;0;0;0;0;0;0;0;0;0;0;0;0;0;0;0;0;0
FR;5;2021-02-12;0;0;0;0;0;0;0;0;0;0;0;0;0;0;0;0;0;0
FR;5;2021-02-13;0;0;0;0;0;0;0;0;0;0;0;0;0;0;0;0;0;0
FR;5;2021-02-14;0;0;0;0;0;0;0;0;0;0;0;0;0;0;0;0;0;0
FR;5;2021-02-15;0;0;0;0;0;0;0;0;0;0;0;0;0;0;0;0;0;0
FR;5;2021-02-16;0;0;0;0;0;0;0;0;0;0;0;0;0;0;0;0;0;0
FR;5;2021-02-17;0;0;0;0;0;0;0;0;0;0;0;0;0;0;0;0;0;0
FR;5;2021-02-18;0;0;0;0;0;0;0;0;0;0;0;0;0;0;0;0;0;0
FR;5;2021-02-19;0;0;0;0;0;0;0;0;0;0;0;0;0;0;0;0;0;0
FR;5;2021-02-20;0;0;0;0;0;0;0;0;0;0;0;0;0;0;0;0;0;0
FR;5;2021-02-21;0;0;0;0;0;0;0;0;0;0;0;0;0;0;0;0;0;0
FR;5;2021-02-22;0;0;0;0;0;0;0;0;0;0;0;0;0;0;0;0;0;0
FR;5;2021-02-23;0;0;0;0;0;0;0;0;0;0;0;0;0;0;0;0;0;0
FR;5;2021-02-24;0;0;0;0;0;0;0;0;0;0;0;0;0;0;0;0;0;0
FR;5;2021-02-25;0;0;0;0;0;0;0;0;0;0;0;0;0;0;0;0;0;0
FR;5;2021-02-26;0;0;0;0;0;0;0;0;0;0;0;0;0;0;0;0;0;0
FR;5;2021-02-27;0;0;0;0;0;0;0;0;0;0;0;0;0;0;0;0;0;0
FR;5;2021-02-28;0;0;0;0;0;0;0;0;0;0;0;0;0;0;0;0;0;0
FR;5;2021-03-01;0;0;0;0;0;0;0;0;0;0;0;0;0;0;0;0;0;0
FR;5;2021-03-02;0;0;0;0;0;0;0;0;0;0;0;0;0;0;0;0;0;0
FR;5;2021-03-03;0;0;0;0;0;0;0;0;0;0;0;0;0;0;0;0;0;0
FR;5;2021-03-04;0;0;0;0;0;0;0;0;0;0;0;0;0;0;0;0;0;0
FR;5;2021-03-05;0;0;0;0;0;0;0;0;0;0;0;0;0;0;0;0;0;0
FR;5;2021-03-06;0;0;0;0;0;0;0;0;0;0;0;0;0;0;0;0;0;0
FR;5;2021-03-07;0;0;0;0;0;0;0;0;0;0;0;0;0;0;0;0;0;0
FR;5;2021-03-08;0;0;0;0;0;0;0;0;0;0;0;0;0;0;0;0;0;0
FR;5;2021-03-09;0;0;0;0;0;0;0;0;0;0;0;0;0;0;0;0;0;0
FR;5;2021-03-10;0;0;0;0;0;0;0;0;0;0;0;0;0;0;0;0;0;0
FR;5;2021-03-11;0;0;0;0;0;0;0;0;0;0;0;0;0;0;0;0;0;0
FR;5;2021-03-12;0;0;0;0;0;0;0;0;0;0;0;0;0;0;0;0;0;0
FR;5;2021-03-13;0;0;0;0;0;0;0;0;0;0;0;0;0;0;0;0;0;0
FR;5;2021-03-14;0;0;0;0;0;0;0;0;0;0;0;0;0;0;0;0;0;0
FR;5;2021-03-15;0;0;0;0;0;0;0;0;0;0;0;0;0;0;0;0;0;0
FR;5;2021-03-16;0;0;0;0;0;0;0;0;0;0;0;0;0;0;0;0;0;0
FR;5;2021-03-17;0;0;0;0;0;0;0;0;0;0;0;0;0;0;0;0;0;0
FR;5;2021-03-18;0;0;0;0;0;0;0;0;0;0;0;0;0;0;0;0;0;0
FR;5;2021-03-19;0;0;0;0;0;0;0;0;0;0;0;0;0;0;0;0;0;0
FR;5;2021-03-20;0;0;0;0;0;0;0;0;0;0;0;0;0;0;0;0;0;0
FR;5;2021-03-21;0;0;0;0;0;0;0;0;0;0;0;0;0;0;0;0;0;0
FR;5;2021-03-22;0;0;0;0;0;0;0;0;0;0;0;0;0;0;0;0;0;0
FR;5;2021-03-23;0;0;0;0;0;0;0;0;0;0;0;0;0;0;0;0;0;0
FR;5;2021-03-24;0;0;0;0;0;0;0;0;0;0;0;0;0;0;0;0;0;0
FR;5;2021-03-25;0;0;0;0;0;0;0;0;0;0;0;0;0;0;0;0;0;0
FR;5;2021-03-26;0;0;0;0;0;0;0;0;0;0;0;0;0;0;0;0;0;0
FR;5;2021-03-27;0;0;0;0;0;0;0;0;0;0;0;0;0;0;0;0;0;0
FR;5;2021-03-28;0;0;0;0;0;0;0;0;0;0;0;0;0;0;0;0;0;0
FR;5;2021-03-29;0;0;0;0;0;0;0;0;0;0;0;0;0;0;0;0;0;0
FR;5;2021-03-30;0;0;0;0;0;0;0;0;0;0;0;0;0;0;0;0;0;0
FR;5;2021-03-31;0;0;0;0;0;0;0;0;0;0;0;0;0;0;0;0;0;0
FR;5;2021-04-01;0;0;0;0;0;0;0;0;0;0;0;0;0;0;0;0;0;0
FR;5;2021-04-02;0;0;0;0;0;0;0;0;0;0;0;0;0;0;0;0;0;0
FR;5;2021-04-03;0;0;0;0;0;0;0;0;0;0;0;0;0;0;0;0;0;0
FR;5;2021-04-04;0;0;0;0;0;0;0;0;0;0;0;0;0;0;0;0;0;0
FR;5;2021-04-05;0;0;0;0;0;0;0;0;0;0;0;0;0;0;0;0;0;0
FR;5;2021-04-06;0;0;0;0;0;0;0;0;0;0;0;0;0;0;0;0;0;0
FR;5;2021-04-07;0;0;0;0;0;0;0;0;0;0;0;0;0;0;0;0;0;0
FR;5;2021-04-08;0;0;0;0;0;0;0;0;0;0;0;0;0;0;0;0;0;0
FR;5;2021-04-09;0;0;0;0;0;0;0;0;0;0;0;0;0;0;0;0;0;0
FR;5;2021-04-10;0;0;0;0;0;0;0;0;0;0;0;0;0;0;0;0;0;0
FR;5;2021-04-11;0;0;0;0;0;0;0;0;0;0;0;0;0;0;0;0;0;0
FR;5;2021-04-12;0;0;0;0;0;0;0;0;0;0;0;0;0;0;0;0;0;0
FR;5;2021-04-13;0;0;0;0;0;0;0;0;0;0;0;0;0;0;0;0;0;0
FR;5;2021-04-14;0;0;0;0;0;0;0;0;0;0;0;0;0;0;0;0;0;0
FR;5;2021-04-15;0;0;0;0;0;0;0;0;0;0;0;0;0;0;0;0;0;0
FR;5;2021-04-16;0;0;0;0;0;0;0;0;0;0;0;0;0;0;0;0;0;0
FR;5;2021-04-17;0;0;0;0;0;0;0;0;0;0;0;0;0;0;0;0;0;0
FR;5;2021-04-18;0;0;0;0;0;0;0;0;0;0;0;0;0;0;0;0;0;0
FR;5;2021-04-19;0;0;0;0;0;0;0;0;0;0;0;0;0;0;0;0;0;0
FR;5;2021-04-20;0;0;0;0;0;0;0;0;0;0;0;0;0;0;0;0;0;0
FR;5;2021-04-21;0;0;0;0;0;0;0;0;0;0;0;0;0;0;0;0;0;0
FR;5;2021-04-22;0;0;0;0;0;0;0;0;0;0;0;0;0;0;0;0;0;0
FR;5;2021-04-23;0;0;0;0;0;0;0;0;0;0;0;0;0;0;0;0;0;0
FR;5;2021-04-24;0;0;0;0;0;0;0;0;0;0;0;0;0;0;0;0;0;0
FR;5;2021-04-25;0;0;0;0;0;0;0;0;0;0;0;0;0;0;0;0;0;0
FR;5;2021-04-26;0;0;0;0;0;0;0;0;0;0;0;0;0;0;0;0;0;0
FR;5;2021-04-27;0;0;0;0;0;0;0;0;0;0;0;0;0;0;0;0;0;0
FR;5;2021-04-28;0;0;0;0;0;0;0;0;0;0;0;0;0;0;0;0;0;0
FR;5;2021-04-29;0;0;0;0;0;0;0;0;0;0;0;0;0;0;0;0;0;0
FR;5;2021-04-30;0;0;0;0;0;0;0;0;0;0;0;0;0;0;0;0;0;0
FR;5;2021-05-01;0;0;0;0;0;0;0;0;0;0;0;0;0;0;0;0;0;0
FR;5;2021-05-02;0;0;0;0;0;0;0;0;0;0;0;0;0;0;0;0;0;0
FR;5;2021-05-03;0;0;0;0;0;0;0;0;0;0;0;0;0;0;0;0;0;0
FR;5;2021-05-04;0;0;0;0;0;0;0;0;0;0;0;0;0;0;0;0;0;0
FR;5;2021-05-05;0;0;0;0;0;0;0;0;0;0;0;0;0;0;0;0;0;0
FR;5;2021-05-06;0;0;0;0;0;0;0;0;0;0;0;0;0;0;0;0;0;0
FR;5;2021-05-07;0;0;0;0;0;0;0;0;0;0;0;0;0;0;0;0;0;0
FR;5;2021-05-08;0;0;0;0;0;0;0;0;0;0;0;0;0;0;0;0;0;0
FR;5;2021-05-09;0;0;0;0;0;0;0;0;0;0;0;0;0;0;0;0;0;0
FR;5;2021-05-10;0;0;0;0;0;0;0;0;0;0;0;0;0;0;0;0;0;0
FR;5;2021-05-11;0;0;0;0;0;0;0;0;0;0;0;0;0;0;0;0;0;0
FR;5;2021-05-12;0;0;0;0;0;0;0;0;0;0;0;0;0;0;0;0;0;0
FR;5;2021-05-13;0;0;0;0;0;0;0;0;0;0;0;0;0;0;0;0;0;0
FR;5;2021-05-14;0;0;0;0;0;0;0;0;0;0;0;0;0;0;0;0;0;0
FR;5;2021-05-15;0;0;0;0;0;0;0;0;0;0;0;0;0;0;0;0;0;0
FR;5;2021-05-16;0;0;0;0;0;0;0;0;0;0;0;0;0;0;0;0;0;0
FR;5;2021-05-17;0;0;0;0;0;0;0;0;0;0;0;0;0;0;0;0;0;0
FR;5;2021-05-18;0;0;0;0;0;0;0;0;0;0;0;0;0;0;0;0;0;0
FR;5;2021-05-19;0;0;0;0;0;0;0;0;0;0;0;0;0;0;0;0;0;0
FR;5;2021-05-20;0;0;0;0;0;0;0;0;0;0;0;0;0;0;0;0;0;0
FR;5;2021-05-21;0;0;0;0;0;0;0;0;0;0;0;0;0;0;0;0;0;0
FR;5;2021-05-22;0;0;0;0;0;0;0;0;0;0;0;0;0;0;0;0;0;0
FR;5;2021-05-23;0;0;0;0;0;0;0;0;0;0;0;0;0;0;0;0;0;0
FR;5;2021-05-24;0;0;0;0;0;0;0;0;0;0;0;0;0;0;0;0;0;0
FR;5;2021-05-25;0;0;0;0;0;0;0;0;0;0;0;0;0;0;0;0;0;0
FR;5;2021-05-26;0;0;0;0;0;0;0;0;0;0;0;0;0;0;0;0;0;0
FR;5;2021-05-27;0;0;0;0;0;0;0;0;0;0;0;0;0;0;0;0;0;0
FR;5;2021-05-28;0;0;0;0;0;0;0;0;0;0;0;0;0;0;0;0;0;0
FR;5;2021-05-29;0;0;0;0;0;0;0;0;0;0;0;0;0;0;0;0;0;0
FR;5;2021-05-30;0;0;0;0;0;0;0;0;0;0;0;0;0;0;0;0;0;0
FR;5;2021-05-31;0;0;0;0;0;0;0;0;0;0;0;0;0;0;0;0;0;0
FR;5;2021-06-01;0;0;0;0;0;0;0;0;0;0;0;0;0;0;0;0;0;0
FR;5;2021-06-02;0;0;0;0;0;0;0;0;0;0;0;0;0;0;0;0;0;0
FR;5;2021-06-03;0;0;0;0;0;0;0;0;0;0;0;0;0;0;0;0;0;0
FR;5;2021-06-04;0;0;0;0;0;0;0;0;0;0;0;0;0;0;0;0;0;0
FR;5;2021-06-05;0;0;0;0;0;0;0;0;0;0;0;0;0;0;0;0;0;0
FR;5;2021-06-06;0;0;0;0;0;0;0;0;0;0;0;0;0;0;0;0;0;0
FR;5;2021-06-07;0;0;0;0;0;0;0;0;0;0;0;0;0;0;0;0;0;0
FR;5;2021-06-08;0;0;0;0;0;0;0;0;0;0;0;0;0;0;0;0;0;0
FR;5;2021-06-09;0;0;0;0;0;0;0;0;0;0;0;0;0;0;0;0;0;0
FR;5;2021-06-10;0;0;0;0;0;0;0;0;0;0;0;0;0;0;0;0;0;0
FR;5;2021-06-11;0;0;0;0;0;0;0;0;0;0;0;0;0;0;0;0;0;0
FR;5;2021-06-12;0;0;0;0;0;0;0;0;0;0;0;0;0;0;0;0;0;0
FR;5;2021-06-13;0;0;0;0;0;0;0;0;0;0;0;0;0;0;0;0;0;0
FR;5;2021-06-14;0;0;0;0;0;0;0;0;0;0;0;0;0;0;0;0;0;0
FR;5;2021-06-15;0;0;0;0;0;0;0;0;0;0;0;0;0;0;0;0;0;0
FR;5;2021-06-16;0;0;0;0;0;0;0;0;0;0;0;0;0;0;0;0;0;0
FR;5;2021-06-17;0;0;0;0;0;0;0;0;0;0;0;0;0;0;0;0;0;0
FR;5;2021-06-18;0;0;0;0;0;0;0;0;0;0;0;0;0;0;0;0;0;0
FR;5;2021-06-19;0;0;0;0;0;0;0;0;0;0;0;0;0;0;0;0;0;0
FR;5;2021-06-20;0;0;0;0;0;0;0;0;0;0;0;0;0;0;0;0;0;0
FR;5;2021-06-21;0;0;0;0;0;0;0;0;0;0;0;0;0;0;0;0;0;0
FR;5;2021-06-22;0;0;0;0;0;0;0;0;0;0;0;0;0;0;0;0;0;0
FR;5;2021-06-23;0;0;0;0;0;0;0;0;0;0;0;0;0;0;0;0;0;0
FR;5;2021-06-24;0;0;0;0;0;0;0;0;0;0;0;0;0;0;0;0;0;0
FR;5;2021-06-25;0;0;0;0;0;0;0;0;0;0;0;0;0;0;0;0;0;0
FR;5;2021-06-26;0;0;0;0;0;0;0;0;0;0;0;0;0;0;0;0;0;0
FR;5;2021-06-27;0;0;0;0;0;0;0;0;0;0;0;0;0;0;0;0;0;0
FR;5;2021-06-28;0;0;0;0;0;0;0;0;0;0;0;0;0;0;0;0;0;0
FR;5;2021-06-29;0;0;0;0;0;0;0;0;0;0;0;0;0;0;0;0;0;0
FR;5;2021-06-30;0;0;0;0;0;0;0;0;0;0;0;0;0;0;0;0;0;0
FR;5;2021-07-01;0;0;0;0;0;0;0;0;0;0;0;0;0;0;0;0;0;0
FR;5;2021-07-02;0;0;0;0;0;0;0;0;0;0;0;0;0;0;0;0;0;0
FR;5;2021-07-03;0;0;0;0;0;0;0;0;0;0;0;0;0;0;0;0;0;0
FR;5;2021-07-04;0;0;0;0;0;0;0;0;0;0;0;0;0;0;0;0;0;0
FR;5;2021-07-05;0;0;0;0;0;0;0;0;0;0;0;0;0;0;0;0;0;0
FR;5;2021-07-06;0;0;0;0;0;0;0;0;0;0;0;0;0;0;0;0;0;0
FR;5;2021-07-07;0;0;0;0;0;0;0;0;0;0;0;0;0;0;0;0;0;0
FR;5;2021-07-08;0;0;0;0;0;0;0;0;0;0;0;0;0;0;0;0;0;0
FR;5;2021-07-09;0;0;0;0;0;0;0;0;0;0;0;0;0;0;0;0;0;0
FR;5;2021-07-10;0;0;0;0;0;0;0;0;0;0;0;0;0;0;0;0;0;0
FR;5;2021-07-11;0;0;0;0;0;0;0;0;0;0;0;0;0;0;0;0;0;0
FR;5;2021-07-12;0;0;0;0;0;0;0;0;0;0;0;0;0;0;0;0;0;0
FR;5;2021-07-13;0;0;0;0;0;0;0;0;0;0;0;0;0;0;0;0;0;0
FR;5;2021-07-14;0;0;0;0;0;0;0;0;0;0;0;0;0;0;0;0;0;0
FR;5;2021-07-15;0;0;0;0;0;0;0;0;0;0;0;0;0;0;0;0;0;0
FR;5;2021-07-16;0;0;0;0;0;0;0;0;0;0;0;0;0;0;0;0;0;0
FR;5;2021-07-17;0;0;0;0;0;0;0;0;0;0;0;0;0;0;0;0;0;0
FR;5;2021-07-18;0;0;0;0;0;0;0;0;0;0;0;0;0;0;0;0;0;0
FR;5;2021-07-19;0;0;0;0;0;0;0;0;0;0;0;0;0;0;0;0;0;0
FR;5;2021-07-20;0;0;0;0;0;0;0;0;0;0;0;0;0;0;0;0;0;0
FR;5;2021-07-21;0;0;0;0;0;0;0;0;0;0;0;0;0;0;0;0;0;0
FR;5;2021-07-22;0;0;0;0;0;0;0;0;0;0;0;0;0;0;0;0;0;0
FR;5;2021-07-23;0;0;0;0;0;0;0;0;0;0;0;0;0;0;0;0;0;0
FR;5;2021-07-24;0;0;0;0;0;0;0;0;0;0;0;0;0;0;0;0;0;0
FR;5;2021-07-25;0;0;0;0;0;0;0;0;0;0;0;0;0;0;0;0;0;0
FR;5;2021-07-26;0;0;0;0;0;0;0;0;0;0;0;0;0;0;0;0;0;0
FR;5;2021-07-27;0;0;0;0;0;0;0;0;0;0;0;0;0;0;0;0;0;0
FR;5;2021-07-28;0;0;0;0;0;0;0;0;0;0;0;0;0;0;0;0;0;0
FR;5;2021-07-29;0;0;0;0;0;0;0;0;0;0;0;0;0;0;0;0;0;0
FR;5;2021-07-30;0;0;0;0;0;0;0;0;0;0;0;0;0;0;0;0;0;0
FR;5;2021-07-31;0;0;0;0;0;0;0;0;0;0;0;0;0;0;0;0;0;0
FR;5;2021-08-01;0;0;0;0;0;0;0;0;0;0;0;0;0;0;0;0;0;0
FR;5;2021-08-02;0;0;0;0;0;0;0;0;0;0;0;0;0;0;0;0;0;0
FR;5;2021-08-03;0;0;0;0;0;0;0;0;0;0;0;0;0;0;0;0;0;0
FR;5;2021-08-04;0;0;0;0;0;0;0;0;0;0;0;0;0;0;0;0;0;0
FR;5;2021-08-05;0;0;0;0;0;0;0;0;0;0;0;0;0;0;0;0;0;0
FR;5;2021-08-06;0;0;0;0;0;0;0;0;0;0;0;0;0;0;0;0;0;0
FR;5;2021-08-07;0;0;0;0;0;0;0;0;0;0;0;0;0;0;0;0;0;0
FR;5;2021-08-08;0;0;0;0;0;0;0;0;0;0;0;0;0;0;0;0;0;0
FR;5;2021-08-09;0;0;0;0;0;0;0;0;0;0;0;0;0;0;0;0;0;0
FR;5;2021-08-10;0;0;0;0;0;0;0;0;0;0;0;0;0;0;0;0;0;0
FR;5;2021-08-11;0;0;0;0;0;0;0;0;0;0;0;0;0;0;0;0;0;0
FR;5;2021-08-12;0;0;0;0;0;0;0;0;0;0;0;0;0;0;0;0;0;0
FR;5;2021-08-13;0;0;0;0;0;0;0;0;0;0;0;0;0;0;0;0;0;0
FR;5;2021-08-14;0;0;0;0;0;0;0;0;0;0;0;0;0;0;0;0;0;0
FR;5;2021-08-15;0;0;0;0;0;0;0;0;0;0;0;0;0;0;0;0;0;0
FR;5;2021-08-16;0;0;0;0;0;0;0;0;0;0;0;0;0;0;0;0;0;0
FR;5;2021-08-17;0;0;0;0;0;0;0;0;0;0;0;0;0;0;0;0;0;0
FR;5;2021-08-18;0;0;0;0;0;0;0;0;0;0;0;0;0;0;0;0;0;0
FR;5;2021-08-19;0;0;0;0;0;0;0;0;0;0;0;0;0;0;0;0;0;0
FR;5;2021-08-20;0;0;0;0;0;0;0;0;0;0;0;0;0;0;0;0;0;0
FR;5;2021-08-21;0;0;0;0;0;0;0;0;0;0;0;0;0;0;0;0;0;0
FR;5;2021-08-22;0;0;0;0;0;0;0;0;0;0;0;0;0;0;0;0;0;0
FR;5;2021-08-23;0;0;0;0;0;0;0;0;0;0;0;0;0;0;0;0;0;0
FR;5;2021-08-24;0;0;0;0;0;0;0;0;0;0;0;0;0;0;0;0;0;0
FR;5;2021-08-25;0;0;0;0;0;0;0;0;0;0;0;0;0;0;0;0;0;0
FR;5;2021-08-26;0;0;0;0;0;0;0;0;0;0;0;0;0;0;0;0;0;0
FR;5;2021-08-27;0;0;0;0;0;0;0;0;0;0;0;0;0;0;0;0;0;0
FR;5;2021-08-28;0;0;0;0;0;0;0;0;0;0;0;0;0;0;0;0;0;0
FR;5;2021-08-29;0;0;0;0;0;0;0;0;0;0;0;0;0;0;0;0;0;0
FR;5;2021-08-30;0;0;0;0;0;0;0;0;0;0;0;0;0;0;0;0;0;0
FR;5;2021-08-31;0;0;0;0;0;0;0;0;0;0;0;0;0;0;0;0;0;0
FR;5;2021-09-01;0;0;0;0;0;0;0;0;0;0;0;0;0;0;0;0;0;0
FR;5;2021-09-02;0;0;0;0;0;0;0;0;0;0;0;0;0;0;0;0;0;0
FR;5;2021-09-03;0;0;0;0;0;0;0;0;0;0;0;0;0;0;0;0;0;0
FR;5;2021-09-04;0;0;0;0;0;0;0;0;0;0;0;0;0;0;0;0;0;0
FR;5;2021-09-05;0;0;0;0;0;0;0;0;0;0;0;0;0;0;0;0;0;0
FR;5;2021-09-06;0;0;0;0;0;0;0;0;0;0;0;0;0;0;0;0;0;0
FR;5;2021-09-07;0;0;0;0;0;0;0;0;0;0;0;0;0;0;0;0;0;0
FR;5;2021-09-08;0;0;0;0;0;0;0;0;0;0;0;0;0;0;0;0;0;0
FR;5;2021-09-09;0;0;0;0;0;0;0;0;0;0;0;0;0;0;0;0;0;0
FR;5;2021-09-10;0;0;0;0;0;0;0;0;0;0;0;0;0;0;0;0;0;0
FR;5;2021-09-11;0;0;0;0;0;0;0;0;0;0;0;0;0;0;0;0;0;0
FR;5;2021-09-12;0;0;0;0;0;0;0;0;0;0;0;0;0;0;0;0;0;0
FR;5;2021-09-13;0;0;0;0;0;0;0;0;0;0;0;0;0;0;0;0;0;0
FR;5;2021-09-14;0;0;0;0;0;0;0;0;0;0;0;0;0;0;0;0;0;0
FR;5;2021-09-15;0;0;0;0;0;0;0;0;0;0;0;0;0;0;0;0;0;0
FR;5;2021-09-16;0;0;0;0;0;0;0;0;0;0;0;0;0;0;0;0;0;0
FR;5;2021-09-17;0;0;0;0;0;0;0;0;0;0;0;0;0;0;0;0;0;0
FR;5;2021-09-18;0;0;0;0;0;0;0;0;0;0;0;0;0;0;0;0;0;0
FR;5;2021-09-19;0;0;0;0;0;0;0;0;0;0;0;0;0;0;0;0;0;0
FR;5;2021-09-20;0;0;0;0;0;0;0;0;0;0;0;0;0;0;0;0;0;0
FR;5;2021-09-21;0;0;0;0;0;0;0;0;0;0;0;0;0;0;0;0;0;0
FR;5;2021-09-22;0;0;0;0;0;0;0;0;0;0;0;0;0;0;0;0;0;0
FR;5;2021-09-23;0;0;0;0;0;0;0;0;0;0;0;0;0;0;0;0;0;0
FR;5;2021-09-24;0;0;0;0;0;0;0;0;0;0;0;0;0;0;0;0;0;0
FR;5;2021-09-25;0;0;0;0;0;0;0;0;0;0;0;0;0;0;0;0;0;0
FR;5;2021-09-26;0;0;0;0;0;0;0;0;0;0;0;0;0;0;0;0;0;0
FR;5;2021-09-27;0;0;0;0;0;0;0;0;0;0;0;0;0;0;0;0;0;0
FR;5;2021-09-28;0;0;0;0;0;0;0;0;0;0;0;0;0;0;0;0;0;0
FR;5;2021-09-29;0;0;0;0;0;0;0;0;0;0;0;0;0;0;0;0;0;0
FR;5;2021-09-30;0;0;0;0;0;0;0;0;0;0;0;0;0;0;0;0;0;0
FR;5;2021-10-01;0;0;0;0;0;0;0;0;0;0;0;0;0;0;0;0;0;0
FR;5;2021-10-02;0;0;0;0;0;0;0;0;0;0;0;0;0;0;0;0;0;0
FR;5;2021-10-03;0;0;0;0;0;0;0;0;0;0;0;0;0;0;0;0;0;0
FR;5;2021-10-04;0;0;0;0;0;0;0;0;0;0;0;0;0;0;0;0;0;0
FR;5;2021-10-05;0;0;0;0;0;0;0;0;0;0;0;0;0;0;0;0;0;0
FR;5;2021-10-06;0;0;0;0;0;0;0;0;0;0;0;0;0;0;0;0;0;0
FR;5;2021-10-07;0;0;0;0;0;0;0;0;0;0;0;0;0;0;0;0;0;0
FR;5;2021-10-08;0;0;0;0;0;0;0;0;0;0;0;0;0;0;0;0;0;0
FR;5;2021-10-09;0;0;0;0;0;0;0;0;0;0;0;0;0;0;0;0;0;0
FR;5;2021-10-10;0;0;0;0;0;0;0;0;0;0;0;0;0;0;0;0;0;0
FR;5;2021-10-11;0;0;0;0;0;0;0;0;0;0;0;0;0;0;0;0;0;0
FR;5;2021-10-12;0;0;0;0;0;0;0;0;0;0;0;0;0;0;0;0;0;0
FR;5;2021-10-13;0;0;0;0;0;0;0;0;0;0;0;0;0;0;0;0;0;0
FR;5;2021-10-14;0;0;0;0;0;0;0;0;0;0;0;0;0;0;0;0;0;0
FR;5;2021-10-15;0;0;0;0;0;0;0;0;0;0;0;0;0;0;0;0;0;0
FR;5;2021-10-16;0;0;0;0;0;0;0;0;0;0;0;0;0;0;0;0;0;0
FR;5;2021-10-17;0;0;0;0;0;0;0;0;0;0;0;0;0;0;0;0;0;0
FR;5;2021-10-18;0;0;0;0;0;0;0;0;0;0;0;0;0;0;0;0;0;0
FR;5;2021-10-19;0;0;0;0;0;0;0;0;0;0;0;0;0;0;0;0;0;0
FR;5;2021-10-20;0;0;0;0;0;0;0;0;0;0;0;0;0;0;0;0;0;0
FR;5;2021-10-21;0;0;0;0;0;0;0;0;0;0;0;0;0;0;0;0;0;0
FR;5;2021-10-22;0;0;0;0;0;0;0;0;0;0;0;0;0;0;0;0;0;0
FR;5;2021-10-23;0;0;0;0;0;0;0;0;0;0;0;0;0;0;0;0;0;0
FR;5;2021-10-24;0;0;0;0;0;0;0;0;0;0;0;0;0;0;0;0;0;0
FR;5;2021-10-25;0;0;0;0;0;0;0;0;0;0;0;0;0;0;0;0;0;0
FR;5;2021-10-26;0;0;0;0;0;0;0;0;0;0;0;0;0;0;0;0;0;0
FR;5;2021-10-27;0;0;0;0;0;0;0;0;0;0;0;0;0;0;0;0;0;0
FR;5;2021-10-28;0;0;0;0;0;0;0;0;0;0;0;0;0;0;0;0;0;0
FR;5;2021-10-29;0;0;0;0;0;0;0;0;0;0;0;0;0;0;0;0;0;0
FR;5;2021-10-30;0;0;0;0;0;0;0;0;0;0;0;0;0;0;0;0;0;0
FR;5;2021-10-31;0;0;0;0;0;0;0;0;0;0;0;0;0;0;0;0;0;0
FR;5;2021-11-01;0;0;0;0;0;0;0;0;0;0;0;0;0;0;0;0;0;0
FR;5;2021-11-02;0;0;0;0;0;0;0;0;0;0;0;0;0;0;0;0;0;0
FR;5;2021-11-03;0;0;0;0;0;0;0;0;0;0;0;0;0;0;0;0;0;0
FR;5;2021-11-04;0;0;0;0;0;0;0;0;0;0;0;0;0;0;0;0;0;0
FR;5;2021-11-05;0;0;0;0;0;0;0;0;0;0;0;0;0;0;0;0;0;0
FR;5;2021-11-06;0;0;0;0;0;0;0;0;0;0;0;0;0;0;0;0;0;0
FR;5;2021-11-07;0;0;0;0;0;0;0;0;0;0;0;0;0;0;0;0;0;0
FR;5;2021-11-08;0;0;0;0;0;0;0;0;0;0;0;0;0;0;0;0;0;0
FR;5;2021-11-09;0;0;0;0;0;0;0;0;0;0;0;0;0;0;0;0;0;0
FR;5;2021-11-10;0;0;0;0;0;0;0;0;0;0;0;0;0;0;0;0;0;0
FR;5;2021-11-11;0;0;0;0;0;0;0;0;0;0;0;0;0;0;0;0;0;0
FR;5;2021-11-12;0;0;0;0;0;0;0;0;0;0;0;0;0;0;0;0;0;0
FR;5;2021-11-13;0;0;0;0;0;0;0;0;0;0;0;0;0;0;0;0;0;0
FR;5;2021-11-14;0;0;0;0;0;0;0;0;0;0;0;0;0;0;0;0;0;0
FR;5;2021-11-15;0;0;0;0;0;0;0;0;0;0;0;0;0;0;0;0;0;0
FR;5;2021-11-16;0;0;0;0;0;0;0;0;0;0;0;0;0;0;0;0;0;0
FR;5;2021-11-17;0;0;0;0;0;0;0;0;0;0;0;0;0;0;0;0;0;0
FR;5;2021-11-18;0;0;0;0;0;0;0;0;0;0;0;0;0;0;0;0;0;0
FR;5;2021-11-19;0;0;0;0;0;0;0;0;0;0;0;0;0;0;0;0;0;0
FR;5;2021-11-20;0;0;0;0;0;0;0;0;0;0;0;0;0;0;0;0;0;0
FR;5;2021-11-21;0;0;0;0;0;0;0;0;0;0;0;0;0;0;0;0;0;0
FR;5;2021-11-22;0;0;0;0;0;0;0;0;0;0;0;0;0;0;0;0;0;0
FR;5;2021-11-23;0;0;0;0;0;0;0;0;0;0;0;0;0;0;0;0;0;0
FR;5;2021-11-24;0;0;0;0;0;0;0;0;0;0;0;0;0;0;0;0;0;0
FR;5;2021-11-25;0;0;0;0;0;0;0;0;0;0;0;0;0;0;0;0;0;0
FR;5;2021-11-26;0;0;0;0;0;0;0;0;0;0;0;0;0;0;0;0;0;0
FR;5;2021-11-27;0;0;0;0;0;0;0;0;0;0;0;0;0;0;0;0;0;0
FR;5;2021-11-28;0;0;0;0;0;0;0;0;0;0;0;0;0;0;0;0;0;0
FR;5;2021-11-29;0;0;0;0;0;0;0;0;0;0;0;0;0;0;0;0;0;0
FR;5;2021-11-30;0;0;0;0;0;0;0;0;0;0;0;0;0;0;0;0;0;0
FR;5;2021-12-01;0;0;0;0;0;0;0;0;0;0;0;0;0;0;0;0;0;0
FR;5;2021-12-02;0;0;0;0;0;0;0;0;0;0;0;0;0;0;0;0;0;0
FR;5;2021-12-03;0;0;0;0;0;0;0;0;0;0;0;0;0;0;0;0;0;0
FR;5;2021-12-04;0;0;0;0;0;0;0;0;0;0;0;0;0;0;0;0;0;0
FR;5;2021-12-05;0;0;0;0;0;0;0;0;0;0;0;0;0;0;0;0;0;0
FR;5;2021-12-06;0;0;0;0;0;0;0;0;0;0;0;0;0;0;0;0;0;0
FR;5;2021-12-07;0;0;0;0;0;0;0;0;0;0;0;0;0;0;0;0;0;0
FR;5;2021-12-08;0;0;0;0;0;0;0;0;0;0;0;0;0;0;0;0;0;0
FR;5;2021-12-09;0;0;0;0;0;0;0;0;0;0;0;0;0;0;0;0;0;0
FR;5;2021-12-10;0;0;0;0;0;0;0;0;0;0;0;0;0;0;0;0;0;0
FR;5;2021-12-11;0;0;0;0;0;0;0;0;0;0;0;0;0;0;0;0;0;0
FR;5;2021-12-12;0;0;0;0;0;0;0;0;0;0;0;0;0;0;0;0;0;0
FR;5;2021-12-13;0;0;0;0;0;0;0;0;0;0;0;0;0;0;0;0;0;0
FR;5;2021-12-14;33;45;77;0;27;88;1;0;0;33;45;77;0;27;88;1;0;0
FR;5;2021-12-15;196;44;37;0;42;49;0;0;0;229;89;114;0;69;137;1;0;0
FR;5;2021-12-16;181;21;44;0;38;48;0;0;0;410;110;158;0;107;185;1;0;0
FR;5;2021-12-17;313;16;72;0;34;74;2;0;0;723;126;230;0;141;259;3;0;0
FR;5;2021-12-18;766;24;22;0;67;29;0;0;0;1489;150;252;0;208;288;3;0;0
FR;5;2021-12-19;585;15;15;0;67;17;0;0;0;2074;165;267;0;275;305;3;0;0
FR;5;2021-12-20;1225;31;34;0;134;37;2;0;0;3299;196;301;0;409;342;5;0;0
FR;5;2021-12-21;1535;22;54;1;141;60;0;0;0;4834;218;355;1;550;402;5;0;0
FR;5;2021-12-22;4069;40;37;0;420;46;2;0;0;8903;258;392;1;970;448;7;0;0
FR;5;2021-12-23;3043;16;21;0;305;25;0;0;0;11946;274;413;1;1275;473;7;0;0
FR;5;2021-12-24;761;18;9;0;103;14;0;0;0;12707;292;422;1;1378;487;7;0;0
FR;5;2021-12-25;61;5;2;0;9;3;0;0;0;12768;297;424;1;1387;490;7;0;0
FR;5;2021-12-26;623;6;3;0;101;4;0;0;0;13391;303;427;1;1488;494;7;0;0
FR;5;2021-12-27;4085;25;21;0;458;23;1;0;0;17476;328;448;1;1946;517;8;0;0
FR;5;2021-12-28;5204;23;41;1;513;43;2;0;0;22680;351;489;2;2459;560;10;0;0
FR;5;2021-12-29;8105;34;66;1;888;69;0;0;0;30785;385;555;3;3347;629;10;0;0
FR;5;2021-12-30;5173;18;33;0;525;39;0;0;0;35958;403;588;3;3872;668;10;0;0
FR;5;2021-12-31;1554;8;10;0;182;11;0;0;0;37512;411;598;3;4054;679;10;0;0
FR;5;2022-01-01;186;2;2;0;24;3;0;0;0;37698;413;600;3;4078;682;10;0;0
FR;5;2022-01-02;1489;1;1;0;152;1;0;0;0;39187;414;601;3;4230;683;10;0;0
FR;5;2022-01-03;3069;36;34;0;323;33;1;0;0;42256;450;635;3;4553;716;11;0;0
FR;5;2022-01-04;3034;39;33;0;321;42;3;0;0;45290;489;668;3;4874;758;14;0;0
FR;5;2022-01-05;19324;203;97;1;2117;108;0;0;0;64614;692;765;4;6991;866;14;0;0
FR;5;2022-01-06;3748;134;122;0;507;142;2;0;0;68362;826;887;4;7498;1008;16;0;0
FR;5;2022-01-07;5006;202;48;2;704;56;1;0;0;73368;1028;935;6;8202;1064;17;0;0
FR;5;2022-01-08;13659;514;45;0;2003;52;0;0;0;87027;1542;980;6;10205;1116;17;0;0
FR;5;2022-01-09;5754;399;15;0;1112;20;1;0;0;92781;1941;995;6;11317;1136;18;0;0
FR;5;2022-01-10;3455;326;25;0;735;29;0;0;0;96236;2267;1020;6;12052;1165;18;0;0
FR;5;2022-01-11;3671;283;38;0;661;41;1;0;0;99907;2550;1058;6;12713;1206;19;0;0
FR;5;2022-01-12;22650;3005;89;0;5297;112;2;0;0;122557;5555;1147;6;18010;1318;21;0;0
FR;5;2022-01-13;4039;623;29;0;1051;31;2;0;0;126596;6178;1176;6;19061;1349;23;0;0
FR;5;2022-01-14;4843;583;45;0;1115;52;1;0;0;131439;6761;1221;6;20176;1401;24;0;0
FR;5;2022-01-15;14686;1747;38;3;3378;49;3;0;0;146125;8508;1259;9;23554;1450;27;0;0
FR;5;2022-01-16;4728;666;3;0;1261;5;0;0;0;150853;9174;1262;9;24815;1455;27;0;0
FR;5;2022-01-17;2297;718;26;0;986;29;0;0;0;153150;9892;1288;9;25801;1484;27;0;0
FR;5;2022-01-18;2431;870;30;0;1141;40;0;0;0;155581;10762;1318;9;26942;1524;27;0;0
FR;5;2022-01-19;18484;6423;74;2;8366;142;3;0;0;174065;17185;1392;11;35308;1666;30;0;0
FR;5;2022-01-20;1920;1067;25;0;1295;34;2;0;0;175985;18252;1417;11;36603;1700;32;0;0
FR;5;2022-01-21;3077;1372;47;1;1677;59;2;0;0;179062;19624;1464;12;38280;1759;34;0;0
FR;5;2022-01-22;10720;3454;33;1;4671;43;1;0;0;189782;23078;1497;13;42951;1802;35;0;0
FR;5;2022-01-23;2629;1415;6;0;1789;10;0;0;0;192411;24493;1503;13;44740;1812;35;0;0
FR;5;2022-01-24;1161;1341;19;0;1447;23;1;0;0;193572;25834;1522;13;46187;1835;36;0;0
FR;5;2022-01-25;1220;1550;20;2;1684;31;3;0;0;194792;27384;1542;15;47871;1866;39;0;0
FR;5;2022-01-26;10748;12032;50;1;13300;89;1;0;1;205540;39416;1592;16;61171;1955;40;0;1
FR;5;2022-01-27;1291;1693;10;0;1838;17;0;0;0;206831;41109;1602;16;63009;1972;40;0;1
FR;5;2022-01-28;1698;3346;16;0;3566;19;1;0;0;208529;44455;1618;16;66575;1991;41;0;1
FR;5;2022-01-29;6241;8041;68;0;8855;96;2;0;0;214770;52496;1686;16;75430;2087;43;0;1
FR;5;2022-01-30;1509;2950;5;0;3185;18;0;0;0;216279;55446;1691;16;78615;2105;43;0;1
FR;5;2022-01-31;589;1773;23;0;1837;24;3;0;0;216868;57219;1714;16;80452;2129;46;0;1
FR;5;2022-02-01;712;1706;10;0;1791;15;0;0;0;217580;58925;1724;16;82243;2144;46;0;1
FR;5;2022-02-02;6959;15655;52;0;16603;94;0;0;0;224539;74580;1776;16;98846;2238;46;0;1
FR;5;2022-02-03;492;1691;14;0;1748;13;5;0;0;225031;76271;1790;16;100594;2251;51;0;1
FR;5;2022-02-04;945;3002;19;0;3123;31;0;0;0;225976;79273;1809;16;103717;2282;51;0;1
FR;5;2022-02-05;3536;8919;23;0;9517;37;0;0;0;229512;88192;1832;16;113234;2319;51;0;1
FR;5;2022-02-06;737;2398;10;0;2556;19;0;0;0;230249;90590;1842;16;115790;2338;51;0;1
FR;5;2022-02-07;884;1596;23;0;1715;25;2;0;0;231133;92186;1865;16;117505;2363;53;0;1
FR;5;2022-02-08;725;1287;18;0;1407;20;2;0;0;231858;93473;1883;16;118912;2383;55;0;1
FR;5;2022-02-09;4544;12880;44;0;13608;76;1;0;0;236402;106353;1927;16;132520;2459;56;0;1
FR;5;2022-02-10;646;1059;14;0;1166;15;0;0;0;237048;107412;1941;16;133686;2474;56;0;1
FR;5;2022-02-11;793;2032;16;0;2163;21;1;0;0;237841;109444;1957;16;135849;2495;57;0;1
FR;5;2022-02-12;2286;6812;33;0;7279;53;0;0;0;240127;116256;1990;16;143128;2548;57;0;1
FR;5;2022-02-13;464;1541;8;0;1654;8;1;0;0;240591;117797;1998;16;144782;2556;58;0;1
FR;5;2022-02-14;678;1288;10;0;1407;13;1;0;0;241269;119085;2008;16;146189;2569;59;0;1
FR;5;2022-02-15;482;886;9;0;968;14;1;0;0;241751;119971;2017;16;147157;2583;60;0;1
FR;5;2022-02-16;2980;9124;41;1;9676;58;2;0;0;244731;129095;2058;17;156833;2641;62;0;1
FR;5;2022-02-17;436;809;6;0;876;7;1;0;0;245167;129904;2064;17;157709;2648;63;0;1
FR;5;2022-02-18;649;1408;13;0;1535;17;0;0;0;245816;131312;2077;17;159244;2665;63;0;1
FR;5;2022-02-19;1373;4315;16;0;4623;28;0;0;0;247189;135627;2093;17;163867;2693;63;0;1
FR;5;2022-02-20;247;879;6;0;941;8;0;0;0;247436;136506;2099;17;164808;2701;63;0;1
FR;5;2022-02-21;221;607;2;0;661;4;1;0;0;247657;137113;2101;17;165469;2705;64;0;1
FR;5;2022-02-22;262;545;17;0;591;17;1;0;0;247919;137658;2118;17;166060;2722;65;0;1
FR;5;2022-02-23;1909;6926;23;1;7346;43;0;0;0;249828;144584;2141;18;173406;2765;65;0;1
FR;5;2022-02-24;182;374;6;1;421;7;1;0;0;250010;144958;2147;19;173827;2772;66;0;1
FR;5;2022-02-25;336;951;13;0;1028;12;2;0;0;250346;145909;2160;19;174855;2784;68;0;1
FR;5;2022-02-26;972;3071;11;0;3333;15;2;0;0;251318;148980;2171;19;178188;2799;70;0;1
FR;5;2022-02-27;151;506;0;0;549;3;0;0;0;251469;149486;2171;19;178737;2802;70;0;1
FR;5;2022-02-28;162;369;1;0;408;1;0;0;0;251631;149855;2172;19;179145;2803;70;0;1
FR;5;2022-03-01;130;280;6;0;315;7;1;0;0;251761;150135;2178;19;179460;2810;71;0;1
FR;5;2022-03-02;1242;4156;28;3;4497;40;3;0;0;253003;154291;2206;22;183957;2850;74;0;1
FR;5;2022-03-03;121;251;5;0;271;10;1;0;0;253124;154542;2211;22;184228;2860;75;0;1
FR;5;2022-03-04;197;488;13;0;538;14;2;0;0;253321;155030;2224;22;184766;2874;77;0;1
FR;5;2022-03-05;677;1990;8;0;2243;16;2;0;0;253998;157020;2232;22;187009;2890;79;0;1
FR;5;2022-03-06;108;260;0;0;310;0;0;0;0;254106;157280;2232;22;187319;2890;79;0;1
FR;5;2022-03-07;71;228;5;0;254;3;2;0;0;254177;157508;2237;22;187573;2893;81;0;1
FR;5;2022-03-08;46;134;7;1;141;8;3;0;0;254223;157642;2244;23;187714;2901;84;0;1
FR;5;2022-03-09;911;3078;24;0;3407;36;0;0;0;255134;160720;2268;23;191121;2937;84;0;1
FR;5;2022-03-10;82;202;9;0;216;13;3;0;0;255216;160922;2277;23;191337;2950;87;0;1
FR;5;2022-03-11;148;369;13;1;426;15;0;0;0;255364;161291;2290;24;191763;2965;87;0;1
FR;5;2022-03-12;758;1613;13;1;1977;30;0;0;0;256122;162904;2303;25;193740;2995;87;0;1
FR;5;2022-03-13;78;102;0;0;135;0;0;0;0;256200;163006;2303;25;193875;2995;87;0;1
FR;5;2022-03-14;69;119;7;1;139;7;1;0;0;256269;163125;2310;26;194014;3002;88;0;1
FR;5;2022-03-15;83;99;4;0;119;7;1;0;0;256352;163224;2314;26;194133;3009;89;0;1
FR;5;2022-03-16;882;1827;15;3;2227;36;7;0;0;257234;165051;2329;29;196360;3045;96;0;1
FR;5;2022-03-17;68;123;8;4;151;10;4;0;0;257302;165174;2337;33;196511;3055;100;0;1
FR;5;2022-03-18;172;318;13;4;391;18;4;0;0;257474;165492;2350;37;196902;3073;104;0;1
FR;5;2022-03-19;752;1163;12;5;1555;33;8;0;0;258226;166655;2362;42;198457;3106;112;0;1
FR;5;2022-03-20;45;93;1;0;119;1;0;0;0;258271;166748;2363;42;198576;3107;112;0;1
FR;5;2022-03-21;71;120;10;6;136;15;8;0;0;258342;166868;2373;48;198712;3122;120;0;1
FR;5;2022-03-22;56;119;8;7;143;9;6;0;0;258398;166987;2381;55;198855;3131;126;0;1
FR;5;2022-03-23;805;1461;14;8;1878;36;9;0;0;259203;168448;2395;63;200733;3167;135;0;1
FR;5;2022-03-24;71;93;8;7;118;7;10;0;0;259274;168541;2403;70;200851;3174;145;0;1
FR;5;2022-03-25;222;293;14;8;388;18;9;0;0;259496;168834;2417;78;201239;3192;154;0;1
FR;5;2022-03-26;707;853;12;5;1273;26;6;0;1;260203;169687;2429;83;202512;3218;160;0;2
FR;5;2022-03-27;75;81;0;0;124;3;0;0;0;260278;169768;2429;83;202636;3221;160;0;2
FR;5;2022-03-28;81;93;1;2;132;3;2;0;0;260359;169861;2430;85;202768;3224;162;0;2
FR;5;2022-03-29;71;83;10;4;114;12;5;0;0;260430;169944;2440;89;202882;3236;167;0;2
FR;5;2022-03-30;823;1116;16;13;1604;29;14;0;0;261253;171060;2456;102;204486;3265;181;0;2
FR;5;2022-03-31;102;125;1;4;173;6;4;0;0;261355;171185;2457;106;204659;3271;185;0;2
FR;5;2022-04-01;114;86;7;12;135;11;12;0;1;261469;171271;2464;118;204794;3282;197;0;3
FR;5;2022-04-02;330;349;3;3;535;15;4;0;0;261799;171620;2467;121;205329;3297;201;0;3
FR;5;2022-04-03;54;59;1;0;88;1;0;0;0;261853;171679;2468;121;205417;3298;201;0;3
FR;5;2022-04-04;40;57;4;1;70;8;2;0;0;261893;171736;2472;122;205487;3306;203;0;3
FR;5;2022-04-05;53;60;6;6;75;9;5;0;0;261946;171796;2478;128;205562;3315;208;0;3
FR;5;2022-04-06;421;439;7;14;678;16;14;0;0;262367;172235;2485;142;206240;3331;222;0;3
FR;5;2022-04-07;45;69;5;7;89;7;10;0;0;262412;172304;2490;149;206329;3338;232;0;3
FR;5;2022-04-08;134;112;12;13;175;14;15;0;0;262546;172416;2502;162;206504;3352;247;0;3
FR;5;2022-04-09;311;324;2;5;511;17;5;0;0;262857;172740;2504;167;207015;3369;252;0;3
FR;5;2022-04-10;44;31;2;0;61;2;1;0;0;262901;172771;2506;167;207076;3371;253;0;3
FR;5;2022-04-11;50;60;3;2;78;4;3;0;0;262951;172831;2509;169;207154;3375;256;0;3
FR;5;2022-04-12;59;54;3;3;78;5;3;0;0;263010;172885;2512;172;207232;3380;259;0;3
FR;5;2022-04-13;382;413;3;8;606;16;8;0;0;263392;173298;2515;180;207838;3396;267;0;3
FR;5;2022-04-14;48;53;5;5;70;9;3;0;0;263440;173351;2520;185;207908;3405;270;0;3
FR;5;2022-04-15;91;111;4;4;152;5;6;0;0;263531;173462;2524;189;208060;3410;276;0;3
FR;5;2022-04-16;188;184;2;1;265;13;1;0;0;263719;173646;2526;190;208325;3423;277;0;3
FR;5;2022-04-17;12;11;1;0;17;1;0;0;0;263731;173657;2527;190;208342;3424;277;0;3
FR;5;2022-04-18;9;10;2;0;11;3;1;0;0;263740;173667;2529;190;208353;3427;278;0;3
FR;5;2022-04-19;75;71;6;1;96;6;4;0;0;263815;173738;2535;191;208449;3433;282;0;3
FR;5;2022-04-20;361;349;9;6;521;12;7;0;0;264176;174087;2544;197;208970;3445;289;0;3
FR;5;2022-04-21;42;64;9;10;71;12;14;0;0;264218;174151;2553;207;209041;3457;303;0;3
FR;5;2022-04-22;113;96;5;4;144;5;5;0;0;264331;174247;2558;211;209185;3462;308;0;3
FR;5;2022-04-23;209;193;4;2;284;11;3;0;0;264540;174440;2562;213;209469;3473;311;0;3
FR;5;2022-04-24;37;35;0;0;50;3;0;0;0;264577;174475;2562;213;209519;3476;311;0;3
FR;5;2022-04-25;69;65;1;1;102;4;1;0;0;264646;174540;2563;214;209621;3480;312;0;3
FR;5;2022-04-26;60;63;2;1;85;5;1;0;0;264706;174603;2565;215;209706;3485;313;0;3
FR;5;2022-04-27;335;316;3;7;463;14;8;0;0;265041;174919;2568;222;210169;3499;321;0;3
FR;5;2022-04-28;81;54;4;5;81;8;7;0;0;265122;174973;2572;227;210250;3507;328;0;3
FR;5;2022-04-29;117;84;5;19;118;12;17;0;0;265239;175057;2577;246;210368;3519;345;0;3
FR;5;2022-04-30;183;114;2;3;184;10;4;0;0;265422;175171;2579;249;210552;3529;349;0;3
FR;5;2022-05-01;11;7;0;0;11;0;0;0;0;265433;175178;2579;249;210563;3529;349;0;3
FR;5;2022-05-02;52;28;4;5;48;2;7;0;0;265485;175206;2583;254;210611;3531;356;0;3
FR;5;2022-05-03;87;57;2;4;84;11;4;0;0;265572;175263;2585;258;210695;3542;360;0;3
FR;5;2022-05-04;278;205;1;2;324;7;2;0;0;265850;175468;2586;260;211019;3549;362;0;3
FR;5;2022-05-05;62;32;3;4;46;5;4;0;0;265912;175500;2589;264;211065;3554;366;0;3
FR;5;2022-05-06;105;65;2;3;106;5;3;0;0;266017;175565;2591;267;211171;3559;369;0;3
FR;5;2022-05-07;171;117;2;10;180;13;7;0;0;266188;175682;2593;277;211351;3572;376;0;3
FR;5;2022-05-08;8;8;0;0;9;2;0;0;0;266196;175690;2593;277;211360;3574;376;0;3
FR;5;2022-05-09;44;34;15;3;51;16;4;0;0;266240;175724;2608;280;211411;3590;380;0;3
FR;5;2022-05-10;54;49;3;4;67;5;5;0;0;266294;175773;2611;284;211478;3595;385;0;3
FR;5;2022-05-11;327;237;12;7;344;21;11;0;0;266621;176010;2623;291;211822;3616;396;0;3
FR;5;2022-05-12;46;34;2;2;47;2;3;0;0;266667;176044;2625;293;211869;3618;399;0;3
FR;5;2022-05-13;109;83;3;8;120;8;7;0;0;266776;176127;2628;301;211989;3626;406;0;3
FR;5;2022-05-14;209;131;0;1;212;8;0;0;0;266985;176258;2628;302;212201;3634;406;0;3
FR;5;2022-05-15;22;9;2;0;18;1;1;0;0;267007;176267;2630;302;212219;3635;407;0;3
FR;5;2022-05-16;52;34;4;5;53;4;5;0;0;267059;176301;2634;307;212272;3639;412;0;3
FR;5;2022-05-17;72;40;5;0;68;2;3;0;0;267131;176341;2639;307;212340;3641;415;0;3
FR;5;2022-05-18;289;215;4;4;330;8;6;0;0;267420;176556;2643;311;212670;3649;421;0;3
FR;5;2022-05-19;45;35;5;3;42;3;4;0;0;267465;176591;2648;314;212712;3652;425;0;3
FR;5;2022-05-20;76;63;3;10;92;1;11;0;0;267541;176654;2651;324;212804;3653;436;0;3
FR;5;2022-05-21;242;166;2;3;268;17;1;0;0;267783;176820;2653;327;213072;3670;437;0;3
FR;5;2022-05-22;20;14;2;5;20;2;6;0;0;267803;176834;2655;332;213092;3672;443;0;3
FR;5;2022-05-23;42;31;4;3;42;6;3;0;0;267845;176865;2659;335;213134;3678;446;0;3
FR;5;2022-05-24;47;45;3;2;60;5;2;0;0;267892;176910;2662;337;213194;3683;448;0;3
FR;5;2022-05-25;329;258;4;1;386;16;1;0;0;268221;177168;2666;338;213580;3699;449;0;3
FR;5;2022-05-26;17;5;0;1;9;2;0;0;1;268238;177173;2666;339;213589;3701;449;0;4
FR;5;2022-05-27;99;54;4;4;89;9;3;0;0;268337;177227;2670;343;213678;3710;452;0;4
FR;5;2022-05-28;100;78;5;3;106;10;3;0;0;268437;177305;2675;346;213784;3720;455;0;4
FR;5;2022-05-29;14;14;1;0;18;2;0;0;0;268451;177319;2676;346;213802;3722;455;0;4
FR;5;2022-05-30;56;41;2;1;54;2;2;0;0;268507;177360;2678;347;213856;3724;457;0;4
FR;5;2022-05-31;57;43;1;8;62;1;8;0;0;268564;177403;2679;355;213918;3725;465;0;4
FR;5;2022-06-01;257;241;9;2;300;25;5;0;0;268821;177644;2688;357;214218;3750;470;0;4
FR;5;2022-06-02;63;61;5;0;73;9;1;0;0;268884;177705;2693;357;214291;3759;471;0;4
FR;5;2022-06-03;82;71;4;5;88;10;6;0;0;268966;177776;2697;362;214379;3769;477;0;4
FR;5;2022-06-04;157;109;2;1;187;9;1;0;0;269123;177885;2699;363;214566;3778;478;0;4
FR;5;2022-06-05;18;11;0;0;21;1;0;0;0;269141;177896;2699;363;214587;3779;478;0;4
FR;5;2022-06-06;16;12;0;1;15;0;1;0;0;269157;177908;2699;364;214602;3779;479;0;4
FR;5;2022-06-07;50;56;1;1;76;2;1;0;0;269207;177964;2700;365;214678;3781;480;0;4
FR;5;2022-06-08;283;225;3;4;332;17;2;0;0;269490;178189;2703;369;215010;3798;482;0;4
FR;5;2022-06-09;52;41;6;3;57;7;2;0;1;269542;178230;2709;372;215067;3805;484;0;5
FR;5;2022-06-10;81;72;1;1;105;6;1;0;0;269623;178302;2710;373;215172;3811;485;0;5
FR;5;2022-06-11;173;141;3;3;202;10;4;0;0;269796;178443;2713;376;215374;3821;489;0;5
FR;5;2022-06-12;17;16;0;0;19;2;0;0;0;269813;178459;2713;376;215393;3823;489;0;5
FR;5;2022-06-13;56;47;9;3;70;10;6;0;0;269869;178506;2722;379;215463;3833;495;0;5
FR;5;2022-06-14;59;56;1;4;64;6;4;0;0;269928;178562;2723;383;215527;3839;499;0;5
FR;5;2022-06-15;266;260;5;2;363;27;1;0;0;270194;178822;2728;385;215890;3866;500;0;5
FR;5;2022-06-16;47;30;5;2;44;5;2;0;0;270241;178852;2733;387;215934;3871;502;0;5
FR;5;2022-06-17;100;67;5;5;102;10;5;0;0;270341;178919;2738;392;216036;3881;507;0;5
FR;5;2022-06-18;146;95;10;2;152;26;2;0;1;270487;179014;2748;394;216188;3907;509;0;6
FR;5;2022-06-19;26;15;0;1;18;4;1;0;0;270513;179029;2748;395;216206;3911;510;0;6
FR;5;2022-06-20;56;50;8;0;62;11;2;0;0;270569;179079;2756;395;216268;3922;512;0;6
FR;5;2022-06-21;53;73;5;3;91;7;5;0;1;270622;179152;2761;398;216359;3929;517;0;7
FR;5;2022-06-22;224;248;7;9;348;33;10;0;0;270846;179400;2768;407;216707;3962;527;0;7
FR;5;2022-06-23;50;38;2;5;43;6;6;0;0;270896;179438;2770;412;216750;3968;533;0;7
FR;5;2022-06-24;91;70;12;5;101;16;8;0;0;270987;179508;2782;417;216851;3984;541;0;7
FR;5;2022-06-25;154;124;3;7;185;14;8;0;1;271141;179632;2785;424;217036;3998;549;0;8
FR;5;2022-06-26;26;19;2;0;29;5;0;0;0;271167;179651;2787;424;217065;4003;549;0;8
FR;5;2022-06-27;57;60;5;7;78;11;9;0;0;271224;179711;2792;431;217143;4014;558;0;8
FR;5;2022-06-28;70;49;8;2;69;14;5;0;0;271294;179760;2800;433;217212;4028;563;0;8
FR;5;2022-06-29;297;268;9;21;390;34;23;0;0;271591;180028;2809;454;217602;4062;586;0;8
FR;5;2022-06-30;89;57;10;12;89;17;11;0;0;271680;180085;2819;466;217691;4079;597;0;8
FR;5;2022-07-01;127;65;7;11;118;12;11;0;2;271807;180150;2826;477;217809;4091;608;0;10
FR;5;2022-07-02;191;132;4;0;210;22;0;0;0;271998;180282;2830;477;218019;4113;608;0;10
FR;5;2022-07-03;30;25;1;0;36;4;0;0;0;272028;180307;2831;477;218055;4117;608;0;10
FR;5;2022-07-04;103;65;2;5;102;7;5;0;1;272131;180372;2833;482;218157;4124;613;0;11
FR;5;2022-07-05;104;72;3;8;107;13;8;0;1;272235;180444;2836;490;218264;4137;621;0;12
FR;5;2022-07-06;278;168;9;36;289;27;36;0;0;272513;180612;2845;526;218553;4164;657;0;12
FR;5;2022-07-07;88;69;6;9;89;13;11;0;0;272601;180681;2851;535;218642;4177;668;0;12
FR;5;2022-07-08;152;120;7;14;146;25;13;0;1;272753;180801;2858;549;218788;4202;681;0;13
FR;5;2022-07-09;116;68;1;8;100;10;8;0;0;272869;180869;2859;557;218888;4212;689;0;13
FR;5;2022-07-10;15;6;0;0;10;1;0;0;0;272884;180875;2859;557;218898;4213;689;0;13
FR;5;2022-07-11;92;72;10;2;98;19;3;0;0;272976;180947;2869;559;218996;4232;692;0;13
FR;5;2022-07-12;67;63;5;10;81;7;12;0;0;273043;181010;2874;569;219077;4239;704;0;13
FR;5;2022-07-13;169;118;10;19;196;16;23;0;0;273212;181128;2884;588;219273;4255;727;0;13
FR;5;2022-07-14;8;4;0;0;7;0;0;0;0;273220;181132;2884;588;219280;4255;727;0;13
FR;5;2022-07-15;74;66;5;14;86;15;15;0;0;273294;181198;2889;602;219366;4270;742;0;13
FR;5;2022-07-16;54;44;3;0;71;3;2;0;0;273348;181242;2892;602;219437;4273;744;0;13
FR;5;2022-07-17;10;7;3;0;10;2;2;0;0;273358;181249;2895;602;219447;4275;746;0;13
FR;5;2022-07-18;60;47;0;4;70;4;3;0;0;273418;181296;2895;606;219517;4279;749;0;13
FR;5;2022-07-19;63;42;5;3;63;7;4;0;0;273481;181338;2900;609;219580;4286;753;0;13
FR;5;2022-07-20;120;106;4;11;141;14;9;0;0;273601;181444;2904;620;219721;4300;762;0;13
FR;5;2022-07-21;38;43;2;10;52;5;10;0;0;273639;181487;2906;630;219773;4305;772;0;13
FR;5;2022-07-22;48;69;11;13;75;23;11;0;1;273687;181556;2917;643;219848;4328;783;0;14
FR;5;2022-07-23;59;78;2;1;95;11;2;0;0;273746;181634;2919;644;219943;4339;785;0;14
FR;5;2022-07-24;11;9;3;1;12;3;1;0;0;273757;181643;2922;645;219955;4342;786;0;14
FR;5;2022-07-25;53;48;2;7;57;8;8;0;0;273810;181691;2924;652;220012;4350;794;0;14
FR;5;2022-07-26;58;52;5;41;70;6;44;0;0;273868;181743;2929;693;220082;4356;838;0;14
FR;5;2022-07-27;106;118;4;4;161;13;4;0;0;273974;181861;2933;697;220243;4369;842;0;14
FR;5;2022-07-28;39;35;2;2;47;6;1;0;0;274013;181896;2935;699;220290;4375;843;0;14
FR;5;2022-07-29;56;74;3;14;90;8;10;0;0;274069;181970;2938;713;220380;4383;853;0;14
FR;5;2022-07-30;55;53;5;1;76;7;2;0;0;274124;182023;2943;714;220456;4390;855;0;14
FR;5;2022-07-31;7;11;1;0;13;1;0;0;0;274131;182034;2944;714;220469;4391;855;0;14
FR;5;2022-08-01;39;53;1;2;64;6;2;0;0;274170;182087;2945;716;220533;4397;857;0;14
FR;5;2022-08-02;32;43;8;7;47;8;7;0;1;274202;182130;2953;723;220580;4405;864;0;15
FR;5;2022-08-03;54;51;4;10;70;9;8;0;0;274256;182181;2957;733;220650;4414;872;0;15
FR;5;2022-08-04;20;18;1;6;22;1;6;0;0;274276;182199;2958;739;220672;4415;878;0;15
FR;5;2022-08-05;35;26;3;3;39;3;3;0;0;274311;182225;2961;742;220711;4418;881;0;15
FR;5;2022-08-06;23;26;1;0;31;1;0;0;0;274334;182251;2962;742;220742;4419;881;0;15
FR;5;2022-08-07;2;2;1;0;1;1;1;0;0;274336;182253;2963;742;220743;4420;882;0;15
FR;5;2022-08-08;26;19;1;2;24;2;1;0;0;274362;182272;2964;744;220767;4422;883;0;15
FR;5;2022-08-09;26;28;3;3;35;3;3;0;0;274388;182300;2967;747;220802;4425;886;0;15
FR;5;2022-08-10;47;47;2;0;56;5;0;0;0;274435;182347;2969;747;220858;4430;886;0;15
FR;5;2022-08-11;19;36;2;2;42;5;2;0;0;274454;182383;2971;749;220900;4435;888;0;15
FR;5;2022-08-12;27;28;2;0;39;2;0;0;0;274481;182411;2973;749;220939;4437;888;0;15
FR;5;2022-08-13;16;18;0;0;24;0;0;0;0;274497;182429;2973;749;220963;4437;888;0;15
FR;5;2022-08-14;2;3;0;0;4;0;0;0;0;274499;182432;2973;749;220967;4437;888;0;15
FR;5;2022-08-15;2;6;0;0;6;0;0;0;0;274501;182438;2973;749;220973;4437;888;0;15
FR;5;2022-08-16;33;26;3;0;28;6;0;0;0;274534;182464;2976;749;221001;4443;888;0;15
FR;5;2022-08-17;52;55;2;1;72;1;1;0;0;274586;182519;2978;750;221073;4444;889;0;15
FR;5;2022-08-18;26;18;8;17;25;10;16;0;0;274612;182537;2986;767;221098;4454;905;0;15
FR;5;2022-08-19;26;34;1;2;43;2;2;0;0;274638;182571;2987;769;221141;4456;907;0;15
FR;5;2022-08-20;25;27;2;1;33;4;2;0;0;274663;182598;2989;770;221174;4460;909;0;15
FR;5;2022-08-21;7;4;1;0;7;1;0;0;0;274670;182602;2990;770;221181;4461;909;0;15
FR;5;2022-08-22;39;26;1;6;42;2;5;0;1;274709;182628;2991;776;221223;4463;914;0;16
FR;5;2022-08-23;27;26;1;1;32;2;1;0;0;274736;182654;2992;777;221255;4465;915;0;16
FR;5;2022-08-24;50;43;0;0;62;0;0;0;0;274786;182697;2992;777;221317;4465;915;0;16
FR;5;2022-08-25;27;26;3;1;31;2;0;0;1;274813;182723;2995;778;221348;4467;915;0;17
FR;5;2022-08-26;48;39;7;2;58;5;4;0;0;274861;182762;3002;780;221406;4472;919;0;17
FR;5;2022-08-27;46;28;1;0;46;3;1;0;0;274907;182790;3003;780;221452;4475;920;0;17
FR;5;2022-08-28;5;7;0;0;7;0;0;0;0;274912;182797;3003;780;221459;4475;920;0;17
FR;5;2022-08-29;58;44;1;1;66;4;1;0;0;274970;182841;3004;781;221525;4479;921;0;17
FR;5;2022-08-30;45;23;12;29;40;10;30;0;1;275015;182864;3016;810;221565;4489;951;0;18
FR;5;2022-08-31;53;47;6;1;58;11;1;0;0;275068;182911;3022;811;221623;4500;952;0;18
FR;5;2022-09-01;16;8;1;4;13;1;4;0;0;275084;182919;3023;815;221636;4501;956;0;18
FR;5;2022-09-02;42;23;8;2;35;9;3;0;0;275126;182942;3031;817;221671;4510;959;0;18
FR;5;2022-09-03;69;37;2;0;58;2;0;0;0;275195;182979;3033;817;221729;4512;959;0;18
FR;5;2022-09-04;12;7;1;0;8;3;0;0;0;275207;182986;3034;817;221737;4515;959;0;18
FR;5;2022-09-05;7;4;1;0;4;1;0;0;0;275214;182990;3035;817;221741;4516;959;0;18
FR;5;2022-09-06;23;14;3;15;17;2;14;0;2;275237;183004;3038;832;221758;4518;973;0;20
FR;5;2022-09-07;79;53;1;1;76;3;1;0;0;275316;183057;3039;833;221834;4521;974;0;20
FR;5;2022-09-08;10;4;0;4;7;0;4;0;0;275326;183061;3039;837;221841;4521;978;0;20
FR;5;2022-09-09;42;11;9;2;14;10;3;0;0;275368;183072;3048;839;221855;4531;981;0;20
FR;5;2022-09-10;40;45;1;1;50;8;1;0;0;275408;183117;3049;840;221905;4539;982;0;20
FR;5;2022-09-11;3;3;0;0;3;1;0;0;0;275411;183120;3049;840;221908;4540;982;0;20
FR;5;2022-09-12;7;5;2;2;7;2;2;0;0;275418;183125;3051;842;221915;4542;984;0;20
FR;5;2022-09-13;9;6;0;1;4;3;1;0;0;275427;183131;3051;843;221919;4545;985;0;20
FR;5;2022-09-14;52;47;4;6;55;9;5;0;0;275479;183178;3055;849;221974;4554;990;0;20
FR;5;2022-09-15;11;13;2;3;11;5;3;0;0;275490;183191;3057;852;221985;4559;993;0;20
FR;5;2022-09-16;25;33;1;4;38;3;3;0;0;275515;183224;3058;856;222023;4562;996;0;20
FR;5;2022-09-17;60;43;1;1;51;5;1;0;0;275575;183267;3059;857;222074;4567;997;0;20
FR;5;2022-09-18;9;6;0;1;10;1;0;0;0;275584;183273;3059;858;222084;4568;997;0;20
FR;5;2022-09-19;22;17;2;1;20;5;2;0;0;275606;183290;3061;859;222104;4573;999;0;20
FR;5;2022-09-20;15;11;3;3;15;1;4;0;0;275621;183301;3064;862;222119;4574;1003;0;20
FR;5;2022-09-21;68;45;9;0;65;13;0;0;0;275689;183346;3073;862;222184;4587;1003;0;20
FR;5;2022-09-22;12;6;4;24;6;4;23;0;1;275701;183352;3077;886;222190;4591;1026;0;21
FR;5;2022-09-23;20;25;2;3;23;8;3;0;0;275721;183377;3079;889;222213;4599;1029;0;21
FR;5;2022-09-24;44;51;1;8;65;5;8;0;0;275765;183428;3080;897;222278;4604;1037;0;21
FR;5;2022-09-25;6;12;0;0;13;1;0;0;0;275771;183440;3080;897;222291;4605;1037;0;21
FR;5;2022-09-26;15;7;0;2;12;0;1;0;1;275786;183447;3080;899;222303;4605;1038;0;22
FR;5;2022-09-27;7;12;4;9;14;4;9;0;1;275793;183459;3084;908;222317;4609;1047;0;23
FR;5;2022-09-28;65;67;5;0;91;7;0;0;0;275858;183526;3089;908;222408;4616;1047;0;23
FR;5;2022-09-29;17;9;1;0;15;1;1;0;1;275875;183535;3090;908;222423;4617;1048;0;24
FR;5;2022-09-30;28;47;2;2;54;4;3;0;0;275903;183582;3092;910;222477;4621;1051;0;24
FR;5;2022-10-01;40;35;5;5;48;8;7;0;0;275943;183617;3097;915;222525;4629;1058;0;24
FR;5;2022-10-02;1;9;1;0;10;1;0;0;0;275944;183626;3098;915;222535;4630;1058;0;24
FR;5;2022-10-03;7;6;3;0;5;4;0;0;0;275951;183632;3101;915;222540;4634;1058;0;24
FR;5;2022-10-04;11;8;1;3;11;2;3;0;0;275962;183640;3102;918;222551;4636;1061;0;24
FR;5;2022-10-05;57;62;2;2;79;13;2;0;0;276019;183702;3104;920;222630;4649;1063;0;24
FR;5;2022-10-06;12;10;1;4;15;2;4;0;0;276031;183712;3105;924;222645;4651;1067;0;24
FR;5;2022-10-07;21;31;1;0;34;5;0;0;0;276052;183743;3106;924;222679;4656;1067;0;24
FR;5;2022-10-08;33;51;1;0;54;7;0;0;0;276085;183794;3107;924;222733;4663;1067;0;24
FR;5;2022-10-09;7;10;0;0;11;1;0;0;0;276092;183804;3107;924;222744;4664;1067;0;24
FR;5;2022-10-10;14;6;0;1;8;1;1;0;0;276106;183810;3107;925;222752;4665;1068;0;24
FR;5;2022-10-11;6;13;2;1;14;2;2;0;0;276112;183823;3109;926;222766;4667;1070;0;24
FR;5;2022-10-12;40;57;3;2;69;8;2;0;0;276152;183880;3112;928;222835;4675;1072;0;24
FR;5;2022-10-13;11;16;2;0;18;4;0;0;0;276163;183896;3114;928;222853;4679;1072;0;24
FR;5;2022-10-14;21;21;1;0;20;5;0;0;0;276184;183917;3115;928;222873;4684;1072;0;24
FR;5;2022-10-15;19;26;10;0;25;11;2;0;0;276203;183943;3125;928;222898;4695;1074;0;24
FR;5;2022-10-16;3;1;0;0;1;1;0;0;0;276206;183944;3125;928;222899;4696;1074;0;24
FR;5;2022-10-17;8;8;2;1;8;3;1;0;2;276214;183952;3127;929;222907;4699;1075;0;26
FR;5;2022-10-18;6;7;0;2;8;0;2;0;0;276220;183959;3127;931;222915;4699;1077;0;26
FR;5;2022-10-19;38;44;8;0;53;11;0;0;1;276258;184003;3135;931;222968;4710;1077;0;27
FR;5;2022-10-20;18;15;2;1;16;3;1;0;0;276276;184018;3137;932;222984;4713;1078;0;27
FR;5;2022-10-21;22;15;6;0;19;8;1;0;2;276298;184033;3143;932;223003;4721;1079;0;29
FR;5;2022-10-22;35;29;2;12;32;5;12;0;0;276333;184062;3145;944;223035;4726;1091;0;29
FR;5;2022-10-23;9;3;0;0;4;0;0;0;0;276342;184065;3145;944;223039;4726;1091;0;29
FR;5;2022-10-24;14;7;6;7;9;9;8;0;0;276356;184072;3151;951;223048;4735;1099;0;29
FR;5;2022-10-25;13;9;6;3;9;8;3;0;2;276369;184081;3157;954;223057;4743;1102;0;31
FR;5;2022-10-26;34;22;6;0;29;10;0;0;0;276403;184103;3163;954;223086;4753;1102;0;31
FR;5;2022-10-27;16;4;4;0;11;4;0;0;0;276419;184107;3167;954;223097;4757;1102;0;31
FR;5;2022-10-28;19;13;5;3;14;6;4;0;0;276438;184120;3172;957;223111;4763;1106;0;31
FR;5;2022-10-29;21;13;0;0;17;3;0;0;0;276459;184133;3172;957;223128;4766;1106;0;31
FR;5;2022-10-30;1;4;2;0;4;3;0;0;0;276460;184137;3174;957;223132;4769;1106;0;31
FR;5;2022-10-31;14;11;2;1;12;3;1;0;0;276474;184148;3176;958;223144;4772;1107;0;31
FR;5;2022-11-01;3;3;0;1;3;0;1;0;0;276477;184151;3176;959;223147;4772;1108;0;31
FR;5;2022-11-02;23;17;5;4;23;5;5;0;0;276500;184168;3181;963;223170;4777;1113;0;31
FR;5;2022-11-03;22;4;1;1;11;1;1;0;0;276522;184172;3182;964;223181;4778;1114;0;31
FR;5;2022-11-04;19;18;1;0;18;2;0;0;0;276541;184190;3183;964;223199;4780;1114;0;31
FR;5;2022-11-05;25;16;1;0;21;1;0;0;0;276566;184206;3184;964;223220;4781;1114;0;31
FR;5;2022-11-06;1;7;0;0;7;0;0;0;0;276567;184213;3184;964;223227;4781;1114;0;31
FR;5;2022-11-07;9;3;3;0;3;3;0;0;0;276576;184216;3187;964;223230;4784;1114;0;31
FR;5;2022-11-08;12;7;1;2;8;1;1;0;0;276588;184223;3188;966;223238;4785;1115;0;31
FR;5;2022-11-09;30;29;6;1;32;6;1;0;0;276618;184252;3194;967;223270;4791;1116;0;31
FR;5;2022-11-10;11;16;1;0;17;1;0;0;0;276629;184268;3195;967;223287;4792;1116;0;31
FR;5;2022-11-11;2;4;0;1;6;0;1;0;0;276631;184272;3195;968;223293;4792;1117;0;31
FR;5;2022-11-12;19;10;5;9;18;6;9;0;2;276650;184282;3200;977;223311;4798;1126;0;33
FR;5;2022-11-13;2;2;0;1;2;0;1;0;0;276652;184284;3200;978;223313;4798;1127;0;33
FR;5;2022-11-14;8;11;0;1;10;3;0;0;0;276660;184295;3200;979;223323;4801;1127;0;33
FR;5;2022-11-15;8;6;4;3;6;4;3;0;0;276668;184301;3204;982;223329;4805;1130;0;33
FR;5;2022-11-16;29;28;2;1;33;5;0;0;0;276697;184329;3206;983;223362;4810;1130;0;33
FR;5;2022-11-17;6;15;4;0;15;5;0;0;0;276703;184344;3210;983;223377;4815;1130;0;33
FR;5;2022-11-18;17;17;7;0;19;9;0;0;0;276720;184361;3217;983;223396;4824;1130;0;33
FR;5;2022-11-19;18;27;2;0;28;6;0;0;0;276738;184388;3219;983;223424;4830;1130;0;33
FR;5;2022-11-20;6;3;0;0;5;0;0;0;0;276744;184391;3219;983;223429;4830;1130;0;33
FR;5;2022-11-21;8;5;0;2;4;2;1;0;0;276752;184396;3219;985;223433;4832;1131;0;33
FR;5;2022-11-22;9;3;0;1;4;0;1;0;0;276761;184399;3219;986;223437;4832;1132;0;33
FR;5;2022-11-23;34;25;6;1;27;13;0;0;0;276795;184424;3225;987;223464;4845;1132;0;33
FR;5;2022-11-24;3;7;2;0;8;1;1;0;0;276798;184431;3227;987;223472;4846;1133;0;33
FR;5;2022-11-25;15;20;2;0;25;3;0;0;1;276813;184451;3229;987;223497;4849;1133;0;34
FR;5;2022-11-26;22;19;4;0;20;8;0;0;0;276835;184470;3233;987;223517;4857;1133;0;34
FR;5;2022-11-27;7;0;1;0;3;1;0;0;0;276842;184470;3234;987;223520;4858;1133;0;34
FR;5;2022-11-28;7;15;3;0;15;5;0;0;0;276849;184485;3237;987;223535;4863;1133;0;34
FR;5;2022-11-29;10;9;1;0;11;3;0;0;1;276859;184494;3238;987;223546;4866;1133;0;35
FR;5;2022-11-30;35;48;12;0;56;17;1;0;0;276894;184542;3250;987;223602;4883;1134;0;35
FR;5;2022-12-01;5;10;2;0;10;3;0;0;0;276899;184552;3252;987;223612;4886;1134;0;35
FR;5;2022-12-02;1;5;2;1;4;3;1;0;0;276900;184557;3254;988;223616;4889;1135;0;35
FR;5;2022-12-03;3;3;8;1;5;8;1;0;0;276903;184560;3262;989;223621;4897;1136;0;35
FR;5;2022-12-04;3;2;1;0;2;2;0;0;0;276906;184562;3263;989;223623;4899;1136;0;35
FR;5;2022-12-05;1;1;0;0;0;1;0;0;0;276907;184563;3263;989;223623;4900;1136;0;35
FR;5;2022-12-06;5;1;0;0;1;0;0;0;1;276912;184564;3263;989;223624;4900;1136;0;36
FR;5;2022-12-07;5;8;1;0;8;1;0;0;0;276917;184572;3264;989;223632;4901;1136;0;36
FR;5;2022-12-08;2;2;0;0;2;0;0;0;0;276919;184574;3264;989;223634;4901;1136;0;36
FR;5;2022-12-09;5;8;0;0;6;2;0;0;0;276924;184582;3264;989;223640;4903;1136;0;36
FR;5;2022-12-10;4;7;2;1;8;2;1;0;0;276928;184589;3266;990;223648;4905;1137;0;36
FR;5;2022-12-11;2;0;0;0;0;0;0;0;0;276930;184589;3266;990;223648;4905;1137;0;36
FR;5;2022-12-12;0;0;0;0;0;0;0;0;0;276930;184589;3266;990;223648;4905;1137;0;36
FR;5;2022-12-13;2;3;0;0;4;1;0;0;0;276932;184592;3266;990;223652;4906;1137;0;36
FR;5;2022-12-14;2;3;0;9;3;1;8;0;3;276934;184595;3266;999;223655;4907;1145;0;39
FR;5;2022-12-15;0;2;0;0;2;0;0;0;0;276934;184597;3266;999;223657;4907;1145;0;39
FR;5;2022-12-16;3;3;2;0;4;3;0;0;0;276937;184600;3268;999;223661;4910;1145;0;39
FR;5;2022-12-17;3;3;3;0;3;2;1;0;0;276940;184603;3271;999;223664;4912;1146;0;39
FR;5;2022-12-18;3;0;0;1;0;0;1;0;1;276943;184603;3271;1000;223664;4912;1147;0;40
FR;5;2022-12-19;1;0;0;2;0;0;2;0;0;276944;184603;3271;1002;223664;4912;1149;0;40
FR;5;2022-12-20;0;1;3;0;1;3;0;0;0;276944;184604;3274;1002;223665;4915;1149;0;40
FR;5;2022-12-21;2;4;0;0;4;0;0;0;0;276946;184608;3274;1002;223669;4915;1149;0;40
FR;5;2022-12-22;2;2;0;0;2;0;0;0;0;276948;184610;3274;1002;223671;4915;1149;0;40
FR;5;2022-12-23;3;1;1;0;1;1;0;0;0;276951;184611;3275;1002;223672;4916;1149;0;40
FR;5;2022-12-24;0;1;0;0;1;0;0;0;0;276951;184612;3275;1002;223673;4916;1149;0;40
FR;5;2022-12-25;0;1;2;0;0;3;0;0;0;276951;184613;3277;1002;223673;4919;1149;0;40
FR;5;2022-12-26;2;2;0;0;2;0;0;0;0;276953;184615;3277;1002;223675;4919;1149;0;40
FR;5;2022-12-27;0;3;0;0;3;0;0;0;0;276953;184618;3277;1002;223678;4919;1149;0;40
FR;5;2022-12-28;5;3;3;0;3;3;2;0;0;276958;184621;3280;1002;223681;4922;1151;0;40
FR;5;2022-12-29;3;2;2;0;3;2;0;0;0;276961;184623;3282;1002;223684;4924;1151;0;40
FR;5;2022-12-30;3;2;1;0;2;1;0;0;0;276964;184625;3283;1002;223686;4925;1151;0;40
FR;5;2022-12-31;0;0;0;0;0;0;0;0;0;276964;184625;3283;1002;223686;4925;1151;0;40
FR;5;2023-01-01;0;0;0;0;0;0;0;0;0;276964;184625;3283;1002;223686;4925;1151;0;40
FR;5;2023-01-02;1;1;1;0;1;1;0;0;0;276965;184626;3284;1002;223687;4926;1151;0;40
FR;5;2023-01-03;3;1;0;0;2;0;0;0;0;276968;184627;3284;1002;223689;4926;1151;0;40
FR;5;2023-01-04;6;1;1;0;2;1;0;0;0;276974;184628;3285;1002;223691;4927;1151;0;40
FR;5;2023-01-05;0;3;0;0;3;0;0;0;0;276974;184631;3285;1002;223694;4927;1151;0;40
FR;5;2023-01-06;2;1;1;0;1;1;0;0;0;276976;184632;3286;1002;223695;4928;1151;0;40
FR;5;2023-01-07;5;1;1;0;1;2;0;0;0;276981;184633;3287;1002;223696;4930;1151;0;40
FR;5;2023-01-08;2;2;0;0;2;0;0;0;0;276983;184635;3287;1002;223698;4930;1151;0;40
FR;5;2023-01-09;4;0;1;0;1;1;0;0;0;276987;184635;3288;1002;223699;4931;1151;0;40
FR;5;2023-01-10;3;1;0;0;2;0;0;0;0;276990;184636;3288;1002;223701;4931;1151;0;40
FR;5;2023-01-11;7;5;3;0;4;4;0;0;0;276997;184641;3291;1002;223705;4935;1151;0;40
FR;5;2023-01-12;14;6;4;0;6;6;0;0;0;277011;184647;3295;1002;223711;4941;1151;0;40
FR;5;2023-01-13;56;16;16;0;31;18;0;0;0;277067;184663;3311;1002;223742;4959;1151;0;40
FR;5;2023-01-14;56;34;13;1;34;20;2;0;0;277123;184697;3324;1003;223776;4979;1153;0;40
FR;5;2023-01-15;13;9;0;0;5;4;0;0;0;277136;184706;3324;1003;223781;4983;1153;0;40
FR;5;2023-01-16;13;8;3;0;8;3;0;0;0;277149;184714;3327;1003;223789;4986;1153;0;40
FR;5;2023-01-17;12;8;3;0;4;7;0;0;0;277161;184722;3330;1003;223793;4993;1153;0;40
FR;5;2023-01-18;71;35;21;2;46;25;2;0;0;277232;184757;3351;1005;223839;5018;1155;0;40
FR;5;2023-01-19;13;6;8;0;5;10;1;0;0;277245;184763;3359;1005;223844;5028;1156;0;40
FR;5;2023-01-20;27;17;13;0;17;18;0;0;2;277272;184780;3372;1005;223861;5046;1156;0;42
FR;5;2023-01-21;34;23;18;1;31;21;1;0;0;277306;184803;3390;1006;223892;5067;1157;0;42
FR;5;2023-01-22;6;4;2;0;4;3;0;0;0;277312;184807;3392;1006;223896;5070;1157;0;42
FR;5;2023-01-23;6;5;3;0;3;5;0;0;0;277318;184812;3395;1006;223899;5075;1157;0;42
FR;5;2023-01-24;16;3;3;0;6;4;0;0;0;277334;184815;3398;1006;223905;5079;1157;0;42
FR;5;2023-01-25;33;31;12;2;27;23;2;0;0;277367;184846;3410;1008;223932;5102;1159;0;42
FR;5;2023-01-26;6;5;4;0;6;4;0;0;0;277373;184851;3414;1008;223938;5106;1159;0;42
FR;5;2023-01-27;18;13;8;0;17;8;1;0;0;277391;184864;3422;1008;223955;5114;1160;0;42
FR;5;2023-01-28;21;8;4;3;11;6;3;0;0;277412;184872;3426;1011;223966;5120;1163;0;42
FR;5;2023-01-29;0;3;0;0;2;1;0;0;0;277412;184875;3426;1011;223968;5121;1163;0;42
FR;5;2023-01-30;7;5;3;0;4;6;0;0;0;277419;184880;3429;1011;223972;5127;1163;0;42
FR;5;2023-01-31;3;7;2;0;5;4;0;0;0;277422;184887;3431;1011;223977;5131;1163;0;42
FR;5;2023-02-01;18;18;7;1;19;8;1;0;0;277440;184905;3438;1012;223996;5139;1164;0;42
FR;5;2023-02-02;7;8;1;0;7;2;0;0;0;277447;184913;3439;1012;224003;5141;1164;0;42
FR;5;2023-02-03;15;26;6;0;27;9;0;0;0;277462;184939;3445;1012;224030;5150;1164;0;42
FR;5;2023-02-04;15;23;5;0;25;6;0;0;0;277477;184962;3450;1012;224055;5156;1164;0;42
FR;5;2023-02-05;1;2;0;1;2;1;0;0;0;277478;184964;3450;1013;224057;5157;1164;0;42
FR;5;2023-02-06;12;11;7;0;12;7;0;0;0;277490;184975;3457;1013;224069;5164;1164;0;42
FR;5;2023-02-07;6;11;2;0;10;4;0;0;0;277496;184986;3459;1013;224079;5168;1164;0;42
FR;5;2023-02-08;29;35;8;0;39;10;0;0;0;277525;185021;3467;1013;224118;5178;1164;0;42
FR;5;2023-02-09;15;7;5;0;8;5;0;0;0;277540;185028;3472;1013;224126;5183;1164;0;42
FR;5;2023-02-10;11;22;5;0;24;7;0;0;0;277551;185050;3477;1013;224150;5190;1164;0;42
FR;5;2023-02-11;12;11;3;1;15;4;0;0;0;277563;185061;3480;1014;224165;5194;1164;0;42
FR;5;2023-02-12;4;7;1;0;8;1;0;0;0;277567;185068;3481;1014;224173;5195;1164;0;42
FR;5;2023-02-13;4;6;6;0;5;7;0;0;0;277571;185074;3487;1014;224178;5202;1164;0;42
FR;5;2023-02-14;11;8;2;0;9;3;0;0;0;277582;185082;3489;1014;224187;5205;1164;0;42
FR;5;2023-02-15;27;25;4;0;27;5;0;0;0;277609;185107;3493;1014;224214;5210;1164;0;42
FR;5;2023-02-16;8;4;3;0;8;3;0;0;0;277617;185111;3496;1014;224222;5213;1164;0;42
FR;5;2023-02-17;9;5;9;0;6;9;0;0;0;277626;185116;3505;1014;224228;5222;1164;0;42
FR;5;2023-02-18;9;14;3;1;16;3;1;0;0;277635;185130;3508;1015;224244;5225;1165;0;42
FR;5;2023-02-19;0;1;0;0;1;0;0;0;0;277635;185131;3508;1015;224245;5225;1165;0;42
FR;5;2023-02-20;6;6;4;0;6;5;0;0;0;277641;185137;3512;1015;224251;5230;1165;0;42
FR;5;2023-02-21;4;6;5;0;7;5;0;0;0;277645;185143;3517;1015;224258;5235;1165;0;42
FR;5;2023-02-22;10;16;5;0;15;5;1;0;0;277655;185159;3522;1015;224273;5240;1166;0;42
FR;5;2023-02-23;5;5;2;0;5;2;0;0;0;277660;185164;3524;1015;224278;5242;1166;0;42
FR;5;2023-02-24;17;23;1;0;22;3;0;0;0;277677;185187;3525;1015;224300;5245;1166;0;42
FR;5;2023-02-25;11;9;0;0;10;0;0;0;0;277688;185196;3525;1015;224310;5245;1166;0;42
FR;5;2023-02-26;1;1;0;0;1;0;0;0;0;277689;185197;3525;1015;224311;5245;1166;0;42
FR;5;2023-02-27;7;5;2;0;5;2;0;0;0;277696;185202;3527;1015;224316;5247;1166;0;42
FR;5;2023-02-28;4;8;2;0;8;4;0;0;0;277700;185210;3529;1015;224324;5251;1166;0;42
FR;5;2023-03-01;12;25;1;0;23;3;1;0;0;277712;185235;3530;1015;224347;5254;1167;0;42
FR;5;2023-03-02;7;13;3;0;12;5;0;0;0;277719;185248;3533;1015;224359;5259;1167;0;42
FR;5;2023-03-03;11;4;3;0;8;3;1;0;0;277730;185252;3536;1015;224367;5262;1168;0;42
FR;5;2023-03-04;8;17;7;0;18;8;0;0;0;277738;185269;3543;1015;224385;5270;1168;0;42
FR;5;2023-03-05;3;3;0;0;3;0;0;0;0;277741;185272;3543;1015;224388;5270;1168;0;42
FR;5;2023-03-06;2;8;2;0;6;4;0;0;0;277743;185280;3545;1015;224394;5274;1168;0;42
FR;5;2023-03-07;2;9;4;0;9;4;0;0;0;277745;185289;3549;1015;224403;5278;1168;0;42
FR;5;2023-03-08;9;21;1;0;22;1;0;0;0;277754;185310;3550;1015;224425;5279;1168;0;42
FR;5;2023-03-09;1;6;0;0;5;1;0;0;0;277755;185316;3550;1015;224430;5280;1168;0;42
FR;5;2023-03-10;3;7;2;1;8;2;1;0;0;277758;185323;3552;1016;224438;5282;1169;0;42
FR;5;2023-03-11;5;2;0;0;4;0;0;0;0;277763;185325;3552;1016;224442;5282;1169;0;42
FR;5;2023-03-12;0;1;0;0;1;0;0;0;0;277763;185326;3552;1016;224443;5282;1169;0;42
FR;5;2023-03-13;2;2;0;0;4;0;0;0;0;277765;185328;3552;1016;224447;5282;1169;0;42
FR;5;2023-03-14;6;1;1;1;5;1;1;0;0;277771;185329;3553;1017;224452;5283;1170;0;42
FR;5;2023-03-15;7;8;2;0;12;3;0;0;0;277778;185337;3555;1017;224464;5286;1170;0;42
FR;5;2023-03-16;2;6;0;0;6;0;0;0;0;277780;185343;3555;1017;224470;5286;1170;0;42
FR;5;2023-03-17;14;15;3;0;13;4;1;0;0;277794;185358;3558;1017;224483;5290;1171;0;42
FR;5;2023-03-18;4;9;0;0;9;1;0;0;0;277798;185367;3558;1017;224492;5291;1171;0;42
FR;5;2023-03-19;0;0;0;0;0;0;0;0;0;277798;185367;3558;1017;224492;5291;1171;0;42
FR;5;2023-03-20;3;8;0;0;9;0;0;0;0;277801;185375;3558;1017;224501;5291;1171;0;42
FR;5;2023-03-21;3;8;2;2;8;2;2;0;0;277804;185383;3560;1019;224509;5293;1173;0;42
FR;5;2023-03-22;9;22;3;0;20;4;0;0;0;277813;185405;3563;1019;224529;5297;1173;0;42
FR;5;2023-03-23;2;5;1;0;5;1;0;0;0;277815;185410;3564;1019;224534;5298;1173;0;42
FR;5;2023-03-24;5;9;1;0;9;3;0;0;0;277820;185419;3565;1019;224543;5301;1173;0;42
FR;5;2023-03-25;3;8;2;0;8;2;0;0;0;277823;185427;3567;1019;224551;5303;1173;0;42
FR;5;2023-03-26;0;1;0;0;0;1;0;0;0;277823;185428;3567;1019;224551;5304;1173;0;42
FR;5;2023-03-27;3;0;1;0;1;1;0;0;0;277826;185428;3568;1019;224552;5305;1173;0;42
FR;5;2023-03-28;3;3;0;0;4;0;0;0;0;277829;185431;3568;1019;224556;5305;1173;0;42
FR;5;2023-03-29;7;16;4;0;16;6;0;0;0;277836;185447;3572;1019;224572;5311;1173;0;42
FR;5;2023-03-30;3;2;0;0;4;0;0;0;1;277839;185449;3572;1019;224576;5311;1173;0;43
FR;5;2023-03-31;3;7;2;1;7;2;1;0;0;277842;185456;3574;1020;224583;5313;1174;0;43
FR;5;2023-04-01;5;7;3;1;5;4;2;0;0;277847;185463;3577;1021;224588;5317;1176;0;43
FR;5;2023-04-02;0;1;0;0;1;0;0;0;0;277847;185464;3577;1021;224589;5317;1176;0;43
FR;5;2023-04-03;3;4;2;0;4;0;2;0;0;277850;185468;3579;1021;224593;5317;1178;0;43
FR;5;2023-04-04;1;3;0;0;3;0;0;0;0;277851;185471;3579;1021;224596;5317;1178;0;43
FR;5;2023-04-05;3;6;1;0;5;2;0;0;0;277854;185477;3580;1021;224601;5319;1178;0;43
FR;5;2023-04-06;3;3;0;0;3;0;0;0;0;277857;185480;3580;1021;224604;5319;1178;0;43
FR;5;2023-04-07;5;4;1;0;4;1;0;0;0;277862;185484;3581;1021;224608;5320;1178;0;43
FR;5;2023-04-08;6;10;1;0;10;1;0;0;0;277868;185494;3582;1021;224618;5321;1178;0;43
FR;5;2023-04-09;0;0;0;0;0;0;0;0;0;277868;185494;3582;1021;224618;5321;1178;0;43
FR;5;2023-04-10;0;0;0;0;0;0;0;0;0;277868;185494;3582;1021;224618;5321;1178;0;43
FR;5;2023-04-11;1;6;0;0;6;0;0;0;1;277869;185500;3582;1021;224624;5321;1178;0;44
FR;5;2023-04-12;4;9;1;0;9;1;0;0;0;277873;185509;3583;1021;224633;5322;1178;0;44
FR;5;2023-04-13;2;1;2;0;0;3;0;0;0;277875;185510;3585;1021;224633;5325;1178;0;44
FR;5;2023-04-14;5;5;2;0;8;2;0;0;0;277880;185515;3587;1021;224641;5327;1178;0;44
FR;5;2023-04-15;3;4;0;0;4;0;0;0;0;277883;185519;3587;1021;224645;5327;1178;0;44
FR;5;2023-04-16;1;0;0;0;0;0;0;0;0;277884;185519;3587;1021;224645;5327;1178;0;44
FR;5;2023-04-17;4;4;3;0;4;3;0;0;0;277888;185523;3590;1021;224649;5330;1178;0;44
FR;5;2023-04-18;3;2;0;0;2;0;0;0;0;277891;185525;3590;1021;224651;5330;1178;0;44
FR;5;2023-04-19;10;7;0;0;3;5;0;0;0;277901;185532;3590;1021;224654;5335;1178;0;44
FR;5;2023-04-20;5;2;0;0;2;0;0;0;0;277906;185534;3590;1021;224656;5335;1178;0;44
FR;5;2023-04-21;3;7;1;0;6;2;0;0;0;277909;185541;3591;1021;224662;5337;1178;0;44
FR;5;2023-04-22;4;5;1;0;5;1;0;0;0;277913;185546;3592;1021;224667;5338;1178;0;44
FR;5;2023-04-23;1;0;0;0;0;0;0;0;0;277914;185546;3592;1021;224667;5338;1178;0;44
FR;5;2023-04-24;3;5;2;0;5;2;0;0;0;277917;185551;3594;1021;224672;5340;1178;0;44
FR;6;2020-12-27;0;0;0;0;0;0;0;0;0;0;0;0;0;0;0;0;0;0
FR;6;2020-12-28;0;0;0;0;0;0;0;0;0;0;0;0;0;0;0;0;0;0
FR;6;2020-12-29;0;0;0;0;0;0;0;0;0;0;0;0;0;0;0;0;0;0
FR;6;2020-12-30;0;0;0;0;0;0;0;0;0;0;0;0;0;0;0;0;0;0
FR;6;2020-12-31;0;0;0;0;0;0;0;0;0;0;0;0;0;0;0;0;0;0
FR;6;2021-01-01;0;0;0;0;0;0;0;0;0;0;0;0;0;0;0;0;0;0
FR;6;2021-01-02;0;0;0;0;0;0;0;0;0;0;0;0;0;0;0;0;0;0
FR;6;2021-01-03;0;0;0;0;0;0;0;0;0;0;0;0;0;0;0;0;0;0
FR;6;2021-01-04;0;0;0;0;0;0;0;0;0;0;0;0;0;0;0;0;0;0
FR;6;2021-01-05;0;0;0;0;0;0;0;0;0;0;0;0;0;0;0;0;0;0
FR;6;2021-01-06;0;0;0;0;0;0;0;0;0;0;0;0;0;0;0;0;0;0
FR;6;2021-01-07;0;0;0;0;0;0;0;0;0;0;0;0;0;0;0;0;0;0
FR;6;2021-01-08;0;0;0;0;0;0;0;0;0;0;0;0;0;0;0;0;0;0
FR;6;2021-01-09;0;0;0;0;0;0;0;0;0;0;0;0;0;0;0;0;0;0
FR;6;2021-01-10;0;0;0;0;0;0;0;0;0;0;0;0;0;0;0;0;0;0
FR;6;2021-01-11;0;0;0;0;0;0;0;0;0;0;0;0;0;0;0;0;0;0
FR;6;2021-01-12;0;0;0;0;0;0;0;0;0;0;0;0;0;0;0;0;0;0
FR;6;2021-01-13;0;0;0;0;0;0;0;0;0;0;0;0;0;0;0;0;0;0
FR;6;2021-01-14;0;0;0;0;0;0;0;0;0;0;0;0;0;0;0;0;0;0
FR;6;2021-01-15;0;0;0;0;0;0;0;0;0;0;0;0;0;0;0;0;0;0
FR;6;2021-01-16;0;0;0;0;0;0;0;0;0;0;0;0;0;0;0;0;0;0
FR;6;2021-01-17;0;0;0;0;0;0;0;0;0;0;0;0;0;0;0;0;0;0
FR;6;2021-01-18;0;0;0;0;0;0;0;0;0;0;0;0;0;0;0;0;0;0
FR;6;2021-01-19;0;0;0;0;0;0;0;0;0;0;0;0;0;0;0;0;0;0
FR;6;2021-01-20;0;0;0;0;0;0;0;0;0;0;0;0;0;0;0;0;0;0
FR;6;2021-01-21;0;0;0;0;0;0;0;0;0;0;0;0;0;0;0;0;0;0
FR;6;2021-01-22;0;0;0;0;0;0;0;0;0;0;0;0;0;0;0;0;0;0
FR;6;2021-01-23;0;0;0;0;0;0;0;0;0;0;0;0;0;0;0;0;0;0
FR;6;2021-01-24;0;0;0;0;0;0;0;0;0;0;0;0;0;0;0;0;0;0
FR;6;2021-01-25;0;0;0;0;0;0;0;0;0;0;0;0;0;0;0;0;0;0
FR;6;2021-01-26;0;0;0;0;0;0;0;0;0;0;0;0;0;0;0;0;0;0
FR;6;2021-01-27;0;0;0;0;0;0;0;0;0;0;0;0;0;0;0;0;0;0
FR;6;2021-01-28;0;0;0;0;0;0;0;0;0;0;0;0;0;0;0;0;0;0
FR;6;2021-01-29;0;0;0;0;0;0;0;0;0;0;0;0;0;0;0;0;0;0
FR;6;2021-01-30;0;0;0;0;0;0;0;0;0;0;0;0;0;0;0;0;0;0
FR;6;2021-01-31;0;0;0;0;0;0;0;0;0;0;0;0;0;0;0;0;0;0
FR;6;2021-02-01;0;0;0;0;0;0;0;0;0;0;0;0;0;0;0;0;0;0
FR;6;2021-02-02;0;0;0;0;0;0;0;0;0;0;0;0;0;0;0;0;0;0
FR;6;2021-02-03;0;0;0;0;0;0;0;0;0;0;0;0;0;0;0;0;0;0
FR;6;2021-02-04;0;0;0;0;0;0;0;0;0;0;0;0;0;0;0;0;0;0
FR;6;2021-02-05;0;0;0;0;0;0;0;0;0;0;0;0;0;0;0;0;0;0
FR;6;2021-02-06;0;0;0;0;0;0;0;0;0;0;0;0;0;0;0;0;0;0
FR;6;2021-02-07;0;0;0;0;0;0;0;0;0;0;0;0;0;0;0;0;0;0
FR;6;2021-02-08;0;0;0;0;0;0;0;0;0;0;0;0;0;0;0;0;0;0
FR;6;2021-02-09;0;0;0;0;0;0;0;0;0;0;0;0;0;0;0;0;0;0
FR;6;2021-02-10;0;0;0;0;0;0;0;0;0;0;0;0;0;0;0;0;0;0
FR;6;2021-02-11;0;0;0;0;0;0;0;0;0;0;0;0;0;0;0;0;0;0
FR;6;2021-02-12;0;0;0;0;0;0;0;0;0;0;0;0;0;0;0;0;0;0
FR;6;2021-02-13;0;0;0;0;0;0;0;0;0;0;0;0;0;0;0;0;0;0
FR;6;2021-02-14;0;0;0;0;0;0;0;0;0;0;0;0;0;0;0;0;0;0
FR;6;2021-02-15;0;0;0;0;0;0;0;0;0;0;0;0;0;0;0;0;0;0
FR;6;2021-02-16;0;0;0;0;0;0;0;0;0;0;0;0;0;0;0;0;0;0
FR;6;2021-02-17;0;0;0;0;0;0;0;0;0;0;0;0;0;0;0;0;0;0
FR;6;2021-02-18;0;0;0;0;0;0;0;0;0;0;0;0;0;0;0;0;0;0
FR;6;2021-02-19;0;0;0;0;0;0;0;0;0;0;0;0;0;0;0;0;0;0
FR;6;2021-02-20;0;0;0;0;0;0;0;0;0;0;0;0;0;0;0;0;0;0
FR;6;2021-02-21;0;0;0;0;0;0;0;0;0;0;0;0;0;0;0;0;0;0
FR;6;2021-02-22;0;0;0;0;0;0;0;0;0;0;0;0;0;0;0;0;0;0
FR;6;2021-02-23;0;0;0;0;0;0;0;0;0;0;0;0;0;0;0;0;0;0
FR;6;2021-02-24;0;0;0;0;0;0;0;0;0;0;0;0;0;0;0;0;0;0
FR;6;2021-02-25;0;0;0;0;0;0;0;0;0;0;0;0;0;0;0;0;0;0
FR;6;2021-02-26;0;0;0;0;0;0;0;0;0;0;0;0;0;0;0;0;0;0
FR;6;2021-02-27;0;0;0;0;0;0;0;0;0;0;0;0;0;0;0;0;0;0
FR;6;2021-02-28;0;0;0;0;0;0;0;0;0;0;0;0;0;0;0;0;0;0
FR;6;2021-03-01;0;0;0;0;0;0;0;0;0;0;0;0;0;0;0;0;0;0
FR;6;2021-03-02;0;0;0;0;0;0;0;0;0;0;0;0;0;0;0;0;0;0
FR;6;2021-03-03;0;0;0;0;0;0;0;0;0;0;0;0;0;0;0;0;0;0
FR;6;2021-03-04;0;0;0;0;0;0;0;0;0;0;0;0;0;0;0;0;0;0
FR;6;2021-03-05;0;0;0;0;0;0;0;0;0;0;0;0;0;0;0;0;0;0
FR;6;2021-03-06;0;0;0;0;0;0;0;0;0;0;0;0;0;0;0;0;0;0
FR;6;2021-03-07;0;0;0;0;0;0;0;0;0;0;0;0;0;0;0;0;0;0
FR;6;2021-03-08;0;0;0;0;0;0;0;0;0;0;0;0;0;0;0;0;0;0
FR;6;2021-03-09;0;0;0;0;0;0;0;0;0;0;0;0;0;0;0;0;0;0
FR;6;2021-03-10;0;0;0;0;0;0;0;0;0;0;0;0;0;0;0;0;0;0
FR;6;2021-03-11;0;0;0;0;0;0;0;0;0;0;0;0;0;0;0;0;0;0
FR;6;2021-03-12;0;0;0;0;0;0;0;0;0;0;0;0;0;0;0;0;0;0
FR;6;2021-03-13;0;0;0;0;0;0;0;0;0;0;0;0;0;0;0;0;0;0
FR;6;2021-03-14;0;0;0;0;0;0;0;0;0;0;0;0;0;0;0;0;0;0
FR;6;2021-03-15;0;0;0;0;0;0;0;0;0;0;0;0;0;0;0;0;0;0
FR;6;2021-03-16;0;0;0;0;0;0;0;0;0;0;0;0;0;0;0;0;0;0
FR;6;2021-03-17;0;0;0;0;0;0;0;0;0;0;0;0;0;0;0;0;0;0
FR;6;2021-03-18;0;0;0;0;0;0;0;0;0;0;0;0;0;0;0;0;0;0
FR;6;2021-03-19;0;0;0;0;0;0;0;0;0;0;0;0;0;0;0;0;0;0
FR;6;2021-03-20;0;0;0;0;0;0;0;0;0;0;0;0;0;0;0;0;0;0
FR;6;2021-03-21;0;0;0;0;0;0;0;0;0;0;0;0;0;0;0;0;0;0
FR;6;2021-03-22;0;0;0;0;0;0;0;0;0;0;0;0;0;0;0;0;0;0
FR;6;2021-03-23;0;0;0;0;0;0;0;0;0;0;0;0;0;0;0;0;0;0
FR;6;2021-03-24;0;0;0;0;0;0;0;0;0;0;0;0;0;0;0;0;0;0
FR;6;2021-03-25;0;0;0;0;0;0;0;0;0;0;0;0;0;0;0;0;0;0
FR;6;2021-03-26;0;0;0;0;0;0;0;0;0;0;0;0;0;0;0;0;0;0
FR;6;2021-03-27;0;0;0;0;0;0;0;0;0;0;0;0;0;0;0;0;0;0
FR;6;2021-03-28;0;0;0;0;0;0;0;0;0;0;0;0;0;0;0;0;0;0
FR;6;2021-03-29;0;0;0;0;0;0;0;0;0;0;0;0;0;0;0;0;0;0
FR;6;2021-03-30;0;0;0;0;0;0;0;0;0;0;0;0;0;0;0;0;0;0
FR;6;2021-03-31;0;0;0;0;0;0;0;0;0;0;0;0;0;0;0;0;0;0
FR;6;2021-04-01;0;0;0;0;0;0;0;0;0;0;0;0;0;0;0;0;0;0
FR;6;2021-04-02;0;0;0;0;0;0;0;0;0;0;0;0;0;0;0;0;0;0
FR;6;2021-04-03;0;0;0;0;0;0;0;0;0;0;0;0;0;0;0;0;0;0
FR;6;2021-04-04;0;0;0;0;0;0;0;0;0;0;0;0;0;0;0;0;0;0
FR;6;2021-04-05;0;0;0;0;0;0;0;0;0;0;0;0;0;0;0;0;0;0
FR;6;2021-04-06;0;0;0;0;0;0;0;0;0;0;0;0;0;0;0;0;0;0
FR;6;2021-04-07;0;0;0;0;0;0;0;0;0;0;0;0;0;0;0;0;0;0
FR;6;2021-04-08;0;0;0;0;0;0;0;0;0;0;0;0;0;0;0;0;0;0
FR;6;2021-04-09;0;0;0;0;0;0;0;0;0;0;0;0;0;0;0;0;0;0
FR;6;2021-04-10;0;0;0;0;0;0;0;0;0;0;0;0;0;0;0;0;0;0
FR;6;2021-04-11;0;0;0;0;0;0;0;0;0;0;0;0;0;0;0;0;0;0
FR;6;2021-04-12;0;0;0;0;0;0;0;0;0;0;0;0;0;0;0;0;0;0
FR;6;2021-04-13;0;0;0;0;0;0;0;0;0;0;0;0;0;0;0;0;0;0
FR;6;2021-04-14;0;0;0;0;0;0;0;0;0;0;0;0;0;0;0;0;0;0
FR;6;2021-04-15;0;0;0;0;0;0;0;0;0;0;0;0;0;0;0;0;0;0
FR;6;2021-04-16;0;0;0;0;0;0;0;0;0;0;0;0;0;0;0;0;0;0
FR;6;2021-04-17;0;0;0;0;0;0;0;0;0;0;0;0;0;0;0;0;0;0
FR;6;2021-04-18;0;0;0;0;0;0;0;0;0;0;0;0;0;0;0;0;0;0
FR;6;2021-04-19;0;0;0;0;0;0;0;0;0;0;0;0;0;0;0;0;0;0
FR;6;2021-04-20;0;0;0;0;0;0;0;0;0;0;0;0;0;0;0;0;0;0
FR;6;2021-04-21;0;0;0;0;0;0;0;0;0;0;0;0;0;0;0;0;0;0
FR;6;2021-04-22;0;0;0;0;0;0;0;0;0;0;0;0;0;0;0;0;0;0
FR;6;2021-04-23;0;0;0;0;0;0;0;0;0;0;0;0;0;0;0;0;0;0
FR;6;2021-04-24;0;0;0;0;0;0;0;0;0;0;0;0;0;0;0;0;0;0
FR;6;2021-04-25;0;0;0;0;0;0;0;0;0;0;0;0;0;0;0;0;0;0
FR;6;2021-04-26;0;0;0;0;0;0;0;0;0;0;0;0;0;0;0;0;0;0
FR;6;2021-04-27;0;0;0;0;0;0;0;0;0;0;0;0;0;0;0;0;0;0
FR;6;2021-04-28;0;0;0;0;0;0;0;0;0;0;0;0;0;0;0;0;0;0
FR;6;2021-04-29;0;0;0;0;0;0;0;0;0;0;0;0;0;0;0;0;0;0
FR;6;2021-04-30;0;0;0;0;0;0;0;0;0;0;0;0;0;0;0;0;0;0
FR;6;2021-05-01;0;0;0;0;0;0;0;0;0;0;0;0;0;0;0;0;0;0
FR;6;2021-05-02;0;0;0;0;0;0;0;0;0;0;0;0;0;0;0;0;0;0
FR;6;2021-05-03;0;0;0;0;0;0;0;0;0;0;0;0;0;0;0;0;0;0
FR;6;2021-05-04;0;0;0;0;0;0;0;0;0;0;0;0;0;0;0;0;0;0
FR;6;2021-05-05;0;0;0;0;0;0;0;0;0;0;0;0;0;0;0;0;0;0
FR;6;2021-05-06;0;0;0;0;0;0;0;0;0;0;0;0;0;0;0;0;0;0
FR;6;2021-05-07;0;0;0;0;0;0;0;0;0;0;0;0;0;0;0;0;0;0
FR;6;2021-05-08;0;0;0;0;0;0;0;0;0;0;0;0;0;0;0;0;0;0
FR;6;2021-05-09;0;0;0;0;0;0;0;0;0;0;0;0;0;0;0;0;0;0
FR;6;2021-05-10;0;0;0;0;0;0;0;0;0;0;0;0;0;0;0;0;0;0
FR;6;2021-05-11;0;0;0;0;0;0;0;0;0;0;0;0;0;0;0;0;0;0
FR;6;2021-05-12;0;0;0;0;0;0;0;0;0;0;0;0;0;0;0;0;0;0
FR;6;2021-05-13;0;0;0;0;0;0;0;0;0;0;0;0;0;0;0;0;0;0
FR;6;2021-05-14;0;0;0;0;0;0;0;0;0;0;0;0;0;0;0;0;0;0
FR;6;2021-05-15;0;0;0;0;0;0;0;0;0;0;0;0;0;0;0;0;0;0
FR;6;2021-05-16;0;0;0;0;0;0;0;0;0;0;0;0;0;0;0;0;0;0
FR;6;2021-05-17;0;0;0;0;0;0;0;0;0;0;0;0;0;0;0;0;0;0
FR;6;2021-05-18;0;0;0;0;0;0;0;0;0;0;0;0;0;0;0;0;0;0
FR;6;2021-05-19;0;0;0;0;0;0;0;0;0;0;0;0;0;0;0;0;0;0
FR;6;2021-05-20;0;0;0;0;0;0;0;0;0;0;0;0;0;0;0;0;0;0
FR;6;2021-05-21;0;0;0;0;0;0;0;0;0;0;0;0;0;0;0;0;0;0
FR;6;2021-05-22;0;0;0;0;0;0;0;0;0;0;0;0;0;0;0;0;0;0
FR;6;2021-05-23;0;0;0;0;0;0;0;0;0;0;0;0;0;0;0;0;0;0
FR;6;2021-05-24;0;0;0;0;0;0;0;0;0;0;0;0;0;0;0;0;0;0
FR;6;2021-05-25;0;0;0;0;0;0;0;0;0;0;0;0;0;0;0;0;0;0
FR;6;2021-05-26;0;0;0;0;0;0;0;0;0;0;0;0;0;0;0;0;0;0
FR;6;2021-05-27;0;0;0;0;0;0;0;0;0;0;0;0;0;0;0;0;0;0
FR;6;2021-05-28;0;0;0;0;0;0;0;0;0;0;0;0;0;0;0;0;0;0
FR;6;2021-05-29;0;0;0;0;0;0;0;0;0;0;0;0;0;0;0;0;0;0
FR;6;2021-05-30;0;0;0;0;0;0;0;0;0;0;0;0;0;0;0;0;0;0
FR;6;2021-05-31;0;0;0;0;0;0;0;0;0;0;0;0;0;0;0;0;0;0
FR;6;2021-06-01;0;0;0;0;0;0;0;0;0;0;0;0;0;0;0;0;0;0
FR;6;2021-06-02;0;0;0;0;0;0;0;0;0;0;0;0;0;0;0;0;0;0
FR;6;2021-06-03;0;0;0;0;0;0;0;0;0;0;0;0;0;0;0;0;0;0
FR;6;2021-06-04;0;0;0;0;0;0;0;0;0;0;0;0;0;0;0;0;0;0
FR;6;2021-06-05;0;0;0;0;0;0;0;0;0;0;0;0;0;0;0;0;0;0
FR;6;2021-06-06;0;0;0;0;0;0;0;0;0;0;0;0;0;0;0;0;0;0
FR;6;2021-06-07;0;0;0;0;0;0;0;0;0;0;0;0;0;0;0;0;0;0
FR;6;2021-06-08;0;0;0;0;0;0;0;0;0;0;0;0;0;0;0;0;0;0
FR;6;2021-06-09;0;0;0;0;0;0;0;0;0;0;0;0;0;0;0;0;0;0
FR;6;2021-06-10;0;0;0;0;0;0;0;0;0;0;0;0;0;0;0;0;0;0
FR;6;2021-06-11;0;0;0;0;0;0;0;0;0;0;0;0;0;0;0;0;0;0
FR;6;2021-06-12;0;0;0;0;0;0;0;0;0;0;0;0;0;0;0;0;0;0
FR;6;2021-06-13;0;0;0;0;0;0;0;0;0;0;0;0;0;0;0;0;0;0
FR;6;2021-06-14;0;0;0;0;0;0;0;0;0;0;0;0;0;0;0;0;0;0
FR;6;2021-06-15;0;0;0;0;0;0;0;0;0;0;0;0;0;0;0;0;0;0
FR;6;2021-06-16;0;0;0;0;0;0;0;0;0;0;0;0;0;0;0;0;0;0
FR;6;2021-06-17;0;0;0;0;0;0;0;0;0;0;0;0;0;0;0;0;0;0
FR;6;2021-06-18;0;0;0;0;0;0;0;0;0;0;0;0;0;0;0;0;0;0
FR;6;2021-06-19;0;0;0;0;0;0;0;0;0;0;0;0;0;0;0;0;0;0
FR;6;2021-06-20;0;0;0;0;0;0;0;0;0;0;0;0;0;0;0;0;0;0
FR;6;2021-06-21;0;0;0;0;0;0;0;0;0;0;0;0;0;0;0;0;0;0
FR;6;2021-06-22;0;0;0;0;0;0;0;0;0;0;0;0;0;0;0;0;0;0
FR;6;2021-06-23;0;0;0;0;0;0;0;0;0;0;0;0;0;0;0;0;0;0
FR;6;2021-06-24;0;0;0;0;0;0;0;0;0;0;0;0;0;0;0;0;0;0
FR;6;2021-06-25;0;0;0;0;0;0;0;0;0;0;0;0;0;0;0;0;0;0
FR;6;2021-06-26;0;0;0;0;0;0;0;0;0;0;0;0;0;0;0;0;0;0
FR;6;2021-06-27;0;0;0;0;0;0;0;0;0;0;0;0;0;0;0;0;0;0
FR;6;2021-06-28;0;0;0;0;0;0;0;0;0;0;0;0;0;0;0;0;0;0
FR;6;2021-06-29;0;0;0;0;0;0;0;0;0;0;0;0;0;0;0;0;0;0
FR;6;2021-06-30;0;0;0;0;0;0;0;0;0;0;0;0;0;0;0;0;0;0
FR;6;2021-07-01;0;0;0;0;0;0;0;0;0;0;0;0;0;0;0;0;0;0
FR;6;2021-07-02;0;0;0;0;0;0;0;0;0;0;0;0;0;0;0;0;0;0
FR;6;2021-07-03;0;0;0;0;0;0;0;0;0;0;0;0;0;0;0;0;0;0
FR;6;2021-07-04;0;0;0;0;0;0;0;0;0;0;0;0;0;0;0;0;0;0
FR;6;2021-07-05;0;0;0;0;0;0;0;0;0;0;0;0;0;0;0;0;0;0
FR;6;2021-07-06;0;0;0;0;0;0;0;0;0;0;0;0;0;0;0;0;0;0
FR;6;2021-07-07;0;0;0;0;0;0;0;0;0;0;0;0;0;0;0;0;0;0
FR;6;2021-07-08;0;0;0;0;0;0;0;0;0;0;0;0;0;0;0;0;0;0
FR;6;2021-07-09;0;0;0;0;0;0;0;0;0;0;0;0;0;0;0;0;0;0
FR;6;2021-07-10;0;0;0;0;0;0;0;0;0;0;0;0;0;0;0;0;0;0
FR;6;2021-07-11;0;0;0;0;0;0;0;0;0;0;0;0;0;0;0;0;0;0
FR;6;2021-07-12;0;0;0;0;0;0;0;0;0;0;0;0;0;0;0;0;0;0
FR;6;2021-07-13;0;0;0;0;0;0;0;0;0;0;0;0;0;0;0;0;0;0
FR;6;2021-07-14;0;0;0;0;0;0;0;0;0;0;0;0;0;0;0;0;0;0
FR;6;2021-07-15;0;0;0;0;0;0;0;0;0;0;0;0;0;0;0;0;0;0
FR;6;2021-07-16;0;0;0;0;0;0;0;0;0;0;0;0;0;0;0;0;0;0
FR;6;2021-07-17;0;0;0;0;0;0;0;0;0;0;0;0;0;0;0;0;0;0
FR;6;2021-07-18;0;0;0;0;0;0;0;0;0;0;0;0;0;0;0;0;0;0
FR;6;2021-07-19;0;0;0;0;0;0;0;0;0;0;0;0;0;0;0;0;0;0
FR;6;2021-07-20;0;0;0;0;0;0;0;0;0;0;0;0;0;0;0;0;0;0
FR;6;2021-07-21;0;0;0;0;0;0;0;0;0;0;0;0;0;0;0;0;0;0
FR;6;2021-07-22;0;0;0;0;0;0;0;0;0;0;0;0;0;0;0;0;0;0
FR;6;2021-07-23;0;0;0;0;0;0;0;0;0;0;0;0;0;0;0;0;0;0
FR;6;2021-07-24;0;0;0;0;0;0;0;0;0;0;0;0;0;0;0;0;0;0
FR;6;2021-07-25;0;0;0;0;0;0;0;0;0;0;0;0;0;0;0;0;0;0
FR;6;2021-07-26;0;0;0;0;0;0;0;0;0;0;0;0;0;0;0;0;0;0
FR;6;2021-07-27;0;0;0;0;0;0;0;0;0;0;0;0;0;0;0;0;0;0
FR;6;2021-07-28;0;0;0;0;0;0;0;0;0;0;0;0;0;0;0;0;0;0
FR;6;2021-07-29;0;0;0;0;0;0;0;0;0;0;0;0;0;0;0;0;0;0
FR;6;2021-07-30;0;0;0;0;0;0;0;0;0;0;0;0;0;0;0;0;0;0
FR;6;2021-07-31;0;0;0;0;0;0;0;0;0;0;0;0;0;0;0;0;0;0
FR;6;2021-08-01;0;0;0;0;0;0;0;0;0;0;0;0;0;0;0;0;0;0
FR;6;2021-08-02;0;0;0;0;0;0;0;0;0;0;0;0;0;0;0;0;0;0
FR;6;2021-08-03;0;0;0;0;0;0;0;0;0;0;0;0;0;0;0;0;0;0
FR;6;2021-08-04;0;0;0;0;0;0;0;0;0;0;0;0;0;0;0;0;0;0
FR;6;2021-08-05;0;0;0;0;0;0;0;0;0;0;0;0;0;0;0;0;0;0
FR;6;2021-08-06;0;0;0;0;0;0;0;0;0;0;0;0;0;0;0;0;0;0
FR;6;2021-08-07;0;0;0;0;0;0;0;0;0;0;0;0;0;0;0;0;0;0
FR;6;2021-08-08;0;0;0;0;0;0;0;0;0;0;0;0;0;0;0;0;0;0
FR;6;2021-08-09;0;0;0;0;0;0;0;0;0;0;0;0;0;0;0;0;0;0
FR;6;2021-08-10;0;0;0;0;0;0;0;0;0;0;0;0;0;0;0;0;0;0
FR;6;2021-08-11;0;0;0;0;0;0;0;0;0;0;0;0;0;0;0;0;0;0
FR;6;2021-08-12;0;0;0;0;0;0;0;0;0;0;0;0;0;0;0;0;0;0
FR;6;2021-08-13;0;0;0;0;0;0;0;0;0;0;0;0;0;0;0;0;0;0
FR;6;2021-08-14;0;0;0;0;0;0;0;0;0;0;0;0;0;0;0;0;0;0
FR;6;2021-08-15;0;0;0;0;0;0;0;0;0;0;0;0;0;0;0;0;0;0
FR;6;2021-08-16;0;0;0;0;0;0;0;0;0;0;0;0;0;0;0;0;0;0
FR;6;2021-08-17;0;0;0;0;0;0;0;0;0;0;0;0;0;0;0;0;0;0
FR;6;2021-08-18;0;0;0;0;0;0;0;0;0;0;0;0;0;0;0;0;0;0
FR;6;2021-08-19;0;0;0;0;0;0;0;0;0;0;0;0;0;0;0;0;0;0
FR;6;2021-08-20;0;0;0;0;0;0;0;0;0;0;0;0;0;0;0;0;0;0
FR;6;2021-08-21;0;0;0;0;0;0;0;0;0;0;0;0;0;0;0;0;0;0
FR;6;2021-08-22;0;0;0;0;0;0;0;0;0;0;0;0;0;0;0;0;0;0
FR;6;2021-08-23;0;0;0;0;0;0;0;0;0;0;0;0;0;0;0;0;0;0
FR;6;2021-08-24;0;0;0;0;0;0;0;0;0;0;0;0;0;0;0;0;0;0
FR;6;2021-08-25;0;0;0;0;0;0;0;0;0;0;0;0;0;0;0;0;0;0
FR;6;2021-08-26;0;0;0;0;0;0;0;0;0;0;0;0;0;0;0;0;0;0
FR;6;2021-08-27;0;0;0;0;0;0;0;0;0;0;0;0;0;0;0;0;0;0
FR;6;2021-08-28;0;0;0;0;0;0;0;0;0;0;0;0;0;0;0;0;0;0
FR;6;2021-08-29;0;0;0;0;0;0;0;0;0;0;0;0;0;0;0;0;0;0
FR;6;2021-08-30;0;0;0;0;0;0;0;0;0;0;0;0;0;0;0;0;0;0
FR;6;2021-08-31;0;0;0;0;0;0;0;0;0;0;0;0;0;0;0;0;0;0
FR;6;2021-09-01;0;0;0;0;0;0;0;0;0;0;0;0;0;0;0;0;0;0
FR;6;2021-09-02;0;0;0;0;0;0;0;0;0;0;0;0;0;0;0;0;0;0
FR;6;2021-09-03;0;0;0;0;0;0;0;0;0;0;0;0;0;0;0;0;0;0
FR;6;2021-09-04;0;0;0;0;0;0;0;0;0;0;0;0;0;0;0;0;0;0
FR;6;2021-09-05;0;0;0;0;0;0;0;0;0;0;0;0;0;0;0;0;0;0
FR;6;2021-09-06;0;0;0;0;0;0;0;0;0;0;0;0;0;0;0;0;0;0
FR;6;2021-09-07;0;0;0;0;0;0;0;0;0;0;0;0;0;0;0;0;0;0
FR;6;2021-09-08;0;0;0;0;0;0;0;0;0;0;0;0;0;0;0;0;0;0
FR;6;2021-09-09;0;0;0;0;0;0;0;0;0;0;0;0;0;0;0;0;0;0
FR;6;2021-09-10;0;0;0;0;0;0;0;0;0;0;0;0;0;0;0;0;0;0
FR;6;2021-09-11;0;0;0;0;0;0;0;0;0;0;0;0;0;0;0;0;0;0
FR;6;2021-09-12;0;0;0;0;0;0;0;0;0;0;0;0;0;0;0;0;0;0
FR;6;2021-09-13;0;0;0;0;0;0;0;0;0;0;0;0;0;0;0;0;0;0
FR;6;2021-09-14;0;0;0;0;0;0;0;0;0;0;0;0;0;0;0;0;0;0
FR;6;2021-09-15;0;0;0;0;0;0;0;0;0;0;0;0;0;0;0;0;0;0
FR;6;2021-09-16;0;0;0;0;0;0;0;0;0;0;0;0;0;0;0;0;0;0
FR;6;2021-09-17;0;0;0;0;0;0;0;0;0;0;0;0;0;0;0;0;0;0
FR;6;2021-09-18;0;0;0;0;0;0;0;0;0;0;0;0;0;0;0;0;0;0
FR;6;2021-09-19;0;0;0;0;0;0;0;0;0;0;0;0;0;0;0;0;0;0
FR;6;2021-09-20;0;0;0;0;0;0;0;0;0;0;0;0;0;0;0;0;0;0
FR;6;2021-09-21;0;0;0;0;0;0;0;0;0;0;0;0;0;0;0;0;0;0
FR;6;2021-09-22;0;0;0;0;0;0;0;0;0;0;0;0;0;0;0;0;0;0
FR;6;2021-09-23;0;0;0;0;0;0;0;0;0;0;0;0;0;0;0;0;0;0
FR;6;2021-09-24;0;0;0;0;0;0;0;0;0;0;0;0;0;0;0;0;0;0
FR;6;2021-09-25;0;0;0;0;0;0;0;0;0;0;0;0;0;0;0;0;0;0
FR;6;2021-09-26;0;0;0;0;0;0;0;0;0;0;0;0;0;0;0;0;0;0
FR;6;2021-09-27;0;0;0;0;0;0;0;0;0;0;0;0;0;0;0;0;0;0
FR;6;2021-09-28;0;0;0;0;0;0;0;0;0;0;0;0;0;0;0;0;0;0
FR;6;2021-09-29;0;0;0;0;0;0;0;0;0;0;0;0;0;0;0;0;0;0
FR;6;2021-09-30;0;0;0;0;0;0;0;0;0;0;0;0;0;0;0;0;0;0
FR;6;2021-10-01;0;0;0;0;0;0;0;0;0;0;0;0;0;0;0;0;0;0
FR;6;2021-10-02;0;0;0;0;0;0;0;0;0;0;0;0;0;0;0;0;0;0
FR;6;2021-10-03;0;0;0;0;0;0;0;0;0;0;0;0;0;0;0;0;0;0
FR;6;2021-10-04;0;0;0;0;0;0;0;0;0;0;0;0;0;0;0;0;0;0
FR;6;2021-10-05;0;0;0;0;0;0;0;0;0;0;0;0;0;0;0;0;0;0
FR;6;2021-10-06;0;0;0;0;0;0;0;0;0;0;0;0;0;0;0;0;0;0
FR;6;2021-10-07;0;0;0;0;0;0;0;0;0;0;0;0;0;0;0;0;0;0
FR;6;2021-10-08;0;0;0;0;0;0;0;0;0;0;0;0;0;0;0;0;0;0
FR;6;2021-10-09;0;0;0;0;0;0;0;0;0;0;0;0;0;0;0;0;0;0
FR;6;2021-10-10;0;0;0;0;0;0;0;0;0;0;0;0;0;0;0;0;0;0
FR;6;2021-10-11;0;0;0;0;0;0;0;0;0;0;0;0;0;0;0;0;0;0
FR;6;2021-10-12;0;0;0;0;0;0;0;0;0;0;0;0;0;0;0;0;0;0
FR;6;2021-10-13;0;0;0;0;0;0;0;0;0;0;0;0;0;0;0;0;0;0
FR;6;2021-10-14;0;0;0;0;0;0;0;0;0;0;0;0;0;0;0;0;0;0
FR;6;2021-10-15;0;0;0;0;0;0;0;0;0;0;0;0;0;0;0;0;0;0
FR;6;2021-10-16;0;0;0;0;0;0;0;0;0;0;0;0;0;0;0;0;0;0
FR;6;2021-10-17;0;0;0;0;0;0;0;0;0;0;0;0;0;0;0;0;0;0
FR;6;2021-10-18;0;0;0;0;0;0;0;0;0;0;0;0;0;0;0;0;0;0
FR;6;2021-10-19;0;0;0;0;0;0;0;0;0;0;0;0;0;0;0;0;0;0
FR;6;2021-10-20;0;0;0;0;0;0;0;0;0;0;0;0;0;0;0;0;0;0
FR;6;2021-10-21;0;0;0;0;0;0;0;0;0;0;0;0;0;0;0;0;0;0
FR;6;2021-10-22;0;0;0;0;0;0;0;0;0;0;0;0;0;0;0;0;0;0
FR;6;2021-10-23;0;0;0;0;0;0;0;0;0;0;0;0;0;0;0;0;0;0
FR;6;2021-10-24;0;0;0;0;0;0;0;0;0;0;0;0;0;0;0;0;0;0
FR;6;2021-10-25;0;0;0;0;0;0;0;0;0;0;0;0;0;0;0;0;0;0
FR;6;2021-10-26;0;0;0;0;0;0;0;0;0;0;0;0;0;0;0;0;0;0
FR;6;2021-10-27;0;0;0;0;0;0;0;0;0;0;0;0;0;0;0;0;0;0
FR;6;2021-10-28;0;0;0;0;0;0;0;0;0;0;0;0;0;0;0;0;0;0
FR;6;2021-10-29;0;0;0;0;0;0;0;0;0;0;0;0;0;0;0;0;0;0
FR;6;2021-10-30;0;0;0;0;0;0;0;0;0;0;0;0;0;0;0;0;0;0
FR;6;2021-10-31;0;0;0;0;0;0;0;0;0;0;0;0;0;0;0;0;0;0
FR;6;2021-11-01;0;0;0;0;0;0;0;0;0;0;0;0;0;0;0;0;0;0
FR;6;2021-11-02;0;0;0;0;0;0;0;0;0;0;0;0;0;0;0;0;0;0
FR;6;2021-11-03;0;0;0;0;0;0;0;0;0;0;0;0;0;0;0;0;0;0
FR;6;2021-11-04;0;0;0;0;0;0;0;0;0;0;0;0;0;0;0;0;0;0
FR;6;2021-11-05;0;0;0;0;0;0;0;0;0;0;0;0;0;0;0;0;0;0
FR;6;2021-11-06;0;0;0;0;0;0;0;0;0;0;0;0;0;0;0;0;0;0
FR;6;2021-11-07;0;0;0;0;0;0;0;0;0;0;0;0;0;0;0;0;0;0
FR;6;2021-11-08;0;0;0;0;0;0;0;0;0;0;0;0;0;0;0;0;0;0
FR;6;2021-11-09;0;0;0;0;0;0;0;0;0;0;0;0;0;0;0;0;0;0
FR;6;2021-11-10;0;0;0;0;0;0;0;0;0;0;0;0;0;0;0;0;0;0
FR;6;2021-11-11;0;0;0;0;0;0;0;0;0;0;0;0;0;0;0;0;0;0
FR;6;2021-11-12;0;0;0;0;0;0;0;0;0;0;0;0;0;0;0;0;0;0
FR;6;2021-11-13;0;0;0;0;0;0;0;0;0;0;0;0;0;0;0;0;0;0
FR;6;2021-11-14;0;0;0;0;0;0;0;0;0;0;0;0;0;0;0;0;0;0
FR;6;2021-11-15;0;0;0;0;0;0;0;0;0;0;0;0;0;0;0;0;0;0
FR;6;2021-11-16;0;0;0;0;0;0;0;0;0;0;0;0;0;0;0;0;0;0
FR;6;2021-11-17;0;0;0;0;0;0;0;0;0;0;0;0;0;0;0;0;0;0
FR;6;2021-11-18;0;0;0;0;0;0;0;0;0;0;0;0;0;0;0;0;0;0
FR;6;2021-11-19;0;0;0;0;0;0;0;0;0;0;0;0;0;0;0;0;0;0
FR;6;2021-11-20;0;0;0;0;0;0;0;0;0;0;0;0;0;0;0;0;0;0
FR;6;2021-11-21;0;0;0;0;0;0;0;0;0;0;0;0;0;0;0;0;0;0
FR;6;2021-11-22;0;0;0;0;0;0;0;0;0;0;0;0;0;0;0;0;0;0
FR;6;2021-11-23;0;0;0;0;0;0;0;0;0;0;0;0;0;0;0;0;0;0
FR;6;2021-11-24;0;0;0;0;0;0;0;0;0;0;0;0;0;0;0;0;0;0
FR;6;2021-11-25;0;0;0;0;0;0;0;0;0;0;0;0;0;0;0;0;0;0
FR;6;2021-11-26;0;0;0;0;0;0;0;0;0;0;0;0;0;0;0;0;0;0
FR;6;2021-11-27;0;0;0;0;0;0;0;0;0;0;0;0;0;0;0;0;0;0
FR;6;2021-11-28;0;0;0;0;0;0;0;0;0;0;0;0;0;0;0;0;0;0
FR;6;2021-11-29;0;0;0;0;0;0;0;0;0;0;0;0;0;0;0;0;0;0
FR;6;2021-11-30;0;0;0;0;0;0;0;0;0;0;0;0;0;0;0;0;0;0
FR;6;2021-12-01;0;0;0;0;0;0;0;0;0;0;0;0;0;0;0;0;0;0
FR;6;2021-12-02;0;0;0;0;0;0;0;0;0;0;0;0;0;0;0;0;0;0
FR;6;2021-12-03;0;0;0;0;0;0;0;0;0;0;0;0;0;0;0;0;0;0
FR;6;2021-12-04;0;0;0;0;0;0;0;0;0;0;0;0;0;0;0;0;0;0
FR;6;2021-12-05;0;0;0;0;0;0;0;0;0;0;0;0;0;0;0;0;0;0
FR;6;2021-12-06;0;0;0;0;0;0;0;0;0;0;0;0;0;0;0;0;0;0
FR;6;2021-12-07;0;0;0;0;0;0;0;0;0;0;0;0;0;0;0;0;0;0
FR;6;2021-12-08;0;0;0;0;0;0;0;0;0;0;0;0;0;0;0;0;0;0
FR;6;2021-12-09;0;0;0;0;0;0;0;0;0;0;0;0;0;0;0;0;0;0
FR;6;2021-12-10;0;0;0;0;0;0;0;0;0;0;0;0;0;0;0;0;0;0
FR;6;2021-12-11;0;0;0;0;0;0;0;0;0;0;0;0;0;0;0;0;0;0
FR;6;2021-12-12;0;0;0;0;0;0;0;0;0;0;0;0;0;0;0;0;0;0
FR;6;2021-12-13;0;0;0;0;0;0;0;0;0;0;0;0;0;0;0;0;0;0
FR;6;2021-12-14;0;0;0;0;0;0;0;0;0;0;0;0;0;0;0;0;0;0
FR;6;2021-12-15;0;0;0;0;0;0;0;0;0;0;0;0;0;0;0;0;0;0
FR;6;2021-12-16;0;0;0;0;0;0;0;0;0;0;0;0;0;0;0;0;0;0
FR;6;2021-12-17;0;0;0;0;0;0;0;0;0;0;0;0;0;0;0;0;0;0
FR;6;2021-12-18;0;0;0;0;0;0;0;0;0;0;0;0;0;0;0;0;0;0
FR;6;2021-12-19;0;0;0;0;0;0;0;0;0;0;0;0;0;0;0;0;0;0
FR;6;2021-12-20;0;0;0;0;0;0;0;0;0;0;0;0;0;0;0;0;0;0
FR;6;2021-12-21;0;0;0;0;0;0;0;0;0;0;0;0;0;0;0;0;0;0
FR;6;2021-12-22;0;0;0;0;0;0;0;0;0;0;0;0;0;0;0;0;0;0
FR;6;2021-12-23;0;0;0;0;0;0;0;0;0;0;0;0;0;0;0;0;0;0
FR;6;2021-12-24;0;0;0;0;0;0;0;0;0;0;0;0;0;0;0;0;0;0
FR;6;2021-12-25;0;0;0;0;0;0;0;0;0;0;0;0;0;0;0;0;0;0
FR;6;2021-12-26;0;0;0;0;0;0;0;0;0;0;0;0;0;0;0;0;0;0
FR;6;2021-12-27;0;0;0;0;0;0;0;0;0;0;0;0;0;0;0;0;0;0
FR;6;2021-12-28;0;0;0;0;0;0;0;0;0;0;0;0;0;0;0;0;0;0
FR;6;2021-12-29;0;0;0;0;0;0;0;0;0;0;0;0;0;0;0;0;0;0
FR;6;2021-12-30;0;0;0;0;0;0;0;0;0;0;0;0;0;0;0;0;0;0
FR;6;2021-12-31;0;0;0;0;0;0;0;0;0;0;0;0;0;0;0;0;0;0
FR;6;2022-01-01;0;0;0;0;0;0;0;0;0;0;0;0;0;0;0;0;0;0
FR;6;2022-01-02;0;0;0;0;0;0;0;0;0;0;0;0;0;0;0;0;0;0
FR;6;2022-01-03;0;0;0;0;0;0;0;0;0;0;0;0;0;0;0;0;0;0
FR;6;2022-01-04;0;0;0;0;0;0;0;0;0;0;0;0;0;0;0;0;0;0
FR;6;2022-01-05;0;0;0;0;0;0;0;0;0;0;0;0;0;0;0;0;0;0
FR;6;2022-01-06;0;0;0;0;0;0;0;0;0;0;0;0;0;0;0;0;0;0
FR;6;2022-01-07;0;0;0;0;0;0;0;0;0;0;0;0;0;0;0;0;0;0
FR;6;2022-01-08;0;0;0;0;0;0;0;0;0;0;0;0;0;0;0;0;0;0
FR;6;2022-01-09;0;0;0;0;0;0;0;0;0;0;0;0;0;0;0;0;0;0
FR;6;2022-01-10;0;0;0;0;0;0;0;0;0;0;0;0;0;0;0;0;0;0
FR;6;2022-01-11;0;0;0;0;0;0;0;0;0;0;0;0;0;0;0;0;0;0
FR;6;2022-01-12;0;0;0;0;0;0;0;0;0;0;0;0;0;0;0;0;0;0
FR;6;2022-01-13;0;0;0;0;0;0;0;0;0;0;0;0;0;0;0;0;0;0
FR;6;2022-01-14;0;0;0;0;0;0;0;0;0;0;0;0;0;0;0;0;0;0
FR;6;2022-01-15;0;0;0;0;0;0;0;0;0;0;0;0;0;0;0;0;0;0
FR;6;2022-01-16;0;0;0;0;0;0;0;0;0;0;0;0;0;0;0;0;0;0
FR;6;2022-01-17;0;0;0;0;0;0;0;0;0;0;0;0;0;0;0;0;0;0
FR;6;2022-01-18;0;0;0;0;0;0;0;0;0;0;0;0;0;0;0;0;0;0
FR;6;2022-01-19;0;0;0;0;0;0;0;0;0;0;0;0;0;0;0;0;0;0
FR;6;2022-01-20;0;0;0;0;0;0;0;0;0;0;0;0;0;0;0;0;0;0
FR;6;2022-01-21;0;0;0;0;0;0;0;0;0;0;0;0;0;0;0;0;0;0
FR;6;2022-01-22;0;0;0;0;0;0;0;0;0;0;0;0;0;0;0;0;0;0
FR;6;2022-01-23;0;0;0;0;0;0;0;0;0;0;0;0;0;0;0;0;0;0
FR;6;2022-01-24;0;0;0;0;0;0;0;0;0;0;0;0;0;0;0;0;0;0
FR;6;2022-01-25;0;0;0;0;0;0;0;0;0;0;0;0;0;0;0;0;0;0
FR;6;2022-01-26;0;0;0;0;0;0;0;0;0;0;0;0;0;0;0;0;0;0
FR;6;2022-01-27;0;0;0;0;0;0;0;0;0;0;0;0;0;0;0;0;0;0
FR;6;2022-01-28;0;0;0;0;0;0;0;0;0;0;0;0;0;0;0;0;0;0
FR;6;2022-01-29;0;0;0;0;0;0;0;0;0;0;0;0;0;0;0;0;0;0
FR;6;2022-01-30;0;0;0;0;0;0;0;0;0;0;0;0;0;0;0;0;0;0
FR;6;2022-01-31;0;0;0;0;0;0;0;0;0;0;0;0;0;0;0;0;0;0
FR;6;2022-02-01;0;0;0;0;0;0;0;0;0;0;0;0;0;0;0;0;0;0
FR;6;2022-02-02;0;0;0;0;0;0;0;0;0;0;0;0;0;0;0;0;0;0
FR;6;2022-02-03;0;0;0;0;0;0;0;0;0;0;0;0;0;0;0;0;0;0
FR;6;2022-02-04;0;0;0;0;0;0;0;0;0;0;0;0;0;0;0;0;0;0
FR;6;2022-02-05;0;0;0;0;0;0;0;0;0;0;0;0;0;0;0;0;0;0
FR;6;2022-02-06;0;0;0;0;0;0;0;0;0;0;0;0;0;0;0;0;0;0
FR;6;2022-02-07;0;0;0;0;0;0;0;0;0;0;0;0;0;0;0;0;0;0
FR;6;2022-02-08;0;0;0;0;0;0;0;0;0;0;0;0;0;0;0;0;0;0
FR;6;2022-02-09;0;0;0;0;0;0;0;0;0;0;0;0;0;0;0;0;0;0
FR;6;2022-02-10;0;0;0;0;0;0;0;0;0;0;0;0;0;0;0;0;0;0
FR;6;2022-02-11;0;0;0;0;0;0;0;0;0;0;0;0;0;0;0;0;0;0
FR;6;2022-02-12;0;0;0;0;0;0;0;0;0;0;0;0;0;0;0;0;0;0
FR;6;2022-02-13;0;0;0;0;0;0;0;0;0;0;0;0;0;0;0;0;0;0
FR;6;2022-02-14;0;0;0;0;0;0;0;0;0;0;0;0;0;0;0;0;0;0
FR;6;2022-02-15;0;0;0;0;0;0;0;0;0;0;0;0;0;0;0;0;0;0
FR;6;2022-02-16;0;0;0;0;0;0;0;0;0;0;0;0;0;0;0;0;0;0
FR;6;2022-02-17;0;0;0;0;0;0;0;0;0;0;0;0;0;0;0;0;0;0
FR;6;2022-02-18;0;0;0;0;0;0;0;0;0;0;0;0;0;0;0;0;0;0
FR;6;2022-02-19;0;0;0;0;0;0;0;0;0;0;0;0;0;0;0;0;0;0
FR;6;2022-02-20;0;0;0;0;0;0;0;0;0;0;0;0;0;0;0;0;0;0
FR;6;2022-02-21;0;0;0;0;0;0;0;0;0;0;0;0;0;0;0;0;0;0
FR;6;2022-02-22;0;0;0;0;0;0;0;0;0;0;0;0;0;0;0;0;0;0
FR;6;2022-02-23;0;0;0;0;0;0;0;0;0;0;0;0;0;0;0;0;0;0
FR;6;2022-02-24;0;0;0;0;0;0;0;0;0;0;0;0;0;0;0;0;0;0
FR;6;2022-02-25;0;0;0;0;0;0;0;0;0;0;0;0;0;0;0;0;0;0
FR;6;2022-02-26;1;0;0;0;0;0;0;0;0;1;0;0;0;0;0;0;0;0
FR;6;2022-02-27;1;0;0;0;1;0;0;0;0;2;0;0;0;1;0;0;0;0
FR;6;2022-02-28;0;0;0;0;0;0;0;0;0;2;0;0;0;1;0;0;0;0
FR;6;2022-03-01;3;0;0;0;0;0;0;0;0;5;0;0;0;1;0;0;0;0
FR;6;2022-03-02;97;9;2;0;15;7;0;0;0;102;9;2;0;16;7;0;0;0
FR;6;2022-03-03;0;0;0;0;0;0;0;0;0;102;9;2;0;16;7;0;0;0
FR;6;2022-03-04;92;4;0;0;8;4;0;0;0;194;13;2;0;24;11;0;0;0
FR;6;2022-03-05;391;23;2;0;60;14;0;0;0;585;36;4;0;84;25;0;0;0
FR;6;2022-03-06;7;1;0;0;2;0;0;0;0;592;37;4;0;86;25;0;0;0
FR;6;2022-03-07;337;19;0;0;51;13;0;0;0;929;56;4;0;137;38;0;0;0
FR;6;2022-03-08;230;14;0;0;47;5;0;0;0;1159;70;4;0;184;43;0;0;0
FR;6;2022-03-09;519;29;2;0;84;21;1;0;0;1678;99;6;0;268;64;1;0;0
FR;6;2022-03-10;206;19;0;1;54;12;1;0;0;1884;118;6;1;322;76;2;0;0
FR;6;2022-03-11;331;22;6;0;53;21;0;0;0;2215;140;12;1;375;97;2;0;0
FR;6;2022-03-12;518;25;1;0;83;20;0;0;0;2733;165;13;1;458;117;2;0;0
FR;6;2022-03-13;40;2;0;0;2;1;0;0;0;2773;167;13;1;460;118;2;0;0
FR;6;2022-03-14;201;4;2;0;39;3;1;0;0;2974;171;15;1;499;121;3;0;0
FR;6;2022-03-15;112;11;2;0;28;9;0;0;0;3086;182;17;1;527;130;3;0;0
FR;6;2022-03-16;310;17;2;1;49;15;1;0;0;3396;199;19;2;576;145;4;0;0
FR;6;2022-03-17;117;6;1;2;14;4;2;0;0;3513;205;20;4;590;149;6;0;0
FR;6;2022-03-18;215;10;0;0;40;6;0;0;0;3728;215;20;4;630;155;6;0;0
FR;6;2022-03-19;307;19;2;0;90;9;0;0;0;4035;234;22;4;720;164;6;0;0
FR;6;2022-03-20;15;5;0;0;5;1;0;0;0;4050;239;22;4;725;165;6;0;0
FR;6;2022-03-21;132;23;1;0;47;4;0;0;0;4182;262;23;4;772;169;6;0;0
FR;6;2022-03-22;97;15;0;0;34;4;0;0;0;4279;277;23;4;806;173;6;0;0
FR;6;2022-03-23;226;108;3;0;154;14;1;0;0;4505;385;26;4;960;187;7;0;0
FR;6;2022-03-24;100;15;1;3;32;4;3;0;0;4605;400;27;7;992;191;10;0;0
FR;6;2022-03-25;203;141;2;1;179;15;2;0;0;4808;541;29;8;1171;206;12;0;0
FR;6;2022-03-26;331;295;7;1;385;19;1;0;0;5139;836;36;9;1556;225;13;0;0
FR;6;2022-03-27;32;30;1;0;37;1;1;0;0;5171;866;37;9;1593;226;14;0;0
FR;6;2022-03-28;201;208;8;1;234;17;3;0;0;5372;1074;45;10;1827;243;17;0;0
FR;6;2022-03-29;124;189;12;2;206;12;9;0;0;5496;1263;57;12;2033;255;26;0;0
FR;6;2022-03-30;305;476;10;2;548;22;6;0;0;5801;1739;67;14;2581;277;32;0;0
FR;6;2022-03-31;123;140;10;0;160;14;5;0;0;5924;1879;77;14;2741;291;37;0;0
FR;6;2022-04-01;195;150;11;2;178;23;3;0;0;6119;2029;88;16;2919;314;40;0;0
FR;6;2022-04-02;206;241;9;1;280;13;8;0;0;6325;2270;97;17;3199;327;48;0;0
FR;6;2022-04-03;17;21;0;0;26;1;0;0;0;6342;2291;97;17;3225;328;48;0;0
FR;6;2022-04-04;137;114;6;1;131;9;5;0;0;6479;2405;103;18;3356;337;53;0;0
FR;6;2022-04-05;146;88;15;1;105;11;8;0;0;6625;2493;118;19;3461;348;61;0;0
FR;6;2022-04-06;204;245;22;26;291;27;33;0;0;6829;2738;140;45;3752;375;94;0;0
FR;6;2022-04-07;127;96;15;9;115;17;14;0;0;6956;2834;155;54;3867;392;108;0;0
FR;6;2022-04-08;199;171;16;3;214;17;9;0;1;7155;3005;171;57;4081;409;117;0;1
FR;6;2022-04-09;145;139;6;12;171;13;4;0;0;7300;3144;177;69;4252;422;121;0;1
FR;6;2022-04-10;11;20;3;0;26;1;3;0;0;7311;3164;180;69;4278;423;124;0;1
FR;6;2022-04-11;101;106;4;0;129;5;3;0;0;7412;3270;184;69;4407;428;127;0;1
FR;6;2022-04-12;136;75;5;8;114;10;10;0;0;7548;3345;189;77;4521;438;137;0;1
FR;6;2022-04-13;162;175;7;5;208;13;8;0;0;7710;3520;196;82;4729;451;145;0;1
FR;6;2022-04-14;100;103;5;10;121;8;10;0;0;7810;3623;201;92;4850;459;155;0;1
FR;6;2022-04-15;158;149;11;7;167;19;14;0;1;7968;3772;212;99;5017;478;169;0;2
FR;6;2022-04-16;127;132;5;0;162;14;2;0;0;8095;3904;217;99;5179;492;171;0;2
FR;6;2022-04-17;8;9;4;0;10;4;0;0;0;8103;3913;221;99;5189;496;171;0;2
FR;6;2022-04-18;8;15;3;0;14;4;0;0;0;8111;3928;224;99;5203;500;171;0;2
FR;6;2022-04-19;97;112;4;3;130;3;7;0;0;8208;4040;228;102;5333;503;178;0;2
FR;6;2022-04-20;177;227;8;7;269;15;3;0;0;8385;4267;236;109;5602;518;181;0;2
FR;6;2022-04-21;111;93;8;4;110;11;7;0;0;8496;4360;244;113;5712;529;188;0;2
FR;6;2022-04-22;139;160;13;12;189;13;13;0;0;8635;4520;257;125;5901;542;201;0;2
FR;6;2022-04-23;106;129;1;1;161;7;1;0;0;8741;4649;258;126;6062;549;202;0;2
FR;6;2022-04-24;5;21;1;0;22;0;1;0;0;8746;4670;259;126;6084;549;203;0;2
FR;6;2022-04-25;90;128;3;8;151;11;9;0;0;8836;4798;262;134;6235;560;212;0;2
FR;6;2022-04-26;101;128;19;2;151;17;13;0;0;8937;4926;281;136;6386;577;225;0;2
FR;6;2022-04-27;197;159;21;1;222;27;11;0;1;9134;5085;302;137;6608;604;236;0;3
FR;6;2022-04-28;109;87;7;1;123;8;7;0;0;9243;5172;309;138;6731;612;243;0;3
FR;6;2022-04-29;191;169;16;2;215;20;6;0;0;9434;5341;325;140;6946;632;249;0;3
FR;6;2022-04-30;133;125;7;1;168;24;2;0;0;9567;5466;332;141;7114;656;251;0;3
FR;6;2022-05-01;7;6;0;0;8;0;0;0;0;9574;5472;332;141;7122;656;251;0;3
FR;6;2022-05-02;94;65;3;4;88;3;4;0;0;9668;5537;335;145;7210;659;255;0;3
FR;6;2022-05-03;136;93;11;2;125;7;9;0;0;9804;5630;346;147;7335;666;264;0;3
FR;6;2022-05-04;167;118;25;12;161;29;12;0;1;9971;5748;371;159;7496;695;276;0;4
FR;6;2022-05-05;101;70;8;3;97;12;6;0;0;10072;5818;379;162;7593;707;282;0;4
FR;6;2022-05-06;152;110;10;9;155;16;11;0;0;10224;5928;389;171;7748;723;293;0;4
FR;6;2022-05-07;139;93;13;3;136;23;8;0;0;10363;6021;402;174;7884;746;301;0;4
FR;6;2022-05-08;20;8;6;5;16;7;5;0;0;10383;6029;408;179;7900;753;306;0;4
FR;6;2022-05-09;86;78;9;7;95;13;6;0;0;10469;6107;417;186;7995;766;312;0;4
FR;6;2022-05-10;112;80;15;7;110;12;13;0;0;10581;6187;432;193;8105;778;325;0;4
FR;6;2022-05-11;130;124;11;14;163;20;6;0;0;10711;6311;443;207;8268;798;331;0;4
FR;6;2022-05-12;105;76;7;5;96;15;6;0;1;10816;6387;450;212;8364;813;337;0;5
FR;6;2022-05-13;155;97;17;21;137;22;16;0;0;10971;6484;467;233;8501;835;353;0;5
FR;6;2022-05-14;81;60;6;7;84;15;2;0;0;11052;6544;473;240;8585;850;355;0;5
FR;6;2022-05-15;12;7;0;0;14;0;0;0;0;11064;6551;473;240;8599;850;355;0;5
FR;6;2022-05-16;65;54;6;2;69;12;3;0;0;11129;6605;479;242;8668;862;358;0;5
FR;6;2022-05-17;123;77;5;7;92;11;8;0;0;11252;6682;484;249;8760;873;366;0;5
FR;6;2022-05-18;131;116;5;1;158;14;3;0;0;11383;6798;489;250;8918;887;369;0;5
FR;6;2022-05-19;124;57;6;8;96;9;8;0;0;11507;6855;495;258;9014;896;377;0;5
FR;6;2022-05-20;125;115;13;3;151;18;10;0;0;11632;6970;508;261;9165;914;387;0;5
FR;6;2022-05-21;92;69;14;3;93;12;8;0;0;11724;7039;522;264;9258;926;395;0;5
FR;6;2022-05-22;19;12;5;0;21;4;1;0;0;11743;7051;527;264;9279;930;396;0;5
FR;6;2022-05-23;77;72;4;2;90;7;2;0;0;11820;7123;531;266;9369;937;398;0;5
FR;6;2022-05-24;117;98;8;2;131;16;4;0;0;11937;7221;539;268;9500;953;402;0;5
FR;6;2022-05-25;140;129;6;3;171;11;6;0;0;12077;7350;545;271;9671;964;408;0;5
FR;6;2022-05-26;7;9;3;0;5;9;0;0;0;12084;7359;548;271;9676;973;408;0;5
FR;6;2022-05-27;127;105;15;11;136;18;18;0;1;12211;7464;563;282;9812;991;426;0;6
FR;6;2022-05-28;54;75;1;5;89;8;5;0;0;12265;7539;564;287;9901;999;431;0;6
FR;6;2022-05-29;8;10;0;0;10;1;0;0;0;12273;7549;564;287;9911;1000;431;0;6
FR;6;2022-05-30;70;70;7;4;86;4;9;0;0;12343;7619;571;291;9997;1004;440;0;6
FR;6;2022-05-31;87;102;10;2;121;14;7;0;0;12430;7721;581;293;10118;1018;447;0;6
FR;6;2022-06-01;97;89;10;1;111;11;6;0;0;12527;7810;591;294;10229;1029;453;0;6
FR;6;2022-06-02;91;60;6;3;80;9;6;0;0;12618;7870;597;297;10309;1038;459;0;6
FR;6;2022-06-03;126;102;13;7;128;21;8;0;0;12744;7972;610;304;10437;1059;467;0;6
FR;6;2022-06-04;63;51;10;0;64;12;3;0;0;12807;8023;620;304;10501;1071;470;0;6
FR;6;2022-06-05;16;15;2;1;18;4;1;0;0;12823;8038;622;305;10519;1075;471;0;6
FR;6;2022-06-06;9;6;0;0;8;0;0;0;0;12832;8044;622;305;10527;1075;471;0;6
FR;6;2022-06-07;79;90;3;4;117;8;6;0;0;12911;8134;625;309;10644;1083;477;0;6
FR;6;2022-06-08;92;110;13;5;130;20;6;0;0;13003;8244;638;314;10774;1103;483;0;6
FR;6;2022-06-09;75;81;15;3;106;15;8;0;0;13078;8325;653;317;10880;1118;491;0;6
FR;6;2022-06-10;116;93;26;10;120;22;13;0;0;13194;8418;679;327;11000;1140;504;0;6
FR;6;2022-06-11;83;62;6;10;82;12;11;0;0;13277;8480;685;337;11082;1152;515;0;6
FR;6;2022-06-12;6;14;1;0;16;2;0;0;0;13283;8494;686;337;11098;1154;515;0;6
FR;6;2022-06-13;74;59;18;1;68;7;4;0;0;13357;8553;704;338;11166;1161;519;0;6
FR;6;2022-06-14;98;100;8;5;116;16;8;0;0;13455;8653;712;343;11282;1177;527;0;6
FR;6;2022-06-15;80;86;7;8;114;15;10;0;0;13535;8739;719;351;11396;1192;537;0;6
FR;6;2022-06-16;53;40;11;7;45;14;6;0;0;13588;8779;730;358;11441;1206;543;0;6
FR;6;2022-06-17;86;85;3;13;109;11;5;0;0;13674;8864;733;371;11550;1217;548;0;6
FR;6;2022-06-18;71;62;13;0;88;21;1;0;0;13745;8926;746;371;11638;1238;549;0;6
FR;6;2022-06-19;6;6;3;0;7;4;1;0;0;13751;8932;749;371;11645;1242;550;0;6
FR;6;2022-06-20;42;41;4;1;55;6;1;0;0;13793;8973;753;372;11700;1248;551;0;6
FR;6;2022-06-21;59;73;10;7;83;17;7;0;0;13852;9046;763;379;11783;1265;558;0;6
FR;6;2022-06-22;86;85;8;2;98;17;3;0;0;13938;9131;771;381;11881;1282;561;0;6
FR;6;2022-06-23;64;39;13;7;41;15;10;0;0;14002;9170;784;388;11922;1297;571;0;6
FR;6;2022-06-24;77;85;7;14;95;20;16;0;0;14079;9255;791;402;12017;1317;587;0;6
FR;6;2022-06-25;67;61;4;3;77;8;5;0;0;14146;9316;795;405;12094;1325;592;0;6
FR;6;2022-06-26;6;7;1;0;10;1;0;0;0;14152;9323;796;405;12104;1326;592;0;6
FR;6;2022-06-27;51;50;4;9;62;12;7;0;0;14203;9373;800;414;12166;1338;599;0;6
FR;6;2022-06-28;68;47;6;3;53;15;5;0;0;14271;9420;806;417;12219;1353;604;0;6
FR;6;2022-06-29;98;117;26;37;115;19;35;0;5;14369;9537;832;454;12334;1372;639;0;11
FR;6;2022-06-30;84;60;33;10;61;12;7;0;0;14453;9597;865;464;12395;1384;646;0;11
FR;6;2022-07-01;115;94;25;33;102;18;27;0;1;14568;9691;890;497;12497;1402;673;0;12
FR;6;2022-07-02;58;67;26;2;64;37;6;0;0;14626;9758;916;499;12561;1439;679;0;12
FR;6;2022-07-03;11;4;4;3;5;4;3;0;0;14637;9762;920;502;12566;1443;682;0;12
FR;6;2022-07-04;61;43;3;23;55;13;20;0;0;14698;9805;923;525;12621;1456;702;0;12
FR;6;2022-07-05;65;53;19;67;60;27;63;0;0;14763;9858;942;592;12681;1483;765;0;12
FR;6;2022-07-06;94;64;7;11;78;12;17;0;0;14857;9922;949;603;12759;1495;782;0;12
FR;6;2022-07-07;99;79;42;37;99;14;34;0;4;14956;10001;991;640;12858;1509;816;0;16
FR;6;2022-07-08;139;87;42;27;115;10;25;0;3;15095;10088;1033;667;12973;1519;841;0;19
FR;6;2022-07-09;53;51;16;29;51;27;33;0;1;15148;10139;1049;696;13024;1546;874;0;20
FR;6;2022-07-10;3;7;8;0;9;9;0;0;0;15151;10146;1057;696;13033;1555;874;0;20
FR;6;2022-07-11;54;44;5;4;47;12;4;0;0;15205;10190;1062;700;13080;1567;878;0;20
FR;6;2022-07-12;70;72;12;23;87;12;27;0;0;15275;10262;1074;723;13167;1579;905;0;20
FR;6;2022-07-13;84;65;14;21;71;25;22;0;0;15359;10327;1088;744;13238;1604;927;0;20
FR;6;2022-07-14;4;3;1;0;4;1;0;0;0;15363;10330;1089;744;13242;1605;927;0;20
FR;6;2022-07-15;74;59;9;57;85;16;45;0;0;15437;10389;1098;801;13327;1621;972;0;20
FR;6;2022-07-16;27;31;17;0;37;17;3;0;0;15464;10420;1115;801;13364;1638;975;0;20
FR;6;2022-07-17;3;7;0;0;8;0;0;0;0;15467;10427;1115;801;13372;1638;975;0;20
FR;6;2022-07-18;37;62;11;14;60;15;14;0;6;15504;10489;1126;815;13432;1653;989;0;26
FR;6;2022-07-19;54;48;4;19;60;6;21;0;1;15558;10537;1130;834;13492;1659;1010;0;27
FR;6;2022-07-20;53;70;7;22;75;11;27;0;0;15611;10607;1137;856;13567;1670;1037;0;27
FR;6;2022-07-21;51;61;4;7;56;11;9;0;0;15662;10668;1141;863;13623;1681;1046;0;27
FR;6;2022-07-22;55;74;7;26;82;8;16;0;2;15717;10742;1148;889;13705;1689;1062;0;29
FR;6;2022-07-23;38;40;6;10;40;6;9;0;1;15755;10782;1154;899;13745;1695;1071;0;30
FR;6;2022-07-24;11;14;1;3;19;3;3;0;0;15766;10796;1155;902;13764;1698;1074;0;30
FR;6;2022-07-25;60;44;8;12;41;9;13;0;1;15826;10840;1163;914;13805;1707;1087;0;31
FR;6;2022-07-26;47;64;14;6;62;10;13;0;0;15873;10904;1177;920;13867;1717;1100;0;31
FR;6;2022-07-27;54;78;15;11;80;18;15;0;8;15927;10982;1192;931;13947;1735;1115;0;39
FR;6;2022-07-28;30;48;4;6;50;8;7;0;1;15957;11030;1196;937;13997;1743;1122;0;40
FR;6;2022-07-29;43;71;10;38;60;24;36;0;1;16000;11101;1206;975;14057;1767;1158;0;41
FR;6;2022-07-30;26;48;4;15;49;7;15;0;0;16026;11149;1210;990;14106;1774;1173;0;41
FR;6;2022-07-31;0;1;1;0;1;0;1;0;0;16026;11150;1211;990;14107;1774;1174;0;41
FR;6;2022-08-01;39;36;14;8;32;10;6;0;1;16065;11186;1225;998;14139;1784;1180;0;42
FR;6;2022-08-02;37;46;10;14;52;6;16;0;0;16102;11232;1235;1012;14191;1790;1196;0;42
FR;6;2022-08-03;29;52;7;16;53;11;19;0;0;16131;11284;1242;1028;14244;1801;1215;0;42
FR;6;2022-08-04;25;21;4;9;20;6;10;0;1;16156;11305;1246;1037;14264;1807;1225;0;43
FR;6;2022-08-05;43;45;1;7;54;5;7;0;0;16199;11350;1247;1044;14318;1812;1232;0;43
FR;6;2022-08-06;17;27;1;3;33;2;4;0;0;16216;11377;1248;1047;14351;1814;1236;0;43
FR;6;2022-08-07;1;2;0;0;2;0;0;0;0;16217;11379;1248;1047;14353;1814;1236;0;43
FR;6;2022-08-08;24;33;1;0;40;1;0;0;0;16241;11412;1249;1047;14393;1815;1236;0;43
FR;6;2022-08-09;22;30;6;3;29;3;3;0;0;16263;11442;1255;1050;14422;1818;1239;0;43
FR;6;2022-08-10;32;36;5;9;38;5;9;0;5;16295;11478;1260;1059;14460;1823;1248;0;48
FR;6;2022-08-11;32;33;1;1;40;1;0;0;1;16327;11511;1261;1060;14500;1824;1248;0;49
FR;6;2022-08-12;50;44;6;2;50;15;3;0;1;16377;11555;1267;1062;14550;1839;1251;0;50
FR;6;2022-08-13;9;20;0;0;22;1;0;0;0;16386;11575;1267;1062;14572;1840;1251;0;50
FR;6;2022-08-14;3;1;0;0;2;0;0;0;0;16389;11576;1267;1062;14574;1840;1251;0;50
FR;6;2022-08-15;2;3;1;0;4;0;1;0;0;16391;11579;1268;1062;14578;1840;1252;0;50
FR;6;2022-08-16;35;66;21;7;66;7;2;0;0;16426;11645;1289;1069;14644;1847;1254;0;50
FR;6;2022-08-17;32;44;10;9;41;10;6;0;7;16458;11689;1299;1078;14685;1857;1260;0;57
FR;6;2022-08-18;29;55;14;4;61;4;0;0;1;16487;11744;1313;1082;14746;1861;1260;0;58
FR;6;2022-08-19;30;45;5;4;47;3;2;0;1;16517;11789;1318;1086;14793;1864;1262;0;59
FR;6;2022-08-20;26;28;3;0;27;8;1;0;0;16543;11817;1321;1086;14820;1872;1263;0;59
FR;6;2022-08-21;1;5;2;0;5;0;0;0;0;16544;11822;1323;1086;14825;1872;1263;0;59
FR;6;2022-08-22;20;42;15;1;45;0;0;0;0;16564;11864;1338;1087;14870;1872;1263;0;59
FR;6;2022-08-23;34;45;6;7;47;6;4;0;2;16598;11909;1344;1094;14917;1878;1267;0;61
FR;6;2022-08-24;34;30;6;3;36;6;2;0;3;16632;11939;1350;1097;14953;1884;1269;0;64
FR;6;2022-08-25;25;27;1;1;29;5;1;0;0;16657;11966;1351;1098;14982;1889;1270;0;64
FR;6;2022-08-26;38;44;4;4;51;7;7;0;0;16695;12010;1355;1102;15033;1896;1277;0;64
FR;6;2022-08-27;19;21;7;3;22;8;4;0;0;16714;12031;1362;1105;15055;1904;1281;0;64
FR;6;2022-08-28;6;3;0;6;3;1;1;0;4;16720;12034;1362;1111;15058;1905;1282;0;68
FR;6;2022-08-29;26;22;2;6;29;3;6;0;0;16746;12056;1364;1117;15087;1908;1288;0;68
FR;6;2022-08-30;28;35;4;12;33;8;13;0;0;16774;12091;1368;1129;15120;1916;1301;0;68
FR;6;2022-08-31;35;38;2;11;46;3;12;0;0;16809;12129;1370;1140;15166;1919;1313;0;68
FR;6;2022-09-01;17;11;5;1;13;4;3;0;0;16826;12140;1375;1141;15179;1923;1316;0;68
FR;6;2022-09-02;19;14;2;1;13;3;2;0;0;16845;12154;1377;1142;15192;1926;1318;0;68
FR;6;2022-09-03;10;3;1;5;4;2;5;0;0;16855;12157;1378;1147;15196;1928;1323;0;68
FR;6;2022-09-04;4;1;0;0;1;0;0;0;0;16859;12158;1378;1147;15197;1928;1323;0;68
FR;6;2022-09-05;8;7;0;0;10;0;0;0;0;16867;12165;1378;1147;15207;1928;1323;0;68
FR;6;2022-09-06;7;9;7;12;8;6;15;0;0;16874;12174;1385;1159;15215;1934;1338;0;68
FR;6;2022-09-07;3;8;1;0;8;1;0;0;0;16877;12182;1386;1159;15223;1935;1338;0;68
FR;6;2022-09-08;6;4;0;2;3;1;2;0;0;16883;12186;1386;1161;15226;1936;1340;0;68
FR;6;2022-09-09;7;9;2;7;9;3;8;0;0;16890;12195;1388;1168;15235;1939;1348;0;68
FR;6;2022-09-10;3;4;1;0;3;1;1;0;0;16893;12199;1389;1168;15238;1940;1349;0;68
FR;6;2022-09-11;1;3;0;0;3;0;0;0;0;16894;12202;1389;1168;15241;1940;1349;0;68
FR;6;2022-09-12;10;4;1;0;3;3;0;0;0;16904;12206;1390;1168;15244;1943;1349;0;68
FR;6;2022-09-13;7;2;3;0;2;2;2;0;0;16911;12208;1393;1168;15246;1945;1351;0;68
FR;6;2022-09-14;9;8;2;0;7;4;0;0;0;16920;12216;1395;1168;15253;1949;1351;0;68
FR;6;2022-09-15;8;13;5;5;9;9;3;0;2;16928;12229;1400;1173;15262;1958;1354;0;70
FR;6;2022-09-16;25;39;1;1;47;4;1;0;2;16953;12268;1401;1174;15309;1962;1355;0;72
FR;6;2022-09-17;24;22;0;6;24;5;3;0;2;16977;12290;1401;1180;15333;1967;1358;0;74
FR;6;2022-09-18;5;4;0;0;4;1;0;0;0;16982;12294;1401;1180;15337;1968;1358;0;74
FR;6;2022-09-19;30;30;2;1;32;5;1;0;0;17012;12324;1403;1181;15369;1973;1359;0;74
FR;6;2022-09-20;34;25;1;4;30;6;2;0;1;17046;12349;1404;1185;15399;1979;1361;0;75
FR;6;2022-09-21;21;9;3;3;7;7;5;0;3;17067;12358;1407;1188;15406;1986;1366;0;78
FR;6;2022-09-22;19;28;1;22;32;3;21;0;1;17086;12386;1408;1210;15438;1989;1387;0;79
FR;6;2022-09-23;28;41;5;9;47;9;2;0;0;17114;12427;1413;1219;15485;1998;1389;0;79
FR;6;2022-09-24;16;16;4;2;21;6;2;0;0;17130;12443;1417;1221;15506;2004;1391;0;79
FR;6;2022-09-25;3;14;0;0;14;1;0;0;0;17133;12457;1417;1221;15520;2005;1391;0;79
FR;6;2022-09-26;16;13;0;18;12;5;18;0;2;17149;12470;1417;1239;15532;2010;1409;0;81
FR;6;2022-09-27;32;19;2;3;23;4;4;0;0;17181;12489;1419;1242;15555;2014;1413;0;81
FR;6;2022-09-28;27;10;9;11;16;5;17;0;2;17208;12499;1428;1253;15571;2019;1430;0;83
FR;6;2022-09-29;13;13;10;34;16;6;33;0;7;17221;12512;1438;1287;15587;2025;1463;0;90
FR;6;2022-09-30;34;24;5;6;33;5;3;0;0;17255;12536;1443;1293;15620;2030;1466;0;90
FR;6;2022-10-01;17;12;5;8;9;8;8;0;2;17272;12548;1448;1301;15629;2038;1474;0;92
FR;6;2022-10-02;4;0;0;0;1;0;0;0;0;17276;12548;1448;1301;15630;2038;1474;0;92
FR;6;2022-10-03;11;10;3;5;11;4;6;0;0;17287;12558;1451;1306;15641;2042;1480;0;92
FR;6;2022-10-04;19;17;4;28;21;3;30;0;3;17306;12575;1455;1334;15662;2045;1510;0;95
FR;6;2022-10-05;11;12;3;2;9;7;4;0;0;17317;12587;1458;1336;15671;2052;1514;0;95
FR;6;2022-10-06;19;13;4;6;17;2;10;0;0;17336;12600;1462;1342;15688;2054;1524;0;95
FR;6;2022-10-07;27;26;5;24;24;11;16;0;5;17363;12626;1467;1366;15712;2065;1540;0;100
FR;6;2022-10-08;18;13;0;0;16;0;0;0;0;17381;12639;1467;1366;15728;2065;1540;0;100
FR;6;2022-10-09;7;3;4;27;3;4;30;0;6;17388;12642;1471;1393;15731;2069;1570;0;106
FR;6;2022-10-10;15;14;1;16;16;6;13;0;0;17403;12656;1472;1409;15747;2075;1583;0;106
FR;6;2022-10-11;21;23;3;11;22;8;13;0;3;17424;12679;1475;1420;15769;2083;1596;0;109
FR;6;2022-10-12;20;16;7;19;18;3;24;0;7;17444;12695;1482;1439;15787;2086;1620;0;116
FR;6;2022-10-13;28;15;2;36;23;0;38;0;6;17472;12710;1484;1475;15810;2086;1658;0;122
FR;6;2022-10-14;29;23;5;49;23;11;45;0;13;17501;12733;1489;1524;15833;2097;1703;0;135
FR;6;2022-10-15;13;9;0;22;8;4;21;0;6;17514;12742;1489;1546;15841;2101;1724;0;141
FR;6;2022-10-16;4;5;0;6;2;3;6;0;0;17518;12747;1489;1552;15843;2104;1730;0;141
FR;6;2022-10-17;14;14;2;10;14;1;12;0;2;17532;12761;1491;1562;15857;2105;1742;0;143
FR;6;2022-10-18;12;19;9;26;19;4;18;0;11;17544;12780;1500;1588;15876;2109;1760;0;154
FR;6;2022-10-19;10;20;6;16;20;5;19;0;5;17554;12800;1506;1604;15896;2114;1779;0;159
FR;6;2022-10-20;16;15;12;57;19;5;67;0;13;17570;12815;1518;1661;15915;2119;1846;0;172
FR;6;2022-10-21;16;21;9;34;22;11;37;0;10;17586;12836;1527;1695;15937;2130;1883;0;182
FR;6;2022-10-22;19;14;1;4;17;3;4;0;0;17605;12850;1528;1699;15954;2133;1887;0;182
FR;6;2022-10-23;3;3;1;0;4;0;1;0;0;17608;12853;1529;1699;15958;2133;1888;0;182
FR;6;2022-10-24;12;14;2;7;14;6;5;0;2;17620;12867;1531;1706;15972;2139;1893;0;184
FR;6;2022-10-25;20;13;6;17;16;7;19;0;4;17640;12880;1537;1723;15988;2146;1912;0;188
FR;6;2022-10-26;17;9;4;13;12;4;15;0;5;17657;12889;1541;1736;16000;2150;1927;0;193
FR;6;2022-10-27;20;7;8;37;10;6;36;0;14;17677;12896;1549;1773;16010;2156;1963;0;207
FR;6;2022-10-28;21;27;3;4;28;6;5;0;1;17698;12923;1552;1777;16038;2162;1968;0;208
FR;6;2022-10-29;7;11;5;11;10;6;14;0;12;17705;12934;1557;1788;16048;2168;1982;0;220
FR;6;2022-10-30;2;5;0;0;5;0;0;0;0;17707;12939;1557;1788;16053;2168;1982;0;220
FR;6;2022-10-31;20;14;2;13;17;4;12;0;3;17727;12953;1559;1801;16070;2172;1994;0;223
FR;6;2022-11-01;2;1;1;0;1;1;0;0;0;17729;12954;1560;1801;16071;2173;1994;0;223
FR;6;2022-11-02;15;25;9;21;26;11;19;0;12;17744;12979;1569;1822;16097;2184;2013;0;235
FR;6;2022-11-03;17;17;11;39;20;8;43;0;9;17761;12996;1580;1861;16117;2192;2056;0;244
FR;6;2022-11-04;19;22;9;16;27;5;16;0;10;17780;13018;1589;1877;16144;2197;2072;0;254
FR;6;2022-11-05;9;16;2;4;17;4;6;0;0;17789;13034;1591;1881;16161;2201;2078;0;254
FR;6;2022-11-06;5;1;0;0;1;0;0;0;0;17794;13035;1591;1881;16162;2201;2078;0;254
FR;6;2022-11-07;18;10;6;17;12;4;18;0;11;17812;13045;1597;1898;16174;2205;2096;0;265
FR;6;2022-11-08;18;10;2;3;8;5;5;0;4;17830;13055;1599;1901;16182;2210;2101;0;269
FR;6;2022-11-09;16;22;1;6;21;4;5;0;4;17846;13077;1600;1907;16203;2214;2106;0;273
FR;6;2022-11-10;10;10;4;12;8;5;11;0;10;17856;13087;1604;1919;16211;2219;2117;0;283
FR;6;2022-11-11;4;1;0;0;1;1;0;0;0;17860;13088;1604;1919;16212;2220;2117;0;283
FR;6;2022-11-12;4;11;1;7;11;2;5;0;9;17864;13099;1605;1926;16223;2222;2122;0;292
FR;6;2022-11-13;1;1;0;1;1;0;1;0;0;17865;13100;1605;1927;16224;2222;2123;0;292
FR;6;2022-11-14;13;10;7;32;14;8;33;0;14;17878;13110;1612;1959;16238;2230;2156;0;306
FR;6;2022-11-15;7;18;1;11;16;4;7;0;2;17885;13128;1613;1970;16254;2234;2163;0;308
FR;6;2022-11-16;16;15;9;32;16;3;42;0;9;17901;13143;1622;2002;16270;2237;2205;0;317
FR;6;2022-11-17;10;8;1;29;8;2;28;0;5;17911;13151;1623;2031;16278;2239;2233;0;322
FR;6;2022-11-18;19;12;5;23;17;4;25;0;7;17930;13163;1628;2054;16295;2243;2258;0;329
FR;6;2022-11-19;5;13;0;2;11;3;2;0;1;17935;13176;1628;2056;16306;2246;2260;0;330
FR;6;2022-11-20;2;1;2;0;1;2;0;0;0;17937;13177;1630;2056;16307;2248;2260;0;330
FR;6;2022-11-21;22;13;1;14;14;6;11;0;3;17959;13190;1631;2070;16321;2254;2271;0;333
FR;6;2022-11-22;14;9;0;4;11;1;3;0;1;17973;13199;1631;2074;16332;2255;2274;0;334
FR;6;2022-11-23;14;15;15;23;17;9;31;0;8;17987;13214;1646;2097;16349;2264;2305;0;342
FR;6;2022-11-24;14;17;1;13;19;5;12;0;7;18001;13231;1647;2110;16368;2269;2317;0;349
FR;6;2022-11-25;23;15;5;50;15;5;47;0;5;18024;13246;1652;2160;16383;2274;2364;0;354
FR;6;2022-11-26;9;5;2;4;3;2;5;0;1;18033;13251;1654;2164;16386;2276;2369;0;355
FR;6;2022-11-27;1;4;0;0;4;0;0;0;0;18034;13255;1654;2164;16390;2276;2369;0;355
FR;6;2022-11-28;9;11;6;22;11;3;24;0;11;18043;13266;1660;2186;16401;2279;2393;0;366
FR;6;2022-11-29;15;10;1;12;14;1;8;0;7;18058;13276;1661;2198;16415;2280;2401;0;373
FR;6;2022-11-30;18;20;8;23;19;12;22;0;8;18076;13296;1669;2221;16434;2292;2423;0;381
FR;6;2022-12-01;12;9;7;20;11;4;24;0;9;18088;13305;1676;2241;16445;2296;2447;0;390
FR;6;2022-12-02;17;9;12;36;12;8;42;0;1;18105;13314;1688;2277;16457;2304;2489;0;391
FR;6;2022-12-03;13;3;13;20;6;5;28;0;13;18118;13317;1701;2297;16463;2309;2517;0;404
FR;6;2022-12-04;3;1;0;2;1;0;2;0;0;18121;13318;1701;2299;16464;2309;2519;0;404
FR;6;2022-12-05;11;10;7;16;10;4;19;0;8;18132;13328;1708;2315;16474;2313;2538;0;412
FR;6;2022-12-06;10;19;3;30;12;11;28;0;3;18142;13347;1711;2345;16486;2324;2566;0;415
FR;6;2022-12-07;17;8;10;56;10;8;57;0;30;18159;13355;1721;2401;16496;2332;2623;0;445
FR;6;2022-12-08;9;13;8;19;11;7;21;0;13;18168;13368;1729;2420;16507;2339;2644;0;458
FR;6;2022-12-09;15;9;5;29;12;4;30;0;6;18183;13377;1734;2449;16519;2343;2674;0;464
FR;6;2022-12-10;12;9;6;9;7;4;14;0;7;18195;13386;1740;2458;16526;2347;2688;0;471
FR;6;2022-12-11;4;2;1;0;2;1;0;0;0;18199;13388;1741;2458;16528;2348;2688;0;471
FR;6;2022-12-12;17;10;8;36;14;9;33;0;17;18216;13398;1749;2494;16542;2357;2721;0;488
FR;6;2022-12-13;17;21;12;66;16;18;65;0;14;18233;13419;1761;2560;16558;2375;2786;0;502
FR;6;2022-12-14;14;13;8;53;11;12;53;0;14;18247;13432;1769;2613;16569;2387;2839;0;516
FR;6;2022-12-15;12;15;14;38;13;9;44;0;9;18259;13447;1783;2651;16582;2396;2883;0;525
FR;6;2022-12-16;18;14;15;39;15;14;39;0;13;18277;13461;1798;2690;16597;2410;2922;0;538
FR;6;2022-12-17;11;10;15;28;9;15;29;0;8;18288;13471;1813;2718;16606;2425;2951;0;546
FR;6;2022-12-18;7;4;0;2;5;0;2;0;0;18295;13475;1813;2720;16611;2425;2953;0;546
FR;6;2022-12-19;12;8;9;29;8;12;29;0;15;18307;13483;1822;2749;16619;2437;2982;0;561
FR;6;2022-12-20;17;23;11;23;17;19;22;0;21;18324;13506;1833;2772;16636;2456;3004;0;582
FR;6;2022-12-21;23;16;9;19;13;13;17;0;5;18347;13522;1842;2791;16649;2469;3021;0;587
FR;6;2022-12-22;13;14;9;21;15;13;18;0;11;18360;13536;1851;2812;16664;2482;3039;0;598
FR;6;2022-12-23;10;19;12;7;14;18;7;0;3;18370;13555;1863;2819;16678;2500;3046;0;601
FR;6;2022-12-24;4;5;3;1;5;2;2;0;1;18374;13560;1866;2820;16683;2502;3048;0;602
FR;6;2022-12-25;0;0;0;0;0;0;0;0;0;18374;13560;1866;2820;16683;2502;3048;0;602
FR;6;2022-12-26;8;12;12;11;10;18;11;0;3;18382;13572;1878;2831;16693;2520;3059;0;605
FR;6;2022-12-27;16;13;15;8;11;19;8;0;0;18398;13585;1893;2839;16704;2539;3067;0;605
FR;6;2022-12-28;15;19;6;8;19;9;9;0;4;18413;13604;1899;2847;16723;2548;3076;0;609
FR;6;2022-12-29;15;12;7;8;10;9;9;0;7;18428;13616;1906;2855;16733;2557;3085;0;616
FR;6;2022-12-30;20;19;13;8;20;13;11;0;4;18448;13635;1919;2863;16753;2570;3096;0;620
FR;6;2022-12-31;5;2;6;1;4;7;1;0;1;18453;13637;1925;2864;16757;2577;3097;0;621
FR;6;2023-01-01;2;1;0;3;0;3;0;0;1;18455;13638;1925;2867;16757;2580;3097;0;622
FR;6;2023-01-02;9;14;2;3;10;7;3;0;0;18464;13652;1927;2870;16767;2587;3100;0;622
FR;6;2023-01-03;8;17;9;21;17;9;21;0;7;18472;13669;1936;2891;16784;2596;3121;0;629
FR;6;2023-01-04;9;10;4;10;9;8;6;0;14;18481;13679;1940;2901;16793;2604;3127;0;643
FR;6;2023-01-05;11;11;6;23;10;3;26;0;8;18492;13690;1946;2924;16803;2607;3153;0;651
FR;6;2023-01-06;16;24;15;30;21;17;29;0;15;18508;13714;1961;2954;16824;2624;3182;0;666
FR;6;2023-01-07;9;19;4;1;10;13;3;0;1;18517;13733;1965;2955;16834;2637;3185;0;667
FR;6;2023-01-08;2;7;4;11;6;4;11;0;3;18519;13740;1969;2966;16840;2641;3196;0;670
FR;6;2023-01-09;16;10;5;35;9;8;34;0;17;18535;13750;1974;3001;16849;2649;3230;0;687
FR;6;2023-01-10;13;15;13;23;13;10;26;0;9;18548;13765;1987;3024;16862;2659;3256;0;696
FR;6;2023-01-11;15;14;5;16;18;6;14;0;12;18563;13779;1992;3040;16880;2665;3270;0;708
FR;6;2023-01-12;7;13;2;5;10;3;5;0;12;18570;13792;1994;3045;16890;2668;3275;0;720
FR;6;2023-01-13;19;14;18;43;14;20;43;0;31;18589;13806;2012;3088;16904;2688;3318;0;751
FR;6;2023-01-14;20;8;6;2;9;9;2;0;0;18609;13814;2018;3090;16913;2697;3320;0;751
FR;6;2023-01-15;0;0;1;3;0;1;3;0;0;18609;13814;2019;3093;16913;2698;3323;0;751
FR;6;2023-01-16;22;12;2;1;10;6;3;0;2;18631;13826;2021;3094;16923;2704;3326;0;753
FR;6;2023-01-17;8;17;12;8;17;11;14;0;5;18639;13843;2033;3102;16940;2715;3340;0;758
FR;6;2023-01-18;22;15;9;7;17;10;8;0;1;18661;13858;2042;3109;16957;2725;3348;0;759
FR;6;2023-01-19;9;9;14;9;11;12;13;0;7;18670;13867;2056;3118;16968;2737;3361;0;766
FR;6;2023-01-20;17;13;9;32;15;7;34;0;27;18687;13880;2065;3150;16983;2744;3395;0;793
FR;6;2023-01-21;12;7;5;2;6;8;3;0;1;18699;13887;2070;3152;16989;2752;3398;0;794
FR;6;2023-01-22;0;0;1;1;0;1;1;0;0;18699;13887;2071;3153;16989;2753;3399;0;794
FR;6;2023-01-23;9;9;5;11;8;5;11;0;3;18708;13896;2076;3164;16997;2758;3410;0;797
FR;6;2023-01-24;14;15;15;13;15;14;18;0;6;18722;13911;2091;3177;17012;2772;3428;0;803
FR;6;2023-01-25;15;7;5;3;6;6;4;0;4;18737;13918;2096;3180;17018;2778;3432;0;807
FR;6;2023-01-26;13;15;3;11;12;8;13;0;9;18750;13933;2099;3191;17030;2786;3445;0;816
FR;6;2023-01-27;21;17;7;34;22;7;29;0;29;18771;13950;2106;3225;17052;2793;3474;0;845
FR;6;2023-01-28;15;15;7;4;17;6;5;0;1;18786;13965;2113;3229;17069;2799;3479;0;846
FR;6;2023-01-29;1;4;0;0;3;1;0;0;0;18787;13969;2113;3229;17072;2800;3479;0;846
FR;6;2023-01-30;2;15;8;4;15;8;3;0;8;18789;13984;2121;3233;17087;2808;3482;0;854
FR;6;2023-01-31;9;8;5;8;8;5;8;0;5;18798;13992;2126;3241;17095;2813;3490;0;859
FR;6;2023-02-01;20;18;4;4;17;4;8;0;4;18818;14010;2130;3245;17112;2817;3498;0;863
FR;6;2023-02-02;8;10;9;1;10;10;1;0;1;18826;14020;2139;3246;17122;2827;3499;0;864
FR;6;2023-02-03;16;15;11;18;16;11;19;0;13;18842;14035;2150;3264;17138;2838;3518;0;877
FR;6;2023-02-04;6;9;9;7;11;9;8;0;2;18848;14044;2159;3271;17149;2847;3526;0;879
FR;6;2023-02-05;0;0;0;4;0;0;4;0;0;18848;14044;2159;3275;17149;2847;3530;0;879
FR;6;2023-02-06;10;16;1;4;15;5;4;0;0;18858;14060;2160;3279;17164;2852;3534;0;879
FR;6;2023-02-07;8;9;4;8;9;7;7;0;3;18866;14069;2164;3287;17173;2859;3541;0;882
FR;6;2023-02-08;7;3;3;2;2;6;1;0;1;18873;14072;2167;3289;17175;2865;3542;0;883
FR;6;2023-02-09;6;11;1;6;8;8;2;0;2;18879;14083;2168;3295;17183;2873;3544;0;885
FR;6;2023-02-10;13;21;6;12;15;15;11;0;2;18892;14104;2174;3307;17198;2888;3555;0;887
FR;6;2023-02-11;12;8;7;4;9;3;9;0;5;18904;14112;2181;3311;17207;2891;3564;0;892
FR;6;2023-02-12;0;1;0;0;1;0;0;0;0;18904;14113;2181;3311;17208;2891;3564;0;892
FR;6;2023-02-13;5;6;0;0;6;1;0;0;0;18909;14119;2181;3311;17214;2892;3564;0;892
FR;6;2023-02-14;12;13;3;15;15;4;14;0;0;18921;14132;2184;3326;17229;2896;3578;0;892
FR;6;2023-02-15;8;11;3;2;11;2;2;0;4;18929;14143;2187;3328;17240;2898;3580;0;896
FR;6;2023-02-16;17;8;1;3;18;1;3;0;4;18946;14151;2188;3331;17258;2899;3583;0;900
FR;6;2023-02-17;9;15;3;9;12;8;9;0;5;18955;14166;2191;3340;17270;2907;3592;0;905
FR;6;2023-02-18;10;6;1;1;7;1;1;0;0;18965;14172;2192;3341;17277;2908;3593;0;905
FR;6;2023-02-19;0;0;0;0;0;0;0;0;0;18965;14172;2192;3341;17277;2908;3593;0;905
FR;6;2023-02-20;10;8;3;2;9;5;1;0;0;18975;14180;2195;3343;17286;2913;3594;0;905
FR;6;2023-02-21;9;8;8;5;6;7;8;0;1;18984;14188;2203;3348;17292;2920;3602;0;906
FR;6;2023-02-22;4;13;1;3;13;3;3;0;5;18988;14201;2204;3351;17305;2923;3605;0;911
FR;6;2023-02-23;7;11;6;2;10;6;4;0;1;18995;14212;2210;3353;17315;2929;3609;0;912
FR;6;2023-02-24;9;13;5;21;14;5;19;0;15;19004;14225;2215;3374;17329;2934;3628;0;927
FR;6;2023-02-25;4;5;1;1;6;1;1;0;0;19008;14230;2216;3375;17335;2935;3629;0;927
FR;6;2023-02-26;0;1;0;0;0;1;0;0;0;19008;14231;2216;3375;17335;2936;3629;0;927
FR;6;2023-02-27;10;8;3;1;3;9;0;0;2;19018;14239;2219;3376;17338;2945;3629;0;929
FR;6;2023-02-28;3;8;4;4;9;3;6;0;0;19021;14247;2223;3380;17347;2948;3635;0;929
FR;6;2023-03-01;6;10;3;2;10;4;2;0;0;19027;14257;2226;3382;17357;2952;3637;0;929
FR;6;2023-03-02;8;7;1;3;7;3;2;0;5;19035;14264;2227;3385;17364;2955;3639;0;934
FR;6;2023-03-03;14;12;5;7;11;9;6;0;7;19049;14276;2232;3392;17375;2964;3645;0;941
FR;6;2023-03-04;8;14;1;0;13;3;0;0;0;19057;14290;2233;3392;17388;2967;3645;0;941
FR;6;2023-03-05;4;0;0;0;0;0;0;0;0;19061;14290;2233;3392;17388;2967;3645;0;941
FR;6;2023-03-06;8;12;0;1;11;2;0;0;1;19069;14302;2233;3393;17399;2969;3645;0;942
FR;6;2023-03-07;4;6;0;1;4;3;0;0;5;19073;14308;2233;3394;17403;2972;3645;0;947
FR;6;2023-03-08;3;7;2;0;7;2;0;0;0;19076;14315;2235;3394;17410;2974;3645;0;947
FR;6;2023-03-09;7;6;0;1;6;2;1;0;0;19083;14321;2235;3395;17416;2976;3646;0;947
FR;6;2023-03-10;9;9;2;9;9;2;9;0;9;19092;14330;2237;3404;17425;2978;3655;0;956
FR;6;2023-03-11;13;12;2;0;12;2;2;0;0;19105;14342;2239;3404;17437;2980;3657;0;956
FR;6;2023-03-12;2;0;0;0;1;0;0;0;0;19107;14342;2239;3404;17438;2980;3657;0;956
FR;6;2023-03-13;7;12;4;1;13;2;1;0;2;19114;14354;2243;3405;17451;2982;3658;0;958
FR;6;2023-03-14;5;12;2;0;8;6;0;0;0;19119;14366;2245;3405;17459;2988;3658;0;958
FR;6;2023-03-15;6;4;2;3;5;3;3;0;1;19125;14370;2247;3408;17464;2991;3661;0;959
FR;6;2023-03-16;9;5;2;0;5;3;0;0;0;19134;14375;2249;3408;17469;2994;3661;0;959
FR;6;2023-03-17;10;12;5;5;8;8;5;0;3;19144;14387;2254;3413;17477;3002;3666;0;962
FR;6;2023-03-18;6;2;2;0;3;2;0;0;0;19150;14389;2256;3413;17480;3004;3666;0;962
FR;6;2023-03-19;0;0;1;0;0;0;0;0;0;19150;14389;2257;3413;17480;3004;3666;0;962
FR;6;2023-03-20;2;6;3;7;5;4;5;0;4;19152;14395;2260;3420;17485;3008;3671;0;966
FR;6;2023-03-21;2;1;5;2;1;3;4;0;0;19154;14396;2265;3422;17486;3011;3675;0;966
FR;6;2023-03-22;1;4;3;0;4;3;0;0;3;19155;14400;2268;3422;17490;3014;3675;0;969
FR;6;2023-03-23;3;4;3;2;4;3;2;0;0;19158;14404;2271;3424;17494;3017;3677;0;969
FR;6;2023-03-24;3;9;6;0;9;7;0;0;0;19161;14413;2277;3424;17503;3024;3677;0;969
FR;6;2023-03-25;10;7;0;0;9;0;0;0;0;19171;14420;2277;3424;17512;3024;3677;0;969
FR;6;2023-03-26;0;0;0;0;0;0;0;0;0;19171;14420;2277;3424;17512;3024;3677;0;969
FR;6;2023-03-27;6;9;2;2;8;4;1;0;0;19177;14429;2279;3426;17520;3028;3678;0;969
FR;6;2023-03-28;8;4;2;2;6;2;2;0;2;19185;14433;2281;3428;17526;3030;3680;0;971
FR;6;2023-03-29;4;1;2;0;1;2;0;0;0;19189;14434;2283;3428;17527;3032;3680;0;971
FR;6;2023-03-30;4;7;1;0;5;3;0;0;0;19193;14441;2284;3428;17532;3035;3680;0;971
FR;6;2023-03-31;1;3;3;3;3;3;1;0;7;19194;14444;2287;3431;17535;3038;3681;0;978
FR;6;2023-04-01;5;11;0;0;11;1;0;0;3;19199;14455;2287;3431;17546;3039;3681;0;981
FR;6;2023-04-02;0;0;0;0;0;0;0;0;0;19199;14455;2287;3431;17546;3039;3681;0;981
FR;6;2023-04-03;5;8;0;1;10;0;1;0;2;19204;14463;2287;3432;17556;3039;3682;0;983
FR;6;2023-04-04;5;10;2;4;8;3;5;0;6;19209;14473;2289;3436;17564;3042;3687;0;989
FR;6;2023-04-05;0;7;3;0;7;3;0;0;2;19209;14480;2292;3436;17571;3045;3687;0;991
FR;6;2023-04-06;3;6;4;1;3;7;1;0;2;19212;14486;2296;3437;17574;3052;3688;0;993
FR;6;2023-04-07;11;8;2;0;9;4;0;0;0;19223;14494;2298;3437;17583;3056;3688;0;993
FR;6;2023-04-08;2;1;3;0;1;3;0;0;0;19225;14495;2301;3437;17584;3059;3688;0;993
FR;6;2023-04-09;0;0;0;0;0;0;0;0;0;19225;14495;2301;3437;17584;3059;3688;0;993
FR;6;2023-04-10;0;0;0;0;0;0;0;0;0;19225;14495;2301;3437;17584;3059;3688;0;993
FR;6;2023-04-11;3;8;1;0;6;3;0;0;0;19228;14503;2302;3437;17590;3062;3688;0;993
FR;6;2023-04-12;3;4;2;0;5;2;0;0;4;19231;14507;2304;3437;17595;3064;3688;0;997
FR;6;2023-04-13;1;4;0;0;3;1;0;0;2;19232;14511;2304;3437;17598;3065;3688;0;999
FR;6;2023-04-14;4;5;0;0;5;0;0;0;1;19236;14516;2304;3437;17603;3065;3688;0;1000
FR;6;2023-04-15;7;2;1;1;4;1;1;0;0;19243;14518;2305;3438;17607;3066;3689;0;1000
FR;6;2023-04-16;0;2;0;0;1;1;0;0;0;19243;14520;2305;3438;17608;3067;3689;0;1000
FR;6;2023-04-17;4;8;2;0;8;2;0;0;0;19247;14528;2307;3438;17616;3069;3689;0;1000
FR;6;2023-04-18;3;2;1;0;2;1;0;0;1;19250;14530;2308;3438;17618;3070;3689;0;1001
FR;6;2023-04-19;1;3;0;0;2;1;0;0;0;19251;14533;2308;3438;17620;3071;3689;0;1001
FR;6;2023-04-20;5;4;0;0;3;2;0;0;0;19256;14537;2308;3438;17623;3073;3689;0;1001
FR;6;2023-04-21;7;3;2;3;1;5;3;0;1;19263;14540;2310;3441;17624;3078;3692;0;1002
FR;6;2023-04-22;3;3;3;0;1;5;0;0;0;19266;14543;2313;3441;17625;3083;3692;0;1002
FR;6;2023-04-23;0;1;0;0;0;1;0;0;0;19266;14544;2313;3441;17625;3084;3692;0;1002
FR;6;2023-04-24;2;8;0;1;5;3;1;0;0;19268;14552;2313;3442;17630;3087;3693;0;1002
FR;8;2020-12-27;0;0;0;0;0;0;0;0;0;0;0;0;0;0;0;0;0;0
FR;8;2020-12-28;0;0;0;0;0;0;0;0;0;0;0;0;0;0;0;0;0;0
FR;8;2020-12-29;0;0;0;0;0;0;0;0;0;0;0;0;0;0;0;0;0;0
FR;8;2020-12-30;0;0;0;0;0;0;0;0;0;0;0;0;0;0;0;0;0;0
FR;8;2020-12-31;0;0;0;0;0;0;0;0;0;0;0;0;0;0;0;0;0;0
FR;8;2021-01-01;0;0;0;0;0;0;0;0;0;0;0;0;0;0;0;0;0;0
FR;8;2021-01-02;0;0;0;0;0;0;0;0;0;0;0;0;0;0;0;0;0;0
FR;8;2021-01-03;0;0;0;0;0;0;0;0;0;0;0;0;0;0;0;0;0;0
FR;8;2021-01-04;0;0;0;0;0;0;0;0;0;0;0;0;0;0;0;0;0;0
FR;8;2021-01-05;0;0;0;0;0;0;0;0;0;0;0;0;0;0;0;0;0;0
FR;8;2021-01-06;0;0;0;0;0;0;0;0;0;0;0;0;0;0;0;0;0;0
FR;8;2021-01-07;0;0;0;0;0;0;0;0;0;0;0;0;0;0;0;0;0;0
FR;8;2021-01-08;0;0;0;0;0;0;0;0;0;0;0;0;0;0;0;0;0;0
FR;8;2021-01-09;0;0;0;0;0;0;0;0;0;0;0;0;0;0;0;0;0;0
FR;8;2021-01-10;0;0;0;0;0;0;0;0;0;0;0;0;0;0;0;0;0;0
FR;8;2021-01-11;0;0;0;0;0;0;0;0;0;0;0;0;0;0;0;0;0;0
FR;8;2021-01-12;0;0;0;0;0;0;0;0;0;0;0;0;0;0;0;0;0;0
FR;8;2021-01-13;0;0;0;0;0;0;0;0;0;0;0;0;0;0;0;0;0;0
FR;8;2021-01-14;0;0;0;0;0;0;0;0;0;0;0;0;0;0;0;0;0;0
FR;8;2021-01-15;0;0;0;0;0;0;0;0;0;0;0;0;0;0;0;0;0;0
FR;8;2021-01-16;0;0;0;0;0;0;0;0;0;0;0;0;0;0;0;0;0;0
FR;8;2021-01-17;0;0;0;0;0;0;0;0;0;0;0;0;0;0;0;0;0;0
FR;8;2021-01-18;0;0;0;0;0;0;0;0;0;0;0;0;0;0;0;0;0;0
FR;8;2021-01-19;0;0;0;0;0;0;0;0;0;0;0;0;0;0;0;0;0;0
FR;8;2021-01-20;0;0;0;0;0;0;0;0;0;0;0;0;0;0;0;0;0;0
FR;8;2021-01-21;0;0;0;0;0;0;0;0;0;0;0;0;0;0;0;0;0;0
FR;8;2021-01-22;0;0;0;0;0;0;0;0;0;0;0;0;0;0;0;0;0;0
FR;8;2021-01-23;0;0;0;0;0;0;0;0;0;0;0;0;0;0;0;0;0;0
FR;8;2021-01-24;0;0;0;0;0;0;0;0;0;0;0;0;0;0;0;0;0;0
FR;8;2021-01-25;0;0;0;0;0;0;0;0;0;0;0;0;0;0;0;0;0;0
FR;8;2021-01-26;0;0;0;0;0;0;0;0;0;0;0;0;0;0;0;0;0;0
FR;8;2021-01-27;0;0;0;0;0;0;0;0;0;0;0;0;0;0;0;0;0;0
FR;8;2021-01-28;0;0;0;0;0;0;0;0;0;0;0;0;0;0;0;0;0;0
FR;8;2021-01-29;0;0;0;0;0;0;0;0;0;0;0;0;0;0;0;0;0;0
FR;8;2021-01-30;0;0;0;0;0;0;0;0;0;0;0;0;0;0;0;0;0;0
FR;8;2021-01-31;0;0;0;0;0;0;0;0;0;0;0;0;0;0;0;0;0;0
FR;8;2021-02-01;0;0;0;0;0;0;0;0;0;0;0;0;0;0;0;0;0;0
FR;8;2021-02-02;0;0;0;0;0;0;0;0;0;0;0;0;0;0;0;0;0;0
FR;8;2021-02-03;0;0;0;0;0;0;0;0;0;0;0;0;0;0;0;0;0;0
FR;8;2021-02-04;0;0;0;0;0;0;0;0;0;0;0;0;0;0;0;0;0;0
FR;8;2021-02-05;0;0;0;0;0;0;0;0;0;0;0;0;0;0;0;0;0;0
FR;8;2021-02-06;0;0;0;0;0;0;0;0;0;0;0;0;0;0;0;0;0;0
FR;8;2021-02-07;0;0;0;0;0;0;0;0;0;0;0;0;0;0;0;0;0;0
FR;8;2021-02-08;0;0;0;0;0;0;0;0;0;0;0;0;0;0;0;0;0;0
FR;8;2021-02-09;0;0;0;0;0;0;0;0;0;0;0;0;0;0;0;0;0;0
FR;8;2021-02-10;0;0;0;0;0;0;0;0;0;0;0;0;0;0;0;0;0;0
FR;8;2021-02-11;0;0;0;0;0;0;0;0;0;0;0;0;0;0;0;0;0;0
FR;8;2021-02-12;0;0;0;0;0;0;0;0;0;0;0;0;0;0;0;0;0;0
FR;8;2021-02-13;0;0;0;0;0;0;0;0;0;0;0;0;0;0;0;0;0;0
FR;8;2021-02-14;0;0;0;0;0;0;0;0;0;0;0;0;0;0;0;0;0;0
FR;8;2021-02-15;0;0;0;0;0;0;0;0;0;0;0;0;0;0;0;0;0;0
FR;8;2021-02-16;0;0;0;0;0;0;0;0;0;0;0;0;0;0;0;0;0;0
FR;8;2021-02-17;0;0;0;0;0;0;0;0;0;0;0;0;0;0;0;0;0;0
FR;8;2021-02-18;0;0;0;0;0;0;0;0;0;0;0;0;0;0;0;0;0;0
FR;8;2021-02-19;0;0;0;0;0;0;0;0;0;0;0;0;0;0;0;0;0;0
FR;8;2021-02-20;0;0;0;0;0;0;0;0;0;0;0;0;0;0;0;0;0;0
FR;8;2021-02-21;0;0;0;0;0;0;0;0;0;0;0;0;0;0;0;0;0;0
FR;8;2021-02-22;0;0;0;0;0;0;0;0;0;0;0;0;0;0;0;0;0;0
FR;8;2021-02-23;0;0;0;0;0;0;0;0;0;0;0;0;0;0;0;0;0;0
FR;8;2021-02-24;0;0;0;0;0;0;0;0;0;0;0;0;0;0;0;0;0;0
FR;8;2021-02-25;0;0;0;0;0;0;0;0;0;0;0;0;0;0;0;0;0;0
FR;8;2021-02-26;0;0;0;0;0;0;0;0;0;0;0;0;0;0;0;0;0;0
FR;8;2021-02-27;0;0;0;0;0;0;0;0;0;0;0;0;0;0;0;0;0;0
FR;8;2021-02-28;0;0;0;0;0;0;0;0;0;0;0;0;0;0;0;0;0;0
FR;8;2021-03-01;0;0;0;0;0;0;0;0;0;0;0;0;0;0;0;0;0;0
FR;8;2021-03-02;0;0;0;0;0;0;0;0;0;0;0;0;0;0;0;0;0;0
FR;8;2021-03-03;0;0;0;0;0;0;0;0;0;0;0;0;0;0;0;0;0;0
FR;8;2021-03-04;0;0;0;0;0;0;0;0;0;0;0;0;0;0;0;0;0;0
FR;8;2021-03-05;0;0;0;0;0;0;0;0;0;0;0;0;0;0;0;0;0;0
FR;8;2021-03-06;0;0;0;0;0;0;0;0;0;0;0;0;0;0;0;0;0;0
FR;8;2021-03-07;0;0;0;0;0;0;0;0;0;0;0;0;0;0;0;0;0;0
FR;8;2021-03-08;0;0;0;0;0;0;0;0;0;0;0;0;0;0;0;0;0;0
FR;8;2021-03-09;0;0;0;0;0;0;0;0;0;0;0;0;0;0;0;0;0;0
FR;8;2021-03-10;0;0;0;0;0;0;0;0;0;0;0;0;0;0;0;0;0;0
FR;8;2021-03-11;0;0;0;0;0;0;0;0;0;0;0;0;0;0;0;0;0;0
FR;8;2021-03-12;0;0;0;0;0;0;0;0;0;0;0;0;0;0;0;0;0;0
FR;8;2021-03-13;0;0;0;0;0;0;0;0;0;0;0;0;0;0;0;0;0;0
FR;8;2021-03-14;0;0;0;0;0;0;0;0;0;0;0;0;0;0;0;0;0;0
FR;8;2021-03-15;0;0;0;0;0;0;0;0;0;0;0;0;0;0;0;0;0;0
FR;8;2021-03-16;0;0;0;0;0;0;0;0;0;0;0;0;0;0;0;0;0;0
FR;8;2021-03-17;0;0;0;0;0;0;0;0;0;0;0;0;0;0;0;0;0;0
FR;8;2021-03-18;0;0;0;0;0;0;0;0;0;0;0;0;0;0;0;0;0;0
FR;8;2021-03-19;0;0;0;0;0;0;0;0;0;0;0;0;0;0;0;0;0;0
FR;8;2021-03-20;0;0;0;0;0;0;0;0;0;0;0;0;0;0;0;0;0;0
FR;8;2021-03-21;0;0;0;0;0;0;0;0;0;0;0;0;0;0;0;0;0;0
FR;8;2021-03-22;0;0;0;0;0;0;0;0;0;0;0;0;0;0;0;0;0;0
FR;8;2021-03-23;0;0;0;0;0;0;0;0;0;0;0;0;0;0;0;0;0;0
FR;8;2021-03-24;0;0;0;0;0;0;0;0;0;0;0;0;0;0;0;0;0;0
FR;8;2021-03-25;0;0;0;0;0;0;0;0;0;0;0;0;0;0;0;0;0;0
FR;8;2021-03-26;0;0;0;0;0;0;0;0;0;0;0;0;0;0;0;0;0;0
FR;8;2021-03-27;0;0;0;0;0;0;0;0;0;0;0;0;0;0;0;0;0;0
FR;8;2021-03-28;0;0;0;0;0;0;0;0;0;0;0;0;0;0;0;0;0;0
FR;8;2021-03-29;0;0;0;0;0;0;0;0;0;0;0;0;0;0;0;0;0;0
FR;8;2021-03-30;0;0;0;0;0;0;0;0;0;0;0;0;0;0;0;0;0;0
FR;8;2021-03-31;0;0;0;0;0;0;0;0;0;0;0;0;0;0;0;0;0;0
FR;8;2021-04-01;0;0;0;0;0;0;0;0;0;0;0;0;0;0;0;0;0;0
FR;8;2021-04-02;0;0;0;0;0;0;0;0;0;0;0;0;0;0;0;0;0;0
FR;8;2021-04-03;0;0;0;0;0;0;0;0;0;0;0;0;0;0;0;0;0;0
FR;8;2021-04-04;0;0;0;0;0;0;0;0;0;0;0;0;0;0;0;0;0;0
FR;8;2021-04-05;0;0;0;0;0;0;0;0;0;0;0;0;0;0;0;0;0;0
FR;8;2021-04-06;0;0;0;0;0;0;0;0;0;0;0;0;0;0;0;0;0;0
FR;8;2021-04-07;0;0;0;0;0;0;0;0;0;0;0;0;0;0;0;0;0;0
FR;8;2021-04-08;0;0;0;0;0;0;0;0;0;0;0;0;0;0;0;0;0;0
FR;8;2021-04-09;0;0;0;0;0;0;0;0;0;0;0;0;0;0;0;0;0;0
FR;8;2021-04-10;0;0;0;0;0;0;0;0;0;0;0;0;0;0;0;0;0;0
FR;8;2021-04-11;0;0;0;0;0;0;0;0;0;0;0;0;0;0;0;0;0;0
FR;8;2021-04-12;0;0;0;0;0;0;0;0;0;0;0;0;0;0;0;0;0;0
FR;8;2021-04-13;0;0;0;0;0;0;0;0;0;0;0;0;0;0;0;0;0;0
FR;8;2021-04-14;0;0;0;0;0;0;0;0;0;0;0;0;0;0;0;0;0;0
FR;8;2021-04-15;0;0;0;0;0;0;0;0;0;0;0;0;0;0;0;0;0;0
FR;8;2021-04-16;0;0;0;0;0;0;0;0;0;0;0;0;0;0;0;0;0;0
FR;8;2021-04-17;0;0;0;0;0;0;0;0;0;0;0;0;0;0;0;0;0;0
FR;8;2021-04-18;0;0;0;0;0;0;0;0;0;0;0;0;0;0;0;0;0;0
FR;8;2021-04-19;0;0;0;0;0;0;0;0;0;0;0;0;0;0;0;0;0;0
FR;8;2021-04-20;0;0;0;0;0;0;0;0;0;0;0;0;0;0;0;0;0;0
FR;8;2021-04-21;0;0;0;0;0;0;0;0;0;0;0;0;0;0;0;0;0;0
FR;8;2021-04-22;0;0;0;0;0;0;0;0;0;0;0;0;0;0;0;0;0;0
FR;8;2021-04-23;0;0;0;0;0;0;0;0;0;0;0;0;0;0;0;0;0;0
FR;8;2021-04-24;0;0;0;0;0;0;0;0;0;0;0;0;0;0;0;0;0;0
FR;8;2021-04-25;0;0;0;0;0;0;0;0;0;0;0;0;0;0;0;0;0;0
FR;8;2021-04-26;0;0;0;0;0;0;0;0;0;0;0;0;0;0;0;0;0;0
FR;8;2021-04-27;0;0;0;0;0;0;0;0;0;0;0;0;0;0;0;0;0;0
FR;8;2021-04-28;0;0;0;0;0;0;0;0;0;0;0;0;0;0;0;0;0;0
FR;8;2021-04-29;0;0;0;0;0;0;0;0;0;0;0;0;0;0;0;0;0;0
FR;8;2021-04-30;0;0;0;0;0;0;0;0;0;0;0;0;0;0;0;0;0;0
FR;8;2021-05-01;0;0;0;0;0;0;0;0;0;0;0;0;0;0;0;0;0;0
FR;8;2021-05-02;0;0;0;0;0;0;0;0;0;0;0;0;0;0;0;0;0;0
FR;8;2021-05-03;0;0;0;0;0;0;0;0;0;0;0;0;0;0;0;0;0;0
FR;8;2021-05-04;0;0;0;0;0;0;0;0;0;0;0;0;0;0;0;0;0;0
FR;8;2021-05-05;0;0;0;0;0;0;0;0;0;0;0;0;0;0;0;0;0;0
FR;8;2021-05-06;0;0;0;0;0;0;0;0;0;0;0;0;0;0;0;0;0;0
FR;8;2021-05-07;0;0;0;0;0;0;0;0;0;0;0;0;0;0;0;0;0;0
FR;8;2021-05-08;0;0;0;0;0;0;0;0;0;0;0;0;0;0;0;0;0;0
FR;8;2021-05-09;0;0;0;0;0;0;0;0;0;0;0;0;0;0;0;0;0;0
FR;8;2021-05-10;0;0;0;0;0;0;0;0;0;0;0;0;0;0;0;0;0;0
FR;8;2021-05-11;0;0;0;0;0;0;0;0;0;0;0;0;0;0;0;0;0;0
FR;8;2021-05-12;0;0;0;0;0;0;0;0;0;0;0;0;0;0;0;0;0;0
FR;8;2021-05-13;0;0;0;0;0;0;0;0;0;0;0;0;0;0;0;0;0;0
FR;8;2021-05-14;0;0;0;0;0;0;0;0;0;0;0;0;0;0;0;0;0;0
FR;8;2021-05-15;0;0;0;0;0;0;0;0;0;0;0;0;0;0;0;0;0;0
FR;8;2021-05-16;0;0;0;0;0;0;0;0;0;0;0;0;0;0;0;0;0;0
FR;8;2021-05-17;0;0;0;0;0;0;0;0;0;0;0;0;0;0;0;0;0;0
FR;8;2021-05-18;0;0;0;0;0;0;0;0;0;0;0;0;0;0;0;0;0;0
FR;8;2021-05-19;0;0;0;0;0;0;0;0;0;0;0;0;0;0;0;0;0;0
FR;8;2021-05-20;0;0;0;0;0;0;0;0;0;0;0;0;0;0;0;0;0;0
FR;8;2021-05-21;0;0;0;0;0;0;0;0;0;0;0;0;0;0;0;0;0;0
FR;8;2021-05-22;0;0;0;0;0;0;0;0;0;0;0;0;0;0;0;0;0;0
FR;8;2021-05-23;0;0;0;0;0;0;0;0;0;0;0;0;0;0;0;0;0;0
FR;8;2021-05-24;0;0;0;0;0;0;0;0;0;0;0;0;0;0;0;0;0;0
FR;8;2021-05-25;0;0;0;0;0;0;0;0;0;0;0;0;0;0;0;0;0;0
FR;8;2021-05-26;0;0;0;0;0;0;0;0;0;0;0;0;0;0;0;0;0;0
FR;8;2021-05-27;0;0;0;0;0;0;0;0;0;0;0;0;0;0;0;0;0;0
FR;8;2021-05-28;0;0;0;0;0;0;0;0;0;0;0;0;0;0;0;0;0;0
FR;8;2021-05-29;0;0;0;0;0;0;0;0;0;0;0;0;0;0;0;0;0;0
FR;8;2021-05-30;0;0;0;0;0;0;0;0;0;0;0;0;0;0;0;0;0;0
FR;8;2021-05-31;0;0;0;0;0;0;0;0;0;0;0;0;0;0;0;0;0;0
FR;8;2021-06-01;0;0;0;0;0;0;0;0;0;0;0;0;0;0;0;0;0;0
FR;8;2021-06-02;0;0;0;0;0;0;0;0;0;0;0;0;0;0;0;0;0;0
FR;8;2021-06-03;0;0;0;0;0;0;0;0;0;0;0;0;0;0;0;0;0;0
FR;8;2021-06-04;0;0;0;0;0;0;0;0;0;0;0;0;0;0;0;0;0;0
FR;8;2021-06-05;0;0;0;0;0;0;0;0;0;0;0;0;0;0;0;0;0;0
FR;8;2021-06-06;0;0;0;0;0;0;0;0;0;0;0;0;0;0;0;0;0;0
FR;8;2021-06-07;0;0;0;0;0;0;0;0;0;0;0;0;0;0;0;0;0;0
FR;8;2021-06-08;0;0;0;0;0;0;0;0;0;0;0;0;0;0;0;0;0;0
FR;8;2021-06-09;0;0;0;0;0;0;0;0;0;0;0;0;0;0;0;0;0;0
FR;8;2021-06-10;0;0;0;0;0;0;0;0;0;0;0;0;0;0;0;0;0;0
FR;8;2021-06-11;0;0;0;0;0;0;0;0;0;0;0;0;0;0;0;0;0;0
FR;8;2021-06-12;0;0;0;0;0;0;0;0;0;0;0;0;0;0;0;0;0;0
FR;8;2021-06-13;0;0;0;0;0;0;0;0;0;0;0;0;0;0;0;0;0;0
FR;8;2021-06-14;0;0;0;0;0;0;0;0;0;0;0;0;0;0;0;0;0;0
FR;8;2021-06-15;0;0;0;0;0;0;0;0;0;0;0;0;0;0;0;0;0;0
FR;8;2021-06-16;0;0;0;0;0;0;0;0;0;0;0;0;0;0;0;0;0;0
FR;8;2021-06-17;0;0;0;0;0;0;0;0;0;0;0;0;0;0;0;0;0;0
FR;8;2021-06-18;0;0;0;0;0;0;0;0;0;0;0;0;0;0;0;0;0;0
FR;8;2021-06-19;0;0;0;0;0;0;0;0;0;0;0;0;0;0;0;0;0;0
FR;8;2021-06-20;0;0;0;0;0;0;0;0;0;0;0;0;0;0;0;0;0;0
FR;8;2021-06-21;0;0;0;0;0;0;0;0;0;0;0;0;0;0;0;0;0;0
FR;8;2021-06-22;0;0;0;0;0;0;0;0;0;0;0;0;0;0;0;0;0;0
FR;8;2021-06-23;0;0;0;0;0;0;0;0;0;0;0;0;0;0;0;0;0;0
FR;8;2021-06-24;0;0;0;0;0;0;0;0;0;0;0;0;0;0;0;0;0;0
FR;8;2021-06-25;0;0;0;0;0;0;0;0;0;0;0;0;0;0;0;0;0;0
FR;8;2021-06-26;0;0;0;0;0;0;0;0;0;0;0;0;0;0;0;0;0;0
FR;8;2021-06-27;0;0;0;0;0;0;0;0;0;0;0;0;0;0;0;0;0;0
FR;8;2021-06-28;0;0;0;0;0;0;0;0;0;0;0;0;0;0;0;0;0;0
FR;8;2021-06-29;0;0;0;0;0;0;0;0;0;0;0;0;0;0;0;0;0;0
FR;8;2021-06-30;0;0;0;0;0;0;0;0;0;0;0;0;0;0;0;0;0;0
FR;8;2021-07-01;0;0;0;0;0;0;0;0;0;0;0;0;0;0;0;0;0;0
FR;8;2021-07-02;0;0;0;0;0;0;0;0;0;0;0;0;0;0;0;0;0;0
FR;8;2021-07-03;0;0;0;0;0;0;0;0;0;0;0;0;0;0;0;0;0;0
FR;8;2021-07-04;0;0;0;0;0;0;0;0;0;0;0;0;0;0;0;0;0;0
FR;8;2021-07-05;0;0;0;0;0;0;0;0;0;0;0;0;0;0;0;0;0;0
FR;8;2021-07-06;0;0;0;0;0;0;0;0;0;0;0;0;0;0;0;0;0;0
FR;8;2021-07-07;0;0;0;0;0;0;0;0;0;0;0;0;0;0;0;0;0;0
FR;8;2021-07-08;0;0;0;0;0;0;0;0;0;0;0;0;0;0;0;0;0;0
FR;8;2021-07-09;0;0;0;0;0;0;0;0;0;0;0;0;0;0;0;0;0;0
FR;8;2021-07-10;0;0;0;0;0;0;0;0;0;0;0;0;0;0;0;0;0;0
FR;8;2021-07-11;0;0;0;0;0;0;0;0;0;0;0;0;0;0;0;0;0;0
FR;8;2021-07-12;0;0;0;0;0;0;0;0;0;0;0;0;0;0;0;0;0;0
FR;8;2021-07-13;0;0;0;0;0;0;0;0;0;0;0;0;0;0;0;0;0;0
FR;8;2021-07-14;0;0;0;0;0;0;0;0;0;0;0;0;0;0;0;0;0;0
FR;8;2021-07-15;0;0;0;0;0;0;0;0;0;0;0;0;0;0;0;0;0;0
FR;8;2021-07-16;0;0;0;0;0;0;0;0;0;0;0;0;0;0;0;0;0;0
FR;8;2021-07-17;0;0;0;0;0;0;0;0;0;0;0;0;0;0;0;0;0;0
FR;8;2021-07-18;0;0;0;0;0;0;0;0;0;0;0;0;0;0;0;0;0;0
FR;8;2021-07-19;0;0;0;0;0;0;0;0;0;0;0;0;0;0;0;0;0;0
FR;8;2021-07-20;0;0;0;0;0;0;0;0;0;0;0;0;0;0;0;0;0;0
FR;8;2021-07-21;0;0;0;0;0;0;0;0;0;0;0;0;0;0;0;0;0;0
FR;8;2021-07-22;0;0;0;0;0;0;0;0;0;0;0;0;0;0;0;0;0;0
FR;8;2021-07-23;0;0;0;0;0;0;0;0;0;0;0;0;0;0;0;0;0;0
FR;8;2021-07-24;0;0;0;0;0;0;0;0;0;0;0;0;0;0;0;0;0;0
FR;8;2021-07-25;0;0;0;0;0;0;0;0;0;0;0;0;0;0;0;0;0;0
FR;8;2021-07-26;0;0;0;0;0;0;0;0;0;0;0;0;0;0;0;0;0;0
FR;8;2021-07-27;0;0;0;0;0;0;0;0;0;0;0;0;0;0;0;0;0;0
FR;8;2021-07-28;0;0;0;0;0;0;0;0;0;0;0;0;0;0;0;0;0;0
FR;8;2021-07-29;0;0;0;0;0;0;0;0;0;0;0;0;0;0;0;0;0;0
FR;8;2021-07-30;0;0;0;0;0;0;0;0;0;0;0;0;0;0;0;0;0;0
FR;8;2021-07-31;0;0;0;0;0;0;0;0;0;0;0;0;0;0;0;0;0;0
FR;8;2021-08-01;0;0;0;0;0;0;0;0;0;0;0;0;0;0;0;0;0;0
FR;8;2021-08-02;0;0;0;0;0;0;0;0;0;0;0;0;0;0;0;0;0;0
FR;8;2021-08-03;0;0;0;0;0;0;0;0;0;0;0;0;0;0;0;0;0;0
FR;8;2021-08-04;0;0;0;0;0;0;0;0;0;0;0;0;0;0;0;0;0;0
FR;8;2021-08-05;0;0;0;0;0;0;0;0;0;0;0;0;0;0;0;0;0;0
FR;8;2021-08-06;0;0;0;0;0;0;0;0;0;0;0;0;0;0;0;0;0;0
FR;8;2021-08-07;0;0;0;0;0;0;0;0;0;0;0;0;0;0;0;0;0;0
FR;8;2021-08-08;0;0;0;0;0;0;0;0;0;0;0;0;0;0;0;0;0;0
FR;8;2021-08-09;0;0;0;0;0;0;0;0;0;0;0;0;0;0;0;0;0;0
FR;8;2021-08-10;0;0;0;0;0;0;0;0;0;0;0;0;0;0;0;0;0;0
FR;8;2021-08-11;0;0;0;0;0;0;0;0;0;0;0;0;0;0;0;0;0;0
FR;8;2021-08-12;0;0;0;0;0;0;0;0;0;0;0;0;0;0;0;0;0;0
FR;8;2021-08-13;0;0;0;0;0;0;0;0;0;0;0;0;0;0;0;0;0;0
FR;8;2021-08-14;0;0;0;0;0;0;0;0;0;0;0;0;0;0;0;0;0;0
FR;8;2021-08-15;0;0;0;0;0;0;0;0;0;0;0;0;0;0;0;0;0;0
FR;8;2021-08-16;0;0;0;0;0;0;0;0;0;0;0;0;0;0;0;0;0;0
FR;8;2021-08-17;0;0;0;0;0;0;0;0;0;0;0;0;0;0;0;0;0;0
FR;8;2021-08-18;0;0;0;0;0;0;0;0;0;0;0;0;0;0;0;0;0;0
FR;8;2021-08-19;0;0;0;0;0;0;0;0;0;0;0;0;0;0;0;0;0;0
FR;8;2021-08-20;0;0;0;0;0;0;0;0;0;0;0;0;0;0;0;0;0;0
FR;8;2021-08-21;0;0;0;0;0;0;0;0;0;0;0;0;0;0;0;0;0;0
FR;8;2021-08-22;0;0;0;0;0;0;0;0;0;0;0;0;0;0;0;0;0;0
FR;8;2021-08-23;0;0;0;0;0;0;0;0;0;0;0;0;0;0;0;0;0;0
FR;8;2021-08-24;0;0;0;0;0;0;0;0;0;0;0;0;0;0;0;0;0;0
FR;8;2021-08-25;0;0;0;0;0;0;0;0;0;0;0;0;0;0;0;0;0;0
FR;8;2021-08-26;0;0;0;0;0;0;0;0;0;0;0;0;0;0;0;0;0;0
FR;8;2021-08-27;0;0;0;0;0;0;0;0;0;0;0;0;0;0;0;0;0;0
FR;8;2021-08-28;0;0;0;0;0;0;0;0;0;0;0;0;0;0;0;0;0;0
FR;8;2021-08-29;0;0;0;0;0;0;0;0;0;0;0;0;0;0;0;0;0;0
FR;8;2021-08-30;0;0;0;0;0;0;0;0;0;0;0;0;0;0;0;0;0;0
FR;8;2021-08-31;0;0;0;0;0;0;0;0;0;0;0;0;0;0;0;0;0;0
FR;8;2021-09-01;0;0;0;0;0;0;0;0;0;0;0;0;0;0;0;0;0;0
FR;8;2021-09-02;0;0;0;0;0;0;0;0;0;0;0;0;0;0;0;0;0;0
FR;8;2021-09-03;0;0;0;0;0;0;0;0;0;0;0;0;0;0;0;0;0;0
FR;8;2021-09-04;0;0;0;0;0;0;0;0;0;0;0;0;0;0;0;0;0;0
FR;8;2021-09-05;0;0;0;0;0;0;0;0;0;0;0;0;0;0;0;0;0;0
FR;8;2021-09-06;0;0;0;0;0;0;0;0;0;0;0;0;0;0;0;0;0;0
FR;8;2021-09-07;0;0;0;0;0;0;0;0;0;0;0;0;0;0;0;0;0;0
FR;8;2021-09-08;0;0;0;0;0;0;0;0;0;0;0;0;0;0;0;0;0;0
FR;8;2021-09-09;0;0;0;0;0;0;0;0;0;0;0;0;0;0;0;0;0;0
FR;8;2021-09-10;0;0;0;0;0;0;0;0;0;0;0;0;0;0;0;0;0;0
FR;8;2021-09-11;0;0;0;0;0;0;0;0;0;0;0;0;0;0;0;0;0;0
FR;8;2021-09-12;0;0;0;0;0;0;0;0;0;0;0;0;0;0;0;0;0;0
FR;8;2021-09-13;0;0;0;0;0;0;0;0;0;0;0;0;0;0;0;0;0;0
FR;8;2021-09-14;0;0;0;0;0;0;0;0;0;0;0;0;0;0;0;0;0;0
FR;8;2021-09-15;0;0;0;0;0;0;0;0;0;0;0;0;0;0;0;0;0;0
FR;8;2021-09-16;0;0;0;0;0;0;0;0;0;0;0;0;0;0;0;0;0;0
FR;8;2021-09-17;0;0;0;0;0;0;0;0;0;0;0;0;0;0;0;0;0;0
FR;8;2021-09-18;0;0;0;0;0;0;0;0;0;0;0;0;0;0;0;0;0;0
FR;8;2021-09-19;0;0;0;0;0;0;0;0;0;0;0;0;0;0;0;0;0;0
FR;8;2021-09-20;0;0;0;0;0;0;0;0;0;0;0;0;0;0;0;0;0;0
FR;8;2021-09-21;0;0;0;0;0;0;0;0;0;0;0;0;0;0;0;0;0;0
FR;8;2021-09-22;0;0;0;0;0;0;0;0;0;0;0;0;0;0;0;0;0;0
FR;8;2021-09-23;0;0;0;0;0;0;0;0;0;0;0;0;0;0;0;0;0;0
FR;8;2021-09-24;0;0;0;0;0;0;0;0;0;0;0;0;0;0;0;0;0;0
FR;8;2021-09-25;0;0;0;0;0;0;0;0;0;0;0;0;0;0;0;0;0;0
FR;8;2021-09-26;0;0;0;0;0;0;0;0;0;0;0;0;0;0;0;0;0;0
FR;8;2021-09-27;0;0;0;0;0;0;0;0;0;0;0;0;0;0;0;0;0;0
FR;8;2021-09-28;0;0;0;0;0;0;0;0;0;0;0;0;0;0;0;0;0;0
FR;8;2021-09-29;0;0;0;0;0;0;0;0;0;0;0;0;0;0;0;0;0;0
FR;8;2021-09-30;0;0;0;0;0;0;0;0;0;0;0;0;0;0;0;0;0;0
FR;8;2021-10-01;0;0;0;0;0;0;0;0;0;0;0;0;0;0;0;0;0;0
FR;8;2021-10-02;0;0;0;0;0;0;0;0;0;0;0;0;0;0;0;0;0;0
FR;8;2021-10-03;0;0;0;0;0;0;0;0;0;0;0;0;0;0;0;0;0;0
FR;8;2021-10-04;0;0;0;0;0;0;0;0;0;0;0;0;0;0;0;0;0;0
FR;8;2021-10-05;0;0;0;0;0;0;0;0;0;0;0;0;0;0;0;0;0;0
FR;8;2021-10-06;0;0;0;0;0;0;0;0;0;0;0;0;0;0;0;0;0;0
FR;8;2021-10-07;0;0;0;0;0;0;0;0;0;0;0;0;0;0;0;0;0;0
FR;8;2021-10-08;0;0;0;0;0;0;0;0;0;0;0;0;0;0;0;0;0;0
FR;8;2021-10-09;0;0;0;0;0;0;0;0;0;0;0;0;0;0;0;0;0;0
FR;8;2021-10-10;0;0;0;0;0;0;0;0;0;0;0;0;0;0;0;0;0;0
FR;8;2021-10-11;0;0;0;0;0;0;0;0;0;0;0;0;0;0;0;0;0;0
FR;8;2021-10-12;0;0;0;0;0;0;0;0;0;0;0;0;0;0;0;0;0;0
FR;8;2021-10-13;0;0;0;0;0;0;0;0;0;0;0;0;0;0;0;0;0;0
FR;8;2021-10-14;0;0;0;0;0;0;0;0;0;0;0;0;0;0;0;0;0;0
FR;8;2021-10-15;0;0;0;0;0;0;0;0;0;0;0;0;0;0;0;0;0;0
FR;8;2021-10-16;0;0;0;0;0;0;0;0;0;0;0;0;0;0;0;0;0;0
FR;8;2021-10-17;0;0;0;0;0;0;0;0;0;0;0;0;0;0;0;0;0;0
FR;8;2021-10-18;0;0;0;0;0;0;0;0;0;0;0;0;0;0;0;0;0;0
FR;8;2021-10-19;0;0;0;0;0;0;0;0;0;0;0;0;0;0;0;0;0;0
FR;8;2021-10-20;0;0;0;0;0;0;0;0;0;0;0;0;0;0;0;0;0;0
FR;8;2021-10-21;0;0;0;0;0;0;0;0;0;0;0;0;0;0;0;0;0;0
FR;8;2021-10-22;0;0;0;0;0;0;0;0;0;0;0;0;0;0;0;0;0;0
FR;8;2021-10-23;0;0;0;0;0;0;0;0;0;0;0;0;0;0;0;0;0;0
FR;8;2021-10-24;0;0;0;0;0;0;0;0;0;0;0;0;0;0;0;0;0;0
FR;8;2021-10-25;0;0;0;0;0;0;0;0;0;0;0;0;0;0;0;0;0;0
FR;8;2021-10-26;0;0;0;0;0;0;0;0;0;0;0;0;0;0;0;0;0;0
FR;8;2021-10-27;0;0;0;0;0;0;0;0;0;0;0;0;0;0;0;0;0;0
FR;8;2021-10-28;0;0;0;0;0;0;0;0;0;0;0;0;0;0;0;0;0;0
FR;8;2021-10-29;0;0;0;0;0;0;0;0;0;0;0;0;0;0;0;0;0;0
FR;8;2021-10-30;0;0;0;0;0;0;0;0;0;0;0;0;0;0;0;0;0;0
FR;8;2021-10-31;0;0;0;0;0;0;0;0;0;0;0;0;0;0;0;0;0;0
FR;8;2021-11-01;0;0;0;0;0;0;0;0;0;0;0;0;0;0;0;0;0;0
FR;8;2021-11-02;0;0;0;0;0;0;0;0;0;0;0;0;0;0;0;0;0;0
FR;8;2021-11-03;0;0;0;0;0;0;0;0;0;0;0;0;0;0;0;0;0;0
FR;8;2021-11-04;0;0;0;0;0;0;0;0;0;0;0;0;0;0;0;0;0;0
FR;8;2021-11-05;0;0;0;0;0;0;0;0;0;0;0;0;0;0;0;0;0;0
FR;8;2021-11-06;0;0;0;0;0;0;0;0;0;0;0;0;0;0;0;0;0;0
FR;8;2021-11-07;0;0;0;0;0;0;0;0;0;0;0;0;0;0;0;0;0;0
FR;8;2021-11-08;0;0;0;0;0;0;0;0;0;0;0;0;0;0;0;0;0;0
FR;8;2021-11-09;0;0;0;0;0;0;0;0;0;0;0;0;0;0;0;0;0;0
FR;8;2021-11-10;0;0;0;0;0;0;0;0;0;0;0;0;0;0;0;0;0;0
FR;8;2021-11-11;0;0;0;0;0;0;0;0;0;0;0;0;0;0;0;0;0;0
FR;8;2021-11-12;0;0;0;0;0;0;0;0;0;0;0;0;0;0;0;0;0;0
FR;8;2021-11-13;0;0;0;0;0;0;0;0;0;0;0;0;0;0;0;0;0;0
FR;8;2021-11-14;0;0;0;0;0;0;0;0;0;0;0;0;0;0;0;0;0;0
FR;8;2021-11-15;0;0;0;0;0;0;0;0;0;0;0;0;0;0;0;0;0;0
FR;8;2021-11-16;0;0;0;0;0;0;0;0;0;0;0;0;0;0;0;0;0;0
FR;8;2021-11-17;0;0;0;0;0;0;0;0;0;0;0;0;0;0;0;0;0;0
FR;8;2021-11-18;0;0;0;0;0;0;0;0;0;0;0;0;0;0;0;0;0;0
FR;8;2021-11-19;0;0;0;0;0;0;0;0;0;0;0;0;0;0;0;0;0;0
FR;8;2021-11-20;0;0;0;0;0;0;0;0;0;0;0;0;0;0;0;0;0;0
FR;8;2021-11-21;0;0;0;0;0;0;0;0;0;0;0;0;0;0;0;0;0;0
FR;8;2021-11-22;0;0;0;0;0;0;0;0;0;0;0;0;0;0;0;0;0;0
FR;8;2021-11-23;0;0;0;0;0;0;0;0;0;0;0;0;0;0;0;0;0;0
FR;8;2021-11-24;0;0;0;0;0;0;0;0;0;0;0;0;0;0;0;0;0;0
FR;8;2021-11-25;0;0;0;0;0;0;0;0;0;0;0;0;0;0;0;0;0;0
FR;8;2021-11-26;0;0;0;0;0;0;0;0;0;0;0;0;0;0;0;0;0;0
FR;8;2021-11-27;0;0;0;0;0;0;0;0;0;0;0;0;0;0;0;0;0;0
FR;8;2021-11-28;0;0;0;0;0;0;0;0;0;0;0;0;0;0;0;0;0;0
FR;8;2021-11-29;0;0;0;0;0;0;0;0;0;0;0;0;0;0;0;0;0;0
FR;8;2021-11-30;0;0;0;0;0;0;0;0;0;0;0;0;0;0;0;0;0;0
FR;8;2021-12-01;0;0;0;0;0;0;0;0;0;0;0;0;0;0;0;0;0;0
FR;8;2021-12-02;0;0;0;0;0;0;0;0;0;0;0;0;0;0;0;0;0;0
FR;8;2021-12-03;0;0;0;0;0;0;0;0;0;0;0;0;0;0;0;0;0;0
FR;8;2021-12-04;0;0;0;0;0;0;0;0;0;0;0;0;0;0;0;0;0;0
FR;8;2021-12-05;0;0;0;0;0;0;0;0;0;0;0;0;0;0;0;0;0;0
FR;8;2021-12-06;0;0;0;0;0;0;0;0;0;0;0;0;0;0;0;0;0;0
FR;8;2021-12-07;0;0;0;0;0;0;0;0;0;0;0;0;0;0;0;0;0;0
FR;8;2021-12-08;0;0;0;0;0;0;0;0;0;0;0;0;0;0;0;0;0;0
FR;8;2021-12-09;0;0;0;0;0;0;0;0;0;0;0;0;0;0;0;0;0;0
FR;8;2021-12-10;0;0;0;0;0;0;0;0;0;0;0;0;0;0;0;0;0;0
FR;8;2021-12-11;0;0;0;0;0;0;0;0;0;0;0;0;0;0;0;0;0;0
FR;8;2021-12-12;0;0;0;0;0;0;0;0;0;0;0;0;0;0;0;0;0;0
FR;8;2021-12-13;0;0;0;0;0;0;0;0;0;0;0;0;0;0;0;0;0;0
FR;8;2021-12-14;0;0;0;0;0;0;0;0;0;0;0;0;0;0;0;0;0;0
FR;8;2021-12-15;0;0;0;0;0;0;0;0;0;0;0;0;0;0;0;0;0;0
FR;8;2021-12-16;0;0;0;0;0;0;0;0;0;0;0;0;0;0;0;0;0;0
FR;8;2021-12-17;0;0;0;0;0;0;0;0;0;0;0;0;0;0;0;0;0;0
FR;8;2021-12-18;0;0;0;0;0;0;0;0;0;0;0;0;0;0;0;0;0;0
FR;8;2021-12-19;0;0;0;0;0;0;0;0;0;0;0;0;0;0;0;0;0;0
FR;8;2021-12-20;0;0;0;0;0;0;0;0;0;0;0;0;0;0;0;0;0;0
FR;8;2021-12-21;0;0;0;0;0;0;0;0;0;0;0;0;0;0;0;0;0;0
FR;8;2021-12-22;0;0;0;0;0;0;0;0;0;0;0;0;0;0;0;0;0;0
FR;8;2021-12-23;0;0;0;0;0;0;0;0;0;0;0;0;0;0;0;0;0;0
FR;8;2021-12-24;0;0;0;0;0;0;0;0;0;0;0;0;0;0;0;0;0;0
FR;8;2021-12-25;0;0;0;0;0;0;0;0;0;0;0;0;0;0;0;0;0;0
FR;8;2021-12-26;0;0;0;0;0;0;0;0;0;0;0;0;0;0;0;0;0;0
FR;8;2021-12-27;0;0;0;0;0;0;0;0;0;0;0;0;0;0;0;0;0;0
FR;8;2021-12-28;0;0;0;0;0;0;0;0;0;0;0;0;0;0;0;0;0;0
FR;8;2021-12-29;0;0;0;0;0;0;0;0;0;0;0;0;0;0;0;0;0;0
FR;8;2021-12-30;0;0;0;0;0;0;0;0;0;0;0;0;0;0;0;0;0;0
FR;8;2021-12-31;0;0;0;0;0;0;0;0;0;0;0;0;0;0;0;0;0;0
FR;8;2022-01-01;0;0;0;0;0;0;0;0;0;0;0;0;0;0;0;0;0;0
FR;8;2022-01-02;0;0;0;0;0;0;0;0;0;0;0;0;0;0;0;0;0;0
FR;8;2022-01-03;0;0;0;0;0;0;0;0;0;0;0;0;0;0;0;0;0;0
FR;8;2022-01-04;0;0;0;0;0;0;0;0;0;0;0;0;0;0;0;0;0;0
FR;8;2022-01-05;0;0;0;0;0;0;0;0;0;0;0;0;0;0;0;0;0;0
FR;8;2022-01-06;0;0;0;0;0;0;0;0;0;0;0;0;0;0;0;0;0;0
FR;8;2022-01-07;0;0;0;0;0;0;0;0;0;0;0;0;0;0;0;0;0;0
FR;8;2022-01-08;0;0;0;0;0;0;0;0;0;0;0;0;0;0;0;0;0;0
FR;8;2022-01-09;0;0;0;0;0;0;0;0;0;0;0;0;0;0;0;0;0;0
FR;8;2022-01-10;0;0;0;0;0;0;0;0;0;0;0;0;0;0;0;0;0;0
FR;8;2022-01-11;0;0;0;0;0;0;0;0;0;0;0;0;0;0;0;0;0;0
FR;8;2022-01-12;0;0;0;0;0;0;0;0;0;0;0;0;0;0;0;0;0;0
FR;8;2022-01-13;0;0;0;0;0;0;0;0;0;0;0;0;0;0;0;0;0;0
FR;8;2022-01-14;0;0;0;0;0;0;0;0;0;0;0;0;0;0;0;0;0;0
FR;8;2022-01-15;0;0;0;0;0;0;0;0;0;0;0;0;0;0;0;0;0;0
FR;8;2022-01-16;0;0;0;0;0;0;0;0;0;0;0;0;0;0;0;0;0;0
FR;8;2022-01-17;0;0;0;0;0;0;0;0;0;0;0;0;0;0;0;0;0;0
FR;8;2022-01-18;0;0;0;0;0;0;0;0;0;0;0;0;0;0;0;0;0;0
FR;8;2022-01-19;0;0;0;0;0;0;0;0;0;0;0;0;0;0;0;0;0;0
FR;8;2022-01-20;0;0;0;0;0;0;0;0;0;0;0;0;0;0;0;0;0;0
FR;8;2022-01-21;0;0;0;0;0;0;0;0;0;0;0;0;0;0;0;0;0;0
FR;8;2022-01-22;0;0;0;0;0;0;0;0;0;0;0;0;0;0;0;0;0;0
FR;8;2022-01-23;0;0;0;0;0;0;0;0;0;0;0;0;0;0;0;0;0;0
FR;8;2022-01-24;0;0;0;0;0;0;0;0;0;0;0;0;0;0;0;0;0;0
FR;8;2022-01-25;0;0;0;0;0;0;0;0;0;0;0;0;0;0;0;0;0;0
FR;8;2022-01-26;0;0;0;0;0;0;0;0;0;0;0;0;0;0;0;0;0;0
FR;8;2022-01-27;0;0;0;0;0;0;0;0;0;0;0;0;0;0;0;0;0;0
FR;8;2022-01-28;0;0;0;0;0;0;0;0;0;0;0;0;0;0;0;0;0;0
FR;8;2022-01-29;0;0;0;0;0;0;0;0;0;0;0;0;0;0;0;0;0;0
FR;8;2022-01-30;0;0;0;0;0;0;0;0;0;0;0;0;0;0;0;0;0;0
FR;8;2022-01-31;0;0;0;0;0;0;0;0;0;0;0;0;0;0;0;0;0;0
FR;8;2022-02-01;0;0;0;0;0;0;0;0;0;0;0;0;0;0;0;0;0;0
FR;8;2022-02-02;0;0;0;0;0;0;0;0;0;0;0;0;0;0;0;0;0;0
FR;8;2022-02-03;0;0;0;0;0;0;0;0;0;0;0;0;0;0;0;0;0;0
FR;8;2022-02-04;0;0;0;0;0;0;0;0;0;0;0;0;0;0;0;0;0;0
FR;8;2022-02-05;0;0;0;0;0;0;0;0;0;0;0;0;0;0;0;0;0;0
FR;8;2022-02-06;0;0;0;0;0;0;0;0;0;0;0;0;0;0;0;0;0;0
FR;8;2022-02-07;0;0;0;0;0;0;0;0;0;0;0;0;0;0;0;0;0;0
FR;8;2022-02-08;0;0;0;0;0;0;0;0;0;0;0;0;0;0;0;0;0;0
FR;8;2022-02-09;0;0;0;0;0;0;0;0;0;0;0;0;0;0;0;0;0;0
FR;8;2022-02-10;0;0;0;0;0;0;0;0;0;0;0;0;0;0;0;0;0;0
FR;8;2022-02-11;0;0;0;0;0;0;0;0;0;0;0;0;0;0;0;0;0;0
FR;8;2022-02-12;0;0;0;0;0;0;0;0;0;0;0;0;0;0;0;0;0;0
FR;8;2022-02-13;0;0;0;0;0;0;0;0;0;0;0;0;0;0;0;0;0;0
FR;8;2022-02-14;0;0;0;0;0;0;0;0;0;0;0;0;0;0;0;0;0;0
FR;8;2022-02-15;0;0;0;0;0;0;0;0;0;0;0;0;0;0;0;0;0;0
FR;8;2022-02-16;0;0;0;0;0;0;0;0;0;0;0;0;0;0;0;0;0;0
FR;8;2022-02-17;0;0;0;0;0;0;0;0;0;0;0;0;0;0;0;0;0;0
FR;8;2022-02-18;0;0;0;0;0;0;0;0;0;0;0;0;0;0;0;0;0;0
FR;8;2022-02-19;0;0;0;0;0;0;0;0;0;0;0;0;0;0;0;0;0;0
FR;8;2022-02-20;0;0;0;0;0;0;0;0;0;0;0;0;0;0;0;0;0;0
FR;8;2022-02-21;0;0;0;0;0;0;0;0;0;0;0;0;0;0;0;0;0;0
FR;8;2022-02-22;0;0;0;0;0;0;0;0;0;0;0;0;0;0;0;0;0;0
FR;8;2022-02-23;0;0;0;0;0;0;0;0;0;0;0;0;0;0;0;0;0;0
FR;8;2022-02-24;0;0;0;0;0;0;0;0;0;0;0;0;0;0;0;0;0;0
FR;8;2022-02-25;0;0;0;0;0;0;0;0;0;0;0;0;0;0;0;0;0;0
FR;8;2022-02-26;0;0;0;0;0;0;0;0;0;0;0;0;0;0;0;0;0;0
FR;8;2022-02-27;0;0;0;0;0;0;0;0;0;0;0;0;0;0;0;0;0;0
FR;8;2022-02-28;0;0;0;0;0;0;0;0;0;0;0;0;0;0;0;0;0;0
FR;8;2022-03-01;0;0;0;0;0;0;0;0;0;0;0;0;0;0;0;0;0;0
FR;8;2022-03-02;0;0;0;0;0;0;0;0;0;0;0;0;0;0;0;0;0;0
FR;8;2022-03-03;0;0;0;0;0;0;0;0;0;0;0;0;0;0;0;0;0;0
FR;8;2022-03-04;0;0;0;0;0;0;0;0;0;0;0;0;0;0;0;0;0;0
FR;8;2022-03-05;0;0;0;0;0;0;0;0;0;0;0;0;0;0;0;0;0;0
FR;8;2022-03-06;0;0;0;0;0;0;0;0;0;0;0;0;0;0;0;0;0;0
FR;8;2022-03-07;0;0;0;0;0;0;0;0;0;0;0;0;0;0;0;0;0;0
FR;8;2022-03-08;0;0;0;0;0;0;0;0;0;0;0;0;0;0;0;0;0;0
FR;8;2022-03-09;0;0;0;0;0;0;0;0;0;0;0;0;0;0;0;0;0;0
FR;8;2022-03-10;0;0;0;0;0;0;0;0;0;0;0;0;0;0;0;0;0;0
FR;8;2022-03-11;0;0;0;0;0;0;0;0;0;0;0;0;0;0;0;0;0;0
FR;8;2022-03-12;0;0;0;0;0;0;0;0;0;0;0;0;0;0;0;0;0;0
FR;8;2022-03-13;0;0;0;0;0;0;0;0;0;0;0;0;0;0;0;0;0;0
FR;8;2022-03-14;0;0;0;0;0;0;0;0;0;0;0;0;0;0;0;0;0;0
FR;8;2022-03-15;0;0;0;0;0;0;0;0;0;0;0;0;0;0;0;0;0;0
FR;8;2022-03-16;0;0;0;0;0;0;0;0;0;0;0;0;0;0;0;0;0;0
FR;8;2022-03-17;0;0;0;0;0;0;0;0;0;0;0;0;0;0;0;0;0;0
FR;8;2022-03-18;0;0;0;0;0;0;0;0;0;0;0;0;0;0;0;0;0;0
FR;8;2022-03-19;0;0;0;0;0;0;0;0;0;0;0;0;0;0;0;0;0;0
FR;8;2022-03-20;0;0;0;0;0;0;0;0;0;0;0;0;0;0;0;0;0;0
FR;8;2022-03-21;0;0;0;0;0;0;0;0;0;0;0;0;0;0;0;0;0;0
FR;8;2022-03-22;0;0;0;0;0;0;0;0;0;0;0;0;0;0;0;0;0;0
FR;8;2022-03-23;0;0;0;0;0;0;0;0;0;0;0;0;0;0;0;0;0;0
FR;8;2022-03-24;0;0;0;0;0;0;0;0;0;0;0;0;0;0;0;0;0;0
FR;8;2022-03-25;0;0;0;0;0;0;0;0;0;0;0;0;0;0;0;0;0;0
FR;8;2022-03-26;0;0;0;0;0;0;0;0;0;0;0;0;0;0;0;0;0;0
FR;8;2022-03-27;0;0;0;0;0;0;0;0;0;0;0;0;0;0;0;0;0;0
FR;8;2022-03-28;0;0;0;0;0;0;0;0;0;0;0;0;0;0;0;0;0;0
FR;8;2022-03-29;0;0;0;0;0;0;0;0;0;0;0;0;0;0;0;0;0;0
FR;8;2022-03-30;0;0;0;0;0;0;0;0;0;0;0;0;0;0;0;0;0;0
FR;8;2022-03-31;0;0;0;0;0;0;0;0;0;0;0;0;0;0;0;0;0;0
FR;8;2022-04-01;0;0;0;0;0;0;0;0;0;0;0;0;0;0;0;0;0;0
FR;8;2022-04-02;0;0;0;0;0;0;0;0;0;0;0;0;0;0;0;0;0;0
FR;8;2022-04-03;0;0;0;0;0;0;0;0;0;0;0;0;0;0;0;0;0;0
FR;8;2022-04-04;0;0;0;0;0;0;0;0;0;0;0;0;0;0;0;0;0;0
FR;8;2022-04-05;0;0;0;0;0;0;0;0;0;0;0;0;0;0;0;0;0;0
FR;8;2022-04-06;0;0;0;0;0;0;0;0;0;0;0;0;0;0;0;0;0;0
FR;8;2022-04-07;0;0;0;0;0;0;0;0;0;0;0;0;0;0;0;0;0;0
FR;8;2022-04-08;0;0;0;0;0;0;0;0;0;0;0;0;0;0;0;0;0;0
FR;8;2022-04-09;0;0;0;0;0;0;0;0;0;0;0;0;0;0;0;0;0;0
FR;8;2022-04-10;0;0;0;0;0;0;0;0;0;0;0;0;0;0;0;0;0;0
FR;8;2022-04-11;0;0;0;0;0;0;0;0;0;0;0;0;0;0;0;0;0;0
FR;8;2022-04-12;0;0;0;0;0;0;0;0;0;0;0;0;0;0;0;0;0;0
FR;8;2022-04-13;0;0;0;0;0;0;0;0;0;0;0;0;0;0;0;0;0;0
FR;8;2022-04-14;0;0;0;0;0;0;0;0;0;0;0;0;0;0;0;0;0;0
FR;8;2022-04-15;0;0;0;0;0;0;0;0;0;0;0;0;0;0;0;0;0;0
FR;8;2022-04-16;0;0;0;0;0;0;0;0;0;0;0;0;0;0;0;0;0;0
FR;8;2022-04-17;0;0;0;0;0;0;0;0;0;0;0;0;0;0;0;0;0;0
FR;8;2022-04-18;0;0;0;0;0;0;0;0;0;0;0;0;0;0;0;0;0;0
FR;8;2022-04-19;0;0;0;0;0;0;0;0;0;0;0;0;0;0;0;0;0;0
FR;8;2022-04-20;0;0;0;0;0;0;0;0;0;0;0;0;0;0;0;0;0;0
FR;8;2022-04-21;0;0;0;0;0;0;0;0;0;0;0;0;0;0;0;0;0;0
FR;8;2022-04-22;0;0;0;0;0;0;0;0;0;0;0;0;0;0;0;0;0;0
FR;8;2022-04-23;0;0;0;0;0;0;0;0;0;0;0;0;0;0;0;0;0;0
FR;8;2022-04-24;0;0;0;0;0;0;0;0;0;0;0;0;0;0;0;0;0;0
FR;8;2022-04-25;0;0;0;0;0;0;0;0;0;0;0;0;0;0;0;0;0;0
FR;8;2022-04-26;0;0;0;0;0;0;0;0;0;0;0;0;0;0;0;0;0;0
FR;8;2022-04-27;0;0;0;0;0;0;0;0;0;0;0;0;0;0;0;0;0;0
FR;8;2022-04-28;0;0;0;0;0;0;0;0;0;0;0;0;0;0;0;0;0;0
FR;8;2022-04-29;0;0;0;0;0;0;0;0;0;0;0;0;0;0;0;0;0;0
FR;8;2022-04-30;0;0;0;0;0;0;0;0;0;0;0;0;0;0;0;0;0;0
FR;8;2022-05-01;0;0;0;0;0;0;0;0;0;0;0;0;0;0;0;0;0;0
FR;8;2022-05-02;0;0;0;0;0;0;0;0;0;0;0;0;0;0;0;0;0;0
FR;8;2022-05-03;0;0;0;0;0;0;0;0;0;0;0;0;0;0;0;0;0;0
FR;8;2022-05-04;0;0;0;0;0;0;0;0;0;0;0;0;0;0;0;0;0;0
FR;8;2022-05-05;0;0;0;0;0;0;0;0;0;0;0;0;0;0;0;0;0;0
FR;8;2022-05-06;0;0;0;0;0;0;0;0;0;0;0;0;0;0;0;0;0;0
FR;8;2022-05-07;0;0;0;0;0;0;0;0;0;0;0;0;0;0;0;0;0;0
FR;8;2022-05-08;0;0;0;0;0;0;0;0;0;0;0;0;0;0;0;0;0;0
FR;8;2022-05-09;0;0;0;0;0;0;0;0;0;0;0;0;0;0;0;0;0;0
FR;8;2022-05-10;0;0;0;0;0;0;0;0;0;0;0;0;0;0;0;0;0;0
FR;8;2022-05-11;0;0;0;0;0;0;0;0;0;0;0;0;0;0;0;0;0;0
FR;8;2022-05-12;0;0;0;0;0;0;0;0;0;0;0;0;0;0;0;0;0;0
FR;8;2022-05-13;0;0;0;0;0;0;0;0;0;0;0;0;0;0;0;0;0;0
FR;8;2022-05-14;0;0;0;0;0;0;0;0;0;0;0;0;0;0;0;0;0;0
FR;8;2022-05-15;0;0;0;0;0;0;0;0;0;0;0;0;0;0;0;0;0;0
FR;8;2022-05-16;0;0;0;0;0;0;0;0;0;0;0;0;0;0;0;0;0;0
FR;8;2022-05-17;0;0;0;0;0;0;0;0;0;0;0;0;0;0;0;0;0;0
FR;8;2022-05-18;0;0;0;0;0;0;0;0;0;0;0;0;0;0;0;0;0;0
FR;8;2022-05-19;0;0;0;0;0;0;0;0;0;0;0;0;0;0;0;0;0;0
FR;8;2022-05-20;0;0;0;0;0;0;0;0;0;0;0;0;0;0;0;0;0;0
FR;8;2022-05-21;0;0;0;0;0;0;0;0;0;0;0;0;0;0;0;0;0;0
FR;8;2022-05-22;0;0;0;0;0;0;0;0;0;0;0;0;0;0;0;0;0;0
FR;8;2022-05-23;0;0;0;0;0;0;0;0;0;0;0;0;0;0;0;0;0;0
FR;8;2022-05-24;0;0;0;0;0;0;0;0;0;0;0;0;0;0;0;0;0;0
FR;8;2022-05-25;0;0;0;0;0;0;0;0;0;0;0;0;0;0;0;0;0;0
FR;8;2022-05-26;0;0;0;0;0;0;0;0;0;0;0;0;0;0;0;0;0;0
FR;8;2022-05-27;0;0;0;0;0;0;0;0;0;0;0;0;0;0;0;0;0;0
FR;8;2022-05-28;0;0;0;0;0;0;0;0;0;0;0;0;0;0;0;0;0;0
FR;8;2022-05-29;0;0;0;0;0;0;0;0;0;0;0;0;0;0;0;0;0;0
FR;8;2022-05-30;0;0;0;0;0;0;0;0;0;0;0;0;0;0;0;0;0;0
FR;8;2022-05-31;0;0;0;0;0;0;0;0;0;0;0;0;0;0;0;0;0;0
FR;8;2022-06-01;0;0;0;0;0;0;0;0;0;0;0;0;0;0;0;0;0;0
FR;8;2022-06-02;0;0;0;0;0;0;0;0;0;0;0;0;0;0;0;0;0;0
FR;8;2022-06-03;0;0;0;0;0;0;0;0;0;0;0;0;0;0;0;0;0;0
FR;8;2022-06-04;0;0;0;0;0;0;0;0;0;0;0;0;0;0;0;0;0;0
FR;8;2022-06-05;0;0;0;0;0;0;0;0;0;0;0;0;0;0;0;0;0;0
FR;8;2022-06-06;0;0;0;0;0;0;0;0;0;0;0;0;0;0;0;0;0;0
FR;8;2022-06-07;0;0;0;0;0;0;0;0;0;0;0;0;0;0;0;0;0;0
FR;8;2022-06-08;0;0;0;0;0;0;0;0;0;0;0;0;0;0;0;0;0;0
FR;8;2022-06-09;0;0;0;0;0;0;0;0;0;0;0;0;0;0;0;0;0;0
FR;8;2022-06-10;0;0;0;0;0;0;0;0;0;0;0;0;0;0;0;0;0;0
FR;8;2022-06-11;0;0;0;0;0;0;0;0;0;0;0;0;0;0;0;0;0;0
FR;8;2022-06-12;0;0;0;0;0;0;0;0;0;0;0;0;0;0;0;0;0;0
FR;8;2022-06-13;0;0;0;0;0;0;0;0;0;0;0;0;0;0;0;0;0;0
FR;8;2022-06-14;0;0;0;0;0;0;0;0;0;0;0;0;0;0;0;0;0;0
FR;8;2022-06-15;0;0;0;0;0;0;0;0;0;0;0;0;0;0;0;0;0;0
FR;8;2022-06-16;0;0;0;0;0;0;0;0;0;0;0;0;0;0;0;0;0;0
FR;8;2022-06-17;0;0;0;0;0;0;0;0;0;0;0;0;0;0;0;0;0;0
FR;8;2022-06-18;0;0;0;0;0;0;0;0;0;0;0;0;0;0;0;0;0;0
FR;8;2022-06-19;0;0;0;0;0;0;0;0;0;0;0;0;0;0;0;0;0;0
FR;8;2022-06-20;0;0;0;0;0;0;0;0;0;0;0;0;0;0;0;0;0;0
FR;8;2022-06-21;0;0;0;0;0;0;0;0;0;0;0;0;0;0;0;0;0;0
FR;8;2022-06-22;0;0;0;0;0;0;0;0;0;0;0;0;0;0;0;0;0;0
FR;8;2022-06-23;0;0;0;0;0;0;0;0;0;0;0;0;0;0;0;0;0;0
FR;8;2022-06-24;0;0;0;0;0;0;0;0;0;0;0;0;0;0;0;0;0;0
FR;8;2022-06-25;0;0;0;0;0;0;0;0;0;0;0;0;0;0;0;0;0;0
FR;8;2022-06-26;0;0;0;0;0;0;0;0;0;0;0;0;0;0;0;0;0;0
FR;8;2022-06-27;0;0;0;0;0;0;0;0;0;0;0;0;0;0;0;0;0;0
FR;8;2022-06-28;0;0;0;0;0;0;0;0;0;0;0;0;0;0;0;0;0;0
FR;8;2022-06-29;0;0;0;0;0;0;0;0;0;0;0;0;0;0;0;0;0;0
FR;8;2022-06-30;0;0;0;0;0;0;0;0;0;0;0;0;0;0;0;0;0;0
FR;8;2022-07-01;0;0;0;0;0;0;0;0;0;0;0;0;0;0;0;0;0;0
FR;8;2022-07-02;0;0;0;0;0;0;0;0;0;0;0;0;0;0;0;0;0;0
FR;8;2022-07-03;0;0;0;0;0;0;0;0;0;0;0;0;0;0;0;0;0;0
FR;8;2022-07-04;0;0;0;0;0;0;0;0;0;0;0;0;0;0;0;0;0;0
FR;8;2022-07-05;0;0;0;0;0;0;0;0;0;0;0;0;0;0;0;0;0;0
FR;8;2022-07-06;0;0;0;0;0;0;0;0;0;0;0;0;0;0;0;0;0;0
FR;8;2022-07-07;0;0;0;0;0;0;0;0;0;0;0;0;0;0;0;0;0;0
FR;8;2022-07-08;0;0;0;0;0;0;0;0;0;0;0;0;0;0;0;0;0;0
FR;8;2022-07-09;0;0;0;0;0;0;0;0;0;0;0;0;0;0;0;0;0;0
FR;8;2022-07-10;0;0;0;0;0;0;0;0;0;0;0;0;0;0;0;0;0;0
FR;8;2022-07-11;0;0;0;0;0;0;0;0;0;0;0;0;0;0;0;0;0;0
FR;8;2022-07-12;0;0;0;0;0;0;0;0;0;0;0;0;0;0;0;0;0;0
FR;8;2022-07-13;0;0;0;0;0;0;0;0;0;0;0;0;0;0;0;0;0;0
FR;8;2022-07-14;0;0;0;0;0;0;0;0;0;0;0;0;0;0;0;0;0;0
FR;8;2022-07-15;0;0;0;0;0;0;0;0;0;0;0;0;0;0;0;0;0;0
FR;8;2022-07-16;0;0;0;0;0;0;0;0;0;0;0;0;0;0;0;0;0;0
FR;8;2022-07-17;0;0;0;0;0;0;0;0;0;0;0;0;0;0;0;0;0;0
FR;8;2022-07-18;0;0;0;0;0;0;0;0;0;0;0;0;0;0;0;0;0;0
FR;8;2022-07-19;0;0;0;0;0;0;0;0;0;0;0;0;0;0;0;0;0;0
FR;8;2022-07-20;0;0;0;0;0;0;0;0;0;0;0;0;0;0;0;0;0;0
FR;8;2022-07-21;0;0;0;0;0;0;0;0;0;0;0;0;0;0;0;0;0;0
FR;8;2022-07-22;0;0;0;0;0;0;0;0;0;0;0;0;0;0;0;0;0;0
FR;8;2022-07-23;0;0;0;0;0;0;0;0;0;0;0;0;0;0;0;0;0;0
FR;8;2022-07-24;0;0;0;0;0;0;0;0;0;0;0;0;0;0;0;0;0;0
FR;8;2022-07-25;0;0;0;0;0;0;0;0;0;0;0;0;0;0;0;0;0;0
FR;8;2022-07-26;0;0;0;0;0;0;0;0;0;0;0;0;0;0;0;0;0;0
FR;8;2022-07-27;0;0;0;0;0;0;0;0;0;0;0;0;0;0;0;0;0;0
FR;8;2022-07-28;0;0;0;0;0;0;0;0;0;0;0;0;0;0;0;0;0;0
FR;8;2022-07-29;0;0;0;0;0;0;0;0;0;0;0;0;0;0;0;0;0;0
FR;8;2022-07-30;0;0;0;0;0;0;0;0;0;0;0;0;0;0;0;0;0;0
FR;8;2022-07-31;0;0;0;0;0;0;0;0;0;0;0;0;0;0;0;0;0;0
FR;8;2022-08-01;0;0;0;0;0;0;0;0;0;0;0;0;0;0;0;0;0;0
FR;8;2022-08-02;0;0;0;0;0;0;0;0;0;0;0;0;0;0;0;0;0;0
FR;8;2022-08-03;0;0;0;0;0;0;0;0;0;0;0;0;0;0;0;0;0;0
FR;8;2022-08-04;0;0;0;0;0;0;0;0;0;0;0;0;0;0;0;0;0;0
FR;8;2022-08-05;0;0;0;0;0;0;0;0;0;0;0;0;0;0;0;0;0;0
FR;8;2022-08-06;0;0;0;0;0;0;0;0;0;0;0;0;0;0;0;0;0;0
FR;8;2022-08-07;0;0;0;0;0;0;0;0;0;0;0;0;0;0;0;0;0;0
FR;8;2022-08-08;0;0;0;0;0;0;0;0;0;0;0;0;0;0;0;0;0;0
FR;8;2022-08-09;0;0;0;0;0;0;0;0;0;0;0;0;0;0;0;0;0;0
FR;8;2022-08-10;0;0;0;0;0;0;0;0;0;0;0;0;0;0;0;0;0;0
FR;8;2022-08-11;0;0;0;0;0;0;0;0;0;0;0;0;0;0;0;0;0;0
FR;8;2022-08-12;0;0;0;0;0;0;0;0;0;0;0;0;0;0;0;0;0;0
FR;8;2022-08-13;0;0;0;0;0;0;0;0;0;0;0;0;0;0;0;0;0;0
FR;8;2022-08-14;0;0;0;0;0;0;0;0;0;0;0;0;0;0;0;0;0;0
FR;8;2022-08-15;0;0;0;0;0;0;0;0;0;0;0;0;0;0;0;0;0;0
FR;8;2022-08-16;0;0;0;0;0;0;0;0;0;0;0;0;0;0;0;0;0;0
FR;8;2022-08-17;0;0;0;0;0;0;0;0;0;0;0;0;0;0;0;0;0;0
FR;8;2022-08-18;0;0;0;0;0;0;0;0;0;0;0;0;0;0;0;0;0;0
FR;8;2022-08-19;0;0;0;0;0;0;0;0;0;0;0;0;0;0;0;0;0;0
FR;8;2022-08-20;0;0;0;0;0;0;0;0;0;0;0;0;0;0;0;0;0;0
FR;8;2022-08-21;0;0;0;0;0;0;0;0;0;0;0;0;0;0;0;0;0;0
FR;8;2022-08-22;0;0;0;0;0;0;0;0;0;0;0;0;0;0;0;0;0;0
FR;8;2022-08-23;0;0;0;0;0;0;0;0;0;0;0;0;0;0;0;0;0;0
FR;8;2022-08-24;0;0;0;0;0;0;0;0;0;0;0;0;0;0;0;0;0;0
FR;8;2022-08-25;0;0;0;0;0;0;0;0;0;0;0;0;0;0;0;0;0;0
FR;8;2022-08-26;0;0;0;0;0;0;0;0;0;0;0;0;0;0;0;0;0;0
FR;8;2022-08-27;0;0;0;0;0;0;0;0;0;0;0;0;0;0;0;0;0;0
FR;8;2022-08-28;0;0;0;0;0;0;0;0;0;0;0;0;0;0;0;0;0;0
FR;8;2022-08-29;0;0;0;0;0;0;0;0;0;0;0;0;0;0;0;0;0;0
FR;8;2022-08-30;0;0;0;0;0;0;0;0;0;0;0;0;0;0;0;0;0;0
FR;8;2022-08-31;0;0;0;0;0;0;0;0;0;0;0;0;0;0;0;0;0;0
FR;8;2022-09-01;0;0;0;0;0;0;0;0;0;0;0;0;0;0;0;0;0;0
FR;8;2022-09-02;0;0;0;0;0;0;0;0;0;0;0;0;0;0;0;0;0;0
FR;8;2022-09-03;0;0;0;0;0;0;0;0;0;0;0;0;0;0;0;0;0;0
FR;8;2022-09-04;0;0;0;0;0;0;0;0;0;0;0;0;0;0;0;0;0;0
FR;8;2022-09-05;0;0;0;0;0;0;0;0;0;0;0;0;0;0;0;0;0;0
FR;8;2022-09-06;0;0;0;0;0;0;0;0;0;0;0;0;0;0;0;0;0;0
FR;8;2022-09-07;0;0;0;0;0;0;0;0;0;0;0;0;0;0;0;0;0;0
FR;8;2022-09-08;0;0;0;0;0;0;0;0;0;0;0;0;0;0;0;0;0;0
FR;8;2022-09-09;0;0;0;0;0;0;0;0;0;0;0;0;0;0;0;0;0;0
FR;8;2022-09-10;0;0;0;0;0;0;0;0;0;0;0;0;0;0;0;0;0;0
FR;8;2022-09-11;0;0;0;0;0;0;0;0;0;0;0;0;0;0;0;0;0;0
FR;8;2022-09-12;0;0;0;0;0;0;0;0;0;0;0;0;0;0;0;0;0;0
FR;8;2022-09-13;0;0;0;0;0;0;0;0;0;0;0;0;0;0;0;0;0;0
FR;8;2022-09-14;0;0;0;0;0;0;0;0;0;0;0;0;0;0;0;0;0;0
FR;8;2022-09-15;0;0;0;0;0;0;0;0;0;0;0;0;0;0;0;0;0;0
FR;8;2022-09-16;0;0;0;0;0;0;0;0;0;0;0;0;0;0;0;0;0;0
FR;8;2022-09-17;0;0;0;0;0;0;0;0;0;0;0;0;0;0;0;0;0;0
FR;8;2022-09-18;0;0;0;0;0;0;0;0;0;0;0;0;0;0;0;0;0;0
FR;8;2022-09-19;0;0;0;0;0;0;0;0;0;0;0;0;0;0;0;0;0;0
FR;8;2022-09-20;0;0;0;0;0;0;0;0;0;0;0;0;0;0;0;0;0;0
FR;8;2022-09-21;0;0;0;0;0;0;0;0;0;0;0;0;0;0;0;0;0;0
FR;8;2022-09-22;0;0;0;0;0;0;0;0;0;0;0;0;0;0;0;0;0;0
FR;8;2022-09-23;0;0;0;0;0;0;0;0;0;0;0;0;0;0;0;0;0;0
FR;8;2022-09-24;0;0;0;0;0;0;0;0;0;0;0;0;0;0;0;0;0;0
FR;8;2022-09-25;0;0;0;0;0;0;0;0;0;0;0;0;0;0;0;0;0;0
FR;8;2022-09-26;0;0;0;0;0;0;0;0;0;0;0;0;0;0;0;0;0;0
FR;8;2022-09-27;0;0;0;0;0;0;0;0;0;0;0;0;0;0;0;0;0;0
FR;8;2022-09-28;0;0;0;0;0;0;0;0;0;0;0;0;0;0;0;0;0;0
FR;8;2022-09-29;0;0;0;0;0;0;0;0;0;0;0;0;0;0;0;0;0;0
FR;8;2022-09-30;0;0;0;0;0;0;0;0;0;0;0;0;0;0;0;0;0;0
FR;8;2022-10-01;0;0;0;0;0;0;0;0;0;0;0;0;0;0;0;0;0;0
FR;8;2022-10-02;0;0;0;0;0;0;0;0;0;0;0;0;0;0;0;0;0;0
FR;8;2022-10-03;0;0;0;0;0;0;0;0;0;0;0;0;0;0;0;0;0;0
FR;8;2022-10-04;0;0;0;0;0;0;0;0;0;0;0;0;0;0;0;0;0;0
FR;8;2022-10-05;0;0;0;0;0;0;0;0;0;0;0;0;0;0;0;0;0;0
FR;8;2022-10-06;12;17;113;861;8;83;866;1059;110;12;17;113;861;8;83;866;1059;110
FR;8;2022-10-07;74;103;842;8012;63;699;8066;9845;1073;86;120;955;8873;71;782;8932;10904;1183
FR;8;2022-10-08;36;115;610;4057;50;516;4109;5310;676;122;235;1565;12930;121;1298;13041;16214;1859
FR;8;2022-10-09;17;22;145;885;13;132;913;1234;185;139;257;1710;13815;134;1430;13954;17448;2044
FR;8;2022-10-10;120;192;1351;12749;106;1044;12980;16299;2253;259;449;3061;26564;240;2474;26934;33747;4297
FR;8;2022-10-11;188;264;2476;26927;136;2012;27198;33964;4717;447;713;5537;53491;376;4486;54132;67711;9014
FR;8;2022-10-12;159;258;1831;18236;152;1441;18472;23472;3535;606;971;7368;71727;528;5927;72604;91183;12549
FR;8;2022-10-13;208;281;2512;28077;178;1905;28441;35580;5206;814;1252;9880;99804;706;7832;101045;126763;17755
FR;8;2022-10-14;257;419;3271;36247;241;2556;36672;45577;6307;1071;1671;13151;136051;947;10388;137717;172340;24062
FR;8;2022-10-15;105;182;1203;8806;79;1002;8932;11783;1829;1176;1853;14354;144857;1026;11390;146649;184123;25891
FR;8;2022-10-16;34;54;248;1522;26;215;1557;2179;402;1210;1907;14602;146379;1052;11605;148206;186302;26293
FR;8;2022-10-17;158;313;2101;21806;175;1631;22113;28302;4536;1368;2220;16703;168185;1227;13236;170319;214604;30829
FR;8;2022-10-18;271;350;3356;37861;227;2654;38244;50786;9815;1639;2570;20059;206046;1454;15890;208563;265390;40644
FR;8;2022-10-19;200;314;2631;28300;183;2187;28619;38729;7862;1839;2884;22690;234346;1637;18077;237182;304119;48506
FR;8;2022-10-20;256;368;3577;41208;229;2653;41813;55718;11167;2095;3252;26267;275554;1866;20730;278995;359837;59673
FR;8;2022-10-21;325;489;4461;49420;276;3475;50019;66309;12716;2420;3741;30728;324974;2142;24205;329014;426146;72389
FR;8;2022-10-22;126;168;1230;10664;111;927;10850;14745;2949;2546;3909;31958;335638;2253;25132;339864;440891;75338
FR;8;2022-10-23;50;53;266;1762;48;197;1841;2610;571;2596;3962;32224;337400;2301;25329;341705;443501;75909
FR;8;2022-10-24;231;311;2475;24044;174;2074;24342;33551;7084;2827;4273;34699;361444;2475;27403;366047;477052;82993
FR;8;2022-10-25;307;416;4081;43464;257;3136;44063;61310;14008;3134;4689;38780;404908;2732;30539;410110;538362;97001
FR;8;2022-10-26;226;343;2885;28761;186;2381;29040;41472;9963;3360;5032;41665;433669;2918;32920;439150;579834;106964
FR;8;2022-10-27;277;415;3329;36200;243;2635;36676;51265;11889;3637;5447;44994;469869;3161;35555;475826;631099;118853
FR;8;2022-10-28;328;466;3829;39477;258;2864;40200;55132;11999;3965;5913;48823;509346;3419;38419;516026;686231;130852
FR;8;2022-10-29;113;165;1074;8230;94;803;8374;11861;2667;4078;6078;49897;517576;3513;39222;524400;698092;133519
FR;8;2022-10-30;40;53;210;1348;38;180;1394;2063;485;4118;6131;50107;518924;3551;39402;525794;700155;134004
FR;8;2022-10-31;196;260;1665;14543;145;1277;14808;21209;5106;4314;6391;51772;533467;3696;40679;540602;721364;139110
FR;8;2022-11-01;44;42;137;963;24;171;978;1626;474;4358;6433;51909;534430;3720;40850;541580;722990;139584
FR;8;2022-11-02;198;371;2377;23320;205;1982;23714;35065;9302;4556;6804;54286;557750;3925;42832;565294;758055;148886
FR;8;2022-11-03;311;418;3487;36969;258;2604;37612;54691;14376;4867;7222;57773;594719;4183;45436;602906;812746;163262
FR;8;2022-11-04;355;496;3783;40210;260;2976;40732;57998;14179;5222;7718;61556;634929;4443;48412;643638;870744;177441
FR;8;2022-11-05;113;186;1103;8768;120;850;8935;12890;3070;5335;7904;62659;643697;4563;49262;652573;883634;180511
FR;8;2022-11-06;45;56;224;1408;38;205;1441;2249;593;5380;7960;62883;645105;4601;49467;654014;885883;181104
FR;8;2022-11-07;236;280;2324;24844;207;1799;25432;37630;10331;5616;8240;65207;669949;4808;51266;679446;923513;191435
FR;8;2022-11-08;352;506;4340;48400;307;3266;49379;71627;18820;5968;8746;69547;718349;5115;54532;728825;995140;210255
FR;8;2022-11-09;265;370;2879;29182;212;2263;29867;44485;12271;6233;9116;72426;747531;5327;56795;758692;1039625;222526
FR;8;2022-11-10;367;539;3958;40291;308;3028;41203;60577;16206;6600;9655;76384;787822;5635;59823;799895;1100202;238732
FR;8;2022-11-11;40;62;243;1479;33;204;1525;2675;933;6640;9717;76627;789301;5668;60027;801420;1102877;239665
FR;8;2022-11-12;84;165;881;6433;79;687;6636;9894;2552;6724;9882;77508;795734;5747;60714;808056;1112771;242217
FR;8;2022-11-13;36;54;213;1110;35;173;1162;1927;586;6760;9936;77721;796844;5782;60887;809218;1114698;242803
FR;8;2022-11-14;234;307;2242;22451;168;1725;23002;35096;10294;6994;10243;79963;819295;5950;62612;832220;1149794;253097
FR;8;2022-11-15;345;427;3766;42361;261;2871;43268;64817;18544;7339;10670;83729;861656;6211;65483;875488;1214611;271641
FR;8;2022-11-16;305;352;2621;26555;220;2158;27028;41766;12495;7644;11022;86350;888211;6431;67641;902516;1256377;284136
FR;8;2022-11-17;373;431;3386;36873;293;2617;37453;56661;16492;8017;11453;89736;925084;6724;70258;939969;1313038;300628
FR;8;2022-11-18;345;466;4073;42326;288;2977;43177;63687;17429;8362;11919;93809;967410;7012;73235;983146;1376725;318057
FR;8;2022-11-19;121;181;1198;8974;120;844;9156;13833;3795;8483;12100;95007;976384;7132;74079;992302;1390558;321852
FR;8;2022-11-20;35;54;260;1585;38;217;1653;2663;788;8518;12154;95267;977969;7170;74296;993955;1393221;322640
FR;8;2022-11-21;218;303;2078;20125;178;1601;20656;32172;9848;8736;12457;97345;998094;7348;75897;1014611;1425393;332488
FR;8;2022-11-22;336;408;3472;37565;252;2671;38080;58184;17322;9072;12865;100817;1035659;7600;78568;1052691;1483577;349810
FR;8;2022-11-23;233;327;2415;24439;192;2018;24868;39226;12258;9305;13192;103232;1060098;7792;80586;1077559;1522803;362068
FR;8;2022-11-24;349;391;3373;34913;238;2581;35601;55360;17079;9654;13583;106605;1095011;8030;83167;1113160;1578163;379147
FR;8;2022-11-25;309;428;3633;37740;290;2625;38538;57854;16567;9963;14011;110238;1132751;8320;85792;1151698;1636017;395714
FR;8;2022-11-26;172;195;1177;8819;127;898;8976;13689;3784;10135;14206;111415;1141570;8447;86690;1160674;1649706;399498
FR;8;2022-11-27;45;43;227;1545;38;180;1561;2472;721;10180;14249;111642;1143115;8485;86870;1162235;1652178;400219
FR;8;2022-11-28;184;301;2309;23380;172;1703;24044;37329;11508;10364;14550;113951;1166495;8657;88573;1186279;1689507;411727
FR;8;2022-11-29;293;428;3978;44084;217;2943;44770;69162;21326;10657;14978;117929;1210579;8874;91516;1231049;1758669;433053
FR;8;2022-11-30;283;410;3376;34886;226;2544;35650;54721;16409;10940;15388;121305;1245465;9100;94060;1266699;1813390;449462
FR;8;2022-12-01;334;476;4476;49364;274;3130;50140;77704;24271;11274;15864;125781;1294829;9374;97190;1316839;1891094;473733
FR;8;2022-12-02;408;518;5438;58450;304;3740;59629;89814;26255;11682;16382;131219;1353279;9678;100930;1376468;1980908;499988
FR;8;2022-12-03;178;218;1917;16860;108;1327;17272;25842;7207;11860;16600;133136;1370139;9786;102257;1393740;2006750;507195
FR;8;2022-12-04;53;90;489;4056;59;404;4116;6288;1756;11913;16690;133625;1374195;9845;102661;1397856;2013038;508951
FR;8;2022-12-05;288;404;3847;42361;247;2514;43284;66931;20984;12201;17094;137472;1416556;10092;105175;1441140;2079969;529935
FR;8;2022-12-06;427;547;6299;74322;306;4213;75741;117942;37742;12628;17641;143771;1490878;10398;109388;1516881;2197911;567677
FR;8;2022-12-07;363;437;4907;55025;266;3242;56111;87689;28141;12991;18078;148678;1545903;10664;112630;1572992;2285600;595818
FR;8;2022-12-08;453;534;6447;75449;292;4196;77033;120475;38985;13444;18612;155125;1621352;10956;116826;1650025;2406075;634803
FR;8;2022-12-09;546;604;8021;90900;356;5213;92668;143007;44858;13990;19216;163146;1712252;11312;122039;1742693;2549082;679661
FR;8;2022-12-10;264;320;3341;31719;187;2089;32565;48739;13994;14254;19536;166487;1743971;11499;124128;1775258;2597821;693655
FR;8;2022-12-11;90;104;937;7865;66;644;8083;11892;3145;14344;19640;167424;1751836;11565;124772;1783341;2609713;696800
FR;8;2022-12-12;356;463;5856;64345;254;3727;65857;103397;33615;14700;20103;173280;1816181;11819;128499;1849198;2713110;730415
FR;8;2022-12-13;535;607;8428;99110;353;5198;101553;160207;53121;15235;20710;181708;1915291;12172;133697;1950751;2873317;783536
FR;8;2022-12-14;456;533;6362;70055;306;4210;71637;113494;37377;15691;21243;188070;1985346;12478;137907;2022388;2986811;820913
FR;8;2022-12-15;491;655;8161;91746;371;5141;93957;149259;49820;16182;21898;196231;2077092;12849;143048;2116345;3136070;870733
FR;8;2022-12-16;581;710;8875;100310;386;5707;102441;161925;53402;16763;22608;205106;2177402;13235;148755;2218786;3297995;924135
FR;8;2022-12-17;234;308;3145;30070;190;2004;30841;46780;13830;16997;22916;208251;2207472;13425;150759;2249627;3344775;937965
FR;8;2022-12-18;63;94;732;5974;50;499;6122;9296;2646;17060;23010;208983;2213446;13475;151258;2255749;3354071;940611
FR;8;2022-12-19;399;453;5344;53767;265;3368;55330;87759;28879;17459;23463;214327;2267213;13740;154626;2311079;3441830;969490
FR;8;2022-12-20;555;581;7347;76588;348;4754;78685;127120;43353;18014;24044;221674;2343801;14088;159380;2389764;3568950;1012843
FR;8;2022-12-21;424;481;4970;48808;287;3325;50100;81783;28160;18438;24525;226644;2392609;14375;162705;2439864;3650733;1041003
FR;8;2022-12-22;463;526;4587;44276;315;3188;45495;74783;25945;18901;25051;231231;2436885;14690;165893;2485359;3725516;1066948
FR;8;2022-12-23;320;390;2886;25049;253;2101;25697;42323;14407;19221;25441;234117;2461934;14943;167994;2511056;3767839;1081355
FR;8;2022-12-24;70;70;395;2551;41;295;2665;4151;1174;19291;25511;234512;2464485;14984;168289;2513721;3771990;1082529
FR;8;2022-12-25;29;30;106;546;22;84;567;914;260;19320;25541;234618;2465031;15006;168373;2514288;3772904;1082789
FR;8;2022-12-26;244;276;2158;16079;178;1501;16701;26791;8494;19564;25817;236776;2481110;15184;169874;2530989;3799695;1091283
FR;8;2022-12-27;392;452;3775;32412;263;2532;33508;55307;19120;19956;26269;240551;2513522;15447;172406;2564497;3855002;1110403
FR;8;2022-12-28;343;342;2941;24661;191;2055;25249;41757;14333;20299;26611;243492;2538183;15638;174461;2589746;3896759;1124736
FR;8;2022-12-29;298;407;3159;25513;225;2187;26465;43973;15191;20597;27018;246651;2563696;15863;176648;2616211;3940732;1139927
FR;8;2022-12-30;298;343;2445;18677;216;1703;19319;31741;10611;20895;27361;249096;2582373;16079;178351;2635530;3972473;1150538
FR;8;2022-12-31;92;117;453;2959;75;364;3102;4755;1269;20987;27478;249549;2585332;16154;178715;2638632;3977228;1151807
FR;8;2023-01-01;17;30;112;661;14;85;684;995;225;21004;27508;249661;2585993;16168;178800;2639316;3978223;1152032
FR;8;2023-01-02;269;406;2263;18211;239;1609;18671;32032;11667;21273;27914;251924;2604204;16407;180409;2657987;4010255;1163699
FR;8;2023-01-03;469;542;4248;42803;322;2912;43719;80840;33886;21742;28456;256172;2647007;16729;183321;2701706;4091095;1197585
FR;8;2023-01-04;409;473;3492;29984;291;2422;30739;58273;24925;22151;28929;259664;2676991;17020;185743;2732445;4149368;1222510
FR;8;2023-01-05;504;597;4370;41813;400;2933;42707;82000;36039;22655;29526;264034;2718804;17420;188676;2775152;4231368;1258549
FR;8;2023-01-06;515;670;5106;46735;406;3342;47750;89691;38268;23170;30196;269140;2765539;17826;192018;2822902;4321059;1296817
FR;8;2023-01-07;218;289;1703;12300;182;1198;12614;22347;8435;23388;30485;270843;2777839;18008;193216;2835516;4343406;1305252
FR;8;2023-01-08;68;105;443;2744;64;312;2839;5094;1926;23456;30590;271286;2780583;18072;193528;2838355;4348500;1307178
FR;8;2023-01-09;402;480;2621;21477;312;1841;22050;44576;20465;23858;31070;273907;2802060;18384;195369;2860405;4393076;1327643
FR;8;2023-01-10;462;622;4347;40168;387;3064;40932;85030;40650;24320;31692;278254;2842228;18771;198433;2901337;4478106;1368293
FR;8;2023-01-11;348;458;2947;24112;286;2112;24623;51470;24443;24668;32150;281201;2866340;19057;200545;2925960;4529576;1392736
FR;8;2023-01-12;410;540;3656;33166;330;2573;33787;70815;34085;25078;32690;284857;2899506;19387;203118;2959747;4600391;1426821
FR;8;2023-01-13;447;589;4047;34885;339;2860;35479;72848;34130;25525;33279;288904;2934391;19726;205978;2995226;4673239;1460951
FR;8;2023-01-14;178;229;1338;8857;123;955;9039;17178;7104;25703;33508;290242;2943248;19849;206933;3004265;4690417;1468055
FR;8;2023-01-15;63;87;329;1475;53;244;1581;3172;1335;25766;33595;290571;2944723;19902;207177;3005846;4693589;1469390
FR;8;2023-01-16;267;339;1997;15749;198;1433;16010;35205;17559;26033;33934;292568;2960472;20100;208610;3021856;4728794;1486949
FR;8;2023-01-17;361;453;3247;28163;281;2320;28670;64504;33107;26394;34387;295815;2988635;20381;210930;3050526;4793298;1520056
FR;8;2023-01-18;266;407;2191;16821;247;1668;17063;38330;19344;26660;34794;298006;3005456;20628;212598;3067589;4831628;1539400
FR;8;2023-01-19;354;413;2666;22300;251;1946;22652;51207;26237;27014;35207;300672;3027756;20879;214544;3090241;4882835;1565637
FR;8;2023-01-20;405;506;3174;24798;306;2340;25279;56586;28586;27419;35713;303846;3052554;21185;216884;3115520;4939421;1594223
FR;8;2023-01-21;147;189;1002;6114;102;731;6240;12897;5829;27566;35902;304848;3058668;21287;217615;3121760;4952318;1600052
FR;8;2023-01-22;31;52;156;833;23;138;878;1880;844;27597;35954;305004;3059501;21310;217753;3122638;4954198;1600896
FR;8;2023-01-23;213;299;1588;10612;163;1162;10832;26663;14421;27810;36253;306592;3070113;21473;218915;3133470;4980861;1615317
FR;8;2023-01-24;304;416;2407;19964;247;1795;20232;49854;27409;28114;36669;308999;3090077;21720;220710;3153702;5030715;1642726
FR;8;2023-01-25;240;376;1799;12091;228;1323;12492;29958;15877;28354;37045;310798;3102168;21948;222033;3166194;5060673;1658603
FR;8;2023-01-26;299;381;2215;16481;261;1637;16753;41495;22716;28653;37426;313013;3118649;22209;223670;3182947;5102168;1681319
FR;8;2023-01-27;311;487;2458;17862;292;1841;18097;44170;23808;28964;37913;315471;3136511;22501;225511;3201044;5146338;1705127
FR;8;2023-01-28;125;187;766;4327;124;599;4442;9721;4591;29089;38100;316237;3140838;22625;226110;3205486;5156059;1709718
FR;8;2023-01-29;26;43;86;438;28;67;470;1058;513;29115;38143;316323;3141276;22653;226177;3205956;5157117;1710231
FR;8;2023-01-30;207;313;1224;7958;185;1010;8121;20443;11063;29322;38456;317547;3149234;22838;227187;3214077;5177560;1721294
FR;8;2023-01-31;272;382;1910;13586;235;1417;13812;36220;20700;29594;38838;319457;3162820;23073;228604;3227889;5213780;1741994
FR;8;2023-02-01;247;343;1330;8018;222;1088;8138;21683;12179;29841;39181;320787;3170838;23295;229692;3236027;5235463;1754173
FR;8;2023-02-02;257;383;1568;11432;231;1277;11652;30994;17704;30098;39564;322355;3182270;23526;230969;3247679;5266457;1771877
FR;8;2023-02-03;279;447;1847;12103;285;1435;12287;32941;18839;30377;40011;324202;3194373;23811;232404;3259966;5299398;1790716
FR;8;2023-02-04;117;158;568;2953;108;461;2995;7182;3655;30494;40169;324770;3197326;23919;232865;3262961;5306580;1794371
FR;8;2023-02-05;10;53;65;224;31;60;239;571;264;30504;40222;324835;3197550;23950;232925;3263200;5307151;1794635
FR;8;2023-02-06;184;241;939;5165;169;702;5347;14998;8717;30688;40463;325774;3202715;24119;233627;3268547;5322149;1803352
FR;8;2023-02-07;234;386;1454;9411;260;1180;9548;27521;16385;30922;40849;327228;3212126;24379;234807;3278095;5349670;1819737
FR;8;2023-02-08;172;248;1017;5839;170;807;5984;16521;9449;31094;41097;328245;3217965;24549;235614;3284079;5366191;1829186
FR;8;2023-02-09;236;384;1174;7535;246;982;7719;22210;13181;31330;41481;329419;3225500;24795;236596;3291798;5388401;1842367
FR;8;2023-02-10;277;362;1397;7952;244;1157;8085;23119;13495;31607;41843;330816;3233452;25039;237753;3299883;5411520;1855862
FR;8;2023-02-11;88;145;470;2015;100;402;2092;5227;2664;31695;41988;331286;3235467;25139;238155;3301975;5416747;1858526
FR;8;2023-02-12;26;31;51;163;25;45;184;425;189;31721;42019;331337;3235630;25164;238200;3302159;5417172;1858715
FR;8;2023-02-13;131;205;670;3153;129;607;3247;9276;5285;31852;42224;332007;3238783;25293;238807;3305406;5426448;1864000
FR;8;2023-02-14;189;262;1061;5689;159;885;5838;17091;10070;32041;42486;333068;3244472;25452;239692;3311244;5443539;1874070
FR;8;2023-02-15;162;254;847;3874;145;725;4047;11819;6845;32203;42740;333915;3248346;25597;240417;3315291;5455358;1880915
FR;8;2023-02-16;168;305;999;4915;172;851;5060;14613;8452;32371;43045;334914;3253261;25769;241268;3320351;5469971;1889367
FR;8;2023-02-17;227;316;1101;5201;222;941;5424;15936;9312;32598;43361;336015;3258462;25991;242209;3325775;5485907;1898679
FR;8;2023-02-18;95;130;395;1491;86;312;1565;3902;1969;32693;43491;336410;3259953;26077;242521;3327340;5489809;1900648
FR;8;2023-02-19;22;36;43;132;31;35;135;333;159;32715;43527;336453;3260085;26108;242556;3327475;5490142;1900807
FR;8;2023-02-20;140;257;633;2669;161;587;2784;8172;4655;32855;43784;337086;3262754;26269;243143;3330259;5498314;1905462
FR;8;2023-02-21;177;307;962;4285;163;835;4490;13542;7940;33032;44091;338048;3267039;26432;243978;3334749;5511856;1913402
FR;8;2023-02-22;156;254;662;2768;170;621;2801;8632;5042;33188;44345;338710;3269807;26602;244599;3337550;5520488;1918444
FR;8;2023-02-23;151;260;825;3774;153;732;3951;11823;6861;33339;44605;339535;3273581;26755;245331;3341501;5532311;1925305
FR;8;2023-02-24;157;309;952;4101;191;824;4287;12390;7040;33496;44914;340487;3277682;26946;246155;3345788;5544701;1932345
FR;8;2023-02-25;57;100;344;1058;67;274;1113;2940;1495;33553;45014;340831;3278740;27013;246429;3346901;5547641;1933840
FR;8;2023-02-26;14;21;31;95;22;28;108;249;106;33567;45035;340862;3278835;27035;246457;3347009;5547890;1933946
FR;8;2023-02-27;92;221;506;1829;152;481;1898;6240;3724;33659;45256;341368;3280664;27187;246938;3348907;5554130;1937670
FR;8;2023-02-28;156;256;753;3332;152;715;3459;11598;7129;33815;45512;342121;3283996;27339;247653;3352366;5565728;1944799
FR;8;2023-03-01;130;195;521;1829;145;459;1981;6234;3647;33945;45707;342642;3285825;27484;248112;3354347;5571962;1948446
FR;8;2023-03-02;128;217;714;2763;132;607;2954;9692;5901;34073;45924;343356;3288588;27616;248719;3357301;5581654;1954347
FR;8;2023-03-03;179;329;894;3404;218;791;3532;11211;6577;34252;46253;344250;3291992;27834;249510;3360833;5592865;1960924
FR;8;2023-03-04;58;134;310;975;81;293;981;2628;1295;34310;46387;344560;3292967;27915;249803;3361814;5595493;1962219
FR;8;2023-03-05;12;18;20;49;14;24;49;183;99;34322;46405;344580;3293016;27929;249827;3361863;5595676;1962318
FR;8;2023-03-06;117;177;413;1309;102;393;1368;4420;2521;34439;46582;344993;3294325;28031;250220;3363231;5600096;1964839
FR;8;2023-03-07;120;210;565;2150;126;522;2226;7505;4567;34559;46792;345558;3296475;28157;250742;3365457;5607601;1969406
FR;8;2023-03-08;90;173;445;1325;107;394;1396;4685;2742;34649;46965;346003;3297800;28264;251136;3366853;5612286;1972148
FR;8;2023-03-09;116;200;554;1866;122;518;1926;6747;4131;34765;47165;346557;3299666;28386;251654;3368779;5619033;1976279
FR;8;2023-03-10;198;329;763;2398;208;689;2518;8510;5064;34963;47494;347320;3302064;28594;252343;3371297;5627543;1981343
FR;8;2023-03-11;54;114;271;734;78;236;768;2152;1096;35017;47608;347591;3302798;28672;252579;3372065;5629695;1982439
FR;8;2023-03-12;6;10;23;60;8;22;61;172;85;35023;47618;347614;3302858;28680;252601;3372126;5629867;1982524
FR;8;2023-03-13;80;137;383;990;88;342;1067;3422;1923;35103;47755;347997;3303848;28768;252943;3373193;5633289;1984447
FR;8;2023-03-14;110;210;559;1732;124;543;1807;6365;3809;35213;47965;348556;3305580;28892;253486;3375000;5639654;1988256
FR;8;2023-03-15;104;164;405;1095;116;368;1164;4038;2359;35317;48129;348961;3306675;29008;253854;3376164;5643692;1990615
FR;8;2023-03-16;99;191;503;1491;123;459;1576;5560;3330;35416;48320;349464;3308166;29131;254313;3377740;5649252;1993945
FR;8;2023-03-17;138;219;642;1828;135;559;1975;6789;4010;35554;48539;350106;3309994;29266;254872;3379715;5656041;1997955
FR;8;2023-03-18;75;110;265;526;69;252;584;1841;944;35629;48649;350371;3310520;29335;255124;3380299;5657882;1998899
FR;8;2023-03-19;3;15;23;45;15;12;51;115;49;35632;48664;350394;3310565;29350;255136;3380350;5657997;1998948
FR;8;2023-03-20;84;171;403;922;95;401;1003;3497;1962;35716;48835;350797;3311487;29445;255537;3381353;5661494;2000910
FR;8;2023-03-21;126;200;569;1501;118;545;1672;6084;3621;35842;49035;351366;3312988;29563;256082;3383025;5667578;2004531
FR;8;2023-03-22;118;156;394;933;105;368;1046;3620;2080;35960;49191;351760;3313921;29668;256450;3384071;5671198;2006611
FR;8;2023-03-23;87;160;513;1271;89;456;1359;4826;2804;36047;49351;352273;3315192;29757;256906;3385430;5676024;2009415
FR;8;2023-03-24;142;263;691;1613;156;629;1781;6212;3546;36189;49614;352964;3316805;29913;257535;3387211;5682236;2012961
FR;8;2023-03-25;58;93;266;491;70;232;545;1605;758;36247;49707;353230;3317296;29983;257767;3387756;5683841;2013719
FR;8;2023-03-26;6;9;16;30;8;13;30;83;38;36253;49716;353246;3317326;29991;257780;3387786;5683924;2013757
FR;8;2023-03-27;107;169;405;788;124;384;876;3120;1738;36360;49885;353651;3318114;30115;258164;3388662;5687044;2015495
FR;8;2023-03-28;111;178;526;1441;98;482;1575;5778;3438;36471;50063;354177;3319555;30213;258646;3390237;5692822;2018933
FR;8;2023-03-29;89;167;369;887;85;361;1024;3538;1965;36560;50230;354546;3320442;30298;259007;3391261;5696360;2020898
FR;8;2023-03-30;95;169;479;1246;85;475;1388;5030;2871;36655;50399;355025;3321688;30383;259482;3392649;5701390;2023769
FR;8;2023-03-31;126;247;636;1615;166;556;1755;6365;3690;36781;50646;355661;3323303;30549;260038;3394404;5707755;2027459
FR;8;2023-04-01;57;105;283;536;52;241;624;1824;867;36838;50751;355944;3323839;30601;260279;3395028;5709579;2028326
FR;8;2023-04-02;5;21;20;32;12;26;34;99;39;36843;50772;355964;3323871;30613;260305;3395062;5709678;2028365
FR;8;2023-04-03;71;130;352;734;84;321;830;2927;1608;36914;50902;356316;3324605;30697;260626;3395892;5712605;2029973
FR;8;2023-04-04;77;175;447;1083;116;368;1234;4795;2836;36991;51077;356763;3325688;30813;260994;3397126;5717400;2032809
FR;8;2023-04-05;69;132;340;716;83;324;806;3100;1765;37060;51209;357103;3326404;30896;261318;3397932;5720500;2034574
FR;8;2023-04-06;91;118;363;944;73;329;1053;3885;2208;37151;51327;357466;3327348;30969;261647;3398985;5724385;2036782
FR;8;2023-04-07;117;208;486;1157;124;445;1276;4611;2570;37268;51535;357952;3328505;31093;262092;3400261;5728996;2039352
FR;8;2023-04-08;29;89;205;344;54;196;379;1204;538;37297;51624;358157;3328849;31147;262288;3400640;5730200;2039890
FR;8;2023-04-09;3;11;16;12;4;19;16;52;15;37300;51635;358173;3328861;31151;262307;3400656;5730252;2039905
FR;8;2023-04-10;6;9;22;27;3;21;36;86;25;37306;51644;358195;3328888;31154;262328;3400692;5730338;2039930
FR;8;2023-04-11;72;168;454;873;90;444;975;3948;2168;37378;51812;358649;3329761;31244;262772;3401667;5734286;2042098
FR;8;2023-04-12;73;135;297;649;89;289;701;2893;1634;37451;51947;358946;3330410;31333;263061;3402368;5737179;2043732
FR;8;2023-04-13;66;160;350;844;96;338;933;3823;2189;37517;52107;359296;3331254;31429;263399;3403301;5741002;2045921
FR;8;2023-04-14;118;186;461;1111;123;411;1184;4781;2760;37635;52293;359757;3332365;31552;263810;3404485;5745783;2048681
FR;8;2023-04-15;29;79;175;364;40;175;390;1331;618;37664;52372;359932;3332729;31592;263985;3404875;5747114;2049299
FR;8;2023-04-16;14;12;11;32;10;14;28;96;39;37678;52384;359943;3332761;31602;263999;3404903;5747210;2049338
FR;8;2023-04-17;54;128;275;537;69;286;625;2697;1458;37732;52512;360218;3333298;31671;264285;3405528;5749907;2050796
FR;8;2023-04-18;93;134;349;777;81;354;861;3792;2162;37825;52646;360567;3334075;31752;264639;3406389;5753699;2052958
FR;8;2023-04-19;60;89;255;524;59;232;613;2517;1327;37885;52735;360822;3334599;31811;264871;3407002;5756216;2054285
FR;8;2023-04-20;61;129;270;666;81;266;694;2966;1637;37946;52864;361092;3335265;31892;265137;3407696;5759182;2055922
FR;8;2023-04-21;77;168;372;845;86;373;967;3875;2064;38023;53032;361464;3336110;31978;265510;3408663;5763057;2057986
FR;8;2023-04-22;25;56;120;219;31;132;238;969;482;38048;53088;361584;3336329;32009;265642;3408901;5764026;2058468
FR;8;2023-04-23;2;5;9;10;4;11;10;47;19;38050;53093;361593;3336339;32013;265653;3408911;5764073;2058487
FR;8;2023-04-24;65;107;233;438;62;215;516;2022;1004;38115;53200;361826;3336777;32075;265868;3409427;5766095;2059491
FR;9;2020-12-27;0;0;0;0;0;0;0;0;0;0;0;0;0;0;0;0;0;0
FR;9;2020-12-28;0;0;0;0;0;0;0;0;0;0;0;0;0;0;0;0;0;0
FR;9;2020-12-29;0;0;0;0;0;0;0;0;0;0;0;0;0;0;0;0;0;0
FR;9;2020-12-30;0;0;0;0;0;0;0;0;0;0;0;0;0;0;0;0;0;0
FR;9;2020-12-31;0;0;0;0;0;0;0;0;0;0;0;0;0;0;0;0;0;0
FR;9;2021-01-01;0;0;0;0;0;0;0;0;0;0;0;0;0;0;0;0;0;0
FR;9;2021-01-02;0;0;0;0;0;0;0;0;0;0;0;0;0;0;0;0;0;0
FR;9;2021-01-03;0;0;0;0;0;0;0;0;0;0;0;0;0;0;0;0;0;0
FR;9;2021-01-04;0;0;0;0;0;0;0;0;0;0;0;0;0;0;0;0;0;0
FR;9;2021-01-05;0;0;0;0;0;0;0;0;0;0;0;0;0;0;0;0;0;0
FR;9;2021-01-06;0;0;0;0;0;0;0;0;0;0;0;0;0;0;0;0;0;0
FR;9;2021-01-07;0;0;0;0;0;0;0;0;0;0;0;0;0;0;0;0;0;0
FR;9;2021-01-08;0;0;0;0;0;0;0;0;0;0;0;0;0;0;0;0;0;0
FR;9;2021-01-09;0;0;0;0;0;0;0;0;0;0;0;0;0;0;0;0;0;0
FR;9;2021-01-10;0;0;0;0;0;0;0;0;0;0;0;0;0;0;0;0;0;0
FR;9;2021-01-11;0;0;0;0;0;0;0;0;0;0;0;0;0;0;0;0;0;0
FR;9;2021-01-12;0;0;0;0;0;0;0;0;0;0;0;0;0;0;0;0;0;0
FR;9;2021-01-13;0;0;0;0;0;0;0;0;0;0;0;0;0;0;0;0;0;0
FR;9;2021-01-14;0;0;0;0;0;0;0;0;0;0;0;0;0;0;0;0;0;0
FR;9;2021-01-15;0;0;0;0;0;0;0;0;0;0;0;0;0;0;0;0;0;0
FR;9;2021-01-16;0;0;0;0;0;0;0;0;0;0;0;0;0;0;0;0;0;0
FR;9;2021-01-17;0;0;0;0;0;0;0;0;0;0;0;0;0;0;0;0;0;0
FR;9;2021-01-18;0;0;0;0;0;0;0;0;0;0;0;0;0;0;0;0;0;0
FR;9;2021-01-19;0;0;0;0;0;0;0;0;0;0;0;0;0;0;0;0;0;0
FR;9;2021-01-20;0;0;0;0;0;0;0;0;0;0;0;0;0;0;0;0;0;0
FR;9;2021-01-21;0;0;0;0;0;0;0;0;0;0;0;0;0;0;0;0;0;0
FR;9;2021-01-22;0;0;0;0;0;0;0;0;0;0;0;0;0;0;0;0;0;0
FR;9;2021-01-23;0;0;0;0;0;0;0;0;0;0;0;0;0;0;0;0;0;0
FR;9;2021-01-24;0;0;0;0;0;0;0;0;0;0;0;0;0;0;0;0;0;0
FR;9;2021-01-25;0;0;0;0;0;0;0;0;0;0;0;0;0;0;0;0;0;0
FR;9;2021-01-26;0;0;0;0;0;0;0;0;0;0;0;0;0;0;0;0;0;0
FR;9;2021-01-27;0;0;0;0;0;0;0;0;0;0;0;0;0;0;0;0;0;0
FR;9;2021-01-28;0;0;0;0;0;0;0;0;0;0;0;0;0;0;0;0;0;0
FR;9;2021-01-29;0;0;0;0;0;0;0;0;0;0;0;0;0;0;0;0;0;0
FR;9;2021-01-30;0;0;0;0;0;0;0;0;0;0;0;0;0;0;0;0;0;0
FR;9;2021-01-31;0;0;0;0;0;0;0;0;0;0;0;0;0;0;0;0;0;0
FR;9;2021-02-01;0;0;0;0;0;0;0;0;0;0;0;0;0;0;0;0;0;0
FR;9;2021-02-02;0;0;0;0;0;0;0;0;0;0;0;0;0;0;0;0;0;0
FR;9;2021-02-03;0;0;0;0;0;0;0;0;0;0;0;0;0;0;0;0;0;0
FR;9;2021-02-04;0;0;0;0;0;0;0;0;0;0;0;0;0;0;0;0;0;0
FR;9;2021-02-05;0;0;0;0;0;0;0;0;0;0;0;0;0;0;0;0;0;0
FR;9;2021-02-06;0;0;0;0;0;0;0;0;0;0;0;0;0;0;0;0;0;0
FR;9;2021-02-07;0;0;0;0;0;0;0;0;0;0;0;0;0;0;0;0;0;0
FR;9;2021-02-08;0;0;0;0;0;0;0;0;0;0;0;0;0;0;0;0;0;0
FR;9;2021-02-09;0;0;0;0;0;0;0;0;0;0;0;0;0;0;0;0;0;0
FR;9;2021-02-10;0;0;0;0;0;0;0;0;0;0;0;0;0;0;0;0;0;0
FR;9;2021-02-11;0;0;0;0;0;0;0;0;0;0;0;0;0;0;0;0;0;0
FR;9;2021-02-12;0;0;0;0;0;0;0;0;0;0;0;0;0;0;0;0;0;0
FR;9;2021-02-13;0;0;0;0;0;0;0;0;0;0;0;0;0;0;0;0;0;0
FR;9;2021-02-14;0;0;0;0;0;0;0;0;0;0;0;0;0;0;0;0;0;0
FR;9;2021-02-15;0;0;0;0;0;0;0;0;0;0;0;0;0;0;0;0;0;0
FR;9;2021-02-16;0;0;0;0;0;0;0;0;0;0;0;0;0;0;0;0;0;0
FR;9;2021-02-17;0;0;0;0;0;0;0;0;0;0;0;0;0;0;0;0;0;0
FR;9;2021-02-18;0;0;0;0;0;0;0;0;0;0;0;0;0;0;0;0;0;0
FR;9;2021-02-19;0;0;0;0;0;0;0;0;0;0;0;0;0;0;0;0;0;0
FR;9;2021-02-20;0;0;0;0;0;0;0;0;0;0;0;0;0;0;0;0;0;0
FR;9;2021-02-21;0;0;0;0;0;0;0;0;0;0;0;0;0;0;0;0;0;0
FR;9;2021-02-22;0;0;0;0;0;0;0;0;0;0;0;0;0;0;0;0;0;0
FR;9;2021-02-23;0;0;0;0;0;0;0;0;0;0;0;0;0;0;0;0;0;0
FR;9;2021-02-24;0;0;0;0;0;0;0;0;0;0;0;0;0;0;0;0;0;0
FR;9;2021-02-25;0;0;0;0;0;0;0;0;0;0;0;0;0;0;0;0;0;0
FR;9;2021-02-26;0;0;0;0;0;0;0;0;0;0;0;0;0;0;0;0;0;0
FR;9;2021-02-27;0;0;0;0;0;0;0;0;0;0;0;0;0;0;0;0;0;0
FR;9;2021-02-28;0;0;0;0;0;0;0;0;0;0;0;0;0;0;0;0;0;0
FR;9;2021-03-01;0;0;0;0;0;0;0;0;0;0;0;0;0;0;0;0;0;0
FR;9;2021-03-02;0;0;0;0;0;0;0;0;0;0;0;0;0;0;0;0;0;0
FR;9;2021-03-03;0;0;0;0;0;0;0;0;0;0;0;0;0;0;0;0;0;0
FR;9;2021-03-04;0;0;0;0;0;0;0;0;0;0;0;0;0;0;0;0;0;0
FR;9;2021-03-05;0;0;0;0;0;0;0;0;0;0;0;0;0;0;0;0;0;0
FR;9;2021-03-06;0;0;0;0;0;0;0;0;0;0;0;0;0;0;0;0;0;0
FR;9;2021-03-07;0;0;0;0;0;0;0;0;0;0;0;0;0;0;0;0;0;0
FR;9;2021-03-08;0;0;0;0;0;0;0;0;0;0;0;0;0;0;0;0;0;0
FR;9;2021-03-09;0;0;0;0;0;0;0;0;0;0;0;0;0;0;0;0;0;0
FR;9;2021-03-10;0;0;0;0;0;0;0;0;0;0;0;0;0;0;0;0;0;0
FR;9;2021-03-11;0;0;0;0;0;0;0;0;0;0;0;0;0;0;0;0;0;0
FR;9;2021-03-12;0;0;0;0;0;0;0;0;0;0;0;0;0;0;0;0;0;0
FR;9;2021-03-13;0;0;0;0;0;0;0;0;0;0;0;0;0;0;0;0;0;0
FR;9;2021-03-14;0;0;0;0;0;0;0;0;0;0;0;0;0;0;0;0;0;0
FR;9;2021-03-15;0;0;0;0;0;0;0;0;0;0;0;0;0;0;0;0;0;0
FR;9;2021-03-16;0;0;0;0;0;0;0;0;0;0;0;0;0;0;0;0;0;0
FR;9;2021-03-17;0;0;0;0;0;0;0;0;0;0;0;0;0;0;0;0;0;0
FR;9;2021-03-18;0;0;0;0;0;0;0;0;0;0;0;0;0;0;0;0;0;0
FR;9;2021-03-19;0;0;0;0;0;0;0;0;0;0;0;0;0;0;0;0;0;0
FR;9;2021-03-20;0;0;0;0;0;0;0;0;0;0;0;0;0;0;0;0;0;0
FR;9;2021-03-21;0;0;0;0;0;0;0;0;0;0;0;0;0;0;0;0;0;0
FR;9;2021-03-22;0;0;0;0;0;0;0;0;0;0;0;0;0;0;0;0;0;0
FR;9;2021-03-23;0;0;0;0;0;0;0;0;0;0;0;0;0;0;0;0;0;0
FR;9;2021-03-24;0;0;0;0;0;0;0;0;0;0;0;0;0;0;0;0;0;0
FR;9;2021-03-25;0;0;0;0;0;0;0;0;0;0;0;0;0;0;0;0;0;0
FR;9;2021-03-26;0;0;0;0;0;0;0;0;0;0;0;0;0;0;0;0;0;0
FR;9;2021-03-27;0;0;0;0;0;0;0;0;0;0;0;0;0;0;0;0;0;0
FR;9;2021-03-28;0;0;0;0;0;0;0;0;0;0;0;0;0;0;0;0;0;0
FR;9;2021-03-29;0;0;0;0;0;0;0;0;0;0;0;0;0;0;0;0;0;0
FR;9;2021-03-30;0;0;0;0;0;0;0;0;0;0;0;0;0;0;0;0;0;0
FR;9;2021-03-31;0;0;0;0;0;0;0;0;0;0;0;0;0;0;0;0;0;0
FR;9;2021-04-01;0;0;0;0;0;0;0;0;0;0;0;0;0;0;0;0;0;0
FR;9;2021-04-02;0;0;0;0;0;0;0;0;0;0;0;0;0;0;0;0;0;0
FR;9;2021-04-03;0;0;0;0;0;0;0;0;0;0;0;0;0;0;0;0;0;0
FR;9;2021-04-04;0;0;0;0;0;0;0;0;0;0;0;0;0;0;0;0;0;0
FR;9;2021-04-05;0;0;0;0;0;0;0;0;0;0;0;0;0;0;0;0;0;0
FR;9;2021-04-06;0;0;0;0;0;0;0;0;0;0;0;0;0;0;0;0;0;0
FR;9;2021-04-07;0;0;0;0;0;0;0;0;0;0;0;0;0;0;0;0;0;0
FR;9;2021-04-08;0;0;0;0;0;0;0;0;0;0;0;0;0;0;0;0;0;0
FR;9;2021-04-09;0;0;0;0;0;0;0;0;0;0;0;0;0;0;0;0;0;0
FR;9;2021-04-10;0;0;0;0;0;0;0;0;0;0;0;0;0;0;0;0;0;0
FR;9;2021-04-11;0;0;0;0;0;0;0;0;0;0;0;0;0;0;0;0;0;0
FR;9;2021-04-12;0;0;0;0;0;0;0;0;0;0;0;0;0;0;0;0;0;0
FR;9;2021-04-13;0;0;0;0;0;0;0;0;0;0;0;0;0;0;0;0;0;0
FR;9;2021-04-14;0;0;0;0;0;0;0;0;0;0;0;0;0;0;0;0;0;0
FR;9;2021-04-15;0;0;0;0;0;0;0;0;0;0;0;0;0;0;0;0;0;0
FR;9;2021-04-16;0;0;0;0;0;0;0;0;0;0;0;0;0;0;0;0;0;0
FR;9;2021-04-17;0;0;0;0;0;0;0;0;0;0;0;0;0;0;0;0;0;0
FR;9;2021-04-18;0;0;0;0;0;0;0;0;0;0;0;0;0;0;0;0;0;0
FR;9;2021-04-19;0;0;0;0;0;0;0;0;0;0;0;0;0;0;0;0;0;0
FR;9;2021-04-20;0;0;0;0;0;0;0;0;0;0;0;0;0;0;0;0;0;0
FR;9;2021-04-21;0;0;0;0;0;0;0;0;0;0;0;0;0;0;0;0;0;0
FR;9;2021-04-22;0;0;0;0;0;0;0;0;0;0;0;0;0;0;0;0;0;0
FR;9;2021-04-23;0;0;0;0;0;0;0;0;0;0;0;0;0;0;0;0;0;0
FR;9;2021-04-24;0;0;0;0;0;0;0;0;0;0;0;0;0;0;0;0;0;0
FR;9;2021-04-25;0;0;0;0;0;0;0;0;0;0;0;0;0;0;0;0;0;0
FR;9;2021-04-26;0;0;0;0;0;0;0;0;0;0;0;0;0;0;0;0;0;0
FR;9;2021-04-27;0;0;0;0;0;0;0;0;0;0;0;0;0;0;0;0;0;0
FR;9;2021-04-28;0;0;0;0;0;0;0;0;0;0;0;0;0;0;0;0;0;0
FR;9;2021-04-29;0;0;0;0;0;0;0;0;0;0;0;0;0;0;0;0;0;0
FR;9;2021-04-30;0;0;0;0;0;0;0;0;0;0;0;0;0;0;0;0;0;0
FR;9;2021-05-01;0;0;0;0;0;0;0;0;0;0;0;0;0;0;0;0;0;0
FR;9;2021-05-02;0;0;0;0;0;0;0;0;0;0;0;0;0;0;0;0;0;0
FR;9;2021-05-03;0;0;0;0;0;0;0;0;0;0;0;0;0;0;0;0;0;0
FR;9;2021-05-04;0;0;0;0;0;0;0;0;0;0;0;0;0;0;0;0;0;0
FR;9;2021-05-05;0;0;0;0;0;0;0;0;0;0;0;0;0;0;0;0;0;0
FR;9;2021-05-06;0;0;0;0;0;0;0;0;0;0;0;0;0;0;0;0;0;0
FR;9;2021-05-07;0;0;0;0;0;0;0;0;0;0;0;0;0;0;0;0;0;0
FR;9;2021-05-08;0;0;0;0;0;0;0;0;0;0;0;0;0;0;0;0;0;0
FR;9;2021-05-09;0;0;0;0;0;0;0;0;0;0;0;0;0;0;0;0;0;0
FR;9;2021-05-10;0;0;0;0;0;0;0;0;0;0;0;0;0;0;0;0;0;0
FR;9;2021-05-11;0;0;0;0;0;0;0;0;0;0;0;0;0;0;0;0;0;0
FR;9;2021-05-12;0;0;0;0;0;0;0;0;0;0;0;0;0;0;0;0;0;0
FR;9;2021-05-13;0;0;0;0;0;0;0;0;0;0;0;0;0;0;0;0;0;0
FR;9;2021-05-14;0;0;0;0;0;0;0;0;0;0;0;0;0;0;0;0;0;0
FR;9;2021-05-15;0;0;0;0;0;0;0;0;0;0;0;0;0;0;0;0;0;0
FR;9;2021-05-16;0;0;0;0;0;0;0;0;0;0;0;0;0;0;0;0;0;0
FR;9;2021-05-17;0;0;0;0;0;0;0;0;0;0;0;0;0;0;0;0;0;0
FR;9;2021-05-18;0;0;0;0;0;0;0;0;0;0;0;0;0;0;0;0;0;0
FR;9;2021-05-19;0;0;0;0;0;0;0;0;0;0;0;0;0;0;0;0;0;0
FR;9;2021-05-20;0;0;0;0;0;0;0;0;0;0;0;0;0;0;0;0;0;0
FR;9;2021-05-21;0;0;0;0;0;0;0;0;0;0;0;0;0;0;0;0;0;0
FR;9;2021-05-22;0;0;0;0;0;0;0;0;0;0;0;0;0;0;0;0;0;0
FR;9;2021-05-23;0;0;0;0;0;0;0;0;0;0;0;0;0;0;0;0;0;0
FR;9;2021-05-24;0;0;0;0;0;0;0;0;0;0;0;0;0;0;0;0;0;0
FR;9;2021-05-25;0;0;0;0;0;0;0;0;0;0;0;0;0;0;0;0;0;0
FR;9;2021-05-26;0;0;0;0;0;0;0;0;0;0;0;0;0;0;0;0;0;0
FR;9;2021-05-27;0;0;0;0;0;0;0;0;0;0;0;0;0;0;0;0;0;0
FR;9;2021-05-28;0;0;0;0;0;0;0;0;0;0;0;0;0;0;0;0;0;0
FR;9;2021-05-29;0;0;0;0;0;0;0;0;0;0;0;0;0;0;0;0;0;0
FR;9;2021-05-30;0;0;0;0;0;0;0;0;0;0;0;0;0;0;0;0;0;0
FR;9;2021-05-31;0;0;0;0;0;0;0;0;0;0;0;0;0;0;0;0;0;0
FR;9;2021-06-01;0;0;0;0;0;0;0;0;0;0;0;0;0;0;0;0;0;0
FR;9;2021-06-02;0;0;0;0;0;0;0;0;0;0;0;0;0;0;0;0;0;0
FR;9;2021-06-03;0;0;0;0;0;0;0;0;0;0;0;0;0;0;0;0;0;0
FR;9;2021-06-04;0;0;0;0;0;0;0;0;0;0;0;0;0;0;0;0;0;0
FR;9;2021-06-05;0;0;0;0;0;0;0;0;0;0;0;0;0;0;0;0;0;0
FR;9;2021-06-06;0;0;0;0;0;0;0;0;0;0;0;0;0;0;0;0;0;0
FR;9;2021-06-07;0;0;0;0;0;0;0;0;0;0;0;0;0;0;0;0;0;0
FR;9;2021-06-08;0;0;0;0;0;0;0;0;0;0;0;0;0;0;0;0;0;0
FR;9;2021-06-09;0;0;0;0;0;0;0;0;0;0;0;0;0;0;0;0;0;0
FR;9;2021-06-10;0;0;0;0;0;0;0;0;0;0;0;0;0;0;0;0;0;0
FR;9;2021-06-11;0;0;0;0;0;0;0;0;0;0;0;0;0;0;0;0;0;0
FR;9;2021-06-12;0;0;0;0;0;0;0;0;0;0;0;0;0;0;0;0;0;0
FR;9;2021-06-13;0;0;0;0;0;0;0;0;0;0;0;0;0;0;0;0;0;0
FR;9;2021-06-14;0;0;0;0;0;0;0;0;0;0;0;0;0;0;0;0;0;0
FR;9;2021-06-15;0;0;0;0;0;0;0;0;0;0;0;0;0;0;0;0;0;0
FR;9;2021-06-16;0;0;0;0;0;0;0;0;0;0;0;0;0;0;0;0;0;0
FR;9;2021-06-17;0;0;0;0;0;0;0;0;0;0;0;0;0;0;0;0;0;0
FR;9;2021-06-18;0;0;0;0;0;0;0;0;0;0;0;0;0;0;0;0;0;0
FR;9;2021-06-19;0;0;0;0;0;0;0;0;0;0;0;0;0;0;0;0;0;0
FR;9;2021-06-20;0;0;0;0;0;0;0;0;0;0;0;0;0;0;0;0;0;0
FR;9;2021-06-21;0;0;0;0;0;0;0;0;0;0;0;0;0;0;0;0;0;0
FR;9;2021-06-22;0;0;0;0;0;0;0;0;0;0;0;0;0;0;0;0;0;0
FR;9;2021-06-23;0;0;0;0;0;0;0;0;0;0;0;0;0;0;0;0;0;0
FR;9;2021-06-24;0;0;0;0;0;0;0;0;0;0;0;0;0;0;0;0;0;0
FR;9;2021-06-25;0;0;0;0;0;0;0;0;0;0;0;0;0;0;0;0;0;0
FR;9;2021-06-26;0;0;0;0;0;0;0;0;0;0;0;0;0;0;0;0;0;0
FR;9;2021-06-27;0;0;0;0;0;0;0;0;0;0;0;0;0;0;0;0;0;0
FR;9;2021-06-28;0;0;0;0;0;0;0;0;0;0;0;0;0;0;0;0;0;0
FR;9;2021-06-29;0;0;0;0;0;0;0;0;0;0;0;0;0;0;0;0;0;0
FR;9;2021-06-30;0;0;0;0;0;0;0;0;0;0;0;0;0;0;0;0;0;0
FR;9;2021-07-01;0;0;0;0;0;0;0;0;0;0;0;0;0;0;0;0;0;0
FR;9;2021-07-02;0;0;0;0;0;0;0;0;0;0;0;0;0;0;0;0;0;0
FR;9;2021-07-03;0;0;0;0;0;0;0;0;0;0;0;0;0;0;0;0;0;0
FR;9;2021-07-04;0;0;0;0;0;0;0;0;0;0;0;0;0;0;0;0;0;0
FR;9;2021-07-05;0;0;0;0;0;0;0;0;0;0;0;0;0;0;0;0;0;0
FR;9;2021-07-06;0;0;0;0;0;0;0;0;0;0;0;0;0;0;0;0;0;0
FR;9;2021-07-07;0;0;0;0;0;0;0;0;0;0;0;0;0;0;0;0;0;0
FR;9;2021-07-08;0;0;0;0;0;0;0;0;0;0;0;0;0;0;0;0;0;0
FR;9;2021-07-09;0;0;0;0;0;0;0;0;0;0;0;0;0;0;0;0;0;0
FR;9;2021-07-10;0;0;0;0;0;0;0;0;0;0;0;0;0;0;0;0;0;0
FR;9;2021-07-11;0;0;0;0;0;0;0;0;0;0;0;0;0;0;0;0;0;0
FR;9;2021-07-12;0;0;0;0;0;0;0;0;0;0;0;0;0;0;0;0;0;0
FR;9;2021-07-13;0;0;0;0;0;0;0;0;0;0;0;0;0;0;0;0;0;0
FR;9;2021-07-14;0;0;0;0;0;0;0;0;0;0;0;0;0;0;0;0;0;0
FR;9;2021-07-15;0;0;0;0;0;0;0;0;0;0;0;0;0;0;0;0;0;0
FR;9;2021-07-16;0;0;0;0;0;0;0;0;0;0;0;0;0;0;0;0;0;0
FR;9;2021-07-17;0;0;0;0;0;0;0;0;0;0;0;0;0;0;0;0;0;0
FR;9;2021-07-18;0;0;0;0;0;0;0;0;0;0;0;0;0;0;0;0;0;0
FR;9;2021-07-19;0;0;0;0;0;0;0;0;0;0;0;0;0;0;0;0;0;0
FR;9;2021-07-20;0;0;0;0;0;0;0;0;0;0;0;0;0;0;0;0;0;0
FR;9;2021-07-21;0;0;0;0;0;0;0;0;0;0;0;0;0;0;0;0;0;0
FR;9;2021-07-22;0;0;0;0;0;0;0;0;0;0;0;0;0;0;0;0;0;0
FR;9;2021-07-23;0;0;0;0;0;0;0;0;0;0;0;0;0;0;0;0;0;0
FR;9;2021-07-24;0;0;0;0;0;0;0;0;0;0;0;0;0;0;0;0;0;0
FR;9;2021-07-25;0;0;0;0;0;0;0;0;0;0;0;0;0;0;0;0;0;0
FR;9;2021-07-26;0;0;0;0;0;0;0;0;0;0;0;0;0;0;0;0;0;0
FR;9;2021-07-27;0;0;0;0;0;0;0;0;0;0;0;0;0;0;0;0;0;0
FR;9;2021-07-28;0;0;0;0;0;0;0;0;0;0;0;0;0;0;0;0;0;0
FR;9;2021-07-29;0;0;0;0;0;0;0;0;0;0;0;0;0;0;0;0;0;0
FR;9;2021-07-30;0;0;0;0;0;0;0;0;0;0;0;0;0;0;0;0;0;0
FR;9;2021-07-31;0;0;0;0;0;0;0;0;0;0;0;0;0;0;0;0;0;0
FR;9;2021-08-01;0;0;0;0;0;0;0;0;0;0;0;0;0;0;0;0;0;0
FR;9;2021-08-02;0;0;0;0;0;0;0;0;0;0;0;0;0;0;0;0;0;0
FR;9;2021-08-03;0;0;0;0;0;0;0;0;0;0;0;0;0;0;0;0;0;0
FR;9;2021-08-04;0;0;0;0;0;0;0;0;0;0;0;0;0;0;0;0;0;0
FR;9;2021-08-05;0;0;0;0;0;0;0;0;0;0;0;0;0;0;0;0;0;0
FR;9;2021-08-06;0;0;0;0;0;0;0;0;0;0;0;0;0;0;0;0;0;0
FR;9;2021-08-07;0;0;0;0;0;0;0;0;0;0;0;0;0;0;0;0;0;0
FR;9;2021-08-08;0;0;0;0;0;0;0;0;0;0;0;0;0;0;0;0;0;0
FR;9;2021-08-09;0;0;0;0;0;0;0;0;0;0;0;0;0;0;0;0;0;0
FR;9;2021-08-10;0;0;0;0;0;0;0;0;0;0;0;0;0;0;0;0;0;0
FR;9;2021-08-11;0;0;0;0;0;0;0;0;0;0;0;0;0;0;0;0;0;0
FR;9;2021-08-12;0;0;0;0;0;0;0;0;0;0;0;0;0;0;0;0;0;0
FR;9;2021-08-13;0;0;0;0;0;0;0;0;0;0;0;0;0;0;0;0;0;0
FR;9;2021-08-14;0;0;0;0;0;0;0;0;0;0;0;0;0;0;0;0;0;0
FR;9;2021-08-15;0;0;0;0;0;0;0;0;0;0;0;0;0;0;0;0;0;0
FR;9;2021-08-16;0;0;0;0;0;0;0;0;0;0;0;0;0;0;0;0;0;0
FR;9;2021-08-17;0;0;0;0;0;0;0;0;0;0;0;0;0;0;0;0;0;0
FR;9;2021-08-18;0;0;0;0;0;0;0;0;0;0;0;0;0;0;0;0;0;0
FR;9;2021-08-19;0;0;0;0;0;0;0;0;0;0;0;0;0;0;0;0;0;0
FR;9;2021-08-20;0;0;0;0;0;0;0;0;0;0;0;0;0;0;0;0;0;0
FR;9;2021-08-21;0;0;0;0;0;0;0;0;0;0;0;0;0;0;0;0;0;0
FR;9;2021-08-22;0;0;0;0;0;0;0;0;0;0;0;0;0;0;0;0;0;0
FR;9;2021-08-23;0;0;0;0;0;0;0;0;0;0;0;0;0;0;0;0;0;0
FR;9;2021-08-24;0;0;0;0;0;0;0;0;0;0;0;0;0;0;0;0;0;0
FR;9;2021-08-25;0;0;0;0;0;0;0;0;0;0;0;0;0;0;0;0;0;0
FR;9;2021-08-26;0;0;0;0;0;0;0;0;0;0;0;0;0;0;0;0;0;0
FR;9;2021-08-27;0;0;0;0;0;0;0;0;0;0;0;0;0;0;0;0;0;0
FR;9;2021-08-28;0;0;0;0;0;0;0;0;0;0;0;0;0;0;0;0;0;0
FR;9;2021-08-29;0;0;0;0;0;0;0;0;0;0;0;0;0;0;0;0;0;0
FR;9;2021-08-30;0;0;0;0;0;0;0;0;0;0;0;0;0;0;0;0;0;0
FR;9;2021-08-31;0;0;0;0;0;0;0;0;0;0;0;0;0;0;0;0;0;0
FR;9;2021-09-01;0;0;0;0;0;0;0;0;0;0;0;0;0;0;0;0;0;0
FR;9;2021-09-02;0;0;0;0;0;0;0;0;0;0;0;0;0;0;0;0;0;0
FR;9;2021-09-03;0;0;0;0;0;0;0;0;0;0;0;0;0;0;0;0;0;0
FR;9;2021-09-04;0;0;0;0;0;0;0;0;0;0;0;0;0;0;0;0;0;0
FR;9;2021-09-05;0;0;0;0;0;0;0;0;0;0;0;0;0;0;0;0;0;0
FR;9;2021-09-06;0;0;0;0;0;0;0;0;0;0;0;0;0;0;0;0;0;0
FR;9;2021-09-07;0;0;0;0;0;0;0;0;0;0;0;0;0;0;0;0;0;0
FR;9;2021-09-08;0;0;0;0;0;0;0;0;0;0;0;0;0;0;0;0;0;0
FR;9;2021-09-09;0;0;0;0;0;0;0;0;0;0;0;0;0;0;0;0;0;0
FR;9;2021-09-10;0;0;0;0;0;0;0;0;0;0;0;0;0;0;0;0;0;0
FR;9;2021-09-11;0;0;0;0;0;0;0;0;0;0;0;0;0;0;0;0;0;0
FR;9;2021-09-12;0;0;0;0;0;0;0;0;0;0;0;0;0;0;0;0;0;0
FR;9;2021-09-13;0;0;0;0;0;0;0;0;0;0;0;0;0;0;0;0;0;0
FR;9;2021-09-14;0;0;0;0;0;0;0;0;0;0;0;0;0;0;0;0;0;0
FR;9;2021-09-15;0;0;0;0;0;0;0;0;0;0;0;0;0;0;0;0;0;0
FR;9;2021-09-16;0;0;0;0;0;0;0;0;0;0;0;0;0;0;0;0;0;0
FR;9;2021-09-17;0;0;0;0;0;0;0;0;0;0;0;0;0;0;0;0;0;0
FR;9;2021-09-18;0;0;0;0;0;0;0;0;0;0;0;0;0;0;0;0;0;0
FR;9;2021-09-19;0;0;0;0;0;0;0;0;0;0;0;0;0;0;0;0;0;0
FR;9;2021-09-20;0;0;0;0;0;0;0;0;0;0;0;0;0;0;0;0;0;0
FR;9;2021-09-21;0;0;0;0;0;0;0;0;0;0;0;0;0;0;0;0;0;0
FR;9;2021-09-22;0;0;0;0;0;0;0;0;0;0;0;0;0;0;0;0;0;0
FR;9;2021-09-23;0;0;0;0;0;0;0;0;0;0;0;0;0;0;0;0;0;0
FR;9;2021-09-24;0;0;0;0;0;0;0;0;0;0;0;0;0;0;0;0;0;0
FR;9;2021-09-25;0;0;0;0;0;0;0;0;0;0;0;0;0;0;0;0;0;0
FR;9;2021-09-26;0;0;0;0;0;0;0;0;0;0;0;0;0;0;0;0;0;0
FR;9;2021-09-27;0;0;0;0;0;0;0;0;0;0;0;0;0;0;0;0;0;0
FR;9;2021-09-28;0;0;0;0;0;0;0;0;0;0;0;0;0;0;0;0;0;0
FR;9;2021-09-29;0;0;0;0;0;0;0;0;0;0;0;0;0;0;0;0;0;0
FR;9;2021-09-30;0;0;0;0;0;0;0;0;0;0;0;0;0;0;0;0;0;0
FR;9;2021-10-01;0;0;0;0;0;0;0;0;0;0;0;0;0;0;0;0;0;0
FR;9;2021-10-02;0;0;0;0;0;0;0;0;0;0;0;0;0;0;0;0;0;0
FR;9;2021-10-03;0;0;0;0;0;0;0;0;0;0;0;0;0;0;0;0;0;0
FR;9;2021-10-04;0;0;0;0;0;0;0;0;0;0;0;0;0;0;0;0;0;0
FR;9;2021-10-05;0;0;0;0;0;0;0;0;0;0;0;0;0;0;0;0;0;0
FR;9;2021-10-06;0;0;0;0;0;0;0;0;0;0;0;0;0;0;0;0;0;0
FR;9;2021-10-07;0;0;0;0;0;0;0;0;0;0;0;0;0;0;0;0;0;0
FR;9;2021-10-08;0;0;0;0;0;0;0;0;0;0;0;0;0;0;0;0;0;0
FR;9;2021-10-09;0;0;0;0;0;0;0;0;0;0;0;0;0;0;0;0;0;0
FR;9;2021-10-10;0;0;0;0;0;0;0;0;0;0;0;0;0;0;0;0;0;0
FR;9;2021-10-11;0;0;0;0;0;0;0;0;0;0;0;0;0;0;0;0;0;0
FR;9;2021-10-12;0;0;0;0;0;0;0;0;0;0;0;0;0;0;0;0;0;0
FR;9;2021-10-13;0;0;0;0;0;0;0;0;0;0;0;0;0;0;0;0;0;0
FR;9;2021-10-14;0;0;0;0;0;0;0;0;0;0;0;0;0;0;0;0;0;0
FR;9;2021-10-15;0;0;0;0;0;0;0;0;0;0;0;0;0;0;0;0;0;0
FR;9;2021-10-16;0;0;0;0;0;0;0;0;0;0;0;0;0;0;0;0;0;0
FR;9;2021-10-17;0;0;0;0;0;0;0;0;0;0;0;0;0;0;0;0;0;0
FR;9;2021-10-18;0;0;0;0;0;0;0;0;0;0;0;0;0;0;0;0;0;0
FR;9;2021-10-19;0;0;0;0;0;0;0;0;0;0;0;0;0;0;0;0;0;0
FR;9;2021-10-20;0;0;0;0;0;0;0;0;0;0;0;0;0;0;0;0;0;0
FR;9;2021-10-21;0;0;0;0;0;0;0;0;0;0;0;0;0;0;0;0;0;0
FR;9;2021-10-22;0;0;0;0;0;0;0;0;0;0;0;0;0;0;0;0;0;0
FR;9;2021-10-23;0;0;0;0;0;0;0;0;0;0;0;0;0;0;0;0;0;0
FR;9;2021-10-24;0;0;0;0;0;0;0;0;0;0;0;0;0;0;0;0;0;0
FR;9;2021-10-25;0;0;0;0;0;0;0;0;0;0;0;0;0;0;0;0;0;0
FR;9;2021-10-26;0;0;0;0;0;0;0;0;0;0;0;0;0;0;0;0;0;0
FR;9;2021-10-27;0;0;0;0;0;0;0;0;0;0;0;0;0;0;0;0;0;0
FR;9;2021-10-28;0;0;0;0;0;0;0;0;0;0;0;0;0;0;0;0;0;0
FR;9;2021-10-29;0;0;0;0;0;0;0;0;0;0;0;0;0;0;0;0;0;0
FR;9;2021-10-30;0;0;0;0;0;0;0;0;0;0;0;0;0;0;0;0;0;0
FR;9;2021-10-31;0;0;0;0;0;0;0;0;0;0;0;0;0;0;0;0;0;0
FR;9;2021-11-01;0;0;0;0;0;0;0;0;0;0;0;0;0;0;0;0;0;0
FR;9;2021-11-02;0;0;0;0;0;0;0;0;0;0;0;0;0;0;0;0;0;0
FR;9;2021-11-03;0;0;0;0;0;0;0;0;0;0;0;0;0;0;0;0;0;0
FR;9;2021-11-04;0;0;0;0;0;0;0;0;0;0;0;0;0;0;0;0;0;0
FR;9;2021-11-05;0;0;0;0;0;0;0;0;0;0;0;0;0;0;0;0;0;0
FR;9;2021-11-06;0;0;0;0;0;0;0;0;0;0;0;0;0;0;0;0;0;0
FR;9;2021-11-07;0;0;0;0;0;0;0;0;0;0;0;0;0;0;0;0;0;0
FR;9;2021-11-08;0;0;0;0;0;0;0;0;0;0;0;0;0;0;0;0;0;0
FR;9;2021-11-09;0;0;0;0;0;0;0;0;0;0;0;0;0;0;0;0;0;0
FR;9;2021-11-10;0;0;0;0;0;0;0;0;0;0;0;0;0;0;0;0;0;0
FR;9;2021-11-11;0;0;0;0;0;0;0;0;0;0;0;0;0;0;0;0;0;0
FR;9;2021-11-12;0;0;0;0;0;0;0;0;0;0;0;0;0;0;0;0;0;0
FR;9;2021-11-13;0;0;0;0;0;0;0;0;0;0;0;0;0;0;0;0;0;0
FR;9;2021-11-14;0;0;0;0;0;0;0;0;0;0;0;0;0;0;0;0;0;0
FR;9;2021-11-15;0;0;0;0;0;0;0;0;0;0;0;0;0;0;0;0;0;0
FR;9;2021-11-16;0;0;0;0;0;0;0;0;0;0;0;0;0;0;0;0;0;0
FR;9;2021-11-17;0;0;0;0;0;0;0;0;0;0;0;0;0;0;0;0;0;0
FR;9;2021-11-18;0;0;0;0;0;0;0;0;0;0;0;0;0;0;0;0;0;0
FR;9;2021-11-19;0;0;0;0;0;0;0;0;0;0;0;0;0;0;0;0;0;0
FR;9;2021-11-20;0;0;0;0;0;0;0;0;0;0;0;0;0;0;0;0;0;0
FR;9;2021-11-21;0;0;0;0;0;0;0;0;0;0;0;0;0;0;0;0;0;0
FR;9;2021-11-22;0;0;0;0;0;0;0;0;0;0;0;0;0;0;0;0;0;0
FR;9;2021-11-23;0;0;0;0;0;0;0;0;0;0;0;0;0;0;0;0;0;0
FR;9;2021-11-24;0;0;0;0;0;0;0;0;0;0;0;0;0;0;0;0;0;0
FR;9;2021-11-25;0;0;0;0;0;0;0;0;0;0;0;0;0;0;0;0;0;0
FR;9;2021-11-26;0;0;0;0;0;0;0;0;0;0;0;0;0;0;0;0;0;0
FR;9;2021-11-27;0;0;0;0;0;0;0;0;0;0;0;0;0;0;0;0;0;0
FR;9;2021-11-28;0;0;0;0;0;0;0;0;0;0;0;0;0;0;0;0;0;0
FR;9;2021-11-29;0;0;0;0;0;0;0;0;0;0;0;0;0;0;0;0;0;0
FR;9;2021-11-30;0;0;0;0;0;0;0;0;0;0;0;0;0;0;0;0;0;0
FR;9;2021-12-01;0;0;0;0;0;0;0;0;0;0;0;0;0;0;0;0;0;0
FR;9;2021-12-02;0;0;0;0;0;0;0;0;0;0;0;0;0;0;0;0;0;0
FR;9;2021-12-03;0;0;0;0;0;0;0;0;0;0;0;0;0;0;0;0;0;0
FR;9;2021-12-04;0;0;0;0;0;0;0;0;0;0;0;0;0;0;0;0;0;0
FR;9;2021-12-05;0;0;0;0;0;0;0;0;0;0;0;0;0;0;0;0;0;0
FR;9;2021-12-06;0;0;0;0;0;0;0;0;0;0;0;0;0;0;0;0;0;0
FR;9;2021-12-07;0;0;0;0;0;0;0;0;0;0;0;0;0;0;0;0;0;0
FR;9;2021-12-08;0;0;0;0;0;0;0;0;0;0;0;0;0;0;0;0;0;0
FR;9;2021-12-09;0;0;0;0;0;0;0;0;0;0;0;0;0;0;0;0;0;0
FR;9;2021-12-10;0;0;0;0;0;0;0;0;0;0;0;0;0;0;0;0;0;0
FR;9;2021-12-11;0;0;0;0;0;0;0;0;0;0;0;0;0;0;0;0;0;0
FR;9;2021-12-12;0;0;0;0;0;0;0;0;0;0;0;0;0;0;0;0;0;0
FR;9;2021-12-13;0;0;0;0;0;0;0;0;0;0;0;0;0;0;0;0;0;0
FR;9;2021-12-14;0;0;0;0;0;0;0;0;0;0;0;0;0;0;0;0;0;0
FR;9;2021-12-15;0;0;0;0;0;0;0;0;0;0;0;0;0;0;0;0;0;0
FR;9;2021-12-16;0;0;0;0;0;0;0;0;0;0;0;0;0;0;0;0;0;0
FR;9;2021-12-17;0;0;0;0;0;0;0;0;0;0;0;0;0;0;0;0;0;0
FR;9;2021-12-18;0;0;0;0;0;0;0;0;0;0;0;0;0;0;0;0;0;0
FR;9;2021-12-19;0;0;0;0;0;0;0;0;0;0;0;0;0;0;0;0;0;0
FR;9;2021-12-20;0;0;0;0;0;0;0;0;0;0;0;0;0;0;0;0;0;0
FR;9;2021-12-21;0;0;0;0;0;0;0;0;0;0;0;0;0;0;0;0;0;0
FR;9;2021-12-22;0;0;0;0;0;0;0;0;0;0;0;0;0;0;0;0;0;0
FR;9;2021-12-23;0;0;0;0;0;0;0;0;0;0;0;0;0;0;0;0;0;0
FR;9;2021-12-24;0;0;0;0;0;0;0;0;0;0;0;0;0;0;0;0;0;0
FR;9;2021-12-25;0;0;0;0;0;0;0;0;0;0;0;0;0;0;0;0;0;0
FR;9;2021-12-26;0;0;0;0;0;0;0;0;0;0;0;0;0;0;0;0;0;0
FR;9;2021-12-27;0;0;0;0;0;0;0;0;0;0;0;0;0;0;0;0;0;0
FR;9;2021-12-28;0;0;0;0;0;0;0;0;0;0;0;0;0;0;0;0;0;0
FR;9;2021-12-29;0;0;0;0;0;0;0;0;0;0;0;0;0;0;0;0;0;0
FR;9;2021-12-30;0;0;0;0;0;0;0;0;0;0;0;0;0;0;0;0;0;0
FR;9;2021-12-31;0;0;0;0;0;0;0;0;0;0;0;0;0;0;0;0;0;0
FR;9;2022-01-01;0;0;0;0;0;0;0;0;0;0;0;0;0;0;0;0;0;0
FR;9;2022-01-02;0;0;0;0;0;0;0;0;0;0;0;0;0;0;0;0;0;0
FR;9;2022-01-03;0;0;0;0;0;0;0;0;0;0;0;0;0;0;0;0;0;0
FR;9;2022-01-04;0;0;0;0;0;0;0;0;0;0;0;0;0;0;0;0;0;0
FR;9;2022-01-05;0;0;0;0;0;0;0;0;0;0;0;0;0;0;0;0;0;0
FR;9;2022-01-06;0;0;0;0;0;0;0;0;0;0;0;0;0;0;0;0;0;0
FR;9;2022-01-07;0;0;0;0;0;0;0;0;0;0;0;0;0;0;0;0;0;0
FR;9;2022-01-08;0;0;0;0;0;0;0;0;0;0;0;0;0;0;0;0;0;0
FR;9;2022-01-09;0;0;0;0;0;0;0;0;0;0;0;0;0;0;0;0;0;0
FR;9;2022-01-10;0;0;0;0;0;0;0;0;0;0;0;0;0;0;0;0;0;0
FR;9;2022-01-11;0;0;0;0;0;0;0;0;0;0;0;0;0;0;0;0;0;0
FR;9;2022-01-12;0;0;0;0;0;0;0;0;0;0;0;0;0;0;0;0;0;0
FR;9;2022-01-13;0;0;0;0;0;0;0;0;0;0;0;0;0;0;0;0;0;0
FR;9;2022-01-14;0;0;0;0;0;0;0;0;0;0;0;0;0;0;0;0;0;0
FR;9;2022-01-15;0;0;0;0;0;0;0;0;0;0;0;0;0;0;0;0;0;0
FR;9;2022-01-16;0;0;0;0;0;0;0;0;0;0;0;0;0;0;0;0;0;0
FR;9;2022-01-17;0;0;0;0;0;0;0;0;0;0;0;0;0;0;0;0;0;0
FR;9;2022-01-18;0;0;0;0;0;0;0;0;0;0;0;0;0;0;0;0;0;0
FR;9;2022-01-19;0;0;0;0;0;0;0;0;0;0;0;0;0;0;0;0;0;0
FR;9;2022-01-20;0;0;0;0;0;0;0;0;0;0;0;0;0;0;0;0;0;0
FR;9;2022-01-21;0;0;0;0;0;0;0;0;0;0;0;0;0;0;0;0;0;0
FR;9;2022-01-22;0;0;0;0;0;0;0;0;0;0;0;0;0;0;0;0;0;0
FR;9;2022-01-23;0;0;0;0;0;0;0;0;0;0;0;0;0;0;0;0;0;0
FR;9;2022-01-24;0;0;0;0;0;0;0;0;0;0;0;0;0;0;0;0;0;0
FR;9;2022-01-25;0;0;0;0;0;0;0;0;0;0;0;0;0;0;0;0;0;0
FR;9;2022-01-26;0;0;0;0;0;0;0;0;0;0;0;0;0;0;0;0;0;0
FR;9;2022-01-27;0;0;0;0;0;0;0;0;0;0;0;0;0;0;0;0;0;0
FR;9;2022-01-28;0;0;0;0;0;0;0;0;0;0;0;0;0;0;0;0;0;0
FR;9;2022-01-29;0;0;0;0;0;0;0;0;0;0;0;0;0;0;0;0;0;0
FR;9;2022-01-30;0;0;0;0;0;0;0;0;0;0;0;0;0;0;0;0;0;0
FR;9;2022-01-31;0;0;0;0;0;0;0;0;0;0;0;0;0;0;0;0;0;0
FR;9;2022-02-01;0;0;0;0;0;0;0;0;0;0;0;0;0;0;0;0;0;0
FR;9;2022-02-02;0;0;0;0;0;0;0;0;0;0;0;0;0;0;0;0;0;0
FR;9;2022-02-03;0;0;0;0;0;0;0;0;0;0;0;0;0;0;0;0;0;0
FR;9;2022-02-04;0;0;0;0;0;0;0;0;0;0;0;0;0;0;0;0;0;0
FR;9;2022-02-05;0;0;0;0;0;0;0;0;0;0;0;0;0;0;0;0;0;0
FR;9;2022-02-06;0;0;0;0;0;0;0;0;0;0;0;0;0;0;0;0;0;0
FR;9;2022-02-07;0;0;0;0;0;0;0;0;0;0;0;0;0;0;0;0;0;0
FR;9;2022-02-08;0;0;0;0;0;0;0;0;0;0;0;0;0;0;0;0;0;0
FR;9;2022-02-09;0;0;0;0;0;0;0;0;0;0;0;0;0;0;0;0;0;0
FR;9;2022-02-10;0;0;0;0;0;0;0;0;0;0;0;0;0;0;0;0;0;0
FR;9;2022-02-11;0;0;0;0;0;0;0;0;0;0;0;0;0;0;0;0;0;0
FR;9;2022-02-12;0;0;0;0;0;0;0;0;0;0;0;0;0;0;0;0;0;0
FR;9;2022-02-13;0;0;0;0;0;0;0;0;0;0;0;0;0;0;0;0;0;0
FR;9;2022-02-14;0;0;0;0;0;0;0;0;0;0;0;0;0;0;0;0;0;0
FR;9;2022-02-15;0;0;0;0;0;0;0;0;0;0;0;0;0;0;0;0;0;0
FR;9;2022-02-16;0;0;0;0;0;0;0;0;0;0;0;0;0;0;0;0;0;0
FR;9;2022-02-17;0;0;0;0;0;0;0;0;0;0;0;0;0;0;0;0;0;0
FR;9;2022-02-18;0;0;0;0;0;0;0;0;0;0;0;0;0;0;0;0;0;0
FR;9;2022-02-19;0;0;0;0;0;0;0;0;0;0;0;0;0;0;0;0;0;0
FR;9;2022-02-20;0;0;0;0;0;0;0;0;0;0;0;0;0;0;0;0;0;0
FR;9;2022-02-21;0;0;0;0;0;0;0;0;0;0;0;0;0;0;0;0;0;0
FR;9;2022-02-22;0;0;0;0;0;0;0;0;0;0;0;0;0;0;0;0;0;0
FR;9;2022-02-23;0;0;0;0;0;0;0;0;0;0;0;0;0;0;0;0;0;0
FR;9;2022-02-24;0;0;0;0;0;0;0;0;0;0;0;0;0;0;0;0;0;0
FR;9;2022-02-25;0;0;0;0;0;0;0;0;0;0;0;0;0;0;0;0;0;0
FR;9;2022-02-26;0;0;0;0;0;0;0;0;0;0;0;0;0;0;0;0;0;0
FR;9;2022-02-27;0;0;0;0;0;0;0;0;0;0;0;0;0;0;0;0;0;0
FR;9;2022-02-28;0;0;0;0;0;0;0;0;0;0;0;0;0;0;0;0;0;0
FR;9;2022-03-01;0;0;0;0;0;0;0;0;0;0;0;0;0;0;0;0;0;0
FR;9;2022-03-02;0;0;0;0;0;0;0;0;0;0;0;0;0;0;0;0;0;0
FR;9;2022-03-03;0;0;0;0;0;0;0;0;0;0;0;0;0;0;0;0;0;0
FR;9;2022-03-04;0;0;0;0;0;0;0;0;0;0;0;0;0;0;0;0;0;0
FR;9;2022-03-05;0;0;0;0;0;0;0;0;0;0;0;0;0;0;0;0;0;0
FR;9;2022-03-06;0;0;0;0;0;0;0;0;0;0;0;0;0;0;0;0;0;0
FR;9;2022-03-07;0;0;0;0;0;0;0;0;0;0;0;0;0;0;0;0;0;0
FR;9;2022-03-08;0;0;0;0;0;0;0;0;0;0;0;0;0;0;0;0;0;0
FR;9;2022-03-09;0;0;0;0;0;0;0;0;0;0;0;0;0;0;0;0;0;0
FR;9;2022-03-10;0;0;0;0;0;0;0;0;0;0;0;0;0;0;0;0;0;0
FR;9;2022-03-11;0;0;0;0;0;0;0;0;0;0;0;0;0;0;0;0;0;0
FR;9;2022-03-12;0;0;0;0;0;0;0;0;0;0;0;0;0;0;0;0;0;0
FR;9;2022-03-13;0;0;0;0;0;0;0;0;0;0;0;0;0;0;0;0;0;0
FR;9;2022-03-14;0;0;0;0;0;0;0;0;0;0;0;0;0;0;0;0;0;0
FR;9;2022-03-15;0;0;0;0;0;0;0;0;0;0;0;0;0;0;0;0;0;0
FR;9;2022-03-16;0;0;0;0;0;0;0;0;0;0;0;0;0;0;0;0;0;0
FR;9;2022-03-17;0;0;0;0;0;0;0;0;0;0;0;0;0;0;0;0;0;0
FR;9;2022-03-18;0;0;0;0;0;0;0;0;0;0;0;0;0;0;0;0;0;0
FR;9;2022-03-19;0;0;0;0;0;0;0;0;0;0;0;0;0;0;0;0;0;0
FR;9;2022-03-20;0;0;0;0;0;0;0;0;0;0;0;0;0;0;0;0;0;0
FR;9;2022-03-21;0;0;0;0;0;0;0;0;0;0;0;0;0;0;0;0;0;0
FR;9;2022-03-22;0;0;0;0;0;0;0;0;0;0;0;0;0;0;0;0;0;0
FR;9;2022-03-23;0;0;0;0;0;0;0;0;0;0;0;0;0;0;0;0;0;0
FR;9;2022-03-24;0;0;0;0;0;0;0;0;0;0;0;0;0;0;0;0;0;0
FR;9;2022-03-25;0;0;0;0;0;0;0;0;0;0;0;0;0;0;0;0;0;0
FR;9;2022-03-26;0;0;0;0;0;0;0;0;0;0;0;0;0;0;0;0;0;0
FR;9;2022-03-27;0;0;0;0;0;0;0;0;0;0;0;0;0;0;0;0;0;0
FR;9;2022-03-28;0;0;0;0;0;0;0;0;0;0;0;0;0;0;0;0;0;0
FR;9;2022-03-29;0;0;0;0;0;0;0;0;0;0;0;0;0;0;0;0;0;0
FR;9;2022-03-30;0;0;0;0;0;0;0;0;0;0;0;0;0;0;0;0;0;0
FR;9;2022-03-31;0;0;0;0;0;0;0;0;0;0;0;0;0;0;0;0;0;0
FR;9;2022-04-01;0;0;0;0;0;0;0;0;0;0;0;0;0;0;0;0;0;0
FR;9;2022-04-02;0;0;0;0;0;0;0;0;0;0;0;0;0;0;0;0;0;0
FR;9;2022-04-03;0;0;0;0;0;0;0;0;0;0;0;0;0;0;0;0;0;0
FR;9;2022-04-04;0;0;0;0;0;0;0;0;0;0;0;0;0;0;0;0;0;0
FR;9;2022-04-05;0;0;0;0;0;0;0;0;0;0;0;0;0;0;0;0;0;0
FR;9;2022-04-06;0;0;0;0;0;0;0;0;0;0;0;0;0;0;0;0;0;0
FR;9;2022-04-07;0;0;0;0;0;0;0;0;0;0;0;0;0;0;0;0;0;0
FR;9;2022-04-08;0;0;0;0;0;0;0;0;0;0;0;0;0;0;0;0;0;0
FR;9;2022-04-09;0;0;0;0;0;0;0;0;0;0;0;0;0;0;0;0;0;0
FR;9;2022-04-10;0;0;0;0;0;0;0;0;0;0;0;0;0;0;0;0;0;0
FR;9;2022-04-11;0;0;0;0;0;0;0;0;0;0;0;0;0;0;0;0;0;0
FR;9;2022-04-12;0;0;0;0;0;0;0;0;0;0;0;0;0;0;0;0;0;0
FR;9;2022-04-13;0;0;0;0;0;0;0;0;0;0;0;0;0;0;0;0;0;0
FR;9;2022-04-14;0;0;0;0;0;0;0;0;0;0;0;0;0;0;0;0;0;0
FR;9;2022-04-15;0;0;0;0;0;0;0;0;0;0;0;0;0;0;0;0;0;0
FR;9;2022-04-16;0;0;0;0;0;0;0;0;0;0;0;0;0;0;0;0;0;0
FR;9;2022-04-17;0;0;0;0;0;0;0;0;0;0;0;0;0;0;0;0;0;0
FR;9;2022-04-18;0;0;0;0;0;0;0;0;0;0;0;0;0;0;0;0;0;0
FR;9;2022-04-19;0;0;0;0;0;0;0;0;0;0;0;0;0;0;0;0;0;0
FR;9;2022-04-20;0;0;0;0;0;0;0;0;0;0;0;0;0;0;0;0;0;0
FR;9;2022-04-21;0;0;0;0;0;0;0;0;0;0;0;0;0;0;0;0;0;0
FR;9;2022-04-22;0;0;0;0;0;0;0;0;0;0;0;0;0;0;0;0;0;0
FR;9;2022-04-23;0;0;0;0;0;0;0;0;0;0;0;0;0;0;0;0;0;0
FR;9;2022-04-24;0;0;0;0;0;0;0;0;0;0;0;0;0;0;0;0;0;0
FR;9;2022-04-25;0;0;0;0;0;0;0;0;0;0;0;0;0;0;0;0;0;0
FR;9;2022-04-26;0;0;0;0;0;0;0;0;0;0;0;0;0;0;0;0;0;0
FR;9;2022-04-27;0;0;0;0;0;0;0;0;0;0;0;0;0;0;0;0;0;0
FR;9;2022-04-28;0;0;0;0;0;0;0;0;0;0;0;0;0;0;0;0;0;0
FR;9;2022-04-29;0;0;0;0;0;0;0;0;0;0;0;0;0;0;0;0;0;0
FR;9;2022-04-30;0;0;0;0;0;0;0;0;0;0;0;0;0;0;0;0;0;0
FR;9;2022-05-01;0;0;0;0;0;0;0;0;0;0;0;0;0;0;0;0;0;0
FR;9;2022-05-02;0;0;0;0;0;0;0;0;0;0;0;0;0;0;0;0;0;0
FR;9;2022-05-03;0;0;0;0;0;0;0;0;0;0;0;0;0;0;0;0;0;0
FR;9;2022-05-04;0;0;0;0;0;0;0;0;0;0;0;0;0;0;0;0;0;0
FR;9;2022-05-05;0;0;0;0;0;0;0;0;0;0;0;0;0;0;0;0;0;0
FR;9;2022-05-06;0;0;0;0;0;0;0;0;0;0;0;0;0;0;0;0;0;0
FR;9;2022-05-07;0;0;0;0;0;0;0;0;0;0;0;0;0;0;0;0;0;0
FR;9;2022-05-08;0;0;0;0;0;0;0;0;0;0;0;0;0;0;0;0;0;0
FR;9;2022-05-09;0;0;0;0;0;0;0;0;0;0;0;0;0;0;0;0;0;0
FR;9;2022-05-10;0;0;0;0;0;0;0;0;0;0;0;0;0;0;0;0;0;0
FR;9;2022-05-11;0;0;0;0;0;0;0;0;0;0;0;0;0;0;0;0;0;0
FR;9;2022-05-12;0;0;0;0;0;0;0;0;0;0;0;0;0;0;0;0;0;0
FR;9;2022-05-13;0;0;0;0;0;0;0;0;0;0;0;0;0;0;0;0;0;0
FR;9;2022-05-14;0;0;0;0;0;0;0;0;0;0;0;0;0;0;0;0;0;0
FR;9;2022-05-15;0;0;0;0;0;0;0;0;0;0;0;0;0;0;0;0;0;0
FR;9;2022-05-16;0;0;0;0;0;0;0;0;0;0;0;0;0;0;0;0;0;0
FR;9;2022-05-17;0;0;0;0;0;0;0;0;0;0;0;0;0;0;0;0;0;0
FR;9;2022-05-18;0;0;0;0;0;0;0;0;0;0;0;0;0;0;0;0;0;0
FR;9;2022-05-19;0;0;0;0;0;0;0;0;0;0;0;0;0;0;0;0;0;0
FR;9;2022-05-20;0;0;0;0;0;0;0;0;0;0;0;0;0;0;0;0;0;0
FR;9;2022-05-21;0;0;0;0;0;0;0;0;0;0;0;0;0;0;0;0;0;0
FR;9;2022-05-22;0;0;0;0;0;0;0;0;0;0;0;0;0;0;0;0;0;0
FR;9;2022-05-23;0;0;0;0;0;0;0;0;0;0;0;0;0;0;0;0;0;0
FR;9;2022-05-24;0;0;0;0;0;0;0;0;0;0;0;0;0;0;0;0;0;0
FR;9;2022-05-25;0;0;0;0;0;0;0;0;0;0;0;0;0;0;0;0;0;0
FR;9;2022-05-26;0;0;0;0;0;0;0;0;0;0;0;0;0;0;0;0;0;0
FR;9;2022-05-27;0;0;0;0;0;0;0;0;0;0;0;0;0;0;0;0;0;0
FR;9;2022-05-28;0;0;0;0;0;0;0;0;0;0;0;0;0;0;0;0;0;0
FR;9;2022-05-29;0;0;0;0;0;0;0;0;0;0;0;0;0;0;0;0;0;0
FR;9;2022-05-30;0;0;0;0;0;0;0;0;0;0;0;0;0;0;0;0;0;0
FR;9;2022-05-31;0;0;0;0;0;0;0;0;0;0;0;0;0;0;0;0;0;0
FR;9;2022-06-01;0;0;0;0;0;0;0;0;0;0;0;0;0;0;0;0;0;0
FR;9;2022-06-02;0;0;0;0;0;0;0;0;0;0;0;0;0;0;0;0;0;0
FR;9;2022-06-03;0;0;0;0;0;0;0;0;0;0;0;0;0;0;0;0;0;0
FR;9;2022-06-04;0;0;0;0;0;0;0;0;0;0;0;0;0;0;0;0;0;0
FR;9;2022-06-05;0;0;0;0;0;0;0;0;0;0;0;0;0;0;0;0;0;0
FR;9;2022-06-06;0;0;0;0;0;0;0;0;0;0;0;0;0;0;0;0;0;0
FR;9;2022-06-07;0;0;0;0;0;0;0;0;0;0;0;0;0;0;0;0;0;0
FR;9;2022-06-08;0;0;0;0;0;0;0;0;0;0;0;0;0;0;0;0;0;0
FR;9;2022-06-09;0;0;0;0;0;0;0;0;0;0;0;0;0;0;0;0;0;0
FR;9;2022-06-10;0;0;0;0;0;0;0;0;0;0;0;0;0;0;0;0;0;0
FR;9;2022-06-11;0;0;0;0;0;0;0;0;0;0;0;0;0;0;0;0;0;0
FR;9;2022-06-12;0;0;0;0;0;0;0;0;0;0;0;0;0;0;0;0;0;0
FR;9;2022-06-13;0;0;0;0;0;0;0;0;0;0;0;0;0;0;0;0;0;0
FR;9;2022-06-14;0;0;0;0;0;0;0;0;0;0;0;0;0;0;0;0;0;0
FR;9;2022-06-15;0;0;0;0;0;0;0;0;0;0;0;0;0;0;0;0;0;0
FR;9;2022-06-16;0;0;0;0;0;0;0;0;0;0;0;0;0;0;0;0;0;0
FR;9;2022-06-17;0;0;0;0;0;0;0;0;0;0;0;0;0;0;0;0;0;0
FR;9;2022-06-18;0;0;0;0;0;0;0;0;0;0;0;0;0;0;0;0;0;0
FR;9;2022-06-19;0;0;0;0;0;0;0;0;0;0;0;0;0;0;0;0;0;0
FR;9;2022-06-20;0;0;0;0;0;0;0;0;0;0;0;0;0;0;0;0;0;0
FR;9;2022-06-21;0;0;0;0;0;0;0;0;0;0;0;0;0;0;0;0;0;0
FR;9;2022-06-22;0;0;0;0;0;0;0;0;0;0;0;0;0;0;0;0;0;0
FR;9;2022-06-23;0;0;0;0;0;0;0;0;0;0;0;0;0;0;0;0;0;0
FR;9;2022-06-24;0;0;0;0;0;0;0;0;0;0;0;0;0;0;0;0;0;0
FR;9;2022-06-25;0;0;0;0;0;0;0;0;0;0;0;0;0;0;0;0;0;0
FR;9;2022-06-26;0;0;0;0;0;0;0;0;0;0;0;0;0;0;0;0;0;0
FR;9;2022-06-27;0;0;0;0;0;0;0;0;0;0;0;0;0;0;0;0;0;0
FR;9;2022-06-28;0;0;0;0;0;0;0;0;0;0;0;0;0;0;0;0;0;0
FR;9;2022-06-29;0;0;0;0;0;0;0;0;0;0;0;0;0;0;0;0;0;0
FR;9;2022-06-30;0;0;0;0;0;0;0;0;0;0;0;0;0;0;0;0;0;0
FR;9;2022-07-01;0;0;0;0;0;0;0;0;0;0;0;0;0;0;0;0;0;0
FR;9;2022-07-02;0;0;0;0;0;0;0;0;0;0;0;0;0;0;0;0;0;0
FR;9;2022-07-03;0;0;0;0;0;0;0;0;0;0;0;0;0;0;0;0;0;0
FR;9;2022-07-04;0;0;0;0;0;0;0;0;0;0;0;0;0;0;0;0;0;0
FR;9;2022-07-05;0;0;0;0;0;0;0;0;0;0;0;0;0;0;0;0;0;0
FR;9;2022-07-06;0;0;0;0;0;0;0;0;0;0;0;0;0;0;0;0;0;0
FR;9;2022-07-07;0;0;0;0;0;0;0;0;0;0;0;0;0;0;0;0;0;0
FR;9;2022-07-08;0;0;0;0;0;0;0;0;0;0;0;0;0;0;0;0;0;0
FR;9;2022-07-09;0;0;0;0;0;0;0;0;0;0;0;0;0;0;0;0;0;0
FR;9;2022-07-10;0;0;0;0;0;0;0;0;0;0;0;0;0;0;0;0;0;0
FR;9;2022-07-11;0;0;0;0;0;0;0;0;0;0;0;0;0;0;0;0;0;0
FR;9;2022-07-12;0;0;0;0;0;0;0;0;0;0;0;0;0;0;0;0;0;0
FR;9;2022-07-13;0;0;0;0;0;0;0;0;0;0;0;0;0;0;0;0;0;0
FR;9;2022-07-14;0;0;0;0;0;0;0;0;0;0;0;0;0;0;0;0;0;0
FR;9;2022-07-15;0;0;0;0;0;0;0;0;0;0;0;0;0;0;0;0;0;0
FR;9;2022-07-16;0;0;0;0;0;0;0;0;0;0;0;0;0;0;0;0;0;0
FR;9;2022-07-17;0;0;0;0;0;0;0;0;0;0;0;0;0;0;0;0;0;0
FR;9;2022-07-18;0;0;0;0;0;0;0;0;0;0;0;0;0;0;0;0;0;0
FR;9;2022-07-19;0;0;0;0;0;0;0;0;0;0;0;0;0;0;0;0;0;0
FR;9;2022-07-20;0;0;0;0;0;0;0;0;0;0;0;0;0;0;0;0;0;0
FR;9;2022-07-21;0;0;0;0;0;0;0;0;0;0;0;0;0;0;0;0;0;0
FR;9;2022-07-22;0;0;0;0;0;0;0;0;0;0;0;0;0;0;0;0;0;0
FR;9;2022-07-23;0;0;0;0;0;0;0;0;0;0;0;0;0;0;0;0;0;0
FR;9;2022-07-24;0;0;0;0;0;0;0;0;0;0;0;0;0;0;0;0;0;0
FR;9;2022-07-25;0;0;0;0;0;0;0;0;0;0;0;0;0;0;0;0;0;0
FR;9;2022-07-26;0;0;0;0;0;0;0;0;0;0;0;0;0;0;0;0;0;0
FR;9;2022-07-27;0;0;0;0;0;0;0;0;0;0;0;0;0;0;0;0;0;0
FR;9;2022-07-28;0;0;0;0;0;0;0;0;0;0;0;0;0;0;0;0;0;0
FR;9;2022-07-29;0;0;0;0;0;0;0;0;0;0;0;0;0;0;0;0;0;0
FR;9;2022-07-30;0;0;0;0;0;0;0;0;0;0;0;0;0;0;0;0;0;0
FR;9;2022-07-31;0;0;0;0;0;0;0;0;0;0;0;0;0;0;0;0;0;0
FR;9;2022-08-01;0;0;0;0;0;0;0;0;0;0;0;0;0;0;0;0;0;0
FR;9;2022-08-02;0;0;0;0;0;0;0;0;0;0;0;0;0;0;0;0;0;0
FR;9;2022-08-03;0;0;0;0;0;0;0;0;0;0;0;0;0;0;0;0;0;0
FR;9;2022-08-04;0;0;0;0;0;0;0;0;0;0;0;0;0;0;0;0;0;0
FR;9;2022-08-05;0;0;0;0;0;0;0;0;0;0;0;0;0;0;0;0;0;0
FR;9;2022-08-06;0;0;0;0;0;0;0;0;0;0;0;0;0;0;0;0;0;0
FR;9;2022-08-07;0;0;0;0;0;0;0;0;0;0;0;0;0;0;0;0;0;0
FR;9;2022-08-08;0;0;0;0;0;0;0;0;0;0;0;0;0;0;0;0;0;0
FR;9;2022-08-09;0;0;0;0;0;0;0;0;0;0;0;0;0;0;0;0;0;0
FR;9;2022-08-10;0;0;0;0;0;0;0;0;0;0;0;0;0;0;0;0;0;0
FR;9;2022-08-11;0;0;0;0;0;0;0;0;0;0;0;0;0;0;0;0;0;0
FR;9;2022-08-12;0;0;0;0;0;0;0;0;0;0;0;0;0;0;0;0;0;0
FR;9;2022-08-13;0;0;0;0;0;0;0;0;0;0;0;0;0;0;0;0;0;0
FR;9;2022-08-14;0;0;0;0;0;0;0;0;0;0;0;0;0;0;0;0;0;0
FR;9;2022-08-15;0;0;0;0;0;0;0;0;0;0;0;0;0;0;0;0;0;0
FR;9;2022-08-16;0;0;0;0;0;0;0;0;0;0;0;0;0;0;0;0;0;0
FR;9;2022-08-17;0;0;0;0;0;0;0;0;0;0;0;0;0;0;0;0;0;0
FR;9;2022-08-18;0;0;0;0;0;0;0;0;0;0;0;0;0;0;0;0;0;0
FR;9;2022-08-19;0;0;0;0;0;0;0;0;0;0;0;0;0;0;0;0;0;0
FR;9;2022-08-20;0;0;0;0;0;0;0;0;0;0;0;0;0;0;0;0;0;0
FR;9;2022-08-21;0;0;0;0;0;0;0;0;0;0;0;0;0;0;0;0;0;0
FR;9;2022-08-22;0;0;0;0;0;0;0;0;0;0;0;0;0;0;0;0;0;0
FR;9;2022-08-23;0;0;0;0;0;0;0;0;0;0;0;0;0;0;0;0;0;0
FR;9;2022-08-24;0;0;0;0;0;0;0;0;0;0;0;0;0;0;0;0;0;0
FR;9;2022-08-25;0;0;0;0;0;0;0;0;0;0;0;0;0;0;0;0;0;0
FR;9;2022-08-26;0;0;0;0;0;0;0;0;0;0;0;0;0;0;0;0;0;0
FR;9;2022-08-27;0;0;0;0;0;0;0;0;0;0;0;0;0;0;0;0;0;0
FR;9;2022-08-28;0;0;0;0;0;0;0;0;0;0;0;0;0;0;0;0;0;0
FR;9;2022-08-29;0;0;0;0;0;0;0;0;0;0;0;0;0;0;0;0;0;0
FR;9;2022-08-30;0;0;0;0;0;0;0;0;0;0;0;0;0;0;0;0;0;0
FR;9;2022-08-31;0;0;0;0;0;0;0;0;0;0;0;0;0;0;0;0;0;0
FR;9;2022-09-01;0;0;0;0;0;0;0;0;0;0;0;0;0;0;0;0;0;0
FR;9;2022-09-02;0;0;0;0;0;0;0;0;0;0;0;0;0;0;0;0;0;0
FR;9;2022-09-03;0;0;0;0;0;0;0;0;0;0;0;0;0;0;0;0;0;0
FR;9;2022-09-04;0;0;0;0;0;0;0;0;0;0;0;0;0;0;0;0;0;0
FR;9;2022-09-05;0;0;0;0;0;0;0;0;0;0;0;0;0;0;0;0;0;0
FR;9;2022-09-06;0;0;0;0;0;0;0;0;0;0;0;0;0;0;0;0;0;0
FR;9;2022-09-07;0;0;0;0;0;0;0;0;0;0;0;0;0;0;0;0;0;0
FR;9;2022-09-08;0;0;0;0;0;0;0;0;0;0;0;0;0;0;0;0;0;0
FR;9;2022-09-09;0;0;0;0;0;0;0;0;0;0;0;0;0;0;0;0;0;0
FR;9;2022-09-10;0;0;0;0;0;0;0;0;0;0;0;0;0;0;0;0;0;0
FR;9;2022-09-11;0;0;0;0;0;0;0;0;0;0;0;0;0;0;0;0;0;0
FR;9;2022-09-12;0;0;0;0;0;0;0;0;0;0;0;0;0;0;0;0;0;0
FR;9;2022-09-13;0;0;0;0;0;0;0;0;0;0;0;0;0;0;0;0;0;0
FR;9;2022-09-14;0;0;0;0;0;0;0;0;0;0;0;0;0;0;0;0;0;0
FR;9;2022-09-15;0;0;0;0;0;0;0;0;0;0;0;0;0;0;0;0;0;0
FR;9;2022-09-16;0;0;0;0;0;0;0;0;0;0;0;0;0;0;0;0;0;0
FR;9;2022-09-17;0;0;0;0;0;0;0;0;0;0;0;0;0;0;0;0;0;0
FR;9;2022-09-18;0;0;0;0;0;0;0;0;0;0;0;0;0;0;0;0;0;0
FR;9;2022-09-19;0;0;0;0;0;0;0;0;0;0;0;0;0;0;0;0;0;0
FR;9;2022-09-20;0;0;0;0;0;0;0;0;0;0;0;0;0;0;0;0;0;0
FR;9;2022-09-21;0;0;0;0;0;0;0;0;0;0;0;0;0;0;0;0;0;0
FR;9;2022-09-22;0;0;0;0;0;0;0;0;0;0;0;0;0;0;0;0;0;0
FR;9;2022-09-23;0;0;0;0;0;0;0;0;0;0;0;0;0;0;0;0;0;0
FR;9;2022-09-24;0;0;0;0;0;0;0;0;0;0;0;0;0;0;0;0;0;0
FR;9;2022-09-25;0;0;0;0;0;0;0;0;0;0;0;0;0;0;0;0;0;0
FR;9;2022-09-26;0;0;0;0;0;0;0;0;0;0;0;0;0;0;0;0;0;0
FR;9;2022-09-27;0;0;0;0;0;0;0;0;0;0;0;0;0;0;0;0;0;0
FR;9;2022-09-28;0;0;0;0;0;0;0;0;0;0;0;0;0;0;0;0;0;0
FR;9;2022-09-29;1;1;8;33;0;6;35;43;2;1;1;8;33;0;6;35;43;2
FR;9;2022-09-30;5;13;62;606;7;48;614;715;51;6;14;70;639;7;54;649;758;53
FR;9;2022-10-01;10;2;43;327;3;26;335;396;35;16;16;113;966;10;80;984;1154;88
FR;9;2022-10-02;2;1;5;50;0;4;51;66;11;18;17;118;1016;10;84;1035;1220;99
FR;9;2022-10-03;14;17;151;1714;11;129;1708;2074;234;32;34;269;2730;21;213;2743;3294;333
FR;9;2022-10-04;22;48;353;3954;18;228;4022;4704;450;54;82;622;6684;39;441;6765;7998;783
FR;9;2022-10-05;30;20;269;2998;17;203;3011;3656;433;84;102;891;9682;56;644;9776;11654;1216
FR;9;2022-10-06;23;35;400;4598;18;301;4631;5609;672;107;137;1291;14280;74;945;14407;17263;1888
FR;9;2022-10-07;29;50;499;5706;19;384;5720;7029;923;136;187;1790;19986;93;1329;20127;24292;2811
FR;9;2022-10-08;10;18;128;1090;8;86;1108;1389;191;146;205;1918;21076;101;1415;21235;25681;3002
FR;9;2022-10-09;1;7;22;197;1;29;198;277;50;147;212;1940;21273;102;1444;21433;25958;3052
FR;9;2022-10-10;11;26;207;2572;14;181;2576;3296;533;158;238;2147;23845;116;1625;24009;29254;3585
FR;9;2022-10-11;31;40;424;5043;27;312;5024;6198;851;189;278;2571;28888;143;1937;29033;35452;4436
FR;9;2022-10-12;22;26;297;2987;16;212;3044;3830;572;211;304;2868;31875;159;2149;32077;39282;5008
FR;9;2022-10-13;25;42;374;3980;16;245;4036;5027;740;236;346;3242;35855;175;2394;36113;44309;5748
FR;9;2022-10-14;27;26;381;4430;12;293;4414;5556;838;263;372;3623;40285;187;2687;40527;49865;6586
FR;9;2022-10-15;14;8;101;1052;7;79;1029;1308;198;277;380;3724;41337;194;2766;41556;51173;6784
FR;9;2022-10-16;4;1;9;132;2;12;126;168;28;281;381;3733;41469;196;2778;41682;51341;6812
FR;9;2022-10-17;4;22;165;1875;11;127;1883;2492;475;285;403;3898;43344;207;2905;43565;53833;7287
FR;9;2022-10-18;36;29;317;3430;17;237;3454;4663;963;321;432;4215;46774;224;3142;47019;58496;8250
FR;9;2022-10-19;22;19;262;2688;17;174;2717;3732;826;343;451;4477;49462;241;3316;49736;62228;9076
FR;9;2022-10-20;22;22;308;3628;8;233;3639;4813;933;365;473;4785;53090;249;3549;53375;67041;10009
FR;9;2022-10-21;14;32;327;3548;11;228;3554;4655;865;379;505;5112;56638;260;3777;56929;71696;10874
FR;9;2022-10-22;10;11;90;914;8;62;919;1193;207;389;516;5202;57552;268;3839;57848;72889;11081
FR;9;2022-10-23;2;2;17;100;2;10;105;148;33;391;518;5219;57652;270;3849;57953;73037;11114
FR;9;2022-10-24;7;17;159;1363;6;106;1434;1942;397;398;535;5378;59015;276;3955;59387;74979;11511
FR;9;2022-10-25;18;22;228;2841;16;188;2851;3938;896;416;557;5606;61856;292;4143;62238;78917;12407
FR;9;2022-10-26;14;16;169;1800;13;123;1812;2527;590;430;573;5775;63656;305;4266;64050;81444;12997
FR;9;2022-10-27;9;26;230;2303;15;173;2337;3210;689;439;599;6005;65959;320;4439;66387;84654;13686
FR;9;2022-10-28;18;27;224;2277;17;151;2303;3142;681;457;626;6229;68236;337;4590;68690;87796;14367
FR;9;2022-10-29;12;8;55;505;5;46;496;662;119;469;634;6284;68741;342;4636;69186;88458;14486
FR;9;2022-10-30;2;1;8;58;1;8;58;82;16;471;635;6292;68799;343;4644;69244;88540;14502
FR;9;2022-10-31;13;7;105;660;9;59;695;996;240;484;642;6397;69459;352;4703;69939;89536;14742
FR;9;2022-11-01;1;1;15;43;0;11;49;71;11;485;643;6412;69502;352;4714;69988;89607;14753
FR;9;2022-11-02;7;12;102;1027;4;76;1045;1577;452;492;655;6514;70529;356;4790;71033;91184;15205
FR;9;2022-11-03;17;18;157;1599;16;92;1647;2348;599;509;673;6671;72128;372;4882;72680;93532;15804
FR;9;2022-11-04;21;19;193;1751;15;120;1800;2536;611;530;692;6864;73879;387;5002;74480;96068;16415
FR;9;2022-11-05;8;10;58;403;9;39;424;573;107;538;702;6922;74282;396;5041;74904;96641;16522
FR;9;2022-11-06;5;4;5;62;6;2;61;88;25;543;706;6927;74344;402;5043;74965;96729;16547
FR;9;2022-11-07;16;19;89;942;16;110;941;1489;432;559;725;7016;75286;418;5153;75906;98218;16979
FR;9;2022-11-08;11;19;171;1827;13;137;1815;2660;703;570;744;7187;77113;431;5290;77721;100878;17682
FR;9;2022-11-09;16;16;123;1261;9;98;1322;1878;453;586;760;7310;78374;440;5388;79043;102756;18135
FR;9;2022-11-10;13;22;162;1623;14;137;1621;2281;519;599;782;7472;79997;454;5525;80664;105037;18654
FR;9;2022-11-11;1;1;13;81;1;6;83;124;35;600;783;7485;80078;455;5531;80747;105161;18689
FR;9;2022-11-12;5;8;44;259;7;19;278;395;97;605;791;7529;80337;462;5550;81025;105556;18786
FR;9;2022-11-13;2;0;4;30;0;4;31;51;16;607;791;7533;80367;462;5554;81056;105607;18802
FR;9;2022-11-14;11;12;56;713;11;44;722;1108;339;618;803;7589;81080;473;5598;81778;106715;19141
FR;9;2022-11-15;18;16;150;1346;7;103;1356;2103;638;636;819;7739;82426;480;5701;83134;108818;19779
FR;9;2022-11-16;10;5;99;979;8;58;997;1490;431;646;824;7838;83405;488;5759;84131;110308;20210
FR;9;2022-11-17;9;17;126;1086;11;78;1111;1695;501;655;841;7964;84491;499;5837;85242;112003;20711
FR;9;2022-11-18;7;16;120;1440;5;78;1455;2027;492;662;857;8084;85931;504;5915;86697;114030;21203
FR;9;2022-11-19;3;5;51;364;1;28;351;490;106;665;862;8135;86295;505;5943;87048;114520;21309
FR;9;2022-11-20;1;0;5;37;0;3;35;54;16;666;862;8140;86332;505;5946;87083;114574;21325
FR;9;2022-11-21;9;12;66;636;5;51;639;960;263;675;874;8206;86968;510;5997;87722;115534;21588
FR;9;2022-11-22;15;12;121;1037;13;74;1067;1592;449;690;886;8327;88005;523;6071;88789;117126;22037
FR;9;2022-11-23;7;10;69;733;5;33;760;1170;372;697;896;8396;88738;528;6104;89549;118296;22409
FR;9;2022-11-24;8;19;93;979;14;68;992;1472;406;705;915;8489;89717;542;6172;90541;119768;22815
FR;9;2022-11-25;8;10;107;1180;8;82;1195;1781;503;713;925;8596;90897;550;6254;91736;121549;23318
FR;9;2022-11-26;6;6;35;217;7;24;214;310;68;719;931;8631;91114;557;6278;91950;121859;23386
FR;9;2022-11-27;1;1;6;42;0;2;46;82;34;720;932;8637;91156;557;6280;91996;121941;23420
FR;9;2022-11-28;5;7;103;698;7;60;726;1135;344;725;939;8740;91854;564;6340;92722;123076;23764
FR;9;2022-11-29;6;18;142;1299;6;89;1327;1942;521;731;957;8882;93153;570;6429;94049;125018;24285
FR;9;2022-11-30;9;12;99;1032;5;76;1055;1606;470;740;969;8981;94185;575;6505;95104;126624;24755
FR;9;2022-12-01;16;14;112;1345;8;80;1331;1970;554;756;983;9093;95530;583;6585;96435;128594;25309
FR;9;2022-12-02;10;13;193;1817;10;107;1818;2631;700;766;996;9286;97347;593;6692;98253;131225;26009
FR;9;2022-12-03;7;9;79;619;5;41;632;887;208;773;1005;9365;97966;598;6733;98885;132112;26217
FR;9;2022-12-04;11;4;15;105;5;8;105;153;40;784;1009;9380;98071;603;6741;98990;132265;26257
FR;9;2022-12-05;19;24;144;1406;17;98;1421;2110;584;803;1033;9524;99477;620;6839;100411;134375;26841
FR;9;2022-12-06;30;21;264;2453;21;148;2548;3812;1097;833;1054;9788;101930;641;6987;102959;138187;27938
FR;9;2022-12-07;15;22;181;1848;20;112;1890;2826;814;848;1076;9969;103778;661;7099;104849;141013;28752
FR;9;2022-12-08;14;22;222;2404;15;125;2467;3701;1092;862;1098;10191;106182;676;7224;107316;144714;29844
FR;9;2022-12-09;14;25;287;2888;10;143;2986;4337;1200;876;1123;10478;109070;686;7367;110302;149051;31044
FR;9;2022-12-10;12;13;122;1324;5;56;1347;1819;410;888;1136;10600;110394;691;7423;111649;150870;31454
FR;9;2022-12-11;5;5;21;277;6;10;283;363;66;893;1141;10621;110671;697;7433;111932;151233;31520
FR;9;2022-12-12;17;14;215;1958;12;109;2032;2891;745;910;1155;10836;112629;709;7542;113964;154124;32265
FR;9;2022-12-13;28;23;317;3085;15;151;3221;4720;1337;938;1178;11153;115714;724;7693;117185;158844;33602
FR;9;2022-12-14;15;10;191;2335;8;94;2405;3505;989;953;1188;11344;118049;732;7787;119590;162349;34591
FR;9;2022-12-15;17;24;257;2611;13;138;2682;4069;1238;970;1212;11601;120660;745;7925;122272;166418;35829
FR;9;2022-12-16;15;29;294;3072;21;165;3155;4603;1274;985;1241;11895;123732;766;8090;125427;171021;37103
FR;9;2022-12-17;8;11;106;1193;6;50;1208;1664;402;993;1252;12001;124925;772;8140;126635;172685;37505
FR;9;2022-12-18;1;7;30;245;6;14;251;333;67;994;1259;12031;125170;778;8154;126886;173018;37572
FR;9;2022-12-19;20;21;149;1599;15;78;1631;2507;789;1014;1280;12180;126769;793;8232;128517;175525;38361
FR;9;2022-12-20;21;19;232;2306;6;115;2349;3708;1233;1035;1299;12412;129075;799;8347;130866;179233;39594
FR;9;2022-12-21;6;14;139;1501;7;66;1554;2402;775;1041;1313;12551;130576;806;8413;132420;181635;40369
FR;9;2022-12-22;19;9;136;1402;9;78;1418;2119;615;1060;1322;12687;131978;815;8491;133838;183754;40984
FR;9;2022-12-23;11;15;77;728;9;51;730;1092;305;1071;1337;12764;132706;824;8542;134568;184846;41289
FR;9;2022-12-24;1;5;13;96;4;6;98;138;34;1072;1342;12777;132802;828;8548;134666;184984;41323
FR;9;2022-12-25;1;0;5;5;0;4;6;12;2;1073;1342;12782;132807;828;8552;134672;184996;41325
FR;9;2022-12-26;17;8;64;547;11;37;554;829;235;1090;1350;12846;133354;839;8589;135226;185825;41560
FR;9;2022-12-27;12;30;97;882;14;69;917;1422;430;1102;1380;12943;134236;853;8658;136143;187247;41990
FR;9;2022-12-28;8;9;82;749;8;40;768;1185;372;1110;1389;13025;134985;861;8698;136911;188432;42362
FR;9;2022-12-29;9;14;92;720;10;51;753;1135;324;1119;1403;13117;135705;871;8749;137664;189567;42686
FR;9;2022-12-30;12;17;77;592;9;47;612;899;237;1131;1420;13194;136297;880;8796;138276;190466;42923
FR;9;2022-12-31;2;3;17;136;2;12;139;190;38;1133;1423;13211;136433;882;8808;138415;190656;42961
FR;9;2023-01-01;0;2;3;19;1;4;19;31;8;1133;1425;13214;136452;883;8812;138434;190687;42969
FR;9;2023-01-02;11;11;56;592;4;40;585;949;320;1144;1436;13270;137044;887;8852;139019;191636;43289
FR;9;2023-01-03;19;20;122;1079;20;75;1101;1940;749;1163;1456;13392;138123;907;8927;140120;193576;44038
FR;9;2023-01-04;21;18;113;846;8;73;898;1609;633;1184;1474;13505;138969;915;9000;141018;195185;44671
FR;9;2023-01-05;5;20;115;1059;11;65;1091;2048;882;1189;1494;13620;140028;926;9065;142109;197233;45553
FR;9;2023-01-06;11;17;152;1370;4;73;1388;2410;938;1200;1511;13772;141398;930;9138;143497;199643;46491
FR;9;2023-01-07;6;13;58;436;14;36;427;687;220;1206;1524;13830;141834;944;9174;143924;200330;46711
FR;9;2023-01-08;4;11;15;92;9;12;91;137;32;1210;1535;13845;141926;953;9186;144015;200467;46743
FR;9;2023-01-09;16;15;87;623;9;62;615;1276;586;1226;1550;13932;142549;962;9248;144630;201743;47329
FR;9;2023-01-10;13;12;154;979;11;74;1033;1990;871;1239;1562;14086;143528;973;9322;145663;203733;48200
FR;9;2023-01-11;19;9;74;680;10;49;689;1387;643;1258;1571;14160;144208;983;9371;146352;205120;48843
FR;9;2023-01-12;21;9;92;845;3;77;823;1688;775;1279;1580;14252;145053;986;9448;147175;206808;49618
FR;9;2023-01-13;15;19;106;887;12;73;909;1783;785;1294;1599;14358;145940;998;9521;148084;208591;50403
FR;9;2023-01-14;8;9;55;294;5;33;299;585;247;1302;1608;14413;146234;1003;9554;148383;209176;50650
FR;9;2023-01-15;1;3;15;37;0;9;41;82;32;1303;1611;14428;146271;1003;9563;148424;209258;50682
FR;9;2023-01-16;6;15;54;366;13;24;383;785;371;1309;1626;14482;146637;1016;9587;148807;210043;51053
FR;9;2023-01-17;7;9;83;563;4;49;577;1244;609;1316;1635;14565;147200;1020;9636;149384;211287;51662
FR;9;2023-01-18;8;14;37;380;6;32;397;839;403;1324;1649;14602;147580;1026;9668;149781;212126;52065
FR;9;2023-01-19;10;9;58;477;8;30;478;1086;567;1334;1658;14660;148057;1034;9698;150259;213212;52632
FR;9;2023-01-20;15;19;96;578;16;57;595;1190;534;1349;1677;14756;148635;1050;9755;150854;214402;53166
FR;9;2023-01-21;8;15;20;192;11;13;190;347;140;1357;1692;14776;148827;1061;9768;151044;214749;53306
FR;9;2023-01-22;0;0;8;20;0;5;21;42;16;1357;1692;14784;148847;1061;9773;151065;214791;53322
FR;9;2023-01-23;4;15;27;253;9;25;242;563;287;1361;1707;14811;149100;1070;9798;151307;215354;53609
FR;9;2023-01-24;11;10;70;461;9;42;484;1162;633;1372;1717;14881;149561;1079;9840;151791;216516;54242
FR;9;2023-01-25;11;20;50;325;8;48;336;799;410;1383;1737;14931;149886;1087;9888;152127;217315;54652
FR;9;2023-01-26;7;17;64;391;8;50;390;967;515;1390;1754;14995;150277;1095;9938;152517;218282;55167
FR;9;2023-01-27;4;7;59;381;3;31;397;906;462;1394;1761;15054;150658;1098;9969;152914;219188;55629
FR;9;2023-01-28;3;6;31;128;5;27;120;265;116;1397;1767;15085;150786;1103;9996;153034;219453;55745
FR;9;2023-01-29;3;0;3;18;2;1;17;40;22;1400;1767;15088;150804;1105;9997;153051;219493;55767
FR;9;2023-01-30;4;6;31;192;5;11;211;501;272;1404;1773;15119;150996;1110;10008;153262;219994;56039
FR;9;2023-01-31;14;7;38;260;9;18;264;649;359;1418;1780;15157;151256;1119;10026;153526;220643;56398
FR;9;2023-02-01;5;7;26;173;4;20;179;519;309;1423;1787;15183;151429;1123;10046;153705;221162;56707
FR;9;2023-02-02;4;6;31;252;6;23;233;666;395;1427;1793;15214;151681;1129;10069;153938;221828;57102
FR;9;2023-02-03;8;11;42;289;8;37;275;677;355;1435;1804;15256;151970;1137;10106;154213;222505;57457
FR;9;2023-02-04;6;5;10;70;7;8;68;160;84;1441;1809;15266;152040;1144;10114;154281;222665;57541
FR;9;2023-02-05;1;1;4;7;0;4;7;17;6;1442;1810;15270;152047;1144;10118;154288;222682;57547
FR;9;2023-02-06;3;5;17;81;4;15;78;229;134;1445;1815;15287;152128;1148;10133;154366;222911;57681
FR;9;2023-02-07;3;5;30;139;3;21;134;417;256;1448;1820;15317;152267;1151;10154;154500;223328;57937
FR;9;2023-02-08;4;6;25;116;3;13;125;301;160;1452;1826;15342;152383;1154;10167;154625;223629;58097
FR;9;2023-02-09;8;3;20;138;4;14;123;338;197;1460;1829;15362;152521;1158;10181;154748;223967;58294
FR;9;2023-02-10;8;8;19;149;10;11;145;312;150;1468;1837;15381;152670;1168;10192;154893;224279;58444
FR;9;2023-02-11;5;4;14;42;3;9;47;84;28;1473;1841;15395;152712;1171;10201;154940;224363;58472
FR;9;2023-02-12;0;0;0;1;0;0;1;8;7;1473;1841;15395;152713;1171;10201;154941;224371;58479
FR;9;2023-02-13;3;8;5;50;8;4;45;107;55;1476;1849;15400;152763;1179;10205;154986;224478;58534
FR;9;2023-02-14;10;10;16;66;10;13;63;225;146;1486;1859;15416;152829;1189;10218;155049;224703;58680
FR;9;2023-02-15;1;5;16;52;3;12;50;162;99;1487;1864;15432;152881;1192;10230;155099;224865;58779
FR;9;2023-02-16;4;6;19;77;1;17;78;197;93;1491;1870;15451;152958;1193;10247;155177;225062;58872
FR;9;2023-02-17;6;4;15;62;5;11;64;178;99;1497;1874;15466;153020;1198;10258;155241;225240;58971
FR;9;2023-02-18;1;5;1;30;5;3;25;58;29;1498;1879;15467;153050;1203;10261;155266;225298;59000
FR;9;2023-02-19;1;0;0;1;0;0;1;3;2;1499;1879;15467;153051;1203;10261;155267;225301;59002
FR;9;2023-02-20;2;3;9;60;2;6;60;123;55;1501;1882;15476;153111;1205;10267;155327;225424;59057
FR;9;2023-02-21;6;9;11;65;7;10;65;160;83;1507;1891;15487;153176;1212;10277;155392;225584;59140
FR;9;2023-02-22;2;4;18;70;3;13;72;210;118;1509;1895;15505;153246;1215;10290;155464;225794;59258
FR;9;2023-02-23;5;3;17;63;1;12;69;146;61;1514;1898;15522;153309;1216;10302;155533;225940;59319
FR;9;2023-02-24;6;4;13;80;5;8;83;211;114;1520;1902;15535;153389;1221;10310;155616;226151;59433
FR;9;2023-02-25;2;2;10;14;4;4;23;43;16;1522;1904;15545;153403;1225;10314;155639;226194;59449
FR;9;2023-02-26;3;1;0;4;3;1;4;5;0;1525;1905;15545;153407;1228;10315;155643;226199;59449
FR;9;2023-02-27;2;3;5;17;3;2;19;49;26;1527;1908;15550;153424;1231;10317;155662;226248;59475
FR;9;2023-02-28;7;13;18;55;11;16;58;155;76;1534;1921;15568;153479;1242;10333;155720;226403;59551
FR;9;2023-03-01;0;8;6;20;6;7;20;78;48;1534;1929;15574;153499;1248;10340;155740;226481;59599
FR;9;2023-03-02;0;1;7;31;1;2;36;80;41;1534;1930;15581;153530;1249;10342;155776;226561;59640
FR;9;2023-03-03;1;4;9;47;3;6;49;122;67;1535;1934;15590;153577;1252;10348;155825;226683;59707
FR;9;2023-03-04;1;2;7;19;1;4;25;41;10;1536;1936;15597;153596;1253;10352;155850;226724;59717
FR;9;2023-03-05;0;1;1;0;1;0;1;8;7;1536;1937;15598;153596;1254;10352;155851;226732;59724
FR;9;2023-03-06;1;6;6;8;3;6;9;35;19;1537;1943;15604;153604;1257;10358;155860;226767;59743
FR;9;2023-03-07;2;4;8;20;0;9;24;69;34;1539;1947;15612;153624;1257;10367;155884;226836;59777
FR;9;2023-03-08;2;4;10;6;4;4;13;39;20;1541;1951;15622;153630;1261;10371;155897;226875;59797
FR;9;2023-03-09;1;3;9;12;2;6;17;65;42;1542;1954;15631;153642;1263;10377;155914;226940;59839
FR;9;2023-03-10;3;3;6;20;3;4;19;58;34;1545;1957;15637;153662;1266;10381;155933;226998;59873
FR;9;2023-03-11;2;3;4;8;2;1;11;15;3;1547;1960;15641;153670;1268;10382;155944;227013;59876
FR;9;2023-03-12;0;1;0;0;1;0;0;0;0;1547;1961;15641;153670;1269;10382;155944;227013;59876
FR;9;2023-03-13;3;5;9;34;3;4;14;49;29;1550;1966;15650;153704;1272;10386;155958;227062;59905
FR;9;2023-03-14;3;3;7;27;1;6;29;79;41;1553;1969;15657;153731;1273;10392;155987;227141;59946
FR;9;2023-03-15;0;6;4;15;4;4;17;47;24;1553;1975;15661;153746;1277;10396;156004;227188;59970
FR;9;2023-03-16;0;9;7;15;5;8;15;77;52;1553;1984;15668;153761;1282;10404;156019;227265;60022
FR;9;2023-03-17;0;7;6;40;3;8;27;113;71;1553;1991;15674;153801;1285;10412;156046;227378;60093
FR;9;2023-03-18;2;2;5;13;1;4;16;48;26;1555;1993;15679;153814;1286;10416;156062;227426;60119
FR;9;2023-03-19;0;1;0;0;1;0;0;0;0;1555;1994;15679;153814;1287;10416;156062;227426;60119
FR;9;2023-03-20;3;7;1;25;6;1;13;54;40;1558;2001;15680;153839;1293;10417;156075;227480;60159
FR;9;2023-03-21;1;1;6;16;1;1;21;69;47;1559;2002;15686;153855;1294;10418;156096;227549;60206
FR;9;2023-03-22;1;2;4;19;2;2;22;78;49;1560;2004;15690;153874;1296;10420;156118;227627;60255
FR;9;2023-03-23;0;6;7;22;4;7;21;56;25;1560;2010;15697;153896;1300;10427;156139;227683;60280
FR;9;2023-03-24;2;2;5;25;2;5;26;53;19;1562;2012;15702;153921;1302;10432;156165;227736;60299
FR;9;2023-03-25;0;0;4;6;0;3;8;16;5;1562;2012;15706;153927;1302;10435;156173;227752;60304
FR;9;2023-03-26;0;1;0;0;0;1;0;2;1;1562;2013;15706;153927;1302;10436;156173;227754;60305
FR;9;2023-03-27;0;3;4;8;2;2;12;32;15;1562;2016;15710;153935;1304;10438;156185;227786;60320
FR;9;2023-03-28;5;13;6;16;12;7;15;48;22;1567;2029;15716;153951;1316;10445;156200;227834;60342
FR;9;2023-03-29;3;6;8;5;2;8;8;28;12;1570;2035;15724;153956;1318;10453;156208;227862;60354
FR;9;2023-03-30;2;2;2;17;2;3;17;43;20;1572;2037;15726;153973;1320;10456;156225;227905;60374
FR;9;2023-03-31;0;3;2;18;1;6;15;45;22;1572;2040;15728;153991;1321;10462;156240;227950;60396
FR;9;2023-04-01;0;1;5;2;0;4;5;12;3;1572;2041;15733;153993;1321;10466;156245;227962;60399
FR;9;2023-04-02;0;0;0;0;0;0;0;2;2;1572;2041;15733;153993;1321;10466;156245;227964;60401
FR;9;2023-04-03;0;1;3;13;0;4;10;53;34;1572;2042;15736;154006;1321;10470;156255;228017;60435
FR;9;2023-04-04;4;4;11;18;2;7;22;61;29;1576;2046;15747;154024;1323;10477;156277;228078;60464
FR;9;2023-04-05;0;2;5;27;1;3;32;78;39;1576;2048;15752;154051;1324;10480;156309;228156;60503
FR;9;2023-04-06;0;0;4;13;0;2;16;42;23;1576;2048;15756;154064;1324;10482;156325;228198;60526
FR;9;2023-04-07;1;6;1;7;2;4;7;34;19;1577;2054;15757;154071;1326;10486;156332;228232;60545
FR;9;2023-04-08;0;1;2;1;0;1;3;7;2;1577;2055;15759;154072;1326;10487;156335;228239;60547
FR;9;2023-04-09;0;1;0;0;1;0;0;2;1;1577;2056;15759;154072;1327;10487;156335;228241;60548
FR;9;2023-04-10;0;1;1;5;1;1;5;6;0;1577;2057;15760;154077;1328;10488;156340;228247;60548
FR;9;2023-04-11;2;5;4;9;4;3;8;22;8;1579;2062;15764;154086;1332;10491;156348;228269;60556
FR;9;2023-04-12;1;2;6;8;2;4;10;41;24;1580;2064;15770;154094;1334;10495;156358;228310;60580
FR;9;2023-04-13;0;0;2;4;0;2;4;15;9;1580;2064;15772;154098;1334;10497;156362;228325;60589
FR;9;2023-04-14;1;4;7;10;1;6;12;38;13;1581;2068;15779;154108;1335;10503;156374;228363;60602
FR;9;2023-04-15;0;1;2;2;1;1;2;7;4;1581;2069;15781;154110;1336;10504;156376;228370;60606
FR;9;2023-04-16;0;1;0;0;1;0;0;0;0;1581;2070;15781;154110;1337;10504;156376;228370;60606
FR;9;2023-04-17;1;2;6;11;2;2;14;44;21;1582;2072;15787;154121;1339;10506;156390;228414;60627
FR;9;2023-04-18;2;1;3;8;1;2;9;34;21;1584;2073;15790;154129;1340;10508;156399;228448;60648
FR;9;2023-04-19;1;0;2;4;0;2;4;28;16;1585;2073;15792;154133;1340;10510;156403;228476;60664
FR;9;2023-04-20;1;0;2;5;0;2;5;22;12;1586;2073;15794;154138;1340;10512;156408;228498;60676
FR;9;2023-04-21;0;2;2;4;1;3;7;30;15;1586;2075;15796;154142;1341;10515;156415;228528;60691
FR;9;2023-04-22;0;1;0;2;1;0;2;3;1;1586;2076;15796;154144;1342;10515;156417;228531;60692
FR;9;2023-04-23;0;0;0;0;0;0;0;1;0;1586;2076;15796;154144;1342;10515;156417;228532;60692
FR;9;2023-04-24;1;3;3;10;3;3;8;22;8;1587;2079;15799;154154;1345;10518;156425;228554;60700
FR;10;2020-12-27;0;0;0;0;0;0;0;0;0;0;0;0;0;0;0;0;0;0
FR;10;2020-12-28;0;0;0;0;0;0;0;0;0;0;0;0;0;0;0;0;0;0
FR;10;2020-12-29;0;0;0;0;0;0;0;0;0;0;0;0;0;0;0;0;0;0
FR;10;2020-12-30;0;0;0;0;0;0;0;0;0;0;0;0;0;0;0;0;0;0
FR;10;2020-12-31;0;0;0;0;0;0;0;0;0;0;0;0;0;0;0;0;0;0
FR;10;2021-01-01;0;0;0;0;0;0;0;0;0;0;0;0;0;0;0;0;0;0
FR;10;2021-01-02;0;0;0;0;0;0;0;0;0;0;0;0;0;0;0;0;0;0
FR;10;2021-01-03;0;0;0;0;0;0;0;0;0;0;0;0;0;0;0;0;0;0
FR;10;2021-01-04;0;0;0;0;0;0;0;0;0;0;0;0;0;0;0;0;0;0
FR;10;2021-01-05;0;0;0;0;0;0;0;0;0;0;0;0;0;0;0;0;0;0
FR;10;2021-01-06;0;0;0;0;0;0;0;0;0;0;0;0;0;0;0;0;0;0
FR;10;2021-01-07;0;0;0;0;0;0;0;0;0;0;0;0;0;0;0;0;0;0
FR;10;2021-01-08;0;0;0;0;0;0;0;0;0;0;0;0;0;0;0;0;0;0
FR;10;2021-01-09;0;0;0;0;0;0;0;0;0;0;0;0;0;0;0;0;0;0
FR;10;2021-01-10;0;0;0;0;0;0;0;0;0;0;0;0;0;0;0;0;0;0
FR;10;2021-01-11;0;0;0;0;0;0;0;0;0;0;0;0;0;0;0;0;0;0
FR;10;2021-01-12;0;0;0;0;0;0;0;0;0;0;0;0;0;0;0;0;0;0
FR;10;2021-01-13;0;0;0;0;0;0;0;0;0;0;0;0;0;0;0;0;0;0
FR;10;2021-01-14;0;0;0;0;0;0;0;0;0;0;0;0;0;0;0;0;0;0
FR;10;2021-01-15;0;0;0;0;0;0;0;0;0;0;0;0;0;0;0;0;0;0
FR;10;2021-01-16;0;0;0;0;0;0;0;0;0;0;0;0;0;0;0;0;0;0
FR;10;2021-01-17;0;0;0;0;0;0;0;0;0;0;0;0;0;0;0;0;0;0
FR;10;2021-01-18;0;0;0;0;0;0;0;0;0;0;0;0;0;0;0;0;0;0
FR;10;2021-01-19;0;0;0;0;0;0;0;0;0;0;0;0;0;0;0;0;0;0
FR;10;2021-01-20;0;0;0;0;0;0;0;0;0;0;0;0;0;0;0;0;0;0
FR;10;2021-01-21;0;0;0;0;0;0;0;0;0;0;0;0;0;0;0;0;0;0
FR;10;2021-01-22;0;0;0;0;0;0;0;0;0;0;0;0;0;0;0;0;0;0
FR;10;2021-01-23;0;0;0;0;0;0;0;0;0;0;0;0;0;0;0;0;0;0
FR;10;2021-01-24;0;0;0;0;0;0;0;0;0;0;0;0;0;0;0;0;0;0
FR;10;2021-01-25;0;0;0;0;0;0;0;0;0;0;0;0;0;0;0;0;0;0
FR;10;2021-01-26;0;0;0;0;0;0;0;0;0;0;0;0;0;0;0;0;0;0
FR;10;2021-01-27;0;0;0;0;0;0;0;0;0;0;0;0;0;0;0;0;0;0
FR;10;2021-01-28;0;0;0;0;0;0;0;0;0;0;0;0;0;0;0;0;0;0
FR;10;2021-01-29;0;0;0;0;0;0;0;0;0;0;0;0;0;0;0;0;0;0
FR;10;2021-01-30;0;0;0;0;0;0;0;0;0;0;0;0;0;0;0;0;0;0
FR;10;2021-01-31;0;0;0;0;0;0;0;0;0;0;0;0;0;0;0;0;0;0
FR;10;2021-02-01;0;0;0;0;0;0;0;0;0;0;0;0;0;0;0;0;0;0
FR;10;2021-02-02;0;0;0;0;0;0;0;0;0;0;0;0;0;0;0;0;0;0
FR;10;2021-02-03;0;0;0;0;0;0;0;0;0;0;0;0;0;0;0;0;0;0
FR;10;2021-02-04;0;0;0;0;0;0;0;0;0;0;0;0;0;0;0;0;0;0
FR;10;2021-02-05;0;0;0;0;0;0;0;0;0;0;0;0;0;0;0;0;0;0
FR;10;2021-02-06;0;0;0;0;0;0;0;0;0;0;0;0;0;0;0;0;0;0
FR;10;2021-02-07;0;0;0;0;0;0;0;0;0;0;0;0;0;0;0;0;0;0
FR;10;2021-02-08;0;0;0;0;0;0;0;0;0;0;0;0;0;0;0;0;0;0
FR;10;2021-02-09;0;0;0;0;0;0;0;0;0;0;0;0;0;0;0;0;0;0
FR;10;2021-02-10;0;0;0;0;0;0;0;0;0;0;0;0;0;0;0;0;0;0
FR;10;2021-02-11;0;0;0;0;0;0;0;0;0;0;0;0;0;0;0;0;0;0
FR;10;2021-02-12;0;0;0;0;0;0;0;0;0;0;0;0;0;0;0;0;0;0
FR;10;2021-02-13;0;0;0;0;0;0;0;0;0;0;0;0;0;0;0;0;0;0
FR;10;2021-02-14;0;0;0;0;0;0;0;0;0;0;0;0;0;0;0;0;0;0
FR;10;2021-02-15;0;0;0;0;0;0;0;0;0;0;0;0;0;0;0;0;0;0
FR;10;2021-02-16;0;0;0;0;0;0;0;0;0;0;0;0;0;0;0;0;0;0
FR;10;2021-02-17;0;0;0;0;0;0;0;0;0;0;0;0;0;0;0;0;0;0
FR;10;2021-02-18;0;0;0;0;0;0;0;0;0;0;0;0;0;0;0;0;0;0
FR;10;2021-02-19;0;0;0;0;0;0;0;0;0;0;0;0;0;0;0;0;0;0
FR;10;2021-02-20;0;0;0;0;0;0;0;0;0;0;0;0;0;0;0;0;0;0
FR;10;2021-02-21;0;0;0;0;0;0;0;0;0;0;0;0;0;0;0;0;0;0
FR;10;2021-02-22;0;0;0;0;0;0;0;0;0;0;0;0;0;0;0;0;0;0
FR;10;2021-02-23;0;0;0;0;0;0;0;0;0;0;0;0;0;0;0;0;0;0
FR;10;2021-02-24;0;0;0;0;0;0;0;0;0;0;0;0;0;0;0;0;0;0
FR;10;2021-02-25;0;0;0;0;0;0;0;0;0;0;0;0;0;0;0;0;0;0
FR;10;2021-02-26;0;0;0;0;0;0;0;0;0;0;0;0;0;0;0;0;0;0
FR;10;2021-02-27;0;0;0;0;0;0;0;0;0;0;0;0;0;0;0;0;0;0
FR;10;2021-02-28;0;0;0;0;0;0;0;0;0;0;0;0;0;0;0;0;0;0
FR;10;2021-03-01;0;0;0;0;0;0;0;0;0;0;0;0;0;0;0;0;0;0
FR;10;2021-03-02;0;0;0;0;0;0;0;0;0;0;0;0;0;0;0;0;0;0
FR;10;2021-03-03;0;0;0;0;0;0;0;0;0;0;0;0;0;0;0;0;0;0
FR;10;2021-03-04;0;0;0;0;0;0;0;0;0;0;0;0;0;0;0;0;0;0
FR;10;2021-03-05;0;0;0;0;0;0;0;0;0;0;0;0;0;0;0;0;0;0
FR;10;2021-03-06;0;0;0;0;0;0;0;0;0;0;0;0;0;0;0;0;0;0
FR;10;2021-03-07;0;0;0;0;0;0;0;0;0;0;0;0;0;0;0;0;0;0
FR;10;2021-03-08;0;0;0;0;0;0;0;0;0;0;0;0;0;0;0;0;0;0
FR;10;2021-03-09;0;0;0;0;0;0;0;0;0;0;0;0;0;0;0;0;0;0
FR;10;2021-03-10;0;0;0;0;0;0;0;0;0;0;0;0;0;0;0;0;0;0
FR;10;2021-03-11;0;0;0;0;0;0;0;0;0;0;0;0;0;0;0;0;0;0
FR;10;2021-03-12;0;0;0;0;0;0;0;0;0;0;0;0;0;0;0;0;0;0
FR;10;2021-03-13;0;0;0;0;0;0;0;0;0;0;0;0;0;0;0;0;0;0
FR;10;2021-03-14;0;0;0;0;0;0;0;0;0;0;0;0;0;0;0;0;0;0
FR;10;2021-03-15;0;0;0;0;0;0;0;0;0;0;0;0;0;0;0;0;0;0
FR;10;2021-03-16;0;0;0;0;0;0;0;0;0;0;0;0;0;0;0;0;0;0
FR;10;2021-03-17;0;0;0;0;0;0;0;0;0;0;0;0;0;0;0;0;0;0
FR;10;2021-03-18;0;0;0;0;0;0;0;0;0;0;0;0;0;0;0;0;0;0
FR;10;2021-03-19;0;0;0;0;0;0;0;0;0;0;0;0;0;0;0;0;0;0
FR;10;2021-03-20;0;0;0;0;0;0;0;0;0;0;0;0;0;0;0;0;0;0
FR;10;2021-03-21;0;0;0;0;0;0;0;0;0;0;0;0;0;0;0;0;0;0
FR;10;2021-03-22;0;0;0;0;0;0;0;0;0;0;0;0;0;0;0;0;0;0
FR;10;2021-03-23;0;0;0;0;0;0;0;0;0;0;0;0;0;0;0;0;0;0
FR;10;2021-03-24;0;0;0;0;0;0;0;0;0;0;0;0;0;0;0;0;0;0
FR;10;2021-03-25;0;0;0;0;0;0;0;0;0;0;0;0;0;0;0;0;0;0
FR;10;2021-03-26;0;0;0;0;0;0;0;0;0;0;0;0;0;0;0;0;0;0
FR;10;2021-03-27;0;0;0;0;0;0;0;0;0;0;0;0;0;0;0;0;0;0
FR;10;2021-03-28;0;0;0;0;0;0;0;0;0;0;0;0;0;0;0;0;0;0
FR;10;2021-03-29;0;0;0;0;0;0;0;0;0;0;0;0;0;0;0;0;0;0
FR;10;2021-03-30;0;0;0;0;0;0;0;0;0;0;0;0;0;0;0;0;0;0
FR;10;2021-03-31;0;0;0;0;0;0;0;0;0;0;0;0;0;0;0;0;0;0
FR;10;2021-04-01;0;0;0;0;0;0;0;0;0;0;0;0;0;0;0;0;0;0
FR;10;2021-04-02;0;0;0;0;0;0;0;0;0;0;0;0;0;0;0;0;0;0
FR;10;2021-04-03;0;0;0;0;0;0;0;0;0;0;0;0;0;0;0;0;0;0
FR;10;2021-04-04;0;0;0;0;0;0;0;0;0;0;0;0;0;0;0;0;0;0
FR;10;2021-04-05;0;0;0;0;0;0;0;0;0;0;0;0;0;0;0;0;0;0
FR;10;2021-04-06;0;0;0;0;0;0;0;0;0;0;0;0;0;0;0;0;0;0
FR;10;2021-04-07;0;0;0;0;0;0;0;0;0;0;0;0;0;0;0;0;0;0
FR;10;2021-04-08;0;0;0;0;0;0;0;0;0;0;0;0;0;0;0;0;0;0
FR;10;2021-04-09;0;0;0;0;0;0;0;0;0;0;0;0;0;0;0;0;0;0
FR;10;2021-04-10;0;0;0;0;0;0;0;0;0;0;0;0;0;0;0;0;0;0
FR;10;2021-04-11;0;0;0;0;0;0;0;0;0;0;0;0;0;0;0;0;0;0
FR;10;2021-04-12;0;0;0;0;0;0;0;0;0;0;0;0;0;0;0;0;0;0
FR;10;2021-04-13;0;0;0;0;0;0;0;0;0;0;0;0;0;0;0;0;0;0
FR;10;2021-04-14;0;0;0;0;0;0;0;0;0;0;0;0;0;0;0;0;0;0
FR;10;2021-04-15;0;0;0;0;0;0;0;0;0;0;0;0;0;0;0;0;0;0
FR;10;2021-04-16;0;0;0;0;0;0;0;0;0;0;0;0;0;0;0;0;0;0
FR;10;2021-04-17;0;0;0;0;0;0;0;0;0;0;0;0;0;0;0;0;0;0
FR;10;2021-04-18;0;0;0;0;0;0;0;0;0;0;0;0;0;0;0;0;0;0
FR;10;2021-04-19;0;0;0;0;0;0;0;0;0;0;0;0;0;0;0;0;0;0
FR;10;2021-04-20;0;0;0;0;0;0;0;0;0;0;0;0;0;0;0;0;0;0
FR;10;2021-04-21;0;0;0;0;0;0;0;0;0;0;0;0;0;0;0;0;0;0
FR;10;2021-04-22;0;0;0;0;0;0;0;0;0;0;0;0;0;0;0;0;0;0
FR;10;2021-04-23;0;0;0;0;0;0;0;0;0;0;0;0;0;0;0;0;0;0
FR;10;2021-04-24;0;0;0;0;0;0;0;0;0;0;0;0;0;0;0;0;0;0
FR;10;2021-04-25;0;0;0;0;0;0;0;0;0;0;0;0;0;0;0;0;0;0
FR;10;2021-04-26;0;0;0;0;0;0;0;0;0;0;0;0;0;0;0;0;0;0
FR;10;2021-04-27;0;0;0;0;0;0;0;0;0;0;0;0;0;0;0;0;0;0
FR;10;2021-04-28;0;0;0;0;0;0;0;0;0;0;0;0;0;0;0;0;0;0
FR;10;2021-04-29;0;0;0;0;0;0;0;0;0;0;0;0;0;0;0;0;0;0
FR;10;2021-04-30;0;0;0;0;0;0;0;0;0;0;0;0;0;0;0;0;0;0
FR;10;2021-05-01;0;0;0;0;0;0;0;0;0;0;0;0;0;0;0;0;0;0
FR;10;2021-05-02;0;0;0;0;0;0;0;0;0;0;0;0;0;0;0;0;0;0
FR;10;2021-05-03;0;0;0;0;0;0;0;0;0;0;0;0;0;0;0;0;0;0
FR;10;2021-05-04;0;0;0;0;0;0;0;0;0;0;0;0;0;0;0;0;0;0
FR;10;2021-05-05;0;0;0;0;0;0;0;0;0;0;0;0;0;0;0;0;0;0
FR;10;2021-05-06;0;0;0;0;0;0;0;0;0;0;0;0;0;0;0;0;0;0
FR;10;2021-05-07;0;0;0;0;0;0;0;0;0;0;0;0;0;0;0;0;0;0
FR;10;2021-05-08;0;0;0;0;0;0;0;0;0;0;0;0;0;0;0;0;0;0
FR;10;2021-05-09;0;0;0;0;0;0;0;0;0;0;0;0;0;0;0;0;0;0
FR;10;2021-05-10;0;0;0;0;0;0;0;0;0;0;0;0;0;0;0;0;0;0
FR;10;2021-05-11;0;0;0;0;0;0;0;0;0;0;0;0;0;0;0;0;0;0
FR;10;2021-05-12;0;0;0;0;0;0;0;0;0;0;0;0;0;0;0;0;0;0
FR;10;2021-05-13;0;0;0;0;0;0;0;0;0;0;0;0;0;0;0;0;0;0
FR;10;2021-05-14;0;0;0;0;0;0;0;0;0;0;0;0;0;0;0;0;0;0
FR;10;2021-05-15;0;0;0;0;0;0;0;0;0;0;0;0;0;0;0;0;0;0
FR;10;2021-05-16;0;0;0;0;0;0;0;0;0;0;0;0;0;0;0;0;0;0
FR;10;2021-05-17;0;0;0;0;0;0;0;0;0;0;0;0;0;0;0;0;0;0
FR;10;2021-05-18;0;0;0;0;0;0;0;0;0;0;0;0;0;0;0;0;0;0
FR;10;2021-05-19;0;0;0;0;0;0;0;0;0;0;0;0;0;0;0;0;0;0
FR;10;2021-05-20;0;0;0;0;0;0;0;0;0;0;0;0;0;0;0;0;0;0
FR;10;2021-05-21;0;0;0;0;0;0;0;0;0;0;0;0;0;0;0;0;0;0
FR;10;2021-05-22;0;0;0;0;0;0;0;0;0;0;0;0;0;0;0;0;0;0
FR;10;2021-05-23;0;0;0;0;0;0;0;0;0;0;0;0;0;0;0;0;0;0
FR;10;2021-05-24;0;0;0;0;0;0;0;0;0;0;0;0;0;0;0;0;0;0
FR;10;2021-05-25;0;0;0;0;0;0;0;0;0;0;0;0;0;0;0;0;0;0
FR;10;2021-05-26;0;0;0;0;0;0;0;0;0;0;0;0;0;0;0;0;0;0
FR;10;2021-05-27;0;0;0;0;0;0;0;0;0;0;0;0;0;0;0;0;0;0
FR;10;2021-05-28;0;0;0;0;0;0;0;0;0;0;0;0;0;0;0;0;0;0
FR;10;2021-05-29;0;0;0;0;0;0;0;0;0;0;0;0;0;0;0;0;0;0
FR;10;2021-05-30;0;0;0;0;0;0;0;0;0;0;0;0;0;0;0;0;0;0
FR;10;2021-05-31;0;0;0;0;0;0;0;0;0;0;0;0;0;0;0;0;0;0
FR;10;2021-06-01;0;0;0;0;0;0;0;0;0;0;0;0;0;0;0;0;0;0
FR;10;2021-06-02;0;0;0;0;0;0;0;0;0;0;0;0;0;0;0;0;0;0
FR;10;2021-06-03;0;0;0;0;0;0;0;0;0;0;0;0;0;0;0;0;0;0
FR;10;2021-06-04;0;0;0;0;0;0;0;0;0;0;0;0;0;0;0;0;0;0
FR;10;2021-06-05;0;0;0;0;0;0;0;0;0;0;0;0;0;0;0;0;0;0
FR;10;2021-06-06;0;0;0;0;0;0;0;0;0;0;0;0;0;0;0;0;0;0
FR;10;2021-06-07;0;0;0;0;0;0;0;0;0;0;0;0;0;0;0;0;0;0
FR;10;2021-06-08;0;0;0;0;0;0;0;0;0;0;0;0;0;0;0;0;0;0
FR;10;2021-06-09;0;0;0;0;0;0;0;0;0;0;0;0;0;0;0;0;0;0
FR;10;2021-06-10;0;0;0;0;0;0;0;0;0;0;0;0;0;0;0;0;0;0
FR;10;2021-06-11;0;0;0;0;0;0;0;0;0;0;0;0;0;0;0;0;0;0
FR;10;2021-06-12;0;0;0;0;0;0;0;0;0;0;0;0;0;0;0;0;0;0
FR;10;2021-06-13;0;0;0;0;0;0;0;0;0;0;0;0;0;0;0;0;0;0
FR;10;2021-06-14;0;0;0;0;0;0;0;0;0;0;0;0;0;0;0;0;0;0
FR;10;2021-06-15;0;0;0;0;0;0;0;0;0;0;0;0;0;0;0;0;0;0
FR;10;2021-06-16;0;0;0;0;0;0;0;0;0;0;0;0;0;0;0;0;0;0
FR;10;2021-06-17;0;0;0;0;0;0;0;0;0;0;0;0;0;0;0;0;0;0
FR;10;2021-06-18;0;0;0;0;0;0;0;0;0;0;0;0;0;0;0;0;0;0
FR;10;2021-06-19;0;0;0;0;0;0;0;0;0;0;0;0;0;0;0;0;0;0
FR;10;2021-06-20;0;0;0;0;0;0;0;0;0;0;0;0;0;0;0;0;0;0
FR;10;2021-06-21;0;0;0;0;0;0;0;0;0;0;0;0;0;0;0;0;0;0
FR;10;2021-06-22;0;0;0;0;0;0;0;0;0;0;0;0;0;0;0;0;0;0
FR;10;2021-06-23;0;0;0;0;0;0;0;0;0;0;0;0;0;0;0;0;0;0
FR;10;2021-06-24;0;0;0;0;0;0;0;0;0;0;0;0;0;0;0;0;0;0
FR;10;2021-06-25;0;0;0;0;0;0;0;0;0;0;0;0;0;0;0;0;0;0
FR;10;2021-06-26;0;0;0;0;0;0;0;0;0;0;0;0;0;0;0;0;0;0
FR;10;2021-06-27;0;0;0;0;0;0;0;0;0;0;0;0;0;0;0;0;0;0
FR;10;2021-06-28;0;0;0;0;0;0;0;0;0;0;0;0;0;0;0;0;0;0
FR;10;2021-06-29;0;0;0;0;0;0;0;0;0;0;0;0;0;0;0;0;0;0
FR;10;2021-06-30;0;0;0;0;0;0;0;0;0;0;0;0;0;0;0;0;0;0
FR;10;2021-07-01;0;0;0;0;0;0;0;0;0;0;0;0;0;0;0;0;0;0
FR;10;2021-07-02;0;0;0;0;0;0;0;0;0;0;0;0;0;0;0;0;0;0
FR;10;2021-07-03;0;0;0;0;0;0;0;0;0;0;0;0;0;0;0;0;0;0
FR;10;2021-07-04;0;0;0;0;0;0;0;0;0;0;0;0;0;0;0;0;0;0
FR;10;2021-07-05;0;0;0;0;0;0;0;0;0;0;0;0;0;0;0;0;0;0
FR;10;2021-07-06;0;0;0;0;0;0;0;0;0;0;0;0;0;0;0;0;0;0
FR;10;2021-07-07;0;0;0;0;0;0;0;0;0;0;0;0;0;0;0;0;0;0
FR;10;2021-07-08;0;0;0;0;0;0;0;0;0;0;0;0;0;0;0;0;0;0
FR;10;2021-07-09;0;0;0;0;0;0;0;0;0;0;0;0;0;0;0;0;0;0
FR;10;2021-07-10;0;0;0;0;0;0;0;0;0;0;0;0;0;0;0;0;0;0
FR;10;2021-07-11;0;0;0;0;0;0;0;0;0;0;0;0;0;0;0;0;0;0
FR;10;2021-07-12;0;0;0;0;0;0;0;0;0;0;0;0;0;0;0;0;0;0
FR;10;2021-07-13;0;0;0;0;0;0;0;0;0;0;0;0;0;0;0;0;0;0
FR;10;2021-07-14;0;0;0;0;0;0;0;0;0;0;0;0;0;0;0;0;0;0
FR;10;2021-07-15;0;0;0;0;0;0;0;0;0;0;0;0;0;0;0;0;0;0
FR;10;2021-07-16;0;0;0;0;0;0;0;0;0;0;0;0;0;0;0;0;0;0
FR;10;2021-07-17;0;0;0;0;0;0;0;0;0;0;0;0;0;0;0;0;0;0
FR;10;2021-07-18;0;0;0;0;0;0;0;0;0;0;0;0;0;0;0;0;0;0
FR;10;2021-07-19;0;0;0;0;0;0;0;0;0;0;0;0;0;0;0;0;0;0
FR;10;2021-07-20;0;0;0;0;0;0;0;0;0;0;0;0;0;0;0;0;0;0
FR;10;2021-07-21;0;0;0;0;0;0;0;0;0;0;0;0;0;0;0;0;0;0
FR;10;2021-07-22;0;0;0;0;0;0;0;0;0;0;0;0;0;0;0;0;0;0
FR;10;2021-07-23;0;0;0;0;0;0;0;0;0;0;0;0;0;0;0;0;0;0
FR;10;2021-07-24;0;0;0;0;0;0;0;0;0;0;0;0;0;0;0;0;0;0
FR;10;2021-07-25;0;0;0;0;0;0;0;0;0;0;0;0;0;0;0;0;0;0
FR;10;2021-07-26;0;0;0;0;0;0;0;0;0;0;0;0;0;0;0;0;0;0
FR;10;2021-07-27;0;0;0;0;0;0;0;0;0;0;0;0;0;0;0;0;0;0
FR;10;2021-07-28;0;0;0;0;0;0;0;0;0;0;0;0;0;0;0;0;0;0
FR;10;2021-07-29;0;0;0;0;0;0;0;0;0;0;0;0;0;0;0;0;0;0
FR;10;2021-07-30;0;0;0;0;0;0;0;0;0;0;0;0;0;0;0;0;0;0
FR;10;2021-07-31;0;0;0;0;0;0;0;0;0;0;0;0;0;0;0;0;0;0
FR;10;2021-08-01;0;0;0;0;0;0;0;0;0;0;0;0;0;0;0;0;0;0
FR;10;2021-08-02;0;0;0;0;0;0;0;0;0;0;0;0;0;0;0;0;0;0
FR;10;2021-08-03;0;0;0;0;0;0;0;0;0;0;0;0;0;0;0;0;0;0
FR;10;2021-08-04;0;0;0;0;0;0;0;0;0;0;0;0;0;0;0;0;0;0
FR;10;2021-08-05;0;0;0;0;0;0;0;0;0;0;0;0;0;0;0;0;0;0
FR;10;2021-08-06;0;0;0;0;0;0;0;0;0;0;0;0;0;0;0;0;0;0
FR;10;2021-08-07;0;0;0;0;0;0;0;0;0;0;0;0;0;0;0;0;0;0
FR;10;2021-08-08;0;0;0;0;0;0;0;0;0;0;0;0;0;0;0;0;0;0
FR;10;2021-08-09;0;0;0;0;0;0;0;0;0;0;0;0;0;0;0;0;0;0
FR;10;2021-08-10;0;0;0;0;0;0;0;0;0;0;0;0;0;0;0;0;0;0
FR;10;2021-08-11;0;0;0;0;0;0;0;0;0;0;0;0;0;0;0;0;0;0
FR;10;2021-08-12;0;0;0;0;0;0;0;0;0;0;0;0;0;0;0;0;0;0
FR;10;2021-08-13;0;0;0;0;0;0;0;0;0;0;0;0;0;0;0;0;0;0
FR;10;2021-08-14;0;0;0;0;0;0;0;0;0;0;0;0;0;0;0;0;0;0
FR;10;2021-08-15;0;0;0;0;0;0;0;0;0;0;0;0;0;0;0;0;0;0
FR;10;2021-08-16;0;0;0;0;0;0;0;0;0;0;0;0;0;0;0;0;0;0
FR;10;2021-08-17;0;0;0;0;0;0;0;0;0;0;0;0;0;0;0;0;0;0
FR;10;2021-08-18;0;0;0;0;0;0;0;0;0;0;0;0;0;0;0;0;0;0
FR;10;2021-08-19;0;0;0;0;0;0;0;0;0;0;0;0;0;0;0;0;0;0
FR;10;2021-08-20;0;0;0;0;0;0;0;0;0;0;0;0;0;0;0;0;0;0
FR;10;2021-08-21;0;0;0;0;0;0;0;0;0;0;0;0;0;0;0;0;0;0
FR;10;2021-08-22;0;0;0;0;0;0;0;0;0;0;0;0;0;0;0;0;0;0
FR;10;2021-08-23;0;0;0;0;0;0;0;0;0;0;0;0;0;0;0;0;0;0
FR;10;2021-08-24;0;0;0;0;0;0;0;0;0;0;0;0;0;0;0;0;0;0
FR;10;2021-08-25;0;0;0;0;0;0;0;0;0;0;0;0;0;0;0;0;0;0
FR;10;2021-08-26;0;0;0;0;0;0;0;0;0;0;0;0;0;0;0;0;0;0
FR;10;2021-08-27;0;0;0;0;0;0;0;0;0;0;0;0;0;0;0;0;0;0
FR;10;2021-08-28;0;0;0;0;0;0;0;0;0;0;0;0;0;0;0;0;0;0
FR;10;2021-08-29;0;0;0;0;0;0;0;0;0;0;0;0;0;0;0;0;0;0
FR;10;2021-08-30;0;0;0;0;0;0;0;0;0;0;0;0;0;0;0;0;0;0
FR;10;2021-08-31;0;0;0;0;0;0;0;0;0;0;0;0;0;0;0;0;0;0
FR;10;2021-09-01;0;0;0;0;0;0;0;0;0;0;0;0;0;0;0;0;0;0
FR;10;2021-09-02;0;0;0;0;0;0;0;0;0;0;0;0;0;0;0;0;0;0
FR;10;2021-09-03;0;0;0;0;0;0;0;0;0;0;0;0;0;0;0;0;0;0
FR;10;2021-09-04;0;0;0;0;0;0;0;0;0;0;0;0;0;0;0;0;0;0
FR;10;2021-09-05;0;0;0;0;0;0;0;0;0;0;0;0;0;0;0;0;0;0
FR;10;2021-09-06;0;0;0;0;0;0;0;0;0;0;0;0;0;0;0;0;0;0
FR;10;2021-09-07;0;0;0;0;0;0;0;0;0;0;0;0;0;0;0;0;0;0
FR;10;2021-09-08;0;0;0;0;0;0;0;0;0;0;0;0;0;0;0;0;0;0
FR;10;2021-09-09;0;0;0;0;0;0;0;0;0;0;0;0;0;0;0;0;0;0
FR;10;2021-09-10;0;0;0;0;0;0;0;0;0;0;0;0;0;0;0;0;0;0
FR;10;2021-09-11;0;0;0;0;0;0;0;0;0;0;0;0;0;0;0;0;0;0
FR;10;2021-09-12;0;0;0;0;0;0;0;0;0;0;0;0;0;0;0;0;0;0
FR;10;2021-09-13;0;0;0;0;0;0;0;0;0;0;0;0;0;0;0;0;0;0
FR;10;2021-09-14;0;0;0;0;0;0;0;0;0;0;0;0;0;0;0;0;0;0
FR;10;2021-09-15;0;0;0;0;0;0;0;0;0;0;0;0;0;0;0;0;0;0
FR;10;2021-09-16;0;0;0;0;0;0;0;0;0;0;0;0;0;0;0;0;0;0
FR;10;2021-09-17;0;0;0;0;0;0;0;0;0;0;0;0;0;0;0;0;0;0
FR;10;2021-09-18;0;0;0;0;0;0;0;0;0;0;0;0;0;0;0;0;0;0
FR;10;2021-09-19;0;0;0;0;0;0;0;0;0;0;0;0;0;0;0;0;0;0
FR;10;2021-09-20;0;0;0;0;0;0;0;0;0;0;0;0;0;0;0;0;0;0
FR;10;2021-09-21;0;0;0;0;0;0;0;0;0;0;0;0;0;0;0;0;0;0
FR;10;2021-09-22;0;0;0;0;0;0;0;0;0;0;0;0;0;0;0;0;0;0
FR;10;2021-09-23;0;0;0;0;0;0;0;0;0;0;0;0;0;0;0;0;0;0
FR;10;2021-09-24;0;0;0;0;0;0;0;0;0;0;0;0;0;0;0;0;0;0
FR;10;2021-09-25;0;0;0;0;0;0;0;0;0;0;0;0;0;0;0;0;0;0
FR;10;2021-09-26;0;0;0;0;0;0;0;0;0;0;0;0;0;0;0;0;0;0
FR;10;2021-09-27;0;0;0;0;0;0;0;0;0;0;0;0;0;0;0;0;0;0
FR;10;2021-09-28;0;0;0;0;0;0;0;0;0;0;0;0;0;0;0;0;0;0
FR;10;2021-09-29;0;0;0;0;0;0;0;0;0;0;0;0;0;0;0;0;0;0
FR;10;2021-09-30;0;0;0;0;0;0;0;0;0;0;0;0;0;0;0;0;0;0
FR;10;2021-10-01;0;0;0;0;0;0;0;0;0;0;0;0;0;0;0;0;0;0
FR;10;2021-10-02;0;0;0;0;0;0;0;0;0;0;0;0;0;0;0;0;0;0
FR;10;2021-10-03;0;0;0;0;0;0;0;0;0;0;0;0;0;0;0;0;0;0
FR;10;2021-10-04;0;0;0;0;0;0;0;0;0;0;0;0;0;0;0;0;0;0
FR;10;2021-10-05;0;0;0;0;0;0;0;0;0;0;0;0;0;0;0;0;0;0
FR;10;2021-10-06;0;0;0;0;0;0;0;0;0;0;0;0;0;0;0;0;0;0
FR;10;2021-10-07;0;0;0;0;0;0;0;0;0;0;0;0;0;0;0;0;0;0
FR;10;2021-10-08;0;0;0;0;0;0;0;0;0;0;0;0;0;0;0;0;0;0
FR;10;2021-10-09;0;0;0;0;0;0;0;0;0;0;0;0;0;0;0;0;0;0
FR;10;2021-10-10;0;0;0;0;0;0;0;0;0;0;0;0;0;0;0;0;0;0
FR;10;2021-10-11;0;0;0;0;0;0;0;0;0;0;0;0;0;0;0;0;0;0
FR;10;2021-10-12;0;0;0;0;0;0;0;0;0;0;0;0;0;0;0;0;0;0
FR;10;2021-10-13;0;0;0;0;0;0;0;0;0;0;0;0;0;0;0;0;0;0
FR;10;2021-10-14;0;0;0;0;0;0;0;0;0;0;0;0;0;0;0;0;0;0
FR;10;2021-10-15;0;0;0;0;0;0;0;0;0;0;0;0;0;0;0;0;0;0
FR;10;2021-10-16;0;0;0;0;0;0;0;0;0;0;0;0;0;0;0;0;0;0
FR;10;2021-10-17;0;0;0;0;0;0;0;0;0;0;0;0;0;0;0;0;0;0
FR;10;2021-10-18;0;0;0;0;0;0;0;0;0;0;0;0;0;0;0;0;0;0
FR;10;2021-10-19;0;0;0;0;0;0;0;0;0;0;0;0;0;0;0;0;0;0
FR;10;2021-10-20;0;0;0;0;0;0;0;0;0;0;0;0;0;0;0;0;0;0
FR;10;2021-10-21;0;0;0;0;0;0;0;0;0;0;0;0;0;0;0;0;0;0
FR;10;2021-10-22;0;0;0;0;0;0;0;0;0;0;0;0;0;0;0;0;0;0
FR;10;2021-10-23;0;0;0;0;0;0;0;0;0;0;0;0;0;0;0;0;0;0
FR;10;2021-10-24;0;0;0;0;0;0;0;0;0;0;0;0;0;0;0;0;0;0
FR;10;2021-10-25;0;0;0;0;0;0;0;0;0;0;0;0;0;0;0;0;0;0
FR;10;2021-10-26;0;0;0;0;0;0;0;0;0;0;0;0;0;0;0;0;0;0
FR;10;2021-10-27;0;0;0;0;0;0;0;0;0;0;0;0;0;0;0;0;0;0
FR;10;2021-10-28;0;0;0;0;0;0;0;0;0;0;0;0;0;0;0;0;0;0
FR;10;2021-10-29;0;0;0;0;0;0;0;0;0;0;0;0;0;0;0;0;0;0
FR;10;2021-10-30;0;0;0;0;0;0;0;0;0;0;0;0;0;0;0;0;0;0
FR;10;2021-10-31;0;0;0;0;0;0;0;0;0;0;0;0;0;0;0;0;0;0
FR;10;2021-11-01;0;0;0;0;0;0;0;0;0;0;0;0;0;0;0;0;0;0
FR;10;2021-11-02;0;0;0;0;0;0;0;0;0;0;0;0;0;0;0;0;0;0
FR;10;2021-11-03;0;0;0;0;0;0;0;0;0;0;0;0;0;0;0;0;0;0
FR;10;2021-11-04;0;0;0;0;0;0;0;0;0;0;0;0;0;0;0;0;0;0
FR;10;2021-11-05;0;0;0;0;0;0;0;0;0;0;0;0;0;0;0;0;0;0
FR;10;2021-11-06;0;0;0;0;0;0;0;0;0;0;0;0;0;0;0;0;0;0
FR;10;2021-11-07;0;0;0;0;0;0;0;0;0;0;0;0;0;0;0;0;0;0
FR;10;2021-11-08;0;0;0;0;0;0;0;0;0;0;0;0;0;0;0;0;0;0
FR;10;2021-11-09;0;0;0;0;0;0;0;0;0;0;0;0;0;0;0;0;0;0
FR;10;2021-11-10;0;0;0;0;0;0;0;0;0;0;0;0;0;0;0;0;0;0
FR;10;2021-11-11;0;0;0;0;0;0;0;0;0;0;0;0;0;0;0;0;0;0
FR;10;2021-11-12;0;0;0;0;0;0;0;0;0;0;0;0;0;0;0;0;0;0
FR;10;2021-11-13;0;0;0;0;0;0;0;0;0;0;0;0;0;0;0;0;0;0
FR;10;2021-11-14;0;0;0;0;0;0;0;0;0;0;0;0;0;0;0;0;0;0
FR;10;2021-11-15;0;0;0;0;0;0;0;0;0;0;0;0;0;0;0;0;0;0
FR;10;2021-11-16;0;0;0;0;0;0;0;0;0;0;0;0;0;0;0;0;0;0
FR;10;2021-11-17;0;0;0;0;0;0;0;0;0;0;0;0;0;0;0;0;0;0
FR;10;2021-11-18;0;0;0;0;0;0;0;0;0;0;0;0;0;0;0;0;0;0
FR;10;2021-11-19;0;0;0;0;0;0;0;0;0;0;0;0;0;0;0;0;0;0
FR;10;2021-11-20;0;0;0;0;0;0;0;0;0;0;0;0;0;0;0;0;0;0
FR;10;2021-11-21;0;0;0;0;0;0;0;0;0;0;0;0;0;0;0;0;0;0
FR;10;2021-11-22;0;0;0;0;0;0;0;0;0;0;0;0;0;0;0;0;0;0
FR;10;2021-11-23;0;0;0;0;0;0;0;0;0;0;0;0;0;0;0;0;0;0
FR;10;2021-11-24;0;0;0;0;0;0;0;0;0;0;0;0;0;0;0;0;0;0
FR;10;2021-11-25;0;0;0;0;0;0;0;0;0;0;0;0;0;0;0;0;0;0
FR;10;2021-11-26;0;0;0;0;0;0;0;0;0;0;0;0;0;0;0;0;0;0
FR;10;2021-11-27;0;0;0;0;0;0;0;0;0;0;0;0;0;0;0;0;0;0
FR;10;2021-11-28;0;0;0;0;0;0;0;0;0;0;0;0;0;0;0;0;0;0
FR;10;2021-11-29;0;0;0;0;0;0;0;0;0;0;0;0;0;0;0;0;0;0
FR;10;2021-11-30;0;0;0;0;0;0;0;0;0;0;0;0;0;0;0;0;0;0
FR;10;2021-12-01;0;0;0;0;0;0;0;0;0;0;0;0;0;0;0;0;0;0
FR;10;2021-12-02;0;0;0;0;0;0;0;0;0;0;0;0;0;0;0;0;0;0
FR;10;2021-12-03;0;0;0;0;0;0;0;0;0;0;0;0;0;0;0;0;0;0
FR;10;2021-12-04;0;0;0;0;0;0;0;0;0;0;0;0;0;0;0;0;0;0
FR;10;2021-12-05;0;0;0;0;0;0;0;0;0;0;0;0;0;0;0;0;0;0
FR;10;2021-12-06;0;0;0;0;0;0;0;0;0;0;0;0;0;0;0;0;0;0
FR;10;2021-12-07;0;0;0;0;0;0;0;0;0;0;0;0;0;0;0;0;0;0
FR;10;2021-12-08;0;0;0;0;0;0;0;0;0;0;0;0;0;0;0;0;0;0
FR;10;2021-12-09;0;0;0;0;0;0;0;0;0;0;0;0;0;0;0;0;0;0
FR;10;2021-12-10;0;0;0;0;0;0;0;0;0;0;0;0;0;0;0;0;0;0
FR;10;2021-12-11;0;0;0;0;0;0;0;0;0;0;0;0;0;0;0;0;0;0
FR;10;2021-12-12;0;0;0;0;0;0;0;0;0;0;0;0;0;0;0;0;0;0
FR;10;2021-12-13;0;0;0;0;0;0;0;0;0;0;0;0;0;0;0;0;0;0
FR;10;2021-12-14;0;0;0;0;0;0;0;0;0;0;0;0;0;0;0;0;0;0
FR;10;2021-12-15;0;0;0;0;0;0;0;0;0;0;0;0;0;0;0;0;0;0
FR;10;2021-12-16;0;0;0;0;0;0;0;0;0;0;0;0;0;0;0;0;0;0
FR;10;2021-12-17;0;0;0;0;0;0;0;0;0;0;0;0;0;0;0;0;0;0
FR;10;2021-12-18;0;0;0;0;0;0;0;0;0;0;0;0;0;0;0;0;0;0
FR;10;2021-12-19;0;0;0;0;0;0;0;0;0;0;0;0;0;0;0;0;0;0
FR;10;2021-12-20;0;0;0;0;0;0;0;0;0;0;0;0;0;0;0;0;0;0
FR;10;2021-12-21;0;0;0;0;0;0;0;0;0;0;0;0;0;0;0;0;0;0
FR;10;2021-12-22;0;0;0;0;0;0;0;0;0;0;0;0;0;0;0;0;0;0
FR;10;2021-12-23;0;0;0;0;0;0;0;0;0;0;0;0;0;0;0;0;0;0
FR;10;2021-12-24;0;0;0;0;0;0;0;0;0;0;0;0;0;0;0;0;0;0
FR;10;2021-12-25;0;0;0;0;0;0;0;0;0;0;0;0;0;0;0;0;0;0
FR;10;2021-12-26;0;0;0;0;0;0;0;0;0;0;0;0;0;0;0;0;0;0
FR;10;2021-12-27;0;0;0;0;0;0;0;0;0;0;0;0;0;0;0;0;0;0
FR;10;2021-12-28;0;0;0;0;0;0;0;0;0;0;0;0;0;0;0;0;0;0
FR;10;2021-12-29;0;0;0;0;0;0;0;0;0;0;0;0;0;0;0;0;0;0
FR;10;2021-12-30;0;0;0;0;0;0;0;0;0;0;0;0;0;0;0;0;0;0
FR;10;2021-12-31;0;0;0;0;0;0;0;0;0;0;0;0;0;0;0;0;0;0
FR;10;2022-01-01;0;0;0;0;0;0;0;0;0;0;0;0;0;0;0;0;0;0
FR;10;2022-01-02;0;0;0;0;0;0;0;0;0;0;0;0;0;0;0;0;0;0
FR;10;2022-01-03;0;0;0;0;0;0;0;0;0;0;0;0;0;0;0;0;0;0
FR;10;2022-01-04;0;0;0;0;0;0;0;0;0;0;0;0;0;0;0;0;0;0
FR;10;2022-01-05;0;0;0;0;0;0;0;0;0;0;0;0;0;0;0;0;0;0
FR;10;2022-01-06;0;0;0;0;0;0;0;0;0;0;0;0;0;0;0;0;0;0
FR;10;2022-01-07;0;0;0;0;0;0;0;0;0;0;0;0;0;0;0;0;0;0
FR;10;2022-01-08;0;0;0;0;0;0;0;0;0;0;0;0;0;0;0;0;0;0
FR;10;2022-01-09;0;0;0;0;0;0;0;0;0;0;0;0;0;0;0;0;0;0
FR;10;2022-01-10;0;0;0;0;0;0;0;0;0;0;0;0;0;0;0;0;0;0
FR;10;2022-01-11;0;0;0;0;0;0;0;0;0;0;0;0;0;0;0;0;0;0
FR;10;2022-01-12;0;0;0;0;0;0;0;0;0;0;0;0;0;0;0;0;0;0
FR;10;2022-01-13;0;0;0;0;0;0;0;0;0;0;0;0;0;0;0;0;0;0
FR;10;2022-01-14;0;0;0;0;0;0;0;0;0;0;0;0;0;0;0;0;0;0
FR;10;2022-01-15;0;0;0;0;0;0;0;0;0;0;0;0;0;0;0;0;0;0
FR;10;2022-01-16;0;0;0;0;0;0;0;0;0;0;0;0;0;0;0;0;0;0
FR;10;2022-01-17;0;0;0;0;0;0;0;0;0;0;0;0;0;0;0;0;0;0
FR;10;2022-01-18;0;0;0;0;0;0;0;0;0;0;0;0;0;0;0;0;0;0
FR;10;2022-01-19;0;0;0;0;0;0;0;0;0;0;0;0;0;0;0;0;0;0
FR;10;2022-01-20;0;0;0;0;0;0;0;0;0;0;0;0;0;0;0;0;0;0
FR;10;2022-01-21;0;0;0;0;0;0;0;0;0;0;0;0;0;0;0;0;0;0
FR;10;2022-01-22;0;0;0;0;0;0;0;0;0;0;0;0;0;0;0;0;0;0
FR;10;2022-01-23;0;0;0;0;0;0;0;0;0;0;0;0;0;0;0;0;0;0
FR;10;2022-01-24;0;0;0;0;0;0;0;0;0;0;0;0;0;0;0;0;0;0
FR;10;2022-01-25;0;0;0;0;0;0;0;0;0;0;0;0;0;0;0;0;0;0
FR;10;2022-01-26;0;0;0;0;0;0;0;0;0;0;0;0;0;0;0;0;0;0
FR;10;2022-01-27;0;0;0;0;0;0;0;0;0;0;0;0;0;0;0;0;0;0
FR;10;2022-01-28;0;0;0;0;0;0;0;0;0;0;0;0;0;0;0;0;0;0
FR;10;2022-01-29;0;0;0;0;0;0;0;0;0;0;0;0;0;0;0;0;0;0
FR;10;2022-01-30;0;0;0;0;0;0;0;0;0;0;0;0;0;0;0;0;0;0
FR;10;2022-01-31;0;0;0;0;0;0;0;0;0;0;0;0;0;0;0;0;0;0
FR;10;2022-02-01;0;0;0;0;0;0;0;0;0;0;0;0;0;0;0;0;0;0
FR;10;2022-02-02;0;0;0;0;0;0;0;0;0;0;0;0;0;0;0;0;0;0
FR;10;2022-02-03;0;0;0;0;0;0;0;0;0;0;0;0;0;0;0;0;0;0
FR;10;2022-02-04;0;0;0;0;0;0;0;0;0;0;0;0;0;0;0;0;0;0
FR;10;2022-02-05;0;0;0;0;0;0;0;0;0;0;0;0;0;0;0;0;0;0
FR;10;2022-02-06;0;0;0;0;0;0;0;0;0;0;0;0;0;0;0;0;0;0
FR;10;2022-02-07;0;0;0;0;0;0;0;0;0;0;0;0;0;0;0;0;0;0
FR;10;2022-02-08;0;0;0;0;0;0;0;0;0;0;0;0;0;0;0;0;0;0
FR;10;2022-02-09;0;0;0;0;0;0;0;0;0;0;0;0;0;0;0;0;0;0
FR;10;2022-02-10;0;0;0;0;0;0;0;0;0;0;0;0;0;0;0;0;0;0
FR;10;2022-02-11;0;0;0;0;0;0;0;0;0;0;0;0;0;0;0;0;0;0
FR;10;2022-02-12;0;0;0;0;0;0;0;0;0;0;0;0;0;0;0;0;0;0
FR;10;2022-02-13;0;0;0;0;0;0;0;0;0;0;0;0;0;0;0;0;0;0
FR;10;2022-02-14;0;0;0;0;0;0;0;0;0;0;0;0;0;0;0;0;0;0
FR;10;2022-02-15;0;0;0;0;0;0;0;0;0;0;0;0;0;0;0;0;0;0
FR;10;2022-02-16;0;0;0;0;0;0;0;0;0;0;0;0;0;0;0;0;0;0
FR;10;2022-02-17;0;0;0;0;0;0;0;0;0;0;0;0;0;0;0;0;0;0
FR;10;2022-02-18;0;0;0;0;0;0;0;0;0;0;0;0;0;0;0;0;0;0
FR;10;2022-02-19;0;0;0;0;0;0;0;0;0;0;0;0;0;0;0;0;0;0
FR;10;2022-02-20;0;0;0;0;0;0;0;0;0;0;0;0;0;0;0;0;0;0
FR;10;2022-02-21;0;0;0;0;0;0;0;0;0;0;0;0;0;0;0;0;0;0
FR;10;2022-02-22;0;0;0;0;0;0;0;0;0;0;0;0;0;0;0;0;0;0
FR;10;2022-02-23;0;0;0;0;0;0;0;0;0;0;0;0;0;0;0;0;0;0
FR;10;2022-02-24;0;0;0;0;0;0;0;0;0;0;0;0;0;0;0;0;0;0
FR;10;2022-02-25;0;0;0;0;0;0;0;0;0;0;0;0;0;0;0;0;0;0
FR;10;2022-02-26;0;0;0;0;0;0;0;0;0;0;0;0;0;0;0;0;0;0
FR;10;2022-02-27;0;0;0;0;0;0;0;0;0;0;0;0;0;0;0;0;0;0
FR;10;2022-02-28;0;0;0;0;0;0;0;0;0;0;0;0;0;0;0;0;0;0
FR;10;2022-03-01;0;0;0;0;0;0;0;0;0;0;0;0;0;0;0;0;0;0
FR;10;2022-03-02;0;0;0;0;0;0;0;0;0;0;0;0;0;0;0;0;0;0
FR;10;2022-03-03;0;0;0;0;0;0;0;0;0;0;0;0;0;0;0;0;0;0
FR;10;2022-03-04;0;0;0;0;0;0;0;0;0;0;0;0;0;0;0;0;0;0
FR;10;2022-03-05;0;0;0;0;0;0;0;0;0;0;0;0;0;0;0;0;0;0
FR;10;2022-03-06;0;0;0;0;0;0;0;0;0;0;0;0;0;0;0;0;0;0
FR;10;2022-03-07;0;0;0;0;0;0;0;0;0;0;0;0;0;0;0;0;0;0
FR;10;2022-03-08;0;0;0;0;0;0;0;0;0;0;0;0;0;0;0;0;0;0
FR;10;2022-03-09;0;0;0;0;0;0;0;0;0;0;0;0;0;0;0;0;0;0
FR;10;2022-03-10;0;0;0;0;0;0;0;0;0;0;0;0;0;0;0;0;0;0
FR;10;2022-03-11;0;0;0;0;0;0;0;0;0;0;0;0;0;0;0;0;0;0
FR;10;2022-03-12;0;0;0;0;0;0;0;0;0;0;0;0;0;0;0;0;0;0
FR;10;2022-03-13;0;0;0;0;0;0;0;0;0;0;0;0;0;0;0;0;0;0
FR;10;2022-03-14;0;0;0;0;0;0;0;0;0;0;0;0;0;0;0;0;0;0
FR;10;2022-03-15;0;0;0;0;0;0;0;0;0;0;0;0;0;0;0;0;0;0
FR;10;2022-03-16;0;0;0;0;0;0;0;0;0;0;0;0;0;0;0;0;0;0
FR;10;2022-03-17;0;0;0;0;0;0;0;0;0;0;0;0;0;0;0;0;0;0
FR;10;2022-03-18;0;0;0;0;0;0;0;0;0;0;0;0;0;0;0;0;0;0
FR;10;2022-03-19;0;0;0;0;0;0;0;0;0;0;0;0;0;0;0;0;0;0
FR;10;2022-03-20;0;0;0;0;0;0;0;0;0;0;0;0;0;0;0;0;0;0
FR;10;2022-03-21;0;0;0;0;0;0;0;0;0;0;0;0;0;0;0;0;0;0
FR;10;2022-03-22;0;0;0;0;0;0;0;0;0;0;0;0;0;0;0;0;0;0
FR;10;2022-03-23;0;0;0;0;0;0;0;0;0;0;0;0;0;0;0;0;0;0
FR;10;2022-03-24;0;0;0;0;0;0;0;0;0;0;0;0;0;0;0;0;0;0
FR;10;2022-03-25;0;0;0;0;0;0;0;0;0;0;0;0;0;0;0;0;0;0
FR;10;2022-03-26;0;0;0;0;0;0;0;0;0;0;0;0;0;0;0;0;0;0
FR;10;2022-03-27;0;0;0;0;0;0;0;0;0;0;0;0;0;0;0;0;0;0
FR;10;2022-03-28;0;0;0;0;0;0;0;0;0;0;0;0;0;0;0;0;0;0
FR;10;2022-03-29;0;0;0;0;0;0;0;0;0;0;0;0;0;0;0;0;0;0
FR;10;2022-03-30;0;0;0;0;0;0;0;0;0;0;0;0;0;0;0;0;0;0
FR;10;2022-03-31;0;0;0;0;0;0;0;0;0;0;0;0;0;0;0;0;0;0
FR;10;2022-04-01;0;0;0;0;0;0;0;0;0;0;0;0;0;0;0;0;0;0
FR;10;2022-04-02;0;0;0;0;0;0;0;0;0;0;0;0;0;0;0;0;0;0
FR;10;2022-04-03;0;0;0;0;0;0;0;0;0;0;0;0;0;0;0;0;0;0
FR;10;2022-04-04;0;0;0;0;0;0;0;0;0;0;0;0;0;0;0;0;0;0
FR;10;2022-04-05;0;0;0;0;0;0;0;0;0;0;0;0;0;0;0;0;0;0
FR;10;2022-04-06;0;0;0;0;0;0;0;0;0;0;0;0;0;0;0;0;0;0
FR;10;2022-04-07;0;0;0;0;0;0;0;0;0;0;0;0;0;0;0;0;0;0
FR;10;2022-04-08;0;0;0;0;0;0;0;0;0;0;0;0;0;0;0;0;0;0
FR;10;2022-04-09;0;0;0;0;0;0;0;0;0;0;0;0;0;0;0;0;0;0
FR;10;2022-04-10;0;0;0;0;0;0;0;0;0;0;0;0;0;0;0;0;0;0
FR;10;2022-04-11;0;0;0;0;0;0;0;0;0;0;0;0;0;0;0;0;0;0
FR;10;2022-04-12;0;0;0;0;0;0;0;0;0;0;0;0;0;0;0;0;0;0
FR;10;2022-04-13;0;0;0;0;0;0;0;0;0;0;0;0;0;0;0;0;0;0
FR;10;2022-04-14;0;0;0;0;0;0;0;0;0;0;0;0;0;0;0;0;0;0
FR;10;2022-04-15;0;0;0;0;0;0;0;0;0;0;0;0;0;0;0;0;0;0
FR;10;2022-04-16;0;0;0;0;0;0;0;0;0;0;0;0;0;0;0;0;0;0
FR;10;2022-04-17;0;0;0;0;0;0;0;0;0;0;0;0;0;0;0;0;0;0
FR;10;2022-04-18;0;0;0;0;0;0;0;0;0;0;0;0;0;0;0;0;0;0
FR;10;2022-04-19;0;0;0;0;0;0;0;0;0;0;0;0;0;0;0;0;0;0
FR;10;2022-04-20;0;0;0;0;0;0;0;0;0;0;0;0;0;0;0;0;0;0
FR;10;2022-04-21;0;0;0;0;0;0;0;0;0;0;0;0;0;0;0;0;0;0
FR;10;2022-04-22;0;0;0;0;0;0;0;0;0;0;0;0;0;0;0;0;0;0
FR;10;2022-04-23;0;0;0;0;0;0;0;0;0;0;0;0;0;0;0;0;0;0
FR;10;2022-04-24;0;0;0;0;0;0;0;0;0;0;0;0;0;0;0;0;0;0
FR;10;2022-04-25;0;0;0;0;0;0;0;0;0;0;0;0;0;0;0;0;0;0
FR;10;2022-04-26;0;0;0;0;0;0;0;0;0;0;0;0;0;0;0;0;0;0
FR;10;2022-04-27;0;0;0;0;0;0;0;0;0;0;0;0;0;0;0;0;0;0
FR;10;2022-04-28;0;0;0;0;0;0;0;0;0;0;0;0;0;0;0;0;0;0
FR;10;2022-04-29;0;0;0;0;0;0;0;0;0;0;0;0;0;0;0;0;0;0
FR;10;2022-04-30;0;0;0;0;0;0;0;0;0;0;0;0;0;0;0;0;0;0
FR;10;2022-05-01;0;0;0;0;0;0;0;0;0;0;0;0;0;0;0;0;0;0
FR;10;2022-05-02;0;0;0;0;0;0;0;0;0;0;0;0;0;0;0;0;0;0
FR;10;2022-05-03;0;0;0;0;0;0;0;0;0;0;0;0;0;0;0;0;0;0
FR;10;2022-05-04;0;0;0;0;0;0;0;0;0;0;0;0;0;0;0;0;0;0
FR;10;2022-05-05;0;0;0;0;0;0;0;0;0;0;0;0;0;0;0;0;0;0
FR;10;2022-05-06;0;0;0;0;0;0;0;0;0;0;0;0;0;0;0;0;0;0
FR;10;2022-05-07;0;0;0;0;0;0;0;0;0;0;0;0;0;0;0;0;0;0
FR;10;2022-05-08;0;0;0;0;0;0;0;0;0;0;0;0;0;0;0;0;0;0
FR;10;2022-05-09;0;0;0;0;0;0;0;0;0;0;0;0;0;0;0;0;0;0
FR;10;2022-05-10;0;0;0;0;0;0;0;0;0;0;0;0;0;0;0;0;0;0
FR;10;2022-05-11;0;0;0;0;0;0;0;0;0;0;0;0;0;0;0;0;0;0
FR;10;2022-05-12;0;0;0;0;0;0;0;0;0;0;0;0;0;0;0;0;0;0
FR;10;2022-05-13;0;0;0;0;0;0;0;0;0;0;0;0;0;0;0;0;0;0
FR;10;2022-05-14;0;0;0;0;0;0;0;0;0;0;0;0;0;0;0;0;0;0
FR;10;2022-05-15;0;0;0;0;0;0;0;0;0;0;0;0;0;0;0;0;0;0
FR;10;2022-05-16;0;0;0;0;0;0;0;0;0;0;0;0;0;0;0;0;0;0
FR;10;2022-05-17;0;0;0;0;0;0;0;0;0;0;0;0;0;0;0;0;0;0
FR;10;2022-05-18;0;0;0;0;0;0;0;0;0;0;0;0;0;0;0;0;0;0
FR;10;2022-05-19;0;0;0;0;0;0;0;0;0;0;0;0;0;0;0;0;0;0
FR;10;2022-05-20;0;0;0;0;0;0;0;0;0;0;0;0;0;0;0;0;0;0
FR;10;2022-05-21;0;0;0;0;0;0;0;0;0;0;0;0;0;0;0;0;0;0
FR;10;2022-05-22;0;0;0;0;0;0;0;0;0;0;0;0;0;0;0;0;0;0
FR;10;2022-05-23;0;0;0;0;0;0;0;0;0;0;0;0;0;0;0;0;0;0
FR;10;2022-05-24;0;0;0;0;0;0;0;0;0;0;0;0;0;0;0;0;0;0
FR;10;2022-05-25;0;0;0;0;0;0;0;0;0;0;0;0;0;0;0;0;0;0
FR;10;2022-05-26;0;0;0;0;0;0;0;0;0;0;0;0;0;0;0;0;0;0
FR;10;2022-05-27;0;0;0;0;0;0;0;0;0;0;0;0;0;0;0;0;0;0
FR;10;2022-05-28;0;0;0;0;0;0;0;0;0;0;0;0;0;0;0;0;0;0
FR;10;2022-05-29;0;0;0;0;0;0;0;0;0;0;0;0;0;0;0;0;0;0
FR;10;2022-05-30;0;0;0;0;0;0;0;0;0;0;0;0;0;0;0;0;0;0
FR;10;2022-05-31;0;0;0;0;0;0;0;0;0;0;0;0;0;0;0;0;0;0
FR;10;2022-06-01;0;0;0;0;0;0;0;0;0;0;0;0;0;0;0;0;0;0
FR;10;2022-06-02;0;0;0;0;0;0;0;0;0;0;0;0;0;0;0;0;0;0
FR;10;2022-06-03;0;0;0;0;0;0;0;0;0;0;0;0;0;0;0;0;0;0
FR;10;2022-06-04;0;0;0;0;0;0;0;0;0;0;0;0;0;0;0;0;0;0
FR;10;2022-06-05;0;0;0;0;0;0;0;0;0;0;0;0;0;0;0;0;0;0
FR;10;2022-06-06;0;0;0;0;0;0;0;0;0;0;0;0;0;0;0;0;0;0
FR;10;2022-06-07;0;0;0;0;0;0;0;0;0;0;0;0;0;0;0;0;0;0
FR;10;2022-06-08;0;0;0;0;0;0;0;0;0;0;0;0;0;0;0;0;0;0
FR;10;2022-06-09;0;0;0;0;0;0;0;0;0;0;0;0;0;0;0;0;0;0
FR;10;2022-06-10;0;0;0;0;0;0;0;0;0;0;0;0;0;0;0;0;0;0
FR;10;2022-06-11;0;0;0;0;0;0;0;0;0;0;0;0;0;0;0;0;0;0
FR;10;2022-06-12;0;0;0;0;0;0;0;0;0;0;0;0;0;0;0;0;0;0
FR;10;2022-06-13;0;0;0;0;0;0;0;0;0;0;0;0;0;0;0;0;0;0
FR;10;2022-06-14;0;0;0;0;0;0;0;0;0;0;0;0;0;0;0;0;0;0
FR;10;2022-06-15;0;0;0;0;0;0;0;0;0;0;0;0;0;0;0;0;0;0
FR;10;2022-06-16;0;0;0;0;0;0;0;0;0;0;0;0;0;0;0;0;0;0
FR;10;2022-06-17;0;0;0;0;0;0;0;0;0;0;0;0;0;0;0;0;0;0
FR;10;2022-06-18;0;0;0;0;0;0;0;0;0;0;0;0;0;0;0;0;0;0
FR;10;2022-06-19;0;0;0;0;0;0;0;0;0;0;0;0;0;0;0;0;0;0
FR;10;2022-06-20;0;0;0;0;0;0;0;0;0;0;0;0;0;0;0;0;0;0
FR;10;2022-06-21;0;0;0;0;0;0;0;0;0;0;0;0;0;0;0;0;0;0
FR;10;2022-06-22;0;0;0;0;0;0;0;0;0;0;0;0;0;0;0;0;0;0
FR;10;2022-06-23;0;0;0;0;0;0;0;0;0;0;0;0;0;0;0;0;0;0
FR;10;2022-06-24;0;0;0;0;0;0;0;0;0;0;0;0;0;0;0;0;0;0
FR;10;2022-06-25;0;0;0;0;0;0;0;0;0;0;0;0;0;0;0;0;0;0
FR;10;2022-06-26;0;0;0;0;0;0;0;0;0;0;0;0;0;0;0;0;0;0
FR;10;2022-06-27;0;0;0;0;0;0;0;0;0;0;0;0;0;0;0;0;0;0
FR;10;2022-06-28;0;0;0;0;0;0;0;0;0;0;0;0;0;0;0;0;0;0
FR;10;2022-06-29;0;0;0;0;0;0;0;0;0;0;0;0;0;0;0;0;0;0
FR;10;2022-06-30;0;0;0;0;0;0;0;0;0;0;0;0;0;0;0;0;0;0
FR;10;2022-07-01;0;0;0;0;0;0;0;0;0;0;0;0;0;0;0;0;0;0
FR;10;2022-07-02;0;0;0;0;0;0;0;0;0;0;0;0;0;0;0;0;0;0
FR;10;2022-07-03;0;0;0;0;0;0;0;0;0;0;0;0;0;0;0;0;0;0
FR;10;2022-07-04;0;0;0;0;0;0;0;0;0;0;0;0;0;0;0;0;0;0
FR;10;2022-07-05;0;0;0;0;0;0;0;0;0;0;0;0;0;0;0;0;0;0
FR;10;2022-07-06;0;0;0;0;0;0;0;0;0;0;0;0;0;0;0;0;0;0
FR;10;2022-07-07;0;0;0;0;0;0;0;0;0;0;0;0;0;0;0;0;0;0
FR;10;2022-07-08;0;0;0;0;0;0;0;0;0;0;0;0;0;0;0;0;0;0
FR;10;2022-07-09;0;0;0;0;0;0;0;0;0;0;0;0;0;0;0;0;0;0
FR;10;2022-07-10;0;0;0;0;0;0;0;0;0;0;0;0;0;0;0;0;0;0
FR;10;2022-07-11;0;0;0;0;0;0;0;0;0;0;0;0;0;0;0;0;0;0
FR;10;2022-07-12;0;0;0;0;0;0;0;0;0;0;0;0;0;0;0;0;0;0
FR;10;2022-07-13;0;0;0;0;0;0;0;0;0;0;0;0;0;0;0;0;0;0
FR;10;2022-07-14;0;0;0;0;0;0;0;0;0;0;0;0;0;0;0;0;0;0
FR;10;2022-07-15;0;0;0;0;0;0;0;0;0;0;0;0;0;0;0;0;0;0
FR;10;2022-07-16;0;0;0;0;0;0;0;0;0;0;0;0;0;0;0;0;0;0
FR;10;2022-07-17;0;0;0;0;0;0;0;0;0;0;0;0;0;0;0;0;0;0
FR;10;2022-07-18;0;0;0;0;0;0;0;0;0;0;0;0;0;0;0;0;0;0
FR;10;2022-07-19;0;0;0;0;0;0;0;0;0;0;0;0;0;0;0;0;0;0
FR;10;2022-07-20;0;0;0;0;0;0;0;0;0;0;0;0;0;0;0;0;0;0
FR;10;2022-07-21;0;0;0;0;0;0;0;0;0;0;0;0;0;0;0;0;0;0
FR;10;2022-07-22;0;0;0;0;0;0;0;0;0;0;0;0;0;0;0;0;0;0
FR;10;2022-07-23;0;0;0;0;0;0;0;0;0;0;0;0;0;0;0;0;0;0
FR;10;2022-07-24;0;0;0;0;0;0;0;0;0;0;0;0;0;0;0;0;0;0
FR;10;2022-07-25;0;0;0;0;0;0;0;0;0;0;0;0;0;0;0;0;0;0
FR;10;2022-07-26;0;0;0;0;0;0;0;0;0;0;0;0;0;0;0;0;0;0
FR;10;2022-07-27;0;0;0;0;0;0;0;0;0;0;0;0;0;0;0;0;0;0
FR;10;2022-07-28;0;0;0;0;0;0;0;0;0;0;0;0;0;0;0;0;0;0
FR;10;2022-07-29;0;0;0;0;0;0;0;0;0;0;0;0;0;0;0;0;0;0
FR;10;2022-07-30;0;0;0;0;0;0;0;0;0;0;0;0;0;0;0;0;0;0
FR;10;2022-07-31;0;0;0;0;0;0;0;0;0;0;0;0;0;0;0;0;0;0
FR;10;2022-08-01;0;0;0;0;0;0;0;0;0;0;0;0;0;0;0;0;0;0
FR;10;2022-08-02;0;0;0;0;0;0;0;0;0;0;0;0;0;0;0;0;0;0
FR;10;2022-08-03;0;0;0;0;0;0;0;0;0;0;0;0;0;0;0;0;0;0
FR;10;2022-08-04;0;0;0;0;0;0;0;0;0;0;0;0;0;0;0;0;0;0
FR;10;2022-08-05;0;0;0;0;0;0;0;0;0;0;0;0;0;0;0;0;0;0
FR;10;2022-08-06;0;0;0;0;0;0;0;0;0;0;0;0;0;0;0;0;0;0
FR;10;2022-08-07;0;0;0;0;0;0;0;0;0;0;0;0;0;0;0;0;0;0
FR;10;2022-08-08;0;0;0;0;0;0;0;0;0;0;0;0;0;0;0;0;0;0
FR;10;2022-08-09;0;0;0;0;0;0;0;0;0;0;0;0;0;0;0;0;0;0
FR;10;2022-08-10;0;0;0;0;0;0;0;0;0;0;0;0;0;0;0;0;0;0
FR;10;2022-08-11;0;0;0;0;0;0;0;0;0;0;0;0;0;0;0;0;0;0
FR;10;2022-08-12;0;0;0;0;0;0;0;0;0;0;0;0;0;0;0;0;0;0
FR;10;2022-08-13;0;0;0;0;0;0;0;0;0;0;0;0;0;0;0;0;0;0
FR;10;2022-08-14;0;0;0;0;0;0;0;0;0;0;0;0;0;0;0;0;0;0
FR;10;2022-08-15;0;0;0;0;0;0;0;0;0;0;0;0;0;0;0;0;0;0
FR;10;2022-08-16;0;0;0;0;0;0;0;0;0;0;0;0;0;0;0;0;0;0
FR;10;2022-08-17;0;0;0;0;0;0;0;0;0;0;0;0;0;0;0;0;0;0
FR;10;2022-08-18;0;0;0;0;0;0;0;0;0;0;0;0;0;0;0;0;0;0
FR;10;2022-08-19;0;0;0;0;0;0;0;0;0;0;0;0;0;0;0;0;0;0
FR;10;2022-08-20;0;0;0;0;0;0;0;0;0;0;0;0;0;0;0;0;0;0
FR;10;2022-08-21;0;0;0;0;0;0;0;0;0;0;0;0;0;0;0;0;0;0
FR;10;2022-08-22;0;0;0;0;0;0;0;0;0;0;0;0;0;0;0;0;0;0
FR;10;2022-08-23;0;0;0;0;0;0;0;0;0;0;0;0;0;0;0;0;0;0
FR;10;2022-08-24;0;0;0;0;0;0;0;0;0;0;0;0;0;0;0;0;0;0
FR;10;2022-08-25;0;0;0;0;0;0;0;0;0;0;0;0;0;0;0;0;0;0
FR;10;2022-08-26;0;0;0;0;0;0;0;0;0;0;0;0;0;0;0;0;0;0
FR;10;2022-08-27;0;0;0;0;0;0;0;0;0;0;0;0;0;0;0;0;0;0
FR;10;2022-08-28;0;0;0;0;0;0;0;0;0;0;0;0;0;0;0;0;0;0
FR;10;2022-08-29;0;0;0;0;0;0;0;0;0;0;0;0;0;0;0;0;0;0
FR;10;2022-08-30;0;0;0;0;0;0;0;0;0;0;0;0;0;0;0;0;0;0
FR;10;2022-08-31;0;0;0;0;0;0;0;0;0;0;0;0;0;0;0;0;0;0
FR;10;2022-09-01;0;0;0;0;0;0;0;0;0;0;0;0;0;0;0;0;0;0
FR;10;2022-09-02;0;0;0;0;0;0;0;0;0;0;0;0;0;0;0;0;0;0
FR;10;2022-09-03;0;0;0;0;0;0;0;0;0;0;0;0;0;0;0;0;0;0
FR;10;2022-09-04;0;0;0;0;0;0;0;0;0;0;0;0;0;0;0;0;0;0
FR;10;2022-09-05;0;0;0;0;0;0;0;0;0;0;0;0;0;0;0;0;0;0
FR;10;2022-09-06;0;0;0;0;0;0;0;0;0;0;0;0;0;0;0;0;0;0
FR;10;2022-09-07;0;0;0;0;0;0;0;0;0;0;0;0;0;0;0;0;0;0
FR;10;2022-09-08;0;0;0;0;0;0;0;0;0;0;0;0;0;0;0;0;0;0
FR;10;2022-09-09;0;0;0;0;0;0;0;0;0;0;0;0;0;0;0;0;0;0
FR;10;2022-09-10;0;0;0;0;0;0;0;0;0;0;0;0;0;0;0;0;0;0
FR;10;2022-09-11;0;0;0;0;0;0;0;0;0;0;0;0;0;0;0;0;0;0
FR;10;2022-09-12;0;0;0;0;0;0;0;0;0;0;0;0;0;0;0;0;0;0
FR;10;2022-09-13;0;0;0;0;0;0;0;0;0;0;0;0;0;0;0;0;0;0
FR;10;2022-09-14;0;0;0;0;0;0;0;0;0;0;0;0;0;0;0;0;0;0
FR;10;2022-09-15;0;0;0;0;0;0;0;0;0;0;0;0;0;0;0;0;0;0
FR;10;2022-09-16;0;0;0;0;0;0;0;0;0;0;0;0;0;0;0;0;0;0
FR;10;2022-09-17;0;0;0;0;0;0;0;0;0;0;0;0;0;0;0;0;0;0
FR;10;2022-09-18;0;0;0;0;0;0;0;0;0;0;0;0;0;0;0;0;0;0
FR;10;2022-09-19;0;0;0;0;0;0;0;0;0;0;0;0;0;0;0;0;0;0
FR;10;2022-09-20;0;0;0;0;0;0;0;0;0;0;0;0;0;0;0;0;0;0
FR;10;2022-09-21;0;0;0;0;0;0;0;0;0;0;0;0;0;0;0;0;0;0
FR;10;2022-09-22;0;0;0;0;0;0;0;0;0;0;0;0;0;0;0;0;0;0
FR;10;2022-09-23;0;0;0;0;0;0;0;0;0;0;0;0;0;0;0;0;0;0
FR;10;2022-09-24;0;0;0;0;0;0;0;0;0;0;0;0;0;0;0;0;0;0
FR;10;2022-09-25;0;0;0;0;0;0;0;0;0;0;0;0;0;0;0;0;0;0
FR;10;2022-09-26;0;0;0;0;0;0;0;0;0;0;0;0;0;0;0;0;0;0
FR;10;2022-09-27;0;0;0;0;0;0;0;0;0;0;0;0;0;0;0;0;0;0
FR;10;2022-09-28;0;0;0;0;0;0;0;0;0;0;0;0;0;0;0;0;0;0
FR;10;2022-09-29;0;0;0;0;0;0;0;0;0;0;0;0;0;0;0;0;0;0
FR;10;2022-09-30;0;0;0;0;0;0;0;0;0;0;0;0;0;0;0;0;0;0
FR;10;2022-10-01;0;0;0;0;0;0;0;0;0;0;0;0;0;0;0;0;0;0
FR;10;2022-10-02;0;0;0;0;0;0;0;0;0;0;0;0;0;0;0;0;0;0
FR;10;2022-10-03;0;0;0;0;0;0;0;0;0;0;0;0;0;0;0;0;0;0
FR;10;2022-10-04;0;0;0;0;0;0;0;0;0;0;0;0;0;0;0;0;0;0
FR;10;2022-10-05;0;0;0;0;0;0;0;0;0;0;0;0;0;0;0;0;0;0
FR;10;2022-10-06;0;0;0;0;0;0;0;0;0;0;0;0;0;0;0;0;0;0
FR;10;2022-10-07;0;0;0;0;0;0;0;0;0;0;0;0;0;0;0;0;0;0
FR;10;2022-10-08;0;0;0;0;0;0;0;0;0;0;0;0;0;0;0;0;0;0
FR;10;2022-10-09;0;0;0;0;0;0;0;0;0;0;0;0;0;0;0;0;0;0
FR;10;2022-10-10;0;0;0;0;0;0;0;0;0;0;0;0;0;0;0;0;0;0
FR;10;2022-10-11;0;0;0;0;0;0;0;0;0;0;0;0;0;0;0;0;0;0
FR;10;2022-10-12;0;0;0;0;0;0;0;0;0;0;0;0;0;0;0;0;0;0
FR;10;2022-10-13;0;0;0;0;0;0;0;0;0;0;0;0;0;0;0;0;0;0
FR;10;2022-10-14;0;0;0;0;0;0;0;0;0;0;0;0;0;0;0;0;0;0
FR;10;2022-10-15;0;0;0;0;0;0;0;0;0;0;0;0;0;0;0;0;0;0
FR;10;2022-10-16;0;0;0;0;0;0;0;0;0;0;0;0;0;0;0;0;0;0
FR;10;2022-10-17;0;0;0;0;0;0;0;0;0;0;0;0;0;0;0;0;0;0
FR;10;2022-10-18;0;0;0;0;0;0;0;0;0;0;0;0;0;0;0;0;0;0
FR;10;2022-10-19;0;0;0;0;0;0;0;0;0;0;0;0;0;0;0;0;0;0
FR;10;2022-10-20;0;0;0;0;0;0;0;0;0;0;0;0;0;0;0;0;0;0
FR;10;2022-10-21;0;0;0;0;0;0;0;0;0;0;0;0;0;0;0;0;0;0
FR;10;2022-10-22;0;0;0;0;0;0;0;0;0;0;0;0;0;0;0;0;0;0
FR;10;2022-10-23;0;0;0;0;0;0;0;0;0;0;0;0;0;0;0;0;0;0
FR;10;2022-10-24;0;0;0;0;0;0;0;0;0;0;0;0;0;0;0;0;0;0
FR;10;2022-10-25;0;0;0;0;0;0;0;0;0;0;0;0;0;0;0;0;0;0
FR;10;2022-10-26;0;0;0;0;0;0;0;0;0;0;0;0;0;0;0;0;0;0
FR;10;2022-10-27;0;0;0;0;0;0;0;0;0;0;0;0;0;0;0;0;0;0
FR;10;2022-10-28;0;0;0;0;0;0;0;0;0;0;0;0;0;0;0;0;0;0
FR;10;2022-10-29;0;0;0;0;0;0;0;0;0;0;0;0;0;0;0;0;0;0
FR;10;2022-10-30;0;0;0;0;0;0;0;0;0;0;0;0;0;0;0;0;0;0
FR;10;2022-10-31;0;0;0;0;0;0;0;0;0;0;0;0;0;0;0;0;0;0
FR;10;2022-11-01;0;0;0;0;0;0;0;0;0;0;0;0;0;0;0;0;0;0
FR;10;2022-11-02;0;0;0;0;0;0;0;0;0;0;0;0;0;0;0;0;0;0
FR;10;2022-11-03;0;0;0;0;0;0;0;0;0;0;0;0;0;0;0;0;0;0
FR;10;2022-11-04;0;0;0;0;0;0;0;0;0;0;0;0;0;0;0;0;0;0
FR;10;2022-11-05;0;0;0;0;0;0;0;0;0;0;0;0;0;0;0;0;0;0
FR;10;2022-11-06;0;0;0;0;0;0;0;0;0;0;0;0;0;0;0;0;0;0
FR;10;2022-11-07;0;0;0;0;0;0;0;0;0;0;0;0;0;0;0;0;0;0
FR;10;2022-11-08;0;0;0;0;0;0;0;0;0;0;0;0;0;0;0;0;0;0
FR;10;2022-11-09;0;0;0;0;0;0;0;0;0;0;0;0;0;0;0;0;0;0
FR;10;2022-11-10;0;0;0;0;0;0;0;0;0;0;0;0;0;0;0;0;0;0
FR;10;2022-11-11;0;0;0;0;0;0;0;0;0;0;0;0;0;0;0;0;0;0
FR;10;2022-11-12;0;0;0;0;0;0;0;0;0;0;0;0;0;0;0;0;0;0
FR;10;2022-11-13;0;0;0;0;0;0;0;0;0;0;0;0;0;0;0;0;0;0
FR;10;2022-11-14;0;0;0;0;0;0;0;0;0;0;0;0;0;0;0;0;0;0
FR;10;2022-11-15;0;0;0;0;0;0;0;0;0;0;0;0;0;0;0;0;0;0
FR;10;2022-11-16;0;0;0;0;0;0;0;0;0;0;0;0;0;0;0;0;0;0
FR;10;2022-11-17;0;0;0;0;0;0;0;0;0;0;0;0;0;0;0;0;0;0
FR;10;2022-11-18;0;0;0;0;0;0;0;0;0;0;0;0;0;0;0;0;0;0
FR;10;2022-11-19;0;0;0;0;0;0;0;0;0;0;0;0;0;0;0;0;0;0
FR;10;2022-11-20;0;0;0;0;0;0;0;0;0;0;0;0;0;0;0;0;0;0
FR;10;2022-11-21;0;0;0;0;0;0;0;0;0;0;0;0;0;0;0;0;0;0
FR;10;2022-11-22;0;0;0;0;0;0;0;0;0;0;0;0;0;0;0;0;0;0
FR;10;2022-11-23;0;0;0;0;0;0;0;0;0;0;0;0;0;0;0;0;0;0
FR;10;2022-11-24;0;0;0;0;0;0;0;0;0;0;0;0;0;0;0;0;0;0
FR;10;2022-11-25;0;0;0;0;0;0;0;0;0;0;0;0;0;0;0;0;0;0
FR;10;2022-11-26;0;0;0;0;0;0;0;0;0;0;0;0;0;0;0;0;0;0
FR;10;2022-11-27;0;0;0;0;0;0;0;0;0;0;0;0;0;0;0;0;0;0
FR;10;2022-11-28;0;0;0;0;0;0;0;0;0;0;0;0;0;0;0;0;0;0
FR;10;2022-11-29;0;0;0;0;0;0;0;0;0;0;0;0;0;0;0;0;0;0
FR;10;2022-11-30;0;0;0;0;0;0;0;0;0;0;0;0;0;0;0;0;0;0
FR;10;2022-12-01;0;0;0;0;0;0;0;0;0;0;0;0;0;0;0;0;0;0
FR;10;2022-12-02;0;0;0;0;0;0;0;0;0;0;0;0;0;0;0;0;0;0
FR;10;2022-12-03;0;0;0;0;0;0;0;0;0;0;0;0;0;0;0;0;0;0
FR;10;2022-12-04;0;0;0;0;0;0;0;0;0;0;0;0;0;0;0;0;0;0
FR;10;2022-12-05;0;0;0;0;0;0;0;0;0;0;0;0;0;0;0;0;0;0
FR;10;2022-12-06;0;0;0;0;0;0;0;0;0;0;0;0;0;0;0;0;0;0
FR;10;2022-12-07;0;0;0;0;0;0;0;0;0;0;0;0;0;0;0;0;0;0
FR;10;2022-12-08;0;0;0;0;0;0;0;0;0;0;0;0;0;0;0;0;0;0
FR;10;2022-12-09;0;0;0;0;0;0;0;0;0;0;0;0;0;0;0;0;0;0
FR;10;2022-12-10;0;0;0;0;0;0;0;0;0;0;0;0;0;0;0;0;0;0
FR;10;2022-12-11;0;0;0;0;0;0;0;0;0;0;0;0;0;0;0;0;0;0
FR;10;2022-12-12;0;0;0;0;0;0;0;0;0;0;0;0;0;0;0;0;0;0
FR;10;2022-12-13;0;0;0;0;0;0;0;0;0;0;0;0;0;0;0;0;0;0
FR;10;2022-12-14;0;0;0;0;0;0;0;0;0;0;0;0;0;0;0;0;0;0
FR;10;2022-12-15;0;0;0;0;0;0;0;0;0;0;0;0;0;0;0;0;0;0
FR;10;2022-12-16;0;0;0;0;0;0;0;0;0;0;0;0;0;0;0;0;0;0
FR;10;2022-12-17;0;0;0;0;0;0;0;0;0;0;0;0;0;0;0;0;0;0
FR;10;2022-12-18;0;0;0;0;0;0;0;0;0;0;0;0;0;0;0;0;0;0
FR;10;2022-12-19;0;0;0;0;0;0;0;0;0;0;0;0;0;0;0;0;0;0
FR;10;2022-12-20;0;0;0;0;0;0;0;0;0;0;0;0;0;0;0;0;0;0
FR;10;2022-12-21;0;0;1;0;0;1;0;0;0;0;0;1;0;0;1;0;0;0
FR;10;2022-12-22;0;0;0;1;0;0;1;0;0;0;0;1;1;0;1;1;0;0
FR;10;2022-12-23;0;0;1;14;0;2;14;0;7;0;0;2;15;0;3;15;0;7
FR;10;2022-12-24;0;0;0;3;0;0;3;0;1;0;0;2;18;0;3;18;0;8
FR;10;2022-12-25;0;0;0;0;0;0;0;0;0;0;0;2;18;0;3;18;0;8
FR;10;2022-12-26;3;1;11;35;0;8;39;0;5;3;1;13;53;0;11;57;0;13
FR;10;2022-12-27;1;1;14;35;1;11;38;0;10;4;2;27;88;1;22;95;0;23
FR;10;2022-12-28;0;0;2;15;0;1;14;0;3;4;2;29;103;1;23;109;0;26
FR;10;2022-12-29;0;0;6;48;0;1;48;0;17;4;2;35;151;1;24;157;0;43
FR;10;2022-12-30;0;1;5;33;0;8;31;0;6;4;3;40;184;1;32;188;0;49
FR;10;2022-12-31;0;0;3;12;0;4;10;0;4;4;3;43;196;1;36;198;0;53
FR;10;2023-01-01;0;0;1;6;0;0;7;0;2;4;3;44;202;1;36;205;0;55
FR;10;2023-01-02;0;4;4;37;1;6;36;0;21;4;7;48;239;2;42;241;0;76
FR;10;2023-01-03;1;2;6;63;2;5;64;0;25;5;9;54;302;4;47;305;0;101
FR;10;2023-01-04;0;1;7;52;0;6;53;0;53;5;10;61;354;4;53;358;0;154
FR;10;2023-01-05;1;2;16;74;0;12;76;0;37;6;12;77;428;4;65;434;0;191
FR;10;2023-01-06;2;3;16;107;2;13;107;0;52;8;15;93;535;6;78;541;0;243
FR;10;2023-01-07;3;1;3;41;1;3;40;0;13;11;16;96;576;7;81;581;0;256
FR;10;2023-01-08;1;0;0;9;0;0;7;0;5;12;16;96;585;7;81;588;0;261
FR;10;2023-01-09;3;2;7;67;1;7;66;0;26;15;18;103;652;8;88;654;0;287
FR;10;2023-01-10;6;1;21;118;0;13;124;0;57;21;19;124;770;8;101;778;0;344
FR;10;2023-01-11;5;4;19;77;1;16;79;0;38;26;23;143;847;9;117;857;0;382
FR;10;2023-01-12;13;1;7;77;2;3;80;0;51;39;24;150;924;11;120;937;0;433
FR;10;2023-01-13;0;6;15;122;1;8;129;0;77;39;30;165;1046;12;128;1066;0;510
FR;10;2023-01-14;2;1;8;43;0;5;47;0;3;41;31;173;1089;12;133;1113;0;513
FR;10;2023-01-15;0;0;2;10;0;1;7;0;8;41;31;175;1099;12;134;1120;0;521
FR;10;2023-01-16;0;1;11;70;1;7;73;0;68;41;32;186;1169;13;141;1193;0;589
FR;10;2023-01-17;0;7;22;109;2;11;118;0;61;41;39;208;1278;15;152;1311;0;650
FR;10;2023-01-18;2;1;13;92;1;9;104;0;15;43;40;221;1370;16;161;1415;0;665
FR;10;2023-01-19;6;6;24;142;3;22;135;0;56;49;46;245;1512;19;183;1550;0;721
FR;10;2023-01-20;2;1;11;111;0;9;106;0;73;51;47;256;1623;19;192;1656;0;794
FR;10;2023-01-21;2;1;5;26;0;5;23;0;15;53;48;261;1649;19;197;1679;0;809
FR;10;2023-01-22;0;0;0;5;0;0;5;0;0;53;48;261;1654;19;197;1684;0;809
FR;10;2023-01-23;1;2;5;62;1;5;59;0;23;54;50;266;1716;20;202;1743;0;832
FR;10;2023-01-24;6;6;27;148;2;19;152;0;75;60;56;293;1864;22;221;1895;0;907
FR;10;2023-01-25;2;1;9;81;1;5;82;0;55;62;57;302;1945;23;226;1977;0;962
FR;10;2023-01-26;4;5;33;147;1;22;159;0;52;66;62;335;2092;24;248;2136;0;1014
FR;10;2023-01-27;1;1;16;117;1;6;118;0;78;67;63;351;2209;25;254;2254;0;1092
FR;10;2023-01-28;0;1;3;18;1;1;21;0;15;67;64;354;2227;26;255;2275;0;1107
FR;10;2023-01-29;0;0;1;0;0;1;0;0;1;67;64;355;2227;26;256;2275;0;1108
FR;10;2023-01-30;2;1;11;60;1;5;63;0;40;69;65;366;2287;27;261;2338;0;1148
FR;10;2023-01-31;5;2;24;121;3;17;121;0;51;74;67;390;2408;30;278;2459;0;1199
FR;10;2023-02-01;0;2;11;49;2;10;49;0;28;74;69;401;2457;32;288;2508;0;1227
FR;10;2023-02-02;3;0;21;104;0;16;108;0;48;77;69;422;2561;32;304;2616;0;1275
FR;10;2023-02-03;6;5;18;48;4;11;51;0;64;83;74;440;2609;36;315;2667;0;1339
FR;10;2023-02-04;1;0;1;8;0;0;10;0;6;84;74;441;2617;36;315;2677;0;1345
FR;10;2023-02-05;7;1;2;3;2;1;4;0;5;91;75;443;2620;38;316;2681;0;1350
FR;10;2023-02-06;1;0;9;28;0;8;22;0;46;92;75;452;2648;38;324;2703;0;1396
FR;10;2023-02-07;2;2;2;12;1;3;12;0;13;94;77;454;2660;39;327;2715;0;1409
FR;10;2023-02-08;1;3;3;15;2;4;15;0;12;95;80;457;2675;41;331;2730;0;1421
FR;10;2023-02-09;2;1;11;91;2;7;97;0;41;97;81;468;2766;43;338;2827;0;1462
FR;10;2023-02-10;8;3;12;29;0;6;37;0;25;105;84;480;2795;43;344;2864;0;1487
FR;10;2023-02-11;1;0;2;2;0;2;2;0;1;106;84;482;2797;43;346;2866;0;1488
FR;10;2023-02-12;1;1;0;0;1;0;0;0;0;107;85;482;2797;44;346;2866;0;1488
FR;10;2023-02-13;3;1;9;15;0;7;18;0;10;110;86;491;2812;44;353;2884;0;1498
FR;10;2023-02-14;2;4;11;49;3;9;50;0;17;112;90;502;2861;47;362;2934;0;1515
FR;10;2023-02-15;7;3;2;10;2;3;8;0;8;119;93;504;2871;49;365;2942;0;1523
FR;10;2023-02-16;0;0;8;17;0;5;18;0;8;119;93;512;2888;49;370;2960;0;1531
FR;10;2023-02-17;13;5;7;28;5;2;22;0;17;132;98;519;2916;54;372;2982;0;1548
FR;10;2023-02-18;2;0;3;11;0;3;10;0;6;134;98;522;2927;54;375;2992;0;1554
FR;10;2023-02-19;0;0;0;0;0;0;0;0;0;134;98;522;2927;54;375;2992;0;1554
FR;10;2023-02-20;2;1;2;25;1;1;23;0;23;136;99;524;2952;55;376;3015;0;1577
FR;10;2023-02-21;2;3;12;27;1;6;35;0;30;138;102;536;2979;56;382;3050;0;1607
FR;10;2023-02-22;5;4;2;7;3;3;6;0;1;143;106;538;2986;59;385;3056;0;1608
FR;10;2023-02-23;3;2;17;31;2;14;37;0;12;146;108;555;3017;61;399;3093;0;1620
FR;10;2023-02-24;1;2;8;27;0;5;27;0;29;147;110;563;3044;61;404;3120;0;1649
FR;10;2023-02-25;0;0;2;3;0;2;3;0;7;147;110;565;3047;61;406;3123;0;1656
FR;10;2023-02-26;0;0;0;0;0;0;0;0;0;147;110;565;3047;61;406;3123;0;1656
FR;10;2023-02-27;3;3;3;20;4;3;21;0;15;150;113;568;3067;65;409;3144;0;1671
FR;10;2023-02-28;3;2;3;10;2;1;11;0;10;153;115;571;3077;67;410;3155;0;1681
FR;10;2023-03-01;2;6;34;12;6;33;12;0;14;155;121;605;3089;73;443;3167;0;1695
FR;10;2023-03-02;2;1;10;22;2;6;22;0;31;157;122;615;3111;75;449;3189;0;1726
FR;10;2023-03-03;7;2;5;21;0;6;20;0;18;164;124;620;3132;75;455;3209;0;1744
FR;10;2023-03-04;0;1;0;6;1;0;6;0;2;164;125;620;3138;76;455;3215;0;1746
FR;10;2023-03-05;0;0;0;1;0;0;0;0;2;164;125;620;3139;76;455;3215;0;1748
FR;10;2023-03-06;2;2;8;8;3;7;9;0;8;166;127;628;3147;79;462;3224;0;1756
FR;10;2023-03-07;2;3;0;11;1;2;11;0;8;168;130;628;3158;80;464;3235;0;1764
FR;10;2023-03-08;1;4;4;20;3;3;22;0;9;169;134;632;3178;83;467;3257;0;1773
FR;10;2023-03-09;0;3;1;9;1;2;8;0;8;169;137;633;3187;84;469;3265;0;1781
FR;10;2023-03-10;1;2;1;8;2;1;9;0;9;170;139;634;3195;86;470;3274;0;1790
FR;10;2023-03-11;2;1;5;4;0;3;7;0;2;172;140;639;3199;86;473;3281;0;1792
FR;10;2023-03-12;0;0;0;0;0;0;0;0;0;172;140;639;3199;86;473;3281;0;1792
FR;10;2023-03-13;0;2;2;3;2;2;3;0;5;172;142;641;3202;88;475;3284;0;1797
FR;10;2023-03-14;2;0;6;25;0;4;27;0;21;174;142;647;3227;88;479;3311;0;1818
FR;10;2023-03-15;0;2;5;5;1;7;4;0;6;174;144;652;3232;89;486;3315;0;1824
FR;10;2023-03-16;3;1;7;12;0;5;15;0;11;177;145;659;3244;89;491;3330;0;1835
FR;10;2023-03-17;3;5;8;18;4;4;22;0;19;180;150;667;3262;93;495;3352;0;1854
FR;10;2023-03-18;0;1;1;3;0;2;2;0;3;180;151;668;3265;93;497;3354;0;1857
FR;10;2023-03-19;6;0;0;0;0;0;0;0;0;186;151;668;3265;93;497;3354;0;1857
FR;10;2023-03-20;5;4;0;12;3;1;13;0;12;191;155;668;3277;96;498;3367;0;1869
FR;10;2023-03-21;1;2;2;7;0;3;9;0;14;192;157;670;3284;96;501;3376;0;1883
FR;10;2023-03-22;0;0;3;4;0;3;3;0;3;192;157;673;3288;96;504;3379;0;1886
FR;10;2023-03-23;9;9;4;6;9;1;8;0;13;201;166;677;3294;105;505;3387;0;1899
FR;10;2023-03-24;3;3;2;14;2;1;10;0;17;204;169;679;3308;107;506;3397;0;1916
FR;10;2023-03-25;1;3;0;4;1;3;5;0;8;205;172;679;3312;108;509;3402;0;1924
FR;10;2023-03-26;1;1;0;0;1;0;0;0;0;206;173;679;3312;109;509;3402;0;1924
FR;10;2023-03-27;0;2;3;4;2;3;2;0;16;206;175;682;3316;111;512;3404;0;1940
FR;10;2023-03-28;9;8;3;5;8;1;6;0;6;215;183;685;3321;119;513;3410;0;1946
FR;10;2023-03-29;7;7;3;2;6;4;2;0;6;222;190;688;3323;125;517;3412;0;1952
FR;10;2023-03-30;16;13;3;7;13;2;8;0;6;238;203;691;3330;138;519;3420;0;1958
FR;10;2023-03-31;8;6;4;12;5;4;13;0;19;246;209;695;3342;143;523;3433;0;1977
FR;10;2023-04-01;9;8;1;0;8;1;0;0;0;255;217;696;3342;151;524;3433;0;1977
FR;10;2023-04-02;1;0;0;0;0;0;0;0;1;256;217;696;3342;151;524;3433;0;1978
FR;10;2023-04-03;2;1;0;3;1;0;2;0;5;258;218;696;3345;152;524;3435;0;1983
FR;10;2023-04-04;0;1;0;3;1;0;3;0;5;258;219;696;3348;153;524;3438;0;1988
FR;10;2023-04-05;0;0;2;1;0;2;3;0;2;258;219;698;3349;153;526;3441;0;1990
FR;10;2023-04-06;2;2;4;4;2;1;7;0;2;260;221;702;3353;155;527;3448;0;1992
FR;10;2023-04-07;3;0;2;3;0;1;3;0;9;263;221;704;3356;155;528;3451;0;2001
FR;10;2023-04-08;0;0;1;0;0;1;0;0;0;263;221;705;3356;155;529;3451;0;2001
FR;10;2023-04-09;0;0;0;0;0;0;0;0;0;263;221;705;3356;155;529;3451;0;2001
FR;10;2023-04-10;0;0;2;0;0;0;2;0;0;263;221;707;3356;155;529;3453;0;2001
FR;10;2023-04-11;1;0;1;3;0;1;2;0;3;264;221;708;3359;155;530;3455;0;2004
FR;10;2023-04-12;0;0;2;1;0;1;2;0;4;264;221;710;3360;155;531;3457;0;2008
FR;10;2023-04-13;0;1;0;5;1;0;5;0;5;264;222;710;3365;156;531;3462;0;2013
FR;10;2023-04-14;3;0;1;7;0;1;4;0;5;267;222;711;3372;156;532;3466;0;2018
FR;10;2023-04-15;0;1;1;3;1;0;4;0;0;267;223;712;3375;157;532;3470;0;2018
FR;10;2023-04-16;0;0;0;2;0;0;2;0;0;267;223;712;3377;157;532;3472;0;2018
FR;10;2023-04-17;1;2;2;0;1;2;0;0;0;268;225;714;3377;158;534;3472;0;2018
FR;10;2023-04-18;2;2;1;3;2;1;0;0;2;270;227;715;3380;160;535;3472;0;2020
FR;10;2023-04-19;0;0;1;0;0;1;0;0;1;270;227;716;3380;160;536;3472;0;2021
FR;10;2023-04-20;0;2;1;1;1;2;1;0;2;270;229;717;3381;161;538;3473;0;2023
FR;10;2023-04-21;0;1;5;7;0;4;9;0;3;270;230;722;3388;161;542;3482;0;2026
FR;10;2023-04-22;1;1;0;2;1;0;2;0;1;271;231;722;3390;162;542;3484;0;2027
FR;10;2023-04-23;0;0;0;0;0;0;0;0;0;271;231;722;3390;162;542;3484;0;2027
FR;10;2023-04-24;0;1;0;0;1;0;0;0;4;271;232;722;3390;163;542;3484;0;2031
FR;11;2020-12-27;0;0;0;0;0;0;0;0;0;0;0;0;0;0;0;0;0;0
FR;11;2020-12-28;0;0;0;0;0;0;0;0;0;0;0;0;0;0;0;0;0;0
FR;11;2020-12-29;0;0;0;0;0;0;0;0;0;0;0;0;0;0;0;0;0;0
FR;11;2020-12-30;0;0;0;0;0;0;0;0;0;0;0;0;0;0;0;0;0;0
FR;11;2020-12-31;0;0;0;0;0;0;0;0;0;0;0;0;0;0;0;0;0;0
FR;11;2021-01-01;0;0;0;0;0;0;0;0;0;0;0;0;0;0;0;0;0;0
FR;11;2021-01-02;0;0;0;0;0;0;0;0;0;0;0;0;0;0;0;0;0;0
FR;11;2021-01-03;0;0;0;0;0;0;0;0;0;0;0;0;0;0;0;0;0;0
FR;11;2021-01-04;0;0;0;0;0;0;0;0;0;0;0;0;0;0;0;0;0;0
FR;11;2021-01-05;0;0;0;0;0;0;0;0;0;0;0;0;0;0;0;0;0;0
FR;11;2021-01-06;0;0;0;0;0;0;0;0;0;0;0;0;0;0;0;0;0;0
FR;11;2021-01-07;0;0;0;0;0;0;0;0;0;0;0;0;0;0;0;0;0;0
FR;11;2021-01-08;0;0;0;0;0;0;0;0;0;0;0;0;0;0;0;0;0;0
FR;11;2021-01-09;0;0;0;0;0;0;0;0;0;0;0;0;0;0;0;0;0;0
FR;11;2021-01-10;0;0;0;0;0;0;0;0;0;0;0;0;0;0;0;0;0;0
FR;11;2021-01-11;0;0;0;0;0;0;0;0;0;0;0;0;0;0;0;0;0;0
FR;11;2021-01-12;0;0;0;0;0;0;0;0;0;0;0;0;0;0;0;0;0;0
FR;11;2021-01-13;0;0;0;0;0;0;0;0;0;0;0;0;0;0;0;0;0;0
FR;11;2021-01-14;0;0;0;0;0;0;0;0;0;0;0;0;0;0;0;0;0;0
FR;11;2021-01-15;0;0;0;0;0;0;0;0;0;0;0;0;0;0;0;0;0;0
FR;11;2021-01-16;0;0;0;0;0;0;0;0;0;0;0;0;0;0;0;0;0;0
FR;11;2021-01-17;0;0;0;0;0;0;0;0;0;0;0;0;0;0;0;0;0;0
FR;11;2021-01-18;0;0;0;0;0;0;0;0;0;0;0;0;0;0;0;0;0;0
FR;11;2021-01-19;0;0;0;0;0;0;0;0;0;0;0;0;0;0;0;0;0;0
FR;11;2021-01-20;0;0;0;0;0;0;0;0;0;0;0;0;0;0;0;0;0;0
FR;11;2021-01-21;0;0;0;0;0;0;0;0;0;0;0;0;0;0;0;0;0;0
FR;11;2021-01-22;0;0;0;0;0;0;0;0;0;0;0;0;0;0;0;0;0;0
FR;11;2021-01-23;0;0;0;0;0;0;0;0;0;0;0;0;0;0;0;0;0;0
FR;11;2021-01-24;0;0;0;0;0;0;0;0;0;0;0;0;0;0;0;0;0;0
FR;11;2021-01-25;0;0;0;0;0;0;0;0;0;0;0;0;0;0;0;0;0;0
FR;11;2021-01-26;0;0;0;0;0;0;0;0;0;0;0;0;0;0;0;0;0;0
FR;11;2021-01-27;0;0;0;0;0;0;0;0;0;0;0;0;0;0;0;0;0;0
FR;11;2021-01-28;0;0;0;0;0;0;0;0;0;0;0;0;0;0;0;0;0;0
FR;11;2021-01-29;0;0;0;0;0;0;0;0;0;0;0;0;0;0;0;0;0;0
FR;11;2021-01-30;0;0;0;0;0;0;0;0;0;0;0;0;0;0;0;0;0;0
FR;11;2021-01-31;0;0;0;0;0;0;0;0;0;0;0;0;0;0;0;0;0;0
FR;11;2021-02-01;0;0;0;0;0;0;0;0;0;0;0;0;0;0;0;0;0;0
FR;11;2021-02-02;0;0;0;0;0;0;0;0;0;0;0;0;0;0;0;0;0;0
FR;11;2021-02-03;0;0;0;0;0;0;0;0;0;0;0;0;0;0;0;0;0;0
FR;11;2021-02-04;0;0;0;0;0;0;0;0;0;0;0;0;0;0;0;0;0;0
FR;11;2021-02-05;0;0;0;0;0;0;0;0;0;0;0;0;0;0;0;0;0;0
FR;11;2021-02-06;0;0;0;0;0;0;0;0;0;0;0;0;0;0;0;0;0;0
FR;11;2021-02-07;0;0;0;0;0;0;0;0;0;0;0;0;0;0;0;0;0;0
FR;11;2021-02-08;0;0;0;0;0;0;0;0;0;0;0;0;0;0;0;0;0;0
FR;11;2021-02-09;0;0;0;0;0;0;0;0;0;0;0;0;0;0;0;0;0;0
FR;11;2021-02-10;0;0;0;0;0;0;0;0;0;0;0;0;0;0;0;0;0;0
FR;11;2021-02-11;0;0;0;0;0;0;0;0;0;0;0;0;0;0;0;0;0;0
FR;11;2021-02-12;0;0;0;0;0;0;0;0;0;0;0;0;0;0;0;0;0;0
FR;11;2021-02-13;0;0;0;0;0;0;0;0;0;0;0;0;0;0;0;0;0;0
FR;11;2021-02-14;0;0;0;0;0;0;0;0;0;0;0;0;0;0;0;0;0;0
FR;11;2021-02-15;0;0;0;0;0;0;0;0;0;0;0;0;0;0;0;0;0;0
FR;11;2021-02-16;0;0;0;0;0;0;0;0;0;0;0;0;0;0;0;0;0;0
FR;11;2021-02-17;0;0;0;0;0;0;0;0;0;0;0;0;0;0;0;0;0;0
FR;11;2021-02-18;0;0;0;0;0;0;0;0;0;0;0;0;0;0;0;0;0;0
FR;11;2021-02-19;0;0;0;0;0;0;0;0;0;0;0;0;0;0;0;0;0;0
FR;11;2021-02-20;0;0;0;0;0;0;0;0;0;0;0;0;0;0;0;0;0;0
FR;11;2021-02-21;0;0;0;0;0;0;0;0;0;0;0;0;0;0;0;0;0;0
FR;11;2021-02-22;0;0;0;0;0;0;0;0;0;0;0;0;0;0;0;0;0;0
FR;11;2021-02-23;0;0;0;0;0;0;0;0;0;0;0;0;0;0;0;0;0;0
FR;11;2021-02-24;0;0;0;0;0;0;0;0;0;0;0;0;0;0;0;0;0;0
FR;11;2021-02-25;0;0;0;0;0;0;0;0;0;0;0;0;0;0;0;0;0;0
FR;11;2021-02-26;0;0;0;0;0;0;0;0;0;0;0;0;0;0;0;0;0;0
FR;11;2021-02-27;0;0;0;0;0;0;0;0;0;0;0;0;0;0;0;0;0;0
FR;11;2021-02-28;0;0;0;0;0;0;0;0;0;0;0;0;0;0;0;0;0;0
FR;11;2021-03-01;0;0;0;0;0;0;0;0;0;0;0;0;0;0;0;0;0;0
FR;11;2021-03-02;0;0;0;0;0;0;0;0;0;0;0;0;0;0;0;0;0;0
FR;11;2021-03-03;0;0;0;0;0;0;0;0;0;0;0;0;0;0;0;0;0;0
FR;11;2021-03-04;0;0;0;0;0;0;0;0;0;0;0;0;0;0;0;0;0;0
FR;11;2021-03-05;0;0;0;0;0;0;0;0;0;0;0;0;0;0;0;0;0;0
FR;11;2021-03-06;0;0;0;0;0;0;0;0;0;0;0;0;0;0;0;0;0;0
FR;11;2021-03-07;0;0;0;0;0;0;0;0;0;0;0;0;0;0;0;0;0;0
FR;11;2021-03-08;0;0;0;0;0;0;0;0;0;0;0;0;0;0;0;0;0;0
FR;11;2021-03-09;0;0;0;0;0;0;0;0;0;0;0;0;0;0;0;0;0;0
FR;11;2021-03-10;0;0;0;0;0;0;0;0;0;0;0;0;0;0;0;0;0;0
FR;11;2021-03-11;0;0;0;0;0;0;0;0;0;0;0;0;0;0;0;0;0;0
FR;11;2021-03-12;0;0;0;0;0;0;0;0;0;0;0;0;0;0;0;0;0;0
FR;11;2021-03-13;0;0;0;0;0;0;0;0;0;0;0;0;0;0;0;0;0;0
FR;11;2021-03-14;0;0;0;0;0;0;0;0;0;0;0;0;0;0;0;0;0;0
FR;11;2021-03-15;0;0;0;0;0;0;0;0;0;0;0;0;0;0;0;0;0;0
FR;11;2021-03-16;0;0;0;0;0;0;0;0;0;0;0;0;0;0;0;0;0;0
FR;11;2021-03-17;0;0;0;0;0;0;0;0;0;0;0;0;0;0;0;0;0;0
FR;11;2021-03-18;0;0;0;0;0;0;0;0;0;0;0;0;0;0;0;0;0;0
FR;11;2021-03-19;0;0;0;0;0;0;0;0;0;0;0;0;0;0;0;0;0;0
FR;11;2021-03-20;0;0;0;0;0;0;0;0;0;0;0;0;0;0;0;0;0;0
FR;11;2021-03-21;0;0;0;0;0;0;0;0;0;0;0;0;0;0;0;0;0;0
FR;11;2021-03-22;0;0;0;0;0;0;0;0;0;0;0;0;0;0;0;0;0;0
FR;11;2021-03-23;0;0;0;0;0;0;0;0;0;0;0;0;0;0;0;0;0;0
FR;11;2021-03-24;0;0;0;0;0;0;0;0;0;0;0;0;0;0;0;0;0;0
FR;11;2021-03-25;0;0;0;0;0;0;0;0;0;0;0;0;0;0;0;0;0;0
FR;11;2021-03-26;0;0;0;0;0;0;0;0;0;0;0;0;0;0;0;0;0;0
FR;11;2021-03-27;0;0;0;0;0;0;0;0;0;0;0;0;0;0;0;0;0;0
FR;11;2021-03-28;0;0;0;0;0;0;0;0;0;0;0;0;0;0;0;0;0;0
FR;11;2021-03-29;0;0;0;0;0;0;0;0;0;0;0;0;0;0;0;0;0;0
FR;11;2021-03-30;0;0;0;0;0;0;0;0;0;0;0;0;0;0;0;0;0;0
FR;11;2021-03-31;0;0;0;0;0;0;0;0;0;0;0;0;0;0;0;0;0;0
FR;11;2021-04-01;0;0;0;0;0;0;0;0;0;0;0;0;0;0;0;0;0;0
FR;11;2021-04-02;0;0;0;0;0;0;0;0;0;0;0;0;0;0;0;0;0;0
FR;11;2021-04-03;0;0;0;0;0;0;0;0;0;0;0;0;0;0;0;0;0;0
FR;11;2021-04-04;0;0;0;0;0;0;0;0;0;0;0;0;0;0;0;0;0;0
FR;11;2021-04-05;0;0;0;0;0;0;0;0;0;0;0;0;0;0;0;0;0;0
FR;11;2021-04-06;0;0;0;0;0;0;0;0;0;0;0;0;0;0;0;0;0;0
FR;11;2021-04-07;0;0;0;0;0;0;0;0;0;0;0;0;0;0;0;0;0;0
FR;11;2021-04-08;0;0;0;0;0;0;0;0;0;0;0;0;0;0;0;0;0;0
FR;11;2021-04-09;0;0;0;0;0;0;0;0;0;0;0;0;0;0;0;0;0;0
FR;11;2021-04-10;0;0;0;0;0;0;0;0;0;0;0;0;0;0;0;0;0;0
FR;11;2021-04-11;0;0;0;0;0;0;0;0;0;0;0;0;0;0;0;0;0;0
FR;11;2021-04-12;0;0;0;0;0;0;0;0;0;0;0;0;0;0;0;0;0;0
FR;11;2021-04-13;0;0;0;0;0;0;0;0;0;0;0;0;0;0;0;0;0;0
FR;11;2021-04-14;0;0;0;0;0;0;0;0;0;0;0;0;0;0;0;0;0;0
FR;11;2021-04-15;0;0;0;0;0;0;0;0;0;0;0;0;0;0;0;0;0;0
FR;11;2021-04-16;0;0;0;0;0;0;0;0;0;0;0;0;0;0;0;0;0;0
FR;11;2021-04-17;0;0;0;0;0;0;0;0;0;0;0;0;0;0;0;0;0;0
FR;11;2021-04-18;0;0;0;0;0;0;0;0;0;0;0;0;0;0;0;0;0;0
FR;11;2021-04-19;0;0;0;0;0;0;0;0;0;0;0;0;0;0;0;0;0;0
FR;11;2021-04-20;0;0;0;0;0;0;0;0;0;0;0;0;0;0;0;0;0;0
FR;11;2021-04-21;0;0;0;0;0;0;0;0;0;0;0;0;0;0;0;0;0;0
FR;11;2021-04-22;0;0;0;0;0;0;0;0;0;0;0;0;0;0;0;0;0;0
FR;11;2021-04-23;0;0;0;0;0;0;0;0;0;0;0;0;0;0;0;0;0;0
FR;11;2021-04-24;0;0;0;0;0;0;0;0;0;0;0;0;0;0;0;0;0;0
FR;11;2021-04-25;0;0;0;0;0;0;0;0;0;0;0;0;0;0;0;0;0;0
FR;11;2021-04-26;0;0;0;0;0;0;0;0;0;0;0;0;0;0;0;0;0;0
FR;11;2021-04-27;0;0;0;0;0;0;0;0;0;0;0;0;0;0;0;0;0;0
FR;11;2021-04-28;0;0;0;0;0;0;0;0;0;0;0;0;0;0;0;0;0;0
FR;11;2021-04-29;0;0;0;0;0;0;0;0;0;0;0;0;0;0;0;0;0;0
FR;11;2021-04-30;0;0;0;0;0;0;0;0;0;0;0;0;0;0;0;0;0;0
FR;11;2021-05-01;0;0;0;0;0;0;0;0;0;0;0;0;0;0;0;0;0;0
FR;11;2021-05-02;0;0;0;0;0;0;0;0;0;0;0;0;0;0;0;0;0;0
FR;11;2021-05-03;0;0;0;0;0;0;0;0;0;0;0;0;0;0;0;0;0;0
FR;11;2021-05-04;0;0;0;0;0;0;0;0;0;0;0;0;0;0;0;0;0;0
FR;11;2021-05-05;0;0;0;0;0;0;0;0;0;0;0;0;0;0;0;0;0;0
FR;11;2021-05-06;0;0;0;0;0;0;0;0;0;0;0;0;0;0;0;0;0;0
FR;11;2021-05-07;0;0;0;0;0;0;0;0;0;0;0;0;0;0;0;0;0;0
FR;11;2021-05-08;0;0;0;0;0;0;0;0;0;0;0;0;0;0;0;0;0;0
FR;11;2021-05-09;0;0;0;0;0;0;0;0;0;0;0;0;0;0;0;0;0;0
FR;11;2021-05-10;0;0;0;0;0;0;0;0;0;0;0;0;0;0;0;0;0;0
FR;11;2021-05-11;0;0;0;0;0;0;0;0;0;0;0;0;0;0;0;0;0;0
FR;11;2021-05-12;0;0;0;0;0;0;0;0;0;0;0;0;0;0;0;0;0;0
FR;11;2021-05-13;0;0;0;0;0;0;0;0;0;0;0;0;0;0;0;0;0;0
FR;11;2021-05-14;0;0;0;0;0;0;0;0;0;0;0;0;0;0;0;0;0;0
FR;11;2021-05-15;0;0;0;0;0;0;0;0;0;0;0;0;0;0;0;0;0;0
FR;11;2021-05-16;0;0;0;0;0;0;0;0;0;0;0;0;0;0;0;0;0;0
FR;11;2021-05-17;0;0;0;0;0;0;0;0;0;0;0;0;0;0;0;0;0;0
FR;11;2021-05-18;0;0;0;0;0;0;0;0;0;0;0;0;0;0;0;0;0;0
FR;11;2021-05-19;0;0;0;0;0;0;0;0;0;0;0;0;0;0;0;0;0;0
FR;11;2021-05-20;0;0;0;0;0;0;0;0;0;0;0;0;0;0;0;0;0;0
FR;11;2021-05-21;0;0;0;0;0;0;0;0;0;0;0;0;0;0;0;0;0;0
FR;11;2021-05-22;0;0;0;0;0;0;0;0;0;0;0;0;0;0;0;0;0;0
FR;11;2021-05-23;0;0;0;0;0;0;0;0;0;0;0;0;0;0;0;0;0;0
FR;11;2021-05-24;0;0;0;0;0;0;0;0;0;0;0;0;0;0;0;0;0;0
FR;11;2021-05-25;0;0;0;0;0;0;0;0;0;0;0;0;0;0;0;0;0;0
FR;11;2021-05-26;0;0;0;0;0;0;0;0;0;0;0;0;0;0;0;0;0;0
FR;11;2021-05-27;0;0;0;0;0;0;0;0;0;0;0;0;0;0;0;0;0;0
FR;11;2021-05-28;0;0;0;0;0;0;0;0;0;0;0;0;0;0;0;0;0;0
FR;11;2021-05-29;0;0;0;0;0;0;0;0;0;0;0;0;0;0;0;0;0;0
FR;11;2021-05-30;0;0;0;0;0;0;0;0;0;0;0;0;0;0;0;0;0;0
FR;11;2021-05-31;0;0;0;0;0;0;0;0;0;0;0;0;0;0;0;0;0;0
FR;11;2021-06-01;0;0;0;0;0;0;0;0;0;0;0;0;0;0;0;0;0;0
FR;11;2021-06-02;0;0;0;0;0;0;0;0;0;0;0;0;0;0;0;0;0;0
FR;11;2021-06-03;0;0;0;0;0;0;0;0;0;0;0;0;0;0;0;0;0;0
FR;11;2021-06-04;0;0;0;0;0;0;0;0;0;0;0;0;0;0;0;0;0;0
FR;11;2021-06-05;0;0;0;0;0;0;0;0;0;0;0;0;0;0;0;0;0;0
FR;11;2021-06-06;0;0;0;0;0;0;0;0;0;0;0;0;0;0;0;0;0;0
FR;11;2021-06-07;0;0;0;0;0;0;0;0;0;0;0;0;0;0;0;0;0;0
FR;11;2021-06-08;0;0;0;0;0;0;0;0;0;0;0;0;0;0;0;0;0;0
FR;11;2021-06-09;0;0;0;0;0;0;0;0;0;0;0;0;0;0;0;0;0;0
FR;11;2021-06-10;0;0;0;0;0;0;0;0;0;0;0;0;0;0;0;0;0;0
FR;11;2021-06-11;0;0;0;0;0;0;0;0;0;0;0;0;0;0;0;0;0;0
FR;11;2021-06-12;0;0;0;0;0;0;0;0;0;0;0;0;0;0;0;0;0;0
FR;11;2021-06-13;0;0;0;0;0;0;0;0;0;0;0;0;0;0;0;0;0;0
FR;11;2021-06-14;0;0;0;0;0;0;0;0;0;0;0;0;0;0;0;0;0;0
FR;11;2021-06-15;0;0;0;0;0;0;0;0;0;0;0;0;0;0;0;0;0;0
FR;11;2021-06-16;0;0;0;0;0;0;0;0;0;0;0;0;0;0;0;0;0;0
FR;11;2021-06-17;0;0;0;0;0;0;0;0;0;0;0;0;0;0;0;0;0;0
FR;11;2021-06-18;0;0;0;0;0;0;0;0;0;0;0;0;0;0;0;0;0;0
FR;11;2021-06-19;0;0;0;0;0;0;0;0;0;0;0;0;0;0;0;0;0;0
FR;11;2021-06-20;0;0;0;0;0;0;0;0;0;0;0;0;0;0;0;0;0;0
FR;11;2021-06-21;0;0;0;0;0;0;0;0;0;0;0;0;0;0;0;0;0;0
FR;11;2021-06-22;0;0;0;0;0;0;0;0;0;0;0;0;0;0;0;0;0;0
FR;11;2021-06-23;0;0;0;0;0;0;0;0;0;0;0;0;0;0;0;0;0;0
FR;11;2021-06-24;0;0;0;0;0;0;0;0;0;0;0;0;0;0;0;0;0;0
FR;11;2021-06-25;0;0;0;0;0;0;0;0;0;0;0;0;0;0;0;0;0;0
FR;11;2021-06-26;0;0;0;0;0;0;0;0;0;0;0;0;0;0;0;0;0;0
FR;11;2021-06-27;0;0;0;0;0;0;0;0;0;0;0;0;0;0;0;0;0;0
FR;11;2021-06-28;0;0;0;0;0;0;0;0;0;0;0;0;0;0;0;0;0;0
FR;11;2021-06-29;0;0;0;0;0;0;0;0;0;0;0;0;0;0;0;0;0;0
FR;11;2021-06-30;0;0;0;0;0;0;0;0;0;0;0;0;0;0;0;0;0;0
FR;11;2021-07-01;0;0;0;0;0;0;0;0;0;0;0;0;0;0;0;0;0;0
FR;11;2021-07-02;0;0;0;0;0;0;0;0;0;0;0;0;0;0;0;0;0;0
FR;11;2021-07-03;0;0;0;0;0;0;0;0;0;0;0;0;0;0;0;0;0;0
FR;11;2021-07-04;0;0;0;0;0;0;0;0;0;0;0;0;0;0;0;0;0;0
FR;11;2021-07-05;0;0;0;0;0;0;0;0;0;0;0;0;0;0;0;0;0;0
FR;11;2021-07-06;0;0;0;0;0;0;0;0;0;0;0;0;0;0;0;0;0;0
FR;11;2021-07-07;0;0;0;0;0;0;0;0;0;0;0;0;0;0;0;0;0;0
FR;11;2021-07-08;0;0;0;0;0;0;0;0;0;0;0;0;0;0;0;0;0;0
FR;11;2021-07-09;0;0;0;0;0;0;0;0;0;0;0;0;0;0;0;0;0;0
FR;11;2021-07-10;0;0;0;0;0;0;0;0;0;0;0;0;0;0;0;0;0;0
FR;11;2021-07-11;0;0;0;0;0;0;0;0;0;0;0;0;0;0;0;0;0;0
FR;11;2021-07-12;0;0;0;0;0;0;0;0;0;0;0;0;0;0;0;0;0;0
FR;11;2021-07-13;0;0;0;0;0;0;0;0;0;0;0;0;0;0;0;0;0;0
FR;11;2021-07-14;0;0;0;0;0;0;0;0;0;0;0;0;0;0;0;0;0;0
FR;11;2021-07-15;0;0;0;0;0;0;0;0;0;0;0;0;0;0;0;0;0;0
FR;11;2021-07-16;0;0;0;0;0;0;0;0;0;0;0;0;0;0;0;0;0;0
FR;11;2021-07-17;0;0;0;0;0;0;0;0;0;0;0;0;0;0;0;0;0;0
FR;11;2021-07-18;0;0;0;0;0;0;0;0;0;0;0;0;0;0;0;0;0;0
FR;11;2021-07-19;0;0;0;0;0;0;0;0;0;0;0;0;0;0;0;0;0;0
FR;11;2021-07-20;0;0;0;0;0;0;0;0;0;0;0;0;0;0;0;0;0;0
FR;11;2021-07-21;0;0;0;0;0;0;0;0;0;0;0;0;0;0;0;0;0;0
FR;11;2021-07-22;0;0;0;0;0;0;0;0;0;0;0;0;0;0;0;0;0;0
FR;11;2021-07-23;0;0;0;0;0;0;0;0;0;0;0;0;0;0;0;0;0;0
FR;11;2021-07-24;0;0;0;0;0;0;0;0;0;0;0;0;0;0;0;0;0;0
FR;11;2021-07-25;0;0;0;0;0;0;0;0;0;0;0;0;0;0;0;0;0;0
FR;11;2021-07-26;0;0;0;0;0;0;0;0;0;0;0;0;0;0;0;0;0;0
FR;11;2021-07-27;0;0;0;0;0;0;0;0;0;0;0;0;0;0;0;0;0;0
FR;11;2021-07-28;0;0;0;0;0;0;0;0;0;0;0;0;0;0;0;0;0;0
FR;11;2021-07-29;0;0;0;0;0;0;0;0;0;0;0;0;0;0;0;0;0;0
FR;11;2021-07-30;0;0;0;0;0;0;0;0;0;0;0;0;0;0;0;0;0;0
FR;11;2021-07-31;0;0;0;0;0;0;0;0;0;0;0;0;0;0;0;0;0;0
FR;11;2021-08-01;0;0;0;0;0;0;0;0;0;0;0;0;0;0;0;0;0;0
FR;11;2021-08-02;0;0;0;0;0;0;0;0;0;0;0;0;0;0;0;0;0;0
FR;11;2021-08-03;0;0;0;0;0;0;0;0;0;0;0;0;0;0;0;0;0;0
FR;11;2021-08-04;0;0;0;0;0;0;0;0;0;0;0;0;0;0;0;0;0;0
FR;11;2021-08-05;0;0;0;0;0;0;0;0;0;0;0;0;0;0;0;0;0;0
FR;11;2021-08-06;0;0;0;0;0;0;0;0;0;0;0;0;0;0;0;0;0;0
FR;11;2021-08-07;0;0;0;0;0;0;0;0;0;0;0;0;0;0;0;0;0;0
FR;11;2021-08-08;0;0;0;0;0;0;0;0;0;0;0;0;0;0;0;0;0;0
FR;11;2021-08-09;0;0;0;0;0;0;0;0;0;0;0;0;0;0;0;0;0;0
FR;11;2021-08-10;0;0;0;0;0;0;0;0;0;0;0;0;0;0;0;0;0;0
FR;11;2021-08-11;0;0;0;0;0;0;0;0;0;0;0;0;0;0;0;0;0;0
FR;11;2021-08-12;0;0;0;0;0;0;0;0;0;0;0;0;0;0;0;0;0;0
FR;11;2021-08-13;0;0;0;0;0;0;0;0;0;0;0;0;0;0;0;0;0;0
FR;11;2021-08-14;0;0;0;0;0;0;0;0;0;0;0;0;0;0;0;0;0;0
FR;11;2021-08-15;0;0;0;0;0;0;0;0;0;0;0;0;0;0;0;0;0;0
FR;11;2021-08-16;0;0;0;0;0;0;0;0;0;0;0;0;0;0;0;0;0;0
FR;11;2021-08-17;0;0;0;0;0;0;0;0;0;0;0;0;0;0;0;0;0;0
FR;11;2021-08-18;0;0;0;0;0;0;0;0;0;0;0;0;0;0;0;0;0;0
FR;11;2021-08-19;0;0;0;0;0;0;0;0;0;0;0;0;0;0;0;0;0;0
FR;11;2021-08-20;0;0;0;0;0;0;0;0;0;0;0;0;0;0;0;0;0;0
FR;11;2021-08-21;0;0;0;0;0;0;0;0;0;0;0;0;0;0;0;0;0;0
FR;11;2021-08-22;0;0;0;0;0;0;0;0;0;0;0;0;0;0;0;0;0;0
FR;11;2021-08-23;0;0;0;0;0;0;0;0;0;0;0;0;0;0;0;0;0;0
FR;11;2021-08-24;0;0;0;0;0;0;0;0;0;0;0;0;0;0;0;0;0;0
FR;11;2021-08-25;0;0;0;0;0;0;0;0;0;0;0;0;0;0;0;0;0;0
FR;11;2021-08-26;0;0;0;0;0;0;0;0;0;0;0;0;0;0;0;0;0;0
FR;11;2021-08-27;0;0;0;0;0;0;0;0;0;0;0;0;0;0;0;0;0;0
FR;11;2021-08-28;0;0;0;0;0;0;0;0;0;0;0;0;0;0;0;0;0;0
FR;11;2021-08-29;0;0;0;0;0;0;0;0;0;0;0;0;0;0;0;0;0;0
FR;11;2021-08-30;0;0;0;0;0;0;0;0;0;0;0;0;0;0;0;0;0;0
FR;11;2021-08-31;0;0;0;0;0;0;0;0;0;0;0;0;0;0;0;0;0;0
FR;11;2021-09-01;0;0;0;0;0;0;0;0;0;0;0;0;0;0;0;0;0;0
FR;11;2021-09-02;0;0;0;0;0;0;0;0;0;0;0;0;0;0;0;0;0;0
FR;11;2021-09-03;0;0;0;0;0;0;0;0;0;0;0;0;0;0;0;0;0;0
FR;11;2021-09-04;0;0;0;0;0;0;0;0;0;0;0;0;0;0;0;0;0;0
FR;11;2021-09-05;0;0;0;0;0;0;0;0;0;0;0;0;0;0;0;0;0;0
FR;11;2021-09-06;0;0;0;0;0;0;0;0;0;0;0;0;0;0;0;0;0;0
FR;11;2021-09-07;0;0;0;0;0;0;0;0;0;0;0;0;0;0;0;0;0;0
FR;11;2021-09-08;0;0;0;0;0;0;0;0;0;0;0;0;0;0;0;0;0;0
FR;11;2021-09-09;0;0;0;0;0;0;0;0;0;0;0;0;0;0;0;0;0;0
FR;11;2021-09-10;0;0;0;0;0;0;0;0;0;0;0;0;0;0;0;0;0;0
FR;11;2021-09-11;0;0;0;0;0;0;0;0;0;0;0;0;0;0;0;0;0;0
FR;11;2021-09-12;0;0;0;0;0;0;0;0;0;0;0;0;0;0;0;0;0;0
FR;11;2021-09-13;0;0;0;0;0;0;0;0;0;0;0;0;0;0;0;0;0;0
FR;11;2021-09-14;0;0;0;0;0;0;0;0;0;0;0;0;0;0;0;0;0;0
FR;11;2021-09-15;0;0;0;0;0;0;0;0;0;0;0;0;0;0;0;0;0;0
FR;11;2021-09-16;0;0;0;0;0;0;0;0;0;0;0;0;0;0;0;0;0;0
FR;11;2021-09-17;0;0;0;0;0;0;0;0;0;0;0;0;0;0;0;0;0;0
FR;11;2021-09-18;0;0;0;0;0;0;0;0;0;0;0;0;0;0;0;0;0;0
FR;11;2021-09-19;0;0;0;0;0;0;0;0;0;0;0;0;0;0;0;0;0;0
FR;11;2021-09-20;0;0;0;0;0;0;0;0;0;0;0;0;0;0;0;0;0;0
FR;11;2021-09-21;0;0;0;0;0;0;0;0;0;0;0;0;0;0;0;0;0;0
FR;11;2021-09-22;0;0;0;0;0;0;0;0;0;0;0;0;0;0;0;0;0;0
FR;11;2021-09-23;0;0;0;0;0;0;0;0;0;0;0;0;0;0;0;0;0;0
FR;11;2021-09-24;0;0;0;0;0;0;0;0;0;0;0;0;0;0;0;0;0;0
FR;11;2021-09-25;0;0;0;0;0;0;0;0;0;0;0;0;0;0;0;0;0;0
FR;11;2021-09-26;0;0;0;0;0;0;0;0;0;0;0;0;0;0;0;0;0;0
FR;11;2021-09-27;0;0;0;0;0;0;0;0;0;0;0;0;0;0;0;0;0;0
FR;11;2021-09-28;0;0;0;0;0;0;0;0;0;0;0;0;0;0;0;0;0;0
FR;11;2021-09-29;0;0;0;0;0;0;0;0;0;0;0;0;0;0;0;0;0;0
FR;11;2021-09-30;0;0;0;0;0;0;0;0;0;0;0;0;0;0;0;0;0;0
FR;11;2021-10-01;0;0;0;0;0;0;0;0;0;0;0;0;0;0;0;0;0;0
FR;11;2021-10-02;0;0;0;0;0;0;0;0;0;0;0;0;0;0;0;0;0;0
FR;11;2021-10-03;0;0;0;0;0;0;0;0;0;0;0;0;0;0;0;0;0;0
FR;11;2021-10-04;0;0;0;0;0;0;0;0;0;0;0;0;0;0;0;0;0;0
FR;11;2021-10-05;0;0;0;0;0;0;0;0;0;0;0;0;0;0;0;0;0;0
FR;11;2021-10-06;0;0;0;0;0;0;0;0;0;0;0;0;0;0;0;0;0;0
FR;11;2021-10-07;0;0;0;0;0;0;0;0;0;0;0;0;0;0;0;0;0;0
FR;11;2021-10-08;0;0;0;0;0;0;0;0;0;0;0;0;0;0;0;0;0;0
FR;11;2021-10-09;0;0;0;0;0;0;0;0;0;0;0;0;0;0;0;0;0;0
FR;11;2021-10-10;0;0;0;0;0;0;0;0;0;0;0;0;0;0;0;0;0;0
FR;11;2021-10-11;0;0;0;0;0;0;0;0;0;0;0;0;0;0;0;0;0;0
FR;11;2021-10-12;0;0;0;0;0;0;0;0;0;0;0;0;0;0;0;0;0;0
FR;11;2021-10-13;0;0;0;0;0;0;0;0;0;0;0;0;0;0;0;0;0;0
FR;11;2021-10-14;0;0;0;0;0;0;0;0;0;0;0;0;0;0;0;0;0;0
FR;11;2021-10-15;0;0;0;0;0;0;0;0;0;0;0;0;0;0;0;0;0;0
FR;11;2021-10-16;0;0;0;0;0;0;0;0;0;0;0;0;0;0;0;0;0;0
FR;11;2021-10-17;0;0;0;0;0;0;0;0;0;0;0;0;0;0;0;0;0;0
FR;11;2021-10-18;0;0;0;0;0;0;0;0;0;0;0;0;0;0;0;0;0;0
FR;11;2021-10-19;0;0;0;0;0;0;0;0;0;0;0;0;0;0;0;0;0;0
FR;11;2021-10-20;0;0;0;0;0;0;0;0;0;0;0;0;0;0;0;0;0;0
FR;11;2021-10-21;0;0;0;0;0;0;0;0;0;0;0;0;0;0;0;0;0;0
FR;11;2021-10-22;0;0;0;0;0;0;0;0;0;0;0;0;0;0;0;0;0;0
FR;11;2021-10-23;0;0;0;0;0;0;0;0;0;0;0;0;0;0;0;0;0;0
FR;11;2021-10-24;0;0;0;0;0;0;0;0;0;0;0;0;0;0;0;0;0;0
FR;11;2021-10-25;0;0;0;0;0;0;0;0;0;0;0;0;0;0;0;0;0;0
FR;11;2021-10-26;0;0;0;0;0;0;0;0;0;0;0;0;0;0;0;0;0;0
FR;11;2021-10-27;0;0;0;0;0;0;0;0;0;0;0;0;0;0;0;0;0;0
FR;11;2021-10-28;0;0;0;0;0;0;0;0;0;0;0;0;0;0;0;0;0;0
FR;11;2021-10-29;0;0;0;0;0;0;0;0;0;0;0;0;0;0;0;0;0;0
FR;11;2021-10-30;0;0;0;0;0;0;0;0;0;0;0;0;0;0;0;0;0;0
FR;11;2021-10-31;0;0;0;0;0;0;0;0;0;0;0;0;0;0;0;0;0;0
FR;11;2021-11-01;0;0;0;0;0;0;0;0;0;0;0;0;0;0;0;0;0;0
FR;11;2021-11-02;0;0;0;0;0;0;0;0;0;0;0;0;0;0;0;0;0;0
FR;11;2021-11-03;0;0;0;0;0;0;0;0;0;0;0;0;0;0;0;0;0;0
FR;11;2021-11-04;0;0;0;0;0;0;0;0;0;0;0;0;0;0;0;0;0;0
FR;11;2021-11-05;0;0;0;0;0;0;0;0;0;0;0;0;0;0;0;0;0;0
FR;11;2021-11-06;0;0;0;0;0;0;0;0;0;0;0;0;0;0;0;0;0;0
FR;11;2021-11-07;0;0;0;0;0;0;0;0;0;0;0;0;0;0;0;0;0;0
FR;11;2021-11-08;0;0;0;0;0;0;0;0;0;0;0;0;0;0;0;0;0;0
FR;11;2021-11-09;0;0;0;0;0;0;0;0;0;0;0;0;0;0;0;0;0;0
FR;11;2021-11-10;0;0;0;0;0;0;0;0;0;0;0;0;0;0;0;0;0;0
FR;11;2021-11-11;0;0;0;0;0;0;0;0;0;0;0;0;0;0;0;0;0;0
FR;11;2021-11-12;0;0;0;0;0;0;0;0;0;0;0;0;0;0;0;0;0;0
FR;11;2021-11-13;0;0;0;0;0;0;0;0;0;0;0;0;0;0;0;0;0;0
FR;11;2021-11-14;0;0;0;0;0;0;0;0;0;0;0;0;0;0;0;0;0;0
FR;11;2021-11-15;0;0;0;0;0;0;0;0;0;0;0;0;0;0;0;0;0;0
FR;11;2021-11-16;0;0;0;0;0;0;0;0;0;0;0;0;0;0;0;0;0;0
FR;11;2021-11-17;0;0;0;0;0;0;0;0;0;0;0;0;0;0;0;0;0;0
FR;11;2021-11-18;0;0;0;0;0;0;0;0;0;0;0;0;0;0;0;0;0;0
FR;11;2021-11-19;0;0;0;0;0;0;0;0;0;0;0;0;0;0;0;0;0;0
FR;11;2021-11-20;0;0;0;0;0;0;0;0;0;0;0;0;0;0;0;0;0;0
FR;11;2021-11-21;0;0;0;0;0;0;0;0;0;0;0;0;0;0;0;0;0;0
FR;11;2021-11-22;0;0;0;0;0;0;0;0;0;0;0;0;0;0;0;0;0;0
FR;11;2021-11-23;0;0;0;0;0;0;0;0;0;0;0;0;0;0;0;0;0;0
FR;11;2021-11-24;0;0;0;0;0;0;0;0;0;0;0;0;0;0;0;0;0;0
FR;11;2021-11-25;0;0;0;0;0;0;0;0;0;0;0;0;0;0;0;0;0;0
FR;11;2021-11-26;0;0;0;0;0;0;0;0;0;0;0;0;0;0;0;0;0;0
FR;11;2021-11-27;0;0;0;0;0;0;0;0;0;0;0;0;0;0;0;0;0;0
FR;11;2021-11-28;0;0;0;0;0;0;0;0;0;0;0;0;0;0;0;0;0;0
FR;11;2021-11-29;0;0;0;0;0;0;0;0;0;0;0;0;0;0;0;0;0;0
FR;11;2021-11-30;0;0;0;0;0;0;0;0;0;0;0;0;0;0;0;0;0;0
FR;11;2021-12-01;0;0;0;0;0;0;0;0;0;0;0;0;0;0;0;0;0;0
FR;11;2021-12-02;0;0;0;0;0;0;0;0;0;0;0;0;0;0;0;0;0;0
FR;11;2021-12-03;0;0;0;0;0;0;0;0;0;0;0;0;0;0;0;0;0;0
FR;11;2021-12-04;0;0;0;0;0;0;0;0;0;0;0;0;0;0;0;0;0;0
FR;11;2021-12-05;0;0;0;0;0;0;0;0;0;0;0;0;0;0;0;0;0;0
FR;11;2021-12-06;0;0;0;0;0;0;0;0;0;0;0;0;0;0;0;0;0;0
FR;11;2021-12-07;0;0;0;0;0;0;0;0;0;0;0;0;0;0;0;0;0;0
FR;11;2021-12-08;0;0;0;0;0;0;0;0;0;0;0;0;0;0;0;0;0;0
FR;11;2021-12-09;0;0;0;0;0;0;0;0;0;0;0;0;0;0;0;0;0;0
FR;11;2021-12-10;0;0;0;0;0;0;0;0;0;0;0;0;0;0;0;0;0;0
FR;11;2021-12-11;0;0;0;0;0;0;0;0;0;0;0;0;0;0;0;0;0;0
FR;11;2021-12-12;0;0;0;0;0;0;0;0;0;0;0;0;0;0;0;0;0;0
FR;11;2021-12-13;0;0;0;0;0;0;0;0;0;0;0;0;0;0;0;0;0;0
FR;11;2021-12-14;0;0;0;0;0;0;0;0;0;0;0;0;0;0;0;0;0;0
FR;11;2021-12-15;0;0;0;0;0;0;0;0;0;0;0;0;0;0;0;0;0;0
FR;11;2021-12-16;0;0;0;0;0;0;0;0;0;0;0;0;0;0;0;0;0;0
FR;11;2021-12-17;0;0;0;0;0;0;0;0;0;0;0;0;0;0;0;0;0;0
FR;11;2021-12-18;0;0;0;0;0;0;0;0;0;0;0;0;0;0;0;0;0;0
FR;11;2021-12-19;0;0;0;0;0;0;0;0;0;0;0;0;0;0;0;0;0;0
FR;11;2021-12-20;0;0;0;0;0;0;0;0;0;0;0;0;0;0;0;0;0;0
FR;11;2021-12-21;0;0;0;0;0;0;0;0;0;0;0;0;0;0;0;0;0;0
FR;11;2021-12-22;0;0;0;0;0;0;0;0;0;0;0;0;0;0;0;0;0;0
FR;11;2021-12-23;0;0;0;0;0;0;0;0;0;0;0;0;0;0;0;0;0;0
FR;11;2021-12-24;0;0;0;0;0;0;0;0;0;0;0;0;0;0;0;0;0;0
FR;11;2021-12-25;0;0;0;0;0;0;0;0;0;0;0;0;0;0;0;0;0;0
FR;11;2021-12-26;0;0;0;0;0;0;0;0;0;0;0;0;0;0;0;0;0;0
FR;11;2021-12-27;0;0;0;0;0;0;0;0;0;0;0;0;0;0;0;0;0;0
FR;11;2021-12-28;0;0;0;0;0;0;0;0;0;0;0;0;0;0;0;0;0;0
FR;11;2021-12-29;0;0;0;0;0;0;0;0;0;0;0;0;0;0;0;0;0;0
FR;11;2021-12-30;0;0;0;0;0;0;0;0;0;0;0;0;0;0;0;0;0;0
FR;11;2021-12-31;0;0;0;0;0;0;0;0;0;0;0;0;0;0;0;0;0;0
FR;11;2022-01-01;0;0;0;0;0;0;0;0;0;0;0;0;0;0;0;0;0;0
FR;11;2022-01-02;0;0;0;0;0;0;0;0;0;0;0;0;0;0;0;0;0;0
FR;11;2022-01-03;0;0;0;0;0;0;0;0;0;0;0;0;0;0;0;0;0;0
FR;11;2022-01-04;0;0;0;0;0;0;0;0;0;0;0;0;0;0;0;0;0;0
FR;11;2022-01-05;0;0;0;0;0;0;0;0;0;0;0;0;0;0;0;0;0;0
FR;11;2022-01-06;0;0;0;0;0;0;0;0;0;0;0;0;0;0;0;0;0;0
FR;11;2022-01-07;0;0;0;0;0;0;0;0;0;0;0;0;0;0;0;0;0;0
FR;11;2022-01-08;0;0;0;0;0;0;0;0;0;0;0;0;0;0;0;0;0;0
FR;11;2022-01-09;0;0;0;0;0;0;0;0;0;0;0;0;0;0;0;0;0;0
FR;11;2022-01-10;0;0;0;0;0;0;0;0;0;0;0;0;0;0;0;0;0;0
FR;11;2022-01-11;0;0;0;0;0;0;0;0;0;0;0;0;0;0;0;0;0;0
FR;11;2022-01-12;0;0;0;0;0;0;0;0;0;0;0;0;0;0;0;0;0;0
FR;11;2022-01-13;0;0;0;0;0;0;0;0;0;0;0;0;0;0;0;0;0;0
FR;11;2022-01-14;0;0;0;0;0;0;0;0;0;0;0;0;0;0;0;0;0;0
FR;11;2022-01-15;0;0;0;0;0;0;0;0;0;0;0;0;0;0;0;0;0;0
FR;11;2022-01-16;0;0;0;0;0;0;0;0;0;0;0;0;0;0;0;0;0;0
FR;11;2022-01-17;0;0;0;0;0;0;0;0;0;0;0;0;0;0;0;0;0;0
FR;11;2022-01-18;0;0;0;0;0;0;0;0;0;0;0;0;0;0;0;0;0;0
FR;11;2022-01-19;0;0;0;0;0;0;0;0;0;0;0;0;0;0;0;0;0;0
FR;11;2022-01-20;0;0;0;0;0;0;0;0;0;0;0;0;0;0;0;0;0;0
FR;11;2022-01-21;0;0;0;0;0;0;0;0;0;0;0;0;0;0;0;0;0;0
FR;11;2022-01-22;0;0;0;0;0;0;0;0;0;0;0;0;0;0;0;0;0;0
FR;11;2022-01-23;0;0;0;0;0;0;0;0;0;0;0;0;0;0;0;0;0;0
FR;11;2022-01-24;0;0;0;0;0;0;0;0;0;0;0;0;0;0;0;0;0;0
FR;11;2022-01-25;0;0;0;0;0;0;0;0;0;0;0;0;0;0;0;0;0;0
FR;11;2022-01-26;0;0;0;0;0;0;0;0;0;0;0;0;0;0;0;0;0;0
FR;11;2022-01-27;0;0;0;0;0;0;0;0;0;0;0;0;0;0;0;0;0;0
FR;11;2022-01-28;0;0;0;0;0;0;0;0;0;0;0;0;0;0;0;0;0;0
FR;11;2022-01-29;0;0;0;0;0;0;0;0;0;0;0;0;0;0;0;0;0;0
FR;11;2022-01-30;0;0;0;0;0;0;0;0;0;0;0;0;0;0;0;0;0;0
FR;11;2022-01-31;0;0;0;0;0;0;0;0;0;0;0;0;0;0;0;0;0;0
FR;11;2022-02-01;0;0;0;0;0;0;0;0;0;0;0;0;0;0;0;0;0;0
FR;11;2022-02-02;0;0;0;0;0;0;0;0;0;0;0;0;0;0;0;0;0;0
FR;11;2022-02-03;0;0;0;0;0;0;0;0;0;0;0;0;0;0;0;0;0;0
FR;11;2022-02-04;0;0;0;0;0;0;0;0;0;0;0;0;0;0;0;0;0;0
FR;11;2022-02-05;0;0;0;0;0;0;0;0;0;0;0;0;0;0;0;0;0;0
FR;11;2022-02-06;0;0;0;0;0;0;0;0;0;0;0;0;0;0;0;0;0;0
FR;11;2022-02-07;0;0;0;0;0;0;0;0;0;0;0;0;0;0;0;0;0;0
FR;11;2022-02-08;0;0;0;0;0;0;0;0;0;0;0;0;0;0;0;0;0;0
FR;11;2022-02-09;0;0;0;0;0;0;0;0;0;0;0;0;0;0;0;0;0;0
FR;11;2022-02-10;0;0;0;0;0;0;0;0;0;0;0;0;0;0;0;0;0;0
FR;11;2022-02-11;0;0;0;0;0;0;0;0;0;0;0;0;0;0;0;0;0;0
FR;11;2022-02-12;0;0;0;0;0;0;0;0;0;0;0;0;0;0;0;0;0;0
FR;11;2022-02-13;0;0;0;0;0;0;0;0;0;0;0;0;0;0;0;0;0;0
FR;11;2022-02-14;0;0;0;0;0;0;0;0;0;0;0;0;0;0;0;0;0;0
FR;11;2022-02-15;0;0;0;0;0;0;0;0;0;0;0;0;0;0;0;0;0;0
FR;11;2022-02-16;0;0;0;0;0;0;0;0;0;0;0;0;0;0;0;0;0;0
FR;11;2022-02-17;0;0;0;0;0;0;0;0;0;0;0;0;0;0;0;0;0;0
FR;11;2022-02-18;0;0;0;0;0;0;0;0;0;0;0;0;0;0;0;0;0;0
FR;11;2022-02-19;0;0;0;0;0;0;0;0;0;0;0;0;0;0;0;0;0;0
FR;11;2022-02-20;0;0;0;0;0;0;0;0;0;0;0;0;0;0;0;0;0;0
FR;11;2022-02-21;0;0;0;0;0;0;0;0;0;0;0;0;0;0;0;0;0;0
FR;11;2022-02-22;0;0;0;0;0;0;0;0;0;0;0;0;0;0;0;0;0;0
FR;11;2022-02-23;0;0;0;0;0;0;0;0;0;0;0;0;0;0;0;0;0;0
FR;11;2022-02-24;0;0;0;0;0;0;0;0;0;0;0;0;0;0;0;0;0;0
FR;11;2022-02-25;0;0;0;0;0;0;0;0;0;0;0;0;0;0;0;0;0;0
FR;11;2022-02-26;0;0;0;0;0;0;0;0;0;0;0;0;0;0;0;0;0;0
FR;11;2022-02-27;0;0;0;0;0;0;0;0;0;0;0;0;0;0;0;0;0;0
FR;11;2022-02-28;0;0;0;0;0;0;0;0;0;0;0;0;0;0;0;0;0;0
FR;11;2022-03-01;0;0;0;0;0;0;0;0;0;0;0;0;0;0;0;0;0;0
FR;11;2022-03-02;0;0;0;0;0;0;0;0;0;0;0;0;0;0;0;0;0;0
FR;11;2022-03-03;0;0;0;0;0;0;0;0;0;0;0;0;0;0;0;0;0;0
FR;11;2022-03-04;0;0;0;0;0;0;0;0;0;0;0;0;0;0;0;0;0;0
FR;11;2022-03-05;0;0;0;0;0;0;0;0;0;0;0;0;0;0;0;0;0;0
FR;11;2022-03-06;0;0;0;0;0;0;0;0;0;0;0;0;0;0;0;0;0;0
FR;11;2022-03-07;0;0;0;0;0;0;0;0;0;0;0;0;0;0;0;0;0;0
FR;11;2022-03-08;0;0;0;0;0;0;0;0;0;0;0;0;0;0;0;0;0;0
FR;11;2022-03-09;0;0;0;0;0;0;0;0;0;0;0;0;0;0;0;0;0;0
FR;11;2022-03-10;0;0;0;0;0;0;0;0;0;0;0;0;0;0;0;0;0;0
FR;11;2022-03-11;0;0;0;0;0;0;0;0;0;0;0;0;0;0;0;0;0;0
FR;11;2022-03-12;0;0;0;0;0;0;0;0;0;0;0;0;0;0;0;0;0;0
FR;11;2022-03-13;0;0;0;0;0;0;0;0;0;0;0;0;0;0;0;0;0;0
FR;11;2022-03-14;0;0;0;0;0;0;0;0;0;0;0;0;0;0;0;0;0;0
FR;11;2022-03-15;0;0;0;0;0;0;0;0;0;0;0;0;0;0;0;0;0;0
FR;11;2022-03-16;0;0;0;0;0;0;0;0;0;0;0;0;0;0;0;0;0;0
FR;11;2022-03-17;0;0;0;0;0;0;0;0;0;0;0;0;0;0;0;0;0;0
FR;11;2022-03-18;0;0;0;0;0;0;0;0;0;0;0;0;0;0;0;0;0;0
FR;11;2022-03-19;0;0;0;0;0;0;0;0;0;0;0;0;0;0;0;0;0;0
FR;11;2022-03-20;0;0;0;0;0;0;0;0;0;0;0;0;0;0;0;0;0;0
FR;11;2022-03-21;0;0;0;0;0;0;0;0;0;0;0;0;0;0;0;0;0;0
FR;11;2022-03-22;0;0;0;0;0;0;0;0;0;0;0;0;0;0;0;0;0;0
FR;11;2022-03-23;0;0;0;0;0;0;0;0;0;0;0;0;0;0;0;0;0;0
FR;11;2022-03-24;0;0;0;0;0;0;0;0;0;0;0;0;0;0;0;0;0;0
FR;11;2022-03-25;0;0;0;0;0;0;0;0;0;0;0;0;0;0;0;0;0;0
FR;11;2022-03-26;0;0;0;0;0;0;0;0;0;0;0;0;0;0;0;0;0;0
FR;11;2022-03-27;0;0;0;0;0;0;0;0;0;0;0;0;0;0;0;0;0;0
FR;11;2022-03-28;0;0;0;0;0;0;0;0;0;0;0;0;0;0;0;0;0;0
FR;11;2022-03-29;0;0;0;0;0;0;0;0;0;0;0;0;0;0;0;0;0;0
FR;11;2022-03-30;0;0;0;0;0;0;0;0;0;0;0;0;0;0;0;0;0;0
FR;11;2022-03-31;0;0;0;0;0;0;0;0;0;0;0;0;0;0;0;0;0;0
FR;11;2022-04-01;0;0;0;0;0;0;0;0;0;0;0;0;0;0;0;0;0;0
FR;11;2022-04-02;0;0;0;0;0;0;0;0;0;0;0;0;0;0;0;0;0;0
FR;11;2022-04-03;0;0;0;0;0;0;0;0;0;0;0;0;0;0;0;0;0;0
FR;11;2022-04-04;0;0;0;0;0;0;0;0;0;0;0;0;0;0;0;0;0;0
FR;11;2022-04-05;0;0;0;0;0;0;0;0;0;0;0;0;0;0;0;0;0;0
FR;11;2022-04-06;0;0;0;0;0;0;0;0;0;0;0;0;0;0;0;0;0;0
FR;11;2022-04-07;0;0;0;0;0;0;0;0;0;0;0;0;0;0;0;0;0;0
FR;11;2022-04-08;0;0;0;0;0;0;0;0;0;0;0;0;0;0;0;0;0;0
FR;11;2022-04-09;0;0;0;0;0;0;0;0;0;0;0;0;0;0;0;0;0;0
FR;11;2022-04-10;0;0;0;0;0;0;0;0;0;0;0;0;0;0;0;0;0;0
FR;11;2022-04-11;0;0;0;0;0;0;0;0;0;0;0;0;0;0;0;0;0;0
FR;11;2022-04-12;0;0;0;0;0;0;0;0;0;0;0;0;0;0;0;0;0;0
FR;11;2022-04-13;0;0;0;0;0;0;0;0;0;0;0;0;0;0;0;0;0;0
FR;11;2022-04-14;0;0;0;0;0;0;0;0;0;0;0;0;0;0;0;0;0;0
FR;11;2022-04-15;0;0;0;0;0;0;0;0;0;0;0;0;0;0;0;0;0;0
FR;11;2022-04-16;0;0;0;0;0;0;0;0;0;0;0;0;0;0;0;0;0;0
FR;11;2022-04-17;0;0;0;0;0;0;0;0;0;0;0;0;0;0;0;0;0;0
FR;11;2022-04-18;0;0;0;0;0;0;0;0;0;0;0;0;0;0;0;0;0;0
FR;11;2022-04-19;0;0;0;0;0;0;0;0;0;0;0;0;0;0;0;0;0;0
FR;11;2022-04-20;0;0;0;0;0;0;0;0;0;0;0;0;0;0;0;0;0;0
FR;11;2022-04-21;0;0;0;0;0;0;0;0;0;0;0;0;0;0;0;0;0;0
FR;11;2022-04-22;0;0;0;0;0;0;0;0;0;0;0;0;0;0;0;0;0;0
FR;11;2022-04-23;0;0;0;0;0;0;0;0;0;0;0;0;0;0;0;0;0;0
FR;11;2022-04-24;0;0;0;0;0;0;0;0;0;0;0;0;0;0;0;0;0;0
FR;11;2022-04-25;0;0;0;0;0;0;0;0;0;0;0;0;0;0;0;0;0;0
FR;11;2022-04-26;0;0;0;0;0;0;0;0;0;0;0;0;0;0;0;0;0;0
FR;11;2022-04-27;0;0;0;0;0;0;0;0;0;0;0;0;0;0;0;0;0;0
FR;11;2022-04-28;0;0;0;0;0;0;0;0;0;0;0;0;0;0;0;0;0;0
FR;11;2022-04-29;0;0;0;0;0;0;0;0;0;0;0;0;0;0;0;0;0;0
FR;11;2022-04-30;0;0;0;0;0;0;0;0;0;0;0;0;0;0;0;0;0;0
FR;11;2022-05-01;0;0;0;0;0;0;0;0;0;0;0;0;0;0;0;0;0;0
FR;11;2022-05-02;0;0;0;0;0;0;0;0;0;0;0;0;0;0;0;0;0;0
FR;11;2022-05-03;0;0;0;0;0;0;0;0;0;0;0;0;0;0;0;0;0;0
FR;11;2022-05-04;0;0;0;0;0;0;0;0;0;0;0;0;0;0;0;0;0;0
FR;11;2022-05-05;0;0;0;0;0;0;0;0;0;0;0;0;0;0;0;0;0;0
FR;11;2022-05-06;0;0;0;0;0;0;0;0;0;0;0;0;0;0;0;0;0;0
FR;11;2022-05-07;0;0;0;0;0;0;0;0;0;0;0;0;0;0;0;0;0;0
FR;11;2022-05-08;0;0;0;0;0;0;0;0;0;0;0;0;0;0;0;0;0;0
FR;11;2022-05-09;0;0;0;0;0;0;0;0;0;0;0;0;0;0;0;0;0;0
FR;11;2022-05-10;0;0;0;0;0;0;0;0;0;0;0;0;0;0;0;0;0;0
FR;11;2022-05-11;0;0;0;0;0;0;0;0;0;0;0;0;0;0;0;0;0;0
FR;11;2022-05-12;0;0;0;0;0;0;0;0;0;0;0;0;0;0;0;0;0;0
FR;11;2022-05-13;0;0;0;0;0;0;0;0;0;0;0;0;0;0;0;0;0;0
FR;11;2022-05-14;0;0;0;0;0;0;0;0;0;0;0;0;0;0;0;0;0;0
FR;11;2022-05-15;0;0;0;0;0;0;0;0;0;0;0;0;0;0;0;0;0;0
FR;11;2022-05-16;0;0;0;0;0;0;0;0;0;0;0;0;0;0;0;0;0;0
FR;11;2022-05-17;0;0;0;0;0;0;0;0;0;0;0;0;0;0;0;0;0;0
FR;11;2022-05-18;0;0;0;0;0;0;0;0;0;0;0;0;0;0;0;0;0;0
FR;11;2022-05-19;0;0;0;0;0;0;0;0;0;0;0;0;0;0;0;0;0;0
FR;11;2022-05-20;0;0;0;0;0;0;0;0;0;0;0;0;0;0;0;0;0;0
FR;11;2022-05-21;0;0;0;0;0;0;0;0;0;0;0;0;0;0;0;0;0;0
FR;11;2022-05-22;0;0;0;0;0;0;0;0;0;0;0;0;0;0;0;0;0;0
FR;11;2022-05-23;0;0;0;0;0;0;0;0;0;0;0;0;0;0;0;0;0;0
FR;11;2022-05-24;0;0;0;0;0;0;0;0;0;0;0;0;0;0;0;0;0;0
FR;11;2022-05-25;0;0;0;0;0;0;0;0;0;0;0;0;0;0;0;0;0;0
FR;11;2022-05-26;0;0;0;0;0;0;0;0;0;0;0;0;0;0;0;0;0;0
FR;11;2022-05-27;0;0;0;0;0;0;0;0;0;0;0;0;0;0;0;0;0;0
FR;11;2022-05-28;0;0;0;0;0;0;0;0;0;0;0;0;0;0;0;0;0;0
FR;11;2022-05-29;0;0;0;0;0;0;0;0;0;0;0;0;0;0;0;0;0;0
FR;11;2022-05-30;0;0;0;0;0;0;0;0;0;0;0;0;0;0;0;0;0;0
FR;11;2022-05-31;0;0;0;0;0;0;0;0;0;0;0;0;0;0;0;0;0;0
FR;11;2022-06-01;0;0;0;0;0;0;0;0;0;0;0;0;0;0;0;0;0;0
FR;11;2022-06-02;0;0;0;0;0;0;0;0;0;0;0;0;0;0;0;0;0;0
FR;11;2022-06-03;0;0;0;0;0;0;0;0;0;0;0;0;0;0;0;0;0;0
FR;11;2022-06-04;0;0;0;0;0;0;0;0;0;0;0;0;0;0;0;0;0;0
FR;11;2022-06-05;0;0;0;0;0;0;0;0;0;0;0;0;0;0;0;0;0;0
FR;11;2022-06-06;0;0;0;0;0;0;0;0;0;0;0;0;0;0;0;0;0;0
FR;11;2022-06-07;0;0;0;0;0;0;0;0;0;0;0;0;0;0;0;0;0;0
FR;11;2022-06-08;0;0;0;0;0;0;0;0;0;0;0;0;0;0;0;0;0;0
FR;11;2022-06-09;0;0;0;0;0;0;0;0;0;0;0;0;0;0;0;0;0;0
FR;11;2022-06-10;0;0;0;0;0;0;0;0;0;0;0;0;0;0;0;0;0;0
FR;11;2022-06-11;0;0;0;0;0;0;0;0;0;0;0;0;0;0;0;0;0;0
FR;11;2022-06-12;0;0;0;0;0;0;0;0;0;0;0;0;0;0;0;0;0;0
FR;11;2022-06-13;0;0;0;0;0;0;0;0;0;0;0;0;0;0;0;0;0;0
FR;11;2022-06-14;0;0;0;0;0;0;0;0;0;0;0;0;0;0;0;0;0;0
FR;11;2022-06-15;0;0;0;0;0;0;0;0;0;0;0;0;0;0;0;0;0;0
FR;11;2022-06-16;0;0;0;0;0;0;0;0;0;0;0;0;0;0;0;0;0;0
FR;11;2022-06-17;0;0;0;0;0;0;0;0;0;0;0;0;0;0;0;0;0;0
FR;11;2022-06-18;0;0;0;0;0;0;0;0;0;0;0;0;0;0;0;0;0;0
FR;11;2022-06-19;0;0;0;0;0;0;0;0;0;0;0;0;0;0;0;0;0;0
FR;11;2022-06-20;0;0;0;0;0;0;0;0;0;0;0;0;0;0;0;0;0;0
FR;11;2022-06-21;0;0;0;0;0;0;0;0;0;0;0;0;0;0;0;0;0;0
FR;11;2022-06-22;0;0;0;0;0;0;0;0;0;0;0;0;0;0;0;0;0;0
FR;11;2022-06-23;0;0;0;0;0;0;0;0;0;0;0;0;0;0;0;0;0;0
FR;11;2022-06-24;0;0;0;0;0;0;0;0;0;0;0;0;0;0;0;0;0;0
FR;11;2022-06-25;0;0;0;0;0;0;0;0;0;0;0;0;0;0;0;0;0;0
FR;11;2022-06-26;0;0;0;0;0;0;0;0;0;0;0;0;0;0;0;0;0;0
FR;11;2022-06-27;0;0;0;0;0;0;0;0;0;0;0;0;0;0;0;0;0;0
FR;11;2022-06-28;0;0;0;0;0;0;0;0;0;0;0;0;0;0;0;0;0;0
FR;11;2022-06-29;0;0;0;0;0;0;0;0;0;0;0;0;0;0;0;0;0;0
FR;11;2022-06-30;0;0;0;0;0;0;0;0;0;0;0;0;0;0;0;0;0;0
FR;11;2022-07-01;0;0;0;0;0;0;0;0;0;0;0;0;0;0;0;0;0;0
FR;11;2022-07-02;0;0;0;0;0;0;0;0;0;0;0;0;0;0;0;0;0;0
FR;11;2022-07-03;0;0;0;0;0;0;0;0;0;0;0;0;0;0;0;0;0;0
FR;11;2022-07-04;0;0;0;0;0;0;0;0;0;0;0;0;0;0;0;0;0;0
FR;11;2022-07-05;0;0;0;0;0;0;0;0;0;0;0;0;0;0;0;0;0;0
FR;11;2022-07-06;0;0;0;0;0;0;0;0;0;0;0;0;0;0;0;0;0;0
FR;11;2022-07-07;0;0;0;0;0;0;0;0;0;0;0;0;0;0;0;0;0;0
FR;11;2022-07-08;0;0;0;0;0;0;0;0;0;0;0;0;0;0;0;0;0;0
FR;11;2022-07-09;0;0;0;0;0;0;0;0;0;0;0;0;0;0;0;0;0;0
FR;11;2022-07-10;0;0;0;0;0;0;0;0;0;0;0;0;0;0;0;0;0;0
FR;11;2022-07-11;0;0;0;0;0;0;0;0;0;0;0;0;0;0;0;0;0;0
FR;11;2022-07-12;0;0;0;0;0;0;0;0;0;0;0;0;0;0;0;0;0;0
FR;11;2022-07-13;0;0;0;0;0;0;0;0;0;0;0;0;0;0;0;0;0;0
FR;11;2022-07-14;0;0;0;0;0;0;0;0;0;0;0;0;0;0;0;0;0;0
FR;11;2022-07-15;0;0;0;0;0;0;0;0;0;0;0;0;0;0;0;0;0;0
FR;11;2022-07-16;0;0;0;0;0;0;0;0;0;0;0;0;0;0;0;0;0;0
FR;11;2022-07-17;0;0;0;0;0;0;0;0;0;0;0;0;0;0;0;0;0;0
FR;11;2022-07-18;0;0;0;0;0;0;0;0;0;0;0;0;0;0;0;0;0;0
FR;11;2022-07-19;0;0;0;0;0;0;0;0;0;0;0;0;0;0;0;0;0;0
FR;11;2022-07-20;0;0;0;0;0;0;0;0;0;0;0;0;0;0;0;0;0;0
FR;11;2022-07-21;0;0;0;0;0;0;0;0;0;0;0;0;0;0;0;0;0;0
FR;11;2022-07-22;0;0;0;0;0;0;0;0;0;0;0;0;0;0;0;0;0;0
FR;11;2022-07-23;0;0;0;0;0;0;0;0;0;0;0;0;0;0;0;0;0;0
FR;11;2022-07-24;0;0;0;0;0;0;0;0;0;0;0;0;0;0;0;0;0;0
FR;11;2022-07-25;0;0;0;0;0;0;0;0;0;0;0;0;0;0;0;0;0;0
FR;11;2022-07-26;0;0;0;0;0;0;0;0;0;0;0;0;0;0;0;0;0;0
FR;11;2022-07-27;0;0;0;0;0;0;0;0;0;0;0;0;0;0;0;0;0;0
FR;11;2022-07-28;0;0;0;0;0;0;0;0;0;0;0;0;0;0;0;0;0;0
FR;11;2022-07-29;0;0;0;0;0;0;0;0;0;0;0;0;0;0;0;0;0;0
FR;11;2022-07-30;0;0;0;0;0;0;0;0;0;0;0;0;0;0;0;0;0;0
FR;11;2022-07-31;0;0;0;0;0;0;0;0;0;0;0;0;0;0;0;0;0;0
FR;11;2022-08-01;0;0;0;0;0;0;0;0;0;0;0;0;0;0;0;0;0;0
FR;11;2022-08-02;0;0;0;0;0;0;0;0;0;0;0;0;0;0;0;0;0;0
FR;11;2022-08-03;0;0;0;0;0;0;0;0;0;0;0;0;0;0;0;0;0;0
FR;11;2022-08-04;0;0;0;0;0;0;0;0;0;0;0;0;0;0;0;0;0;0
FR;11;2022-08-05;0;0;0;0;0;0;0;0;0;0;0;0;0;0;0;0;0;0
FR;11;2022-08-06;0;0;0;0;0;0;0;0;0;0;0;0;0;0;0;0;0;0
FR;11;2022-08-07;0;0;0;0;0;0;0;0;0;0;0;0;0;0;0;0;0;0
FR;11;2022-08-08;0;0;0;0;0;0;0;0;0;0;0;0;0;0;0;0;0;0
FR;11;2022-08-09;0;0;0;0;0;0;0;0;0;0;0;0;0;0;0;0;0;0
FR;11;2022-08-10;0;0;0;0;0;0;0;0;0;0;0;0;0;0;0;0;0;0
FR;11;2022-08-11;0;0;0;0;0;0;0;0;0;0;0;0;0;0;0;0;0;0
FR;11;2022-08-12;0;0;0;0;0;0;0;0;0;0;0;0;0;0;0;0;0;0
FR;11;2022-08-13;0;0;0;0;0;0;0;0;0;0;0;0;0;0;0;0;0;0
FR;11;2022-08-14;0;0;0;0;0;0;0;0;0;0;0;0;0;0;0;0;0;0
FR;11;2022-08-15;0;0;0;0;0;0;0;0;0;0;0;0;0;0;0;0;0;0
FR;11;2022-08-16;0;0;0;0;0;0;0;0;0;0;0;0;0;0;0;0;0;0
FR;11;2022-08-17;0;0;0;0;0;0;0;0;0;0;0;0;0;0;0;0;0;0
FR;11;2022-08-18;0;0;0;0;0;0;0;0;0;0;0;0;0;0;0;0;0;0
FR;11;2022-08-19;0;0;0;0;0;0;0;0;0;0;0;0;0;0;0;0;0;0
FR;11;2022-08-20;0;0;0;0;0;0;0;0;0;0;0;0;0;0;0;0;0;0
FR;11;2022-08-21;0;0;0;0;0;0;0;0;0;0;0;0;0;0;0;0;0;0
FR;11;2022-08-22;0;0;0;0;0;0;0;0;0;0;0;0;0;0;0;0;0;0
FR;11;2022-08-23;0;0;0;0;0;0;0;0;0;0;0;0;0;0;0;0;0;0
FR;11;2022-08-24;0;0;0;0;0;0;0;0;0;0;0;0;0;0;0;0;0;0
FR;11;2022-08-25;0;0;0;0;0;0;0;0;0;0;0;0;0;0;0;0;0;0
FR;11;2022-08-26;0;0;0;0;0;0;0;0;0;0;0;0;0;0;0;0;0;0
FR;11;2022-08-27;0;0;0;0;0;0;0;0;0;0;0;0;0;0;0;0;0;0
FR;11;2022-08-28;0;0;0;0;0;0;0;0;0;0;0;0;0;0;0;0;0;0
FR;11;2022-08-29;0;0;0;0;0;0;0;0;0;0;0;0;0;0;0;0;0;0
FR;11;2022-08-30;0;0;0;0;0;0;0;0;0;0;0;0;0;0;0;0;0;0
FR;11;2022-08-31;0;0;0;0;0;0;0;0;0;0;0;0;0;0;0;0;0;0
FR;11;2022-09-01;0;0;0;0;0;0;0;0;0;0;0;0;0;0;0;0;0;0
FR;11;2022-09-02;0;0;0;0;0;0;0;0;0;0;0;0;0;0;0;0;0;0
FR;11;2022-09-03;0;0;0;0;0;0;0;0;0;0;0;0;0;0;0;0;0;0
FR;11;2022-09-04;0;0;0;0;0;0;0;0;0;0;0;0;0;0;0;0;0;0
FR;11;2022-09-05;0;0;0;0;0;0;0;0;0;0;0;0;0;0;0;0;0;0
FR;11;2022-09-06;0;0;0;0;0;0;0;0;0;0;0;0;0;0;0;0;0;0
FR;11;2022-09-07;0;0;0;0;0;0;0;0;0;0;0;0;0;0;0;0;0;0
FR;11;2022-09-08;0;0;0;0;0;0;0;0;0;0;0;0;0;0;0;0;0;0
FR;11;2022-09-09;0;0;0;0;0;0;0;0;0;0;0;0;0;0;0;0;0;0
FR;11;2022-09-10;0;0;0;0;0;0;0;0;0;0;0;0;0;0;0;0;0;0
FR;11;2022-09-11;0;0;0;0;0;0;0;0;0;0;0;0;0;0;0;0;0;0
FR;11;2022-09-12;0;0;0;0;0;0;0;0;0;0;0;0;0;0;0;0;0;0
FR;11;2022-09-13;0;0;0;0;0;0;0;0;0;0;0;0;0;0;0;0;0;0
FR;11;2022-09-14;0;0;0;0;0;0;0;0;0;0;0;0;0;0;0;0;0;0
FR;11;2022-09-15;0;0;0;0;0;0;0;0;0;0;0;0;0;0;0;0;0;0
FR;11;2022-09-16;0;0;0;0;0;0;0;0;0;0;0;0;0;0;0;0;0;0
FR;11;2022-09-17;0;0;0;0;0;0;0;0;0;0;0;0;0;0;0;0;0;0
FR;11;2022-09-18;0;0;0;0;0;0;0;0;0;0;0;0;0;0;0;0;0;0
FR;11;2022-09-19;0;0;0;0;0;0;0;0;0;0;0;0;0;0;0;0;0;0
FR;11;2022-09-20;0;0;0;0;0;0;0;0;0;0;0;0;0;0;0;0;0;0
FR;11;2022-09-21;0;0;0;0;0;0;0;0;0;0;0;0;0;0;0;0;0;0
FR;11;2022-09-22;0;0;0;0;0;0;0;0;0;0;0;0;0;0;0;0;0;0
FR;11;2022-09-23;0;0;0;0;0;0;0;0;0;0;0;0;0;0;0;0;0;0
FR;11;2022-09-24;0;0;0;0;0;0;0;0;0;0;0;0;0;0;0;0;0;0
FR;11;2022-09-25;0;0;0;0;0;0;0;0;0;0;0;0;0;0;0;0;0;0
FR;11;2022-09-26;0;0;0;0;0;0;0;0;0;0;0;0;0;0;0;0;0;0
FR;11;2022-09-27;0;0;0;0;0;0;0;0;0;0;0;0;0;0;0;0;0;0
FR;11;2022-09-28;0;0;0;0;0;0;0;0;0;0;0;0;0;0;0;0;0;0
FR;11;2022-09-29;0;0;0;0;0;0;0;0;0;0;0;0;0;0;0;0;0;0
FR;11;2022-09-30;0;0;0;0;0;0;0;0;0;0;0;0;0;0;0;0;0;0
FR;11;2022-10-01;0;0;0;0;0;0;0;0;0;0;0;0;0;0;0;0;0;0
FR;11;2022-10-02;0;0;0;0;0;0;0;0;0;0;0;0;0;0;0;0;0;0
FR;11;2022-10-03;0;0;0;0;0;0;0;0;0;0;0;0;0;0;0;0;0;0
FR;11;2022-10-04;0;0;0;0;0;0;0;0;0;0;0;0;0;0;0;0;0;0
FR;11;2022-10-05;0;0;0;0;0;0;0;0;0;0;0;0;0;0;0;0;0;0
FR;11;2022-10-06;0;0;0;0;0;0;0;0;0;0;0;0;0;0;0;0;0;0
FR;11;2022-10-07;0;0;0;0;0;0;0;0;0;0;0;0;0;0;0;0;0;0
FR;11;2022-10-08;0;0;0;0;0;0;0;0;0;0;0;0;0;0;0;0;0;0
FR;11;2022-10-09;0;0;0;0;0;0;0;0;0;0;0;0;0;0;0;0;0;0
FR;11;2022-10-10;0;0;0;0;0;0;0;0;0;0;0;0;0;0;0;0;0;0
FR;11;2022-10-11;0;0;0;0;0;0;0;0;0;0;0;0;0;0;0;0;0;0
FR;11;2022-10-12;0;0;0;0;0;0;0;0;0;0;0;0;0;0;0;0;0;0
FR;11;2022-10-13;0;0;0;0;0;0;0;0;0;0;0;0;0;0;0;0;0;0
FR;11;2022-10-14;0;0;0;0;0;0;0;0;0;0;0;0;0;0;0;0;0;0
FR;11;2022-10-15;0;0;0;0;0;0;0;0;0;0;0;0;0;0;0;0;0;0
FR;11;2022-10-16;0;0;0;0;0;0;0;0;0;0;0;0;0;0;0;0;0;0
FR;11;2022-10-17;0;0;0;0;0;0;0;0;0;0;0;0;0;0;0;0;0;0
FR;11;2022-10-18;0;0;0;0;0;0;0;0;0;0;0;0;0;0;0;0;0;0
FR;11;2022-10-19;0;0;0;0;0;0;0;0;0;0;0;0;0;0;0;0;0;0
FR;11;2022-10-20;0;0;0;0;0;0;0;0;0;0;0;0;0;0;0;0;0;0
FR;11;2022-10-21;0;0;0;0;0;0;0;0;0;0;0;0;0;0;0;0;0;0
FR;11;2022-10-22;0;0;0;0;0;0;0;0;0;0;0;0;0;0;0;0;0;0
FR;11;2022-10-23;0;0;0;0;0;0;0;0;0;0;0;0;0;0;0;0;0;0
FR;11;2022-10-24;0;0;0;0;0;0;0;0;0;0;0;0;0;0;0;0;0;0
FR;11;2022-10-25;0;0;0;0;0;0;0;0;0;0;0;0;0;0;0;0;0;0
FR;11;2022-10-26;0;0;0;0;0;0;0;0;0;0;0;0;0;0;0;0;0;0
FR;11;2022-10-27;0;0;0;0;0;0;0;0;0;0;0;0;0;0;0;0;0;0
FR;11;2022-10-28;0;0;0;0;0;0;0;0;0;0;0;0;0;0;0;0;0;0
FR;11;2022-10-29;0;0;0;0;0;0;0;0;0;0;0;0;0;0;0;0;0;0
FR;11;2022-10-30;0;0;0;0;0;0;0;0;0;0;0;0;0;0;0;0;0;0
FR;11;2022-10-31;0;0;0;0;0;0;0;0;0;0;0;0;0;0;0;0;0;0
FR;11;2022-11-01;0;0;0;0;0;0;0;0;0;0;0;0;0;0;0;0;0;0
FR;11;2022-11-02;0;0;0;0;0;0;0;0;0;0;0;0;0;0;0;0;0;0
FR;11;2022-11-03;0;0;0;0;0;0;0;0;0;0;0;0;0;0;0;0;0;0
FR;11;2022-11-04;0;0;0;0;0;0;0;0;0;0;0;0;0;0;0;0;0;0
FR;11;2022-11-05;0;0;0;0;0;0;0;0;0;0;0;0;0;0;0;0;0;0
FR;11;2022-11-06;0;0;0;0;0;0;0;0;0;0;0;0;0;0;0;0;0;0
FR;11;2022-11-07;0;0;0;0;0;0;0;0;0;0;0;0;0;0;0;0;0;0
FR;11;2022-11-08;0;0;0;0;0;0;0;0;0;0;0;0;0;0;0;0;0;0
FR;11;2022-11-09;0;0;0;0;0;0;0;0;0;0;0;0;0;0;0;0;0;0
FR;11;2022-11-10;0;0;0;0;0;0;0;0;0;0;0;0;0;0;0;0;0;0
FR;11;2022-11-11;0;0;0;0;0;0;0;0;0;0;0;0;0;0;0;0;0;0
FR;11;2022-11-12;0;0;0;0;0;0;0;0;0;0;0;0;0;0;0;0;0;0
FR;11;2022-11-13;0;0;0;0;0;0;0;0;0;0;0;0;0;0;0;0;0;0
FR;11;2022-11-14;0;0;0;0;0;0;0;0;0;0;0;0;0;0;0;0;0;0
FR;11;2022-11-15;0;0;0;0;0;0;0;0;0;0;0;0;0;0;0;0;0;0
FR;11;2022-11-16;0;0;0;0;0;0;0;0;0;0;0;0;0;0;0;0;0;0
FR;11;2022-11-17;0;0;0;0;0;0;0;0;0;0;0;0;0;0;0;0;0;0
FR;11;2022-11-18;0;0;0;0;0;0;0;0;0;0;0;0;0;0;0;0;0;0
FR;11;2022-11-19;0;0;0;0;0;0;0;0;0;0;0;0;0;0;0;0;0;0
FR;11;2022-11-20;0;0;0;0;0;0;0;0;0;0;0;0;0;0;0;0;0;0
FR;11;2022-11-21;0;0;0;0;0;0;0;0;0;0;0;0;0;0;0;0;0;0
FR;11;2022-11-22;0;0;0;0;0;0;0;0;0;0;0;0;0;0;0;0;0;0
FR;11;2022-11-23;0;0;0;0;0;0;0;0;0;0;0;0;0;0;0;0;0;0
FR;11;2022-11-24;0;0;0;0;0;0;0;0;0;0;0;0;0;0;0;0;0;0
FR;11;2022-11-25;0;0;0;0;0;0;0;0;0;0;0;0;0;0;0;0;0;0
FR;11;2022-11-26;0;0;0;0;0;0;0;0;0;0;0;0;0;0;0;0;0;0
FR;11;2022-11-27;0;0;0;0;0;0;0;0;0;0;0;0;0;0;0;0;0;0
FR;11;2022-11-28;0;0;0;0;0;0;0;0;0;0;0;0;0;0;0;0;0;0
FR;11;2022-11-29;0;0;0;0;0;0;0;0;0;0;0;0;0;0;0;0;0;0
FR;11;2022-11-30;0;0;0;0;0;0;0;0;0;0;0;0;0;0;0;0;0;0
FR;11;2022-12-01;0;0;0;0;0;0;0;0;0;0;0;0;0;0;0;0;0;0
FR;11;2022-12-02;0;0;0;0;0;0;0;0;0;0;0;0;0;0;0;0;0;0
FR;11;2022-12-03;0;0;0;0;0;0;0;0;0;0;0;0;0;0;0;0;0;0
FR;11;2022-12-04;0;0;0;0;0;0;0;0;0;0;0;0;0;0;0;0;0;0
FR;11;2022-12-05;0;0;0;0;0;0;0;0;0;0;0;0;0;0;0;0;0;0
FR;11;2022-12-06;0;0;0;0;0;0;0;0;0;0;0;0;0;0;0;0;0;0
FR;11;2022-12-07;0;0;0;0;0;0;0;0;0;0;0;0;0;0;0;0;0;0
FR;11;2022-12-08;0;0;0;0;0;0;0;0;0;0;0;0;0;0;0;0;0;0
FR;11;2022-12-09;0;0;0;0;0;0;0;0;0;0;0;0;0;0;0;0;0;0
FR;11;2022-12-10;0;0;0;0;0;0;0;0;0;0;0;0;0;0;0;0;0;0
FR;11;2022-12-11;0;0;0;0;0;0;0;0;0;0;0;0;0;0;0;0;0;0
FR;11;2022-12-12;0;0;0;0;0;0;0;0;0;0;0;0;0;0;0;0;0;0
FR;11;2022-12-13;0;0;0;0;0;0;0;0;0;0;0;0;0;0;0;0;0;0
FR;11;2022-12-14;0;0;0;0;0;0;0;0;0;0;0;0;0;0;0;0;0;0
FR;11;2022-12-15;0;0;0;0;0;0;0;0;0;0;0;0;0;0;0;0;0;0
FR;11;2022-12-16;0;0;0;0;0;0;0;0;0;0;0;0;0;0;0;0;0;0
FR;11;2022-12-17;0;0;0;0;0;0;0;0;0;0;0;0;0;0;0;0;0;0
FR;11;2022-12-18;0;0;0;0;0;0;0;0;0;0;0;0;0;0;0;0;0;0
FR;11;2022-12-19;0;0;0;0;0;0;0;0;0;0;0;0;0;0;0;0;0;0
FR;11;2022-12-20;0;0;0;0;0;0;0;0;0;0;0;0;0;0;0;0;0;0
FR;11;2022-12-21;0;0;0;0;0;0;0;0;0;0;0;0;0;0;0;0;0;0
FR;11;2022-12-22;0;0;0;0;0;0;0;0;0;0;0;0;0;0;0;0;0;0
FR;11;2022-12-23;0;0;0;0;0;0;0;0;0;0;0;0;0;0;0;0;0;0
FR;11;2022-12-24;0;0;0;0;0;0;0;0;0;0;0;0;0;0;0;0;0;0
FR;11;2022-12-25;0;0;0;0;0;0;0;0;0;0;0;0;0;0;0;0;0;0
FR;11;2022-12-26;0;0;0;0;0;0;0;0;0;0;0;0;0;0;0;0;0;0
FR;11;2022-12-27;0;0;0;0;0;0;0;0;0;0;0;0;0;0;0;0;0;0
FR;11;2022-12-28;0;0;0;0;0;0;0;0;0;0;0;0;0;0;0;0;0;0
FR;11;2022-12-29;0;0;0;0;0;0;0;0;0;0;0;0;0;0;0;0;0;0
FR;11;2022-12-30;0;0;0;0;0;0;0;0;0;0;0;0;0;0;0;0;0;0
FR;11;2022-12-31;0;0;0;0;0;0;0;0;0;0;0;0;0;0;0;0;0;0
FR;11;2023-01-01;0;0;0;0;0;0;0;0;0;0;0;0;0;0;0;0;0;0
FR;11;2023-01-02;0;0;0;0;0;0;0;0;0;0;0;0;0;0;0;0;0;0
FR;11;2023-01-03;0;0;0;0;0;0;0;0;0;0;0;0;0;0;0;0;0;0
FR;11;2023-01-04;0;0;0;0;0;0;0;0;0;0;0;0;0;0;0;0;0;0
FR;11;2023-01-05;0;0;0;0;0;0;0;0;0;0;0;0;0;0;0;0;0;0
FR;11;2023-01-06;0;0;0;0;0;0;0;0;0;0;0;0;0;0;0;0;0;0
FR;11;2023-01-07;0;0;0;0;0;0;0;0;0;0;0;0;0;0;0;0;0;0
FR;11;2023-01-08;0;0;0;0;0;0;0;0;0;0;0;0;0;0;0;0;0;0
FR;11;2023-01-09;0;0;0;0;0;0;0;0;0;0;0;0;0;0;0;0;0;0
FR;11;2023-01-10;0;0;0;0;0;0;0;0;0;0;0;0;0;0;0;0;0;0
FR;11;2023-01-11;0;0;0;0;0;0;0;0;0;0;0;0;0;0;0;0;0;0
FR;11;2023-01-12;0;0;0;0;0;0;0;0;0;0;0;0;0;0;0;0;0;0
FR;11;2023-01-13;0;0;0;0;0;0;0;0;0;0;0;0;0;0;0;0;0;0
FR;11;2023-01-14;0;0;0;0;0;0;0;0;0;0;0;0;0;0;0;0;0;0
FR;11;2023-01-15;0;0;0;0;0;0;0;0;0;0;0;0;0;0;0;0;0;0
FR;11;2023-01-16;0;0;0;0;0;0;0;0;0;0;0;0;0;0;0;0;0;0
FR;11;2023-01-17;0;0;0;0;0;0;0;0;0;0;0;0;0;0;0;0;0;0
FR;11;2023-01-18;0;0;0;0;0;0;0;0;0;0;0;0;0;0;0;0;0;0
FR;11;2023-01-19;0;0;0;0;0;0;0;0;0;0;0;0;0;0;0;0;0;0
FR;11;2023-01-20;0;0;0;0;0;0;0;0;0;0;0;0;0;0;0;0;0;0
FR;11;2023-01-21;0;0;0;0;0;0;0;0;0;0;0;0;0;0;0;0;0;0
FR;11;2023-01-22;0;0;0;0;0;0;0;0;0;0;0;0;0;0;0;0;0;0
FR;11;2023-01-23;0;0;0;0;0;0;0;0;0;0;0;0;0;0;0;0;0;0
FR;11;2023-01-24;0;0;0;0;0;0;0;0;0;0;0;0;0;0;0;0;0;0
FR;11;2023-01-25;0;0;0;0;0;0;0;0;0;0;0;0;0;0;0;0;0;0
FR;11;2023-01-26;0;0;0;0;0;0;0;0;0;0;0;0;0;0;0;0;0;0
FR;11;2023-01-27;0;0;0;0;0;0;0;0;0;0;0;0;0;0;0;0;0;0
FR;11;2023-01-28;0;0;0;0;0;0;0;0;0;0;0;0;0;0;0;0;0;0
FR;11;2023-01-29;0;0;0;0;0;0;0;0;0;0;0;0;0;0;0;0;0;0
FR;11;2023-01-30;0;0;0;0;0;0;0;0;0;0;0;0;0;0;0;0;0;0
FR;11;2023-01-31;0;0;0;0;0;0;0;0;0;0;0;0;0;0;0;0;0;0
FR;11;2023-02-01;0;0;0;0;0;0;0;0;0;0;0;0;0;0;0;0;0;0
FR;11;2023-02-02;0;0;0;0;0;0;0;0;0;0;0;0;0;0;0;0;0;0
FR;11;2023-02-03;0;0;0;0;0;0;0;0;0;0;0;0;0;0;0;0;0;0
FR;11;2023-02-04;0;0;0;0;0;0;0;0;0;0;0;0;0;0;0;0;0;0
FR;11;2023-02-05;0;0;0;0;0;0;0;0;0;0;0;0;0;0;0;0;0;0
FR;11;2023-02-06;1;0;0;0;0;0;0;0;0;1;0;0;0;0;0;0;0;0
FR;11;2023-02-07;0;0;0;0;0;0;0;0;0;1;0;0;0;0;0;0;0;0
FR;11;2023-02-08;2;0;0;0;0;0;0;0;0;3;0;0;0;0;0;0;0;0
FR;11;2023-02-09;2;0;0;0;0;0;0;0;0;5;0;0;0;0;0;0;0;0
FR;11;2023-02-10;0;0;0;0;0;0;0;0;0;5;0;0;0;0;0;0;0;0
FR;11;2023-02-11;0;0;0;0;0;0;0;0;0;5;0;0;0;0;0;0;0;0
FR;11;2023-02-12;0;0;0;0;0;0;0;0;0;5;0;0;0;0;0;0;0;0
FR;11;2023-02-13;2;0;0;0;0;0;0;0;0;7;0;0;0;0;0;0;0;0
FR;11;2023-02-14;0;0;0;0;0;0;0;0;0;7;0;0;0;0;0;0;0;0
FR;11;2023-02-15;2;0;0;0;0;0;0;0;0;9;0;0;0;0;0;0;0;0
FR;11;2023-02-16;0;0;0;0;0;0;0;0;0;9;0;0;0;0;0;0;0;0
FR;11;2023-02-17;0;0;0;0;0;0;0;0;0;9;0;0;0;0;0;0;0;0
FR;11;2023-02-18;0;0;0;0;0;0;0;0;0;9;0;0;0;0;0;0;0;0
FR;11;2023-02-19;0;0;0;0;0;0;0;0;0;9;0;0;0;0;0;0;0;0
FR;11;2023-02-20;0;0;0;0;0;0;0;0;0;9;0;0;0;0;0;0;0;0
FR;11;2023-02-21;1;0;0;0;0;0;0;0;0;10;0;0;0;0;0;0;0;0
FR;11;2023-02-22;0;0;0;0;0;0;0;0;0;10;0;0;0;0;0;0;0;0
FR;11;2023-02-23;0;0;0;0;0;0;0;0;0;10;0;0;0;0;0;0;0;0
FR;11;2023-02-24;0;0;0;0;0;0;0;0;0;10;0;0;0;0;0;0;0;0
FR;11;2023-02-25;0;0;0;0;0;0;0;0;0;10;0;0;0;0;0;0;0;0
FR;11;2023-02-26;0;0;2;0;0;2;0;0;0;10;0;2;0;0;2;0;0;0
FR;11;2023-02-27;0;0;0;0;0;0;0;0;0;10;0;2;0;0;2;0;0;0
FR;11;2023-02-28;1;1;0;0;1;0;0;0;0;11;1;2;0;1;2;0;0;0
FR;11;2023-03-01;0;1;0;0;1;0;0;0;0;11;2;2;0;2;2;0;0;0
FR;11;2023-03-02;0;0;0;0;0;0;0;0;0;11;2;2;0;2;2;0;0;0
FR;11;2023-03-03;0;0;0;0;0;0;0;0;0;11;2;2;0;2;2;0;0;0
FR;11;2023-03-04;2;1;0;0;1;0;0;0;0;13;3;2;0;3;2;0;0;0
FR;11;2023-03-05;0;0;0;0;0;0;0;0;0;13;3;2;0;3;2;0;0;0
FR;11;2023-03-06;4;0;1;0;1;1;0;0;0;17;3;3;0;4;3;0;0;0
FR;11;2023-03-07;0;1;0;0;1;0;0;0;0;17;4;3;0;5;3;0;0;0
FR;11;2023-03-08;1;1;0;0;1;0;0;0;0;18;5;3;0;6;3;0;0;0
FR;11;2023-03-09;0;0;0;0;0;0;0;0;0;18;5;3;0;6;3;0;0;0
FR;11;2023-03-10;0;0;0;0;0;0;0;0;0;18;5;3;0;6;3;0;0;0
FR;11;2023-03-11;2;0;0;0;0;0;0;0;0;20;5;3;0;6;3;0;0;0
FR;11;2023-03-12;0;1;0;0;1;0;0;0;0;20;6;3;0;7;3;0;0;0
FR;11;2023-03-13;0;0;0;0;0;0;0;0;0;20;6;3;0;7;3;0;0;0
FR;11;2023-03-14;0;0;0;0;0;0;0;0;0;20;6;3;0;7;3;0;0;0
FR;11;2023-03-15;0;1;0;0;1;0;0;0;0;20;7;3;0;8;3;0;0;0
FR;11;2023-03-16;0;0;0;0;0;0;0;0;0;20;7;3;0;8;3;0;0;0
FR;11;2023-03-17;0;0;0;0;0;0;0;0;0;20;7;3;0;8;3;0;0;0
FR;11;2023-03-18;1;0;0;0;0;0;0;0;0;21;7;3;0;8;3;0;0;0
FR;11;2023-03-19;0;0;0;0;0;0;0;0;0;21;7;3;0;8;3;0;0;0
FR;11;2023-03-20;0;0;0;0;0;0;0;0;0;21;7;3;0;8;3;0;0;0
FR;11;2023-03-21;1;0;0;0;0;0;0;0;0;22;7;3;0;8;3;0;0;0
FR;11;2023-03-22;2;0;0;0;0;0;0;0;0;24;7;3;0;8;3;0;0;0
FR;11;2023-03-23;0;0;0;1;0;0;1;0;0;24;7;3;1;8;3;1;0;0
FR;11;2023-03-24;0;0;0;0;0;0;0;0;0;24;7;3;1;8;3;1;0;0
FR;11;2023-03-25;1;1;0;0;1;0;0;0;0;25;8;3;1;9;3;1;0;0
FR;11;2023-03-26;0;0;0;0;0;0;0;0;0;25;8;3;1;9;3;1;0;0
FR;11;2023-03-27;0;1;0;0;0;1;0;0;0;25;9;3;1;9;4;1;0;0
FR;11;2023-03-28;0;0;0;0;0;0;0;0;0;25;9;3;1;9;4;1;0;0
FR;11;2023-03-29;0;1;0;0;1;0;0;0;0;25;10;3;1;10;4;1;0;0
FR;11;2023-03-30;1;1;0;0;1;0;0;0;0;26;11;3;1;11;4;1;0;0
FR;11;2023-03-31;0;0;0;0;0;0;0;0;0;26;11;3;1;11;4;1;0;0
FR;11;2023-04-01;0;2;0;0;2;0;0;0;0;26;13;3;1;13;4;1;0;0
FR;11;2023-04-02;0;0;0;0;0;0;0;0;0;26;13;3;1;13;4;1;0;0
FR;11;2023-04-03;0;3;0;0;3;0;0;0;0;26;16;3;1;16;4;1;0;0
FR;11;2023-04-04;0;0;0;0;0;0;0;0;0;26;16;3;1;16;4;1;0;0
FR;11;2023-04-05;0;0;0;0;0;0;0;0;0;26;16;3;1;16;4;1;0;0
FR;11;2023-04-06;0;0;0;0;0;0;0;0;0;26;16;3;1;16;4;1;0;0
FR;11;2023-04-07;0;1;0;0;1;0;0;0;0;26;17;3;1;17;4;1;0;0
FR;11;2023-04-08;0;0;0;0;0;0;0;0;0;26;17;3;1;17;4;1;0;0
FR;11;2023-04-09;0;0;0;0;0;0;0;0;0;26;17;3;1;17;4;1;0;0
FR;11;2023-04-10;0;0;0;0;0;0;0;0;0;26;17;3;1;17;4;1;0;0
FR;11;2023-04-11;0;1;0;0;1;0;0;0;0;26;18;3;1;18;4;1;0;0
FR;11;2023-04-12;1;1;0;0;1;0;0;0;0;27;19;3;1;19;4;1;0;0
FR;11;2023-04-13;0;0;0;0;0;0;0;0;0;27;19;3;1;19;4;1;0;0
FR;11;2023-04-14;0;0;0;0;0;0;0;0;0;27;19;3;1;19;4;1;0;0
FR;11;2023-04-15;0;1;0;0;1;0;0;0;0;27;20;3;1;20;4;1;0;0
FR;11;2023-04-16;0;0;0;0;0;0;0;0;0;27;20;3;1;20;4;1;0;0
FR;11;2023-04-17;0;1;0;0;1;0;0;0;0;27;21;3;1;21;4;1;0;0
FR;11;2023-04-18;0;0;0;0;0;0;0;0;0;27;21;3;1;21;4;1;0;0
FR;11;2023-04-19;1;0;0;0;0;0;0;0;0;28;21;3;1;21;4;1;0;0
FR;11;2023-04-20;0;1;0;0;1;0;0;0;0;28;22;3;1;22;4;1;0;0
FR;11;2023-04-21;2;0;0;0;0;0;0;0;0;30;22;3;1;22;4;1;0;0
FR;11;2023-04-22;0;2;0;0;2;0;0;0;0;30;24;3;1;24;4;1;0;0
FR;11;2023-04-23;0;0;0;0;0;0;0;0;0;30;24;3;1;24;4;1;0;0
FR;11;2023-04-24;0;0;1;0;0;1;0;0;0;30;24;4;1;24;5;1;0;0
FR;12;2020-12-27;0;0;0;0;0;0;0;0;0;0;0;0;0;0;0;0;0;0
FR;12;2020-12-28;0;0;0;0;0;0;0;0;0;0;0;0;0;0;0;0;0;0
FR;12;2020-12-29;0;0;0;0;0;0;0;0;0;0;0;0;0;0;0;0;0;0
FR;12;2020-12-30;0;0;0;0;0;0;0;0;0;0;0;0;0;0;0;0;0;0
FR;12;2020-12-31;0;0;0;0;0;0;0;0;0;0;0;0;0;0;0;0;0;0
FR;12;2021-01-01;0;0;0;0;0;0;0;0;0;0;0;0;0;0;0;0;0;0
FR;12;2021-01-02;0;0;0;0;0;0;0;0;0;0;0;0;0;0;0;0;0;0
FR;12;2021-01-03;0;0;0;0;0;0;0;0;0;0;0;0;0;0;0;0;0;0
FR;12;2021-01-04;0;0;0;0;0;0;0;0;0;0;0;0;0;0;0;0;0;0
FR;12;2021-01-05;0;0;0;0;0;0;0;0;0;0;0;0;0;0;0;0;0;0
FR;12;2021-01-06;0;0;0;0;0;0;0;0;0;0;0;0;0;0;0;0;0;0
FR;12;2021-01-07;0;0;0;0;0;0;0;0;0;0;0;0;0;0;0;0;0;0
FR;12;2021-01-08;0;0;0;0;0;0;0;0;0;0;0;0;0;0;0;0;0;0
FR;12;2021-01-09;0;0;0;0;0;0;0;0;0;0;0;0;0;0;0;0;0;0
FR;12;2021-01-10;0;0;0;0;0;0;0;0;0;0;0;0;0;0;0;0;0;0
FR;12;2021-01-11;0;0;0;0;0;0;0;0;0;0;0;0;0;0;0;0;0;0
FR;12;2021-01-12;0;0;0;0;0;0;0;0;0;0;0;0;0;0;0;0;0;0
FR;12;2021-01-13;0;0;0;0;0;0;0;0;0;0;0;0;0;0;0;0;0;0
FR;12;2021-01-14;0;0;0;0;0;0;0;0;0;0;0;0;0;0;0;0;0;0
FR;12;2021-01-15;0;0;0;0;0;0;0;0;0;0;0;0;0;0;0;0;0;0
FR;12;2021-01-16;0;0;0;0;0;0;0;0;0;0;0;0;0;0;0;0;0;0
FR;12;2021-01-17;0;0;0;0;0;0;0;0;0;0;0;0;0;0;0;0;0;0
FR;12;2021-01-18;0;0;0;0;0;0;0;0;0;0;0;0;0;0;0;0;0;0
FR;12;2021-01-19;0;0;0;0;0;0;0;0;0;0;0;0;0;0;0;0;0;0
FR;12;2021-01-20;0;0;0;0;0;0;0;0;0;0;0;0;0;0;0;0;0;0
FR;12;2021-01-21;0;0;0;0;0;0;0;0;0;0;0;0;0;0;0;0;0;0
FR;12;2021-01-22;0;0;0;0;0;0;0;0;0;0;0;0;0;0;0;0;0;0
FR;12;2021-01-23;0;0;0;0;0;0;0;0;0;0;0;0;0;0;0;0;0;0
FR;12;2021-01-24;0;0;0;0;0;0;0;0;0;0;0;0;0;0;0;0;0;0
FR;12;2021-01-25;0;0;0;0;0;0;0;0;0;0;0;0;0;0;0;0;0;0
FR;12;2021-01-26;0;0;0;0;0;0;0;0;0;0;0;0;0;0;0;0;0;0
FR;12;2021-01-27;0;0;0;0;0;0;0;0;0;0;0;0;0;0;0;0;0;0
FR;12;2021-01-28;0;0;0;0;0;0;0;0;0;0;0;0;0;0;0;0;0;0
FR;12;2021-01-29;0;0;0;0;0;0;0;0;0;0;0;0;0;0;0;0;0;0
FR;12;2021-01-30;0;0;0;0;0;0;0;0;0;0;0;0;0;0;0;0;0;0
FR;12;2021-01-31;0;0;0;0;0;0;0;0;0;0;0;0;0;0;0;0;0;0
FR;12;2021-02-01;0;0;0;0;0;0;0;0;0;0;0;0;0;0;0;0;0;0
FR;12;2021-02-02;0;0;0;0;0;0;0;0;0;0;0;0;0;0;0;0;0;0
FR;12;2021-02-03;0;0;0;0;0;0;0;0;0;0;0;0;0;0;0;0;0;0
FR;12;2021-02-04;0;0;0;0;0;0;0;0;0;0;0;0;0;0;0;0;0;0
FR;12;2021-02-05;0;0;0;0;0;0;0;0;0;0;0;0;0;0;0;0;0;0
FR;12;2021-02-06;0;0;0;0;0;0;0;0;0;0;0;0;0;0;0;0;0;0
FR;12;2021-02-07;0;0;0;0;0;0;0;0;0;0;0;0;0;0;0;0;0;0
FR;12;2021-02-08;0;0;0;0;0;0;0;0;0;0;0;0;0;0;0;0;0;0
FR;12;2021-02-09;0;0;0;0;0;0;0;0;0;0;0;0;0;0;0;0;0;0
FR;12;2021-02-10;0;0;0;0;0;0;0;0;0;0;0;0;0;0;0;0;0;0
FR;12;2021-02-11;0;0;0;0;0;0;0;0;0;0;0;0;0;0;0;0;0;0
FR;12;2021-02-12;0;0;0;0;0;0;0;0;0;0;0;0;0;0;0;0;0;0
FR;12;2021-02-13;0;0;0;0;0;0;0;0;0;0;0;0;0;0;0;0;0;0
FR;12;2021-02-14;0;0;0;0;0;0;0;0;0;0;0;0;0;0;0;0;0;0
FR;12;2021-02-15;0;0;0;0;0;0;0;0;0;0;0;0;0;0;0;0;0;0
FR;12;2021-02-16;0;0;0;0;0;0;0;0;0;0;0;0;0;0;0;0;0;0
FR;12;2021-02-17;0;0;0;0;0;0;0;0;0;0;0;0;0;0;0;0;0;0
FR;12;2021-02-18;0;0;0;0;0;0;0;0;0;0;0;0;0;0;0;0;0;0
FR;12;2021-02-19;0;0;0;0;0;0;0;0;0;0;0;0;0;0;0;0;0;0
FR;12;2021-02-20;0;0;0;0;0;0;0;0;0;0;0;0;0;0;0;0;0;0
FR;12;2021-02-21;0;0;0;0;0;0;0;0;0;0;0;0;0;0;0;0;0;0
FR;12;2021-02-22;0;0;0;0;0;0;0;0;0;0;0;0;0;0;0;0;0;0
FR;12;2021-02-23;0;0;0;0;0;0;0;0;0;0;0;0;0;0;0;0;0;0
FR;12;2021-02-24;0;0;0;0;0;0;0;0;0;0;0;0;0;0;0;0;0;0
FR;12;2021-02-25;0;0;0;0;0;0;0;0;0;0;0;0;0;0;0;0;0;0
FR;12;2021-02-26;0;0;0;0;0;0;0;0;0;0;0;0;0;0;0;0;0;0
FR;12;2021-02-27;0;0;0;0;0;0;0;0;0;0;0;0;0;0;0;0;0;0
FR;12;2021-02-28;0;0;0;0;0;0;0;0;0;0;0;0;0;0;0;0;0;0
FR;12;2021-03-01;0;0;0;0;0;0;0;0;0;0;0;0;0;0;0;0;0;0
FR;12;2021-03-02;0;0;0;0;0;0;0;0;0;0;0;0;0;0;0;0;0;0
FR;12;2021-03-03;0;0;0;0;0;0;0;0;0;0;0;0;0;0;0;0;0;0
FR;12;2021-03-04;0;0;0;0;0;0;0;0;0;0;0;0;0;0;0;0;0;0
FR;12;2021-03-05;0;0;0;0;0;0;0;0;0;0;0;0;0;0;0;0;0;0
FR;12;2021-03-06;0;0;0;0;0;0;0;0;0;0;0;0;0;0;0;0;0;0
FR;12;2021-03-07;0;0;0;0;0;0;0;0;0;0;0;0;0;0;0;0;0;0
FR;12;2021-03-08;0;0;0;0;0;0;0;0;0;0;0;0;0;0;0;0;0;0
FR;12;2021-03-09;0;0;0;0;0;0;0;0;0;0;0;0;0;0;0;0;0;0
FR;12;2021-03-10;0;0;0;0;0;0;0;0;0;0;0;0;0;0;0;0;0;0
FR;12;2021-03-11;0;0;0;0;0;0;0;0;0;0;0;0;0;0;0;0;0;0
FR;12;2021-03-12;0;0;0;0;0;0;0;0;0;0;0;0;0;0;0;0;0;0
FR;12;2021-03-13;0;0;0;0;0;0;0;0;0;0;0;0;0;0;0;0;0;0
FR;12;2021-03-14;0;0;0;0;0;0;0;0;0;0;0;0;0;0;0;0;0;0
FR;12;2021-03-15;0;0;0;0;0;0;0;0;0;0;0;0;0;0;0;0;0;0
FR;12;2021-03-16;0;0;0;0;0;0;0;0;0;0;0;0;0;0;0;0;0;0
FR;12;2021-03-17;0;0;0;0;0;0;0;0;0;0;0;0;0;0;0;0;0;0
FR;12;2021-03-18;0;0;0;0;0;0;0;0;0;0;0;0;0;0;0;0;0;0
FR;12;2021-03-19;0;0;0;0;0;0;0;0;0;0;0;0;0;0;0;0;0;0
FR;12;2021-03-20;0;0;0;0;0;0;0;0;0;0;0;0;0;0;0;0;0;0
FR;12;2021-03-21;0;0;0;0;0;0;0;0;0;0;0;0;0;0;0;0;0;0
FR;12;2021-03-22;0;0;0;0;0;0;0;0;0;0;0;0;0;0;0;0;0;0
FR;12;2021-03-23;0;0;0;0;0;0;0;0;0;0;0;0;0;0;0;0;0;0
FR;12;2021-03-24;0;0;0;0;0;0;0;0;0;0;0;0;0;0;0;0;0;0
FR;12;2021-03-25;0;0;0;0;0;0;0;0;0;0;0;0;0;0;0;0;0;0
FR;12;2021-03-26;0;0;0;0;0;0;0;0;0;0;0;0;0;0;0;0;0;0
FR;12;2021-03-27;0;0;0;0;0;0;0;0;0;0;0;0;0;0;0;0;0;0
FR;12;2021-03-28;0;0;0;0;0;0;0;0;0;0;0;0;0;0;0;0;0;0
FR;12;2021-03-29;0;0;0;0;0;0;0;0;0;0;0;0;0;0;0;0;0;0
FR;12;2021-03-30;0;0;0;0;0;0;0;0;0;0;0;0;0;0;0;0;0;0
FR;12;2021-03-31;0;0;0;0;0;0;0;0;0;0;0;0;0;0;0;0;0;0
FR;12;2021-04-01;0;0;0;0;0;0;0;0;0;0;0;0;0;0;0;0;0;0
FR;12;2021-04-02;0;0;0;0;0;0;0;0;0;0;0;0;0;0;0;0;0;0
FR;12;2021-04-03;0;0;0;0;0;0;0;0;0;0;0;0;0;0;0;0;0;0
FR;12;2021-04-04;0;0;0;0;0;0;0;0;0;0;0;0;0;0;0;0;0;0
FR;12;2021-04-05;0;0;0;0;0;0;0;0;0;0;0;0;0;0;0;0;0;0
FR;12;2021-04-06;0;0;0;0;0;0;0;0;0;0;0;0;0;0;0;0;0;0
FR;12;2021-04-07;0;0;0;0;0;0;0;0;0;0;0;0;0;0;0;0;0;0
FR;12;2021-04-08;0;0;0;0;0;0;0;0;0;0;0;0;0;0;0;0;0;0
FR;12;2021-04-09;0;0;0;0;0;0;0;0;0;0;0;0;0;0;0;0;0;0
FR;12;2021-04-10;0;0;0;0;0;0;0;0;0;0;0;0;0;0;0;0;0;0
FR;12;2021-04-11;0;0;0;0;0;0;0;0;0;0;0;0;0;0;0;0;0;0
FR;12;2021-04-12;0;0;0;0;0;0;0;0;0;0;0;0;0;0;0;0;0;0
FR;12;2021-04-13;0;0;0;0;0;0;0;0;0;0;0;0;0;0;0;0;0;0
FR;12;2021-04-14;0;0;0;0;0;0;0;0;0;0;0;0;0;0;0;0;0;0
FR;12;2021-04-15;0;0;0;0;0;0;0;0;0;0;0;0;0;0;0;0;0;0
FR;12;2021-04-16;0;0;0;0;0;0;0;0;0;0;0;0;0;0;0;0;0;0
FR;12;2021-04-17;0;0;0;0;0;0;0;0;0;0;0;0;0;0;0;0;0;0
FR;12;2021-04-18;0;0;0;0;0;0;0;0;0;0;0;0;0;0;0;0;0;0
FR;12;2021-04-19;0;0;0;0;0;0;0;0;0;0;0;0;0;0;0;0;0;0
FR;12;2021-04-20;0;0;0;0;0;0;0;0;0;0;0;0;0;0;0;0;0;0
FR;12;2021-04-21;0;0;0;0;0;0;0;0;0;0;0;0;0;0;0;0;0;0
FR;12;2021-04-22;0;0;0;0;0;0;0;0;0;0;0;0;0;0;0;0;0;0
FR;12;2021-04-23;0;0;0;0;0;0;0;0;0;0;0;0;0;0;0;0;0;0
FR;12;2021-04-24;0;0;0;0;0;0;0;0;0;0;0;0;0;0;0;0;0;0
FR;12;2021-04-25;0;0;0;0;0;0;0;0;0;0;0;0;0;0;0;0;0;0
FR;12;2021-04-26;0;0;0;0;0;0;0;0;0;0;0;0;0;0;0;0;0;0
FR;12;2021-04-27;0;0;0;0;0;0;0;0;0;0;0;0;0;0;0;0;0;0
FR;12;2021-04-28;0;0;0;0;0;0;0;0;0;0;0;0;0;0;0;0;0;0
FR;12;2021-04-29;0;0;0;0;0;0;0;0;0;0;0;0;0;0;0;0;0;0
FR;12;2021-04-30;0;0;0;0;0;0;0;0;0;0;0;0;0;0;0;0;0;0
FR;12;2021-05-01;0;0;0;0;0;0;0;0;0;0;0;0;0;0;0;0;0;0
FR;12;2021-05-02;0;0;0;0;0;0;0;0;0;0;0;0;0;0;0;0;0;0
FR;12;2021-05-03;0;0;0;0;0;0;0;0;0;0;0;0;0;0;0;0;0;0
FR;12;2021-05-04;0;0;0;0;0;0;0;0;0;0;0;0;0;0;0;0;0;0
FR;12;2021-05-05;0;0;0;0;0;0;0;0;0;0;0;0;0;0;0;0;0;0
FR;12;2021-05-06;0;0;0;0;0;0;0;0;0;0;0;0;0;0;0;0;0;0
FR;12;2021-05-07;0;0;0;0;0;0;0;0;0;0;0;0;0;0;0;0;0;0
FR;12;2021-05-08;0;0;0;0;0;0;0;0;0;0;0;0;0;0;0;0;0;0
FR;12;2021-05-09;0;0;0;0;0;0;0;0;0;0;0;0;0;0;0;0;0;0
FR;12;2021-05-10;0;0;0;0;0;0;0;0;0;0;0;0;0;0;0;0;0;0
FR;12;2021-05-11;0;0;0;0;0;0;0;0;0;0;0;0;0;0;0;0;0;0
FR;12;2021-05-12;0;0;0;0;0;0;0;0;0;0;0;0;0;0;0;0;0;0
FR;12;2021-05-13;0;0;0;0;0;0;0;0;0;0;0;0;0;0;0;0;0;0
FR;12;2021-05-14;0;0;0;0;0;0;0;0;0;0;0;0;0;0;0;0;0;0
FR;12;2021-05-15;0;0;0;0;0;0;0;0;0;0;0;0;0;0;0;0;0;0
FR;12;2021-05-16;0;0;0;0;0;0;0;0;0;0;0;0;0;0;0;0;0;0
FR;12;2021-05-17;0;0;0;0;0;0;0;0;0;0;0;0;0;0;0;0;0;0
FR;12;2021-05-18;0;0;0;0;0;0;0;0;0;0;0;0;0;0;0;0;0;0
FR;12;2021-05-19;0;0;0;0;0;0;0;0;0;0;0;0;0;0;0;0;0;0
FR;12;2021-05-20;0;0;0;0;0;0;0;0;0;0;0;0;0;0;0;0;0;0
FR;12;2021-05-21;0;0;0;0;0;0;0;0;0;0;0;0;0;0;0;0;0;0
FR;12;2021-05-22;0;0;0;0;0;0;0;0;0;0;0;0;0;0;0;0;0;0
FR;12;2021-05-23;0;0;0;0;0;0;0;0;0;0;0;0;0;0;0;0;0;0
FR;12;2021-05-24;0;0;0;0;0;0;0;0;0;0;0;0;0;0;0;0;0;0
FR;12;2021-05-25;0;0;0;0;0;0;0;0;0;0;0;0;0;0;0;0;0;0
FR;12;2021-05-26;0;0;0;0;0;0;0;0;0;0;0;0;0;0;0;0;0;0
FR;12;2021-05-27;0;0;0;0;0;0;0;0;0;0;0;0;0;0;0;0;0;0
FR;12;2021-05-28;0;0;0;0;0;0;0;0;0;0;0;0;0;0;0;0;0;0
FR;12;2021-05-29;0;0;0;0;0;0;0;0;0;0;0;0;0;0;0;0;0;0
FR;12;2021-05-30;0;0;0;0;0;0;0;0;0;0;0;0;0;0;0;0;0;0
FR;12;2021-05-31;0;0;0;0;0;0;0;0;0;0;0;0;0;0;0;0;0;0
FR;12;2021-06-01;0;0;0;0;0;0;0;0;0;0;0;0;0;0;0;0;0;0
FR;12;2021-06-02;0;0;0;0;0;0;0;0;0;0;0;0;0;0;0;0;0;0
FR;12;2021-06-03;0;0;0;0;0;0;0;0;0;0;0;0;0;0;0;0;0;0
FR;12;2021-06-04;0;0;0;0;0;0;0;0;0;0;0;0;0;0;0;0;0;0
FR;12;2021-06-05;0;0;0;0;0;0;0;0;0;0;0;0;0;0;0;0;0;0
FR;12;2021-06-06;0;0;0;0;0;0;0;0;0;0;0;0;0;0;0;0;0;0
FR;12;2021-06-07;0;0;0;0;0;0;0;0;0;0;0;0;0;0;0;0;0;0
FR;12;2021-06-08;0;0;0;0;0;0;0;0;0;0;0;0;0;0;0;0;0;0
FR;12;2021-06-09;0;0;0;0;0;0;0;0;0;0;0;0;0;0;0;0;0;0
FR;12;2021-06-10;0;0;0;0;0;0;0;0;0;0;0;0;0;0;0;0;0;0
FR;12;2021-06-11;0;0;0;0;0;0;0;0;0;0;0;0;0;0;0;0;0;0
FR;12;2021-06-12;0;0;0;0;0;0;0;0;0;0;0;0;0;0;0;0;0;0
FR;12;2021-06-13;0;0;0;0;0;0;0;0;0;0;0;0;0;0;0;0;0;0
FR;12;2021-06-14;0;0;0;0;0;0;0;0;0;0;0;0;0;0;0;0;0;0
FR;12;2021-06-15;0;0;0;0;0;0;0;0;0;0;0;0;0;0;0;0;0;0
FR;12;2021-06-16;0;0;0;0;0;0;0;0;0;0;0;0;0;0;0;0;0;0
FR;12;2021-06-17;0;0;0;0;0;0;0;0;0;0;0;0;0;0;0;0;0;0
FR;12;2021-06-18;0;0;0;0;0;0;0;0;0;0;0;0;0;0;0;0;0;0
FR;12;2021-06-19;0;0;0;0;0;0;0;0;0;0;0;0;0;0;0;0;0;0
FR;12;2021-06-20;0;0;0;0;0;0;0;0;0;0;0;0;0;0;0;0;0;0
FR;12;2021-06-21;0;0;0;0;0;0;0;0;0;0;0;0;0;0;0;0;0;0
FR;12;2021-06-22;0;0;0;0;0;0;0;0;0;0;0;0;0;0;0;0;0;0
FR;12;2021-06-23;0;0;0;0;0;0;0;0;0;0;0;0;0;0;0;0;0;0
FR;12;2021-06-24;0;0;0;0;0;0;0;0;0;0;0;0;0;0;0;0;0;0
FR;12;2021-06-25;0;0;0;0;0;0;0;0;0;0;0;0;0;0;0;0;0;0
FR;12;2021-06-26;0;0;0;0;0;0;0;0;0;0;0;0;0;0;0;0;0;0
FR;12;2021-06-27;0;0;0;0;0;0;0;0;0;0;0;0;0;0;0;0;0;0
FR;12;2021-06-28;0;0;0;0;0;0;0;0;0;0;0;0;0;0;0;0;0;0
FR;12;2021-06-29;0;0;0;0;0;0;0;0;0;0;0;0;0;0;0;0;0;0
FR;12;2021-06-30;0;0;0;0;0;0;0;0;0;0;0;0;0;0;0;0;0;0
FR;12;2021-07-01;0;0;0;0;0;0;0;0;0;0;0;0;0;0;0;0;0;0
FR;12;2021-07-02;0;0;0;0;0;0;0;0;0;0;0;0;0;0;0;0;0;0
FR;12;2021-07-03;0;0;0;0;0;0;0;0;0;0;0;0;0;0;0;0;0;0
FR;12;2021-07-04;0;0;0;0;0;0;0;0;0;0;0;0;0;0;0;0;0;0
FR;12;2021-07-05;0;0;0;0;0;0;0;0;0;0;0;0;0;0;0;0;0;0
FR;12;2021-07-06;0;0;0;0;0;0;0;0;0;0;0;0;0;0;0;0;0;0
FR;12;2021-07-07;0;0;0;0;0;0;0;0;0;0;0;0;0;0;0;0;0;0
FR;12;2021-07-08;0;0;0;0;0;0;0;0;0;0;0;0;0;0;0;0;0;0
FR;12;2021-07-09;0;0;0;0;0;0;0;0;0;0;0;0;0;0;0;0;0;0
FR;12;2021-07-10;0;0;0;0;0;0;0;0;0;0;0;0;0;0;0;0;0;0
FR;12;2021-07-11;0;0;0;0;0;0;0;0;0;0;0;0;0;0;0;0;0;0
FR;12;2021-07-12;0;0;0;0;0;0;0;0;0;0;0;0;0;0;0;0;0;0
FR;12;2021-07-13;0;0;0;0;0;0;0;0;0;0;0;0;0;0;0;0;0;0
FR;12;2021-07-14;0;0;0;0;0;0;0;0;0;0;0;0;0;0;0;0;0;0
FR;12;2021-07-15;0;0;0;0;0;0;0;0;0;0;0;0;0;0;0;0;0;0
FR;12;2021-07-16;0;0;0;0;0;0;0;0;0;0;0;0;0;0;0;0;0;0
FR;12;2021-07-17;0;0;0;0;0;0;0;0;0;0;0;0;0;0;0;0;0;0
FR;12;2021-07-18;0;0;0;0;0;0;0;0;0;0;0;0;0;0;0;0;0;0
FR;12;2021-07-19;0;0;0;0;0;0;0;0;0;0;0;0;0;0;0;0;0;0
FR;12;2021-07-20;0;0;0;0;0;0;0;0;0;0;0;0;0;0;0;0;0;0
FR;12;2021-07-21;0;0;0;0;0;0;0;0;0;0;0;0;0;0;0;0;0;0
FR;12;2021-07-22;0;0;0;0;0;0;0;0;0;0;0;0;0;0;0;0;0;0
FR;12;2021-07-23;0;0;0;0;0;0;0;0;0;0;0;0;0;0;0;0;0;0
FR;12;2021-07-24;0;0;0;0;0;0;0;0;0;0;0;0;0;0;0;0;0;0
FR;12;2021-07-25;0;0;0;0;0;0;0;0;0;0;0;0;0;0;0;0;0;0
FR;12;2021-07-26;0;0;0;0;0;0;0;0;0;0;0;0;0;0;0;0;0;0
FR;12;2021-07-27;0;0;0;0;0;0;0;0;0;0;0;0;0;0;0;0;0;0
FR;12;2021-07-28;0;0;0;0;0;0;0;0;0;0;0;0;0;0;0;0;0;0
FR;12;2021-07-29;0;0;0;0;0;0;0;0;0;0;0;0;0;0;0;0;0;0
FR;12;2021-07-30;0;0;0;0;0;0;0;0;0;0;0;0;0;0;0;0;0;0
FR;12;2021-07-31;0;0;0;0;0;0;0;0;0;0;0;0;0;0;0;0;0;0
FR;12;2021-08-01;0;0;0;0;0;0;0;0;0;0;0;0;0;0;0;0;0;0
FR;12;2021-08-02;0;0;0;0;0;0;0;0;0;0;0;0;0;0;0;0;0;0
FR;12;2021-08-03;0;0;0;0;0;0;0;0;0;0;0;0;0;0;0;0;0;0
FR;12;2021-08-04;0;0;0;0;0;0;0;0;0;0;0;0;0;0;0;0;0;0
FR;12;2021-08-05;0;0;0;0;0;0;0;0;0;0;0;0;0;0;0;0;0;0
FR;12;2021-08-06;0;0;0;0;0;0;0;0;0;0;0;0;0;0;0;0;0;0
FR;12;2021-08-07;0;0;0;0;0;0;0;0;0;0;0;0;0;0;0;0;0;0
FR;12;2021-08-08;0;0;0;0;0;0;0;0;0;0;0;0;0;0;0;0;0;0
FR;12;2021-08-09;0;0;0;0;0;0;0;0;0;0;0;0;0;0;0;0;0;0
FR;12;2021-08-10;0;0;0;0;0;0;0;0;0;0;0;0;0;0;0;0;0;0
FR;12;2021-08-11;0;0;0;0;0;0;0;0;0;0;0;0;0;0;0;0;0;0
FR;12;2021-08-12;0;0;0;0;0;0;0;0;0;0;0;0;0;0;0;0;0;0
FR;12;2021-08-13;0;0;0;0;0;0;0;0;0;0;0;0;0;0;0;0;0;0
FR;12;2021-08-14;0;0;0;0;0;0;0;0;0;0;0;0;0;0;0;0;0;0
FR;12;2021-08-15;0;0;0;0;0;0;0;0;0;0;0;0;0;0;0;0;0;0
FR;12;2021-08-16;0;0;0;0;0;0;0;0;0;0;0;0;0;0;0;0;0;0
FR;12;2021-08-17;0;0;0;0;0;0;0;0;0;0;0;0;0;0;0;0;0;0
FR;12;2021-08-18;0;0;0;0;0;0;0;0;0;0;0;0;0;0;0;0;0;0
FR;12;2021-08-19;0;0;0;0;0;0;0;0;0;0;0;0;0;0;0;0;0;0
FR;12;2021-08-20;0;0;0;0;0;0;0;0;0;0;0;0;0;0;0;0;0;0
FR;12;2021-08-21;0;0;0;0;0;0;0;0;0;0;0;0;0;0;0;0;0;0
FR;12;2021-08-22;0;0;0;0;0;0;0;0;0;0;0;0;0;0;0;0;0;0
FR;12;2021-08-23;0;0;0;0;0;0;0;0;0;0;0;0;0;0;0;0;0;0
FR;12;2021-08-24;0;0;0;0;0;0;0;0;0;0;0;0;0;0;0;0;0;0
FR;12;2021-08-25;0;0;0;0;0;0;0;0;0;0;0;0;0;0;0;0;0;0
FR;12;2021-08-26;0;0;0;0;0;0;0;0;0;0;0;0;0;0;0;0;0;0
FR;12;2021-08-27;0;0;0;0;0;0;0;0;0;0;0;0;0;0;0;0;0;0
FR;12;2021-08-28;0;0;0;0;0;0;0;0;0;0;0;0;0;0;0;0;0;0
FR;12;2021-08-29;0;0;0;0;0;0;0;0;0;0;0;0;0;0;0;0;0;0
FR;12;2021-08-30;0;0;0;0;0;0;0;0;0;0;0;0;0;0;0;0;0;0
FR;12;2021-08-31;0;0;0;0;0;0;0;0;0;0;0;0;0;0;0;0;0;0
FR;12;2021-09-01;0;0;0;0;0;0;0;0;0;0;0;0;0;0;0;0;0;0
FR;12;2021-09-02;0;0;0;0;0;0;0;0;0;0;0;0;0;0;0;0;0;0
FR;12;2021-09-03;0;0;0;0;0;0;0;0;0;0;0;0;0;0;0;0;0;0
FR;12;2021-09-04;0;0;0;0;0;0;0;0;0;0;0;0;0;0;0;0;0;0
FR;12;2021-09-05;0;0;0;0;0;0;0;0;0;0;0;0;0;0;0;0;0;0
FR;12;2021-09-06;0;0;0;0;0;0;0;0;0;0;0;0;0;0;0;0;0;0
FR;12;2021-09-07;0;0;0;0;0;0;0;0;0;0;0;0;0;0;0;0;0;0
FR;12;2021-09-08;0;0;0;0;0;0;0;0;0;0;0;0;0;0;0;0;0;0
FR;12;2021-09-09;0;0;0;0;0;0;0;0;0;0;0;0;0;0;0;0;0;0
FR;12;2021-09-10;0;0;0;0;0;0;0;0;0;0;0;0;0;0;0;0;0;0
FR;12;2021-09-11;0;0;0;0;0;0;0;0;0;0;0;0;0;0;0;0;0;0
FR;12;2021-09-12;0;0;0;0;0;0;0;0;0;0;0;0;0;0;0;0;0;0
FR;12;2021-09-13;0;0;0;0;0;0;0;0;0;0;0;0;0;0;0;0;0;0
FR;12;2021-09-14;0;0;0;0;0;0;0;0;0;0;0;0;0;0;0;0;0;0
FR;12;2021-09-15;0;0;0;0;0;0;0;0;0;0;0;0;0;0;0;0;0;0
FR;12;2021-09-16;0;0;0;0;0;0;0;0;0;0;0;0;0;0;0;0;0;0
FR;12;2021-09-17;0;0;0;0;0;0;0;0;0;0;0;0;0;0;0;0;0;0
FR;12;2021-09-18;0;0;0;0;0;0;0;0;0;0;0;0;0;0;0;0;0;0
FR;12;2021-09-19;0;0;0;0;0;0;0;0;0;0;0;0;0;0;0;0;0;0
FR;12;2021-09-20;0;0;0;0;0;0;0;0;0;0;0;0;0;0;0;0;0;0
FR;12;2021-09-21;0;0;0;0;0;0;0;0;0;0;0;0;0;0;0;0;0;0
FR;12;2021-09-22;0;0;0;0;0;0;0;0;0;0;0;0;0;0;0;0;0;0
FR;12;2021-09-23;0;0;0;0;0;0;0;0;0;0;0;0;0;0;0;0;0;0
FR;12;2021-09-24;0;0;0;0;0;0;0;0;0;0;0;0;0;0;0;0;0;0
FR;12;2021-09-25;0;0;0;0;0;0;0;0;0;0;0;0;0;0;0;0;0;0
FR;12;2021-09-26;0;0;0;0;0;0;0;0;0;0;0;0;0;0;0;0;0;0
FR;12;2021-09-27;0;0;0;0;0;0;0;0;0;0;0;0;0;0;0;0;0;0
FR;12;2021-09-28;0;0;0;0;0;0;0;0;0;0;0;0;0;0;0;0;0;0
FR;12;2021-09-29;0;0;0;0;0;0;0;0;0;0;0;0;0;0;0;0;0;0
FR;12;2021-09-30;0;0;0;0;0;0;0;0;0;0;0;0;0;0;0;0;0;0
FR;12;2021-10-01;0;0;0;0;0;0;0;0;0;0;0;0;0;0;0;0;0;0
FR;12;2021-10-02;0;0;0;0;0;0;0;0;0;0;0;0;0;0;0;0;0;0
FR;12;2021-10-03;0;0;0;0;0;0;0;0;0;0;0;0;0;0;0;0;0;0
FR;12;2021-10-04;0;0;0;0;0;0;0;0;0;0;0;0;0;0;0;0;0;0
FR;12;2021-10-05;0;0;0;0;0;0;0;0;0;0;0;0;0;0;0;0;0;0
FR;12;2021-10-06;0;0;0;0;0;0;0;0;0;0;0;0;0;0;0;0;0;0
FR;12;2021-10-07;0;0;0;0;0;0;0;0;0;0;0;0;0;0;0;0;0;0
FR;12;2021-10-08;0;0;0;0;0;0;0;0;0;0;0;0;0;0;0;0;0;0
FR;12;2021-10-09;0;0;0;0;0;0;0;0;0;0;0;0;0;0;0;0;0;0
FR;12;2021-10-10;0;0;0;0;0;0;0;0;0;0;0;0;0;0;0;0;0;0
FR;12;2021-10-11;0;0;0;0;0;0;0;0;0;0;0;0;0;0;0;0;0;0
FR;12;2021-10-12;0;0;0;0;0;0;0;0;0;0;0;0;0;0;0;0;0;0
FR;12;2021-10-13;0;0;0;0;0;0;0;0;0;0;0;0;0;0;0;0;0;0
FR;12;2021-10-14;0;0;0;0;0;0;0;0;0;0;0;0;0;0;0;0;0;0
FR;12;2021-10-15;0;0;0;0;0;0;0;0;0;0;0;0;0;0;0;0;0;0
FR;12;2021-10-16;0;0;0;0;0;0;0;0;0;0;0;0;0;0;0;0;0;0
FR;12;2021-10-17;0;0;0;0;0;0;0;0;0;0;0;0;0;0;0;0;0;0
FR;12;2021-10-18;0;0;0;0;0;0;0;0;0;0;0;0;0;0;0;0;0;0
FR;12;2021-10-19;0;0;0;0;0;0;0;0;0;0;0;0;0;0;0;0;0;0
FR;12;2021-10-20;0;0;0;0;0;0;0;0;0;0;0;0;0;0;0;0;0;0
FR;12;2021-10-21;0;0;0;0;0;0;0;0;0;0;0;0;0;0;0;0;0;0
FR;12;2021-10-22;0;0;0;0;0;0;0;0;0;0;0;0;0;0;0;0;0;0
FR;12;2021-10-23;0;0;0;0;0;0;0;0;0;0;0;0;0;0;0;0;0;0
FR;12;2021-10-24;0;0;0;0;0;0;0;0;0;0;0;0;0;0;0;0;0;0
FR;12;2021-10-25;0;0;0;0;0;0;0;0;0;0;0;0;0;0;0;0;0;0
FR;12;2021-10-26;0;0;0;0;0;0;0;0;0;0;0;0;0;0;0;0;0;0
FR;12;2021-10-27;0;0;0;0;0;0;0;0;0;0;0;0;0;0;0;0;0;0
FR;12;2021-10-28;0;0;0;0;0;0;0;0;0;0;0;0;0;0;0;0;0;0
FR;12;2021-10-29;0;0;0;0;0;0;0;0;0;0;0;0;0;0;0;0;0;0
FR;12;2021-10-30;0;0;0;0;0;0;0;0;0;0;0;0;0;0;0;0;0;0
FR;12;2021-10-31;0;0;0;0;0;0;0;0;0;0;0;0;0;0;0;0;0;0
FR;12;2021-11-01;0;0;0;0;0;0;0;0;0;0;0;0;0;0;0;0;0;0
FR;12;2021-11-02;0;0;0;0;0;0;0;0;0;0;0;0;0;0;0;0;0;0
FR;12;2021-11-03;0;0;0;0;0;0;0;0;0;0;0;0;0;0;0;0;0;0
FR;12;2021-11-04;0;0;0;0;0;0;0;0;0;0;0;0;0;0;0;0;0;0
FR;12;2021-11-05;0;0;0;0;0;0;0;0;0;0;0;0;0;0;0;0;0;0
FR;12;2021-11-06;0;0;0;0;0;0;0;0;0;0;0;0;0;0;0;0;0;0
FR;12;2021-11-07;0;0;0;0;0;0;0;0;0;0;0;0;0;0;0;0;0;0
FR;12;2021-11-08;0;0;0;0;0;0;0;0;0;0;0;0;0;0;0;0;0;0
FR;12;2021-11-09;0;0;0;0;0;0;0;0;0;0;0;0;0;0;0;0;0;0
FR;12;2021-11-10;0;0;0;0;0;0;0;0;0;0;0;0;0;0;0;0;0;0
FR;12;2021-11-11;0;0;0;0;0;0;0;0;0;0;0;0;0;0;0;0;0;0
FR;12;2021-11-12;0;0;0;0;0;0;0;0;0;0;0;0;0;0;0;0;0;0
FR;12;2021-11-13;0;0;0;0;0;0;0;0;0;0;0;0;0;0;0;0;0;0
FR;12;2021-11-14;0;0;0;0;0;0;0;0;0;0;0;0;0;0;0;0;0;0
FR;12;2021-11-15;0;0;0;0;0;0;0;0;0;0;0;0;0;0;0;0;0;0
FR;12;2021-11-16;0;0;0;0;0;0;0;0;0;0;0;0;0;0;0;0;0;0
FR;12;2021-11-17;0;0;0;0;0;0;0;0;0;0;0;0;0;0;0;0;0;0
FR;12;2021-11-18;0;0;0;0;0;0;0;0;0;0;0;0;0;0;0;0;0;0
FR;12;2021-11-19;0;0;0;0;0;0;0;0;0;0;0;0;0;0;0;0;0;0
FR;12;2021-11-20;0;0;0;0;0;0;0;0;0;0;0;0;0;0;0;0;0;0
FR;12;2021-11-21;0;0;0;0;0;0;0;0;0;0;0;0;0;0;0;0;0;0
FR;12;2021-11-22;0;0;0;0;0;0;0;0;0;0;0;0;0;0;0;0;0;0
FR;12;2021-11-23;0;0;0;0;0;0;0;0;0;0;0;0;0;0;0;0;0;0
FR;12;2021-11-24;0;0;0;0;0;0;0;0;0;0;0;0;0;0;0;0;0;0
FR;12;2021-11-25;0;0;0;0;0;0;0;0;0;0;0;0;0;0;0;0;0;0
FR;12;2021-11-26;0;0;0;0;0;0;0;0;0;0;0;0;0;0;0;0;0;0
FR;12;2021-11-27;0;0;0;0;0;0;0;0;0;0;0;0;0;0;0;0;0;0
FR;12;2021-11-28;0;0;0;0;0;0;0;0;0;0;0;0;0;0;0;0;0;0
FR;12;2021-11-29;0;0;0;0;0;0;0;0;0;0;0;0;0;0;0;0;0;0
FR;12;2021-11-30;0;0;0;0;0;0;0;0;0;0;0;0;0;0;0;0;0;0
FR;12;2021-12-01;0;0;0;0;0;0;0;0;0;0;0;0;0;0;0;0;0;0
FR;12;2021-12-02;0;0;0;0;0;0;0;0;0;0;0;0;0;0;0;0;0;0
FR;12;2021-12-03;0;0;0;0;0;0;0;0;0;0;0;0;0;0;0;0;0;0
FR;12;2021-12-04;0;0;0;0;0;0;0;0;0;0;0;0;0;0;0;0;0;0
FR;12;2021-12-05;0;0;0;0;0;0;0;0;0;0;0;0;0;0;0;0;0;0
FR;12;2021-12-06;0;0;0;0;0;0;0;0;0;0;0;0;0;0;0;0;0;0
FR;12;2021-12-07;0;0;0;0;0;0;0;0;0;0;0;0;0;0;0;0;0;0
FR;12;2021-12-08;0;0;0;0;0;0;0;0;0;0;0;0;0;0;0;0;0;0
FR;12;2021-12-09;0;0;0;0;0;0;0;0;0;0;0;0;0;0;0;0;0;0
FR;12;2021-12-10;0;0;0;0;0;0;0;0;0;0;0;0;0;0;0;0;0;0
FR;12;2021-12-11;0;0;0;0;0;0;0;0;0;0;0;0;0;0;0;0;0;0
FR;12;2021-12-12;0;0;0;0;0;0;0;0;0;0;0;0;0;0;0;0;0;0
FR;12;2021-12-13;0;0;0;0;0;0;0;0;0;0;0;0;0;0;0;0;0;0
FR;12;2021-12-14;0;0;0;0;0;0;0;0;0;0;0;0;0;0;0;0;0;0
FR;12;2021-12-15;0;0;0;0;0;0;0;0;0;0;0;0;0;0;0;0;0;0
FR;12;2021-12-16;0;0;0;0;0;0;0;0;0;0;0;0;0;0;0;0;0;0
FR;12;2021-12-17;0;0;0;0;0;0;0;0;0;0;0;0;0;0;0;0;0;0
FR;12;2021-12-18;0;0;0;0;0;0;0;0;0;0;0;0;0;0;0;0;0;0
FR;12;2021-12-19;0;0;0;0;0;0;0;0;0;0;0;0;0;0;0;0;0;0
FR;12;2021-12-20;0;0;0;0;0;0;0;0;0;0;0;0;0;0;0;0;0;0
FR;12;2021-12-21;0;0;0;0;0;0;0;0;0;0;0;0;0;0;0;0;0;0
FR;12;2021-12-22;0;0;0;0;0;0;0;0;0;0;0;0;0;0;0;0;0;0
FR;12;2021-12-23;0;0;0;0;0;0;0;0;0;0;0;0;0;0;0;0;0;0
FR;12;2021-12-24;0;0;0;0;0;0;0;0;0;0;0;0;0;0;0;0;0;0
FR;12;2021-12-25;0;0;0;0;0;0;0;0;0;0;0;0;0;0;0;0;0;0
FR;12;2021-12-26;0;0;0;0;0;0;0;0;0;0;0;0;0;0;0;0;0;0
FR;12;2021-12-27;0;0;0;0;0;0;0;0;0;0;0;0;0;0;0;0;0;0
FR;12;2021-12-28;0;0;0;0;0;0;0;0;0;0;0;0;0;0;0;0;0;0
FR;12;2021-12-29;0;0;0;0;0;0;0;0;0;0;0;0;0;0;0;0;0;0
FR;12;2021-12-30;0;0;0;0;0;0;0;0;0;0;0;0;0;0;0;0;0;0
FR;12;2021-12-31;0;0;0;0;0;0;0;0;0;0;0;0;0;0;0;0;0;0
FR;12;2022-01-01;0;0;0;0;0;0;0;0;0;0;0;0;0;0;0;0;0;0
FR;12;2022-01-02;0;0;0;0;0;0;0;0;0;0;0;0;0;0;0;0;0;0
FR;12;2022-01-03;0;0;0;0;0;0;0;0;0;0;0;0;0;0;0;0;0;0
FR;12;2022-01-04;0;0;0;0;0;0;0;0;0;0;0;0;0;0;0;0;0;0
FR;12;2022-01-05;0;0;0;0;0;0;0;0;0;0;0;0;0;0;0;0;0;0
FR;12;2022-01-06;0;0;0;0;0;0;0;0;0;0;0;0;0;0;0;0;0;0
FR;12;2022-01-07;0;0;0;0;0;0;0;0;0;0;0;0;0;0;0;0;0;0
FR;12;2022-01-08;0;0;0;0;0;0;0;0;0;0;0;0;0;0;0;0;0;0
FR;12;2022-01-09;0;0;0;0;0;0;0;0;0;0;0;0;0;0;0;0;0;0
FR;12;2022-01-10;0;0;0;0;0;0;0;0;0;0;0;0;0;0;0;0;0;0
FR;12;2022-01-11;0;0;0;0;0;0;0;0;0;0;0;0;0;0;0;0;0;0
FR;12;2022-01-12;0;0;0;0;0;0;0;0;0;0;0;0;0;0;0;0;0;0
FR;12;2022-01-13;0;0;0;0;0;0;0;0;0;0;0;0;0;0;0;0;0;0
FR;12;2022-01-14;0;0;0;0;0;0;0;0;0;0;0;0;0;0;0;0;0;0
FR;12;2022-01-15;0;0;0;0;0;0;0;0;0;0;0;0;0;0;0;0;0;0
FR;12;2022-01-16;0;0;0;0;0;0;0;0;0;0;0;0;0;0;0;0;0;0
FR;12;2022-01-17;0;0;0;0;0;0;0;0;0;0;0;0;0;0;0;0;0;0
FR;12;2022-01-18;0;0;0;0;0;0;0;0;0;0;0;0;0;0;0;0;0;0
FR;12;2022-01-19;0;0;0;0;0;0;0;0;0;0;0;0;0;0;0;0;0;0
FR;12;2022-01-20;0;0;0;0;0;0;0;0;0;0;0;0;0;0;0;0;0;0
FR;12;2022-01-21;0;0;0;0;0;0;0;0;0;0;0;0;0;0;0;0;0;0
FR;12;2022-01-22;0;0;0;0;0;0;0;0;0;0;0;0;0;0;0;0;0;0
FR;12;2022-01-23;0;0;0;0;0;0;0;0;0;0;0;0;0;0;0;0;0;0
FR;12;2022-01-24;0;0;0;0;0;0;0;0;0;0;0;0;0;0;0;0;0;0
FR;12;2022-01-25;0;0;0;0;0;0;0;0;0;0;0;0;0;0;0;0;0;0
FR;12;2022-01-26;0;0;0;0;0;0;0;0;0;0;0;0;0;0;0;0;0;0
FR;12;2022-01-27;0;0;0;0;0;0;0;0;0;0;0;0;0;0;0;0;0;0
FR;12;2022-01-28;0;0;0;0;0;0;0;0;0;0;0;0;0;0;0;0;0;0
FR;12;2022-01-29;0;0;0;0;0;0;0;0;0;0;0;0;0;0;0;0;0;0
FR;12;2022-01-30;0;0;0;0;0;0;0;0;0;0;0;0;0;0;0;0;0;0
FR;12;2022-01-31;0;0;0;0;0;0;0;0;0;0;0;0;0;0;0;0;0;0
FR;12;2022-02-01;0;0;0;0;0;0;0;0;0;0;0;0;0;0;0;0;0;0
FR;12;2022-02-02;0;0;0;0;0;0;0;0;0;0;0;0;0;0;0;0;0;0
FR;12;2022-02-03;0;0;0;0;0;0;0;0;0;0;0;0;0;0;0;0;0;0
FR;12;2022-02-04;0;0;0;0;0;0;0;0;0;0;0;0;0;0;0;0;0;0
FR;12;2022-02-05;0;0;0;0;0;0;0;0;0;0;0;0;0;0;0;0;0;0
FR;12;2022-02-06;0;0;0;0;0;0;0;0;0;0;0;0;0;0;0;0;0;0
FR;12;2022-02-07;0;0;0;0;0;0;0;0;0;0;0;0;0;0;0;0;0;0
FR;12;2022-02-08;0;0;0;0;0;0;0;0;0;0;0;0;0;0;0;0;0;0
FR;12;2022-02-09;0;0;0;0;0;0;0;0;0;0;0;0;0;0;0;0;0;0
FR;12;2022-02-10;0;0;0;0;0;0;0;0;0;0;0;0;0;0;0;0;0;0
FR;12;2022-02-11;0;0;0;0;0;0;0;0;0;0;0;0;0;0;0;0;0;0
FR;12;2022-02-12;0;0;0;0;0;0;0;0;0;0;0;0;0;0;0;0;0;0
FR;12;2022-02-13;0;0;0;0;0;0;0;0;0;0;0;0;0;0;0;0;0;0
FR;12;2022-02-14;0;0;0;0;0;0;0;0;0;0;0;0;0;0;0;0;0;0
FR;12;2022-02-15;0;0;0;0;0;0;0;0;0;0;0;0;0;0;0;0;0;0
FR;12;2022-02-16;0;0;0;0;0;0;0;0;0;0;0;0;0;0;0;0;0;0
FR;12;2022-02-17;0;0;0;0;0;0;0;0;0;0;0;0;0;0;0;0;0;0
FR;12;2022-02-18;0;0;0;0;0;0;0;0;0;0;0;0;0;0;0;0;0;0
FR;12;2022-02-19;0;0;0;0;0;0;0;0;0;0;0;0;0;0;0;0;0;0
FR;12;2022-02-20;0;0;0;0;0;0;0;0;0;0;0;0;0;0;0;0;0;0
FR;12;2022-02-21;0;0;0;0;0;0;0;0;0;0;0;0;0;0;0;0;0;0
FR;12;2022-02-22;0;0;0;0;0;0;0;0;0;0;0;0;0;0;0;0;0;0
FR;12;2022-02-23;0;0;0;0;0;0;0;0;0;0;0;0;0;0;0;0;0;0
FR;12;2022-02-24;0;0;0;0;0;0;0;0;0;0;0;0;0;0;0;0;0;0
FR;12;2022-02-25;0;0;0;0;0;0;0;0;0;0;0;0;0;0;0;0;0;0
FR;12;2022-02-26;0;0;0;0;0;0;0;0;0;0;0;0;0;0;0;0;0;0
FR;12;2022-02-27;0;0;0;0;0;0;0;0;0;0;0;0;0;0;0;0;0;0
FR;12;2022-02-28;0;0;0;0;0;0;0;0;0;0;0;0;0;0;0;0;0;0
FR;12;2022-03-01;0;0;0;0;0;0;0;0;0;0;0;0;0;0;0;0;0;0
FR;12;2022-03-02;0;0;0;0;0;0;0;0;0;0;0;0;0;0;0;0;0;0
FR;12;2022-03-03;0;0;0;0;0;0;0;0;0;0;0;0;0;0;0;0;0;0
FR;12;2022-03-04;0;0;0;0;0;0;0;0;0;0;0;0;0;0;0;0;0;0
FR;12;2022-03-05;0;0;0;0;0;0;0;0;0;0;0;0;0;0;0;0;0;0
FR;12;2022-03-06;0;0;0;0;0;0;0;0;0;0;0;0;0;0;0;0;0;0
FR;12;2022-03-07;0;0;0;0;0;0;0;0;0;0;0;0;0;0;0;0;0;0
FR;12;2022-03-08;0;0;0;0;0;0;0;0;0;0;0;0;0;0;0;0;0;0
FR;12;2022-03-09;0;0;0;0;0;0;0;0;0;0;0;0;0;0;0;0;0;0
FR;12;2022-03-10;0;0;0;0;0;0;0;0;0;0;0;0;0;0;0;0;0;0
FR;12;2022-03-11;0;0;0;0;0;0;0;0;0;0;0;0;0;0;0;0;0;0
FR;12;2022-03-12;0;0;0;0;0;0;0;0;0;0;0;0;0;0;0;0;0;0
FR;12;2022-03-13;0;0;0;0;0;0;0;0;0;0;0;0;0;0;0;0;0;0
FR;12;2022-03-14;0;0;0;0;0;0;0;0;0;0;0;0;0;0;0;0;0;0
FR;12;2022-03-15;0;0;0;0;0;0;0;0;0;0;0;0;0;0;0;0;0;0
FR;12;2022-03-16;0;0;0;0;0;0;0;0;0;0;0;0;0;0;0;0;0;0
FR;12;2022-03-17;0;0;0;0;0;0;0;0;0;0;0;0;0;0;0;0;0;0
FR;12;2022-03-18;0;0;0;0;0;0;0;0;0;0;0;0;0;0;0;0;0;0
FR;12;2022-03-19;0;0;0;0;0;0;0;0;0;0;0;0;0;0;0;0;0;0
FR;12;2022-03-20;0;0;0;0;0;0;0;0;0;0;0;0;0;0;0;0;0;0
FR;12;2022-03-21;0;0;0;0;0;0;0;0;0;0;0;0;0;0;0;0;0;0
FR;12;2022-03-22;0;0;0;0;0;0;0;0;0;0;0;0;0;0;0;0;0;0
FR;12;2022-03-23;0;0;0;0;0;0;0;0;0;0;0;0;0;0;0;0;0;0
FR;12;2022-03-24;0;0;0;0;0;0;0;0;0;0;0;0;0;0;0;0;0;0
FR;12;2022-03-25;0;0;0;0;0;0;0;0;0;0;0;0;0;0;0;0;0;0
FR;12;2022-03-26;0;0;0;0;0;0;0;0;0;0;0;0;0;0;0;0;0;0
FR;12;2022-03-27;0;0;0;0;0;0;0;0;0;0;0;0;0;0;0;0;0;0
FR;12;2022-03-28;0;0;0;0;0;0;0;0;0;0;0;0;0;0;0;0;0;0
FR;12;2022-03-29;0;0;0;0;0;0;0;0;0;0;0;0;0;0;0;0;0;0
FR;12;2022-03-30;0;0;0;0;0;0;0;0;0;0;0;0;0;0;0;0;0;0
FR;12;2022-03-31;0;0;0;0;0;0;0;0;0;0;0;0;0;0;0;0;0;0
FR;12;2022-04-01;0;0;0;0;0;0;0;0;0;0;0;0;0;0;0;0;0;0
FR;12;2022-04-02;0;0;0;0;0;0;0;0;0;0;0;0;0;0;0;0;0;0
FR;12;2022-04-03;0;0;0;0;0;0;0;0;0;0;0;0;0;0;0;0;0;0
FR;12;2022-04-04;0;0;0;0;0;0;0;0;0;0;0;0;0;0;0;0;0;0
FR;12;2022-04-05;0;0;0;0;0;0;0;0;0;0;0;0;0;0;0;0;0;0
FR;12;2022-04-06;0;0;0;0;0;0;0;0;0;0;0;0;0;0;0;0;0;0
FR;12;2022-04-07;0;0;0;0;0;0;0;0;0;0;0;0;0;0;0;0;0;0
FR;12;2022-04-08;0;0;0;0;0;0;0;0;0;0;0;0;0;0;0;0;0;0
FR;12;2022-04-09;0;0;0;0;0;0;0;0;0;0;0;0;0;0;0;0;0;0
FR;12;2022-04-10;0;0;0;0;0;0;0;0;0;0;0;0;0;0;0;0;0;0
FR;12;2022-04-11;0;0;0;0;0;0;0;0;0;0;0;0;0;0;0;0;0;0
FR;12;2022-04-12;0;0;0;0;0;0;0;0;0;0;0;0;0;0;0;0;0;0
FR;12;2022-04-13;0;0;0;0;0;0;0;0;0;0;0;0;0;0;0;0;0;0
FR;12;2022-04-14;0;0;0;0;0;0;0;0;0;0;0;0;0;0;0;0;0;0
FR;12;2022-04-15;0;0;0;0;0;0;0;0;0;0;0;0;0;0;0;0;0;0
FR;12;2022-04-16;0;0;0;0;0;0;0;0;0;0;0;0;0;0;0;0;0;0
FR;12;2022-04-17;0;0;0;0;0;0;0;0;0;0;0;0;0;0;0;0;0;0
FR;12;2022-04-18;0;0;0;0;0;0;0;0;0;0;0;0;0;0;0;0;0;0
FR;12;2022-04-19;0;0;0;0;0;0;0;0;0;0;0;0;0;0;0;0;0;0
FR;12;2022-04-20;0;0;0;0;0;0;0;0;0;0;0;0;0;0;0;0;0;0
FR;12;2022-04-21;0;0;0;0;0;0;0;0;0;0;0;0;0;0;0;0;0;0
FR;12;2022-04-22;0;0;0;0;0;0;0;0;0;0;0;0;0;0;0;0;0;0
FR;12;2022-04-23;0;0;0;0;0;0;0;0;0;0;0;0;0;0;0;0;0;0
FR;12;2022-04-24;0;0;0;0;0;0;0;0;0;0;0;0;0;0;0;0;0;0
FR;12;2022-04-25;0;0;0;0;0;0;0;0;0;0;0;0;0;0;0;0;0;0
FR;12;2022-04-26;0;0;0;0;0;0;0;0;0;0;0;0;0;0;0;0;0;0
FR;12;2022-04-27;0;0;0;0;0;0;0;0;0;0;0;0;0;0;0;0;0;0
FR;12;2022-04-28;0;0;0;0;0;0;0;0;0;0;0;0;0;0;0;0;0;0
FR;12;2022-04-29;0;0;0;0;0;0;0;0;0;0;0;0;0;0;0;0;0;0
FR;12;2022-04-30;0;0;0;0;0;0;0;0;0;0;0;0;0;0;0;0;0;0
FR;12;2022-05-01;0;0;0;0;0;0;0;0;0;0;0;0;0;0;0;0;0;0
FR;12;2022-05-02;0;0;0;0;0;0;0;0;0;0;0;0;0;0;0;0;0;0
FR;12;2022-05-03;0;0;0;0;0;0;0;0;0;0;0;0;0;0;0;0;0;0
FR;12;2022-05-04;0;0;0;0;0;0;0;0;0;0;0;0;0;0;0;0;0;0
FR;12;2022-05-05;0;0;0;0;0;0;0;0;0;0;0;0;0;0;0;0;0;0
FR;12;2022-05-06;0;0;0;0;0;0;0;0;0;0;0;0;0;0;0;0;0;0
FR;12;2022-05-07;0;0;0;0;0;0;0;0;0;0;0;0;0;0;0;0;0;0
FR;12;2022-05-08;0;0;0;0;0;0;0;0;0;0;0;0;0;0;0;0;0;0
FR;12;2022-05-09;0;0;0;0;0;0;0;0;0;0;0;0;0;0;0;0;0;0
FR;12;2022-05-10;0;0;0;0;0;0;0;0;0;0;0;0;0;0;0;0;0;0
FR;12;2022-05-11;0;0;0;0;0;0;0;0;0;0;0;0;0;0;0;0;0;0
FR;12;2022-05-12;0;0;0;0;0;0;0;0;0;0;0;0;0;0;0;0;0;0
FR;12;2022-05-13;0;0;0;0;0;0;0;0;0;0;0;0;0;0;0;0;0;0
FR;12;2022-05-14;0;0;0;0;0;0;0;0;0;0;0;0;0;0;0;0;0;0
FR;12;2022-05-15;0;0;0;0;0;0;0;0;0;0;0;0;0;0;0;0;0;0
FR;12;2022-05-16;0;0;0;0;0;0;0;0;0;0;0;0;0;0;0;0;0;0
FR;12;2022-05-17;0;0;0;0;0;0;0;0;0;0;0;0;0;0;0;0;0;0
FR;12;2022-05-18;0;0;0;0;0;0;0;0;0;0;0;0;0;0;0;0;0;0
FR;12;2022-05-19;0;0;0;0;0;0;0;0;0;0;0;0;0;0;0;0;0;0
FR;12;2022-05-20;0;0;0;0;0;0;0;0;0;0;0;0;0;0;0;0;0;0
FR;12;2022-05-21;0;0;0;0;0;0;0;0;0;0;0;0;0;0;0;0;0;0
FR;12;2022-05-22;0;0;0;0;0;0;0;0;0;0;0;0;0;0;0;0;0;0
FR;12;2022-05-23;0;0;0;0;0;0;0;0;0;0;0;0;0;0;0;0;0;0
FR;12;2022-05-24;0;0;0;0;0;0;0;0;0;0;0;0;0;0;0;0;0;0
FR;12;2022-05-25;0;0;0;0;0;0;0;0;0;0;0;0;0;0;0;0;0;0
FR;12;2022-05-26;0;0;0;0;0;0;0;0;0;0;0;0;0;0;0;0;0;0
FR;12;2022-05-27;0;0;0;0;0;0;0;0;0;0;0;0;0;0;0;0;0;0
FR;12;2022-05-28;0;0;0;0;0;0;0;0;0;0;0;0;0;0;0;0;0;0
FR;12;2022-05-29;0;0;0;0;0;0;0;0;0;0;0;0;0;0;0;0;0;0
FR;12;2022-05-30;0;0;0;0;0;0;0;0;0;0;0;0;0;0;0;0;0;0
FR;12;2022-05-31;0;0;0;0;0;0;0;0;0;0;0;0;0;0;0;0;0;0
FR;12;2022-06-01;0;0;0;0;0;0;0;0;0;0;0;0;0;0;0;0;0;0
FR;12;2022-06-02;0;0;0;0;0;0;0;0;0;0;0;0;0;0;0;0;0;0
FR;12;2022-06-03;0;0;0;0;0;0;0;0;0;0;0;0;0;0;0;0;0;0
FR;12;2022-06-04;0;0;0;0;0;0;0;0;0;0;0;0;0;0;0;0;0;0
FR;12;2022-06-05;0;0;0;0;0;0;0;0;0;0;0;0;0;0;0;0;0;0
FR;12;2022-06-06;0;0;0;0;0;0;0;0;0;0;0;0;0;0;0;0;0;0
FR;12;2022-06-07;0;0;0;0;0;0;0;0;0;0;0;0;0;0;0;0;0;0
FR;12;2022-06-08;0;0;0;0;0;0;0;0;0;0;0;0;0;0;0;0;0;0
FR;12;2022-06-09;0;0;0;0;0;0;0;0;0;0;0;0;0;0;0;0;0;0
FR;12;2022-06-10;0;0;0;0;0;0;0;0;0;0;0;0;0;0;0;0;0;0
FR;12;2022-06-11;0;0;0;0;0;0;0;0;0;0;0;0;0;0;0;0;0;0
FR;12;2022-06-12;0;0;0;0;0;0;0;0;0;0;0;0;0;0;0;0;0;0
FR;12;2022-06-13;0;0;0;0;0;0;0;0;0;0;0;0;0;0;0;0;0;0
FR;12;2022-06-14;0;0;0;0;0;0;0;0;0;0;0;0;0;0;0;0;0;0
FR;12;2022-06-15;0;0;0;0;0;0;0;0;0;0;0;0;0;0;0;0;0;0
FR;12;2022-06-16;0;0;0;0;0;0;0;0;0;0;0;0;0;0;0;0;0;0
FR;12;2022-06-17;0;0;0;0;0;0;0;0;0;0;0;0;0;0;0;0;0;0
FR;12;2022-06-18;0;0;0;0;0;0;0;0;0;0;0;0;0;0;0;0;0;0
FR;12;2022-06-19;0;0;0;0;0;0;0;0;0;0;0;0;0;0;0;0;0;0
FR;12;2022-06-20;0;0;0;0;0;0;0;0;0;0;0;0;0;0;0;0;0;0
FR;12;2022-06-21;0;0;0;0;0;0;0;0;0;0;0;0;0;0;0;0;0;0
FR;12;2022-06-22;0;0;0;0;0;0;0;0;0;0;0;0;0;0;0;0;0;0
FR;12;2022-06-23;0;0;0;0;0;0;0;0;0;0;0;0;0;0;0;0;0;0
FR;12;2022-06-24;0;0;0;0;0;0;0;0;0;0;0;0;0;0;0;0;0;0
FR;12;2022-06-25;0;0;0;0;0;0;0;0;0;0;0;0;0;0;0;0;0;0
FR;12;2022-06-26;0;0;0;0;0;0;0;0;0;0;0;0;0;0;0;0;0;0
FR;12;2022-06-27;0;0;0;0;0;0;0;0;0;0;0;0;0;0;0;0;0;0
FR;12;2022-06-28;0;0;0;0;0;0;0;0;0;0;0;0;0;0;0;0;0;0
FR;12;2022-06-29;0;0;0;0;0;0;0;0;0;0;0;0;0;0;0;0;0;0
FR;12;2022-06-30;0;0;0;0;0;0;0;0;0;0;0;0;0;0;0;0;0;0
FR;12;2022-07-01;0;0;0;0;0;0;0;0;0;0;0;0;0;0;0;0;0;0
FR;12;2022-07-02;0;0;0;0;0;0;0;0;0;0;0;0;0;0;0;0;0;0
FR;12;2022-07-03;0;0;0;0;0;0;0;0;0;0;0;0;0;0;0;0;0;0
FR;12;2022-07-04;0;0;0;0;0;0;0;0;0;0;0;0;0;0;0;0;0;0
FR;12;2022-07-05;0;0;0;0;0;0;0;0;0;0;0;0;0;0;0;0;0;0
FR;12;2022-07-06;0;0;0;0;0;0;0;0;0;0;0;0;0;0;0;0;0;0
FR;12;2022-07-07;0;0;0;0;0;0;0;0;0;0;0;0;0;0;0;0;0;0
FR;12;2022-07-08;0;0;0;0;0;0;0;0;0;0;0;0;0;0;0;0;0;0
FR;12;2022-07-09;0;0;0;0;0;0;0;0;0;0;0;0;0;0;0;0;0;0
FR;12;2022-07-10;0;0;0;0;0;0;0;0;0;0;0;0;0;0;0;0;0;0
FR;12;2022-07-11;0;0;0;0;0;0;0;0;0;0;0;0;0;0;0;0;0;0
FR;12;2022-07-12;0;0;0;0;0;0;0;0;0;0;0;0;0;0;0;0;0;0
FR;12;2022-07-13;0;0;0;0;0;0;0;0;0;0;0;0;0;0;0;0;0;0
FR;12;2022-07-14;0;0;0;0;0;0;0;0;0;0;0;0;0;0;0;0;0;0
FR;12;2022-07-15;0;0;0;0;0;0;0;0;0;0;0;0;0;0;0;0;0;0
FR;12;2022-07-16;0;0;0;0;0;0;0;0;0;0;0;0;0;0;0;0;0;0
FR;12;2022-07-17;0;0;0;0;0;0;0;0;0;0;0;0;0;0;0;0;0;0
FR;12;2022-07-18;0;0;0;0;0;0;0;0;0;0;0;0;0;0;0;0;0;0
FR;12;2022-07-19;0;0;0;0;0;0;0;0;0;0;0;0;0;0;0;0;0;0
FR;12;2022-07-20;0;0;0;0;0;0;0;0;0;0;0;0;0;0;0;0;0;0
FR;12;2022-07-21;0;0;0;0;0;0;0;0;0;0;0;0;0;0;0;0;0;0
FR;12;2022-07-22;0;0;0;0;0;0;0;0;0;0;0;0;0;0;0;0;0;0
FR;12;2022-07-23;0;0;0;0;0;0;0;0;0;0;0;0;0;0;0;0;0;0
FR;12;2022-07-24;0;0;0;0;0;0;0;0;0;0;0;0;0;0;0;0;0;0
FR;12;2022-07-25;0;0;0;0;0;0;0;0;0;0;0;0;0;0;0;0;0;0
FR;12;2022-07-26;0;0;0;0;0;0;0;0;0;0;0;0;0;0;0;0;0;0
FR;12;2022-07-27;0;0;0;0;0;0;0;0;0;0;0;0;0;0;0;0;0;0
FR;12;2022-07-28;0;0;0;0;0;0;0;0;0;0;0;0;0;0;0;0;0;0
FR;12;2022-07-29;0;0;0;0;0;0;0;0;0;0;0;0;0;0;0;0;0;0
FR;12;2022-07-30;0;0;0;0;0;0;0;0;0;0;0;0;0;0;0;0;0;0
FR;12;2022-07-31;0;0;0;0;0;0;0;0;0;0;0;0;0;0;0;0;0;0
FR;12;2022-08-01;0;0;0;0;0;0;0;0;0;0;0;0;0;0;0;0;0;0
FR;12;2022-08-02;0;0;0;0;0;0;0;0;0;0;0;0;0;0;0;0;0;0
FR;12;2022-08-03;0;0;0;0;0;0;0;0;0;0;0;0;0;0;0;0;0;0
FR;12;2022-08-04;0;0;0;0;0;0;0;0;0;0;0;0;0;0;0;0;0;0
FR;12;2022-08-05;0;0;0;0;0;0;0;0;0;0;0;0;0;0;0;0;0;0
FR;12;2022-08-06;0;0;0;0;0;0;0;0;0;0;0;0;0;0;0;0;0;0
FR;12;2022-08-07;0;0;0;0;0;0;0;0;0;0;0;0;0;0;0;0;0;0
FR;12;2022-08-08;0;0;0;0;0;0;0;0;0;0;0;0;0;0;0;0;0;0
FR;12;2022-08-09;0;0;0;0;0;0;0;0;0;0;0;0;0;0;0;0;0;0
FR;12;2022-08-10;0;0;0;0;0;0;0;0;0;0;0;0;0;0;0;0;0;0
FR;12;2022-08-11;0;0;0;0;0;0;0;0;0;0;0;0;0;0;0;0;0;0
FR;12;2022-08-12;0;0;0;0;0;0;0;0;0;0;0;0;0;0;0;0;0;0
FR;12;2022-08-13;0;0;0;0;0;0;0;0;0;0;0;0;0;0;0;0;0;0
FR;12;2022-08-14;0;0;0;0;0;0;0;0;0;0;0;0;0;0;0;0;0;0
FR;12;2022-08-15;0;0;0;0;0;0;0;0;0;0;0;0;0;0;0;0;0;0
FR;12;2022-08-16;0;0;0;0;0;0;0;0;0;0;0;0;0;0;0;0;0;0
FR;12;2022-08-17;0;0;0;0;0;0;0;0;0;0;0;0;0;0;0;0;0;0
FR;12;2022-08-18;0;0;0;0;0;0;0;0;0;0;0;0;0;0;0;0;0;0
FR;12;2022-08-19;0;0;0;0;0;0;0;0;0;0;0;0;0;0;0;0;0;0
FR;12;2022-08-20;0;0;0;0;0;0;0;0;0;0;0;0;0;0;0;0;0;0
FR;12;2022-08-21;0;0;0;0;0;0;0;0;0;0;0;0;0;0;0;0;0;0
FR;12;2022-08-22;0;0;0;0;0;0;0;0;0;0;0;0;0;0;0;0;0;0
FR;12;2022-08-23;0;0;0;0;0;0;0;0;0;0;0;0;0;0;0;0;0;0
FR;12;2022-08-24;0;0;0;0;0;0;0;0;0;0;0;0;0;0;0;0;0;0
FR;12;2022-08-25;0;0;0;0;0;0;0;0;0;0;0;0;0;0;0;0;0;0
FR;12;2022-08-26;0;0;0;0;0;0;0;0;0;0;0;0;0;0;0;0;0;0
FR;12;2022-08-27;0;0;0;0;0;0;0;0;0;0;0;0;0;0;0;0;0;0
FR;12;2022-08-28;0;0;0;0;0;0;0;0;0;0;0;0;0;0;0;0;0;0
FR;12;2022-08-29;0;0;0;0;0;0;0;0;0;0;0;0;0;0;0;0;0;0
FR;12;2022-08-30;0;0;0;0;0;0;0;0;0;0;0;0;0;0;0;0;0;0
FR;12;2022-08-31;0;0;0;0;0;0;0;0;0;0;0;0;0;0;0;0;0;0
FR;12;2022-09-01;0;0;0;0;0;0;0;0;0;0;0;0;0;0;0;0;0;0
FR;12;2022-09-02;0;0;0;0;0;0;0;0;0;0;0;0;0;0;0;0;0;0
FR;12;2022-09-03;0;0;0;0;0;0;0;0;0;0;0;0;0;0;0;0;0;0
FR;12;2022-09-04;0;0;0;0;0;0;0;0;0;0;0;0;0;0;0;0;0;0
FR;12;2022-09-05;0;0;0;0;0;0;0;0;0;0;0;0;0;0;0;0;0;0
FR;12;2022-09-06;0;0;0;0;0;0;0;0;0;0;0;0;0;0;0;0;0;0
FR;12;2022-09-07;0;0;0;0;0;0;0;0;0;0;0;0;0;0;0;0;0;0
FR;12;2022-09-08;0;0;0;0;0;0;0;0;0;0;0;0;0;0;0;0;0;0
FR;12;2022-09-09;0;0;0;0;0;0;0;0;0;0;0;0;0;0;0;0;0;0
FR;12;2022-09-10;0;0;0;0;0;0;0;0;0;0;0;0;0;0;0;0;0;0
FR;12;2022-09-11;0;0;0;0;0;0;0;0;0;0;0;0;0;0;0;0;0;0
FR;12;2022-09-12;0;0;0;0;0;0;0;0;0;0;0;0;0;0;0;0;0;0
FR;12;2022-09-13;0;0;0;0;0;0;0;0;0;0;0;0;0;0;0;0;0;0
FR;12;2022-09-14;0;0;0;0;0;0;0;0;0;0;0;0;0;0;0;0;0;0
FR;12;2022-09-15;0;0;0;0;0;0;0;0;0;0;0;0;0;0;0;0;0;0
FR;12;2022-09-16;0;0;0;0;0;0;0;0;0;0;0;0;0;0;0;0;0;0
FR;12;2022-09-17;0;0;0;0;0;0;0;0;0;0;0;0;0;0;0;0;0;0
FR;12;2022-09-18;0;0;0;0;0;0;0;0;0;0;0;0;0;0;0;0;0;0
FR;12;2022-09-19;0;0;0;0;0;0;0;0;0;0;0;0;0;0;0;0;0;0
FR;12;2022-09-20;0;0;0;0;0;0;0;0;0;0;0;0;0;0;0;0;0;0
FR;12;2022-09-21;0;0;0;0;0;0;0;0;0;0;0;0;0;0;0;0;0;0
FR;12;2022-09-22;0;0;0;0;0;0;0;0;0;0;0;0;0;0;0;0;0;0
FR;12;2022-09-23;0;0;0;0;0;0;0;0;0;0;0;0;0;0;0;0;0;0
FR;12;2022-09-24;0;0;0;0;0;0;0;0;0;0;0;0;0;0;0;0;0;0
FR;12;2022-09-25;0;0;0;0;0;0;0;0;0;0;0;0;0;0;0;0;0;0
FR;12;2022-09-26;0;0;0;0;0;0;0;0;0;0;0;0;0;0;0;0;0;0
FR;12;2022-09-27;0;0;0;0;0;0;0;0;0;0;0;0;0;0;0;0;0;0
FR;12;2022-09-28;0;0;0;0;0;0;0;0;0;0;0;0;0;0;0;0;0;0
FR;12;2022-09-29;0;0;0;0;0;0;0;0;0;0;0;0;0;0;0;0;0;0
FR;12;2022-09-30;0;0;0;0;0;0;0;0;0;0;0;0;0;0;0;0;0;0
FR;12;2022-10-01;0;0;0;0;0;0;0;0;0;0;0;0;0;0;0;0;0;0
FR;12;2022-10-02;0;0;0;0;0;0;0;0;0;0;0;0;0;0;0;0;0;0
FR;12;2022-10-03;0;0;0;0;0;0;0;0;0;0;0;0;0;0;0;0;0;0
FR;12;2022-10-04;0;0;0;0;0;0;0;0;0;0;0;0;0;0;0;0;0;0
FR;12;2022-10-05;0;0;0;0;0;0;0;0;0;0;0;0;0;0;0;0;0;0
FR;12;2022-10-06;0;0;0;0;0;0;0;0;0;0;0;0;0;0;0;0;0;0
FR;12;2022-10-07;0;0;0;0;0;0;0;0;0;0;0;0;0;0;0;0;0;0
FR;12;2022-10-08;0;0;0;0;0;0;0;0;0;0;0;0;0;0;0;0;0;0
FR;12;2022-10-09;0;0;0;0;0;0;0;0;0;0;0;0;0;0;0;0;0;0
FR;12;2022-10-10;0;0;0;0;0;0;0;0;0;0;0;0;0;0;0;0;0;0
FR;12;2022-10-11;0;0;0;0;0;0;0;0;0;0;0;0;0;0;0;0;0;0
FR;12;2022-10-12;0;0;0;0;0;0;0;0;0;0;0;0;0;0;0;0;0;0
FR;12;2022-10-13;0;0;0;0;0;0;0;0;0;0;0;0;0;0;0;0;0;0
FR;12;2022-10-14;0;0;0;0;0;0;0;0;0;0;0;0;0;0;0;0;0;0
FR;12;2022-10-15;0;0;0;0;0;0;0;0;0;0;0;0;0;0;0;0;0;0
FR;12;2022-10-16;0;0;0;0;0;0;0;0;0;0;0;0;0;0;0;0;0;0
FR;12;2022-10-17;0;0;0;0;0;0;0;0;0;0;0;0;0;0;0;0;0;0
FR;12;2022-10-18;0;0;0;0;0;0;0;0;0;0;0;0;0;0;0;0;0;0
FR;12;2022-10-19;0;0;0;0;0;0;0;0;0;0;0;0;0;0;0;0;0;0
FR;12;2022-10-20;0;0;0;0;0;0;0;0;0;0;0;0;0;0;0;0;0;0
FR;12;2022-10-21;0;0;0;0;0;0;0;0;0;0;0;0;0;0;0;0;0;0
FR;12;2022-10-22;0;0;0;0;0;0;0;0;0;0;0;0;0;0;0;0;0;0
FR;12;2022-10-23;0;0;0;0;0;0;0;0;0;0;0;0;0;0;0;0;0;0
FR;12;2022-10-24;0;0;0;0;0;0;0;0;0;0;0;0;0;0;0;0;0;0
FR;12;2022-10-25;0;0;0;0;0;0;0;0;0;0;0;0;0;0;0;0;0;0
FR;12;2022-10-26;0;0;0;0;0;0;0;0;0;0;0;0;0;0;0;0;0;0
FR;12;2022-10-27;0;0;0;0;0;0;0;0;0;0;0;0;0;0;0;0;0;0
FR;12;2022-10-28;0;0;0;0;0;0;0;0;0;0;0;0;0;0;0;0;0;0
FR;12;2022-10-29;0;0;0;0;0;0;0;0;0;0;0;0;0;0;0;0;0;0
FR;12;2022-10-30;0;0;0;0;0;0;0;0;0;0;0;0;0;0;0;0;0;0
FR;12;2022-10-31;0;0;0;0;0;0;0;0;0;0;0;0;0;0;0;0;0;0
FR;12;2022-11-01;0;0;0;0;0;0;0;0;0;0;0;0;0;0;0;0;0;0
FR;12;2022-11-02;0;0;0;0;0;0;0;0;0;0;0;0;0;0;0;0;0;0
FR;12;2022-11-03;0;0;0;0;0;0;0;0;0;0;0;0;0;0;0;0;0;0
FR;12;2022-11-04;0;0;0;0;0;0;0;0;0;0;0;0;0;0;0;0;0;0
FR;12;2022-11-05;0;0;0;0;0;0;0;0;0;0;0;0;0;0;0;0;0;0
FR;12;2022-11-06;0;0;0;0;0;0;0;0;0;0;0;0;0;0;0;0;0;0
FR;12;2022-11-07;0;0;0;0;0;0;0;0;0;0;0;0;0;0;0;0;0;0
FR;12;2022-11-08;0;0;0;0;0;0;0;0;0;0;0;0;0;0;0;0;0;0
FR;12;2022-11-09;0;0;0;0;0;0;0;0;0;0;0;0;0;0;0;0;0;0
FR;12;2022-11-10;0;0;0;0;0;0;0;0;0;0;0;0;0;0;0;0;0;0
FR;12;2022-11-11;0;0;0;0;0;0;0;0;0;0;0;0;0;0;0;0;0;0
FR;12;2022-11-12;0;0;0;0;0;0;0;0;0;0;0;0;0;0;0;0;0;0
FR;12;2022-11-13;0;0;0;0;0;0;0;0;0;0;0;0;0;0;0;0;0;0
FR;12;2022-11-14;0;0;0;0;0;0;0;0;0;0;0;0;0;0;0;0;0;0
FR;12;2022-11-15;0;0;0;0;0;0;0;0;0;0;0;0;0;0;0;0;0;0
FR;12;2022-11-16;0;0;0;0;0;0;0;0;0;0;0;0;0;0;0;0;0;0
FR;12;2022-11-17;0;0;0;0;0;0;0;0;0;0;0;0;0;0;0;0;0;0
FR;12;2022-11-18;0;0;0;0;0;0;0;0;0;0;0;0;0;0;0;0;0;0
FR;12;2022-11-19;0;0;0;0;0;0;0;0;0;0;0;0;0;0;0;0;0;0
FR;12;2022-11-20;0;0;0;0;0;0;0;0;0;0;0;0;0;0;0;0;0;0
FR;12;2022-11-21;0;0;0;0;0;0;0;0;0;0;0;0;0;0;0;0;0;0
FR;12;2022-11-22;0;0;0;0;0;0;0;0;0;0;0;0;0;0;0;0;0;0
FR;12;2022-11-23;0;0;0;0;0;0;0;0;0;0;0;0;0;0;0;0;0;0
FR;12;2022-11-24;0;0;0;0;0;0;0;0;0;0;0;0;0;0;0;0;0;0
FR;12;2022-11-25;0;0;0;0;0;0;0;0;0;0;0;0;0;0;0;0;0;0
FR;12;2022-11-26;0;0;0;0;0;0;0;0;0;0;0;0;0;0;0;0;0;0
FR;12;2022-11-27;0;0;0;0;0;0;0;0;0;0;0;0;0;0;0;0;0;0
FR;12;2022-11-28;0;0;0;0;0;0;0;0;0;0;0;0;0;0;0;0;0;0
FR;12;2022-11-29;0;0;0;0;0;0;0;0;0;0;0;0;0;0;0;0;0;0
FR;12;2022-11-30;0;0;0;0;0;0;0;0;0;0;0;0;0;0;0;0;0;0
FR;12;2022-12-01;0;0;0;0;0;0;0;0;0;0;0;0;0;0;0;0;0;0
FR;12;2022-12-02;0;0;0;0;0;0;0;0;0;0;0;0;0;0;0;0;0;0
FR;12;2022-12-03;0;0;0;0;0;0;0;0;0;0;0;0;0;0;0;0;0;0
FR;12;2022-12-04;0;0;0;0;0;0;0;0;0;0;0;0;0;0;0;0;0;0
FR;12;2022-12-05;0;0;0;0;0;0;0;0;0;0;0;0;0;0;0;0;0;0
FR;12;2022-12-06;0;0;0;0;0;0;0;0;0;0;0;0;0;0;0;0;0;0
FR;12;2022-12-07;0;0;0;0;0;0;0;0;0;0;0;0;0;0;0;0;0;0
FR;12;2022-12-08;0;0;0;0;0;0;0;0;0;0;0;0;0;0;0;0;0;0
FR;12;2022-12-09;0;0;0;0;0;0;0;0;0;0;0;0;0;0;0;0;0;0
FR;12;2022-12-10;0;0;0;0;0;0;0;0;0;0;0;0;0;0;0;0;0;0
FR;12;2022-12-11;0;0;0;0;0;0;0;0;0;0;0;0;0;0;0;0;0;0
FR;12;2022-12-12;0;0;0;0;0;0;0;0;0;0;0;0;0;0;0;0;0;0
FR;12;2022-12-13;0;0;0;0;0;0;0;0;0;0;0;0;0;0;0;0;0;0
FR;12;2022-12-14;0;0;0;0;0;0;0;0;0;0;0;0;0;0;0;0;0;0
FR;12;2022-12-15;0;0;0;0;0;0;0;0;0;0;0;0;0;0;0;0;0;0
FR;12;2022-12-16;0;0;0;0;0;0;0;0;0;0;0;0;0;0;0;0;0;0
FR;12;2022-12-17;0;0;0;0;0;0;0;0;0;0;0;0;0;0;0;0;0;0
FR;12;2022-12-18;0;0;0;0;0;0;0;0;0;0;0;0;0;0;0;0;0;0
FR;12;2022-12-19;0;0;0;0;0;0;0;0;0;0;0;0;0;0;0;0;0;0
FR;12;2022-12-20;0;0;0;0;0;0;0;0;0;0;0;0;0;0;0;0;0;0
FR;12;2022-12-21;0;0;0;0;0;0;0;0;0;0;0;0;0;0;0;0;0;0
FR;12;2022-12-22;0;0;0;0;0;0;0;0;0;0;0;0;0;0;0;0;0;0
FR;12;2022-12-23;0;0;0;0;0;0;0;0;0;0;0;0;0;0;0;0;0;0
FR;12;2022-12-24;0;0;0;0;0;0;0;0;0;0;0;0;0;0;0;0;0;0
FR;12;2022-12-25;0;0;0;0;0;0;0;0;0;0;0;0;0;0;0;0;0;0
FR;12;2022-12-26;0;0;0;0;0;0;0;0;0;0;0;0;0;0;0;0;0;0
FR;12;2022-12-27;0;0;0;0;0;0;0;0;0;0;0;0;0;0;0;0;0;0
FR;12;2022-12-28;0;0;0;0;0;0;0;0;0;0;0;0;0;0;0;0;0;0
FR;12;2022-12-29;0;0;0;0;0;0;0;0;0;0;0;0;0;0;0;0;0;0
FR;12;2022-12-30;0;0;0;0;0;0;0;0;0;0;0;0;0;0;0;0;0;0
FR;12;2022-12-31;0;0;0;0;0;0;0;0;0;0;0;0;0;0;0;0;0;0
FR;12;2023-01-01;0;0;0;0;0;0;0;0;0;0;0;0;0;0;0;0;0;0
FR;12;2023-01-02;0;0;0;0;0;0;0;0;0;0;0;0;0;0;0;0;0;0
FR;12;2023-01-03;0;0;0;0;0;0;0;0;0;0;0;0;0;0;0;0;0;0
FR;12;2023-01-04;0;0;0;0;0;0;0;0;0;0;0;0;0;0;0;0;0;0
FR;12;2023-01-05;0;0;0;0;0;0;0;0;0;0;0;0;0;0;0;0;0;0
FR;12;2023-01-06;0;0;0;0;0;0;0;0;0;0;0;0;0;0;0;0;0;0
FR;12;2023-01-07;0;0;0;0;0;0;0;0;0;0;0;0;0;0;0;0;0;0
FR;12;2023-01-08;0;0;0;0;0;0;0;0;0;0;0;0;0;0;0;0;0;0
FR;12;2023-01-09;0;0;0;0;0;0;0;0;0;0;0;0;0;0;0;0;0;0
FR;12;2023-01-10;0;0;0;0;0;0;0;0;0;0;0;0;0;0;0;0;0;0
FR;12;2023-01-11;0;0;0;0;0;0;0;0;0;0;0;0;0;0;0;0;0;0
FR;12;2023-01-12;0;0;0;0;0;0;0;0;0;0;0;0;0;0;0;0;0;0
FR;12;2023-01-13;0;0;0;0;0;0;0;0;0;0;0;0;0;0;0;0;0;0
FR;12;2023-01-14;0;0;0;0;0;0;0;0;0;0;0;0;0;0;0;0;0;0
FR;12;2023-01-15;0;0;0;0;0;0;0;0;0;0;0;0;0;0;0;0;0;0
FR;12;2023-01-16;0;0;0;0;0;0;0;0;0;0;0;0;0;0;0;0;0;0
FR;12;2023-01-17;0;0;0;0;0;0;0;0;0;0;0;0;0;0;0;0;0;0
FR;12;2023-01-18;0;0;0;0;0;0;0;0;0;0;0;0;0;0;0;0;0;0
FR;12;2023-01-19;0;0;0;0;0;0;0;0;0;0;0;0;0;0;0;0;0;0
FR;12;2023-01-20;0;0;0;0;0;0;0;0;0;0;0;0;0;0;0;0;0;0
FR;12;2023-01-21;0;0;0;0;0;0;0;0;0;0;0;0;0;0;0;0;0;0
FR;12;2023-01-22;0;0;0;0;0;0;0;0;0;0;0;0;0;0;0;0;0;0
FR;12;2023-01-23;0;0;0;0;0;0;0;0;0;0;0;0;0;0;0;0;0;0
FR;12;2023-01-24;0;0;0;0;0;0;0;0;0;0;0;0;0;0;0;0;0;0
FR;12;2023-01-25;0;0;0;0;0;0;0;0;0;0;0;0;0;0;0;0;0;0
FR;12;2023-01-26;0;0;0;0;0;0;0;0;0;0;0;0;0;0;0;0;0;0
FR;12;2023-01-27;0;0;0;0;0;0;0;0;0;0;0;0;0;0;0;0;0;0
FR;12;2023-01-28;0;0;0;0;0;0;0;0;0;0;0;0;0;0;0;0;0;0
FR;12;2023-01-29;0;0;0;0;0;0;0;0;0;0;0;0;0;0;0;0;0;0
FR;12;2023-01-30;0;0;0;0;0;0;0;0;0;0;0;0;0;0;0;0;0;0
FR;12;2023-01-31;0;0;0;0;0;0;0;0;0;0;0;0;0;0;0;0;0;0
FR;12;2023-02-01;0;0;0;0;0;0;0;0;0;0;0;0;0;0;0;0;0;0
FR;12;2023-02-02;0;0;0;1;0;0;0;2;2;0;0;0;1;0;0;0;2;2
FR;12;2023-02-03;0;1;6;57;0;4;58;141;77;0;1;6;58;0;4;58;143;79
FR;12;2023-02-04;1;3;6;51;1;5;52;110;52;1;4;12;109;1;9;110;253;131
FR;12;2023-02-05;0;0;0;0;0;0;0;1;1;1;4;12;109;1;9;110;254;132
FR;12;2023-02-06;3;2;13;63;0;11;69;154;69;4;6;25;172;1;20;179;408;201
FR;12;2023-02-07;2;7;18;95;4;13;98;237;121;6;13;43;267;5;33;277;645;322
FR;12;2023-02-08;1;3;10;62;1;10;69;170;89;7;16;53;329;6;43;346;815;411
FR;12;2023-02-09;5;3;12;75;2;13;78;284;190;12;19;65;404;8;56;424;1099;601
FR;12;2023-02-10;4;2;22;140;4;12;150;327;162;16;21;87;544;12;68;574;1426;763
FR;12;2023-02-11;0;2;8;59;1;3;58;123;60;16;23;95;603;13;71;632;1549;823
FR;12;2023-02-12;0;0;0;3;0;0;3;7;3;16;23;95;606;13;71;635;1556;826
FR;12;2023-02-13;0;0;17;78;0;8;85;217;114;16;23;112;684;13;79;720;1773;940
FR;12;2023-02-14;3;5;17;96;5;14;99;229;108;19;28;129;780;18;93;819;2002;1048
FR;12;2023-02-15;3;5;19;85;0;13;86;236;132;22;33;148;865;18;106;905;2238;1180
FR;12;2023-02-16;5;3;16;107;3;13;103;247;129;27;36;164;972;21;119;1008;2485;1309
FR;12;2023-02-17;2;4;12;115;3;11;110;280;153;29;40;176;1087;24;130;1118;2765;1462
FR;12;2023-02-18;1;4;10;51;2;12;52;102;36;30;44;186;1138;26;142;1170;2867;1498
FR;12;2023-02-19;0;0;0;2;0;0;1;2;1;30;44;186;1140;26;142;1171;2869;1499
FR;12;2023-02-20;10;2;11;65;6;11;69;218;131;40;46;197;1205;32;153;1240;3087;1630
FR;12;2023-02-21;6;6;19;98;4;14;94;280;167;46;52;216;1303;36;167;1334;3367;1797
FR;12;2023-02-22;2;4;19;74;2;20;78;231;125;48;56;235;1377;38;187;1412;3598;1922
FR;12;2023-02-23;4;3;20;88;2;16;87;265;155;52;59;255;1465;40;203;1499;3863;2077
FR;12;2023-02-24;3;7;20;135;3;17;142;360;189;55;66;275;1600;43;220;1641;4223;2266
FR;12;2023-02-25;7;1;19;92;1;10;106;200;77;62;67;294;1692;44;230;1747;4423;2343
FR;12;2023-02-26;0;0;0;0;0;0;0;2;2;62;67;294;1692;44;230;1747;4425;2345
FR;12;2023-02-27;6;10;20;92;8;16;95;270;156;68;77;314;1784;52;246;1842;4695;2501
FR;12;2023-02-28;6;9;21;125;0;23;128;385;227;74;86;335;1909;52;269;1970;5080;2728
FR;12;2023-03-01;3;7;23;78;2;18;91;292;175;77;93;358;1987;54;287;2061;5372;2903
FR;12;2023-03-02;9;9;21;110;6;18;117;304;163;86;102;379;2097;60;305;2178;5676;3066
FR;12;2023-03-03;10;8;45;142;7;39;148;418;220;96;110;424;2239;67;344;2326;6094;3286
FR;12;2023-03-04;3;2;12;55;0;10;53;119;49;99;112;436;2294;67;354;2379;6213;3335
FR;12;2023-03-05;0;1;1;2;1;1;2;8;5;99;113;437;2296;68;355;2381;6221;3340
FR;12;2023-03-06;4;5;27;74;2;20;82;268;157;103;118;464;2370;70;375;2463;6489;3497
FR;12;2023-03-07;6;10;29;130;9;24;132;356;191;109;128;493;2500;79;399;2595;6845;3688
FR;12;2023-03-08;4;7;27;71;5;22;77;249;137;113;135;520;2571;84;421;2672;7094;3825
FR;12;2023-03-09;4;8;19;91;4;22;86;324;197;117;143;539;2662;88;443;2758;7418;4022
FR;12;2023-03-10;11;7;23;137;9;23;133;367;208;128;150;562;2799;97;466;2891;7785;4230
FR;12;2023-03-11;1;4;15;45;4;9;50;132;72;129;154;577;2844;101;475;2941;7917;4302
FR;12;2023-03-12;0;2;0;2;0;2;1;5;2;129;156;577;2846;101;477;2942;7922;4304
FR;12;2023-03-13;3;4;32;101;1;28;103;294;156;132;160;609;2947;102;505;3045;8216;4460
FR;12;2023-03-14;3;7;16;85;2;15;83;322;210;135;167;625;3032;104;520;3128;8538;4670
FR;12;2023-03-15;1;4;20;66;2;19;69;225;124;136;171;645;3098;106;539;3197;8763;4794
FR;12;2023-03-16;5;5;20;100;5;13;116;300;157;141;176;665;3198;111;552;3313;9063;4951
FR;12;2023-03-17;3;11;30;112;4;28;113;388;224;144;187;695;3310;115;580;3426;9451;5175
FR;12;2023-03-18;1;4;21;53;4;17;59;144;64;145;191;716;3363;119;597;3485;9595;5239
FR;12;2023-03-19;0;0;0;6;0;0;5;10;5;145;191;716;3369;119;597;3490;9605;5244
FR;12;2023-03-20;9;8;27;87;7;23;90;258;134;154;199;743;3456;126;620;3580;9863;5378
FR;12;2023-03-21;2;7;42;81;3;36;93;355;209;156;206;785;3537;129;656;3673;10218;5587
FR;12;2023-03-22;6;4;36;50;4;29;58;241;139;162;210;821;3587;133;685;3731;10459;5726
FR;12;2023-03-23;3;8;26;80;5;25;82;264;147;165;218;847;3667;138;710;3813;10723;5873
FR;12;2023-03-24;6;2;25;99;3;22;109;347;203;171;220;872;3766;141;732;3922;11070;6076
FR;12;2023-03-25;7;8;25;61;3;14;75;160;60;178;228;897;3827;144;746;3997;11230;6136
FR;12;2023-03-26;0;1;0;1;1;0;1;7;6;178;229;897;3828;145;746;3998;11237;6142
FR;12;2023-03-27;5;10;28;77;7;23;85;283;159;183;239;925;3905;152;769;4083;11520;6301
FR;12;2023-03-28;2;5;29;95;2;25;91;344;207;185;244;954;4000;154;794;4174;11864;6508
FR;12;2023-03-29;4;7;18;52;4;20;56;201;105;189;251;972;4052;158;814;4230;12065;6613
FR;12;2023-03-30;7;2;27;65;4;19;81;281;168;196;253;999;4117;162;833;4311;12346;6781
FR;12;2023-03-31;4;14;41;120;4;39;126;421;231;200;267;1040;4237;166;872;4437;12767;7012
FR;12;2023-04-01;1;8;17;43;4;13;48;138;62;201;275;1057;4280;170;885;4485;12905;7074
FR;12;2023-04-02;0;1;1;0;0;2;0;5;3;201;276;1058;4280;170;887;4485;12910;7077
FR;12;2023-04-03;5;3;35;89;3;18;111;299;159;206;279;1093;4369;173;905;4596;13209;7236
FR;12;2023-04-04;4;7;22;85;0;26;87;383;247;210;286;1115;4454;173;931;4683;13592;7483
FR;12;2023-04-05;4;9;21;60;5;23;57;229;136;214;295;1136;4514;178;954;4740;13821;7619
FR;12;2023-04-06;8;8;25;55;3;23;67;278;162;222;303;1161;4569;181;977;4807;14099;7781
FR;12;2023-04-07;4;11;29;98;8;25;110;387;219;226;314;1190;4667;189;1002;4917;14486;8000
FR;12;2023-04-08;1;5;11;38;2;9;38;117;56;227;319;1201;4705;191;1011;4955;14603;8056
FR;12;2023-04-09;0;0;2;1;0;1;2;5;2;227;319;1203;4706;191;1012;4957;14608;8058
FR;12;2023-04-10;0;1;2;2;1;0;5;9;4;227;320;1205;4708;192;1012;4962;14617;8062
FR;12;2023-04-11;5;8;27;87;6;16;97;296;161;232;328;1232;4795;198;1028;5059;14913;8223
FR;12;2023-04-12;3;12;16;52;4;23;60;260;154;235;340;1248;4847;202;1051;5119;15173;8377
FR;12;2023-04-13;3;5;22;58;2;17;65;253;141;238;345;1270;4905;204;1068;5184;15426;8518
FR;12;2023-04-14;5;13;20;88;8;16;92;380;241;243;358;1290;4993;212;1084;5276;15806;8759
FR;12;2023-04-15;5;0;13;34;0;7;39;106;48;248;358;1303;5027;212;1091;5315;15912;8807
FR;12;2023-04-16;0;0;1;2;0;0;2;3;1;248;358;1304;5029;212;1091;5317;15915;8808
FR;12;2023-04-17;3;2;18;40;2;19;40;181;97;251;360;1322;5069;214;1110;5357;16096;8905
FR;12;2023-04-18;6;6;18;56;2;14;63;269;141;257;366;1340;5125;216;1124;5420;16365;9046
FR;12;2023-04-19;3;7;11;39;2;11;37;148;81;260;373;1351;5164;218;1135;5457;16513;9127
FR;12;2023-04-20;2;3;14;51;1;10;58;210;116;262;376;1365;5215;219;1145;5515;16723;9243
FR;12;2023-04-21;4;6;25;60;5;19;68;255;148;266;382;1390;5275;224;1164;5583;16978;9391
FR;12;2023-04-22;3;8;11;22;6;9;29;92;35;269;390;1401;5297;230;1173;5612;17070;9426
FR;12;2023-04-23;0;0;1;0;0;1;1;3;1;269;390;1402;5297;230;1174;5613;17073;9427
FR;12;2023-04-24;2;6;9;42;5;10;48;169;98;271;396;1411;5339;235;1184;5661;17242;9525
FR;0;2020-12-27;616;0;0;0;55;0;0;0;0;616;0;0;0;55;0;0;0;0
FR;0;2020-12-28;708;1;0;0;44;0;0;0;0;1324;1;0;0;99;0;0;0;0
FR;0;2020-12-29;389;0;0;0;19;0;0;0;0;1713;1;0;0;118;0;0;0;0
FR;0;2020-12-30;456;0;0;0;20;0;0;0;0;2169;1;0;0;138;0;0;0;0
FR;0;2020-12-31;451;1;0;0;21;0;0;0;0;2620;2;0;0;159;0;0;0;0
FR;0;2021-01-01;1195;2;0;0;66;0;0;0;0;3815;4;0;0;225;0;0;0;0
FR;0;2021-01-02;369;4;0;0;29;0;0;0;0;4184;8;0;0;254;0;0;0;0
FR;0;2021-01-03;419;0;0;0;23;0;0;0;0;4603;8;0;0;277;0;0;0;0
FR;0;2021-01-04;2149;5;0;0;51;0;0;0;0;6752;13;0;0;328;0;0;0;0
FR;0;2021-01-05;7784;6;0;0;128;0;0;0;0;14536;19;0;0;456;0;0;0;0
FR;0;2021-01-06;12484;23;0;0;128;0;0;0;0;27020;42;0;0;584;0;0;0;0
FR;0;2021-01-07;29480;24;0;0;159;0;0;0;0;56500;66;0;0;743;0;0;0;0
FR;0;2021-01-08;37170;35;0;0;204;0;0;0;0;93670;101;0;0;947;0;0;0;0
FR;0;2021-01-09;11221;9;0;0;77;0;0;0;0;104891;110;0;0;1024;0;0;0;0
FR;0;2021-01-10;6017;8;0;0;28;0;0;0;0;110908;118;0;0;1052;0;0;0;0
FR;0;2021-01-11;39956;39;0;0;232;0;0;0;0;150864;157;0;0;1284;0;0;0;0
FR;0;2021-01-12;62165;31;0;0;299;0;0;0;0;213029;188;0;0;1583;0;0;0;0
FR;0;2021-01-13;65150;62;0;0;433;0;0;0;0;278179;250;0;0;2016;0;0;0;0
FR;0;2021-01-14;83109;262;0;0;1171;0;0;0;0;361288;512;0;0;3187;0;0;0;0
FR;0;2021-01-15;69037;102;0;0;556;0;0;0;0;430325;614;0;0;3743;0;0;0;0
FR;0;2021-01-16;20219;73;0;0;183;0;0;0;0;450544;687;0;0;3926;0;0;0;0
FR;0;2021-01-17;10993;54;0;0;137;0;0;0;0;461537;741;0;0;4063;0;0;0;0
FR;0;2021-01-18;85924;179;0;0;614;0;0;0;0;547461;920;0;0;4677;0;0;0;0
FR;0;2021-01-19;130617;211;0;0;868;0;0;0;0;678078;1131;0;0;5545;0;0;0;0
FR;0;2021-01-20;137577;197;0;0;837;0;0;0;0;815655;1328;0;0;6382;0;0;0;0
FR;0;2021-01-21;158431;205;0;0;951;0;0;0;0;974086;1533;0;0;7333;0;0;0;0
FR;0;2021-01-22;121091;259;0;0;846;0;0;0;0;1095177;1792;0;0;8179;0;0;0;0
FR;0;2021-01-23;38492;86;0;0;223;0;0;0;0;1133669;1878;0;0;8402;0;0;0;0
FR;0;2021-01-24;9752;130;0;0;195;0;0;0;0;1143421;2008;0;0;8597;0;0;0;0
FR;0;2021-01-25;78256;1458;0;0;1809;0;0;0;0;1221677;3466;0;0;10406;0;0;0;0
FR;0;2021-01-26;100401;3711;1;0;4188;0;0;0;0;1322078;7177;1;0;14594;0;0;0;0
FR;0;2021-01-27;107266;6444;0;0;7160;0;0;0;0;1429344;13621;1;0;21754;0;0;0;0
FR;0;2021-01-28;124384;16422;0;0;17246;0;0;0;0;1553728;30043;1;0;39000;0;0;0;0
FR;0;2021-01-29;92204;18804;0;0;19380;0;0;0;0;1645932;48847;1;0;58380;0;0;0;0
FR;0;2021-01-30;29128;4535;0;0;4672;0;0;0;0;1675060;53382;1;0;63052;0;0;0;0
FR;0;2021-01-31;5240;1900;0;0;1945;0;0;0;0;1680300;55282;1;0;64997;0;0;0;0
FR;0;2021-02-01;53160;23058;0;0;23331;0;0;0;0;1733460;78340;1;0;88328;0;0;0;0
FR;0;2021-02-02;72337;38213;0;0;38704;0;0;0;0;1805797;116553;1;0;127032;0;0;0;0
FR;0;2021-02-03;72328;40263;0;0;40769;0;0;0;0;1878125;156816;1;0;167801;0;0;0;0
FR;0;2021-02-04;82096;55135;0;0;55730;0;0;0;0;1960221;211951;1;0;223531;0;0;0;0
FR;0;2021-02-05;68252;48242;0;0;48680;0;0;0;0;2028473;260193;1;0;272211;0;0;0;0
FR;0;2021-02-06;22952;11435;0;0;11674;0;0;0;0;2051425;271628;1;0;283885;0;0;0;0
FR;0;2021-02-07;5195;6075;0;0;6201;0;0;0;0;2056620;277703;1;0;290086;0;0;0;0
FR;0;2021-02-08;46855;48808;0;0;49296;0;0;0;0;2103475;326511;1;0;339382;0;0;0;0
FR;0;2021-02-09;66050;78472;0;0;79569;0;0;0;0;2169525;404983;1;0;418951;0;0;0;0
FR;0;2021-02-10;71049;83517;0;0;84815;0;0;0;0;2240574;488500;1;0;503766;0;0;0;0
FR;0;2021-02-11;87309;105683;0;0;107632;0;0;0;0;2327883;594183;1;0;611398;0;0;0;0
FR;0;2021-02-12;79356;76087;0;0;77834;0;0;0;0;2407239;670270;1;0;689232;0;0;0;0
FR;0;2021-02-13;22390;19533;0;0;19900;0;0;0;0;2429629;689803;1;0;709132;0;0;0;0
FR;0;2021-02-14;5080;7323;0;0;7451;0;0;0;0;2434709;697126;1;0;716583;0;0;0;0
FR;0;2021-02-15;38132;76795;0;0;77817;0;0;0;0;2472841;773921;1;0;794400;0;0;0;0
FR;0;2021-02-16;50420;99684;0;0;101037;0;0;0;0;2523261;873605;1;0;895437;0;0;0;0
FR;0;2021-02-17;50559;106931;20;0;108382;0;0;0;0;2573820;980536;21;0;1003819;0;0;0;0
FR;0;2021-02-18;69815;123738;0;0;125788;0;0;0;0;2643635;1104274;21;0;1129607;0;0;0;0
FR;0;2021-02-19;65093;92335;1;0;94226;0;0;0;0;2708728;1196609;22;0;1223833;0;0;0;0
FR;0;2021-02-20;18602;28546;0;0;28917;0;0;0;0;2727330;1225155;22;0;1252750;0;0;0;0
FR;0;2021-02-21;3335;6041;0;0;6146;0;0;0;0;2730665;1231196;22;0;1258896;0;0;0;0
FR;0;2021-02-22;37511;73173;2;0;74188;0;0;0;0;2768176;1304369;24;0;1333084;0;0;0;0
FR;0;2021-02-23;53803;85298;1;0;86821;0;0;0;0;2821979;1389667;25;0;1419905;0;0;0;0
FR;0;2021-02-24;60039;82933;1;0;84514;0;0;0;0;2882018;1472600;26;0;1504419;0;0;0;0
FR;0;2021-02-25;100612;91202;1;0;94200;0;0;0;0;2982630;1563802;27;0;1598619;0;0;0;0
FR;0;2021-02-26;113491;70751;1;0;73901;0;0;0;0;3096121;1634553;28;0;1672520;0;0;0;0
FR;0;2021-02-27;52131;22439;1;0;23685;0;0;0;0;3148252;1656992;29;0;1696205;0;0;0;0
FR;0;2021-02-28;6209;4114;2;0;4312;0;0;0;0;3154461;1661106;31;0;1700517;0;0;0;0
FR;0;2021-03-01;65946;54075;1;0;55948;0;0;0;0;3220407;1715181;32;0;1756465;0;0;0;0
FR;0;2021-03-02;101416;67176;3;0;70222;0;0;0;0;3321823;1782357;35;0;1826687;0;0;0;0
FR;0;2021-03-03;116565;65477;0;0;69169;0;0;0;0;3438388;1847834;35;0;1895856;0;0;0;0
FR;0;2021-03-04;163663;72634;3;0;78207;0;0;0;0;3602051;1920468;38;0;1974063;0;0;0;0
FR;0;2021-03-05;200962;62704;3;0;69436;0;0;0;0;3803013;1983172;41;0;2043499;0;0;0;0
FR;0;2021-03-06;207992;17484;3;0;22786;0;0;0;0;4011005;2000656;44;0;2066285;0;0;0;0
FR;0;2021-03-07;121293;3972;1;0;7266;0;0;0;0;4132298;2004628;45;0;2073551;0;0;0;0
FR;0;2021-03-08;107180;49551;2;0;53040;0;0;0;0;4239478;2054179;47;0;2126591;0;0;0;0
FR;0;2021-03-09;172487;56018;2;0;61515;0;0;0;0;4411965;2110197;49;0;2188106;0;0;0;0
FR;0;2021-03-10;179043;57053;5;0;62729;0;0;0;0;4591008;2167250;54;0;2250835;0;0;0;0
FR;0;2021-03-11;242933;64030;2;0;72127;0;0;0;0;4833941;2231280;56;0;2322962;0;0;0;0
FR;0;2021-03-12;294876;53367;1;0;62823;0;0;0;0;5128817;2284647;57;0;2385785;0;0;0;0
FR;0;2021-03-13;231445;15263;1;0;21241;0;0;0;0;5360262;2299910;58;0;2407026;0;0;0;0
FR;0;2021-03-14;63364;3042;1;0;5078;0;0;0;0;5423626;2302952;59;0;2412104;0;0;0;0
FR;0;2021-03-15;158699;31500;3;0;36155;0;0;0;0;5582325;2334452;62;0;2448259;0;0;0;0
FR;0;2021-03-16;141598;38815;6;0;42967;0;0;0;0;5723923;2373267;68;0;2491226;0;0;0;0
FR;0;2021-03-17;150519;37569;4;0;42337;0;0;0;0;5874442;2410836;72;0;2533563;0;0;0;0
FR;0;2021-03-18;167869;44329;5;0;49896;0;0;0;0;6042311;2455165;77;0;2583459;0;0;0;0
FR;0;2021-03-19;230056;36747;2;0;44106;0;0;0;0;6272367;2491912;79;0;2627565;0;0;0;0
FR;0;2021-03-20;166720;11385;1;0;16009;0;0;0;0;6439087;2503297;80;0;2643574;0;0;0;0
FR;0;2021-03-21;49958;2129;1;0;3888;0;0;0;0;6489045;2505426;81;0;2647462;0;0;0;0
FR;0;2021-03-22;170085;33519;2;0;39024;0;0;0;0;6659130;2538945;83;0;2686486;0;0;0;0
FR;0;2021-03-23;250442;42374;1;0;50220;0;0;0;0;6909572;2581319;84;0;2736706;0;0;0;0
FR;0;2021-03-24;256952;43603;0;0;51705;0;0;0;0;7166524;2624922;84;0;2788411;0;0;0;0
FR;0;2021-03-25;341876;45285;5;0;56288;0;0;0;0;7508400;2670207;89;0;2844699;0;0;0;0
FR;0;2021-03-26;358849;41807;5;1;53565;0;0;0;0;7867249;2712014;94;1;2898264;0;0;0;0
FR;0;2021-03-27;195297;16952;1;0;23396;0;0;0;0;8062546;2728966;95;1;2921660;0;0;0;0
FR;0;2021-03-28;59359;4587;3;0;6652;0;0;0;0;8121905;2733553;98;1;2928312;0;0;0;0
FR;0;2021-03-29;203028;53395;4;0;60160;0;0;0;0;8324933;2786948;102;1;2988472;0;0;0;0
FR;0;2021-03-30;285548;70038;5;0;80452;0;0;0;0;8610481;2856986;107;1;3068924;0;0;0;0
FR;0;2021-03-31;263083;74053;4;0;84725;0;0;0;0;8873564;2931039;111;1;3153649;0;0;0;0
FR;0;2021-04-01;315586;92817;11;0;106401;0;0;0;0;9189150;3023856;122;1;3260050;0;0;0;0
FR;0;2021-04-02;281384;94821;7;0;106654;0;0;0;0;9470534;3118677;129;1;3366704;0;0;0;0
FR;0;2021-04-03;141097;62598;6;0;67859;0;0;0;0;9611631;3181275;135;1;3434563;0;0;0;0
FR;0;2021-04-04;46552;19021;2;0;21074;0;0;0;0;9658183;3200296;137;1;3455637;0;0;0;0
FR;0;2021-04-05;63373;10403;11;0;13060;0;0;0;0;9721556;3210699;148;1;3468697;0;0;0;0
FR;0;2021-04-06;217274;113141;17;0;122007;0;0;0;0;9938830;3323840;165;1;3590704;0;0;0;0
FR;0;2021-04-07;260323;115279;17;0;126633;0;0;0;0;10199153;3439119;182;1;3717337;0;0;0;0
FR;0;2021-04-08;337917;123220;15;0;138850;0;0;0;0;10537070;3562339;197;1;3856187;0;0;0;0
FR;0;2021-04-09;410244;116882;49;0;134292;0;0;0;0;10947314;3679221;246;1;3990479;0;0;0;0
FR;0;2021-04-10;212665;82876;15;0;91269;0;0;0;0;11159979;3762097;261;1;4081748;0;0;0;0
FR;0;2021-04-11;56162;34179;7;0;36705;0;0;0;0;11216141;3796276;268;1;4118453;0;0;0;0
FR;0;2021-04-12;237130;115835;46;0;125445;0;0;0;0;11453271;3912111;314;1;4243898;0;0;0;0
FR;0;2021-04-13;309555;144157;98;1;157120;0;0;0;0;11762826;4056268;412;2;4401018;0;0;0;0
FR;0;2021-04-14;294607;139859;215;0;153240;0;0;0;0;12057433;4196127;627;2;4554258;0;0;0;0
FR;0;2021-04-15;337204;150529;340;0;166072;0;0;0;0;12394637;4346656;967;2;4720330;0;0;0;0
FR;0;2021-04-16;339363;147048;354;0;161707;0;0;0;0;12734000;4493704;1321;2;4882037;0;0;0;0
FR;0;2021-04-17;188689;89986;109;0;97685;0;0;0;0;12922689;4583690;1430;2;4979722;0;0;0;0
FR;0;2021-04-18;51643;35461;48;0;37883;0;0;0;0;12974332;4619151;1478;2;5017605;0;0;0;0
FR;0;2021-04-19;205750;138298;457;0;147458;0;0;0;0;13180082;4757449;1935;2;5165063;0;0;0;0
FR;0;2021-04-20;254495;172035;569;0;183695;0;0;0;0;13434577;4929484;2504;2;5348758;0;0;0;0
FR;0;2021-04-21;253346;170243;836;0;182267;0;0;0;0;13687923;5099727;3340;2;5531025;0;0;0;0
FR;0;2021-04-22;287632;190452;820;0;205047;0;0;0;0;13975555;5290179;4160;2;5736072;0;0;0;0
FR;0;2021-04-23;297686;184746;747;0;203504;0;0;0;0;14273241;5474925;4907;2;5939576;0;0;0;0
FR;0;2021-04-24;190483;112057;252;0;122511;0;0;0;0;14463724;5586982;5159;2;6062087;0;0;0;0
FR;0;2021-04-25;69577;38862;51;0;42593;0;0;0;0;14533301;5625844;5210;2;6104680;0;0;0;0
FR;0;2021-04-26;221007;158706;564;0;171908;0;0;0;0;14754308;5784550;5774;2;6276588;0;0;0;0
FR;0;2021-04-27;284657;188069;941;0;211386;0;0;0;0;15038965;5972619;6715;2;6487974;0;0;0;0
FR;0;2021-04-28;299597;184731;1427;1;209810;1;0;0;0;15338562;6157350;8142;3;6697784;1;0;0;0
FR;0;2021-04-29;357217;198315;1281;0;233402;0;0;0;0;15695779;6355665;9423;3;6931186;1;0;0;0
FR;0;2021-04-30;372270;186148;1124;1;225489;0;0;0;0;16068049;6541813;10547;4;7156675;1;0;0;0
FR;0;2021-05-01;167680;52539;179;0;63785;0;0;0;0;16235729;6594352;10726;4;7220460;1;0;0;0
FR;0;2021-05-02;91771;37869;83;0;43598;0;0;0;0;16327500;6632221;10809;4;7264058;1;0;0;0
FR;0;2021-05-03;288984;165128;843;0;185652;0;0;0;0;16616484;6797349;11652;4;7449710;1;0;0;0
FR;0;2021-05-04;315761;225639;1237;0;251812;0;0;0;0;16932245;7022988;12889;4;7701522;1;0;0;0
FR;0;2021-05-05;327322;226681;1316;0;251762;0;0;0;0;17259567;7249669;14205;4;7953284;1;0;0;0
FR;0;2021-05-06;379657;241290;1634;0;275540;0;0;0;0;17639224;7490959;15839;4;8228824;1;0;0;0
FR;0;2021-05-07;372839;258915;1225;0;299974;0;0;0;0;18012063;7749874;17064;4;8528798;1;0;0;0
FR;0;2021-05-08;222192;71509;300;0;86718;0;0;0;0;18234255;7821383;17364;4;8615516;1;0;0;0
FR;0;2021-05-09;129735;44495;243;0;53133;0;0;0;0;18363990;7865878;17607;4;8668649;1;0;0;0
FR;0;2021-05-10;313435;229737;1239;0;255518;0;0;0;0;18677425;8095615;18846;4;8924167;1;0;0;0
FR;0;2021-05-11;403986;258454;1566;0;296885;0;0;0;0;19081411;8354069;20412;4;9221052;1;0;0;0
FR;0;2021-05-12;434229;233887;1544;0;270176;0;0;0;0;19515640;8587956;21956;4;9491228;1;0;0;0
FR;0;2021-05-13;338644;56436;432;0;77928;0;0;0;0;19854284;8644392;22388;4;9569156;1;0;0;0
FR;0;2021-05-14;454194;167506;1130;0;203118;0;0;0;0;20308478;8811898;23518;4;9772274;1;0;0;0
FR;0;2021-05-15;375019;94402;445;0;120802;0;0;0;0;20683497;8906300;23963;4;9893076;1;0;0;0
FR;0;2021-05-16;202778;20693;168;0;34094;0;0;0;0;20886275;8926993;24131;4;9927170;1;0;0;0
FR;0;2021-05-17;376169;148883;1555;0;178672;0;0;0;0;21262444;9075876;25686;4;10105842;1;0;0;0
FR;0;2021-05-18;460231;154151;1991;0;193304;0;0;0;0;21722675;9230027;27677;4;10299146;1;0;0;0
FR;0;2021-05-19;467480;142581;2466;0;179848;0;0;0;0;22190155;9372608;30143;4;10478994;1;0;0;0
FR;0;2021-05-20;507608;160253;2340;0;204211;0;0;0;0;22697763;9532861;32483;4;10683205;1;0;0;0
FR;0;2021-05-21;489736;175264;1997;0;221812;0;0;0;0;23187499;9708125;34480;4;10905017;1;0;0;0
FR;0;2021-05-22;347230;80250;670;0;108683;0;0;0;0;23534729;9788375;35150;4;11013700;1;0;0;0
FR;0;2021-05-23;161718;14211;246;0;26679;0;0;0;0;23696447;9802586;35396;4;11040379;1;0;0;0
FR;0;2021-05-24;263223;33108;604;0;52944;0;0;0;0;23959670;9835694;36000;4;11093323;1;0;0;0
FR;0;2021-05-25;400321;190457;2357;1;227026;0;0;0;0;24359991;10026151;38357;5;11320349;1;0;0;0
FR;0;2021-05-26;413523;191297;2227;0;229347;0;0;0;0;24773514;10217448;40584;5;11549696;1;0;0;0
FR;0;2021-05-27;449887;220124;2163;0;267266;0;0;0;0;25223401;10437572;42747;5;11816962;1;0;0;0
FR;0;2021-05-28;429617;261169;1895;0;319269;0;0;0;0;25653018;10698741;44642;5;12136231;1;0;0;0
FR;0;2021-05-29;299012;150537;586;0;183393;0;0;0;0;25952030;10849278;45228;5;12319624;1;0;0;0
FR;0;2021-05-30;107156;32505;164;0;42089;0;0;0;0;26059186;10881783;45392;5;12361713;1;0;0;0
FR;0;2021-05-31;358084;203491;1474;1;241772;1;0;0;0;26417270;11085274;46866;6;12603485;2;0;0;0
FR;0;2021-06-01;431153;251290;1969;1;302935;1;0;0;0;26848423;11336564;48835;7;12906420;3;0;0;0
FR;0;2021-06-02;420191;232818;1986;0;280205;0;0;0;0;27268614;11569382;50821;7;13186625;3;0;0;0
FR;0;2021-06-03;465720;257781;1826;0;312556;0;0;0;0;27734334;11827163;52647;7;13499181;3;0;0;0
FR;0;2021-06-04;456309;305905;1735;1;363320;1;0;0;0;28190643;12133068;54382;8;13862501;4;0;0;0
FR;0;2021-06-05;304841;189570;653;0;222792;0;0;0;0;28495484;12322638;55035;8;14085293;4;0;0;0
FR;0;2021-06-06;133344;49020;227;0;61161;0;0;0;0;28628828;12371658;55262;8;14146454;4;0;0;0
FR;0;2021-06-07;340027;261514;1529;0;298606;0;0;0;0;28968855;12633172;56791;8;14445060;4;0;0;0
FR;0;2021-06-08;393973;291412;1806;0;338279;0;0;0;0;29362828;12924584;58597;8;14783339;4;0;0;0
FR;0;2021-06-09;384971;273783;1734;0;318176;0;0;0;0;29747799;13198367;60331;8;15101515;4;0;0;0
FR;0;2021-06-10;404261;286289;1728;1;335739;0;0;0;0;30152060;13484656;62059;9;15437254;4;0;0;0
FR;0;2021-06-11;386733;356530;1468;1;406975;0;0;0;0;30538793;13841186;63527;10;15844229;4;0;0;0
FR;0;2021-06-12;283300;210994;497;0;243141;0;0;0;0;30822093;14052180;64024;10;16087370;4;0;0;0
FR;0;2021-06-13;104907;73843;204;0;84836;0;0;0;0;30927000;14126023;64228;10;16172206;4;0;0;0
FR;0;2021-06-14;240891;354039;1429;1;383231;0;0;0;0;31167891;14480062;65657;11;16555437;4;0;0;0
FR;0;2021-06-15;308235;384328;1574;1;423102;0;0;0;0;31476126;14864390;67231;12;16978539;4;0;0;0
FR;0;2021-06-16;314028;357603;1419;1;395367;0;0;0;0;31790154;15221993;68650;13;17373906;4;0;0;0
FR;0;2021-06-17;317741;373168;1432;1;414367;0;0;0;0;32107895;15595161;70082;14;17788273;4;0;0;0
FR;0;2021-06-18;321785;442604;1341;1;486013;0;0;0;0;32429680;16037765;71423;15;18274286;4;0;0;0
FR;0;2021-06-19;224367;274028;449;0;301221;0;0;0;0;32654047;16311793;71872;15;18575507;4;0;0;0
FR;0;2021-06-20;74459;102288;131;0;111483;0;0;0;0;32728506;16414081;72003;15;18686990;4;0;0;0
FR;0;2021-06-21;195819;401755;1038;1;427721;1;0;0;0;32924325;16815836;73041;16;19114711;5;0;0;0
FR;0;2021-06-22;223243;467814;1266;10;500482;1;0;0;0;33147568;17283650;74307;26;19615193;6;0;0;0
FR;0;2021-06-23;234086;440138;1198;1;474248;1;0;0;0;33381654;17723788;75505;27;20089441;7;0;0;0
FR;0;2021-06-24;241909;409758;1359;0;447251;0;0;0;0;33623563;18133546;76864;27;20536692;7;0;0;0
FR;0;2021-06-25;227676;523085;1404;0;562085;0;0;0;0;33851239;18656631;78268;27;21098777;7;0;0;0
FR;0;2021-06-26;153295;371098;589;1;395905;0;0;0;0;34004534;19027729;78857;28;21494682;7;0;0;0
FR;0;2021-06-27;55924;155944;169;1;164854;0;0;0;0;34060458;19183673;79026;29;21659536;7;0;0;0
FR;0;2021-06-28;154813;452528;1178;0;478127;0;0;0;0;34215271;19636201;80204;29;22137663;7;0;0;0
FR;0;2021-06-29;182751;507843;2124;0;539214;0;0;0;0;34398022;20144044;82328;29;22676877;7;0;0;0
FR;0;2021-06-30;204046;485255;2016;21;519521;2;0;0;0;34602068;20629299;84344;50;23196398;9;0;0;0
FR;0;2021-07-01;231466;458557;2226;5;498497;0;0;0;0;34833534;21087856;86570;55;23694895;9;0;0;0
FR;0;2021-07-02;228708;520031;2120;5;562342;2;0;0;0;35062242;21607887;88690;60;24257237;11;0;0;0
FR;0;2021-07-03;142058;368763;908;3;395250;1;0;0;0;35204300;21976650;89598;63;24652487;12;0;0;0
FR;0;2021-07-04;56763;141006;265;0;150696;0;0;0;0;35261063;22117656;89863;63;24803183;12;0;0;0
FR;0;2021-07-05;168553;418659;1668;8;448602;0;0;0;0;35429616;22536315;91531;71;25251785;12;0;0;0
FR;0;2021-07-06;196812;474522;1830;45;511115;8;0;0;0;35626428;23010837;93361;116;25762900;20;0;0;0
FR;0;2021-07-07;213257;438958;1881;25;477419;2;0;0;0;35839685;23449795;95242;141;26240319;22;0;0;0
FR;0;2021-07-08;231680;424142;2090;20;468072;2;0;0;0;36071365;23873937;97332;161;26708391;24;0;0;0
FR;0;2021-07-09;228644;511070;2185;4;557358;1;0;0;0;36300009;24385007;99517;165;27265749;25;0;0;0
FR;0;2021-07-10;148639;339926;986;1;368865;0;0;0;0;36448648;24724933;100503;166;27634614;25;0;0;0
FR;0;2021-07-11;60217;110050;284;0;120963;0;0;0;0;36508865;24834983;100787;166;27755577;25;0;0;0
FR;0;2021-07-12;169442;477693;1766;4;512422;0;0;0;0;36678307;25312676;102553;170;28267999;25;0;0;0
FR;0;2021-07-13;287310;526599;2050;8;585625;0;0;0;0;36965617;25839275;104603;178;28853624;25;0;0;0
FR;0;2021-07-14;181122;157332;435;0;186641;0;0;0;0;37146739;25996607;105038;178;29040265;25;0;0;0
FR;0;2021-07-15;347130;501601;2100;1;571563;0;0;0;0;37493869;26498208;107138;179;29611828;25;0;0;0
FR;0;2021-07-16;380125;494961;2023;3;574135;1;0;0;0;37873994;26993169;109161;182;30185963;26;0;0;0
FR;0;2021-07-17;259756;319634;877;1;368593;0;0;0;0;38133750;27312803;110038;183;30554556;26;0;0;0
FR;0;2021-07-18;109747;114564;310;0;133001;0;0;0;0;38243497;27427367;110348;183;30687557;26;0;0;0
FR;0;2021-07-19;285529;423875;1631;3;478883;0;0;0;0;38529026;27851242;111979;186;31166440;26;0;0;0
FR;0;2021-07-20;376943;451206;1725;0;523539;0;0;0;0;38905969;28302448;113704;186;31689979;26;0;0;0
FR;0;2021-07-21;395844;406821;1550;4;481808;1;0;0;0;39301813;28709269;115254;190;32171787;27;0;0;0
FR;0;2021-07-22;441091;387301;1715;4;471773;2;0;0;0;39742904;29096570;116969;194;32643560;29;0;0;0
FR;0;2021-07-23;440352;421957;1883;4;509918;1;0;0;0;40183256;29518527;118852;198;33153478;30;0;0;0
FR;0;2021-07-24;285264;269309;804;1;321988;0;0;0;0;40468520;29787836;119656;199;33475466;30;0;0;0
FR;0;2021-07-25;121127;79919;234;0;100271;0;0;0;0;40589647;29867755;119890;199;33575737;30;0;0;0
FR;0;2021-07-26;347452;322134;1614;3;384689;1;0;0;0;40937099;30189889;121504;202;33960426;31;0;0;0
FR;0;2021-07-27;464123;319256;1698;4;400405;1;0;0;0;41401222;30509145;123202;206;34360831;32;0;0;0
FR;0;2021-07-28;459480;289369;1637;4;366981;1;0;0;0;41860702;30798514;124839;210;34727812;33;0;0;0
FR;0;2021-07-29;489867;276102;1797;2;356974;0;0;0;0;42350569;31074616;126636;212;35084786;33;0;0;0
FR;0;2021-07-30;461860;302332;1942;5;380815;1;0;0;0;42812429;31376948;128578;217;35465601;34;0;0;0
FR;0;2021-07-31;285425;185022;916;1;231508;0;0;0;0;43097854;31561970;129494;218;35697109;34;0;0;0
FR;0;2021-08-01;112053;49910;257;0;65687;0;0;0;0;43209907;31611880;129751;218;35762796;34;0;0;0
FR;0;2021-08-02;341676;234024;1603;2;284715;0;0;0;0;43551583;31845904;131354;220;36047511;34;0;0;0
FR;0;2021-08-03;398645;244431;1729;2;304503;1;0;0;0;43950228;32090335;133083;222;36352014;35;0;0;0
FR;0;2021-08-04;384886;209509;1594;6;265629;3;0;0;0;44335114;32299844;134677;228;36617643;38;0;0;0
FR;0;2021-08-05;366205;228342;1711;0;281716;0;0;0;0;44701319;32528186;136388;228;36899359;38;0;0;0
FR;0;2021-08-06;359759;271206;1835;4;326585;0;0;0;0;45061078;32799392;138223;232;37225944;38;0;0;0
FR;0;2021-08-07;213151;178318;756;5;210048;1;0;0;0;45274229;32977710;138979;237;37435992;39;0;0;0
FR;0;2021-08-08;74212;63190;276;0;73624;0;0;0;0;45348441;33040900;139255;237;37509616;39;0;0;0
FR;0;2021-08-09;258778;258577;1549;4;297490;2;0;0;0;45607219;33299477;140804;241;37807106;41;0;0;0
FR;0;2021-08-10;306899;277041;1662;2;323426;0;0;0;0;45914118;33576518;142466;243;38130532;41;0;0;0
FR;0;2021-08-11;279769;259531;1442;5;301602;0;0;0;0;46193887;33836049;143908;248;38432134;41;0;0;0
FR;0;2021-08-12;271573;278003;1669;3;320259;0;0;0;0;46465460;34114052;145577;251;38752393;41;0;0;0
FR;0;2021-08-13;252181;278118;1594;3;316953;2;0;0;0;46717641;34392170;147171;254;39069346;43;0;0;0
FR;0;2021-08-14;145365;197056;740;0;218978;0;0;0;0;46863006;34589226;147911;254;39288324;43;0;0;0
FR;0;2021-08-15;39403;50087;218;1;55667;0;0;0;0;46902409;34639313;148129;255;39343991;43;0;0;0
FR;0;2021-08-16;186196;317463;1543;0;345379;0;0;0;0;47088605;34956776;149672;255;39689370;43;0;0;0
FR;0;2021-08-17;215721;335798;1638;7;368829;0;0;0;0;47304326;35292574;151310;262;40058199;43;0;0;0
FR;0;2021-08-18;199083;324373;1599;7;354537;3;0;0;0;47503409;35616947;152909;269;40412736;46;0;0;0
FR;0;2021-08-19;192051;325394;1642;1;355954;0;0;0;0;47695460;35942341;154551;270;40768690;46;0;0;0
FR;0;2021-08-20;186494;366177;1823;3;396605;2;0;0;0;47881954;36308518;156374;273;41165295;48;0;0;0
FR;0;2021-08-21;104814;238130;709;0;254560;0;0;0;0;47986768;36546648;157083;273;41419855;48;0;0;0
FR;0;2021-08-22;31950;87210;256;1;92163;1;0;0;0;48018718;36633858;157339;274;41512018;49;0;0;0
FR;0;2021-08-23;140999;356993;1561;3;379584;0;0;0;0;48159717;36990851;158900;277;41891602;49;0;0;0
FR;0;2021-08-24;162522;376575;1850;5;402822;0;0;0;0;48322239;37367426;160750;282;42294424;49;0;0;0
FR;0;2021-08-25;151165;350708;2038;8;375396;2;0;0;0;48473404;37718134;162788;290;42669820;51;0;0;0
FR;0;2021-08-26;142898;342771;2564;10;367560;0;0;0;0;48616302;38060905;165352;300;43037380;51;0;0;0
FR;0;2021-08-27;148458;388240;2791;11;414878;1;0;0;0;48764760;38449145;168143;311;43452258;52;0;0;0
FR;0;2021-08-28;90682;249638;1407;0;264962;0;0;0;0;48855442;38698783;169550;311;43717220;52;0;0;0
FR;0;2021-08-29;27325;83356;518;1;88272;0;0;0;0;48882767;38782139;170068;312;43805492;52;0;0;0
FR;0;2021-08-30;117432;324584;4714;6;342391;5847;0;0;0;49000199;39106723;174782;318;44147883;5899;0;0;0
FR;0;2021-08-31;128834;334451;10189;19;353927;11770;2;0;0;49129033;39441174;184971;337;44501810;17669;2;0;0
FR;0;2021-09-01;136169;285663;22436;8;302406;24414;1;0;0;49265202;39726837;207407;345;44804216;42083;3;0;0
FR;0;2021-09-02;114653;247195;26525;20;262092;29011;0;0;0;49379855;39974032;233932;365;45066308;71094;3;0;0
FR;0;2021-09-03;118329;292654;29968;24;309311;33076;1;0;0;49498184;40266686;263900;389;45375619;104170;4;0;0
FR;0;2021-09-04;89893;217797;12587;12;230494;14157;7;0;0;49588077;40484483;276487;401;45606113;118327;11;0;0
FR;0;2021-09-05;21365;44796;4397;2;48279;4716;0;0;0;49609442;40529279;280884;403;45654392;123043;11;0;0
FR;0;2021-09-06;75702;180484;31957;16;190662;34305;2;0;0;49685144;40709763;312841;419;45845054;157348;13;0;0
FR;0;2021-09-07;80318;181182;33251;43;191042;36322;2;0;0;49765462;40890945;346092;462;46036096;193670;15;0;0
FR;0;2021-09-08;91013;206085;29666;28;216568;32571;4;0;0;49856475;41097030;375758;490;46252664;226241;19;0;0
FR;0;2021-09-09;76984;165314;33084;27;174116;36702;5;0;0;49933459;41262344;408842;517;46426780;262943;24;0;0
FR;0;2021-09-10;96050;203810;35743;28;214891;40787;7;0;0;50029509;41466154;444585;545;46641671;303730;31;0;0
FR;0;2021-09-11;67168;169340;12140;19;178184;14414;0;0;0;50096677;41635494;456725;564;46819855;318144;31;0;0
FR;0;2021-09-12;12830;32094;2783;1;34141;3189;2;0;0;50109507;41667588;459508;565;46853996;321333;33;0;0
FR;0;2021-09-13;64582;126156;41249;35;134171;44266;17;0;0;50174089;41793744;500757;600;46988167;365599;50;0;0
FR;0;2021-09-14;73504;129007;56391;80;135749;62447;44;0;0;50247593;41922751;557148;680;47123916;428046;94;0;0
FR;0;2021-09-15;76666;167730;55671;58;174674;54849;77;0;0;50324259;42090481;612819;738;47298590;482895;171;0;0
FR;0;2021-09-16;63896;114502;60099;82;117877;60173;65;0;0;50388155;42204983;672918;820;47416467;543068;236;0;0
FR;0;2021-09-17;75093;156855;53867;71;159731;57363;67;0;0;50463248;42361838;726785;891;47576198;600431;303;0;0
FR;0;2021-09-18;48245;139636;15603;25;144318;17321;20;0;0;50511493;42501474;742388;916;47720516;617752;323;0;0
FR;0;2021-09-19;7908;23648;2443;1;24878;2619;1;0;0;50519401;42525122;744831;917;47745394;620371;324;0;0
FR;0;2021-09-20;44580;93753;50087;72;96244;50347;34;0;0;50563981;42618875;794918;989;47841638;670718;358;0;0
FR;0;2021-09-21;45918;98367;62772;77;98384;63506;79;0;0;50609899;42717242;857690;1066;47940022;734224;437;0;0
FR;0;2021-09-22;48706;142395;55384;82;144840;55484;47;0;0;50658605;42859637;913074;1148;48084862;789708;484;0;0
FR;0;2021-09-23;43297;92067;62408;95;91276;63589;86;0;0;50701902;42951704;975482;1243;48176138;853297;570;0;0
FR;0;2021-09-24;52325;133295;54569;107;132394;59229;78;0;0;50754227;43084999;1030051;1350;48308532;912526;648;0;0
FR;0;2021-09-25;35225;115663;16276;36;118649;18315;22;0;0;50789452;43200662;1046327;1386;48427181;930841;670;0;0
FR;0;2021-09-26;5561;17805;2273;5;18691;2332;5;0;0;50795013;43218467;1048600;1391;48445872;933173;675;0;0
FR;0;2021-09-27;33986;76897;47205;97;78783;48190;81;0;1;50828999;43295364;1095805;1488;48524655;981363;756;0;1
FR;0;2021-09-28;36524;75242;54983;90;74327;56597;47;0;0;50865523;43370606;1150788;1578;48598982;1037960;803;0;1
FR;0;2021-09-29;44426;100691;53375;113;102847;54913;41;0;0;50909949;43471297;1204163;1691;48701829;1092873;844;0;1
FR;0;2021-09-30;36350;72978;57045;96;71482;59609;58;0;0;50946299;43544275;1261208;1787;48773311;1152482;902;0;1
FR;0;2021-10-01;61720;102858;57836;108;101409;64020;23;0;0;51008019;43647133;1319044;1895;48874720;1216502;925;0;1
FR;0;2021-10-02;39470;78461;20965;39;81738;23386;12;0;0;51047489;43725594;1340009;1934;48956458;1239888;937;0;1
FR;0;2021-10-03;5289;10493;2536;4;11258;2543;4;0;0;51052778;43736087;1342545;1938;48967716;1242431;941;0;1
FR;0;2021-10-04;35207;58504;52638;84;59505;54860;37;0;0;51087985;43794591;1395183;2022;49027221;1297291;978;0;1
FR;0;2021-10-05;33937;64380;61032;135;62111;65120;48;0;0;51121922;43858971;1456215;2157;49089332;1362411;1026;0;1
FR;0;2021-10-06;42728;79305;65763;112;80177;68384;29;0;0;51164650;43938276;1521978;2269;49169509;1430795;1055;0;1
FR;0;2021-10-07;30575;62283;65447;88;59500;68895;38;0;0;51195225;44000559;1587425;2357;49229009;1499690;1093;0;1
FR;0;2021-10-08;49486;91949;77773;111;89890;84808;39;0;0;51244711;44092508;1665198;2468;49318899;1584498;1132;0;1
FR;0;2021-10-09;33677;60949;31549;35;64140;33933;17;0;0;51278388;44153457;1696747;2503;49383039;1618431;1149;0;1
FR;0;2021-10-10;4723;7422;3199;9;7938;3475;2;0;0;51283111;44160879;1699946;2512;49390977;1621906;1151;0;1
FR;0;2021-10-11;30734;49887;61050;105;50603;64119;46;0;0;51313845;44210766;1760996;2617;49441580;1686025;1197;0;1
FR;0;2021-10-12;31650;54485;70635;141;51313;76050;27;0;0;51345495;44265251;1831631;2758;49492893;1762075;1224;0;1
FR;0;2021-10-13;40167;62854;74443;137;62803;79398;29;0;1;51385662;44328105;1906074;2895;49555696;1841473;1253;0;2
FR;0;2021-10-14;30364;52873;68779;116;49696;73867;34;0;0;51416026;44380978;1974853;3011;49605392;1915340;1287;0;2
FR;0;2021-10-15;44960;75236;93253;191;70332;103054;26;0;0;51460986;44456214;2068106;3202;49675724;2018394;1313;0;2
FR;0;2021-10-16;31335;44085;36701;45;46704;39651;15;0;0;51492321;44500299;2104807;3247;49722428;2058045;1328;0;2
FR;0;2021-10-17;3898;5229;3603;2;5676;3674;4;0;0;51496219;44505528;2108410;3249;49728104;2061719;1332;0;2
FR;0;2021-10-18;29218;42341;67520;134;42559;71381;27;0;0;51525437;44547869;2175930;3383;49770663;2133100;1359;0;2
FR;0;2021-10-19;27196;45548;76431;140;43207;81677;45;0;0;51552633;44593417;2252361;3523;49813870;2214777;1404;0;2
FR;0;2021-10-20;35346;52406;96960;181;51812;101579;45;0;0;51587979;44645823;2349321;3704;49865682;2316356;1449;0;2
FR;0;2021-10-21;26166;45175;83998;112;41970;89196;30;0;0;51614145;44690998;2433319;3816;49907652;2405552;1479;0;2
FR;0;2021-10-22;38450;62487;104928;200;59352;112655;61;0;0;51652595;44753485;2538247;4016;49967004;2518207;1540;0;2
FR;0;2021-10-23;27034;41205;45467;57;42429;48638;14;0;0;51679629;44794690;2583714;4073;50009433;2566845;1554;0;2
FR;0;2021-10-24;2947;4763;3685;6;5014;3922;1;0;0;51682576;44799453;2587399;4079;50014447;2570767;1555;0;2
FR;0;2021-10-25;26109;36208;82347;144;35481;86681;38;0;0;51708685;44835661;2669746;4223;50049928;2657448;1593;0;2
FR;0;2021-10-26;23770;34991;87281;166;32158;92411;34;0;0;51732455;44870652;2757027;4389;50082086;2749859;1627;0;2
FR;0;2021-10-27;30115;46300;109033;257;44040;114751;48;0;0;51762570;44916952;2866060;4646;50126126;2864610;1675;0;2
FR;0;2021-10-28;23611;34927;88744;153;31195;94541;35;0;0;51786181;44951879;2954804;4799;50157321;2959151;1710;0;2
FR;0;2021-10-29;31589;51452;117348;206;46500;125437;52;0;0;51817770;45003331;3072152;5005;50203821;3084588;1762;0;2
FR;0;2021-10-30;20577;33239;50361;76;32921;53430;20;0;0;51838347;45036570;3122513;5081;50236742;3138018;1782;0;2
FR;0;2021-10-31;2519;3732;3595;3;3844;3881;3;0;0;51840866;45040302;3126108;5084;50240586;3141899;1785;0;2
FR;0;2021-11-01;8542;4869;3224;3;5021;3586;10;0;0;51849408;45045171;3129332;5087;50245607;3145485;1795;0;2
FR;0;2021-11-02;26385;40098;93612;156;36237;99674;44;0;1;51875793;45085269;3222944;5243;50281844;3245159;1839;0;3
FR;0;2021-11-03;30132;47901;118932;222;43555;125908;64;0;0;51905925;45133170;3341876;5465;50325399;3371067;1903;0;3
FR;0;2021-11-04;23823;37462;107601;217;31575;114482;46;0;0;51929748;45170632;3449477;5682;50356974;3485549;1949;0;3
FR;0;2021-11-05;32418;52936;141678;236;44649;151469;53;0;0;51962166;45223568;3591155;5918;50401623;3637018;2002;0;3
FR;0;2021-11-06;21554;34551;64912;123;32384;68354;26;0;0;51983720;45258119;3656067;6041;50434007;3705372;2028;0;3
FR;0;2021-11-07;2429;4155;5209;6;4001;5598;7;0;0;51986149;45262274;3661276;6047;50438008;3710970;2035;0;3
FR;0;2021-11-08;20633;37737;127237;227;30947;134363;50;0;0;52006782;45300011;3788513;6274;50468955;3845333;2085;0;3
FR;0;2021-11-09;22444;44649;161742;339;32851;172359;65;0;0;52029226;45344660;3950255;6613;50501806;4017692;2150;0;3
FR;0;2021-11-10;31621;54876;187070;447;44022;198890;91;0;0;52060847;45399536;4137325;7060;50545828;4216582;2241;0;3
FR;0;2021-11-11;4750;6743;12998;28;5905;13981;17;0;0;52065597;45406279;4150323;7088;50551733;4230563;2258;0;3
FR;0;2021-11-12;29102;55054;183838;252;41720;197504;86;0;0;52094699;45461333;4334161;7340;50593453;4428067;2344;0;3
FR;0;2021-11-13;20356;32598;80730;118;28227;86354;44;0;0;52115055;45493931;4414891;7458;50621680;4514421;2388;0;3
FR;0;2021-11-14;2367;3854;7183;6;3362;7846;9;0;0;52117422;45497785;4422074;7464;50625042;4522267;2397;0;3
FR;0;2021-11-15;20524;38551;160911;314;27784;171652;77;0;0;52137946;45536336;4582985;7778;50652826;4693919;2474;0;3
FR;0;2021-11-16;23675;43825;200491;394;27700;215190;115;0;1;52161621;45580161;4783476;8172;50680526;4909109;2589;0;4
FR;0;2021-11-17;30545;50236;199905;406;36445;212971;98;0;0;52192166;45630397;4983381;8578;50716971;5122080;2687;0;4
FR;0;2021-11-18;23459;45684;191756;469;29392;205744;94;0;0;52215625;45676081;5175137;9047;50746363;5327824;2781;0;4
FR;0;2021-11-19;33696;61270;243292;551;39909;262311;147;0;0;52249321;45737351;5418429;9598;50786272;5590135;2928;0;4
FR;0;2021-11-20;25426;36656;102193;207;29264;109767;43;0;0;52274747;45774007;5520622;9805;50815536;5699902;2971;0;4
FR;0;2021-11-21;2665;4444;9682;19;3442;10608;19;0;0;52277412;45778451;5530304;9824;50818978;5710510;2990;0;4
FR;0;2021-11-22;22824;33111;180437;472;18915;194921;90;0;0;52300236;45811562;5710741;10296;50837893;5905431;3080;0;4
FR;0;2021-11-23;25735;45459;229495;549;24113;247986;85;0;0;52325971;45857021;5940236;10845;50862006;6153417;3165;0;4
FR;0;2021-11-24;31821;53594;224909;715;34475;243363;80;0;0;52357792;45910615;6165145;11560;50896481;6396780;3245;0;4
FR;0;2021-11-25;25654;49132;256029;739;25046;277940;112;0;0;52383446;45959747;6421174;12299;50921527;6674720;3357;0;4
FR;0;2021-11-26;33255;74667;379565;867;37391;414798;172;0;0;52416701;46034414;6800739;13166;50958918;7089518;3529;0;4
FR;0;2021-11-27;23508;49552;214979;391;28443;236784;135;0;0;52440209;46083966;7015718;13557;50987361;7326302;3664;0;4
FR;0;2021-11-28;3528;10444;56786;66;4057;63333;42;0;0;52443737;46094410;7072504;13623;50991418;7389635;3706;0;4
FR;0;2021-11-29;19448;54062;341573;864;23086;371914;178;0;0;52463185;46148472;7414077;14487;51014504;7761549;3884;0;4
FR;0;2021-11-30;24789;71794;457490;988;26793;500932;291;0;0;52487974;46220266;7871567;15475;51041297;8262481;4175;0;4
FR;0;2021-12-01;27400;75419;469225;1162;31307;511449;304;0;0;52515374;46295685;8340792;16637;51072604;8773930;4479;0;4
FR;0;2021-12-02;22132;71462;527255;1282;20998;575056;309;0;0;52537506;46367147;8868047;17919;51093602;9348986;4788;0;4
FR;0;2021-12-03;25581;92768;596538;1421;34329;651329;343;0;0;52563087;46459915;9464585;19340;51127931;10000315;5131;0;4
FR;0;2021-12-04;18343;60286;336314;692;25661;369890;197;0;0;52581430;46520201;9800899;20032;51153592;10370205;5328;0;4
FR;0;2021-12-05;4158;16081;95820;157;4852;107048;92;0;0;52585588;46536282;9896719;20189;51158444;10477253;5420;0;4
FR;0;2021-12-06;28453;72661;493293;1175;25219;540114;386;0;0;52614041;46608943;10390012;21364;51183663;11017367;5806;0;4
FR;0;2021-12-07;23567;91192;645582;1774;28508;706596;416;0;0;52637608;46700135;11035594;23138;51212171;11723963;6222;0;4
FR;0;2021-12-08;25525;91865;591907;1875;34937;647774;440;0;0;52663133;46792000;11627501;25013;51247108;12371737;6662;0;4
FR;0;2021-12-09;24088;94020;663382;2179;28966;726826;463;0;0;52687221;46886020;12290883;27192;51276074;13098563;7125;0;4
FR;0;2021-12-10;28080;110826;736219;2075;37932;806391;471;0;1;52715301;46996846;13027102;29267;51314006;13904954;7596;0;5
FR;0;2021-12-11;20256;76039;435253;990;29934;480481;343;0;0;52735557;47072885;13462355;30257;51343940;14385435;7939;0;5
FR;0;2021-12-12;5684;23103;142363;262;6384;159234;108;0;0;52741241;47095988;13604718;30519;51350324;14544669;8047;0;5
FR;0;2021-12-13;21370;90683;587853;1699;29634;649472;397;0;0;52762611;47186671;14192571;32218;51379958;15194141;8444;0;5
FR;0;2021-12-14;27991;118206;765818;2658;35402;847798;701;0;1;52790602;47304877;14958389;34876;51415360;16041939;9145;0;6
FR;0;2021-12-15;28460;114139;694535;2267;39493;769318;503;0;1;52819062;47419016;15652924;37143;51454853;16811257;9648;0;7
FR;0;2021-12-16;28061;115567;764269;2559;35080;844693;516;0;0;52847123;47534583;16417193;39702;51489933;17655950;10164;0;7
FR;0;2021-12-17;31667;128219;808040;2713;43322;892190;612;0;0;52878790;47662802;17225233;42415;51533255;18548140;10776;0;7
FR;0;2021-12-18;24945;81473;470065;1179;30043;522269;353;0;0;52903735;47744275;17695298;43594;51563298;19070409;11129;0;7
FR;0;2021-12-19;8770;28506;169449;376;7834;191056;143;0;0;52912505;47772781;17864747;43970;51571132;19261465;11272;0;7
FR;0;2021-12-20;31785;97020;591631;1789;33814;658849;503;0;0;52944290;47869801;18456378;45759;51604946;19920314;11775;0;7
FR;0;2021-12-21;39482;111840;682566;2391;38748;759698;607;0;0;52983772;47981641;19138944;48150;51643694;20680012;12382;0;7
FR;0;2021-12-22;39566;99109;575907;2169;37079;642223;687;0;2;53023338;48080750;19714851;50319;51680773;21322235;13069;0;9
FR;0;2021-12-23;33792;79322;441113;1659;30093;494451;589;0;0;53057130;48160072;20155964;51978;51710866;21816686;13658;0;9
FR;0;2021-12-24;10700;26012;111061;398;11636;126677;236;0;1;53067830;48186084;20267025;52376;51722502;21943363;13894;0;10
FR;0;2021-12-25;779;3566;7603;25;2045;9023;72;0;0;53068609;48189650;20274628;52401;51724547;21952386;13966;0;10
FR;0;2021-12-26;4699;11880;52126;142;4739;60170;170;0;0;53073308;48201530;20326754;52543;51729286;22012556;14136;0;10
FR;0;2021-12-27;30511;83908;453631;1364;33016;509279;665;0;0;53103819;48285438;20780385;53907;51762302;22521835;14801;0;10
FR;0;2021-12-28;38368;98787;564240;1769;35082;632334;1558;0;2;53142187;48384225;21344625;55676;51797384;23154169;16359;0;12
FR;0;2021-12-29;39882;88137;501291;1687;33086;561057;1738;0;1;53182069;48472362;21845916;57363;51830470;23715226;18097;0;13
FR;0;2021-12-30;35928;75052;421074;1520;29497;471183;1880;0;0;53217997;48547414;22266990;58883;51859967;24186409;19977;0;13
FR;0;2021-12-31;12053;25071;116896;405;11264;131677;741;0;0;53230050;48572485;22383886;59288;51871231;24318086;20718;0;13
FR;0;2022-01-01;1593;3214;8533;37;1804;9942;103;0;0;53231643;48575699;22392419;59325;51873035;24328028;20821;0;13
FR;0;2022-01-02;6125;13016;58438;126;5109;66978;408;0;0;53237768;48588715;22450857;59451;51878144;24395006;21229;0;13
FR;0;2022-01-03;39665;90133;494909;1597;36874;551787;2650;0;1;53277433;48678848;22945766;61048;51915018;24946793;23879;0;14
FR;0;2022-01-04;42296;110979;641487;2309;40643;714499;3836;0;3;53319729;48789827;23587253;63357;51955661;25661292;27715;0;17
FR;0;2022-01-05;61224;103579;569284;1984;43795;634319;3428;0;2;53380953;48893406;24156537;65341;51999456;26295611;31143;0;19
FR;0;2022-01-06;44320;110305;639068;2702;40220;711589;4557;0;2;53425273;49003711;24795605;68043;52039676;27007200;35700;0;21
FR;0;2022-01-07;50845;123279;711080;2811;46839;790565;4995;0;2;53476118;49126990;25506685;70854;52086515;27797765;40695;0;23
FR;0;2022-01-08;45015;80266;423846;1213;35045;472911;2447;0;3;53521133;49207256;25930531;72067;52121560;28270676;43142;0;26
FR;0;2022-01-09;15613;26593;128585;300;11483;145663;829;0;0;53536746;49233849;26059116;72367;52133043;28416339;43971;0;26
FR;0;2022-01-10;35423;93248;469402;1816;43018;522790;3722;0;1;53572169;49327097;26528518;74183;52176061;28939129;47693;0;27
FR;0;2022-01-11;41953;100433;548344;2310;42394;608591;5219;0;2;53614122;49427530;27076862;76493;52218455;29547720;52912;0;29
FR;0;2022-01-12;60423;95682;452751;1969;49479;504416;4497;0;8;53674545;49523212;27529613;78462;52267934;30052136;57409;0;37
FR;0;2022-01-13;38275;92515;487423;2084;40548;541106;5467;0;8;53712820;49615727;28017036;80546;52308482;30593242;62876;0;45
FR;0;2022-01-14;42590;103292;568674;2286;43500;629063;6463;0;2;53755410;49719019;28585710;82832;52351982;31222305;69339;0;47
FR;0;2022-01-15;39434;65876;340168;985;31446;377580;3296;0;1;53794844;49784895;28925878;83817;52383428;31599885;72635;0;48
FR;0;2022-01-16;11415;19195;87447;216;9019;99403;764;0;0;53806259;49804090;29013325;84033;52392447;31699288;73399;0;48
FR;0;2022-01-17;24756;59982;320334;1384;28040;354172;3960;0;4;53831015;49864072;29333659;85417;52420487;32053460;77359;0;52
FR;0;2022-01-18;28332;68681;361149;1802;32015;397596;5771;0;1;53859347;49932753;29694808;87219;52452502;32451056;83130;0;53
FR;0;2022-01-19;43231;67011;281354;1452;40387;311094;4392;0;5;53902578;49999764;29976162;88671;52492889;32762150;87522;0;58
FR;0;2022-01-20;23680;59587;299069;1750;29559;328537;5636;0;4;53926258;50059351;30275231;90421;52522448;33090687;93158;0;62
FR;0;2022-01-21;28215;68766;366413;2086;33073;401219;6579;0;3;53954473;50128117;30641644;92507;52555521;33491906;99737;0;65
FR;0;2022-01-22;27630;47973;218811;840;27304;241796;2838;0;2;53982103;50176090;30860455;93347;52582825;33733702;102575;0;67
FR;0;2022-01-23;6740;12963;48695;173;7502;55170;591;0;1;53988843;50189053;30909150;93520;52590327;33788872;103166;0;68
FR;0;2022-01-24;16286;47439;217356;1149;25402;239356;4102;0;3;54005129;50236492;31126506;94669;52615729;34028228;107268;0;71
FR;0;2022-01-25;19033;54316;243102;1548;28809;267100;6067;0;5;54024162;50290808;31369608;96217;52644538;34295328;113335;0;76
FR;0;2022-01-26;28148;60548;209318;1299;41362;229546;4479;0;3;54052310;50351356;31578926;97516;52685900;34524874;117814;0;79
FR;0;2022-01-27;16338;46491;207674;1287;26153;226065;5693;0;4;54068648;50397847;31786600;98803;52712053;34750939;123507;0;83
FR;0;2022-01-28;21594;78649;290090;1574;44969;321349;7411;0;4;54090242;50476496;32076690;100377;52757022;35072288;130918;0;87
FR;0;2022-01-29;18424;52848;184145;689;32750;204578;3255;0;2;54108666;50529344;32260835;101066;52789772;35276866;134173;0;89
FR;0;2022-01-30;4476;14464;39152;124;9130;45057;637;0;1;54113142;50543808;32299987;101190;52798902;35321923;134810;0;90
FR;0;2022-01-31;11261;43904;148219;742;26131;164720;4231;0;5;54124403;50587712;32448206;101932;52825033;35486643;139041;0;95
FR;0;2022-02-01;13651;48295;174145;1144;27331;191335;7036;0;1;54138054;50636007;32622351;103076;52852364;35677978;146077;0;96
FR;0;2022-02-02;20727;66295;171560;1034;46160;190078;5970;0;10;54158781;50702302;32793911;104110;52898524;35868056;152047;0;106
FR;0;2022-02-03;11758;44789;157585;990;25346;173287;6933;0;6;54170539;50747091;32951496;105100;52923870;36041343;158980;0;112
FR;0;2022-02-04;14645;67971;239264;1267;37594;264083;9153;0;6;54185184;50815062;33190760;106367;52961464;36305426;168133;0;118
FR;0;2022-02-05;12903;51439;153565;523;31977;172294;3784;0;3;54198087;50866501;33344325;106890;52993441;36477720;171917;0;121
FR;0;2022-02-06;2726;12168;28898;102;7289;33830;662;0;0;54200813;50878669;33373223;106992;53000730;36511550;172579;0;121
FR;0;2022-02-07;9618;46619;156905;594;24513;176304;5294;0;6;54210431;50925288;33530128;107586;53025243;36687854;177873;0;127
FR;0;2022-02-08;9815;43101;166663;870;20966;184458;7054;0;6;54220246;50968389;33696791;108456;53046209;36872312;184927;0;133
FR;0;2022-02-09;14463;58263;172360;876;35361;193069;5788;0;9;54234709;51026652;33869151;109332;53081570;37065381;190715;0;142
FR;0;2022-02-10;8730;39222;150244;881;18699;166722;6503;0;2;54243439;51065874;34019395;110213;53100269;37232103;197218;0;144
FR;0;2022-02-11;10864;55700;218522;1101;25842;243117;8322;0;3;54254303;51121574;34237917;111314;53126111;37475220;205540;0;147
FR;0;2022-02-12;8409;40970;134740;465;22637;151768;3509;0;4;54262712;51162544;34372657;111779;53148748;37626988;209049;0;151
FR;0;2022-02-13;1940;8605;26568;86;4411;30930;544;0;3;54264652;51171149;34399225;111865;53153159;37657918;209593;0;154
FR;0;2022-02-14;6996;35260;148390;487;14673;166386;4789;0;5;54271648;51206409;34547615;112352;53167832;37824304;214382;0;159
FR;0;2022-02-15;7070;36238;147003;751;16008;162588;6849;0;3;54278718;51242647;34694618;113103;53183840;37986892;221231;0;162
FR;0;2022-02-16;9417;42993;132549;722;25984;146769;5727;0;6;54288135;51285640;34827167;113825;53209824;38133661;226958;0;168
FR;0;2022-02-17;5581;24346;87318;587;13146;94892;5408;0;5;54293716;51309986;34914485;114412;53222970;38228553;232366;0;173
FR;0;2022-02-18;7003;33594;119671;807;18766;129336;7416;0;2;54300719;51343580;35034156;115219;53241736;38357889;239782;0;175
FR;0;2022-02-19;5371;24557;70030;371;15909;77340;3020;0;2;54306090;51368137;35104186;115590;53257645;38435229;242802;0;177
FR;0;2022-02-20;1149;4661;12175;39;2915;13957;460;0;1;54307239;51372798;35116361;115629;53260560;38449186;243262;0;178
FR;0;2022-02-21;4100;17896;61958;351;10173;67188;4059;0;2;54311339;51390694;35178319;115980;53270733;38516374;247321;0;180
FR;0;2022-02-22;4467;18667;60840;577;11268;64481;5255;0;1;54315806;51409361;35239159;116557;53282001;38580855;252576;0;181
FR;0;2022-02-23;6593;27365;66512;593;19633;71911;4595;0;3;54322399;51436726;35305671;117150;53301634;38652766;257171;0;184
FR;0;2022-02-24;3852;15563;50435;519;9523;53259;4531;0;2;54326251;51452289;35356106;117669;53311157;38706025;261702;0;186
FR;0;2022-02-25;5287;24299;76371;804;15275;80103;7336;0;7;54331538;51476588;35432477;118473;53326432;38786128;269038;0;193
FR;0;2022-02-26;3995;17772;47422;359;12174;51489;3083;0;3;54335533;51494360;35479899;118832;53338606;38837617;272121;0;196
FR;0;2022-02-27;881;3011;8040;47;1980;8949;531;0;0;54336414;51497371;35487939;118879;53340586;38846566;272652;0;196
FR;0;2022-02-28;3127;12562;40497;359;7596;42930;3858;0;0;54339541;51509933;35528436;119238;53348182;38889496;276510;0;196
FR;0;2022-03-01;4013;12615;44204;437;7639;44876;5518;0;6;54343554;51522548;35572640;119675;53355821;38934372;282028;0;202
FR;0;2022-03-02;5338;17868;47153;447;12928;49085;4930;0;2;54348892;51540416;35619793;120122;53368749;38983457;286958;0;204
FR;0;2022-03-03;2829;9362;29903;371;6260;30026;4050;0;2;54351721;51549778;35649696;120493;53375009;39013483;291008;0;206
FR;0;2022-03-04;3230;12518;40343;669;8516;39492;6235;0;4;54354951;51562296;35690039;121162;53383525;39052975;297243;0;210
FR;0;2022-03-05;3074;9290;24963;314;7132;25127;3135;0;1;54358025;51571586;35715002;121476;53390657;39078102;300378;0;211
FR;0;2022-03-06;522;1408;3199;43;1031;3442;379;0;0;54358547;51572994;35718201;121519;53391688;39081544;300757;0;211
FR;0;2022-03-07;2498;5636;18438;315;3853;17710;3307;0;4;54361045;51578630;35736639;121834;53395541;39099254;304064;0;215
FR;0;2022-03-08;2155;6080;19453;363;4334;17926;4093;0;3;54363200;51584710;35756092;122197;53399875;39117180;308157;0;218
FR;0;2022-03-09;3583;10572;22199;408;8799;21294;4042;0;4;54366783;51595282;35778291;122605;53408674;39138474;312199;0;222
FR;0;2022-03-10;1833;5848;17010;345;4396;15836;3408;0;3;54368616;51601130;35795301;122950;53413070;39154310;315607;0;225
FR;0;2022-03-11;2422;7566;24511;545;5445;22279;5479;0;2;54371038;51608696;35819812;123495;53418515;39176589;321086;0;227
FR;0;2022-03-12;2698;6778;17168;309;5496;16522;3137;0;2;54373736;51615474;35836980;123804;53424011;39193111;324223;0;229
FR;0;2022-03-13;406;795;2323;149;604;2272;537;0;0;54374142;51616269;35839303;123953;53424615;39195383;324760;0;229
FR;0;2022-03-14;1561;4275;14989;4412;2810;13842;7295;0;8;54375703;51620544;35854292;128365;53427425;39209225;332055;0;237
FR;0;2022-03-15;1751;6294;16387;7556;4809;14618;11036;0;9;54377454;51626838;35870679;135921;53432234;39223843;343091;0;246
FR;0;2022-03-16;3037;7413;19435;13141;6215;18113;16297;0;8;54380491;51634251;35890114;149062;53438449;39241956;359388;0;254
FR;0;2022-03-17;1462;3988;13157;10846;2808;11997;13314;0;9;54381953;51638239;35903271;159908;53441257;39253953;372702;0;263
FR;0;2022-03-18;2268;5757;20019;18307;4099;18115;22039;0;15;54384221;51643996;35923290;178215;53445356;39272068;394741;0;278
FR;0;2022-03-19;2294;4806;13116;9406;4142;12421;11409;0;6;54386515;51648802;35936406;187621;53449498;39284489;406150;0;284
FR;0;2022-03-20;301;737;1920;1074;529;1933;1340;0;2;54386816;51649539;35938326;188695;53450027;39286422;407490;0;286
FR;0;2022-03-21;1395;3222;12734;14951;2157;11960;16910;0;11;54388211;51652761;35951060;203646;53452184;39298382;424400;0;297
FR;0;2022-03-22;1557;3742;13807;20553;2581;12562;22845;0;5;54389768;51656503;35964867;224199;53454765;39310944;447245;0;302
FR;0;2022-03-23;2689;6300;17740;23151;5231;17248;25268;0;40;54392457;51662803;35982607;247350;53459996;39328192;472513;0;342
FR;0;2022-03-24;1411;3160;11600;17619;2248;10685;19394;0;23;54393868;51665963;35994207;264969;53462244;39338877;491907;0;365
FR;0;2022-03-25;2089;5160;18583;27775;3691;16920;30810;0;31;54395957;51671123;36012790;292744;53465935;39355797;522717;0;396
FR;0;2022-03-26;2232;4418;12080;12680;3866;11521;14402;0;26;54398189;51675541;36024870;305424;53469801;39367318;537119;0;422
FR;0;2022-03-27;363;693;1908;1483;515;1942;1740;0;1;54398552;51676234;36026778;306907;53470316;39369260;538859;0;423
FR;0;2022-03-28;1468;3082;11133;17490;2120;10621;19070;0;16;54400020;51679316;36037911;324397;53472436;39379881;557929;0;439
FR;0;2022-03-29;1453;3284;12913;27585;2099;12055;29284;0;34;54401473;51682600;36050824;351982;53474535;39391936;587213;0;473
FR;0;2022-03-30;2854;5588;15690;27435;4772;15090;29341;0;21;54404327;51688188;36066514;379417;53479307;39407026;616554;0;494
FR;0;2022-03-31;1615;3584;12991;25037;2569;12330;26647;0;43;54405942;51691772;36079505;404454;53481876;39419356;643201;0;537
FR;0;2022-04-01;2686;4588;20083;30897;2974;18725;33490;0;62;54408628;51696360;36099588;435351;53484850;39438081;676691;0;599
FR;0;2022-04-02;1532;2649;9053;10135;2009;8727;11297;0;29;54410160;51699009;36108641;445486;53486859;39446808;687988;0;628
FR;0;2022-04-03;294;516;1562;1171;360;1580;1382;0;2;54410454;51699525;36110203;446657;53487219;39448388;689370;0;630
FR;0;2022-04-04;4569;3032;12389;19129;2053;11597;20602;0;35;54415023;51702557;36122592;465786;53489272;39459985;709972;0;665
FR;0;2022-04-05;2607;3178;14353;34151;2055;13206;35769;0;85;54417630;51705735;36136945;499937;53491327;39473191;745741;0;750
FR;0;2022-04-06;2611;3964;13543;26544;3030;12818;28013;0;72;54420241;51709699;36150488;526481;53494357;39486009;773754;0;822
FR;0;2022-04-07;1989;3151;13686;33820;1999;12898;35178;0;76;54422230;51712850;36164174;560301;53496356;39498907;808932;0;898
FR;0;2022-04-08;2310;4343;19235;44015;2673;17861;46368;0;89;54424540;51717193;36183409;604316;53499029;39516768;855300;0;987
FR;0;2022-04-09;1373;2682;9315;13568;1904;8869;14800;0;30;54425913;51719875;36192724;617884;53500933;39525637;870100;0;1017
FR;0;2022-04-10;296;756;1985;2017;554;2007;2279;0;7;54426209;51720631;36194709;619901;53501487;39527644;872379;0;1024
FR;0;2022-04-11;1350;2623;11876;23934;1643;11484;25206;0;74;54427559;51723254;36206585;643835;53503130;39539128;897585;0;1098
FR;0;2022-04-12;1729;3082;14024;40928;1966;13396;41818;0;127;54429288;51726336;36220609;684763;53505096;39552524;939403;0;1225
FR;0;2022-04-13;1979;3722;13415;33118;2720;13036;34087;0;96;54431267;51730058;36234024;717881;53507816;39565560;973490;0;1321
FR;0;2022-04-14;1508;2990;13216;36354;1918;13074;37023;0;105;54432775;51733048;36247240;754235;53509734;39578634;1010513;0;1426
FR;0;2022-04-15;1883;3876;15646;35584;2618;14926;37236;0;115;54434658;51736924;36262886;789819;53512352;39593560;1047749;0;1541
FR;0;2022-04-16;1046;1834;6400;8553;1263;6263;9435;0;40;54435704;51738758;36269286;798372;53513615;39599823;1057184;0;1581
FR;0;2022-04-17;195;340;993;1174;224;1036;1242;0;7;54435899;51739098;36270279;799546;53513839;39600859;1058426;0;1588
FR;0;2022-04-18;200;546;2768;1072;343;2787;1287;0;5;54436099;51739644;36273047;800618;53514182;39603646;1059713;0;1593
FR;0;2022-04-19;1546;3031;12919;29690;1878;12480;30737;0;78;54437645;51742675;36285966;830308;53516060;39616126;1090450;0;1671
FR;0;2022-04-20;2008;3497;13307;29072;2611;12995;30088;0;96;54439653;51746172;36299273;859380;53518671;39629121;1120538;0;1767
FR;0;2022-04-21;1516;2855;12554;35211;1826;12647;35785;0;117;54441169;51749027;36311827;894591;53520497;39641768;1156323;0;1884
FR;0;2022-04-22;1880;3627;16480;37625;2403;15839;39164;0;131;54443049;51752654;36328307;932216;53522900;39657607;1195487;0;2015
FR;0;2022-04-23;1151;2071;7391;10659;1481;7242;11444;0;38;54444200;51754725;36335698;942875;53524381;39664849;1206931;0;2053
FR;0;2022-04-24;249;467;1478;1592;326;1414;1850;0;7;54444449;51755192;36337176;944467;53524707;39666263;1208781;0;2060
FR;0;2022-04-25;1308;2534;10687;21074;1614;10492;22096;0;79;54445757;51757726;36347863;965541;53526321;39676755;1230877;0;2139
FR;0;2022-04-26;1627;3008;13671;38665;1967;13114;39462;0;181;54447384;51760734;36361534;1004206;53528288;39689869;1270339;0;2320
FR;0;2022-04-27;1964;3065;11539;31087;2280;11596;31505;0;131;54449348;51763799;36373073;1035293;53530568;39701465;1301844;0;2451
FR;0;2022-04-28;1570;2778;12530;36263;1859;12271;36580;0;139;54450918;51766577;36385603;1071556;53532427;39713736;1338424;0;2590
FR;0;2022-04-29;2010;4834;15561;37281;3639;14937;38752;0;164;54452928;51771411;36401164;1108837;53536066;39728673;1377176;0;2754
FR;0;2022-04-30;1225;4703;6929;9717;4197;6758;10608;0;44;54454153;51776114;36408093;1118554;53540263;39735431;1387784;0;2798
FR;0;2022-05-01;220;325;916;1000;229;911;1141;0;6;54454373;51776439;36409009;1119554;53540492;39736342;1388925;0;2804
FR;0;2022-05-02;2364;2959;11158;18179;2055;10992;19023;0;69;54456737;51779398;36420167;1137733;53542547;39747334;1407948;0;2873
FR;0;2022-05-03;2065;3268;13726;34702;2130;13567;35623;0;163;54458802;51782666;36433893;1172435;53544677;39760901;1443571;0;3036
FR;0;2022-05-04;1924;3304;12187;25651;2303;12305;26202;0;110;54460726;51785970;36446080;1198086;53546980;39773206;1469773;0;3146
FR;0;2022-05-05;1795;3040;13070;33602;2018;12916;34270;0;180;54462521;51789010;36459150;1231688;53548998;39786122;1504043;0;3326
FR;0;2022-05-06;2217;3666;15355;36808;2325;14865;38270;0;182;54464738;51792676;36474505;1268496;53551323;39800987;1542313;0;3508
FR;0;2022-05-07;1210;1783;6464;9614;1255;6456;10339;0;48;54465948;51794459;36480969;1278110;53552578;39807443;1552652;0;3556
FR;0;2022-05-08;267;400;1175;1548;288;1236;1654;0;8;54466215;51794859;36482144;1279658;53552866;39808679;1554306;0;3564
FR;0;2022-05-09;1403;2307;9928;20259;1414;9799;21175;0;102;54467618;51797166;36492072;1299917;53554280;39818478;1575481;0;3666
FR;0;2022-05-10;1801;3432;13572;38999;2296;13128;40026;0;200;54469419;51800598;36505644;1338916;53556576;39831606;1615507;0;3866
FR;0;2022-05-11;2005;3020;10755;27942;2324;10701;28445;0;146;54471424;51803618;36516399;1366858;53558900;39842307;1643952;0;4012
FR;0;2022-05-12;1595;2744;11382;35738;1814;11054;36500;0;211;54473019;51806362;36527781;1402596;53560714;39853361;1680452;0;4223
FR;0;2022-05-13;1983;3222;13761;37981;2064;13350;39246;0;162;54475002;51809584;36541542;1440577;53562778;39866711;1719698;0;4385
FR;0;2022-05-14;1150;1646;5938;10778;1204;5801;11366;0;57;54476152;51811230;36547480;1451355;53563982;39872512;1731064;0;4442
FR;0;2022-05-15;283;479;1278;1440;302;1361;1593;0;6;54476435;51811709;36548758;1452795;53564284;39873873;1732657;0;4448
FR;0;2022-05-16;1196;2047;8693;21070;1248;8699;21597;0;128;54477631;51813756;36557451;1473865;53565532;39882572;1754254;0;4576
FR;0;2022-05-17;1591;2605;11828;37881;1670;11404;38723;0;180;54479222;51816361;36569279;1511746;53567202;39893976;1792977;0;4756
FR;0;2022-05-18;1816;2654;9693;27166;1956;9667;27784;0;109;54481038;51819015;36578972;1538912;53569158;39903643;1820761;0;4865
FR;0;2022-05-19;1448;2660;10581;35843;1634;10721;36034;0;162;54482486;51821675;36589553;1574755;53570792;39914364;1856795;0;5027
FR;0;2022-05-20;1876;3118;13425;39369;2079;12913;40388;0;168;54484362;51824793;36602978;1614124;53572871;39927277;1897183;0;5195
FR;0;2022-05-21;1159;1718;5662;9897;1314;5533;10534;0;45;54485521;51826511;36608640;1624021;53574185;39932810;1907717;0;5240
FR;0;2022-05-22;241;341;1031;1439;263;1017;1583;0;10;54485762;51826852;36609671;1625460;53574448;39933827;1909300;0;5250
FR;0;2022-05-23;1176;2127;8879;20374;1411;8829;21029;0;86;54486938;51828979;36618550;1645834;53575859;39942656;1930329;0;5336
FR;0;2022-05-24;1542;2759;11367;38882;1736;11239;39511;0;190;54488480;51831738;36629917;1684716;53577595;39953895;1969840;0;5526
FR;0;2022-05-25;1814;2837;9343;24847;2075;9481;25323;0;116;54490294;51834575;36639260;1709563;53579670;39963376;1995163;0;5642
FR;0;2022-05-26;216;430;1666;1201;293;1677;1344;0;26;54490510;51835005;36640926;1710764;53579963;39965053;1996507;0;5668
FR;0;2022-05-27;1390;2477;9265;21291;1670;9005;22325;0;94;54491900;51837482;36650191;1732055;53581633;39974058;2018832;0;5762
FR;0;2022-05-28;669;1272;3919;6795;852;3968;7204;0;38;54492569;51838754;36654110;1738850;53582485;39978026;2026036;0;5800
FR;0;2022-05-29;157;315;752;921;200;773;1033;0;4;54492726;51839069;36654862;1739771;53582685;39978799;2027069;0;5804
FR;0;2022-05-30;1026;1968;6995;19296;1248;7013;19808;0;91;54493752;51841037;36661857;1759067;53583933;39985812;2046877;0;5895
FR;0;2022-05-31;1488;2520;9823;35664;1647;9645;36295;0;171;54495240;51843557;36671680;1794731;53585580;39995457;2083172;0;6066
FR;0;2022-06-01;1751;3106;11029;24538;2252;10896;25491;0;122;54496991;51846663;36682709;1819269;53587832;40006353;2108663;0;6188
FR;0;2022-06-02;1480;2615;11306;35571;1716;10862;36516;0;174;54498471;51849278;36694015;1854840;53589548;40017215;2145179;0;6362
FR;0;2022-06-03;1728;3085;13424;38729;2054;12789;39999;0;176;54500199;51852363;36707439;1893569;53591602;40030004;2185178;0;6538
FR;0;2022-06-04;975;1516;5046;9113;1076;5117;9649;0;73;54501174;51853879;36712485;1902682;53592678;40035121;2194827;0;6611
FR;0;2022-06-05;180;335;876;1108;205;887;1230;0;4;54501354;51854214;36713361;1903790;53592883;40036008;2196057;0;6615
FR;0;2022-06-06;884;1255;2124;1329;1079;2141;1510;0;13;54502238;51855469;36715485;1905119;53593962;40038149;2197567;0;6628
FR;0;2022-06-07;1498;2713;9856;35597;1793;9434;36824;0;153;54503736;51858182;36725341;1940716;53595755;40047583;2234391;0;6781
FR;0;2022-06-08;1585;2698;9178;28788;1941;9021;29754;0;112;54505321;51860880;36734519;1969504;53597696;40056604;2264145;0;6893
FR;0;2022-06-09;1297;2442;10621;39497;1555;10266;40272;0;167;54506618;51863322;36745140;2009001;53599251;40066870;2304417;0;7060
FR;0;2022-06-10;1630;3194;13104;44828;2160;12666;46153;0;223;54508248;51866516;36758244;2053829;53601411;40079536;2350570;0;7283
FR;0;2022-06-11;962;1738;5432;11627;1124;5465;12212;0;55;54509210;51868254;36763676;2065456;53602535;40085001;2362782;0;7338
FR;0;2022-06-12;202;446;1079;1765;255;1143;1866;0;11;54509412;51868700;36764755;2067221;53602790;40086144;2364648;0;7349
FR;0;2022-06-13;1125;2069;7439;23183;1343;7269;24099;0;90;54510537;51870769;36772194;2090404;53604133;40093413;2388747;0;7439
FR;0;2022-06-14;1346;2548;10448;44948;1598;9804;46144;0;200;54511883;51873317;36782642;2135352;53605731;40103217;2434891;0;7639
FR;0;2022-06-15;1527;2464;9326;30907;1932;8965;31597;0;179;54513410;51875781;36791968;2166259;53607663;40112182;2466488;0;7818
FR;0;2022-06-16;1188;2041;9918;39932;1276;9327;40953;0;201;54514598;51877822;36801886;2206191;53608939;40121509;2507441;0;8019
FR;0;2022-06-17;1494;2859;12513;46699;1788;11920;47935;0;240;54516092;51880681;36814399;2252890;53610727;40133429;2555376;0;8259
FR;0;2022-06-18;857;1527;4566;11125;1038;4501;11719;0;67;54516949;51882208;36818965;2264015;53611765;40137930;2567095;0;8326
FR;0;2022-06-19;183;363;1059;1615;208;1131;1701;0;14;54517132;51882571;36820024;2265630;53611973;40139061;2568796;0;8340
FR;0;2022-06-20;1027;1927;8908;26079;1203;8569;27020;0;156;54518159;51884498;36828932;2291709;53613176;40147630;2595816;0;8496
FR;0;2022-06-21;1328;2404;10310;49898;1541;9339;51283;0;264;54519487;51886902;36839242;2341607;53614717;40156969;2647099;0;8760
FR;0;2022-06-22;1397;2518;8920;39065;1807;8430;40007;0;256;54520884;51889420;36848162;2380672;53616524;40165399;2687106;0;9016
FR;0;2022-06-23;1229;2370;10679;55113;1365;9886;56245;0;320;54522113;51891790;36858841;2435785;53617889;40175285;2743351;0;9336
FR;0;2022-06-24;1493;2996;13646;69187;1751;12307;71006;0;405;54523606;51894786;36872487;2504972;53619640;40187592;2814357;0;9741
FR;0;2022-06-25;939;1781;6237;19922;1112;5990;20777;0;177;54524545;51896567;36878724;2524894;53620752;40193582;2835134;0;9918
FR;0;2022-06-26;229;459;1953;3688;259;1818;3966;0;39;54524774;51897026;36880677;2528582;53621011;40195400;2839100;0;9957
FR;0;2022-06-27;1134;2026;10493;48488;1179;9636;49756;0;339;54525908;51899052;36891170;2577070;53622190;40205036;2888856;0;10296
FR;0;2022-06-28;1463;2816;14672;91401;1584;13090;93171;0;623;54527371;51901868;36905842;2668471;53623774;40218126;2982027;0;10919
FR;0;2022-06-29;1712;2832;12293;71896;1845;11241;73037;0;548;54529083;51904700;36918135;2740367;53625619;40229367;3055064;0;11467
FR;0;2022-06-30;1537;2736;14395;95167;1660;12476;97185;0;724;54530620;51907436;36932530;2835534;53627279;40241843;3152249;0;12191
FR;0;2022-07-01;2016;3806;21506;115936;2309;18857;118586;0;954;54532636;51911242;36954036;2951470;53629588;40260700;3270835;0;13145
FR;0;2022-07-02;1088;1859;8528;35755;1108;7704;36876;0;342;54533724;51913101;36962564;2987225;53630696;40268404;3307711;0;13487
FR;0;2022-07-03;293;539;2095;6455;319;1898;6804;0;79;54534017;51913640;36964659;2993680;53631015;40270302;3314515;0;13566
FR;0;2022-07-04;1966;3472;14716;79233;2337;12995;81305;0;639;54535983;51917112;36979375;3072913;53633352;40283297;3395820;0;14205
FR;0;2022-07-05;1798;3171;18837;133264;1804;16018;135556;0;1146;54537781;51920283;36998212;3206177;53635156;40299315;3531376;0;15351
FR;0;2022-07-06;1845;2789;15856;99602;1850;13649;101170;0;900;54539626;51923072;37014068;3305779;53637006;40312964;3632546;0;16251
FR;0;2022-07-07;1714;2873;18009;126041;1713;14789;128368;0;1179;54541340;51925945;37032077;3431820;53638719;40327753;3760914;0;17430
FR;0;2022-07-08;1894;3153;20752;137088;1857;16765;140081;0;1347;54543234;51929098;37052829;3568908;53640576;40344518;3900995;0;18777
FR;0;2022-07-09;868;1464;7745;37928;883;6692;38769;0;426;54544102;51930562;37060574;3606836;53641459;40351210;3939764;0;19203
FR;0;2022-07-10;272;687;2346;7004;441;2125;7395;0;94;54544374;51931249;37062920;3613840;53641900;40353335;3947159;0;19297
FR;0;2022-07-11;1457;2480;15020;88287;1402;12514;90474;0;801;54545831;51933729;37077940;3702127;53643302;40365849;4037633;0;20098
FR;0;2022-07-12;1843;3120;20537;143973;1716;16733;146678;0;1604;54547674;51936849;37098477;3846100;53645018;40382582;4184311;0;21702
FR;0;2022-07-13;1782;2751;15697;94543;1661;13278;96402;0;1080;54549456;51939600;37114174;3940643;53646679;40395860;4280713;0;22782
FR;0;2022-07-14;186;370;1956;5540;220;1835;5707;0;82;54549642;51939970;37116130;3946183;53646899;40397695;4286420;0;22864
FR;0;2022-07-15;1486;2575;15117;84465;1441;12600;86624;0;1035;54551128;51942545;37131247;4030648;53648340;40410295;4373044;0;23899
FR;0;2022-07-16;627;1193;5950;24982;699;5156;25674;0;327;54551755;51943738;37137197;4055630;53649039;40415451;4398718;0;24226
FR;0;2022-07-17;182;395;1738;4666;218;1570;4938;0;66;54551937;51944133;37138935;4060296;53649257;40417021;4403656;0;24292
FR;0;2022-07-18;1132;2252;11828;61810;1342;9978;63673;0;780;54553069;51946385;37150763;4122106;53650599;40426999;4467329;0;25072
FR;0;2022-07-19;1423;2355;15475;103709;1396;12296;105898;0;1459;54554492;51948740;37166238;4225815;53651995;40439295;4573227;0;26531
FR;0;2022-07-20;1428;2301;12966;77586;1470;10739;79173;0;1051;54555920;51951041;37179204;4303401;53653465;40450034;4652400;0;27582
FR;0;2022-07-21;1288;2171;13098;88243;1371;10500;89728;0;1316;54557208;51953212;37192302;4391644;53654836;40460534;4742128;0;28898
FR;0;2022-07-22;1432;2489;14832;89552;1466;11974;91418;0;1347;54558640;51955701;37207134;4481196;53656302;40472508;4833546;0;30245
FR;0;2022-07-23;684;1310;5534;22482;821;4857;23080;0;411;54559324;51957011;37212668;4503678;53657123;40477365;4856626;0;30656
FR;0;2022-07-24;186;353;1400;3905;204;1242;4132;0;72;54559510;51957364;37214068;4507583;53657327;40478607;4860758;0;30728
FR;0;2022-07-25;1060;1797;9493;48081;1149;7845;49518;0;737;54560570;51959161;37223561;4555664;53658476;40486452;4910276;0;31465
FR;0;2022-07-26;1300;2213;13306;85438;1322;10828;87135;0;1311;54561870;51961374;37236867;4641102;53659798;40497280;4997411;0;32776
FR;0;2022-07-27;1226;2007;10236;61318;1340;8530;62522;0;971;54563096;51963381;37247103;4702420;53661138;40505810;5059933;0;33747
FR;0;2022-07-28;1093;1863;10313;64408;1259;8225;65638;0;1046;54564189;51965244;37257416;4766828;53662397;40514035;5125571;0;34793
FR;0;2022-07-29;1282;2078;11011;65898;1387;8765;67328;0;1140;54565471;51967322;37268427;4832726;53663784;40522800;5192899;0;35933
FR;0;2022-07-30;503;866;3523;15283;604;2973;15666;0;303;54565974;51968188;37271950;4848009;53664388;40525773;5208565;0;36236
FR;0;2022-07-31;154;289;929;2439;185;788;2588;0;49;54566128;51968477;37272879;4850448;53664573;40526561;5211153;0;36285
FR;0;2022-08-01;999;1669;7601;30239;1261;6400;31313;0;549;54567127;51970146;37280480;4880687;53665834;40532961;5242466;0;36834
FR;0;2022-08-02;1053;1651;8580;56119;1155;6894;56807;0;1170;54568180;51971797;37289060;4936806;53666989;40539855;5299273;0;38004
FR;0;2022-08-03;852;1265;6430;38681;902;5150;39419;0;702;54569032;51973062;37295490;4975487;53667891;40545005;5338692;0;38706
FR;0;2022-08-04;741;1186;6574;43161;782;5307;43725;0;917;54569773;51974248;37302064;5018648;53668673;40550312;5382417;0;39623
FR;0;2022-08-05;857;1364;7099;44969;972;5681;45629;0;993;54570630;51975612;37309163;5063617;53669645;40555993;5428046;0;40616
FR;0;2022-08-06;341;557;2101;9367;398;1759;9567;0;228;54570971;51976169;37311264;5072984;53670043;40557752;5437613;0;40844
FR;0;2022-08-07;104;160;536;1626;117;453;1702;0;38;54571075;51976329;37311800;5074610;53670160;40558205;5439315;0;40882
FR;0;2022-08-08;650;1164;4029;22109;920;3292;22544;0;490;54571725;51977493;37315829;5096719;53671080;40561497;5461859;0;41372
FR;0;2022-08-09;747;1167;5973;39955;853;4804;40446;0;844;54572472;51978660;37321802;5136674;53671933;40566301;5502305;0;42216
FR;0;2022-08-10;670;1290;4656;28058;1005;3797;28392;0;652;54573142;51979950;37326458;5164732;53672938;40570098;5530697;0;42868
FR;0;2022-08-11;640;1030;4493;29251;742;3713;29587;0;676;54573782;51980980;37330951;5193983;53673680;40573811;5560284;0;43544
FR;0;2022-08-12;849;1164;4748;28219;850;3919;28656;0;704;54574631;51982144;37335699;5222202;53674530;40577730;5588940;0;44248
FR;0;2022-08-13;355;428;1295;5260;325;1120;5419;0;121;54574986;51982572;37336994;5227462;53674855;40578850;5594359;0;44369
FR;0;2022-08-14;74;121;289;923;104;247;995;0;25;54575060;51982693;37337283;5228385;53674959;40579097;5595354;0;44394
FR;0;2022-08-15;117;232;610;564;198;558;618;0;19;54575177;51982925;37337893;5228949;53675157;40579655;5595972;0;44413
FR;0;2022-08-16;645;1078;3961;22178;840;3355;22371;0;615;54575822;51984003;37341854;5251127;53675997;40583010;5618343;0;45028
FR;0;2022-08-17;653;1041;3890;22897;816;3294;23142;0;620;54576475;51985044;37345744;5274024;53676813;40586304;5641485;0;45648
FR;0;2022-08-18;637;1002;4124;26308;806;3262;26541;0;673;54577112;51986046;37349868;5300332;53677619;40589566;5668026;0;46321
FR;0;2022-08-19;606;1167;4493;27259;875;3694;27565;0;766;54577718;51987213;37354361;5327591;53678494;40593260;5695591;0;47087
FR;0;2022-08-20;311;504;1356;5569;402;1171;5728;0;146;54578029;51987717;37355717;5333160;53678896;40594431;5701319;0;47233
FR;0;2022-08-21;97;135;305;1009;96;267;1044;0;27;54578126;51987852;37356022;5334169;53678992;40594698;5702363;0;47260
FR;0;2022-08-22;584;1002;3273;15358;781;2797;15688;0;425;54578710;51988854;37359295;5349527;53679773;40597495;5718051;0;47685
FR;0;2022-08-23;730;1179;4299;29002;852;3610;29091;0;870;54579440;51990033;37363594;5378529;53680625;40601105;5747142;0;48555
FR;0;2022-08-24;669;939;3496;19539;785;2858;19729;0;608;54580109;51990972;37367090;5398068;53681410;40603963;5766871;0;49163
FR;0;2022-08-25;626;1024;3946;23402;730;3294;23666;0;673;54580735;51991996;37371036;5421470;53682140;40607257;5790537;0;49836
FR;0;2022-08-26;862;1266;4478;25884;961;3671;26257;0;777;54581597;51993262;37375514;5447354;53683101;40610928;5816794;0;50613
FR;0;2022-08-27;297;500;1379;5469;362;1244;5533;0;194;54581894;51993762;37376893;5452823;53683463;40612172;5822327;0;50807
FR;0;2022-08-28;125;163;303;920;117;288;965;0;38;54582019;51993925;37377196;5453743;53683580;40612460;5823292;0;50845
FR;0;2022-08-29;621;970;3076;14663;770;2614;14969;0;433;54582640;51994895;37380272;5468406;53684350;40615074;5838261;0;51278
FR;0;2022-08-30;854;1224;4796;28544;900;3914;28874;0;823;54583494;51996119;37385068;5496950;53685250;40618988;5867135;0;52101
FR;0;2022-08-31;697;958;3207;17645;745;2718;17909;0;508;54584191;51997077;37388275;5514595;53685995;40621706;5885044;0;52609
FR;0;2022-09-01;754;997;4480;22490;708;3827;22765;0;623;54584945;51998074;37392755;5537085;53686703;40625533;5907809;0;53232
FR;0;2022-09-02;955;1158;5044;28612;846;4257;28906;0;914;54585900;51999232;37397799;5565697;53687549;40629790;5936715;0;54146
FR;0;2022-09-03;420;571;1919;6086;425;1666;6323;0;181;54586320;51999803;37399718;5571783;53687974;40631456;5943038;0;54327
FR;0;2022-09-04;134;150;351;876;85;347;945;0;24;54586454;51999953;37400069;5572659;53688059;40631803;5943983;0;54351
FR;0;2022-09-05;757;916;3178;16065;736;2658;16379;0;523;54587211;52000869;37403247;5588724;53688795;40634461;5960362;0;54874
FR;0;2022-09-06;907;1051;4740;31851;681;3873;32080;0;1040;54588118;52001920;37407987;5620575;53689476;40638334;5992442;0;55914
FR;0;2022-09-07;713;786;2998;16822;569;2479;16971;0;573;54588831;52002706;37410985;5637397;53690045;40640813;6009413;0;56487
FR;0;2022-09-08;632;862;3810;24866;597;3142;24957;0;818;54589463;52003568;37414795;5662263;53690642;40643955;6034370;0;57305
FR;0;2022-09-09;846;1022;4444;27660;662;3686;27836;0;951;54590309;52004590;37419239;5689923;53691304;40647641;6062206;0;58256
FR;0;2022-09-10;405;647;1738;5711;472;1538;5917;0;207;54590714;52005237;37420977;5695634;53691776;40649179;6068123;0;58463
FR;0;2022-09-11;124;131;324;657;93;307;716;0;17;54590838;52005368;37421301;5696291;53691869;40649486;6068839;0;58480
FR;0;2022-09-12;520;646;2690;13297;463;2295;13590;0;478;54591358;52006014;37423991;5709588;53692332;40651781;6082429;0;58958
FR;0;2022-09-13;673;872;3997;26517;561;3486;26398;0;875;54592031;52006886;37427988;5736105;53692893;40655267;6108827;0;59833
FR;0;2022-09-14;707;802;2968;16188;594;2485;16421;0;573;54592738;52007688;37430956;5752293;53693487;40657752;6125248;0;60406
FR;0;2022-09-15;578;846;3476;23586;598;2965;23655;0;728;54593316;52008534;37434432;5775879;53694085;40660717;6148903;0;61134
FR;0;2022-09-16;799;1048;4145;25915;732;3487;26138;0;932;54594115;52009582;37438577;5801794;53694817;40664204;6175041;0;62066
FR;0;2022-09-17;395;513;1454;6146;392;1284;6238;0;243;54594510;52010095;37440031;5807940;53695209;40665488;6181279;0;62309
FR;0;2022-09-18;117;144;323;962;123;291;1017;0;37;54594627;52010239;37440354;5808902;53695332;40665779;6182296;0;62346
FR;0;2022-09-19;482;648;2262;13219;451;1936;13402;0;436;54595109;52010887;37442616;5822121;53695783;40667715;6195698;0;62782
FR;0;2022-09-20;646;901;3790;26462;656;3157;26516;0;893;54595755;52011788;37446406;5848583;53696439;40670872;6222214;0;63675
FR;0;2022-09-21;590;775;2740;16258;579;2355;16249;0;586;54596345;52012563;37449146;5864841;53697018;40673227;6238463;0;64261
FR;0;2022-09-22;601;851;3424;23595;574;2797;23819;0;774;54596946;52013414;37452570;5888436;53697592;40676024;6262282;0;65035
FR;0;2022-09-23;838;1051;4495;28730;773;3764;28901;0;1020;54597784;52014465;37457065;5917166;53698365;40679788;6291183;0;66055
FR;0;2022-09-24;427;614;1647;6906;474;1420;7091;0;307;54598211;52015079;37458712;5924072;53698839;40681208;6298274;0;66362
FR;0;2022-09-25;99;194;336;1101;149;307;1143;0;37;54598310;52015273;37459048;5925173;53698988;40681515;6299417;0;66399
FR;0;2022-09-26;438;715;2299;13544;485;2019;13649;0;435;54598748;52015988;37461347;5938717;53699473;40683534;6313066;0;66834
FR;0;2022-09-27;612;844;3627;25944;614;2910;26099;0;959;54599360;52016832;37464974;5964661;53700087;40686444;6339165;0;67793
FR;0;2022-09-28;635;828;2557;15404;635;2305;15517;0;622;54599995;52017660;37467531;5980065;53700722;40688749;6354682;0;68415
FR;0;2022-09-29;566;768;3134;21052;546;2647;21081;43;810;54600561;52018428;37470665;6001117;53701268;40691396;6375763;43;69225
FR;0;2022-09-30;787;1125;3956;25563;844;3302;25830;715;1052;54601348;52019553;37474621;6026680;53702112;40694698;6401593;758;70277
FR;0;2022-10-01;431;680;2009;5975;528;1737;6212;396;318;54601779;52020233;37476630;6032655;53702640;40696435;6407805;1154;70595
FR;0;2022-10-02;63;136;218;639;97;215;665;66;42;54601842;52020369;37476848;6033294;53702737;40696650;6408470;1220;70637
FR;0;2022-10-03;585;943;2468;12053;776;2194;12231;2074;745;54602427;52021312;37479316;6045347;53703513;40698844;6420701;3294;71382
FR;0;2022-10-04;717;832;3394;23508;578;2785;23685;4704;1585;54603144;52022144;37482710;6068855;53704091;40701629;6444386;7998;72967
FR;0;2022-10-05;602;852;2448;14607;631;2163;14748;3656;1210;54603746;52022996;37485158;6083462;53704722;40703792;6459134;11654;74177
FR;0;2022-10-06;549;741;3089;21688;542;2521;21898;6668;1909;54604295;52023737;37488247;6105150;53705264;40706313;6481032;18322;76086
FR;0;2022-10-07;733;1011;4128;30309;739;3477;30398;16874;3204;54605028;52024748;37492375;6135459;53706003;40709790;6511430;35196;79290
FR;0;2022-10-08;355;521;1651;8432;383;1410;8601;6699;1170;54605383;52025269;37494026;6143891;53706386;40711200;6520031;41895;80460
FR;0;2022-10-09;109;138;337;1587;112;312;1650;1511;297;54605492;52025407;37494363;6145478;53706498;40711512;6521681;43406;80757
FR;0;2022-10-10;497;823;2932;20563;639;2523;20885;19595;3272;54605989;52026230;37497295;6166041;53707137;40714035;6542566;63001;84029
FR;0;2022-10-11;598;813;4269;40321;553;3572;40665;40162;6381;54606587;52027043;37501564;6206362;53707690;40717607;6583231;103163;90410
FR;0;2022-10-12;597;857;3268;26756;639;2775;27086;27302;4691;54607184;52027900;37504832;6233118;53708329;40720382;6610317;130465;95101
FR;0;2022-10-13;624;818;4016;38463;609;3137;38922;40607;6607;54607808;52028718;37508848;6271581;53708938;40723519;6649239;171072;101708
FR;0;2022-10-14;761;1071;4870;47667;782;3954;48142;51133;7863;54608569;52029789;37513718;6319248;53709720;40727473;6697381;222205;109571
FR;0;2022-10-15;368;582;1867;11851;421;1629;11965;13091;2274;54608937;52030371;37515585;6331099;53710141;40729102;6709346;235296;111845
FR;0;2022-10-16;92;135;372;1967;85;356;2012;2347;479;54609029;52030506;37515957;6333066;53710226;40729458;6711358;237643;112324
FR;0;2022-10-17;438;711;3042;26466;495;2485;26838;30794;5410;54609467;52031217;37518999;6359532;53710721;40731943;6738196;268437;117734
FR;0;2022-10-18;604;736;4704;46101;535;3762;46664;55449;11701;54610071;52031953;37523703;6405633;53711256;40735705;6784860;323886;129435
FR;0;2022-10-19;565;818;3642;34375;623;3074;34743;42461;9251;54610636;52032771;37527345;6440008;53711879;40738779;6819603;366347;138686
FR;0;2022-10-20;615;803;4843;49463;591;3730;50120;60531;12936;54611251;52033574;37532188;6489471;53712470;40742509;6869723;426878;151622
FR;0;2022-10-21;690;993;5710;57041;708;4519;57711;70964;14299;54611941;52034567;37537898;6546512;53713178;40747028;6927434;497842;165921
FR;0;2022-10-22;334;413;1654;12949;333;1320;13106;15938;3386;54612275;52034980;37539552;6559461;53713511;40748348;6940540;513780;169307
FR;0;2022-10-23;97;107;350;2064;102;266;2166;2758;631;54612372;52035087;37539902;6561525;53713613;40748614;6942706;516538;169938
FR;0;2022-10-24;551;597;3137;27134;422;2687;27562;35493;7809;54612923;52035684;37543039;6588659;53714035;40751301;6970268;552031;177747
FR;0;2022-10-25;596;725;4870;49114;535;3801;49788;65248;15448;54613519;52036409;37547909;6637773;53714570;40755102;7020056;617279;193195
FR;0;2022-10-26;532;645;3474;32622;483;2900;32928;43999;11023;54614051;52037054;37551383;6670395;53715053;40758002;7052984;661278;204218
FR;0;2022-10-27;592;697;4080;40795;498;3347;41272;54475;13137;54614643;52037751;37555463;6711190;53715551;40761349;7094256;715753;217355
FR;0;2022-10-28;703;868;4610;44187;631;3505;45006;58274;13186;54615346;52038619;37560073;6755377;53716182;40764854;7139262;774027;230541
FR;0;2022-10-29;260;361;1328;9498;259;1082;9632;12523;3012;54615606;52038980;37561401;6764875;53716441;40765936;7148894;786550;233553
FR;0;2022-10-30;87;118;287;1598;94;249;1646;2145;540;54615693;52039098;37561688;6766473;53716535;40766185;7150540;788695;234093
FR;0;2022-10-31;381;489;2075;16062;358;1626;16427;22205;5503;54616074;52039587;37563763;6782535;53716893;40767811;7166967;810900;239596
FR;0;2022-11-01;118;191;928;1123;149;961;1166;1697;504;54616192;52039778;37564691;6783658;53717042;40768772;7168133;812597;240100
FR;0;2022-11-02;518;675;3037;25403;504;2583;25879;36642;10133;54616710;52040453;37567728;6809061;53717546;40771355;7194012;849239;250233
FR;0;2022-11-03;646;702;4114;40064;535;3118;40796;57039;15379;54617356;52041155;37571842;6849125;53718081;40774473;7234808;906278;265612
FR;0;2022-11-04;657;830;4425;43659;576;3518;44278;60534;15248;54618013;52041985;37576267;6892784;53718657;40777991;7279086;966812;280860
FR;0;2022-11-05;255;367;1450;9716;290;1166;9925;13463;3294;54618268;52042352;37577717;6902500;53718947;40779157;7289011;980275;284154
FR;0;2022-11-06;94;117;263;1602;100;246;1631;2337;653;54618362;52042469;37577980;6904102;53719047;40779403;7290642;982612;284807
FR;0;2022-11-07;511;598;2763;26769;511;2249;27401;39119;11006;54618873;52043067;37580743;6930871;53719558;40781652;7318043;1021731;295813
FR;0;2022-11-08;649;813;5004;51999;600;3840;53003;74287;20078;54619522;52043880;37585747;6982870;53720158;40785492;7371046;1096018;315891
FR;0;2022-11-09;527;696;3363;31610;520;2691;32386;46363;13233;54620049;52044576;37589110;7014480;53720678;40788183;7403432;1142381;329124
FR;0;2022-11-10;626;966;4577;43680;717;3628;44580;62858;17354;54620675;52045542;37593687;7058160;53721395;40791811;7448012;1205239;346478
FR;0;2022-11-11;82;119;370;1664;87;313;1727;2799;1012;54620757;52045661;37594057;7059824;53721482;40792124;7449739;1208038;347490
FR;0;2022-11-12;212;350;1195;7102;259;978;7337;10289;2765;54620969;52046011;37595252;7066926;53721741;40793102;7457076;1218327;350255
FR;0;2022-11-13;71;115;249;1208;94;213;1262;1978;628;54621040;52046126;37595501;7068134;53721835;40793315;7458338;1220305;350883
FR;0;2022-11-14;447;530;2589;23994;377;2066;24628;36204;10889;54621487;52046656;37598090;7092128;53722212;40795381;7482966;1256509;361772
FR;0;2022-11-15;616;881;4330;45056;706;3373;46004;66920;19627;54622103;52047537;37602420;7137184;53722918;40798754;7528970;1323429;381399
FR;0;2022-11-16;561;678;3071;28595;549;2578;29131;43256;13312;54622664;52048215;37605491;7165779;53723467;40801332;7558101;1366685;394711
FR;0;2022-11-17;571;688;3826;39251;535;2986;39858;58356;17407;54623235;52048903;37609317;7205030;53724002;40804318;7597959;1425041;412118
FR;0;2022-11-18;625;783;4607;45145;598;3457;46051;65714;18349;54623860;52049686;37613924;7250175;53724600;40807775;7644010;1490755;430467
FR;0;2022-11-19;270;344;1502;9806;277;1098;10001;14323;4009;54624130;52050030;37615426;7259981;53724877;40808873;7654011;1505078;434476
FR;0;2022-11-20;79;188;304;1698;170;261;1772;2717;859;54624209;52050218;37615730;7261679;53725047;40809134;7655783;1507795;435335
FR;0;2022-11-21;438;513;2425;21448;351;1955;22018;33132;10347;54624647;52050731;37618155;7283127;53725398;40811089;7677801;1540927;445682
FR;0;2022-11-22;539;609;4031;39832;437;3167;40406;59776;18252;54625186;52051340;37622186;7322959;53725835;40814256;7718207;1600703;463934
FR;0;2022-11-23;475;568;2759;26027;415;2325;26518;40396;12888;54625661;52051908;37624945;7348986;53726250;40816581;7744725;1641099;476822
FR;0;2022-11-24;514;608;3768;37158;432;2964;37870;56832;17943;54626175;52052516;37628713;7386144;53726682;40819545;7782595;1697931;494765
FR;0;2022-11-25;579;732;4187;40149;585;3148;40992;59635;17476;54626754;52053248;37632900;7426293;53727267;40822693;7823587;1757566;512241
FR;0;2022-11-26;301;339;1335;9371;263;1064;9512;13999;3971;54627055;52053587;37634235;7435664;53727530;40823757;7833099;1771565;516212
FR;0;2022-11-27;74;88;268;1661;70;228;1689;2554;805;54627129;52053675;37634503;7437325;53727600;40823985;7834788;1774119;517017
FR;0;2022-11-28;419;482;2638;24800;363;1982;25539;38464;12200;54627548;52054157;37637141;7462125;53727963;40825967;7860327;1812583;529217
FR;0;2022-11-29;499;611;4401;46526;381;3291;47254;71104;22321;54628047;52054768;37641542;7508651;53728344;40829258;7907581;1883687;551538
FR;0;2022-11-30;508;700;3740;36926;501;2898;37732;56327;17230;54628555;52055468;37645282;7545577;53728845;40832156;7945313;1940014;568768
FR;0;2022-12-01;535;681;5320;51889;460;3912;52697;79674;25237;54629090;52056149;37650602;7597466;53729305;40836068;7998010;2019688;594005
FR;0;2022-12-02;643;747;6173;61542;532;4381;62775;92445;27454;54629733;52056896;37656775;7659008;53729837;40840449;8060785;2112133;621459
FR;0;2022-12-03;305;348;2287;18051;226;1629;18480;26729;7618;54630038;52057244;37659062;7677059;53730063;40842078;8079265;2138862;629077
FR;0;2022-12-04;97;124;524;4305;91;434;4356;6441;1856;54630135;52057368;37659586;7681364;53730154;40842512;8083621;2145303;630933
FR;0;2022-12-05;472;606;4312;44701;442;2922;45668;69041;21908;54630607;52057974;37663898;7726065;53730596;40845434;8129289;2214344;652841
FR;0;2022-12-06;633;762;6854;78299;501;4657;79820;121754;39599;54631240;52058736;37670752;7804364;53731097;40850091;8209109;2336098;692440
FR;0;2022-12-07;558;650;5365;58158;485;3611;59305;90515;29572;54631798;52059386;37676117;7862522;53731582;40853702;8268414;2426613;722012
FR;0;2022-12-08;609;716;6990;79672;456;4593;81367;124176;40871;54632407;52060102;37683107;7942194;53732038;40858295;8349781;2550789;762883
FR;0;2022-12-09;784;843;8683;95684;555;5735;97578;147344;46802;54633191;52060945;37691790;8037878;53732593;40864030;8447359;2698133;809685
FR;0;2022-12-10;409;494;3827;33959;338;2481;34856;50558;14712;54633600;52061439;37695617;8071837;53732931;40866511;8482215;2748691;824397
FR;0;2022-12-11;132;141;993;8362;101;687;8567;12255;3276;54633732;52061580;37696610;8080199;53733032;40867198;8490782;2760946;827673
FR;0;2022-12-12;521;592;6380;67480;382;4135;69074;106288;34845;54634253;52062172;37702990;8147679;53733414;40871333;8559856;2867234;862518
FR;0;2022-12-13;708;786;9051;103605;494;5636;106197;164927;55104;54634961;52062958;37712041;8251284;53733908;40876969;8666053;3032161;917622
FR;0;2022-12-14;592;720;6824;73345;483;4554;75026;116999;38769;54635553;52063678;37718865;8324629;53734391;40881523;8741079;3149160;956391
FR;0;2022-12-15;660;880;8899;95930;571;5722;98245;153328;51775;54636213;52064558;37727764;8420559;53734962;40887245;8839324;3302488;1008166
FR;0;2022-12-16;826;977;9779;104821;651;6460;107063;166528;55328;54637039;52065535;37737543;8525380;53735613;40893705;8946387;3469016;1063494
FR;0;2022-12-17;345;429;3504;31802;293;2296;32594;48444;14449;54637384;52065964;37741047;8557182;53735906;40896001;8978981;3517460;1077943
FR;0;2022-12-18;93;127;789;6334;81;542;6484;9629;2752;54637477;52066091;37741836;8563516;53735987;40896543;8985465;3527089;1080695
FR;0;2022-12-19;590;618;5756;56219;434;3683;57851;90266;30088;54638067;52066709;37747592;8619735;53736421;40900226;9043316;3617355;1110783
FR;0;2022-12-20;742;791;7953;79859;527;5247;82005;130828;45058;54638809;52067500;37755545;8699594;53736948;40905473;9125321;3748183;1155841
FR;0;2022-12-21;599;628;5337;50979;440;3589;52330;84185;29336;54639408;52068128;37760882;8750573;53737388;40909062;9177651;3832368;1185177
FR;0;2022-12-22;646;668;4914;46284;466;3436;47520;76902;26910;54640054;52068796;37765796;8796857;53737854;40912498;9225171;3909270;1212087
FR;0;2022-12-23;478;585;3448;26235;421;2631;26896;43415;14908;54640532;52069381;37769244;8823092;53738275;40915129;9252067;3952685;1226995
FR;0;2022-12-24;105;108;446;2708;80;337;2832;4289;1231;54640637;52069489;37769690;8825800;53738355;40915466;9254899;3956974;1228226
FR;0;2022-12-25;34;43;134;566;34;106;592;926;273;54640671;52069532;37769824;8826366;53738389;40915572;9255491;3957900;1228499
FR;0;2022-12-26;369;391;2500;16934;291;1823;17573;27620;8833;54641040;52069923;37772324;8843300;53738680;40917395;9273064;3985520;1237332
FR;0;2022-12-27;539;660;4218;33729;444;2953;34880;56729;19744;54641579;52070583;37776542;8877029;53739124;40920348;9307944;4042249;1257076
FR;0;2022-12-28;478;518;3241;25716;352;2317;26337;42942;14843;54642057;52071101;37779783;8902745;53739476;40922665;9334281;4085191;1271919
FR;0;2022-12-29;431;541;3424;26589;353;2408;27596;45108;15660;54642488;52071642;37783207;8929334;53739829;40925073;9361877;4130299;1287579
FR;0;2022-12-30;462;505;2631;19576;363;1867;20248;32640;11002;54642950;52072147;37785838;8948910;53740192;40926940;9382125;4162939;1298581
FR;0;2022-12-31;137;157;508;3189;121;413;3333;4945;1338;54643087;52072304;37786346;8952099;53740313;40927353;9385458;4167884;1299919
FR;0;2023-01-01;25;45;177;711;27;149;737;1026;246;54643112;52072349;37786523;8952810;53740340;40927502;9386195;4168910;1300165
FR;0;2023-01-02;522;568;3009;19033;394;2323;19513;32981;12074;54643634;52072917;37789532;8971843;53740734;40929825;9405708;4201891;1312239
FR;0;2023-01-03;666;682;4760;44186;461;3371;45131;82780;34819;54644300;52073599;37794292;9016029;53741195;40933196;9450839;4284671;1347058
FR;0;2023-01-04;540;599;3872;31103;408;2764;31917;59882;25824;54644840;52074198;37798164;9047132;53741603;40935960;9482756;4344553;1372882
FR;0;2023-01-05;668;758;4687;43309;559;3191;44242;84048;37175;54645508;52074956;37802851;9090441;53742162;40939151;9526998;4428601;1410057
FR;0;2023-01-06;746;859;5526;48576;581;3664;49637;92101;39512;54646254;52075815;37808377;9139017;53742743;40942815;9576635;4520702;1449569
FR;0;2023-01-07;348;412;1948;12935;301;1414;13256;23034;8767;54646602;52076227;37810325;9151952;53743044;40944229;9589891;4543736;1458336
FR;0;2023-01-08;104;144;495;2918;100;356;3015;5231;1992;54646706;52076371;37810820;9154870;53743144;40944585;9592906;4548967;1460328
FR;0;2023-01-09;580;631;2862;22346;453;2063;22931;45852;21214;54647286;52077002;37813682;9177216;53743597;40946648;9615837;4594819;1481542
FR;0;2023-01-10;616;774;4819;41573;537;3448;42403;87020;41785;54647902;52077776;37818501;9218789;53744134;40950096;9658240;4681839;1523327
FR;0;2023-01-11;502;601;3143;25101;439;2285;25635;52857;25235;54648404;52078377;37821644;9243890;53744573;40952381;9683875;4734696;1548562
FR;0;2023-01-12;602;689;3983;34349;467;2884;34973;72503;35100;54649006;52079066;37825627;9278239;53745040;40955265;9718848;4807199;1583662
FR;0;2023-01-13;758;806;4381;36229;560;3153;36878;74631;35214;54649764;52079872;37830008;9314468;53745600;40958418;9755726;4881830;1618876
FR;0;2023-01-14;353;345;1585;9307;236;1197;9499;17763;7417;54650117;52080217;37831593;9323775;53745836;40959615;9765225;4899593;1626293
FR;0;2023-01-15;100;135;378;1567;91;290;1678;3254;1405;54650217;52080352;37831971;9325342;53745927;40959905;9766903;4902847;1627698
FR;0;2023-01-16;425;480;2382;16347;333;1789;16609;35990;18101;54650642;52080832;37834353;9341689;53746260;40961694;9783512;4938837;1645799
FR;0;2023-01-17;504;594;3539;29061;409;2567;29623;65748;33910;54651146;52081426;37837892;9370750;53746669;40964261;9813135;5004585;1679709
FR;0;2023-01-18;471;561;2370;17447;408;1838;17760;39169;19884;54651617;52081987;37840262;9388197;53747077;40966099;9830895;5043754;1699593
FR;0;2023-01-19;505;521;2874;23070;355;2136;23419;52293;27008;54652122;52082508;37843136;9411267;53747432;40968235;9854314;5096047;1726601
FR;0;2023-01-20;635;701;3470;25804;502;2626;26288;57776;29429;54652757;52083209;37846606;9437071;53747934;40970861;9880602;5153823;1756030
FR;0;2023-01-21;261;306;1141;6423;221;880;6532;13244;6020;54653018;52083515;37847747;9443494;53748155;40971741;9887134;5167067;1762050
FR;0;2023-01-22;47;65;180;880;34;156;930;1922;874;54653065;52083580;37847927;9444374;53748189;40971897;9888064;5168989;1762924
FR;0;2023-01-23;322;414;1739;11041;272;1304;11266;27226;14820;54653387;52083994;37849666;9455415;53748461;40973201;9899330;5196215;1777744
FR;0;2023-01-24;476;530;2596;20714;374;1945;21024;51016;28310;54653863;52084524;37852262;9476129;53748835;40975146;9920354;5247231;1806054
FR;0;2023-01-25;407;553;1952;12616;396;1482;13046;30757;16452;54654270;52085077;37854214;9488745;53749231;40976628;9933400;5277988;1822506
FR;0;2023-01-26;436;528;2384;17189;383;1789;17497;42462;23402;54654706;52085605;37856598;9505934;53749614;40978417;9950897;5320450;1845908
FR;0;2023-01-27;527;776;2655;18534;601;2016;18782;45076;24579;54655233;52086381;37859253;9524468;53750215;40980433;9969679;5365526;1870487
FR;0;2023-01-28;237;291;866;4521;234;691;4640;9986;4751;54655470;52086672;37860119;9528989;53750449;40981124;9974319;5375512;1875238
FR;0;2023-01-29;42;72;124;466;55;102;504;1098;548;54655512;52086744;37860243;9529455;53750504;40981226;9974823;5376610;1875786
FR;0;2023-01-30;366;449;1343;8289;321;1111;8482;20944;11435;54655878;52087193;37861586;9537744;53750825;40982337;9983305;5397554;1887221
FR;0;2023-01-31;426;490;2047;14114;333;1531;14357;36869;21257;54656304;52087683;37863633;9551858;53751158;40983868;9997662;5434423;1908478
FR;0;2023-02-01;411;529;1724;8351;402;1470;8509;22202;12597;54656715;52088212;37865357;9560209;53751560;40985338;10006171;5456625;1921075
FR;0;2023-02-02;369;503;1726;11901;344;1433;12109;31662;18252;54657084;52088715;37867083;9572110;53751904;40986771;10018280;5488287;1939327
FR;0;2023-02-03;479;653;2064;12625;488;1646;12805;33759;19454;54657563;52089368;37869147;9584735;53752392;40988417;10031085;5522046;1958781
FR;0;2023-02-04;197;277;672;3135;238;565;3180;7452;3823;54657760;52089645;37869819;9587870;53752630;40988982;10034265;5529498;1962604
FR;0;2023-02-05;25;65;89;245;42;87;261;589;284;54657785;52089710;37869908;9588115;53752672;40989069;10034526;5530087;1962888
FR;0;2023-02-06;310;353;1100;5420;284;865;5603;15381;9055;54658095;52090063;37871008;9593535;53752956;40989934;10040129;5545468;1971943
FR;0;2023-02-07;350;496;1607;9740;365;1320;9894;28175;16893;54658445;52090559;37872615;9603275;53753321;40991254;10050023;5573643;1988836
FR;0;2023-02-08;301;390;1129;6066;309;917;6232;16992;9763;54658746;52090949;37873744;9609341;53753630;40992171;10056255;5590635;1998599
FR;0;2023-02-09;340;475;1304;7908;346;1111;8089;22832;13693;54659086;52091424;37875048;9617249;53753976;40993282;10064344;5613467;2012292
FR;0;2023-02-10;467;548;1518;8357;434;1277;8503;23758;13957;54659553;52091972;37876566;9625606;53754410;40994559;10072847;5637225;2026249
FR;0;2023-02-11;169;222;583;2149;179;512;2237;5434;2769;54659722;52092194;37877149;9627755;53754589;40995071;10075084;5642659;2029018
FR;0;2023-02-12;41;48;62;175;47;56;197;440;208;54659763;52092242;37877211;9627930;53754636;40995127;10075281;5643099;2029226
FR;0;2023-02-13;232;334;753;3343;260;686;3434;9600;5496;54659995;52092576;37877964;9631273;53754896;40995813;10078715;5652699;2034722
FR;0;2023-02-14;297;376;1184;5966;274;1005;6113;17545;10418;54660292;52092952;37879148;9637239;53755170;40996818;10084828;5670244;2045140
FR;0;2023-02-15;289;400;968;4076;295;843;4254;12217;7169;54660581;52093352;37880116;9641315;53755465;40997661;10089082;5682461;2052309
FR;0;2023-02-16;264;403;1160;5202;267;1014;5349;15057;8761;54660845;52093755;37881276;9646517;53755732;40998675;10094431;5697518;2061070
FR;0;2023-02-17;371;473;1314;5480;382;1153;5702;16394;9637;54661216;52094228;37882590;9651997;53756114;40999828;10100133;5713912;2070707
FR;0;2023-02-18;162;217;563;1627;172;492;1697;4062;2050;54661378;52094445;37883153;9653624;53756286;41000320;10101830;5717974;2072757
FR;0;2023-02-19;37;38;49;139;35;40;141;338;167;54661415;52094483;37883202;9653763;53756321;41000360;10101971;5718312;2072924
FR;0;2023-02-20;246;347;712;2850;260;670;2970;8513;4882;54661661;52094830;37883914;9656613;53756581;41001030;10104941;5726825;2077806
FR;0;2023-02-21;269;413;1071;4530;268;934;4740;13982;8261;54661930;52095243;37884985;9661143;53756849;41001964;10109681;5740807;2086067
FR;0;2023-02-22;244;372;738;2943;284;700;2982;9073;5313;54662174;52095615;37885723;9664086;53757133;41002664;10112663;5749880;2091380
FR;0;2023-02-23;226;362;934;3995;248;839;4180;12234;7147;54662400;52095977;37886657;9668081;53757381;41003503;10116843;5762114;2098527
FR;0;2023-02-24;289;469;1040;4399;348;910;4595;12961;7424;54662689;52096446;37887697;9672480;53757729;41004413;10121438;5775075;2105951
FR;0;2023-02-25;125;167;446;1192;146;362;1272;3183;1621;54662814;52096613;37888143;9673672;53757875;41004775;10122710;5778258;2107572
FR;0;2023-02-26;20;27;34;101;27;35;113;256;111;54662834;52096640;37888177;9673773;53757902;41004810;10122823;5778514;2107683
FR;0;2023-02-27;213;327;602;1995;254;584;2066;6559;3943;54663047;52096967;37888779;9675768;53758156;41005394;10124889;5785073;2111626
FR;0;2023-02-28;267;369;834;3576;251;805;3714;12138;7476;54663314;52097336;37889613;9679344;53758407;41006199;10128603;5797211;2119102
FR;0;2023-03-01;226;343;827;1995;282;756;2176;6604;3927;54663540;52097679;37890440;9681339;53758689;41006955;10130779;5803815;2123029
FR;0;2023-03-02;218;313;845;2985;226;725;3200;10076;6259;54663758;52097992;37891285;9684324;53758915;41007680;10133979;5813891;2129288
FR;0;2023-03-03;325;466;1029;3673;353;921;3811;11751;6936;54664083;52098458;37892314;9687997;53759268;41008601;10137790;5825642;2136224
FR;0;2023-03-04;129;217;406;1081;158;388;1096;2788;1371;54664212;52098675;37892720;9689078;53759426;41008989;10138886;5828430;2137595
FR;0;2023-03-05;23;25;27;52;22;30;53;199;113;54664235;52098700;37892747;9689130;53759448;41009019;10138939;5828629;2137708
FR;0;2023-03-06;224;267;534;1418;191;515;1493;4723;2722;54664459;52098967;37893281;9690548;53759639;41009534;10140432;5833352;2140430
FR;0;2023-03-07;188;314;654;2353;218;610;2444;7930;4877;54664647;52099281;37893935;9692901;53759857;41010144;10142876;5841282;2145307
FR;0;2023-03-08;157;282;521;1438;217;460;1530;4973;2916;54664804;52099563;37894456;9694339;53760074;41010604;10144406;5846255;2148223
FR;0;2023-03-09;166;279;629;2002;189;599;2071;7136;4405;54664970;52099842;37895085;9696341;53760263;41011203;10146477;5853391;2152628
FR;0;2023-03-10;320;453;883;2614;337;810;2736;8935;5349;54665290;52100295;37895968;9698955;53760600;41012013;10149213;5862326;2157977
FR;0;2023-03-11;126;175;351;801;133;311;852;2299;1179;54665416;52100470;37896319;9699756;53760733;41012324;10150065;5864625;2159156
FR;0;2023-03-12;10;24;30;62;23;30;63;177;87;54665426;52100494;37896349;9699818;53760756;41012354;10150128;5864802;2159243
FR;0;2023-03-13;140;217;469;1146;162;424;1205;3765;2133;54665566;52100711;37896818;9700964;53760918;41012778;10151333;5868567;2161376
FR;0;2023-03-14;196;278;644;1891;190;632;1970;6766;4112;54665762;52100989;37897462;9702855;53761108;41013410;10153303;5875333;2165488
FR;0;2023-03-15;158;247;500;1207;199;474;1281;4310;2534;54665920;52101236;37897962;9704062;53761307;41013884;10154584;5879643;2168022
FR;0;2023-03-16;174;267;624;1641;199;572;1750;5937;3570;54666094;52101503;37898586;9705703;53761506;41014456;10156334;5885580;2171592
FR;0;2023-03-17;279;355;792;2040;268;712;2183;7290;4361;54666373;52101858;37899378;9707743;53761774;41015168;10158517;5892870;2175953
FR;0;2023-03-18;123;162;436;605;114;425;676;2033;1043;54666496;52102020;37899814;9708348;53761888;41015593;10159193;5894903;2176996
FR;0;2023-03-19;20;18;24;53;19;12;59;125;54;54666516;52102038;37899838;9708401;53761907;41015605;10159252;5895028;2177050
FR;0;2023-03-20;149;257;477;1066;168;484;1140;3809;2160;54666665;52102295;37900315;9709467;53762075;41016089;10160392;5898837;2179210
FR;0;2023-03-21;210;279;667;1622;198;634;1819;6508;3918;54666875;52102574;37900982;9711089;53762273;41016723;10162211;5905345;2183128
FR;0;2023-03-22;196;241;479;1037;189;458;1156;3939;2288;54667071;52102815;37901461;9712126;53762462;41017181;10163367;5909284;2185416
FR;0;2023-03-23;162;239;585;1405;165;528;1498;5146;3037;54667233;52103054;37902046;9713531;53762627;41017709;10164865;5914430;2188453
FR;0;2023-03-24;238;391;916;1782;287;859;1963;6612;3810;54667471;52103445;37902962;9715313;53762914;41018568;10166828;5921042;2192263
FR;0;2023-03-25;125;167;340;573;136;301;648;1781;836;54667596;52103612;37903302;9715886;53763050;41018869;10167476;5922823;2193099
FR;0;2023-03-26;9;17;25;31;11;25;33;92;47;54667605;52103629;37903327;9715917;53763061;41018894;10167509;5922915;2193146
FR;0;2023-03-27;224;254;512;890;208;490;991;3435;1951;54667829;52103883;37903839;9716807;53763269;41019384;10168500;5926350;2195097
FR;0;2023-03-28;184;247;588;1580;172;541;1710;6170;3707;54668013;52104130;37904427;9718387;53763441;41019925;10170210;5932520;2198804
FR;0;2023-03-29;170;249;435;976;160;439;1117;3767;2102;54668183;52104379;37904862;9719363;53763601;41020364;10171327;5936287;2200906
FR;0;2023-03-30;184;234;567;1353;155;556;1519;5354;3095;54668367;52104613;37905429;9720716;53763756;41020920;10172846;5941641;2204001
FR;0;2023-03-31;210;365;715;1787;272;643;1925;6831;4008;54668577;52104978;37906144;9722503;53764028;41021563;10174771;5948472;2208009
FR;0;2023-04-01;108;193;434;592;131;390;697;1974;945;54668685;52105171;37906578;9723095;53764159;41021953;10175468;5950446;2208954
FR;0;2023-04-02;7;24;27;32;14;33;35;106;45;54668692;52105195;37906605;9723127;53764173;41021986;10175503;5950552;2208999
FR;0;2023-04-03;175;195;498;867;147;450;988;3279;1828;54668867;52105390;37907103;9723994;53764320;41022436;10176491;5953831;2210827
FR;0;2023-04-04;129;249;509;1205;172;437;1364;5239;3148;54668996;52105639;37907612;9725199;53764492;41022873;10177855;5959070;2213975
FR;0;2023-04-05;100;196;399;821;138;379;922;3407;1958;54669096;52105835;37908011;9726020;53764630;41023252;10178777;5962477;2215933
FR;0;2023-04-06;146;181;426;1027;125;389;1159;4205;2412;54669242;52106016;37908437;9727047;53764755;41023641;10179936;5966682;2218345
FR;0;2023-04-07;187;301;546;1282;209;510;1411;5032;2830;54669429;52106317;37908983;9728329;53764964;41024151;10181347;5971714;2221175
FR;0;2023-04-08;63;138;229;396;92;224;433;1328;609;54669492;52106455;37909212;9728725;53765056;41024375;10181780;5973042;2221784
FR;0;2023-04-09;4;14;19;15;6;22;20;59;19;54669496;52106469;37909231;9728740;53765062;41024397;10181800;5973101;2221803
FR;0;2023-04-10;10;20;30;35;12;28;49;101;30;54669506;52106489;37909261;9728775;53765074;41024425;10181849;5973202;2221833
FR;0;2023-04-11;122;246;498;981;162;477;1093;4266;2359;54669628;52106735;37909759;9729756;53765236;41024902;10182942;5977468;2224192
FR;0;2023-04-12;122;196;335;727;142;338;792;3194;1843;54669750;52106931;37910094;9730483;53765378;41025240;10183734;5980662;2226035
FR;0;2023-04-13;109;203;386;925;137;375;1019;4091;2372;54669859;52107134;37910480;9731408;53765515;41025615;10184753;5984753;2228407
FR;0;2023-04-14;195;279;507;1227;220;450;1305;5199;3037;54670054;52107413;37910987;9732635;53765735;41026065;10186058;5989952;2231444
FR;0;2023-04-15;71;116;200;411;79;197;443;1444;672;54670125;52107529;37911187;9733046;53765814;41026262;10186501;5991396;2232116
FR;0;2023-04-16;18;17;12;36;14;15;32;99;40;54670143;52107546;37911199;9733082;53765828;41026277;10186533;5991495;2232156
FR;0;2023-04-17;105;183;317;603;127;332;691;2922;1585;54670248;52107729;37911516;9733685;53765955;41026609;10187224;5994417;2233741
FR;0;2023-04-18;145;184;385;853;122;389;946;4095;2350;54670393;52107913;37911901;9734538;53766077;41026998;10188170;5998512;2236091
FR;0;2023-04-19;108;163;277;572;124;262;662;2693;1438;54670501;52108076;37912178;9735110;53766201;41027260;10188832;6001205;2237529
FR;0;2023-04-20;100;175;313;738;124;309;773;3198;1781;54670601;52108251;37912491;9735848;53766325;41027569;10189605;6004403;2239310
FR;0;2023-04-21;135;241;420;929;147;426;1065;4160;2247;54670736;52108492;37912911;9736777;53766472;41027995;10190670;6008563;2241557
FR;0;2023-04-22;54;96;142;251;63;159;275;1064;525;54670790;52108588;37913053;9737028;53766535;41028154;10190945;6009627;2242082
FR;0;2023-04-23;3;6;12;11;4;15;12;51;20;54670793;52108594;37913065;9737039;53766539;41028169;10190957;6009678;2242102
FR;0;2023-04-24;130;167;275;495;116;264;579;2213;1122;54670923;52108761;37913340;9737534;53766655;41028433;10191536;6011891;2243224
