fra;vaccin;jour;n_dose1;n_dose2;n_cum_dose1;n_cum_dose2
FR;1;2020-12-27;146;0;146;0
FR;1;2020-12-28;187;0;333;0
FR;1;2020-12-29;141;0;474;0
FR;1;2020-12-30;168;0;642;0
FR;1;2020-12-31;144;0;786;0
FR;1;2021-01-01;134;0;920;0
FR;1;2021-01-02;128;0;1048;0
FR;1;2021-01-03;154;0;1202;0
FR;1;2021-01-04;1573;0;2775;0
FR;1;2021-01-05;5521;0;8296;0
FR;1;2021-01-06;11421;0;19717;0
FR;1;2021-01-07;28844;0;48561;0
FR;1;2021-01-08;36491;0;85052;0
FR;1;2021-01-09;11001;0;96053;0
FR;1;2021-01-10;5693;0;101746;0
FR;1;2021-01-11;39380;0;141126;0
FR;1;2021-01-12;61312;0;202438;0
FR;1;2021-01-13;64261;0;266699;0
FR;1;2021-01-14;80394;0;347093;0
FR;1;2021-01-15;67846;0;414939;0
FR;1;2021-01-16;19657;77;434596;77
FR;1;2021-01-17;10563;42;445159;119
FR;1;2021-01-18;81980;162;527139;281
FR;1;2021-01-19;124795;125;651934;406
FR;1;2021-01-20;131150;157;783084;563
FR;1;2021-01-21;151291;134;934375;697
FR;1;2021-01-22;114661;160;1049036;857
FR;1;2021-01-23;36271;50;1085307;907
FR;1;2021-01-24;9339;27;1094646;934
FR;1;2021-01-25;73625;1215;1168271;2149
FR;1;2021-01-26;95644;3109;1263915;5258
FR;1;2021-01-27;102738;5594;1366653;10852
FR;1;2021-01-28;119559;14357;1486212;25209
FR;1;2021-01-29;88207;17282;1574419;42491
FR;1;2021-01-30;27732;4224;1602151;46715
FR;1;2021-01-31;4957;1679;1607108;48394
FR;1;2021-02-01;48612;21121;1655720;69515
FR;1;2021-02-02;66851;34559;1722571;104074
FR;1;2021-02-03;66330;36958;1788901;141032
FR;1;2021-02-04;76281;50042;1865182;191074
FR;1;2021-02-05;62810;45329;1927992;236403
FR;1;2021-02-06;19154;10394;1947146;246797
FR;1;2021-02-07;3480;5041;1950626;251838
FR;1;2021-02-08;36036;45968;1986662;297806
FR;1;2021-02-09;50246;72391;2036908;370197
FR;1;2021-02-10;51200;76673;2088108;446870
FR;1;2021-02-11;62629;99076;2150737;545946
FR;1;2021-02-12;55212;73977;2205949;619923
FR;1;2021-02-13;15231;19264;2221180;639187
FR;1;2021-02-14;3483;7191;2224663;646378
FR;1;2021-02-15;23739;73440;2248402;719818
FR;1;2021-02-16;32279;96852;2280681;816670
FR;1;2021-02-17;34578;98589;2315259;915259
FR;1;2021-02-18;48669;113439;2363928;1028698
FR;1;2021-02-19;44816;86425;2408744;1115123
FR;1;2021-02-20;13147;26914;2421891;1142037
FR;1;2021-02-21;2192;6286;2424083;1148323
FR;1;2021-02-22;24240;69417;2448323;1217740
FR;1;2021-02-23;36913;80358;2485236;1298098
FR;1;2021-02-24;39769;77648;2525005;1375746
FR;1;2021-02-25;49446;87952;2574451;1463698
FR;1;2021-02-26;46500;67889;2620951;1531587
FR;1;2021-02-27;15352;20931;2636303;1552518
FR;1;2021-02-28;3295;4385;2639598;1556903
FR;1;2021-03-01;39075;49016;2678673;1605919
FR;1;2021-03-02;55088;61513;2733761;1667432
FR;1;2021-03-03;60040;60648;2793801;1728080
FR;1;2021-03-04;71894;64894;2865695;1792974
FR;1;2021-03-05;73695;59262;2939390;1852236
FR;1;2021-03-06;81776;16084;3021166;1868320
FR;1;2021-03-07;63218;5413;3084384;1873733
FR;1;2021-03-08;59241;42465;3143625;1916198
FR;1;2021-03-09;84987;48318;3228612;1964516
FR;1;2021-03-10;89633;48066;3318245;2012582
FR;1;2021-03-11;103783;53855;3422028;2066437
FR;1;2021-03-12;102963;45290;3524991;2111727
FR;1;2021-03-13;88204;12745;3613195;2124472
FR;1;2021-03-14;43917;3029;3657112;2127501
FR;1;2021-03-15;94391;29123;3751503;2156624
FR;1;2021-03-16;122540;34893;3874043;2191517
FR;1;2021-03-17;128272;34834;4002315;2226351
FR;1;2021-03-18;141714;39715;4144029;2266066
FR;1;2021-03-19;135123;32901;4279152;2298967
FR;1;2021-03-20;75345;10209;4354497;2309176
FR;1;2021-03-21;25991;2475;4380488;2311651
FR;1;2021-03-22;113632;31177;4494120;2342828
FR;1;2021-03-23;141814;38172;4635934;2381000
FR;1;2021-03-24;140731;38774;4776665;2419774
FR;1;2021-03-25;163749;39623;4940414;2459397
FR;1;2021-03-26;165311;37496;5105725;2496893
FR;1;2021-03-27;110253;15254;5215978;2512147
FR;1;2021-03-28;41909;3621;5257887;2515768
FR;1;2021-03-29;128972;49953;5386859;2565721
FR;1;2021-03-30;166462;63587;5553321;2629308
FR;1;2021-03-31;169670;66900;5722991;2696208
FR;1;2021-04-01;192365;79246;5915356;2775454
FR;1;2021-04-02;163184;84317;6078540;2859771
FR;1;2021-04-03;87424;58171;6165964;2917942
FR;1;2021-04-04;32524;17732;6198488;2935674
FR;1;2021-04-05;42770;10176;6241258;2945850
FR;1;2021-04-06;158627;100881;6399885;3046731
FR;1;2021-04-07;195126;108255;6595011;3154986
FR;1;2021-04-08;219866;112385;6814877;3267371
FR;1;2021-04-09;212641;107502;7027518;3374873
FR;1;2021-04-10;116266;73456;7143784;3448329
FR;1;2021-04-11;40261;30284;7184045;3478613
FR;1;2021-04-12;167103;103786;7351148;3582399
FR;1;2021-04-13;202049;128245;7553197;3710644
FR;1;2021-04-14;206384;122808;7759581;3833452
FR;1;2021-04-15;219139;126757;7978720;3960209
FR;1;2021-04-16;204591;125144;8183311;4085353
FR;1;2021-04-17;121294;67481;8304605;4152834
FR;1;2021-04-18;35406;20993;8340011;4173827
FR;1;2021-04-19;162426;121911;8502437;4295738
FR;1;2021-04-20;187705;148770;8690142;4444508
FR;1;2021-04-21;192327;146710;8882469;4591218
FR;1;2021-04-22;207253;162640;9089722;4753858
FR;1;2021-04-23;197492;156931;9287214;4910789
FR;1;2021-04-24;125351;95506;9412565;5006295
FR;1;2021-04-25;53055;30130;9465620;5036425
FR;1;2021-04-26;179841;138274;9645461;5174699
FR;1;2021-04-27;219713;161976;9865174;5336675
FR;1;2021-04-28;236723;155112;10101897;5491787
FR;1;2021-04-29;268345;160065;10370242;5651852
FR;1;2021-04-30;270073;148150;10640315;5800002
FR;1;2021-05-01;138770;40710;10779085;5840712
FR;1;2021-05-02;80690;28153;10859775;5868865
FR;1;2021-05-03;248041;146461;11107816;6015326
FR;1;2021-05-04;263262;186835;11371078;6202161
FR;1;2021-05-05;280194;184566;11651272;6386727
FR;1;2021-05-06;306758;183029;11958030;6569756
FR;1;2021-05-07;281772;195730;12239802;6765486
FR;1;2021-05-08;190256;48336;12430058;6813822
FR;1;2021-05-09;113361;36213;12543419;6850035
FR;1;2021-05-10;254183;194261;12797602;7044296
FR;1;2021-05-11;316233;211395;13113835;7255691
FR;1;2021-05-12;353191;185901;13467026;7441592
FR;1;2021-05-13;280767;47651;13747793;7489243
FR;1;2021-05-14;367330;128855;14115123;7618098
FR;1;2021-05-15;294989;66148;14410112;7684246
FR;1;2021-05-16;156650;15578;14566762;7699824
FR;1;2021-05-17;316479;116691;14883241;7816515
FR;1;2021-05-18;379518;111327;15262759;7927842
FR;1;2021-05-19;392384;102914;15655143;8030756
FR;1;2021-05-20;418291;96323;16073434;8127079
FR;1;2021-05-21;396945;97381;16470379;8224460
FR;1;2021-05-22;274066;42092;16744445;8266552
FR;1;2021-05-23;122283;11210;16866728;8277762
FR;1;2021-05-24;242513;26315;17109241;8304077
FR;1;2021-05-25;363418;131945;17472659;8436022
FR;1;2021-05-26;378109;125704;17850768;8561726
FR;1;2021-05-27;403464;128225;18254232;8689951
FR;1;2021-05-28;363702;145551;18617934;8835502
FR;1;2021-05-29;252667;80977;18870601;8916479
FR;1;2021-05-30;100187;22575;18970788;8939054
FR;1;2021-05-31;312315;148821;19283103;9087875
FR;1;2021-06-01;352939;166799;19636042;9254674
FR;1;2021-06-02;357122;153268;19993164;9407942
FR;1;2021-06-03;383992;147768;20377156;9555710
FR;1;2021-06-04;359283;175679;20736439;9731389
FR;1;2021-06-05;256193;112802;20992632;9844191
FR;1;2021-06-06;125055;37540;21117687;9881731
FR;1;2021-06-07;295806;208230;21413493;10089961
FR;1;2021-06-08;326875;221109;21740368;10311070
FR;1;2021-06-09;331620;212702;22071988;10523772
FR;1;2021-06-10;337555;202310;22409543;10726082
FR;1;2021-06-11;308660;235560;22718203;10961642
FR;1;2021-06-12;242096;150866;22960299;11112508
FR;1;2021-06-13;99365;61087;23059664;11173595
FR;1;2021-06-14;204007;289209;23263671;11462804
FR;1;2021-06-15;250483;282592;23514154;11745396
FR;1;2021-06-16;269480;270607;23783634;12016003
FR;1;2021-06-17;264287;244551;24047921;12260554
FR;1;2021-06-18;255825;296171;24303746;12556725
FR;1;2021-06-19;192006;209716;24495752;12766441
FR;1;2021-06-20;68680;89203;24564432;12855644
FR;1;2021-06-21;168528;320194;24732960;13175838
FR;1;2021-06-22;182608;347878;24915568;13523716
FR;1;2021-06-23;200441;339598;25116009;13863314
FR;1;2021-06-24;200183;281944;25316192;14145258
FR;1;2021-06-25;178475;372098;25494667;14517356
FR;1;2021-06-26;129846;278540;25624513;14795896
FR;1;2021-06-27;51669;123064;25676182;14918960
FR;1;2021-06-28;133687;368589;25809869;15287549
FR;1;2021-06-29;151858;389755;25961727;15677304
FR;1;2021-06-30;175117;378518;26136844;16055822
FR;1;2021-07-01;185586;332355;26322430;16388177
FR;1;2021-07-02;177760;367985;26500190;16756162
FR;1;2021-07-03;121399;280709;26621589;17036871
FR;1;2021-07-04;52702;113793;26674291;17150664
FR;1;2021-07-05;144858;356402;26819149;17507066
FR;1;2021-07-06;165951;382912;26985100;17889978
FR;1;2021-07-07;181568;362961;27166668;18252939
FR;1;2021-07-08;195231;323310;27361899;18576249
FR;1;2021-07-09;180473;386938;27542372;18963187
FR;1;2021-07-10;126039;281160;27668411;19244347
FR;1;2021-07-11;56406;102536;27724817;19346883
FR;1;2021-07-12;142549;417261;27867366;19764144
FR;1;2021-07-13;226980;440022;28094346;20204166
FR;1;2021-07-14;167165;151769;28261511;20355935
FR;1;2021-07-15;270957;425097;28532468;20781032
FR;1;2021-07-16;281656;401756;28814124;21182788
FR;1;2021-07-17;212806;282535;29026930;21465323
FR;1;2021-07-18;100485;107547;29127415;21572870
FR;1;2021-07-19;231392;379740;29358807;21952610
FR;1;2021-07-20;298404;381642;29657211;22334252
FR;1;2021-07-21;326245;354133;29983456;22688385
FR;1;2021-07-22;357174;319845;30340630;23008230
FR;1;2021-07-23;340375;343497;30681005;23351727
FR;1;2021-07-24;235600;241576;30916605;23593303
FR;1;2021-07-25;111205;76225;31027810;23669528
FR;1;2021-07-26;292654;290749;31320464;23960277
FR;1;2021-07-27;376296;269336;31696760;24229613
FR;1;2021-07-28;380026;251899;32076786;24481512
FR;1;2021-07-29;396715;228326;32473501;24709838
FR;1;2021-07-30;359053;247077;32832554;24956915
FR;1;2021-07-31;237994;165220;33070548;25122135
FR;1;2021-08-01;100771;47332;33171319;25169467
FR;2;2020-12-27;0;0;0;0
FR;2;2020-12-28;0;0;0;0
FR;2;2020-12-29;0;0;0;0
FR;2;2020-12-30;0;0;0;0
FR;2;2020-12-31;0;0;0;0
FR;2;2021-01-01;0;0;0;0
FR;2;2021-01-02;0;0;0;0
FR;2;2021-01-03;0;0;0;0
FR;2;2021-01-04;0;0;0;0
FR;2;2021-01-05;0;0;0;0
FR;2;2021-01-06;0;0;0;0
FR;2;2021-01-07;0;0;0;0
FR;2;2021-01-08;0;0;0;0
FR;2;2021-01-09;0;0;0;0
FR;2;2021-01-10;0;0;0;0
FR;2;2021-01-11;0;0;0;0
FR;2;2021-01-12;0;0;0;0
FR;2;2021-01-13;0;0;0;0
FR;2;2021-01-14;388;0;388;0
FR;2;2021-01-15;245;0;633;0
FR;2;2021-01-16;206;0;839;0
FR;2;2021-01-17;16;0;855;0
FR;2;2021-01-18;2944;0;3799;0
FR;2;2021-01-19;4556;0;8355;0
FR;2;2021-01-20;4959;0;13314;0
FR;2;2021-01-21;5165;0;18479;0
FR;2;2021-01-22;4928;0;23407;0
FR;2;2021-01-23;1754;0;25161;0
FR;2;2021-01-24;112;0;25273;0
FR;2;2021-01-25;3684;0;28957;0
FR;2;2021-01-26;3781;0;32738;0
FR;2;2021-01-27;3462;0;36200;0
FR;2;2021-01-28;3553;0;39753;0
FR;2;2021-01-29;3122;0;42875;0
FR;2;2021-01-30;1073;0;43948;0
FR;2;2021-01-31;7;0;43955;0
FR;2;2021-02-01;3286;0;47241;0
FR;2;2021-02-02;4339;0;51580;0
FR;2;2021-02-03;5058;0;56638;0
FR;2;2021-02-04;4763;3;61401;3
FR;2;2021-02-05;4649;6;66050;9
FR;2;2021-02-06;1947;3;67997;12
FR;2;2021-02-07;47;0;68044;12
FR;2;2021-02-08;7445;8;75489;20
FR;2;2021-02-09;8280;15;83769;35
FR;2;2021-02-10;9165;50;92934;85
FR;2;2021-02-11;10083;66;103017;151
FR;2;2021-02-12;9853;238;112870;389
FR;2;2021-02-13;3041;221;115911;610
FR;2;2021-02-14;302;0;116213;610
FR;2;2021-02-15;3375;3067;119588;3677
FR;2;2021-02-16;4954;3881;124542;7558
FR;2;2021-02-17;4136;4402;128678;11960
FR;2;2021-02-18;5293;5089;133971;17049
FR;2;2021-02-19;5236;4323;139207;21372
FR;2;2021-02-20;1784;1509;140991;22881
FR;2;2021-02-21;205;86;141196;22967
FR;2;2021-02-22;3544;3722;144740;26689
FR;2;2021-02-23;4849;3693;149589;30382
FR;2;2021-02-24;4856;3467;154445;33849
FR;2;2021-02-25;5333;3426;159778;37275
FR;2;2021-02-26;4235;3124;164013;40399
FR;2;2021-02-27;1524;1042;165537;41441
FR;2;2021-02-28;118;28;165655;41469
FR;2;2021-03-01;4996;3764;170651;45233
FR;2;2021-03-02;6355;4727;177006;49960
FR;2;2021-03-03;6324;4882;183330;54842
FR;2;2021-03-04;8163;3966;191493;58808
FR;2;2021-03-05;7822;4058;199315;62866
FR;2;2021-03-06;4655;1683;203970;64549
FR;2;2021-03-07;2307;29;206277;64578
FR;2;2021-03-08;4008;8311;210285;72889
FR;2;2021-03-09;7315;8430;217600;81319
FR;2;2021-03-10;6909;9108;224509;90427
FR;2;2021-03-11;9167;9207;233676;99634
FR;2;2021-03-12;7774;8162;241450;107796
FR;2;2021-03-13;9914;2511;251364;110307
FR;2;2021-03-14;4776;402;256140;110709
FR;2;2021-03-15;10711;3484;266851;114193
FR;2;2021-03-16;16550;4621;283401;118814
FR;2;2021-03-17;19995;3953;303396;122767
FR;2;2021-03-18;23047;4909;326443;127676
FR;2;2021-03-19;23017;4537;349460;132213
FR;2;2021-03-20;25217;1540;374677;133753
FR;2;2021-03-21;17529;147;392206;133900
FR;2;2021-03-22;17507;3079;409713;136979
FR;2;2021-03-23;22395;4184;432108;141163
FR;2;2021-03-24;23674;4987;455782;146150
FR;2;2021-03-25;26418;5020;482200;151170
FR;2;2021-03-26;26682;4262;508882;155432
FR;2;2021-03-27;15735;1308;524617;156740
FR;2;2021-03-28;10462;92;535079;156832
FR;2;2021-03-29;18749;4280;553828;161112
FR;2;2021-03-30;24255;6019;578083;167131
FR;2;2021-03-31;28256;5954;606339;173085
FR;2;2021-04-01;34158;8479;640497;181564
FR;2;2021-04-02;29685;7685;670182;189249
FR;2;2021-04-03;16796;3582;686978;192831
FR;2;2021-04-04;9200;918;696178;193749
FR;2;2021-04-05;12207;808;708385;194557
FR;2;2021-04-06;26863;6927;735248;201484
FR;2;2021-04-07;30679;7156;765927;208640
FR;2;2021-04-08;36618;8818;802545;217458
FR;2;2021-04-09;33506;8596;836051;226054
FR;2;2021-04-10;19516;8969;855567;235023
FR;2;2021-04-11;7842;4271;863409;239294
FR;2;2021-04-12;16895;11253;880304;250547
FR;2;2021-04-13;19235;16425;899539;266972
FR;2;2021-04-14;17757;16280;917296;283252
FR;2;2021-04-15;21939;20756;939235;304008
FR;2;2021-04-16;20481;20077;959716;324085
FR;2;2021-04-17;13101;22461;972817;346546
FR;2;2021-04-18;5817;14403;978634;360949
FR;2;2021-04-19;16551;16255;995185;377204
FR;2;2021-04-20;19042;21578;1014227;398782
FR;2;2021-04-21;19966;21666;1034193;420448
FR;2;2021-04-22;23515;24856;1057708;445304
FR;2;2021-04-23;24291;25349;1081999;470653
FR;2;2021-04-24;25128;15105;1107127;485758
FR;2;2021-04-25;9519;8589;1116646;494347
FR;2;2021-04-26;16963;17198;1133609;511545
FR;2;2021-04-27;19071;24301;1152680;535846
FR;2;2021-04-28;22122;26183;1174802;562029
FR;2;2021-04-29;25253;30131;1200055;592160
FR;2;2021-04-30;25376;27777;1225431;619937
FR;2;2021-05-01;14837;9859;1240268;629796
FR;2;2021-05-02;6549;9184;1246817;638980
FR;2;2021-05-03;19782;19317;1266599;658297
FR;2;2021-05-04;18095;29056;1284694;687353
FR;2;2021-05-05;18065;29410;1302759;716763
FR;2;2021-05-06;23282;35286;1326041;752049
FR;2;2021-05-07;25025;33225;1351066;785274
FR;2;2021-05-08;21112;9701;1372178;794975
FR;2;2021-05-09;13047;7893;1385225;802868
FR;2;2021-05-10;32610;22217;1417835;825085
FR;2;2021-05-11;43287;21072;1461122;846157
FR;2;2021-05-12;49620;19900;1510742;866057
FR;2;2021-05-13;50934;5766;1561676;871823
FR;2;2021-05-14;60969;12953;1622645;884776
FR;2;2021-05-15;65575;7148;1688220;891924
FR;2;2021-05-16;43305;2576;1731525;894500
FR;2;2021-05-17;44409;12586;1775934;907086
FR;2;2021-05-18;54259;12245;1830193;919331
FR;2;2021-05-19;56780;10617;1886973;929948
FR;2;2021-05-20;62995;10875;1949968;940823
FR;2;2021-05-21;63895;11665;2013863;952488
FR;2;2021-05-22;61197;4513;2075060;957001
FR;2;2021-05-23;37290;570;2112350;957571
FR;2;2021-05-24;16989;2029;2129339;959600
FR;2;2021-05-25;20771;12240;2150110;971840
FR;2;2021-05-26;19537;11459;2169647;983299
FR;2;2021-05-27;22639;12663;2192286;995962
FR;2;2021-05-28;29075;14978;2221361;1010940
FR;2;2021-05-29;30204;8181;2251565;1019121
FR;2;2021-05-30;4546;1812;2256111;1020933
FR;2;2021-05-31;28346;18750;2284457;1039683
FR;2;2021-06-01;45160;20070;2329617;1059753
FR;2;2021-06-02;37106;19309;2366723;1079062
FR;2;2021-06-03;50889;23384;2417612;1102446
FR;2;2021-06-04;65178;24097;2482790;1126543
FR;2;2021-06-05;34272;24041;2517062;1150584
FR;2;2021-06-06;4823;6203;2521885;1156787
FR;2;2021-06-07;27884;23101;2549769;1179888
FR;2;2021-06-08;46051;22960;2595820;1202848
FR;2;2021-06-09;34012;20912;2629832;1223760
FR;2;2021-06-10;42315;19155;2672147;1242915
FR;2;2021-06-11;54998;25250;2727145;1268165
FR;2;2021-06-12;30385;19815;2757530;1287980
FR;2;2021-06-13;3221;9190;2760751;1297170
FR;2;2021-06-14;25043;24192;2785794;1321362
FR;2;2021-06-15;38698;22889;2824492;1344251
FR;2;2021-06-16;29908;21488;2854400;1365739
FR;2;2021-06-17;36602;25903;2891002;1391642
FR;2;2021-06-18;46574;28801;2937576;1420443
FR;2;2021-06-19;24374;24918;2961950;1445361
FR;2;2021-06-20;2681;10073;2964631;1455434
FR;2;2021-06-21;17191;42778;2981822;1498212
FR;2;2021-06-22;28059;49625;3009881;1547837
FR;2;2021-06-23;21524;49623;3031405;1597460
FR;2;2021-06-24;28105;50318;3059510;1647778
FR;2;2021-06-25;33104;60439;3092614;1708217
FR;2;2021-06-26;16183;59294;3108797;1767511
FR;2;2021-06-27;2481;29359;3111278;1796870
FR;2;2021-06-28;12419;54389;3123697;1851259
FR;2;2021-06-29;19573;59912;3143270;1911171
FR;2;2021-06-30;16105;57796;3159375;1968967
FR;2;2021-07-01;19868;59922;3179243;2028889
FR;2;2021-07-02;23443;62228;3202686;2091117
FR;2;2021-07-03;11825;57113;3214511;2148230
FR;2;2021-07-04;1874;23335;3216385;2171565
FR;2;2021-07-05;8659;29373;3225044;2200938
FR;2;2021-07-06;14142;36219;3239186;2237157
FR;2;2021-07-07;13834;33695;3253020;2270852
FR;2;2021-07-08;19102;40308;3272122;2311160
FR;2;2021-07-09;26475;54291;3298597;2365451
FR;2;2021-07-10;13069;33687;3311666;2399138
FR;2;2021-07-11;1594;4329;3313260;2403467
FR;2;2021-07-12;12452;37292;3325712;2440759
FR;2;2021-07-13;36538;53298;3362250;2494057
FR;2;2021-07-14;6234;3578;3368484;2497635
FR;2;2021-07-15;46463;47075;3414947;2544710
FR;2;2021-07-16;63381;55910;3478328;2600620
FR;2;2021-07-17;31055;23971;3509383;2624591
FR;2;2021-07-18;5889;4948;3515272;2629539
FR;2;2021-07-19;32377;28747;3547649;2658286
FR;2;2021-07-20;51150;44621;3598799;2702907
FR;2;2021-07-21;44520;34853;3643319;2737760
FR;2;2021-07-22;55293;41123;3698612;2778883
FR;2;2021-07-23;67222;49160;3765834;2828043
FR;2;2021-07-24;35438;21576;3801272;2849619
FR;2;2021-07-25;6421;2684;3807693;2852303
FR;2;2021-07-26;35363;22537;3843056;2874840
FR;2;2021-07-27;61214;34685;3904270;2909525
FR;2;2021-07-28;54248;26505;3958518;2936030
FR;2;2021-07-29;66981;32814;4025499;2968844
FR;2;2021-07-30;71931;37801;4097430;3006645
FR;2;2021-07-31;32650;16171;4130080;3022816
FR;2;2021-08-01;4605;2308;4134685;3025124
FR;3;2020-12-27;0;0;0;0
FR;3;2020-12-28;0;0;0;0
FR;3;2020-12-29;0;0;0;0
FR;3;2020-12-30;0;0;0;0
FR;3;2020-12-31;0;0;0;0
FR;3;2021-01-01;0;0;0;0
FR;3;2021-01-02;0;0;0;0
FR;3;2021-01-03;0;0;0;0
FR;3;2021-01-04;0;0;0;0
FR;3;2021-01-05;0;0;0;0
FR;3;2021-01-06;0;0;0;0
FR;3;2021-01-07;0;0;0;0
FR;3;2021-01-08;0;0;0;0
FR;3;2021-01-09;0;0;0;0
FR;3;2021-01-10;0;0;0;0
FR;3;2021-01-11;0;0;0;0
FR;3;2021-01-12;0;0;0;0
FR;3;2021-01-13;0;0;0;0
FR;3;2021-01-14;0;0;0;0
FR;3;2021-01-15;0;0;0;0
FR;3;2021-01-16;0;0;0;0
FR;3;2021-01-17;0;0;0;0
FR;3;2021-01-18;0;0;0;0
FR;3;2021-01-19;0;0;0;0
FR;3;2021-01-20;0;0;0;0
FR;3;2021-01-21;0;0;0;0
FR;3;2021-01-22;0;0;0;0
FR;3;2021-01-23;0;0;0;0
FR;3;2021-01-24;0;0;0;0
FR;3;2021-01-25;0;0;0;0
FR;3;2021-01-26;0;0;0;0
FR;3;2021-01-27;0;0;0;0
FR;3;2021-01-28;0;0;0;0
FR;3;2021-01-29;0;0;0;0
FR;3;2021-01-30;0;0;0;0
FR;3;2021-01-31;0;0;0;0
FR;3;2021-02-01;0;0;0;0
FR;3;2021-02-02;0;0;0;0
FR;3;2021-02-03;0;0;0;0
FR;3;2021-02-04;0;0;0;0
FR;3;2021-02-05;0;0;0;0
FR;3;2021-02-06;497;0;497;0
FR;3;2021-02-07;1361;0;1858;0
FR;3;2021-02-08;2657;0;4515;0
FR;3;2021-02-09;6667;0;11182;0
FR;3;2021-02-10;9369;0;20551;0
FR;3;2021-02-11;13423;0;33974;0
FR;3;2021-02-12;13128;0;47102;0
FR;3;2021-02-13;3556;0;50658;0
FR;3;2021-02-14;878;0;51536;0
FR;3;2021-02-15;10205;0;61741;0
FR;3;2021-02-16;12272;0;74013;0
FR;3;2021-02-17;10899;0;84912;0
FR;3;2021-02-18;14675;0;99587;0
FR;3;2021-02-19;14197;0;113784;0
FR;3;2021-02-20;3210;0;116994;0
FR;3;2021-02-21;555;0;117549;0
FR;3;2021-02-22;8978;0;126527;0
FR;3;2021-02-23;11185;0;137712;0
FR;3;2021-02-24;14029;0;151741;0
FR;3;2021-02-25;44628;0;196369;0
FR;3;2021-02-26;61623;0;257992;0
FR;3;2021-02-27;34619;6;292611;6
FR;3;2021-02-28;2379;0;294990;6
FR;3;2021-03-01;20113;9;315103;15
FR;3;2021-03-02;38548;12;353651;27
FR;3;2021-03-03;48274;16;401925;43
FR;3;2021-03-04;81750;18;483675;61
FR;3;2021-03-05;117632;42;601307;103
FR;3;2021-03-06;120112;48;721419;151
FR;3;2021-03-07;54895;27;776314;178
FR;3;2021-03-08;42432;20;818746;198
FR;3;2021-03-09;78522;30;897268;228
FR;3;2021-03-10;80367;36;977635;264
FR;3;2021-03-11;127915;46;1105550;310
FR;3;2021-03-12;182117;67;1287667;377
FR;3;2021-03-13;131713;51;1419380;428
FR;3;2021-03-14;13906;4;1433286;432
FR;3;2021-03-15;51810;37;1485096;469
FR;3;2021-03-16;994;13;1486090;482
FR;3;2021-03-17;751;6;1486841;488
FR;3;2021-03-18;1313;4;1488154;492
FR;3;2021-03-19;70073;36;1558227;528
FR;3;2021-03-20;64914;35;1623141;563
FR;3;2021-03-21;5593;4;1628734;567
FR;3;2021-03-22;37144;31;1665878;598
FR;3;2021-03-23;84179;49;1750057;647
FR;3;2021-03-24;90519;89;1840576;736
FR;3;2021-03-25;149590;114;1990166;850
FR;3;2021-03-26;164948;154;2155114;1004
FR;3;2021-03-27;68114;88;2223228;1092
FR;3;2021-03-28;6333;19;2229561;1111
FR;3;2021-03-29;53846;59;2283407;1170
FR;3;2021-03-30;92808;87;2376215;1257
FR;3;2021-03-31;63166;82;2439381;1339
FR;3;2021-04-01;85692;100;2525073;1439
FR;3;2021-04-02;86575;143;2611648;1582
FR;3;2021-04-03;35646;108;2647294;1690
FR;3;2021-04-04;3445;15;2650739;1705
FR;3;2021-04-05;4329;21;2655068;1726
FR;3;2021-04-06;29396;74;2684464;1800
FR;3;2021-04-07;31968;59;2716432;1859
FR;3;2021-04-08;78426;233;2794858;2092
FR;3;2021-04-09;161323;405;2956181;2497
FR;3;2021-04-10;75441;329;3031622;2826
FR;3;2021-04-11;7166;42;3038788;2868
FR;3;2021-04-12;51115;195;3089903;3063
FR;3;2021-04-13;85848;309;3175751;3372
FR;3;2021-04-14;67395;337;3243146;3709
FR;3;2021-04-15;92691;363;3335837;4072
FR;3;2021-04-16;112126;567;3447963;4639
FR;3;2021-04-17;53044;320;3501007;4959
FR;3;2021-04-18;9580;32;3510587;4991
FR;3;2021-04-19;24786;228;3535373;5219
FR;3;2021-04-20;45266;390;3580639;5609
FR;3;2021-04-21;38582;442;3619221;6051
FR;3;2021-04-22;54366;781;3673587;6832
FR;3;2021-04-23;70159;1009;3743746;7841
FR;3;2021-04-24;36999;969;3780745;8810
FR;3;2021-04-25;6031;152;3786776;8962
FR;3;2021-04-26;19450;650;3806226;9612
FR;3;2021-04-27;34108;1240;3840334;10852
FR;3;2021-04-28;28654;1926;3868988;12778
FR;3;2021-04-29;45033;5947;3914021;18725
FR;3;2021-04-30;55180;8921;3969201;27646
FR;3;2021-05-01;9330;1964;3978531;29610
FR;3;2021-05-02;2888;498;3981419;30108
FR;3;2021-05-03;12760;3881;3994179;33989
FR;3;2021-05-04;22742;8431;4016921;42420
FR;3;2021-05-05;18347;10569;4035268;52989
FR;3;2021-05-06;34257;20896;4069525;73885
FR;3;2021-05-07;43841;28396;4113366;102281
FR;3;2021-05-08;6531;8880;4119897;111161
FR;3;2021-05-09;1657;2653;4121554;113814
FR;3;2021-05-10;14649;12557;4136203;126371
FR;3;2021-05-11;26696;25723;4162899;152094
FR;3;2021-05-12;16942;27448;4179841;179542
FR;3;2021-05-13;2098;3483;4181939;183025
FR;3;2021-05-14;14236;25736;4196175;208761
FR;3;2021-05-15;6992;20730;4203167;229491
FR;3;2021-05-16;871;2678;4204038;232169
FR;3;2021-05-17;7646;19909;4211684;252078
FR;3;2021-05-18;13085;29629;4224769;281707
FR;3;2021-05-19;8947;31859;4233716;313566
FR;3;2021-05-20;12449;53214;4246165;366780
FR;3;2021-05-21;12433;65529;4258598;432309
FR;3;2021-05-22;4752;33297;4263350;465606
FR;3;2021-05-23;532;2665;4263882;468271
FR;3;2021-05-24;611;4916;4264493;473187
FR;3;2021-05-25;4998;45171;4269491;518358
FR;3;2021-05-26;4673;51054;4274164;569412
FR;3;2021-05-27;6011;77836;4280175;647248
FR;3;2021-05-28;7245;99101;4287420;746349
FR;3;2021-05-29;3115;60283;4290535;806632
FR;3;2021-05-30;386;8243;4290921;814875
FR;3;2021-05-31;2120;35993;4293041;850868
FR;3;2021-06-01;3042;64813;4296083;915681
FR;3;2021-06-02;2431;58355;4298514;974036
FR;3;2021-06-03;3217;87582;4301731;1061618
FR;3;2021-06-04;3879;105124;4305610;1166742
FR;3;2021-06-05;1806;52244;4307416;1218986
FR;3;2021-06-06;274;5399;4307690;1224385
FR;3;2021-06-07;1115;31183;4308805;1255568
FR;3;2021-06-08;1732;47282;4310537;1302850
FR;3;2021-06-09;1472;42395;4312009;1345245
FR;3;2021-06-10;1893;68002;4313902;1413247
FR;3;2021-06-11;2250;96800;4316152;1510047
FR;3;2021-06-12;1012;40837;4317164;1550884
FR;3;2021-06-13;153;3823;4317317;1554707
FR;3;2021-06-14;788;42665;4318105;1597372
FR;3;2021-06-15;1180;80698;4319285;1678070
FR;3;2021-06-16;1048;65782;4320333;1743852
FR;3;2021-06-17;1452;101857;4321785;1845709
FR;3;2021-06-18;1741;117926;4323526;1963635
FR;3;2021-06-19;716;39406;4324242;2003041
FR;3;2021-06-20;79;3384;4324321;2006425
FR;3;2021-06-21;577;39290;4324898;2045715
FR;3;2021-06-22;896;70019;4325794;2115734
FR;3;2021-06-23;799;50849;4326593;2166583
FR;3;2021-06-24;1160;77217;4327753;2243800
FR;3;2021-06-25;1283;89970;4329036;2333770
FR;3;2021-06-26;548;33138;4329584;2366908
FR;3;2021-06-27;93;4029;4329677;2370937
FR;3;2021-06-28;479;30461;4330156;2401398
FR;3;2021-06-29;738;56148;4330894;2457546
FR;3;2021-06-30;748;45066;4331642;2502612
FR;3;2021-07-01;1001;65665;4332643;2568277
FR;3;2021-07-02;1187;90451;4333830;2658728
FR;3;2021-07-03;544;31195;4334374;2689923
FR;3;2021-07-04;81;4275;4334455;2694198
FR;3;2021-07-05;490;33935;4334945;2728133
FR;3;2021-07-06;793;56135;4335738;2784268
FR;3;2021-07-07;740;43086;4336478;2827354
FR;3;2021-07-08;1005;60765;4337483;2888119
FR;3;2021-07-09;1139;68842;4338622;2956961
FR;3;2021-07-10;550;25054;4339172;2982015
FR;3;2021-07-11;64;3311;4339236;2985326
FR;3;2021-07-12;515;23933;4339751;3009259
FR;3;2021-07-13;1495;34769;4341246;3044028
FR;3;2021-07-14;128;2652;4341374;3046680
FR;3;2021-07-15;1822;30699;4343196;3077379
FR;3;2021-07-16;2387;38908;4345583;3116287
FR;3;2021-07-17;970;13754;4346553;3130041
FR;3;2021-07-18;199;2611;4346752;3132652
FR;3;2021-07-19;1178;17243;4347930;3149895
FR;3;2021-07-20;1714;27174;4349644;3177069
FR;3;2021-07-21;1536;19755;4351180;3196824
FR;3;2021-07-22;1726;27808;4352906;3224632
FR;3;2021-07-23;2077;30483;4354983;3255115
FR;3;2021-07-24;749;7026;4355732;3262141
FR;3;2021-07-25;159;1353;4355891;3263494
FR;3;2021-07-26;800;10736;4356691;3274230
FR;3;2021-07-27;1030;16984;4357721;3291214
FR;3;2021-07-28;844;12139;4358565;3303353
FR;3;2021-07-29;1011;15874;4359576;3319227
FR;3;2021-07-30;1013;18115;4360589;3337342
FR;3;2021-07-31;322;3752;4360911;3341094
FR;3;2021-08-01;40;486;4360951;3341580
FR;4;2020-12-27;0;0;0;0
FR;4;2020-12-28;0;0;0;0
FR;4;2020-12-29;0;0;0;0
FR;4;2020-12-30;0;0;0;0
FR;4;2020-12-31;0;0;0;0
FR;4;2021-01-01;0;0;0;0
FR;4;2021-01-02;0;0;0;0
FR;4;2021-01-03;0;0;0;0
FR;4;2021-01-04;0;0;0;0
FR;4;2021-01-05;0;0;0;0
FR;4;2021-01-06;0;0;0;0
FR;4;2021-01-07;0;0;0;0
FR;4;2021-01-08;0;0;0;0
FR;4;2021-01-09;0;0;0;0
FR;4;2021-01-10;0;0;0;0
FR;4;2021-01-11;0;0;0;0
FR;4;2021-01-12;0;0;0;0
FR;4;2021-01-13;0;0;0;0
FR;4;2021-01-14;0;0;0;0
FR;4;2021-01-15;0;0;0;0
FR;4;2021-01-16;0;0;0;0
FR;4;2021-01-17;0;0;0;0
FR;4;2021-01-18;0;0;0;0
FR;4;2021-01-19;0;0;0;0
FR;4;2021-01-20;0;0;0;0
FR;4;2021-01-21;0;0;0;0
FR;4;2021-01-22;0;0;0;0
FR;4;2021-01-23;0;0;0;0
FR;4;2021-01-24;0;0;0;0
FR;4;2021-01-25;0;0;0;0
FR;4;2021-01-26;0;0;0;0
FR;4;2021-01-27;0;0;0;0
FR;4;2021-01-28;0;0;0;0
FR;4;2021-01-29;0;0;0;0
FR;4;2021-01-30;0;0;0;0
FR;4;2021-01-31;0;0;0;0
FR;4;2021-02-01;0;0;0;0
FR;4;2021-02-02;0;0;0;0
FR;4;2021-02-03;0;0;0;0
FR;4;2021-02-04;0;0;0;0
FR;4;2021-02-05;0;0;0;0
FR;4;2021-02-06;0;0;0;0
FR;4;2021-02-07;0;0;0;0
FR;4;2021-02-08;0;0;0;0
FR;4;2021-02-09;0;0;0;0
FR;4;2021-02-10;0;0;0;0
FR;4;2021-02-11;0;0;0;0
FR;4;2021-02-12;0;0;0;0
FR;4;2021-02-13;0;0;0;0
FR;4;2021-02-14;0;0;0;0
FR;4;2021-02-15;0;0;0;0
FR;4;2021-02-16;0;0;0;0
FR;4;2021-02-17;0;0;0;0
FR;4;2021-02-18;0;0;0;0
FR;4;2021-02-19;0;0;0;0
FR;4;2021-02-20;0;0;0;0
FR;4;2021-02-21;0;0;0;0
FR;4;2021-02-22;0;0;0;0
FR;4;2021-02-23;0;0;0;0
FR;4;2021-02-24;0;0;0;0
FR;4;2021-02-25;0;0;0;0
FR;4;2021-02-26;0;0;0;0
FR;4;2021-02-27;0;0;0;0
FR;4;2021-02-28;0;0;0;0
FR;4;2021-03-01;0;0;0;0
FR;4;2021-03-02;0;0;0;0
FR;4;2021-03-03;0;0;0;0
FR;4;2021-03-04;0;0;0;0
FR;4;2021-03-05;0;1;0;1
FR;4;2021-03-06;0;0;0;1
FR;4;2021-03-07;0;0;0;1
FR;4;2021-03-08;0;0;0;1
FR;4;2021-03-09;0;0;0;1
FR;4;2021-03-10;0;0;0;1
FR;4;2021-03-11;0;0;0;1
FR;4;2021-03-12;0;0;0;1
FR;4;2021-03-13;0;0;0;1
FR;4;2021-03-14;0;0;0;1
FR;4;2021-03-15;0;0;0;1
FR;4;2021-03-16;0;0;0;1
FR;4;2021-03-17;0;0;0;1
FR;4;2021-03-18;0;0;0;1
FR;4;2021-03-19;0;0;0;1
FR;4;2021-03-20;0;0;0;1
FR;4;2021-03-21;0;0;0;1
FR;4;2021-03-22;0;0;0;1
FR;4;2021-03-23;0;0;0;1
FR;4;2021-03-24;0;0;0;1
FR;4;2021-03-25;0;0;0;1
FR;4;2021-03-26;0;0;0;1
FR;4;2021-03-27;0;0;0;1
FR;4;2021-03-28;0;0;0;1
FR;4;2021-03-29;0;0;0;1
FR;4;2021-03-30;0;0;0;1
FR;4;2021-03-31;0;1;0;2
FR;4;2021-04-01;0;0;0;2
FR;4;2021-04-02;0;0;0;2
FR;4;2021-04-03;0;0;0;2
FR;4;2021-04-04;0;0;0;2
FR;4;2021-04-05;0;0;0;2
FR;4;2021-04-06;0;0;0;2
FR;4;2021-04-07;0;0;0;2
FR;4;2021-04-08;0;0;0;2
FR;4;2021-04-09;0;2;0;4
FR;4;2021-04-10;0;0;0;4
FR;4;2021-04-11;0;0;0;4
FR;4;2021-04-12;0;1;0;5
FR;4;2021-04-13;0;0;0;5
FR;4;2021-04-14;0;0;0;5
FR;4;2021-04-15;0;0;0;5
FR;4;2021-04-16;0;0;0;5
FR;4;2021-04-17;0;0;0;5
FR;4;2021-04-18;0;0;0;5
FR;4;2021-04-19;0;0;0;5
FR;4;2021-04-20;0;0;0;5
FR;4;2021-04-21;0;0;0;5
FR;4;2021-04-22;0;0;0;5
FR;4;2021-04-23;1762;0;1762;5
FR;4;2021-04-24;1556;0;3318;5
FR;4;2021-04-25;119;0;3437;5
FR;4;2021-04-26;2843;0;6280;5
FR;4;2021-04-27;9432;4;15712;9
FR;4;2021-04-28;9832;3;25544;12
FR;4;2021-04-29;15930;8;41474;20
FR;4;2021-04-30;19142;7;60616;27
FR;4;2021-05-01;1929;5;62545;32
FR;4;2021-05-02;455;0;63000;32
FR;4;2021-05-03;4968;1;67968;33
FR;4;2021-05-04;8290;8;76258;41
FR;4;2021-05-05;6048;5;82306;46
FR;4;2021-05-06;11283;11;93589;57
FR;4;2021-05-07;18961;8;112550;65
FR;4;2021-05-08;2284;6;114834;71
FR;4;2021-05-09;632;2;115466;73
FR;4;2021-05-10;7129;8;122595;81
FR;4;2021-05-11;14172;12;136767;93
FR;4;2021-05-12;10021;16;146788;109
FR;4;2021-05-13;1471;3;148259;112
FR;4;2021-05-14;7636;7;155895;119
FR;4;2021-05-15;3622;8;159517;127
FR;4;2021-05-16;372;1;159889;128
FR;4;2021-05-17;4366;2;164255;130
FR;4;2021-05-18;8640;10;172895;140
FR;4;2021-05-19;5567;5;178462;145
FR;4;2021-05-20;9293;6;187755;151
FR;4;2021-05-21;12589;29;200344;180
FR;4;2021-05-22;4953;12;205297;192
FR;4;2021-05-23;442;2;205739;194
FR;4;2021-05-24;963;3;206702;197
FR;4;2021-05-25;7443;16;214145;213
FR;4;2021-05-26;7596;13;221741;226
FR;4;2021-05-27;14162;34;235903;260
FR;4;2021-05-28;26345;81;262248;341
FR;4;2021-05-29;11214;20;273462;361
FR;4;2021-05-30;870;2;274332;363
FR;4;2021-05-31;12478;19;286810;382
FR;4;2021-06-01;19961;40;306771;422
FR;4;2021-06-02;14296;33;321067;455
FR;4;2021-06-03;19224;24;340291;479
FR;4;2021-06-04;22214;45;362505;524
FR;4;2021-06-05;9577;29;372082;553
FR;4;2021-06-06;932;0;373014;553
FR;4;2021-06-07;8980;16;381994;569
FR;4;2021-06-08;14392;26;396386;595
FR;4;2021-06-09;11999;24;408385;619
FR;4;2021-06-10;15143;24;423528;643
FR;4;2021-06-11;16740;51;440268;694
FR;4;2021-06-12;7297;27;447565;721
FR;4;2021-06-13;846;3;448411;724
FR;4;2021-06-14;6465;22;454876;746
FR;4;2021-06-15;10705;32;465581;778
FR;4;2021-06-16;8711;13;474292;791
FR;4;2021-06-17;10676;24;484968;815
FR;4;2021-06-18;12206;39;497174;854
FR;4;2021-06-19;5449;24;502623;878
FR;4;2021-06-20;608;2;503231;880
FR;4;2021-06-21;4877;9;508108;889
FR;4;2021-06-22;7684;18;515792;907
FR;4;2021-06-23;6892;33;522684;940
FR;4;2021-06-24;8446;31;531130;971
FR;4;2021-06-25;9882;36;541012;1007
FR;4;2021-06-26;4620;20;545632;1027
FR;4;2021-06-27;597;2;546229;1029
FR;4;2021-06-28;4552;14;550781;1043
FR;4;2021-06-29;6743;16;557524;1059
FR;4;2021-06-30;6389;36;563913;1095
FR;4;2021-07-01;7819;25;571732;1120
FR;4;2021-07-02;9134;44;580866;1164
FR;4;2021-07-03;4662;18;585528;1182
FR;4;2021-07-04;566;5;586094;1187
FR;4;2021-07-05;4543;18;590637;1205
FR;4;2021-07-06;7436;20;598073;1225
FR;4;2021-07-07;6702;27;604775;1252
FR;4;2021-07-08;8918;37;613693;1289
FR;4;2021-07-09;9993;30;623686;1319
FR;4;2021-07-10;4436;10;628122;1329
FR;4;2021-07-11;492;0;628614;1329
FR;4;2021-07-12;5574;27;634188;1356
FR;4;2021-07-13;13948;25;648136;1381
FR;4;2021-07-14;2048;6;650184;1387
FR;4;2021-07-15;17897;32;668081;1419
FR;4;2021-07-16;22423;63;690504;1482
FR;4;2021-07-17;9479;16;699983;1498
FR;4;2021-07-18;1255;3;701238;1501
FR;4;2021-07-19;12655;26;713893;1527
FR;4;2021-07-20;17026;28;730919;1555
FR;4;2021-07-21;15253;27;746172;1582
FR;4;2021-07-22;17865;39;764037;1621
FR;4;2021-07-23;19949;46;783986;1667
FR;4;2021-07-24;8942;28;792928;1695
FR;4;2021-07-25;1178;6;794106;1701
FR;4;2021-07-26;10534;18;804640;1719
FR;4;2021-07-27;14017;25;818657;1744
FR;4;2021-07-28;12198;18;830855;1762
FR;4;2021-07-29;13532;44;844387;1806
FR;4;2021-07-30;14809;38;859196;1844
FR;4;2021-07-31;6277;10;865473;1854
FR;4;2021-08-01;672;1;866145;1855
FR;0;2020-12-27;146;0;146;0
FR;0;2020-12-28;187;0;333;0
FR;0;2020-12-29;141;0;474;0
FR;0;2020-12-30;168;0;642;0
FR;0;2020-12-31;144;0;786;0
FR;0;2021-01-01;134;0;920;0
FR;0;2021-01-02;128;0;1048;0
FR;0;2021-01-03;154;0;1202;0
FR;0;2021-01-04;1573;0;2775;0
FR;0;2021-01-05;5521;0;8296;0
FR;0;2021-01-06;11421;0;19717;0
FR;0;2021-01-07;28844;0;48561;0
FR;0;2021-01-08;36491;0;85052;0
FR;0;2021-01-09;11001;0;96053;0
FR;0;2021-01-10;5693;0;101746;0
FR;0;2021-01-11;39380;0;141126;0
FR;0;2021-01-12;61312;0;202438;0
FR;0;2021-01-13;64261;0;266699;0
FR;0;2021-01-14;80782;0;347481;0
FR;0;2021-01-15;68091;0;415572;0
FR;0;2021-01-16;19863;77;435435;77
FR;0;2021-01-17;10579;42;446014;119
FR;0;2021-01-18;84924;162;530938;281
FR;0;2021-01-19;129351;125;660289;406
FR;0;2021-01-20;136109;157;796398;563
FR;0;2021-01-21;156456;134;952854;697
FR;0;2021-01-22;119589;160;1072443;857
FR;0;2021-01-23;38025;50;1110468;907
FR;0;2021-01-24;9451;27;1119919;934
FR;0;2021-01-25;77309;1215;1197228;2149
FR;0;2021-01-26;99425;3109;1296653;5258
FR;0;2021-01-27;106200;5594;1402853;10852
FR;0;2021-01-28;123112;14357;1525965;25209
FR;0;2021-01-29;91329;17282;1617294;42491
FR;0;2021-01-30;28805;4224;1646099;46715
FR;0;2021-01-31;4964;1679;1651063;48394
FR;0;2021-02-01;51898;21121;1702961;69515
FR;0;2021-02-02;71190;34559;1774151;104074
FR;0;2021-02-03;71388;36958;1845539;141032
FR;0;2021-02-04;81044;50045;1926583;191077
FR;0;2021-02-05;67459;45335;1994042;236412
FR;0;2021-02-06;21598;10397;2015640;246809
FR;0;2021-02-07;4888;5041;2020528;251850
FR;0;2021-02-08;46138;45976;2066666;297826
FR;0;2021-02-09;65193;72406;2131859;370232
FR;0;2021-02-10;69734;76723;2201593;446955
FR;0;2021-02-11;86135;99142;2287728;546097
FR;0;2021-02-12;78193;74215;2365921;620312
FR;0;2021-02-13;21828;19485;2387749;639797
FR;0;2021-02-14;4663;7191;2392412;646988
FR;0;2021-02-15;37319;76507;2429731;723495
FR;0;2021-02-16;49505;100733;2479236;824228
FR;0;2021-02-17;49613;102991;2528849;927219
FR;0;2021-02-18;68637;118528;2597486;1045747
FR;0;2021-02-19;64249;90748;2661735;1136495
FR;0;2021-02-20;18141;28423;2679876;1164918
FR;0;2021-02-21;2952;6372;2682828;1171290
FR;0;2021-02-22;36762;73139;2719590;1244429
FR;0;2021-02-23;52947;84051;2772537;1328480
FR;0;2021-02-24;58654;81115;2831191;1409595
FR;0;2021-02-25;99407;91378;2930598;1500973
FR;0;2021-02-26;112358;71013;3042956;1571986
FR;0;2021-02-27;51495;21979;3094451;1593965
FR;0;2021-02-28;5792;4413;3100243;1598378
FR;0;2021-03-01;64184;52789;3164427;1651167
FR;0;2021-03-02;99991;66252;3264418;1717419
FR;0;2021-03-03;114638;65546;3379056;1782965
FR;0;2021-03-04;161807;68878;3540863;1851843
FR;0;2021-03-05;199149;63363;3740012;1915206
FR;0;2021-03-06;206543;17815;3946555;1933021
FR;0;2021-03-07;120420;5469;4066975;1938490
FR;0;2021-03-08;105681;50796;4172656;1989286
FR;0;2021-03-09;170824;56778;4343480;2046064
FR;0;2021-03-10;176909;57210;4520389;2103274
FR;0;2021-03-11;240865;63108;4761254;2166382
FR;0;2021-03-12;292854;53519;5054108;2219901
FR;0;2021-03-13;229831;15307;5283939;2235208
FR;0;2021-03-14;62599;3435;5346538;2238643
FR;0;2021-03-15;156912;32644;5503450;2271287
FR;0;2021-03-16;140084;39527;5643534;2310814
FR;0;2021-03-17;149018;38793;5792552;2349607
FR;0;2021-03-18;166074;44628;5958626;2394235
FR;0;2021-03-19;228213;37474;6186839;2431709
FR;0;2021-03-20;165476;11784;6352315;2443493
FR;0;2021-03-21;49113;2626;6401428;2446119
FR;0;2021-03-22;168283;34287;6569711;2480406
FR;0;2021-03-23;248388;42405;6818099;2522811
FR;0;2021-03-24;254924;43850;7073023;2566661
FR;0;2021-03-25;339757;44757;7412780;2611418
FR;0;2021-03-26;356941;41912;7769721;2653330
FR;0;2021-03-27;194102;16650;7963823;2669980
FR;0;2021-03-28;58704;3732;8022527;2673712
FR;0;2021-03-29;201567;54292;8224094;2728004
FR;0;2021-03-30;283525;69693;8507619;2797697
FR;0;2021-03-31;261092;72937;8768711;2870634
FR;0;2021-04-01;312215;87825;9080926;2958459
FR;0;2021-04-02;279444;92145;9360370;3050604
FR;0;2021-04-03;139866;61861;9500236;3112465
FR;0;2021-04-04;45169;18665;9545405;3131130
FR;0;2021-04-05;59306;11005;9604711;3142135
FR;0;2021-04-06;214886;107882;9819597;3250017
FR;0;2021-04-07;257773;115470;10077370;3365487
FR;0;2021-04-08;334910;121436;10412280;3486923
FR;0;2021-04-09;407470;116505;10819750;3603428
FR;0;2021-04-10;211223;82754;11030973;3686182
FR;0;2021-04-11;55269;34597;11086242;3720779
FR;0;2021-04-12;235113;115235;11321355;3836014
FR;0;2021-04-13;307132;144979;11628487;3980993
FR;0;2021-04-14;291536;139425;11920023;4120418
FR;0;2021-04-15;333769;147876;12253792;4268294
FR;0;2021-04-16;337198;145788;12590990;4414082
FR;0;2021-04-17;187439;90262;12778429;4504344
FR;0;2021-04-18;50803;35428;12829232;4539772
FR;0;2021-04-19;203763;138394;13032995;4678166
FR;0;2021-04-20;252013;170738;13285008;4848904
FR;0;2021-04-21;250875;168818;13535883;5017722
FR;0;2021-04-22;285134;188277;13821017;5205999
FR;0;2021-04-23;293704;183289;14114721;5389288
FR;0;2021-04-24;189034;111580;14303755;5500868
FR;0;2021-04-25;68724;38871;14372479;5539739
FR;0;2021-04-26;219097;156122;14591576;5695861
FR;0;2021-04-27;282324;187521;14873900;5883382
FR;0;2021-04-28;297331;183224;15171231;6066606
FR;0;2021-04-29;354561;196151;15525792;6262757
FR;0;2021-04-30;369771;184855;15895563;6447612
FR;0;2021-05-01;164866;52538;16060429;6500150
FR;0;2021-05-02;90582;37835;16151011;6537985
FR;0;2021-05-03;285551;169660;16436562;6707645
FR;0;2021-05-04;312389;224330;16748951;6931975
FR;0;2021-05-05;322654;224550;17071605;7156525
FR;0;2021-05-06;375580;239222;17447185;7395747
FR;0;2021-05-07;369599;257359;17816784;7653106
FR;0;2021-05-08;220183;66923;18036967;7720029
FR;0;2021-05-09;128697;46761;18165664;7766790
FR;0;2021-05-10;308571;229043;18474235;7995833
FR;0;2021-05-11;400388;258202;18874623;8254035
FR;0;2021-05-12;429774;233265;19304397;8487300
FR;0;2021-05-13;335270;56903;19639667;8544203
FR;0;2021-05-14;450171;167551;20089838;8711754
FR;0;2021-05-15;371178;94034;20461016;8805788
FR;0;2021-05-16;201198;20833;20662214;8826621
FR;0;2021-05-17;372900;149188;21035114;8975809
FR;0;2021-05-18;455502;153211;21490616;9129020
FR;0;2021-05-19;463678;145395;21954294;9274415
FR;0;2021-05-20;503028;160418;22457322;9434833
FR;0;2021-05-21;485862;174604;22943184;9609437
FR;0;2021-05-22;344968;79914;23288152;9689351
FR;0;2021-05-23;160547;14447;23448699;9703798
FR;0;2021-05-24;261076;33263;23709775;9737061
FR;0;2021-05-25;396630;189372;24106405;9926433
FR;0;2021-05-26;409915;188230;24516320;10114663
FR;0;2021-05-27;446276;218758;24962596;10333421
FR;0;2021-05-28;426367;259711;25388963;10593132
FR;0;2021-05-29;297200;149461;25686163;10742593
FR;0;2021-05-30;105989;32632;25792152;10775225
FR;0;2021-05-31;355259;203583;26147411;10978808
FR;0;2021-06-01;421102;251722;26568513;11230530
FR;0;2021-06-02;410955;230965;26979468;11461495
FR;0;2021-06-03;457322;258758;27436790;11720253
FR;0;2021-06-04;450554;304945;27887344;12025198
FR;0;2021-06-05;301848;189116;28189192;12214314
FR;0;2021-06-06;131084;49142;28320276;12263456
FR;0;2021-06-07;333785;262530;28654061;12525986
FR;0;2021-06-08;389050;291377;29043111;12817363
FR;0;2021-06-09;379103;276033;29422214;13093396
FR;0;2021-06-10;396906;289491;29819120;13382887
FR;0;2021-06-11;382648;357661;30201768;13740548
FR;0;2021-06-12;280790;211545;30482558;13952093
FR;0;2021-06-13;103585;74103;30586143;14026196
FR;0;2021-06-14;236303;356088;30822446;14382284
FR;0;2021-06-15;301066;386211;31123512;14768495
FR;0;2021-06-16;309147;357890;31432659;15126385
FR;0;2021-06-17;313017;372335;31745676;15498720
FR;0;2021-06-18;316346;442937;32062022;15941657
FR;0;2021-06-19;222545;274064;32284567;16215721
FR;0;2021-06-20;72048;102662;32356615;16318383
FR;0;2021-06-21;191173;402271;32547788;16720654
FR;0;2021-06-22;219247;467540;32767035;17188194
FR;0;2021-06-23;229656;440103;32996691;17628297
FR;0;2021-06-24;237894;409510;33234585;18037807
FR;0;2021-06-25;222744;522543;33457329;18560350
FR;0;2021-06-26;151197;370992;33608526;18931342
FR;0;2021-06-27;54840;156454;33663366;19087796
FR;0;2021-06-28;151137;453453;33814503;19541249
FR;0;2021-06-29;178912;505831;33993415;20047080
FR;0;2021-06-30;198359;481416;34191774;20528496
FR;0;2021-07-01;214274;457967;34406048;20986463
FR;0;2021-07-02;211524;520708;34617572;21507171
FR;0;2021-07-03;138430;369035;34756002;21876206
FR;0;2021-07-04;55223;141408;34811225;22017614
FR;0;2021-07-05;158550;419728;34969775;22437342
FR;0;2021-07-06;188322;475286;35158097;22912628
FR;0;2021-07-07;202844;439769;35360941;23352397
FR;0;2021-07-08;224256;424420;35585197;23776817
FR;0;2021-07-09;218080;510101;35803277;24286918
FR;0;2021-07-10;144094;339911;35947371;24626829
FR;0;2021-07-11;58556;110176;36005927;24737005
FR;0;2021-07-12;161090;478513;36167017;25215518
FR;0;2021-07-13;278961;528114;36445978;25743632
FR;0;2021-07-14;175575;158005;36621553;25901637
FR;0;2021-07-15;337139;502903;36958692;26404540
FR;0;2021-07-16;369847;496637;37328539;26901177
FR;0;2021-07-17;254310;320276;37582849;27221453
FR;0;2021-07-18;107828;115109;37690677;27336562
FR;0;2021-07-19;277602;425756;37968279;27762318
FR;0;2021-07-20;368294;453465;38336573;28215783
FR;0;2021-07-21;387554;408768;38724127;28624551
FR;0;2021-07-22;432058;388815;39156185;29013366
FR;0;2021-07-23;429623;423186;39585808;29436552
FR;0;2021-07-24;280729;270206;39866537;29706758
FR;0;2021-07-25;118963;80268;39985500;29787026
FR;0;2021-07-26;339351;324040;40324851;30111066
FR;0;2021-07-27;452557;321030;40777408;30432096
FR;0;2021-07-28;447316;290561;41224724;30722657
FR;0;2021-07-29;478239;277058;41702963;30999715
FR;0;2021-07-30;446806;303031;42149769;31302746
FR;0;2021-07-31;277243;185153;42427012;31487899
FR;0;2021-08-01;106088;50127;42533100;31538026
