fra;vaccin;jour;n_dose1;n_dose2;n_dose3;n_dose4;n_rappel;n_cum_dose1;n_cum_dose2;n_cum_dose3;n_cum_dose4;n_cum_rappel
FR;1;2020-12-27;598;0;0;0;0;598;0;0;0;0
FR;1;2020-12-28;651;0;0;0;0;1249;0;0;0;0
FR;1;2020-12-29;369;0;0;0;0;1618;0;0;0;0
FR;1;2020-12-30;433;0;0;0;0;2051;0;0;0;0
FR;1;2020-12-31;376;0;0;0;0;2427;0;0;0;0
FR;1;2021-01-01;1112;0;0;0;0;3539;0;0;0;0
FR;1;2021-01-02;349;3;0;0;0;3888;3;0;0;0
FR;1;2021-01-03;397;0;0;0;0;4285;3;0;0;0
FR;1;2021-01-04;2074;0;0;0;0;6359;3;0;0;0
FR;1;2021-01-05;7055;2;0;0;0;13414;5;0;0;0
FR;1;2021-01-06;12338;7;0;0;0;25752;12;0;0;0
FR;1;2021-01-07;29440;8;0;0;0;55192;20;0;0;0
FR;1;2021-01-08;37111;4;0;0;0;92303;24;0;0;0
FR;1;2021-01-09;11207;2;0;0;0;103510;26;0;0;0
FR;1;2021-01-10;5990;0;0;0;0;109500;26;0;0;0
FR;1;2021-01-11;39915;10;0;0;0;149415;36;0;0;0
FR;1;2021-01-12;62107;8;0;0;0;211522;44;0;0;0
FR;1;2021-01-13;65067;17;0;0;0;276589;61;0;0;0
FR;1;2021-01-14;81425;33;0;0;0;358014;94;0;0;0
FR;1;2021-01-15;68579;15;0;0;0;426593;109;0;0;0
FR;1;2021-01-16;19891;74;0;0;0;446484;183;0;0;0
FR;1;2021-01-17;10895;45;0;0;0;457379;228;0;0;0
FR;1;2021-01-18;82740;170;0;0;0;540119;398;0;0;0
FR;1;2021-01-19;125882;146;0;0;0;666001;544;0;0;0
FR;1;2021-01-20;132358;167;0;0;0;798359;711;0;0;0
FR;1;2021-01-21;153017;144;0;0;0;951376;855;0;0;0
FR;1;2021-01-22;115910;176;0;0;0;1067286;1031;0;0;0
FR;1;2021-01-23;36592;57;0;0;0;1103878;1088;0;0;0
FR;1;2021-01-24;9577;55;0;0;0;1113455;1143;0;0;0
FR;1;2021-01-25;74396;1235;0;0;0;1187851;2378;0;0;0
FR;1;2021-01-26;96420;3169;1;0;0;1284271;5547;1;0;0
FR;1;2021-01-27;103612;5765;0;0;0;1387883;11312;1;0;0
FR;1;2021-01-28;120564;14527;0;0;0;1508447;25839;1;0;0
FR;1;2021-01-29;88863;17426;0;0;0;1597310;43265;1;0;0
FR;1;2021-01-30;27972;4238;0;0;0;1625282;47503;1;0;0
FR;1;2021-01-31;5175;1722;0;0;0;1630457;49225;1;0;0
FR;1;2021-02-01;49692;21223;0;0;0;1680149;70448;1;0;0
FR;1;2021-02-02;67779;34939;0;0;0;1747928;105387;1;0;0
FR;1;2021-02-03;67047;37201;0;0;0;1814975;142588;1;0;0
FR;1;2021-02-04;77096;50419;0;0;0;1892071;193007;1;0;0
FR;1;2021-02-05;63398;45437;0;0;0;1955469;238444;1;0;0
FR;1;2021-02-06;19395;10584;0;0;0;1974864;249028;1;0;0
FR;1;2021-02-07;3656;5106;0;0;0;1978520;254134;1;0;0
FR;1;2021-02-08;36476;46357;0;0;0;2014996;300491;1;0;0
FR;1;2021-02-09;50781;72817;0;0;0;2065777;373308;1;0;0
FR;1;2021-02-10;52022;77191;0;0;0;2117799;450499;1;0;0
FR;1;2021-02-11;63335;99146;0;0;0;2181134;549645;1;0;0
FR;1;2021-02-12;55827;74189;0;0;0;2236961;623834;1;0;0
FR;1;2021-02-13;15445;19351;0;0;0;2252406;643185;1;0;0
FR;1;2021-02-14;3741;7220;0;0;0;2256147;650405;1;0;0
FR;1;2021-02-15;24122;73588;0;0;0;2280269;723993;1;0;0
FR;1;2021-02-16;32745;96594;0;0;0;2313014;820587;1;0;0
FR;1;2021-02-17;35078;98986;1;0;0;2348092;919573;2;0;0
FR;1;2021-02-18;49393;113724;0;0;0;2397485;1033297;2;0;0
FR;1;2021-02-19;45353;86510;1;0;0;2442838;1119807;3;0;0
FR;1;2021-02-20;13374;27013;0;0;0;2456212;1146820;3;0;0
FR;1;2021-02-21;2448;6310;0;0;0;2458660;1153130;3;0;0
FR;1;2021-02-22;24696;69539;2;0;0;2483356;1222669;5;0;0
FR;1;2021-02-23;37406;80547;1;0;0;2520762;1303216;6;0;0
FR;1;2021-02-24;40657;77797;1;0;0;2561419;1381013;7;0;0
FR;1;2021-02-25;50125;87797;1;0;0;2611544;1468810;8;0;0
FR;1;2021-02-26;47172;67771;0;0;0;2658716;1536581;8;0;0
FR;1;2021-02-27;15666;21015;0;0;0;2674382;1557596;8;0;0
FR;1;2021-02-28;3551;4378;1;0;0;2677933;1561974;9;0;0
FR;1;2021-03-01;40125;49243;1;0;0;2718058;1611217;10;0;0
FR;1;2021-03-02;55931;61575;2;0;0;2773989;1672792;12;0;0
FR;1;2021-03-03;61171;60522;0;0;0;2835160;1733314;12;0;0
FR;1;2021-03-04;72952;65236;3;0;0;2908112;1798550;15;0;0
FR;1;2021-03-05;74718;59054;3;0;0;2982830;1857604;18;0;0
FR;1;2021-03-06;82421;16058;2;0;0;3065251;1873662;20;0;0
FR;1;2021-03-07;63696;5281;1;0;0;3128947;1878943;21;0;0
FR;1;2021-03-08;60130;42326;2;0;0;3189077;1921269;23;0;0
FR;1;2021-03-09;85933;48154;1;0;0;3275010;1969423;24;0;0
FR;1;2021-03-10;90841;48013;5;0;0;3365851;2017436;29;0;0
FR;1;2021-03-11;104994;53867;1;0;0;3470845;2071303;30;0;0
FR;1;2021-03-12;104070;45124;0;0;0;3574915;2116427;30;0;0
FR;1;2021-03-13;89169;12713;1;0;0;3664084;2129140;31;0;0
FR;1;2021-03-14;44438;3000;1;0;0;3708522;2132140;32;0;0
FR;1;2021-03-15;95456;29014;3;0;0;3803978;2161154;35;0;0
FR;1;2021-03-16;123556;34796;4;0;0;3927534;2195950;39;0;0
FR;1;2021-03-17;129246;34621;4;0;0;4056780;2230571;43;0;0
FR;1;2021-03-18;142824;39665;5;0;0;4199604;2270236;48;0;0
FR;1;2021-03-19;136196;32758;2;0;0;4335800;2302994;50;0;0
FR;1;2021-03-20;75967;10113;1;0;0;4411767;2313107;51;0;0
FR;1;2021-03-21;26482;2436;1;0;0;4438249;2315543;52;0;0
FR;1;2021-03-22;114677;31056;2;0;0;4552926;2346599;54;0;0
FR;1;2021-03-23;142969;38166;1;0;0;4695895;2384765;55;0;0
FR;1;2021-03-24;141942;38740;0;0;0;4837837;2423505;55;0;0
FR;1;2021-03-25;164953;39544;4;0;0;5002790;2463049;59;0;0
FR;1;2021-03-26;166346;37470;4;0;0;5169136;2500519;63;0;0
FR;1;2021-03-27;110856;15248;1;0;0;5279992;2515767;64;0;0
FR;1;2021-03-28;42284;3758;3;0;0;5322276;2519525;67;0;0
FR;1;2021-03-29;129777;49823;4;0;0;5452053;2569348;71;0;0
FR;1;2021-03-30;167638;63498;4;0;0;5619691;2632846;75;0;0
FR;1;2021-03-31;170868;66922;4;0;0;5790559;2699768;79;0;0
FR;1;2021-04-01;194668;79686;11;0;0;5985227;2779454;90;0;0
FR;1;2021-04-02;164393;84472;7;0;0;6149620;2863926;97;0;0
FR;1;2021-04-03;88211;58073;5;0;0;6237831;2921999;102;0;0
FR;1;2021-04-04;33446;17730;0;0;0;6271277;2939729;102;0;0
FR;1;2021-04-05;46364;10103;11;0;0;6317641;2949832;113;0;0
FR;1;2021-04-06;160217;101224;16;0;0;6477858;3051056;129;0;0
FR;1;2021-04-07;196901;108087;16;0;0;6674759;3159143;145;0;0
FR;1;2021-04-08;221989;112317;13;0;0;6896748;3271460;158;0;0
FR;1;2021-04-09;214483;107362;21;0;0;7111231;3378822;179;0;0
FR;1;2021-04-10;117135;73313;14;0;0;7228366;3452135;193;0;0
FR;1;2021-04-11;40804;30211;6;0;0;7269170;3482346;199;0;0
FR;1;2021-04-12;168317;103723;45;0;0;7437487;3586069;244;0;0
FR;1;2021-04-13;203706;128072;96;1;0;7641193;3714141;340;1;0
FR;1;2021-04-14;208491;122604;204;0;0;7849684;3836745;544;1;0
FR;1;2021-04-15;221565;126734;311;0;0;8071249;3963479;855;1;0
FR;1;2021-04-16;205973;124997;307;0;0;8277222;4088476;1162;1;0
FR;1;2021-04-17;122051;67359;102;0;0;8399273;4155835;1264;1;0
FR;1;2021-04-18;35915;20999;39;0;0;8435188;4176834;1303;1;0
FR;1;2021-04-19;163673;121726;429;0;0;8598861;4298560;1732;1;0
FR;1;2021-04-20;189313;148588;530;0;0;8788174;4447148;2262;1;0
FR;1;2021-04-21;193872;146635;754;0;0;8982046;4593783;3016;1;0
FR;1;2021-04-22;208863;162643;777;0;0;9190909;4756426;3793;1;0
FR;1;2021-04-23;198895;156798;667;0;0;9389804;4913224;4460;1;0
FR;1;2021-04-24;126295;95429;145;0;0;9516099;5008653;4605;1;0
FR;1;2021-04-25;53545;30072;46;0;0;9569644;5038725;4651;1;0
FR;1;2021-04-26;181049;138153;538;0;0;9750693;5176878;5189;1;0
FR;1;2021-04-27;221277;161748;899;0;0;9971970;5338626;6088;1;0
FR;1;2021-04-28;238201;154958;1308;1;1;10210171;5493584;7396;2;1
FR;1;2021-04-29;270192;159961;1206;0;0;10480363;5653545;8602;2;1
FR;1;2021-04-30;271901;147961;1069;0;0;10752264;5801506;9671;2;1
FR;1;2021-05-01;141090;40664;172;0;0;10893354;5842170;9843;2;1
FR;1;2021-05-02;81449;28125;80;0;0;10974803;5870295;9923;2;1
FR;1;2021-05-03;250646;146064;797;0;0;11225449;6016359;10720;2;1
FR;1;2021-05-04;265730;186800;1197;0;0;11491179;6203159;11917;2;1
FR;1;2021-05-05;283727;184504;1263;0;0;11774906;6387663;13180;2;1
FR;1;2021-05-06;309822;182997;1496;0;0;12084728;6570660;14676;2;1
FR;1;2021-05-07;283988;195510;1125;0;0;12368716;6766170;15801;2;1
FR;1;2021-05-08;191620;48364;283;0;0;12560336;6814534;16084;2;1
FR;1;2021-05-09;114010;36073;236;0;0;12674346;6850607;16320;2;1
FR;1;2021-05-10;258064;193959;1179;0;0;12932410;7044566;17499;2;1
FR;1;2021-05-11;318757;211056;1461;0;0;13251167;7255622;18960;2;1
FR;1;2021-05-12;356504;185696;1398;0;0;13607671;7441318;20358;2;1
FR;1;2021-05-13;283349;47725;398;0;0;13891020;7489043;20756;2;1
FR;1;2021-05-14;370405;128590;985;0;0;14261425;7617633;21741;2;1
FR;1;2021-05-15;297993;66072;402;0;0;14559418;7683705;22143;2;1
FR;1;2021-05-16;157710;15537;158;0;0;14717128;7699242;22301;2;1
FR;1;2021-05-17;318802;116417;1434;0;0;15035930;7815659;23735;2;1
FR;1;2021-05-18;383083;111125;1794;0;0;15419013;7926784;25529;2;1
FR;1;2021-05-19;395148;102674;2167;0;0;15814161;8029458;27696;2;1
FR;1;2021-05-20;421630;96147;2039;0;0;16235791;8125605;29735;2;1
FR;1;2021-05-21;399691;97204;1752;0;0;16635482;8222809;31487;2;1
FR;1;2021-05-22;275620;42015;601;0;0;16911102;8264824;32088;2;1
FR;1;2021-05-23;122949;11179;224;0;0;17034051;8276003;32312;2;1
FR;1;2021-05-24;243949;26242;564;0;0;17278000;8302245;32876;2;1
FR;1;2021-05-25;366017;131672;2104;1;0;17644017;8433917;34980;3;1
FR;1;2021-05-26;380712;125633;1983;0;0;18024729;8559550;36963;3;1
FR;1;2021-05-27;406021;127956;1968;0;0;18430750;8687506;38931;3;1
FR;1;2021-05-28;365904;145313;1695;0;0;18796654;8832819;40626;3;1
FR;1;2021-05-29;253783;80864;524;0;0;19050437;8913683;41150;3;1
FR;1;2021-05-30;100921;22528;156;0;0;19151358;8936211;41306;3;1
FR;1;2021-05-31;314178;148850;1279;1;1;19465536;9085061;42585;4;2
FR;1;2021-06-01;361147;166541;1721;1;1;19826683;9251602;44306;5;3
FR;1;2021-06-02;364158;153097;1787;0;0;20190841;9404699;46093;5;3
FR;1;2021-06-03;389839;147590;1646;0;0;20580680;9552289;47739;5;3
FR;1;2021-06-04;363279;175555;1488;1;1;20943959;9727844;49227;6;4
FR;1;2021-06-05;258424;112674;596;0;0;21202383;9840518;49823;6;4
FR;1;2021-06-06;126719;37528;215;0;0;21329102;9878046;50038;6;4
FR;1;2021-06-07;299690;207892;1357;0;0;21628792;10085938;51395;6;4
FR;1;2021-06-08;330466;220757;1631;0;0;21959258;10306695;53026;6;4
FR;1;2021-06-09;336287;212317;1600;0;0;22295545;10519012;54626;6;4
FR;1;2021-06-10;343589;201999;1605;0;0;22639134;10721011;56231;6;4
FR;1;2021-06-11;311664;235273;1288;0;0;22950798;10956284;57519;6;4
FR;1;2021-06-12;243986;150647;430;0;0;23194784;11106931;57949;6;4
FR;1;2021-06-13;100297;60999;188;0;0;23295081;11167930;58137;6;4
FR;1;2021-06-14;207642;288967;1313;1;0;23502723;11456897;59450;7;4
FR;1;2021-06-15;256616;282232;1387;1;0;23759339;11739129;60837;8;4
FR;1;2021-06-16;273453;270609;1260;1;0;24032792;12009738;62097;9;4
FR;1;2021-06-17;268032;244572;1229;1;0;24300824;12254310;63326;10;4
FR;1;2021-06-18;260380;295647;1146;1;0;24561204;12549957;64472;11;4
FR;1;2021-06-19;193400;209459;385;0;0;24754604;12759416;64857;11;4
FR;1;2021-06-20;69635;89150;117;0;0;24824239;12848566;64974;11;4
FR;1;2021-06-21;172169;319830;926;1;1;24996408;13168396;65900;12;5
FR;1;2021-06-22;185643;347794;1093;10;2;25182051;13516190;66993;22;7
FR;1;2021-06-23;203992;339448;1047;0;0;25386043;13855638;68040;22;7
FR;1;2021-06-24;203357;282009;1161;0;0;25589400;14137647;69201;22;7
FR;1;2021-06-25;182450;371761;1196;0;0;25771850;14509408;70397;22;7
FR;1;2021-06-26;131315;278283;501;0;0;25903165;14787691;70898;22;7
FR;1;2021-06-27;52362;122947;143;0;0;25955527;14910638;71041;22;7
FR;1;2021-06-28;136473;368254;1055;0;0;26092000;15278892;72096;22;7
FR;1;2021-06-29;154723;390508;1847;0;0;26246723;15669400;73943;22;7
FR;1;2021-06-30;179854;378558;1661;4;2;26426577;16047958;75604;26;9
FR;1;2021-07-01;201119;332179;1886;5;1;26627696;16380137;77490;31;10
FR;1;2021-07-02;193188;367650;1764;5;3;26820884;16747787;79254;36;13
FR;1;2021-07-03;124325;280450;704;3;1;26945209;17028237;79958;39;14
FR;1;2021-07-04;53894;113680;244;0;0;26999103;17141917;80202;39;14
FR;1;2021-07-05;153557;356076;1499;8;2;27152660;17497993;81701;47;16
FR;1;2021-07-06;173194;382541;1597;44;8;27325854;17880534;83298;91;24
FR;1;2021-07-07;190427;362557;1655;24;5;27516281;18243091;84953;115;29
FR;1;2021-07-08;201261;323096;1825;20;7;27717542;18566187;86778;135;36
FR;1;2021-07-09;189634;387200;1851;3;2;27907176;18953387;88629;138;38
FR;1;2021-07-10;129833;281120;814;1;1;28037009;19234507;89443;139;39
FR;1;2021-07-11;57607;102483;260;0;0;28094616;19336990;89703;139;39
FR;1;2021-07-12;149414;417015;1573;4;0;28244030;19754005;91276;143;39
FR;1;2021-07-13;234014;439494;1804;8;2;28478044;20193499;93080;151;41
FR;1;2021-07-14;171650;151569;416;0;0;28649694;20345068;93496;151;41
FR;1;2021-07-15;279362;424796;1856;1;0;28929056;20769864;95352;152;41
FR;1;2021-07-16;290148;401256;1709;3;1;29219204;21171120;97061;155;42
FR;1;2021-07-17;217237;282132;754;1;0;29436441;21453252;97815;156;42
FR;1;2021-07-18;101951;107312;288;0;0;29538392;21560564;98103;156;42
FR;1;2021-07-19;238024;379377;1495;3;0;29776416;21939941;99598;159;42
FR;1;2021-07-20;305535;380896;1467;0;0;30081951;22320837;101065;159;42
FR;1;2021-07-21;333059;353562;1412;4;2;30415010;22674399;102477;163;44
FR;1;2021-07-22;364362;319480;1500;3;2;30779372;22993879;103977;166;46
FR;1;2021-07-23;347790;343807;1584;4;2;31127162;23337686;105561;170;48
FR;1;2021-07-24;238891;241063;695;1;0;31366053;23578749;106256;171;48
FR;1;2021-07-25;112733;76060;214;0;0;31478786;23654809;106470;171;48
FR;1;2021-07-26;298967;290242;1495;2;2;31777753;23945051;107965;173;50
FR;1;2021-07-27;385657;268888;1457;4;2;32163410;24213939;109422;177;52
FR;1;2021-07-28;390056;251571;1460;4;2;32553466;24465510;110882;181;54
FR;1;2021-07-29;405953;228389;1537;2;1;32959419;24693899;112419;183;55
FR;1;2021-07-30;370493;247100;1632;4;1;33329912;24940999;114051;187;56
FR;1;2021-07-31;243331;165126;793;1;0;33573243;25106125;114844;188;56
FR;1;2021-08-01;105499;47236;232;0;0;33678742;25153361;115076;188;56
FR;1;2021-08-02;296885;213328;1473;2;0;33975627;25366689;116549;190;56
FR;1;2021-08-03;331031;209316;1544;2;1;34306658;25576005;118093;192;57
FR;1;2021-08-04;327685;184417;1435;5;3;34634343;25760422;119528;197;60
FR;1;2021-08-05;301013;193595;1480;0;0;34935356;25954017;121008;197;60
FR;1;2021-08-06;290721;224663;1558;3;1;35226077;26178680;122566;200;61
FR;1;2021-08-07;182551;158826;654;4;3;35408628;26337506;123220;204;64
FR;1;2021-08-08;68824;59147;246;0;0;35477452;26396653;123466;204;64
FR;1;2021-08-09;222578;236073;1436;4;3;35700030;26632726;124902;208;67
FR;1;2021-08-10;252407;240959;1486;2;1;35952437;26873685;126388;210;68
FR;1;2021-08-11;235946;232546;1267;5;1;36188383;27106231;127655;215;69
FR;1;2021-08-12;220482;240319;1482;3;1;36408865;27346550;129137;218;70
FR;1;2021-08-13;201554;238557;1352;2;2;36610419;27585107;130489;220;72
FR;1;2021-08-14;122797;174163;645;0;0;36733216;27759270;131134;220;72
FR;1;2021-08-15;34636;46120;195;1;0;36767852;27805390;131329;221;72
FR;1;2021-08-16;156766;289917;1420;0;0;36924618;28095307;132749;221;72
FR;1;2021-08-17;171451;291767;1418;4;1;37096069;28387074;134167;225;73
FR;1;2021-08-18;161217;287182;1383;6;3;37257286;28674256;135550;231;76
FR;1;2021-08-19;148735;277680;1393;1;0;37406021;28951936;136943;232;76
FR;1;2021-08-20;140288;308504;1518;2;2;37546309;29260440;138461;234;78
FR;1;2021-08-21;84204;213248;585;0;0;37630513;29473688;139046;234;78
FR;1;2021-08-22;28528;82688;229;0;0;37659041;29556376;139275;234;78
FR;1;2021-08-23;118541;321214;1416;2;1;37777582;29877590;140691;236;79
FR;1;2021-08-24;126545;319943;1593;5;1;37904127;30197533;142284;241;80
FR;1;2021-08-25;121376;306594;1773;8;3;38025503;30504127;144057;249;83
FR;1;2021-08-26;106466;286172;2155;10;1;38131969;30790299;146212;259;84
FR;1;2021-08-27;107497;321173;2299;8;3;38239466;31111472;148511;267;87
FR;1;2021-08-28;70930;220677;1100;0;0;38310396;31332149;149611;267;87
FR;1;2021-08-29;24127;78136;463;1;0;38334523;31410285;150074;268;87
FR;1;2021-08-30;96778;286551;4307;6;5166;38431301;31696836;154381;274;5253
FR;1;2021-08-31;97969;276492;9269;14;10196;38529270;31973328;163650;288;15449
FR;1;2021-09-01;111369;245297;21086;7;22000;38640639;32218625;184736;295;37449
FR;1;2021-09-02;84341;198030;24518;11;25397;38724980;32416655;209254;306;62846
FR;1;2021-09-03;82072;227667;26933;21;27950;38807052;32644322;236187;327;90796
FR;1;2021-09-04;71468;189699;11137;11;11624;38878520;32834021;247324;338;102420
FR;1;2021-09-05;18582;41199;4118;2;4285;38897102;32875220;251442;340;106705
FR;1;2021-09-06;59339;151682;30163;15;31057;38956441;33026902;281605;355;137762
FR;1;2021-09-07;56785;139741;30194;27;31057;39013226;33166643;311799;382;168819
FR;1;2021-09-08;70127;173844;26905;20;27773;39083353;33340487;338704;402;196592
FR;1;2021-09-09;53435;124463;28584;23;29563;39136788;33464950;367288;425;226155
FR;1;2021-09-10;65407;152056;30417;21;31495;39202195;33617006;397705;446;257650
FR;1;2021-09-11;51898;146600;9716;13;10221;39254093;33763606;407421;459;267871
FR;1;2021-09-12;10723;29248;2479;2;2626;39264816;33792854;409900;461;270497
FR;1;2021-09-13;51287;104602;38707;28;39733;39316103;33897456;448607;489;310230
FR;1;2021-09-14;53096;96100;51228;65;52640;39369199;33993556;499835;554;362870
FR;1;2021-09-15;60215;139250;50428;55;46898;39429414;34132806;550263;609;409768
FR;1;2021-09-16;46426;81391;53259;72;49395;39475840;34214197;603522;681;459163
FR;1;2021-09-17;53030;109384;45009;60;42582;39528870;34323581;648531;741;501745
FR;1;2021-09-18;37794;118463;11786;19;11245;39566664;34442044;660317;760;512990
FR;1;2021-09-19;6469;21035;2032;1;1968;39573133;34463079;662349;761;514958
FR;1;2021-09-20;36378;74897;46133;66;44017;39609511;34537976;708482;827;558975
FR;1;2021-09-21;34069;68147;56174;71;52492;39643580;34606123;764656;898;611467
FR;1;2021-09-22;38675;118411;49791;77;46713;39682255;34724534;814447;975;658180
FR;1;2021-09-23;31851;62772;54420;86;50708;39714106;34787306;868867;1061;708888
FR;1;2021-09-24;36620;89939;43609;92;41827;39750726;34877245;912476;1153;750715
FR;1;2021-09-25;27584;96539;12293;27;12150;39778310;34973784;924769;1180;762865
FR;1;2021-09-26;4349;15203;1766;4;1692;39782659;34988987;926535;1184;764557
FR;1;2021-09-27;27279;60238;42858;89;41523;39809938;35049225;969393;1273;806080
FR;1;2021-09-28;26809;49434;47113;75;44281;39836747;35098659;1016506;1348;850361
FR;1;2021-09-29;35798;80372;47207;87;45461;39872545;35179031;1063713;1435;895822
FR;1;2021-09-30;25904;46503;47447;80;45281;39898449;35225534;1111160;1515;941103
FR;1;2021-10-01;46709;64747;44836;83;44375;39945158;35290281;1155996;1598;985478
FR;1;2021-10-02;32247;62267;16094;32;16281;39977405;35352548;1172090;1630;1001759
FR;1;2021-10-03;4296;8588;2026;3;2022;39981701;35361136;1174116;1633;1003781
FR;1;2021-10-04;28553;44388;47061;78;46866;40010254;35405524;1221177;1711;1050647
FR;1;2021-10-05;23863;41571;49804;116;49109;40034117;35447095;1270981;1827;1099756
FR;1;2021-10-06;34133;61190;57394;102;57046;40068250;35508285;1328375;1929;1156802
FR;1;2021-10-07;20811;39696;52967;75;51784;40089061;35547981;1381342;2004;1208586
FR;1;2021-10-08;34646;59520;60326;83;60992;40123707;35607501;1441668;2087;1269578
FR;1;2021-10-09;27323;47925;25457;29;25954;40151030;35655426;1467125;2116;1295532
FR;1;2021-10-10;3570;5722;2741;7;2840;40154600;35661148;1469866;2123;1298372
FR;1;2021-10-11;24556;38152;54542;88;55144;40179156;35699300;1524408;2211;1353516
FR;1;2021-10-12;22926;36552;58001;126;59013;40202082;35735852;1582409;2337;1412529
FR;1;2021-10-13;32676;47715;64128;124;65575;40234758;35783567;1646537;2461;1478104
FR;1;2021-10-14;21525;34651;53708;103;54222;40256283;35818218;1700245;2564;1532326
FR;1;2021-10-15;32425;48661;72279;165;74892;40288708;35866879;1772524;2729;1607218
FR;1;2021-10-16;25884;35232;34850;44;36373;40314592;35902111;1807374;2773;1643591
FR;1;2021-10-17;3082;4036;3403;2;3311;40317674;35906147;1810777;2775;1646902
FR;1;2021-10-18;22400;34724;66789;131;69629;40340074;35940871;1877566;2906;1716531
FR;1;2021-10-19;20417;33039;75607;136;79478;40360491;35973910;1953173;3042;1796009
FR;1;2021-10-20;29723;44031;96112;177;99700;40390214;36017941;2049285;3219;1895709
FR;1;2021-10-21;19426;35001;83092;107;86931;40409640;36052942;2132377;3326;1982640
FR;1;2021-10-22;29472;47432;103669;195;109513;40439112;36100374;2236046;3521;2092153
FR;1;2021-10-23;22932;35111;44837;57;47333;40462044;36135485;2280883;3578;2139486
FR;1;2021-10-24;2366;3872;3577;6;3740;40464410;36139357;2284460;3584;2143226
FR;1;2021-10-25;22358;30749;81968;143;85723;40486768;36170106;2366428;3727;2228949
FR;1;2021-10-26;19252;27585;86039;162;90227;40506020;36197691;2452467;3889;2319176
FR;1;2021-10-27;26090;39646;107728;252;112556;40532110;36237337;2560195;4141;2431732
FR;1;2021-10-28;18488;26955;86872;150;91524;40550598;36264292;2647067;4291;2523256
FR;1;2021-10-29;25822;39820;114759;201;121446;40576420;36304112;2761826;4492;2644702
FR;1;2021-10-30;17538;28541;49323;75;51888;40593958;36332653;2811149;4567;2696590
FR;1;2021-10-31;2047;3214;3440;2;3679;40596005;36335867;2814589;4569;2700269
FR;1;2021-11-01;7536;4141;3013;3;3261;40603541;36340008;2817602;4572;2703530
FR;1;2021-11-02;21582;33116;92311;157;97617;40625123;36373124;2909913;4729;2801147
FR;1;2021-11-03;26067;41348;117409;215;123727;40651190;36414472;3027322;4944;2924874
FR;1;2021-11-04;19379;30218;105697;212;111777;40670569;36444690;3133019;5156;3036651
FR;1;2021-11-05;26793;42080;138679;227;147230;40697362;36486770;3271698;5383;3183881
FR;1;2021-11-06;18724;29794;63422;123;66374;40716086;36516564;3335120;5506;3250255
FR;1;2021-11-07;1786;3370;4944;6;5290;40717872;36519934;3340064;5512;3255545
FR;1;2021-11-08;17422;32262;125884;224;132403;40735294;36552196;3465948;5736;3387948
FR;1;2021-11-09;19093;37653;159181;335;168847;40754387;36589849;3625129;6071;3556795
FR;1;2021-11-10;28471;48914;181784;440;192270;40782858;36638763;3806913;6511;3749065
FR;1;2021-11-11;3427;5660;12166;26;12965;40786285;36644423;3819079;6537;3762030
FR;1;2021-11-12;25859;46845;174715;241;186295;40812144;36691268;3993794;6778;3948325
FR;1;2021-11-13;18615;29221;76782;111;81718;40830759;36720489;4070576;6889;4030043
FR;1;2021-11-14;1995;3348;6808;5;7383;40832754;36723837;4077384;6894;4037426
FR;1;2021-11-15;18452;34874;156274;303;166024;40851206;36758711;4233658;7197;4203450
FR;1;2021-11-16;20881;37810;191959;377;204679;40872087;36796521;4425617;7574;4408129
FR;1;2021-11-17;28354;45653;193119;399;204870;40900441;36842174;4618736;7973;4612999
FR;1;2021-11-18;20938;37764;182348;457;194298;40921379;36879938;4801084;8430;4807297
FR;1;2021-11-19;30714;53295;230096;529;246477;40952093;36933233;5031180;8959;5053774
FR;1;2021-11-20;23613;33241;96923;200;103547;40975706;36966474;5128103;9159;5157321
FR;1;2021-11-21;2305;4040;9089;18;9978;40978011;36970514;5137192;9177;5167299
FR;1;2021-11-22;21292;30365;175765;465;189257;40999303;37000879;5312957;9642;5356556
FR;1;2021-11-23;23749;41001;221036;538;237662;41023052;37041880;5533993;10180;5594218
FR;1;2021-11-24;30194;49680;217229;703;234321;41053246;37091560;5751222;10883;5828539
FR;1;2021-11-25;23397;43758;244311;719;263848;41076643;37135318;5995533;11602;6092387
FR;1;2021-11-26;30478;66491;356629;834;388347;41107121;37201809;6352162;12436;6480734
FR;1;2021-11-27;21649;45199;202530;372;222493;41128770;37247008;6554692;12808;6703227
FR;1;2021-11-28;3132;9690;54743;63;61040;41131902;37256698;6609435;12871;6764267
FR;1;2021-11-29;17785;49430;326232;841;354171;41149687;37306128;6935667;13712;7118438
FR;1;2021-11-30;22471;64801;430982;948;470538;41172158;37370929;7366649;14660;7588976
FR;1;2021-12-01;24216;69254;442682;1129;481505;41196374;37440183;7809331;15789;8070481
FR;1;2021-12-02;19808;64254;489209;1224;532615;41216182;37504437;8298540;17013;8603096
FR;1;2021-12-03;22708;81697;542559;1303;591500;41238890;37586134;8841099;18316;9194596
FR;1;2021-12-04;16341;53867;298998;652;328811;41255231;37640001;9140097;18968;9523407
FR;1;2021-12-05;3622;13915;81482;143;91059;41258853;37653916;9221579;19111;9614466
FR;1;2021-12-06;17031;62723;415264;1063;454962;41275884;37716639;9636843;20174;10069428
FR;1;2021-12-07;19697;75739;522746;1531;572296;41295581;37792378;10159589;21705;10641724
FR;1;2021-12-08;21450;75494;458179;1542;501865;41317031;37867872;10617768;23247;11143589
FR;1;2021-12-09;19293;73926;492711;1626;540551;41336324;37941798;11110479;24873;11684140
FR;1;2021-12-10;22408;87529;547196;1583;599781;41358732;38029327;11657675;26456;12283921
FR;1;2021-12-11;16490;58922;302656;746;335393;41375222;38088249;11960331;27202;12619314
FR;1;2021-12-12;4332;15957;83161;179;94067;41379554;38104206;12043492;27381;12713381
FR;1;2021-12-13;15404;63718;366776;1095;406124;41394958;38167924;12410268;28476;13119505
FR;1;2021-12-14;20002;80152;464497;1738;514977;41414960;38248076;12874765;30214;13634482
FR;1;2021-12-15;21233;77210;408865;1307;452922;41436193;38325286;13283630;31521;14087404
FR;1;2021-12-16;19841;77239;451617;1575;500402;41456034;38402525;13735247;33096;14587806
FR;1;2021-12-17;22392;86608;479738;1734;530856;41478426;38489133;14214985;34830;15118662
FR;1;2021-12-18;17570;54636;257534;730;288444;41495996;38543769;14472519;35560;15407106
FR;1;2021-12-19;5537;17169;79121;194;90771;41501533;38560938;14551640;35754;15497877
FR;1;2021-12-20;20723;63039;316058;1081;355130;41522256;38623977;14867698;36835;15853007
FR;1;2021-12-21;26037;73031;372572;1421;417929;41548293;38697008;15240270;38256;16270936
FR;1;2021-12-22;24850;65797;310462;1214;349437;41573143;38762805;15550732;39470;16620373
FR;1;2021-12-23;21157;52265;241351;949;272953;41594300;38815070;15792083;40419;16893326
FR;1;2021-12-24;7050;18228;67092;256;77023;41601350;38833298;15859175;40675;16970349
FR;1;2021-12-25;494;2758;5565;15;6537;41601844;38836056;15864740;40690;16976886
FR;1;2021-12-26;2746;7585;26914;68;31444;41604590;38843641;15891654;40758;17008330
FR;1;2021-12-27;18057;53277;234978;707;265655;41622647;38896918;16126632;41465;17273985
FR;1;2021-12-28;23187;61790;291913;1024;330079;41645834;38958708;16418545;42489;17604064
FR;1;2021-12-29;22158;55446;254880;918;288115;41667992;39014154;16673425;43407;17892179
FR;1;2021-12-30;21174;46071;212059;857;239525;41689166;39060225;16885484;44264;18131704
FR;1;2021-12-31;7252;16545;61810;229;70331;41696418;39076770;16947294;44493;18202035
FR;1;2022-01-01;775;2476;5639;29;6573;41697193;39079246;16952933;44522;18208608
FR;1;2022-01-02;3032;8069;28856;50;33521;41700225;39087315;16981789;44572;18242129
FR;1;2022-01-03;19078;52433;228048;784;257350;41719303;39139748;17209837;45356;18499479
FR;1;2022-01-04;24633;64543;299110;1234;337119;41743936;39204291;17508947;46590;18836598
FR;1;2022-01-05;29017;63533;274723;1097;310027;41772953;39267824;17783670;47687;19146625
FR;1;2022-01-06;26367;65819;306745;1393;346384;41799320;39333643;18090415;49080;19493009
FR;1;2022-01-07;31168;74331;349689;1536;393733;41830488;39407974;18440104;50616;19886742
FR;1;2022-01-08;23300;51371;222444;694;251083;41853788;39459345;18662548;51310;20137825
FR;1;2022-01-09;7071;17221;65998;163;76155;41860859;39476566;18728546;51473;20213980
FR;1;2022-01-10;21235;53612;236638;951;266893;41882094;39530178;18965184;52424;20480873
FR;1;2022-01-11;26356;62621;282147;1276;317672;41908450;39592799;19247331;53700;20798545
FR;1;2022-01-12;28544;61861;246104;1103;277860;41936994;39654660;19493435;54803;21076405
FR;1;2022-01-13;24298;59652;262638;1251;295982;41961292;39714312;19756073;56054;21372387
FR;1;2022-01-14;27688;66408;313833;1364;351106;41988980;39780720;20069906;57418;21723493
FR;1;2022-01-15;19240;44300;199234;618;223821;42008220;39825020;20269140;58036;21947314
FR;1;2022-01-16;5132;13004;51480;135;59569;42013352;39838024;20320620;58171;22006883
FR;1;2022-01-17;16685;39616;184740;779;206804;42030037;39877640;20505360;58950;22213687
FR;1;2022-01-18;19192;45462;212306;1149;236927;42049229;39923102;20717666;60099;22450614
FR;1;2022-01-19;20067;43775;175996;894;197122;42069296;39966877;20893662;60993;22647736
FR;1;2022-01-20;16525;40226;183521;1136;204586;42085821;40007103;21077183;62129;22852322
FR;1;2022-01-21;19627;46901;228840;1400;253257;42105448;40054004;21306023;63529;23105579
FR;1;2022-01-22;13826;33076;144447;578;161331;42119274;40087080;21450470;64107;23266910
FR;1;2022-01-23;3340;8828;33394;130;38333;42122614;40095908;21483864;64237;23305243
FR;1;2022-01-24;11711;32520;142128;705;158222;42134325;40128428;21625992;64942;23463465
FR;1;2022-01-25;14066;37777;163299;1049;181492;42148391;40166205;21789291;65991;23644957
FR;1;2022-01-26;14785;36703;150145;928;166188;42163176;40202908;21939436;66919;23811145
FR;1;2022-01-27;12256;32552;143333;878;157799;42175432;40235460;22082769;67797;23968944
FR;1;2022-01-28;16176;53810;198200;1143;222443;42191608;40289270;22280969;68940;24191387
FR;1;2022-01-29;10246;35437;135159;522;151538;42201854;40324707;22416128;69462;24342925
FR;1;2022-01-30;2471;9339;29654;84;34462;42204325;40334046;22445782;69546;24377387
FR;1;2022-01-31;8707;32310;104274;530;117379;42213032;40366356;22550056;70076;24494766
FR;1;2022-02-01;9987;35925;126972;861;141148;42223019;40402281;22677028;70937;24635914
FR;1;2022-02-02;11110;40819;130243;779;145778;42234129;40443100;22807271;71716;24781692
FR;1;2022-02-03;8661;33017;116908;780;130298;42242790;40476117;22924179;72496;24911990
FR;1;2022-02-04;11338;47911;172477;962;192745;42254128;40524028;23096656;73458;25104735
FR;1;2022-02-05;7688;33924;117534;391;133042;42261816;40557952;23214190;73849;25237777
FR;1;2022-02-06;1687;8067;22725;83;26901;42263503;40566019;23236915;73932;25264678
FR;1;2022-02-07;6973;35275;119008;450;134942;42270476;40601294;23355923;74382;25399620
FR;1;2022-02-08;7493;31387;125570;692;140538;42277969;40632681;23481493;75074;25540158
FR;1;2022-02-09;8381;35833;135173;692;152367;42286350;40668514;23616666;75766;25692525
FR;1;2022-02-10;6523;28903;116233;673;129949;42292873;40697417;23732899;76439;25822474
FR;1;2022-02-11;8524;41176;165013;873;185208;42301397;40738593;23897912;77312;26007682
FR;1;2022-02-12;5262;27497;106652;378;120820;42306659;40766090;24004564;77690;26128502
FR;1;2022-02-13;1210;5686;21692;61;25303;42307869;40771776;24026256;77751;26153805
FR;1;2022-02-14;5326;27005;117989;387;133005;42313195;40798781;24144245;78138;26286810
FR;1;2022-02-15;5549;27949;118766;609;132337;42318744;40826730;24263011;78747;26419147
FR;1;2022-02-16;5612;27887;110315;593;122900;42324356;40854617;24373326;79340;26542047
FR;1;2022-02-17;4373;18865;73047;484;80078;42328729;40873482;24446373;79824;26622125
FR;1;2022-02-18;5451;26292;99098;667;108019;42334180;40899774;24545471;80491;26730144
FR;1;2022-02-19;3509;17057;59442;303;66012;42337689;40916831;24604913;80794;26796156
FR;1;2022-02-20;777;3209;10676;35;12296;42338466;40920040;24615589;80829;26808452
FR;1;2022-02-21;3325;14429;52770;286;57608;42341791;40934469;24668359;81115;26866060
FR;1;2022-02-22;3673;15301;51833;496;55546;42345464;40949770;24720192;81611;26921606
FR;1;2022-02-23;4140;17454;57387;508;62466;42349604;40967224;24777579;82119;26984072
FR;1;2022-02-24;3211;12538;43531;432;46291;42352815;40979762;24821110;82551;27030363
FR;1;2022-02-25;4343;19222;64795;693;68636;42357158;40998984;24885905;83244;27098999
FR;1;2022-02-26;2669;12503;41327;306;45079;42359827;41011487;24927232;83550;27144078
FR;1;2022-02-27;635;2162;7108;42;7970;42360462;41013649;24934340;83592;27152048
FR;1;2022-02-28;2543;9959;34886;300;37300;42363005;41023608;24969226;83892;27189348
FR;1;2022-03-01;2593;10173;38485;387;39389;42365598;41033781;25007711;84279;27228737
FR;1;2022-03-02;3366;11741;41721;389;43758;42368964;41045522;25049432;84668;27272495
FR;1;2022-03-03;2241;7325;25956;298;26267;42371205;41052847;25075388;84966;27298762
FR;1;2022-03-04;2623;10119;35304;570;34769;42373828;41062966;25110692;85536;27333531
FR;1;2022-03-05;1639;6274;21920;277;22307;42375467;41069240;25132612;85813;27355838
FR;1;2022-03-06;345;927;2907;37;3103;42375812;41070167;25135519;85850;27358941
FR;1;2022-03-07;1314;4499;16362;244;15816;42377126;41074666;25151881;86094;27374757
FR;1;2022-03-08;1481;4996;17052;302;15868;42378607;41079662;25168933;86396;27390625
FR;1;2022-03-09;1825;6311;19636;364;18989;42380432;41085973;25188569;86760;27409614
FR;1;2022-03-10;1246;4086;14951;293;13954;42381678;41090059;25203520;87053;27423568
FR;1;2022-03-11;1662;6067;21562;478;19701;42383340;41096126;25225082;87531;27443269
FR;1;2022-03-12;1202;4566;15312;274;14850;42384542;41100692;25240394;87805;27458119
FR;1;2022-03-13;237;596;2048;114;1995;42384779;41101288;25242442;87919;27460114
FR;1;2022-03-14;1033;3475;13246;3873;12373;42385812;41104763;25255688;91792;27472487
FR;1;2022-03-15;1214;3736;14328;6851;12800;42387026;41108499;25270016;98643;27485287
FR;1;2022-03-16;1563;4613;16868;11504;15956;42388589;41113112;25286884;110147;27501243
FR;1;2022-03-17;1070;3023;11366;9600;10458;42389659;41116135;25298250;119747;27511701
FR;1;2022-03-18;1621;4590;17737;16442;16153;42391280;41120725;25315987;136189;27527854
FR;1;2022-03-19;1087;3135;11830;8441;11297;42392367;41123860;25327817;144630;27539151
FR;1;2022-03-20;209;514;1662;1000;1689;42392576;41124374;25329479;145630;27540840
FR;1;2022-03-21;1013;2624;11172;13418;10514;42393589;41126998;25340651;159048;27551354
FR;1;2022-03-22;1135;2968;11928;18650;10904;42394724;41129966;25352579;177698;27562258
FR;1;2022-03-23;1427;3844;14243;20054;13788;42396151;41133810;25366822;197752;27576046
FR;1;2022-03-24;1022;2426;9900;15936;9163;42397173;41136236;25376722;213688;27585209
FR;1;2022-03-25;1444;3905;16321;25233;14984;42398617;41140141;25393043;238921;27600193
FR;1;2022-03-26;1080;2783;10680;11395;10330;42399697;41142924;25403723;250316;27610523
FR;1;2022-03-27;222;531;1700;1364;1753;42399919;41143455;25405423;251680;27612276
FR;1;2022-03-28;1006;2250;9588;15730;9167;42400925;41145705;25415011;267410;27621443
FR;1;2022-03-29;1089;2620;11159;24890;10500;42402014;41148325;25426170;292300;27631943
FR;1;2022-03-30;1548;3344;13579;23966;13073;42403562;41151669;25439749;316266;27645016
FR;1;2022-03-31;1229;2496;10954;22246;10437;42404791;41154165;25450703;338512;27655453
FR;1;2022-04-01;1537;3386;15129;28095;14061;42406328;41157551;25465832;366607;27669514
FR;1;2022-04-02;834;1788;7794;9131;7537;42407162;41159339;25473626;375738;27677051
FR;1;2022-04-03;166;348;1384;1039;1390;42407328;41159687;25475010;376777;27678441
FR;1;2022-04-04;950;1867;8856;16901;8229;42408278;41161554;25483866;393678;27686670
FR;1;2022-04-05;1177;2304;11739;30038;10739;42409455;41163858;25495605;423716;27697409
FR;1;2022-04-06;1238;2506;10838;22558;10266;42410693;41166364;25506443;446274;27707675
FR;1;2022-04-07;1047;2307;11050;29033;10529;42411740;41168671;25517493;475307;27718204
FR;1;2022-04-08;1442;3202;16061;38249;14913;42413182;41171873;25533554;513556;27733117
FR;1;2022-04-09;733;1811;7708;11974;7417;42413915;41173684;25541262;525530;27740534
FR;1;2022-04-10;161;368;1514;1580;1550;42414076;41174052;25542776;527110;27742084
FR;2;2020-12-27;0;0;0;0;0;0;0;0;0;0
FR;2;2020-12-28;0;0;0;0;0;0;0;0;0;0
FR;2;2020-12-29;0;0;0;0;0;0;0;0;0;0
FR;2;2020-12-30;0;0;0;0;0;0;0;0;0;0
FR;2;2020-12-31;0;0;0;0;0;0;0;0;0;0
FR;2;2021-01-01;0;0;0;0;0;0;0;0;0;0
FR;2;2021-01-02;0;0;0;0;0;0;0;0;0;0
FR;2;2021-01-03;0;0;0;0;0;0;0;0;0;0
FR;2;2021-01-04;0;0;0;0;0;0;0;0;0;0
FR;2;2021-01-05;0;0;0;0;0;0;0;0;0;0
FR;2;2021-01-06;0;0;0;0;0;0;0;0;0;0
FR;2;2021-01-07;0;0;0;0;0;0;0;0;0;0
FR;2;2021-01-08;0;0;0;0;0;0;0;0;0;0
FR;2;2021-01-09;0;0;0;0;0;0;0;0;0;0
FR;2;2021-01-10;0;0;0;0;0;0;0;0;0;0
FR;2;2021-01-11;0;0;0;0;0;0;0;0;0;0
FR;2;2021-01-12;0;0;0;0;0;0;0;0;0;0
FR;2;2021-01-13;0;0;0;0;0;0;0;0;0;0
FR;2;2021-01-14;1700;0;0;0;0;1700;0;0;0;0
FR;2;2021-01-15;390;0;0;0;0;2090;0;0;0;0
FR;2;2021-01-16;312;0;0;0;0;2402;0;0;0;0
FR;2;2021-01-17;80;0;0;0;0;2482;0;0;0;0
FR;2;2021-01-18;3072;1;0;0;0;5554;1;0;0;0
FR;2;2021-01-19;4674;0;0;0;0;10228;1;0;0;0
FR;2;2021-01-20;5134;4;0;0;0;15362;5;0;0;0
FR;2;2021-01-21;5334;6;0;0;0;20696;11;0;0;0
FR;2;2021-01-22;5115;1;0;0;0;25811;12;0;0;0
FR;2;2021-01-23;1863;0;0;0;0;27674;12;0;0;0
FR;2;2021-01-24;160;1;0;0;0;27834;13;0;0;0
FR;2;2021-01-25;3810;3;0;0;0;31644;16;0;0;0
FR;2;2021-01-26;3914;1;0;0;0;35558;17;0;0;0
FR;2;2021-01-27;3595;1;0;0;0;39153;18;0;0;0
FR;2;2021-01-28;3744;4;0;0;0;42897;22;0;0;0
FR;2;2021-01-29;3287;2;0;0;0;46184;24;0;0;0
FR;2;2021-01-30;1129;1;0;0;0;47313;25;0;0;0
FR;2;2021-01-31;45;1;0;0;0;47358;26;0;0;0
FR;2;2021-02-01;3399;2;0;0;0;50757;28;0;0;0
FR;2;2021-02-02;4485;9;0;0;0;55242;37;0;0;0
FR;2;2021-02-03;5216;5;0;0;0;60458;42;0;0;0
FR;2;2021-02-04;4927;7;0;0;0;65385;49;0;0;0
FR;2;2021-02-05;4809;13;0;0;0;70194;62;0;0;0
FR;2;2021-02-06;2037;9;0;0;0;72231;71;0;0;0
FR;2;2021-02-07;97;4;0;0;0;72328;75;0;0;0
FR;2;2021-02-08;7549;17;0;0;0;79877;92;0;0;0
FR;2;2021-02-09;8419;25;0;0;0;88296;117;0;0;0
FR;2;2021-02-10;9335;57;0;0;0;97631;174;0;0;0
FR;2;2021-02-11;10271;83;0;0;0;107902;257;0;0;0
FR;2;2021-02-12;10048;251;0;0;0;117950;508;0;0;0
FR;2;2021-02-13;3117;227;0;0;0;121067;735;0;0;0
FR;2;2021-02-14;350;3;0;0;0;121417;738;0;0;0
FR;2;2021-02-15;3453;3083;0;0;0;124870;3821;0;0;0
FR;2;2021-02-16;5064;3952;0;0;0;129934;7773;0;0;0
FR;2;2021-02-17;4249;4435;0;0;0;134183;12208;0;0;0
FR;2;2021-02-18;5399;5105;0;0;0;139582;17313;0;0;0
FR;2;2021-02-19;5323;4361;0;0;0;144905;21674;0;0;0
FR;2;2021-02-20;1864;1506;0;0;0;146769;23180;0;0;0
FR;2;2021-02-21;239;86;0;0;0;147008;23266;0;0;0
FR;2;2021-02-22;3610;3730;0;0;0;150618;26996;0;0;0
FR;2;2021-02-23;4951;3689;0;0;0;155569;30685;0;0;0
FR;2;2021-02-24;5007;3466;0;0;0;160576;34151;0;0;0
FR;2;2021-02-25;5480;3446;0;0;0;166056;37597;0;0;0
FR;2;2021-02-26;4355;3139;0;0;0;170411;40736;0;0;0
FR;2;2021-02-27;1623;1046;0;0;0;172034;41782;0;0;0
FR;2;2021-02-28;176;31;0;0;0;172210;41813;0;0;0
FR;2;2021-03-01;5173;3743;0;0;0;177383;45556;0;0;0
FR;2;2021-03-02;6526;4719;0;0;0;183909;50275;0;0;0
FR;2;2021-03-03;6531;4898;0;0;0;190440;55173;0;0;0
FR;2;2021-03-04;8393;3995;0;0;0;198833;59168;0;0;0
FR;2;2021-03-05;8023;4064;0;0;0;206856;63232;0;0;0
FR;2;2021-03-06;4782;1683;0;0;0;211638;64915;0;0;0
FR;2;2021-03-07;2371;30;0;0;0;214009;64945;0;0;0
FR;2;2021-03-08;4163;8317;0;0;0;218172;73262;0;0;0
FR;2;2021-03-09;7482;8460;1;0;0;225654;81722;1;0;0
FR;2;2021-03-10;7095;9108;0;0;0;232749;90830;1;0;0
FR;2;2021-03-11;9370;9197;1;0;0;242119;100027;2;0;0
FR;2;2021-03-12;7969;8191;0;0;0;250088;108218;2;0;0
FR;2;2021-03-13;10045;2530;0;0;0;260133;110748;2;0;0
FR;2;2021-03-14;4838;401;0;0;0;264971;111149;2;0;0
FR;2;2021-03-15;10904;3510;0;0;0;275875;114659;2;0;0
FR;2;2021-03-16;16753;4639;1;0;0;292628;119298;3;0;0
FR;2;2021-03-17;20218;3959;0;0;0;312846;123257;3;0;0
FR;2;2021-03-18;23361;4924;0;0;0;336207;128181;3;0;0
FR;2;2021-03-19;23295;4544;0;0;0;359502;132725;3;0;0
FR;2;2021-03-20;25439;1543;0;0;0;384941;134268;3;0;0
FR;2;2021-03-21;17668;146;0;0;0;402609;134414;3;0;0
FR;2;2021-03-22;17781;3105;0;0;0;420390;137519;3;0;0
FR;2;2021-03-23;22682;4198;0;0;0;443072;141717;3;0;0
FR;2;2021-03-24;23953;4996;0;0;0;467025;146713;3;0;0
FR;2;2021-03-25;26734;5046;1;0;0;493759;151759;4;0;0
FR;2;2021-03-26;26973;4226;0;0;0;520732;155985;4;0;0
FR;2;2021-03-27;15914;1328;0;0;0;536646;157313;4;0;0
FR;2;2021-03-28;10561;111;0;0;0;547207;157424;4;0;0
FR;2;2021-03-29;18982;4278;0;0;0;566189;161702;4;0;0
FR;2;2021-03-30;24571;6018;0;0;0;590760;167720;4;0;0
FR;2;2021-03-31;28549;5935;0;0;0;619309;173655;4;0;0
FR;2;2021-04-01;34543;8490;1;0;0;653852;182145;5;0;0
FR;2;2021-04-02;29974;7665;0;0;0;683826;189810;5;0;0
FR;2;2021-04-03;16952;3649;0;0;0;700778;193459;5;0;0
FR;2;2021-04-04;9304;948;2;0;0;710082;194407;7;0;0
FR;2;2021-04-05;12437;809;0;0;0;722519;195216;7;0;0
FR;2;2021-04-06;27138;6960;0;0;0;749657;202176;7;0;0
FR;2;2021-04-07;30923;7165;1;0;0;780580;209341;8;0;0
FR;2;2021-04-08;36878;8776;1;0;0;817458;218117;9;0;0
FR;2;2021-04-09;33823;8573;28;0;0;851281;226690;37;0;0
FR;2;2021-04-10;19677;8994;1;0;0;870958;235684;38;0;0
FR;2;2021-04-11;7941;4258;1;0;0;878899;239942;39;0;0
FR;2;2021-04-12;17119;11199;0;0;0;896018;251141;39;0;0
FR;2;2021-04-13;19446;16308;1;0;0;915464;267449;40;0;0
FR;2;2021-04-14;18056;16266;7;0;0;933520;283715;47;0;0
FR;2;2021-04-15;22183;20776;26;0;0;955703;304491;73;0;0
FR;2;2021-04-16;20704;20060;45;0;0;976407;324551;118;0;0
FR;2;2021-04-17;13250;22442;5;0;0;989657;346993;123;0;0
FR;2;2021-04-18;5907;14390;6;0;0;995564;361383;129;0;0
FR;2;2021-04-19;16826;16249;24;0;0;1012390;377632;153;0;0
FR;2;2021-04-20;19313;21557;38;0;0;1031703;399189;191;0;0
FR;2;2021-04-21;20281;21667;76;0;0;1051984;420856;267;0;0
FR;2;2021-04-22;23804;24845;41;0;0;1075788;445701;308;0;0
FR;2;2021-04-23;24511;25339;76;0;0;1100299;471040;384;0;0
FR;2;2021-04-24;25299;15084;102;0;0;1125598;486124;486;0;0
FR;2;2021-04-25;9592;8592;5;0;0;1135190;494716;491;0;0
FR;2;2021-04-26;17154;17206;21;0;0;1152344;511922;512;0;0
FR;2;2021-04-27;19238;24272;40;0;0;1171582;536194;552;0;0
FR;2;2021-04-28;22331;26185;112;0;0;1193913;562379;664;0;0
FR;2;2021-04-29;25462;30133;69;0;0;1219375;592512;733;0;0
FR;2;2021-04-30;25529;27743;49;1;0;1244904;620255;782;1;0
FR;2;2021-05-01;14980;9873;6;0;0;1259884;630128;788;1;0
FR;2;2021-05-02;6634;9174;2;0;0;1266518;639302;790;1;0
FR;2;2021-05-03;20012;19285;40;0;0;1286530;658587;830;1;0
FR;2;2021-05-04;18280;29026;33;0;0;1304810;687613;863;1;0
FR;2;2021-05-05;18358;29373;48;0;0;1323168;716986;911;1;0
FR;2;2021-05-06;23536;35232;131;0;0;1346704;752218;1042;1;0
FR;2;2021-05-07;25320;33203;97;0;0;1372024;785421;1139;1;0
FR;2;2021-05-08;21333;9717;14;0;0;1393357;795138;1153;1;0
FR;2;2021-05-09;13161;7878;7;0;0;1406518;803016;1160;1;0
FR;2;2021-05-10;32936;22175;48;0;0;1439454;825191;1208;1;0
FR;2;2021-05-11;43591;21051;101;0;0;1483045;846242;1309;1;0
FR;2;2021-05-12;50036;19875;143;0;0;1533081;866117;1452;1;0
FR;2;2021-05-13;51286;5764;31;0;0;1584367;871881;1483;1;0
FR;2;2021-05-14;61337;12922;132;0;0;1645704;884803;1615;1;0
FR;2;2021-05-15;65918;7137;39;0;0;1711622;891940;1654;1;0
FR;2;2021-05-16;43578;2568;10;0;0;1755200;894508;1664;1;0
FR;2;2021-05-17;44741;12561;113;0;0;1799941;907069;1777;1;0
FR;2;2021-05-18;54632;12236;191;0;0;1854573;919305;1968;1;0
FR;2;2021-05-19;57159;10603;281;0;0;1911732;929908;2249;1;0
FR;2;2021-05-20;63429;10841;286;0;0;1975161;940749;2535;1;0
FR;2;2021-05-21;64283;11650;230;0;0;2039444;952399;2765;1;0
FR;2;2021-05-22;61475;4504;65;0;0;2100919;956903;2830;1;0
FR;2;2021-05-23;37529;570;22;0;0;2138448;957473;2852;1;0
FR;2;2021-05-24;17232;2032;33;0;0;2155680;959505;2885;1;0
FR;2;2021-05-25;21101;12232;239;0;0;2176781;971737;3124;1;0
FR;2;2021-05-26;19929;11444;229;0;0;2196710;983181;3353;1;0
FR;2;2021-05-27;22991;12658;181;0;0;2219701;995839;3534;1;0
FR;2;2021-05-28;29385;14953;190;0;0;2249086;1010792;3724;1;0
FR;2;2021-05-29;30413;8177;57;0;0;2279499;1018969;3781;1;0
FR;2;2021-05-30;4646;1813;6;0;0;2284145;1020782;3787;1;0
FR;2;2021-05-31;28583;18718;183;0;0;2312728;1039500;3970;1;0
FR;2;2021-06-01;45709;20020;221;0;0;2358437;1059520;4191;1;0
FR;2;2021-06-02;37459;19300;181;0;0;2395896;1078820;4372;1;0
FR;2;2021-06-03;51265;23346;161;0;0;2447161;1102166;4533;1;0
FR;2;2021-06-04;65508;24047;215;0;0;2512669;1126213;4748;1;0
FR;2;2021-06-05;34597;24025;51;0;0;2547266;1150238;4799;1;0
FR;2;2021-06-06;4947;6199;10;0;0;2552213;1156437;4809;1;0
FR;2;2021-06-07;28160;23053;146;0;0;2580373;1179490;4955;1;0
FR;2;2021-06-08;46368;22928;143;0;0;2626741;1202418;5098;1;0
FR;2;2021-06-09;34280;20920;107;0;0;2661021;1223338;5205;1;0
FR;2;2021-06-10;42631;19135;95;1;0;2703652;1242473;5300;2;0
FR;2;2021-06-11;55280;25226;134;0;0;2758932;1267699;5434;2;0
FR;2;2021-06-12;30557;19776;53;0;0;2789489;1287475;5487;2;0
FR;2;2021-06-13;3327;9183;13;0;0;2792816;1296658;5500;2;0
FR;2;2021-06-14;25294;24163;92;0;0;2818110;1320821;5592;2;0
FR;2;2021-06-15;39025;22851;154;0;0;2857135;1343672;5746;2;0
FR;2;2021-06-16;30156;21455;134;0;0;2887291;1365127;5880;2;0
FR;2;2021-06-17;36899;25869;150;0;0;2924190;1390996;6030;2;0
FR;2;2021-06-18;46842;28795;122;0;0;2971032;1419791;6152;2;0
FR;2;2021-06-19;24523;24894;39;0;0;2995555;1444685;6191;2;0
FR;2;2021-06-20;3738;10062;10;0;0;2999293;1454747;6201;2;0
FR;2;2021-06-21;17520;42835;87;0;0;3016813;1497582;6288;2;0
FR;2;2021-06-22;28353;49540;110;0;0;3045166;1547122;6398;2;0
FR;2;2021-06-23;21784;49561;106;1;1;3066950;1596683;6504;3;1
FR;2;2021-06-24;28372;50288;133;0;0;3095322;1646971;6637;3;1
FR;2;2021-06-25;33394;60379;127;0;0;3128716;1707350;6764;3;1
FR;2;2021-06-26;16369;59238;54;1;0;3145085;1766588;6818;4;1
FR;2;2021-06-27;2564;29323;22;1;0;3147649;1795911;6840;5;1
FR;2;2021-06-28;12633;54337;80;0;0;3160282;1850248;6920;5;1
FR;2;2021-06-29;19837;59882;178;0;0;3180119;1910130;7098;5;1
FR;2;2021-06-30;16315;57848;251;17;0;3196434;1967978;7349;22;1
FR;2;2021-07-01;20472;59889;227;0;0;3216906;2027867;7576;22;1
FR;2;2021-07-02;24068;62122;183;0;0;3240974;2089989;7759;22;1
FR;2;2021-07-03;12106;57079;153;0;0;3253080;2147068;7912;22;1
FR;2;2021-07-04;1958;23309;18;0;0;3255038;2170377;7930;22;1
FR;2;2021-07-05;9168;29358;106;0;0;3264206;2199735;8036;22;1
FR;2;2021-07-06;14572;36200;134;0;0;3278778;2235935;8170;22;1
FR;2;2021-07-07;14398;33663;138;0;0;3293176;2269598;8308;22;1
FR;2;2021-07-08;19709;40292;162;0;0;3312885;2309890;8470;22;1
FR;2;2021-07-09;27089;54261;202;1;0;3339974;2364151;8672;23;1
FR;2;2021-07-10;13381;33660;107;0;0;3353355;2397811;8779;23;1
FR;2;2021-07-11;1802;4337;16;0;0;3355157;2402148;8795;23;1
FR;2;2021-07-12;12959;37266;118;0;0;3368116;2439414;8913;23;1
FR;2;2021-07-13;37108;53226;150;0;0;3405224;2492640;9063;23;1
FR;2;2021-07-14;6603;3571;15;0;0;3411827;2496211;9078;23;1
FR;2;2021-07-15;47220;47022;156;0;0;3459047;2543233;9234;23;1
FR;2;2021-07-16;64302;55819;187;0;0;3523349;2599052;9421;23;1
FR;2;2021-07-17;31591;23930;96;0;0;3554940;2622982;9517;23;1
FR;2;2021-07-18;6086;4893;19;0;0;3561026;2627875;9536;23;1
FR;2;2021-07-19;32983;28682;93;0;0;3594009;2656557;9629;23;1
FR;2;2021-07-20;51983;44558;155;0;0;3645992;2701115;9784;23;1
FR;2;2021-07-21;45242;34783;93;0;0;3691234;2735898;9877;23;1
FR;2;2021-07-22;56270;41112;128;1;0;3747504;2777010;10005;24;1
FR;2;2021-07-23;68272;49092;170;0;0;3815776;2826102;10175;24;1
FR;2;2021-07-24;36162;21574;82;0;0;3851938;2847676;10257;24;1
FR;2;2021-07-25;6736;2658;10;0;0;3858674;2850334;10267;24;1
FR;2;2021-07-26;36290;22465;91;1;0;3894964;2872799;10358;25;1
FR;2;2021-07-27;62344;34624;180;0;0;3957308;2907423;10538;25;1
FR;2;2021-07-28;55280;26458;133;0;0;4012588;2933881;10671;25;1
FR;2;2021-07-29;68435;32777;189;0;0;4081023;2966658;10860;25;1
FR;2;2021-07-30;74421;37777;222;1;1;4155444;3004435;11082;26;2
FR;2;2021-07-31;34747;16175;104;0;0;4190191;3020610;11186;26;2
FR;2;2021-08-01;5394;2292;19;0;0;4195585;3022902;11205;26;2
FR;2;2021-08-02;35850;16208;101;0;0;4231435;3039110;11306;26;2
FR;2;2021-08-03;55952;28288;142;0;0;4287387;3067398;11448;26;2
FR;2;2021-08-04;46616;20860;128;0;0;4334003;3088258;11576;26;2
FR;2;2021-08-05;54603;31583;215;0;0;4388606;3119841;11791;26;2
FR;2;2021-08-06;58068;42384;242;1;0;4446674;3162225;12033;27;2
FR;2;2021-08-07;25131;17599;89;0;0;4471805;3179824;12122;27;2
FR;2;2021-08-08;3831;3669;21;0;0;4475636;3183493;12143;27;2
FR;2;2021-08-09;29284;21134;91;0;0;4504920;3204627;12234;27;2
FR;2;2021-08-10;44981;33509;154;0;0;4549901;3238136;12388;27;2
FR;2;2021-08-11;35260;25165;150;0;0;4585161;3263301;12538;27;2
FR;2;2021-08-12;41882;35731;162;0;0;4627043;3299032;12700;27;2
FR;2;2021-08-13;42580;37023;218;0;0;4669623;3336055;12918;27;2
FR;2;2021-08-14;18502;22260;93;0;0;4688125;3358315;13011;27;2
FR;2;2021-08-15;3799;3815;17;0;0;4691924;3362130;13028;27;2
FR;2;2021-08-16;25070;27217;110;0;0;4716994;3389347;13138;27;2
FR;2;2021-08-17;38246;43482;205;2;0;4755240;3432829;13343;29;2
FR;2;2021-08-18;32243;36386;194;1;1;4787483;3469215;13537;30;3
FR;2;2021-08-19;37425;46599;224;0;0;4824908;3515814;13761;30;3
FR;2;2021-08-20;40550;55583;269;1;0;4865458;3571397;14030;31;3
FR;2;2021-08-21;18114;24302;113;0;0;4883572;3595699;14143;31;3
FR;2;2021-08-22;2901;4326;22;1;1;4886473;3600025;14165;32;4
FR;2;2021-08-23;19238;35152;131;1;1;4905711;3635177;14296;33;5
FR;2;2021-08-24;31934;56025;235;0;0;4937645;3691202;14531;33;5
FR;2;2021-08-25;25925;43419;250;0;0;4963570;3734621;14781;33;5
FR;2;2021-08-26;32341;55781;387;0;0;4995911;3790402;15168;33;5
FR;2;2021-08-27;36991;65566;478;3;1;5032902;3855968;15646;36;6
FR;2;2021-08-28;17811;28462;300;0;0;5050713;3884430;15946;36;6
FR;2;2021-08-29;2655;5038;47;0;0;5053368;3889468;15993;36;6
FR;2;2021-08-30;18407;37742;399;0;761;5071775;3927210;16392;36;767
FR;2;2021-08-31;28073;57510;882;4;1534;5099848;3984720;17274;40;2301
FR;2;2021-09-01;21586;39823;1305;0;2086;5121434;4024543;18579;40;4387
FR;2;2021-09-02;25475;48595;1959;2;3278;5146909;4073138;20538;42;7665
FR;2;2021-09-03;33403;64469;2986;3;4814;5180312;4137607;23524;45;12479
FR;2;2021-09-04;16823;27676;1441;1;2343;5197135;4165283;24965;46;14822
FR;2;2021-09-05;2258;3618;263;0;412;5199393;4168901;25228;46;15234
FR;2;2021-09-06;14031;28737;1768;1;2928;5213424;4197638;26996;47;18162
FR;2;2021-09-07;21099;41052;3019;13;4844;5234523;4238690;30015;60;23006
FR;2;2021-09-08;17239;31910;2730;6;4448;5251762;4270600;32745;66;27454
FR;2;2021-09-09;20970;40438;4428;3;6725;5272732;4311038;37173;69;34179
FR;2;2021-09-10;28189;51103;5278;4;8782;5300921;4362141;42451;73;42961
FR;2;2021-09-11;13649;22343;2402;5;3921;5314570;4384484;44853;78;46882
FR;2;2021-09-12;1822;2795;283;0;502;5316392;4387279;45136;78;47384
FR;2;2021-09-13;11656;21449;2465;4;3994;5328048;4408728;47601;82;51378
FR;2;2021-09-14;18564;32764;5080;13;9003;5346612;4441492;52681;95;60381
FR;2;2021-09-15;14908;28282;5163;3;7779;5361520;4469774;57844;98;68160
FR;2;2021-09-16;16065;32758;6731;14;10517;5377585;4502532;64575;112;78677
FR;2;2021-09-17;20908;47069;8774;10;14566;5398493;4549601;73349;122;93243
FR;2;2021-09-18;9852;20915;3801;6;6021;5408345;4570516;77150;128;99264
FR;2;2021-09-19;1164;2656;395;0;649;5409509;4573172;77545;128;99913
FR;2;2021-09-20;7488;18803;3850;7;6148;5416997;4591975;81395;135;106061
FR;2;2021-09-21;11201;30013;6492;5;10737;5428198;4621988;87887;140;116798
FR;2;2021-09-22;9405;23550;5489;7;8511;5437603;4645538;93376;147;125309
FR;2;2021-09-23;10720;28866;7876;9;12629;5448323;4674404;101252;156;137938
FR;2;2021-09-24;15062;42837;10868;18;17158;5463385;4717241;112120;174;155096
FR;2;2021-09-25;7257;18712;3961;10;6078;5470642;4735953;116081;184;161174
FR;2;2021-09-26;1078;2561;494;0;637;5471720;4738514;116575;184;161811
FR;2;2021-09-27;6308;16449;4285;7;6550;5478028;4754963;120860;191;168361
FR;2;2021-09-28;9239;25537;7759;13;12052;5487267;4780500;128619;204;180413
FR;2;2021-09-29;8078;20209;6066;25;9254;5495345;4800709;134685;229;189667
FR;2;2021-09-30;9862;25782;9496;16;14073;5505207;4826491;144181;245;203740
FR;2;2021-10-01;13964;35622;12909;25;19219;5519171;4862113;157090;270;222959
FR;2;2021-10-02;6871;15864;4842;6;6994;5526042;4877977;161932;276;229953
FR;2;2021-10-03;841;1959;491;1;517;5526883;4879936;162423;277;230470
FR;2;2021-10-04;5816;13916;5514;5;7856;5532699;4893852;167937;282;238326
FR;2;2021-10-05;9048;22546;11119;19;15708;5541747;4916398;179056;301;254034
FR;2;2021-10-06;7776;17741;8236;11;11063;5549523;4934139;187292;312;265097
FR;2;2021-10-07;9192;22178;12372;15;16818;5558715;4956317;199664;327;281915
FR;2;2021-10-08;13420;32029;17344;27;23513;5572135;4988346;217008;354;305428
FR;2;2021-10-09;5996;12816;6039;6;7872;5578131;5001162;223047;360;313300
FR;2;2021-10-10;882;1640;435;2;630;5579013;5002802;223482;362;313930
FR;2;2021-10-11;5602;11612;6454;17;8836;5584615;5014414;229936;379;322766
FR;2;2021-10-12;8033;17752;12532;13;16723;5592648;5032166;242468;392;339489
FR;2;2021-10-13;6937;14854;10245;11;13603;5599585;5047020;252713;403;353092
FR;2;2021-10-14;8309;17928;14985;13;19440;5607894;5064948;267698;416;372532
FR;2;2021-10-15;11843;26261;20894;26;27927;5619737;5091209;288592;442;400459
FR;2;2021-10-16;5136;8730;1815;0;3205;5624873;5099939;290407;442;403664
FR;2;2021-10-17;650;1200;183;0;377;5625523;5101139;290590;442;404041
FR;2;2021-10-18;4556;7431;660;2;1678;5630079;5108570;291250;444;405719
FR;2;2021-10-19;6236;9904;728;5;2063;5636315;5118474;291978;449;407782
FR;2;2021-10-20;5159;8116;756;3;1686;5641474;5126590;292734;452;409468
FR;2;2021-10-21;6087;9971;777;5;2093;5647561;5136561;293511;457;411561
FR;2;2021-10-22;8443;14544;1141;4;2858;5656004;5151105;294652;461;414419
FR;2;2021-10-23;3840;5995;581;0;1236;5659844;5157100;295233;461;415655
FR;2;2021-10-24;493;881;99;0;199;5660337;5157981;295332;461;415854
FR;2;2021-10-25;3357;5388;299;1;830;5663694;5163369;295631;462;416684
FR;2;2021-10-26;4172;7245;1118;4;1996;5667866;5170614;296749;466;418680
FR;2;2021-10-27;3671;6630;1192;5;1999;5671537;5177244;297941;471;420679
FR;2;2021-10-28;4595;7692;1724;3;2735;5676132;5184936;299665;474;423414
FR;2;2021-10-29;5406;11075;2428;4;3664;5681538;5196011;302093;478;427078
FR;2;2021-10-30;2748;4434;971;1;1426;5684286;5200445;303064;479;428504
FR;2;2021-10-31;363;548;138;1;186;5684649;5200993;303202;480;428690
FR;2;2021-11-01;412;553;172;0;263;5685061;5201546;303374;480;428953
FR;2;2021-11-02;3285;6769;1179;0;1757;5688346;5208315;304553;480;430710
FR;2;2021-11-03;3334;6253;1381;2;1966;5691680;5214568;305934;482;432676
FR;2;2021-11-04;3985;7109;1757;4;2488;5695665;5221677;307691;486;435164
FR;2;2021-11-05;5221;10498;2863;5;3941;5700886;5232175;310554;491;439105
FR;2;2021-11-06;2589;4657;1396;0;1803;5703475;5236832;311950;491;440908
FR;2;2021-11-07;507;868;215;0;287;5703982;5237700;312165;491;441195
FR;2;2021-11-08;2577;5381;1199;3;1682;5706559;5243081;313364;494;442877
FR;2;2021-11-09;2748;6959;2391;6;3173;5709307;5250040;315755;500;446050
FR;2;2021-11-10;2584;5714;5088;6;6259;5711891;5255754;320843;506;452309
FR;2;2021-11-11;432;738;730;2;912;5712323;5256492;321573;508;453221
FR;2;2021-11-12;2947;8108;8959;8;10893;5715270;5264600;330532;516;464114
FR;2;2021-11-13;1529;3372;3865;7;4523;5716799;5267972;334397;523;468637
FR;2;2021-11-14;254;610;345;1;486;5717053;5268582;334742;524;469123
FR;2;2021-11-15;1618;3711;4433;9;5324;5718671;5272293;339175;533;474447
FR;2;2021-11-16;2182;5957;8286;14;10059;5720853;5278250;347461;547;484506
FR;2;2021-11-17;1738;4572;6615;8;7832;5722591;5282822;354076;555;492338
FR;2;2021-11-18;2187;5945;9169;11;10989;5724778;5288767;363245;566;503327
FR;2;2021-11-19;2696;7793;12955;19;15459;5727474;5296560;376200;585;518786
FR;2;2021-11-20;1565;3322;5164;5;6060;5729039;5299882;381364;590;524846
FR;2;2021-11-21;246;523;539;0;666;5729285;5300405;381903;590;525512
FR;2;2021-11-22;1275;2632;4467;5;5403;5730560;5303037;386370;595;530915
FR;2;2021-11-23;1613;4318;8184;9;9887;5732173;5307355;394554;604;540802
FR;2;2021-11-24;1420;3812;7455;14;8711;5733593;5311167;402009;618;549513
FR;2;2021-11-25;1809;4899;11441;21;13639;5735402;5316066;413450;639;563152
FR;2;2021-11-26;2533;7769;22642;31;26056;5737935;5323835;436092;670;589208
FR;2;2021-11-27;1497;4135;12254;18;13989;5739432;5327970;448346;688;603197
FR;2;2021-11-28;291;843;1965;3;2291;5739723;5328813;450311;691;605488
FR;2;2021-11-29;1444;4394;15070;23;17236;5741167;5333207;465381;714;622724
FR;2;2021-11-30;1911;6760;26218;36;29974;5743078;5339967;491599;750;652698
FR;2;2021-12-01;1899;6107;26181;29;29502;5744977;5346074;517780;779;682200
FR;2;2021-12-02;1910;6836;37680;52;41921;5746887;5352910;555460;831;724121
FR;2;2021-12-03;2549;10093;53583;112;59296;5749436;5363003;609043;943;783417
FR;2;2021-12-04;1847;6284;37084;38;40746;5751283;5369287;646127;981;824163
FR;2;2021-12-05;458;2286;14248;14;15992;5751741;5371573;660375;995;840155
FR;2;2021-12-06;2454;9888;77673;109;84728;5754195;5381461;738048;1104;924883
FR;2;2021-12-07;3442;15330;122404;238;133673;5757637;5396791;860452;1342;1058556
FR;2;2021-12-08;3715;16046;133164;330;145353;5761352;5412837;993616;1672;1203909
FR;2;2021-12-09;4541;19603;170134;554;185472;5765893;5432440;1163750;2226;1389381
FR;2;2021-12-10;4667;22805;188597;489;206019;5770560;5455245;1352347;2715;1595400
FR;2;2021-12-11;3682;16621;132418;238;144850;5774242;5471866;1484765;2953;1740250
FR;2;2021-12-12;1257;7145;59071;83;65129;5775499;5479011;1543836;3036;1805379
FR;2;2021-12-13;5523;26839;220639;604;242909;5781022;5505850;1764475;3640;2048288
FR;2;2021-12-14;7015;37509;300701;910;332154;5788037;5543359;2065176;4550;2380442
FR;2;2021-12-15;6556;36227;285156;955;315737;5794593;5579586;2350332;5505;2696179
FR;2;2021-12-16;7764;37937;312086;981;343684;5802357;5617523;2662418;6486;3039863
FR;2;2021-12-17;8682;41205;327819;975;360864;5811039;5658728;2990237;7461;3400727
FR;2;2021-12-18;6516;26571;212313;448;233622;5817555;5685299;3202550;7909;3634349
FR;2;2021-12-19;2602;11496;90196;184;100376;5820157;5696795;3292746;8093;3734725
FR;2;2021-12-20;9549;33609;275130;707;303305;5829706;5730404;3567876;8800;4038030
FR;2;2021-12-21;11553;38298;309574;970;341333;5841259;5768702;3877450;9770;4379363
FR;2;2021-12-22;10453;32868;265067;952;292459;5851712;5801570;4142517;10722;4671822
FR;2;2021-12-23;9428;26710;199439;700;221245;5861140;5828280;4341956;11422;4893067
FR;2;2021-12-24;2780;7501;43841;140;49557;5863920;5835781;4385797;11562;4942624
FR;2;2021-12-25;201;704;2000;10;2500;5864121;5836485;4387797;11572;4945124
FR;2;2021-12-26;1322;4217;25143;71;28680;5865443;5840702;4412940;11643;4973804
FR;2;2021-12-27;8076;29922;218372;660;243283;5873519;5870624;4631312;12303;5217087
FR;2;2021-12-28;9840;36344;272061;741;301946;5883359;5906968;4903373;13044;5519033
FR;2;2021-12-29;9493;32295;246092;766;272669;5892852;5939263;5149465;13810;5791702
FR;2;2021-12-30;9450;28134;208798;662;231464;5902302;5967397;5358263;14472;6023166
FR;2;2021-12-31;3009;8394;54973;177;61240;5905311;5975791;5413236;14649;6084406
FR;2;2022-01-01;227;689;2849;7;3338;5905538;5976480;5416085;14656;6087744
FR;2;2022-01-02;1505;4850;29505;74;33392;5907043;5981330;5445590;14730;6121136
FR;2;2022-01-03;9577;35353;266494;807;293850;5916620;6016683;5712084;15537;6414986
FR;2;2022-01-04;12841;45351;342049;1067;376925;5929461;6062034;6054133;16604;6791911
FR;2;2022-01-05;11271;38663;294121;884;323792;5940732;6100697;6348254;17488;7115703
FR;2;2022-01-06;13652;43470;331906;1296;364671;5954384;6144167;6680160;18784;7480374
FR;2;2022-01-07;14220;47610;361061;1268;396372;5968604;6191777;7041221;20052;7876746
FR;2;2022-01-08;7947;28140;201244;515;221665;5976551;6219917;7242465;20567;8098411
FR;2;2022-01-09;2748;9031;62514;137;69535;5979299;6228948;7304979;20704;8167946
FR;2;2022-01-10;10085;31912;232431;857;255033;5989384;6260860;7537410;21561;8422979
FR;2;2022-01-11;11464;36259;265857;1030;290555;6000848;6297119;7803267;22591;8713534
FR;2;2022-01-12;8758;29842;206286;861;226164;6009606;6326961;8009553;23452;8939698
FR;2;2022-01-13;9383;31337;224450;830;244792;6018989;6358298;8234003;24282;9184490
FR;2;2022-01-14;9739;35676;254502;919;277672;6028728;6393974;8488505;25201;9462162
FR;2;2022-01-15;5355;19446;140762;359;153625;6034083;6413420;8629267;25560;9615787
FR;2;2022-01-16;1513;5534;35862;80;39848;6035596;6418954;8665129;25640;9655635
FR;2;2022-01-17;5545;19307;135378;601;147246;6041141;6438261;8800507;26241;9802881
FR;2;2022-01-18;6415;21541;148598;648;160475;6047556;6459802;8949105;26889;9963356
FR;2;2022-01-19;4386;16374;105074;552;113684;6051942;6476176;9054179;27441;10077040
FR;2;2022-01-20;4865;17585;115266;601;123664;6056807;6493761;9169445;28042;10200704
FR;2;2022-01-21;5192;20059;137317;677;147733;6061999;6513820;9306762;28719;10348437
FR;2;2022-01-22;3026;10972;74249;259;80326;6065025;6524792;9381011;28978;10428763
FR;2;2022-01-23;722;2738;15233;41;16840;6065747;6527530;9396244;29019;10445603
FR;2;2022-01-24;3290;12837;75053;430;81010;6069037;6540367;9471297;29449;10526613
FR;2;2022-01-25;3573;14437;79606;495;85446;6072610;6554804;9550903;29944;10612059
FR;2;2022-01-26;2514;10654;58953;363;62984;6075124;6565458;9609856;30307;10675043
FR;2;2022-01-27;2683;11215;64155;388;67888;6077807;6576673;9674011;30695;10742931
FR;2;2022-01-28;3542;18439;91705;430;98965;6081349;6595112;9765716;31125;10841896
FR;2;2022-01-29;1889;9265;48833;164;52918;6083238;6604377;9814549;31289;10894814
FR;2;2022-01-30;466;2251;9453;37;10611;6083704;6606628;9824002;31326;10905425
FR;2;2022-01-31;1886;9610;43810;208;47340;6085590;6616238;9867812;31534;10952765
FR;2;2022-02-01;1907;10049;47016;278;50101;6087497;6626287;9914828;31812;11002866
FR;2;2022-02-02;1602;9036;41096;251;44168;6089099;6635323;9955924;32063;11047034
FR;2;2022-02-03;1716;8936;40505;204;42907;6090815;6644259;9996429;32267;11089941
FR;2;2022-02-04;2152;15224;66614;297;71337;6092967;6659483;10063043;32564;11161278
FR;2;2022-02-05;1362;8543;35930;131;39228;6094329;6668026;10098973;32695;11200506
FR;2;2022-02-06;274;1783;6122;16;6897;6094603;6669809;10105095;32711;11207403
FR;2;2022-02-07;1347;9612;37740;133;41300;6095950;6679421;10142835;32844;11248703
FR;2;2022-02-08;1296;9804;40924;173;43704;6097246;6689225;10183759;33017;11292407
FR;2;2022-02-09;1160;8805;37029;172;40446;6098406;6698030;10220788;33189;11332853
FR;2;2022-02-10;1015;7971;33826;203;36493;6099421;6706001;10254614;33392;11369346
FR;2;2022-02-11;1390;12074;53332;222;57676;6100811;6718075;10307946;33614;11427022
FR;2;2022-02-12;750;6523;27982;83;30799;6101561;6724598;10335928;33697;11457821
FR;2;2022-02-13;198;1334;4832;20;5572;6101759;6725932;10340760;33717;11463393
FR;2;2022-02-14;834;6722;30256;89;33220;6102593;6732654;10371016;33806;11496613
FR;2;2022-02-15;772;6444;28039;141;29978;6103365;6739098;10399055;33947;11526591
FR;2;2022-02-16;654;5337;22033;123;23592;6104019;6744435;10421088;34070;11550183
FR;2;2022-02-17;512;3766;14139;98;14602;6104531;6748201;10435227;34168;11564785
FR;2;2022-02-18;721;5357;20426;133;21120;6105252;6753558;10455653;34301;11585905
FR;2;2022-02-19;429;3044;10526;66;11239;6105681;6756602;10466179;34367;11597144
FR;2;2022-02-20;101;510;1455;3;1602;6105782;6757112;10467634;34370;11598746
FR;2;2022-02-21;419;2679;9109;65;9484;6106201;6759791;10476743;34435;11608230
FR;2;2022-02-22;390;2560;8886;75;8787;6106591;6762351;10485629;34510;11617017
FR;2;2022-02-23;431;2594;8979;82;9258;6107022;6764945;10494608;34592;11626275
FR;2;2022-02-24;312;2025;6794;81;6820;6107334;6766970;10501402;34673;11633095
FR;2;2022-02-25;455;3189;11406;108;11269;6107789;6770159;10512808;34781;11644364
FR;2;2022-02-26;291;1888;6032;49;6337;6108080;6772047;10518840;34830;11650701
FR;2;2022-02-27;75;311;903;5;945;6108155;6772358;10519743;34835;11651646
FR;2;2022-02-28;328;1672;5511;50;5516;6108483;6774030;10525254;34885;11657162
FR;2;2022-03-01;271;1550;5465;44;5182;6108754;6775580;10530719;34929;11662344
FR;2;2022-03-02;296;1428;5236;43;5076;6109050;6777008;10535955;34972;11667420
FR;2;2022-03-03;223;1097;3696;40;3472;6109273;6778105;10539651;35012;11670892
FR;2;2022-03-04;234;1456;4845;73;4490;6109507;6779561;10544496;35085;11675382
FR;2;2022-03-05;167;901;2971;32;2713;6109674;6780462;10547467;35117;11678095
FR;2;2022-03-06;37;178;269;5;310;6109711;6780640;10547736;35122;11678405
FR;2;2022-03-07;152;650;1979;68;1770;6109863;6781290;10549715;35190;11680175
FR;2;2022-03-08;142;649;2263;49;1896;6110005;6781939;10551978;35239;11682071
FR;2;2022-03-09;149;692;2331;36;2031;6110154;6782631;10554309;35275;11684102
FR;2;2022-03-10;116;586;1673;34;1444;6110270;6783217;10555982;35309;11685546
FR;2;2022-03-11;169;749;2761;57;2361;6110439;6783966;10558743;35366;11687907
FR;2;2022-03-12;142;476;1782;27;1550;6110581;6784442;10560525;35393;11689457
FR;2;2022-03-13;25;73;201;29;202;6110606;6784515;10560726;35422;11689659
FR;2;2022-03-14;119;452;1543;529;1275;6110725;6784967;10562269;35951;11690934
FR;2;2022-03-15;141;410;1697;687;1311;6110866;6785377;10563966;36638;11692245
FR;2;2022-03-16;137;454;1990;1610;1568;6111003;6785831;10565956;38248;11693813
FR;2;2022-03-17;92;410;1401;1190;1140;6111095;6786241;10567357;39438;11694953
FR;2;2022-03-18;138;487;2013;1787;1655;6111233;6786728;10569370;41225;11696608
FR;2;2022-03-19;106;318;1208;938;1012;6111339;6787046;10570578;42163;11697620
FR;2;2022-03-20;12;74;181;58;155;6111351;6787120;10570759;42221;11697775
FR;2;2022-03-21;94;292;1190;1479;1048;6111445;6787412;10571949;43700;11698823
FR;2;2022-03-22;115;381;1515;1826;1280;6111560;6787793;10573464;45526;11700103
FR;2;2022-03-23;137;334;1649;3023;1433;6111697;6788127;10575113;48549;11701536
FR;2;2022-03-24;110;284;1161;1543;975;6111807;6788411;10576274;50092;11702511
FR;2;2022-03-25;114;353;1777;2446;1450;6111921;6788764;10578051;52538;11703961
FR;2;2022-03-26;68;242;1189;1220;936;6111989;6789006;10579240;53758;11704897
FR;2;2022-03-27;18;36;150;98;130;6112007;6789042;10579390;53856;11705027
FR;2;2022-03-28;88;276;1117;1570;974;6112095;6789318;10580507;55426;11706001
FR;2;2022-03-29;102;249;1306;2460;1089;6112197;6789567;10581813;57886;11707090
FR;2;2022-03-30;87;295;1462;3121;1290;6112284;6789862;10583275;61007;11708380
FR;2;2022-03-31;104;267;1232;2260;1042;6112388;6790129;10584507;63267;11709422
FR;2;2022-04-01;110;295;1456;2310;1225;6112498;6790424;10585963;65577;11710647
FR;2;2022-04-02;60;155;823;887;719;6112558;6790579;10586786;66464;11711366
FR;2;2022-04-03;15;52;123;110;136;6112573;6790631;10586909;66574;11711502
FR;2;2022-04-04;100;206;916;1382;720;6112673;6790837;10587825;67956;11712222
FR;2;2022-04-05;134;272;1231;2722;1069;6112807;6791109;10589056;70678;11713291
FR;2;2022-04-06;79;230;1231;2354;1041;6112886;6791339;10590287;73032;11714332
FR;2;2022-04-07;110;198;1226;2502;976;6112996;6791537;10591513;75534;11715308
FR;2;2022-04-08;107;299;1497;2843;1223;6113103;6791836;10593010;78377;11716531
FR;2;2022-04-09;78;190;824;994;676;6113181;6792026;10593834;79371;11717207
FR;2;2022-04-10;26;34;118;157;98;6113207;6792060;10593952;79528;11717305
FR;3;2020-12-27;0;0;0;0;0;0;0;0;0;0
FR;3;2020-12-28;0;0;0;0;0;0;0;0;0;0
FR;3;2020-12-29;0;0;0;0;0;0;0;0;0;0
FR;3;2020-12-30;0;0;0;0;0;0;0;0;0;0
FR;3;2020-12-31;0;0;0;0;0;0;0;0;0;0
FR;3;2021-01-01;0;0;0;0;0;0;0;0;0;0
FR;3;2021-01-02;0;0;0;0;0;0;0;0;0;0
FR;3;2021-01-03;0;0;0;0;0;0;0;0;0;0
FR;3;2021-01-04;0;0;0;0;0;0;0;0;0;0
FR;3;2021-01-05;0;0;0;0;0;0;0;0;0;0
FR;3;2021-01-06;0;0;0;0;0;0;0;0;0;0
FR;3;2021-01-07;0;0;0;0;0;0;0;0;0;0
FR;3;2021-01-08;0;0;0;0;0;0;0;0;0;0
FR;3;2021-01-09;0;0;0;0;0;0;0;0;0;0
FR;3;2021-01-10;0;0;0;0;0;0;0;0;0;0
FR;3;2021-01-11;0;0;0;0;0;0;0;0;0;0
FR;3;2021-01-12;0;0;0;0;0;0;0;0;0;0
FR;3;2021-01-13;0;0;0;0;0;0;0;0;0;0
FR;3;2021-01-14;0;0;0;0;0;0;0;0;0;0
FR;3;2021-01-15;0;0;0;0;0;0;0;0;0;0
FR;3;2021-01-16;0;0;0;0;0;0;0;0;0;0
FR;3;2021-01-17;0;0;0;0;0;0;0;0;0;0
FR;3;2021-01-18;0;0;0;0;0;0;0;0;0;0
FR;3;2021-01-19;0;0;0;0;0;0;0;0;0;0
FR;3;2021-01-20;0;0;0;0;0;0;0;0;0;0
FR;3;2021-01-21;0;0;0;0;0;0;0;0;0;0
FR;3;2021-01-22;0;0;0;0;0;0;0;0;0;0
FR;3;2021-01-23;0;0;0;0;0;0;0;0;0;0
FR;3;2021-01-24;0;0;0;0;0;0;0;0;0;0
FR;3;2021-01-25;0;0;0;0;0;0;0;0;0;0
FR;3;2021-01-26;0;0;0;0;0;0;0;0;0;0
FR;3;2021-01-27;0;0;0;0;0;0;0;0;0;0
FR;3;2021-01-28;0;0;0;0;0;0;0;0;0;0
FR;3;2021-01-29;0;0;0;0;0;0;0;0;0;0
FR;3;2021-01-30;0;0;0;0;0;0;0;0;0;0
FR;3;2021-01-31;0;0;0;0;0;0;0;0;0;0
FR;3;2021-02-01;0;0;0;0;0;0;0;0;0;0
FR;3;2021-02-02;0;0;0;0;0;0;0;0;0;0
FR;3;2021-02-03;0;0;0;0;0;0;0;0;0;0
FR;3;2021-02-04;0;0;0;0;0;0;0;0;0;0
FR;3;2021-02-05;0;0;0;0;0;0;0;0;0;0
FR;3;2021-02-06;1699;0;0;0;0;1699;0;0;0;0
FR;3;2021-02-07;1422;0;0;0;0;3121;0;0;0;0
FR;3;2021-02-08;2780;0;0;0;0;5901;0;0;0;0
FR;3;2021-02-09;6780;0;0;0;0;12681;0;0;0;0
FR;3;2021-02-10;9601;0;0;0;0;22282;0;0;0;0
FR;3;2021-02-11;13607;0;0;0;0;35889;0;0;0;0
FR;3;2021-02-12;13393;0;0;0;0;49282;0;0;0;0
FR;3;2021-02-13;3779;0;0;0;0;53061;0;0;0;0
FR;3;2021-02-14;972;0;0;0;0;54033;0;0;0;0
FR;3;2021-02-15;10476;0;0;0;0;64509;0;0;0;0
FR;3;2021-02-16;12541;1;0;0;0;77050;1;0;0;0
FR;3;2021-02-17;11149;0;0;0;0;88199;1;0;0;0
FR;3;2021-02-18;14933;2;0;0;0;103132;3;0;0;0
FR;3;2021-02-19;14359;1;0;0;0;117491;4;0;0;0
FR;3;2021-02-20;3329;0;0;0;0;120820;4;0;0;0
FR;3;2021-02-21;618;0;0;0;0;121438;4;0;0;0
FR;3;2021-02-22;9160;0;0;0;0;130598;4;0;0;0
FR;3;2021-02-23;11394;1;0;0;0;141992;5;0;0;0
FR;3;2021-02-24;14298;0;0;0;0;156290;5;0;0;0
FR;3;2021-02-25;44927;1;0;0;0;201217;6;0;0;0
FR;3;2021-02-26;61882;2;0;0;0;263099;8;0;0;0
FR;3;2021-02-27;34800;5;0;0;0;297899;13;0;0;0
FR;3;2021-02-28;2463;0;0;0;0;300362;13;0;0;0
FR;3;2021-03-01;20503;9;0;0;0;320865;22;0;0;0
FR;3;2021-03-02;38859;17;0;0;0;359724;39;0;0;0
FR;3;2021-03-03;48728;16;0;0;0;408452;55;0;0;0
FR;3;2021-03-04;82210;19;0;0;0;490662;74;0;0;0
FR;3;2021-03-05;118119;37;0;0;0;608781;111;0;0;0
FR;3;2021-03-06;120706;49;1;0;0;729487;160;1;0;0
FR;3;2021-03-07;55175;26;0;0;0;784662;186;1;0;0
FR;3;2021-03-08;42806;23;0;0;0;827468;209;1;0;0
FR;3;2021-03-09;78967;39;0;0;0;906435;248;1;0;0
FR;3;2021-03-10;80961;42;0;0;0;987396;290;1;0;0
FR;3;2021-03-11;128409;48;0;0;0;1115805;338;1;0;0
FR;3;2021-03-12;182715;75;0;0;0;1298520;413;1;0;0
FR;3;2021-03-13;132136;57;0;0;0;1430656;470;1;0;0
FR;3;2021-03-14;14054;4;0;0;0;1444710;474;1;0;0
FR;3;2021-03-15;52219;40;0;0;0;1496929;514;1;0;0
FR;3;2021-03-16;1207;17;0;0;0;1498136;531;1;0;0
FR;3;2021-03-17;941;20;0;0;0;1499077;551;1;0;0
FR;3;2021-03-18;1563;9;0;0;0;1500640;560;1;0;0
FR;3;2021-03-19;70444;45;0;0;0;1571084;605;1;0;0
FR;3;2021-03-20;65222;41;0;0;0;1636306;646;1;0;0
FR;3;2021-03-21;5754;4;0;0;0;1642060;650;1;0;0
FR;3;2021-03-22;37492;35;0;0;0;1679552;685;1;0;0
FR;3;2021-03-23;84647;59;0;0;0;1764199;744;1;0;0
FR;3;2021-03-24;90931;91;0;0;0;1855130;835;1;0;0
FR;3;2021-03-25;150041;122;0;0;0;2005171;957;1;0;0
FR;3;2021-03-26;165409;151;0;0;0;2170580;1108;1;0;0
FR;3;2021-03-27;68453;94;0;0;0;2239033;1202;1;0;0
FR;3;2021-03-28;6468;19;0;0;0;2245501;1221;1;0;0
FR;3;2021-03-29;54152;68;0;0;0;2299653;1289;1;0;0
FR;3;2021-03-30;93154;95;0;0;0;2392807;1384;1;0;0
FR;3;2021-03-31;63518;86;0;0;0;2456325;1470;1;0;0
FR;3;2021-04-01;86116;101;0;0;0;2542441;1571;1;0;0
FR;3;2021-04-02;86886;147;0;0;0;2629327;1718;1;0;0
FR;3;2021-04-03;35867;113;0;0;0;2665194;1831;1;0;0
FR;3;2021-04-04;3569;14;0;0;0;2668763;1845;1;0;0
FR;3;2021-04-05;4482;26;0;0;0;2673245;1871;1;0;0
FR;3;2021-04-06;29738;79;0;0;0;2702983;1950;1;0;0
FR;3;2021-04-07;32333;70;0;0;0;2735316;2020;1;0;0
FR;3;2021-04-08;78808;236;0;0;0;2814124;2256;1;0;0
FR;3;2021-04-09;161744;409;0;0;0;2975868;2665;1;0;0
FR;3;2021-04-10;75752;331;0;0;0;3051620;2996;1;0;0
FR;3;2021-04-11;7307;44;0;0;0;3058927;3040;1;0;0
FR;3;2021-04-12;51465;201;0;0;0;3110392;3241;1;0;0
FR;3;2021-04-13;86215;312;0;0;0;3196607;3553;1;0;0
FR;3;2021-04-14;67832;338;0;0;0;3264439;3891;1;0;0
FR;3;2021-04-15;93218;365;0;0;0;3357657;4256;1;0;0
FR;3;2021-04-16;112513;565;0;0;0;3470170;4821;1;0;0
FR;3;2021-04-17;53311;319;1;0;0;3523481;5140;2;0;0
FR;3;2021-04-18;9741;32;0;0;0;3533222;5172;2;0;0
FR;3;2021-04-19;25101;234;0;0;0;3558323;5406;2;0;0
FR;3;2021-04-20;45667;391;0;0;0;3603990;5797;2;0;0
FR;3;2021-04-21;38961;462;0;0;0;3642951;6259;2;0;0
FR;3;2021-04-22;54699;777;0;0;0;3697650;7036;2;0;0
FR;3;2021-04-23;70478;1010;0;0;0;3768128;8046;2;0;0
FR;3;2021-04-24;37240;975;0;0;0;3805368;9021;2;0;0
FR;3;2021-04-25;6201;156;0;0;0;3811569;9177;2;0;0
FR;3;2021-04-26;19779;646;0;0;0;3831348;9823;2;0;0
FR;3;2021-04-27;34468;1248;0;0;0;3865816;11071;2;0;0
FR;3;2021-04-28;28957;1928;0;0;0;3894773;12999;2;0;0
FR;3;2021-04-29;45372;5946;0;0;0;3940145;18945;2;0;0
FR;3;2021-04-30;55450;8915;1;0;0;3995595;27860;3;0;0
FR;3;2021-05-01;9507;1964;0;0;0;4005102;29824;3;0;0
FR;3;2021-05-02;3069;488;0;0;0;4008171;30312;3;0;0
FR;3;2021-05-03;13054;3882;0;0;0;4021225;34194;3;0;0
FR;3;2021-05-04;23108;8394;0;0;0;4044333;42588;3;0;0
FR;3;2021-05-05;18746;10573;0;0;0;4063079;53161;3;0;0
FR;3;2021-05-06;34614;20870;0;0;0;4097693;74031;3;0;0
FR;3;2021-05-07;44198;28377;0;0;0;4141891;102408;3;0;0
FR;3;2021-05-08;6778;8848;0;0;0;4148669;111256;3;0;0
FR;3;2021-05-09;1792;2652;0;0;0;4150461;113908;3;0;0
FR;3;2021-05-10;14984;12550;0;0;0;4165445;126458;3;0;0
FR;3;2021-05-11;27090;25717;0;0;0;4192535;152175;3;0;0
FR;3;2021-05-12;17263;27440;0;0;0;4209798;179615;3;0;0
FR;3;2021-05-13;2275;3480;0;0;0;4212073;183095;3;0;0
FR;3;2021-05-14;14509;25701;0;0;0;4226582;208796;3;0;0
FR;3;2021-05-15;7229;20737;0;0;0;4233811;229533;3;0;0
FR;3;2021-05-16;973;2677;0;0;0;4234784;232210;3;0;0
FR;3;2021-05-17;7956;19912;0;0;0;4242740;252122;3;0;0
FR;3;2021-05-18;13403;29618;0;0;0;4256143;281740;3;0;0
FR;3;2021-05-19;9260;31764;0;0;0;4265403;313504;3;0;0
FR;3;2021-05-20;12800;53171;3;0;0;4278203;366675;6;0;0
FR;3;2021-05-21;12758;65477;2;0;0;4290961;432152;8;0;0
FR;3;2021-05-22;4958;33262;1;0;0;4295919;465414;9;0;0
FR;3;2021-05-23;649;2664;0;0;0;4296568;468078;9;0;0
FR;3;2021-05-24;877;4923;0;0;0;4297445;473001;9;0;0
FR;3;2021-05-25;5296;45147;1;0;0;4302741;518148;10;0;0
FR;3;2021-05-26;4965;51017;1;0;0;4307706;569165;11;0;0
FR;3;2021-05-27;6319;77778;3;0;0;4314025;646943;14;0;0
FR;3;2021-05-28;7539;99020;2;0;0;4321564;745963;16;0;0
FR;3;2021-05-29;3343;60237;1;0;0;4324907;806200;17;0;0
FR;3;2021-05-30;544;8233;0;0;0;4325451;814433;17;0;0
FR;3;2021-05-31;2430;35937;3;0;0;4327881;850370;20;0;0
FR;3;2021-06-01;3394;64754;10;0;0;4331275;915124;30;0;0
FR;3;2021-06-02;2721;58295;6;0;0;4333996;973419;36;0;0
FR;3;2021-06-03;3489;87497;10;0;0;4337485;1060916;46;0;0
FR;3;2021-06-04;4104;105035;22;0;0;4341589;1165951;68;0;0
FR;3;2021-06-05;1972;52213;4;0;0;4343561;1218164;72;0;0
FR;3;2021-06-06;504;5396;1;0;0;4344065;1223560;73;0;0
FR;3;2021-06-07;1464;31122;11;0;0;4345529;1254682;84;0;0
FR;3;2021-06-08;2043;47227;18;0;0;4347572;1301909;102;0;0
FR;3;2021-06-09;1784;42345;13;0;0;4349356;1344254;115;0;0
FR;3;2021-06-10;2241;67911;17;0;0;4351597;1412165;132;0;0
FR;3;2021-06-11;2468;96707;34;0;0;4354065;1508872;166;0;0
FR;3;2021-06-12;1172;40812;6;0;0;4355237;1549684;172;0;0
FR;3;2021-06-13;275;3817;3;0;0;4355512;1553501;175;0;0
FR;3;2021-06-14;1035;42631;17;0;0;4356547;1596132;192;0;0
FR;3;2021-06-15;1362;80625;20;0;0;4357909;1676757;212;0;0
FR;3;2021-06-16;1253;65702;19;0;0;4359162;1742459;231;0;0
FR;3;2021-06-17;1656;101772;41;0;0;4360818;1844231;272;0;0
FR;3;2021-06-18;1867;117866;61;0;0;4362685;1962097;333;0;0
FR;3;2021-06-19;801;39354;22;0;0;4363486;2001451;355;0;0
FR;3;2021-06-20;158;3387;0;0;0;4363644;2004838;355;0;0
FR;3;2021-06-21;762;39255;16;0;0;4364406;2044093;371;0;0
FR;3;2021-06-22;1060;69961;52;0;0;4365466;2114054;423;0;0
FR;3;2021-06-23;941;50807;39;0;0;4366407;2164861;462;0;0
FR;3;2021-06-24;1303;77132;48;0;0;4367710;2241993;510;0;0
FR;3;2021-06-25;1400;89908;73;0;0;4369110;2331901;583;0;0
FR;3;2021-06-26;625;33126;29;0;0;4369735;2365027;612;0;0
FR;3;2021-06-27;163;4010;1;0;0;4369898;2369037;613;0;0
FR;3;2021-06-28;646;30418;27;0;0;4370544;2399455;640;0;0
FR;3;2021-06-29;851;56141;95;0;0;4371395;2455596;735;0;0
FR;3;2021-06-30;897;45062;93;0;0;4372292;2500658;828;0;0
FR;3;2021-07-01;1160;65645;108;0;0;4373452;2566303;936;0;0
FR;3;2021-07-02;1291;90362;170;0;0;4374743;2656665;1106;0;0
FR;3;2021-07-03;600;31177;52;0;0;4375343;2687842;1158;0;0
FR;3;2021-07-04;141;4270;3;0;0;4375484;2692112;1161;0;0
FR;3;2021-07-05;606;33901;60;0;0;4376090;2726013;1221;0;0
FR;3;2021-07-06;955;56059;88;0;0;4377045;2782072;1309;0;0
FR;3;2021-07-07;869;43052;79;0;0;4377914;2825124;1388;0;0
FR;3;2021-07-08;1121;60711;99;0;0;4379035;2885835;1487;0;0
FR;3;2021-07-09;1258;68797;128;0;0;4380293;2954632;1615;0;0
FR;3;2021-07-10;639;25041;59;0;0;4380932;2979673;1674;0;0
FR;3;2021-07-11;127;3305;4;0;0;4381059;2982978;1678;0;0
FR;3;2021-07-12;658;23886;59;0;0;4381717;3006864;1737;0;0
FR;3;2021-07-13;1643;34735;90;0;0;4383360;3041599;1827;0;0
FR;3;2021-07-14;260;2643;2;0;0;4383620;3044242;1829;0;0
FR;3;2021-07-15;1930;30669;85;0;0;4385550;3074911;1914;0;0
FR;3;2021-07-16;2520;38868;122;0;0;4388070;3113779;2036;0;0
FR;3;2021-07-17;1044;13750;26;0;0;4389114;3127529;2062;0;0
FR;3;2021-07-18;261;2617;3;0;0;4389375;3130146;2065;0;0
FR;3;2021-07-19;1271;17217;37;0;0;4390646;3147363;2102;0;0
FR;3;2021-07-20;1821;27159;98;0;0;4392467;3174522;2200;0;0
FR;3;2021-07-21;1645;19729;44;0;0;4394112;3194251;2244;0;0
FR;3;2021-07-22;1846;27765;82;0;0;4395958;3222016;2326;0;0
FR;3;2021-07-23;2211;30456;117;0;0;4398169;3252472;2443;0;0
FR;3;2021-07-24;821;7013;25;0;0;4398990;3259485;2468;0;0
FR;3;2021-07-25;208;1354;1;0;0;4399198;3260839;2469;0;0
FR;3;2021-07-26;920;10715;28;0;0;4400118;3271554;2497;0;0
FR;3;2021-07-27;1164;16952;56;0;0;4401282;3288506;2553;0;0
FR;3;2021-07-28;985;12113;40;0;0;4402267;3300619;2593;0;0
FR;3;2021-07-29;1126;15850;63;0;0;4403393;3316469;2656;0;0
FR;3;2021-07-30;1124;18113;79;0;0;4404517;3334582;2735;0;0
FR;3;2021-07-31;406;3743;15;0;0;4404923;3338325;2750;0;0
FR;3;2021-08-01;112;483;1;0;0;4405035;3338808;2751;0;0
FR;3;2021-08-02;417;5162;22;0;0;4405452;3343970;2773;0;0
FR;3;2021-08-03;486;7598;27;0;0;4405938;3351568;2800;0;0
FR;3;2021-08-04;434;4899;26;0;0;4406372;3356467;2826;0;0
FR;3;2021-08-05;427;3746;12;0;0;4406799;3360213;2838;0;0
FR;3;2021-08-06;451;4802;30;0;0;4407250;3365015;2868;0;0
FR;3;2021-08-07;214;1925;11;0;0;4407464;3366940;2879;0;0
FR;3;2021-08-08;245;433;2;0;0;4407709;3367373;2881;0;0
FR;3;2021-08-09;310;2521;11;0;0;4408019;3369894;2892;0;0
FR;3;2021-08-10;358;3891;15;0;0;4408377;3373785;2907;0;0
FR;3;2021-08-11;284;2724;15;0;0;4408661;3376509;2922;0;0
FR;3;2021-08-12;274;2635;12;0;0;4408935;3379144;2934;0;0
FR;3;2021-08-13;275;2268;16;0;0;4409210;3381412;2950;0;0
FR;3;2021-08-14;169;923;1;0;0;4409379;3382335;2951;0;0
FR;3;2021-08-15;55;168;0;0;0;4409434;3382503;2951;0;0
FR;3;2021-08-16;122;1093;8;0;0;4409556;3383596;2959;0;0
FR;3;2021-08-17;186;1510;8;0;0;4409742;3385106;2967;0;0
FR;3;2021-08-18;194;1375;10;0;0;4409936;3386481;2977;0;0
FR;3;2021-08-19;163;1433;10;0;0;4410099;3387914;2987;0;0
FR;3;2021-08-20;163;1637;16;0;0;4410262;3389551;3003;0;0
FR;3;2021-08-21;93;587;2;0;0;4410355;3390138;3005;0;0
FR;3;2021-08-22;38;187;1;0;0;4410393;3390325;3006;0;0
FR;3;2021-08-23;139;941;7;0;0;4410532;3391266;3013;0;0
FR;3;2021-08-24;123;966;10;0;0;4410655;3392232;3023;0;0
FR;3;2021-08-25;135;850;2;0;0;4410790;3393082;3025;0;0
FR;3;2021-08-26;168;876;9;0;0;4410958;3393958;3034;0;0
FR;3;2021-08-27;172;966;9;0;0;4411130;3394924;3043;0;0
FR;3;2021-08-28;95;370;4;0;0;4411225;3395294;3047;0;0
FR;3;2021-08-29;124;134;1;0;0;4411349;3395428;3048;0;0
FR;3;2021-08-30;95;601;0;0;137;4411444;3396029;3048;0;137
FR;3;2021-08-31;125;715;7;0;157;4411569;3396744;3055;0;294
FR;3;2021-09-01;113;482;5;0;126;4411682;3397226;3060;0;420
FR;3;2021-09-02;99;636;22;0;123;4411781;3397862;3082;0;543
FR;3;2021-09-03;114;592;17;0;130;4411895;3398454;3099;0;673
FR;3;2021-09-04;51;299;3;0;59;4411946;3398753;3102;0;732
FR;3;2021-09-05;51;69;5;0;30;4411997;3398822;3107;0;762
FR;3;2021-09-06;112;405;4;0;151;4412109;3399227;3111;0;913
FR;3;2021-09-07;121;481;14;0;133;4412230;3399708;3125;0;1046
FR;3;2021-09-08;115;370;2;0;104;4412345;3400078;3127;0;1150
FR;3;2021-09-09;87;402;8;0;117;4412432;3400480;3135;0;1267
FR;3;2021-09-10;99;426;3;0;106;4412531;3400906;3138;0;1373
FR;3;2021-09-11;73;235;4;0;65;4412604;3401141;3142;0;1438
FR;3;2021-09-12;36;49;1;0;17;4412640;3401190;3143;0;1455
FR;3;2021-09-13;66;331;7;0;112;4412706;3401521;3150;0;1567
FR;3;2021-09-14;66;294;6;0;108;4412772;3401815;3156;0;1675
FR;3;2021-09-15;58;263;3;0;6;4412830;3402078;3159;0;1681
FR;3;2021-09-16;59;342;5;0;5;4412889;3402420;3164;0;1686
FR;3;2021-09-17;49;348;3;0;7;4412938;3402768;3167;0;1693
FR;3;2021-09-18;34;178;1;0;1;4412972;3402946;3168;0;1694
FR;3;2021-09-19;27;32;2;0;1;4412999;3402978;3170;0;1695
FR;3;2021-09-20;77;215;0;0;1;4413076;3403193;3170;0;1696
FR;3;2021-09-21;56;290;6;0;7;4413132;3403483;3176;0;1703
FR;3;2021-09-22;62;230;6;0;7;4413194;3403713;3182;0;1710
FR;3;2021-09-23;34;275;10;0;7;4413228;3403988;3192;0;1717
FR;3;2021-09-24;23;319;12;0;19;4413251;3404307;3204;0;1736
FR;3;2021-09-25;28;155;3;0;3;4413279;3404462;3207;0;1739
FR;3;2021-09-26;15;55;1;0;1;4413294;3404517;3208;0;1740
FR;3;2021-09-27;39;290;3;0;5;4413333;3404807;3211;0;1745
FR;3;2021-09-28;49;258;6;0;10;4413382;3405065;3217;0;1755
FR;3;2021-09-29;32;225;10;0;13;4413414;3405290;3227;0;1768
FR;3;2021-09-30;37;200;8;0;10;4413451;3405490;3235;0;1778
FR;3;2021-10-01;17;170;5;0;6;4413468;3405660;3240;0;1784
FR;3;2021-10-02;14;92;0;0;0;4413482;3405752;3240;0;1784
FR;3;2021-10-03;18;20;1;0;2;4413500;3405772;3241;0;1786
FR;3;2021-10-04;28;164;4;0;4;4413528;3405936;3245;0;1790
FR;3;2021-10-05;15;157;10;0;13;4413543;3406093;3255;0;1803
FR;3;2021-10-06;30;162;7;0;8;4413573;3406255;3262;0;1811
FR;3;2021-10-07;17;145;6;0;6;4413590;3406400;3268;0;1817
FR;3;2021-10-08;20;146;10;0;9;4413610;3406546;3278;0;1826
FR;3;2021-10-09;12;73;1;0;1;4413622;3406619;3279;0;1827
FR;3;2021-10-10;9;15;2;0;2;4413631;3406634;3281;0;1829
FR;3;2021-10-11;13;126;4;0;5;4413644;3406760;3285;0;1834
FR;3;2021-10-12;16;117;4;0;4;4413660;3406877;3289;0;1838
FR;3;2021-10-13;22;121;7;0;5;4413682;3406998;3296;0;1843
FR;3;2021-10-14;16;160;3;0;4;4413698;3407158;3299;0;1847
FR;3;2021-10-15;21;155;8;0;11;4413719;3407313;3307;0;1858
FR;3;2021-10-16;10;79;6;0;8;4413729;3407392;3313;0;1866
FR;3;2021-10-17;9;24;0;0;0;4413738;3407416;3313;0;1866
FR;3;2021-10-18;17;131;2;0;1;4413755;3407547;3315;0;1867
FR;3;2021-10-19;16;129;19;0;21;4413771;3407676;3334;0;1888
FR;3;2021-10-20;18;135;5;0;6;4413789;3407811;3339;0;1894
FR;3;2021-10-21;22;137;17;0;13;4413811;3407948;3356;0;1907
FR;3;2021-10-22;17;130;16;0;20;4413828;3408078;3372;0;1927
FR;3;2021-10-23;12;59;2;0;1;4413840;3408137;3374;0;1928
FR;3;2021-10-24;7;27;0;0;0;4413847;3408164;3374;0;1928
FR;3;2021-10-25;21;155;6;0;6;4413868;3408319;3380;0;1934
FR;3;2021-10-26;18;119;22;0;19;4413886;3408438;3402;0;1953
FR;3;2021-10-27;15;118;9;0;9;4413901;3408556;3411;0;1962
FR;3;2021-10-28;19;130;33;0;36;4413920;3408686;3444;0;1998
FR;3;2021-10-29;10;127;64;0;54;4413930;3408813;3508;0;2052
FR;3;2021-10-30;8;73;11;1;10;4413938;3408886;3519;1;2062
FR;3;2021-10-31;5;23;1;0;1;4413943;3408909;3520;1;2063
FR;3;2021-11-01;6;21;2;0;1;4413949;3408930;3522;1;2064
FR;3;2021-11-02;9;109;8;0;10;4413958;3409039;3530;1;2074
FR;3;2021-11-03;19;125;9;0;9;4413977;3409164;3539;1;2083
FR;3;2021-11-04;15;98;3;0;2;4413992;3409262;3542;1;2085
FR;3;2021-11-05;17;148;8;1;5;4414009;3409410;3550;2;2090
FR;3;2021-11-06;6;67;3;0;3;4414015;3409477;3553;2;2093
FR;3;2021-11-07;6;21;1;0;1;4414021;3409498;3554;2;2094
FR;3;2021-11-08;10;143;7;0;5;4414031;3409641;3561;2;2099
FR;3;2021-11-09;9;156;5;0;5;4414040;3409797;3566;2;2104
FR;3;2021-11-10;11;189;13;0;14;4414051;3409986;3579;2;2118
FR;3;2021-11-11;5;54;3;0;3;4414056;3410040;3582;2;2121
FR;3;2021-11-12;9;165;6;0;4;4414065;3410205;3588;2;2125
FR;3;2021-11-13;5;80;8;0;10;4414070;3410285;3596;2;2135
FR;3;2021-11-14;2;20;0;0;0;4414072;3410305;3596;2;2135
FR;3;2021-11-15;3;194;9;0;9;4414075;3410499;3605;2;2144
FR;3;2021-11-16;2;169;11;0;10;4414077;3410668;3616;2;2154
FR;3;2021-11-17;5;185;10;0;7;4414082;3410853;3626;2;2161
FR;3;2021-11-18;10;186;10;0;11;4414092;3411039;3636;2;2172
FR;3;2021-11-19;5;238;22;0;27;4414097;3411277;3658;2;2199
FR;3;2021-11-20;5;119;5;0;5;4414102;3411396;3663;2;2204
FR;3;2021-11-21;3;30;3;0;3;4414105;3411426;3666;2;2207
FR;3;2021-11-22;10;243;10;0;10;4414115;3411669;3676;2;2217
FR;3;2021-11-23;6;237;15;0;14;4414121;3411906;3691;2;2231
FR;3;2021-11-24;5;250;9;0;17;4414126;3412156;3700;2;2248
FR;3;2021-11-25;9;289;11;0;10;4414135;3412445;3711;2;2258
FR;3;2021-11-26;5;380;33;0;30;4414140;3412825;3744;2;2288
FR;3;2021-11-27;5;176;19;0;20;4414145;3413001;3763;2;2308
FR;3;2021-11-28;2;62;7;0;7;4414147;3413063;3770;2;2315
FR;3;2021-11-29;4;331;19;0;20;4414151;3413394;3789;2;2335
FR;3;2021-11-30;4;425;26;0;29;4414155;3413819;3815;2;2364
FR;3;2021-12-01;18;472;32;0;33;4414173;3414291;3847;2;2397
FR;3;2021-12-02;9;499;33;0;36;4414182;3414790;3880;2;2433
FR;3;2021-12-03;3;575;37;0;38;4414185;3415365;3917;2;2471
FR;3;2021-12-04;3;282;26;0;28;4414188;3415647;3943;2;2499
FR;3;2021-12-05;1;83;5;0;5;4414189;3415730;3948;2;2504
FR;3;2021-12-06;5;517;14;0;16;4414194;3416247;3962;2;2520
FR;3;2021-12-07;4;611;20;0;24;4414198;3416858;3982;2;2544
FR;3;2021-12-08;3;544;29;0;29;4414201;3417402;4011;2;2573
FR;3;2021-12-09;3;602;17;0;22;4414204;3418004;4028;2;2595
FR;3;2021-12-10;9;636;29;0;25;4414213;3418640;4057;2;2620
FR;3;2021-12-11;4;394;10;0;9;4414217;3419034;4067;2;2629
FR;3;2021-12-12;1;122;3;0;3;4414218;3419156;4070;2;2632
FR;3;2021-12-13;2;606;19;0;20;4414220;3419762;4089;2;2652
FR;3;2021-12-14;7;771;18;0;21;4414227;3420533;4107;2;2673
FR;3;2021-12-15;7;732;17;0;21;4414234;3421265;4124;2;2694
FR;3;2021-12-16;9;738;19;0;18;4414243;3422003;4143;2;2712
FR;3;2021-12-17;4;809;18;0;19;4414247;3422812;4161;2;2731
FR;3;2021-12-18;4;414;4;0;5;4414251;3423226;4165;2;2736
FR;3;2021-12-19;3;206;2;0;2;4414254;3423432;4167;2;2738
FR;3;2021-12-20;8;729;23;0;28;4414262;3424161;4190;2;2766
FR;3;2021-12-21;3;816;10;0;14;4414265;3424977;4200;2;2780
FR;3;2021-12-22;6;763;9;0;11;4414271;3425740;4209;2;2791
FR;3;2021-12-23;1;656;9;0;8;4414272;3426396;4218;2;2799
FR;3;2021-12-24;2;275;3;0;6;4414274;3426671;4221;2;2805
FR;3;2021-12-25;0;25;0;0;0;4414274;3426696;4221;2;2805
FR;3;2021-12-26;0;95;1;0;1;4414274;3426791;4222;2;2806
FR;3;2021-12-27;7;544;17;0;19;4414281;3427335;4239;2;2825
FR;3;2021-12-28;1;694;6;0;5;4414282;3428029;4245;2;2830
FR;3;2021-12-29;4;575;14;0;16;4414286;3428604;4259;2;2846
FR;3;2021-12-30;1;603;7;0;10;4414287;3429207;4266;2;2856
FR;3;2021-12-31;0;208;5;0;6;4414287;3429415;4271;2;2862
FR;3;2022-01-01;0;27;0;0;2;4414287;3429442;4271;2;2864
FR;3;2022-01-02;0;82;0;0;0;4414287;3429524;4271;2;2864
FR;3;2022-01-03;3;564;17;0;20;4414290;3430088;4288;2;2884
FR;3;2022-01-04;6;625;9;0;8;4414296;3430713;4297;2;2892
FR;3;2022-01-05;4;557;10;0;14;4414300;3431270;4307;2;2906
FR;3;2022-01-06;5;553;9;0;12;4414305;3431823;4316;2;2918
FR;3;2022-01-07;2;577;11;0;14;4414307;3432400;4327;2;2932
FR;3;2022-01-08;2;285;4;0;5;4414309;3432685;4331;2;2937
FR;3;2022-01-09;0;118;0;0;0;4414309;3432803;4331;2;2937
FR;3;2022-01-10;2;481;12;0;12;4414311;3433284;4343;2;2949
FR;3;2022-01-11;2;535;1;0;1;4414313;3433819;4344;2;2950
FR;3;2022-01-12;3;448;9;0;10;4414316;3434267;4353;2;2960
FR;3;2022-01-13;3;427;11;0;12;4414319;3434694;4364;2;2972
FR;3;2022-01-14;3;483;10;0;12;4414322;3435177;4374;2;2984
FR;3;2022-01-15;0;299;2;0;3;4414322;3435476;4376;2;2987
FR;3;2022-01-16;0;116;1;0;1;4414322;3435592;4377;2;2988
FR;3;2022-01-17;2;352;8;0;10;4414324;3435944;4385;2;2998
FR;3;2022-01-18;2;419;1;0;2;4414326;3436363;4386;2;3000
FR;3;2022-01-19;1;351;5;0;10;4414327;3436714;4391;2;3010
FR;3;2022-01-20;1;380;5;0;3;4414328;3437094;4396;2;3013
FR;3;2022-01-21;2;376;5;0;8;4414330;3437470;4401;2;3021
FR;3;2022-01-22;2;232;1;0;2;4414332;3437702;4402;2;3023
FR;3;2022-01-23;0;82;0;0;1;4414332;3437784;4402;2;3024
FR;3;2022-01-24;2;351;1;0;6;4414334;3438135;4403;2;3030
FR;3;2022-01-25;0;194;0;0;0;4414334;3438329;4403;2;3030
FR;3;2022-01-26;0;89;0;0;0;4414334;3438418;4403;2;3030
FR;3;2022-01-27;0;60;0;0;0;4414334;3438478;4403;2;3030
FR;3;2022-01-28;0;134;0;0;0;4414334;3438612;4403;2;3030
FR;3;2022-01-29;0;110;0;0;0;4414334;3438722;4403;2;3030
FR;3;2022-01-30;0;51;0;0;0;4414334;3438773;4403;2;3030
FR;3;2022-01-31;0;98;0;0;0;4414334;3438871;4403;2;3030
FR;3;2022-02-01;0;110;0;0;1;4414334;3438981;4403;2;3031
FR;3;2022-02-02;0;98;0;0;0;4414334;3439079;4403;2;3031
FR;3;2022-02-03;0;101;0;0;0;4414334;3439180;4403;2;3031
FR;3;2022-02-04;0;124;0;0;0;4414334;3439304;4403;2;3031
FR;3;2022-02-05;0;73;0;0;0;4414334;3439377;4403;2;3031
FR;3;2022-02-06;0;11;0;0;0;4414334;3439388;4403;2;3031
FR;3;2022-02-07;0;89;0;0;1;4414334;3439477;4403;2;3032
FR;3;2022-02-08;0;0;0;0;0;4414334;3439477;4403;2;3032
FR;3;2022-02-09;0;0;0;0;0;4414334;3439477;4403;2;3032
FR;3;2022-02-10;0;0;0;0;0;4414334;3439477;4403;2;3032
FR;3;2022-02-11;0;0;0;0;0;4414334;3439477;4403;2;3032
FR;3;2022-02-12;0;0;0;0;0;4414334;3439477;4403;2;3032
FR;3;2022-02-13;0;0;0;0;0;4414334;3439477;4403;2;3032
FR;3;2022-02-14;0;0;0;0;0;4414334;3439477;4403;2;3032
FR;3;2022-02-15;0;0;0;0;0;4414334;3439477;4403;2;3032
FR;3;2022-02-16;0;0;0;0;0;4414334;3439477;4403;2;3032
FR;3;2022-02-17;0;0;0;0;0;4414334;3439477;4403;2;3032
FR;3;2022-02-18;0;0;0;0;0;4414334;3439477;4403;2;3032
FR;3;2022-02-19;0;0;0;0;0;4414334;3439477;4403;2;3032
FR;3;2022-02-20;0;0;0;0;0;4414334;3439477;4403;2;3032
FR;3;2022-02-21;2;0;0;0;0;4414336;3439477;4403;2;3032
FR;3;2022-02-22;0;0;0;0;0;4414336;3439477;4403;2;3032
FR;3;2022-02-23;0;0;0;0;0;4414336;3439477;4403;2;3032
FR;3;2022-02-24;0;0;0;0;0;4414336;3439477;4403;2;3032
FR;3;2022-02-25;0;0;0;0;0;4414336;3439477;4403;2;3032
FR;3;2022-02-26;0;0;0;0;0;4414336;3439477;4403;2;3032
FR;3;2022-02-27;0;0;0;0;0;4414336;3439477;4403;2;3032
FR;3;2022-02-28;1;0;0;0;0;4414337;3439477;4403;2;3032
FR;3;2022-03-01;1;0;0;0;0;4414338;3439477;4403;2;3032
FR;3;2022-03-02;0;0;0;0;0;4414338;3439477;4403;2;3032
FR;3;2022-03-03;0;0;0;0;0;4414338;3439477;4403;2;3032
FR;3;2022-03-04;0;0;0;0;0;4414338;3439477;4403;2;3032
FR;3;2022-03-05;0;0;0;0;0;4414338;3439477;4403;2;3032
FR;3;2022-03-06;1;0;0;0;0;4414339;3439477;4403;2;3032
FR;3;2022-03-07;0;0;0;0;0;4414339;3439477;4403;2;3032
FR;3;2022-03-08;1;0;0;0;0;4414340;3439477;4403;2;3032
FR;3;2022-03-09;0;0;0;0;0;4414340;3439477;4403;2;3032
FR;3;2022-03-10;0;0;0;0;0;4414340;3439477;4403;2;3032
FR;3;2022-03-11;0;0;0;0;0;4414340;3439477;4403;2;3032
FR;3;2022-03-12;0;0;0;0;0;4414340;3439477;4403;2;3032
FR;3;2022-03-13;0;0;0;0;0;4414340;3439477;4403;2;3032
FR;3;2022-03-14;0;0;0;0;0;4414340;3439477;4403;2;3032
FR;3;2022-03-15;0;0;0;0;0;4414340;3439477;4403;2;3032
FR;3;2022-03-16;0;0;0;0;0;4414340;3439477;4403;2;3032
FR;3;2022-03-17;0;0;0;0;0;4414340;3439477;4403;2;3032
FR;3;2022-03-18;0;0;0;0;0;4414340;3439477;4403;2;3032
FR;3;2022-03-19;0;0;0;0;0;4414340;3439477;4403;2;3032
FR;3;2022-03-20;1;0;0;0;0;4414341;3439477;4403;2;3032
FR;3;2022-03-21;0;0;0;0;0;4414341;3439477;4403;2;3032
FR;3;2022-03-22;0;0;0;0;0;4414341;3439477;4403;2;3032
FR;3;2022-03-23;1;0;0;0;0;4414342;3439477;4403;2;3032
FR;3;2022-03-24;0;0;0;0;0;4414342;3439477;4403;2;3032
FR;3;2022-03-25;1;0;0;0;0;4414343;3439477;4403;2;3032
FR;3;2022-03-26;0;0;0;0;0;4414343;3439477;4403;2;3032
FR;3;2022-03-27;0;0;0;0;0;4414343;3439477;4403;2;3032
FR;3;2022-03-28;0;0;0;0;0;4414343;3439477;4403;2;3032
FR;3;2022-03-29;0;0;0;0;0;4414343;3439477;4403;2;3032
FR;3;2022-03-30;0;0;0;0;0;4414343;3439477;4403;2;3032
FR;3;2022-03-31;0;0;0;0;0;4414343;3439477;4403;2;3032
FR;3;2022-04-01;0;0;0;0;0;4414343;3439477;4403;2;3032
FR;3;2022-04-02;0;0;0;0;0;4414343;3439477;4403;2;3032
FR;3;2022-04-03;0;0;0;0;0;4414343;3439477;4403;2;3032
FR;3;2022-04-04;0;0;0;0;0;4414343;3439477;4403;2;3032
FR;3;2022-04-05;0;0;0;0;0;4414343;3439477;4403;2;3032
FR;3;2022-04-06;0;0;0;0;0;4414343;3439477;4403;2;3032
FR;3;2022-04-07;0;0;0;0;0;4414343;3439477;4403;2;3032
FR;3;2022-04-08;0;0;0;0;0;4414343;3439477;4403;2;3032
FR;3;2022-04-09;0;0;0;0;0;4414343;3439477;4403;2;3032
FR;3;2022-04-10;0;0;0;0;0;4414343;3439477;4403;2;3032
FR;4;2020-12-27;0;0;0;0;0;0;0;0;0;0
FR;4;2020-12-28;0;0;0;0;0;0;0;0;0;0
FR;4;2020-12-29;0;0;0;0;0;0;0;0;0;0
FR;4;2020-12-30;0;0;0;0;0;0;0;0;0;0
FR;4;2020-12-31;0;0;0;0;0;0;0;0;0;0
FR;4;2021-01-01;0;0;0;0;0;0;0;0;0;0
FR;4;2021-01-02;0;0;0;0;0;0;0;0;0;0
FR;4;2021-01-03;0;0;0;0;0;0;0;0;0;0
FR;4;2021-01-04;0;0;0;0;0;0;0;0;0;0
FR;4;2021-01-05;0;0;0;0;0;0;0;0;0;0
FR;4;2021-01-06;0;0;0;0;0;0;0;0;0;0
FR;4;2021-01-07;0;0;0;0;0;0;0;0;0;0
FR;4;2021-01-08;0;0;0;0;0;0;0;0;0;0
FR;4;2021-01-09;0;0;0;0;0;0;0;0;0;0
FR;4;2021-01-10;0;0;0;0;0;0;0;0;0;0
FR;4;2021-01-11;0;0;0;0;0;0;0;0;0;0
FR;4;2021-01-12;0;0;0;0;0;0;0;0;0;0
FR;4;2021-01-13;0;0;0;0;0;0;0;0;0;0
FR;4;2021-01-14;0;0;0;0;0;0;0;0;0;0
FR;4;2021-01-15;0;0;0;0;0;0;0;0;0;0
FR;4;2021-01-16;0;0;0;0;0;0;0;0;0;0
FR;4;2021-01-17;0;0;0;0;0;0;0;0;0;0
FR;4;2021-01-18;0;0;0;0;0;0;0;0;0;0
FR;4;2021-01-19;0;0;0;0;0;0;0;0;0;0
FR;4;2021-01-20;0;0;0;0;0;0;0;0;0;0
FR;4;2021-01-21;0;0;0;0;0;0;0;0;0;0
FR;4;2021-01-22;0;0;0;0;0;0;0;0;0;0
FR;4;2021-01-23;0;0;0;0;0;0;0;0;0;0
FR;4;2021-01-24;0;0;0;0;0;0;0;0;0;0
FR;4;2021-01-25;0;0;0;0;0;0;0;0;0;0
FR;4;2021-01-26;0;0;0;0;0;0;0;0;0;0
FR;4;2021-01-27;0;0;0;0;0;0;0;0;0;0
FR;4;2021-01-28;0;0;0;0;0;0;0;0;0;0
FR;4;2021-01-29;0;0;0;0;0;0;0;0;0;0
FR;4;2021-01-30;0;0;0;0;0;0;0;0;0;0
FR;4;2021-01-31;0;0;0;0;0;0;0;0;0;0
FR;4;2021-02-01;0;0;0;0;0;0;0;0;0;0
FR;4;2021-02-02;0;0;0;0;0;0;0;0;0;0
FR;4;2021-02-03;0;0;0;0;0;0;0;0;0;0
FR;4;2021-02-04;0;0;0;0;0;0;0;0;0;0
FR;4;2021-02-05;0;0;0;0;0;0;0;0;0;0
FR;4;2021-02-06;0;0;0;0;0;0;0;0;0;0
FR;4;2021-02-07;0;0;0;0;0;0;0;0;0;0
FR;4;2021-02-08;0;0;0;0;0;0;0;0;0;0
FR;4;2021-02-09;0;0;0;0;0;0;0;0;0;0
FR;4;2021-02-10;0;0;0;0;0;0;0;0;0;0
FR;4;2021-02-11;0;0;0;0;0;0;0;0;0;0
FR;4;2021-02-12;0;0;0;0;0;0;0;0;0;0
FR;4;2021-02-13;0;0;0;0;0;0;0;0;0;0
FR;4;2021-02-14;0;0;0;0;0;0;0;0;0;0
FR;4;2021-02-15;0;0;0;0;0;0;0;0;0;0
FR;4;2021-02-16;0;0;0;0;0;0;0;0;0;0
FR;4;2021-02-17;0;0;0;0;0;0;0;0;0;0
FR;4;2021-02-18;0;0;0;0;0;0;0;0;0;0
FR;4;2021-02-19;0;0;0;0;0;0;0;0;0;0
FR;4;2021-02-20;0;0;0;0;0;0;0;0;0;0
FR;4;2021-02-21;0;0;0;0;0;0;0;0;0;0
FR;4;2021-02-22;0;0;0;0;0;0;0;0;0;0
FR;4;2021-02-23;0;0;0;0;0;0;0;0;0;0
FR;4;2021-02-24;0;0;0;0;0;0;0;0;0;0
FR;4;2021-02-25;0;0;0;0;0;0;0;0;0;0
FR;4;2021-02-26;0;0;0;0;0;0;0;0;0;0
FR;4;2021-02-27;0;0;0;0;0;0;0;0;0;0
FR;4;2021-02-28;0;0;0;0;0;0;0;0;0;0
FR;4;2021-03-01;0;0;0;0;0;0;0;0;0;0
FR;4;2021-03-02;0;0;0;0;0;0;0;0;0;0
FR;4;2021-03-03;0;0;0;0;0;0;0;0;0;0
FR;4;2021-03-04;0;0;0;0;0;0;0;0;0;0
FR;4;2021-03-05;0;0;0;0;0;0;0;0;0;0
FR;4;2021-03-06;0;0;0;0;0;0;0;0;0;0
FR;4;2021-03-07;0;0;0;0;0;0;0;0;0;0
FR;4;2021-03-08;0;0;0;0;0;0;0;0;0;0
FR;4;2021-03-09;0;0;0;0;0;0;0;0;0;0
FR;4;2021-03-10;0;0;0;0;0;0;0;0;0;0
FR;4;2021-03-11;0;0;0;0;0;0;0;0;0;0
FR;4;2021-03-12;0;0;0;0;0;0;0;0;0;0
FR;4;2021-03-13;0;0;0;0;0;0;0;0;0;0
FR;4;2021-03-14;0;0;0;0;0;0;0;0;0;0
FR;4;2021-03-15;0;0;0;0;0;0;0;0;0;0
FR;4;2021-03-16;0;0;0;0;0;0;0;0;0;0
FR;4;2021-03-17;0;0;0;0;0;0;0;0;0;0
FR;4;2021-03-18;0;0;0;0;0;0;0;0;0;0
FR;4;2021-03-19;0;0;0;0;0;0;0;0;0;0
FR;4;2021-03-20;0;0;0;0;0;0;0;0;0;0
FR;4;2021-03-21;0;0;0;0;0;0;0;0;0;0
FR;4;2021-03-22;0;0;0;0;0;0;0;0;0;0
FR;4;2021-03-23;0;0;0;0;0;0;0;0;0;0
FR;4;2021-03-24;0;0;0;0;0;0;0;0;0;0
FR;4;2021-03-25;0;0;0;0;0;0;0;0;0;0
FR;4;2021-03-26;0;0;0;0;0;0;0;0;0;0
FR;4;2021-03-27;0;0;0;0;0;0;0;0;0;0
FR;4;2021-03-28;0;0;0;0;0;0;0;0;0;0
FR;4;2021-03-29;0;0;0;0;0;0;0;0;0;0
FR;4;2021-03-30;0;0;0;0;0;0;0;0;0;0
FR;4;2021-03-31;0;0;0;0;0;0;0;0;0;0
FR;4;2021-04-01;0;0;0;0;0;0;0;0;0;0
FR;4;2021-04-02;0;0;0;0;0;0;0;0;0;0
FR;4;2021-04-03;0;0;0;0;0;0;0;0;0;0
FR;4;2021-04-04;0;0;0;0;0;0;0;0;0;0
FR;4;2021-04-05;0;0;0;0;0;0;0;0;0;0
FR;4;2021-04-06;0;0;0;0;0;0;0;0;0;0
FR;4;2021-04-07;0;0;0;0;0;0;0;0;0;0
FR;4;2021-04-08;0;0;0;0;0;0;0;0;0;0
FR;4;2021-04-09;0;0;0;0;0;0;0;0;0;0
FR;4;2021-04-10;0;0;0;0;0;0;0;0;0;0
FR;4;2021-04-11;0;0;0;0;0;0;0;0;0;0
FR;4;2021-04-12;0;0;0;0;0;0;0;0;0;0
FR;4;2021-04-13;0;0;0;0;0;0;0;0;0;0
FR;4;2021-04-14;0;0;0;0;0;0;0;0;0;0
FR;4;2021-04-15;0;0;0;0;0;0;0;0;0;0
FR;4;2021-04-16;0;0;0;0;0;0;0;0;0;0
FR;4;2021-04-17;0;0;0;0;0;0;0;0;0;0
FR;4;2021-04-18;0;0;0;0;0;0;0;0;0;0
FR;4;2021-04-19;0;0;0;0;0;0;0;0;0;0
FR;4;2021-04-20;0;0;0;0;0;0;0;0;0;0
FR;4;2021-04-21;0;0;0;0;0;0;0;0;0;0
FR;4;2021-04-22;0;0;0;0;0;0;0;0;0;0
FR;4;2021-04-23;4078;0;0;0;0;4078;0;0;0;0
FR;4;2021-04-24;1569;0;0;0;0;5647;0;0;0;0
FR;4;2021-04-25;124;0;0;0;0;5771;0;0;0;0
FR;4;2021-04-26;2869;1;0;0;0;8640;1;0;0;0
FR;4;2021-04-27;9519;3;0;0;0;18159;4;0;0;0
FR;4;2021-04-28;9904;6;0;0;0;28063;10;0;0;0
FR;4;2021-04-29;15990;8;0;0;0;44053;18;0;0;0
FR;4;2021-04-30;19227;10;0;0;0;63280;28;0;0;0
FR;4;2021-05-01;1990;6;0;0;0;65270;34;0;0;0
FR;4;2021-05-02;481;0;0;0;0;65751;34;0;0;0
FR;4;2021-05-03;5057;2;0;0;0;70808;36;0;0;0
FR;4;2021-05-04;8396;10;0;0;0;79204;46;0;0;0
FR;4;2021-05-05;6179;7;0;0;0;85383;53;0;0;0
FR;4;2021-05-06;11379;11;0;0;0;96762;64;0;0;0
FR;4;2021-05-07;19115;9;0;0;0;115877;73;0;0;0
FR;4;2021-05-08;2375;6;0;0;0;118252;79;0;0;0
FR;4;2021-05-09;685;3;0;0;0;118937;82;0;0;0
FR;4;2021-05-10;7237;5;1;0;0;126174;87;1;0;0
FR;4;2021-05-11;14311;12;0;0;0;140485;99;1;0;0
FR;4;2021-05-12;10158;15;0;0;0;150643;114;1;0;0
FR;4;2021-05-13;1578;3;0;0;0;152221;117;1;0;0
FR;4;2021-05-14;7754;6;0;0;0;159975;123;1;0;0
FR;4;2021-05-15;3713;8;1;0;0;163688;131;2;0;0
FR;4;2021-05-16;417;1;0;0;0;164105;132;2;0;0
FR;4;2021-05-17;4474;6;0;0;0;168579;138;2;0;0
FR;4;2021-05-18;8743;9;0;0;0;177322;147;2;0;0
FR;4;2021-05-19;5688;7;0;0;0;183010;154;2;0;0
FR;4;2021-05-20;9476;7;0;0;0;192486;161;2;0;0
FR;4;2021-05-21;12783;29;0;0;0;205269;190;2;0;0
FR;4;2021-05-22;5053;15;0;0;0;210322;205;2;0;0
FR;4;2021-05-23;494;4;0;0;0;210816;209;2;0;0
FR;4;2021-05-24;1049;7;0;0;0;211865;216;2;0;0
FR;4;2021-05-25;7618;15;0;0;0;219483;231;2;0;0
FR;4;2021-05-26;7719;16;0;0;0;227202;247;2;0;0
FR;4;2021-05-27;14328;35;0;0;0;241530;282;2;0;0
FR;4;2021-05-28;26578;82;1;0;0;268108;364;3;0;0
FR;4;2021-05-29;11381;18;0;0;0;279489;382;3;0;0
FR;4;2021-05-30;970;6;0;0;0;280459;388;3;0;0
FR;4;2021-05-31;12683;21;0;0;0;293142;409;3;0;0
FR;4;2021-06-01;20245;46;1;0;0;313387;455;4;0;0
FR;4;2021-06-02;14514;33;0;0;0;327901;488;4;0;0
FR;4;2021-06-03;19401;24;1;0;0;347302;512;5;0;0
FR;4;2021-06-04;22505;47;0;0;0;369807;559;5;0;0
FR;4;2021-06-05;9712;32;0;0;0;379519;591;5;0;0
FR;4;2021-06-06;1037;0;0;0;0;380556;591;5;0;0
FR;4;2021-06-07;9223;19;0;0;0;389779;610;5;0;0
FR;4;2021-06-08;14607;31;0;0;0;404386;641;5;0;0
FR;4;2021-06-09;12200;25;0;0;0;416586;666;5;0;0
FR;4;2021-06-10;15395;30;0;0;0;431981;696;5;0;0
FR;4;2021-06-11;16972;55;0;0;0;448953;751;5;0;0
FR;4;2021-06-12;7443;27;0;0;0;456396;778;5;0;0
FR;4;2021-06-13;908;2;0;0;0;457304;780;5;0;0
FR;4;2021-06-14;6646;25;0;0;0;463950;805;5;0;0
FR;4;2021-06-15;10879;37;0;0;0;474829;842;5;0;0
FR;4;2021-06-16;8902;15;0;0;0;483731;857;5;0;0
FR;4;2021-06-17;10893;36;0;0;0;494624;893;5;0;0
FR;4;2021-06-18;12416;45;0;0;0;507040;938;5;0;0
FR;4;2021-06-19;5566;25;0;0;0;512606;963;5;0;0
FR;4;2021-06-20;816;5;0;0;0;513422;968;5;0;0
FR;4;2021-06-21;5080;20;0;0;0;518502;988;5;0;0
FR;4;2021-06-22;7904;27;2;0;0;526406;1015;7;0;0
FR;4;2021-06-23;7089;39;2;0;0;533495;1054;9;0;0
FR;4;2021-06-24;8645;45;1;0;0;542140;1099;10;0;0
FR;4;2021-06-25;10170;39;2;0;0;552310;1138;12;0;0
FR;4;2021-06-26;4840;21;0;0;0;557150;1159;12;0;0
FR;4;2021-06-27;758;3;0;0;0;557908;1162;12;0;0
FR;4;2021-06-28;4814;16;1;0;0;562722;1178;13;0;0
FR;4;2021-06-29;7095;27;2;0;0;569817;1205;15;0;0
FR;4;2021-06-30;6708;40;2;0;0;576525;1245;17;0;0
FR;4;2021-07-01;8186;40;0;0;0;584711;1285;17;0;0
FR;4;2021-07-02;9413;52;1;0;0;594124;1337;18;0;0
FR;4;2021-07-03;4841;19;0;0;0;598965;1356;18;0;0
FR;4;2021-07-04;685;5;0;0;0;599650;1361;18;0;0
FR;4;2021-07-05;4766;19;2;0;0;604416;1380;20;0;0
FR;4;2021-07-06;7713;28;4;0;0;612129;1408;24;0;0
FR;4;2021-07-07;7064;34;2;0;0;619193;1442;26;0;0
FR;4;2021-07-08;9216;38;2;0;0;628409;1480;28;0;0
FR;4;2021-07-09;10271;33;1;0;0;638680;1513;29;0;0
FR;4;2021-07-10;4635;14;2;0;0;643315;1527;31;0;0
FR;4;2021-07-11;581;4;1;0;0;643896;1531;32;0;0
FR;4;2021-07-12;5868;29;0;0;0;649764;1560;32;0;0
FR;4;2021-07-13;14226;29;0;0;0;663990;1589;32;0;0
FR;4;2021-07-14;2280;14;0;0;0;666270;1603;32;0;0
FR;4;2021-07-15;18227;36;0;0;0;684497;1639;32;0;0
FR;4;2021-07-16;22815;70;2;0;0;707312;1709;34;0;0
FR;4;2021-07-17;9732;20;0;0;0;717044;1729;34;0;0
FR;4;2021-07-18;1353;4;0;0;0;718397;1733;34;0;0
FR;4;2021-07-19;12972;28;1;0;0;731369;1761;35;0;0
FR;4;2021-07-20;17326;26;1;0;0;748695;1787;36;0;0
FR;4;2021-07-21;15602;33;0;0;0;764297;1820;36;0;0
FR;4;2021-07-22;18231;43;2;0;0;782528;1863;38;0;0
FR;4;2021-07-23;20399;57;7;0;0;802927;1920;45;0;0
FR;4;2021-07-24;9272;32;0;0;0;812199;1952;45;0;0
FR;4;2021-07-25;1342;8;0;0;0;813541;1960;45;0;0
FR;4;2021-07-26;11024;20;0;0;0;824565;1980;45;0;0
FR;4;2021-07-27;14653;35;3;0;0;839218;2015;48;0;0
FR;4;2021-07-28;12915;26;2;0;0;852133;2041;50;0;0
FR;4;2021-07-29;14069;54;4;0;0;866202;2095;54;0;0
FR;4;2021-07-30;15470;45;2;0;0;881672;2140;56;0;0
FR;4;2021-07-31;6817;14;2;0;0;888489;2154;58;0;0
FR;4;2021-08-01;902;1;0;0;0;889391;2155;58;0;0
FR;4;2021-08-02;7893;29;0;0;0;897284;2184;58;0;0
FR;4;2021-08-03;10787;32;2;0;0;908071;2216;60;0;0
FR;4;2021-08-04;9720;29;0;0;0;917791;2245;60;0;0
FR;4;2021-08-05;9803;41;0;0;0;927594;2286;60;0;0
FR;4;2021-08-06;10170;31;3;0;0;937764;2317;63;0;0
FR;4;2021-08-07;5081;30;1;0;0;942845;2347;64;0;0
FR;4;2021-08-08;1213;13;0;0;0;944058;2360;64;0;0
FR;4;2021-08-09;6324;30;0;0;0;950382;2390;64;0;0
FR;4;2021-08-10;8736;19;0;0;0;959118;2409;64;0;0
FR;4;2021-08-11;7927;33;3;0;0;967045;2442;67;0;0
FR;4;2021-08-12;8577;29;1;0;0;975622;2471;68;0;0
FR;4;2021-08-13;7539;24;0;1;0;983161;2495;68;1;0
FR;4;2021-08-14;3782;20;0;0;0;986943;2515;68;1;0
FR;4;2021-08-15;767;5;0;0;0;987710;2520;68;1;0
FR;4;2021-08-16;4000;16;0;0;0;991710;2536;68;1;0
FR;4;2021-08-17;5611;15;1;0;0;997321;2551;69;1;0
FR;4;2021-08-18;5154;34;0;0;0;1002475;2585;69;1;0
FR;4;2021-08-19;5469;34;3;0;0;1007944;2619;72;1;0
FR;4;2021-08-20;5201;23;1;0;0;1013145;2642;73;1;0
FR;4;2021-08-21;2304;21;1;0;0;1015449;2663;74;1;0
FR;4;2021-08-22;400;2;0;0;0;1015849;2665;74;1;0
FR;4;2021-08-23;2913;19;1;0;0;1018762;2684;75;1;0
FR;4;2021-08-24;3738;15;0;0;0;1022500;2699;75;1;0
FR;4;2021-08-25;3533;25;0;0;0;1026033;2724;75;1;0
FR;4;2021-08-26;3698;20;1;0;0;1029731;2744;76;1;0
FR;4;2021-08-27;3598;31;2;0;0;1033329;2775;78;1;0
FR;4;2021-08-28;1721;9;1;0;0;1035050;2784;79;1;0
FR;4;2021-08-29;388;7;1;0;0;1035438;2791;80;1;0
FR;4;2021-08-30;2002;24;0;0;14;1037440;2815;80;1;14
FR;4;2021-08-31;2473;20;0;0;13;1039913;2835;80;1;27
FR;4;2021-09-01;2071;38;1;0;21;1041984;2873;81;1;48
FR;4;2021-09-02;2299;31;4;0;18;1044283;2904;85;1;66
FR;4;2021-09-03;2353;44;5;0;32;1046636;2948;90;1;98
FR;4;2021-09-04;1373;17;0;0;6;1048009;2965;90;1;104
FR;4;2021-09-05;428;2;0;0;2;1048437;2967;90;1;106
FR;4;2021-09-06;1701;62;0;0;23;1050138;3029;90;1;129
FR;4;2021-09-07;1671;18;0;0;8;1051809;3047;90;1;137
FR;4;2021-09-08;1278;26;3;1;19;1053087;3073;93;2;156
FR;4;2021-09-09;1384;23;2;0;9;1054471;3096;95;2;165
FR;4;2021-09-10;1513;31;2;0;23;1055984;3127;97;2;188
FR;4;2021-09-11;734;11;0;0;3;1056718;3138;97;2;191
FR;4;2021-09-12;168;4;0;0;2;1056886;3142;97;2;193
FR;4;2021-09-13;1309;21;1;0;15;1058195;3163;98;2;208
FR;4;2021-09-14;1493;9;2;0;6;1059688;3172;100;2;214
FR;4;2021-09-15;1088;26;1;0;24;1060776;3198;101;2;238
FR;4;2021-09-16;1094;22;2;0;15;1061870;3220;103;2;253
FR;4;2021-09-17;889;21;1;0;12;1062759;3241;104;2;265
FR;4;2021-09-18;460;5;1;0;4;1063219;3246;105;2;269
FR;4;2021-09-19;182;3;0;0;2;1063401;3249;105;2;271
FR;4;2021-09-20;442;18;0;0;12;1063843;3267;105;2;283
FR;4;2021-09-21;421;11;0;0;7;1064264;3278;105;2;290
FR;4;2021-09-22;372;19;2;0;13;1064636;3297;107;2;303
FR;4;2021-09-23;476;16;1;0;15;1065112;3313;108;2;318
FR;4;2021-09-24;407;13;2;0;9;1065519;3326;110;2;327
FR;4;2021-09-25;282;9;1;0;4;1065801;3335;111;2;331
FR;4;2021-09-26;71;2;0;0;1;1065872;3337;111;2;332
FR;4;2021-09-27;260;10;1;0;8;1066132;3347;112;2;340
FR;4;2021-09-28;313;8;0;0;8;1066445;3355;112;2;348
FR;4;2021-09-29;370;19;1;0;13;1066815;3374;113;2;361
FR;4;2021-09-30;358;39;0;0;20;1067173;3413;113;2;381
FR;4;2021-10-01;403;49;0;0;43;1067576;3462;113;2;424
FR;4;2021-10-02;193;22;1;0;13;1067769;3484;114;2;437
FR;4;2021-10-03;83;1;0;0;0;1067852;3485;114;2;437
FR;4;2021-10-04;353;19;1;0;15;1068205;3504;115;2;452
FR;4;2021-10-05;272;19;2;0;15;1068477;3523;117;2;467
FR;4;2021-10-06;242;22;1;0;18;1068719;3545;118;2;485
FR;4;2021-10-07;253;25;2;0;13;1068972;3570;120;2;498
FR;4;2021-10-08;351;22;2;0;18;1069323;3592;122;2;516
FR;4;2021-10-09;191;6;6;0;7;1069514;3598;128;2;523
FR;4;2021-10-10;93;3;2;0;3;1069607;3601;130;2;526
FR;4;2021-10-11;243;14;1;0;13;1069850;3615;131;2;539
FR;4;2021-10-12;202;14;0;0;13;1070052;3629;131;2;552
FR;4;2021-10-13;218;27;1;0;24;1070270;3656;132;2;576
FR;4;2021-10-14;304;20;4;0;14;1070574;3676;136;2;590
FR;4;2021-10-15;319;24;5;0;25;1070893;3700;141;2;615
FR;4;2021-10-16;163;6;2;0;6;1071056;3706;143;2;621
FR;4;2021-10-17;70;2;0;0;1;1071126;3708;143;2;622
FR;4;2021-10-18;275;16;1;0;12;1071401;3724;144;2;634
FR;4;2021-10-19;206;14;2;0;15;1071607;3738;146;2;649
FR;4;2021-10-20;225;27;3;0;14;1071832;3765;149;2;663
FR;4;2021-10-21;232;17;0;0;13;1072064;3782;149;2;676
FR;4;2021-10-22;208;26;2;0;21;1072272;3808;151;2;697
FR;4;2021-10-23;115;16;1;0;15;1072387;3824;152;2;712
FR;4;2021-10-24;37;4;0;0;1;1072424;3828;152;2;713
FR;4;2021-10-25;205;7;2;0;9;1072629;3835;154;2;722
FR;4;2021-10-26;195;13;0;0;11;1072824;3848;154;2;733
FR;4;2021-10-27;190;11;4;0;11;1073014;3859;158;2;744
FR;4;2021-10-28;180;18;4;0;21;1073194;3877;162;2;765
FR;4;2021-10-29;218;16;2;0;14;1073412;3893;164;2;779
FR;4;2021-10-30;100;2;1;0;2;1073512;3895;165;2;781
FR;4;2021-10-31;55;3;2;0;3;1073567;3898;167;2;784
FR;4;2021-11-01;74;27;4;0;24;1073641;3925;171;2;808
FR;4;2021-11-02;151;20;2;0;21;1073792;3945;173;2;829
FR;4;2021-11-03;127;20;8;1;18;1073919;3965;181;3;847
FR;4;2021-11-04;173;13;1;0;10;1074092;3978;182;3;857
FR;4;2021-11-05;123;17;1;0;16;1074215;3995;183;3;873
FR;4;2021-11-06;77;6;1;0;6;1074292;4001;184;3;879
FR;4;2021-11-07;74;2;2;0;4;1074366;4003;186;3;883
FR;4;2021-11-08;158;18;1;0;18;1074524;4021;187;3;901
FR;4;2021-11-09;150;14;3;0;16;1074674;4035;190;3;917
FR;4;2021-11-10;111;27;6;0;29;1074785;4062;196;3;946
FR;4;2021-11-11;81;10;0;0;10;1074866;4072;196;3;956
FR;4;2021-11-12;96;18;2;0;17;1074962;4090;198;3;973
FR;4;2021-11-13;72;15;2;0;14;1075034;4105;200;3;987
FR;4;2021-11-14;52;5;3;0;7;1075086;4110;203;3;994
FR;4;2021-11-15;95;26;2;0;24;1075181;4136;205;3;1018
FR;4;2021-11-16;98;12;2;0;14;1075279;4148;207;3;1032
FR;4;2021-11-17;111;29;4;0;29;1075390;4177;211;3;1061
FR;4;2021-11-18;95;34;11;0;39;1075485;4211;222;3;1100
FR;4;2021-11-19;78;19;3;0;20;1075563;4230;225;3;1120
FR;4;2021-11-20;60;6;1;0;6;1075623;4236;226;3;1126
FR;4;2021-11-21;61;7;2;0;9;1075684;4243;228;3;1135
FR;4;2021-11-22;100;27;6;0;29;1075784;4270;234;3;1164
FR;4;2021-11-23;71;28;5;0;25;1075855;4298;239;3;1189
FR;4;2021-11-24;84;23;9;0;22;1075939;4321;248;3;1211
FR;4;2021-11-25;83;27;14;0;29;1076022;4348;262;3;1240
FR;4;2021-11-26;78;42;12;0;44;1076100;4390;274;3;1284
FR;4;2021-11-27;33;22;16;0;24;1076133;4412;290;3;1308
FR;4;2021-11-28;47;8;0;0;7;1076180;4420;290;3;1315
FR;4;2021-11-29;80;31;14;0;38;1076260;4451;304;3;1353
FR;4;2021-11-30;58;36;12;0;40;1076318;4487;316;3;1393
FR;4;2021-12-01;72;60;18;0;66;1076390;4547;334;3;1459
FR;4;2021-12-02;97;48;19;0;53;1076487;4595;353;3;1512
FR;4;2021-12-03;98;36;15;0;44;1076585;4631;368;3;1556
FR;4;2021-12-04;67;31;19;0;44;1076652;4662;387;3;1600
FR;4;2021-12-05;56;5;1;0;6;1076708;4667;388;3;1606
FR;4;2021-12-06;93;45;21;0;60;1076801;4712;409;3;1666
FR;4;2021-12-07;76;33;9;0;33;1076877;4745;418;3;1699
FR;4;2021-12-08;64;28;18;0;33;1076941;4773;436;3;1732
FR;4;2021-12-09;58;32;10;0;38;1076999;4805;446;3;1770
FR;4;2021-12-10;59;62;21;0;67;1077058;4867;467;3;1837
FR;4;2021-12-11;24;33;7;0;33;1077082;4900;474;3;1870
FR;4;2021-12-12;22;10;3;0;13;1077104;4910;477;3;1883
FR;4;2021-12-13;64;39;13;0;48;1077168;4949;490;3;1931
FR;4;2021-12-14;54;43;14;0;51;1077222;4992;504;3;1982
FR;4;2021-12-15;57;61;29;0;81;1077279;5053;533;3;2063
FR;4;2021-12-16;29;43;18;0;55;1077308;5096;551;3;2118
FR;4;2021-12-17;36;54;12;0;59;1077344;5150;563;3;2177
FR;4;2021-12-18;47;29;2;0;30;1077391;5179;565;3;2207
FR;4;2021-12-19;15;4;1;0;4;1077406;5183;566;3;2211
FR;4;2021-12-20;35;38;12;0;43;1077441;5221;578;3;2254
FR;4;2021-12-21;24;30;14;0;35;1077465;5251;592;3;2289
FR;4;2021-12-22;35;35;10;0;36;1077500;5286;602;3;2325
FR;4;2021-12-23;38;43;8;0;47;1077538;5329;610;3;2372
FR;4;2021-12-24;23;25;10;0;29;1077561;5354;620;3;2401
FR;4;2021-12-25;6;3;3;0;4;1077567;5357;623;3;2405
FR;4;2021-12-26;4;3;1;0;2;1077571;5360;624;3;2407
FR;4;2021-12-27;26;42;9;0;43;1077597;5402;633;3;2450
FR;4;2021-12-28;24;28;8;0;29;1077621;5430;641;3;2479
FR;4;2021-12-29;44;23;10;0;27;1077665;5453;651;3;2506
FR;4;2021-12-30;36;16;12;0;19;1077701;5469;663;3;2525
FR;4;2021-12-31;18;4;8;0;10;1077719;5473;671;3;2535
FR;4;2022-01-01;4;4;4;0;6;1077723;5477;675;3;2541
FR;4;2022-01-02;38;4;14;0;17;1077761;5481;689;3;2558
FR;4;2022-01-03;36;49;19;1;54;1077797;5530;708;4;2612
FR;4;2022-01-04;25;25;11;1;26;1077822;5555;719;5;2638
FR;4;2022-01-05;42;19;16;0;20;1077864;5574;735;5;2658
FR;4;2022-01-06;42;19;20;0;31;1077906;5593;755;5;2689
FR;4;2022-01-07;18;19;15;0;19;1077924;5612;770;5;2708
FR;4;2022-01-08;8;5;9;0;11;1077932;5617;779;5;2719
FR;4;2022-01-09;15;1;1;0;2;1077947;5618;780;5;2721
FR;4;2022-01-10;34;21;16;0;32;1077981;5639;796;5;2753
FR;4;2022-01-11;21;29;13;0;32;1078002;5668;809;5;2785
FR;4;2022-01-12;29;16;12;0;17;1078031;5684;821;5;2802
FR;4;2022-01-13;46;17;26;0;33;1078077;5701;847;5;2835
FR;4;2022-01-14;19;27;12;0;29;1078096;5728;859;5;2864
FR;4;2022-01-15;10;6;7;0;11;1078106;5734;866;5;2875
FR;4;2022-01-16;9;8;10;0;17;1078115;5742;876;5;2892
FR;4;2022-01-17;22;17;11;0;22;1078137;5759;887;5;2914
FR;4;2022-01-18;15;13;7;0;17;1078152;5772;894;5;2931
FR;4;2022-01-19;26;20;9;0;27;1078178;5792;903;5;2958
FR;4;2022-01-20;29;33;11;0;36;1078207;5825;914;5;2994
FR;4;2022-01-21;7;12;18;1;15;1078214;5837;932;6;3009
FR;4;2022-01-22;28;9;2;0;9;1078242;5846;934;6;3018
FR;4;2022-01-23;5;2;4;0;6;1078247;5848;938;6;3024
FR;4;2022-01-24;13;20;8;0;27;1078260;5868;946;6;3051
FR;4;2022-01-25;20;30;8;1;34;1078280;5898;954;7;3085
FR;4;2022-01-26;17;15;6;1;16;1078297;5913;960;8;3101
FR;4;2022-01-27;16;18;5;0;21;1078313;5931;965;8;3122
FR;4;2022-01-28;12;22;7;0;24;1078325;5953;972;8;3146
FR;4;2022-01-29;14;5;3;0;7;1078339;5958;975;8;3153
FR;4;2022-01-30;16;2;0;0;2;1078355;5960;975;8;3155
FR;4;2022-01-31;18;26;6;0;29;1078373;5986;981;8;3184
FR;4;2022-02-01;9;18;11;0;18;1078382;6004;992;8;3202
FR;4;2022-02-02;16;11;9;2;15;1078398;6015;1001;10;3217
FR;4;2022-02-03;10;19;9;0;22;1078408;6034;1010;10;3239
FR;4;2022-02-04;5;5;7;0;9;1078413;6039;1017;10;3248
FR;4;2022-02-05;6;14;1;0;13;1078419;6053;1018;10;3261
FR;4;2022-02-06;5;2;1;0;2;1078424;6055;1019;10;3263
FR;4;2022-02-07;11;18;6;0;18;1078435;6073;1025;10;3281
FR;4;2022-02-08;13;18;12;1;19;1078448;6091;1037;11;3300
FR;4;2022-02-09;13;11;7;0;14;1078461;6102;1044;11;3314
FR;4;2022-02-10;18;22;8;0;22;1078479;6124;1052;11;3336
FR;4;2022-02-11;17;14;7;0;18;1078496;6138;1059;11;3354
FR;4;2022-02-12;23;5;0;0;3;1078519;6143;1059;11;3357
FR;4;2022-02-13;7;3;3;0;6;1078526;6146;1062;11;3363
FR;4;2022-02-14;16;10;7;0;13;1078542;6156;1069;11;3376
FR;4;2022-02-15;14;7;0;0;6;1078556;6163;1069;11;3382
FR;4;2022-02-16;10;8;9;0;13;1078566;6171;1078;11;3395
FR;4;2022-02-17;8;3;4;0;5;1078574;6174;1082;11;3400
FR;4;2022-02-18;16;13;6;0;17;1078590;6187;1088;11;3417
FR;4;2022-02-19;16;2;1;0;3;1078606;6189;1089;11;3420
FR;4;2022-02-20;6;2;0;0;1;1078612;6191;1089;11;3421
FR;4;2022-02-21;22;3;2;0;3;1078634;6194;1091;11;3424
FR;4;2022-02-22;8;4;8;0;8;1078642;6198;1099;11;3432
FR;4;2022-02-23;15;6;6;0;6;1078657;6204;1105;11;3438
FR;4;2022-02-24;7;3;2;0;3;1078664;6207;1107;11;3441
FR;4;2022-02-25;15;4;7;0;5;1078679;6211;1114;11;3446
FR;4;2022-02-26;24;3;0;0;3;1078703;6214;1114;11;3449
FR;4;2022-02-27;8;0;0;0;0;1078711;6214;1114;11;3449
FR;4;2022-02-28;14;3;2;0;3;1078725;6217;1116;11;3452
FR;4;2022-03-01;5;2;7;0;3;1078730;6219;1123;11;3455
FR;4;2022-03-02;8;2;3;0;4;1078738;6221;1126;11;3459
FR;4;2022-03-03;10;2;1;0;1;1078748;6223;1127;11;3460
FR;4;2022-03-04;6;6;2;1;5;1078754;6229;1129;12;3465
FR;4;2022-03-05;8;2;0;0;2;1078762;6231;1129;12;3467
FR;4;2022-03-06;2;0;1;0;1;1078764;6231;1130;12;3468
FR;4;2022-03-07;8;4;1;0;3;1078772;6235;1131;12;3471
FR;4;2022-03-08;13;1;0;0;1;1078785;6236;1131;12;3472
FR;4;2022-03-09;7;3;2;0;4;1078792;6239;1133;12;3476
FR;4;2022-03-10;5;0;4;0;1;1078797;6239;1137;12;3477
FR;4;2022-03-11;6;2;5;0;1;1078803;6241;1142;12;3478
FR;4;2022-03-12;9;2;0;0;0;1078812;6243;1142;12;3478
FR;4;2022-03-13;4;0;0;0;0;1078816;6243;1142;12;3478
FR;4;2022-03-14;3;0;0;0;0;1078819;6243;1142;12;3478
FR;4;2022-03-15;3;3;1;0;1;1078822;6246;1143;12;3479
FR;4;2022-03-16;4;2;3;0;3;1078826;6248;1146;12;3482
FR;4;2022-03-17;0;1;1;0;2;1078826;6249;1147;12;3484
FR;4;2022-03-18;6;0;0;0;0;1078832;6249;1147;12;3484
FR;4;2022-03-19;1;0;0;0;0;1078833;6249;1147;12;3484
FR;4;2022-03-20;2;0;0;0;0;1078835;6249;1147;12;3484
FR;4;2022-03-21;5;2;0;0;2;1078840;6251;1147;12;3486
FR;4;2022-03-22;0;3;0;0;3;1078840;6254;1147;12;3489
FR;4;2022-03-23;6;3;3;0;5;1078846;6257;1150;12;3494
FR;4;2022-03-24;2;3;0;1;2;1078848;6260;1150;13;3496
FR;4;2022-03-25;2;2;1;0;2;1078850;6262;1151;13;3498
FR;4;2022-03-26;5;5;0;0;5;1078855;6267;1151;13;3503
FR;4;2022-03-27;0;0;1;0;0;1078855;6267;1152;13;3503
FR;4;2022-03-28;3;1;0;0;0;1078858;6268;1152;13;3503
FR;4;2022-03-29;4;0;3;1;0;1078862;6268;1155;14;3503
FR;4;2022-03-30;0;3;0;0;3;1078862;6271;1155;14;3506
FR;4;2022-03-31;1;1;1;1;1;1078863;6272;1156;15;3507
FR;4;2022-04-01;12;0;1;0;1;1078875;6272;1157;15;3508
FR;4;2022-04-02;3;0;0;0;0;1078878;6272;1157;15;3508
FR;4;2022-04-03;0;0;0;0;0;1078878;6272;1157;15;3508
FR;4;2022-04-04;3;0;0;0;0;1078881;6272;1157;15;3508
FR;4;2022-04-05;3;1;0;0;0;1078884;6273;1157;15;3508
FR;4;2022-04-06;3;0;0;0;0;1078887;6273;1157;15;3508
FR;4;2022-04-07;1;2;0;2;2;1078888;6275;1157;17;3510
FR;4;2022-04-08;3;0;0;0;0;1078891;6275;1157;17;3510
FR;4;2022-04-09;0;0;1;0;0;1078891;6275;1158;17;3510
FR;4;2022-04-10;1;0;0;0;0;1078892;6275;1158;17;3510
FR;5;2020-12-27;0;0;0;0;0;0;0;0;0;0
FR;5;2020-12-28;0;0;0;0;0;0;0;0;0;0
FR;5;2020-12-29;0;0;0;0;0;0;0;0;0;0
FR;5;2020-12-30;0;0;0;0;0;0;0;0;0;0
FR;5;2020-12-31;0;0;0;0;0;0;0;0;0;0
FR;5;2021-01-01;0;0;0;0;0;0;0;0;0;0
FR;5;2021-01-02;0;0;0;0;0;0;0;0;0;0
FR;5;2021-01-03;0;0;0;0;0;0;0;0;0;0
FR;5;2021-01-04;0;0;0;0;0;0;0;0;0;0
FR;5;2021-01-05;0;0;0;0;0;0;0;0;0;0
FR;5;2021-01-06;0;0;0;0;0;0;0;0;0;0
FR;5;2021-01-07;0;0;0;0;0;0;0;0;0;0
FR;5;2021-01-08;0;0;0;0;0;0;0;0;0;0
FR;5;2021-01-09;0;0;0;0;0;0;0;0;0;0
FR;5;2021-01-10;0;0;0;0;0;0;0;0;0;0
FR;5;2021-01-11;0;0;0;0;0;0;0;0;0;0
FR;5;2021-01-12;0;0;0;0;0;0;0;0;0;0
FR;5;2021-01-13;0;0;0;0;0;0;0;0;0;0
FR;5;2021-01-14;0;0;0;0;0;0;0;0;0;0
FR;5;2021-01-15;0;0;0;0;0;0;0;0;0;0
FR;5;2021-01-16;0;0;0;0;0;0;0;0;0;0
FR;5;2021-01-17;0;0;0;0;0;0;0;0;0;0
FR;5;2021-01-18;0;0;0;0;0;0;0;0;0;0
FR;5;2021-01-19;0;0;0;0;0;0;0;0;0;0
FR;5;2021-01-20;0;0;0;0;0;0;0;0;0;0
FR;5;2021-01-21;0;0;0;0;0;0;0;0;0;0
FR;5;2021-01-22;0;0;0;0;0;0;0;0;0;0
FR;5;2021-01-23;0;0;0;0;0;0;0;0;0;0
FR;5;2021-01-24;0;0;0;0;0;0;0;0;0;0
FR;5;2021-01-25;0;0;0;0;0;0;0;0;0;0
FR;5;2021-01-26;0;0;0;0;0;0;0;0;0;0
FR;5;2021-01-27;0;0;0;0;0;0;0;0;0;0
FR;5;2021-01-28;0;0;0;0;0;0;0;0;0;0
FR;5;2021-01-29;0;0;0;0;0;0;0;0;0;0
FR;5;2021-01-30;0;0;0;0;0;0;0;0;0;0
FR;5;2021-01-31;0;0;0;0;0;0;0;0;0;0
FR;5;2021-02-01;0;0;0;0;0;0;0;0;0;0
FR;5;2021-02-02;0;0;0;0;0;0;0;0;0;0
FR;5;2021-02-03;0;0;0;0;0;0;0;0;0;0
FR;5;2021-02-04;0;0;0;0;0;0;0;0;0;0
FR;5;2021-02-05;0;0;0;0;0;0;0;0;0;0
FR;5;2021-02-06;0;0;0;0;0;0;0;0;0;0
FR;5;2021-02-07;0;0;0;0;0;0;0;0;0;0
FR;5;2021-02-08;0;0;0;0;0;0;0;0;0;0
FR;5;2021-02-09;0;0;0;0;0;0;0;0;0;0
FR;5;2021-02-10;0;0;0;0;0;0;0;0;0;0
FR;5;2021-02-11;0;0;0;0;0;0;0;0;0;0
FR;5;2021-02-12;0;0;0;0;0;0;0;0;0;0
FR;5;2021-02-13;0;0;0;0;0;0;0;0;0;0
FR;5;2021-02-14;0;0;0;0;0;0;0;0;0;0
FR;5;2021-02-15;0;0;0;0;0;0;0;0;0;0
FR;5;2021-02-16;0;0;0;0;0;0;0;0;0;0
FR;5;2021-02-17;0;0;0;0;0;0;0;0;0;0
FR;5;2021-02-18;0;0;0;0;0;0;0;0;0;0
FR;5;2021-02-19;0;0;0;0;0;0;0;0;0;0
FR;5;2021-02-20;0;0;0;0;0;0;0;0;0;0
FR;5;2021-02-21;0;0;0;0;0;0;0;0;0;0
FR;5;2021-02-22;0;0;0;0;0;0;0;0;0;0
FR;5;2021-02-23;0;0;0;0;0;0;0;0;0;0
FR;5;2021-02-24;0;0;0;0;0;0;0;0;0;0
FR;5;2021-02-25;0;0;0;0;0;0;0;0;0;0
FR;5;2021-02-26;0;0;0;0;0;0;0;0;0;0
FR;5;2021-02-27;0;0;0;0;0;0;0;0;0;0
FR;5;2021-02-28;0;0;0;0;0;0;0;0;0;0
FR;5;2021-03-01;0;0;0;0;0;0;0;0;0;0
FR;5;2021-03-02;0;0;0;0;0;0;0;0;0;0
FR;5;2021-03-03;0;0;0;0;0;0;0;0;0;0
FR;5;2021-03-04;0;0;0;0;0;0;0;0;0;0
FR;5;2021-03-05;0;0;0;0;0;0;0;0;0;0
FR;5;2021-03-06;0;0;0;0;0;0;0;0;0;0
FR;5;2021-03-07;0;0;0;0;0;0;0;0;0;0
FR;5;2021-03-08;0;0;0;0;0;0;0;0;0;0
FR;5;2021-03-09;0;0;0;0;0;0;0;0;0;0
FR;5;2021-03-10;0;0;0;0;0;0;0;0;0;0
FR;5;2021-03-11;0;0;0;0;0;0;0;0;0;0
FR;5;2021-03-12;0;0;0;0;0;0;0;0;0;0
FR;5;2021-03-13;0;0;0;0;0;0;0;0;0;0
FR;5;2021-03-14;0;0;0;0;0;0;0;0;0;0
FR;5;2021-03-15;0;0;0;0;0;0;0;0;0;0
FR;5;2021-03-16;0;0;0;0;0;0;0;0;0;0
FR;5;2021-03-17;0;0;0;0;0;0;0;0;0;0
FR;5;2021-03-18;0;0;0;0;0;0;0;0;0;0
FR;5;2021-03-19;0;0;0;0;0;0;0;0;0;0
FR;5;2021-03-20;0;0;0;0;0;0;0;0;0;0
FR;5;2021-03-21;0;0;0;0;0;0;0;0;0;0
FR;5;2021-03-22;0;0;0;0;0;0;0;0;0;0
FR;5;2021-03-23;0;0;0;0;0;0;0;0;0;0
FR;5;2021-03-24;0;0;0;0;0;0;0;0;0;0
FR;5;2021-03-25;0;0;0;0;0;0;0;0;0;0
FR;5;2021-03-26;0;0;0;0;0;0;0;0;0;0
FR;5;2021-03-27;0;0;0;0;0;0;0;0;0;0
FR;5;2021-03-28;0;0;0;0;0;0;0;0;0;0
FR;5;2021-03-29;0;0;0;0;0;0;0;0;0;0
FR;5;2021-03-30;0;0;0;0;0;0;0;0;0;0
FR;5;2021-03-31;0;0;0;0;0;0;0;0;0;0
FR;5;2021-04-01;0;0;0;0;0;0;0;0;0;0
FR;5;2021-04-02;0;0;0;0;0;0;0;0;0;0
FR;5;2021-04-03;0;0;0;0;0;0;0;0;0;0
FR;5;2021-04-04;0;0;0;0;0;0;0;0;0;0
FR;5;2021-04-05;0;0;0;0;0;0;0;0;0;0
FR;5;2021-04-06;0;0;0;0;0;0;0;0;0;0
FR;5;2021-04-07;0;0;0;0;0;0;0;0;0;0
FR;5;2021-04-08;0;0;0;0;0;0;0;0;0;0
FR;5;2021-04-09;0;0;0;0;0;0;0;0;0;0
FR;5;2021-04-10;0;0;0;0;0;0;0;0;0;0
FR;5;2021-04-11;0;0;0;0;0;0;0;0;0;0
FR;5;2021-04-12;0;0;0;0;0;0;0;0;0;0
FR;5;2021-04-13;0;0;0;0;0;0;0;0;0;0
FR;5;2021-04-14;0;0;0;0;0;0;0;0;0;0
FR;5;2021-04-15;0;0;0;0;0;0;0;0;0;0
FR;5;2021-04-16;0;0;0;0;0;0;0;0;0;0
FR;5;2021-04-17;0;0;0;0;0;0;0;0;0;0
FR;5;2021-04-18;0;0;0;0;0;0;0;0;0;0
FR;5;2021-04-19;0;0;0;0;0;0;0;0;0;0
FR;5;2021-04-20;0;0;0;0;0;0;0;0;0;0
FR;5;2021-04-21;0;0;0;0;0;0;0;0;0;0
FR;5;2021-04-22;0;0;0;0;0;0;0;0;0;0
FR;5;2021-04-23;0;0;0;0;0;0;0;0;0;0
FR;5;2021-04-24;0;0;0;0;0;0;0;0;0;0
FR;5;2021-04-25;0;0;0;0;0;0;0;0;0;0
FR;5;2021-04-26;0;0;0;0;0;0;0;0;0;0
FR;5;2021-04-27;0;0;0;0;0;0;0;0;0;0
FR;5;2021-04-28;0;0;0;0;0;0;0;0;0;0
FR;5;2021-04-29;0;0;0;0;0;0;0;0;0;0
FR;5;2021-04-30;0;0;0;0;0;0;0;0;0;0
FR;5;2021-05-01;0;0;0;0;0;0;0;0;0;0
FR;5;2021-05-02;0;0;0;0;0;0;0;0;0;0
FR;5;2021-05-03;0;0;0;0;0;0;0;0;0;0
FR;5;2021-05-04;0;0;0;0;0;0;0;0;0;0
FR;5;2021-05-05;0;0;0;0;0;0;0;0;0;0
FR;5;2021-05-06;0;0;0;0;0;0;0;0;0;0
FR;5;2021-05-07;0;0;0;0;0;0;0;0;0;0
FR;5;2021-05-08;0;0;0;0;0;0;0;0;0;0
FR;5;2021-05-09;0;0;0;0;0;0;0;0;0;0
FR;5;2021-05-10;0;0;0;0;0;0;0;0;0;0
FR;5;2021-05-11;0;0;0;0;0;0;0;0;0;0
FR;5;2021-05-12;0;0;0;0;0;0;0;0;0;0
FR;5;2021-05-13;0;0;0;0;0;0;0;0;0;0
FR;5;2021-05-14;0;0;0;0;0;0;0;0;0;0
FR;5;2021-05-15;0;0;0;0;0;0;0;0;0;0
FR;5;2021-05-16;0;0;0;0;0;0;0;0;0;0
FR;5;2021-05-17;0;0;0;0;0;0;0;0;0;0
FR;5;2021-05-18;0;0;0;0;0;0;0;0;0;0
FR;5;2021-05-19;0;0;0;0;0;0;0;0;0;0
FR;5;2021-05-20;0;0;0;0;0;0;0;0;0;0
FR;5;2021-05-21;0;0;0;0;0;0;0;0;0;0
FR;5;2021-05-22;0;0;0;0;0;0;0;0;0;0
FR;5;2021-05-23;0;0;0;0;0;0;0;0;0;0
FR;5;2021-05-24;0;0;0;0;0;0;0;0;0;0
FR;5;2021-05-25;0;0;0;0;0;0;0;0;0;0
FR;5;2021-05-26;0;0;0;0;0;0;0;0;0;0
FR;5;2021-05-27;0;0;0;0;0;0;0;0;0;0
FR;5;2021-05-28;0;0;0;0;0;0;0;0;0;0
FR;5;2021-05-29;0;0;0;0;0;0;0;0;0;0
FR;5;2021-05-30;0;0;0;0;0;0;0;0;0;0
FR;5;2021-05-31;0;0;0;0;0;0;0;0;0;0
FR;5;2021-06-01;0;0;0;0;0;0;0;0;0;0
FR;5;2021-06-02;0;0;0;0;0;0;0;0;0;0
FR;5;2021-06-03;0;0;0;0;0;0;0;0;0;0
FR;5;2021-06-04;0;0;0;0;0;0;0;0;0;0
FR;5;2021-06-05;0;0;0;0;0;0;0;0;0;0
FR;5;2021-06-06;0;0;0;0;0;0;0;0;0;0
FR;5;2021-06-07;0;0;0;0;0;0;0;0;0;0
FR;5;2021-06-08;0;0;0;0;0;0;0;0;0;0
FR;5;2021-06-09;0;0;0;0;0;0;0;0;0;0
FR;5;2021-06-10;0;0;0;0;0;0;0;0;0;0
FR;5;2021-06-11;0;0;0;0;0;0;0;0;0;0
FR;5;2021-06-12;0;0;0;0;0;0;0;0;0;0
FR;5;2021-06-13;0;0;0;0;0;0;0;0;0;0
FR;5;2021-06-14;0;0;0;0;0;0;0;0;0;0
FR;5;2021-06-15;0;0;0;0;0;0;0;0;0;0
FR;5;2021-06-16;0;0;0;0;0;0;0;0;0;0
FR;5;2021-06-17;0;0;0;0;0;0;0;0;0;0
FR;5;2021-06-18;0;0;0;0;0;0;0;0;0;0
FR;5;2021-06-19;0;0;0;0;0;0;0;0;0;0
FR;5;2021-06-20;0;0;0;0;0;0;0;0;0;0
FR;5;2021-06-21;0;0;0;0;0;0;0;0;0;0
FR;5;2021-06-22;0;0;0;0;0;0;0;0;0;0
FR;5;2021-06-23;0;0;0;0;0;0;0;0;0;0
FR;5;2021-06-24;0;0;0;0;0;0;0;0;0;0
FR;5;2021-06-25;0;0;0;0;0;0;0;0;0;0
FR;5;2021-06-26;0;0;0;0;0;0;0;0;0;0
FR;5;2021-06-27;0;0;0;0;0;0;0;0;0;0
FR;5;2021-06-28;0;0;0;0;0;0;0;0;0;0
FR;5;2021-06-29;0;0;0;0;0;0;0;0;0;0
FR;5;2021-06-30;0;0;0;0;0;0;0;0;0;0
FR;5;2021-07-01;0;0;0;0;0;0;0;0;0;0
FR;5;2021-07-02;0;0;0;0;0;0;0;0;0;0
FR;5;2021-07-03;0;0;0;0;0;0;0;0;0;0
FR;5;2021-07-04;0;0;0;0;0;0;0;0;0;0
FR;5;2021-07-05;0;0;0;0;0;0;0;0;0;0
FR;5;2021-07-06;0;0;0;0;0;0;0;0;0;0
FR;5;2021-07-07;0;0;0;0;0;0;0;0;0;0
FR;5;2021-07-08;0;0;0;0;0;0;0;0;0;0
FR;5;2021-07-09;0;0;0;0;0;0;0;0;0;0
FR;5;2021-07-10;0;0;0;0;0;0;0;0;0;0
FR;5;2021-07-11;0;0;0;0;0;0;0;0;0;0
FR;5;2021-07-12;0;0;0;0;0;0;0;0;0;0
FR;5;2021-07-13;0;0;0;0;0;0;0;0;0;0
FR;5;2021-07-14;0;0;0;0;0;0;0;0;0;0
FR;5;2021-07-15;0;0;0;0;0;0;0;0;0;0
FR;5;2021-07-16;0;0;0;0;0;0;0;0;0;0
FR;5;2021-07-17;0;0;0;0;0;0;0;0;0;0
FR;5;2021-07-18;0;0;0;0;0;0;0;0;0;0
FR;5;2021-07-19;0;0;0;0;0;0;0;0;0;0
FR;5;2021-07-20;0;0;0;0;0;0;0;0;0;0
FR;5;2021-07-21;0;0;0;0;0;0;0;0;0;0
FR;5;2021-07-22;0;0;0;0;0;0;0;0;0;0
FR;5;2021-07-23;0;0;0;0;0;0;0;0;0;0
FR;5;2021-07-24;0;0;0;0;0;0;0;0;0;0
FR;5;2021-07-25;0;0;0;0;0;0;0;0;0;0
FR;5;2021-07-26;0;0;0;0;0;0;0;0;0;0
FR;5;2021-07-27;0;0;0;0;0;0;0;0;0;0
FR;5;2021-07-28;0;0;0;0;0;0;0;0;0;0
FR;5;2021-07-29;0;0;0;0;0;0;0;0;0;0
FR;5;2021-07-30;0;0;0;0;0;0;0;0;0;0
FR;5;2021-07-31;0;0;0;0;0;0;0;0;0;0
FR;5;2021-08-01;0;0;0;0;0;0;0;0;0;0
FR;5;2021-08-02;0;0;0;0;0;0;0;0;0;0
FR;5;2021-08-03;0;0;0;0;0;0;0;0;0;0
FR;5;2021-08-04;0;0;0;0;0;0;0;0;0;0
FR;5;2021-08-05;0;0;0;0;0;0;0;0;0;0
FR;5;2021-08-06;0;0;0;0;0;0;0;0;0;0
FR;5;2021-08-07;0;0;0;0;0;0;0;0;0;0
FR;5;2021-08-08;0;0;0;0;0;0;0;0;0;0
FR;5;2021-08-09;0;0;0;0;0;0;0;0;0;0
FR;5;2021-08-10;0;0;0;0;0;0;0;0;0;0
FR;5;2021-08-11;0;0;0;0;0;0;0;0;0;0
FR;5;2021-08-12;0;0;0;0;0;0;0;0;0;0
FR;5;2021-08-13;0;0;0;0;0;0;0;0;0;0
FR;5;2021-08-14;0;0;0;0;0;0;0;0;0;0
FR;5;2021-08-15;0;0;0;0;0;0;0;0;0;0
FR;5;2021-08-16;0;0;0;0;0;0;0;0;0;0
FR;5;2021-08-17;0;0;0;0;0;0;0;0;0;0
FR;5;2021-08-18;0;0;0;0;0;0;0;0;0;0
FR;5;2021-08-19;0;0;0;0;0;0;0;0;0;0
FR;5;2021-08-20;0;0;0;0;0;0;0;0;0;0
FR;5;2021-08-21;0;0;0;0;0;0;0;0;0;0
FR;5;2021-08-22;0;0;0;0;0;0;0;0;0;0
FR;5;2021-08-23;0;0;0;0;0;0;0;0;0;0
FR;5;2021-08-24;0;0;0;0;0;0;0;0;0;0
FR;5;2021-08-25;0;0;0;0;0;0;0;0;0;0
FR;5;2021-08-26;0;0;0;0;0;0;0;0;0;0
FR;5;2021-08-27;0;0;0;0;0;0;0;0;0;0
FR;5;2021-08-28;0;0;0;0;0;0;0;0;0;0
FR;5;2021-08-29;0;0;0;0;0;0;0;0;0;0
FR;5;2021-08-30;0;0;0;0;0;0;0;0;0;0
FR;5;2021-08-31;0;0;0;0;0;0;0;0;0;0
FR;5;2021-09-01;0;0;0;0;0;0;0;0;0;0
FR;5;2021-09-02;0;0;0;0;0;0;0;0;0;0
FR;5;2021-09-03;0;0;0;0;0;0;0;0;0;0
FR;5;2021-09-04;0;0;0;0;0;0;0;0;0;0
FR;5;2021-09-05;0;0;0;0;0;0;0;0;0;0
FR;5;2021-09-06;0;0;0;0;0;0;0;0;0;0
FR;5;2021-09-07;0;0;0;0;0;0;0;0;0;0
FR;5;2021-09-08;0;0;0;0;0;0;0;0;0;0
FR;5;2021-09-09;0;0;0;0;0;0;0;0;0;0
FR;5;2021-09-10;0;0;0;0;0;0;0;0;0;0
FR;5;2021-09-11;0;0;0;0;0;0;0;0;0;0
FR;5;2021-09-12;0;0;0;0;0;0;0;0;0;0
FR;5;2021-09-13;0;0;0;0;0;0;0;0;0;0
FR;5;2021-09-14;0;0;0;0;0;0;0;0;0;0
FR;5;2021-09-15;0;0;0;0;0;0;0;0;0;0
FR;5;2021-09-16;0;0;0;0;0;0;0;0;0;0
FR;5;2021-09-17;0;0;0;0;0;0;0;0;0;0
FR;5;2021-09-18;0;0;0;0;0;0;0;0;0;0
FR;5;2021-09-19;0;0;0;0;0;0;0;0;0;0
FR;5;2021-09-20;0;0;0;0;0;0;0;0;0;0
FR;5;2021-09-21;0;0;0;0;0;0;0;0;0;0
FR;5;2021-09-22;0;0;0;0;0;0;0;0;0;0
FR;5;2021-09-23;0;0;0;0;0;0;0;0;0;0
FR;5;2021-09-24;0;0;0;0;0;0;0;0;0;0
FR;5;2021-09-25;0;0;0;0;0;0;0;0;0;0
FR;5;2021-09-26;0;0;0;0;0;0;0;0;0;0
FR;5;2021-09-27;0;0;0;0;0;0;0;0;0;0
FR;5;2021-09-28;0;0;0;0;0;0;0;0;0;0
FR;5;2021-09-29;0;0;0;0;0;0;0;0;0;0
FR;5;2021-09-30;0;0;0;0;0;0;0;0;0;0
FR;5;2021-10-01;0;0;0;0;0;0;0;0;0;0
FR;5;2021-10-02;0;0;0;0;0;0;0;0;0;0
FR;5;2021-10-03;0;0;0;0;0;0;0;0;0;0
FR;5;2021-10-04;0;0;0;0;0;0;0;0;0;0
FR;5;2021-10-05;0;0;0;0;0;0;0;0;0;0
FR;5;2021-10-06;0;0;0;0;0;0;0;0;0;0
FR;5;2021-10-07;0;0;0;0;0;0;0;0;0;0
FR;5;2021-10-08;0;0;0;0;0;0;0;0;0;0
FR;5;2021-10-09;0;0;0;0;0;0;0;0;0;0
FR;5;2021-10-10;0;0;0;0;0;0;0;0;0;0
FR;5;2021-10-11;0;0;0;0;0;0;0;0;0;0
FR;5;2021-10-12;0;0;0;0;0;0;0;0;0;0
FR;5;2021-10-13;0;0;0;0;0;0;0;0;0;0
FR;5;2021-10-14;0;0;0;0;0;0;0;0;0;0
FR;5;2021-10-15;0;0;0;0;0;0;0;0;0;0
FR;5;2021-10-16;0;0;0;0;0;0;0;0;0;0
FR;5;2021-10-17;0;0;0;0;0;0;0;0;0;0
FR;5;2021-10-18;0;0;0;0;0;0;0;0;0;0
FR;5;2021-10-19;0;0;0;0;0;0;0;0;0;0
FR;5;2021-10-20;0;0;0;0;0;0;0;0;0;0
FR;5;2021-10-21;0;0;0;0;0;0;0;0;0;0
FR;5;2021-10-22;0;0;0;0;0;0;0;0;0;0
FR;5;2021-10-23;0;0;0;0;0;0;0;0;0;0
FR;5;2021-10-24;0;0;0;0;0;0;0;0;0;0
FR;5;2021-10-25;0;0;0;0;0;0;0;0;0;0
FR;5;2021-10-26;0;0;0;0;0;0;0;0;0;0
FR;5;2021-10-27;0;0;0;0;0;0;0;0;0;0
FR;5;2021-10-28;0;0;0;0;0;0;0;0;0;0
FR;5;2021-10-29;0;0;0;0;0;0;0;0;0;0
FR;5;2021-10-30;0;0;0;0;0;0;0;0;0;0
FR;5;2021-10-31;0;0;0;0;0;0;0;0;0;0
FR;5;2021-11-01;0;0;0;0;0;0;0;0;0;0
FR;5;2021-11-02;0;0;0;0;0;0;0;0;0;0
FR;5;2021-11-03;0;0;0;0;0;0;0;0;0;0
FR;5;2021-11-04;0;0;0;0;0;0;0;0;0;0
FR;5;2021-11-05;0;0;0;0;0;0;0;0;0;0
FR;5;2021-11-06;0;0;0;0;0;0;0;0;0;0
FR;5;2021-11-07;0;0;0;0;0;0;0;0;0;0
FR;5;2021-11-08;0;0;0;0;0;0;0;0;0;0
FR;5;2021-11-09;0;0;0;0;0;0;0;0;0;0
FR;5;2021-11-10;0;0;0;0;0;0;0;0;0;0
FR;5;2021-11-11;0;0;0;0;0;0;0;0;0;0
FR;5;2021-11-12;0;0;0;0;0;0;0;0;0;0
FR;5;2021-11-13;0;0;0;0;0;0;0;0;0;0
FR;5;2021-11-14;0;0;0;0;0;0;0;0;0;0
FR;5;2021-11-15;0;0;0;0;0;0;0;0;0;0
FR;5;2021-11-16;0;0;0;0;0;0;0;0;0;0
FR;5;2021-11-17;0;0;0;0;0;0;0;0;0;0
FR;5;2021-11-18;0;0;0;0;0;0;0;0;0;0
FR;5;2021-11-19;0;0;0;0;0;0;0;0;0;0
FR;5;2021-11-20;0;0;0;0;0;0;0;0;0;0
FR;5;2021-11-21;0;0;0;0;0;0;0;0;0;0
FR;5;2021-11-22;0;0;0;0;0;0;0;0;0;0
FR;5;2021-11-23;0;0;0;0;0;0;0;0;0;0
FR;5;2021-11-24;0;0;0;0;0;0;0;0;0;0
FR;5;2021-11-25;0;0;0;0;0;0;0;0;0;0
FR;5;2021-11-26;0;0;0;0;0;0;0;0;0;0
FR;5;2021-11-27;0;0;0;0;0;0;0;0;0;0
FR;5;2021-11-28;0;0;0;0;0;0;0;0;0;0
FR;5;2021-11-29;0;0;0;0;0;0;0;0;0;0
FR;5;2021-11-30;0;0;0;0;0;0;0;0;0;0
FR;5;2021-12-01;0;0;0;0;0;0;0;0;0;0
FR;5;2021-12-02;0;0;0;0;0;0;0;0;0;0
FR;5;2021-12-03;0;0;0;0;0;0;0;0;0;0
FR;5;2021-12-04;0;0;0;0;0;0;0;0;0;0
FR;5;2021-12-05;0;0;0;0;0;0;0;0;0;0
FR;5;2021-12-06;0;0;0;0;0;0;0;0;0;0
FR;5;2021-12-07;0;0;0;0;0;0;0;0;0;0
FR;5;2021-12-08;0;0;0;0;0;0;0;0;0;0
FR;5;2021-12-09;0;0;0;0;0;0;0;0;0;0
FR;5;2021-12-10;0;0;0;0;0;0;0;0;0;0
FR;5;2021-12-11;0;0;0;0;0;0;0;0;0;0
FR;5;2021-12-12;0;0;0;0;0;0;0;0;0;0
FR;5;2021-12-13;0;0;0;0;0;0;0;0;0;0
FR;5;2021-12-14;28;45;77;0;88;28;45;77;0;88
FR;5;2021-12-15;195;44;37;0;49;223;89;114;0;137
FR;5;2021-12-16;180;21;44;0;48;403;110;158;0;185
FR;5;2021-12-17;310;16;72;0;74;713;126;230;0;259
FR;5;2021-12-18;762;24;22;0;29;1475;150;252;0;288
FR;5;2021-12-19;586;15;15;0;17;2061;165;267;0;305
FR;5;2021-12-20;1221;31;35;0;38;3282;196;302;0;343
FR;5;2021-12-21;1535;22;54;1;60;4817;218;356;1;403
FR;5;2021-12-22;4069;40;37;0;46;8886;258;393;1;449
FR;5;2021-12-23;3041;16;21;0;25;11927;274;414;1;474
FR;5;2021-12-24;759;18;9;0;15;12686;292;423;1;489
FR;5;2021-12-25;61;5;1;0;2;12747;297;424;1;491
FR;5;2021-12-26;623;6;3;0;4;13370;303;427;1;495
FR;5;2021-12-27;4080;25;21;0;23;17450;328;448;1;518
FR;5;2021-12-28;5199;23;41;1;43;22649;351;489;2;561
FR;5;2021-12-29;8101;34;65;2;68;30750;385;554;4;629
FR;5;2021-12-30;5171;18;33;0;39;35921;403;587;4;668
FR;5;2021-12-31;1553;8;10;0;11;37474;411;597;4;679
FR;5;2022-01-01;185;1;2;0;2;37659;412;599;4;681
FR;5;2022-01-02;1489;1;1;0;1;39148;413;600;4;682
FR;5;2022-01-03;3054;36;33;0;32;42202;449;633;4;714
FR;5;2022-01-04;3034;39;33;0;42;45236;488;666;4;756
FR;5;2022-01-05;19312;203;97;1;108;64548;691;763;5;864
FR;5;2022-01-06;3739;133;122;0;142;68287;824;885;5;1006
FR;5;2022-01-07;5007;200;48;2;56;73294;1024;933;7;1062
FR;5;2022-01-08;13650;513;45;0;52;86944;1537;978;7;1114
FR;5;2022-01-09;5755;399;15;0;20;92699;1936;993;7;1134
FR;5;2022-01-10;3452;326;25;0;29;96151;2262;1018;7;1163
FR;5;2022-01-11;3667;284;38;0;41;99818;2546;1056;7;1204
FR;5;2022-01-12;22651;3003;90;0;113;122469;5549;1146;7;1317
FR;5;2022-01-13;4033;622;30;0;32;126502;6171;1176;7;1349
FR;5;2022-01-14;4842;581;43;0;50;131344;6752;1219;7;1399
FR;5;2022-01-15;14678;1746;38;3;49;146022;8498;1257;10;1448
FR;5;2022-01-16;4727;666;3;0;5;150749;9164;1260;10;1453
FR;5;2022-01-17;2294;715;26;0;29;153043;9879;1286;10;1482
FR;5;2022-01-18;2429;870;30;0;40;155472;10749;1316;10;1522
FR;5;2022-01-19;18479;6418;74;2;142;173951;17167;1390;12;1664
FR;5;2022-01-20;1920;1067;24;0;33;175871;18234;1414;12;1697
FR;5;2022-01-21;3074;1370;47;1;59;178945;19604;1461;13;1756
FR;5;2022-01-22;10721;3454;33;1;43;189666;23058;1494;14;1799
FR;5;2022-01-23;2628;1413;5;0;8;192294;24471;1499;14;1807
FR;5;2022-01-24;1157;1340;19;0;23;193451;25811;1518;14;1830
FR;5;2022-01-25;1219;1548;19;2;29;194670;27359;1537;16;1859
FR;5;2022-01-26;10747;12015;50;1;89;205417;39374;1587;17;1948
FR;5;2022-01-27;1291;1690;10;0;17;206708;41064;1597;17;1965
FR;5;2022-01-28;1695;3347;16;0;19;208403;44411;1613;17;1984
FR;5;2022-01-29;6237;8040;68;0;96;214640;52451;1681;17;2080
FR;5;2022-01-30;1509;2950;5;0;18;216149;55401;1686;17;2098
FR;5;2022-01-31;588;1773;23;0;24;216737;57174;1709;17;2122
FR;5;2022-02-01;711;1702;10;0;15;217448;58876;1719;17;2137
FR;5;2022-02-02;6952;15653;52;0;94;224400;74529;1771;17;2231
FR;5;2022-02-03;487;1688;13;0;11;224887;76217;1784;17;2242
FR;5;2022-02-04;939;3001;19;0;31;225826;79218;1803;17;2273
FR;5;2022-02-05;3532;8914;23;0;37;229358;88132;1826;17;2310
FR;5;2022-02-06;736;2397;10;0;19;230094;90529;1836;17;2329
FR;5;2022-02-07;882;1595;22;0;24;230976;92124;1858;17;2353
FR;5;2022-02-08;719;1285;18;0;20;231695;93409;1876;17;2373
FR;5;2022-02-09;4534;12875;44;0;76;236229;106284;1920;17;2449
FR;5;2022-02-10;645;1058;13;0;14;236874;107342;1933;17;2463
FR;5;2022-02-11;793;2026;16;0;21;237667;109368;1949;17;2484
FR;5;2022-02-12;2285;6811;32;0;52;239952;116179;1981;17;2536
FR;5;2022-02-13;465;1539;8;0;8;240417;117718;1989;17;2544
FR;5;2022-02-14;678;1288;10;0;13;241095;119006;1999;17;2557
FR;5;2022-02-15;482;885;9;0;14;241577;119891;2008;17;2571
FR;5;2022-02-16;2977;9122;41;1;58;244554;129013;2049;18;2629
FR;5;2022-02-17;435;805;6;0;7;244989;129818;2055;18;2636
FR;5;2022-02-18;648;1407;13;0;17;245637;131225;2068;18;2653
FR;5;2022-02-19;1370;4314;16;0;28;247007;135539;2084;18;2681
FR;5;2022-02-20;247;879;6;0;8;247254;136418;2090;18;2689
FR;5;2022-02-21;221;607;2;0;4;247475;137025;2092;18;2693
FR;5;2022-02-22;259;544;17;0;17;247734;137569;2109;18;2710
FR;5;2022-02-23;1908;6923;22;1;42;249642;144492;2131;19;2752
FR;5;2022-02-24;182;373;5;1;5;249824;144865;2136;20;2757
FR;5;2022-02-25;335;949;13;0;12;250159;145814;2149;20;2769
FR;5;2022-02-26;970;3066;10;0;14;251129;148880;2159;20;2783
FR;5;2022-02-27;146;506;0;0;3;251275;149386;2159;20;2786
FR;5;2022-02-28;161;369;1;0;1;251436;149755;2160;20;2787
FR;5;2022-03-01;124;278;6;0;7;251560;150033;2166;20;2794
FR;5;2022-03-02;1239;4146;28;3;40;252799;154179;2194;23;2834
FR;5;2022-03-03;121;249;6;0;9;252920;154428;2200;23;2843
FR;5;2022-03-04;192;485;13;0;13;253112;154913;2213;23;2856
FR;5;2022-03-05;676;1990;8;0;16;253788;156903;2221;23;2872
FR;5;2022-03-06;107;260;0;0;0;253895;157163;2221;23;2872
FR;5;2022-03-07;70;228;5;0;3;253965;157391;2226;23;2875
FR;5;2022-03-08;46;130;7;1;7;254011;157521;2233;24;2882
FR;5;2022-03-09;908;3075;23;0;35;254919;160596;2256;24;2917
FR;5;2022-03-10;82;200;7;0;10;255001;160796;2263;24;2927
FR;5;2022-03-11;145;369;14;1;15;255146;161165;2277;25;2942
FR;5;2022-03-12;758;1613;12;1;29;255904;162778;2289;26;2971
FR;5;2022-03-13;76;99;0;0;0;255980;162877;2289;26;2971
FR;5;2022-03-14;67;116;7;1;7;256047;162993;2296;27;2978
FR;5;2022-03-15;82;99;3;0;6;256129;163092;2299;27;2984
FR;5;2022-03-16;884;1822;15;3;34;257013;164914;2314;30;3018
FR;5;2022-03-17;66;123;8;4;10;257079;165037;2322;34;3028
FR;5;2022-03-18;170;318;13;4;18;257249;165355;2335;38;3046
FR;5;2022-03-19;748;1162;12;5;33;257997;166517;2347;43;3079
FR;5;2022-03-20;44;92;1;0;1;258041;166609;2348;43;3080
FR;5;2022-03-21;71;119;10;6;15;258112;166728;2358;49;3095
FR;5;2022-03-22;55;114;8;6;8;258167;166842;2366;55;3103
FR;5;2022-03-23;800;1460;14;8;36;258967;168302;2380;63;3139
FR;5;2022-03-24;67;91;8;7;7;259034;168393;2388;70;3146
FR;5;2022-03-25;220;288;15;8;18;259254;168681;2403;78;3164
FR;5;2022-03-26;706;850;12;5;26;259960;169531;2415;83;3190
FR;5;2022-03-27;74;78;0;0;3;260034;169609;2415;83;3193
FR;5;2022-03-28;79;91;1;2;3;260113;169700;2416;85;3196
FR;5;2022-03-29;69;82;10;4;12;260182;169782;2426;89;3208
FR;5;2022-03-30;817;1115;15;13;28;260999;170897;2441;102;3236
FR;5;2022-03-31;100;123;1;4;6;261099;171020;2442;106;3242
FR;5;2022-04-01;107;84;6;12;11;261206;171104;2448;118;3253
FR;5;2022-04-02;327;345;3;3;14;261533;171449;2451;121;3267
FR;5;2022-04-03;54;59;1;0;1;261587;171508;2452;121;3268
FR;5;2022-04-04;35;57;4;1;8;261622;171565;2456;122;3276
FR;5;2022-04-05;50;59;6;6;9;261672;171624;2462;128;3285
FR;5;2022-04-06;420;435;5;15;14;262092;172059;2467;143;3299
FR;5;2022-04-07;45;67;5;7;7;262137;172126;2472;150;3306
FR;5;2022-04-08;129;103;11;12;15;262266;172229;2483;162;3321
FR;5;2022-04-09;304;317;2;5;16;262570;172546;2485;167;3337
FR;5;2022-04-10;42;30;2;0;2;262612;172576;2487;167;3339
FR;6;2020-12-27;0;0;0;0;0;0;0;0;0;0
FR;6;2020-12-28;0;0;0;0;0;0;0;0;0;0
FR;6;2020-12-29;0;0;0;0;0;0;0;0;0;0
FR;6;2020-12-30;0;0;0;0;0;0;0;0;0;0
FR;6;2020-12-31;0;0;0;0;0;0;0;0;0;0
FR;6;2021-01-01;0;0;0;0;0;0;0;0;0;0
FR;6;2021-01-02;0;0;0;0;0;0;0;0;0;0
FR;6;2021-01-03;0;0;0;0;0;0;0;0;0;0
FR;6;2021-01-04;0;0;0;0;0;0;0;0;0;0
FR;6;2021-01-05;0;0;0;0;0;0;0;0;0;0
FR;6;2021-01-06;0;0;0;0;0;0;0;0;0;0
FR;6;2021-01-07;0;0;0;0;0;0;0;0;0;0
FR;6;2021-01-08;0;0;0;0;0;0;0;0;0;0
FR;6;2021-01-09;0;0;0;0;0;0;0;0;0;0
FR;6;2021-01-10;0;0;0;0;0;0;0;0;0;0
FR;6;2021-01-11;0;0;0;0;0;0;0;0;0;0
FR;6;2021-01-12;0;0;0;0;0;0;0;0;0;0
FR;6;2021-01-13;0;0;0;0;0;0;0;0;0;0
FR;6;2021-01-14;0;0;0;0;0;0;0;0;0;0
FR;6;2021-01-15;0;0;0;0;0;0;0;0;0;0
FR;6;2021-01-16;0;0;0;0;0;0;0;0;0;0
FR;6;2021-01-17;0;0;0;0;0;0;0;0;0;0
FR;6;2021-01-18;0;0;0;0;0;0;0;0;0;0
FR;6;2021-01-19;0;0;0;0;0;0;0;0;0;0
FR;6;2021-01-20;0;0;0;0;0;0;0;0;0;0
FR;6;2021-01-21;0;0;0;0;0;0;0;0;0;0
FR;6;2021-01-22;0;0;0;0;0;0;0;0;0;0
FR;6;2021-01-23;0;0;0;0;0;0;0;0;0;0
FR;6;2021-01-24;0;0;0;0;0;0;0;0;0;0
FR;6;2021-01-25;0;0;0;0;0;0;0;0;0;0
FR;6;2021-01-26;0;0;0;0;0;0;0;0;0;0
FR;6;2021-01-27;0;0;0;0;0;0;0;0;0;0
FR;6;2021-01-28;0;0;0;0;0;0;0;0;0;0
FR;6;2021-01-29;0;0;0;0;0;0;0;0;0;0
FR;6;2021-01-30;0;0;0;0;0;0;0;0;0;0
FR;6;2021-01-31;0;0;0;0;0;0;0;0;0;0
FR;6;2021-02-01;0;0;0;0;0;0;0;0;0;0
FR;6;2021-02-02;0;0;0;0;0;0;0;0;0;0
FR;6;2021-02-03;0;0;0;0;0;0;0;0;0;0
FR;6;2021-02-04;0;0;0;0;0;0;0;0;0;0
FR;6;2021-02-05;0;0;0;0;0;0;0;0;0;0
FR;6;2021-02-06;0;0;0;0;0;0;0;0;0;0
FR;6;2021-02-07;0;0;0;0;0;0;0;0;0;0
FR;6;2021-02-08;0;0;0;0;0;0;0;0;0;0
FR;6;2021-02-09;0;0;0;0;0;0;0;0;0;0
FR;6;2021-02-10;0;0;0;0;0;0;0;0;0;0
FR;6;2021-02-11;0;0;0;0;0;0;0;0;0;0
FR;6;2021-02-12;0;0;0;0;0;0;0;0;0;0
FR;6;2021-02-13;0;0;0;0;0;0;0;0;0;0
FR;6;2021-02-14;0;0;0;0;0;0;0;0;0;0
FR;6;2021-02-15;0;0;0;0;0;0;0;0;0;0
FR;6;2021-02-16;0;0;0;0;0;0;0;0;0;0
FR;6;2021-02-17;0;0;0;0;0;0;0;0;0;0
FR;6;2021-02-18;0;0;0;0;0;0;0;0;0;0
FR;6;2021-02-19;0;0;0;0;0;0;0;0;0;0
FR;6;2021-02-20;0;0;0;0;0;0;0;0;0;0
FR;6;2021-02-21;0;0;0;0;0;0;0;0;0;0
FR;6;2021-02-22;0;0;0;0;0;0;0;0;0;0
FR;6;2021-02-23;0;0;0;0;0;0;0;0;0;0
FR;6;2021-02-24;0;0;0;0;0;0;0;0;0;0
FR;6;2021-02-25;0;0;0;0;0;0;0;0;0;0
FR;6;2021-02-26;0;0;0;0;0;0;0;0;0;0
FR;6;2021-02-27;0;0;0;0;0;0;0;0;0;0
FR;6;2021-02-28;0;0;0;0;0;0;0;0;0;0
FR;6;2021-03-01;0;0;0;0;0;0;0;0;0;0
FR;6;2021-03-02;0;0;0;0;0;0;0;0;0;0
FR;6;2021-03-03;0;0;0;0;0;0;0;0;0;0
FR;6;2021-03-04;0;0;0;0;0;0;0;0;0;0
FR;6;2021-03-05;0;0;0;0;0;0;0;0;0;0
FR;6;2021-03-06;0;0;0;0;0;0;0;0;0;0
FR;6;2021-03-07;0;0;0;0;0;0;0;0;0;0
FR;6;2021-03-08;0;0;0;0;0;0;0;0;0;0
FR;6;2021-03-09;0;0;0;0;0;0;0;0;0;0
FR;6;2021-03-10;0;0;0;0;0;0;0;0;0;0
FR;6;2021-03-11;0;0;0;0;0;0;0;0;0;0
FR;6;2021-03-12;0;0;0;0;0;0;0;0;0;0
FR;6;2021-03-13;0;0;0;0;0;0;0;0;0;0
FR;6;2021-03-14;0;0;0;0;0;0;0;0;0;0
FR;6;2021-03-15;0;0;0;0;0;0;0;0;0;0
FR;6;2021-03-16;0;0;0;0;0;0;0;0;0;0
FR;6;2021-03-17;0;0;0;0;0;0;0;0;0;0
FR;6;2021-03-18;0;0;0;0;0;0;0;0;0;0
FR;6;2021-03-19;0;0;0;0;0;0;0;0;0;0
FR;6;2021-03-20;0;0;0;0;0;0;0;0;0;0
FR;6;2021-03-21;0;0;0;0;0;0;0;0;0;0
FR;6;2021-03-22;0;0;0;0;0;0;0;0;0;0
FR;6;2021-03-23;0;0;0;0;0;0;0;0;0;0
FR;6;2021-03-24;0;0;0;0;0;0;0;0;0;0
FR;6;2021-03-25;0;0;0;0;0;0;0;0;0;0
FR;6;2021-03-26;0;0;0;0;0;0;0;0;0;0
FR;6;2021-03-27;0;0;0;0;0;0;0;0;0;0
FR;6;2021-03-28;0;0;0;0;0;0;0;0;0;0
FR;6;2021-03-29;0;0;0;0;0;0;0;0;0;0
FR;6;2021-03-30;0;0;0;0;0;0;0;0;0;0
FR;6;2021-03-31;0;0;0;0;0;0;0;0;0;0
FR;6;2021-04-01;0;0;0;0;0;0;0;0;0;0
FR;6;2021-04-02;0;0;0;0;0;0;0;0;0;0
FR;6;2021-04-03;0;0;0;0;0;0;0;0;0;0
FR;6;2021-04-04;0;0;0;0;0;0;0;0;0;0
FR;6;2021-04-05;0;0;0;0;0;0;0;0;0;0
FR;6;2021-04-06;0;0;0;0;0;0;0;0;0;0
FR;6;2021-04-07;0;0;0;0;0;0;0;0;0;0
FR;6;2021-04-08;0;0;0;0;0;0;0;0;0;0
FR;6;2021-04-09;0;0;0;0;0;0;0;0;0;0
FR;6;2021-04-10;0;0;0;0;0;0;0;0;0;0
FR;6;2021-04-11;0;0;0;0;0;0;0;0;0;0
FR;6;2021-04-12;0;0;0;0;0;0;0;0;0;0
FR;6;2021-04-13;0;0;0;0;0;0;0;0;0;0
FR;6;2021-04-14;0;0;0;0;0;0;0;0;0;0
FR;6;2021-04-15;0;0;0;0;0;0;0;0;0;0
FR;6;2021-04-16;0;0;0;0;0;0;0;0;0;0
FR;6;2021-04-17;0;0;0;0;0;0;0;0;0;0
FR;6;2021-04-18;0;0;0;0;0;0;0;0;0;0
FR;6;2021-04-19;0;0;0;0;0;0;0;0;0;0
FR;6;2021-04-20;0;0;0;0;0;0;0;0;0;0
FR;6;2021-04-21;0;0;0;0;0;0;0;0;0;0
FR;6;2021-04-22;0;0;0;0;0;0;0;0;0;0
FR;6;2021-04-23;0;0;0;0;0;0;0;0;0;0
FR;6;2021-04-24;0;0;0;0;0;0;0;0;0;0
FR;6;2021-04-25;0;0;0;0;0;0;0;0;0;0
FR;6;2021-04-26;0;0;0;0;0;0;0;0;0;0
FR;6;2021-04-27;0;0;0;0;0;0;0;0;0;0
FR;6;2021-04-28;0;0;0;0;0;0;0;0;0;0
FR;6;2021-04-29;0;0;0;0;0;0;0;0;0;0
FR;6;2021-04-30;0;0;0;0;0;0;0;0;0;0
FR;6;2021-05-01;0;0;0;0;0;0;0;0;0;0
FR;6;2021-05-02;0;0;0;0;0;0;0;0;0;0
FR;6;2021-05-03;0;0;0;0;0;0;0;0;0;0
FR;6;2021-05-04;0;0;0;0;0;0;0;0;0;0
FR;6;2021-05-05;0;0;0;0;0;0;0;0;0;0
FR;6;2021-05-06;0;0;0;0;0;0;0;0;0;0
FR;6;2021-05-07;0;0;0;0;0;0;0;0;0;0
FR;6;2021-05-08;0;0;0;0;0;0;0;0;0;0
FR;6;2021-05-09;0;0;0;0;0;0;0;0;0;0
FR;6;2021-05-10;0;0;0;0;0;0;0;0;0;0
FR;6;2021-05-11;0;0;0;0;0;0;0;0;0;0
FR;6;2021-05-12;0;0;0;0;0;0;0;0;0;0
FR;6;2021-05-13;0;0;0;0;0;0;0;0;0;0
FR;6;2021-05-14;0;0;0;0;0;0;0;0;0;0
FR;6;2021-05-15;0;0;0;0;0;0;0;0;0;0
FR;6;2021-05-16;0;0;0;0;0;0;0;0;0;0
FR;6;2021-05-17;0;0;0;0;0;0;0;0;0;0
FR;6;2021-05-18;0;0;0;0;0;0;0;0;0;0
FR;6;2021-05-19;0;0;0;0;0;0;0;0;0;0
FR;6;2021-05-20;0;0;0;0;0;0;0;0;0;0
FR;6;2021-05-21;0;0;0;0;0;0;0;0;0;0
FR;6;2021-05-22;0;0;0;0;0;0;0;0;0;0
FR;6;2021-05-23;0;0;0;0;0;0;0;0;0;0
FR;6;2021-05-24;0;0;0;0;0;0;0;0;0;0
FR;6;2021-05-25;0;0;0;0;0;0;0;0;0;0
FR;6;2021-05-26;0;0;0;0;0;0;0;0;0;0
FR;6;2021-05-27;0;0;0;0;0;0;0;0;0;0
FR;6;2021-05-28;0;0;0;0;0;0;0;0;0;0
FR;6;2021-05-29;0;0;0;0;0;0;0;0;0;0
FR;6;2021-05-30;0;0;0;0;0;0;0;0;0;0
FR;6;2021-05-31;0;0;0;0;0;0;0;0;0;0
FR;6;2021-06-01;0;0;0;0;0;0;0;0;0;0
FR;6;2021-06-02;0;0;0;0;0;0;0;0;0;0
FR;6;2021-06-03;0;0;0;0;0;0;0;0;0;0
FR;6;2021-06-04;0;0;0;0;0;0;0;0;0;0
FR;6;2021-06-05;0;0;0;0;0;0;0;0;0;0
FR;6;2021-06-06;0;0;0;0;0;0;0;0;0;0
FR;6;2021-06-07;0;0;0;0;0;0;0;0;0;0
FR;6;2021-06-08;0;0;0;0;0;0;0;0;0;0
FR;6;2021-06-09;0;0;0;0;0;0;0;0;0;0
FR;6;2021-06-10;0;0;0;0;0;0;0;0;0;0
FR;6;2021-06-11;0;0;0;0;0;0;0;0;0;0
FR;6;2021-06-12;0;0;0;0;0;0;0;0;0;0
FR;6;2021-06-13;0;0;0;0;0;0;0;0;0;0
FR;6;2021-06-14;0;0;0;0;0;0;0;0;0;0
FR;6;2021-06-15;0;0;0;0;0;0;0;0;0;0
FR;6;2021-06-16;0;0;0;0;0;0;0;0;0;0
FR;6;2021-06-17;0;0;0;0;0;0;0;0;0;0
FR;6;2021-06-18;0;0;0;0;0;0;0;0;0;0
FR;6;2021-06-19;0;0;0;0;0;0;0;0;0;0
FR;6;2021-06-20;0;0;0;0;0;0;0;0;0;0
FR;6;2021-06-21;0;0;0;0;0;0;0;0;0;0
FR;6;2021-06-22;0;0;0;0;0;0;0;0;0;0
FR;6;2021-06-23;0;0;0;0;0;0;0;0;0;0
FR;6;2021-06-24;0;0;0;0;0;0;0;0;0;0
FR;6;2021-06-25;0;0;0;0;0;0;0;0;0;0
FR;6;2021-06-26;0;0;0;0;0;0;0;0;0;0
FR;6;2021-06-27;0;0;0;0;0;0;0;0;0;0
FR;6;2021-06-28;0;0;0;0;0;0;0;0;0;0
FR;6;2021-06-29;0;0;0;0;0;0;0;0;0;0
FR;6;2021-06-30;0;0;0;0;0;0;0;0;0;0
FR;6;2021-07-01;0;0;0;0;0;0;0;0;0;0
FR;6;2021-07-02;0;0;0;0;0;0;0;0;0;0
FR;6;2021-07-03;0;0;0;0;0;0;0;0;0;0
FR;6;2021-07-04;0;0;0;0;0;0;0;0;0;0
FR;6;2021-07-05;0;0;0;0;0;0;0;0;0;0
FR;6;2021-07-06;0;0;0;0;0;0;0;0;0;0
FR;6;2021-07-07;0;0;0;0;0;0;0;0;0;0
FR;6;2021-07-08;0;0;0;0;0;0;0;0;0;0
FR;6;2021-07-09;0;0;0;0;0;0;0;0;0;0
FR;6;2021-07-10;0;0;0;0;0;0;0;0;0;0
FR;6;2021-07-11;0;0;0;0;0;0;0;0;0;0
FR;6;2021-07-12;0;0;0;0;0;0;0;0;0;0
FR;6;2021-07-13;0;0;0;0;0;0;0;0;0;0
FR;6;2021-07-14;0;0;0;0;0;0;0;0;0;0
FR;6;2021-07-15;0;0;0;0;0;0;0;0;0;0
FR;6;2021-07-16;0;0;0;0;0;0;0;0;0;0
FR;6;2021-07-17;0;0;0;0;0;0;0;0;0;0
FR;6;2021-07-18;0;0;0;0;0;0;0;0;0;0
FR;6;2021-07-19;0;0;0;0;0;0;0;0;0;0
FR;6;2021-07-20;0;0;0;0;0;0;0;0;0;0
FR;6;2021-07-21;0;0;0;0;0;0;0;0;0;0
FR;6;2021-07-22;0;0;0;0;0;0;0;0;0;0
FR;6;2021-07-23;0;0;0;0;0;0;0;0;0;0
FR;6;2021-07-24;0;0;0;0;0;0;0;0;0;0
FR;6;2021-07-25;0;0;0;0;0;0;0;0;0;0
FR;6;2021-07-26;0;0;0;0;0;0;0;0;0;0
FR;6;2021-07-27;0;0;0;0;0;0;0;0;0;0
FR;6;2021-07-28;0;0;0;0;0;0;0;0;0;0
FR;6;2021-07-29;0;0;0;0;0;0;0;0;0;0
FR;6;2021-07-30;0;0;0;0;0;0;0;0;0;0
FR;6;2021-07-31;0;0;0;0;0;0;0;0;0;0
FR;6;2021-08-01;0;0;0;0;0;0;0;0;0;0
FR;6;2021-08-02;0;0;0;0;0;0;0;0;0;0
FR;6;2021-08-03;0;0;0;0;0;0;0;0;0;0
FR;6;2021-08-04;0;0;0;0;0;0;0;0;0;0
FR;6;2021-08-05;0;0;0;0;0;0;0;0;0;0
FR;6;2021-08-06;0;0;0;0;0;0;0;0;0;0
FR;6;2021-08-07;0;0;0;0;0;0;0;0;0;0
FR;6;2021-08-08;0;0;0;0;0;0;0;0;0;0
FR;6;2021-08-09;0;0;0;0;0;0;0;0;0;0
FR;6;2021-08-10;0;0;0;0;0;0;0;0;0;0
FR;6;2021-08-11;0;0;0;0;0;0;0;0;0;0
FR;6;2021-08-12;0;0;0;0;0;0;0;0;0;0
FR;6;2021-08-13;0;0;0;0;0;0;0;0;0;0
FR;6;2021-08-14;0;0;0;0;0;0;0;0;0;0
FR;6;2021-08-15;0;0;0;0;0;0;0;0;0;0
FR;6;2021-08-16;0;0;0;0;0;0;0;0;0;0
FR;6;2021-08-17;0;0;0;0;0;0;0;0;0;0
FR;6;2021-08-18;0;0;0;0;0;0;0;0;0;0
FR;6;2021-08-19;0;0;0;0;0;0;0;0;0;0
FR;6;2021-08-20;0;0;0;0;0;0;0;0;0;0
FR;6;2021-08-21;0;0;0;0;0;0;0;0;0;0
FR;6;2021-08-22;0;0;0;0;0;0;0;0;0;0
FR;6;2021-08-23;0;0;0;0;0;0;0;0;0;0
FR;6;2021-08-24;0;0;0;0;0;0;0;0;0;0
FR;6;2021-08-25;0;0;0;0;0;0;0;0;0;0
FR;6;2021-08-26;0;0;0;0;0;0;0;0;0;0
FR;6;2021-08-27;0;0;0;0;0;0;0;0;0;0
FR;6;2021-08-28;0;0;0;0;0;0;0;0;0;0
FR;6;2021-08-29;0;0;0;0;0;0;0;0;0;0
FR;6;2021-08-30;0;0;0;0;0;0;0;0;0;0
FR;6;2021-08-31;0;0;0;0;0;0;0;0;0;0
FR;6;2021-09-01;0;0;0;0;0;0;0;0;0;0
FR;6;2021-09-02;0;0;0;0;0;0;0;0;0;0
FR;6;2021-09-03;0;0;0;0;0;0;0;0;0;0
FR;6;2021-09-04;0;0;0;0;0;0;0;0;0;0
FR;6;2021-09-05;0;0;0;0;0;0;0;0;0;0
FR;6;2021-09-06;0;0;0;0;0;0;0;0;0;0
FR;6;2021-09-07;0;0;0;0;0;0;0;0;0;0
FR;6;2021-09-08;0;0;0;0;0;0;0;0;0;0
FR;6;2021-09-09;0;0;0;0;0;0;0;0;0;0
FR;6;2021-09-10;0;0;0;0;0;0;0;0;0;0
FR;6;2021-09-11;0;0;0;0;0;0;0;0;0;0
FR;6;2021-09-12;0;0;0;0;0;0;0;0;0;0
FR;6;2021-09-13;0;0;0;0;0;0;0;0;0;0
FR;6;2021-09-14;0;0;0;0;0;0;0;0;0;0
FR;6;2021-09-15;0;0;0;0;0;0;0;0;0;0
FR;6;2021-09-16;0;0;0;0;0;0;0;0;0;0
FR;6;2021-09-17;0;0;0;0;0;0;0;0;0;0
FR;6;2021-09-18;0;0;0;0;0;0;0;0;0;0
FR;6;2021-09-19;0;0;0;0;0;0;0;0;0;0
FR;6;2021-09-20;0;0;0;0;0;0;0;0;0;0
FR;6;2021-09-21;0;0;0;0;0;0;0;0;0;0
FR;6;2021-09-22;0;0;0;0;0;0;0;0;0;0
FR;6;2021-09-23;0;0;0;0;0;0;0;0;0;0
FR;6;2021-09-24;0;0;0;0;0;0;0;0;0;0
FR;6;2021-09-25;0;0;0;0;0;0;0;0;0;0
FR;6;2021-09-26;0;0;0;0;0;0;0;0;0;0
FR;6;2021-09-27;0;0;0;0;0;0;0;0;0;0
FR;6;2021-09-28;0;0;0;0;0;0;0;0;0;0
FR;6;2021-09-29;0;0;0;0;0;0;0;0;0;0
FR;6;2021-09-30;0;0;0;0;0;0;0;0;0;0
FR;6;2021-10-01;0;0;0;0;0;0;0;0;0;0
FR;6;2021-10-02;0;0;0;0;0;0;0;0;0;0
FR;6;2021-10-03;0;0;0;0;0;0;0;0;0;0
FR;6;2021-10-04;0;0;0;0;0;0;0;0;0;0
FR;6;2021-10-05;0;0;0;0;0;0;0;0;0;0
FR;6;2021-10-06;0;0;0;0;0;0;0;0;0;0
FR;6;2021-10-07;0;0;0;0;0;0;0;0;0;0
FR;6;2021-10-08;0;0;0;0;0;0;0;0;0;0
FR;6;2021-10-09;0;0;0;0;0;0;0;0;0;0
FR;6;2021-10-10;0;0;0;0;0;0;0;0;0;0
FR;6;2021-10-11;0;0;0;0;0;0;0;0;0;0
FR;6;2021-10-12;0;0;0;0;0;0;0;0;0;0
FR;6;2021-10-13;0;0;0;0;0;0;0;0;0;0
FR;6;2021-10-14;0;0;0;0;0;0;0;0;0;0
FR;6;2021-10-15;0;0;0;0;0;0;0;0;0;0
FR;6;2021-10-16;0;0;0;0;0;0;0;0;0;0
FR;6;2021-10-17;0;0;0;0;0;0;0;0;0;0
FR;6;2021-10-18;0;0;0;0;0;0;0;0;0;0
FR;6;2021-10-19;0;0;0;0;0;0;0;0;0;0
FR;6;2021-10-20;0;0;0;0;0;0;0;0;0;0
FR;6;2021-10-21;0;0;0;0;0;0;0;0;0;0
FR;6;2021-10-22;0;0;0;0;0;0;0;0;0;0
FR;6;2021-10-23;0;0;0;0;0;0;0;0;0;0
FR;6;2021-10-24;0;0;0;0;0;0;0;0;0;0
FR;6;2021-10-25;0;0;0;0;0;0;0;0;0;0
FR;6;2021-10-26;0;0;0;0;0;0;0;0;0;0
FR;6;2021-10-27;0;0;0;0;0;0;0;0;0;0
FR;6;2021-10-28;0;0;0;0;0;0;0;0;0;0
FR;6;2021-10-29;0;0;0;0;0;0;0;0;0;0
FR;6;2021-10-30;0;0;0;0;0;0;0;0;0;0
FR;6;2021-10-31;0;0;0;0;0;0;0;0;0;0
FR;6;2021-11-01;0;0;0;0;0;0;0;0;0;0
FR;6;2021-11-02;0;0;0;0;0;0;0;0;0;0
FR;6;2021-11-03;0;0;0;0;0;0;0;0;0;0
FR;6;2021-11-04;0;0;0;0;0;0;0;0;0;0
FR;6;2021-11-05;0;0;0;0;0;0;0;0;0;0
FR;6;2021-11-06;0;0;0;0;0;0;0;0;0;0
FR;6;2021-11-07;0;0;0;0;0;0;0;0;0;0
FR;6;2021-11-08;0;0;0;0;0;0;0;0;0;0
FR;6;2021-11-09;0;0;0;0;0;0;0;0;0;0
FR;6;2021-11-10;0;0;0;0;0;0;0;0;0;0
FR;6;2021-11-11;0;0;0;0;0;0;0;0;0;0
FR;6;2021-11-12;0;0;0;0;0;0;0;0;0;0
FR;6;2021-11-13;0;0;0;0;0;0;0;0;0;0
FR;6;2021-11-14;0;0;0;0;0;0;0;0;0;0
FR;6;2021-11-15;0;0;0;0;0;0;0;0;0;0
FR;6;2021-11-16;0;0;0;0;0;0;0;0;0;0
FR;6;2021-11-17;0;0;0;0;0;0;0;0;0;0
FR;6;2021-11-18;0;0;0;0;0;0;0;0;0;0
FR;6;2021-11-19;0;0;0;0;0;0;0;0;0;0
FR;6;2021-11-20;0;0;0;0;0;0;0;0;0;0
FR;6;2021-11-21;0;0;0;0;0;0;0;0;0;0
FR;6;2021-11-22;0;0;0;0;0;0;0;0;0;0
FR;6;2021-11-23;0;0;0;0;0;0;0;0;0;0
FR;6;2021-11-24;0;0;0;0;0;0;0;0;0;0
FR;6;2021-11-25;0;0;0;0;0;0;0;0;0;0
FR;6;2021-11-26;0;0;0;0;0;0;0;0;0;0
FR;6;2021-11-27;0;0;0;0;0;0;0;0;0;0
FR;6;2021-11-28;0;0;0;0;0;0;0;0;0;0
FR;6;2021-11-29;0;0;0;0;0;0;0;0;0;0
FR;6;2021-11-30;0;0;0;0;0;0;0;0;0;0
FR;6;2021-12-01;0;0;0;0;0;0;0;0;0;0
FR;6;2021-12-02;0;0;0;0;0;0;0;0;0;0
FR;6;2021-12-03;0;0;0;0;0;0;0;0;0;0
FR;6;2021-12-04;0;0;0;0;0;0;0;0;0;0
FR;6;2021-12-05;0;0;0;0;0;0;0;0;0;0
FR;6;2021-12-06;0;0;0;0;0;0;0;0;0;0
FR;6;2021-12-07;0;0;0;0;0;0;0;0;0;0
FR;6;2021-12-08;0;0;0;0;0;0;0;0;0;0
FR;6;2021-12-09;0;0;0;0;0;0;0;0;0;0
FR;6;2021-12-10;0;0;0;0;0;0;0;0;0;0
FR;6;2021-12-11;0;0;0;0;0;0;0;0;0;0
FR;6;2021-12-12;0;0;0;0;0;0;0;0;0;0
FR;6;2021-12-13;0;0;0;0;0;0;0;0;0;0
FR;6;2021-12-14;0;0;0;0;0;0;0;0;0;0
FR;6;2021-12-15;0;0;0;0;0;0;0;0;0;0
FR;6;2021-12-16;0;0;0;0;0;0;0;0;0;0
FR;6;2021-12-17;0;0;0;0;0;0;0;0;0;0
FR;6;2021-12-18;0;0;0;0;0;0;0;0;0;0
FR;6;2021-12-19;0;0;0;0;0;0;0;0;0;0
FR;6;2021-12-20;0;0;0;0;0;0;0;0;0;0
FR;6;2021-12-21;0;0;0;0;0;0;0;0;0;0
FR;6;2021-12-22;0;0;0;0;0;0;0;0;0;0
FR;6;2021-12-23;0;0;0;0;0;0;0;0;0;0
FR;6;2021-12-24;0;0;0;0;0;0;0;0;0;0
FR;6;2021-12-25;0;0;0;0;0;0;0;0;0;0
FR;6;2021-12-26;0;0;0;0;0;0;0;0;0;0
FR;6;2021-12-27;0;0;0;0;0;0;0;0;0;0
FR;6;2021-12-28;0;0;0;0;0;0;0;0;0;0
FR;6;2021-12-29;0;0;0;0;0;0;0;0;0;0
FR;6;2021-12-30;0;0;0;0;0;0;0;0;0;0
FR;6;2021-12-31;0;0;0;0;0;0;0;0;0;0
FR;6;2022-01-01;0;0;0;0;0;0;0;0;0;0
FR;6;2022-01-02;0;0;0;0;0;0;0;0;0;0
FR;6;2022-01-03;0;0;0;0;0;0;0;0;0;0
FR;6;2022-01-04;0;0;0;0;0;0;0;0;0;0
FR;6;2022-01-05;0;0;0;0;0;0;0;0;0;0
FR;6;2022-01-06;0;0;0;0;0;0;0;0;0;0
FR;6;2022-01-07;0;0;0;0;0;0;0;0;0;0
FR;6;2022-01-08;0;0;0;0;0;0;0;0;0;0
FR;6;2022-01-09;0;0;0;0;0;0;0;0;0;0
FR;6;2022-01-10;0;0;0;0;0;0;0;0;0;0
FR;6;2022-01-11;0;0;0;0;0;0;0;0;0;0
FR;6;2022-01-12;0;0;0;0;0;0;0;0;0;0
FR;6;2022-01-13;0;0;0;0;0;0;0;0;0;0
FR;6;2022-01-14;0;0;0;0;0;0;0;0;0;0
FR;6;2022-01-15;0;0;0;0;0;0;0;0;0;0
FR;6;2022-01-16;0;0;0;0;0;0;0;0;0;0
FR;6;2022-01-17;0;0;0;0;0;0;0;0;0;0
FR;6;2022-01-18;0;0;0;0;0;0;0;0;0;0
FR;6;2022-01-19;0;0;0;0;0;0;0;0;0;0
FR;6;2022-01-20;0;0;0;0;0;0;0;0;0;0
FR;6;2022-01-21;0;0;0;0;0;0;0;0;0;0
FR;6;2022-01-22;0;0;0;0;0;0;0;0;0;0
FR;6;2022-01-23;0;0;0;0;0;0;0;0;0;0
FR;6;2022-01-24;0;0;0;0;0;0;0;0;0;0
FR;6;2022-01-25;0;0;0;0;0;0;0;0;0;0
FR;6;2022-01-26;0;0;0;0;0;0;0;0;0;0
FR;6;2022-01-27;0;0;0;0;0;0;0;0;0;0
FR;6;2022-01-28;0;0;0;0;0;0;0;0;0;0
FR;6;2022-01-29;0;0;0;0;0;0;0;0;0;0
FR;6;2022-01-30;0;0;0;0;0;0;0;0;0;0
FR;6;2022-01-31;0;0;0;0;0;0;0;0;0;0
FR;6;2022-02-01;0;0;0;0;0;0;0;0;0;0
FR;6;2022-02-02;0;0;0;0;0;0;0;0;0;0
FR;6;2022-02-03;0;0;0;0;0;0;0;0;0;0
FR;6;2022-02-04;0;0;0;0;0;0;0;0;0;0
FR;6;2022-02-05;0;0;0;0;0;0;0;0;0;0
FR;6;2022-02-06;0;0;0;0;0;0;0;0;0;0
FR;6;2022-02-07;0;0;0;0;0;0;0;0;0;0
FR;6;2022-02-08;0;0;0;0;0;0;0;0;0;0
FR;6;2022-02-09;0;0;0;0;0;0;0;0;0;0
FR;6;2022-02-10;0;0;0;0;0;0;0;0;0;0
FR;6;2022-02-11;0;0;0;0;0;0;0;0;0;0
FR;6;2022-02-12;0;0;0;0;0;0;0;0;0;0
FR;6;2022-02-13;0;0;0;0;0;0;0;0;0;0
FR;6;2022-02-14;0;0;0;0;0;0;0;0;0;0
FR;6;2022-02-15;0;0;0;0;0;0;0;0;0;0
FR;6;2022-02-16;0;0;0;0;0;0;0;0;0;0
FR;6;2022-02-17;0;0;0;0;0;0;0;0;0;0
FR;6;2022-02-18;0;0;0;0;0;0;0;0;0;0
FR;6;2022-02-19;0;0;0;0;0;0;0;0;0;0
FR;6;2022-02-20;0;0;0;0;0;0;0;0;0;0
FR;6;2022-02-21;0;0;0;0;0;0;0;0;0;0
FR;6;2022-02-22;0;0;0;0;0;0;0;0;0;0
FR;6;2022-02-23;0;0;0;0;0;0;0;0;0;0
FR;6;2022-02-24;0;0;0;0;0;0;0;0;0;0
FR;6;2022-02-25;0;0;0;0;0;0;0;0;0;0
FR;6;2022-02-26;0;0;0;0;0;0;0;0;0;0
FR;6;2022-02-27;0;0;0;0;0;0;0;0;0;0
FR;6;2022-02-28;0;0;0;0;0;0;0;0;0;0
FR;6;2022-03-01;0;0;0;0;0;0;0;0;0;0
FR;6;2022-03-02;96;9;2;0;7;96;9;2;0;7
FR;6;2022-03-03;0;0;0;0;0;96;9;2;0;7
FR;6;2022-03-04;91;4;0;0;4;187;13;2;0;11
FR;6;2022-03-05;391;23;2;0;14;578;36;4;0;25
FR;6;2022-03-06;7;1;0;0;0;585;37;4;0;25
FR;6;2022-03-07;337;19;0;0;13;922;56;4;0;38
FR;6;2022-03-08;230;14;0;0;5;1152;70;4;0;43
FR;6;2022-03-09;519;29;2;0;21;1671;99;6;0;64
FR;6;2022-03-10;206;18;0;1;12;1877;117;6;1;76
FR;6;2022-03-11;328;21;6;0;21;2205;138;12;1;97
FR;6;2022-03-12;518;25;1;0;20;2723;163;13;1;117
FR;6;2022-03-13;40;2;0;0;1;2763;165;13;1;118
FR;6;2022-03-14;201;4;2;0;3;2964;169;15;1;121
FR;6;2022-03-15;112;11;2;0;9;3076;180;17;1;130
FR;6;2022-03-16;310;16;1;1;14;3386;196;18;2;144
FR;6;2022-03-17;117;6;1;2;4;3503;202;19;4;148
FR;6;2022-03-18;214;11;0;0;6;3717;213;19;4;154
FR;6;2022-03-19;306;20;2;0;10;4023;233;21;4;164
FR;6;2022-03-20;15;5;0;0;1;4038;238;21;4;165
FR;6;2022-03-21;131;23;1;0;4;4169;261;22;4;169
FR;6;2022-03-22;97;8;0;0;2;4266;269;22;4;171
FR;6;2022-03-23;225;108;3;0;14;4491;377;25;4;185
FR;6;2022-03-24;99;14;1;3;4;4590;391;26;7;189
FR;6;2022-03-25;203;141;2;1;15;4793;532;28;8;204
FR;6;2022-03-26;330;296;7;1;19;5123;828;35;9;223
FR;6;2022-03-27;32;30;1;0;1;5155;858;36;9;224
FR;6;2022-03-28;200;208;8;1;17;5355;1066;44;10;241
FR;6;2022-03-29;126;188;12;2;12;5481;1254;56;12;253
FR;6;2022-03-30;304;475;9;2;21;5785;1729;65;14;274
FR;6;2022-03-31;122;140;9;0;13;5907;1869;74;14;287
FR;6;2022-04-01;194;150;10;2;23;6101;2019;84;16;310
FR;6;2022-04-02;205;240;9;1;13;6306;2259;93;17;323
FR;6;2022-04-03;17;21;0;0;1;6323;2280;93;17;324
FR;6;2022-04-04;129;113;6;1;9;6452;2393;99;18;333
FR;6;2022-04-05;145;88;15;1;11;6597;2481;114;19;344
FR;6;2022-04-06;201;245;21;26;27;6798;2726;135;45;371
FR;6;2022-04-07;125;96;15;4;17;6923;2822;150;49;388
FR;6;2022-04-08;197;169;16;3;16;7120;2991;166;52;404
FR;6;2022-04-09;141;138;6;12;12;7261;3129;172;64;416
FR;6;2022-04-10;10;19;2;0;0;7271;3148;174;64;416
FR;0;2020-12-27;598;0;0;0;0;598;0;0;0;0
FR;0;2020-12-28;651;0;0;0;0;1249;0;0;0;0
FR;0;2020-12-29;369;0;0;0;0;1618;0;0;0;0
FR;0;2020-12-30;433;0;0;0;0;2051;0;0;0;0
FR;0;2020-12-31;376;0;0;0;0;2427;0;0;0;0
FR;0;2021-01-01;1112;0;0;0;0;3539;0;0;0;0
FR;0;2021-01-02;349;3;0;0;0;3888;3;0;0;0
FR;0;2021-01-03;397;0;0;0;0;4285;3;0;0;0
FR;0;2021-01-04;2074;0;0;0;0;6359;3;0;0;0
FR;0;2021-01-05;7055;2;0;0;0;13414;5;0;0;0
FR;0;2021-01-06;12338;7;0;0;0;25752;12;0;0;0
FR;0;2021-01-07;29440;8;0;0;0;55192;20;0;0;0
FR;0;2021-01-08;37111;4;0;0;0;92303;24;0;0;0
FR;0;2021-01-09;11207;2;0;0;0;103510;26;0;0;0
FR;0;2021-01-10;5990;0;0;0;0;109500;26;0;0;0
FR;0;2021-01-11;39915;10;0;0;0;149415;36;0;0;0
FR;0;2021-01-12;62107;8;0;0;0;211522;44;0;0;0
FR;0;2021-01-13;65067;17;0;0;0;276589;61;0;0;0
FR;0;2021-01-14;83125;33;0;0;0;359714;94;0;0;0
FR;0;2021-01-15;68969;15;0;0;0;428683;109;0;0;0
FR;0;2021-01-16;20203;74;0;0;0;448886;183;0;0;0
FR;0;2021-01-17;10975;45;0;0;0;459861;228;0;0;0
FR;0;2021-01-18;85812;171;0;0;0;545673;399;0;0;0
FR;0;2021-01-19;130556;146;0;0;0;676229;545;0;0;0
FR;0;2021-01-20;137492;171;0;0;0;813721;716;0;0;0
FR;0;2021-01-21;158351;150;0;0;0;972072;866;0;0;0
FR;0;2021-01-22;121025;177;0;0;0;1093097;1043;0;0;0
FR;0;2021-01-23;38455;57;0;0;0;1131552;1100;0;0;0
FR;0;2021-01-24;9737;56;0;0;0;1141289;1156;0;0;0
FR;0;2021-01-25;78206;1238;0;0;0;1219495;2394;0;0;0
FR;0;2021-01-26;100334;3170;1;0;0;1319829;5564;1;0;0
FR;0;2021-01-27;107207;5766;0;0;0;1427036;11330;1;0;0
FR;0;2021-01-28;124308;14531;0;0;0;1551344;25861;1;0;0
FR;0;2021-01-29;92150;17428;0;0;0;1643494;43289;1;0;0
FR;0;2021-01-30;29101;4239;0;0;0;1672595;47528;1;0;0
FR;0;2021-01-31;5220;1723;0;0;0;1677815;49251;1;0;0
FR;0;2021-02-01;53091;21225;0;0;0;1730906;70476;1;0;0
FR;0;2021-02-02;72264;34948;0;0;0;1803170;105424;1;0;0
FR;0;2021-02-03;72263;37206;0;0;0;1875433;142630;1;0;0
FR;0;2021-02-04;82023;50426;0;0;0;1957456;193056;1;0;0
FR;0;2021-02-05;68207;45450;0;0;0;2025663;238506;1;0;0
FR;0;2021-02-06;23131;10593;0;0;0;2048794;249099;1;0;0
FR;0;2021-02-07;5175;5110;0;0;0;2053969;254209;1;0;0
FR;0;2021-02-08;46805;46374;0;0;0;2100774;300583;1;0;0
FR;0;2021-02-09;65980;72842;0;0;0;2166754;373425;1;0;0
FR;0;2021-02-10;70958;77248;0;0;0;2237712;450673;1;0;0
FR;0;2021-02-11;87213;99229;0;0;0;2324925;549902;1;0;0
FR;0;2021-02-12;79268;74440;0;0;0;2404193;624342;1;0;0
FR;0;2021-02-13;22341;19578;0;0;0;2426534;643920;1;0;0
FR;0;2021-02-14;5063;7223;0;0;0;2431597;651143;1;0;0
FR;0;2021-02-15;38051;76671;0;0;0;2469648;727814;1;0;0
FR;0;2021-02-16;50350;100547;0;0;0;2519998;828361;1;0;0
FR;0;2021-02-17;50476;103421;1;0;0;2570474;931782;2;0;0
FR;0;2021-02-18;69725;118831;0;0;0;2640199;1050613;2;0;0
FR;0;2021-02-19;65035;90872;1;0;0;2705234;1141485;3;0;0
FR;0;2021-02-20;18567;28519;0;0;0;2723801;1170004;3;0;0
FR;0;2021-02-21;3305;6396;0;0;0;2727106;1176400;3;0;0
FR;0;2021-02-22;37466;73269;2;0;0;2764572;1249669;5;0;0
FR;0;2021-02-23;53751;84237;1;0;0;2818323;1333906;6;0;0
FR;0;2021-02-24;59962;81263;1;0;0;2878285;1415169;7;0;0
FR;0;2021-02-25;100532;91244;1;0;0;2978817;1506413;8;0;0
FR;0;2021-02-26;113409;70912;0;0;0;3092226;1577325;8;0;0
FR;0;2021-02-27;52089;22066;0;0;0;3144315;1599391;8;0;0
FR;0;2021-02-28;6190;4409;1;0;0;3150505;1603800;9;0;0
FR;0;2021-03-01;65801;52995;1;0;0;3216306;1656795;10;0;0
FR;0;2021-03-02;101316;66311;2;0;0;3317622;1723106;12;0;0
FR;0;2021-03-03;116430;65436;0;0;0;3434052;1788542;12;0;0
FR;0;2021-03-04;163555;69250;3;0;0;3597607;1857792;15;0;0
FR;0;2021-03-05;200860;63155;3;0;0;3798467;1920947;18;0;0
FR;0;2021-03-06;207909;17790;3;0;0;4006376;1938737;21;0;0
FR;0;2021-03-07;121242;5337;1;0;0;4127618;1944074;22;0;0
FR;0;2021-03-08;107099;50666;2;0;0;4234717;1994740;24;0;0
FR;0;2021-03-09;172382;56653;2;0;0;4407099;2051393;26;0;0
FR;0;2021-03-10;178897;57163;5;0;0;4585996;2108556;31;0;0
FR;0;2021-03-11;242773;63112;2;0;0;4828769;2171668;33;0;0
FR;0;2021-03-12;294754;53390;0;0;0;5123523;2225058;33;0;0
FR;0;2021-03-13;231351;15300;1;0;0;5354874;2240358;34;0;0
FR;0;2021-03-14;63330;3405;1;0;0;5418204;2243763;35;0;0
FR;0;2021-03-15;158579;32564;3;0;0;5576783;2276327;38;0;0
FR;0;2021-03-16;141516;39452;5;0;0;5718299;2315779;43;0;0
FR;0;2021-03-17;150405;38600;4;0;0;5868704;2354379;47;0;0
FR;0;2021-03-18;167748;44598;5;0;0;6036452;2398977;52;0;0
FR;0;2021-03-19;229935;37347;2;0;0;6266387;2436324;54;0;0
FR;0;2021-03-20;166628;11697;1;0;0;6433015;2448021;55;0;0
FR;0;2021-03-21;49904;2586;1;0;0;6482919;2450607;56;0;0
FR;0;2021-03-22;169950;34196;2;0;0;6652869;2484803;58;0;0
FR;0;2021-03-23;250298;42423;1;0;0;6903167;2527226;59;0;0
FR;0;2021-03-24;256826;43827;0;0;0;7159993;2571053;59;0;0
FR;0;2021-03-25;341728;44712;5;0;0;7501721;2615765;64;0;0
FR;0;2021-03-26;358728;41847;4;0;0;7860449;2657612;68;0;0
FR;0;2021-03-27;195223;16670;1;0;0;8055672;2674282;69;0;0
FR;0;2021-03-28;59313;3888;3;0;0;8114985;2678170;72;0;0
FR;0;2021-03-29;202911;54169;4;0;0;8317896;2732339;76;0;0
FR;0;2021-03-30;285363;69611;4;0;0;8603259;2801950;80;0;0
FR;0;2021-03-31;262935;72943;4;0;0;8866194;2874893;84;0;0
FR;0;2021-04-01;315327;88277;12;0;0;9181521;2963170;96;0;0
FR;0;2021-04-02;281253;92284;7;0;0;9462774;3055454;103;0;0
FR;0;2021-04-03;141030;61835;5;0;0;9603804;3117289;108;0;0
FR;0;2021-04-04;46319;18692;2;0;0;9650123;3135981;110;0;0
FR;0;2021-04-05;63283;10938;11;0;0;9713406;3146919;121;0;0
FR;0;2021-04-06;217093;108263;16;0;0;9930499;3255182;137;0;0
FR;0;2021-04-07;260157;115322;17;0;0;10190656;3370504;154;0;0
FR;0;2021-04-08;337675;121329;14;0;0;10528331;3491833;168;0;0
FR;0;2021-04-09;410050;116345;49;0;0;10938381;3608178;217;0;0
FR;0;2021-04-10;212564;82638;15;0;0;11150945;3690816;232;0;0
FR;0;2021-04-11;56052;34513;7;0;0;11206997;3725329;239;0;0
FR;0;2021-04-12;236901;115123;45;0;0;11443898;3840452;284;0;0
FR;0;2021-04-13;309367;144692;97;1;0;11753265;3985144;381;1;0
FR;0;2021-04-14;294379;139208;211;0;0;12047644;4124352;592;1;0
FR;0;2021-04-15;336966;147875;337;0;0;12384610;4272227;929;1;0
FR;0;2021-04-16;339190;145622;352;0;0;12723800;4417849;1281;1;0
FR;0;2021-04-17;188612;90120;108;0;0;12912412;4507969;1389;1;0
FR;0;2021-04-18;51563;35421;45;0;0;12963975;4543390;1434;1;0
FR;0;2021-04-19;205600;138209;453;0;0;13169575;4681599;1887;1;0
FR;0;2021-04-20;254293;170536;568;0;0;13423868;4852135;2455;1;0
FR;0;2021-04-21;253114;168764;830;0;0;13676982;5020899;3285;1;0
FR;0;2021-04-22;287366;188265;818;0;0;13964348;5209164;4103;1;0
FR;0;2021-04-23;297962;183147;743;0;0;14262310;5392311;4846;1;0
FR;0;2021-04-24;190403;111488;247;0;0;14452713;5503799;5093;1;0
FR;0;2021-04-25;69462;38820;51;0;0;14522175;5542619;5144;1;0
FR;0;2021-04-26;220851;156006;559;0;0;14743026;5698625;5703;1;0
FR;0;2021-04-27;284502;187271;939;0;0;15027528;5885896;6642;1;0
FR;0;2021-04-28;299393;183077;1420;1;1;15326921;6068973;8062;2;1
FR;0;2021-04-29;357016;196048;1275;0;0;15683937;6265021;9337;2;1
FR;0;2021-04-30;372107;184629;1119;1;0;16056044;6449650;10456;3;1
FR;0;2021-05-01;167567;52507;178;0;0;16223611;6502157;10634;3;1
FR;0;2021-05-02;91633;37787;82;0;0;16315244;6539944;10716;3;1
FR;0;2021-05-03;288769;169233;837;0;0;16604013;6709177;11553;3;1
FR;0;2021-05-04;315514;224230;1230;0;0;16919527;6933407;12783;3;1
FR;0;2021-05-05;327010;224457;1311;0;0;17246537;7157864;14094;3;1
FR;0;2021-05-06;379351;239110;1627;0;0;17625888;7396974;15721;3;1
FR;0;2021-05-07;372621;257100;1222;0;0;17998509;7654074;16943;3;1
FR;0;2021-05-08;222106;66935;297;0;0;18220615;7721009;17240;3;1
FR;0;2021-05-09;129648;46606;243;0;0;18350263;7767615;17483;3;1
FR;0;2021-05-10;313221;228689;1228;0;0;18663484;7996304;18711;3;1
FR;0;2021-05-11;403749;257836;1562;0;0;19067233;8254140;20273;3;1
FR;0;2021-05-12;433961;233026;1541;0;0;19501194;8487166;21814;3;1
FR;0;2021-05-13;338488;56972;429;0;0;19839682;8544138;22243;3;1
FR;0;2021-05-14;454005;167219;1117;0;0;20293687;8711357;23360;3;1
FR;0;2021-05-15;374853;93954;442;0;0;20668540;8805311;23802;3;1
FR;0;2021-05-16;202678;20783;168;0;0;20871218;8826094;23970;3;1
FR;0;2021-05-17;375973;148896;1547;0;0;21247191;8974990;25517;3;1
FR;0;2021-05-18;459861;152988;1985;0;0;21707052;9127978;27502;3;1
FR;0;2021-05-19;467255;145048;2448;0;0;22174307;9273026;29950;3;1
FR;0;2021-05-20;507335;160166;2328;0;0;22681642;9433192;32278;3;1
FR;0;2021-05-21;489515;174360;1984;0;0;23171157;9607552;34262;3;1
FR;0;2021-05-22;347106;79796;667;0;0;23518263;9687348;34929;3;1
FR;0;2021-05-23;161621;14417;246;0;0;23679884;9701765;35175;3;1
FR;0;2021-05-24;263107;33204;597;0;0;23942991;9734969;35772;3;1
FR;0;2021-05-25;400032;189066;2344;1;0;24343023;9924035;38116;4;1
FR;0;2021-05-26;413325;188110;2213;0;0;24756348;10112145;40329;4;1
FR;0;2021-05-27;449659;218428;2152;0;0;25206007;10330573;42481;4;1
FR;0;2021-05-28;429406;259368;1888;0;0;25635413;10589941;44369;4;1
FR;0;2021-05-29;298920;149296;582;0;0;25934333;10739237;44951;4;1
FR;0;2021-05-30;107081;32580;162;0;0;26041414;10771817;45113;4;1
FR;0;2021-05-31;357874;203526;1465;1;1;26399288;10975343;46578;5;2
FR;0;2021-06-01;430495;251361;1953;1;1;26829783;11226704;48531;6;3
FR;0;2021-06-02;418852;230725;1974;0;0;27248635;11457429;50505;6;3
FR;0;2021-06-03;463994;258457;1818;0;0;27712629;11715886;52323;6;3
FR;0;2021-06-04;455396;304684;1725;1;1;28168025;12020570;54048;7;4
FR;0;2021-06-05;304705;188944;651;0;0;28472730;12209514;54699;7;4
FR;0;2021-06-06;133207;49123;226;0;0;28605937;12258637;54925;7;4
FR;0;2021-06-07;338537;262086;1514;0;0;28944474;12520723;56439;7;4
FR;0;2021-06-08;393484;290943;1792;0;0;29337958;12811666;58231;7;4
FR;0;2021-06-09;384551;275607;1720;0;0;29722509;13087273;59951;7;4
FR;0;2021-06-10;403856;289075;1717;1;0;30126365;13376348;61668;8;4
FR;0;2021-06-11;386384;357261;1456;0;0;30512749;13733609;63124;8;4
FR;0;2021-06-12;283158;211262;489;0;0;30795907;13944871;63613;8;4
FR;0;2021-06-13;104807;74001;204;0;0;30900714;14018872;63817;8;4
FR;0;2021-06-14;240617;355786;1422;1;0;31141331;14374658;65239;9;4
FR;0;2021-06-15;307882;385745;1561;1;0;31449213;14760403;66800;10;4
FR;0;2021-06-16;313764;357781;1413;1;0;31762977;15118184;68213;11;4
FR;0;2021-06-17;317480;372249;1420;1;0;32080457;15490433;69633;12;4
FR;0;2021-06-18;321505;442353;1329;1;0;32401962;15932786;70962;13;4
FR;0;2021-06-19;224290;273732;446;0;0;32626252;16206518;71408;13;4
FR;0;2021-06-20;74347;102604;127;0;0;32700599;16309122;71535;13;4
FR;0;2021-06-21;195531;401940;1029;1;1;32896130;16711062;72564;14;5
FR;0;2021-06-22;222960;467322;1257;10;2;33119090;17178384;73821;24;7
FR;0;2021-06-23;233806;439855;1194;1;1;33352896;17618239;75015;25;8
FR;0;2021-06-24;241677;409474;1343;0;0;33594573;18027713;76358;25;8
FR;0;2021-06-25;227414;522087;1398;0;0;33821987;18549800;77756;25;8
FR;0;2021-06-26;153149;370668;584;1;0;33975136;18920468;78340;26;8
FR;0;2021-06-27;55847;156283;166;1;0;34030983;19076751;78506;27;8
FR;0;2021-06-28;154566;453025;1163;0;0;34185549;19529776;79669;27;8
FR;0;2021-06-29;182506;506558;2122;0;0;34368055;20036334;81791;27;8
FR;0;2021-06-30;203774;481508;2007;21;2;34571829;20517842;83798;48;10
FR;0;2021-07-01;230937;457753;2221;5;1;34802766;20975595;86019;53;11
FR;0;2021-07-02;227960;520186;2118;5;3;35030726;21495781;88137;58;14
FR;0;2021-07-03;141872;368725;909;3;1;35172598;21864506;89046;61;15
FR;0;2021-07-04;56678;141264;265;0;0;35229276;22005770;89311;61;15
FR;0;2021-07-05;168097;419354;1667;8;2;35397373;22425124;90978;69;17
FR;0;2021-07-06;196434;474828;1823;44;8;35593807;22899952;92801;113;25
FR;0;2021-07-07;212758;439306;1874;24;5;35806565;23339258;94675;137;30
FR;0;2021-07-08;231307;424137;2088;20;7;36037872;23763395;96763;157;37
FR;0;2021-07-09;228252;510291;2182;4;2;36266124;24273686;98945;161;39
FR;0;2021-07-10;148488;339835;982;1;1;36414612;24613521;99927;162;40
FR;0;2021-07-11;60117;110129;281;0;0;36474729;24723650;100208;162;40
FR;0;2021-07-12;168899;478196;1750;4;0;36643628;25201846;101958;166;40
FR;0;2021-07-13;286991;527484;2044;8;2;36930619;25729330;104002;174;42
FR;0;2021-07-14;180793;157797;433;0;0;37111412;25887127;104435;174;42
FR;0;2021-07-15;346739;502523;2097;1;0;37458151;26389650;106532;175;42
FR;0;2021-07-16;379785;496013;2020;3;1;37837936;26885663;108552;178;43
FR;0;2021-07-17;259604;319832;876;1;0;38097540;27205495;109428;179;43
FR;0;2021-07-18;109651;114826;310;0;0;38207191;27320321;109738;179;43
FR;0;2021-07-19;285250;425304;1626;3;0;38492441;27745625;111364;182;43
FR;0;2021-07-20;376665;452639;1721;0;0;38869106;28198264;113085;182;43
FR;0;2021-07-21;395548;408107;1549;4;2;39264654;28606371;114634;186;45
FR;0;2021-07-22;440709;388400;1712;4;2;39705363;28994771;116346;190;47
FR;0;2021-07-23;438672;423412;1878;4;2;40144035;29418183;118224;194;49
FR;0;2021-07-24;285146;269682;802;1;0;40429181;29687865;119026;195;49
FR;0;2021-07-25;121019;80080;225;0;0;40550200;29767945;119251;195;49
FR;0;2021-07-26;347201;323442;1614;3;2;40897401;30091387;120865;198;51
FR;0;2021-07-27;463818;320499;1696;4;2;41361219;30411886;122561;202;53
FR;0;2021-07-28;459236;290168;1635;4;2;41820455;30702054;124196;206;55
FR;0;2021-07-29;489583;277070;1793;2;1;42310038;30979124;125989;208;56
FR;0;2021-07-30;461508;303035;1935;5;2;42771546;31282159;127924;213;58
FR;0;2021-07-31;285301;185058;914;1;0;43056847;31467217;128838;214;58
FR;0;2021-08-01;111907;50012;252;0;0;43168754;31517229;129090;214;58
FR;0;2021-08-02;341045;234727;1596;2;0;43509799;31751956;130686;216;58
FR;0;2021-08-03;398256;245234;1715;2;1;43908055;31997190;132401;218;59
FR;0;2021-08-04;384455;210205;1589;5;3;44292510;32207395;133990;223;62
FR;0;2021-08-05;365846;228965;1707;0;0;44658356;32436360;135697;223;62
FR;0;2021-08-06;359410;271880;1833;4;1;45017766;32708240;137530;227;63
FR;0;2021-08-07;212977;178380;755;4;3;45230743;32886620;138285;231;66
FR;0;2021-08-08;74113;63262;269;0;0;45304856;32949882;138554;231;66
FR;0;2021-08-09;258496;259758;1538;4;3;45563352;33209640;140092;235;69
FR;0;2021-08-10;306482;278378;1655;2;1;45869834;33488018;141747;237;70
FR;0;2021-08-11;279417;260468;1435;5;1;46149251;33748486;143182;242;71
FR;0;2021-08-12;271215;278714;1657;3;1;46420466;34027200;144839;245;72
FR;0;2021-08-13;251948;277872;1586;3;2;46672414;34305072;146425;248;74
FR;0;2021-08-14;145250;197366;739;0;0;46817664;34502438;147164;248;74
FR;0;2021-08-15;39257;50108;212;1;0;46856921;34552546;147376;249;74
FR;0;2021-08-16;185958;318243;1538;0;0;47042879;34870789;148914;249;74
FR;0;2021-08-17;215494;336774;1632;6;1;47258373;35207563;150546;255;75
FR;0;2021-08-18;198808;324977;1587;7;4;47457181;35532540;152133;262;79
FR;0;2021-08-19;191792;325746;1630;1;0;47648973;35858286;153763;263;79
FR;0;2021-08-20;186202;365747;1804;3;2;47835175;36224033;155567;266;81
FR;0;2021-08-21;104715;238158;701;0;0;47939890;36462191;156268;266;81
FR;0;2021-08-22;31867;87203;252;1;1;47971757;36549394;156520;267;82
FR;0;2021-08-23;140831;357326;1555;3;2;48112588;36906720;158075;270;84
FR;0;2021-08-24;162340;376949;1838;5;1;48274928;37283669;159913;275;85
FR;0;2021-08-25;150969;350888;2025;8;3;48425897;37634557;161938;283;88
FR;0;2021-08-26;142673;342849;2552;10;1;48568570;37977406;164490;293;89
FR;0;2021-08-27;148258;387736;2788;11;4;48716828;38365142;167278;304;93
FR;0;2021-08-28;90557;249518;1405;0;0;48807385;38614660;168683;304;93
FR;0;2021-08-29;27294;83315;512;1;0;48834679;38697975;169195;305;93
FR;0;2021-08-30;117282;324918;4706;6;6078;48951961;39022893;173901;311;6171
FR;0;2021-08-31;128640;334737;10158;18;11900;49080601;39357630;184059;329;18071
FR;0;2021-09-01;135139;285640;22397;7;24233;49215740;39643270;206456;336;42304
FR;0;2021-09-02;112214;247292;26503;13;28816;49327954;39890562;232959;349;71120
FR;0;2021-09-03;117942;292772;29941;24;32926;49445896;40183334;262900;373;104046
FR;0;2021-09-04;89715;217691;12581;12;14032;49535611;40401025;275481;385;118078
FR;0;2021-09-05;21319;44888;4386;2;4729;49556930;40445913;279867;387;122807
FR;0;2021-09-06;75183;180886;31935;16;34159;49632113;40626799;311802;403;156966
FR;0;2021-09-07;79676;181292;33227;40;36042;49711789;40808091;345029;443;193008
FR;0;2021-09-08;88759;206150;29640;27;32344;49800548;41014241;374669;470;225352
FR;0;2021-09-09;75876;165326;33022;26;36414;49876424;41179567;407691;496;261766
FR;0;2021-09-10;95208;203616;35700;25;40406;49971632;41383183;443391;521;302172
FR;0;2021-09-11;66354;169189;12122;18;14210;50037986;41552372;455513;539;316382
FR;0;2021-09-12;12749;32096;2763;2;3147;50050735;41584468;458276;541;319529
FR;0;2021-09-13;64318;126403;41180;32;43854;50115053;41710871;499456;573;363383
FR;0;2021-09-14;73219;129167;56316;78;61757;50188272;41840038;555772;651;425140
FR;0;2021-09-15;76269;167821;55595;58;54707;50264541;42007859;611367;709;479847
FR;0;2021-09-16;63644;114513;59997;86;59932;50328185;42122372;671364;795;539779
FR;0;2021-09-17;74876;156822;53787;70;57167;50403061;42279194;725151;865;596946
FR;0;2021-09-18;48140;139561;15589;25;17271;50451201;42418755;740740;890;614217
FR;0;2021-09-19;7842;23726;2429;1;2620;50459043;42442481;743169;891;616837
FR;0;2021-09-20;44385;93933;49983;73;50178;50503428;42536414;793152;964;667015
FR;0;2021-09-21;45747;98461;62672;76;63243;50549175;42634875;855824;1040;730258
FR;0;2021-09-22;48514;142210;55288;84;55244;50597689;42777085;911112;1124;785502
FR;0;2021-09-23;43081;91929;62307;95;63359;50640770;42869014;973419;1219;848861
FR;0;2021-09-24;52112;133108;54491;110;59013;50692882;43002122;1027910;1329;907874
FR;0;2021-09-25;35151;115415;16258;37;18235;50728033;43117537;1044168;1366;926109
FR;0;2021-09-26;5513;17821;2261;4;2331;50733546;43135358;1046429;1370;928440
FR;0;2021-09-27;33886;76987;47147;96;48086;50767432;43212345;1093576;1466;976526
FR;0;2021-09-28;36410;75237;54878;88;56351;50803842;43287582;1148454;1554;1032877
FR;0;2021-09-29;44278;100825;53284;112;54741;50848120;43388407;1201738;1666;1087618
FR;0;2021-09-30;36161;72524;56951;96;59384;50884281;43460931;1258689;1762;1147002
FR;0;2021-10-01;61093;100588;57750;108;63643;50945374;43561519;1316439;1870;1210645
FR;0;2021-10-02;39325;78245;20937;38;23288;50984699;43639764;1337376;1908;1233933
FR;0;2021-10-03;5238;10568;2518;4;2541;50989937;43650332;1339894;1912;1236474
FR;0;2021-10-04;34750;58487;52580;83;54741;51024687;43708819;1392474;1995;1291215
FR;0;2021-10-05;33198;64293;60935;135;64845;51057885;43773112;1453409;2130;1356060
FR;0;2021-10-06;42181;79115;65638;113;68135;51100066;43852227;1519047;2243;1424195
FR;0;2021-10-07;30273;62044;65347;90;68621;51130339;43914271;1584394;2333;1492816
FR;0;2021-10-08;48437;91717;77682;110;84532;51178776;44005988;1662076;2443;1577348
FR;0;2021-10-09;33522;60820;31503;35;33834;51212298;44066808;1693579;2478;1611182
FR;0;2021-10-10;4554;7380;3180;9;3475;51216852;44074188;1696759;2487;1614657
FR;0;2021-10-11;30414;49904;61001;105;63998;51247266;44124092;1757760;2592;1678655
FR;0;2021-10-12;31177;54435;70537;139;75753;51278443;44178527;1828297;2731;1754408
FR;0;2021-10-13;39853;62717;74381;135;79207;51318296;44241244;1902678;2866;1833615
FR;0;2021-10-14;30154;52759;68700;116;73680;51348450;44294003;1971378;2982;1907295
FR;0;2021-10-15;44608;75101;93186;191;102855;51393058;44369104;2064564;3173;2010150
FR;0;2021-10-16;31193;44047;36673;44;39592;51424251;44413151;2101237;3217;2049742
FR;0;2021-10-17;3811;5262;3586;2;3689;51428062;44418413;2104823;3219;2053431
FR;0;2021-10-18;27248;42302;67452;133;71320;51455310;44460715;2172275;3352;2124751
FR;0;2021-10-19;26875;43086;76356;141;81577;51482185;44503801;2248631;3493;2206328
FR;0;2021-10-20;35125;52309;96876;180;101406;51517310;44556110;2345507;3673;2307734
FR;0;2021-10-21;25767;45126;83886;112;89050;51543077;44601236;2429393;3785;2396784
FR;0;2021-10-22;38140;62132;104828;199;112412;51581217;44663368;2534221;3984;2509196
FR;0;2021-10-23;26899;41181;45421;57;48585;51608116;44704549;2579642;4041;2557781
FR;0;2021-10-24;2903;4784;3676;6;3940;51611019;44709333;2583318;4047;2561721
FR;0;2021-10-25;25941;36299;82275;144;86568;51636960;44745632;2665593;4191;2648289
FR;0;2021-10-26;23637;34962;87179;166;92253;51660597;44780594;2752772;4357;2740542
FR;0;2021-10-27;29966;46405;108933;257;114575;51690563;44826999;2861705;4614;2855117
FR;0;2021-10-28;23282;34795;88633;153;94316;51713845;44861794;2950338;4767;2949433
FR;0;2021-10-29;31456;51038;117253;205;125178;51745301;44912832;3067591;4972;3074611
FR;0;2021-10-30;20394;33050;50306;77;53326;51765695;44945882;3117897;5049;3127937
FR;0;2021-10-31;2470;3788;3581;3;3869;51768165;44949670;3121478;5052;3131806
FR;0;2021-11-01;8028;4742;3191;3;3549;51776193;44954412;3124669;5055;3135355
FR;0;2021-11-02;25027;40014;93500;157;99405;51801220;44994426;3218169;5212;3234760
FR;0;2021-11-03;29547;47746;118807;218;125720;51830767;45042172;3336976;5430;3360480
FR;0;2021-11-04;23552;37438;107458;216;114277;51854319;45079610;3444434;5646;3474757
FR;0;2021-11-05;32154;52743;141551;233;151192;51886473;45132353;3585985;5879;3625949
FR;0;2021-11-06;21396;34524;64822;123;68186;51907869;45166877;3650807;6002;3694135
FR;0;2021-11-07;2373;4261;5162;6;5582;51910242;45171138;3655969;6008;3699717
FR;0;2021-11-08;20167;37804;127091;227;134108;51930409;45208942;3783060;6235;3833825
FR;0;2021-11-09;22000;44782;161580;341;172041;51952409;45253724;3944640;6576;4005866
FR;0;2021-11-10;31177;54844;186891;446;198572;51983586;45308568;4131531;7022;4204438
FR;0;2021-11-11;3945;6462;12899;28;13890;51987531;45315030;4144430;7050;4218328
FR;0;2021-11-12;28911;55136;183682;249;197209;52016442;45370166;4328112;7299;4415537
FR;0;2021-11-13;20221;32688;80657;118;86265;52036663;45402854;4408769;7417;4501802
FR;0;2021-11-14;2303;3983;7156;6;7876;52038966;45406837;4415925;7423;4509678
FR;0;2021-11-15;20168;38805;160718;312;171381;52059134;45445642;4576643;7735;4681059
FR;0;2021-11-16;23163;43948;200258;391;214762;52082297;45489590;4776901;8126;4895821
FR;0;2021-11-17;30208;50439;199748;407;212738;52112505;45540029;4976649;8533;5108559
FR;0;2021-11-18;23230;43929;191538;468;205337;52135735;45583958;5168187;9001;5313896
FR;0;2021-11-19;33493;61345;243076;548;261983;52169228;45645303;5411263;9549;5575879
FR;0;2021-11-20;25243;36688;102093;205;109618;52194471;45681991;5513356;9754;5685497
FR;0;2021-11-21;2615;4600;9633;18;10656;52197086;45686591;5522989;9772;5696153
FR;0;2021-11-22;22677;33267;180248;470;194699;52219763;45719858;5703237;10242;5890852
FR;0;2021-11-23;25439;45584;229240;547;247588;52245202;45765442;5932477;10789;6138440
FR;0;2021-11-24;31703;53765;224702;717;243071;52276905;45819207;6157179;11506;6381511
FR;0;2021-11-25;25298;48973;255777;740;277526;52302203;45868180;6412956;12246;6659037
FR;0;2021-11-26;33094;74682;379316;865;414477;52335297;45942862;6792272;13111;7073514
FR;0;2021-11-27;23184;49532;214819;390;236526;52358481;45992394;7007091;13501;7310040
FR;0;2021-11-28;3472;10603;56715;66;63345;52361953;46002997;7063806;13567;7373385
FR;0;2021-11-29;19313;54186;341335;864;371465;52381266;46057183;7405141;14431;7744850
FR;0;2021-11-30;24444;72022;457238;984;500581;52405710;46129205;7862379;15415;8245431
FR;0;2021-12-01;26205;75893;468913;1158;511106;52431915;46205098;8331292;16573;8756537
FR;0;2021-12-02;21824;71637;526941;1276;574625;52453739;46276735;8858233;17849;9331162
FR;0;2021-12-03;25358;92401;596194;1415;650878;52479097;46369136;9454427;19264;9982040
FR;0;2021-12-04;18258;60464;336127;690;369629;52497355;46429600;9790554;19954;10351669
FR;0;2021-12-05;4137;16289;95736;157;107062;52501492;46445889;9886290;20111;10458731
FR;0;2021-12-06;19583;73173;492972;1172;539766;52521075;46519062;10379262;21283;10998497
FR;0;2021-12-07;23219;91713;645179;1769;706026;52544294;46610775;11024441;23052;11704523
FR;0;2021-12-08;25232;92112;591390;1872;647280;52569526;46702887;11615831;24924;12351803
FR;0;2021-12-09;23895;94163;662872;2180;726083;52593421;46797050;12278703;27104;13077886
FR;0;2021-12-10;27143;111032;735843;2072;805892;52620564;46908082;13014546;29176;13883778
FR;0;2021-12-11;20200;75970;435091;984;480285;52640764;46984052;13449637;30160;14364063
FR;0;2021-12-12;5612;23234;142238;262;159212;52646376;47007286;13591875;30422;14523275
FR;0;2021-12-13;20993;91202;587447;1699;649101;52667369;47098488;14179322;32121;15172376
FR;0;2021-12-14;27106;118520;765307;2648;847291;52694475;47217008;14944629;34769;16019667
FR;0;2021-12-15;28048;114274;694104;2262;768810;52722523;47331282;15638733;37031;16788477
FR;0;2021-12-16;27823;115978;763784;2556;844207;52750346;47447260;16402517;39587;17632684
FR;0;2021-12-17;31424;128692;807659;2709;891872;52781770;47575952;17210176;42296;18524556
FR;0;2021-12-18;24899;81674;469875;1178;522130;52806669;47657626;17680051;43474;19046686
FR;0;2021-12-19;8743;28890;169335;378;191170;52815412;47686516;17849386;43852;19237856
FR;0;2021-12-20;31536;97446;591258;1788;658544;52846948;47783962;18440644;45640;19896400
FR;0;2021-12-21;39152;112197;682224;2392;759371;52886100;47896159;19122868;48032;20655771
FR;0;2021-12-22;39413;99503;575585;2166;641989;52925513;47995662;19698453;50198;21297760
FR;0;2021-12-23;33665;79690;440828;1649;494278;52959178;48075352;20139281;51847;21792038
FR;0;2021-12-24;10614;26047;110955;396;126630;52969792;48101399;20250236;52243;21918668
FR;0;2021-12-25;762;3495;7569;25;9043;52970554;48104894;20257805;52268;21927711
FR;0;2021-12-26;4695;11906;52062;139;60131;52975249;48116800;20309867;52407;21987842
FR;0;2021-12-27;30246;83810;453397;1367;509023;53005495;48200610;20763264;53774;22496865
FR;0;2021-12-28;38251;98879;564029;1766;632102;53043746;48299489;21327293;55540;23128967
FR;0;2021-12-29;39800;88373;501061;1686;560895;53083546;48387862;21828354;57226;23689862
FR;0;2021-12-30;35832;74842;420909;1519;471057;53119378;48462704;22249263;58745;24160919
FR;0;2021-12-31;11832;25159;116806;406;131598;53131210;48487863;22366069;59151;24292517
FR;0;2022-01-01;1191;3197;8494;36;9921;53132401;48491060;22374563;59187;24302438
FR;0;2022-01-02;6064;13006;58376;124;66931;53138465;48504066;22432939;59311;24369369
FR;0;2022-01-03;31748;88435;494611;1592;551306;53170213;48592501;22927550;60903;24920675
FR;0;2022-01-04;40539;110583;641212;2302;714120;53210752;48703084;23568762;63205;25634795
FR;0;2022-01-05;59646;102975;568967;1982;633961;53270398;48806059;24137729;65187;26268756
FR;0;2022-01-06;43805;109994;638802;2689;711240;53314203;48916053;24776531;67876;26979996
FR;0;2022-01-07;50415;122737;710824;2806;790194;53364618;49038790;25487355;70682;27770190
FR;0;2022-01-08;44907;80314;423746;1209;472816;53409525;49119104;25911101;71891;28243006
FR;0;2022-01-09;15589;26770;128528;300;145712;53425114;49145874;26039629;72191;28388718
FR;0;2022-01-10;34808;86352;469122;1808;521999;53459922;49232226;26508751;73999;28910717
FR;0;2022-01-11;41510;99728;548056;2306;608301;53501432;49331954;27056807;76305;29519018
FR;0;2022-01-12;59985;95170;452501;1964;504164;53561417;49427124;27509308;78269;30023182
FR;0;2022-01-13;37763;92055;487155;2081;540851;53599180;49519179;27996463;80350;30564033
FR;0;2022-01-14;42291;103175;568400;2283;628869;53641471;49622354;28564863;82633;31192902
FR;0;2022-01-15;39283;65797;340043;980;377509;53680754;49688151;28904906;83613;31570411
FR;0;2022-01-16;11381;19328;87356;215;99440;53692135;49707479;28992262;83828;31669851
FR;0;2022-01-17;24548;60007;320163;1380;354111;53716683;49767486;29312425;85208;32023962
FR;0;2022-01-18;28053;68305;360942;1797;397461;53744736;49835791;29673367;87005;32421423
FR;0;2022-01-19;42959;66938;281158;1448;310985;53787695;49902729;29954525;88453;32732408
FR;0;2022-01-20;23340;59291;298827;1737;328322;53811035;49962020;30253352;90190;33060730
FR;0;2022-01-21;27902;68718;366227;2079;401072;53838937;50030738;30619579;92269;33461802
FR;0;2022-01-22;27603;47743;218732;838;241711;53866540;50078481;30838311;93107;33703513
FR;0;2022-01-23;6695;13063;48636;171;55188;53873235;50091544;30886947;93278;33758701
FR;0;2022-01-24;16173;47068;217209;1135;239288;53889408;50138612;31104156;94413;33997989
FR;0;2022-01-25;18878;53986;242932;1547;267001;53908286;50192598;31347088;95960;34264990
FR;0;2022-01-26;28063;59476;209154;1293;229277;53936349;50252074;31556242;97253;34494267
FR;0;2022-01-27;16246;45535;207503;1266;225725;53952595;50297609;31763745;98519;34719992
FR;0;2022-01-28;21425;75752;289928;1573;321451;53974020;50373361;32053673;100092;35041443
FR;0;2022-01-29;18386;52857;184063;686;204559;53992406;50426218;32237736;100778;35246002
FR;0;2022-01-30;4462;14593;39112;121;45093;53996868;50440811;32276848;100899;35291095
FR;0;2022-01-31;11199;43817;148113;738;164772;54008067;50484628;32424961;101637;35455867
FR;0;2022-02-01;12614;47804;174009;1139;191283;54020681;50532432;32598970;102776;35647150
FR;0;2022-02-02;19680;65617;171400;1032;190055;54040361;50598049;32770370;103808;35837205
FR;0;2022-02-03;10874;43761;157435;984;173238;54051235;50641810;32927805;104792;36010443
FR;0;2022-02-04;14434;66265;239117;1259;264122;54065669;50708075;33166922;106051;36274565
FR;0;2022-02-05;12588;51468;153488;522;172320;54078257;50759543;33320410;106573;36446885
FR;0;2022-02-06;2702;12260;28858;99;33819;54080959;50771803;33349268;106672;36480704
FR;0;2022-02-07;9213;46589;156776;583;176285;54090172;50818392;33506044;107255;36656989
FR;0;2022-02-08;9521;42494;166524;866;184281;54099693;50860886;33672568;108121;36841270
FR;0;2022-02-09;14088;57524;172253;864;192903;54113781;50918410;33844821;108985;37034173
FR;0;2022-02-10;8201;37954;150080;876;166478;54121982;50956364;33994901;109861;37200651
FR;0;2022-02-11;10724;55290;218368;1095;242923;54132706;51011654;34213269;110956;37443574
FR;0;2022-02-12;8320;40836;134666;461;151674;54141026;51052490;34347935;111417;37595248
FR;0;2022-02-13;1880;8562;26535;81;30889;54142906;51061052;34374470;111498;37626137
FR;0;2022-02-14;6854;35025;148262;476;166251;54149760;51096077;34522732;111974;37792388
FR;0;2022-02-15;6817;35285;146814;750;162335;54156577;51131362;34669546;112724;37954723
FR;0;2022-02-16;9253;42354;132398;717;146563;54165830;51173716;34801944;113441;38101286
FR;0;2022-02-17;5328;23439;87196;582;94692;54171158;51197155;34889140;114023;38195978
FR;0;2022-02-18;6836;33069;119543;800;129173;54177994;51230224;35008683;114823;38325151
FR;0;2022-02-19;5324;24417;69985;369;77282;54183318;51254641;35078668;115192;38402433
FR;0;2022-02-20;1131;4600;12137;38;13907;54184449;51259241;35090805;115230;38416340
FR;0;2022-02-21;3989;17718;61883;351;67099;54188438;51276959;35152688;115581;38483439
FR;0;2022-02-22;4330;18409;60744;571;64358;54192768;51295368;35213432;116152;38547797
FR;0;2022-02-23;6494;26977;66394;591;71772;54199262;51322345;35279826;116743;38619569
FR;0;2022-02-24;3712;14939;50332;514;53119;54202974;51337284;35330158;117257;38672688
FR;0;2022-02-25;5148;23364;76221;801;79922;54208122;51360648;35406379;118058;38752610
FR;0;2022-02-26;3954;17460;47369;355;51433;54212076;51378108;35453748;118413;38804043
FR;0;2022-02-27;864;2979;8011;47;8918;54212940;51381087;35461759;118460;38812961
FR;0;2022-02-28;3047;12003;40400;350;42820;54215987;51393090;35502159;118810;38855781
FR;0;2022-03-01;2994;12003;43963;431;44581;54218981;51405093;35546122;119241;38900362
FR;0;2022-03-02;5005;17326;46990;435;48885;54223986;51422419;35593112;119676;38949247
FR;0;2022-03-03;2595;8673;29659;338;29749;54226581;51431092;35622771;120014;38978996
FR;0;2022-03-04;3146;12070;40164;644;39281;54229727;51443162;35662935;120658;39018277
FR;0;2022-03-05;2881;9190;24901;309;25052;54232608;51452352;35687836;120967;39043329
FR;0;2022-03-06;499;1366;3177;42;3414;54233107;51453718;35691013;121009;39046743
FR;0;2022-03-07;1881;5400;18347;312;17605;54234988;51459118;35709360;121321;39064348
FR;0;2022-03-08;1913;5790;19322;352;17777;54236901;51464908;35728682;121673;39082125
FR;0;2022-03-09;3408;10110;21994;400;21080;54240309;51475018;35750676;122073;39103205
FR;0;2022-03-10;1655;4890;16635;328;15421;54241964;51479908;35767311;122401;39118626
FR;0;2022-03-11;2310;7208;24348;536;22099;54244274;51487116;35791659;122937;39140725
FR;0;2022-03-12;2629;6682;17107;302;16449;54246903;51493798;35808766;123239;39157174
FR;0;2022-03-13;382;770;2249;143;2198;54247285;51494568;35811015;123382;39159372
FR;0;2022-03-14;1423;4047;14798;4403;13658;54248708;51498615;35825813;127785;39173030
FR;0;2022-03-15;1552;4259;16031;7538;14127;54250260;51502874;35841844;135323;39187157
FR;0;2022-03-16;2898;6907;18877;13118;17575;54253158;51509781;35860721;148441;39204732
FR;0;2022-03-17;1345;3563;12777;10796;11614;54254503;51513344;35873498;159237;39216346
FR;0;2022-03-18;2149;5406;19763;18233;17832;54256652;51518750;35893261;177470;39234178
FR;0;2022-03-19;2248;4635;13052;9384;12352;54258900;51523385;35906313;186854;39246530
FR;0;2022-03-20;283;685;1844;1058;1846;54259183;51524070;35908157;187912;39248376
FR;0;2022-03-21;1314;3060;12373;14903;11583;54260497;51527130;35920530;202815;39259959
FR;0;2022-03-22;1402;3474;13451;20482;12197;54261899;51530604;35933981;223297;39272156
FR;0;2022-03-23;2596;5749;15912;23085;15276;54264495;51536353;35949893;246382;39287432
FR;0;2022-03-24;1300;2818;11070;17490;10151;54265795;51539171;35960963;263872;39297583
FR;0;2022-03-25;1984;4689;18116;27688;16469;54267779;51543860;35979079;291560;39314052
FR;0;2022-03-26;2189;4176;11888;12621;11316;54269968;51548036;35990967;304181;39325368
FR;0;2022-03-27;346;675;1852;1462;1887;54270314;51548711;35992819;305643;39327255
FR;0;2022-03-28;1376;2826;10714;17303;10161;54271690;51551537;36003533;322946;39337416
FR;0;2022-03-29;1390;3139;12490;27357;11613;54273080;51554676;36016023;350303;39349029
FR;0;2022-03-30;2756;5232;15065;27102;14415;54275836;51559908;36031088;377405;39363444
FR;0;2022-03-31;1556;3027;12197;24511;11499;54277392;51562935;36043285;401916;39374943
FR;0;2022-04-01;1960;3915;16602;30419;15321;54279352;51566850;36059887;432335;39390264
FR;0;2022-04-02;1429;2528;8629;10022;8283;54280781;51569378;36068516;442357;39398547
FR;0;2022-04-03;252;480;1508;1149;1528;54281033;51569858;36070024;443506;39400075
FR;0;2022-04-04;1217;2243;9782;18285;8966;54282250;51572101;36079806;461791;39409041
FR;0;2022-04-05;1509;2724;12991;32767;11828;54283759;51574825;36092797;494558;39420869
FR;0;2022-04-06;1941;3416;12095;24953;11348;54285700;51578241;36104892;519511;39432217
FR;0;2022-04-07;1328;2670;12296;31548;11531;54287028;51580911;36117188;551059;39443748
FR;0;2022-04-08;1878;3773;17585;41107;16167;54288906;51584684;36134773;592166;39459915
FR;0;2022-04-09;1256;2456;8541;12985;8121;54290162;51587140;36143314;605151;39468036
FR;0;2022-04-10;240;451;1636;1737;1650;54290402;51587591;36144950;606888;39469686
