fra;vaccin;jour;n_dose1;n_dose2;n_dose3;n_dose4;n_rappel;n_cum_dose1;n_cum_dose2;n_cum_dose3;n_cum_dose4;n_cum_rappel
FR;1;2020-12-27;609;0;0;0;0;609;0;0;0;0
FR;1;2020-12-28;683;1;0;0;0;1292;1;0;0;0
FR;1;2020-12-29;384;0;0;0;0;1676;1;0;0;0
FR;1;2020-12-30;443;0;0;0;0;2119;1;0;0;0
FR;1;2020-12-31;440;1;0;0;0;2559;2;0;0;0
FR;1;2021-01-01;1156;2;0;0;0;3715;4;0;0;0
FR;1;2021-01-02;362;3;0;0;0;4077;7;0;0;0
FR;1;2021-01-03;404;0;0;0;0;4481;7;0;0;0
FR;1;2021-01-04;2106;4;0;0;0;6587;11;0;0;0
FR;1;2021-01-05;7751;3;0;0;0;14338;14;0;0;0
FR;1;2021-01-06;12454;16;0;0;0;26792;30;0;0;0
FR;1;2021-01-07;29461;17;0;0;0;56253;47;0;0;0
FR;1;2021-01-08;37143;17;0;0;0;93396;64;0;0;0
FR;1;2021-01-09;11212;7;0;0;0;104608;71;0;0;0
FR;1;2021-01-10;6006;7;0;0;0;110614;78;0;0;0
FR;1;2021-01-11;39934;21;0;0;0;150548;99;0;0;0
FR;1;2021-01-12;62141;19;0;0;0;212689;118;0;0;0
FR;1;2021-01-13;65119;42;0;0;0;277808;160;0;0;0
FR;1;2021-01-14;81450;146;0;0;0;359258;306;0;0;0
FR;1;2021-01-15;68610;59;0;0;0;427868;365;0;0;0
FR;1;2021-01-16;19901;72;0;0;0;447769;437;0;0;0
FR;1;2021-01-17;10903;51;0;0;0;458672;488;0;0;0
FR;1;2021-01-18;82827;168;0;0;0;541499;656;0;0;0
FR;1;2021-01-19;125918;187;0;0;0;667417;843;0;0;0
FR;1;2021-01-20;132411;182;0;0;0;799828;1025;0;0;0
FR;1;2021-01-21;153057;174;0;0;0;952885;1199;0;0;0
FR;1;2021-01-22;115943;220;0;0;0;1068828;1419;0;0;0
FR;1;2021-01-23;36608;69;0;0;0;1105436;1488;0;0;0
FR;1;2021-01-24;9583;97;0;0;0;1115019;1585;0;0;0
FR;1;2021-01-25;74423;1334;0;0;0;1189442;2919;0;0;0
FR;1;2021-01-26;96454;3484;1;0;0;1285896;6403;1;0;0
FR;1;2021-01-27;103641;6104;0;0;0;1389537;12507;1;0;0
FR;1;2021-01-28;120602;15564;0;0;0;1510139;28071;1;0;0
FR;1;2021-01-29;88889;18158;0;0;0;1599028;46229;1;0;0
FR;1;2021-01-30;27991;4403;0;0;0;1627019;50632;1;0;0
FR;1;2021-01-31;5189;1811;0;0;0;1632208;52443;1;0;0
FR;1;2021-02-01;49724;22024;0;0;0;1681932;74467;1;0;0
FR;1;2021-02-02;67817;36767;0;0;0;1749749;111234;1;0;0
FR;1;2021-02-03;67085;38945;0;0;0;1816834;150179;1;0;0
FR;1;2021-02-04;77140;53129;0;0;0;1893974;203308;1;0;0
FR;1;2021-02-05;63420;46722;0;0;0;1957394;250030;1;0;0
FR;1;2021-02-06;19424;11065;0;0;0;1976818;261095;1;0;0
FR;1;2021-02-07;3664;5599;0;0;0;1980482;266694;1;0;0
FR;1;2021-02-08;36498;47658;0;0;0;2016980;314352;1;0;0
FR;1;2021-02-09;50799;76103;0;0;0;2067779;390455;1;0;0
FR;1;2021-02-10;52066;80810;0;0;0;2119845;471265;1;0;0
FR;1;2021-02-11;63375;103149;0;0;0;2183220;574414;1;0;0
FR;1;2021-02-12;55861;75146;0;0;0;2239081;649560;1;0;0
FR;1;2021-02-13;15463;19348;0;0;0;2254544;668908;1;0;0
FR;1;2021-02-14;3747;7346;0;0;0;2258291;676254;1;0;0
FR;1;2021-02-15;24147;73681;0;0;0;2282438;749935;1;0;0
FR;1;2021-02-16;32775;96442;0;0;0;2315213;846377;1;0;0
FR;1;2021-02-17;35121;101171;20;0;0;2350334;947548;21;0;0
FR;1;2021-02-18;49443;116841;0;0;0;2399777;1064389;21;0;0
FR;1;2021-02-19;45379;87219;1;0;0;2445156;1151608;22;0;0
FR;1;2021-02-20;13389;27178;0;0;0;2458545;1178786;22;0;0
FR;1;2021-02-21;2458;6107;0;0;0;2461003;1184893;22;0;0
FR;1;2021-02-22;24717;69586;2;0;0;2485720;1254479;24;0;0
FR;1;2021-02-23;37428;81318;1;0;0;2523148;1335797;25;0;0
FR;1;2021-02-24;40698;78855;1;0;0;2563846;1414652;26;0;0
FR;1;2021-02-25;50158;87961;1;0;0;2614004;1502613;27;0;0
FR;1;2021-02-26;47217;67629;1;0;0;2661221;1570242;28;0;0
FR;1;2021-02-27;15674;21251;1;0;0;2676895;1591493;29;0;0
FR;1;2021-02-28;3558;4181;2;0;0;2680453;1595674;31;0;0
FR;1;2021-03-01;40187;50001;1;0;0;2720640;1645675;32;0;0
FR;1;2021-03-02;55976;62264;3;0;0;2776616;1707939;35;0;0
FR;1;2021-03-03;61241;60501;0;0;0;2837857;1768440;35;0;0
FR;1;2021-03-04;72997;67329;3;0;0;2910854;1835769;38;0;0
FR;1;2021-03-05;74767;58773;3;0;0;2985621;1894542;41;0;0
FR;1;2021-03-06;82456;15883;2;0;0;3068077;1910425;43;0;0
FR;1;2021-03-07;63724;4503;1;0;0;3131801;1914928;44;0;0
FR;1;2021-03-08;60170;41595;2;0;0;3191971;1956523;46;0;0
FR;1;2021-03-09;85989;47733;1;0;0;3277960;2004256;47;0;0
FR;1;2021-03-10;90916;47962;5;0;0;3368876;2052218;52;0;0
FR;1;2021-03-11;105080;54537;1;0;0;3473956;2106755;53;0;0
FR;1;2021-03-12;104119;45035;1;0;0;3578075;2151790;54;0;0
FR;1;2021-03-13;89201;12626;1;0;0;3667276;2164416;55;0;0
FR;1;2021-03-14;44456;2798;1;0;0;3711732;2167214;56;0;0
FR;1;2021-03-15;95514;28385;3;0;0;3807246;2195599;59;0;0
FR;1;2021-03-16;123587;34328;5;0;0;3930833;2229927;64;0;0
FR;1;2021-03-17;129304;33826;4;0;0;4060137;2263753;68;0;0
FR;1;2021-03-18;142894;39384;5;0;0;4203031;2303137;73;0;0
FR;1;2021-03-19;136244;32318;2;0;0;4339275;2335455;75;0;0
FR;1;2021-03-20;76000;9858;1;0;0;4415275;2345313;76;0;0
FR;1;2021-03-21;26512;2136;1;0;0;4441787;2347449;77;0;0
FR;1;2021-03-22;114757;30628;2;0;0;4556544;2378077;79;0;0
FR;1;2021-03-23;143032;38050;1;0;0;4699576;2416127;80;0;0
FR;1;2021-03-24;142001;38489;0;0;0;4841577;2454616;80;0;0
FR;1;2021-03-25;164998;39694;4;0;0;5006575;2494310;84;0;0
FR;1;2021-03-26;166392;37504;5;1;0;5172967;2531814;89;1;0
FR;1;2021-03-27;110880;15409;1;0;0;5283847;2547223;90;1;0
FR;1;2021-03-28;42304;4207;3;0;0;5326151;2551430;93;1;0
FR;1;2021-03-29;129817;49295;4;0;0;5455968;2600725;97;1;0
FR;1;2021-03-30;167716;63729;5;0;0;5623684;2664454;102;1;0
FR;1;2021-03-31;170937;67628;4;0;0;5794621;2732082;106;1;0
FR;1;2021-04-01;194801;82562;10;0;0;5989422;2814644;116;1;0
FR;1;2021-04-02;164449;86038;7;0;0;6153871;2900682;123;1;0
FR;1;2021-04-03;88244;58098;6;0;0;6242115;2958780;129;1;0
FR;1;2021-04-04;33650;17732;0;0;0;6275765;2976512;129;1;0
FR;1;2021-04-05;46403;9798;11;0;0;6322168;2986310;140;1;0
FR;1;2021-04-06;160308;103967;17;0;0;6482476;3090277;157;1;0
FR;1;2021-04-07;196979;108084;16;0;0;6679455;3198361;173;1;0
FR;1;2021-04-08;222125;113494;13;0;0;6901580;3311855;186;1;0
FR;1;2021-04-09;214555;107820;21;0;0;7116135;3419675;207;1;0
FR;1;2021-04-10;117178;73212;14;0;0;7233313;3492887;221;1;0
FR;1;2021-04-11;40890;29999;6;0;0;7274203;3522886;227;1;0
FR;1;2021-04-12;168465;104350;46;0;0;7442668;3627236;273;1;0
FR;1;2021-04-13;203800;127942;97;1;0;7646468;3755178;370;2;0
FR;1;2021-04-14;208617;122741;207;0;0;7855085;3877919;577;2;0
FR;1;2021-04-15;221672;127706;311;0;0;8076757;4005625;888;2;0
FR;1;2021-04-16;206054;125362;308;0;0;8282811;4130987;1196;2;0
FR;1;2021-04-17;122084;67152;103;0;0;8404895;4198139;1299;2;0
FR;1;2021-04-18;35963;20956;41;0;0;8440858;4219095;1340;2;0
FR;1;2021-04-19;163745;121594;432;0;0;8604603;4340689;1772;2;0
FR;1;2021-04-20;189419;149284;531;0;0;8794022;4489973;2303;2;0
FR;1;2021-04-21;193996;147228;759;0;0;8988018;4637201;3062;2;0
FR;1;2021-04-22;209031;163762;777;0;0;9197049;4800963;3839;2;0
FR;1;2021-04-23;198951;157450;671;0;0;9396000;4958413;4510;2;0
FR;1;2021-04-24;126328;95642;148;0;0;9522328;5054055;4658;2;0
FR;1;2021-04-25;53627;30036;46;0;0;9575955;5084091;4704;2;0
FR;1;2021-04-26;181137;139257;542;0;0;9757092;5223348;5246;2;0
FR;1;2021-04-27;221360;162201;900;0;0;9978452;5385549;6146;2;0
FR;1;2021-04-28;238289;155582;1314;1;1;10216741;5541131;7460;3;1
FR;1;2021-04-29;270281;160963;1208;0;0;10487022;5702094;8668;3;1
FR;1;2021-04-30;271983;148491;1071;0;0;10759005;5850585;9739;3;1
FR;1;2021-05-01;141144;40612;173;0;0;10900149;5891197;9912;3;1
FR;1;2021-05-02;81544;28135;81;0;0;10981693;5919332;9993;3;1
FR;1;2021-05-03;250773;144051;802;0;0;11232466;6063383;10795;3;1
FR;1;2021-05-04;265868;187366;1199;0;0;11498334;6250749;11994;3;1
FR;1;2021-05-05;283870;185460;1266;0;0;11782204;6436209;13260;3;1
FR;1;2021-05-06;309954;183832;1501;0;0;12092158;6620041;14761;3;1
FR;1;2021-05-07;284088;196053;1125;0;0;12376246;6816094;15886;3;1
FR;1;2021-05-08;191655;50075;285;0;0;12567901;6866169;16171;3;1
FR;1;2021-05-09;114054;35134;236;0;0;12681955;6901303;16407;3;1
FR;1;2021-05-10;258203;194450;1186;0;0;12940158;7095753;17593;3;1
FR;1;2021-05-11;318877;210980;1465;0;0;13259035;7306733;19058;3;1
FR;1;2021-05-12;356619;185852;1399;0;0;13615654;7492585;20457;3;1
FR;1;2021-05-13;283442;47513;401;0;0;13899096;7540098;20858;3;1
FR;1;2021-05-14;370490;128517;994;0;0;14269586;7668615;21852;3;1
FR;1;2021-05-15;298086;66123;403;0;0;14567672;7734738;22255;3;1
FR;1;2021-05-16;157773;15487;158;0;0;14725445;7750225;22413;3;1
FR;1;2021-05-17;318924;116192;1439;0;0;15044369;7866417;23852;3;1
FR;1;2021-05-18;383318;111381;1798;0;0;15427687;7977798;25650;3;1
FR;1;2021-05-19;395252;102122;2181;0;0;15822939;8079920;27831;3;1
FR;1;2021-05-20;421795;95901;2047;0;0;16244734;8175821;29878;3;1
FR;1;2021-05-21;399801;97252;1763;0;0;16644535;8273073;31641;3;1
FR;1;2021-05-22;275685;41919;602;0;0;16920220;8314992;32243;3;1
FR;1;2021-05-23;123012;11040;224;0;0;17043232;8326032;32467;3;1
FR;1;2021-05-24;244008;26262;569;0;0;17287240;8352294;33036;3;1
FR;1;2021-05-25;366218;131563;2110;1;0;17653458;8483857;35146;4;1
FR;1;2021-05-26;380811;126515;1993;0;0;18034269;8610372;37139;4;1
FR;1;2021-05-27;406138;128094;1976;0;0;18440407;8738466;39115;4;1
FR;1;2021-05-28;366023;145379;1700;0;0;18806430;8883845;40815;4;1
FR;1;2021-05-29;253823;80935;527;0;0;19060253;8964780;41342;4;1
FR;1;2021-05-30;100974;22573;157;0;0;19161227;8987353;41499;4;1
FR;1;2021-05-31;314309;148922;1282;1;1;19475536;9136275;42781;5;2
FR;1;2021-06-01;361615;166520;1727;1;1;19837151;9302795;44508;6;3
FR;1;2021-06-02;365375;153717;1796;0;0;20202526;9456512;46304;6;3
FR;1;2021-06-03;391405;147522;1651;0;0;20593931;9604034;47955;6;3
FR;1;2021-06-04;364104;175632;1495;1;1;20958035;9779666;49450;7;4
FR;1;2021-06-05;258505;112686;596;0;0;21216540;9892352;50046;7;4
FR;1;2021-06-06;126799;37536;215;0;0;21343339;9929888;50261;7;4
FR;1;2021-06-07;301112;207809;1365;0;0;21644451;10137697;51626;7;4
FR;1;2021-06-08;330827;220784;1642;0;0;21975278;10358481;53268;7;4
FR;1;2021-06-09;336569;211746;1609;0;0;22311847;10570227;54877;7;4
FR;1;2021-06-10;343877;201337;1612;0;0;22655724;10771564;56489;7;4
FR;1;2021-06-11;311885;234927;1299;0;0;22967609;11006491;57788;7;4
FR;1;2021-06-12;244073;150621;435;0;0;23211682;11157112;58223;7;4
FR;1;2021-06-13;100364;60997;188;0;0;23312046;11218109;58411;7;4
FR;1;2021-06-14;207831;288112;1317;1;0;23519877;11506221;59728;8;4
FR;1;2021-06-15;256842;281692;1394;1;0;23776719;11787913;61122;9;4
FR;1;2021-06-16;273642;270552;1263;1;0;24050361;12058465;62385;10;4
FR;1;2021-06-17;268205;244831;1235;1;0;24318566;12303296;63620;11;4
FR;1;2021-06-18;260592;295457;1152;1;0;24579158;12598753;64772;12;4
FR;1;2021-06-19;193448;209501;388;0;0;24772606;12808254;65160;12;4
FR;1;2021-06-20;69703;89114;120;0;0;24842309;12897368;65280;12;4
FR;1;2021-06-21;172360;319752;933;1;1;25014669;13217120;66213;13;5
FR;1;2021-06-22;185858;347857;1100;10;1;25200527;13564977;67313;23;6
FR;1;2021-06-23;204189;339539;1049;0;0;25404716;13904516;68362;23;6
FR;1;2021-06-24;203519;282037;1173;0;0;25608235;14186553;69535;23;6
FR;1;2021-06-25;182653;371775;1197;0;0;25790888;14558328;70732;23;6
FR;1;2021-06-26;131383;278387;504;0;0;25922271;14836715;71236;23;6
FR;1;2021-06-27;52400;122902;145;0;0;25974671;14959617;71381;23;6
FR;1;2021-06-28;136645;368193;1064;0;0;26111316;15327810;72445;23;6
FR;1;2021-06-29;154879;390904;1849;0;0;26266195;15718714;74294;23;6
FR;1;2021-06-30;180045;381949;1666;4;2;26446240;16100663;75960;27;8
FR;1;2021-07-01;201467;332305;1887;5;1;26647707;16432968;77847;32;9
FR;1;2021-07-02;193875;367490;1765;5;2;26841582;16800458;79612;37;11
FR;1;2021-07-03;124471;280431;704;3;1;26966053;17080889;80316;40;12
FR;1;2021-07-04;53950;113689;244;0;0;27020003;17194578;80560;40;12
FR;1;2021-07-05;153945;355938;1500;8;2;27173948;17550516;82060;48;14
FR;1;2021-07-06;173493;382395;1602;45;8;27347441;17932911;83662;93;22
FR;1;2021-07-07;190803;362484;1657;25;4;27538244;18295395;85319;118;26
FR;1;2021-07-08;201559;323092;1826;20;6;27739803;18618487;87145;138;32
FR;1;2021-07-09;189962;387803;1853;3;2;27929765;19006290;88998;141;34
FR;1;2021-07-10;129945;281163;815;1;1;28059710;19287453;89813;142;35
FR;1;2021-07-11;57672;102532;262;0;0;28117382;19389985;90075;142;35
FR;1;2021-07-12;149860;416957;1583;4;0;28267242;19806942;91658;146;35
FR;1;2021-07-13;234259;439285;1805;8;1;28501501;20246227;93463;154;36
FR;1;2021-07-14;171901;151434;418;0;0;28673402;20397661;93881;154;36
FR;1;2021-07-15;279672;424527;1858;1;0;28953074;20822188;95739;155;36
FR;1;2021-07-16;290418;400908;1711;3;1;29243492;21223096;97450;158;37
FR;1;2021-07-17;217336;282051;754;1;0;29460828;21505147;98204;159;37
FR;1;2021-07-18;101999;107233;288;0;0;29562827;21612380;98492;159;37
FR;1;2021-07-19;238197;378780;1497;3;0;29801024;21991160;99989;162;37
FR;1;2021-07-20;305739;380310;1469;0;0;30106763;22371470;101458;162;37
FR;1;2021-07-21;333257;353067;1412;4;2;30440020;22724537;102870;166;39
FR;1;2021-07-22;364656;318930;1502;3;2;30804676;23043467;104372;169;41
FR;1;2021-07-23;349391;343235;1588;4;1;31154067;23386702;105960;173;42
FR;1;2021-07-24;238954;240836;697;1;0;31393021;23627538;106657;174;42
FR;1;2021-07-25;112799;76027;223;0;0;31505820;23703565;106880;174;42
FR;1;2021-07-26;299136;289667;1495;2;2;31804956;23993232;108375;176;44
FR;1;2021-07-27;385825;268239;1458;4;2;32190781;24261471;109833;180;46
FR;1;2021-07-28;390198;251151;1461;4;2;32580979;24512622;111294;184;48
FR;1;2021-07-29;406126;227933;1540;2;0;32987105;24740555;112834;186;48
FR;1;2021-07-30;370732;246748;1638;4;1;33357837;24987303;114472;190;49
FR;1;2021-07-31;243378;165123;793;1;0;33601215;25152426;115265;191;49
FR;1;2021-08-01;105576;47213;233;0;0;33706791;25199639;115498;191;49
FR;1;2021-08-02;297342;213021;1479;2;0;34004133;25412660;116977;193;49
FR;1;2021-08-03;331324;208898;1556;2;1;34335457;25621558;118533;195;50
FR;1;2021-08-04;328019;184103;1439;5;3;34663476;25805661;119972;200;53
FR;1;2021-08-05;301273;193327;1482;0;0;34964749;25998988;121454;200;53
FR;1;2021-08-06;290973;224317;1560;3;1;35255722;26223305;123014;203;54
FR;1;2021-08-07;182652;158808;654;4;3;35438374;26382113;123668;207;57
FR;1;2021-08-08;68886;59117;252;0;0;35507260;26441230;123920;207;57
FR;1;2021-08-09;222772;235539;1444;4;3;35730032;26676769;125364;211;60
FR;1;2021-08-10;252712;240206;1489;2;1;35982744;26916975;126853;213;61
FR;1;2021-08-11;236222;232009;1271;5;1;36218966;27148984;128124;218;62
FR;1;2021-08-12;220773;239985;1487;3;1;36439739;27388969;129611;221;63
FR;1;2021-08-13;201712;238601;1358;2;2;36641451;27627570;130969;223;65
FR;1;2021-08-14;122852;174069;646;0;0;36764303;27801639;131615;223;65
FR;1;2021-08-15;34693;46131;200;1;0;36798996;27847770;131815;224;65
FR;1;2021-08-16;156951;289598;1422;0;0;36955947;28137368;133237;224;65
FR;1;2021-08-17;171600;291242;1422;5;1;37127547;28428610;134659;229;66
FR;1;2021-08-18;161421;286850;1392;6;3;37288968;28715460;136051;235;69
FR;1;2021-08-19;148938;277574;1402;1;0;37437906;28993034;137453;236;69
FR;1;2021-08-20;140501;309084;1532;2;2;37578407;29302118;138985;238;71
FR;1;2021-08-21;84267;213213;586;0;0;37662674;29515331;139571;238;71
FR;1;2021-08-22;28571;82698;232;0;0;37691245;29598029;139803;238;71
FR;1;2021-08-23;118660;321061;1422;2;1;37809905;29919090;141225;240;72
FR;1;2021-08-24;126648;319803;1602;5;1;37936553;30238893;142827;245;73
FR;1;2021-08-25;121516;306520;1779;8;2;38058069;30545413;144606;253;75
FR;1;2021-08-26;106623;286131;2161;10;0;38164692;30831544;146767;263;75
FR;1;2021-08-27;107652;321666;2301;9;3;38272344;31153210;149068;272;78
FR;1;2021-08-28;71016;220697;1100;0;0;38343360;31373907;150168;272;78
FR;1;2021-08-29;24143;78186;469;1;0;38367503;31452093;150637;273;78
FR;1;2021-08-30;96859;286439;4312;6;5070;38464362;31738532;154949;279;5148
FR;1;2021-08-31;98066;276326;9292;15;10121;38562428;32014858;164241;294;15269
FR;1;2021-09-01;112231;245340;21113;7;22131;38674659;32260198;185354;301;37400
FR;1;2021-09-02;86638;197960;24527;18;25480;38761297;32458158;209881;319;62880
FR;1;2021-09-03;82392;227560;26953;21;28020;38843689;32685718;236834;340;90900
FR;1;2021-09-04;71616;189734;11140;11;11682;38915305;32875452;247974;351;102582
FR;1;2021-09-05;18607;41158;4124;2;4280;38933912;32916610;252098;353;106862
FR;1;2021-09-06;59529;151512;30178;15;31196;38993441;33068122;282276;368;138058
FR;1;2021-09-07;57373;139694;30207;30;31211;39050814;33207816;312483;398;169269
FR;1;2021-09-08;72316;173815;26922;22;27912;39123130;33381631;339405;420;197181
FR;1;2021-09-09;54446;124501;28619;24;29694;39177576;33506132;368024;444;226875
FR;1;2021-09-10;66167;152112;30446;24;31637;39243743;33658244;398470;468;258512
FR;1;2021-09-11;52681;146629;9730;14;10339;39296424;33804873;408200;482;268851
FR;1;2021-09-12;10793;29273;2484;1;2644;39307217;33834146;410684;483;271495
FR;1;2021-09-13;51473;104486;38744;31;40016;39358690;33938632;449428;514;311511
FR;1;2021-09-14;53300;96035;51268;66;53084;39411990;34034667;500696;580;364595
FR;1;2021-09-15;60511;139292;50485;55;47036;39472501;34173959;551181;635;411631
FR;1;2021-09-16;46596;81423;53331;70;49537;39519097;34255382;604512;705;461168
FR;1;2021-09-17;53188;109360;45067;61;42671;39572285;34364742;649579;766;503839
FR;1;2021-09-18;37858;118498;11796;19;11270;39610143;34483240;661375;785;515109
FR;1;2021-09-19;6505;21044;2038;1;1980;39616648;34504284;663413;786;517089
FR;1;2021-09-20;36489;74888;46222;65;44166;39653137;34579172;709635;851;561255
FR;1;2021-09-21;34167;68146;56257;70;52679;39687304;34647318;765892;921;613934
FR;1;2021-09-22;38809;118605;49869;76;46877;39726113;34765923;815761;997;660811
FR;1;2021-09-23;32000;62909;54494;85;50886;39758113;34828832;870255;1082;711697
FR;1;2021-09-24;36766;90078;43657;89;41916;39794879;34918910;913912;1171;753613
FR;1;2021-09-25;27644;96696;12303;27;12177;39822523;35015606;926215;1198;765790
FR;1;2021-09-26;4375;15189;1773;5;1696;39826898;35030795;927988;1203;767486
FR;1;2021-09-27;27336;60233;42905;89;41615;39854234;35091028;970893;1292;809101
FR;1;2021-09-28;26881;49472;47190;75;44444;39881115;35140500;1018083;1367;853545
FR;1;2021-09-29;35890;80368;47267;87;45571;39917005;35220868;1065350;1454;899116
FR;1;2021-09-30;26046;46886;47519;80;45433;39943051;35267754;1112869;1534;944549
FR;1;2021-10-01;47282;66819;44882;83;44580;39990333;35334573;1157751;1617;989129
FR;1;2021-10-02;32367;62418;16112;32;16315;40022700;35396991;1173863;1649;1005444
FR;1;2021-10-03;4338;8563;2038;3;2032;40027038;35405554;1175901;1652;1007476
FR;1;2021-10-04;28917;44449;47097;79;46945;40055955;35450003;1222998;1731;1054421
FR;1;2021-10-05;24508;41650;49868;116;49276;40080463;35491653;1272866;1847;1103697
FR;1;2021-10-06;34624;61397;57491;102;57206;40115087;35553050;1330357;1949;1160903
FR;1;2021-10-07;21035;39895;53034;75;51949;40136122;35592945;1383391;2024;1212852
FR;1;2021-10-08;35635;59653;60386;83;61118;40171757;35652598;1443777;2107;1273970
FR;1;2021-10-09;27443;48013;25493;29;26010;40199200;35700611;1469270;2136;1299980
FR;1;2021-10-10;3710;5810;2753;7;2860;40202910;35706421;1472023;2143;1302840
FR;1;2021-10-11;24820;38240;54578;88;55242;40227730;35744661;1526601;2231;1358082
FR;1;2021-10-12;23331;36583;58060;127;59171;40251061;35781244;1584661;2358;1417253
FR;1;2021-10-13;32911;47844;64165;124;65669;40283972;35829088;1648826;2482;1482922
FR;1;2021-10-14;21668;34792;53756;103;54340;40305640;35863880;1702582;2585;1537262
FR;1;2021-10-15;32695;48811;72319;165;74976;40338335;35912691;1774901;2750;1612238
FR;1;2021-10-16;25983;35305;34864;44;36406;40364318;35947996;1809765;2794;1648644
FR;1;2021-10-17;3107;4051;3410;2;3311;40367425;35952047;1813175;2796;1651955
FR;1;2021-10-18;24096;34899;66829;131;69698;40391521;35986946;1880004;2927;1721653
FR;1;2021-10-19;20683;35602;75650;135;79543;40412204;36022548;1955654;3062;1801196
FR;1;2021-10-20;29870;44241;96168;178;99822;40442074;36066789;2051822;3240;1901018
FR;1;2021-10-21;19766;35089;83166;107;87018;40461840;36101878;2134988;3347;1988036
FR;1;2021-10-22;29721;47781;103729;196;109664;40491561;36149659;2238717;3543;2097700
FR;1;2021-10-23;23026;35151;44867;57;47377;40514587;36184810;2283584;3600;2145077
FR;1;2021-10-24;2380;3850;3581;6;3723;40516967;36188660;2287165;3606;2148800
FR;1;2021-10-25;22411;30772;82014;143;85794;40539378;36219432;2369179;3749;2234594
FR;1;2021-10-26;19327;27675;86092;162;90307;40558705;36247107;2455271;3911;2324901
FR;1;2021-10-27;26188;39665;107795;252;112680;40584893;36286772;2563066;4163;2437581
FR;1;2021-10-28;18779;27135;86935;150;91667;40603672;36313907;2650001;4313;2529248
FR;1;2021-10-29;25923;40283;114816;200;121606;40629595;36354190;2764817;4513;2650854
FR;1;2021-10-30;17690;28721;49360;74;51943;40647285;36382911;2814177;4587;2702797
FR;1;2021-10-31;2059;3178;3447;2;3684;40649344;36386089;2817624;4589;2706481
FR;1;2021-11-01;7915;4270;3027;3;3285;40657259;36390359;2820651;4592;2709766
FR;1;2021-11-02;22749;33242;92385;156;97790;40680008;36423601;2913036;4748;2807556
FR;1;2021-11-03;26584;41607;117484;215;123850;40706592;36465208;3030520;4963;2931406
FR;1;2021-11-04;19591;30338;105795;213;111913;40726183;36495546;3136315;5176;3043319
FR;1;2021-11-05;26995;42345;138765;229;147404;40753178;36537891;3275080;5405;3190723
FR;1;2021-11-06;18837;29830;63477;123;66477;40772015;36567721;3338557;5528;3257200
FR;1;2021-11-07;1808;3295;4972;6;5301;40773823;36571016;3343529;5534;3262501
FR;1;2021-11-08;17839;32292;125985;224;132604;40791662;36603308;3469514;5758;3395105
FR;1;2021-11-09;19481;37676;159278;334;169049;40811143;36640984;3628792;6092;3564154
FR;1;2021-11-10;28851;49186;181880;440;192480;40839994;36690170;3810672;6532;3756634
FR;1;2021-11-11;4144;5951;12219;26;13019;40844138;36696121;3822891;6558;3769653
FR;1;2021-11-12;26000;46898;174795;244;186442;40870138;36743019;3997686;6802;3956095
FR;1;2021-11-13;18726;29200;76818;111;81763;40888864;36772219;4074504;6913;4037858
FR;1;2021-11-14;2040;3267;6817;5;7359;40890904;36775486;4081321;6918;4045217
FR;1;2021-11-15;18752;34826;156397;304;166210;40909656;36810312;4237718;7222;4211427
FR;1;2021-11-16;21339;37924;192098;378;204931;40930995;36848236;4429816;7600;4416358
FR;1;2021-11-17;28633;45659;193203;398;205001;40959628;36893895;4623019;7998;4621359
FR;1;2021-11-18;21122;39420;182471;458;194508;40980750;36933315;4805490;8456;4815867
FR;1;2021-11-19;30871;53443;230220;530;246686;41011621;36986758;5035710;8986;5062553
FR;1;2021-11-20;23750;33251;96974;201;103601;41035371;37020009;5132684;9187;5166154
FR;1;2021-11-21;2327;3962;9107;19;9956;41037698;37023971;5141791;9206;5176110
FR;1;2021-11-22;21404;30437;175880;465;189412;41059102;37054408;5317671;9671;5365522
FR;1;2021-11-23;24009;41109;221163;540;237895;41083111;37095517;5538834;10211;5603417
FR;1;2021-11-24;30282;49772;217320;701;234472;41113393;37145289;5756154;10912;5837889
FR;1;2021-11-25;23706;44064;244443;718;264079;41137099;37189353;6000597;11630;6101968
FR;1;2021-11-26;30615;66776;356779;834;388491;41167714;37256129;6357376;12464;6490459
FR;1;2021-11-27;21937;45384;202603;371;222606;41189651;37301513;6559979;12835;6713065
FR;1;2021-11-28;3164;9625;54779;63;61020;41192815;37311138;6614758;12898;6774085
FR;1;2021-11-29;17876;49533;326346;839;354394;41210691;37360671;6941104;13737;7128479
FR;1;2021-11-30;22783;64950;431114;952;470724;41233474;37425621;7372218;14689;7599203
FR;1;2021-12-01;25317;69344;442843;1129;481716;41258791;37494965;7815061;15818;8080919
FR;1;2021-12-02;20059;64594;489345;1228;532836;41278850;37559559;8304406;17046;8613755
FR;1;2021-12-03;22889;82530;542721;1309;591752;41301739;37642089;8847127;18355;9205507
FR;1;2021-12-04;16391;53966;299071;652;328914;41318130;37696055;9146198;19007;9534421
FR;1;2021-12-05;3632;13879;81519;143;91054;41321762;37709934;9227717;19150;9625475
FR;1;2021-12-06;25712;62675;415410;1064;455125;41347474;37772609;9643127;20214;10080600
FR;1;2021-12-07;19988;75689;522926;1535;572526;41367462;37848298;10166053;21749;10653126
FR;1;2021-12-08;21683;75797;458344;1544;502057;41389145;37924095;10624397;23293;11155183
FR;1;2021-12-09;19438;74069;492872;1626;540768;41408583;37998164;11117269;24919;11695951
FR;1;2021-12-10;23297;87772;547355;1585;599969;41431880;38085936;11664624;26504;12295920
FR;1;2021-12-11;16533;59237;302723;748;335471;41448413;38145173;11967347;27252;12631391
FR;1;2021-12-12;4361;15982;83206;179;94060;41452774;38161155;12050553;27431;12725451
FR;1;2021-12-13;15747;63748;366927;1094;406252;41468521;38224903;12417480;28525;13131703
FR;1;2021-12-14;20831;80405;464666;1745;515127;41489352;38305308;12882146;30270;13646830
FR;1;2021-12-15;21590;77552;409039;1309;453117;41510942;38382860;13291185;31579;14099947
FR;1;2021-12-16;20033;77383;451808;1578;500574;41530975;38460243;13742993;33157;14600521
FR;1;2021-12-17;22605;86732;479891;1733;530967;41553580;38546975;14222884;34890;15131488
FR;1;2021-12-18;17598;54713;257596;730;288494;41571178;38601688;14480480;35620;15419982
FR;1;2021-12-19;5549;17054;79164;194;90718;41576727;38618742;14559644;35814;15510700
FR;1;2021-12-20;20928;63193;316198;1080;355271;41597655;38681935;14875842;36894;15865971
FR;1;2021-12-21;26322;73164;372703;1422;418044;41623977;38755099;15248545;38316;16284015
FR;1;2021-12-22;24974;65979;310594;1216;349580;41648951;38821078;15559139;39532;16633595
FR;1;2021-12-23;21261;52350;241460;955;273025;41670212;38873428;15800599;40487;16906620
FR;1;2021-12-24;7121;18368;67146;258;77068;41677333;38891796;15867745;40745;16983688
FR;1;2021-12-25;506;2856;5580;15;6533;41677839;38894652;15873325;40760;16990221
FR;1;2021-12-26;2748;7589;26934;71;31458;41680587;38902241;15900259;40831;17021679
FR;1;2021-12-27;18265;53601;235092;705;265744;41698852;38955842;16135351;41536;17287423
FR;1;2021-12-28;23291;62068;292014;1026;330208;41722143;39017910;16427365;42562;17617631
FR;1;2021-12-29;22206;55581;254970;920;288186;41744349;39073491;16682335;43482;17905817
FR;1;2021-12-30;21235;46588;212146;858;239627;41765584;39120079;16894481;44340;18145444
FR;1;2021-12-31;7463;16604;61859;229;70400;41773047;39136683;16956340;44569;18215844
FR;1;2022-01-01;1057;2486;5655;30;6581;41774104;39139169;16961995;44599;18222425
FR;1;2022-01-02;3060;8053;28887;50;33523;41777164;39147222;16990882;44649;18255948
FR;1;2022-01-03;23464;54293;228215;786;257682;41800628;39201515;17219097;45435;18513630
FR;1;2022-01-04;25903;65073;299229;1239;337273;41826531;39266588;17518326;46674;18850903
FR;1;2022-01-05;30243;64316;274847;1096;310211;41856774;39330904;17793173;47770;19161114
FR;1;2022-01-06;26773;66279;306865;1398;346521;41883547;39397183;18100038;49168;19507635
FR;1;2022-01-07;31545;75042;349819;1537;393960;41915092;39472225;18449857;50705;19901595
FR;1;2022-01-08;23382;51398;222481;698;251107;41938474;39523623;18672338;51403;20152702
FR;1;2022-01-09;7076;17143;66021;163;76141;41945550;39540766;18738359;51566;20228843
FR;1;2022-01-10;21727;60747;236766;954;267608;41967277;39601513;18975125;52520;20496451
FR;1;2022-01-11;26725;63536;282262;1277;317805;41994002;39665049;19257387;53797;20814256
FR;1;2022-01-12;28891;62518;246227;1104;278011;42022893;39727567;19503614;54901;21092267
FR;1;2022-01-13;24722;60205;262777;1252;296118;42047615;39787772;19766391;56153;21388385
FR;1;2022-01-14;27945;66736;313977;1366;351240;42075560;39854508;20080368;57519;21739625
FR;1;2022-01-15;19330;44380;199298;619;223857;42094890;39898888;20279666;58138;21963482
FR;1;2022-01-16;5145;12955;51518;135;59568;42100035;39911843;20331184;58273;22023050
FR;1;2022-01-17;16841;39759;184814;780;206853;42116876;39951602;20515998;59053;22229903
FR;1;2022-01-18;19426;45948;212395;1154;237011;42136302;39997550;20728393;60207;22466914
FR;1;2022-01-19;20287;44001;176086;897;197190;42156589;40041551;20904479;61104;22664104
FR;1;2022-01-20;16772;40585;183653;1136;204724;42173361;40082136;21088132;62240;22868828
FR;1;2022-01-21;19894;47095;228938;1405;253330;42193255;40129231;21317070;63645;23122158
FR;1;2022-01-22;13835;33353;144487;578;161383;42207090;40162584;21461557;64223;23283541
FR;1;2022-01-23;3349;8770;33421;132;38324;42210439;40171354;21494978;64355;23321865
FR;1;2022-01-24;11794;32998;142189;709;158242;42222233;40204352;21637167;65064;23480107
FR;1;2022-01-25;14199;38240;163372;1048;181539;42236432;40242592;21800539;66112;23661646
FR;1;2022-01-26;14858;37662;150236;932;166328;42251290;40280254;21950775;67044;23827974
FR;1;2022-01-27;12331;33229;143442;886;157966;42263621;40313483;22094217;67930;23985940
FR;1;2022-01-28;16308;56087;198300;1145;222431;42279929;40369570;22292517;69075;24208371
FR;1;2022-01-29;10264;35432;135196;524;151535;42290193;40405002;22427713;69599;24359906
FR;1;2022-01-30;2479;9269;29680;86;34469;42292672;40414271;22457393;69685;24394375
FR;1;2022-01-31;8754;32488;104334;532;117396;42301426;40446759;22561727;70217;24511771
FR;1;2022-02-01;10812;36504;127057;863;141261;42312238;40483263;22688784;71080;24653032
FR;1;2022-02-02;11837;41578;130338;782;145855;42324075;40524841;22819122;71862;24798887
FR;1;2022-02-03;9211;33977;116998;784;130358;42333286;40558818;22936120;72646;24929245
FR;1;2022-02-04;11506;48191;172572;966;192788;42344792;40607009;23108692;73612;25122033
FR;1;2022-02-05;7988;33948;117576;391;133057;42352780;40640957;23226268;74003;25255090
FR;1;2022-02-06;1701;8013;22749;85;26913;42354481;40648970;23249017;74088;25282003
FR;1;2022-02-07;7282;35444;119077;455;134975;42361763;40684414;23368094;74543;25416978
FR;1;2022-02-08;7715;31911;125635;693;140620;42369478;40716325;23493729;75236;25557598
FR;1;2022-02-09;8603;36492;135242;696;152485;42378081;40752817;23628971;75932;25710083
FR;1;2022-02-10;6977;29888;116357;674;130141;42385058;40782705;23745328;76606;25840224
FR;1;2022-02-11;8651;41509;165122;877;185343;42393709;40824214;23910450;77483;26025567
FR;1;2022-02-12;5316;27585;106695;378;120877;42399025;40851799;24017145;77861;26146444
FR;1;2022-02-13;1227;5712;21714;65;25329;42400252;40857511;24038859;77926;26171773
FR;1;2022-02-14;5444;27199;118068;392;133096;42405696;40884710;24156927;78318;26304869
FR;1;2022-02-15;5747;28818;118903;610;132533;42411443;40913528;24275830;78928;26437402
FR;1;2022-02-16;5733;28447;110411;596;123042;42417176;40941975;24386241;79524;26560444
FR;1;2022-02-17;4605;19691;73127;487;80226;42421781;40961666;24459368;80011;26640670
FR;1;2022-02-18;5600;26749;99183;670;108141;42427381;40988415;24558551;80681;26748811
FR;1;2022-02-19;3547;17168;59473;304;66054;42430928;41005583;24618024;80985;26814865
FR;1;2022-02-20;787;3251;10701;36;12328;42431715;41008834;24628725;81021;26827193
FR;1;2022-02-21;3419;14585;52815;286;57664;42435134;41023419;24681540;81307;26884857
FR;1;2022-02-22;3782;15518;51899;500;55634;42438916;41038937;24733439;81807;26940491
FR;1;2022-02-23;4218;17788;57467;508;62568;42443134;41056725;24790906;82315;27003059
FR;1;2022-02-24;3336;13039;43610;435;46400;42446470;41069764;24834516;82750;27049459
FR;1;2022-02-25;4468;19789;64903;695;68774;42450938;41089553;24899419;83445;27118233
FR;1;2022-02-26;2692;12796;41361;310;45114;42453630;41102349;24940780;83755;27163347
FR;1;2022-02-27;644;2183;7125;42;7990;42454274;41104532;24947905;83797;27171337
FR;1;2022-02-28;2612;10456;34945;305;37371;42456886;41114988;24982850;84102;27208708
FR;1;2022-03-01;3406;10704;38689;390;39641;42460292;41125692;25021539;84492;27248349
FR;1;2022-03-02;3627;12146;41844;397;43913;42463919;41137838;25063383;84889;27292262
FR;1;2022-03-03;2433;7931;26169;326;26503;42466352;41145769;25089552;85215;27318765
FR;1;2022-03-04;2681;10398;35418;590;34911;42469033;41156167;25124970;85805;27353676
FR;1;2022-03-05;1816;6343;21960;278;22355;42470849;41162510;25146930;86083;27376031
FR;1;2022-03-06;354;951;2915;38;3118;42471203;41163461;25149845;86121;27379149
FR;1;2022-03-07;1694;4694;16427;245;15893;42472897;41168155;25166272;86366;27395042
FR;1;2022-03-08;1647;5241;17161;307;15988;42474544;41173396;25183433;86673;27411030
FR;1;2022-03-09;1948;6665;19804;368;19162;42476492;41180061;25203237;87041;27430192
FR;1;2022-03-10;1363;4760;15270;306;14309;42477855;41184821;25218507;87347;27444501
FR;1;2022-03-11;1747;6382;21698;481;19849;42479602;41191203;25240205;87828;27464350
FR;1;2022-03-12;1227;4647;15359;280;14908;42480829;41195850;25255564;88108;27479258
FR;1;2022-03-13;242;607;2117;118;2064;42481071;41196457;25257681;88226;27481322
FR;1;2022-03-14;1137;3666;13396;3878;12518;42482208;41200123;25271077;92104;27493840
FR;1;2022-03-15;1352;5606;14642;6862;13237;42483560;41205729;25285719;98966;27507077
FR;1;2022-03-16;1661;4987;17382;11517;16441;42485221;41210716;25303101;110483;27523518
FR;1;2022-03-17;1153;3417;11711;9643;10812;42486374;41214133;25314812;120126;27534330
FR;1;2022-03-18;1718;4913;17952;16490;16389;42488092;41219046;25332764;136616;27550719
FR;1;2022-03-19;1121;3296;11887;8455;11355;42489213;41222342;25344651;145071;27562074
FR;1;2022-03-20;222;555;1723;1014;1757;42489435;41222897;25346374;146085;27563831
FR;1;2022-03-21;1079;2751;11486;13448;10834;42490514;41225648;25357860;159533;27574665
FR;1;2022-03-22;1217;3201;12247;18690;11238;42491731;41228849;25370107;178223;27585903
FR;1;2022-03-23;1485;4299;16011;20109;15693;42493216;41233148;25386118;198332;27601596
FR;1;2022-03-24;1101;2735;10387;16046;9648;42494317;41235883;25396505;214378;27611244
FR;1;2022-03-25;1526;4330;16722;25293;15371;42495843;41240213;25413227;239671;27626615
FR;1;2022-03-26;1103;3009;10851;11449;10512;42496946;41243222;25424078;251120;27637127
FR;1;2022-03-27;232;542;1748;1380;1800;42497178;41243764;25425826;252500;27638927
FR;1;2022-03-28;1076;2475;9967;15881;9592;42498254;41246239;25435793;268381;27648519
FR;1;2022-03-29;1138;2734;11546;25083;10909;42499392;41248973;25447339;293464;27659428
FR;1;2022-03-30;1617;3539;14158;24167;13692;42501009;41252512;25461497;317631;27673120
FR;1;2022-03-31;1276;2987;11683;22629;11191;42502285;41255499;25473180;340260;27684311
FR;1;2022-04-01;2195;4008;18450;28493;17314;42504480;41259507;25491630;368753;27701625
FR;1;2022-04-02;905;1869;8189;9214;7935;42505385;41261376;25499819;377967;27709560
FR;1;2022-04-03;200;371;1432;1054;1433;42505585;41261747;25501251;379021;27710993
FR;1;2022-04-04;1475;2422;11355;17641;10739;42507060;41264169;25512606;396662;27721732
FR;1;2022-04-05;1375;2637;12986;31147;12007;42508435;41266806;25525592;427809;27733739
FR;1;2022-04-06;1384;2909;12186;23898;11617;42509819;41269715;25537778;451707;27745356
FR;1;2022-04-07;1199;2673;12328;31028;11793;42511018;41272388;25550106;482735;27757149
FR;1;2022-04-08;1582;3579;17541;40568;16450;42512600;41275967;25567647;523303;27773599
FR;1;2022-04-09;814;1982;8401;12492;8099;42513414;41277949;25576048;535795;27781698
FR;1;2022-04-10;193;491;1833;1848;1876;42513607;41278440;25577881;537643;27783574
FR;1;2022-04-11;1009;2221;10956;22304;10665;42514616;41280661;25588837;559947;27794239
FR;1;2022-04-12;1271;2584;12805;38080;12291;42515887;41283245;25601642;598027;27806530
FR;1;2022-04-13;1223;2804;12259;30584;11989;42517110;41286049;25613901;628611;27818519
FR;1;2022-04-14;1204;2489;12077;33552;12081;42518314;41288538;25625978;662163;27830600
FR;1;2022-04-15;1467;2905;14385;33189;13758;42519781;41291443;25640363;695352;27844358
FR;1;2022-04-16;656;1390;5838;7980;5759;42520437;41292833;25646201;703332;27850117
FR;1;2022-04-17;153;274;929;1119;971;42520590;41293107;25647130;704451;27851088
FR;1;2022-04-18;145;460;2633;998;2656;42520735;41293567;25649763;705449;27853744
FR;1;2022-04-19;1226;2573;11772;27886;11504;42521961;41296140;25661535;733335;27865248
FR;1;2022-04-20;1322;2615;12160;26810;11999;42523283;41298755;25673695;760145;27877247
FR;1;2022-04-21;1220;2441;11520;33117;11687;42524503;41301196;25685215;793262;27888934
FR;1;2022-04-22;1500;3053;15191;35462;14773;42526003;41304249;25700406;828724;27903707
FR;1;2022-04-23;756;1565;6729;9887;6635;42526759;41305814;25707135;838611;27910342
FR;1;2022-04-24;195;361;1373;1520;1326;42526954;41306175;25708508;840131;27911668
FR;1;2022-04-25;1019;2111;9849;19660;9747;42527973;41308286;25718357;859791;27921415
FR;1;2022-04-26;1331;2597;12586;36531;12193;42529304;41310883;25730943;896322;27933608
FR;1;2022-04-27;1316;2392;10639;29148;10775;42530620;41313275;25741582;925470;27944383
FR;1;2022-04-28;1262;2366;11549;34150;11387;42531882;41315641;25753131;959620;27955770
FR;1;2022-04-29;1590;3417;14388;35483;13826;42533472;41319058;25767519;995103;27969596
FR;1;2022-04-30;820;1446;6440;9161;6282;42534292;41320504;25773959;1004264;27975878
FR;1;2022-05-01;175;281;823;947;817;42534467;41320785;25774782;1005211;27976695
FR;1;2022-05-02;1124;2437;10350;16853;10244;42535591;41323222;25785132;1022064;27986939
FR;1;2022-05-03;1453;2797;12687;32814;12580;42537044;41326019;25797819;1054878;27999519
FR;1;2022-05-04;1321;2682;11208;23765;11361;42538365;41328701;25809027;1078643;28010880
FR;1;2022-05-05;1413;2515;12155;31700;12082;42539778;41331216;25821182;1110343;28022962
FR;1;2022-05-06;1730;3201;14205;34843;13771;42541508;41334417;25835387;1145186;28036733
FR;1;2022-05-07;841;1456;5968;9085;6000;42542349;41335873;25841355;1154271;28042733
FR;1;2022-05-08;186;325;1058;1469;1120;42542535;41336198;25842413;1155740;28043853
FR;1;2022-05-09;1056;1980;9231;19242;9143;42543591;41338178;25851644;1174982;28052996
FR;1;2022-05-10;1416;2670;12578;36964;12169;42545007;41340848;25864222;1211946;28065165
FR;1;2022-05-11;1406;2392;9884;25950;9812;42546413;41343240;25874106;1237896;28074977
FR;1;2022-05-12;1282;2354;10479;33483;10167;42547695;41345594;25884585;1271379;28085144
FR;1;2022-05-13;1593;2761;12743;35677;12385;42549288;41348355;25897328;1307056;28097529
FR;1;2022-05-14;775;1298;5477;10206;5359;42550063;41349653;25902805;1317262;28102888
FR;1;2022-05-15;219;392;1180;1345;1244;42550282;41350045;25903985;1318607;28104132
FR;1;2022-05-16;951;1736;8056;20057;8108;42551233;41351781;25912041;1338664;28112240
FR;1;2022-05-17;1271;2238;11107;36101;10712;42552504;41354019;25923148;1374765;28122952
FR;1;2022-05-18;1282;2085;9022;25665;8971;42553786;41356104;25932170;1400430;28131923
FR;1;2022-05-19;1173;2359;9823;33877;9918;42554959;41358463;25941993;1434307;28141841
FR;1;2022-05-20;1550;2723;12503;37618;12085;42556509;41361186;25954496;1471925;28153926
FR;1;2022-05-21;773;1358;5241;9372;5160;42557282;41362544;25959737;1481297;28159086
FR;1;2022-05-22;190;284;946;1392;947;42557472;41362828;25960683;1482689;28160033
FR;1;2022-05-23;949;1806;8363;19394;8322;42558421;41364634;25969046;1502083;28168355
FR;1;2022-05-24;1275;2415;10706;37167;10549;42559696;41367049;25979752;1539250;28178904
FR;1;2022-05-25;1258;2257;8785;23653;8943;42560954;41369306;25988537;1562903;28187847
FR;1;2022-05-26;161;341;1573;1145;1566;42561115;41369647;25990110;1564048;28189413
FR;1;2022-05-27;1100;2152;8772;20427;8521;42562215;41371799;25998882;1584475;28197934
FR;1;2022-05-28;481;1031;3684;6529;3721;42562696;41372830;26002566;1591004;28201655
FR;1;2022-05-29;118;256;705;890;715;42562814;41373086;26003271;1591894;28202370
FR;1;2022-05-30;807;1705;6551;18529;6577;42563621;41374791;26009822;1610423;28208947
FR;1;2022-05-31;1258;2178;9235;34331;9103;42564879;41376969;26019057;1644754;28218050
FR;1;2022-06-01;1263;2542;10427;23366;10290;42566142;41379511;26029484;1668120;28228340
FR;1;2022-06-02;1202;2240;10665;34048;10222;42567344;41381751;26040149;1702168;28238562
FR;1;2022-06-03;1362;2680;12691;37077;12112;42568706;41384431;26052840;1739245;28250674
FR;1;2022-06-04;671;1255;4745;8670;4821;42569377;41385686;26057585;1747915;28255495
FR;1;2022-06-05;126;283;807;1046;829;42569503;41385969;26058392;1748961;28256324
FR;1;2022-06-06;190;622;2002;1173;1989;42569693;41386591;26060394;1750134;28258313
FR;1;2022-06-07;1125;2260;9165;34010;8823;42570818;41388851;26069559;1784144;28267136
FR;1;2022-06-08;1079;2184;8659;27519;8536;42571897;41391035;26078218;1811663;28275672
FR;1;2022-06-09;1043;2107;9963;37496;9642;42572940;41393142;26088181;1849159;28285314
FR;1;2022-06-10;1315;2532;12373;43037;11945;42574255;41395674;26100554;1892196;28297259
FR;1;2022-06-11;652;1435;5136;11073;5180;42574907;41397109;26105690;1903269;28302439
FR;1;2022-06-12;147;360;1012;1680;1067;42575054;41397469;26106702;1904949;28303506
FR;1;2022-06-13;887;1758;6996;22193;6852;42575941;41399227;26113698;1927142;28310358
FR;1;2022-06-14;1073;2120;9823;42738;9226;42577014;41401347;26123521;1969880;28319584
FR;1;2022-06-15;1047;1903;8752;29350;8436;42578061;41403250;26132273;1999230;28328020
FR;1;2022-06-16;925;1780;9365;38400;8841;42578986;41405030;26141638;2037630;28336861
FR;1;2022-06-17;1202;2517;11862;44752;11348;42580188;41407547;26153500;2082382;28348209
FR;1;2022-06-18;557;1253;4311;10538;4247;42580745;41408800;26157811;2092920;28352456
FR;1;2022-06-19;137;316;1001;1540;1080;42580882;41409116;26158812;2094460;28353536
FR;1;2022-06-20;851;1667;8475;25021;8138;42581733;41410783;26167287;2119481;28361674
FR;1;2022-06-21;1091;2102;9747;47704;8836;42582824;41412885;26177034;2167185;28370510
FR;1;2022-06-22;1015;1997;8415;37074;7915;42583839;41414882;26185449;2204259;28378425
FR;1;2022-06-23;1042;2116;10112;52750;9382;42584881;41416998;26195561;2257009;28387807
FR;1;2022-06-24;1237;2677;12877;65842;11663;42586118;41419675;26208438;2322851;28399470
FR;1;2022-06-25;678;1495;5918;18910;5699;42586796;41421170;26214356;2341761;28405169
FR;1;2022-06-26;166;399;1816;3491;1707;42586962;41421569;26216172;2345252;28406876
FR;1;2022-06-27;929;1757;9890;45931;9115;42587891;41423326;26226062;2391183;28415991
FR;1;2022-06-28;1194;2549;13818;86441;12378;42589085;41425875;26239880;2477624;28428369
FR;1;2022-06-29;1222;2273;11463;67299;10532;42590307;41428148;26251343;2544923;28438901
FR;1;2022-06-30;1268;2375;13489;89907;11800;42591575;41430523;26264832;2634830;28450701
FR;1;2022-07-01;1586;3277;20071;109121;17708;42593161;41433800;26284903;2743951;28468409
FR;1;2022-07-02;753;1516;8004;33751;7242;42593914;41435316;26292907;2777702;28475651
FR;1;2022-07-03;225;475;1935;6110;1750;42594139;41435791;26294842;2783812;28477401
FR;1;2022-07-04;1204;2331;13842;75365;12229;42595343;41438122;26308684;2859177;28489630
FR;1;2022-07-05;1400;2715;17632;126177;15093;42596743;41440837;26326316;2985354;28504723
FR;1;2022-07-06;1325;2291;14834;93553;12858;42598068;41443128;26341150;3078907;28517581
FR;1;2022-07-07;1414;2485;16884;119287;13945;42599482;41445613;26358034;3198194;28531526
FR;1;2022-07-08;1508;2786;19559;129818;15934;42600990;41448399;26377593;3328012;28547460
FR;1;2022-07-09;654;1261;7293;35989;6335;42601644;41449660;26384886;3364001;28553795
FR;1;2022-07-10;231;475;2239;6681;2033;42601875;41450135;26387125;3370682;28555828
FR;1;2022-07-11;1175;2168;14287;84353;11895;42603050;41452303;26401412;3455035;28567723
FR;1;2022-07-12;1526;2729;19411;137214;15846;42604576;41455032;26420823;3592249;28583569
FR;1;2022-07-13;1380;2309;14736;89674;12578;42605956;41457341;26435559;3681923;28596147
FR;1;2022-07-14;154;295;1852;5272;1758;42606110;41457636;26437411;3687195;28597905
FR;1;2022-07-15;1246;2264;14308;80505;11961;42607356;41459900;26451719;3767700;28609866
FR;1;2022-07-16;503;1027;5621;23906;4868;42607859;41460927;26457340;3791606;28614734
FR;1;2022-07-17;154;359;1651;4447;1495;42608013;41461286;26458991;3796053;28616229
FR;1;2022-07-18;957;1971;11266;59197;9532;42608970;41463257;26470257;3855250;28625761
FR;1;2022-07-19;1211;2094;14644;99271;11675;42610181;41465351;26484901;3954521;28637436
FR;1;2022-07-20;1147;1945;12282;74265;10192;42611328;41467296;26497183;4028786;28647628
FR;1;2022-07-21;1105;1897;12358;84306;9932;42612433;41469193;26509541;4113092;28657560
FR;1;2022-07-22;1218;2166;14032;85713;11366;42613651;41471359;26523573;4198805;28668926
FR;1;2022-07-23;523;1063;5217;21263;4594;42614174;41472422;26528790;4220068;28673520
FR;1;2022-07-24;139;300;1318;3670;1155;42614313;41472722;26530108;4223738;28674675
FR;1;2022-07-25;854;1587;9050;46025;7479;42615167;41474309;26539158;4269763;28682154
FR;1;2022-07-26;1118;1937;12646;81837;10290;42616285;41476246;26551804;4351600;28692444
FR;1;2022-07-27;1009;1691;9699;58273;8075;42617294;41477937;26561503;4409873;28700519
FR;1;2022-07-28;960;1642;9802;61655;7795;42618254;41479579;26571305;4471528;28708314
FR;1;2022-07-29;1100;1752;10366;62716;8306;42619354;41481331;26581671;4534244;28716620
FR;1;2022-07-30;385;695;3325;14437;2833;42619739;41482026;26584996;4548681;28719453
FR;1;2022-07-31;135;254;891;2310;762;42619874;41482280;26585887;4550991;28720215
FR;1;2022-08-01;657;1139;6908;28864;5781;42620531;41483419;26592795;4579855;28725996
FR;1;2022-08-02;861;1431;8117;53783;6504;42621392;41484850;26600912;4633638;28732500
FR;1;2022-08-03;685;1058;6050;36939;4842;42622077;41485908;26606962;4670577;28737342
FR;1;2022-08-04;623;1036;6108;41246;4921;42622700;41486944;26613070;4711823;28742263
FR;1;2022-08-05;717;1168;6526;42856;5192;42623417;41488112;26619596;4754679;28747455
FR;1;2022-08-06;265;456;1886;8946;1562;42623682;41488568;26621482;4763625;28749017
FR;1;2022-08-07;80;139;503;1535;418;42623762;41488707;26621985;4765160;28749435
FR;1;2022-08-08;454;792;3692;21091;3021;42624216;41489499;26625677;4786251;28752456
FR;1;2022-08-09;589;988;5595;38301;4460;42624805;41490487;26631272;4824552;28756916
FR;1;2022-08-10;502;938;4276;26760;3477;42625307;41491425;26635548;4851312;28760393
FR;1;2022-08-11;527;866;4203;27881;3468;42625834;41492291;26639751;4879193;28763861
FR;1;2022-08-12;578;975;4334;26980;3522;42626412;41493266;26644085;4906173;28767383
FR;1;2022-08-13;162;327;1199;5038;1011;42626574;41493593;26645284;4911211;28768394
FR;1;2022-08-14;58;109;261;827;222;42626632;41493702;26645545;4912038;28768616
FR;1;2022-08-15;49;105;271;497;238;42626681;41493807;26645816;4912535;28768854
FR;1;2022-08-16;501;884;3606;21345;3043;42627182;41494691;26649422;4933880;28771897
FR;1;2022-08-17;501;829;3501;21930;2937;42627683;41495520;26652923;4955810;28774834
FR;1;2022-08-18;511;821;3753;25191;2949;42628194;41496341;26656676;4981001;28777783
FR;1;2022-08-19;496;984;4036;26333;3289;42628690;41497325;26660712;5007334;28781072
FR;1;2022-08-20;217;375;1226;5311;1038;42628907;41497700;26661938;5012645;28782110
FR;1;2022-08-21;77;106;266;944;238;42628984;41497806;26662204;5013589;28782348
FR;1;2022-08-22;448;808;2685;14766;2281;42629432;41498614;26664889;5028355;28784629
FR;1;2022-08-23;607;1015;3960;27975;3293;42630039;41499629;26668849;5056330;28787922
FR;1;2022-08-24;517;778;3165;18635;2519;42630556;41500407;26672014;5074965;28790441
FR;1;2022-08-25;527;838;3551;22356;2950;42631083;41501245;26675565;5097321;28793391
FR;1;2022-08-26;713;1042;4034;24397;3261;42631796;41502287;26679599;5121718;28796652
FR;1;2022-08-27;203;382;1238;5075;1100;42631999;41502669;26680837;5126793;28797752
FR;1;2022-08-28;90;114;262;792;244;42632089;41502783;26681099;5127585;28797996
FR;2;2020-12-27;0;0;0;0;0;0;0;0;0;0
FR;2;2020-12-28;0;0;0;0;0;0;0;0;0;0
FR;2;2020-12-29;0;0;0;0;0;0;0;0;0;0
FR;2;2020-12-30;0;0;0;0;0;0;0;0;0;0
FR;2;2020-12-31;0;0;0;0;0;0;0;0;0;0
FR;2;2021-01-01;0;0;0;0;0;0;0;0;0;0
FR;2;2021-01-02;0;0;0;0;0;0;0;0;0;0
FR;2;2021-01-03;0;0;0;0;0;0;0;0;0;0
FR;2;2021-01-04;0;0;0;0;0;0;0;0;0;0
FR;2;2021-01-05;0;0;0;0;0;0;0;0;0;0
FR;2;2021-01-06;0;0;0;0;0;0;0;0;0;0
FR;2;2021-01-07;0;0;0;0;0;0;0;0;0;0
FR;2;2021-01-08;0;0;0;0;0;0;0;0;0;0
FR;2;2021-01-09;0;0;0;0;0;0;0;0;0;0
FR;2;2021-01-10;0;0;0;0;0;0;0;0;0;0
FR;2;2021-01-11;0;0;0;0;0;0;0;0;0;0
FR;2;2021-01-12;0;0;0;0;0;0;0;0;0;0
FR;2;2021-01-13;0;0;0;0;0;0;0;0;0;0
FR;2;2021-01-14;1666;0;0;0;0;1666;0;0;0;0
FR;2;2021-01-15;398;0;0;0;0;2064;0;0;0;0
FR;2;2021-01-16;316;0;0;0;0;2380;0;0;0;0
FR;2;2021-01-17;83;0;0;0;0;2463;0;0;0;0
FR;2;2021-01-18;3074;2;0;0;0;5537;2;0;0;0
FR;2;2021-01-19;4680;0;0;0;0;10217;2;0;0;0
FR;2;2021-01-20;5135;6;0;0;0;15352;8;0;0;0
FR;2;2021-01-21;5344;9;0;0;0;20696;17;0;0;0
FR;2;2021-01-22;5119;14;0;0;0;25815;31;0;0;0
FR;2;2021-01-23;1872;1;0;0;0;27687;32;0;0;0
FR;2;2021-01-24;162;2;0;0;0;27849;34;0;0;0
FR;2;2021-01-25;3814;3;0;0;0;31663;37;0;0;0
FR;2;2021-01-26;3923;5;0;0;0;35586;42;0;0;0
FR;2;2021-01-27;3601;4;0;0;0;39187;46;0;0;0
FR;2;2021-01-28;3752;8;0;0;0;42939;54;0;0;0
FR;2;2021-01-29;3295;3;0;0;0;46234;57;0;0;0
FR;2;2021-01-30;1130;3;0;0;0;47364;60;0;0;0
FR;2;2021-01-31;45;2;0;0;0;47409;62;0;0;0
FR;2;2021-02-01;3404;9;0;0;0;50813;71;0;0;0
FR;2;2021-02-02;4492;14;0;0;0;55305;85;0;0;0
FR;2;2021-02-03;5220;7;0;0;0;60525;92;0;0;0
FR;2;2021-02-04;4936;11;0;0;0;65461;103;0;0;0
FR;2;2021-02-05;4812;14;0;0;0;70273;117;0;0;0
FR;2;2021-02-06;2040;14;0;0;0;72313;131;0;0;0
FR;2;2021-02-07;102;4;0;0;0;72415;135;0;0;0
FR;2;2021-02-08;7555;23;0;0;0;79970;158;0;0;0
FR;2;2021-02-09;8425;27;0;0;0;88395;185;0;0;0
FR;2;2021-02-10;9342;58;0;0;0;97737;243;0;0;0
FR;2;2021-02-11;10287;116;0;0;0;108024;359;0;0;0
FR;2;2021-02-12;10055;268;0;0;0;118079;627;0;0;0
FR;2;2021-02-13;3120;224;0;0;0;121199;851;0;0;0
FR;2;2021-02-14;355;9;0;0;0;121554;860;0;0;0
FR;2;2021-02-15;3458;3111;0;0;0;125012;3971;0;0;0
FR;2;2021-02-16;5073;4106;0;0;0;130085;8077;0;0;0
FR;2;2021-02-17;4256;4521;0;0;0;134341;12598;0;0;0
FR;2;2021-02-18;5402;5147;0;0;0;139743;17745;0;0;0
FR;2;2021-02-19;5327;4449;0;0;0;145070;22194;0;0;0
FR;2;2021-02-20;1869;1515;0;0;0;146939;23709;0;0;0
FR;2;2021-02-21;244;95;0;0;0;147183;23804;0;0;0
FR;2;2021-02-22;3613;3765;0;0;0;150796;27569;0;0;0
FR;2;2021-02-23;4954;3720;0;0;0;155750;31289;0;0;0
FR;2;2021-02-24;5015;3522;0;0;0;160765;34811;0;0;0
FR;2;2021-02-25;5491;3470;0;0;0;166256;38281;0;0;0
FR;2;2021-02-26;4363;3167;0;0;0;170619;41448;0;0;0
FR;2;2021-02-27;1624;1060;0;0;0;172243;42508;0;0;0
FR;2;2021-02-28;177;22;0;0;0;172420;42530;0;0;0
FR;2;2021-03-01;5184;3753;0;0;0;177604;46283;0;0;0
FR;2;2021-03-02;6532;4721;0;0;0;184136;51004;0;0;0
FR;2;2021-03-03;6538;4932;0;0;0;190674;55936;0;0;0
FR;2;2021-03-04;8407;4134;0;0;0;199081;60070;0;0;0
FR;2;2021-03-05;8035;4057;0;0;0;207116;64127;0;0;0
FR;2;2021-03-06;4786;1679;0;0;0;211902;65806;0;0;0
FR;2;2021-03-07;2372;30;0;0;0;214274;65836;0;0;0
FR;2;2021-03-08;4166;8379;0;0;0;218440;74215;0;0;0
FR;2;2021-03-09;7491;8555;1;0;0;225931;82770;1;0;0
FR;2;2021-03-10;7102;9183;0;0;0;233033;91953;1;0;0
FR;2;2021-03-11;9377;9303;1;0;0;242410;101256;2;0;0
FR;2;2021-03-12;7978;8316;0;0;0;250388;109572;2;0;0
FR;2;2021-03-13;10052;2576;0;0;0;260440;112148;2;0;0
FR;2;2021-03-14;4840;385;0;0;0;265280;112533;2;0;0
FR;2;2021-03-15;10910;3471;0;0;0;276190;116004;2;0;0
FR;2;2021-03-16;16764;4669;1;0;0;292954;120673;3;0;0
FR;2;2021-03-17;20237;3989;0;0;0;313191;124662;3;0;0
FR;2;2021-03-18;23372;5050;0;0;0;336563;129712;3;0;0
FR;2;2021-03-19;23305;4628;0;0;0;359868;134340;3;0;0
FR;2;2021-03-20;25449;1586;0;0;0;385317;135926;3;0;0
FR;2;2021-03-21;17671;153;0;0;0;402988;136079;3;0;0
FR;2;2021-03-22;17786;3196;0;0;0;420774;139275;3;0;0
FR;2;2021-03-23;22694;4231;0;0;0;443468;143506;3;0;0
FR;2;2021-03-24;23958;5045;0;0;0;467426;148551;3;0;0
FR;2;2021-03-25;26750;5182;1;0;0;494176;153733;4;0;0
FR;2;2021-03-26;26982;4222;0;0;0;521158;157955;4;0;0
FR;2;2021-03-27;15920;1350;0;0;0;537078;159305;4;0;0
FR;2;2021-03-28;10561;138;0;0;0;547639;159443;4;0;0
FR;2;2021-03-29;18993;4316;0;0;0;566632;163759;4;0;0
FR;2;2021-03-30;24585;6074;0;0;0;591217;169833;4;0;0
FR;2;2021-03-31;28561;5912;0;0;0;619778;175745;4;0;0
FR;2;2021-04-01;34549;8545;1;0;0;654327;184290;5;0;0
FR;2;2021-04-02;29981;7696;0;0;0;684308;191986;5;0;0
FR;2;2021-04-03;16955;4045;0;0;0;701263;196031;5;0;0
FR;2;2021-04-04;9306;1157;2;0;0;710569;197188;7;0;0
FR;2;2021-04-05;12445;800;0;0;0;723014;197988;7;0;0
FR;2;2021-04-06;27151;7176;0;0;0;750165;205164;7;0;0
FR;2;2021-04-07;30929;7143;1;0;0;781094;212307;8;0;0
FR;2;2021-04-08;36891;8645;1;0;0;817985;220952;9;0;0
FR;2;2021-04-09;33845;8438;28;0;0;851830;229390;37;0;0
FR;2;2021-04-10;19682;9183;1;0;0;871512;238573;38;0;0
FR;2;2021-04-11;7942;4251;1;0;0;879454;242824;39;0;0
FR;2;2021-04-12;17126;11044;0;0;0;896580;253868;39;0;0
FR;2;2021-04-13;19453;16065;1;0;0;916033;269933;40;0;0
FR;2;2021-04-14;18065;16384;7;0;0;934098;286317;47;0;0
FR;2;2021-04-15;22196;21451;27;0;0;956294;307768;74;0;0
FR;2;2021-04-16;20708;20401;45;0;0;977002;328169;119;0;0
FR;2;2021-04-17;13255;22478;5;0;0;990257;350647;124;0;0
FR;2;2021-04-18;5909;14396;6;0;0;996166;365043;130;0;0
FR;2;2021-04-19;16837;16327;24;0;0;1013003;381370;154;0;0
FR;2;2021-04-20;19325;21653;38;0;0;1032328;403023;192;0;0
FR;2;2021-04-21;20290;21766;76;0;0;1052618;424789;268;0;0
FR;2;2021-04-22;23819;24901;41;0;0;1076437;449690;309;0;0
FR;2;2021-04-23;24525;25395;76;0;0;1100962;475085;385;0;0
FR;2;2021-04-24;25304;15062;104;0;0;1126266;490147;489;0;0
FR;2;2021-04-25;9595;8605;5;0;0;1135861;498752;494;0;0
FR;2;2021-04-26;17162;17429;21;0;0;1153023;516181;515;0;0
FR;2;2021-04-27;19243;24123;40;0;0;1172266;540304;555;0;0
FR;2;2021-04-28;22337;26310;112;0;0;1194603;566614;667;0;0
FR;2;2021-04-29;25471;30298;69;0;0;1220074;596912;736;0;0
FR;2;2021-04-30;25531;27868;49;1;0;1245605;624780;785;1;0
FR;2;2021-05-01;14986;9867;6;0;0;1260591;634647;791;1;0
FR;2;2021-05-02;6639;9172;2;0;0;1267230;643819;793;1;0
FR;2;2021-05-03;20016;19196;40;0;0;1287246;663015;833;1;0
FR;2;2021-05-04;18282;29107;33;0;0;1305528;692122;866;1;0
FR;2;2021-05-05;18374;29423;48;0;0;1323902;721545;914;1;0
FR;2;2021-05-06;23544;35316;131;0;0;1347446;756861;1045;1;0
FR;2;2021-05-07;25330;33218;97;0;0;1372776;790079;1142;1;0
FR;2;2021-05-08;21341;10245;14;0;0;1394117;800324;1156;1;0
FR;2;2021-05-09;13166;7745;7;0;0;1407283;808069;1163;1;0
FR;2;2021-05-10;32939;21930;49;0;0;1440222;829999;1212;1;0
FR;2;2021-05-11;43603;20980;101;0;0;1483825;850979;1313;1;0
FR;2;2021-05-12;50049;19726;143;0;0;1533874;870705;1456;1;0
FR;2;2021-05-13;51293;5675;31;0;0;1585167;876380;1487;1;0
FR;2;2021-05-14;61350;12889;132;0;0;1646517;889269;1619;1;0
FR;2;2021-05-15;65932;7123;39;0;0;1712449;896392;1658;1;0
FR;2;2021-05-16;43586;2572;10;0;0;1756035;898964;1668;1;0
FR;2;2021-05-17;44747;12505;114;0;0;1800782;911469;1782;1;0
FR;2;2021-05-18;54641;12259;191;0;0;1855423;923728;1973;1;0
FR;2;2021-05-19;57176;10552;281;0;0;1912599;934280;2254;1;0
FR;2;2021-05-20;63436;10823;288;0;0;1976035;945103;2542;1;0
FR;2;2021-05-21;64296;11633;230;0;0;2040331;956736;2772;1;0
FR;2;2021-05-22;61482;4515;65;0;0;2101813;961251;2837;1;0
FR;2;2021-05-23;37534;574;22;0;0;2139347;961825;2859;1;0
FR;2;2021-05-24;17241;2039;35;0;0;2156588;963864;2894;1;0
FR;2;2021-05-25;21110;12212;240;0;0;2177698;976076;3134;1;0
FR;2;2021-05-26;19939;11475;229;0;0;2197637;987551;3363;1;0
FR;2;2021-05-27;22997;12658;182;0;0;2220634;1000209;3545;1;0
FR;2;2021-05-28;29391;14993;190;0;0;2250025;1015202;3735;1;0
FR;2;2021-05-29;30420;8188;57;0;0;2280445;1023390;3792;1;0
FR;2;2021-05-30;4647;1815;6;0;0;2285092;1025205;3798;1;0
FR;2;2021-05-31;28590;18730;184;0;0;2313682;1043935;3982;1;0
FR;2;2021-06-01;45723;19948;224;0;0;2359405;1063883;4206;1;0
FR;2;2021-06-02;37474;19237;182;0;0;2396879;1083120;4388;1;0
FR;2;2021-06-03;51278;23218;161;0;0;2448157;1106338;4549;1;0
FR;2;2021-06-04;65512;24057;216;0;0;2513669;1130395;4765;1;0
FR;2;2021-06-05;34598;24064;52;0;0;2548267;1154459;4817;1;0
FR;2;2021-06-06;4956;6194;10;0;0;2553223;1160653;4827;1;0
FR;2;2021-06-07;28174;23024;149;0;0;2581397;1183677;4976;1;0
FR;2;2021-06-08;46375;22912;143;0;0;2627772;1206589;5119;1;0
FR;2;2021-06-09;34290;20948;107;0;0;2662062;1227537;5226;1;0
FR;2;2021-06-10;42639;19122;95;1;0;2704701;1246659;5321;2;0
FR;2;2021-06-11;55299;25171;134;0;0;2760000;1271830;5455;2;0
FR;2;2021-06-12;30561;19777;53;0;0;2790561;1291607;5508;2;0
FR;2;2021-06-13;3330;9189;13;0;0;2793891;1300796;5521;2;0
FR;2;2021-06-14;25300;24134;92;0;0;2819191;1324930;5613;2;0
FR;2;2021-06-15;39043;22838;154;0;0;2858234;1347768;5767;2;0
FR;2;2021-06-16;30162;21397;135;0;0;2888396;1369165;5902;2;0
FR;2;2021-06-17;36910;25826;150;0;0;2925306;1394991;6052;2;0
FR;2;2021-06-18;46856;28846;123;0;0;2972162;1423837;6175;2;0
FR;2;2021-06-19;24525;24900;39;0;0;2996687;1448737;6214;2;0
FR;2;2021-06-20;3741;10064;9;0;0;3000428;1458801;6223;2;0
FR;2;2021-06-21;17528;42841;88;0;0;3017956;1501642;6311;2;0
FR;2;2021-06-22;28360;49568;110;0;0;3046316;1551210;6421;2;0
FR;2;2021-06-23;21788;49584;107;1;1;3068104;1600794;6528;3;1
FR;2;2021-06-24;28376;50278;134;0;0;3096480;1651072;6662;3;1
FR;2;2021-06-25;33400;60425;128;0;0;3129880;1711497;6790;3;1
FR;2;2021-06-26;16386;59293;54;1;0;3146266;1770790;6844;4;1
FR;2;2021-06-27;2566;29313;22;1;0;3148832;1800103;6866;5;1
FR;2;2021-06-28;12640;54327;83;0;0;3161472;1854430;6949;5;1
FR;2;2021-06-29;19850;59935;178;0;0;3181322;1914365;7127;5;1
FR;2;2021-06-30;16329;57977;253;17;0;3197651;1972342;7380;22;1
FR;2;2021-07-01;20491;59873;228;0;0;3218142;2032215;7608;22;1
FR;2;2021-07-02;24073;62145;184;0;0;3242215;2094360;7792;22;1
FR;2;2021-07-03;12116;57106;153;0;0;3254331;2151466;7945;22;1
FR;2;2021-07-04;1959;23303;18;0;0;3256290;2174769;7963;22;1
FR;2;2021-07-05;9177;29350;106;0;0;3265467;2204119;8069;22;1
FR;2;2021-07-06;14580;36228;135;0;0;3280047;2240347;8204;22;1
FR;2;2021-07-07;14413;33663;139;0;0;3294460;2274010;8343;22;1
FR;2;2021-07-08;19719;40311;162;0;0;3314179;2314321;8505;22;1
FR;2;2021-07-09;27099;54302;202;1;0;3341278;2368623;8707;23;1
FR;2;2021-07-10;13386;33690;107;0;0;3354664;2402313;8814;23;1
FR;2;2021-07-11;1808;4359;16;0;0;3356472;2406672;8830;23;1
FR;2;2021-07-12;12967;37298;119;0;0;3369439;2443970;8949;23;1
FR;2;2021-07-13;37114;53179;150;0;0;3406553;2497149;9099;23;1
FR;2;2021-07-14;6623;3549;15;0;0;3413176;2500698;9114;23;1
FR;2;2021-07-15;47240;47025;156;0;0;3460416;2547723;9270;23;1
FR;2;2021-07-16;64312;55797;188;0;0;3524728;2603520;9458;23;1
FR;2;2021-07-17;31598;23923;96;0;0;3556326;2627443;9554;23;1
FR;2;2021-07-18;6088;4845;19;0;0;3562414;2632288;9573;23;1
FR;2;2021-07-19;33000;28644;94;0;0;3595414;2660932;9667;23;1
FR;2;2021-07-20;51997;44533;155;0;0;3647411;2705465;9822;23;1
FR;2;2021-07-21;45250;34705;93;0;0;3692661;2740170;9915;23;1
FR;2;2021-07-22;56279;41091;128;1;0;3748940;2781261;10043;24;1
FR;2;2021-07-23;68289;49006;170;0;0;3817229;2830267;10213;24;1
FR;2;2021-07-24;36174;21594;82;0;0;3853403;2851861;10295;24;1
FR;2;2021-07-25;6749;2627;10;0;0;3860152;2854488;10305;24;1
FR;2;2021-07-26;36312;22407;91;1;0;3896464;2876895;10396;25;1
FR;2;2021-07-27;62384;34594;180;0;0;3958848;2911489;10576;25;1
FR;2;2021-07-28;55315;26431;132;0;0;4014163;2937920;10708;25;1
FR;2;2021-07-29;68472;32803;189;0;0;4082635;2970723;10897;25;1
FR;2;2021-07-30;74457;37795;222;1;0;4157092;3008518;11119;26;1
FR;2;2021-07-31;34769;16201;104;0;0;4191861;3024719;11223;26;1
FR;2;2021-08-01;5412;2269;19;0;0;4197273;3026988;11242;26;1
FR;2;2021-08-02;35879;16190;101;0;0;4233152;3043178;11343;26;1
FR;2;2021-08-03;55981;28282;142;0;0;4289133;3071460;11485;26;1
FR;2;2021-08-04;46630;20848;128;1;0;4335763;3092308;11613;27;1
FR;2;2021-08-05;54632;31580;215;0;0;4390395;3123888;11828;27;1
FR;2;2021-08-06;58094;42395;242;1;0;4448489;3166283;12070;28;1
FR;2;2021-08-07;25145;17616;89;0;0;4473634;3183899;12159;28;1
FR;2;2021-08-08;3837;3656;21;0;0;4477471;3187555;12180;28;1
FR;2;2021-08-09;29308;21081;92;0;0;4506779;3208636;12272;28;1
FR;2;2021-08-10;45001;33486;155;0;0;4551780;3242122;12427;28;1
FR;2;2021-08-11;35272;25169;151;0;0;4587052;3267291;12578;28;1
FR;2;2021-08-12;41902;35712;162;0;0;4628954;3303003;12740;28;1
FR;2;2021-08-13;42597;37206;218;0;0;4671551;3340209;12958;28;1
FR;2;2021-08-14;18515;22196;93;0;0;4690066;3362405;13051;28;1
FR;2;2021-08-15;3849;3805;17;0;0;4693915;3366210;13068;28;1
FR;2;2021-08-16;25090;27156;110;0;0;4719005;3393366;13178;28;1
FR;2;2021-08-17;38257;43436;205;2;0;4757262;3436802;13383;30;1
FR;2;2021-08-18;32250;36370;195;1;1;4789512;3473172;13578;31;2
FR;2;2021-08-19;37434;46566;224;0;0;4826946;3519738;13802;31;2
FR;2;2021-08-20;40564;55618;269;1;0;4867510;3575356;14071;32;2
FR;2;2021-08-21;18120;24318;116;0;0;4885630;3599674;14187;32;2
FR;2;2021-08-22;2906;4324;22;1;1;4888536;3603998;14209;33;3
FR;2;2021-08-23;19248;35158;131;1;0;4907784;3639156;14340;34;3
FR;2;2021-08-24;31946;56045;236;0;0;4939730;3695201;14576;34;3
FR;2;2021-08-25;25933;43460;250;0;0;4965663;3738661;14826;34;3
FR;2;2021-08-26;32360;55816;387;0;0;4998023;3794477;15213;34;3
FR;2;2021-08-27;37001;65648;478;2;0;5035024;3860125;15691;36;3
FR;2;2021-08-28;17821;28516;300;0;0;5052845;3888641;15991;36;3
FR;2;2021-08-29;2654;5023;47;0;0;5055499;3893664;16038;36;3
FR;2;2021-08-30;18414;37738;400;0;758;5073913;3931402;16438;36;761
FR;2;2021-08-31;28076;57505;887;4;1544;5101989;3988907;17325;40;2305
FR;2;2021-09-01;21592;39860;1309;0;2114;5123581;4028767;18634;40;4419
FR;2;2021-09-02;25483;48653;1962;2;3332;5149064;4077420;20596;42;7751
FR;2;2021-09-03;33409;64528;2988;3;4862;5182473;4141948;23584;45;12613
FR;2;2021-09-04;16832;27726;1442;1;2367;5199305;4169674;25026;46;14980
FR;2;2021-09-05;2262;3608;266;0;413;5201567;4173282;25292;46;15393
FR;2;2021-09-06;14041;28716;1769;1;2943;5215608;4201998;27061;47;18336
FR;2;2021-09-07;21106;41093;3020;13;4893;5236714;4243091;30081;60;23229
FR;2;2021-09-08;17245;31932;2734;6;4494;5253959;4275023;32815;66;27723
FR;2;2021-09-09;20977;40476;4433;3;6802;5274936;4315499;37248;69;34525
FR;2;2021-09-10;28203;51233;5285;4;8894;5303139;4366732;42533;73;43419
FR;2;2021-09-11;13655;22420;2404;5;3967;5316794;4389152;44937;78;47386
FR;2;2021-09-12;1824;2779;290;0;511;5318618;4391931;45227;78;47897
FR;2;2021-09-13;11659;21434;2472;4;4022;5330277;4413365;47699;82;51919
FR;2;2021-09-14;18573;32756;5086;13;9056;5348850;4446121;52785;95;60975
FR;2;2021-09-15;14913;28264;5169;3;7768;5363763;4474385;57954;98;68743
FR;2;2021-09-16;16077;32775;6736;12;10522;5379840;4507160;64690;110;79265
FR;2;2021-09-17;20911;47119;8779;10;14594;5400751;4554279;73469;120;93859
FR;2;2021-09-18;9857;20949;3803;6;6036;5410608;4575228;77272;126;99895
FR;2;2021-09-19;1166;2612;396;0;632;5411774;4577840;77668;126;100527
FR;2;2021-09-20;7498;18744;3855;7;6147;5419272;4596584;81523;133;106674
FR;2;2021-09-21;11214;30003;6495;5;10743;5430486;4626587;88018;138;117417
FR;2;2021-09-22;9407;23532;5491;6;8518;5439893;4650119;93509;144;125935
FR;2;2021-09-23;10726;28903;7881;9;12644;5450619;4679022;101390;153;138579
FR;2;2021-09-24;15072;42918;10876;18;17227;5465691;4721940;112266;171;155806
FR;2;2021-09-25;7259;18772;3965;9;6109;5472950;4740712;116231;180;161915
FR;2;2021-09-26;1079;2551;495;0;630;5474029;4743263;116726;180;162545
FR;2;2021-09-27;6313;16419;4285;8;6531;5480342;4759682;121011;188;169076
FR;2;2021-09-28;9238;25546;7768;14;12071;5489580;4785228;128779;202;181147
FR;2;2021-09-29;8081;20206;6067;25;9257;5497661;4805434;134846;227;190404
FR;2;2021-09-30;9864;25823;9506;16;14098;5507525;4831257;144352;243;204502
FR;2;2021-10-01;13974;35716;12916;25;19299;5521499;4866973;157268;268;223801
FR;2;2021-10-02;6874;15905;4847;7;7019;5528373;4882878;162115;275;230820
FR;2;2021-10-03;841;1918;492;1;505;5529214;4884796;162607;276;231325
FR;2;2021-10-04;5823;13899;5515;5;7857;5535037;4898695;168122;281;239182
FR;2;2021-10-05;9053;22547;11121;19;15729;5544090;4921242;179243;300;254911
FR;2;2021-10-06;7783;17750;8241;11;11077;5551873;4938992;187484;311;265988
FR;2;2021-10-07;9201;22200;12381;15;16855;5561074;4961192;199865;326;282843
FR;2;2021-10-08;13429;32084;17348;27;23558;5574503;4993276;217213;353;306401
FR;2;2021-10-09;5999;12853;6042;6;7900;5580502;5006129;223255;359;314301
FR;2;2021-10-10;884;1609;436;2;615;5581386;5007738;223691;361;314916
FR;2;2021-10-11;5606;11572;6455;17;8831;5586992;5019310;230146;378;323747
FR;2;2021-10-12;8032;17785;12544;13;16765;5595024;5037095;242690;391;340512
FR;2;2021-10-13;6942;14851;10253;12;13630;5601966;5051946;252943;403;354142
FR;2;2021-10-14;8311;17934;14994;13;19457;5610277;5069880;267937;416;373599
FR;2;2021-10-15;11852;26308;20903;26;27971;5622129;5096188;288840;442;401570
FR;2;2021-10-16;5139;8737;1819;0;3213;5627268;5104925;290659;442;404783
FR;2;2021-10-17;651;1165;184;0;368;5627919;5106090;290843;442;405151
FR;2;2021-10-18;4562;7375;663;2;1647;5632481;5113465;291506;444;406798
FR;2;2021-10-19;6237;9873;730;5;2045;5638718;5123338;292236;449;408843
FR;2;2021-10-20;5169;8072;758;3;1681;5643887;5131410;292994;452;410524
FR;2;2021-10-21;6090;9968;778;5;2100;5649977;5141378;293772;457;412624
FR;2;2021-10-22;8450;14595;1148;4;2883;5658427;5155973;294920;461;415507
FR;2;2021-10-23;3845;6001;586;0;1232;5662272;5161974;295506;461;416739
FR;2;2021-10-24;494;886;100;0;204;5662766;5162860;295606;461;416943
FR;2;2021-10-25;3357;5354;306;1;828;5666123;5168214;295912;462;417771
FR;2;2021-10-26;4176;7259;1130;4;2018;5670299;5175473;297042;466;419789
FR;2;2021-10-27;3676;6609;1193;5;1995;5673975;5182082;298235;471;421784
FR;2;2021-10-28;4597;7699;1731;3;2749;5678572;5189781;299966;474;424533
FR;2;2021-10-29;5409;11084;2435;4;3672;5683981;5200865;302401;478;428205
FR;2;2021-10-30;2749;4441;975;1;1437;5686730;5205306;303376;479;429642
FR;2;2021-10-31;364;533;139;1;190;5687094;5205839;303515;480;429832
FR;2;2021-11-01;428;550;177;0;264;5687522;5206389;303692;480;430096
FR;2;2021-11-02;3293;6758;1183;0;1761;5690815;5213147;304875;480;431857
FR;2;2021-11-03;3340;6235;1386;2;1965;5694155;5219382;306261;482;433822
FR;2;2021-11-04;3986;7084;1765;4;2491;5698141;5226466;308026;486;436313
FR;2;2021-11-05;5232;10505;2867;5;3953;5703373;5236971;310893;491;440266
FR;2;2021-11-06;2594;4681;1403;0;1814;5705967;5241652;312296;491;442080
FR;2;2021-11-07;505;865;220;0;286;5706472;5242517;312516;491;442366
FR;2;2021-11-08;2578;5358;1202;3;1677;5709050;5247875;313718;494;444043
FR;2;2021-11-09;2750;6925;2399;5;3181;5711800;5254800;316117;499;447224
FR;2;2021-11-10;2588;5692;5109;6;6287;5714388;5260492;321226;505;453511
FR;2;2021-11-11;444;751;743;2;925;5714832;5261243;321969;507;454436
FR;2;2021-11-12;2953;8101;8972;8;10914;5717785;5269344;330941;515;465350
FR;2;2021-11-13;1538;3380;3868;7;4537;5719323;5272724;334809;522;469887
FR;2;2021-11-14;257;593;351;1;485;5719580;5273317;335160;523;470372
FR;2;2021-11-15;1622;3669;4445;9;5330;5721202;5276986;339605;532;475702
FR;2;2021-11-16;2184;5904;8305;14;10072;5723386;5282890;347910;546;485774
FR;2;2021-11-17;1741;4539;6627;8;7844;5725127;5287429;354537;554;493618
FR;2;2021-11-18;2192;5937;9178;11;11012;5727319;5293366;363715;565;504630
FR;2;2021-11-19;2698;7791;12971;19;15475;5730017;5301157;376686;584;520105
FR;2;2021-11-20;1565;3341;5173;5;6083;5731582;5304498;381859;589;526188
FR;2;2021-11-21;247;516;541;0;663;5731829;5305014;382400;589;526851
FR;2;2021-11-22;1278;2598;4479;5;5403;5733107;5307612;386879;594;532254
FR;2;2021-11-23;1617;4299;8197;9;9912;5734724;5311911;395076;603;542166
FR;2;2021-11-24;1418;3767;7473;14;8729;5736142;5315678;402549;617;550895
FR;2;2021-11-25;1812;4886;11467;21;13666;5737954;5320564;414016;638;564561
FR;2;2021-11-26;2540;7759;22667;31;26075;5740494;5328323;436683;669;590636
FR;2;2021-11-27;1497;4161;12270;18;14031;5741991;5332484;448953;687;604667
FR;2;2021-11-28;292;844;1970;3;2296;5742283;5333328;450923;690;606963
FR;2;2021-11-29;1445;4360;15089;23;17257;5743728;5337688;466012;713;624220
FR;2;2021-11-30;1912;6710;26235;36;29985;5745640;5344398;492247;749;654205
FR;2;2021-12-01;1912;6063;26201;31;29526;5747552;5350461;518448;780;683731
FR;2;2021-12-02;1912;6819;37709;52;41955;5749464;5357280;556157;832;725686
FR;2;2021-12-03;2552;10095;53613;111;59356;5752016;5367375;609770;943;785042
FR;2;2021-12-04;1848;6303;37114;38;40806;5753864;5373678;646884;981;825848
FR;2;2021-12-05;458;2253;14258;14;15988;5754322;5375931;661142;995;841836
FR;2;2021-12-06;2485;9887;77708;109;84764;5756807;5385818;738850;1104;926600
FR;2;2021-12-07;3455;15319;122435;238;133742;5760262;5401137;861285;1342;1060342
FR;2;2021-12-08;3724;16020;133191;330;145373;5763986;5417157;994476;1672;1205715
FR;2;2021-12-09;4549;19634;170195;554;185576;5768535;5436791;1164671;2226;1391291
FR;2;2021-12-10;4672;22846;188648;490;206125;5773207;5459637;1353319;2716;1597416
FR;2;2021-12-11;3685;16644;132440;239;144888;5776892;5476281;1485759;2955;1742304
FR;2;2021-12-12;1257;7128;59092;83;65145;5778149;5483409;1544851;3038;1807449
FR;2;2021-12-13;5526;26851;220687;605;242980;5783675;5510260;1765538;3643;2050429
FR;2;2021-12-14;7014;37495;300765;909;332221;5790689;5547755;2066303;4552;2382650
FR;2;2021-12-15;6557;36238;285216;956;315827;5797246;5583993;2351519;5508;2698477
FR;2;2021-12-16;7761;37931;312133;979;343743;5805007;5621924;2663652;6487;3042220
FR;2;2021-12-17;8680;41234;327873;976;360955;5813687;5663158;2991525;7463;3403175
FR;2;2021-12-18;6514;26558;212337;448;233647;5820201;5689716;3203862;7911;3636822
FR;2;2021-12-19;2603;11460;90209;182;100359;5822804;5701176;3294071;8093;3737181
FR;2;2021-12-20;9544;33579;275215;706;303371;5832348;5734755;3569286;8799;4040552
FR;2;2021-12-21;11564;38317;309625;968;341417;5843912;5773072;3878911;9767;4381969
FR;2;2021-12-22;10458;32826;265110;952;292479;5854370;5805898;4144021;10719;4674448
FR;2;2021-12-23;9426;26695;199497;700;221293;5863796;5832593;4343518;11419;4895741
FR;2;2021-12-24;2783;7488;43855;140;49559;5866579;5840081;4387373;11559;4945300
FR;2;2021-12-25;201;687;2002;10;2490;5866780;5840768;4389375;11569;4947790
FR;2;2021-12-26;1319;4209;25156;71;28682;5868099;5844977;4414531;11640;4976472
FR;2;2021-12-27;8077;29927;218407;659;243333;5876176;5874904;4632938;12299;5219805
FR;2;2021-12-28;9838;36324;272086;742;301981;5886014;5911228;4905024;13041;5521786
FR;2;2021-12-29;9497;32272;246129;766;272697;5895511;5943500;5151153;13807;5794483
FR;2;2021-12-30;9462;28104;208824;662;231455;5904973;5971604;5359977;14469;6025938
FR;2;2021-12-31;3010;8352;54989;176;61235;5907983;5979956;5414966;14645;6087173
FR;2;2022-01-01;227;692;2851;7;3348;5908210;5980648;5417817;14652;6090521
FR;2;2022-01-02;1504;4856;29511;75;33400;5909714;5985504;5447328;14727;6123921
FR;2;2022-01-03;9590;35408;266525;806;293895;5919304;6020912;5713853;15533;6417816
FR;2;2022-01-04;12849;45424;342084;1068;377018;5932153;6066336;6055937;16601;6794834
FR;2;2022-01-05;11272;38652;294179;884;323820;5943425;6104988;6350116;17485;7118654
FR;2;2022-01-06;13653;43505;331942;1298;364730;5957078;6148493;6682058;18783;7483384
FR;2;2022-01-07;14224;47630;361090;1270;396432;5971302;6196123;7043148;20053;7879816
FR;2;2022-01-08;7948;28154;201260;515;221706;5979250;6224277;7244408;20568;8101522
FR;2;2022-01-09;2749;8982;62524;137;69514;5981999;6233259;7306932;20705;8171036
FR;2;2022-01-10;10096;31924;232468;857;255045;5992095;6265183;7539400;21562;8426081
FR;2;2022-01-11;11469;36250;265907;1029;290595;6003564;6301433;7805307;22591;8716676
FR;2;2022-01-12;8765;29812;206319;863;226170;6012329;6331245;8011626;23454;8942846
FR;2;2022-01-13;9387;31345;224483;832;244830;6021716;6362590;8236109;24286;9187676
FR;2;2022-01-14;9743;35618;254536;920;277657;6031459;6398208;8490645;25206;9465333
FR;2;2022-01-15;5357;19453;140779;363;153638;6036816;6417661;8631424;25569;9618971
FR;2;2022-01-16;1512;5489;35882;81;39830;6038328;6423150;8667306;25650;9658801
FR;2;2022-01-17;5546;19280;135410;601;147254;6043874;6442430;8802716;26251;9806055
FR;2;2022-01-18;6420;21513;148626;648;160469;6050294;6463943;8951342;26899;9966524
FR;2;2022-01-19;4393;16332;105094;551;113701;6054687;6480275;9056436;27450;10080225
FR;2;2022-01-20;4870;17596;115291;603;123690;6059557;6497871;9171727;28053;10203915
FR;2;2022-01-21;5197;20063;137341;679;147761;6064754;6517934;9309068;28732;10351676
FR;2;2022-01-22;3030;10956;74262;260;80328;6067784;6528890;9383330;28992;10432004
FR;2;2022-01-23;724;2720;15241;41;16832;6068508;6531610;9398571;29033;10448836
FR;2;2022-01-24;3290;12824;75075;430;81035;6071798;6544434;9473646;29463;10529871
FR;2;2022-01-25;3574;14426;79623;496;85454;6075372;6558860;9553269;29959;10615325
FR;2;2022-01-26;2515;10690;58974;363;63016;6077887;6569550;9612243;30322;10678341
FR;2;2022-01-27;2680;11335;64177;388;67925;6080567;6580885;9676420;30710;10746266
FR;2;2022-01-28;3550;18319;91715;429;98931;6084117;6599204;9768135;31139;10845197
FR;2;2022-01-29;1895;9242;48850;164;52931;6086012;6608446;9816985;31303;10898128
FR;2;2022-01-30;464;2230;9454;38;10603;6086476;6610676;9826439;31341;10908731
FR;2;2022-01-31;1888;9575;43830;208;47338;6088364;6620251;9870269;31549;10956069
FR;2;2022-02-01;1916;10047;47029;279;50107;6090280;6630298;9917298;31828;11006176
FR;2;2022-02-02;1613;9009;41110;250;44162;6091893;6639307;9958408;32078;11050338
FR;2;2022-02-03;1724;8948;40521;205;42923;6093617;6648255;9998929;32283;11093261
FR;2;2022-02-04;2152;15201;66641;299;71342;6095769;6663456;10065570;32582;11164603
FR;2;2022-02-05;1360;8523;35943;132;39228;6097129;6671979;10101513;32714;11203831
FR;2;2022-02-06;275;1770;6125;16;6899;6097404;6673749;10107638;32730;11210730
FR;2;2022-02-07;1351;9575;37753;134;41300;6098755;6683324;10145391;32864;11252030
FR;2;2022-02-08;1300;9831;40951;173;43744;6100055;6693155;10186342;33037;11295774
FR;2;2022-02-09;1160;8834;37039;174;40461;6101215;6701989;10223381;33211;11336235
FR;2;2022-02-10;1027;7995;33835;204;36507;6102242;6709984;10257216;33415;11372742
FR;2;2022-02-11;1391;12083;53342;223;57693;6103633;6722067;10310558;33638;11430435
FR;2;2022-02-12;752;6533;27985;83;30804;6104385;6728600;10338543;33721;11461239
FR;2;2022-02-13;200;1340;4833;20;5574;6104585;6729940;10343376;33741;11466813
FR;2;2022-02-14;834;6728;30270;90;33229;6105419;6736668;10373646;33831;11500042
FR;2;2022-02-15;773;6469;28047;141;29991;6106192;6743137;10401693;33972;11530033
FR;2;2022-02-16;656;5361;22062;123;23627;6106848;6748498;10423755;34095;11553660
FR;2;2022-02-17;518;3779;14148;98;14615;6107366;6752277;10437903;34193;11568275
FR;2;2022-02-18;723;5367;20439;134;21128;6108089;6757644;10458342;34327;11589403
FR;2;2022-02-19;430;3054;10529;66;11244;6108519;6760698;10468871;34393;11600647
FR;2;2022-02-20;102;515;1459;3;1606;6108621;6761213;10470330;34396;11602253
FR;2;2022-02-21;422;2684;9122;65;9499;6109043;6763897;10479452;34461;11611752
FR;2;2022-02-22;390;2567;8892;76;8794;6109433;6766464;10488344;34537;11620546
FR;2;2022-02-23;431;2603;8990;82;9267;6109864;6769067;10497334;34619;11629813
FR;2;2022-02-24;314;2035;6800;81;6828;6110178;6771102;10504134;34700;11636641
FR;2;2022-02-25;457;3205;11417;108;11282;6110635;6774307;10515551;34808;11647923
FR;2;2022-02-26;296;1892;6034;49;6341;6110931;6776199;10521585;34857;11654264
FR;2;2022-02-27;76;313;907;5;950;6111007;6776512;10522492;34862;11655214
FR;2;2022-02-28;330;1688;5523;53;5531;6111337;6778200;10528015;34915;11660745
FR;2;2022-03-01;277;1562;5477;45;5194;6111614;6779762;10533492;34960;11665939
FR;2;2022-03-02;298;1442;5245;45;5089;6111912;6781204;10538737;35005;11671028
FR;2;2022-03-03;225;1111;3708;42;3485;6112137;6782315;10542445;35047;11674513
FR;2;2022-03-04;243;1468;4857;74;4505;6112380;6783783;10547302;35121;11679018
FR;2;2022-03-05;174;904;2979;32;2723;6112554;6784687;10550281;35153;11681741
FR;2;2022-03-06;42;182;279;5;319;6112596;6784869;10550560;35158;11682060
FR;2;2022-03-07;156;658;1986;70;1776;6112752;6785527;10552546;35228;11683836
FR;2;2022-03-08;144;665;2272;51;1905;6112896;6786192;10554818;35279;11685741
FR;2;2022-03-09;154;707;2346;37;2047;6113050;6786899;10557164;35316;11687788
FR;2;2022-03-10;123;603;1692;35;1467;6113173;6787502;10558856;35351;11689255
FR;2;2022-03-11;171;756;2767;57;2366;6113344;6788258;10561623;35408;11691621
FR;2;2022-03-12;149;484;1785;27;1554;6113493;6788742;10563408;35435;11693175
FR;2;2022-03-13;25;75;202;29;203;6113518;6788817;10563610;35464;11693378
FR;2;2022-03-14;128;470;1566;529;1296;6113646;6789287;10565176;35993;11694674
FR;2;2022-03-15;138;438;1711;689;1330;6113784;6789725;10566887;36682;11696004
FR;2;2022-03-16;141;475;2013;1614;1593;6113925;6790200;10568900;38296;11697597
FR;2;2022-03-17;93;413;1408;1193;1144;6114018;6790613;10570308;39489;11698741
FR;2;2022-03-18;145;494;2019;1792;1662;6114163;6791107;10572327;41281;11700403
FR;2;2022-03-19;108;321;1210;940;1015;6114271;6791428;10573537;42221;11701418
FR;2;2022-03-20;13;77;191;59;168;6114284;6791505;10573728;42280;11701586
FR;2;2022-03-21;96;306;1213;1483;1076;6114380;6791811;10574941;43763;11702662
FR;2;2022-03-22;117;388;1530;1829;1291;6114497;6792199;10576471;45592;11703953
FR;2;2022-03-23;139;361;1670;3031;1466;6114636;6792560;10578141;48623;11705419
FR;2;2022-03-24;116;293;1183;1547;1000;6114752;6792853;10579324;50170;11706419
FR;2;2022-03-25;119;361;1804;2449;1474;6114871;6793214;10581128;52619;11707893
FR;2;2022-03-26;77;247;1203;1222;952;6114948;6793461;10582331;53841;11708845
FR;2;2022-03-27;19;36;153;100;132;6114967;6793497;10582484;53941;11708977
FR;2;2022-03-28;94;287;1136;1601;995;6115061;6793784;10583620;55542;11709972
FR;2;2022-03-29;108;258;1324;2465;1104;6115169;6794042;10584944;58007;11711076
FR;2;2022-03-30;91;312;1487;3183;1319;6115260;6794354;10586431;61190;11712395
FR;2;2022-03-31;104;284;1275;2329;1089;6115364;6794638;10587706;63519;11713484
FR;2;2022-04-01;122;323;1567;2347;1322;6115486;6794961;10589273;65866;11714806
FR;2;2022-04-02;72;161;845;891;737;6115558;6795122;10590118;66757;11715543
FR;2;2022-04-03;16;53;128;113;142;6115574;6795175;10590246;66870;11715685
FR;2;2022-04-04;110;237;986;1438;795;6115684;6795412;10591232;68308;11716480
FR;2;2022-04-05;143;291;1314;2886;1141;6115827;6795703;10592546;71194;11717621
FR;2;2022-04-06;89;253;1304;2520;1127;6115916;6795956;10593850;73714;11718748
FR;2;2022-04-07;120;218;1300;2682;1040;6116036;6796174;10595150;76396;11719788
FR;2;2022-04-08;125;335;1629;3267;1323;6116161;6796509;10596779;79663;11721111
FR;2;2022-04-09;90;219;899;1045;731;6116251;6796728;10597678;80708;11721842
FR;2;2022-04-10;37;48;143;162;119;6116288;6796776;10597821;80870;11721961
FR;2;2022-04-11;88;192;886;1531;776;6116376;6796968;10598707;82401;11722737
FR;2;2022-04-12;176;268;1179;2737;1058;6116552;6797236;10599886;85138;11723795
FR;2;2022-04-13;146;230;1124;2453;986;6116698;6797466;10601010;87591;11724781
FR;2;2022-04-14;114;221;1085;2673;917;6116812;6797687;10602095;90264;11725698
FR;2;2022-04-15;113;245;1212;2284;1067;6116925;6797932;10603307;92548;11726765
FR;2;2022-04-16;67;108;548;549;459;6116992;6798040;10603855;93097;11727224
FR;2;2022-04-17;15;26;57;53;53;6117007;6798066;10603912;93150;11727277
FR;2;2022-04-18;12;35;120;70;115;6117019;6798101;10604032;93220;11727392
FR;2;2022-04-19;112;237;1116;1707;948;6117131;6798338;10605148;94927;11728340
FR;2;2022-04-20;95;240;1105;2156;931;6117226;6798578;10606253;97083;11729271
FR;2;2022-04-21;111;231;981;1910;837;6117337;6798809;10607234;98993;11730108
FR;2;2022-04-22;98;272;1241;2086;1023;6117435;6799081;10608475;101079;11731131
FR;2;2022-04-23;67;156;644;762;573;6117502;6799237;10609119;101841;11731704
FR;2;2022-04-24;12;29;101;68;79;6117514;6799266;10609220;101909;11731783
FR;2;2022-04-25;103;203;820;1314;709;6117617;6799469;10610040;103223;11732492
FR;2;2022-04-26;108;183;1040;1999;878;6117725;6799652;10611080;105222;11733370
FR;2;2022-04-27;97;177;860;1783;763;6117822;6799829;10611940;107005;11734133
FR;2;2022-04-28;91;214;948;1913;842;6117913;6800043;10612888;108918;11734975
FR;2;2022-04-29;81;280;1129;1691;1039;6117994;6800323;10614017;110609;11736014
FR;2;2022-04-30;65;126;470;538;429;6118059;6800449;10614487;111147;11736443
FR;2;2022-05-01;22;24;84;48;85;6118081;6800473;10614571;111195;11736528
FR;2;2022-05-02;115;226;762;1206;660;6118196;6800699;10615333;112401;11737188
FR;2;2022-05-03;148;228;998;1767;937;6118344;6800927;10616331;114168;11738125
FR;2;2022-05-04;90;222;923;1809;866;6118434;6801149;10617254;115977;11738991
FR;2;2022-05-05;126;195;851;1697;768;6118560;6801344;10618105;117674;11739759
FR;2;2022-05-06;133;245;1098;1848;1012;6118693;6801589;10619203;119522;11740771
FR;2;2022-05-07;40;98;470;504;406;6118733;6801687;10619673;120026;11741177
FR;2;2022-05-08;45;53;106;70;100;6118778;6801740;10619779;120096;11741277
FR;2;2022-05-09;101;174;654;984;604;6118879;6801914;10620433;121080;11741881
FR;2;2022-05-10;120;247;938;1830;893;6118999;6802161;10621371;122910;11742774
FR;2;2022-05-11;100;172;810;1871;790;6119099;6802333;10622181;124781;11743564
FR;2;2022-05-12;111;171;843;2093;801;6119210;6802504;10623024;126874;11744365
FR;2;2022-05-13;100;232;967;2090;896;6119310;6802736;10623991;128964;11745261
FR;2;2022-05-14;76;117;451;554;409;6119386;6802853;10624442;129518;11745670
FR;2;2022-05-15;24;39;93;87;107;6119410;6802892;10624535;129605;11745777
FR;2;2022-05-16;103;170;599;923;537;6119513;6803062;10625134;130528;11746314
FR;2;2022-05-17;95;184;689;1685;657;6119608;6803246;10625823;132213;11746971
FR;2;2022-05-18;80;180;640;1422;645;6119688;6803426;10626463;133635;11747616
FR;2;2022-05-19;69;160;708;1825;750;6119757;6803586;10627171;135460;11748366
FR;2;2022-05-20;107;178;872;1699;777;6119864;6803764;10628043;137159;11749143
FR;2;2022-05-21;48;96;397;517;338;6119912;6803860;10628440;137676;11749481
FR;2;2022-05-22;8;23;69;37;57;6119920;6803883;10628509;137713;11749538
FR;2;2022-05-23;85;132;498;930;469;6120005;6804015;10629007;138643;11750007
FR;2;2022-05-24;87;161;625;1611;613;6120092;6804176;10629632;140254;11750620
FR;2;2022-05-25;71;143;538;1145;491;6120163;6804319;10630170;141399;11751111
FR;2;2022-05-26;9;31;77;42;85;6120172;6804350;10630247;141441;11751196
FR;2;2022-05-27;45;122;456;817;438;6120217;6804472;10630703;142258;11751634
FR;2;2022-05-28;28;60;221;243;221;6120245;6804532;10630924;142501;11751855
FR;2;2022-05-29;13;34;43;25;51;6120258;6804566;10630967;142526;11751906
FR;2;2022-05-30;65;108;418;720;404;6120323;6804674;10631385;143246;11752310
FR;2;2022-05-31;76;133;563;1276;510;6120399;6804807;10631948;144522;11752820
FR;2;2022-06-01;59;153;559;1074;538;6120458;6804960;10632507;145596;11753358
FR;2;2022-06-02;92;171;624;1400;589;6120550;6805131;10633131;146996;11753947
FR;2;2022-06-03;70;155;666;1604;593;6120620;6805286;10633797;148600;11754540
FR;2;2022-06-04;68;92;281;433;267;6120688;6805378;10634078;149033;11754807
FR;2;2022-06-05;12;17;62;57;47;6120700;6805395;10634140;149090;11754854
FR;2;2022-06-06;11;30;92;75;92;6120711;6805425;10634232;149165;11754946
FR;2;2022-06-07;98;218;664;1531;576;6120809;6805643;10634896;150696;11755522
FR;2;2022-06-08;70;118;475;1165;411;6120879;6805761;10635371;151861;11755933
FR;2;2022-06-09;93;164;611;1921;568;6120972;6805925;10635982;153782;11756501
FR;2;2022-06-10;87;166;650;1682;621;6121059;6806091;10636632;155464;11757122
FR;2;2022-06-11;42;83;286;528;258;6121101;6806174;10636918;155992;11757380
FR;2;2022-06-12;18;38;58;78;60;6121119;6806212;10636976;156070;11757440
FR;2;2022-06-13;39;118;390;948;375;6121158;6806330;10637366;157018;11757815
FR;2;2022-06-14;65;154;599;2086;536;6121223;6806484;10637965;159104;11758351
FR;2;2022-06-15;76;104;520;1500;444;6121299;6806588;10638485;160604;11758795
FR;2;2022-06-16;127;127;494;1411;421;6121426;6806715;10638979;162015;11759216
FR;2;2022-06-17;72;134;586;1815;513;6121498;6806849;10639565;163830;11759729
FR;2;2022-06-18;75;92;224;578;196;6121573;6806941;10639789;164408;11759925
FR;2;2022-06-19;11;14;53;71;41;6121584;6806955;10639842;164479;11759966
FR;2;2022-06-20;62;124;401;1027;392;6121646;6807079;10640243;165506;11760358
FR;2;2022-06-21;107;115;524;2122;453;6121753;6807194;10640767;167628;11760811
FR;2;2022-06-22;39;106;461;1889;414;6121792;6807300;10641228;169517;11761225
FR;2;2022-06-23;56;108;536;2281;451;6121848;6807408;10641764;171798;11761676
FR;2;2022-06-24;66;122;708;3198;570;6121914;6807530;10642472;174996;11762246
FR;2;2022-06-25;30;90;295;986;251;6121944;6807620;10642767;175982;11762497
FR;2;2022-06-26;30;27;131;194;97;6121974;6807647;10642898;176176;11762594
FR;2;2022-06-27;79;136;580;2472;481;6122053;6807783;10643478;178648;11763075
FR;2;2022-06-28;110;138;812;4814;650;6122163;6807921;10644290;183462;11763725
FR;2;2022-06-29;71;149;775;4387;636;6122234;6808070;10645065;187849;11764361
FR;2;2022-06-30;72;133;832;5176;618;6122306;6808203;10645897;193025;11764979
FR;2;2022-07-01;110;156;1147;6691;845;6122416;6808359;10647044;199716;11765824
FR;2;2022-07-02;65;131;472;1973;391;6122481;6808490;10647516;201689;11766215
FR;2;2022-07-03;23;30;144;334;128;6122504;6808520;10647660;202023;11766343
FR;2;2022-07-04;119;176;776;3773;610;6122623;6808696;10648436;205796;11766953
FR;2;2022-07-05;116;184;1119;6810;825;6122739;6808880;10649555;212606;11767778
FR;2;2022-07-06;92;147;947;5800;693;6122831;6809027;10650502;218406;11768471
FR;2;2022-07-07;80;184;1020;6495;748;6122911;6809211;10651522;224901;11769219
FR;2;2022-07-08;64;122;1092;7031;754;6122975;6809333;10652614;231932;11769973
FR;2;2022-07-09;34;61;417;1869;298;6123009;6809394;10653031;233801;11770271
FR;2;2022-07-10;6;17;96;313;82;6123015;6809411;10653127;234114;11770353
FR;2;2022-07-11;68;119;681;3814;539;6123083;6809530;10653808;237928;11770892
FR;2;2022-07-12;99;178;1051;6505;807;6123182;6809708;10654859;244433;11771699
FR;2;2022-07-13;63;125;879;4651;585;6123245;6809833;10655738;249084;11772284
FR;2;2022-07-14;6;12;86;247;56;6123251;6809845;10655824;249331;11772340
FR;2;2022-07-15;60;126;739;3785;559;6123311;6809971;10656563;253116;11772899
FR;2;2022-07-16;27;53;287;1029;240;6123338;6810024;10656850;254145;11773139
FR;2;2022-07-17;5;12;77;201;66;6123343;6810036;10656927;254346;11773205
FR;2;2022-07-18;56;103;514;2507;384;6123399;6810139;10657441;256853;11773589
FR;2;2022-07-19;66;132;768;4247;554;6123465;6810271;10658209;261100;11774143
FR;2;2022-07-20;57;118;578;3177;429;6123522;6810389;10658787;264277;11774572
FR;2;2022-07-21;60;108;669;3677;484;6123582;6810497;10659456;267954;11775056
FR;2;2022-07-22;51;97;695;3518;502;6123633;6810594;10660151;271472;11775558
FR;2;2022-07-23;39;95;290;1168;228;6123672;6810689;10660441;272640;11775786
FR;2;2022-07-24;14;23;68;201;67;6123686;6810712;10660509;272841;11775853
FR;2;2022-07-25;49;69;401;1923;296;6123735;6810781;10660910;274764;11776149
FR;2;2022-07-26;59;133;602;3418;474;6123794;6810914;10661512;278182;11776623
FR;2;2022-07-27;42;81;454;2777;358;6123836;6810995;10661966;280959;11776981
FR;2;2022-07-28;29;75;446;2424;354;6123865;6811070;10662412;283383;11777335
FR;2;2022-07-29;66;87;531;2854;344;6123931;6811157;10662943;286237;11777679
FR;2;2022-07-30;21;35;162;774;110;6123952;6811192;10663105;287011;11777789
FR;2;2022-07-31;6;12;27;104;21;6123958;6811204;10663132;287115;11777810
FR;2;2022-08-01;35;98;312;1260;248;6123993;6811302;10663444;288375;11778058
FR;2;2022-08-02;49;73;323;2051;245;6124042;6811375;10663767;290426;11778303
FR;2;2022-08-03;28;52;251;1610;184;6124070;6811427;10664018;292036;11778487
FR;2;2022-08-04;39;63;299;1684;235;6124109;6811490;10664317;293720;11778722
FR;2;2022-08-05;31;91;319;1878;228;6124140;6811581;10664636;295598;11778950
FR;2;2022-08-06;21;40;105;365;81;6124161;6811621;10664741;295963;11779031
FR;2;2022-08-07;6;7;14;69;16;6124167;6811628;10664755;296032;11779047
FR;2;2022-08-08;15;33;212;874;139;6124182;6811661;10664967;296906;11779186
FR;2;2022-08-09;26;51;276;1471;237;6124208;6811712;10665243;298377;11779423
FR;2;2022-08-10;15;21;208;1122;145;6124223;6811733;10665451;299499;11779568
FR;2;2022-08-11;20;41;169;1021;114;6124243;6811774;10665620;300520;11779682
FR;2;2022-08-12;36;44;176;1025;134;6124279;6811818;10665796;301545;11779816
FR;2;2022-08-13;8;16;40;147;45;6124287;6811834;10665836;301692;11779861
FR;2;2022-08-14;1;2;12;51;11;6124288;6811836;10665848;301743;11779872
FR;2;2022-08-15;0;3;16;22;10;6124288;6811839;10665864;301765;11779882
FR;2;2022-08-16;24;30;139;672;115;6124312;6811869;10666003;302437;11779997
FR;2;2022-08-17;16;26;106;738;86;6124328;6811895;10666109;303175;11780083
FR;2;2022-08-18;13;28;151;830;101;6124341;6811923;10666260;304005;11780184
FR;2;2022-08-19;8;38;111;693;81;6124349;6811961;10666371;304698;11780265
FR;2;2022-08-20;6;24;47;192;38;6124355;6811985;10666418;304890;11780303
FR;2;2022-08-21;4;14;15;19;13;6124359;6811999;10666433;304909;11780316
FR;2;2022-08-22;10;23;106;385;60;6124369;6812022;10666539;305294;11780376
FR;2;2022-08-23;11;40;132;662;111;6124380;6812062;10666671;305956;11780487
FR;2;2022-08-24;9;22;76;445;67;6124389;6812084;10666747;306401;11780554
FR;2;2022-08-25;3;25;101;471;60;6124392;6812109;10666848;306872;11780614
FR;2;2022-08-26;12;42;111;714;86;6124404;6812151;10666959;307586;11780700
FR;2;2022-08-27;9;12;42;155;38;6124413;6812163;10667001;307741;11780738
FR;2;2022-08-28;0;4;5;14;6;6124413;6812167;10667006;307755;11780744
FR;3;2020-12-27;0;0;0;0;0;0;0;0;0;0
FR;3;2020-12-28;0;0;0;0;0;0;0;0;0;0
FR;3;2020-12-29;0;0;0;0;0;0;0;0;0;0
FR;3;2020-12-30;0;0;0;0;0;0;0;0;0;0
FR;3;2020-12-31;0;0;0;0;0;0;0;0;0;0
FR;3;2021-01-01;0;0;0;0;0;0;0;0;0;0
FR;3;2021-01-02;0;0;0;0;0;0;0;0;0;0
FR;3;2021-01-03;0;0;0;0;0;0;0;0;0;0
FR;3;2021-01-04;0;0;0;0;0;0;0;0;0;0
FR;3;2021-01-05;0;0;0;0;0;0;0;0;0;0
FR;3;2021-01-06;0;0;0;0;0;0;0;0;0;0
FR;3;2021-01-07;0;0;0;0;0;0;0;0;0;0
FR;3;2021-01-08;0;0;0;0;0;0;0;0;0;0
FR;3;2021-01-09;0;0;0;0;0;0;0;0;0;0
FR;3;2021-01-10;0;0;0;0;0;0;0;0;0;0
FR;3;2021-01-11;0;0;0;0;0;0;0;0;0;0
FR;3;2021-01-12;0;0;0;0;0;0;0;0;0;0
FR;3;2021-01-13;0;0;0;0;0;0;0;0;0;0
FR;3;2021-01-14;0;0;0;0;0;0;0;0;0;0
FR;3;2021-01-15;0;0;0;0;0;0;0;0;0;0
FR;3;2021-01-16;0;0;0;0;0;0;0;0;0;0
FR;3;2021-01-17;0;0;0;0;0;0;0;0;0;0
FR;3;2021-01-18;0;0;0;0;0;0;0;0;0;0
FR;3;2021-01-19;0;0;0;0;0;0;0;0;0;0
FR;3;2021-01-20;0;0;0;0;0;0;0;0;0;0
FR;3;2021-01-21;0;0;0;0;0;0;0;0;0;0
FR;3;2021-01-22;0;0;0;0;0;0;0;0;0;0
FR;3;2021-01-23;0;0;0;0;0;0;0;0;0;0
FR;3;2021-01-24;0;0;0;0;0;0;0;0;0;0
FR;3;2021-01-25;0;0;0;0;0;0;0;0;0;0
FR;3;2021-01-26;0;0;0;0;0;0;0;0;0;0
FR;3;2021-01-27;0;0;0;0;0;0;0;0;0;0
FR;3;2021-01-28;0;0;0;0;0;0;0;0;0;0
FR;3;2021-01-29;0;0;0;0;0;0;0;0;0;0
FR;3;2021-01-30;0;0;0;0;0;0;0;0;0;0
FR;3;2021-01-31;0;0;0;0;0;0;0;0;0;0
FR;3;2021-02-01;0;0;0;0;0;0;0;0;0;0
FR;3;2021-02-02;0;0;0;0;0;0;0;0;0;0
FR;3;2021-02-03;0;0;0;0;0;0;0;0;0;0
FR;3;2021-02-04;0;0;0;0;0;0;0;0;0;0
FR;3;2021-02-05;0;0;0;0;0;0;0;0;0;0
FR;3;2021-02-06;1573;0;0;0;0;1573;0;0;0;0
FR;3;2021-02-07;1423;1;0;0;0;2996;1;0;0;0
FR;3;2021-02-08;2786;1;0;0;0;5782;2;0;0;0
FR;3;2021-02-09;6782;0;0;0;0;12564;2;0;0;0
FR;3;2021-02-10;9609;0;0;0;0;22173;2;0;0;0
FR;3;2021-02-11;13618;1;0;0;0;35791;3;0;0;0
FR;3;2021-02-12;13404;0;0;0;0;49195;3;0;0;0
FR;3;2021-02-13;3796;1;0;0;0;52991;4;0;0;0
FR;3;2021-02-14;974;0;0;0;0;53965;4;0;0;0
FR;3;2021-02-15;10491;1;0;0;0;64456;5;0;0;0
FR;3;2021-02-16;12550;4;0;0;0;77006;9;0;0;0
FR;3;2021-02-17;11155;1;0;0;0;88161;10;0;0;0
FR;3;2021-02-18;14942;2;0;0;0;103103;12;0;0;0
FR;3;2021-02-19;14362;1;0;0;0;117465;13;0;0;0
FR;3;2021-02-20;3330;0;0;0;0;120795;13;0;0;0
FR;3;2021-02-21;618;0;0;0;0;121413;13;0;0;0
FR;3;2021-02-22;9166;0;0;0;0;130579;13;0;0;0
FR;3;2021-02-23;11398;3;0;0;0;141977;16;0;0;0
FR;3;2021-02-24;14305;1;0;0;0;156282;17;0;0;0
FR;3;2021-02-25;44931;3;0;0;0;201213;20;0;0;0
FR;3;2021-02-26;61888;7;0;0;0;263101;27;0;0;0
FR;3;2021-02-27;34804;11;0;0;0;297905;38;0;0;0
FR;3;2021-02-28;2463;0;0;0;0;300368;38;0;0;0
FR;3;2021-03-01;20516;14;0;0;0;320884;52;0;0;0
FR;3;2021-03-02;38869;21;0;0;0;359753;73;0;0;0
FR;3;2021-03-03;48742;16;0;0;0;408495;89;0;0;0
FR;3;2021-03-04;82222;22;0;0;0;490717;111;0;0;0
FR;3;2021-03-05;118127;43;0;0;0;608844;154;0;0;0
FR;3;2021-03-06;120716;63;1;0;0;729560;217;1;0;0
FR;3;2021-03-07;55180;25;0;0;0;784740;242;1;0;0
FR;3;2021-03-08;42812;25;0;0;0;827552;267;1;0;0
FR;3;2021-03-09;78972;50;0;0;0;906524;317;1;0;0
FR;3;2021-03-10;80978;55;0;0;0;987502;372;1;0;0
FR;3;2021-03-11;128438;60;0;0;0;1115940;432;1;0;0
FR;3;2021-03-12;182722;105;0;0;0;1298662;537;1;0;0
FR;3;2021-03-13;132154;76;0;0;0;1430816;613;1;0;0
FR;3;2021-03-14;14056;5;0;0;0;1444872;618;1;0;0
FR;3;2021-03-15;52236;65;0;0;0;1497108;683;1;0;0
FR;3;2021-03-16;1215;44;0;0;0;1498323;727;1;0;0
FR;3;2021-03-17;946;45;0;0;0;1499269;772;1;0;0
FR;3;2021-03-18;1571;29;0;0;0;1500840;801;1;0;0
FR;3;2021-03-19;70454;50;0;0;0;1571294;851;1;0;0
FR;3;2021-03-20;65235;45;0;0;0;1636529;896;1;0;0
FR;3;2021-03-21;5759;8;0;0;0;1642288;904;1;0;0
FR;3;2021-03-22;37505;44;0;0;0;1679793;948;1;0;0
FR;3;2021-03-23;84658;76;0;0;0;1764451;1024;1;0;0
FR;3;2021-03-24;90946;96;0;0;0;1855397;1120;1;0;0
FR;3;2021-03-25;150061;135;0;0;0;2005458;1255;1;0;0
FR;3;2021-03-26;165427;155;0;0;0;2170885;1410;1;0;0
FR;3;2021-03-27;68458;100;0;0;0;2239343;1510;1;0;0
FR;3;2021-03-28;6475;21;0;0;0;2245818;1531;1;0;0
FR;3;2021-03-29;54164;74;0;0;0;2299982;1605;1;0;0
FR;3;2021-03-30;93174;101;0;0;0;2393156;1706;1;0;0
FR;3;2021-03-31;63538;103;0;0;0;2456694;1809;1;0;0
FR;3;2021-04-01;86131;111;0;0;0;2542825;1920;1;0;0
FR;3;2021-04-02;86904;175;0;0;0;2629729;2095;1;0;0
FR;3;2021-04-03;35875;128;0;0;0;2665604;2223;1;0;0
FR;3;2021-04-04;3573;19;0;0;0;2669177;2242;1;0;0
FR;3;2021-04-05;4491;35;0;0;0;2673668;2277;1;0;0
FR;3;2021-04-06;29754;96;0;0;0;2703422;2373;1;0;0
FR;3;2021-04-07;32342;93;0;0;0;2735764;2466;1;0;0
FR;3;2021-04-08;78819;251;0;0;0;2814583;2717;1;0;0
FR;3;2021-04-09;161753;431;0;0;0;2976336;3148;1;0;0
FR;3;2021-04-10;75760;352;0;0;0;3052096;3500;1;0;0
FR;3;2021-04-11;7311;46;0;0;0;3059407;3546;1;0;0
FR;3;2021-04-12;51478;216;0;0;0;3110885;3762;1;0;0
FR;3;2021-04-13;86231;342;0;0;0;3197116;4104;1;0;0
FR;3;2021-04-14;67841;357;0;0;0;3264957;4461;1;0;0
FR;3;2021-04-15;93232;386;0;0;0;3358189;4847;1;0;0
FR;3;2021-04-16;112520;599;0;0;0;3470709;5446;1;0;0
FR;3;2021-04-17;53317;338;1;0;0;3524026;5784;2;0;0
FR;3;2021-04-18;9747;43;0;0;0;3533773;5827;2;0;0
FR;3;2021-04-19;25108;261;0;0;0;3558881;6088;2;0;0
FR;3;2021-04-20;45673;413;0;0;0;3604554;6501;2;0;0
FR;3;2021-04-21;38978;494;0;0;0;3643532;6995;2;0;0
FR;3;2021-04-22;54709;822;0;0;0;3698241;7817;2;0;0
FR;3;2021-04-23;70489;1045;0;0;0;3768730;8862;2;0;0
FR;3;2021-04-24;37245;1053;0;0;0;3805975;9915;2;0;0
FR;3;2021-04-25;6211;152;0;0;0;3812186;10067;2;0;0
FR;3;2021-04-26;19787;678;0;0;0;3831973;10745;2;0;0
FR;3;2021-04-27;34481;1288;0;0;0;3866454;12033;2;0;0
FR;3;2021-04-28;28968;1985;0;0;0;3895422;14018;2;0;0
FR;3;2021-04-29;45382;6036;0;0;0;3940804;20054;2;0;0
FR;3;2021-04-30;55462;9005;1;0;0;3996266;29059;3;0;0
FR;3;2021-05-01;9514;2025;0;0;0;4005780;31084;3;0;0
FR;3;2021-05-02;3075;478;0;0;0;4008855;31562;3;0;0
FR;3;2021-05-03;13062;3900;0;0;0;4021917;35462;3;0;0
FR;3;2021-05-04;23113;8455;0;0;0;4045030;43917;3;0;0
FR;3;2021-05-05;18759;10713;0;0;0;4063789;54630;3;0;0
FR;3;2021-05-06;34628;21072;0;0;0;4098417;75702;3;0;0
FR;3;2021-05-07;44202;28658;0;0;0;4142619;104360;3;0;0
FR;3;2021-05-08;6785;9164;0;0;0;4149404;113524;3;0;0
FR;3;2021-05-09;1795;2655;0;0;0;4151199;116179;3;0;0
FR;3;2021-05-10;14996;12791;0;0;0;4166195;128970;3;0;0
FR;3;2021-05-11;27096;26045;0;0;0;4193291;155015;3;0;0
FR;3;2021-05-12;17269;27846;0;0;0;4210560;182861;3;0;0
FR;3;2021-05-13;2281;3495;0;0;0;4212841;186356;3;0;0
FR;3;2021-05-14;14518;25966;0;0;0;4227359;212322;3;0;0
FR;3;2021-05-15;7234;20942;0;0;0;4234593;233264;3;0;0
FR;3;2021-05-16;976;2647;0;0;0;4235569;235911;3;0;0
FR;3;2021-05-17;7964;20055;0;0;0;4243533;255966;3;0;0
FR;3;2021-05-18;13413;29942;0;0;0;4256946;285908;3;0;0
FR;3;2021-05-19;9272;31025;0;0;0;4266218;316933;3;0;0
FR;3;2021-05-20;12804;53582;3;0;0;4279022;370515;6;0;0
FR;3;2021-05-21;12764;65903;2;0;0;4291786;436418;8;0;0
FR;3;2021-05-22;4963;33573;1;0;0;4296749;469991;9;0;0
FR;3;2021-05-23;651;2655;0;0;0;4297400;472646;9;0;0
FR;3;2021-05-24;883;4851;0;0;0;4298283;477497;9;0;0
FR;3;2021-05-25;5309;46135;1;0;0;4303592;523632;10;0;0
FR;3;2021-05-26;4976;51716;1;0;0;4308568;575348;11;0;0
FR;3;2021-05-27;6332;78566;3;0;0;4314900;653914;14;0;0
FR;3;2021-05-28;7543;99767;2;0;0;4322443;753681;16;0;0
FR;3;2021-05-29;3349;60776;1;0;0;4325792;814457;17;0;0
FR;3;2021-05-30;548;8169;0;0;0;4326340;822626;17;0;0
FR;3;2021-05-31;2441;35655;3;0;0;4328781;858281;20;0;0
FR;3;2021-06-01;3407;64843;10;0;0;4332188;923124;30;0;0
FR;3;2021-06-02;2732;58585;6;0;0;4334920;981709;36;0;0
FR;3;2021-06-03;3495;87331;10;0;0;4338415;1069040;46;0;0
FR;3;2021-06-04;4114;105551;22;0;0;4342529;1174591;68;0;0
FR;3;2021-06-05;1982;52457;4;0;0;4344511;1227048;72;0;0
FR;3;2021-06-06;508;5315;1;0;0;4345019;1232363;73;0;0
FR;3;2021-06-07;1478;30853;11;0;0;4346497;1263216;84;0;0
FR;3;2021-06-08;2059;47338;18;0;0;4348556;1310554;102;0;0
FR;3;2021-06-09;1794;41997;13;0;0;4350350;1352551;115;0;0
FR;3;2021-06-10;2252;67743;17;0;0;4352602;1420294;132;0;0
FR;3;2021-06-11;2480;96655;34;0;0;4355082;1516949;166;0;0
FR;3;2021-06-12;1176;40660;6;0;0;4356258;1557609;172;0;0
FR;3;2021-06-13;282;3689;3;0;0;4356540;1561298;175;0;0
FR;3;2021-06-14;1045;42443;17;0;0;4357585;1603741;192;0;0
FR;3;2021-06-15;1371;80492;20;0;0;4358956;1684233;212;0;0
FR;3;2021-06-16;1260;65531;20;0;0;4360216;1749764;232;0;0
FR;3;2021-06-17;1666;102087;41;0;0;4361882;1851851;273;0;0
FR;3;2021-06-18;1870;118225;62;0;0;4363752;1970076;335;0;0
FR;3;2021-06-19;802;39453;22;0;0;4364554;2009529;357;0;0
FR;3;2021-06-20;160;3248;0;0;0;4364714;2012777;357;0;0
FR;3;2021-06-21;771;39112;16;0;0;4365485;2051889;373;0;0
FR;3;2021-06-22;1065;70008;52;0;0;4366550;2121897;425;0;0
FR;3;2021-06-23;942;50829;39;0;0;4367492;2172726;464;0;0
FR;3;2021-06-24;1310;77207;48;0;0;4368802;2249933;512;0;0
FR;3;2021-06-25;1405;90441;73;0;0;4370207;2340374;585;0;0
FR;3;2021-06-26;630;33115;29;0;0;4370837;2373489;614;0;0
FR;3;2021-06-27;166;3877;1;0;0;4371003;2377366;615;0;0
FR;3;2021-06-28;654;30181;27;0;0;4371657;2407547;642;0;0
FR;3;2021-06-29;857;56387;95;0;0;4372514;2463934;737;0;0
FR;3;2021-06-30;905;45125;93;0;0;4373419;2509059;830;0;0
FR;3;2021-07-01;1163;65916;108;0;0;4374582;2574975;938;0;0
FR;3;2021-07-02;1306;90457;170;0;0;4375888;2665432;1108;0;0
FR;3;2021-07-03;602;31177;51;0;0;4376490;2696609;1159;0;0
FR;3;2021-07-04;144;4100;3;0;0;4376634;2700709;1162;0;0
FR;3;2021-07-05;610;33701;60;0;0;4377244;2734410;1222;0;0
FR;3;2021-07-06;962;55997;88;0;0;4378206;2790407;1310;0;0
FR;3;2021-07-07;871;42976;80;0;0;4379077;2833383;1390;0;0
FR;3;2021-07-08;1124;60751;99;0;0;4380201;2894134;1489;0;0
FR;3;2021-07-09;1260;68868;128;0;0;4381461;2963002;1617;0;0
FR;3;2021-07-10;643;25042;59;0;0;4382104;2988044;1676;0;0
FR;3;2021-07-11;129;3224;4;0;0;4382233;2991268;1680;0;0
FR;3;2021-07-12;662;23743;59;0;0;4382895;3015011;1739;0;0
FR;3;2021-07-13;1647;34583;90;0;0;4384542;3049594;1829;0;0
FR;3;2021-07-14;268;2525;2;0;0;4384810;3052119;1831;0;0
FR;3;2021-07-15;1940;30527;85;0;0;4386750;3082646;1916;0;0
FR;3;2021-07-16;2520;38737;122;0;0;4389270;3121383;2038;0;0
FR;3;2021-07-17;1048;13732;26;0;0;4390318;3135115;2064;0;0
FR;3;2021-07-18;265;2562;3;0;0;4390583;3137677;2067;0;0
FR;3;2021-07-19;1276;17025;37;0;0;4391859;3154702;2104;0;0
FR;3;2021-07-20;1823;27014;98;0;0;4393682;3181716;2202;0;0
FR;3;2021-07-21;1651;19595;44;0;0;4395333;3201311;2246;0;0
FR;3;2021-07-22;1854;27676;83;0;0;4397187;3228987;2329;0;0
FR;3;2021-07-23;2215;30333;117;0;0;4399402;3259320;2446;0;0
FR;3;2021-07-24;826;6960;25;0;0;4400228;3266280;2471;0;0
FR;3;2021-07-25;210;1304;1;0;0;4400438;3267584;2472;0;0
FR;3;2021-07-26;929;10585;28;0;0;4401367;3278169;2500;0;0
FR;3;2021-07-27;1169;16876;56;0;0;4402536;3295045;2556;0;0
FR;3;2021-07-28;989;12029;40;0;0;4403525;3307074;2596;0;0
FR;3;2021-07-29;1127;15743;63;0;0;4404652;3322817;2659;0;0
FR;3;2021-07-30;1128;18021;79;0;0;4405780;3340838;2738;0;0
FR;3;2021-07-31;406;3736;15;0;0;4406186;3344574;2753;0;0
FR;3;2021-08-01;114;461;1;0;0;4406300;3345035;2754;0;0
FR;3;2021-08-02;421;5072;22;0;0;4406721;3350107;2776;0;0
FR;3;2021-08-03;495;7517;27;0;0;4407216;3357624;2803;0;0
FR;3;2021-08-04;437;4852;26;0;0;4407653;3362476;2829;0;0
FR;3;2021-08-05;430;3678;13;0;0;4408083;3366154;2842;0;0
FR;3;2021-08-06;456;4736;30;0;0;4408539;3370890;2872;0;0
FR;3;2021-08-07;214;1905;11;0;0;4408753;3372795;2883;0;0
FR;3;2021-08-08;249;427;2;0;0;4409002;3373222;2885;0;0
FR;3;2021-08-09;317;2426;11;0;0;4409319;3375648;2896;0;0
FR;3;2021-08-10;368;3804;15;0;0;4409687;3379452;2911;0;0
FR;3;2021-08-11;290;2691;15;0;0;4409977;3382143;2926;0;0
FR;3;2021-08-12;277;2607;12;0;0;4410254;3384750;2938;0;0
FR;3;2021-08-13;277;2260;16;0;0;4410531;3387010;2954;0;0
FR;3;2021-08-14;172;907;1;0;0;4410703;3387917;2955;0;0
FR;3;2021-08-15;56;174;0;0;0;4410759;3388091;2955;0;0
FR;3;2021-08-16;124;1040;8;0;0;4410883;3389131;2963;0;0
FR;3;2021-08-17;188;1458;8;0;0;4411071;3390589;2971;0;0
FR;3;2021-08-18;203;1327;10;0;0;4411274;3391916;2981;0;0
FR;3;2021-08-19;165;1393;10;0;0;4411439;3393309;2991;0;0
FR;3;2021-08-20;167;1613;16;0;0;4411606;3394922;3007;0;0
FR;3;2021-08-21;93;583;2;0;0;4411699;3395505;3009;0;0
FR;3;2021-08-22;42;188;1;0;0;4411741;3395693;3010;0;0
FR;3;2021-08-23;141;915;7;0;0;4411882;3396608;3017;0;0
FR;3;2021-08-24;124;944;10;0;0;4412006;3397552;3027;0;0
FR;3;2021-08-25;137;829;3;0;0;4412143;3398381;3030;0;0
FR;3;2021-08-26;172;847;9;0;0;4412315;3399228;3039;0;0
FR;3;2021-08-27;178;945;9;0;0;4412493;3400173;3048;0;0
FR;3;2021-08-28;99;371;4;0;0;4412592;3400544;3052;0;0
FR;3;2021-08-29;128;133;1;0;0;4412720;3400677;3053;0;0
FR;3;2021-08-30;100;582;0;0;123;4412820;3401259;3053;0;123
FR;3;2021-08-31;131;697;7;0;143;4412951;3401956;3060;0;266
FR;3;2021-09-01;120;466;5;0;115;4413071;3402422;3065;0;381
FR;3;2021-09-02;100;621;22;0;114;4413171;3403043;3087;0;495
FR;3;2021-09-03;115;572;17;0;120;4413286;3403615;3104;0;615
FR;3;2021-09-04;54;300;3;0;55;4413340;3403915;3107;0;670
FR;3;2021-09-05;51;67;5;0;27;4413391;3403982;3112;0;697
FR;3;2021-09-06;117;380;4;0;138;4413508;3404362;3116;0;835
FR;3;2021-09-07;123;452;14;0;121;4413631;3404814;3130;0;956
FR;3;2021-09-08;120;352;2;0;94;4413751;3405166;3132;0;1050
FR;3;2021-09-09;93;387;8;0;108;4413844;3405553;3140;0;1158
FR;3;2021-09-10;100;408;3;0;96;4413944;3405961;3143;0;1254
FR;3;2021-09-11;76;233;4;0;66;4414020;3406194;3147;0;1320
FR;3;2021-09-12;37;47;1;0;17;4414057;3406241;3148;0;1337
FR;3;2021-09-13;73;307;7;0;102;4414130;3406548;3155;0;1439
FR;3;2021-09-14;72;281;6;0;99;4414202;3406829;3161;0;1538
FR;3;2021-09-15;61;257;3;0;6;4414263;3407086;3164;0;1544
FR;3;2021-09-16;62;325;6;0;6;4414325;3407411;3170;0;1550
FR;3;2021-09-17;52;334;3;0;7;4414377;3407745;3173;0;1557
FR;3;2021-09-18;36;178;1;0;1;4414413;3407923;3174;0;1558
FR;3;2021-09-19;28;31;2;0;1;4414441;3407954;3176;0;1559
FR;3;2021-09-20;81;198;0;0;1;4414522;3408152;3176;0;1560
FR;3;2021-09-21;59;285;6;0;7;4414581;3408437;3182;0;1567
FR;3;2021-09-22;64;233;6;0;7;4414645;3408670;3188;0;1574
FR;3;2021-09-23;37;265;11;0;7;4414682;3408935;3199;0;1581
FR;3;2021-09-24;28;322;12;0;19;4414710;3409257;3211;0;1600
FR;3;2021-09-25;31;142;3;0;3;4414741;3409399;3214;0;1603
FR;3;2021-09-26;16;58;1;0;1;4414757;3409457;3215;0;1604
FR;3;2021-09-27;46;292;3;0;5;4414803;3409749;3218;0;1609
FR;3;2021-09-28;49;249;6;0;8;4414852;3409998;3224;0;1617
FR;3;2021-09-29;37;224;10;0;14;4414889;3410222;3234;0;1631
FR;3;2021-09-30;39;202;8;0;10;4414928;3410424;3242;0;1641
FR;3;2021-10-01;22;162;6;0;7;4414950;3410586;3248;0;1648
FR;3;2021-10-02;17;86;0;0;0;4414967;3410672;3248;0;1648
FR;3;2021-10-03;19;18;1;0;2;4414986;3410690;3249;0;1650
FR;3;2021-10-04;31;157;4;0;4;4415017;3410847;3253;0;1654
FR;3;2021-10-05;17;151;10;0;13;4415034;3410998;3263;0;1667
FR;3;2021-10-06;32;147;8;0;9;4415066;3411145;3271;0;1676
FR;3;2021-10-07;19;134;6;0;6;4415085;3411279;3277;0;1682
FR;3;2021-10-08;24;140;10;0;9;4415109;3411419;3287;0;1691
FR;3;2021-10-09;14;72;1;0;1;4415123;3411491;3288;0;1692
FR;3;2021-10-10;13;18;2;0;3;4415136;3411509;3290;0;1695
FR;3;2021-10-11;16;119;4;0;5;4415152;3411628;3294;0;1700
FR;3;2021-10-12;20;104;5;0;5;4415172;3411732;3299;0;1705
FR;3;2021-10-13;25;116;9;0;7;4415197;3411848;3308;0;1712
FR;3;2021-10-14;18;153;3;0;4;4415215;3412001;3311;0;1716
FR;3;2021-10-15;23;151;8;0;12;4415238;3412152;3319;0;1728
FR;3;2021-10-16;11;77;6;0;8;4415249;3412229;3325;0;1736
FR;3;2021-10-17;12;25;0;0;0;4415261;3412254;3325;0;1736
FR;3;2021-10-18;18;118;2;0;2;4415279;3412372;3327;0;1738
FR;3;2021-10-19;16;114;19;0;21;4415295;3412486;3346;0;1759
FR;3;2021-10-20;25;128;6;0;7;4415320;3412614;3352;0;1766
FR;3;2021-10-21;27;128;17;0;13;4415347;3412742;3369;0;1779
FR;3;2021-10-22;23;112;16;0;19;4415370;3412854;3385;0;1798
FR;3;2021-10-23;15;58;2;0;1;4415385;3412912;3387;0;1799
FR;3;2021-10-24;7;35;0;0;0;4415392;3412947;3387;0;1799
FR;3;2021-10-25;23;148;7;0;7;4415415;3413095;3394;0;1806
FR;3;2021-10-26;25;103;22;0;19;4415440;3413198;3416;0;1825
FR;3;2021-10-27;18;105;9;0;9;4415458;3413303;3425;0;1834
FR;3;2021-10-28;22;119;33;0;36;4415480;3413422;3458;0;1870
FR;3;2021-10-29;12;109;64;0;54;4415492;3413531;3522;0;1924
FR;3;2021-10-30;11;65;11;1;10;4415503;3413596;3533;1;1934
FR;3;2021-10-31;8;23;1;0;1;4415511;3413619;3534;1;1935
FR;3;2021-11-01;10;23;2;0;1;4415521;3413642;3536;1;1936
FR;3;2021-11-02;9;103;10;0;12;4415530;3413745;3546;1;1948
FR;3;2021-11-03;19;111;10;0;10;4415549;3413856;3556;1;1958
FR;3;2021-11-04;18;91;4;0;3;4415567;3413947;3560;1;1961
FR;3;2021-11-05;19;127;8;1;5;4415586;3414074;3568;2;1966
FR;3;2021-11-06;10;61;3;0;3;4415596;3414135;3571;2;1969
FR;3;2021-11-07;6;21;1;0;1;4415602;3414156;3572;2;1970
FR;3;2021-11-08;11;134;7;0;5;4415613;3414290;3579;2;1975
FR;3;2021-11-09;13;137;5;0;5;4415626;3414427;3584;2;1980
FR;3;2021-11-10;14;164;14;0;15;4415640;3414591;3598;2;1995
FR;3;2021-11-11;11;49;3;0;3;4415651;3414640;3601;2;1998
FR;3;2021-11-12;14;144;6;0;4;4415665;3414784;3607;2;2002
FR;3;2021-11-13;7;67;9;0;10;4415672;3414851;3616;2;2012
FR;3;2021-11-14;3;24;1;0;1;4415675;3414875;3617;2;2013
FR;3;2021-11-15;5;175;10;0;11;4415680;3415050;3627;2;2024
FR;3;2021-11-16;6;146;11;0;10;4415686;3415196;3638;2;2034
FR;3;2021-11-17;7;158;11;0;8;4415693;3415354;3649;2;2042
FR;3;2021-11-18;14;152;10;0;11;4415707;3415506;3659;2;2053
FR;3;2021-11-19;10;203;22;0;27;4415717;3415709;3681;2;2080
FR;3;2021-11-20;6;107;6;0;6;4415723;3415816;3687;2;2086
FR;3;2021-11-21;3;26;3;0;3;4415726;3415842;3690;2;2089
FR;3;2021-11-22;11;205;11;0;11;4415737;3416047;3701;2;2100
FR;3;2021-11-23;8;205;15;0;14;4415745;3416252;3716;2;2114
FR;3;2021-11-24;9;209;9;0;17;4415754;3416461;3725;2;2131
FR;3;2021-11-25;12;240;11;0;11;4415766;3416701;3736;2;2142
FR;3;2021-11-26;8;308;35;0;33;4415774;3417009;3771;2;2175
FR;3;2021-11-27;8;143;20;0;21;4415782;3417152;3791;2;2196
FR;3;2021-11-28;3;63;7;0;7;4415785;3417215;3798;2;2203
FR;3;2021-11-29;5;264;20;0;21;4415790;3417479;3818;2;2224
FR;3;2021-11-30;7;354;28;0;31;4415797;3417833;3846;2;2255
FR;3;2021-12-01;30;383;36;0;38;4415827;3418216;3882;2;2293
FR;3;2021-12-02;9;403;33;0;36;4415836;3418619;3915;2;2329
FR;3;2021-12-03;4;458;37;0;38;4415840;3419077;3952;2;2367
FR;3;2021-12-04;3;243;26;0;28;4415843;3419320;3978;2;2395
FR;3;2021-12-05;1;66;5;0;5;4415844;3419386;3983;2;2400
FR;3;2021-12-06;5;424;14;0;15;4415849;3419810;3997;2;2415
FR;3;2021-12-07;4;501;20;0;24;4415853;3420311;4017;2;2439
FR;3;2021-12-08;7;454;29;0;30;4415860;3420765;4046;2;2469
FR;3;2021-12-09;3;517;17;0;22;4415863;3421282;4063;2;2491
FR;3;2021-12-10;10;533;29;0;25;4415873;3421815;4092;2;2516
FR;3;2021-12-11;4;338;10;0;9;4415877;3422153;4102;2;2525
FR;3;2021-12-12;1;109;3;0;3;4415878;3422262;4105;2;2528
FR;3;2021-12-13;2;508;19;0;21;4415880;3422770;4124;2;2549
FR;3;2021-12-14;8;647;18;0;21;4415888;3423417;4142;2;2570
FR;3;2021-12-15;9;618;17;0;21;4415897;3424035;4159;2;2591
FR;3;2021-12-16;10;629;19;0;18;4415907;3424664;4178;2;2609
FR;3;2021-12-17;5;714;18;0;19;4415912;3425378;4196;2;2628
FR;3;2021-12-18;4;380;4;0;5;4415916;3425758;4200;2;2633
FR;3;2021-12-19;3;194;2;0;2;4415919;3425952;4202;2;2635
FR;3;2021-12-20;8;648;23;0;28;4415927;3426600;4225;2;2663
FR;3;2021-12-21;3;739;10;0;13;4415930;3427339;4235;2;2676
FR;3;2021-12-22;10;686;9;0;10;4415940;3428025;4244;2;2686
FR;3;2021-12-23;2;593;8;0;8;4415942;3428618;4252;2;2694
FR;3;2021-12-24;2;252;3;0;6;4415944;3428870;4255;2;2700
FR;3;2021-12-25;0;25;0;0;0;4415944;3428895;4255;2;2700
FR;3;2021-12-26;0;92;1;0;1;4415944;3428987;4256;2;2701
FR;3;2021-12-27;7;499;17;0;20;4415951;3429486;4273;2;2721
FR;3;2021-12-28;3;647;6;0;5;4415954;3430133;4279;2;2726
FR;3;2021-12-29;4;537;14;0;16;4415958;3430670;4293;2;2742
FR;3;2021-12-30;3;560;7;0;10;4415961;3431230;4300;2;2752
FR;3;2021-12-31;0;196;5;0;7;4415961;3431426;4305;2;2759
FR;3;2022-01-01;0;26;0;0;2;4415961;3431452;4305;2;2761
FR;3;2022-01-02;0;80;0;0;0;4415961;3431532;4305;2;2761
FR;3;2022-01-03;4;538;17;0;21;4415965;3432070;4322;2;2782
FR;3;2022-01-04;6;585;9;0;8;4415971;3432655;4331;2;2790
FR;3;2022-01-05;4;531;10;0;14;4415975;3433186;4341;2;2804
FR;3;2022-01-06;6;510;9;0;10;4415981;3433696;4350;2;2814
FR;3;2022-01-07;2;534;11;0;13;4415983;3434230;4361;2;2827
FR;3;2022-01-08;4;265;4;0;5;4415987;3434495;4365;2;2832
FR;3;2022-01-09;0;117;0;0;0;4415987;3434612;4365;2;2832
FR;3;2022-01-10;2;458;12;0;12;4415989;3435070;4377;2;2844
FR;3;2022-01-11;2;498;1;0;1;4415991;3435568;4378;2;2845
FR;3;2022-01-12;2;426;9;0;10;4415993;3435994;4387;2;2855
FR;3;2022-01-13;3;406;11;0;12;4415996;3436400;4398;2;2867
FR;3;2022-01-14;3;451;10;0;13;4415999;3436851;4408;2;2880
FR;3;2022-01-15;0;289;2;0;3;4415999;3437140;4410;2;2883
FR;3;2022-01-16;1;110;1;0;1;4416000;3437250;4411;2;2884
FR;3;2022-01-17;2;335;8;0;9;4416002;3437585;4419;2;2893
FR;3;2022-01-18;2;388;1;0;2;4416004;3437973;4420;2;2895
FR;3;2022-01-19;2;338;5;0;10;4416006;3438311;4425;2;2905
FR;3;2022-01-20;1;368;5;0;3;4416007;3438679;4430;2;2908
FR;3;2022-01-21;4;357;5;0;7;4416011;3439036;4435;2;2915
FR;3;2022-01-22;2;230;1;0;2;4416013;3439266;4436;2;2917
FR;3;2022-01-23;0;81;0;0;1;4416013;3439347;4436;2;2918
FR;3;2022-01-24;2;336;1;0;6;4416015;3439683;4437;2;2924
FR;3;2022-01-25;0;184;0;0;0;4416015;3439867;4437;2;2924
FR;3;2022-01-26;0;82;0;0;0;4416015;3439949;4437;2;2924
FR;3;2022-01-27;0;54;0;0;0;4416015;3440003;4437;2;2924
FR;3;2022-01-28;0;123;0;0;0;4416015;3440126;4437;2;2924
FR;3;2022-01-29;0;103;0;0;0;4416015;3440229;4437;2;2924
FR;3;2022-01-30;0;51;0;0;0;4416015;3440280;4437;2;2924
FR;3;2022-01-31;0;96;0;0;0;4416015;3440376;4437;2;2924
FR;3;2022-02-01;0;101;0;0;1;4416015;3440477;4437;2;2925
FR;3;2022-02-02;0;90;0;0;0;4416015;3440567;4437;2;2925
FR;3;2022-02-03;0;97;0;0;0;4416015;3440664;4437;2;2925
FR;3;2022-02-04;0;121;0;0;0;4416015;3440785;4437;2;2925
FR;3;2022-02-05;0;72;0;0;0;4416015;3440857;4437;2;2925
FR;3;2022-02-06;0;11;0;0;0;4416015;3440868;4437;2;2925
FR;3;2022-02-07;0;86;0;0;0;4416015;3440954;4437;2;2925
FR;3;2022-02-08;0;0;0;0;0;4416015;3440954;4437;2;2925
FR;3;2022-02-09;0;0;0;0;0;4416015;3440954;4437;2;2925
FR;3;2022-02-10;0;0;0;0;0;4416015;3440954;4437;2;2925
FR;3;2022-02-11;0;0;0;0;0;4416015;3440954;4437;2;2925
FR;3;2022-02-12;0;0;0;0;0;4416015;3440954;4437;2;2925
FR;3;2022-02-13;0;0;0;0;0;4416015;3440954;4437;2;2925
FR;3;2022-02-14;0;0;0;0;0;4416015;3440954;4437;2;2925
FR;3;2022-02-15;0;0;0;0;0;4416015;3440954;4437;2;2925
FR;3;2022-02-16;0;0;0;0;0;4416015;3440954;4437;2;2925
FR;3;2022-02-17;0;0;0;0;0;4416015;3440954;4437;2;2925
FR;3;2022-02-18;0;0;0;0;0;4416015;3440954;4437;2;2925
FR;3;2022-02-19;0;0;0;0;0;4416015;3440954;4437;2;2925
FR;3;2022-02-20;0;0;0;0;0;4416015;3440954;4437;2;2925
FR;3;2022-02-21;2;0;0;0;0;4416017;3440954;4437;2;2925
FR;3;2022-02-22;0;0;0;0;0;4416017;3440954;4437;2;2925
FR;3;2022-02-23;0;0;0;0;0;4416017;3440954;4437;2;2925
FR;3;2022-02-24;0;0;0;0;0;4416017;3440954;4437;2;2925
FR;3;2022-02-25;0;0;0;0;0;4416017;3440954;4437;2;2925
FR;3;2022-02-26;0;0;0;0;0;4416017;3440954;4437;2;2925
FR;3;2022-02-27;0;0;0;0;0;4416017;3440954;4437;2;2925
FR;3;2022-02-28;1;0;0;0;0;4416018;3440954;4437;2;2925
FR;3;2022-03-01;1;0;0;0;0;4416019;3440954;4437;2;2925
FR;3;2022-03-02;0;0;0;0;0;4416019;3440954;4437;2;2925
FR;3;2022-03-03;0;0;0;0;0;4416019;3440954;4437;2;2925
FR;3;2022-03-04;0;0;0;0;0;4416019;3440954;4437;2;2925
FR;3;2022-03-05;0;0;0;0;0;4416019;3440954;4437;2;2925
FR;3;2022-03-06;1;0;0;0;0;4416020;3440954;4437;2;2925
FR;3;2022-03-07;0;0;0;0;0;4416020;3440954;4437;2;2925
FR;3;2022-03-08;1;0;0;0;0;4416021;3440954;4437;2;2925
FR;3;2022-03-09;0;0;0;0;0;4416021;3440954;4437;2;2925
FR;3;2022-03-10;0;0;0;0;0;4416021;3440954;4437;2;2925
FR;3;2022-03-11;0;0;0;0;0;4416021;3440954;4437;2;2925
FR;3;2022-03-12;0;0;0;0;0;4416021;3440954;4437;2;2925
FR;3;2022-03-13;0;0;0;0;0;4416021;3440954;4437;2;2925
FR;3;2022-03-14;0;0;0;0;0;4416021;3440954;4437;2;2925
FR;3;2022-03-15;0;0;0;0;0;4416021;3440954;4437;2;2925
FR;3;2022-03-16;0;0;0;0;0;4416021;3440954;4437;2;2925
FR;3;2022-03-17;0;0;0;0;0;4416021;3440954;4437;2;2925
FR;3;2022-03-18;0;0;0;0;0;4416021;3440954;4437;2;2925
FR;3;2022-03-19;0;0;0;0;0;4416021;3440954;4437;2;2925
FR;3;2022-03-20;1;0;0;0;0;4416022;3440954;4437;2;2925
FR;3;2022-03-21;0;0;0;0;0;4416022;3440954;4437;2;2925
FR;3;2022-03-22;0;0;0;0;0;4416022;3440954;4437;2;2925
FR;3;2022-03-23;1;0;0;0;0;4416023;3440954;4437;2;2925
FR;3;2022-03-24;0;0;0;0;0;4416023;3440954;4437;2;2925
FR;3;2022-03-25;1;0;0;0;0;4416024;3440954;4437;2;2925
FR;3;2022-03-26;0;0;0;0;0;4416024;3440954;4437;2;2925
FR;3;2022-03-27;0;0;0;0;0;4416024;3440954;4437;2;2925
FR;3;2022-03-28;0;0;0;0;0;4416024;3440954;4437;2;2925
FR;3;2022-03-29;0;0;0;0;0;4416024;3440954;4437;2;2925
FR;3;2022-03-30;0;0;0;0;0;4416024;3440954;4437;2;2925
FR;3;2022-03-31;0;0;0;0;0;4416024;3440954;4437;2;2925
FR;3;2022-04-01;0;0;0;0;0;4416024;3440954;4437;2;2925
FR;3;2022-04-02;0;0;0;0;0;4416024;3440954;4437;2;2925
FR;3;2022-04-03;0;0;0;0;0;4416024;3440954;4437;2;2925
FR;3;2022-04-04;0;0;0;0;0;4416024;3440954;4437;2;2925
FR;3;2022-04-05;0;0;0;0;0;4416024;3440954;4437;2;2925
FR;3;2022-04-06;0;0;0;0;0;4416024;3440954;4437;2;2925
FR;3;2022-04-07;0;0;0;0;0;4416024;3440954;4437;2;2925
FR;3;2022-04-08;0;0;0;0;0;4416024;3440954;4437;2;2925
FR;3;2022-04-09;0;0;0;0;0;4416024;3440954;4437;2;2925
FR;3;2022-04-10;0;0;0;0;0;4416024;3440954;4437;2;2925
FR;3;2022-04-11;0;0;0;0;0;4416024;3440954;4437;2;2925
FR;3;2022-04-12;0;0;0;0;0;4416024;3440954;4437;2;2925
FR;3;2022-04-13;0;0;0;0;0;4416024;3440954;4437;2;2925
FR;3;2022-04-14;0;0;0;0;0;4416024;3440954;4437;2;2925
FR;3;2022-04-15;1;0;0;0;0;4416025;3440954;4437;2;2925
FR;3;2022-04-16;0;0;0;0;0;4416025;3440954;4437;2;2925
FR;3;2022-04-17;0;0;0;0;0;4416025;3440954;4437;2;2925
FR;3;2022-04-18;0;0;0;0;0;4416025;3440954;4437;2;2925
FR;3;2022-04-19;0;0;0;0;0;4416025;3440954;4437;2;2925
FR;3;2022-04-20;0;0;0;0;0;4416025;3440954;4437;2;2925
FR;3;2022-04-21;0;0;0;0;0;4416025;3440954;4437;2;2925
FR;3;2022-04-22;0;0;0;0;0;4416025;3440954;4437;2;2925
FR;3;2022-04-23;0;0;0;0;0;4416025;3440954;4437;2;2925
FR;3;2022-04-24;0;0;0;0;0;4416025;3440954;4437;2;2925
FR;3;2022-04-25;0;0;0;0;0;4416025;3440954;4437;2;2925
FR;3;2022-04-26;0;0;0;0;0;4416025;3440954;4437;2;2925
FR;3;2022-04-27;0;0;0;0;0;4416025;3440954;4437;2;2925
FR;3;2022-04-28;0;0;0;0;0;4416025;3440954;4437;2;2925
FR;3;2022-04-29;0;0;0;0;0;4416025;3440954;4437;2;2925
FR;3;2022-04-30;0;0;0;0;0;4416025;3440954;4437;2;2925
FR;3;2022-05-01;0;0;0;0;0;4416025;3440954;4437;2;2925
FR;3;2022-05-02;0;0;0;0;0;4416025;3440954;4437;2;2925
FR;3;2022-05-03;0;0;0;0;0;4416025;3440954;4437;2;2925
FR;3;2022-05-04;0;0;0;0;0;4416025;3440954;4437;2;2925
FR;3;2022-05-05;0;0;0;0;0;4416025;3440954;4437;2;2925
FR;3;2022-05-06;0;0;0;0;0;4416025;3440954;4437;2;2925
FR;3;2022-05-07;0;0;0;0;0;4416025;3440954;4437;2;2925
FR;3;2022-05-08;0;0;0;0;0;4416025;3440954;4437;2;2925
FR;3;2022-05-09;0;0;0;0;0;4416025;3440954;4437;2;2925
FR;3;2022-05-10;0;0;0;0;0;4416025;3440954;4437;2;2925
FR;3;2022-05-11;0;0;0;0;0;4416025;3440954;4437;2;2925
FR;3;2022-05-12;0;0;0;0;0;4416025;3440954;4437;2;2925
FR;3;2022-05-13;0;0;0;0;0;4416025;3440954;4437;2;2925
FR;3;2022-05-14;1;0;0;0;0;4416026;3440954;4437;2;2925
FR;3;2022-05-15;0;0;0;0;0;4416026;3440954;4437;2;2925
FR;3;2022-05-16;0;0;0;0;0;4416026;3440954;4437;2;2925
FR;3;2022-05-17;0;0;0;0;0;4416026;3440954;4437;2;2925
FR;3;2022-05-18;0;0;0;0;0;4416026;3440954;4437;2;2925
FR;3;2022-05-19;0;0;0;0;0;4416026;3440954;4437;2;2925
FR;3;2022-05-20;0;0;0;0;0;4416026;3440954;4437;2;2925
FR;3;2022-05-21;0;0;0;0;0;4416026;3440954;4437;2;2925
FR;3;2022-05-22;0;0;0;0;0;4416026;3440954;4437;2;2925
FR;3;2022-05-23;0;0;0;0;0;4416026;3440954;4437;2;2925
FR;3;2022-05-24;0;0;0;0;0;4416026;3440954;4437;2;2925
FR;3;2022-05-25;0;0;0;0;0;4416026;3440954;4437;2;2925
FR;3;2022-05-26;0;0;0;0;0;4416026;3440954;4437;2;2925
FR;3;2022-05-27;0;0;0;0;0;4416026;3440954;4437;2;2925
FR;3;2022-05-28;0;0;0;0;0;4416026;3440954;4437;2;2925
FR;3;2022-05-29;0;0;0;0;0;4416026;3440954;4437;2;2925
FR;3;2022-05-30;0;0;0;0;0;4416026;3440954;4437;2;2925
FR;3;2022-05-31;0;0;0;0;0;4416026;3440954;4437;2;2925
FR;3;2022-06-01;0;0;0;0;0;4416026;3440954;4437;2;2925
FR;3;2022-06-02;0;0;0;0;0;4416026;3440954;4437;2;2925
FR;3;2022-06-03;0;0;0;0;0;4416026;3440954;4437;2;2925
FR;3;2022-06-04;0;0;0;0;0;4416026;3440954;4437;2;2925
FR;3;2022-06-05;0;0;0;0;0;4416026;3440954;4437;2;2925
FR;3;2022-06-06;0;0;0;0;0;4416026;3440954;4437;2;2925
FR;3;2022-06-07;0;0;0;0;0;4416026;3440954;4437;2;2925
FR;3;2022-06-08;0;0;0;0;0;4416026;3440954;4437;2;2925
FR;3;2022-06-09;0;0;0;0;0;4416026;3440954;4437;2;2925
FR;3;2022-06-10;0;0;0;0;0;4416026;3440954;4437;2;2925
FR;3;2022-06-11;0;0;0;0;0;4416026;3440954;4437;2;2925
FR;3;2022-06-12;0;0;0;0;0;4416026;3440954;4437;2;2925
FR;3;2022-06-13;1;0;0;0;0;4416027;3440954;4437;2;2925
FR;3;2022-06-14;0;0;0;0;0;4416027;3440954;4437;2;2925
FR;3;2022-06-15;0;0;0;0;0;4416027;3440954;4437;2;2925
FR;3;2022-06-16;0;0;0;0;0;4416027;3440954;4437;2;2925
FR;3;2022-06-17;0;0;0;0;0;4416027;3440954;4437;2;2925
FR;3;2022-06-18;0;0;0;0;0;4416027;3440954;4437;2;2925
FR;3;2022-06-19;0;0;0;0;0;4416027;3440954;4437;2;2925
FR;3;2022-06-20;0;0;0;0;0;4416027;3440954;4437;2;2925
FR;3;2022-06-21;0;0;0;0;0;4416027;3440954;4437;2;2925
FR;3;2022-06-22;0;0;0;0;0;4416027;3440954;4437;2;2925
FR;3;2022-06-23;0;0;0;0;0;4416027;3440954;4437;2;2925
FR;3;2022-06-24;0;0;0;0;0;4416027;3440954;4437;2;2925
FR;3;2022-06-25;0;0;0;0;0;4416027;3440954;4437;2;2925
FR;3;2022-06-26;0;0;0;0;0;4416027;3440954;4437;2;2925
FR;3;2022-06-27;0;0;0;0;0;4416027;3440954;4437;2;2925
FR;3;2022-06-28;0;0;0;0;0;4416027;3440954;4437;2;2925
FR;3;2022-06-29;1;0;0;0;0;4416028;3440954;4437;2;2925
FR;3;2022-06-30;0;0;0;0;0;4416028;3440954;4437;2;2925
FR;3;2022-07-01;0;0;0;0;0;4416028;3440954;4437;2;2925
FR;3;2022-07-02;0;0;0;0;0;4416028;3440954;4437;2;2925
FR;3;2022-07-03;0;0;0;0;0;4416028;3440954;4437;2;2925
FR;3;2022-07-04;0;0;0;0;0;4416028;3440954;4437;2;2925
FR;3;2022-07-05;0;0;0;0;0;4416028;3440954;4437;2;2925
FR;3;2022-07-06;0;0;0;0;0;4416028;3440954;4437;2;2925
FR;3;2022-07-07;0;0;0;0;0;4416028;3440954;4437;2;2925
FR;3;2022-07-08;0;0;0;0;0;4416028;3440954;4437;2;2925
FR;3;2022-07-09;0;0;0;0;0;4416028;3440954;4437;2;2925
FR;3;2022-07-10;0;0;0;0;0;4416028;3440954;4437;2;2925
FR;3;2022-07-11;0;0;0;0;0;4416028;3440954;4437;2;2925
FR;3;2022-07-12;0;0;0;0;0;4416028;3440954;4437;2;2925
FR;3;2022-07-13;0;0;0;0;0;4416028;3440954;4437;2;2925
FR;3;2022-07-14;0;0;0;0;0;4416028;3440954;4437;2;2925
FR;3;2022-07-15;0;0;0;0;0;4416028;3440954;4437;2;2925
FR;3;2022-07-16;0;0;0;0;0;4416028;3440954;4437;2;2925
FR;3;2022-07-17;0;0;0;0;0;4416028;3440954;4437;2;2925
FR;3;2022-07-18;0;0;0;0;0;4416028;3440954;4437;2;2925
FR;3;2022-07-19;0;0;0;0;0;4416028;3440954;4437;2;2925
FR;3;2022-07-20;0;0;0;0;0;4416028;3440954;4437;2;2925
FR;3;2022-07-21;0;0;0;0;0;4416028;3440954;4437;2;2925
FR;3;2022-07-22;0;0;0;0;0;4416028;3440954;4437;2;2925
FR;3;2022-07-23;0;0;0;0;0;4416028;3440954;4437;2;2925
FR;3;2022-07-24;0;0;0;0;0;4416028;3440954;4437;2;2925
FR;3;2022-07-25;0;0;0;0;0;4416028;3440954;4437;2;2925
FR;3;2022-07-26;0;0;0;0;0;4416028;3440954;4437;2;2925
FR;3;2022-07-27;0;0;0;0;0;4416028;3440954;4437;2;2925
FR;3;2022-07-28;0;0;0;0;0;4416028;3440954;4437;2;2925
FR;3;2022-07-29;0;0;0;0;0;4416028;3440954;4437;2;2925
FR;3;2022-07-30;0;0;0;0;0;4416028;3440954;4437;2;2925
FR;3;2022-07-31;0;0;0;0;0;4416028;3440954;4437;2;2925
FR;3;2022-08-01;0;0;0;0;0;4416028;3440954;4437;2;2925
FR;3;2022-08-02;0;0;0;0;0;4416028;3440954;4437;2;2925
FR;3;2022-08-03;0;0;0;0;0;4416028;3440954;4437;2;2925
FR;3;2022-08-04;0;0;0;0;0;4416028;3440954;4437;2;2925
FR;3;2022-08-05;0;0;0;0;0;4416028;3440954;4437;2;2925
FR;3;2022-08-06;0;0;0;0;0;4416028;3440954;4437;2;2925
FR;3;2022-08-07;0;0;0;0;0;4416028;3440954;4437;2;2925
FR;3;2022-08-08;0;0;0;0;0;4416028;3440954;4437;2;2925
FR;3;2022-08-09;0;0;0;0;0;4416028;3440954;4437;2;2925
FR;3;2022-08-10;0;0;0;0;0;4416028;3440954;4437;2;2925
FR;3;2022-08-11;0;0;0;0;0;4416028;3440954;4437;2;2925
FR;3;2022-08-12;0;0;0;0;0;4416028;3440954;4437;2;2925
FR;3;2022-08-13;0;0;0;0;0;4416028;3440954;4437;2;2925
FR;3;2022-08-14;0;0;0;0;0;4416028;3440954;4437;2;2925
FR;3;2022-08-15;0;0;0;0;0;4416028;3440954;4437;2;2925
FR;3;2022-08-16;0;0;0;0;0;4416028;3440954;4437;2;2925
FR;3;2022-08-17;0;0;0;0;0;4416028;3440954;4437;2;2925
FR;3;2022-08-18;0;0;0;0;0;4416028;3440954;4437;2;2925
FR;3;2022-08-19;0;0;0;0;0;4416028;3440954;4437;2;2925
FR;3;2022-08-20;0;0;0;0;0;4416028;3440954;4437;2;2925
FR;3;2022-08-21;0;0;0;0;0;4416028;3440954;4437;2;2925
FR;3;2022-08-22;0;0;0;0;0;4416028;3440954;4437;2;2925
FR;3;2022-08-23;0;0;0;0;0;4416028;3440954;4437;2;2925
FR;3;2022-08-24;0;0;0;0;0;4416028;3440954;4437;2;2925
FR;3;2022-08-25;0;0;0;0;0;4416028;3440954;4437;2;2925
FR;3;2022-08-26;0;0;0;0;0;4416028;3440954;4437;2;2925
FR;3;2022-08-27;0;0;0;0;0;4416028;3440954;4437;2;2925
FR;3;2022-08-28;0;0;0;0;0;4416028;3440954;4437;2;2925
FR;4;2020-12-27;0;0;0;0;0;0;0;0;0;0
FR;4;2020-12-28;0;0;0;0;0;0;0;0;0;0
FR;4;2020-12-29;0;0;0;0;0;0;0;0;0;0
FR;4;2020-12-30;0;0;0;0;0;0;0;0;0;0
FR;4;2020-12-31;0;0;0;0;0;0;0;0;0;0
FR;4;2021-01-01;0;0;0;0;0;0;0;0;0;0
FR;4;2021-01-02;0;0;0;0;0;0;0;0;0;0
FR;4;2021-01-03;0;0;0;0;0;0;0;0;0;0
FR;4;2021-01-04;0;0;0;0;0;0;0;0;0;0
FR;4;2021-01-05;0;0;0;0;0;0;0;0;0;0
FR;4;2021-01-06;0;0;0;0;0;0;0;0;0;0
FR;4;2021-01-07;0;0;0;0;0;0;0;0;0;0
FR;4;2021-01-08;0;0;0;0;0;0;0;0;0;0
FR;4;2021-01-09;0;0;0;0;0;0;0;0;0;0
FR;4;2021-01-10;0;0;0;0;0;0;0;0;0;0
FR;4;2021-01-11;0;0;0;0;0;0;0;0;0;0
FR;4;2021-01-12;0;0;0;0;0;0;0;0;0;0
FR;4;2021-01-13;0;0;0;0;0;0;0;0;0;0
FR;4;2021-01-14;0;0;0;0;0;0;0;0;0;0
FR;4;2021-01-15;0;0;0;0;0;0;0;0;0;0
FR;4;2021-01-16;0;0;0;0;0;0;0;0;0;0
FR;4;2021-01-17;0;0;0;0;0;0;0;0;0;0
FR;4;2021-01-18;0;0;0;0;0;0;0;0;0;0
FR;4;2021-01-19;0;0;0;0;0;0;0;0;0;0
FR;4;2021-01-20;0;0;0;0;0;0;0;0;0;0
FR;4;2021-01-21;0;0;0;0;0;0;0;0;0;0
FR;4;2021-01-22;0;0;0;0;0;0;0;0;0;0
FR;4;2021-01-23;0;0;0;0;0;0;0;0;0;0
FR;4;2021-01-24;0;0;0;0;0;0;0;0;0;0
FR;4;2021-01-25;0;0;0;0;0;0;0;0;0;0
FR;4;2021-01-26;0;0;0;0;0;0;0;0;0;0
FR;4;2021-01-27;0;0;0;0;0;0;0;0;0;0
FR;4;2021-01-28;0;0;0;0;0;0;0;0;0;0
FR;4;2021-01-29;0;0;0;0;0;0;0;0;0;0
FR;4;2021-01-30;0;0;0;0;0;0;0;0;0;0
FR;4;2021-01-31;0;0;0;0;0;0;0;0;0;0
FR;4;2021-02-01;0;0;0;0;0;0;0;0;0;0
FR;4;2021-02-02;0;0;0;0;0;0;0;0;0;0
FR;4;2021-02-03;0;0;0;0;0;0;0;0;0;0
FR;4;2021-02-04;0;0;0;0;0;0;0;0;0;0
FR;4;2021-02-05;0;0;0;0;0;0;0;0;0;0
FR;4;2021-02-06;0;0;0;0;0;0;0;0;0;0
FR;4;2021-02-07;0;0;0;0;0;0;0;0;0;0
FR;4;2021-02-08;0;0;0;0;0;0;0;0;0;0
FR;4;2021-02-09;0;0;0;0;0;0;0;0;0;0
FR;4;2021-02-10;0;0;0;0;0;0;0;0;0;0
FR;4;2021-02-11;0;0;0;0;0;0;0;0;0;0
FR;4;2021-02-12;0;0;0;0;0;0;0;0;0;0
FR;4;2021-02-13;0;0;0;0;0;0;0;0;0;0
FR;4;2021-02-14;0;0;0;0;0;0;0;0;0;0
FR;4;2021-02-15;0;0;0;0;0;0;0;0;0;0
FR;4;2021-02-16;0;0;0;0;0;0;0;0;0;0
FR;4;2021-02-17;0;0;0;0;0;0;0;0;0;0
FR;4;2021-02-18;0;0;0;0;0;0;0;0;0;0
FR;4;2021-02-19;0;0;0;0;0;0;0;0;0;0
FR;4;2021-02-20;0;0;0;0;0;0;0;0;0;0
FR;4;2021-02-21;0;0;0;0;0;0;0;0;0;0
FR;4;2021-02-22;0;0;0;0;0;0;0;0;0;0
FR;4;2021-02-23;0;0;0;0;0;0;0;0;0;0
FR;4;2021-02-24;0;0;0;0;0;0;0;0;0;0
FR;4;2021-02-25;0;0;0;0;0;0;0;0;0;0
FR;4;2021-02-26;0;0;0;0;0;0;0;0;0;0
FR;4;2021-02-27;0;0;0;0;0;0;0;0;0;0
FR;4;2021-02-28;0;0;0;0;0;0;0;0;0;0
FR;4;2021-03-01;0;0;0;0;0;0;0;0;0;0
FR;4;2021-03-02;0;0;0;0;0;0;0;0;0;0
FR;4;2021-03-03;0;0;0;0;0;0;0;0;0;0
FR;4;2021-03-04;0;0;0;0;0;0;0;0;0;0
FR;4;2021-03-05;0;0;0;0;0;0;0;0;0;0
FR;4;2021-03-06;0;0;0;0;0;0;0;0;0;0
FR;4;2021-03-07;0;0;0;0;0;0;0;0;0;0
FR;4;2021-03-08;0;0;0;0;0;0;0;0;0;0
FR;4;2021-03-09;0;0;0;0;0;0;0;0;0;0
FR;4;2021-03-10;0;0;0;0;0;0;0;0;0;0
FR;4;2021-03-11;0;0;0;0;0;0;0;0;0;0
FR;4;2021-03-12;0;0;0;0;0;0;0;0;0;0
FR;4;2021-03-13;0;0;0;0;0;0;0;0;0;0
FR;4;2021-03-14;0;0;0;0;0;0;0;0;0;0
FR;4;2021-03-15;0;0;0;0;0;0;0;0;0;0
FR;4;2021-03-16;0;0;0;0;0;0;0;0;0;0
FR;4;2021-03-17;0;0;0;0;0;0;0;0;0;0
FR;4;2021-03-18;0;0;0;0;0;0;0;0;0;0
FR;4;2021-03-19;0;0;0;0;0;0;0;0;0;0
FR;4;2021-03-20;0;0;0;0;0;0;0;0;0;0
FR;4;2021-03-21;0;0;0;0;0;0;0;0;0;0
FR;4;2021-03-22;0;0;0;0;0;0;0;0;0;0
FR;4;2021-03-23;0;0;0;0;0;0;0;0;0;0
FR;4;2021-03-24;0;0;0;0;0;0;0;0;0;0
FR;4;2021-03-25;0;0;0;0;0;0;0;0;0;0
FR;4;2021-03-26;0;0;0;0;0;0;0;0;0;0
FR;4;2021-03-27;0;0;0;0;0;0;0;0;0;0
FR;4;2021-03-28;0;0;0;0;0;0;0;0;0;0
FR;4;2021-03-29;0;0;0;0;0;0;0;0;0;0
FR;4;2021-03-30;0;0;0;0;0;0;0;0;0;0
FR;4;2021-03-31;0;0;0;0;0;0;0;0;0;0
FR;4;2021-04-01;0;0;0;0;0;0;0;0;0;0
FR;4;2021-04-02;0;0;0;0;0;0;0;0;0;0
FR;4;2021-04-03;0;0;0;0;0;0;0;0;0;0
FR;4;2021-04-04;0;0;0;0;0;0;0;0;0;0
FR;4;2021-04-05;0;0;0;0;0;0;0;0;0;0
FR;4;2021-04-06;0;0;0;0;0;0;0;0;0;0
FR;4;2021-04-07;0;0;0;0;0;0;0;0;0;0
FR;4;2021-04-08;0;0;0;0;0;0;0;0;0;0
FR;4;2021-04-09;0;0;0;0;0;0;0;0;0;0
FR;4;2021-04-10;0;0;0;0;0;0;0;0;0;0
FR;4;2021-04-11;0;0;0;0;0;0;0;0;0;0
FR;4;2021-04-12;0;0;0;0;0;0;0;0;0;0
FR;4;2021-04-13;0;0;0;0;0;0;0;0;0;0
FR;4;2021-04-14;0;0;0;0;0;0;0;0;0;0
FR;4;2021-04-15;0;0;0;0;0;0;0;0;0;0
FR;4;2021-04-16;0;0;0;0;0;0;0;0;0;0
FR;4;2021-04-17;0;0;0;0;0;0;0;0;0;0
FR;4;2021-04-18;0;0;0;0;0;0;0;0;0;0
FR;4;2021-04-19;0;0;0;0;0;0;0;0;0;0
FR;4;2021-04-20;0;0;0;0;0;0;0;0;0;0
FR;4;2021-04-21;0;0;0;0;0;0;0;0;0;0
FR;4;2021-04-22;0;0;0;0;0;0;0;0;0;0
FR;4;2021-04-23;3854;0;0;0;0;3854;0;0;0;0
FR;4;2021-04-24;1569;0;0;0;0;5423;0;0;0;0
FR;4;2021-04-25;125;0;0;0;0;5548;0;0;0;0
FR;4;2021-04-26;2869;1;0;0;0;8417;1;0;0;0
FR;4;2021-04-27;9520;3;0;0;0;17937;4;0;0;0
FR;4;2021-04-28;9906;6;0;0;0;27843;10;0;0;0
FR;4;2021-04-29;15992;8;0;0;0;43835;18;0;0;0
FR;4;2021-04-30;19233;10;0;0;0;63068;28;0;0;0
FR;4;2021-05-01;1994;6;0;0;0;65062;34;0;0;0
FR;4;2021-05-02;483;0;0;0;0;65545;34;0;0;0
FR;4;2021-05-03;5064;2;0;0;0;70609;36;0;0;0
FR;4;2021-05-04;8401;11;0;0;0;79010;47;0;0;0
FR;4;2021-05-05;6188;7;0;0;0;85198;54;0;0;0
FR;4;2021-05-06;11383;11;0;0;0;96581;65;0;0;0
FR;4;2021-05-07;19125;9;0;0;0;115706;74;0;0;0
FR;4;2021-05-08;2378;6;0;0;0;118084;80;0;0;0
FR;4;2021-05-09;686;3;0;0;0;118770;83;0;0;0
FR;4;2021-05-10;7242;5;1;0;0;126012;88;1;0;0
FR;4;2021-05-11;14319;12;0;0;0;140331;100;1;0;0
FR;4;2021-05-12;10171;15;0;0;0;150502;115;1;0;0
FR;4;2021-05-13;1583;4;0;0;0;152085;119;1;0;0
FR;4;2021-05-14;7767;7;0;0;0;159852;126;1;0;0
FR;4;2021-05-15;3720;8;1;0;0;163572;134;2;0;0
FR;4;2021-05-16;417;1;0;0;0;163989;135;2;0;0
FR;4;2021-05-17;4477;6;0;0;0;168466;141;2;0;0
FR;4;2021-05-18;8760;10;0;0;0;177226;151;2;0;0
FR;4;2021-05-19;5693;7;0;0;0;182919;158;2;0;0
FR;4;2021-05-20;9483;7;0;0;0;192402;165;2;0;0
FR;4;2021-05-21;12802;30;0;0;0;205204;195;2;0;0
FR;4;2021-05-22;5057;15;0;0;0;210261;210;2;0;0
FR;4;2021-05-23;494;4;0;0;0;210755;214;2;0;0
FR;4;2021-05-24;1058;7;0;0;0;211813;221;2;0;0
FR;4;2021-05-25;7629;16;0;0;0;219442;237;2;0;0
FR;4;2021-05-26;7728;16;0;0;0;227170;253;2;0;0
FR;4;2021-05-27;14333;35;0;0;0;241503;288;2;0;0
FR;4;2021-05-28;26589;82;1;0;0;268092;370;3;0;0
FR;4;2021-05-29;11385;18;0;0;0;279477;388;3;0;0
FR;4;2021-05-30;973;6;0;0;0;280450;394;3;0;0
FR;4;2021-05-31;12692;21;0;0;0;293142;415;3;0;0
FR;4;2021-06-01;20263;47;1;0;0;313405;462;4;0;0
FR;4;2021-06-02;14521;33;0;0;0;327926;495;4;0;0
FR;4;2021-06-03;19427;24;1;0;0;347353;519;5;0;0
FR;4;2021-06-04;22515;47;0;0;0;369868;566;5;0;0
FR;4;2021-06-05;9715;32;0;0;0;379583;598;5;0;0
FR;4;2021-06-06;1039;1;0;0;0;380622;599;5;0;0
FR;4;2021-06-07;9226;19;0;0;0;389848;618;5;0;0
FR;4;2021-06-08;14611;31;0;0;0;404459;649;5;0;0
FR;4;2021-06-09;12205;25;0;0;0;416664;674;5;0;0
FR;4;2021-06-10;15403;30;0;0;0;432067;704;5;0;0
FR;4;2021-06-11;16983;56;0;0;0;449050;760;5;0;0
FR;4;2021-06-12;7448;27;0;0;0;456498;787;5;0;0
FR;4;2021-06-13;907;3;0;0;0;457405;790;5;0;0
FR;4;2021-06-14;6649;26;0;0;0;464054;816;5;0;0
FR;4;2021-06-15;10887;37;0;0;0;474941;853;5;0;0
FR;4;2021-06-16;8908;16;0;0;0;483849;869;5;0;0
FR;4;2021-06-17;10897;37;0;0;0;494746;906;5;0;0
FR;4;2021-06-18;12420;45;0;0;0;507166;951;5;0;0
FR;4;2021-06-19;5567;25;0;0;0;512733;976;5;0;0
FR;4;2021-06-20;822;5;0;0;0;513555;981;5;0;0
FR;4;2021-06-21;5097;20;0;0;0;518652;1001;5;0;0
FR;4;2021-06-22;7911;28;2;0;0;526563;1029;7;0;0
FR;4;2021-06-23;7098;41;2;0;0;533661;1070;9;0;0
FR;4;2021-06-24;8651;46;1;0;0;542312;1116;10;0;0
FR;4;2021-06-25;10171;40;2;0;0;552483;1156;12;0;0
FR;4;2021-06-26;4846;21;0;0;0;557329;1177;12;0;0
FR;4;2021-06-27;764;4;0;0;0;558093;1181;12;0;0
FR;4;2021-06-28;4827;16;1;0;0;562920;1197;13;0;0
FR;4;2021-06-29;7104;28;2;0;0;570024;1225;15;0;0
FR;4;2021-06-30;6721;39;2;0;0;576745;1264;17;0;0
FR;4;2021-07-01;8205;42;0;0;0;584950;1306;17;0;0
FR;4;2021-07-02;9425;52;1;0;0;594375;1358;18;0;0
FR;4;2021-07-03;4846;20;0;0;0;599221;1378;18;0;0
FR;4;2021-07-04;687;5;0;0;0;599908;1383;18;0;0
FR;4;2021-07-05;4771;19;2;0;0;604679;1402;20;0;0
FR;4;2021-07-06;7725;28;4;0;0;612404;1430;24;0;0
FR;4;2021-07-07;7079;34;2;0;0;619483;1464;26;0;0
FR;4;2021-07-08;9230;40;2;0;0;628713;1504;28;0;0
FR;4;2021-07-09;10278;34;1;0;0;638991;1538;29;0;0
FR;4;2021-07-10;4638;14;2;0;0;643629;1552;31;0;0
FR;4;2021-07-11;583;4;1;0;0;644212;1556;32;0;0
FR;4;2021-07-12;5872;29;0;0;0;650084;1585;32;0;0
FR;4;2021-07-13;14232;29;0;0;0;664316;1614;32;0;0
FR;4;2021-07-14;2288;15;0;0;0;666604;1629;32;0;0
FR;4;2021-07-15;18235;36;0;0;0;684839;1665;32;0;0
FR;4;2021-07-16;22835;71;2;0;0;707674;1736;34;0;0
FR;4;2021-07-17;9736;20;0;0;0;717410;1756;34;0;0
FR;4;2021-07-18;1357;4;0;0;0;718767;1760;34;0;0
FR;4;2021-07-19;12989;30;1;0;0;731756;1790;35;0;0
FR;4;2021-07-20;17342;26;1;0;0;749098;1816;36;0;0
FR;4;2021-07-21;15615;33;0;0;0;764713;1849;36;0;0
FR;4;2021-07-22;18244;44;2;0;0;782957;1893;38;0;0
FR;4;2021-07-23;20413;57;7;0;0;803370;1950;45;0;0
FR;4;2021-07-24;9290;32;0;0;0;812660;1982;45;0;0
FR;4;2021-07-25;1353;8;0;0;0;814013;1990;45;0;0
FR;4;2021-07-26;11041;22;0;0;0;825054;2012;45;0;0
FR;4;2021-07-27;14677;35;3;0;0;839731;2047;48;0;0
FR;4;2021-07-28;12928;26;2;0;0;852659;2073;50;0;0
FR;4;2021-07-29;14087;54;4;0;0;866746;2127;54;0;0
FR;4;2021-07-30;15497;46;2;0;0;882243;2173;56;0;0
FR;4;2021-07-31;6840;14;2;0;0;889083;2187;58;0;0
FR;4;2021-08-01;905;1;0;0;0;889988;2188;58;0;0
FR;4;2021-08-02;7915;31;0;0;0;897903;2219;58;0;0
FR;4;2021-08-03;10796;31;2;0;0;908699;2250;60;0;0
FR;4;2021-08-04;9744;29;0;0;0;918443;2279;60;0;0
FR;4;2021-08-05;9820;41;0;0;0;928263;2320;60;0;0
FR;4;2021-08-06;10196;31;3;0;0;938459;2351;63;0;0
FR;4;2021-08-07;5098;30;1;0;0;943557;2381;64;0;0
FR;4;2021-08-08;1219;13;0;0;0;944776;2394;64;0;0
FR;4;2021-08-09;6343;31;0;0;0;951119;2425;64;0;0
FR;4;2021-08-10;8748;18;0;0;0;959867;2443;64;0;0
FR;4;2021-08-11;7940;34;4;0;0;967807;2477;68;0;0
FR;4;2021-08-12;8585;30;1;0;0;976392;2507;69;0;0
FR;4;2021-08-13;7557;25;0;1;0;983949;2532;69;1;0
FR;4;2021-08-14;3791;20;0;0;0;987740;2552;69;1;0
FR;4;2021-08-15;771;5;0;0;0;988511;2557;69;1;0
FR;4;2021-08-16;4007;17;0;0;0;992518;2574;69;1;0
FR;4;2021-08-17;5628;17;1;0;0;998146;2591;70;1;0
FR;4;2021-08-18;5167;37;0;0;0;1003313;2628;70;1;0
FR;4;2021-08-19;5483;33;3;0;0;1008796;2661;73;1;0
FR;4;2021-08-20;5220;25;1;0;0;1014016;2686;74;1;0
FR;4;2021-08-21;2310;21;1;0;0;1016326;2707;75;1;0
FR;4;2021-08-22;406;2;0;0;0;1016732;2709;75;1;0
FR;4;2021-08-23;2931;19;1;0;0;1019663;2728;76;1;0
FR;4;2021-08-24;3756;15;0;0;0;1023419;2743;76;1;0
FR;4;2021-08-25;3542;25;1;0;0;1026961;2768;77;1;0
FR;4;2021-08-26;3713;21;2;0;0;1030674;2789;79;1;0
FR;4;2021-08-27;3617;31;2;0;0;1034291;2820;81;1;0
FR;4;2021-08-28;1725;10;1;0;0;1036016;2830;82;1;0
FR;4;2021-08-29;387;7;1;0;0;1036403;2837;83;1;0
FR;4;2021-08-30;2009;25;0;0;15;1038412;2862;83;1;15
FR;4;2021-08-31;2485;21;0;0;14;1040897;2883;83;1;29
FR;4;2021-09-01;2083;38;1;0;21;1042980;2921;84;1;50
FR;4;2021-09-02;2304;31;4;0;18;1045284;2952;88;1;68
FR;4;2021-09-03;2362;44;5;0;36;1047646;2996;93;1;104
FR;4;2021-09-04;1374;17;0;0;8;1049020;3013;93;1;112
FR;4;2021-09-05;433;2;0;0;2;1049453;3015;93;1;114
FR;4;2021-09-06;1711;61;0;0;22;1051164;3076;93;1;136
FR;4;2021-09-07;1678;18;1;0;9;1052842;3094;94;1;145
FR;4;2021-09-08;1285;26;3;0;19;1054127;3120;97;1;164
FR;4;2021-09-09;1387;23;2;0;9;1055514;3143;99;1;173
FR;4;2021-09-10;1521;31;2;0;23;1057035;3174;101;1;196
FR;4;2021-09-11;743;11;0;0;3;1057778;3185;101;1;199
FR;4;2021-09-12;169;4;0;0;3;1057947;3189;101;1;202
FR;4;2021-09-13;1321;22;1;0;16;1059268;3211;102;1;218
FR;4;2021-09-14;1502;9;2;0;6;1060770;3220;104;1;224
FR;4;2021-09-15;1095;27;1;0;24;1061865;3247;105;1;248
FR;4;2021-09-16;1102;22;2;0;15;1062967;3269;107;1;263
FR;4;2021-09-17;894;21;1;0;12;1063861;3290;108;1;275
FR;4;2021-09-18;464;6;1;0;5;1064325;3296;109;1;280
FR;4;2021-09-19;182;3;0;0;2;1064507;3299;109;1;282
FR;4;2021-09-20;453;19;0;0;13;1064960;3318;109;1;295
FR;4;2021-09-21;430;11;0;0;7;1065390;3329;109;1;302
FR;4;2021-09-22;374;19;2;0;13;1065764;3348;111;1;315
FR;4;2021-09-23;482;16;1;0;15;1066246;3364;112;1;330
FR;4;2021-09-24;412;13;2;0;9;1066658;3377;114;1;339
FR;4;2021-09-25;280;10;1;0;5;1066938;3387;115;1;344
FR;4;2021-09-26;74;2;0;0;1;1067012;3389;115;1;345
FR;4;2021-09-27;262;10;1;0;8;1067274;3399;116;1;353
FR;4;2021-09-28;317;8;0;0;8;1067591;3407;116;1;361
FR;4;2021-09-29;375;19;1;0;13;1067966;3426;117;1;374
FR;4;2021-09-30;364;40;0;0;21;1068330;3466;117;1;395
FR;4;2021-10-01;411;54;0;0;48;1068741;3520;117;1;443
FR;4;2021-10-02;196;22;1;0;13;1068937;3542;118;1;456
FR;4;2021-10-03;86;1;0;0;0;1069023;3543;118;1;456
FR;4;2021-10-04;359;20;1;0;16;1069382;3563;119;1;472
FR;4;2021-10-05;283;19;2;0;15;1069665;3582;121;1;487
FR;4;2021-10-06;246;23;1;0;18;1069911;3605;122;1;505
FR;4;2021-10-07;264;25;2;0;13;1070175;3630;124;1;518
FR;4;2021-10-08;356;24;2;0;20;1070531;3654;126;1;538
FR;4;2021-10-09;193;6;6;0;7;1070724;3660;132;1;545
FR;4;2021-10-10;96;3;2;0;3;1070820;3663;134;1;548
FR;4;2021-10-11;248;15;1;0;14;1071068;3678;135;1;562
FR;4;2021-10-12;208;14;0;0;13;1071276;3692;135;1;575
FR;4;2021-10-13;219;28;1;0;25;1071495;3720;136;1;600
FR;4;2021-10-14;311;21;4;0;15;1071806;3741;140;1;615
FR;4;2021-10-15;322;24;5;0;25;1072128;3765;145;1;640
FR;4;2021-10-16;166;6;2;0;6;1072294;3771;147;1;646
FR;4;2021-10-17;70;2;0;0;1;1072364;3773;147;1;647
FR;4;2021-10-18;281;15;1;0;12;1072645;3788;148;1;659
FR;4;2021-10-19;214;14;2;0;15;1072859;3802;150;1;674
FR;4;2021-10-20;228;27;4;0;15;1073087;3829;154;1;689
FR;4;2021-10-21;242;17;0;0;13;1073329;3846;154;1;702
FR;4;2021-10-22;216;25;2;0;20;1073545;3871;156;1;722
FR;4;2021-10-23;116;16;1;0;15;1073661;3887;157;1;737
FR;4;2021-10-24;38;4;0;0;1;1073699;3891;157;1;738
FR;4;2021-10-25;214;7;2;0;9;1073913;3898;159;1;747
FR;4;2021-10-26;199;14;0;0;12;1074112;3912;159;1;759
FR;4;2021-10-27;195;11;4;0;11;1074307;3923;163;1;770
FR;4;2021-10-28;183;18;4;0;21;1074490;3941;167;1;791
FR;4;2021-10-29;223;15;2;0;13;1074713;3956;169;1;804
FR;4;2021-10-30;102;2;1;0;2;1074815;3958;170;1;806
FR;4;2021-10-31;57;3;2;0;3;1074872;3961;172;1;809
FR;4;2021-11-01;75;27;4;0;24;1074947;3988;176;1;833
FR;4;2021-11-02;159;20;2;0;21;1075106;4008;178;1;854
FR;4;2021-11-03;129;20;8;1;18;1075235;4028;186;2;872
FR;4;2021-11-04;183;15;1;0;12;1075418;4043;187;2;884
FR;4;2021-11-05;130;17;1;0;16;1075548;4060;188;2;900
FR;4;2021-11-06;79;6;1;0;6;1075627;4066;189;2;906
FR;4;2021-11-07;80;2;2;0;4;1075707;4068;191;2;910
FR;4;2021-11-08;159;20;1;0;20;1075866;4088;192;2;930
FR;4;2021-11-09;156;14;3;0;16;1076022;4102;195;2;946
FR;4;2021-11-10;117;29;6;0;31;1076139;4131;201;2;977
FR;4;2021-11-11;97;10;0;0;10;1076236;4141;201;2;987
FR;4;2021-11-12;103;19;2;0;18;1076339;4160;203;2;1005
FR;4;2021-11-13;74;15;2;0;14;1076413;4175;205;2;1019
FR;4;2021-11-14;54;5;4;0;8;1076467;4180;209;2;1027
FR;4;2021-11-15;98;26;2;0;24;1076565;4206;211;2;1051
FR;4;2021-11-16;105;13;2;0;15;1076670;4219;213;2;1066
FR;4;2021-11-17;119;30;4;0;30;1076789;4249;217;2;1096
FR;4;2021-11-18;100;34;13;0;42;1076889;4283;230;2;1138
FR;4;2021-11-19;87;19;3;0;20;1076976;4302;233;2;1158
FR;4;2021-11-20;76;8;1;0;8;1077052;4310;234;2;1166
FR;4;2021-11-21;66;7;2;0;9;1077118;4317;236;2;1175
FR;4;2021-11-22;106;28;9;0;33;1077224;4345;245;2;1208
FR;4;2021-11-23;76;31;5;0;28;1077300;4376;250;2;1236
FR;4;2021-11-24;87;23;11;0;24;1077387;4399;261;2;1260
FR;4;2021-11-25;93;28;14;0;30;1077480;4427;275;2;1290
FR;4;2021-11-26;83;43;12;0;45;1077563;4470;287;2;1335
FR;4;2021-11-27;41;22;15;0;25;1077604;4492;302;2;1360
FR;4;2021-11-28;50;8;0;0;7;1077654;4500;302;2;1367
FR;4;2021-11-29;87;31;16;0;40;1077741;4531;318;2;1407
FR;4;2021-11-30;73;37;12;0;41;1077814;4568;330;2;1448
FR;4;2021-12-01;87;60;19;0;67;1077901;4628;349;2;1515
FR;4;2021-12-02;103;48;19;0;53;1078004;4676;368;2;1568
FR;4;2021-12-03;100;36;15;0;44;1078104;4712;383;2;1612
FR;4;2021-12-04;71;31;18;0;44;1078175;4743;401;2;1656
FR;4;2021-12-05;62;6;1;0;7;1078237;4749;402;2;1663
FR;4;2021-12-06;107;46;19;0;59;1078344;4795;421;2;1722
FR;4;2021-12-07;81;37;9;0;36;1078425;4832;430;2;1758
FR;4;2021-12-08;70;31;16;0;37;1078495;4863;446;2;1795
FR;4;2021-12-09;61;32;10;0;38;1078556;4895;456;2;1833
FR;4;2021-12-10;63;64;20;0;68;1078619;4959;476;2;1901
FR;4;2021-12-11;28;34;7;0;34;1078647;4993;483;2;1935
FR;4;2021-12-12;24;10;3;0;13;1078671;5003;486;2;1948
FR;4;2021-12-13;72;40;14;0;49;1078743;5043;500;2;1997
FR;4;2021-12-14;59;43;17;0;54;1078802;5086;517;2;2051
FR;4;2021-12-15;65;64;28;0;84;1078867;5150;545;2;2135
FR;4;2021-12-16;32;44;19;0;57;1078899;5194;564;2;2192
FR;4;2021-12-17;40;55;12;0;60;1078939;5249;576;2;2252
FR;4;2021-12-18;48;29;2;0;30;1078987;5278;578;2;2282
FR;4;2021-12-19;15;4;1;0;4;1079002;5282;579;2;2286
FR;4;2021-12-20;42;38;10;0;41;1079044;5320;589;2;2327
FR;4;2021-12-21;29;30;15;0;36;1079073;5350;604;2;2363
FR;4;2021-12-22;36;37;10;0;38;1079109;5387;614;2;2401
FR;4;2021-12-23;39;45;8;0;49;1079148;5432;622;2;2450
FR;4;2021-12-24;23;26;10;0;30;1079171;5458;632;2;2480
FR;4;2021-12-25;6;3;3;0;4;1079177;5461;635;2;2484
FR;4;2021-12-26;5;3;1;0;2;1079182;5464;636;2;2486
FR;4;2021-12-27;28;41;9;0;43;1079210;5505;645;2;2529
FR;4;2021-12-28;24;28;7;0;29;1079234;5533;652;2;2558
FR;4;2021-12-29;50;25;11;0;30;1079284;5558;663;2;2588
FR;4;2021-12-30;43;18;12;0;21;1079327;5576;675;2;2609
FR;4;2021-12-31;18;6;8;0;11;1079345;5582;683;2;2620
FR;4;2022-01-01;5;4;4;0;6;1079350;5586;687;2;2626
FR;4;2022-01-02;40;5;16;0;20;1079390;5591;703;2;2646
FR;4;2022-01-03;41;55;21;1;61;1079431;5646;724;3;2707
FR;4;2022-01-04;34;27;13;0;30;1079465;5673;737;3;2737
FR;4;2022-01-05;48;22;19;0;25;1079513;5695;756;3;2762
FR;4;2022-01-06;48;22;23;0;37;1079561;5717;779;3;2799
FR;4;2022-01-07;29;20;15;0;20;1079590;5737;794;3;2819
FR;4;2022-01-08;9;6;10;0;12;1079599;5743;804;3;2831
FR;4;2022-01-09;18;2;3;0;4;1079617;5745;807;3;2835
FR;4;2022-01-10;42;22;19;0;36;1079659;5767;826;3;2871
FR;4;2022-01-11;26;31;12;0;35;1079685;5798;838;3;2906
FR;4;2022-01-12;33;21;13;0;23;1079718;5819;851;3;2929
FR;4;2022-01-13;52;20;27;0;38;1079770;5839;878;3;2967
FR;4;2022-01-14;23;29;13;0;32;1079793;5868;891;3;2999
FR;4;2022-01-15;13;6;8;0;12;1079806;5874;899;3;3011
FR;4;2022-01-16;11;9;12;0;20;1079817;5883;911;3;3031
FR;4;2022-01-17;24;19;12;0;25;1079841;5902;923;3;3056
FR;4;2022-01-18;16;13;8;0;18;1079857;5915;931;3;3074
FR;4;2022-01-19;30;23;11;0;32;1079887;5938;942;3;3106
FR;4;2022-01-20;31;34;12;0;38;1079918;5972;954;3;3144
FR;4;2022-01-21;10;12;19;1;16;1079928;5984;973;4;3160
FR;4;2022-01-22;30;13;2;0;13;1079958;5997;975;4;3173
FR;4;2022-01-23;7;2;4;0;6;1079965;5999;979;4;3179
FR;4;2022-01-24;14;21;8;0;27;1079979;6020;987;4;3206
FR;4;2022-01-25;20;32;9;1;37;1079999;6052;996;5;3243
FR;4;2022-01-26;19;16;8;1;19;1080018;6068;1004;6;3262
FR;4;2022-01-27;20;18;8;0;24;1080038;6086;1012;6;3286
FR;4;2022-01-28;13;23;8;0;26;1080051;6109;1020;6;3312
FR;4;2022-01-29;17;6;5;0;10;1080068;6115;1025;6;3322
FR;4;2022-01-30;18;3;1;0;4;1080086;6118;1026;6;3326
FR;4;2022-01-31;22;27;8;0;31;1080108;6145;1034;6;3357
FR;4;2022-02-01;11;21;11;0;21;1080119;6166;1045;6;3378
FR;4;2022-02-02;17;11;12;2;18;1080136;6177;1057;8;3396
FR;4;2022-02-03;13;23;10;0;27;1080149;6200;1067;8;3423
FR;4;2022-02-04;7;5;7;0;9;1080156;6205;1074;8;3432
FR;4;2022-02-05;7;14;1;0;13;1080163;6219;1075;8;3445
FR;4;2022-02-06;6;3;2;0;4;1080169;6222;1077;8;3449
FR;4;2022-02-07;15;19;7;0;19;1080184;6241;1084;8;3468
FR;4;2022-02-08;16;20;13;1;21;1080200;6261;1097;9;3489
FR;4;2022-02-09;16;11;8;0;15;1080216;6272;1105;9;3504
FR;4;2022-02-10;19;23;9;0;24;1080235;6295;1114;9;3528
FR;4;2022-02-11;18;14;8;0;19;1080253;6309;1122;9;3547
FR;4;2022-02-12;24;6;2;0;6;1080277;6315;1124;9;3553
FR;4;2022-02-13;7;3;3;0;6;1080284;6318;1127;9;3559
FR;4;2022-02-14;19;10;9;0;15;1080303;6328;1136;9;3574
FR;4;2022-02-15;17;7;1;0;7;1080320;6335;1137;9;3581
FR;4;2022-02-16;16;9;10;0;15;1080336;6344;1147;9;3596
FR;4;2022-02-17;11;4;4;0;6;1080347;6348;1151;9;3602
FR;4;2022-02-18;16;15;7;0;20;1080363;6363;1158;9;3622
FR;4;2022-02-19;16;4;2;0;5;1080379;6367;1160;9;3627
FR;4;2022-02-20;7;3;0;0;2;1080386;6370;1160;9;3629
FR;4;2022-02-21;23;3;4;0;5;1080409;6373;1164;9;3634
FR;4;2022-02-22;8;5;10;0;10;1080417;6378;1174;9;3644
FR;4;2022-02-23;16;6;9;0;9;1080433;6384;1183;9;3653
FR;4;2022-02-24;11;5;3;0;6;1080444;6389;1186;9;3659
FR;4;2022-02-25;15;5;7;0;6;1080459;6394;1193;9;3665
FR;4;2022-02-26;26;3;0;0;3;1080485;6397;1193;9;3668
FR;4;2022-02-27;9;0;1;0;1;1080494;6397;1194;9;3669
FR;4;2022-02-28;17;3;2;0;3;1080511;6400;1196;9;3672
FR;4;2022-03-01;7;4;7;0;5;1080518;6404;1203;9;3677
FR;4;2022-03-02;13;3;4;0;6;1080531;6407;1207;9;3683
FR;4;2022-03-03;17;5;1;0;4;1080548;6412;1208;9;3687
FR;4;2022-03-04;7;7;2;1;5;1080555;6419;1210;10;3692
FR;4;2022-03-05;9;2;0;0;2;1080564;6421;1210;10;3694
FR;4;2022-03-06;4;0;1;0;1;1080568;6421;1211;10;3695
FR;4;2022-03-07;10;4;1;0;3;1080578;6425;1212;10;3698
FR;4;2022-03-08;13;3;0;0;3;1080591;6428;1212;10;3701
FR;4;2022-03-09;8;7;2;0;7;1080599;6435;1214;10;3708
FR;4;2022-03-10;5;1;5;0;2;1080604;6436;1219;10;3710
FR;4;2022-03-11;8;4;5;0;2;1080612;6440;1224;10;3712
FR;4;2022-03-12;9;2;0;0;0;1080621;6442;1224;10;3712
FR;4;2022-03-13;5;1;1;0;2;1080626;6443;1225;10;3714
FR;4;2022-03-14;4;1;1;0;2;1080630;6444;1226;10;3716
FR;4;2022-03-15;6;5;3;0;4;1080636;6449;1229;10;3720
FR;4;2022-03-16;7;3;3;0;3;1080643;6452;1232;10;3723
FR;4;2022-03-17;3;4;1;0;5;1080646;6456;1233;10;3728
FR;4;2022-03-18;9;3;0;0;3;1080655;6459;1233;10;3731
FR;4;2022-03-19;1;1;0;0;1;1080656;6460;1233;10;3732
FR;4;2022-03-20;2;0;2;0;1;1080658;6460;1235;10;3733
FR;4;2022-03-21;5;3;1;0;4;1080663;6463;1236;10;3737
FR;4;2022-03-22;3;2;2;0;3;1080666;6465;1238;10;3740
FR;4;2022-03-23;6;4;4;0;7;1080672;6469;1242;10;3747
FR;4;2022-03-24;2;6;3;1;7;1080674;6475;1245;11;3754
FR;4;2022-03-25;3;1;2;0;1;1080677;6476;1247;11;3755
FR;4;2022-03-26;5;5;0;0;5;1080682;6481;1247;11;3760
FR;4;2022-03-27;1;0;2;0;1;1080683;6481;1249;11;3761
FR;4;2022-03-28;5;1;3;0;3;1080688;6482;1252;11;3764
FR;4;2022-03-29;8;0;4;1;0;1080696;6482;1256;12;3764
FR;4;2022-03-30;3;4;0;0;4;1080699;6486;1256;12;3768
FR;4;2022-03-31;2;3;1;1;3;1080701;6489;1257;13;3771
FR;4;2022-04-01;14;2;5;0;5;1080715;6491;1262;13;3776
FR;4;2022-04-02;4;4;0;0;3;1080719;6495;1262;13;3779
FR;4;2022-04-03;0;0;0;0;0;1080719;6495;1262;13;3779
FR;4;2022-04-04;4;4;4;0;5;1080723;6499;1266;13;3784
FR;4;2022-04-05;3;3;1;1;2;1080726;6502;1267;14;3786
FR;4;2022-04-06;6;0;0;0;0;1080732;6502;1267;14;3786
FR;4;2022-04-07;3;2;3;2;5;1080735;6504;1270;16;3791
FR;4;2022-04-08;4;1;1;0;1;1080739;6505;1271;16;3792
FR;4;2022-04-09;0;0;1;1;1;1080739;6505;1272;17;3793
FR;4;2022-04-10;1;2;0;0;2;1080740;6507;1272;17;3795
FR;4;2022-04-11;3;3;4;0;5;1080743;6510;1276;17;3800
FR;4;2022-04-12;3;1;4;0;2;1080746;6511;1280;17;3802
FR;4;2022-04-13;5;7;2;0;9;1080751;6518;1282;17;3811
FR;4;2022-04-14;6;4;2;1;5;1080757;6522;1284;18;3816
FR;4;2022-04-15;5;8;1;0;9;1080762;6530;1285;18;3825
FR;4;2022-04-16;1;0;0;0;0;1080763;6530;1285;18;3825
FR;4;2022-04-17;2;1;0;0;1;1080765;6531;1285;18;3826
FR;4;2022-04-18;2;2;5;0;3;1080767;6533;1290;18;3829
FR;4;2022-04-19;2;0;1;0;0;1080769;6533;1291;18;3829
FR;4;2022-04-20;14;4;1;0;3;1080783;6537;1292;18;3832
FR;4;2022-04-21;6;1;0;0;1;1080789;6538;1292;18;3833
FR;4;2022-04-22;1;1;2;0;2;1080790;6539;1294;18;3835
FR;4;2022-04-23;2;3;3;0;6;1080792;6542;1297;18;3841
FR;4;2022-04-24;0;2;0;0;2;1080792;6544;1297;18;3843
FR;4;2022-04-25;3;4;3;0;7;1080795;6548;1300;18;3850
FR;4;2022-04-26;5;6;1;0;6;1080800;6554;1301;18;3856
FR;4;2022-04-27;4;1;1;1;1;1080804;6555;1302;19;3857
FR;4;2022-04-28;3;5;5;0;6;1080807;6560;1307;19;3863
FR;4;2022-04-29;6;3;0;0;2;1080813;6563;1307;19;3865
FR;4;2022-04-30;0;1;1;0;2;1080813;6564;1308;19;3867
FR;4;2022-05-01;0;0;0;0;0;1080813;6564;1308;19;3867
FR;4;2022-05-02;5;16;6;0;19;1080818;6580;1314;19;3886
FR;4;2022-05-03;2;6;2;0;7;1080820;6586;1316;19;3893
FR;4;2022-05-04;7;4;1;0;4;1080827;6590;1317;19;3897
FR;4;2022-05-05;2;2;1;1;1;1080829;6592;1318;20;3898
FR;4;2022-05-06;3;3;1;0;2;1080832;6595;1319;20;3900
FR;4;2022-05-07;0;0;0;0;0;1080832;6595;1319;20;3900
FR;4;2022-05-08;1;1;0;0;1;1080833;6596;1319;20;3901
FR;4;2022-05-09;5;1;0;0;1;1080838;6597;1319;20;3902
FR;4;2022-05-10;1;1;0;2;3;1080839;6598;1319;22;3905
FR;4;2022-05-11;3;2;3;0;5;1080842;6600;1322;22;3910
FR;4;2022-05-12;6;3;1;1;4;1080848;6603;1323;23;3914
FR;4;2022-05-13;0;0;2;0;2;1080848;6603;1325;23;3916
FR;4;2022-05-14;0;2;0;0;2;1080848;6605;1325;23;3918
FR;4;2022-05-15;2;2;0;0;0;1080850;6607;1325;23;3918
FR;4;2022-05-16;5;2;2;0;2;1080855;6609;1327;23;3920
FR;4;2022-05-17;5;1;2;0;3;1080860;6610;1329;23;3923
FR;4;2022-05-18;2;5;0;0;5;1080862;6615;1329;23;3928
FR;4;2022-05-19;2;2;3;0;4;1080864;6617;1332;23;3932
FR;4;2022-05-20;3;2;3;0;2;1080867;6619;1335;23;3934
FR;4;2022-05-21;2;0;1;0;1;1080869;6619;1336;23;3935
FR;4;2022-05-22;0;0;1;0;1;1080869;6619;1337;23;3936
FR;4;2022-05-23;0;0;2;0;0;1080869;6619;1339;23;3936
FR;4;2022-05-24;1;4;0;0;4;1080870;6623;1339;23;3940
FR;4;2022-05-25;1;3;0;0;1;1080871;6626;1339;23;3941
FR;4;2022-05-26;4;0;1;0;1;1080875;6626;1340;23;3942
FR;4;2022-05-27;0;1;0;1;1;1080875;6627;1340;24;3943
FR;4;2022-05-28;1;0;0;0;0;1080876;6627;1340;24;3943
FR;4;2022-05-29;1;0;1;0;1;1080877;6627;1341;24;3944
FR;4;2022-05-30;2;4;2;0;5;1080879;6631;1343;24;3949
FR;4;2022-05-31;2;1;0;0;1;1080881;6632;1343;24;3950
FR;4;2022-06-01;1;11;7;0;15;1080882;6643;1350;24;3965
FR;4;2022-06-02;3;5;2;0;5;1080885;6648;1352;24;3970
FR;4;2022-06-03;2;5;4;1;6;1080887;6653;1356;25;3976
FR;4;2022-06-04;0;1;1;0;1;1080887;6654;1357;25;3977
FR;4;2022-06-05;0;0;0;0;0;1080887;6654;1357;25;3977
FR;4;2022-06-06;5;0;3;0;2;1080892;6654;1360;25;3979
FR;4;2022-06-07;5;1;0;1;1;1080897;6655;1360;26;3980
FR;4;2022-06-08;0;3;3;0;6;1080897;6658;1363;26;3986
FR;4;2022-06-09;1;2;0;0;1;1080898;6660;1363;26;3987
FR;4;2022-06-10;3;0;3;0;1;1080901;6660;1366;26;3988
FR;4;2022-06-11;1;0;0;0;0;1080902;6660;1366;26;3988
FR;4;2022-06-12;4;0;0;0;0;1080906;6660;1366;26;3988
FR;4;2022-06-13;4;2;3;0;2;1080910;6662;1369;26;3990
FR;4;2022-06-14;3;2;0;0;2;1080913;6664;1369;26;3992
FR;4;2022-06-15;6;0;4;0;0;1080919;6664;1373;26;3992
FR;4;2022-06-16;1;2;1;1;1;1080920;6666;1374;27;3993
FR;4;2022-06-17;5;1;0;0;1;1080925;6667;1374;27;3994
FR;4;2022-06-18;0;0;0;0;0;1080925;6667;1374;27;3994
FR;4;2022-06-19;0;0;0;0;0;1080925;6667;1374;27;3994
FR;4;2022-06-20;4;2;2;1;3;1080929;6669;1376;28;3997
FR;4;2022-06-21;4;2;3;1;3;1080933;6671;1379;29;4000
FR;4;2022-06-22;3;1;0;0;1;1080936;6672;1379;29;4001
FR;4;2022-06-23;3;3;3;0;5;1080939;6675;1382;29;4006
FR;4;2022-06-24;3;0;2;0;0;1080942;6675;1384;29;4006
FR;4;2022-06-25;1;0;1;1;1;1080943;6675;1385;30;4007
FR;4;2022-06-26;0;0;1;0;1;1080943;6675;1386;30;4008
FR;4;2022-06-27;1;2;0;3;2;1080944;6677;1386;33;4010
FR;4;2022-06-28;0;4;2;1;5;1080944;6681;1388;34;4015
FR;4;2022-06-29;1;2;0;0;2;1080945;6683;1388;34;4017
FR;4;2022-06-30;1;0;0;0;0;1080946;6683;1388;34;4017
FR;4;2022-07-01;2;4;8;0;4;1080948;6687;1396;34;4021
FR;4;2022-07-02;0;1;0;0;0;1080948;6688;1396;34;4021
FR;4;2022-07-03;0;0;0;0;0;1080948;6688;1396;34;4021
FR;4;2022-07-04;2;0;0;0;0;1080950;6688;1396;34;4021
FR;4;2022-07-05;1;0;0;0;0;1080951;6688;1396;34;4021
FR;4;2022-07-06;5;0;1;1;0;1080956;6688;1397;35;4021
FR;4;2022-07-07;1;0;2;1;0;1080957;6688;1399;36;4021
FR;4;2022-07-08;2;1;0;0;1;1080959;6689;1399;36;4022
FR;4;2022-07-09;2;2;1;0;3;1080961;6691;1400;36;4025
FR;4;2022-07-10;2;0;0;0;0;1080963;6691;1400;36;4025
FR;4;2022-07-11;2;0;2;0;0;1080965;6691;1402;36;4025
FR;4;2022-07-12;0;0;1;0;1;1080965;6691;1403;36;4026
FR;4;2022-07-13;2;2;3;0;2;1080967;6693;1406;36;4028
FR;4;2022-07-14;2;0;1;0;0;1080969;6693;1407;36;4028
FR;4;2022-07-15;8;2;0;0;2;1080977;6695;1407;36;4030
FR;4;2022-07-16;3;0;0;2;0;1080980;6695;1407;38;4030
FR;4;2022-07-17;0;0;0;0;0;1080980;6695;1407;38;4030
FR;4;2022-07-18;2;2;1;0;2;1080982;6697;1408;38;4032
FR;4;2022-07-19;3;0;1;0;1;1080985;6697;1409;38;4033
FR;4;2022-07-20;10;0;0;0;0;1080995;6697;1409;38;4033
FR;4;2022-07-21;2;1;1;0;1;1080997;6698;1410;38;4034
FR;4;2022-07-22;3;0;3;0;1;1081000;6698;1413;38;4035
FR;4;2022-07-23;1;2;0;0;1;1081001;6700;1413;38;4036
FR;4;2022-07-24;0;0;0;0;0;1081001;6700;1413;38;4036
FR;4;2022-07-25;4;0;0;0;0;1081005;6700;1413;38;4036
FR;4;2022-07-26;2;0;0;0;0;1081007;6700;1413;38;4036
FR;4;2022-07-27;2;1;0;0;0;1081009;6701;1413;38;4036
FR;4;2022-07-28;3;0;0;0;0;1081012;6701;1413;38;4036
FR;4;2022-07-29;2;0;1;0;0;1081014;6701;1414;38;4036
FR;4;2022-07-30;3;0;2;0;0;1081017;6701;1416;38;4036
FR;4;2022-07-31;0;0;0;0;0;1081017;6701;1416;38;4036
FR;4;2022-08-01;0;0;2;0;1;1081017;6701;1418;38;4037
FR;4;2022-08-02;4;0;0;0;0;1081021;6701;1418;38;4037
FR;4;2022-08-03;0;2;0;0;2;1081021;6703;1418;38;4039
FR;4;2022-08-04;3;1;0;0;1;1081024;6704;1418;38;4040
FR;4;2022-08-05;2;0;1;0;0;1081026;6704;1419;38;4040
FR;4;2022-08-06;2;0;0;0;0;1081028;6704;1419;38;4040
FR;4;2022-08-07;3;0;0;0;0;1081031;6704;1419;38;4040
FR;4;2022-08-08;1;0;1;1;1;1081032;6704;1420;39;4041
FR;4;2022-08-09;2;0;1;2;1;1081034;6704;1421;41;4042
FR;4;2022-08-10;4;1;1;0;1;1081038;6705;1422;41;4043
FR;4;2022-08-11;1;0;0;0;0;1081039;6705;1422;41;4043
FR;4;2022-08-12;4;0;1;0;0;1081043;6705;1423;41;4043
FR;4;2022-08-13;0;0;0;0;0;1081043;6705;1423;41;4043
FR;4;2022-08-14;0;0;0;0;0;1081043;6705;1423;41;4043
FR;4;2022-08-15;0;0;0;0;0;1081043;6705;1423;41;4043
FR;4;2022-08-16;0;0;1;0;1;1081043;6705;1424;41;4044
FR;4;2022-08-17;0;0;0;0;0;1081043;6705;1424;41;4044
FR;4;2022-08-18;0;0;0;0;0;1081043;6705;1424;41;4044
FR;4;2022-08-19;1;0;0;0;0;1081044;6705;1424;41;4044
FR;4;2022-08-20;1;0;0;0;0;1081045;6705;1424;41;4044
FR;4;2022-08-21;0;0;0;0;0;1081045;6705;1424;41;4044
FR;4;2022-08-22;3;0;0;0;0;1081048;6705;1424;41;4044
FR;4;2022-08-23;1;0;0;0;0;1081049;6705;1424;41;4044
FR;4;2022-08-24;1;0;0;0;0;1081050;6705;1424;41;4044
FR;4;2022-08-25;0;0;1;0;0;1081050;6705;1425;41;4044
FR;4;2022-08-26;0;0;0;1;0;1081050;6705;1425;42;4044
FR;4;2022-08-27;0;0;0;0;0;1081050;6705;1425;42;4044
FR;4;2022-08-28;0;0;0;0;0;1081050;6705;1425;42;4044
FR;5;2020-12-27;0;0;0;0;0;0;0;0;0;0
FR;5;2020-12-28;0;0;0;0;0;0;0;0;0;0
FR;5;2020-12-29;0;0;0;0;0;0;0;0;0;0
FR;5;2020-12-30;0;0;0;0;0;0;0;0;0;0
FR;5;2020-12-31;0;0;0;0;0;0;0;0;0;0
FR;5;2021-01-01;0;0;0;0;0;0;0;0;0;0
FR;5;2021-01-02;0;0;0;0;0;0;0;0;0;0
FR;5;2021-01-03;0;0;0;0;0;0;0;0;0;0
FR;5;2021-01-04;0;0;0;0;0;0;0;0;0;0
FR;5;2021-01-05;0;0;0;0;0;0;0;0;0;0
FR;5;2021-01-06;0;0;0;0;0;0;0;0;0;0
FR;5;2021-01-07;0;0;0;0;0;0;0;0;0;0
FR;5;2021-01-08;0;0;0;0;0;0;0;0;0;0
FR;5;2021-01-09;0;0;0;0;0;0;0;0;0;0
FR;5;2021-01-10;0;0;0;0;0;0;0;0;0;0
FR;5;2021-01-11;0;0;0;0;0;0;0;0;0;0
FR;5;2021-01-12;0;0;0;0;0;0;0;0;0;0
FR;5;2021-01-13;0;0;0;0;0;0;0;0;0;0
FR;5;2021-01-14;0;0;0;0;0;0;0;0;0;0
FR;5;2021-01-15;0;0;0;0;0;0;0;0;0;0
FR;5;2021-01-16;0;0;0;0;0;0;0;0;0;0
FR;5;2021-01-17;0;0;0;0;0;0;0;0;0;0
FR;5;2021-01-18;0;0;0;0;0;0;0;0;0;0
FR;5;2021-01-19;0;0;0;0;0;0;0;0;0;0
FR;5;2021-01-20;0;0;0;0;0;0;0;0;0;0
FR;5;2021-01-21;0;0;0;0;0;0;0;0;0;0
FR;5;2021-01-22;0;0;0;0;0;0;0;0;0;0
FR;5;2021-01-23;0;0;0;0;0;0;0;0;0;0
FR;5;2021-01-24;0;0;0;0;0;0;0;0;0;0
FR;5;2021-01-25;0;0;0;0;0;0;0;0;0;0
FR;5;2021-01-26;0;0;0;0;0;0;0;0;0;0
FR;5;2021-01-27;0;0;0;0;0;0;0;0;0;0
FR;5;2021-01-28;0;0;0;0;0;0;0;0;0;0
FR;5;2021-01-29;0;0;0;0;0;0;0;0;0;0
FR;5;2021-01-30;0;0;0;0;0;0;0;0;0;0
FR;5;2021-01-31;0;0;0;0;0;0;0;0;0;0
FR;5;2021-02-01;0;0;0;0;0;0;0;0;0;0
FR;5;2021-02-02;0;0;0;0;0;0;0;0;0;0
FR;5;2021-02-03;0;0;0;0;0;0;0;0;0;0
FR;5;2021-02-04;0;0;0;0;0;0;0;0;0;0
FR;5;2021-02-05;0;0;0;0;0;0;0;0;0;0
FR;5;2021-02-06;0;0;0;0;0;0;0;0;0;0
FR;5;2021-02-07;0;0;0;0;0;0;0;0;0;0
FR;5;2021-02-08;0;0;0;0;0;0;0;0;0;0
FR;5;2021-02-09;0;0;0;0;0;0;0;0;0;0
FR;5;2021-02-10;0;0;0;0;0;0;0;0;0;0
FR;5;2021-02-11;0;0;0;0;0;0;0;0;0;0
FR;5;2021-02-12;0;0;0;0;0;0;0;0;0;0
FR;5;2021-02-13;0;0;0;0;0;0;0;0;0;0
FR;5;2021-02-14;0;0;0;0;0;0;0;0;0;0
FR;5;2021-02-15;0;0;0;0;0;0;0;0;0;0
FR;5;2021-02-16;0;0;0;0;0;0;0;0;0;0
FR;5;2021-02-17;0;0;0;0;0;0;0;0;0;0
FR;5;2021-02-18;0;0;0;0;0;0;0;0;0;0
FR;5;2021-02-19;0;0;0;0;0;0;0;0;0;0
FR;5;2021-02-20;0;0;0;0;0;0;0;0;0;0
FR;5;2021-02-21;0;0;0;0;0;0;0;0;0;0
FR;5;2021-02-22;0;0;0;0;0;0;0;0;0;0
FR;5;2021-02-23;0;0;0;0;0;0;0;0;0;0
FR;5;2021-02-24;0;0;0;0;0;0;0;0;0;0
FR;5;2021-02-25;0;0;0;0;0;0;0;0;0;0
FR;5;2021-02-26;0;0;0;0;0;0;0;0;0;0
FR;5;2021-02-27;0;0;0;0;0;0;0;0;0;0
FR;5;2021-02-28;0;0;0;0;0;0;0;0;0;0
FR;5;2021-03-01;0;0;0;0;0;0;0;0;0;0
FR;5;2021-03-02;0;0;0;0;0;0;0;0;0;0
FR;5;2021-03-03;0;0;0;0;0;0;0;0;0;0
FR;5;2021-03-04;0;0;0;0;0;0;0;0;0;0
FR;5;2021-03-05;0;0;0;0;0;0;0;0;0;0
FR;5;2021-03-06;0;0;0;0;0;0;0;0;0;0
FR;5;2021-03-07;0;0;0;0;0;0;0;0;0;0
FR;5;2021-03-08;0;0;0;0;0;0;0;0;0;0
FR;5;2021-03-09;0;0;0;0;0;0;0;0;0;0
FR;5;2021-03-10;0;0;0;0;0;0;0;0;0;0
FR;5;2021-03-11;0;0;0;0;0;0;0;0;0;0
FR;5;2021-03-12;0;0;0;0;0;0;0;0;0;0
FR;5;2021-03-13;0;0;0;0;0;0;0;0;0;0
FR;5;2021-03-14;0;0;0;0;0;0;0;0;0;0
FR;5;2021-03-15;0;0;0;0;0;0;0;0;0;0
FR;5;2021-03-16;0;0;0;0;0;0;0;0;0;0
FR;5;2021-03-17;0;0;0;0;0;0;0;0;0;0
FR;5;2021-03-18;0;0;0;0;0;0;0;0;0;0
FR;5;2021-03-19;0;0;0;0;0;0;0;0;0;0
FR;5;2021-03-20;0;0;0;0;0;0;0;0;0;0
FR;5;2021-03-21;0;0;0;0;0;0;0;0;0;0
FR;5;2021-03-22;0;0;0;0;0;0;0;0;0;0
FR;5;2021-03-23;0;0;0;0;0;0;0;0;0;0
FR;5;2021-03-24;0;0;0;0;0;0;0;0;0;0
FR;5;2021-03-25;0;0;0;0;0;0;0;0;0;0
FR;5;2021-03-26;0;0;0;0;0;0;0;0;0;0
FR;5;2021-03-27;0;0;0;0;0;0;0;0;0;0
FR;5;2021-03-28;0;0;0;0;0;0;0;0;0;0
FR;5;2021-03-29;0;0;0;0;0;0;0;0;0;0
FR;5;2021-03-30;0;0;0;0;0;0;0;0;0;0
FR;5;2021-03-31;0;0;0;0;0;0;0;0;0;0
FR;5;2021-04-01;0;0;0;0;0;0;0;0;0;0
FR;5;2021-04-02;0;0;0;0;0;0;0;0;0;0
FR;5;2021-04-03;0;0;0;0;0;0;0;0;0;0
FR;5;2021-04-04;0;0;0;0;0;0;0;0;0;0
FR;5;2021-04-05;0;0;0;0;0;0;0;0;0;0
FR;5;2021-04-06;0;0;0;0;0;0;0;0;0;0
FR;5;2021-04-07;0;0;0;0;0;0;0;0;0;0
FR;5;2021-04-08;0;0;0;0;0;0;0;0;0;0
FR;5;2021-04-09;0;0;0;0;0;0;0;0;0;0
FR;5;2021-04-10;0;0;0;0;0;0;0;0;0;0
FR;5;2021-04-11;0;0;0;0;0;0;0;0;0;0
FR;5;2021-04-12;0;0;0;0;0;0;0;0;0;0
FR;5;2021-04-13;0;0;0;0;0;0;0;0;0;0
FR;5;2021-04-14;0;0;0;0;0;0;0;0;0;0
FR;5;2021-04-15;0;0;0;0;0;0;0;0;0;0
FR;5;2021-04-16;0;0;0;0;0;0;0;0;0;0
FR;5;2021-04-17;0;0;0;0;0;0;0;0;0;0
FR;5;2021-04-18;0;0;0;0;0;0;0;0;0;0
FR;5;2021-04-19;0;0;0;0;0;0;0;0;0;0
FR;5;2021-04-20;0;0;0;0;0;0;0;0;0;0
FR;5;2021-04-21;0;0;0;0;0;0;0;0;0;0
FR;5;2021-04-22;0;0;0;0;0;0;0;0;0;0
FR;5;2021-04-23;0;0;0;0;0;0;0;0;0;0
FR;5;2021-04-24;0;0;0;0;0;0;0;0;0;0
FR;5;2021-04-25;0;0;0;0;0;0;0;0;0;0
FR;5;2021-04-26;0;0;0;0;0;0;0;0;0;0
FR;5;2021-04-27;0;0;0;0;0;0;0;0;0;0
FR;5;2021-04-28;0;0;0;0;0;0;0;0;0;0
FR;5;2021-04-29;0;0;0;0;0;0;0;0;0;0
FR;5;2021-04-30;0;0;0;0;0;0;0;0;0;0
FR;5;2021-05-01;0;0;0;0;0;0;0;0;0;0
FR;5;2021-05-02;0;0;0;0;0;0;0;0;0;0
FR;5;2021-05-03;0;0;0;0;0;0;0;0;0;0
FR;5;2021-05-04;0;0;0;0;0;0;0;0;0;0
FR;5;2021-05-05;0;0;0;0;0;0;0;0;0;0
FR;5;2021-05-06;0;0;0;0;0;0;0;0;0;0
FR;5;2021-05-07;0;0;0;0;0;0;0;0;0;0
FR;5;2021-05-08;0;0;0;0;0;0;0;0;0;0
FR;5;2021-05-09;0;0;0;0;0;0;0;0;0;0
FR;5;2021-05-10;0;0;0;0;0;0;0;0;0;0
FR;5;2021-05-11;0;0;0;0;0;0;0;0;0;0
FR;5;2021-05-12;0;0;0;0;0;0;0;0;0;0
FR;5;2021-05-13;0;0;0;0;0;0;0;0;0;0
FR;5;2021-05-14;0;0;0;0;0;0;0;0;0;0
FR;5;2021-05-15;0;0;0;0;0;0;0;0;0;0
FR;5;2021-05-16;0;0;0;0;0;0;0;0;0;0
FR;5;2021-05-17;0;0;0;0;0;0;0;0;0;0
FR;5;2021-05-18;0;0;0;0;0;0;0;0;0;0
FR;5;2021-05-19;0;0;0;0;0;0;0;0;0;0
FR;5;2021-05-20;0;0;0;0;0;0;0;0;0;0
FR;5;2021-05-21;0;0;0;0;0;0;0;0;0;0
FR;5;2021-05-22;0;0;0;0;0;0;0;0;0;0
FR;5;2021-05-23;0;0;0;0;0;0;0;0;0;0
FR;5;2021-05-24;0;0;0;0;0;0;0;0;0;0
FR;5;2021-05-25;0;0;0;0;0;0;0;0;0;0
FR;5;2021-05-26;0;0;0;0;0;0;0;0;0;0
FR;5;2021-05-27;0;0;0;0;0;0;0;0;0;0
FR;5;2021-05-28;0;0;0;0;0;0;0;0;0;0
FR;5;2021-05-29;0;0;0;0;0;0;0;0;0;0
FR;5;2021-05-30;0;0;0;0;0;0;0;0;0;0
FR;5;2021-05-31;0;0;0;0;0;0;0;0;0;0
FR;5;2021-06-01;0;0;0;0;0;0;0;0;0;0
FR;5;2021-06-02;0;0;0;0;0;0;0;0;0;0
FR;5;2021-06-03;0;0;0;0;0;0;0;0;0;0
FR;5;2021-06-04;0;0;0;0;0;0;0;0;0;0
FR;5;2021-06-05;0;0;0;0;0;0;0;0;0;0
FR;5;2021-06-06;0;0;0;0;0;0;0;0;0;0
FR;5;2021-06-07;0;0;0;0;0;0;0;0;0;0
FR;5;2021-06-08;0;0;0;0;0;0;0;0;0;0
FR;5;2021-06-09;0;0;0;0;0;0;0;0;0;0
FR;5;2021-06-10;0;0;0;0;0;0;0;0;0;0
FR;5;2021-06-11;0;0;0;0;0;0;0;0;0;0
FR;5;2021-06-12;0;0;0;0;0;0;0;0;0;0
FR;5;2021-06-13;0;0;0;0;0;0;0;0;0;0
FR;5;2021-06-14;0;0;0;0;0;0;0;0;0;0
FR;5;2021-06-15;0;0;0;0;0;0;0;0;0;0
FR;5;2021-06-16;0;0;0;0;0;0;0;0;0;0
FR;5;2021-06-17;0;0;0;0;0;0;0;0;0;0
FR;5;2021-06-18;0;0;0;0;0;0;0;0;0;0
FR;5;2021-06-19;0;0;0;0;0;0;0;0;0;0
FR;5;2021-06-20;0;0;0;0;0;0;0;0;0;0
FR;5;2021-06-21;0;0;0;0;0;0;0;0;0;0
FR;5;2021-06-22;0;0;0;0;0;0;0;0;0;0
FR;5;2021-06-23;0;0;0;0;0;0;0;0;0;0
FR;5;2021-06-24;0;0;0;0;0;0;0;0;0;0
FR;5;2021-06-25;0;0;0;0;0;0;0;0;0;0
FR;5;2021-06-26;0;0;0;0;0;0;0;0;0;0
FR;5;2021-06-27;0;0;0;0;0;0;0;0;0;0
FR;5;2021-06-28;0;0;0;0;0;0;0;0;0;0
FR;5;2021-06-29;0;0;0;0;0;0;0;0;0;0
FR;5;2021-06-30;0;0;0;0;0;0;0;0;0;0
FR;5;2021-07-01;0;0;0;0;0;0;0;0;0;0
FR;5;2021-07-02;0;0;0;0;0;0;0;0;0;0
FR;5;2021-07-03;0;0;0;0;0;0;0;0;0;0
FR;5;2021-07-04;0;0;0;0;0;0;0;0;0;0
FR;5;2021-07-05;0;0;0;0;0;0;0;0;0;0
FR;5;2021-07-06;0;0;0;0;0;0;0;0;0;0
FR;5;2021-07-07;0;0;0;0;0;0;0;0;0;0
FR;5;2021-07-08;0;0;0;0;0;0;0;0;0;0
FR;5;2021-07-09;0;0;0;0;0;0;0;0;0;0
FR;5;2021-07-10;0;0;0;0;0;0;0;0;0;0
FR;5;2021-07-11;0;0;0;0;0;0;0;0;0;0
FR;5;2021-07-12;0;0;0;0;0;0;0;0;0;0
FR;5;2021-07-13;0;0;0;0;0;0;0;0;0;0
FR;5;2021-07-14;0;0;0;0;0;0;0;0;0;0
FR;5;2021-07-15;0;0;0;0;0;0;0;0;0;0
FR;5;2021-07-16;0;0;0;0;0;0;0;0;0;0
FR;5;2021-07-17;0;0;0;0;0;0;0;0;0;0
FR;5;2021-07-18;0;0;0;0;0;0;0;0;0;0
FR;5;2021-07-19;0;0;0;0;0;0;0;0;0;0
FR;5;2021-07-20;0;0;0;0;0;0;0;0;0;0
FR;5;2021-07-21;0;0;0;0;0;0;0;0;0;0
FR;5;2021-07-22;0;0;0;0;0;0;0;0;0;0
FR;5;2021-07-23;0;0;0;0;0;0;0;0;0;0
FR;5;2021-07-24;0;0;0;0;0;0;0;0;0;0
FR;5;2021-07-25;0;0;0;0;0;0;0;0;0;0
FR;5;2021-07-26;0;0;0;0;0;0;0;0;0;0
FR;5;2021-07-27;0;0;0;0;0;0;0;0;0;0
FR;5;2021-07-28;0;0;0;0;0;0;0;0;0;0
FR;5;2021-07-29;0;0;0;0;0;0;0;0;0;0
FR;5;2021-07-30;0;0;0;0;0;0;0;0;0;0
FR;5;2021-07-31;0;0;0;0;0;0;0;0;0;0
FR;5;2021-08-01;0;0;0;0;0;0;0;0;0;0
FR;5;2021-08-02;0;0;0;0;0;0;0;0;0;0
FR;5;2021-08-03;0;0;0;0;0;0;0;0;0;0
FR;5;2021-08-04;0;0;0;0;0;0;0;0;0;0
FR;5;2021-08-05;0;0;0;0;0;0;0;0;0;0
FR;5;2021-08-06;0;0;0;0;0;0;0;0;0;0
FR;5;2021-08-07;0;0;0;0;0;0;0;0;0;0
FR;5;2021-08-08;0;0;0;0;0;0;0;0;0;0
FR;5;2021-08-09;0;0;0;0;0;0;0;0;0;0
FR;5;2021-08-10;0;0;0;0;0;0;0;0;0;0
FR;5;2021-08-11;0;0;0;0;0;0;0;0;0;0
FR;5;2021-08-12;0;0;0;0;0;0;0;0;0;0
FR;5;2021-08-13;0;0;0;0;0;0;0;0;0;0
FR;5;2021-08-14;0;0;0;0;0;0;0;0;0;0
FR;5;2021-08-15;0;0;0;0;0;0;0;0;0;0
FR;5;2021-08-16;0;0;0;0;0;0;0;0;0;0
FR;5;2021-08-17;0;0;0;0;0;0;0;0;0;0
FR;5;2021-08-18;0;0;0;0;0;0;0;0;0;0
FR;5;2021-08-19;0;0;0;0;0;0;0;0;0;0
FR;5;2021-08-20;0;0;0;0;0;0;0;0;0;0
FR;5;2021-08-21;0;0;0;0;0;0;0;0;0;0
FR;5;2021-08-22;0;0;0;0;0;0;0;0;0;0
FR;5;2021-08-23;0;0;0;0;0;0;0;0;0;0
FR;5;2021-08-24;0;0;0;0;0;0;0;0;0;0
FR;5;2021-08-25;0;0;0;0;0;0;0;0;0;0
FR;5;2021-08-26;0;0;0;0;0;0;0;0;0;0
FR;5;2021-08-27;0;0;0;0;0;0;0;0;0;0
FR;5;2021-08-28;0;0;0;0;0;0;0;0;0;0
FR;5;2021-08-29;0;0;0;0;0;0;0;0;0;0
FR;5;2021-08-30;0;0;0;0;0;0;0;0;0;0
FR;5;2021-08-31;0;0;0;0;0;0;0;0;0;0
FR;5;2021-09-01;0;0;0;0;0;0;0;0;0;0
FR;5;2021-09-02;0;0;0;0;0;0;0;0;0;0
FR;5;2021-09-03;0;0;0;0;0;0;0;0;0;0
FR;5;2021-09-04;0;0;0;0;0;0;0;0;0;0
FR;5;2021-09-05;0;0;0;0;0;0;0;0;0;0
FR;5;2021-09-06;0;0;0;0;0;0;0;0;0;0
FR;5;2021-09-07;0;0;0;0;0;0;0;0;0;0
FR;5;2021-09-08;0;0;0;0;0;0;0;0;0;0
FR;5;2021-09-09;0;0;0;0;0;0;0;0;0;0
FR;5;2021-09-10;0;0;0;0;0;0;0;0;0;0
FR;5;2021-09-11;0;0;0;0;0;0;0;0;0;0
FR;5;2021-09-12;0;0;0;0;0;0;0;0;0;0
FR;5;2021-09-13;0;0;0;0;0;0;0;0;0;0
FR;5;2021-09-14;0;0;0;0;0;0;0;0;0;0
FR;5;2021-09-15;0;0;0;0;0;0;0;0;0;0
FR;5;2021-09-16;0;0;0;0;0;0;0;0;0;0
FR;5;2021-09-17;0;0;0;0;0;0;0;0;0;0
FR;5;2021-09-18;0;0;0;0;0;0;0;0;0;0
FR;5;2021-09-19;0;0;0;0;0;0;0;0;0;0
FR;5;2021-09-20;0;0;0;0;0;0;0;0;0;0
FR;5;2021-09-21;0;0;0;0;0;0;0;0;0;0
FR;5;2021-09-22;0;0;0;0;0;0;0;0;0;0
FR;5;2021-09-23;0;0;0;0;0;0;0;0;0;0
FR;5;2021-09-24;0;0;0;0;0;0;0;0;0;0
FR;5;2021-09-25;0;0;0;0;0;0;0;0;0;0
FR;5;2021-09-26;0;0;0;0;0;0;0;0;0;0
FR;5;2021-09-27;0;0;0;0;0;0;0;0;0;0
FR;5;2021-09-28;0;0;0;0;0;0;0;0;0;0
FR;5;2021-09-29;0;0;0;0;0;0;0;0;0;0
FR;5;2021-09-30;0;0;0;0;0;0;0;0;0;0
FR;5;2021-10-01;0;0;0;0;0;0;0;0;0;0
FR;5;2021-10-02;0;0;0;0;0;0;0;0;0;0
FR;5;2021-10-03;0;0;0;0;0;0;0;0;0;0
FR;5;2021-10-04;0;0;0;0;0;0;0;0;0;0
FR;5;2021-10-05;0;0;0;0;0;0;0;0;0;0
FR;5;2021-10-06;0;0;0;0;0;0;0;0;0;0
FR;5;2021-10-07;0;0;0;0;0;0;0;0;0;0
FR;5;2021-10-08;0;0;0;0;0;0;0;0;0;0
FR;5;2021-10-09;0;0;0;0;0;0;0;0;0;0
FR;5;2021-10-10;0;0;0;0;0;0;0;0;0;0
FR;5;2021-10-11;0;0;0;0;0;0;0;0;0;0
FR;5;2021-10-12;0;0;0;0;0;0;0;0;0;0
FR;5;2021-10-13;0;0;0;0;0;0;0;0;0;0
FR;5;2021-10-14;0;0;0;0;0;0;0;0;0;0
FR;5;2021-10-15;0;0;0;0;0;0;0;0;0;0
FR;5;2021-10-16;0;0;0;0;0;0;0;0;0;0
FR;5;2021-10-17;0;0;0;0;0;0;0;0;0;0
FR;5;2021-10-18;0;0;0;0;0;0;0;0;0;0
FR;5;2021-10-19;0;0;0;0;0;0;0;0;0;0
FR;5;2021-10-20;0;0;0;0;0;0;0;0;0;0
FR;5;2021-10-21;0;0;0;0;0;0;0;0;0;0
FR;5;2021-10-22;0;0;0;0;0;0;0;0;0;0
FR;5;2021-10-23;0;0;0;0;0;0;0;0;0;0
FR;5;2021-10-24;0;0;0;0;0;0;0;0;0;0
FR;5;2021-10-25;0;0;0;0;0;0;0;0;0;0
FR;5;2021-10-26;0;0;0;0;0;0;0;0;0;0
FR;5;2021-10-27;0;0;0;0;0;0;0;0;0;0
FR;5;2021-10-28;0;0;0;0;0;0;0;0;0;0
FR;5;2021-10-29;0;0;0;0;0;0;0;0;0;0
FR;5;2021-10-30;0;0;0;0;0;0;0;0;0;0
FR;5;2021-10-31;0;0;0;0;0;0;0;0;0;0
FR;5;2021-11-01;0;0;0;0;0;0;0;0;0;0
FR;5;2021-11-02;0;0;0;0;0;0;0;0;0;0
FR;5;2021-11-03;0;0;0;0;0;0;0;0;0;0
FR;5;2021-11-04;0;0;0;0;0;0;0;0;0;0
FR;5;2021-11-05;0;0;0;0;0;0;0;0;0;0
FR;5;2021-11-06;0;0;0;0;0;0;0;0;0;0
FR;5;2021-11-07;0;0;0;0;0;0;0;0;0;0
FR;5;2021-11-08;0;0;0;0;0;0;0;0;0;0
FR;5;2021-11-09;0;0;0;0;0;0;0;0;0;0
FR;5;2021-11-10;0;0;0;0;0;0;0;0;0;0
FR;5;2021-11-11;0;0;0;0;0;0;0;0;0;0
FR;5;2021-11-12;0;0;0;0;0;0;0;0;0;0
FR;5;2021-11-13;0;0;0;0;0;0;0;0;0;0
FR;5;2021-11-14;0;0;0;0;0;0;0;0;0;0
FR;5;2021-11-15;0;0;0;0;0;0;0;0;0;0
FR;5;2021-11-16;0;0;0;0;0;0;0;0;0;0
FR;5;2021-11-17;0;0;0;0;0;0;0;0;0;0
FR;5;2021-11-18;0;0;0;0;0;0;0;0;0;0
FR;5;2021-11-19;0;0;0;0;0;0;0;0;0;0
FR;5;2021-11-20;0;0;0;0;0;0;0;0;0;0
FR;5;2021-11-21;0;0;0;0;0;0;0;0;0;0
FR;5;2021-11-22;0;0;0;0;0;0;0;0;0;0
FR;5;2021-11-23;0;0;0;0;0;0;0;0;0;0
FR;5;2021-11-24;0;0;0;0;0;0;0;0;0;0
FR;5;2021-11-25;0;0;0;0;0;0;0;0;0;0
FR;5;2021-11-26;0;0;0;0;0;0;0;0;0;0
FR;5;2021-11-27;0;0;0;0;0;0;0;0;0;0
FR;5;2021-11-28;0;0;0;0;0;0;0;0;0;0
FR;5;2021-11-29;0;0;0;0;0;0;0;0;0;0
FR;5;2021-11-30;0;0;0;0;0;0;0;0;0;0
FR;5;2021-12-01;0;0;0;0;0;0;0;0;0;0
FR;5;2021-12-02;0;0;0;0;0;0;0;0;0;0
FR;5;2021-12-03;0;0;0;0;0;0;0;0;0;0
FR;5;2021-12-04;0;0;0;0;0;0;0;0;0;0
FR;5;2021-12-05;0;0;0;0;0;0;0;0;0;0
FR;5;2021-12-06;0;0;0;0;0;0;0;0;0;0
FR;5;2021-12-07;0;0;0;0;0;0;0;0;0;0
FR;5;2021-12-08;0;0;0;0;0;0;0;0;0;0
FR;5;2021-12-09;0;0;0;0;0;0;0;0;0;0
FR;5;2021-12-10;0;0;0;0;0;0;0;0;0;0
FR;5;2021-12-11;0;0;0;0;0;0;0;0;0;0
FR;5;2021-12-12;0;0;0;0;0;0;0;0;0;0
FR;5;2021-12-13;0;0;0;0;0;0;0;0;0;0
FR;5;2021-12-14;33;45;77;0;88;33;45;77;0;88
FR;5;2021-12-15;196;44;37;0;49;229;89;114;0;137
FR;5;2021-12-16;181;21;44;0;48;410;110;158;0;185
FR;5;2021-12-17;311;16;72;0;74;721;126;230;0;259
FR;5;2021-12-18;766;24;22;0;29;1487;150;252;0;288
FR;5;2021-12-19;586;15;15;0;17;2073;165;267;0;305
FR;5;2021-12-20;1223;31;35;0;38;3296;196;302;0;343
FR;5;2021-12-21;1535;22;54;1;60;4831;218;356;1;403
FR;5;2021-12-22;4069;40;37;0;46;8900;258;393;1;449
FR;5;2021-12-23;3042;16;21;0;25;11942;274;414;1;474
FR;5;2021-12-24;761;18;9;0;14;12703;292;423;1;488
FR;5;2021-12-25;61;5;2;0;3;12764;297;425;1;491
FR;5;2021-12-26;623;6;3;0;4;13387;303;428;1;495
FR;5;2021-12-27;4082;25;21;0;23;17469;328;449;1;518
FR;5;2021-12-28;5204;23;41;1;43;22673;351;490;2;561
FR;5;2021-12-29;8107;34;66;2;69;30780;385;556;4;630
FR;5;2021-12-30;5173;18;33;0;39;35953;403;589;4;669
FR;5;2021-12-31;1553;8;10;0;11;37506;411;599;4;680
FR;5;2022-01-01;185;2;2;0;3;37691;413;601;4;683
FR;5;2022-01-02;1489;1;1;0;1;39180;414;602;4;684
FR;5;2022-01-03;3066;36;33;0;32;42246;450;635;4;716
FR;5;2022-01-04;3034;39;33;0;42;45280;489;668;4;758
FR;5;2022-01-05;19323;203;97;1;108;64603;692;765;5;866
FR;5;2022-01-06;3746;133;122;0;142;68349;825;887;5;1008
FR;5;2022-01-07;5007;202;48;2;56;73356;1027;935;7;1064
FR;5;2022-01-08;13659;514;45;0;52;87015;1541;980;7;1116
FR;5;2022-01-09;5754;399;15;0;20;92769;1940;995;7;1136
FR;5;2022-01-10;3455;326;25;0;29;96224;2266;1020;7;1165
FR;5;2022-01-11;3671;284;38;0;41;99895;2550;1058;7;1206
FR;5;2022-01-12;22652;3005;90;0;113;122547;5555;1148;7;1319
FR;5;2022-01-13;4037;622;30;0;32;126584;6177;1178;7;1351
FR;5;2022-01-14;4843;582;44;0;51;131427;6759;1222;7;1402
FR;5;2022-01-15;14685;1746;38;3;49;146112;8505;1260;10;1451
FR;5;2022-01-16;4727;666;3;0;5;150839;9171;1263;10;1456
FR;5;2022-01-17;2297;716;26;0;29;153136;9887;1289;10;1485
FR;5;2022-01-18;2430;870;30;0;40;155566;10757;1319;10;1525
FR;5;2022-01-19;18483;6423;74;2;142;174049;17180;1393;12;1667
FR;5;2022-01-20;1920;1068;25;0;34;175969;18248;1418;12;1701
FR;5;2022-01-21;3077;1372;47;1;59;179046;19620;1465;13;1760
FR;5;2022-01-22;10721;3454;33;1;43;189767;23074;1498;14;1803
FR;5;2022-01-23;2629;1415;6;0;10;192396;24489;1504;14;1813
FR;5;2022-01-24;1160;1340;19;0;23;193556;25829;1523;14;1836
FR;5;2022-01-25;1220;1549;19;2;30;194776;27378;1542;16;1866
FR;5;2022-01-26;10752;12027;50;1;89;205528;39405;1592;17;1955
FR;5;2022-01-27;1291;1693;10;0;17;206819;41098;1602;17;1972
FR;5;2022-01-28;1699;3347;16;0;19;208518;44445;1618;17;1991
FR;5;2022-01-29;6238;8041;68;0;96;214756;52486;1686;17;2087
FR;5;2022-01-30;1509;2950;5;0;18;216265;55436;1691;17;2105
FR;5;2022-01-31;589;1773;23;0;24;216854;57209;1714;17;2129
FR;5;2022-02-01;712;1706;10;0;15;217566;58915;1724;17;2144
FR;5;2022-02-02;6957;15656;52;0;94;224523;74571;1776;17;2238
FR;5;2022-02-03;491;1690;14;0;13;225014;76261;1790;17;2251
FR;5;2022-02-04;945;3002;19;0;31;225959;79263;1809;17;2282
FR;5;2022-02-05;3535;8917;23;0;37;229494;88180;1832;17;2319
FR;5;2022-02-06;737;2397;10;0;19;230231;90577;1842;17;2338
FR;5;2022-02-07;884;1596;23;0;25;231115;92173;1865;17;2363
FR;5;2022-02-08;722;1287;18;0;20;231837;93460;1883;17;2383
FR;5;2022-02-09;4544;12878;44;0;76;236381;106338;1927;17;2459
FR;5;2022-02-10;646;1059;14;0;15;237027;107397;1941;17;2474
FR;5;2022-02-11;793;2032;16;0;21;237820;109429;1957;17;2495
FR;5;2022-02-12;2286;6813;33;0;53;240106;116242;1990;17;2548
FR;5;2022-02-13;464;1540;8;0;8;240570;117782;1998;17;2556
FR;5;2022-02-14;678;1288;10;0;13;241248;119070;2008;17;2569
FR;5;2022-02-15;482;886;9;0;14;241730;119956;2017;17;2583
FR;5;2022-02-16;2980;9123;41;1;58;244710;129079;2058;18;2641
FR;5;2022-02-17;436;809;6;0;7;245146;129888;2064;18;2648
FR;5;2022-02-18;649;1408;13;0;17;245795;131296;2077;18;2665
FR;5;2022-02-19;1373;4315;16;0;28;247168;135611;2093;18;2693
FR;5;2022-02-20;247;879;6;0;8;247415;136490;2099;18;2701
FR;5;2022-02-21;221;607;2;0;4;247636;137097;2101;18;2705
FR;5;2022-02-22;262;545;17;0;17;247898;137642;2118;18;2722
FR;5;2022-02-23;1909;6926;23;1;43;249807;144568;2141;19;2765
FR;5;2022-02-24;182;374;6;1;7;249989;144942;2147;20;2772
FR;5;2022-02-25;336;950;13;0;12;250325;145892;2160;20;2784
FR;5;2022-02-26;972;3070;11;0;15;251297;148962;2171;20;2799
FR;5;2022-02-27;150;506;0;0;3;251447;149468;2171;20;2802
FR;5;2022-02-28;162;369;1;0;1;251609;149837;2172;20;2803
FR;5;2022-03-01;130;280;6;0;7;251739;150117;2178;20;2810
FR;5;2022-03-02;1241;4156;28;3;40;252980;154273;2206;23;2850
FR;5;2022-03-03;121;251;5;0;10;253101;154524;2211;23;2860
FR;5;2022-03-04;196;488;13;0;14;253297;155012;2224;23;2874
FR;5;2022-03-05;677;1990;8;0;16;253974;157002;2232;23;2890
FR;5;2022-03-06;108;260;0;0;0;254082;157262;2232;23;2890
FR;5;2022-03-07;71;228;5;0;3;254153;157490;2237;23;2893
FR;5;2022-03-08;46;134;7;1;8;254199;157624;2244;24;2901
FR;5;2022-03-09;910;3078;24;0;36;255109;160702;2268;24;2937
FR;5;2022-03-10;82;202;8;0;12;255191;160904;2276;24;2949
FR;5;2022-03-11;148;369;13;1;15;255339;161273;2289;25;2964
FR;5;2022-03-12;758;1613;13;1;30;256097;162886;2302;26;2994
FR;5;2022-03-13;78;100;0;0;0;256175;162986;2302;26;2994
FR;5;2022-03-14;67;119;7;1;7;256242;163105;2309;27;3001
FR;5;2022-03-15;83;99;4;0;7;256325;163204;2313;27;3008
FR;5;2022-03-16;883;1827;15;3;36;257208;165031;2328;30;3044
FR;5;2022-03-17;68;123;8;4;10;257276;165154;2336;34;3054
FR;5;2022-03-18;172;318;13;4;18;257448;165472;2349;38;3072
FR;5;2022-03-19;751;1163;12;5;33;258199;166635;2361;43;3105
FR;5;2022-03-20;45;93;1;0;1;258244;166728;2362;43;3106
FR;5;2022-03-21;71;120;10;6;15;258315;166848;2372;49;3121
FR;5;2022-03-22;56;119;8;8;9;258371;166967;2380;57;3130
FR;5;2022-03-23;805;1461;14;8;36;259176;168428;2394;65;3166
FR;5;2022-03-24;70;93;8;7;7;259246;168521;2402;72;3173
FR;5;2022-03-25;222;293;14;8;18;259468;168814;2416;80;3191
FR;5;2022-03-26;707;853;12;5;26;260175;169667;2428;85;3217
FR;5;2022-03-27;75;80;0;0;3;260250;169747;2428;85;3220
FR;5;2022-03-28;81;93;1;2;3;260331;169840;2429;87;3223
FR;5;2022-03-29;71;82;10;4;12;260402;169922;2439;91;3235
FR;5;2022-03-30;823;1116;16;13;29;261225;171038;2455;104;3264
FR;5;2022-03-31;102;125;1;4;6;261327;171163;2456;108;3270
FR;5;2022-04-01;114;86;7;12;11;261441;171249;2463;120;3281
FR;5;2022-04-02;330;349;3;3;15;261771;171598;2466;123;3296
FR;5;2022-04-03;54;59;1;0;1;261825;171657;2467;123;3297
FR;5;2022-04-04;40;57;4;1;8;261865;171714;2471;124;3305
FR;5;2022-04-05;52;60;6;7;9;261917;171774;2477;131;3314
FR;5;2022-04-06;421;439;7;15;16;262338;172213;2484;146;3330
FR;5;2022-04-07;45;69;5;7;7;262383;172282;2489;153;3337
FR;5;2022-04-08;134;112;12;13;14;262517;172394;2501;166;3351
FR;5;2022-04-09;311;324;2;5;17;262828;172718;2503;171;3368
FR;5;2022-04-10;43;31;2;0;2;262871;172749;2505;171;3370
FR;5;2022-04-11;50;60;3;2;4;262921;172809;2508;173;3374
FR;5;2022-04-12;59;54;3;3;5;262980;172863;2511;176;3379
FR;5;2022-04-13;382;413;3;8;16;263362;173276;2514;184;3395
FR;5;2022-04-14;48;48;5;5;9;263410;173324;2519;189;3404
FR;5;2022-04-15;91;109;4;4;5;263501;173433;2523;193;3409
FR;5;2022-04-16;188;184;2;1;13;263689;173617;2525;194;3422
FR;5;2022-04-17;12;11;1;0;1;263701;173628;2526;194;3423
FR;5;2022-04-18;9;10;2;0;3;263710;173638;2528;194;3426
FR;5;2022-04-19;75;71;6;1;6;263785;173709;2534;195;3432
FR;5;2022-04-20;361;349;9;6;12;264146;174058;2543;201;3444
FR;5;2022-04-21;42;64;9;10;12;264188;174122;2552;211;3456
FR;5;2022-04-22;113;96;5;4;5;264301;174218;2557;215;3461
FR;5;2022-04-23;209;193;3;2;10;264510;174411;2560;217;3471
FR;5;2022-04-24;37;35;0;0;3;264547;174446;2560;217;3474
FR;5;2022-04-25;69;65;1;1;4;264616;174511;2561;218;3478
FR;5;2022-04-26;60;63;2;1;5;264676;174574;2563;219;3483
FR;5;2022-04-27;335;316;2;7;14;265011;174890;2565;226;3497
FR;5;2022-04-28;81;54;4;5;8;265092;174944;2569;231;3505
FR;5;2022-04-29;117;84;5;19;12;265209;175028;2574;250;3517
FR;5;2022-04-30;183;114;2;3;10;265392;175142;2576;253;3527
FR;5;2022-05-01;11;7;0;0;0;265403;175149;2576;253;3527
FR;5;2022-05-02;52;28;4;5;2;265455;175177;2580;258;3529
FR;5;2022-05-03;84;57;2;5;11;265539;175234;2582;263;3540
FR;5;2022-05-04;278;205;1;2;7;265817;175439;2583;265;3547
FR;5;2022-05-05;62;32;3;4;5;265879;175471;2586;269;3552
FR;5;2022-05-06;105;65;2;3;5;265984;175536;2588;272;3557
FR;5;2022-05-07;171;117;3;10;13;266155;175653;2591;282;3570
FR;5;2022-05-08;8;8;0;0;2;266163;175661;2591;282;3572
FR;5;2022-05-09;44;34;15;3;16;266207;175695;2606;285;3588
FR;5;2022-05-10;54;49;3;4;5;266261;175744;2609;289;3593
FR;5;2022-05-11;326;237;12;7;21;266587;175981;2621;296;3614
FR;5;2022-05-12;46;34;2;2;2;266633;176015;2623;298;3616
FR;5;2022-05-13;109;83;3;8;8;266742;176098;2626;306;3624
FR;5;2022-05-14;209;131;0;1;8;266951;176229;2626;307;3632
FR;5;2022-05-15;22;9;2;0;1;266973;176238;2628;307;3633
FR;5;2022-05-16;52;34;4;5;4;267025;176272;2632;312;3637
FR;5;2022-05-17;72;40;5;0;2;267097;176312;2637;312;3639
FR;5;2022-05-18;289;215;4;4;8;267386;176527;2641;316;3647
FR;5;2022-05-19;45;35;5;3;3;267431;176562;2646;319;3650
FR;5;2022-05-20;76;63;3;10;1;267507;176625;2649;329;3651
FR;5;2022-05-21;242;166;2;3;17;267749;176791;2651;332;3668
FR;5;2022-05-22;20;14;2;5;2;267769;176805;2653;337;3670
FR;5;2022-05-23;42;31;4;3;6;267811;176836;2657;340;3676
FR;5;2022-05-24;47;45;3;2;5;267858;176881;2660;342;3681
FR;5;2022-05-25;329;257;4;1;16;268187;177138;2664;343;3697
FR;5;2022-05-26;17;5;0;1;2;268204;177143;2664;344;3699
FR;5;2022-05-27;99;54;4;4;9;268303;177197;2668;348;3708
FR;5;2022-05-28;100;78;5;3;10;268403;177275;2673;351;3718
FR;5;2022-05-29;14;14;1;0;2;268417;177289;2674;351;3720
FR;5;2022-05-30;56;41;2;1;2;268473;177330;2676;352;3722
FR;5;2022-05-31;57;43;1;8;1;268530;177373;2677;360;3723
FR;5;2022-06-01;257;241;9;2;25;268787;177614;2686;362;3748
FR;5;2022-06-02;63;61;5;0;9;268850;177675;2691;362;3757
FR;5;2022-06-03;81;71;4;5;10;268931;177746;2695;367;3767
FR;5;2022-06-04;156;109;2;1;9;269087;177855;2697;368;3776
FR;5;2022-06-05;18;11;0;0;1;269105;177866;2697;368;3777
FR;5;2022-06-06;16;9;0;1;0;269121;177875;2697;369;3777
FR;5;2022-06-07;50;56;1;1;2;269171;177931;2698;370;3779
FR;5;2022-06-08;283;225;3;4;17;269454;178156;2701;374;3796
FR;5;2022-06-09;52;41;6;3;7;269506;178197;2707;377;3803
FR;5;2022-06-10;80;72;1;1;6;269586;178269;2708;378;3809
FR;5;2022-06-11;172;141;3;3;10;269758;178410;2711;381;3819
FR;5;2022-06-12;17;16;0;0;2;269775;178426;2711;381;3821
FR;5;2022-06-13;56;47;9;3;10;269831;178473;2720;384;3831
FR;5;2022-06-14;59;56;1;3;6;269890;178529;2721;387;3837
FR;5;2022-06-15;266;260;5;2;27;270156;178789;2726;389;3864
FR;5;2022-06-16;47;29;5;2;5;270203;178818;2731;391;3869
FR;5;2022-06-17;98;67;5;5;10;270301;178885;2736;396;3879
FR;5;2022-06-18;146;95;10;2;26;270447;178980;2746;398;3905
FR;5;2022-06-19;26;15;0;1;4;270473;178995;2746;399;3909
FR;5;2022-06-20;56;49;8;0;11;270529;179044;2754;399;3920
FR;5;2022-06-21;52;73;5;3;7;270581;179117;2759;402;3927
FR;5;2022-06-22;224;247;7;9;33;270805;179364;2766;411;3960
FR;5;2022-06-23;50;38;2;5;6;270855;179402;2768;416;3966
FR;5;2022-06-24;91;69;12;5;16;270946;179471;2780;421;3982
FR;5;2022-06-25;154;124;3;7;14;271100;179595;2783;428;3996
FR;5;2022-06-26;26;19;2;0;5;271126;179614;2785;428;4001
FR;5;2022-06-27;57;60;5;7;11;271183;179674;2790;435;4012
FR;5;2022-06-28;70;49;8;2;14;271253;179723;2798;437;4026
FR;5;2022-06-29;297;268;9;21;34;271550;179991;2807;458;4060
FR;5;2022-06-30;88;57;10;12;17;271638;180048;2817;470;4077
FR;5;2022-07-01;124;65;7;11;12;271762;180113;2824;481;4089
FR;5;2022-07-02;191;131;4;0;22;271953;180244;2828;481;4111
FR;5;2022-07-03;30;25;1;0;4;271983;180269;2829;481;4115
FR;5;2022-07-04;103;64;2;5;6;272086;180333;2831;486;4121
FR;5;2022-07-05;104;72;3;8;13;272190;180405;2834;494;4134
FR;5;2022-07-06;277;168;9;36;27;272467;180573;2843;530;4161
FR;5;2022-07-07;87;68;6;9;13;272554;180641;2849;539;4174
FR;5;2022-07-08;152;120;7;14;25;272706;180761;2856;553;4199
FR;5;2022-07-09;116;68;1;8;10;272822;180829;2857;561;4209
FR;5;2022-07-10;15;6;0;0;1;272837;180835;2857;561;4210
FR;5;2022-07-11;92;72;10;2;19;272929;180907;2867;563;4229
FR;5;2022-07-12;67;63;5;10;7;272996;180970;2872;573;4236
FR;5;2022-07-13;167;117;10;19;16;273163;181087;2882;592;4252
FR;5;2022-07-14;8;4;0;0;0;273171;181091;2882;592;4252
FR;5;2022-07-15;74;66;5;14;15;273245;181157;2887;606;4267
FR;5;2022-07-16;54;44;3;0;3;273299;181201;2890;606;4270
FR;5;2022-07-17;10;7;0;0;1;273309;181208;2890;606;4271
FR;5;2022-07-18;60;46;0;5;3;273369;181254;2890;611;4274
FR;5;2022-07-19;63;42;5;3;7;273432;181296;2895;614;4281
FR;5;2022-07-20;119;106;4;11;14;273551;181402;2899;625;4295
FR;5;2022-07-21;38;43;2;10;5;273589;181445;2901;635;4300
FR;5;2022-07-22;45;69;11;14;23;273634;181514;2912;649;4323
FR;5;2022-07-23;59;78;2;1;11;273693;181592;2914;650;4334
FR;5;2022-07-24;11;9;3;1;3;273704;181601;2917;651;4337
FR;5;2022-07-25;53;48;2;7;8;273757;181649;2919;658;4345
FR;5;2022-07-26;57;53;5;41;6;273814;181702;2924;699;4351
FR;5;2022-07-27;106;118;4;4;13;273920;181820;2928;703;4364
FR;5;2022-07-28;39;35;2;2;6;273959;181855;2930;705;4370
FR;5;2022-07-29;56;72;3;13;8;274015;181927;2933;718;4378
FR;5;2022-07-30;53;53;5;1;7;274068;181980;2938;719;4385
FR;5;2022-07-31;7;11;1;0;1;274075;181991;2939;719;4386
FR;5;2022-08-01;38;52;1;2;6;274113;182043;2940;721;4392
FR;5;2022-08-02;31;43;8;7;8;274144;182086;2948;728;4400
FR;5;2022-08-03;54;51;4;10;9;274198;182137;2952;738;4409
FR;5;2022-08-04;20;18;1;6;1;274218;182155;2953;744;4410
FR;5;2022-08-05;34;24;3;3;3;274252;182179;2956;747;4413
FR;5;2022-08-06;23;26;1;0;1;274275;182205;2957;747;4414
FR;5;2022-08-07;2;2;1;0;1;274277;182207;2958;747;4415
FR;5;2022-08-08;25;19;1;2;2;274302;182226;2959;749;4417
FR;5;2022-08-09;26;28;3;3;3;274328;182254;2962;752;4420
FR;5;2022-08-10;46;47;2;0;5;274374;182301;2964;752;4425
FR;5;2022-08-11;19;34;2;2;5;274393;182335;2966;754;4430
FR;5;2022-08-12;27;28;2;0;2;274420;182363;2968;754;4432
FR;5;2022-08-13;15;18;0;0;0;274435;182381;2968;754;4432
FR;5;2022-08-14;2;3;0;0;0;274437;182384;2968;754;4432
FR;5;2022-08-15;2;4;0;0;0;274439;182388;2968;754;4432
FR;5;2022-08-16;33;26;2;0;5;274472;182414;2970;754;4437
FR;5;2022-08-17;49;55;2;1;1;274521;182469;2972;755;4438
FR;5;2022-08-18;26;17;4;17;6;274547;182486;2976;772;4444
FR;5;2022-08-19;25;32;1;2;2;274572;182518;2977;774;4446
FR;5;2022-08-20;23;27;2;1;4;274595;182545;2979;775;4450
FR;5;2022-08-21;7;2;1;0;1;274602;182547;2980;775;4451
FR;5;2022-08-22;38;24;1;6;2;274640;182571;2981;781;4453
FR;5;2022-08-23;26;25;1;1;2;274666;182596;2982;782;4455
FR;5;2022-08-24;47;42;0;0;0;274713;182638;2982;782;4455
FR;5;2022-08-25;27;26;3;1;2;274740;182664;2985;783;4457
FR;5;2022-08-26;47;38;7;2;5;274787;182702;2992;785;4462
FR;5;2022-08-27;44;28;1;0;3;274831;182730;2993;785;4465
FR;5;2022-08-28;5;6;0;0;0;274836;182736;2993;785;4465
FR;6;2020-12-27;0;0;0;0;0;0;0;0;0;0
FR;6;2020-12-28;0;0;0;0;0;0;0;0;0;0
FR;6;2020-12-29;0;0;0;0;0;0;0;0;0;0
FR;6;2020-12-30;0;0;0;0;0;0;0;0;0;0
FR;6;2020-12-31;0;0;0;0;0;0;0;0;0;0
FR;6;2021-01-01;0;0;0;0;0;0;0;0;0;0
FR;6;2021-01-02;0;0;0;0;0;0;0;0;0;0
FR;6;2021-01-03;0;0;0;0;0;0;0;0;0;0
FR;6;2021-01-04;0;0;0;0;0;0;0;0;0;0
FR;6;2021-01-05;0;0;0;0;0;0;0;0;0;0
FR;6;2021-01-06;0;0;0;0;0;0;0;0;0;0
FR;6;2021-01-07;0;0;0;0;0;0;0;0;0;0
FR;6;2021-01-08;0;0;0;0;0;0;0;0;0;0
FR;6;2021-01-09;0;0;0;0;0;0;0;0;0;0
FR;6;2021-01-10;0;0;0;0;0;0;0;0;0;0
FR;6;2021-01-11;0;0;0;0;0;0;0;0;0;0
FR;6;2021-01-12;0;0;0;0;0;0;0;0;0;0
FR;6;2021-01-13;0;0;0;0;0;0;0;0;0;0
FR;6;2021-01-14;0;0;0;0;0;0;0;0;0;0
FR;6;2021-01-15;0;0;0;0;0;0;0;0;0;0
FR;6;2021-01-16;0;0;0;0;0;0;0;0;0;0
FR;6;2021-01-17;0;0;0;0;0;0;0;0;0;0
FR;6;2021-01-18;0;0;0;0;0;0;0;0;0;0
FR;6;2021-01-19;0;0;0;0;0;0;0;0;0;0
FR;6;2021-01-20;0;0;0;0;0;0;0;0;0;0
FR;6;2021-01-21;0;0;0;0;0;0;0;0;0;0
FR;6;2021-01-22;0;0;0;0;0;0;0;0;0;0
FR;6;2021-01-23;0;0;0;0;0;0;0;0;0;0
FR;6;2021-01-24;0;0;0;0;0;0;0;0;0;0
FR;6;2021-01-25;0;0;0;0;0;0;0;0;0;0
FR;6;2021-01-26;0;0;0;0;0;0;0;0;0;0
FR;6;2021-01-27;0;0;0;0;0;0;0;0;0;0
FR;6;2021-01-28;0;0;0;0;0;0;0;0;0;0
FR;6;2021-01-29;0;0;0;0;0;0;0;0;0;0
FR;6;2021-01-30;0;0;0;0;0;0;0;0;0;0
FR;6;2021-01-31;0;0;0;0;0;0;0;0;0;0
FR;6;2021-02-01;0;0;0;0;0;0;0;0;0;0
FR;6;2021-02-02;0;0;0;0;0;0;0;0;0;0
FR;6;2021-02-03;0;0;0;0;0;0;0;0;0;0
FR;6;2021-02-04;0;0;0;0;0;0;0;0;0;0
FR;6;2021-02-05;0;0;0;0;0;0;0;0;0;0
FR;6;2021-02-06;0;0;0;0;0;0;0;0;0;0
FR;6;2021-02-07;0;0;0;0;0;0;0;0;0;0
FR;6;2021-02-08;0;0;0;0;0;0;0;0;0;0
FR;6;2021-02-09;0;0;0;0;0;0;0;0;0;0
FR;6;2021-02-10;0;0;0;0;0;0;0;0;0;0
FR;6;2021-02-11;0;0;0;0;0;0;0;0;0;0
FR;6;2021-02-12;0;0;0;0;0;0;0;0;0;0
FR;6;2021-02-13;0;0;0;0;0;0;0;0;0;0
FR;6;2021-02-14;0;0;0;0;0;0;0;0;0;0
FR;6;2021-02-15;0;0;0;0;0;0;0;0;0;0
FR;6;2021-02-16;0;0;0;0;0;0;0;0;0;0
FR;6;2021-02-17;0;0;0;0;0;0;0;0;0;0
FR;6;2021-02-18;0;0;0;0;0;0;0;0;0;0
FR;6;2021-02-19;0;0;0;0;0;0;0;0;0;0
FR;6;2021-02-20;0;0;0;0;0;0;0;0;0;0
FR;6;2021-02-21;0;0;0;0;0;0;0;0;0;0
FR;6;2021-02-22;0;0;0;0;0;0;0;0;0;0
FR;6;2021-02-23;0;0;0;0;0;0;0;0;0;0
FR;6;2021-02-24;0;0;0;0;0;0;0;0;0;0
FR;6;2021-02-25;0;0;0;0;0;0;0;0;0;0
FR;6;2021-02-26;0;0;0;0;0;0;0;0;0;0
FR;6;2021-02-27;0;0;0;0;0;0;0;0;0;0
FR;6;2021-02-28;0;0;0;0;0;0;0;0;0;0
FR;6;2021-03-01;0;0;0;0;0;0;0;0;0;0
FR;6;2021-03-02;0;0;0;0;0;0;0;0;0;0
FR;6;2021-03-03;0;0;0;0;0;0;0;0;0;0
FR;6;2021-03-04;0;0;0;0;0;0;0;0;0;0
FR;6;2021-03-05;0;0;0;0;0;0;0;0;0;0
FR;6;2021-03-06;0;0;0;0;0;0;0;0;0;0
FR;6;2021-03-07;0;0;0;0;0;0;0;0;0;0
FR;6;2021-03-08;0;0;0;0;0;0;0;0;0;0
FR;6;2021-03-09;0;0;0;0;0;0;0;0;0;0
FR;6;2021-03-10;0;0;0;0;0;0;0;0;0;0
FR;6;2021-03-11;0;0;0;0;0;0;0;0;0;0
FR;6;2021-03-12;0;0;0;0;0;0;0;0;0;0
FR;6;2021-03-13;0;0;0;0;0;0;0;0;0;0
FR;6;2021-03-14;0;0;0;0;0;0;0;0;0;0
FR;6;2021-03-15;0;0;0;0;0;0;0;0;0;0
FR;6;2021-03-16;0;0;0;0;0;0;0;0;0;0
FR;6;2021-03-17;0;0;0;0;0;0;0;0;0;0
FR;6;2021-03-18;0;0;0;0;0;0;0;0;0;0
FR;6;2021-03-19;0;0;0;0;0;0;0;0;0;0
FR;6;2021-03-20;0;0;0;0;0;0;0;0;0;0
FR;6;2021-03-21;0;0;0;0;0;0;0;0;0;0
FR;6;2021-03-22;0;0;0;0;0;0;0;0;0;0
FR;6;2021-03-23;0;0;0;0;0;0;0;0;0;0
FR;6;2021-03-24;0;0;0;0;0;0;0;0;0;0
FR;6;2021-03-25;0;0;0;0;0;0;0;0;0;0
FR;6;2021-03-26;0;0;0;0;0;0;0;0;0;0
FR;6;2021-03-27;0;0;0;0;0;0;0;0;0;0
FR;6;2021-03-28;0;0;0;0;0;0;0;0;0;0
FR;6;2021-03-29;0;0;0;0;0;0;0;0;0;0
FR;6;2021-03-30;0;0;0;0;0;0;0;0;0;0
FR;6;2021-03-31;0;0;0;0;0;0;0;0;0;0
FR;6;2021-04-01;0;0;0;0;0;0;0;0;0;0
FR;6;2021-04-02;0;0;0;0;0;0;0;0;0;0
FR;6;2021-04-03;0;0;0;0;0;0;0;0;0;0
FR;6;2021-04-04;0;0;0;0;0;0;0;0;0;0
FR;6;2021-04-05;0;0;0;0;0;0;0;0;0;0
FR;6;2021-04-06;0;0;0;0;0;0;0;0;0;0
FR;6;2021-04-07;0;0;0;0;0;0;0;0;0;0
FR;6;2021-04-08;0;0;0;0;0;0;0;0;0;0
FR;6;2021-04-09;0;0;0;0;0;0;0;0;0;0
FR;6;2021-04-10;0;0;0;0;0;0;0;0;0;0
FR;6;2021-04-11;0;0;0;0;0;0;0;0;0;0
FR;6;2021-04-12;0;0;0;0;0;0;0;0;0;0
FR;6;2021-04-13;0;0;0;0;0;0;0;0;0;0
FR;6;2021-04-14;0;0;0;0;0;0;0;0;0;0
FR;6;2021-04-15;0;0;0;0;0;0;0;0;0;0
FR;6;2021-04-16;0;0;0;0;0;0;0;0;0;0
FR;6;2021-04-17;0;0;0;0;0;0;0;0;0;0
FR;6;2021-04-18;0;0;0;0;0;0;0;0;0;0
FR;6;2021-04-19;0;0;0;0;0;0;0;0;0;0
FR;6;2021-04-20;0;0;0;0;0;0;0;0;0;0
FR;6;2021-04-21;0;0;0;0;0;0;0;0;0;0
FR;6;2021-04-22;0;0;0;0;0;0;0;0;0;0
FR;6;2021-04-23;0;0;0;0;0;0;0;0;0;0
FR;6;2021-04-24;0;0;0;0;0;0;0;0;0;0
FR;6;2021-04-25;0;0;0;0;0;0;0;0;0;0
FR;6;2021-04-26;0;0;0;0;0;0;0;0;0;0
FR;6;2021-04-27;0;0;0;0;0;0;0;0;0;0
FR;6;2021-04-28;0;0;0;0;0;0;0;0;0;0
FR;6;2021-04-29;0;0;0;0;0;0;0;0;0;0
FR;6;2021-04-30;0;0;0;0;0;0;0;0;0;0
FR;6;2021-05-01;0;0;0;0;0;0;0;0;0;0
FR;6;2021-05-02;0;0;0;0;0;0;0;0;0;0
FR;6;2021-05-03;0;0;0;0;0;0;0;0;0;0
FR;6;2021-05-04;0;0;0;0;0;0;0;0;0;0
FR;6;2021-05-05;0;0;0;0;0;0;0;0;0;0
FR;6;2021-05-06;0;0;0;0;0;0;0;0;0;0
FR;6;2021-05-07;0;0;0;0;0;0;0;0;0;0
FR;6;2021-05-08;0;0;0;0;0;0;0;0;0;0
FR;6;2021-05-09;0;0;0;0;0;0;0;0;0;0
FR;6;2021-05-10;0;0;0;0;0;0;0;0;0;0
FR;6;2021-05-11;0;0;0;0;0;0;0;0;0;0
FR;6;2021-05-12;0;0;0;0;0;0;0;0;0;0
FR;6;2021-05-13;0;0;0;0;0;0;0;0;0;0
FR;6;2021-05-14;0;0;0;0;0;0;0;0;0;0
FR;6;2021-05-15;0;0;0;0;0;0;0;0;0;0
FR;6;2021-05-16;0;0;0;0;0;0;0;0;0;0
FR;6;2021-05-17;0;0;0;0;0;0;0;0;0;0
FR;6;2021-05-18;0;0;0;0;0;0;0;0;0;0
FR;6;2021-05-19;0;0;0;0;0;0;0;0;0;0
FR;6;2021-05-20;0;0;0;0;0;0;0;0;0;0
FR;6;2021-05-21;0;0;0;0;0;0;0;0;0;0
FR;6;2021-05-22;0;0;0;0;0;0;0;0;0;0
FR;6;2021-05-23;0;0;0;0;0;0;0;0;0;0
FR;6;2021-05-24;0;0;0;0;0;0;0;0;0;0
FR;6;2021-05-25;0;0;0;0;0;0;0;0;0;0
FR;6;2021-05-26;0;0;0;0;0;0;0;0;0;0
FR;6;2021-05-27;0;0;0;0;0;0;0;0;0;0
FR;6;2021-05-28;0;0;0;0;0;0;0;0;0;0
FR;6;2021-05-29;0;0;0;0;0;0;0;0;0;0
FR;6;2021-05-30;0;0;0;0;0;0;0;0;0;0
FR;6;2021-05-31;0;0;0;0;0;0;0;0;0;0
FR;6;2021-06-01;0;0;0;0;0;0;0;0;0;0
FR;6;2021-06-02;0;0;0;0;0;0;0;0;0;0
FR;6;2021-06-03;0;0;0;0;0;0;0;0;0;0
FR;6;2021-06-04;0;0;0;0;0;0;0;0;0;0
FR;6;2021-06-05;0;0;0;0;0;0;0;0;0;0
FR;6;2021-06-06;0;0;0;0;0;0;0;0;0;0
FR;6;2021-06-07;0;0;0;0;0;0;0;0;0;0
FR;6;2021-06-08;0;0;0;0;0;0;0;0;0;0
FR;6;2021-06-09;0;0;0;0;0;0;0;0;0;0
FR;6;2021-06-10;0;0;0;0;0;0;0;0;0;0
FR;6;2021-06-11;0;0;0;0;0;0;0;0;0;0
FR;6;2021-06-12;0;0;0;0;0;0;0;0;0;0
FR;6;2021-06-13;0;0;0;0;0;0;0;0;0;0
FR;6;2021-06-14;0;0;0;0;0;0;0;0;0;0
FR;6;2021-06-15;0;0;0;0;0;0;0;0;0;0
FR;6;2021-06-16;0;0;0;0;0;0;0;0;0;0
FR;6;2021-06-17;0;0;0;0;0;0;0;0;0;0
FR;6;2021-06-18;0;0;0;0;0;0;0;0;0;0
FR;6;2021-06-19;0;0;0;0;0;0;0;0;0;0
FR;6;2021-06-20;0;0;0;0;0;0;0;0;0;0
FR;6;2021-06-21;0;0;0;0;0;0;0;0;0;0
FR;6;2021-06-22;0;0;0;0;0;0;0;0;0;0
FR;6;2021-06-23;0;0;0;0;0;0;0;0;0;0
FR;6;2021-06-24;0;0;0;0;0;0;0;0;0;0
FR;6;2021-06-25;0;0;0;0;0;0;0;0;0;0
FR;6;2021-06-26;0;0;0;0;0;0;0;0;0;0
FR;6;2021-06-27;0;0;0;0;0;0;0;0;0;0
FR;6;2021-06-28;0;0;0;0;0;0;0;0;0;0
FR;6;2021-06-29;0;0;0;0;0;0;0;0;0;0
FR;6;2021-06-30;0;0;0;0;0;0;0;0;0;0
FR;6;2021-07-01;0;0;0;0;0;0;0;0;0;0
FR;6;2021-07-02;0;0;0;0;0;0;0;0;0;0
FR;6;2021-07-03;0;0;0;0;0;0;0;0;0;0
FR;6;2021-07-04;0;0;0;0;0;0;0;0;0;0
FR;6;2021-07-05;0;0;0;0;0;0;0;0;0;0
FR;6;2021-07-06;0;0;0;0;0;0;0;0;0;0
FR;6;2021-07-07;0;0;0;0;0;0;0;0;0;0
FR;6;2021-07-08;0;0;0;0;0;0;0;0;0;0
FR;6;2021-07-09;0;0;0;0;0;0;0;0;0;0
FR;6;2021-07-10;0;0;0;0;0;0;0;0;0;0
FR;6;2021-07-11;0;0;0;0;0;0;0;0;0;0
FR;6;2021-07-12;0;0;0;0;0;0;0;0;0;0
FR;6;2021-07-13;0;0;0;0;0;0;0;0;0;0
FR;6;2021-07-14;0;0;0;0;0;0;0;0;0;0
FR;6;2021-07-15;0;0;0;0;0;0;0;0;0;0
FR;6;2021-07-16;0;0;0;0;0;0;0;0;0;0
FR;6;2021-07-17;0;0;0;0;0;0;0;0;0;0
FR;6;2021-07-18;0;0;0;0;0;0;0;0;0;0
FR;6;2021-07-19;0;0;0;0;0;0;0;0;0;0
FR;6;2021-07-20;0;0;0;0;0;0;0;0;0;0
FR;6;2021-07-21;0;0;0;0;0;0;0;0;0;0
FR;6;2021-07-22;0;0;0;0;0;0;0;0;0;0
FR;6;2021-07-23;0;0;0;0;0;0;0;0;0;0
FR;6;2021-07-24;0;0;0;0;0;0;0;0;0;0
FR;6;2021-07-25;0;0;0;0;0;0;0;0;0;0
FR;6;2021-07-26;0;0;0;0;0;0;0;0;0;0
FR;6;2021-07-27;0;0;0;0;0;0;0;0;0;0
FR;6;2021-07-28;0;0;0;0;0;0;0;0;0;0
FR;6;2021-07-29;0;0;0;0;0;0;0;0;0;0
FR;6;2021-07-30;0;0;0;0;0;0;0;0;0;0
FR;6;2021-07-31;0;0;0;0;0;0;0;0;0;0
FR;6;2021-08-01;0;0;0;0;0;0;0;0;0;0
FR;6;2021-08-02;0;0;0;0;0;0;0;0;0;0
FR;6;2021-08-03;0;0;0;0;0;0;0;0;0;0
FR;6;2021-08-04;0;0;0;0;0;0;0;0;0;0
FR;6;2021-08-05;0;0;0;0;0;0;0;0;0;0
FR;6;2021-08-06;0;0;0;0;0;0;0;0;0;0
FR;6;2021-08-07;0;0;0;0;0;0;0;0;0;0
FR;6;2021-08-08;0;0;0;0;0;0;0;0;0;0
FR;6;2021-08-09;0;0;0;0;0;0;0;0;0;0
FR;6;2021-08-10;0;0;0;0;0;0;0;0;0;0
FR;6;2021-08-11;0;0;0;0;0;0;0;0;0;0
FR;6;2021-08-12;0;0;0;0;0;0;0;0;0;0
FR;6;2021-08-13;0;0;0;0;0;0;0;0;0;0
FR;6;2021-08-14;0;0;0;0;0;0;0;0;0;0
FR;6;2021-08-15;0;0;0;0;0;0;0;0;0;0
FR;6;2021-08-16;0;0;0;0;0;0;0;0;0;0
FR;6;2021-08-17;0;0;0;0;0;0;0;0;0;0
FR;6;2021-08-18;0;0;0;0;0;0;0;0;0;0
FR;6;2021-08-19;0;0;0;0;0;0;0;0;0;0
FR;6;2021-08-20;0;0;0;0;0;0;0;0;0;0
FR;6;2021-08-21;0;0;0;0;0;0;0;0;0;0
FR;6;2021-08-22;0;0;0;0;0;0;0;0;0;0
FR;6;2021-08-23;0;0;0;0;0;0;0;0;0;0
FR;6;2021-08-24;0;0;0;0;0;0;0;0;0;0
FR;6;2021-08-25;0;0;0;0;0;0;0;0;0;0
FR;6;2021-08-26;0;0;0;0;0;0;0;0;0;0
FR;6;2021-08-27;0;0;0;0;0;0;0;0;0;0
FR;6;2021-08-28;0;0;0;0;0;0;0;0;0;0
FR;6;2021-08-29;0;0;0;0;0;0;0;0;0;0
FR;6;2021-08-30;0;0;0;0;0;0;0;0;0;0
FR;6;2021-08-31;0;0;0;0;0;0;0;0;0;0
FR;6;2021-09-01;0;0;0;0;0;0;0;0;0;0
FR;6;2021-09-02;0;0;0;0;0;0;0;0;0;0
FR;6;2021-09-03;0;0;0;0;0;0;0;0;0;0
FR;6;2021-09-04;0;0;0;0;0;0;0;0;0;0
FR;6;2021-09-05;0;0;0;0;0;0;0;0;0;0
FR;6;2021-09-06;0;0;0;0;0;0;0;0;0;0
FR;6;2021-09-07;0;0;0;0;0;0;0;0;0;0
FR;6;2021-09-08;0;0;0;0;0;0;0;0;0;0
FR;6;2021-09-09;0;0;0;0;0;0;0;0;0;0
FR;6;2021-09-10;0;0;0;0;0;0;0;0;0;0
FR;6;2021-09-11;0;0;0;0;0;0;0;0;0;0
FR;6;2021-09-12;0;0;0;0;0;0;0;0;0;0
FR;6;2021-09-13;0;0;0;0;0;0;0;0;0;0
FR;6;2021-09-14;0;0;0;0;0;0;0;0;0;0
FR;6;2021-09-15;0;0;0;0;0;0;0;0;0;0
FR;6;2021-09-16;0;0;0;0;0;0;0;0;0;0
FR;6;2021-09-17;0;0;0;0;0;0;0;0;0;0
FR;6;2021-09-18;0;0;0;0;0;0;0;0;0;0
FR;6;2021-09-19;0;0;0;0;0;0;0;0;0;0
FR;6;2021-09-20;0;0;0;0;0;0;0;0;0;0
FR;6;2021-09-21;0;0;0;0;0;0;0;0;0;0
FR;6;2021-09-22;0;0;0;0;0;0;0;0;0;0
FR;6;2021-09-23;0;0;0;0;0;0;0;0;0;0
FR;6;2021-09-24;0;0;0;0;0;0;0;0;0;0
FR;6;2021-09-25;0;0;0;0;0;0;0;0;0;0
FR;6;2021-09-26;0;0;0;0;0;0;0;0;0;0
FR;6;2021-09-27;0;0;0;0;0;0;0;0;0;0
FR;6;2021-09-28;0;0;0;0;0;0;0;0;0;0
FR;6;2021-09-29;0;0;0;0;0;0;0;0;0;0
FR;6;2021-09-30;0;0;0;0;0;0;0;0;0;0
FR;6;2021-10-01;0;0;0;0;0;0;0;0;0;0
FR;6;2021-10-02;0;0;0;0;0;0;0;0;0;0
FR;6;2021-10-03;0;0;0;0;0;0;0;0;0;0
FR;6;2021-10-04;0;0;0;0;0;0;0;0;0;0
FR;6;2021-10-05;0;0;0;0;0;0;0;0;0;0
FR;6;2021-10-06;0;0;0;0;0;0;0;0;0;0
FR;6;2021-10-07;0;0;0;0;0;0;0;0;0;0
FR;6;2021-10-08;0;0;0;0;0;0;0;0;0;0
FR;6;2021-10-09;0;0;0;0;0;0;0;0;0;0
FR;6;2021-10-10;0;0;0;0;0;0;0;0;0;0
FR;6;2021-10-11;0;0;0;0;0;0;0;0;0;0
FR;6;2021-10-12;0;0;0;0;0;0;0;0;0;0
FR;6;2021-10-13;0;0;0;0;0;0;0;0;0;0
FR;6;2021-10-14;0;0;0;0;0;0;0;0;0;0
FR;6;2021-10-15;0;0;0;0;0;0;0;0;0;0
FR;6;2021-10-16;0;0;0;0;0;0;0;0;0;0
FR;6;2021-10-17;0;0;0;0;0;0;0;0;0;0
FR;6;2021-10-18;0;0;0;0;0;0;0;0;0;0
FR;6;2021-10-19;0;0;0;0;0;0;0;0;0;0
FR;6;2021-10-20;0;0;0;0;0;0;0;0;0;0
FR;6;2021-10-21;0;0;0;0;0;0;0;0;0;0
FR;6;2021-10-22;0;0;0;0;0;0;0;0;0;0
FR;6;2021-10-23;0;0;0;0;0;0;0;0;0;0
FR;6;2021-10-24;0;0;0;0;0;0;0;0;0;0
FR;6;2021-10-25;0;0;0;0;0;0;0;0;0;0
FR;6;2021-10-26;0;0;0;0;0;0;0;0;0;0
FR;6;2021-10-27;0;0;0;0;0;0;0;0;0;0
FR;6;2021-10-28;0;0;0;0;0;0;0;0;0;0
FR;6;2021-10-29;0;0;0;0;0;0;0;0;0;0
FR;6;2021-10-30;0;0;0;0;0;0;0;0;0;0
FR;6;2021-10-31;0;0;0;0;0;0;0;0;0;0
FR;6;2021-11-01;0;0;0;0;0;0;0;0;0;0
FR;6;2021-11-02;0;0;0;0;0;0;0;0;0;0
FR;6;2021-11-03;0;0;0;0;0;0;0;0;0;0
FR;6;2021-11-04;0;0;0;0;0;0;0;0;0;0
FR;6;2021-11-05;0;0;0;0;0;0;0;0;0;0
FR;6;2021-11-06;0;0;0;0;0;0;0;0;0;0
FR;6;2021-11-07;0;0;0;0;0;0;0;0;0;0
FR;6;2021-11-08;0;0;0;0;0;0;0;0;0;0
FR;6;2021-11-09;0;0;0;0;0;0;0;0;0;0
FR;6;2021-11-10;0;0;0;0;0;0;0;0;0;0
FR;6;2021-11-11;0;0;0;0;0;0;0;0;0;0
FR;6;2021-11-12;0;0;0;0;0;0;0;0;0;0
FR;6;2021-11-13;0;0;0;0;0;0;0;0;0;0
FR;6;2021-11-14;0;0;0;0;0;0;0;0;0;0
FR;6;2021-11-15;0;0;0;0;0;0;0;0;0;0
FR;6;2021-11-16;0;0;0;0;0;0;0;0;0;0
FR;6;2021-11-17;0;0;0;0;0;0;0;0;0;0
FR;6;2021-11-18;0;0;0;0;0;0;0;0;0;0
FR;6;2021-11-19;0;0;0;0;0;0;0;0;0;0
FR;6;2021-11-20;0;0;0;0;0;0;0;0;0;0
FR;6;2021-11-21;0;0;0;0;0;0;0;0;0;0
FR;6;2021-11-22;0;0;0;0;0;0;0;0;0;0
FR;6;2021-11-23;0;0;0;0;0;0;0;0;0;0
FR;6;2021-11-24;0;0;0;0;0;0;0;0;0;0
FR;6;2021-11-25;0;0;0;0;0;0;0;0;0;0
FR;6;2021-11-26;0;0;0;0;0;0;0;0;0;0
FR;6;2021-11-27;0;0;0;0;0;0;0;0;0;0
FR;6;2021-11-28;0;0;0;0;0;0;0;0;0;0
FR;6;2021-11-29;0;0;0;0;0;0;0;0;0;0
FR;6;2021-11-30;0;0;0;0;0;0;0;0;0;0
FR;6;2021-12-01;0;0;0;0;0;0;0;0;0;0
FR;6;2021-12-02;0;0;0;0;0;0;0;0;0;0
FR;6;2021-12-03;0;0;0;0;0;0;0;0;0;0
FR;6;2021-12-04;0;0;0;0;0;0;0;0;0;0
FR;6;2021-12-05;0;0;0;0;0;0;0;0;0;0
FR;6;2021-12-06;0;0;0;0;0;0;0;0;0;0
FR;6;2021-12-07;0;0;0;0;0;0;0;0;0;0
FR;6;2021-12-08;0;0;0;0;0;0;0;0;0;0
FR;6;2021-12-09;0;0;0;0;0;0;0;0;0;0
FR;6;2021-12-10;0;0;0;0;0;0;0;0;0;0
FR;6;2021-12-11;0;0;0;0;0;0;0;0;0;0
FR;6;2021-12-12;0;0;0;0;0;0;0;0;0;0
FR;6;2021-12-13;0;0;0;0;0;0;0;0;0;0
FR;6;2021-12-14;0;0;0;0;0;0;0;0;0;0
FR;6;2021-12-15;0;0;0;0;0;0;0;0;0;0
FR;6;2021-12-16;0;0;0;0;0;0;0;0;0;0
FR;6;2021-12-17;0;0;0;0;0;0;0;0;0;0
FR;6;2021-12-18;0;0;0;0;0;0;0;0;0;0
FR;6;2021-12-19;0;0;0;0;0;0;0;0;0;0
FR;6;2021-12-20;0;0;0;0;0;0;0;0;0;0
FR;6;2021-12-21;0;0;0;0;0;0;0;0;0;0
FR;6;2021-12-22;0;0;0;0;0;0;0;0;0;0
FR;6;2021-12-23;0;0;0;0;0;0;0;0;0;0
FR;6;2021-12-24;0;0;0;0;0;0;0;0;0;0
FR;6;2021-12-25;0;0;0;0;0;0;0;0;0;0
FR;6;2021-12-26;0;0;0;0;0;0;0;0;0;0
FR;6;2021-12-27;0;0;0;0;0;0;0;0;0;0
FR;6;2021-12-28;0;0;0;0;0;0;0;0;0;0
FR;6;2021-12-29;0;0;0;0;0;0;0;0;0;0
FR;6;2021-12-30;0;0;0;0;0;0;0;0;0;0
FR;6;2021-12-31;0;0;0;0;0;0;0;0;0;0
FR;6;2022-01-01;0;0;0;0;0;0;0;0;0;0
FR;6;2022-01-02;0;0;0;0;0;0;0;0;0;0
FR;6;2022-01-03;0;0;0;0;0;0;0;0;0;0
FR;6;2022-01-04;0;0;0;0;0;0;0;0;0;0
FR;6;2022-01-05;0;0;0;0;0;0;0;0;0;0
FR;6;2022-01-06;0;0;0;0;0;0;0;0;0;0
FR;6;2022-01-07;0;0;0;0;0;0;0;0;0;0
FR;6;2022-01-08;0;0;0;0;0;0;0;0;0;0
FR;6;2022-01-09;0;0;0;0;0;0;0;0;0;0
FR;6;2022-01-10;0;0;0;0;0;0;0;0;0;0
FR;6;2022-01-11;0;0;0;0;0;0;0;0;0;0
FR;6;2022-01-12;0;0;0;0;0;0;0;0;0;0
FR;6;2022-01-13;0;0;0;0;0;0;0;0;0;0
FR;6;2022-01-14;0;0;0;0;0;0;0;0;0;0
FR;6;2022-01-15;0;0;0;0;0;0;0;0;0;0
FR;6;2022-01-16;0;0;0;0;0;0;0;0;0;0
FR;6;2022-01-17;0;0;0;0;0;0;0;0;0;0
FR;6;2022-01-18;0;0;0;0;0;0;0;0;0;0
FR;6;2022-01-19;0;0;0;0;0;0;0;0;0;0
FR;6;2022-01-20;0;0;0;0;0;0;0;0;0;0
FR;6;2022-01-21;0;0;0;0;0;0;0;0;0;0
FR;6;2022-01-22;0;0;0;0;0;0;0;0;0;0
FR;6;2022-01-23;0;0;0;0;0;0;0;0;0;0
FR;6;2022-01-24;0;0;0;0;0;0;0;0;0;0
FR;6;2022-01-25;0;0;0;0;0;0;0;0;0;0
FR;6;2022-01-26;0;0;0;0;0;0;0;0;0;0
FR;6;2022-01-27;0;0;0;0;0;0;0;0;0;0
FR;6;2022-01-28;0;0;0;0;0;0;0;0;0;0
FR;6;2022-01-29;0;0;0;0;0;0;0;0;0;0
FR;6;2022-01-30;0;0;0;0;0;0;0;0;0;0
FR;6;2022-01-31;0;0;0;0;0;0;0;0;0;0
FR;6;2022-02-01;0;0;0;0;0;0;0;0;0;0
FR;6;2022-02-02;0;0;0;0;0;0;0;0;0;0
FR;6;2022-02-03;0;0;0;0;0;0;0;0;0;0
FR;6;2022-02-04;0;0;0;0;0;0;0;0;0;0
FR;6;2022-02-05;0;0;0;0;0;0;0;0;0;0
FR;6;2022-02-06;0;0;0;0;0;0;0;0;0;0
FR;6;2022-02-07;0;0;0;0;0;0;0;0;0;0
FR;6;2022-02-08;0;0;0;0;0;0;0;0;0;0
FR;6;2022-02-09;0;0;0;0;0;0;0;0;0;0
FR;6;2022-02-10;0;0;0;0;0;0;0;0;0;0
FR;6;2022-02-11;0;0;0;0;0;0;0;0;0;0
FR;6;2022-02-12;0;0;0;0;0;0;0;0;0;0
FR;6;2022-02-13;0;0;0;0;0;0;0;0;0;0
FR;6;2022-02-14;0;0;0;0;0;0;0;0;0;0
FR;6;2022-02-15;0;0;0;0;0;0;0;0;0;0
FR;6;2022-02-16;0;0;0;0;0;0;0;0;0;0
FR;6;2022-02-17;0;0;0;0;0;0;0;0;0;0
FR;6;2022-02-18;0;0;0;0;0;0;0;0;0;0
FR;6;2022-02-19;0;0;0;0;0;0;0;0;0;0
FR;6;2022-02-20;0;0;0;0;0;0;0;0;0;0
FR;6;2022-02-21;0;0;0;0;0;0;0;0;0;0
FR;6;2022-02-22;0;0;0;0;0;0;0;0;0;0
FR;6;2022-02-23;0;0;0;0;0;0;0;0;0;0
FR;6;2022-02-24;0;0;0;0;0;0;0;0;0;0
FR;6;2022-02-25;0;0;0;0;0;0;0;0;0;0
FR;6;2022-02-26;1;0;0;0;0;1;0;0;0;0
FR;6;2022-02-27;0;0;0;0;0;1;0;0;0;0
FR;6;2022-02-28;0;0;0;0;0;1;0;0;0;0
FR;6;2022-03-01;3;0;0;0;0;4;0;0;0;0
FR;6;2022-03-02;97;9;2;0;7;101;9;2;0;7
FR;6;2022-03-03;0;0;0;0;0;101;9;2;0;7
FR;6;2022-03-04;91;4;0;0;4;192;13;2;0;11
FR;6;2022-03-05;391;23;2;0;14;583;36;4;0;25
FR;6;2022-03-06;7;1;0;0;0;590;37;4;0;25
FR;6;2022-03-07;337;19;0;0;13;927;56;4;0;38
FR;6;2022-03-08;230;14;0;0;5;1157;70;4;0;43
FR;6;2022-03-09;519;29;2;0;21;1676;99;6;0;64
FR;6;2022-03-10;206;19;0;1;12;1882;118;6;1;76
FR;6;2022-03-11;328;21;6;0;21;2210;139;12;1;97
FR;6;2022-03-12;518;25;1;0;20;2728;164;13;1;117
FR;6;2022-03-13;40;2;0;0;1;2768;166;13;1;118
FR;6;2022-03-14;201;4;2;0;3;2969;170;15;1;121
FR;6;2022-03-15;112;11;2;0;9;3081;181;17;1;130
FR;6;2022-03-16;310;17;1;1;14;3391;198;18;2;144
FR;6;2022-03-17;117;6;1;2;4;3508;204;19;4;148
FR;6;2022-03-18;215;10;0;0;6;3723;214;19;4;154
FR;6;2022-03-19;307;19;2;0;9;4030;233;21;4;163
FR;6;2022-03-20;15;5;0;0;1;4045;238;21;4;164
FR;6;2022-03-21;132;23;1;0;4;4177;261;22;4;168
FR;6;2022-03-22;97;15;0;0;4;4274;276;22;4;172
FR;6;2022-03-23;226;108;3;0;14;4500;384;25;4;186
FR;6;2022-03-24;100;15;1;3;4;4600;399;26;7;190
FR;6;2022-03-25;203;141;2;1;15;4803;540;28;8;205
FR;6;2022-03-26;331;295;7;1;19;5134;835;35;9;224
FR;6;2022-03-27;32;30;1;0;1;5166;865;36;9;225
FR;6;2022-03-28;200;208;8;1;17;5366;1073;44;10;242
FR;6;2022-03-29;124;189;12;2;12;5490;1262;56;12;254
FR;6;2022-03-30;305;476;10;2;22;5795;1738;66;14;276
FR;6;2022-03-31;123;140;10;0;14;5918;1878;76;14;290
FR;6;2022-04-01;195;150;11;2;23;6113;2028;87;16;313
FR;6;2022-04-02;206;241;9;1;13;6319;2269;96;17;326
FR;6;2022-04-03;17;21;0;0;1;6336;2290;96;17;327
FR;6;2022-04-04;137;114;6;1;9;6473;2404;102;18;336
FR;6;2022-04-05;146;88;15;1;11;6619;2492;117;19;347
FR;6;2022-04-06;204;245;22;26;27;6823;2737;139;45;374
FR;6;2022-04-07;127;96;15;9;17;6950;2833;154;54;391
FR;6;2022-04-08;199;170;16;3;17;7149;3003;170;57;408
FR;6;2022-04-09;145;139;6;12;13;7294;3142;176;69;421
FR;6;2022-04-10;10;20;3;0;1;7304;3162;179;69;422
FR;6;2022-04-11;101;106;4;0;5;7405;3268;183;69;427
FR;6;2022-04-12;136;75;5;8;10;7541;3343;188;77;437
FR;6;2022-04-13;162;175;7;5;13;7703;3518;195;82;450
FR;6;2022-04-14;100;103;5;10;8;7803;3621;200;92;458
FR;6;2022-04-15;158;148;11;7;19;7961;3769;211;99;477
FR;6;2022-04-16;127;132;5;0;14;8088;3901;216;99;491
FR;6;2022-04-17;8;9;4;0;4;8096;3910;220;99;495
FR;6;2022-04-18;8;15;3;0;4;8104;3925;223;99;499
FR;6;2022-04-19;97;112;4;3;3;8201;4037;227;102;502
FR;6;2022-04-20;177;227;8;7;15;8378;4264;235;109;517
FR;6;2022-04-21;111;93;8;4;11;8489;4357;243;113;528
FR;6;2022-04-22;138;160;13;12;13;8627;4517;256;125;541
FR;6;2022-04-23;106;129;1;1;7;8733;4646;257;126;548
FR;6;2022-04-24;5;21;1;0;0;8738;4667;258;126;548
FR;6;2022-04-25;91;128;3;8;11;8829;4795;261;134;559
FR;6;2022-04-26;101;128;18;2;16;8930;4923;279;136;575
FR;6;2022-04-27;197;159;21;1;27;9127;5082;300;137;602
FR;6;2022-04-28;109;87;7;1;8;9236;5169;307;138;610
FR;6;2022-04-29;191;169;16;2;20;9427;5338;323;140;630
FR;6;2022-04-30;133;125;7;1;24;9560;5463;330;141;654
FR;6;2022-05-01;7;6;0;0;0;9567;5469;330;141;654
FR;6;2022-05-02;94;66;3;4;3;9661;5535;333;145;657
FR;6;2022-05-03;136;93;11;2;7;9797;5628;344;147;664
FR;6;2022-05-04;167;118;25;12;29;9964;5746;369;159;693
FR;6;2022-05-05;101;70;8;3;12;10065;5816;377;162;705
FR;6;2022-05-06;152;110;10;9;16;10217;5926;387;171;721
FR;6;2022-05-07;139;93;13;3;23;10356;6019;400;174;744
FR;6;2022-05-08;20;8;6;5;7;10376;6027;406;179;751
FR;6;2022-05-09;86;78;9;7;13;10462;6105;415;186;764
FR;6;2022-05-10;111;80;15;7;12;10573;6185;430;193;776
FR;6;2022-05-11;130;124;11;14;20;10703;6309;441;207;796
FR;6;2022-05-12;105;76;7;5;15;10808;6385;448;212;811
FR;6;2022-05-13;154;97;17;21;22;10962;6482;465;233;833
FR;6;2022-05-14;81;60;6;7;15;11043;6542;471;240;848
FR;6;2022-05-15;12;7;0;0;0;11055;6549;471;240;848
FR;6;2022-05-16;64;54;6;2;12;11119;6603;477;242;860
FR;6;2022-05-17;123;77;5;7;11;11242;6680;482;249;871
FR;6;2022-05-18;131;116;5;1;13;11373;6796;487;250;884
FR;6;2022-05-19;124;57;6;8;9;11497;6853;493;258;893
FR;6;2022-05-20;125;115;13;3;18;11622;6968;506;261;911
FR;6;2022-05-21;92;69;14;3;12;11714;7037;520;264;923
FR;6;2022-05-22;19;12;5;0;4;11733;7049;525;264;927
FR;6;2022-05-23;77;72;4;2;7;11810;7121;529;266;934
FR;6;2022-05-24;116;98;8;2;16;11926;7219;537;268;950
FR;6;2022-05-25;139;129;6;3;11;12065;7348;543;271;961
FR;6;2022-05-26;7;9;3;0;9;12072;7357;546;271;970
FR;6;2022-05-27;127;105;15;11;18;12199;7462;561;282;988
FR;6;2022-05-28;53;75;1;5;8;12252;7537;562;287;996
FR;6;2022-05-29;8;10;0;0;1;12260;7547;562;287;997
FR;6;2022-05-30;70;70;7;4;4;12330;7617;569;291;1001
FR;6;2022-05-31;87;102;10;2;14;12417;7719;579;293;1015
FR;6;2022-06-01;97;89;10;1;11;12514;7808;589;294;1026
FR;6;2022-06-02;91;60;6;3;9;12605;7868;595;297;1035
FR;6;2022-06-03;126;102;13;7;21;12731;7970;608;304;1056
FR;6;2022-06-04;63;51;10;0;12;12794;8021;618;304;1068
FR;6;2022-06-05;16;15;2;1;4;12810;8036;620;305;1072
FR;6;2022-06-06;9;6;0;0;0;12819;8042;620;305;1072
FR;6;2022-06-07;79;90;3;4;8;12898;8132;623;309;1080
FR;6;2022-06-08;92;110;13;5;20;12990;8242;636;314;1100
FR;6;2022-06-09;75;81;15;3;15;13065;8323;651;317;1115
FR;6;2022-06-10;116;93;26;10;22;13181;8416;677;327;1137
FR;6;2022-06-11;83;62;6;10;12;13264;8478;683;337;1149
FR;6;2022-06-12;6;14;1;0;2;13270;8492;684;337;1151
FR;6;2022-06-13;74;59;18;1;7;13344;8551;702;338;1158
FR;6;2022-06-14;98;100;8;5;16;13442;8651;710;343;1174
FR;6;2022-06-15;80;85;7;8;15;13522;8736;717;351;1189
FR;6;2022-06-16;53;40;11;7;14;13575;8776;728;358;1203
FR;6;2022-06-17;85;85;3;13;11;13660;8861;731;371;1214
FR;6;2022-06-18;71;61;13;0;21;13731;8922;744;371;1235
FR;6;2022-06-19;6;6;3;0;4;13737;8928;747;371;1239
FR;6;2022-06-20;42;41;4;1;6;13779;8969;751;372;1245
FR;6;2022-06-21;59;73;10;7;17;13838;9042;761;379;1262
FR;6;2022-06-22;86;85;8;2;17;13924;9127;769;381;1279
FR;6;2022-06-23;64;39;13;7;15;13988;9166;782;388;1294
FR;6;2022-06-24;77;85;7;14;20;14065;9251;789;402;1314
FR;6;2022-06-25;67;61;4;3;8;14132;9312;793;405;1322
FR;6;2022-06-26;6;7;1;0;1;14138;9319;794;405;1323
FR;6;2022-06-27;53;50;4;9;12;14191;9369;798;414;1335
FR;6;2022-06-28;68;47;6;3;15;14259;9416;804;417;1350
FR;6;2022-06-29;98;117;26;37;19;14357;9533;830;454;1369
FR;6;2022-06-30;84;59;33;10;12;14441;9592;863;464;1381
FR;6;2022-07-01;115;94;25;33;18;14556;9686;888;497;1399
FR;6;2022-07-02;58;67;26;2;37;14614;9753;914;499;1436
FR;6;2022-07-03;11;4;4;3;4;14625;9757;918;502;1440
FR;6;2022-07-04;61;43;3;23;13;14686;9800;921;525;1453
FR;6;2022-07-05;65;53;19;67;27;14751;9853;940;592;1480
FR;6;2022-07-06;94;64;7;11;12;14845;9917;947;603;1492
FR;6;2022-07-07;97;79;42;37;14;14942;9996;989;640;1506
FR;6;2022-07-08;138;87;42;27;10;15080;10083;1031;667;1516
FR;6;2022-07-09;53;50;16;29;26;15133;10133;1047;696;1542
FR;6;2022-07-10;3;7;8;0;9;15136;10140;1055;696;1551
FR;6;2022-07-11;54;44;5;4;12;15190;10184;1060;700;1563
FR;6;2022-07-12;70;72;12;22;12;15260;10256;1072;722;1575
FR;6;2022-07-13;84;65;14;21;25;15344;10321;1086;743;1600
FR;6;2022-07-14;4;3;1;0;1;15348;10324;1087;743;1601
FR;6;2022-07-15;74;59;9;57;16;15422;10383;1096;800;1617
FR;6;2022-07-16;27;31;17;0;17;15449;10414;1113;800;1634
FR;6;2022-07-17;3;7;0;0;0;15452;10421;1113;800;1634
FR;6;2022-07-18;37;62;11;14;15;15489;10483;1124;814;1649
FR;6;2022-07-19;54;48;4;19;6;15543;10531;1128;833;1655
FR;6;2022-07-20;53;70;7;22;11;15596;10601;1135;855;1666
FR;6;2022-07-21;50;60;4;7;11;15646;10661;1139;862;1677
FR;6;2022-07-22;55;73;7;26;8;15701;10734;1146;888;1685
FR;6;2022-07-23;38;40;6;10;6;15739;10774;1152;898;1691
FR;6;2022-07-24;11;14;1;3;3;15750;10788;1153;901;1694
FR;6;2022-07-25;60;44;8;12;9;15810;10832;1161;913;1703
FR;6;2022-07-26;47;64;14;6;10;15857;10896;1175;919;1713
FR;6;2022-07-27;54;78;15;11;17;15911;10974;1190;930;1730
FR;6;2022-07-28;30;48;4;6;8;15941;11022;1194;936;1738
FR;6;2022-07-29;43;71;10;38;24;15984;11093;1204;974;1762
FR;6;2022-07-30;26;47;4;15;7;16010;11140;1208;989;1769
FR;6;2022-07-31;0;1;1;0;0;16010;11141;1209;989;1769
FR;6;2022-08-01;38;36;14;8;10;16048;11177;1223;997;1779
FR;6;2022-08-02;37;46;10;14;6;16085;11223;1233;1011;1785
FR;6;2022-08-03;29;52;7;16;11;16114;11275;1240;1027;1796
FR;6;2022-08-04;25;21;4;9;6;16139;11296;1244;1036;1802
FR;6;2022-08-05;43;45;1;7;5;16182;11341;1245;1043;1807
FR;6;2022-08-06;17;27;1;3;2;16199;11368;1246;1046;1809
FR;6;2022-08-07;1;2;0;0;0;16200;11370;1246;1046;1809
FR;6;2022-08-08;24;33;1;0;1;16224;11403;1247;1046;1810
FR;6;2022-08-09;22;30;6;3;3;16246;11433;1253;1049;1813
FR;6;2022-08-10;28;37;5;9;6;16274;11470;1258;1058;1819
FR;6;2022-08-11;33;33;1;1;1;16307;11503;1259;1059;1820
FR;6;2022-08-12;50;44;6;2;15;16357;11547;1265;1061;1835
FR;6;2022-08-13;9;20;0;0;1;16366;11567;1265;1061;1836
FR;6;2022-08-14;3;1;0;0;0;16369;11568;1265;1061;1836
FR;6;2022-08-15;2;3;1;0;0;16371;11571;1266;1061;1836
FR;6;2022-08-16;35;66;21;7;7;16406;11637;1287;1068;1843
FR;6;2022-08-17;32;44;10;9;10;16438;11681;1297;1077;1853
FR;6;2022-08-18;29;55;14;4;4;16467;11736;1311;1081;1857
FR;6;2022-08-19;30;43;5;4;3;16497;11779;1316;1085;1860
FR;6;2022-08-20;26;28;3;0;8;16523;11807;1319;1085;1868
FR;6;2022-08-21;1;4;2;0;0;16524;11811;1321;1085;1868
FR;6;2022-08-22;19;42;15;1;0;16543;11853;1336;1086;1868
FR;6;2022-08-23;34;45;6;7;6;16577;11898;1342;1093;1874
FR;6;2022-08-24;34;29;6;3;6;16611;11927;1348;1096;1880
FR;6;2022-08-25;25;27;1;1;5;16636;11954;1349;1097;1885
FR;6;2022-08-26;39;44;3;4;7;16675;11998;1352;1101;1892
FR;6;2022-08-27;19;20;6;3;7;16694;12018;1358;1104;1899
FR;6;2022-08-28;4;3;0;0;0;16698;12021;1358;1104;1899
FR;0;2020-12-27;609;0;0;0;0;609;0;0;0;0
FR;0;2020-12-28;683;1;0;0;0;1292;1;0;0;0
FR;0;2020-12-29;384;0;0;0;0;1676;1;0;0;0
FR;0;2020-12-30;443;0;0;0;0;2119;1;0;0;0
FR;0;2020-12-31;440;1;0;0;0;2559;2;0;0;0
FR;0;2021-01-01;1156;2;0;0;0;3715;4;0;0;0
FR;0;2021-01-02;362;3;0;0;0;4077;7;0;0;0
FR;0;2021-01-03;404;0;0;0;0;4481;7;0;0;0
FR;0;2021-01-04;2106;4;0;0;0;6587;11;0;0;0
FR;0;2021-01-05;7751;3;0;0;0;14338;14;0;0;0
FR;0;2021-01-06;12454;16;0;0;0;26792;30;0;0;0
FR;0;2021-01-07;29461;17;0;0;0;56253;47;0;0;0
FR;0;2021-01-08;37143;17;0;0;0;93396;64;0;0;0
FR;0;2021-01-09;11212;7;0;0;0;104608;71;0;0;0
FR;0;2021-01-10;6006;7;0;0;0;110614;78;0;0;0
FR;0;2021-01-11;39934;21;0;0;0;150548;99;0;0;0
FR;0;2021-01-12;62141;19;0;0;0;212689;118;0;0;0
FR;0;2021-01-13;65119;42;0;0;0;277808;160;0;0;0
FR;0;2021-01-14;83116;146;0;0;0;360924;306;0;0;0
FR;0;2021-01-15;69008;59;0;0;0;429932;365;0;0;0
FR;0;2021-01-16;20217;72;0;0;0;450149;437;0;0;0
FR;0;2021-01-17;10986;51;0;0;0;461135;488;0;0;0
FR;0;2021-01-18;85901;170;0;0;0;547036;658;0;0;0
FR;0;2021-01-19;130598;187;0;0;0;677634;845;0;0;0
FR;0;2021-01-20;137546;188;0;0;0;815180;1033;0;0;0
FR;0;2021-01-21;158401;183;0;0;0;973581;1216;0;0;0
FR;0;2021-01-22;121062;234;0;0;0;1094643;1450;0;0;0
FR;0;2021-01-23;38480;70;0;0;0;1133123;1520;0;0;0
FR;0;2021-01-24;9745;99;0;0;0;1142868;1619;0;0;0
FR;0;2021-01-25;78237;1337;0;0;0;1221105;2956;0;0;0
FR;0;2021-01-26;100377;3489;1;0;0;1321482;6445;1;0;0
FR;0;2021-01-27;107242;6108;0;0;0;1428724;12553;1;0;0
FR;0;2021-01-28;124354;15572;0;0;0;1553078;28125;1;0;0
FR;0;2021-01-29;92184;18161;0;0;0;1645262;46286;1;0;0
FR;0;2021-01-30;29121;4406;0;0;0;1674383;50692;1;0;0
FR;0;2021-01-31;5234;1813;0;0;0;1679617;52505;1;0;0
FR;0;2021-02-01;53128;22033;0;0;0;1732745;74538;1;0;0
FR;0;2021-02-02;72309;36781;0;0;0;1805054;111319;1;0;0
FR;0;2021-02-03;72305;38952;0;0;0;1877359;150271;1;0;0
FR;0;2021-02-04;82076;53140;0;0;0;1959435;203411;1;0;0
FR;0;2021-02-05;68232;46736;0;0;0;2027667;250147;1;0;0
FR;0;2021-02-06;23037;11079;0;0;0;2050704;261226;1;0;0
FR;0;2021-02-07;5189;5604;0;0;0;2055893;266830;1;0;0
FR;0;2021-02-08;46839;47682;0;0;0;2102732;314512;1;0;0
FR;0;2021-02-09;66006;76130;0;0;0;2168738;390642;1;0;0
FR;0;2021-02-10;71017;80868;0;0;0;2239755;471510;1;0;0
FR;0;2021-02-11;87280;103266;0;0;0;2327035;574776;1;0;0
FR;0;2021-02-12;79320;75414;0;0;0;2406355;650190;1;0;0
FR;0;2021-02-13;22379;19573;0;0;0;2428734;669763;1;0;0
FR;0;2021-02-14;5076;7355;0;0;0;2433810;677118;1;0;0
FR;0;2021-02-15;38096;76793;0;0;0;2471906;753911;1;0;0
FR;0;2021-02-16;50398;100552;0;0;0;2522304;854463;1;0;0
FR;0;2021-02-17;50532;105693;20;0;0;2572836;960156;21;0;0
FR;0;2021-02-18;69787;121990;0;0;0;2642623;1082146;21;0;0
FR;0;2021-02-19;65068;91669;1;0;0;2707691;1173815;22;0;0
FR;0;2021-02-20;18588;28693;0;0;0;2726279;1202508;22;0;0
FR;0;2021-02-21;3320;6202;0;0;0;2729599;1208710;22;0;0
FR;0;2021-02-22;37496;73351;2;0;0;2767095;1282061;24;0;0
FR;0;2021-02-23;53780;85041;1;0;0;2820875;1367102;25;0;0
FR;0;2021-02-24;60018;82378;1;0;0;2880893;1449480;26;0;0
FR;0;2021-02-25;100580;91434;1;0;0;2981473;1540914;27;0;0
FR;0;2021-02-26;113468;70803;1;0;0;3094941;1611717;28;0;0
FR;0;2021-02-27;52102;22322;1;0;0;3147043;1634039;29;0;0
FR;0;2021-02-28;6198;4203;2;0;0;3153241;1638242;31;0;0
FR;0;2021-03-01;65887;53768;1;0;0;3219128;1692010;32;0;0
FR;0;2021-03-02;101377;67006;3;0;0;3320505;1759016;35;0;0
FR;0;2021-03-03;116521;65449;0;0;0;3437026;1824465;35;0;0
FR;0;2021-03-04;163626;71485;3;0;0;3600652;1895950;38;0;0
FR;0;2021-03-05;200929;62873;3;0;0;3801581;1958823;41;0;0
FR;0;2021-03-06;207958;17625;3;0;0;4009539;1976448;44;0;0
FR;0;2021-03-07;121276;4558;1;0;0;4130815;1981006;45;0;0
FR;0;2021-03-08;107148;49999;2;0;0;4237963;2031005;47;0;0
FR;0;2021-03-09;172452;56338;2;0;0;4410415;2087343;49;0;0
FR;0;2021-03-10;178996;57200;5;0;0;4589411;2144543;54;0;0
FR;0;2021-03-11;242895;63900;2;0;0;4832306;2208443;56;0;0
FR;0;2021-03-12;294819;53456;1;0;0;5127125;2261899;57;0;0
FR;0;2021-03-13;231408;15278;1;0;0;5358533;2277177;58;0;0
FR;0;2021-03-14;63352;3188;1;0;0;5421885;2280365;59;0;0
FR;0;2021-03-15;158660;31921;3;0;0;5580545;2312286;62;0;0
FR;0;2021-03-16;141566;39041;6;0;0;5722111;2351327;68;0;0
FR;0;2021-03-17;150487;37860;4;0;0;5872598;2389187;72;0;0
FR;0;2021-03-18;167837;44463;5;0;0;6040435;2433650;77;0;0
FR;0;2021-03-19;230003;36996;2;0;0;6270438;2470646;79;0;0
FR;0;2021-03-20;166684;11489;1;0;0;6437122;2482135;80;0;0
FR;0;2021-03-21;49942;2297;1;0;0;6487064;2484432;81;0;0
FR;0;2021-03-22;170048;33868;2;0;0;6657112;2518300;83;0;0
FR;0;2021-03-23;250384;42357;1;0;0;6907496;2560657;84;0;0
FR;0;2021-03-24;256905;43630;0;0;0;7164401;2604287;84;0;0
FR;0;2021-03-25;341809;45011;5;0;0;7506210;2649298;89;0;0
FR;0;2021-03-26;358801;41881;5;1;0;7865011;2691179;94;1;0
FR;0;2021-03-27;195258;16859;1;0;0;8060269;2708038;95;1;0
FR;0;2021-03-28;59340;4366;3;0;0;8119609;2712404;98;1;0
FR;0;2021-03-29;202974;53685;4;0;0;8322583;2766089;102;1;0
FR;0;2021-03-30;285475;69904;5;0;0;8608058;2835993;107;1;0
FR;0;2021-03-31;263036;73643;4;0;0;8871094;2909636;111;1;0
FR;0;2021-04-01;315482;91218;11;0;0;9186576;3000854;122;1;0
FR;0;2021-04-02;281334;93909;7;0;0;9467910;3094763;129;1;0
FR;0;2021-04-03;141074;62271;6;0;0;9608984;3157034;135;1;0
FR;0;2021-04-04;46529;18908;2;0;0;9655513;3175942;137;1;0
FR;0;2021-04-05;63339;10633;11;0;0;9718852;3186575;148;1;0
FR;0;2021-04-06;217213;111239;17;0;0;9936065;3297814;165;1;0
FR;0;2021-04-07;260250;115320;17;0;0;10196315;3413134;182;1;0
FR;0;2021-04-08;337835;122390;14;0;0;10534150;3535524;196;1;0
FR;0;2021-04-09;410153;116690;49;0;0;10944303;3652214;245;1;0
FR;0;2021-04-10;212620;82747;15;0;0;11156923;3734961;260;1;0
FR;0;2021-04-11;56143;34296;7;0;0;11213066;3769257;267;1;0
FR;0;2021-04-12;237069;115610;46;0;0;11450135;3884867;313;1;0
FR;0;2021-04-13;309484;144349;98;1;0;11759619;4029216;411;2;0
FR;0;2021-04-14;294523;139482;214;0;0;12054142;4168698;625;2;0
FR;0;2021-04-15;337101;149543;338;0;0;12391243;4318241;963;2;0
FR;0;2021-04-16;339282;146362;353;0;0;12730525;4464603;1316;2;0
FR;0;2021-04-17;188656;89968;109;0;0;12919181;4554571;1425;2;0
FR;0;2021-04-18;51619;35395;47;0;0;12970800;4589966;1472;2;0
FR;0;2021-04-19;205690;138182;456;0;0;13176490;4728148;1928;2;0
FR;0;2021-04-20;254417;171350;569;0;0;13430907;4899498;2497;2;0
FR;0;2021-04-21;253264;169488;835;0;0;13684171;5068986;3332;2;0
FR;0;2021-04-22;287559;189485;818;0;0;13971730;5258471;4150;2;0
FR;0;2021-04-23;297819;183890;747;0;0;14269549;5442361;4897;2;0
FR;0;2021-04-24;190446;111757;252;0;0;14459995;5554118;5149;2;0
FR;0;2021-04-25;69558;38793;51;0;0;14529553;5592911;5200;2;0
FR;0;2021-04-26;220955;157365;563;0;0;14750508;5750276;5763;2;0
FR;0;2021-04-27;284604;187615;940;0;0;15035112;5937891;6703;2;0
FR;0;2021-04-28;299500;183883;1426;1;1;15334612;6121774;8129;3;1
FR;0;2021-04-29;357126;197305;1277;0;0;15691738;6319079;9406;3;1
FR;0;2021-04-30;372209;185374;1121;1;0;16063947;6504453;10527;4;1
FR;0;2021-05-01;167638;52510;179;0;0;16231585;6556963;10706;4;1
FR;0;2021-05-02;91741;37785;83;0;0;16323326;6594748;10789;4;1
FR;0;2021-05-03;288915;167149;842;0;0;16612241;6761897;11631;4;1
FR;0;2021-05-04;315664;224939;1232;0;0;16927905;6986836;12863;4;1
FR;0;2021-05-05;327191;225603;1314;0;0;17255096;7212439;14177;4;1
FR;0;2021-05-06;379509;240231;1632;0;0;17634605;7452670;15809;4;1
FR;0;2021-05-07;372745;257939;1222;0;0;18007350;7710609;17031;4;1
FR;0;2021-05-08;222159;69490;299;0;0;18229509;7780099;17330;4;1
FR;0;2021-05-09;129701;45537;243;0;0;18359210;7825636;17573;4;1
FR;0;2021-05-10;313380;229176;1236;0;0;18672590;8054812;18809;4;1
FR;0;2021-05-11;403895;258017;1566;0;0;19076485;8312829;20375;4;1
FR;0;2021-05-12;434108;233439;1542;0;0;19510593;8546268;21917;4;1
FR;0;2021-05-13;338599;56687;432;0;0;19849192;8602955;22349;4;1
FR;0;2021-05-14;454125;167379;1126;0;0;20303317;8770334;23475;4;1
FR;0;2021-05-15;374972;94196;443;0;0;20678289;8864530;23918;4;1
FR;0;2021-05-16;202752;20707;168;0;0;20881041;8885237;24086;4;1
FR;0;2021-05-17;376112;148758;1553;0;0;21257153;9033995;25639;4;1
FR;0;2021-05-18;460132;153592;1989;0;0;21717285;9187587;27628;4;1
FR;0;2021-05-19;467393;143706;2462;0;0;22184678;9331293;30090;4;1
FR;0;2021-05-20;507518;160313;2338;0;0;22692196;9491606;32428;4;1
FR;0;2021-05-21;489663;174818;1995;0;0;23181859;9666424;34423;4;1
FR;0;2021-05-22;347187;80022;668;0;0;23529046;9746446;35091;4;1
FR;0;2021-05-23;161691;14273;246;0;0;23690737;9760719;35337;4;1
FR;0;2021-05-24;263190;33159;604;0;0;23953927;9793878;35941;4;1
FR;0;2021-05-25;400266;189926;2351;1;0;24354193;9983804;38292;5;1
FR;0;2021-05-26;413454;189722;2223;0;0;24767647;10173526;40515;5;1
FR;0;2021-05-27;449800;219354;2161;0;0;25217447;10392880;42676;5;1
FR;0;2021-05-28;429546;260221;1893;0;0;25646993;10653101;44569;5;1
FR;0;2021-05-29;298977;149917;585;0;0;25945970;10803018;45154;5;1
FR;0;2021-05-30;107142;32563;163;0;0;26053112;10835581;45317;5;1
FR;0;2021-05-31;358032;203328;1469;1;1;26411144;11038909;46786;6;2
FR;0;2021-06-01;431008;251358;1962;1;1;26842152;11290267;48748;7;3
FR;0;2021-06-02;420102;231572;1984;0;0;27262254;11521839;50732;7;3
FR;0;2021-06-03;465605;258095;1823;0;0;27727859;11779934;52555;7;3
FR;0;2021-06-04;456245;305287;1733;1;1;28184104;12085221;54288;8;4
FR;0;2021-06-05;304800;189239;652;0;0;28488904;12274460;54940;8;4
FR;0;2021-06-06;133302;49046;226;0;0;28622206;12323506;55166;8;4
FR;0;2021-06-07;339990;261705;1525;0;0;28962196;12585211;56691;8;4
FR;0;2021-06-08;393872;291065;1803;0;0;29356068;12876276;58494;8;4
FR;0;2021-06-09;384858;274716;1729;0;0;29740926;13150992;60223;8;4
FR;0;2021-06-10;404171;288232;1724;1;0;30145097;13439224;61947;9;4
FR;0;2021-06-11;386647;356809;1467;0;0;30531744;13796033;63414;9;4
FR;0;2021-06-12;283258;211085;494;0;0;30815002;14007118;63908;9;4
FR;0;2021-06-13;104883;73878;204;0;0;30919885;14080996;64112;9;4
FR;0;2021-06-14;240825;354715;1426;1;0;31160710;14435711;65538;10;4
FR;0;2021-06-15;308143;385059;1568;1;0;31468853;14820770;67106;11;4
FR;0;2021-06-16;313972;357496;1418;1;0;31782825;15178266;68524;12;4
FR;0;2021-06-17;317678;372781;1426;1;0;32100503;15551047;69950;13;4
FR;0;2021-06-18;321738;442573;1337;1;0;32422241;15993620;71287;14;4
FR;0;2021-06-19;224342;273879;449;0;0;32646583;16267499;71736;14;4
FR;0;2021-06-20;74426;102431;129;0;0;32721009;16369930;71865;14;4
FR;0;2021-06-21;195756;401725;1037;1;1;32916765;16771655;72902;15;5
FR;0;2021-06-22;223194;467461;1264;10;1;33139959;17239116;74166;25;6
FR;0;2021-06-23;234017;439993;1197;1;1;33373976;17679109;75363;26;7
FR;0;2021-06-24;241856;409568;1356;0;0;33615832;18088677;76719;26;7
FR;0;2021-06-25;227629;522681;1400;0;0;33843461;18611358;78119;26;7
FR;0;2021-06-26;153245;370816;587;1;0;33996706;18982174;78706;27;7
FR;0;2021-06-27;55896;156096;168;1;0;34052602;19138270;78874;28;7
FR;0;2021-06-28;154766;452717;1175;0;0;34207368;19590987;80049;28;7
FR;0;2021-06-29;182690;507254;2124;0;0;34390058;20098241;82173;28;7
FR;0;2021-06-30;204000;485090;2014;21;2;34594058;20583331;84187;49;9
FR;0;2021-07-01;231326;458136;2223;5;1;34825384;21041467;86410;54;10
FR;0;2021-07-02;228679;520144;2120;5;2;35054063;21561611;88530;59;12
FR;0;2021-07-03;142035;368734;908;3;1;35196098;21930345;89438;62;13
FR;0;2021-07-04;56740;141097;265;0;0;35252838;22071442;89703;62;13
FR;0;2021-07-05;168503;419008;1668;8;2;35421341;22490450;91371;70;15
FR;0;2021-07-06;196760;474648;1829;45;8;35618101;22965098;93200;115;23
FR;0;2021-07-07;213166;439157;1878;25;4;35831267;23404255;95078;140;27
FR;0;2021-07-08;231632;424194;2089;20;6;36062899;23828449;97167;160;33
FR;0;2021-07-09;228599;511007;2184;4;2;36291498;24339456;99351;164;35
FR;0;2021-07-10;148612;339909;983;1;1;36440110;24679365;100334;165;36
FR;0;2021-07-11;60192;110119;283;0;0;36500302;24789484;100617;165;36
FR;0;2021-07-12;169361;478027;1761;4;0;36669663;25267511;102378;169;36
FR;0;2021-07-13;287252;527076;2045;8;1;36956915;25794587;104423;177;37
FR;0;2021-07-14;181080;157523;435;0;0;37137995;25952110;104858;177;37
FR;0;2021-07-15;347087;502115;2099;1;0;37485082;26454225;106957;178;37
FR;0;2021-07-16;380085;495513;2023;3;1;37865167;26949738;108980;181;38
FR;0;2021-07-17;259718;319726;876;1;0;38124885;27269464;109856;182;38
FR;0;2021-07-18;109709;114644;310;0;0;38234594;27384108;110166;182;38
FR;0;2021-07-19;285462;424479;1629;3;0;38520056;27808587;111795;185;38
FR;0;2021-07-20;376901;451883;1723;0;0;38896957;28260470;113518;185;38
FR;0;2021-07-21;395773;407400;1549;4;2;39292730;28667870;115067;189;40
FR;0;2021-07-22;441033;387741;1715;4;2;39733763;29055611;116782;193;42
FR;0;2021-07-23;440308;422631;1882;4;1;40174071;29478242;118664;197;43
FR;0;2021-07-24;285244;269422;804;1;0;40459315;29747664;119468;198;43
FR;0;2021-07-25;121111;79966;234;0;0;40580426;29827630;119702;198;43
FR;0;2021-07-26;347418;322681;1614;3;2;40927844;30150311;121316;201;45
FR;0;2021-07-27;464055;319744;1697;4;2;41391899;30470055;123013;205;47
FR;0;2021-07-28;459430;289637;1635;4;2;41851329;30759692;124648;209;49
FR;0;2021-07-29;489812;276533;1796;2;0;42341141;31036225;126444;211;49
FR;0;2021-07-30;461814;302610;1941;5;1;42802955;31338835;128385;216;50
FR;0;2021-07-31;285393;185074;914;1;0;43088348;31523909;129299;217;50
FR;0;2021-08-01;112007;49944;253;0;0;43200355;31573853;129552;217;50
FR;0;2021-08-02;341557;234314;1602;2;0;43541912;31808167;131154;219;50
FR;0;2021-08-03;398596;244728;1727;2;1;43940508;32052895;132881;221;51
FR;0;2021-08-04;384830;209832;1593;6;3;44325338;32262727;134474;227;54
FR;0;2021-08-05;366155;228626;1710;0;0;44691493;32491353;136184;227;54
FR;0;2021-08-06;359719;271479;1835;4;1;45051212;32762832;138019;231;55
FR;0;2021-08-07;213109;178359;755;4;3;45264321;32941191;138774;235;58
FR;0;2021-08-08;74191;63213;275;0;0;45338512;33004404;139049;235;58
FR;0;2021-08-09;258740;259077;1547;4;3;45597252;33263481;140596;239;61
FR;0;2021-08-10;306829;277514;1659;2;1;45904081;33540995;142255;241;62
FR;0;2021-08-11;279724;259903;1441;5;1;46183805;33800898;143696;246;63
FR;0;2021-08-12;271537;278334;1662;3;1;46455342;34079232;145358;249;64
FR;0;2021-08-13;252143;278092;1592;3;2;46707485;34357324;146950;252;66
FR;0;2021-08-14;145330;197192;740;0;0;46852815;34554516;147690;252;66
FR;0;2021-08-15;39369;50115;217;1;0;46892184;34604631;147907;253;66
FR;0;2021-08-16;186172;317811;1540;0;0;47078356;34922442;149447;253;66
FR;0;2021-08-17;215673;336153;1636;7;1;47294029;35258595;151083;260;67
FR;0;2021-08-18;199041;324584;1597;7;4;47493070;35583179;152680;267;71
FR;0;2021-08-19;192020;325566;1639;1;0;47685090;35908745;154319;268;71
FR;0;2021-08-20;186452;366340;1818;3;2;47871542;36275085;156137;271;73
FR;0;2021-08-21;104790;238135;705;0;0;47976332;36513220;156842;271;73
FR;0;2021-08-22;31925;87212;255;1;1;48008257;36600432;157097;272;74
FR;0;2021-08-23;140980;357153;1561;3;1;48149237;36957585;158658;275;75
FR;0;2021-08-24;162474;376807;1848;5;1;48311711;37334392;160506;280;76
FR;0;2021-08-25;151128;350834;2033;8;2;48462839;37685226;162539;288;78
FR;0;2021-08-26;142868;342815;2559;10;0;48605707;38028041;165098;298;78
FR;0;2021-08-27;148448;388290;2790;11;3;48754155;38416331;167888;309;81
FR;0;2021-08-28;90661;249594;1405;0;0;48844816;38665925;169293;309;81
FR;0;2021-08-29;27312;83349;518;1;0;48872128;38749274;169811;310;81
FR;0;2021-08-30;117382;324784;4712;6;5966;48989510;39074058;174523;316;6047
FR;0;2021-08-31;128758;334549;10186;19;11822;49118268;39408607;184709;335;17869
FR;0;2021-09-01;136026;285704;22428;7;24381;49254294;39694311;207137;342;42250
FR;0;2021-09-02;114525;247265;26515;20;28944;49368819;39941576;233652;362;71194
FR;0;2021-09-03;118278;292704;29963;24;33038;49487097;40234280;263615;386;104232
FR;0;2021-09-04;89876;217777;12585;12;14112;49576973;40452057;276200;398;118344
FR;0;2021-09-05;21353;44835;4395;2;4722;49598326;40496892;280595;400;123066
FR;0;2021-09-06;75398;180669;31951;16;34299;49673724;40677561;312546;416;157365
FR;0;2021-09-07;80280;181257;33242;43;36234;49754004;40858818;345788;459;193599
FR;0;2021-09-08;90966;206125;29661;28;32519;49844970;41064943;375449;487;226118
FR;0;2021-09-09;76903;165387;33062;27;36613;49921873;41230330;408511;514;262731
FR;0;2021-09-10;95991;203784;35736;28;40650;50017864;41434114;444247;542;303381
FR;0;2021-09-11;67155;169293;12138;19;14375;50085019;41603407;456385;561;317756
FR;0;2021-09-12;12823;32103;2775;1;3175;50097842;41635510;459160;562;320931
FR;0;2021-09-13;64526;126249;41224;35;44156;50162368;41761759;500384;597;365087
FR;0;2021-09-14;73447;129081;56362;79;62245;50235815;41890840;556746;676;427332
FR;0;2021-09-15;76580;167840;55658;58;54834;50312395;42058680;612404;734;482166
FR;0;2021-09-16;63837;114545;60075;82;60080;50376232;42173225;672479;816;542246
FR;0;2021-09-17;75045;156834;53850;71;57284;50451277;42330059;726329;887;599530
FR;0;2021-09-18;48215;139631;15601;25;17312;50499492;42469690;741930;912;616842
FR;0;2021-09-19;7881;23690;2436;1;2615;50507373;42493380;744366;913;619457
FR;0;2021-09-20;44521;93849;50077;72;50327;50551894;42587229;794443;985;669784
FR;0;2021-09-21;45870;98445;62758;75;63436;50597764;42685674;857201;1060;733220
FR;0;2021-09-22;48654;142389;55368;82;55415;50646418;42828063;912569;1142;788635
FR;0;2021-09-23;43245;92093;62387;94;63552;50689663;42920156;974956;1236;852187
FR;0;2021-09-24;52278;133331;54547;107;59171;50741941;43053487;1029503;1343;911358
FR;0;2021-09-25;35214;115620;16272;36;18294;50777155;43169107;1045775;1379;929652
FR;0;2021-09-26;5544;17800;2269;5;2328;50782699;43186907;1048044;1384;931980
FR;0;2021-09-27;33957;76954;47194;97;48159;50816656;43263861;1095238;1481;980139
FR;0;2021-09-28;36485;75275;54964;89;56531;50853141;43339136;1150202;1570;1036670
FR;0;2021-09-29;44383;100817;53345;112;54855;50897524;43439953;1203547;1682;1091525
FR;0;2021-09-30;36313;72951;57033;96;59562;50933837;43512904;1260580;1778;1151087
FR;0;2021-10-01;61689;102751;57804;108;63934;50995526;43615655;1318384;1886;1215021
FR;0;2021-10-02;39454;78431;20960;39;23347;51034980;43694086;1339344;1925;1238368
FR;0;2021-10-03;5284;10500;2531;4;2539;51040264;43704586;1341875;1929;1240907
FR;0;2021-10-04;35130;58525;52617;84;54822;51075394;43763111;1394492;2013;1295729
FR;0;2021-10-05;33861;64367;61001;135;65033;51109255;43827478;1455493;2148;1360762
FR;0;2021-10-06;42685;79317;65741;113;68310;51151940;43906795;1521234;2261;1429072
FR;0;2021-10-07;30519;62254;65423;90;68823;51182459;43969049;1586657;2351;1497895
FR;0;2021-10-08;49444;91901;77746;110;84705;51231903;44060950;1664403;2461;1582600
FR;0;2021-10-09;33649;60944;31542;35;33918;51265552;44121894;1695945;2496;1616518
FR;0;2021-10-10;4703;7440;3193;9;3481;51270255;44129334;1699138;2505;1619999
FR;0;2021-10-11;30690;49946;61038;105;64092;51300945;44179280;1760176;2610;1684091
FR;0;2021-10-12;31591;54486;70609;140;75954;51332536;44233766;1830785;2750;1760045
FR;0;2021-10-13;40097;62839;74428;136;79331;51372633;44296605;1905213;2886;1839376
FR;0;2021-10-14;30308;52900;68757;116;73816;51402941;44349505;1973970;3002;1913192
FR;0;2021-10-15;44892;75294;93235;191;102984;51447833;44424799;2067205;3193;2016176
FR;0;2021-10-16;31299;44125;36691;44;39633;51479132;44468924;2103896;3237;2055809
FR;0;2021-10-17;3840;5243;3594;2;3680;51482972;44474167;2107490;3239;2059489
FR;0;2021-10-18;28957;42407;67495;133;71359;51511929;44516574;2174985;3372;2130848
FR;0;2021-10-19;27150;45603;76401;140;81624;51539079;44562177;2251386;3512;2212472
FR;0;2021-10-20;35292;52468;96936;181;101525;51574371;44614645;2348322;3693;2313997
FR;0;2021-10-21;26125;45202;83961;112;89144;51600496;44659847;2432283;3805;2403141
FR;0;2021-10-22;38410;62513;104895;200;112586;51638906;44722360;2537178;4005;2515727
FR;0;2021-10-23;27002;41226;45456;57;48625;51665908;44763586;2582634;4062;2564352
FR;0;2021-10-24;2919;4775;3681;6;3928;51668827;44768361;2586315;4068;2568280
FR;0;2021-10-25;26005;36281;82329;144;86638;51694832;44804642;2668644;4212;2654918
FR;0;2021-10-26;23727;35051;87244;166;92356;51718559;44839693;2755888;4378;2747274
FR;0;2021-10-27;30077;46390;109001;257;114695;51748636;44886083;2864889;4635;2861969
FR;0;2021-10-28;23581;34971;88703;153;94473;51772217;44921054;2953592;4788;2956442
FR;0;2021-10-29;31567;51491;117317;204;125345;51803784;44972545;3070909;4992;3081787
FR;0;2021-10-30;20552;33229;50347;76;53392;51824336;45005774;3121256;5068;3135179
FR;0;2021-10-31;2488;3737;3589;3;3878;51826824;45009511;3124845;5071;3139057
FR;0;2021-11-01;8428;4870;3210;3;3574;51835252;45014381;3128055;5074;3142631
FR;0;2021-11-02;26210;40123;93580;156;99584;51861462;45054504;3221635;5230;3242215
FR;0;2021-11-03;30072;47973;118888;218;125843;51891534;45102477;3340523;5448;3368058
FR;0;2021-11-04;23778;37528;107565;217;114419;51915312;45140005;3448088;5665;3482477
FR;0;2021-11-05;32376;52994;141641;235;151378;51947688;45192999;3589729;5900;3633855
FR;0;2021-11-06;21520;34578;64884;123;68300;51969208;45227577;3654613;6023;3702155
FR;0;2021-11-07;2399;4183;5195;6;5592;51971607;45231760;3659808;6029;3707747
FR;0;2021-11-08;20587;37804;127195;227;134306;51992194;45269564;3787003;6256;3842053
FR;0;2021-11-09;22400;44752;161685;339;172251;52014594;45314316;3948688;6595;4014304
FR;0;2021-11-10;31570;55071;187009;446;198813;52046164;45369387;4135697;7041;4213117
FR;0;2021-11-11;4696;6761;12965;28;13957;52050860;45376148;4148662;7069;4227074
FR;0;2021-11-12;29070;55162;183775;252;197378;52079930;45431310;4332437;7321;4424452
FR;0;2021-11-13;20345;32662;80697;118;86324;52100275;45463972;4413134;7439;4510776
FR;0;2021-11-14;2354;3889;7173;6;7853;52102629;45467861;4420307;7445;4518629
FR;0;2021-11-15;20477;38696;160854;313;171575;52123106;45506557;4581161;7758;4690204
FR;0;2021-11-16;23634;43987;200416;392;215028;52146740;45550544;4781577;8150;4905232
FR;0;2021-11-17;30500;50386;199845;406;212883;52177240;45600930;4981422;8556;5118115
FR;0;2021-11-18;23428;45543;191672;469;205573;52200668;45646473;5173094;9025;5323688
FR;0;2021-11-19;33666;61456;243216;549;262208;52234334;45707929;5416310;9574;5585896
FR;0;2021-11-20;25397;36707;102154;206;109698;52259731;45744636;5518464;9780;5695594
FR;0;2021-11-21;2643;4511;9653;19;10631;52262374;45749147;5528117;9799;5706225
FR;0;2021-11-22;22799;33268;180379;470;194859;52285173;45782415;5708496;10269;5901084
FR;0;2021-11-23;25710;45644;229380;549;247849;52310883;45828059;5937876;10818;6148933
FR;0;2021-11-24;31796;53771;224813;715;243242;52342679;45881830;6162689;11533;6392175
FR;0;2021-11-25;25623;49218;255935;739;277786;52368302;45931048;6418624;12272;6669961
FR;0;2021-11-26;33246;74886;379493;865;414644;52401548;46005934;6798117;13137;7084605
FR;0;2021-11-27;23483;49710;214908;389;236683;52425031;46055644;7013025;13526;7321288
FR;0;2021-11-28;3509;10540;56756;66;63330;52428540;46066184;7069781;13592;7384618
FR;0;2021-11-29;19413;54188;341471;862;371712;52447953;46120372;7411252;14454;7756330
FR;0;2021-11-30;24775;72051;457389;988;500781;52472728;46192423;7868641;15442;8257111
FR;0;2021-12-01;27346;75850;469099;1160;511347;52500074;46268273;8337740;16602;8768458
FR;0;2021-12-02;22083;71864;527106;1280;574880;52522157;46340137;8864846;17882;9343338
FR;0;2021-12-03;25545;93119;596386;1420;651190;52547702;46433256;9461232;19302;9994528
FR;0;2021-12-04;18313;60543;336229;690;369792;52566015;46493799;9797461;19992;10364320
FR;0;2021-12-05;4153;16204;95783;157;107054;52570168;46510003;9893244;20149;10471374
FR;0;2021-12-06;28309;73032;493151;1173;539963;52598477;46583035;10386395;21322;11011337
FR;0;2021-12-07;23528;91546;645390;1773;706328;52622005;46674581;11031785;23095;11717665
FR;0;2021-12-08;25484;92302;591580;1874;647497;52647489;46766883;11623365;24969;12365162
FR;0;2021-12-09;24051;94252;663094;2180;726404;52671540;46861135;12286459;27149;13091566
FR;0;2021-12-10;28042;111215;736052;2075;806187;52699582;46972350;13022511;29224;13897753
FR;0;2021-12-11;20250;76253;435180;987;480402;52719832;47048603;13457691;30211;14378155
FR;0;2021-12-12;5643;23229;142304;262;159221;52725475;47071832;13599995;30473;14537376
FR;0;2021-12-13;21347;91147;587647;1699;649302;52746822;47162979;14187642;32172;15186678
FR;0;2021-12-14;27945;118635;765543;2654;847511;52774767;47281614;14953185;34826;16034189
FR;0;2021-12-15;28417;114516;694337;2265;769098;52803184;47396130;15647522;37091;16803287
FR;0;2021-12-16;28017;116008;764023;2557;844440;52831201;47512138;16411545;39648;17647727
FR;0;2021-12-17;31641;128751;807866;2709;892075;52862842;47640889;17219411;42357;18539802
FR;0;2021-12-18;24930;81704;469961;1178;522205;52887772;47722593;17689372;43535;19062007
FR;0;2021-12-19;8756;28727;169391;376;191100;52896528;47751320;17858763;43911;19253107
FR;0;2021-12-20;31745;97489;591481;1786;658749;52928273;47848809;18450244;45697;19911856
FR;0;2021-12-21;39453;112272;682407;2391;759570;52967726;47961081;19132651;48088;20671426
FR;0;2021-12-22;39547;99568;575760;2168;642153;53007273;48060649;19708411;50256;21313579
FR;0;2021-12-23;33770;79699;440994;1655;494400;53041043;48140348;20149405;51911;21807979
FR;0;2021-12-24;10690;26152;111023;398;126677;53051733;48166500;20260428;52309;21934656
FR;0;2021-12-25;774;3576;7587;25;9030;53052507;48170076;20268015;52334;21943686
FR;0;2021-12-26;4695;11899;52095;142;60147;53057202;48181975;20320110;52476;22003833
FR;0;2021-12-27;30459;84093;453546;1364;509163;53087661;48266068;20773656;53840;22512996
FR;0;2021-12-28;38360;99090;564154;1769;632266;53126021;48365158;21337810;55609;23145262
FR;0;2021-12-29;39864;88449;501190;1688;560998;53165885;48453607;21839000;57297;23706260
FR;0;2021-12-30;35916;75288;421022;1520;471152;53201801;48528895;22260022;58817;24177412
FR;0;2021-12-31;12044;25166;116871;405;131664;53213845;48554061;22376893;59222;24309076
FR;0;2022-01-01;1474;3210;8512;37;9940;53215319;48557271;22385405;59259;24319016
FR;0;2022-01-02;6093;12995;58415;125;66944;53221412;48570266;22443820;59384;24385960
FR;0;2022-01-03;36165;90330;494811;1593;551691;53257577;48660596;22938631;60977;24937651
FR;0;2022-01-04;41826;111148;641368;2307;714371;53299403;48771744;23579999;63284;25652022
FR;0;2022-01-05;60890;103724;569152;1981;634178;53360293;48875468;24149151;65265;26286200
FR;0;2022-01-06;44226;110449;638961;2696;711440;53404519;48985917;24788112;67961;26997640
FR;0;2022-01-07;50807;123428;710983;2809;790481;53455326;49109345;25499095;70770;27788121
FR;0;2022-01-08;45002;80337;423800;1213;472882;53500328;49189682;25922895;71983;28261003
FR;0;2022-01-09;15597;26643;128563;300;145679;53515925;49216325;26051458;72283;28406682
FR;0;2022-01-10;35322;93477;469290;1811;522730;53551247;49309802;26520748;74094;28929412
FR;0;2022-01-11;41893;100599;548220;2306;608477;53593140;49410401;27068968;76400;29537889
FR;0;2022-01-12;60343;95782;452658;1967;504327;53653483;49506183;27521626;78367;30042216
FR;0;2022-01-13;38201;92598;487328;2084;541030;53691684;49598781;28008954;80451;30583246
FR;0;2022-01-14;42557;103416;568580;2286;628993;53734241;49702197;28577534;82737;31212239
FR;0;2022-01-15;39385;65874;340125;985;377559;53773626;49768071;28917659;83722;31589798
FR;0;2022-01-16;11396;19229;87416;216;99424;53785022;49787300;29005075;83938;31689222
FR;0;2022-01-17;24710;60109;320270;1381;354170;53809732;49847409;29325345;85319;32043392
FR;0;2022-01-18;28294;68732;361060;1802;397540;53838026;49916141;29686405;87121;32440932
FR;0;2022-01-19;43195;67117;281270;1450;311075;53881221;49983258;29967675;88571;32752007
FR;0;2022-01-20;23594;59651;298986;1739;328489;53904815;50042909;30266661;90310;33080496
FR;0;2022-01-21;28182;68899;366350;2086;401173;53932997;50111808;30633011;92396;33481669
FR;0;2022-01-22;27618;48006;218785;839;241769;53960615;50159814;30851796;93235;33723438
FR;0;2022-01-23;6709;12988;48672;173;55173;53967324;50172802;30900468;93408;33778611
FR;0;2022-01-24;16260;47519;217292;1139;239333;53983584;50220321;31117760;94547;34017944
FR;0;2022-01-25;19013;54431;243023;1547;267060;54002597;50274752;31360783;96094;34285004
FR;0;2022-01-26;28144;60477;209268;1297;229452;54030741;50335229;31570051;97391;34514456
FR;0;2022-01-27;16322;46329;207637;1274;225932;54047063;50381558;31777688;98665;34740388
FR;0;2022-01-28;21570;77899;290039;1574;321407;54068633;50459457;32067727;100239;35061795
FR;0;2022-01-29;18414;52824;184119;688;204572;54087047;50512281;32251846;100927;35266367
FR;0;2022-01-30;4470;14503;39140;124;45094;54091517;50526784;32290986;101051;35311461
FR;0;2022-01-31;11253;43959;148195;740;164789;54102770;50570743;32439181;101791;35476250
FR;0;2022-02-01;13451;48379;174107;1142;191405;54116221;50619122;32613288;102933;35667655
FR;0;2022-02-02;20424;66344;171512;1034;190129;54136645;50685466;32784800;103967;35857784
FR;0;2022-02-03;11439;44735;157543;989;173321;54148084;50730201;32942343;104956;36031105
FR;0;2022-02-04;14610;66520;239239;1265;264170;54162694;50796721;33181582;106221;36295275
FR;0;2022-02-05;12890;51474;153543;523;172335;54175584;50848195;33335125;106744;36467610
FR;0;2022-02-06;2719;12194;28886;101;33835;54178303;50860389;33364011;106845;36501445
FR;0;2022-02-07;9532;46720;156860;589;176319;54187835;50907109;33520871;107434;36677764
FR;0;2022-02-08;9753;43049;166617;867;184405;54197588;50950158;33687488;108301;36862169
FR;0;2022-02-09;14323;58215;172333;870;193037;54211911;51008373;33859821;109171;37055206
FR;0;2022-02-10;8669;38965;150215;878;166687;54220580;51047338;34010036;110049;37221893
FR;0;2022-02-11;10853;55638;218488;1100;243076;54231433;51102976;34228524;111149;37464969
FR;0;2022-02-12;8378;40937;134715;461;151740;54239811;51143913;34363239;111610;37616709
FR;0;2022-02-13;1898;8595;26558;85;30917;54241709;51152508;34389797;111695;37647626
FR;0;2022-02-14;6975;35225;148357;482;166353;54248684;51187733;34538154;112177;37813979
FR;0;2022-02-15;7019;36180;146960;751;162545;54255703;51223913;34685114;112928;37976524
FR;0;2022-02-16;9385;42940;132524;720;146742;54265088;51266853;34817638;113648;38123266
FR;0;2022-02-17;5570;24283;87285;585;94854;54270658;51291136;34904923;114233;38218120
FR;0;2022-02-18;6988;33539;119642;804;129306;54277646;51324675;35024565;115037;38347426
FR;0;2022-02-19;5366;24541;70020;370;77331;54283012;51349216;35094585;115407;38424757
FR;0;2022-02-20;1143;4648;12166;39;13944;54284155;51353864;35106751;115446;38438701
FR;0;2022-02-21;4087;17879;61943;351;67172;54288242;51371743;35168694;115797;38505873
FR;0;2022-02-22;4442;18635;60818;576;64455;54292684;51390378;35229512;116373;38570328
FR;0;2022-02-23;6574;27323;66489;591;71887;54299258;51417701;35296001;116964;38642215
FR;0;2022-02-24;3843;15453;50419;517;53241;54303101;51433154;35346420;117481;38695456
FR;0;2022-02-25;5276;23949;76340;803;80074;54308377;51457103;35422760;118284;38775530
FR;0;2022-02-26;3987;17761;47406;359;51473;54312364;51474864;35470166;118643;38827003
FR;0;2022-02-27;879;3002;8033;47;8944;54313243;51477866;35478199;118690;38835947
FR;0;2022-02-28;3122;12516;40471;358;42906;54316365;51490382;35518670;119048;38878853
FR;0;2022-03-01;3824;12550;44179;435;44847;54320189;51502932;35562849;119483;38923700
FR;0;2022-03-02;5276;17756;47123;445;49055;54325465;51520688;35609972;119928;38972755
FR;0;2022-03-03;2796;9298;29883;368;30002;54328261;51529986;35639855;120296;39002757
FR;0;2022-03-04;3218;12365;40290;665;39439;54331479;51542351;35680145;120961;39042196
FR;0;2022-03-05;3067;9262;24949;310;25110;54334546;51551613;35705094;121271;39067306
FR;0;2022-03-06;516;1394;3195;43;3438;54335062;51553007;35708289;121314;39070744
FR;0;2022-03-07;2268;5603;18419;315;17688;54337330;51558610;35726708;121629;39088432
FR;0;2022-03-08;2081;6057;19440;359;17909;54339411;51564667;35746148;121988;39106341
FR;0;2022-03-09;3539;10486;22178;405;21273;54342950;51575153;35768326;122393;39127614
FR;0;2022-03-10;1779;5585;16975;342;15802;54344729;51580738;35785301;122735;39143416
FR;0;2022-03-11;2402;7532;24489;539;22253;54347131;51588270;35809790;123274;39165669
FR;0;2022-03-12;2661;6771;17158;308;16512;54349792;51595041;35826948;123582;39182181
FR;0;2022-03-13;390;785;2320;147;2270;54350182;51595826;35829268;123729;39184451
FR;0;2022-03-14;1537;4260;14972;4408;13826;54351719;51600086;35844240;128137;39198277
FR;0;2022-03-15;1691;6159;16362;7551;14587;54353410;51606245;35860602;135688;39212864
FR;0;2022-03-16;3002;7309;19414;13135;18087;54356412;51613554;35880016;148823;39230951
FR;0;2022-03-17;1434;3963;13129;10842;11975;54357846;51617517;35893145;159665;39242926
FR;0;2022-03-18;2259;5738;19984;18286;18078;54360105;51623255;35913129;177951;39261004
FR;0;2022-03-19;2288;4800;13111;9400;12413;54362393;51628055;35926240;187351;39273417
FR;0;2022-03-20;298;730;1917;1073;1928;54362691;51628785;35928157;188424;39275345
FR;0;2022-03-21;1383;3203;12711;14937;11933;54364074;51631988;35940868;203361;39287278
FR;0;2022-03-22;1490;3725;13787;20527;12545;54365564;51635713;35954655;223888;39299823
FR;0;2022-03-23;2662;6233;17702;23148;17216;54368226;51641946;35972357;247036;39317039
FR;0;2022-03-24;1389;3142;11582;17604;10666;54369615;51645088;35983939;264640;39327705
FR;0;2022-03-25;2074;5126;18544;27751;16879;54371689;51650214;36002483;292391;39344584
FR;0;2022-03-26;2223;4409;12073;12677;11514;54373912;51654623;36014556;305068;39356098
FR;0;2022-03-27;359;688;1904;1480;1937;54374271;51655311;36016460;306548;39358035
FR;0;2022-03-28;1456;3064;11115;17485;10610;54375727;51658375;36027575;324033;39368645
FR;0;2022-03-29;1449;3263;12896;27555;12037;54377176;51661638;36040471;351588;39380682
FR;0;2022-03-30;2839;5447;15671;27365;15066;54380015;51667085;36056142;378953;39395748
FR;0;2022-03-31;1607;3539;12970;24963;12303;54381622;51670624;36069112;403916;39408051
FR;0;2022-04-01;2640;4569;20040;30854;18675;54384262;51675193;36089152;434770;39426726
FR;0;2022-04-02;1517;2624;9046;10109;8703;54385779;51677817;36098198;444879;39435429
FR;0;2022-04-03;287;504;1561;1167;1577;54386066;51678321;36099759;446046;39437006
FR;0;2022-04-04;1766;2834;12355;19081;11556;54387832;51681155;36112114;465127;39448562
FR;0;2022-04-05;1719;3079;14322;34042;13170;54389551;51684234;36126436;499169;39461732
FR;0;2022-04-06;2104;3846;13519;26459;12787;54391655;51688080;36139955;525628;39474519
FR;0;2022-04-07;1494;3058;13651;33728;12862;54393149;51691138;36153606;559356;39487381
FR;0;2022-04-08;2044;4197;19199;43851;17805;54395193;51695335;36172805;603207;39505186
FR;0;2022-04-09;1360;2664;9309;13555;8861;54396553;51697999;36182114;616762;39514047
FR;0;2022-04-10;284;592;1981;2010;2000;54396837;51698591;36184095;618772;39516047
FR;0;2022-04-11;1251;2582;11853;23837;11455;54398088;51701173;36195948;642609;39527502
FR;0;2022-04-12;1645;2982;13996;40828;13366;54399733;51704155;36209944;683437;39540868
FR;0;2022-04-13;1918;3629;13395;33050;13013;54401651;51707784;36223339;716487;39553881
FR;0;2022-04-14;1472;2865;13174;36241;13020;54403123;51710649;36236513;752728;39566901
FR;0;2022-04-15;1835;3415;15613;35484;14858;54404958;51714064;36252126;788212;39581759
FR;0;2022-04-16;1039;1814;6393;8530;6245;54405997;51715878;36258519;796742;39588004
FR;0;2022-04-17;190;321;991;1172;1030;54406187;51716199;36259510;797914;39589034
FR;0;2022-04-18;176;522;2763;1068;2781;54406363;51716721;36262273;798982;39591815
FR;0;2022-04-19;1512;2993;12899;29597;12461;54407875;51719714;36275172;828579;39604276
FR;0;2022-04-20;1969;3435;13283;28979;12960;54409844;51723149;36288455;857558;39617236
FR;0;2022-04-21;1490;2830;12518;35041;12548;54411334;51725979;36300973;892599;39629784
FR;0;2022-04-22;1850;3582;16452;37564;15816;54413184;51729561;36317425;930163;39645600
FR;0;2022-04-23;1140;2046;7380;10652;7231;54414324;51731607;36324805;940815;39652831
FR;0;2022-04-24;249;448;1475;1588;1410;54414573;51732055;36326280;942403;39654241
FR;0;2022-04-25;1285;2511;10676;20983;10478;54415858;51734566;36336956;963386;39664719
FR;0;2022-04-26;1605;2977;13647;38533;13098;54417463;51737543;36350603;1001919;39677817
FR;0;2022-04-27;1949;3045;11523;30940;11580;54419412;51740588;36362126;1032859;39689397
FR;0;2022-04-28;1546;2726;12513;36069;12251;54420958;51743314;36374639;1068928;39701648
FR;0;2022-04-29;1985;3953;15538;37195;14899;54422943;51747267;36390177;1106123;39716547
FR;0;2022-04-30;1201;1812;6920;9703;6747;54424144;51749079;36397097;1115826;39723294
FR;0;2022-05-01;215;318;907;995;902;54424359;51749397;36398004;1116821;39724196
FR;0;2022-05-02;1390;2773;11125;18068;10928;54425749;51752170;36409129;1134889;39735124
FR;0;2022-05-03;1823;3181;13700;34588;13542;54427572;51755351;36422829;1169477;39748666
FR;0;2022-05-04;1863;3231;12158;25588;12267;54429435;51758582;36434987;1195065;39760933
FR;0;2022-05-05;1704;2814;13018;33405;12868;54431139;51761396;36448005;1228470;39773801
FR;0;2022-05-06;2123;3624;15316;36703;14806;54433262;51765020;36463321;1265173;39788607
FR;0;2022-05-07;1191;1764;6454;9602;6442;54434453;51766784;36469775;1274775;39795049
FR;0;2022-05-08;260;395;1170;1544;1230;54434713;51767179;36470945;1276319;39796279
FR;0;2022-05-09;1292;2267;9909;20236;9777;54436005;51769446;36480854;1296555;39806056
FR;0;2022-05-10;1702;3047;13534;38807;13082;54437707;51772493;36494388;1335362;39819138
FR;0;2022-05-11;1965;2927;10720;27842;10648;54439672;51775420;36505108;1363204;39829786
FR;0;2022-05-12;1550;2638;11332;35584;10989;54441222;51778058;36516440;1398788;39840775
FR;0;2022-05-13;1956;3173;13732;37796;13313;54443178;51781231;36530172;1436584;39854088
FR;0;2022-05-14;1142;1608;5934;10768;5793;54444320;51782839;36536106;1447352;39859881
FR;0;2022-05-15;279;449;1275;1432;1352;54444599;51783288;36537381;1448784;39861233
FR;0;2022-05-16;1175;1996;8667;20987;8663;54445774;51785284;36546048;1469771;39869896
FR;0;2022-05-17;1566;2540;11808;37793;11385;54447340;51787824;36557856;1507564;39881281
FR;0;2022-05-18;1784;2601;9671;27092;9642;54449124;51790425;36567527;1534656;39890923
FR;0;2022-05-19;1413;2613;10545;35713;10684;54450537;51793038;36578072;1570369;39901607
FR;0;2022-05-20;1861;3081;13394;39330;12883;54452398;51796119;36591466;1609699;39914490
FR;0;2022-05-21;1157;1689;5655;9895;5528;54453555;51797808;36597121;1619594;39920018
FR;0;2022-05-22;237;333;1023;1434;1011;54453792;51798141;36598144;1621028;39921029
FR;0;2022-05-23;1153;2041;8871;20329;8804;54454945;51800182;36607015;1641357;39929833
FR;0;2022-05-24;1526;2723;11342;38782;11187;54456471;51802905;36618357;1680139;39941020
FR;0;2022-05-25;1798;2789;9333;24802;9462;54458269;51805694;36627690;1704941;39950482
FR;0;2022-05-26;198;386;1654;1188;1663;54458467;51806080;36629344;1706129;39952145
FR;0;2022-05-27;1371;2434;9247;21260;8987;54459838;51808514;36638591;1727389;39961132
FR;0;2022-05-28;663;1244;3911;6780;3960;54460501;51809758;36642502;1734169;39965092
FR;0;2022-05-29;154;314;750;915;770;54460655;51810072;36643252;1735084;39965862
FR;0;2022-05-30;1000;1928;6980;19254;6992;54461655;51812000;36650232;1754338;39972854
FR;0;2022-05-31;1480;2457;9809;35617;9629;54463135;51814457;36660041;1789955;39982483
FR;0;2022-06-01;1677;3036;11012;24443;10879;54464812;51817493;36671053;1814398;39993362
FR;0;2022-06-02;1451;2537;11302;35451;10834;54466263;51820030;36682355;1849849;40004196
FR;0;2022-06-03;1641;3013;13378;38694;12742;54467904;51823043;36695733;1888543;40016938
FR;0;2022-06-04;958;1508;5039;9104;5110;54468862;51824551;36700772;1897647;40022048
FR;0;2022-06-05;172;326;871;1104;881;54469034;51824877;36701643;1898751;40022929
FR;0;2022-06-06;231;667;2097;1249;2083;54469265;51825544;36703740;1900000;40025012
FR;0;2022-06-07;1357;2625;9833;35547;9410;54470622;51828169;36713573;1935547;40034422
FR;0;2022-06-08;1524;2640;9153;28693;8990;54472146;51830809;36722726;1964240;40043412
FR;0;2022-06-09;1264;2395;10595;39423;10233;54473410;51833204;36733321;2003663;40053645
FR;0;2022-06-10;1601;2863;13053;44730;12595;54475011;51836067;36746374;2048393;40066240
FR;0;2022-06-11;950;1721;5431;11614;5460;54475961;51837788;36751805;2060007;40071700
FR;0;2022-06-12;192;428;1071;1758;1131;54476153;51838216;36752876;2061765;40072831
FR;0;2022-06-13;1061;1984;7416;23145;7246;54477214;51840200;36760292;2084910;40080077
FR;0;2022-06-14;1298;2432;10431;44832;9786;54478512;51842632;36770723;2129742;40089863
FR;0;2022-06-15;1475;2352;9288;30860;8922;54479987;51844984;36780011;2160602;40098785
FR;0;2022-06-16;1153;1978;9876;39821;9282;54481140;51846962;36789887;2200423;40108067
FR;0;2022-06-17;1462;2804;12456;46585;11883;54482602;51849766;36802343;2247008;40119950
FR;0;2022-06-18;849;1501;4558;11118;4490;54483451;51851267;36806901;2258126;40124440
FR;0;2022-06-19;180;351;1057;1612;1129;54483631;51851618;36807958;2259738;40125569
FR;0;2022-06-20;1015;1883;8890;26050;8550;54484646;51853501;36816848;2285788;40134119
FR;0;2022-06-21;1313;2365;10289;49837;9316;54485959;51855866;36827137;2335625;40143435
FR;0;2022-06-22;1367;2436;8891;38974;8380;54487326;51858302;36836028;2374599;40151815
FR;0;2022-06-23;1215;2304;10666;55043;9859;54488541;51860606;36846694;2429642;40161674
FR;0;2022-06-24;1474;2953;13606;69059;12269;54490015;51863559;36860300;2498701;40173943
FR;0;2022-06-25;930;1770;6221;19907;5973;54490945;51865329;36866521;2518608;40179916
FR;0;2022-06-26;228;452;1951;3685;1811;54491173;51865781;36868472;2522293;40181727
FR;0;2022-06-27;1119;2005;10479;48422;9621;54492292;51867786;36878951;2570715;40191348
FR;0;2022-06-28;1442;2787;14646;91261;13062;54493734;51870573;36893597;2661976;40204410
FR;0;2022-06-29;1690;2809;12273;71744;11223;54495424;51873382;36905870;2733720;40215633
FR;0;2022-06-30;1513;2624;14364;95105;12447;54496937;51876006;36920234;2828825;40228080
FR;0;2022-07-01;1937;3596;21258;115856;18587;54498874;51879602;36941492;2944681;40246667
FR;0;2022-07-02;1067;1846;8506;35726;7692;54499941;51881448;36949998;2980407;40254359
FR;0;2022-07-03;289;534;2084;6447;1886;54500230;51881982;36952082;2986854;40256245
FR;0;2022-07-04;1489;2614;14623;79166;12858;54501719;51884596;36966705;3066020;40269103
FR;0;2022-07-05;1686;3024;18773;133062;15958;54503405;51887620;36985478;3199082;40285061
FR;0;2022-07-06;1793;2670;15798;99401;13590;54505198;51890290;37001276;3298483;40298651
FR;0;2022-07-07;1679;2816;17954;125829;14720;54506877;51893106;37019230;3424312;40313371
FR;0;2022-07-08;1864;3116;20700;136890;16724;54508741;51896222;37039930;3561202;40330095
FR;0;2022-07-09;859;1442;7728;37895;6672;54509600;51897664;37047658;3599097;40336767
FR;0;2022-07-10;257;505;2343;6994;2125;54509857;51898169;37050001;3606091;40338892
FR;0;2022-07-11;1391;2403;14985;88173;12465;54511248;51900572;37064986;3694264;40351357
FR;0;2022-07-12;1762;3042;20480;143751;16673;54513010;51903614;37085466;3838015;40368030
FR;0;2022-07-13;1696;2618;15642;94365;13206;54514706;51906232;37101108;3932380;40381236
FR;0;2022-07-14;174;314;1940;5519;1815;54514880;51906546;37103048;3937899;40383051
FR;0;2022-07-15;1462;2517;15061;84361;12553;54516342;51909063;37118109;4022260;40395604
FR;0;2022-07-16;614;1155;5928;24937;5128;54516956;51910218;37124037;4047197;40400732
FR;0;2022-07-17;172;385;1728;4648;1562;54517128;51910603;37125765;4051845;40402294
FR;0;2022-07-18;1112;2184;11792;61723;9936;54518240;51912787;37137557;4113568;40412230
FR;0;2022-07-19;1397;2316;15422;103540;12243;54519637;51915103;37152979;4217108;40424473
FR;0;2022-07-20;1386;2239;12871;77475;10646;54521023;51917342;37165850;4294583;40435119
FR;0;2022-07-21;1255;2109;13034;88000;10433;54522278;51919451;37178884;4382583;40445552
FR;0;2022-07-22;1372;2405;14748;89271;11900;54523650;51921856;37193632;4471854;40457452
FR;0;2022-07-23;660;1278;5515;22442;4840;54524310;51923134;37199147;4494296;40462292
FR;0;2022-07-24;175;346;1390;3875;1228;54524485;51923480;37200537;4498171;40463520
FR;0;2022-07-25;1020;1748;9461;47967;7792;54525505;51925228;37209998;4546138;40471312
FR;0;2022-07-26;1283;2187;13267;85302;10780;54526788;51927415;37223265;4631440;40482092
FR;0;2022-07-27;1213;1969;10172;61065;8463;54528001;51929384;37233437;4692505;40490555
FR;0;2022-07-28;1061;1800;10254;64087;8163;54529062;51931184;37243691;4756592;40498718
FR;0;2022-07-29;1267;1982;10911;65621;8682;54530329;51933166;37254602;4822213;40507400
FR;0;2022-07-30;488;830;3498;15227;2957;54530817;51933996;37258100;4837440;40510357
FR;0;2022-07-31;148;278;920;2414;784;54530965;51934274;37259020;4839854;40511141
FR;0;2022-08-01;768;1325;7237;30134;6046;54531733;51935599;37266257;4869988;40517187
FR;0;2022-08-02;982;1593;8458;55855;6763;54532715;51937192;37274715;4925843;40523950
FR;0;2022-08-03;796;1215;6312;38575;5048;54533511;51938407;37281027;4964418;40528998
FR;0;2022-08-04;710;1139;6412;42945;5164;54534221;51939546;37287439;5007363;40534162
FR;0;2022-08-05;827;1328;6850;44744;5428;54535048;51940874;37294289;5052107;40539590
FR;0;2022-08-06;328;549;1993;9314;1646;54535376;51941423;37296282;5061421;40541236
FR;0;2022-08-07;92;150;518;1604;435;54535468;51941573;37296800;5063025;40541671
FR;0;2022-08-08;519;877;3907;21968;3164;54535987;51942450;37300707;5084993;40544835
FR;0;2022-08-09;665;1097;5881;39780;4704;54536652;51943547;37306588;5124773;40549539
FR;0;2022-08-10;595;1044;4492;27891;3634;54537247;51944591;37311080;5152664;40553173
FR;0;2022-08-11;600;974;4375;28905;3588;54537847;51945565;37315455;5181569;40556761
FR;0;2022-08-12;695;1091;4519;28007;3673;54538542;51946656;37319974;5209576;40560434
FR;0;2022-08-13;194;381;1239;5185;1057;54538736;51947037;37321213;5214761;40561491
FR;0;2022-08-14;64;115;273;878;233;54538800;51947152;37321486;5215639;40561724
FR;0;2022-08-15;53;115;288;519;248;54538853;51947267;37321774;5216158;40561972
FR;0;2022-08-16;593;1006;3769;22024;3171;54539446;51948273;37325543;5238182;40565143
FR;0;2022-08-17;598;954;3619;22678;3034;54540044;51949227;37329162;5260860;40568177
FR;0;2022-08-18;579;921;3922;26042;3060;54540623;51950148;37333084;5286902;40571237
FR;0;2022-08-19;560;1097;4153;27032;3375;54541183;51951245;37337237;5313934;40574612
FR;0;2022-08-20;273;454;1278;5504;1088;54541456;51951699;37338515;5319438;40575700
FR;0;2022-08-21;89;126;284;963;252;54541545;51951825;37338799;5320401;40575952
FR;0;2022-08-22;518;897;2807;15158;2343;54542063;51952722;37341606;5335559;40578295
FR;0;2022-08-23;679;1125;4099;28645;3412;54542742;51953847;37345705;5364204;40581707
FR;0;2022-08-24;608;871;3247;19083;2592;54543350;51954718;37348952;5383287;40584299
FR;0;2022-08-25;582;916;3657;22829;3017;54543932;51955634;37352609;5406116;40587316
FR;0;2022-08-26;811;1166;4155;25118;3359;54544743;51956800;37356764;5431234;40590675
FR;0;2022-08-27;275;442;1287;5233;1148;54545018;51957242;37358051;5436467;40591823
FR;0;2022-08-28;99;127;267;806;250;54545117;51957369;37358318;5437273;40592073
