fra;vaccin;jour;n_dose1;n_dose2;n_cum_dose1;n_cum_dose2
FR;1;2020-12-27;255;0;255;0
FR;1;2020-12-28;275;0;530;0
FR;1;2020-12-29;202;0;732;0
FR;1;2020-12-30;249;0;981;0
FR;1;2020-12-31;189;0;1170;0
FR;1;2021-01-01;203;0;1373;0
FR;1;2021-01-02;157;0;1530;0
FR;1;2021-01-03;193;0;1723;0
FR;1;2021-01-04;1653;0;3376;0
FR;1;2021-01-05;5609;0;8985;0
FR;1;2021-01-06;11505;0;20490;0
FR;1;2021-01-07;28948;0;49438;0
FR;1;2021-01-08;36622;0;86060;0
FR;1;2021-01-09;11036;0;97096;0
FR;1;2021-01-10;5732;0;102828;0
FR;1;2021-01-11;39503;0;142331;0
FR;1;2021-01-12;61517;0;203848;0
FR;1;2021-01-13;64462;0;268310;0
FR;1;2021-01-14;80675;0;348985;0
FR;1;2021-01-15;68039;0;417024;0
FR;1;2021-01-16;19719;77;436743;77
FR;1;2021-01-17;10640;42;447383;119
FR;1;2021-01-18;82179;161;529562;280
FR;1;2021-01-19;125133;125;654695;405
FR;1;2021-01-20;131561;156;786256;561
FR;1;2021-01-21;151931;132;938187;693
FR;1;2021-01-22;115087;160;1053274;853
FR;1;2021-01-23;36341;50;1089615;903
FR;1;2021-01-24;9385;27;1099000;930
FR;1;2021-01-25;73834;1215;1172834;2145
FR;1;2021-01-26;95890;3108;1268724;5253
FR;1;2021-01-27;103056;5593;1371780;10846
FR;1;2021-01-28;119932;14356;1491712;25202
FR;1;2021-01-29;88362;17281;1580074;42483
FR;1;2021-01-30;27789;4223;1607863;46706
FR;1;2021-01-31;5006;1679;1612869;48385
FR;1;2021-02-01;48775;21120;1661644;69505
FR;1;2021-02-02;67024;34557;1728668;104062
FR;1;2021-02-03;66507;36954;1795175;141016
FR;1;2021-02-04;76451;50039;1871626;191055
FR;1;2021-02-05;62939;45323;1934565;236378
FR;1;2021-02-06;19190;10393;1953755;246771
FR;1;2021-02-07;3530;5041;1957285;251812
FR;1;2021-02-08;36102;45962;1993387;297774
FR;1;2021-02-09;50386;72383;2043773;370157
FR;1;2021-02-10;51353;76668;2095126;446825
FR;1;2021-02-11;62825;99070;2157951;545895
FR;1;2021-02-12;55335;73973;2213286;619868
FR;1;2021-02-13;15275;19262;2228561;639130
FR;1;2021-02-14;3526;7190;2232087;646320
FR;1;2021-02-15;23801;73432;2255888;719752
FR;1;2021-02-16;32336;96841;2288224;816593
FR;1;2021-02-17;34657;98583;2322881;915176
FR;1;2021-02-18;48821;113424;2371702;1028600
FR;1;2021-02-19;44928;86419;2416630;1115019
FR;1;2021-02-20;13199;26912;2429829;1141931
FR;1;2021-02-21;2248;6286;2432077;1148217
FR;1;2021-02-22;24316;69415;2456393;1217632
FR;1;2021-02-23;36994;80353;2493387;1297985
FR;1;2021-02-24;40049;77646;2533436;1375631
FR;1;2021-02-25;49593;87947;2583029;1463578
FR;1;2021-02-26;46617;67885;2629646;1531463
FR;1;2021-02-27;15404;20930;2645050;1552393
FR;1;2021-02-28;3343;4385;2648393;1556778
FR;1;2021-03-01;39242;49010;2687635;1605788
FR;1;2021-03-02;55263;61509;2742898;1667297
FR;1;2021-03-03;60228;60645;2803126;1727942
FR;1;2021-03-04;72132;64893;2875258;1792835
FR;1;2021-03-05;73872;59259;2949130;1852094
FR;1;2021-03-06;81928;16083;3031058;1868177
FR;1;2021-03-07;63315;5412;3094373;1873589
FR;1;2021-03-08;59401;42460;3153774;1916049
FR;1;2021-03-09;85204;48315;3238978;1964364
FR;1;2021-03-10;89851;48062;3328829;2012426
FR;1;2021-03-11;104022;53852;3432851;2066278
FR;1;2021-03-12;103174;45290;3536025;2111568
FR;1;2021-03-13;88386;12743;3624411;2124311
FR;1;2021-03-14;44044;3028;3668455;2127339
FR;1;2021-03-15;94580;29119;3763035;2156458
FR;1;2021-03-16;122794;34891;3885829;2191349
FR;1;2021-03-17;128510;34829;4014339;2226178
FR;1;2021-03-18;141970;39710;4156309;2265888
FR;1;2021-03-19;135377;32898;4291686;2298786
FR;1;2021-03-20;75472;10208;4367158;2308994
FR;1;2021-03-21;26102;2475;4393260;2311469
FR;1;2021-03-22;113861;31174;4507121;2342643
FR;1;2021-03-23;142036;38168;4649157;2380811
FR;1;2021-03-24;140987;38772;4790144;2419583
FR;1;2021-03-25;164032;39617;4954176;2459200
FR;1;2021-03-26;165540;37487;5119716;2496687
FR;1;2021-03-27;110370;15253;5230086;2511940
FR;1;2021-03-28;41988;3621;5272074;2515561
FR;1;2021-03-29;129152;49949;5401226;2565510
FR;1;2021-03-30;166720;63579;5567946;2629089
FR;1;2021-03-31;169922;66897;5737868;2695986
FR;1;2021-04-01;192750;79242;5930618;2775228
FR;1;2021-04-02;163432;84310;6094050;2859538
FR;1;2021-04-03;87559;58170;6181609;2917708
FR;1;2021-04-04;32621;17732;6214230;2935440
FR;1;2021-04-05;42919;10176;6257149;2945616
FR;1;2021-04-06;158974;100869;6416123;3046485
FR;1;2021-04-07;195420;108246;6611543;3154731
FR;1;2021-04-08;220263;112379;6831806;3267110
FR;1;2021-04-09;212980;107498;7044786;3374608
FR;1;2021-04-10;116415;73455;7161201;3448063
FR;1;2021-04-11;40376;30281;7201577;3478344
FR;1;2021-04-12;167281;103779;7368858;3582123
FR;1;2021-04-13;202315;128239;7571173;3710362
FR;1;2021-04-14;206694;122803;7777867;3833165
FR;1;2021-04-15;219514;126754;7997381;3959919
FR;1;2021-04-16;204846;125140;8202227;4085059
FR;1;2021-04-17;121400;67479;8323627;4152538
FR;1;2021-04-18;35490;20992;8359117;4173530
FR;1;2021-04-19;162583;121907;8521700;4295437
FR;1;2021-04-20;187890;148765;8709590;4444202
FR;1;2021-04-21;192527;146705;8902117;4590907
FR;1;2021-04-22;207512;162631;9109629;4753538
FR;1;2021-04-23;197692;156925;9307321;4910463
FR;1;2021-04-24;125484;95502;9432805;5005965
FR;1;2021-04-25;53132;30130;9485937;5036095
FR;1;2021-04-26;180063;138265;9666000;5174360
FR;1;2021-04-27;219957;161967;9885957;5336327
FR;1;2021-04-28;236911;155101;10122868;5491428
FR;1;2021-04-29;268591;160055;10391459;5651483
FR;1;2021-04-30;270335;148144;10661794;5799627
FR;1;2021-05-01;138892;40708;10800686;5840335
FR;1;2021-05-02;80771;28150;10881457;5868485
FR;1;2021-05-03;248199;146453;11129656;6014938
FR;1;2021-05-04;263414;186830;11393070;6201768
FR;1;2021-05-05;280424;184560;11673494;6386328
FR;1;2021-05-06;306955;183019;11980449;6569347
FR;1;2021-05-07;281940;195719;12262389;6765066
FR;1;2021-05-08;190508;48335;12452897;6813401
FR;1;2021-05-09;113431;36212;12566328;6849613
FR;1;2021-05-10;254353;194248;12820681;7043861
FR;1;2021-05-11;316389;211387;13137070;7255248
FR;1;2021-05-12;353452;185892;13490522;7441140
FR;1;2021-05-13;280976;47647;13771498;7488787
FR;1;2021-05-14;367546;128849;14139044;7617636
FR;1;2021-05-15;295235;66142;14434279;7683778
FR;1;2021-05-16;156785;15578;14591064;7699356
FR;1;2021-05-17;316616;116685;14907680;7816041
FR;1;2021-05-18;379794;111321;15287474;7927362
FR;1;2021-05-19;392653;102909;15680127;8030271
FR;1;2021-05-20;418661;96313;16098788;8126584
FR;1;2021-05-21;397158;97373;16495946;8223957
FR;1;2021-05-22;274177;42083;16770123;8266040
FR;1;2021-05-23;122355;11209;16892478;8277249
FR;1;2021-05-24;242654;26306;17135132;8303555
FR;1;2021-05-25;363664;131936;17498796;8435491
FR;1;2021-05-26;378415;125693;17877211;8561184
FR;1;2021-05-27;403729;128216;18280940;8689400
FR;1;2021-05-28;363910;145544;18644850;8834944
FR;1;2021-05-29;252805;80975;18897655;8915919
FR;1;2021-05-30;100273;22572;18997928;8938491
FR;1;2021-05-31;312507;148815;19310435;9087306
FR;1;2021-06-01;353678;166788;19664113;9254094
FR;1;2021-06-02;358222;153260;20022335;9407354
FR;1;2021-06-03;384552;147764;20406887;9555118
FR;1;2021-06-04;359773;175672;20766660;9730790
FR;1;2021-06-05;256424;112796;21023084;9843586
FR;1;2021-06-06;125217;37538;21148301;9881124
FR;1;2021-06-07;296208;208214;21444509;10089338
FR;1;2021-06-08;327311;221095;21771820;10310433
FR;1;2021-06-09;332584;212688;22104404;10523121
FR;1;2021-06-10;338371;202299;22442775;10725420
FR;1;2021-06-11;309348;235550;22752123;10960970
FR;1;2021-06-12;242332;150860;22994455;11111830
FR;1;2021-06-13;99471;61083;23093926;11172913
FR;1;2021-06-14;205414;289190;23299340;11462103
FR;1;2021-06-15;253581;282569;23552921;11744672
FR;1;2021-06-16;270550;270593;23823471;12015265
FR;1;2021-06-17;265223;244537;24088694;12259802
FR;1;2021-06-18;258266;296152;24346960;12555954
FR;1;2021-06-19;192321;209704;24539281;12765658
FR;1;2021-06-20;68863;89195;24608144;12854853
FR;1;2021-06-21;170181;320168;24778325;13175021
FR;1;2021-06-22;183595;347849;24961920;13522870
FR;1;2021-06-23;201620;339569;25163540;13862439
FR;1;2021-06-24;201175;281913;25364715;14144352
FR;1;2021-06-25;179845;372058;25544560;14516410
FR;1;2021-06-26;130321;278521;25674881;14794931
FR;1;2021-06-27;51828;123058;25726709;14917989
FR;1;2021-06-28;134952;368554;25861661;15286543
FR;1;2021-06-29;153279;389714;26014940;15676257
FR;1;2021-06-30;178031;378461;26192971;16054718
FR;1;2021-07-01;192011;332315;26384982;16387033
FR;1;2021-07-02;186797;367934;26571779;16754967
FR;1;2021-07-03;122647;280674;26694426;17035641
FR;1;2021-07-04;53181;113780;26747607;17149421
FR;1;2021-07-05;149033;356362;26896640;17505783
FR;1;2021-07-06;169546;382868;27066186;17888651
FR;1;2021-07-07;185558;362898;27251744;18251549
FR;1;2021-07-08;197835;323238;27449579;18574787
FR;1;2021-07-09;186352;386863;27635931;18961650
FR;1;2021-07-10;128247;281108;27764178;19242758
FR;1;2021-07-11;56985;102517;27821163;19345275
FR;1;2021-07-12;146013;417166;27967176;19762441
FR;1;2021-07-13;230812;439862;28197988;20202303
FR;1;2021-07-14;169229;151694;28367217;20353997
FR;1;2021-07-15;275502;424928;28642719;20778925
FR;1;2021-07-16;285721;401554;28928440;21180479
FR;1;2021-07-17;215022;282417;29143462;21462896
FR;1;2021-07-18;101266;107493;29244728;21570389
FR;1;2021-07-19;234579;379599;29479307;21949988
FR;1;2021-07-20;301984;381449;29781291;22331437
FR;1;2021-07-21;329758;353958;30111049;22685395
FR;1;2021-07-22;361102;319683;30472151;23005078
FR;1;2021-07-23;343704;343335;30815855;23348413
FR;1;2021-07-24;237219;241477;31053074;23589890
FR;1;2021-07-25;111910;76183;31164984;23666073
FR;1;2021-07-26;295734;290607;31460718;23956680
FR;1;2021-07-27;381167;269156;31841885;24225836
FR;1;2021-07-28;384127;251743;32226012;24477579
FR;1;2021-07-29;401526;228142;32627538;24705721
FR;1;2021-07-30;363941;246901;32991479;24952622
FR;1;2021-07-31;241260;165110;33232739;25117732
FR;1;2021-08-01;101906;47286;33334645;25165018
FR;1;2021-08-02;276965;213024;33611610;25378042
FR;1;2021-08-03;320681;209564;33932291;25587606
FR;1;2021-08-04;318490;184654;34250781;25772260
FR;1;2021-08-05;293972;193497;34544753;25965757
FR;1;2021-08-06;283157;224957;34827910;26190714
FR;1;2021-08-07;179276;159195;35007186;26349909
FR;1;2021-08-08;66753;59261;35073939;26409170
FR;1;2021-08-09;216211;236549;35290150;26645719
FR;1;2021-08-10;245473;241346;35535623;26887065
FR;1;2021-08-11;229931;233058;35765554;27120123
FR;1;2021-08-12;214773;240123;35980327;27360246
FR;1;2021-08-13;194755;237007;36175082;27597253
FR;1;2021-08-14;118618;174854;36293700;27772107
FR;1;2021-08-15;33199;46256;36326899;27818363
FR;1;2021-08-16;149995;290226;36476894;28108589
FR;1;2021-08-17;166720;292068;36643614;28400657
FR;1;2021-08-18;156790;287136;36800404;28687793
FR;1;2021-08-19;144241;277520;36944645;28965313
FR;1;2021-08-20;134283;307959;37078928;29273272
FR;1;2021-08-21;82036;213253;37160964;29486525
FR;1;2021-08-22;27686;82770;37188650;29569295
FR;2;2020-12-27;0;0;0;0
FR;2;2020-12-28;0;0;0;0
FR;2;2020-12-29;0;0;0;0
FR;2;2020-12-30;0;0;0;0
FR;2;2020-12-31;0;0;0;0
FR;2;2021-01-01;0;0;0;0
FR;2;2021-01-02;0;0;0;0
FR;2;2021-01-03;0;0;0;0
FR;2;2021-01-04;0;0;0;0
FR;2;2021-01-05;0;0;0;0
FR;2;2021-01-06;0;0;0;0
FR;2;2021-01-07;0;0;0;0
FR;2;2021-01-08;0;0;0;0
FR;2;2021-01-09;0;0;0;0
FR;2;2021-01-10;0;0;0;0
FR;2;2021-01-11;0;0;0;0
FR;2;2021-01-12;0;0;0;0
FR;2;2021-01-13;0;0;0;0
FR;2;2021-01-14;705;0;705;0
FR;2;2021-01-15;277;0;982;0
FR;2;2021-01-16;233;0;1215;0
FR;2;2021-01-17;32;0;1247;0
FR;2;2021-01-18;2986;0;4233;0
FR;2;2021-01-19;4578;0;8811;0
FR;2;2021-01-20;5002;0;13813;0
FR;2;2021-01-21;5201;0;19014;0
FR;2;2021-01-22;4974;0;23988;0
FR;2;2021-01-23;1774;0;25762;0
FR;2;2021-01-24;122;0;25884;0
FR;2;2021-01-25;3715;0;29599;0
FR;2;2021-01-26;3799;0;33398;0
FR;2;2021-01-27;3485;0;36883;0
FR;2;2021-01-28;3591;0;40474;0
FR;2;2021-01-29;3149;0;43623;0
FR;2;2021-01-30;1086;0;44709;0
FR;2;2021-01-31;14;0;44723;0
FR;2;2021-02-01;3306;0;48029;0
FR;2;2021-02-02;4358;0;52387;0
FR;2;2021-02-03;5080;0;57467;0
FR;2;2021-02-04;4797;3;62264;3
FR;2;2021-02-05;4679;6;66943;9
FR;2;2021-02-06;1961;3;68904;12
FR;2;2021-02-07;55;0;68959;12
FR;2;2021-02-08;7463;8;76422;20
FR;2;2021-02-09;8302;15;84724;35
FR;2;2021-02-10;9201;50;93925;85
FR;2;2021-02-11;10124;66;104049;151
FR;2;2021-02-12;9892;238;113941;389
FR;2;2021-02-13;3054;221;116995;610
FR;2;2021-02-14;316;0;117311;610
FR;2;2021-02-15;3384;3067;120695;3677
FR;2;2021-02-16;4983;3880;125678;7557
FR;2;2021-02-17;4158;4402;129836;11959
FR;2;2021-02-18;5302;5089;135138;17048
FR;2;2021-02-19;5245;4323;140383;21371
FR;2;2021-02-20;1796;1509;142179;22880
FR;2;2021-02-21;212;86;142391;22966
FR;2;2021-02-22;3550;3722;145941;26688
FR;2;2021-02-23;4860;3693;150801;30381
FR;2;2021-02-24;4879;3468;155680;33849
FR;2;2021-02-25;5359;3426;161039;37275
FR;2;2021-02-26;4273;3124;165312;40399
FR;2;2021-02-27;1547;1042;166859;41441
FR;2;2021-02-28;131;28;166990;41469
FR;2;2021-03-01;5022;3764;172012;45233
FR;2;2021-03-02;6383;4727;178395;49960
FR;2;2021-03-03;6375;4882;184770;54842
FR;2;2021-03-04;8214;3966;192984;58808
FR;2;2021-03-05;7858;4058;200842;62866
FR;2;2021-03-06;4678;1683;205520;64549
FR;2;2021-03-07;2323;29;207843;64578
FR;2;2021-03-08;4042;8311;211885;72889
FR;2;2021-03-09;7353;8430;219238;81319
FR;2;2021-03-10;6942;9108;226180;90427
FR;2;2021-03-11;9208;9207;235388;99634
FR;2;2021-03-12;7810;8161;243198;107795
FR;2;2021-03-13;9941;2510;253139;110305
FR;2;2021-03-14;4796;402;257935;110707
FR;2;2021-03-15;10746;3483;268681;114190
FR;2;2021-03-16;16598;4621;285279;118811
FR;2;2021-03-17;20041;3952;305320;122763
FR;2;2021-03-18;23127;4908;328447;127671
FR;2;2021-03-19;23089;4537;351536;132208
FR;2;2021-03-20;25290;1539;376826;133747
FR;2;2021-03-21;17561;147;394387;133894
FR;2;2021-03-22;17574;3079;411961;136973
FR;2;2021-03-23;22446;4184;434407;141157
FR;2;2021-03-24;23727;4985;458134;146142
FR;2;2021-03-25;26489;5019;484623;151161
FR;2;2021-03-26;26742;4262;511365;155423
FR;2;2021-03-27;15782;1308;527147;156731
FR;2;2021-03-28;10489;92;537636;156823
FR;2;2021-03-29;18801;4278;556437;161101
FR;2;2021-03-30;24318;6019;580755;167120
FR;2;2021-03-31;28325;5954;609080;173074
FR;2;2021-04-01;34249;8479;643329;181553
FR;2;2021-04-02;29745;7685;673074;189238
FR;2;2021-04-03;16828;3581;689902;192819
FR;2;2021-04-04;9225;918;699127;193737
FR;2;2021-04-05;12253;808;711380;194545
FR;2;2021-04-06;26923;6926;738303;201471
FR;2;2021-04-07;30713;7156;769016;208627
FR;2;2021-04-08;36659;8818;805675;217445
FR;2;2021-04-09;33577;8594;839252;226039
FR;2;2021-04-10;19551;8969;858803;235008
FR;2;2021-04-11;7849;4271;866652;239279
FR;2;2021-04-12;16949;11252;883601;250531
FR;2;2021-04-13;19274;16425;902875;266956
FR;2;2021-04-14;17815;16279;920690;283235
FR;2;2021-04-15;21980;20755;942670;303990
FR;2;2021-04-16;20521;20076;963191;324066
FR;2;2021-04-17;13129;22461;976320;346527
FR;2;2021-04-18;5828;14403;982148;360930
FR;2;2021-04-19;16595;16254;998743;377184
FR;2;2021-04-20;19082;21577;1017825;398761
FR;2;2021-04-21;20023;21666;1037848;420427
FR;2;2021-04-22;23555;24854;1061403;445281
FR;2;2021-04-23;24318;25349;1085721;470630
FR;2;2021-04-24;25149;15104;1110870;485734
FR;2;2021-04-25;9532;8589;1120402;494323
FR;2;2021-04-26;16984;17198;1137386;511521
FR;2;2021-04-27;19091;24300;1156477;535821
FR;2;2021-04-28;22162;26180;1178639;562001
FR;2;2021-04-29;25278;30130;1203917;592131
FR;2;2021-04-30;25395;27775;1229312;619906
FR;2;2021-05-01;14858;9858;1244170;629764
FR;2;2021-05-02;6560;9183;1250730;638947
FR;2;2021-05-03;19812;19317;1270542;658264
FR;2;2021-05-04;18116;29054;1288658;687318
FR;2;2021-05-05;18089;29409;1306747;716727
FR;2;2021-05-06;23310;35287;1330057;752014
FR;2;2021-05-07;25045;33224;1355102;785238
FR;2;2021-05-08;21140;9701;1376242;794939
FR;2;2021-05-09;13061;7893;1389303;802832
FR;2;2021-05-10;32622;22217;1421925;825049
FR;2;2021-05-11;43317;21072;1465242;846121
FR;2;2021-05-12;49664;19896;1514906;866017
FR;2;2021-05-13;50972;5766;1565878;871783
FR;2;2021-05-14;60992;12953;1626870;884736
FR;2;2021-05-15;65604;7148;1692474;891884
FR;2;2021-05-16;43328;2575;1735802;894459
FR;2;2021-05-17;44436;12585;1780238;907044
FR;2;2021-05-18;54287;12244;1834525;919288
FR;2;2021-05-19;56822;10614;1891347;929902
FR;2;2021-05-20;63028;10875;1954375;940777
FR;2;2021-05-21;63920;11664;2018295;952441
FR;2;2021-05-22;61223;4513;2079518;956954
FR;2;2021-05-23;37312;570;2116830;957524
FR;2;2021-05-24;17013;2030;2133843;959554
FR;2;2021-05-25;20811;12237;2154654;971791
FR;2;2021-05-26;19587;11457;2174241;983248
FR;2;2021-05-27;22672;12663;2196913;995911
FR;2;2021-05-28;29100;14977;2226013;1010888
FR;2;2021-05-29;30228;8180;2256241;1019068
FR;2;2021-05-30;4558;1812;2260799;1020880
FR;2;2021-05-31;28370;18750;2289169;1039630
FR;2;2021-06-01;45276;20069;2334445;1059699
FR;2;2021-06-02;37159;19309;2371604;1079008
FR;2;2021-06-03;50948;23384;2422552;1102392
FR;2;2021-06-04;65227;24097;2487779;1126489
FR;2;2021-06-05;34297;24041;2522076;1150530
FR;2;2021-06-06;4833;6203;2526909;1156733
FR;2;2021-06-07;27920;23099;2554829;1179832
FR;2;2021-06-08;46091;22959;2600920;1202791
FR;2;2021-06-09;34051;20912;2634971;1223703
FR;2;2021-06-10;42385;19155;2677356;1242858
FR;2;2021-06-11;55074;25249;2732430;1268107
FR;2;2021-06-12;30412;19815;2762842;1287922
FR;2;2021-06-13;3233;9189;2766075;1297111
FR;2;2021-06-14;25099;24188;2791174;1321299
FR;2;2021-06-15;38771;22889;2829945;1344188
FR;2;2021-06-16;29973;21486;2859918;1365674
FR;2;2021-06-17;36671;25901;2896589;1391575
FR;2;2021-06-18;46669;28800;2943258;1420375
FR;2;2021-06-19;24413;24918;2967671;1445293
FR;2;2021-06-20;2695;10072;2970366;1455365
FR;2;2021-06-21;17305;42776;2987671;1498141
FR;2;2021-06-22;28162;49619;3015833;1547760
FR;2;2021-06-23;21627;49620;3037460;1597380
FR;2;2021-06-24;28222;50314;3065682;1647694
FR;2;2021-06-25;33232;60437;3098914;1708131
FR;2;2021-06-26;16251;59292;3115165;1767423
FR;2;2021-06-27;2507;29358;3117672;1796781
FR;2;2021-06-28;12487;54387;3130159;1851168
FR;2;2021-06-29;19743;59911;3149902;1911079
FR;2;2021-06-30;16189;57790;3166091;1968869
FR;2;2021-07-01;20150;59921;3186241;2028790
FR;2;2021-07-02;23827;62227;3210068;2091017
FR;2;2021-07-03;11960;57110;3222028;2148127
FR;2;2021-07-04;1898;23335;3223926;2171462
FR;2;2021-07-05;8925;29372;3232851;2200834
FR;2;2021-07-06;14313;36214;3247164;2237048
FR;2;2021-07-07;14057;33694;3261221;2270742
FR;2;2021-07-08;19339;40305;3280560;2311047
FR;2;2021-07-09;26830;54289;3307390;2365336
FR;2;2021-07-10;13230;33684;3320620;2399020
FR;2;2021-07-11;1630;4329;3322250;2403349
FR;2;2021-07-12;12712;37289;3334962;2440638
FR;2;2021-07-13;36844;53294;3371806;2493932
FR;2;2021-07-14;6364;3579;3378170;2497511
FR;2;2021-07-15;46825;47067;3424995;2544578
FR;2;2021-07-16;63928;55892;3488923;2600470
FR;2;2021-07-17;31335;23964;3520258;2624434
FR;2;2021-07-18;5969;4946;3526227;2629380
FR;2;2021-07-19;32664;28744;3558891;2658124
FR;2;2021-07-20;51628;44610;3610519;2702734
FR;2;2021-07-21;44831;34846;3655350;2737580
FR;2;2021-07-22;55754;41118;3711104;2778698
FR;2;2021-07-23;67796;49153;3778900;2827851
FR;2;2021-07-24;35788;21565;3814688;2849416
FR;2;2021-07-25;6572;2680;3821260;2852096
FR;2;2021-07-26;35677;22527;3856937;2874623
FR;2;2021-07-27;61723;34680;3918660;2909303
FR;2;2021-07-28;54710;26500;3973370;2935803
FR;2;2021-07-29;67655;32810;4041025;2968613
FR;2;2021-07-30;73459;37801;4114484;3006414
FR;2;2021-07-31;34177;16168;4148661;3022582
FR;2;2021-08-01;5110;2308;4153771;3024890
FR;2;2021-08-02;34771;16199;4188542;3041089
FR;2;2021-08-03;55007;28261;4243549;3069350
FR;2;2021-08-04;45766;20869;4289315;3090219
FR;2;2021-08-05;53544;31611;4342859;3121830
FR;2;2021-08-06;57022;42386;4399881;3164216
FR;2;2021-08-07;24526;17598;4424407;3181814
FR;2;2021-08-08;3662;3670;4428069;3185484
FR;2;2021-08-09;28572;21156;4456641;3206640
FR;2;2021-08-10;44177;33554;4500818;3240194
FR;2;2021-08-11;34609;25157;4535427;3265351
FR;2;2021-08-12;41098;35757;4576525;3301108
FR;2;2021-08-13;41543;36315;4618068;3337423
FR;2;2021-08-14;17986;22650;4636054;3360073
FR;2;2021-08-15;2735;3846;4638789;3363919
FR;2;2021-08-16;24334;27393;4663123;3391312
FR;2;2021-08-17;37461;43553;4700584;3434865
FR;2;2021-08-18;31491;36419;4732075;3471284
FR;2;2021-08-19;36621;46592;4768696;3517876
FR;2;2021-08-20;39108;55513;4807804;3573389
FR;2;2021-08-21;17186;24270;4824990;3597659
FR;2;2021-08-22;2603;4319;4827593;3601978
FR;3;2020-12-27;0;0;0;0
FR;3;2020-12-28;0;0;0;0
FR;3;2020-12-29;0;0;0;0
FR;3;2020-12-30;0;0;0;0
FR;3;2020-12-31;0;0;0;0
FR;3;2021-01-01;0;0;0;0
FR;3;2021-01-02;0;0;0;0
FR;3;2021-01-03;0;0;0;0
FR;3;2021-01-04;0;0;0;0
FR;3;2021-01-05;0;0;0;0
FR;3;2021-01-06;0;0;0;0
FR;3;2021-01-07;0;0;0;0
FR;3;2021-01-08;0;0;0;0
FR;3;2021-01-09;0;0;0;0
FR;3;2021-01-10;0;0;0;0
FR;3;2021-01-11;0;0;0;0
FR;3;2021-01-12;0;0;0;0
FR;3;2021-01-13;0;0;0;0
FR;3;2021-01-14;0;0;0;0
FR;3;2021-01-15;0;0;0;0
FR;3;2021-01-16;0;0;0;0
FR;3;2021-01-17;0;0;0;0
FR;3;2021-01-18;0;0;0;0
FR;3;2021-01-19;0;0;0;0
FR;3;2021-01-20;0;0;0;0
FR;3;2021-01-21;0;0;0;0
FR;3;2021-01-22;0;0;0;0
FR;3;2021-01-23;0;0;0;0
FR;3;2021-01-24;0;0;0;0
FR;3;2021-01-25;0;0;0;0
FR;3;2021-01-26;0;0;0;0
FR;3;2021-01-27;0;0;0;0
FR;3;2021-01-28;0;0;0;0
FR;3;2021-01-29;0;0;0;0
FR;3;2021-01-30;0;0;0;0
FR;3;2021-01-31;0;0;0;0
FR;3;2021-02-01;0;0;0;0
FR;3;2021-02-02;0;0;0;0
FR;3;2021-02-03;0;0;0;0
FR;3;2021-02-04;0;0;0;0
FR;3;2021-02-05;0;0;0;0
FR;3;2021-02-06;691;0;691;0
FR;3;2021-02-07;1370;0;2061;0
FR;3;2021-02-08;2686;0;4747;0
FR;3;2021-02-09;6686;0;11433;0
FR;3;2021-02-10;9428;0;20861;0
FR;3;2021-02-11;13453;0;34314;0
FR;3;2021-02-12;13159;0;47473;0
FR;3;2021-02-13;3573;0;51046;0
FR;3;2021-02-14;895;0;51941;0
FR;3;2021-02-15;10238;0;62179;0
FR;3;2021-02-16;12316;0;74495;0
FR;3;2021-02-17;10939;0;85434;0
FR;3;2021-02-18;14710;0;100144;0
FR;3;2021-02-19;14206;0;114350;0
FR;3;2021-02-20;3221;0;117571;0
FR;3;2021-02-21;566;0;118137;0
FR;3;2021-02-22;9007;0;127144;0
FR;3;2021-02-23;11211;0;138355;0
FR;3;2021-02-24;14058;0;152413;0
FR;3;2021-02-25;44679;0;197092;0
FR;3;2021-02-26;61676;0;258768;0
FR;3;2021-02-27;34638;6;293406;6
FR;3;2021-02-28;2389;0;295795;6
FR;3;2021-03-01;20168;9;315963;15
FR;3;2021-03-02;38596;12;354559;27
FR;3;2021-03-03;48373;15;402932;42
FR;3;2021-03-04;81861;18;484793;60
FR;3;2021-03-05;117737;42;602530;102
FR;3;2021-03-06;120264;47;722794;149
FR;3;2021-03-07;54960;27;777754;176
FR;3;2021-03-08;42501;20;820255;196
FR;3;2021-03-09;78631;30;898886;226
FR;3;2021-03-10;80489;36;979375;262
FR;3;2021-03-11;128024;46;1107399;308
FR;3;2021-03-12;182261;67;1289660;375
FR;3;2021-03-13;131817;50;1421477;425
FR;3;2021-03-14;13926;4;1435403;429
FR;3;2021-03-15;51896;35;1487299;464
FR;3;2021-03-16;1029;13;1488328;477
FR;3;2021-03-17;777;6;1489105;483
FR;3;2021-03-18;1362;4;1490467;487
FR;3;2021-03-19;70153;36;1560620;523
FR;3;2021-03-20;64989;35;1625609;558
FR;3;2021-03-21;5612;4;1631221;562
FR;3;2021-03-22;37208;30;1668429;592
FR;3;2021-03-23;84279;49;1752708;641
FR;3;2021-03-24;90601;89;1843309;730
FR;3;2021-03-25;149683;114;1992992;844
FR;3;2021-03-26;165040;152;2158032;996
FR;3;2021-03-27;68191;88;2226223;1084
FR;3;2021-03-28;6353;19;2232576;1103
FR;3;2021-03-29;53899;59;2286475;1162
FR;3;2021-03-30;92865;87;2379340;1249
FR;3;2021-03-31;63223;81;2442563;1330
FR;3;2021-04-01;85777;99;2528340;1429
FR;3;2021-04-02;86636;143;2614976;1572
FR;3;2021-04-03;35688;108;2650664;1680
FR;3;2021-04-04;3461;15;2654125;1695
FR;3;2021-04-05;4346;21;2658471;1716
FR;3;2021-04-06;29438;72;2687909;1788
FR;3;2021-04-07;32039;59;2719948;1847
FR;3;2021-04-08;78506;232;2798454;2079
FR;3;2021-04-09;161409;405;2959863;2484
FR;3;2021-04-10;75495;329;3035358;2813
FR;3;2021-04-11;7197;42;3042555;2855
FR;3;2021-04-12;51184;195;3093739;3050
FR;3;2021-04-13;85908;309;3179647;3359
FR;3;2021-04-14;67471;337;3247118;3696
FR;3;2021-04-15;92779;363;3339897;4059
FR;3;2021-04-16;112201;567;3452098;4626
FR;3;2021-04-17;53093;320;3505191;4946
FR;3;2021-04-18;9596;32;3514787;4978
FR;3;2021-04-19;24835;228;3539622;5206
FR;3;2021-04-20;45333;390;3584955;5596
FR;3;2021-04-21;38640;442;3623595;6038
FR;3;2021-04-22;54426;780;3678021;6818
FR;3;2021-04-23;70214;1009;3748235;7827
FR;3;2021-04-24;37048;969;3785283;8796
FR;3;2021-04-25;6055;152;3791338;8948
FR;3;2021-04-26;19491;648;3810829;9596
FR;3;2021-04-27;34173;1240;3845002;10836
FR;3;2021-04-28;28717;1926;3873719;12762
FR;3;2021-04-29;45119;5946;3918838;18708
FR;3;2021-04-30;55246;8921;3974084;27629
FR;3;2021-05-01;9355;1964;3983439;29593
FR;3;2021-05-02;2912;498;3986351;30091
FR;3;2021-05-03;12803;3881;3999154;33972
FR;3;2021-05-04;22801;8428;4021955;42400
FR;3;2021-05-05;18425;10568;4040380;52968
FR;3;2021-05-06;34315;20892;4074695;73860
FR;3;2021-05-07;43925;28394;4118620;102254
FR;3;2021-05-08;6583;8878;4125203;111132
FR;3;2021-05-09;1678;2651;4126881;113783
FR;3;2021-05-10;14727;12556;4141608;126339
FR;3;2021-05-11;26787;25720;4168395;152059
FR;3;2021-05-12;17026;27447;4185421;179506
FR;3;2021-05-13;2123;3483;4187544;182989
FR;3;2021-05-14;14316;25735;4201860;208724
FR;3;2021-05-15;7042;20730;4208902;229454
FR;3;2021-05-16;877;2677;4209779;232131
FR;3;2021-05-17;7718;19907;4217497;252038
FR;3;2021-05-18;13177;29628;4230674;281666
FR;3;2021-05-19;8999;31856;4239673;313522
FR;3;2021-05-20;12526;53210;4252199;366732
FR;3;2021-05-21;12516;65528;4264715;432260
FR;3;2021-05-22;4793;33295;4269508;465555
FR;3;2021-05-23;548;2665;4270056;468220
FR;3;2021-05-24;639;4915;4270695;473135
FR;3;2021-05-25;5035;45170;4275730;518305
FR;3;2021-05-26;4718;51050;4280448;569355
FR;3;2021-05-27;6065;77832;4286513;647187
FR;3;2021-05-28;7314;99100;4293827;746287
FR;3;2021-05-29;3155;60283;4296982;806570
FR;3;2021-05-30;395;8243;4297377;814813
FR;3;2021-05-31;2165;35991;4299542;850804
FR;3;2021-06-01;3086;64812;4302628;915616
FR;3;2021-06-02;2482;58355;4305110;973971
FR;3;2021-06-03;3279;87579;4308389;1061550
FR;3;2021-06-04;3926;105119;4312315;1166669
FR;3;2021-06-05;1835;52243;4314150;1218912
FR;3;2021-06-06;303;5399;4314453;1224311
FR;3;2021-06-07;1163;31182;4315616;1255493
FR;3;2021-06-08;1771;47281;4317387;1302774
FR;3;2021-06-09;1509;42394;4318896;1345168
FR;3;2021-06-10;1951;68000;4320847;1413168
FR;3;2021-06-11;2289;96799;4323136;1509967
FR;3;2021-06-12;1032;40835;4324168;1550802
FR;3;2021-06-13;163;3823;4324331;1554625
FR;3;2021-06-14;815;42665;4325146;1597290
FR;3;2021-06-15;1189;80697;4326335;1677987
FR;3;2021-06-16;1068;65781;4327403;1743768
FR;3;2021-06-17;1465;101856;4328868;1845624
FR;3;2021-06-18;1752;117924;4330620;1963548
FR;3;2021-06-19;728;39405;4331348;2002953
FR;3;2021-06-20;87;3384;4331435;2006337
FR;3;2021-06-21;594;39290;4332029;2045627
FR;3;2021-06-22;907;70018;4332936;2115645
FR;3;2021-06-23;805;50846;4333741;2166491
FR;3;2021-06-24;1177;77216;4334918;2243707
FR;3;2021-06-25;1284;89970;4336202;2333677
FR;3;2021-06-26;545;33137;4336747;2366814
FR;3;2021-06-27;99;4027;4336846;2370841
FR;3;2021-06-28;493;30459;4337339;2401300
FR;3;2021-06-29;751;56147;4338090;2457447
FR;3;2021-06-30;778;45062;4338868;2502509
FR;3;2021-07-01;1008;65663;4339876;2568172
FR;3;2021-07-02;1178;90450;4341054;2658622
FR;3;2021-07-03;548;31195;4341602;2689817
FR;3;2021-07-04;84;4275;4341686;2694092
FR;3;2021-07-05;516;33934;4342202;2728026
FR;3;2021-07-06;817;56135;4343019;2784161
FR;3;2021-07-07;754;43085;4343773;2827246
FR;3;2021-07-08;1012;60760;4344785;2888006
FR;3;2021-07-09;1157;68840;4345942;2956846
FR;3;2021-07-10;556;25054;4346498;2981900
FR;3;2021-07-11;71;3311;4346569;2985211
FR;3;2021-07-12;529;23933;4347098;3009144
FR;3;2021-07-13;1511;34769;4348609;3043913
FR;3;2021-07-14;141;2651;4348750;3046564
FR;3;2021-07-15;1829;30700;4350579;3077264
FR;3;2021-07-16;2399;38907;4352978;3116171
FR;3;2021-07-17;973;13753;4353951;3129924
FR;3;2021-07-18;200;2610;4354151;3132534
FR;3;2021-07-19;1190;17242;4355341;3149776
FR;3;2021-07-20;1711;27173;4357052;3176949
FR;3;2021-07-21;1551;19752;4358603;3196701
FR;3;2021-07-22;1736;27806;4360339;3224507
FR;3;2021-07-23;2092;30481;4362431;3254988
FR;3;2021-07-24;753;7022;4363184;3262010
FR;3;2021-07-25;159;1353;4363343;3263363
FR;3;2021-07-26;794;10736;4364137;3274099
FR;3;2021-07-27;1051;16984;4365188;3291083
FR;3;2021-07-28;857;12136;4366045;3303219
FR;3;2021-07-29;1029;15872;4367074;3319091
FR;3;2021-07-30;1034;18112;4368108;3337203
FR;3;2021-07-31;333;3751;4368441;3340954
FR;3;2021-08-01;44;484;4368485;3341438
FR;3;2021-08-02;315;5163;4368800;3346601
FR;3;2021-08-03;409;7589;4369209;3354190
FR;3;2021-08-04;361;4893;4369570;3359083
FR;3;2021-08-05;353;3750;4369923;3362833
FR;3;2021-08-06;386;4788;4370309;3367621
FR;3;2021-08-07;160;1926;4370469;3369547
FR;3;2021-08-08;41;423;4370510;3369970
FR;3;2021-08-09;207;2521;4370717;3372491
FR;3;2021-08-10;258;3899;4370975;3376390
FR;3;2021-08-11;187;2718;4371162;3379108
FR;3;2021-08-12;208;2627;4371370;3381735
FR;3;2021-08-13;206;2252;4371576;3383987
FR;3;2021-08-14;126;937;4371702;3384924
FR;3;2021-08-15;24;161;4371726;3385085
FR;3;2021-08-16;82;1092;4371808;3386177
FR;3;2021-08-17;118;1494;4371926;3387671
FR;3;2021-08-18;132;1347;4372058;3389018
FR;3;2021-08-19;119;1429;4372177;3390447
FR;3;2021-08-20;118;1630;4372295;3392077
FR;3;2021-08-21;56;583;4372351;3392660
FR;3;2021-08-22;16;168;4372367;3392828
FR;4;2020-12-27;0;0;0;0
FR;4;2020-12-28;0;0;0;0
FR;4;2020-12-29;0;0;0;0
FR;4;2020-12-30;0;0;0;0
FR;4;2020-12-31;0;0;0;0
FR;4;2021-01-01;0;0;0;0
FR;4;2021-01-02;0;0;0;0
FR;4;2021-01-03;0;0;0;0
FR;4;2021-01-04;0;0;0;0
FR;4;2021-01-05;0;0;0;0
FR;4;2021-01-06;0;0;0;0
FR;4;2021-01-07;0;0;0;0
FR;4;2021-01-08;0;0;0;0
FR;4;2021-01-09;0;0;0;0
FR;4;2021-01-10;0;0;0;0
FR;4;2021-01-11;0;0;0;0
FR;4;2021-01-12;0;0;0;0
FR;4;2021-01-13;0;0;0;0
FR;4;2021-01-14;0;0;0;0
FR;4;2021-01-15;0;0;0;0
FR;4;2021-01-16;0;0;0;0
FR;4;2021-01-17;0;0;0;0
FR;4;2021-01-18;0;0;0;0
FR;4;2021-01-19;0;0;0;0
FR;4;2021-01-20;0;0;0;0
FR;4;2021-01-21;0;0;0;0
FR;4;2021-01-22;0;0;0;0
FR;4;2021-01-23;0;0;0;0
FR;4;2021-01-24;0;0;0;0
FR;4;2021-01-25;0;0;0;0
FR;4;2021-01-26;0;0;0;0
FR;4;2021-01-27;0;0;0;0
FR;4;2021-01-28;0;0;0;0
FR;4;2021-01-29;0;0;0;0
FR;4;2021-01-30;0;0;0;0
FR;4;2021-01-31;0;0;0;0
FR;4;2021-02-01;0;0;0;0
FR;4;2021-02-02;0;0;0;0
FR;4;2021-02-03;0;0;0;0
FR;4;2021-02-04;0;0;0;0
FR;4;2021-02-05;0;0;0;0
FR;4;2021-02-06;0;0;0;0
FR;4;2021-02-07;0;0;0;0
FR;4;2021-02-08;0;0;0;0
FR;4;2021-02-09;0;0;0;0
FR;4;2021-02-10;0;0;0;0
FR;4;2021-02-11;0;0;0;0
FR;4;2021-02-12;0;0;0;0
FR;4;2021-02-13;0;0;0;0
FR;4;2021-02-14;0;0;0;0
FR;4;2021-02-15;0;0;0;0
FR;4;2021-02-16;0;0;0;0
FR;4;2021-02-17;0;0;0;0
FR;4;2021-02-18;0;0;0;0
FR;4;2021-02-19;0;0;0;0
FR;4;2021-02-20;0;0;0;0
FR;4;2021-02-21;0;0;0;0
FR;4;2021-02-22;0;0;0;0
FR;4;2021-02-23;0;0;0;0
FR;4;2021-02-24;0;0;0;0
FR;4;2021-02-25;0;0;0;0
FR;4;2021-02-26;0;0;0;0
FR;4;2021-02-27;0;0;0;0
FR;4;2021-02-28;0;0;0;0
FR;4;2021-03-01;0;0;0;0
FR;4;2021-03-02;0;0;0;0
FR;4;2021-03-03;0;0;0;0
FR;4;2021-03-04;0;0;0;0
FR;4;2021-03-05;0;1;0;1
FR;4;2021-03-06;0;0;0;1
FR;4;2021-03-07;0;0;0;1
FR;4;2021-03-08;0;0;0;1
FR;4;2021-03-09;0;0;0;1
FR;4;2021-03-10;0;0;0;1
FR;4;2021-03-11;0;0;0;1
FR;4;2021-03-12;0;0;0;1
FR;4;2021-03-13;0;0;0;1
FR;4;2021-03-14;0;0;0;1
FR;4;2021-03-15;0;0;0;1
FR;4;2021-03-16;0;0;0;1
FR;4;2021-03-17;0;0;0;1
FR;4;2021-03-18;0;0;0;1
FR;4;2021-03-19;0;0;0;1
FR;4;2021-03-20;0;0;0;1
FR;4;2021-03-21;0;0;0;1
FR;4;2021-03-22;0;0;0;1
FR;4;2021-03-23;0;0;0;1
FR;4;2021-03-24;0;0;0;1
FR;4;2021-03-25;0;0;0;1
FR;4;2021-03-26;0;0;0;1
FR;4;2021-03-27;0;0;0;1
FR;4;2021-03-28;0;0;0;1
FR;4;2021-03-29;0;0;0;1
FR;4;2021-03-30;0;0;0;1
FR;4;2021-03-31;0;1;0;2
FR;4;2021-04-01;0;0;0;2
FR;4;2021-04-02;0;0;0;2
FR;4;2021-04-03;0;0;0;2
FR;4;2021-04-04;0;0;0;2
FR;4;2021-04-05;0;0;0;2
FR;4;2021-04-06;0;1;0;3
FR;4;2021-04-07;0;0;0;3
FR;4;2021-04-08;0;0;0;3
FR;4;2021-04-09;0;2;0;5
FR;4;2021-04-10;0;0;0;5
FR;4;2021-04-11;0;0;0;5
FR;4;2021-04-12;0;1;0;6
FR;4;2021-04-13;0;0;0;6
FR;4;2021-04-14;0;0;0;6
FR;4;2021-04-15;0;0;0;6
FR;4;2021-04-16;0;0;0;6
FR;4;2021-04-17;0;0;0;6
FR;4;2021-04-18;0;0;0;6
FR;4;2021-04-19;0;0;0;6
FR;4;2021-04-20;0;0;0;6
FR;4;2021-04-21;0;0;0;6
FR;4;2021-04-22;0;0;0;6
FR;4;2021-04-23;2347;0;2347;6
FR;4;2021-04-24;1557;0;3904;6
FR;4;2021-04-25;122;0;4026;6
FR;4;2021-04-26;2848;0;6874;6
FR;4;2021-04-27;9450;4;16324;10
FR;4;2021-04-28;9842;3;26166;13
FR;4;2021-04-29;15950;8;42116;21
FR;4;2021-04-30;19170;7;61286;28
FR;4;2021-05-01;1941;5;63227;33
FR;4;2021-05-02;458;0;63685;33
FR;4;2021-05-03;4981;1;68666;34
FR;4;2021-05-04;8306;8;76972;42
FR;4;2021-05-05;6071;5;83043;47
FR;4;2021-05-06;11299;11;94342;58
FR;4;2021-05-07;18988;9;113330;67
FR;4;2021-05-08;2287;6;115617;73
FR;4;2021-05-09;641;2;116258;75
FR;4;2021-05-10;7149;8;123407;83
FR;4;2021-05-11;14204;12;137611;95
FR;4;2021-05-12;10069;16;147680;111
FR;4;2021-05-13;1495;3;149175;114
FR;4;2021-05-14;7653;7;156828;121
FR;4;2021-05-15;3640;8;160468;129
FR;4;2021-05-16;382;1;160850;130
FR;4;2021-05-17;4378;3;165228;133
FR;4;2021-05-18;8658;10;173886;143
FR;4;2021-05-19;5585;5;179471;148
FR;4;2021-05-20;9320;6;188791;154
FR;4;2021-05-21;12635;29;201426;183
FR;4;2021-05-22;4968;12;206394;195
FR;4;2021-05-23;446;2;206840;197
FR;4;2021-05-24;976;3;207816;200
FR;4;2021-05-25;7472;16;215288;216
FR;4;2021-05-26;7619;13;222907;229
FR;4;2021-05-27;14190;34;237097;263
FR;4;2021-05-28;26374;81;263471;344
FR;4;2021-05-29;11236;20;274707;364
FR;4;2021-05-30;870;2;275577;366
FR;4;2021-05-31;12487;19;288064;385
FR;4;2021-06-01;19977;41;308041;426
FR;4;2021-06-02;14324;33;322365;459
FR;4;2021-06-03;19247;24;341612;483
FR;4;2021-06-04;22249;46;363861;529
FR;4;2021-06-05;9604;29;373465;558
FR;4;2021-06-06;945;0;374410;558
FR;4;2021-06-07;8995;16;383405;574
FR;4;2021-06-08;14417;27;397822;601
FR;4;2021-06-09;12023;24;409845;625
FR;4;2021-06-10;15182;24;425027;649
FR;4;2021-06-11;16772;52;441799;701
FR;4;2021-06-12;7318;27;449117;728
FR;4;2021-06-13;851;2;449968;730
FR;4;2021-06-14;6494;22;456462;752
FR;4;2021-06-15;10740;32;467202;784
FR;4;2021-06-16;8731;13;475933;797
FR;4;2021-06-17;10707;24;486640;821
FR;4;2021-06-18;12240;39;498880;860
FR;4;2021-06-19;5460;24;504340;884
FR;4;2021-06-20;617;2;504957;886
FR;4;2021-06-21;4911;9;509868;895
FR;4;2021-06-22;7709;18;517577;913
FR;4;2021-06-23;6938;33;524515;946
FR;4;2021-06-24;8464;31;532979;977
FR;4;2021-06-25;9919;36;542898;1013
FR;4;2021-06-26;4638;20;547536;1033
FR;4;2021-06-27;606;2;548142;1035
FR;4;2021-06-28;4578;14;552720;1049
FR;4;2021-06-29;6805;16;559525;1065
FR;4;2021-06-30;6427;36;565952;1101
FR;4;2021-07-01;7897;26;573849;1127
FR;4;2021-07-02;9195;44;583044;1171
FR;4;2021-07-03;4698;18;587742;1189
FR;4;2021-07-04;576;5;588318;1194
FR;4;2021-07-05;4590;18;592908;1212
FR;4;2021-07-06;7481;20;600389;1232
FR;4;2021-07-07;6747;27;607136;1259
FR;4;2021-07-08;8965;37;616101;1296
FR;4;2021-07-09;10056;30;626157;1326
FR;4;2021-07-10;4475;10;630632;1336
FR;4;2021-07-11;501;0;631133;1336
FR;4;2021-07-12;5644;27;636777;1363
FR;4;2021-07-13;14020;26;650797;1389
FR;4;2021-07-14;2065;6;652862;1395
FR;4;2021-07-15;17988;32;670850;1427
FR;4;2021-07-16;22518;63;693368;1490
FR;4;2021-07-17;9536;16;702904;1506
FR;4;2021-07-18;1270;4;704174;1510
FR;4;2021-07-19;12716;26;716890;1536
FR;4;2021-07-20;17074;29;733964;1565
FR;4;2021-07-21;15298;28;749262;1593
FR;4;2021-07-22;17928;40;767190;1633
FR;4;2021-07-23;20046;48;787236;1681
FR;4;2021-07-24;9017;28;796253;1709
FR;4;2021-07-25;1189;6;797442;1715
FR;4;2021-07-26;10638;18;808080;1733
FR;4;2021-07-27;14120;26;822200;1759
FR;4;2021-07-28;12279;18;834479;1777
FR;4;2021-07-29;13673;45;848152;1822
FR;4;2021-07-30;15086;39;863238;1861
FR;4;2021-07-31;6550;11;869788;1872
FR;4;2021-08-01;772;1;870560;1873
FR;4;2021-08-02;7056;16;877616;1889
FR;4;2021-08-03;9867;21;887483;1910
FR;4;2021-08-04;8645;21;896128;1931
FR;4;2021-08-05;8899;32;905027;1963
FR;4;2021-08-06;9458;19;914485;1982
FR;4;2021-08-07;4429;22;918914;2004
FR;4;2021-08-08;693;8;919607;2012
FR;4;2021-08-09;5363;16;924970;2028
FR;4;2021-08-10;8024;14;932994;2042
FR;4;2021-08-11;7345;20;940339;2062
FR;4;2021-08-12;7837;13;948176;2075
FR;4;2021-08-13;6796;21;954972;2096
FR;4;2021-08-14;3176;16;958148;2112
FR;4;2021-08-15;457;2;958605;2114
FR;4;2021-08-16;3623;6;962228;2120
FR;4;2021-08-17;5229;7;967457;2127
FR;4;2021-08-18;4819;24;972276;2151
FR;4;2021-08-19;5115;13;977391;2164
FR;4;2021-08-20;4772;9;982163;2173
FR;4;2021-08-21;1932;13;984095;2186
FR;4;2021-08-22;295;1;984390;2187
FR;0;2020-12-27;255;0;255;0
FR;0;2020-12-28;275;0;530;0
FR;0;2020-12-29;202;0;732;0
FR;0;2020-12-30;249;0;981;0
FR;0;2020-12-31;189;0;1170;0
FR;0;2021-01-01;203;0;1373;0
FR;0;2021-01-02;157;0;1530;0
FR;0;2021-01-03;193;0;1723;0
FR;0;2021-01-04;1653;0;3376;0
FR;0;2021-01-05;5609;0;8985;0
FR;0;2021-01-06;11505;0;20490;0
FR;0;2021-01-07;28948;0;49438;0
FR;0;2021-01-08;36622;0;86060;0
FR;0;2021-01-09;11036;0;97096;0
FR;0;2021-01-10;5732;0;102828;0
FR;0;2021-01-11;39503;0;142331;0
FR;0;2021-01-12;61517;0;203848;0
FR;0;2021-01-13;64462;0;268310;0
FR;0;2021-01-14;81380;0;349690;0
FR;0;2021-01-15;68316;0;418006;0
FR;0;2021-01-16;19952;77;437958;77
FR;0;2021-01-17;10672;42;448630;119
FR;0;2021-01-18;85165;161;533795;280
FR;0;2021-01-19;129711;125;663506;405
FR;0;2021-01-20;136563;156;800069;561
FR;0;2021-01-21;157132;132;957201;693
FR;0;2021-01-22;120061;160;1077262;853
FR;0;2021-01-23;38115;50;1115377;903
FR;0;2021-01-24;9507;27;1124884;930
FR;0;2021-01-25;77549;1215;1202433;2145
FR;0;2021-01-26;99689;3108;1302122;5253
FR;0;2021-01-27;106541;5593;1408663;10846
FR;0;2021-01-28;123523;14356;1532186;25202
FR;0;2021-01-29;91511;17281;1623697;42483
FR;0;2021-01-30;28875;4223;1652572;46706
FR;0;2021-01-31;5020;1679;1657592;48385
FR;0;2021-02-01;52081;21120;1709673;69505
FR;0;2021-02-02;71382;34557;1781055;104062
FR;0;2021-02-03;71587;36954;1852642;141016
FR;0;2021-02-04;81248;50042;1933890;191058
FR;0;2021-02-05;67618;45329;2001508;236387
FR;0;2021-02-06;21842;10396;2023350;246783
FR;0;2021-02-07;4955;5041;2028305;251824
FR;0;2021-02-08;46251;45970;2074556;297794
FR;0;2021-02-09;65374;72398;2139930;370192
FR;0;2021-02-10;69982;76718;2209912;446910
FR;0;2021-02-11;86402;99136;2296314;546046
FR;0;2021-02-12;78386;74211;2374700;620257
FR;0;2021-02-13;21902;19483;2396602;639740
FR;0;2021-02-14;4737;7190;2401339;646930
FR;0;2021-02-15;37423;76499;2438762;723429
FR;0;2021-02-16;49635;100721;2488397;824150
FR;0;2021-02-17;49754;102985;2538151;927135
FR;0;2021-02-18;68833;118513;2606984;1045648
FR;0;2021-02-19;64379;90742;2671363;1136390
FR;0;2021-02-20;18216;28421;2689579;1164811
FR;0;2021-02-21;3026;6372;2692605;1171183
FR;0;2021-02-22;36873;73137;2729478;1244320
FR;0;2021-02-23;53065;84046;2782543;1328366
FR;0;2021-02-24;58986;81114;2841529;1409480
FR;0;2021-02-25;99631;91373;2941160;1500853
FR;0;2021-02-26;112566;71009;3053726;1571862
FR;0;2021-02-27;51589;21978;3105315;1593840
FR;0;2021-02-28;5863;4413;3111178;1598253
FR;0;2021-03-01;64432;52783;3175610;1651036
FR;0;2021-03-02;100242;66248;3275852;1717284
FR;0;2021-03-03;114976;65542;3390828;1782826
FR;0;2021-03-04;162207;68877;3553035;1851703
FR;0;2021-03-05;199467;63360;3752502;1915063
FR;0;2021-03-06;206870;17813;3959372;1932876
FR;0;2021-03-07;120598;5468;4079970;1938344
FR;0;2021-03-08;105944;50791;4185914;1989135
FR;0;2021-03-09;171188;56775;4357102;2045910
FR;0;2021-03-10;177282;57206;4534384;2103116
FR;0;2021-03-11;241254;63105;4775638;2166221
FR;0;2021-03-12;293245;53518;5068883;2219739
FR;0;2021-03-13;230144;15303;5299027;2235042
FR;0;2021-03-14;62766;3434;5361793;2238476
FR;0;2021-03-15;157222;32637;5519015;2271113
FR;0;2021-03-16;140421;39525;5659436;2310638
FR;0;2021-03-17;149328;38787;5808764;2349425
FR;0;2021-03-18;166459;44622;5975223;2394047
FR;0;2021-03-19;228619;37471;6203842;2431518
FR;0;2021-03-20;165751;11782;6369593;2443300
FR;0;2021-03-21;49275;2626;6418868;2445926
FR;0;2021-03-22;168643;34283;6587511;2480209
FR;0;2021-03-23;248761;42401;6836272;2522610
FR;0;2021-03-24;255315;43846;7091587;2566456
FR;0;2021-03-25;340204;44750;7431791;2611206
FR;0;2021-03-26;357322;41901;7789113;2653107
FR;0;2021-03-27;194343;16649;7983456;2669756
FR;0;2021-03-28;58830;3732;8042286;2673488
FR;0;2021-03-29;201852;54286;8244138;2727774
FR;0;2021-03-30;283903;69685;8528041;2797459
FR;0;2021-03-31;261470;72933;8789511;2870392
FR;0;2021-04-01;312776;87820;9102287;2958212
FR;0;2021-04-02;279813;92138;9382100;3050350
FR;0;2021-04-03;140075;61859;9522175;3112209
FR;0;2021-04-04;45307;18665;9567482;3130874
FR;0;2021-04-05;59518;11005;9627000;3141879
FR;0;2021-04-06;215335;107868;9842335;3249747
FR;0;2021-04-07;258172;115461;10100507;3365208
FR;0;2021-04-08;335428;121429;10435935;3486637
FR;0;2021-04-09;407966;116499;10843901;3603136
FR;0;2021-04-10;211461;82753;11055362;3685889
FR;0;2021-04-11;55422;34594;11110784;3720483
FR;0;2021-04-12;235414;115227;11346198;3835710
FR;0;2021-04-13;307497;144973;11653695;3980683
FR;0;2021-04-14;291980;139419;11945675;4120102
FR;0;2021-04-15;334273;147872;12279948;4267974
FR;0;2021-04-16;337568;145783;12617516;4413757
FR;0;2021-04-17;187622;90260;12805138;4504017
FR;0;2021-04-18;50914;35427;12856052;4539444
FR;0;2021-04-19;204013;138389;13060065;4677833
FR;0;2021-04-20;252305;170732;13312370;4848565
FR;0;2021-04-21;251190;168813;13563560;5017378
FR;0;2021-04-22;285493;188265;13849053;5205643
FR;0;2021-04-23;294571;183283;14143624;5388926
FR;0;2021-04-24;189238;111575;14332862;5500501
FR;0;2021-04-25;68841;38871;14401703;5539372
FR;0;2021-04-26;219386;156111;14621089;5695483
FR;0;2021-04-27;282671;187511;14903760;5882994
FR;0;2021-04-28;297632;183210;15201392;6066204
FR;0;2021-04-29;354938;196139;15556330;6262343
FR;0;2021-04-30;370146;184847;15926476;6447190
FR;0;2021-05-01;165046;52535;16091522;6499725
FR;0;2021-05-02;90701;37831;16182223;6537556
FR;0;2021-05-03;285795;169652;16468018;6707208
FR;0;2021-05-04;312637;224320;16780655;6931528
FR;0;2021-05-05;323009;224542;17103664;7156070
FR;0;2021-05-06;375879;239209;17479543;7395279
FR;0;2021-05-07;369898;257346;17849441;7652625
FR;0;2021-05-08;220518;66920;18069959;7719545
FR;0;2021-05-09;128811;46758;18198770;7766303
FR;0;2021-05-10;308851;229029;18507621;7995332
FR;0;2021-05-11;400697;258191;18908318;8253523
FR;0;2021-05-12;430211;233251;19338529;8486774
FR;0;2021-05-13;335566;56899;19674095;8543673
FR;0;2021-05-14;450507;167544;20124602;8711217
FR;0;2021-05-15;371521;94028;20496123;8805245
FR;0;2021-05-16;201372;20831;20697495;8826076
FR;0;2021-05-17;373148;149180;21070643;8975256
FR;0;2021-05-18;455916;153203;21526559;9128459
FR;0;2021-05-19;464059;145384;21990618;9273843
FR;0;2021-05-20;503535;160404;22494153;9434247
FR;0;2021-05-21;486229;174594;22980382;9608841
FR;0;2021-05-22;345161;79903;23325543;9688744
FR;0;2021-05-23;160661;14446;23486204;9703190
FR;0;2021-05-24;261282;33254;23747486;9736444
FR;0;2021-05-25;396982;189359;24144468;9925803
FR;0;2021-05-26;410339;188213;24554807;10114016
FR;0;2021-05-27;446656;218745;25001463;10332761
FR;0;2021-05-28;426698;259702;25428161;10592463
FR;0;2021-05-29;297424;149458;25725585;10741921
FR;0;2021-05-30;106096;32629;25831681;10774550
FR;0;2021-05-31;355529;203575;26187210;10978125
FR;0;2021-06-01;422017;251710;26609227;11229835
FR;0;2021-06-02;412187;230957;27021414;11460792
FR;0;2021-06-03;458026;258751;27479440;11719543
FR;0;2021-06-04;451175;304934;27930615;12024477
FR;0;2021-06-05;302160;189109;28232775;12213586
FR;0;2021-06-06;131298;49140;28364073;12262726
FR;0;2021-06-07;334286;262511;28698359;12525237
FR;0;2021-06-08;389590;291362;29087949;12816599
FR;0;2021-06-09;380167;276018;29468116;13092617
FR;0;2021-06-10;397889;289478;29866005;13382095
FR;0;2021-06-11;383483;357650;30249488;13739745
FR;0;2021-06-12;281094;211537;30530582;13951282
FR;0;2021-06-13;103718;74097;30634300;14025379
FR;0;2021-06-14;237822;356065;30872122;14381444
FR;0;2021-06-15;304281;386187;31176403;14767631
FR;0;2021-06-16;310322;357873;31486725;15125504
FR;0;2021-06-17;314066;372318;31800791;15497822
FR;0;2021-06-18;318927;442915;32119718;15940737
FR;0;2021-06-19;222922;274051;32342640;16214788
FR;0;2021-06-20;72262;102653;32414902;16317441
FR;0;2021-06-21;192991;402243;32607893;16719684
FR;0;2021-06-22;220373;467504;32828266;17187188
FR;0;2021-06-23;230990;440068;33059256;17627256
FR;0;2021-06-24;239038;409474;33298294;18036730
FR;0;2021-06-25;224280;522501;33522574;18559231
FR;0;2021-06-26;151755;370970;33674329;18930201
FR;0;2021-06-27;55040;156445;33729369;19086646
FR;0;2021-06-28;152510;453414;33881879;19540060
FR;0;2021-06-29;180578;505788;34062457;20045848
FR;0;2021-06-30;201425;481349;34263882;20527197
FR;0;2021-07-01;221066;457925;34484948;20985122
FR;0;2021-07-02;220997;520655;34705945;21505777
FR;0;2021-07-03;139853;368997;34845798;21874774
FR;0;2021-07-04;55739;141395;34901537;22016169
FR;0;2021-07-05;163064;419686;35064601;22435855
FR;0;2021-07-06;192157;475237;35256758;22911092
FR;0;2021-07-07;207116;439704;35463874;23350796
FR;0;2021-07-08;227151;424340;35691025;23775136
FR;0;2021-07-09;224395;510022;35915420;24285158
FR;0;2021-07-10;146508;339856;36061928;24625014
FR;0;2021-07-11;59187;110157;36121115;24735171
FR;0;2021-07-12;164898;478415;36286013;25213586
FR;0;2021-07-13;283187;527951;36569200;25741537
FR;0;2021-07-14;177799;157930;36746999;25899467
FR;0;2021-07-15;342144;502727;37089143;26402194
FR;0;2021-07-16;374566;496416;37463709;26898610
FR;0;2021-07-17;256866;320150;37720575;27218760
FR;0;2021-07-18;108705;115053;37829280;27333813
FR;0;2021-07-19;281149;425611;38110429;27759424
FR;0;2021-07-20;372397;453261;38482826;28212685
FR;0;2021-07-21;391438;408584;38874264;28621269
FR;0;2021-07-22;436520;388647;39310784;29009916
FR;0;2021-07-23;433638;423017;39744422;29432933
FR;0;2021-07-24;282777;270092;40027199;29703025
FR;0;2021-07-25;119830;80222;40147029;29783247
FR;0;2021-07-26;342843;323888;40489872;30107135
FR;0;2021-07-27;458061;320846;40947933;30427981
FR;0;2021-07-28;451973;290397;41399906;30718378
FR;0;2021-07-29;483883;276869;41883789;30995247
FR;0;2021-07-30;453520;302853;42337309;31298100
FR;0;2021-07-31;282320;185040;42619629;31483140
FR;0;2021-08-01;107832;50079;42727461;31533219
FR;0;2021-08-02;319107;234402;43046568;31767621
FR;0;2021-08-03;385964;245435;43432532;32013056
FR;0;2021-08-04;373262;210437;43805794;32223493
FR;0;2021-08-05;356768;228890;44162562;32452383
FR;0;2021-08-06;350023;272150;44512585;32724533
FR;0;2021-08-07;208391;178741;44720976;32903274
FR;0;2021-08-08;71149;63362;44792125;32966636
FR;0;2021-08-09;250353;260242;45042478;33226878
FR;0;2021-08-10;297932;278813;45340410;33505691
FR;0;2021-08-11;272072;260953;45612482;33766644
FR;0;2021-08-12;263916;278520;45876398;34045164
FR;0;2021-08-13;243300;275595;46119698;34320759
FR;0;2021-08-14;139906;198457;46259604;34519216
FR;0;2021-08-15;36415;50265;46296019;34569481
FR;0;2021-08-16;178034;318717;46474053;34888198
FR;0;2021-08-17;209528;337122;46683581;35225320
FR;0;2021-08-18;193232;324926;46876813;35550246
FR;0;2021-08-19;186096;325554;47062909;35875800
FR;0;2021-08-20;178281;365111;47241190;36240911
FR;0;2021-08-21;101210;238119;47342400;36479030
FR;0;2021-08-22;30600;87258;47373000;36566288
