fra;vaccin;jour;n_dose1;n_dose2;n_dose3;n_dose4;n_complet;n_rappel;n_2_rappel;n_rappel_biv;n_3_rappel;n_cum_dose1;n_cum_dose2;n_cum_dose3;n_cum_dose4;n_cum_complet;n_cum_rappel;n_cum_2_rappel;n_cum_rappel_biv;n_cum_3_rappel
FR;1;2020-12-27;616;0;0;0;55;0;0;0;0;616;0;0;0;55;0;0;0;0
FR;1;2020-12-28;704;1;0;0;43;0;0;0;0;1320;1;0;0;98;0;0;0;0
FR;1;2020-12-29;387;0;0;0;19;0;0;0;0;1707;1;0;0;117;0;0;0;0
FR;1;2020-12-30;451;0;0;0;18;0;0;0;0;2158;1;0;0;135;0;0;0;0
FR;1;2020-12-31;447;1;0;0;23;0;0;0;0;2605;2;0;0;158;0;0;0;0
FR;1;2021-01-01;1191;2;0;0;66;0;0;0;0;3796;4;0;0;224;0;0;0;0
FR;1;2021-01-02;367;4;0;0;29;0;0;0;0;4163;8;0;0;253;0;0;0;0
FR;1;2021-01-03;417;0;0;0;23;0;0;0;0;4580;8;0;0;276;0;0;0;0
FR;1;2021-01-04;2134;5;0;0;51;0;0;0;0;6714;13;0;0;327;0;0;0;0
FR;1;2021-01-05;7769;6;0;0;128;0;0;0;0;14483;19;0;0;455;0;0;0;0
FR;1;2021-01-06;12473;23;0;0;127;0;0;0;0;26956;42;0;0;582;0;0;0;0
FR;1;2021-01-07;29477;23;0;0;159;0;0;0;0;56433;65;0;0;741;0;0;0;0
FR;1;2021-01-08;37168;34;0;0;203;0;0;0;0;93601;99;0;0;944;0;0;0;0
FR;1;2021-01-09;11220;9;0;0;77;0;0;0;0;104821;108;0;0;1021;0;0;0;0
FR;1;2021-01-10;6015;8;0;0;28;0;0;0;0;110836;116;0;0;1049;0;0;0;0
FR;1;2021-01-11;39954;39;0;0;232;0;0;0;0;150790;155;0;0;1281;0;0;0;0
FR;1;2021-01-12;62159;29;0;0;297;0;0;0;0;212949;184;0;0;1578;0;0;0;0
FR;1;2021-01-13;65146;62;0;0;433;0;0;0;0;278095;246;0;0;2011;0;0;0;0
FR;1;2021-01-14;81469;251;0;0;960;0;0;0;0;359564;497;0;0;2971;0;0;0;0
FR;1;2021-01-15;68632;98;0;0;527;0;0;0;0;428196;595;0;0;3498;0;0;0;0
FR;1;2021-01-16;19903;73;0;0;172;0;0;0;0;448099;668;0;0;3670;0;0;0;0
FR;1;2021-01-17;10907;54;0;0;130;0;0;0;0;459006;722;0;0;3800;0;0;0;0
FR;1;2021-01-18;82843;176;0;0;588;0;0;0;0;541849;898;0;0;4388;0;0;0;0
FR;1;2021-01-19;125934;208;0;0;837;0;0;0;0;667783;1106;0;0;5225;0;0;0;0
FR;1;2021-01-20;132427;190;0;0;779;0;0;0;0;800210;1296;0;0;6004;0;0;0;0
FR;1;2021-01-21;153079;193;0;0;893;0;0;0;0;953289;1489;0;0;6897;0;0;0;0
FR;1;2021-01-22;115968;238;0;0;775;0;0;0;0;1069257;1727;0;0;7672;0;0;0;0
FR;1;2021-01-23;36616;81;0;0;204;0;0;0;0;1105873;1808;0;0;7876;0;0;0;0
FR;1;2021-01-24;9588;127;0;0;186;0;0;0;0;1115461;1935;0;0;8062;0;0;0;0
FR;1;2021-01-25;74438;1446;0;0;1764;0;0;0;0;1189899;3381;0;0;9826;0;0;0;0
FR;1;2021-01-26;96466;3692;1;0;4134;0;0;0;0;1286365;7073;1;0;13960;0;0;0;0
FR;1;2021-01-27;103656;6428;0;0;7111;0;0;0;0;1390021;13501;1;0;21071;0;0;0;0
FR;1;2021-01-28;120621;16379;0;0;17166;0;0;0;0;1510642;29880;1;0;38237;0;0;0;0
FR;1;2021-01-29;88902;18736;0;0;19276;0;0;0;0;1599544;48616;1;0;57513;0;0;0;0
FR;1;2021-01-30;27995;4522;0;0;4646;0;0;0;0;1627539;53138;1;0;62159;0;0;0;0
FR;1;2021-01-31;5194;1901;0;0;1939;0;0;0;0;1632733;55039;1;0;64098;0;0;0;0
FR;1;2021-02-01;49749;22960;0;0;23198;0;0;0;0;1682482;77999;1;0;87296;0;0;0;0
FR;1;2021-02-02;67839;38055;0;0;38512;0;0;0;0;1750321;116054;1;0;125808;0;0;0;0
FR;1;2021-02-03;67104;40101;0;0;40533;0;0;0;0;1817425;156155;1;0;166341;0;0;0;0
FR;1;2021-02-04;77149;54950;0;0;55518;0;0;0;0;1894574;211105;1;0;221859;0;0;0;0
FR;1;2021-02-05;63435;48103;0;0;48505;0;0;0;0;1958009;259208;1;0;270364;0;0;0;0
FR;1;2021-02-06;19428;11412;0;0;11519;0;0;0;0;1977437;270620;1;0;281883;0;0;0;0
FR;1;2021-02-07;3669;6048;0;0;6075;0;0;0;0;1981106;276668;1;0;287958;0;0;0;0
FR;1;2021-02-08;36508;48708;0;0;48952;0;0;0;0;2017614;325376;1;0;336910;0;0;0;0
FR;1;2021-02-09;50824;78242;0;0;78766;0;0;0;0;2068438;403618;1;0;415676;0;0;0;0
FR;1;2021-02-10;52079;83213;0;0;83693;0;0;0;0;2120517;486831;1;0;499369;0;0;0;0
FR;1;2021-02-11;63394;105244;0;0;106134;0;0;0;0;2183911;592075;1;0;605503;0;0;0;0
FR;1;2021-02-12;55885;75748;0;0;76427;0;0;0;0;2239796;667823;1;0;681930;0;0;0;0
FR;1;2021-02-13;15469;19291;0;0;19403;0;0;0;0;2255265;687114;1;0;701333;0;0;0;0
FR;1;2021-02-14;3747;7346;0;0;7412;0;0;0;0;2259012;694460;1;0;708745;0;0;0;0
FR;1;2021-02-15;24172;73630;0;0;73875;0;0;0;0;2283184;768090;1;0;782620;0;0;0;0
FR;1;2021-02-16;32785;95540;0;0;95936;0;0;0;0;2315969;863630;1;0;878556;0;0;0;0
FR;1;2021-02-17;35132;102254;20;0;102903;0;0;0;0;2351101;965884;21;0;981459;0;0;0;0
FR;1;2021-02-18;49462;118384;0;0;119369;0;0;0;0;2400563;1084268;21;0;1100828;0;0;0;0
FR;1;2021-02-19;45397;87690;1;0;88627;0;0;0;0;2445960;1171958;22;0;1189455;0;0;0;0
FR;1;2021-02-20;13398;27049;0;0;27224;0;0;0;0;2459358;1199007;22;0;1216679;0;0;0;0
FR;1;2021-02-21;2470;5969;0;0;6037;0;0;0;0;2461828;1204976;22;0;1222716;0;0;0;0
FR;1;2021-02-22;24723;69423;2;0;69716;0;0;0;0;2486551;1274399;24;0;1292432;0;0;0;0
FR;1;2021-02-23;37441;81508;1;0;82201;0;0;0;0;2523992;1355907;25;0;1374633;0;0;0;0
FR;1;2021-02-24;40712;79333;1;0;80032;0;0;0;0;2564704;1435240;26;0;1454665;0;0;0;0
FR;1;2021-02-25;50172;87796;1;0;88880;0;0;0;0;2614876;1523036;27;0;1543545;0;0;0;0
FR;1;2021-02-26;47231;67561;1;0;68437;0;0;0;0;2662107;1590597;28;0;1611982;0;0;0;0
FR;1;2021-02-27;15689;21349;1;0;21558;0;0;0;0;2677796;1611946;29;0;1633540;0;0;0;0
FR;1;2021-02-28;3565;4112;2;0;4185;0;0;0;0;2681361;1616058;31;0;1637725;0;0;0;0
FR;1;2021-03-01;40225;50302;1;0;51030;0;0;0;0;2721586;1666360;32;0;1688755;0;0;0;0
FR;1;2021-03-02;55993;62450;3;0;63627;0;0;0;0;2777579;1728810;35;0;1752382;0;0;0;0
FR;1;2021-03-03;61263;60501;0;0;61931;0;0;0;0;2838842;1789311;35;0;1814313;0;0;0;0
FR;1;2021-03-04;73021;68319;3;0;70530;0;0;0;0;2911863;1857630;38;0;1884843;0;0;0;0
FR;1;2021-03-05;74785;58603;3;0;60500;0;0;0;0;2986648;1916233;41;0;1945343;0;0;0;0
FR;1;2021-03-06;82470;15755;2;0;17461;0;0;0;0;3069118;1931988;43;0;1962804;0;0;0;0
FR;1;2021-03-07;63733;3952;1;0;5496;0;0;0;0;3132851;1935940;44;0;1968300;0;0;0;0
FR;1;2021-03-08;60195;41165;2;0;42446;0;0;0;0;3193046;1977105;46;0;2010746;0;0;0;0
FR;1;2021-03-09;86015;47409;1;0;49400;0;0;0;0;3279061;2024514;47;0;2060146;0;0;0;0
FR;1;2021-03-10;90947;47763;5;0;50027;0;0;0;0;3370008;2072277;52;0;2110173;0;0;0;0
FR;1;2021-03-11;105104;54586;1;0;57655;0;0;0;0;3475112;2126863;53;0;2167828;0;0;0;0
FR;1;2021-03-12;104164;44891;1;0;47888;0;0;0;0;3579276;2171754;54;0;2215716;0;0;0;0
FR;1;2021-03-13;89221;12598;1;0;14815;0;0;0;0;3668497;2184352;55;0;2230531;0;0;0;0
FR;1;2021-03-14;44462;2679;1;0;4012;0;0;0;0;3712959;2187031;56;0;2234543;0;0;0;0
FR;1;2021-03-15;95537;27971;3;0;30317;0;0;0;0;3808496;2215002;59;0;2264860;0;0;0;0
FR;1;2021-03-16;123603;34050;5;0;37593;0;0;0;0;3932099;2249052;64;0;2302453;0;0;0;0
FR;1;2021-03-17;129324;33541;4;0;37592;0;0;0;0;4061423;2282593;68;0;2340045;0;0;0;0
FR;1;2021-03-18;142919;39195;5;0;43867;0;0;0;0;4204342;2321788;73;0;2383912;0;0;0;0
FR;1;2021-03-19;136280;31995;2;0;36586;0;0;0;0;4340622;2353783;75;0;2420498;0;0;0;0
FR;1;2021-03-20;76024;9753;1;0;11970;0;0;0;0;4416646;2363536;76;0;2432468;0;0;0;0
FR;1;2021-03-21;26519;1982;1;0;2971;0;0;0;0;4443165;2365518;77;0;2435439;0;0;0;0
FR;1;2021-03-22;114780;30234;2;0;34060;0;0;0;0;4557945;2395752;79;0;2469499;0;0;0;0
FR;1;2021-03-23;143060;38028;1;0;42815;0;0;0;0;4701005;2433780;80;0;2512314;0;0;0;0
FR;1;2021-03-24;142026;38377;0;0;43239;0;0;0;0;4843031;2472157;80;0;2555553;0;0;0;0
FR;1;2021-03-25;165038;39860;4;0;46020;0;0;0;0;5008069;2512017;84;0;2601573;0;0;0;0
FR;1;2021-03-26;166421;37393;5;1;44006;0;0;0;0;5174490;2549410;89;1;2645579;0;0;0;0
FR;1;2021-03-27;110905;15471;1;0;19482;0;0;0;0;5285395;2564881;90;1;2665061;0;0;0;0
FR;1;2021-03-28;42312;4413;3;0;5968;0;0;0;0;5327707;2569294;93;1;2671029;0;0;0;0
FR;1;2021-03-29;129846;48996;4;0;53652;0;0;0;0;5457553;2618290;97;1;2724681;0;0;0;0
FR;1;2021-03-30;167754;63805;5;0;70812;0;0;0;0;5625307;2682095;102;1;2795493;0;0;0;0
FR;1;2021-03-31;170967;67963;4;0;75494;0;0;0;0;5796274;2750058;106;1;2870987;0;0;0;0
FR;1;2021-04-01;194873;84037;10;0;93532;0;0;0;0;5991147;2834095;116;1;2964519;0;0;0;0
FR;1;2021-04-02;164473;86833;7;0;94650;0;0;0;0;6155620;2920928;123;1;3059169;0;0;0;0
FR;1;2021-04-03;88261;58204;6;0;61750;0;0;0;0;6243881;2979132;129;1;3120919;0;0;0;0
FR;1;2021-04-04;33663;17728;0;0;19227;0;0;0;0;6277544;2996860;129;1;3140146;0;0;0;0
FR;1;2021-04-05;46427;9568;11;0;11445;0;0;0;0;6323971;3006428;140;1;3151591;0;0;0;0
FR;1;2021-04-06;160347;105566;17;0;112040;0;0;0;0;6484318;3111994;157;1;3263631;0;0;0;0
FR;1;2021-04-07;197037;108090;16;0;116918;0;0;0;0;6681355;3220084;173;1;3380549;0;0;0;0
FR;1;2021-04-08;222189;114306;14;0;125654;0;0;0;0;6903544;3334390;187;1;3506203;0;0;0;0
FR;1;2021-04-09;214610;108029;21;0;118919;0;0;0;0;7118154;3442419;208;1;3625122;0;0;0;0
FR;1;2021-04-10;117205;73232;14;0;78379;0;0;0;0;7235359;3515651;222;1;3703501;0;0;0;0
FR;1;2021-04-11;40902;29892;6;0;31796;0;0;0;0;7276261;3545543;228;1;3735297;0;0;0;0
FR;1;2021-04-12;168503;104580;46;0;111819;0;0;0;0;7444764;3650123;274;1;3847116;0;0;0;0
FR;1;2021-04-13;203842;127780;97;1;137119;0;0;0;0;7648606;3777903;371;2;3984235;0;0;0;0
FR;1;2021-04-14;208670;122980;208;0;133204;0;0;0;0;7857276;3900883;579;2;4117439;0;0;0;0
FR;1;2021-04-15;221736;128184;313;0;139222;0;0;0;0;8079012;4029067;892;2;4256661;0;0;0;0
FR;1;2021-04-16;206107;125749;309;0;135417;0;0;0;0;8285119;4154816;1201;2;4392078;0;0;0;0
FR;1;2021-04-17;122112;67120;103;0;72181;0;0;0;0;8407231;4221936;1304;2;4464259;0;0;0;0
FR;1;2021-04-18;35978;21012;42;0;22719;0;0;0;0;8443209;4242948;1346;2;4486978;0;0;0;0
FR;1;2021-04-19;163779;121607;432;0;129151;0;0;0;0;8606988;4364555;1778;2;4616129;0;0;0;0
FR;1;2021-04-20;189484;149716;531;0;158840;0;0;0;0;8796472;4514271;2309;2;4774969;0;0;0;0
FR;1;2021-04-21;194044;147706;760;0;157230;0;0;0;0;8990516;4661977;3069;2;4932199;0;0;0;0
FR;1;2021-04-22;209075;164551;778;0;175780;0;0;0;0;9199591;4826528;3847;2;5107979;0;0;0;0
FR;1;2021-04-23;198991;158067;671;0;169080;0;0;0;0;9398582;4984595;4518;2;5277059;0;0;0;0
FR;1;2021-04-24;126354;95859;148;0;101928;0;0;0;0;9524936;5080454;4666;2;5378987;0;0;0;0
FR;1;2021-04-25;53640;30081;46;0;32838;0;0;0;0;9578576;5110535;4712;2;5411825;0;0;0;0
FR;1;2021-04-26;181172;140253;542;0;148966;0;0;0;0;9759748;5250788;5254;2;5560791;0;0;0;0
FR;1;2021-04-27;221400;162582;901;0;173956;0;0;0;0;9981148;5413370;6155;2;5734747;0;0;0;0
FR;1;2021-04-28;238345;156165;1314;1;168848;1;0;0;0;10219493;5569535;7469;3;5903595;1;0;0;0
FR;1;2021-04-29;270340;161591;1211;0;177196;0;0;0;0;10489833;5731126;8680;3;6080791;1;0;0;0
FR;1;2021-04-30;272021;148995;1074;0;165099;0;0;0;0;10761854;5880121;9754;3;6245890;1;0;0;0
FR;1;2021-05-01;141177;40607;173;0;48635;0;0;0;0;10903031;5920728;9927;3;6294525;1;0;0;0
FR;1;2021-05-02;81561;28232;81;0;32986;0;0;0;0;10984592;5948960;10008;3;6327511;1;0;0;0
FR;1;2021-05-03;250814;142279;803;0;155973;0;0;0;0;11235406;6091239;10811;3;6483484;1;0;0;0
FR;1;2021-05-04;265928;187943;1204;0;203523;0;0;0;0;11501334;6279182;12015;3;6687007;1;0;0;0
FR;1;2021-05-05;283944;186221;1268;0;202877;0;0;0;0;11785278;6465403;13283;3;6889884;1;0;0;0
FR;1;2021-05-06;310025;184461;1502;0;204222;0;0;0;0;12095303;6649864;14785;3;7094106;1;0;0;0
FR;1;2021-05-07;284143;196709;1127;0;214529;0;0;0;0;12379446;6846573;15912;3;7308635;1;0;0;0
FR;1;2021-05-08;191683;51497;285;0;62880;0;0;0;0;12571129;6898070;16197;3;7371515;1;0;0;0
FR;1;2021-05-09;114072;34290;236;0;41462;0;0;0;0;12685201;6932360;16433;3;7412977;1;0;0;0
FR;1;2021-05-10;258235;195049;1188;0;211045;0;0;0;0;12943436;7127409;17621;3;7624022;1;0;0;0
FR;1;2021-05-11;318933;211202;1465;0;231438;0;0;0;0;13262369;7338611;19086;3;7855460;1;0;0;0
FR;1;2021-05-12;356681;186075;1401;0;208384;0;0;0;0;13619050;7524686;20487;3;8063844;1;0;0;0
FR;1;2021-05-13;283468;47341;401;0;64266;0;0;0;0;13902518;7572027;20888;3;8128110;1;0;0;0
FR;1;2021-05-14;370533;128530;995;0;151946;0;0;0;0;14273051;7700557;21883;3;8280056;1;0;0;0
FR;1;2021-05-15;298123;66200;404;0;84907;0;0;0;0;14571174;7766757;22287;3;8364963;1;0;0;0
FR;1;2021-05-16;157793;15476;158;0;26045;0;0;0;0;14728967;7782233;22445;3;8391008;1;0;0;0
FR;1;2021-05-17;318951;116193;1441;0;138161;0;0;0;0;15047918;7898426;23886;3;8529169;1;0;0;0
FR;1;2021-05-18;383368;111666;1801;0;137616;0;0;0;0;15431286;8010092;25687;3;8666785;1;0;0;0
FR;1;2021-05-19;395307;101571;2184;0;128514;0;0;0;0;15826593;8111663;27871;3;8795299;1;0;0;0
FR;1;2021-05-20;421844;95645;2049;0;125121;0;0;0;0;16248437;8207308;29920;3;8920420;1;0;0;0
FR;1;2021-05-21;399832;97409;1764;0;125817;0;0;0;0;16648269;8304717;31684;3;9046237;1;0;0;0
FR;1;2021-05-22;275709;41914;604;0;60936;0;0;0;0;16923978;8346631;32288;3;9107173;1;0;0;0
FR;1;2021-05-23;123027;10970;224;0;20574;0;0;0;0;17047005;8357601;32512;3;9127747;1;0;0;0
FR;1;2021-05-24;244025;26262;569;0;43791;0;0;0;0;17291030;8383863;33081;3;9171538;1;0;0;0
FR;1;2021-05-25;366240;131483;2115;1;158419;0;0;0;0;17657270;8515346;35196;4;9329957;1;0;0;0
FR;1;2021-05-26;380841;127395;1996;0;155732;0;0;0;0;18038111;8642741;37192;4;9485689;1;0;0;0
FR;1;2021-05-27;406182;128292;1978;0;158780;0;0;0;0;18444293;8771033;39170;4;9644469;1;0;0;0
FR;1;2021-05-28;366063;145670;1702;0;174233;0;0;0;0;18810356;8916703;40872;4;9818702;1;0;0;0
FR;1;2021-05-29;253847;81122;527;0;100322;0;0;0;0;19064203;8997825;41399;4;9919024;1;0;0;0
FR;1;2021-05-30;100982;22600;158;0;30836;0;0;0;0;19165185;9020425;41557;4;9949860;1;0;0;0
FR;1;2021-05-31;314345;149215;1286;1;172478;1;0;0;0;19479530;9169640;42843;5;10122338;2;0;0;0
FR;1;2021-06-01;361682;166417;1733;1;194123;1;0;0;0;19841212;9336057;44576;6;10316461;3;0;0;0
FR;1;2021-06-02;365418;154386;1797;0;183929;0;0;0;0;20206630;9490443;46373;6;10500390;3;0;0;0
FR;1;2021-06-03;391460;147387;1654;0;178363;0;0;0;0;20598090;9637830;48027;6;10678753;3;0;0;0
FR;1;2021-06-04;364130;175851;1496;1;205137;1;0;0;0;20962220;9813681;49523;7;10883890;4;0;0;0
FR;1;2021-06-05;258526;112824;597;0;133186;0;0;0;0;21220746;9926505;50120;7;11017076;4;0;0;0
FR;1;2021-06-06;126827;37560;216;0;48199;0;0;0;0;21347573;9964065;50336;7;11065275;4;0;0;0
FR;1;2021-06-07;301122;207750;1368;0;233031;0;0;0;0;21648695;10171815;51704;7;11298306;4;0;0;0
FR;1;2021-06-08;330886;220982;1645;0;248948;0;0;0;0;21979581;10392797;53349;7;11547254;4;0;0;0
FR;1;2021-06-09;336627;210984;1614;0;239758;0;0;0;0;22316208;10603781;54963;7;11787012;4;0;0;0
FR;1;2021-06-10;343926;199674;1614;0;229411;0;0;0;0;22660134;10803455;56577;7;12016423;4;0;0;0
FR;1;2021-06-11;311923;234703;1299;1;262609;0;0;0;0;22972057;11038158;57876;8;12279032;4;0;0;0
FR;1;2021-06-12;244098;150598;438;0;172208;0;0;0;0;23216155;11188756;58314;8;12451240;4;0;0;0
FR;1;2021-06-13;100377;61032;188;0;70694;0;0;0;0;23316532;11249788;58502;8;12521934;4;0;0;0
FR;1;2021-06-14;207866;287627;1320;1;307428;0;0;0;0;23524398;11537415;59822;9;12829362;4;0;0;0
FR;1;2021-06-15;256892;281155;1400;1;305000;0;0;0;0;23781290;11818570;61222;10;13134362;4;0;0;0
FR;1;2021-06-16;273676;270679;1263;1;296115;0;0;0;0;24054966;12089249;62485;11;13430477;4;0;0;0
FR;1;2021-06-17;268241;245032;1241;1;271099;0;0;0;0;24323207;12334281;63726;12;13701576;4;0;0;0
FR;1;2021-06-18;260621;295208;1156;1;321028;0;0;0;0;24583828;12629489;64882;13;14022604;4;0;0;0
FR;1;2021-06-19;193463;209587;388;0;228246;0;0;0;0;24777291;12839076;65270;13;14250850;4;0;0;0
FR;1;2021-06-20;69722;89037;121;0;96878;0;0;0;0;24847013;12928113;65391;13;14347728;4;0;0;0
FR;1;2021-06-21;172392;319756;934;1;338466;1;0;0;0;25019405;13247869;66325;14;14686194;5;0;0;0
FR;1;2021-06-22;185887;348024;1102;10;369082;1;0;0;0;25205292;13595893;67427;24;15055276;6;0;0;0
FR;1;2021-06-23;204227;339579;1050;0;363480;0;0;0;0;25409519;13935472;68477;24;15418756;6;0;0;0
FR;1;2021-06-24;203549;282022;1176;0;306766;0;0;0;0;25613068;14217494;69653;24;15725522;6;0;0;0
FR;1;2021-06-25;182675;371683;1200;0;395693;0;0;0;0;25795743;14589177;70853;24;16121215;6;0;0;0
FR;1;2021-06-26;131406;278575;504;0;295948;0;0;0;0;25927149;14867752;71357;24;16417163;6;0;0;0
FR;1;2021-06-27;52416;122853;146;0;130394;0;0;0;0;25979565;14990605;71503;24;16547557;6;0;0;0
FR;1;2021-06-28;136675;368206;1065;0;386810;0;0;0;0;26116240;15358811;72568;24;16934367;6;0;0;0
FR;1;2021-06-29;154910;391090;1848;0;412198;0;0;0;0;26271150;15749901;74416;24;17346565;6;0;0;0
FR;1;2021-06-30;180072;381896;1667;4;406505;2;0;0;0;26451222;16131797;76083;28;17753070;8;0;0;0
FR;1;2021-07-01;201573;332480;1889;5;360568;0;0;0;0;26652795;16464277;77972;33;18113638;8;0;0;0
FR;1;2021-07-02;193887;367269;1765;5;395480;2;0;0;0;26846682;16831546;79737;38;18509118;10;0;0;0
FR;1;2021-07-03;124485;280423;704;3;299534;1;0;0;0;26971167;17111969;80441;41;18808652;11;0;0;0
FR;1;2021-07-04;53966;113725;244;0;122135;0;0;0;0;27025133;17225694;80685;41;18930787;11;0;0;0
FR;1;2021-07-05;153974;355761;1500;8;379110;0;0;0;0;27179107;17581455;82185;49;19309897;11;0;0;0
FR;1;2021-07-06;173525;382285;1603;45;408183;8;0;0;0;27352632;17963740;83788;94;19718080;19;0;0;0
FR;1;2021-07-07;190862;362312;1659;25;390667;2;0;0;0;27543494;18326052;85447;119;20108747;21;0;0;0
FR;1;2021-07-08;201585;322935;1826;20;353600;2;0;0;0;27745079;18648987;87273;139;20462347;23;0;0;0
FR;1;2021-07-09;189991;387777;1854;3;418196;2;0;0;0;27935070;19036764;89127;142;20880543;25;0;0;0
FR;1;2021-07-10;129960;281172;818;1;302602;1;0;0;0;28065030;19317936;89945;143;21183145;26;0;0;0
FR;1;2021-07-11;57685;102522;263;0;112408;0;0;0;0;28122715;19420458;90208;143;21295553;26;0;0;0
FR;1;2021-07-12;149927;416814;1587;4;442821;0;0;0;0;28272642;19837272;91795;147;21738374;26;0;0;0
FR;1;2021-07-13;234300;439001;1808;8;476208;0;0;0;0;28506942;20276273;93603;155;22214582;26;0;0;0
FR;1;2021-07-14;171929;151324;418;0;176962;0;0;0;0;28678871;20427597;94021;155;22391544;26;0;0;0
FR;1;2021-07-15;279699;424146;1859;1;467136;0;0;0;0;28958570;20851743;95880;156;22858680;26;0;0;0
FR;1;2021-07-16;290447;400563;1711;3;445226;1;0;0;0;29249017;21252306;97591;159;23303906;27;0;0;0
FR;1;2021-07-17;217354;281976;755;1;315453;0;0;0;0;29466371;21534282;98346;160;23619359;27;0;0;0
FR;1;2021-07-18;102024;107199;288;0;123092;0;0;0;0;29568395;21641481;98634;160;23742451;27;0;0;0
FR;1;2021-07-19;238241;378383;1498;3;414444;0;0;0;0;29806636;22019864;100132;163;24156895;27;0;0;0
FR;1;2021-07-20;305771;379751;1471;0;425592;0;0;0;0;30112407;22399615;101603;163;24582487;27;0;0;0
FR;1;2021-07-21;333303;352735;1413;4;404137;1;0;0;0;30445710;22752350;103016;167;24986624;28;0;0;0
FR;1;2021-07-22;364693;318538;1502;3;374970;2;0;0;0;30810403;23070888;104518;170;25361594;30;0;0;0
FR;1;2021-07-23;349407;342800;1589;4;398362;1;0;0;0;31159810;23413688;106107;174;25759956;31;0;0;0
FR;1;2021-07-24;238968;240728;697;1;278067;0;0;0;0;31398778;23654416;106804;175;26038023;31;0;0;0
FR;1;2021-07-25;112808;76007;223;0;93708;0;0;0;0;31511586;23730423;107027;175;26131731;31;0;0;0
FR;1;2021-07-26;299146;289296;1495;2;335019;1;0;0;0;31810732;24019719;108522;177;26466750;32;0;0;0
FR;1;2021-07-27;385852;267885;1459;4;324861;1;0;0;0;32196584;24287604;109981;181;26791611;33;0;0;0
FR;1;2021-07-28;390215;250893;1463;4;307192;1;0;0;0;32586799;24538497;111444;185;27098803;34;0;0;0
FR;1;2021-07-29;406152;227602;1541;2;284322;0;0;0;0;32992951;24766099;112985;187;27383125;34;0;0;0
FR;1;2021-07-30;370754;246522;1639;4;298378;1;0;0;0;33363705;25012621;114624;191;27681503;35;0;0;0
FR;1;2021-07-31;243386;165081;794;1;199421;0;0;0;0;33607091;25177702;115418;192;27880924;35;0;0;0
FR;1;2021-08-01;105602;47207;237;0;61202;0;0;0;0;33712693;25224909;115655;192;27942126;35;0;0;0
FR;1;2021-08-02;297432;212823;1479;2;250628;0;0;0;0;34010125;25437732;117134;194;28192754;35;0;0;0
FR;1;2021-08-03;331349;208700;1557;2;250687;1;0;0;0;34341474;25646432;118691;196;28443441;36;0;0;0
FR;1;2021-08-04;328055;183833;1440;5;223991;3;0;0;0;34669529;25830265;120131;201;28667432;39;0;0;0
FR;1;2021-08-05;301292;193096;1483;0;229396;0;0;0;0;34970821;26023361;121614;201;28896828;39;0;0;0
FR;1;2021-08-06;290991;224081;1560;3;261385;0;0;0;0;35261812;26247442;123174;204;29158213;39;0;0;0
FR;1;2021-08-07;182675;158761;655;5;181679;1;0;0;0;35444487;26406203;123829;209;29339892;40;0;0;0
FR;1;2021-08-08;68891;59102;253;0;67631;0;0;0;0;35513378;26465305;124082;209;29407523;40;0;0;0
FR;1;2021-08-09;222793;235160;1445;4;263880;2;0;0;0;35736171;26700465;125527;213;29671403;42;0;0;0
FR;1;2021-08-10;252756;239852;1493;2;271706;0;0;0;0;35988927;26940317;127020;215;29943109;42;0;0;0
FR;1;2021-08-11;236251;231733;1271;5;261255;0;0;0;0;36225178;27172050;128291;220;30204364;42;0;0;0
FR;1;2021-08-12;220792;239748;1491;3;267862;0;0;0;0;36445970;27411798;129782;223;30472226;42;0;0;0
FR;1;2021-08-13;201724;238493;1360;2;264053;2;0;0;0;36647694;27650291;131142;225;30736279;44;0;0;0
FR;1;2021-08-14;122869;174038;645;0;189552;0;0;0;0;36770563;27824329;131787;225;30925831;44;0;0;0
FR;1;2021-08-15;34709;46118;201;1;50338;0;0;0;0;36805272;27870447;131988;226;30976169;44;0;0;0
FR;1;2021-08-16;156968;289347;1424;0;309934;0;0;0;0;36962240;28159794;133412;226;31286103;44;0;0;0
FR;1;2021-08-17;171618;290961;1422;5;313371;0;0;0;0;37133858;28450755;134834;231;31599474;44;0;0;0
FR;1;2021-08-18;161441;286666;1394;6;307306;3;0;0;0;37295299;28737421;136228;237;31906780;47;0;0;0
FR;1;2021-08-19;148959;277416;1405;1;297272;0;0;0;0;37444258;29014837;137633;238;32204052;47;0;0;0
FR;1;2021-08-20;140525;308923;1532;2;328171;2;0;0;0;37584783;29323760;139165;240;32532223;49;0;0;0
FR;1;2021-08-21;84281;213205;589;0;224532;0;0;0;0;37669064;29536965;139754;240;32756755;49;0;0;0
FR;1;2021-08-22;28582;82695;233;0;86701;0;0;0;0;37697646;29619660;139987;240;32843456;49;0;0;0
FR;1;2021-08-23;118669;320938;1422;2;337691;0;0;0;0;37816315;29940598;141409;242;33181147;49;0;0;0
FR;1;2021-08-24;126678;319632;1604;5;337464;0;0;0;0;37942993;30260230;143013;247;33518611;49;0;0;0
FR;1;2021-08-25;121544;306416;1782;8;323610;2;0;0;0;38064537;30566646;144795;255;33842221;51;0;0;0
FR;1;2021-08-26;106641;286057;2162;10;302368;0;0;0;0;38171178;30852703;146957;265;34144589;51;0;0;0
FR;1;2021-08-27;107660;321588;2303;9;338883;1;0;0;0;38278838;31174291;149260;274;34483472;52;0;0;0
FR;1;2021-08-28;71027;220691;1102;0;231225;0;0;0;0;38349865;31394982;150362;274;34714697;52;0;0;0
FR;1;2021-08-29;24155;78197;469;1;82088;0;0;0;0;38374020;31473179;150831;275;34796785;52;0;0;0
FR;1;2021-08-30;96901;286269;4315;6;299763;4970;0;0;0;38470921;31759448;155146;281;35096548;5022;0;0;0
FR;1;2021-08-31;98130;276233;9295;15;289903;10068;2;0;0;38569051;32035681;164441;296;35386451;15090;2;0;0
FR;1;2021-09-01;112363;245295;21121;8;257687;22155;1;0;0;38681414;32280976;185562;304;35644138;37245;3;0;0
FR;1;2021-09-02;86761;197904;24535;18;208312;25514;0;0;0;38768175;32478880;210097;322;35852450;62759;3;0;0
FR;1;2021-09-03;82428;227490;26957;21;238935;28039;0;0;0;38850603;32706370;237054;343;36091385;90798;3;0;0
FR;1;2021-09-04;71630;189716;11141;11;199308;11708;7;0;0;38922233;32896086;248195;354;36290693;102506;10;0;0
FR;1;2021-09-05;18612;41145;4126;2;43851;4278;0;0;0;38940845;32937231;252321;356;36334544;106784;10;0;0
FR;1;2021-09-06;59825;151389;30181;15;158925;31207;2;0;0;39000670;33088620;282502;371;36493469;137991;12;0;0
FR;1;2021-09-07;57402;139620;30213;30;146756;31249;2;0;0;39058072;33228240;312715;401;36640225;169240;14;0;0
FR;1;2021-09-08;72352;173792;26926;22;182282;27964;4;0;0;39130424;33402032;339641;423;36822507;197204;18;0;0
FR;1;2021-09-09;54493;124411;28637;24;131182;29741;5;0;0;39184917;33526443;368278;447;36953689;226945;23;0;0
FR;1;2021-09-10;66221;152074;30452;24;161172;31695;5;0;0;39251138;33678517;398730;471;37114861;258640;28;0;0
FR;1;2021-09-11;52690;146628;9732;14;154130;10354;0;0;0;39303828;33825145;408462;485;37268991;268994;28;0;0
FR;1;2021-09-12;10797;29273;2489;1;30973;2658;2;0;0;39314625;33854418;410951;486;37299964;271652;30;0;0
FR;1;2021-09-13;51516;104412;38765;31;110964;40087;16;0;0;39366141;33958830;449716;517;37410928;311739;46;0;0
FR;1;2021-09-14;53343;95996;51285;67;102386;53266;40;0;0;39419484;34054826;501001;584;37513314;365005;86;0;0
FR;1;2021-09-15;60581;139231;50497;55;146411;47066;68;0;0;39480065;34194057;551498;639;37659725;412071;154;0;0
FR;1;2021-09-16;46643;81365;53354;70;86262;49607;63;0;0;39526708;34275422;604852;709;37745987;461678;217;0;0
FR;1;2021-09-17;53225;109334;45073;61;115673;42704;62;0;0;39579933;34384756;649925;770;37861660;504382;279;0;0
FR;1;2021-09-18;37884;118492;11796;19;124081;11277;19;0;0;39617817;34503248;661721;789;37985741;515659;298;0;0
FR;1;2021-09-19;6531;21027;2043;1;22131;1983;1;0;0;39624348;34524275;663764;790;38007872;517642;299;0;0
FR;1;2021-09-20;36544;74834;46231;65;78558;44193;32;0;0;39660892;34599109;709995;855;38086430;561835;331;0;0
FR;1;2021-09-21;34203;68104;56267;72;71137;52745;76;0;0;39695095;34667213;766262;927;38157567;614580;407;0;0
FR;1;2021-09-22;38844;118598;49883;76;123019;46931;39;0;0;39733939;34785811;816145;1003;38280586;661511;446;0;0
FR;1;2021-09-23;32039;62893;54511;85;65798;50921;76;0;0;39765978;34848704;870656;1088;38346384;712432;522;0;0
FR;1;2021-09-24;36799;90030;43675;89;94392;41956;57;0;0;39802777;34938734;914331;1177;38440776;754388;579;0;0
FR;1;2021-09-25;27652;96705;12307;27;101064;12186;19;0;0;39830429;35035439;926638;1204;38541840;766574;598;0;0
FR;1;2021-09-26;4388;15200;1777;5;16063;1700;4;0;0;39834817;35050639;928415;1209;38557903;768274;602;0;0
FR;1;2021-09-27;27355;60215;42913;89;63446;41640;81;0;1;39862172;35110854;971328;1298;38621349;809914;683;0;1
FR;1;2021-09-28;26914;49422;47202;76;52042;44491;40;0;0;39889086;35160276;1018530;1374;38673391;854405;723;0;1
FR;1;2021-09-29;35925;80263;47293;87;84652;45616;35;0;0;39925011;35240539;1065823;1461;38758043;900021;758;0;1
FR;1;2021-09-30;26077;46898;47528;80;49259;45476;52;0;0;39951088;35287437;1113351;1541;38807302;945497;810;0;1
FR;1;2021-10-01;47304;66905;44905;83;70797;44622;15;0;0;39998392;35354342;1158256;1624;38878099;990119;825;0;1
FR;1;2021-10-02;32384;62406;16113;32;67217;16325;6;0;0;40030776;35416748;1174369;1656;38945316;1006444;831;0;1
FR;1;2021-10-03;4343;8565;2042;3;9314;2039;4;0;0;40035119;35425313;1176411;1659;38954630;1008483;835;0;1
FR;1;2021-10-04;28978;44420;47113;79;46835;46981;31;0;0;40064097;35469733;1223524;1738;39001465;1055464;866;0;1
FR;1;2021-10-05;24568;41635;49892;116;43137;49345;49;0;0;40088665;35511368;1273416;1854;39044602;1104809;915;0;1
FR;1;2021-10-06;34659;61374;57508;101;64490;57258;25;0;0;40123324;35572742;1330924;1955;39109092;1162067;940;0;1
FR;1;2021-10-07;21082;39913;53052;75;41094;51996;33;0;0;40144406;35612655;1383976;2030;39150186;1214063;973;0;1
FR;1;2021-10-08;35671;59642;60411;83;62875;61168;28;0;0;40180077;35672297;1444387;2113;39213061;1275231;1001;0;1
FR;1;2021-10-09;27466;48020;25497;29;52492;26025;10;0;0;40207543;35720317;1469884;2142;39265553;1301256;1011;0;1
FR;1;2021-10-10;3726;5809;2758;7;6288;2864;1;0;0;40211269;35726126;1472642;2149;39271841;1304120;1012;0;1
FR;1;2021-10-11;24856;38203;54588;88;40291;55262;48;0;0;40236125;35764329;1527230;2237;39312132;1359382;1060;0;1
FR;1;2021-10-12;23382;36583;58076;128;37095;59231;18;0;0;40259507;35800912;1585306;2365;39349227;1418613;1078;0;1
FR;1;2021-10-13;32974;47839;64175;125;50646;65701;23;0;1;40292481;35848751;1649481;2490;39399873;1484314;1101;0;2
FR;1;2021-10-14;21713;34771;53773;103;35680;54367;24;0;0;40314194;35883522;1703254;2593;39435553;1538681;1125;0;2
FR;1;2021-10-15;32751;48757;72332;165;50457;75024;22;0;0;40346945;35932279;1775586;2758;39486010;1613705;1147;0;2
FR;1;2021-10-16;26013;35286;34872;44;38301;36428;14;0;0;40372958;35967565;1810458;2802;39524311;1650133;1161;0;2
FR;1;2021-10-17;3160;4050;3418;2;4495;3317;3;0;0;40376118;35971615;1813876;2804;39528806;1653450;1164;0;2
FR;1;2021-10-18;24351;34880;66849;132;34924;69728;27;0;0;40400469;36006495;1880725;2936;39563730;1723178;1191;0;2
FR;1;2021-10-19;20723;35568;75675;135;33226;79604;40;0;0;40421192;36042063;1956400;3071;39596956;1802782;1231;0;2
FR;1;2021-10-20;29915;44192;96187;178;43269;99876;45;0;0;40451107;36086255;2052587;3249;39640225;1902658;1276;0;2
FR;1;2021-10-21;19803;35052;83195;107;31765;87055;31;0;0;40470910;36121307;2135782;3356;39671990;1989713;1307;0;2
FR;1;2021-10-22;29756;47762;103754;196;44566;109716;58;0;0;40500666;36169069;2239536;3552;39716556;2099429;1365;0;2
FR;1;2021-10-23;23056;35137;44874;57;36133;47383;11;0;0;40523722;36204206;2284410;3609;39752689;2146812;1376;0;2
FR;1;2021-10-24;2407;3841;3584;6;4041;3717;1;0;0;40526129;36208047;2287994;3615;39756730;2150529;1377;0;2
FR;1;2021-10-25;22501;30731;82029;143;29617;85835;37;0;0;40548630;36238778;2370023;3758;39786347;2236364;1414;0;2
FR;1;2021-10-26;19366;27639;86125;162;24741;90351;29;0;0;40567996;36266417;2456148;3920;39811088;2326715;1443;0;2
FR;1;2021-10-27;26224;39615;107824;252;37309;112741;46;0;0;40594220;36306032;2563972;4172;39848397;2439456;1489;0;2
FR;1;2021-10-28;18802;27105;86966;150;23485;91728;36;0;0;40613022;36333137;2650938;4322;39871882;2531184;1525;0;2
FR;1;2021-10-29;25934;40253;114841;202;35489;121676;52;0;0;40638956;36373390;2765779;4524;39907371;2652860;1577;0;2
FR;1;2021-10-30;17714;28710;49372;74;28305;51964;18;0;0;40656670;36402100;2815151;4598;39935676;2704824;1595;0;2
FR;1;2021-10-31;2086;3172;3451;2;3216;3687;2;0;0;40658756;36405272;2818602;4600;39938892;2708511;1597;0;2
FR;1;2021-11-01;8019;4272;3036;3;4359;3293;6;0;0;40666775;36409544;2821638;4603;39943251;2711804;1603;0;2
FR;1;2021-11-02;22911;33225;92415;156;29183;97868;39;0;1;40689686;36442769;2914053;4759;39972434;2809672;1642;0;3
FR;1;2021-11-03;26636;41551;117516;219;37006;123898;56;0;0;40716322;36484320;3031569;4978;40009440;2933570;1698;0;3
FR;1;2021-11-04;19626;30299;105823;213;24189;111970;42;0;0;40735948;36514619;3137392;5191;40033629;3045540;1740;0;3
FR;1;2021-11-05;27025;42294;138796;230;34181;147481;46;0;0;40762973;36556913;3276188;5421;40067810;3193021;1786;0;3
FR;1;2021-11-06;18864;29812;63495;123;27615;66513;25;0;0;40781837;36586725;3339683;5544;40095425;3259534;1811;0;3
FR;1;2021-11-07;1834;3275;4984;6;3032;5301;5;0;0;40783671;36590000;3344667;5550;40098457;3264835;1816;0;3
FR;1;2021-11-08;17878;32243;126015;224;25388;132652;47;0;0;40801549;36622243;3470682;5774;40123845;3397487;1863;0;3
FR;1;2021-11-09;19519;37597;159324;334;26135;169134;63;0;0;40821068;36659840;3630006;6108;40149980;3566621;1926;0;3
FR;1;2021-11-10;28890;49059;181925;441;39017;192546;85;0;0;40849958;36708899;3811931;6549;40188997;3759167;2011;0;3
FR;1;2021-11-11;4192;5932;12236;26;5105;13029;14;0;0;40854150;36714831;3824167;6575;40194102;3772196;2025;0;3
FR;1;2021-11-12;26025;46827;174849;244;35303;186540;78;0;0;40880175;36761658;3999016;6819;40229405;3958736;2103;0;3
FR;1;2021-11-13;18735;29146;76848;111;25372;81796;40;0;0;40898910;36790804;4075864;6930;40254777;4040532;2143;0;3
FR;1;2021-11-14;2050;3243;6827;5;2798;7358;6;0;0;40900960;36794047;4082691;6935;40257575;4047890;2149;0;3
FR;1;2021-11-15;18790;34713;156444;306;24621;166278;59;0;0;40919750;36828760;4239135;7241;40282196;4214168;2208;0;3
FR;1;2021-11-16;21367;37828;192158;380;23338;205069;101;0;1;40941117;36866588;4431293;7621;40305534;4419237;2309;0;4
FR;1;2021-11-17;28672;45556;193252;398;33027;205077;93;0;0;40969789;36912144;4624545;8019;40338561;4624314;2402;0;4
FR;1;2021-11-18;21143;39601;182533;459;25144;194655;87;0;0;40990932;36951745;4807078;8478;40363705;4818969;2489;0;4
FR;1;2021-11-19;30892;53328;230281;532;34826;246775;135;0;0;41021824;37005073;5037359;9010;40398531;5065744;2624;0;4
FR;1;2021-11-20;23772;33211;96997;202;26733;103645;42;0;0;41045596;37038284;5134356;9212;40425264;5169389;2666;0;4
FR;1;2021-11-21;2340;3909;9128;19;2957;9936;16;0;0;41047936;37042193;5143484;9231;40428221;5179325;2682;0;4
FR;1;2021-11-22;21422;30330;175931;467;16954;189472;78;0;0;41069358;37072523;5319415;9698;40445175;5368797;2760;0;4
FR;1;2021-11-23;24031;40977;221258;540;21322;238013;77;0;0;41093389;37113500;5540673;10238;40466497;5606810;2837;0;4
FR;1;2021-11-24;30298;49652;217397;702;31974;234579;68;0;0;41123687;37163152;5758070;10940;40498471;5841389;2905;0;4
FR;1;2021-11-25;23733;44054;244511;718;22083;264211;101;0;0;41147420;37207206;6002581;11658;40520554;6105600;3006;0;4
FR;1;2021-11-26;30617;66649;356838;836;33259;388616;154;0;0;41178037;37273855;6359419;12494;40553813;6494216;3160;0;4
FR;1;2021-11-27;21961;45272;202661;372;26169;222686;112;0;0;41199998;37319127;6562080;12866;40579982;6716902;3272;0;4
FR;1;2021-11-28;3179;9552;54801;63;3472;61016;37;0;0;41203177;37328679;6616881;12929;40583454;6777918;3309;0;4
FR;1;2021-11-29;17902;49479;326423;841;20787;354568;150;0;0;41221079;37378158;6943304;13770;40604241;7132486;3459;0;4
FR;1;2021-11-30;22791;64839;431184;952;23829;470831;262;0;0;41243870;37442997;7374488;14722;40628070;7603317;3721;0;4
FR;1;2021-12-01;25357;69072;442941;1131;28468;481803;271;0;0;41269227;37512069;7817429;15853;40656538;8085120;3992;0;4
FR;1;2021-12-02;20090;64317;489446;1229;18469;532930;273;0;0;41289317;37576386;8306875;17082;40675007;8618050;4265;0;4
FR;1;2021-12-03;22912;82318;542824;1310;30317;591815;308;0;0;41312229;37658704;8849699;18392;40705324;9209865;4573;0;4
FR;1;2021-12-04;16416;53813;299129;654;23224;328999;181;0;0;41328645;37712517;9148828;19046;40728548;9538864;4754;0;4
FR;1;2021-12-05;3635;13787;81547;143;4204;91048;85;0;0;41332280;37726304;9230375;19189;40732752;9629912;4839;0;4
FR;1;2021-12-06;25847;62441;415499;1066;22084;455226;356;0;0;41358127;37788745;9645874;20255;40754836;10085138;5195;0;4
FR;1;2021-12-07;20016;75456;523049;1536;24303;572681;372;0;0;41378143;37864201;10168923;21791;40779139;10657819;5567;0;4
FR;1;2021-12-08;21717;75533;458523;1545;30671;502195;378;0;0;41399860;37939734;10627446;23336;40809810;11160014;5945;0;4
FR;1;2021-12-09;19469;73987;493034;1625;24364;541060;397;0;0;41419329;38013721;11120480;24961;40834174;11701074;6342;0;4
FR;1;2021-12-10;23329;87568;547444;1585;32464;600092;391;0;1;41442658;38101289;11667924;26546;40866638;12301166;6733;0;5
FR;1;2021-12-11;16531;59099;302762;751;25967;335489;279;0;0;41459189;38160388;11970686;27297;40892605;12636655;7012;0;5
FR;1;2021-12-12;4392;15890;83235;179;5253;94045;96;0;0;41463581;38176278;12053921;27476;40897858;12730700;7108;0;5
FR;1;2021-12-13;15757;63461;367059;1094;23967;406341;235;0;0;41479338;38239739;12420980;28570;40921825;13137041;7343;0;5
FR;1;2021-12-14;20866;80148;464851;1748;28685;515302;505;0;1;41500204;38319887;12885831;30318;40950510;13652343;7848;0;6
FR;1;2021-12-15;21622;77325;409155;1309;33044;453224;311;0;1;41521826;38397212;13294986;31627;40983554;14105567;8159;0;7
FR;1;2021-12-16;20064;77107;451958;1577;27972;500700;324;0;0;41541890;38474319;13746944;33204;41011526;14606267;8483;0;7
FR;1;2021-12-17;22625;86433;479998;1737;34695;531030;371;0;0;41564515;38560752;14226942;34941;41046221;15137297;8854;0;7
FR;1;2021-12-18;17609;54563;257649;731;24695;288522;232;0;0;41582124;38615315;14484591;35672;41070916;15425819;9086;0;7
FR;1;2021-12-19;5562;16936;79201;194;5930;90690;116;0;0;41587686;38632251;14563792;35866;41076846;15516509;9202;0;7
FR;1;2021-12-20;20951;62939;316288;1081;26533;355336;284;0;0;41608637;38695190;14880080;36947;41103379;15871845;9486;0;7
FR;1;2021-12-21;26340;72886;372797;1422;30586;418122;337;0;0;41634977;38768076;15252877;38369;41133965;16289967;9823;0;7
FR;1;2021-12-22;24988;65696;310683;1217;29623;349608;361;0;1;41659965;38833772;15563560;39586;41163588;16639575;10184;0;8
FR;1;2021-12-23;21274;52148;241515;958;23377;273059;361;0;0;41681239;38885920;15805075;40544;41186965;16912634;10545;0;8
FR;1;2021-12-24;7129;18270;67165;258;9251;77053;154;0;1;41688368;38904190;15872240;40802;41196216;16989687;10699;0;9
FR;1;2021-12-25;507;2869;5590;15;1799;6536;55;0;0;41688875;38907059;15877830;40817;41198015;16996223;10754;0;9
FR;1;2021-12-26;2750;7578;26952;71;3492;31468;100;0;0;41691625;38914637;15904782;40888;41201507;17027691;10854;0;9
FR;1;2021-12-27;18313;53486;235138;705;25485;265789;365;0;0;41709938;38968123;16139920;41593;41226992;17293480;11219;0;9
FR;1;2021-12-28;23302;61903;292057;1026;27014;330226;595;0;1;41733240;39030026;16431977;42619;41254006;17623706;11814;0;10
FR;1;2021-12-29;22218;55414;255031;921;25286;288236;645;0;1;41755458;39085440;16687008;43540;41279292;17911942;12459;0;11
FR;1;2021-12-30;21240;46433;212176;858;22457;239633;718;0;0;41776698;39131873;16899184;44398;41301749;18151575;13177;0;11
FR;1;2021-12-31;7467;16537;61878;229;8724;70407;346;0;0;41784165;39148410;16961062;44627;41310473;18221982;13523;0;11
FR;1;2022-01-01;1161;2498;5667;30;1542;6585;73;0;0;41785326;39150908;16966729;44657;41312015;18228567;13596;0;11
FR;1;2022-01-02;3087;8078;28893;50;3672;33535;190;0;0;41788413;39158986;16995622;44707;41315687;18262102;13786;0;11
FR;1;2022-01-03;26096;54192;228271;790;27553;257739;959;0;1;41814509;39213178;17223893;45497;41343240;18519841;14745;0;12
FR;1;2022-01-04;26245;65009;299300;1240;29818;337335;1367;0;2;41840754;39278187;17523193;46737;41373058;18857176;16112;0;14
FR;1;2022-01-05;30558;64260;274915;1099;32523;310298;1263;0;0;41871312;39342447;17798108;47836;41405581;19167474;17375;0;14
FR;1;2022-01-06;26848;66200;306924;1403;29285;346583;1568;0;1;41898160;39408647;18105032;49239;41434866;19514057;18943;0;15
FR;1;2022-01-07;31578;75007;349859;1538;34412;394002;1822;0;1;41929738;39483654;18454891;50777;41469278;19908059;20765;0;16
FR;1;2022-01-08;23389;51368;222504;698;25585;251131;913;0;1;41953127;39535022;18677395;51475;41494863;20159190;21678;0;17
FR;1;2022-01-09;7092;17147;66029;163;8181;76136;335;0;0;41960219;39552169;18743424;51638;41503044;20235326;22013;0;17
FR;1;2022-01-10;21801;60611;236817;957;32941;267613;1257;0;1;41982020;39612780;18980241;52595;41535985;20502939;23270;0;18
FR;1;2022-01-11;26774;63453;282322;1280;31218;317840;1836;0;1;42008794;39676233;19262563;53875;41567203;20820779;25106;0;19
FR;1;2022-01-12;28962;62501;246289;1106;35065;278077;1686;0;3;42037756;39738734;19508852;54981;41602268;21098856;26792;0;22
FR;1;2022-01-13;24787;60178;262817;1253;30054;296136;1993;0;4;42062543;39798912;19771669;56234;41632322;21394992;28785;0;26
FR;1;2022-01-14;27969;66715;314037;1366;32137;351289;2475;0;1;42090512;39865627;20085706;57600;41664459;21746281;31260;0;27
FR;1;2022-01-15;19371;44420;199323;618;22472;223862;1362;0;1;42109883;39910047;20285029;58218;41686931;21970143;32622;0;28
FR;1;2022-01-16;5162;12967;51531;135;6026;59558;337;0;0;42115045;39923014;20336560;58353;41692957;22029701;32959;0;28
FR;1;2022-01-17;16872;39690;184845;783;20129;206834;1691;0;2;42131917;39962704;20521405;59136;41713086;22236535;34650;0;30
FR;1;2022-01-18;19454;45971;212441;1154;22990;237046;2457;0;1;42151371;40008675;20733846;60290;41736076;22473581;37107;0;31
FR;1;2022-01-19;20308;43965;176129;897;25486;197193;1976;0;4;42171679;40052640;20909975;61187;41761562;22670774;39083;0;35
FR;1;2022-01-20;16842;40575;183707;1147;20809;204757;2516;0;2;42188521;40093215;21093682;62334;41782371;22875531;41599;0;37
FR;1;2022-01-21;19919;47037;228974;1405;23908;253358;3107;0;1;42208440;40140252;21322656;63739;41806279;23128889;44706;0;38
FR;1;2022-01-22;13844;33338;144499;579;18439;161388;1403;0;2;42222284;40173590;21467155;64318;41824718;23290277;46109;0;40
FR;1;2022-01-23;3377;8770;33432;132;4578;38321;352;0;1;42225661;40182360;21500587;64450;41829296;23328598;46461;0;41
FR;1;2022-01-24;11813;32982;142233;717;17798;158275;2103;0;1;42237474;40215342;21642820;65167;41847094;23486873;48564;0;42
FR;1;2022-01-25;14214;38173;163423;1049;20290;181565;3181;0;1;42251688;40253515;21806243;66216;41867384;23668438;51745;0;43
FR;1;2022-01-26;14863;37721;150260;933;22642;166379;2516;0;1;42266551;40291236;21956503;67149;41890026;23834817;54261;0;44
FR;1;2022-01-27;12340;33320;143468;896;18496;158034;3230;0;3;42278891;40324556;22099971;68045;41908522;23992851;57491;0;47
FR;1;2022-01-28;16328;56923;198324;1144;32673;222392;4006;0;3;42295219;40381479;22298295;69189;41941195;24215243;61497;0;50
FR;1;2022-01-29;10269;35473;135210;525;19612;151539;1880;0;1;42305488;40416952;22433505;69714;41960807;24366782;63377;0;51
FR;1;2022-01-30;2485;9263;29685;86;4833;34451;434;0;1;42307973;40426215;22463190;69800;41965640;24401233;63811;0;52
FR;1;2022-01-31;8758;32482;104351;533;19481;117359;2340;0;3;42316731;40458697;22567541;70333;41985121;24518592;66151;0;55
FR;1;2022-02-01;10998;36460;127087;865;20640;141225;4327;0;1;42327729;40495157;22694628;71198;42005761;24659817;70478;0;56
FR;1;2022-02-02;12055;41581;130362;782;25267;145822;3774;0;9;42339784;40536738;22824990;71980;42031028;24805639;74252;0;65
FR;1;2022-02-03;9385;34054;117027;785;19114;130340;4288;0;4;42349169;40570792;22942017;72765;42050142;24935979;78540;0;69
FR;1;2022-02-04;11535;49056;172585;967;26347;192729;5485;0;5;42360704;40619848;23114602;73732;42076489;25128708;84025;0;74
FR;1;2022-02-05;7999;33926;117590;391;18174;133029;2416;0;3;42368703;40653774;23232192;74123;42094663;25261737;86441;0;77
FR;1;2022-02-06;1706;7996;22753;86;3871;26907;444;0;0;42370409;40661770;23254945;74209;42098534;25288644;86885;0;77
FR;1;2022-02-07;7348;35399;119112;459;18175;134979;3397;0;4;42377757;40697169;23374057;74668;42116709;25423623;90282;0;81
FR;1;2022-02-08;7768;31958;125666;695;14890;140655;4301;0;5;42385525;40729127;23499723;75363;42131599;25564278;94583;0;86
FR;1;2022-02-09;8651;36520;135261;701;17918;152506;3883;0;7;42394176;40765647;23634984;76064;42149517;25716784;98466;0;93
FR;1;2022-02-10;7023;30133;116381;676;13896;130170;4444;0;1;42401199;40795780;23751365;76740;42163413;25846954;102910;0;94
FR;1;2022-02-11;8658;41557;165147;878;18367;185371;5430;0;3;42409857;40837337;23916512;77618;42181780;26032325;108340;0;97
FR;1;2022-02-12;5345;27613;106714;379;12535;120899;2396;0;2;42415202;40864950;24023226;77997;42194315;26153224;110736;0;99
FR;1;2022-02-13;1269;5720;21718;66;2187;25336;402;0;3;42416471;40870670;24044944;78063;42196502;26178560;111138;0;102
FR;1;2022-02-14;5458;27226;118092;394;10642;133120;3384;0;4;42421929;40897896;24163036;78457;42207144;26311680;114522;0;106
FR;1;2022-02-15;5792;28867;118939;611;12213;132572;4882;0;1;42427721;40926763;24281975;79068;42219357;26444252;119404;0;107
FR;1;2022-02-16;5760;28491;110424;596;13757;123054;4152;0;3;42433481;40955254;24392399;79664;42233114;26567306;123556;0;110
FR;1;2022-02-17;4613;19742;73148;489;10126;80253;3998;0;3;42438094;40974996;24465547;80153;42243240;26647559;127554;0;113
FR;1;2022-02-18;5611;26791;99205;673;14164;108165;5519;0;2;42443705;41001787;24564752;80826;42257404;26755724;133073;0;115
FR;1;2022-02-19;3551;17178;59477;304;9570;66058;2266;0;0;42447256;41018965;24624229;81130;42266974;26821782;135339;0;115
FR;1;2022-02-20;791;3257;10706;36;1650;12333;360;0;1;42448047;41022222;24634935;81166;42268624;26834115;135699;0;116
FR;1;2022-02-21;3430;14594;52831;286;7917;57677;3126;0;2;42451477;41036816;24687766;81452;42276541;26891792;138825;0;118
FR;1;2022-02-22;3799;15544;51918;500;9041;55656;4070;0;1;42455276;41052360;24739684;81952;42285582;26947448;142895;0;119
FR;1;2022-02-23;4233;17825;57482;509;10744;62582;3569;0;3;42459509;41070185;24797166;82461;42296326;27010030;146464;0;122
FR;1;2022-02-24;3344;13138;43618;436;7832;46409;3657;0;2;42462853;41083323;24840784;82897;42304158;27056439;150121;0;124
FR;1;2022-02-25;4475;20007;64924;697;12125;68796;5767;0;4;42467328;41103330;24905708;83594;42316283;27125235;155888;0;128
FR;1;2022-02-26;2697;12803;41371;310;7650;45124;2494;0;2;42470025;41116133;24947079;83904;42323933;27170359;158382;0;130
FR;1;2022-02-27;644;2190;7130;42;1206;7995;431;0;0;42470669;41118323;24954209;83946;42325139;27178354;158813;0;130
FR;1;2022-02-28;2612;10493;34965;306;6074;37391;3124;0;0;42473281;41128816;24989174;84252;42331213;27215745;161937;0;130
FR;1;2022-03-01;3583;10756;38705;391;6360;39660;4549;0;4;42476864;41139572;25027879;84643;42337573;27255405;166486;0;134
FR;1;2022-03-02;3680;12187;41867;398;7454;43937;4110;0;1;42480544;41151759;25069746;85041;42345027;27299342;170596;0;135
FR;1;2022-03-03;2462;7988;26182;328;5244;26520;3379;0;1;42483006;41159747;25095928;85369;42350271;27325862;173975;0;136
FR;1;2022-03-04;2687;10521;35453;594;6951;34951;5277;0;3;42485693;41170268;25131381;85963;42357222;27360813;179252;0;139
FR;1;2022-03-05;1823;6364;21970;280;4202;22369;2571;0;1;42487516;41176632;25153351;86243;42361424;27383182;181823;0;140
FR;1;2022-03-06;359;957;2917;38;603;3120;327;0;0;42487875;41177589;25156268;86281;42362027;27386302;182150;0;140
FR;1;2022-03-07;1813;4721;16439;245;3044;15906;2831;0;4;42489688;41182310;25172707;86526;42365071;27402208;184981;0;144
FR;1;2022-03-08;1715;5258;17170;309;3669;15998;3472;0;3;42491403;41187568;25189877;86835;42368740;27418206;188453;0;147
FR;1;2022-03-09;1988;6677;19813;370;4753;19171;3422;0;4;42493391;41194245;25209690;87205;42373493;27437377;191875;0;151
FR;1;2022-03-10;1414;5011;15295;308;3663;14333;2943;0;2;42494805;41199256;25224985;87513;42377156;27451710;194818;0;153
FR;1;2022-03-11;1760;6407;21717;487;4441;19870;4739;0;1;42496565;41205663;25246702;88000;42381597;27471580;199557;0;154
FR;1;2022-03-12;1262;4653;15366;281;3095;14915;2686;0;2;42497827;41210316;25262068;88281;42384692;27486495;202243;0;156
FR;1;2022-03-13;257;612;2120;119;412;2066;468;0;0;42498084;41210928;25264188;88400;42385104;27488561;202711;0;156
FR;1;2022-03-14;1155;3678;13406;3882;2293;12528;6342;0;8;42499239;41214606;25277594;92282;42387397;27501089;209053;0;164
FR;1;2022-03-15;1409;5736;14662;6865;4319;13259;9846;0;8;42500648;41220342;25292256;99147;42391716;27514348;218899;0;172
FR;1;2022-03-16;1695;5085;17394;11520;3596;16459;14125;0;6;42502343;41225427;25309650;110667;42395312;27530807;233024;0;178
FR;1;2022-03-17;1176;3439;11733;9648;2365;10827;11732;0;8;42503519;41228866;25321383;120315;42397677;27541634;244756;0;186
FR;1;2022-03-18;1726;4929;17976;16507;3323;16415;19721;0;14;42505245;41233795;25339359;136822;42401000;27558049;264477;0;200
FR;1;2022-03-19;1126;3300;11890;8460;2276;11359;10142;0;6;42506371;41237095;25351249;145282;42403276;27569408;274619;0;206
FR;1;2022-03-20;224;559;1725;1014;361;1759;1224;0;2;42506595;41237654;25352974;146296;42403637;27571167;275843;0;208
FR;1;2022-03-21;1087;2767;11503;13461;1788;10852;15142;0;10;42507682;41240421;25364477;159757;42405425;27582019;290985;0;218
FR;1;2022-03-22;1282;3212;12260;18716;2153;11248;20619;0;5;42508964;41243633;25376737;178473;42407578;27593267;311604;0;223
FR;1;2022-03-23;1511;4357;16031;20111;2953;15712;21882;0;34;42510475;41247990;25392768;198584;42410531;27608979;333486;0;257
FR;1;2022-03-24;1117;2754;10401;16058;1910;9663;17562;0;15;42511592;41250744;25403169;214642;42412441;27618642;351048;0;272
FR;1;2022-03-25;1536;4361;16751;25315;2879;15403;27959;0;23;42513128;41255105;25419920;239957;42415320;27634045;379007;0;295
FR;1;2022-03-26;1110;3014;10856;11450;2063;10517;12862;0;20;42514238;41258119;25430776;251407;42417383;27644562;391869;0;315
FR;1;2022-03-27;236;546;1751;1383;335;1804;1594;0;1;42514474;41258665;25432527;252790;42417718;27646366;393463;0;316
FR;1;2022-03-28;1082;2489;9979;15885;1556;9602;17228;0;10;42515556;41261154;25442506;268675;42419274;27655968;410691;0;326
FR;1;2022-03-29;1142;2748;11560;25110;1599;10924;26507;0;30;42516698;41263902;25454066;293785;42420873;27666892;437198;0;356
FR;1;2022-03-30;1631;3613;14171;24228;2386;13711;25892;0;19;42518329;41267515;25468237;318013;42423259;27680603;463090;0;375
FR;1;2022-03-31;1279;3016;11699;22686;2042;11214;24006;0;40;42519608;41270531;25479936;340699;42425301;27691817;487096;0;415
FR;1;2022-04-01;2234;4022;18488;28532;2477;17358;30804;0;53;42521842;41274553;25498424;369231;42427778;27709175;517900;0;468
FR;1;2022-04-02;910;1890;8195;9238;1106;7954;10231;0;28;42522752;41276443;25506619;378469;42428884;27717129;528131;0;496
FR;1;2022-04-03;207;381;1433;1058;219;1434;1249;0;1;42522959;41276824;25508052;379527;42429103;27718563;529380;0;497
FR;1;2022-04-04;3122;2520;11375;17681;1606;10768;18899;0;30;42526081;41279344;25519427;397208;42430709;27729331;548279;0;527
FR;1;2022-04-05;2194;2711;13002;31220;1696;12028;32600;0;68;42528275;41282055;25532429;428428;42432405;27741359;580879;0;595
FR;1;2022-04-06;1855;3009;12204;23943;1915;11640;25241;0;62;42530130;41285064;25544633;452371;42434320;27752999;606120;0;657
FR;1;2022-04-07;1654;2742;12356;31084;1642;11822;32159;0;68;42531784;41287806;25556989;483455;42435962;27764821;638279;0;725
FR;1;2022-04-08;1807;3680;17564;40639;2069;16490;42693;0;76;42533591;41291486;25574553;524094;42438031;27781311;680972;0;801
FR;1;2022-04-09;822;1997;8404;12503;1074;8104;13502;0;26;42534413;41293483;25582957;536597;42439105;27789415;694474;0;827
FR;1;2022-04-10;201;653;1836;1855;418;1882;2075;0;6;42534614;41294136;25584793;538452;42439523;27791297;696549;0;833
FR;1;2022-04-11;1094;2255;10970;22351;1305;10687;23458;0;68;42535708;41296391;25595763;560803;42440828;27801984;720007;0;901
FR;1;2022-04-12;1346;2671;12825;38136;1585;12314;38887;0;119;42537054;41299062;25608588;598939;42442413;27814298;758894;0;1020
FR;1;2022-04-13;1283;2893;12278;30622;1788;12009;31394;0;85;42538337;41301955;25620866;629561;42444201;27826307;790288;0;1105
FR;1;2022-04-14;1232;2592;12118;33631;1595;12132;34068;0;88;42539569;41304547;25632984;663192;42445796;27838439;824356;0;1193
FR;1;2022-04-15;1500;3264;14405;33265;2082;13808;34668;0;107;42541069;41307811;25647389;696457;42447878;27852247;859024;0;1300
FR;1;2022-04-16;660;1408;5845;8003;766;5776;8757;0;31;42541729;41309219;25653234;704460;42448644;27858023;867781;0;1331
FR;1;2022-04-17;156;289;930;1121;176;975;1171;0;7;42541885;41309508;25654164;705581;42448820;27858998;868952;0;1338
FR;1;2022-04-18;167;480;2636;1002;297;2659;1187;0;5;42542052;41309988;25656800;706583;42449117;27861657;870139;0;1343
FR;1;2022-04-19;1258;2609;11787;27932;1498;11517;28788;0;69;42543310;41312597;25668587;734515;42450615;27873174;898927;0;1412
FR;1;2022-04-20;1354;2670;12176;26880;1672;12027;27706;0;82;42544664;41315267;25680763;761395;42452287;27885201;926633;0;1494
FR;1;2022-04-21;1243;2461;11550;33260;1510;11766;33612;0;107;42545907;41317728;25692313;794655;42453797;27896967;960245;0;1601
FR;1;2022-04-22;1527;3085;15216;35502;1920;14794;36699;0;120;42547434;41320813;25707529;830157;42455717;27911761;996944;0;1721
FR;1;2022-04-23;765;1581;6736;9894;917;6642;10578;0;30;42548199;41322394;25714265;840051;42456634;27918403;1007522;0;1751
FR;1;2022-04-24;196;377;1374;1522;241;1328;1746;0;7;42548395;41322771;25715639;841573;42456875;27919731;1009268;0;1758
FR;1;2022-04-25;1041;2129;9856;19733;1252;9756;20555;0;64;42549436;41324900;25725495;861306;42458127;27929487;1029823;0;1822
FR;1;2022-04-26;1351;2623;12604;36592;1604;12204;37179;0;163;42550787;41327523;25738099;897898;42459731;27941691;1067002;0;1985
FR;1;2022-04-27;1330;2406;10653;29245;1464;10789;29631;0;122;42552117;41329929;25748752;927143;42461195;27952480;1096633;0;2107
FR;1;2022-04-28;1284;2410;11561;34297;1517;11403;34446;0;127;42553401;41332339;25760313;961440;42462712;27963883;1131079;0;2234
FR;1;2022-04-29;1612;4278;14404;35562;3151;13857;36851;0;153;42555013;41336617;25774717;997002;42465863;27977740;1167930;0;2387
FR;1;2022-04-30;836;3228;6446;9173;2657;6289;9974;0;35;42555849;41339845;25781163;1006175;42468520;27984029;1177904;0;2422
FR;1;2022-05-01;177;288;832;949;190;826;1078;0;5;42556026;41340133;25781995;1007124;42468710;27984855;1178982;0;2427
FR;1;2022-05-02;1971;2608;10378;16949;1764;10301;17631;0;64;42557997;41342741;25792373;1024073;42470474;27995156;1196613;0;2491
FR;1;2022-05-03;1676;2874;12710;32895;1758;12602;33694;0;149;42559673;41345615;25805083;1056968;42472232;28007758;1230307;0;2640
FR;1;2022-05-04;1375;2744;11231;23815;1689;11393;24353;0;96;42561048;41348359;25816314;1080783;42473921;28019151;1254660;0;2736
FR;1;2022-05-05;1487;2723;12200;31854;1708;12123;32402;0;170;42562535;41351082;25828514;1112637;42475629;28031274;1287062;0;2906
FR;1;2022-05-06;1821;3234;14237;34937;1911;13820;36200;0;166;42564356;41354316;25842751;1147574;42477540;28045094;1323262;0;3072
FR;1;2022-05-07;859;1472;5979;9097;878;6013;9731;0;44;42565215;41355788;25848730;1156671;42478418;28051107;1332993;0;3116
FR;1;2022-05-08;190;329;1060;1472;222;1122;1548;0;8;42565405;41356117;25849790;1158143;42478640;28052229;1334541;0;3124
FR;1;2022-05-09;1153;2016;9248;19262;1156;9162;20035;0;93;42566558;41358133;25859038;1177405;42479796;28061391;1354576;0;3217
FR;1;2022-05-10;1501;3039;12620;37145;1949;12219;38043;0;177;42568059;41361172;25871658;1214550;42481745;28073610;1392619;0;3394
FR;1;2022-05-11;1439;2474;9911;26036;1692;9859;26558;0;138;42569498;41363646;25881569;1240586;42483437;28083469;1419177;0;3532
FR;1;2022-05-12;1325;2445;10525;33631;1537;10226;34274;0;188;42570823;41366091;25892094;1274217;42484974;28093695;1453451;0;3720
FR;1;2022-05-13;1616;2805;12767;35852;1683;12415;36947;0;149;42572439;41368896;25904861;1310069;42486657;28106110;1490398;0;3869
FR;1;2022-05-14;782;1322;5481;10216;807;5365;10731;0;51;42573221;41370218;25910342;1320285;42487464;28111475;1501129;0;3920
FR;1;2022-05-15;223;420;1182;1352;244;1252;1497;0;5;42573444;41370638;25911524;1321637;42487708;28112727;1502626;0;3925
FR;1;2022-05-16;971;1784;8079;20137;1003;8143;20550;0;117;42574415;41372422;25919603;1341774;42488711;28120870;1523176;0;4042
FR;1;2022-05-17;1294;2300;11122;36186;1383;10727;36971;0;172;42575709;41374722;25930725;1377960;42490094;28131597;1560147;0;4214
FR;1;2022-05-18;1313;2134;9039;25727;1366;8990;26285;0;99;42577022;41376856;25939764;1403687;42491460;28140587;1586432;0;4313
FR;1;2022-05-19;1202;2402;9853;33997;1410;9948;34199;0;150;42578224;41379258;25949617;1437684;42492870;28150535;1620631;0;4463
FR;1;2022-05-20;1561;2755;12529;37656;1718;12111;38515;0;151;42579785;41382013;25962146;1475340;42494588;28162646;1659146;0;4614
FR;1;2022-05-21;774;1377;5247;9374;868;5165;9943;0;37;42580559;41383390;25967393;1484714;42495456;28167811;1669089;0;4651
FR;1;2022-05-22;193;292;951;1397;204;951;1519;0;10;42580752;41383682;25968344;1486111;42495660;28168762;1670608;0;4661
FR;1;2022-05-23;971;1886;8370;19410;1173;8345;20027;0;79;42581723;41385568;25976714;1505521;42496833;28177107;1690635;0;4740
FR;1;2022-05-24;1288;2449;10726;37248;1441;10595;37822;0;173;42583011;41388017;25987440;1542769;42498274;28187702;1728457;0;4913
FR;1;2022-05-25;1273;2298;8792;23693;1424;8956;24055;0;111;42584284;41390315;25996232;1566462;42499698;28196658;1752512;0;5024
FR;1;2022-05-26;174;380;1585;1155;257;1578;1289;0;24;42584458;41390695;25997817;1567617;42499955;28198236;1753801;0;5048
FR;1;2022-05-27;1117;2186;8788;20457;1371;8536;21410;0;84;42585575;41392881;26006605;1588074;42501326;28206772;1775211;0;5132
FR;1;2022-05-28;486;1055;3689;6540;623;3727;6928;0;37;42586061;41393936;26010294;1594614;42501949;28210499;1782139;0;5169
FR;1;2022-05-29;121;257;707;896;149;718;1005;0;4;42586182;41394193;26011001;1595510;42502098;28211217;1783144;0;5173
FR;1;2022-05-30;831;1739;6558;18535;1041;6590;18989;0;85;42587013;41395932;26017559;1614045;42503139;28217807;1802133;0;5258
FR;1;2022-05-31;1267;2237;9247;34370;1371;9116;34972;0;159;42588280;41398169;26026806;1648415;42504510;28226923;1837105;0;5417
FR;1;2022-06-01;1328;2598;10434;23459;1745;10296;24306;0;115;42589608;41400767;26037240;1671874;42506255;28237219;1861411;0;5532
FR;1;2022-06-02;1226;2306;10666;34153;1445;10245;34986;0;162;42590834;41403073;26047906;1706027;42507700;28247464;1896397;0;5694
FR;1;2022-06-03;1446;2739;12721;37108;1730;12141;38285;0;157;42592280;41405812;26060627;1743135;42509430;28259605;1934682;0;5851
FR;1;2022-06-04;682;1262;4749;8677;759;4825;9167;0;62;42592962;41407074;26065376;1751812;42510189;28264430;1943849;0;5913
FR;1;2022-06-05;134;292;810;1048;150;834;1153;0;3;42593096;41407366;26066186;1752860;42510339;28265264;1945002;0;5916
FR;1;2022-06-06;657;1169;2026;1251;994;2042;1426;0;9;42593753;41408535;26068212;1754111;42511333;28267306;1946428;0;5925
FR;1;2022-06-07;1231;2339;9179;34045;1434;8840;35143;0;143;42594984;41410874;26077391;1788156;42512767;28276146;1981571;0;6068
FR;1;2022-06-08;1129;2236;8673;27576;1401;8556;28446;0;107;42596113;41413110;26086064;1815732;42514168;28284702;2010017;0;6175
FR;1;2022-06-09;1074;2148;9988;37569;1281;9672;38336;0;148;42597187;41415258;26096052;1853301;42515449;28294374;2048353;0;6323
FR;1;2022-06-10;1337;2835;12407;43129;1800;11998;44358;0;201;42598524;41418093;26108459;1896430;42517249;28306372;2092711;0;6524
FR;1;2022-06-11;660;1451;5139;11084;798;5188;11613;0;50;42599184;41419544;26113598;1907514;42518047;28311560;2104324;0;6574
FR;1;2022-06-12;153;377;1017;1687;189;1075;1788;0;11;42599337;41419921;26114615;1909201;42518236;28312635;2106112;0;6585
FR;1;2022-06-13;928;1835;7015;22225;1128;6872;23066;0;84;42600265;41421756;26121630;1931426;42519364;28319507;2129178;0;6669
FR;1;2022-06-14;1103;2229;9840;42846;1308;9243;43938;0;186;42601368;41423985;26131470;1974272;42520672;28328750;2173116;0;6855
FR;1;2022-06-15;1086;2000;8785;29378;1353;8463;29935;0;168;42602454;41425985;26140255;2003650;42522025;28337213;2203051;0;7023
FR;1;2022-06-16;955;1836;9399;38506;1058;8878;39413;0;188;42603409;41427821;26149654;2042156;42523083;28346091;2242464;0;7211
FR;1;2022-06-17;1225;2560;11905;44856;1472;11366;46001;0;224;42604634;41430381;26161559;2087012;42524555;28357457;2288465;0;7435
FR;1;2022-06-18;562;1276;4318;10543;716;4257;11085;0;62;42605196;41431657;26165877;2097555;42525271;28361714;2299550;0;7497
FR;1;2022-06-19;137;325;1003;1543;173;1082;1609;0;12;42605333;41431982;26166880;2099098;42525444;28362796;2301159;0;7509
FR;1;2022-06-20;860;1703;8492;25048;1001;8156;25910;0;143;42606193;41433685;26175372;2124146;42526445;28370952;2327069;0;7652
FR;1;2022-06-21;1101;2137;9765;47757;1251;8855;49103;0;241;42607294;41435822;26185137;2171903;42527696;28379807;2376172;0;7893
FR;1;2022-06-22;1044;2068;8434;37154;1296;7953;38016;0;231;42608338;41437890;26193571;2209057;42528992;28387760;2414188;0;8124
FR;1;2022-06-23;1055;2176;10125;52809;1207;9408;53818;0;290;42609393;41440066;26203696;2261866;42530199;28397168;2468006;0;8414
FR;1;2022-06-24;1251;2716;12913;65963;1485;11698;67634;0;367;42610644;41442782;26216609;2327829;42531684;28408866;2535640;0;8781
FR;1;2022-06-25;683;1505;5928;18923;792;5709;19721;0;163;42611327;41444287;26222537;2346752;42532476;28414575;2555361;0;8944
FR;1;2022-06-26;167;405;1817;3494;190;1713;3730;0;34;42611494;41444692;26224354;2350246;42532666;28416288;2559091;0;8978
FR;1;2022-06-27;941;1773;9900;45977;939;9125;47112;0;300;42612435;41446465;26234254;2396223;42533605;28425413;2606203;0;9278
FR;1;2022-06-28;1214;2572;13839;86560;1378;12403;88246;0;569;42613649;41449037;26248093;2482783;42534983;28437816;2694449;0;9847
FR;1;2022-06-29;1242;2289;11480;67397;1252;10547;68443;0;487;42614891;41451326;26259573;2550180;42536235;28448363;2762892;0;10334
FR;1;2022-06-30;1287;2474;13516;89967;1421;11825;91765;0;645;42616178;41453800;26273089;2640147;42537656;28460188;2854657;0;10979
FR;1;2022-07-01;1649;3476;20306;109193;1988;17966;111584;0;859;42617827;41457276;26293395;2749340;42539644;28478154;2966241;0;11838
FR;1;2022-07-02;768;1524;8021;33773;747;7251;34799;0;315;42618595;41458800;26301416;2783113;42540391;28485405;3001040;0;12153
FR;1;2022-07-03;228;480;1941;6118;255;1757;6444;0;71;42618823;41459280;26303357;2789231;42540646;28487162;3007484;0;12224
FR;1;2022-07-04;1456;3106;13928;75410;1985;12359;77296;0;589;42620279;41462386;26317285;2864641;42542631;28499521;3084780;0;12813
FR;1;2022-07-05;1447;2849;17689;126359;1502;15145;128474;0;1059;42621726;41465235;26334974;2991000;42544133;28514666;3213254;0;13872
FR;1;2022-07-06;1356;2397;14880;93726;1377;12902;95161;0;815;42623082;41467632;26349854;3084726;42545510;28527568;3308415;0;14687
FR;1;2022-07-07;1437;2538;16928;119488;1407;14000;121581;0;1073;42624519;41470170;26366782;3204214;42546917;28541568;3429996;0;15760
FR;1;2022-07-08;1531;2822;19608;129996;1536;15970;132803;0;1220;42626050;41472992;26386390;3334210;42548453;28557538;3562799;0;16980
FR;1;2022-07-09;662;1277;7306;36018;697;6347;36808;0;392;42626712;41474269;26393696;3370228;42549150;28563885;3599607;0;17372
FR;1;2022-07-10;240;611;2240;6689;366;2032;7068;0;89;42626952;41474880;26395936;3376917;42549516;28565917;3606675;0;17461
FR;1;2022-07-11;1222;2232;14317;84445;1168;11938;86556;0;734;42628174;41477112;26410253;3461362;42550684;28577855;3693231;0;18195
FR;1;2022-07-12;1582;2798;19462;137417;1434;15901;139906;0;1485;42629756;41479910;26429715;3598779;42552118;28593756;3833137;0;19680
FR;1;2022-07-13;1440;2436;14788;89833;1315;12639;91519;0;1002;42631196;41482346;26444503;3688612;42553433;28606395;3924656;0;20682
FR;1;2022-07-14;161;350;1864;5288;195;1773;5435;0;74;42631357;41482696;26446367;3693900;42553628;28608168;3930091;0;20756
FR;1;2022-07-15;1264;2306;14361;80591;1188;12004;82595;0;960;42632621;41485002;26460728;3774491;42554816;28620172;4012686;0;21716
FR;1;2022-07-16;509;1060;5639;23945;552;4893;24585;0;302;42633130;41486062;26466367;3798436;42555368;28625065;4037271;0;22018
FR;1;2022-07-17;163;367;1655;4463;192;1499;4726;0;60;42633293;41486429;26468022;3802899;42555560;28626564;4041997;0;22078
FR;1;2022-07-18;973;2034;11298;59274;1143;9569;60997;0;715;42634266;41488463;26479320;3862173;42556703;28636133;4102994;0;22793
FR;1;2022-07-19;1227;2126;14690;99420;1189;11723;101415;0;1386;42635493;41490589;26494010;3961593;42557892;28647856;4204409;0;24179
FR;1;2022-07-20;1182;2003;12371;74366;1171;10281;75853;0;964;42636675;41492592;26506381;4035959;42559063;28658137;4280262;0;25143
FR;1;2022-07-21;1133;1951;12414;84539;1185;9990;85904;0;1211;42637808;41494543;26518795;4120498;42560248;28668127;4366166;0;26354
FR;1;2022-07-22;1263;2228;14097;85938;1245;11427;87674;0;1263;42639071;41496771;26532892;4206436;42561493;28679554;4453840;0;27617
FR;1;2022-07-23;546;1091;5235;21295;632;4610;21838;0;374;42639617;41497862;26538127;4227731;42562125;28684164;4475678;0;27991
FR;1;2022-07-24;148;305;1325;3699;152;1167;3923;0;65;42639765;41498167;26539452;4231430;42562277;28685331;4479601;0;28056
FR;1;2022-07-25;889;1628;9074;46111;979;7522;47487;0;680;42640654;41499795;26548526;4277541;42563256;28692853;4527088;0;28736
FR;1;2022-07-26;1130;1960;12679;81962;1116;10335;83575;0;1198;42641784;41501755;26561205;4359503;42564372;28703188;4610663;0;29934
FR;1;2022-07-27;1016;1727;9759;58519;1041;8139;59700;0;874;42642800;41503482;26570964;4418022;42565413;28711327;4670363;0;30808
FR;1;2022-07-28;980;1703;9853;61901;1109;7847;63129;0;967;42643780;41505185;26580817;4479923;42566522;28719174;4733492;0;31775
FR;1;2022-07-29;1111;1837;10456;62984;1162;8381;64298;0;1066;42644891;41507022;26591273;4542907;42567684;28727555;4797790;0;32841
FR;1;2022-07-30;392;719;3349;14491;435;2849;14851;0;279;42645283;41507741;26594622;4557398;42568119;28730404;4812641;0;33120
FR;1;2022-07-31;140;263;900;2335;158;766;2477;0;47;42645423;41508004;26595522;4559733;42568277;28731170;4815118;0;33167
FR;1;2022-08-01;757;1402;7255;28963;1018;6117;29955;0;519;42646180;41509406;26602777;4588696;42569295;28737287;4845073;0;33686
FR;1;2022-08-02;904;1480;8232;54031;994;6626;54682;0;1090;42647084;41510886;26611009;4642727;42570289;28743913;4899755;0;34776
FR;1;2022-08-03;727;1105;6151;37042;749;4935;37771;0;644;42647811;41511991;26617160;4679769;42571038;28748848;4937526;0;35420
FR;1;2022-08-04;647;1076;6256;41446;693;5049;42001;0;850;42648458;41513067;26623416;4721215;42571731;28753897;4979527;0;36270
FR;1;2022-08-05;742;1196;6762;43069;806;5431;43699;0;933;42649200;41514263;26630178;4764284;42572537;28759328;5023226;0;37203
FR;1;2022-08-06;274;461;1991;8998;301;1672;9190;0;218;42649474;41514724;26632169;4773282;42572838;28761000;5032416;0;37421
FR;1;2022-08-07;89;145;520;1552;101;436;1629;0;35;42649563;41514869;26632689;4774834;42572939;28761436;5034045;0;37456
FR;1;2022-08-08;505;982;3800;21217;736;3134;21624;0;457;42650068;41515851;26636489;4796051;42573675;28764570;5055669;0;37913
FR;1;2022-08-09;614;1041;5682;38471;731;4557;38965;0;794;42650682;41516892;26642171;4834522;42574406;28769127;5094634;0;38707
FR;1;2022-08-10;542;1067;4435;26912;768;3635;27226;0;601;42651224;41517959;26646606;4861434;42575174;28772762;5121860;0;39308
FR;1;2022-08-11;545;917;4308;28205;628;3582;28533;0;634;42651769;41518876;26650914;4889639;42575802;28776344;5150393;0;39942
FR;1;2022-08-12;610;1031;4549;27164;705;3757;27575;0;668;42652379;41519907;26655463;4916803;42576507;28780101;5177968;0;40610
FR;1;2022-08-13;192;366;1248;5108;259;1065;5279;0;116;42652571;41520273;26656711;4921911;42576766;28781166;5183247;0;40726
FR;1;2022-08-14;66;115;276;871;96;235;941;0;24;42652637;41520388;26656987;4922782;42576862;28781401;5184188;0;40750
FR;1;2022-08-15;83;177;571;542;146;532;593;0;16;42652720;41520565;26657558;4923324;42577008;28781933;5184781;0;40766
FR;1;2022-08-16;529;940;3787;21486;698;3217;21686;0;582;42653249;41521505;26661345;4944810;42577706;28785150;5206467;0;41348
FR;1;2022-08-17;534;900;3766;22148;668;3193;22389;0;579;42653783;41522405;26665111;4966958;42578374;28788343;5228856;0;41927
FR;1;2022-08-18;545;883;3927;25436;683;3129;25654;0;630;42654328;41523288;26669038;4992394;42579057;28791472;5254510;0;42557
FR;1;2022-08-19;535;1042;4369;26542;742;3601;26850;0;732;42654863;41524330;26673407;5018936;42579799;28795073;5281360;0;43289
FR;1;2022-08-20;234;415;1289;5371;315;1106;5524;0;138;42655097;41524745;26674696;5024307;42580114;28796179;5286884;0;43427
FR;1;2022-08-21;84;110;284;989;75;250;1012;0;27;42655181;41524855;26674980;5025296;42580189;28796429;5287896;0;43454
FR;1;2022-08-22;488;890;3141;14953;661;2713;15229;0;411;42655669;41525745;26678121;5040249;42580850;28799142;5303125;0;43865
FR;1;2022-08-23;643;1060;4153;28318;745;3486;28397;0;830;42656312;41526805;26682274;5068567;42581595;28802628;5331522;0;44695
FR;1;2022-08-24;557;829;3401;19060;650;2770;19245;0;587;42656869;41527634;26685675;5087627;42582245;28805398;5350767;0;45282
FR;1;2022-08-25;563;924;3826;22919;644;3209;23148;0;655;42657432;41528558;26689501;5110546;42582889;28808607;5373915;0;45937
FR;1;2022-08-26;748;1129;4345;25155;804;3561;25531;0;745;42658180;41529687;26693846;5135701;42583693;28812168;5399446;0;46682
FR;1;2022-08-27;219;431;1323;5302;275;1191;5356;0;192;42658399;41530118;26695169;5141003;42583968;28813359;5404802;0;46874
FR;1;2022-08-28;111;145;298;898;104;280;947;0;33;42658510;41530263;26695467;5141901;42584072;28813639;5405749;0;46907
FR;1;2022-08-29;503;856;2976;14248;632;2515;14558;0;409;42659013;41531119;26698443;5156149;42584704;28816154;5420307;0;47316
FR;1;2022-08-30;740;1098;4624;27711;776;3774;28032;0;793;42659753;41532217;26703067;5183860;42585480;28819928;5448339;0;48109
FR;1;2022-08-31;585;831;3109;17232;609;2619;17494;0;483;42660338;41533048;26706176;5201092;42586089;28822547;5465833;0;48592
FR;1;2022-09-01;675;919;4326;21873;646;3685;22135;0;586;42661013;41533967;26710502;5222965;42586735;28826232;5487968;0;49178
FR;1;2022-09-02;775;1047;4880;27864;743;4076;28151;0;882;42661788;41535014;26715382;5250829;42587478;28830308;5516119;0;50060
FR;1;2022-09-03;318;505;1831;5874;344;1592;6103;0;174;42662106;41535519;26717213;5256703;42587822;28831900;5522222;0;50234
FR;1;2022-09-04;107;137;341;842;74;334;912;0;21;42662213;41535656;26717554;5257545;42587896;28832234;5523134;0;50255
FR;1;2022-09-05;588;696;3032;15687;518;2538;15970;0;499;42662801;41536352;26720586;5273232;42588414;28834772;5539104;0;50754
FR;1;2022-09-06;726;937;4568;31059;585;3707;31280;0;1002;42663527;41537289;26725154;5304291;42588999;28838479;5570384;0;51756
FR;1;2022-09-07;541;688;2920;16442;448;2423;16579;0;550;42664068;41537977;26728074;5320733;42589447;28840902;5586963;0;52306
FR;1;2022-09-08;571;786;3697;24203;531;3038;24282;0;796;42664639;41538763;26731771;5344936;42589978;28843940;5611245;0;53102
FR;1;2022-09-09;771;969;4303;26882;609;3591;27065;0;902;42665410;41539732;26736074;5371818;42590587;28847531;5638310;0;54004
FR;1;2022-09-10;330;473;1674;5587;302;1476;5777;0;204;42665740;41540205;26737748;5377405;42590889;28849007;5644087;0;54208
FR;1;2022-09-11;105;120;312;645;82;292;702;0;17;42665845;41540325;26738060;5378050;42590971;28849299;5644789;0;54225
FR;1;2022-09-12;450;591;2610;12948;412;2227;13228;0;462;42666295;41540916;26740670;5390998;42591383;28851526;5658017;0;54687
FR;1;2022-09-13;581;810;3867;25834;518;3380;25709;0;835;42666876;41541726;26744537;5416832;42591901;28854906;5683726;0;55522
FR;1;2022-09-14;570;696;2871;15694;480;2401;15930;0;537;42667446;41542422;26747408;5432526;42592381;28857307;5699656;0;56059
FR;1;2022-09-15;511;719;3337;23084;491;2844;23147;0;677;42667957;41543141;26750745;5455610;42592872;28860151;5722803;0;56736
FR;1;2022-09-16;719;935;4012;25333;618;3383;25534;0;891;42668676;41544076;26754757;5480943;42593490;28863534;5748337;0;57627
FR;1;2022-09-17;294;418;1393;5978;289;1218;6086;0;227;42668970;41544494;26756150;5486921;42593779;28864752;5754423;0;57854
FR;1;2022-09-18;99;124;310;923;101;278;979;0;33;42669069;41544618;26756460;5487844;42593880;28865030;5755402;0;57887
FR;1;2022-09-19;367;573;2134;12846;374;1830;12999;0;414;42669436;41545191;26758594;5500690;42594254;28866860;5768401;0;58301
FR;1;2022-09-20;557;805;3659;25829;551;3059;25867;0;853;42669993;41545996;26762253;5526519;42594805;28869919;5794268;0;59154
FR;1;2022-09-21;470;680;2625;15861;480;2253;15826;0;561;42670463;41546676;26764878;5542380;42595285;28872172;5810094;0;59715
FR;1;2022-09-22;537;763;3291;22949;503;2689;23139;0;742;42671000;41547439;26768169;5565329;42595788;28874861;5833233;0;60457
FR;1;2022-09-23;761;942;4350;28134;672;3631;28302;0;979;42671761;41548381;26772519;5593463;42596460;28878492;5861535;0;61436
FR;1;2022-09-24;352;534;1585;6694;375;1369;6866;0;300;42672113;41548915;26774104;5600157;42596835;28879861;5868401;0;61736
FR;1;2022-09-25;80;152;321;1071;105;293;1109;0;32;42672193;41549067;26774425;5601228;42596940;28880154;5869510;0;61768
FR;1;2022-09-26;382;644;2181;13060;422;1933;13154;0;412;42672575;41549711;26776606;5614288;42597362;28882087;5882664;0;62180
FR;1;2022-09-27;540;764;3458;25022;540;2793;25220;0;906;42673115;41550475;26780064;5639310;42597902;28884880;5907884;0;63086
FR;1;2022-09-28;518;713;2444;14964;499;2213;15053;0;597;42673633;41551188;26782508;5654274;42598401;28887093;5922937;0;63683
FR;1;2022-09-29;504;691;2983;20345;482;2508;20358;0;767;42674137;41551879;26785491;5674619;42598883;28889601;5943295;0;64450
FR;1;2022-09-30;680;970;3774;24422;671;3158;24670;0;969;42674817;41552849;26789265;5699041;42599554;28892759;5967965;0;65419
FR;1;2022-10-01;348;546;1902;5501;381;1658;5729;0;273;42675165;41553395;26791167;5704542;42599935;28894417;5973694;0;65692
FR;1;2022-10-02;53;119;204;567;81;204;588;0;29;42675218;41553514;26791371;5705109;42600016;28894621;5974282;0;65721
FR;1;2022-10-03;418;689;2203;10011;532;1947;10195;0;489;42675636;41554203;26793574;5715120;42600548;28896568;5984477;0;66210
FR;1;2022-10-04;547;699;2922;18922;465;2472;19010;0;1084;42676183;41554902;26796496;5734042;42601013;28899040;6003487;0;67294
FR;1;2022-10-05;429;686;2089;11106;457;1862;11239;0;723;42676612;41555588;26798585;5745148;42601470;28900902;6014726;0;68017
FR;1;2022-10-06;442;610;2493;15772;433;2058;15955;0;1060;42677054;41556198;26801078;5760920;42601903;28902960;6030681;0;69077
FR;1;2022-10-07;550;740;2693;16060;540;2309;16084;0;1160;42677604;41556938;26803771;5776980;42602443;28905269;6046765;0;70237
FR;1;2022-10-08;235;308;887;3170;239;775;3275;0;291;42677839;41557246;26804658;5780150;42602682;28906044;6050040;0;70528
FR;1;2022-10-09;76;87;150;461;77;134;487;0;50;42677915;41557333;26804808;5780611;42602759;28906178;6050527;0;70578
FR;1;2022-10-10;298;459;1316;4996;366;1234;5091;0;463;42678213;41557792;26806124;5785607;42603125;28907412;6055618;0;71041
FR;1;2022-10-11;317;438;1310;8084;326;1190;8185;0;757;42678530;41558230;26807434;5793691;42603451;28908602;6063803;0;71798
FR;1;2022-10-12;326;446;1064;5186;338;1059;5201;0;520;42678856;41558676;26808498;5798877;42603789;28909661;6069004;0;72318
FR;1;2022-10-13;324;404;1067;6075;315;922;6125;0;628;42679180;41559080;26809565;5804952;42604104;28910583;6075129;0;72946
FR;1;2022-10-14;408;531;1170;6710;447;1044;6778;0;675;42679588;41559611;26810735;5811662;42604551;28911627;6081907;0;73621
FR;1;2022-10-15;204;271;523;1860;224;505;1868;0;226;42679792;41559882;26811258;5813522;42604775;28912132;6083775;0;73847
FR;1;2022-10-16;47;62;111;293;44;118;312;0;48;42679839;41559944;26811369;5813815;42604819;28912250;6084087;0;73895
FR;1;2022-10-17;235;322;734;2652;256;689;2696;0;366;42680074;41560266;26812103;5816467;42605075;28912939;6086783;0;74261
FR;1;2022-10-18;262;315;952;4590;250;831;4691;0;865;42680336;41560581;26813055;5821057;42605325;28913770;6091474;0;75126
FR;1;2022-10-19;275;362;693;3181;295;662;3162;0;502;42680611;41560943;26813748;5824238;42605620;28914432;6094636;0;75628
FR;1;2022-10-20;278;323;891;4363;270;779;4401;0;771;42680889;41561266;26814639;5828601;42605890;28915211;6099037;0;76399
FR;1;2022-10-21;300;405;845;3804;358;739;3876;0;675;42681189;41561671;26815484;5832405;42606248;28915950;6102913;0;77074
FR;1;2022-10-22;135;176;306;1251;154;300;1216;0;210;42681324;41561847;26815790;5833656;42606402;28916250;6104129;0;77284
FR;1;2022-10-23;31;43;64;197;41;58;213;0;25;42681355;41561890;26815854;5833853;42606443;28916308;6104342;0;77309
FR;1;2022-10-24;272;231;476;1603;202;472;1659;0;306;42681627;41562121;26816330;5835456;42606645;28916780;6106001;0;77615
FR;1;2022-10-25;219;255;524;2650;222;446;2705;0;488;42681846;41562376;26816854;5838106;42606867;28917226;6108706;0;78103
FR;1;2022-10-26;234;244;389;1956;230;366;1962;0;435;42682080;41562620;26817243;5840062;42607097;28917592;6110668;0;78538
FR;1;2022-10-27;258;226;489;2167;197;508;2151;0;518;42682338;41562846;26817732;5842229;42607294;28918100;6112819;0;79056
FR;1;2022-10-28;309;316;531;2333;297;469;2399;0;478;42682647;41563162;26818263;5844562;42607591;28918569;6115218;0;79534
FR;1;2022-10-29;99;149;177;712;117;211;703;0;202;42682746;41563311;26818440;5845274;42607708;28918780;6115921;0;79736
FR;1;2022-10-30;38;41;62;183;33;56;189;0;38;42682784;41563352;26818502;5845457;42607741;28918836;6116110;0;79774
FR;1;2022-10-31;136;181;294;796;160;271;863;0;143;42682920;41563533;26818796;5846253;42607901;28919107;6116973;0;79917
FR;1;2022-11-01;42;119;762;115;103;760;135;0;18;42682962;41563652;26819558;5846368;42608004;28919867;6117108;0;79935
FR;1;2022-11-02;258;225;524;979;220;492;1042;0;355;42683220;41563877;26820082;5847347;42608224;28920359;6118150;0;80290
FR;1;2022-11-03;267;227;438;1377;213;398;1416;0;374;42683487;41564104;26820520;5848724;42608437;28920757;6119566;0;80664
FR;1;2022-11-04;230;257;421;1597;236;400;1635;0;438;42683717;41564361;26820941;5850321;42608673;28921157;6121201;0;81102
FR;1;2022-11-05;97;118;272;501;107;254;523;0;111;42683814;41564479;26821213;5850822;42608780;28921411;6121724;0;81213
FR;1;2022-11-06;36;42;32;131;41;35;129;0;33;42683850;41564521;26821245;5850953;42608821;28921446;6121853;0;81246
FR;1;2022-11-07;183;202;290;891;190;281;937;0;211;42684033;41564723;26821535;5851844;42609011;28921727;6122790;0;81457
FR;1;2022-11-08;196;234;457;1677;222;403;1705;0;519;42684229;41564957;26821992;5853521;42609233;28922130;6124495;0;81976
FR;1;2022-11-09;183;208;333;1102;195;299;1139;0;458;42684412;41565165;26822325;5854623;42609428;28922429;6125634;0;82434
FR;1;2022-11-10;207;268;428;1678;257;437;1665;0;580;42684619;41565433;26822753;5856301;42609685;28922866;6127299;0;83014
FR;1;2022-11-11;27;33;102;100;32;88;114;0;44;42684646;41565466;26822855;5856401;42609717;28922954;6127413;0;83058
FR;1;2022-11-12;88;118;256;375;105;255;390;0;101;42684734;41565584;26823111;5856776;42609822;28923209;6127803;0;83159
FR;1;2022-11-13;19;32;28;64;29;31;66;0;26;42684753;41565616;26823139;5856840;42609851;28923240;6127869;0;83185
FR;1;2022-11-14;170;176;257;765;164;261;835;0;234;42684923;41565792;26823396;5857605;42610015;28923501;6128704;0;83419
FR;1;2022-11-15;210;232;378;1293;231;353;1334;0;434;42685133;41566024;26823774;5858898;42610246;28923854;6130038;0;83853
FR;1;2022-11-16;183;219;325;981;214;338;1016;0;359;42685316;41566243;26824099;5859879;42610460;28924192;6131054;0;84212
FR;1;2022-11-17;163;181;287;1204;175;263;1208;0;386;42685479;41566424;26824386;5861083;42610635;28924455;6132262;0;84598
FR;1;2022-11-18;225;251;391;1313;245;380;1346;0;411;42685704;41566675;26824777;5862396;42610880;28924835;6133608;0;85009
FR;1;2022-11-19;120;101;245;438;99;210;471;0;99;42685824;41566776;26825022;5862834;42610979;28925045;6134079;0;85108
FR;1;2022-11-20;28;37;29;66;32;31;74;0;28;42685852;41566813;26825051;5862900;42611011;28925076;6134153;0;85136
FR;1;2022-11-21;174;165;265;638;140;281;674;0;211;42686026;41566978;26825316;5863538;42611151;28925357;6134827;0;85347
FR;1;2022-11-22;154;146;408;1153;129;391;1176;0;405;42686180;41567124;26825724;5864691;42611280;28925748;6136003;0;85752
FR;1;2022-11-23;177;169;238;758;152;239;780;0;241;42686357;41567293;26825962;5865449;42611432;28925987;6136783;0;85993
FR;1;2022-11-24;130;161;280;1178;141;281;1181;0;424;42686487;41567454;26826242;5866627;42611573;28926268;6137964;0;86417
FR;1;2022-11-25;200;231;422;1153;216;411;1185;0;392;42686687;41567685;26826664;5867780;42611789;28926679;6139149;0;86809
FR;1;2022-11-26;90;106;113;318;94;124;306;0;117;42686777;41567791;26826777;5868098;42611883;28926803;6139455;0;86926
FR;1;2022-11-27;14;31;19;71;18;31;77;0;49;42686791;41567822;26826796;5868169;42611901;28926834;6139532;0;86975
FR;1;2022-11-28;205;135;206;662;143;201;705;0;331;42686996;41567957;26827002;5868831;42612044;28927035;6140237;0;87306
FR;1;2022-11-29;168;140;267;1102;124;249;1115;0;457;42687164;41568097;26827269;5869933;42612168;28927284;6141352;0;87763
FR;1;2022-11-30;159;189;228;929;176;230;954;0;319;42687323;41568286;26827497;5870862;42612344;28927514;6142306;0;88082
FR;1;2022-12-01;152;140;688;1081;130;651;1123;0;361;42687475;41568426;26828185;5871943;42612474;28928165;6143429;0;88443
FR;1;2022-12-02;196;188;508;1180;184;504;1227;0;469;42687671;41568614;26828693;5873123;42612658;28928669;6144656;0;88912
FR;1;2022-12-03;101;106;259;530;94;237;527;0;177;42687772;41568720;26828952;5873653;42612752;28928906;6145183;0;89089
FR;1;2022-12-04;24;26;19;138;23;20;129;0;58;42687796;41568746;26828971;5873791;42612775;28928926;6145312;0;89147
FR;1;2022-12-05;132;120;277;859;115;272;890;0;313;42687928;41568866;26829248;5874650;42612890;28929198;6146202;0;89460
FR;1;2022-12-06;144;136;262;1444;123;265;1450;0;739;42688072;41569002;26829510;5876094;42613013;28929463;6147652;0;90199
FR;1;2022-12-07;145;139;236;1184;150;214;1201;0;572;42688217;41569141;26829746;5877278;42613163;28929677;6148853;0;90771
FR;1;2022-12-08;126;133;292;1735;125;246;1780;0;764;42688343;41569274;26830038;5879013;42613288;28929923;6150633;0;91535
FR;1;2022-12-09;197;192;340;1810;163;349;1830;0;721;42688540;41569466;26830378;5880823;42613451;28930272;6152463;0;92256
FR;1;2022-12-10;108;98;329;852;86;309;874;0;292;42688648;41569564;26830707;5881675;42613537;28930581;6153337;0;92548
FR;1;2022-12-11;31;30;31;218;27;29;200;0;62;42688679;41569594;26830738;5881893;42613564;28930610;6153537;0;92610
FR;1;2022-12-12;118;89;269;1097;88;255;1109;0;457;42688797;41569683;26831007;5882990;42613652;28930865;6154646;0;93067
FR;1;2022-12-13;114;117;281;1293;91;258;1305;0;615;42688911;41569800;26831288;5884283;42613743;28931123;6155951;0;93682
FR;1;2022-12-14;101;132;237;861;127;217;883;0;368;42689012;41569932;26831525;5885144;42613870;28931340;6156834;0;94050
FR;1;2022-12-15;127;137;420;1477;123;392;1495;0;686;42689139;41570069;26831945;5886621;42613993;28931732;6158329;0;94736
FR;1;2022-12-16;201;203;545;1323;206;531;1348;0;619;42689340;41570272;26832490;5887944;42614199;28932263;6159677;0;95355
FR;1;2022-12-17;87;82;204;465;72;200;471;0;203;42689427;41570354;26832694;5888409;42614271;28932463;6160148;0;95558
FR;1;2022-12-18;16;20;23;108;17;25;105;0;37;42689443;41570374;26832717;5888517;42614288;28932488;6160253;0;95595
FR;1;2022-12-19;147;125;237;783;129;210;824;0;358;42689590;41570499;26832954;5889300;42614417;28932698;6161077;0;95953
FR;1;2022-12-20;136;149;327;888;138;320;894;0;418;42689726;41570648;26833281;5890188;42614555;28933018;6161971;0;96371
FR;1;2022-12-21;131;102;187;619;110;153;629;0;353;42689857;41570750;26833468;5890807;42614665;28933171;6162600;0;96724
FR;1;2022-12-22;140;98;145;533;105;129;526;0;301;42689997;41570848;26833613;5891340;42614770;28933300;6163126;0;97025
FR;1;2022-12-23;124;142;433;407;123;424;411;0;175;42690121;41570990;26834046;5891747;42614893;28933724;6163537;0;97200
FR;1;2022-12-24;29;22;31;53;25;30;59;0;20;42690150;41571012;26834077;5891800;42614918;28933754;6163596;0;97220
FR;1;2022-12-25;3;7;16;11;7;11;13;0;11;42690153;41571019;26834093;5891811;42614925;28933765;6163609;0;97231
FR;1;2022-12-26;89;88;243;247;87;247;253;0;93;42690242;41571107;26834336;5892058;42615012;28934012;6163862;0;97324
FR;1;2022-12-27;106;152;286;383;143;291;399;0;178;42690348;41571259;26834622;5892441;42615155;28934303;6164261;0;97502
FR;1;2022-12-28;98;128;173;266;116;178;273;0;124;42690446;41571387;26834795;5892707;42615271;28934481;6164534;0;97626
FR;1;2022-12-29;101;93;141;272;88;140;293;0;114;42690547;41571480;26834936;5892979;42615359;28934621;6164827;0;97740
FR;1;2022-12-30;121;119;76;254;107;84;261;0;140;42690668;41571599;26835012;5893233;42615466;28934705;6165088;0;97880
FR;1;2022-12-31;36;33;26;72;38;23;73;0;20;42690704;41571632;26835038;5893305;42615504;28934728;6165161;0;97900
FR;1;2023-01-01;4;9;50;20;9;47;24;0;10;42690708;41571641;26835088;5893325;42615513;28934775;6165185;0;97910
FR;1;2023-01-02;71;62;98;120;70;93;125;0;55;42690779;41571703;26835186;5893445;42615583;28934868;6165310;0;97965
FR;1;2023-01-03;139;73;131;172;73;130;181;0;118;42690918;41571776;26835317;5893617;42615656;28934998;6165491;0;98083
FR;1;2023-01-04;75;61;58;174;67;56;182;0;188;42690993;41571837;26835375;5893791;42615723;28935054;6165673;0;98271
FR;1;2023-01-05;138;88;87;313;100;86;313;0;192;42691131;41571925;26835462;5894104;42615823;28935140;6165986;0;98463
FR;1;2023-01-06;184;126;85;303;129;76;320;0;226;42691315;41572051;26835547;5894407;42615952;28935216;6166306;0;98689
FR;1;2023-01-07;100;81;59;133;85;46;144;0;92;42691415;41572132;26835606;5894540;42616037;28935262;6166450;0;98781
FR;1;2023-01-08;25;15;20;54;12;16;58;0;23;42691440;41572147;26835626;5894594;42616049;28935278;6166508;0;98804
FR;1;2023-01-09;133;112;63;122;109;70;134;0;107;42691573;41572259;26835689;5894716;42616158;28935348;6166642;0;98911
FR;1;2023-01-10;103;83;54;222;84;60;218;0;177;42691676;41572342;26835743;5894938;42616242;28935408;6166860;0;99088
FR;1;2023-01-11;92;84;55;173;87;61;183;0;92;42691768;41572426;26835798;5895111;42616329;28935469;6167043;0;99180
FR;1;2023-01-12;118;82;65;207;78;72;227;0;152;42691886;41572508;26835863;5895318;42616407;28935541;6167270;0;99332
FR;1;2023-01-13;179;129;67;236;126;76;248;0;174;42692065;41572637;26835930;5895554;42616533;28935617;6167518;0;99506
FR;1;2023-01-14;85;48;34;99;48;46;97;0;46;42692150;41572685;26835964;5895653;42616581;28935663;6167615;0;99552
FR;1;2023-01-15;15;12;8;34;12;6;39;0;24;42692165;41572697;26835972;5895687;42616593;28935669;6167654;0;99576
FR;2;2020-12-27;0;0;0;0;0;0;0;0;0;0;0;0;0;0;0;0;0;0
FR;2;2020-12-28;0;0;0;0;0;0;0;0;0;0;0;0;0;0;0;0;0;0
FR;2;2020-12-29;0;0;0;0;0;0;0;0;0;0;0;0;0;0;0;0;0;0
FR;2;2020-12-30;0;0;0;0;0;0;0;0;0;0;0;0;0;0;0;0;0;0
FR;2;2020-12-31;0;0;0;0;0;0;0;0;0;0;0;0;0;0;0;0;0;0
FR;2;2021-01-01;0;0;0;0;0;0;0;0;0;0;0;0;0;0;0;0;0;0
FR;2;2021-01-02;0;0;0;0;0;0;0;0;0;0;0;0;0;0;0;0;0;0
FR;2;2021-01-03;0;0;0;0;0;0;0;0;0;0;0;0;0;0;0;0;0;0
FR;2;2021-01-04;0;0;0;0;0;0;0;0;0;0;0;0;0;0;0;0;0;0
FR;2;2021-01-05;0;0;0;0;0;0;0;0;0;0;0;0;0;0;0;0;0;0
FR;2;2021-01-06;0;0;0;0;0;0;0;0;0;0;0;0;0;0;0;0;0;0
FR;2;2021-01-07;0;0;0;0;0;0;0;0;0;0;0;0;0;0;0;0;0;0
FR;2;2021-01-08;0;0;0;0;0;0;0;0;0;0;0;0;0;0;0;0;0;0
FR;2;2021-01-09;0;0;0;0;0;0;0;0;0;0;0;0;0;0;0;0;0;0
FR;2;2021-01-10;0;0;0;0;0;0;0;0;0;0;0;0;0;0;0;0;0;0
FR;2;2021-01-11;0;0;0;0;0;0;0;0;0;0;0;0;0;0;0;0;0;0
FR;2;2021-01-12;0;0;0;0;0;0;0;0;0;0;0;0;0;0;0;0;0;0
FR;2;2021-01-13;0;0;0;0;0;0;0;0;0;0;0;0;0;0;0;0;0;0
FR;2;2021-01-14;1642;0;0;0;213;0;0;0;0;1642;0;0;0;213;0;0;0;0
FR;2;2021-01-15;398;0;0;0;28;0;0;0;0;2040;0;0;0;241;0;0;0;0
FR;2;2021-01-16;316;0;0;0;12;0;0;0;0;2356;0;0;0;253;0;0;0;0
FR;2;2021-01-17;84;0;0;0;7;0;0;0;0;2440;0;0;0;260;0;0;0;0
FR;2;2021-01-18;3075;3;0;0;27;0;0;0;0;5515;3;0;0;287;0;0;0;0
FR;2;2021-01-19;4681;2;0;0;31;0;0;0;0;10196;5;0;0;318;0;0;0;0
FR;2;2021-01-20;5137;6;0;0;58;0;0;0;0;15333;11;0;0;376;0;0;0;0
FR;2;2021-01-21;5345;9;0;0;56;0;0;0;0;20678;20;0;0;432;0;0;0;0
FR;2;2021-01-22;5118;18;0;0;70;0;0;0;0;25796;38;0;0;502;0;0;0;0
FR;2;2021-01-23;1875;2;0;0;16;0;0;0;0;27671;40;0;0;518;0;0;0;0
FR;2;2021-01-24;163;2;0;0;8;0;0;0;0;27834;42;0;0;526;0;0;0;0
FR;2;2021-01-25;3814;4;0;0;37;0;0;0;0;31648;46;0;0;563;0;0;0;0
FR;2;2021-01-26;3927;6;0;0;42;0;0;0;0;35575;52;0;0;605;0;0;0;0
FR;2;2021-01-27;3605;4;0;0;36;0;0;0;0;39180;56;0;0;641;0;0;0;0
FR;2;2021-01-28;3755;9;0;0;44;0;0;0;0;42935;65;0;0;685;0;0;0;0
FR;2;2021-01-29;3300;5;0;0;41;0;0;0;0;46235;70;0;0;726;0;0;0;0
FR;2;2021-01-30;1133;3;0;0;16;0;0;0;0;47368;73;0;0;742;0;0;0;0
FR;2;2021-01-31;46;2;0;0;9;0;0;0;0;47414;75;0;0;751;0;0;0;0
FR;2;2021-02-01;3407;13;0;0;44;0;0;0;0;50821;88;0;0;795;0;0;0;0
FR;2;2021-02-02;4496;19;0;0;53;0;0;0;0;55317;107;0;0;848;0;0;0;0
FR;2;2021-02-03;5222;11;0;0;82;0;0;0;0;60539;118;0;0;930;0;0;0;0
FR;2;2021-02-04;4941;11;0;0;36;0;0;0;0;65480;129;0;0;966;0;0;0;0
FR;2;2021-02-05;4817;17;0;0;50;0;0;0;0;70297;146;0;0;1016;0;0;0;0
FR;2;2021-02-06;2044;15;0;0;41;0;0;0;0;72341;161;0;0;1057;0;0;0;0
FR;2;2021-02-07;103;6;0;0;20;0;0;0;0;72444;167;0;0;1077;0;0;0;0
FR;2;2021-02-08;7558;26;0;0;85;0;0;0;0;80002;193;0;0;1162;0;0;0;0
FR;2;2021-02-09;8434;30;0;0;98;0;0;0;0;88436;223;0;0;1260;0;0;0;0
FR;2;2021-02-10;9348;62;0;0;182;0;0;0;0;97784;285;0;0;1442;0;0;0;0
FR;2;2021-02-11;10292;130;0;0;254;0;0;0;0;108076;415;0;0;1696;0;0;0;0
FR;2;2021-02-12;10059;275;0;0;429;0;0;0;0;118135;690;0;0;2125;0;0;0;0
FR;2;2021-02-13;3121;224;0;0;262;0;0;0;0;121256;914;0;0;2387;0;0;0;0
FR;2;2021-02-14;358;11;0;0;21;0;0;0;0;121614;925;0;0;2408;0;0;0;0
FR;2;2021-02-15;3460;3129;0;0;3175;0;0;0;0;125074;4054;0;0;5583;0;0;0;0
FR;2;2021-02-16;5075;4161;0;0;4234;0;0;0;0;130149;8215;0;0;9817;0;0;0;0
FR;2;2021-02-17;4259;4553;0;0;4629;0;0;0;0;134408;12768;0;0;14446;0;0;0;0
FR;2;2021-02-18;5406;5176;0;0;5245;0;0;0;0;139814;17944;0;0;19691;0;0;0;0
FR;2;2021-02-19;5328;4487;0;0;4588;0;0;0;0;145142;22431;0;0;24279;0;0;0;0
FR;2;2021-02-20;1872;1520;0;0;1536;0;0;0;0;147014;23951;0;0;25815;0;0;0;0
FR;2;2021-02-21;244;96;0;0;98;0;0;0;0;147258;24047;0;0;25913;0;0;0;0
FR;2;2021-02-22;3614;3782;0;0;3844;0;0;0;0;150872;27829;0;0;29757;0;0;0;0
FR;2;2021-02-23;4956;3736;0;0;3799;0;0;0;0;155828;31565;0;0;33556;0;0;0;0
FR;2;2021-02-24;5017;3554;0;0;3606;0;0;0;0;160845;35119;0;0;37162;0;0;0;0
FR;2;2021-02-25;5500;3492;0;0;3581;0;0;0;0;166345;38611;0;0;40743;0;0;0;0
FR;2;2021-02-26;4368;3180;0;0;3251;0;0;0;0;170713;41791;0;0;43994;0;0;0;0
FR;2;2021-02-27;1629;1067;0;0;1086;0;0;0;0;172342;42858;0;0;45080;0;0;0;0
FR;2;2021-02-28;179;17;0;0;28;0;0;0;0;172521;42875;0;0;45108;0;0;0;0
FR;2;2021-03-01;5193;3758;0;0;3847;0;0;0;0;177714;46633;0;0;48955;0;0;0;0
FR;2;2021-03-02;6541;4725;0;0;4826;0;0;0;0;184255;51358;0;0;53781;0;0;0;0
FR;2;2021-03-03;6544;4955;0;0;5096;0;0;0;0;190799;56313;0;0;58877;0;0;0;0
FR;2;2021-03-04;8411;4204;0;0;4389;0;0;0;0;199210;60517;0;0;63266;0;0;0;0
FR;2;2021-03-05;8036;4053;0;0;4234;0;0;0;0;207246;64570;0;0;67500;0;0;0;0
FR;2;2021-03-06;4790;1683;0;0;1783;0;0;0;0;212036;66253;0;0;69283;0;0;0;0
FR;2;2021-03-07;2373;32;0;0;76;0;0;0;0;214409;66285;0;0;69359;0;0;0;0
FR;2;2021-03-08;4166;8392;0;0;8548;0;0;0;0;218575;74677;0;0;77907;0;0;0;0
FR;2;2021-03-09;7493;8604;1;0;8862;0;0;0;0;226068;83281;1;0;86769;0;0;0;0
FR;2;2021-03-10;7107;9242;0;0;9467;0;0;0;0;233175;92523;1;0;96236;0;0;0;0
FR;2;2021-03-11;9378;9362;1;0;9681;0;0;0;0;242553;101885;2;0;105917;0;0;0;0
FR;2;2021-03-12;7986;8359;0;0;8661;0;0;0;0;250539;110244;2;0;114578;0;0;0;0
FR;2;2021-03-13;10057;2591;0;0;2912;0;0;0;0;260596;112835;2;0;117490;0;0;0;0
FR;2;2021-03-14;4841;383;0;0;542;0;0;0;0;265437;113218;2;0;118032;0;0;0;0
FR;2;2021-03-15;10918;3474;0;0;3763;0;0;0;0;276355;116692;2;0;121795;0;0;0;0
FR;2;2021-03-16;16769;4711;1;0;5260;0;0;0;0;293124;121403;3;0;127055;0;0;0;0
FR;2;2021-03-17;20242;4005;0;0;4679;0;0;0;0;313366;125408;3;0;131734;0;0;0;0
FR;2;2021-03-18;23371;5128;0;0;5955;0;0;0;0;336737;130536;3;0;137689;0;0;0;0
FR;2;2021-03-19;23316;4674;0;0;5436;0;0;0;0;360053;135210;3;0;143125;0;0;0;0
FR;2;2021-03-20;25452;1585;0;0;2342;0;0;0;0;385505;136795;3;0;145467;0;0;0;0
FR;2;2021-03-21;17673;153;0;0;731;0;0;0;0;403178;136948;3;0;146198;0;0;0;0
FR;2;2021-03-22;17790;3254;0;0;3922;0;0;0;0;420968;140202;3;0;150120;0;0;0;0
FR;2;2021-03-23;22704;4282;0;0;5135;0;0;0;0;443672;144484;3;0;155255;0;0;0;0
FR;2;2021-03-24;23963;5080;0;0;5917;0;0;0;0;467635;149564;3;0;161172;0;0;0;0
FR;2;2021-03-25;26760;5248;1;0;6445;0;0;0;0;494395;154812;4;0;167617;0;0;0;0
FR;2;2021-03-26;26991;4232;0;0;5378;0;0;0;0;521386;159044;4;0;172995;0;0;0;0
FR;2;2021-03-27;15923;1367;0;0;1896;0;0;0;0;537309;160411;4;0;174891;0;0;0;0
FR;2;2021-03-28;10562;136;0;0;428;0;0;0;0;547871;160547;4;0;175319;0;0;0;0
FR;2;2021-03-29;19000;4347;0;0;5047;0;0;0;0;566871;164894;4;0;180366;0;0;0;0
FR;2;2021-03-30;24596;6104;0;0;7044;0;0;0;0;591467;170998;4;0;187410;0;0;0;0
FR;2;2021-03-31;28562;5932;0;0;7223;0;0;0;0;620029;176930;4;0;194633;0;0;0;0
FR;2;2021-04-01;34559;8574;1;0;10266;0;0;0;0;654588;185504;5;0;204899;0;0;0;0
FR;2;2021-04-02;29993;7734;0;0;9161;0;0;0;0;684581;193238;5;0;214060;0;0;0;0
FR;2;2021-04-03;16958;4244;0;0;4926;0;0;0;0;701539;197482;5;0;218986;0;0;0;0
FR;2;2021-04-04;9309;1273;2;0;1681;0;0;0;0;710848;198755;7;0;220667;0;0;0;0
FR;2;2021-04-05;12447;796;0;0;1380;0;0;0;0;723295;199551;7;0;222047;0;0;0;0
FR;2;2021-04-06;27158;7347;0;0;8737;0;0;0;0;750453;206898;7;0;230784;0;0;0;0
FR;2;2021-04-07;30930;7068;1;0;8644;0;0;0;0;781383;213966;8;0;239428;0;0;0;0
FR;2;2021-04-08;36895;8597;1;0;10522;0;0;0;0;818278;222563;9;0;249950;0;0;0;0
FR;2;2021-04-09;33854;8392;28;0;10177;0;0;0;0;852132;230955;37;0;260127;0;0;0;0
FR;2;2021-04-10;19689;9263;1;0;10176;0;0;0;0;871821;240218;38;0;270303;0;0;0;0
FR;2;2021-04-11;7942;4240;1;0;4603;0;0;0;0;879763;244458;39;0;274906;0;0;0;0
FR;2;2021-04-12;17131;11020;0;0;11859;0;0;0;0;896894;255478;39;0;286765;0;0;0;0
FR;2;2021-04-13;19463;16034;1;0;17101;0;0;0;0;916357;271512;40;0;303866;0;0;0;0
FR;2;2021-04-14;18070;16445;7;0;17539;0;0;0;0;934427;287957;47;0;321405;0;0;0;0
FR;2;2021-04-15;22204;21863;27;0;23314;0;0;0;0;956631;309820;74;0;344719;0;0;0;0
FR;2;2021-04-16;20721;20621;45;0;21893;0;0;0;0;977352;330441;119;0;366612;0;0;0;0
FR;2;2021-04-17;13258;22495;5;0;23225;0;0;0;0;990610;352936;124;0;389837;0;0;0;0
FR;2;2021-04-18;5911;14397;6;0;14737;0;0;0;0;996521;367333;130;0;404574;0;0;0;0
FR;2;2021-04-19;16850;16401;24;0;17203;0;0;0;0;1013371;383734;154;0;421777;0;0;0;0
FR;2;2021-04-20;19325;21801;38;0;22863;0;0;0;0;1032696;405535;192;0;444640;0;0;0;0
FR;2;2021-04-21;20292;21885;76;0;23036;0;0;0;0;1052988;427420;268;0;467676;0;0;0;0
FR;2;2021-04-22;23824;24940;41;0;26351;0;0;0;0;1076812;452360;309;0;494027;0;0;0;0
FR;2;2021-04-23;24534;25490;76;0;26999;0;0;0;0;1101346;477850;385;0;521026;0;0;0;0
FR;2;2021-04-24;25305;15068;104;0;16505;0;0;0;0;1126651;492918;489;0;537531;0;0;0;0
FR;2;2021-04-25;9597;8620;5;0;9181;0;0;0;0;1136248;501538;494;0;546712;0;0;0;0
FR;2;2021-04-26;17167;17650;21;0;18535;0;0;0;0;1153415;519188;515;0;565247;0;0;0;0
FR;2;2021-04-27;19246;24108;40;0;25292;0;0;0;0;1172661;543296;555;0;590539;0;0;0;0
FR;2;2021-04-28;22341;26452;112;0;27852;0;0;0;0;1195002;569748;667;0;618391;0;0;0;0
FR;2;2021-04-29;25474;30477;70;0;32166;0;0;0;0;1220476;600225;737;0;650557;0;0;0;0
FR;2;2021-04-30;25540;27972;49;1;29619;0;0;0;0;1246016;628197;786;1;680176;0;0;0;0
FR;2;2021-05-01;14988;9849;6;0;10651;0;0;0;0;1261004;638046;792;1;690827;0;0;0;0
FR;2;2021-05-02;6640;9161;2;0;9507;0;0;0;0;1267644;647207;794;1;700334;0;0;0;0
FR;2;2021-05-03;20023;19128;40;0;20335;0;0;0;0;1287667;666335;834;1;720669;0;0;0;0
FR;2;2021-05-04;18288;29194;33;0;30339;0;0;0;0;1305955;695529;867;1;751008;0;0;0;0
FR;2;2021-05-05;18385;29513;48;0;30810;0;0;0;0;1324340;725042;915;1;781818;0;0;0;0
FR;2;2021-05-06;23551;35414;132;0;36986;0;0;0;0;1347891;760456;1047;1;818804;0;0;0;0
FR;2;2021-05-07;25343;33238;97;0;35095;0;0;0;0;1373234;793694;1144;1;853899;0;0;0;0
FR;2;2021-05-08;21343;10638;15;0;11726;0;0;0;0;1394577;804332;1159;1;865625;0;0;0;0
FR;2;2021-05-09;13169;7647;7;0;8322;0;0;0;0;1407746;811979;1166;1;873947;0;0;0;0
FR;2;2021-05-10;32946;21727;50;0;23585;0;0;0;0;1440692;833706;1216;1;897532;0;0;0;0
FR;2;2021-05-11;43615;20904;101;0;23529;0;0;0;0;1484307;854610;1317;1;921061;0;0;0;0
FR;2;2021-05-12;50066;19637;143;0;22517;0;0;0;0;1534373;874247;1460;1;943578;0;0;0;0
FR;2;2021-05-13;51300;5604;31;0;8472;0;0;0;0;1585673;879851;1491;1;952050;0;0;0;0
FR;2;2021-05-14;61360;12886;132;0;16539;0;0;0;0;1647033;892737;1623;1;968589;0;0;0;0
FR;2;2021-05-15;65936;7102;39;0;10652;0;0;0;0;1712969;899839;1662;1;979241;0;0;0;0
FR;2;2021-05-16;43588;2574;10;0;4944;0;0;0;0;1756557;902413;1672;1;984185;0;0;0;0
FR;2;2021-05-17;44756;12458;114;0;15364;0;0;0;0;1801313;914871;1786;1;999549;0;0;0;0
FR;2;2021-05-18;54648;12280;190;0;15962;0;0;0;0;1855961;927151;1976;1;1015511;0;0;0;0
FR;2;2021-05-19;57178;10461;281;0;14501;0;0;0;0;1913139;937612;2257;1;1030012;0;0;0;0
FR;2;2021-05-20;63449;10804;288;0;14902;0;0;0;0;1976588;948416;2545;1;1044914;0;0;0;0
FR;2;2021-05-21;64306;11608;230;0;16033;0;0;0;0;2040894;960024;2775;1;1060947;0;0;0;0
FR;2;2021-05-22;61489;4531;65;0;8501;0;0;0;0;2102383;964555;2840;1;1069448;0;0;0;0
FR;2;2021-05-23;37536;575;22;0;2912;0;0;0;0;2139919;965130;2862;1;1072360;0;0;0;0
FR;2;2021-05-24;17247;2051;35;0;3258;0;0;0;0;2157166;967181;2897;1;1075618;0;0;0;0
FR;2;2021-05-25;21119;12250;241;0;13852;0;0;0;0;2178285;979431;3138;1;1089470;0;0;0;0
FR;2;2021-05-26;19944;11537;230;0;13063;0;0;0;0;2198229;990968;3368;1;1102533;0;0;0;0
FR;2;2021-05-27;23000;12660;182;0;14396;0;0;0;0;2221229;1003628;3550;1;1116929;0;0;0;0
FR;2;2021-05-28;29396;15044;190;0;17225;0;0;0;0;2250625;1018672;3740;1;1134154;0;0;0;0
FR;2;2021-05-29;30423;8193;58;0;10101;0;0;0;0;2281048;1026865;3798;1;1144255;0;0;0;0
FR;2;2021-05-30;4648;1819;6;0;2154;0;0;0;0;2285696;1028684;3804;1;1146409;0;0;0;0
FR;2;2021-05-31;28590;18746;184;0;20826;0;0;0;0;2314286;1047430;3988;1;1167235;0;0;0;0
FR;2;2021-06-01;45743;19905;225;0;23143;0;0;0;0;2360029;1067335;4213;1;1190378;0;0;0;0
FR;2;2021-06-02;37478;19311;182;0;22316;0;0;0;0;2397507;1086646;4395;1;1212694;0;0;0;0
FR;2;2021-06-03;51281;23121;161;0;26975;0;0;0;0;2448788;1109767;4556;1;1239669;0;0;0;0
FR;2;2021-06-04;65517;24085;217;0;29054;0;0;0;0;2514305;1133852;4773;1;1268723;0;0;0;0
FR;2;2021-06-05;34606;24106;52;0;26961;0;0;0;0;2548911;1157958;4825;1;1295684;0;0;0;0
FR;2;2021-06-06;4957;6192;10;0;6611;0;0;0;0;2553868;1164150;4835;1;1302295;0;0;0;0
FR;2;2021-06-07;28177;23009;150;0;25422;0;0;0;0;2582045;1187159;4985;1;1327717;0;0;0;0
FR;2;2021-06-08;46378;22939;143;0;26905;0;0;0;0;2628423;1210098;5128;1;1354622;0;0;0;0
FR;2;2021-06-09;34296;20989;107;0;24122;0;0;0;0;2662719;1231087;5235;1;1378744;0;0;0;0
FR;2;2021-06-10;42643;19078;96;1;23000;0;0;0;0;2705362;1250165;5331;2;1401744;0;0;0;0
FR;2;2021-06-11;55303;25138;134;0;30237;0;0;0;0;2760665;1275303;5465;2;1431981;0;0;0;0
FR;2;2021-06-12;30563;19798;53;0;22653;0;0;0;0;2791228;1295101;5518;2;1454634;0;0;0;0
FR;2;2021-06-13;3334;9196;13;0;9584;0;0;0;0;2794562;1304297;5531;2;1464218;0;0;0;0
FR;2;2021-06-14;25304;24113;92;0;26693;0;0;0;0;2819866;1328410;5623;2;1490911;0;0;0;0
FR;2;2021-06-15;39048;22820;154;0;26570;0;0;0;0;2858914;1351230;5777;2;1517481;0;0;0;0
FR;2;2021-06-16;30167;21364;135;0;24518;0;0;0;0;2889081;1372594;5912;2;1541999;0;0;0;0
FR;2;2021-06-17;36912;25746;150;0;29608;0;0;0;0;2925993;1398340;6062;2;1571607;0;0;0;0
FR;2;2021-06-18;46860;28885;123;0;33587;0;0;0;0;2972853;1427225;6185;2;1605194;0;0;0;0
FR;2;2021-06-19;24527;24935;39;0;27708;0;0;0;0;2997380;1452160;6224;2;1632902;0;0;0;0
FR;2;2021-06-20;3745;10059;9;0;10558;0;0;0;0;3001125;1462219;6233;2;1643460;0;0;0;0
FR;2;2021-06-21;17537;42854;88;0;44866;0;0;0;0;3018662;1505073;6321;2;1688326;0;0;0;0
FR;2;2021-06-22;28366;49618;110;0;53045;0;0;0;0;3047028;1554691;6431;2;1741371;0;0;0;0
FR;2;2021-06-23;21790;49610;107;1;52455;1;0;0;0;3068818;1604301;6538;3;1793826;1;0;0;0
FR;2;2021-06-24;28379;50305;134;0;54040;0;0;0;0;3097197;1654606;6672;3;1847866;1;0;0;0
FR;2;2021-06-25;33402;60472;128;0;64857;0;0;0;0;3130599;1715078;6800;3;1912723;1;0;0;0
FR;2;2021-06-26;16395;59346;54;1;61736;0;0;0;0;3146994;1774424;6854;4;1974459;1;0;0;0
FR;2;2021-06-27;2566;29321;22;1;29903;0;0;0;0;3149560;1803745;6876;5;2004362;1;0;0;0
FR;2;2021-06-28;12641;54337;84;0;56313;0;0;0;0;3162201;1858082;6960;5;2060675;1;0;0;0
FR;2;2021-06-29;19856;59989;178;0;62933;0;0;0;0;3182057;1918071;7138;5;2123608;1;0;0;0
FR;2;2021-06-30;16334;58034;253;17;60720;0;0;0;0;3198391;1976105;7391;22;2184328;1;0;0;0
FR;2;2021-07-01;20494;59870;228;0;63197;0;0;0;0;3218885;2035975;7619;22;2247525;1;0;0;0
FR;2;2021-07-02;24081;62154;184;0;66370;0;0;0;0;3242966;2098129;7803;22;2313895;1;0;0;0
FR;2;2021-07-03;12122;57142;153;0;59479;0;0;0;0;3255088;2155271;7956;22;2373374;1;0;0;0
FR;2;2021-07-04;1960;23305;18;0;23872;0;0;0;0;3257048;2178576;7974;22;2397246;1;0;0;0
FR;2;2021-07-05;9179;29270;106;0;30906;0;0;0;0;3266227;2207846;8080;22;2428152;1;0;0;0
FR;2;2021-07-06;14583;36266;135;0;38946;0;0;0;0;3280810;2244112;8215;22;2467098;1;0;0;0
FR;2;2021-07-07;14419;33660;140;0;36415;0;0;0;0;3295229;2277772;8355;22;2503513;1;0;0;0
FR;2;2021-07-08;19722;40322;162;0;43983;0;0;0;0;3314951;2318094;8517;22;2547496;1;0;0;0
FR;2;2021-07-09;27105;54328;202;1;59481;0;0;0;0;3342056;2372422;8719;23;2606977;1;0;0;0
FR;2;2021-07-10;13388;33706;107;0;36391;0;0;0;0;3355444;2406128;8826;23;2643368;1;0;0;0
FR;2;2021-07-11;1812;4345;16;0;4774;0;0;0;0;3357256;2410473;8842;23;2648142;1;0;0;0
FR;2;2021-07-12;12971;37273;119;0;39929;0;0;0;0;3370227;2447746;8961;23;2688071;1;0;0;0
FR;2;2021-07-13;37118;53147;152;0;60283;0;0;0;0;3407345;2500893;9113;23;2748354;1;0;0;0
FR;2;2021-07-14;6628;3539;15;0;4888;0;0;0;0;3413973;2504432;9128;23;2753242;1;0;0;0
FR;2;2021-07-15;47244;47014;156;0;55212;0;0;0;0;3461217;2551446;9284;23;2808454;1;0;0;0
FR;2;2021-07-16;64319;55752;188;0;66733;0;0;0;0;3525536;2607198;9472;23;2875187;1;0;0;0
FR;2;2021-07-17;31601;23916;96;0;29371;0;0;0;0;3557137;2631114;9568;23;2904558;1;0;0;0
FR;2;2021-07-18;6091;4808;19;0;5955;0;0;0;0;3563228;2635922;9587;23;2910513;1;0;0;0
FR;2;2021-07-19;33006;28613;94;0;34229;0;0;0;0;3596234;2664535;9681;23;2944742;1;0;0;0
FR;2;2021-07-20;51997;44521;155;0;53158;0;0;0;0;3648231;2709056;9836;23;2997900;1;0;0;0
FR;2;2021-07-21;45256;34637;93;0;42143;0;0;0;0;3693487;2743693;9929;23;3040043;1;0;0;0
FR;2;2021-07-22;56279;41083;128;1;50364;0;0;0;0;3749766;2784776;10057;24;3090407;1;0;0;0
FR;2;2021-07-23;68302;48969;170;0;60263;0;0;0;0;3818068;2833745;10227;24;3150670;1;0;0;0
FR;2;2021-07-24;36180;21612;82;0;27474;0;0;0;0;3854248;2855357;10309;24;3178144;1;0;0;0
FR;2;2021-07-25;6751;2609;10;0;3868;0;0;0;0;3860999;2857966;10319;24;3182012;1;0;0;0
FR;2;2021-07-26;36320;22343;91;1;27849;0;0;0;0;3897319;2880309;10410;25;3209861;1;0;0;0
FR;2;2021-07-27;62390;34564;180;0;43709;0;0;0;0;3959709;2914873;10590;25;3253570;1;0;0;0
FR;2;2021-07-28;55324;26425;132;0;34518;0;0;0;0;4015033;2941298;10722;25;3288088;1;0;0;0
FR;2;2021-07-29;68480;32788;189;0;42473;0;0;0;0;4083513;2974086;10911;25;3330561;1;0;0;0
FR;2;2021-07-30;74466;37813;222;1;48609;0;0;0;0;4157979;3011899;11133;26;3379170;1;0;0;0
FR;2;2021-07-31;34776;16208;105;0;21408;0;0;0;0;4192755;3028107;11238;26;3400578;1;0;0;0
FR;2;2021-08-01;5414;2258;19;0;3121;0;0;0;0;4198169;3030365;11257;26;3403699;1;0;0;0
FR;2;2021-08-02;35890;16156;101;0;21058;0;0;0;0;4234059;3046521;11358;26;3424757;1;0;0;0
FR;2;2021-08-03;55985;28265;143;0;35470;0;0;0;0;4290044;3074786;11501;26;3460227;1;0;0;0
FR;2;2021-08-04;46637;20834;128;1;26945;0;0;0;0;4336681;3095620;11629;27;3487172;1;0;0;0
FR;2;2021-08-05;54641;31561;215;0;38746;0;0;0;0;4391322;3127181;11844;27;3525918;1;0;0;0
FR;2;2021-08-06;58098;42392;242;1;50224;0;0;0;0;4449420;3169573;12086;28;3576142;1;0;0;0
FR;2;2021-08-07;25150;17624;89;0;21315;0;0;0;0;4474570;3187197;12175;28;3597457;1;0;0;0
FR;2;2021-08-08;3840;3649;21;0;4307;0;0;0;0;4478410;3190846;12196;28;3601764;1;0;0;0
FR;2;2021-08-09;29308;21031;92;0;24858;0;0;0;0;4507718;3211877;12288;28;3626622;1;0;0;0
FR;2;2021-08-10;45012;33465;155;0;39231;0;0;0;0;4552730;3245342;12443;28;3665853;1;0;0;0
FR;2;2021-08-11;35274;25146;151;0;29750;0;0;0;0;4588004;3270488;12594;28;3695603;1;0;0;0
FR;2;2021-08-12;41905;35694;163;0;41234;0;0;0;0;4629909;3306182;12757;28;3736837;1;0;0;0
FR;2;2021-08-13;42606;37323;218;0;43012;0;0;0;0;4672515;3343505;12975;28;3779849;1;0;0;0
FR;2;2021-08-14;18524;22141;94;0;24775;0;0;0;0;4691039;3365646;13069;28;3804624;1;0;0;0
FR;2;2021-08-15;3864;3798;17;0;4385;0;0;0;0;4694903;3369444;13086;28;3809009;1;0;0;0
FR;2;2021-08-16;25093;27124;111;0;30448;0;0;0;0;4719996;3396568;13197;28;3839457;1;0;0;0
FR;2;2021-08-17;38267;43407;207;2;48396;0;0;0;0;4758263;3439975;13404;30;3887853;1;0;0;0
FR;2;2021-08-18;32253;36349;195;1;40696;1;0;0;0;4790516;3476324;13599;31;3928549;2;0;0;0
FR;2;2021-08-19;37434;46586;224;0;51791;0;0;0;0;4827950;3522910;13823;31;3980340;2;0;0;0
FR;2;2021-08-20;40569;55643;271;1;61577;0;0;0;0;4868519;3578553;14094;32;4041917;2;0;0;0
FR;2;2021-08-21;18121;24318;117;0;27110;0;0;0;0;4886640;3602871;14211;32;4069027;2;0;0;0
FR;2;2021-08-22;2908;4322;22;1;4854;1;0;0;0;4889548;3607193;14233;33;4073881;3;0;0;0
FR;2;2021-08-23;19249;35148;131;1;38039;0;0;0;0;4908797;3642341;14364;34;4111920;3;0;0;0
FR;2;2021-08-24;31952;56038;236;0;60698;0;0;0;0;4940749;3698379;14600;34;4172618;3;0;0;0
FR;2;2021-08-25;25934;43449;251;0;47402;0;0;0;0;4966683;3741828;14851;34;4220020;3;0;0;0
FR;2;2021-08-26;32362;55835;388;0;60594;0;0;0;0;4999045;3797663;15239;34;4280614;3;0;0;0
FR;2;2021-08-27;37005;65682;477;2;71415;0;0;0;0;5036050;3863345;15716;36;4352029;3;0;0;0
FR;2;2021-08-28;17819;28553;300;0;31617;0;0;0;0;5053869;3891898;16016;36;4383646;3;0;0;0
FR;2;2021-08-29;2656;5008;47;0;5620;0;0;0;0;5056525;3896906;16063;36;4389266;3;0;0;0
FR;2;2021-08-30;18417;37728;400;0;40149;757;0;0;0;5074942;3934634;16463;36;4429415;760;0;0;0
FR;2;2021-08-31;28077;57513;887;4;60948;1556;0;0;0;5103019;3992147;17350;40;4490363;2316;0;0;0
FR;2;2021-09-01;21595;39874;1309;0;42266;2125;0;0;0;5124614;4032021;18659;40;4532629;4441;0;0;0
FR;2;2021-09-02;25485;48668;1963;2;50945;3368;0;0;0;5150099;4080689;20622;42;4583574;7809;0;0;0
FR;2;2021-09-03;33414;64563;2988;3;67537;4881;1;0;0;5183513;4145252;23610;45;4651111;12690;1;0;0
FR;2;2021-09-04;16832;27762;1443;1;29559;2383;0;0;0;5200345;4173014;25053;46;4680670;15073;1;0;0
FR;2;2021-09-05;2264;3587;266;0;3945;412;0;0;0;5202609;4176601;25319;46;4684615;15485;1;0;0
FR;2;2021-09-06;14044;28698;1771;1;29764;2945;0;0;0;5216653;4205299;27090;47;4714379;18430;1;0;0
FR;2;2021-09-07;21111;41113;3022;13;42275;4938;0;0;0;5237764;4246412;30112;60;4756654;23368;1;0;0
FR;2;2021-09-08;17248;31918;2736;6;32735;4500;0;0;0;5255012;4278330;32848;66;4789389;27868;1;0;0
FR;2;2021-09-09;20981;40483;4437;3;41233;6839;0;0;0;5275993;4318813;37285;69;4830622;34707;1;0;0
FR;2;2021-09-10;28201;51306;5286;4;51888;8974;1;0;0;5304194;4370119;42571;73;4882510;43681;2;0;0
FR;2;2021-09-11;13654;22452;2405;5;23135;3982;0;0;0;5317848;4392571;44976;78;4905645;47663;2;0;0
FR;2;2021-09-12;1824;2770;292;0;2965;510;0;0;0;5319672;4395341;45268;78;4908610;48173;2;0;0
FR;2;2021-09-13;11659;21446;2474;4;21707;4051;0;0;0;5331331;4416787;47742;82;4930317;52224;2;0;0
FR;2;2021-09-14;18576;32731;5092;13;31693;9056;2;0;0;5349907;4449518;52834;95;4962010;61280;4;0;0
FR;2;2021-09-15;14915;28229;5169;3;26928;7752;9;0;0;5364822;4477747;58003;98;4988938;69032;13;0;0
FR;2;2021-09-16;16078;32797;6737;12;30185;10540;4;0;0;5380900;4510544;64740;110;5019123;79572;17;0;0
FR;2;2021-09-17;20915;47166;8782;10;42819;14625;6;0;0;5401815;4557710;73522;120;5061942;94197;23;0;0
FR;2;2021-09-18;9857;20960;3804;6;19594;6035;1;0;0;5411672;4578670;77326;126;5081536;100232;24;0;0
FR;2;2021-09-19;1166;2595;396;0;2538;632;0;0;0;5412838;4581265;77722;126;5084074;100864;24;0;0
FR;2;2021-09-20;7501;18703;3856;7;17024;6137;4;0;0;5420339;4599968;81578;133;5101098;107001;28;0;0
FR;2;2021-09-21;11215;29984;6495;5;26536;10746;3;0;0;5431554;4629952;88073;138;5127634;117747;31;0;0
FR;2;2021-09-22;9413;23547;5490;6;21196;8525;8;0;0;5440967;4653499;93563;144;5148830;126272;39;0;0
FR;2;2021-09-23;10731;28901;7881;10;24730;12647;10;0;0;5451698;4682400;101444;154;5173560;138919;49;0;0
FR;2;2021-09-24;15075;42936;10876;18;37275;17241;21;0;0;5466773;4725336;112320;172;5210835;156160;70;0;0
FR;2;2021-09-25;7258;18803;3965;9;17156;6120;3;0;0;5474031;4744139;116285;181;5227991;162280;73;0;0
FR;2;2021-09-26;1080;2544;495;0;2490;630;1;0;0;5475111;4746683;116780;181;5230481;162910;74;0;0
FR;2;2021-09-27;6311;16403;4287;8;14794;6534;2;0;0;5481422;4763086;121067;189;5245275;169444;76;0;0
FR;2;2021-09-28;9241;25570;7769;14;21721;12083;7;0;0;5490663;4788656;128836;203;5266996;181527;83;0;0
FR;2;2021-09-29;8081;20199;6067;25;17606;9261;8;0;0;5498744;4808855;134903;228;5284602;190788;91;0;0
FR;2;2021-09-30;9865;25837;9509;16;21637;14100;6;0;0;5508609;4834692;144412;244;5306239;204888;97;0;0
FR;2;2021-10-01;13978;35730;12921;25;30047;19324;9;0;0;5522587;4870422;157333;269;5336286;224212;106;0;0
FR;2;2021-10-02;6874;15931;4850;7;14226;7047;6;0;0;5529461;4886353;162183;276;5350512;231259;112;0;0
FR;2;2021-10-03;841;1910;492;1;1841;502;0;0;0;5530302;4888263;162675;277;5352353;231761;112;0;0
FR;2;2021-10-04;5826;13903;5516;5;12139;7854;6;0;0;5536128;4902166;168191;282;5364492;239615;118;0;0
FR;2;2021-10-05;9058;22566;11125;19;18525;15743;1;0;0;5545186;4924732;179316;301;5383017;255358;119;0;0
FR;2;2021-10-06;7784;17745;8243;11;15271;11093;4;0;0;5552970;4942477;187559;312;5398288;266451;123;0;0
FR;2;2021-10-07;9204;22208;12386;14;18005;16876;6;0;0;5562174;4964685;199945;326;5416293;283327;129;0;0
FR;2;2021-10-08;13431;32143;17349;28;26514;23613;11;0;0;5575605;4996828;217294;354;5442807;306940;140;0;0
FR;2;2021-10-09;6000;12845;6044;6;11380;7896;7;0;0;5581605;5009673;223338;360;5454187;314836;147;0;0
FR;2;2021-10-10;885;1595;436;2;1539;605;1;0;0;5582490;5011268;223774;362;5455726;315441;148;0;0
FR;2;2021-10-11;5607;11550;6455;17;9939;8828;3;0;0;5588097;5022818;230229;379;5465665;324269;151;0;0
FR;2;2021-10-12;8030;17788;12551;13;13924;16786;9;0;0;5596127;5040606;242780;392;5479589;341055;160;0;0
FR;2;2021-10-13;6945;14852;10256;12;11808;13647;7;0;0;5603072;5055458;253036;404;5491397;354702;167;0;0
FR;2;2021-10-14;8314;17942;14996;13;13560;19477;11;0;0;5611386;5073400;268032;417;5504957;374179;178;0;0
FR;2;2021-10-15;11856;26306;20902;26;19412;27978;4;0;0;5623242;5099706;288934;443;5524369;402157;182;0;0
FR;2;2021-10-16;5141;8742;1819;0;8173;3220;2;0;0;5628383;5108448;290753;443;5532542;405377;184;0;0
FR;2;2021-10-17;651;1151;185;0;1082;356;1;0;0;5629034;5109599;290938;443;5533624;405733;185;0;0
FR;2;2021-10-18;4563;7337;665;2;7244;1629;0;0;0;5633597;5116936;291603;445;5540868;407362;185;0;0
FR;2;2021-10-19;6239;9851;732;5;9657;2031;5;0;0;5639836;5126787;292335;450;5550525;409393;190;0;0
FR;2;2021-10-20;5170;8053;759;3;8176;1675;0;0;0;5645006;5134840;293094;453;5558701;411068;190;0;0
FR;2;2021-10-21;6090;9976;780;5;9835;2103;1;0;0;5651096;5144816;293874;458;5568536;413171;191;0;0
FR;2;2021-10-22;8452;14599;1149;4;14475;2889;2;0;0;5659548;5159415;295023;462;5583011;416060;193;0;0
FR;2;2021-10-23;3845;5996;587;0;6128;1237;3;0;0;5663393;5165411;295610;462;5589139;417297;196;0;0
FR;2;2021-10-24;494;884;101;0;901;205;0;0;0;5663887;5166295;295711;462;5590040;417502;196;0;0
FR;2;2021-10-25;3359;5345;307;1;5520;825;2;0;0;5667246;5171640;296018;463;5595560;418327;198;0;0
FR;2;2021-10-26;4177;7238;1133;4;7127;2022;5;0;0;5671423;5178878;297151;467;5602687;420349;203;0;0
FR;2;2021-10-27;3677;6592;1193;5;6451;1991;1;0;0;5675100;5185470;298344;472;5609138;422340;204;0;0
FR;2;2021-10-28;4597;7689;1736;3;7416;2746;1;0;0;5679697;5193159;300080;475;5616554;425086;205;0;0
FR;2;2021-10-29;5415;11082;2438;4;10694;3683;3;0;0;5685112;5204241;302518;479;5627248;428769;208;0;0
FR;2;2021-10-30;2749;4456;976;1;4454;1446;2;0;0;5687861;5208697;303494;480;5631702;430215;210;0;0
FR;2;2021-10-31;364;535;140;1;544;191;1;0;0;5688225;5209232;303634;481;5632246;430406;211;0;0
FR;2;2021-11-01;429;548;181;0;564;268;1;0;0;5688654;5209780;303815;481;5632810;430674;212;0;0
FR;2;2021-11-02;3293;6755;1183;0;6802;1765;5;0;0;5691947;5216535;304998;481;5639612;432439;217;0;0
FR;2;2021-11-03;3340;6224;1388;2;6315;1964;2;0;0;5695287;5222759;306386;483;5645927;434403;219;0;0
FR;2;2021-11-04;3986;7072;1768;4;7110;2495;3;0;0;5699273;5229831;308154;487;5653037;436898;222;0;0
FR;2;2021-11-05;5235;10504;2867;5;10212;3960;5;0;0;5704508;5240335;311021;492;5663249;440858;227;0;0
FR;2;2021-11-06;2597;4677;1406;0;4636;1822;2;0;0;5707105;5245012;312427;492;5667885;442680;229;0;0
FR;2;2021-11-07;506;864;221;0;872;290;2;0;0;5707611;5245876;312648;492;5668757;442970;231;0;0
FR;2;2021-11-08;2578;5348;1205;3;5268;1676;3;0;0;5710189;5251224;313853;495;5674025;444646;234;0;0
FR;2;2021-11-09;2749;6907;2402;5;6442;3181;2;0;0;5712938;5258131;316255;500;5680467;447827;236;0;0
FR;2;2021-11-10;2590;5670;5116;6;4765;6292;7;0;0;5715528;5263801;321371;506;5685232;454119;243;0;0
FR;2;2021-11-11;446;755;755;2;648;938;3;0;0;5715974;5264556;322126;508;5685880;455057;246;0;0
FR;2;2021-11-12;2953;8085;8982;8;6197;10930;9;0;0;5718927;5272641;331108;516;5692077;465987;255;0;0
FR;2;2021-11-13;1539;3373;3871;7;2722;4537;4;0;0;5720466;5276014;334979;523;5694799;470524;259;0;0
FR;2;2021-11-14;257;587;351;1;487;480;3;0;0;5720723;5276601;335330;524;5695286;471004;262;0;0
FR;2;2021-11-15;1621;3650;4449;8;2906;5328;16;0;0;5722344;5280251;339779;532;5698192;476332;278;0;0
FR;2;2021-11-16;2184;5882;8311;14;4158;10081;16;0;0;5724528;5286133;348090;546;5702350;486413;294;0;0
FR;2;2021-11-17;1741;4525;6632;8;3170;7851;5;0;0;5726269;5290658;354722;554;5705520;494264;299;0;0
FR;2;2021-11-18;2192;5924;9188;10;4020;11019;8;0;0;5728461;5296582;363910;564;5709540;505283;307;0;0
FR;2;2021-11-19;2701;7756;12980;19;4836;15480;12;0;0;5731162;5304338;376890;583;5714376;520763;319;0;0
FR;2;2021-11-20;1566;3334;5181;5;2351;6094;3;0;0;5732728;5307672;382071;588;5716727;526857;322;0;0
FR;2;2021-11-21;250;502;542;0;392;654;3;0;0;5732978;5308174;382613;588;5717119;527511;325;0;0
FR;2;2021-11-22;1278;2573;4485;5;1672;5401;9;0;0;5734256;5310747;387098;593;5718791;532912;334;0;0
FR;2;2021-11-23;1617;4273;8206;9;2535;9919;6;0;0;5735873;5315020;395304;602;5721326;542831;340;0;0
FR;2;2021-11-24;1421;3750;7485;14;2248;8736;9;0;0;5737294;5318770;402789;616;5723574;551567;349;0;0
FR;2;2021-11-25;1813;4865;11472;21;2684;13666;6;0;0;5739107;5323635;414261;637;5726258;565233;355;0;0
FR;2;2021-11-26;2541;7736;22674;31;3814;26088;14;0;0;5741648;5331371;436935;668;5730072;591321;369;0;0
FR;2;2021-11-27;1498;4141;12276;19;2129;14036;13;0;0;5743146;5335512;449211;687;5732201;605357;382;0;0
FR;2;2021-11-28;292;837;1976;3;479;2303;5;0;0;5743438;5336349;451187;690;5732680;607660;387;0;0
FR;2;2021-11-29;1447;4351;15099;23;2012;17269;25;0;0;5744885;5340700;466286;713;5734692;624929;412;0;0
FR;2;2021-11-30;1912;6657;26247;36;2641;30008;22;0;0;5746797;5347357;492533;749;5737333;654937;434;0;0
FR;2;2021-12-01;1916;6012;26209;31;2480;29520;20;0;0;5748713;5353369;518742;780;5739813;684457;454;0;0
FR;2;2021-12-02;1915;6783;37731;52;2116;41988;32;0;0;5750628;5360152;556473;832;5741929;726445;486;0;0
FR;2;2021-12-03;2558;10071;53637;111;3596;59383;30;0;0;5753186;5370223;610110;943;5745525;785828;516;0;0
FR;2;2021-12-04;1850;6275;37128;38;2185;40816;16;0;0;5755036;5376498;647238;981;5747710;826644;532;0;0
FR;2;2021-12-05;458;2247;14263;14;536;15990;7;0;0;5755494;5378745;661501;995;5748246;842634;539;0;0
FR;2;2021-12-06;2487;9855;77731;109;2704;84785;25;0;0;5757981;5388600;739232;1104;5750950;927419;564;0;0
FR;2;2021-12-07;3457;15282;122468;238;3741;133785;40;0;0;5761438;5403882;861700;1342;5754691;1061204;604;0;0
FR;2;2021-12-08;3725;15982;133221;330;3856;145412;54;0;0;5765163;5419864;994921;1672;5758547;1206616;658;0;0
FR;2;2021-12-09;4545;19628;170237;554;4170;185634;60;0;0;5769708;5439492;1165158;2226;5762717;1392250;718;0;0
FR;2;2021-12-10;4676;22807;188696;490;5015;206184;69;0;0;5774384;5462299;1353854;2716;5767732;1598434;787;0;0
FR;2;2021-12-11;3688;16618;132466;239;3666;144929;60;0;0;5778072;5478917;1486320;2955;5771398;1743363;847;0;0
FR;2;2021-12-12;1256;7122;59115;83;1016;65171;12;0;0;5779328;5486039;1545435;3038;5772414;1808534;859;0;0
FR;2;2021-12-13;5530;26820;220725;605;5230;243024;159;0;0;5784858;5512859;1766160;3643;5777644;2051558;1018;0;0
FR;2;2021-12-14;7018;37457;300801;909;6145;332264;190;0;0;5791876;5550316;2066961;4552;5783789;2383822;1208;0;0
FR;2;2021-12-15;6556;36224;285259;957;5872;315899;185;0;0;5798432;5586540;2352220;5509;5789661;2699721;1393;0;0
FR;2;2021-12-16;7765;37915;312173;982;6568;343805;184;0;0;5806197;5624455;2664393;6491;5796229;3043526;1577;0;0
FR;2;2021-12-17;8681;41189;327904;976;8023;360980;231;0;0;5814878;5665644;2992297;7467;5804252;3404506;1808;0;0
FR;2;2021-12-18;6514;26534;212370;448;4905;233676;120;0;0;5821392;5692178;3204667;7915;5809157;3638182;1928;0;0
FR;2;2021-12-19;2604;11406;90227;182;1657;100359;26;0;0;5823996;5703584;3294894;8097;5810814;3738541;1954;0;0
FR;2;2021-12-20;9548;33520;275254;707;6594;303399;209;0;0;5833544;5737104;3570148;8804;5817408;4041940;2163;0;0
FR;2;2021-12-21;11565;38284;309655;968;7379;341436;260;0;0;5845109;5775388;3879803;9772;5824787;4383376;2423;0;0
FR;2;2021-12-22;10458;32779;265139;952;6443;292497;316;0;1;5855567;5808167;4144942;10724;5831230;4675873;2739;0;1
FR;2;2021-12-23;9426;26621;199531;701;5880;221286;226;0;0;5864993;5834788;4344473;11425;5837110;4897159;2965;0;1
FR;2;2021-12-24;2783;7473;43864;140;2038;49564;78;0;0;5867776;5842261;4388337;11565;5839148;4946723;3043;0;1
FR;2;2021-12-25;201;674;2003;10;209;2481;15;0;0;5867977;5842935;4390340;11575;5839357;4949204;3058;0;1
FR;2;2021-12-26;1320;4217;25160;71;1052;28694;70;0;0;5869297;5847152;4415500;11646;5840409;4977898;3128;0;1
FR;2;2021-12-27;8076;29922;218432;659;6623;243378;294;0;0;5877373;5877074;4633932;12305;5847032;5221276;3422;0;1
FR;2;2021-12-28;9834;36294;272112;742;6987;302011;957;0;1;5887207;5913368;4906044;13047;5854019;5523287;4379;0;2
FR;2;2021-12-29;9498;32227;246145;765;6406;272694;1088;0;0;5896705;5945595;5152189;13812;5860425;5795981;5467;0;2
FR;2;2021-12-30;9461;28078;208839;663;5976;231457;1156;0;0;5906166;5973673;5361028;14475;5866401;6027438;6623;0;2
FR;2;2021-12-31;3011;8343;54990;176;2171;61233;392;0;0;5909177;5982016;5416018;14651;5868572;6088671;7015;0;2
FR;2;2022-01-01;231;690;2858;7;205;3352;29;0;0;5909408;5982706;5418876;14658;5868777;6092023;7044;0;2
FR;2;2022-01-02;1503;4854;29524;76;1166;33413;218;0;0;5910911;5987560;5448400;14734;5869943;6125436;7262;0;2
FR;2;2022-01-03;9605;35398;266541;806;8499;293917;1673;0;0;5920516;6022958;5714941;15540;5878442;6419353;8935;0;2
FR;2;2022-01-04;12855;45419;342099;1068;9970;377058;2458;0;1;5933371;6068377;6057040;16608;5888412;6796411;11393;0;3
FR;2;2022-01-05;11273;38623;294215;884;8632;323850;2154;0;2;5944644;6107000;6351255;17492;5897044;7120261;13547;0;5
FR;2;2022-01-06;13655;43494;331957;1298;9942;364766;2979;0;1;5958299;6150494;6683212;18790;5906986;7485027;16526;0;6
FR;2;2022-01-07;14225;47617;361116;1271;11238;396460;3160;0;0;5972524;6198111;7044328;20061;5918224;7881487;19686;0;6
FR;2;2022-01-08;7946;28135;201271;515;7207;221702;1528;0;2;5980470;6226246;7245599;20576;5925431;8103189;21214;0;8
FR;2;2022-01-09;2749;8950;62529;137;2073;69494;493;0;0;5983219;6235196;7308128;20713;5927504;8172683;21707;0;8
FR;2;2022-01-10;10099;31907;232505;859;8903;255079;2460;0;0;5993318;6267103;7540633;21572;5936407;8427762;24167;0;8
FR;2;2022-01-11;11468;36240;265939;1029;10060;290646;3379;0;1;6004786;6303343;7806572;22601;5946467;8718408;27546;0;9
FR;2;2022-01-12;8766;29783;206335;863;8718;226170;2799;0;5;6013552;6333126;8012907;23464;5955185;8944578;30345;0;14
FR;2;2022-01-13;9387;31333;224507;831;9036;244854;3462;0;4;6022939;6364459;8237414;24295;5964221;9189432;33807;0;18
FR;2;2022-01-14;9743;35584;254550;920;9847;277653;3983;0;1;6032682;6400043;8491964;25215;5974068;9467085;37790;0;19
FR;2;2022-01-15;5361;19450;140784;363;5324;153646;1928;0;0;6038043;6419493;8632748;25578;5979392;9620731;39718;0;19
FR;2;2022-01-16;1512;5461;35891;81;1618;39821;424;0;0;6039555;6424954;8668639;25659;5981010;9660552;40142;0;19
FR;2;2022-01-17;5546;19267;135418;601;6603;147262;2264;0;2;6045101;6444221;8804057;26260;5987613;9807814;42406;0;21
FR;2;2022-01-18;6423;21479;148643;647;7522;160463;3311;0;0;6051524;6465700;8952700;26907;5995135;9968277;45717;0;21
FR;2;2022-01-19;4397;16307;105109;552;6207;113701;2411;0;1;6055921;6482007;9057809;27459;6001342;10081978;48128;0;22
FR;2;2022-01-20;4873;17576;115304;603;7070;123696;3111;0;2;6060794;6499583;9173113;28062;6008412;10205674;51239;0;24
FR;2;2022-01-21;5198;20040;137356;679;7169;147775;3454;0;1;6065992;6519623;9310469;28741;6015581;10353449;54693;0;25
FR;2;2022-01-22;3034;10954;74263;260;3956;80335;1428;0;0;6069026;6530577;9384732;29001;6019537;10433784;56121;0;25
FR;2;2022-01-23;724;2707;15243;41;1055;16826;238;0;0;6069750;6533284;9399975;29042;6020592;10450610;56359;0;25
FR;2;2022-01-24;3290;12799;75083;431;5844;81023;1994;0;2;6073040;6546083;9475058;29473;6026436;10531633;58353;0;27
FR;2;2022-01-25;3575;14403;79632;496;6648;85458;2879;0;4;6076615;6560486;9554690;29969;6033084;10617091;61232;0;31
FR;2;2022-01-26;2515;10706;58984;363;5331;63037;1958;0;1;6079130;6571192;9613674;30332;6038415;10680128;63190;0;32
FR;2;2022-01-27;2684;11380;64181;389;5738;67961;2461;0;1;6081814;6582572;9677855;30721;6044153;10748089;65651;0;33
FR;2;2022-01-28;3551;18266;91727;430;8614;98910;3400;0;1;6085365;6600838;9769582;31151;6052767;10846999;69051;0;34
FR;2;2022-01-29;1894;9237;48853;164;4170;52929;1374;0;1;6087259;6610075;9818435;31315;6056937;10899928;70425;0;35
FR;2;2022-01-30;464;2209;9455;38;1052;10584;203;0;0;6087723;6612284;9827890;31353;6057989;10910512;70628;0;35
FR;2;2022-01-31;1890;9557;43834;209;4714;47325;1885;0;2;6089613;6621841;9871724;31562;6062703;10957837;72513;0;37
FR;2;2022-02-01;1916;10021;47031;279;4798;50082;2708;0;0;6091529;6631862;9918755;31841;6067501;11007919;75221;0;37
FR;2;2022-02-02;1614;8977;41124;250;4192;44153;2189;0;1;6093143;6640839;9959879;32091;6071693;11052072;77410;0;38
FR;2;2022-02-03;1728;8934;40526;205;4373;42913;2641;0;2;6094871;6649773;10000405;32296;6076066;11094985;80051;0;40
FR;2;2022-02-04;2152;15168;66649;299;7381;71320;3671;0;1;6097023;6664941;10067054;32595;6083447;11166305;83722;0;41
FR;2;2022-02-05;1360;8520;35948;132;4215;39224;1370;0;0;6098383;6673461;10103002;32727;6087662;11205529;85092;0;41
FR;2;2022-02-06;275;1763;6129;16;841;6900;217;0;0;6098658;6675224;10109131;32743;6088503;11212429;85309;0;41
FR;2;2022-02-07;1352;9548;37758;134;4535;41291;1888;0;2;6100010;6684772;10146889;32877;6093038;11253720;87197;0;43
FR;2;2022-02-08;1299;9832;40956;173;4644;43750;2741;0;1;6101309;6694604;10187845;33050;6097682;11297470;89938;0;44
FR;2;2022-02-09;1160;8841;37040;174;3804;40465;1901;0;2;6102469;6703445;10224885;33224;6101486;11337935;91839;0;46
FR;2;2022-02-10;1029;8001;33837;204;3605;36511;2051;0;1;6103498;6711446;10258722;33428;6105091;11374446;93890;0;47
FR;2;2022-02-11;1391;12086;53347;223;5282;57700;2888;0;0;6104889;6723532;10312069;33651;6110373;11432146;96778;0;47
FR;2;2022-02-12;754;6535;27987;86;2793;30807;1112;0;2;6105643;6730067;10340056;33737;6113166;11462953;97890;0;49
FR;2;2022-02-13;200;1340;4836;20;562;5577;141;0;0;6105843;6731407;10344892;33757;6113728;11468530;98031;0;49
FR;2;2022-02-14;835;6732;30274;91;2599;33233;1398;0;1;6106678;6738139;10375166;33848;6116327;11501763;99429;0;50
FR;2;2022-02-15;774;6473;28051;140;2801;29993;1966;0;2;6107452;6744612;10403217;33988;6119128;11531756;101395;0;52
FR;2;2022-02-16;657;5361;22067;124;2526;23632;1569;0;3;6108109;6749973;10425284;34112;6121654;11555388;102964;0;55
FR;2;2022-02-17;518;3786;14152;98;2131;14617;1406;0;2;6108627;6753759;10439436;34210;6123785;11570005;104370;0;57
FR;2;2022-02-18;723;5368;20443;134;3040;21130;1895;0;0;6109350;6759127;10459879;34344;6126825;11591135;106265;0;57
FR;2;2022-02-19;430;3061;10532;66;1699;11246;753;0;2;6109780;6762188;10470411;34410;6128524;11602381;107018;0;59
FR;2;2022-02-20;102;518;1463;3;314;1611;100;0;0;6109882;6762706;10471874;34413;6128838;11603992;107118;0;59
FR;2;2022-02-21;422;2685;9122;65;1569;9499;930;0;0;6110304;6765391;10480996;34478;6130407;11613491;108048;0;59
FR;2;2022-02-22;393;2567;8894;77;1621;8797;1180;0;0;6110697;6767958;10489890;34555;6132028;11622288;109228;0;59
FR;2;2022-02-23;432;2605;8992;82;1522;9269;1022;0;0;6111129;6770563;10498882;34637;6133550;11631557;110250;0;59
FR;2;2022-02-24;314;2039;6803;82;1251;6833;870;0;0;6111443;6772602;10505685;34719;6134801;11638390;111120;0;59
FR;2;2022-02-25;456;3207;11420;107;1977;11284;1559;0;3;6111899;6775809;10517105;34826;6136778;11649674;112679;0;62
FR;2;2022-02-26;297;1892;6038;49;1161;6345;587;0;1;6112196;6777701;10523143;34875;6137939;11656019;113266;0;63
FR;2;2022-02-27;76;313;907;5;214;950;98;0;0;6112272;6778014;10524050;34880;6138153;11656969;113364;0;63
FR;2;2022-02-28;330;1688;5525;53;1087;5531;733;0;0;6112602;6779702;10529575;34933;6139240;11662500;114097;0;63
FR;2;2022-03-01;279;1569;5484;46;952;5201;964;0;2;6112881;6781271;10535059;34979;6140192;11667701;115061;0;65
FR;2;2022-03-02;298;1446;5248;45;878;5092;815;0;1;6113179;6782717;10540307;35024;6141070;11672793;115876;0;66
FR;2;2022-03-03;226;1112;3709;42;721;3486;668;0;1;6113405;6783829;10544016;35066;6141791;11676279;116544;0;67
FR;2;2022-03-04;243;1469;4860;74;983;4506;950;0;1;6113648;6785298;10548876;35140;6142774;11680785;117494;0;68
FR;2;2022-03-05;174;906;2981;34;612;2725;561;0;0;6113822;6786204;10551857;35174;6143386;11683510;118055;0;68
FR;2;2022-03-06;42;183;280;5;105;320;52;0;0;6113864;6786387;10552137;35179;6143491;11683830;118107;0;68
FR;2;2022-03-07;157;659;1988;70;491;1778;472;0;0;6114021;6787046;10554125;35249;6143982;11685608;118579;0;68
FR;2;2022-03-08;144;670;2272;53;461;1907;619;0;0;6114165;6787716;10556397;35302;6144443;11687515;119198;0;68
FR;2;2022-03-09;156;709;2349;37;473;2051;616;0;0;6114321;6788425;10558746;35339;6144916;11689566;119814;0;68
FR;2;2022-03-10;123;603;1695;35;446;1470;456;0;1;6114444;6789028;10560441;35374;6145362;11691036;120270;0;69
FR;2;2022-03-11;172;757;2770;57;505;2369;737;0;1;6114616;6789785;10563211;35431;6145867;11693405;121007;0;70
FR;2;2022-03-12;149;485;1787;27;331;1557;450;0;0;6114765;6790270;10564998;35458;6146198;11694962;121457;0;70
FR;2;2022-03-13;25;75;203;30;45;204;69;0;0;6114790;6790345;10565201;35488;6146243;11695166;121526;0;70
FR;2;2022-03-14;129;470;1572;529;333;1301;951;0;0;6114919;6790815;10566773;36017;6146576;11696467;122477;0;70
FR;2;2022-03-15;138;441;1713;691;333;1333;1186;0;1;6115057;6791256;10568486;36708;6146909;11697800;123663;0;71
FR;2;2022-03-16;142;476;2013;1616;331;1593;2160;0;2;6115199;6791732;10570499;38324;6147240;11699393;125823;0;73
FR;2;2022-03-17;94;413;1412;1192;273;1148;1576;0;1;6115293;6792145;10571911;39516;6147513;11700541;127399;0;74
FR;2;2022-03-18;147;496;2025;1795;335;1668;2313;0;1;6115440;6792641;10573936;41311;6147848;11702209;129712;0;75
FR;2;2022-03-19;108;321;1210;941;219;1015;1259;0;0;6115548;6792962;10575146;42252;6148067;11703224;130971;0;75
FR;2;2022-03-20;13;77;191;59;39;168;115;0;0;6115561;6793039;10575337;42311;6148106;11703392;131086;0;75
FR;2;2022-03-21;98;307;1218;1483;180;1081;1760;0;1;6115659;6793346;10576555;43794;6148286;11704473;132846;0;76
FR;2;2022-03-22;118;391;1531;1830;244;1293;2218;0;0;6115777;6793737;10578086;45624;6148530;11705766;135064;0;76
FR;2;2022-03-23;137;361;1678;3032;232;1473;3374;0;6;6115914;6794098;10579764;48656;6148762;11707239;138438;0;82
FR;2;2022-03-24;117;293;1183;1548;186;1001;1814;0;8;6116031;6794391;10580947;50204;6148948;11708240;140252;0;90
FR;2;2022-03-25;119;361;1806;2451;238;1476;2837;0;8;6116150;6794752;10582753;52655;6149186;11709716;143089;0;98
FR;2;2022-03-26;79;247;1205;1222;138;953;1531;0;5;6116229;6794999;10583958;53877;6149324;11710669;144620;0;103
FR;2;2022-03-27;19;36;154;100;19;133;144;0;0;6116248;6795035;10584112;53977;6149343;11710802;144764;0;103
FR;2;2022-03-28;94;288;1138;1602;187;995;1834;0;6;6116342;6795323;10585250;55579;6149530;11711797;146598;0;109
FR;2;2022-03-29;108;258;1325;2467;167;1105;2760;0;4;6116450;6795581;10586575;58046;6149697;11712902;149358;0;113
FR;2;2022-03-30;91;312;1489;3185;163;1320;3422;0;2;6116541;6795893;10588064;61231;6149860;11714222;152780;0;115
FR;2;2022-03-31;104;284;1277;2332;172;1092;2616;0;3;6116645;6796177;10589341;63563;6150032;11715314;155396;0;118
FR;2;2022-04-01;123;324;1568;2349;164;1323;2667;0;7;6116768;6796501;10590909;65912;6150196;11716637;158063;0;125
FR;2;2022-04-02;81;161;845;891;83;737;1052;0;1;6116849;6796662;10591754;66803;6150279;11717374;159115;0;126
FR;2;2022-04-03;16;53;128;113;27;142;133;0;1;6116865;6796715;10591882;66916;6150306;11717516;159248;0;127
FR;2;2022-04-04;113;241;990;1447;143;799;1693;0;5;6116978;6796956;10592872;68363;6150449;11718315;160941;0;132
FR;2;2022-04-05;143;301;1317;2914;161;1145;3143;0;17;6117121;6797257;10594189;71277;6150610;11719460;164084;0;149
FR;2;2022-04-06;89;260;1307;2523;128;1130;2688;0;10;6117210;6797517;10595496;73800;6150738;11720590;166772;0;159
FR;2;2022-04-07;120;230;1303;2682;141;1042;2958;0;8;6117330;6797747;10596799;76482;6150879;11721632;169730;0;167
FR;2;2022-04-08;126;346;1635;3352;182;1328;3642;0;12;6117456;6798093;10598434;79834;6151061;11722960;173372;0;179
FR;2;2022-04-09;90;219;900;1046;144;732;1288;0;4;6117546;6798312;10599334;80880;6151205;11723692;174660;0;183
FR;2;2022-04-10;37;48;143;162;45;119;200;0;1;6117583;6798360;10599477;81042;6151250;11723811;174860;0;184
FR;2;2022-04-11;88;195;892;1560;121;782;1718;0;6;6117671;6798555;10600369;82602;6151371;11724593;176578;0;190
FR;2;2022-04-12;176;273;1183;2770;175;1062;2903;0;8;6117847;6798828;10601552;85372;6151546;11725655;179481;0;198
FR;2;2022-04-13;147;231;1125;2477;110;989;2671;0;11;6117994;6799059;10602677;87849;6151656;11726644;182152;0;209
FR;2;2022-04-14;115;226;1085;2677;113;919;2911;0;18;6118109;6799285;10603762;90526;6151769;11727563;185063;0;227
FR;2;2022-04-15;114;260;1221;2304;130;1078;2544;0;7;6118223;6799545;10604983;92830;6151899;11728641;187607;0;234
FR;2;2022-04-16;67;108;548;549;68;459;675;0;9;6118290;6799653;10605531;93379;6151967;11729100;188282;0;243
FR;2;2022-04-17;15;27;57;53;16;53;71;0;0;6118305;6799680;10605588;93432;6151983;11729153;188353;0;243
FR;2;2022-04-18;12;35;121;70;18;116;95;0;0;6118317;6799715;10605709;93502;6152001;11729269;188448;0;243
FR;2;2022-04-19;112;237;1120;1750;149;951;1934;0;9;6118429;6799952;10606829;95252;6152150;11730220;190382;0;252
FR;2;2022-04-20;95;241;1110;2172;125;934;2366;0;14;6118524;6800193;10607939;97424;6152275;11731154;192748;0;266
FR;2;2022-04-21;111;233;983;1912;125;838;2141;0;10;6118635;6800426;10608922;99336;6152400;11731992;194889;0;276
FR;2;2022-04-22;100;276;1242;2102;141;1023;2440;0;11;6118735;6800702;10610164;101438;6152541;11733015;197329;0;287
FR;2;2022-04-23;67;156;645;762;107;574;862;0;8;6118802;6800858;10610809;102200;6152648;11733589;198191;0;295
FR;2;2022-04-24;12;30;101;68;12;79;100;0;0;6118814;6800888;10610910;102268;6152660;11733668;198291;0;295
FR;2;2022-04-25;104;204;821;1329;103;711;1527;0;15;6118918;6801092;10611731;103597;6152763;11734379;199818;0;310
FR;2;2022-04-26;110;184;1041;2022;118;879;2219;0;18;6119028;6801276;10612772;105619;6152881;11735258;202037;0;328
FR;2;2022-04-27;98;181;860;1784;122;764;1806;0;7;6119126;6801457;10613632;107403;6153003;11736022;203843;0;335
FR;2;2022-04-28;93;214;950;1931;128;843;2087;0;12;6119219;6801671;10614582;109334;6153131;11736865;205930;0;347
FR;2;2022-04-29;81;280;1131;1697;131;1040;1876;0;11;6119300;6801951;10615713;111031;6153262;11737905;207806;0;358
FR;2;2022-04-30;66;126;471;540;79;430;628;0;9;6119366;6802077;10616184;111571;6153341;11738335;208434;0;367
FR;2;2022-05-01;23;24;84;49;20;85;61;0;1;6119389;6802101;10616268;111620;6153361;11738420;208495;0;368
FR;2;2022-05-02;115;232;762;1217;141;660;1375;0;5;6119504;6802333;10617030;112837;6153502;11739080;209870;0;373
FR;2;2022-05-03;152;233;999;1781;156;938;1895;0;14;6119656;6802566;10618029;114618;6153658;11740018;211765;0;387
FR;2;2022-05-04;90;226;924;1810;116;867;1821;0;13;6119746;6802792;10618953;116428;6153774;11740885;213586;0;400
FR;2;2022-05-05;127;197;856;1732;146;773;1848;0;10;6119873;6802989;10619809;118160;6153920;11741658;215434;0;410
FR;2;2022-05-06;133;246;1100;1855;139;1016;2052;0;16;6120006;6803235;10620909;120015;6154059;11742674;217486;0;426
FR;2;2022-05-07;40;99;470;504;61;406;593;0;4;6120046;6803334;10621379;120519;6154120;11743080;218079;0;430
FR;2;2022-05-08;48;54;107;71;41;102;101;0;0;6120094;6803388;10621486;120590;6154161;11743182;218180;0;430
FR;2;2022-05-09;101;174;654;986;103;604;1130;0;9;6120195;6803562;10622140;121576;6154264;11743786;219310;0;439
FR;2;2022-05-10;121;252;938;1841;155;893;1965;0;23;6120316;6803814;10623078;123417;6154419;11744679;221275;0;462
FR;2;2022-05-11;103;179;813;1878;117;792;1867;0;8;6120419;6803993;10623891;125295;6154536;11745471;223142;0;470
FR;2;2022-05-12;111;174;845;2096;116;803;2213;0;21;6120530;6804167;10624736;127391;6154652;11746274;225355;0;491
FR;2;2022-05-13;100;236;969;2097;122;900;2273;0;13;6120630;6804403;10625705;129488;6154774;11747174;227628;0;504
FR;2;2022-05-14;76;124;451;553;93;411;632;0;6;6120706;6804527;10626156;130041;6154867;11747585;228260;0;510
FR;2;2022-05-15;24;39;94;88;20;108;95;0;1;6120730;6804566;10626250;130129;6154887;11747693;228355;0;511
FR;2;2022-05-16;102;170;601;925;115;537;1037;0;11;6120832;6804736;10626851;131054;6155002;11748230;229392;0;522
FR;2;2022-05-17;95;184;690;1685;119;658;1737;0;8;6120927;6804920;10627541;132739;6155121;11748888;231129;0;530
FR;2;2022-05-18;80;181;643;1431;97;648;1486;0;10;6121007;6805101;10628184;134170;6155218;11749536;232615;0;540
FR;2;2022-05-19;73;161;709;1830;81;751;1816;0;12;6121080;6805262;10628893;136000;6155299;11750287;234431;0;552
FR;2;2022-05-20;107;181;874;1701;111;779;1849;0;17;6121187;6805443;10629767;137701;6155410;11751066;236280;0;569
FR;2;2022-05-21;48;96;398;517;71;339;581;0;8;6121235;6805539;10630165;138218;6155481;11751405;236861;0;577
FR;2;2022-05-22;8;23;69;37;18;57;56;0;0;6121243;6805562;10630234;138255;6155499;11751462;236917;0;577
FR;2;2022-05-23;86;133;498;931;100;469;967;0;7;6121329;6805695;10630732;139186;6155599;11751931;237884;0;584
FR;2;2022-05-24;87;164;627;1626;103;615;1680;0;17;6121416;6805859;10631359;140812;6155702;11752546;239564;0;601
FR;2;2022-05-25;72;146;539;1148;90;494;1259;0;5;6121488;6806005;10631898;141960;6155792;11753040;240823;0;606
FR;2;2022-05-26;11;31;77;45;13;85;56;0;1;6121499;6806036;10631975;142005;6155805;11753125;240879;0;607
FR;2;2022-05-27;44;124;456;818;68;438;893;0;9;6121543;6806160;10632431;142823;6155873;11753563;241772;0;616
FR;2;2022-05-28;28;60;221;244;29;221;266;0;1;6121571;6806220;10632652;143067;6155902;11753784;242038;0;617
FR;2;2022-05-29;13;34;43;25;22;51;28;0;0;6121584;6806254;10632695;143092;6155924;11753835;242066;0;617
FR;2;2022-05-30;65;109;424;755;60;409;806;0;6;6121649;6806363;10633119;143847;6155984;11754244;242872;0;623
FR;2;2022-05-31;76;135;564;1277;92;511;1303;0;12;6121725;6806498;10633683;145124;6156076;11754755;244175;0;635
FR;2;2022-06-01;59;158;564;1075;84;543;1170;0;6;6121784;6806656;10634247;146199;6156160;11755298;245345;0;641
FR;2;2022-06-02;92;178;625;1414;109;592;1520;0;12;6121876;6806834;10634872;147613;6156269;11755890;246865;0;653
FR;2;2022-06-03;71;156;668;1605;95;595;1694;0;19;6121947;6806990;10635540;149218;6156364;11756485;248559;0;672
FR;2;2022-06-04;69;93;283;433;66;269;475;0;11;6122016;6807083;10635823;149651;6156430;11756754;249034;0;683
FR;2;2022-06-05;12;17;63;57;16;47;74;0;1;6122028;6807100;10635886;149708;6156446;11756801;249108;0;684
FR;2;2022-06-06;12;40;92;76;29;92;80;0;4;6122040;6807140;10635978;149784;6156475;11756893;249188;0;688
FR;2;2022-06-07;99;222;667;1535;154;577;1661;0;10;6122139;6807362;10636645;151319;6156629;11757470;250849;0;698
FR;2;2022-06-08;70;119;476;1166;76;411;1262;0;5;6122209;6807481;10637121;152485;6156705;11757881;252111;0;703
FR;2;2022-06-09;93;166;613;1923;107;571;1927;0;18;6122302;6807647;10637734;154408;6156812;11758452;254038;0;721
FR;2;2022-06-10;93;168;650;1683;107;622;1774;0;23;6122395;6807815;10638384;156091;6156919;11759074;255812;0;744
FR;2;2022-06-11;44;85;287;529;42;258;583;0;5;6122439;6807900;10638671;156620;6156961;11759332;256395;0;749
FR;2;2022-06-12;18;38;58;78;27;60;78;0;0;6122457;6807938;10638729;156698;6156988;11759392;256473;0;749
FR;2;2022-06-13;39;121;395;953;63;379;1021;0;6;6122496;6808059;10639124;157651;6157051;11759771;257494;0;755
FR;2;2022-06-14;68;157;599;2088;101;537;2189;0;14;6122564;6808216;10639723;159739;6157152;11760308;259683;0;769
FR;2;2022-06-15;78;104;520;1503;84;444;1638;0;10;6122642;6808320;10640243;161242;6157236;11760752;261321;0;779
FR;2;2022-06-16;127;128;496;1411;123;423;1526;0;12;6122769;6808448;10640739;162653;6157359;11761175;262847;0;791
FR;2;2022-06-17;73;138;589;1817;88;516;1921;0;16;6122842;6808586;10641328;164470;6157447;11761691;264768;0;807
FR;2;2022-06-18;76;93;224;579;81;196;630;0;4;6122918;6808679;10641552;165049;6157528;11761887;265398;0;811
FR;2;2022-06-19;11;17;53;71;7;41;90;0;2;6122929;6808696;10641605;165120;6157535;11761928;265488;0;813
FR;2;2022-06-20;62;125;401;1028;72;392;1105;0;10;6122991;6808821;10642006;166148;6157607;11762320;266593;0;823
FR;2;2022-06-21;108;115;526;2126;104;455;2163;0;22;6123099;6808936;10642532;168274;6157711;11762775;268756;0;845
FR;2;2022-06-22;39;110;462;1889;57;415;1971;0;25;6123138;6809046;10642994;170163;6157768;11763190;270727;0;870
FR;2;2022-06-23;58;108;537;2282;67;452;2400;0;30;6123196;6809154;10643531;172445;6157835;11763642;273127;0;900
FR;2;2022-06-24;66;122;709;3199;65;571;3339;0;38;6123262;6809276;10644240;175644;6157900;11764213;276466;0;938
FR;2;2022-06-25;30;90;298;987;55;254;1040;0;13;6123292;6809366;10644538;176631;6157955;11764467;277506;0;951
FR;2;2022-06-26;30;27;131;194;29;97;236;0;5;6123322;6809393;10644669;176825;6157984;11764564;277742;0;956
FR;2;2022-06-27;79;137;582;2489;94;483;2622;0;39;6123401;6809530;10645251;179314;6158078;11765047;280364;0;995
FR;2;2022-06-28;110;140;812;4817;81;650;4894;0;54;6123511;6809670;10646063;184131;6158159;11765697;285258;0;1049
FR;2;2022-06-29;73;150;776;4436;80;637;4532;0;56;6123584;6809820;10646839;188567;6158239;11766334;289790;0;1105
FR;2;2022-06-30;72;133;832;5177;71;618;5397;0;79;6123656;6809953;10647671;193744;6158310;11766952;295187;0;1184
FR;2;2022-07-01;113;161;1153;6691;94;853;6944;0;92;6123769;6810114;10648824;200435;6158404;11767805;302131;0;1276
FR;2;2022-07-02;69;132;474;1976;82;392;2067;0;27;6123838;6810246;10649298;202411;6158486;11768197;304198;0;1303
FR;2;2022-07-03;23;30;147;334;21;131;357;0;8;6123861;6810276;10649445;202745;6158507;11768328;304555;0;1311
FR;2;2022-07-04;120;185;775;3785;113;612;3972;0;49;6123981;6810461;10650220;206530;6158620;11768940;308527;0;1360
FR;2;2022-07-05;119;187;1121;6818;120;828;6999;0;85;6124100;6810648;10651341;213348;6158740;11769768;315526;0;1445
FR;2;2022-07-06;92;151;951;5807;94;697;5933;0;84;6124192;6810799;10652292;219155;6158834;11770465;321459;0;1529
FR;2;2022-07-07;81;185;1020;6501;115;751;6732;0;101;6124273;6810984;10653312;225656;6158949;11771216;328191;0;1630
FR;2;2022-07-08;65;122;1095;7044;51;758;7235;0;123;6124338;6811106;10654407;232700;6159000;11771974;335426;0;1753
FR;2;2022-07-09;34;62;418;1869;31;299;1920;0;33;6124372;6811168;10654825;234569;6159031;11772273;337346;0;1786
FR;2;2022-07-10;6;17;97;315;8;83;327;0;5;6124378;6811185;10654922;234884;6159039;11772356;337673;0;1791
FR;2;2022-07-11;68;121;683;3826;76;541;3901;0;67;6124446;6811306;10655605;238710;6159115;11772897;341574;0;1858
FR;2;2022-07-12;102;180;1054;6517;107;809;6725;0;119;6124548;6811486;10656659;245227;6159222;11773706;348299;0;1977
FR;2;2022-07-13;65;127;879;4664;75;591;4830;0;78;6124613;6811613;10657538;249891;6159297;11774297;353129;0;2055
FR;2;2022-07-14;6;13;88;250;8;59;269;0;8;6124619;6811626;10657626;250141;6159305;11774356;353398;0;2063
FR;2;2022-07-15;61;129;739;3794;53;560;3960;0;75;6124680;6811755;10658365;253935;6159358;11774916;357358;0;2138
FR;2;2022-07-16;27;54;289;1030;30;242;1076;0;25;6124707;6811809;10658654;254965;6159388;11775158;358434;0;2163
FR;2;2022-07-17;5;12;78;201;6;67;207;0;6;6124712;6811821;10658732;255166;6159394;11775225;358641;0;2169
FR;2;2022-07-18;57;103;514;2509;61;384;2648;0;59;6124769;6811924;10659246;257675;6159455;11775609;361289;0;2228
FR;2;2022-07-19;66;133;770;4258;72;555;4447;0;72;6124835;6812057;10660016;261933;6159527;11776164;365736;0;2300
FR;2;2022-07-20;59;117;582;3179;68;430;3278;0;87;6124894;6812174;10660598;265112;6159595;11776594;369014;0;2387
FR;2;2022-07-21;60;110;671;3680;73;485;3797;0;105;6124954;6812284;10661269;268792;6159668;11777079;372811;0;2492
FR;2;2022-07-22;51;99;699;3550;48;506;3700;0;80;6125005;6812383;10661968;272342;6159716;11777585;376511;0;2572
FR;2;2022-07-23;39;97;290;1173;52;229;1226;0;37;6125044;6812480;10662258;273515;6159768;11777814;377737;0;2609
FR;2;2022-07-24;14;24;69;201;19;68;203;0;7;6125058;6812504;10662327;273716;6159787;11777882;377940;0;2616
FR;2;2022-07-25;50;71;405;1938;60;300;2000;0;56;6125108;6812575;10662732;275654;6159847;11778182;379940;0;2672
FR;2;2022-07-26;57;133;606;3423;66;477;3496;0;113;6125165;6812708;10663338;279077;6159913;11778659;383436;0;2785
FR;2;2022-07-27;42;81;457;2782;50;361;2801;0;89;6125207;6812789;10663795;281859;6159963;11779020;386237;0;2874
FR;2;2022-07-28;29;75;450;2486;36;357;2490;0;78;6125236;6812864;10664245;284345;6159999;11779377;388727;0;2952
FR;2;2022-07-29;68;88;535;2857;63;347;2978;0;73;6125304;6812952;10664780;287202;6160062;11779724;391705;0;3025
FR;2;2022-07-30;22;39;163;775;32;110;795;0;24;6125326;6812991;10664943;287977;6160094;11779834;392500;0;3049
FR;2;2022-07-31;6;13;27;104;12;21;110;0;2;6125332;6813004;10664970;288081;6160106;11779855;392610;0;3051
FR;2;2022-08-01;38;105;323;1261;73;260;1343;0;29;6125370;6813109;10665293;289342;6160179;11780115;393953;0;3080
FR;2;2022-08-02;49;75;325;2061;50;247;2097;0;78;6125419;6813184;10665618;291403;6160229;11780362;396050;0;3158
FR;2;2022-08-03;29;53;259;1611;25;187;1617;0;57;6125448;6813237;10665877;293014;6160254;11780549;397667;0;3215
FR;2;2022-08-04;40;65;306;1692;39;240;1701;0;66;6125488;6813302;10666183;294706;6160293;11780789;399368;0;3281
FR;2;2022-08-05;33;94;328;1880;67;236;1911;0;60;6125521;6813396;10666511;296586;6160360;11781025;401279;0;3341
FR;2;2022-08-06;22;41;106;365;29;82;372;0;10;6125543;6813437;10666617;296951;6160389;11781107;401651;0;3351
FR;2;2022-08-07;7;8;15;69;5;16;71;0;3;6125550;6813445;10666632;297020;6160394;11781123;401722;0;3354
FR;2;2022-08-08;19;35;219;877;22;147;915;0;33;6125569;6813480;10666851;297897;6160416;11781270;402637;0;3387
FR;2;2022-08-09;29;52;279;1475;41;238;1471;0;50;6125598;6813532;10667130;299372;6160457;11781508;404108;0;3437
FR;2;2022-08-10;16;22;213;1134;19;150;1155;0;46;6125614;6813554;10667343;300506;6160476;11781658;405263;0;3483
FR;2;2022-08-11;21;41;174;1039;26;117;1048;0;40;6125635;6813595;10667517;301545;6160502;11781775;406311;0;3523
FR;2;2022-08-12;36;49;184;1046;37;140;1069;0;35;6125671;6813644;10667701;302591;6160539;11781915;407380;0;3558
FR;2;2022-08-13;9;19;47;149;15;53;137;0;5;6125680;6813663;10667748;302740;6160554;11781968;407517;0;3563
FR;2;2022-08-14;1;2;12;52;1;11;54;0;1;6125681;6813665;10667760;302792;6160555;11781979;407571;0;3564
FR;2;2022-08-15;0;5;32;22;2;21;21;0;3;6125681;6813670;10667792;302814;6160557;11782000;407592;0;3567
FR;2;2022-08-16;27;33;144;681;34;120;678;0;33;6125708;6813703;10667936;303495;6160591;11782120;408270;0;3600
FR;2;2022-08-17;18;26;109;738;18;88;744;0;34;6125726;6813729;10668045;304233;6160609;11782208;409014;0;3634
FR;2;2022-08-18;14;28;160;836;12;107;852;0;42;6125740;6813757;10668205;305069;6160621;11782315;409866;0;3676
FR;2;2022-08-19;8;38;118;706;31;88;706;0;33;6125748;6813795;10668323;305775;6160652;11782403;410572;0;3709
FR;2;2022-08-20;6;26;61;197;16;52;201;0;8;6125754;6813821;10668384;305972;6160668;11782455;410773;0;3717
FR;2;2022-08-21;4;14;15;19;6;13;31;0;0;6125758;6813835;10668399;305991;6160674;11782468;410804;0;3717
FR;2;2022-08-22;11;25;116;395;17;73;451;0;13;6125769;6813860;10668515;306386;6160691;11782541;411255;0;3730
FR;2;2022-08-23;11;42;134;671;23;112;679;0;38;6125780;6813902;10668649;307057;6160714;11782653;411934;0;3768
FR;2;2022-08-24;11;28;87;466;21;80;472;0;18;6125791;6813930;10668736;307523;6160735;11782733;412406;0;3786
FR;2;2022-08-25;8;32;109;481;16;69;516;0;17;6125799;6813962;10668845;308004;6160751;11782802;412922;0;3803
FR;2;2022-08-26;16;46;117;720;36;91;713;0;32;6125815;6814008;10668962;308724;6160787;11782893;413635;0;3835
FR;2;2022-08-27;10;19;47;156;16;42;164;0;2;6125825;6814027;10669009;308880;6160803;11782935;413799;0;3837
FR;2;2022-08-28;1;5;5;15;1;7;16;0;1;6125826;6814032;10669014;308895;6160804;11782942;413815;0;3838
FR;2;2022-08-29;24;43;94;400;29;88;396;0;24;6125850;6814075;10669108;309295;6160833;11783030;414211;0;3862
FR;2;2022-08-30;31;54;154;791;34;119;798;0;29;6125881;6814129;10669262;310086;6160867;11783149;415009;0;3891
FR;2;2022-08-31;19;36;85;392;23;79;393;0;25;6125900;6814165;10669347;310478;6160890;11783228;415402;0;3916
FR;2;2022-09-01;19;43;139;600;25;122;609;0;36;6125919;6814208;10669486;311078;6160915;11783350;416011;0;3952
FR;2;2022-09-02;34;56;146;744;34;158;748;0;32;6125953;6814264;10669632;311822;6160949;11783508;416759;0;3984
FR;2;2022-09-03;17;20;83;205;11;67;213;0;7;6125970;6814284;10669715;312027;6160960;11783575;416972;0;3991
FR;2;2022-09-04;8;5;9;31;2;10;30;0;3;6125978;6814289;10669724;312058;6160962;11783585;417002;0;3994
FR;2;2022-09-05;29;32;126;367;24;98;397;0;24;6126007;6814321;10669850;312425;6160986;11783683;417399;0;4018
FR;2;2022-09-06;43;62;158;761;42;153;767;0;36;6126050;6814383;10670008;313186;6161028;11783836;418166;0;4054
FR;2;2022-09-07;21;20;74;375;16;49;387;0;22;6126071;6814403;10670082;313561;6161044;11783885;418553;0;4076
FR;2;2022-09-08;31;57;109;636;40;100;646;0;22;6126102;6814460;10670191;314197;6161084;11783985;419199;0;4098
FR;2;2022-09-09;18;24;126;753;21;74;746;0;46;6126120;6814484;10670317;314950;6161105;11784059;419945;0;4144
FR;2;2022-09-10;14;24;57;117;16;48;131;0;4;6126134;6814508;10670374;315067;6161121;11784107;420076;0;4148
FR;2;2022-09-11;12;5;11;11;3;13;13;0;0;6126146;6814513;10670385;315078;6161124;11784120;420089;0;4148
FR;2;2022-09-12;20;31;70;340;26;56;352;0;16;6126166;6814544;10670455;315418;6161150;11784176;420441;0;4164
FR;2;2022-09-13;15;34;125;670;13;99;674;0;40;6126181;6814578;10670580;316088;6161163;11784275;421115;0;4204
FR;2;2022-09-14;19;21;81;480;19;59;478;0;36;6126200;6814599;10670661;316568;6161182;11784334;421593;0;4240
FR;2;2022-09-15;22;44;126;486;26;102;493;0;47;6126222;6814643;10670787;317054;6161208;11784436;422086;0;4287
FR;2;2022-09-16;21;31;124;563;17;89;585;0;39;6126243;6814674;10670911;317617;6161225;11784525;422671;0;4326
FR;2;2022-09-17;6;20;56;160;15;52;147;0;13;6126249;6814694;10670967;317777;6161240;11784577;422818;0;4339
FR;2;2022-09-18;4;7;13;37;6;10;37;0;3;6126253;6814701;10670980;317814;6161246;11784587;422855;0;4342
FR;2;2022-09-19;26;24;114;353;16;87;381;0;22;6126279;6814725;10671094;318167;6161262;11784674;423236;0;4364
FR;2;2022-09-20;28;27;117;624;21;84;639;0;38;6126307;6814752;10671211;318791;6161283;11784758;423875;0;4402
FR;2;2022-09-21;15;30;100;393;15;78;418;0;22;6126322;6814782;10671311;319184;6161298;11784836;424293;0;4424
FR;2;2022-09-22;16;39;124;581;18;95;619;0;28;6126338;6814821;10671435;319765;6161316;11784931;424912;0;4452
FR;2;2022-09-23;21;38;135;555;22;111;570;0;39;6126359;6814859;10671570;320320;6161338;11785042;425482;0;4491
FR;2;2022-09-24;10;8;51;190;6;36;201;0;6;6126369;6814867;10671621;320510;6161344;11785078;425683;0;4497
FR;2;2022-09-25;9;11;14;29;11;11;33;0;5;6126378;6814878;10671635;320539;6161355;11785089;425716;0;4502
FR;2;2022-09-26;22;41;116;447;27;79;458;0;20;6126400;6814919;10671751;320986;6161382;11785168;426174;0;4522
FR;2;2022-09-27;30;46;162;906;35;108;861;0;52;6126430;6814965;10671913;321892;6161417;11785276;427035;0;4574
FR;2;2022-09-28;15;31;93;421;18;74;439;0;23;6126445;6814996;10672006;322313;6161435;11785350;427474;0;4597
FR;2;2022-09-29;26;48;115;618;23;110;630;0;33;6126471;6815044;10672121;322931;6161458;11785460;428104;0;4630
FR;2;2022-09-30;25;44;111;520;44;84;533;0;31;6126496;6815088;10672232;323451;6161502;11785544;428637;0;4661
FR;2;2022-10-01;11;20;51;128;20;36;129;0;8;6126507;6815108;10672283;323579;6161522;11785580;428766;0;4669
FR;2;2022-10-02;0;5;8;21;4;5;25;0;2;6126507;6815113;10672291;323600;6161526;11785585;428791;0;4671
FR;2;2022-10-03;22;32;84;291;27;68;306;0;22;6126529;6815145;10672375;323891;6161553;11785653;429097;0;4693
FR;2;2022-10-04;17;21;106;602;19;71;621;0;46;6126546;6815166;10672481;324493;6161572;11785724;429718;0;4739
FR;2;2022-10-05;20;29;75;491;24;67;488;0;54;6126566;6815195;10672556;324984;6161596;11785791;430206;0;4793
FR;2;2022-10-06;30;23;74;442;17;71;428;0;65;6126596;6815218;10672630;325426;6161613;11785862;430634;0;4858
FR;2;2022-10-07;21;30;86;499;27;66;503;0;42;6126617;6815248;10672716;325925;6161640;11785928;431137;0;4900
FR;2;2022-10-08;12;8;23;114;3;24;108;0;12;6126629;6815256;10672739;326039;6161643;11785952;431245;0;4912
FR;2;2022-10-09;1;8;15;17;6;11;22;0;5;6126630;6815264;10672754;326056;6161649;11785963;431267;0;4917
FR;2;2022-10-10;18;24;47;223;22;49;218;0;21;6126648;6815288;10672801;326279;6161671;11786012;431485;0;4938
FR;2;2022-10-11;16;15;47;253;11;39;240;0;52;6126664;6815303;10672848;326532;6161682;11786051;431725;0;4990
FR;2;2022-10-12;8;18;52;290;14;36;305;0;56;6126672;6815321;10672900;326822;6161696;11786087;432030;0;5046
FR;2;2022-10-13;11;14;48;271;9;48;261;0;26;6126683;6815335;10672948;327093;6161705;11786135;432291;0;5072
FR;2;2022-10-14;12;29;36;229;17;40;230;0;29;6126695;6815364;10672984;327322;6161722;11786175;432521;0;5101
FR;2;2022-10-15;4;10;22;111;4;17;113;0;15;6126699;6815374;10673006;327433;6161726;11786192;432634;0;5116
FR;2;2022-10-16;0;6;4;11;5;7;8;0;1;6126699;6815380;10673010;327444;6161731;11786199;432642;0;5117
FR;2;2022-10-17;15;18;31;121;17;26;131;0;29;6126714;6815398;10673041;327565;6161748;11786225;432773;0;5146
FR;2;2022-10-18;13;11;68;184;5;34;231;0;43;6126727;6815409;10673109;327749;6161753;11786259;433004;0;5189
FR;2;2022-10-19;8;17;36;182;12;30;185;0;42;6126735;6815426;10673145;327931;6161765;11786289;433189;0;5231
FR;2;2022-10-20;11;29;41;200;15;40;196;0;52;6126746;6815455;10673186;328131;6161780;11786329;433385;0;5283
FR;2;2022-10-21;6;15;60;232;6;53;222;0;30;6126752;6815470;10673246;328363;6161786;11786382;433607;0;5313
FR;2;2022-10-22;8;7;25;101;2;23;102;0;20;6126760;6815477;10673271;328464;6161788;11786405;433709;0;5333
FR;2;2022-10-23;0;3;1;5;3;0;6;0;2;6126760;6815480;10673272;328469;6161791;11786405;433715;0;5335
FR;2;2022-10-24;12;12;16;109;12;16;112;0;20;6126772;6815492;10673288;328578;6161803;11786421;433827;0;5355
FR;2;2022-10-25;12;7;23;138;6;15;145;0;51;6126784;6815499;10673311;328716;6161809;11786436;433972;0;5406
FR;2;2022-10-26;4;3;17;90;2;11;96;0;27;6126788;6815502;10673328;328806;6161811;11786447;434068;0;5433
FR;2;2022-10-27;7;9;18;88;9;20;71;0;27;6126795;6815511;10673346;328894;6161820;11786467;434139;0;5460
FR;2;2022-10-28;5;3;15;91;3;7;92;0;27;6126800;6815514;10673361;328985;6161823;11786474;434231;0;5487
FR;2;2022-10-29;7;8;18;33;6;14;37;0;8;6126807;6815522;10673379;329018;6161829;11786488;434268;0;5495
FR;2;2022-10-30;3;7;5;8;5;2;5;0;1;6126810;6815529;10673384;329026;6161834;11786490;434273;0;5496
FR;2;2022-10-31;2;8;6;49;6;10;48;0;11;6126812;6815537;10673390;329075;6161840;11786500;434321;0;5507
FR;2;2022-11-01;0;4;8;1;4;5;4;0;0;6126812;6815541;10673398;329076;6161844;11786505;434325;0;5507
FR;2;2022-11-02;6;5;12;44;5;12;45;0;11;6126818;6815546;10673410;329120;6161849;11786517;434370;0;5518
FR;2;2022-11-03;6;7;16;77;6;10;75;0;18;6126824;6815553;10673426;329197;6161855;11786527;434445;0;5536
FR;2;2022-11-04;7;12;15;85;10;14;93;0;10;6126831;6815565;10673441;329282;6161865;11786541;434538;0;5546
FR;2;2022-11-05;0;11;13;38;6;17;35;0;6;6126831;6815576;10673454;329320;6161871;11786558;434573;0;5552
FR;2;2022-11-06;0;2;2;1;0;4;0;0;2;6126831;6815578;10673456;329321;6161871;11786562;434573;0;5554
FR;2;2022-11-07;11;7;14;66;5;13;65;0;20;6126842;6815585;10673470;329387;6161876;11786575;434638;0;5574
FR;2;2022-11-08;11;6;18;58;4;14;65;0;27;6126853;6815591;10673488;329445;6161880;11786589;434703;0;5601
FR;2;2022-11-09;4;5;17;56;2;17;50;0;28;6126857;6815596;10673505;329501;6161882;11786606;434753;0;5629
FR;2;2022-11-10;7;10;17;74;7;14;76;0;14;6126864;6815606;10673522;329575;6161889;11786620;434829;0;5643
FR;2;2022-11-11;0;3;7;3;0;8;4;0;0;6126864;6815609;10673529;329578;6161889;11786628;434833;0;5643
FR;2;2022-11-12;2;5;7;19;4;7;19;0;4;6126866;6815614;10673536;329597;6161893;11786635;434852;0;5647
FR;2;2022-11-13;3;2;3;2;1;4;1;0;0;6126869;6815616;10673539;329599;6161894;11786639;434853;0;5647
FR;2;2022-11-14;7;6;13;29;3;10;33;0;7;6126876;6815622;10673552;329628;6161897;11786649;434886;0;5654
FR;2;2022-11-15;8;12;15;35;13;18;32;0;7;6126884;6815634;10673567;329663;6161910;11786667;434918;0;5661
FR;2;2022-11-16;4;3;4;45;3;4;46;0;18;6126888;6815637;10673571;329708;6161913;11786671;434964;0;5679
FR;2;2022-11-17;2;6;12;56;5;9;55;0;22;6126890;6815643;10673583;329764;6161918;11786680;435019;0;5701
FR;2;2022-11-18;3;4;7;41;4;6;44;0;10;6126893;6815647;10673590;329805;6161922;11786686;435063;0;5711
FR;2;2022-11-19;3;2;2;25;2;3;18;0;5;6126896;6815649;10673592;329830;6161924;11786689;435081;0;5716
FR;2;2022-11-20;0;2;6;9;2;6;10;0;26;6126896;6815651;10673598;329839;6161926;11786695;435091;0;5742
FR;2;2022-11-21;6;10;9;31;7;8;34;0;22;6126902;6815661;10673607;329870;6161933;11786703;435125;0;5764
FR;2;2022-11-22;8;8;20;65;6;21;70;0;71;6126910;6815669;10673627;329935;6161939;11786724;435195;0;5835
FR;2;2022-11-23;7;6;8;68;3;5;73;0;8;6126917;6815675;10673635;330003;6161942;11786729;435268;0;5843
FR;2;2022-11-24;2;2;11;50;2;7;57;0;10;6126919;6815677;10673646;330053;6161944;11786736;435325;0;5853
FR;2;2022-11-25;11;8;11;25;11;13;26;0;8;6126930;6815685;10673657;330078;6161955;11786749;435351;0;5861
FR;2;2022-11-26;1;5;4;8;4;7;6;0;0;6126931;6815690;10673661;330086;6161959;11786756;435357;0;5861
FR;2;2022-11-27;2;2;12;2;0;11;4;0;1;6126933;6815692;10673673;330088;6161959;11786767;435361;0;5862
FR;2;2022-11-28;0;2;7;35;1;5;37;0;5;6126933;6815694;10673680;330123;6161960;11786772;435398;0;5867
FR;2;2022-11-29;1;1;9;24;0;3;30;0;8;6126934;6815695;10673689;330147;6161960;11786775;435428;0;5875
FR;2;2022-11-30;2;1;9;47;0;10;44;0;21;6126936;6815696;10673698;330194;6161960;11786785;435472;0;5896
FR;2;2022-12-01;2;10;4;63;7;12;54;0;24;6126938;6815706;10673702;330257;6161967;11786797;435526;0;5920
FR;2;2022-12-02;1;2;12;51;2;10;51;0;27;6126939;6815708;10673714;330308;6161969;11786807;435577;0;5947
FR;2;2022-12-03;1;3;8;19;1;8;18;0;10;6126940;6815711;10673722;330327;6161970;11786815;435595;0;5957
FR;2;2022-12-04;0;0;0;4;0;0;4;0;2;6126940;6815711;10673722;330331;6161970;11786815;435599;0;5959
FR;2;2022-12-05;3;3;7;51;6;4;44;0;16;6126943;6815714;10673729;330382;6161976;11786819;435643;0;5975
FR;2;2022-12-06;3;4;13;45;3;6;47;0;17;6126946;6815718;10673742;330427;6161979;11786825;435690;0;5992
FR;2;2022-12-07;1;3;9;42;2;7;44;0;11;6126947;6815721;10673751;330469;6161981;11786832;435734;0;6003
FR;2;2022-12-08;0;2;11;44;0;6;49;0;16;6126947;6815723;10673762;330513;6161981;11786838;435783;0;6019
FR;2;2022-12-09;0;1;12;52;0;9;56;0;16;6126947;6815724;10673774;330565;6161981;11786847;435839;0;6035
FR;2;2022-12-10;0;2;15;49;0;6;51;0;9;6126947;6815726;10673789;330614;6161981;11786853;435890;0;6044
FR;2;2022-12-11;0;0;2;2;0;2;1;0;3;6126947;6815726;10673791;330616;6161981;11786855;435891;0;6047
FR;2;2022-12-12;0;0;6;36;0;6;35;0;10;6126947;6815726;10673797;330652;6161981;11786861;435926;0;6057
FR;2;2022-12-13;0;2;1;37;1;1;36;0;14;6126947;6815728;10673798;330689;6161982;11786862;435962;0;6071
FR;2;2022-12-14;0;5;8;26;5;3;31;0;14;6126947;6815733;10673806;330715;6161987;11786865;435993;0;6085
FR;2;2022-12-15;0;4;12;43;4;9;44;0;17;6126947;6815737;10673818;330758;6161991;11786874;436037;0;6102
FR;2;2022-12-16;2;4;27;56;3;20;62;0;16;6126949;6815741;10673845;330814;6161994;11786894;436099;0;6118
FR;2;2022-12-17;1;4;9;44;3;5;39;0;5;6126950;6815745;10673854;330858;6161997;11786899;436138;0;6123
FR;2;2022-12-18;1;0;0;0;0;0;0;0;1;6126951;6815745;10673854;330858;6161997;11786899;436138;0;6124
FR;2;2022-12-19;6;1;4;31;0;5;24;0;24;6126957;6815746;10673858;330889;6161997;11786904;436162;0;6148
FR;2;2022-12-20;0;2;6;36;0;7;37;0;24;6126957;6815748;10673864;330925;6161997;11786911;436199;0;6172
FR;2;2022-12-21;0;1;3;13;1;3;13;0;8;6126957;6815749;10673867;330938;6161998;11786914;436212;0;6180
FR;2;2022-12-22;0;5;17;32;2;6;45;0;10;6126957;6815754;10673884;330970;6162000;11786920;436257;0;6190
FR;2;2022-12-23;1;5;12;14;3;9;18;0;4;6126958;6815759;10673896;330984;6162003;11786929;436275;0;6194
FR;2;2022-12-24;0;0;1;1;0;1;1;0;0;6126958;6815759;10673897;330985;6162003;11786930;436276;0;6194
FR;2;2022-12-25;0;1;1;3;0;1;4;0;0;6126958;6815760;10673898;330988;6162003;11786931;436280;0;6194
FR;2;2022-12-26;0;0;7;11;0;5;11;0;3;6126958;6815760;10673905;330999;6162003;11786936;436291;0;6197
FR;2;2022-12-27;0;1;6;5;1;4;7;0;4;6126958;6815761;10673911;331004;6162004;11786940;436298;0;6201
FR;2;2022-12-28;0;2;2;13;2;1;14;0;5;6126958;6815763;10673913;331017;6162006;11786941;436312;0;6206
FR;2;2022-12-29;1;0;4;18;0;4;18;0;7;6126959;6815763;10673917;331035;6162006;11786945;436330;0;6213
FR;2;2022-12-30;0;0;2;6;0;2;5;0;1;6126959;6815763;10673919;331041;6162006;11786947;436335;0;6214
FR;2;2022-12-31;0;0;1;2;0;1;2;0;1;6126959;6815763;10673920;331043;6162006;11786948;436337;0;6215
FR;2;2023-01-01;0;0;0;0;0;0;0;0;0;6126959;6815763;10673920;331043;6162006;11786948;436337;0;6215
FR;2;2023-01-02;5;1;4;20;0;2;22;0;2;6126964;6815764;10673924;331063;6162006;11786950;436359;0;6217
FR;2;2023-01-03;0;0;3;11;0;4;9;0;6;6126964;6815764;10673927;331074;6162006;11786954;436368;0;6223
FR;2;2023-01-04;1;1;4;11;2;2;11;0;6;6126965;6815765;10673931;331085;6162008;11786956;436379;0;6229
FR;2;2023-01-05;0;1;4;6;1;2;6;0;3;6126965;6815766;10673935;331091;6162009;11786958;436385;0;6232
FR;2;2023-01-06;1;0;4;7;0;1;11;0;6;6126966;6815766;10673939;331098;6162009;11786959;436396;0;6238
FR;2;2023-01-07;0;0;1;9;0;2;6;0;5;6126966;6815766;10673940;331107;6162009;11786961;436402;0;6243
FR;2;2023-01-08;0;0;1;3;0;1;3;0;2;6126966;6815766;10673941;331110;6162009;11786962;436405;0;6245
FR;2;2023-01-09;0;0;7;9;0;2;13;0;5;6126966;6815766;10673948;331119;6162009;11786964;436418;0;6250
FR;2;2023-01-10;0;3;1;6;3;0;8;0;5;6126966;6815769;10673949;331125;6162012;11786964;436426;0;6255
FR;2;2023-01-11;3;0;4;7;0;3;9;0;3;6126969;6815769;10673953;331132;6162012;11786967;436435;0;6258
FR;2;2023-01-12;1;0;1;12;0;0;8;0;11;6126970;6815769;10673954;331144;6162012;11786967;436443;0;6269
FR;2;2023-01-13;0;1;4;6;1;2;8;0;3;6126970;6815770;10673958;331150;6162013;11786969;436451;0;6272
FR;2;2023-01-14;0;1;0;6;0;1;6;0;1;6126970;6815771;10673958;331156;6162013;11786970;436457;0;6273
FR;2;2023-01-15;0;0;0;0;0;0;0;0;0;6126970;6815771;10673958;331156;6162013;11786970;436457;0;6273
FR;3;2020-12-27;0;0;0;0;0;0;0;0;0;0;0;0;0;0;0;0;0;0
FR;3;2020-12-28;0;0;0;0;0;0;0;0;0;0;0;0;0;0;0;0;0;0
FR;3;2020-12-29;0;0;0;0;0;0;0;0;0;0;0;0;0;0;0;0;0;0
FR;3;2020-12-30;0;0;0;0;0;0;0;0;0;0;0;0;0;0;0;0;0;0
FR;3;2020-12-31;0;0;0;0;0;0;0;0;0;0;0;0;0;0;0;0;0;0
FR;3;2021-01-01;0;0;0;0;0;0;0;0;0;0;0;0;0;0;0;0;0;0
FR;3;2021-01-02;0;0;0;0;0;0;0;0;0;0;0;0;0;0;0;0;0;0
FR;3;2021-01-03;0;0;0;0;0;0;0;0;0;0;0;0;0;0;0;0;0;0
FR;3;2021-01-04;0;0;0;0;0;0;0;0;0;0;0;0;0;0;0;0;0;0
FR;3;2021-01-05;0;0;0;0;0;0;0;0;0;0;0;0;0;0;0;0;0;0
FR;3;2021-01-06;0;0;0;0;0;0;0;0;0;0;0;0;0;0;0;0;0;0
FR;3;2021-01-07;0;0;0;0;0;0;0;0;0;0;0;0;0;0;0;0;0;0
FR;3;2021-01-08;0;0;0;0;0;0;0;0;0;0;0;0;0;0;0;0;0;0
FR;3;2021-01-09;0;0;0;0;0;0;0;0;0;0;0;0;0;0;0;0;0;0
FR;3;2021-01-10;0;0;0;0;0;0;0;0;0;0;0;0;0;0;0;0;0;0
FR;3;2021-01-11;0;0;0;0;0;0;0;0;0;0;0;0;0;0;0;0;0;0
FR;3;2021-01-12;0;0;0;0;0;0;0;0;0;0;0;0;0;0;0;0;0;0
FR;3;2021-01-13;0;0;0;0;0;0;0;0;0;0;0;0;0;0;0;0;0;0
FR;3;2021-01-14;0;0;0;0;0;0;0;0;0;0;0;0;0;0;0;0;0;0
FR;3;2021-01-15;0;0;0;0;0;0;0;0;0;0;0;0;0;0;0;0;0;0
FR;3;2021-01-16;0;0;0;0;0;0;0;0;0;0;0;0;0;0;0;0;0;0
FR;3;2021-01-17;0;0;0;0;0;0;0;0;0;0;0;0;0;0;0;0;0;0
FR;3;2021-01-18;0;0;0;0;0;0;0;0;0;0;0;0;0;0;0;0;0;0
FR;3;2021-01-19;0;0;0;0;0;0;0;0;0;0;0;0;0;0;0;0;0;0
FR;3;2021-01-20;0;0;0;0;0;0;0;0;0;0;0;0;0;0;0;0;0;0
FR;3;2021-01-21;0;0;0;0;0;0;0;0;0;0;0;0;0;0;0;0;0;0
FR;3;2021-01-22;0;0;0;0;0;0;0;0;0;0;0;0;0;0;0;0;0;0
FR;3;2021-01-23;0;0;0;0;0;0;0;0;0;0;0;0;0;0;0;0;0;0
FR;3;2021-01-24;0;0;0;0;0;0;0;0;0;0;0;0;0;0;0;0;0;0
FR;3;2021-01-25;0;0;0;0;0;0;0;0;0;0;0;0;0;0;0;0;0;0
FR;3;2021-01-26;0;0;0;0;0;0;0;0;0;0;0;0;0;0;0;0;0;0
FR;3;2021-01-27;0;0;0;0;0;0;0;0;0;0;0;0;0;0;0;0;0;0
FR;3;2021-01-28;0;0;0;0;0;0;0;0;0;0;0;0;0;0;0;0;0;0
FR;3;2021-01-29;0;0;0;0;0;0;0;0;0;0;0;0;0;0;0;0;0;0
FR;3;2021-01-30;0;0;0;0;0;0;0;0;0;0;0;0;0;0;0;0;0;0
FR;3;2021-01-31;0;0;0;0;0;0;0;0;0;0;0;0;0;0;0;0;0;0
FR;3;2021-02-01;0;0;0;0;0;0;0;0;0;0;0;0;0;0;0;0;0;0
FR;3;2021-02-02;0;0;0;0;0;0;0;0;0;0;0;0;0;0;0;0;0;0
FR;3;2021-02-03;0;0;0;0;0;0;0;0;0;0;0;0;0;0;0;0;0;0
FR;3;2021-02-04;0;0;0;0;0;0;0;0;0;0;0;0;0;0;0;0;0;0
FR;3;2021-02-05;0;0;0;0;0;0;0;0;0;0;0;0;0;0;0;0;0;0
FR;3;2021-02-06;1483;0;0;0;106;0;0;0;0;1483;0;0;0;106;0;0;0;0
FR;3;2021-02-07;1423;2;0;0;87;0;0;0;0;2906;2;0;0;193;0;0;0;0
FR;3;2021-02-08;2789;1;0;0;177;0;0;0;0;5695;3;0;0;370;0;0;0;0
FR;3;2021-02-09;6786;0;0;0;502;0;0;0;0;12481;3;0;0;872;0;0;0;0
FR;3;2021-02-10;9611;0;0;0;695;0;0;0;0;22092;3;0;0;1567;0;0;0;0
FR;3;2021-02-11;13620;4;0;0;920;0;0;0;0;35712;7;0;0;2487;0;0;0;0
FR;3;2021-02-12;13410;0;0;0;907;0;0;0;0;49122;7;0;0;3394;0;0;0;0
FR;3;2021-02-13;3799;1;0;0;218;0;0;0;0;52921;8;0;0;3612;0;0;0;0
FR;3;2021-02-14;975;1;0;0;53;0;0;0;0;53896;9;0;0;3665;0;0;0;0
FR;3;2021-02-15;10497;2;0;0;719;0;0;0;0;64393;11;0;0;4384;0;0;0;0
FR;3;2021-02-16;12556;5;0;0;871;0;0;0;0;76949;16;0;0;5255;0;0;0;0
FR;3;2021-02-17;11158;1;0;0;716;0;0;0;0;88107;17;0;0;5971;0;0;0;0
FR;3;2021-02-18;14943;2;0;0;985;0;0;0;0;103050;19;0;0;6956;0;0;0;0
FR;3;2021-02-19;14364;1;0;0;846;0;0;0;0;117414;20;0;0;7802;0;0;0;0
FR;3;2021-02-20;3331;0;0;0;178;0;0;0;0;120745;20;0;0;7980;0;0;0;0
FR;3;2021-02-21;620;0;0;0;35;0;0;0;0;121365;20;0;0;8015;0;0;0;0
FR;3;2021-02-22;9171;1;0;0;654;0;0;0;0;130536;21;0;0;8669;0;0;0;0
FR;3;2021-02-23;11406;6;0;0;760;0;0;0;0;141942;27;0;0;9429;0;0;0;0
FR;3;2021-02-24;14305;1;0;0;829;0;0;0;0;156247;28;0;0;10258;0;0;0;0
FR;3;2021-02-25;44935;3;0;0;1814;0;0;0;0;201182;31;0;0;12072;0;0;0;0
FR;3;2021-02-26;61890;11;0;0;2201;0;0;0;0;263072;42;0;0;14273;0;0;0;0
FR;3;2021-02-27;34811;14;0;0;1028;0;0;0;0;297883;56;0;0;15301;0;0;0;0
FR;3;2021-02-28;2464;0;0;0;114;0;0;0;0;300347;56;0;0;15415;0;0;0;0
FR;3;2021-03-01;20519;21;0;0;1067;0;0;0;0;320866;77;0;0;16482;0;0;0;0
FR;3;2021-03-02;38878;25;0;0;1789;0;0;0;0;359744;102;0;0;18271;0;0;0;0
FR;3;2021-03-03;48749;19;0;0;2132;0;0;0;0;408493;121;0;0;20403;0;0;0;0
FR;3;2021-03-04;82228;25;0;0;3194;0;0;0;0;490721;146;0;0;23597;0;0;0;0
FR;3;2021-03-05;118136;41;0;0;4691;0;0;0;0;608857;187;0;0;28288;0;0;0;0
FR;3;2021-03-06;120726;65;1;0;3558;0;0;0;0;729583;252;1;0;31846;0;0;0;0
FR;3;2021-03-07;55186;23;0;0;1729;0;0;0;0;784769;275;1;0;33575;0;0;0;0
FR;3;2021-03-08;42814;29;0;0;2074;0;0;0;0;827583;304;1;0;35649;0;0;0;0
FR;3;2021-03-09;78978;50;0;0;3287;0;0;0;0;906561;354;1;0;38936;0;0;0;0
FR;3;2021-03-10;80984;65;0;0;3241;0;0;0;0;987545;419;1;0;42177;0;0;0;0
FR;3;2021-03-11;128447;64;0;0;4765;0;0;0;0;1115992;483;1;0;46942;0;0;0;0
FR;3;2021-03-12;182721;121;0;0;6278;0;0;0;0;1298713;604;1;0;53220;0;0;0;0
FR;3;2021-03-13;132162;89;0;0;3528;0;0;0;0;1430875;693;1;0;56748;0;0;0;0
FR;3;2021-03-14;14060;6;0;0;550;0;0;0;0;1444935;699;1;0;57298;0;0;0;0
FR;3;2021-03-15;52238;82;0;0;2097;0;0;0;0;1497173;781;1;0;59395;0;0;0;0
FR;3;2021-03-16;1221;49;0;0;103;0;0;0;0;1498394;830;1;0;59498;0;0;0;0
FR;3;2021-03-17;950;56;0;0;95;0;0;0;0;1499344;886;1;0;59593;0;0;0;0
FR;3;2021-03-18;1576;41;0;0;101;0;0;0;0;1500920;927;1;0;59694;0;0;0;0
FR;3;2021-03-19;70458;56;0;0;2060;0;0;0;0;1571378;983;1;0;61754;0;0;0;0
FR;3;2021-03-20;65241;51;0;0;1702;0;0;0;0;1636619;1034;1;0;63456;0;0;0;0
FR;3;2021-03-21;5761;8;0;0;199;0;0;0;0;1642380;1042;1;0;63655;0;0;0;0
FR;3;2021-03-22;37509;48;0;0;1051;0;0;0;0;1679889;1090;1;0;64706;0;0;0;0
FR;3;2021-03-23;84669;87;0;0;2287;0;0;0;0;1764558;1177;1;0;66993;0;0;0;0
FR;3;2021-03-24;90955;98;0;0;2490;0;0;0;0;1855513;1275;1;0;69483;0;0;0;0
FR;3;2021-03-25;150069;145;0;0;3788;0;0;0;0;2005582;1420;1;0;73271;0;0;0;0
FR;3;2021-03-26;165430;159;0;0;4150;0;0;0;0;2171012;1579;1;0;77421;0;0;0;0
FR;3;2021-03-27;68466;101;0;0;2004;0;0;0;0;2239478;1680;1;0;79425;0;0;0;0
FR;3;2021-03-28;6479;20;0;0;237;0;0;0;0;2245957;1700;1;0;79662;0;0;0;0
FR;3;2021-03-29;54168;82;0;0;1480;0;0;0;0;2300125;1782;1;0;81142;0;0;0;0
FR;3;2021-03-30;93184;103;0;0;2565;0;0;0;0;2393309;1885;1;0;83707;0;0;0;0
FR;3;2021-03-31;63545;111;0;0;1965;0;0;0;0;2456854;1996;1;0;85672;0;0;0;0
FR;3;2021-04-01;86135;112;0;0;2492;0;0;0;0;2542989;2108;1;0;88164;0;0;0;0
FR;3;2021-04-02;86914;187;0;0;2766;0;0;0;0;2629903;2295;1;0;90930;0;0;0;0
FR;3;2021-04-03;35875;131;0;0;1162;0;0;0;0;2665778;2426;1;0;92092;0;0;0;0
FR;3;2021-04-04;3577;19;0;0;164;0;0;0;0;2669355;2445;1;0;92256;0;0;0;0
FR;3;2021-04-05;4492;40;0;0;236;0;0;0;0;2673847;2485;1;0;92492;0;0;0;0
FR;3;2021-04-06;29761;105;0;0;1092;0;0;0;0;2703608;2590;1;0;93584;0;0;0;0
FR;3;2021-04-07;32349;112;0;0;1051;0;0;0;0;2735957;2702;1;0;94635;0;0;0;0
FR;3;2021-04-08;78827;268;0;0;2615;0;0;0;0;2814784;2970;1;0;97250;0;0;0;0
FR;3;2021-04-09;161761;450;0;0;5177;0;0;0;0;2976545;3420;1;0;102427;0;0;0;0
FR;3;2021-04-10;75764;363;0;0;2695;0;0;0;0;3052309;3783;1;0;105122;0;0;0;0
FR;3;2021-04-11;7315;47;0;0;306;0;0;0;0;3059624;3830;1;0;105428;0;0;0;0
FR;3;2021-04-12;51485;216;0;0;1737;0;0;0;0;3111109;4046;1;0;107165;0;0;0;0
FR;3;2021-04-13;86236;361;0;0;2908;0;0;0;0;3197345;4407;1;0;110073;0;0;0;0
FR;3;2021-04-14;67843;377;0;0;2429;0;0;0;0;3265188;4784;1;0;112502;0;0;0;0
FR;3;2021-04-15;93243;404;0;0;3442;0;0;0;0;3358431;5188;1;0;115944;0;0;0;0
FR;3;2021-04-16;112531;626;0;0;4341;0;0;0;0;3470962;5814;1;0;120285;0;0;0;0
FR;3;2021-04-17;53319;370;1;0;2277;0;0;0;0;3524281;6184;2;0;122562;0;0;0;0
FR;3;2021-04-18;9751;49;0;0;423;0;0;0;0;3534032;6233;2;0;122985;0;0;0;0
FR;3;2021-04-19;25117;285;0;0;1091;0;0;0;0;3559149;6518;2;0;124076;0;0;0;0
FR;3;2021-04-20;45676;434;0;0;1905;0;0;0;0;3604825;6952;2;0;125981;0;0;0;0
FR;3;2021-04-21;38985;546;0;0;1890;0;0;0;0;3643810;7498;2;0;127871;0;0;0;0
FR;3;2021-04-22;54722;875;0;0;2827;0;0;0;0;3698532;8373;2;0;130698;0;0;0;0
FR;3;2021-04-23;70493;1091;0;0;3692;0;0;0;0;3769025;9464;2;0;134390;0;0;0;0
FR;3;2021-04-24;37253;1095;0;0;2484;0;0;0;0;3806278;10559;2;0;136874;0;0;0;0
FR;3;2021-04-25;6213;159;0;0;447;0;0;0;0;3812491;10718;2;0;137321;0;0;0;0
FR;3;2021-04-26;19790;696;0;0;1431;0;0;0;0;3832281;11414;2;0;138752;0;0;0;0
FR;3;2021-04-27;34484;1329;0;0;2587;0;0;0;0;3866765;12743;2;0;141339;0;0;0;0
FR;3;2021-04-28;28972;2037;0;0;3154;0;0;0;0;3895737;14780;2;0;144493;0;0;0;0
FR;3;2021-04-29;45394;6118;0;0;7936;0;0;0;0;3941131;20898;2;0;152429;0;0;0;0
FR;3;2021-04-30;55465;9108;1;0;11503;0;0;0;0;3996596;30006;3;0;163932;0;0;0;0
FR;3;2021-05-01;9518;2061;0;0;2492;0;0;0;0;4006114;32067;3;0;166424;0;0;0;0
FR;3;2021-05-02;3081;468;0;0;613;0;0;0;0;4009195;32535;3;0;167037;0;0;0;0
FR;3;2021-05-03;13066;3934;0;0;4501;0;0;0;0;4022261;36469;3;0;171538;0;0;0;0
FR;3;2021-05-04;23122;8368;0;0;9434;0;0;0;0;4045383;44837;3;0;180972;0;0;0;0
FR;3;2021-05-05;18766;10823;0;0;11761;0;0;0;0;4064149;55660;3;0;192733;0;0;0;0
FR;3;2021-05-06;34632;21246;0;0;22796;0;0;0;0;4098781;76906;3;0;215529;0;0;0;0
FR;3;2021-05-07;44210;28881;0;0;31185;0;0;0;0;4142991;105787;3;0;246714;0;0;0;0
FR;3;2021-05-08;6785;9193;0;0;9556;0;0;0;0;4149776;114980;3;0;256270;0;0;0;0
FR;3;2021-05-09;1797;2665;0;0;2765;0;0;0;0;4151573;117645;3;0;259035;0;0;0;0
FR;3;2021-05-10;15001;12902;0;0;13595;0;0;0;0;4166574;130547;3;0;272630;0;0;0;0
FR;3;2021-05-11;27099;26260;0;0;27532;0;0;0;0;4193673;156807;3;0;300162;0;0;0;0
FR;3;2021-05-12;17273;28117;0;0;29053;0;0;0;0;4210946;184924;3;0;329215;0;0;0;0
FR;3;2021-05-13;2285;3515;0;0;3635;0;0;0;0;4213231;188439;3;0;332850;0;0;0;0
FR;3;2021-05-14;14521;26065;0;0;26846;0;0;0;0;4227752;214504;3;0;359696;0;0;0;0
FR;3;2021-05-15;7233;21078;0;0;21505;0;0;0;0;4234985;235582;3;0;381201;0;0;0;0
FR;3;2021-05-16;977;2642;0;0;2687;0;0;0;0;4235962;238224;3;0;383888;0;0;0;0
FR;3;2021-05-17;7966;20207;0;0;20652;0;0;0;0;4243928;258431;3;0;404540;0;0;0;0
FR;3;2021-05-18;13417;30142;0;0;30903;0;0;0;0;4257345;288573;3;0;435443;0;0;0;0
FR;3;2021-05-19;9276;30557;0;0;31149;0;0;0;0;4266621;319130;3;0;466592;0;0;0;0
FR;3;2021-05-20;12806;53818;3;0;54744;0;0;0;0;4279427;372948;6;0;521336;0;0;0;0
FR;3;2021-05-21;12770;66172;2;0;67100;0;0;0;0;4292197;439120;8;0;588436;0;0;0;0
FR;3;2021-05-22;4967;33763;1;0;34145;0;0;0;0;4297164;472883;9;0;622581;0;0;0;0
FR;3;2021-05-23;651;2665;0;0;2697;0;0;0;0;4297815;475548;9;0;625278;0;0;0;0
FR;3;2021-05-24;885;4786;0;0;4830;0;0;0;0;4298700;480334;9;0;630108;0;0;0;0
FR;3;2021-05-25;5312;46690;1;0;47089;0;0;0;0;4304012;527024;10;0;677197;0;0;0;0
FR;3;2021-05-26;4980;52167;1;0;52639;0;0;0;0;4308992;579191;11;0;729836;0;0;0;0
FR;3;2021-05-27;6336;79024;3;0;79633;0;0;0;0;4315328;658215;14;0;809469;0;0;0;0
FR;3;2021-05-28;7545;100301;2;0;101103;0;0;0;0;4322873;758516;16;0;910572;0;0;0;0
FR;3;2021-05-29;3349;61150;1;0;61531;0;0;0;0;4326222;819666;17;0;972103;0;0;0;0
FR;3;2021-05-30;551;8085;0;0;8134;0;0;0;0;4326773;827751;17;0;980237;0;0;0;0
FR;3;2021-05-31;2442;35483;3;0;35748;0;0;0;0;4329215;863234;20;0;1015985;0;0;0;0
FR;3;2021-06-01;3414;64877;10;0;65327;0;0;0;0;4332629;928111;30;0;1081312;0;0;0;0
FR;3;2021-06-02;2735;58909;6;0;59244;0;0;0;0;4335364;987020;36;0;1140556;0;0;0;0
FR;3;2021-06-03;3496;87214;10;0;87750;0;0;0;0;4338860;1074234;46;0;1228306;0;0;0;0
FR;3;2021-06-04;4124;105847;22;0;106508;0;0;0;0;4342984;1180081;68;0;1334814;0;0;0;0
FR;3;2021-06-05;1983;52594;4;0;52911;0;0;0;0;4344967;1232675;72;0;1387725;0;0;0;0
FR;3;2021-06-06;511;5272;1;0;5319;0;0;0;0;4345478;1237947;73;0;1393044;0;0;0;0
FR;3;2021-06-07;1486;30714;11;0;30895;0;0;0;0;4346964;1268661;84;0;1423939;0;0;0;0
FR;3;2021-06-08;2065;47420;18;0;47766;0;0;0;0;4349029;1316081;102;0;1471705;0;0;0;0
FR;3;2021-06-09;1795;41832;13;0;42137;0;0;0;0;4350824;1357913;115;0;1513842;0;0;0;0
FR;3;2021-06-10;2258;67671;17;0;68067;0;0;0;0;4353082;1425584;132;0;1581909;0;0;0;0
FR;3;2021-06-11;2490;96634;34;0;97106;0;0;0;0;4355572;1522218;166;0;1679015;0;0;0;0
FR;3;2021-06-12;1178;40571;6;0;40803;0;0;0;0;4356750;1562789;172;0;1719818;0;0;0;0
FR;3;2021-06-13;283;3613;3;0;3648;0;0;0;0;4357033;1566402;175;0;1723466;0;0;0;0
FR;3;2021-06-14;1050;42324;17;0;42493;0;0;0;0;4358083;1608726;192;0;1765959;0;0;0;0
FR;3;2021-06-15;1379;80351;20;0;80655;0;0;0;0;4359462;1689077;212;0;1846614;0;0;0;0
FR;3;2021-06-16;1263;65496;20;0;65769;0;0;0;0;4360725;1754573;232;0;1912383;0;0;0;0
FR;3;2021-06-17;1667;102283;41;0;102668;0;0;0;0;4362392;1856856;273;0;2015051;0;0;0;0
FR;3;2021-06-18;1872;118452;63;0;118919;0;0;0;0;4364264;1975308;336;0;2133970;0;0;0;0
FR;3;2021-06-19;803;39464;22;0;39658;0;0;0;0;4365067;2014772;358;0;2173628;0;0;0;0
FR;3;2021-06-20;162;3202;0;0;3230;0;0;0;0;4365229;2017974;358;0;2176858;0;0;0;0
FR;3;2021-06-21;774;39090;16;0;39248;0;0;0;0;4366003;2057064;374;0;2216106;0;0;0;0
FR;3;2021-06-22;1065;70061;52;0;70331;0;0;0;0;4367068;2127125;426;0;2286437;0;0;0;0
FR;3;2021-06-23;945;50837;39;0;51109;0;0;0;0;4368013;2177962;465;0;2337546;0;0;0;0
FR;3;2021-06-24;1311;77299;48;0;77672;0;0;0;0;4369324;2255261;513;0;2415218;0;0;0;0
FR;3;2021-06-25;1410;90807;73;0;91240;0;0;0;0;4370734;2346068;586;0;2506458;0;0;0;0
FR;3;2021-06-26;632;33117;29;0;33310;0;0;0;0;4371366;2379185;615;0;2539768;0;0;0;0
FR;3;2021-06-27;167;3782;1;0;3806;0;0;0;0;4371533;2382967;616;0;2543574;0;0;0;0
FR;3;2021-06-28;655;29956;27;0;30150;0;0;0;0;4372188;2412923;643;0;2573724;0;0;0;0
FR;3;2021-06-29;856;56644;95;0;56888;0;0;0;0;4373044;2469567;738;0;2630612;0;0;0;0
FR;3;2021-06-30;905;45204;93;0;45472;0;0;0;0;4373949;2514771;831;0;2676084;0;0;0;0
FR;3;2021-07-01;1164;66108;108;0;66457;0;0;0;0;4375113;2580879;939;0;2742541;0;0;0;0
FR;3;2021-07-02;1305;90527;170;0;91007;0;0;0;0;4376418;2671406;1109;0;2833548;0;0;0;0
FR;3;2021-07-03;602;31181;51;0;31382;0;0;0;0;4377020;2702587;1160;0;2864930;0;0;0;0
FR;3;2021-07-04;144;3979;3;0;4009;0;0;0;0;4377164;2706566;1163;0;2868939;0;0;0;0
FR;3;2021-07-05;613;33612;60;0;33811;0;0;0;0;4377777;2740178;1223;0;2902750;0;0;0;0
FR;3;2021-07-06;964;55926;88;0;56238;0;0;0;0;4378741;2796104;1311;0;2958988;0;0;0;0
FR;3;2021-07-07;873;42961;80;0;43258;0;0;0;0;4379614;2839065;1391;0;3002246;0;0;0;0
FR;3;2021-07-08;1127;60823;99;0;61232;0;0;0;0;4380741;2899888;1490;0;3063478;0;0;0;0
FR;3;2021-07-09;1261;68936;128;0;69402;0;0;0;0;4382002;2968824;1618;0;3132880;0;0;0;0
FR;3;2021-07-10;644;25025;59;0;25222;0;0;0;0;4382646;2993849;1677;0;3158102;0;0;0;0
FR;3;2021-07-11;132;3172;4;0;3197;0;0;0;0;4382778;2997021;1681;0;3161299;0;0;0;0
FR;3;2021-07-12;662;23611;59;0;23824;0;0;0;0;4383440;3020632;1740;0;3185123;0;0;0;0
FR;3;2021-07-13;1648;34447;90;0;34935;0;0;0;0;4385088;3055079;1830;0;3220058;0;0;0;0
FR;3;2021-07-14;271;2471;2;0;2528;0;0;0;0;4385359;3057550;1832;0;3222586;0;0;0;0
FR;3;2021-07-15;1941;30426;85;0;31001;0;0;0;0;4387300;3087976;1917;0;3253587;0;0;0;0
FR;3;2021-07-16;2520;38629;122;0;39362;0;0;0;0;4389820;3126605;2039;0;3292949;0;0;0;0
FR;3;2021-07-17;1051;13723;26;0;14031;0;0;0;0;4390871;3140328;2065;0;3306980;0;0;0;0
FR;3;2021-07-18;266;2553;3;0;2601;0;0;0;0;4391137;3142881;2068;0;3309581;0;0;0;0
FR;3;2021-07-19;1280;16897;38;0;17265;0;0;0;0;4392417;3159778;2106;0;3326846;0;0;0;0
FR;3;2021-07-20;1823;26932;98;0;27474;0;0;0;0;4394240;3186710;2204;0;3354320;0;0;0;0
FR;3;2021-07-21;1652;19492;44;0;19997;0;0;0;0;4395892;3206202;2248;0;3374317;0;0;0;0
FR;3;2021-07-22;1856;27647;83;0;28212;0;0;0;0;4397748;3233849;2331;0;3402529;0;0;0;0
FR;3;2021-07-23;2217;30221;117;0;30958;0;0;0;0;4399965;3264070;2448;0;3433487;0;0;0;0
FR;3;2021-07-24;828;6927;25;0;7151;0;0;0;0;4400793;3270997;2473;0;3440638;0;0;0;0
FR;3;2021-07-25;210;1288;1;0;1343;0;0;0;0;4401003;3272285;2474;0;3441981;0;0;0;0
FR;3;2021-07-26;933;10514;28;0;10821;0;0;0;0;4401936;3282799;2502;0;3452802;0;0;0;0
FR;3;2021-07-27;1170;16802;56;0;17166;0;0;0;0;4403106;3299601;2558;0;3469968;0;0;0;0
FR;3;2021-07-28;989;12004;40;0;12316;0;0;0;0;4404095;3311605;2598;0;3482284;0;0;0;0
FR;3;2021-07-29;1127;15690;63;0;16103;0;0;0;0;4405222;3327295;2661;0;3498387;0;0;0;0
FR;3;2021-07-30;1129;17989;79;0;18363;0;0;0;0;4406351;3345284;2740;0;3516750;0;0;0;0
FR;3;2021-07-31;407;3711;15;0;3836;0;0;0;0;4406758;3348995;2755;0;3520586;0;0;0;0
FR;3;2021-08-01;117;448;1;0;470;0;0;0;0;4406875;3349443;2756;0;3521056;0;0;0;0
FR;3;2021-08-02;423;5021;22;0;5142;0;0;0;0;4407298;3354464;2778;0;3526198;0;0;0;0
FR;3;2021-08-03;498;7467;27;0;7601;0;0;0;0;4407796;3361931;2805;0;3533799;0;0;0;0
FR;3;2021-08-04;440;4834;26;0;4979;0;0;0;0;4408236;3366765;2831;0;3538778;0;0;0;0
FR;3;2021-08-05;433;3654;13;0;3764;0;0;0;0;4408669;3370419;2844;0;3542542;0;0;0;0
FR;3;2021-08-06;456;4700;30;0;4802;0;0;0;0;4409125;3375119;2874;0;3547344;0;0;0;0
FR;3;2021-08-07;214;1900;11;0;1946;0;0;0;0;4409339;3377019;2885;0;3549290;0;0;0;0
FR;3;2021-08-08;250;424;2;0;457;0;0;0;0;4409589;3377443;2887;0;3549747;0;0;0;0
FR;3;2021-08-09;319;2376;11;0;2446;0;0;0;0;4409908;3379819;2898;0;3552193;0;0;0;0
FR;3;2021-08-10;369;3743;15;0;3832;0;0;0;0;4410277;3383562;2913;0;3556025;0;0;0;0
FR;3;2021-08-11;291;2641;15;0;2701;0;0;0;0;4410568;3386203;2928;0;3558726;0;0;0;0
FR;3;2021-08-12;279;2567;13;0;2655;0;0;0;0;4410847;3388770;2941;0;3561381;0;0;0;0
FR;3;2021-08-13;278;2256;16;0;2341;0;0;0;0;4411125;3391026;2957;0;3563722;0;0;0;0
FR;3;2021-08-14;172;875;1;0;906;0;0;0;0;4411297;3391901;2958;0;3564628;0;0;0;0
FR;3;2021-08-15;56;173;0;0;182;0;0;0;0;4411353;3392074;2958;0;3564810;0;0;0;0
FR;3;2021-08-16;126;1011;8;0;1050;0;0;0;0;4411479;3393085;2966;0;3565860;0;0;0;0
FR;3;2021-08-17;191;1431;8;0;1472;0;0;0;0;4411670;3394516;2974;0;3567332;0;0;0;0
FR;3;2021-08-18;204;1311;10;0;1353;0;0;0;0;4411874;3395827;2984;0;3568685;0;0;0;0
FR;3;2021-08-19;165;1373;10;0;1420;0;0;0;0;4412039;3397200;2994;0;3570105;0;0;0;0
FR;3;2021-08-20;167;1597;16;0;1659;0;0;0;0;4412206;3398797;3010;0;3571764;0;0;0;0
FR;3;2021-08-21;93;580;2;0;595;0;0;0;0;4412299;3399377;3012;0;3572359;0;0;0;0
FR;3;2021-08-22;42;191;1;0;194;0;0;0;0;4412341;3399568;3013;0;3572553;0;0;0;0
FR;3;2021-08-23;141;881;7;0;926;0;0;0;0;4412482;3400449;3020;0;3573479;0;0;0;0
FR;3;2021-08-24;125;925;10;0;957;0;0;0;0;4412607;3401374;3030;0;3574436;0;0;0;0
FR;3;2021-08-25;137;819;3;0;848;0;0;0;0;4412744;3402193;3033;0;3575284;0;0;0;0
FR;3;2021-08-26;172;829;9;0;877;0;0;0;0;4412916;3403022;3042;0;3576161;0;0;0;0
FR;3;2021-08-27;178;937;9;0;989;0;0;0;0;4413094;3403959;3051;0;3577150;0;0;0;0
FR;3;2021-08-28;101;371;4;0;388;0;0;0;0;4413195;3404330;3055;0;3577538;0;0;0;0
FR;3;2021-08-29;128;129;1;0;162;0;0;0;0;4413323;3404459;3056;0;3577700;0;0;0;0
FR;3;2021-08-30;100;563;0;0;471;109;0;0;0;4413423;3405022;3056;0;3578171;109;0;0;0
FR;3;2021-08-31;134;685;7;0;589;135;0;0;0;4413557;3405707;3063;0;3578760;244;0;0;0
FR;3;2021-09-01;122;458;5;0;380;106;0;0;0;4413679;3406165;3068;0;3579140;350;0;0;0
FR;3;2021-09-02;100;595;22;0;531;105;0;0;0;4413779;3406760;3090;0;3579671;455;0;0;0
FR;3;2021-09-03;116;555;17;0;478;118;0;0;0;4413895;3407315;3107;0;3580149;573;0;0;0
FR;3;2021-09-04;55;293;3;0;254;50;0;0;0;4413950;3407608;3110;0;3580403;623;0;0;0
FR;3;2021-09-05;52;68;5;0;56;27;0;0;0;4414002;3407676;3115;0;3580459;650;0;0;0
FR;3;2021-09-06;118;367;4;0;261;130;0;0;0;4414120;3408043;3119;0;3580720;780;0;0;0
FR;3;2021-09-07;124;432;14;0;348;116;0;0;0;4414244;3408475;3133;0;3581068;896;0;0;0
FR;3;2021-09-08;122;343;2;0;272;88;0;0;0;4414366;3408818;3135;0;3581340;984;0;0;0
FR;3;2021-09-09;94;378;8;0;297;104;0;0;0;4414460;3409196;3143;0;3581637;1088;0;0;0
FR;3;2021-09-10;101;401;3;0;331;93;0;0;0;4414561;3409597;3146;0;3581968;1181;0;0;0
FR;3;2021-09-11;78;232;4;0;177;65;0;0;0;4414639;3409829;3150;0;3582145;1246;0;0;0
FR;3;2021-09-12;37;48;1;0;37;16;0;0;0;4414676;3409877;3151;0;3582182;1262;0;0;0
FR;3;2021-09-13;78;298;7;0;215;102;1;0;0;4414754;3410175;3158;0;3582397;1364;1;0;0
FR;3;2021-09-14;75;273;6;0;193;94;0;0;0;4414829;3410448;3164;0;3582590;1458;1;0;0
FR;3;2021-09-15;63;251;3;0;256;6;0;0;0;4414892;3410699;3167;0;3582846;1464;1;0;0
FR;3;2021-09-16;65;320;6;0;331;6;0;0;0;4414957;3411019;3173;0;3583177;1470;1;0;0
FR;3;2021-09-17;52;326;3;0;338;6;0;0;0;4415009;3411345;3176;0;3583515;1476;1;0;0
FR;3;2021-09-18;37;171;1;0;175;1;0;0;0;4415046;3411516;3177;0;3583690;1477;1;0;0
FR;3;2021-09-19;29;31;2;0;34;1;0;0;0;4415075;3411547;3179;0;3583724;1478;1;0;0
FR;3;2021-09-20;82;190;0;0;198;1;0;0;0;4415157;3411737;3179;0;3583922;1479;1;0;0
FR;3;2021-09-21;60;272;7;0;276;8;0;0;0;4415217;3412009;3186;0;3584198;1487;1;0;0
FR;3;2021-09-22;66;229;6;0;242;7;0;0;0;4415283;3412238;3192;0;3584440;1494;1;0;0
FR;3;2021-09-23;37;257;11;0;261;7;0;0;0;4415320;3412495;3203;0;3584701;1501;1;0;0
FR;3;2021-09-24;29;319;12;0;317;18;0;0;0;4415349;3412814;3215;0;3585018;1519;1;0;0
FR;3;2021-09-25;31;144;3;0;150;3;0;0;0;4415380;3412958;3218;0;3585168;1522;1;0;0
FR;3;2021-09-26;16;57;1;0;59;1;0;0;0;4415396;3413015;3219;0;3585227;1523;1;0;0
FR;3;2021-09-27;48;283;3;0;286;5;0;0;0;4415444;3413298;3222;0;3585513;1528;1;0;0
FR;3;2021-09-28;49;246;6;0;254;8;0;0;0;4415493;3413544;3228;0;3585767;1536;1;0;0
FR;3;2021-09-29;40;217;10;0;221;15;0;0;0;4415533;3413761;3238;0;3585988;1551;1;0;0
FR;3;2021-09-30;40;200;8;0;204;11;0;0;0;4415573;3413961;3246;0;3586192;1562;1;0;0
FR;3;2021-10-01;23;159;6;0;161;8;0;0;0;4415596;3414120;3252;0;3586353;1570;1;0;0
FR;3;2021-10-02;17;88;0;0;89;0;0;0;0;4415613;3414208;3252;0;3586442;1570;1;0;0
FR;3;2021-10-03;19;19;1;0;19;2;0;0;0;4415632;3414227;3253;0;3586461;1572;1;0;0
FR;3;2021-10-04;33;157;4;0;162;4;0;0;0;4415665;3414384;3257;0;3586623;1576;1;0;0
FR;3;2021-10-05;17;148;10;0;153;12;0;0;0;4415682;3414532;3267;0;3586776;1588;1;0;0
FR;3;2021-10-06;33;143;9;0;151;10;0;0;0;4415715;3414675;3276;0;3586927;1598;1;0;0
FR;3;2021-10-07;20;132;6;0;130;6;0;0;0;4415735;3414807;3282;0;3587057;1604;1;0;0
FR;3;2021-10-08;25;136;10;0;141;9;0;0;0;4415760;3414943;3292;0;3587198;1613;1;0;0
FR;3;2021-10-09;17;72;1;0;73;1;0;0;0;4415777;3415015;3293;0;3587271;1614;1;0;0
FR;3;2021-10-10;13;17;2;0;16;3;0;0;0;4415790;3415032;3295;0;3587287;1617;1;0;0
FR;3;2021-10-11;17;115;4;0;120;5;0;0;0;4415807;3415147;3299;0;3587407;1622;1;0;0
FR;3;2021-10-12;22;99;6;0;99;6;0;0;0;4415829;3415246;3305;0;3587506;1628;1;0;0
FR;3;2021-10-13;25;114;9;0;121;7;0;0;0;4415854;3415360;3314;0;3587627;1635;1;0;0
FR;3;2021-10-14;19;138;3;0;139;4;0;0;0;4415873;3415498;3317;0;3587766;1639;1;0;0
FR;3;2021-10-15;23;141;8;0;140;13;0;0;0;4415896;3415639;3325;0;3587906;1652;1;0;0
FR;3;2021-10-16;13;66;6;0;65;8;0;0;0;4415909;3415705;3331;0;3587971;1660;1;0;0
FR;3;2021-10-17;12;24;0;0;26;0;0;0;0;4415921;3415729;3331;0;3587997;1660;1;0;0
FR;3;2021-10-18;18;112;2;0;117;2;0;0;0;4415939;3415841;3333;0;3588114;1662;1;0;0
FR;3;2021-10-19;18;112;19;0;113;21;0;0;0;4415957;3415953;3352;0;3588227;1683;1;0;0
FR;3;2021-10-20;26;127;6;0;129;7;0;0;0;4415983;3416080;3358;0;3588356;1690;1;0;0
FR;3;2021-10-21;28;120;17;0;120;13;0;0;0;4416011;3416200;3375;0;3588476;1703;1;0;0
FR;3;2021-10-22;24;103;18;0;102;21;0;0;0;4416035;3416303;3393;0;3588578;1724;1;0;0
FR;3;2021-10-23;17;53;3;0;53;2;0;0;0;4416052;3416356;3396;0;3588631;1726;1;0;0
FR;3;2021-10-24;7;36;0;0;34;0;0;0;0;4416059;3416392;3396;0;3588665;1726;1;0;0
FR;3;2021-10-25;26;140;7;0;144;7;0;0;0;4416085;3416532;3403;0;3588809;1733;1;0;0
FR;3;2021-10-26;25;96;22;0;93;19;0;0;0;4416110;3416628;3425;0;3588902;1752;1;0;0
FR;3;2021-10-27;19;91;9;0;93;9;0;0;0;4416129;3416719;3434;0;3588995;1761;1;0;0
FR;3;2021-10-28;23;114;33;0;111;36;0;0;0;4416152;3416833;3467;0;3589106;1797;1;0;0
FR;3;2021-10-29;12;98;64;0;92;54;0;0;0;4416164;3416931;3531;0;3589198;1851;1;0;0
FR;3;2021-10-30;11;62;11;1;62;10;0;0;0;4416175;3416993;3542;1;3589260;1861;1;0;0
FR;3;2021-10-31;8;25;1;0;25;1;0;0;0;4416183;3417018;3543;1;3589285;1862;1;0;0
FR;3;2021-11-01;11;22;2;0;23;1;0;0;0;4416194;3417040;3545;1;3589308;1863;1;0;0
FR;3;2021-11-02;11;99;10;0;99;12;0;0;0;4416205;3417139;3555;1;3589407;1875;1;0;0
FR;3;2021-11-03;21;105;10;0;113;10;0;0;0;4416226;3417244;3565;1;3589520;1885;1;0;0
FR;3;2021-11-04;20;88;6;0;93;5;0;0;0;4416246;3417332;3571;1;3589613;1890;1;0;0
FR;3;2021-11-05;19;119;9;1;125;6;1;0;0;4416265;3417451;3580;2;3589738;1896;2;0;0
FR;3;2021-11-06;11;54;3;0;56;3;0;0;0;4416276;3417505;3583;2;3589794;1899;2;0;0
FR;3;2021-11-07;6;23;1;0;24;1;0;0;0;4416282;3417528;3584;2;3589818;1900;2;0;0
FR;3;2021-11-08;11;125;7;0;130;5;0;0;0;4416293;3417653;3591;2;3589948;1905;2;0;0
FR;3;2021-11-09;15;123;6;0;125;6;0;0;0;4416308;3417776;3597;2;3590073;1911;2;0;0
FR;3;2021-11-10;14;133;15;0;131;16;0;0;0;4416322;3417909;3612;2;3590204;1927;2;0;0
FR;3;2021-11-11;12;49;3;0;51;3;0;0;0;4416334;3417958;3615;2;3590255;1930;2;0;0
FR;3;2021-11-12;15;126;6;0;129;4;0;0;0;4416349;3418084;3621;2;3590384;1934;2;0;0
FR;3;2021-11-13;7;66;9;0;61;10;0;0;0;4416356;3418150;3630;2;3590445;1944;2;0;0
FR;3;2021-11-14;3;24;1;0;24;1;0;0;0;4416359;3418174;3631;2;3590469;1945;2;0;0
FR;3;2021-11-15;6;162;11;0;159;12;0;0;0;4416365;3418336;3642;2;3590628;1957;2;0;0
FR;3;2021-11-16;9;124;11;0;119;10;0;0;0;4416374;3418460;3653;2;3590747;1967;2;0;0
FR;3;2021-11-17;8;133;11;0;134;8;0;0;0;4416382;3418593;3664;2;3590881;1975;2;0;0
FR;3;2021-11-18;16;134;10;0;135;11;0;0;0;4416398;3418727;3674;2;3591016;1986;2;0;0
FR;3;2021-11-19;12;180;23;0;175;28;0;0;0;4416410;3418907;3697;2;3591191;2014;2;0;0
FR;3;2021-11-20;6;100;6;0;101;6;0;0;0;4416416;3419007;3703;2;3591292;2020;2;0;0
FR;3;2021-11-21;3;25;4;0;24;4;0;0;0;4416419;3419032;3707;2;3591316;2024;2;0;0
FR;3;2021-11-22;11;185;11;0;185;11;0;0;0;4416430;3419217;3718;2;3591501;2035;2;0;0
FR;3;2021-11-23;9;181;16;0;179;15;0;0;0;4416439;3419398;3734;2;3591680;2050;2;0;0
FR;3;2021-11-24;11;183;9;0;175;17;0;0;0;4416450;3419581;3743;2;3591855;2067;2;0;0
FR;3;2021-11-25;12;199;11;0;197;11;0;0;0;4416462;3419780;3754;2;3592052;2078;2;0;0
FR;3;2021-11-26;10;255;35;0;254;33;1;0;0;4416472;3420035;3789;2;3592306;2111;3;0;0
FR;3;2021-11-27;8;126;20;0;125;21;0;0;0;4416480;3420161;3809;2;3592431;2132;3;0;0
FR;3;2021-11-28;3;56;7;0;57;7;0;0;0;4416483;3420217;3816;2;3592488;2139;3;0;0
FR;3;2021-11-29;5;218;22;0;213;23;1;0;0;4416488;3420435;3838;2;3592701;2162;4;0;0
FR;3;2021-11-30;8;287;30;0;286;33;0;0;0;4416496;3420722;3868;2;3592987;2195;4;0;0
FR;3;2021-12-01;30;319;38;0;317;40;2;0;0;4416526;3421041;3906;2;3593304;2235;6;0;0
FR;3;2021-12-02;9;344;33;0;340;36;0;0;0;4416535;3421385;3939;2;3593644;2271;6;0;0
FR;3;2021-12-03;6;369;37;0;365;38;0;0;0;4416541;3421754;3976;2;3594009;2309;6;0;0
FR;3;2021-12-04;3;205;26;0;201;28;0;0;0;4416544;3421959;4002;2;3594210;2337;6;0;0
FR;3;2021-12-05;1;61;5;0;61;5;0;0;0;4416545;3422020;4007;2;3594271;2342;6;0;0
FR;3;2021-12-06;7;365;14;0;364;15;0;0;0;4416552;3422385;4021;2;3594635;2357;6;0;0
FR;3;2021-12-07;6;415;20;0;409;24;1;0;0;4416558;3422800;4041;2;3595044;2381;7;0;0
FR;3;2021-12-08;8;382;29;0;374;30;1;0;0;4416566;3423182;4070;2;3595418;2411;8;0;0
FR;3;2021-12-09;3;431;17;0;418;22;1;0;0;4416569;3423613;4087;2;3595836;2433;9;0;0
FR;3;2021-12-10;10;447;29;0;444;25;0;0;0;4416579;3424060;4116;2;3596280;2458;9;0;0
FR;3;2021-12-11;4;301;10;0;298;9;2;0;0;4416583;3424361;4126;2;3596578;2467;11;0;0
FR;3;2021-12-12;1;96;3;0;96;3;0;0;0;4416584;3424457;4129;2;3596674;2470;11;0;0
FR;3;2021-12-13;2;441;19;0;435;21;0;0;0;4416586;3424898;4148;2;3597109;2491;11;0;0
FR;3;2021-12-14;8;553;18;0;541;21;1;0;0;4416594;3425451;4166;2;3597650;2512;12;0;0
FR;3;2021-12-15;10;530;17;0;517;21;0;0;0;4416604;3425981;4183;2;3598167;2533;12;0;0
FR;3;2021-12-16;10;541;19;0;535;18;3;0;0;4416614;3426522;4202;2;3598702;2551;15;0;0
FR;3;2021-12-17;5;604;18;0;600;19;0;0;0;4416619;3427126;4220;2;3599302;2570;15;0;0
FR;3;2021-12-18;5;349;4;0;343;5;1;0;0;4416624;3427475;4224;2;3599645;2575;16;0;0
FR;3;2021-12-19;3;178;2;0;176;2;0;0;0;4416627;3427653;4226;2;3599821;2577;16;0;0
FR;3;2021-12-20;10;574;23;0;568;28;0;0;0;4416637;3428227;4249;2;3600389;2605;16;0;0
FR;3;2021-12-21;5;667;10;0;659;13;2;0;0;4416642;3428894;4259;2;3601048;2618;18;0;0
FR;3;2021-12-22;10;621;9;0;615;10;1;0;0;4416652;3429515;4268;2;3601663;2628;19;0;0
FR;3;2021-12-23;4;547;8;0;545;8;0;0;0;4416656;3430062;4276;2;3602208;2636;19;0;0
FR;3;2021-12-24;2;234;3;0;229;6;0;0;0;4416658;3430296;4279;2;3602437;2642;19;0;0
FR;3;2021-12-25;0;24;0;0;24;0;0;0;0;4416658;3430320;4279;2;3602461;2642;19;0;0
FR;3;2021-12-26;0;87;1;0;87;1;0;0;0;4416658;3430407;4280;2;3602548;2643;19;0;0
FR;3;2021-12-27;7;461;17;0;458;20;1;0;0;4416665;3430868;4297;2;3603006;2663;20;0;0
FR;3;2021-12-28;3;582;6;0;581;5;0;0;0;4416668;3431450;4303;2;3603587;2668;20;0;0
FR;3;2021-12-29;5;496;14;0;491;16;0;0;0;4416673;3431946;4317;2;3604078;2684;20;0;0
FR;3;2021-12-30;3;520;7;0;513;10;2;0;0;4416676;3432466;4324;2;3604591;2694;22;0;0
FR;3;2021-12-31;0;182;5;0;178;7;0;0;0;4416676;3432648;4329;2;3604769;2701;22;0;0
FR;3;2022-01-01;0;26;0;0;24;2;0;0;0;4416676;3432674;4329;2;3604793;2703;22;0;0
FR;3;2022-01-02;0;77;0;0;77;0;0;0;0;4416676;3432751;4329;2;3604870;2703;22;0;0
FR;3;2022-01-03;5;491;17;0;481;21;3;0;0;4416681;3433242;4346;2;3605351;2724;25;0;0
FR;3;2022-01-04;7;545;9;0;544;8;0;0;0;4416688;3433787;4355;2;3605895;2732;25;0;0
FR;3;2022-01-05;5;493;10;0;485;14;1;0;0;4416693;3434280;4365;2;3606380;2746;26;0;0
FR;3;2022-01-06;6;466;9;0;461;10;1;0;0;4416699;3434746;4374;2;3606841;2756;27;0;0
FR;3;2022-01-07;2;494;11;0;488;13;1;0;1;4416701;3435240;4385;2;3607329;2769;28;0;1
FR;3;2022-01-08;6;252;4;0;249;5;0;0;0;4416707;3435492;4389;2;3607578;2774;28;0;1
FR;3;2022-01-09;0;117;0;0;117;0;0;0;0;4416707;3435609;4389;2;3607695;2774;28;0;1
FR;3;2022-01-10;2;424;12;0;422;12;0;0;0;4416709;3436033;4401;2;3608117;2786;28;0;1
FR;3;2022-01-11;3;463;1;0;462;1;0;0;0;4416712;3436496;4402;2;3608579;2787;28;0;1
FR;3;2022-01-12;4;395;9;0;392;10;2;0;0;4416716;3436891;4411;2;3608971;2797;30;0;1
FR;3;2022-01-13;3;392;11;0;390;12;1;0;0;4416719;3437283;4422;2;3609361;2809;31;0;1
FR;3;2022-01-14;4;422;10;0;416;13;1;0;0;4416723;3437705;4432;2;3609777;2822;32;0;1
FR;3;2022-01-15;0;279;2;0;275;3;0;0;0;4416723;3437984;4434;2;3610052;2825;32;0;1
FR;3;2022-01-16;1;108;1;0;106;1;1;0;0;4416724;3438092;4435;2;3610158;2826;33;0;1
FR;3;2022-01-17;2;323;8;0;320;9;1;0;0;4416726;3438415;4443;2;3610478;2835;34;0;1
FR;3;2022-01-18;2;362;1;0;358;2;1;0;0;4416728;3438777;4444;2;3610836;2837;35;0;1
FR;3;2022-01-19;2;322;5;0;316;10;0;0;0;4416730;3439099;4449;2;3611152;2847;35;0;1
FR;3;2022-01-20;1;351;5;0;350;3;2;0;0;4416731;3439450;4454;2;3611502;2850;37;0;1
FR;3;2022-01-21;4;341;5;0;335;7;2;0;0;4416735;3439791;4459;2;3611837;2857;39;0;1
FR;3;2022-01-22;2;222;1;0;218;2;3;0;0;4416737;3440013;4460;2;3612055;2859;42;0;1
FR;3;2022-01-23;0;78;0;0;76;1;1;0;0;4416737;3440091;4460;2;3612131;2860;43;0;1
FR;3;2022-01-24;2;319;1;0;311;6;2;0;0;4416739;3440410;4461;2;3612442;2866;45;0;1
FR;3;2022-01-25;0;174;0;0;171;0;1;0;0;4416739;3440584;4461;2;3612613;2866;46;0;1
FR;3;2022-01-26;0;77;0;0;77;0;0;0;0;4416739;3440661;4461;2;3612690;2866;46;0;1
FR;3;2022-01-27;0;52;0;0;52;0;0;0;0;4416739;3440713;4461;2;3612742;2866;46;0;1
FR;3;2022-01-28;0;116;0;0;115;0;0;0;0;4416739;3440829;4461;2;3612857;2866;46;0;1
FR;3;2022-01-29;0;97;0;0;97;0;0;0;0;4416739;3440926;4461;2;3612954;2866;46;0;1
FR;3;2022-01-30;0;50;0;0;50;0;0;0;0;4416739;3440976;4461;2;3613004;2866;46;0;1
FR;3;2022-01-31;0;91;0;0;91;0;0;0;0;4416739;3441067;4461;2;3613095;2866;46;0;1
FR;3;2022-02-01;0;98;0;0;96;1;0;0;0;4416739;3441165;4461;2;3613191;2867;46;0;1
FR;3;2022-02-02;0;85;0;0;83;0;0;0;0;4416739;3441250;4461;2;3613274;2867;46;0;1
FR;3;2022-02-03;0;91;0;0;89;0;0;0;0;4416739;3441341;4461;2;3613363;2867;46;0;1
FR;3;2022-02-04;0;113;0;0;110;0;1;0;0;4416739;3441454;4461;2;3613473;2867;47;0;1
FR;3;2022-02-05;0;70;0;0;70;0;0;0;0;4416739;3441524;4461;2;3613543;2867;47;0;1
FR;3;2022-02-06;0;10;0;0;10;0;0;0;0;4416739;3441534;4461;2;3613553;2867;47;0;1
FR;3;2022-02-07;0;76;0;0;76;0;0;0;0;4416739;3441610;4461;2;3613629;2867;47;0;1
FR;3;2022-02-08;0;0;0;0;0;0;0;0;0;4416739;3441610;4461;2;3613629;2867;47;0;1
FR;3;2022-02-09;0;0;0;0;0;0;0;0;0;4416739;3441610;4461;2;3613629;2867;47;0;1
FR;3;2022-02-10;0;0;0;0;0;0;0;0;0;4416739;3441610;4461;2;3613629;2867;47;0;1
FR;3;2022-02-11;0;0;0;0;0;0;0;0;0;4416739;3441610;4461;2;3613629;2867;47;0;1
FR;3;2022-02-12;0;0;0;0;0;0;0;0;0;4416739;3441610;4461;2;3613629;2867;47;0;1
FR;3;2022-02-13;0;0;0;0;0;0;0;0;0;4416739;3441610;4461;2;3613629;2867;47;0;1
FR;3;2022-02-14;0;0;0;0;0;0;0;0;0;4416739;3441610;4461;2;3613629;2867;47;0;1
FR;3;2022-02-15;0;0;0;0;0;0;0;0;0;4416739;3441610;4461;2;3613629;2867;47;0;1
FR;3;2022-02-16;0;0;0;0;0;0;0;0;0;4416739;3441610;4461;2;3613629;2867;47;0;1
FR;3;2022-02-17;0;0;0;0;0;0;0;0;0;4416739;3441610;4461;2;3613629;2867;47;0;1
FR;3;2022-02-18;0;0;0;0;0;0;0;0;0;4416739;3441610;4461;2;3613629;2867;47;0;1
FR;3;2022-02-19;0;0;0;0;0;0;0;0;0;4416739;3441610;4461;2;3613629;2867;47;0;1
FR;3;2022-02-20;0;0;0;0;0;0;0;0;0;4416739;3441610;4461;2;3613629;2867;47;0;1
FR;3;2022-02-21;2;0;0;0;0;0;0;0;0;4416741;3441610;4461;2;3613629;2867;47;0;1
FR;3;2022-02-22;0;0;0;0;0;0;0;0;0;4416741;3441610;4461;2;3613629;2867;47;0;1
FR;3;2022-02-23;0;0;0;0;0;0;0;0;0;4416741;3441610;4461;2;3613629;2867;47;0;1
FR;3;2022-02-24;0;0;0;0;0;0;0;0;0;4416741;3441610;4461;2;3613629;2867;47;0;1
FR;3;2022-02-25;0;0;0;0;0;0;0;0;0;4416741;3441610;4461;2;3613629;2867;47;0;1
FR;3;2022-02-26;0;0;0;0;0;0;0;0;0;4416741;3441610;4461;2;3613629;2867;47;0;1
FR;3;2022-02-27;0;0;0;0;0;0;0;0;0;4416741;3441610;4461;2;3613629;2867;47;0;1
FR;3;2022-02-28;1;0;0;0;0;0;0;0;0;4416742;3441610;4461;2;3613629;2867;47;0;1
FR;3;2022-03-01;1;0;0;0;0;0;0;0;0;4416743;3441610;4461;2;3613629;2867;47;0;1
FR;3;2022-03-02;0;0;0;0;0;0;0;0;0;4416743;3441610;4461;2;3613629;2867;47;0;1
FR;3;2022-03-03;0;0;0;0;0;0;0;0;0;4416743;3441610;4461;2;3613629;2867;47;0;1
FR;3;2022-03-04;0;0;0;0;0;0;0;0;0;4416743;3441610;4461;2;3613629;2867;47;0;1
FR;3;2022-03-05;0;0;0;0;0;0;0;0;0;4416743;3441610;4461;2;3613629;2867;47;0;1
FR;3;2022-03-06;1;0;0;0;0;0;0;0;0;4416744;3441610;4461;2;3613629;2867;47;0;1
FR;3;2022-03-07;0;0;0;0;0;0;0;0;0;4416744;3441610;4461;2;3613629;2867;47;0;1
FR;3;2022-03-08;1;0;0;0;0;0;0;0;0;4416745;3441610;4461;2;3613629;2867;47;0;1
FR;3;2022-03-09;0;0;0;0;0;0;0;0;0;4416745;3441610;4461;2;3613629;2867;47;0;1
FR;3;2022-03-10;0;0;0;0;0;0;0;0;0;4416745;3441610;4461;2;3613629;2867;47;0;1
FR;3;2022-03-11;0;0;0;0;0;0;0;0;0;4416745;3441610;4461;2;3613629;2867;47;0;1
FR;3;2022-03-12;0;0;0;0;0;0;0;0;0;4416745;3441610;4461;2;3613629;2867;47;0;1
FR;3;2022-03-13;0;0;0;0;0;0;0;0;0;4416745;3441610;4461;2;3613629;2867;47;0;1
FR;3;2022-03-14;0;0;0;0;0;0;0;0;0;4416745;3441610;4461;2;3613629;2867;47;0;1
FR;3;2022-03-15;0;0;0;0;0;0;0;0;0;4416745;3441610;4461;2;3613629;2867;47;0;1
FR;3;2022-03-16;0;0;0;0;0;0;0;0;0;4416745;3441610;4461;2;3613629;2867;47;0;1
FR;3;2022-03-17;0;0;0;0;0;0;0;0;0;4416745;3441610;4461;2;3613629;2867;47;0;1
FR;3;2022-03-18;0;0;0;0;0;0;0;0;0;4416745;3441610;4461;2;3613629;2867;47;0;1
FR;3;2022-03-19;0;0;0;0;0;0;0;0;0;4416745;3441610;4461;2;3613629;2867;47;0;1
FR;3;2022-03-20;1;0;0;0;0;0;0;0;0;4416746;3441610;4461;2;3613629;2867;47;0;1
FR;3;2022-03-21;0;0;0;0;0;0;0;0;0;4416746;3441610;4461;2;3613629;2867;47;0;1
FR;3;2022-03-22;0;0;0;0;0;0;0;0;0;4416746;3441610;4461;2;3613629;2867;47;0;1
FR;3;2022-03-23;1;0;0;0;0;0;0;0;0;4416747;3441610;4461;2;3613629;2867;47;0;1
FR;3;2022-03-24;0;0;0;0;0;0;0;0;0;4416747;3441610;4461;2;3613629;2867;47;0;1
FR;3;2022-03-25;1;0;0;0;0;0;0;0;0;4416748;3441610;4461;2;3613629;2867;47;0;1
FR;3;2022-03-26;0;0;0;0;0;0;0;0;0;4416748;3441610;4461;2;3613629;2867;47;0;1
FR;3;2022-03-27;0;0;0;0;0;0;0;0;0;4416748;3441610;4461;2;3613629;2867;47;0;1
FR;3;2022-03-28;0;0;0;0;0;0;0;0;0;4416748;3441610;4461;2;3613629;2867;47;0;1
FR;3;2022-03-29;0;0;0;0;0;0;0;0;0;4416748;3441610;4461;2;3613629;2867;47;0;1
FR;3;2022-03-30;0;0;0;0;0;0;0;0;0;4416748;3441610;4461;2;3613629;2867;47;0;1
FR;3;2022-03-31;0;0;0;0;0;0;0;0;0;4416748;3441610;4461;2;3613629;2867;47;0;1
FR;3;2022-04-01;0;0;0;0;0;0;0;0;0;4416748;3441610;4461;2;3613629;2867;47;0;1
FR;3;2022-04-02;0;0;0;0;0;0;0;0;0;4416748;3441610;4461;2;3613629;2867;47;0;1
FR;3;2022-04-03;0;0;0;0;0;0;0;0;0;4416748;3441610;4461;2;3613629;2867;47;0;1
FR;3;2022-04-04;0;0;0;0;0;0;0;0;0;4416748;3441610;4461;2;3613629;2867;47;0;1
FR;3;2022-04-05;0;0;0;0;0;0;0;0;0;4416748;3441610;4461;2;3613629;2867;47;0;1
FR;3;2022-04-06;0;0;0;0;0;0;0;0;0;4416748;3441610;4461;2;3613629;2867;47;0;1
FR;3;2022-04-07;0;0;0;0;0;0;0;0;0;4416748;3441610;4461;2;3613629;2867;47;0;1
FR;3;2022-04-08;0;0;0;0;0;0;0;0;0;4416748;3441610;4461;2;3613629;2867;47;0;1
FR;3;2022-04-09;0;0;0;0;0;0;0;0;0;4416748;3441610;4461;2;3613629;2867;47;0;1
FR;3;2022-04-10;0;0;0;0;0;0;0;0;0;4416748;3441610;4461;2;3613629;2867;47;0;1
FR;3;2022-04-11;0;0;0;0;0;0;0;0;0;4416748;3441610;4461;2;3613629;2867;47;0;1
FR;3;2022-04-12;0;0;0;0;0;0;0;0;0;4416748;3441610;4461;2;3613629;2867;47;0;1
FR;3;2022-04-13;0;0;0;0;0;0;0;0;0;4416748;3441610;4461;2;3613629;2867;47;0;1
FR;3;2022-04-14;0;0;0;0;0;0;0;0;0;4416748;3441610;4461;2;3613629;2867;47;0;1
FR;3;2022-04-15;1;0;0;0;0;0;0;0;0;4416749;3441610;4461;2;3613629;2867;47;0;1
FR;3;2022-04-16;0;0;0;0;0;0;0;0;0;4416749;3441610;4461;2;3613629;2867;47;0;1
FR;3;2022-04-17;0;0;0;0;0;0;0;0;0;4416749;3441610;4461;2;3613629;2867;47;0;1
FR;3;2022-04-18;0;0;0;0;0;0;0;0;0;4416749;3441610;4461;2;3613629;2867;47;0;1
FR;3;2022-04-19;0;0;0;0;0;0;0;0;0;4416749;3441610;4461;2;3613629;2867;47;0;1
FR;3;2022-04-20;0;0;0;0;0;0;0;0;0;4416749;3441610;4461;2;3613629;2867;47;0;1
FR;3;2022-04-21;0;0;0;0;0;0;0;0;0;4416749;3441610;4461;2;3613629;2867;47;0;1
FR;3;2022-04-22;0;0;0;0;0;0;0;0;0;4416749;3441610;4461;2;3613629;2867;47;0;1
FR;3;2022-04-23;0;0;0;0;0;0;0;0;0;4416749;3441610;4461;2;3613629;2867;47;0;1
FR;3;2022-04-24;0;0;0;0;0;0;0;0;0;4416749;3441610;4461;2;3613629;2867;47;0;1
FR;3;2022-04-25;0;0;0;0;0;0;0;0;0;4416749;3441610;4461;2;3613629;2867;47;0;1
FR;3;2022-04-26;0;0;0;0;0;0;0;0;0;4416749;3441610;4461;2;3613629;2867;47;0;1
FR;3;2022-04-27;0;0;0;0;0;0;0;0;0;4416749;3441610;4461;2;3613629;2867;47;0;1
FR;3;2022-04-28;0;0;0;0;0;0;0;0;0;4416749;3441610;4461;2;3613629;2867;47;0;1
FR;3;2022-04-29;0;0;0;0;0;0;0;0;0;4416749;3441610;4461;2;3613629;2867;47;0;1
FR;3;2022-04-30;0;0;0;0;0;0;0;0;0;4416749;3441610;4461;2;3613629;2867;47;0;1
FR;3;2022-05-01;0;0;0;0;0;0;0;0;0;4416749;3441610;4461;2;3613629;2867;47;0;1
FR;3;2022-05-02;0;0;0;0;0;0;0;0;0;4416749;3441610;4461;2;3613629;2867;47;0;1
FR;3;2022-05-03;0;0;0;0;0;0;0;0;0;4416749;3441610;4461;2;3613629;2867;47;0;1
FR;3;2022-05-04;0;0;0;0;0;0;0;0;0;4416749;3441610;4461;2;3613629;2867;47;0;1
FR;3;2022-05-05;0;0;0;0;0;0;0;0;0;4416749;3441610;4461;2;3613629;2867;47;0;1
FR;3;2022-05-06;0;0;0;0;0;0;0;0;0;4416749;3441610;4461;2;3613629;2867;47;0;1
FR;3;2022-05-07;0;0;0;0;0;0;0;0;0;4416749;3441610;4461;2;3613629;2867;47;0;1
FR;3;2022-05-08;0;0;0;0;0;0;0;0;0;4416749;3441610;4461;2;3613629;2867;47;0;1
FR;3;2022-05-09;0;0;0;0;0;0;0;0;0;4416749;3441610;4461;2;3613629;2867;47;0;1
FR;3;2022-05-10;0;0;0;0;0;0;0;0;0;4416749;3441610;4461;2;3613629;2867;47;0;1
FR;3;2022-05-11;0;0;0;0;0;0;0;0;0;4416749;3441610;4461;2;3613629;2867;47;0;1
FR;3;2022-05-12;0;0;0;0;0;0;0;0;0;4416749;3441610;4461;2;3613629;2867;47;0;1
FR;3;2022-05-13;0;0;0;0;0;0;0;0;0;4416749;3441610;4461;2;3613629;2867;47;0;1
FR;3;2022-05-14;1;0;0;0;0;0;0;0;0;4416750;3441610;4461;2;3613629;2867;47;0;1
FR;3;2022-05-15;0;0;0;0;0;0;0;0;0;4416750;3441610;4461;2;3613629;2867;47;0;1
FR;3;2022-05-16;0;0;0;0;0;0;0;0;0;4416750;3441610;4461;2;3613629;2867;47;0;1
FR;3;2022-05-17;0;0;0;0;0;0;0;0;0;4416750;3441610;4461;2;3613629;2867;47;0;1
FR;3;2022-05-18;0;0;0;0;0;0;0;0;0;4416750;3441610;4461;2;3613629;2867;47;0;1
FR;3;2022-05-19;0;0;0;0;0;0;0;0;0;4416750;3441610;4461;2;3613629;2867;47;0;1
FR;3;2022-05-20;0;0;0;0;0;0;0;0;0;4416750;3441610;4461;2;3613629;2867;47;0;1
FR;3;2022-05-21;0;0;0;0;0;0;0;0;0;4416750;3441610;4461;2;3613629;2867;47;0;1
FR;3;2022-05-22;0;0;0;0;0;0;0;0;0;4416750;3441610;4461;2;3613629;2867;47;0;1
FR;3;2022-05-23;0;0;0;0;0;0;0;0;0;4416750;3441610;4461;2;3613629;2867;47;0;1
FR;3;2022-05-24;0;0;0;0;0;0;0;0;0;4416750;3441610;4461;2;3613629;2867;47;0;1
FR;3;2022-05-25;0;0;0;0;0;0;0;0;0;4416750;3441610;4461;2;3613629;2867;47;0;1
FR;3;2022-05-26;0;0;0;0;0;0;0;0;0;4416750;3441610;4461;2;3613629;2867;47;0;1
FR;3;2022-05-27;0;0;0;0;0;0;0;0;0;4416750;3441610;4461;2;3613629;2867;47;0;1
FR;3;2022-05-28;0;0;0;0;0;0;0;0;0;4416750;3441610;4461;2;3613629;2867;47;0;1
FR;3;2022-05-29;0;0;0;0;0;0;0;0;0;4416750;3441610;4461;2;3613629;2867;47;0;1
FR;3;2022-05-30;0;0;0;0;0;0;0;0;0;4416750;3441610;4461;2;3613629;2867;47;0;1
FR;3;2022-05-31;0;0;0;0;0;0;0;0;0;4416750;3441610;4461;2;3613629;2867;47;0;1
FR;3;2022-06-01;0;0;0;0;0;0;0;0;0;4416750;3441610;4461;2;3613629;2867;47;0;1
FR;3;2022-06-02;0;0;0;0;0;0;0;0;0;4416750;3441610;4461;2;3613629;2867;47;0;1
FR;3;2022-06-03;0;0;0;0;0;0;0;0;0;4416750;3441610;4461;2;3613629;2867;47;0;1
FR;3;2022-06-04;0;0;0;0;0;0;0;0;0;4416750;3441610;4461;2;3613629;2867;47;0;1
FR;3;2022-06-05;0;0;0;0;0;0;0;0;0;4416750;3441610;4461;2;3613629;2867;47;0;1
FR;3;2022-06-06;0;0;0;0;0;0;0;0;0;4416750;3441610;4461;2;3613629;2867;47;0;1
FR;3;2022-06-07;0;0;0;0;0;0;0;0;0;4416750;3441610;4461;2;3613629;2867;47;0;1
FR;3;2022-06-08;0;0;0;0;0;0;0;0;0;4416750;3441610;4461;2;3613629;2867;47;0;1
FR;3;2022-06-09;0;0;0;0;0;0;0;0;0;4416750;3441610;4461;2;3613629;2867;47;0;1
FR;3;2022-06-10;0;0;0;0;0;0;0;0;0;4416750;3441610;4461;2;3613629;2867;47;0;1
FR;3;2022-06-11;0;0;0;0;0;0;0;0;0;4416750;3441610;4461;2;3613629;2867;47;0;1
FR;3;2022-06-12;0;0;0;0;0;0;0;0;0;4416750;3441610;4461;2;3613629;2867;47;0;1
FR;3;2022-06-13;1;0;0;0;0;0;0;0;0;4416751;3441610;4461;2;3613629;2867;47;0;1
FR;3;2022-06-14;0;0;0;0;0;0;0;0;0;4416751;3441610;4461;2;3613629;2867;47;0;1
FR;3;2022-06-15;0;0;0;0;0;0;0;0;0;4416751;3441610;4461;2;3613629;2867;47;0;1
FR;3;2022-06-16;0;0;0;0;0;0;0;0;0;4416751;3441610;4461;2;3613629;2867;47;0;1
FR;3;2022-06-17;0;0;0;0;0;0;0;0;0;4416751;3441610;4461;2;3613629;2867;47;0;1
FR;3;2022-06-18;0;0;0;0;0;0;0;0;0;4416751;3441610;4461;2;3613629;2867;47;0;1
FR;3;2022-06-19;0;0;0;0;0;0;0;0;0;4416751;3441610;4461;2;3613629;2867;47;0;1
FR;3;2022-06-20;0;0;0;0;0;0;0;0;0;4416751;3441610;4461;2;3613629;2867;47;0;1
FR;3;2022-06-21;0;0;0;0;0;0;0;0;0;4416751;3441610;4461;2;3613629;2867;47;0;1
FR;3;2022-06-22;0;0;0;0;0;0;0;0;0;4416751;3441610;4461;2;3613629;2867;47;0;1
FR;3;2022-06-23;0;0;0;0;0;0;0;0;0;4416751;3441610;4461;2;3613629;2867;47;0;1
FR;3;2022-06-24;0;0;0;0;0;0;0;0;0;4416751;3441610;4461;2;3613629;2867;47;0;1
FR;3;2022-06-25;0;0;0;0;0;0;0;0;0;4416751;3441610;4461;2;3613629;2867;47;0;1
FR;3;2022-06-26;0;0;0;0;0;0;0;0;0;4416751;3441610;4461;2;3613629;2867;47;0;1
FR;3;2022-06-27;0;0;0;0;0;0;0;0;0;4416751;3441610;4461;2;3613629;2867;47;0;1
FR;3;2022-06-28;0;0;0;0;0;0;0;0;0;4416751;3441610;4461;2;3613629;2867;47;0;1
FR;3;2022-06-29;1;0;0;0;0;0;0;0;0;4416752;3441610;4461;2;3613629;2867;47;0;1
FR;3;2022-06-30;0;0;0;0;0;0;0;0;0;4416752;3441610;4461;2;3613629;2867;47;0;1
FR;3;2022-07-01;0;0;0;0;0;0;0;0;0;4416752;3441610;4461;2;3613629;2867;47;0;1
FR;3;2022-07-02;0;0;0;0;0;0;0;0;0;4416752;3441610;4461;2;3613629;2867;47;0;1
FR;3;2022-07-03;0;0;0;0;0;0;0;0;0;4416752;3441610;4461;2;3613629;2867;47;0;1
FR;3;2022-07-04;0;0;0;0;0;0;0;0;0;4416752;3441610;4461;2;3613629;2867;47;0;1
FR;3;2022-07-05;0;0;0;0;0;0;0;0;0;4416752;3441610;4461;2;3613629;2867;47;0;1
FR;3;2022-07-06;0;0;0;0;0;0;0;0;0;4416752;3441610;4461;2;3613629;2867;47;0;1
FR;3;2022-07-07;0;0;0;0;0;0;0;0;0;4416752;3441610;4461;2;3613629;2867;47;0;1
FR;3;2022-07-08;0;0;0;0;0;0;0;0;0;4416752;3441610;4461;2;3613629;2867;47;0;1
FR;3;2022-07-09;0;0;0;0;0;0;0;0;0;4416752;3441610;4461;2;3613629;2867;47;0;1
FR;3;2022-07-10;0;0;0;0;0;0;0;0;0;4416752;3441610;4461;2;3613629;2867;47;0;1
FR;3;2022-07-11;0;0;0;0;0;0;0;0;0;4416752;3441610;4461;2;3613629;2867;47;0;1
FR;3;2022-07-12;0;0;0;0;0;0;0;0;0;4416752;3441610;4461;2;3613629;2867;47;0;1
FR;3;2022-07-13;0;0;0;0;0;0;0;0;0;4416752;3441610;4461;2;3613629;2867;47;0;1
FR;3;2022-07-14;0;0;0;0;0;0;0;0;0;4416752;3441610;4461;2;3613629;2867;47;0;1
FR;3;2022-07-15;0;0;0;0;0;0;0;0;0;4416752;3441610;4461;2;3613629;2867;47;0;1
FR;3;2022-07-16;0;0;0;0;0;0;0;0;0;4416752;3441610;4461;2;3613629;2867;47;0;1
FR;3;2022-07-17;0;0;0;0;0;0;0;0;0;4416752;3441610;4461;2;3613629;2867;47;0;1
FR;3;2022-07-18;0;0;0;0;0;0;0;0;0;4416752;3441610;4461;2;3613629;2867;47;0;1
FR;3;2022-07-19;0;0;0;0;0;0;0;0;0;4416752;3441610;4461;2;3613629;2867;47;0;1
FR;3;2022-07-20;0;0;0;0;0;0;0;0;0;4416752;3441610;4461;2;3613629;2867;47;0;1
FR;3;2022-07-21;0;0;0;0;0;0;0;0;0;4416752;3441610;4461;2;3613629;2867;47;0;1
FR;3;2022-07-22;0;0;0;0;0;0;0;0;0;4416752;3441610;4461;2;3613629;2867;47;0;1
FR;3;2022-07-23;0;0;0;0;0;0;0;0;0;4416752;3441610;4461;2;3613629;2867;47;0;1
FR;3;2022-07-24;0;0;0;0;0;0;0;0;0;4416752;3441610;4461;2;3613629;2867;47;0;1
FR;3;2022-07-25;0;0;0;0;0;0;0;0;0;4416752;3441610;4461;2;3613629;2867;47;0;1
FR;3;2022-07-26;0;0;0;0;0;0;0;0;0;4416752;3441610;4461;2;3613629;2867;47;0;1
FR;3;2022-07-27;0;0;0;0;0;0;0;0;0;4416752;3441610;4461;2;3613629;2867;47;0;1
FR;3;2022-07-28;0;0;0;0;0;0;0;0;0;4416752;3441610;4461;2;3613629;2867;47;0;1
FR;3;2022-07-29;0;0;0;0;0;0;0;0;0;4416752;3441610;4461;2;3613629;2867;47;0;1
FR;3;2022-07-30;0;0;0;0;0;0;0;0;0;4416752;3441610;4461;2;3613629;2867;47;0;1
FR;3;2022-07-31;0;0;0;0;0;0;0;0;0;4416752;3441610;4461;2;3613629;2867;47;0;1
FR;3;2022-08-01;0;0;0;0;0;0;0;0;0;4416752;3441610;4461;2;3613629;2867;47;0;1
FR;3;2022-08-02;0;0;0;0;0;0;0;0;0;4416752;3441610;4461;2;3613629;2867;47;0;1
FR;3;2022-08-03;0;0;0;0;0;0;0;0;0;4416752;3441610;4461;2;3613629;2867;47;0;1
FR;3;2022-08-04;0;0;0;0;0;0;0;0;0;4416752;3441610;4461;2;3613629;2867;47;0;1
FR;3;2022-08-05;0;0;0;0;0;0;0;0;0;4416752;3441610;4461;2;3613629;2867;47;0;1
FR;3;2022-08-06;0;0;0;0;0;0;0;0;0;4416752;3441610;4461;2;3613629;2867;47;0;1
FR;3;2022-08-07;0;0;0;0;0;0;0;0;0;4416752;3441610;4461;2;3613629;2867;47;0;1
FR;3;2022-08-08;0;0;0;0;0;0;0;0;0;4416752;3441610;4461;2;3613629;2867;47;0;1
FR;3;2022-08-09;0;0;0;0;0;0;0;0;0;4416752;3441610;4461;2;3613629;2867;47;0;1
FR;3;2022-08-10;0;0;0;0;0;0;0;0;0;4416752;3441610;4461;2;3613629;2867;47;0;1
FR;3;2022-08-11;0;0;0;0;0;0;0;0;0;4416752;3441610;4461;2;3613629;2867;47;0;1
FR;3;2022-08-12;0;0;0;0;0;0;0;0;0;4416752;3441610;4461;2;3613629;2867;47;0;1
FR;3;2022-08-13;0;0;0;0;0;0;0;0;0;4416752;3441610;4461;2;3613629;2867;47;0;1
FR;3;2022-08-14;0;0;0;0;0;0;0;0;0;4416752;3441610;4461;2;3613629;2867;47;0;1
FR;3;2022-08-15;0;0;0;0;0;0;0;0;0;4416752;3441610;4461;2;3613629;2867;47;0;1
FR;3;2022-08-16;0;0;0;0;0;0;0;0;0;4416752;3441610;4461;2;3613629;2867;47;0;1
FR;3;2022-08-17;0;0;0;0;0;0;0;0;0;4416752;3441610;4461;2;3613629;2867;47;0;1
FR;3;2022-08-18;0;0;0;0;0;0;0;0;0;4416752;3441610;4461;2;3613629;2867;47;0;1
FR;3;2022-08-19;0;0;0;0;0;0;0;0;0;4416752;3441610;4461;2;3613629;2867;47;0;1
FR;3;2022-08-20;0;0;0;0;0;0;0;0;0;4416752;3441610;4461;2;3613629;2867;47;0;1
FR;3;2022-08-21;0;0;0;0;0;0;0;0;0;4416752;3441610;4461;2;3613629;2867;47;0;1
FR;3;2022-08-22;0;0;0;0;0;0;0;0;0;4416752;3441610;4461;2;3613629;2867;47;0;1
FR;3;2022-08-23;0;0;0;0;0;0;0;0;0;4416752;3441610;4461;2;3613629;2867;47;0;1
FR;3;2022-08-24;0;0;0;0;0;0;0;0;0;4416752;3441610;4461;2;3613629;2867;47;0;1
FR;3;2022-08-25;0;0;0;0;0;0;0;0;0;4416752;3441610;4461;2;3613629;2867;47;0;1
FR;3;2022-08-26;0;0;0;0;0;0;0;0;0;4416752;3441610;4461;2;3613629;2867;47;0;1
FR;3;2022-08-27;0;0;0;0;0;0;0;0;0;4416752;3441610;4461;2;3613629;2867;47;0;1
FR;3;2022-08-28;0;0;0;0;0;0;0;0;0;4416752;3441610;4461;2;3613629;2867;47;0;1
FR;3;2022-08-29;0;0;0;0;0;0;0;0;0;4416752;3441610;4461;2;3613629;2867;47;0;1
FR;3;2022-08-30;0;0;0;0;0;0;0;0;0;4416752;3441610;4461;2;3613629;2867;47;0;1
FR;3;2022-08-31;0;0;0;0;0;0;0;0;0;4416752;3441610;4461;2;3613629;2867;47;0;1
FR;3;2022-09-01;0;0;0;0;0;0;0;0;0;4416752;3441610;4461;2;3613629;2867;47;0;1
FR;3;2022-09-02;0;0;0;0;0;0;0;0;0;4416752;3441610;4461;2;3613629;2867;47;0;1
FR;3;2022-09-03;0;0;0;0;0;0;0;0;0;4416752;3441610;4461;2;3613629;2867;47;0;1
FR;3;2022-09-04;0;0;0;0;0;0;0;0;0;4416752;3441610;4461;2;3613629;2867;47;0;1
FR;3;2022-09-05;0;0;0;0;0;0;0;0;0;4416752;3441610;4461;2;3613629;2867;47;0;1
FR;3;2022-09-06;0;0;0;0;0;0;0;0;0;4416752;3441610;4461;2;3613629;2867;47;0;1
FR;3;2022-09-07;0;0;0;0;0;0;0;0;0;4416752;3441610;4461;2;3613629;2867;47;0;1
FR;3;2022-09-08;0;0;0;0;0;0;0;0;0;4416752;3441610;4461;2;3613629;2867;47;0;1
FR;3;2022-09-09;0;0;0;0;0;0;0;0;0;4416752;3441610;4461;2;3613629;2867;47;0;1
FR;3;2022-09-10;0;0;0;0;0;0;0;0;0;4416752;3441610;4461;2;3613629;2867;47;0;1
FR;3;2022-09-11;0;0;0;0;0;0;0;0;0;4416752;3441610;4461;2;3613629;2867;47;0;1
FR;3;2022-09-12;0;0;0;0;0;0;0;0;0;4416752;3441610;4461;2;3613629;2867;47;0;1
FR;3;2022-09-13;0;0;0;0;0;0;0;0;0;4416752;3441610;4461;2;3613629;2867;47;0;1
FR;3;2022-09-14;0;0;0;0;0;0;0;0;0;4416752;3441610;4461;2;3613629;2867;47;0;1
FR;3;2022-09-15;0;0;0;0;0;0;0;0;0;4416752;3441610;4461;2;3613629;2867;47;0;1
FR;3;2022-09-16;0;0;0;0;0;0;0;0;0;4416752;3441610;4461;2;3613629;2867;47;0;1
FR;3;2022-09-17;0;0;0;0;0;0;0;0;0;4416752;3441610;4461;2;3613629;2867;47;0;1
FR;3;2022-09-18;0;0;0;0;0;0;0;0;0;4416752;3441610;4461;2;3613629;2867;47;0;1
FR;3;2022-09-19;0;0;0;0;0;0;0;0;0;4416752;3441610;4461;2;3613629;2867;47;0;1
FR;3;2022-09-20;0;0;0;0;0;0;0;0;0;4416752;3441610;4461;2;3613629;2867;47;0;1
FR;3;2022-09-21;0;0;0;0;0;0;0;0;0;4416752;3441610;4461;2;3613629;2867;47;0;1
FR;3;2022-09-22;0;0;0;0;0;0;0;0;0;4416752;3441610;4461;2;3613629;2867;47;0;1
FR;3;2022-09-23;0;0;0;0;0;0;0;0;0;4416752;3441610;4461;2;3613629;2867;47;0;1
FR;3;2022-09-24;0;0;0;0;0;0;0;0;0;4416752;3441610;4461;2;3613629;2867;47;0;1
FR;3;2022-09-25;0;0;0;0;0;0;0;0;0;4416752;3441610;4461;2;3613629;2867;47;0;1
FR;3;2022-09-26;0;0;0;0;0;0;0;0;0;4416752;3441610;4461;2;3613629;2867;47;0;1
FR;3;2022-09-27;0;0;0;0;0;0;0;0;0;4416752;3441610;4461;2;3613629;2867;47;0;1
FR;3;2022-09-28;0;0;0;0;0;0;0;0;0;4416752;3441610;4461;2;3613629;2867;47;0;1
FR;3;2022-09-29;0;0;0;0;0;0;0;0;0;4416752;3441610;4461;2;3613629;2867;47;0;1
FR;3;2022-09-30;0;0;0;0;0;0;0;0;0;4416752;3441610;4461;2;3613629;2867;47;0;1
FR;3;2022-10-01;0;0;0;0;0;0;0;0;0;4416752;3441610;4461;2;3613629;2867;47;0;1
FR;3;2022-10-02;0;0;0;0;0;0;0;0;0;4416752;3441610;4461;2;3613629;2867;47;0;1
FR;3;2022-10-03;0;0;0;0;0;0;0;0;0;4416752;3441610;4461;2;3613629;2867;47;0;1
FR;3;2022-10-04;0;0;0;0;0;0;0;0;0;4416752;3441610;4461;2;3613629;2867;47;0;1
FR;3;2022-10-05;0;0;0;0;0;0;0;0;0;4416752;3441610;4461;2;3613629;2867;47;0;1
FR;3;2022-10-06;0;0;0;0;0;0;0;0;0;4416752;3441610;4461;2;3613629;2867;47;0;1
FR;3;2022-10-07;0;0;0;0;0;0;0;0;0;4416752;3441610;4461;2;3613629;2867;47;0;1
FR;3;2022-10-08;0;0;0;0;0;0;0;0;0;4416752;3441610;4461;2;3613629;2867;47;0;1
FR;3;2022-10-09;0;0;0;0;0;0;0;0;0;4416752;3441610;4461;2;3613629;2867;47;0;1
FR;3;2022-10-10;0;0;0;0;0;0;0;0;0;4416752;3441610;4461;2;3613629;2867;47;0;1
FR;3;2022-10-11;0;0;0;0;0;0;0;0;0;4416752;3441610;4461;2;3613629;2867;47;0;1
FR;3;2022-10-12;0;0;0;0;0;0;0;0;0;4416752;3441610;4461;2;3613629;2867;47;0;1
FR;3;2022-10-13;0;0;0;0;0;0;0;0;0;4416752;3441610;4461;2;3613629;2867;47;0;1
FR;3;2022-10-14;0;0;0;0;0;0;0;0;0;4416752;3441610;4461;2;3613629;2867;47;0;1
FR;3;2022-10-15;0;0;0;0;0;0;0;0;0;4416752;3441610;4461;2;3613629;2867;47;0;1
FR;3;2022-10-16;0;0;0;0;0;0;0;0;0;4416752;3441610;4461;2;3613629;2867;47;0;1
FR;3;2022-10-17;0;0;0;0;0;0;0;0;0;4416752;3441610;4461;2;3613629;2867;47;0;1
FR;3;2022-10-18;0;0;0;0;0;0;0;0;0;4416752;3441610;4461;2;3613629;2867;47;0;1
FR;3;2022-10-19;0;0;0;0;0;0;0;0;0;4416752;3441610;4461;2;3613629;2867;47;0;1
FR;3;2022-10-20;0;0;0;0;0;0;0;0;0;4416752;3441610;4461;2;3613629;2867;47;0;1
FR;3;2022-10-21;0;0;0;0;0;0;0;0;0;4416752;3441610;4461;2;3613629;2867;47;0;1
FR;3;2022-10-22;0;0;0;0;0;0;0;0;0;4416752;3441610;4461;2;3613629;2867;47;0;1
FR;3;2022-10-23;0;0;0;0;0;0;0;0;0;4416752;3441610;4461;2;3613629;2867;47;0;1
FR;3;2022-10-24;0;0;0;0;0;0;0;0;0;4416752;3441610;4461;2;3613629;2867;47;0;1
FR;3;2022-10-25;0;0;0;0;0;0;0;0;0;4416752;3441610;4461;2;3613629;2867;47;0;1
FR;3;2022-10-26;0;0;0;0;0;0;0;0;0;4416752;3441610;4461;2;3613629;2867;47;0;1
FR;3;2022-10-27;0;0;0;0;0;0;0;0;0;4416752;3441610;4461;2;3613629;2867;47;0;1
FR;3;2022-10-28;0;0;0;0;0;0;0;0;0;4416752;3441610;4461;2;3613629;2867;47;0;1
FR;3;2022-10-29;0;0;0;0;0;0;0;0;0;4416752;3441610;4461;2;3613629;2867;47;0;1
FR;3;2022-10-30;0;0;0;0;0;0;0;0;0;4416752;3441610;4461;2;3613629;2867;47;0;1
FR;3;2022-10-31;0;0;0;0;0;0;0;0;0;4416752;3441610;4461;2;3613629;2867;47;0;1
FR;3;2022-11-01;0;0;0;0;0;0;0;0;0;4416752;3441610;4461;2;3613629;2867;47;0;1
FR;3;2022-11-02;0;0;0;0;0;0;0;0;0;4416752;3441610;4461;2;3613629;2867;47;0;1
FR;3;2022-11-03;0;0;0;0;0;0;0;0;0;4416752;3441610;4461;2;3613629;2867;47;0;1
FR;3;2022-11-04;0;0;0;0;0;0;0;0;0;4416752;3441610;4461;2;3613629;2867;47;0;1
FR;3;2022-11-05;0;0;0;0;0;0;0;0;0;4416752;3441610;4461;2;3613629;2867;47;0;1
FR;3;2022-11-06;0;0;0;0;0;0;0;0;0;4416752;3441610;4461;2;3613629;2867;47;0;1
FR;3;2022-11-07;0;0;0;0;0;0;0;0;0;4416752;3441610;4461;2;3613629;2867;47;0;1
FR;3;2022-11-08;1;0;0;0;0;0;0;0;0;4416753;3441610;4461;2;3613629;2867;47;0;1
FR;3;2022-11-09;0;0;0;0;0;0;0;0;0;4416753;3441610;4461;2;3613629;2867;47;0;1
FR;3;2022-11-10;0;0;0;0;0;0;0;0;0;4416753;3441610;4461;2;3613629;2867;47;0;1
FR;3;2022-11-11;0;0;0;0;0;0;0;0;0;4416753;3441610;4461;2;3613629;2867;47;0;1
FR;3;2022-11-12;0;0;0;0;0;0;0;0;0;4416753;3441610;4461;2;3613629;2867;47;0;1
FR;3;2022-11-13;0;0;0;0;0;0;0;0;0;4416753;3441610;4461;2;3613629;2867;47;0;1
FR;3;2022-11-14;0;0;0;0;0;0;0;0;0;4416753;3441610;4461;2;3613629;2867;47;0;1
FR;3;2022-11-15;0;0;0;0;0;0;0;0;0;4416753;3441610;4461;2;3613629;2867;47;0;1
FR;3;2022-11-16;0;0;0;0;0;0;0;0;0;4416753;3441610;4461;2;3613629;2867;47;0;1
FR;3;2022-11-17;0;0;0;0;0;0;0;0;0;4416753;3441610;4461;2;3613629;2867;47;0;1
FR;3;2022-11-18;0;0;0;0;0;0;0;0;0;4416753;3441610;4461;2;3613629;2867;47;0;1
FR;3;2022-11-19;0;0;0;0;0;0;0;0;0;4416753;3441610;4461;2;3613629;2867;47;0;1
FR;3;2022-11-20;0;0;0;0;0;0;0;0;0;4416753;3441610;4461;2;3613629;2867;47;0;1
FR;3;2022-11-21;0;0;0;0;0;0;0;0;0;4416753;3441610;4461;2;3613629;2867;47;0;1
FR;3;2022-11-22;0;0;0;0;0;0;0;0;0;4416753;3441610;4461;2;3613629;2867;47;0;1
FR;3;2022-11-23;0;0;0;0;0;0;0;0;0;4416753;3441610;4461;2;3613629;2867;47;0;1
FR;3;2022-11-24;0;0;0;0;0;0;0;0;0;4416753;3441610;4461;2;3613629;2867;47;0;1
FR;3;2022-11-25;0;0;0;0;0;0;0;0;0;4416753;3441610;4461;2;3613629;2867;47;0;1
FR;3;2022-11-26;0;0;0;0;0;0;0;0;0;4416753;3441610;4461;2;3613629;2867;47;0;1
FR;3;2022-11-27;0;0;0;0;0;0;0;0;0;4416753;3441610;4461;2;3613629;2867;47;0;1
FR;3;2022-11-28;0;0;0;0;0;0;0;0;0;4416753;3441610;4461;2;3613629;2867;47;0;1
FR;3;2022-11-29;0;0;0;0;0;0;0;0;0;4416753;3441610;4461;2;3613629;2867;47;0;1
FR;3;2022-11-30;0;0;0;0;0;0;0;0;0;4416753;3441610;4461;2;3613629;2867;47;0;1
FR;3;2022-12-01;0;0;0;0;0;0;0;0;0;4416753;3441610;4461;2;3613629;2867;47;0;1
FR;3;2022-12-02;0;0;0;0;0;0;0;0;0;4416753;3441610;4461;2;3613629;2867;47;0;1
FR;3;2022-12-03;0;0;0;0;0;0;0;0;0;4416753;3441610;4461;2;3613629;2867;47;0;1
FR;3;2022-12-04;0;0;0;0;0;0;0;0;0;4416753;3441610;4461;2;3613629;2867;47;0;1
FR;3;2022-12-05;0;0;0;0;0;0;0;0;0;4416753;3441610;4461;2;3613629;2867;47;0;1
FR;3;2022-12-06;0;0;0;0;0;0;0;0;0;4416753;3441610;4461;2;3613629;2867;47;0;1
FR;3;2022-12-07;0;0;0;0;0;0;0;0;0;4416753;3441610;4461;2;3613629;2867;47;0;1
FR;3;2022-12-08;0;0;0;0;0;0;0;0;0;4416753;3441610;4461;2;3613629;2867;47;0;1
FR;3;2022-12-09;0;0;0;0;0;0;0;0;0;4416753;3441610;4461;2;3613629;2867;47;0;1
FR;3;2022-12-10;0;0;0;0;0;0;0;0;0;4416753;3441610;4461;2;3613629;2867;47;0;1
FR;3;2022-12-11;0;0;0;0;0;0;0;0;0;4416753;3441610;4461;2;3613629;2867;47;0;1
FR;3;2022-12-12;0;0;0;0;0;0;0;0;0;4416753;3441610;4461;2;3613629;2867;47;0;1
FR;3;2022-12-13;0;0;0;0;0;0;0;0;0;4416753;3441610;4461;2;3613629;2867;47;0;1
FR;3;2022-12-14;0;0;0;0;0;0;0;0;0;4416753;3441610;4461;2;3613629;2867;47;0;1
FR;3;2022-12-15;0;0;0;0;0;0;0;0;0;4416753;3441610;4461;2;3613629;2867;47;0;1
FR;3;2022-12-16;0;0;0;0;0;0;0;0;0;4416753;3441610;4461;2;3613629;2867;47;0;1
FR;3;2022-12-17;0;0;0;0;0;0;0;0;0;4416753;3441610;4461;2;3613629;2867;47;0;1
FR;3;2022-12-18;0;0;0;0;0;0;0;0;0;4416753;3441610;4461;2;3613629;2867;47;0;1
FR;3;2022-12-19;0;0;0;0;0;0;0;0;0;4416753;3441610;4461;2;3613629;2867;47;0;1
FR;3;2022-12-20;0;0;0;0;0;0;0;0;0;4416753;3441610;4461;2;3613629;2867;47;0;1
FR;3;2022-12-21;0;0;0;0;0;0;0;0;0;4416753;3441610;4461;2;3613629;2867;47;0;1
FR;3;2022-12-22;0;0;0;0;0;0;0;0;0;4416753;3441610;4461;2;3613629;2867;47;0;1
FR;3;2022-12-23;0;0;0;0;0;0;0;0;0;4416753;3441610;4461;2;3613629;2867;47;0;1
FR;3;2022-12-24;0;0;0;0;0;0;0;0;0;4416753;3441610;4461;2;3613629;2867;47;0;1
FR;3;2022-12-25;0;0;0;0;0;0;0;0;0;4416753;3441610;4461;2;3613629;2867;47;0;1
FR;3;2022-12-26;0;0;0;0;0;0;0;0;0;4416753;3441610;4461;2;3613629;2867;47;0;1
FR;3;2022-12-27;0;0;0;0;0;0;0;0;0;4416753;3441610;4461;2;3613629;2867;47;0;1
FR;3;2022-12-28;0;0;0;0;0;0;0;0;0;4416753;3441610;4461;2;3613629;2867;47;0;1
FR;3;2022-12-29;0;0;0;0;0;0;0;0;0;4416753;3441610;4461;2;3613629;2867;47;0;1
FR;3;2022-12-30;0;0;0;0;0;0;0;0;0;4416753;3441610;4461;2;3613629;2867;47;0;1
FR;3;2022-12-31;0;0;0;0;0;0;0;0;0;4416753;3441610;4461;2;3613629;2867;47;0;1
FR;3;2023-01-01;0;0;0;0;0;0;0;0;0;4416753;3441610;4461;2;3613629;2867;47;0;1
FR;3;2023-01-02;0;0;0;0;0;0;0;0;0;4416753;3441610;4461;2;3613629;2867;47;0;1
FR;3;2023-01-03;0;0;0;0;0;0;0;0;0;4416753;3441610;4461;2;3613629;2867;47;0;1
FR;3;2023-01-04;0;0;0;0;0;0;0;0;0;4416753;3441610;4461;2;3613629;2867;47;0;1
FR;3;2023-01-05;0;0;0;0;0;0;0;0;0;4416753;3441610;4461;2;3613629;2867;47;0;1
FR;3;2023-01-06;0;0;0;0;0;0;0;0;0;4416753;3441610;4461;2;3613629;2867;47;0;1
FR;3;2023-01-07;0;0;0;0;0;0;0;0;0;4416753;3441610;4461;2;3613629;2867;47;0;1
FR;3;2023-01-08;0;0;0;0;0;0;0;0;0;4416753;3441610;4461;2;3613629;2867;47;0;1
FR;3;2023-01-09;0;0;0;0;0;0;0;0;0;4416753;3441610;4461;2;3613629;2867;47;0;1
FR;3;2023-01-10;0;0;0;0;0;0;0;0;0;4416753;3441610;4461;2;3613629;2867;47;0;1
FR;3;2023-01-11;0;0;0;0;0;0;0;0;0;4416753;3441610;4461;2;3613629;2867;47;0;1
FR;3;2023-01-12;0;0;0;0;0;0;0;0;0;4416753;3441610;4461;2;3613629;2867;47;0;1
FR;3;2023-01-13;0;0;0;0;0;0;0;0;0;4416753;3441610;4461;2;3613629;2867;47;0;1
FR;3;2023-01-14;0;0;0;0;0;0;0;0;0;4416753;3441610;4461;2;3613629;2867;47;0;1
FR;3;2023-01-15;0;0;0;0;0;0;0;0;0;4416753;3441610;4461;2;3613629;2867;47;0;1
FR;4;2020-12-27;0;0;0;0;0;0;0;0;0;0;0;0;0;0;0;0;0;0
FR;4;2020-12-28;0;0;0;0;0;0;0;0;0;0;0;0;0;0;0;0;0;0
FR;4;2020-12-29;0;0;0;0;0;0;0;0;0;0;0;0;0;0;0;0;0;0
FR;4;2020-12-30;0;0;0;0;0;0;0;0;0;0;0;0;0;0;0;0;0;0
FR;4;2020-12-31;0;0;0;0;0;0;0;0;0;0;0;0;0;0;0;0;0;0
FR;4;2021-01-01;0;0;0;0;0;0;0;0;0;0;0;0;0;0;0;0;0;0
FR;4;2021-01-02;0;0;0;0;0;0;0;0;0;0;0;0;0;0;0;0;0;0
FR;4;2021-01-03;0;0;0;0;0;0;0;0;0;0;0;0;0;0;0;0;0;0
FR;4;2021-01-04;0;0;0;0;0;0;0;0;0;0;0;0;0;0;0;0;0;0
FR;4;2021-01-05;0;0;0;0;0;0;0;0;0;0;0;0;0;0;0;0;0;0
FR;4;2021-01-06;0;0;0;0;0;0;0;0;0;0;0;0;0;0;0;0;0;0
FR;4;2021-01-07;0;0;0;0;0;0;0;0;0;0;0;0;0;0;0;0;0;0
FR;4;2021-01-08;0;0;0;0;0;0;0;0;0;0;0;0;0;0;0;0;0;0
FR;4;2021-01-09;0;0;0;0;0;0;0;0;0;0;0;0;0;0;0;0;0;0
FR;4;2021-01-10;0;0;0;0;0;0;0;0;0;0;0;0;0;0;0;0;0;0
FR;4;2021-01-11;0;0;0;0;0;0;0;0;0;0;0;0;0;0;0;0;0;0
FR;4;2021-01-12;0;0;0;0;0;0;0;0;0;0;0;0;0;0;0;0;0;0
FR;4;2021-01-13;0;0;0;0;0;0;0;0;0;0;0;0;0;0;0;0;0;0
FR;4;2021-01-14;0;0;0;0;0;0;0;0;0;0;0;0;0;0;0;0;0;0
FR;4;2021-01-15;0;0;0;0;0;0;0;0;0;0;0;0;0;0;0;0;0;0
FR;4;2021-01-16;0;0;0;0;0;0;0;0;0;0;0;0;0;0;0;0;0;0
FR;4;2021-01-17;0;0;0;0;0;0;0;0;0;0;0;0;0;0;0;0;0;0
FR;4;2021-01-18;0;0;0;0;0;0;0;0;0;0;0;0;0;0;0;0;0;0
FR;4;2021-01-19;0;0;0;0;0;0;0;0;0;0;0;0;0;0;0;0;0;0
FR;4;2021-01-20;0;0;0;0;0;0;0;0;0;0;0;0;0;0;0;0;0;0
FR;4;2021-01-21;0;0;0;0;0;0;0;0;0;0;0;0;0;0;0;0;0;0
FR;4;2021-01-22;0;0;0;0;0;0;0;0;0;0;0;0;0;0;0;0;0;0
FR;4;2021-01-23;0;0;0;0;0;0;0;0;0;0;0;0;0;0;0;0;0;0
FR;4;2021-01-24;0;0;0;0;0;0;0;0;0;0;0;0;0;0;0;0;0;0
FR;4;2021-01-25;0;0;0;0;0;0;0;0;0;0;0;0;0;0;0;0;0;0
FR;4;2021-01-26;0;0;0;0;0;0;0;0;0;0;0;0;0;0;0;0;0;0
FR;4;2021-01-27;0;0;0;0;0;0;0;0;0;0;0;0;0;0;0;0;0;0
FR;4;2021-01-28;0;0;0;0;0;0;0;0;0;0;0;0;0;0;0;0;0;0
FR;4;2021-01-29;0;0;0;0;0;0;0;0;0;0;0;0;0;0;0;0;0;0
FR;4;2021-01-30;0;0;0;0;0;0;0;0;0;0;0;0;0;0;0;0;0;0
FR;4;2021-01-31;0;0;0;0;0;0;0;0;0;0;0;0;0;0;0;0;0;0
FR;4;2021-02-01;0;0;0;0;0;0;0;0;0;0;0;0;0;0;0;0;0;0
FR;4;2021-02-02;0;0;0;0;0;0;0;0;0;0;0;0;0;0;0;0;0;0
FR;4;2021-02-03;0;0;0;0;0;0;0;0;0;0;0;0;0;0;0;0;0;0
FR;4;2021-02-04;0;0;0;0;0;0;0;0;0;0;0;0;0;0;0;0;0;0
FR;4;2021-02-05;0;0;0;0;0;0;0;0;0;0;0;0;0;0;0;0;0;0
FR;4;2021-02-06;0;0;0;0;0;0;0;0;0;0;0;0;0;0;0;0;0;0
FR;4;2021-02-07;0;0;0;0;0;0;0;0;0;0;0;0;0;0;0;0;0;0
FR;4;2021-02-08;0;0;0;0;0;0;0;0;0;0;0;0;0;0;0;0;0;0
FR;4;2021-02-09;0;0;0;0;0;0;0;0;0;0;0;0;0;0;0;0;0;0
FR;4;2021-02-10;0;0;0;0;0;0;0;0;0;0;0;0;0;0;0;0;0;0
FR;4;2021-02-11;0;0;0;0;0;0;0;0;0;0;0;0;0;0;0;0;0;0
FR;4;2021-02-12;0;0;0;0;0;0;0;0;0;0;0;0;0;0;0;0;0;0
FR;4;2021-02-13;0;0;0;0;0;0;0;0;0;0;0;0;0;0;0;0;0;0
FR;4;2021-02-14;0;0;0;0;0;0;0;0;0;0;0;0;0;0;0;0;0;0
FR;4;2021-02-15;0;0;0;0;0;0;0;0;0;0;0;0;0;0;0;0;0;0
FR;4;2021-02-16;0;0;0;0;0;0;0;0;0;0;0;0;0;0;0;0;0;0
FR;4;2021-02-17;0;0;0;0;0;0;0;0;0;0;0;0;0;0;0;0;0;0
FR;4;2021-02-18;0;0;0;0;0;0;0;0;0;0;0;0;0;0;0;0;0;0
FR;4;2021-02-19;0;0;0;0;0;0;0;0;0;0;0;0;0;0;0;0;0;0
FR;4;2021-02-20;0;0;0;0;0;0;0;0;0;0;0;0;0;0;0;0;0;0
FR;4;2021-02-21;0;0;0;0;0;0;0;0;0;0;0;0;0;0;0;0;0;0
FR;4;2021-02-22;0;0;0;0;0;0;0;0;0;0;0;0;0;0;0;0;0;0
FR;4;2021-02-23;0;0;0;0;0;0;0;0;0;0;0;0;0;0;0;0;0;0
FR;4;2021-02-24;0;0;0;0;0;0;0;0;0;0;0;0;0;0;0;0;0;0
FR;4;2021-02-25;0;0;0;0;0;0;0;0;0;0;0;0;0;0;0;0;0;0
FR;4;2021-02-26;0;0;0;0;0;0;0;0;0;0;0;0;0;0;0;0;0;0
FR;4;2021-02-27;0;0;0;0;0;0;0;0;0;0;0;0;0;0;0;0;0;0
FR;4;2021-02-28;0;0;0;0;0;0;0;0;0;0;0;0;0;0;0;0;0;0
FR;4;2021-03-01;0;0;0;0;0;0;0;0;0;0;0;0;0;0;0;0;0;0
FR;4;2021-03-02;0;0;0;0;0;0;0;0;0;0;0;0;0;0;0;0;0;0
FR;4;2021-03-03;0;0;0;0;0;0;0;0;0;0;0;0;0;0;0;0;0;0
FR;4;2021-03-04;0;0;0;0;0;0;0;0;0;0;0;0;0;0;0;0;0;0
FR;4;2021-03-05;0;0;0;0;0;0;0;0;0;0;0;0;0;0;0;0;0;0
FR;4;2021-03-06;0;0;0;0;0;0;0;0;0;0;0;0;0;0;0;0;0;0
FR;4;2021-03-07;0;0;0;0;0;0;0;0;0;0;0;0;0;0;0;0;0;0
FR;4;2021-03-08;0;0;0;0;0;0;0;0;0;0;0;0;0;0;0;0;0;0
FR;4;2021-03-09;0;0;0;0;0;0;0;0;0;0;0;0;0;0;0;0;0;0
FR;4;2021-03-10;0;0;0;0;0;0;0;0;0;0;0;0;0;0;0;0;0;0
FR;4;2021-03-11;0;0;0;0;0;0;0;0;0;0;0;0;0;0;0;0;0;0
FR;4;2021-03-12;0;0;0;0;0;0;0;0;0;0;0;0;0;0;0;0;0;0
FR;4;2021-03-13;0;0;0;0;0;0;0;0;0;0;0;0;0;0;0;0;0;0
FR;4;2021-03-14;0;0;0;0;0;0;0;0;0;0;0;0;0;0;0;0;0;0
FR;4;2021-03-15;0;0;0;0;0;0;0;0;0;0;0;0;0;0;0;0;0;0
FR;4;2021-03-16;0;0;0;0;0;0;0;0;0;0;0;0;0;0;0;0;0;0
FR;4;2021-03-17;0;0;0;0;0;0;0;0;0;0;0;0;0;0;0;0;0;0
FR;4;2021-03-18;0;0;0;0;0;0;0;0;0;0;0;0;0;0;0;0;0;0
FR;4;2021-03-19;0;0;0;0;0;0;0;0;0;0;0;0;0;0;0;0;0;0
FR;4;2021-03-20;0;0;0;0;0;0;0;0;0;0;0;0;0;0;0;0;0;0
FR;4;2021-03-21;0;0;0;0;0;0;0;0;0;0;0;0;0;0;0;0;0;0
FR;4;2021-03-22;0;0;0;0;0;0;0;0;0;0;0;0;0;0;0;0;0;0
FR;4;2021-03-23;0;0;0;0;0;0;0;0;0;0;0;0;0;0;0;0;0;0
FR;4;2021-03-24;0;0;0;0;0;0;0;0;0;0;0;0;0;0;0;0;0;0
FR;4;2021-03-25;0;0;0;0;0;0;0;0;0;0;0;0;0;0;0;0;0;0
FR;4;2021-03-26;0;0;0;0;0;0;0;0;0;0;0;0;0;0;0;0;0;0
FR;4;2021-03-27;0;0;0;0;0;0;0;0;0;0;0;0;0;0;0;0;0;0
FR;4;2021-03-28;0;0;0;0;0;0;0;0;0;0;0;0;0;0;0;0;0;0
FR;4;2021-03-29;0;0;0;0;0;0;0;0;0;0;0;0;0;0;0;0;0;0
FR;4;2021-03-30;0;0;0;0;0;0;0;0;0;0;0;0;0;0;0;0;0;0
FR;4;2021-03-31;0;0;0;0;0;0;0;0;0;0;0;0;0;0;0;0;0;0
FR;4;2021-04-01;0;0;0;0;0;0;0;0;0;0;0;0;0;0;0;0;0;0
FR;4;2021-04-02;0;0;0;0;0;0;0;0;0;0;0;0;0;0;0;0;0;0
FR;4;2021-04-03;0;0;0;0;0;0;0;0;0;0;0;0;0;0;0;0;0;0
FR;4;2021-04-04;0;0;0;0;0;0;0;0;0;0;0;0;0;0;0;0;0;0
FR;4;2021-04-05;0;0;0;0;0;0;0;0;0;0;0;0;0;0;0;0;0;0
FR;4;2021-04-06;0;0;0;0;0;0;0;0;0;0;0;0;0;0;0;0;0;0
FR;4;2021-04-07;0;0;0;0;0;0;0;0;0;0;0;0;0;0;0;0;0;0
FR;4;2021-04-08;0;0;0;0;0;0;0;0;0;0;0;0;0;0;0;0;0;0
FR;4;2021-04-09;0;0;0;0;0;0;0;0;0;0;0;0;0;0;0;0;0;0
FR;4;2021-04-10;0;0;0;0;0;0;0;0;0;0;0;0;0;0;0;0;0;0
FR;4;2021-04-11;0;0;0;0;0;0;0;0;0;0;0;0;0;0;0;0;0;0
FR;4;2021-04-12;0;0;0;0;0;0;0;0;0;0;0;0;0;0;0;0;0;0
FR;4;2021-04-13;0;0;0;0;0;0;0;0;0;0;0;0;0;0;0;0;0;0
FR;4;2021-04-14;0;0;0;0;0;0;0;0;0;0;0;0;0;0;0;0;0;0
FR;4;2021-04-15;0;0;0;0;0;0;0;0;0;0;0;0;0;0;0;0;0;0
FR;4;2021-04-16;0;0;0;0;0;0;0;0;0;0;0;0;0;0;0;0;0;0
FR;4;2021-04-17;0;0;0;0;0;0;0;0;0;0;0;0;0;0;0;0;0;0
FR;4;2021-04-18;0;0;0;0;0;0;0;0;0;0;0;0;0;0;0;0;0;0
FR;4;2021-04-19;0;0;0;0;0;0;0;0;0;0;0;0;0;0;0;0;0;0
FR;4;2021-04-20;0;0;0;0;0;0;0;0;0;0;0;0;0;0;0;0;0;0
FR;4;2021-04-21;0;0;0;0;0;0;0;0;0;0;0;0;0;0;0;0;0;0
FR;4;2021-04-22;0;0;0;0;0;0;0;0;0;0;0;0;0;0;0;0;0;0
FR;4;2021-04-23;3674;0;0;0;3635;0;0;0;0;3674;0;0;0;3635;0;0;0;0
FR;4;2021-04-24;1569;1;0;0;1558;0;0;0;0;5243;1;0;0;5193;0;0;0;0
FR;4;2021-04-25;125;0;0;0;125;0;0;0;0;5368;1;0;0;5318;0;0;0;0
FR;4;2021-04-26;2871;1;0;0;2860;0;0;0;0;8239;2;0;0;8178;0;0;0;0
FR;4;2021-04-27;9520;3;0;0;9501;0;0;0;0;17759;5;0;0;17679;0;0;0;0
FR;4;2021-04-28;9909;6;0;0;9884;0;0;0;0;27668;11;0;0;27563;0;0;0;0
FR;4;2021-04-29;15996;8;0;0;15980;0;0;0;0;43664;19;0;0;43543;0;0;0;0
FR;4;2021-04-30;19233;10;0;0;19204;0;0;0;0;62897;29;0;0;62747;0;0;0;0
FR;4;2021-05-01;1994;6;0;0;1992;0;0;0;0;64891;35;0;0;64739;0;0;0;0
FR;4;2021-05-02;484;0;0;0;482;0;0;0;0;65375;35;0;0;65221;0;0;0;0
FR;4;2021-05-03;5067;2;0;0;5060;0;0;0;0;70442;37;0;0;70281;0;0;0;0
FR;4;2021-05-04;8411;11;0;0;8400;0;0;0;0;78853;48;0;0;78681;0;0;0;0
FR;4;2021-05-05;6191;7;0;0;6186;0;0;0;0;85044;55;0;0;84867;0;0;0;0
FR;4;2021-05-06;11388;11;0;0;11385;0;0;0;0;96432;66;0;0;96252;0;0;0;0
FR;4;2021-05-07;19126;9;0;0;19087;0;0;0;0;115558;75;0;0;115339;0;0;0;0
FR;4;2021-05-08;2377;6;0;0;2381;0;0;0;0;117935;81;0;0;117720;0;0;0;0
FR;4;2021-05-09;691;3;0;0;692;0;0;0;0;118626;84;0;0;118412;0;0;0;0
FR;4;2021-05-10;7245;5;1;0;7242;0;0;0;0;125871;89;1;0;125654;0;0;0;0
FR;4;2021-05-11;14325;12;0;0;14305;0;0;0;0;140196;101;1;0;139959;0;0;0;0
FR;4;2021-05-12;10176;15;0;0;10179;0;0;0;0;150372;116;1;0;150138;0;0;0;0
FR;4;2021-05-13;1584;4;0;0;1585;0;0;0;0;151956;120;1;0;151723;0;0;0;0
FR;4;2021-05-14;7768;7;0;0;7762;0;0;0;0;159724;127;1;0;159485;0;0;0;0
FR;4;2021-05-15;3721;8;1;0;3720;0;0;0;0;163445;135;2;0;163205;0;0;0;0
FR;4;2021-05-16;417;1;0;0;417;0;0;0;0;163862;136;2;0;163622;0;0;0;0
FR;4;2021-05-17;4483;7;0;0;4482;0;0;0;0;168345;143;2;0;168104;0;0;0;0
FR;4;2021-05-18;8769;10;0;0;8769;0;0;0;0;177114;153;2;0;176873;0;0;0;0
FR;4;2021-05-19;5699;7;0;0;5701;0;0;0;0;182813;160;2;0;182574;0;0;0;0
FR;4;2021-05-20;9487;8;0;0;9479;0;0;0;0;192300;168;2;0;192053;0;0;0;0
FR;4;2021-05-21;12814;30;0;0;12821;0;0;0;0;205114;198;2;0;204874;0;0;0;0
FR;4;2021-05-22;5060;15;0;0;5067;0;0;0;0;210174;213;2;0;209941;0;0;0;0
FR;4;2021-05-23;498;4;0;0;501;0;0;0;0;210672;217;2;0;210442;0;0;0;0
FR;4;2021-05-24;1060;7;0;0;1064;0;0;0;0;211732;224;2;0;211506;0;0;0;0
FR;4;2021-05-25;7636;16;0;0;7642;0;0;0;0;219368;240;2;0;219148;0;0;0;0
FR;4;2021-05-26;7731;16;0;0;7739;0;0;0;0;227099;256;2;0;226887;0;0;0;0
FR;4;2021-05-27;14337;35;0;0;14346;0;0;0;0;241436;291;2;0;241233;0;0;0;0
FR;4;2021-05-28;26593;82;1;0;26634;0;0;0;0;268029;373;3;0;267867;0;0;0;0
FR;4;2021-05-29;11385;18;0;0;11385;0;0;0;0;279414;391;3;0;279252;0;0;0;0
FR;4;2021-05-30;974;7;0;0;973;0;0;0;0;280388;398;3;0;280225;0;0;0;0
FR;4;2021-05-31;12700;21;0;0;12700;0;0;0;0;293088;419;3;0;292925;0;0;0;0
FR;4;2021-06-01;20281;48;1;0;20299;0;0;0;0;313369;467;4;0;313224;0;0;0;0
FR;4;2021-06-02;14524;33;0;0;14537;0;0;0;0;327893;500;4;0;327761;0;0;0;0
FR;4;2021-06-03;19436;24;1;0;19434;0;0;0;0;347329;524;5;0;347195;0;0;0;0
FR;4;2021-06-04;22518;48;0;0;22536;0;0;0;0;369847;572;5;0;369731;0;0;0;0
FR;4;2021-06-05;9717;32;0;0;9721;0;0;0;0;379564;604;5;0;379452;0;0;0;0
FR;4;2021-06-06;1041;1;0;0;1037;0;0;0;0;380605;605;5;0;380489;0;0;0;0
FR;4;2021-06-07;9230;19;0;0;9238;0;0;0;0;389835;624;5;0;389727;0;0;0;0
FR;4;2021-06-08;14614;32;0;0;14626;0;0;0;0;404449;656;5;0;404353;0;0;0;0
FR;4;2021-06-09;12216;25;0;0;12224;0;0;0;0;416665;681;5;0;416577;0;0;0;0
FR;4;2021-06-10;15407;30;0;0;15415;0;0;0;0;432072;711;5;0;431992;0;0;0;0
FR;4;2021-06-11;16988;57;0;0;17015;0;0;0;0;449060;768;5;0;449007;0;0;0;0
FR;4;2021-06-12;7453;27;0;0;7478;0;0;0;0;456513;795;5;0;456485;0;0;0;0
FR;4;2021-06-13;908;3;0;0;910;0;0;0;0;457421;798;5;0;457395;0;0;0;0
FR;4;2021-06-14;6652;27;0;0;6662;0;0;0;0;464073;825;5;0;464057;0;0;0;0
FR;4;2021-06-15;10895;39;0;0;10912;0;0;0;0;474968;864;5;0;474969;0;0;0;0
FR;4;2021-06-16;8909;17;0;0;8917;0;0;0;0;483877;881;5;0;483886;0;0;0;0
FR;4;2021-06-17;10903;37;0;0;10915;0;0;0;0;494780;918;5;0;494801;0;0;0;0
FR;4;2021-06-18;12427;45;0;0;12454;0;0;0;0;507207;963;5;0;507255;0;0;0;0
FR;4;2021-06-19;5567;25;0;0;5587;0;0;0;0;512774;988;5;0;512842;0;0;0;0
FR;4;2021-06-20;828;5;0;0;832;0;0;0;0;513602;993;5;0;513674;0;0;0;0
FR;4;2021-06-21;5103;21;0;0;5103;0;0;0;0;518705;1014;5;0;518777;0;0;0;0
FR;4;2021-06-22;7914;29;2;0;7932;0;0;0;0;526619;1043;7;0;526709;0;0;0;0
FR;4;2021-06-23;7104;43;2;0;7131;0;0;0;0;533723;1086;9;0;533840;0;0;0;0
FR;4;2021-06-24;8655;46;1;0;8687;0;0;0;0;542378;1132;10;0;542527;0;0;0;0
FR;4;2021-06-25;10177;41;2;0;10209;0;0;0;0;552555;1173;12;0;552736;0;0;0;0
FR;4;2021-06-26;4853;21;0;0;4870;0;0;0;0;557408;1194;12;0;557606;0;0;0;0
FR;4;2021-06-27;769;4;0;0;771;0;0;0;0;558177;1198;12;0;558377;0;0;0;0
FR;4;2021-06-28;4834;16;1;0;4842;0;0;0;0;563011;1214;13;0;563219;0;0;0;0
FR;4;2021-06-29;7111;28;2;0;7120;0;0;0;0;570122;1242;15;0;570339;0;0;0;0
FR;4;2021-06-30;6727;40;2;0;6755;0;0;0;0;576849;1282;17;0;577094;0;0;0;0
FR;4;2021-07-01;8212;42;0;0;8234;0;0;0;0;585061;1324;17;0;585328;0;0;0;0
FR;4;2021-07-02;9429;53;1;0;9469;0;0;0;0;594490;1377;18;0;594797;0;0;0;0
FR;4;2021-07-03;4847;20;0;0;4862;0;0;0;0;599337;1397;18;0;599659;0;0;0;0
FR;4;2021-07-04;690;5;0;0;692;0;0;0;0;600027;1402;18;0;600351;0;0;0;0
FR;4;2021-07-05;4771;19;2;0;4782;0;0;0;0;604798;1421;20;0;605133;0;0;0;0
FR;4;2021-07-06;7728;29;4;0;7741;0;0;0;0;612526;1450;24;0;612874;0;0;0;0
FR;4;2021-07-07;7087;34;2;0;7099;0;0;0;0;619613;1484;26;0;619973;0;0;0;0
FR;4;2021-07-08;9232;40;2;0;9255;0;0;0;0;628845;1524;28;0;629228;0;0;0;0
FR;4;2021-07-09;10282;34;1;0;10305;0;0;0;0;639127;1558;29;0;639533;0;0;0;0
FR;4;2021-07-10;4639;14;2;0;4646;0;0;0;0;643766;1572;31;0;644179;0;0;0;0
FR;4;2021-07-11;583;4;1;0;581;0;0;0;0;644349;1576;32;0;644760;0;0;0;0
FR;4;2021-07-12;5877;29;0;0;5899;0;0;0;0;650226;1605;32;0;650659;0;0;0;0
FR;4;2021-07-13;14231;29;0;0;14249;0;0;0;0;664457;1634;32;0;664908;0;0;0;0
FR;4;2021-07-14;2291;15;0;0;2291;0;0;0;0;666748;1649;32;0;667199;0;0;0;0
FR;4;2021-07-15;18238;37;0;0;18255;0;0;0;0;684986;1686;32;0;685454;0;0;0;0
FR;4;2021-07-16;22838;71;2;0;22888;0;0;0;0;707824;1757;34;0;708342;0;0;0;0
FR;4;2021-07-17;9741;20;0;0;9749;0;0;0;0;717565;1777;34;0;718091;0;0;0;0
FR;4;2021-07-18;1358;5;0;0;1361;0;0;0;0;718923;1782;34;0;719452;0;0;0;0
FR;4;2021-07-19;12991;30;1;0;13016;0;0;0;0;731914;1812;35;0;732468;0;0;0;0
FR;4;2021-07-20;17345;26;1;0;17361;0;0;0;0;749259;1838;36;0;749829;0;0;0;0
FR;4;2021-07-21;15622;33;0;0;15642;0;0;0;0;764881;1871;36;0;765471;0;0;0;0
FR;4;2021-07-22;18247;44;2;0;18271;0;0;0;0;783128;1915;38;0;783742;0;0;0;0
FR;4;2021-07-23;20419;57;7;0;20452;0;0;0;0;803547;1972;45;0;804194;0;0;0;0
FR;4;2021-07-24;9289;33;0;0;9304;0;0;0;0;812836;2005;45;0;813498;0;0;0;0
FR;4;2021-07-25;1356;11;0;0;1358;0;0;0;0;814192;2016;45;0;814856;0;0;0;0
FR;4;2021-07-26;11044;23;0;0;11051;0;0;0;0;825236;2039;45;0;825907;0;0;0;0
FR;4;2021-07-27;14687;35;3;0;14707;0;0;0;0;839923;2074;48;0;840614;0;0;0;0
FR;4;2021-07-28;12935;26;2;0;12952;0;0;0;0;852858;2100;50;0;853566;0;0;0;0
FR;4;2021-07-29;14094;54;4;0;14135;0;0;0;0;866952;2154;54;0;867701;0;0;0;0
FR;4;2021-07-30;15501;46;2;0;15532;0;0;0;0;882453;2200;56;0;883233;0;0;0;0
FR;4;2021-07-31;6845;14;2;0;6855;0;0;0;0;889298;2214;58;0;890088;0;0;0;0
FR;4;2021-08-01;906;1;0;0;901;0;0;0;0;890204;2215;58;0;890989;0;0;0;0
FR;4;2021-08-02;7917;31;0;0;7918;0;0;0;0;898121;2246;58;0;898907;0;0;0;0
FR;4;2021-08-03;10804;31;2;0;10800;0;0;0;0;908925;2277;60;0;909707;0;0;0;0
FR;4;2021-08-04;9749;29;0;0;9748;0;0;0;0;918674;2306;60;0;919455;0;0;0;0
FR;4;2021-08-05;9829;42;0;0;9835;0;0;0;0;928503;2348;60;0;929290;0;0;0;0
FR;4;2021-08-06;10201;30;3;0;10198;0;0;0;0;938704;2378;63;0;939488;0;0;0;0
FR;4;2021-08-07;5100;30;1;0;5116;0;0;0;0;943804;2408;64;0;944604;0;0;0;0
FR;4;2021-08-08;1223;13;0;0;1226;0;0;0;0;945027;2421;64;0;945830;0;0;0;0
FR;4;2021-08-09;6350;31;0;0;6343;0;0;0;0;951377;2452;64;0;952173;0;0;0;0
FR;4;2021-08-10;8753;18;0;0;8724;0;0;0;0;960130;2470;64;0;960897;0;0;0;0
FR;4;2021-08-11;7944;34;4;0;7933;0;0;0;0;968074;2504;68;0;968830;0;0;0;0
FR;4;2021-08-12;8585;31;1;0;8573;0;0;0;0;976659;2535;69;0;977403;0;0;0;0
FR;4;2021-08-13;7559;25;0;1;7546;0;0;0;0;984218;2560;69;1;984949;0;0;0;0
FR;4;2021-08-14;3793;20;0;0;3777;0;0;0;0;988011;2580;69;1;988726;0;0;0;0
FR;4;2021-08-15;771;5;0;0;773;0;0;0;0;988782;2585;69;1;989499;0;0;0;0
FR;4;2021-08-16;4009;17;0;0;4004;0;0;0;0;992791;2602;69;1;993503;0;0;0;0
FR;4;2021-08-17;5631;17;1;0;5621;0;0;0;0;998422;2619;70;1;999124;0;0;0;0
FR;4;2021-08-18;5170;37;0;0;5187;0;0;0;0;1003592;2656;70;1;1004311;0;0;0;0
FR;4;2021-08-19;5487;34;3;0;5501;0;0;0;0;1009079;2690;73;1;1009812;0;0;0;0
FR;4;2021-08-20;5225;25;1;0;5235;0;0;0;0;1014304;2715;74;1;1015047;0;0;0;0
FR;4;2021-08-21;2311;22;1;0;2327;0;0;0;0;1016615;2737;75;1;1017374;0;0;0;0
FR;4;2021-08-22;414;2;0;0;415;0;0;0;0;1017029;2739;75;1;1017789;0;0;0;0
FR;4;2021-08-23;2935;21;1;0;2943;0;0;0;0;1019964;2760;76;1;1020732;0;0;0;0
FR;4;2021-08-24;3758;16;0;0;3761;0;0;0;0;1023722;2776;76;1;1024493;0;0;0;0
FR;4;2021-08-25;3545;25;1;0;3561;0;0;0;0;1027267;2801;77;1;1028054;0;0;0;0
FR;4;2021-08-26;3715;21;2;0;3727;0;0;0;0;1030982;2822;79;1;1031781;0;0;0;0
FR;4;2021-08-27;3617;31;2;0;3635;0;0;0;0;1034599;2853;81;1;1035416;0;0;0;0
FR;4;2021-08-28;1730;10;1;0;1735;0;0;0;0;1036329;2863;82;1;1037151;0;0;0;0
FR;4;2021-08-29;385;7;1;0;389;0;0;0;0;1036714;2870;83;1;1037540;0;0;0;0
FR;4;2021-08-30;2010;25;0;0;2018;16;0;0;0;1038724;2895;83;1;1039558;16;0;0;0
FR;4;2021-08-31;2486;21;0;0;2493;14;0;0;0;1041210;2916;83;1;1042051;30;0;0;0
FR;4;2021-09-01;2085;38;1;0;2096;22;0;0;0;1043295;2954;84;1;1044147;52;0;0;0
FR;4;2021-09-02;2307;31;4;0;2320;18;0;0;0;1045602;2985;88;1;1046467;70;0;0;0
FR;4;2021-09-03;2364;44;5;0;2373;36;0;0;0;1047966;3029;93;1;1048840;106;0;0;0
FR;4;2021-09-04;1374;18;0;0;1381;9;0;0;0;1049340;3047;93;1;1050221;115;0;0;0
FR;4;2021-09-05;433;2;0;0;433;2;0;0;0;1049773;3049;93;1;1050654;117;0;0;0
FR;4;2021-09-06;1713;63;0;0;1750;25;0;0;0;1051486;3112;93;1;1052404;142;0;0;0
FR;4;2021-09-07;1681;18;0;0;1690;8;0;0;0;1053167;3130;93;1;1054094;150;0;0;0
FR;4;2021-09-08;1286;26;3;0;1291;19;0;0;0;1054453;3156;96;1;1055385;169;0;0;0
FR;4;2021-09-09;1393;23;2;0;1403;9;0;0;0;1055846;3179;98;1;1056788;178;0;0;0
FR;4;2021-09-10;1521;31;2;0;1525;23;1;0;0;1057367;3210;100;1;1058313;201;1;0;0
FR;4;2021-09-11;745;11;0;0;748;3;0;0;0;1058112;3221;100;1;1059061;204;1;0;0
FR;4;2021-09-12;169;5;0;0;170;4;0;0;0;1058281;3226;100;1;1059231;208;1;0;0
FR;4;2021-09-13;1324;22;1;0;1327;16;0;0;0;1059605;3248;101;1;1060558;224;1;0;0
FR;4;2021-09-14;1503;9;2;0;1505;7;0;0;0;1061108;3257;103;1;1062063;231;1;0;0
FR;4;2021-09-15;1095;28;1;0;1098;25;0;0;0;1062203;3285;104;1;1063161;256;1;0;0
FR;4;2021-09-16;1105;22;2;0;1109;15;0;0;0;1063308;3307;106;1;1064270;271;1;0;0
FR;4;2021-09-17;897;21;1;0;904;12;0;0;0;1064205;3328;107;1;1065174;283;1;0;0
FR;4;2021-09-18;464;7;1;0;465;6;0;0;0;1064669;3335;108;1;1065639;289;1;0;0
FR;4;2021-09-19;182;3;0;0;183;2;0;0;0;1064851;3338;108;1;1065822;291;1;0;0
FR;4;2021-09-20;452;19;0;0;458;13;0;0;0;1065303;3357;108;1;1066280;304;1;0;0
FR;4;2021-09-21;433;11;0;0;435;7;0;0;0;1065736;3368;108;1;1066715;311;1;0;0
FR;4;2021-09-22;376;19;2;0;383;13;0;0;0;1066112;3387;110;1;1067098;324;1;0;0
FR;4;2021-09-23;487;15;1;0;488;14;0;0;0;1066599;3402;111;1;1067586;338;1;0;0
FR;4;2021-09-24;414;13;2;0;418;9;0;0;0;1067013;3415;113;1;1068004;347;1;0;0
FR;4;2021-09-25;280;10;1;0;281;5;0;0;0;1067293;3425;114;1;1068285;352;1;0;0
FR;4;2021-09-26;74;2;0;0;75;1;0;0;0;1067367;3427;114;1;1068360;353;1;0;0
FR;4;2021-09-27;269;10;1;0;270;8;0;0;0;1067636;3437;115;1;1068630;361;1;0;0
FR;4;2021-09-28;319;8;0;0;319;8;0;0;0;1067955;3445;115;1;1068949;369;1;0;0
FR;4;2021-09-29;378;19;1;0;380;13;0;0;0;1068333;3464;116;1;1069329;382;1;0;0
FR;4;2021-09-30;365;41;0;0;379;22;0;0;0;1068698;3505;116;1;1069708;404;1;0;0
FR;4;2021-10-01;411;56;0;0;413;50;0;0;0;1069109;3561;116;1;1070121;454;1;0;0
FR;4;2021-10-02;196;22;1;0;198;13;0;0;0;1069305;3583;117;1;1070319;467;1;0;0
FR;4;2021-10-03;86;1;0;0;87;0;0;0;0;1069391;3584;117;1;1070406;467;1;0;0
FR;4;2021-10-04;363;20;1;0;367;16;0;0;0;1069754;3604;118;1;1070773;483;1;0;0
FR;4;2021-10-05;286;19;2;0;288;15;0;0;0;1070040;3623;120;1;1071061;498;1;0;0
FR;4;2021-10-06;249;23;1;0;254;18;0;0;0;1070289;3646;121;1;1071315;516;1;0;0
FR;4;2021-10-07;267;25;2;0;272;13;0;0;0;1070556;3671;123;1;1071587;529;1;0;0
FR;4;2021-10-08;357;24;2;0;360;20;0;0;0;1070913;3695;125;1;1071947;549;1;0;0
FR;4;2021-10-09;194;6;6;0;195;7;0;0;0;1071107;3701;131;1;1072142;556;1;0;0
FR;4;2021-10-10;97;3;2;0;99;3;0;0;0;1071204;3704;133;1;1072241;559;1;0;0
FR;4;2021-10-11;251;15;1;0;252;14;0;0;0;1071455;3719;134;1;1072493;573;1;0;0
FR;4;2021-10-12;211;14;0;0;211;13;0;0;0;1071666;3733;134;1;1072704;586;1;0;0
FR;4;2021-10-13;221;28;1;0;224;25;0;0;0;1071887;3761;135;1;1072928;611;1;0;0
FR;4;2021-10-14;316;21;4;0;320;15;0;0;0;1072203;3782;139;1;1073248;626;1;0;0
FR;4;2021-10-15;323;24;5;0;324;25;0;0;0;1072526;3806;144;1;1073572;651;1;0;0
FR;4;2021-10-16;166;6;2;0;166;6;0;0;0;1072692;3812;146;1;1073738;657;1;0;0
FR;4;2021-10-17;70;2;0;0;71;1;0;0;0;1072762;3814;146;1;1073809;658;1;0;0
FR;4;2021-10-18;281;16;1;0;283;13;0;0;0;1073043;3830;147;1;1074092;671;1;0;0
FR;4;2021-10-19;216;14;2;0;216;15;0;0;0;1073259;3844;149;1;1074308;686;1;0;0
FR;4;2021-10-20;231;27;4;0;234;15;0;0;0;1073490;3871;153;1;1074542;701;1;0;0
FR;4;2021-10-21;243;18;0;0;245;14;0;0;0;1073733;3889;153;1;1074787;715;1;0;0
FR;4;2021-10-22;217;25;2;0;219;20;1;0;0;1073950;3914;155;1;1075006;735;2;0;0
FR;4;2021-10-23;117;16;1;0;118;15;0;0;0;1074067;3930;156;1;1075124;750;2;0;0
FR;4;2021-10-24;39;4;0;0;39;1;0;0;0;1074106;3934;156;1;1075163;751;2;0;0
FR;4;2021-10-25;218;7;2;0;218;9;0;0;0;1074324;3941;158;1;1075381;760;2;0;0
FR;4;2021-10-26;200;14;0;0;202;12;0;0;0;1074524;3955;158;1;1075583;772;2;0;0
FR;4;2021-10-27;196;12;4;0;196;12;2;0;0;1074720;3967;162;1;1075779;784;4;0;0
FR;4;2021-10-28;186;18;5;0;186;22;0;0;0;1074906;3985;167;1;1075965;806;4;0;0
FR;4;2021-10-29;225;17;2;0;226;15;0;0;0;1075131;4002;169;1;1076191;821;4;0;0
FR;4;2021-10-30;104;2;1;0;105;2;0;0;0;1075235;4004;170;1;1076296;823;4;0;0
FR;4;2021-10-31;59;3;2;0;60;3;0;0;0;1075294;4007;172;1;1076356;826;4;0;0
FR;4;2021-11-01;75;27;4;0;76;24;3;0;0;1075369;4034;176;1;1076432;850;7;0;0
FR;4;2021-11-02;164;21;2;0;165;21;0;0;0;1075533;4055;178;1;1076597;871;7;0;0
FR;4;2021-11-03;132;21;8;1;133;19;6;0;0;1075665;4076;186;2;1076730;890;13;0;0
FR;4;2021-11-04;187;15;1;0;188;12;1;0;0;1075852;4091;187;2;1076918;902;14;0;0
FR;4;2021-11-05;130;17;1;0;131;16;0;0;0;1075982;4108;188;2;1077049;918;14;0;0
FR;4;2021-11-06;81;6;1;0;81;6;0;0;0;1076063;4114;189;2;1077130;924;14;0;0
FR;4;2021-11-07;81;2;2;0;81;4;0;0;0;1076144;4116;191;2;1077211;928;14;0;0
FR;4;2021-11-08;162;20;1;0;163;20;0;0;0;1076306;4136;192;2;1077374;948;14;0;0
FR;4;2021-11-09;159;14;3;0;159;16;0;0;0;1076465;4150;195;2;1077533;964;14;0;0
FR;4;2021-11-10;121;30;6;0;121;32;2;0;0;1076586;4180;201;2;1077654;996;16;0;0
FR;4;2021-11-11;100;10;1;0;100;11;0;0;0;1076686;4190;202;2;1077754;1007;16;0;0
FR;4;2021-11-12;106;19;2;0;107;18;1;0;0;1076792;4209;204;2;1077861;1025;17;0;0
FR;4;2021-11-13;74;15;2;0;75;14;0;0;0;1076866;4224;206;2;1077936;1039;17;0;0
FR;4;2021-11-14;55;5;4;0;56;8;0;0;0;1076921;4229;210;2;1077992;1047;17;0;0
FR;4;2021-11-15;99;26;2;0;101;24;2;0;0;1077020;4255;212;2;1078093;1071;19;0;0
FR;4;2021-11-16;108;14;3;0;108;17;0;0;0;1077128;4269;215;2;1078201;1088;19;0;0
FR;4;2021-11-17;120;30;4;0;120;30;1;0;0;1077248;4299;219;2;1078321;1118;20;0;0
FR;4;2021-11-18;103;34;14;0;105;43;1;0;0;1077351;4333;233;2;1078426;1161;21;0;0
FR;4;2021-11-19;89;21;3;0;89;22;1;0;0;1077440;4354;236;2;1078515;1183;22;0;0
FR;4;2021-11-20;77;8;1;0;77;8;0;0;0;1077517;4362;237;2;1078592;1191;22;0;0
FR;4;2021-11-21;69;7;2;0;69;9;0;0;0;1077586;4369;239;2;1078661;1200;22;0;0
FR;4;2021-11-22;109;28;9;0;110;33;2;0;0;1077695;4397;248;2;1078771;1233;24;0;0
FR;4;2021-11-23;78;31;6;0;79;29;2;0;0;1077773;4428;254;2;1078850;1262;26;0;0
FR;4;2021-11-24;90;23;12;0;92;25;4;0;0;1077863;4451;266;2;1078942;1287;30;0;0
FR;4;2021-11-25;94;28;19;0;95;35;5;0;0;1077957;4479;285;2;1079037;1322;35;0;0
FR;4;2021-11-26;85;43;12;0;89;45;3;0;0;1078042;4522;297;2;1079126;1367;38;0;0
FR;4;2021-11-27;42;22;15;0;42;25;10;0;0;1078084;4544;312;2;1079168;1392;48;0;0
FR;4;2021-11-28;51;8;0;0;52;7;0;0;0;1078135;4552;312;2;1079220;1399;48;0;0
FR;4;2021-11-29;90;31;16;0;90;40;2;0;0;1078225;4583;328;2;1079310;1439;50;0;0
FR;4;2021-11-30;77;37;13;0;77;42;2;0;0;1078302;4620;341;2;1079387;1481;52;0;0
FR;4;2021-12-01;88;60;19;0;88;67;11;0;0;1078390;4680;360;2;1079475;1548;63;0;0
FR;4;2021-12-02;112;48;21;0;116;56;3;0;0;1078502;4728;381;2;1079591;1604;66;0;0
FR;4;2021-12-03;103;36;15;0;103;44;4;0;0;1078605;4764;396;2;1079694;1648;70;0;0
FR;4;2021-12-04;72;31;18;0;74;44;1;0;0;1078677;4795;414;2;1079768;1692;71;0;0
FR;4;2021-12-05;63;7;1;0;64;7;0;0;0;1078740;4802;415;2;1079832;1699;71;0;0
FR;4;2021-12-06;110;46;19;0;110;59;3;0;0;1078850;4848;434;2;1079942;1758;74;0;0
FR;4;2021-12-07;85;37;9;0;88;36;3;0;0;1078935;4885;443;2;1080030;1794;77;0;0
FR;4;2021-12-08;72;31;17;0;74;38;7;0;0;1079007;4916;460;2;1080104;1832;84;0;0
FR;4;2021-12-09;65;32;10;1;65;39;3;0;0;1079072;4948;470;3;1080169;1871;87;0;0
FR;4;2021-12-10;63;64;20;0;64;68;10;0;0;1079135;5012;490;3;1080233;1939;97;0;0
FR;4;2021-12-11;29;34;7;0;29;34;3;0;0;1079164;5046;497;3;1080262;1973;100;0;0
FR;4;2021-12-12;29;12;3;0;29;15;0;0;0;1079193;5058;500;3;1080291;1988;100;0;0
FR;4;2021-12-13;76;40;14;0;78;49;2;0;0;1079269;5098;514;3;1080369;2037;102;0;0
FR;4;2021-12-14;61;43;17;0;62;54;2;0;0;1079330;5141;531;3;1080431;2091;104;0;0
FR;4;2021-12-15;68;64;29;0;68;85;6;0;0;1079398;5205;560;3;1080499;2176;110;0;0
FR;4;2021-12-16;34;45;19;0;35;58;4;0;0;1079432;5250;579;3;1080534;2234;114;0;0
FR;4;2021-12-17;39;55;11;0;39;59;6;0;0;1079471;5305;590;3;1080573;2293;120;0;0
FR;4;2021-12-18;49;30;2;0;50;31;0;0;0;1079520;5335;592;3;1080623;2324;120;0;0
FR;4;2021-12-19;16;4;1;0;17;4;0;0;0;1079536;5339;593;3;1080640;2328;120;0;0
FR;4;2021-12-20;45;38;10;0;46;41;6;0;0;1079581;5377;603;3;1080686;2369;126;0;0
FR;4;2021-12-21;31;32;17;0;33;39;5;0;0;1079612;5409;620;3;1080719;2408;131;0;0
FR;4;2021-12-22;37;38;10;0;38;38;7;0;0;1079649;5447;630;3;1080757;2446;138;0;0
FR;4;2021-12-23;40;45;8;0;40;49;2;0;0;1079689;5492;638;3;1080797;2495;140;0;0
FR;4;2021-12-24;23;28;10;0;25;31;4;0;0;1079712;5520;648;3;1080822;2526;144;0;0
FR;4;2021-12-25;7;3;3;0;7;4;2;0;0;1079719;5523;651;3;1080829;2530;146;0;0
FR;4;2021-12-26;5;3;1;0;6;2;0;0;0;1079724;5526;652;3;1080835;2532;146;0;0
FR;4;2021-12-27;31;41;9;0;32;43;4;0;0;1079755;5567;661;3;1080867;2575;150;0;0
FR;4;2021-12-28;27;28;7;0;29;29;4;0;0;1079782;5595;668;3;1080896;2604;154;0;0
FR;4;2021-12-29;56;25;11;0;57;30;5;0;0;1079838;5620;679;3;1080953;2634;159;0;0
FR;4;2021-12-30;48;19;12;0;51;22;5;0;0;1079886;5639;691;3;1081004;2656;164;0;0
FR;4;2021-12-31;19;6;8;0;20;11;2;0;0;1079905;5645;699;3;1081024;2667;166;0;0
FR;4;2022-01-01;6;4;5;0;6;7;1;0;0;1079911;5649;704;3;1081030;2674;167;0;0
FR;4;2022-01-02;42;5;16;0;42;20;1;0;0;1079953;5654;720;3;1081072;2694;168;0;0
FR;4;2022-01-03;44;55;23;1;46;63;10;0;0;1079997;5709;743;4;1081118;2757;178;0;0
FR;4;2022-01-04;38;28;15;0;39;33;7;0;0;1080035;5737;758;4;1081157;2790;185;0;0
FR;4;2022-01-05;51;24;19;0;57;27;9;0;0;1080086;5761;777;4;1081214;2817;194;0;0
FR;4;2022-01-06;52;23;24;0;52;39;8;0;0;1080138;5784;801;4;1081266;2856;202;0;0
FR;4;2022-01-07;31;20;16;0;33;21;12;0;0;1080169;5804;817;4;1081299;2877;214;0;0
FR;4;2022-01-08;13;6;10;0;14;12;3;0;0;1080182;5810;827;4;1081313;2889;217;0;0
FR;4;2022-01-09;20;2;3;0;21;4;0;0;0;1080202;5812;830;4;1081334;2893;217;0;0
FR;4;2022-01-10;51;22;19;0;51;36;4;0;0;1080253;5834;849;4;1081385;2929;221;0;0
FR;4;2022-01-11;30;31;12;0;34;35;1;0;0;1080283;5865;861;4;1081419;2964;222;0;0
FR;4;2022-01-12;35;21;13;0;37;23;9;0;0;1080318;5886;874;4;1081456;2987;231;0;0
FR;4;2022-01-13;55;20;27;0;56;38;8;0;0;1080373;5906;901;4;1081512;3025;239;0;0
FR;4;2022-01-14;25;31;13;0;26;34;7;0;0;1080398;5937;914;4;1081538;3059;246;0;0
FR;4;2022-01-15;14;6;8;0;15;12;1;0;0;1080412;5943;922;4;1081553;3071;247;0;0
FR;4;2022-01-16;12;9;14;0;12;22;1;0;0;1080424;5952;936;4;1081565;3093;248;0;0
FR;4;2022-01-17;27;19;14;0;27;27;5;0;0;1080451;5971;950;4;1081592;3120;253;0;0
FR;4;2022-01-18;17;14;10;0;17;21;3;0;0;1080468;5985;960;4;1081609;3141;256;0;0
FR;4;2022-01-19;32;23;13;0;32;34;1;0;0;1080500;6008;973;4;1081641;3175;257;0;0
FR;4;2022-01-20;33;34;13;0;35;39;5;0;0;1080533;6042;986;4;1081676;3214;262;0;0
FR;4;2022-01-21;11;12;20;1;11;17;15;0;1;1080544;6054;1006;5;1081687;3231;277;0;1
FR;4;2022-01-22;30;13;3;0;30;14;2;0;0;1080574;6067;1009;5;1081717;3245;279;0;1
FR;4;2022-01-23;8;2;5;0;8;7;0;0;0;1080582;6069;1014;5;1081725;3252;279;0;1
FR;4;2022-01-24;14;21;9;0;15;28;1;0;0;1080596;6090;1023;5;1081740;3280;280;0;1
FR;4;2022-01-25;22;32;10;1;23;38;3;0;0;1080618;6122;1033;6;1081763;3318;283;0;1
FR;4;2022-01-26;20;17;9;1;21;21;4;0;0;1080638;6139;1042;7;1081784;3339;287;0;1
FR;4;2022-01-27;21;19;8;0;22;25;1;0;0;1080659;6158;1050;7;1081806;3364;288;0;1
FR;4;2022-01-28;13;23;8;0;14;26;4;0;0;1080672;6181;1058;7;1081820;3390;292;0;1
FR;4;2022-01-29;17;6;5;0;17;10;0;0;0;1080689;6187;1063;7;1081837;3400;292;0;1
FR;4;2022-01-30;19;3;2;0;19;5;0;0;0;1080708;6190;1065;7;1081856;3405;292;0;1
FR;4;2022-01-31;22;28;8;0;22;32;2;0;0;1080730;6218;1073;7;1081878;3437;294;0;1
FR;4;2022-02-01;13;24;12;0;15;24;9;0;0;1080743;6242;1085;7;1081893;3461;303;0;1
FR;4;2022-02-02;18;11;14;2;18;20;7;0;0;1080761;6253;1099;9;1081911;3481;310;0;1
FR;4;2022-02-03;16;24;11;0;18;29;4;0;0;1080777;6277;1110;9;1081929;3510;314;0;1
FR;4;2022-02-04;7;5;7;0;7;9;3;0;0;1080784;6282;1117;9;1081936;3519;317;0;1
FR;4;2022-02-05;7;14;1;0;8;13;1;0;0;1080791;6296;1118;9;1081944;3532;318;0;1
FR;4;2022-02-06;7;4;4;0;7;7;1;0;0;1080798;6300;1122;9;1081951;3539;319;0;1
FR;4;2022-02-07;15;19;8;0;17;19;6;0;0;1080813;6319;1130;9;1081968;3558;325;0;1
FR;4;2022-02-08;19;21;13;1;21;22;10;0;0;1080832;6340;1143;10;1081989;3580;335;0;1
FR;4;2022-02-09;17;12;9;0;18;17;2;0;0;1080849;6352;1152;10;1082007;3597;337;0;1
FR;4;2022-02-10;23;23;10;0;24;25;7;0;0;1080872;6375;1162;10;1082031;3622;344;0;1
FR;4;2022-02-11;18;15;8;0;18;20;3;0;0;1080890;6390;1170;10;1082049;3642;347;0;1
FR;4;2022-02-12;24;6;3;0;26;7;0;0;0;1080914;6396;1173;10;1082075;3649;347;0;1
FR;4;2022-02-13;7;3;3;0;7;6;0;0;0;1080921;6399;1176;10;1082082;3655;347;0;1
FR;4;2022-02-14;20;10;10;0;20;16;4;0;0;1080941;6409;1186;10;1082102;3671;351;0;1
FR;4;2022-02-15;18;7;2;0;18;8;0;0;0;1080959;6416;1188;10;1082120;3679;351;0;1
FR;4;2022-02-16;17;10;11;0;17;17;3;0;0;1080976;6426;1199;10;1082137;3696;354;0;1
FR;4;2022-02-17;11;4;5;0;11;7;2;0;0;1080987;6430;1204;10;1082148;3703;356;0;1
FR;4;2022-02-18;16;15;8;0;16;21;2;0;0;1081003;6445;1212;10;1082164;3724;358;0;1
FR;4;2022-02-19;16;4;2;0;17;5;0;0;0;1081019;6449;1214;10;1082181;3729;358;0;1
FR;4;2022-02-20;8;3;0;0;9;2;0;0;0;1081027;6452;1214;10;1082190;3731;358;0;1
FR;4;2022-02-21;24;4;4;0;24;6;2;0;0;1081051;6456;1218;10;1082214;3737;360;0;1
FR;4;2022-02-22;8;5;10;0;9;10;4;0;0;1081059;6461;1228;10;1082223;3747;364;0;1
FR;4;2022-02-23;17;6;10;0;17;10;5;0;0;1081076;6467;1238;10;1082240;3757;369;0;1
FR;4;2022-02-24;11;5;4;0;11;7;2;0;0;1081087;6472;1242;10;1082251;3764;371;0;1
FR;4;2022-02-25;16;5;7;0;16;6;6;0;0;1081103;6477;1249;10;1082267;3770;377;0;1
FR;4;2022-02-26;27;3;0;0;27;3;0;0;0;1081130;6480;1249;10;1082294;3773;377;0;1
FR;4;2022-02-27;9;0;1;0;9;1;0;0;0;1081139;6480;1250;10;1082303;3774;377;0;1
FR;4;2022-02-28;18;3;2;0;19;3;1;0;0;1081157;6483;1252;10;1082322;3777;378;0;1
FR;4;2022-03-01;8;4;7;0;8;5;5;0;0;1081165;6487;1259;10;1082330;3782;383;0;1
FR;4;2022-03-02;16;2;5;0;16;6;1;0;0;1081181;6489;1264;10;1082346;3788;384;0;1
FR;4;2022-03-03;19;5;3;0;19;6;1;0;0;1081200;6494;1267;10;1082365;3794;385;0;1
FR;4;2022-03-04;7;8;2;1;7;6;3;0;0;1081207;6502;1269;11;1082372;3800;388;0;1
FR;4;2022-03-05;9;2;0;0;9;2;0;0;0;1081216;6504;1269;11;1082381;3802;388;0;1
FR;4;2022-03-06;4;0;1;0;4;1;0;0;0;1081220;6504;1270;11;1082385;3803;388;0;1
FR;4;2022-03-07;10;6;2;0;10;5;2;0;0;1081230;6510;1272;11;1082395;3808;390;0;1
FR;4;2022-03-08;15;3;0;0;15;3;0;0;0;1081245;6513;1272;11;1082410;3811;390;0;1
FR;4;2022-03-09;9;7;2;0;11;7;0;0;0;1081254;6520;1274;11;1082421;3818;390;0;1
FR;4;2022-03-10;5;1;6;0;5;3;4;0;0;1081259;6521;1280;11;1082426;3821;394;0;1
FR;4;2022-03-11;10;4;5;0;12;2;5;0;0;1081269;6525;1285;11;1082438;3823;399;0;1
FR;4;2022-03-12;10;2;0;0;11;0;0;0;0;1081279;6527;1285;11;1082449;3823;399;0;1
FR;4;2022-03-13;6;2;1;0;7;2;0;0;0;1081285;6529;1286;11;1082456;3825;399;0;1
FR;4;2022-03-14;4;3;1;0;5;3;0;0;0;1081289;6532;1287;11;1082461;3828;399;0;1
FR;4;2022-03-15;8;6;3;0;10;5;2;0;0;1081297;6538;1290;11;1082471;3833;401;0;1
FR;4;2022-03-16;7;3;3;0;7;3;3;0;0;1081304;6541;1293;11;1082478;3836;404;0;1
FR;4;2022-03-17;3;4;1;0;3;5;0;0;0;1081307;6545;1294;11;1082481;3841;404;0;1
FR;4;2022-03-18;9;3;0;0;9;3;0;0;0;1081316;6548;1294;11;1082490;3844;404;0;1
FR;4;2022-03-19;1;1;1;0;1;2;0;0;0;1081317;6549;1295;11;1082491;3846;404;0;1
FR;4;2022-03-20;2;1;2;0;2;2;1;0;0;1081319;6550;1297;11;1082493;3848;405;0;1
FR;4;2022-03-21;6;4;1;0;6;5;0;0;0;1081325;6554;1298;11;1082499;3853;405;0;1
FR;4;2022-03-22;4;2;2;0;4;3;1;0;0;1081329;6556;1300;11;1082503;3856;406;0;1
FR;4;2022-03-23;6;4;5;0;6;8;1;0;0;1081335;6560;1305;11;1082509;3864;407;0;1
FR;4;2022-03-24;2;5;3;1;2;7;2;0;0;1081337;6565;1308;12;1082511;3871;409;0;1
FR;4;2022-03-25;3;1;2;0;3;1;2;0;0;1081340;6566;1310;12;1082514;3872;411;0;1
FR;4;2022-03-26;5;5;0;0;5;5;0;0;0;1081345;6571;1310;12;1082519;3877;411;0;1
FR;4;2022-03-27;1;0;3;0;1;2;1;0;0;1081346;6571;1313;12;1082520;3879;412;0;1
FR;4;2022-03-28;6;1;3;0;7;3;0;0;0;1081352;6572;1316;12;1082527;3882;412;0;1
FR;4;2022-03-29;9;0;4;1;9;0;2;0;0;1081361;6572;1320;13;1082536;3882;414;0;1
FR;4;2022-03-30;3;4;0;0;3;4;0;0;0;1081364;6576;1320;13;1082539;3886;414;0;1
FR;4;2022-03-31;3;3;2;1;3;4;1;0;0;1081367;6579;1322;14;1082542;3890;415;0;1
FR;4;2022-04-01;15;3;5;0;15;6;2;0;0;1081382;6582;1327;14;1082557;3896;417;0;1
FR;4;2022-04-02;4;4;0;0;5;3;0;0;0;1081386;6586;1327;14;1082562;3899;417;0;1
FR;4;2022-04-03;0;1;0;0;0;1;0;0;0;1081386;6587;1327;14;1082562;3900;417;0;1
FR;4;2022-04-04;4;4;4;0;5;5;2;0;0;1081390;6591;1331;14;1082567;3905;419;0;1
FR;4;2022-04-05;4;3;3;1;5;3;3;0;0;1081394;6594;1334;15;1082572;3908;422;0;1
FR;4;2022-04-06;6;1;0;0;6;1;0;0;0;1081400;6595;1334;15;1082578;3909;422;0;1
FR;4;2022-04-07;3;2;3;2;3;5;0;0;0;1081403;6597;1337;17;1082581;3914;422;0;1
FR;4;2022-04-08;4;2;1;0;4;2;1;0;0;1081407;6599;1338;17;1082585;3916;423;0;1
FR;4;2022-04-09;0;0;1;1;0;1;1;0;0;1081407;6599;1339;18;1082585;3917;424;0;1
FR;4;2022-04-10;2;2;0;0;2;2;0;0;0;1081409;6601;1339;18;1082587;3919;424;0;1
FR;4;2022-04-11;4;3;4;0;4;5;2;0;0;1081413;6604;1343;18;1082591;3924;426;0;1
FR;4;2022-04-12;5;1;4;0;5;2;3;0;0;1081418;6605;1347;18;1082596;3926;429;0;1
FR;4;2022-04-13;5;8;2;0;5;10;0;0;0;1081423;6613;1349;18;1082601;3936;429;0;1
FR;4;2022-04-14;6;4;2;1;7;5;1;0;0;1081429;6617;1351;19;1082608;3941;430;0;1
FR;4;2022-04-15;7;9;1;0;7;10;0;0;0;1081436;6626;1352;19;1082615;3951;430;0;1
FR;4;2022-04-16;1;0;0;0;1;0;0;0;0;1081437;6626;1352;19;1082616;3951;430;0;1
FR;4;2022-04-17;3;2;1;0;3;3;0;0;0;1081440;6628;1353;19;1082619;3954;430;0;1
FR;4;2022-04-18;2;2;6;0;2;4;4;0;0;1081442;6630;1359;19;1082621;3958;434;0;1
FR;4;2022-04-19;2;0;1;0;2;0;1;0;0;1081444;6630;1360;19;1082623;3958;435;0;1
FR;4;2022-04-20;15;4;1;1;16;3;1;0;0;1081459;6634;1361;20;1082639;3961;436;0;1
FR;4;2022-04-21;7;1;0;0;7;1;0;0;0;1081466;6635;1361;20;1082646;3962;436;0;1
FR;4;2022-04-22;1;1;2;0;1;2;1;0;0;1081467;6636;1363;20;1082647;3964;437;0;1
FR;4;2022-04-23;2;3;3;0;2;6;0;0;0;1081469;6639;1366;20;1082649;3970;437;0;1
FR;4;2022-04-24;0;3;0;0;0;3;0;0;0;1081469;6642;1366;20;1082649;3973;437;0;1
FR;4;2022-04-25;3;5;3;0;3;8;0;0;0;1081472;6647;1369;20;1082652;3981;437;0;1
FR;4;2022-04-26;5;6;1;0;5;6;1;0;0;1081477;6653;1370;20;1082657;3987;438;0;1
FR;4;2022-04-27;4;1;1;1;5;1;1;0;0;1081481;6654;1371;21;1082662;3988;439;0;1
FR;4;2022-04-28;3;5;5;1;3;7;4;0;0;1081484;6659;1376;22;1082665;3995;443;0;1
FR;4;2022-04-29;6;3;0;0;6;2;0;0;0;1081490;6662;1376;22;1082671;3997;443;0;1
FR;4;2022-04-30;2;1;1;0;2;2;0;0;0;1081492;6663;1377;22;1082673;3999;443;0;1
FR;4;2022-05-01;0;0;0;0;0;0;0;0;0;1081492;6663;1377;22;1082673;3999;443;0;1
FR;4;2022-05-02;5;16;6;0;5;19;3;0;0;1081497;6679;1383;22;1082678;4018;446;0;1
FR;4;2022-05-03;2;6;2;0;2;7;1;0;0;1081499;6685;1385;22;1082680;4025;447;0;1
FR;4;2022-05-04;7;4;1;0;7;4;1;0;0;1081506;6689;1386;22;1082687;4029;448;0;1
FR;4;2022-05-05;4;2;1;1;5;1;2;0;0;1081510;6691;1387;23;1082692;4030;450;0;1
FR;4;2022-05-06;5;3;1;0;6;2;1;0;0;1081515;6694;1388;23;1082698;4032;451;0;1
FR;4;2022-05-07;0;0;0;0;0;0;0;0;0;1081515;6694;1388;23;1082698;4032;451;0;1
FR;4;2022-05-08;1;1;0;0;1;1;0;0;0;1081516;6695;1388;23;1082699;4033;451;0;1
FR;4;2022-05-09;5;1;0;1;5;1;1;0;0;1081521;6696;1388;24;1082704;4034;452;0;1
FR;4;2022-05-10;3;1;0;2;3;3;0;0;0;1081524;6697;1388;26;1082707;4037;452;0;1
FR;4;2022-05-11;3;2;4;0;3;5;1;0;0;1081527;6699;1392;26;1082710;4042;453;0;1
FR;4;2022-05-12;7;4;2;1;7;5;1;0;1;1081534;6703;1394;27;1082717;4047;454;0;2
FR;4;2022-05-13;1;0;2;0;1;2;0;0;0;1081535;6703;1396;27;1082718;4049;454;0;2
FR;4;2022-05-14;0;2;0;0;0;2;0;0;0;1081535;6705;1396;27;1082718;4051;454;0;2
FR;4;2022-05-15;2;2;0;0;4;0;0;0;0;1081537;6707;1396;27;1082722;4051;454;0;2
FR;4;2022-05-16;5;2;2;0;5;2;2;0;0;1081542;6709;1398;27;1082727;4053;456;0;2
FR;4;2022-05-17;5;1;2;0;5;3;0;0;0;1081547;6710;1400;27;1082732;4056;456;0;2
FR;4;2022-05-18;3;6;0;0;3;6;0;0;0;1081550;6716;1400;27;1082735;4062;456;0;2
FR;4;2022-05-19;2;3;3;0;2;5;1;0;0;1081552;6719;1403;27;1082737;4067;457;0;2
FR;4;2022-05-20;4;2;3;0;4;2;3;0;0;1081556;6721;1406;27;1082741;4069;460;0;2
FR;4;2022-05-21;2;0;1;0;2;1;0;0;0;1081558;6721;1407;27;1082743;4070;460;0;2
FR;4;2022-05-22;0;0;1;0;0;1;0;0;0;1081558;6721;1408;27;1082743;4071;460;0;2
FR;4;2022-05-23;0;0;2;0;0;0;2;0;0;1081558;6721;1410;27;1082743;4071;462;0;2
FR;4;2022-05-24;2;4;1;0;2;5;0;0;0;1081560;6725;1411;27;1082745;4076;462;0;2
FR;4;2022-05-25;1;4;1;0;3;3;0;0;0;1081561;6729;1412;27;1082748;4079;462;0;2
FR;4;2022-05-26;5;0;1;0;5;1;0;0;0;1081566;6729;1413;27;1082753;4080;462;0;2
FR;4;2022-05-27;0;2;1;1;0;3;1;0;0;1081566;6731;1414;28;1082753;4083;463;0;2
FR;4;2022-05-28;1;0;0;0;1;0;0;0;0;1081567;6731;1414;28;1082754;4083;463;0;2
FR;4;2022-05-29;1;0;1;0;1;1;0;0;0;1081568;6731;1415;28;1082755;4084;463;0;2
FR;4;2022-05-30;3;4;2;0;3;5;1;0;0;1081571;6735;1417;28;1082758;4089;464;0;2
FR;4;2022-05-31;2;1;0;0;2;1;0;0;0;1081573;6736;1417;28;1082760;4090;464;0;2
FR;4;2022-06-01;3;11;7;0;3;15;3;0;0;1081576;6747;1424;28;1082763;4105;467;0;2
FR;4;2022-06-02;6;7;3;0;6;7;2;0;0;1081582;6754;1427;28;1082769;4112;469;0;2
FR;4;2022-06-03;2;6;4;1;2;7;4;0;0;1081584;6760;1431;29;1082771;4119;473;0;2
FR;4;2022-06-04;0;1;1;1;0;1;2;0;0;1081584;6761;1432;30;1082771;4120;475;0;2
FR;4;2022-06-05;0;0;0;0;0;0;0;0;0;1081584;6761;1432;30;1082771;4120;475;0;2
FR;4;2022-06-06;7;0;3;0;7;2;1;0;0;1081591;6761;1435;30;1082778;4122;476;0;2
FR;4;2022-06-07;6;2;0;1;6;2;1;0;0;1081597;6763;1435;31;1082784;4124;477;0;2
FR;4;2022-06-08;0;5;3;0;1;7;0;0;0;1081597;6768;1438;31;1082785;4131;477;0;2
FR;4;2022-06-09;1;2;0;0;2;1;0;0;0;1081598;6770;1438;31;1082787;4132;477;0;2
FR;4;2022-06-10;3;0;3;0;3;1;2;0;0;1081601;6770;1441;31;1082790;4133;479;0;2
FR;4;2022-06-11;1;0;0;0;1;0;0;0;0;1081602;6770;1441;31;1082791;4133;479;0;2
FR;4;2022-06-12;4;0;0;0;4;0;0;0;0;1081606;6770;1441;31;1082795;4133;479;0;2
FR;4;2022-06-13;6;2;3;0;7;2;1;0;0;1081612;6772;1444;31;1082802;4135;480;0;2
FR;4;2022-06-14;4;3;0;0;5;2;0;0;0;1081616;6775;1444;31;1082807;4137;480;0;2
FR;4;2022-06-15;8;3;4;0;8;3;4;0;0;1081624;6778;1448;31;1082815;4140;484;0;2
FR;4;2022-06-16;2;3;1;1;3;2;1;0;1;1081626;6781;1449;32;1082818;4142;485;0;3
FR;4;2022-06-17;6;1;0;0;6;1;0;0;0;1081632;6782;1449;32;1082824;4143;485;0;3
FR;4;2022-06-18;0;0;0;0;0;0;0;0;0;1081632;6782;1449;32;1082824;4143;485;0;3
FR;4;2022-06-19;3;0;0;0;3;0;0;0;0;1081635;6782;1449;32;1082827;4143;485;0;3
FR;4;2022-06-20;5;2;2;1;5;3;2;0;0;1081640;6784;1451;33;1082832;4146;487;0;3
FR;4;2022-06-21;5;2;4;1;6;4;2;0;0;1081645;6786;1455;34;1082838;4150;489;0;3
FR;4;2022-06-22;3;2;1;3;4;2;1;0;0;1081648;6788;1456;37;1082842;4152;490;0;3
FR;4;2022-06-23;3;3;3;0;3;5;1;0;0;1081651;6791;1459;37;1082845;4157;491;0;3
FR;4;2022-06-24;3;0;2;0;3;0;2;0;0;1081654;6791;1461;37;1082848;4157;493;0;3
FR;4;2022-06-25;3;0;1;1;3;1;1;0;0;1081657;6791;1462;38;1082851;4158;494;0;3
FR;4;2022-06-26;0;0;1;0;0;1;0;0;0;1081657;6791;1463;38;1082851;4159;494;0;3
FR;4;2022-06-27;2;2;0;3;2;2;3;0;0;1081659;6793;1463;41;1082853;4161;497;0;3
FR;4;2022-06-28;0;4;2;1;0;5;2;0;0;1081659;6797;1465;42;1082853;4166;499;0;3
FR;4;2022-06-29;1;2;0;0;1;2;0;0;0;1081660;6799;1465;42;1082854;4168;499;0;3
FR;4;2022-06-30;2;0;0;0;2;0;0;0;0;1081662;6799;1465;42;1082856;4168;499;0;3
FR;4;2022-07-01;2;4;8;0;2;4;8;0;0;1081664;6803;1473;42;1082858;4172;507;0;3
FR;4;2022-07-02;0;1;0;0;1;0;0;0;0;1081664;6804;1473;42;1082859;4172;507;0;3
FR;4;2022-07-03;0;0;0;0;0;0;0;0;0;1081664;6804;1473;42;1082859;4172;507;0;3
FR;4;2022-07-04;4;1;0;0;4;1;0;0;0;1081668;6805;1473;42;1082863;4173;507;0;3
FR;4;2022-07-05;2;0;2;0;2;2;0;0;0;1081670;6805;1475;42;1082865;4175;507;0;3
FR;4;2022-07-06;5;0;1;1;5;0;1;0;1;1081675;6805;1476;43;1082870;4175;508;0;4
FR;4;2022-07-07;2;0;2;1;2;0;3;0;0;1081677;6805;1478;44;1082872;4175;511;0;4
FR;4;2022-07-08;3;1;0;0;3;1;0;0;0;1081680;6806;1478;44;1082875;4176;511;0;4
FR;4;2022-07-09;2;2;1;0;2;3;0;0;0;1081682;6808;1479;44;1082877;4179;511;0;4
FR;4;2022-07-10;2;0;1;0;2;0;0;0;0;1081684;6808;1480;44;1082879;4179;511;0;4
FR;4;2022-07-11;3;0;2;0;3;0;1;0;0;1081687;6808;1482;44;1082882;4179;512;0;4
FR;4;2022-07-12;0;0;2;0;0;2;0;0;0;1081687;6808;1484;44;1082882;4181;512;0;4
FR;4;2022-07-13;2;2;3;1;2;2;4;0;0;1081689;6810;1487;45;1082884;4183;516;0;4
FR;4;2022-07-14;6;0;1;0;6;0;1;0;0;1081695;6810;1488;45;1082890;4183;517;0;4
FR;4;2022-07-15;11;2;0;0;11;2;0;0;0;1081706;6812;1488;45;1082901;4185;517;0;4
FR;4;2022-07-16;4;0;0;2;4;0;2;0;0;1081710;6812;1488;47;1082905;4185;519;0;4
FR;4;2022-07-17;1;0;1;1;1;0;2;0;0;1081711;6812;1489;48;1082906;4185;521;0;4
FR;4;2022-07-18;3;3;2;0;3;3;2;0;0;1081714;6815;1491;48;1082909;4188;523;0;4
FR;4;2022-07-19;4;0;1;0;4;1;0;0;0;1081718;6815;1492;48;1082913;4189;523;0;4
FR;4;2022-07-20;11;1;1;0;12;1;0;0;0;1081729;6816;1493;48;1082925;4190;523;0;4
FR;4;2022-07-21;2;3;1;0;2;3;1;0;0;1081731;6819;1494;48;1082927;4193;524;0;4
FR;4;2022-07-22;4;0;3;0;4;1;2;0;0;1081735;6819;1497;48;1082931;4194;526;0;4
FR;4;2022-07-23;1;2;0;0;1;1;0;0;0;1081736;6821;1497;48;1082932;4195;526;0;4
FR;4;2022-07-24;0;0;0;0;0;0;0;0;0;1081736;6821;1497;48;1082932;4195;526;0;4
FR;4;2022-07-25;7;0;2;0;7;2;0;0;0;1081743;6821;1499;48;1082939;4197;526;0;4
FR;4;2022-07-26;2;0;0;0;2;0;0;0;0;1081745;6821;1499;48;1082941;4197;526;0;4
FR;4;2022-07-27;3;1;0;0;3;0;0;0;0;1081748;6822;1499;48;1082944;4197;526;0;4
FR;4;2022-07-28;11;0;0;0;11;0;0;0;0;1081759;6822;1499;48;1082955;4197;526;0;4
FR;4;2022-07-29;3;0;2;0;3;1;1;0;0;1081762;6822;1501;48;1082958;4198;527;0;4
FR;4;2022-07-30;4;0;2;0;4;0;2;0;0;1081766;6822;1503;48;1082962;4198;529;0;4
FR;4;2022-07-31;0;0;0;0;0;0;0;0;0;1081766;6822;1503;48;1082962;4198;529;0;4
FR;4;2022-08-01;4;0;3;0;4;2;1;0;0;1081770;6822;1506;48;1082966;4200;530;0;4
FR;4;2022-08-02;6;0;0;0;6;0;0;0;0;1081776;6822;1506;48;1082972;4200;530;0;4
FR;4;2022-08-03;2;2;1;0;2;2;1;0;0;1081778;6824;1507;48;1082974;4202;531;0;4
FR;4;2022-08-04;5;2;0;1;5;2;1;0;0;1081783;6826;1507;49;1082979;4204;532;0;4
FR;4;2022-08-05;2;0;1;0;2;0;1;0;0;1081785;6826;1508;49;1082981;4204;533;0;4
FR;4;2022-08-06;2;0;0;0;2;0;0;0;0;1081787;6826;1508;49;1082983;4204;533;0;4
FR;4;2022-08-07;5;0;0;0;5;0;0;0;0;1081792;6826;1508;49;1082988;4204;533;0;4
FR;4;2022-08-08;1;0;1;1;1;1;1;0;0;1081793;6826;1509;50;1082989;4205;534;0;4
FR;4;2022-08-09;1;1;2;2;1;2;3;0;0;1081794;6827;1511;52;1082990;4207;537;0;4
FR;4;2022-08-10;6;1;1;0;7;1;0;0;0;1081800;6828;1512;52;1082997;4208;537;0;4
FR;4;2022-08-11;2;0;1;0;2;1;0;0;0;1081802;6828;1513;52;1082999;4209;537;0;4
FR;4;2022-08-12;4;0;1;0;4;0;1;0;0;1081806;6828;1514;52;1083003;4209;538;0;4
FR;4;2022-08-13;1;0;0;0;1;0;0;0;0;1081807;6828;1514;52;1083004;4209;538;0;4
FR;4;2022-08-14;0;0;0;0;0;0;0;0;0;1081807;6828;1514;52;1083004;4209;538;0;4
FR;4;2022-08-15;1;2;3;0;1;2;3;0;0;1081808;6830;1517;52;1083005;4211;541;0;4
FR;4;2022-08-16;0;0;1;0;0;1;0;0;0;1081808;6830;1518;52;1083005;4212;541;0;4
FR;4;2022-08-17;3;0;0;0;3;0;0;0;0;1081811;6830;1518;52;1083008;4212;541;0;4
FR;4;2022-08-18;3;0;0;0;3;0;0;0;0;1081814;6830;1518;52;1083011;4212;541;0;4
FR;4;2022-08-19;5;0;0;0;5;0;0;0;0;1081819;6830;1518;52;1083016;4212;541;0;4
FR;4;2022-08-20;1;1;0;0;2;0;0;0;0;1081820;6831;1518;52;1083018;4212;541;0;4
FR;4;2022-08-21;1;0;0;0;1;0;0;0;0;1081821;6831;1518;52;1083019;4212;541;0;4
FR;4;2022-08-22;3;9;0;0;3;9;0;0;0;1081824;6840;1518;52;1083022;4221;541;0;4
FR;4;2022-08-23;3;3;3;0;3;4;2;0;0;1081827;6843;1521;52;1083025;4225;543;0;4
FR;4;2022-08-24;6;0;0;1;6;0;1;0;0;1081833;6843;1521;53;1083031;4225;544;0;4
FR;4;2022-08-25;1;3;2;0;1;4;1;0;0;1081834;6846;1523;53;1083032;4229;545;0;4
FR;4;2022-08-26;2;0;0;1;2;0;1;0;0;1081836;6846;1523;54;1083034;4229;546;0;4
FR;4;2022-08-27;1;0;0;0;1;0;0;0;0;1081837;6846;1523;54;1083035;4229;546;0;4
FR;4;2022-08-28;0;1;0;0;0;0;0;0;0;1081837;6847;1523;54;1083035;4229;546;0;4
FR;4;2022-08-29;8;0;0;0;8;0;0;0;0;1081845;6847;1523;54;1083043;4229;546;0;4
FR;4;2022-08-30;5;0;0;0;5;0;0;0;0;1081850;6847;1523;54;1083048;4229;546;0;4
FR;4;2022-08-31;2;1;0;0;2;1;0;0;0;1081852;6848;1523;54;1083050;4230;546;0;4
FR;4;2022-09-01;4;8;2;0;5;7;2;0;0;1081856;6856;1525;54;1083055;4237;548;0;4
FR;4;2022-09-02;2;1;1;0;2;2;0;0;0;1081858;6857;1526;54;1083057;4239;548;0;4
FR;4;2022-09-03;3;0;0;0;3;0;0;0;0;1081861;6857;1526;54;1083060;4239;548;0;4
FR;4;2022-09-04;1;0;0;0;1;0;0;0;0;1081862;6857;1526;54;1083061;4239;548;0;4
FR;4;2022-09-05;3;2;0;0;3;2;0;0;0;1081865;6859;1526;54;1083064;4241;548;0;4
FR;4;2022-09-06;1;0;0;0;1;0;0;0;0;1081866;6859;1526;54;1083065;4241;548;0;4
FR;4;2022-09-07;1;0;1;1;1;1;1;0;0;1081867;6859;1527;55;1083066;4242;549;0;4
FR;4;2022-09-08;3;0;0;0;3;0;0;0;0;1081870;6859;1527;55;1083069;4242;549;0;4
FR;4;2022-09-09;2;0;0;0;2;0;0;0;0;1081872;6859;1527;55;1083071;4242;549;0;4
FR;4;2022-09-10;0;1;0;3;0;2;2;0;0;1081872;6860;1527;58;1083071;4244;551;0;4
FR;4;2022-09-11;2;0;0;0;2;0;0;0;0;1081874;6860;1527;58;1083073;4244;551;0;4
FR;4;2022-09-12;1;1;1;0;1;1;1;0;0;1081875;6861;1528;58;1083074;4245;552;0;4
FR;4;2022-09-13;1;0;0;0;1;0;0;0;0;1081876;6861;1528;58;1083075;4245;552;0;4
FR;4;2022-09-14;3;0;0;0;3;0;0;0;0;1081879;6861;1528;58;1083078;4245;552;0;4
FR;4;2022-09-15;4;0;0;0;4;0;0;0;0;1081883;6861;1528;58;1083082;4245;552;0;4
FR;4;2022-09-16;1;0;0;0;1;0;0;0;0;1081884;6861;1528;58;1083083;4245;552;0;4
FR;4;2022-09-17;2;0;0;0;2;0;0;0;0;1081886;6861;1528;58;1083085;4245;552;0;4
FR;4;2022-09-18;0;1;0;0;0;1;0;0;0;1081886;6862;1528;58;1083085;4246;552;0;4
FR;4;2022-09-19;3;0;2;0;3;2;0;0;0;1081889;6862;1530;58;1083088;4248;552;0;4
FR;4;2022-09-20;4;0;0;0;4;0;0;0;0;1081893;6862;1530;58;1083092;4248;552;0;4
FR;4;2022-09-21;2;1;0;0;2;1;0;0;0;1081895;6863;1530;58;1083094;4249;552;0;4
FR;4;2022-09-22;2;1;0;0;2;1;0;0;0;1081897;6864;1530;58;1083096;4250;552;0;4
FR;4;2022-09-23;2;3;0;0;3;2;0;0;0;1081899;6867;1530;58;1083099;4252;552;0;4
FR;4;2022-09-24;1;0;0;0;1;0;0;0;0;1081900;6867;1530;58;1083100;4252;552;0;4
FR;4;2022-09-25;0;0;0;0;0;0;0;0;0;1081900;6867;1530;58;1083100;4252;552;0;4
FR;4;2022-09-26;2;0;1;0;2;0;1;0;0;1081902;6867;1531;58;1083102;4252;553;0;4
FR;4;2022-09-27;1;0;1;1;1;0;2;0;0;1081903;6867;1532;59;1083103;4252;555;0;4
FR;4;2022-09-28;3;0;2;0;3;2;0;0;0;1081906;6867;1534;59;1083106;4254;555;0;4
FR;4;2022-09-29;3;0;1;1;3;1;1;0;0;1081909;6867;1535;60;1083109;4255;556;0;4
FR;4;2022-09-30;1;0;0;0;1;0;0;0;0;1081910;6867;1535;60;1083110;4255;556;0;4
FR;4;2022-10-01;1;1;0;0;2;0;0;0;0;1081911;6868;1535;60;1083112;4255;556;0;4
FR;4;2022-10-02;0;1;0;0;0;1;0;0;0;1081911;6869;1535;60;1083112;4256;556;0;4
FR;4;2022-10-03;2;2;1;1;3;2;1;0;0;1081913;6871;1536;61;1083115;4258;557;0;4
FR;4;2022-10-04;2;0;0;0;2;0;0;0;0;1081915;6871;1536;61;1083117;4258;557;0;4
FR;4;2022-10-05;0;1;0;0;0;1;0;0;0;1081915;6872;1536;61;1083117;4259;557;0;4
FR;4;2022-10-06;2;0;0;0;2;0;0;0;0;1081917;6872;1536;61;1083119;4259;557;0;4
FR;4;2022-10-07;3;0;1;0;3;0;1;0;0;1081920;6872;1537;61;1083122;4259;558;0;4
FR;4;2022-10-08;3;1;0;0;3;0;0;0;0;1081923;6873;1537;61;1083125;4259;558;0;4
FR;4;2022-10-09;0;0;0;0;0;0;0;0;0;1081923;6873;1537;61;1083125;4259;558;0;4
FR;4;2022-10-10;4;0;2;3;4;2;1;0;2;1081927;6873;1539;64;1083129;4261;559;0;6
FR;4;2022-10-11;1;2;0;0;1;1;0;0;0;1081928;6875;1539;64;1083130;4262;559;0;6
FR;4;2022-10-12;0;0;0;0;0;0;0;0;0;1081928;6875;1539;64;1083130;4262;559;0;6
FR;4;2022-10-13;5;0;0;0;5;0;0;0;0;1081933;6875;1539;64;1083135;4262;559;0;6
FR;4;2022-10-14;1;0;0;0;1;0;0;0;0;1081934;6875;1539;64;1083136;4262;559;0;6
FR;4;2022-10-15;1;2;0;0;1;2;0;0;0;1081935;6877;1539;64;1083137;4264;559;0;6
FR;4;2022-10-16;0;0;0;0;0;0;0;0;0;1081935;6877;1539;64;1083137;4264;559;0;6
FR;4;2022-10-17;2;0;1;0;2;1;0;0;0;1081937;6877;1540;64;1083139;4265;559;0;6
FR;4;2022-10-18;1;0;0;1;1;0;1;0;0;1081938;6877;1540;65;1083140;4265;560;0;6
FR;4;2022-10-19;1;0;0;2;1;0;2;0;3;1081939;6877;1540;67;1083141;4265;562;0;9
FR;4;2022-10-20;4;1;0;0;4;1;0;0;0;1081943;6878;1540;67;1083145;4266;562;0;9
FR;4;2022-10-21;1;0;0;0;1;0;0;0;0;1081944;6878;1540;67;1083146;4266;562;0;9
FR;4;2022-10-22;1;0;0;0;1;0;0;0;0;1081945;6878;1540;67;1083147;4266;562;0;9
FR;4;2022-10-23;0;0;0;0;0;0;0;0;0;1081945;6878;1540;67;1083147;4266;562;0;9
FR;4;2022-10-24;3;0;0;0;3;0;0;0;0;1081948;6878;1540;67;1083150;4266;562;0;9
FR;4;2022-10-25;2;0;0;0;2;0;0;0;0;1081950;6878;1540;67;1083152;4266;562;0;9
FR;4;2022-10-26;2;1;0;0;2;1;0;0;0;1081952;6879;1540;67;1083154;4267;562;0;9
FR;4;2022-10-27;3;1;1;0;3;0;1;0;0;1081955;6880;1541;67;1083157;4267;563;0;9
FR;4;2022-10-28;0;0;0;0;0;0;0;0;0;1081955;6880;1541;67;1083157;4267;563;0;9
FR;4;2022-10-29;1;0;0;3;1;0;3;0;3;1081956;6880;1541;70;1083158;4267;566;0;12
FR;4;2022-10-30;1;0;0;0;1;0;0;0;0;1081957;6880;1541;70;1083159;4267;566;0;12
FR;4;2022-10-31;1;0;0;0;1;0;0;0;0;1081958;6880;1541;70;1083160;4267;566;0;12
FR;4;2022-11-01;1;6;0;0;1;6;0;0;0;1081959;6886;1541;70;1083161;4273;566;0;12
FR;4;2022-11-02;0;0;2;2;0;1;3;0;0;1081959;6886;1543;72;1083161;4274;569;0;12
FR;4;2022-11-03;1;0;0;0;1;0;0;0;0;1081960;6886;1543;72;1083162;4274;569;0;12
FR;4;2022-11-04;4;1;0;0;4;0;0;0;0;1081964;6887;1543;72;1083166;4274;569;0;12
FR;4;2022-11-05;0;0;0;0;0;0;0;0;0;1081964;6887;1543;72;1083166;4274;569;0;12
FR;4;2022-11-06;2;0;0;0;2;0;0;0;0;1081966;6887;1543;72;1083168;4274;569;0;12
FR;4;2022-11-07;2;0;0;0;2;0;0;0;0;1081968;6887;1543;72;1083170;4274;569;0;12
FR;4;2022-11-08;7;0;0;0;7;0;0;0;0;1081975;6887;1543;72;1083177;4274;569;0;12
FR;4;2022-11-09;0;0;0;0;0;0;0;0;0;1081975;6887;1543;72;1083177;4274;569;0;12
FR;4;2022-11-10;0;0;0;0;0;0;0;0;0;1081975;6887;1543;72;1083177;4274;569;0;12
FR;4;2022-11-11;1;0;0;0;1;0;0;0;0;1081976;6887;1543;72;1083178;4274;569;0;12
FR;4;2022-11-12;3;1;0;0;3;1;0;0;0;1081979;6888;1543;72;1083181;4275;569;0;12
FR;4;2022-11-13;0;0;0;0;0;0;0;0;0;1081979;6888;1543;72;1083181;4275;569;0;12
FR;4;2022-11-14;0;0;0;0;0;0;0;0;0;1081979;6888;1543;72;1083181;4275;569;0;12
FR;4;2022-11-15;3;0;0;0;3;0;0;0;0;1081982;6888;1543;72;1083184;4275;569;0;12
FR;4;2022-11-16;1;1;0;0;1;1;0;0;0;1081983;6889;1543;72;1083185;4276;569;0;12
FR;4;2022-11-17;0;0;0;0;0;0;0;0;0;1081983;6889;1543;72;1083185;4276;569;0;12
FR;4;2022-11-18;5;0;1;0;5;0;1;0;0;1081988;6889;1544;72;1083190;4276;570;0;12
FR;4;2022-11-19;0;0;0;0;0;0;0;0;0;1081988;6889;1544;72;1083190;4276;570;0;12
FR;4;2022-11-20;0;0;0;0;0;0;0;0;0;1081988;6889;1544;72;1083190;4276;570;0;12
FR;4;2022-11-21;0;0;0;0;0;0;0;0;0;1081988;6889;1544;72;1083190;4276;570;0;12
FR;4;2022-11-22;0;1;1;0;0;2;0;0;0;1081988;6890;1545;72;1083190;4278;570;0;12
FR;4;2022-11-23;1;0;0;0;1;0;0;0;1;1081989;6890;1545;72;1083191;4278;570;0;13
FR;4;2022-11-24;0;2;0;0;0;2;0;0;0;1081989;6892;1545;72;1083191;4280;570;0;13
FR;4;2022-11-25;3;4;0;0;3;4;0;0;0;1081992;6896;1545;72;1083194;4284;570;0;13
FR;4;2022-11-26;1;0;0;0;1;0;0;0;0;1081993;6896;1545;72;1083195;4284;570;0;13
FR;4;2022-11-27;0;0;0;0;0;0;0;0;0;1081993;6896;1545;72;1083195;4284;570;0;13
FR;4;2022-11-28;3;0;0;0;3;0;0;0;0;1081996;6896;1545;72;1083198;4284;570;0;13
FR;4;2022-11-29;3;0;0;0;3;0;0;0;0;1081999;6896;1545;72;1083201;4284;570;0;13
FR;4;2022-11-30;0;0;0;0;0;0;0;0;0;1081999;6896;1545;72;1083201;4284;570;0;13
FR;4;2022-12-01;1;2;2;0;2;2;1;0;0;1082000;6898;1547;72;1083203;4286;571;0;13
FR;4;2022-12-02;2;1;0;1;2;1;0;0;1;1082002;6899;1547;73;1083205;4287;571;0;14
FR;4;2022-12-03;1;0;0;0;1;0;0;0;0;1082003;6899;1547;73;1083206;4287;571;0;14
FR;4;2022-12-04;0;0;0;0;0;0;0;0;0;1082003;6899;1547;73;1083206;4287;571;0;14
FR;4;2022-12-05;1;1;0;0;1;1;0;0;0;1082004;6900;1547;73;1083207;4288;571;0;14
FR;4;2022-12-06;2;0;0;0;2;0;0;0;0;1082006;6900;1547;73;1083209;4288;571;0;14
FR;4;2022-12-07;2;3;1;0;2;4;0;0;0;1082008;6903;1548;73;1083211;4292;571;0;14
FR;4;2022-12-08;1;0;0;0;1;0;0;0;0;1082009;6903;1548;73;1083212;4292;571;0;14
FR;4;2022-12-09;1;0;1;0;1;0;1;0;0;1082010;6903;1549;73;1083213;4292;572;0;14
FR;4;2022-12-10;1;0;0;0;1;0;0;0;0;1082011;6903;1549;73;1083214;4292;572;0;14
FR;4;2022-12-11;0;0;0;0;0;0;0;0;0;1082011;6903;1549;73;1083214;4292;572;0;14
FR;4;2022-12-12;0;1;0;5;0;1;5;0;0;1082011;6904;1549;78;1083214;4293;577;0;14
FR;4;2022-12-13;1;0;0;0;1;0;0;0;0;1082012;6904;1549;78;1083215;4293;577;0;14
FR;4;2022-12-14;0;0;0;0;0;0;0;0;0;1082012;6904;1549;78;1083215;4293;577;0;14
FR;4;2022-12-15;1;1;0;0;1;1;0;0;0;1082013;6905;1549;78;1083216;4294;577;0;14
FR;4;2022-12-16;2;0;0;0;2;0;0;0;0;1082015;6905;1549;78;1083218;4294;577;0;14
FR;4;2022-12-17;0;0;1;0;0;0;1;0;0;1082015;6905;1550;78;1083218;4294;578;0;14
FR;4;2022-12-18;0;0;0;0;0;0;0;0;0;1082015;6905;1550;78;1083218;4294;578;0;14
FR;4;2022-12-19;1;0;0;0;1;0;0;0;0;1082016;6905;1550;78;1083219;4294;578;0;14
FR;4;2022-12-20;3;1;0;0;3;1;0;0;0;1082019;6906;1550;78;1083222;4295;578;0;14
FR;4;2022-12-21;2;0;0;0;2;0;0;0;0;1082021;6906;1550;78;1083224;4295;578;0;14
FR;4;2022-12-22;0;1;0;0;0;1;0;0;0;1082021;6907;1550;78;1083224;4296;578;0;14
FR;4;2022-12-23;3;0;0;0;3;0;0;0;0;1082024;6907;1550;78;1083227;4296;578;0;14
FR;4;2022-12-24;0;0;0;0;0;0;0;0;0;1082024;6907;1550;78;1083227;4296;578;0;14
FR;4;2022-12-25;0;0;0;0;0;0;0;0;0;1082024;6907;1550;78;1083227;4296;578;0;14
FR;4;2022-12-26;1;2;0;0;1;1;0;0;0;1082025;6909;1550;78;1083228;4297;578;0;14
FR;4;2022-12-27;1;0;0;0;1;0;0;0;0;1082026;6909;1550;78;1083229;4297;578;0;14
FR;4;2022-12-28;0;0;0;0;0;0;0;0;0;1082026;6909;1550;78;1083229;4297;578;0;14
FR;4;2022-12-29;0;1;0;0;1;0;0;0;0;1082026;6910;1550;78;1083230;4297;578;0;14
FR;4;2022-12-30;1;0;0;0;1;0;0;0;0;1082027;6910;1550;78;1083231;4297;578;0;14
FR;4;2022-12-31;0;0;0;0;0;0;0;0;0;1082027;6910;1550;78;1083231;4297;578;0;14
FR;4;2023-01-01;0;0;0;0;0;0;0;0;0;1082027;6910;1550;78;1083231;4297;578;0;14
FR;4;2023-01-02;1;0;0;0;1;0;0;0;0;1082028;6910;1550;78;1083232;4297;578;0;14
FR;4;2023-01-03;0;0;0;0;0;0;0;0;0;1082028;6910;1550;78;1083232;4297;578;0;14
FR;4;2023-01-04;0;0;0;0;0;0;0;0;0;1082028;6910;1550;78;1083232;4297;578;0;14
FR;4;2023-01-05;0;0;0;0;0;0;0;0;0;1082028;6910;1550;78;1083232;4297;578;0;14
FR;4;2023-01-06;0;0;0;0;0;0;0;0;0;1082028;6910;1550;78;1083232;4297;578;0;14
FR;4;2023-01-07;1;0;0;0;1;0;0;0;0;1082029;6910;1550;78;1083233;4297;578;0;14
FR;4;2023-01-08;1;0;0;0;1;0;0;0;0;1082030;6910;1550;78;1083234;4297;578;0;14
FR;4;2023-01-09;1;0;0;0;1;0;0;0;0;1082031;6910;1550;78;1083235;4297;578;0;14
FR;4;2023-01-10;1;0;0;0;1;0;0;0;0;1082032;6910;1550;78;1083236;4297;578;0;14
FR;4;2023-01-11;0;0;0;0;0;0;0;0;0;1082032;6910;1550;78;1083236;4297;578;0;14
FR;4;2023-01-12;1;0;0;0;1;0;0;0;0;1082033;6910;1550;78;1083237;4297;578;0;14
FR;4;2023-01-13;1;0;2;0;1;0;2;0;0;1082034;6910;1552;78;1083238;4297;580;0;14
FR;4;2023-01-14;0;0;0;0;0;0;0;0;0;1082034;6910;1552;78;1083238;4297;580;0;14
FR;4;2023-01-15;0;0;0;0;0;0;0;0;0;1082034;6910;1552;78;1083238;4297;580;0;14
FR;5;2020-12-27;0;0;0;0;0;0;0;0;0;0;0;0;0;0;0;0;0;0
FR;5;2020-12-28;0;0;0;0;0;0;0;0;0;0;0;0;0;0;0;0;0;0
FR;5;2020-12-29;0;0;0;0;0;0;0;0;0;0;0;0;0;0;0;0;0;0
FR;5;2020-12-30;0;0;0;0;0;0;0;0;0;0;0;0;0;0;0;0;0;0
FR;5;2020-12-31;0;0;0;0;0;0;0;0;0;0;0;0;0;0;0;0;0;0
FR;5;2021-01-01;0;0;0;0;0;0;0;0;0;0;0;0;0;0;0;0;0;0
FR;5;2021-01-02;0;0;0;0;0;0;0;0;0;0;0;0;0;0;0;0;0;0
FR;5;2021-01-03;0;0;0;0;0;0;0;0;0;0;0;0;0;0;0;0;0;0
FR;5;2021-01-04;0;0;0;0;0;0;0;0;0;0;0;0;0;0;0;0;0;0
FR;5;2021-01-05;0;0;0;0;0;0;0;0;0;0;0;0;0;0;0;0;0;0
FR;5;2021-01-06;0;0;0;0;0;0;0;0;0;0;0;0;0;0;0;0;0;0
FR;5;2021-01-07;0;0;0;0;0;0;0;0;0;0;0;0;0;0;0;0;0;0
FR;5;2021-01-08;0;0;0;0;0;0;0;0;0;0;0;0;0;0;0;0;0;0
FR;5;2021-01-09;0;0;0;0;0;0;0;0;0;0;0;0;0;0;0;0;0;0
FR;5;2021-01-10;0;0;0;0;0;0;0;0;0;0;0;0;0;0;0;0;0;0
FR;5;2021-01-11;0;0;0;0;0;0;0;0;0;0;0;0;0;0;0;0;0;0
FR;5;2021-01-12;0;0;0;0;0;0;0;0;0;0;0;0;0;0;0;0;0;0
FR;5;2021-01-13;0;0;0;0;0;0;0;0;0;0;0;0;0;0;0;0;0;0
FR;5;2021-01-14;0;0;0;0;0;0;0;0;0;0;0;0;0;0;0;0;0;0
FR;5;2021-01-15;0;0;0;0;0;0;0;0;0;0;0;0;0;0;0;0;0;0
FR;5;2021-01-16;0;0;0;0;0;0;0;0;0;0;0;0;0;0;0;0;0;0
FR;5;2021-01-17;0;0;0;0;0;0;0;0;0;0;0;0;0;0;0;0;0;0
FR;5;2021-01-18;0;0;0;0;0;0;0;0;0;0;0;0;0;0;0;0;0;0
FR;5;2021-01-19;0;0;0;0;0;0;0;0;0;0;0;0;0;0;0;0;0;0
FR;5;2021-01-20;0;0;0;0;0;0;0;0;0;0;0;0;0;0;0;0;0;0
FR;5;2021-01-21;0;0;0;0;0;0;0;0;0;0;0;0;0;0;0;0;0;0
FR;5;2021-01-22;0;0;0;0;0;0;0;0;0;0;0;0;0;0;0;0;0;0
FR;5;2021-01-23;0;0;0;0;0;0;0;0;0;0;0;0;0;0;0;0;0;0
FR;5;2021-01-24;0;0;0;0;0;0;0;0;0;0;0;0;0;0;0;0;0;0
FR;5;2021-01-25;0;0;0;0;0;0;0;0;0;0;0;0;0;0;0;0;0;0
FR;5;2021-01-26;0;0;0;0;0;0;0;0;0;0;0;0;0;0;0;0;0;0
FR;5;2021-01-27;0;0;0;0;0;0;0;0;0;0;0;0;0;0;0;0;0;0
FR;5;2021-01-28;0;0;0;0;0;0;0;0;0;0;0;0;0;0;0;0;0;0
FR;5;2021-01-29;0;0;0;0;0;0;0;0;0;0;0;0;0;0;0;0;0;0
FR;5;2021-01-30;0;0;0;0;0;0;0;0;0;0;0;0;0;0;0;0;0;0
FR;5;2021-01-31;0;0;0;0;0;0;0;0;0;0;0;0;0;0;0;0;0;0
FR;5;2021-02-01;0;0;0;0;0;0;0;0;0;0;0;0;0;0;0;0;0;0
FR;5;2021-02-02;0;0;0;0;0;0;0;0;0;0;0;0;0;0;0;0;0;0
FR;5;2021-02-03;0;0;0;0;0;0;0;0;0;0;0;0;0;0;0;0;0;0
FR;5;2021-02-04;0;0;0;0;0;0;0;0;0;0;0;0;0;0;0;0;0;0
FR;5;2021-02-05;0;0;0;0;0;0;0;0;0;0;0;0;0;0;0;0;0;0
FR;5;2021-02-06;0;0;0;0;0;0;0;0;0;0;0;0;0;0;0;0;0;0
FR;5;2021-02-07;0;0;0;0;0;0;0;0;0;0;0;0;0;0;0;0;0;0
FR;5;2021-02-08;0;0;0;0;0;0;0;0;0;0;0;0;0;0;0;0;0;0
FR;5;2021-02-09;0;0;0;0;0;0;0;0;0;0;0;0;0;0;0;0;0;0
FR;5;2021-02-10;0;0;0;0;0;0;0;0;0;0;0;0;0;0;0;0;0;0
FR;5;2021-02-11;0;0;0;0;0;0;0;0;0;0;0;0;0;0;0;0;0;0
FR;5;2021-02-12;0;0;0;0;0;0;0;0;0;0;0;0;0;0;0;0;0;0
FR;5;2021-02-13;0;0;0;0;0;0;0;0;0;0;0;0;0;0;0;0;0;0
FR;5;2021-02-14;0;0;0;0;0;0;0;0;0;0;0;0;0;0;0;0;0;0
FR;5;2021-02-15;0;0;0;0;0;0;0;0;0;0;0;0;0;0;0;0;0;0
FR;5;2021-02-16;0;0;0;0;0;0;0;0;0;0;0;0;0;0;0;0;0;0
FR;5;2021-02-17;0;0;0;0;0;0;0;0;0;0;0;0;0;0;0;0;0;0
FR;5;2021-02-18;0;0;0;0;0;0;0;0;0;0;0;0;0;0;0;0;0;0
FR;5;2021-02-19;0;0;0;0;0;0;0;0;0;0;0;0;0;0;0;0;0;0
FR;5;2021-02-20;0;0;0;0;0;0;0;0;0;0;0;0;0;0;0;0;0;0
FR;5;2021-02-21;0;0;0;0;0;0;0;0;0;0;0;0;0;0;0;0;0;0
FR;5;2021-02-22;0;0;0;0;0;0;0;0;0;0;0;0;0;0;0;0;0;0
FR;5;2021-02-23;0;0;0;0;0;0;0;0;0;0;0;0;0;0;0;0;0;0
FR;5;2021-02-24;0;0;0;0;0;0;0;0;0;0;0;0;0;0;0;0;0;0
FR;5;2021-02-25;0;0;0;0;0;0;0;0;0;0;0;0;0;0;0;0;0;0
FR;5;2021-02-26;0;0;0;0;0;0;0;0;0;0;0;0;0;0;0;0;0;0
FR;5;2021-02-27;0;0;0;0;0;0;0;0;0;0;0;0;0;0;0;0;0;0
FR;5;2021-02-28;0;0;0;0;0;0;0;0;0;0;0;0;0;0;0;0;0;0
FR;5;2021-03-01;0;0;0;0;0;0;0;0;0;0;0;0;0;0;0;0;0;0
FR;5;2021-03-02;0;0;0;0;0;0;0;0;0;0;0;0;0;0;0;0;0;0
FR;5;2021-03-03;0;0;0;0;0;0;0;0;0;0;0;0;0;0;0;0;0;0
FR;5;2021-03-04;0;0;0;0;0;0;0;0;0;0;0;0;0;0;0;0;0;0
FR;5;2021-03-05;0;0;0;0;0;0;0;0;0;0;0;0;0;0;0;0;0;0
FR;5;2021-03-06;0;0;0;0;0;0;0;0;0;0;0;0;0;0;0;0;0;0
FR;5;2021-03-07;0;0;0;0;0;0;0;0;0;0;0;0;0;0;0;0;0;0
FR;5;2021-03-08;0;0;0;0;0;0;0;0;0;0;0;0;0;0;0;0;0;0
FR;5;2021-03-09;0;0;0;0;0;0;0;0;0;0;0;0;0;0;0;0;0;0
FR;5;2021-03-10;0;0;0;0;0;0;0;0;0;0;0;0;0;0;0;0;0;0
FR;5;2021-03-11;0;0;0;0;0;0;0;0;0;0;0;0;0;0;0;0;0;0
FR;5;2021-03-12;0;0;0;0;0;0;0;0;0;0;0;0;0;0;0;0;0;0
FR;5;2021-03-13;0;0;0;0;0;0;0;0;0;0;0;0;0;0;0;0;0;0
FR;5;2021-03-14;0;0;0;0;0;0;0;0;0;0;0;0;0;0;0;0;0;0
FR;5;2021-03-15;0;0;0;0;0;0;0;0;0;0;0;0;0;0;0;0;0;0
FR;5;2021-03-16;0;0;0;0;0;0;0;0;0;0;0;0;0;0;0;0;0;0
FR;5;2021-03-17;0;0;0;0;0;0;0;0;0;0;0;0;0;0;0;0;0;0
FR;5;2021-03-18;0;0;0;0;0;0;0;0;0;0;0;0;0;0;0;0;0;0
FR;5;2021-03-19;0;0;0;0;0;0;0;0;0;0;0;0;0;0;0;0;0;0
FR;5;2021-03-20;0;0;0;0;0;0;0;0;0;0;0;0;0;0;0;0;0;0
FR;5;2021-03-21;0;0;0;0;0;0;0;0;0;0;0;0;0;0;0;0;0;0
FR;5;2021-03-22;0;0;0;0;0;0;0;0;0;0;0;0;0;0;0;0;0;0
FR;5;2021-03-23;0;0;0;0;0;0;0;0;0;0;0;0;0;0;0;0;0;0
FR;5;2021-03-24;0;0;0;0;0;0;0;0;0;0;0;0;0;0;0;0;0;0
FR;5;2021-03-25;0;0;0;0;0;0;0;0;0;0;0;0;0;0;0;0;0;0
FR;5;2021-03-26;0;0;0;0;0;0;0;0;0;0;0;0;0;0;0;0;0;0
FR;5;2021-03-27;0;0;0;0;0;0;0;0;0;0;0;0;0;0;0;0;0;0
FR;5;2021-03-28;0;0;0;0;0;0;0;0;0;0;0;0;0;0;0;0;0;0
FR;5;2021-03-29;0;0;0;0;0;0;0;0;0;0;0;0;0;0;0;0;0;0
FR;5;2021-03-30;0;0;0;0;0;0;0;0;0;0;0;0;0;0;0;0;0;0
FR;5;2021-03-31;0;0;0;0;0;0;0;0;0;0;0;0;0;0;0;0;0;0
FR;5;2021-04-01;0;0;0;0;0;0;0;0;0;0;0;0;0;0;0;0;0;0
FR;5;2021-04-02;0;0;0;0;0;0;0;0;0;0;0;0;0;0;0;0;0;0
FR;5;2021-04-03;0;0;0;0;0;0;0;0;0;0;0;0;0;0;0;0;0;0
FR;5;2021-04-04;0;0;0;0;0;0;0;0;0;0;0;0;0;0;0;0;0;0
FR;5;2021-04-05;0;0;0;0;0;0;0;0;0;0;0;0;0;0;0;0;0;0
FR;5;2021-04-06;0;0;0;0;0;0;0;0;0;0;0;0;0;0;0;0;0;0
FR;5;2021-04-07;0;0;0;0;0;0;0;0;0;0;0;0;0;0;0;0;0;0
FR;5;2021-04-08;0;0;0;0;0;0;0;0;0;0;0;0;0;0;0;0;0;0
FR;5;2021-04-09;0;0;0;0;0;0;0;0;0;0;0;0;0;0;0;0;0;0
FR;5;2021-04-10;0;0;0;0;0;0;0;0;0;0;0;0;0;0;0;0;0;0
FR;5;2021-04-11;0;0;0;0;0;0;0;0;0;0;0;0;0;0;0;0;0;0
FR;5;2021-04-12;0;0;0;0;0;0;0;0;0;0;0;0;0;0;0;0;0;0
FR;5;2021-04-13;0;0;0;0;0;0;0;0;0;0;0;0;0;0;0;0;0;0
FR;5;2021-04-14;0;0;0;0;0;0;0;0;0;0;0;0;0;0;0;0;0;0
FR;5;2021-04-15;0;0;0;0;0;0;0;0;0;0;0;0;0;0;0;0;0;0
FR;5;2021-04-16;0;0;0;0;0;0;0;0;0;0;0;0;0;0;0;0;0;0
FR;5;2021-04-17;0;0;0;0;0;0;0;0;0;0;0;0;0;0;0;0;0;0
FR;5;2021-04-18;0;0;0;0;0;0;0;0;0;0;0;0;0;0;0;0;0;0
FR;5;2021-04-19;0;0;0;0;0;0;0;0;0;0;0;0;0;0;0;0;0;0
FR;5;2021-04-20;0;0;0;0;0;0;0;0;0;0;0;0;0;0;0;0;0;0
FR;5;2021-04-21;0;0;0;0;0;0;0;0;0;0;0;0;0;0;0;0;0;0
FR;5;2021-04-22;0;0;0;0;0;0;0;0;0;0;0;0;0;0;0;0;0;0
FR;5;2021-04-23;0;0;0;0;0;0;0;0;0;0;0;0;0;0;0;0;0;0
FR;5;2021-04-24;0;0;0;0;0;0;0;0;0;0;0;0;0;0;0;0;0;0
FR;5;2021-04-25;0;0;0;0;0;0;0;0;0;0;0;0;0;0;0;0;0;0
FR;5;2021-04-26;0;0;0;0;0;0;0;0;0;0;0;0;0;0;0;0;0;0
FR;5;2021-04-27;0;0;0;0;0;0;0;0;0;0;0;0;0;0;0;0;0;0
FR;5;2021-04-28;0;0;0;0;0;0;0;0;0;0;0;0;0;0;0;0;0;0
FR;5;2021-04-29;0;0;0;0;0;0;0;0;0;0;0;0;0;0;0;0;0;0
FR;5;2021-04-30;0;0;0;0;0;0;0;0;0;0;0;0;0;0;0;0;0;0
FR;5;2021-05-01;0;0;0;0;0;0;0;0;0;0;0;0;0;0;0;0;0;0
FR;5;2021-05-02;0;0;0;0;0;0;0;0;0;0;0;0;0;0;0;0;0;0
FR;5;2021-05-03;0;0;0;0;0;0;0;0;0;0;0;0;0;0;0;0;0;0
FR;5;2021-05-04;0;0;0;0;0;0;0;0;0;0;0;0;0;0;0;0;0;0
FR;5;2021-05-05;0;0;0;0;0;0;0;0;0;0;0;0;0;0;0;0;0;0
FR;5;2021-05-06;0;0;0;0;0;0;0;0;0;0;0;0;0;0;0;0;0;0
FR;5;2021-05-07;0;0;0;0;0;0;0;0;0;0;0;0;0;0;0;0;0;0
FR;5;2021-05-08;0;0;0;0;0;0;0;0;0;0;0;0;0;0;0;0;0;0
FR;5;2021-05-09;0;0;0;0;0;0;0;0;0;0;0;0;0;0;0;0;0;0
FR;5;2021-05-10;0;0;0;0;0;0;0;0;0;0;0;0;0;0;0;0;0;0
FR;5;2021-05-11;0;0;0;0;0;0;0;0;0;0;0;0;0;0;0;0;0;0
FR;5;2021-05-12;0;0;0;0;0;0;0;0;0;0;0;0;0;0;0;0;0;0
FR;5;2021-05-13;0;0;0;0;0;0;0;0;0;0;0;0;0;0;0;0;0;0
FR;5;2021-05-14;0;0;0;0;0;0;0;0;0;0;0;0;0;0;0;0;0;0
FR;5;2021-05-15;0;0;0;0;0;0;0;0;0;0;0;0;0;0;0;0;0;0
FR;5;2021-05-16;0;0;0;0;0;0;0;0;0;0;0;0;0;0;0;0;0;0
FR;5;2021-05-17;0;0;0;0;0;0;0;0;0;0;0;0;0;0;0;0;0;0
FR;5;2021-05-18;0;0;0;0;0;0;0;0;0;0;0;0;0;0;0;0;0;0
FR;5;2021-05-19;0;0;0;0;0;0;0;0;0;0;0;0;0;0;0;0;0;0
FR;5;2021-05-20;0;0;0;0;0;0;0;0;0;0;0;0;0;0;0;0;0;0
FR;5;2021-05-21;0;0;0;0;0;0;0;0;0;0;0;0;0;0;0;0;0;0
FR;5;2021-05-22;0;0;0;0;0;0;0;0;0;0;0;0;0;0;0;0;0;0
FR;5;2021-05-23;0;0;0;0;0;0;0;0;0;0;0;0;0;0;0;0;0;0
FR;5;2021-05-24;0;0;0;0;0;0;0;0;0;0;0;0;0;0;0;0;0;0
FR;5;2021-05-25;0;0;0;0;0;0;0;0;0;0;0;0;0;0;0;0;0;0
FR;5;2021-05-26;0;0;0;0;0;0;0;0;0;0;0;0;0;0;0;0;0;0
FR;5;2021-05-27;0;0;0;0;0;0;0;0;0;0;0;0;0;0;0;0;0;0
FR;5;2021-05-28;0;0;0;0;0;0;0;0;0;0;0;0;0;0;0;0;0;0
FR;5;2021-05-29;0;0;0;0;0;0;0;0;0;0;0;0;0;0;0;0;0;0
FR;5;2021-05-30;0;0;0;0;0;0;0;0;0;0;0;0;0;0;0;0;0;0
FR;5;2021-05-31;0;0;0;0;0;0;0;0;0;0;0;0;0;0;0;0;0;0
FR;5;2021-06-01;0;0;0;0;0;0;0;0;0;0;0;0;0;0;0;0;0;0
FR;5;2021-06-02;0;0;0;0;0;0;0;0;0;0;0;0;0;0;0;0;0;0
FR;5;2021-06-03;0;0;0;0;0;0;0;0;0;0;0;0;0;0;0;0;0;0
FR;5;2021-06-04;0;0;0;0;0;0;0;0;0;0;0;0;0;0;0;0;0;0
FR;5;2021-06-05;0;0;0;0;0;0;0;0;0;0;0;0;0;0;0;0;0;0
FR;5;2021-06-06;0;0;0;0;0;0;0;0;0;0;0;0;0;0;0;0;0;0
FR;5;2021-06-07;0;0;0;0;0;0;0;0;0;0;0;0;0;0;0;0;0;0
FR;5;2021-06-08;0;0;0;0;0;0;0;0;0;0;0;0;0;0;0;0;0;0
FR;5;2021-06-09;0;0;0;0;0;0;0;0;0;0;0;0;0;0;0;0;0;0
FR;5;2021-06-10;0;0;0;0;0;0;0;0;0;0;0;0;0;0;0;0;0;0
FR;5;2021-06-11;0;0;0;0;0;0;0;0;0;0;0;0;0;0;0;0;0;0
FR;5;2021-06-12;0;0;0;0;0;0;0;0;0;0;0;0;0;0;0;0;0;0
FR;5;2021-06-13;0;0;0;0;0;0;0;0;0;0;0;0;0;0;0;0;0;0
FR;5;2021-06-14;0;0;0;0;0;0;0;0;0;0;0;0;0;0;0;0;0;0
FR;5;2021-06-15;0;0;0;0;0;0;0;0;0;0;0;0;0;0;0;0;0;0
FR;5;2021-06-16;0;0;0;0;0;0;0;0;0;0;0;0;0;0;0;0;0;0
FR;5;2021-06-17;0;0;0;0;0;0;0;0;0;0;0;0;0;0;0;0;0;0
FR;5;2021-06-18;0;0;0;0;0;0;0;0;0;0;0;0;0;0;0;0;0;0
FR;5;2021-06-19;0;0;0;0;0;0;0;0;0;0;0;0;0;0;0;0;0;0
FR;5;2021-06-20;0;0;0;0;0;0;0;0;0;0;0;0;0;0;0;0;0;0
FR;5;2021-06-21;0;0;0;0;0;0;0;0;0;0;0;0;0;0;0;0;0;0
FR;5;2021-06-22;0;0;0;0;0;0;0;0;0;0;0;0;0;0;0;0;0;0
FR;5;2021-06-23;0;0;0;0;0;0;0;0;0;0;0;0;0;0;0;0;0;0
FR;5;2021-06-24;0;0;0;0;0;0;0;0;0;0;0;0;0;0;0;0;0;0
FR;5;2021-06-25;0;0;0;0;0;0;0;0;0;0;0;0;0;0;0;0;0;0
FR;5;2021-06-26;0;0;0;0;0;0;0;0;0;0;0;0;0;0;0;0;0;0
FR;5;2021-06-27;0;0;0;0;0;0;0;0;0;0;0;0;0;0;0;0;0;0
FR;5;2021-06-28;0;0;0;0;0;0;0;0;0;0;0;0;0;0;0;0;0;0
FR;5;2021-06-29;0;0;0;0;0;0;0;0;0;0;0;0;0;0;0;0;0;0
FR;5;2021-06-30;0;0;0;0;0;0;0;0;0;0;0;0;0;0;0;0;0;0
FR;5;2021-07-01;0;0;0;0;0;0;0;0;0;0;0;0;0;0;0;0;0;0
FR;5;2021-07-02;0;0;0;0;0;0;0;0;0;0;0;0;0;0;0;0;0;0
FR;5;2021-07-03;0;0;0;0;0;0;0;0;0;0;0;0;0;0;0;0;0;0
FR;5;2021-07-04;0;0;0;0;0;0;0;0;0;0;0;0;0;0;0;0;0;0
FR;5;2021-07-05;0;0;0;0;0;0;0;0;0;0;0;0;0;0;0;0;0;0
FR;5;2021-07-06;0;0;0;0;0;0;0;0;0;0;0;0;0;0;0;0;0;0
FR;5;2021-07-07;0;0;0;0;0;0;0;0;0;0;0;0;0;0;0;0;0;0
FR;5;2021-07-08;0;0;0;0;0;0;0;0;0;0;0;0;0;0;0;0;0;0
FR;5;2021-07-09;0;0;0;0;0;0;0;0;0;0;0;0;0;0;0;0;0;0
FR;5;2021-07-10;0;0;0;0;0;0;0;0;0;0;0;0;0;0;0;0;0;0
FR;5;2021-07-11;0;0;0;0;0;0;0;0;0;0;0;0;0;0;0;0;0;0
FR;5;2021-07-12;0;0;0;0;0;0;0;0;0;0;0;0;0;0;0;0;0;0
FR;5;2021-07-13;0;0;0;0;0;0;0;0;0;0;0;0;0;0;0;0;0;0
FR;5;2021-07-14;0;0;0;0;0;0;0;0;0;0;0;0;0;0;0;0;0;0
FR;5;2021-07-15;0;0;0;0;0;0;0;0;0;0;0;0;0;0;0;0;0;0
FR;5;2021-07-16;0;0;0;0;0;0;0;0;0;0;0;0;0;0;0;0;0;0
FR;5;2021-07-17;0;0;0;0;0;0;0;0;0;0;0;0;0;0;0;0;0;0
FR;5;2021-07-18;0;0;0;0;0;0;0;0;0;0;0;0;0;0;0;0;0;0
FR;5;2021-07-19;0;0;0;0;0;0;0;0;0;0;0;0;0;0;0;0;0;0
FR;5;2021-07-20;0;0;0;0;0;0;0;0;0;0;0;0;0;0;0;0;0;0
FR;5;2021-07-21;0;0;0;0;0;0;0;0;0;0;0;0;0;0;0;0;0;0
FR;5;2021-07-22;0;0;0;0;0;0;0;0;0;0;0;0;0;0;0;0;0;0
FR;5;2021-07-23;0;0;0;0;0;0;0;0;0;0;0;0;0;0;0;0;0;0
FR;5;2021-07-24;0;0;0;0;0;0;0;0;0;0;0;0;0;0;0;0;0;0
FR;5;2021-07-25;0;0;0;0;0;0;0;0;0;0;0;0;0;0;0;0;0;0
FR;5;2021-07-26;0;0;0;0;0;0;0;0;0;0;0;0;0;0;0;0;0;0
FR;5;2021-07-27;0;0;0;0;0;0;0;0;0;0;0;0;0;0;0;0;0;0
FR;5;2021-07-28;0;0;0;0;0;0;0;0;0;0;0;0;0;0;0;0;0;0
FR;5;2021-07-29;0;0;0;0;0;0;0;0;0;0;0;0;0;0;0;0;0;0
FR;5;2021-07-30;0;0;0;0;0;0;0;0;0;0;0;0;0;0;0;0;0;0
FR;5;2021-07-31;0;0;0;0;0;0;0;0;0;0;0;0;0;0;0;0;0;0
FR;5;2021-08-01;0;0;0;0;0;0;0;0;0;0;0;0;0;0;0;0;0;0
FR;5;2021-08-02;0;0;0;0;0;0;0;0;0;0;0;0;0;0;0;0;0;0
FR;5;2021-08-03;0;0;0;0;0;0;0;0;0;0;0;0;0;0;0;0;0;0
FR;5;2021-08-04;0;0;0;0;0;0;0;0;0;0;0;0;0;0;0;0;0;0
FR;5;2021-08-05;0;0;0;0;0;0;0;0;0;0;0;0;0;0;0;0;0;0
FR;5;2021-08-06;0;0;0;0;0;0;0;0;0;0;0;0;0;0;0;0;0;0
FR;5;2021-08-07;0;0;0;0;0;0;0;0;0;0;0;0;0;0;0;0;0;0
FR;5;2021-08-08;0;0;0;0;0;0;0;0;0;0;0;0;0;0;0;0;0;0
FR;5;2021-08-09;0;0;0;0;0;0;0;0;0;0;0;0;0;0;0;0;0;0
FR;5;2021-08-10;0;0;0;0;0;0;0;0;0;0;0;0;0;0;0;0;0;0
FR;5;2021-08-11;0;0;0;0;0;0;0;0;0;0;0;0;0;0;0;0;0;0
FR;5;2021-08-12;0;0;0;0;0;0;0;0;0;0;0;0;0;0;0;0;0;0
FR;5;2021-08-13;0;0;0;0;0;0;0;0;0;0;0;0;0;0;0;0;0;0
FR;5;2021-08-14;0;0;0;0;0;0;0;0;0;0;0;0;0;0;0;0;0;0
FR;5;2021-08-15;0;0;0;0;0;0;0;0;0;0;0;0;0;0;0;0;0;0
FR;5;2021-08-16;0;0;0;0;0;0;0;0;0;0;0;0;0;0;0;0;0;0
FR;5;2021-08-17;0;0;0;0;0;0;0;0;0;0;0;0;0;0;0;0;0;0
FR;5;2021-08-18;0;0;0;0;0;0;0;0;0;0;0;0;0;0;0;0;0;0
FR;5;2021-08-19;0;0;0;0;0;0;0;0;0;0;0;0;0;0;0;0;0;0
FR;5;2021-08-20;0;0;0;0;0;0;0;0;0;0;0;0;0;0;0;0;0;0
FR;5;2021-08-21;0;0;0;0;0;0;0;0;0;0;0;0;0;0;0;0;0;0
FR;5;2021-08-22;0;0;0;0;0;0;0;0;0;0;0;0;0;0;0;0;0;0
FR;5;2021-08-23;0;0;0;0;0;0;0;0;0;0;0;0;0;0;0;0;0;0
FR;5;2021-08-24;0;0;0;0;0;0;0;0;0;0;0;0;0;0;0;0;0;0
FR;5;2021-08-25;0;0;0;0;0;0;0;0;0;0;0;0;0;0;0;0;0;0
FR;5;2021-08-26;0;0;0;0;0;0;0;0;0;0;0;0;0;0;0;0;0;0
FR;5;2021-08-27;0;0;0;0;0;0;0;0;0;0;0;0;0;0;0;0;0;0
FR;5;2021-08-28;0;0;0;0;0;0;0;0;0;0;0;0;0;0;0;0;0;0
FR;5;2021-08-29;0;0;0;0;0;0;0;0;0;0;0;0;0;0;0;0;0;0
FR;5;2021-08-30;0;0;0;0;0;0;0;0;0;0;0;0;0;0;0;0;0;0
FR;5;2021-08-31;0;0;0;0;0;0;0;0;0;0;0;0;0;0;0;0;0;0
FR;5;2021-09-01;0;0;0;0;0;0;0;0;0;0;0;0;0;0;0;0;0;0
FR;5;2021-09-02;0;0;0;0;0;0;0;0;0;0;0;0;0;0;0;0;0;0
FR;5;2021-09-03;0;0;0;0;0;0;0;0;0;0;0;0;0;0;0;0;0;0
FR;5;2021-09-04;0;0;0;0;0;0;0;0;0;0;0;0;0;0;0;0;0;0
FR;5;2021-09-05;0;0;0;0;0;0;0;0;0;0;0;0;0;0;0;0;0;0
FR;5;2021-09-06;0;0;0;0;0;0;0;0;0;0;0;0;0;0;0;0;0;0
FR;5;2021-09-07;0;0;0;0;0;0;0;0;0;0;0;0;0;0;0;0;0;0
FR;5;2021-09-08;0;0;0;0;0;0;0;0;0;0;0;0;0;0;0;0;0;0
FR;5;2021-09-09;0;0;0;0;0;0;0;0;0;0;0;0;0;0;0;0;0;0
FR;5;2021-09-10;0;0;0;0;0;0;0;0;0;0;0;0;0;0;0;0;0;0
FR;5;2021-09-11;0;0;0;0;0;0;0;0;0;0;0;0;0;0;0;0;0;0
FR;5;2021-09-12;0;0;0;0;0;0;0;0;0;0;0;0;0;0;0;0;0;0
FR;5;2021-09-13;0;0;0;0;0;0;0;0;0;0;0;0;0;0;0;0;0;0
FR;5;2021-09-14;0;0;0;0;0;0;0;0;0;0;0;0;0;0;0;0;0;0
FR;5;2021-09-15;0;0;0;0;0;0;0;0;0;0;0;0;0;0;0;0;0;0
FR;5;2021-09-16;0;0;0;0;0;0;0;0;0;0;0;0;0;0;0;0;0;0
FR;5;2021-09-17;0;0;0;0;0;0;0;0;0;0;0;0;0;0;0;0;0;0
FR;5;2021-09-18;0;0;0;0;0;0;0;0;0;0;0;0;0;0;0;0;0;0
FR;5;2021-09-19;0;0;0;0;0;0;0;0;0;0;0;0;0;0;0;0;0;0
FR;5;2021-09-20;0;0;0;0;0;0;0;0;0;0;0;0;0;0;0;0;0;0
FR;5;2021-09-21;0;0;0;0;0;0;0;0;0;0;0;0;0;0;0;0;0;0
FR;5;2021-09-22;0;0;0;0;0;0;0;0;0;0;0;0;0;0;0;0;0;0
FR;5;2021-09-23;0;0;0;0;0;0;0;0;0;0;0;0;0;0;0;0;0;0
FR;5;2021-09-24;0;0;0;0;0;0;0;0;0;0;0;0;0;0;0;0;0;0
FR;5;2021-09-25;0;0;0;0;0;0;0;0;0;0;0;0;0;0;0;0;0;0
FR;5;2021-09-26;0;0;0;0;0;0;0;0;0;0;0;0;0;0;0;0;0;0
FR;5;2021-09-27;0;0;0;0;0;0;0;0;0;0;0;0;0;0;0;0;0;0
FR;5;2021-09-28;0;0;0;0;0;0;0;0;0;0;0;0;0;0;0;0;0;0
FR;5;2021-09-29;0;0;0;0;0;0;0;0;0;0;0;0;0;0;0;0;0;0
FR;5;2021-09-30;0;0;0;0;0;0;0;0;0;0;0;0;0;0;0;0;0;0
FR;5;2021-10-01;0;0;0;0;0;0;0;0;0;0;0;0;0;0;0;0;0;0
FR;5;2021-10-02;0;0;0;0;0;0;0;0;0;0;0;0;0;0;0;0;0;0
FR;5;2021-10-03;0;0;0;0;0;0;0;0;0;0;0;0;0;0;0;0;0;0
FR;5;2021-10-04;0;0;0;0;0;0;0;0;0;0;0;0;0;0;0;0;0;0
FR;5;2021-10-05;0;0;0;0;0;0;0;0;0;0;0;0;0;0;0;0;0;0
FR;5;2021-10-06;0;0;0;0;0;0;0;0;0;0;0;0;0;0;0;0;0;0
FR;5;2021-10-07;0;0;0;0;0;0;0;0;0;0;0;0;0;0;0;0;0;0
FR;5;2021-10-08;0;0;0;0;0;0;0;0;0;0;0;0;0;0;0;0;0;0
FR;5;2021-10-09;0;0;0;0;0;0;0;0;0;0;0;0;0;0;0;0;0;0
FR;5;2021-10-10;0;0;0;0;0;0;0;0;0;0;0;0;0;0;0;0;0;0
FR;5;2021-10-11;0;0;0;0;0;0;0;0;0;0;0;0;0;0;0;0;0;0
FR;5;2021-10-12;0;0;0;0;0;0;0;0;0;0;0;0;0;0;0;0;0;0
FR;5;2021-10-13;0;0;0;0;0;0;0;0;0;0;0;0;0;0;0;0;0;0
FR;5;2021-10-14;0;0;0;0;0;0;0;0;0;0;0;0;0;0;0;0;0;0
FR;5;2021-10-15;0;0;0;0;0;0;0;0;0;0;0;0;0;0;0;0;0;0
FR;5;2021-10-16;0;0;0;0;0;0;0;0;0;0;0;0;0;0;0;0;0;0
FR;5;2021-10-17;0;0;0;0;0;0;0;0;0;0;0;0;0;0;0;0;0;0
FR;5;2021-10-18;0;0;0;0;0;0;0;0;0;0;0;0;0;0;0;0;0;0
FR;5;2021-10-19;0;0;0;0;0;0;0;0;0;0;0;0;0;0;0;0;0;0
FR;5;2021-10-20;0;0;0;0;0;0;0;0;0;0;0;0;0;0;0;0;0;0
FR;5;2021-10-21;0;0;0;0;0;0;0;0;0;0;0;0;0;0;0;0;0;0
FR;5;2021-10-22;0;0;0;0;0;0;0;0;0;0;0;0;0;0;0;0;0;0
FR;5;2021-10-23;0;0;0;0;0;0;0;0;0;0;0;0;0;0;0;0;0;0
FR;5;2021-10-24;0;0;0;0;0;0;0;0;0;0;0;0;0;0;0;0;0;0
FR;5;2021-10-25;0;0;0;0;0;0;0;0;0;0;0;0;0;0;0;0;0;0
FR;5;2021-10-26;0;0;0;0;0;0;0;0;0;0;0;0;0;0;0;0;0;0
FR;5;2021-10-27;0;0;0;0;0;0;0;0;0;0;0;0;0;0;0;0;0;0
FR;5;2021-10-28;0;0;0;0;0;0;0;0;0;0;0;0;0;0;0;0;0;0
FR;5;2021-10-29;0;0;0;0;0;0;0;0;0;0;0;0;0;0;0;0;0;0
FR;5;2021-10-30;0;0;0;0;0;0;0;0;0;0;0;0;0;0;0;0;0;0
FR;5;2021-10-31;0;0;0;0;0;0;0;0;0;0;0;0;0;0;0;0;0;0
FR;5;2021-11-01;0;0;0;0;0;0;0;0;0;0;0;0;0;0;0;0;0;0
FR;5;2021-11-02;0;0;0;0;0;0;0;0;0;0;0;0;0;0;0;0;0;0
FR;5;2021-11-03;0;0;0;0;0;0;0;0;0;0;0;0;0;0;0;0;0;0
FR;5;2021-11-04;0;0;0;0;0;0;0;0;0;0;0;0;0;0;0;0;0;0
FR;5;2021-11-05;0;0;0;0;0;0;0;0;0;0;0;0;0;0;0;0;0;0
FR;5;2021-11-06;0;0;0;0;0;0;0;0;0;0;0;0;0;0;0;0;0;0
FR;5;2021-11-07;0;0;0;0;0;0;0;0;0;0;0;0;0;0;0;0;0;0
FR;5;2021-11-08;0;0;0;0;0;0;0;0;0;0;0;0;0;0;0;0;0;0
FR;5;2021-11-09;0;0;0;0;0;0;0;0;0;0;0;0;0;0;0;0;0;0
FR;5;2021-11-10;0;0;0;0;0;0;0;0;0;0;0;0;0;0;0;0;0;0
FR;5;2021-11-11;0;0;0;0;0;0;0;0;0;0;0;0;0;0;0;0;0;0
FR;5;2021-11-12;0;0;0;0;0;0;0;0;0;0;0;0;0;0;0;0;0;0
FR;5;2021-11-13;0;0;0;0;0;0;0;0;0;0;0;0;0;0;0;0;0;0
FR;5;2021-11-14;0;0;0;0;0;0;0;0;0;0;0;0;0;0;0;0;0;0
FR;5;2021-11-15;0;0;0;0;0;0;0;0;0;0;0;0;0;0;0;0;0;0
FR;5;2021-11-16;0;0;0;0;0;0;0;0;0;0;0;0;0;0;0;0;0;0
FR;5;2021-11-17;0;0;0;0;0;0;0;0;0;0;0;0;0;0;0;0;0;0
FR;5;2021-11-18;0;0;0;0;0;0;0;0;0;0;0;0;0;0;0;0;0;0
FR;5;2021-11-19;0;0;0;0;0;0;0;0;0;0;0;0;0;0;0;0;0;0
FR;5;2021-11-20;0;0;0;0;0;0;0;0;0;0;0;0;0;0;0;0;0;0
FR;5;2021-11-21;0;0;0;0;0;0;0;0;0;0;0;0;0;0;0;0;0;0
FR;5;2021-11-22;0;0;0;0;0;0;0;0;0;0;0;0;0;0;0;0;0;0
FR;5;2021-11-23;0;0;0;0;0;0;0;0;0;0;0;0;0;0;0;0;0;0
FR;5;2021-11-24;0;0;0;0;0;0;0;0;0;0;0;0;0;0;0;0;0;0
FR;5;2021-11-25;0;0;0;0;0;0;0;0;0;0;0;0;0;0;0;0;0;0
FR;5;2021-11-26;0;0;0;0;0;0;0;0;0;0;0;0;0;0;0;0;0;0
FR;5;2021-11-27;0;0;0;0;0;0;0;0;0;0;0;0;0;0;0;0;0;0
FR;5;2021-11-28;0;0;0;0;0;0;0;0;0;0;0;0;0;0;0;0;0;0
FR;5;2021-11-29;0;0;0;0;0;0;0;0;0;0;0;0;0;0;0;0;0;0
FR;5;2021-11-30;0;0;0;0;0;0;0;0;0;0;0;0;0;0;0;0;0;0
FR;5;2021-12-01;0;0;0;0;0;0;0;0;0;0;0;0;0;0;0;0;0;0
FR;5;2021-12-02;0;0;0;0;0;0;0;0;0;0;0;0;0;0;0;0;0;0
FR;5;2021-12-03;0;0;0;0;0;0;0;0;0;0;0;0;0;0;0;0;0;0
FR;5;2021-12-04;0;0;0;0;0;0;0;0;0;0;0;0;0;0;0;0;0;0
FR;5;2021-12-05;0;0;0;0;0;0;0;0;0;0;0;0;0;0;0;0;0;0
FR;5;2021-12-06;0;0;0;0;0;0;0;0;0;0;0;0;0;0;0;0;0;0
FR;5;2021-12-07;0;0;0;0;0;0;0;0;0;0;0;0;0;0;0;0;0;0
FR;5;2021-12-08;0;0;0;0;0;0;0;0;0;0;0;0;0;0;0;0;0;0
FR;5;2021-12-09;0;0;0;0;0;0;0;0;0;0;0;0;0;0;0;0;0;0
FR;5;2021-12-10;0;0;0;0;0;0;0;0;0;0;0;0;0;0;0;0;0;0
FR;5;2021-12-11;0;0;0;0;0;0;0;0;0;0;0;0;0;0;0;0;0;0
FR;5;2021-12-12;0;0;0;0;0;0;0;0;0;0;0;0;0;0;0;0;0;0
FR;5;2021-12-13;0;0;0;0;0;0;0;0;0;0;0;0;0;0;0;0;0;0
FR;5;2021-12-14;33;45;77;0;27;88;1;0;0;33;45;77;0;27;88;1;0;0
FR;5;2021-12-15;196;44;37;0;42;49;0;0;0;229;89;114;0;69;137;1;0;0
FR;5;2021-12-16;181;21;44;0;38;48;0;0;0;410;110;158;0;107;185;1;0;0
FR;5;2021-12-17;313;16;72;0;34;74;2;0;0;723;126;230;0;141;259;3;0;0
FR;5;2021-12-18;766;24;22;0;67;29;0;0;0;1489;150;252;0;208;288;3;0;0
FR;5;2021-12-19;585;15;15;0;67;17;0;0;0;2074;165;267;0;275;305;3;0;0
FR;5;2021-12-20;1225;31;34;0;134;37;2;0;0;3299;196;301;0;409;342;5;0;0
FR;5;2021-12-21;1535;22;54;1;141;60;0;0;0;4834;218;355;1;550;402;5;0;0
FR;5;2021-12-22;4069;40;37;0;420;46;2;0;0;8903;258;392;1;970;448;7;0;0
FR;5;2021-12-23;3042;16;21;0;304;25;0;0;0;11945;274;413;1;1274;473;7;0;0
FR;5;2021-12-24;761;18;9;0;103;14;0;0;0;12706;292;422;1;1377;487;7;0;0
FR;5;2021-12-25;61;5;2;0;9;3;0;0;0;12767;297;424;1;1386;490;7;0;0
FR;5;2021-12-26;623;6;3;0;101;4;0;0;0;13390;303;427;1;1487;494;7;0;0
FR;5;2021-12-27;4085;25;21;0;458;23;1;0;0;17475;328;448;1;1945;517;8;0;0
FR;5;2021-12-28;5204;23;41;1;512;43;2;0;0;22679;351;489;2;2457;560;10;0;0
FR;5;2021-12-29;8105;34;66;1;886;69;0;0;0;30784;385;555;3;3343;629;10;0;0
FR;5;2021-12-30;5173;18;33;0;525;39;0;0;0;35957;403;588;3;3868;668;10;0;0
FR;5;2021-12-31;1553;8;10;0;182;11;0;0;0;37510;411;598;3;4050;679;10;0;0
FR;5;2022-01-01;186;2;2;0;24;3;0;0;0;37696;413;600;3;4074;682;10;0;0
FR;5;2022-01-02;1490;1;1;0;152;1;0;0;0;39186;414;601;3;4226;683;10;0;0
FR;5;2022-01-03;3068;36;34;0;321;33;1;0;0;42254;450;635;3;4547;716;11;0;0
FR;5;2022-01-04;3034;39;33;0;320;42;3;0;0;45288;489;668;3;4867;758;14;0;0
FR;5;2022-01-05;19324;203;97;1;2114;108;0;0;0;64612;692;765;4;6981;866;14;0;0
FR;5;2022-01-06;3748;134;122;0;507;142;2;0;0;68360;826;887;4;7488;1008;16;0;0
FR;5;2022-01-07;5006;202;48;2;702;56;1;0;0;73366;1028;935;6;8190;1064;17;0;0
FR;5;2022-01-08;13659;514;45;0;1999;52;0;0;0;87025;1542;980;6;10189;1116;17;0;0
FR;5;2022-01-09;5754;399;15;0;1113;20;1;0;0;92779;1941;995;6;11302;1136;18;0;0
FR;5;2022-01-10;3455;326;25;0;732;29;0;0;0;96234;2267;1020;6;12034;1165;18;0;0
FR;5;2022-01-11;3671;284;38;0;662;41;1;0;0;99905;2551;1058;6;12696;1206;19;0;0
FR;5;2022-01-12;22650;3005;89;0;5296;112;2;0;0;122555;5556;1147;6;17992;1318;21;0;0
FR;5;2022-01-13;4039;623;29;0;1051;31;2;0;0;126594;6179;1176;6;19043;1349;23;0;0
FR;5;2022-01-14;4843;583;45;0;1115;52;1;0;0;131437;6762;1221;6;20158;1401;24;0;0
FR;5;2022-01-15;14686;1746;38;3;3374;49;3;0;0;146123;8508;1259;9;23532;1450;27;0;0
FR;5;2022-01-16;4728;666;3;0;1260;5;0;0;0;150851;9174;1262;9;24792;1455;27;0;0
FR;5;2022-01-17;2297;718;26;0;986;29;0;0;0;153148;9892;1288;9;25778;1484;27;0;0
FR;5;2022-01-18;2431;870;30;0;1141;40;0;0;0;155579;10762;1318;9;26919;1524;27;0;0
FR;5;2022-01-19;18482;6423;74;2;8364;142;3;0;0;174061;17185;1392;11;35283;1666;30;0;0
FR;5;2022-01-20;1920;1067;25;0;1295;34;2;0;0;175981;18252;1417;11;36578;1700;32;0;0
FR;5;2022-01-21;3077;1372;47;1;1676;59;2;0;0;179058;19624;1464;12;38254;1759;34;0;0
FR;5;2022-01-22;10720;3454;33;1;4670;43;1;0;0;189778;23078;1497;13;42924;1802;35;0;0
FR;5;2022-01-23;2629;1415;6;0;1788;10;0;0;0;192407;24493;1503;13;44712;1812;35;0;0
FR;5;2022-01-24;1161;1340;19;0;1446;23;1;0;0;193568;25833;1522;13;46158;1835;36;0;0
FR;5;2022-01-25;1220;1549;20;2;1682;31;3;0;0;194788;27382;1542;15;47840;1866;39;0;0
FR;5;2022-01-26;10748;12032;50;1;13299;89;1;0;1;205536;39414;1592;16;61139;1955;40;0;1
FR;5;2022-01-27;1291;1693;10;0;1838;17;0;0;0;206827;41107;1602;16;62977;1972;40;0;1
FR;5;2022-01-28;1699;3346;16;0;3566;19;1;0;0;208526;44453;1618;16;66543;1991;41;0;1
FR;5;2022-01-29;6241;8041;68;0;8855;96;2;0;0;214767;52494;1686;16;75398;2087;43;0;1
FR;5;2022-01-30;1509;2950;5;0;3185;18;0;0;0;216276;55444;1691;16;78583;2105;43;0;1
FR;5;2022-01-31;589;1773;23;0;1837;24;3;0;0;216865;57217;1714;16;80420;2129;46;0;1
FR;5;2022-02-01;712;1706;10;0;1791;15;0;0;0;217577;58923;1724;16;82211;2144;46;0;1
FR;5;2022-02-02;6958;15655;52;0;16603;94;0;0;0;224535;74578;1776;16;98814;2238;46;0;1
FR;5;2022-02-03;491;1691;14;0;1748;13;5;0;0;225026;76269;1790;16;100562;2251;51;0;1
FR;5;2022-02-04;945;3002;19;0;3123;31;0;0;0;225971;79271;1809;16;103685;2282;51;0;1
FR;5;2022-02-05;3535;8919;23;0;9517;37;0;0;0;229506;88190;1832;16;113202;2319;51;0;1
FR;5;2022-02-06;737;2397;10;0;2556;19;0;0;0;230243;90587;1842;16;115758;2338;51;0;1
FR;5;2022-02-07;884;1596;23;0;1715;25;2;0;0;231127;92183;1865;16;117473;2363;53;0;1
FR;5;2022-02-08;725;1287;18;0;1407;20;2;0;0;231852;93470;1883;16;118880;2383;55;0;1
FR;5;2022-02-09;4544;12880;44;0;13608;76;1;0;0;236396;106350;1927;16;132488;2459;56;0;1
FR;5;2022-02-10;646;1059;14;0;1166;15;0;0;0;237042;107409;1941;16;133654;2474;56;0;1
FR;5;2022-02-11;793;2032;16;0;2163;21;1;0;0;237835;109441;1957;16;135817;2495;57;0;1
FR;5;2022-02-12;2286;6812;33;0;7279;53;0;0;0;240121;116253;1990;16;143096;2548;57;0;1
FR;5;2022-02-13;464;1540;8;0;1653;8;1;0;0;240585;117793;1998;16;144749;2556;58;0;1
FR;5;2022-02-14;678;1288;10;0;1407;13;1;0;0;241263;119081;2008;16;146156;2569;59;0;1
FR;5;2022-02-15;482;886;9;0;968;14;1;0;0;241745;119967;2017;16;147124;2583;60;0;1
FR;5;2022-02-16;2980;9124;41;1;9676;58;2;0;0;244725;129091;2058;17;156800;2641;62;0;1
FR;5;2022-02-17;436;809;6;0;876;7;1;0;0;245161;129900;2064;17;157676;2648;63;0;1
FR;5;2022-02-18;649;1408;13;0;1535;17;0;0;0;245810;131308;2077;17;159211;2665;63;0;1
FR;5;2022-02-19;1373;4315;16;0;4623;28;0;0;0;247183;135623;2093;17;163834;2693;63;0;1
FR;5;2022-02-20;247;879;6;0;941;8;0;0;0;247430;136502;2099;17;164775;2701;63;0;1
FR;5;2022-02-21;221;607;2;0;661;4;1;0;0;247651;137109;2101;17;165436;2705;64;0;1
FR;5;2022-02-22;262;545;17;0;591;17;1;0;0;247913;137654;2118;17;166027;2722;65;0;1
FR;5;2022-02-23;1909;6926;23;1;7346;43;0;0;0;249822;144580;2141;18;173373;2765;65;0;1
FR;5;2022-02-24;182;374;6;1;421;7;1;0;0;250004;144954;2147;19;173794;2772;66;0;1
FR;5;2022-02-25;336;950;13;0;1027;12;2;0;0;250340;145904;2160;19;174821;2784;68;0;1
FR;5;2022-02-26;972;3071;11;0;3333;15;2;0;0;251312;148975;2171;19;178154;2799;70;0;1
FR;5;2022-02-27;151;506;0;0;549;3;0;0;0;251463;149481;2171;19;178703;2802;70;0;1
FR;5;2022-02-28;162;369;1;0;408;1;0;0;0;251625;149850;2172;19;179111;2803;70;0;1
FR;5;2022-03-01;130;280;6;0;315;7;1;0;0;251755;150130;2178;19;179426;2810;71;0;1
FR;5;2022-03-02;1242;4156;28;3;4497;40;3;0;0;252997;154286;2206;22;183923;2850;74;0;1
FR;5;2022-03-03;121;251;5;0;271;10;1;0;0;253118;154537;2211;22;184194;2860;75;0;1
FR;5;2022-03-04;197;488;13;0;538;14;2;0;0;253315;155025;2224;22;184732;2874;77;0;1
FR;5;2022-03-05;677;1990;8;0;2244;16;2;0;0;253992;157015;2232;22;186976;2890;79;0;1
FR;5;2022-03-06;108;260;0;0;310;0;0;0;0;254100;157275;2232;22;187286;2890;79;0;1
FR;5;2022-03-07;71;228;5;0;254;3;2;0;0;254171;157503;2237;22;187540;2893;81;0;1
FR;5;2022-03-08;46;134;7;1;141;8;3;0;0;254217;157637;2244;23;187681;2901;84;0;1
FR;5;2022-03-09;910;3078;24;0;3408;36;0;0;0;255127;160715;2268;23;191089;2937;84;0;1
FR;5;2022-03-10;82;202;9;0;215;13;3;0;0;255209;160917;2277;23;191304;2950;87;0;1
FR;5;2022-03-11;148;369;13;1;427;15;0;0;0;255357;161286;2290;24;191731;2965;87;0;1
FR;5;2022-03-12;758;1613;13;1;1976;30;0;0;0;256115;162899;2303;25;193707;2995;87;0;1
FR;5;2022-03-13;78;100;0;0;133;0;0;0;0;256193;162999;2303;25;193840;2995;87;0;1
FR;5;2022-03-14;67;119;7;1;139;7;1;0;0;256260;163118;2310;26;193979;3002;88;0;1
FR;5;2022-03-15;83;99;4;0;119;7;1;0;0;256343;163217;2314;26;194098;3009;89;0;1
FR;5;2022-03-16;882;1827;15;3;2227;36;7;0;0;257225;165044;2329;29;196325;3045;96;0;1
FR;5;2022-03-17;68;123;8;4;151;10;4;0;0;257293;165167;2337;33;196476;3055;100;0;1
FR;5;2022-03-18;172;318;13;4;390;18;4;0;0;257465;165485;2350;37;196866;3073;104;0;1
FR;5;2022-03-19;752;1163;12;5;1555;33;8;0;0;258217;166648;2362;42;198421;3106;112;0;1
FR;5;2022-03-20;45;93;1;0;119;1;0;0;0;258262;166741;2363;42;198540;3107;112;0;1
FR;5;2022-03-21;71;120;10;6;136;15;8;0;0;258333;166861;2373;48;198676;3122;120;0;1
FR;5;2022-03-22;56;119;8;7;143;9;6;0;0;258389;166980;2381;55;198819;3131;126;0;1
FR;5;2022-03-23;805;1461;14;8;1878;36;9;0;0;259194;168441;2395;63;200697;3167;135;0;1
FR;5;2022-03-24;71;93;8;7;118;7;10;0;0;259265;168534;2403;70;200815;3174;145;0;1
FR;5;2022-03-25;222;293;14;8;388;18;9;0;0;259487;168827;2417;78;201203;3192;154;0;1
FR;5;2022-03-26;707;853;12;5;1273;26;6;0;1;260194;169680;2429;83;202476;3218;160;0;2
FR;5;2022-03-27;75;81;0;0;124;3;0;0;0;260269;169761;2429;83;202600;3221;160;0;2
FR;5;2022-03-28;81;93;1;2;132;3;2;0;0;260350;169854;2430;85;202732;3224;162;0;2
FR;5;2022-03-29;71;82;10;4;113;12;5;0;0;260421;169936;2440;89;202845;3236;167;0;2
FR;5;2022-03-30;823;1116;16;13;1604;29;14;0;0;261244;171052;2456;102;204449;3265;181;0;2
FR;5;2022-03-31;102;125;1;4;173;6;4;0;0;261346;171177;2457;106;204622;3271;185;0;2
FR;5;2022-04-01;114;86;7;12;135;11;12;0;1;261460;171263;2464;118;204757;3282;197;0;3
FR;5;2022-04-02;330;349;3;3;535;15;4;0;0;261790;171612;2467;121;205292;3297;201;0;3
FR;5;2022-04-03;54;59;1;0;88;1;0;0;0;261844;171671;2468;121;205380;3298;201;0;3
FR;5;2022-04-04;40;57;4;1;70;8;2;0;0;261884;171728;2472;122;205450;3306;203;0;3
FR;5;2022-04-05;53;60;6;6;75;9;5;0;0;261937;171788;2478;128;205525;3315;208;0;3
FR;5;2022-04-06;421;439;7;14;678;16;14;0;0;262358;172227;2485;142;206203;3331;222;0;3
FR;5;2022-04-07;45;69;5;7;89;7;10;0;0;262403;172296;2490;149;206292;3338;232;0;3
FR;5;2022-04-08;134;112;12;13;174;14;15;0;0;262537;172408;2502;162;206466;3352;247;0;3
FR;5;2022-04-09;311;324;2;5;511;17;5;0;0;262848;172732;2504;167;206977;3369;252;0;3
FR;5;2022-04-10;44;31;2;0;61;2;1;0;0;262892;172763;2506;167;207038;3371;253;0;3
FR;5;2022-04-11;50;60;3;2;78;4;3;0;0;262942;172823;2509;169;207116;3375;256;0;3
FR;5;2022-04-12;59;54;3;3;78;5;3;0;0;263001;172877;2512;172;207194;3380;259;0;3
FR;5;2022-04-13;382;413;3;8;606;16;8;0;0;263383;173290;2515;180;207800;3396;267;0;3
FR;5;2022-04-14;48;53;5;5;70;9;3;0;0;263431;173343;2520;185;207870;3405;270;0;3
FR;5;2022-04-15;91;109;4;4;150;5;6;0;0;263522;173452;2524;189;208020;3410;276;0;3
FR;5;2022-04-16;188;184;2;1;265;13;1;0;0;263710;173636;2526;190;208285;3423;277;0;3
FR;5;2022-04-17;12;11;1;0;17;1;0;0;0;263722;173647;2527;190;208302;3424;277;0;3
FR;5;2022-04-18;9;10;2;0;11;3;1;0;0;263731;173657;2529;190;208313;3427;278;0;3
FR;5;2022-04-19;75;71;6;1;96;6;4;0;0;263806;173728;2535;191;208409;3433;282;0;3
FR;5;2022-04-20;361;349;9;6;522;12;7;0;0;264167;174077;2544;197;208931;3445;289;0;3
FR;5;2022-04-21;42;64;9;10;71;12;14;0;0;264209;174141;2553;207;209002;3457;303;0;3
FR;5;2022-04-22;113;96;5;4;144;5;5;0;0;264322;174237;2558;211;209146;3462;308;0;3
FR;5;2022-04-23;209;193;4;2;284;11;3;0;0;264531;174430;2562;213;209430;3473;311;0;3
FR;5;2022-04-24;37;35;0;0;50;3;0;0;0;264568;174465;2562;213;209480;3476;311;0;3
FR;5;2022-04-25;69;65;1;1;102;4;1;0;0;264637;174530;2563;214;209582;3480;312;0;3
FR;5;2022-04-26;60;63;2;1;85;5;1;0;0;264697;174593;2565;215;209667;3485;313;0;3
FR;5;2022-04-27;335;316;3;7;463;14;8;0;0;265032;174909;2568;222;210130;3499;321;0;3
FR;5;2022-04-28;81;54;4;5;81;8;7;0;0;265113;174963;2572;227;210211;3507;328;0;3
FR;5;2022-04-29;117;84;5;19;117;12;17;0;0;265230;175047;2577;246;210328;3519;345;0;3
FR;5;2022-04-30;183;114;2;3;184;10;4;0;0;265413;175161;2579;249;210512;3529;349;0;3
FR;5;2022-05-01;11;7;0;0;11;0;0;0;0;265424;175168;2579;249;210523;3529;349;0;3
FR;5;2022-05-02;52;28;4;5;48;2;7;0;0;265476;175196;2583;254;210571;3531;356;0;3
FR;5;2022-05-03;87;57;2;4;84;11;4;0;0;265563;175253;2585;258;210655;3542;360;0;3
FR;5;2022-05-04;278;205;1;2;324;7;2;0;0;265841;175458;2586;260;210979;3549;362;0;3
FR;5;2022-05-05;62;32;3;4;46;5;4;0;0;265903;175490;2589;264;211025;3554;366;0;3
FR;5;2022-05-06;105;65;2;3;106;5;3;0;0;266008;175555;2591;267;211131;3559;369;0;3
FR;5;2022-05-07;171;117;2;10;180;13;7;0;0;266179;175672;2593;277;211311;3572;376;0;3
FR;5;2022-05-08;8;8;0;0;9;2;0;0;0;266187;175680;2593;277;211320;3574;376;0;3
FR;5;2022-05-09;44;34;15;3;51;16;4;0;0;266231;175714;2608;280;211371;3590;380;0;3
FR;5;2022-05-10;54;49;3;4;67;5;5;0;0;266285;175763;2611;284;211438;3595;385;0;3
FR;5;2022-05-11;327;237;12;7;344;21;11;0;0;266612;176000;2623;291;211782;3616;396;0;3
FR;5;2022-05-12;46;34;2;2;47;2;3;0;0;266658;176034;2625;293;211829;3618;399;0;3
FR;5;2022-05-13;109;83;3;8;119;8;7;0;0;266767;176117;2628;301;211948;3626;406;0;3
FR;5;2022-05-14;209;131;0;1;212;8;0;0;0;266976;176248;2628;302;212160;3634;406;0;3
FR;5;2022-05-15;22;9;2;0;18;1;1;0;0;266998;176257;2630;302;212178;3635;407;0;3
FR;5;2022-05-16;52;34;4;5;53;4;5;0;0;267050;176291;2634;307;212231;3639;412;0;3
FR;5;2022-05-17;72;40;5;0;68;2;3;0;0;267122;176331;2639;307;212299;3641;415;0;3
FR;5;2022-05-18;289;215;4;4;330;8;6;0;0;267411;176546;2643;311;212629;3649;421;0;3
FR;5;2022-05-19;45;35;5;3;42;3;4;0;0;267456;176581;2648;314;212671;3652;425;0;3
FR;5;2022-05-20;76;63;3;10;92;1;11;0;0;267532;176644;2651;324;212763;3653;436;0;3
FR;5;2022-05-21;242;166;2;3;268;17;1;0;0;267774;176810;2653;327;213031;3670;437;0;3
FR;5;2022-05-22;20;14;2;5;20;2;6;0;0;267794;176824;2655;332;213051;3672;443;0;3
FR;5;2022-05-23;42;31;4;3;42;6;3;0;0;267836;176855;2659;335;213093;3678;446;0;3
FR;5;2022-05-24;47;45;3;2;60;5;2;0;0;267883;176900;2662;337;213153;3683;448;0;3
FR;5;2022-05-25;329;257;4;1;385;16;1;0;0;268212;177157;2666;338;213538;3699;449;0;3
FR;5;2022-05-26;17;5;0;1;9;2;0;0;1;268229;177162;2666;339;213547;3701;449;0;4
FR;5;2022-05-27;99;54;4;4;89;9;3;0;0;268328;177216;2670;343;213636;3710;452;0;4
FR;5;2022-05-28;100;78;5;3;106;10;3;0;0;268428;177294;2675;346;213742;3720;455;0;4
FR;5;2022-05-29;14;14;1;0;18;2;0;0;0;268442;177308;2676;346;213760;3722;455;0;4
FR;5;2022-05-30;56;41;2;1;54;2;2;0;0;268498;177349;2678;347;213814;3724;457;0;4
FR;5;2022-05-31;57;43;1;8;62;1;8;0;0;268555;177392;2679;355;213876;3725;465;0;4
FR;5;2022-06-01;257;241;9;2;301;25;5;0;0;268812;177633;2688;357;214177;3750;470;0;4
FR;5;2022-06-02;63;61;5;0;73;9;1;0;0;268875;177694;2693;357;214250;3759;471;0;4
FR;5;2022-06-03;82;71;4;5;88;10;6;0;0;268957;177765;2697;362;214338;3769;477;0;4
FR;5;2022-06-04;157;109;2;1;187;9;1;0;0;269114;177874;2699;363;214525;3778;478;0;4
FR;5;2022-06-05;18;11;0;0;21;1;0;0;0;269132;177885;2699;363;214546;3779;478;0;4
FR;5;2022-06-06;16;12;0;1;15;0;1;0;0;269148;177897;2699;364;214561;3779;479;0;4
FR;5;2022-06-07;50;56;1;1;76;2;1;0;0;269198;177953;2700;365;214637;3781;480;0;4
FR;5;2022-06-08;283;225;3;4;332;17;2;0;0;269481;178178;2703;369;214969;3798;482;0;4
FR;5;2022-06-09;52;41;6;3;57;7;2;0;1;269533;178219;2709;372;215026;3805;484;0;5
FR;5;2022-06-10;81;72;1;1;105;6;1;0;0;269614;178291;2710;373;215131;3811;485;0;5
FR;5;2022-06-11;173;141;3;3;202;10;4;0;0;269787;178432;2713;376;215333;3821;489;0;5
FR;5;2022-06-12;17;16;0;0;19;2;0;0;0;269804;178448;2713;376;215352;3823;489;0;5
FR;5;2022-06-13;56;47;9;3;70;10;6;0;0;269860;178495;2722;379;215422;3833;495;0;5
FR;5;2022-06-14;59;56;1;4;64;6;4;0;0;269919;178551;2723;383;215486;3839;499;0;5
FR;5;2022-06-15;266;260;5;2;363;27;1;0;0;270185;178811;2728;385;215849;3866;500;0;5
FR;5;2022-06-16;47;30;5;2;44;5;2;0;0;270232;178841;2733;387;215893;3871;502;0;5
FR;5;2022-06-17;100;67;5;5;102;10;5;0;0;270332;178908;2738;392;215995;3881;507;0;5
FR;5;2022-06-18;146;95;10;2;152;26;2;0;1;270478;179003;2748;394;216147;3907;509;0;6
FR;5;2022-06-19;26;15;0;1;18;4;1;0;0;270504;179018;2748;395;216165;3911;510;0;6
FR;5;2022-06-20;56;50;8;0;62;11;2;0;0;270560;179068;2756;395;216227;3922;512;0;6
FR;5;2022-06-21;52;73;5;3;90;7;5;0;1;270612;179141;2761;398;216317;3929;517;0;7
FR;5;2022-06-22;224;247;7;9;347;33;10;0;0;270836;179388;2768;407;216664;3962;527;0;7
FR;5;2022-06-23;50;38;2;5;43;6;6;0;0;270886;179426;2770;412;216707;3968;533;0;7
FR;5;2022-06-24;91;70;12;5;101;16;8;0;0;270977;179496;2782;417;216808;3984;541;0;7
FR;5;2022-06-25;154;124;3;7;185;14;8;0;1;271131;179620;2785;424;216993;3998;549;0;8
FR;5;2022-06-26;26;19;2;0;29;5;0;0;0;271157;179639;2787;424;217022;4003;549;0;8
FR;5;2022-06-27;57;60;5;7;78;11;9;0;0;271214;179699;2792;431;217100;4014;558;0;8
FR;5;2022-06-28;70;49;8;2;69;14;5;0;0;271284;179748;2800;433;217169;4028;563;0;8
FR;5;2022-06-29;297;268;9;21;391;34;23;0;0;271581;180016;2809;454;217560;4062;586;0;8
FR;5;2022-06-30;89;57;10;12;89;17;11;0;0;271670;180073;2819;466;217649;4079;597;0;8
FR;5;2022-07-01;127;65;7;11;118;12;11;0;2;271797;180138;2826;477;217767;4091;608;0;10
FR;5;2022-07-02;191;132;4;0;209;22;0;0;0;271988;180270;2830;477;217976;4113;608;0;10
FR;5;2022-07-03;30;25;1;0;36;4;0;0;0;272018;180295;2831;477;218012;4117;608;0;10
FR;5;2022-07-04;103;65;2;5;102;7;5;0;1;272121;180360;2833;482;218114;4124;613;0;11
FR;5;2022-07-05;104;72;3;8;107;13;8;0;1;272225;180432;2836;490;218221;4137;621;0;12
FR;5;2022-07-06;277;168;9;36;289;27;36;0;0;272502;180600;2845;526;218510;4164;657;0;12
FR;5;2022-07-07;88;69;6;9;89;13;11;0;0;272590;180669;2851;535;218599;4177;668;0;12
FR;5;2022-07-08;152;120;7;14;146;25;13;0;1;272742;180789;2858;549;218745;4202;681;0;13
FR;5;2022-07-09;116;68;1;8;100;10;8;0;0;272858;180857;2859;557;218845;4212;689;0;13
FR;5;2022-07-10;15;6;0;0;10;1;0;0;0;272873;180863;2859;557;218855;4213;689;0;13
FR;5;2022-07-11;92;72;10;2;98;19;3;0;0;272965;180935;2869;559;218953;4232;692;0;13
FR;5;2022-07-12;67;63;5;10;81;7;12;0;0;273032;180998;2874;569;219034;4239;704;0;13
FR;5;2022-07-13;169;118;10;19;196;16;23;0;0;273201;181116;2884;588;219230;4255;727;0;13
FR;5;2022-07-14;8;4;0;0;7;0;0;0;0;273209;181120;2884;588;219237;4255;727;0;13
FR;5;2022-07-15;74;66;5;14;86;15;15;0;0;273283;181186;2889;602;219323;4270;742;0;13
FR;5;2022-07-16;54;44;3;0;71;3;2;0;0;273337;181230;2892;602;219394;4273;744;0;13
FR;5;2022-07-17;10;7;3;0;10;2;2;0;0;273347;181237;2895;602;219404;4275;746;0;13
FR;5;2022-07-18;60;47;0;4;70;4;3;0;0;273407;181284;2895;606;219474;4279;749;0;13
FR;5;2022-07-19;63;42;5;3;63;7;4;0;0;273470;181326;2900;609;219537;4286;753;0;13
FR;5;2022-07-20;119;106;4;11;141;14;9;0;0;273589;181432;2904;620;219678;4300;762;0;13
FR;5;2022-07-21;38;43;2;10;52;5;10;0;0;273627;181475;2906;630;219730;4305;772;0;13
FR;5;2022-07-22;48;69;11;13;75;23;11;0;1;273675;181544;2917;643;219805;4328;783;0;14
FR;5;2022-07-23;59;78;2;1;95;11;2;0;0;273734;181622;2919;644;219900;4339;785;0;14
FR;5;2022-07-24;11;9;3;1;12;3;1;0;0;273745;181631;2922;645;219912;4342;786;0;14
FR;5;2022-07-25;53;48;2;7;57;8;8;0;0;273798;181679;2924;652;219969;4350;794;0;14
FR;5;2022-07-26;58;52;5;41;70;6;44;0;0;273856;181731;2929;693;220039;4356;838;0;14
FR;5;2022-07-27;106;118;4;4;161;13;4;0;0;273962;181849;2933;697;220200;4369;842;0;14
FR;5;2022-07-28;39;35;2;2;47;6;1;0;0;274001;181884;2935;699;220247;4375;843;0;14
FR;5;2022-07-29;56;74;3;14;90;8;10;0;0;274057;181958;2938;713;220337;4383;853;0;14
FR;5;2022-07-30;55;53;5;1;75;7;2;0;0;274112;182011;2943;714;220412;4390;855;0;14
FR;5;2022-07-31;7;11;1;0;13;1;0;0;0;274119;182022;2944;714;220425;4391;855;0;14
FR;5;2022-08-01;39;53;1;2;64;6;2;0;0;274158;182075;2945;716;220489;4397;857;0;14
FR;5;2022-08-02;32;43;8;7;47;8;7;0;1;274190;182118;2953;723;220536;4405;864;0;15
FR;5;2022-08-03;54;51;4;10;70;9;8;0;0;274244;182169;2957;733;220606;4414;872;0;15
FR;5;2022-08-04;20;18;1;6;22;1;6;0;0;274264;182187;2958;739;220628;4415;878;0;15
FR;5;2022-08-05;35;26;3;3;39;3;3;0;0;274299;182213;2961;742;220667;4418;881;0;15
FR;5;2022-08-06;23;26;1;0;31;1;0;0;0;274322;182239;2962;742;220698;4419;881;0;15
FR;5;2022-08-07;2;2;1;0;1;1;1;0;0;274324;182241;2963;742;220699;4420;882;0;15
FR;5;2022-08-08;26;19;1;2;24;2;1;0;0;274350;182260;2964;744;220723;4422;883;0;15
FR;5;2022-08-09;26;28;3;3;35;3;3;0;0;274376;182288;2967;747;220758;4425;886;0;15
FR;5;2022-08-10;47;47;2;0;56;5;0;0;0;274423;182335;2969;747;220814;4430;886;0;15
FR;5;2022-08-11;19;36;2;2;42;5;2;0;0;274442;182371;2971;749;220856;4435;888;0;15
FR;5;2022-08-12;27;28;2;0;39;2;0;0;0;274469;182399;2973;749;220895;4437;888;0;15
FR;5;2022-08-13;16;18;0;0;24;0;0;0;0;274485;182417;2973;749;220919;4437;888;0;15
FR;5;2022-08-14;2;3;0;0;4;0;0;0;0;274487;182420;2973;749;220923;4437;888;0;15
FR;5;2022-08-15;2;5;0;0;5;0;0;0;0;274489;182425;2973;749;220928;4437;888;0;15
FR;5;2022-08-16;33;26;3;0;28;6;0;0;0;274522;182451;2976;749;220956;4443;888;0;15
FR;5;2022-08-17;52;55;2;1;72;1;1;0;0;274574;182506;2978;750;221028;4444;889;0;15
FR;5;2022-08-18;26;18;8;17;25;10;16;0;0;274600;182524;2986;767;221053;4454;905;0;15
FR;5;2022-08-19;25;33;1;2;41;2;2;0;0;274625;182557;2987;769;221094;4456;907;0;15
FR;5;2022-08-20;25;27;2;1;33;4;2;0;0;274650;182584;2989;770;221127;4460;909;0;15
FR;5;2022-08-21;7;4;1;0;7;1;0;0;0;274657;182588;2990;770;221134;4461;909;0;15
FR;5;2022-08-22;39;26;1;6;42;2;5;0;1;274696;182614;2991;776;221176;4463;914;0;16
FR;5;2022-08-23;27;26;1;1;32;2;1;0;0;274723;182640;2992;777;221208;4465;915;0;16
FR;5;2022-08-24;50;43;0;0;62;0;0;0;0;274773;182683;2992;777;221270;4465;915;0;16
FR;5;2022-08-25;27;26;3;1;31;2;0;0;1;274800;182709;2995;778;221301;4467;915;0;17
FR;5;2022-08-26;48;39;7;2;58;5;4;0;0;274848;182748;3002;780;221359;4472;919;0;17
FR;5;2022-08-27;46;28;1;0;46;3;1;0;0;274894;182776;3003;780;221405;4475;920;0;17
FR;5;2022-08-28;5;6;0;0;6;0;0;0;0;274899;182782;3003;780;221411;4475;920;0;17
FR;5;2022-08-29;58;44;1;1;66;4;1;0;0;274957;182826;3004;781;221477;4479;921;0;17
FR;5;2022-08-30;45;23;12;29;40;10;30;0;1;275002;182849;3016;810;221517;4489;951;0;18
FR;5;2022-08-31;53;47;6;1;58;11;1;0;0;275055;182896;3022;811;221575;4500;952;0;18
FR;5;2022-09-01;16;8;1;4;13;1;4;0;0;275071;182904;3023;815;221588;4501;956;0;18
FR;5;2022-09-02;42;23;8;2;35;9;3;0;0;275113;182927;3031;817;221623;4510;959;0;18
FR;5;2022-09-03;69;37;2;0;58;2;0;0;0;275182;182964;3033;817;221681;4512;959;0;18
FR;5;2022-09-04;12;7;1;0;8;3;0;0;0;275194;182971;3034;817;221689;4515;959;0;18
FR;5;2022-09-05;7;4;1;0;4;1;0;0;0;275201;182975;3035;817;221693;4516;959;0;18
FR;5;2022-09-06;21;14;3;15;17;2;14;0;2;275222;182989;3038;832;221710;4518;973;0;20
FR;5;2022-09-07;79;53;1;1;76;3;1;0;0;275301;183042;3039;833;221786;4521;974;0;20
FR;5;2022-09-08;9;4;0;4;7;0;4;0;0;275310;183046;3039;837;221793;4521;978;0;20
FR;5;2022-09-09;40;11;9;2;14;10;3;0;0;275350;183057;3048;839;221807;4531;981;0;20
FR;5;2022-09-10;40;45;1;1;50;8;1;0;0;275390;183102;3049;840;221857;4539;982;0;20
FR;5;2022-09-11;3;3;0;0;3;1;0;0;0;275393;183105;3049;840;221860;4540;982;0;20
FR;5;2022-09-12;7;5;2;2;7;2;2;0;0;275400;183110;3051;842;221867;4542;984;0;20
FR;5;2022-09-13;9;6;0;1;4;3;1;0;0;275409;183116;3051;843;221871;4545;985;0;20
FR;5;2022-09-14;52;47;4;6;55;9;5;0;0;275461;183163;3055;849;221926;4554;990;0;20
FR;5;2022-09-15;11;13;2;3;11;5;3;0;0;275472;183176;3057;852;221937;4559;993;0;20
FR;5;2022-09-16;25;33;1;4;38;3;3;0;0;275497;183209;3058;856;221975;4562;996;0;20
FR;5;2022-09-17;60;43;1;1;51;5;1;0;0;275557;183252;3059;857;222026;4567;997;0;20
FR;5;2022-09-18;9;6;0;1;10;1;0;0;0;275566;183258;3059;858;222036;4568;997;0;20
FR;5;2022-09-19;22;17;2;1;20;5;2;0;0;275588;183275;3061;859;222056;4573;999;0;20
FR;5;2022-09-20;15;11;3;3;15;1;4;0;0;275603;183286;3064;862;222071;4574;1003;0;20
FR;5;2022-09-21;68;45;9;0;65;13;0;0;0;275671;183331;3073;862;222136;4587;1003;0;20
FR;5;2022-09-22;12;6;4;24;6;4;23;0;1;275683;183337;3077;886;222142;4591;1026;0;21
FR;5;2022-09-23;20;25;2;3;23;8;3;0;0;275703;183362;3079;889;222165;4599;1029;0;21
FR;5;2022-09-24;44;51;1;8;65;5;8;0;0;275747;183413;3080;897;222230;4604;1037;0;21
FR;5;2022-09-25;6;12;0;0;13;1;0;0;0;275753;183425;3080;897;222243;4605;1037;0;21
FR;5;2022-09-26;15;7;0;2;12;0;1;0;1;275768;183432;3080;899;222255;4605;1038;0;22
FR;5;2022-09-27;7;12;4;9;14;4;9;0;1;275775;183444;3084;908;222269;4609;1047;0;23
FR;5;2022-09-28;65;64;5;0;88;7;0;0;0;275840;183508;3089;908;222357;4616;1047;0;23
FR;5;2022-09-29;17;9;1;0;15;1;1;0;1;275857;183517;3090;908;222372;4617;1048;0;24
FR;5;2022-09-30;28;46;2;2;53;4;3;0;0;275885;183563;3092;910;222425;4621;1051;0;24
FR;5;2022-10-01;40;35;5;5;48;8;7;0;0;275925;183598;3097;915;222473;4629;1058;0;24
FR;5;2022-10-02;1;9;1;0;10;1;0;0;0;275926;183607;3098;915;222483;4630;1058;0;24
FR;5;2022-10-03;7;6;3;0;5;4;0;0;0;275933;183613;3101;915;222488;4634;1058;0;24
FR;5;2022-10-04;11;8;1;3;11;2;3;0;0;275944;183621;3102;918;222499;4636;1061;0;24
FR;5;2022-10-05;57;62;2;2;79;13;2;0;0;276001;183683;3104;920;222578;4649;1063;0;24
FR;5;2022-10-06;12;10;1;4;15;2;4;0;0;276013;183693;3105;924;222593;4651;1067;0;24
FR;5;2022-10-07;21;31;1;0;34;5;0;0;0;276034;183724;3106;924;222627;4656;1067;0;24
FR;5;2022-10-08;33;51;1;0;54;7;0;0;0;276067;183775;3107;924;222681;4663;1067;0;24
FR;5;2022-10-09;7;10;0;0;11;1;0;0;0;276074;183785;3107;924;222692;4664;1067;0;24
FR;5;2022-10-10;14;6;0;1;8;1;1;0;0;276088;183791;3107;925;222700;4665;1068;0;24
FR;5;2022-10-11;6;13;2;1;14;2;2;0;0;276094;183804;3109;926;222714;4667;1070;0;24
FR;5;2022-10-12;39;57;3;2;69;8;2;0;0;276133;183861;3112;928;222783;4675;1072;0;24
FR;5;2022-10-13;11;16;2;0;18;4;0;0;0;276144;183877;3114;928;222801;4679;1072;0;24
FR;5;2022-10-14;21;21;1;0;20;5;0;0;0;276165;183898;3115;928;222821;4684;1072;0;24
FR;5;2022-10-15;19;26;10;0;24;11;2;0;0;276184;183924;3125;928;222845;4695;1074;0;24
FR;5;2022-10-16;3;1;0;0;1;1;0;0;0;276187;183925;3125;928;222846;4696;1074;0;24
FR;5;2022-10-17;8;8;2;1;8;3;1;0;2;276195;183933;3127;929;222854;4699;1075;0;26
FR;5;2022-10-18;6;7;0;2;8;0;2;0;0;276201;183940;3127;931;222862;4699;1077;0;26
FR;5;2022-10-19;38;43;8;0;52;11;0;0;1;276239;183983;3135;931;222914;4710;1077;0;27
FR;5;2022-10-20;18;15;2;1;16;3;1;0;0;276257;183998;3137;932;222930;4713;1078;0;27
FR;5;2022-10-21;22;15;6;0;19;8;1;0;2;276279;184013;3143;932;222949;4721;1079;0;29
FR;5;2022-10-22;34;29;2;12;32;5;12;0;0;276313;184042;3145;944;222981;4726;1091;0;29
FR;5;2022-10-23;9;3;0;0;4;0;0;0;0;276322;184045;3145;944;222985;4726;1091;0;29
FR;5;2022-10-24;14;7;6;7;9;9;8;0;0;276336;184052;3151;951;222994;4735;1099;0;29
FR;5;2022-10-25;12;9;6;3;9;8;3;0;2;276348;184061;3157;954;223003;4743;1102;0;31
FR;5;2022-10-26;34;22;6;0;29;10;0;0;0;276382;184083;3163;954;223032;4753;1102;0;31
FR;5;2022-10-27;16;4;4;0;11;4;0;0;0;276398;184087;3167;954;223043;4757;1102;0;31
FR;5;2022-10-28;19;13;5;3;14;6;4;0;0;276417;184100;3172;957;223057;4763;1106;0;31
FR;5;2022-10-29;21;13;0;0;17;3;0;0;0;276438;184113;3172;957;223074;4766;1106;0;31
FR;5;2022-10-30;1;4;2;0;4;3;0;0;0;276439;184117;3174;957;223078;4769;1106;0;31
FR;5;2022-10-31;14;11;2;1;12;3;1;0;0;276453;184128;3176;958;223090;4772;1107;0;31
FR;5;2022-11-01;3;3;0;1;3;0;1;0;0;276456;184131;3176;959;223093;4772;1108;0;31
FR;5;2022-11-02;23;17;5;4;23;5;5;0;0;276479;184148;3181;963;223116;4777;1113;0;31
FR;5;2022-11-03;22;4;1;1;11;1;1;0;0;276501;184152;3182;964;223127;4778;1114;0;31
FR;5;2022-11-04;19;18;1;0;18;2;0;0;0;276520;184170;3183;964;223145;4780;1114;0;31
FR;5;2022-11-05;25;16;1;0;21;1;0;0;0;276545;184186;3184;964;223166;4781;1114;0;31
FR;5;2022-11-06;1;7;0;0;7;0;0;0;0;276546;184193;3184;964;223173;4781;1114;0;31
FR;5;2022-11-07;5;3;3;0;3;3;0;0;0;276551;184196;3187;964;223176;4784;1114;0;31
FR;5;2022-11-08;11;7;1;2;8;1;1;0;0;276562;184203;3188;966;223184;4785;1115;0;31
FR;5;2022-11-09;30;29;6;1;32;6;1;0;0;276592;184232;3194;967;223216;4791;1116;0;31
FR;5;2022-11-10;11;16;1;0;17;1;0;0;0;276603;184248;3195;967;223233;4792;1116;0;31
FR;5;2022-11-11;2;4;0;1;6;0;1;0;0;276605;184252;3195;968;223239;4792;1117;0;31
FR;5;2022-11-12;19;10;5;9;18;6;9;0;2;276624;184262;3200;977;223257;4798;1126;0;33
FR;5;2022-11-13;2;2;0;1;2;0;1;0;0;276626;184264;3200;978;223259;4798;1127;0;33
FR;5;2022-11-14;8;10;0;1;9;3;0;0;0;276634;184274;3200;979;223268;4801;1127;0;33
FR;5;2022-11-15;8;6;4;3;6;4;3;0;0;276642;184280;3204;982;223274;4805;1130;0;33
FR;5;2022-11-16;29;28;2;1;32;5;0;0;0;276671;184308;3206;983;223306;4810;1130;0;33
FR;5;2022-11-17;6;15;4;0;15;5;0;0;0;276677;184323;3210;983;223321;4815;1130;0;33
FR;5;2022-11-18;16;17;7;0;19;9;0;0;0;276693;184340;3217;983;223340;4824;1130;0;33
FR;5;2022-11-19;18;27;2;0;28;6;0;0;0;276711;184367;3219;983;223368;4830;1130;0;33
FR;5;2022-11-20;6;3;0;0;5;0;0;0;0;276717;184370;3219;983;223373;4830;1130;0;33
FR;5;2022-11-21;8;5;0;2;4;2;1;0;0;276725;184375;3219;985;223377;4832;1131;0;33
FR;5;2022-11-22;9;3;0;1;4;0;1;0;0;276734;184378;3219;986;223381;4832;1132;0;33
FR;5;2022-11-23;34;25;6;1;27;13;0;0;0;276768;184403;3225;987;223408;4845;1132;0;33
FR;5;2022-11-24;3;7;2;1;8;1;2;0;0;276771;184410;3227;988;223416;4846;1134;0;33
FR;5;2022-11-25;15;20;2;0;25;3;0;0;1;276786;184430;3229;988;223441;4849;1134;0;34
FR;5;2022-11-26;22;19;4;0;20;8;0;0;0;276808;184449;3233;988;223461;4857;1134;0;34
FR;5;2022-11-27;7;0;1;0;3;1;0;0;0;276815;184449;3234;988;223464;4858;1134;0;34
FR;5;2022-11-28;7;12;3;0;12;5;0;0;0;276822;184461;3237;988;223476;4863;1134;0;34
FR;5;2022-11-29;10;9;1;0;11;3;0;0;1;276832;184470;3238;988;223487;4866;1134;0;35
FR;5;2022-11-30;34;48;12;0;56;17;1;0;0;276866;184518;3250;988;223543;4883;1135;0;35
FR;5;2022-12-01;4;10;2;0;10;3;0;0;0;276870;184528;3252;988;223553;4886;1135;0;35
FR;5;2022-12-02;1;5;2;1;4;3;1;0;0;276871;184533;3254;989;223557;4889;1136;0;35
FR;5;2022-12-03;3;3;8;1;5;8;1;0;0;276874;184536;3262;990;223562;4897;1137;0;35
FR;5;2022-12-04;3;2;1;0;2;2;0;0;0;276877;184538;3263;990;223564;4899;1137;0;35
FR;5;2022-12-05;0;1;0;0;0;1;0;0;0;276877;184539;3263;990;223564;4900;1137;0;35
FR;5;2022-12-06;4;1;0;0;1;0;0;0;1;276881;184540;3263;990;223565;4900;1137;0;36
FR;5;2022-12-07;5;8;1;0;8;1;0;0;0;276886;184548;3264;990;223573;4901;1137;0;36
FR;5;2022-12-08;2;2;0;0;2;0;0;0;0;276888;184550;3264;990;223575;4901;1137;0;36
FR;5;2022-12-09;3;8;0;0;6;2;0;0;0;276891;184558;3264;990;223581;4903;1137;0;36
FR;5;2022-12-10;4;7;2;1;8;2;1;0;0;276895;184565;3266;991;223589;4905;1138;0;36
FR;5;2022-12-11;2;0;0;0;0;0;0;0;0;276897;184565;3266;991;223589;4905;1138;0;36
FR;5;2022-12-12;0;0;0;0;0;0;0;0;0;276897;184565;3266;991;223589;4905;1138;0;36
FR;5;2022-12-13;2;3;0;0;4;1;0;0;0;276899;184568;3266;991;223593;4906;1138;0;36
FR;5;2022-12-14;1;2;0;9;2;1;8;0;3;276900;184570;3266;1000;223595;4907;1146;0;39
FR;5;2022-12-15;0;2;0;0;2;0;0;0;0;276900;184572;3266;1000;223597;4907;1146;0;39
FR;5;2022-12-16;3;2;2;0;3;3;0;0;0;276903;184574;3268;1000;223600;4910;1146;0;39
FR;5;2022-12-17;3;3;3;0;3;2;1;0;0;276906;184577;3271;1000;223603;4912;1147;0;39
FR;5;2022-12-18;3;0;0;1;0;0;1;0;1;276909;184577;3271;1001;223603;4912;1148;0;40
FR;5;2022-12-19;1;0;0;2;0;0;2;0;0;276910;184577;3271;1003;223603;4912;1150;0;40
FR;5;2022-12-20;0;1;3;0;1;3;0;0;0;276910;184578;3274;1003;223604;4915;1150;0;40
FR;5;2022-12-21;2;4;0;0;4;0;0;0;0;276912;184582;3274;1003;223608;4915;1150;0;40
FR;5;2022-12-22;2;1;0;0;1;0;0;0;0;276914;184583;3274;1003;223609;4915;1150;0;40
FR;5;2022-12-23;3;1;1;0;1;1;0;0;0;276917;184584;3275;1003;223610;4916;1150;0;40
FR;5;2022-12-24;0;1;0;0;1;0;0;0;0;276917;184585;3275;1003;223611;4916;1150;0;40
FR;5;2022-12-25;0;1;2;0;0;3;0;0;0;276917;184586;3277;1003;223611;4919;1150;0;40
FR;5;2022-12-26;2;0;0;0;0;0;0;0;0;276919;184586;3277;1003;223611;4919;1150;0;40
FR;5;2022-12-27;0;3;0;0;3;0;0;0;0;276919;184589;3277;1003;223614;4919;1150;0;40
FR;5;2022-12-28;5;2;3;0;2;3;2;0;0;276924;184591;3280;1003;223616;4922;1152;0;40
FR;5;2022-12-29;3;2;2;0;3;2;0;0;0;276927;184593;3282;1003;223619;4924;1152;0;40
FR;5;2022-12-30;0;2;1;0;2;1;0;0;0;276927;184595;3283;1003;223621;4925;1152;0;40
FR;5;2022-12-31;0;0;0;0;0;0;0;0;0;276927;184595;3283;1003;223621;4925;1152;0;40
FR;5;2023-01-01;0;0;0;0;0;0;0;0;0;276927;184595;3283;1003;223621;4925;1152;0;40
FR;5;2023-01-02;1;1;1;0;1;1;0;0;0;276928;184596;3284;1003;223622;4926;1152;0;40
FR;5;2023-01-03;0;1;0;0;1;0;0;0;0;276928;184597;3284;1003;223623;4926;1152;0;40
FR;5;2023-01-04;6;1;1;0;2;1;0;0;0;276934;184598;3285;1003;223625;4927;1152;0;40
FR;5;2023-01-05;0;1;0;0;1;0;0;0;0;276934;184599;3285;1003;223626;4927;1152;0;40
FR;5;2023-01-06;2;1;1;0;1;1;0;0;0;276936;184600;3286;1003;223627;4928;1152;0;40
FR;5;2023-01-07;4;1;1;0;1;2;0;0;0;276940;184601;3287;1003;223628;4930;1152;0;40
FR;5;2023-01-08;2;2;0;0;2;0;0;0;0;276942;184603;3287;1003;223630;4930;1152;0;40
FR;5;2023-01-09;4;0;1;0;1;1;0;0;0;276946;184603;3288;1003;223631;4931;1152;0;40
FR;5;2023-01-10;3;1;0;0;2;0;0;0;0;276949;184604;3288;1003;223633;4931;1152;0;40
FR;5;2023-01-11;8;5;2;0;4;3;0;0;0;276957;184609;3290;1003;223637;4934;1152;0;40
FR;5;2023-01-12;11;6;4;0;6;6;0;0;0;276968;184615;3294;1003;223643;4940;1152;0;40
FR;5;2023-01-13;50;16;15;0;31;17;0;0;0;277018;184631;3309;1003;223674;4957;1152;0;40
FR;5;2023-01-14;55;33;10;1;33;17;1;0;0;277073;184664;3319;1004;223707;4974;1153;0;40
FR;5;2023-01-15;13;9;0;0;5;4;0;0;0;277086;184673;3319;1004;223712;4978;1153;0;40
FR;6;2020-12-27;0;0;0;0;0;0;0;0;0;0;0;0;0;0;0;0;0;0
FR;6;2020-12-28;0;0;0;0;0;0;0;0;0;0;0;0;0;0;0;0;0;0
FR;6;2020-12-29;0;0;0;0;0;0;0;0;0;0;0;0;0;0;0;0;0;0
FR;6;2020-12-30;0;0;0;0;0;0;0;0;0;0;0;0;0;0;0;0;0;0
FR;6;2020-12-31;0;0;0;0;0;0;0;0;0;0;0;0;0;0;0;0;0;0
FR;6;2021-01-01;0;0;0;0;0;0;0;0;0;0;0;0;0;0;0;0;0;0
FR;6;2021-01-02;0;0;0;0;0;0;0;0;0;0;0;0;0;0;0;0;0;0
FR;6;2021-01-03;0;0;0;0;0;0;0;0;0;0;0;0;0;0;0;0;0;0
FR;6;2021-01-04;0;0;0;0;0;0;0;0;0;0;0;0;0;0;0;0;0;0
FR;6;2021-01-05;0;0;0;0;0;0;0;0;0;0;0;0;0;0;0;0;0;0
FR;6;2021-01-06;0;0;0;0;0;0;0;0;0;0;0;0;0;0;0;0;0;0
FR;6;2021-01-07;0;0;0;0;0;0;0;0;0;0;0;0;0;0;0;0;0;0
FR;6;2021-01-08;0;0;0;0;0;0;0;0;0;0;0;0;0;0;0;0;0;0
FR;6;2021-01-09;0;0;0;0;0;0;0;0;0;0;0;0;0;0;0;0;0;0
FR;6;2021-01-10;0;0;0;0;0;0;0;0;0;0;0;0;0;0;0;0;0;0
FR;6;2021-01-11;0;0;0;0;0;0;0;0;0;0;0;0;0;0;0;0;0;0
FR;6;2021-01-12;0;0;0;0;0;0;0;0;0;0;0;0;0;0;0;0;0;0
FR;6;2021-01-13;0;0;0;0;0;0;0;0;0;0;0;0;0;0;0;0;0;0
FR;6;2021-01-14;0;0;0;0;0;0;0;0;0;0;0;0;0;0;0;0;0;0
FR;6;2021-01-15;0;0;0;0;0;0;0;0;0;0;0;0;0;0;0;0;0;0
FR;6;2021-01-16;0;0;0;0;0;0;0;0;0;0;0;0;0;0;0;0;0;0
FR;6;2021-01-17;0;0;0;0;0;0;0;0;0;0;0;0;0;0;0;0;0;0
FR;6;2021-01-18;0;0;0;0;0;0;0;0;0;0;0;0;0;0;0;0;0;0
FR;6;2021-01-19;0;0;0;0;0;0;0;0;0;0;0;0;0;0;0;0;0;0
FR;6;2021-01-20;0;0;0;0;0;0;0;0;0;0;0;0;0;0;0;0;0;0
FR;6;2021-01-21;0;0;0;0;0;0;0;0;0;0;0;0;0;0;0;0;0;0
FR;6;2021-01-22;0;0;0;0;0;0;0;0;0;0;0;0;0;0;0;0;0;0
FR;6;2021-01-23;0;0;0;0;0;0;0;0;0;0;0;0;0;0;0;0;0;0
FR;6;2021-01-24;0;0;0;0;0;0;0;0;0;0;0;0;0;0;0;0;0;0
FR;6;2021-01-25;0;0;0;0;0;0;0;0;0;0;0;0;0;0;0;0;0;0
FR;6;2021-01-26;0;0;0;0;0;0;0;0;0;0;0;0;0;0;0;0;0;0
FR;6;2021-01-27;0;0;0;0;0;0;0;0;0;0;0;0;0;0;0;0;0;0
FR;6;2021-01-28;0;0;0;0;0;0;0;0;0;0;0;0;0;0;0;0;0;0
FR;6;2021-01-29;0;0;0;0;0;0;0;0;0;0;0;0;0;0;0;0;0;0
FR;6;2021-01-30;0;0;0;0;0;0;0;0;0;0;0;0;0;0;0;0;0;0
FR;6;2021-01-31;0;0;0;0;0;0;0;0;0;0;0;0;0;0;0;0;0;0
FR;6;2021-02-01;0;0;0;0;0;0;0;0;0;0;0;0;0;0;0;0;0;0
FR;6;2021-02-02;0;0;0;0;0;0;0;0;0;0;0;0;0;0;0;0;0;0
FR;6;2021-02-03;0;0;0;0;0;0;0;0;0;0;0;0;0;0;0;0;0;0
FR;6;2021-02-04;0;0;0;0;0;0;0;0;0;0;0;0;0;0;0;0;0;0
FR;6;2021-02-05;0;0;0;0;0;0;0;0;0;0;0;0;0;0;0;0;0;0
FR;6;2021-02-06;0;0;0;0;0;0;0;0;0;0;0;0;0;0;0;0;0;0
FR;6;2021-02-07;0;0;0;0;0;0;0;0;0;0;0;0;0;0;0;0;0;0
FR;6;2021-02-08;0;0;0;0;0;0;0;0;0;0;0;0;0;0;0;0;0;0
FR;6;2021-02-09;0;0;0;0;0;0;0;0;0;0;0;0;0;0;0;0;0;0
FR;6;2021-02-10;0;0;0;0;0;0;0;0;0;0;0;0;0;0;0;0;0;0
FR;6;2021-02-11;0;0;0;0;0;0;0;0;0;0;0;0;0;0;0;0;0;0
FR;6;2021-02-12;0;0;0;0;0;0;0;0;0;0;0;0;0;0;0;0;0;0
FR;6;2021-02-13;0;0;0;0;0;0;0;0;0;0;0;0;0;0;0;0;0;0
FR;6;2021-02-14;0;0;0;0;0;0;0;0;0;0;0;0;0;0;0;0;0;0
FR;6;2021-02-15;0;0;0;0;0;0;0;0;0;0;0;0;0;0;0;0;0;0
FR;6;2021-02-16;0;0;0;0;0;0;0;0;0;0;0;0;0;0;0;0;0;0
FR;6;2021-02-17;0;0;0;0;0;0;0;0;0;0;0;0;0;0;0;0;0;0
FR;6;2021-02-18;0;0;0;0;0;0;0;0;0;0;0;0;0;0;0;0;0;0
FR;6;2021-02-19;0;0;0;0;0;0;0;0;0;0;0;0;0;0;0;0;0;0
FR;6;2021-02-20;0;0;0;0;0;0;0;0;0;0;0;0;0;0;0;0;0;0
FR;6;2021-02-21;0;0;0;0;0;0;0;0;0;0;0;0;0;0;0;0;0;0
FR;6;2021-02-22;0;0;0;0;0;0;0;0;0;0;0;0;0;0;0;0;0;0
FR;6;2021-02-23;0;0;0;0;0;0;0;0;0;0;0;0;0;0;0;0;0;0
FR;6;2021-02-24;0;0;0;0;0;0;0;0;0;0;0;0;0;0;0;0;0;0
FR;6;2021-02-25;0;0;0;0;0;0;0;0;0;0;0;0;0;0;0;0;0;0
FR;6;2021-02-26;0;0;0;0;0;0;0;0;0;0;0;0;0;0;0;0;0;0
FR;6;2021-02-27;0;0;0;0;0;0;0;0;0;0;0;0;0;0;0;0;0;0
FR;6;2021-02-28;0;0;0;0;0;0;0;0;0;0;0;0;0;0;0;0;0;0
FR;6;2021-03-01;0;0;0;0;0;0;0;0;0;0;0;0;0;0;0;0;0;0
FR;6;2021-03-02;0;0;0;0;0;0;0;0;0;0;0;0;0;0;0;0;0;0
FR;6;2021-03-03;0;0;0;0;0;0;0;0;0;0;0;0;0;0;0;0;0;0
FR;6;2021-03-04;0;0;0;0;0;0;0;0;0;0;0;0;0;0;0;0;0;0
FR;6;2021-03-05;0;0;0;0;0;0;0;0;0;0;0;0;0;0;0;0;0;0
FR;6;2021-03-06;0;0;0;0;0;0;0;0;0;0;0;0;0;0;0;0;0;0
FR;6;2021-03-07;0;0;0;0;0;0;0;0;0;0;0;0;0;0;0;0;0;0
FR;6;2021-03-08;0;0;0;0;0;0;0;0;0;0;0;0;0;0;0;0;0;0
FR;6;2021-03-09;0;0;0;0;0;0;0;0;0;0;0;0;0;0;0;0;0;0
FR;6;2021-03-10;0;0;0;0;0;0;0;0;0;0;0;0;0;0;0;0;0;0
FR;6;2021-03-11;0;0;0;0;0;0;0;0;0;0;0;0;0;0;0;0;0;0
FR;6;2021-03-12;0;0;0;0;0;0;0;0;0;0;0;0;0;0;0;0;0;0
FR;6;2021-03-13;0;0;0;0;0;0;0;0;0;0;0;0;0;0;0;0;0;0
FR;6;2021-03-14;0;0;0;0;0;0;0;0;0;0;0;0;0;0;0;0;0;0
FR;6;2021-03-15;0;0;0;0;0;0;0;0;0;0;0;0;0;0;0;0;0;0
FR;6;2021-03-16;0;0;0;0;0;0;0;0;0;0;0;0;0;0;0;0;0;0
FR;6;2021-03-17;0;0;0;0;0;0;0;0;0;0;0;0;0;0;0;0;0;0
FR;6;2021-03-18;0;0;0;0;0;0;0;0;0;0;0;0;0;0;0;0;0;0
FR;6;2021-03-19;0;0;0;0;0;0;0;0;0;0;0;0;0;0;0;0;0;0
FR;6;2021-03-20;0;0;0;0;0;0;0;0;0;0;0;0;0;0;0;0;0;0
FR;6;2021-03-21;0;0;0;0;0;0;0;0;0;0;0;0;0;0;0;0;0;0
FR;6;2021-03-22;0;0;0;0;0;0;0;0;0;0;0;0;0;0;0;0;0;0
FR;6;2021-03-23;0;0;0;0;0;0;0;0;0;0;0;0;0;0;0;0;0;0
FR;6;2021-03-24;0;0;0;0;0;0;0;0;0;0;0;0;0;0;0;0;0;0
FR;6;2021-03-25;0;0;0;0;0;0;0;0;0;0;0;0;0;0;0;0;0;0
FR;6;2021-03-26;0;0;0;0;0;0;0;0;0;0;0;0;0;0;0;0;0;0
FR;6;2021-03-27;0;0;0;0;0;0;0;0;0;0;0;0;0;0;0;0;0;0
FR;6;2021-03-28;0;0;0;0;0;0;0;0;0;0;0;0;0;0;0;0;0;0
FR;6;2021-03-29;0;0;0;0;0;0;0;0;0;0;0;0;0;0;0;0;0;0
FR;6;2021-03-30;0;0;0;0;0;0;0;0;0;0;0;0;0;0;0;0;0;0
FR;6;2021-03-31;0;0;0;0;0;0;0;0;0;0;0;0;0;0;0;0;0;0
FR;6;2021-04-01;0;0;0;0;0;0;0;0;0;0;0;0;0;0;0;0;0;0
FR;6;2021-04-02;0;0;0;0;0;0;0;0;0;0;0;0;0;0;0;0;0;0
FR;6;2021-04-03;0;0;0;0;0;0;0;0;0;0;0;0;0;0;0;0;0;0
FR;6;2021-04-04;0;0;0;0;0;0;0;0;0;0;0;0;0;0;0;0;0;0
FR;6;2021-04-05;0;0;0;0;0;0;0;0;0;0;0;0;0;0;0;0;0;0
FR;6;2021-04-06;0;0;0;0;0;0;0;0;0;0;0;0;0;0;0;0;0;0
FR;6;2021-04-07;0;0;0;0;0;0;0;0;0;0;0;0;0;0;0;0;0;0
FR;6;2021-04-08;0;0;0;0;0;0;0;0;0;0;0;0;0;0;0;0;0;0
FR;6;2021-04-09;0;0;0;0;0;0;0;0;0;0;0;0;0;0;0;0;0;0
FR;6;2021-04-10;0;0;0;0;0;0;0;0;0;0;0;0;0;0;0;0;0;0
FR;6;2021-04-11;0;0;0;0;0;0;0;0;0;0;0;0;0;0;0;0;0;0
FR;6;2021-04-12;0;0;0;0;0;0;0;0;0;0;0;0;0;0;0;0;0;0
FR;6;2021-04-13;0;0;0;0;0;0;0;0;0;0;0;0;0;0;0;0;0;0
FR;6;2021-04-14;0;0;0;0;0;0;0;0;0;0;0;0;0;0;0;0;0;0
FR;6;2021-04-15;0;0;0;0;0;0;0;0;0;0;0;0;0;0;0;0;0;0
FR;6;2021-04-16;0;0;0;0;0;0;0;0;0;0;0;0;0;0;0;0;0;0
FR;6;2021-04-17;0;0;0;0;0;0;0;0;0;0;0;0;0;0;0;0;0;0
FR;6;2021-04-18;0;0;0;0;0;0;0;0;0;0;0;0;0;0;0;0;0;0
FR;6;2021-04-19;0;0;0;0;0;0;0;0;0;0;0;0;0;0;0;0;0;0
FR;6;2021-04-20;0;0;0;0;0;0;0;0;0;0;0;0;0;0;0;0;0;0
FR;6;2021-04-21;0;0;0;0;0;0;0;0;0;0;0;0;0;0;0;0;0;0
FR;6;2021-04-22;0;0;0;0;0;0;0;0;0;0;0;0;0;0;0;0;0;0
FR;6;2021-04-23;0;0;0;0;0;0;0;0;0;0;0;0;0;0;0;0;0;0
FR;6;2021-04-24;0;0;0;0;0;0;0;0;0;0;0;0;0;0;0;0;0;0
FR;6;2021-04-25;0;0;0;0;0;0;0;0;0;0;0;0;0;0;0;0;0;0
FR;6;2021-04-26;0;0;0;0;0;0;0;0;0;0;0;0;0;0;0;0;0;0
FR;6;2021-04-27;0;0;0;0;0;0;0;0;0;0;0;0;0;0;0;0;0;0
FR;6;2021-04-28;0;0;0;0;0;0;0;0;0;0;0;0;0;0;0;0;0;0
FR;6;2021-04-29;0;0;0;0;0;0;0;0;0;0;0;0;0;0;0;0;0;0
FR;6;2021-04-30;0;0;0;0;0;0;0;0;0;0;0;0;0;0;0;0;0;0
FR;6;2021-05-01;0;0;0;0;0;0;0;0;0;0;0;0;0;0;0;0;0;0
FR;6;2021-05-02;0;0;0;0;0;0;0;0;0;0;0;0;0;0;0;0;0;0
FR;6;2021-05-03;0;0;0;0;0;0;0;0;0;0;0;0;0;0;0;0;0;0
FR;6;2021-05-04;0;0;0;0;0;0;0;0;0;0;0;0;0;0;0;0;0;0
FR;6;2021-05-05;0;0;0;0;0;0;0;0;0;0;0;0;0;0;0;0;0;0
FR;6;2021-05-06;0;0;0;0;0;0;0;0;0;0;0;0;0;0;0;0;0;0
FR;6;2021-05-07;0;0;0;0;0;0;0;0;0;0;0;0;0;0;0;0;0;0
FR;6;2021-05-08;0;0;0;0;0;0;0;0;0;0;0;0;0;0;0;0;0;0
FR;6;2021-05-09;0;0;0;0;0;0;0;0;0;0;0;0;0;0;0;0;0;0
FR;6;2021-05-10;0;0;0;0;0;0;0;0;0;0;0;0;0;0;0;0;0;0
FR;6;2021-05-11;0;0;0;0;0;0;0;0;0;0;0;0;0;0;0;0;0;0
FR;6;2021-05-12;0;0;0;0;0;0;0;0;0;0;0;0;0;0;0;0;0;0
FR;6;2021-05-13;0;0;0;0;0;0;0;0;0;0;0;0;0;0;0;0;0;0
FR;6;2021-05-14;0;0;0;0;0;0;0;0;0;0;0;0;0;0;0;0;0;0
FR;6;2021-05-15;0;0;0;0;0;0;0;0;0;0;0;0;0;0;0;0;0;0
FR;6;2021-05-16;0;0;0;0;0;0;0;0;0;0;0;0;0;0;0;0;0;0
FR;6;2021-05-17;0;0;0;0;0;0;0;0;0;0;0;0;0;0;0;0;0;0
FR;6;2021-05-18;0;0;0;0;0;0;0;0;0;0;0;0;0;0;0;0;0;0
FR;6;2021-05-19;0;0;0;0;0;0;0;0;0;0;0;0;0;0;0;0;0;0
FR;6;2021-05-20;0;0;0;0;0;0;0;0;0;0;0;0;0;0;0;0;0;0
FR;6;2021-05-21;0;0;0;0;0;0;0;0;0;0;0;0;0;0;0;0;0;0
FR;6;2021-05-22;0;0;0;0;0;0;0;0;0;0;0;0;0;0;0;0;0;0
FR;6;2021-05-23;0;0;0;0;0;0;0;0;0;0;0;0;0;0;0;0;0;0
FR;6;2021-05-24;0;0;0;0;0;0;0;0;0;0;0;0;0;0;0;0;0;0
FR;6;2021-05-25;0;0;0;0;0;0;0;0;0;0;0;0;0;0;0;0;0;0
FR;6;2021-05-26;0;0;0;0;0;0;0;0;0;0;0;0;0;0;0;0;0;0
FR;6;2021-05-27;0;0;0;0;0;0;0;0;0;0;0;0;0;0;0;0;0;0
FR;6;2021-05-28;0;0;0;0;0;0;0;0;0;0;0;0;0;0;0;0;0;0
FR;6;2021-05-29;0;0;0;0;0;0;0;0;0;0;0;0;0;0;0;0;0;0
FR;6;2021-05-30;0;0;0;0;0;0;0;0;0;0;0;0;0;0;0;0;0;0
FR;6;2021-05-31;0;0;0;0;0;0;0;0;0;0;0;0;0;0;0;0;0;0
FR;6;2021-06-01;0;0;0;0;0;0;0;0;0;0;0;0;0;0;0;0;0;0
FR;6;2021-06-02;0;0;0;0;0;0;0;0;0;0;0;0;0;0;0;0;0;0
FR;6;2021-06-03;0;0;0;0;0;0;0;0;0;0;0;0;0;0;0;0;0;0
FR;6;2021-06-04;0;0;0;0;0;0;0;0;0;0;0;0;0;0;0;0;0;0
FR;6;2021-06-05;0;0;0;0;0;0;0;0;0;0;0;0;0;0;0;0;0;0
FR;6;2021-06-06;0;0;0;0;0;0;0;0;0;0;0;0;0;0;0;0;0;0
FR;6;2021-06-07;0;0;0;0;0;0;0;0;0;0;0;0;0;0;0;0;0;0
FR;6;2021-06-08;0;0;0;0;0;0;0;0;0;0;0;0;0;0;0;0;0;0
FR;6;2021-06-09;0;0;0;0;0;0;0;0;0;0;0;0;0;0;0;0;0;0
FR;6;2021-06-10;0;0;0;0;0;0;0;0;0;0;0;0;0;0;0;0;0;0
FR;6;2021-06-11;0;0;0;0;0;0;0;0;0;0;0;0;0;0;0;0;0;0
FR;6;2021-06-12;0;0;0;0;0;0;0;0;0;0;0;0;0;0;0;0;0;0
FR;6;2021-06-13;0;0;0;0;0;0;0;0;0;0;0;0;0;0;0;0;0;0
FR;6;2021-06-14;0;0;0;0;0;0;0;0;0;0;0;0;0;0;0;0;0;0
FR;6;2021-06-15;0;0;0;0;0;0;0;0;0;0;0;0;0;0;0;0;0;0
FR;6;2021-06-16;0;0;0;0;0;0;0;0;0;0;0;0;0;0;0;0;0;0
FR;6;2021-06-17;0;0;0;0;0;0;0;0;0;0;0;0;0;0;0;0;0;0
FR;6;2021-06-18;0;0;0;0;0;0;0;0;0;0;0;0;0;0;0;0;0;0
FR;6;2021-06-19;0;0;0;0;0;0;0;0;0;0;0;0;0;0;0;0;0;0
FR;6;2021-06-20;0;0;0;0;0;0;0;0;0;0;0;0;0;0;0;0;0;0
FR;6;2021-06-21;0;0;0;0;0;0;0;0;0;0;0;0;0;0;0;0;0;0
FR;6;2021-06-22;0;0;0;0;0;0;0;0;0;0;0;0;0;0;0;0;0;0
FR;6;2021-06-23;0;0;0;0;0;0;0;0;0;0;0;0;0;0;0;0;0;0
FR;6;2021-06-24;0;0;0;0;0;0;0;0;0;0;0;0;0;0;0;0;0;0
FR;6;2021-06-25;0;0;0;0;0;0;0;0;0;0;0;0;0;0;0;0;0;0
FR;6;2021-06-26;0;0;0;0;0;0;0;0;0;0;0;0;0;0;0;0;0;0
FR;6;2021-06-27;0;0;0;0;0;0;0;0;0;0;0;0;0;0;0;0;0;0
FR;6;2021-06-28;0;0;0;0;0;0;0;0;0;0;0;0;0;0;0;0;0;0
FR;6;2021-06-29;0;0;0;0;0;0;0;0;0;0;0;0;0;0;0;0;0;0
FR;6;2021-06-30;0;0;0;0;0;0;0;0;0;0;0;0;0;0;0;0;0;0
FR;6;2021-07-01;0;0;0;0;0;0;0;0;0;0;0;0;0;0;0;0;0;0
FR;6;2021-07-02;0;0;0;0;0;0;0;0;0;0;0;0;0;0;0;0;0;0
FR;6;2021-07-03;0;0;0;0;0;0;0;0;0;0;0;0;0;0;0;0;0;0
FR;6;2021-07-04;0;0;0;0;0;0;0;0;0;0;0;0;0;0;0;0;0;0
FR;6;2021-07-05;0;0;0;0;0;0;0;0;0;0;0;0;0;0;0;0;0;0
FR;6;2021-07-06;0;0;0;0;0;0;0;0;0;0;0;0;0;0;0;0;0;0
FR;6;2021-07-07;0;0;0;0;0;0;0;0;0;0;0;0;0;0;0;0;0;0
FR;6;2021-07-08;0;0;0;0;0;0;0;0;0;0;0;0;0;0;0;0;0;0
FR;6;2021-07-09;0;0;0;0;0;0;0;0;0;0;0;0;0;0;0;0;0;0
FR;6;2021-07-10;0;0;0;0;0;0;0;0;0;0;0;0;0;0;0;0;0;0
FR;6;2021-07-11;0;0;0;0;0;0;0;0;0;0;0;0;0;0;0;0;0;0
FR;6;2021-07-12;0;0;0;0;0;0;0;0;0;0;0;0;0;0;0;0;0;0
FR;6;2021-07-13;0;0;0;0;0;0;0;0;0;0;0;0;0;0;0;0;0;0
FR;6;2021-07-14;0;0;0;0;0;0;0;0;0;0;0;0;0;0;0;0;0;0
FR;6;2021-07-15;0;0;0;0;0;0;0;0;0;0;0;0;0;0;0;0;0;0
FR;6;2021-07-16;0;0;0;0;0;0;0;0;0;0;0;0;0;0;0;0;0;0
FR;6;2021-07-17;0;0;0;0;0;0;0;0;0;0;0;0;0;0;0;0;0;0
FR;6;2021-07-18;0;0;0;0;0;0;0;0;0;0;0;0;0;0;0;0;0;0
FR;6;2021-07-19;0;0;0;0;0;0;0;0;0;0;0;0;0;0;0;0;0;0
FR;6;2021-07-20;0;0;0;0;0;0;0;0;0;0;0;0;0;0;0;0;0;0
FR;6;2021-07-21;0;0;0;0;0;0;0;0;0;0;0;0;0;0;0;0;0;0
FR;6;2021-07-22;0;0;0;0;0;0;0;0;0;0;0;0;0;0;0;0;0;0
FR;6;2021-07-23;0;0;0;0;0;0;0;0;0;0;0;0;0;0;0;0;0;0
FR;6;2021-07-24;0;0;0;0;0;0;0;0;0;0;0;0;0;0;0;0;0;0
FR;6;2021-07-25;0;0;0;0;0;0;0;0;0;0;0;0;0;0;0;0;0;0
FR;6;2021-07-26;0;0;0;0;0;0;0;0;0;0;0;0;0;0;0;0;0;0
FR;6;2021-07-27;0;0;0;0;0;0;0;0;0;0;0;0;0;0;0;0;0;0
FR;6;2021-07-28;0;0;0;0;0;0;0;0;0;0;0;0;0;0;0;0;0;0
FR;6;2021-07-29;0;0;0;0;0;0;0;0;0;0;0;0;0;0;0;0;0;0
FR;6;2021-07-30;0;0;0;0;0;0;0;0;0;0;0;0;0;0;0;0;0;0
FR;6;2021-07-31;0;0;0;0;0;0;0;0;0;0;0;0;0;0;0;0;0;0
FR;6;2021-08-01;0;0;0;0;0;0;0;0;0;0;0;0;0;0;0;0;0;0
FR;6;2021-08-02;0;0;0;0;0;0;0;0;0;0;0;0;0;0;0;0;0;0
FR;6;2021-08-03;0;0;0;0;0;0;0;0;0;0;0;0;0;0;0;0;0;0
FR;6;2021-08-04;0;0;0;0;0;0;0;0;0;0;0;0;0;0;0;0;0;0
FR;6;2021-08-05;0;0;0;0;0;0;0;0;0;0;0;0;0;0;0;0;0;0
FR;6;2021-08-06;0;0;0;0;0;0;0;0;0;0;0;0;0;0;0;0;0;0
FR;6;2021-08-07;0;0;0;0;0;0;0;0;0;0;0;0;0;0;0;0;0;0
FR;6;2021-08-08;0;0;0;0;0;0;0;0;0;0;0;0;0;0;0;0;0;0
FR;6;2021-08-09;0;0;0;0;0;0;0;0;0;0;0;0;0;0;0;0;0;0
FR;6;2021-08-10;0;0;0;0;0;0;0;0;0;0;0;0;0;0;0;0;0;0
FR;6;2021-08-11;0;0;0;0;0;0;0;0;0;0;0;0;0;0;0;0;0;0
FR;6;2021-08-12;0;0;0;0;0;0;0;0;0;0;0;0;0;0;0;0;0;0
FR;6;2021-08-13;0;0;0;0;0;0;0;0;0;0;0;0;0;0;0;0;0;0
FR;6;2021-08-14;0;0;0;0;0;0;0;0;0;0;0;0;0;0;0;0;0;0
FR;6;2021-08-15;0;0;0;0;0;0;0;0;0;0;0;0;0;0;0;0;0;0
FR;6;2021-08-16;0;0;0;0;0;0;0;0;0;0;0;0;0;0;0;0;0;0
FR;6;2021-08-17;0;0;0;0;0;0;0;0;0;0;0;0;0;0;0;0;0;0
FR;6;2021-08-18;0;0;0;0;0;0;0;0;0;0;0;0;0;0;0;0;0;0
FR;6;2021-08-19;0;0;0;0;0;0;0;0;0;0;0;0;0;0;0;0;0;0
FR;6;2021-08-20;0;0;0;0;0;0;0;0;0;0;0;0;0;0;0;0;0;0
FR;6;2021-08-21;0;0;0;0;0;0;0;0;0;0;0;0;0;0;0;0;0;0
FR;6;2021-08-22;0;0;0;0;0;0;0;0;0;0;0;0;0;0;0;0;0;0
FR;6;2021-08-23;0;0;0;0;0;0;0;0;0;0;0;0;0;0;0;0;0;0
FR;6;2021-08-24;0;0;0;0;0;0;0;0;0;0;0;0;0;0;0;0;0;0
FR;6;2021-08-25;0;0;0;0;0;0;0;0;0;0;0;0;0;0;0;0;0;0
FR;6;2021-08-26;0;0;0;0;0;0;0;0;0;0;0;0;0;0;0;0;0;0
FR;6;2021-08-27;0;0;0;0;0;0;0;0;0;0;0;0;0;0;0;0;0;0
FR;6;2021-08-28;0;0;0;0;0;0;0;0;0;0;0;0;0;0;0;0;0;0
FR;6;2021-08-29;0;0;0;0;0;0;0;0;0;0;0;0;0;0;0;0;0;0
FR;6;2021-08-30;0;0;0;0;0;0;0;0;0;0;0;0;0;0;0;0;0;0
FR;6;2021-08-31;0;0;0;0;0;0;0;0;0;0;0;0;0;0;0;0;0;0
FR;6;2021-09-01;0;0;0;0;0;0;0;0;0;0;0;0;0;0;0;0;0;0
FR;6;2021-09-02;0;0;0;0;0;0;0;0;0;0;0;0;0;0;0;0;0;0
FR;6;2021-09-03;0;0;0;0;0;0;0;0;0;0;0;0;0;0;0;0;0;0
FR;6;2021-09-04;0;0;0;0;0;0;0;0;0;0;0;0;0;0;0;0;0;0
FR;6;2021-09-05;0;0;0;0;0;0;0;0;0;0;0;0;0;0;0;0;0;0
FR;6;2021-09-06;0;0;0;0;0;0;0;0;0;0;0;0;0;0;0;0;0;0
FR;6;2021-09-07;0;0;0;0;0;0;0;0;0;0;0;0;0;0;0;0;0;0
FR;6;2021-09-08;0;0;0;0;0;0;0;0;0;0;0;0;0;0;0;0;0;0
FR;6;2021-09-09;0;0;0;0;0;0;0;0;0;0;0;0;0;0;0;0;0;0
FR;6;2021-09-10;0;0;0;0;0;0;0;0;0;0;0;0;0;0;0;0;0;0
FR;6;2021-09-11;0;0;0;0;0;0;0;0;0;0;0;0;0;0;0;0;0;0
FR;6;2021-09-12;0;0;0;0;0;0;0;0;0;0;0;0;0;0;0;0;0;0
FR;6;2021-09-13;0;0;0;0;0;0;0;0;0;0;0;0;0;0;0;0;0;0
FR;6;2021-09-14;0;0;0;0;0;0;0;0;0;0;0;0;0;0;0;0;0;0
FR;6;2021-09-15;0;0;0;0;0;0;0;0;0;0;0;0;0;0;0;0;0;0
FR;6;2021-09-16;0;0;0;0;0;0;0;0;0;0;0;0;0;0;0;0;0;0
FR;6;2021-09-17;0;0;0;0;0;0;0;0;0;0;0;0;0;0;0;0;0;0
FR;6;2021-09-18;0;0;0;0;0;0;0;0;0;0;0;0;0;0;0;0;0;0
FR;6;2021-09-19;0;0;0;0;0;0;0;0;0;0;0;0;0;0;0;0;0;0
FR;6;2021-09-20;0;0;0;0;0;0;0;0;0;0;0;0;0;0;0;0;0;0
FR;6;2021-09-21;0;0;0;0;0;0;0;0;0;0;0;0;0;0;0;0;0;0
FR;6;2021-09-22;0;0;0;0;0;0;0;0;0;0;0;0;0;0;0;0;0;0
FR;6;2021-09-23;0;0;0;0;0;0;0;0;0;0;0;0;0;0;0;0;0;0
FR;6;2021-09-24;0;0;0;0;0;0;0;0;0;0;0;0;0;0;0;0;0;0
FR;6;2021-09-25;0;0;0;0;0;0;0;0;0;0;0;0;0;0;0;0;0;0
FR;6;2021-09-26;0;0;0;0;0;0;0;0;0;0;0;0;0;0;0;0;0;0
FR;6;2021-09-27;0;0;0;0;0;0;0;0;0;0;0;0;0;0;0;0;0;0
FR;6;2021-09-28;0;0;0;0;0;0;0;0;0;0;0;0;0;0;0;0;0;0
FR;6;2021-09-29;0;0;0;0;0;0;0;0;0;0;0;0;0;0;0;0;0;0
FR;6;2021-09-30;0;0;0;0;0;0;0;0;0;0;0;0;0;0;0;0;0;0
FR;6;2021-10-01;0;0;0;0;0;0;0;0;0;0;0;0;0;0;0;0;0;0
FR;6;2021-10-02;0;0;0;0;0;0;0;0;0;0;0;0;0;0;0;0;0;0
FR;6;2021-10-03;0;0;0;0;0;0;0;0;0;0;0;0;0;0;0;0;0;0
FR;6;2021-10-04;0;0;0;0;0;0;0;0;0;0;0;0;0;0;0;0;0;0
FR;6;2021-10-05;0;0;0;0;0;0;0;0;0;0;0;0;0;0;0;0;0;0
FR;6;2021-10-06;0;0;0;0;0;0;0;0;0;0;0;0;0;0;0;0;0;0
FR;6;2021-10-07;0;0;0;0;0;0;0;0;0;0;0;0;0;0;0;0;0;0
FR;6;2021-10-08;0;0;0;0;0;0;0;0;0;0;0;0;0;0;0;0;0;0
FR;6;2021-10-09;0;0;0;0;0;0;0;0;0;0;0;0;0;0;0;0;0;0
FR;6;2021-10-10;0;0;0;0;0;0;0;0;0;0;0;0;0;0;0;0;0;0
FR;6;2021-10-11;0;0;0;0;0;0;0;0;0;0;0;0;0;0;0;0;0;0
FR;6;2021-10-12;0;0;0;0;0;0;0;0;0;0;0;0;0;0;0;0;0;0
FR;6;2021-10-13;0;0;0;0;0;0;0;0;0;0;0;0;0;0;0;0;0;0
FR;6;2021-10-14;0;0;0;0;0;0;0;0;0;0;0;0;0;0;0;0;0;0
FR;6;2021-10-15;0;0;0;0;0;0;0;0;0;0;0;0;0;0;0;0;0;0
FR;6;2021-10-16;0;0;0;0;0;0;0;0;0;0;0;0;0;0;0;0;0;0
FR;6;2021-10-17;0;0;0;0;0;0;0;0;0;0;0;0;0;0;0;0;0;0
FR;6;2021-10-18;0;0;0;0;0;0;0;0;0;0;0;0;0;0;0;0;0;0
FR;6;2021-10-19;0;0;0;0;0;0;0;0;0;0;0;0;0;0;0;0;0;0
FR;6;2021-10-20;0;0;0;0;0;0;0;0;0;0;0;0;0;0;0;0;0;0
FR;6;2021-10-21;0;0;0;0;0;0;0;0;0;0;0;0;0;0;0;0;0;0
FR;6;2021-10-22;0;0;0;0;0;0;0;0;0;0;0;0;0;0;0;0;0;0
FR;6;2021-10-23;0;0;0;0;0;0;0;0;0;0;0;0;0;0;0;0;0;0
FR;6;2021-10-24;0;0;0;0;0;0;0;0;0;0;0;0;0;0;0;0;0;0
FR;6;2021-10-25;0;0;0;0;0;0;0;0;0;0;0;0;0;0;0;0;0;0
FR;6;2021-10-26;0;0;0;0;0;0;0;0;0;0;0;0;0;0;0;0;0;0
FR;6;2021-10-27;0;0;0;0;0;0;0;0;0;0;0;0;0;0;0;0;0;0
FR;6;2021-10-28;0;0;0;0;0;0;0;0;0;0;0;0;0;0;0;0;0;0
FR;6;2021-10-29;0;0;0;0;0;0;0;0;0;0;0;0;0;0;0;0;0;0
FR;6;2021-10-30;0;0;0;0;0;0;0;0;0;0;0;0;0;0;0;0;0;0
FR;6;2021-10-31;0;0;0;0;0;0;0;0;0;0;0;0;0;0;0;0;0;0
FR;6;2021-11-01;0;0;0;0;0;0;0;0;0;0;0;0;0;0;0;0;0;0
FR;6;2021-11-02;0;0;0;0;0;0;0;0;0;0;0;0;0;0;0;0;0;0
FR;6;2021-11-03;0;0;0;0;0;0;0;0;0;0;0;0;0;0;0;0;0;0
FR;6;2021-11-04;0;0;0;0;0;0;0;0;0;0;0;0;0;0;0;0;0;0
FR;6;2021-11-05;0;0;0;0;0;0;0;0;0;0;0;0;0;0;0;0;0;0
FR;6;2021-11-06;0;0;0;0;0;0;0;0;0;0;0;0;0;0;0;0;0;0
FR;6;2021-11-07;0;0;0;0;0;0;0;0;0;0;0;0;0;0;0;0;0;0
FR;6;2021-11-08;0;0;0;0;0;0;0;0;0;0;0;0;0;0;0;0;0;0
FR;6;2021-11-09;0;0;0;0;0;0;0;0;0;0;0;0;0;0;0;0;0;0
FR;6;2021-11-10;0;0;0;0;0;0;0;0;0;0;0;0;0;0;0;0;0;0
FR;6;2021-11-11;0;0;0;0;0;0;0;0;0;0;0;0;0;0;0;0;0;0
FR;6;2021-11-12;0;0;0;0;0;0;0;0;0;0;0;0;0;0;0;0;0;0
FR;6;2021-11-13;0;0;0;0;0;0;0;0;0;0;0;0;0;0;0;0;0;0
FR;6;2021-11-14;0;0;0;0;0;0;0;0;0;0;0;0;0;0;0;0;0;0
FR;6;2021-11-15;0;0;0;0;0;0;0;0;0;0;0;0;0;0;0;0;0;0
FR;6;2021-11-16;0;0;0;0;0;0;0;0;0;0;0;0;0;0;0;0;0;0
FR;6;2021-11-17;0;0;0;0;0;0;0;0;0;0;0;0;0;0;0;0;0;0
FR;6;2021-11-18;0;0;0;0;0;0;0;0;0;0;0;0;0;0;0;0;0;0
FR;6;2021-11-19;0;0;0;0;0;0;0;0;0;0;0;0;0;0;0;0;0;0
FR;6;2021-11-20;0;0;0;0;0;0;0;0;0;0;0;0;0;0;0;0;0;0
FR;6;2021-11-21;0;0;0;0;0;0;0;0;0;0;0;0;0;0;0;0;0;0
FR;6;2021-11-22;0;0;0;0;0;0;0;0;0;0;0;0;0;0;0;0;0;0
FR;6;2021-11-23;0;0;0;0;0;0;0;0;0;0;0;0;0;0;0;0;0;0
FR;6;2021-11-24;0;0;0;0;0;0;0;0;0;0;0;0;0;0;0;0;0;0
FR;6;2021-11-25;0;0;0;0;0;0;0;0;0;0;0;0;0;0;0;0;0;0
FR;6;2021-11-26;0;0;0;0;0;0;0;0;0;0;0;0;0;0;0;0;0;0
FR;6;2021-11-27;0;0;0;0;0;0;0;0;0;0;0;0;0;0;0;0;0;0
FR;6;2021-11-28;0;0;0;0;0;0;0;0;0;0;0;0;0;0;0;0;0;0
FR;6;2021-11-29;0;0;0;0;0;0;0;0;0;0;0;0;0;0;0;0;0;0
FR;6;2021-11-30;0;0;0;0;0;0;0;0;0;0;0;0;0;0;0;0;0;0
FR;6;2021-12-01;0;0;0;0;0;0;0;0;0;0;0;0;0;0;0;0;0;0
FR;6;2021-12-02;0;0;0;0;0;0;0;0;0;0;0;0;0;0;0;0;0;0
FR;6;2021-12-03;0;0;0;0;0;0;0;0;0;0;0;0;0;0;0;0;0;0
FR;6;2021-12-04;0;0;0;0;0;0;0;0;0;0;0;0;0;0;0;0;0;0
FR;6;2021-12-05;0;0;0;0;0;0;0;0;0;0;0;0;0;0;0;0;0;0
FR;6;2021-12-06;0;0;0;0;0;0;0;0;0;0;0;0;0;0;0;0;0;0
FR;6;2021-12-07;0;0;0;0;0;0;0;0;0;0;0;0;0;0;0;0;0;0
FR;6;2021-12-08;0;0;0;0;0;0;0;0;0;0;0;0;0;0;0;0;0;0
FR;6;2021-12-09;0;0;0;0;0;0;0;0;0;0;0;0;0;0;0;0;0;0
FR;6;2021-12-10;0;0;0;0;0;0;0;0;0;0;0;0;0;0;0;0;0;0
FR;6;2021-12-11;0;0;0;0;0;0;0;0;0;0;0;0;0;0;0;0;0;0
FR;6;2021-12-12;0;0;0;0;0;0;0;0;0;0;0;0;0;0;0;0;0;0
FR;6;2021-12-13;0;0;0;0;0;0;0;0;0;0;0;0;0;0;0;0;0;0
FR;6;2021-12-14;0;0;0;0;0;0;0;0;0;0;0;0;0;0;0;0;0;0
FR;6;2021-12-15;0;0;0;0;0;0;0;0;0;0;0;0;0;0;0;0;0;0
FR;6;2021-12-16;0;0;0;0;0;0;0;0;0;0;0;0;0;0;0;0;0;0
FR;6;2021-12-17;0;0;0;0;0;0;0;0;0;0;0;0;0;0;0;0;0;0
FR;6;2021-12-18;0;0;0;0;0;0;0;0;0;0;0;0;0;0;0;0;0;0
FR;6;2021-12-19;0;0;0;0;0;0;0;0;0;0;0;0;0;0;0;0;0;0
FR;6;2021-12-20;0;0;0;0;0;0;0;0;0;0;0;0;0;0;0;0;0;0
FR;6;2021-12-21;0;0;0;0;0;0;0;0;0;0;0;0;0;0;0;0;0;0
FR;6;2021-12-22;0;0;0;0;0;0;0;0;0;0;0;0;0;0;0;0;0;0
FR;6;2021-12-23;0;0;0;0;0;0;0;0;0;0;0;0;0;0;0;0;0;0
FR;6;2021-12-24;0;0;0;0;0;0;0;0;0;0;0;0;0;0;0;0;0;0
FR;6;2021-12-25;0;0;0;0;0;0;0;0;0;0;0;0;0;0;0;0;0;0
FR;6;2021-12-26;0;0;0;0;0;0;0;0;0;0;0;0;0;0;0;0;0;0
FR;6;2021-12-27;0;0;0;0;0;0;0;0;0;0;0;0;0;0;0;0;0;0
FR;6;2021-12-28;0;0;0;0;0;0;0;0;0;0;0;0;0;0;0;0;0;0
FR;6;2021-12-29;0;0;0;0;0;0;0;0;0;0;0;0;0;0;0;0;0;0
FR;6;2021-12-30;0;0;0;0;0;0;0;0;0;0;0;0;0;0;0;0;0;0
FR;6;2021-12-31;0;0;0;0;0;0;0;0;0;0;0;0;0;0;0;0;0;0
FR;6;2022-01-01;0;0;0;0;0;0;0;0;0;0;0;0;0;0;0;0;0;0
FR;6;2022-01-02;0;0;0;0;0;0;0;0;0;0;0;0;0;0;0;0;0;0
FR;6;2022-01-03;0;0;0;0;0;0;0;0;0;0;0;0;0;0;0;0;0;0
FR;6;2022-01-04;0;0;0;0;0;0;0;0;0;0;0;0;0;0;0;0;0;0
FR;6;2022-01-05;0;0;0;0;0;0;0;0;0;0;0;0;0;0;0;0;0;0
FR;6;2022-01-06;0;0;0;0;0;0;0;0;0;0;0;0;0;0;0;0;0;0
FR;6;2022-01-07;0;0;0;0;0;0;0;0;0;0;0;0;0;0;0;0;0;0
FR;6;2022-01-08;0;0;0;0;0;0;0;0;0;0;0;0;0;0;0;0;0;0
FR;6;2022-01-09;0;0;0;0;0;0;0;0;0;0;0;0;0;0;0;0;0;0
FR;6;2022-01-10;0;0;0;0;0;0;0;0;0;0;0;0;0;0;0;0;0;0
FR;6;2022-01-11;0;0;0;0;0;0;0;0;0;0;0;0;0;0;0;0;0;0
FR;6;2022-01-12;0;0;0;0;0;0;0;0;0;0;0;0;0;0;0;0;0;0
FR;6;2022-01-13;0;0;0;0;0;0;0;0;0;0;0;0;0;0;0;0;0;0
FR;6;2022-01-14;0;0;0;0;0;0;0;0;0;0;0;0;0;0;0;0;0;0
FR;6;2022-01-15;0;0;0;0;0;0;0;0;0;0;0;0;0;0;0;0;0;0
FR;6;2022-01-16;0;0;0;0;0;0;0;0;0;0;0;0;0;0;0;0;0;0
FR;6;2022-01-17;0;0;0;0;0;0;0;0;0;0;0;0;0;0;0;0;0;0
FR;6;2022-01-18;0;0;0;0;0;0;0;0;0;0;0;0;0;0;0;0;0;0
FR;6;2022-01-19;0;0;0;0;0;0;0;0;0;0;0;0;0;0;0;0;0;0
FR;6;2022-01-20;0;0;0;0;0;0;0;0;0;0;0;0;0;0;0;0;0;0
FR;6;2022-01-21;0;0;0;0;0;0;0;0;0;0;0;0;0;0;0;0;0;0
FR;6;2022-01-22;0;0;0;0;0;0;0;0;0;0;0;0;0;0;0;0;0;0
FR;6;2022-01-23;0;0;0;0;0;0;0;0;0;0;0;0;0;0;0;0;0;0
FR;6;2022-01-24;0;0;0;0;0;0;0;0;0;0;0;0;0;0;0;0;0;0
FR;6;2022-01-25;0;0;0;0;0;0;0;0;0;0;0;0;0;0;0;0;0;0
FR;6;2022-01-26;0;0;0;0;0;0;0;0;0;0;0;0;0;0;0;0;0;0
FR;6;2022-01-27;0;0;0;0;0;0;0;0;0;0;0;0;0;0;0;0;0;0
FR;6;2022-01-28;0;0;0;0;0;0;0;0;0;0;0;0;0;0;0;0;0;0
FR;6;2022-01-29;0;0;0;0;0;0;0;0;0;0;0;0;0;0;0;0;0;0
FR;6;2022-01-30;0;0;0;0;0;0;0;0;0;0;0;0;0;0;0;0;0;0
FR;6;2022-01-31;0;0;0;0;0;0;0;0;0;0;0;0;0;0;0;0;0;0
FR;6;2022-02-01;0;0;0;0;0;0;0;0;0;0;0;0;0;0;0;0;0;0
FR;6;2022-02-02;0;0;0;0;0;0;0;0;0;0;0;0;0;0;0;0;0;0
FR;6;2022-02-03;0;0;0;0;0;0;0;0;0;0;0;0;0;0;0;0;0;0
FR;6;2022-02-04;0;0;0;0;0;0;0;0;0;0;0;0;0;0;0;0;0;0
FR;6;2022-02-05;0;0;0;0;0;0;0;0;0;0;0;0;0;0;0;0;0;0
FR;6;2022-02-06;0;0;0;0;0;0;0;0;0;0;0;0;0;0;0;0;0;0
FR;6;2022-02-07;0;0;0;0;0;0;0;0;0;0;0;0;0;0;0;0;0;0
FR;6;2022-02-08;0;0;0;0;0;0;0;0;0;0;0;0;0;0;0;0;0;0
FR;6;2022-02-09;0;0;0;0;0;0;0;0;0;0;0;0;0;0;0;0;0;0
FR;6;2022-02-10;0;0;0;0;0;0;0;0;0;0;0;0;0;0;0;0;0;0
FR;6;2022-02-11;0;0;0;0;0;0;0;0;0;0;0;0;0;0;0;0;0;0
FR;6;2022-02-12;0;0;0;0;0;0;0;0;0;0;0;0;0;0;0;0;0;0
FR;6;2022-02-13;0;0;0;0;0;0;0;0;0;0;0;0;0;0;0;0;0;0
FR;6;2022-02-14;0;0;0;0;0;0;0;0;0;0;0;0;0;0;0;0;0;0
FR;6;2022-02-15;0;0;0;0;0;0;0;0;0;0;0;0;0;0;0;0;0;0
FR;6;2022-02-16;0;0;0;0;0;0;0;0;0;0;0;0;0;0;0;0;0;0
FR;6;2022-02-17;0;0;0;0;0;0;0;0;0;0;0;0;0;0;0;0;0;0
FR;6;2022-02-18;0;0;0;0;0;0;0;0;0;0;0;0;0;0;0;0;0;0
FR;6;2022-02-19;0;0;0;0;0;0;0;0;0;0;0;0;0;0;0;0;0;0
FR;6;2022-02-20;0;0;0;0;0;0;0;0;0;0;0;0;0;0;0;0;0;0
FR;6;2022-02-21;0;0;0;0;0;0;0;0;0;0;0;0;0;0;0;0;0;0
FR;6;2022-02-22;0;0;0;0;0;0;0;0;0;0;0;0;0;0;0;0;0;0
FR;6;2022-02-23;0;0;0;0;0;0;0;0;0;0;0;0;0;0;0;0;0;0
FR;6;2022-02-24;0;0;0;0;0;0;0;0;0;0;0;0;0;0;0;0;0;0
FR;6;2022-02-25;0;0;0;0;0;0;0;0;0;0;0;0;0;0;0;0;0;0
FR;6;2022-02-26;1;0;0;0;0;0;0;0;0;1;0;0;0;0;0;0;0;0
FR;6;2022-02-27;0;0;0;0;0;0;0;0;0;1;0;0;0;0;0;0;0;0
FR;6;2022-02-28;0;0;0;0;0;0;0;0;0;1;0;0;0;0;0;0;0;0
FR;6;2022-03-01;3;0;0;0;0;0;0;0;0;4;0;0;0;0;0;0;0;0
FR;6;2022-03-02;97;9;2;0;15;7;0;0;0;101;9;2;0;15;7;0;0;0
FR;6;2022-03-03;0;0;0;0;0;0;0;0;0;101;9;2;0;15;7;0;0;0
FR;6;2022-03-04;92;4;0;0;8;4;0;0;0;193;13;2;0;23;11;0;0;0
FR;6;2022-03-05;391;23;2;0;60;14;0;0;0;584;36;4;0;83;25;0;0;0
FR;6;2022-03-06;7;1;0;0;2;0;0;0;0;591;37;4;0;85;25;0;0;0
FR;6;2022-03-07;337;19;0;0;51;13;0;0;0;928;56;4;0;136;38;0;0;0
FR;6;2022-03-08;230;14;0;0;47;5;0;0;0;1158;70;4;0;183;43;0;0;0
FR;6;2022-03-09;519;29;2;0;84;21;1;0;0;1677;99;6;0;267;64;1;0;0
FR;6;2022-03-10;206;19;0;1;54;12;1;0;0;1883;118;6;1;321;76;2;0;0
FR;6;2022-03-11;331;22;6;0;53;21;0;0;0;2214;140;12;1;374;97;2;0;0
FR;6;2022-03-12;518;25;1;0;83;20;0;0;0;2732;165;13;1;457;117;2;0;0
FR;6;2022-03-13;40;2;0;0;2;1;0;0;0;2772;167;13;1;459;118;2;0;0
FR;6;2022-03-14;201;4;2;0;39;3;1;0;0;2973;171;15;1;498;121;3;0;0
FR;6;2022-03-15;112;11;2;0;28;9;0;0;0;3085;182;17;1;526;130;3;0;0
FR;6;2022-03-16;310;17;2;1;49;15;1;0;0;3395;199;19;2;575;145;4;0;0
FR;6;2022-03-17;117;6;1;2;14;4;2;0;0;3512;205;20;4;589;149;6;0;0
FR;6;2022-03-18;215;10;0;0;40;6;0;0;0;3727;215;20;4;629;155;6;0;0
FR;6;2022-03-19;307;19;2;0;89;9;0;0;0;4034;234;22;4;718;164;6;0;0
FR;6;2022-03-20;15;5;0;0;5;1;0;0;0;4049;239;22;4;723;165;6;0;0
FR;6;2022-03-21;132;23;1;0;47;4;0;0;0;4181;262;23;4;770;169;6;0;0
FR;6;2022-03-22;97;15;0;0;34;4;0;0;0;4278;277;23;4;804;173;6;0;0
FR;6;2022-03-23;226;108;3;0;154;14;1;0;0;4504;385;26;4;958;187;7;0;0
FR;6;2022-03-24;100;15;1;3;32;4;3;0;0;4604;400;27;7;990;191;10;0;0
FR;6;2022-03-25;203;141;2;1;179;15;2;0;0;4807;541;29;8;1169;206;12;0;0
FR;6;2022-03-26;331;295;7;1;384;19;1;0;0;5138;836;36;9;1553;225;13;0;0
FR;6;2022-03-27;32;30;1;0;37;1;1;0;0;5170;866;37;9;1590;226;14;0;0
FR;6;2022-03-28;201;208;8;1;234;17;3;0;0;5371;1074;45;10;1824;243;17;0;0
FR;6;2022-03-29;124;189;12;2;206;12;9;0;0;5495;1263;57;12;2030;255;26;0;0
FR;6;2022-03-30;305;476;10;2;548;22;6;0;0;5800;1739;67;14;2578;277;32;0;0
FR;6;2022-03-31;123;140;10;0;160;14;5;0;0;5923;1879;77;14;2738;291;37;0;0
FR;6;2022-04-01;195;150;11;2;178;23;3;0;0;6118;2029;88;16;2916;314;40;0;0
FR;6;2022-04-02;206;241;9;1;280;13;8;0;0;6324;2270;97;17;3196;327;48;0;0
FR;6;2022-04-03;17;21;0;0;26;1;0;0;0;6341;2291;97;17;3222;328;48;0;0
FR;6;2022-04-04;137;114;6;1;131;9;5;0;0;6478;2405;103;18;3353;337;53;0;0
FR;6;2022-04-05;146;88;15;1;105;11;8;0;0;6624;2493;118;19;3458;348;61;0;0
FR;6;2022-04-06;204;245;22;26;291;27;33;0;0;6828;2738;140;45;3749;375;94;0;0
FR;6;2022-04-07;127;96;15;9;115;17;14;0;0;6955;2834;155;54;3864;392;108;0;0
FR;6;2022-04-08;199;171;16;3;214;17;9;0;1;7154;3005;171;57;4078;409;117;0;1
FR;6;2022-04-09;145;139;6;12;171;13;4;0;0;7299;3144;177;69;4249;422;121;0;1
FR;6;2022-04-10;10;20;3;0;25;1;3;0;0;7309;3164;180;69;4274;423;124;0;1
FR;6;2022-04-11;101;106;4;0;128;5;3;0;0;7410;3270;184;69;4402;428;127;0;1
FR;6;2022-04-12;136;75;5;8;114;10;10;0;0;7546;3345;189;77;4516;438;137;0;1
FR;6;2022-04-13;162;175;7;5;208;13;8;0;0;7708;3520;196;82;4724;451;145;0;1
FR;6;2022-04-14;100;103;5;10;121;8;10;0;0;7808;3623;201;92;4845;459;155;0;1
FR;6;2022-04-15;158;149;11;7;167;19;14;0;1;7966;3772;212;99;5012;478;169;0;2
FR;6;2022-04-16;127;132;5;0;162;14;2;0;0;8093;3904;217;99;5174;492;171;0;2
FR;6;2022-04-17;8;9;4;0;10;4;0;0;0;8101;3913;221;99;5184;496;171;0;2
FR;6;2022-04-18;8;15;3;0;14;4;0;0;0;8109;3928;224;99;5198;500;171;0;2
FR;6;2022-04-19;97;112;4;3;130;3;7;0;0;8206;4040;228;102;5328;503;178;0;2
FR;6;2022-04-20;178;227;8;7;269;15;3;0;0;8384;4267;236;109;5597;518;181;0;2
FR;6;2022-04-21;111;93;8;4;110;11;7;0;0;8495;4360;244;113;5707;529;188;0;2
FR;6;2022-04-22;138;160;13;12;189;13;13;0;0;8633;4520;257;125;5896;542;201;0;2
FR;6;2022-04-23;106;129;1;1;161;7;1;0;0;8739;4649;258;126;6057;549;202;0;2
FR;6;2022-04-24;5;21;1;0;22;0;1;0;0;8744;4670;259;126;6079;549;203;0;2
FR;6;2022-04-25;90;128;3;8;150;11;9;0;0;8834;4798;262;134;6229;560;212;0;2
FR;6;2022-04-26;101;128;19;2;151;17;13;0;0;8935;4926;281;136;6380;577;225;0;2
FR;6;2022-04-27;197;159;21;1;222;27;11;0;1;9132;5085;302;137;6602;604;236;0;3
FR;6;2022-04-28;109;87;7;1;123;8;7;0;0;9241;5172;309;138;6725;612;243;0;3
FR;6;2022-04-29;191;169;16;2;215;20;6;0;0;9432;5341;325;140;6940;632;249;0;3
FR;6;2022-04-30;133;125;7;1;168;24;2;0;0;9565;5466;332;141;7108;656;251;0;3
FR;6;2022-05-01;7;6;0;0;8;0;0;0;0;9572;5472;332;141;7116;656;251;0;3
FR;6;2022-05-02;94;65;3;4;88;3;4;0;0;9666;5537;335;145;7204;659;255;0;3
FR;6;2022-05-03;136;93;11;2;125;7;9;0;0;9802;5630;346;147;7329;666;264;0;3
FR;6;2022-05-04;167;118;25;12;161;29;12;0;1;9969;5748;371;159;7490;695;276;0;4
FR;6;2022-05-05;101;70;8;3;96;12;6;0;0;10070;5818;379;162;7586;707;282;0;4
FR;6;2022-05-06;152;110;10;9;155;16;11;0;0;10222;5928;389;171;7741;723;293;0;4
FR;6;2022-05-07;139;93;13;3;136;23;8;0;0;10361;6021;402;174;7877;746;301;0;4
FR;6;2022-05-08;20;8;6;5;16;7;5;0;0;10381;6029;408;179;7893;753;306;0;4
FR;6;2022-05-09;86;78;9;7;95;13;6;0;0;10467;6107;417;186;7988;766;312;0;4
FR;6;2022-05-10;112;80;15;7;110;12;13;0;0;10579;6187;432;193;8098;778;325;0;4
FR;6;2022-05-11;130;124;11;14;163;20;6;0;0;10709;6311;443;207;8261;798;331;0;4
FR;6;2022-05-12;105;76;7;5;96;15;6;0;1;10814;6387;450;212;8357;813;337;0;5
FR;6;2022-05-13;155;97;17;21;137;22;16;0;0;10969;6484;467;233;8494;835;353;0;5
FR;6;2022-05-14;81;60;6;7;84;15;2;0;0;11050;6544;473;240;8578;850;355;0;5
FR;6;2022-05-15;12;7;0;0;14;0;0;0;0;11062;6551;473;240;8592;850;355;0;5
FR;6;2022-05-16;65;54;6;2;69;12;3;0;0;11127;6605;479;242;8661;862;358;0;5
FR;6;2022-05-17;123;77;5;7;92;11;8;0;0;11250;6682;484;249;8753;873;366;0;5
FR;6;2022-05-18;131;116;5;1;159;13;3;0;0;11381;6798;489;250;8912;886;369;0;5
FR;6;2022-05-19;124;57;6;8;96;9;8;0;0;11505;6855;495;258;9008;895;377;0;5
FR;6;2022-05-20;125;115;13;3;151;18;10;0;0;11630;6970;508;261;9159;913;387;0;5
FR;6;2022-05-21;92;69;14;3;93;12;8;0;0;11722;7039;522;264;9252;925;395;0;5
FR;6;2022-05-22;19;12;5;0;21;4;1;0;0;11741;7051;527;264;9273;929;396;0;5
FR;6;2022-05-23;77;72;4;2;90;7;2;0;0;11818;7123;531;266;9363;936;398;0;5
FR;6;2022-05-24;117;98;8;2;132;16;4;0;0;11935;7221;539;268;9495;952;402;0;5
FR;6;2022-05-25;139;129;6;3;170;11;6;0;0;12074;7350;545;271;9665;963;408;0;5
FR;6;2022-05-26;7;9;3;0;5;9;0;0;0;12081;7359;548;271;9670;972;408;0;5
FR;6;2022-05-27;127;105;15;11;136;18;18;0;1;12208;7464;563;282;9806;990;426;0;6
FR;6;2022-05-28;54;75;1;5;89;8;5;0;0;12262;7539;564;287;9895;998;431;0;6
FR;6;2022-05-29;8;10;0;0;10;1;0;0;0;12270;7549;564;287;9905;999;431;0;6
FR;6;2022-05-30;70;70;7;4;86;4;9;0;0;12340;7619;571;291;9991;1003;440;0;6
FR;6;2022-05-31;87;102;10;2;122;14;7;0;0;12427;7721;581;293;10113;1017;447;0;6
FR;6;2022-06-01;97;89;10;1;111;11;6;0;0;12524;7810;591;294;10224;1028;453;0;6
FR;6;2022-06-02;91;60;6;3;80;9;6;0;0;12615;7870;597;297;10304;1037;459;0;6
FR;6;2022-06-03;126;102;13;7;129;21;8;0;0;12741;7972;610;304;10433;1058;467;0;6
FR;6;2022-06-04;63;51;10;0;64;12;3;0;0;12804;8023;620;304;10497;1070;470;0;6
FR;6;2022-06-05;16;15;2;1;18;4;1;0;0;12820;8038;622;305;10515;1074;471;0;6
FR;6;2022-06-06;9;6;0;0;8;0;0;0;0;12829;8044;622;305;10523;1074;471;0;6
FR;6;2022-06-07;79;90;3;4;117;8;6;0;0;12908;8134;625;309;10640;1082;477;0;6
FR;6;2022-06-08;92;110;13;5;130;20;6;0;0;13000;8244;638;314;10770;1102;483;0;6
FR;6;2022-06-09;75;81;15;3;106;15;8;0;0;13075;8325;653;317;10876;1117;491;0;6
FR;6;2022-06-10;116;93;26;10;121;22;13;0;0;13191;8418;679;327;10997;1139;504;0;6
FR;6;2022-06-11;83;62;6;10;82;12;11;0;0;13274;8480;685;337;11079;1151;515;0;6
FR;6;2022-06-12;6;14;1;0;16;2;0;0;0;13280;8494;686;337;11095;1153;515;0;6
FR;6;2022-06-13;74;59;18;1;68;7;4;0;0;13354;8553;704;338;11163;1160;519;0;6
FR;6;2022-06-14;98;100;8;5;116;16;8;0;0;13452;8653;712;343;11279;1176;527;0;6
FR;6;2022-06-15;80;86;7;8;114;15;10;0;0;13532;8739;719;351;11393;1191;537;0;6
FR;6;2022-06-16;53;40;11;7;45;14;6;0;0;13585;8779;730;358;11438;1205;543;0;6
FR;6;2022-06-17;86;85;3;13;109;11;5;0;0;13671;8864;733;371;11547;1216;548;0;6
FR;6;2022-06-18;71;62;13;0;88;21;1;0;0;13742;8926;746;371;11635;1237;549;0;6
FR;6;2022-06-19;6;6;3;0;7;4;1;0;0;13748;8932;749;371;11642;1241;550;0;6
FR;6;2022-06-20;42;41;4;1;55;6;1;0;0;13790;8973;753;372;11697;1247;551;0;6
FR;6;2022-06-21;59;73;10;7;82;17;7;0;0;13849;9046;763;379;11779;1264;558;0;6
FR;6;2022-06-22;86;85;8;2;98;17;3;0;0;13935;9131;771;381;11877;1281;561;0;6
FR;6;2022-06-23;64;39;13;7;41;15;10;0;0;13999;9170;784;388;11918;1296;571;0;6
FR;6;2022-06-24;77;85;7;14;95;20;16;0;0;14076;9255;791;402;12013;1316;587;0;6
FR;6;2022-06-25;67;61;4;3;77;8;5;0;0;14143;9316;795;405;12090;1324;592;0;6
FR;6;2022-06-26;6;7;1;0;10;1;0;0;0;14149;9323;796;405;12100;1325;592;0;6
FR;6;2022-06-27;51;50;4;9;62;12;7;0;0;14200;9373;800;414;12162;1337;599;0;6
FR;6;2022-06-28;68;47;6;3;53;15;5;0;0;14268;9420;806;417;12215;1352;604;0;6
FR;6;2022-06-29;98;117;26;37;115;19;35;0;5;14366;9537;832;454;12330;1371;639;0;11
FR;6;2022-06-30;84;60;33;10;61;12;7;0;0;14450;9597;865;464;12391;1383;646;0;11
FR;6;2022-07-01;115;94;25;33;102;18;27;0;1;14565;9691;890;497;12493;1401;673;0;12
FR;6;2022-07-02;58;67;26;2;64;37;6;0;0;14623;9758;916;499;12557;1438;679;0;12
FR;6;2022-07-03;11;4;4;3;5;4;3;0;0;14634;9762;920;502;12562;1442;682;0;12
FR;6;2022-07-04;61;43;3;23;55;13;20;0;0;14695;9805;923;525;12617;1455;702;0;12
FR;6;2022-07-05;65;53;19;67;60;27;63;0;0;14760;9858;942;592;12677;1482;765;0;12
FR;6;2022-07-06;94;64;7;11;78;12;17;0;0;14854;9922;949;603;12755;1494;782;0;12
FR;6;2022-07-07;99;79;42;37;99;14;34;0;4;14953;10001;991;640;12854;1508;816;0;16
FR;6;2022-07-08;139;87;42;27;116;10;25;0;3;15092;10088;1033;667;12970;1518;841;0;19
FR;6;2022-07-09;53;51;16;29;51;27;33;0;1;15145;10139;1049;696;13021;1545;874;0;20
FR;6;2022-07-10;3;7;8;0;9;9;0;0;0;15148;10146;1057;696;13030;1554;874;0;20
FR;6;2022-07-11;54;44;5;4;47;12;4;0;0;15202;10190;1062;700;13077;1566;878;0;20
FR;6;2022-07-12;70;72;12;23;87;12;27;0;0;15272;10262;1074;723;13164;1578;905;0;20
FR;6;2022-07-13;84;65;14;21;71;25;22;0;0;15356;10327;1088;744;13235;1603;927;0;20
FR;6;2022-07-14;4;3;1;0;4;1;0;0;0;15360;10330;1089;744;13239;1604;927;0;20
FR;6;2022-07-15;74;59;9;57;85;16;45;0;0;15434;10389;1098;801;13324;1620;972;0;20
FR;6;2022-07-16;27;31;17;0;37;17;3;0;0;15461;10420;1115;801;13361;1637;975;0;20
FR;6;2022-07-17;3;7;0;0;8;0;0;0;0;15464;10427;1115;801;13369;1637;975;0;20
FR;6;2022-07-18;37;62;11;14;60;15;14;0;6;15501;10489;1126;815;13429;1652;989;0;26
FR;6;2022-07-19;54;48;4;19;60;6;21;0;1;15555;10537;1130;834;13489;1658;1010;0;27
FR;6;2022-07-20;53;70;7;22;75;11;27;0;0;15608;10607;1137;856;13564;1669;1037;0;27
FR;6;2022-07-21;51;61;4;7;56;11;9;0;0;15659;10668;1141;863;13620;1680;1046;0;27
FR;6;2022-07-22;55;74;7;26;82;8;16;0;2;15714;10742;1148;889;13702;1688;1062;0;29
FR;6;2022-07-23;38;40;6;10;40;6;9;0;1;15752;10782;1154;899;13742;1694;1071;0;30
FR;6;2022-07-24;11;14;1;3;19;3;3;0;0;15763;10796;1155;902;13761;1697;1074;0;30
FR;6;2022-07-25;60;44;8;12;41;9;13;0;1;15823;10840;1163;914;13802;1706;1087;0;31
FR;6;2022-07-26;47;64;14;6;62;10;13;0;0;15870;10904;1177;920;13864;1716;1100;0;31
FR;6;2022-07-27;54;78;15;11;80;18;15;0;8;15924;10982;1192;931;13944;1734;1115;0;39
FR;6;2022-07-28;30;48;4;6;50;8;7;0;1;15954;11030;1196;937;13994;1742;1122;0;40
FR;6;2022-07-29;43;71;10;38;60;24;36;0;1;15997;11101;1206;975;14054;1766;1158;0;41
FR;6;2022-07-30;26;48;4;15;49;7;15;0;0;16023;11149;1210;990;14103;1773;1173;0;41
FR;6;2022-07-31;0;1;1;0;1;0;1;0;0;16023;11150;1211;990;14104;1773;1174;0;41
FR;6;2022-08-01;39;36;14;8;32;10;6;0;1;16062;11186;1225;998;14136;1783;1180;0;42
FR;6;2022-08-02;37;46;10;14;52;6;16;0;0;16099;11232;1235;1012;14188;1789;1196;0;42
FR;6;2022-08-03;29;52;7;16;53;11;19;0;0;16128;11284;1242;1028;14241;1800;1215;0;42
FR;6;2022-08-04;25;21;4;9;20;6;10;0;1;16153;11305;1246;1037;14261;1806;1225;0;43
FR;6;2022-08-05;43;45;1;7;53;5;7;0;0;16196;11350;1247;1044;14314;1811;1232;0;43
FR;6;2022-08-06;17;27;1;3;33;2;4;0;0;16213;11377;1248;1047;14347;1813;1236;0;43
FR;6;2022-08-07;1;2;0;0;2;0;0;0;0;16214;11379;1248;1047;14349;1813;1236;0;43
FR;6;2022-08-08;24;33;1;0;40;1;0;0;0;16238;11412;1249;1047;14389;1814;1236;0;43
FR;6;2022-08-09;22;30;6;3;29;3;3;0;0;16260;11442;1255;1050;14418;1817;1239;0;43
FR;6;2022-08-10;32;36;5;9;38;5;9;0;5;16292;11478;1260;1059;14456;1822;1248;0;48
FR;6;2022-08-11;33;33;1;1;40;1;0;0;1;16325;11511;1261;1060;14496;1823;1248;0;49
FR;6;2022-08-12;50;44;6;2;50;15;3;0;1;16375;11555;1267;1062;14546;1838;1251;0;50
FR;6;2022-08-13;9;20;0;0;22;1;0;0;0;16384;11575;1267;1062;14568;1839;1251;0;50
FR;6;2022-08-14;3;1;0;0;2;0;0;0;0;16387;11576;1267;1062;14570;1839;1251;0;50
FR;6;2022-08-15;2;3;1;0;4;0;1;0;0;16389;11579;1268;1062;14574;1839;1252;0;50
FR;6;2022-08-16;35;66;21;7;66;7;2;0;0;16424;11645;1289;1069;14640;1846;1254;0;50
FR;6;2022-08-17;32;44;10;9;41;10;6;0;7;16456;11689;1299;1078;14681;1856;1260;0;57
FR;6;2022-08-18;29;55;14;4;61;4;0;0;1;16485;11744;1313;1082;14742;1860;1260;0;58
FR;6;2022-08-19;30;45;5;4;47;3;2;0;1;16515;11789;1318;1086;14789;1863;1262;0;59
FR;6;2022-08-20;26;29;3;0;29;8;1;0;0;16541;11818;1321;1086;14818;1871;1263;0;59
FR;6;2022-08-21;1;5;2;0;5;0;0;0;0;16542;11823;1323;1086;14823;1871;1263;0;59
FR;6;2022-08-22;20;42;15;1;45;0;0;0;0;16562;11865;1338;1087;14868;1871;1263;0;59
FR;6;2022-08-23;34;45;6;7;47;6;4;0;2;16596;11910;1344;1094;14915;1877;1267;0;61
FR;6;2022-08-24;34;30;6;3;36;6;2;0;3;16630;11940;1350;1097;14951;1883;1269;0;64
FR;6;2022-08-25;25;27;1;1;29;5;1;0;0;16655;11967;1351;1098;14980;1888;1270;0;64
FR;6;2022-08-26;38;44;4;4;51;7;7;0;0;16693;12011;1355;1102;15031;1895;1277;0;64
FR;6;2022-08-27;19;21;7;3;22;8;4;0;0;16712;12032;1362;1105;15053;1903;1281;0;64
FR;6;2022-08-28;6;3;0;6;3;1;1;0;4;16718;12035;1362;1111;15056;1904;1282;0;68
FR;6;2022-08-29;26;22;2;6;29;3;6;0;0;16744;12057;1364;1117;15085;1907;1288;0;68
FR;6;2022-08-30;28;35;4;12;33;8;13;0;0;16772;12092;1368;1129;15118;1915;1301;0;68
FR;6;2022-08-31;35;38;2;11;46;3;12;0;0;16807;12130;1370;1140;15164;1918;1313;0;68
FR;6;2022-09-01;17;11;5;1;13;4;3;0;0;16824;12141;1375;1141;15177;1922;1316;0;68
FR;6;2022-09-02;19;14;2;1;13;3;2;0;0;16843;12155;1377;1142;15190;1925;1318;0;68
FR;6;2022-09-03;10;3;1;5;4;2;5;0;0;16853;12158;1378;1147;15194;1927;1323;0;68
FR;6;2022-09-04;4;1;0;0;1;0;0;0;0;16857;12159;1378;1147;15195;1927;1323;0;68
FR;6;2022-09-05;8;7;0;0;10;0;0;0;0;16865;12166;1378;1147;15205;1927;1323;0;68
FR;6;2022-09-06;7;9;7;12;8;6;15;0;0;16872;12175;1385;1159;15213;1933;1338;0;68
FR;6;2022-09-07;3;8;1;0;8;1;0;0;0;16875;12183;1386;1159;15221;1934;1338;0;68
FR;6;2022-09-08;6;4;0;2;3;1;2;0;0;16881;12187;1386;1161;15224;1935;1340;0;68
FR;6;2022-09-09;7;9;2;7;9;3;8;0;0;16888;12196;1388;1168;15233;1938;1348;0;68
FR;6;2022-09-10;3;4;1;0;3;1;1;0;0;16891;12200;1389;1168;15236;1939;1349;0;68
FR;6;2022-09-11;1;3;0;0;3;0;0;0;0;16892;12203;1389;1168;15239;1939;1349;0;68
FR;6;2022-09-12;10;4;1;0;3;3;0;0;0;16902;12207;1390;1168;15242;1942;1349;0;68
FR;6;2022-09-13;7;2;3;0;2;2;2;0;0;16909;12209;1393;1168;15244;1944;1351;0;68
FR;6;2022-09-14;9;8;2;0;7;4;0;0;0;16918;12217;1395;1168;15251;1948;1351;0;68
FR;6;2022-09-15;8;13;5;5;9;9;3;0;2;16926;12230;1400;1173;15260;1957;1354;0;70
FR;6;2022-09-16;25;39;1;1;47;4;1;0;2;16951;12269;1401;1174;15307;1961;1355;0;72
FR;6;2022-09-17;24;22;0;6;24;5;3;0;2;16975;12291;1401;1180;15331;1966;1358;0;74
FR;6;2022-09-18;5;4;0;0;4;1;0;0;0;16980;12295;1401;1180;15335;1967;1358;0;74
FR;6;2022-09-19;30;30;2;1;32;5;1;0;0;17010;12325;1403;1181;15367;1972;1359;0;74
FR;6;2022-09-20;34;25;1;4;29;6;2;0;1;17044;12350;1404;1185;15396;1978;1361;0;75
FR;6;2022-09-21;21;9;3;3;7;7;5;0;3;17065;12359;1407;1188;15403;1985;1366;0;78
FR;6;2022-09-22;19;28;1;22;32;3;21;0;1;17084;12387;1408;1210;15435;1988;1387;0;79
FR;6;2022-09-23;28;41;5;9;47;9;2;0;0;17112;12428;1413;1219;15482;1997;1389;0;79
FR;6;2022-09-24;16;16;4;2;21;6;2;0;0;17128;12444;1417;1221;15503;2003;1391;0;79
FR;6;2022-09-25;3;14;0;0;14;1;0;0;0;17131;12458;1417;1221;15517;2004;1391;0;79
FR;6;2022-09-26;16;13;0;18;12;5;18;0;2;17147;12471;1417;1239;15529;2009;1409;0;81
FR;6;2022-09-27;32;19;2;3;23;4;4;0;0;17179;12490;1419;1242;15552;2013;1413;0;81
FR;6;2022-09-28;27;10;9;11;16;5;17;0;2;17206;12500;1428;1253;15568;2018;1430;0;83
FR;6;2022-09-29;13;13;10;34;16;6;33;0;7;17219;12513;1438;1287;15584;2024;1463;0;90
FR;6;2022-09-30;34;24;5;6;33;5;3;0;0;17253;12537;1443;1293;15617;2029;1466;0;90
FR;6;2022-10-01;17;12;5;8;9;8;8;0;2;17270;12549;1448;1301;15626;2037;1474;0;92
FR;6;2022-10-02;3;0;0;0;1;0;0;0;0;17273;12549;1448;1301;15627;2037;1474;0;92
FR;6;2022-10-03;11;10;3;5;11;4;6;0;0;17284;12559;1451;1306;15638;2041;1480;0;92
FR;6;2022-10-04;19;17;4;28;21;3;30;0;3;17303;12576;1455;1334;15659;2044;1510;0;95
FR;6;2022-10-05;11;12;3;2;9;7;4;0;0;17314;12588;1458;1336;15668;2051;1514;0;95
FR;6;2022-10-06;19;13;4;6;17;2;10;0;0;17333;12601;1462;1342;15685;2053;1524;0;95
FR;6;2022-10-07;27;26;5;24;24;11;16;0;5;17360;12627;1467;1366;15709;2064;1540;0;100
FR;6;2022-10-08;18;13;0;0;16;0;0;0;0;17378;12640;1467;1366;15725;2064;1540;0;100
FR;6;2022-10-09;7;3;4;27;3;4;30;0;6;17385;12643;1471;1393;15728;2068;1570;0;106
FR;6;2022-10-10;15;14;1;16;16;6;13;0;0;17400;12657;1472;1409;15744;2074;1583;0;106
FR;6;2022-10-11;21;23;3;11;22;8;13;0;3;17421;12680;1475;1420;15766;2082;1596;0;109
FR;6;2022-10-12;20;16;7;19;18;3;24;0;7;17441;12696;1482;1439;15784;2085;1620;0;116
FR;6;2022-10-13;28;15;2;36;23;0;38;0;6;17469;12711;1484;1475;15807;2085;1658;0;122
FR;6;2022-10-14;29;23;5;49;23;11;45;0;13;17498;12734;1489;1524;15830;2096;1703;0;135
FR;6;2022-10-15;13;9;0;22;8;4;21;0;6;17511;12743;1489;1546;15838;2100;1724;0;141
FR;6;2022-10-16;4;5;0;6;2;3;6;0;0;17515;12748;1489;1552;15840;2103;1730;0;141
FR;6;2022-10-17;14;14;2;10;14;1;12;0;2;17529;12762;1491;1562;15854;2104;1742;0;143
FR;6;2022-10-18;12;19;9;26;19;4;18;0;11;17541;12781;1500;1588;15873;2108;1760;0;154
FR;6;2022-10-19;10;20;6;16;20;5;19;0;5;17551;12801;1506;1604;15893;2113;1779;0;159
FR;6;2022-10-20;16;15;12;57;18;5;67;0;13;17567;12816;1518;1661;15911;2118;1846;0;172
FR;6;2022-10-21;16;21;9;34;22;11;37;0;10;17583;12837;1527;1695;15933;2129;1883;0;182
FR;6;2022-10-22;19;14;1;4;17;3;4;0;0;17602;12851;1528;1699;15950;2132;1887;0;182
FR;6;2022-10-23;3;2;1;0;3;0;1;0;0;17605;12853;1529;1699;15953;2132;1888;0;182
FR;6;2022-10-24;12;14;2;7;14;6;5;0;2;17617;12867;1531;1706;15967;2138;1893;0;184
FR;6;2022-10-25;20;13;6;17;16;7;19;0;4;17637;12880;1537;1723;15983;2145;1912;0;188
FR;6;2022-10-26;17;9;4;13;12;4;15;0;5;17654;12889;1541;1736;15995;2149;1927;0;193
FR;6;2022-10-27;20;7;8;37;10;6;36;0;14;17674;12896;1549;1773;16005;2155;1963;0;207
FR;6;2022-10-28;21;27;3;4;28;6;5;0;1;17695;12923;1552;1777;16033;2161;1968;0;208
FR;6;2022-10-29;7;11;5;11;10;6;14;0;12;17702;12934;1557;1788;16043;2167;1982;0;220
FR;6;2022-10-30;2;5;0;0;5;0;0;0;0;17704;12939;1557;1788;16048;2167;1982;0;220
FR;6;2022-10-31;20;14;2;13;17;4;12;0;3;17724;12953;1559;1801;16065;2171;1994;0;223
FR;6;2022-11-01;2;1;1;0;1;1;0;0;0;17726;12954;1560;1801;16066;2172;1994;0;223
FR;6;2022-11-02;15;25;9;21;26;11;19;0;12;17741;12979;1569;1822;16092;2183;2013;0;235
FR;6;2022-11-03;17;17;11;39;20;8;43;0;9;17758;12996;1580;1861;16112;2191;2056;0;244
FR;6;2022-11-04;19;22;9;16;27;5;16;0;10;17777;13018;1589;1877;16139;2196;2072;0;254
FR;6;2022-11-05;9;16;2;4;17;4;6;0;0;17786;13034;1591;1881;16156;2200;2078;0;254
FR;6;2022-11-06;5;1;0;0;1;0;0;0;0;17791;13035;1591;1881;16157;2200;2078;0;254
FR;6;2022-11-07;18;10;6;17;12;4;18;0;11;17809;13045;1597;1898;16169;2204;2096;0;265
FR;6;2022-11-08;18;10;2;3;8;5;5;0;4;17827;13055;1599;1901;16177;2209;2101;0;269
FR;6;2022-11-09;16;22;1;6;21;4;5;0;4;17843;13077;1600;1907;16198;2213;2106;0;273
FR;6;2022-11-10;10;10;4;12;8;5;11;0;10;17853;13087;1604;1919;16206;2218;2117;0;283
FR;6;2022-11-11;4;1;0;0;1;1;0;0;0;17857;13088;1604;1919;16207;2219;2117;0;283
FR;6;2022-11-12;4;11;1;7;11;2;5;0;9;17861;13099;1605;1926;16218;2221;2122;0;292
FR;6;2022-11-13;1;1;0;1;1;0;1;0;0;17862;13100;1605;1927;16219;2221;2123;0;292
FR;6;2022-11-14;13;10;7;32;14;8;33;0;14;17875;13110;1612;1959;16233;2229;2156;0;306
FR;6;2022-11-15;7;18;1;11;16;4;7;0;2;17882;13128;1613;1970;16249;2233;2163;0;308
FR;6;2022-11-16;16;15;9;32;17;3;42;0;9;17898;13143;1622;2002;16266;2236;2205;0;317
FR;6;2022-11-17;10;8;1;29;8;2;28;0;5;17908;13151;1623;2031;16274;2238;2233;0;322
FR;6;2022-11-18;20;12;5;23;16;4;25;0;7;17928;13163;1628;2054;16290;2242;2258;0;329
FR;6;2022-11-19;5;13;0;2;11;3;2;0;1;17933;13176;1628;2056;16301;2245;2260;0;330
FR;6;2022-11-20;2;1;2;0;1;2;0;0;0;17935;13177;1630;2056;16302;2247;2260;0;330
FR;6;2022-11-21;22;13;1;14;14;6;11;0;3;17957;13190;1631;2070;16316;2253;2271;0;333
FR;6;2022-11-22;14;9;0;4;11;1;3;0;1;17971;13199;1631;2074;16327;2254;2274;0;334
FR;6;2022-11-23;14;15;15;23;17;9;31;0;8;17985;13214;1646;2097;16344;2263;2305;0;342
FR;6;2022-11-24;14;17;1;11;19;5;10;0;7;17999;13231;1647;2108;16363;2268;2315;0;349
FR;6;2022-11-25;23;15;5;50;15;5;47;0;5;18022;13246;1652;2158;16378;2273;2362;0;354
FR;6;2022-11-26;9;5;2;4;3;2;5;0;1;18031;13251;1654;2162;16381;2275;2367;0;355
FR;6;2022-11-27;1;4;0;0;4;0;0;0;0;18032;13255;1654;2162;16385;2275;2367;0;355
FR;6;2022-11-28;9;11;6;22;11;3;24;0;11;18041;13266;1660;2184;16396;2278;2391;0;366
FR;6;2022-11-29;15;10;1;12;14;1;8;0;7;18056;13276;1661;2196;16410;2279;2399;0;373
FR;6;2022-11-30;18;20;8;23;19;12;22;0;8;18074;13296;1669;2219;16429;2291;2421;0;381
FR;6;2022-12-01;12;9;7;20;11;4;24;0;9;18086;13305;1676;2239;16440;2295;2445;0;390
FR;6;2022-12-02;16;9;12;36;12;8;42;0;1;18102;13314;1688;2275;16452;2303;2487;0;391
FR;6;2022-12-03;13;3;13;20;6;5;28;0;13;18115;13317;1701;2295;16458;2308;2515;0;404
FR;6;2022-12-04;3;1;0;2;1;0;2;0;0;18118;13318;1701;2297;16459;2308;2517;0;404
FR;6;2022-12-05;11;10;7;16;11;4;19;0;8;18129;13328;1708;2313;16470;2312;2536;0;412
FR;6;2022-12-06;10;19;3;30;12;11;28;0;3;18139;13347;1711;2343;16482;2323;2564;0;415
FR;6;2022-12-07;17;8;10;56;10;8;57;0;30;18156;13355;1721;2399;16492;2331;2621;0;445
FR;6;2022-12-08;9;13;8;19;11;7;21;0;13;18165;13368;1729;2418;16503;2338;2642;0;458
FR;6;2022-12-09;15;9;5;29;12;4;30;0;6;18180;13377;1734;2447;16515;2342;2672;0;464
FR;6;2022-12-10;12;9;6;9;7;4;14;0;7;18192;13386;1740;2456;16522;2346;2686;0;471
FR;6;2022-12-11;4;2;1;0;2;1;0;0;0;18196;13388;1741;2456;16524;2347;2686;0;471
FR;6;2022-12-12;17;10;8;36;14;9;33;0;17;18213;13398;1749;2492;16538;2356;2719;0;488
FR;6;2022-12-13;17;21;12;66;16;18;65;0;14;18230;13419;1761;2558;16554;2374;2784;0;502
FR;6;2022-12-14;14;13;8;53;11;12;53;0;14;18244;13432;1769;2611;16565;2386;2837;0;516
FR;6;2022-12-15;12;15;14;38;13;9;44;0;9;18256;13447;1783;2649;16578;2395;2881;0;525
FR;6;2022-12-16;18;14;15;39;15;14;39;0;13;18274;13461;1798;2688;16593;2409;2920;0;538
FR;6;2022-12-17;11;10;15;28;9;15;29;0;8;18285;13471;1813;2716;16602;2424;2949;0;546
FR;6;2022-12-18;7;4;0;2;5;0;2;0;0;18292;13475;1813;2718;16607;2424;2951;0;546
FR;6;2022-12-19;12;8;9;29;8;12;29;0;15;18304;13483;1822;2747;16615;2436;2980;0;561
FR;6;2022-12-20;17;23;11;23;17;19;22;0;21;18321;13506;1833;2770;16632;2455;3002;0;582
FR;6;2022-12-21;23;16;9;19;13;13;17;0;5;18344;13522;1842;2789;16645;2468;3019;0;587
FR;6;2022-12-22;13;14;9;21;15;13;18;0;11;18357;13536;1851;2810;16660;2481;3037;0;598
FR;6;2022-12-23;10;19;12;7;14;18;7;0;3;18367;13555;1863;2817;16674;2499;3044;0;601
FR;6;2022-12-24;4;5;3;0;5;2;2;0;0;18371;13560;1866;2817;16679;2501;3046;0;601
FR;6;2022-12-25;0;0;0;0;0;0;0;0;0;18371;13560;1866;2817;16679;2501;3046;0;601
FR;6;2022-12-26;8;12;12;11;10;18;11;0;3;18379;13572;1878;2828;16689;2519;3057;0;604
FR;6;2022-12-27;17;13;15;8;12;19;8;0;0;18396;13585;1893;2836;16701;2538;3065;0;604
FR;6;2022-12-28;15;19;6;8;18;9;9;0;4;18411;13604;1899;2844;16719;2547;3074;0;608
FR;6;2022-12-29;15;12;7;8;10;9;9;0;7;18426;13616;1906;2852;16729;2556;3083;0;615
FR;6;2022-12-30;20;19;13;8;20;13;11;0;4;18446;13635;1919;2860;16749;2569;3094;0;619
FR;6;2022-12-31;5;2;6;1;4;7;1;0;1;18451;13637;1925;2861;16753;2576;3095;0;620
FR;6;2023-01-01;2;1;0;3;0;3;0;0;1;18453;13638;1925;2864;16753;2579;3095;0;621
FR;6;2023-01-02;9;14;2;3;10;7;3;0;0;18462;13652;1927;2867;16763;2586;3098;0;621
FR;6;2023-01-03;7;17;9;21;17;9;21;0;7;18469;13669;1936;2888;16780;2595;3119;0;628
FR;6;2023-01-04;9;9;4;10;8;8;6;0;14;18478;13678;1940;2898;16788;2603;3125;0;642
FR;6;2023-01-05;9;11;6;23;10;3;26;0;8;18487;13689;1946;2921;16798;2606;3151;0;650
FR;6;2023-01-06;16;24;15;30;21;17;29;0;15;18503;13713;1961;2951;16819;2623;3180;0;665
FR;6;2023-01-07;9;19;4;1;10;13;3;0;1;18512;13732;1965;2952;16829;2636;3183;0;666
FR;6;2023-01-08;2;7;4;11;6;4;11;0;3;18514;13739;1969;2963;16835;2640;3194;0;669
FR;6;2023-01-09;16;9;5;35;8;7;34;0;17;18530;13748;1974;2998;16843;2647;3228;0;686
FR;6;2023-01-10;10;15;13;23;13;10;26;0;9;18540;13763;1987;3021;16856;2657;3254;0;695
FR;6;2023-01-11;15;14;5;16;18;6;14;0;12;18555;13777;1992;3037;16874;2663;3268;0;707
FR;6;2023-01-12;7;13;1;3;10;3;3;0;3;18562;13790;1993;3040;16884;2666;3271;0;710
FR;6;2023-01-13;19;14;18;38;14;19;41;0;26;18581;13804;2011;3078;16898;2685;3312;0;736
FR;6;2023-01-14;20;8;6;2;9;9;2;0;0;18601;13812;2017;3080;16907;2694;3314;0;736
FR;6;2023-01-15;0;0;1;3;0;1;3;0;0;18601;13812;2018;3083;16907;2695;3317;0;736
FR;8;2020-12-27;0;0;0;0;0;0;0;0;0;0;0;0;0;0;0;0;0;0
FR;8;2020-12-28;0;0;0;0;0;0;0;0;0;0;0;0;0;0;0;0;0;0
FR;8;2020-12-29;0;0;0;0;0;0;0;0;0;0;0;0;0;0;0;0;0;0
FR;8;2020-12-30;0;0;0;0;0;0;0;0;0;0;0;0;0;0;0;0;0;0
FR;8;2020-12-31;0;0;0;0;0;0;0;0;0;0;0;0;0;0;0;0;0;0
FR;8;2021-01-01;0;0;0;0;0;0;0;0;0;0;0;0;0;0;0;0;0;0
FR;8;2021-01-02;0;0;0;0;0;0;0;0;0;0;0;0;0;0;0;0;0;0
FR;8;2021-01-03;0;0;0;0;0;0;0;0;0;0;0;0;0;0;0;0;0;0
FR;8;2021-01-04;0;0;0;0;0;0;0;0;0;0;0;0;0;0;0;0;0;0
FR;8;2021-01-05;0;0;0;0;0;0;0;0;0;0;0;0;0;0;0;0;0;0
FR;8;2021-01-06;0;0;0;0;0;0;0;0;0;0;0;0;0;0;0;0;0;0
FR;8;2021-01-07;0;0;0;0;0;0;0;0;0;0;0;0;0;0;0;0;0;0
FR;8;2021-01-08;0;0;0;0;0;0;0;0;0;0;0;0;0;0;0;0;0;0
FR;8;2021-01-09;0;0;0;0;0;0;0;0;0;0;0;0;0;0;0;0;0;0
FR;8;2021-01-10;0;0;0;0;0;0;0;0;0;0;0;0;0;0;0;0;0;0
FR;8;2021-01-11;0;0;0;0;0;0;0;0;0;0;0;0;0;0;0;0;0;0
FR;8;2021-01-12;0;0;0;0;0;0;0;0;0;0;0;0;0;0;0;0;0;0
FR;8;2021-01-13;0;0;0;0;0;0;0;0;0;0;0;0;0;0;0;0;0;0
FR;8;2021-01-14;0;0;0;0;0;0;0;0;0;0;0;0;0;0;0;0;0;0
FR;8;2021-01-15;0;0;0;0;0;0;0;0;0;0;0;0;0;0;0;0;0;0
FR;8;2021-01-16;0;0;0;0;0;0;0;0;0;0;0;0;0;0;0;0;0;0
FR;8;2021-01-17;0;0;0;0;0;0;0;0;0;0;0;0;0;0;0;0;0;0
FR;8;2021-01-18;0;0;0;0;0;0;0;0;0;0;0;0;0;0;0;0;0;0
FR;8;2021-01-19;0;0;0;0;0;0;0;0;0;0;0;0;0;0;0;0;0;0
FR;8;2021-01-20;0;0;0;0;0;0;0;0;0;0;0;0;0;0;0;0;0;0
FR;8;2021-01-21;0;0;0;0;0;0;0;0;0;0;0;0;0;0;0;0;0;0
FR;8;2021-01-22;0;0;0;0;0;0;0;0;0;0;0;0;0;0;0;0;0;0
FR;8;2021-01-23;0;0;0;0;0;0;0;0;0;0;0;0;0;0;0;0;0;0
FR;8;2021-01-24;0;0;0;0;0;0;0;0;0;0;0;0;0;0;0;0;0;0
FR;8;2021-01-25;0;0;0;0;0;0;0;0;0;0;0;0;0;0;0;0;0;0
FR;8;2021-01-26;0;0;0;0;0;0;0;0;0;0;0;0;0;0;0;0;0;0
FR;8;2021-01-27;0;0;0;0;0;0;0;0;0;0;0;0;0;0;0;0;0;0
FR;8;2021-01-28;0;0;0;0;0;0;0;0;0;0;0;0;0;0;0;0;0;0
FR;8;2021-01-29;0;0;0;0;0;0;0;0;0;0;0;0;0;0;0;0;0;0
FR;8;2021-01-30;0;0;0;0;0;0;0;0;0;0;0;0;0;0;0;0;0;0
FR;8;2021-01-31;0;0;0;0;0;0;0;0;0;0;0;0;0;0;0;0;0;0
FR;8;2021-02-01;0;0;0;0;0;0;0;0;0;0;0;0;0;0;0;0;0;0
FR;8;2021-02-02;0;0;0;0;0;0;0;0;0;0;0;0;0;0;0;0;0;0
FR;8;2021-02-03;0;0;0;0;0;0;0;0;0;0;0;0;0;0;0;0;0;0
FR;8;2021-02-04;0;0;0;0;0;0;0;0;0;0;0;0;0;0;0;0;0;0
FR;8;2021-02-05;0;0;0;0;0;0;0;0;0;0;0;0;0;0;0;0;0;0
FR;8;2021-02-06;0;0;0;0;0;0;0;0;0;0;0;0;0;0;0;0;0;0
FR;8;2021-02-07;0;0;0;0;0;0;0;0;0;0;0;0;0;0;0;0;0;0
FR;8;2021-02-08;0;0;0;0;0;0;0;0;0;0;0;0;0;0;0;0;0;0
FR;8;2021-02-09;0;0;0;0;0;0;0;0;0;0;0;0;0;0;0;0;0;0
FR;8;2021-02-10;0;0;0;0;0;0;0;0;0;0;0;0;0;0;0;0;0;0
FR;8;2021-02-11;0;0;0;0;0;0;0;0;0;0;0;0;0;0;0;0;0;0
FR;8;2021-02-12;0;0;0;0;0;0;0;0;0;0;0;0;0;0;0;0;0;0
FR;8;2021-02-13;0;0;0;0;0;0;0;0;0;0;0;0;0;0;0;0;0;0
FR;8;2021-02-14;0;0;0;0;0;0;0;0;0;0;0;0;0;0;0;0;0;0
FR;8;2021-02-15;0;0;0;0;0;0;0;0;0;0;0;0;0;0;0;0;0;0
FR;8;2021-02-16;0;0;0;0;0;0;0;0;0;0;0;0;0;0;0;0;0;0
FR;8;2021-02-17;0;0;0;0;0;0;0;0;0;0;0;0;0;0;0;0;0;0
FR;8;2021-02-18;0;0;0;0;0;0;0;0;0;0;0;0;0;0;0;0;0;0
FR;8;2021-02-19;0;0;0;0;0;0;0;0;0;0;0;0;0;0;0;0;0;0
FR;8;2021-02-20;0;0;0;0;0;0;0;0;0;0;0;0;0;0;0;0;0;0
FR;8;2021-02-21;0;0;0;0;0;0;0;0;0;0;0;0;0;0;0;0;0;0
FR;8;2021-02-22;0;0;0;0;0;0;0;0;0;0;0;0;0;0;0;0;0;0
FR;8;2021-02-23;0;0;0;0;0;0;0;0;0;0;0;0;0;0;0;0;0;0
FR;8;2021-02-24;0;0;0;0;0;0;0;0;0;0;0;0;0;0;0;0;0;0
FR;8;2021-02-25;0;0;0;0;0;0;0;0;0;0;0;0;0;0;0;0;0;0
FR;8;2021-02-26;0;0;0;0;0;0;0;0;0;0;0;0;0;0;0;0;0;0
FR;8;2021-02-27;0;0;0;0;0;0;0;0;0;0;0;0;0;0;0;0;0;0
FR;8;2021-02-28;0;0;0;0;0;0;0;0;0;0;0;0;0;0;0;0;0;0
FR;8;2021-03-01;0;0;0;0;0;0;0;0;0;0;0;0;0;0;0;0;0;0
FR;8;2021-03-02;0;0;0;0;0;0;0;0;0;0;0;0;0;0;0;0;0;0
FR;8;2021-03-03;0;0;0;0;0;0;0;0;0;0;0;0;0;0;0;0;0;0
FR;8;2021-03-04;0;0;0;0;0;0;0;0;0;0;0;0;0;0;0;0;0;0
FR;8;2021-03-05;0;0;0;0;0;0;0;0;0;0;0;0;0;0;0;0;0;0
FR;8;2021-03-06;0;0;0;0;0;0;0;0;0;0;0;0;0;0;0;0;0;0
FR;8;2021-03-07;0;0;0;0;0;0;0;0;0;0;0;0;0;0;0;0;0;0
FR;8;2021-03-08;0;0;0;0;0;0;0;0;0;0;0;0;0;0;0;0;0;0
FR;8;2021-03-09;0;0;0;0;0;0;0;0;0;0;0;0;0;0;0;0;0;0
FR;8;2021-03-10;0;0;0;0;0;0;0;0;0;0;0;0;0;0;0;0;0;0
FR;8;2021-03-11;0;0;0;0;0;0;0;0;0;0;0;0;0;0;0;0;0;0
FR;8;2021-03-12;0;0;0;0;0;0;0;0;0;0;0;0;0;0;0;0;0;0
FR;8;2021-03-13;0;0;0;0;0;0;0;0;0;0;0;0;0;0;0;0;0;0
FR;8;2021-03-14;0;0;0;0;0;0;0;0;0;0;0;0;0;0;0;0;0;0
FR;8;2021-03-15;0;0;0;0;0;0;0;0;0;0;0;0;0;0;0;0;0;0
FR;8;2021-03-16;0;0;0;0;0;0;0;0;0;0;0;0;0;0;0;0;0;0
FR;8;2021-03-17;0;0;0;0;0;0;0;0;0;0;0;0;0;0;0;0;0;0
FR;8;2021-03-18;0;0;0;0;0;0;0;0;0;0;0;0;0;0;0;0;0;0
FR;8;2021-03-19;0;0;0;0;0;0;0;0;0;0;0;0;0;0;0;0;0;0
FR;8;2021-03-20;0;0;0;0;0;0;0;0;0;0;0;0;0;0;0;0;0;0
FR;8;2021-03-21;0;0;0;0;0;0;0;0;0;0;0;0;0;0;0;0;0;0
FR;8;2021-03-22;0;0;0;0;0;0;0;0;0;0;0;0;0;0;0;0;0;0
FR;8;2021-03-23;0;0;0;0;0;0;0;0;0;0;0;0;0;0;0;0;0;0
FR;8;2021-03-24;0;0;0;0;0;0;0;0;0;0;0;0;0;0;0;0;0;0
FR;8;2021-03-25;0;0;0;0;0;0;0;0;0;0;0;0;0;0;0;0;0;0
FR;8;2021-03-26;0;0;0;0;0;0;0;0;0;0;0;0;0;0;0;0;0;0
FR;8;2021-03-27;0;0;0;0;0;0;0;0;0;0;0;0;0;0;0;0;0;0
FR;8;2021-03-28;0;0;0;0;0;0;0;0;0;0;0;0;0;0;0;0;0;0
FR;8;2021-03-29;0;0;0;0;0;0;0;0;0;0;0;0;0;0;0;0;0;0
FR;8;2021-03-30;0;0;0;0;0;0;0;0;0;0;0;0;0;0;0;0;0;0
FR;8;2021-03-31;0;0;0;0;0;0;0;0;0;0;0;0;0;0;0;0;0;0
FR;8;2021-04-01;0;0;0;0;0;0;0;0;0;0;0;0;0;0;0;0;0;0
FR;8;2021-04-02;0;0;0;0;0;0;0;0;0;0;0;0;0;0;0;0;0;0
FR;8;2021-04-03;0;0;0;0;0;0;0;0;0;0;0;0;0;0;0;0;0;0
FR;8;2021-04-04;0;0;0;0;0;0;0;0;0;0;0;0;0;0;0;0;0;0
FR;8;2021-04-05;0;0;0;0;0;0;0;0;0;0;0;0;0;0;0;0;0;0
FR;8;2021-04-06;0;0;0;0;0;0;0;0;0;0;0;0;0;0;0;0;0;0
FR;8;2021-04-07;0;0;0;0;0;0;0;0;0;0;0;0;0;0;0;0;0;0
FR;8;2021-04-08;0;0;0;0;0;0;0;0;0;0;0;0;0;0;0;0;0;0
FR;8;2021-04-09;0;0;0;0;0;0;0;0;0;0;0;0;0;0;0;0;0;0
FR;8;2021-04-10;0;0;0;0;0;0;0;0;0;0;0;0;0;0;0;0;0;0
FR;8;2021-04-11;0;0;0;0;0;0;0;0;0;0;0;0;0;0;0;0;0;0
FR;8;2021-04-12;0;0;0;0;0;0;0;0;0;0;0;0;0;0;0;0;0;0
FR;8;2021-04-13;0;0;0;0;0;0;0;0;0;0;0;0;0;0;0;0;0;0
FR;8;2021-04-14;0;0;0;0;0;0;0;0;0;0;0;0;0;0;0;0;0;0
FR;8;2021-04-15;0;0;0;0;0;0;0;0;0;0;0;0;0;0;0;0;0;0
FR;8;2021-04-16;0;0;0;0;0;0;0;0;0;0;0;0;0;0;0;0;0;0
FR;8;2021-04-17;0;0;0;0;0;0;0;0;0;0;0;0;0;0;0;0;0;0
FR;8;2021-04-18;0;0;0;0;0;0;0;0;0;0;0;0;0;0;0;0;0;0
FR;8;2021-04-19;0;0;0;0;0;0;0;0;0;0;0;0;0;0;0;0;0;0
FR;8;2021-04-20;0;0;0;0;0;0;0;0;0;0;0;0;0;0;0;0;0;0
FR;8;2021-04-21;0;0;0;0;0;0;0;0;0;0;0;0;0;0;0;0;0;0
FR;8;2021-04-22;0;0;0;0;0;0;0;0;0;0;0;0;0;0;0;0;0;0
FR;8;2021-04-23;0;0;0;0;0;0;0;0;0;0;0;0;0;0;0;0;0;0
FR;8;2021-04-24;0;0;0;0;0;0;0;0;0;0;0;0;0;0;0;0;0;0
FR;8;2021-04-25;0;0;0;0;0;0;0;0;0;0;0;0;0;0;0;0;0;0
FR;8;2021-04-26;0;0;0;0;0;0;0;0;0;0;0;0;0;0;0;0;0;0
FR;8;2021-04-27;0;0;0;0;0;0;0;0;0;0;0;0;0;0;0;0;0;0
FR;8;2021-04-28;0;0;0;0;0;0;0;0;0;0;0;0;0;0;0;0;0;0
FR;8;2021-04-29;0;0;0;0;0;0;0;0;0;0;0;0;0;0;0;0;0;0
FR;8;2021-04-30;0;0;0;0;0;0;0;0;0;0;0;0;0;0;0;0;0;0
FR;8;2021-05-01;0;0;0;0;0;0;0;0;0;0;0;0;0;0;0;0;0;0
FR;8;2021-05-02;0;0;0;0;0;0;0;0;0;0;0;0;0;0;0;0;0;0
FR;8;2021-05-03;0;0;0;0;0;0;0;0;0;0;0;0;0;0;0;0;0;0
FR;8;2021-05-04;0;0;0;0;0;0;0;0;0;0;0;0;0;0;0;0;0;0
FR;8;2021-05-05;0;0;0;0;0;0;0;0;0;0;0;0;0;0;0;0;0;0
FR;8;2021-05-06;0;0;0;0;0;0;0;0;0;0;0;0;0;0;0;0;0;0
FR;8;2021-05-07;0;0;0;0;0;0;0;0;0;0;0;0;0;0;0;0;0;0
FR;8;2021-05-08;0;0;0;0;0;0;0;0;0;0;0;0;0;0;0;0;0;0
FR;8;2021-05-09;0;0;0;0;0;0;0;0;0;0;0;0;0;0;0;0;0;0
FR;8;2021-05-10;0;0;0;0;0;0;0;0;0;0;0;0;0;0;0;0;0;0
FR;8;2021-05-11;0;0;0;0;0;0;0;0;0;0;0;0;0;0;0;0;0;0
FR;8;2021-05-12;0;0;0;0;0;0;0;0;0;0;0;0;0;0;0;0;0;0
FR;8;2021-05-13;0;0;0;0;0;0;0;0;0;0;0;0;0;0;0;0;0;0
FR;8;2021-05-14;0;0;0;0;0;0;0;0;0;0;0;0;0;0;0;0;0;0
FR;8;2021-05-15;0;0;0;0;0;0;0;0;0;0;0;0;0;0;0;0;0;0
FR;8;2021-05-16;0;0;0;0;0;0;0;0;0;0;0;0;0;0;0;0;0;0
FR;8;2021-05-17;0;0;0;0;0;0;0;0;0;0;0;0;0;0;0;0;0;0
FR;8;2021-05-18;0;0;0;0;0;0;0;0;0;0;0;0;0;0;0;0;0;0
FR;8;2021-05-19;0;0;0;0;0;0;0;0;0;0;0;0;0;0;0;0;0;0
FR;8;2021-05-20;0;0;0;0;0;0;0;0;0;0;0;0;0;0;0;0;0;0
FR;8;2021-05-21;0;0;0;0;0;0;0;0;0;0;0;0;0;0;0;0;0;0
FR;8;2021-05-22;0;0;0;0;0;0;0;0;0;0;0;0;0;0;0;0;0;0
FR;8;2021-05-23;0;0;0;0;0;0;0;0;0;0;0;0;0;0;0;0;0;0
FR;8;2021-05-24;0;0;0;0;0;0;0;0;0;0;0;0;0;0;0;0;0;0
FR;8;2021-05-25;0;0;0;0;0;0;0;0;0;0;0;0;0;0;0;0;0;0
FR;8;2021-05-26;0;0;0;0;0;0;0;0;0;0;0;0;0;0;0;0;0;0
FR;8;2021-05-27;0;0;0;0;0;0;0;0;0;0;0;0;0;0;0;0;0;0
FR;8;2021-05-28;0;0;0;0;0;0;0;0;0;0;0;0;0;0;0;0;0;0
FR;8;2021-05-29;0;0;0;0;0;0;0;0;0;0;0;0;0;0;0;0;0;0
FR;8;2021-05-30;0;0;0;0;0;0;0;0;0;0;0;0;0;0;0;0;0;0
FR;8;2021-05-31;0;0;0;0;0;0;0;0;0;0;0;0;0;0;0;0;0;0
FR;8;2021-06-01;0;0;0;0;0;0;0;0;0;0;0;0;0;0;0;0;0;0
FR;8;2021-06-02;0;0;0;0;0;0;0;0;0;0;0;0;0;0;0;0;0;0
FR;8;2021-06-03;0;0;0;0;0;0;0;0;0;0;0;0;0;0;0;0;0;0
FR;8;2021-06-04;0;0;0;0;0;0;0;0;0;0;0;0;0;0;0;0;0;0
FR;8;2021-06-05;0;0;0;0;0;0;0;0;0;0;0;0;0;0;0;0;0;0
FR;8;2021-06-06;0;0;0;0;0;0;0;0;0;0;0;0;0;0;0;0;0;0
FR;8;2021-06-07;0;0;0;0;0;0;0;0;0;0;0;0;0;0;0;0;0;0
FR;8;2021-06-08;0;0;0;0;0;0;0;0;0;0;0;0;0;0;0;0;0;0
FR;8;2021-06-09;0;0;0;0;0;0;0;0;0;0;0;0;0;0;0;0;0;0
FR;8;2021-06-10;0;0;0;0;0;0;0;0;0;0;0;0;0;0;0;0;0;0
FR;8;2021-06-11;0;0;0;0;0;0;0;0;0;0;0;0;0;0;0;0;0;0
FR;8;2021-06-12;0;0;0;0;0;0;0;0;0;0;0;0;0;0;0;0;0;0
FR;8;2021-06-13;0;0;0;0;0;0;0;0;0;0;0;0;0;0;0;0;0;0
FR;8;2021-06-14;0;0;0;0;0;0;0;0;0;0;0;0;0;0;0;0;0;0
FR;8;2021-06-15;0;0;0;0;0;0;0;0;0;0;0;0;0;0;0;0;0;0
FR;8;2021-06-16;0;0;0;0;0;0;0;0;0;0;0;0;0;0;0;0;0;0
FR;8;2021-06-17;0;0;0;0;0;0;0;0;0;0;0;0;0;0;0;0;0;0
FR;8;2021-06-18;0;0;0;0;0;0;0;0;0;0;0;0;0;0;0;0;0;0
FR;8;2021-06-19;0;0;0;0;0;0;0;0;0;0;0;0;0;0;0;0;0;0
FR;8;2021-06-20;0;0;0;0;0;0;0;0;0;0;0;0;0;0;0;0;0;0
FR;8;2021-06-21;0;0;0;0;0;0;0;0;0;0;0;0;0;0;0;0;0;0
FR;8;2021-06-22;0;0;0;0;0;0;0;0;0;0;0;0;0;0;0;0;0;0
FR;8;2021-06-23;0;0;0;0;0;0;0;0;0;0;0;0;0;0;0;0;0;0
FR;8;2021-06-24;0;0;0;0;0;0;0;0;0;0;0;0;0;0;0;0;0;0
FR;8;2021-06-25;0;0;0;0;0;0;0;0;0;0;0;0;0;0;0;0;0;0
FR;8;2021-06-26;0;0;0;0;0;0;0;0;0;0;0;0;0;0;0;0;0;0
FR;8;2021-06-27;0;0;0;0;0;0;0;0;0;0;0;0;0;0;0;0;0;0
FR;8;2021-06-28;0;0;0;0;0;0;0;0;0;0;0;0;0;0;0;0;0;0
FR;8;2021-06-29;0;0;0;0;0;0;0;0;0;0;0;0;0;0;0;0;0;0
FR;8;2021-06-30;0;0;0;0;0;0;0;0;0;0;0;0;0;0;0;0;0;0
FR;8;2021-07-01;0;0;0;0;0;0;0;0;0;0;0;0;0;0;0;0;0;0
FR;8;2021-07-02;0;0;0;0;0;0;0;0;0;0;0;0;0;0;0;0;0;0
FR;8;2021-07-03;0;0;0;0;0;0;0;0;0;0;0;0;0;0;0;0;0;0
FR;8;2021-07-04;0;0;0;0;0;0;0;0;0;0;0;0;0;0;0;0;0;0
FR;8;2021-07-05;0;0;0;0;0;0;0;0;0;0;0;0;0;0;0;0;0;0
FR;8;2021-07-06;0;0;0;0;0;0;0;0;0;0;0;0;0;0;0;0;0;0
FR;8;2021-07-07;0;0;0;0;0;0;0;0;0;0;0;0;0;0;0;0;0;0
FR;8;2021-07-08;0;0;0;0;0;0;0;0;0;0;0;0;0;0;0;0;0;0
FR;8;2021-07-09;0;0;0;0;0;0;0;0;0;0;0;0;0;0;0;0;0;0
FR;8;2021-07-10;0;0;0;0;0;0;0;0;0;0;0;0;0;0;0;0;0;0
FR;8;2021-07-11;0;0;0;0;0;0;0;0;0;0;0;0;0;0;0;0;0;0
FR;8;2021-07-12;0;0;0;0;0;0;0;0;0;0;0;0;0;0;0;0;0;0
FR;8;2021-07-13;0;0;0;0;0;0;0;0;0;0;0;0;0;0;0;0;0;0
FR;8;2021-07-14;0;0;0;0;0;0;0;0;0;0;0;0;0;0;0;0;0;0
FR;8;2021-07-15;0;0;0;0;0;0;0;0;0;0;0;0;0;0;0;0;0;0
FR;8;2021-07-16;0;0;0;0;0;0;0;0;0;0;0;0;0;0;0;0;0;0
FR;8;2021-07-17;0;0;0;0;0;0;0;0;0;0;0;0;0;0;0;0;0;0
FR;8;2021-07-18;0;0;0;0;0;0;0;0;0;0;0;0;0;0;0;0;0;0
FR;8;2021-07-19;0;0;0;0;0;0;0;0;0;0;0;0;0;0;0;0;0;0
FR;8;2021-07-20;0;0;0;0;0;0;0;0;0;0;0;0;0;0;0;0;0;0
FR;8;2021-07-21;0;0;0;0;0;0;0;0;0;0;0;0;0;0;0;0;0;0
FR;8;2021-07-22;0;0;0;0;0;0;0;0;0;0;0;0;0;0;0;0;0;0
FR;8;2021-07-23;0;0;0;0;0;0;0;0;0;0;0;0;0;0;0;0;0;0
FR;8;2021-07-24;0;0;0;0;0;0;0;0;0;0;0;0;0;0;0;0;0;0
FR;8;2021-07-25;0;0;0;0;0;0;0;0;0;0;0;0;0;0;0;0;0;0
FR;8;2021-07-26;0;0;0;0;0;0;0;0;0;0;0;0;0;0;0;0;0;0
FR;8;2021-07-27;0;0;0;0;0;0;0;0;0;0;0;0;0;0;0;0;0;0
FR;8;2021-07-28;0;0;0;0;0;0;0;0;0;0;0;0;0;0;0;0;0;0
FR;8;2021-07-29;0;0;0;0;0;0;0;0;0;0;0;0;0;0;0;0;0;0
FR;8;2021-07-30;0;0;0;0;0;0;0;0;0;0;0;0;0;0;0;0;0;0
FR;8;2021-07-31;0;0;0;0;0;0;0;0;0;0;0;0;0;0;0;0;0;0
FR;8;2021-08-01;0;0;0;0;0;0;0;0;0;0;0;0;0;0;0;0;0;0
FR;8;2021-08-02;0;0;0;0;0;0;0;0;0;0;0;0;0;0;0;0;0;0
FR;8;2021-08-03;0;0;0;0;0;0;0;0;0;0;0;0;0;0;0;0;0;0
FR;8;2021-08-04;0;0;0;0;0;0;0;0;0;0;0;0;0;0;0;0;0;0
FR;8;2021-08-05;0;0;0;0;0;0;0;0;0;0;0;0;0;0;0;0;0;0
FR;8;2021-08-06;0;0;0;0;0;0;0;0;0;0;0;0;0;0;0;0;0;0
FR;8;2021-08-07;0;0;0;0;0;0;0;0;0;0;0;0;0;0;0;0;0;0
FR;8;2021-08-08;0;0;0;0;0;0;0;0;0;0;0;0;0;0;0;0;0;0
FR;8;2021-08-09;0;0;0;0;0;0;0;0;0;0;0;0;0;0;0;0;0;0
FR;8;2021-08-10;0;0;0;0;0;0;0;0;0;0;0;0;0;0;0;0;0;0
FR;8;2021-08-11;0;0;0;0;0;0;0;0;0;0;0;0;0;0;0;0;0;0
FR;8;2021-08-12;0;0;0;0;0;0;0;0;0;0;0;0;0;0;0;0;0;0
FR;8;2021-08-13;0;0;0;0;0;0;0;0;0;0;0;0;0;0;0;0;0;0
FR;8;2021-08-14;0;0;0;0;0;0;0;0;0;0;0;0;0;0;0;0;0;0
FR;8;2021-08-15;0;0;0;0;0;0;0;0;0;0;0;0;0;0;0;0;0;0
FR;8;2021-08-16;0;0;0;0;0;0;0;0;0;0;0;0;0;0;0;0;0;0
FR;8;2021-08-17;0;0;0;0;0;0;0;0;0;0;0;0;0;0;0;0;0;0
FR;8;2021-08-18;0;0;0;0;0;0;0;0;0;0;0;0;0;0;0;0;0;0
FR;8;2021-08-19;0;0;0;0;0;0;0;0;0;0;0;0;0;0;0;0;0;0
FR;8;2021-08-20;0;0;0;0;0;0;0;0;0;0;0;0;0;0;0;0;0;0
FR;8;2021-08-21;0;0;0;0;0;0;0;0;0;0;0;0;0;0;0;0;0;0
FR;8;2021-08-22;0;0;0;0;0;0;0;0;0;0;0;0;0;0;0;0;0;0
FR;8;2021-08-23;0;0;0;0;0;0;0;0;0;0;0;0;0;0;0;0;0;0
FR;8;2021-08-24;0;0;0;0;0;0;0;0;0;0;0;0;0;0;0;0;0;0
FR;8;2021-08-25;0;0;0;0;0;0;0;0;0;0;0;0;0;0;0;0;0;0
FR;8;2021-08-26;0;0;0;0;0;0;0;0;0;0;0;0;0;0;0;0;0;0
FR;8;2021-08-27;0;0;0;0;0;0;0;0;0;0;0;0;0;0;0;0;0;0
FR;8;2021-08-28;0;0;0;0;0;0;0;0;0;0;0;0;0;0;0;0;0;0
FR;8;2021-08-29;0;0;0;0;0;0;0;0;0;0;0;0;0;0;0;0;0;0
FR;8;2021-08-30;0;0;0;0;0;0;0;0;0;0;0;0;0;0;0;0;0;0
FR;8;2021-08-31;0;0;0;0;0;0;0;0;0;0;0;0;0;0;0;0;0;0
FR;8;2021-09-01;0;0;0;0;0;0;0;0;0;0;0;0;0;0;0;0;0;0
FR;8;2021-09-02;0;0;0;0;0;0;0;0;0;0;0;0;0;0;0;0;0;0
FR;8;2021-09-03;0;0;0;0;0;0;0;0;0;0;0;0;0;0;0;0;0;0
FR;8;2021-09-04;0;0;0;0;0;0;0;0;0;0;0;0;0;0;0;0;0;0
FR;8;2021-09-05;0;0;0;0;0;0;0;0;0;0;0;0;0;0;0;0;0;0
FR;8;2021-09-06;0;0;0;0;0;0;0;0;0;0;0;0;0;0;0;0;0;0
FR;8;2021-09-07;0;0;0;0;0;0;0;0;0;0;0;0;0;0;0;0;0;0
FR;8;2021-09-08;0;0;0;0;0;0;0;0;0;0;0;0;0;0;0;0;0;0
FR;8;2021-09-09;0;0;0;0;0;0;0;0;0;0;0;0;0;0;0;0;0;0
FR;8;2021-09-10;0;0;0;0;0;0;0;0;0;0;0;0;0;0;0;0;0;0
FR;8;2021-09-11;0;0;0;0;0;0;0;0;0;0;0;0;0;0;0;0;0;0
FR;8;2021-09-12;0;0;0;0;0;0;0;0;0;0;0;0;0;0;0;0;0;0
FR;8;2021-09-13;0;0;0;0;0;0;0;0;0;0;0;0;0;0;0;0;0;0
FR;8;2021-09-14;0;0;0;0;0;0;0;0;0;0;0;0;0;0;0;0;0;0
FR;8;2021-09-15;0;0;0;0;0;0;0;0;0;0;0;0;0;0;0;0;0;0
FR;8;2021-09-16;0;0;0;0;0;0;0;0;0;0;0;0;0;0;0;0;0;0
FR;8;2021-09-17;0;0;0;0;0;0;0;0;0;0;0;0;0;0;0;0;0;0
FR;8;2021-09-18;0;0;0;0;0;0;0;0;0;0;0;0;0;0;0;0;0;0
FR;8;2021-09-19;0;0;0;0;0;0;0;0;0;0;0;0;0;0;0;0;0;0
FR;8;2021-09-20;0;0;0;0;0;0;0;0;0;0;0;0;0;0;0;0;0;0
FR;8;2021-09-21;0;0;0;0;0;0;0;0;0;0;0;0;0;0;0;0;0;0
FR;8;2021-09-22;0;0;0;0;0;0;0;0;0;0;0;0;0;0;0;0;0;0
FR;8;2021-09-23;0;0;0;0;0;0;0;0;0;0;0;0;0;0;0;0;0;0
FR;8;2021-09-24;0;0;0;0;0;0;0;0;0;0;0;0;0;0;0;0;0;0
FR;8;2021-09-25;0;0;0;0;0;0;0;0;0;0;0;0;0;0;0;0;0;0
FR;8;2021-09-26;0;0;0;0;0;0;0;0;0;0;0;0;0;0;0;0;0;0
FR;8;2021-09-27;0;0;0;0;0;0;0;0;0;0;0;0;0;0;0;0;0;0
FR;8;2021-09-28;0;0;0;0;0;0;0;0;0;0;0;0;0;0;0;0;0;0
FR;8;2021-09-29;0;0;0;0;0;0;0;0;0;0;0;0;0;0;0;0;0;0
FR;8;2021-09-30;0;0;0;0;0;0;0;0;0;0;0;0;0;0;0;0;0;0
FR;8;2021-10-01;0;0;0;0;0;0;0;0;0;0;0;0;0;0;0;0;0;0
FR;8;2021-10-02;0;0;0;0;0;0;0;0;0;0;0;0;0;0;0;0;0;0
FR;8;2021-10-03;0;0;0;0;0;0;0;0;0;0;0;0;0;0;0;0;0;0
FR;8;2021-10-04;0;0;0;0;0;0;0;0;0;0;0;0;0;0;0;0;0;0
FR;8;2021-10-05;0;0;0;0;0;0;0;0;0;0;0;0;0;0;0;0;0;0
FR;8;2021-10-06;0;0;0;0;0;0;0;0;0;0;0;0;0;0;0;0;0;0
FR;8;2021-10-07;0;0;0;0;0;0;0;0;0;0;0;0;0;0;0;0;0;0
FR;8;2021-10-08;0;0;0;0;0;0;0;0;0;0;0;0;0;0;0;0;0;0
FR;8;2021-10-09;0;0;0;0;0;0;0;0;0;0;0;0;0;0;0;0;0;0
FR;8;2021-10-10;0;0;0;0;0;0;0;0;0;0;0;0;0;0;0;0;0;0
FR;8;2021-10-11;0;0;0;0;0;0;0;0;0;0;0;0;0;0;0;0;0;0
FR;8;2021-10-12;0;0;0;0;0;0;0;0;0;0;0;0;0;0;0;0;0;0
FR;8;2021-10-13;0;0;0;0;0;0;0;0;0;0;0;0;0;0;0;0;0;0
FR;8;2021-10-14;0;0;0;0;0;0;0;0;0;0;0;0;0;0;0;0;0;0
FR;8;2021-10-15;0;0;0;0;0;0;0;0;0;0;0;0;0;0;0;0;0;0
FR;8;2021-10-16;0;0;0;0;0;0;0;0;0;0;0;0;0;0;0;0;0;0
FR;8;2021-10-17;0;0;0;0;0;0;0;0;0;0;0;0;0;0;0;0;0;0
FR;8;2021-10-18;0;0;0;0;0;0;0;0;0;0;0;0;0;0;0;0;0;0
FR;8;2021-10-19;0;0;0;0;0;0;0;0;0;0;0;0;0;0;0;0;0;0
FR;8;2021-10-20;0;0;0;0;0;0;0;0;0;0;0;0;0;0;0;0;0;0
FR;8;2021-10-21;0;0;0;0;0;0;0;0;0;0;0;0;0;0;0;0;0;0
FR;8;2021-10-22;0;0;0;0;0;0;0;0;0;0;0;0;0;0;0;0;0;0
FR;8;2021-10-23;0;0;0;0;0;0;0;0;0;0;0;0;0;0;0;0;0;0
FR;8;2021-10-24;0;0;0;0;0;0;0;0;0;0;0;0;0;0;0;0;0;0
FR;8;2021-10-25;0;0;0;0;0;0;0;0;0;0;0;0;0;0;0;0;0;0
FR;8;2021-10-26;0;0;0;0;0;0;0;0;0;0;0;0;0;0;0;0;0;0
FR;8;2021-10-27;0;0;0;0;0;0;0;0;0;0;0;0;0;0;0;0;0;0
FR;8;2021-10-28;0;0;0;0;0;0;0;0;0;0;0;0;0;0;0;0;0;0
FR;8;2021-10-29;0;0;0;0;0;0;0;0;0;0;0;0;0;0;0;0;0;0
FR;8;2021-10-30;0;0;0;0;0;0;0;0;0;0;0;0;0;0;0;0;0;0
FR;8;2021-10-31;0;0;0;0;0;0;0;0;0;0;0;0;0;0;0;0;0;0
FR;8;2021-11-01;0;0;0;0;0;0;0;0;0;0;0;0;0;0;0;0;0;0
FR;8;2021-11-02;0;0;0;0;0;0;0;0;0;0;0;0;0;0;0;0;0;0
FR;8;2021-11-03;0;0;0;0;0;0;0;0;0;0;0;0;0;0;0;0;0;0
FR;8;2021-11-04;0;0;0;0;0;0;0;0;0;0;0;0;0;0;0;0;0;0
FR;8;2021-11-05;0;0;0;0;0;0;0;0;0;0;0;0;0;0;0;0;0;0
FR;8;2021-11-06;0;0;0;0;0;0;0;0;0;0;0;0;0;0;0;0;0;0
FR;8;2021-11-07;0;0;0;0;0;0;0;0;0;0;0;0;0;0;0;0;0;0
FR;8;2021-11-08;0;0;0;0;0;0;0;0;0;0;0;0;0;0;0;0;0;0
FR;8;2021-11-09;0;0;0;0;0;0;0;0;0;0;0;0;0;0;0;0;0;0
FR;8;2021-11-10;0;0;0;0;0;0;0;0;0;0;0;0;0;0;0;0;0;0
FR;8;2021-11-11;0;0;0;0;0;0;0;0;0;0;0;0;0;0;0;0;0;0
FR;8;2021-11-12;0;0;0;0;0;0;0;0;0;0;0;0;0;0;0;0;0;0
FR;8;2021-11-13;0;0;0;0;0;0;0;0;0;0;0;0;0;0;0;0;0;0
FR;8;2021-11-14;0;0;0;0;0;0;0;0;0;0;0;0;0;0;0;0;0;0
FR;8;2021-11-15;0;0;0;0;0;0;0;0;0;0;0;0;0;0;0;0;0;0
FR;8;2021-11-16;0;0;0;0;0;0;0;0;0;0;0;0;0;0;0;0;0;0
FR;8;2021-11-17;0;0;0;0;0;0;0;0;0;0;0;0;0;0;0;0;0;0
FR;8;2021-11-18;0;0;0;0;0;0;0;0;0;0;0;0;0;0;0;0;0;0
FR;8;2021-11-19;0;0;0;0;0;0;0;0;0;0;0;0;0;0;0;0;0;0
FR;8;2021-11-20;0;0;0;0;0;0;0;0;0;0;0;0;0;0;0;0;0;0
FR;8;2021-11-21;0;0;0;0;0;0;0;0;0;0;0;0;0;0;0;0;0;0
FR;8;2021-11-22;0;0;0;0;0;0;0;0;0;0;0;0;0;0;0;0;0;0
FR;8;2021-11-23;0;0;0;0;0;0;0;0;0;0;0;0;0;0;0;0;0;0
FR;8;2021-11-24;0;0;0;0;0;0;0;0;0;0;0;0;0;0;0;0;0;0
FR;8;2021-11-25;0;0;0;0;0;0;0;0;0;0;0;0;0;0;0;0;0;0
FR;8;2021-11-26;0;0;0;0;0;0;0;0;0;0;0;0;0;0;0;0;0;0
FR;8;2021-11-27;0;0;0;0;0;0;0;0;0;0;0;0;0;0;0;0;0;0
FR;8;2021-11-28;0;0;0;0;0;0;0;0;0;0;0;0;0;0;0;0;0;0
FR;8;2021-11-29;0;0;0;0;0;0;0;0;0;0;0;0;0;0;0;0;0;0
FR;8;2021-11-30;0;0;0;0;0;0;0;0;0;0;0;0;0;0;0;0;0;0
FR;8;2021-12-01;0;0;0;0;0;0;0;0;0;0;0;0;0;0;0;0;0;0
FR;8;2021-12-02;0;0;0;0;0;0;0;0;0;0;0;0;0;0;0;0;0;0
FR;8;2021-12-03;0;0;0;0;0;0;0;0;0;0;0;0;0;0;0;0;0;0
FR;8;2021-12-04;0;0;0;0;0;0;0;0;0;0;0;0;0;0;0;0;0;0
FR;8;2021-12-05;0;0;0;0;0;0;0;0;0;0;0;0;0;0;0;0;0;0
FR;8;2021-12-06;0;0;0;0;0;0;0;0;0;0;0;0;0;0;0;0;0;0
FR;8;2021-12-07;0;0;0;0;0;0;0;0;0;0;0;0;0;0;0;0;0;0
FR;8;2021-12-08;0;0;0;0;0;0;0;0;0;0;0;0;0;0;0;0;0;0
FR;8;2021-12-09;0;0;0;0;0;0;0;0;0;0;0;0;0;0;0;0;0;0
FR;8;2021-12-10;0;0;0;0;0;0;0;0;0;0;0;0;0;0;0;0;0;0
FR;8;2021-12-11;0;0;0;0;0;0;0;0;0;0;0;0;0;0;0;0;0;0
FR;8;2021-12-12;0;0;0;0;0;0;0;0;0;0;0;0;0;0;0;0;0;0
FR;8;2021-12-13;0;0;0;0;0;0;0;0;0;0;0;0;0;0;0;0;0;0
FR;8;2021-12-14;0;0;0;0;0;0;0;0;0;0;0;0;0;0;0;0;0;0
FR;8;2021-12-15;0;0;0;0;0;0;0;0;0;0;0;0;0;0;0;0;0;0
FR;8;2021-12-16;0;0;0;0;0;0;0;0;0;0;0;0;0;0;0;0;0;0
FR;8;2021-12-17;0;0;0;0;0;0;0;0;0;0;0;0;0;0;0;0;0;0
FR;8;2021-12-18;0;0;0;0;0;0;0;0;0;0;0;0;0;0;0;0;0;0
FR;8;2021-12-19;0;0;0;0;0;0;0;0;0;0;0;0;0;0;0;0;0;0
FR;8;2021-12-20;0;0;0;0;0;0;0;0;0;0;0;0;0;0;0;0;0;0
FR;8;2021-12-21;0;0;0;0;0;0;0;0;0;0;0;0;0;0;0;0;0;0
FR;8;2021-12-22;0;0;0;0;0;0;0;0;0;0;0;0;0;0;0;0;0;0
FR;8;2021-12-23;0;0;0;0;0;0;0;0;0;0;0;0;0;0;0;0;0;0
FR;8;2021-12-24;0;0;0;0;0;0;0;0;0;0;0;0;0;0;0;0;0;0
FR;8;2021-12-25;0;0;0;0;0;0;0;0;0;0;0;0;0;0;0;0;0;0
FR;8;2021-12-26;0;0;0;0;0;0;0;0;0;0;0;0;0;0;0;0;0;0
FR;8;2021-12-27;0;0;0;0;0;0;0;0;0;0;0;0;0;0;0;0;0;0
FR;8;2021-12-28;0;0;0;0;0;0;0;0;0;0;0;0;0;0;0;0;0;0
FR;8;2021-12-29;0;0;0;0;0;0;0;0;0;0;0;0;0;0;0;0;0;0
FR;8;2021-12-30;0;0;0;0;0;0;0;0;0;0;0;0;0;0;0;0;0;0
FR;8;2021-12-31;0;0;0;0;0;0;0;0;0;0;0;0;0;0;0;0;0;0
FR;8;2022-01-01;0;0;0;0;0;0;0;0;0;0;0;0;0;0;0;0;0;0
FR;8;2022-01-02;0;0;0;0;0;0;0;0;0;0;0;0;0;0;0;0;0;0
FR;8;2022-01-03;0;0;0;0;0;0;0;0;0;0;0;0;0;0;0;0;0;0
FR;8;2022-01-04;0;0;0;0;0;0;0;0;0;0;0;0;0;0;0;0;0;0
FR;8;2022-01-05;0;0;0;0;0;0;0;0;0;0;0;0;0;0;0;0;0;0
FR;8;2022-01-06;0;0;0;0;0;0;0;0;0;0;0;0;0;0;0;0;0;0
FR;8;2022-01-07;0;0;0;0;0;0;0;0;0;0;0;0;0;0;0;0;0;0
FR;8;2022-01-08;0;0;0;0;0;0;0;0;0;0;0;0;0;0;0;0;0;0
FR;8;2022-01-09;0;0;0;0;0;0;0;0;0;0;0;0;0;0;0;0;0;0
FR;8;2022-01-10;0;0;0;0;0;0;0;0;0;0;0;0;0;0;0;0;0;0
FR;8;2022-01-11;0;0;0;0;0;0;0;0;0;0;0;0;0;0;0;0;0;0
FR;8;2022-01-12;0;0;0;0;0;0;0;0;0;0;0;0;0;0;0;0;0;0
FR;8;2022-01-13;0;0;0;0;0;0;0;0;0;0;0;0;0;0;0;0;0;0
FR;8;2022-01-14;0;0;0;0;0;0;0;0;0;0;0;0;0;0;0;0;0;0
FR;8;2022-01-15;0;0;0;0;0;0;0;0;0;0;0;0;0;0;0;0;0;0
FR;8;2022-01-16;0;0;0;0;0;0;0;0;0;0;0;0;0;0;0;0;0;0
FR;8;2022-01-17;0;0;0;0;0;0;0;0;0;0;0;0;0;0;0;0;0;0
FR;8;2022-01-18;0;0;0;0;0;0;0;0;0;0;0;0;0;0;0;0;0;0
FR;8;2022-01-19;0;0;0;0;0;0;0;0;0;0;0;0;0;0;0;0;0;0
FR;8;2022-01-20;0;0;0;0;0;0;0;0;0;0;0;0;0;0;0;0;0;0
FR;8;2022-01-21;0;0;0;0;0;0;0;0;0;0;0;0;0;0;0;0;0;0
FR;8;2022-01-22;0;0;0;0;0;0;0;0;0;0;0;0;0;0;0;0;0;0
FR;8;2022-01-23;0;0;0;0;0;0;0;0;0;0;0;0;0;0;0;0;0;0
FR;8;2022-01-24;0;0;0;0;0;0;0;0;0;0;0;0;0;0;0;0;0;0
FR;8;2022-01-25;0;0;0;0;0;0;0;0;0;0;0;0;0;0;0;0;0;0
FR;8;2022-01-26;0;0;0;0;0;0;0;0;0;0;0;0;0;0;0;0;0;0
FR;8;2022-01-27;0;0;0;0;0;0;0;0;0;0;0;0;0;0;0;0;0;0
FR;8;2022-01-28;0;0;0;0;0;0;0;0;0;0;0;0;0;0;0;0;0;0
FR;8;2022-01-29;0;0;0;0;0;0;0;0;0;0;0;0;0;0;0;0;0;0
FR;8;2022-01-30;0;0;0;0;0;0;0;0;0;0;0;0;0;0;0;0;0;0
FR;8;2022-01-31;0;0;0;0;0;0;0;0;0;0;0;0;0;0;0;0;0;0
FR;8;2022-02-01;0;0;0;0;0;0;0;0;0;0;0;0;0;0;0;0;0;0
FR;8;2022-02-02;0;0;0;0;0;0;0;0;0;0;0;0;0;0;0;0;0;0
FR;8;2022-02-03;0;0;0;0;0;0;0;0;0;0;0;0;0;0;0;0;0;0
FR;8;2022-02-04;0;0;0;0;0;0;0;0;0;0;0;0;0;0;0;0;0;0
FR;8;2022-02-05;0;0;0;0;0;0;0;0;0;0;0;0;0;0;0;0;0;0
FR;8;2022-02-06;0;0;0;0;0;0;0;0;0;0;0;0;0;0;0;0;0;0
FR;8;2022-02-07;0;0;0;0;0;0;0;0;0;0;0;0;0;0;0;0;0;0
FR;8;2022-02-08;0;0;0;0;0;0;0;0;0;0;0;0;0;0;0;0;0;0
FR;8;2022-02-09;0;0;0;0;0;0;0;0;0;0;0;0;0;0;0;0;0;0
FR;8;2022-02-10;0;0;0;0;0;0;0;0;0;0;0;0;0;0;0;0;0;0
FR;8;2022-02-11;0;0;0;0;0;0;0;0;0;0;0;0;0;0;0;0;0;0
FR;8;2022-02-12;0;0;0;0;0;0;0;0;0;0;0;0;0;0;0;0;0;0
FR;8;2022-02-13;0;0;0;0;0;0;0;0;0;0;0;0;0;0;0;0;0;0
FR;8;2022-02-14;0;0;0;0;0;0;0;0;0;0;0;0;0;0;0;0;0;0
FR;8;2022-02-15;0;0;0;0;0;0;0;0;0;0;0;0;0;0;0;0;0;0
FR;8;2022-02-16;0;0;0;0;0;0;0;0;0;0;0;0;0;0;0;0;0;0
FR;8;2022-02-17;0;0;0;0;0;0;0;0;0;0;0;0;0;0;0;0;0;0
FR;8;2022-02-18;0;0;0;0;0;0;0;0;0;0;0;0;0;0;0;0;0;0
FR;8;2022-02-19;0;0;0;0;0;0;0;0;0;0;0;0;0;0;0;0;0;0
FR;8;2022-02-20;0;0;0;0;0;0;0;0;0;0;0;0;0;0;0;0;0;0
FR;8;2022-02-21;0;0;0;0;0;0;0;0;0;0;0;0;0;0;0;0;0;0
FR;8;2022-02-22;0;0;0;0;0;0;0;0;0;0;0;0;0;0;0;0;0;0
FR;8;2022-02-23;0;0;0;0;0;0;0;0;0;0;0;0;0;0;0;0;0;0
FR;8;2022-02-24;0;0;0;0;0;0;0;0;0;0;0;0;0;0;0;0;0;0
FR;8;2022-02-25;0;0;0;0;0;0;0;0;0;0;0;0;0;0;0;0;0;0
FR;8;2022-02-26;0;0;0;0;0;0;0;0;0;0;0;0;0;0;0;0;0;0
FR;8;2022-02-27;0;0;0;0;0;0;0;0;0;0;0;0;0;0;0;0;0;0
FR;8;2022-02-28;0;0;0;0;0;0;0;0;0;0;0;0;0;0;0;0;0;0
FR;8;2022-03-01;0;0;0;0;0;0;0;0;0;0;0;0;0;0;0;0;0;0
FR;8;2022-03-02;0;0;0;0;0;0;0;0;0;0;0;0;0;0;0;0;0;0
FR;8;2022-03-03;0;0;0;0;0;0;0;0;0;0;0;0;0;0;0;0;0;0
FR;8;2022-03-04;0;0;0;0;0;0;0;0;0;0;0;0;0;0;0;0;0;0
FR;8;2022-03-05;0;0;0;0;0;0;0;0;0;0;0;0;0;0;0;0;0;0
FR;8;2022-03-06;0;0;0;0;0;0;0;0;0;0;0;0;0;0;0;0;0;0
FR;8;2022-03-07;0;0;0;0;0;0;0;0;0;0;0;0;0;0;0;0;0;0
FR;8;2022-03-08;0;0;0;0;0;0;0;0;0;0;0;0;0;0;0;0;0;0
FR;8;2022-03-09;0;0;0;0;0;0;0;0;0;0;0;0;0;0;0;0;0;0
FR;8;2022-03-10;0;0;0;0;0;0;0;0;0;0;0;0;0;0;0;0;0;0
FR;8;2022-03-11;0;0;0;0;0;0;0;0;0;0;0;0;0;0;0;0;0;0
FR;8;2022-03-12;0;0;0;0;0;0;0;0;0;0;0;0;0;0;0;0;0;0
FR;8;2022-03-13;0;0;0;0;0;0;0;0;0;0;0;0;0;0;0;0;0;0
FR;8;2022-03-14;0;0;0;0;0;0;0;0;0;0;0;0;0;0;0;0;0;0
FR;8;2022-03-15;0;0;0;0;0;0;0;0;0;0;0;0;0;0;0;0;0;0
FR;8;2022-03-16;0;0;0;0;0;0;0;0;0;0;0;0;0;0;0;0;0;0
FR;8;2022-03-17;0;0;0;0;0;0;0;0;0;0;0;0;0;0;0;0;0;0
FR;8;2022-03-18;0;0;0;0;0;0;0;0;0;0;0;0;0;0;0;0;0;0
FR;8;2022-03-19;0;0;0;0;0;0;0;0;0;0;0;0;0;0;0;0;0;0
FR;8;2022-03-20;0;0;0;0;0;0;0;0;0;0;0;0;0;0;0;0;0;0
FR;8;2022-03-21;0;0;0;0;0;0;0;0;0;0;0;0;0;0;0;0;0;0
FR;8;2022-03-22;0;0;0;0;0;0;0;0;0;0;0;0;0;0;0;0;0;0
FR;8;2022-03-23;0;0;0;0;0;0;0;0;0;0;0;0;0;0;0;0;0;0
FR;8;2022-03-24;0;0;0;0;0;0;0;0;0;0;0;0;0;0;0;0;0;0
FR;8;2022-03-25;0;0;0;0;0;0;0;0;0;0;0;0;0;0;0;0;0;0
FR;8;2022-03-26;0;0;0;0;0;0;0;0;0;0;0;0;0;0;0;0;0;0
FR;8;2022-03-27;0;0;0;0;0;0;0;0;0;0;0;0;0;0;0;0;0;0
FR;8;2022-03-28;0;0;0;0;0;0;0;0;0;0;0;0;0;0;0;0;0;0
FR;8;2022-03-29;0;0;0;0;0;0;0;0;0;0;0;0;0;0;0;0;0;0
FR;8;2022-03-30;0;0;0;0;0;0;0;0;0;0;0;0;0;0;0;0;0;0
FR;8;2022-03-31;0;0;0;0;0;0;0;0;0;0;0;0;0;0;0;0;0;0
FR;8;2022-04-01;0;0;0;0;0;0;0;0;0;0;0;0;0;0;0;0;0;0
FR;8;2022-04-02;0;0;0;0;0;0;0;0;0;0;0;0;0;0;0;0;0;0
FR;8;2022-04-03;0;0;0;0;0;0;0;0;0;0;0;0;0;0;0;0;0;0
FR;8;2022-04-04;0;0;0;0;0;0;0;0;0;0;0;0;0;0;0;0;0;0
FR;8;2022-04-05;0;0;0;0;0;0;0;0;0;0;0;0;0;0;0;0;0;0
FR;8;2022-04-06;0;0;0;0;0;0;0;0;0;0;0;0;0;0;0;0;0;0
FR;8;2022-04-07;0;0;0;0;0;0;0;0;0;0;0;0;0;0;0;0;0;0
FR;8;2022-04-08;0;0;0;0;0;0;0;0;0;0;0;0;0;0;0;0;0;0
FR;8;2022-04-09;0;0;0;0;0;0;0;0;0;0;0;0;0;0;0;0;0;0
FR;8;2022-04-10;0;0;0;0;0;0;0;0;0;0;0;0;0;0;0;0;0;0
FR;8;2022-04-11;0;0;0;0;0;0;0;0;0;0;0;0;0;0;0;0;0;0
FR;8;2022-04-12;0;0;0;0;0;0;0;0;0;0;0;0;0;0;0;0;0;0
FR;8;2022-04-13;0;0;0;0;0;0;0;0;0;0;0;0;0;0;0;0;0;0
FR;8;2022-04-14;0;0;0;0;0;0;0;0;0;0;0;0;0;0;0;0;0;0
FR;8;2022-04-15;0;0;0;0;0;0;0;0;0;0;0;0;0;0;0;0;0;0
FR;8;2022-04-16;0;0;0;0;0;0;0;0;0;0;0;0;0;0;0;0;0;0
FR;8;2022-04-17;0;0;0;0;0;0;0;0;0;0;0;0;0;0;0;0;0;0
FR;8;2022-04-18;0;0;0;0;0;0;0;0;0;0;0;0;0;0;0;0;0;0
FR;8;2022-04-19;0;0;0;0;0;0;0;0;0;0;0;0;0;0;0;0;0;0
FR;8;2022-04-20;0;0;0;0;0;0;0;0;0;0;0;0;0;0;0;0;0;0
FR;8;2022-04-21;0;0;0;0;0;0;0;0;0;0;0;0;0;0;0;0;0;0
FR;8;2022-04-22;0;0;0;0;0;0;0;0;0;0;0;0;0;0;0;0;0;0
FR;8;2022-04-23;0;0;0;0;0;0;0;0;0;0;0;0;0;0;0;0;0;0
FR;8;2022-04-24;0;0;0;0;0;0;0;0;0;0;0;0;0;0;0;0;0;0
FR;8;2022-04-25;0;0;0;0;0;0;0;0;0;0;0;0;0;0;0;0;0;0
FR;8;2022-04-26;0;0;0;0;0;0;0;0;0;0;0;0;0;0;0;0;0;0
FR;8;2022-04-27;0;0;0;0;0;0;0;0;0;0;0;0;0;0;0;0;0;0
FR;8;2022-04-28;0;0;0;0;0;0;0;0;0;0;0;0;0;0;0;0;0;0
FR;8;2022-04-29;0;0;0;0;0;0;0;0;0;0;0;0;0;0;0;0;0;0
FR;8;2022-04-30;0;0;0;0;0;0;0;0;0;0;0;0;0;0;0;0;0;0
FR;8;2022-05-01;0;0;0;0;0;0;0;0;0;0;0;0;0;0;0;0;0;0
FR;8;2022-05-02;0;0;0;0;0;0;0;0;0;0;0;0;0;0;0;0;0;0
FR;8;2022-05-03;0;0;0;0;0;0;0;0;0;0;0;0;0;0;0;0;0;0
FR;8;2022-05-04;0;0;0;0;0;0;0;0;0;0;0;0;0;0;0;0;0;0
FR;8;2022-05-05;0;0;0;0;0;0;0;0;0;0;0;0;0;0;0;0;0;0
FR;8;2022-05-06;0;0;0;0;0;0;0;0;0;0;0;0;0;0;0;0;0;0
FR;8;2022-05-07;0;0;0;0;0;0;0;0;0;0;0;0;0;0;0;0;0;0
FR;8;2022-05-08;0;0;0;0;0;0;0;0;0;0;0;0;0;0;0;0;0;0
FR;8;2022-05-09;0;0;0;0;0;0;0;0;0;0;0;0;0;0;0;0;0;0
FR;8;2022-05-10;0;0;0;0;0;0;0;0;0;0;0;0;0;0;0;0;0;0
FR;8;2022-05-11;0;0;0;0;0;0;0;0;0;0;0;0;0;0;0;0;0;0
FR;8;2022-05-12;0;0;0;0;0;0;0;0;0;0;0;0;0;0;0;0;0;0
FR;8;2022-05-13;0;0;0;0;0;0;0;0;0;0;0;0;0;0;0;0;0;0
FR;8;2022-05-14;0;0;0;0;0;0;0;0;0;0;0;0;0;0;0;0;0;0
FR;8;2022-05-15;0;0;0;0;0;0;0;0;0;0;0;0;0;0;0;0;0;0
FR;8;2022-05-16;0;0;0;0;0;0;0;0;0;0;0;0;0;0;0;0;0;0
FR;8;2022-05-17;0;0;0;0;0;0;0;0;0;0;0;0;0;0;0;0;0;0
FR;8;2022-05-18;0;0;0;0;0;0;0;0;0;0;0;0;0;0;0;0;0;0
FR;8;2022-05-19;0;0;0;0;0;0;0;0;0;0;0;0;0;0;0;0;0;0
FR;8;2022-05-20;0;0;0;0;0;0;0;0;0;0;0;0;0;0;0;0;0;0
FR;8;2022-05-21;0;0;0;0;0;0;0;0;0;0;0;0;0;0;0;0;0;0
FR;8;2022-05-22;0;0;0;0;0;0;0;0;0;0;0;0;0;0;0;0;0;0
FR;8;2022-05-23;0;0;0;0;0;0;0;0;0;0;0;0;0;0;0;0;0;0
FR;8;2022-05-24;0;0;0;0;0;0;0;0;0;0;0;0;0;0;0;0;0;0
FR;8;2022-05-25;0;0;0;0;0;0;0;0;0;0;0;0;0;0;0;0;0;0
FR;8;2022-05-26;0;0;0;0;0;0;0;0;0;0;0;0;0;0;0;0;0;0
FR;8;2022-05-27;0;0;0;0;0;0;0;0;0;0;0;0;0;0;0;0;0;0
FR;8;2022-05-28;0;0;0;0;0;0;0;0;0;0;0;0;0;0;0;0;0;0
FR;8;2022-05-29;0;0;0;0;0;0;0;0;0;0;0;0;0;0;0;0;0;0
FR;8;2022-05-30;0;0;0;0;0;0;0;0;0;0;0;0;0;0;0;0;0;0
FR;8;2022-05-31;0;0;0;0;0;0;0;0;0;0;0;0;0;0;0;0;0;0
FR;8;2022-06-01;0;0;0;0;0;0;0;0;0;0;0;0;0;0;0;0;0;0
FR;8;2022-06-02;0;0;0;0;0;0;0;0;0;0;0;0;0;0;0;0;0;0
FR;8;2022-06-03;0;0;0;0;0;0;0;0;0;0;0;0;0;0;0;0;0;0
FR;8;2022-06-04;0;0;0;0;0;0;0;0;0;0;0;0;0;0;0;0;0;0
FR;8;2022-06-05;0;0;0;0;0;0;0;0;0;0;0;0;0;0;0;0;0;0
FR;8;2022-06-06;0;0;0;0;0;0;0;0;0;0;0;0;0;0;0;0;0;0
FR;8;2022-06-07;0;0;0;0;0;0;0;0;0;0;0;0;0;0;0;0;0;0
FR;8;2022-06-08;0;0;0;0;0;0;0;0;0;0;0;0;0;0;0;0;0;0
FR;8;2022-06-09;0;0;0;0;0;0;0;0;0;0;0;0;0;0;0;0;0;0
FR;8;2022-06-10;0;0;0;0;0;0;0;0;0;0;0;0;0;0;0;0;0;0
FR;8;2022-06-11;0;0;0;0;0;0;0;0;0;0;0;0;0;0;0;0;0;0
FR;8;2022-06-12;0;0;0;0;0;0;0;0;0;0;0;0;0;0;0;0;0;0
FR;8;2022-06-13;0;0;0;0;0;0;0;0;0;0;0;0;0;0;0;0;0;0
FR;8;2022-06-14;0;0;0;0;0;0;0;0;0;0;0;0;0;0;0;0;0;0
FR;8;2022-06-15;0;0;0;0;0;0;0;0;0;0;0;0;0;0;0;0;0;0
FR;8;2022-06-16;0;0;0;0;0;0;0;0;0;0;0;0;0;0;0;0;0;0
FR;8;2022-06-17;0;0;0;0;0;0;0;0;0;0;0;0;0;0;0;0;0;0
FR;8;2022-06-18;0;0;0;0;0;0;0;0;0;0;0;0;0;0;0;0;0;0
FR;8;2022-06-19;0;0;0;0;0;0;0;0;0;0;0;0;0;0;0;0;0;0
FR;8;2022-06-20;0;0;0;0;0;0;0;0;0;0;0;0;0;0;0;0;0;0
FR;8;2022-06-21;0;0;0;0;0;0;0;0;0;0;0;0;0;0;0;0;0;0
FR;8;2022-06-22;0;0;0;0;0;0;0;0;0;0;0;0;0;0;0;0;0;0
FR;8;2022-06-23;0;0;0;0;0;0;0;0;0;0;0;0;0;0;0;0;0;0
FR;8;2022-06-24;0;0;0;0;0;0;0;0;0;0;0;0;0;0;0;0;0;0
FR;8;2022-06-25;0;0;0;0;0;0;0;0;0;0;0;0;0;0;0;0;0;0
FR;8;2022-06-26;0;0;0;0;0;0;0;0;0;0;0;0;0;0;0;0;0;0
FR;8;2022-06-27;0;0;0;0;0;0;0;0;0;0;0;0;0;0;0;0;0;0
FR;8;2022-06-28;0;0;0;0;0;0;0;0;0;0;0;0;0;0;0;0;0;0
FR;8;2022-06-29;0;0;0;0;0;0;0;0;0;0;0;0;0;0;0;0;0;0
FR;8;2022-06-30;0;0;0;0;0;0;0;0;0;0;0;0;0;0;0;0;0;0
FR;8;2022-07-01;0;0;0;0;0;0;0;0;0;0;0;0;0;0;0;0;0;0
FR;8;2022-07-02;0;0;0;0;0;0;0;0;0;0;0;0;0;0;0;0;0;0
FR;8;2022-07-03;0;0;0;0;0;0;0;0;0;0;0;0;0;0;0;0;0;0
FR;8;2022-07-04;0;0;0;0;0;0;0;0;0;0;0;0;0;0;0;0;0;0
FR;8;2022-07-05;0;0;0;0;0;0;0;0;0;0;0;0;0;0;0;0;0;0
FR;8;2022-07-06;0;0;0;0;0;0;0;0;0;0;0;0;0;0;0;0;0;0
FR;8;2022-07-07;0;0;0;0;0;0;0;0;0;0;0;0;0;0;0;0;0;0
FR;8;2022-07-08;0;0;0;0;0;0;0;0;0;0;0;0;0;0;0;0;0;0
FR;8;2022-07-09;0;0;0;0;0;0;0;0;0;0;0;0;0;0;0;0;0;0
FR;8;2022-07-10;0;0;0;0;0;0;0;0;0;0;0;0;0;0;0;0;0;0
FR;8;2022-07-11;0;0;0;0;0;0;0;0;0;0;0;0;0;0;0;0;0;0
FR;8;2022-07-12;0;0;0;0;0;0;0;0;0;0;0;0;0;0;0;0;0;0
FR;8;2022-07-13;0;0;0;0;0;0;0;0;0;0;0;0;0;0;0;0;0;0
FR;8;2022-07-14;0;0;0;0;0;0;0;0;0;0;0;0;0;0;0;0;0;0
FR;8;2022-07-15;0;0;0;0;0;0;0;0;0;0;0;0;0;0;0;0;0;0
FR;8;2022-07-16;0;0;0;0;0;0;0;0;0;0;0;0;0;0;0;0;0;0
FR;8;2022-07-17;0;0;0;0;0;0;0;0;0;0;0;0;0;0;0;0;0;0
FR;8;2022-07-18;0;0;0;0;0;0;0;0;0;0;0;0;0;0;0;0;0;0
FR;8;2022-07-19;0;0;0;0;0;0;0;0;0;0;0;0;0;0;0;0;0;0
FR;8;2022-07-20;0;0;0;0;0;0;0;0;0;0;0;0;0;0;0;0;0;0
FR;8;2022-07-21;0;0;0;0;0;0;0;0;0;0;0;0;0;0;0;0;0;0
FR;8;2022-07-22;0;0;0;0;0;0;0;0;0;0;0;0;0;0;0;0;0;0
FR;8;2022-07-23;0;0;0;0;0;0;0;0;0;0;0;0;0;0;0;0;0;0
FR;8;2022-07-24;0;0;0;0;0;0;0;0;0;0;0;0;0;0;0;0;0;0
FR;8;2022-07-25;0;0;0;0;0;0;0;0;0;0;0;0;0;0;0;0;0;0
FR;8;2022-07-26;0;0;0;0;0;0;0;0;0;0;0;0;0;0;0;0;0;0
FR;8;2022-07-27;0;0;0;0;0;0;0;0;0;0;0;0;0;0;0;0;0;0
FR;8;2022-07-28;0;0;0;0;0;0;0;0;0;0;0;0;0;0;0;0;0;0
FR;8;2022-07-29;0;0;0;0;0;0;0;0;0;0;0;0;0;0;0;0;0;0
FR;8;2022-07-30;0;0;0;0;0;0;0;0;0;0;0;0;0;0;0;0;0;0
FR;8;2022-07-31;0;0;0;0;0;0;0;0;0;0;0;0;0;0;0;0;0;0
FR;8;2022-08-01;0;0;0;0;0;0;0;0;0;0;0;0;0;0;0;0;0;0
FR;8;2022-08-02;0;0;0;0;0;0;0;0;0;0;0;0;0;0;0;0;0;0
FR;8;2022-08-03;0;0;0;0;0;0;0;0;0;0;0;0;0;0;0;0;0;0
FR;8;2022-08-04;0;0;0;0;0;0;0;0;0;0;0;0;0;0;0;0;0;0
FR;8;2022-08-05;0;0;0;0;0;0;0;0;0;0;0;0;0;0;0;0;0;0
FR;8;2022-08-06;0;0;0;0;0;0;0;0;0;0;0;0;0;0;0;0;0;0
FR;8;2022-08-07;0;0;0;0;0;0;0;0;0;0;0;0;0;0;0;0;0;0
FR;8;2022-08-08;0;0;0;0;0;0;0;0;0;0;0;0;0;0;0;0;0;0
FR;8;2022-08-09;0;0;0;0;0;0;0;0;0;0;0;0;0;0;0;0;0;0
FR;8;2022-08-10;0;0;0;0;0;0;0;0;0;0;0;0;0;0;0;0;0;0
FR;8;2022-08-11;0;0;0;0;0;0;0;0;0;0;0;0;0;0;0;0;0;0
FR;8;2022-08-12;0;0;0;0;0;0;0;0;0;0;0;0;0;0;0;0;0;0
FR;8;2022-08-13;0;0;0;0;0;0;0;0;0;0;0;0;0;0;0;0;0;0
FR;8;2022-08-14;0;0;0;0;0;0;0;0;0;0;0;0;0;0;0;0;0;0
FR;8;2022-08-15;0;0;0;0;0;0;0;0;0;0;0;0;0;0;0;0;0;0
FR;8;2022-08-16;0;0;0;0;0;0;0;0;0;0;0;0;0;0;0;0;0;0
FR;8;2022-08-17;0;0;0;0;0;0;0;0;0;0;0;0;0;0;0;0;0;0
FR;8;2022-08-18;0;0;0;0;0;0;0;0;0;0;0;0;0;0;0;0;0;0
FR;8;2022-08-19;0;0;0;0;0;0;0;0;0;0;0;0;0;0;0;0;0;0
FR;8;2022-08-20;0;0;0;0;0;0;0;0;0;0;0;0;0;0;0;0;0;0
FR;8;2022-08-21;0;0;0;0;0;0;0;0;0;0;0;0;0;0;0;0;0;0
FR;8;2022-08-22;0;0;0;0;0;0;0;0;0;0;0;0;0;0;0;0;0;0
FR;8;2022-08-23;0;0;0;0;0;0;0;0;0;0;0;0;0;0;0;0;0;0
FR;8;2022-08-24;0;0;0;0;0;0;0;0;0;0;0;0;0;0;0;0;0;0
FR;8;2022-08-25;0;0;0;0;0;0;0;0;0;0;0;0;0;0;0;0;0;0
FR;8;2022-08-26;0;0;0;0;0;0;0;0;0;0;0;0;0;0;0;0;0;0
FR;8;2022-08-27;0;0;0;0;0;0;0;0;0;0;0;0;0;0;0;0;0;0
FR;8;2022-08-28;0;0;0;0;0;0;0;0;0;0;0;0;0;0;0;0;0;0
FR;8;2022-08-29;0;0;0;0;0;0;0;0;0;0;0;0;0;0;0;0;0;0
FR;8;2022-08-30;0;0;0;0;0;0;0;0;0;0;0;0;0;0;0;0;0;0
FR;8;2022-08-31;0;0;0;0;0;0;0;0;0;0;0;0;0;0;0;0;0;0
FR;8;2022-09-01;0;0;0;0;0;0;0;0;0;0;0;0;0;0;0;0;0;0
FR;8;2022-09-02;0;0;0;0;0;0;0;0;0;0;0;0;0;0;0;0;0;0
FR;8;2022-09-03;0;0;0;0;0;0;0;0;0;0;0;0;0;0;0;0;0;0
FR;8;2022-09-04;0;0;0;0;0;0;0;0;0;0;0;0;0;0;0;0;0;0
FR;8;2022-09-05;0;0;0;0;0;0;0;0;0;0;0;0;0;0;0;0;0;0
FR;8;2022-09-06;0;0;0;0;0;0;0;0;0;0;0;0;0;0;0;0;0;0
FR;8;2022-09-07;0;0;0;0;0;0;0;0;0;0;0;0;0;0;0;0;0;0
FR;8;2022-09-08;0;0;0;0;0;0;0;0;0;0;0;0;0;0;0;0;0;0
FR;8;2022-09-09;0;0;0;0;0;0;0;0;0;0;0;0;0;0;0;0;0;0
FR;8;2022-09-10;0;0;0;0;0;0;0;0;0;0;0;0;0;0;0;0;0;0
FR;8;2022-09-11;0;0;0;0;0;0;0;0;0;0;0;0;0;0;0;0;0;0
FR;8;2022-09-12;0;0;0;0;0;0;0;0;0;0;0;0;0;0;0;0;0;0
FR;8;2022-09-13;0;0;0;0;0;0;0;0;0;0;0;0;0;0;0;0;0;0
FR;8;2022-09-14;0;0;0;0;0;0;0;0;0;0;0;0;0;0;0;0;0;0
FR;8;2022-09-15;0;0;0;0;0;0;0;0;0;0;0;0;0;0;0;0;0;0
FR;8;2022-09-16;0;0;0;0;0;0;0;0;0;0;0;0;0;0;0;0;0;0
FR;8;2022-09-17;0;0;0;0;0;0;0;0;0;0;0;0;0;0;0;0;0;0
FR;8;2022-09-18;0;0;0;0;0;0;0;0;0;0;0;0;0;0;0;0;0;0
FR;8;2022-09-19;0;0;0;0;0;0;0;0;0;0;0;0;0;0;0;0;0;0
FR;8;2022-09-20;0;0;0;0;0;0;0;0;0;0;0;0;0;0;0;0;0;0
FR;8;2022-09-21;0;0;0;0;0;0;0;0;0;0;0;0;0;0;0;0;0;0
FR;8;2022-09-22;0;0;0;0;0;0;0;0;0;0;0;0;0;0;0;0;0;0
FR;8;2022-09-23;0;0;0;0;0;0;0;0;0;0;0;0;0;0;0;0;0;0
FR;8;2022-09-24;0;0;0;0;0;0;0;0;0;0;0;0;0;0;0;0;0;0
FR;8;2022-09-25;0;0;0;0;0;0;0;0;0;0;0;0;0;0;0;0;0;0
FR;8;2022-09-26;0;0;0;0;0;0;0;0;0;0;0;0;0;0;0;0;0;0
FR;8;2022-09-27;0;0;0;0;0;0;0;0;0;0;0;0;0;0;0;0;0;0
FR;8;2022-09-28;0;0;0;0;0;0;0;0;0;0;0;0;0;0;0;0;0;0
FR;8;2022-09-29;0;0;0;0;0;0;0;0;0;0;0;0;0;0;0;0;0;0
FR;8;2022-09-30;0;0;0;0;0;0;0;0;0;0;0;0;0;0;0;0;0;0
FR;8;2022-10-01;0;0;0;0;0;0;0;0;0;0;0;0;0;0;0;0;0;0
FR;8;2022-10-02;0;0;0;0;0;0;0;0;0;0;0;0;0;0;0;0;0;0
FR;8;2022-10-03;0;0;0;0;0;0;0;0;0;0;0;0;0;0;0;0;0;0
FR;8;2022-10-04;0;0;0;0;0;0;0;0;0;0;0;0;0;0;0;0;0;0
FR;8;2022-10-05;0;0;0;0;0;0;0;0;0;0;0;0;0;0;0;0;0;0
FR;8;2022-10-06;8;17;113;860;8;83;865;1058;110;8;17;113;860;8;83;865;1058;110
FR;8;2022-10-07;72;101;842;8011;62;699;8065;9844;1073;80;118;955;8871;70;782;8930;10902;1183
FR;8;2022-10-08;34;115;610;4057;50;516;4109;5310;676;114;233;1565;12928;120;1298;13039;16212;1859
FR;8;2022-10-09;17;22;145;885;13;132;913;1234;185;131;255;1710;13813;133;1430;13952;17446;2044
FR;8;2022-10-10;119;192;1344;12681;106;1028;12920;16220;2251;250;447;3054;26494;239;2458;26872;33666;4295
FR;8;2022-10-11;179;261;2476;26919;135;2010;27190;33953;4716;429;708;5530;53413;374;4468;54062;67619;9011
FR;8;2022-10-12;153;255;1831;18234;149;1441;18470;23469;3534;582;963;7361;71647;523;5909;72532;91088;12545
FR;8;2022-10-13;206;279;2509;28066;176;1902;28430;35566;5206;788;1242;9870;99713;699;7811;100962;126654;17751
FR;8;2022-10-14;256;419;3271;36240;241;2555;36666;45565;6302;1044;1661;13141;135953;940;10366;137628;172219;24053
FR;8;2022-10-15;102;182;1203;8802;79;1001;8931;11782;1830;1146;1843;14344;144755;1019;11367;146559;184001;25883
FR;8;2022-10-16;34;54;248;1522;26;215;1557;2179;402;1180;1897;14592;146277;1045;11582;148116;186180;26285
FR;8;2022-10-17;157;310;2097;21773;173;1624;22081;28261;4534;1337;2207;16689;168050;1218;13206;170197;214441;30819
FR;8;2022-10-18;269;347;3355;37849;224;2653;38232;50773;9815;1606;2554;20044;205899;1442;15859;208429;265214;40634
FR;8;2022-10-19;193;313;2627;28294;182;2185;28611;38697;7840;1799;2867;22671;234193;1624;18044;237040;303911;48474
FR;8;2022-10-20;251;363;3576;41170;223;2651;41781;55654;11137;2050;3230;26247;275363;1847;20695;278821;359565;59611
FR;8;2022-10-21;325;489;4454;49394;276;3470;49991;66266;12708;2375;3719;30701;324757;2123;24165;328812;425831;72319
FR;8;2022-10-22;124;168;1230;10661;111;927;10849;14742;2948;2499;3887;31931;335418;2234;25092;339661;440573;75267
FR;8;2022-10-23;49;53;266;1761;48;197;1840;2609;571;2548;3940;32197;337179;2282;25289;341501;443182;75838
FR;8;2022-10-24;230;311;2475;24039;173;2074;24337;33543;7081;2778;4251;34672;361218;2455;27363;365838;476725;82919
FR;8;2022-10-25;306;412;4077;43408;255;3131;44009;61231;13988;3084;4663;38749;404626;2710;30494;409847;537956;96907
FR;8;2022-10-26;225;342;2871;28690;184;2368;28968;41313;9889;3309;5005;41620;433316;2894;32862;438815;579269;106796
FR;8;2022-10-27;273;415;3321;36160;242;2631;36633;51195;11866;3582;5420;44941;469476;3136;35493;475448;630464;118662
FR;8;2022-10-28;327;461;3826;39439;256;2860;40172;55058;11957;3909;5881;48767;508915;3392;38353;515620;685522;130619
FR;8;2022-10-29;110;165;1072;8223;94;801;8368;11852;2666;4019;6046;49839;517138;3486;39154;523988;697374;133285
FR;8;2022-10-30;40;53;209;1343;38;180;1388;2057;485;4059;6099;50048;518481;3524;39334;525376;699431;133770
FR;8;2022-10-31;195;256;1660;14535;140;1274;14799;21147;5056;4254;6355;51708;533016;3664;40608;540175;720578;138826
FR;8;2022-11-01;26;40;133;953;22;167;969;1592;454;4280;6395;51841;533969;3686;40775;541144;722170;139280
FR;8;2022-11-02;194;368;2370;23288;202;1969;23683;35000;9281;4474;6763;54211;557257;3888;42744;564827;757170;148561
FR;8;2022-11-03;308;416;3484;36927;255;2604;37566;54604;14335;4782;7179;57695;594184;4143;45348;602393;811774;162896
FR;8;2022-11-04;355;494;3781;40189;258;2972;40709;57956;14164;5137;7673;61476;634373;4401;48320;643102;869730;177060
FR;8;2022-11-05;113;182;1102;8759;117;849;8926;12876;3066;5250;7855;62578;643132;4518;49169;652028;882606;180126
FR;8;2022-11-06;42;56;224;1405;38;205;1439;2244;590;5292;7911;62802;644537;4556;49374;653467;884850;180716
FR;8;2022-11-07;230;275;2315;24733;200;1789;25316;37440;10267;5522;8186;65117;669270;4756;51163;678783;922290;190983
FR;8;2022-11-08;340;503;4331;48337;303;3260;49307;71481;18753;5862;8689;69448;717607;5059;54423;728090;993771;209736
FR;8;2022-11-09;259;366;2875;29158;207;2258;29844;44432;12246;6121;9055;72323;746765;5266;56681;757934;1038203;221982
FR;8;2022-11-10;366;530;3946;40200;302;3015;41114;60389;16121;6487;9585;76269;786965;5568;59696;799048;1098592;238103
FR;8;2022-11-11;39;64;243;1475;31;206;1521;2664;924;6526;9649;76512;788440;5599;59902;800569;1101256;239027
FR;8;2022-11-12;85;165;881;6429;79;686;6633;9890;2552;6611;9814;77393;794869;5678;60588;807202;1111146;241579
FR;8;2022-11-13;36;54;212;1109;34;172;1161;1922;583;6647;9868;77605;795978;5712;60760;808363;1113068;242162
FR;8;2022-11-14;228;303;2237;22413;164;1715;22958;34998;10251;6875;10171;79842;818391;5876;62475;831321;1148066;252413
FR;8;2022-11-15;337;420;3757;42284;253;2857;43188;64668;18492;7212;10591;83599;860675;6129;65332;874509;1212734;270905
FR;8;2022-11-16;297;346;2616;26495;213;2149;26963;41656;12459;7509;10937;86215;887170;6342;67481;901472;1254390;283364
FR;8;2022-11-17;362;426;3380;36817;284;2607;37401;56578;16471;7871;11363;89595;923987;6626;70088;938873;1310968;299835
FR;8;2022-11-18;341;463;4062;42267;282;2971;43118;63577;17384;8212;11826;93657;966254;6908;73059;981991;1374545;317219
FR;8;2022-11-19;121;179;1198;8969;115;844;9148;13820;3790;8333;12005;94855;975223;7023;73903;991139;1388365;321009
FR;8;2022-11-20;33;49;260;1584;33;217;1651;2649;777;8366;12054;95115;976807;7056;74120;992790;1391014;321786
FR;8;2022-11-21;215;300;2073;20051;175;1588;20576;32007;9776;8581;12354;97188;996858;7231;75708;1013366;1423021;331562
FR;8;2022-11-22;334;405;3464;37504;247;2663;38027;58030;17229;8915;12759;100652;1034362;7478;78371;1051393;1481051;348791
FR;8;2022-11-23;226;316;2408;24408;180;2011;24838;39142;12212;9141;13075;103060;1058770;7658;80382;1076231;1520193;361003
FR;8;2022-11-24;347;378;3365;34826;228;2573;35517;55100;16912;9488;13453;106425;1093596;7886;82955;1111748;1575293;377915
FR;8;2022-11-25;308;420;3628;37719;280;2619;38512;57793;16538;9796;13873;110053;1131315;8166;85574;1150260;1633086;394453
FR;8;2022-11-26;169;194;1176;8796;126;896;8954;13658;3777;9965;14067;111229;1140111;8292;86470;1159214;1646744;398230
FR;8;2022-11-27;45;41;227;1545;34;180;1561;2472;721;10010;14108;111456;1141656;8326;86650;1160775;1649216;398951
FR;8;2022-11-28;180;298;2301;23294;169;1692;23947;37187;11474;10190;14406;113757;1164950;8495;88342;1184722;1686403;410425
FR;8;2022-11-29;291;427;3963;43987;215;2936;44655;68938;21224;10481;14833;117720;1208937;8710;91278;1229377;1755341;431649
FR;8;2022-11-30;278;408;3365;34833;224;2540;35576;54622;16388;10759;15241;121085;1243770;8934;93818;1264953;1809963;448037
FR;8;2022-12-01;329;472;4457;49171;269;3098;49964;77301;24077;11088;15713;125542;1292941;9203;96916;1314917;1887264;472114
FR;8;2022-12-02;403;514;5420;58336;300;3728;59510;89591;26164;11491;16227;130962;1351277;9503;100644;1374427;1976855;498278
FR;8;2022-12-03;173;215;1911;16818;107;1320;17232;25773;7185;11664;16442;132873;1368095;9610;101964;1391659;2002628;505463
FR;8;2022-12-04;53;89;488;4044;59;402;4105;6267;1748;11717;16531;133361;1372139;9669;102366;1395764;2008895;507211
FR;8;2022-12-05;273;396;3830;42280;240;2496;43202;66712;20866;11990;16927;137191;1414419;9909;104862;1438966;2075607;528077
FR;8;2022-12-06;416;539;6290;74167;297;4206;75579;117567;37537;12406;17466;143481;1488586;10206;109068;1514545;2193174;565614
FR;8;2022-12-07;357;426;4898;54932;257;3231;56022;87475;28029;12763;17892;148379;1543518;10463;112299;1570567;2280649;593643
FR;8;2022-12-08;453;528;6403;75227;288;4169;76797;120028;38805;13216;18420;154782;1618745;10751;116468;1647364;2400677;632448
FR;8;2022-12-09;543;600;8000;90794;353;5196;92547;142722;44712;13759;19020;162782;1709539;11104;121664;1739911;2543399;677160
FR;8;2022-12-10;260;299;3334;31682;165;2084;32528;48682;13979;14019;19319;166116;1741221;11269;123748;1772439;2592081;691139
FR;8;2022-12-11;88;104;931;7855;66;639;8071;11871;3141;14107;19423;167047;1749076;11335;124387;1780510;2603952;694280
FR;8;2022-12-12;350;455;5839;64206;248;3707;65729;103105;33472;14457;19878;172886;1813282;11583;128094;1846239;2707057;727752
FR;8;2022-12-13;528;601;8408;98923;348;5179;101344;159782;52927;14985;20479;181294;1912205;11931;133273;1947583;2866839;780679
FR;8;2022-12-14;446;528;6326;69862;303;4169;71408;113016;37170;15431;21007;187620;1982067;12234;137442;2018991;2979855;817849
FR;8;2022-12-15;488;638;8110;91453;355;5090;93626;148567;49514;15919;21645;195730;2073520;12589;142532;2112617;3128422;867363
FR;8;2022-12-16;574;703;8831;100053;378;5669;102161;161421;53218;16493;22348;204561;2173573;12967;148201;2214778;3289843;920581
FR;8;2022-12-17;230;307;3141;29985;186;1999;30757;46659;13797;16723;22655;207702;2203558;13153;150200;2245535;3336502;934378
FR;8;2022-12-18;63;91;729;5961;45;498;6107;9273;2639;16786;22746;208431;2209519;13198;150698;2251642;3345775;937017
FR;8;2022-12-19;395;450;5330;53630;263;3358;55191;87500;28770;17181;23196;213761;2263149;13461;154056;2306833;3433275;965787
FR;8;2022-12-20;551;569;7332;76306;335;4738;78404;126636;43168;17732;23765;221093;2339455;13796;158794;2385237;3559911;1008955
FR;8;2022-12-21;409;474;4934;48530;280;3297;49812;81194;27895;18141;24239;226027;2387985;14076;162091;2435049;3641105;1036850
FR;8;2022-12-22;453;519;4545;44022;310;3133;45234;74220;25699;18594;24758;230572;2432007;14386;165224;2480283;3715325;1062549
FR;8;2022-12-23;306;383;2875;24920;245;2063;25590;42047;14278;18900;25141;233447;2456927;14631;167287;2505873;3757372;1076827
FR;8;2022-12-24;68;69;394;2538;40;294;2654;4127;1163;18968;25210;233841;2459465;14671;167581;2508527;3761499;1077990
FR;8;2022-12-25;29;27;104;535;21;81;555;896;257;18997;25237;233945;2460000;14692;167662;2509082;3762395;1078247
FR;8;2022-12-26;240;272;2153;16020;173;1496;16653;26693;8449;19237;25509;236098;2476020;14865;169158;2525735;3789088;1086696
FR;8;2022-12-27;378;444;3749;32302;251;2513;33395;55100;19045;19615;25953;239847;2508322;15116;171671;2559130;3844188;1105741
FR;8;2022-12-28;338;338;2920;24585;189;2035;25170;41556;14232;19953;26291;242767;2532907;15305;173706;2584300;3885744;1119973
FR;8;2022-12-29;294;400;3145;25427;220;2162;26344;43642;15009;20247;26691;245912;2558334;15525;175868;2610644;3929386;1134982
FR;8;2022-12-30;291;337;2433;18600;209;1692;19232;31527;10496;20538;27028;248345;2576934;15734;177560;2629876;3960913;1145478
FR;8;2022-12-31;91;117;450;2945;74;363;3088;4733;1262;20629;27145;248795;2579879;15808;177923;2632964;3965646;1146740
FR;8;2023-01-01;14;30;111;655;14;83;679;985;222;20643;27175;248906;2580534;15822;178006;2633643;3966631;1146962
FR;8;2023-01-02;252;382;2245;18144;223;1583;18606;31888;11614;20895;27557;251151;2598678;16045;179589;2652249;3998519;1158576
FR;8;2023-01-03;457;528;4203;42627;306;2869;43549;80457;33722;21352;28085;255354;2641305;16351;182458;2695798;4078976;1192298
FR;8;2023-01-04;405;458;3455;29787;283;2382;30519;57785;24702;21757;28543;258809;2671092;16634;184840;2726317;4136761;1217000
FR;8;2023-01-05;486;572;4322;41502;377;2872;42376;81139;35575;22243;29115;263131;2712594;17011;187712;2768693;4217900;1252575
FR;8;2023-01-06;498;653;5047;46369;385;3297;47351;88879;37906;22741;29768;268178;2758963;17396;191009;2816044;4306779;1290481
FR;8;2023-01-07;212;287;1674;12211;175;1178;12522;22154;8356;22953;30055;269852;2771174;17571;192187;2828566;4328933;1298837
FR;8;2023-01-08;66;104;434;2693;62;307;2781;4981;1876;23019;30159;270286;2773867;17633;192494;2831347;4333914;1300713
FR;8;2023-01-09;383;461;2562;21160;296;1790;21731;43807;20070;23402;30620;272848;2795027;17929;194284;2853078;4377721;1320783
FR;8;2023-01-10;440;583;4257;39466;358;2972;40276;83467;39846;23842;31203;277105;2834493;18287;197256;2893354;4461188;1360629
FR;8;2023-01-11;330;436;2862;23630;265;2039;24135;50270;23814;24172;31639;279967;2858123;18552;199295;2917489;4511458;1384443
FR;8;2023-01-12;386;510;3509;32183;296;2439;32792;68610;33040;24558;32149;283476;2890306;18848;201734;2950281;4580068;1417483
FR;8;2023-01-13;412;551;3897;33804;309;2736;34373;70624;33150;24970;32700;287373;2924110;19157;204470;2984654;4650692;1450633
FR;8;2023-01-14;160;214;1277;8518;114;902;8698;16504;6829;25130;32914;288650;2932628;19271;205372;2993352;4667196;1457462
FR;8;2023-01-15;43;81;296;1359;50;224;1446;2890;1208;25173;32995;288946;2933987;19321;205596;2994798;4670086;1458670
FR;9;2020-12-27;0;0;0;0;0;0;0;0;0;0;0;0;0;0;0;0;0;0
FR;9;2020-12-28;0;0;0;0;0;0;0;0;0;0;0;0;0;0;0;0;0;0
FR;9;2020-12-29;0;0;0;0;0;0;0;0;0;0;0;0;0;0;0;0;0;0
FR;9;2020-12-30;0;0;0;0;0;0;0;0;0;0;0;0;0;0;0;0;0;0
FR;9;2020-12-31;0;0;0;0;0;0;0;0;0;0;0;0;0;0;0;0;0;0
FR;9;2021-01-01;0;0;0;0;0;0;0;0;0;0;0;0;0;0;0;0;0;0
FR;9;2021-01-02;0;0;0;0;0;0;0;0;0;0;0;0;0;0;0;0;0;0
FR;9;2021-01-03;0;0;0;0;0;0;0;0;0;0;0;0;0;0;0;0;0;0
FR;9;2021-01-04;0;0;0;0;0;0;0;0;0;0;0;0;0;0;0;0;0;0
FR;9;2021-01-05;0;0;0;0;0;0;0;0;0;0;0;0;0;0;0;0;0;0
FR;9;2021-01-06;0;0;0;0;0;0;0;0;0;0;0;0;0;0;0;0;0;0
FR;9;2021-01-07;0;0;0;0;0;0;0;0;0;0;0;0;0;0;0;0;0;0
FR;9;2021-01-08;0;0;0;0;0;0;0;0;0;0;0;0;0;0;0;0;0;0
FR;9;2021-01-09;0;0;0;0;0;0;0;0;0;0;0;0;0;0;0;0;0;0
FR;9;2021-01-10;0;0;0;0;0;0;0;0;0;0;0;0;0;0;0;0;0;0
FR;9;2021-01-11;0;0;0;0;0;0;0;0;0;0;0;0;0;0;0;0;0;0
FR;9;2021-01-12;0;0;0;0;0;0;0;0;0;0;0;0;0;0;0;0;0;0
FR;9;2021-01-13;0;0;0;0;0;0;0;0;0;0;0;0;0;0;0;0;0;0
FR;9;2021-01-14;0;0;0;0;0;0;0;0;0;0;0;0;0;0;0;0;0;0
FR;9;2021-01-15;0;0;0;0;0;0;0;0;0;0;0;0;0;0;0;0;0;0
FR;9;2021-01-16;0;0;0;0;0;0;0;0;0;0;0;0;0;0;0;0;0;0
FR;9;2021-01-17;0;0;0;0;0;0;0;0;0;0;0;0;0;0;0;0;0;0
FR;9;2021-01-18;0;0;0;0;0;0;0;0;0;0;0;0;0;0;0;0;0;0
FR;9;2021-01-19;0;0;0;0;0;0;0;0;0;0;0;0;0;0;0;0;0;0
FR;9;2021-01-20;0;0;0;0;0;0;0;0;0;0;0;0;0;0;0;0;0;0
FR;9;2021-01-21;0;0;0;0;0;0;0;0;0;0;0;0;0;0;0;0;0;0
FR;9;2021-01-22;0;0;0;0;0;0;0;0;0;0;0;0;0;0;0;0;0;0
FR;9;2021-01-23;0;0;0;0;0;0;0;0;0;0;0;0;0;0;0;0;0;0
FR;9;2021-01-24;0;0;0;0;0;0;0;0;0;0;0;0;0;0;0;0;0;0
FR;9;2021-01-25;0;0;0;0;0;0;0;0;0;0;0;0;0;0;0;0;0;0
FR;9;2021-01-26;0;0;0;0;0;0;0;0;0;0;0;0;0;0;0;0;0;0
FR;9;2021-01-27;0;0;0;0;0;0;0;0;0;0;0;0;0;0;0;0;0;0
FR;9;2021-01-28;0;0;0;0;0;0;0;0;0;0;0;0;0;0;0;0;0;0
FR;9;2021-01-29;0;0;0;0;0;0;0;0;0;0;0;0;0;0;0;0;0;0
FR;9;2021-01-30;0;0;0;0;0;0;0;0;0;0;0;0;0;0;0;0;0;0
FR;9;2021-01-31;0;0;0;0;0;0;0;0;0;0;0;0;0;0;0;0;0;0
FR;9;2021-02-01;0;0;0;0;0;0;0;0;0;0;0;0;0;0;0;0;0;0
FR;9;2021-02-02;0;0;0;0;0;0;0;0;0;0;0;0;0;0;0;0;0;0
FR;9;2021-02-03;0;0;0;0;0;0;0;0;0;0;0;0;0;0;0;0;0;0
FR;9;2021-02-04;0;0;0;0;0;0;0;0;0;0;0;0;0;0;0;0;0;0
FR;9;2021-02-05;0;0;0;0;0;0;0;0;0;0;0;0;0;0;0;0;0;0
FR;9;2021-02-06;0;0;0;0;0;0;0;0;0;0;0;0;0;0;0;0;0;0
FR;9;2021-02-07;0;0;0;0;0;0;0;0;0;0;0;0;0;0;0;0;0;0
FR;9;2021-02-08;0;0;0;0;0;0;0;0;0;0;0;0;0;0;0;0;0;0
FR;9;2021-02-09;0;0;0;0;0;0;0;0;0;0;0;0;0;0;0;0;0;0
FR;9;2021-02-10;0;0;0;0;0;0;0;0;0;0;0;0;0;0;0;0;0;0
FR;9;2021-02-11;0;0;0;0;0;0;0;0;0;0;0;0;0;0;0;0;0;0
FR;9;2021-02-12;0;0;0;0;0;0;0;0;0;0;0;0;0;0;0;0;0;0
FR;9;2021-02-13;0;0;0;0;0;0;0;0;0;0;0;0;0;0;0;0;0;0
FR;9;2021-02-14;0;0;0;0;0;0;0;0;0;0;0;0;0;0;0;0;0;0
FR;9;2021-02-15;0;0;0;0;0;0;0;0;0;0;0;0;0;0;0;0;0;0
FR;9;2021-02-16;0;0;0;0;0;0;0;0;0;0;0;0;0;0;0;0;0;0
FR;9;2021-02-17;0;0;0;0;0;0;0;0;0;0;0;0;0;0;0;0;0;0
FR;9;2021-02-18;0;0;0;0;0;0;0;0;0;0;0;0;0;0;0;0;0;0
FR;9;2021-02-19;0;0;0;0;0;0;0;0;0;0;0;0;0;0;0;0;0;0
FR;9;2021-02-20;0;0;0;0;0;0;0;0;0;0;0;0;0;0;0;0;0;0
FR;9;2021-02-21;0;0;0;0;0;0;0;0;0;0;0;0;0;0;0;0;0;0
FR;9;2021-02-22;0;0;0;0;0;0;0;0;0;0;0;0;0;0;0;0;0;0
FR;9;2021-02-23;0;0;0;0;0;0;0;0;0;0;0;0;0;0;0;0;0;0
FR;9;2021-02-24;0;0;0;0;0;0;0;0;0;0;0;0;0;0;0;0;0;0
FR;9;2021-02-25;0;0;0;0;0;0;0;0;0;0;0;0;0;0;0;0;0;0
FR;9;2021-02-26;0;0;0;0;0;0;0;0;0;0;0;0;0;0;0;0;0;0
FR;9;2021-02-27;0;0;0;0;0;0;0;0;0;0;0;0;0;0;0;0;0;0
FR;9;2021-02-28;0;0;0;0;0;0;0;0;0;0;0;0;0;0;0;0;0;0
FR;9;2021-03-01;0;0;0;0;0;0;0;0;0;0;0;0;0;0;0;0;0;0
FR;9;2021-03-02;0;0;0;0;0;0;0;0;0;0;0;0;0;0;0;0;0;0
FR;9;2021-03-03;0;0;0;0;0;0;0;0;0;0;0;0;0;0;0;0;0;0
FR;9;2021-03-04;0;0;0;0;0;0;0;0;0;0;0;0;0;0;0;0;0;0
FR;9;2021-03-05;0;0;0;0;0;0;0;0;0;0;0;0;0;0;0;0;0;0
FR;9;2021-03-06;0;0;0;0;0;0;0;0;0;0;0;0;0;0;0;0;0;0
FR;9;2021-03-07;0;0;0;0;0;0;0;0;0;0;0;0;0;0;0;0;0;0
FR;9;2021-03-08;0;0;0;0;0;0;0;0;0;0;0;0;0;0;0;0;0;0
FR;9;2021-03-09;0;0;0;0;0;0;0;0;0;0;0;0;0;0;0;0;0;0
FR;9;2021-03-10;0;0;0;0;0;0;0;0;0;0;0;0;0;0;0;0;0;0
FR;9;2021-03-11;0;0;0;0;0;0;0;0;0;0;0;0;0;0;0;0;0;0
FR;9;2021-03-12;0;0;0;0;0;0;0;0;0;0;0;0;0;0;0;0;0;0
FR;9;2021-03-13;0;0;0;0;0;0;0;0;0;0;0;0;0;0;0;0;0;0
FR;9;2021-03-14;0;0;0;0;0;0;0;0;0;0;0;0;0;0;0;0;0;0
FR;9;2021-03-15;0;0;0;0;0;0;0;0;0;0;0;0;0;0;0;0;0;0
FR;9;2021-03-16;0;0;0;0;0;0;0;0;0;0;0;0;0;0;0;0;0;0
FR;9;2021-03-17;0;0;0;0;0;0;0;0;0;0;0;0;0;0;0;0;0;0
FR;9;2021-03-18;0;0;0;0;0;0;0;0;0;0;0;0;0;0;0;0;0;0
FR;9;2021-03-19;0;0;0;0;0;0;0;0;0;0;0;0;0;0;0;0;0;0
FR;9;2021-03-20;0;0;0;0;0;0;0;0;0;0;0;0;0;0;0;0;0;0
FR;9;2021-03-21;0;0;0;0;0;0;0;0;0;0;0;0;0;0;0;0;0;0
FR;9;2021-03-22;0;0;0;0;0;0;0;0;0;0;0;0;0;0;0;0;0;0
FR;9;2021-03-23;0;0;0;0;0;0;0;0;0;0;0;0;0;0;0;0;0;0
FR;9;2021-03-24;0;0;0;0;0;0;0;0;0;0;0;0;0;0;0;0;0;0
FR;9;2021-03-25;0;0;0;0;0;0;0;0;0;0;0;0;0;0;0;0;0;0
FR;9;2021-03-26;0;0;0;0;0;0;0;0;0;0;0;0;0;0;0;0;0;0
FR;9;2021-03-27;0;0;0;0;0;0;0;0;0;0;0;0;0;0;0;0;0;0
FR;9;2021-03-28;0;0;0;0;0;0;0;0;0;0;0;0;0;0;0;0;0;0
FR;9;2021-03-29;0;0;0;0;0;0;0;0;0;0;0;0;0;0;0;0;0;0
FR;9;2021-03-30;0;0;0;0;0;0;0;0;0;0;0;0;0;0;0;0;0;0
FR;9;2021-03-31;0;0;0;0;0;0;0;0;0;0;0;0;0;0;0;0;0;0
FR;9;2021-04-01;0;0;0;0;0;0;0;0;0;0;0;0;0;0;0;0;0;0
FR;9;2021-04-02;0;0;0;0;0;0;0;0;0;0;0;0;0;0;0;0;0;0
FR;9;2021-04-03;0;0;0;0;0;0;0;0;0;0;0;0;0;0;0;0;0;0
FR;9;2021-04-04;0;0;0;0;0;0;0;0;0;0;0;0;0;0;0;0;0;0
FR;9;2021-04-05;0;0;0;0;0;0;0;0;0;0;0;0;0;0;0;0;0;0
FR;9;2021-04-06;0;0;0;0;0;0;0;0;0;0;0;0;0;0;0;0;0;0
FR;9;2021-04-07;0;0;0;0;0;0;0;0;0;0;0;0;0;0;0;0;0;0
FR;9;2021-04-08;0;0;0;0;0;0;0;0;0;0;0;0;0;0;0;0;0;0
FR;9;2021-04-09;0;0;0;0;0;0;0;0;0;0;0;0;0;0;0;0;0;0
FR;9;2021-04-10;0;0;0;0;0;0;0;0;0;0;0;0;0;0;0;0;0;0
FR;9;2021-04-11;0;0;0;0;0;0;0;0;0;0;0;0;0;0;0;0;0;0
FR;9;2021-04-12;0;0;0;0;0;0;0;0;0;0;0;0;0;0;0;0;0;0
FR;9;2021-04-13;0;0;0;0;0;0;0;0;0;0;0;0;0;0;0;0;0;0
FR;9;2021-04-14;0;0;0;0;0;0;0;0;0;0;0;0;0;0;0;0;0;0
FR;9;2021-04-15;0;0;0;0;0;0;0;0;0;0;0;0;0;0;0;0;0;0
FR;9;2021-04-16;0;0;0;0;0;0;0;0;0;0;0;0;0;0;0;0;0;0
FR;9;2021-04-17;0;0;0;0;0;0;0;0;0;0;0;0;0;0;0;0;0;0
FR;9;2021-04-18;0;0;0;0;0;0;0;0;0;0;0;0;0;0;0;0;0;0
FR;9;2021-04-19;0;0;0;0;0;0;0;0;0;0;0;0;0;0;0;0;0;0
FR;9;2021-04-20;0;0;0;0;0;0;0;0;0;0;0;0;0;0;0;0;0;0
FR;9;2021-04-21;0;0;0;0;0;0;0;0;0;0;0;0;0;0;0;0;0;0
FR;9;2021-04-22;0;0;0;0;0;0;0;0;0;0;0;0;0;0;0;0;0;0
FR;9;2021-04-23;0;0;0;0;0;0;0;0;0;0;0;0;0;0;0;0;0;0
FR;9;2021-04-24;0;0;0;0;0;0;0;0;0;0;0;0;0;0;0;0;0;0
FR;9;2021-04-25;0;0;0;0;0;0;0;0;0;0;0;0;0;0;0;0;0;0
FR;9;2021-04-26;0;0;0;0;0;0;0;0;0;0;0;0;0;0;0;0;0;0
FR;9;2021-04-27;0;0;0;0;0;0;0;0;0;0;0;0;0;0;0;0;0;0
FR;9;2021-04-28;0;0;0;0;0;0;0;0;0;0;0;0;0;0;0;0;0;0
FR;9;2021-04-29;0;0;0;0;0;0;0;0;0;0;0;0;0;0;0;0;0;0
FR;9;2021-04-30;0;0;0;0;0;0;0;0;0;0;0;0;0;0;0;0;0;0
FR;9;2021-05-01;0;0;0;0;0;0;0;0;0;0;0;0;0;0;0;0;0;0
FR;9;2021-05-02;0;0;0;0;0;0;0;0;0;0;0;0;0;0;0;0;0;0
FR;9;2021-05-03;0;0;0;0;0;0;0;0;0;0;0;0;0;0;0;0;0;0
FR;9;2021-05-04;0;0;0;0;0;0;0;0;0;0;0;0;0;0;0;0;0;0
FR;9;2021-05-05;0;0;0;0;0;0;0;0;0;0;0;0;0;0;0;0;0;0
FR;9;2021-05-06;0;0;0;0;0;0;0;0;0;0;0;0;0;0;0;0;0;0
FR;9;2021-05-07;0;0;0;0;0;0;0;0;0;0;0;0;0;0;0;0;0;0
FR;9;2021-05-08;0;0;0;0;0;0;0;0;0;0;0;0;0;0;0;0;0;0
FR;9;2021-05-09;0;0;0;0;0;0;0;0;0;0;0;0;0;0;0;0;0;0
FR;9;2021-05-10;0;0;0;0;0;0;0;0;0;0;0;0;0;0;0;0;0;0
FR;9;2021-05-11;0;0;0;0;0;0;0;0;0;0;0;0;0;0;0;0;0;0
FR;9;2021-05-12;0;0;0;0;0;0;0;0;0;0;0;0;0;0;0;0;0;0
FR;9;2021-05-13;0;0;0;0;0;0;0;0;0;0;0;0;0;0;0;0;0;0
FR;9;2021-05-14;0;0;0;0;0;0;0;0;0;0;0;0;0;0;0;0;0;0
FR;9;2021-05-15;0;0;0;0;0;0;0;0;0;0;0;0;0;0;0;0;0;0
FR;9;2021-05-16;0;0;0;0;0;0;0;0;0;0;0;0;0;0;0;0;0;0
FR;9;2021-05-17;0;0;0;0;0;0;0;0;0;0;0;0;0;0;0;0;0;0
FR;9;2021-05-18;0;0;0;0;0;0;0;0;0;0;0;0;0;0;0;0;0;0
FR;9;2021-05-19;0;0;0;0;0;0;0;0;0;0;0;0;0;0;0;0;0;0
FR;9;2021-05-20;0;0;0;0;0;0;0;0;0;0;0;0;0;0;0;0;0;0
FR;9;2021-05-21;0;0;0;0;0;0;0;0;0;0;0;0;0;0;0;0;0;0
FR;9;2021-05-22;0;0;0;0;0;0;0;0;0;0;0;0;0;0;0;0;0;0
FR;9;2021-05-23;0;0;0;0;0;0;0;0;0;0;0;0;0;0;0;0;0;0
FR;9;2021-05-24;0;0;0;0;0;0;0;0;0;0;0;0;0;0;0;0;0;0
FR;9;2021-05-25;0;0;0;0;0;0;0;0;0;0;0;0;0;0;0;0;0;0
FR;9;2021-05-26;0;0;0;0;0;0;0;0;0;0;0;0;0;0;0;0;0;0
FR;9;2021-05-27;0;0;0;0;0;0;0;0;0;0;0;0;0;0;0;0;0;0
FR;9;2021-05-28;0;0;0;0;0;0;0;0;0;0;0;0;0;0;0;0;0;0
FR;9;2021-05-29;0;0;0;0;0;0;0;0;0;0;0;0;0;0;0;0;0;0
FR;9;2021-05-30;0;0;0;0;0;0;0;0;0;0;0;0;0;0;0;0;0;0
FR;9;2021-05-31;0;0;0;0;0;0;0;0;0;0;0;0;0;0;0;0;0;0
FR;9;2021-06-01;0;0;0;0;0;0;0;0;0;0;0;0;0;0;0;0;0;0
FR;9;2021-06-02;0;0;0;0;0;0;0;0;0;0;0;0;0;0;0;0;0;0
FR;9;2021-06-03;0;0;0;0;0;0;0;0;0;0;0;0;0;0;0;0;0;0
FR;9;2021-06-04;0;0;0;0;0;0;0;0;0;0;0;0;0;0;0;0;0;0
FR;9;2021-06-05;0;0;0;0;0;0;0;0;0;0;0;0;0;0;0;0;0;0
FR;9;2021-06-06;0;0;0;0;0;0;0;0;0;0;0;0;0;0;0;0;0;0
FR;9;2021-06-07;0;0;0;0;0;0;0;0;0;0;0;0;0;0;0;0;0;0
FR;9;2021-06-08;0;0;0;0;0;0;0;0;0;0;0;0;0;0;0;0;0;0
FR;9;2021-06-09;0;0;0;0;0;0;0;0;0;0;0;0;0;0;0;0;0;0
FR;9;2021-06-10;0;0;0;0;0;0;0;0;0;0;0;0;0;0;0;0;0;0
FR;9;2021-06-11;0;0;0;0;0;0;0;0;0;0;0;0;0;0;0;0;0;0
FR;9;2021-06-12;0;0;0;0;0;0;0;0;0;0;0;0;0;0;0;0;0;0
FR;9;2021-06-13;0;0;0;0;0;0;0;0;0;0;0;0;0;0;0;0;0;0
FR;9;2021-06-14;0;0;0;0;0;0;0;0;0;0;0;0;0;0;0;0;0;0
FR;9;2021-06-15;0;0;0;0;0;0;0;0;0;0;0;0;0;0;0;0;0;0
FR;9;2021-06-16;0;0;0;0;0;0;0;0;0;0;0;0;0;0;0;0;0;0
FR;9;2021-06-17;0;0;0;0;0;0;0;0;0;0;0;0;0;0;0;0;0;0
FR;9;2021-06-18;0;0;0;0;0;0;0;0;0;0;0;0;0;0;0;0;0;0
FR;9;2021-06-19;0;0;0;0;0;0;0;0;0;0;0;0;0;0;0;0;0;0
FR;9;2021-06-20;0;0;0;0;0;0;0;0;0;0;0;0;0;0;0;0;0;0
FR;9;2021-06-21;0;0;0;0;0;0;0;0;0;0;0;0;0;0;0;0;0;0
FR;9;2021-06-22;0;0;0;0;0;0;0;0;0;0;0;0;0;0;0;0;0;0
FR;9;2021-06-23;0;0;0;0;0;0;0;0;0;0;0;0;0;0;0;0;0;0
FR;9;2021-06-24;0;0;0;0;0;0;0;0;0;0;0;0;0;0;0;0;0;0
FR;9;2021-06-25;0;0;0;0;0;0;0;0;0;0;0;0;0;0;0;0;0;0
FR;9;2021-06-26;0;0;0;0;0;0;0;0;0;0;0;0;0;0;0;0;0;0
FR;9;2021-06-27;0;0;0;0;0;0;0;0;0;0;0;0;0;0;0;0;0;0
FR;9;2021-06-28;0;0;0;0;0;0;0;0;0;0;0;0;0;0;0;0;0;0
FR;9;2021-06-29;0;0;0;0;0;0;0;0;0;0;0;0;0;0;0;0;0;0
FR;9;2021-06-30;0;0;0;0;0;0;0;0;0;0;0;0;0;0;0;0;0;0
FR;9;2021-07-01;0;0;0;0;0;0;0;0;0;0;0;0;0;0;0;0;0;0
FR;9;2021-07-02;0;0;0;0;0;0;0;0;0;0;0;0;0;0;0;0;0;0
FR;9;2021-07-03;0;0;0;0;0;0;0;0;0;0;0;0;0;0;0;0;0;0
FR;9;2021-07-04;0;0;0;0;0;0;0;0;0;0;0;0;0;0;0;0;0;0
FR;9;2021-07-05;0;0;0;0;0;0;0;0;0;0;0;0;0;0;0;0;0;0
FR;9;2021-07-06;0;0;0;0;0;0;0;0;0;0;0;0;0;0;0;0;0;0
FR;9;2021-07-07;0;0;0;0;0;0;0;0;0;0;0;0;0;0;0;0;0;0
FR;9;2021-07-08;0;0;0;0;0;0;0;0;0;0;0;0;0;0;0;0;0;0
FR;9;2021-07-09;0;0;0;0;0;0;0;0;0;0;0;0;0;0;0;0;0;0
FR;9;2021-07-10;0;0;0;0;0;0;0;0;0;0;0;0;0;0;0;0;0;0
FR;9;2021-07-11;0;0;0;0;0;0;0;0;0;0;0;0;0;0;0;0;0;0
FR;9;2021-07-12;0;0;0;0;0;0;0;0;0;0;0;0;0;0;0;0;0;0
FR;9;2021-07-13;0;0;0;0;0;0;0;0;0;0;0;0;0;0;0;0;0;0
FR;9;2021-07-14;0;0;0;0;0;0;0;0;0;0;0;0;0;0;0;0;0;0
FR;9;2021-07-15;0;0;0;0;0;0;0;0;0;0;0;0;0;0;0;0;0;0
FR;9;2021-07-16;0;0;0;0;0;0;0;0;0;0;0;0;0;0;0;0;0;0
FR;9;2021-07-17;0;0;0;0;0;0;0;0;0;0;0;0;0;0;0;0;0;0
FR;9;2021-07-18;0;0;0;0;0;0;0;0;0;0;0;0;0;0;0;0;0;0
FR;9;2021-07-19;0;0;0;0;0;0;0;0;0;0;0;0;0;0;0;0;0;0
FR;9;2021-07-20;0;0;0;0;0;0;0;0;0;0;0;0;0;0;0;0;0;0
FR;9;2021-07-21;0;0;0;0;0;0;0;0;0;0;0;0;0;0;0;0;0;0
FR;9;2021-07-22;0;0;0;0;0;0;0;0;0;0;0;0;0;0;0;0;0;0
FR;9;2021-07-23;0;0;0;0;0;0;0;0;0;0;0;0;0;0;0;0;0;0
FR;9;2021-07-24;0;0;0;0;0;0;0;0;0;0;0;0;0;0;0;0;0;0
FR;9;2021-07-25;0;0;0;0;0;0;0;0;0;0;0;0;0;0;0;0;0;0
FR;9;2021-07-26;0;0;0;0;0;0;0;0;0;0;0;0;0;0;0;0;0;0
FR;9;2021-07-27;0;0;0;0;0;0;0;0;0;0;0;0;0;0;0;0;0;0
FR;9;2021-07-28;0;0;0;0;0;0;0;0;0;0;0;0;0;0;0;0;0;0
FR;9;2021-07-29;0;0;0;0;0;0;0;0;0;0;0;0;0;0;0;0;0;0
FR;9;2021-07-30;0;0;0;0;0;0;0;0;0;0;0;0;0;0;0;0;0;0
FR;9;2021-07-31;0;0;0;0;0;0;0;0;0;0;0;0;0;0;0;0;0;0
FR;9;2021-08-01;0;0;0;0;0;0;0;0;0;0;0;0;0;0;0;0;0;0
FR;9;2021-08-02;0;0;0;0;0;0;0;0;0;0;0;0;0;0;0;0;0;0
FR;9;2021-08-03;0;0;0;0;0;0;0;0;0;0;0;0;0;0;0;0;0;0
FR;9;2021-08-04;0;0;0;0;0;0;0;0;0;0;0;0;0;0;0;0;0;0
FR;9;2021-08-05;0;0;0;0;0;0;0;0;0;0;0;0;0;0;0;0;0;0
FR;9;2021-08-06;0;0;0;0;0;0;0;0;0;0;0;0;0;0;0;0;0;0
FR;9;2021-08-07;0;0;0;0;0;0;0;0;0;0;0;0;0;0;0;0;0;0
FR;9;2021-08-08;0;0;0;0;0;0;0;0;0;0;0;0;0;0;0;0;0;0
FR;9;2021-08-09;0;0;0;0;0;0;0;0;0;0;0;0;0;0;0;0;0;0
FR;9;2021-08-10;0;0;0;0;0;0;0;0;0;0;0;0;0;0;0;0;0;0
FR;9;2021-08-11;0;0;0;0;0;0;0;0;0;0;0;0;0;0;0;0;0;0
FR;9;2021-08-12;0;0;0;0;0;0;0;0;0;0;0;0;0;0;0;0;0;0
FR;9;2021-08-13;0;0;0;0;0;0;0;0;0;0;0;0;0;0;0;0;0;0
FR;9;2021-08-14;0;0;0;0;0;0;0;0;0;0;0;0;0;0;0;0;0;0
FR;9;2021-08-15;0;0;0;0;0;0;0;0;0;0;0;0;0;0;0;0;0;0
FR;9;2021-08-16;0;0;0;0;0;0;0;0;0;0;0;0;0;0;0;0;0;0
FR;9;2021-08-17;0;0;0;0;0;0;0;0;0;0;0;0;0;0;0;0;0;0
FR;9;2021-08-18;0;0;0;0;0;0;0;0;0;0;0;0;0;0;0;0;0;0
FR;9;2021-08-19;0;0;0;0;0;0;0;0;0;0;0;0;0;0;0;0;0;0
FR;9;2021-08-20;0;0;0;0;0;0;0;0;0;0;0;0;0;0;0;0;0;0
FR;9;2021-08-21;0;0;0;0;0;0;0;0;0;0;0;0;0;0;0;0;0;0
FR;9;2021-08-22;0;0;0;0;0;0;0;0;0;0;0;0;0;0;0;0;0;0
FR;9;2021-08-23;0;0;0;0;0;0;0;0;0;0;0;0;0;0;0;0;0;0
FR;9;2021-08-24;0;0;0;0;0;0;0;0;0;0;0;0;0;0;0;0;0;0
FR;9;2021-08-25;0;0;0;0;0;0;0;0;0;0;0;0;0;0;0;0;0;0
FR;9;2021-08-26;0;0;0;0;0;0;0;0;0;0;0;0;0;0;0;0;0;0
FR;9;2021-08-27;0;0;0;0;0;0;0;0;0;0;0;0;0;0;0;0;0;0
FR;9;2021-08-28;0;0;0;0;0;0;0;0;0;0;0;0;0;0;0;0;0;0
FR;9;2021-08-29;0;0;0;0;0;0;0;0;0;0;0;0;0;0;0;0;0;0
FR;9;2021-08-30;0;0;0;0;0;0;0;0;0;0;0;0;0;0;0;0;0;0
FR;9;2021-08-31;0;0;0;0;0;0;0;0;0;0;0;0;0;0;0;0;0;0
FR;9;2021-09-01;0;0;0;0;0;0;0;0;0;0;0;0;0;0;0;0;0;0
FR;9;2021-09-02;0;0;0;0;0;0;0;0;0;0;0;0;0;0;0;0;0;0
FR;9;2021-09-03;0;0;0;0;0;0;0;0;0;0;0;0;0;0;0;0;0;0
FR;9;2021-09-04;0;0;0;0;0;0;0;0;0;0;0;0;0;0;0;0;0;0
FR;9;2021-09-05;0;0;0;0;0;0;0;0;0;0;0;0;0;0;0;0;0;0
FR;9;2021-09-06;0;0;0;0;0;0;0;0;0;0;0;0;0;0;0;0;0;0
FR;9;2021-09-07;0;0;0;0;0;0;0;0;0;0;0;0;0;0;0;0;0;0
FR;9;2021-09-08;0;0;0;0;0;0;0;0;0;0;0;0;0;0;0;0;0;0
FR;9;2021-09-09;0;0;0;0;0;0;0;0;0;0;0;0;0;0;0;0;0;0
FR;9;2021-09-10;0;0;0;0;0;0;0;0;0;0;0;0;0;0;0;0;0;0
FR;9;2021-09-11;0;0;0;0;0;0;0;0;0;0;0;0;0;0;0;0;0;0
FR;9;2021-09-12;0;0;0;0;0;0;0;0;0;0;0;0;0;0;0;0;0;0
FR;9;2021-09-13;0;0;0;0;0;0;0;0;0;0;0;0;0;0;0;0;0;0
FR;9;2021-09-14;0;0;0;0;0;0;0;0;0;0;0;0;0;0;0;0;0;0
FR;9;2021-09-15;0;0;0;0;0;0;0;0;0;0;0;0;0;0;0;0;0;0
FR;9;2021-09-16;0;0;0;0;0;0;0;0;0;0;0;0;0;0;0;0;0;0
FR;9;2021-09-17;0;0;0;0;0;0;0;0;0;0;0;0;0;0;0;0;0;0
FR;9;2021-09-18;0;0;0;0;0;0;0;0;0;0;0;0;0;0;0;0;0;0
FR;9;2021-09-19;0;0;0;0;0;0;0;0;0;0;0;0;0;0;0;0;0;0
FR;9;2021-09-20;0;0;0;0;0;0;0;0;0;0;0;0;0;0;0;0;0;0
FR;9;2021-09-21;0;0;0;0;0;0;0;0;0;0;0;0;0;0;0;0;0;0
FR;9;2021-09-22;0;0;0;0;0;0;0;0;0;0;0;0;0;0;0;0;0;0
FR;9;2021-09-23;0;0;0;0;0;0;0;0;0;0;0;0;0;0;0;0;0;0
FR;9;2021-09-24;0;0;0;0;0;0;0;0;0;0;0;0;0;0;0;0;0;0
FR;9;2021-09-25;0;0;0;0;0;0;0;0;0;0;0;0;0;0;0;0;0;0
FR;9;2021-09-26;0;0;0;0;0;0;0;0;0;0;0;0;0;0;0;0;0;0
FR;9;2021-09-27;0;0;0;0;0;0;0;0;0;0;0;0;0;0;0;0;0;0
FR;9;2021-09-28;0;0;0;0;0;0;0;0;0;0;0;0;0;0;0;0;0;0
FR;9;2021-09-29;0;0;0;0;0;0;0;0;0;0;0;0;0;0;0;0;0;0
FR;9;2021-09-30;0;0;0;0;0;0;0;0;0;0;0;0;0;0;0;0;0;0
FR;9;2021-10-01;0;0;0;0;0;0;0;0;0;0;0;0;0;0;0;0;0;0
FR;9;2021-10-02;0;0;0;0;0;0;0;0;0;0;0;0;0;0;0;0;0;0
FR;9;2021-10-03;0;0;0;0;0;0;0;0;0;0;0;0;0;0;0;0;0;0
FR;9;2021-10-04;0;0;0;0;0;0;0;0;0;0;0;0;0;0;0;0;0;0
FR;9;2021-10-05;0;0;0;0;0;0;0;0;0;0;0;0;0;0;0;0;0;0
FR;9;2021-10-06;0;0;0;0;0;0;0;0;0;0;0;0;0;0;0;0;0;0
FR;9;2021-10-07;0;0;0;0;0;0;0;0;0;0;0;0;0;0;0;0;0;0
FR;9;2021-10-08;0;0;0;0;0;0;0;0;0;0;0;0;0;0;0;0;0;0
FR;9;2021-10-09;0;0;0;0;0;0;0;0;0;0;0;0;0;0;0;0;0;0
FR;9;2021-10-10;0;0;0;0;0;0;0;0;0;0;0;0;0;0;0;0;0;0
FR;9;2021-10-11;0;0;0;0;0;0;0;0;0;0;0;0;0;0;0;0;0;0
FR;9;2021-10-12;0;0;0;0;0;0;0;0;0;0;0;0;0;0;0;0;0;0
FR;9;2021-10-13;0;0;0;0;0;0;0;0;0;0;0;0;0;0;0;0;0;0
FR;9;2021-10-14;0;0;0;0;0;0;0;0;0;0;0;0;0;0;0;0;0;0
FR;9;2021-10-15;0;0;0;0;0;0;0;0;0;0;0;0;0;0;0;0;0;0
FR;9;2021-10-16;0;0;0;0;0;0;0;0;0;0;0;0;0;0;0;0;0;0
FR;9;2021-10-17;0;0;0;0;0;0;0;0;0;0;0;0;0;0;0;0;0;0
FR;9;2021-10-18;0;0;0;0;0;0;0;0;0;0;0;0;0;0;0;0;0;0
FR;9;2021-10-19;0;0;0;0;0;0;0;0;0;0;0;0;0;0;0;0;0;0
FR;9;2021-10-20;0;0;0;0;0;0;0;0;0;0;0;0;0;0;0;0;0;0
FR;9;2021-10-21;0;0;0;0;0;0;0;0;0;0;0;0;0;0;0;0;0;0
FR;9;2021-10-22;0;0;0;0;0;0;0;0;0;0;0;0;0;0;0;0;0;0
FR;9;2021-10-23;0;0;0;0;0;0;0;0;0;0;0;0;0;0;0;0;0;0
FR;9;2021-10-24;0;0;0;0;0;0;0;0;0;0;0;0;0;0;0;0;0;0
FR;9;2021-10-25;0;0;0;0;0;0;0;0;0;0;0;0;0;0;0;0;0;0
FR;9;2021-10-26;0;0;0;0;0;0;0;0;0;0;0;0;0;0;0;0;0;0
FR;9;2021-10-27;0;0;0;0;0;0;0;0;0;0;0;0;0;0;0;0;0;0
FR;9;2021-10-28;0;0;0;0;0;0;0;0;0;0;0;0;0;0;0;0;0;0
FR;9;2021-10-29;0;0;0;0;0;0;0;0;0;0;0;0;0;0;0;0;0;0
FR;9;2021-10-30;0;0;0;0;0;0;0;0;0;0;0;0;0;0;0;0;0;0
FR;9;2021-10-31;0;0;0;0;0;0;0;0;0;0;0;0;0;0;0;0;0;0
FR;9;2021-11-01;0;0;0;0;0;0;0;0;0;0;0;0;0;0;0;0;0;0
FR;9;2021-11-02;0;0;0;0;0;0;0;0;0;0;0;0;0;0;0;0;0;0
FR;9;2021-11-03;0;0;0;0;0;0;0;0;0;0;0;0;0;0;0;0;0;0
FR;9;2021-11-04;0;0;0;0;0;0;0;0;0;0;0;0;0;0;0;0;0;0
FR;9;2021-11-05;0;0;0;0;0;0;0;0;0;0;0;0;0;0;0;0;0;0
FR;9;2021-11-06;0;0;0;0;0;0;0;0;0;0;0;0;0;0;0;0;0;0
FR;9;2021-11-07;0;0;0;0;0;0;0;0;0;0;0;0;0;0;0;0;0;0
FR;9;2021-11-08;0;0;0;0;0;0;0;0;0;0;0;0;0;0;0;0;0;0
FR;9;2021-11-09;0;0;0;0;0;0;0;0;0;0;0;0;0;0;0;0;0;0
FR;9;2021-11-10;0;0;0;0;0;0;0;0;0;0;0;0;0;0;0;0;0;0
FR;9;2021-11-11;0;0;0;0;0;0;0;0;0;0;0;0;0;0;0;0;0;0
FR;9;2021-11-12;0;0;0;0;0;0;0;0;0;0;0;0;0;0;0;0;0;0
FR;9;2021-11-13;0;0;0;0;0;0;0;0;0;0;0;0;0;0;0;0;0;0
FR;9;2021-11-14;0;0;0;0;0;0;0;0;0;0;0;0;0;0;0;0;0;0
FR;9;2021-11-15;0;0;0;0;0;0;0;0;0;0;0;0;0;0;0;0;0;0
FR;9;2021-11-16;0;0;0;0;0;0;0;0;0;0;0;0;0;0;0;0;0;0
FR;9;2021-11-17;0;0;0;0;0;0;0;0;0;0;0;0;0;0;0;0;0;0
FR;9;2021-11-18;0;0;0;0;0;0;0;0;0;0;0;0;0;0;0;0;0;0
FR;9;2021-11-19;0;0;0;0;0;0;0;0;0;0;0;0;0;0;0;0;0;0
FR;9;2021-11-20;0;0;0;0;0;0;0;0;0;0;0;0;0;0;0;0;0;0
FR;9;2021-11-21;0;0;0;0;0;0;0;0;0;0;0;0;0;0;0;0;0;0
FR;9;2021-11-22;0;0;0;0;0;0;0;0;0;0;0;0;0;0;0;0;0;0
FR;9;2021-11-23;0;0;0;0;0;0;0;0;0;0;0;0;0;0;0;0;0;0
FR;9;2021-11-24;0;0;0;0;0;0;0;0;0;0;0;0;0;0;0;0;0;0
FR;9;2021-11-25;0;0;0;0;0;0;0;0;0;0;0;0;0;0;0;0;0;0
FR;9;2021-11-26;0;0;0;0;0;0;0;0;0;0;0;0;0;0;0;0;0;0
FR;9;2021-11-27;0;0;0;0;0;0;0;0;0;0;0;0;0;0;0;0;0;0
FR;9;2021-11-28;0;0;0;0;0;0;0;0;0;0;0;0;0;0;0;0;0;0
FR;9;2021-11-29;0;0;0;0;0;0;0;0;0;0;0;0;0;0;0;0;0;0
FR;9;2021-11-30;0;0;0;0;0;0;0;0;0;0;0;0;0;0;0;0;0;0
FR;9;2021-12-01;0;0;0;0;0;0;0;0;0;0;0;0;0;0;0;0;0;0
FR;9;2021-12-02;0;0;0;0;0;0;0;0;0;0;0;0;0;0;0;0;0;0
FR;9;2021-12-03;0;0;0;0;0;0;0;0;0;0;0;0;0;0;0;0;0;0
FR;9;2021-12-04;0;0;0;0;0;0;0;0;0;0;0;0;0;0;0;0;0;0
FR;9;2021-12-05;0;0;0;0;0;0;0;0;0;0;0;0;0;0;0;0;0;0
FR;9;2021-12-06;0;0;0;0;0;0;0;0;0;0;0;0;0;0;0;0;0;0
FR;9;2021-12-07;0;0;0;0;0;0;0;0;0;0;0;0;0;0;0;0;0;0
FR;9;2021-12-08;0;0;0;0;0;0;0;0;0;0;0;0;0;0;0;0;0;0
FR;9;2021-12-09;0;0;0;0;0;0;0;0;0;0;0;0;0;0;0;0;0;0
FR;9;2021-12-10;0;0;0;0;0;0;0;0;0;0;0;0;0;0;0;0;0;0
FR;9;2021-12-11;0;0;0;0;0;0;0;0;0;0;0;0;0;0;0;0;0;0
FR;9;2021-12-12;0;0;0;0;0;0;0;0;0;0;0;0;0;0;0;0;0;0
FR;9;2021-12-13;0;0;0;0;0;0;0;0;0;0;0;0;0;0;0;0;0;0
FR;9;2021-12-14;0;0;0;0;0;0;0;0;0;0;0;0;0;0;0;0;0;0
FR;9;2021-12-15;0;0;0;0;0;0;0;0;0;0;0;0;0;0;0;0;0;0
FR;9;2021-12-16;0;0;0;0;0;0;0;0;0;0;0;0;0;0;0;0;0;0
FR;9;2021-12-17;0;0;0;0;0;0;0;0;0;0;0;0;0;0;0;0;0;0
FR;9;2021-12-18;0;0;0;0;0;0;0;0;0;0;0;0;0;0;0;0;0;0
FR;9;2021-12-19;0;0;0;0;0;0;0;0;0;0;0;0;0;0;0;0;0;0
FR;9;2021-12-20;0;0;0;0;0;0;0;0;0;0;0;0;0;0;0;0;0;0
FR;9;2021-12-21;0;0;0;0;0;0;0;0;0;0;0;0;0;0;0;0;0;0
FR;9;2021-12-22;0;0;0;0;0;0;0;0;0;0;0;0;0;0;0;0;0;0
FR;9;2021-12-23;0;0;0;0;0;0;0;0;0;0;0;0;0;0;0;0;0;0
FR;9;2021-12-24;0;0;0;0;0;0;0;0;0;0;0;0;0;0;0;0;0;0
FR;9;2021-12-25;0;0;0;0;0;0;0;0;0;0;0;0;0;0;0;0;0;0
FR;9;2021-12-26;0;0;0;0;0;0;0;0;0;0;0;0;0;0;0;0;0;0
FR;9;2021-12-27;0;0;0;0;0;0;0;0;0;0;0;0;0;0;0;0;0;0
FR;9;2021-12-28;0;0;0;0;0;0;0;0;0;0;0;0;0;0;0;0;0;0
FR;9;2021-12-29;0;0;0;0;0;0;0;0;0;0;0;0;0;0;0;0;0;0
FR;9;2021-12-30;0;0;0;0;0;0;0;0;0;0;0;0;0;0;0;0;0;0
FR;9;2021-12-31;0;0;0;0;0;0;0;0;0;0;0;0;0;0;0;0;0;0
FR;9;2022-01-01;0;0;0;0;0;0;0;0;0;0;0;0;0;0;0;0;0;0
FR;9;2022-01-02;0;0;0;0;0;0;0;0;0;0;0;0;0;0;0;0;0;0
FR;9;2022-01-03;0;0;0;0;0;0;0;0;0;0;0;0;0;0;0;0;0;0
FR;9;2022-01-04;0;0;0;0;0;0;0;0;0;0;0;0;0;0;0;0;0;0
FR;9;2022-01-05;0;0;0;0;0;0;0;0;0;0;0;0;0;0;0;0;0;0
FR;9;2022-01-06;0;0;0;0;0;0;0;0;0;0;0;0;0;0;0;0;0;0
FR;9;2022-01-07;0;0;0;0;0;0;0;0;0;0;0;0;0;0;0;0;0;0
FR;9;2022-01-08;0;0;0;0;0;0;0;0;0;0;0;0;0;0;0;0;0;0
FR;9;2022-01-09;0;0;0;0;0;0;0;0;0;0;0;0;0;0;0;0;0;0
FR;9;2022-01-10;0;0;0;0;0;0;0;0;0;0;0;0;0;0;0;0;0;0
FR;9;2022-01-11;0;0;0;0;0;0;0;0;0;0;0;0;0;0;0;0;0;0
FR;9;2022-01-12;0;0;0;0;0;0;0;0;0;0;0;0;0;0;0;0;0;0
FR;9;2022-01-13;0;0;0;0;0;0;0;0;0;0;0;0;0;0;0;0;0;0
FR;9;2022-01-14;0;0;0;0;0;0;0;0;0;0;0;0;0;0;0;0;0;0
FR;9;2022-01-15;0;0;0;0;0;0;0;0;0;0;0;0;0;0;0;0;0;0
FR;9;2022-01-16;0;0;0;0;0;0;0;0;0;0;0;0;0;0;0;0;0;0
FR;9;2022-01-17;0;0;0;0;0;0;0;0;0;0;0;0;0;0;0;0;0;0
FR;9;2022-01-18;0;0;0;0;0;0;0;0;0;0;0;0;0;0;0;0;0;0
FR;9;2022-01-19;0;0;0;0;0;0;0;0;0;0;0;0;0;0;0;0;0;0
FR;9;2022-01-20;0;0;0;0;0;0;0;0;0;0;0;0;0;0;0;0;0;0
FR;9;2022-01-21;0;0;0;0;0;0;0;0;0;0;0;0;0;0;0;0;0;0
FR;9;2022-01-22;0;0;0;0;0;0;0;0;0;0;0;0;0;0;0;0;0;0
FR;9;2022-01-23;0;0;0;0;0;0;0;0;0;0;0;0;0;0;0;0;0;0
FR;9;2022-01-24;0;0;0;0;0;0;0;0;0;0;0;0;0;0;0;0;0;0
FR;9;2022-01-25;0;0;0;0;0;0;0;0;0;0;0;0;0;0;0;0;0;0
FR;9;2022-01-26;0;0;0;0;0;0;0;0;0;0;0;0;0;0;0;0;0;0
FR;9;2022-01-27;0;0;0;0;0;0;0;0;0;0;0;0;0;0;0;0;0;0
FR;9;2022-01-28;0;0;0;0;0;0;0;0;0;0;0;0;0;0;0;0;0;0
FR;9;2022-01-29;0;0;0;0;0;0;0;0;0;0;0;0;0;0;0;0;0;0
FR;9;2022-01-30;0;0;0;0;0;0;0;0;0;0;0;0;0;0;0;0;0;0
FR;9;2022-01-31;0;0;0;0;0;0;0;0;0;0;0;0;0;0;0;0;0;0
FR;9;2022-02-01;0;0;0;0;0;0;0;0;0;0;0;0;0;0;0;0;0;0
FR;9;2022-02-02;0;0;0;0;0;0;0;0;0;0;0;0;0;0;0;0;0;0
FR;9;2022-02-03;0;0;0;0;0;0;0;0;0;0;0;0;0;0;0;0;0;0
FR;9;2022-02-04;0;0;0;0;0;0;0;0;0;0;0;0;0;0;0;0;0;0
FR;9;2022-02-05;0;0;0;0;0;0;0;0;0;0;0;0;0;0;0;0;0;0
FR;9;2022-02-06;0;0;0;0;0;0;0;0;0;0;0;0;0;0;0;0;0;0
FR;9;2022-02-07;0;0;0;0;0;0;0;0;0;0;0;0;0;0;0;0;0;0
FR;9;2022-02-08;0;0;0;0;0;0;0;0;0;0;0;0;0;0;0;0;0;0
FR;9;2022-02-09;0;0;0;0;0;0;0;0;0;0;0;0;0;0;0;0;0;0
FR;9;2022-02-10;0;0;0;0;0;0;0;0;0;0;0;0;0;0;0;0;0;0
FR;9;2022-02-11;0;0;0;0;0;0;0;0;0;0;0;0;0;0;0;0;0;0
FR;9;2022-02-12;0;0;0;0;0;0;0;0;0;0;0;0;0;0;0;0;0;0
FR;9;2022-02-13;0;0;0;0;0;0;0;0;0;0;0;0;0;0;0;0;0;0
FR;9;2022-02-14;0;0;0;0;0;0;0;0;0;0;0;0;0;0;0;0;0;0
FR;9;2022-02-15;0;0;0;0;0;0;0;0;0;0;0;0;0;0;0;0;0;0
FR;9;2022-02-16;0;0;0;0;0;0;0;0;0;0;0;0;0;0;0;0;0;0
FR;9;2022-02-17;0;0;0;0;0;0;0;0;0;0;0;0;0;0;0;0;0;0
FR;9;2022-02-18;0;0;0;0;0;0;0;0;0;0;0;0;0;0;0;0;0;0
FR;9;2022-02-19;0;0;0;0;0;0;0;0;0;0;0;0;0;0;0;0;0;0
FR;9;2022-02-20;0;0;0;0;0;0;0;0;0;0;0;0;0;0;0;0;0;0
FR;9;2022-02-21;0;0;0;0;0;0;0;0;0;0;0;0;0;0;0;0;0;0
FR;9;2022-02-22;0;0;0;0;0;0;0;0;0;0;0;0;0;0;0;0;0;0
FR;9;2022-02-23;0;0;0;0;0;0;0;0;0;0;0;0;0;0;0;0;0;0
FR;9;2022-02-24;0;0;0;0;0;0;0;0;0;0;0;0;0;0;0;0;0;0
FR;9;2022-02-25;0;0;0;0;0;0;0;0;0;0;0;0;0;0;0;0;0;0
FR;9;2022-02-26;0;0;0;0;0;0;0;0;0;0;0;0;0;0;0;0;0;0
FR;9;2022-02-27;0;0;0;0;0;0;0;0;0;0;0;0;0;0;0;0;0;0
FR;9;2022-02-28;0;0;0;0;0;0;0;0;0;0;0;0;0;0;0;0;0;0
FR;9;2022-03-01;0;0;0;0;0;0;0;0;0;0;0;0;0;0;0;0;0;0
FR;9;2022-03-02;0;0;0;0;0;0;0;0;0;0;0;0;0;0;0;0;0;0
FR;9;2022-03-03;0;0;0;0;0;0;0;0;0;0;0;0;0;0;0;0;0;0
FR;9;2022-03-04;0;0;0;0;0;0;0;0;0;0;0;0;0;0;0;0;0;0
FR;9;2022-03-05;0;0;0;0;0;0;0;0;0;0;0;0;0;0;0;0;0;0
FR;9;2022-03-06;0;0;0;0;0;0;0;0;0;0;0;0;0;0;0;0;0;0
FR;9;2022-03-07;0;0;0;0;0;0;0;0;0;0;0;0;0;0;0;0;0;0
FR;9;2022-03-08;0;0;0;0;0;0;0;0;0;0;0;0;0;0;0;0;0;0
FR;9;2022-03-09;0;0;0;0;0;0;0;0;0;0;0;0;0;0;0;0;0;0
FR;9;2022-03-10;0;0;0;0;0;0;0;0;0;0;0;0;0;0;0;0;0;0
FR;9;2022-03-11;0;0;0;0;0;0;0;0;0;0;0;0;0;0;0;0;0;0
FR;9;2022-03-12;0;0;0;0;0;0;0;0;0;0;0;0;0;0;0;0;0;0
FR;9;2022-03-13;0;0;0;0;0;0;0;0;0;0;0;0;0;0;0;0;0;0
FR;9;2022-03-14;0;0;0;0;0;0;0;0;0;0;0;0;0;0;0;0;0;0
FR;9;2022-03-15;0;0;0;0;0;0;0;0;0;0;0;0;0;0;0;0;0;0
FR;9;2022-03-16;0;0;0;0;0;0;0;0;0;0;0;0;0;0;0;0;0;0
FR;9;2022-03-17;0;0;0;0;0;0;0;0;0;0;0;0;0;0;0;0;0;0
FR;9;2022-03-18;0;0;0;0;0;0;0;0;0;0;0;0;0;0;0;0;0;0
FR;9;2022-03-19;0;0;0;0;0;0;0;0;0;0;0;0;0;0;0;0;0;0
FR;9;2022-03-20;0;0;0;0;0;0;0;0;0;0;0;0;0;0;0;0;0;0
FR;9;2022-03-21;0;0;0;0;0;0;0;0;0;0;0;0;0;0;0;0;0;0
FR;9;2022-03-22;0;0;0;0;0;0;0;0;0;0;0;0;0;0;0;0;0;0
FR;9;2022-03-23;0;0;0;0;0;0;0;0;0;0;0;0;0;0;0;0;0;0
FR;9;2022-03-24;0;0;0;0;0;0;0;0;0;0;0;0;0;0;0;0;0;0
FR;9;2022-03-25;0;0;0;0;0;0;0;0;0;0;0;0;0;0;0;0;0;0
FR;9;2022-03-26;0;0;0;0;0;0;0;0;0;0;0;0;0;0;0;0;0;0
FR;9;2022-03-27;0;0;0;0;0;0;0;0;0;0;0;0;0;0;0;0;0;0
FR;9;2022-03-28;0;0;0;0;0;0;0;0;0;0;0;0;0;0;0;0;0;0
FR;9;2022-03-29;0;0;0;0;0;0;0;0;0;0;0;0;0;0;0;0;0;0
FR;9;2022-03-30;0;0;0;0;0;0;0;0;0;0;0;0;0;0;0;0;0;0
FR;9;2022-03-31;0;0;0;0;0;0;0;0;0;0;0;0;0;0;0;0;0;0
FR;9;2022-04-01;0;0;0;0;0;0;0;0;0;0;0;0;0;0;0;0;0;0
FR;9;2022-04-02;0;0;0;0;0;0;0;0;0;0;0;0;0;0;0;0;0;0
FR;9;2022-04-03;0;0;0;0;0;0;0;0;0;0;0;0;0;0;0;0;0;0
FR;9;2022-04-04;0;0;0;0;0;0;0;0;0;0;0;0;0;0;0;0;0;0
FR;9;2022-04-05;0;0;0;0;0;0;0;0;0;0;0;0;0;0;0;0;0;0
FR;9;2022-04-06;0;0;0;0;0;0;0;0;0;0;0;0;0;0;0;0;0;0
FR;9;2022-04-07;0;0;0;0;0;0;0;0;0;0;0;0;0;0;0;0;0;0
FR;9;2022-04-08;0;0;0;0;0;0;0;0;0;0;0;0;0;0;0;0;0;0
FR;9;2022-04-09;0;0;0;0;0;0;0;0;0;0;0;0;0;0;0;0;0;0
FR;9;2022-04-10;0;0;0;0;0;0;0;0;0;0;0;0;0;0;0;0;0;0
FR;9;2022-04-11;0;0;0;0;0;0;0;0;0;0;0;0;0;0;0;0;0;0
FR;9;2022-04-12;0;0;0;0;0;0;0;0;0;0;0;0;0;0;0;0;0;0
FR;9;2022-04-13;0;0;0;0;0;0;0;0;0;0;0;0;0;0;0;0;0;0
FR;9;2022-04-14;0;0;0;0;0;0;0;0;0;0;0;0;0;0;0;0;0;0
FR;9;2022-04-15;0;0;0;0;0;0;0;0;0;0;0;0;0;0;0;0;0;0
FR;9;2022-04-16;0;0;0;0;0;0;0;0;0;0;0;0;0;0;0;0;0;0
FR;9;2022-04-17;0;0;0;0;0;0;0;0;0;0;0;0;0;0;0;0;0;0
FR;9;2022-04-18;0;0;0;0;0;0;0;0;0;0;0;0;0;0;0;0;0;0
FR;9;2022-04-19;0;0;0;0;0;0;0;0;0;0;0;0;0;0;0;0;0;0
FR;9;2022-04-20;0;0;0;0;0;0;0;0;0;0;0;0;0;0;0;0;0;0
FR;9;2022-04-21;0;0;0;0;0;0;0;0;0;0;0;0;0;0;0;0;0;0
FR;9;2022-04-22;0;0;0;0;0;0;0;0;0;0;0;0;0;0;0;0;0;0
FR;9;2022-04-23;0;0;0;0;0;0;0;0;0;0;0;0;0;0;0;0;0;0
FR;9;2022-04-24;0;0;0;0;0;0;0;0;0;0;0;0;0;0;0;0;0;0
FR;9;2022-04-25;0;0;0;0;0;0;0;0;0;0;0;0;0;0;0;0;0;0
FR;9;2022-04-26;0;0;0;0;0;0;0;0;0;0;0;0;0;0;0;0;0;0
FR;9;2022-04-27;0;0;0;0;0;0;0;0;0;0;0;0;0;0;0;0;0;0
FR;9;2022-04-28;0;0;0;0;0;0;0;0;0;0;0;0;0;0;0;0;0;0
FR;9;2022-04-29;0;0;0;0;0;0;0;0;0;0;0;0;0;0;0;0;0;0
FR;9;2022-04-30;0;0;0;0;0;0;0;0;0;0;0;0;0;0;0;0;0;0
FR;9;2022-05-01;0;0;0;0;0;0;0;0;0;0;0;0;0;0;0;0;0;0
FR;9;2022-05-02;0;0;0;0;0;0;0;0;0;0;0;0;0;0;0;0;0;0
FR;9;2022-05-03;0;0;0;0;0;0;0;0;0;0;0;0;0;0;0;0;0;0
FR;9;2022-05-04;0;0;0;0;0;0;0;0;0;0;0;0;0;0;0;0;0;0
FR;9;2022-05-05;0;0;0;0;0;0;0;0;0;0;0;0;0;0;0;0;0;0
FR;9;2022-05-06;0;0;0;0;0;0;0;0;0;0;0;0;0;0;0;0;0;0
FR;9;2022-05-07;0;0;0;0;0;0;0;0;0;0;0;0;0;0;0;0;0;0
FR;9;2022-05-08;0;0;0;0;0;0;0;0;0;0;0;0;0;0;0;0;0;0
FR;9;2022-05-09;0;0;0;0;0;0;0;0;0;0;0;0;0;0;0;0;0;0
FR;9;2022-05-10;0;0;0;0;0;0;0;0;0;0;0;0;0;0;0;0;0;0
FR;9;2022-05-11;0;0;0;0;0;0;0;0;0;0;0;0;0;0;0;0;0;0
FR;9;2022-05-12;0;0;0;0;0;0;0;0;0;0;0;0;0;0;0;0;0;0
FR;9;2022-05-13;0;0;0;0;0;0;0;0;0;0;0;0;0;0;0;0;0;0
FR;9;2022-05-14;0;0;0;0;0;0;0;0;0;0;0;0;0;0;0;0;0;0
FR;9;2022-05-15;0;0;0;0;0;0;0;0;0;0;0;0;0;0;0;0;0;0
FR;9;2022-05-16;0;0;0;0;0;0;0;0;0;0;0;0;0;0;0;0;0;0
FR;9;2022-05-17;0;0;0;0;0;0;0;0;0;0;0;0;0;0;0;0;0;0
FR;9;2022-05-18;0;0;0;0;0;0;0;0;0;0;0;0;0;0;0;0;0;0
FR;9;2022-05-19;0;0;0;0;0;0;0;0;0;0;0;0;0;0;0;0;0;0
FR;9;2022-05-20;0;0;0;0;0;0;0;0;0;0;0;0;0;0;0;0;0;0
FR;9;2022-05-21;0;0;0;0;0;0;0;0;0;0;0;0;0;0;0;0;0;0
FR;9;2022-05-22;0;0;0;0;0;0;0;0;0;0;0;0;0;0;0;0;0;0
FR;9;2022-05-23;0;0;0;0;0;0;0;0;0;0;0;0;0;0;0;0;0;0
FR;9;2022-05-24;0;0;0;0;0;0;0;0;0;0;0;0;0;0;0;0;0;0
FR;9;2022-05-25;0;0;0;0;0;0;0;0;0;0;0;0;0;0;0;0;0;0
FR;9;2022-05-26;0;0;0;0;0;0;0;0;0;0;0;0;0;0;0;0;0;0
FR;9;2022-05-27;0;0;0;0;0;0;0;0;0;0;0;0;0;0;0;0;0;0
FR;9;2022-05-28;0;0;0;0;0;0;0;0;0;0;0;0;0;0;0;0;0;0
FR;9;2022-05-29;0;0;0;0;0;0;0;0;0;0;0;0;0;0;0;0;0;0
FR;9;2022-05-30;0;0;0;0;0;0;0;0;0;0;0;0;0;0;0;0;0;0
FR;9;2022-05-31;0;0;0;0;0;0;0;0;0;0;0;0;0;0;0;0;0;0
FR;9;2022-06-01;0;0;0;0;0;0;0;0;0;0;0;0;0;0;0;0;0;0
FR;9;2022-06-02;0;0;0;0;0;0;0;0;0;0;0;0;0;0;0;0;0;0
FR;9;2022-06-03;0;0;0;0;0;0;0;0;0;0;0;0;0;0;0;0;0;0
FR;9;2022-06-04;0;0;0;0;0;0;0;0;0;0;0;0;0;0;0;0;0;0
FR;9;2022-06-05;0;0;0;0;0;0;0;0;0;0;0;0;0;0;0;0;0;0
FR;9;2022-06-06;0;0;0;0;0;0;0;0;0;0;0;0;0;0;0;0;0;0
FR;9;2022-06-07;0;0;0;0;0;0;0;0;0;0;0;0;0;0;0;0;0;0
FR;9;2022-06-08;0;0;0;0;0;0;0;0;0;0;0;0;0;0;0;0;0;0
FR;9;2022-06-09;0;0;0;0;0;0;0;0;0;0;0;0;0;0;0;0;0;0
FR;9;2022-06-10;0;0;0;0;0;0;0;0;0;0;0;0;0;0;0;0;0;0
FR;9;2022-06-11;0;0;0;0;0;0;0;0;0;0;0;0;0;0;0;0;0;0
FR;9;2022-06-12;0;0;0;0;0;0;0;0;0;0;0;0;0;0;0;0;0;0
FR;9;2022-06-13;0;0;0;0;0;0;0;0;0;0;0;0;0;0;0;0;0;0
FR;9;2022-06-14;0;0;0;0;0;0;0;0;0;0;0;0;0;0;0;0;0;0
FR;9;2022-06-15;0;0;0;0;0;0;0;0;0;0;0;0;0;0;0;0;0;0
FR;9;2022-06-16;0;0;0;0;0;0;0;0;0;0;0;0;0;0;0;0;0;0
FR;9;2022-06-17;0;0;0;0;0;0;0;0;0;0;0;0;0;0;0;0;0;0
FR;9;2022-06-18;0;0;0;0;0;0;0;0;0;0;0;0;0;0;0;0;0;0
FR;9;2022-06-19;0;0;0;0;0;0;0;0;0;0;0;0;0;0;0;0;0;0
FR;9;2022-06-20;0;0;0;0;0;0;0;0;0;0;0;0;0;0;0;0;0;0
FR;9;2022-06-21;0;0;0;0;0;0;0;0;0;0;0;0;0;0;0;0;0;0
FR;9;2022-06-22;0;0;0;0;0;0;0;0;0;0;0;0;0;0;0;0;0;0
FR;9;2022-06-23;0;0;0;0;0;0;0;0;0;0;0;0;0;0;0;0;0;0
FR;9;2022-06-24;0;0;0;0;0;0;0;0;0;0;0;0;0;0;0;0;0;0
FR;9;2022-06-25;0;0;0;0;0;0;0;0;0;0;0;0;0;0;0;0;0;0
FR;9;2022-06-26;0;0;0;0;0;0;0;0;0;0;0;0;0;0;0;0;0;0
FR;9;2022-06-27;0;0;0;0;0;0;0;0;0;0;0;0;0;0;0;0;0;0
FR;9;2022-06-28;0;0;0;0;0;0;0;0;0;0;0;0;0;0;0;0;0;0
FR;9;2022-06-29;0;0;0;0;0;0;0;0;0;0;0;0;0;0;0;0;0;0
FR;9;2022-06-30;0;0;0;0;0;0;0;0;0;0;0;0;0;0;0;0;0;0
FR;9;2022-07-01;0;0;0;0;0;0;0;0;0;0;0;0;0;0;0;0;0;0
FR;9;2022-07-02;0;0;0;0;0;0;0;0;0;0;0;0;0;0;0;0;0;0
FR;9;2022-07-03;0;0;0;0;0;0;0;0;0;0;0;0;0;0;0;0;0;0
FR;9;2022-07-04;0;0;0;0;0;0;0;0;0;0;0;0;0;0;0;0;0;0
FR;9;2022-07-05;0;0;0;0;0;0;0;0;0;0;0;0;0;0;0;0;0;0
FR;9;2022-07-06;0;0;0;0;0;0;0;0;0;0;0;0;0;0;0;0;0;0
FR;9;2022-07-07;0;0;0;0;0;0;0;0;0;0;0;0;0;0;0;0;0;0
FR;9;2022-07-08;0;0;0;0;0;0;0;0;0;0;0;0;0;0;0;0;0;0
FR;9;2022-07-09;0;0;0;0;0;0;0;0;0;0;0;0;0;0;0;0;0;0
FR;9;2022-07-10;0;0;0;0;0;0;0;0;0;0;0;0;0;0;0;0;0;0
FR;9;2022-07-11;0;0;0;0;0;0;0;0;0;0;0;0;0;0;0;0;0;0
FR;9;2022-07-12;0;0;0;0;0;0;0;0;0;0;0;0;0;0;0;0;0;0
FR;9;2022-07-13;0;0;0;0;0;0;0;0;0;0;0;0;0;0;0;0;0;0
FR;9;2022-07-14;0;0;0;0;0;0;0;0;0;0;0;0;0;0;0;0;0;0
FR;9;2022-07-15;0;0;0;0;0;0;0;0;0;0;0;0;0;0;0;0;0;0
FR;9;2022-07-16;0;0;0;0;0;0;0;0;0;0;0;0;0;0;0;0;0;0
FR;9;2022-07-17;0;0;0;0;0;0;0;0;0;0;0;0;0;0;0;0;0;0
FR;9;2022-07-18;0;0;0;0;0;0;0;0;0;0;0;0;0;0;0;0;0;0
FR;9;2022-07-19;0;0;0;0;0;0;0;0;0;0;0;0;0;0;0;0;0;0
FR;9;2022-07-20;0;0;0;0;0;0;0;0;0;0;0;0;0;0;0;0;0;0
FR;9;2022-07-21;0;0;0;0;0;0;0;0;0;0;0;0;0;0;0;0;0;0
FR;9;2022-07-22;0;0;0;0;0;0;0;0;0;0;0;0;0;0;0;0;0;0
FR;9;2022-07-23;0;0;0;0;0;0;0;0;0;0;0;0;0;0;0;0;0;0
FR;9;2022-07-24;0;0;0;0;0;0;0;0;0;0;0;0;0;0;0;0;0;0
FR;9;2022-07-25;0;0;0;0;0;0;0;0;0;0;0;0;0;0;0;0;0;0
FR;9;2022-07-26;0;0;0;0;0;0;0;0;0;0;0;0;0;0;0;0;0;0
FR;9;2022-07-27;0;0;0;0;0;0;0;0;0;0;0;0;0;0;0;0;0;0
FR;9;2022-07-28;0;0;0;0;0;0;0;0;0;0;0;0;0;0;0;0;0;0
FR;9;2022-07-29;0;0;0;0;0;0;0;0;0;0;0;0;0;0;0;0;0;0
FR;9;2022-07-30;0;0;0;0;0;0;0;0;0;0;0;0;0;0;0;0;0;0
FR;9;2022-07-31;0;0;0;0;0;0;0;0;0;0;0;0;0;0;0;0;0;0
FR;9;2022-08-01;0;0;0;0;0;0;0;0;0;0;0;0;0;0;0;0;0;0
FR;9;2022-08-02;0;0;0;0;0;0;0;0;0;0;0;0;0;0;0;0;0;0
FR;9;2022-08-03;0;0;0;0;0;0;0;0;0;0;0;0;0;0;0;0;0;0
FR;9;2022-08-04;0;0;0;0;0;0;0;0;0;0;0;0;0;0;0;0;0;0
FR;9;2022-08-05;0;0;0;0;0;0;0;0;0;0;0;0;0;0;0;0;0;0
FR;9;2022-08-06;0;0;0;0;0;0;0;0;0;0;0;0;0;0;0;0;0;0
FR;9;2022-08-07;0;0;0;0;0;0;0;0;0;0;0;0;0;0;0;0;0;0
FR;9;2022-08-08;0;0;0;0;0;0;0;0;0;0;0;0;0;0;0;0;0;0
FR;9;2022-08-09;0;0;0;0;0;0;0;0;0;0;0;0;0;0;0;0;0;0
FR;9;2022-08-10;0;0;0;0;0;0;0;0;0;0;0;0;0;0;0;0;0;0
FR;9;2022-08-11;0;0;0;0;0;0;0;0;0;0;0;0;0;0;0;0;0;0
FR;9;2022-08-12;0;0;0;0;0;0;0;0;0;0;0;0;0;0;0;0;0;0
FR;9;2022-08-13;0;0;0;0;0;0;0;0;0;0;0;0;0;0;0;0;0;0
FR;9;2022-08-14;0;0;0;0;0;0;0;0;0;0;0;0;0;0;0;0;0;0
FR;9;2022-08-15;0;0;0;0;0;0;0;0;0;0;0;0;0;0;0;0;0;0
FR;9;2022-08-16;0;0;0;0;0;0;0;0;0;0;0;0;0;0;0;0;0;0
FR;9;2022-08-17;0;0;0;0;0;0;0;0;0;0;0;0;0;0;0;0;0;0
FR;9;2022-08-18;0;0;0;0;0;0;0;0;0;0;0;0;0;0;0;0;0;0
FR;9;2022-08-19;0;0;0;0;0;0;0;0;0;0;0;0;0;0;0;0;0;0
FR;9;2022-08-20;0;0;0;0;0;0;0;0;0;0;0;0;0;0;0;0;0;0
FR;9;2022-08-21;0;0;0;0;0;0;0;0;0;0;0;0;0;0;0;0;0;0
FR;9;2022-08-22;0;0;0;0;0;0;0;0;0;0;0;0;0;0;0;0;0;0
FR;9;2022-08-23;0;0;0;0;0;0;0;0;0;0;0;0;0;0;0;0;0;0
FR;9;2022-08-24;0;0;0;0;0;0;0;0;0;0;0;0;0;0;0;0;0;0
FR;9;2022-08-25;0;0;0;0;0;0;0;0;0;0;0;0;0;0;0;0;0;0
FR;9;2022-08-26;0;0;0;0;0;0;0;0;0;0;0;0;0;0;0;0;0;0
FR;9;2022-08-27;0;0;0;0;0;0;0;0;0;0;0;0;0;0;0;0;0;0
FR;9;2022-08-28;0;0;0;0;0;0;0;0;0;0;0;0;0;0;0;0;0;0
FR;9;2022-08-29;0;0;0;0;0;0;0;0;0;0;0;0;0;0;0;0;0;0
FR;9;2022-08-30;0;0;0;0;0;0;0;0;0;0;0;0;0;0;0;0;0;0
FR;9;2022-08-31;0;0;0;0;0;0;0;0;0;0;0;0;0;0;0;0;0;0
FR;9;2022-09-01;0;0;0;0;0;0;0;0;0;0;0;0;0;0;0;0;0;0
FR;9;2022-09-02;0;0;0;0;0;0;0;0;0;0;0;0;0;0;0;0;0;0
FR;9;2022-09-03;0;0;0;0;0;0;0;0;0;0;0;0;0;0;0;0;0;0
FR;9;2022-09-04;0;0;0;0;0;0;0;0;0;0;0;0;0;0;0;0;0;0
FR;9;2022-09-05;0;0;0;0;0;0;0;0;0;0;0;0;0;0;0;0;0;0
FR;9;2022-09-06;0;0;0;0;0;0;0;0;0;0;0;0;0;0;0;0;0;0
FR;9;2022-09-07;0;0;0;0;0;0;0;0;0;0;0;0;0;0;0;0;0;0
FR;9;2022-09-08;0;0;0;0;0;0;0;0;0;0;0;0;0;0;0;0;0;0
FR;9;2022-09-09;0;0;0;0;0;0;0;0;0;0;0;0;0;0;0;0;0;0
FR;9;2022-09-10;0;0;0;0;0;0;0;0;0;0;0;0;0;0;0;0;0;0
FR;9;2022-09-11;0;0;0;0;0;0;0;0;0;0;0;0;0;0;0;0;0;0
FR;9;2022-09-12;0;0;0;0;0;0;0;0;0;0;0;0;0;0;0;0;0;0
FR;9;2022-09-13;0;0;0;0;0;0;0;0;0;0;0;0;0;0;0;0;0;0
FR;9;2022-09-14;0;0;0;0;0;0;0;0;0;0;0;0;0;0;0;0;0;0
FR;9;2022-09-15;0;0;0;0;0;0;0;0;0;0;0;0;0;0;0;0;0;0
FR;9;2022-09-16;0;0;0;0;0;0;0;0;0;0;0;0;0;0;0;0;0;0
FR;9;2022-09-17;0;0;0;0;0;0;0;0;0;0;0;0;0;0;0;0;0;0
FR;9;2022-09-18;0;0;0;0;0;0;0;0;0;0;0;0;0;0;0;0;0;0
FR;9;2022-09-19;0;0;0;0;0;0;0;0;0;0;0;0;0;0;0;0;0;0
FR;9;2022-09-20;0;0;0;0;0;0;0;0;0;0;0;0;0;0;0;0;0;0
FR;9;2022-09-21;0;0;0;0;0;0;0;0;0;0;0;0;0;0;0;0;0;0
FR;9;2022-09-22;0;0;0;0;0;0;0;0;0;0;0;0;0;0;0;0;0;0
FR;9;2022-09-23;0;0;0;0;0;0;0;0;0;0;0;0;0;0;0;0;0;0
FR;9;2022-09-24;0;0;0;0;0;0;0;0;0;0;0;0;0;0;0;0;0;0
FR;9;2022-09-25;0;0;0;0;0;0;0;0;0;0;0;0;0;0;0;0;0;0
FR;9;2022-09-26;0;0;0;0;0;0;0;0;0;0;0;0;0;0;0;0;0;0
FR;9;2022-09-27;0;0;0;0;0;0;0;0;0;0;0;0;0;0;0;0;0;0
FR;9;2022-09-28;0;0;0;0;0;0;0;0;0;0;0;0;0;0;0;0;0;0
FR;9;2022-09-29;1;1;8;33;0;6;35;43;2;1;1;8;33;0;6;35;43;2
FR;9;2022-09-30;5;12;60;606;6;47;613;713;51;6;13;68;639;6;53;648;756;53
FR;9;2022-10-01;10;1;43;327;2;26;335;396;35;16;14;111;966;8;79;983;1152;88
FR;9;2022-10-02;1;1;5;50;0;4;51;66;11;17;15;116;1016;8;83;1034;1218;99
FR;9;2022-10-03;10;17;151;1714;11;129;1708;2074;234;27;32;267;2730;19;212;2742;3292;333
FR;9;2022-10-04;21;48;353;3952;18;228;4020;4702;450;48;80;620;6682;37;440;6762;7994;783
FR;9;2022-10-05;27;19;269;2997;16;203;3010;3655;433;75;99;889;9679;53;643;9772;11649;1216
FR;9;2022-10-06;23;34;399;4598;17;300;4631;5608;672;98;133;1288;14277;70;943;14403;17257;1888
FR;9;2022-10-07;29;50;499;5704;19;384;5718;7027;923;127;183;1787;19981;89;1327;20121;24284;2811
FR;9;2022-10-08;10;18;128;1090;8;86;1108;1389;191;137;201;1915;21071;97;1413;21229;25673;3002
FR;9;2022-10-09;1;7;22;197;1;29;198;277;50;138;208;1937;21268;98;1442;21427;25950;3052
FR;9;2022-10-10;11;26;207;2572;14;181;2576;3296;533;149;234;2144;23840;112;1623;24003;29246;3585
FR;9;2022-10-11;31;40;424;5043;27;312;5024;6196;850;180;274;2568;28883;139;1935;29027;35442;4435
FR;9;2022-10-12;22;26;297;2987;16;212;3044;3830;572;202;300;2865;31870;155;2147;32071;39272;5007
FR;9;2022-10-13;25;42;374;3980;16;245;4036;5027;740;227;342;3239;35850;171;2392;36107;44299;5747
FR;9;2022-10-14;27;26;381;4429;12;293;4413;5555;838;254;368;3620;40279;183;2685;40520;49854;6585
FR;9;2022-10-15;14;8;101;1052;7;79;1029;1308;198;268;376;3721;41331;190;2764;41549;51162;6783
FR;9;2022-10-16;4;1;9;132;2;12;126;168;28;272;377;3730;41463;192;2776;41675;51330;6811
FR;9;2022-10-17;4;22;165;1875;11;127;1883;2492;475;276;399;3895;43338;203;2903;43558;53822;7286
FR;9;2022-10-18;36;28;316;3429;17;235;3453;4652;955;312;427;4211;46767;220;3138;47011;58474;8241
FR;9;2022-10-19;22;19;262;2687;16;174;2717;3725;819;334;446;4473;49454;236;3312;49728;62199;9060
FR;9;2022-10-20;22;22;308;3625;8;232;3630;4802;932;356;468;4781;53079;244;3544;53358;67001;9992
FR;9;2022-10-21;14;31;325;3528;10;227;3546;4641;860;370;499;5106;56607;254;3771;56904;71642;10852
FR;9;2022-10-22;10;11;90;914;8;62;919;1193;207;380;510;5196;57521;262;3833;57823;72835;11059
FR;9;2022-10-23;2;2;17;99;2;10;104;147;33;382;512;5213;57620;264;3843;57927;72982;11092
FR;9;2022-10-24;7;17;158;1362;6;104;1430;1934;395;389;529;5371;58982;270;3947;59357;74916;11487
FR;9;2022-10-25;18;22;227;2837;16;188;2846;3918;881;407;551;5598;61819;286;4135;62203;78834;12368
FR;9;2022-10-26;14;16;169;1798;13;123;1811;2523;587;421;567;5767;63617;299;4258;64014;81357;12955
FR;9;2022-10-27;9;26;230;2291;15;173;2324;3170;662;430;593;5997;65908;314;4431;66338;84527;13617
FR;9;2022-10-28;18;27;224;2277;17;151;2303;3141;680;448;620;6221;68185;331;4582;68641;87668;14297
FR;9;2022-10-29;12;8;55;505;5;46;496;662;119;460;628;6276;68690;336;4628;69137;88330;14416
FR;9;2022-10-30;2;1;8;58;1;8;58;82;16;462;629;6284;68748;337;4636;69195;88412;14432
FR;9;2022-10-31;13;7;105;660;9;59;695;996;240;475;636;6389;69408;346;4695;69890;89408;14672
FR;9;2022-11-01;1;1;15;43;0;11;49;71;11;476;637;6404;69451;346;4706;69939;89479;14683
FR;9;2022-11-02;7;12;102;1026;4;76;1044;1576;452;483;649;6506;70477;350;4782;70983;91055;15135
FR;9;2022-11-03;17;18;155;1583;16;90;1631;2325;594;500;667;6661;72060;366;4872;72614;93380;15729
FR;9;2022-11-04;21;19;193;1748;15;120;1797;2533;611;521;686;6854;73808;381;4992;74411;95913;16340
FR;9;2022-11-05;8;10;58;403;9;39;424;573;107;529;696;6912;74211;390;5031;74835;96486;16447
FR;9;2022-11-06;5;4;5;62;6;2;61;88;25;534;700;6917;74273;396;5033;74896;96574;16472
FR;9;2022-11-07;16;19;88;923;16;109;929;1468;424;550;719;7005;75196;412;5142;75825;98042;16896
FR;9;2022-11-08;10;19;168;1814;13;134;1808;2649;702;560;738;7173;77010;425;5276;77633;100691;17598
FR;9;2022-11-09;16;16;123;1261;9;98;1322;1878;453;576;754;7296;78271;434;5374;78955;102569;18051
FR;9;2022-11-10;13;21;162;1622;13;137;1619;2278;518;589;775;7458;79893;447;5511;80574;104847;18569
FR;9;2022-11-11;1;1;13;81;1;6;83;123;34;590;776;7471;79974;448;5517;80657;104970;18603
FR;9;2022-11-12;5;8;44;259;7;19;278;395;97;595;784;7515;80233;455;5536;80935;105365;18700
FR;9;2022-11-13;2;0;4;30;0;4;31;51;16;597;784;7519;80263;455;5540;80966;105416;18716
FR;9;2022-11-14;11;12;56;707;11;44;722;1107;338;608;796;7575;80970;466;5584;81688;106523;19054
FR;9;2022-11-15;18;16;146;1322;7;103;1329;2074;636;626;812;7721;82292;473;5687;83017;108597;19690
FR;9;2022-11-16;10;4;99;979;7;58;997;1490;431;636;816;7820;83271;480;5745;84014;110087;20121
FR;9;2022-11-17;9;17;126;1079;11;78;1104;1687;500;645;833;7946;84350;491;5823;85118;111774;20621
FR;9;2022-11-18;7;16;119;1440;5;77;1455;2025;491;652;849;8065;85790;496;5900;86573;113799;21112
FR;9;2022-11-19;3;5;50;364;1;27;351;489;106;655;854;8115;86154;497;5927;86924;114288;21218
FR;9;2022-11-20;1;0;5;37;0;3;35;54;16;656;854;8120;86191;497;5930;86959;114342;21234
FR;9;2022-11-21;9;12;66;636;5;51;639;960;263;665;866;8186;86827;502;5981;87598;115302;21497
FR;9;2022-11-22;15;12;121;1037;13;74;1067;1592;449;680;878;8307;87864;515;6055;88665;116894;21946
FR;9;2022-11-23;7;10;69;731;5;33;758;1160;364;687;888;8376;88595;520;6088;89423;118054;22310
FR;9;2022-11-24;8;19;93;977;14;68;990;1470;406;695;907;8469;89572;534;6156;90413;119524;22716
FR;9;2022-11-25;8;10;106;1174;8;81;1190;1747;475;703;917;8575;90746;542;6237;91603;121271;23191
FR;9;2022-11-26;6;6;35;217;7;24;214;310;68;709;923;8610;90963;549;6261;91817;121581;23259
FR;9;2022-11-27;1;1;6;42;0;2;46;82;34;710;924;8616;91005;549;6263;91863;121663;23293
FR;9;2022-11-28;5;7;102;694;7;59;723;1116;329;715;931;8718;91699;556;6322;92586;122779;23622
FR;9;2022-11-29;6;17;140;1296;6;88;1322;1933;518;721;948;8858;92995;562;6410;93908;124712;24140
FR;9;2022-11-30;9;12;99;1026;5;76;1049;1600;470;730;960;8957;94021;567;6486;94957;126312;24610
FR;9;2022-12-01;16;14;111;1330;8;80;1315;1939;540;746;974;9068;95351;575;6566;96272;128251;25150
FR;9;2022-12-02;10;13;192;1816;10;107;1816;2629;700;756;987;9260;97167;585;6673;98088;130880;25850
FR;9;2022-12-03;7;9;79;618;5;40;632;886;208;763;996;9339;97785;590;6713;98720;131766;26058
FR;9;2022-12-04;9;4;15;105;5;8;105;153;40;772;1000;9354;97890;595;6721;98825;131919;26098
FR;9;2022-12-05;19;24;144;1405;17;98;1420;2106;581;791;1024;9498;99295;612;6819;100245;134025;26679
FR;9;2022-12-06;30;21;262;2442;21;147;2536;3799;1097;821;1045;9760;101737;633;6966;102781;137824;27776
FR;9;2022-12-07;15;22;181;1844;20;112;1886;2820;814;836;1067;9941;103581;653;7078;104667;140644;28590
FR;9;2022-12-08;13;22;221;2387;15;125;2449;3660;1070;849;1089;10162;105968;668;7203;107116;144304;29660
FR;9;2022-12-09;14;25;287;2885;10;143;2983;4334;1200;863;1114;10449;108853;678;7346;110099;148638;30860
FR;9;2022-12-10;12;12;122;1319;4;56;1342;1813;409;875;1126;10571;110172;682;7402;111441;150451;31269
FR;9;2022-12-11;5;4;21;277;5;10;283;363;66;880;1130;10592;110449;687;7412;111724;150814;31335
FR;9;2022-12-12;17;13;215;1956;12;108;2030;2886;743;897;1143;10807;112405;699;7520;113754;153700;32078
FR;9;2022-12-13;27;22;317;3076;14;151;3212;4709;1335;924;1165;11124;115481;713;7671;116966;158409;33413
FR;9;2022-12-14;15;10;187;2327;8;92;2396;3492;987;939;1175;11311;117808;721;7763;119362;161901;34400
FR;9;2022-12-15;17;23;250;2601;12;137;2678;4062;1236;956;1198;11561;120409;733;7900;122040;165963;35636
FR;9;2022-12-16;15;29;293;3065;21;164;3148;4585;1264;971;1227;11854;123474;754;8064;125188;170548;36900
FR;9;2022-12-17;8;11;106;1190;6;50;1205;1661;402;979;1238;11960;124664;760;8114;126393;172209;37302
FR;9;2022-12-18;1;7;30;242;6;14;248;330;67;980;1245;11990;124906;766;8128;126641;172539;37369
FR;9;2022-12-19;20;21;149;1599;15;78;1631;2507;789;1000;1266;12139;126505;781;8206;128272;175046;38158
FR;9;2022-12-20;21;19;232;2306;6;115;2348;3704;1230;1021;1285;12371;128811;787;8321;130620;178750;39388
FR;9;2022-12-21;6;14;139;1500;7;66;1553;2401;775;1027;1299;12510;130311;794;8387;132173;181151;40163
FR;9;2022-12-22;17;5;133;1381;8;73;1398;2093;614;1044;1304;12643;131692;802;8460;133571;183244;40777
FR;9;2022-12-23;11;14;76;729;8;50;731;1094;307;1055;1318;12719;132421;810;8510;134302;184338;41084
FR;9;2022-12-24;1;3;12;95;2;5;97;136;34;1056;1321;12731;132516;812;8515;134399;184474;41118
FR;9;2022-12-25;1;0;5;5;0;4;6;12;2;1057;1321;12736;132521;812;8519;134405;184486;41120
FR;9;2022-12-26;16;8;64;547;11;37;554;829;235;1073;1329;12800;133068;823;8556;134959;185315;41355
FR;9;2022-12-27;11;30;97;882;13;69;917;1422;430;1084;1359;12897;133950;836;8625;135876;186737;41785
FR;9;2022-12-28;7;9;82;737;8;40;756;1166;365;1091;1368;12979;134687;844;8665;136632;187903;42150
FR;9;2022-12-29;9;14;92;718;10;51;753;1129;318;1100;1382;13071;135405;854;8716;137385;189032;42468
FR;9;2022-12-30;12;17;75;584;9;46;603;880;228;1112;1399;13146;135989;863;8762;137988;189912;42696
FR;9;2022-12-31;2;3;17;136;2;12;139;190;38;1114;1402;13163;136125;865;8774;138127;190102;42734
FR;9;2023-01-01;0;2;3;19;1;4;19;31;8;1114;1404;13166;136144;866;8778;138146;190133;42742
FR;9;2023-01-02;11;11;56;591;4;40;584;948;320;1125;1415;13222;136735;870;8818;138730;191081;43062
FR;9;2023-01-03;17;18;119;1071;18;74;1096;1913;728;1142;1433;13341;137806;888;8892;139826;192994;43790
FR;9;2023-01-04;20;18;113;839;8;70;894;1602;633;1162;1451;13454;138645;896;8962;140720;194596;44423
FR;9;2023-01-05;6;19;114;1040;11;64;1072;2006;860;1168;1470;13568;139685;907;9026;141792;196602;45283
FR;9;2023-01-06;11;17;145;1353;3;70;1366;2376;929;1179;1487;13713;141038;910;9096;143158;198978;46212
FR;9;2023-01-07;6;13;58;435;14;36;426;685;219;1185;1500;13771;141473;924;9132;143584;199663;46431
FR;9;2023-01-08;3;8;15;91;7;11;90;135;32;1188;1508;13786;141564;931;9143;143674;199798;46463
FR;9;2023-01-09;15;14;85;616;9;60;608;1249;568;1203;1522;13871;142180;940;9203;144282;201047;47031
FR;9;2023-01-10;11;12;154;965;11;73;1020;1968;865;1214;1534;14025;143145;951;9276;145302;203015;47896
FR;9;2023-01-11;19;9;70;672;10;47;683;1363;627;1233;1543;14095;143817;961;9323;145985;204378;48523
FR;9;2023-01-12;18;9;88;805;3;74;779;1608;742;1251;1552;14183;144622;964;9397;146764;205986;49265
FR;9;2023-01-13;15;18;99;868;11;71;885;1689;718;1266;1570;14282;145490;975;9468;147649;207675;49983
FR;9;2023-01-14;6;6;47;285;2;25;291;566;244;1272;1576;14329;145775;977;9493;147940;208241;50227
FR;9;2023-01-15;0;3;13;36;0;9;38;79;32;1272;1579;14342;145811;977;9502;147978;208320;50259
FR;10;2020-12-27;0;0;0;0;0;0;0;0;0;0;0;0;0;0;0;0;0;0
FR;10;2020-12-28;0;0;0;0;0;0;0;0;0;0;0;0;0;0;0;0;0;0
FR;10;2020-12-29;0;0;0;0;0;0;0;0;0;0;0;0;0;0;0;0;0;0
FR;10;2020-12-30;0;0;0;0;0;0;0;0;0;0;0;0;0;0;0;0;0;0
FR;10;2020-12-31;0;0;0;0;0;0;0;0;0;0;0;0;0;0;0;0;0;0
FR;10;2021-01-01;0;0;0;0;0;0;0;0;0;0;0;0;0;0;0;0;0;0
FR;10;2021-01-02;0;0;0;0;0;0;0;0;0;0;0;0;0;0;0;0;0;0
FR;10;2021-01-03;0;0;0;0;0;0;0;0;0;0;0;0;0;0;0;0;0;0
FR;10;2021-01-04;0;0;0;0;0;0;0;0;0;0;0;0;0;0;0;0;0;0
FR;10;2021-01-05;0;0;0;0;0;0;0;0;0;0;0;0;0;0;0;0;0;0
FR;10;2021-01-06;0;0;0;0;0;0;0;0;0;0;0;0;0;0;0;0;0;0
FR;10;2021-01-07;0;0;0;0;0;0;0;0;0;0;0;0;0;0;0;0;0;0
FR;10;2021-01-08;0;0;0;0;0;0;0;0;0;0;0;0;0;0;0;0;0;0
FR;10;2021-01-09;0;0;0;0;0;0;0;0;0;0;0;0;0;0;0;0;0;0
FR;10;2021-01-10;0;0;0;0;0;0;0;0;0;0;0;0;0;0;0;0;0;0
FR;10;2021-01-11;0;0;0;0;0;0;0;0;0;0;0;0;0;0;0;0;0;0
FR;10;2021-01-12;0;0;0;0;0;0;0;0;0;0;0;0;0;0;0;0;0;0
FR;10;2021-01-13;0;0;0;0;0;0;0;0;0;0;0;0;0;0;0;0;0;0
FR;10;2021-01-14;0;0;0;0;0;0;0;0;0;0;0;0;0;0;0;0;0;0
FR;10;2021-01-15;0;0;0;0;0;0;0;0;0;0;0;0;0;0;0;0;0;0
FR;10;2021-01-16;0;0;0;0;0;0;0;0;0;0;0;0;0;0;0;0;0;0
FR;10;2021-01-17;0;0;0;0;0;0;0;0;0;0;0;0;0;0;0;0;0;0
FR;10;2021-01-18;0;0;0;0;0;0;0;0;0;0;0;0;0;0;0;0;0;0
FR;10;2021-01-19;0;0;0;0;0;0;0;0;0;0;0;0;0;0;0;0;0;0
FR;10;2021-01-20;0;0;0;0;0;0;0;0;0;0;0;0;0;0;0;0;0;0
FR;10;2021-01-21;0;0;0;0;0;0;0;0;0;0;0;0;0;0;0;0;0;0
FR;10;2021-01-22;0;0;0;0;0;0;0;0;0;0;0;0;0;0;0;0;0;0
FR;10;2021-01-23;0;0;0;0;0;0;0;0;0;0;0;0;0;0;0;0;0;0
FR;10;2021-01-24;0;0;0;0;0;0;0;0;0;0;0;0;0;0;0;0;0;0
FR;10;2021-01-25;0;0;0;0;0;0;0;0;0;0;0;0;0;0;0;0;0;0
FR;10;2021-01-26;0;0;0;0;0;0;0;0;0;0;0;0;0;0;0;0;0;0
FR;10;2021-01-27;0;0;0;0;0;0;0;0;0;0;0;0;0;0;0;0;0;0
FR;10;2021-01-28;0;0;0;0;0;0;0;0;0;0;0;0;0;0;0;0;0;0
FR;10;2021-01-29;0;0;0;0;0;0;0;0;0;0;0;0;0;0;0;0;0;0
FR;10;2021-01-30;0;0;0;0;0;0;0;0;0;0;0;0;0;0;0;0;0;0
FR;10;2021-01-31;0;0;0;0;0;0;0;0;0;0;0;0;0;0;0;0;0;0
FR;10;2021-02-01;0;0;0;0;0;0;0;0;0;0;0;0;0;0;0;0;0;0
FR;10;2021-02-02;0;0;0;0;0;0;0;0;0;0;0;0;0;0;0;0;0;0
FR;10;2021-02-03;0;0;0;0;0;0;0;0;0;0;0;0;0;0;0;0;0;0
FR;10;2021-02-04;0;0;0;0;0;0;0;0;0;0;0;0;0;0;0;0;0;0
FR;10;2021-02-05;0;0;0;0;0;0;0;0;0;0;0;0;0;0;0;0;0;0
FR;10;2021-02-06;0;0;0;0;0;0;0;0;0;0;0;0;0;0;0;0;0;0
FR;10;2021-02-07;0;0;0;0;0;0;0;0;0;0;0;0;0;0;0;0;0;0
FR;10;2021-02-08;0;0;0;0;0;0;0;0;0;0;0;0;0;0;0;0;0;0
FR;10;2021-02-09;0;0;0;0;0;0;0;0;0;0;0;0;0;0;0;0;0;0
FR;10;2021-02-10;0;0;0;0;0;0;0;0;0;0;0;0;0;0;0;0;0;0
FR;10;2021-02-11;0;0;0;0;0;0;0;0;0;0;0;0;0;0;0;0;0;0
FR;10;2021-02-12;0;0;0;0;0;0;0;0;0;0;0;0;0;0;0;0;0;0
FR;10;2021-02-13;0;0;0;0;0;0;0;0;0;0;0;0;0;0;0;0;0;0
FR;10;2021-02-14;0;0;0;0;0;0;0;0;0;0;0;0;0;0;0;0;0;0
FR;10;2021-02-15;0;0;0;0;0;0;0;0;0;0;0;0;0;0;0;0;0;0
FR;10;2021-02-16;0;0;0;0;0;0;0;0;0;0;0;0;0;0;0;0;0;0
FR;10;2021-02-17;0;0;0;0;0;0;0;0;0;0;0;0;0;0;0;0;0;0
FR;10;2021-02-18;0;0;0;0;0;0;0;0;0;0;0;0;0;0;0;0;0;0
FR;10;2021-02-19;0;0;0;0;0;0;0;0;0;0;0;0;0;0;0;0;0;0
FR;10;2021-02-20;0;0;0;0;0;0;0;0;0;0;0;0;0;0;0;0;0;0
FR;10;2021-02-21;0;0;0;0;0;0;0;0;0;0;0;0;0;0;0;0;0;0
FR;10;2021-02-22;0;0;0;0;0;0;0;0;0;0;0;0;0;0;0;0;0;0
FR;10;2021-02-23;0;0;0;0;0;0;0;0;0;0;0;0;0;0;0;0;0;0
FR;10;2021-02-24;0;0;0;0;0;0;0;0;0;0;0;0;0;0;0;0;0;0
FR;10;2021-02-25;0;0;0;0;0;0;0;0;0;0;0;0;0;0;0;0;0;0
FR;10;2021-02-26;0;0;0;0;0;0;0;0;0;0;0;0;0;0;0;0;0;0
FR;10;2021-02-27;0;0;0;0;0;0;0;0;0;0;0;0;0;0;0;0;0;0
FR;10;2021-02-28;0;0;0;0;0;0;0;0;0;0;0;0;0;0;0;0;0;0
FR;10;2021-03-01;0;0;0;0;0;0;0;0;0;0;0;0;0;0;0;0;0;0
FR;10;2021-03-02;0;0;0;0;0;0;0;0;0;0;0;0;0;0;0;0;0;0
FR;10;2021-03-03;0;0;0;0;0;0;0;0;0;0;0;0;0;0;0;0;0;0
FR;10;2021-03-04;0;0;0;0;0;0;0;0;0;0;0;0;0;0;0;0;0;0
FR;10;2021-03-05;0;0;0;0;0;0;0;0;0;0;0;0;0;0;0;0;0;0
FR;10;2021-03-06;0;0;0;0;0;0;0;0;0;0;0;0;0;0;0;0;0;0
FR;10;2021-03-07;0;0;0;0;0;0;0;0;0;0;0;0;0;0;0;0;0;0
FR;10;2021-03-08;0;0;0;0;0;0;0;0;0;0;0;0;0;0;0;0;0;0
FR;10;2021-03-09;0;0;0;0;0;0;0;0;0;0;0;0;0;0;0;0;0;0
FR;10;2021-03-10;0;0;0;0;0;0;0;0;0;0;0;0;0;0;0;0;0;0
FR;10;2021-03-11;0;0;0;0;0;0;0;0;0;0;0;0;0;0;0;0;0;0
FR;10;2021-03-12;0;0;0;0;0;0;0;0;0;0;0;0;0;0;0;0;0;0
FR;10;2021-03-13;0;0;0;0;0;0;0;0;0;0;0;0;0;0;0;0;0;0
FR;10;2021-03-14;0;0;0;0;0;0;0;0;0;0;0;0;0;0;0;0;0;0
FR;10;2021-03-15;0;0;0;0;0;0;0;0;0;0;0;0;0;0;0;0;0;0
FR;10;2021-03-16;0;0;0;0;0;0;0;0;0;0;0;0;0;0;0;0;0;0
FR;10;2021-03-17;0;0;0;0;0;0;0;0;0;0;0;0;0;0;0;0;0;0
FR;10;2021-03-18;0;0;0;0;0;0;0;0;0;0;0;0;0;0;0;0;0;0
FR;10;2021-03-19;0;0;0;0;0;0;0;0;0;0;0;0;0;0;0;0;0;0
FR;10;2021-03-20;0;0;0;0;0;0;0;0;0;0;0;0;0;0;0;0;0;0
FR;10;2021-03-21;0;0;0;0;0;0;0;0;0;0;0;0;0;0;0;0;0;0
FR;10;2021-03-22;0;0;0;0;0;0;0;0;0;0;0;0;0;0;0;0;0;0
FR;10;2021-03-23;0;0;0;0;0;0;0;0;0;0;0;0;0;0;0;0;0;0
FR;10;2021-03-24;0;0;0;0;0;0;0;0;0;0;0;0;0;0;0;0;0;0
FR;10;2021-03-25;0;0;0;0;0;0;0;0;0;0;0;0;0;0;0;0;0;0
FR;10;2021-03-26;0;0;0;0;0;0;0;0;0;0;0;0;0;0;0;0;0;0
FR;10;2021-03-27;0;0;0;0;0;0;0;0;0;0;0;0;0;0;0;0;0;0
FR;10;2021-03-28;0;0;0;0;0;0;0;0;0;0;0;0;0;0;0;0;0;0
FR;10;2021-03-29;0;0;0;0;0;0;0;0;0;0;0;0;0;0;0;0;0;0
FR;10;2021-03-30;0;0;0;0;0;0;0;0;0;0;0;0;0;0;0;0;0;0
FR;10;2021-03-31;0;0;0;0;0;0;0;0;0;0;0;0;0;0;0;0;0;0
FR;10;2021-04-01;0;0;0;0;0;0;0;0;0;0;0;0;0;0;0;0;0;0
FR;10;2021-04-02;0;0;0;0;0;0;0;0;0;0;0;0;0;0;0;0;0;0
FR;10;2021-04-03;0;0;0;0;0;0;0;0;0;0;0;0;0;0;0;0;0;0
FR;10;2021-04-04;0;0;0;0;0;0;0;0;0;0;0;0;0;0;0;0;0;0
FR;10;2021-04-05;0;0;0;0;0;0;0;0;0;0;0;0;0;0;0;0;0;0
FR;10;2021-04-06;0;0;0;0;0;0;0;0;0;0;0;0;0;0;0;0;0;0
FR;10;2021-04-07;0;0;0;0;0;0;0;0;0;0;0;0;0;0;0;0;0;0
FR;10;2021-04-08;0;0;0;0;0;0;0;0;0;0;0;0;0;0;0;0;0;0
FR;10;2021-04-09;0;0;0;0;0;0;0;0;0;0;0;0;0;0;0;0;0;0
FR;10;2021-04-10;0;0;0;0;0;0;0;0;0;0;0;0;0;0;0;0;0;0
FR;10;2021-04-11;0;0;0;0;0;0;0;0;0;0;0;0;0;0;0;0;0;0
FR;10;2021-04-12;0;0;0;0;0;0;0;0;0;0;0;0;0;0;0;0;0;0
FR;10;2021-04-13;0;0;0;0;0;0;0;0;0;0;0;0;0;0;0;0;0;0
FR;10;2021-04-14;0;0;0;0;0;0;0;0;0;0;0;0;0;0;0;0;0;0
FR;10;2021-04-15;0;0;0;0;0;0;0;0;0;0;0;0;0;0;0;0;0;0
FR;10;2021-04-16;0;0;0;0;0;0;0;0;0;0;0;0;0;0;0;0;0;0
FR;10;2021-04-17;0;0;0;0;0;0;0;0;0;0;0;0;0;0;0;0;0;0
FR;10;2021-04-18;0;0;0;0;0;0;0;0;0;0;0;0;0;0;0;0;0;0
FR;10;2021-04-19;0;0;0;0;0;0;0;0;0;0;0;0;0;0;0;0;0;0
FR;10;2021-04-20;0;0;0;0;0;0;0;0;0;0;0;0;0;0;0;0;0;0
FR;10;2021-04-21;0;0;0;0;0;0;0;0;0;0;0;0;0;0;0;0;0;0
FR;10;2021-04-22;0;0;0;0;0;0;0;0;0;0;0;0;0;0;0;0;0;0
FR;10;2021-04-23;0;0;0;0;0;0;0;0;0;0;0;0;0;0;0;0;0;0
FR;10;2021-04-24;0;0;0;0;0;0;0;0;0;0;0;0;0;0;0;0;0;0
FR;10;2021-04-25;0;0;0;0;0;0;0;0;0;0;0;0;0;0;0;0;0;0
FR;10;2021-04-26;0;0;0;0;0;0;0;0;0;0;0;0;0;0;0;0;0;0
FR;10;2021-04-27;0;0;0;0;0;0;0;0;0;0;0;0;0;0;0;0;0;0
FR;10;2021-04-28;0;0;0;0;0;0;0;0;0;0;0;0;0;0;0;0;0;0
FR;10;2021-04-29;0;0;0;0;0;0;0;0;0;0;0;0;0;0;0;0;0;0
FR;10;2021-04-30;0;0;0;0;0;0;0;0;0;0;0;0;0;0;0;0;0;0
FR;10;2021-05-01;0;0;0;0;0;0;0;0;0;0;0;0;0;0;0;0;0;0
FR;10;2021-05-02;0;0;0;0;0;0;0;0;0;0;0;0;0;0;0;0;0;0
FR;10;2021-05-03;0;0;0;0;0;0;0;0;0;0;0;0;0;0;0;0;0;0
FR;10;2021-05-04;0;0;0;0;0;0;0;0;0;0;0;0;0;0;0;0;0;0
FR;10;2021-05-05;0;0;0;0;0;0;0;0;0;0;0;0;0;0;0;0;0;0
FR;10;2021-05-06;0;0;0;0;0;0;0;0;0;0;0;0;0;0;0;0;0;0
FR;10;2021-05-07;0;0;0;0;0;0;0;0;0;0;0;0;0;0;0;0;0;0
FR;10;2021-05-08;0;0;0;0;0;0;0;0;0;0;0;0;0;0;0;0;0;0
FR;10;2021-05-09;0;0;0;0;0;0;0;0;0;0;0;0;0;0;0;0;0;0
FR;10;2021-05-10;0;0;0;0;0;0;0;0;0;0;0;0;0;0;0;0;0;0
FR;10;2021-05-11;0;0;0;0;0;0;0;0;0;0;0;0;0;0;0;0;0;0
FR;10;2021-05-12;0;0;0;0;0;0;0;0;0;0;0;0;0;0;0;0;0;0
FR;10;2021-05-13;0;0;0;0;0;0;0;0;0;0;0;0;0;0;0;0;0;0
FR;10;2021-05-14;0;0;0;0;0;0;0;0;0;0;0;0;0;0;0;0;0;0
FR;10;2021-05-15;0;0;0;0;0;0;0;0;0;0;0;0;0;0;0;0;0;0
FR;10;2021-05-16;0;0;0;0;0;0;0;0;0;0;0;0;0;0;0;0;0;0
FR;10;2021-05-17;0;0;0;0;0;0;0;0;0;0;0;0;0;0;0;0;0;0
FR;10;2021-05-18;0;0;0;0;0;0;0;0;0;0;0;0;0;0;0;0;0;0
FR;10;2021-05-19;0;0;0;0;0;0;0;0;0;0;0;0;0;0;0;0;0;0
FR;10;2021-05-20;0;0;0;0;0;0;0;0;0;0;0;0;0;0;0;0;0;0
FR;10;2021-05-21;0;0;0;0;0;0;0;0;0;0;0;0;0;0;0;0;0;0
FR;10;2021-05-22;0;0;0;0;0;0;0;0;0;0;0;0;0;0;0;0;0;0
FR;10;2021-05-23;0;0;0;0;0;0;0;0;0;0;0;0;0;0;0;0;0;0
FR;10;2021-05-24;0;0;0;0;0;0;0;0;0;0;0;0;0;0;0;0;0;0
FR;10;2021-05-25;0;0;0;0;0;0;0;0;0;0;0;0;0;0;0;0;0;0
FR;10;2021-05-26;0;0;0;0;0;0;0;0;0;0;0;0;0;0;0;0;0;0
FR;10;2021-05-27;0;0;0;0;0;0;0;0;0;0;0;0;0;0;0;0;0;0
FR;10;2021-05-28;0;0;0;0;0;0;0;0;0;0;0;0;0;0;0;0;0;0
FR;10;2021-05-29;0;0;0;0;0;0;0;0;0;0;0;0;0;0;0;0;0;0
FR;10;2021-05-30;0;0;0;0;0;0;0;0;0;0;0;0;0;0;0;0;0;0
FR;10;2021-05-31;0;0;0;0;0;0;0;0;0;0;0;0;0;0;0;0;0;0
FR;10;2021-06-01;0;0;0;0;0;0;0;0;0;0;0;0;0;0;0;0;0;0
FR;10;2021-06-02;0;0;0;0;0;0;0;0;0;0;0;0;0;0;0;0;0;0
FR;10;2021-06-03;0;0;0;0;0;0;0;0;0;0;0;0;0;0;0;0;0;0
FR;10;2021-06-04;0;0;0;0;0;0;0;0;0;0;0;0;0;0;0;0;0;0
FR;10;2021-06-05;0;0;0;0;0;0;0;0;0;0;0;0;0;0;0;0;0;0
FR;10;2021-06-06;0;0;0;0;0;0;0;0;0;0;0;0;0;0;0;0;0;0
FR;10;2021-06-07;0;0;0;0;0;0;0;0;0;0;0;0;0;0;0;0;0;0
FR;10;2021-06-08;0;0;0;0;0;0;0;0;0;0;0;0;0;0;0;0;0;0
FR;10;2021-06-09;0;0;0;0;0;0;0;0;0;0;0;0;0;0;0;0;0;0
FR;10;2021-06-10;0;0;0;0;0;0;0;0;0;0;0;0;0;0;0;0;0;0
FR;10;2021-06-11;0;0;0;0;0;0;0;0;0;0;0;0;0;0;0;0;0;0
FR;10;2021-06-12;0;0;0;0;0;0;0;0;0;0;0;0;0;0;0;0;0;0
FR;10;2021-06-13;0;0;0;0;0;0;0;0;0;0;0;0;0;0;0;0;0;0
FR;10;2021-06-14;0;0;0;0;0;0;0;0;0;0;0;0;0;0;0;0;0;0
FR;10;2021-06-15;0;0;0;0;0;0;0;0;0;0;0;0;0;0;0;0;0;0
FR;10;2021-06-16;0;0;0;0;0;0;0;0;0;0;0;0;0;0;0;0;0;0
FR;10;2021-06-17;0;0;0;0;0;0;0;0;0;0;0;0;0;0;0;0;0;0
FR;10;2021-06-18;0;0;0;0;0;0;0;0;0;0;0;0;0;0;0;0;0;0
FR;10;2021-06-19;0;0;0;0;0;0;0;0;0;0;0;0;0;0;0;0;0;0
FR;10;2021-06-20;0;0;0;0;0;0;0;0;0;0;0;0;0;0;0;0;0;0
FR;10;2021-06-21;0;0;0;0;0;0;0;0;0;0;0;0;0;0;0;0;0;0
FR;10;2021-06-22;0;0;0;0;0;0;0;0;0;0;0;0;0;0;0;0;0;0
FR;10;2021-06-23;0;0;0;0;0;0;0;0;0;0;0;0;0;0;0;0;0;0
FR;10;2021-06-24;0;0;0;0;0;0;0;0;0;0;0;0;0;0;0;0;0;0
FR;10;2021-06-25;0;0;0;0;0;0;0;0;0;0;0;0;0;0;0;0;0;0
FR;10;2021-06-26;0;0;0;0;0;0;0;0;0;0;0;0;0;0;0;0;0;0
FR;10;2021-06-27;0;0;0;0;0;0;0;0;0;0;0;0;0;0;0;0;0;0
FR;10;2021-06-28;0;0;0;0;0;0;0;0;0;0;0;0;0;0;0;0;0;0
FR;10;2021-06-29;0;0;0;0;0;0;0;0;0;0;0;0;0;0;0;0;0;0
FR;10;2021-06-30;0;0;0;0;0;0;0;0;0;0;0;0;0;0;0;0;0;0
FR;10;2021-07-01;0;0;0;0;0;0;0;0;0;0;0;0;0;0;0;0;0;0
FR;10;2021-07-02;0;0;0;0;0;0;0;0;0;0;0;0;0;0;0;0;0;0
FR;10;2021-07-03;0;0;0;0;0;0;0;0;0;0;0;0;0;0;0;0;0;0
FR;10;2021-07-04;0;0;0;0;0;0;0;0;0;0;0;0;0;0;0;0;0;0
FR;10;2021-07-05;0;0;0;0;0;0;0;0;0;0;0;0;0;0;0;0;0;0
FR;10;2021-07-06;0;0;0;0;0;0;0;0;0;0;0;0;0;0;0;0;0;0
FR;10;2021-07-07;0;0;0;0;0;0;0;0;0;0;0;0;0;0;0;0;0;0
FR;10;2021-07-08;0;0;0;0;0;0;0;0;0;0;0;0;0;0;0;0;0;0
FR;10;2021-07-09;0;0;0;0;0;0;0;0;0;0;0;0;0;0;0;0;0;0
FR;10;2021-07-10;0;0;0;0;0;0;0;0;0;0;0;0;0;0;0;0;0;0
FR;10;2021-07-11;0;0;0;0;0;0;0;0;0;0;0;0;0;0;0;0;0;0
FR;10;2021-07-12;0;0;0;0;0;0;0;0;0;0;0;0;0;0;0;0;0;0
FR;10;2021-07-13;0;0;0;0;0;0;0;0;0;0;0;0;0;0;0;0;0;0
FR;10;2021-07-14;0;0;0;0;0;0;0;0;0;0;0;0;0;0;0;0;0;0
FR;10;2021-07-15;0;0;0;0;0;0;0;0;0;0;0;0;0;0;0;0;0;0
FR;10;2021-07-16;0;0;0;0;0;0;0;0;0;0;0;0;0;0;0;0;0;0
FR;10;2021-07-17;0;0;0;0;0;0;0;0;0;0;0;0;0;0;0;0;0;0
FR;10;2021-07-18;0;0;0;0;0;0;0;0;0;0;0;0;0;0;0;0;0;0
FR;10;2021-07-19;0;0;0;0;0;0;0;0;0;0;0;0;0;0;0;0;0;0
FR;10;2021-07-20;0;0;0;0;0;0;0;0;0;0;0;0;0;0;0;0;0;0
FR;10;2021-07-21;0;0;0;0;0;0;0;0;0;0;0;0;0;0;0;0;0;0
FR;10;2021-07-22;0;0;0;0;0;0;0;0;0;0;0;0;0;0;0;0;0;0
FR;10;2021-07-23;0;0;0;0;0;0;0;0;0;0;0;0;0;0;0;0;0;0
FR;10;2021-07-24;0;0;0;0;0;0;0;0;0;0;0;0;0;0;0;0;0;0
FR;10;2021-07-25;0;0;0;0;0;0;0;0;0;0;0;0;0;0;0;0;0;0
FR;10;2021-07-26;0;0;0;0;0;0;0;0;0;0;0;0;0;0;0;0;0;0
FR;10;2021-07-27;0;0;0;0;0;0;0;0;0;0;0;0;0;0;0;0;0;0
FR;10;2021-07-28;0;0;0;0;0;0;0;0;0;0;0;0;0;0;0;0;0;0
FR;10;2021-07-29;0;0;0;0;0;0;0;0;0;0;0;0;0;0;0;0;0;0
FR;10;2021-07-30;0;0;0;0;0;0;0;0;0;0;0;0;0;0;0;0;0;0
FR;10;2021-07-31;0;0;0;0;0;0;0;0;0;0;0;0;0;0;0;0;0;0
FR;10;2021-08-01;0;0;0;0;0;0;0;0;0;0;0;0;0;0;0;0;0;0
FR;10;2021-08-02;0;0;0;0;0;0;0;0;0;0;0;0;0;0;0;0;0;0
FR;10;2021-08-03;0;0;0;0;0;0;0;0;0;0;0;0;0;0;0;0;0;0
FR;10;2021-08-04;0;0;0;0;0;0;0;0;0;0;0;0;0;0;0;0;0;0
FR;10;2021-08-05;0;0;0;0;0;0;0;0;0;0;0;0;0;0;0;0;0;0
FR;10;2021-08-06;0;0;0;0;0;0;0;0;0;0;0;0;0;0;0;0;0;0
FR;10;2021-08-07;0;0;0;0;0;0;0;0;0;0;0;0;0;0;0;0;0;0
FR;10;2021-08-08;0;0;0;0;0;0;0;0;0;0;0;0;0;0;0;0;0;0
FR;10;2021-08-09;0;0;0;0;0;0;0;0;0;0;0;0;0;0;0;0;0;0
FR;10;2021-08-10;0;0;0;0;0;0;0;0;0;0;0;0;0;0;0;0;0;0
FR;10;2021-08-11;0;0;0;0;0;0;0;0;0;0;0;0;0;0;0;0;0;0
FR;10;2021-08-12;0;0;0;0;0;0;0;0;0;0;0;0;0;0;0;0;0;0
FR;10;2021-08-13;0;0;0;0;0;0;0;0;0;0;0;0;0;0;0;0;0;0
FR;10;2021-08-14;0;0;0;0;0;0;0;0;0;0;0;0;0;0;0;0;0;0
FR;10;2021-08-15;0;0;0;0;0;0;0;0;0;0;0;0;0;0;0;0;0;0
FR;10;2021-08-16;0;0;0;0;0;0;0;0;0;0;0;0;0;0;0;0;0;0
FR;10;2021-08-17;0;0;0;0;0;0;0;0;0;0;0;0;0;0;0;0;0;0
FR;10;2021-08-18;0;0;0;0;0;0;0;0;0;0;0;0;0;0;0;0;0;0
FR;10;2021-08-19;0;0;0;0;0;0;0;0;0;0;0;0;0;0;0;0;0;0
FR;10;2021-08-20;0;0;0;0;0;0;0;0;0;0;0;0;0;0;0;0;0;0
FR;10;2021-08-21;0;0;0;0;0;0;0;0;0;0;0;0;0;0;0;0;0;0
FR;10;2021-08-22;0;0;0;0;0;0;0;0;0;0;0;0;0;0;0;0;0;0
FR;10;2021-08-23;0;0;0;0;0;0;0;0;0;0;0;0;0;0;0;0;0;0
FR;10;2021-08-24;0;0;0;0;0;0;0;0;0;0;0;0;0;0;0;0;0;0
FR;10;2021-08-25;0;0;0;0;0;0;0;0;0;0;0;0;0;0;0;0;0;0
FR;10;2021-08-26;0;0;0;0;0;0;0;0;0;0;0;0;0;0;0;0;0;0
FR;10;2021-08-27;0;0;0;0;0;0;0;0;0;0;0;0;0;0;0;0;0;0
FR;10;2021-08-28;0;0;0;0;0;0;0;0;0;0;0;0;0;0;0;0;0;0
FR;10;2021-08-29;0;0;0;0;0;0;0;0;0;0;0;0;0;0;0;0;0;0
FR;10;2021-08-30;0;0;0;0;0;0;0;0;0;0;0;0;0;0;0;0;0;0
FR;10;2021-08-31;0;0;0;0;0;0;0;0;0;0;0;0;0;0;0;0;0;0
FR;10;2021-09-01;0;0;0;0;0;0;0;0;0;0;0;0;0;0;0;0;0;0
FR;10;2021-09-02;0;0;0;0;0;0;0;0;0;0;0;0;0;0;0;0;0;0
FR;10;2021-09-03;0;0;0;0;0;0;0;0;0;0;0;0;0;0;0;0;0;0
FR;10;2021-09-04;0;0;0;0;0;0;0;0;0;0;0;0;0;0;0;0;0;0
FR;10;2021-09-05;0;0;0;0;0;0;0;0;0;0;0;0;0;0;0;0;0;0
FR;10;2021-09-06;0;0;0;0;0;0;0;0;0;0;0;0;0;0;0;0;0;0
FR;10;2021-09-07;0;0;0;0;0;0;0;0;0;0;0;0;0;0;0;0;0;0
FR;10;2021-09-08;0;0;0;0;0;0;0;0;0;0;0;0;0;0;0;0;0;0
FR;10;2021-09-09;0;0;0;0;0;0;0;0;0;0;0;0;0;0;0;0;0;0
FR;10;2021-09-10;0;0;0;0;0;0;0;0;0;0;0;0;0;0;0;0;0;0
FR;10;2021-09-11;0;0;0;0;0;0;0;0;0;0;0;0;0;0;0;0;0;0
FR;10;2021-09-12;0;0;0;0;0;0;0;0;0;0;0;0;0;0;0;0;0;0
FR;10;2021-09-13;0;0;0;0;0;0;0;0;0;0;0;0;0;0;0;0;0;0
FR;10;2021-09-14;0;0;0;0;0;0;0;0;0;0;0;0;0;0;0;0;0;0
FR;10;2021-09-15;0;0;0;0;0;0;0;0;0;0;0;0;0;0;0;0;0;0
FR;10;2021-09-16;0;0;0;0;0;0;0;0;0;0;0;0;0;0;0;0;0;0
FR;10;2021-09-17;0;0;0;0;0;0;0;0;0;0;0;0;0;0;0;0;0;0
FR;10;2021-09-18;0;0;0;0;0;0;0;0;0;0;0;0;0;0;0;0;0;0
FR;10;2021-09-19;0;0;0;0;0;0;0;0;0;0;0;0;0;0;0;0;0;0
FR;10;2021-09-20;0;0;0;0;0;0;0;0;0;0;0;0;0;0;0;0;0;0
FR;10;2021-09-21;0;0;0;0;0;0;0;0;0;0;0;0;0;0;0;0;0;0
FR;10;2021-09-22;0;0;0;0;0;0;0;0;0;0;0;0;0;0;0;0;0;0
FR;10;2021-09-23;0;0;0;0;0;0;0;0;0;0;0;0;0;0;0;0;0;0
FR;10;2021-09-24;0;0;0;0;0;0;0;0;0;0;0;0;0;0;0;0;0;0
FR;10;2021-09-25;0;0;0;0;0;0;0;0;0;0;0;0;0;0;0;0;0;0
FR;10;2021-09-26;0;0;0;0;0;0;0;0;0;0;0;0;0;0;0;0;0;0
FR;10;2021-09-27;0;0;0;0;0;0;0;0;0;0;0;0;0;0;0;0;0;0
FR;10;2021-09-28;0;0;0;0;0;0;0;0;0;0;0;0;0;0;0;0;0;0
FR;10;2021-09-29;0;0;0;0;0;0;0;0;0;0;0;0;0;0;0;0;0;0
FR;10;2021-09-30;0;0;0;0;0;0;0;0;0;0;0;0;0;0;0;0;0;0
FR;10;2021-10-01;0;0;0;0;0;0;0;0;0;0;0;0;0;0;0;0;0;0
FR;10;2021-10-02;0;0;0;0;0;0;0;0;0;0;0;0;0;0;0;0;0;0
FR;10;2021-10-03;0;0;0;0;0;0;0;0;0;0;0;0;0;0;0;0;0;0
FR;10;2021-10-04;0;0;0;0;0;0;0;0;0;0;0;0;0;0;0;0;0;0
FR;10;2021-10-05;0;0;0;0;0;0;0;0;0;0;0;0;0;0;0;0;0;0
FR;10;2021-10-06;0;0;0;0;0;0;0;0;0;0;0;0;0;0;0;0;0;0
FR;10;2021-10-07;0;0;0;0;0;0;0;0;0;0;0;0;0;0;0;0;0;0
FR;10;2021-10-08;0;0;0;0;0;0;0;0;0;0;0;0;0;0;0;0;0;0
FR;10;2021-10-09;0;0;0;0;0;0;0;0;0;0;0;0;0;0;0;0;0;0
FR;10;2021-10-10;0;0;0;0;0;0;0;0;0;0;0;0;0;0;0;0;0;0
FR;10;2021-10-11;0;0;0;0;0;0;0;0;0;0;0;0;0;0;0;0;0;0
FR;10;2021-10-12;0;0;0;0;0;0;0;0;0;0;0;0;0;0;0;0;0;0
FR;10;2021-10-13;0;0;0;0;0;0;0;0;0;0;0;0;0;0;0;0;0;0
FR;10;2021-10-14;0;0;0;0;0;0;0;0;0;0;0;0;0;0;0;0;0;0
FR;10;2021-10-15;0;0;0;0;0;0;0;0;0;0;0;0;0;0;0;0;0;0
FR;10;2021-10-16;0;0;0;0;0;0;0;0;0;0;0;0;0;0;0;0;0;0
FR;10;2021-10-17;0;0;0;0;0;0;0;0;0;0;0;0;0;0;0;0;0;0
FR;10;2021-10-18;0;0;0;0;0;0;0;0;0;0;0;0;0;0;0;0;0;0
FR;10;2021-10-19;0;0;0;0;0;0;0;0;0;0;0;0;0;0;0;0;0;0
FR;10;2021-10-20;0;0;0;0;0;0;0;0;0;0;0;0;0;0;0;0;0;0
FR;10;2021-10-21;0;0;0;0;0;0;0;0;0;0;0;0;0;0;0;0;0;0
FR;10;2021-10-22;0;0;0;0;0;0;0;0;0;0;0;0;0;0;0;0;0;0
FR;10;2021-10-23;0;0;0;0;0;0;0;0;0;0;0;0;0;0;0;0;0;0
FR;10;2021-10-24;0;0;0;0;0;0;0;0;0;0;0;0;0;0;0;0;0;0
FR;10;2021-10-25;0;0;0;0;0;0;0;0;0;0;0;0;0;0;0;0;0;0
FR;10;2021-10-26;0;0;0;0;0;0;0;0;0;0;0;0;0;0;0;0;0;0
FR;10;2021-10-27;0;0;0;0;0;0;0;0;0;0;0;0;0;0;0;0;0;0
FR;10;2021-10-28;0;0;0;0;0;0;0;0;0;0;0;0;0;0;0;0;0;0
FR;10;2021-10-29;0;0;0;0;0;0;0;0;0;0;0;0;0;0;0;0;0;0
FR;10;2021-10-30;0;0;0;0;0;0;0;0;0;0;0;0;0;0;0;0;0;0
FR;10;2021-10-31;0;0;0;0;0;0;0;0;0;0;0;0;0;0;0;0;0;0
FR;10;2021-11-01;0;0;0;0;0;0;0;0;0;0;0;0;0;0;0;0;0;0
FR;10;2021-11-02;0;0;0;0;0;0;0;0;0;0;0;0;0;0;0;0;0;0
FR;10;2021-11-03;0;0;0;0;0;0;0;0;0;0;0;0;0;0;0;0;0;0
FR;10;2021-11-04;0;0;0;0;0;0;0;0;0;0;0;0;0;0;0;0;0;0
FR;10;2021-11-05;0;0;0;0;0;0;0;0;0;0;0;0;0;0;0;0;0;0
FR;10;2021-11-06;0;0;0;0;0;0;0;0;0;0;0;0;0;0;0;0;0;0
FR;10;2021-11-07;0;0;0;0;0;0;0;0;0;0;0;0;0;0;0;0;0;0
FR;10;2021-11-08;0;0;0;0;0;0;0;0;0;0;0;0;0;0;0;0;0;0
FR;10;2021-11-09;0;0;0;0;0;0;0;0;0;0;0;0;0;0;0;0;0;0
FR;10;2021-11-10;0;0;0;0;0;0;0;0;0;0;0;0;0;0;0;0;0;0
FR;10;2021-11-11;0;0;0;0;0;0;0;0;0;0;0;0;0;0;0;0;0;0
FR;10;2021-11-12;0;0;0;0;0;0;0;0;0;0;0;0;0;0;0;0;0;0
FR;10;2021-11-13;0;0;0;0;0;0;0;0;0;0;0;0;0;0;0;0;0;0
FR;10;2021-11-14;0;0;0;0;0;0;0;0;0;0;0;0;0;0;0;0;0;0
FR;10;2021-11-15;0;0;0;0;0;0;0;0;0;0;0;0;0;0;0;0;0;0
FR;10;2021-11-16;0;0;0;0;0;0;0;0;0;0;0;0;0;0;0;0;0;0
FR;10;2021-11-17;0;0;0;0;0;0;0;0;0;0;0;0;0;0;0;0;0;0
FR;10;2021-11-18;0;0;0;0;0;0;0;0;0;0;0;0;0;0;0;0;0;0
FR;10;2021-11-19;0;0;0;0;0;0;0;0;0;0;0;0;0;0;0;0;0;0
FR;10;2021-11-20;0;0;0;0;0;0;0;0;0;0;0;0;0;0;0;0;0;0
FR;10;2021-11-21;0;0;0;0;0;0;0;0;0;0;0;0;0;0;0;0;0;0
FR;10;2021-11-22;0;0;0;0;0;0;0;0;0;0;0;0;0;0;0;0;0;0
FR;10;2021-11-23;0;0;0;0;0;0;0;0;0;0;0;0;0;0;0;0;0;0
FR;10;2021-11-24;0;0;0;0;0;0;0;0;0;0;0;0;0;0;0;0;0;0
FR;10;2021-11-25;0;0;0;0;0;0;0;0;0;0;0;0;0;0;0;0;0;0
FR;10;2021-11-26;0;0;0;0;0;0;0;0;0;0;0;0;0;0;0;0;0;0
FR;10;2021-11-27;0;0;0;0;0;0;0;0;0;0;0;0;0;0;0;0;0;0
FR;10;2021-11-28;0;0;0;0;0;0;0;0;0;0;0;0;0;0;0;0;0;0
FR;10;2021-11-29;0;0;0;0;0;0;0;0;0;0;0;0;0;0;0;0;0;0
FR;10;2021-11-30;0;0;0;0;0;0;0;0;0;0;0;0;0;0;0;0;0;0
FR;10;2021-12-01;0;0;0;0;0;0;0;0;0;0;0;0;0;0;0;0;0;0
FR;10;2021-12-02;0;0;0;0;0;0;0;0;0;0;0;0;0;0;0;0;0;0
FR;10;2021-12-03;0;0;0;0;0;0;0;0;0;0;0;0;0;0;0;0;0;0
FR;10;2021-12-04;0;0;0;0;0;0;0;0;0;0;0;0;0;0;0;0;0;0
FR;10;2021-12-05;0;0;0;0;0;0;0;0;0;0;0;0;0;0;0;0;0;0
FR;10;2021-12-06;0;0;0;0;0;0;0;0;0;0;0;0;0;0;0;0;0;0
FR;10;2021-12-07;0;0;0;0;0;0;0;0;0;0;0;0;0;0;0;0;0;0
FR;10;2021-12-08;0;0;0;0;0;0;0;0;0;0;0;0;0;0;0;0;0;0
FR;10;2021-12-09;0;0;0;0;0;0;0;0;0;0;0;0;0;0;0;0;0;0
FR;10;2021-12-10;0;0;0;0;0;0;0;0;0;0;0;0;0;0;0;0;0;0
FR;10;2021-12-11;0;0;0;0;0;0;0;0;0;0;0;0;0;0;0;0;0;0
FR;10;2021-12-12;0;0;0;0;0;0;0;0;0;0;0;0;0;0;0;0;0;0
FR;10;2021-12-13;0;0;0;0;0;0;0;0;0;0;0;0;0;0;0;0;0;0
FR;10;2021-12-14;0;0;0;0;0;0;0;0;0;0;0;0;0;0;0;0;0;0
FR;10;2021-12-15;0;0;0;0;0;0;0;0;0;0;0;0;0;0;0;0;0;0
FR;10;2021-12-16;0;0;0;0;0;0;0;0;0;0;0;0;0;0;0;0;0;0
FR;10;2021-12-17;0;0;0;0;0;0;0;0;0;0;0;0;0;0;0;0;0;0
FR;10;2021-12-18;0;0;0;0;0;0;0;0;0;0;0;0;0;0;0;0;0;0
FR;10;2021-12-19;0;0;0;0;0;0;0;0;0;0;0;0;0;0;0;0;0;0
FR;10;2021-12-20;0;0;0;0;0;0;0;0;0;0;0;0;0;0;0;0;0;0
FR;10;2021-12-21;0;0;0;0;0;0;0;0;0;0;0;0;0;0;0;0;0;0
FR;10;2021-12-22;0;0;0;0;0;0;0;0;0;0;0;0;0;0;0;0;0;0
FR;10;2021-12-23;0;0;0;0;0;0;0;0;0;0;0;0;0;0;0;0;0;0
FR;10;2021-12-24;0;0;0;0;0;0;0;0;0;0;0;0;0;0;0;0;0;0
FR;10;2021-12-25;0;0;0;0;0;0;0;0;0;0;0;0;0;0;0;0;0;0
FR;10;2021-12-26;0;0;0;0;0;0;0;0;0;0;0;0;0;0;0;0;0;0
FR;10;2021-12-27;0;0;0;0;0;0;0;0;0;0;0;0;0;0;0;0;0;0
FR;10;2021-12-28;0;0;0;0;0;0;0;0;0;0;0;0;0;0;0;0;0;0
FR;10;2021-12-29;0;0;0;0;0;0;0;0;0;0;0;0;0;0;0;0;0;0
FR;10;2021-12-30;0;0;0;0;0;0;0;0;0;0;0;0;0;0;0;0;0;0
FR;10;2021-12-31;0;0;0;0;0;0;0;0;0;0;0;0;0;0;0;0;0;0
FR;10;2022-01-01;0;0;0;0;0;0;0;0;0;0;0;0;0;0;0;0;0;0
FR;10;2022-01-02;0;0;0;0;0;0;0;0;0;0;0;0;0;0;0;0;0;0
FR;10;2022-01-03;0;0;0;0;0;0;0;0;0;0;0;0;0;0;0;0;0;0
FR;10;2022-01-04;0;0;0;0;0;0;0;0;0;0;0;0;0;0;0;0;0;0
FR;10;2022-01-05;0;0;0;0;0;0;0;0;0;0;0;0;0;0;0;0;0;0
FR;10;2022-01-06;0;0;0;0;0;0;0;0;0;0;0;0;0;0;0;0;0;0
FR;10;2022-01-07;0;0;0;0;0;0;0;0;0;0;0;0;0;0;0;0;0;0
FR;10;2022-01-08;0;0;0;0;0;0;0;0;0;0;0;0;0;0;0;0;0;0
FR;10;2022-01-09;0;0;0;0;0;0;0;0;0;0;0;0;0;0;0;0;0;0
FR;10;2022-01-10;0;0;0;0;0;0;0;0;0;0;0;0;0;0;0;0;0;0
FR;10;2022-01-11;0;0;0;0;0;0;0;0;0;0;0;0;0;0;0;0;0;0
FR;10;2022-01-12;0;0;0;0;0;0;0;0;0;0;0;0;0;0;0;0;0;0
FR;10;2022-01-13;0;0;0;0;0;0;0;0;0;0;0;0;0;0;0;0;0;0
FR;10;2022-01-14;0;0;0;0;0;0;0;0;0;0;0;0;0;0;0;0;0;0
FR;10;2022-01-15;0;0;0;0;0;0;0;0;0;0;0;0;0;0;0;0;0;0
FR;10;2022-01-16;0;0;0;0;0;0;0;0;0;0;0;0;0;0;0;0;0;0
FR;10;2022-01-17;0;0;0;0;0;0;0;0;0;0;0;0;0;0;0;0;0;0
FR;10;2022-01-18;0;0;0;0;0;0;0;0;0;0;0;0;0;0;0;0;0;0
FR;10;2022-01-19;0;0;0;0;0;0;0;0;0;0;0;0;0;0;0;0;0;0
FR;10;2022-01-20;0;0;0;0;0;0;0;0;0;0;0;0;0;0;0;0;0;0
FR;10;2022-01-21;0;0;0;0;0;0;0;0;0;0;0;0;0;0;0;0;0;0
FR;10;2022-01-22;0;0;0;0;0;0;0;0;0;0;0;0;0;0;0;0;0;0
FR;10;2022-01-23;0;0;0;0;0;0;0;0;0;0;0;0;0;0;0;0;0;0
FR;10;2022-01-24;0;0;0;0;0;0;0;0;0;0;0;0;0;0;0;0;0;0
FR;10;2022-01-25;0;0;0;0;0;0;0;0;0;0;0;0;0;0;0;0;0;0
FR;10;2022-01-26;0;0;0;0;0;0;0;0;0;0;0;0;0;0;0;0;0;0
FR;10;2022-01-27;0;0;0;0;0;0;0;0;0;0;0;0;0;0;0;0;0;0
FR;10;2022-01-28;0;0;0;0;0;0;0;0;0;0;0;0;0;0;0;0;0;0
FR;10;2022-01-29;0;0;0;0;0;0;0;0;0;0;0;0;0;0;0;0;0;0
FR;10;2022-01-30;0;0;0;0;0;0;0;0;0;0;0;0;0;0;0;0;0;0
FR;10;2022-01-31;0;0;0;0;0;0;0;0;0;0;0;0;0;0;0;0;0;0
FR;10;2022-02-01;0;0;0;0;0;0;0;0;0;0;0;0;0;0;0;0;0;0
FR;10;2022-02-02;0;0;0;0;0;0;0;0;0;0;0;0;0;0;0;0;0;0
FR;10;2022-02-03;0;0;0;0;0;0;0;0;0;0;0;0;0;0;0;0;0;0
FR;10;2022-02-04;0;0;0;0;0;0;0;0;0;0;0;0;0;0;0;0;0;0
FR;10;2022-02-05;0;0;0;0;0;0;0;0;0;0;0;0;0;0;0;0;0;0
FR;10;2022-02-06;0;0;0;0;0;0;0;0;0;0;0;0;0;0;0;0;0;0
FR;10;2022-02-07;0;0;0;0;0;0;0;0;0;0;0;0;0;0;0;0;0;0
FR;10;2022-02-08;0;0;0;0;0;0;0;0;0;0;0;0;0;0;0;0;0;0
FR;10;2022-02-09;0;0;0;0;0;0;0;0;0;0;0;0;0;0;0;0;0;0
FR;10;2022-02-10;0;0;0;0;0;0;0;0;0;0;0;0;0;0;0;0;0;0
FR;10;2022-02-11;0;0;0;0;0;0;0;0;0;0;0;0;0;0;0;0;0;0
FR;10;2022-02-12;0;0;0;0;0;0;0;0;0;0;0;0;0;0;0;0;0;0
FR;10;2022-02-13;0;0;0;0;0;0;0;0;0;0;0;0;0;0;0;0;0;0
FR;10;2022-02-14;0;0;0;0;0;0;0;0;0;0;0;0;0;0;0;0;0;0
FR;10;2022-02-15;0;0;0;0;0;0;0;0;0;0;0;0;0;0;0;0;0;0
FR;10;2022-02-16;0;0;0;0;0;0;0;0;0;0;0;0;0;0;0;0;0;0
FR;10;2022-02-17;0;0;0;0;0;0;0;0;0;0;0;0;0;0;0;0;0;0
FR;10;2022-02-18;0;0;0;0;0;0;0;0;0;0;0;0;0;0;0;0;0;0
FR;10;2022-02-19;0;0;0;0;0;0;0;0;0;0;0;0;0;0;0;0;0;0
FR;10;2022-02-20;0;0;0;0;0;0;0;0;0;0;0;0;0;0;0;0;0;0
FR;10;2022-02-21;0;0;0;0;0;0;0;0;0;0;0;0;0;0;0;0;0;0
FR;10;2022-02-22;0;0;0;0;0;0;0;0;0;0;0;0;0;0;0;0;0;0
FR;10;2022-02-23;0;0;0;0;0;0;0;0;0;0;0;0;0;0;0;0;0;0
FR;10;2022-02-24;0;0;0;0;0;0;0;0;0;0;0;0;0;0;0;0;0;0
FR;10;2022-02-25;0;0;0;0;0;0;0;0;0;0;0;0;0;0;0;0;0;0
FR;10;2022-02-26;0;0;0;0;0;0;0;0;0;0;0;0;0;0;0;0;0;0
FR;10;2022-02-27;0;0;0;0;0;0;0;0;0;0;0;0;0;0;0;0;0;0
FR;10;2022-02-28;0;0;0;0;0;0;0;0;0;0;0;0;0;0;0;0;0;0
FR;10;2022-03-01;0;0;0;0;0;0;0;0;0;0;0;0;0;0;0;0;0;0
FR;10;2022-03-02;0;0;0;0;0;0;0;0;0;0;0;0;0;0;0;0;0;0
FR;10;2022-03-03;0;0;0;0;0;0;0;0;0;0;0;0;0;0;0;0;0;0
FR;10;2022-03-04;0;0;0;0;0;0;0;0;0;0;0;0;0;0;0;0;0;0
FR;10;2022-03-05;0;0;0;0;0;0;0;0;0;0;0;0;0;0;0;0;0;0
FR;10;2022-03-06;0;0;0;0;0;0;0;0;0;0;0;0;0;0;0;0;0;0
FR;10;2022-03-07;0;0;0;0;0;0;0;0;0;0;0;0;0;0;0;0;0;0
FR;10;2022-03-08;0;0;0;0;0;0;0;0;0;0;0;0;0;0;0;0;0;0
FR;10;2022-03-09;0;0;0;0;0;0;0;0;0;0;0;0;0;0;0;0;0;0
FR;10;2022-03-10;0;0;0;0;0;0;0;0;0;0;0;0;0;0;0;0;0;0
FR;10;2022-03-11;0;0;0;0;0;0;0;0;0;0;0;0;0;0;0;0;0;0
FR;10;2022-03-12;0;0;0;0;0;0;0;0;0;0;0;0;0;0;0;0;0;0
FR;10;2022-03-13;0;0;0;0;0;0;0;0;0;0;0;0;0;0;0;0;0;0
FR;10;2022-03-14;0;0;0;0;0;0;0;0;0;0;0;0;0;0;0;0;0;0
FR;10;2022-03-15;0;0;0;0;0;0;0;0;0;0;0;0;0;0;0;0;0;0
FR;10;2022-03-16;0;0;0;0;0;0;0;0;0;0;0;0;0;0;0;0;0;0
FR;10;2022-03-17;0;0;0;0;0;0;0;0;0;0;0;0;0;0;0;0;0;0
FR;10;2022-03-18;0;0;0;0;0;0;0;0;0;0;0;0;0;0;0;0;0;0
FR;10;2022-03-19;0;0;0;0;0;0;0;0;0;0;0;0;0;0;0;0;0;0
FR;10;2022-03-20;0;0;0;0;0;0;0;0;0;0;0;0;0;0;0;0;0;0
FR;10;2022-03-21;0;0;0;0;0;0;0;0;0;0;0;0;0;0;0;0;0;0
FR;10;2022-03-22;0;0;0;0;0;0;0;0;0;0;0;0;0;0;0;0;0;0
FR;10;2022-03-23;0;0;0;0;0;0;0;0;0;0;0;0;0;0;0;0;0;0
FR;10;2022-03-24;0;0;0;0;0;0;0;0;0;0;0;0;0;0;0;0;0;0
FR;10;2022-03-25;0;0;0;0;0;0;0;0;0;0;0;0;0;0;0;0;0;0
FR;10;2022-03-26;0;0;0;0;0;0;0;0;0;0;0;0;0;0;0;0;0;0
FR;10;2022-03-27;0;0;0;0;0;0;0;0;0;0;0;0;0;0;0;0;0;0
FR;10;2022-03-28;0;0;0;0;0;0;0;0;0;0;0;0;0;0;0;0;0;0
FR;10;2022-03-29;0;0;0;0;0;0;0;0;0;0;0;0;0;0;0;0;0;0
FR;10;2022-03-30;0;0;0;0;0;0;0;0;0;0;0;0;0;0;0;0;0;0
FR;10;2022-03-31;0;0;0;0;0;0;0;0;0;0;0;0;0;0;0;0;0;0
FR;10;2022-04-01;0;0;0;0;0;0;0;0;0;0;0;0;0;0;0;0;0;0
FR;10;2022-04-02;0;0;0;0;0;0;0;0;0;0;0;0;0;0;0;0;0;0
FR;10;2022-04-03;0;0;0;0;0;0;0;0;0;0;0;0;0;0;0;0;0;0
FR;10;2022-04-04;0;0;0;0;0;0;0;0;0;0;0;0;0;0;0;0;0;0
FR;10;2022-04-05;0;0;0;0;0;0;0;0;0;0;0;0;0;0;0;0;0;0
FR;10;2022-04-06;0;0;0;0;0;0;0;0;0;0;0;0;0;0;0;0;0;0
FR;10;2022-04-07;0;0;0;0;0;0;0;0;0;0;0;0;0;0;0;0;0;0
FR;10;2022-04-08;0;0;0;0;0;0;0;0;0;0;0;0;0;0;0;0;0;0
FR;10;2022-04-09;0;0;0;0;0;0;0;0;0;0;0;0;0;0;0;0;0;0
FR;10;2022-04-10;0;0;0;0;0;0;0;0;0;0;0;0;0;0;0;0;0;0
FR;10;2022-04-11;0;0;0;0;0;0;0;0;0;0;0;0;0;0;0;0;0;0
FR;10;2022-04-12;0;0;0;0;0;0;0;0;0;0;0;0;0;0;0;0;0;0
FR;10;2022-04-13;0;0;0;0;0;0;0;0;0;0;0;0;0;0;0;0;0;0
FR;10;2022-04-14;0;0;0;0;0;0;0;0;0;0;0;0;0;0;0;0;0;0
FR;10;2022-04-15;0;0;0;0;0;0;0;0;0;0;0;0;0;0;0;0;0;0
FR;10;2022-04-16;0;0;0;0;0;0;0;0;0;0;0;0;0;0;0;0;0;0
FR;10;2022-04-17;0;0;0;0;0;0;0;0;0;0;0;0;0;0;0;0;0;0
FR;10;2022-04-18;0;0;0;0;0;0;0;0;0;0;0;0;0;0;0;0;0;0
FR;10;2022-04-19;0;0;0;0;0;0;0;0;0;0;0;0;0;0;0;0;0;0
FR;10;2022-04-20;0;0;0;0;0;0;0;0;0;0;0;0;0;0;0;0;0;0
FR;10;2022-04-21;0;0;0;0;0;0;0;0;0;0;0;0;0;0;0;0;0;0
FR;10;2022-04-22;0;0;0;0;0;0;0;0;0;0;0;0;0;0;0;0;0;0
FR;10;2022-04-23;0;0;0;0;0;0;0;0;0;0;0;0;0;0;0;0;0;0
FR;10;2022-04-24;0;0;0;0;0;0;0;0;0;0;0;0;0;0;0;0;0;0
FR;10;2022-04-25;0;0;0;0;0;0;0;0;0;0;0;0;0;0;0;0;0;0
FR;10;2022-04-26;0;0;0;0;0;0;0;0;0;0;0;0;0;0;0;0;0;0
FR;10;2022-04-27;0;0;0;0;0;0;0;0;0;0;0;0;0;0;0;0;0;0
FR;10;2022-04-28;0;0;0;0;0;0;0;0;0;0;0;0;0;0;0;0;0;0
FR;10;2022-04-29;0;0;0;0;0;0;0;0;0;0;0;0;0;0;0;0;0;0
FR;10;2022-04-30;0;0;0;0;0;0;0;0;0;0;0;0;0;0;0;0;0;0
FR;10;2022-05-01;0;0;0;0;0;0;0;0;0;0;0;0;0;0;0;0;0;0
FR;10;2022-05-02;0;0;0;0;0;0;0;0;0;0;0;0;0;0;0;0;0;0
FR;10;2022-05-03;0;0;0;0;0;0;0;0;0;0;0;0;0;0;0;0;0;0
FR;10;2022-05-04;0;0;0;0;0;0;0;0;0;0;0;0;0;0;0;0;0;0
FR;10;2022-05-05;0;0;0;0;0;0;0;0;0;0;0;0;0;0;0;0;0;0
FR;10;2022-05-06;0;0;0;0;0;0;0;0;0;0;0;0;0;0;0;0;0;0
FR;10;2022-05-07;0;0;0;0;0;0;0;0;0;0;0;0;0;0;0;0;0;0
FR;10;2022-05-08;0;0;0;0;0;0;0;0;0;0;0;0;0;0;0;0;0;0
FR;10;2022-05-09;0;0;0;0;0;0;0;0;0;0;0;0;0;0;0;0;0;0
FR;10;2022-05-10;0;0;0;0;0;0;0;0;0;0;0;0;0;0;0;0;0;0
FR;10;2022-05-11;0;0;0;0;0;0;0;0;0;0;0;0;0;0;0;0;0;0
FR;10;2022-05-12;0;0;0;0;0;0;0;0;0;0;0;0;0;0;0;0;0;0
FR;10;2022-05-13;0;0;0;0;0;0;0;0;0;0;0;0;0;0;0;0;0;0
FR;10;2022-05-14;0;0;0;0;0;0;0;0;0;0;0;0;0;0;0;0;0;0
FR;10;2022-05-15;0;0;0;0;0;0;0;0;0;0;0;0;0;0;0;0;0;0
FR;10;2022-05-16;0;0;0;0;0;0;0;0;0;0;0;0;0;0;0;0;0;0
FR;10;2022-05-17;0;0;0;0;0;0;0;0;0;0;0;0;0;0;0;0;0;0
FR;10;2022-05-18;0;0;0;0;0;0;0;0;0;0;0;0;0;0;0;0;0;0
FR;10;2022-05-19;0;0;0;0;0;0;0;0;0;0;0;0;0;0;0;0;0;0
FR;10;2022-05-20;0;0;0;0;0;0;0;0;0;0;0;0;0;0;0;0;0;0
FR;10;2022-05-21;0;0;0;0;0;0;0;0;0;0;0;0;0;0;0;0;0;0
FR;10;2022-05-22;0;0;0;0;0;0;0;0;0;0;0;0;0;0;0;0;0;0
FR;10;2022-05-23;0;0;0;0;0;0;0;0;0;0;0;0;0;0;0;0;0;0
FR;10;2022-05-24;0;0;0;0;0;0;0;0;0;0;0;0;0;0;0;0;0;0
FR;10;2022-05-25;0;0;0;0;0;0;0;0;0;0;0;0;0;0;0;0;0;0
FR;10;2022-05-26;0;0;0;0;0;0;0;0;0;0;0;0;0;0;0;0;0;0
FR;10;2022-05-27;0;0;0;0;0;0;0;0;0;0;0;0;0;0;0;0;0;0
FR;10;2022-05-28;0;0;0;0;0;0;0;0;0;0;0;0;0;0;0;0;0;0
FR;10;2022-05-29;0;0;0;0;0;0;0;0;0;0;0;0;0;0;0;0;0;0
FR;10;2022-05-30;0;0;0;0;0;0;0;0;0;0;0;0;0;0;0;0;0;0
FR;10;2022-05-31;0;0;0;0;0;0;0;0;0;0;0;0;0;0;0;0;0;0
FR;10;2022-06-01;0;0;0;0;0;0;0;0;0;0;0;0;0;0;0;0;0;0
FR;10;2022-06-02;0;0;0;0;0;0;0;0;0;0;0;0;0;0;0;0;0;0
FR;10;2022-06-03;0;0;0;0;0;0;0;0;0;0;0;0;0;0;0;0;0;0
FR;10;2022-06-04;0;0;0;0;0;0;0;0;0;0;0;0;0;0;0;0;0;0
FR;10;2022-06-05;0;0;0;0;0;0;0;0;0;0;0;0;0;0;0;0;0;0
FR;10;2022-06-06;0;0;0;0;0;0;0;0;0;0;0;0;0;0;0;0;0;0
FR;10;2022-06-07;0;0;0;0;0;0;0;0;0;0;0;0;0;0;0;0;0;0
FR;10;2022-06-08;0;0;0;0;0;0;0;0;0;0;0;0;0;0;0;0;0;0
FR;10;2022-06-09;0;0;0;0;0;0;0;0;0;0;0;0;0;0;0;0;0;0
FR;10;2022-06-10;0;0;0;0;0;0;0;0;0;0;0;0;0;0;0;0;0;0
FR;10;2022-06-11;0;0;0;0;0;0;0;0;0;0;0;0;0;0;0;0;0;0
FR;10;2022-06-12;0;0;0;0;0;0;0;0;0;0;0;0;0;0;0;0;0;0
FR;10;2022-06-13;0;0;0;0;0;0;0;0;0;0;0;0;0;0;0;0;0;0
FR;10;2022-06-14;0;0;0;0;0;0;0;0;0;0;0;0;0;0;0;0;0;0
FR;10;2022-06-15;0;0;0;0;0;0;0;0;0;0;0;0;0;0;0;0;0;0
FR;10;2022-06-16;0;0;0;0;0;0;0;0;0;0;0;0;0;0;0;0;0;0
FR;10;2022-06-17;0;0;0;0;0;0;0;0;0;0;0;0;0;0;0;0;0;0
FR;10;2022-06-18;0;0;0;0;0;0;0;0;0;0;0;0;0;0;0;0;0;0
FR;10;2022-06-19;0;0;0;0;0;0;0;0;0;0;0;0;0;0;0;0;0;0
FR;10;2022-06-20;0;0;0;0;0;0;0;0;0;0;0;0;0;0;0;0;0;0
FR;10;2022-06-21;0;0;0;0;0;0;0;0;0;0;0;0;0;0;0;0;0;0
FR;10;2022-06-22;0;0;0;0;0;0;0;0;0;0;0;0;0;0;0;0;0;0
FR;10;2022-06-23;0;0;0;0;0;0;0;0;0;0;0;0;0;0;0;0;0;0
FR;10;2022-06-24;0;0;0;0;0;0;0;0;0;0;0;0;0;0;0;0;0;0
FR;10;2022-06-25;0;0;0;0;0;0;0;0;0;0;0;0;0;0;0;0;0;0
FR;10;2022-06-26;0;0;0;0;0;0;0;0;0;0;0;0;0;0;0;0;0;0
FR;10;2022-06-27;0;0;0;0;0;0;0;0;0;0;0;0;0;0;0;0;0;0
FR;10;2022-06-28;0;0;0;0;0;0;0;0;0;0;0;0;0;0;0;0;0;0
FR;10;2022-06-29;0;0;0;0;0;0;0;0;0;0;0;0;0;0;0;0;0;0
FR;10;2022-06-30;0;0;0;0;0;0;0;0;0;0;0;0;0;0;0;0;0;0
FR;10;2022-07-01;0;0;0;0;0;0;0;0;0;0;0;0;0;0;0;0;0;0
FR;10;2022-07-02;0;0;0;0;0;0;0;0;0;0;0;0;0;0;0;0;0;0
FR;10;2022-07-03;0;0;0;0;0;0;0;0;0;0;0;0;0;0;0;0;0;0
FR;10;2022-07-04;0;0;0;0;0;0;0;0;0;0;0;0;0;0;0;0;0;0
FR;10;2022-07-05;0;0;0;0;0;0;0;0;0;0;0;0;0;0;0;0;0;0
FR;10;2022-07-06;0;0;0;0;0;0;0;0;0;0;0;0;0;0;0;0;0;0
FR;10;2022-07-07;0;0;0;0;0;0;0;0;0;0;0;0;0;0;0;0;0;0
FR;10;2022-07-08;0;0;0;0;0;0;0;0;0;0;0;0;0;0;0;0;0;0
FR;10;2022-07-09;0;0;0;0;0;0;0;0;0;0;0;0;0;0;0;0;0;0
FR;10;2022-07-10;0;0;0;0;0;0;0;0;0;0;0;0;0;0;0;0;0;0
FR;10;2022-07-11;0;0;0;0;0;0;0;0;0;0;0;0;0;0;0;0;0;0
FR;10;2022-07-12;0;0;0;0;0;0;0;0;0;0;0;0;0;0;0;0;0;0
FR;10;2022-07-13;0;0;0;0;0;0;0;0;0;0;0;0;0;0;0;0;0;0
FR;10;2022-07-14;0;0;0;0;0;0;0;0;0;0;0;0;0;0;0;0;0;0
FR;10;2022-07-15;0;0;0;0;0;0;0;0;0;0;0;0;0;0;0;0;0;0
FR;10;2022-07-16;0;0;0;0;0;0;0;0;0;0;0;0;0;0;0;0;0;0
FR;10;2022-07-17;0;0;0;0;0;0;0;0;0;0;0;0;0;0;0;0;0;0
FR;10;2022-07-18;0;0;0;0;0;0;0;0;0;0;0;0;0;0;0;0;0;0
FR;10;2022-07-19;0;0;0;0;0;0;0;0;0;0;0;0;0;0;0;0;0;0
FR;10;2022-07-20;0;0;0;0;0;0;0;0;0;0;0;0;0;0;0;0;0;0
FR;10;2022-07-21;0;0;0;0;0;0;0;0;0;0;0;0;0;0;0;0;0;0
FR;10;2022-07-22;0;0;0;0;0;0;0;0;0;0;0;0;0;0;0;0;0;0
FR;10;2022-07-23;0;0;0;0;0;0;0;0;0;0;0;0;0;0;0;0;0;0
FR;10;2022-07-24;0;0;0;0;0;0;0;0;0;0;0;0;0;0;0;0;0;0
FR;10;2022-07-25;0;0;0;0;0;0;0;0;0;0;0;0;0;0;0;0;0;0
FR;10;2022-07-26;0;0;0;0;0;0;0;0;0;0;0;0;0;0;0;0;0;0
FR;10;2022-07-27;0;0;0;0;0;0;0;0;0;0;0;0;0;0;0;0;0;0
FR;10;2022-07-28;0;0;0;0;0;0;0;0;0;0;0;0;0;0;0;0;0;0
FR;10;2022-07-29;0;0;0;0;0;0;0;0;0;0;0;0;0;0;0;0;0;0
FR;10;2022-07-30;0;0;0;0;0;0;0;0;0;0;0;0;0;0;0;0;0;0
FR;10;2022-07-31;0;0;0;0;0;0;0;0;0;0;0;0;0;0;0;0;0;0
FR;10;2022-08-01;0;0;0;0;0;0;0;0;0;0;0;0;0;0;0;0;0;0
FR;10;2022-08-02;0;0;0;0;0;0;0;0;0;0;0;0;0;0;0;0;0;0
FR;10;2022-08-03;0;0;0;0;0;0;0;0;0;0;0;0;0;0;0;0;0;0
FR;10;2022-08-04;0;0;0;0;0;0;0;0;0;0;0;0;0;0;0;0;0;0
FR;10;2022-08-05;0;0;0;0;0;0;0;0;0;0;0;0;0;0;0;0;0;0
FR;10;2022-08-06;0;0;0;0;0;0;0;0;0;0;0;0;0;0;0;0;0;0
FR;10;2022-08-07;0;0;0;0;0;0;0;0;0;0;0;0;0;0;0;0;0;0
FR;10;2022-08-08;0;0;0;0;0;0;0;0;0;0;0;0;0;0;0;0;0;0
FR;10;2022-08-09;0;0;0;0;0;0;0;0;0;0;0;0;0;0;0;0;0;0
FR;10;2022-08-10;0;0;0;0;0;0;0;0;0;0;0;0;0;0;0;0;0;0
FR;10;2022-08-11;0;0;0;0;0;0;0;0;0;0;0;0;0;0;0;0;0;0
FR;10;2022-08-12;0;0;0;0;0;0;0;0;0;0;0;0;0;0;0;0;0;0
FR;10;2022-08-13;0;0;0;0;0;0;0;0;0;0;0;0;0;0;0;0;0;0
FR;10;2022-08-14;0;0;0;0;0;0;0;0;0;0;0;0;0;0;0;0;0;0
FR;10;2022-08-15;0;0;0;0;0;0;0;0;0;0;0;0;0;0;0;0;0;0
FR;10;2022-08-16;0;0;0;0;0;0;0;0;0;0;0;0;0;0;0;0;0;0
FR;10;2022-08-17;0;0;0;0;0;0;0;0;0;0;0;0;0;0;0;0;0;0
FR;10;2022-08-18;0;0;0;0;0;0;0;0;0;0;0;0;0;0;0;0;0;0
FR;10;2022-08-19;0;0;0;0;0;0;0;0;0;0;0;0;0;0;0;0;0;0
FR;10;2022-08-20;0;0;0;0;0;0;0;0;0;0;0;0;0;0;0;0;0;0
FR;10;2022-08-21;0;0;0;0;0;0;0;0;0;0;0;0;0;0;0;0;0;0
FR;10;2022-08-22;0;0;0;0;0;0;0;0;0;0;0;0;0;0;0;0;0;0
FR;10;2022-08-23;0;0;0;0;0;0;0;0;0;0;0;0;0;0;0;0;0;0
FR;10;2022-08-24;0;0;0;0;0;0;0;0;0;0;0;0;0;0;0;0;0;0
FR;10;2022-08-25;0;0;0;0;0;0;0;0;0;0;0;0;0;0;0;0;0;0
FR;10;2022-08-26;0;0;0;0;0;0;0;0;0;0;0;0;0;0;0;0;0;0
FR;10;2022-08-27;0;0;0;0;0;0;0;0;0;0;0;0;0;0;0;0;0;0
FR;10;2022-08-28;0;0;0;0;0;0;0;0;0;0;0;0;0;0;0;0;0;0
FR;10;2022-08-29;0;0;0;0;0;0;0;0;0;0;0;0;0;0;0;0;0;0
FR;10;2022-08-30;0;0;0;0;0;0;0;0;0;0;0;0;0;0;0;0;0;0
FR;10;2022-08-31;0;0;0;0;0;0;0;0;0;0;0;0;0;0;0;0;0;0
FR;10;2022-09-01;0;0;0;0;0;0;0;0;0;0;0;0;0;0;0;0;0;0
FR;10;2022-09-02;0;0;0;0;0;0;0;0;0;0;0;0;0;0;0;0;0;0
FR;10;2022-09-03;0;0;0;0;0;0;0;0;0;0;0;0;0;0;0;0;0;0
FR;10;2022-09-04;0;0;0;0;0;0;0;0;0;0;0;0;0;0;0;0;0;0
FR;10;2022-09-05;0;0;0;0;0;0;0;0;0;0;0;0;0;0;0;0;0;0
FR;10;2022-09-06;0;0;0;0;0;0;0;0;0;0;0;0;0;0;0;0;0;0
FR;10;2022-09-07;0;0;0;0;0;0;0;0;0;0;0;0;0;0;0;0;0;0
FR;10;2022-09-08;0;0;0;0;0;0;0;0;0;0;0;0;0;0;0;0;0;0
FR;10;2022-09-09;0;0;0;0;0;0;0;0;0;0;0;0;0;0;0;0;0;0
FR;10;2022-09-10;0;0;0;0;0;0;0;0;0;0;0;0;0;0;0;0;0;0
FR;10;2022-09-11;0;0;0;0;0;0;0;0;0;0;0;0;0;0;0;0;0;0
FR;10;2022-09-12;0;0;0;0;0;0;0;0;0;0;0;0;0;0;0;0;0;0
FR;10;2022-09-13;0;0;0;0;0;0;0;0;0;0;0;0;0;0;0;0;0;0
FR;10;2022-09-14;0;0;0;0;0;0;0;0;0;0;0;0;0;0;0;0;0;0
FR;10;2022-09-15;0;0;0;0;0;0;0;0;0;0;0;0;0;0;0;0;0;0
FR;10;2022-09-16;0;0;0;0;0;0;0;0;0;0;0;0;0;0;0;0;0;0
FR;10;2022-09-17;0;0;0;0;0;0;0;0;0;0;0;0;0;0;0;0;0;0
FR;10;2022-09-18;0;0;0;0;0;0;0;0;0;0;0;0;0;0;0;0;0;0
FR;10;2022-09-19;0;0;0;0;0;0;0;0;0;0;0;0;0;0;0;0;0;0
FR;10;2022-09-20;0;0;0;0;0;0;0;0;0;0;0;0;0;0;0;0;0;0
FR;10;2022-09-21;0;0;0;0;0;0;0;0;0;0;0;0;0;0;0;0;0;0
FR;10;2022-09-22;0;0;0;0;0;0;0;0;0;0;0;0;0;0;0;0;0;0
FR;10;2022-09-23;0;0;0;0;0;0;0;0;0;0;0;0;0;0;0;0;0;0
FR;10;2022-09-24;0;0;0;0;0;0;0;0;0;0;0;0;0;0;0;0;0;0
FR;10;2022-09-25;0;0;0;0;0;0;0;0;0;0;0;0;0;0;0;0;0;0
FR;10;2022-09-26;0;0;0;0;0;0;0;0;0;0;0;0;0;0;0;0;0;0
FR;10;2022-09-27;0;0;0;0;0;0;0;0;0;0;0;0;0;0;0;0;0;0
FR;10;2022-09-28;0;0;0;0;0;0;0;0;0;0;0;0;0;0;0;0;0;0
FR;10;2022-09-29;0;0;0;0;0;0;0;0;0;0;0;0;0;0;0;0;0;0
FR;10;2022-09-30;0;0;0;0;0;0;0;0;0;0;0;0;0;0;0;0;0;0
FR;10;2022-10-01;0;0;0;0;0;0;0;0;0;0;0;0;0;0;0;0;0;0
FR;10;2022-10-02;0;0;0;0;0;0;0;0;0;0;0;0;0;0;0;0;0;0
FR;10;2022-10-03;0;0;0;0;0;0;0;0;0;0;0;0;0;0;0;0;0;0
FR;10;2022-10-04;0;0;0;0;0;0;0;0;0;0;0;0;0;0;0;0;0;0
FR;10;2022-10-05;0;0;0;0;0;0;0;0;0;0;0;0;0;0;0;0;0;0
FR;10;2022-10-06;0;0;0;0;0;0;0;0;0;0;0;0;0;0;0;0;0;0
FR;10;2022-10-07;0;0;0;0;0;0;0;0;0;0;0;0;0;0;0;0;0;0
FR;10;2022-10-08;0;0;0;0;0;0;0;0;0;0;0;0;0;0;0;0;0;0
FR;10;2022-10-09;0;0;0;0;0;0;0;0;0;0;0;0;0;0;0;0;0;0
FR;10;2022-10-10;0;0;0;0;0;0;0;0;0;0;0;0;0;0;0;0;0;0
FR;10;2022-10-11;0;0;0;0;0;0;0;0;0;0;0;0;0;0;0;0;0;0
FR;10;2022-10-12;0;0;0;0;0;0;0;0;0;0;0;0;0;0;0;0;0;0
FR;10;2022-10-13;0;0;0;0;0;0;0;0;0;0;0;0;0;0;0;0;0;0
FR;10;2022-10-14;0;0;0;0;0;0;0;0;0;0;0;0;0;0;0;0;0;0
FR;10;2022-10-15;0;0;0;0;0;0;0;0;0;0;0;0;0;0;0;0;0;0
FR;10;2022-10-16;0;0;0;0;0;0;0;0;0;0;0;0;0;0;0;0;0;0
FR;10;2022-10-17;0;0;0;0;0;0;0;0;0;0;0;0;0;0;0;0;0;0
FR;10;2022-10-18;0;0;0;0;0;0;0;0;0;0;0;0;0;0;0;0;0;0
FR;10;2022-10-19;0;0;0;0;0;0;0;0;0;0;0;0;0;0;0;0;0;0
FR;10;2022-10-20;0;0;0;0;0;0;0;0;0;0;0;0;0;0;0;0;0;0
FR;10;2022-10-21;0;0;0;0;0;0;0;0;0;0;0;0;0;0;0;0;0;0
FR;10;2022-10-22;0;0;0;0;0;0;0;0;0;0;0;0;0;0;0;0;0;0
FR;10;2022-10-23;0;0;0;0;0;0;0;0;0;0;0;0;0;0;0;0;0;0
FR;10;2022-10-24;0;0;0;0;0;0;0;0;0;0;0;0;0;0;0;0;0;0
FR;10;2022-10-25;0;0;0;0;0;0;0;0;0;0;0;0;0;0;0;0;0;0
FR;10;2022-10-26;0;0;0;0;0;0;0;0;0;0;0;0;0;0;0;0;0;0
FR;10;2022-10-27;0;0;0;0;0;0;0;0;0;0;0;0;0;0;0;0;0;0
FR;10;2022-10-28;0;0;0;0;0;0;0;0;0;0;0;0;0;0;0;0;0;0
FR;10;2022-10-29;0;0;0;0;0;0;0;0;0;0;0;0;0;0;0;0;0;0
FR;10;2022-10-30;0;0;0;0;0;0;0;0;0;0;0;0;0;0;0;0;0;0
FR;10;2022-10-31;0;0;0;0;0;0;0;0;0;0;0;0;0;0;0;0;0;0
FR;10;2022-11-01;0;0;0;0;0;0;0;0;0;0;0;0;0;0;0;0;0;0
FR;10;2022-11-02;0;0;0;0;0;0;0;0;0;0;0;0;0;0;0;0;0;0
FR;10;2022-11-03;0;0;0;0;0;0;0;0;0;0;0;0;0;0;0;0;0;0
FR;10;2022-11-04;0;0;0;0;0;0;0;0;0;0;0;0;0;0;0;0;0;0
FR;10;2022-11-05;0;0;0;0;0;0;0;0;0;0;0;0;0;0;0;0;0;0
FR;10;2022-11-06;0;0;0;0;0;0;0;0;0;0;0;0;0;0;0;0;0;0
FR;10;2022-11-07;0;0;0;0;0;0;0;0;0;0;0;0;0;0;0;0;0;0
FR;10;2022-11-08;0;0;0;0;0;0;0;0;0;0;0;0;0;0;0;0;0;0
FR;10;2022-11-09;0;0;0;0;0;0;0;0;0;0;0;0;0;0;0;0;0;0
FR;10;2022-11-10;0;0;0;0;0;0;0;0;0;0;0;0;0;0;0;0;0;0
FR;10;2022-11-11;0;0;0;0;0;0;0;0;0;0;0;0;0;0;0;0;0;0
FR;10;2022-11-12;0;0;0;0;0;0;0;0;0;0;0;0;0;0;0;0;0;0
FR;10;2022-11-13;0;0;0;0;0;0;0;0;0;0;0;0;0;0;0;0;0;0
FR;10;2022-11-14;0;0;0;0;0;0;0;0;0;0;0;0;0;0;0;0;0;0
FR;10;2022-11-15;0;0;0;0;0;0;0;0;0;0;0;0;0;0;0;0;0;0
FR;10;2022-11-16;0;0;0;0;0;0;0;0;0;0;0;0;0;0;0;0;0;0
FR;10;2022-11-17;0;0;0;0;0;0;0;0;0;0;0;0;0;0;0;0;0;0
FR;10;2022-11-18;0;0;0;0;0;0;0;0;0;0;0;0;0;0;0;0;0;0
FR;10;2022-11-19;0;0;0;0;0;0;0;0;0;0;0;0;0;0;0;0;0;0
FR;10;2022-11-20;0;0;0;0;0;0;0;0;0;0;0;0;0;0;0;0;0;0
FR;10;2022-11-21;0;0;0;0;0;0;0;0;0;0;0;0;0;0;0;0;0;0
FR;10;2022-11-22;0;0;0;0;0;0;0;0;0;0;0;0;0;0;0;0;0;0
FR;10;2022-11-23;0;0;0;0;0;0;0;0;0;0;0;0;0;0;0;0;0;0
FR;10;2022-11-24;0;0;0;0;0;0;0;0;0;0;0;0;0;0;0;0;0;0
FR;10;2022-11-25;0;0;0;0;0;0;0;0;0;0;0;0;0;0;0;0;0;0
FR;10;2022-11-26;0;0;0;0;0;0;0;0;0;0;0;0;0;0;0;0;0;0
FR;10;2022-11-27;0;0;0;0;0;0;0;0;0;0;0;0;0;0;0;0;0;0
FR;10;2022-11-28;0;0;0;0;0;0;0;0;0;0;0;0;0;0;0;0;0;0
FR;10;2022-11-29;0;0;0;0;0;0;0;0;0;0;0;0;0;0;0;0;0;0
FR;10;2022-11-30;0;0;0;0;0;0;0;0;0;0;0;0;0;0;0;0;0;0
FR;10;2022-12-01;0;0;0;0;0;0;0;0;0;0;0;0;0;0;0;0;0;0
FR;10;2022-12-02;0;0;0;0;0;0;0;0;0;0;0;0;0;0;0;0;0;0
FR;10;2022-12-03;0;0;0;0;0;0;0;0;0;0;0;0;0;0;0;0;0;0
FR;10;2022-12-04;0;0;0;0;0;0;0;0;0;0;0;0;0;0;0;0;0;0
FR;10;2022-12-05;0;0;0;0;0;0;0;0;0;0;0;0;0;0;0;0;0;0
FR;10;2022-12-06;0;0;0;0;0;0;0;0;0;0;0;0;0;0;0;0;0;0
FR;10;2022-12-07;0;0;0;0;0;0;0;0;0;0;0;0;0;0;0;0;0;0
FR;10;2022-12-08;0;0;0;0;0;0;0;0;0;0;0;0;0;0;0;0;0;0
FR;10;2022-12-09;0;0;0;0;0;0;0;0;0;0;0;0;0;0;0;0;0;0
FR;10;2022-12-10;0;0;0;0;0;0;0;0;0;0;0;0;0;0;0;0;0;0
FR;10;2022-12-11;0;0;0;0;0;0;0;0;0;0;0;0;0;0;0;0;0;0
FR;10;2022-12-12;0;0;0;0;0;0;0;0;0;0;0;0;0;0;0;0;0;0
FR;10;2022-12-13;0;0;0;0;0;0;0;0;0;0;0;0;0;0;0;0;0;0
FR;10;2022-12-14;0;0;0;0;0;0;0;0;0;0;0;0;0;0;0;0;0;0
FR;10;2022-12-15;0;0;0;0;0;0;0;0;0;0;0;0;0;0;0;0;0;0
FR;10;2022-12-16;0;0;0;0;0;0;0;0;0;0;0;0;0;0;0;0;0;0
FR;10;2022-12-17;0;0;0;0;0;0;0;0;0;0;0;0;0;0;0;0;0;0
FR;10;2022-12-18;0;0;0;0;0;0;0;0;0;0;0;0;0;0;0;0;0;0
FR;10;2022-12-19;0;0;0;0;0;0;0;0;0;0;0;0;0;0;0;0;0;0
FR;10;2022-12-20;0;0;0;0;0;0;0;0;0;0;0;0;0;0;0;0;0;0
FR;10;2022-12-21;0;0;0;0;0;0;0;0;0;0;0;0;0;0;0;0;0;0
FR;10;2022-12-22;0;0;0;1;0;0;1;0;0;0;0;0;1;0;0;1;0;0
FR;10;2022-12-23;0;0;1;14;0;2;14;0;7;0;0;1;15;0;2;15;0;7
FR;10;2022-12-24;0;0;0;3;0;0;3;0;1;0;0;1;18;0;2;18;0;8
FR;10;2022-12-25;0;0;0;0;0;0;0;0;0;0;0;1;18;0;2;18;0;8
FR;10;2022-12-26;3;1;11;35;0;8;39;0;5;3;1;12;53;0;10;57;0;13
FR;10;2022-12-27;1;1;14;34;1;11;37;0;10;4;2;26;87;1;21;94;0;23
FR;10;2022-12-28;0;0;2;15;0;1;14;0;3;4;2;28;102;1;22;108;0;26
FR;10;2022-12-29;0;0;6;48;0;1;48;0;17;4;2;34;150;1;23;156;0;43
FR;10;2022-12-30;0;1;4;33;0;7;31;0;6;4;3;38;183;1;30;187;0;49
FR;10;2022-12-31;0;0;3;12;0;4;10;0;4;4;3;41;195;1;34;197;0;53
FR;10;2023-01-01;0;0;1;6;0;0;7;0;2;4;3;42;201;1;34;204;0;55
FR;10;2023-01-02;0;4;4;37;1;6;36;0;21;4;7;46;238;2;40;240;0;76
FR;10;2023-01-03;1;1;6;63;1;5;64;0;25;5;8;52;301;3;45;304;0;101
FR;10;2023-01-04;0;1;7;52;0;6;53;0;53;5;9;59;353;3;51;357;0;154
FR;10;2023-01-05;1;1;15;74;0;10;76;0;37;6;10;74;427;3;61;433;0;191
FR;10;2023-01-06;2;3;16;107;2;13;107;0;52;8;13;90;534;5;74;540;0;243
FR;10;2023-01-07;3;1;3;40;1;3;39;0;13;11;14;93;574;6;77;579;0;256
FR;10;2023-01-08;1;0;0;9;0;0;7;0;5;12;14;93;583;6;77;586;0;261
FR;10;2023-01-09;3;2;7;65;1;6;65;0;26;15;16;100;648;7;83;651;0;287
FR;10;2023-01-10;6;1;21;118;0;13;124;0;57;21;17;121;766;7;96;775;0;344
FR;10;2023-01-11;5;4;19;77;1;16;79;0;38;26;21;140;843;8;112;854;0;382
FR;10;2023-01-12;12;1;7;77;1;3;80;0;51;38;22;147;920;9;115;934;0;433
FR;10;2023-01-13;1;6;15;122;1;8;129;0;75;39;28;162;1042;10;123;1063;0;508
FR;10;2023-01-14;1;1;6;40;0;5;42;0;3;40;29;168;1082;10;128;1105;0;511
FR;10;2023-01-15;0;0;1;10;0;0;7;0;8;40;29;169;1092;10;128;1112;0;519
FR;0;2020-12-27;616;0;0;0;55;0;0;0;0;616;0;0;0;55;0;0;0;0
FR;0;2020-12-28;704;1;0;0;43;0;0;0;0;1320;1;0;0;98;0;0;0;0
FR;0;2020-12-29;387;0;0;0;19;0;0;0;0;1707;1;0;0;117;0;0;0;0
FR;0;2020-12-30;451;0;0;0;18;0;0;0;0;2158;1;0;0;135;0;0;0;0
FR;0;2020-12-31;447;1;0;0;23;0;0;0;0;2605;2;0;0;158;0;0;0;0
FR;0;2021-01-01;1191;2;0;0;66;0;0;0;0;3796;4;0;0;224;0;0;0;0
FR;0;2021-01-02;367;4;0;0;29;0;0;0;0;4163;8;0;0;253;0;0;0;0
FR;0;2021-01-03;417;0;0;0;23;0;0;0;0;4580;8;0;0;276;0;0;0;0
FR;0;2021-01-04;2134;5;0;0;51;0;0;0;0;6714;13;0;0;327;0;0;0;0
FR;0;2021-01-05;7769;6;0;0;128;0;0;0;0;14483;19;0;0;455;0;0;0;0
FR;0;2021-01-06;12473;23;0;0;127;0;0;0;0;26956;42;0;0;582;0;0;0;0
FR;0;2021-01-07;29477;23;0;0;159;0;0;0;0;56433;65;0;0;741;0;0;0;0
FR;0;2021-01-08;37168;34;0;0;203;0;0;0;0;93601;99;0;0;944;0;0;0;0
FR;0;2021-01-09;11220;9;0;0;77;0;0;0;0;104821;108;0;0;1021;0;0;0;0
FR;0;2021-01-10;6015;8;0;0;28;0;0;0;0;110836;116;0;0;1049;0;0;0;0
FR;0;2021-01-11;39954;39;0;0;232;0;0;0;0;150790;155;0;0;1281;0;0;0;0
FR;0;2021-01-12;62159;29;0;0;297;0;0;0;0;212949;184;0;0;1578;0;0;0;0
FR;0;2021-01-13;65146;62;0;0;433;0;0;0;0;278095;246;0;0;2011;0;0;0;0
FR;0;2021-01-14;83111;251;0;0;1173;0;0;0;0;361206;497;0;0;3184;0;0;0;0
FR;0;2021-01-15;69030;98;0;0;555;0;0;0;0;430236;595;0;0;3739;0;0;0;0
FR;0;2021-01-16;20219;73;0;0;184;0;0;0;0;450455;668;0;0;3923;0;0;0;0
FR;0;2021-01-17;10991;54;0;0;137;0;0;0;0;461446;722;0;0;4060;0;0;0;0
FR;0;2021-01-18;85918;179;0;0;615;0;0;0;0;547364;901;0;0;4675;0;0;0;0
FR;0;2021-01-19;130615;210;0;0;868;0;0;0;0;677979;1111;0;0;5543;0;0;0;0
FR;0;2021-01-20;137564;196;0;0;837;0;0;0;0;815543;1307;0;0;6380;0;0;0;0
FR;0;2021-01-21;158424;202;0;0;949;0;0;0;0;973967;1509;0;0;7329;0;0;0;0
FR;0;2021-01-22;121086;256;0;0;845;0;0;0;0;1095053;1765;0;0;8174;0;0;0;0
FR;0;2021-01-23;38491;83;0;0;220;0;0;0;0;1133544;1848;0;0;8394;0;0;0;0
FR;0;2021-01-24;9751;129;0;0;194;0;0;0;0;1143295;1977;0;0;8588;0;0;0;0
FR;0;2021-01-25;78252;1450;0;0;1801;0;0;0;0;1221547;3427;0;0;10389;0;0;0;0
FR;0;2021-01-26;100393;3698;1;0;4176;0;0;0;0;1321940;7125;1;0;14565;0;0;0;0
FR;0;2021-01-27;107261;6432;0;0;7147;0;0;0;0;1429201;13557;1;0;21712;0;0;0;0
FR;0;2021-01-28;124376;16388;0;0;17210;0;0;0;0;1553577;29945;1;0;38922;0;0;0;0
FR;0;2021-01-29;92202;18741;0;0;19317;0;0;0;0;1645779;48686;1;0;58239;0;0;0;0
FR;0;2021-01-30;29128;4525;0;0;4662;0;0;0;0;1674907;53211;1;0;62901;0;0;0;0
FR;0;2021-01-31;5240;1903;0;0;1948;0;0;0;0;1680147;55114;1;0;64849;0;0;0;0
FR;0;2021-02-01;53156;22973;0;0;23242;0;0;0;0;1733303;78087;1;0;88091;0;0;0;0
FR;0;2021-02-02;72335;38074;0;0;38565;0;0;0;0;1805638;116161;1;0;126656;0;0;0;0
FR;0;2021-02-03;72326;40112;0;0;40615;0;0;0;0;1877964;156273;1;0;167271;0;0;0;0
FR;0;2021-02-04;82090;54961;0;0;55554;0;0;0;0;1960054;211234;1;0;222825;0;0;0;0
FR;0;2021-02-05;68252;48120;0;0;48555;0;0;0;0;2028306;259354;1;0;271380;0;0;0;0
FR;0;2021-02-06;22955;11427;0;0;11666;0;0;0;0;2051261;270781;1;0;283046;0;0;0;0
FR;0;2021-02-07;5195;6056;0;0;6182;0;0;0;0;2056456;276837;1;0;289228;0;0;0;0
FR;0;2021-02-08;46855;48735;0;0;49214;0;0;0;0;2103311;325572;1;0;338442;0;0;0;0
FR;0;2021-02-09;66044;78272;0;0;79366;0;0;0;0;2169355;403844;1;0;417808;0;0;0;0
FR;0;2021-02-10;71038;83275;0;0;84570;0;0;0;0;2240393;487119;1;0;502378;0;0;0;0
FR;0;2021-02-11;87306;105378;0;0;107308;0;0;0;0;2327699;592497;1;0;609686;0;0;0;0
FR;0;2021-02-12;79354;76023;0;0;77763;0;0;0;0;2407053;668520;1;0;687449;0;0;0;0
FR;0;2021-02-13;22389;19516;0;0;19883;0;0;0;0;2429442;688036;1;0;707332;0;0;0;0
FR;0;2021-02-14;5080;7358;0;0;7486;0;0;0;0;2434522;695394;1;0;714818;0;0;0;0
FR;0;2021-02-15;38129;76761;0;0;77769;0;0;0;0;2472651;772155;1;0;792587;0;0;0;0
FR;0;2021-02-16;50416;99706;0;0;101041;0;0;0;0;2523067;871861;1;0;893628;0;0;0;0
FR;0;2021-02-17;50549;106808;20;0;108248;0;0;0;0;2573616;978669;21;0;1001876;0;0;0;0
FR;0;2021-02-18;69811;123562;0;0;125599;0;0;0;0;2643427;1102231;21;0;1127475;0;0;0;0
FR;0;2021-02-19;65089;92178;1;0;94061;0;0;0;0;2708516;1194409;22;0;1221536;0;0;0;0
FR;0;2021-02-20;18601;28569;0;0;28938;0;0;0;0;2727117;1222978;22;0;1250474;0;0;0;0
FR;0;2021-02-21;3334;6065;0;0;6170;0;0;0;0;2730451;1229043;22;0;1256644;0;0;0;0
FR;0;2021-02-22;37508;73206;2;0;74214;0;0;0;0;2767959;1302249;24;0;1330858;0;0;0;0
FR;0;2021-02-23;53803;85250;1;0;86760;0;0;0;0;2821762;1387499;25;0;1417618;0;0;0;0
FR;0;2021-02-24;60034;82888;1;0;84467;0;0;0;0;2881796;1470387;26;0;1502085;0;0;0;0
FR;0;2021-02-25;100607;91291;1;0;94275;0;0;0;0;2982403;1561678;27;0;1596360;0;0;0;0
FR;0;2021-02-26;113489;70752;1;0;73889;0;0;0;0;3095892;1632430;28;0;1670249;0;0;0;0
FR;0;2021-02-27;52129;22430;1;0;23672;0;0;0;0;3148021;1654860;29;0;1693921;0;0;0;0
FR;0;2021-02-28;6208;4129;2;0;4327;0;0;0;0;3154229;1658989;31;0;1698248;0;0;0;0
FR;0;2021-03-01;65937;54081;1;0;55944;0;0;0;0;3220166;1713070;32;0;1754192;0;0;0;0
FR;0;2021-03-02;101412;67200;3;0;70242;0;0;0;0;3321578;1780270;35;0;1824434;0;0;0;0
FR;0;2021-03-03;116556;65475;0;0;69159;0;0;0;0;3438134;1845745;35;0;1893593;0;0;0;0
FR;0;2021-03-04;163660;72548;3;0;78113;0;0;0;0;3601794;1918293;38;0;1971706;0;0;0;0
FR;0;2021-03-05;200957;62697;3;0;69425;0;0;0;0;3802751;1980990;41;0;2041131;0;0;0;0
FR;0;2021-03-06;207986;17503;3;0;22802;0;0;0;0;4010737;1998493;44;0;2063933;0;0;0;0
FR;0;2021-03-07;121292;4007;1;0;7301;0;0;0;0;4132029;2002500;45;0;2071234;0;0;0;0
FR;0;2021-03-08;107175;49586;2;0;53068;0;0;0;0;4239204;2052086;47;0;2124302;0;0;0;0
FR;0;2021-03-09;172486;56063;2;0;61549;0;0;0;0;4411690;2108149;49;0;2185851;0;0;0;0
FR;0;2021-03-10;179038;57070;5;0;62735;0;0;0;0;4590728;2165219;54;0;2248586;0;0;0;0
FR;0;2021-03-11;242929;64012;2;0;72101;0;0;0;0;4833657;2229231;56;0;2320687;0;0;0;0
FR;0;2021-03-12;294871;53371;1;0;62827;0;0;0;0;5128528;2282602;57;0;2383514;0;0;0;0
FR;0;2021-03-13;231441;15278;1;0;21256;0;0;0;0;5359969;2297880;58;0;2404770;0;0;0;0
FR;0;2021-03-14;63363;3068;1;0;5104;0;0;0;0;5423332;2300948;59;0;2409874;0;0;0;0
FR;0;2021-03-15;158693;31527;3;0;36177;0;0;0;0;5582025;2332475;62;0;2446051;0;0;0;0
FR;0;2021-03-16;141593;38810;6;0;42956;0;0;0;0;5723618;2371285;68;0;2489007;0;0;0;0
FR;0;2021-03-17;150516;37602;4;0;42366;0;0;0;0;5874134;2408887;72;0;2531373;0;0;0;0
FR;0;2021-03-18;167866;44364;5;0;49923;0;0;0;0;6042000;2453251;77;0;2581296;0;0;0;0
FR;0;2021-03-19;230054;36725;2;0;44082;0;0;0;0;6272054;2489976;79;0;2625378;0;0;0;0
FR;0;2021-03-20;166717;11389;1;0;16014;0;0;0;0;6438771;2501365;80;0;2641392;0;0;0;0
FR;0;2021-03-21;49953;2143;1;0;3901;0;0;0;0;6488724;2503508;81;0;2645293;0;0;0;0
FR;0;2021-03-22;170079;33536;2;0;39033;0;0;0;0;6658803;2537044;83;0;2684326;0;0;0;0
FR;0;2021-03-23;250433;42397;1;0;50237;0;0;0;0;6909236;2579441;84;0;2734563;0;0;0;0
FR;0;2021-03-24;256944;43555;0;0;51646;0;0;0;0;7166180;2622996;84;0;2786209;0;0;0;0
FR;0;2021-03-25;341867;45253;5;0;56253;0;0;0;0;7508047;2668249;89;0;2842462;0;0;0;0
FR;0;2021-03-26;358842;41784;5;1;53534;0;0;0;0;7866889;2710033;94;1;2895996;0;0;0;0
FR;0;2021-03-27;195294;16939;1;0;23382;0;0;0;0;8062183;2726972;95;1;2919378;0;0;0;0
FR;0;2021-03-28;59353;4569;3;0;6633;0;0;0;0;8121536;2731541;98;1;2926011;0;0;0;0
FR;0;2021-03-29;203014;53425;4;0;60179;0;0;0;0;8324550;2784966;102;1;2986190;0;0;0;0
FR;0;2021-03-30;285534;70012;5;0;80421;0;0;0;0;8610084;2854978;107;1;3066611;0;0;0;0
FR;0;2021-03-31;263074;74006;4;0;84682;0;0;0;0;8873158;2928984;111;1;3151293;0;0;0;0
FR;0;2021-04-01;315568;92723;11;0;106291;0;0;0;0;9188726;3021707;122;1;3257584;0;0;0;0
FR;0;2021-04-02;281380;94754;7;0;106577;0;0;0;0;9470106;3116461;129;1;3364161;0;0;0;0
FR;0;2021-04-03;141094;62579;6;0;67838;0;0;0;0;9611200;3179040;135;1;3431999;0;0;0;0
FR;0;2021-04-04;46549;19020;2;0;21072;0;0;0;0;9657749;3198060;137;1;3453071;0;0;0;0
FR;0;2021-04-05;63366;10404;11;0;13061;0;0;0;0;9721115;3208464;148;1;3466132;0;0;0;0
FR;0;2021-04-06;217266;113018;17;0;121869;0;0;0;0;9938381;3321482;165;1;3588001;0;0;0;0
FR;0;2021-04-07;260316;115270;17;0;126613;0;0;0;0;10198697;3436752;182;1;3714614;0;0;0;0
FR;0;2021-04-08;337911;123171;15;0;138791;0;0;0;0;10536608;3559923;197;1;3853405;0;0;0;0
FR;0;2021-04-09;410225;116872;49;0;134274;0;0;0;0;10946833;3676795;246;1;3987679;0;0;0;0
FR;0;2021-04-10;212658;82858;15;0;91250;0;0;0;0;11159491;3759653;261;1;4078929;0;0;0;0
FR;0;2021-04-11;56159;34179;7;0;36705;0;0;0;0;11215650;3793832;268;1;4115634;0;0;0;0
FR;0;2021-04-12;237119;115816;46;0;125415;0;0;0;0;11452769;3909648;314;1;4241049;0;0;0;0
FR;0;2021-04-13;309541;144175;98;1;157128;0;0;0;0;11762310;4053823;412;2;4398177;0;0;0;0
FR;0;2021-04-14;294583;139802;215;0;153172;0;0;0;0;12056893;4193625;627;2;4551349;0;0;0;0
FR;0;2021-04-15;337184;150451;340;0;165979;0;0;0;0;12394077;4344076;967;2;4717328;0;0;0;0
FR;0;2021-04-16;339359;146996;354;0;161651;0;0;0;0;12733436;4491072;1321;2;4878979;0;0;0;0
FR;0;2021-04-17;188689;89985;109;0;97683;0;0;0;0;12922125;4581057;1430;2;4976662;0;0;0;0
FR;0;2021-04-18;51640;35458;48;0;37879;0;0;0;0;12973765;4616515;1478;2;5014541;0;0;0;0
FR;0;2021-04-19;205746;138293;456;0;147445;0;0;0;0;13179511;4754808;1934;2;5161986;0;0;0;0
FR;0;2021-04-20;254485;171951;569;0;183608;0;0;0;0;13433996;4926759;2503;2;5345594;0;0;0;0
FR;0;2021-04-21;253321;170137;836;0;182156;0;0;0;0;13687317;5096896;3339;2;5527750;0;0;0;0
FR;0;2021-04-22;287621;190366;819;0;204958;0;0;0;0;13974938;5287262;4158;2;5732708;0;0;0;0
FR;0;2021-04-23;297692;184648;747;0;203406;0;0;0;0;14272630;5471910;4905;2;5936114;0;0;0;0
FR;0;2021-04-24;190481;112023;252;0;122475;0;0;0;0;14463111;5583933;5157;2;6058589;0;0;0;0
FR;0;2021-04-25;69575;38860;51;0;42591;0;0;0;0;14532686;5622793;5208;2;6101180;0;0;0;0
FR;0;2021-04-26;221000;158600;563;0;171792;0;0;0;0;14753686;5781393;5771;2;6272972;0;0;0;0
FR;0;2021-04-27;284650;188022;941;0;211336;0;0;0;0;15038336;5969415;6712;2;6484308;0;0;0;0
FR;0;2021-04-28;299567;184660;1426;1;209738;1;0;0;0;15337903;6154075;8138;3;6694046;1;0;0;0
FR;0;2021-04-29;357204;198194;1281;0;233278;0;0;0;0;15695107;6352269;9419;3;6927324;1;0;0;0
FR;0;2021-04-30;372259;186085;1124;1;225425;0;0;0;0;16067366;6538354;10543;4;7152749;1;0;0;0
FR;0;2021-05-01;167677;52523;179;0;63770;0;0;0;0;16235043;6590877;10722;4;7216519;1;0;0;0
FR;0;2021-05-02;91766;37861;83;0;43588;0;0;0;0;16326809;6628738;10805;4;7260107;1;0;0;0
FR;0;2021-05-03;288970;165343;843;0;185869;0;0;0;0;16615779;6794081;11648;4;7445976;1;0;0;0
FR;0;2021-05-04;315749;225516;1237;0;251696;0;0;0;0;16931528;7019597;12885;4;7697672;1;0;0;0
FR;0;2021-05-05;327286;226564;1316;0;251634;0;0;0;0;17258814;7246161;14201;4;7949306;1;0;0;0
FR;0;2021-05-06;379596;241132;1634;0;275389;0;0;0;0;17638410;7487293;15835;4;8224695;1;0;0;0
FR;0;2021-05-07;372822;258838;1224;0;299897;0;0;0;0;18011232;7746131;17059;4;8524592;1;0;0;0
FR;0;2021-05-08;222188;71334;300;0;86543;0;0;0;0;18233420;7817465;17359;4;8611135;1;0;0;0
FR;0;2021-05-09;129729;44605;243;0;53241;0;0;0;0;18363149;7862070;17602;4;8664376;1;0;0;0
FR;0;2021-05-10;313427;229683;1239;0;255467;0;0;0;0;18676576;8091753;18841;4;8919843;1;0;0;0
FR;0;2021-05-11;403972;258378;1566;0;296804;0;0;0;0;19080548;8350131;20407;4;9216647;1;0;0;0
FR;0;2021-05-12;434196;233844;1544;0;270133;0;0;0;0;19514744;8583975;21951;4;9486780;1;0;0;0
FR;0;2021-05-13;338637;56464;432;0;77958;0;0;0;0;19853381;8640439;22383;4;9564738;1;0;0;0
FR;0;2021-05-14;454182;167488;1127;0;203093;0;0;0;0;20307563;8807927;23510;4;9767831;1;0;0;0
FR;0;2021-05-15;375013;94388;444;0;120784;0;0;0;0;20682576;8902315;23954;4;9888615;1;0;0;0
FR;0;2021-05-16;202775;20693;168;0;34093;0;0;0;0;20885351;8923008;24122;4;9922708;1;0;0;0
FR;0;2021-05-17;376156;148865;1555;0;178659;0;0;0;0;21261507;9071873;25677;4;10101367;1;0;0;0
FR;0;2021-05-18;460202;154098;1991;0;193250;0;0;0;0;21721709;9225971;27668;4;10294617;1;0;0;0
FR;0;2021-05-19;467460;142596;2465;0;179865;0;0;0;0;22189169;9368567;30133;4;10474482;1;0;0;0
FR;0;2021-05-20;507586;160275;2340;0;204246;0;0;0;0;22696755;9528842;32473;4;10678728;1;0;0;0
FR;0;2021-05-21;489722;175219;1996;0;221771;0;0;0;0;23186477;9704061;34469;4;10900499;1;0;0;0
FR;0;2021-05-22;347225;80223;670;0;108649;0;0;0;0;23533702;9784284;35139;4;11009148;1;0;0;0
FR;0;2021-05-23;161712;14214;246;0;26684;0;0;0;0;23695414;9798498;35385;4;11035832;1;0;0;0
FR;0;2021-05-24;263217;33106;604;0;52943;0;0;0;0;23958631;9831604;35989;4;11088775;1;0;0;0
FR;0;2021-05-25;400307;190439;2357;1;227002;0;0;0;0;24358938;10022043;38346;5;11315777;1;0;0;0
FR;0;2021-05-26;413496;191115;2227;0;229173;0;0;0;0;24772434;10213158;40573;5;11544950;1;0;0;0
FR;0;2021-05-27;449855;220012;2163;0;267156;0;0;0;0;25222289;10433170;42736;5;11812106;1;0;0;0
FR;0;2021-05-28;429597;261097;1895;0;319195;0;0;0;0;25651886;10694267;44631;5;12131301;1;0;0;0
FR;0;2021-05-29;299004;150483;586;0;183339;0;0;0;0;25950890;10844750;45217;5;12314640;1;0;0;0
FR;0;2021-05-30;107155;32511;164;0;42097;0;0;0;0;26058045;10877261;45381;5;12356737;1;0;0;0
FR;0;2021-05-31;358077;203465;1473;1;241752;1;0;0;0;26416122;11080726;46854;6;12598489;2;0;0;0
FR;0;2021-06-01;431120;251247;1969;1;302892;1;0;0;0;26847242;11331973;48823;7;12901381;3;0;0;0
FR;0;2021-06-02;420155;232639;1985;0;280026;0;0;0;0;27267397;11564612;50808;7;13181407;3;0;0;0
FR;0;2021-06-03;465673;257746;1826;0;312522;0;0;0;0;27733070;11822358;52634;7;13493929;3;0;0;0
FR;0;2021-06-04;456289;305831;1735;1;363235;1;0;0;0;28189359;12128189;54369;8;13857164;4;0;0;0
FR;0;2021-06-05;304832;189556;653;0;222779;0;0;0;0;28494191;12317745;55022;8;14079943;4;0;0;0
FR;0;2021-06-06;133336;49025;227;0;61166;0;0;0;0;28627527;12366770;55249;8;14141109;4;0;0;0
FR;0;2021-06-07;340015;261492;1529;0;298586;0;0;0;0;28967542;12628262;56778;8;14439695;4;0;0;0
FR;0;2021-06-08;393943;291373;1806;0;338245;0;0;0;0;29361485;12919635;58584;8;14777940;4;0;0;0
FR;0;2021-06-09;384934;273830;1734;0;318241;0;0;0;0;29746419;13193465;60318;8;15096181;4;0;0;0
FR;0;2021-06-10;404234;286453;1727;1;335893;0;0;0;0;30150653;13479918;62045;9;15432074;4;0;0;0
FR;0;2021-06-11;386704;356532;1467;1;406967;0;0;0;0;30537357;13836450;63512;10;15839041;4;0;0;0
FR;0;2021-06-12;283292;210994;497;0;243142;0;0;0;0;30820649;14047444;64009;10;16082183;4;0;0;0
FR;0;2021-06-13;104902;73844;204;0;84836;0;0;0;0;30925551;14121288;64213;10;16167019;4;0;0;0
FR;0;2021-06-14;240872;354091;1429;1;383276;0;0;0;0;31166423;14475379;65642;11;16550295;4;0;0;0
FR;0;2021-06-15;308214;384365;1574;1;423137;0;0;0;0;31474637;14859744;67216;12;16973432;4;0;0;0
FR;0;2021-06-16;314015;357556;1418;1;395319;0;0;0;0;31788652;15217300;68634;13;17368751;4;0;0;0
FR;0;2021-06-17;317723;373098;1432;1;414290;0;0;0;0;32106375;15590398;70066;14;17783041;4;0;0;0
FR;0;2021-06-18;321780;442590;1342;1;485988;0;0;0;0;32428155;16032988;71408;15;18269029;4;0;0;0
FR;0;2021-06-19;224360;274011;449;0;301199;0;0;0;0;32652515;16306999;71857;15;18570228;4;0;0;0
FR;0;2021-06-20;74457;102303;130;0;111498;0;0;0;0;32726972;16409302;71987;15;18681726;4;0;0;0
FR;0;2021-06-21;195806;401721;1038;1;427683;1;0;0;0;32922778;16811023;73025;16;19109409;5;0;0;0
FR;0;2021-06-22;223232;467732;1266;10;500390;1;0;0;0;33146010;17278755;74291;26;19609799;6;0;0;0
FR;0;2021-06-23;234066;440069;1198;1;474175;1;0;0;0;33380076;17718824;75489;27;20083974;7;0;0;0
FR;0;2021-06-24;241894;409672;1359;0;447165;0;0;0;0;33621970;18128496;76848;27;20531139;7;0;0;0
FR;0;2021-06-25;227664;523003;1403;0;561999;0;0;0;0;33849634;18651499;78251;27;21093138;7;0;0;0
FR;0;2021-06-26;153286;371059;587;1;395864;0;0;0;0;34002920;19022558;78838;28;21489002;7;0;0;0
FR;0;2021-06-27;55918;155960;169;1;164874;0;0;0;0;34058838;19178518;79007;29;21653876;7;0;0;0
FR;0;2021-06-28;154805;452515;1177;0;478115;0;0;0;0;34213643;19631033;80184;29;22131991;7;0;0;0
FR;0;2021-06-29;182733;507751;2123;0;539139;0;0;0;0;34396376;20138784;82307;29;22671130;7;0;0;0
FR;0;2021-06-30;204038;485174;2015;21;519452;2;0;0;0;34600414;20623958;84322;50;23190582;9;0;0;0
FR;0;2021-07-01;231443;458500;2225;5;498456;0;0;0;0;34831857;21082458;86547;55;23689038;9;0;0;0
FR;0;2021-07-02;228702;520003;2120;5;562326;2;0;0;0;35060559;21602461;88667;60;24251364;11;0;0;0
FR;0;2021-07-03;142056;368766;908;3;395257;1;0;0;0;35202615;21971227;89575;63;24646621;12;0;0;0
FR;0;2021-07-04;56760;141014;265;0;150708;0;0;0;0;35259375;22112241;89840;63;24797329;12;0;0;0
FR;0;2021-07-05;168537;418662;1668;8;448609;0;0;0;0;35427912;22530903;91508;71;25245938;12;0;0;0
FR;0;2021-07-06;196800;474506;1830;45;511108;8;0;0;0;35624712;23005409;93338;116;25757046;20;0;0;0
FR;0;2021-07-07;213241;438967;1881;25;477439;2;0;0;0;35837953;23444376;95219;141;26234485;22;0;0;0
FR;0;2021-07-08;231666;424120;2089;20;468070;2;0;0;0;36069619;23868496;97308;161;26702555;24;0;0;0
FR;0;2021-07-09;228639;511075;2185;4;557384;2;0;0;0;36298258;24379571;99493;165;27259939;26;0;0;0
FR;0;2021-07-10;148631;339917;986;1;368861;1;0;0;0;36446889;24719488;100479;166;27628800;27;0;0;0
FR;0;2021-07-11;60212;110043;284;0;120960;0;0;0;0;36507101;24829531;100763;166;27749760;27;0;0;0
FR;0;2021-07-12;169437;477727;1765;4;512473;0;0;0;0;36676538;25307258;102528;170;28262233;27;0;0;0
FR;0;2021-07-13;287297;526624;2050;8;585675;0;0;0;0;36963835;25833882;104578;178;28847908;27;0;0;0
FR;0;2021-07-14;181119;157349;435;0;186669;0;0;0;0;37144954;25991231;105013;178;29034577;27;0;0;0
FR;0;2021-07-15;347122;501623;2100;1;571604;0;0;0;0;37492076;26492854;107113;179;29606181;27;0;0;0
FR;0;2021-07-16;380124;495015;2023;3;574209;1;0;0;0;37872200;26987869;109136;182;30180390;28;0;0;0
FR;0;2021-07-17;259747;319635;877;1;368604;0;0;0;0;38131947;27307504;110013;183;30548994;28;0;0;0
FR;0;2021-07-18;109739;114565;310;0;133009;0;0;0;0;38241686;27422069;110323;183;30682003;28;0;0;0
FR;0;2021-07-19;285518;423923;1631;3;478954;0;0;0;0;38527204;27845992;111954;186;31160957;28;0;0;0
FR;0;2021-07-20;376936;451230;1725;0;523585;0;0;0;0;38904140;28297222;113679;186;31684542;28;0;0;0
FR;0;2021-07-21;395833;406897;1550;4;481919;1;0;0;0;39299973;28704119;115229;190;32166461;29;0;0;0
FR;0;2021-07-22;441075;387312;1715;4;471817;2;0;0;0;39741048;29091431;116944;194;32638278;31;0;0;0
FR;0;2021-07-23;440345;422047;1883;4;510035;1;0;0;0;40181393;29513478;118827;198;33148313;32;0;0;0
FR;0;2021-07-24;285265;269300;804;1;321996;0;0;0;0;40466658;29782778;119631;199;33470309;32;0;0;0
FR;0;2021-07-25;121125;79915;234;0;100277;0;0;0;0;40587783;29862693;119865;199;33570586;32;0;0;0
FR;0;2021-07-26;347443;322176;1614;3;384740;1;0;0;0;40935226;30184869;121479;202;33955326;33;0;0;0
FR;0;2021-07-27;464099;319286;1698;4;400443;1;0;0;0;41399325;30504155;123177;206;34355769;34;0;0;0
FR;0;2021-07-28;459463;289348;1637;4;366978;1;0;0;0;41858788;30793503;124814;210;34722747;35;0;0;0
FR;0;2021-07-29;489853;276134;1797;2;357033;0;0;0;0;42348641;31069637;126611;212;35079780;35;0;0;0
FR;0;2021-07-30;461850;302370;1942;5;380882;1;0;0;0;42810491;31372007;128553;217;35460662;36;0;0;0
FR;0;2021-07-31;285414;185014;916;1;231520;0;0;0;0;43095905;31557021;129469;218;35692182;36;0;0;0
FR;0;2021-08-01;112039;49914;257;0;65694;0;0;0;0;43207944;31606935;129726;218;35757876;36;0;0;0
FR;0;2021-08-02;341662;234031;1602;2;284746;0;0;0;0;43549606;31840966;131328;220;36042622;36;0;0;0
FR;0;2021-08-03;398636;244463;1729;2;304558;1;0;0;0;43948242;32085429;133057;222;36347180;37;0;0;0
FR;0;2021-08-04;384881;209530;1594;6;265663;3;0;0;0;44333123;32294959;134651;228;36612843;40;0;0;0
FR;0;2021-08-05;366195;228353;1711;0;281741;0;0;0;0;44699318;32523312;136362;228;36894584;40;0;0;0
FR;0;2021-08-06;359746;271203;1835;4;326609;0;0;0;0;45059064;32794515;138197;232;37221193;40;0;0;0
FR;0;2021-08-07;213139;178315;756;5;210056;1;0;0;0;45272203;32972830;138953;237;37431249;41;0;0;0
FR;0;2021-08-08;74204;63188;276;0;73621;0;0;0;0;45346407;33036018;139229;237;37504870;41;0;0;0
FR;0;2021-08-09;258770;258598;1548;4;297527;2;0;0;0;45605177;33294616;140777;241;37802397;43;0;0;0
FR;0;2021-08-10;306890;277078;1663;2;323493;0;0;0;0;45912067;33571694;142440;243;38125890;43;0;0;0
FR;0;2021-08-11;279760;259554;1441;5;301639;0;0;0;0;46191827;33831248;143881;248;38427529;43;0;0;0
FR;0;2021-08-12;271561;278040;1668;3;320324;0;0;0;0;46463388;34109288;145549;251;38747853;43;0;0;0
FR;0;2021-08-13;252167;278097;1594;3;316952;2;0;0;0;46715555;34387385;147143;254;39064805;45;0;0;0
FR;0;2021-08-14;145358;197074;740;0;219010;0;0;0;0;46860913;34584459;147883;254;39283815;45;0;0;0
FR;0;2021-08-15;39400;50094;218;1;55678;0;0;0;0;46900313;34634553;148101;255;39339493;45;0;0;0
FR;0;2021-08-16;186196;317499;1543;0;345436;0;0;0;0;47086509;34952052;149644;255;39684929;45;0;0;0
FR;0;2021-08-17;215707;335816;1638;7;368860;0;0;0;0;47302216;35287868;151282;262;40053789;45;0;0;0
FR;0;2021-08-18;199068;324363;1599;7;354542;4;0;0;0;47501284;35612231;152881;269;40408331;49;0;0;0
FR;0;2021-08-19;192045;325409;1642;1;355984;0;0;0;0;47693329;35937640;154523;270;40764315;49;0;0;0
FR;0;2021-08-20;186486;366188;1820;3;396642;2;0;0;0;47879815;36303828;156343;273;41160957;51;0;0;0
FR;0;2021-08-21;104806;238125;709;0;254564;0;0;0;0;47984621;36541953;157052;273;41415521;51;0;0;0
FR;0;2021-08-22;31946;87210;256;1;92164;1;0;0;0;48016567;36629163;157308;274;41507685;52;0;0;0
FR;0;2021-08-23;140994;356988;1561;3;379599;0;0;0;0;48157561;36986151;158869;277;41887284;52;0;0;0
FR;0;2021-08-24;162513;376611;1850;5;402880;0;0;0;0;48320074;37362762;160719;282;42290164;52;0;0;0
FR;0;2021-08-25;151160;350709;2037;8;375421;2;0;0;0;48471234;37713471;162756;290;42665585;54;0;0;0
FR;0;2021-08-26;142890;342742;2561;10;367566;0;0;0;0;48614124;38056213;165317;300;43033151;54;0;0;0
FR;0;2021-08-27;148460;388238;2791;11;414922;1;0;0;0;48762584;38444451;168108;311;43448073;55;0;0;0
FR;0;2021-08-28;90677;249625;1407;0;264965;0;0;0;0;48853261;38694076;169515;311;43713038;55;0;0;0
FR;0;2021-08-29;27324;83341;518;1;88259;0;0;0;0;48880585;38777417;170033;312;43801297;55;0;0;0
FR;0;2021-08-30;117428;324585;4715;6;342401;5852;0;0;0;48998013;39102002;174748;318;44143698;5907;0;0;0
FR;0;2021-08-31;128827;334452;10189;19;353933;11773;2;0;0;49126840;39436454;184937;337;44497631;17680;2;0;0
FR;0;2021-09-01;136165;285665;22436;8;302429;24408;1;0;0;49263005;39722119;207373;345;44800060;42088;3;0;0
FR;0;2021-09-02;114653;247198;26524;20;262108;29005;0;0;0;49377658;39969317;233897;365;45062168;71093;3;0;0
FR;0;2021-09-03;118322;292652;29967;24;309323;33074;1;0;0;49495980;40261969;263864;389;45371491;104167;4;0;0
FR;0;2021-09-04;89891;217789;12587;12;230502;14150;7;0;0;49585871;40479758;276451;401;45601993;118317;11;0;0
FR;0;2021-09-05;21361;44802;4397;2;48285;4719;0;0;0;49607232;40524560;280848;403;45650278;123036;11;0;0
FR;0;2021-09-06;75700;180517;31956;16;190700;34307;2;0;0;49682932;40705077;312804;419;45840978;157343;13;0;0
FR;0;2021-09-07;80318;181183;33249;43;191069;36311;2;0;0;49763250;40886260;346053;462;46032047;193654;15;0;0
FR;0;2021-09-08;91008;206079;29667;28;216580;32571;4;0;0;49854258;41092339;375720;490;46248627;226225;19;0;0
FR;0;2021-09-09;76961;165295;33084;27;174115;36693;5;0;0;49931219;41257634;408804;517;46422742;262918;24;0;0
FR;0;2021-09-10;96044;203812;35743;28;214916;40785;7;0;0;50027263;41461446;444547;545;46637658;303703;31;0;0
FR;0;2021-09-11;67167;169323;12141;19;178190;14404;0;0;0;50094430;41630769;456688;564;46815848;318107;31;0;0
FR;0;2021-09-12;12827;32096;2782;1;34145;3188;2;0;0;50107257;41662865;459470;565;46849993;321295;33;0;0
FR;0;2021-09-13;64577;126178;41247;35;134213;44256;17;0;0;50171834;41789043;500717;600;46984206;365551;50;0;0
FR;0;2021-09-14;73497;129009;56385;80;135777;62423;42;0;0;50245331;41918052;557102;680;47119983;427974;92;0;0
FR;0;2021-09-15;76654;167739;55670;58;174693;54849;77;0;0;50321985;42085791;612772;738;47294676;482823;169;0;0
FR;0;2021-09-16;63891;114504;60099;82;117887;60168;67;0;0;50385876;42200295;672871;820;47412563;542991;236;0;0
FR;0;2021-09-17;75089;156847;53859;71;159734;57347;68;0;0;50460965;42357142;726730;891;47572297;600338;304;0;0
FR;0;2021-09-18;48242;139630;15602;25;144315;17319;20;0;0;50509207;42496772;742332;916;47716612;617657;324;0;0
FR;0;2021-09-19;7908;23656;2441;1;24886;2618;1;0;0;50517115;42520428;744773;917;47741498;620275;325;0;0
FR;0;2021-09-20;44579;93746;50087;72;96238;50344;36;0;0;50561694;42614174;794860;989;47837736;670619;361;0;0
FR;0;2021-09-21;45911;98371;62769;77;98384;63506;79;0;0;50607605;42712545;857629;1066;47936120;734125;440;0;0
FR;0;2021-09-22;48699;142393;55381;82;144840;55476;47;0;0;50656304;42854938;913010;1148;48080960;789601;487;0;0
FR;0;2021-09-23;43294;92066;62404;95;91277;63589;86;0;0;50699598;42947004;975414;1243;48172237;853190;573;0;0
FR;0;2021-09-24;52317;133298;54565;107;132402;59224;78;0;0;50751915;43080302;1029979;1350;48304639;912414;651;0;0
FR;0;2021-09-25;35221;115662;16276;36;118651;18314;22;0;0;50787136;43195964;1046255;1386;48423290;930728;673;0;0
FR;0;2021-09-26;5558;17803;2273;5;18687;2332;5;0;0;50792694;43213767;1048528;1391;48441977;933060;678;0;0
FR;0;2021-09-27;33983;76911;47204;97;78796;48187;83;0;1;50826677;43290678;1095732;1488;48520773;981247;761;0;1
FR;0;2021-09-28;36523;75246;54977;90;74336;56590;47;0;0;50863200;43365924;1150709;1578;48595109;1037837;808;0;1
FR;0;2021-09-29;44424;100698;53371;112;102859;54905;43;0;0;50907624;43466622;1204080;1690;48697968;1092742;851;0;1
FR;0;2021-09-30;36347;72976;57045;96;71479;59609;58;0;0;50943971;43539598;1261125;1786;48769447;1152351;909;0;1
FR;0;2021-10-01;61716;102850;57832;108;101418;64004;24;0;0;51005687;43642448;1318957;1894;48870865;1216355;933;0;1
FR;0;2021-10-02;39471;78447;20964;39;81730;23385;12;0;0;51045158;43720895;1339921;1933;48952595;1239740;945;0;1
FR;0;2021-10-03;5289;10495;2535;4;11261;2543;4;0;0;51050447;43731390;1342456;1937;48963856;1242283;949;0;1
FR;0;2021-10-04;35200;58500;52634;84;59503;54855;37;0;0;51085647;43789890;1395090;2021;49023359;1297138;986;0;1
FR;0;2021-10-05;33929;64368;61029;135;62103;65115;50;0;0;51119576;43854258;1456119;2156;49085462;1362253;1036;0;1
FR;0;2021-10-06;42725;79285;65761;112;80166;68379;29;0;0;51162301;43933543;1521880;2268;49165628;1430632;1065;0;1
FR;0;2021-10-07;30573;62278;65446;89;59501;68891;39;0;0;51192874;43995821;1587326;2357;49225129;1499523;1104;0;1
FR;0;2021-10-08;49484;91945;77772;111;89890;84810;39;0;0;51242358;44087766;1665098;2468;49315019;1584333;1143;0;1
FR;0;2021-10-09;33677;60943;31548;35;64140;33929;17;0;0;51276035;44148709;1696646;2503;49379159;1618262;1160;0;1
FR;0;2021-10-10;4721;7424;3198;9;7942;3475;2;0;0;51280756;44156133;1699844;2512;49387101;1621737;1162;0;1
FR;0;2021-10-11;30731;49883;61048;105;50602;64109;51;0;0;51311487;44206016;1760892;2617;49437703;1685846;1213;0;1
FR;0;2021-10-12;31645;54484;70633;141;51329;76036;27;0;0;51343132;44260500;1831525;2758;49489032;1761882;1240;0;1
FR;0;2021-10-13;40165;62833;74441;137;62799;79380;30;0;1;51383297;44323333;1905966;2895;49551831;1841262;1270;0;2
FR;0;2021-10-14;30362;52872;68776;116;49699;73863;35;0;0;51413659;44376205;1974742;3011;49601530;1915125;1305;0;2
FR;0;2021-10-15;44953;75228;93247;191;70333;103040;26;0;0;51458612;44451433;2067989;3202;49671863;2018165;1331;0;2
FR;0;2021-10-16;31333;44100;36699;44;46705;39662;16;0;0;51489945;44495533;2104688;3246;49718568;2057827;1347;0;2
FR;0;2021-10-17;3893;5227;3603;2;5674;3674;4;0;0;51493838;44500760;2108291;3248;49724242;2061501;1351;0;2
FR;0;2021-10-18;29213;42345;67517;134;42568;71372;27;0;0;51523051;44543105;2175808;3382;49766810;2132873;1378;0;2
FR;0;2021-10-19;27196;45545;76428;140;43212;81671;45;0;0;51550247;44588650;2252236;3522;49810022;2214544;1423;0;2
FR;0;2021-10-20;35342;52399;96956;181;51808;101573;45;0;0;51585589;44641049;2349192;3703;49861830;2316117;1468;0;2
FR;0;2021-10-21;26164;45166;83992;112;41965;89185;32;0;0;51611753;44686215;2433184;3815;49903795;2405302;1500;0;2
FR;0;2021-10-22;38449;62489;104923;200;59362;112646;61;0;0;51650202;44748704;2538107;4015;49963157;2517948;1561;0;2
FR;0;2021-10-23;27035;41202;45465;57;42432;48637;14;0;0;51677237;44789906;2583572;4072;50005589;2566585;1575;0;2
FR;0;2021-10-24;2947;4765;3685;6;5015;3923;1;0;0;51680184;44794671;2587257;4078;50010604;2570508;1576;0;2
FR;0;2021-10-25;26104;36223;82345;144;35499;86676;39;0;0;51706288;44830894;2669602;4222;50046103;2657184;1615;0;2
FR;0;2021-10-26;23768;34987;87280;166;32163;92404;34;0;0;51730056;44865881;2756882;4388;50078266;2749588;1649;0;2
FR;0;2021-10-27;30116;46310;109030;257;44049;114753;49;0;0;51760172;44912191;2865912;4645;50122315;2864341;1698;0;2
FR;0;2021-10-28;23608;34926;88740;153;31198;94532;37;0;0;51783780;44947117;2954652;4798;50153513;2958873;1735;0;2
FR;0;2021-10-29;31586;51450;117345;206;46501;125428;55;0;0;51815366;44998567;3071997;5004;50200014;3084301;1790;0;2
FR;0;2021-10-30;20578;33230;50360;76;32926;53422;20;0;0;51835944;45031797;3122357;5080;50232940;3137723;1810;0;2
FR;0;2021-10-31;2517;3735;3594;3;3845;3882;3;0;0;51838461;45035532;3125951;5083;50236785;3141605;1813;0;2
FR;0;2021-11-01;8534;4869;3223;3;5022;3586;10;0;0;51846995;45040401;3129174;5086;50241807;3145191;1823;0;2
FR;0;2021-11-02;26379;40100;93610;156;36249;99666;44;0;1;51873374;45080501;3222784;5242;50278056;3244857;1867;0;3
FR;0;2021-11-03;30129;47901;118922;222;43567;125891;64;0;0;51903503;45128402;3341706;5464;50321623;3370748;1931;0;3
FR;0;2021-11-04;23819;37474;107598;217;31580;114482;46;0;0;51927322;45165876;3449304;5681;50353203;3485230;1977;0;3
FR;0;2021-11-05;32409;52934;141673;236;44649;151463;52;0;0;51959731;45218810;3590977;5917;50397852;3636693;2029;0;3
FR;0;2021-11-06;21553;34549;64905;123;32388;68344;27;0;0;51981284;45253359;3655882;6040;50430240;3705037;2056;0;3
FR;0;2021-11-07;2427;4164;5208;6;4009;5596;7;0;0;51983711;45257523;3661090;6046;50434249;3710633;2063;0;3
FR;0;2021-11-08;20629;37736;127228;227;30949;134353;50;0;0;52004340;45295259;3788318;6273;50465198;3844986;2113;0;3
FR;0;2021-11-09;22442;44641;161735;339;32861;172337;65;0;0;52026782;45339900;3950053;6612;50498059;4017323;2178;0;3
FR;0;2021-11-10;31615;54892;187062;447;44034;198886;94;0;0;52058397;45394792;4137115;7059;50542093;4216209;2272;0;3
FR;0;2021-11-11;4750;6746;12995;28;5904;13981;17;0;0;52063147;45401538;4150110;7087;50547997;4230190;2289;0;3
FR;0;2021-11-12;29099;55057;183839;252;41736;197492;88;0;0;52092246;45456595;4333949;7339;50589733;4427682;2377;0;3
FR;0;2021-11-13;20355;32600;80730;118;28230;86357;44;0;0;52112601;45489195;4414679;7457;50617963;4514039;2421;0;3
FR;0;2021-11-14;2365;3859;7183;6;3365;7847;9;0;0;52114966;45493054;4421862;7463;50621328;4521886;2430;0;3
FR;0;2021-11-15;20516;38551;160906;314;27787;171642;77;0;0;52135482;45531605;4582768;7777;50649115;4693528;2507;0;3
FR;0;2021-11-16;23668;43848;200483;394;27723;215177;117;0;1;52159150;45575453;4783251;8171;50676838;4908705;2624;0;4
FR;0;2021-11-17;30541;50244;199899;406;36451;212966;99;0;0;52189691;45625697;4983150;8577;50713289;5121671;2723;0;4
FR;0;2021-11-18;23454;45693;191745;469;29404;205728;96;0;0;52213145;45671390;5174895;9046;50742693;5327399;2819;0;4
FR;0;2021-11-19;33694;61285;243287;551;39926;262305;148;0;0;52246839;45732675;5418182;9597;50782619;5589704;2967;0;4
FR;0;2021-11-20;25421;36653;102185;207;29262;109753;45;0;0;52272260;45769328;5520367;9804;50811881;5699457;3012;0;4
FR;0;2021-11-21;2662;4443;9676;19;3442;10603;19;0;0;52274922;45773771;5530043;9823;50815323;5710060;3031;0;4
FR;0;2021-11-22;22820;33116;180436;472;18921;194917;89;0;0;52297742;45806887;5710479;10295;50834244;5904977;3120;0;4
FR;0;2021-11-23;25735;45462;229486;549;24115;247976;85;0;0;52323477;45852349;5939965;10844;50858359;6152953;3205;0;4
FR;0;2021-11-24;31820;53608;224903;716;34489;243357;81;0;0;52355297;45905957;6164868;11560;50892848;6396310;3286;0;4
FR;0;2021-11-25;25652;49146;256013;739;25059;277923;112;0;0;52380949;45955103;6420881;12299;50917907;6674233;3398;0;4
FR;0;2021-11-26;33253;74683;379559;867;37416;414782;172;0;0;52414202;46029786;6800440;13166;50955323;7089015;3570;0;4
FR;0;2021-11-27;23509;49561;214972;391;28465;236768;135;0;0;52437711;46079347;7015412;13557;50983788;7325783;3705;0;4
FR;0;2021-11-28;3525;10453;56784;66;4060;63333;42;0;0;52441236;46089800;7072196;13623;50987848;7389116;3747;0;4
FR;0;2021-11-29;19444;54079;341560;864;23102;371900;178;0;0;52460680;46143879;7413756;14487;51010950;7761016;3925;0;4
FR;0;2021-11-30;24788;71820;457474;988;26833;500914;286;0;0;52485468;46215699;7871230;15475;51037783;8261930;4211;0;4
FR;0;2021-12-01;27391;75463;469207;1162;31353;511430;304;0;0;52512859;46291162;8340437;16637;51069136;8773360;4515;0;4
FR;0;2021-12-02;22126;71492;527231;1281;21041;575010;308;0;0;52534985;46362654;8867668;17918;51090177;9348370;4823;0;4
FR;0;2021-12-03;25579;92794;596513;1421;34381;651280;342;0;0;52560564;46455448;9464181;19339;51124558;9999650;5165;0;4
FR;0;2021-12-04;18341;60324;336301;692;25684;369887;198;0;0;52578905;46515772;9800482;20031;51150242;10369537;5363;0;4
FR;0;2021-12-05;4157;16102;95816;157;4865;107050;92;0;0;52583062;46531874;9896298;20188;51155107;10476587;5455;0;4
FR;0;2021-12-06;28451;72707;493263;1175;25262;540085;384;0;0;52611513;46604581;10389561;21363;51180369;11016672;5839;0;4
FR;0;2021-12-07;23564;91190;645546;1774;28541;706526;416;0;0;52635077;46695771;11035107;23137;51208910;11723198;6255;0;4
FR;0;2021-12-08;25522;91928;591790;1875;34975;647675;440;0;0;52660599;46787699;11626897;25012;51243885;12370873;6695;0;4
FR;0;2021-12-09;24082;94078;663298;2180;29017;726755;461;0;0;52684681;46881777;12290195;27192;51272902;13097628;7156;0;4
FR;0;2021-12-10;28078;110886;736189;2075;37987;806369;470;0;1;52712759;46992663;13026384;29267;51310889;13903997;7626;0;5
FR;0;2021-12-11;20252;76052;435245;990;29960;480461;344;0;0;52733011;47068715;13461629;30257;51340849;14384458;7970;0;5
FR;0;2021-12-12;5678;23120;142356;262;6394;159234;108;0;0;52738689;47091835;13603985;30519;51347243;14543692;8078;0;5
FR;0;2021-12-13;21365;90762;587817;1699;29710;649435;396;0;0;52760054;47182597;14191802;32218;51376953;15193127;8474;0;5
FR;0;2021-12-14;27986;118246;765764;2657;35460;847729;699;0;1;52788040;47300843;14957566;34875;51412413;16040856;9173;0;6
FR;0;2021-12-15;28452;114187;694497;2266;39543;769278;502;0;1;52816492;47415030;15652063;37141;51451956;16810134;9675;0;7
FR;0;2021-12-16;28054;115629;764213;2559;35148;844629;515;0;0;52844546;47530659;16416276;39700;51487104;17654763;10190;0;7
FR;0;2021-12-17;31663;128297;808003;2713;43391;892162;610;0;0;52876209;47658956;17224279;42413;51530495;18546925;10800;0;7
FR;0;2021-12-18;24943;81500;470047;1179;30060;522263;353;0;0;52901152;47740456;17694326;43592;51560555;19069188;11153;0;7
FR;0;2021-12-19;8770;28539;169446;376;7847;191072;142;0;0;52909922;47768995;17863772;43968;51568402;19260260;11295;0;7
FR;0;2021-12-20;31779;97102;591609;1788;33875;658841;501;0;0;52941701;47866097;18455381;45756;51602277;19919101;11796;0;7
FR;0;2021-12-21;39476;111891;682533;2391;38798;759670;604;0;0;52981177;47977988;19137914;48147;51641075;20678771;12400;0;7
FR;0;2021-12-22;39562;99174;575878;2169;37139;642199;687;0;2;53020739;48077162;19713792;50316;51678214;21320970;13087;0;9
FR;0;2021-12-23;33786;79377;441083;1659;30146;494427;589;0;0;53054525;48156539;20154875;51975;51708360;21815397;13676;0;9
FR;0;2021-12-24;10698;26023;111051;398;11646;126668;236;0;1;53065223;48182562;20265926;52373;51720006;21942065;13912;0;10
FR;0;2021-12-25;776;3575;7598;25;2048;9024;72;0;0;53065999;48186137;20273524;52398;51722054;21951089;13984;0;10
FR;0;2021-12-26;4698;11891;52117;142;4738;60169;170;0;0;53070697;48198028;20325641;52540;51726792;22011258;14154;0;10
FR;0;2021-12-27;30512;83935;453617;1364;33056;509253;665;0;0;53101209;48281963;20779258;53904;51759848;22520511;14819;0;10
FR;0;2021-12-28;38370;98830;564223;1769;35123;632314;1558;0;2;53139579;48380793;21343481;55673;51794971;23152825;16377;0;12
FR;0;2021-12-29;39882;88196;501267;1687;33126;561045;1738;0;1;53179461;48468989;21844748;57360;51828097;23713870;18115;0;13
FR;0;2021-12-30;35925;75068;421067;1521;29522;471161;1881;0;0;53215386;48544057;22265815;58881;51857619;24185031;19996;0;13
FR;0;2021-12-31;12050;25076;116891;405;11275;131669;740;0;0;53227436;48569133;22382706;59286;51868894;24316700;20736;0;13
FR;0;2022-01-01;1584;3220;8532;37;1801;9949;103;0;0;53229020;48572353;22391238;59323;51870695;24326649;20839;0;13
FR;0;2022-01-02;6122;13015;58434;126;5109;66969;409;0;0;53235142;48585368;22449672;59449;51875804;24393618;21248;0;13
FR;0;2022-01-03;38818;90172;494886;1597;36900;551773;2646;0;1;53273960;48675540;22944558;61046;51912704;24945391;23894;0;14
FR;0;2022-01-04;42179;111040;641456;2308;40691;714476;3835;0;3;53316139;48786580;23586014;63354;51953395;25659867;27729;0;17
FR;0;2022-01-05;61211;103603;569256;1984;43811;634297;3427;0;2;53377350;48890183;24155270;65338;51997206;26294164;31156;0;19
FR;0;2022-01-06;44309;110317;639036;2701;40247;711540;4558;0;2;53421659;49000500;24794306;68039;52037453;27005704;35714;0;21
FR;0;2022-01-07;50842;123340;711050;2811;46873;790552;4996;0;2;53472501;49123840;25505356;70850;52084326;27796256;40710;0;23
FR;0;2022-01-08;45013;80275;423834;1213;35054;472902;2444;0;3;53517514;49204115;25929190;72063;52119380;28269158;43154;0;26
FR;0;2022-01-09;15615;26615;128576;300;11505;145654;829;0;0;53533129;49230730;26057766;72363;52130885;28414812;43983;0;26
FR;0;2022-01-10;35408;93290;469378;1816;43049;522769;3721;0;1;53568537;49324020;26527144;74179;52173934;28937581;47704;0;27
FR;0;2022-01-11;41946;100471;548312;2309;42436;608563;5217;0;2;53610483;49424491;27075456;76488;52216370;29546144;52921;0;29
FR;0;2022-01-12;60417;95705;452735;1969;49508;504392;4498;0;8;53670900;49520196;27528191;78457;52265878;30050536;57419;0;37
FR;0;2022-01-13;38271;92546;487391;2084;40587;541071;5466;0;8;53709171;49612742;28015582;80541;52306465;30591607;62885;0;45
FR;0;2022-01-14;42584;103335;568655;2286;43541;629041;6467;0;2;53751755;49716077;28584237;82827;52350006;31220648;69352;0;47
FR;0;2022-01-15;39432;65901;340155;984;31460;377572;3294;0;1;53791187;49781978;28924392;83811;52381466;31598220;72646;0;48
FR;0;2022-01-16;11415;19211;87440;216;9022;99407;763;0;0;53802602;49801189;29011832;84027;52390488;31697627;73409;0;48
FR;0;2022-01-17;24744;60017;320311;1384;28065;354161;3961;0;4;53827346;49861206;29332143;85411;52418553;32051788;77370;0;52
FR;0;2022-01-18;28327;68696;361125;1801;32028;397572;5772;0;1;53855673;49929902;29693268;87212;52450581;32449360;83142;0;53
FR;0;2022-01-19;43221;67040;281330;1451;40405;311080;4391;0;5;53898894;49996942;29974598;88663;52490986;32760440;87533;0;58
FR;0;2022-01-20;23669;59603;299054;1750;29559;328529;5636;0;4;53922563;50056545;30273652;90413;52520545;33088969;93169;0;62
FR;0;2022-01-21;28209;68802;366402;2086;33099;401216;6580;0;3;53950772;50125347;30640054;92499;52553644;33490185;99749;0;65
FR;0;2022-01-22;27630;47981;218799;840;27313;241782;2837;0;2;53978402;50173328;30858853;93339;52580957;33731967;102586;0;67
FR;0;2022-01-23;6738;12972;48686;173;7505;55165;591;0;1;53985140;50186300;30907539;93512;52588462;33787132;103177;0;68
FR;0;2022-01-24;16280;47461;217345;1148;25414;239355;4101;0;3;54001420;50233761;31124884;94660;52613876;34026487;107278;0;71
FR;0;2022-01-25;19031;54331;243085;1548;28814;267092;6067;0;5;54020451;50288092;31367969;96208;52642690;34293579;113345;0;76
FR;0;2022-01-26;28146;60553;209303;1298;41370;229526;4479;0;3;54048597;50348645;31577272;97506;52684060;34523105;117824;0;79
FR;0;2022-01-27;16336;46464;207667;1285;26146;226037;5692;0;4;54064933;50395109;31784939;98791;52710206;34749142;123516;0;83
FR;0;2022-01-28;21591;78674;290075;1574;44982;321347;7411;0;4;54086524;50473783;32075014;100365;52755188;35070489;130927;0;87
FR;0;2022-01-29;18421;52854;184136;689;32751;204574;3256;0;2;54104945;50526637;32259150;101054;52787939;35275063;134183;0;89
FR;0;2022-01-30;4477;14475;39147;124;9139;45058;637;0;1;54109422;50541112;32298297;101178;52797078;35320121;134820;0;90
FR;0;2022-01-31;11259;43931;148216;742;26145;164740;4230;0;5;54120681;50585043;32446513;101920;52823223;35484861;139050;0;95
FR;0;2022-02-01;13639;48309;174140;1144;27340;191347;7044;0;1;54134320;50633352;32620653;103064;52850563;35676208;146094;0;96
FR;0;2022-02-02;20645;66309;171552;1034;46163;190089;5970;0;10;54154965;50699661;32792205;104098;52896726;35866297;152064;0;106
FR;0;2022-02-03;11620;44794;157578;990;25342;173295;6938;0;6;54166585;50744455;32949783;105088;52922068;36039592;159002;0;112
FR;0;2022-02-04;14639;67344;239260;1266;36968;264089;9160;0;6;54181224;50811799;33189043;106354;52959036;36303681;168162;0;118
FR;0;2022-02-05;12901;51449;153562;523;31984;172303;3787;0;3;54194125;50863248;33342605;106877;52991020;36475984;171949;0;121
FR;0;2022-02-06;2725;12170;28896;102;7285;33833;662;0;0;54196850;50875418;33371501;106979;52998305;36509817;172611;0;121
FR;0;2022-02-07;9599;46638;156901;593;24518;176314;5293;0;6;54206449;50922056;33528402;107572;53022823;36686131;177904;0;127
FR;0;2022-02-08;9811;43098;166653;869;20962;184447;7054;0;6;54216260;50965154;33695055;108441;53043785;36870578;184958;0;133
FR;0;2022-02-09;14372;58253;172354;875;35348;193064;5787;0;9;54230632;51023407;33867409;109316;53079133;37063642;190745;0;142
FR;0;2022-02-10;8721;39216;150242;880;18691;166721;6502;0;2;54239353;51062623;34017651;110196;53097824;37230363;197247;0;144
FR;0;2022-02-11;10860;55690;218518;1101;25830;243112;8322;0;3;54250213;51118313;34236169;111297;53123654;37473475;205569;0;147
FR;0;2022-02-12;8409;40966;134737;465;22633;151766;3508;0;4;54258622;51159279;34370906;111762;53146287;37625241;209077;0;151
FR;0;2022-02-13;1940;8603;26565;86;4409;30927;544;0;3;54260562;51167882;34397471;111848;53150696;37656168;209621;0;154
FR;0;2022-02-14;6991;35256;148386;485;14668;166382;4787;0;5;54267553;51203138;34545857;112333;53165364;37822550;214408;0;159
FR;0;2022-02-15;7066;36233;147001;751;16000;162587;6849;0;3;54274619;51239371;34692858;113084;53181364;37985137;221257;0;162
FR;0;2022-02-16;9414;42986;132543;721;25976;146761;5726;0;6;54284033;51282357;34825401;113805;53207340;38131898;226983;0;168
FR;0;2022-02-17;5578;24341;87311;587;13144;94884;5407;0;5;54289611;51306698;34912712;114392;53220484;38226782;232390;0;173
FR;0;2022-02-18;6999;33582;119669;807;18755;129333;7416;0;2;54296610;51340280;35032381;115199;53239239;38356115;239806;0;175
FR;0;2022-02-19;5370;24558;70027;370;15909;77337;3019;0;2;54301980;51364838;35102408;115569;53255148;38433452;242825;0;177
FR;0;2022-02-20;1148;4657;12175;39;2914;13954;460;0;1;54303128;51369495;35114583;115608;53258062;38447406;243285;0;178
FR;0;2022-02-21;4099;17890;61959;351;10171;67186;4059;0;2;54307227;51387385;35176542;115959;53268233;38514592;247344;0;180
FR;0;2022-02-22;4462;18661;60839;577;11262;64480;5255;0;1;54311689;51406046;35237381;116536;53279495;38579072;252599;0;181
FR;0;2022-02-23;6591;27362;66507;592;19629;71904;4596;0;3;54318280;51433408;35303888;117128;53299124;38650976;257195;0;184
FR;0;2022-02-24;3851;15556;50431;519;9515;53256;4530;0;2;54322131;51448964;35354319;117647;53308639;38704232;261725;0;186
FR;0;2022-02-25;5283;24169;76364;804;15145;80098;7334;0;7;54327414;51473133;35430683;118451;53323784;38784330;269059;0;193
FR;0;2022-02-26;3994;17769;47420;359;12171;51487;3083;0;3;54331408;51490902;35478103;118810;53335955;38835817;272142;0;196
FR;0;2022-02-27;880;3009;8038;47;1978;8949;529;0;0;54332288;51493911;35486141;118857;53337933;38844766;272671;0;196
FR;0;2022-02-28;3123;12553;40493;359;7588;42926;3858;0;0;54335411;51506464;35526634;119216;53345521;38887692;276529;0;196
FR;0;2022-03-01;4004;12609;44202;437;7635;44873;5519;0;6;54339415;51519073;35570836;119653;53353156;38932565;282048;0;202
FR;0;2022-03-02;5333;17800;47150;446;12860;49082;4929;0;2;54344748;51536873;35617986;120099;53366016;38981647;286977;0;204
FR;0;2022-03-03;2828;9356;29899;370;6255;30022;4049;0;2;54347576;51546229;35647885;120469;53372271;39011669;291026;0;206
FR;0;2022-03-04;3226;12490;40328;669;8487;39481;6232;0;4;54350802;51558719;35688213;121138;53380758;39051150;297258;0;210
FR;0;2022-03-05;3074;9285;24961;314;7127;25126;3134;0;1;54353876;51568004;35713174;121452;53387885;39076276;300392;0;211
FR;0;2022-03-06;521;1401;3198;43;1024;3441;379;0;0;54354397;51569405;35716372;121495;53388909;39079717;300771;0;211
FR;0;2022-03-07;2388;5633;18434;315;3850;17705;3307;0;4;54356785;51575038;35734806;121810;53392759;39097422;304078;0;215
FR;0;2022-03-08;2151;6079;19449;363;4333;17921;4094;0;3;54358936;51581117;35754255;122173;53397092;39115343;308172;0;218
FR;0;2022-03-09;3582;10500;22190;407;8729;21286;4039;0;4;54362518;51591617;35776445;122580;53405821;39136629;312211;0;222
FR;0;2022-03-10;1830;5836;17005;344;4383;15831;3407;0;3;54364348;51597453;35793450;122924;53410204;39152460;315618;0;225
FR;0;2022-03-11;2421;7559;24511;545;5438;22277;5481;0;2;54366769;51605012;35817961;123469;53415642;39174737;321099;0;227
FR;0;2022-03-12;2697;6778;17167;309;5496;16522;3136;0;2;54369466;51611790;35835128;123778;53421138;39191259;324235;0;229
FR;0;2022-03-13;406;791;2324;149;599;2273;537;0;0;54369872;51612581;35837452;123927;53421737;39193532;324772;0;229
FR;0;2022-03-14;1556;4274;14988;4412;2809;13842;7295;0;8;54371428;51616855;35852440;128339;53424546;39207374;332067;0;237
FR;0;2022-03-15;1750;6293;16384;7556;4809;14613;11035;0;9;54373178;51623148;35868824;135895;53429355;39221987;343102;0;246
FR;0;2022-03-16;3036;7408;19427;13140;6210;18106;16296;0;8;54376214;51630556;35888251;149035;53435565;39240093;359398;0;254
FR;0;2022-03-17;1458;3985;13155;10846;2806;11994;13314;0;9;54377672;51634541;35901406;159881;53438371;39252087;372712;0;263
FR;0;2022-03-18;2269;5756;20014;18306;4097;18110;22038;0;15;54379941;51640297;35921420;178187;53442468;39270197;394750;0;278
FR;0;2022-03-19;2294;4804;13115;9406;4140;12418;11409;0;6;54382235;51645101;35934535;187593;53446608;39282615;406159;0;284
FR;0;2022-03-20;300;735;1919;1073;526;1931;1340;0;2;54382535;51645836;35936454;188666;53447134;39284546;407499;0;286
FR;0;2022-03-21;1394;3221;12733;14950;2157;11957;16910;0;11;54383929;51649057;35949187;203616;53449291;39296503;424409;0;297
FR;0;2022-03-22;1557;3739;13801;20553;2578;12557;22844;0;5;54385486;51652796;35962988;224169;53451869;39309060;447253;0;302
FR;0;2022-03-23;2686;6291;17731;23151;5223;17243;25267;0;40;54388172;51659087;35980719;247320;53457092;39326303;472520;0;342
FR;0;2022-03-24;1407;3160;11596;17617;2248;10682;19391;0;23;54389579;51662247;35992315;264937;53459340;39336985;491911;0;365
FR;0;2022-03-25;2084;5157;18575;27775;3687;16913;30809;0;31;54391663;51667404;36010890;292712;53463027;39353898;522720;0;396
FR;0;2022-03-26;2232;4414;12080;12678;3863;11520;14400;0;26;54393895;51671818;36022970;305390;53466890;39365418;537120;0;422
FR;0;2022-03-27;363;693;1909;1483;516;1943;1740;0;1;54394258;51672511;36024879;306873;53467406;39367361;538860;0;423
FR;0;2022-03-28;1464;3079;11129;17490;2116;10620;19067;0;16;54395722;51675590;36036008;324363;53469522;39377981;557927;0;439
FR;0;2022-03-29;1454;3277;12911;27584;2094;12053;29283;0;34;54397176;51678867;36048919;351947;53471616;39390034;587210;0;473
FR;0;2022-03-30;2853;5521;15686;27428;4704;15086;29334;0;21;54400029;51684388;36064605;379375;53476320;39405120;616544;0;494
FR;0;2022-03-31;1611;3568;12989;25023;2550;12330;26632;0;43;54401640;51687956;36077594;404398;53478870;39417450;643176;0;537
FR;0;2022-04-01;2681;4585;20079;30895;2969;18721;33488;0;61;54404321;51692541;36097673;435293;53481839;39436171;676664;0;598
FR;0;2022-04-02;1531;2645;9052;10133;2009;8722;11295;0;29;54405852;51695186;36106725;445426;53483848;39444893;687959;0;627
FR;0;2022-04-03;294;515;1562;1171;360;1579;1382;0;2;54406146;51695701;36108287;446597;53484208;39446472;689341;0;629
FR;0;2022-04-04;3416;2936;12379;19130;1955;11589;20601;0;35;54409562;51698637;36120666;465727;53486163;39458061;709942;0;664
FR;0;2022-04-05;2540;3163;14343;34142;2042;13196;35759;0;85;54412102;51701800;36135009;499869;53488205;39471257;745701;0;749
FR;0;2022-04-06;2575;3954;13540;26506;3018;12814;27976;0;72;54414677;51705754;36148549;526375;53491223;39484071;773677;0;821
FR;0;2022-04-07;1949;3139;13682;33784;1990;12893;35141;0;76;54416626;51708893;36162231;560159;53493213;39496964;808818;0;897
FR;0;2022-04-08;2270;4311;19228;44007;2643;17851;46360;0;89;54418896;51713204;36181459;604166;53495856;39514815;855178;0;986
FR;0;2022-04-09;1368;2679;9313;13567;1900;8867;14800;0;30;54420264;51715883;36190772;617733;53497756;39523682;869978;0;1016
FR;0;2022-04-10;294;754;1984;2017;551;2006;2279;0;7;54420558;51716637;36192756;619750;53498307;39525688;872257;0;1023
FR;0;2022-04-11;1337;2619;11873;23913;1636;11483;25184;0;74;54421895;51719256;36204629;643663;53499943;39537171;897441;0;1097
FR;0;2022-04-12;1722;3074;14020;40917;1957;13393;41806;0;127;54423617;51722330;36218649;684580;53501900;39550564;939247;0;1224
FR;0;2022-04-13;1979;3720;13415;33112;2717;13037;34081;0;96;54425596;51726050;36232064;717692;53504617;39563601;973328;0;1320
FR;0;2022-04-14;1501;2978;13215;36324;1906;13073;36993;0;106;54427097;51729028;36245279;754016;53506523;39576674;1010321;0;1426
FR;0;2022-04-15;1871;3791;15642;35580;2536;14920;37232;0;115;54428968;51732819;36260921;789596;53509059;39591594;1047553;0;1541
FR;0;2022-04-16;1043;1832;6400;8553;1262;6262;9435;0;40;54430011;51734651;36267321;798149;53510321;39597856;1056988;0;1581
FR;0;2022-04-17;194;338;993;1174;222;1036;1242;0;7;54430205;51734989;36268314;799323;53510543;39598892;1058230;0;1588
FR;0;2022-04-18;198;542;2768;1072;342;2786;1287;0;5;54430403;51735531;36271082;800395;53510885;39601678;1059517;0;1593
FR;0;2022-04-19;1544;3029;12918;29686;1875;12477;30734;0;78;54431947;51738560;36284000;830081;53512760;39614155;1090251;0;1671
FR;0;2022-04-20;2003;3491;13304;29066;2604;12991;30083;0;96;54433950;51742051;36297304;859147;53515364;39627146;1120334;0;1767
FR;0;2022-04-21;1514;2852;12550;35186;1823;12628;35774;0;117;54435464;51744903;36309854;894333;53517187;39639774;1156108;0;1884
FR;0;2022-04-22;1879;3618;16478;37620;2395;15837;39158;0;131;54437343;51748521;36326332;931953;53519582;39655611;1195266;0;2015
FR;0;2022-04-23;1149;2062;7389;10659;1471;7240;11444;0;38;54438492;51750583;36333721;942612;53521053;39662851;1206710;0;2053
FR;0;2022-04-24;250;466;1476;1590;325;1413;1847;0;7;54438742;51751049;36335197;944202;53521378;39664264;1208557;0;2060
FR;0;2022-04-25;1307;2531;10684;21071;1610;10490;22092;0;79;54440049;51753580;36345881;965273;53522988;39674754;1230649;0;2139
FR;0;2022-04-26;1627;3004;13667;38617;1963;13111;39413;0;181;54441676;51756584;36359548;1003890;53524951;39687865;1270062;0;2320
FR;0;2022-04-27;1964;3063;11538;31038;2276;11595;31457;0;130;54443640;51759647;36371086;1034928;53527227;39699460;1301519;0;2450
FR;0;2022-04-28;1570;2770;12527;36235;1852;12269;36551;0;139;54445210;51762417;36383613;1071163;53529079;39711729;1338070;0;2589
FR;0;2022-04-29;2007;4814;15556;37280;3620;14931;38750;0;164;54447217;51767231;36399169;1108443;53532699;39726660;1376820;0;2753
FR;0;2022-04-30;1220;3594;6927;9717;3090;6755;10608;0;44;54448437;51770825;36406096;1118160;53535789;39733415;1387428;0;2797
FR;0;2022-05-01;218;325;916;998;229;911;1139;0;6;54448655;51771150;36407012;1119158;53536018;39734326;1388567;0;2803
FR;0;2022-05-02;2237;2949;11153;18175;2046;10985;19020;0;69;54450892;51774099;36418165;1137333;53538064;39745311;1407587;0;2872
FR;0;2022-05-03;2053;3263;13724;34682;2125;13565;35603;0;163;54452945;51777362;36431889;1172015;53540189;39758876;1443190;0;3035
FR;0;2022-05-04;1917;3297;12182;25639;2297;12300;26189;0;110;54454862;51780659;36444071;1197654;53542486;39771176;1469379;0;3145
FR;0;2022-05-05;1781;3024;13068;33594;2001;12914;34262;0;180;54456643;51783683;36457139;1231248;53544487;39784090;1503641;0;3325
FR;0;2022-05-06;2216;3658;15350;36804;2317;14859;38267;0;182;54458859;51787341;36472489;1268052;53546804;39798949;1541908;0;3507
FR;0;2022-05-07;1209;1781;6464;9614;1255;6455;10339;0;48;54460068;51789122;36478953;1277666;53548059;39805404;1552247;0;3555
FR;0;2022-05-08;267;400;1173;1548;289;1234;1654;0;8;54460335;51789522;36480126;1279214;53548348;39806638;1553901;0;3563
FR;0;2022-05-09;1389;2303;9926;20259;1410;9796;21176;0;102;54461724;51791825;36490052;1299473;53549758;39816434;1575077;0;3665
FR;0;2022-05-10;1791;3421;13576;38999;2284;13132;40026;0;200;54463515;51795246;36503628;1338472;53552042;39829566;1615103;0;3865
FR;0;2022-05-11;2002;3016;10751;27935;2319;10697;28443;0;146;54465517;51798262;36514379;1366407;53554361;39840263;1643546;0;4011
FR;0;2022-05-12;1594;2733;11381;35735;1803;11051;36497;0;211;54467111;51800995;36525760;1402142;53556164;39851314;1680043;0;4222
FR;0;2022-05-13;1981;3221;13758;37978;2062;13347;39243;0;162;54469092;51804216;36539518;1440120;53558226;39864661;1719286;0;4384
FR;0;2022-05-14;1149;1639;5938;10777;1196;5801;11365;0;57;54470241;51805855;36545456;1450897;53559422;39870462;1730651;0;4441
FR;0;2022-05-15;283;477;1278;1440;300;1361;1593;0;6;54470524;51806332;36546734;1452337;53559722;39871823;1732244;0;4447
FR;0;2022-05-16;1195;2044;8692;21069;1245;8698;21597;0;128;54471719;51808376;36555426;1473406;53560967;39880521;1753841;0;4575
FR;0;2022-05-17;1589;2602;11824;37878;1667;11401;38719;0;180;54473308;51810978;36567250;1511284;53562634;39891922;1792560;0;4755
FR;0;2022-05-18;1816;2652;9691;27163;1955;9665;27780;0;109;54475124;51813630;36576941;1538447;53564589;39901587;1820340;0;4864
FR;0;2022-05-19;1446;2658;10576;35838;1631;10716;36028;0;162;54476570;51816288;36587517;1574285;53566220;39912303;1856368;0;5026
FR;0;2022-05-20;1873;3116;13422;39370;2076;12911;40388;0;168;54478443;51819404;36600939;1613655;53568296;39925214;1896756;0;5194
FR;0;2022-05-21;1158;1708;5662;9897;1302;5534;10533;0;45;54479601;51821112;36606601;1623552;53569598;39930748;1907289;0;5239
FR;0;2022-05-22;240;341;1028;1439;263;1015;1582;0;10;54479841;51821453;36607629;1624991;53569861;39931763;1908871;0;5249
FR;0;2022-05-23;1176;2122;8878;20346;1405;8827;21001;0;86;54481017;51823575;36616507;1645337;53571266;39940590;1929872;0;5335
FR;0;2022-05-24;1541;2760;11365;38878;1738;11236;39508;0;190;54482558;51826335;36627872;1684215;53573004;39951826;1969380;0;5525
FR;0;2022-05-25;1814;2834;9342;24845;2072;9480;25321;0;116;54484372;51829169;36637214;1709060;53575076;39961306;1994701;0;5641
FR;0;2022-05-26;214;425;1666;1201;289;1675;1345;0;26;54484586;51829594;36638880;1710261;53575365;39962981;1996046;0;5667
FR;0;2022-05-27;1387;2471;9264;21291;1664;9004;22325;0;94;54485973;51832065;36648144;1731552;53577029;39971985;2018371;0;5761
FR;0;2022-05-28;669;1268;3916;6792;848;3966;7202;0;38;54486642;51833333;36652060;1738344;53577877;39975951;2025573;0;5799
FR;0;2022-05-29;157;315;752;921;200;773;1033;0;4;54486799;51833648;36652812;1739265;53578077;39976724;2026606;0;5803
FR;0;2022-05-30;1025;1963;6993;19295;1244;7010;19807;0;91;54487824;51835611;36659805;1758560;53579321;39983734;2046413;0;5894
FR;0;2022-05-31;1489;2518;9822;35657;1649;9643;36290;0;171;54489313;51838129;36669627;1794217;53580970;39993377;2082703;0;6065
FR;0;2022-06-01;1744;3097;11024;24537;2244;10890;25490;0;121;54491057;51841226;36680651;1818754;53583214;40004267;2108193;0;6186
FR;0;2022-06-02;1478;2612;11305;35570;1713;10862;36515;0;174;54492535;51843838;36691956;1854324;53584927;40015129;2144708;0;6360
FR;0;2022-06-03;1727;3074;13410;38726;2044;12774;39997;0;176;54494262;51846912;36705366;1893050;53586971;40027903;2184705;0;6536
FR;0;2022-06-04;971;1516;5045;9112;1076;5116;9648;0;73;54495233;51848428;36710411;1902162;53588047;40033019;2194353;0;6609
FR;0;2022-06-05;180;335;875;1106;205;886;1228;0;4;54495413;51848763;36711286;1903268;53588252;40033905;2195581;0;6613
FR;0;2022-06-06;701;1227;2121;1328;1053;2136;1508;0;13;54496114;51849990;36713407;1904596;53589305;40036041;2197089;0;6626
FR;0;2022-06-07;1465;2709;9850;35586;1787;9429;36812;0;153;54497579;51852699;36723257;1940182;53591092;40045470;2233901;0;6779
FR;0;2022-06-08;1574;2695;9168;28751;1940;9011;29716;0;112;54499153;51855394;36732425;1968933;53593032;40054481;2263617;0;6891
FR;0;2022-06-09;1295;2438;10622;39498;1553;10266;40273;0;167;54500448;51857832;36743047;2008431;53594585;40064747;2303890;0;7058
FR;0;2022-06-10;1630;3168;13087;44823;2136;12649;46148;0;224;54502078;51861000;36756134;2053254;53596721;40077396;2350038;0;7282
FR;0;2022-06-11;961;1739;5435;11626;1125;5468;12211;0;55;54503039;51862739;36761569;2064880;53597846;40082864;2362249;0;7337
FR;0;2022-06-12;198;445;1076;1765;255;1139;1866;0;11;54503237;51863184;36762645;2066645;53598101;40084003;2364115;0;7348
FR;0;2022-06-13;1104;2064;7440;23182;1336;7270;24098;0;90;54504341;51865248;36770085;2089827;53599437;40091273;2388213;0;7438
FR;0;2022-06-14;1332;2545;10448;44943;1594;9804;46139;0;200;54505673;51867793;36780533;2134770;53601031;40101077;2434352;0;7638
FR;0;2022-06-15;1518;2453;9321;30891;1922;8952;31588;0;178;54507191;51870246;36789854;2165661;53602953;40110029;2465940;0;7816
FR;0;2022-06-16;1184;2037;9912;39928;1273;9322;40949;0;201;54508375;51872283;36799766;2205589;53604226;40119351;2506889;0;8017
FR;0;2022-06-17;1490;2851;12502;46691;1777;11904;47932;0;240;54509865;51875134;36812268;2252280;53606003;40131255;2554821;0;8257
FR;0;2022-06-18;855;1526;4565;11124;1037;4500;11718;0;67;54510720;51876660;36816833;2263404;53607040;40135755;2566539;0;8324
FR;0;2022-06-19;183;363;1059;1615;208;1131;1701;0;14;54510903;51877023;36817892;2265019;53607248;40136886;2568240;0;8338
FR;0;2022-06-20;1025;1921;8907;26078;1195;8568;27020;0;153;54511928;51878944;36826799;2291097;53608443;40145454;2595260;0;8491
FR;0;2022-06-21;1325;2400;10310;49894;1533;9338;51280;0;264;54513253;51881344;36837109;2340991;53609976;40154792;2646540;0;8755
FR;0;2022-06-22;1396;2512;8912;39057;1802;8420;40001;0;256;54514649;51883856;36846021;2380048;53611778;40163212;2686541;0;9011
FR;0;2022-06-23;1230;2364;10680;55103;1361;9886;56235;0;320;54515879;51886220;36856701;2435151;53613139;40173098;2742776;0;9331
FR;0;2022-06-24;1488;2993;13643;69181;1749;12305;70999;0;405;54517367;51889213;36870344;2504332;53614888;40185403;2813775;0;9736
FR;0;2022-06-25;937;1780;6234;19921;1112;5986;20775;0;177;54518304;51890993;36876578;2524253;53616000;40191389;2834550;0;9913
FR;0;2022-06-26;229;458;1952;3688;258;1817;3966;0;39;54518533;51891451;36878530;2527941;53616258;40193206;2838516;0;9952
FR;0;2022-06-27;1130;2022;10491;48485;1175;9633;49753;0;339;54519663;51893473;36889021;2576426;53617433;40202839;2888269;0;10291
FR;0;2022-06-28;1462;2812;14667;91383;1581;13087;93152;0;623;54521125;51896285;36903688;2667809;53619014;40215926;2981421;0;10914
FR;0;2022-06-29;1712;2826;12291;71891;1839;11239;73033;0;548;54522837;51899111;36915979;2739700;53620853;40227165;3054454;0;11462
FR;0;2022-06-30;1534;2724;14391;95166;1644;12472;97180;0;724;54524371;51901835;36930370;2834866;53622497;40239637;3151634;0;12186
FR;0;2022-07-01;2006;3800;21499;115928;2304;18853;118574;0;954;54526377;51905635;36951869;2950794;53624801;40258490;3270208;0;13140
FR;0;2022-07-02;1086;1856;8525;35751;1103;7702;36872;0;342;54527463;51907491;36960394;2986545;53625904;40266192;3307080;0;13482
FR;0;2022-07-03;292;539;2093;6455;317;1896;6804;0;79;54527755;51908030;36962487;2993000;53626221;40268088;3313884;0;13561
FR;0;2022-07-04;1744;3400;14708;79223;2259;12992;81293;0;639;54529499;51911430;36977195;3072223;53628480;40281080;3395177;0;14200
FR;0;2022-07-05;1737;3161;18834;133252;1791;16015;135544;0;1145;54531236;51914591;36996029;3205475;53630271;40297095;3530721;0;15345
FR;0;2022-07-06;1824;2780;15848;99581;1843;13638;101148;0;900;54533060;51917371;37011877;3305056;53632114;40310733;3631869;0;16245
FR;0;2022-07-07;1707;2871;17998;126036;1712;14778;128361;0;1178;54534767;51920242;37029875;3431092;53633826;40325511;3760230;0;17423
FR;0;2022-07-08;1890;3152;20752;137081;1852;16764;140076;0;1347;54536657;51923394;37050627;3568173;53635678;40342275;3900306;0;18770
FR;0;2022-07-09;867;1460;7742;37924;881;6686;38769;0;426;54537524;51924854;37058369;3606097;53636559;40348961;3939075;0;19196
FR;0;2022-07-10;266;641;2346;7004;395;2125;7395;0;94;54537790;51925495;37060715;3613101;53636954;40351086;3946470;0;19290
FR;0;2022-07-11;1439;2469;15017;88277;1392;12510;90465;0;801;54539229;51927964;37075732;3701378;53638346;40363596;4036935;0;20091
FR;0;2022-07-12;1821;3113;20535;143967;1709;16731;146670;0;1604;54541050;51931077;37096267;3845345;53640055;40380327;4183605;0;21695
FR;0;2022-07-13;1760;2748;15694;94538;1659;13273;96398;0;1080;54542810;51933825;37111961;3939883;53641714;40393600;4280003;0;22775
FR;0;2022-07-14;185;370;1954;5538;220;1833;5705;0;82;54542995;51934195;37113915;3945421;53641934;40395433;4285708;0;22857
FR;0;2022-07-15;1484;2562;15114;84456;1423;12597;86615;0;1035;54544479;51936757;37129029;4029877;53643357;40408030;4372323;0;23892
FR;0;2022-07-16;621;1189;5948;24977;694;5155;25668;0;327;54545100;51937946;37134977;4054854;53644051;40413185;4397991;0;24219
FR;0;2022-07-17;182;393;1737;4665;217;1568;4937;0;66;54545282;51938339;37136714;4059519;53644268;40414753;4402928;0;24285
FR;0;2022-07-18;1130;2249;11825;61801;1337;9975;63664;0;780;54546412;51940588;37148539;4121320;53645605;40424728;4466592;0;25065
FR;0;2022-07-19;1414;2349;15470;103700;1388;12292;105887;0;1459;54547826;51942937;37164009;4225020;53646993;40437020;4572479;0;26524
FR;0;2022-07-20;1424;2297;12965;77578;1467;10737;79167;0;1051;54549250;51945234;37176974;4302598;53648460;40447757;4651646;0;27575
FR;0;2022-07-21;1284;2168;13092;88236;1368;10494;89721;0;1316;54550534;51947402;37190066;4390834;53649828;40458251;4741367;0;28891
FR;0;2022-07-22;1421;2470;14817;89527;1454;11965;91403;0;1346;54551955;51949872;37204883;4480361;53651282;40470216;4832770;0;30237
FR;0;2022-07-23;683;1308;5533;22479;820;4857;23075;0;412;54552638;51951180;37210416;4502840;53652102;40475073;4855845;0;30649
FR;0;2022-07-24;184;352;1398;3904;202;1241;4130;0;72;54552822;51951532;37211814;4506744;53652304;40476314;4859975;0;30721
FR;0;2022-07-25;1059;1791;9491;48068;1144;7841;49508;0;737;54553881;51953323;37221305;4554812;53653448;40484155;4909483;0;31458
FR;0;2022-07-26;1294;2209;13304;85432;1316;10828;87128;0;1311;54555175;51955532;37234609;4640244;53654764;40494983;4996611;0;32769
FR;0;2022-07-27;1221;2005;10235;61316;1335;8531;62520;0;971;54556396;51957537;37244844;4701560;53656099;40503514;5059131;0;33740
FR;0;2022-07-28;1089;1861;10309;64395;1253;8218;65627;0;1046;54557485;51959398;37255153;4765955;53657352;40511732;5124758;0;34786
FR;0;2022-07-29;1281;2070;11006;65893;1378;8761;67323;0;1140;54558766;51961468;37266159;4831848;53658730;40520493;5192081;0;35926
FR;0;2022-07-30;499;859;3523;15282;595;2973;15665;0;303;54559265;51962327;37269682;4847130;53659325;40523466;5207746;0;36229
FR;0;2022-07-31;153;288;929;2439;184;788;2588;0;49;54559418;51962615;37270611;4849569;53659509;40524254;5210334;0;36278
FR;0;2022-08-01;877;1596;7596;30234;1191;6395;31307;0;549;54560295;51964211;37278207;4879803;53660700;40530649;5241641;0;36827
FR;0;2022-08-02;1028;1644;8575;56113;1149;6887;56802;0;1169;54561323;51965855;37286782;4935916;53661849;40537536;5298443;0;37996
FR;0;2022-08-03;841;1263;6423;38679;899;5145;39416;0;701;54562164;51967118;37293205;4974595;53662748;40542681;5337859;0;38697
FR;0;2022-08-04;737;1182;6567;43154;779;5298;43719;0;917;54562901;51968300;37299772;5017749;53663527;40547979;5381578;0;39614
FR;0;2022-08-05;855;1361;7095;44959;967;5675;45621;0;993;54563756;51969661;37306867;5062708;53664494;40553654;5427199;0;40607
FR;0;2022-08-06;338;555;2099;9366;396;1757;9566;0;228;54564094;51970216;37308966;5072074;53664890;40555411;5436765;0;40835
FR;0;2022-08-07;104;157;536;1621;114;453;1701;0;38;54564198;51970373;37309502;5073695;53665004;40555864;5438466;0;40873
FR;0;2022-08-08;575;1069;4022;22097;823;3285;22541;0;490;54564773;51971442;37313524;5095792;53665827;40559149;5461007;0;41363
FR;0;2022-08-09;692;1152;5972;39954;837;4803;40445;0;844;54565465;51972594;37319496;5135746;53666664;40563952;5501452;0;42207
FR;0;2022-08-10;643;1173;4656;28055;888;3796;28390;0;652;54566108;51973767;37324152;5163801;53667552;40567748;5529842;0;42859
FR;0;2022-08-11;620;1027;4486;29247;738;3706;29583;0;676;54566728;51974794;37328638;5193048;53668290;40571454;5559425;0;43535
FR;0;2022-08-12;727;1152;4742;28212;835;3914;28648;0;704;54567455;51975946;37333380;5221260;53669125;40575368;5588073;0;44239
FR;0;2022-08-13;227;423;1295;5257;321;1119;5416;0;121;54567682;51976369;37334675;5226517;53669446;40576487;5593489;0;44360
FR;0;2022-08-14;72;121;288;923;103;246;995;0;25;54567754;51976490;37334963;5227440;53669549;40576733;5594484;0;44385
FR;0;2022-08-15;88;192;607;564;158;555;618;0;19;54567842;51976682;37335570;5228004;53669707;40577288;5595102;0;44404
FR;0;2022-08-16;624;1065;3956;22174;826;3351;22366;0;615;54568466;51977747;37339526;5250178;53670533;40580639;5617468;0;45019
FR;0;2022-08-17;639;1025;3887;22896;802;3292;23140;0;620;54569105;51978772;37343413;5273074;53671335;40583931;5640608;0;45639
FR;0;2022-08-18;617;984;4109;26293;784;3250;26522;0;673;54569722;51979756;37347522;5299367;53672119;40587181;5667130;0;46312
FR;0;2022-08-19;603;1158;4493;27254;866;3694;27560;0;766;54570325;51980914;37352015;5326621;53672985;40590875;5694690;0;47078
FR;0;2022-08-20;292;498;1355;5569;395;1170;5728;0;146;54570617;51981412;37353370;5332190;53673380;40592045;5700418;0;47224
FR;0;2022-08-21;97;133;302;1008;94;264;1043;0;27;54570714;51981545;37353672;5333198;53673474;40592309;5701461;0;47251
FR;0;2022-08-22;561;992;3273;15355;768;2797;15685;0;425;54571275;51982537;37356945;5348553;53674242;40595106;5717146;0;47676
FR;0;2022-08-23;718;1176;4297;28997;850;3610;29083;0;870;54571993;51983713;37361242;5377550;53675092;40598716;5746229;0;48546
FR;0;2022-08-24;658;930;3494;19530;775;2856;19720;0;608;54572651;51984643;37364736;5397080;53675867;40601572;5765949;0;49154
FR;0;2022-08-25;624;1012;3941;23402;721;3289;23666;0;673;54573275;51985655;37368677;5420482;53676588;40604861;5789615;0;49827
FR;0;2022-08-26;852;1258;4473;25882;951;3664;26256;0;777;54574127;51986913;37373150;5446364;53677539;40608525;5815871;0;50604
FR;0;2022-08-27;295;499;1378;5461;360;1244;5525;0;194;54574422;51987412;37374528;5451825;53677899;40609769;5821396;0;50798
FR;0;2022-08-28;123;160;303;919;114;288;964;0;38;54574545;51987572;37374831;5452744;53678013;40610057;5822360;0;50836
FR;0;2022-08-29;619;965;3073;14655;764;2610;14961;0;433;54575164;51988537;37377904;5467399;53678777;40612667;5837321;0;51269
FR;0;2022-08-30;849;1210;4794;28543;888;3911;28873;0;823;54576013;51989747;37382698;5495942;53679665;40616578;5866194;0;52092
FR;0;2022-08-31;694;953;3202;17636;738;2713;17900;0;508;54576707;51990700;37385900;5513578;53680403;40619291;5884094;0;52600
FR;0;2022-09-01;731;989;4473;22478;702;3819;22753;0;622;54577438;51991689;37390373;5536056;53681105;40623110;5906847;0;53222
FR;0;2022-09-02;872;1141;5037;28611;827;4248;28904;0;914;54578310;51992830;37395410;5564667;53681932;40627358;5935751;0;54136
FR;0;2022-09-03;417;565;1917;6084;420;1663;6321;0;181;54578727;51993395;37397327;5570751;53682352;40629021;5942072;0;54317
FR;0;2022-09-04;132;150;351;873;86;347;942;0;24;54578859;51993545;37397678;5571624;53682438;40629368;5943014;0;54341
FR;0;2022-09-05;635;741;3159;16054;559;2639;16367;0;523;54579494;51994286;37400837;5587678;53682997;40632007;5959381;0;54864
FR;0;2022-09-06;798;1022;4736;31847;653;3868;32076;0;1040;54580292;51995308;37405573;5619525;53683650;40635875;5991457;0;55904
FR;0;2022-09-07;645;769;2997;16820;549;2477;16969;0;572;54580937;51996077;37408570;5636345;53684199;40638352;6008426;0;56476
FR;0;2022-09-08;620;851;3806;24845;584;3139;24934;0;818;54581557;51996928;37412376;5661190;53684783;40641491;6033360;0;57294
FR;0;2022-09-09;838;1013;4440;27644;655;3678;27822;0;948;54582395;51997941;37416816;5688834;53685438;40645169;6061182;0;58242
FR;0;2022-09-10;387;547;1733;5708;371;1535;5912;0;208;54582782;51998488;37418549;5694542;53685809;40646704;6067094;0;58450
FR;0;2022-09-11;123;131;323;656;93;306;715;0;17;54582905;51998619;37418872;5695198;53685902;40647010;6067809;0;58467
FR;0;2022-09-12;488;632;2684;13290;449;2289;13583;0;478;54583393;51999251;37421556;5708488;53686351;40649299;6081392;0;58945
FR;0;2022-09-13;613;852;3995;26505;538;3484;26386;0;875;54584006;52000103;37425551;5734993;53686889;40652783;6107778;0;59820
FR;0;2022-09-14;653;772;2958;16180;564;2473;16413;0;573;54584659;52000875;37428509;5751173;53687453;40655256;6124191;0;60393
FR;0;2022-09-15;556;789;3470;23578;541;2960;23646;0;726;54585215;52001664;37431979;5774751;53687994;40658216;6147837;0;61119
FR;0;2022-09-16;791;1038;4138;25901;721;3479;26123;0;932;54586006;52002702;37436117;5800652;53688715;40661695;6173960;0;62051
FR;0;2022-09-17;386;503;1450;6145;381;1280;6237;0;242;54586392;52003205;37437567;5806797;53689096;40662975;6180197;0;62293
FR;0;2022-09-18;117;142;323;961;121;291;1016;0;36;54586509;52003347;37437890;5807758;53689217;40663266;6181213;0;62329
FR;0;2022-09-19;448;644;2254;13201;445;1929;13383;0;436;54586957;52003991;37440144;5820959;53689662;40665195;6194596;0;62765
FR;0;2022-09-20;638;868;3780;26461;620;3150;26513;0;892;54587595;52004859;37443924;5847420;53690282;40668345;6221109;0;63657
FR;0;2022-09-21;576;765;2737;16257;569;2352;16249;0;586;54588171;52005624;37446661;5863677;53690851;40670697;6237358;0;64243
FR;0;2022-09-22;586;837;3420;23576;561;2792;23802;0;772;54588757;52006461;37450081;5887253;53691412;40673489;6261160;0;65015
FR;0;2022-09-23;832;1049;4492;28701;767;3761;28877;0;1018;54589589;52007510;37454573;5915954;53692179;40677250;6290037;0;66033
FR;0;2022-09-24;423;609;1641;6894;468;1416;7077;0;306;54590012;52008119;37456214;5922848;53692647;40678666;6297114;0;66339
FR;0;2022-09-25;98;189;335;1100;143;306;1142;0;37;54590110;52008308;37456549;5923948;53692790;40678972;6298256;0;66376
FR;0;2022-09-26;437;705;2298;13527;475;2017;13632;0;435;54590547;52009013;37458847;5937475;53693265;40680989;6311888;0;66811
FR;0;2022-09-27;610;841;3627;25941;613;2909;26096;0;959;54591157;52009854;37462474;5963416;53693878;40683898;6337984;0;67770
FR;0;2022-09-28;628;818;2553;15396;624;2301;15509;0;622;54591785;52010672;37465027;5978812;53694502;40686199;6353493;0;68392
FR;0;2022-09-29;564;762;3118;21031;539;2632;21058;43;810;54592349;52011434;37468145;5999843;53695041;40688831;6374551;43;69202
FR;0;2022-09-30;773;1096;3952;25556;808;3298;25822;713;1051;54593122;52012530;37472097;6025399;53695849;40692129;6400373;756;70253
FR;0;2022-10-01;427;615;2006;5969;462;1736;6208;396;318;54593549;52013145;37474103;6031368;53696311;40693865;6406581;1152;70571
FR;0;2022-10-02;58;135;218;638;96;215;664;66;42;54593607;52013280;37474321;6032006;53696407;40694080;6407245;1218;70613
FR;0;2022-10-03;470;756;2445;12022;589;2154;12216;2074;745;54594077;52014036;37476766;6044028;53696996;40696234;6419461;3292;71358
FR;0;2022-10-04;617;793;3386;23507;536;2776;23684;4702;1583;54594694;52014829;37480152;6067535;53697532;40699010;6443145;7994;72941
FR;0;2022-10-05;544;809;2438;14598;585;2153;14743;3655;1210;54595238;52015638;37482590;6082133;53698117;40701163;6457888;11649;74151
FR;0;2022-10-06;536;707;3084;21682;509;2516;21893;6666;1907;54595774;52016345;37485674;6103815;53698626;40703679;6479781;18315;76058
FR;0;2022-10-07;723;978;4127;30298;709;3474;30387;16871;3203;54596497;52017323;37489801;6134113;53699335;40707153;6510168;35186;79261
FR;0;2022-10-08;345;514;1649;8431;373;1408;8600;6699;1170;54596842;52017837;37491450;6142544;53699708;40708561;6518768;41885;80431
FR;0;2022-10-09;109;137;336;1587;111;311;1650;1511;296;54596951;52017974;37491786;6144131;53699819;40708872;6520418;43396;80727
FR;0;2022-10-10;479;721;2917;20492;536;2501;20820;19516;3270;54597430;52018695;37494703;6164623;53700355;40711373;6541238;62912;83997
FR;0;2022-10-11;571;792;4262;40311;536;3562;40654;40149;6378;54598001;52019487;37498965;6204934;53700891;40714935;6581892;103061;90375
FR;0;2022-10-12;568;818;3254;26718;604;2759;27046;27299;4689;54598569;52020305;37502219;6231652;53701495;40717694;6608938;130360;95064
FR;0;2022-10-13;610;770;4002;38428;562;3121;38890;40593;6606;54599179;52021075;37506221;6270080;53702057;40720815;6647828;170953;101670
FR;0;2022-10-14;754;1049;4864;47657;761;3948;48132;51120;7857;54599933;52022124;37511085;6317737;53702818;40724763;6695960;222073;109527
FR;0;2022-10-15;357;508;1859;11847;347;1619;11964;13090;2275;54600290;52022632;37512944;6329584;53703165;40726382;6707924;235163;111802
FR;0;2022-10-16;92;129;372;1964;80;356;2009;2347;479;54600382;52022761;37513316;6331548;53703245;40726738;6709933;237510;112281
FR;0;2022-10-17;435;694;3032;26432;481;2471;26804;30753;5408;54600817;52023455;37516348;6357980;53703726;40729209;6736737;268263;117689
FR;0;2022-10-18;599;727;4700;46081;524;3757;46628;55425;11689;54601416;52024182;37521048;6404061;53704250;40732966;6783365;323688;129378
FR;0;2022-10-19;547;774;3632;34362;578;3067;34696;42422;9212;54601963;52024956;37524680;6438423;53704828;40736033;6818061;366110;138590
FR;0;2022-10-20;600;768;4830;49416;554;3711;50076;60456;12905;54602563;52025724;37529510;6487839;53705382;40739744;6868137;426566;151495
FR;0;2022-10-21;684;976;5699;56992;692;4508;57673;70907;14285;54603247;52026700;37535209;6544831;53706074;40744252;6925810;497473;165780
FR;0;2022-10-22;331;405;1654;12943;325;1320;13102;15935;3385;54603578;52027105;37536863;6557774;53706399;40745572;6938912;513408;169165
FR;0;2022-10-23;94;106;349;2062;101;265;2164;2756;631;54603672;52027211;37537212;6559836;53706500;40745837;6941076;516164;169796
FR;0;2022-10-24;550;592;3133;27127;419;2681;27551;35477;7804;54604222;52027803;37540345;6586963;53706919;40748518;6968627;551641;177600
FR;0;2022-10-25;589;718;4863;49053;526;3795;49727;65149;15414;54604811;52028521;37545208;6636016;53707445;40752313;7018354;616790;193014
FR;0;2022-10-26;530;637;3456;32547;472;2883;32852;43836;10943;54605341;52029158;37548664;6668563;53707917;40755196;7051206;660626;203957
FR;0;2022-10-27;586;688;4071;40743;487;3342;41216;54365;13087;54605927;52029846;37552735;6709306;53708404;40758538;7092422;714991;217044
FR;0;2022-10-28;699;847;4604;44147;615;3499;44975;58199;13143;54606626;52030693;37557339;6753453;53709019;40762037;7137397;773190;230187
FR;0;2022-10-29;257;354;1327;9487;250;1081;9621;12514;3010;54606883;52031047;37558666;6762940;53709269;40763118;7147018;785704;233197
FR;0;2022-10-30;87;111;286;1592;87;249;1640;2139;540;54606970;52031158;37558952;6764532;53709356;40763367;7148658;787843;233737
FR;0;2022-10-31;381;477;2069;16054;345;1621;16418;22143;5453;54607351;52031635;37561021;6780586;53709701;40764988;7165076;809986;239190
FR;0;2022-11-01;75;174;919;1113;134;950;1158;1663;483;54607426;52031809;37561940;6781699;53709835;40765938;7166234;811649;239673
FR;0;2022-11-02;503;652;3024;25364;480;2566;25841;36576;10111;54607929;52032461;37564964;6807063;53710315;40768504;7192075;848225;249784
FR;0;2022-11-03;638;689;4105;40004;522;3111;40732;56929;15330;54608567;52033150;37569069;6847067;53710837;40771615;7232807;905154;265114
FR;0;2022-11-04;655;823;4420;43635;568;3513;44250;60489;15233;54609222;52033973;37573489;6890702;53711405;40775128;7277057;965643;280347
FR;0;2022-11-05;252;353;1448;9705;277;1164;9914;13449;3290;54609474;52034326;37574937;6900407;53711682;40776292;7286971;979092;283637
FR;0;2022-11-06;91;112;263;1599;95;246;1629;2332;650;54609565;52034438;37575200;6902006;53711777;40776538;7288600;981424;284287
FR;0;2022-11-07;465;516;2716;26630;428;2199;27265;38908;10933;54610030;52034954;37577916;6928636;53712205;40778737;7315865;1020332;295220
FR;0;2022-11-08;594;779;4977;51891;565;3817;52891;74130;20005;54610624;52035733;37582893;6980527;53712770;40782554;7368756;1094462;315225
FR;0;2022-11-09;508;646;3355;31584;466;2682;32361;46310;13189;54611132;52036379;37586248;7012111;53713236;40785236;7401117;1140772;328414
FR;0;2022-11-10;614;855;4558;43586;604;3609;44485;62667;17243;54611746;52037234;37590806;7055697;53713840;40788845;7445602;1203439;345657
FR;0;2022-11-11;74;106;365;1660;72;309;1723;2787;1002;54611820;52037340;37591171;7057357;53713912;40789154;7447325;1206226;346659
FR;0;2022-11-12;206;318;1194;7098;227;976;7334;10285;2765;54612026;52037658;37592365;7064455;53714139;40790130;7454659;1216511;349424
FR;0;2022-11-13;63;91;247;1207;67;211;1261;1973;625;54612089;52037749;37592612;7065662;53714206;40790341;7455920;1218484;350049
FR;0;2022-11-14;437;517;2570;23947;365;2041;24581;36105;10844;54612526;52038266;37595182;7089609;53714571;40792382;7480501;1254589;360893
FR;0;2022-11-15;591;704;4301;44948;529;3339;45893;66742;19571;54613117;52038970;37599483;7134557;53715100;40795721;7526394;1321331;380464
FR;0;2022-11-16;540;616;3055;28533;487;2558;29064;43146;13276;54613657;52039586;37602538;7163090;53715587;40798279;7555458;1364477;393740
FR;0;2022-11-17;552;653;3810;39185;498;2964;39796;58265;17384;54614209;52040239;37606348;7202275;53716085;40801243;7595254;1422742;411124
FR;0;2022-11-18;617;763;4592;45084;576;3447;45989;65602;18303;54614826;52041002;37610940;7247359;53716661;40804690;7641243;1488344;429427
FR;0;2022-11-19;270;327;1497;9798;256;1093;9990;14309;4001;54615096;52041329;37612437;7257157;53716917;40805783;7651233;1502653;433428
FR;0;2022-11-20;70;92;302;1696;73;259;1770;2703;847;54615166;52041421;37612739;7258853;53716990;40806042;7653003;1505356;434275
FR;0;2022-11-21;434;505;2414;21372;345;1936;21935;32967;10275;54615600;52041926;37615153;7280225;53717335;40807978;7674938;1538323;444550
FR;0;2022-11-22;534;584;4014;39764;410;3152;40344;59622;18155;54616134;52042510;37619167;7319989;53717745;40811130;7715282;1597945;462705
FR;0;2022-11-23;466;541;2744;25989;385;2310;26480;40302;12834;54616600;52043051;37621911;7345978;53718130;40813440;7741762;1638247;475539
FR;0;2022-11-24;504;586;3752;37043;412;2937;37757;56570;17759;54617104;52043637;37625663;7383021;53718542;40816377;7779519;1694817;493298
FR;0;2022-11-25;568;708;4174;40121;558;3136;40960;59540;17419;54617672;52044345;37629837;7423142;53719100;40819513;7820479;1754357;510717
FR;0;2022-11-26;298;335;1334;9343;255;1061;9485;13968;3963;54617970;52044680;37631171;7432485;53719355;40820574;7829964;1768325;514680
FR;0;2022-11-27;70;79;265;1660;59;225;1688;2554;805;54618040;52044759;37631436;7434145;53719414;40820799;7831652;1770879;515485
FR;0;2022-11-28;409;465;2625;24707;346;1965;25436;38303;12150;54618449;52045224;37634061;7458852;53719760;40822764;7857088;1809182;527635
FR;0;2022-11-29;494;604;4381;46421;373;3280;47130;70871;22215;54618943;52045828;37638442;7505273;53720133;40826044;7904218;1880053;549850
FR;0;2022-11-30;500;678;3721;36858;480;2885;37646;56222;17206;54619443;52046506;37642163;7542131;53720613;40828929;7941864;1936275;567056
FR;0;2022-12-01;516;657;5271;51665;437;3850;52481;79240;25011;54619959;52047163;37647434;7593796;53721050;40832779;7994345;2015515;592067
FR;0;2022-12-02;629;732;6146;61421;514;4361;62647;92220;27362;54620588;52047895;37653580;7655217;53721564;40837140;8056992;2107735;619429
FR;0;2022-12-03;299;339;2278;18006;219;1618;18438;26659;7593;54620887;52048234;37655858;7673223;53721783;40838758;8075430;2134394;627022
FR;0;2022-12-04;92;122;523;4293;90;432;4345;6420;1848;54620979;52048356;37656381;7677516;53721873;40839190;8079775;2140814;628870
FR;0;2022-12-05;439;555;4265;44611;390;2876;45575;68818;21784;54621418;52048911;37660646;7722127;53722263;40842066;8125350;2209632;650654
FR;0;2022-12-06;609;720;6830;78128;459;4635;79640;121366;39394;54622027;52049631;37667476;7800255;53722722;40846701;8204990;2330998;690048
FR;0;2022-12-07;542;609;5336;58058;449;3577;59210;90295;29456;54622569;52050240;37672812;7858313;53723171;40850278;8264200;2421293;719504
FR;0;2022-12-08;604;700;6935;79412;442;4553;81096;123688;40668;54623173;52050940;37679747;7937725;53723613;40854831;8345296;2544981;760172
FR;0;2022-12-09;773;835;8645;95570;545;5703;97447;147056;46655;54623946;52051775;37688392;8033295;53724158;40860534;8442743;2692037;806827
FR;0;2022-12-10;397;427;3808;33912;271;2461;34810;50495;14696;54624343;52052202;37692200;8067207;53724429;40862995;8477553;2742532;821523
FR;0;2022-12-11;130;140;986;8352;100;681;8555;12234;3272;54624473;52052342;37693186;8075559;53724529;40863676;8486108;2754766;824795
FR;0;2022-12-12;502;568;6337;67336;362;4086;68941;105991;34699;54624975;52052910;37699523;8142895;53724891;40867762;8555049;2860757;859494
FR;0;2022-12-13;689;766;9019;103395;475;5608;105962;164491;54905;54625664;52053676;37708542;8246290;53725366;40873370;8661011;3025248;914399
FR;0;2022-12-14;577;690;6766;73138;456;4494;74779;116508;38556;54626241;52054366;37715308;8319428;53725822;40877864;8735790;3141756;952955
FR;0;2022-12-15;645;820;8807;95612;510;5639;97887;152629;51462;54626886;52055186;37724115;8415040;53726332;40883503;8833677;3294385;1004417
FR;0;2022-12-16;815;955;9713;104536;628;6401;106758;166006;55130;54627701;52056141;37733828;8519576;53726960;40889904;8940435;3460391;1059547
FR;0;2022-12-17;340;417;3479;31712;279;2271;32503;48320;14415;54628041;52056558;37737307;8551288;53727239;40892175;8972938;3508711;1073962
FR;0;2022-12-18;91;122;782;6314;73;537;6463;9603;2745;54628132;52056680;37738089;8557602;53727312;40892712;8979401;3518314;1076707
FR;0;2022-12-19;582;605;5729;56074;416;3663;57701;90007;29956;54628714;52057285;37743818;8613676;53727728;40896375;9037102;3608321;1106663
FR;0;2022-12-20;728;764;7911;79559;500;5203;81705;130340;44861;54629442;52058049;37751729;8693235;53728228;40901578;9118807;3738661;1151524
FR;0;2022-12-21;573;611;5272;50681;417;3532;52024;83595;29036;54630015;52058660;37757001;8743916;53728645;40905110;9170831;3822256;1180560
FR;0;2022-12-22;625;643;4849;45990;441;3355;47222;76313;26635;54630640;52059303;37761850;8789906;53729086;40908465;9218053;3898569;1207195
FR;0;2022-12-23;458;564;3410;26091;397;2567;26771;43141;14774;54631098;52059867;37765260;8815997;53729483;40911032;9244824;3941710;1221969
FR;0;2022-12-24;102;100;441;2690;73;332;2816;4263;1218;54631200;52059967;37765701;8818687;53729556;40911364;9247640;3945973;1223187
FR;0;2022-12-25;33;36;128;554;28;100;578;908;270;54631233;52060003;37765829;8819241;53729584;40911464;9248218;3946881;1223457
FR;0;2022-12-26;359;383;2490;16871;282;1812;17521;27522;8788;54631592;52060386;37768319;8836112;53729866;40913276;9265739;3974403;1232245
FR;0;2022-12-27;514;644;4167;33614;425;2907;34763;56522;19667;54632106;52061030;37772486;8869726;53730291;40916183;9300502;4030925;1251912
FR;0;2022-12-28;463;498;3188;25624;335;2267;26238;42722;14733;54632569;52061528;37775674;8895350;53730626;40918450;9326740;4073647;1266645
FR;0;2022-12-29;423;522;3397;26491;332;2369;27465;44771;15472;54632992;52062050;37779071;8921841;53730958;40920819;9354205;4118418;1282117
FR;0;2022-12-30;445;495;2604;19485;348;1845;20143;32407;10875;54633437;52062545;37781675;8941326;53731306;40922664;9374348;4150825;1292992
FR;0;2022-12-31;134;155;503;3168;118;410;3313;4923;1326;54633571;52062700;37782178;8944494;53731424;40923074;9377661;4155748;1294318
FR;0;2023-01-01;20;42;165;703;24;137;729;1016;243;54633591;52062742;37782343;8945197;53731448;40923211;9378390;4156764;1294561
FR;0;2023-01-02;350;475;2410;18915;310;1732;19376;32836;12012;54633941;52063217;37784753;8964112;53731758;40924943;9397766;4189600;1306573
FR;0;2023-01-03;621;638;4471;43965;416;3091;44920;82370;34606;54634562;52063855;37789224;9008077;53732174;40928034;9442686;4271970;1341179
FR;0;2023-01-04;516;549;3642;30873;370;2525;31665;59387;25596;54635078;52064404;37792866;9038950;53732544;40930559;9474351;4331357;1366775
FR;0;2023-01-05;640;693;4548;42958;500;3037;43869;83145;36675;54635718;52065097;37797414;9081908;53733044;40933596;9518220;4414502;1403450
FR;0;2023-01-06;714;824;5313;48169;541;3475;49184;91255;39134;54636432;52065921;37802727;9130077;53733585;40937071;9567404;4505757;1442584
FR;0;2023-01-07;335;402;1800;12829;287;1280;13140;22839;8686;54636767;52066323;37804527;9142906;53733872;40938351;9580544;4528596;1451270
FR;0;2023-01-08;100;136;474;2861;90;339;2950;5116;1941;54636867;52066459;37805001;9145767;53733962;40938690;9583494;4533712;1453211
FR;0;2023-01-09;555;598;2730;22007;425;1936;22585;45056;20793;54637422;52067057;37807731;9167774;53734387;40940626;9606079;4578768;1474004
FR;0;2023-01-10;574;698;4500;40800;472;3128;41672;85435;40959;54637996;52067755;37812231;9208574;53734859;40943754;9647751;4664203;1514963
FR;0;2023-01-11;472;552;3017;24575;385;2175;25103;51633;24586;54638468;52068307;37815248;9233149;53735244;40945929;9672854;4715836;1539549
FR;0;2023-01-12;554;621;3675;33287;395;2597;33889;70218;33999;54639022;52068928;37818923;9266436;53735639;40948526;9706743;4786054;1573548
FR;0;2023-01-13;677;735;4117;35074;494;2929;35686;72313;34146;54639699;52069663;37823040;9301510;53736133;40951455;9742429;4858367;1607694
FR;0;2023-01-14;327;311;1380;8951;206;1005;9137;17070;7123;54640026;52069974;37824420;9310461;53736339;40952460;9751566;4875437;1614817
FR;0;2023-01-15;71;105;319;1442;67;244;1533;2969;1272;54640097;52070079;37824739;9311903;53736406;40952704;9753099;4878406;1616089
