fra;vaccin;jour;n_dose1;n_dose2;n_dose3;n_dose4;n_complet;n_rappel;n_2_rappel;n_rappel_biv;n_3_rappel;n_cum_dose1;n_cum_dose2;n_cum_dose3;n_cum_dose4;n_cum_complet;n_cum_rappel;n_cum_2_rappel;n_cum_rappel_biv;n_cum_3_rappel
FR;1;2020-12-27;611;0;0;0;55;0;0;0;0;611;0;0;0;55;0;0;0;0
FR;1;2020-12-28;694;1;0;0;42;0;0;0;0;1305;1;0;0;97;0;0;0;0
FR;1;2020-12-29;387;0;0;0;19;0;0;0;0;1692;1;0;0;116;0;0;0;0
FR;1;2020-12-30;446;0;0;0;18;0;0;0;0;2138;1;0;0;134;0;0;0;0
FR;1;2020-12-31;444;1;0;0;23;0;0;0;0;2582;2;0;0;157;0;0;0;0
FR;1;2021-01-01;1173;2;0;0;64;0;0;0;0;3755;4;0;0;221;0;0;0;0
FR;1;2021-01-02;366;3;0;0;28;0;0;0;0;4121;7;0;0;249;0;0;0;0
FR;1;2021-01-03;409;0;0;0;24;0;0;0;0;4530;7;0;0;273;0;0;0;0
FR;1;2021-01-04;2123;4;0;0;50;0;0;0;0;6653;11;0;0;323;0;0;0;0
FR;1;2021-01-05;7758;5;0;0;129;0;0;0;0;14411;16;0;0;452;0;0;0;0
FR;1;2021-01-06;12463;22;0;0;126;0;0;0;0;26874;38;0;0;578;0;0;0;0
FR;1;2021-01-07;29472;20;0;0;158;0;0;0;0;56346;58;0;0;736;0;0;0;0
FR;1;2021-01-08;37158;25;0;0;199;0;0;0;0;93504;83;0;0;935;0;0;0;0
FR;1;2021-01-09;11217;9;0;0;77;0;0;0;0;104721;92;0;0;1012;0;0;0;0
FR;1;2021-01-10;6009;7;0;0;27;0;0;0;0;110730;99;0;0;1039;0;0;0;0
FR;1;2021-01-11;39951;30;0;0;226;0;0;0;0;150681;129;0;0;1265;0;0;0;0
FR;1;2021-01-12;62150;24;0;0;298;0;0;0;0;212831;153;0;0;1563;0;0;0;0
FR;1;2021-01-13;65133;51;0;0;431;0;0;0;0;277964;204;0;0;1994;0;0;0;0
FR;1;2021-01-14;81460;195;0;0;959;0;0;0;0;359424;399;0;0;2953;0;0;0;0
FR;1;2021-01-15;68619;81;0;0;525;0;0;0;0;428043;480;0;0;3478;0;0;0;0
FR;1;2021-01-16;19901;72;0;0;171;0;0;0;0;447944;552;0;0;3649;0;0;0;0
FR;1;2021-01-17;10904;50;0;0;126;0;0;0;0;458848;602;0;0;3775;0;0;0;0
FR;1;2021-01-18;82840;173;0;0;587;0;0;0;0;541688;775;0;0;4362;0;0;0;0
FR;1;2021-01-19;125928;199;0;0;830;0;0;0;0;667616;974;0;0;5192;0;0;0;0
FR;1;2021-01-20;132424;184;0;0;787;0;0;0;0;800040;1158;0;0;5979;0;0;0;0
FR;1;2021-01-21;153071;184;0;0;890;0;0;0;0;953111;1342;0;0;6869;0;0;0;0
FR;1;2021-01-22;115957;226;0;0;772;0;0;0;0;1069068;1568;0;0;7641;0;0;0;0
FR;1;2021-01-23;36612;71;0;0;194;0;0;0;0;1105680;1639;0;0;7835;0;0;0;0
FR;1;2021-01-24;9585;111;0;0;170;0;0;0;0;1115265;1750;0;0;8005;0;0;0;0
FR;1;2021-01-25;74431;1394;0;0;1716;0;0;0;0;1189696;3144;0;0;9721;0;0;0;0
FR;1;2021-01-26;96458;3597;1;0;4041;0;0;0;0;1286154;6741;1;0;13762;0;0;0;0
FR;1;2021-01-27;103655;6312;0;0;6999;0;0;0;0;1389809;13053;1;0;20761;0;0;0;0
FR;1;2021-01-28;120613;16080;0;0;16865;0;0;0;0;1510422;29133;1;0;37626;0;0;0;0
FR;1;2021-01-29;88894;18530;0;0;19065;0;0;0;0;1599316;47663;1;0;56691;0;0;0;0
FR;1;2021-01-30;27995;4477;0;0;4595;0;0;0;0;1627311;52140;1;0;61286;0;0;0;0
FR;1;2021-01-31;5193;1859;0;0;1894;0;0;0;0;1632504;53999;1;0;63180;0;0;0;0
FR;1;2021-02-01;49735;22551;0;0;22773;0;0;0;0;1682239;76550;1;0;85953;0;0;0;0
FR;1;2021-02-02;67830;37527;0;0;37984;0;0;0;0;1750069;114077;1;0;123937;0;0;0;0
FR;1;2021-02-03;67094;39633;0;0;40048;0;0;0;0;1817163;153710;1;0;163985;0;0;0;0
FR;1;2021-02-04;77146;54155;0;0;54710;0;0;0;0;1894309;207865;1;0;218695;0;0;0;0
FR;1;2021-02-05;63429;47526;0;0;47907;0;0;0;0;1957738;255391;1;0;266602;0;0;0;0
FR;1;2021-02-06;19425;11207;0;0;11305;0;0;0;0;1977163;266598;1;0;277907;0;0;0;0
FR;1;2021-02-07;3667;5872;0;0;5896;0;0;0;0;1980830;272470;1;0;283803;0;0;0;0
FR;1;2021-02-08;36503;48348;0;0;48557;0;0;0;0;2017333;320818;1;0;332360;0;0;0;0
FR;1;2021-02-09;50814;77402;0;0;77906;0;0;0;0;2068147;398220;1;0;410266;0;0;0;0
FR;1;2021-02-10;52078;82154;0;0;82603;0;0;0;0;2120225;480374;1;0;492869;0;0;0;0
FR;1;2021-02-11;63386;104479;0;0;105331;0;0;0;0;2183611;584853;1;0;598200;0;0;0;0
FR;1;2021-02-12;55875;75319;0;0;75971;0;0;0;0;2239486;660172;1;0;674171;0;0;0;0
FR;1;2021-02-13;15467;19294;0;0;19398;0;0;0;0;2254953;679466;1;0;693569;0;0;0;0
FR;1;2021-02-14;3747;7333;0;0;7394;0;0;0;0;2258700;686799;1;0;700963;0;0;0;0
FR;1;2021-02-15;24161;73547;0;0;73751;0;0;0;0;2282861;760346;1;0;774714;0;0;0;0
FR;1;2021-02-16;32779;95907;0;0;96269;0;0;0;0;2315640;856253;1;0;870983;0;0;0;0
FR;1;2021-02-17;35130;101888;20;0;102489;0;0;0;0;2350770;958141;21;0;973472;0;0;0;0
FR;1;2021-02-18;49456;117776;0;0;118724;0;0;0;0;2400226;1075917;21;0;1092196;0;0;0;0
FR;1;2021-02-19;45388;87377;1;0;88280;0;0;0;0;2445614;1163294;22;0;1180476;0;0;0;0
FR;1;2021-02-20;13394;27092;0;0;27251;0;0;0;0;2459008;1190386;22;0;1207727;0;0;0;0
FR;1;2021-02-21;2464;6027;0;0;6092;0;0;0;0;2461472;1196413;22;0;1213819;0;0;0;0
FR;1;2021-02-22;24722;69417;2;0;69682;0;0;0;0;2486194;1265830;24;0;1283501;0;0;0;0
FR;1;2021-02-23;37434;81416;1;0;82079;0;0;0;0;2523628;1347246;25;0;1365580;0;0;0;0
FR;1;2021-02-24;40703;79135;1;0;79806;0;0;0;0;2564331;1426381;26;0;1445386;0;0;0;0
FR;1;2021-02-25;50164;87975;1;0;89038;0;0;0;0;2614495;1514356;27;0;1534424;0;0;0;0
FR;1;2021-02-26;47227;67604;1;0;68454;0;0;0;0;2661722;1581960;28;0;1602878;0;0;0;0
FR;1;2021-02-27;15684;21296;1;0;21500;0;0;0;0;2677406;1603256;29;0;1624378;0;0;0;0
FR;1;2021-02-28;3564;4121;2;0;4192;0;0;0;0;2680970;1607377;31;0;1628570;0;0;0;0
FR;1;2021-03-01;40209;50165;1;0;50875;0;0;0;0;2721179;1657542;32;0;1679445;0;0;0;0
FR;1;2021-03-02;55989;62331;3;0;63494;0;0;0;0;2777168;1719873;35;0;1742939;0;0;0;0
FR;1;2021-03-03;61253;60587;0;0;62000;0;0;0;0;2838421;1780460;35;0;1804939;0;0;0;0
FR;1;2021-03-04;73011;67899;3;0;70100;0;0;0;0;2911432;1848359;38;0;1875039;0;0;0;0
FR;1;2021-03-05;74776;58699;3;0;60579;0;0;0;0;2986208;1907058;41;0;1935618;0;0;0;0
FR;1;2021-03-06;82463;15762;2;0;17469;0;0;0;0;3068671;1922820;43;0;1953087;0;0;0;0
FR;1;2021-03-07;63728;4213;1;0;5757;0;0;0;0;3132399;1927033;44;0;1958844;0;0;0;0
FR;1;2021-03-08;60184;41377;2;0;42649;0;0;0;0;3192583;1968410;46;0;2001493;0;0;0;0
FR;1;2021-03-09;86000;47622;1;0;49602;0;0;0;0;3278583;2016032;47;0;2051095;0;0;0;0
FR;1;2021-03-10;90939;47793;5;0;50050;0;0;0;0;3369522;2063825;52;0;2101145;0;0;0;0
FR;1;2021-03-11;105095;54584;1;0;57642;0;0;0;0;3474617;2118409;53;0;2158787;0;0;0;0
FR;1;2021-03-12;104147;44951;1;0;47940;0;0;0;0;3578764;2163360;54;0;2206727;0;0;0;0
FR;1;2021-03-13;89209;12611;1;0;14829;0;0;0;0;3667973;2175971;55;0;2221556;0;0;0;0
FR;1;2021-03-14;44459;2748;1;0;4081;0;0;0;0;3712432;2178719;56;0;2225637;0;0;0;0
FR;1;2021-03-15;95529;28119;3;0;30455;0;0;0;0;3807961;2206838;59;0;2256092;0;0;0;0
FR;1;2021-03-16;123599;34195;5;0;37723;0;0;0;0;3931560;2241033;64;0;2293815;0;0;0;0
FR;1;2021-03-17;129317;33662;4;0;37708;0;0;0;0;4060877;2274695;68;0;2331523;0;0;0;0
FR;1;2021-03-18;142910;39298;5;0;43962;0;0;0;0;4203787;2313993;73;0;2375485;0;0;0;0
FR;1;2021-03-19;136264;32137;2;0;36729;0;0;0;0;4340051;2346130;75;0;2412214;0;0;0;0
FR;1;2021-03-20;76018;9791;1;0;12006;0;0;0;0;4416069;2355921;76;0;2424220;0;0;0;0
FR;1;2021-03-21;26516;2056;1;0;3046;0;0;0;0;4442585;2357977;77;0;2427266;0;0;0;0
FR;1;2021-03-22;114772;30373;2;0;34191;0;0;0;0;4557357;2388350;79;0;2461457;0;0;0;0
FR;1;2021-03-23;143047;38040;1;0;42812;0;0;0;0;4700404;2426390;80;0;2504269;0;0;0;0
FR;1;2021-03-24;142013;38402;0;0;43242;0;0;0;0;4842417;2464792;80;0;2547511;0;0;0;0
FR;1;2021-03-25;165020;39831;4;0;45977;0;0;0;0;5007437;2504623;84;0;2593488;0;0;0;0
FR;1;2021-03-26;166412;37460;5;1;44062;0;0;0;0;5173849;2542083;89;1;2637550;0;0;0;0
FR;1;2021-03-27;110896;15459;1;0;19464;0;0;0;0;5284745;2557542;90;1;2657014;0;0;0;0
FR;1;2021-03-28;42305;4288;3;0;5841;0;0;0;0;5327050;2561830;93;1;2662855;0;0;0;0
FR;1;2021-03-29;129833;49132;4;0;53778;0;0;0;0;5456883;2610962;97;1;2716633;0;0;0;0
FR;1;2021-03-30;167732;63722;5;0;70718;0;0;0;0;5624615;2674684;102;1;2787351;0;0;0;0
FR;1;2021-03-31;170958;67823;4;0;75345;0;0;0;0;5795573;2742507;106;1;2862696;0;0;0;0
FR;1;2021-04-01;194851;83444;10;0;92925;0;0;0;0;5990424;2825951;116;1;2955621;0;0;0;0
FR;1;2021-04-02;164466;86457;7;0;94252;0;0;0;0;6154890;2912408;123;1;3049873;0;0;0;0
FR;1;2021-04-03;88253;58161;6;0;61692;0;0;0;0;6243143;2970569;129;1;3111565;0;0;0;0
FR;1;2021-04-04;33658;17725;0;0;19219;0;0;0;0;6276801;2988294;129;1;3130784;0;0;0;0
FR;1;2021-04-05;46416;9667;11;0;11538;0;0;0;0;6323217;2997961;140;1;3142322;0;0;0;0
FR;1;2021-04-06;160330;104904;17;0;111336;0;0;0;0;6483547;3102865;157;1;3253658;0;0;0;0
FR;1;2021-04-07;197012;108101;16;0;116902;0;0;0;0;6680559;3210966;173;1;3370560;0;0;0;0
FR;1;2021-04-08;222161;113886;13;0;125209;0;0;0;0;6902720;3324852;186;1;3495769;0;0;0;0
FR;1;2021-04-09;214585;107874;21;0;118738;0;0;0;0;7117305;3432726;207;1;3614507;0;0;0;0
FR;1;2021-04-10;117193;73237;14;0;78366;0;0;0;0;7234498;3505963;221;1;3692873;0;0;0;0
FR;1;2021-04-11;40897;29901;6;0;31804;0;0;0;0;7275395;3535864;227;1;3724677;0;0;0;0
FR;1;2021-04-12;168484;104495;46;0;111706;0;0;0;0;7443879;3640359;273;1;3836383;0;0;0;0
FR;1;2021-04-13;203824;127852;97;1;137167;0;0;0;0;7647703;3768211;370;2;3973550;0;0;0;0
FR;1;2021-04-14;208649;122866;208;0;133074;0;0;0;0;7856352;3891077;578;2;4106624;0;0;0;0
FR;1;2021-04-15;221703;127930;313;0;138948;0;0;0;0;8078055;4019007;891;2;4245572;0;0;0;0
FR;1;2021-04-16;206084;125682;309;0;135335;0;0;0;0;8284139;4144689;1200;2;4380907;0;0;0;0
FR;1;2021-04-17;122102;67147;103;0;72196;0;0;0;0;8406241;4211836;1303;2;4453103;0;0;0;0
FR;1;2021-04-18;35966;20992;41;0;22697;0;0;0;0;8442207;4232828;1344;2;4475800;0;0;0;0
FR;1;2021-04-19;163764;121580;432;0;129095;0;0;0;0;8605971;4354408;1776;2;4604895;0;0;0;0
FR;1;2021-04-20;189450;149524;531;0;158622;0;0;0;0;8795421;4503932;2307;2;4763517;0;0;0;0
FR;1;2021-04-21;194020;147434;760;0;156942;0;0;0;0;8989441;4651366;3067;2;4920459;0;0;0;0
FR;1;2021-04-22;209052;164273;777;0;175498;0;0;0;0;9198493;4815639;3844;2;5095957;0;0;0;0
FR;1;2021-04-23;198970;157814;671;0;168816;0;0;0;0;9397463;4973453;4515;2;5264773;0;0;0;0
FR;1;2021-04-24;126342;95767;148;0;101828;0;0;0;0;9523805;5069220;4663;2;5366601;0;0;0;0
FR;1;2021-04-25;53633;30052;46;0;32809;0;0;0;0;9577438;5099272;4709;2;5399410;0;0;0;0
FR;1;2021-04-26;181160;139753;542;0;148454;0;0;0;0;9758598;5239025;5251;2;5547864;0;0;0;0
FR;1;2021-04-27;221381;162374;901;0;173737;0;0;0;0;9979979;5401399;6152;2;5721601;0;0;0;0
FR;1;2021-04-28;238322;155911;1314;1;168584;1;0;0;0;10218301;5557310;7466;3;5890185;1;0;0;0
FR;1;2021-04-29;270313;161279;1211;0;176872;0;0;0;0;10488614;5718589;8677;3;6067057;1;0;0;0
FR;1;2021-04-30;272006;148732;1073;0;164834;0;0;0;0;10760620;5867321;9750;3;6231891;1;0;0;0
FR;1;2021-05-01;141158;40590;173;0;48618;0;0;0;0;10901778;5907911;9923;3;6280509;1;0;0;0
FR;1;2021-05-02;81556;28186;81;0;32938;0;0;0;0;10983334;5936097;10004;3;6313447;1;0;0;0
FR;1;2021-05-03;250796;143202;803;0;156881;0;0;0;0;11234130;6079299;10807;3;6470328;1;0;0;0
FR;1;2021-05-04;265900;187635;1202;0;203199;0;0;0;0;11500030;6266934;12009;3;6673527;1;0;0;0
FR;1;2021-05-05;283904;185763;1267;0;202408;0;0;0;0;11783934;6452697;13276;3;6875935;1;0;0;0
FR;1;2021-05-06;309991;184121;1502;0;203880;0;0;0;0;12093925;6636818;14778;3;7079815;1;0;0;0
FR;1;2021-05-07;284114;196275;1126;0;214097;0;0;0;0;12378039;6833093;15904;3;7293912;1;0;0;0
FR;1;2021-05-08;191666;50806;285;0;62187;0;0;0;0;12569705;6883899;16189;3;7356099;1;0;0;0
FR;1;2021-05-09;114059;34709;236;0;41880;0;0;0;0;12683764;6918608;16425;3;7397979;1;0;0;0
FR;1;2021-05-10;258220;194740;1186;0;210729;0;0;0;0;12941984;7113348;17611;3;7608708;1;0;0;0
FR;1;2021-05-11;318895;211022;1465;0;231241;0;0;0;0;13260879;7324370;19076;3;7839949;1;0;0;0
FR;1;2021-05-12;356646;185942;1400;0;208240;0;0;0;0;13617525;7510312;20476;3;8048189;1;0;0;0
FR;1;2021-05-13;283456;47449;401;0;64375;0;0;0;0;13900981;7557761;20877;3;8112564;1;0;0;0
FR;1;2021-05-14;370514;128515;994;0;151918;0;0;0;0;14271495;7686276;21871;3;8264482;1;0;0;0
FR;1;2021-05-15;298103;66166;404;0;84867;0;0;0;0;14569598;7752442;22275;3;8349349;1;0;0;0
FR;1;2021-05-16;157782;15473;158;0;26039;0;0;0;0;14727380;7767915;22433;3;8375388;1;0;0;0
FR;1;2021-05-17;318935;116174;1441;0;138146;0;0;0;0;15046315;7884089;23874;3;8513534;1;0;0;0
FR;1;2021-05-18;383350;111508;1799;0;137458;0;0;0;0;15429665;7995597;25673;3;8650992;1;0;0;0
FR;1;2021-05-19;395279;101850;2183;0;128791;0;0;0;0;15824944;8097447;27856;3;8779783;1;0;0;0
FR;1;2021-05-20;421827;95752;2048;0;125241;0;0;0;0;16246771;8193199;29904;3;8905024;1;0;0;0
FR;1;2021-05-21;399814;97316;1764;0;125728;0;0;0;0;16646585;8290515;31668;3;9030752;1;0;0;0
FR;1;2021-05-22;275697;41919;604;0;60946;0;0;0;0;16922282;8332434;32272;3;9091698;1;0;0;0
FR;1;2021-05-23;123017;10997;224;0;20600;0;0;0;0;17045299;8343431;32496;3;9112298;1;0;0;0
FR;1;2021-05-24;244017;26255;569;0;43784;0;0;0;0;17289316;8369686;33065;3;9156082;1;0;0;0
FR;1;2021-05-25;366231;131555;2114;1;158502;0;0;0;0;17655547;8501241;35179;4;9314584;1;0;0;0
FR;1;2021-05-26;380821;126888;1994;0;155230;0;0;0;0;18036368;8628129;37173;4;9469814;1;0;0;0
FR;1;2021-05-27;406160;128145;1978;0;158637;0;0;0;0;18442528;8756274;39151;4;9628451;1;0;0;0
FR;1;2021-05-28;366039;145512;1701;0;174082;0;0;0;0;18808567;8901786;40852;4;9802533;1;0;0;0
FR;1;2021-05-29;253840;81022;527;0;100214;0;0;0;0;19062407;8982808;41379;4;9902747;1;0;0;0
FR;1;2021-05-30;100977;22582;158;0;30814;0;0;0;0;19163384;9005390;41537;4;9933561;1;0;0;0
FR;1;2021-05-31;314322;149045;1284;1;172304;1;0;0;0;19477706;9154435;42821;5;10105865;2;0;0;0
FR;1;2021-06-01;361646;166458;1732;1;194162;1;0;0;0;19839352;9320893;44553;6;10300027;3;0;0;0
FR;1;2021-06-02;365397;154007;1797;0;183538;0;0;0;0;20204749;9474900;46350;6;10483565;3;0;0;0
FR;1;2021-06-03;391432;147369;1653;0;178335;0;0;0;0;20596181;9622269;48003;6;10661900;3;0;0;0
FR;1;2021-06-04;364120;175713;1495;1;204987;1;0;0;0;20960301;9797982;49498;7;10866887;4;0;0;0
FR;1;2021-06-05;258514;112721;597;0;133080;0;0;0;0;21218815;9910703;50095;7;10999967;4;0;0;0
FR;1;2021-06-06;126814;37552;215;0;48192;0;0;0;0;21345629;9948255;50310;7;11048159;4;0;0;0
FR;1;2021-06-07;301111;207742;1365;0;233021;0;0;0;0;21646740;10155997;51675;7;11281180;4;0;0;0
FR;1;2021-06-08;330853;220910;1643;0;248866;0;0;0;0;21977593;10376907;53318;7;11530046;4;0;0;0
FR;1;2021-06-09;336593;211388;1613;0;240174;0;0;0;0;22314186;10588295;54931;7;11770220;4;0;0;0
FR;1;2021-06-10;343903;200653;1614;0;230384;0;0;0;0;22658089;10788948;56545;7;12000604;4;0;0;0
FR;1;2021-06-11;311906;234784;1299;1;262677;0;0;0;0;22969995;11023732;57844;8;12263281;4;0;0;0
FR;1;2021-06-12;244088;150621;437;0;172228;0;0;0;0;23214083;11174353;58281;8;12435509;4;0;0;0
FR;1;2021-06-13;100369;61004;188;0;70663;0;0;0;0;23314452;11235357;58469;8;12506172;4;0;0;0
FR;1;2021-06-14;207851;287895;1318;1;307673;0;0;0;0;23522303;11523252;59787;9;12813845;4;0;0;0
FR;1;2021-06-15;256867;281449;1400;1;305281;0;0;0;0;23779170;11804701;61187;10;13119126;4;0;0;0
FR;1;2021-06-16;273658;270585;1263;1;296006;0;0;0;0;24052828;12075286;62450;11;13415132;4;0;0;0
FR;1;2021-06-17;268222;244899;1239;1;270947;0;0;0;0;24321050;12320185;63689;12;13686079;4;0;0;0
FR;1;2021-06-18;260607;295347;1154;1;321157;0;0;0;0;24581657;12615532;64843;13;14007236;4;0;0;0
FR;1;2021-06-19;193455;209540;388;0;228191;0;0;0;0;24775112;12825072;65231;13;14235427;4;0;0;0
FR;1;2021-06-20;69713;89067;120;0;96906;0;0;0;0;24844825;12914139;65351;13;14332333;4;0;0;0
FR;1;2021-06-21;172382;319702;934;1;338399;1;0;0;0;25017207;13233841;66285;14;14670732;5;0;0;0
FR;1;2021-06-22;185874;347903;1102;10;368946;1;0;0;0;25203081;13581744;67387;24;15039678;6;0;0;0
FR;1;2021-06-23;204210;339528;1049;0;363421;0;0;0;0;25407291;13921272;68436;24;15403099;6;0;0;0
FR;1;2021-06-24;203535;282010;1176;0;306749;0;0;0;0;25610826;14203282;69612;24;15709848;6;0;0;0
FR;1;2021-06-25;182670;371734;1198;0;395726;0;0;0;0;25793496;14575016;70810;24;16105574;6;0;0;0
FR;1;2021-06-26;131399;278444;504;0;295803;0;0;0;0;25924895;14853460;71314;24;16401377;6;0;0;0
FR;1;2021-06-27;52409;122892;146;0;130438;0;0;0;0;25977304;14976352;71460;24;16531815;6;0;0;0
FR;1;2021-06-28;136666;368223;1065;0;386818;0;0;0;0;26113970;15344575;72525;24;16918633;6;0;0;0
FR;1;2021-06-29;154904;390944;1848;0;412082;0;0;0;0;26268874;15735519;74373;24;17330715;6;0;0;0
FR;1;2021-06-30;180062;381856;1666;4;406478;2;0;0;0;26448936;16117375;76039;28;17737193;8;0;0;0
FR;1;2021-07-01;201550;332360;1888;5;360470;1;0;0;0;26650486;16449735;77927;33;18097663;9;0;0;0
FR;1;2021-07-02;193883;367380;1765;5;395607;2;0;0;0;26844369;16817115;79692;38;18493270;11;0;0;0
FR;1;2021-07-03;124479;280422;704;3;299540;1;0;0;0;26968848;17097537;80396;41;18792810;12;0;0;0
FR;1;2021-07-04;53965;113703;244;0;122123;0;0;0;0;27022813;17211240;80640;41;18914933;12;0;0;0
FR;1;2021-07-05;153964;355818;1500;8;379174;1;0;0;0;27176777;17567058;82140;49;19294107;13;0;0;0
FR;1;2021-07-06;173511;382334;1603;45;408256;8;0;0;0;27350288;17949392;83743;94;19702363;21;0;0;0
FR;1;2021-07-07;190844;362400;1658;25;390766;4;0;0;0;27541132;18311792;85401;119;20093129;25;0;0;0
FR;1;2021-07-08;201577;323023;1826;20;353707;4;0;0;0;27742709;18634815;87227;139;20446836;29;0;0;0
FR;1;2021-07-09;189981;387790;1854;3;418237;2;0;0;0;27932690;19022605;89081;142;20865073;31;0;0;0
FR;1;2021-07-10;129958;281149;818;1;302589;1;0;0;0;28062648;19303754;89899;143;21167662;32;0;0;0
FR;1;2021-07-11;57682;102524;262;0;112416;0;0;0;0;28120330;19406278;90161;143;21280078;32;0;0;0
FR;1;2021-07-12;149921;416891;1585;4;442933;0;0;0;0;28270251;19823169;91746;147;21723011;32;0;0;0
FR;1;2021-07-13;234277;439137;1807;8;476349;1;0;0;0;28504528;20262306;93553;155;22199360;33;0;0;0
FR;1;2021-07-14;171924;151412;418;0;177062;0;0;0;0;28676452;20413718;93971;155;22376422;33;0;0;0
FR;1;2021-07-15;279691;424294;1858;1;467321;0;0;0;0;28956143;20838012;95829;156;22843743;33;0;0;0
FR;1;2021-07-16;290442;400736;1711;3;445441;1;0;0;0;29246585;21238748;97540;159;23289184;34;0;0;0
FR;1;2021-07-17;217350;282014;755;1;315503;0;0;0;0;29463935;21520762;98295;160;23604687;34;0;0;0
FR;1;2021-07-18;102016;107209;288;0;123107;0;0;0;0;29565951;21627971;98583;160;23727794;34;0;0;0
FR;1;2021-07-19;238226;378602;1497;3;414688;0;0;0;0;29804177;22006573;100080;163;24142482;34;0;0;0
FR;1;2021-07-20;305765;380035;1469;0;425887;0;0;0;0;30109942;22386608;101549;163;24568369;34;0;0;0
FR;1;2021-07-21;333292;352895;1412;4;404313;1;0;0;0;30443234;22739503;102961;167;24972682;35;0;0;0
FR;1;2021-07-22;364681;318714;1502;3;375175;2;0;0;0;30807915;23058217;104463;170;25347857;37;0;0;0
FR;1;2021-07-23;349404;342980;1589;4;398578;1;0;0;0;31157319;23401197;106052;174;25746435;38;0;0;0
FR;1;2021-07-24;238961;240771;697;1;278122;0;0;0;0;31396280;23641968;106749;175;26024557;38;0;0;0
FR;1;2021-07-25;112803;76013;223;0;93718;0;0;0;0;31509083;23717981;106972;175;26118275;38;0;0;0
FR;1;2021-07-26;299143;289460;1495;2;335227;1;0;0;0;31808226;24007441;108467;177;26453502;39;0;0;0
FR;1;2021-07-27;385838;268057;1459;4;325065;1;0;0;0;32194064;24275498;109926;181;26778567;40;0;0;0
FR;1;2021-07-28;390204;251004;1462;4;307348;1;0;0;0;32584268;24526502;111388;185;27085915;41;0;0;0
FR;1;2021-07-29;406141;227733;1540;2;284499;0;0;0;0;32990409;24754235;112928;187;27370414;41;0;0;0
FR;1;2021-07-30;370746;246624;1638;4;298517;1;0;0;0;33361155;25000859;114566;191;27668931;42;0;0;0
FR;1;2021-07-31;243385;165103;793;1;199464;0;0;0;0;33604540;25165962;115359;192;27868395;42;0;0;0
FR;1;2021-08-01;105599;47210;233;0;61216;0;0;0;0;33710139;25213172;115592;192;27929611;42;0;0;0
FR;1;2021-08-02;297409;212887;1479;2;250736;0;0;0;0;34007548;25426059;117071;194;28180347;42;0;0;0
FR;1;2021-08-03;331340;208788;1557;2;250814;1;0;0;0;34338888;25634847;118628;196;28431161;43;0;0;0
FR;1;2021-08-04;328042;183924;1439;5;224141;3;0;0;0;34666930;25818771;120067;201;28655302;46;0;0;0
FR;1;2021-08-05;301286;193184;1483;0;229533;0;0;0;0;34968216;26011955;121550;201;28884835;46;0;0;0
FR;1;2021-08-06;290987;224178;1560;3;261532;0;0;0;0;35259203;26236133;123110;204;29146367;46;0;0;0
FR;1;2021-08-07;182663;158777;655;5;181713;1;0;0;0;35441866;26394910;123765;209;29328080;47;0;0;0
FR;1;2021-08-08;68887;59101;253;0;67641;0;0;0;0;35510753;26454011;124018;209;29395721;47;0;0;0
FR;1;2021-08-09;222790;235295;1444;4;264063;2;0;0;0;35733543;26689306;125462;213;29659784;49;0;0;0
FR;1;2021-08-10;252746;239994;1493;2;271882;1;0;0;0;35986289;26929300;126955;215;29931666;50;0;0;0
FR;1;2021-08-11;236240;231824;1271;5;261385;0;0;0;0;36222529;27161124;128226;220;30193051;50;0;0;0
FR;1;2021-08-12;220786;239842;1487;3;268003;0;0;0;0;36443315;27400966;129713;223;30461054;50;0;0;0
FR;1;2021-08-13;201721;238526;1360;2;264122;2;0;0;0;36645036;27639492;131073;225;30725176;52;0;0;0
FR;1;2021-08-14;122865;174051;645;0;189595;0;0;0;0;36767901;27813543;131718;225;30914771;52;0;0;0
FR;1;2021-08-15;34708;46122;201;1;50347;0;0;0;0;36802609;27859665;131919;226;30965118;52;0;0;0
FR;1;2021-08-16;156962;289435;1423;0;310071;0;0;0;0;36959571;28149100;133342;226;31275189;52;0;0;0
FR;1;2021-08-17;171614;291089;1422;5;313558;0;0;0;0;37131185;28440189;134764;231;31588747;52;0;0;0
FR;1;2021-08-18;161434;286748;1393;6;307438;3;0;0;0;37292619;28726937;136157;237;31896185;55;0;0;0
FR;1;2021-08-19;148952;277504;1403;1;297401;0;0;0;0;37441571;29004441;137560;238;32193586;55;0;0;0
FR;1;2021-08-20;140512;309003;1532;2;328312;2;0;0;0;37582083;29313444;139092;240;32521898;57;0;0;0
FR;1;2021-08-21;84280;213208;589;0;224557;0;0;0;0;37666363;29526652;139681;240;32746455;57;0;0;0
FR;1;2021-08-22;28581;82697;233;0;86707;0;0;0;0;37694944;29609349;139914;240;32833162;57;0;0;0
FR;1;2021-08-23;118661;320983;1422;2;337782;1;0;0;0;37813605;29930332;141336;242;33170944;58;0;0;0
FR;1;2021-08-24;126671;319702;1604;5;337590;1;0;0;0;37940276;30250034;142940;247;33508534;59;0;0;0
FR;1;2021-08-25;121535;306481;1779;8;323746;2;0;0;0;38061811;30556515;144719;255;33832280;61;0;0;0
FR;1;2021-08-26;106632;286087;2162;10;302455;0;0;0;0;38168443;30842602;146881;265;34134735;61;0;0;0
FR;1;2021-08-27;107657;321637;2302;9;339031;2;0;0;0;38276100;31164239;149183;274;34473766;63;0;0;0
FR;1;2021-08-28;71022;220689;1102;0;231268;0;0;0;0;38347122;31384928;150285;274;34705034;63;0;0;0
FR;1;2021-08-29;24152;78200;469;1;82109;0;0;0;0;38371274;31463128;150754;275;34787143;63;0;0;0
FR;1;2021-08-30;96898;286305;4313;6;299798;4986;0;0;0;38468172;31749433;155067;281;35086941;5049;0;0;0
FR;1;2021-08-31;98124;276272;9294;15;289939;10092;2;0;0;38566296;32025705;164361;296;35376880;15141;2;0;0
FR;1;2021-09-01;112345;245309;21118;8;257729;22140;1;0;0;38678641;32271014;185479;304;35634609;37281;3;0;0
FR;1;2021-09-02;86766;197920;24530;18;208349;25508;0;0;0;38765407;32468934;210009;322;35842958;62789;3;0;0
FR;1;2021-09-03;82424;227509;26955;21;238981;28023;1;0;0;38847831;32696443;236964;343;36081939;90812;4;0;0
FR;1;2021-09-04;71629;189715;11140;11;199332;11703;7;0;0;38919460;32886158;248104;354;36281271;102515;11;0;0
FR;1;2021-09-05;18613;41149;4124;2;43861;4275;0;0;0;38938073;32927307;252228;356;36325132;106790;11;0;0
FR;1;2021-09-06;59814;151442;30181;15;158997;31202;2;0;0;38997887;33078749;282409;371;36484129;137992;13;0;0
FR;1;2021-09-07;57400;139663;30211;30;146836;31229;2;0;0;39055287;33218412;312620;401;36630965;169221;15;0;0
FR;1;2021-09-08;72343;173776;26925;22;182300;27940;4;0;0;39127630;33392188;339545;423;36813265;197161;19;0;0
FR;1;2021-09-09;54486;124454;28631;24;131234;29741;5;0;0;39182116;33516642;368176;447;36944499;226902;24;0;0
FR;1;2021-09-10;66217;152078;30450;24;161212;31668;5;0;0;39248333;33668720;398626;471;37105711;258570;29;0;0
FR;1;2021-09-11;52688;146630;9731;14;154148;10346;1;0;0;39301021;33815350;408357;485;37259859;268916;30;0;0
FR;1;2021-09-12;10796;29272;2487;1;30980;2650;2;0;0;39311817;33844622;410844;486;37290839;271566;32;0;0
FR;1;2021-09-13;51509;104444;38760;31;111020;40066;17;0;0;39363326;33949066;449604;517;37401859;311632;49;0;0
FR;1;2021-09-14;53340;96017;51277;67;102485;53195;35;0;0;39416666;34045083;500881;584;37504344;364827;84;0;0
FR;1;2021-09-15;60574;139250;50495;55;146444;47052;69;0;0;39477240;34184333;551376;639;37650788;411879;153;0;0
FR;1;2021-09-16;46637;81396;53351;70;86294;49599;72;0;0;39523877;34265729;604727;709;37737082;461478;225;0;0
FR;1;2021-09-17;53221;109344;45072;61;115687;42697;64;0;0;39577098;34375073;649799;770;37852769;504175;289;0;0
FR;1;2021-09-18;37876;118496;11795;19;124090;11275;20;0;0;39614974;34493569;661594;789;37976859;515450;309;0;0
FR;1;2021-09-19;6531;21037;2040;1;22140;1981;1;0;0;39621505;34514606;663634;790;37998999;517431;310;0;0
FR;1;2021-09-20;36541;74863;46228;65;78592;44185;34;0;0;39658046;34589469;709862;855;38077591;561616;344;0;0
FR;1;2021-09-21;34196;68124;56260;72;71160;52730;81;0;0;39692242;34657593;766122;927;38148751;614346;425;0;0
FR;1;2021-09-22;38835;118602;49875;76;123028;46914;41;0;0;39731077;34776195;815997;1003;38271779;661260;466;0;0
FR;1;2021-09-23;32037;62903;54504;85;65805;50908;86;0;0;39763114;34839098;870501;1088;38337584;712168;552;0;0
FR;1;2021-09-24;36797;90041;43672;89;94410;41944;61;0;0;39799911;34929139;914173;1177;38431994;754112;613;0;0
FR;1;2021-09-25;27650;96696;12307;27;101060;12182;19;0;0;39827561;35025835;926480;1204;38533054;766294;632;0;0
FR;1;2021-09-26;4386;15194;1776;5;16059;1697;4;0;0;39831947;35041029;928256;1209;38549113;767991;636;0;0
FR;1;2021-09-27;27352;60214;42912;89;63457;41633;82;0;1;39859299;35101243;971168;1298;38612570;809624;718;0;1
FR;1;2021-09-28;26912;49433;47198;76;52062;44473;46;0;0;39886211;35150676;1018366;1374;38664632;854097;764;0;1
FR;1;2021-09-29;35925;80301;47288;87;84690;45608;39;0;0;39922136;35230977;1065654;1461;38749322;899705;803;0;1
FR;1;2021-09-30;26075;46890;47525;80;49265;45459;57;0;0;39948211;35277867;1113179;1541;38798587;945164;860;0;1
FR;1;2021-10-01;47297;66932;44897;83;70829;44606;21;0;0;39995508;35344799;1158076;1624;38869416;989770;881;0;1
FR;1;2021-10-02;32383;62406;16113;32;67226;16316;8;0;0;40027891;35407205;1174189;1656;38936642;1006086;889;0;1
FR;1;2021-10-03;4341;8559;2040;3;9311;2034;4;0;0;40032232;35415764;1176229;1659;38945953;1008120;893;0;1
FR;1;2021-10-04;28977;44423;47106;79;46849;46968;34;0;0;40061209;35460187;1223335;1738;38992802;1055088;927;0;1
FR;1;2021-10-05;24565;41660;49889;116;43171;49325;52;0;0;40085774;35501847;1273224;1854;39035973;1104413;979;0;1
FR;1;2021-10-06;34655;61380;57506;102;64504;57246;28;0;0;40120429;35563227;1330730;1956;39100477;1161659;1007;0;1
FR;1;2021-10-07;21080;39905;53041;75;41096;51968;37;0;0;40141509;35603132;1383771;2031;39141573;1213627;1044;0;1
FR;1;2021-10-08;35663;59644;60402;83;62889;61146;32;0;0;40177172;35662776;1444173;2114;39204462;1274773;1076;0;1
FR;1;2021-10-09;27466;48007;25495;29;52487;26020;10;0;0;40204638;35710783;1469668;2143;39256949;1300793;1086;0;1
FR;1;2021-10-10;3725;5811;2755;7;6289;2862;1;0;0;40208363;35716594;1472423;2150;39263238;1303655;1087;0;1
FR;1;2021-10-11;24854;38231;54585;88;40320;55258;50;0;0;40233217;35754825;1527008;2238;39303558;1358913;1137;0;1
FR;1;2021-10-12;23379;36595;58069;128;37114;59217;20;0;0;40256596;35791420;1585077;2366;39340672;1418130;1157;0;1
FR;1;2021-10-13;32968;47829;64171;125;50645;65686;26;0;1;40289564;35839249;1649248;2491;39391317;1483816;1183;0;2
FR;1;2021-10-14;21712;34774;53768;103;35687;54354;25;0;0;40311276;35874023;1703016;2594;39427004;1538170;1208;0;2
FR;1;2021-10-15;32749;48783;72327;165;50490;75007;29;0;0;40344025;35922806;1775343;2759;39477494;1613177;1237;0;2
FR;1;2021-10-16;26010;35288;34870;44;38310;36418;15;0;0;40370035;35958094;1810213;2803;39515804;1649595;1252;0;2
FR;1;2021-10-17;3158;4050;3417;2;4493;3318;3;0;0;40373193;35962144;1813630;2805;39520297;1652913;1255;0;2
FR;1;2021-10-18;24326;34891;66838;132;34937;69711;32;0;0;40397519;35997035;1880468;2937;39555234;1722624;1287;0;2
FR;1;2021-10-19;20720;35591;75662;135;33255;79582;43;0;0;40418239;36032626;1956130;3072;39588489;1802206;1330;0;2
FR;1;2021-10-20;29913;44210;96178;178;43299;99854;50;0;0;40448152;36076836;2052308;3250;39631788;1902060;1380;0;2
FR;1;2021-10-21;19801;35062;83180;107;31782;87029;34;0;0;40467953;36111898;2135488;3357;39663570;1989089;1414;0;2
FR;1;2021-10-22;29754;47776;103748;196;44591;109696;66;0;0;40497707;36159674;2239236;3553;39708161;2098785;1480;0;2
FR;1;2021-10-23;23052;35146;44870;57;36141;47378;13;0;0;40520759;36194820;2284106;3610;39744302;2146163;1493;0;2
FR;1;2021-10-24;2405;3848;3583;6;4043;3719;1;0;0;40523164;36198668;2287689;3616;39748345;2149882;1494;0;2
FR;1;2021-10-25;22496;30751;82026;143;29649;85823;39;0;0;40545660;36229419;2369715;3759;39777994;2235705;1533;0;2
FR;1;2021-10-26;19365;27672;86114;162;24775;90339;32;0;0;40565025;36257091;2455829;3921;39802769;2326044;1565;0;2
FR;1;2021-10-27;26215;39634;107807;252;37335;112708;55;0;0;40591240;36296725;2563636;4173;39840104;2438752;1620;0;2
FR;1;2021-10-28;18800;27125;86957;150;23517;91706;41;0;0;40610040;36323850;2650593;4323;39863621;2530458;1661;0;2
FR;1;2021-10-29;25929;40279;114830;202;35530;121650;55;0;0;40635969;36364129;2765423;4525;39899151;2652108;1716;0;2
FR;1;2021-10-30;17709;28715;49370;74;28314;51955;20;0;0;40653678;36392844;2814793;4599;39927465;2704063;1736;0;2
FR;1;2021-10-31;2086;3174;3451;2;3219;3685;2;0;0;40655764;36396018;2818244;4601;39930684;2707748;1738;0;2
FR;1;2021-11-01;8011;4268;3031;3;4352;3290;6;0;0;40663775;36400286;2821275;4604;39935036;2711038;1744;0;2
FR;1;2021-11-02;22908;33227;92400;156;29197;97836;41;0;1;40686683;36433513;2913675;4760;39964233;2808874;1785;0;3
FR;1;2021-11-03;26633;41572;117506;217;37041;123870;62;0;0;40713316;36475085;3031181;4977;40001274;2932744;1847;0;3
FR;1;2021-11-04;19624;30319;105812;213;24213;111955;45;0;0;40732940;36505404;3136993;5190;40025487;3044699;1892;0;3
FR;1;2021-11-05;27020;42323;138781;230;34230;147440;51;0;0;40759960;36547727;3275774;5420;40059717;3192139;1943;0;3
FR;1;2021-11-06;18859;29822;63483;123;27628;66494;27;0;0;40778819;36577549;3339257;5543;40087345;3258633;1970;0;3
FR;1;2021-11-07;1832;3285;4979;6;3035;5303;5;0;0;40780651;36580834;3344236;5549;40090380;3263936;1975;0;3
FR;1;2021-11-08;17876;32268;126004;224;25412;132636;52;0;0;40798527;36613102;3470240;5773;40115792;3396572;2027;0;3
FR;1;2021-11-09;19516;37637;159307;334;26182;169096;75;0;0;40818043;36650739;3629547;6107;40141974;3565668;2102;0;3
FR;1;2021-11-10;28886;49113;181907;440;39069;192524;91;0;0;40846929;36699852;3811454;6547;40181043;3758192;2193;0;3
FR;1;2021-11-11;4188;5946;12233;26;5115;13027;14;0;0;40851117;36705798;3823687;6573;40186158;3771219;2207;0;3
FR;1;2021-11-12;26021;46857;174822;244;35341;186496;86;0;0;40877138;36752655;3998509;6817;40221499;3957715;2293;0;3
FR;1;2021-11-13;18733;29154;76840;111;25391;81778;43;0;0;40895871;36781809;4075349;6928;40246890;4039493;2336;0;3
FR;1;2021-11-14;2048;3251;6822;5;2803;7353;6;0;0;40897919;36785060;4082171;6933;40249693;4046846;2342;0;3
FR;1;2021-11-15;18784;34778;156428;305;24687;166247;66;0;0;40916703;36819838;4238599;7238;40274380;4213093;2408;0;3
FR;1;2021-11-16;21360;37901;192123;380;23423;205017;106;0;1;40938063;36857739;4430722;7618;40297803;4418110;2514;0;4
FR;1;2021-11-17;28666;45596;193236;398;33078;205042;98;0;0;40966729;36903335;4623958;8016;40330881;4623152;2612;0;4
FR;1;2021-11-18;21141;39577;182506;458;25169;194574;92;0;0;40987870;36942912;4806464;8474;40356050;4817726;2704;0;4
FR;1;2021-11-19;30889;53362;230255;532;34878;246723;143;0;0;41018759;36996274;5036719;9006;40390928;5064449;2847;0;4
FR;1;2021-11-20;23765;33234;96989;201;26755;103630;48;0;0;41042524;37029508;5133708;9207;40417683;5168079;2895;0;4
FR;1;2021-11-21;2339;3920;9123;19;2957;9942;16;0;0;41044863;37033428;5142831;9226;40420640;5178021;2911;0;4
FR;1;2021-11-22;21421;30377;175912;466;17001;189448;78;0;0;41066284;37063805;5318743;9692;40437641;5367469;2989;0;4
FR;1;2021-11-23;24021;41023;221232;540;21385;237966;77;0;0;41090305;37104828;5539975;10232;40459026;5605435;3066;0;4
FR;1;2021-11-24;30297;49715;217371;701;32049;234547;66;0;0;41120602;37154543;5757346;10933;40491075;5839982;3132;0;4
FR;1;2021-11-25;23731;44078;244481;718;22144;264141;101;0;0;41144333;37198621;6001827;11651;40513219;6104123;3233;0;4
FR;1;2021-11-26;30625;66711;356814;836;33356;388569;152;0;0;41174958;37265332;6358641;12487;40546575;6492692;3385;0;4
FR;1;2021-11-27;21961;45340;202641;372;26242;222660;116;0;0;41196919;37310672;6561282;12859;40572817;6715352;3501;0;4
FR;1;2021-11-28;3169;9590;54792;63;3496;61016;37;0;0;41200088;37320262;6616074;12922;40576313;6776368;3538;0;4
FR;1;2021-11-29;17878;49504;326395;841;20867;354485;149;0;0;41217966;37369766;6942469;13763;40597180;7130853;3687;0;4
FR;1;2021-11-30;22785;64909;431152;952;23942;470774;260;0;0;41240751;37434675;7373621;14715;40621122;7601627;3947;0;4
FR;1;2021-12-01;25341;69238;442902;1131;28626;481766;270;0;0;41266092;37503913;7816523;15846;40649748;8083393;4217;0;4
FR;1;2021-12-02;20071;64512;489406;1228;18633;532920;271;0;0;41286163;37568425;8305929;17074;40668381;8616313;4488;0;4
FR;1;2021-12-03;22898;82478;542782;1309;30475;591772;306;0;0;41309061;37650903;8848711;18383;40698856;9208085;4794;0;4
FR;1;2021-12-04;16397;53916;299102;654;23327;328961;187;0;0;41325458;37704819;9147813;19037;40722183;9537046;4981;0;4
FR;1;2021-12-05;3634;13835;81532;143;4232;91054;84;0;0;41329092;37718654;9229345;19180;40726415;9628100;5065;0;4
FR;1;2021-12-06;25824;62575;415453;1066;22227;455174;354;0;0;41354916;37781229;9644798;20246;40748642;10083274;5419;0;4
FR;1;2021-12-07;19998;75587;522986;1535;24449;572596;372;0;0;41374914;37856816;10167784;21781;40773091;10655870;5791;0;4
FR;1;2021-12-08;21699;75681;458429;1544;30792;502115;378;0;0;41396613;37932497;10626213;23325;40803883;11157985;6169;0;4
FR;1;2021-12-09;19450;74054;492938;1625;24496;540898;396;0;0;41416063;38006551;11119151;24950;40828379;11698883;6565;0;4
FR;1;2021-12-10;23310;87676;547389;1585;32584;600020;388;0;1;41439373;38094227;11666540;26535;40860963;12298903;6953;0;5
FR;1;2021-12-11;16533;59186;302749;751;26049;335484;280;0;0;41455906;38153413;11969289;27286;40887012;12634387;7233;0;5
FR;1;2021-12-12;4376;15948;83220;179;5289;94053;96;0;0;41460282;38169361;12052509;27465;40892301;12728440;7329;0;5
FR;1;2021-12-13;15752;63587;366993;1094;24093;406274;234;0;0;41476034;38232948;12419502;28559;40916394;13134714;7563;0;5
FR;1;2021-12-14;20861;80295;464776;1746;28823;515233;503;0;1;41496895;38313243;12884278;30305;40945217;13649947;8066;0;6
FR;1;2021-12-15;21612;77475;409087;1309;33182;453165;311;0;1;41518507;38390718;13293365;31614;40978399;14103112;8377;0;7
FR;1;2021-12-16;20047;77275;451876;1578;28110;500639;324;0;0;41538554;38467993;13745241;33192;41006509;14603751;8701;0;7
FR;1;2021-12-17;22614;86568;479944;1736;34824;530978;369;0;0;41561168;38554561;14225185;34928;41041333;15134729;9070;0;7
FR;1;2021-12-18;17604;54668;257625;730;24773;288524;229;0;0;41578772;38609229;14482810;35658;41066106;15423253;9299;0;7
FR;1;2021-12-19;5552;17006;79182;194;5950;90709;116;0;0;41584324;38626235;14561992;35852;41072056;15513962;9415;0;7
FR;1;2021-12-20;20934;63113;316246;1081;26692;355307;281;0;0;41605258;38689348;14878238;36933;41098748;15869269;9696;0;7
FR;1;2021-12-21;26327;73068;372755;1423;30765;418083;335;0;0;41631585;38762416;15250993;38356;41129513;16287352;10031;0;7
FR;1;2021-12-22;24980;65861;310640;1217;29750;349600;362;0;1;41656565;38828277;15561633;39573;41159263;16636952;10393;0;8
FR;1;2021-12-23;21272;52253;241491;956;23476;273038;360;0;0;41677837;38880530;15803124;40529;41182739;16909990;10753;0;8
FR;1;2021-12-24;7126;18336;67157;258;9293;77066;154;0;1;41684963;38898866;15870281;40787;41192032;16987056;10907;0;9
FR;1;2021-12-25;507;2881;5588;15;1807;6538;55;0;0;41685470;38901747;15875869;40802;41193839;16993594;10962;0;9
FR;1;2021-12-26;2749;7580;26940;71;3497;31456;97;0;0;41688219;38909327;15902809;40873;41197336;17025050;11059;0;9
FR;1;2021-12-27;18308;53573;235117;705;25558;265779;363;0;0;41706527;38962900;16137926;41578;41222894;17290829;11422;0;9
FR;1;2021-12-28;23300;62015;292036;1026;27122;330210;595;0;1;41729827;39024915;16429962;42604;41250016;17621039;12017;0;10
FR;1;2021-12-29;22218;55515;255004;920;25370;288225;646;0;1;41752045;39080430;16684966;43524;41275386;17909264;12663;0;11
FR;1;2021-12-30;21241;46527;212165;858;22533;239635;717;0;0;41773286;39126957;16897131;44382;41297919;18148899;13380;0;11
FR;1;2021-12-31;7466;16576;61873;229;8754;70410;347;0;0;41780752;39143533;16959004;44611;41306673;18219309;13727;0;11
FR;1;2022-01-01;1157;2498;5660;30;1541;6579;72;0;0;41781909;39146031;16964664;44641;41308214;18225888;13799;0;11
FR;1;2022-01-02;3084;8078;28890;50;3674;33530;191;0;0;41784993;39154109;16993554;44691;41311888;18259418;13990;0;11
FR;1;2022-01-03;25170;54250;228240;789;27606;257708;958;0;1;41810163;39208359;17221794;45480;41339494;18517126;14948;0;12
FR;1;2022-01-04;26130;65077;299260;1238;29887;337283;1372;0;2;41836293;39273436;17521054;46718;41369381;18854409;16320;0;14
FR;1;2022-01-05;30499;64329;274881;1099;32595;310252;1265;0;0;41866792;39337765;17795935;47817;41401976;19164661;17585;0;14
FR;1;2022-01-06;26834;66248;306886;1399;29325;346547;1563;0;1;41893626;39404013;18102821;49216;41431301;19511208;19148;0;15
FR;1;2022-01-07;31563;75059;349834;1538;34462;393976;1826;0;1;41925189;39479072;18452655;50754;41465763;19905184;20974;0;16
FR;1;2022-01-08;23388;51396;222495;698;25613;251117;913;0;1;41948577;39530468;18675150;51452;41491376;20156301;21887;0;17
FR;1;2022-01-09;7090;17164;66025;163;8189;76143;335;0;0;41955667;39547632;18741175;51615;41499565;20232444;22222;0;17
FR;1;2022-01-10;21788;60692;236803;955;32991;267621;1257;0;1;41977455;39608324;18977978;52570;41532556;20500065;23479;0;18
FR;1;2022-01-11;26762;63507;282289;1277;31262;317825;1831;0;1;42004217;39671831;19260267;53847;41563818;20817890;25310;0;19
FR;1;2022-01-12;28953;62550;246261;1105;35118;278044;1681;0;3;42033170;39734381;19506528;54952;41598936;21095934;26991;0;22
FR;1;2022-01-13;24778;60227;262798;1253;30095;296124;1994;0;4;42057948;39794608;19769326;56205;41629031;21392058;28985;0;26
FR;1;2022-01-14;27967;66773;314009;1366;32188;351269;2474;0;1;42085915;39861381;20083335;57571;41661219;21743327;31459;0;27
FR;1;2022-01-15;19362;44447;199313;619;22490;223863;1362;0;1;42105277;39905828;20282648;58190;41683709;21967190;32821;0;28
FR;1;2022-01-16;5159;12990;51526;135;6040;59562;337;0;0;42110436;39918818;20334174;58325;41689749;22026752;33158;0;28
FR;1;2022-01-17;16867;39761;184826;781;20180;206832;1690;0;2;42127303;39958579;20519000;59106;41709929;22233584;34848;0;30
FR;1;2022-01-18;19452;46013;212425;1154;23014;237048;2456;0;1;42146755;40004592;20731425;60260;41732943;22470632;37304;0;31
FR;1;2022-01-19;20308;44012;176106;897;25516;197190;1974;0;4;42167063;40048604;20907531;61157;41758459;22667822;39278;0;35
FR;1;2022-01-20;16838;40622;183683;1138;20837;204745;2512;0;2;42183901;40089226;21091214;62295;41779296;22872567;41790;0;37
FR;1;2022-01-21;19914;47079;228958;1405;23940;253350;3108;0;1;42203815;40136305;21320172;63700;41803236;23125917;44898;0;38
FR;1;2022-01-22;13842;33366;144495;578;18456;161388;1406;0;2;42217657;40169671;21464667;64278;41821692;23287305;46304;0;40
FR;1;2022-01-23;3377;8775;33427;132;4580;38320;352;0;1;42221034;40178446;21498094;64410;41826272;23325625;46656;0;41
FR;1;2022-01-24;11805;33002;142216;710;17812;158258;2101;0;1;42232839;40211448;21640310;65120;41844084;23483883;48757;0;42
FR;1;2022-01-25;14212;38217;163405;1048;20309;181571;3177;0;1;42247051;40249665;21803715;66168;41864393;23665454;51934;0;43
FR;1;2022-01-26;14862;37712;150253;933;22644;166358;2518;0;1;42261913;40287377;21953968;67101;41887037;23831812;54452;0;44
FR;1;2022-01-27;12339;33308;143451;889;18499;158001;3225;0;3;42274252;40320685;22097419;67990;41905536;23989813;57677;0;47
FR;1;2022-01-28;16322;56976;198315;1143;32702;222413;4004;0;3;42290574;40377661;22295734;69133;41938238;24212226;61681;0;50
FR;1;2022-01-29;10268;35500;135206;525;19626;151548;1878;0;1;42300842;40413161;22430940;69658;41957864;24363774;63559;0;51
FR;1;2022-01-30;2484;9280;29681;86;4836;34460;435;0;1;42303326;40422441;22460621;69744;41962700;24398234;63994;0;52
FR;1;2022-01-31;8758;32505;104342;533;19496;117372;2341;0;3;42312084;40454946;22564963;70277;41982196;24515606;66335;0;55
FR;1;2022-02-01;10992;36492;127072;865;20654;141245;4341;0;1;42323076;40491438;22692035;71142;42002850;24656851;70676;0;56
FR;1;2022-02-02;12037;41618;130354;782;25285;145839;3780;0;9;42335113;40533056;22822389;71924;42028135;24802690;74456;0;65
FR;1;2022-02-03;9269;34059;117014;784;19108;130354;4299;0;4;42344382;40567115;22939403;72708;42047243;24933044;78755;0;69
FR;1;2022-02-04;11522;48427;172581;967;25702;192761;5496;0;5;42355904;40615542;23111984;73675;42072945;25125805;84251;0;74
FR;1;2022-02-05;7995;33946;117585;391;18180;133044;2430;0;3;42363899;40649488;23229569;74066;42091125;25258849;86681;0;77
FR;1;2022-02-06;1706;8004;22752;85;3876;26908;444;0;0;42365605;40657492;23252321;74151;42095001;25285757;87125;0;77
FR;1;2022-02-07;7333;35430;119100;459;18196;134976;3399;0;4;42372938;40692922;23371421;74610;42113197;25420733;90524;0;81
FR;1;2022-02-08;7760;31951;125655;693;14884;140643;4300;0;5;42380698;40724873;23497076;75303;42128081;25561376;94824;0;86
FR;1;2022-02-09;8652;36518;135253;699;17919;152497;3881;0;7;42389350;40761391;23632329;76002;42146000;25713873;98705;0;93
FR;1;2022-02-10;7021;30090;116374;674;13853;130162;4443;0;1;42396371;40791481;23748703;76676;42159853;25844035;103148;0;94
FR;1;2022-02-11;8655;41544;165135;878;18359;185359;5430;0;3;42405026;40833025;23913838;77554;42178212;26029394;108578;0;97
FR;1;2022-02-12;5340;27605;106703;379;12529;120888;2395;0;2;42410366;40860630;24020541;77933;42190741;26150282;110973;0;99
FR;1;2022-02-13;1259;5718;21717;66;2187;25333;402;0;3;42411625;40866348;24042258;77999;42192928;26175615;111375;0;102
FR;1;2022-02-14;5456;27219;118085;394;10634;133112;3384;0;4;42417081;40893567;24160343;78393;42203562;26308727;114759;0;106
FR;1;2022-02-15;5790;28856;118924;611;12205;132555;4882;0;1;42422871;40922423;24279267;79004;42215767;26441282;119641;0;107
FR;1;2022-02-16;5756;28482;110419;596;13744;123050;4152;0;3;42428627;40950905;24389686;79600;42229511;26564332;123793;0;110
FR;1;2022-02-17;4613;19733;73142;487;10119;80249;3995;0;3;42433240;40970638;24462828;80087;42239630;26644581;127788;0;113
FR;1;2022-02-18;5605;26787;99202;672;14159;108162;5518;0;2;42438845;40997425;24562030;80759;42253789;26752743;133306;0;115
FR;1;2022-02-19;3549;17177;59478;304;9568;66059;2266;0;0;42442394;41014602;24621508;81063;42263357;26818802;135572;0;115
FR;1;2022-02-20;790;3256;10705;36;1649;12332;360;0;1;42443184;41017858;24632213;81099;42265006;26831134;135932;0;116
FR;1;2022-02-21;3424;14589;52828;286;7911;57675;3126;0;2;42446608;41032447;24685041;81385;42272917;26888809;139058;0;118
FR;1;2022-02-22;3796;15539;51913;500;9035;55651;4069;0;1;42450404;41047986;24736954;81885;42281952;26944460;143127;0;119
FR;1;2022-02-23;4232;17820;57471;508;10739;62571;3568;0;3;42454636;41065806;24794425;82393;42292691;27007031;146695;0;122
FR;1;2022-02-24;3342;13109;43613;436;7802;46401;3660;0;2;42457978;41078915;24838038;82829;42300493;27053432;150355;0;124
FR;1;2022-02-25;4472;19905;64922;696;12024;68793;5767;0;4;42462450;41098820;24902960;83525;42312517;27122225;156122;0;128
FR;1;2022-02-26;2693;12801;41369;310;7648;45122;2494;0;2;42465143;41111621;24944329;83835;42320165;27167347;158616;0;130
FR;1;2022-02-27;644;2189;7127;42;1205;7992;431;0;0;42465787;41113810;24951456;83877;42321370;27175339;159047;0;130
FR;1;2022-02-28;2612;10488;34958;306;6070;37384;3124;0;0;42468399;41124298;24986414;84183;42327440;27212723;162171;0;130
FR;1;2022-03-01;3578;10751;38701;391;6356;39657;4547;0;4;42471977;41135049;25025115;84574;42333796;27252380;166718;0;134
FR;1;2022-03-02;3673;12181;41857;397;7448;43927;4108;0;1;42475650;41147230;25066972;84971;42341244;27296307;170826;0;135
FR;1;2022-03-03;2454;7979;26177;326;5235;26515;3377;0;1;42478104;41155209;25093149;85297;42346479;27322822;174203;0;136
FR;1;2022-03-04;2684;10472;35433;592;6902;34928;5276;0;3;42480788;41165681;25128582;85889;42353381;27357750;179479;0;139
FR;1;2022-03-05;1820;6360;21966;280;4201;22363;2570;0;1;42482608;41172041;25150548;86169;42357582;27380113;182049;0;140
FR;1;2022-03-06;358;955;2917;38;601;3120;327;0;0;42482966;41172996;25153465;86207;42358183;27383233;182376;0;140
FR;1;2022-03-07;1757;4716;16437;245;3039;15903;2831;0;4;42484723;41177712;25169902;86452;42361222;27399136;185207;0;144
FR;1;2022-03-08;1703;5255;17167;309;3667;15995;3471;0;3;42486426;41182967;25187069;86761;42364889;27415131;188678;0;147
FR;1;2022-03-09;1987;6676;19807;370;4751;19167;3420;0;4;42488413;41189643;25206876;87131;42369640;27434298;192098;0;151
FR;1;2022-03-10;1406;4997;15285;308;3648;14325;2942;0;2;42489819;41194640;25222161;87439;42373288;27448623;195040;0;153
FR;1;2022-03-11;1753;6405;21707;484;4438;19862;4734;0;1;42491572;41201045;25243868;87923;42377726;27468485;199774;0;154
FR;1;2022-03-12;1246;4651;15361;280;3094;14911;2684;0;2;42492818;41205696;25259229;88203;42380820;27483396;202458;0;156
FR;1;2022-03-13;253;612;2120;119;412;2066;468;0;0;42493071;41206308;25261349;88322;42381232;27485462;202926;0;156
FR;1;2022-03-14;1146;3677;13404;3879;2292;12526;6339;0;8;42494217;41209985;25274753;92201;42383524;27497988;209265;0;164
FR;1;2022-03-15;1400;5740;14655;6861;4323;13254;9840;0;8;42495617;41215725;25289408;99062;42387847;27511242;219105;0;172
FR;1;2022-03-16;1693;5080;17393;11518;3591;16456;14124;0;6;42497310;41220805;25306801;110580;42391438;27527698;233229;0;178
FR;1;2022-03-17;1171;3439;11726;9648;2362;10824;11729;0;8;42498481;41224244;25318527;120228;42393800;27538522;244958;0;186
FR;1;2022-03-18;1727;4928;17967;16504;3323;16406;19718;0;14;42500208;41229172;25336494;136732;42397123;27554928;264676;0;200
FR;1;2022-03-19;1126;3299;11890;8455;2275;11358;10138;0;6;42501334;41232471;25348384;145187;42399398;27566286;274814;0;206
FR;1;2022-03-20;224;559;1724;1014;361;1758;1224;0;2;42501558;41233030;25350108;146201;42399759;27568044;276038;0;208
FR;1;2022-03-21;1086;2764;11493;13460;1784;10842;15141;0;10;42502644;41235794;25361601;159661;42401543;27578886;291179;0;218
FR;1;2022-03-22;1237;3209;12257;18713;2150;11245;20616;0;5;42503881;41239003;25373858;178374;42403693;27590131;311795;0;223
FR;1;2022-03-23;1506;4352;16027;20112;2947;15711;21881;0;34;42505387;41243355;25389885;198486;42406640;27605842;333676;0;257
FR;1;2022-03-24;1116;2750;10397;16052;1909;9659;17556;0;15;42506503;41246105;25400282;214538;42408549;27615501;351232;0;272
FR;1;2022-03-25;1534;4357;16746;25299;2874;15398;27943;0;23;42508037;41250462;25417028;239837;42411423;27630899;379175;0;295
FR;1;2022-03-26;1108;3012;10855;11450;2061;10516;12862;0;20;42509145;41253474;25427883;251287;42413484;27641415;392037;0;315
FR;1;2022-03-27;233;546;1751;1381;333;1804;1592;0;1;42509378;41254020;25429634;252668;42413817;27643219;393629;0;316
FR;1;2022-03-28;1082;2482;9975;15884;1549;9598;17227;0;10;42510460;41256502;25439609;268552;42415366;27652817;410856;0;326
FR;1;2022-03-29;1142;2740;11554;25103;1589;10922;26498;0;30;42511602;41259242;25451163;293655;42416955;27663739;437354;0;356
FR;1;2022-03-30;1630;3593;14169;24213;2366;13700;25888;0;19;42513232;41262835;25465332;317868;42419321;27677439;463242;0;375
FR;1;2022-03-31;1279;3011;11692;22668;2037;11199;23995;0;40;42514511;41265846;25477024;340536;42421358;27688638;487237;0;415
FR;1;2022-04-01;2231;4020;18482;28528;2474;17351;30801;0;52;42516742;41269866;25495506;369064;42423832;27705989;518038;0;467
FR;1;2022-04-02;909;1885;8190;9226;1103;7939;10228;0;28;42517651;41271751;25503696;378290;42424935;27713928;528266;0;495
FR;1;2022-04-03;203;379;1432;1057;217;1433;1248;0;1;42517854;41272130;25505128;379347;42425152;27715361;529514;0;496
FR;1;2022-04-04;2213;2468;11367;17673;1548;10756;18895;0;30;42520067;41274598;25516495;397020;42426700;27726117;548409;0;526
FR;1;2022-04-05;2029;2707;12999;31183;1693;12022;32566;0;67;42522096;41277305;25529494;428203;42428393;27738139;580975;0;593
FR;1;2022-04-06;1793;2997;12202;23922;1905;11632;25225;0;62;42523889;41280302;25541696;452125;42430298;27749771;606200;0;655
FR;1;2022-04-07;1404;2732;12349;31068;1632;11813;32145;0;68;42525293;41283034;25554045;483193;42431930;27761584;638345;0;723
FR;1;2022-04-08;1627;3626;17558;40611;2016;16468;42679;0;76;42526920;41286660;25571603;523804;42433946;27778052;681024;0;799
FR;1;2022-04-09;820;1995;8404;12499;1073;8102;13499;0;26;42527740;41288655;25580007;536303;42435019;27786154;694523;0;825
FR;1;2022-04-10;200;626;1834;1853;391;1878;2074;0;6;42527940;41289281;25581841;538156;42435410;27788032;696597;0;831
FR;1;2022-04-11;1069;2244;10964;22332;1293;10679;23440;0;68;42529009;41291525;25592805;560488;42436703;27798711;720037;0;899
FR;1;2022-04-12;1326;2630;12817;38116;1547;12304;38866;0;119;42530335;41294155;25605622;598604;42438250;27811015;758903;0;1018
FR;1;2022-04-13;1271;2869;12269;30615;1764;12001;31385;0;85;42531606;41297024;25617891;629219;42440014;27823016;790288;0;1103
FR;1;2022-04-14;1220;2549;12113;33617;1558;12120;34055;0;88;42532826;41299573;25630004;662836;42441572;27835136;824343;0;1191
FR;1;2022-04-15;1492;3170;14397;33259;1995;13796;34659;0;107;42534318;41302743;25644401;696095;42443567;27848932;859002;0;1298
FR;1;2022-04-16;658;1403;5843;7987;761;5768;8748;0;31;42534976;41304146;25650244;704082;42444328;27854700;867750;0;1329
FR;1;2022-04-17;155;288;929;1120;175;974;1170;0;7;42535131;41304434;25651173;705202;42444503;27855674;868920;0;1336
FR;1;2022-04-18;165;466;2634;1000;283;2658;1184;0;5;42535296;41304900;25653807;706202;42444786;27858332;870104;0;1341
FR;1;2022-04-19;1247;2590;11784;27928;1477;11514;28783;0;69;42536543;41307490;25665591;734130;42446263;27869846;898887;0;1410
FR;1;2022-04-20;1345;2636;12175;26854;1639;12016;27689;0;81;42537888;41310126;25677766;760984;42447902;27881862;926576;0;1491
FR;1;2022-04-21;1241;2459;11546;33262;1509;11757;33619;0;107;42539129;41312585;25689312;794246;42449411;27893619;960195;0;1598
FR;1;2022-04-22;1511;3078;15211;35494;1909;14790;36691;0;120;42540640;41315663;25704523;829740;42451320;27908409;996886;0;1718
FR;1;2022-04-23;760;1581;6732;9891;916;6638;10575;0;30;42541400;41317244;25711255;839631;42452236;27915047;1007461;0;1748
FR;1;2022-04-24;196;373;1373;1520;237;1328;1743;0;7;42541596;41317617;25712628;841151;42452473;27916375;1009204;0;1755
FR;1;2022-04-25;1036;2130;9851;19691;1251;9752;20514;0;64;42542632;41319747;25722479;860842;42453724;27926127;1029718;0;1819
FR;1;2022-04-26;1348;2621;12599;36564;1601;12201;37149;0;163;42543980;41322368;25735078;897406;42455325;27938328;1066867;0;1982
FR;1;2022-04-27;1328;2404;10650;29200;1459;10785;29588;0;122;42545308;41324772;25745728;926606;42456784;27949113;1096455;0;2104
FR;1;2022-04-28;1280;2403;11559;34265;1510;11401;34414;0;127;42546588;41327175;25757287;960871;42458294;27960514;1130869;0;2231
FR;1;2022-04-29;1611;4267;14396;35523;3142;13848;36811;0;153;42548199;41331442;25771683;996394;42461436;27974362;1167680;0;2384
FR;1;2022-04-30;831;1946;6445;9169;1376;6287;9970;0;35;42549030;41333388;25778128;1005563;42462812;27980649;1177650;0;2419
FR;1;2022-05-01;177;286;830;948;189;823;1077;0;5;42549207;41333674;25778958;1006511;42463001;27981472;1178727;0;2424
FR;1;2022-05-02;1700;2596;10374;16932;1751;10298;17614;0;64;42550907;41336270;25789332;1023443;42464752;27991770;1196341;0;2488
FR;1;2022-05-03;1580;2868;12702;32886;1753;12594;33686;0;149;42552487;41339138;25802034;1056329;42466505;28004364;1230027;0;2637
FR;1;2022-05-04;1365;2736;11229;23800;1682;11389;24338;0;96;42553852;41341874;25813263;1080129;42468187;28015753;1254365;0;2733
FR;1;2022-05-05;1472;2639;12178;31840;1627;12103;32387;0;169;42555324;41344513;25825441;1111969;42469814;28027856;1286752;0;2902
FR;1;2022-05-06;1814;3229;14232;34913;1907;13814;36176;0;166;42557138;41347742;25839673;1146882;42471721;28041670;1322928;0;3068
FR;1;2022-05-07;854;1470;5976;9093;876;6010;9727;0;44;42557992;41349212;25845649;1155975;42472597;28047680;1332655;0;3112
FR;1;2022-05-08;190;328;1059;1471;221;1121;1547;0;8;42558182;41349540;25846708;1157446;42472818;28048801;1334202;0;3120
FR;1;2022-05-09;1128;2011;9246;19259;1152;9160;20032;0;93;42559310;41351551;25855954;1176705;42473970;28057961;1354234;0;3213
FR;1;2022-05-10;1479;2936;12614;37118;1845;12212;38017;0;177;42560789;41354487;25868568;1213823;42475815;28070173;1392251;0;3390
FR;1;2022-05-11;1432;2466;9907;26016;1685;9852;26538;0;141;42562221;41356953;25878475;1239839;42477500;28080025;1418789;0;3531
FR;1;2022-05-12;1316;2422;10515;33582;1514;10216;34226;0;188;42563537;41359375;25888990;1273421;42479014;28090241;1453015;0;3719
FR;1;2022-05-13;1608;2800;12760;35742;1678;12407;36837;0;149;42565145;41362175;25901750;1309163;42480692;28102648;1489852;0;3868
FR;1;2022-05-14;781;1319;5480;10213;806;5364;10728;0;51;42565926;41363494;25907230;1319376;42481498;28108012;1500580;0;3919
FR;1;2022-05-15;220;416;1182;1350;241;1252;1495;0;5;42566146;41363910;25908412;1320726;42481739;28109264;1502075;0;3924
FR;1;2022-05-16;969;1774;8070;20105;995;8124;20527;0;117;42567115;41365684;25916482;1340831;42482734;28117388;1522602;0;4041
FR;1;2022-05-17;1291;2292;11116;36176;1376;10723;36958;0;172;42568406;41367976;25927598;1377007;42484110;28128111;1559560;0;4213
FR;1;2022-05-18;1307;2127;9035;25716;1359;8986;26274;0;99;42569713;41370103;25936633;1402723;42485469;28137097;1585834;0;4312
FR;1;2022-05-19;1197;2392;9850;33988;1401;9945;34189;0;150;42570910;41372495;25946483;1436711;42486870;28147042;1620023;0;4462
FR;1;2022-05-20;1561;2751;12525;37640;1714;12108;38499;0;151;42572471;41375246;25959008;1474351;42488584;28159150;1658522;0;4613
FR;1;2022-05-21;774;1373;5246;9374;864;5164;9943;0;37;42573245;41376619;25964254;1483725;42489448;28164314;1668465;0;4650
FR;1;2022-05-22;191;292;949;1395;203;950;1517;0;10;42573436;41376911;25965203;1485120;42489651;28165264;1669982;0;4660
FR;1;2022-05-23;967;1881;8368;19406;1167;8344;20022;0;79;42574403;41378792;25973571;1504526;42490818;28173608;1690004;0;4739
FR;1;2022-05-24;1284;2444;10719;37242;1432;10587;37817;0;173;42575687;41381236;25984290;1541768;42492250;28184195;1727821;0;4912
FR;1;2022-05-25;1271;2295;8791;23672;1422;8952;24036;0;111;42576958;41383531;25993081;1565440;42493672;28193147;1751857;0;5023
FR;1;2022-05-26;168;374;1580;1154;251;1575;1283;0;27;42577126;41383905;25994661;1566594;42493923;28194722;1753140;0;5050
FR;1;2022-05-27;1112;2181;8782;20452;1365;8532;21403;0;84;42578238;41386086;26003443;1587046;42495288;28203254;1774543;0;5134
FR;1;2022-05-28;486;1050;3688;6538;617;3726;6926;0;37;42578724;41387136;26007131;1593584;42495905;28206980;1781469;0;5171
FR;1;2022-05-29;121;257;706;893;149;717;1002;0;4;42578845;41387393;26007837;1594477;42496054;28207697;1782471;0;5175
FR;1;2022-05-30;830;1728;6558;18534;1031;6590;18988;0;85;42579675;41389121;26014395;1613011;42497085;28214287;1801459;0;5260
FR;1;2022-05-31;1267;2216;9241;34367;1351;9110;34967;0;159;42580942;41391337;26023636;1647378;42498436;28223397;1836426;0;5419
FR;1;2022-06-01;1309;2592;10429;23447;1737;10291;24294;0;115;42582251;41393929;26034065;1670825;42500173;28233688;1860720;0;5534
FR;1;2022-06-02;1221;2303;10664;34128;1441;10241;34964;0;161;42583472;41396232;26044729;1704953;42501614;28243929;1895684;0;5695
FR;1;2022-06-03;1443;2730;12697;37094;1721;12117;38271;0;157;42584915;41398962;26057426;1742047;42503335;28256046;1933955;0;5852
FR;1;2022-06-04;681;1261;4746;8676;758;4822;9166;0;62;42585596;41400223;26062172;1750723;42504093;28260868;1943121;0;5914
FR;1;2022-06-05;130;290;810;1048;150;832;1153;0;3;42585726;41400513;26062982;1751771;42504243;28261700;1944274;0;5917
FR;1;2022-06-06;431;1125;2021;1195;951;2035;1370;0;9;42586157;41401638;26065003;1752966;42505194;28263735;1945644;0;5926
FR;1;2022-06-07;1156;2323;9178;34039;1418;8839;35137;0;143;42587313;41403961;26074181;1787005;42506612;28272574;1980781;0;6069
FR;1;2022-06-08;1112;2238;8669;27542;1404;8549;28415;0;107;42588425;41406199;26082850;1814547;42508016;28281123;2009196;0;6176
FR;1;2022-06-09;1066;2144;9980;37553;1276;9665;38319;0;148;42589491;41408343;26092830;1852100;42509292;28290788;2047515;0;6324
FR;1;2022-06-10;1334;2647;12394;43098;1611;11970;44341;0;201;42590825;41410990;26105224;1895198;42510903;28302758;2091856;0;6525
FR;1;2022-06-11;657;1448;5138;11080;793;5186;11610;0;49;42591482;41412438;26110362;1906278;42511696;28307944;2103466;0;6574
FR;1;2022-06-12;152;373;1013;1683;186;1069;1785;0;11;42591634;41412811;26111375;1907961;42511882;28309013;2105251;0;6585
FR;1;2022-06-13;910;1827;7006;22223;1121;6863;23063;0;84;42592544;41414638;26118381;1930184;42513003;28315876;2128314;0;6669
FR;1;2022-06-14;1085;2199;9839;42837;1278;9242;43930;0;185;42593629;41416837;26128220;1973021;42514281;28325118;2172244;0;6854
FR;1;2022-06-15;1076;1991;8782;29365;1345;8459;29920;0;168;42594705;41418828;26137002;2002386;42515626;28333577;2202164;0;7022
FR;1;2022-06-16;950;1830;9395;38493;1048;8875;39399;0;188;42595655;41420658;26146397;2040879;42516674;28342452;2241563;0;7210
FR;1;2022-06-17;1220;2551;11874;44788;1460;11357;45916;0;223;42596875;41423209;26158271;2085667;42518134;28353809;2287479;0;7433
FR;1;2022-06-18;560;1272;4316;10543;713;4254;11085;0;62;42597435;41424481;26162587;2096210;42518847;28358063;2298564;0;7495
FR;1;2022-06-19;137;325;1002;1543;173;1081;1609;0;12;42597572;41424806;26163589;2097753;42519020;28359144;2300173;0;7507
FR;1;2022-06-20;857;1699;8490;25038;996;8153;25902;0;143;42598429;41426505;26172079;2122791;42520016;28367297;2326075;0;7650
FR;1;2022-06-21;1101;2133;9759;47749;1248;8849;49097;0;241;42599530;41428638;26181838;2170540;42521264;28376146;2375172;0;7891
FR;1;2022-06-22;1034;2053;8432;37134;1280;7949;37997;0;231;42600564;41430691;26190270;2207674;42522544;28384095;2413169;0;8122
FR;1;2022-06-23;1050;2168;10119;52785;1197;9404;53792;0;290;42601614;41432859;26200389;2260459;42523741;28393499;2466961;0;8412
FR;1;2022-06-24;1249;2705;12912;65939;1473;11694;67613;0;367;42602863;41435564;26213301;2326398;42525214;28405193;2534574;0;8779
FR;1;2022-06-25;684;1502;5923;18916;789;5706;19713;0;162;42603547;41437066;26219224;2345314;42526003;28410899;2554287;0;8941
FR;1;2022-06-26;167;407;1818;3494;192;1713;3731;0;34;42603714;41437473;26221042;2348808;42526195;28412612;2558018;0;8975
FR;1;2022-06-27;938;1766;9902;45968;935;9126;47103;0;300;42604652;41439239;26230944;2394776;42527130;28421738;2605121;0;9275
FR;1;2022-06-28;1206;2568;13833;86525;1373;12397;88210;0;569;42605858;41441807;26244777;2481301;42528503;28434135;2693331;0;9844
FR;1;2022-06-29;1238;2287;11480;67379;1252;10546;68426;0;487;42607096;41444094;26256257;2548680;42529755;28444681;2761757;0;10331
FR;1;2022-06-30;1277;2449;13512;89950;1396;11819;91749;0;645;42608373;41446543;26269769;2638630;42531151;28456500;2853506;0;10976
FR;1;2022-07-01;1633;3469;20299;109185;1982;17958;111575;0;859;42610006;41450012;26290068;2747815;42533133;28474458;2965081;0;11835
FR;1;2022-07-02;765;1522;8019;33771;742;7250;34796;0;314;42610771;41451534;26298087;2781586;42533875;28481708;2999877;0;12149
FR;1;2022-07-03;226;479;1940;6115;254;1755;6442;0;70;42610997;41452013;26300027;2787701;42534129;28483463;3006319;0;12219
FR;1;2022-07-04;1363;2934;13914;75393;1813;12335;77285;0;589;42612360;41454947;26313941;2863094;42535942;28495798;3083604;0;12808
FR;1;2022-07-05;1420;2806;17681;126337;1460;15133;128452;0;1058;42613780;41457753;26331622;2989431;42537402;28510931;3212056;0;13866
FR;1;2022-07-06;1349;2384;14880;93702;1361;12899;95138;0;815;42615129;41460137;26346502;3083133;42538763;28523830;3307194;0;14681
FR;1;2022-07-07;1438;2531;16924;119468;1396;13993;121565;0;1075;42616567;41462668;26363426;3202601;42540159;28537823;3428759;0;15756
FR;1;2022-07-08;1527;2812;19604;129983;1524;15964;132792;0;1219;42618094;41465480;26383030;3332584;42541683;28553787;3561551;0;16975
FR;1;2022-07-09;660;1272;7302;36014;686;6345;36802;0;392;42618754;41466752;26390332;3368598;42542369;28560132;3598353;0;17367
FR;1;2022-07-10;236;495;2239;6687;249;2032;7065;0;89;42618990;41467247;26392571;3375285;42542618;28562164;3605418;0;17456
FR;1;2022-07-11;1209;2217;14313;84429;1155;11928;86544;0;734;42620199;41469464;26406884;3459714;42543773;28574092;3691962;0;18190
FR;1;2022-07-12;1554;2776;19452;137386;1409;15888;139873;0;1485;42621753;41472240;26426336;3597100;42545182;28589980;3831835;0;19675
FR;1;2022-07-13;1410;2410;14780;89818;1291;12626;91504;0;1003;42623163;41474650;26441116;3686918;42546473;28602606;3923339;0;20678
FR;1;2022-07-14;160;346;1862;5285;191;1771;5432;0;74;42623323;41474996;26442978;3692203;42546664;28604377;3928771;0;20752
FR;1;2022-07-15;1256;2295;14359;80574;1176;12002;82578;0;959;42624579;41477291;26457337;3772777;42547840;28616379;4011349;0;21711
FR;1;2022-07-16;505;1047;5637;23943;539;4891;24583;0;302;42625084;41478338;26462974;3796720;42548379;28621270;4035932;0;22013
FR;1;2022-07-17;158;363;1655;4460;188;1498;4723;0;60;42625242;41478701;26464629;3801180;42548567;28622768;4040655;0;22073
FR;1;2022-07-18;973;2026;11292;59267;1135;9562;60991;0;714;42626215;41480727;26475921;3860447;42549702;28632330;4101646;0;22787
FR;1;2022-07-19;1228;2118;14687;99390;1180;11720;101390;0;1368;42627443;41482845;26490608;3959837;42550882;28644050;4203036;0;24155
FR;1;2022-07-20;1175;1990;12358;74341;1156;10271;75825;0;964;42628618;41484835;26502966;4034178;42552038;28654321;4278861;0;25119
FR;1;2022-07-21;1129;1944;12405;84507;1173;9985;85871;0;1207;42629747;41486779;26515371;4118685;42553211;28664306;4364732;0;26326
FR;1;2022-07-22;1238;2203;14079;85866;1225;11404;87603;0;1264;42630985;41488982;26529450;4204551;42554436;28675710;4452335;0;27590
FR;1;2022-07-23;533;1084;5231;21292;624;4605;21835;0;374;42631518;41490066;26534681;4225843;42555060;28680315;4474170;0;27964
FR;1;2022-07-24;147;303;1325;3695;147;1165;3921;0;65;42631665;41490369;26536006;4229538;42555207;28681480;4478091;0;28029
FR;1;2022-07-25;884;1622;9068;46103;973;7514;47478;0;679;42632549;41491991;26545074;4275641;42556180;28688994;4525569;0;28708
FR;1;2022-07-26;1123;1955;12673;81940;1109;10330;83554;0;1197;42633672;41493946;26557747;4357581;42557289;28699324;4609123;0;29905
FR;1;2022-07-27;1013;1720;9744;58428;1033;8118;59615;0;872;42634685;41495666;26567491;4416009;42558322;28707442;4668738;0;30777
FR;1;2022-07-28;979;1700;9849;61882;1102;7842;63112;0;967;42635664;41497366;26577340;4477891;42559424;28715284;4731850;0;31744
FR;1;2022-07-29;1111;1809;10437;62901;1131;8365;64213;0;1066;42636775;41499175;26587777;4540792;42560555;28723649;4796063;0;32810
FR;1;2022-07-30;391;714;3344;14485;428;2846;14843;0;279;42637166;41499889;26591121;4555277;42560983;28726495;4810906;0;33089
FR;1;2022-07-31;138;263;900;2333;158;766;2476;0;47;42637304;41500152;26592021;4557610;42561141;28727261;4813382;0;33136
FR;1;2022-08-01;718;1321;7240;28957;939;6098;29950;0;517;42638022;41501473;26599261;4586567;42562080;28733359;4843332;0;33653
FR;1;2022-08-02;896;1466;8222;54018;975;6620;54664;0;1090;42638918;41502939;26607483;4640585;42563055;28739979;4897996;0;34743
FR;1;2022-08-03;720;1091;6133;37028;734;4916;37755;0;645;42639638;41504030;26613616;4677613;42563789;28744895;4935751;0;35388
FR;1;2022-08-04;640;1073;6254;41425;690;5045;41982;0;849;42640278;41505103;26619870;4719038;42564479;28749940;4977733;0;36237
FR;1;2022-08-05;736;1189;6754;43039;798;5416;43676;0;933;42641014;41506292;26626624;4762077;42565277;28755356;5021409;0;37170
FR;1;2022-08-06;274;460;1990;8998;300;1671;9190;0;216;42641288;41506752;26628614;4771075;42565577;28757027;5030599;0;37386
FR;1;2022-08-07;88;143;520;1552;99;436;1629;0;35;42641376;41506895;26629134;4772627;42565676;28757463;5032228;0;37421
FR;1;2022-08-08;488;875;3791;21211;632;3120;21617;0;457;42641864;41507770;26632925;4793838;42566308;28760583;5053845;0;37878
FR;1;2022-08-09;607;1023;5674;38449;715;4547;38943;0;793;42642471;41508793;26638599;4832287;42567023;28765130;5092788;0;38671
FR;1;2022-08-10;530;1004;4432;26894;705;3628;27213;0;599;42643001;41509797;26643031;4859181;42567728;28768758;5120001;0;39270
FR;1;2022-08-11;538;909;4301;28185;622;3574;28513;0;635;42643539;41510706;26647332;4887366;42568350;28772332;5148514;0;39905
FR;1;2022-08-12;588;1018;4547;27156;692;3755;27567;0;666;42644127;41511724;26651879;4914522;42569042;28776087;5176081;0;40571
FR;1;2022-08-13;176;349;1247;5104;243;1062;5275;0;116;42644303;41512073;26653126;4919626;42569285;28777149;5181356;0;40687
FR;1;2022-08-14;64;114;275;871;96;234;941;0;24;42644367;41512187;26653401;4920497;42569381;28777383;5182297;0;40711
FR;1;2022-08-15;74;162;566;540;131;527;591;0;16;42644441;41512349;26653967;4921037;42569512;28777910;5182888;0;40727
FR;1;2022-08-16;522;927;3782;21477;686;3208;21681;0;583;42644963;41513276;26657749;4942514;42570198;28781118;5204569;0;41310
FR;1;2022-08-17;525;885;3763;22106;651;3189;22350;0;578;42645488;41514161;26661512;4964620;42570849;28784307;5226919;0;41888
FR;1;2022-08-18;539;874;3903;25421;676;3105;25639;0;630;42646027;41515035;26665415;4990041;42571525;28787412;5252558;0;42518
FR;1;2022-08-19;533;1034;4357;26508;733;3591;26814;0;732;42646560;41516069;26669772;5016549;42572258;28791003;5279372;0;43250
FR;1;2022-08-20;231;408;1286;5369;309;1102;5523;0;137;42646791;41516477;26671058;5021918;42572567;28792105;5284895;0;43387
FR;1;2022-08-21;81;110;281;989;75;249;1010;0;27;42646872;41516587;26671339;5022907;42572642;28792354;5285905;0;43414
FR;1;2022-08-22;471;874;3138;14942;643;2708;15219;0;412;42647343;41517461;26674477;5037849;42573285;28795062;5301124;0;43826
FR;1;2022-08-23;635;1055;4148;28310;739;3483;28387;0;830;42647978;41518516;26678625;5066159;42574024;28798545;5329511;0;44656
FR;1;2022-08-24;556;826;3396;19058;645;2765;19242;0;587;42648534;41519342;26682021;5085217;42574669;28801310;5348753;0;45243
FR;1;2022-08-25;560;920;3816;22910;641;3199;23140;0;654;42649094;41520262;26685837;5108127;42575310;28804509;5371893;0;45897
FR;1;2022-08-26;745;1121;4344;25151;795;3560;25527;0;745;42649839;41521383;26690181;5133278;42576105;28808069;5397420;0;46642
FR;1;2022-08-27;216;426;1322;5303;270;1190;5357;0;192;42650055;41521809;26691503;5138581;42576375;28809259;5402777;0;46834
FR;1;2022-08-28;111;145;298;894;104;280;943;0;33;42650166;41521954;26691801;5139475;42576479;28809539;5403720;0;46867
FR;1;2022-08-29;502;852;2972;14225;632;2510;14545;0;408;42650668;41522806;26694773;5153700;42577111;28812049;5418265;0;47275
FR;1;2022-08-30;734;1093;4615;27693;771;3769;28012;0;792;42651402;41523899;26699388;5181393;42577882;28815818;5446277;0;48067
FR;1;2022-08-31;576;822;3099;17216;598;2609;17479;0;481;42651978;41524721;26702487;5198609;42578480;28818427;5463756;0;48548
FR;1;2022-09-01;666;907;4320;21854;636;3677;22115;0;586;42652644;41525628;26706807;5220463;42579116;28822104;5485871;0;49134
FR;1;2022-09-02;768;1040;4877;27857;733;4074;28143;0;882;42653412;41526668;26711684;5248320;42579849;28826178;5514014;0;50016
FR;1;2022-09-03;316;496;1829;5868;335;1586;6101;0;174;42653728;41527164;26713513;5254188;42580184;28827764;5520115;0;50190
FR;1;2022-09-04;106;136;341;842;73;334;912;0;21;42653834;41527300;26713854;5255030;42580257;28828098;5521027;0;50211
FR;1;2022-09-05;568;646;3002;15682;470;2506;15965;0;499;42654402;41527946;26716856;5270712;42580727;28830604;5536992;0;50710
FR;1;2022-09-06;719;924;4553;31035;573;3693;31257;0;1001;42655121;41528870;26721409;5301747;42581300;28834297;5568249;0;51711
FR;1;2022-09-07;536;682;2916;16438;440;2418;16575;0;550;42655657;41529552;26724325;5318185;42581740;28836715;5584824;0;52261
FR;1;2022-09-08;566;782;3690;24197;525;3032;24275;0;796;42656223;41530334;26728015;5342382;42582265;28839747;5609099;0;53057
FR;1;2022-09-09;762;962;4288;26829;598;3575;27013;0;902;42656985;41531296;26732303;5369211;42582863;28843322;5636112;0;53959
FR;1;2022-09-10;326;459;1670;5578;289;1471;5770;0;201;42657311;41531755;26733973;5374789;42583152;28844793;5641882;0;54160
FR;1;2022-09-11;105;118;309;645;80;290;701;0;17;42657416;41531873;26734282;5375434;42583232;28845083;5642583;0;54177
FR;1;2022-09-12;447;571;2606;12930;394;2224;13209;0;461;42657863;41532444;26736888;5388364;42583626;28847307;5655792;0;54638
FR;1;2022-09-13;576;786;3853;25742;492;3329;25654;0;832;42658439;41533230;26740741;5414106;42584118;28850636;5681446;0;55470
FR;1;2022-09-14;569;690;2861;15684;476;2389;15920;0;537;42659008;41533920;26743602;5429790;42584594;28853025;5697366;0;56007
FR;1;2022-09-15;508;700;3325;23022;471;2803;23114;0;676;42659516;41534620;26746927;5452812;42585065;28855828;5720480;0;56683
FR;1;2022-09-16;713;924;4007;25314;607;3374;25517;0;890;42660229;41535544;26750934;5478126;42585672;28859202;5745997;0;57573
FR;1;2022-09-17;292;402;1390;5974;273;1214;6082;0;227;42660521;41535946;26752324;5484100;42585945;28860416;5752079;0;57800
FR;1;2022-09-18;97;120;310;922;96;278;978;0;33;42660618;41536066;26752634;5485022;42586041;28860694;5753057;0;57833
FR;1;2022-09-19;364;558;2131;12833;359;1827;12987;0;413;42660982;41536624;26754765;5497855;42586400;28862521;5766044;0;58246
FR;1;2022-09-20;552;796;3654;25780;543;3052;25821;0;852;42661534;41537420;26758419;5523635;42586943;28865573;5791865;0;59098
FR;1;2022-09-21;469;677;2622;15861;478;2250;15826;0;560;42662003;41538097;26761041;5539496;42587421;28867823;5807691;0;59658
FR;1;2022-09-22;532;742;3267;22922;482;2666;23110;0;738;42662535;41538839;26764308;5562418;42587903;28870489;5830801;0;60396
FR;1;2022-09-23;752;924;4346;28115;653;3626;28284;0;978;42663287;41539763;26768654;5590533;42588556;28874115;5859085;0;61374
FR;1;2022-09-24;352;532;1581;6690;373;1363;6864;0;299;42663639;41540295;26770235;5597223;42588929;28875478;5865949;0;61673
FR;1;2022-09-25;80;149;321;1071;102;293;1109;0;32;42663719;41540444;26770556;5598294;42589031;28875771;5867058;0;61705
FR;1;2022-09-26;379;631;2169;13026;408;1922;13124;0;408;42664098;41541075;26772725;5611320;42589439;28877693;5880182;0;62113
FR;1;2022-09-27;538;753;3456;25015;527;2791;25211;0;906;42664636;41541828;26776181;5636335;42589966;28880484;5905393;0;63019
FR;1;2022-09-28;514;707;2439;14951;494;2206;15042;0;597;42665150;41542535;26778620;5651286;42590460;28882690;5920435;0;63616
FR;1;2022-09-29;501;686;2974;20327;476;2498;20340;0;767;42665651;41543221;26781594;5671613;42590936;28885188;5940775;0;64383
FR;1;2022-09-30;675;960;3768;24401;660;3151;24651;0;966;42666326;41544181;26785362;5696014;42591596;28888339;5965426;0;65349
FR;1;2022-10-01;334;538;1865;5498;374;1623;5723;0;272;42666660;41544719;26787227;5701512;42591970;28889962;5971149;0;65621
FR;1;2022-10-02;51;115;203;567;78;202;588;0;29;42666711;41544834;26787430;5702079;42592048;28890164;5971737;0;65650
FR;1;2022-10-03;405;604;2172;10000;449;1917;10180;0;487;42667116;41545438;26789602;5712079;42592497;28892081;5981917;0;66137
FR;1;2022-10-04;541;671;2915;18913;443;2460;19003;0;1080;42667657;41546109;26792517;5730992;42592940;28894541;6000920;0;67217
FR;1;2022-10-05;424;678;2077;11089;449;1851;11222;0;721;42668081;41546787;26794594;5742081;42593389;28896392;6012142;0;67938
FR;1;2022-10-06;439;597;2486;15760;420;2051;15944;0;1060;42668520;41547384;26797080;5757841;42593809;28898443;6028086;0;68998
FR;1;2022-10-07;544;734;2686;16053;533;2302;16078;0;1159;42669064;41548118;26799766;5773894;42594342;28900745;6044164;0;70157
FR;1;2022-10-08;232;303;884;3165;233;774;3268;0;291;42669296;41548421;26800650;5777059;42594575;28901519;6047432;0;70448
FR;1;2022-10-09;74;85;149;461;76;133;487;0;50;42669370;41548506;26800799;5777520;42594651;28901652;6047919;0;70498
FR;1;2022-10-10;294;432;1306;4983;341;1224;5077;0;462;42669664;41548938;26802105;5782503;42594992;28902876;6052996;0;70960
FR;1;2022-10-11;316;426;1297;8043;316;1172;8148;0;752;42669980;41549364;26803402;5790546;42595308;28904048;6061144;0;71712
FR;1;2022-10-12;319;416;1044;5174;308;1042;5185;0;519;42670299;41549780;26804446;5795720;42595616;28905090;6066329;0;72231
FR;1;2022-10-13;316;378;1061;6058;287;915;6109;0;624;42670615;41550158;26805507;5801778;42595903;28906005;6072438;0;72855
FR;1;2022-10-14;402;520;1167;6701;430;1040;6769;0;672;42671017;41550678;26806674;5808479;42596333;28907045;6079207;0;73527
FR;1;2022-10-15;194;257;514;1855;210;495;1865;0;226;42671211;41550935;26807188;5810334;42596543;28907540;6081072;0;73753
FR;1;2022-10-16;47;58;107;290;40;114;309;0;48;42671258;41550993;26807295;5810624;42596583;28907654;6081381;0;73801
FR;1;2022-10-17;231;315;732;2651;248;687;2694;0;365;42671489;41551308;26808027;5813275;42596831;28908341;6084075;0;74166
FR;1;2022-10-18;262;309;950;4586;244;828;4683;0;865;42671751;41551617;26808977;5817861;42597075;28909169;6088758;0;75031
FR;1;2022-10-19;273;354;687;3162;289;652;3144;0;500;42672024;41551971;26809664;5821023;42597364;28909821;6091902;0;75531
FR;1;2022-10-20;265;306;878;4347;254;767;4384;0;769;42672289;41552277;26810542;5825370;42597618;28910588;6096286;0;76300
FR;1;2022-10-21;298;397;839;3785;353;733;3858;0;659;42672587;41552674;26811381;5829155;42597971;28911321;6100144;0;76959
FR;1;2022-10-22;135;166;304;1238;145;297;1205;0;207;42672722;41552840;26811685;5830393;42598116;28911618;6101349;0;77166
FR;1;2022-10-23;29;37;64;197;35;58;213;0;25;42672751;41552877;26811749;5830590;42598151;28911676;6101562;0;77191
FR;1;2022-10-24;266;224;473;1587;194;468;1645;0;289;42673017;41553101;26812222;5832177;42598345;28912144;6103207;0;77480
FR;1;2022-10-25;213;251;516;2640;220;438;2695;0;484;42673230;41553352;26812738;5834817;42598565;28912582;6105902;0;77964
FR;1;2022-10-26;230;239;387;1944;221;366;1955;0;449;42673460;41553591;26813125;5836761;42598786;28912948;6107857;0;78413
FR;1;2022-10-27;254;217;475;2148;188;485;2130;0;504;42673714;41553808;26813600;5838909;42598974;28913433;6109987;0;78917
FR;1;2022-10-28;303;303;516;2314;285;454;2379;0;467;42674017;41554111;26814116;5841223;42599259;28913887;6112366;0;79384
FR;1;2022-10-29;93;148;168;708;115;203;699;0;199;42674110;41554259;26814284;5841931;42599374;28914090;6113065;0;79583
FR;1;2022-10-30;37;40;57;181;33;51;187;0;38;42674147;41554299;26814341;5842112;42599407;28914141;6113252;0;79621
FR;1;2022-10-31;131;176;293;790;154;269;857;0;142;42674278;41554475;26814634;5842902;42599561;28914410;6114109;0;79763
FR;1;2022-11-01;23;62;600;86;55;594;101;0;12;42674301;41554537;26815234;5842988;42599616;28915004;6114210;0;79775
FR;1;2022-11-02;239;214;463;959;212;432;1019;0;371;42674540;41554751;26815697;5843947;42599828;28915436;6115229;0;80146
FR;1;2022-11-03;255;219;405;1364;206;365;1406;0;377;42674795;41554970;26816102;5845311;42600034;28915801;6116635;0;80523
FR;1;2022-11-04;218;245;375;1577;224;358;1612;0;431;42675013;41555215;26816477;5846888;42600258;28916159;6118247;0;80954
FR;1;2022-11-05;88;114;217;493;102;199;515;0;111;42675101;41555329;26816694;5847381;42600360;28916358;6118762;0;81065
FR;1;2022-11-06;33;41;31;129;40;34;128;0;32;42675134;41555370;26816725;5847510;42600400;28916392;6118890;0;81097
FR;1;2022-11-07;173;194;242;880;185;238;940;0;217;42675307;41555564;26816967;5848390;42600585;28916630;6119830;0;81314
FR;1;2022-11-08;189;223;362;1662;209;315;1678;0;500;42675496;41555787;26817329;5850052;42600794;28916945;6121508;0;81814
FR;1;2022-11-09;176;200;318;1081;188;282;1120;0;454;42675672;41555987;26817647;5851133;42600982;28917227;6122628;0;82268
FR;1;2022-11-10;192;254;371;1668;240;382;1655;0;571;42675864;41556241;26818018;5852801;42601222;28917609;6124283;0;82839
FR;1;2022-11-11;19;30;90;96;29;76;111;0;37;42675883;41556271;26818108;5852897;42601251;28917685;6124394;0;82876
FR;1;2022-11-12;77;100;137;362;91;132;378;0;99;42675960;41556371;26818245;5853259;42601342;28917817;6124772;0;82975
FR;1;2022-11-13;17;20;18;62;17;22;63;0;26;42675977;41556391;26818263;5853321;42601359;28917839;6124835;0;83001
FR;1;2022-11-14;161;163;222;750;151;222;822;0;234;42676138;41556554;26818485;5854071;42601510;28918061;6125657;0;83235
FR;1;2022-11-15;194;196;285;1257;196;264;1296;0;398;42676332;41556750;26818770;5855328;42601706;28918325;6126953;0;83633
FR;1;2022-11-16;173;200;236;933;193;249;966;0;350;42676505;41556950;26819006;5856261;42601899;28918574;6127919;0;83983
FR;1;2022-11-17;153;165;234;1174;160;209;1179;0;384;42676658;41557115;26819240;5857435;42602059;28918783;6129098;0;84367
FR;1;2022-11-18;219;240;314;1290;234;302;1323;0;406;42676877;41557355;26819554;5858725;42602293;28919085;6130421;0;84773
FR;1;2022-11-19;117;94;154;417;94;116;449;0;98;42676994;41557449;26819708;5859142;42602387;28919201;6130870;0;84871
FR;1;2022-11-20;19;23;17;57;18;19;62;0;19;42677013;41557472;26819725;5859199;42602405;28919220;6130932;0;84890
FR;1;2022-11-21;170;154;215;610;129;235;637;0;202;42677183;41557626;26819940;5859809;42602534;28919455;6131569;0;85092
FR;1;2022-11-22;137;128;259;1055;114;244;1075;0;350;42677320;41557754;26820199;5860864;42602648;28919699;6132644;0;85442
FR;1;2022-11-23;164;152;189;691;133;194;709;0;231;42677484;41557906;26820388;5861555;42602781;28919893;6133353;0;85673
FR;1;2022-11-24;121;140;240;1083;123;239;1095;0;383;42677605;41558046;26820628;5862638;42602904;28920132;6134448;0;86056
FR;1;2022-11-25;187;192;196;1065;184;192;1085;0;308;42677792;41558238;26820824;5863703;42603088;28920324;6135533;0;86364
FR;1;2022-11-26;81;86;75;287;74;90;273;0;109;42677873;41558324;26820899;5863990;42603162;28920414;6135806;0;86473
FR;1;2022-11-27;10;23;11;58;11;23;61;0;43;42677883;41558347;26820910;5864048;42603173;28920437;6135867;0;86516
FR;2;2020-12-27;0;0;0;0;0;0;0;0;0;0;0;0;0;0;0;0;0;0
FR;2;2020-12-28;0;0;0;0;0;0;0;0;0;0;0;0;0;0;0;0;0;0
FR;2;2020-12-29;0;0;0;0;0;0;0;0;0;0;0;0;0;0;0;0;0;0
FR;2;2020-12-30;0;0;0;0;0;0;0;0;0;0;0;0;0;0;0;0;0;0
FR;2;2020-12-31;0;0;0;0;0;0;0;0;0;0;0;0;0;0;0;0;0;0
FR;2;2021-01-01;0;0;0;0;0;0;0;0;0;0;0;0;0;0;0;0;0;0
FR;2;2021-01-02;0;0;0;0;0;0;0;0;0;0;0;0;0;0;0;0;0;0
FR;2;2021-01-03;0;0;0;0;0;0;0;0;0;0;0;0;0;0;0;0;0;0
FR;2;2021-01-04;0;0;0;0;0;0;0;0;0;0;0;0;0;0;0;0;0;0
FR;2;2021-01-05;0;0;0;0;0;0;0;0;0;0;0;0;0;0;0;0;0;0
FR;2;2021-01-06;0;0;0;0;0;0;0;0;0;0;0;0;0;0;0;0;0;0
FR;2;2021-01-07;0;0;0;0;0;0;0;0;0;0;0;0;0;0;0;0;0;0
FR;2;2021-01-08;0;0;0;0;0;0;0;0;0;0;0;0;0;0;0;0;0;0
FR;2;2021-01-09;0;0;0;0;0;0;0;0;0;0;0;0;0;0;0;0;0;0
FR;2;2021-01-10;0;0;0;0;0;0;0;0;0;0;0;0;0;0;0;0;0;0
FR;2;2021-01-11;0;0;0;0;0;0;0;0;0;0;0;0;0;0;0;0;0;0
FR;2;2021-01-12;0;0;0;0;0;0;0;0;0;0;0;0;0;0;0;0;0;0
FR;2;2021-01-13;0;0;0;0;0;0;0;0;0;0;0;0;0;0;0;0;0;0
FR;2;2021-01-14;1653;0;0;0;213;0;0;0;0;1653;0;0;0;213;0;0;0;0
FR;2;2021-01-15;398;0;0;0;28;0;0;0;0;2051;0;0;0;241;0;0;0;0
FR;2;2021-01-16;316;0;0;0;12;0;0;0;0;2367;0;0;0;253;0;0;0;0
FR;2;2021-01-17;84;0;0;0;7;0;0;0;0;2451;0;0;0;260;0;0;0;0
FR;2;2021-01-18;3075;2;0;0;27;0;0;0;0;5526;2;0;0;287;0;0;0;0
FR;2;2021-01-19;4681;2;0;0;31;0;0;0;0;10207;4;0;0;318;0;0;0;0
FR;2;2021-01-20;5137;6;0;0;58;0;0;0;0;15344;10;0;0;376;0;0;0;0
FR;2;2021-01-21;5345;9;0;0;56;0;0;0;0;20689;19;0;0;432;0;0;0;0
FR;2;2021-01-22;5118;17;0;0;69;0;0;0;0;25807;36;0;0;501;0;0;0;0
FR;2;2021-01-23;1874;2;0;0;16;0;0;0;0;27681;38;0;0;517;0;0;0;0
FR;2;2021-01-24;163;2;0;0;8;0;0;0;0;27844;40;0;0;525;0;0;0;0
FR;2;2021-01-25;3814;3;0;0;36;0;0;0;0;31658;43;0;0;561;0;0;0;0
FR;2;2021-01-26;3925;6;0;0;42;0;0;0;0;35583;49;0;0;603;0;0;0;0
FR;2;2021-01-27;3603;4;0;0;37;0;0;0;0;39186;53;0;0;640;0;0;0;0
FR;2;2021-01-28;3755;8;0;0;43;0;0;0;0;42941;61;0;0;683;0;0;0;0
FR;2;2021-01-29;3297;4;0;0;40;0;0;0;0;46238;65;0;0;723;0;0;0;0
FR;2;2021-01-30;1133;3;0;0;16;0;0;0;0;47371;68;0;0;739;0;0;0;0
FR;2;2021-01-31;46;2;0;0;9;0;0;0;0;47417;70;0;0;748;0;0;0;0
FR;2;2021-02-01;3406;11;0;0;44;0;0;0;0;50823;81;0;0;792;0;0;0;0
FR;2;2021-02-02;4494;19;0;0;53;0;0;0;0;55317;100;0;0;845;0;0;0;0
FR;2;2021-02-03;5222;10;0;0;82;0;0;0;0;60539;110;0;0;927;0;0;0;0
FR;2;2021-02-04;4939;11;0;0;36;0;0;0;0;65478;121;0;0;963;0;0;0;0
FR;2;2021-02-05;4815;16;0;0;51;0;0;0;0;70293;137;0;0;1014;0;0;0;0
FR;2;2021-02-06;2044;15;0;0;41;0;0;0;0;72337;152;0;0;1055;0;0;0;0
FR;2;2021-02-07;103;4;0;0;18;0;0;0;0;72440;156;0;0;1073;0;0;0;0
FR;2;2021-02-08;7557;25;0;0;83;0;0;0;0;79997;181;0;0;1156;0;0;0;0
FR;2;2021-02-09;8429;28;0;0;96;0;0;0;0;88426;209;0;0;1252;0;0;0;0
FR;2;2021-02-10;9345;61;0;0;181;0;0;0;0;97771;270;0;0;1433;0;0;0;0
FR;2;2021-02-11;10290;125;0;0;250;0;0;0;0;108061;395;0;0;1683;0;0;0;0
FR;2;2021-02-12;10060;273;0;0;428;0;0;0;0;118121;668;0;0;2111;0;0;0;0
FR;2;2021-02-13;3120;225;0;0;263;0;0;0;0;121241;893;0;0;2374;0;0;0;0
FR;2;2021-02-14;357;11;0;0;21;0;0;0;0;121598;904;0;0;2395;0;0;0;0
FR;2;2021-02-15;3460;3117;0;0;3163;0;0;0;0;125058;4021;0;0;5558;0;0;0;0
FR;2;2021-02-16;5075;4133;0;0;4205;0;0;0;0;130133;8154;0;0;9763;0;0;0;0
FR;2;2021-02-17;4258;4539;0;0;4614;0;0;0;0;134391;12693;0;0;14377;0;0;0;0
FR;2;2021-02-18;5404;5168;0;0;5234;0;0;0;0;139795;17861;0;0;19611;0;0;0;0
FR;2;2021-02-19;5327;4472;0;0;4572;0;0;0;0;145122;22333;0;0;24183;0;0;0;0
FR;2;2021-02-20;1872;1519;0;0;1530;0;0;0;0;146994;23852;0;0;25713;0;0;0;0
FR;2;2021-02-21;244;96;0;0;98;0;0;0;0;147238;23948;0;0;25811;0;0;0;0
FR;2;2021-02-22;3613;3773;0;0;3830;0;0;0;0;150851;27721;0;0;29641;0;0;0;0
FR;2;2021-02-23;4955;3732;0;0;3791;0;0;0;0;155806;31453;0;0;33432;0;0;0;0
FR;2;2021-02-24;5016;3539;0;0;3589;0;0;0;0;160822;34992;0;0;37021;0;0;0;0
FR;2;2021-02-25;5498;3480;0;0;3566;0;0;0;0;166320;38472;0;0;40587;0;0;0;0
FR;2;2021-02-26;4367;3170;0;0;3237;0;0;0;0;170687;41642;0;0;43824;0;0;0;0
FR;2;2021-02-27;1629;1065;0;0;1084;0;0;0;0;172316;42707;0;0;44908;0;0;0;0
FR;2;2021-02-28;179;17;0;0;28;0;0;0;0;172495;42724;0;0;44936;0;0;0;0
FR;2;2021-03-01;5191;3758;0;0;3846;0;0;0;0;177686;46482;0;0;48782;0;0;0;0
FR;2;2021-03-02;6540;4722;0;0;4822;0;0;0;0;184226;51204;0;0;53604;0;0;0;0
FR;2;2021-03-03;6542;4951;0;0;5091;0;0;0;0;190768;56155;0;0;58695;0;0;0;0
FR;2;2021-03-04;8409;4184;0;0;4368;0;0;0;0;199177;60339;0;0;63063;0;0;0;0
FR;2;2021-03-05;8036;4051;0;0;4230;0;0;0;0;207213;64390;0;0;67293;0;0;0;0
FR;2;2021-03-06;4789;1683;0;0;1783;0;0;0;0;212002;66073;0;0;69076;0;0;0;0
FR;2;2021-03-07;2373;32;0;0;76;0;0;0;0;214375;66105;0;0;69152;0;0;0;0
FR;2;2021-03-08;4166;8389;0;0;8544;0;0;0;0;218541;74494;0;0;77696;0;0;0;0
FR;2;2021-03-09;7491;8583;1;0;8837;0;0;0;0;226032;83077;1;0;86533;0;0;0;0
FR;2;2021-03-10;7106;9216;0;0;9439;0;0;0;0;233138;92293;1;0;95972;0;0;0;0
FR;2;2021-03-11;9376;9330;1;0;9645;0;0;0;0;242514;101623;2;0;105617;0;0;0;0
FR;2;2021-03-12;7981;8342;0;0;8642;0;0;0;0;250495;109965;2;0;114259;0;0;0;0
FR;2;2021-03-13;10055;2586;0;0;2903;0;0;0;0;260550;112551;2;0;117162;0;0;0;0
FR;2;2021-03-14;4841;384;0;0;543;0;0;0;0;265391;112935;2;0;117705;0;0;0;0
FR;2;2021-03-15;10915;3481;0;0;3772;0;0;0;0;276306;116416;2;0;121477;0;0;0;0
FR;2;2021-03-16;16768;4688;1;0;5234;0;0;0;0;293074;121104;3;0;126711;0;0;0;0
FR;2;2021-03-17;20240;4008;0;0;4681;0;0;0;0;313314;125112;3;0;131392;0;0;0;0
FR;2;2021-03-18;23370;5113;0;0;5936;0;0;0;0;336684;130225;3;0;137328;0;0;0;0
FR;2;2021-03-19;23311;4651;0;0;5410;0;0;0;0;359995;134876;3;0;142738;0;0;0;0
FR;2;2021-03-20;25451;1576;0;0;2332;0;0;0;0;385446;136452;3;0;145070;0;0;0;0
FR;2;2021-03-21;17672;154;0;0;732;0;0;0;0;403118;136606;3;0;145802;0;0;0;0
FR;2;2021-03-22;17789;3248;0;0;3916;0;0;0;0;420907;139854;3;0;149718;0;0;0;0
FR;2;2021-03-23;22701;4267;0;0;5115;0;0;0;0;443608;144121;3;0;154833;0;0;0;0
FR;2;2021-03-24;23960;5047;0;0;5882;0;0;0;0;467568;149168;3;0;160715;0;0;0;0
FR;2;2021-03-25;26754;5251;1;0;6446;0;0;0;0;494322;154419;4;0;167161;0;0;0;0
FR;2;2021-03-26;26988;4231;0;0;5376;0;0;0;0;521310;158650;4;0;172537;0;0;0;0
FR;2;2021-03-27;15920;1350;0;0;1879;0;0;0;0;537230;160000;4;0;174416;0;0;0;0
FR;2;2021-03-28;10562;124;0;0;416;0;0;0;0;547792;160124;4;0;174832;0;0;0;0
FR;2;2021-03-29;18996;4323;0;0;5024;0;0;0;0;566788;164447;4;0;179856;0;0;0;0
FR;2;2021-03-30;24590;6090;0;0;7028;0;0;0;0;591378;170537;4;0;186884;0;0;0;0
FR;2;2021-03-31;28560;5929;0;0;7221;0;0;0;0;619938;176466;4;0;194105;0;0;0;0
FR;2;2021-04-01;34554;8566;1;0;10256;0;0;0;0;654492;185032;5;0;204361;0;0;0;0
FR;2;2021-04-02;29987;7711;0;0;9136;0;0;0;0;684479;192743;5;0;213497;0;0;0;0
FR;2;2021-04-03;16955;4177;0;0;4860;0;0;0;0;701434;196920;5;0;218357;0;0;0;0
FR;2;2021-04-04;9306;1229;2;0;1637;0;0;0;0;710740;198149;7;0;219994;0;0;0;0
FR;2;2021-04-05;12445;797;0;0;1380;0;0;0;0;723185;198946;7;0;221374;0;0;0;0
FR;2;2021-04-06;27156;7264;0;0;8652;0;0;0;0;750341;206210;7;0;230026;0;0;0;0
FR;2;2021-04-07;30931;7091;1;0;8666;0;0;0;0;781272;213301;8;0;238692;0;0;0;0
FR;2;2021-04-08;36894;8596;1;0;10519;0;0;0;0;818166;221897;9;0;249211;0;0;0;0
FR;2;2021-04-09;33849;8408;28;0;10191;0;0;0;0;852015;230305;37;0;259402;0;0;0;0
FR;2;2021-04-10;19688;9244;1;0;10157;0;0;0;0;871703;239549;38;0;269559;0;0;0;0
FR;2;2021-04-11;7942;4240;1;0;4603;0;0;0;0;879645;243789;39;0;274162;0;0;0;0
FR;2;2021-04-12;17128;11016;0;0;11852;0;0;0;0;896773;254805;39;0;286014;0;0;0;0
FR;2;2021-04-13;19459;16042;1;0;17105;0;0;0;0;916232;270847;40;0;303119;0;0;0;0
FR;2;2021-04-14;18070;16420;7;0;17511;0;0;0;0;934302;287267;47;0;320630;0;0;0;0
FR;2;2021-04-15;22201;21644;27;0;23093;0;0;0;0;956503;308911;74;0;343723;0;0;0;0
FR;2;2021-04-16;20713;20500;45;0;21770;0;0;0;0;977216;329411;119;0;365493;0;0;0;0
FR;2;2021-04-17;13257;22479;5;0;23207;0;0;0;0;990473;351890;124;0;388700;0;0;0;0
FR;2;2021-04-18;5911;14403;6;0;14741;0;0;0;0;996384;366293;130;0;403441;0;0;0;0
FR;2;2021-04-19;16846;16370;24;0;17173;0;0;0;0;1013230;382663;154;0;420614;0;0;0;0
FR;2;2021-04-20;19324;21728;38;0;22788;0;0;0;0;1032554;404391;192;0;443402;0;0;0;0
FR;2;2021-04-21;20291;21808;76;0;22958;0;0;0;0;1052845;426199;268;0;466360;0;0;0;0
FR;2;2021-04-22;23819;24940;41;0;26348;0;0;0;0;1076664;451139;309;0;492708;0;0;0;0
FR;2;2021-04-23;24530;25439;76;0;26946;0;0;0;0;1101194;476578;385;0;519654;0;0;0;0
FR;2;2021-04-24;25304;15060;104;0;16498;0;0;0;0;1126498;491638;489;0;536152;0;0;0;0
FR;2;2021-04-25;9596;8612;5;0;9173;0;0;0;0;1136094;500250;494;0;545325;0;0;0;0
FR;2;2021-04-26;17164;17543;21;0;18428;0;0;0;0;1153258;517793;515;0;563753;0;0;0;0
FR;2;2021-04-27;19245;24126;40;0;25308;0;0;0;0;1172503;541919;555;0;589061;0;0;0;0
FR;2;2021-04-28;22339;26387;112;0;27786;0;0;0;0;1194842;568306;667;0;616847;0;0;0;0
FR;2;2021-04-29;25472;30356;69;0;32045;0;0;0;0;1220314;598662;736;0;648892;0;0;0;0
FR;2;2021-04-30;25533;27904;49;1;29550;0;0;0;0;1245847;626566;785;1;678442;0;0;0;0
FR;2;2021-05-01;14987;9858;6;0;10660;0;0;0;0;1260834;636424;791;1;689102;0;0;0;0
FR;2;2021-05-02;6640;9170;2;0;9514;0;0;0;0;1267474;645594;793;1;698616;0;0;0;0
FR;2;2021-05-03;20021;19156;40;0;20360;0;0;0;0;1287495;664750;833;1;718976;0;0;0;0
FR;2;2021-05-04;18285;29162;33;0;30302;0;0;0;0;1305780;693912;866;1;749278;0;0;0;0
FR;2;2021-05-05;18380;29468;48;0;30762;0;0;0;0;1324160;723380;914;1;780040;0;0;0;0
FR;2;2021-05-06;23547;35377;132;0;36949;0;0;0;0;1347707;758757;1046;1;816989;0;0;0;0
FR;2;2021-05-07;25337;33242;97;0;35097;0;0;0;0;1373044;791999;1143;1;852086;0;0;0;0
FR;2;2021-05-08;21342;10433;14;0;11521;0;0;0;0;1394386;802432;1157;1;863607;0;0;0;0
FR;2;2021-05-09;13167;7688;7;0;8362;0;0;0;0;1407553;810120;1164;1;871969;0;0;0;0
FR;2;2021-05-10;32943;21827;50;0;23683;0;0;0;0;1440496;831947;1214;1;895652;0;0;0;0
FR;2;2021-05-11;43608;20931;101;0;23556;0;0;0;0;1484104;852878;1315;1;919208;0;0;0;0
FR;2;2021-05-12;50056;19691;143;0;22566;0;0;0;0;1534160;872569;1458;1;941774;0;0;0;0
FR;2;2021-05-13;51297;5651;31;0;8521;0;0;0;0;1585457;878220;1489;1;950295;0;0;0;0
FR;2;2021-05-14;61356;12886;132;0;16537;0;0;0;0;1646813;891106;1621;1;966832;0;0;0;0
FR;2;2021-05-15;65934;7105;39;0;10655;0;0;0;0;1712747;898211;1660;1;977487;0;0;0;0
FR;2;2021-05-16;43586;2572;10;0;4942;0;0;0;0;1756333;900783;1670;1;982429;0;0;0;0
FR;2;2021-05-17;44752;12475;114;0;15379;0;0;0;0;1801085;913258;1784;1;997808;0;0;0;0
FR;2;2021-05-18;54645;12272;191;0;15950;0;0;0;0;1855730;925530;1975;1;1013758;0;0;0;0
FR;2;2021-05-19;57176;10511;281;0;14555;0;0;0;0;1912906;936041;2256;1;1028313;0;0;0;0
FR;2;2021-05-20;63443;10801;288;0;14901;0;0;0;0;1976349;946842;2544;1;1043214;0;0;0;0
FR;2;2021-05-21;64300;11619;230;0;16042;0;0;0;0;2040649;958461;2774;1;1059256;0;0;0;0
FR;2;2021-05-22;61488;4525;65;0;8497;0;0;0;0;2102137;962986;2839;1;1067753;0;0;0;0
FR;2;2021-05-23;37534;575;22;0;2912;0;0;0;0;2139671;963561;2861;1;1070665;0;0;0;0
FR;2;2021-05-24;17244;2045;35;0;3252;0;0;0;0;2156915;965606;2896;1;1073917;0;0;0;0
FR;2;2021-05-25;21116;12237;240;0;13843;0;0;0;0;2178031;977843;3136;1;1087760;0;0;0;0
FR;2;2021-05-26;19940;11501;230;0;13025;0;0;0;0;2197971;989344;3366;1;1100785;0;0;0;0
FR;2;2021-05-27;22999;12654;182;0;14392;0;0;0;0;2220970;1001998;3548;1;1115177;0;0;0;0
FR;2;2021-05-28;29394;15003;190;0;17184;0;0;0;0;2250364;1017001;3738;1;1132361;0;0;0;0
FR;2;2021-05-29;30422;8190;57;0;10100;0;0;0;0;2280786;1025191;3795;1;1142461;0;0;0;0
FR;2;2021-05-30;4647;1817;6;0;2152;0;0;0;0;2285433;1027008;3801;1;1144613;0;0;0;0
FR;2;2021-05-31;28589;18744;184;0;20823;0;0;0;0;2314022;1045752;3985;1;1165436;0;0;0;0
FR;2;2021-06-01;45734;19922;224;0;23162;0;0;0;0;2359756;1065674;4209;1;1188598;0;0;0;0
FR;2;2021-06-02;37476;19287;182;0;22292;0;0;0;0;2397232;1084961;4391;1;1210890;0;0;0;0
FR;2;2021-06-03;51278;23161;161;0;27014;0;0;0;0;2448510;1108122;4552;1;1237904;0;0;0;0
FR;2;2021-06-04;65512;24076;217;0;29044;0;0;0;0;2514022;1132198;4769;1;1266948;0;0;0;0
FR;2;2021-06-05;34601;24085;52;0;26937;0;0;0;0;2548623;1156283;4821;1;1293885;0;0;0;0
FR;2;2021-06-06;4956;6195;10;0;6613;0;0;0;0;2553579;1162478;4831;1;1300498;0;0;0;0
FR;2;2021-06-07;28176;23016;150;0;25432;0;0;0;0;2581755;1185494;4981;1;1325930;0;0;0;0
FR;2;2021-06-08;46377;22926;143;0;26888;0;0;0;0;2628132;1208420;5124;1;1352818;0;0;0;0
FR;2;2021-06-09;34293;20954;107;0;24083;0;0;0;0;2662425;1229374;5231;1;1376901;0;0;0;0
FR;2;2021-06-10;42643;19119;95;1;23041;0;0;0;0;2705068;1248493;5326;2;1399942;0;0;0;0
FR;2;2021-06-11;55300;25156;134;0;30256;0;0;0;0;2760368;1273649;5460;2;1430198;0;0;0;0
FR;2;2021-06-12;30561;19784;53;0;22637;0;0;0;0;2790929;1293433;5513;2;1452835;0;0;0;0
FR;2;2021-06-13;3331;9196;13;0;9584;0;0;0;0;2794260;1302629;5526;2;1462419;0;0;0;0
FR;2;2021-06-14;25301;24113;92;0;26698;0;0;0;0;2819561;1326742;5618;2;1489117;0;0;0;0
FR;2;2021-06-15;39047;22825;154;0;26575;0;0;0;0;2858608;1349567;5772;2;1515692;0;0;0;0
FR;2;2021-06-16;30164;21386;135;0;24540;0;0;0;0;2888772;1370953;5907;2;1540232;0;0;0;0
FR;2;2021-06-17;36912;25800;150;0;29663;0;0;0;0;2925684;1396753;6057;2;1569895;0;0;0;0
FR;2;2021-06-18;46859;28854;123;0;33555;0;0;0;0;2972543;1425607;6180;2;1603450;0;0;0;0
FR;2;2021-06-19;24525;24912;39;0;27683;0;0;0;0;2997068;1450519;6219;2;1631133;0;0;0;0
FR;2;2021-06-20;3745;10060;9;0;10557;0;0;0;0;3000813;1460579;6228;2;1641690;0;0;0;0
FR;2;2021-06-21;17529;42846;88;0;44852;0;0;0;0;3018342;1503425;6316;2;1686542;0;0;0;0
FR;2;2021-06-22;28361;49579;110;0;53006;0;0;0;0;3046703;1553004;6426;2;1739548;0;0;0;0
FR;2;2021-06-23;21790;49595;107;1;52442;1;0;0;0;3068493;1602599;6533;3;1791990;1;0;0;0
FR;2;2021-06-24;28378;50295;134;0;54033;0;0;0;0;3096871;1652894;6667;3;1846023;1;0;0;0
FR;2;2021-06-25;33399;60429;128;0;64817;0;0;0;0;3130270;1713323;6795;3;1910840;1;0;0;0
FR;2;2021-06-26;16388;59315;54;1;61702;0;0;0;0;3146658;1772638;6849;4;1972542;1;0;0;0
FR;2;2021-06-27;2566;29315;22;1;29894;0;0;0;0;3149224;1801953;6871;5;2002436;1;0;0;0
FR;2;2021-06-28;12640;54326;84;0;56300;0;0;0;0;3161864;1856279;6955;5;2058736;1;0;0;0
FR;2;2021-06-29;19857;59955;178;0;62903;0;0;0;0;3181721;1916234;7133;5;2121639;1;0;0;0
FR;2;2021-06-30;16331;57988;253;17;60674;0;0;0;0;3198052;1974222;7386;22;2182313;1;0;0;0
FR;2;2021-07-01;20491;59878;228;0;63211;0;0;0;0;3218543;2034100;7614;22;2245524;1;0;0;0
FR;2;2021-07-02;24081;62143;184;0;66359;0;0;0;0;3242624;2096243;7798;22;2311883;1;0;0;0
FR;2;2021-07-03;12119;57120;153;0;59457;0;0;0;0;3254743;2153363;7951;22;2371340;1;0;0;0
FR;2;2021-07-04;1960;23305;18;0;23873;0;0;0;0;3256703;2176668;7969;22;2395213;1;0;0;0
FR;2;2021-07-05;9177;29309;106;0;30947;0;0;0;0;3265880;2205977;8075;22;2426160;1;0;0;0
FR;2;2021-07-06;14582;36240;135;0;38923;0;0;0;0;3280462;2242217;8210;22;2465083;1;0;0;0
FR;2;2021-07-07;14414;33666;139;0;36426;0;0;0;0;3294876;2275883;8349;22;2501509;1;0;0;0
FR;2;2021-07-08;19722;40310;162;0;43972;0;0;0;0;3314598;2316193;8511;22;2545481;1;0;0;0
FR;2;2021-07-09;27103;54313;202;1;59469;0;0;0;0;3341701;2370506;8713;23;2604950;1;0;0;0
FR;2;2021-07-10;13386;33699;107;0;36390;0;0;0;0;3355087;2404205;8820;23;2641340;1;0;0;0
FR;2;2021-07-11;1810;4354;16;0;4783;0;0;0;0;3356897;2408559;8836;23;2646123;1;0;0;0
FR;2;2021-07-12;12971;37297;119;0;39957;0;0;0;0;3369868;2445856;8955;23;2686080;1;0;0;0
FR;2;2021-07-13;37114;53184;152;0;60326;0;0;0;0;3406982;2499040;9107;23;2746406;1;0;0;0
FR;2;2021-07-14;6626;3541;15;0;4889;0;0;0;0;3413608;2502581;9122;23;2751295;1;0;0;0
FR;2;2021-07-15;47242;47028;156;0;55231;0;0;0;0;3460850;2549609;9278;23;2806526;1;0;0;0
FR;2;2021-07-16;64316;55773;188;0;66756;0;0;0;0;3525166;2605382;9466;23;2873282;1;0;0;0
FR;2;2021-07-17;31600;23925;96;0;29386;0;0;0;0;3556766;2629307;9562;23;2902668;1;0;0;0
FR;2;2021-07-18;6089;4829;19;0;5978;0;0;0;0;3562855;2634136;9581;23;2908646;1;0;0;0
FR;2;2021-07-19;33004;28627;94;0;34242;0;0;0;0;3595859;2662763;9675;23;2942888;1;0;0;0
FR;2;2021-07-20;51998;44526;155;0;53171;0;0;0;0;3647857;2707289;9830;23;2996059;1;0;0;0
FR;2;2021-07-21;45255;34682;93;0;42191;0;0;0;0;3693112;2741971;9923;23;3038250;1;0;0;0
FR;2;2021-07-22;56280;41082;128;1;50372;0;0;0;0;3749392;2783053;10051;24;3088622;1;0;0;0
FR;2;2021-07-23;68299;48993;170;0;60284;0;0;0;0;3817691;2832046;10221;24;3148906;1;0;0;0
FR;2;2021-07-24;36178;21605;82;0;27466;0;0;0;0;3853869;2853651;10303;24;3176372;1;0;0;0
FR;2;2021-07-25;6749;2613;10;0;3873;0;0;0;0;3860618;2856264;10313;24;3180245;1;0;0;0
FR;2;2021-07-26;36318;22375;91;1;27885;0;0;0;0;3896936;2878639;10404;25;3208130;1;0;0;0
FR;2;2021-07-27;62387;34588;180;0;43739;0;0;0;0;3959323;2913227;10584;25;3251869;1;0;0;0
FR;2;2021-07-28;55320;26433;132;0;34533;0;0;0;0;4014643;2939660;10716;25;3286402;1;0;0;0
FR;2;2021-07-29;68480;32794;189;0;42482;0;0;0;0;4083123;2972454;10905;25;3328884;1;0;0;0
FR;2;2021-07-30;74464;37805;222;1;48604;0;0;0;0;4157587;3010259;11127;26;3377488;1;0;0;0
FR;2;2021-07-31;34772;16203;105;0;21404;0;0;0;0;4192359;3026462;11232;26;3398892;1;0;0;0
FR;2;2021-08-01;5414;2258;19;0;3123;0;0;0;0;4197773;3028720;11251;26;3402015;1;0;0;0
FR;2;2021-08-02;35884;16178;101;0;21080;0;0;0;0;4233657;3044898;11352;26;3423095;1;0;0;0
FR;2;2021-08-03;55985;28277;142;0;35490;0;0;0;0;4289642;3073175;11494;26;3458585;1;0;0;0
FR;2;2021-08-04;46637;20839;128;1;26960;0;0;0;0;4336279;3094014;11622;27;3485545;1;0;0;0
FR;2;2021-08-05;54637;31565;215;0;38759;0;0;0;0;4390916;3125579;11837;27;3524304;1;0;0;0
FR;2;2021-08-06;58094;42397;242;1;50242;0;0;0;0;4449010;3167976;12079;28;3574546;1;0;0;0
FR;2;2021-08-07;25149;17629;89;0;21328;0;0;0;0;4474159;3185605;12168;28;3595874;1;0;0;0
FR;2;2021-08-08;3838;3652;21;0;4310;0;0;0;0;4477997;3189257;12189;28;3600184;1;0;0;0
FR;2;2021-08-09;29307;21056;92;0;24885;0;0;0;0;4507304;3210313;12281;28;3625069;1;0;0;0
FR;2;2021-08-10;45009;33482;155;0;39252;0;0;0;0;4552313;3243795;12436;28;3664321;1;0;0;0
FR;2;2021-08-11;35275;25149;151;0;29760;0;0;0;0;4587588;3268944;12587;28;3694081;1;0;0;0
FR;2;2021-08-12;41904;35697;163;0;41240;0;0;0;0;4629492;3304641;12750;28;3735321;1;0;0;0
FR;2;2021-08-13;42606;37276;218;0;42975;0;0;0;0;4672098;3341917;12968;28;3778296;1;0;0;0
FR;2;2021-08-14;18524;22160;94;0;24800;0;0;0;0;4690622;3364077;13062;28;3803096;1;0;0;0
FR;2;2021-08-15;3857;3802;17;0;4390;0;0;0;0;4694479;3367879;13079;28;3807486;1;0;0;0
FR;2;2021-08-16;25093;27134;111;0;30462;0;0;0;0;4719572;3395013;13190;28;3837948;1;0;0;0
FR;2;2021-08-17;38261;43415;205;2;48410;0;0;0;0;4757833;3438428;13395;30;3886358;1;0;0;0
FR;2;2021-08-18;32254;36361;195;1;40720;1;0;0;0;4790087;3474789;13590;31;3927078;2;0;0;0
FR;2;2021-08-19;37434;46577;224;0;51792;0;0;0;0;4827521;3521366;13814;31;3978870;2;0;0;0
FR;2;2021-08-20;40568;55645;271;1;61588;0;0;0;0;4868089;3577011;14085;32;4040458;2;0;0;0
FR;2;2021-08-21;18121;24307;116;0;27099;0;0;0;0;4886210;3601318;14201;32;4067557;2;0;0;0
FR;2;2021-08-22;2907;4326;22;1;4861;1;0;0;0;4889117;3605644;14223;33;4072418;3;0;0;0
FR;2;2021-08-23;19248;35154;131;1;38054;0;0;0;0;4908365;3640798;14354;34;4110472;3;0;0;0
FR;2;2021-08-24;31949;56048;236;0;60712;0;0;0;0;4940314;3696846;14590;34;4171184;3;0;0;0
FR;2;2021-08-25;25934;43457;250;0;47419;0;0;0;0;4966248;3740303;14840;34;4218603;3;0;0;0
FR;2;2021-08-26;32362;55822;388;0;60603;0;0;0;0;4998610;3796125;15228;34;4279206;3;0;0;0
FR;2;2021-08-27;37003;65671;477;2;71434;0;0;0;0;5035613;3861796;15705;36;4350640;3;0;0;0
FR;2;2021-08-28;17819;28534;300;0;31610;0;0;0;0;5053432;3890330;16005;36;4382250;3;0;0;0
FR;2;2021-08-29;2656;5017;47;0;5634;0;0;0;0;5056088;3895347;16052;36;4387884;3;0;0;0
FR;2;2021-08-30;18416;37734;400;0;40153;761;0;0;0;5074504;3933081;16452;36;4428037;764;0;0;0
FR;2;2021-08-31;28076;57504;887;4;60951;1552;0;0;0;5102580;3990585;17339;40;4488988;2316;0;0;0
FR;2;2021-09-01;21593;39872;1309;0;42278;2118;0;0;0;5124173;4030457;18648;40;4531266;4434;0;0;0
FR;2;2021-09-02;25485;48658;1962;2;50969;3350;0;0;0;5149658;4079115;20610;42;4582235;7784;0;0;0
FR;2;2021-09-03;33412;64548;2988;3;67541;4874;1;0;0;5183070;4143663;23598;45;4649776;12658;1;0;0
FR;2;2021-09-04;16832;27755;1442;1;29559;2381;0;0;0;5199902;4171418;25040;46;4679335;15039;1;0;0
FR;2;2021-09-05;2262;3603;266;0;3959;412;0;0;0;5202164;4175021;25306;46;4683294;15451;1;0;0
FR;2;2021-09-06;14043;28702;1770;1;29777;2941;0;0;0;5216207;4203723;27076;47;4713071;18392;1;0;0
FR;2;2021-09-07;21107;41095;3021;13;42276;4923;0;0;0;5237314;4244818;30097;60;4755347;23315;1;0;0
FR;2;2021-09-08;17248;31919;2736;6;32746;4497;0;0;0;5254562;4276737;32833;66;4788093;27812;1;0;0
FR;2;2021-09-09;20980;40483;4437;3;41261;6823;0;0;0;5275542;4317220;37270;69;4829354;34635;1;0;0
FR;2;2021-09-10;28201;51277;5285;4;51910;8939;1;0;0;5303743;4368497;42555;73;4881264;43574;2;0;0
FR;2;2021-09-11;13654;22440;2405;5;23139;3979;0;0;0;5317397;4390937;44960;78;4904403;47553;2;0;0
FR;2;2021-09-12;1824;2778;292;0;2971;513;0;0;0;5319221;4393715;45252;78;4907374;48066;2;0;0
FR;2;2021-09-13;11659;21446;2473;4;21723;4040;0;0;0;5330880;4415161;47725;82;4929097;52106;2;0;0
FR;2;2021-09-14;18575;32742;5091;13;31709;9060;2;0;0;5349455;4447903;52816;95;4960806;61166;4;0;0
FR;2;2021-09-15;14914;28252;5169;3;26943;7759;9;0;0;5364369;4476155;57985;98;4987749;68925;13;0;0
FR;2;2021-09-16;16079;32785;6737;12;30177;10537;4;0;0;5380448;4508940;64722;110;5017926;79462;17;0;0
FR;2;2021-09-17;20915;47145;8781;10;42816;14611;7;0;0;5401363;4556085;73503;120;5060742;94073;24;0;0
FR;2;2021-09-18;9857;20961;3803;6;19597;6033;1;0;0;5411220;4577046;77306;126;5080339;100106;25;0;0
FR;2;2021-09-19;1166;2597;396;0;2537;633;0;0;0;5412386;4579643;77702;126;5082876;100739;25;0;0
FR;2;2021-09-20;7499;18718;3856;7;17033;6142;5;0;0;5419885;4598361;81558;133;5099909;106881;30;0;0
FR;2;2021-09-21;11214;29998;6495;5;26550;10744;3;0;0;5431099;4628359;88053;138;5126459;117625;33;0;0
FR;2;2021-09-22;9411;23537;5490;6;21196;8515;8;0;0;5440510;4651896;93543;144;5147655;126140;41;0;0
FR;2;2021-09-23;10729;28901;7881;10;24730;12649;11;0;0;5451239;4680797;101424;154;5172385;138789;52;0;0
FR;2;2021-09-24;15073;42933;10876;18;37277;17239;21;0;0;5466312;4723730;112300;172;5209662;156028;73;0;0
FR;2;2021-09-25;7258;18787;3965;9;17147;6113;4;0;0;5473570;4742517;116265;181;5226809;162141;77;0;0
FR;2;2021-09-26;1080;2551;495;0;2495;631;1;0;0;5474650;4745068;116760;181;5229304;162772;78;0;0
FR;2;2021-09-27;6313;16412;4285;8;14800;6536;2;0;0;5480963;4761480;121045;189;5244104;169308;80;0;0
FR;2;2021-09-28;9241;25556;7769;14;21711;12078;7;0;0;5490204;4787036;128814;203;5265815;181386;87;0;0
FR;2;2021-09-29;8082;20203;6067;25;17611;9260;8;0;0;5498286;4807239;134881;228;5283426;190646;95;0;0
FR;2;2021-09-30;9864;25835;9507;16;21629;14103;5;0;0;5508150;4833074;144388;244;5305055;204749;100;0;0
FR;2;2021-10-01;13976;35723;12918;25;30047;19312;10;0;0;5522126;4868797;157306;269;5335102;224061;110;0;0
FR;2;2021-10-02;6873;15925;4850;7;14228;7040;6;0;0;5528999;4884722;162156;276;5349330;231101;116;0;0
FR;2;2021-10-03;841;1917;492;1;1844;504;0;0;0;5529840;4886639;162648;277;5351174;231605;116;0;0
FR;2;2021-10-04;5825;13900;5515;5;12138;7852;6;0;0;5535665;4900539;168163;282;5363312;239457;122;0;0
FR;2;2021-10-05;9058;22553;11123;19;18525;15733;1;0;0;5544723;4923092;179286;301;5381837;255190;123;0;0
FR;2;2021-10-06;7783;17745;8242;11;15283;11081;3;0;0;5552506;4940837;187528;312;5397120;266271;126;0;0
FR;2;2021-10-07;9203;22201;12384;14;18008;16863;7;0;0;5561709;4963038;199912;326;5415128;283134;133;0;0
FR;2;2021-10-08;13431;32113;17350;27;26511;23591;12;0;0;5575140;4995151;217262;353;5441639;306725;145;0;0
FR;2;2021-10-09;6000;12837;6044;6;11375;7894;7;0;0;5581140;5007988;223306;359;5453014;314619;152;0;0
FR;2;2021-10-10;885;1602;436;2;1540;609;1;0;0;5582025;5009590;223742;361;5454554;315228;153;0;0
FR;2;2021-10-11;5607;11559;6455;17;9942;8832;5;0;0;5587632;5021149;230197;378;5464496;324060;158;0;0
FR;2;2021-10-12;8030;17790;12550;13;13936;16778;9;0;0;5595662;5038939;242747;391;5478432;340838;167;0;0
FR;2;2021-10-13;6944;14856;10255;12;11813;13643;7;0;0;5602606;5053795;253002;403;5490245;354481;174;0;0
FR;2;2021-10-14;8314;17944;14996;13;13566;19474;11;0;0;5610920;5071739;267998;416;5503811;373955;185;0;0
FR;2;2021-10-15;11855;26303;20903;26;19419;27971;4;0;0;5622775;5098042;288901;442;5523230;401926;189;0;0
FR;2;2021-10-16;5140;8737;1819;0;8170;3219;2;0;0;5627915;5106779;290720;442;5531400;405145;191;0;0
FR;2;2021-10-17;651;1155;184;0;1081;360;1;0;0;5628566;5107934;290904;442;5532481;405505;192;0;0
FR;2;2021-10-18;4562;7353;665;2;7250;1640;0;0;0;5633128;5115287;291569;444;5539731;407145;192;0;0
FR;2;2021-10-19;6238;9858;732;5;9660;2037;5;0;0;5639366;5125145;292301;449;5549391;409182;197;0;0
FR;2;2021-10-20;5170;8062;758;3;8180;1678;0;0;0;5644536;5133207;293059;452;5557571;410860;197;0;0
FR;2;2021-10-21;6090;9976;780;5;9837;2103;1;0;0;5650626;5143183;293839;457;5567408;412963;198;0;0
FR;2;2021-10-22;8451;14596;1148;4;14473;2887;2;0;0;5659077;5157779;294987;461;5581881;415850;200;0;0
FR;2;2021-10-23;3845;5993;587;0;6126;1235;3;0;0;5662922;5163772;295574;461;5588007;417085;203;0;0
FR;2;2021-10-24;494;886;101;0;903;205;0;0;0;5663416;5164658;295675;461;5588910;417290;203;0;0
FR;2;2021-10-25;3359;5348;307;1;5523;825;2;0;0;5666775;5170006;295982;462;5594433;418115;205;0;0
FR;2;2021-10-26;4176;7246;1132;4;7134;2023;5;0;0;5670951;5177252;297114;466;5601567;420138;210;0;0
FR;2;2021-10-27;3676;6599;1193;5;6455;1993;1;0;0;5674627;5183851;298307;471;5608022;422131;211;0;0
FR;2;2021-10-28;4598;7693;1735;3;7421;2748;1;0;0;5679225;5191544;300042;474;5615443;424879;212;0;0
FR;2;2021-10-29;5413;11087;2437;4;10700;3683;3;0;0;5684638;5202631;302479;478;5626143;428562;215;0;0
FR;2;2021-10-30;2749;4446;976;1;4452;1438;2;0;0;5687387;5207077;303455;479;5630595;430000;217;0;0
FR;2;2021-10-31;364;533;139;1;542;190;1;0;0;5687751;5207610;303594;480;5631137;430190;218;0;0
FR;2;2021-11-01;429;548;181;0;564;267;1;0;0;5688180;5208158;303775;480;5631701;430457;219;0;0
FR;2;2021-11-02;3293;6758;1183;0;6805;1762;5;0;0;5691473;5214916;304958;480;5638506;432219;224;0;0
FR;2;2021-11-03;3340;6234;1388;2;6320;1969;2;0;0;5694813;5221150;306346;482;5644826;434188;226;0;0
FR;2;2021-11-04;3986;7076;1768;4;7113;2496;3;0;0;5698799;5228226;308114;486;5651939;436684;229;0;0
FR;2;2021-11-05;5234;10504;2867;5;10213;3958;6;0;0;5704033;5238730;310981;491;5662152;440642;235;0;0
FR;2;2021-11-06;2596;4680;1403;0;4641;1817;2;0;0;5706629;5243410;312384;491;5666793;442459;237;0;0
FR;2;2021-11-07;506;865;220;0;873;289;2;0;0;5707135;5244275;312604;491;5667666;442748;239;0;0
FR;2;2021-11-08;2578;5350;1204;3;5268;1677;3;0;0;5709713;5249625;313808;494;5672934;444425;242;0;0
FR;2;2021-11-09;2749;6915;2402;5;6452;3180;2;0;0;5712462;5256540;316210;499;5679386;447605;244;0;0
FR;2;2021-11-10;2590;5675;5113;6;4773;6286;8;0;0;5715052;5262215;321323;505;5684159;453891;252;0;0
FR;2;2021-11-11;444;754;749;2;646;933;3;0;0;5715496;5262969;322072;507;5684805;454824;255;0;0
FR;2;2021-11-12;2953;8091;8975;8;6210;10915;10;0;0;5718449;5271060;331047;515;5691015;465739;265;0;0
FR;2;2021-11-13;1539;3381;3870;7;2724;4542;4;0;0;5719988;5274441;334917;522;5693739;470281;269;0;0
FR;2;2021-11-14;257;591;351;1;489;482;3;0;0;5720245;5275032;335268;523;5694228;470763;272;0;0
FR;2;2021-11-15;1622;3663;4447;8;2917;5329;16;0;0;5721867;5278695;339715;531;5697145;476092;288;0;0
FR;2;2021-11-16;2184;5889;8309;14;4169;10077;16;0;0;5724051;5284584;348024;545;5701314;486169;304;0;0
FR;2;2021-11-17;1741;4529;6630;8;3175;7850;5;0;0;5725792;5289113;354654;553;5704489;494019;309;0;0
FR;2;2021-11-18;2192;5935;9184;10;4029;11019;8;0;0;5727984;5295048;363838;563;5708518;505038;317;0;0
FR;2;2021-11-19;2700;7770;12975;19;4845;15479;12;0;0;5730684;5302818;376813;582;5713363;520517;329;0;0
FR;2;2021-11-20;1566;3337;5180;5;2357;6091;3;0;0;5732250;5306155;381993;587;5715720;526608;332;0;0
FR;2;2021-11-21;249;511;541;0;394;660;3;0;0;5732499;5306666;382534;587;5716114;527268;335;0;0
FR;2;2021-11-22;1278;2585;4481;5;1678;5403;9;0;0;5733777;5309251;387015;592;5717792;532671;344;0;0
FR;2;2021-11-23;1617;4284;8200;9;2548;9912;6;0;0;5735394;5313535;395215;601;5720340;542583;350;0;0
FR;2;2021-11-24;1420;3756;7481;14;2257;8731;9;0;0;5736814;5317291;402696;615;5722597;551314;359;0;0
FR;2;2021-11-25;1813;4876;11473;21;2694;13667;6;0;0;5738627;5322167;414169;636;5725291;564981;365;0;0
FR;2;2021-11-26;2541;7748;22672;31;3829;26082;14;0;0;5741168;5329915;436841;667;5729120;591063;379;0;0
FR;2;2021-11-27;1497;4153;12272;18;2140;14030;12;0;0;5742665;5334068;449113;685;5731260;605093;391;0;0
FR;2;2021-11-28;292;838;1973;3;481;2299;5;0;0;5742957;5334906;451086;688;5731741;607392;396;0;0
FR;2;2021-11-29;1447;4356;15091;23;2024;17257;25;0;0;5744404;5339262;466177;711;5733765;624649;421;0;0
FR;2;2021-11-30;1912;6664;26246;36;2656;29998;22;0;0;5746316;5345926;492423;747;5736421;654647;443;0;0
FR;2;2021-12-01;1916;6047;26203;31;2503;29521;21;0;0;5748232;5351973;518626;778;5738924;684168;464;0;0
FR;2;2021-12-02;1914;6793;37719;52;2132;41968;32;0;0;5750146;5358766;556345;830;5741056;726136;496;0;0
FR;2;2021-12-03;2556;10093;53626;111;3618;59373;30;0;0;5752702;5368859;609971;941;5744674;785509;526;0;0
FR;2;2021-12-04;1849;6291;37119;38;2195;40811;15;0;0;5754551;5375150;647090;979;5746869;826320;541;0;0
FR;2;2021-12-05;458;2251;14263;14;538;15992;7;0;0;5755009;5377401;661353;993;5747407;842312;548;0;0
FR;2;2021-12-06;2487;9875;77717;109;2724;84770;25;0;0;5757496;5387276;739070;1102;5750131;927082;573;0;0
FR;2;2021-12-07;3454;15311;122453;238;3767;133777;37;0;0;5760950;5402587;861523;1340;5753898;1060859;610;0;0
FR;2;2021-12-08;3725;16004;133203;330;3875;145393;54;0;0;5764675;5418591;994726;1670;5757773;1206252;664;0;0
FR;2;2021-12-09;4546;19640;170227;555;4195;185617;58;0;0;5769221;5438231;1164953;2225;5761968;1391869;722;0;0
FR;2;2021-12-10;4675;22832;188688;490;5040;206176;68;0;0;5773896;5461063;1353641;2715;5767008;1598045;790;0;0
FR;2;2021-12-11;3686;16629;132452;239;3692;144900;64;0;0;5777582;5477692;1486093;2954;5770700;1742945;854;0;0
FR;2;2021-12-12;1256;7125;59104;83;1027;65154;11;0;0;5778838;5484817;1545197;3037;5771727;1808099;865;0;0
FR;2;2021-12-13;5529;26834;220706;605;5247;243003;158;0;0;5784367;5511651;1765903;3642;5776974;2051102;1023;0;0
FR;2;2021-12-14;7018;37470;300791;908;6167;332240;187;0;0;5791385;5549121;2066694;4550;5783141;2383342;1210;0;0
FR;2;2021-12-15;6556;36246;285239;957;5894;315875;186;0;0;5797941;5585367;2351933;5507;5789035;2699217;1396;0;0
FR;2;2021-12-16;7764;37927;312156;979;6588;343776;182;0;0;5805705;5623294;2664089;6486;5795623;3042993;1578;0;0
FR;2;2021-12-17;8679;41209;327891;976;8052;360963;230;0;0;5814384;5664503;2991980;7462;5803675;3403956;1808;0;0
FR;2;2021-12-18;6514;26554;212356;448;4917;233667;120;0;0;5820898;5691057;3204336;7910;5808592;3637623;1928;0;0
FR;2;2021-12-19;2602;11422;90216;182;1669;100349;25;0;0;5823500;5702479;3294552;8092;5810261;3737972;1953;0;0
FR;2;2021-12-20;9546;33552;275233;706;6622;303383;206;0;0;5833046;5736031;3569785;8798;5816883;4041355;2159;0;0
FR;2;2021-12-21;11564;38322;309640;968;7400;341438;257;0;0;5844610;5774353;3879425;9766;5824283;4382793;2416;0;0
FR;2;2021-12-22;10459;32792;265121;952;6453;292478;315;0;1;5855069;5807145;4144546;10718;5830736;4675271;2731;0;1
FR;2;2021-12-23;9426;26676;199516;701;5901;221302;228;0;0;5864495;5833821;4344062;11419;5836637;4896573;2959;0;1
FR;2;2021-12-24;2783;7480;43860;140;2041;49562;78;0;0;5867278;5841301;4387922;11559;5838678;4946135;3037;0;1
FR;2;2021-12-25;201;681;2003;10;211;2485;15;0;0;5867479;5841982;4389925;11569;5838889;4948620;3052;0;1
FR;2;2021-12-26;1320;4210;25157;71;1054;28682;72;0;0;5868799;5846192;4415082;11640;5839943;4977302;3124;0;1
FR;2;2021-12-27;8077;29919;218421;659;6635;243348;296;0;0;5876876;5876111;4633503;12299;5846578;5220650;3420;0;1
FR;2;2021-12-28;9836;36315;272102;742;7006;302004;955;0;1;5886712;5912426;4905605;13041;5853584;5522654;4375;0;2
FR;2;2021-12-29;9497;32252;246137;765;6424;272692;1090;0;0;5896209;5944678;5151742;13806;5860008;5795346;5465;0;2
FR;2;2021-12-30;9461;28093;208833;663;5986;231454;1158;0;0;5905670;5972771;5360575;14469;5865994;6026800;6623;0;2
FR;2;2021-12-31;3010;8351;54990;176;2170;61239;392;0;0;5908680;5981122;5415565;14645;5868164;6088039;7015;0;2
FR;2;2022-01-01;230;688;2857;7;204;3351;29;0;0;5908910;5981810;5418422;14652;5868368;6091390;7044;0;2
FR;2;2022-01-02;1503;4854;29520;75;1168;33409;216;0;0;5910413;5986664;5447942;14727;5869536;6124799;7260;0;2
FR;2;2022-01-03;9599;35407;266535;806;8504;293914;1674;0;0;5920012;6022071;5714477;15533;5878040;6418713;8934;0;2
FR;2;2022-01-04;12854;45412;342096;1068;9987;377029;2459;0;1;5932866;6067483;6056573;16601;5888027;6795742;11393;0;3
FR;2;2022-01-05;11273;38645;294198;884;8639;323844;2156;0;2;5944139;6106128;6350771;17485;5896666;7119586;13549;0;5
FR;2;2022-01-06;13654;43492;331950;1298;9948;364743;2981;0;1;5957793;6149620;6682721;18783;5906614;7484329;16530;0;6
FR;2;2022-01-07;14225;47641;361104;1270;11247;396462;3158;0;0;5972018;6197261;7043825;20053;5917861;7880791;19688;0;6
FR;2;2022-01-08;7946;28146;201263;515;7209;221701;1529;0;2;5979964;6225407;7245088;20568;5925070;8102492;21217;0;8
FR;2;2022-01-09;2749;8970;62524;137;2078;69503;493;0;0;5982713;6234377;7307612;20705;5927148;8171995;21710;0;8
FR;2;2022-01-10;10098;31910;232485;858;8914;255054;2458;0;0;5992811;6266287;7540097;21563;5936062;8427049;24168;0;8
FR;2;2022-01-11;11468;36256;265928;1029;10073;290635;3381;0;1;6004279;6302543;7806025;22592;5946135;8717684;27549;0;9
FR;2;2022-01-12;8765;29809;206330;863;8730;226174;2803;0;5;6013044;6332352;8012355;23455;5954865;8943858;30352;0;14
FR;2;2022-01-13;9387;31335;224497;832;9042;244839;3464;0;4;6022431;6363687;8236852;24287;5963907;9188697;33816;0;18
FR;2;2022-01-14;9740;35608;254547;920;9857;277667;3982;0;1;6032171;6399295;8491399;25207;5973764;9466364;37798;0;19
FR;2;2022-01-15;5359;19452;140781;363;5328;153642;1926;0;0;6037530;6418747;8632180;25570;5979092;9620006;39724;0;19
FR;2;2022-01-16;1512;5474;35888;81;1623;39826;424;0;0;6039042;6424221;8668068;25651;5980715;9659832;40148;0;19
FR;2;2022-01-17;5546;19275;135416;601;6611;147257;2264;0;2;6044588;6443496;8803484;26252;5987326;9807089;42412;0;21
FR;2;2022-01-18;6423;21489;148633;647;7524;160460;3313;0;0;6051011;6464985;8952117;26899;5994850;9967549;45725;0;21
FR;2;2022-01-19;4397;16321;105106;551;6217;113703;2408;0;1;6055408;6481306;9057223;27450;6001067;10081252;48133;0;22
FR;2;2022-01-20;4872;17585;115297;603;7074;123693;3110;0;2;6060280;6498891;9172520;28053;6008141;10204945;51243;0;24
FR;2;2022-01-21;5198;20054;137351;679;7182;147769;3455;0;1;6065478;6518945;9309871;28732;6015323;10352714;54698;0;25
FR;2;2022-01-22;3030;10950;74262;260;3959;80328;1427;0;0;6068508;6529895;9384133;28992;6019282;10433042;56125;0;25
FR;2;2022-01-23;724;2716;15242;41;1057;16832;238;0;0;6069232;6532611;9399375;29033;6020339;10449874;56363;0;25
FR;2;2022-01-24;3289;12812;75080;431;5847;81031;1993;0;2;6072521;6545423;9474455;29464;6026186;10530905;58356;0;27
FR;2;2022-01-25;3574;14415;79629;496;6660;85454;2879;0;4;6076095;6559838;9554084;29960;6032846;10616359;61235;0;31
FR;2;2022-01-26;2515;10705;58978;363;5331;63032;1957;0;1;6078610;6570543;9613062;30323;6038177;10679391;63192;0;32
FR;2;2022-01-27;2683;11365;64179;388;5735;67947;2464;0;1;6081293;6581908;9677241;30711;6043912;10747338;65656;0;33
FR;2;2022-01-28;3551;18292;91723;429;8619;98923;3404;0;1;6084844;6600200;9768964;31140;6052531;10846261;69060;0;34
FR;2;2022-01-29;1893;9239;48852;164;4170;52928;1374;0;1;6086737;6609439;9817816;31304;6056701;10899189;70434;0;35
FR;2;2022-01-30;464;2209;9455;38;1051;10585;203;0;0;6087201;6611648;9827271;31342;6057752;10909774;70637;0;35
FR;2;2022-01-31;1888;9563;43833;209;4719;47330;1888;0;2;6089089;6621211;9871104;31551;6062471;10957104;72525;0;37
FR;2;2022-02-01;1915;10036;47030;279;4804;50095;2714;0;0;6091004;6631247;9918134;31830;6067275;11007199;75239;0;37
FR;2;2022-02-02;1614;8993;41119;250;4200;44156;2192;0;1;6092618;6640240;9959253;32080;6071475;11051355;77431;0;38
FR;2;2022-02-03;1725;8942;40526;205;4374;42922;2644;0;2;6094343;6649182;9999779;32285;6075849;11094277;80075;0;40
FR;2;2022-02-04;2151;15188;66647;299;7388;71334;3674;0;1;6096494;6664370;10066426;32584;6083237;11165611;83749;0;41
FR;2;2022-02-05;1360;8525;35946;132;4216;39228;1374;0;0;6097854;6672895;10102372;32716;6087453;11204839;85123;0;41
FR;2;2022-02-06;275;1762;6127;16;840;6898;217;0;0;6098129;6674657;10108499;32732;6088293;11211737;85340;0;41
FR;2;2022-02-07;1351;9557;37756;134;4540;41293;1887;0;2;6099480;6684214;10146255;32866;6092833;11253030;87227;0;43
FR;2;2022-02-08;1299;9832;40954;173;4644;43748;2741;0;1;6100779;6694046;10187209;33039;6097477;11296778;89968;0;44
FR;2;2022-02-09;1160;8839;37040;174;3803;40464;1901;0;2;6101939;6702885;10224249;33213;6101280;11337242;91869;0;46
FR;2;2022-02-10;1029;7997;33837;204;3603;36509;2051;0;1;6102968;6710882;10258086;33417;6104883;11373751;93920;0;47
FR;2;2022-02-11;1391;12085;53346;223;5281;57699;2888;0;0;6104359;6722967;10311432;33640;6110164;11431450;96808;0;47
FR;2;2022-02-12;754;6533;27986;86;2792;30805;1112;0;2;6105113;6729500;10339418;33726;6112956;11462255;97920;0;49
FR;2;2022-02-13;200;1340;4836;20;562;5577;141;0;0;6105313;6730840;10344254;33746;6113518;11467832;98061;0;49
FR;2;2022-02-14;835;6731;30273;91;2598;33232;1398;0;1;6106148;6737571;10374527;33837;6116116;11501064;99459;0;50
FR;2;2022-02-15;774;6472;28049;141;2800;29992;1967;0;2;6106922;6744043;10402576;33978;6118916;11531056;101426;0;52
FR;2;2022-02-16;657;5361;22066;123;2526;23631;1568;0;3;6107579;6749404;10424642;34101;6121442;11554687;102994;0;55
FR;2;2022-02-17;518;3783;14152;98;2128;14617;1406;0;2;6108097;6753187;10438794;34199;6123570;11569304;104400;0;57
FR;2;2022-02-18;723;5368;20442;134;3039;21129;1895;0;0;6108820;6758555;10459236;34333;6126609;11590433;106295;0;57
FR;2;2022-02-19;430;3057;10532;66;1695;11246;753;0;2;6109250;6761612;10469768;34399;6128304;11601679;107048;0;59
FR;2;2022-02-20;102;518;1462;3;314;1610;100;0;0;6109352;6762130;10471230;34402;6128618;11603289;107148;0;59
FR;2;2022-02-21;422;2685;9122;65;1568;9499;930;0;0;6109774;6764815;10480352;34467;6130186;11612788;108078;0;59
FR;2;2022-02-22;392;2567;8894;77;1621;8797;1180;0;0;6110166;6767382;10489246;34544;6131807;11621585;109258;0;59
FR;2;2022-02-23;432;2604;8992;82;1522;9268;1022;0;0;6110598;6769986;10498238;34626;6133329;11630853;110280;0;59
FR;2;2022-02-24;314;2036;6802;82;1250;6830;870;0;0;6110912;6772022;10505040;34708;6134579;11637683;111150;0;59
FR;2;2022-02-25;457;3207;11418;107;1976;11282;1559;0;3;6111369;6775229;10516458;34815;6136555;11648965;112709;0;62
FR;2;2022-02-26;297;1892;6036;49;1161;6343;587;0;1;6111666;6777121;10522494;34864;6137716;11655308;113296;0;63
FR;2;2022-02-27;76;313;907;5;214;950;98;0;0;6111742;6777434;10523401;34869;6137930;11656258;113394;0;63
FR;2;2022-02-28;330;1688;5524;53;1087;5531;732;0;0;6112072;6779122;10528925;34922;6139017;11661789;114126;0;63
FR;2;2022-03-01;278;1569;5481;46;951;5198;964;0;2;6112350;6780691;10534406;34968;6139968;11666987;115090;0;65
FR;2;2022-03-02;298;1445;5247;45;876;5091;815;0;1;6112648;6782136;10539653;35013;6140844;11672078;115905;0;66
FR;2;2022-03-03;225;1111;3708;42;720;3485;668;0;1;6112873;6783247;10543361;35055;6141564;11675563;116573;0;67
FR;2;2022-03-04;243;1468;4859;74;983;4506;949;0;1;6113116;6784715;10548220;35129;6142547;11680069;117522;0;68
FR;2;2022-03-05;174;906;2979;34;612;2723;561;0;0;6113290;6785621;10551199;35163;6143159;11682792;118083;0;68
FR;2;2022-03-06;42;183;280;5;105;320;52;0;0;6113332;6785804;10551479;35168;6143264;11683112;118135;0;68
FR;2;2022-03-07;156;659;1987;70;491;1777;472;0;0;6113488;6786463;10553466;35238;6143755;11684889;118607;0;68
FR;2;2022-03-08;144;669;2273;53;460;1907;620;0;0;6113632;6787132;10555739;35291;6144215;11686796;119227;0;68
FR;2;2022-03-09;154;708;2348;37;473;2050;615;0;0;6113786;6787840;10558087;35328;6144688;11688846;119842;0;68
FR;2;2022-03-10;123;603;1694;35;445;1469;456;0;1;6113909;6788443;10559781;35363;6145133;11690315;120298;0;69
FR;2;2022-03-11;172;756;2769;57;504;2368;737;0;1;6114081;6789199;10562550;35420;6145637;11692683;121035;0;70
FR;2;2022-03-12;149;484;1786;27;331;1555;450;0;0;6114230;6789683;10564336;35447;6145968;11694238;121485;0;70
FR;2;2022-03-13;25;75;203;30;45;204;69;0;0;6114255;6789758;10564539;35477;6146013;11694442;121554;0;70
FR;2;2022-03-14;128;470;1567;529;333;1297;950;0;0;6114383;6790228;10566106;36006;6146346;11695739;122504;0;70
FR;2;2022-03-15;138;440;1713;691;332;1333;1186;0;1;6114521;6790668;10567819;36697;6146678;11697072;123690;0;71
FR;2;2022-03-16;142;476;2013;1615;331;1593;2159;0;2;6114663;6791144;10569832;38312;6147009;11698665;125849;0;73
FR;2;2022-03-17;94;413;1408;1193;273;1144;1577;0;0;6114757;6791557;10571240;39505;6147282;11699809;127426;0;73
FR;2;2022-03-18;147;496;2024;1794;335;1667;2312;0;1;6114904;6792053;10573264;41299;6147617;11701476;129738;0;74
FR;2;2022-03-19;108;321;1210;941;219;1015;1259;0;0;6115012;6792374;10574474;42240;6147836;11702491;130997;0;74
FR;2;2022-03-20;13;77;191;59;39;168;115;0;0;6115025;6792451;10574665;42299;6147875;11702659;131112;0;74
FR;2;2022-03-21;97;307;1214;1484;180;1077;1761;0;1;6115122;6792758;10575879;43783;6148055;11703736;132873;0;75
FR;2;2022-03-22;118;390;1530;1830;244;1291;2218;0;0;6115240;6793148;10577409;45613;6148299;11705027;135091;0;75
FR;2;2022-03-23;139;361;1674;3032;232;1470;3373;0;6;6115379;6793509;10579083;48645;6148531;11706497;138464;0;81
FR;2;2022-03-24;117;293;1183;1547;186;1001;1813;0;8;6115496;6793802;10580266;50192;6148717;11707498;140277;0;89
FR;2;2022-03-25;119;361;1805;2451;238;1475;2837;0;8;6115615;6794163;10582071;52643;6148955;11708973;143114;0;97
FR;2;2022-03-26;79;247;1204;1222;138;952;1531;0;5;6115694;6794410;10583275;53865;6149093;11709925;144645;0;102
FR;2;2022-03-27;19;36;153;100;19;132;144;0;0;6115713;6794446;10583428;53965;6149112;11710057;144789;0;102
FR;2;2022-03-28;94;288;1138;1602;187;995;1834;0;6;6115807;6794734;10584566;55567;6149299;11711052;146623;0;108
FR;2;2022-03-29;108;258;1325;2466;167;1105;2759;0;4;6115915;6794992;10585891;58033;6149466;11712157;149382;0;112
FR;2;2022-03-30;91;312;1488;3184;163;1320;3420;0;2;6116006;6795304;10587379;61217;6149629;11713477;152802;0;114
FR;2;2022-03-31;104;284;1276;2332;172;1091;2616;0;3;6116110;6795588;10588655;63549;6149801;11714568;155418;0;117
FR;2;2022-04-01;123;323;1567;2349;163;1322;2667;0;7;6116233;6795911;10590222;65898;6149964;11715890;158085;0;124
FR;2;2022-04-02;81;161;845;891;83;737;1052;0;1;6116314;6796072;10591067;66789;6150047;11716627;159137;0;125
FR;2;2022-04-03;16;53;128;113;27;142;133;0;1;6116330;6796125;10591195;66902;6150074;11716769;159270;0;126
FR;2;2022-04-04;113;239;988;1445;141;797;1691;0;5;6116443;6796364;10592183;68347;6150215;11717566;160961;0;131
FR;2;2022-04-05;143;298;1316;2911;158;1143;3141;0;17;6116586;6796662;10593499;71258;6150373;11718709;164102;0;148
FR;2;2022-04-06;89;259;1306;2522;127;1130;2686;0;10;6116675;6796921;10594805;73780;6150500;11719839;166788;0;158
FR;2;2022-04-07;120;228;1301;2682;139;1041;2957;0;8;6116795;6797149;10596106;76462;6150639;11720880;169745;0;166
FR;2;2022-04-08;126;340;1633;3341;176;1326;3631;0;12;6116921;6797489;10597739;79803;6150815;11722206;173376;0;178
FR;2;2022-04-09;90;219;899;1046;144;731;1288;0;4;6117011;6797708;10598638;80849;6150959;11722937;174664;0;182
FR;2;2022-04-10;37;48;143;162;45;119;200;0;1;6117048;6797756;10598781;81011;6151004;11723056;174864;0;183
FR;2;2022-04-11;88;195;890;1560;121;780;1718;0;6;6117136;6797951;10599671;82571;6151125;11723836;176582;0;189
FR;2;2022-04-12;176;271;1183;2769;173;1062;2902;0;8;6117312;6798222;10600854;85340;6151298;11724898;179484;0;197
FR;2;2022-04-13;147;230;1125;2469;110;987;2664;0;11;6117459;6798452;10601979;87809;6151408;11725885;182148;0;208
FR;2;2022-04-14;115;226;1085;2677;113;919;2911;0;18;6117574;6798678;10603064;90486;6151521;11726804;185059;0;226
FR;2;2022-04-15;114;255;1215;2292;125;1072;2532;0;7;6117688;6798933;10604279;92778;6151646;11727876;187591;0;233
FR;2;2022-04-16;67;108;548;549;68;459;675;0;9;6117755;6799041;10604827;93327;6151714;11728335;188266;0;242
FR;2;2022-04-17;15;27;57;53;16;53;71;0;0;6117770;6799068;10604884;93380;6151730;11728388;188337;0;242
FR;2;2022-04-18;12;35;120;70;18;115;95;0;0;6117782;6799103;10605004;93450;6151748;11728503;188432;0;242
FR;2;2022-04-19;112;237;1120;1731;149;951;1915;0;9;6117894;6799340;10606124;95181;6151897;11729454;190347;0;251
FR;2;2022-04-20;95;241;1109;2172;125;933;2366;0;14;6117989;6799581;10607233;97353;6152022;11730387;192713;0;265
FR;2;2022-04-21;111;233;982;1912;125;837;2140;0;11;6118100;6799814;10608215;99265;6152147;11731224;194853;0;276
FR;2;2022-04-22;100;276;1242;2091;141;1023;2429;0;11;6118200;6800090;10609457;101356;6152288;11732247;197282;0;287
FR;2;2022-04-23;67;156;644;762;107;573;862;0;8;6118267;6800246;10610101;102118;6152395;11732820;198144;0;295
FR;2;2022-04-24;12;29;101;68;11;79;100;0;0;6118279;6800275;10610202;102186;6152406;11732899;198244;0;295
FR;2;2022-04-25;103;204;821;1315;104;711;1513;0;15;6118382;6800479;10611023;103501;6152510;11733610;199757;0;310
FR;2;2022-04-26;108;184;1041;2017;118;878;2215;0;18;6118490;6800663;10612064;105518;6152628;11734488;201972;0;328
FR;2;2022-04-27;98;179;860;1783;120;764;1805;0;7;6118588;6800842;10612924;107301;6152748;11735252;203777;0;335
FR;2;2022-04-28;93;214;950;1930;128;843;2086;0;12;6118681;6801056;10613874;109231;6152876;11736095;205863;0;347
FR;2;2022-04-29;81;280;1130;1696;131;1040;1874;0;11;6118762;6801336;10615004;110927;6153007;11737135;207737;0;358
FR;2;2022-04-30;65;126;470;539;79;429;627;0;9;6118827;6801462;10615474;111466;6153086;11737564;208364;0;367
FR;2;2022-05-01;23;24;84;49;20;85;61;0;1;6118850;6801486;10615558;111515;6153106;11737649;208425;0;368
FR;2;2022-05-02;115;232;762;1216;141;660;1374;0;5;6118965;6801718;10616320;112731;6153247;11738309;209799;0;373
FR;2;2022-05-03;148;233;999;1778;156;938;1892;0;14;6119113;6801951;10617319;114509;6153403;11739247;211691;0;387
FR;2;2022-05-04;90;226;924;1809;116;867;1820;0;13;6119203;6802177;10618243;116318;6153519;11740114;213511;0;400
FR;2;2022-05-05;127;197;853;1718;146;770;1835;0;9;6119330;6802374;10619096;118036;6153665;11740884;215346;0;409
FR;2;2022-05-06;133;246;1100;1855;139;1016;2052;0;16;6119463;6802620;10620196;119891;6153804;11741900;217398;0;425
FR;2;2022-05-07;40;99;470;504;61;406;593;0;4;6119503;6802719;10620666;120395;6153865;11742306;217991;0;429
FR;2;2022-05-08;48;54;107;70;41;102;100;0;0;6119551;6802773;10620773;120465;6153906;11742408;218091;0;429
FR;2;2022-05-09;101;174;654;985;103;604;1129;0;9;6119652;6802947;10621427;121450;6154009;11743012;219220;0;438
FR;2;2022-05-10;121;251;938;1840;154;893;1964;0;23;6119773;6803198;10622365;123290;6154163;11743905;221184;0;461
FR;2;2022-05-11;101;178;811;1873;116;792;1860;0;8;6119874;6803376;10623176;125163;6154279;11744697;223044;0;469
FR;2;2022-05-12;111;173;845;2095;115;803;2212;0;21;6119985;6803549;10624021;127258;6154394;11745500;225256;0;490
FR;2;2022-05-13;100;233;969;2096;120;899;2272;0;13;6120085;6803782;10624990;129354;6154514;11746399;227528;0;503
FR;2;2022-05-14;76;124;451;553;93;411;632;0;6;6120161;6803906;10625441;129907;6154607;11746810;228160;0;509
FR;2;2022-05-15;24;39;94;88;20;108;95;0;1;6120185;6803945;10625535;129995;6154627;11746918;228255;0;510
FR;2;2022-05-16;102;170;601;924;115;537;1036;0;11;6120287;6804115;10626136;130919;6154742;11747455;229291;0;521
FR;2;2022-05-17;95;184;690;1685;119;658;1737;0;8;6120382;6804299;10626826;132604;6154861;11748113;231028;0;529
FR;2;2022-05-18;80;181;641;1431;97;646;1486;0;10;6120462;6804480;10627467;134035;6154958;11748759;232514;0;539
FR;2;2022-05-19;73;161;708;1831;81;751;1816;0;12;6120535;6804641;10628175;135866;6155039;11749510;234330;0;551
FR;2;2022-05-20;107;180;874;1701;110;779;1849;0;17;6120642;6804821;10629049;137567;6155149;11750289;236179;0;568
FR;2;2022-05-21;48;96;397;517;71;338;581;0;8;6120690;6804917;10629446;138084;6155220;11750627;236760;0;576
FR;2;2022-05-22;8;23;69;37;18;57;56;0;0;6120698;6804940;10629515;138121;6155238;11750684;236816;0;576
FR;2;2022-05-23;86;133;498;932;100;469;968;0;7;6120784;6805073;10630013;139053;6155338;11751153;237784;0;583
FR;2;2022-05-24;87;164;627;1621;102;615;1675;0;17;6120871;6805237;10630640;140674;6155440;11751768;239459;0;600
FR;2;2022-05-25;72;145;539;1148;90;493;1259;0;5;6120943;6805382;10631179;141822;6155530;11752261;240718;0;605
FR;2;2022-05-26;11;31;77;43;13;85;54;0;1;6120954;6805413;10631256;141865;6155543;11752346;240772;0;606
FR;2;2022-05-27;44;123;456;818;67;438;893;0;9;6120998;6805536;10631712;142683;6155610;11752784;241665;0;615
FR;2;2022-05-28;28;60;221;244;29;221;266;0;1;6121026;6805596;10631933;142927;6155639;11753005;241931;0;616
FR;2;2022-05-29;13;34;43;25;22;51;28;0;0;6121039;6805630;10631976;142952;6155661;11753056;241959;0;616
FR;2;2022-05-30;65;108;424;755;59;409;806;0;6;6121104;6805738;10632400;143707;6155720;11753465;242765;0;622
FR;2;2022-05-31;76;135;564;1276;92;511;1302;0;12;6121180;6805873;10632964;144983;6155812;11753976;244067;0;634
FR;2;2022-06-01;59;157;562;1074;83;541;1169;0;6;6121239;6806030;10633526;146057;6155895;11754517;245236;0;640
FR;2;2022-06-02;92;177;625;1412;109;591;1518;0;12;6121331;6806207;10634151;147469;6156004;11755108;246754;0;652
FR;2;2022-06-03;71;155;667;1604;94;593;1693;0;19;6121402;6806362;10634818;149073;6156098;11755701;248447;0;671
FR;2;2022-06-04;69;93;283;433;66;269;475;0;11;6121471;6806455;10635101;149506;6156164;11755970;248922;0;682
FR;2;2022-06-05;12;17;63;57;16;47;74;0;1;6121483;6806472;10635164;149563;6156180;11756017;248996;0;683
FR;2;2022-06-06;11;35;92;75;24;92;80;0;3;6121494;6806507;10635256;149638;6156204;11756109;249076;0;686
FR;2;2022-06-07;99;222;667;1535;155;577;1661;0;10;6121593;6806729;10635923;151173;6156359;11756686;250737;0;696
FR;2;2022-06-08;70;118;475;1166;77;411;1261;0;5;6121663;6806847;10636398;152339;6156436;11757097;251998;0;701
FR;2;2022-06-09;93;166;613;1922;107;571;1927;0;18;6121756;6807013;10637011;154261;6156543;11757668;253925;0;719
FR;2;2022-06-10;91;167;650;1683;107;621;1774;0;23;6121847;6807180;10637661;155944;6156650;11758289;255699;0;742
FR;2;2022-06-11;43;84;287;528;41;258;582;0;5;6121890;6807264;10637948;156472;6156691;11758547;256281;0;747
FR;2;2022-06-12;18;38;58;78;27;60;78;0;0;6121908;6807302;10638006;156550;6156718;11758607;256359;0;747
FR;2;2022-06-13;39;119;393;952;63;378;1018;0;6;6121947;6807421;10638399;157502;6156781;11758985;257377;0;753
FR;2;2022-06-14;68;157;599;2087;101;537;2188;0;14;6122015;6807578;10638998;159589;6156882;11759522;259565;0;767
FR;2;2022-06-15;78;104;520;1503;84;444;1638;0;10;6122093;6807682;10639518;161092;6156966;11759966;261203;0;777
FR;2;2022-06-16;127;127;495;1411;122;422;1526;0;12;6122220;6807809;10640013;162503;6157088;11760388;262729;0;789
FR;2;2022-06-17;73;136;588;1817;86;515;1921;0;16;6122293;6807945;10640601;164320;6157174;11760903;264650;0;805
FR;2;2022-06-18;75;93;224;579;80;196;630;0;4;6122368;6808038;10640825;164899;6157254;11761099;265280;0;809
FR;2;2022-06-19;11;17;53;71;7;41;90;0;2;6122379;6808055;10640878;164970;6157261;11761140;265370;0;811
FR;2;2022-06-20;62;125;401;1027;71;392;1104;0;10;6122441;6808180;10641279;165997;6157332;11761532;266474;0;821
FR;2;2022-06-21;107;115;524;2123;104;453;2160;0;22;6122548;6808295;10641803;168120;6157436;11761985;268634;0;843
FR;2;2022-06-22;39;110;462;1889;57;415;1971;0;25;6122587;6808405;10642265;170009;6157493;11762400;270605;0;868
FR;2;2022-06-23;58;108;537;2281;67;452;2399;0;30;6122645;6808513;10642802;172290;6157560;11762852;273004;0;898
FR;2;2022-06-24;66;122;709;3199;66;571;3339;0;38;6122711;6808635;10643511;175489;6157626;11763423;276343;0;936
FR;2;2022-06-25;30;90;297;987;55;253;1040;0;13;6122741;6808725;10643808;176476;6157681;11763676;277383;0;949
FR;2;2022-06-26;30;27;131;194;29;97;236;0;5;6122771;6808752;10643939;176670;6157710;11763773;277619;0;954
FR;2;2022-06-27;79;137;581;2488;94;482;2621;0;39;6122850;6808889;10644520;179158;6157804;11764255;280240;0;993
FR;2;2022-06-28;109;140;812;4816;81;650;4893;0;54;6122959;6809029;10645332;183974;6157885;11764905;285133;0;1047
FR;2;2022-06-29;73;150;776;4432;80;637;4528;0;56;6123032;6809179;10646108;188406;6157965;11765542;289661;0;1103
FR;2;2022-06-30;72;133;832;5177;71;618;5397;0;79;6123104;6809312;10646940;193583;6158036;11766160;295058;0;1182
FR;2;2022-07-01;112;159;1149;6691;94;849;6943;0;90;6123216;6809471;10648089;200274;6158130;11767009;302001;0;1272
FR;2;2022-07-02;68;132;474;1976;82;392;2067;0;27;6123284;6809603;10648563;202250;6158212;11767401;304068;0;1299
FR;2;2022-07-03;23;30;146;334;21;130;357;0;8;6123307;6809633;10648709;202584;6158233;11767531;304425;0;1307
FR;2;2022-07-04;120;180;775;3785;108;612;3972;0;49;6123427;6809813;10649484;206369;6158341;11768143;308397;0;1356
FR;2;2022-07-05;118;186;1121;6818;119;828;6999;0;85;6123545;6809999;10650605;213187;6158460;11768971;315396;0;1441
FR;2;2022-07-06;92;149;951;5807;91;697;5933;0;84;6123637;6810148;10651556;218994;6158551;11769668;321329;0;1525
FR;2;2022-07-07;81;185;1020;6498;115;750;6730;0;101;6123718;6810333;10652576;225492;6158666;11770418;328059;0;1626
FR;2;2022-07-08;65;122;1095;7044;51;758;7235;0;123;6123783;6810455;10653671;232536;6158717;11771176;335294;0;1749
FR;2;2022-07-09;34;61;418;1869;30;299;1920;0;33;6123817;6810516;10654089;234405;6158747;11771475;337214;0;1782
FR;2;2022-07-10;6;17;96;315;8;82;327;0;5;6123823;6810533;10654185;234720;6158755;11771557;337541;0;1787
FR;2;2022-07-11;68;120;683;3825;75;540;3901;0;67;6123891;6810653;10654868;238545;6158830;11772097;341442;0;1854
FR;2;2022-07-12;102;179;1054;6517;106;809;6725;0;119;6123993;6810832;10655922;245062;6158936;11772906;348167;0;1973
FR;2;2022-07-13;64;126;879;4664;74;591;4830;0;78;6124057;6810958;10656801;249726;6159010;11773497;352997;0;2051
FR;2;2022-07-14;6;13;88;248;8;59;267;0;8;6124063;6810971;10656889;249974;6159018;11773556;353264;0;2059
FR;2;2022-07-15;61;129;739;3792;53;560;3958;0;75;6124124;6811100;10657628;253766;6159071;11774116;357222;0;2134
FR;2;2022-07-16;27;54;289;1029;30;242;1075;0;25;6124151;6811154;10657917;254795;6159101;11774358;358297;0;2159
FR;2;2022-07-17;5;12;77;201;6;66;207;0;6;6124156;6811166;10657994;254996;6159107;11774424;358504;0;2165
FR;2;2022-07-18;57;103;514;2509;61;384;2648;0;59;6124213;6811269;10658508;257505;6159168;11774808;361152;0;2224
FR;2;2022-07-19;66;133;770;4254;72;555;4443;0;72;6124279;6811402;10659278;261759;6159240;11775363;365595;0;2296
FR;2;2022-07-20;59;118;581;3179;68;431;3277;0;87;6124338;6811520;10659859;264938;6159308;11775794;368872;0;2383
FR;2;2022-07-21;60;110;671;3678;73;485;3795;0;105;6124398;6811630;10660530;268616;6159381;11776279;372667;0;2488
FR;2;2022-07-22;51;99;698;3548;48;506;3697;0;80;6124449;6811729;10661228;272164;6159429;11776785;376364;0;2568
FR;2;2022-07-23;39;97;290;1173;52;229;1226;0;37;6124488;6811826;10661518;273337;6159481;11777014;377590;0;2605
FR;2;2022-07-24;14;23;68;201;18;67;203;0;7;6124502;6811849;10661586;273538;6159499;11777081;377793;0;2612
FR;2;2022-07-25;50;71;405;1937;60;300;1999;0;56;6124552;6811920;10661991;275475;6159559;11777381;379792;0;2668
FR;2;2022-07-26;57;133;606;3423;66;477;3496;0;113;6124609;6812053;10662597;278898;6159625;11777858;383288;0;2781
FR;2;2022-07-27;42;81;457;2782;50;361;2801;0;89;6124651;6812134;10663054;281680;6159675;11778219;386089;0;2870
FR;2;2022-07-28;29;75;450;2484;36;357;2488;0;78;6124680;6812209;10663504;284164;6159711;11778576;388577;0;2948
FR;2;2022-07-29;68;88;535;2857;63;347;2978;0;72;6124748;6812297;10664039;287021;6159774;11778923;391555;0;3020
FR;2;2022-07-30;22;38;162;774;31;110;793;0;24;6124770;6812335;10664201;287795;6159805;11779033;392348;0;3044
FR;2;2022-07-31;6;13;27;104;12;21;110;0;2;6124776;6812348;10664228;287899;6159817;11779054;392458;0;3046
FR;2;2022-08-01;38;105;323;1261;73;260;1343;0;29;6124814;6812453;10664551;289160;6159890;11779314;393801;0;3075
FR;2;2022-08-02;49;75;325;2060;50;247;2096;0;78;6124863;6812528;10664876;291220;6159940;11779561;395897;0;3153
FR;2;2022-08-03;29;53;259;1610;25;187;1616;0;57;6124892;6812581;10665135;292830;6159965;11779748;397513;0;3210
FR;2;2022-08-04;40;65;306;1686;39;240;1699;0;66;6124932;6812646;10665441;294516;6160004;11779988;399212;0;3276
FR;2;2022-08-05;33;94;328;1880;67;236;1911;0;60;6124965;6812740;10665769;296396;6160071;11780224;401123;0;3336
FR;2;2022-08-06;22;40;106;365;28;82;372;0;10;6124987;6812780;10665875;296761;6160099;11780306;401495;0;3346
FR;2;2022-08-07;7;8;14;69;5;16;70;0;3;6124994;6812788;10665889;296830;6160104;11780322;401565;0;3349
FR;2;2022-08-08;19;35;218;877;22;146;915;0;33;6125013;6812823;10666107;297707;6160126;11780468;402480;0;3382
FR;2;2022-08-09;29;51;279;1475;40;238;1471;0;49;6125042;6812874;10666386;299182;6160166;11780706;403951;0;3431
FR;2;2022-08-10;15;21;213;1131;18;150;1152;0;46;6125057;6812895;10666599;300313;6160184;11780856;405103;0;3477
FR;2;2022-08-11;21;41;174;1038;26;117;1047;0;40;6125078;6812936;10666773;301351;6160210;11780973;406150;0;3517
FR;2;2022-08-12;36;49;184;1044;37;140;1067;0;35;6125114;6812985;10666957;302395;6160247;11781113;407217;0;3552
FR;2;2022-08-13;9;19;47;149;15;53;137;0;5;6125123;6813004;10667004;302544;6160262;11781166;407354;0;3557
FR;2;2022-08-14;1;2;12;52;1;11;54;0;1;6125124;6813006;10667016;302596;6160263;11781177;407408;0;3558
FR;2;2022-08-15;0;5;32;22;2;21;21;0;3;6125124;6813011;10667048;302618;6160265;11781198;407429;0;3561
FR;2;2022-08-16;27;32;144;681;33;120;678;0;33;6125151;6813043;10667192;303299;6160298;11781318;408107;0;3594
FR;2;2022-08-17;17;26;109;738;18;88;744;0;34;6125168;6813069;10667301;304037;6160316;11781406;408851;0;3628
FR;2;2022-08-18;14;28;159;835;12;106;851;0;42;6125182;6813097;10667460;304872;6160328;11781512;409702;0;3670
FR;2;2022-08-19;8;38;117;705;31;86;706;0;33;6125190;6813135;10667577;305577;6160359;11781598;410408;0;3703
FR;2;2022-08-20;6;26;61;197;16;52;201;0;8;6125196;6813161;10667638;305774;6160375;11781650;410609;0;3711
FR;2;2022-08-21;4;14;15;19;6;13;31;0;0;6125200;6813175;10667653;305793;6160381;11781663;410640;0;3711
FR;2;2022-08-22;11;24;116;395;16;73;451;0;13;6125211;6813199;10667769;306188;6160397;11781736;411091;0;3724
FR;2;2022-08-23;11;41;134;671;22;112;679;0;38;6125222;6813240;10667903;306859;6160419;11781848;411770;0;3762
FR;2;2022-08-24;11;28;87;466;21;80;472;0;18;6125233;6813268;10667990;307325;6160440;11781928;412242;0;3780
FR;2;2022-08-25;8;32;109;481;16;69;516;0;17;6125241;6813300;10668099;307806;6160456;11781997;412758;0;3797
FR;2;2022-08-26;15;46;117;720;36;91;713;0;32;6125256;6813346;10668216;308526;6160492;11782088;413471;0;3829
FR;2;2022-08-27;10;19;47;156;16;42;164;0;2;6125266;6813365;10668263;308682;6160508;11782130;413635;0;3831
FR;2;2022-08-28;1;5;5;15;1;7;16;0;1;6125267;6813370;10668268;308697;6160509;11782137;413651;0;3832
FR;2;2022-08-29;24;43;93;400;29;87;396;0;24;6125291;6813413;10668361;309097;6160538;11782224;414047;0;3856
FR;2;2022-08-30;31;54;154;791;34;119;798;0;29;6125322;6813467;10668515;309888;6160572;11782343;414845;0;3885
FR;2;2022-08-31;19;35;85;392;22;79;393;0;25;6125341;6813502;10668600;310280;6160594;11782422;415238;0;3910
FR;2;2022-09-01;19;42;139;600;24;122;609;0;36;6125360;6813544;10668739;310880;6160618;11782544;415847;0;3946
FR;2;2022-09-02;34;56;146;744;34;158;748;0;32;6125394;6813600;10668885;311624;6160652;11782702;416595;0;3978
FR;2;2022-09-03;17;20;83;205;11;67;213;0;7;6125411;6813620;10668968;311829;6160663;11782769;416808;0;3985
FR;2;2022-09-04;8;5;9;31;2;10;30;0;3;6125419;6813625;10668977;311860;6160665;11782779;416838;0;3988
FR;2;2022-09-05;28;29;124;367;23;95;396;0;24;6125447;6813654;10669101;312227;6160688;11782874;417234;0;4012
FR;2;2022-09-06;43;62;158;761;42;153;767;0;36;6125490;6813716;10669259;312988;6160730;11783027;418001;0;4048
FR;2;2022-09-07;21;20;74;375;16;49;387;0;22;6125511;6813736;10669333;313363;6160746;11783076;418388;0;4070
FR;2;2022-09-08;31;57;109;636;40;100;646;0;22;6125542;6813793;10669442;313999;6160786;11783176;419034;0;4092
FR;2;2022-09-09;18;24;126;751;21;74;744;0;46;6125560;6813817;10669568;314750;6160807;11783250;419778;0;4138
FR;2;2022-09-10;14;24;57;117;16;48;131;0;4;6125574;6813841;10669625;314867;6160823;11783298;419909;0;4142
FR;2;2022-09-11;11;5;10;11;2;12;13;0;0;6125585;6813846;10669635;314878;6160825;11783310;419922;0;4142
FR;2;2022-09-12;20;30;69;340;25;55;352;0;16;6125605;6813876;10669704;315218;6160850;11783365;420274;0;4158
FR;2;2022-09-13;15;34;125;670;13;99;674;0;40;6125620;6813910;10669829;315888;6160863;11783464;420948;0;4198
FR;2;2022-09-14;19;21;81;480;19;59;478;0;36;6125639;6813931;10669910;316368;6160882;11783523;421426;0;4234
FR;2;2022-09-15;22;43;125;486;25;101;493;0;47;6125661;6813974;10670035;316854;6160907;11783624;421919;0;4281
FR;2;2022-09-16;21;30;122;563;17;89;585;0;39;6125682;6814004;10670157;317417;6160924;11783713;422504;0;4320
FR;2;2022-09-17;6;20;56;160;15;52;147;0;13;6125688;6814024;10670213;317577;6160939;11783765;422651;0;4333
FR;2;2022-09-18;4;7;13;37;6;10;37;0;3;6125692;6814031;10670226;317614;6160945;11783775;422688;0;4336
FR;2;2022-09-19;26;24;114;353;16;87;381;0;22;6125718;6814055;10670340;317967;6160961;11783862;423069;0;4358
FR;2;2022-09-20;27;27;117;624;21;84;639;0;38;6125745;6814082;10670457;318591;6160982;11783946;423708;0;4396
FR;2;2022-09-21;15;30;100;393;15;78;418;0;22;6125760;6814112;10670557;318984;6160997;11784024;424126;0;4418
FR;2;2022-09-22;16;39;123;581;18;94;619;0;28;6125776;6814151;10670680;319565;6161015;11784118;424745;0;4446
FR;2;2022-09-23;21;38;135;555;22;111;570;0;39;6125797;6814189;10670815;320120;6161037;11784229;425315;0;4485
FR;2;2022-09-24;10;8;51;190;6;36;201;0;6;6125807;6814197;10670866;320310;6161043;11784265;425516;0;4491
FR;2;2022-09-25;9;11;14;29;11;11;33;0;5;6125816;6814208;10670880;320339;6161054;11784276;425549;0;4496
FR;2;2022-09-26;21;40;103;447;27;79;458;0;20;6125837;6814248;10670983;320786;6161081;11784355;426007;0;4516
FR;2;2022-09-27;29;46;159;906;35;108;861;0;52;6125866;6814294;10671142;321692;6161116;11784463;426868;0;4568
FR;2;2022-09-28;15;31;93;421;18;74;439;0;23;6125881;6814325;10671235;322113;6161134;11784537;427307;0;4591
FR;2;2022-09-29;26;47;114;618;22;110;630;0;33;6125907;6814372;10671349;322731;6161156;11784647;427937;0;4624
FR;2;2022-09-30;24;44;111;520;43;84;533;0;31;6125931;6814416;10671460;323251;6161199;11784731;428470;0;4655
FR;2;2022-10-01;11;20;51;128;20;36;129;0;8;6125942;6814436;10671511;323379;6161219;11784767;428599;0;4663
FR;2;2022-10-02;0;5;8;21;4;5;25;0;2;6125942;6814441;10671519;323400;6161223;11784772;428624;0;4665
FR;2;2022-10-03;22;29;83;291;25;66;305;0;22;6125964;6814470;10671602;323691;6161248;11784838;428929;0;4687
FR;2;2022-10-04;17;21;105;600;19;71;619;0;45;6125981;6814491;10671707;324291;6161267;11784909;429548;0;4732
FR;2;2022-10-05;20;29;75;491;24;67;488;0;54;6126001;6814520;10671782;324782;6161291;11784976;430036;0;4786
FR;2;2022-10-06;30;23;74;442;17;71;428;0;65;6126031;6814543;10671856;325224;6161308;11785047;430464;0;4851
FR;2;2022-10-07;21;29;86;499;26;65;503;0;42;6126052;6814572;10671942;325723;6161334;11785112;430967;0;4893
FR;2;2022-10-08;12;8;23;114;3;24;108;0;12;6126064;6814580;10671965;325837;6161337;11785136;431075;0;4905
FR;2;2022-10-09;1;8;15;17;6;11;22;0;5;6126065;6814588;10671980;325854;6161343;11785147;431097;0;4910
FR;2;2022-10-10;18;24;46;223;22;49;217;0;21;6126083;6814612;10672026;326077;6161365;11785196;431314;0;4931
FR;2;2022-10-11;15;14;47;253;11;38;240;0;52;6126098;6814626;10672073;326330;6161376;11785234;431554;0;4983
FR;2;2022-10-12;8;17;52;290;13;36;305;0;56;6126106;6814643;10672125;326620;6161389;11785270;431859;0;5039
FR;2;2022-10-13;11;14;47;271;9;47;262;0;25;6126117;6814657;10672172;326891;6161398;11785317;432121;0;5064
FR;2;2022-10-14;11;26;35;229;15;39;229;0;29;6126128;6814683;10672207;327120;6161413;11785356;432350;0;5093
FR;2;2022-10-15;4;10;22;111;4;17;113;0;15;6126132;6814693;10672229;327231;6161417;11785373;432463;0;5108
FR;2;2022-10-16;0;5;4;10;5;6;8;0;0;6126132;6814698;10672233;327241;6161422;11785379;432471;0;5108
FR;2;2022-10-17;15;17;31;121;16;26;131;0;29;6126147;6814715;10672264;327362;6161438;11785405;432602;0;5137
FR;2;2022-10-18;13;11;68;181;5;34;217;0;41;6126160;6814726;10672332;327543;6161443;11785439;432819;0;5178
FR;2;2022-10-19;8;17;36;182;12;30;184;0;42;6126168;6814743;10672368;327725;6161455;11785469;433003;0;5220
FR;2;2022-10-20;11;29;41;200;15;40;196;0;52;6126179;6814772;10672409;327925;6161470;11785509;433199;0;5272
FR;2;2022-10-21;5;15;58;232;6;52;221;0;30;6126184;6814787;10672467;328157;6161476;11785561;433420;0;5302
FR;2;2022-10-22;8;7;25;101;2;23;102;0;20;6126192;6814794;10672492;328258;6161478;11785584;433522;0;5322
FR;2;2022-10-23;0;3;1;5;3;0;6;0;2;6126192;6814797;10672493;328263;6161481;11785584;433528;0;5324
FR;2;2022-10-24;12;12;16;109;12;16;112;0;20;6126204;6814809;10672509;328372;6161493;11785600;433640;0;5344
FR;2;2022-10-25;12;7;23;138;6;15;145;0;51;6126216;6814816;10672532;328510;6161499;11785615;433785;0;5395
FR;2;2022-10-26;4;3;16;88;2;10;94;0;27;6126220;6814819;10672548;328598;6161501;11785625;433879;0;5422
FR;2;2022-10-27;7;9;18;86;9;20;69;0;26;6126227;6814828;10672566;328684;6161510;11785645;433948;0;5448
FR;2;2022-10-28;5;3;15;91;3;7;92;0;27;6126232;6814831;10672581;328775;6161513;11785652;434040;0;5475
FR;2;2022-10-29;7;8;18;33;6;14;37;0;8;6126239;6814839;10672599;328808;6161519;11785666;434077;0;5483
FR;2;2022-10-30;3;7;5;8;5;2;5;0;1;6126242;6814846;10672604;328816;6161524;11785668;434082;0;5484
FR;2;2022-10-31;2;8;6;49;6;10;48;0;11;6126244;6814854;10672610;328865;6161530;11785678;434130;0;5495
FR;2;2022-11-01;0;0;6;1;0;4;3;0;0;6126244;6814854;10672616;328866;6161530;11785682;434133;0;5495
FR;2;2022-11-02;5;5;11;44;5;12;44;0;11;6126249;6814859;10672627;328910;6161535;11785694;434177;0;5506
FR;2;2022-11-03;6;7;15;77;6;10;74;0;18;6126255;6814866;10672642;328987;6161541;11785704;434251;0;5524
FR;2;2022-11-04;7;12;13;85;10;13;92;0;10;6126262;6814878;10672655;329072;6161551;11785717;434343;0;5534
FR;2;2022-11-05;0;11;11;37;6;15;34;0;6;6126262;6814889;10672666;329109;6161557;11785732;434377;0;5540
FR;2;2022-11-06;0;1;2;1;0;3;0;0;2;6126262;6814890;10672668;329110;6161557;11785735;434377;0;5542
FR;2;2022-11-07;11;7;14;64;4;13;63;0;20;6126273;6814897;10672682;329174;6161561;11785748;434440;0;5562
FR;2;2022-11-08;10;6;17;57;4;13;64;0;27;6126283;6814903;10672699;329231;6161565;11785761;434504;0;5589
FR;2;2022-11-09;4;5;17;56;2;17;50;0;28;6126287;6814908;10672716;329287;6161567;11785778;434554;0;5617
FR;2;2022-11-10;6;10;17;74;7;14;76;0;14;6126293;6814918;10672733;329361;6161574;11785792;434630;0;5631
FR;2;2022-11-11;0;3;7;3;0;8;4;0;0;6126293;6814921;10672740;329364;6161574;11785800;434634;0;5631
FR;2;2022-11-12;2;5;3;19;4;3;19;0;4;6126295;6814926;10672743;329383;6161578;11785803;434653;0;5635
FR;2;2022-11-13;2;2;3;1;1;4;0;0;0;6126297;6814928;10672746;329384;6161579;11785807;434653;0;5635
FR;2;2022-11-14;4;6;11;29;3;8;33;0;7;6126301;6814934;10672757;329413;6161582;11785815;434686;0;5642
FR;2;2022-11-15;5;12;11;35;13;14;32;0;7;6126306;6814946;10672768;329448;6161595;11785829;434718;0;5649
FR;2;2022-11-16;3;3;2;45;2;2;46;0;18;6126309;6814949;10672770;329493;6161597;11785831;434764;0;5667
FR;2;2022-11-17;2;6;7;51;5;4;50;0;22;6126311;6814955;10672777;329544;6161602;11785835;434814;0;5689
FR;2;2022-11-18;3;4;6;33;4;6;35;0;9;6126314;6814959;10672783;329577;6161606;11785841;434849;0;5698
FR;2;2022-11-19;2;2;0;24;2;1;17;0;4;6126316;6814961;10672783;329601;6161608;11785842;434866;0;5702
FR;2;2022-11-20;0;2;5;3;2;5;1;0;6;6126316;6814963;10672788;329604;6161610;11785847;434867;0;5708
FR;2;2022-11-21;6;6;7;31;3;7;33;0;22;6126322;6814969;10672795;329635;6161613;11785854;434900;0;5730
FR;2;2022-11-22;6;5;16;59;5;15;64;0;70;6126328;6814974;10672811;329694;6161618;11785869;434964;0;5800
FR;2;2022-11-23;7;6;5;66;3;5;69;0;7;6126335;6814980;10672816;329760;6161621;11785874;435033;0;5807
FR;2;2022-11-24;2;2;9;48;2;5;55;0;10;6126337;6814982;10672825;329808;6161623;11785879;435088;0;5817
FR;2;2022-11-25;11;7;7;25;10;9;26;0;7;6126348;6814989;10672832;329833;6161633;11785888;435114;0;5824
FR;2;2022-11-26;0;3;3;7;3;3;6;0;0;6126348;6814992;10672835;329840;6161636;11785891;435120;0;5824
FR;2;2022-11-27;0;0;0;2;0;0;1;0;1;6126348;6814992;10672835;329842;6161636;11785891;435121;0;5825
FR;3;2020-12-27;0;0;0;0;0;0;0;0;0;0;0;0;0;0;0;0;0;0
FR;3;2020-12-28;0;0;0;0;0;0;0;0;0;0;0;0;0;0;0;0;0;0
FR;3;2020-12-29;0;0;0;0;0;0;0;0;0;0;0;0;0;0;0;0;0;0
FR;3;2020-12-30;0;0;0;0;0;0;0;0;0;0;0;0;0;0;0;0;0;0
FR;3;2020-12-31;0;0;0;0;0;0;0;0;0;0;0;0;0;0;0;0;0;0
FR;3;2021-01-01;0;0;0;0;0;0;0;0;0;0;0;0;0;0;0;0;0;0
FR;3;2021-01-02;0;0;0;0;0;0;0;0;0;0;0;0;0;0;0;0;0;0
FR;3;2021-01-03;0;0;0;0;0;0;0;0;0;0;0;0;0;0;0;0;0;0
FR;3;2021-01-04;0;0;0;0;0;0;0;0;0;0;0;0;0;0;0;0;0;0
FR;3;2021-01-05;0;0;0;0;0;0;0;0;0;0;0;0;0;0;0;0;0;0
FR;3;2021-01-06;0;0;0;0;0;0;0;0;0;0;0;0;0;0;0;0;0;0
FR;3;2021-01-07;0;0;0;0;0;0;0;0;0;0;0;0;0;0;0;0;0;0
FR;3;2021-01-08;0;0;0;0;0;0;0;0;0;0;0;0;0;0;0;0;0;0
FR;3;2021-01-09;0;0;0;0;0;0;0;0;0;0;0;0;0;0;0;0;0;0
FR;3;2021-01-10;0;0;0;0;0;0;0;0;0;0;0;0;0;0;0;0;0;0
FR;3;2021-01-11;0;0;0;0;0;0;0;0;0;0;0;0;0;0;0;0;0;0
FR;3;2021-01-12;0;0;0;0;0;0;0;0;0;0;0;0;0;0;0;0;0;0
FR;3;2021-01-13;0;0;0;0;0;0;0;0;0;0;0;0;0;0;0;0;0;0
FR;3;2021-01-14;0;0;0;0;0;0;0;0;0;0;0;0;0;0;0;0;0;0
FR;3;2021-01-15;0;0;0;0;0;0;0;0;0;0;0;0;0;0;0;0;0;0
FR;3;2021-01-16;0;0;0;0;0;0;0;0;0;0;0;0;0;0;0;0;0;0
FR;3;2021-01-17;0;0;0;0;0;0;0;0;0;0;0;0;0;0;0;0;0;0
FR;3;2021-01-18;0;0;0;0;0;0;0;0;0;0;0;0;0;0;0;0;0;0
FR;3;2021-01-19;0;0;0;0;0;0;0;0;0;0;0;0;0;0;0;0;0;0
FR;3;2021-01-20;0;0;0;0;0;0;0;0;0;0;0;0;0;0;0;0;0;0
FR;3;2021-01-21;0;0;0;0;0;0;0;0;0;0;0;0;0;0;0;0;0;0
FR;3;2021-01-22;0;0;0;0;0;0;0;0;0;0;0;0;0;0;0;0;0;0
FR;3;2021-01-23;0;0;0;0;0;0;0;0;0;0;0;0;0;0;0;0;0;0
FR;3;2021-01-24;0;0;0;0;0;0;0;0;0;0;0;0;0;0;0;0;0;0
FR;3;2021-01-25;0;0;0;0;0;0;0;0;0;0;0;0;0;0;0;0;0;0
FR;3;2021-01-26;0;0;0;0;0;0;0;0;0;0;0;0;0;0;0;0;0;0
FR;3;2021-01-27;0;0;0;0;0;0;0;0;0;0;0;0;0;0;0;0;0;0
FR;3;2021-01-28;0;0;0;0;0;0;0;0;0;0;0;0;0;0;0;0;0;0
FR;3;2021-01-29;0;0;0;0;0;0;0;0;0;0;0;0;0;0;0;0;0;0
FR;3;2021-01-30;0;0;0;0;0;0;0;0;0;0;0;0;0;0;0;0;0;0
FR;3;2021-01-31;0;0;0;0;0;0;0;0;0;0;0;0;0;0;0;0;0;0
FR;3;2021-02-01;0;0;0;0;0;0;0;0;0;0;0;0;0;0;0;0;0;0
FR;3;2021-02-02;0;0;0;0;0;0;0;0;0;0;0;0;0;0;0;0;0;0
FR;3;2021-02-03;0;0;0;0;0;0;0;0;0;0;0;0;0;0;0;0;0;0
FR;3;2021-02-04;0;0;0;0;0;0;0;0;0;0;0;0;0;0;0;0;0;0
FR;3;2021-02-05;0;0;0;0;0;0;0;0;0;0;0;0;0;0;0;0;0;0
FR;3;2021-02-06;1520;0;0;0;108;0;0;0;0;1520;0;0;0;108;0;0;0;0
FR;3;2021-02-07;1423;1;0;0;86;0;0;0;0;2943;1;0;0;194;0;0;0;0
FR;3;2021-02-08;2789;1;0;0;177;0;0;0;0;5732;2;0;0;371;0;0;0;0
FR;3;2021-02-09;6784;0;0;0;502;0;0;0;0;12516;2;0;0;873;0;0;0;0
FR;3;2021-02-10;9610;0;0;0;695;0;0;0;0;22126;2;0;0;1568;0;0;0;0
FR;3;2021-02-11;13619;3;0;0;919;0;0;0;0;35745;5;0;0;2487;0;0;0;0
FR;3;2021-02-12;13408;0;0;0;908;0;0;0;0;49153;5;0;0;3395;0;0;0;0
FR;3;2021-02-13;3799;1;0;0;218;0;0;0;0;52952;6;0;0;3613;0;0;0;0
FR;3;2021-02-14;975;1;0;0;53;0;0;0;0;53927;7;0;0;3666;0;0;0;0
FR;3;2021-02-15;10495;2;0;0;719;0;0;0;0;64422;9;0;0;4385;0;0;0;0
FR;3;2021-02-16;12554;5;0;0;872;0;0;0;0;76976;14;0;0;5257;0;0;0;0
FR;3;2021-02-17;11158;1;0;0;717;0;0;0;0;88134;15;0;0;5974;0;0;0;0
FR;3;2021-02-18;14943;2;0;0;985;0;0;0;0;103077;17;0;0;6959;0;0;0;0
FR;3;2021-02-19;14365;1;0;0;846;0;0;0;0;117442;18;0;0;7805;0;0;0;0
FR;3;2021-02-20;3330;0;0;0;179;0;0;0;0;120772;18;0;0;7984;0;0;0;0
FR;3;2021-02-21;619;0;0;0;35;0;0;0;0;121391;18;0;0;8019;0;0;0;0
FR;3;2021-02-22;9170;1;0;0;655;0;0;0;0;130561;19;0;0;8674;0;0;0;0
FR;3;2021-02-23;11400;4;0;0;759;0;0;0;0;141961;23;0;0;9433;0;0;0;0
FR;3;2021-02-24;14306;1;0;0;829;0;0;0;0;156267;24;0;0;10262;0;0;0;0
FR;3;2021-02-25;44933;3;0;0;1814;0;0;0;0;201200;27;0;0;12076;0;0;0;0
FR;3;2021-02-26;61890;9;0;0;2202;0;0;0;0;263090;36;0;0;14278;0;0;0;0
FR;3;2021-02-27;34809;12;0;0;1026;0;0;0;0;297899;48;0;0;15304;0;0;0;0
FR;3;2021-02-28;2464;0;0;0;114;0;0;0;0;300363;48;0;0;15418;0;0;0;0
FR;3;2021-03-01;20521;19;0;0;1065;0;0;0;0;320884;67;0;0;16483;0;0;0;0
FR;3;2021-03-02;38875;23;0;0;1788;0;0;0;0;359759;90;0;0;18271;0;0;0;0
FR;3;2021-03-03;48747;20;0;0;2133;0;0;0;0;408506;110;0;0;20404;0;0;0;0
FR;3;2021-03-04;82226;25;0;0;3194;0;0;0;0;490732;135;0;0;23598;0;0;0;0
FR;3;2021-03-05;118131;42;0;0;4692;0;0;0;0;608863;177;0;0;28290;0;0;0;0
FR;3;2021-03-06;120723;63;1;0;3559;0;0;0;0;729586;240;1;0;31849;0;0;0;0
FR;3;2021-03-07;55183;24;0;0;1729;0;0;0;0;784769;264;1;0;33578;0;0;0;0
FR;3;2021-03-08;42813;29;0;0;2073;0;0;0;0;827582;293;1;0;35651;0;0;0;0
FR;3;2021-03-09;78978;50;0;0;3285;0;0;0;0;906560;343;1;0;38936;0;0;0;0
FR;3;2021-03-10;80981;60;0;0;3237;0;0;0;0;987541;403;1;0;42173;0;0;0;0
FR;3;2021-03-11;128447;61;0;0;4761;0;0;0;0;1115988;464;1;0;46934;0;0;0;0
FR;3;2021-03-12;182723;118;0;0;6278;0;0;0;0;1298711;582;1;0;53212;0;0;0;0
FR;3;2021-03-13;132162;82;0;0;3521;0;0;0;0;1430873;664;1;0;56733;0;0;0;0
FR;3;2021-03-14;14057;5;0;0;550;0;0;0;0;1444930;669;1;0;57283;0;0;0;0
FR;3;2021-03-15;52236;77;0;0;2092;0;0;0;0;1497166;746;1;0;59375;0;0;0;0
FR;3;2021-03-16;1217;46;0;0;102;0;0;0;0;1498383;792;1;0;59477;0;0;0;0
FR;3;2021-03-17;950;52;0;0;91;0;0;0;0;1499333;844;1;0;59568;0;0;0;0
FR;3;2021-03-18;1574;38;0;0;98;0;0;0;0;1500907;882;1;0;59666;0;0;0;0
FR;3;2021-03-19;70458;53;0;0;2056;0;0;0;0;1571365;935;1;0;61722;0;0;0;0
FR;3;2021-03-20;65239;48;0;0;1700;0;0;0;0;1636604;983;1;0;63422;0;0;0;0
FR;3;2021-03-21;5761;8;0;0;199;0;0;0;0;1642365;991;1;0;63621;0;0;0;0
FR;3;2021-03-22;37508;47;0;0;1052;0;0;0;0;1679873;1038;1;0;64673;0;0;0;0
FR;3;2021-03-23;84665;84;0;0;2283;0;0;0;0;1764538;1122;1;0;66956;0;0;0;0
FR;3;2021-03-24;90953;94;0;0;2486;0;0;0;0;1855491;1216;1;0;69442;0;0;0;0
FR;3;2021-03-25;150068;139;0;0;3782;0;0;0;0;2005559;1355;1;0;73224;0;0;0;0
FR;3;2021-03-26;165429;159;0;0;4154;0;0;0;0;2170988;1514;1;0;77378;0;0;0;0
FR;3;2021-03-27;68464;102;0;0;2006;0;0;0;0;2239452;1616;1;0;79384;0;0;0;0
FR;3;2021-03-28;6479;20;0;0;237;0;0;0;0;2245931;1636;1;0;79621;0;0;0;0
FR;3;2021-03-29;54167;78;0;0;1476;0;0;0;0;2300098;1714;1;0;81097;0;0;0;0
FR;3;2021-03-30;93180;103;0;0;2564;0;0;0;0;2393278;1817;1;0;83661;0;0;0;0
FR;3;2021-03-31;63543;111;0;0;1966;0;0;0;0;2456821;1928;1;0;85627;0;0;0;0
FR;3;2021-04-01;86134;112;0;0;2493;0;0;0;0;2542955;2040;1;0;88120;0;0;0;0
FR;3;2021-04-02;86912;183;0;0;2763;0;0;0;0;2629867;2223;1;0;90883;0;0;0;0
FR;3;2021-04-03;35875;130;0;0;1160;0;0;0;0;2665742;2353;1;0;92043;0;0;0;0
FR;3;2021-04-04;3576;19;0;0;164;0;0;0;0;2669318;2372;1;0;92207;0;0;0;0
FR;3;2021-04-05;4491;38;0;0;236;0;0;0;0;2673809;2410;1;0;92443;0;0;0;0
FR;3;2021-04-06;29760;99;0;0;1086;0;0;0;0;2703569;2509;1;0;93529;0;0;0;0
FR;3;2021-04-07;32348;102;0;0;1040;0;0;0;0;2735917;2611;1;0;94569;0;0;0;0
FR;3;2021-04-08;78824;263;0;0;2608;0;0;0;0;2814741;2874;1;0;97177;0;0;0;0
FR;3;2021-04-09;161755;441;0;0;5170;0;0;0;0;2976496;3315;1;0;102347;0;0;0;0
FR;3;2021-04-10;75763;360;0;0;2693;0;0;0;0;3052259;3675;1;0;105040;0;0;0;0
FR;3;2021-04-11;7313;46;0;0;304;0;0;0;0;3059572;3721;1;0;105344;0;0;0;0
FR;3;2021-04-12;51482;214;0;0;1735;0;0;0;0;3111054;3935;1;0;107079;0;0;0;0
FR;3;2021-04-13;86234;352;0;0;2899;0;0;0;0;3197288;4287;1;0;109978;0;0;0;0
FR;3;2021-04-14;67844;370;0;0;2421;0;0;0;0;3265132;4657;1;0;112399;0;0;0;0
FR;3;2021-04-15;93238;394;0;0;3432;0;0;0;0;3358370;5051;1;0;115831;0;0;0;0
FR;3;2021-04-16;112526;606;0;0;4322;0;0;0;0;3470896;5657;1;0;120153;0;0;0;0
FR;3;2021-04-17;53319;355;1;0;2261;0;0;0;0;3524215;6012;2;0;122414;0;0;0;0
FR;3;2021-04-18;9749;44;0;0;419;0;0;0;0;3533964;6056;2;0;122833;0;0;0;0
FR;3;2021-04-19;25114;272;0;0;1078;0;0;0;0;3559078;6328;2;0;123911;0;0;0;0
FR;3;2021-04-20;45674;429;0;0;1902;0;0;0;0;3604752;6757;2;0;125813;0;0;0;0
FR;3;2021-04-21;38985;526;0;0;1870;0;0;0;0;3643737;7283;2;0;127683;0;0;0;0
FR;3;2021-04-22;54720;849;0;0;2800;0;0;0;0;3698457;8132;2;0;130483;0;0;0;0
FR;3;2021-04-23;70491;1076;0;0;3679;0;0;0;0;3768948;9208;2;0;134162;0;0;0;0
FR;3;2021-04-24;37250;1079;0;0;2467;0;0;0;0;3806198;10287;2;0;136629;0;0;0;0
FR;3;2021-04-25;6213;156;0;0;443;0;0;0;0;3812411;10443;2;0;137072;0;0;0;0
FR;3;2021-04-26;19787;684;0;0;1418;0;0;0;0;3832198;11127;2;0;138490;0;0;0;0
FR;3;2021-04-27;34484;1304;0;0;2562;0;0;0;0;3866682;12431;2;0;141052;0;0;0;0
FR;3;2021-04-28;28969;2011;0;0;3127;0;0;0;0;3895651;14442;2;0;144179;0;0;0;0
FR;3;2021-04-29;45388;6081;0;0;7897;0;0;0;0;3941039;20523;2;0;152076;0;0;0;0
FR;3;2021-04-30;55465;9058;1;0;11454;0;0;0;0;3996504;29581;3;0;163530;0;0;0;0
FR;3;2021-05-01;9516;2041;0;0;2472;0;0;0;0;4006020;31622;3;0;166002;0;0;0;0
FR;3;2021-05-02;3078;478;0;0;622;0;0;0;0;4009098;32100;3;0;166624;0;0;0;0
FR;3;2021-05-03;13063;3916;0;0;4483;0;0;0;0;4022161;36016;3;0;171107;0;0;0;0
FR;3;2021-05-04;23116;8423;0;0;9485;0;0;0;0;4045277;44439;3;0;180592;0;0;0;0
FR;3;2021-05-05;18761;10783;0;0;11719;0;0;0;0;4064038;55222;3;0;192311;0;0;0;0
FR;3;2021-05-06;34629;21170;0;0;22714;0;0;0;0;4098667;76392;3;0;215025;0;0;0;0
FR;3;2021-05-07;44209;28772;0;0;31071;0;0;0;0;4142876;105164;3;0;246096;0;0;0;0
FR;3;2021-05-08;6785;9196;0;0;9556;0;0;0;0;4149661;114360;3;0;255652;0;0;0;0
FR;3;2021-05-09;1796;2657;0;0;2757;0;0;0;0;4151457;117017;3;0;258409;0;0;0;0
FR;3;2021-05-10;15000;12849;0;0;13538;0;0;0;0;4166457;129866;3;0;271947;0;0;0;0
FR;3;2021-05-11;27100;26171;0;0;27440;0;0;0;0;4193557;156037;3;0;299387;0;0;0;0
FR;3;2021-05-12;17269;28000;0;0;28930;0;0;0;0;4210826;184037;3;0;328317;0;0;0;0
FR;3;2021-05-13;2285;3508;0;0;3628;0;0;0;0;4213111;187545;3;0;331945;0;0;0;0
FR;3;2021-05-14;14520;26012;0;0;26784;0;0;0;0;4227631;213557;3;0;358729;0;0;0;0
FR;3;2021-05-15;7233;21023;0;0;21446;0;0;0;0;4234864;234580;3;0;380175;0;0;0;0
FR;3;2021-05-16;977;2640;0;0;2684;0;0;0;0;4235841;237220;3;0;382859;0;0;0;0
FR;3;2021-05-17;7966;20131;0;0;20567;0;0;0;0;4243807;257351;3;0;403426;0;0;0;0
FR;3;2021-05-18;13416;30062;0;0;30818;0;0;0;0;4257223;287413;3;0;434244;0;0;0;0
FR;3;2021-05-19;9274;30764;0;0;31346;0;0;0;0;4266497;318177;3;0;465590;0;0;0;0
FR;3;2021-05-20;12806;53699;3;0;54615;0;0;0;0;4279303;371876;6;0;520205;0;0;0;0
FR;3;2021-05-21;12768;66064;2;0;66981;0;0;0;0;4292071;437940;8;0;587186;0;0;0;0
FR;3;2021-05-22;4963;33690;1;0;34067;0;0;0;0;4297034;471630;9;0;621253;0;0;0;0
FR;3;2021-05-23;651;2675;0;0;2707;0;0;0;0;4297685;474305;9;0;623960;0;0;0;0
FR;3;2021-05-24;883;4826;0;0;4870;0;0;0;0;4298568;479131;9;0;628830;0;0;0;0
FR;3;2021-05-25;5311;46399;1;0;46793;0;0;0;0;4303879;525530;10;0;675623;0;0;0;0
FR;3;2021-05-26;4980;51952;1;0;52419;0;0;0;0;4308859;577482;11;0;728042;0;0;0;0
FR;3;2021-05-27;6335;78848;3;0;79447;0;0;0;0;4315194;656330;14;0;807489;0;0;0;0
FR;3;2021-05-28;7544;100122;2;0;100906;0;0;0;0;4322738;756452;16;0;908395;0;0;0;0
FR;3;2021-05-29;3349;60978;1;0;61355;0;0;0;0;4326087;817430;17;0;969750;0;0;0;0
FR;3;2021-05-30;550;8110;0;0;8159;0;0;0;0;4326637;825540;17;0;977909;0;0;0;0
FR;3;2021-05-31;2441;35574;3;0;35836;0;0;0;0;4329078;861114;20;0;1013745;0;0;0;0
FR;3;2021-06-01;3412;64843;10;0;65282;0;0;0;0;4332490;925957;30;0;1079027;0;0;0;0
FR;3;2021-06-02;2734;58805;6;0;59131;0;0;0;0;4335224;984762;36;0;1138158;0;0;0;0
FR;3;2021-06-03;3495;87217;10;0;87743;0;0;0;0;4338719;1071979;46;0;1225901;0;0;0;0
FR;3;2021-06-04;4118;105723;22;0;106371;0;0;0;0;4342837;1177702;68;0;1332272;0;0;0;0
FR;3;2021-06-05;1983;52520;4;0;52828;0;0;0;0;4344820;1230222;72;0;1385100;0;0;0;0
FR;3;2021-06-06;510;5300;1;0;5346;0;0;0;0;4345330;1235522;73;0;1390446;0;0;0;0
FR;3;2021-06-07;1485;30776;11;0;30955;0;0;0;0;4346815;1266298;84;0;1421401;0;0;0;0
FR;3;2021-06-08;2062;47395;18;0;47737;0;0;0;0;4348877;1313693;102;0;1469138;0;0;0;0
FR;3;2021-06-09;1794;41903;13;0;42208;0;0;0;0;4350671;1355596;115;0;1511346;0;0;0;0
FR;3;2021-06-10;2256;67729;17;0;68121;0;0;0;0;4352927;1423325;132;0;1579467;0;0;0;0
FR;3;2021-06-11;2484;96623;34;0;97092;0;0;0;0;4355411;1519948;166;0;1676559;0;0;0;0
FR;3;2021-06-12;1177;40630;6;0;40855;0;0;0;0;4356588;1560578;172;0;1717414;0;0;0;0
FR;3;2021-06-13;283;3647;3;0;3682;0;0;0;0;4356871;1564225;175;0;1721096;0;0;0;0
FR;3;2021-06-14;1048;42354;17;0;42517;0;0;0;0;4357919;1606579;192;0;1763613;0;0;0;0
FR;3;2021-06-15;1376;80425;20;0;80720;0;0;0;0;4359295;1687004;212;0;1844333;0;0;0;0
FR;3;2021-06-16;1261;65517;20;0;65786;0;0;0;0;4360556;1752521;232;0;1910119;0;0;0;0
FR;3;2021-06-17;1667;102189;41;0;102569;0;0;0;0;4362223;1854710;273;0;2012688;0;0;0;0
FR;3;2021-06-18;1871;118343;63;0;118796;0;0;0;0;4364094;1973053;336;0;2131484;0;0;0;0
FR;3;2021-06-19;803;39446;22;0;39635;0;0;0;0;4364897;2012499;358;0;2171119;0;0;0;0
FR;3;2021-06-20;161;3227;0;0;3255;0;0;0;0;4365058;2015726;358;0;2174374;0;0;0;0
FR;3;2021-06-21;773;39092;16;0;39250;0;0;0;0;4365831;2054818;374;0;2213624;0;0;0;0
FR;3;2021-06-22;1065;70059;52;0;70327;0;0;0;0;4366896;2124877;426;0;2283951;0;0;0;0
FR;3;2021-06-23;944;50826;39;0;51096;0;0;0;0;4367840;2175703;465;0;2335047;0;0;0;0
FR;3;2021-06-24;1310;77259;48;0;77630;0;0;0;0;4369150;2252962;513;0;2412677;0;0;0;0
FR;3;2021-06-25;1410;90679;73;0;91108;0;0;0;0;4370560;2343641;586;0;2503785;0;0;0;0
FR;3;2021-06-26;631;33112;29;0;33302;0;0;0;0;4371191;2376753;615;0;2537087;0;0;0;0
FR;3;2021-06-27;166;3808;1;0;3832;0;0;0;0;4371357;2380561;616;0;2540919;0;0;0;0
FR;3;2021-06-28;655;30041;27;0;30234;0;0;0;0;4372012;2410602;643;0;2571153;0;0;0;0
FR;3;2021-06-29;856;56523;95;0;56763;0;0;0;0;4372868;2467125;738;0;2627916;0;0;0;0
FR;3;2021-06-30;905;45176;93;0;45448;0;0;0;0;4373773;2512301;831;0;2673364;0;0;0;0
FR;3;2021-07-01;1164;66011;108;0;66363;0;0;0;0;4374937;2578312;939;0;2739727;0;0;0;0
FR;3;2021-07-02;1305;90501;170;0;90976;0;0;0;0;4376242;2668813;1109;0;2830703;0;0;0;0
FR;3;2021-07-03;602;31186;51;0;31388;0;0;0;0;4376844;2699999;1160;0;2862091;0;0;0;0
FR;3;2021-07-04;144;4029;3;0;4059;0;0;0;0;4376988;2704028;1163;0;2866150;0;0;0;0
FR;3;2021-07-05;612;33652;60;0;33850;0;0;0;0;4377600;2737680;1223;0;2900000;0;0;0;0
FR;3;2021-07-06;963;55957;88;0;56271;0;0;0;0;4378563;2793637;1311;0;2956271;0;0;0;0
FR;3;2021-07-07;872;42974;80;0;43271;0;0;0;0;4379435;2836611;1391;0;2999542;0;0;0;0
FR;3;2021-07-08;1127;60774;99;0;61186;0;0;0;0;4380562;2897385;1490;0;3060728;0;0;0;0
FR;3;2021-07-09;1261;68909;128;0;69376;0;0;0;0;4381823;2966294;1618;0;3130104;0;0;0;0
FR;3;2021-07-10;643;25036;59;0;25235;0;0;0;0;4382466;2991330;1677;0;3155339;0;0;0;0
FR;3;2021-07-11;132;3195;4;0;3221;0;0;0;0;4382598;2994525;1681;0;3158560;0;0;0;0
FR;3;2021-07-12;662;23680;59;0;23893;0;0;0;0;4383260;3018205;1740;0;3182453;0;0;0;0
FR;3;2021-07-13;1647;34518;90;0;35006;0;0;0;0;4384907;3052723;1830;0;3217459;0;0;0;0
FR;3;2021-07-14;271;2493;2;0;2550;0;0;0;0;4385178;3055216;1832;0;3220009;0;0;0;0
FR;3;2021-07-15;1940;30478;85;0;31053;0;0;0;0;4387118;3085694;1917;0;3251062;0;0;0;0
FR;3;2021-07-16;2520;38705;122;0;39444;0;0;0;0;4389638;3124399;2039;0;3290506;0;0;0;0
FR;3;2021-07-17;1051;13729;26;0;14036;0;0;0;0;4390689;3138128;2065;0;3304542;0;0;0;0
FR;3;2021-07-18;266;2560;3;0;2608;0;0;0;0;4390955;3140688;2068;0;3307150;0;0;0;0
FR;3;2021-07-19;1280;16945;38;0;17313;0;0;0;0;4392235;3157633;2106;0;3324463;0;0;0;0
FR;3;2021-07-20;1823;26971;98;0;27515;0;0;0;0;4394058;3184604;2204;0;3351978;0;0;0;0
FR;3;2021-07-21;1651;19546;44;0;20051;0;0;0;0;4395709;3204150;2248;0;3372029;0;0;0;0
FR;3;2021-07-22;1856;27660;83;0;28227;0;0;0;0;4397565;3231810;2331;0;3400256;0;0;0;0
FR;3;2021-07-23;2216;30270;117;0;31012;0;0;0;0;4399781;3262080;2448;0;3431268;0;0;0;0
FR;3;2021-07-24;826;6952;25;0;7175;0;0;0;0;4400607;3269032;2473;0;3438443;0;0;0;0
FR;3;2021-07-25;210;1300;1;0;1355;0;0;0;0;4400817;3270332;2474;0;3439798;0;0;0;0
FR;3;2021-07-26;932;10550;28;0;10857;0;0;0;0;4401749;3280882;2502;0;3450655;0;0;0;0
FR;3;2021-07-27;1169;16824;56;0;17191;0;0;0;0;4402918;3297706;2558;0;3467846;0;0;0;0
FR;3;2021-07-28;989;12019;40;0;12330;0;0;0;0;4403907;3309725;2598;0;3480176;0;0;0;0
FR;3;2021-07-29;1127;15728;63;0;16142;0;0;0;0;4405034;3325453;2661;0;3496318;0;0;0;0
FR;3;2021-07-30;1128;18013;79;0;18389;0;0;0;0;4406162;3343466;2740;0;3514707;0;0;0;0
FR;3;2021-07-31;406;3722;15;0;3845;0;0;0;0;4406568;3347188;2755;0;3518552;0;0;0;0
FR;3;2021-08-01;117;456;1;0;478;0;0;0;0;4406685;3347644;2756;0;3519030;0;0;0;0
FR;3;2021-08-02;421;5046;22;0;5167;0;0;0;0;4407106;3352690;2778;0;3524197;0;0;0;0
FR;3;2021-08-03;498;7490;27;0;7627;0;0;0;0;4407604;3360180;2805;0;3531824;0;0;0;0
FR;3;2021-08-04;439;4845;26;0;4991;0;0;0;0;4408043;3365025;2831;0;3536815;0;0;0;0
FR;3;2021-08-05;432;3666;13;0;3777;0;0;0;0;4408475;3368691;2844;0;3540592;0;0;0;0
FR;3;2021-08-06;456;4710;30;0;4812;0;0;0;0;4408931;3373401;2874;0;3545404;0;0;0;0
FR;3;2021-08-07;214;1899;11;0;1945;0;0;0;0;4409145;3375300;2885;0;3547349;0;0;0;0
FR;3;2021-08-08;250;424;2;0;457;0;0;0;0;4409395;3375724;2887;0;3547806;0;0;0;0
FR;3;2021-08-09;318;2402;11;0;2473;0;0;0;0;4409713;3378126;2898;0;3550279;0;0;0;0
FR;3;2021-08-10;368;3773;15;0;3862;0;0;0;0;4410081;3381899;2913;0;3554141;0;0;0;0
FR;3;2021-08-11;291;2662;15;0;2722;0;0;0;0;4410372;3384561;2928;0;3556863;0;0;0;0
FR;3;2021-08-12;279;2583;13;0;2671;0;0;0;0;4410651;3387144;2941;0;3559534;0;0;0;0
FR;3;2021-08-13;278;2262;16;0;2347;0;0;0;0;4410929;3389406;2957;0;3561881;0;0;0;0
FR;3;2021-08-14;172;886;1;0;917;0;0;0;0;4411101;3390292;2958;0;3562798;0;0;0;0
FR;3;2021-08-15;56;176;0;0;185;0;0;0;0;4411157;3390468;2958;0;3562983;0;0;0;0
FR;3;2021-08-16;124;1030;8;0;1068;0;0;0;0;4411281;3391498;2966;0;3564051;0;0;0;0
FR;3;2021-08-17;190;1445;8;0;1486;0;0;0;0;4411471;3392943;2974;0;3565537;0;0;0;0
FR;3;2021-08-18;204;1314;10;0;1356;0;0;0;0;4411675;3394257;2984;0;3566893;0;0;0;0
FR;3;2021-08-19;165;1381;10;0;1429;0;0;0;0;4411840;3395638;2994;0;3568322;0;0;0;0
FR;3;2021-08-20;167;1601;16;0;1664;0;0;0;0;4412007;3397239;3010;0;3569986;0;0;0;0
FR;3;2021-08-21;93;582;2;0;597;0;0;0;0;4412100;3397821;3012;0;3570583;0;0;0;0
FR;3;2021-08-22;42;190;1;0;193;0;0;0;0;4412142;3398011;3013;0;3570776;0;0;0;0
FR;3;2021-08-23;141;897;7;0;942;0;0;0;0;4412283;3398908;3020;0;3571718;0;0;0;0
FR;3;2021-08-24;125;929;10;0;961;0;0;0;0;4412408;3399837;3030;0;3572679;0;0;0;0
FR;3;2021-08-25;137;824;3;0;853;0;0;0;0;4412545;3400661;3033;0;3573532;0;0;0;0
FR;3;2021-08-26;172;832;9;0;880;0;0;0;0;4412717;3401493;3042;0;3574412;0;0;0;0
FR;3;2021-08-27;178;940;9;0;993;0;0;0;0;4412895;3402433;3051;0;3575405;0;0;0;0
FR;3;2021-08-28;101;376;4;0;393;0;0;0;0;4412996;3402809;3055;0;3575798;0;0;0;0
FR;3;2021-08-29;128;129;1;0;162;0;0;0;0;4413124;3402938;3056;0;3575960;0;0;0;0
FR;3;2021-08-30;100;569;0;0;474;112;0;0;0;4413224;3403507;3056;0;3576434;112;0;0;0
FR;3;2021-08-31;134;692;7;0;592;140;0;0;0;4413358;3404199;3063;0;3577026;252;0;0;0
FR;3;2021-09-01;121;462;5;0;381;110;0;0;0;4413479;3404661;3068;0;3577407;362;0;0;0
FR;3;2021-09-02;100;605;22;0;543;105;0;0;0;4413579;3405266;3090;0;3577950;467;0;0;0
FR;3;2021-09-03;116;562;17;0;485;118;0;0;0;4413695;3405828;3107;0;3578435;585;0;0;0
FR;3;2021-09-04;55;295;3;0;255;51;0;0;0;4413750;3406123;3110;0;3578690;636;0;0;0
FR;3;2021-09-05;51;67;5;0;56;26;0;0;0;4413801;3406190;3115;0;3578746;662;0;0;0
FR;3;2021-09-06;118;370;4;0;262;132;0;0;0;4413919;3406560;3119;0;3579008;794;0;0;0
FR;3;2021-09-07;124;437;14;0;352;117;0;0;0;4414043;3406997;3133;0;3579360;911;0;0;0
FR;3;2021-09-08;121;347;2;0;273;91;0;0;0;4414164;3407344;3135;0;3579633;1002;0;0;0
FR;3;2021-09-09;94;381;8;0;301;103;0;0;0;4414258;3407725;3143;0;3579934;1105;0;0;0
FR;3;2021-09-10;101;403;3;0;331;95;0;0;0;4414359;3408128;3146;0;3580265;1200;0;0;0
FR;3;2021-09-11;78;233;4;0;178;65;0;0;0;4414437;3408361;3150;0;3580443;1265;0;0;0
FR;3;2021-09-12;37;48;1;0;37;16;0;0;0;4414474;3408409;3151;0;3580480;1281;0;0;0
FR;3;2021-09-13;75;306;7;0;223;102;1;0;0;4414549;3408715;3158;0;3580703;1383;1;0;0
FR;3;2021-09-14;75;275;6;0;193;96;0;0;0;4414624;3408990;3164;0;3580896;1479;1;0;0
FR;3;2021-09-15;63;255;3;0;260;6;0;0;0;4414687;3409245;3167;0;3581156;1485;1;0;0
FR;3;2021-09-16;65;322;6;0;333;6;0;0;0;4414752;3409567;3173;0;3581489;1491;1;0;0
FR;3;2021-09-17;52;329;3;0;340;7;0;0;0;4414804;3409896;3176;0;3581829;1498;1;0;0
FR;3;2021-09-18;37;173;1;0;177;1;0;0;0;4414841;3410069;3177;0;3582006;1499;1;0;0
FR;3;2021-09-19;29;31;2;0;34;1;0;0;0;4414870;3410100;3179;0;3582040;1500;1;0;0
FR;3;2021-09-20;81;194;0;0;202;1;0;0;0;4414951;3410294;3179;0;3582242;1501;1;0;0
FR;3;2021-09-21;60;275;6;0;278;7;0;0;0;4415011;3410569;3185;0;3582520;1508;1;0;0
FR;3;2021-09-22;65;232;6;0;243;7;0;0;0;4415076;3410801;3191;0;3582763;1515;1;0;0
FR;3;2021-09-23;37;261;11;0;265;7;0;0;0;4415113;3411062;3202;0;3583028;1522;1;0;0
FR;3;2021-09-24;28;321;12;0;319;18;0;0;0;4415141;3411383;3214;0;3583347;1540;1;0;0
FR;3;2021-09-25;31;143;3;0;149;3;0;0;0;4415172;3411526;3217;0;3583496;1543;1;0;0
FR;3;2021-09-26;16;57;1;0;59;1;0;0;0;4415188;3411583;3218;0;3583555;1544;1;0;0
FR;3;2021-09-27;48;289;3;0;292;5;0;0;0;4415236;3411872;3221;0;3583847;1549;1;0;0
FR;3;2021-09-28;49;246;6;0;254;8;0;0;0;4415285;3412118;3227;0;3584101;1557;1;0;0
FR;3;2021-09-29;39;220;10;0;224;15;0;0;0;4415324;3412338;3237;0;3584325;1572;1;0;0
FR;3;2021-09-30;40;203;8;0;207;10;1;0;0;4415364;3412541;3245;0;3584532;1582;2;0;0
FR;3;2021-10-01;23;160;6;0;162;8;0;0;0;4415387;3412701;3251;0;3584694;1590;2;0;0
FR;3;2021-10-02;17;84;0;0;85;0;0;0;0;4415404;3412785;3251;0;3584779;1590;2;0;0
FR;3;2021-10-03;19;18;1;0;18;2;0;0;0;4415423;3412803;3252;0;3584797;1592;2;0;0
FR;3;2021-10-04;33;158;4;0;163;4;0;0;0;4415456;3412961;3256;0;3584960;1596;2;0;0
FR;3;2021-10-05;17;150;10;0;155;12;0;0;0;4415473;3413111;3266;0;3585115;1608;2;0;0
FR;3;2021-10-06;33;144;8;0;152;9;0;0;0;4415506;3413255;3274;0;3585267;1617;2;0;0
FR;3;2021-10-07;19;136;6;0;134;6;0;0;0;4415525;3413391;3280;0;3585401;1623;2;0;0
FR;3;2021-10-08;25;139;10;0;144;9;0;0;0;4415550;3413530;3290;0;3585545;1632;2;0;0
FR;3;2021-10-09;17;73;1;0;74;1;0;0;0;4415567;3413603;3291;0;3585619;1633;2;0;0
FR;3;2021-10-10;13;17;2;0;16;3;0;0;0;4415580;3413620;3293;0;3585635;1636;2;0;0
FR;3;2021-10-11;17;117;4;0;122;5;0;0;0;4415597;3413737;3297;0;3585757;1641;2;0;0
FR;3;2021-10-12;21;103;5;0;103;5;0;0;0;4415618;3413840;3302;0;3585860;1646;2;0;0
FR;3;2021-10-13;25;115;9;0;122;7;0;0;0;4415643;3413955;3311;0;3585982;1653;2;0;0
FR;3;2021-10-14;19;145;3;0;146;4;0;0;0;4415662;3414100;3314;0;3586128;1657;2;0;0
FR;3;2021-10-15;23;141;8;0;141;12;0;0;0;4415685;3414241;3322;0;3586269;1669;2;0;0
FR;3;2021-10-16;13;70;6;0;69;8;0;0;0;4415698;3414311;3328;0;3586338;1677;2;0;0
FR;3;2021-10-17;12;26;0;0;28;0;0;0;0;4415710;3414337;3328;0;3586366;1677;2;0;0
FR;3;2021-10-18;18;112;2;0;117;2;0;0;0;4415728;3414449;3330;0;3586483;1679;2;0;0
FR;3;2021-10-19;18;113;19;0;114;21;0;0;0;4415746;3414562;3349;0;3586597;1700;2;0;0
FR;3;2021-10-20;26;127;6;0;129;7;0;0;0;4415772;3414689;3355;0;3586726;1707;2;0;0
FR;3;2021-10-21;28;127;17;0;127;13;0;0;0;4415800;3414816;3372;0;3586853;1720;2;0;0
FR;3;2021-10-22;24;107;18;0;106;21;0;0;0;4415824;3414923;3390;0;3586959;1741;2;0;0
FR;3;2021-10-23;17;54;3;0;54;2;0;0;0;4415841;3414977;3393;0;3587013;1743;2;0;0
FR;3;2021-10-24;7;36;0;0;34;0;0;0;0;4415848;3415013;3393;0;3587047;1743;2;0;0
FR;3;2021-10-25;26;141;7;0;145;7;0;0;0;4415874;3415154;3400;0;3587192;1750;2;0;0
FR;3;2021-10-26;25;97;22;0;94;19;0;0;0;4415899;3415251;3422;0;3587286;1769;2;0;0
FR;3;2021-10-27;18;96;9;0;97;9;0;0;0;4415917;3415347;3431;0;3587383;1778;2;0;0
FR;3;2021-10-28;23;116;33;0;113;36;0;0;0;4415940;3415463;3464;0;3587496;1814;2;0;0
FR;3;2021-10-29;12;102;64;0;96;54;0;0;0;4415952;3415565;3528;0;3587592;1868;2;0;0
FR;3;2021-10-30;11;62;11;1;62;10;0;0;0;4415963;3415627;3539;1;3587654;1878;2;0;0
FR;3;2021-10-31;8;25;1;0;25;1;0;0;0;4415971;3415652;3540;1;3587679;1879;2;0;0
FR;3;2021-11-01;11;22;2;0;23;1;0;0;0;4415982;3415674;3542;1;3587702;1880;2;0;0
FR;3;2021-11-02;11;102;10;0;102;12;0;0;0;4415993;3415776;3552;1;3587804;1892;2;0;0
FR;3;2021-11-03;20;109;10;0;117;10;0;0;0;4416013;3415885;3562;1;3587921;1902;2;0;0
FR;3;2021-11-04;20;91;5;0;96;4;0;0;0;4416033;3415976;3567;1;3588017;1906;2;0;0
FR;3;2021-11-05;19;122;9;1;128;6;1;0;0;4416052;3416098;3576;2;3588145;1912;3;0;0
FR;3;2021-11-06;11;56;3;0;58;3;0;0;0;4416063;3416154;3579;2;3588203;1915;3;0;0
FR;3;2021-11-07;6;22;1;0;23;1;0;0;0;4416069;3416176;3580;2;3588226;1916;3;0;0
FR;3;2021-11-08;11;129;7;0;133;5;0;0;0;4416080;3416305;3587;2;3588359;1921;3;0;0
FR;3;2021-11-09;15;125;6;0;127;6;0;0;0;4416095;3416430;3593;2;3588486;1927;3;0;0
FR;3;2021-11-10;14;147;14;0;144;15;0;0;0;4416109;3416577;3607;2;3588630;1942;3;0;0
FR;3;2021-11-11;11;50;3;0;52;3;0;0;0;4416120;3416627;3610;2;3588682;1945;3;0;0
FR;3;2021-11-12;15;129;6;0;132;4;0;0;0;4416135;3416756;3616;2;3588814;1949;3;0;0
FR;3;2021-11-13;7;67;9;0;62;10;0;0;0;4416142;3416823;3625;2;3588876;1959;3;0;0
FR;3;2021-11-14;3;24;1;0;24;1;0;0;0;4416145;3416847;3626;2;3588900;1960;3;0;0
FR;3;2021-11-15;5;166;10;0;163;11;0;0;0;4416150;3417013;3636;2;3589063;1971;3;0;0
FR;3;2021-11-16;9;130;11;0;125;10;0;0;0;4416159;3417143;3647;2;3589188;1981;3;0;0
FR;3;2021-11-17;8;139;11;0;140;8;0;0;0;4416167;3417282;3658;2;3589328;1989;3;0;0
FR;3;2021-11-18;15;139;10;0;140;11;0;0;0;4416182;3417421;3668;2;3589468;2000;3;0;0
FR;3;2021-11-19;12;188;22;0;181;27;0;0;0;4416194;3417609;3690;2;3589649;2027;3;0;0
FR;3;2021-11-20;6;102;6;0;103;6;0;0;0;4416200;3417711;3696;2;3589752;2033;3;0;0
FR;3;2021-11-21;3;25;4;0;24;4;0;0;0;4416203;3417736;3700;2;3589776;2037;3;0;0
FR;3;2021-11-22;11;193;11;0;192;11;0;0;0;4416214;3417929;3711;2;3589968;2048;3;0;0
FR;3;2021-11-23;9;190;15;0;188;14;0;0;0;4416223;3418119;3726;2;3590156;2062;3;0;0
FR;3;2021-11-24;10;195;9;0;187;17;0;0;0;4416233;3418314;3735;2;3590343;2079;3;0;0
FR;3;2021-11-25;12;212;11;0;208;11;0;0;0;4416245;3418526;3746;2;3590551;2090;3;0;0
FR;3;2021-11-26;9;273;35;0;272;33;1;0;0;4416254;3418799;3781;2;3590823;2123;4;0;0
FR;3;2021-11-27;8;136;20;0;135;21;0;0;0;4416262;3418935;3801;2;3590958;2144;4;0;0
FR;3;2021-11-28;3;60;7;0;61;7;0;0;0;4416265;3418995;3808;2;3591019;2151;4;0;0
FR;3;2021-11-29;5;241;22;0;235;23;1;0;0;4416270;3419236;3830;2;3591254;2174;5;0;0
FR;3;2021-11-30;7;317;29;0;316;32;0;0;0;4416277;3419553;3859;2;3591570;2206;5;0;0
FR;3;2021-12-01;30;345;37;0;342;39;2;0;0;4416307;3419898;3896;2;3591912;2245;7;0;0
FR;3;2021-12-02;9;371;33;0;367;36;0;0;0;4416316;3420269;3929;2;3592279;2281;7;0;0
FR;3;2021-12-03;6;397;37;0;391;38;0;0;0;4416322;3420666;3966;2;3592670;2319;7;0;0
FR;3;2021-12-04;3;224;26;0;220;28;0;0;0;4416325;3420890;3992;2;3592890;2347;7;0;0
FR;3;2021-12-05;1;65;5;0;65;5;0;0;0;4416326;3420955;3997;2;3592955;2352;7;0;0
FR;3;2021-12-06;7;386;14;0;385;15;0;0;0;4416333;3421341;4011;2;3593340;2367;7;0;0
FR;3;2021-12-07;6;451;20;0;445;24;1;0;0;4416339;3421792;4031;2;3593785;2391;8;0;0
FR;3;2021-12-08;8;411;29;0;403;30;1;0;0;4416347;3422203;4060;2;3594188;2421;9;0;0
FR;3;2021-12-09;3;468;17;0;454;22;1;0;0;4416350;3422671;4077;2;3594642;2443;10;0;0
FR;3;2021-12-10;10;484;29;0;480;25;0;0;0;4416360;3423155;4106;2;3595122;2468;10;0;0
FR;3;2021-12-11;4;315;10;0;312;9;2;0;0;4416364;3423470;4116;2;3595434;2477;12;0;0
FR;3;2021-12-12;1;101;3;0;101;3;0;0;0;4416365;3423571;4119;2;3595535;2480;12;0;0
FR;3;2021-12-13;2;464;19;0;459;21;0;0;0;4416367;3424035;4138;2;3595994;2501;12;0;0
FR;3;2021-12-14;8;589;18;0;577;21;1;0;0;4416375;3424624;4156;2;3596571;2522;13;0;0
FR;3;2021-12-15;9;568;17;0;554;21;0;0;0;4416384;3425192;4173;2;3597125;2543;13;0;0
FR;3;2021-12-16;10;577;19;0;571;18;3;0;0;4416394;3425769;4192;2;3597696;2561;16;0;0
FR;3;2021-12-17;5;649;18;0;645;19;0;0;0;4416399;3426418;4210;2;3598341;2580;16;0;0
FR;3;2021-12-18;4;366;4;0;360;5;1;0;0;4416403;3426784;4214;2;3598701;2585;17;0;0
FR;3;2021-12-19;3;193;2;0;190;2;0;0;0;4416406;3426977;4216;2;3598891;2587;17;0;0
FR;3;2021-12-20;9;609;23;0;603;28;0;0;0;4416415;3427586;4239;2;3599494;2615;17;0;0
FR;3;2021-12-21;3;695;10;0;687;13;2;0;0;4416418;3428281;4249;2;3600181;2628;19;0;0
FR;3;2021-12-22;10;648;9;0;642;10;1;0;0;4416428;3428929;4258;2;3600823;2638;20;0;0
FR;3;2021-12-23;3;574;8;0;572;8;0;0;0;4416431;3429503;4266;2;3601395;2646;20;0;0
FR;3;2021-12-24;2;242;3;0;237;6;0;0;0;4416433;3429745;4269;2;3601632;2652;20;0;0
FR;3;2021-12-25;0;25;0;0;25;0;0;0;0;4416433;3429770;4269;2;3601657;2652;20;0;0
FR;3;2021-12-26;0;92;1;0;92;1;0;0;0;4416433;3429862;4270;2;3601749;2653;20;0;0
FR;3;2021-12-27;7;482;17;0;479;20;1;0;0;4416440;3430344;4287;2;3602228;2673;21;0;0
FR;3;2021-12-28;3;606;6;0;605;5;0;0;0;4416443;3430950;4293;2;3602833;2678;21;0;0
FR;3;2021-12-29;4;519;14;0;513;16;0;0;0;4416447;3431469;4307;2;3603346;2694;21;0;0
FR;3;2021-12-30;3;541;7;0;534;10;2;0;0;4416450;3432010;4314;2;3603880;2704;23;0;0
FR;3;2021-12-31;0;189;5;0;185;7;0;0;0;4416450;3432199;4319;2;3604065;2711;23;0;0
FR;3;2022-01-01;0;26;0;0;24;2;0;0;0;4416450;3432225;4319;2;3604089;2713;23;0;0
FR;3;2022-01-02;0;80;0;0;80;0;0;0;0;4416450;3432305;4319;2;3604169;2713;23;0;0
FR;3;2022-01-03;3;518;17;0;507;21;3;0;0;4416453;3432823;4336;2;3604676;2734;26;0;0
FR;3;2022-01-04;6;558;9;0;556;8;0;0;0;4416459;3433381;4345;2;3605232;2742;26;0;0
FR;3;2022-01-05;5;510;10;0;502;14;1;0;0;4416464;3433891;4355;2;3605734;2756;27;0;0
FR;3;2022-01-06;6;486;9;0;481;10;1;0;0;4416470;3434377;4364;2;3606215;2766;28;0;0
FR;3;2022-01-07;2;511;11;0;505;13;1;0;1;4416472;3434888;4375;2;3606720;2779;29;0;1
FR;3;2022-01-08;4;260;4;0;257;5;0;0;0;4416476;3435148;4379;2;3606977;2784;29;0;1
FR;3;2022-01-09;0;117;0;0;117;0;0;0;0;4416476;3435265;4379;2;3607094;2784;29;0;1
FR;3;2022-01-10;2;444;12;0;442;12;0;0;0;4416478;3435709;4391;2;3607536;2796;29;0;1
FR;3;2022-01-11;3;473;1;0;472;1;0;0;0;4416481;3436182;4392;2;3608008;2797;29;0;1
FR;3;2022-01-12;2;410;9;0;407;10;2;0;0;4416483;3436592;4401;2;3608415;2807;31;0;1
FR;3;2022-01-13;3;395;11;0;393;12;1;0;0;4416486;3436987;4412;2;3608808;2819;32;0;1
FR;3;2022-01-14;4;436;10;0;430;13;1;0;0;4416490;3437423;4422;2;3609238;2832;33;0;1
FR;3;2022-01-15;0;284;2;0;280;3;0;0;0;4416490;3437707;4424;2;3609518;2835;33;0;1
FR;3;2022-01-16;1;109;1;0;107;1;1;0;0;4416491;3437816;4425;2;3609625;2836;34;0;1
FR;3;2022-01-17;2;330;8;0;327;9;1;0;0;4416493;3438146;4433;2;3609952;2845;35;0;1
FR;3;2022-01-18;2;371;1;0;367;2;1;0;0;4416495;3438517;4434;2;3610319;2847;36;0;1
FR;3;2022-01-19;2;329;5;0;323;10;0;0;0;4416497;3438846;4439;2;3610642;2857;36;0;1
FR;3;2022-01-20;1;356;5;0;355;3;2;0;0;4416498;3439202;4444;2;3610997;2860;38;0;1
FR;3;2022-01-21;4;347;5;0;341;7;2;0;0;4416502;3439549;4449;2;3611338;2867;40;0;1
FR;3;2022-01-22;2;227;1;0;223;2;3;0;0;4416504;3439776;4450;2;3611561;2869;43;0;1
FR;3;2022-01-23;0;78;0;0;76;1;1;0;0;4416504;3439854;4450;2;3611637;2870;44;0;1
FR;3;2022-01-24;2;325;1;0;316;6;3;0;0;4416506;3440179;4451;2;3611953;2876;47;0;1
FR;3;2022-01-25;0;176;0;0;173;0;1;0;0;4416506;3440355;4451;2;3612126;2876;48;0;1
FR;3;2022-01-26;0;77;0;0;77;0;0;0;0;4416506;3440432;4451;2;3612203;2876;48;0;1
FR;3;2022-01-27;0;54;0;0;54;0;0;0;0;4416506;3440486;4451;2;3612257;2876;48;0;1
FR;3;2022-01-28;0;119;0;0;118;0;0;0;0;4416506;3440605;4451;2;3612375;2876;48;0;1
FR;3;2022-01-29;0;99;0;0;99;0;0;0;0;4416506;3440704;4451;2;3612474;2876;48;0;1
FR;3;2022-01-30;0;51;0;0;51;0;0;0;0;4416506;3440755;4451;2;3612525;2876;48;0;1
FR;3;2022-01-31;0;91;0;0;91;0;0;0;0;4416506;3440846;4451;2;3612616;2876;48;0;1
FR;3;2022-02-01;0;98;0;0;96;1;0;0;0;4416506;3440944;4451;2;3612712;2877;48;0;1
FR;3;2022-02-02;0;85;0;0;83;0;0;0;0;4416506;3441029;4451;2;3612795;2877;48;0;1
FR;3;2022-02-03;0;95;0;0;93;0;0;0;0;4416506;3441124;4451;2;3612888;2877;48;0;1
FR;3;2022-02-04;0;115;0;0;112;0;1;0;0;4416506;3441239;4451;2;3613000;2877;49;0;1
FR;3;2022-02-05;0;71;0;0;71;0;0;0;0;4416506;3441310;4451;2;3613071;2877;49;0;1
FR;3;2022-02-06;0;11;0;0;11;0;0;0;0;4416506;3441321;4451;2;3613082;2877;49;0;1
FR;3;2022-02-07;0;77;0;0;77;0;0;0;0;4416506;3441398;4451;2;3613159;2877;49;0;1
FR;3;2022-02-08;0;0;0;0;0;0;0;0;0;4416506;3441398;4451;2;3613159;2877;49;0;1
FR;3;2022-02-09;0;0;0;0;0;0;0;0;0;4416506;3441398;4451;2;3613159;2877;49;0;1
FR;3;2022-02-10;0;0;0;0;0;0;0;0;0;4416506;3441398;4451;2;3613159;2877;49;0;1
FR;3;2022-02-11;0;0;0;0;0;0;0;0;0;4416506;3441398;4451;2;3613159;2877;49;0;1
FR;3;2022-02-12;0;0;0;0;0;0;0;0;0;4416506;3441398;4451;2;3613159;2877;49;0;1
FR;3;2022-02-13;0;0;0;0;0;0;0;0;0;4416506;3441398;4451;2;3613159;2877;49;0;1
FR;3;2022-02-14;0;0;0;0;0;0;0;0;0;4416506;3441398;4451;2;3613159;2877;49;0;1
FR;3;2022-02-15;0;0;0;0;0;0;0;0;0;4416506;3441398;4451;2;3613159;2877;49;0;1
FR;3;2022-02-16;0;0;0;0;0;0;0;0;0;4416506;3441398;4451;2;3613159;2877;49;0;1
FR;3;2022-02-17;0;0;0;0;0;0;0;0;0;4416506;3441398;4451;2;3613159;2877;49;0;1
FR;3;2022-02-18;0;0;0;0;0;0;0;0;0;4416506;3441398;4451;2;3613159;2877;49;0;1
FR;3;2022-02-19;0;0;0;0;0;0;0;0;0;4416506;3441398;4451;2;3613159;2877;49;0;1
FR;3;2022-02-20;0;0;0;0;0;0;0;0;0;4416506;3441398;4451;2;3613159;2877;49;0;1
FR;3;2022-02-21;2;0;0;0;0;0;0;0;0;4416508;3441398;4451;2;3613159;2877;49;0;1
FR;3;2022-02-22;0;0;0;0;0;0;0;0;0;4416508;3441398;4451;2;3613159;2877;49;0;1
FR;3;2022-02-23;0;0;0;0;0;0;0;0;0;4416508;3441398;4451;2;3613159;2877;49;0;1
FR;3;2022-02-24;0;0;0;0;0;0;0;0;0;4416508;3441398;4451;2;3613159;2877;49;0;1
FR;3;2022-02-25;0;0;0;0;0;0;0;0;0;4416508;3441398;4451;2;3613159;2877;49;0;1
FR;3;2022-02-26;0;0;0;0;0;0;0;0;0;4416508;3441398;4451;2;3613159;2877;49;0;1
FR;3;2022-02-27;0;0;0;0;0;0;0;0;0;4416508;3441398;4451;2;3613159;2877;49;0;1
FR;3;2022-02-28;1;0;0;0;0;0;0;0;0;4416509;3441398;4451;2;3613159;2877;49;0;1
FR;3;2022-03-01;1;0;0;0;0;0;0;0;0;4416510;3441398;4451;2;3613159;2877;49;0;1
FR;3;2022-03-02;0;0;0;0;0;0;0;0;0;4416510;3441398;4451;2;3613159;2877;49;0;1
FR;3;2022-03-03;0;0;0;0;0;0;0;0;0;4416510;3441398;4451;2;3613159;2877;49;0;1
FR;3;2022-03-04;0;0;0;0;0;0;0;0;0;4416510;3441398;4451;2;3613159;2877;49;0;1
FR;3;2022-03-05;0;0;0;0;0;0;0;0;0;4416510;3441398;4451;2;3613159;2877;49;0;1
FR;3;2022-03-06;1;0;0;0;0;0;0;0;0;4416511;3441398;4451;2;3613159;2877;49;0;1
FR;3;2022-03-07;0;0;0;0;0;0;0;0;0;4416511;3441398;4451;2;3613159;2877;49;0;1
FR;3;2022-03-08;1;0;0;0;0;0;0;0;0;4416512;3441398;4451;2;3613159;2877;49;0;1
FR;3;2022-03-09;0;0;0;0;0;0;0;0;0;4416512;3441398;4451;2;3613159;2877;49;0;1
FR;3;2022-03-10;0;0;0;0;0;0;0;0;0;4416512;3441398;4451;2;3613159;2877;49;0;1
FR;3;2022-03-11;0;0;0;0;0;0;0;0;0;4416512;3441398;4451;2;3613159;2877;49;0;1
FR;3;2022-03-12;0;0;0;0;0;0;0;0;0;4416512;3441398;4451;2;3613159;2877;49;0;1
FR;3;2022-03-13;0;0;0;0;0;0;0;0;0;4416512;3441398;4451;2;3613159;2877;49;0;1
FR;3;2022-03-14;0;0;0;0;0;0;0;0;0;4416512;3441398;4451;2;3613159;2877;49;0;1
FR;3;2022-03-15;0;0;0;0;0;0;0;0;0;4416512;3441398;4451;2;3613159;2877;49;0;1
FR;3;2022-03-16;0;0;0;0;0;0;0;0;0;4416512;3441398;4451;2;3613159;2877;49;0;1
FR;3;2022-03-17;0;0;0;0;0;0;0;0;0;4416512;3441398;4451;2;3613159;2877;49;0;1
FR;3;2022-03-18;0;0;0;0;0;0;0;0;0;4416512;3441398;4451;2;3613159;2877;49;0;1
FR;3;2022-03-19;0;0;0;0;0;0;0;0;0;4416512;3441398;4451;2;3613159;2877;49;0;1
FR;3;2022-03-20;1;0;0;0;0;0;0;0;0;4416513;3441398;4451;2;3613159;2877;49;0;1
FR;3;2022-03-21;0;0;0;0;0;0;0;0;0;4416513;3441398;4451;2;3613159;2877;49;0;1
FR;3;2022-03-22;0;0;0;0;0;0;0;0;0;4416513;3441398;4451;2;3613159;2877;49;0;1
FR;3;2022-03-23;1;0;0;0;0;0;0;0;0;4416514;3441398;4451;2;3613159;2877;49;0;1
FR;3;2022-03-24;0;0;0;0;0;0;0;0;0;4416514;3441398;4451;2;3613159;2877;49;0;1
FR;3;2022-03-25;1;0;0;0;0;0;0;0;0;4416515;3441398;4451;2;3613159;2877;49;0;1
FR;3;2022-03-26;0;0;0;0;0;0;0;0;0;4416515;3441398;4451;2;3613159;2877;49;0;1
FR;3;2022-03-27;0;0;0;0;0;0;0;0;0;4416515;3441398;4451;2;3613159;2877;49;0;1
FR;3;2022-03-28;0;0;0;0;0;0;0;0;0;4416515;3441398;4451;2;3613159;2877;49;0;1
FR;3;2022-03-29;0;0;0;0;0;0;0;0;0;4416515;3441398;4451;2;3613159;2877;49;0;1
FR;3;2022-03-30;0;0;0;0;0;0;0;0;0;4416515;3441398;4451;2;3613159;2877;49;0;1
FR;3;2022-03-31;0;0;0;0;0;0;0;0;0;4416515;3441398;4451;2;3613159;2877;49;0;1
FR;3;2022-04-01;0;0;0;0;0;0;0;0;0;4416515;3441398;4451;2;3613159;2877;49;0;1
FR;3;2022-04-02;0;0;0;0;0;0;0;0;0;4416515;3441398;4451;2;3613159;2877;49;0;1
FR;3;2022-04-03;0;0;0;0;0;0;0;0;0;4416515;3441398;4451;2;3613159;2877;49;0;1
FR;3;2022-04-04;0;0;0;0;0;0;0;0;0;4416515;3441398;4451;2;3613159;2877;49;0;1
FR;3;2022-04-05;0;0;0;0;0;0;0;0;0;4416515;3441398;4451;2;3613159;2877;49;0;1
FR;3;2022-04-06;0;0;0;0;0;0;0;0;0;4416515;3441398;4451;2;3613159;2877;49;0;1
FR;3;2022-04-07;0;0;0;0;0;0;0;0;0;4416515;3441398;4451;2;3613159;2877;49;0;1
FR;3;2022-04-08;0;0;0;0;0;0;0;0;0;4416515;3441398;4451;2;3613159;2877;49;0;1
FR;3;2022-04-09;0;0;0;0;0;0;0;0;0;4416515;3441398;4451;2;3613159;2877;49;0;1
FR;3;2022-04-10;0;0;0;0;0;0;0;0;0;4416515;3441398;4451;2;3613159;2877;49;0;1
FR;3;2022-04-11;0;0;0;0;0;0;0;0;0;4416515;3441398;4451;2;3613159;2877;49;0;1
FR;3;2022-04-12;0;0;0;0;0;0;0;0;0;4416515;3441398;4451;2;3613159;2877;49;0;1
FR;3;2022-04-13;0;0;0;0;0;0;0;0;0;4416515;3441398;4451;2;3613159;2877;49;0;1
FR;3;2022-04-14;0;0;0;0;0;0;0;0;0;4416515;3441398;4451;2;3613159;2877;49;0;1
FR;3;2022-04-15;1;0;0;0;0;0;0;0;0;4416516;3441398;4451;2;3613159;2877;49;0;1
FR;3;2022-04-16;0;0;0;0;0;0;0;0;0;4416516;3441398;4451;2;3613159;2877;49;0;1
FR;3;2022-04-17;0;0;0;0;0;0;0;0;0;4416516;3441398;4451;2;3613159;2877;49;0;1
FR;3;2022-04-18;0;0;0;0;0;0;0;0;0;4416516;3441398;4451;2;3613159;2877;49;0;1
FR;3;2022-04-19;0;0;0;0;0;0;0;0;0;4416516;3441398;4451;2;3613159;2877;49;0;1
FR;3;2022-04-20;0;0;0;0;0;0;0;0;0;4416516;3441398;4451;2;3613159;2877;49;0;1
FR;3;2022-04-21;0;0;0;0;0;0;0;0;0;4416516;3441398;4451;2;3613159;2877;49;0;1
FR;3;2022-04-22;0;0;0;0;0;0;0;0;0;4416516;3441398;4451;2;3613159;2877;49;0;1
FR;3;2022-04-23;0;0;0;0;0;0;0;0;0;4416516;3441398;4451;2;3613159;2877;49;0;1
FR;3;2022-04-24;0;0;0;0;0;0;0;0;0;4416516;3441398;4451;2;3613159;2877;49;0;1
FR;3;2022-04-25;0;0;0;0;0;0;0;0;0;4416516;3441398;4451;2;3613159;2877;49;0;1
FR;3;2022-04-26;0;0;0;0;0;0;0;0;0;4416516;3441398;4451;2;3613159;2877;49;0;1
FR;3;2022-04-27;0;0;0;0;0;0;0;0;0;4416516;3441398;4451;2;3613159;2877;49;0;1
FR;3;2022-04-28;0;0;0;0;0;0;0;0;0;4416516;3441398;4451;2;3613159;2877;49;0;1
FR;3;2022-04-29;0;0;0;0;0;0;0;0;0;4416516;3441398;4451;2;3613159;2877;49;0;1
FR;3;2022-04-30;0;0;0;0;0;0;0;0;0;4416516;3441398;4451;2;3613159;2877;49;0;1
FR;3;2022-05-01;0;0;0;0;0;0;0;0;0;4416516;3441398;4451;2;3613159;2877;49;0;1
FR;3;2022-05-02;0;0;0;0;0;0;0;0;0;4416516;3441398;4451;2;3613159;2877;49;0;1
FR;3;2022-05-03;0;0;0;0;0;0;0;0;0;4416516;3441398;4451;2;3613159;2877;49;0;1
FR;3;2022-05-04;0;0;0;0;0;0;0;0;0;4416516;3441398;4451;2;3613159;2877;49;0;1
FR;3;2022-05-05;0;0;0;0;0;0;0;0;0;4416516;3441398;4451;2;3613159;2877;49;0;1
FR;3;2022-05-06;0;0;0;0;0;0;0;0;0;4416516;3441398;4451;2;3613159;2877;49;0;1
FR;3;2022-05-07;0;0;0;0;0;0;0;0;0;4416516;3441398;4451;2;3613159;2877;49;0;1
FR;3;2022-05-08;0;0;0;0;0;0;0;0;0;4416516;3441398;4451;2;3613159;2877;49;0;1
FR;3;2022-05-09;0;0;0;0;0;0;0;0;0;4416516;3441398;4451;2;3613159;2877;49;0;1
FR;3;2022-05-10;0;0;0;0;0;0;0;0;0;4416516;3441398;4451;2;3613159;2877;49;0;1
FR;3;2022-05-11;0;0;0;0;0;0;0;0;0;4416516;3441398;4451;2;3613159;2877;49;0;1
FR;3;2022-05-12;0;0;0;0;0;0;0;0;0;4416516;3441398;4451;2;3613159;2877;49;0;1
FR;3;2022-05-13;0;0;0;0;0;0;0;0;0;4416516;3441398;4451;2;3613159;2877;49;0;1
FR;3;2022-05-14;1;0;0;0;0;0;0;0;0;4416517;3441398;4451;2;3613159;2877;49;0;1
FR;3;2022-05-15;0;0;0;0;0;0;0;0;0;4416517;3441398;4451;2;3613159;2877;49;0;1
FR;3;2022-05-16;0;0;0;0;0;0;0;0;0;4416517;3441398;4451;2;3613159;2877;49;0;1
FR;3;2022-05-17;0;0;0;0;0;0;0;0;0;4416517;3441398;4451;2;3613159;2877;49;0;1
FR;3;2022-05-18;0;0;0;0;0;0;0;0;0;4416517;3441398;4451;2;3613159;2877;49;0;1
FR;3;2022-05-19;0;0;0;0;0;0;0;0;0;4416517;3441398;4451;2;3613159;2877;49;0;1
FR;3;2022-05-20;0;0;0;0;0;0;0;0;0;4416517;3441398;4451;2;3613159;2877;49;0;1
FR;3;2022-05-21;0;0;0;0;0;0;0;0;0;4416517;3441398;4451;2;3613159;2877;49;0;1
FR;3;2022-05-22;0;0;0;0;0;0;0;0;0;4416517;3441398;4451;2;3613159;2877;49;0;1
FR;3;2022-05-23;0;0;0;0;0;0;0;0;0;4416517;3441398;4451;2;3613159;2877;49;0;1
FR;3;2022-05-24;0;0;0;0;0;0;0;0;0;4416517;3441398;4451;2;3613159;2877;49;0;1
FR;3;2022-05-25;0;0;0;0;0;0;0;0;0;4416517;3441398;4451;2;3613159;2877;49;0;1
FR;3;2022-05-26;0;0;0;0;0;0;0;0;0;4416517;3441398;4451;2;3613159;2877;49;0;1
FR;3;2022-05-27;0;0;0;0;0;0;0;0;0;4416517;3441398;4451;2;3613159;2877;49;0;1
FR;3;2022-05-28;0;0;0;0;0;0;0;0;0;4416517;3441398;4451;2;3613159;2877;49;0;1
FR;3;2022-05-29;0;0;0;0;0;0;0;0;0;4416517;3441398;4451;2;3613159;2877;49;0;1
FR;3;2022-05-30;0;0;0;0;0;0;0;0;0;4416517;3441398;4451;2;3613159;2877;49;0;1
FR;3;2022-05-31;0;0;0;0;0;0;0;0;0;4416517;3441398;4451;2;3613159;2877;49;0;1
FR;3;2022-06-01;0;0;0;0;0;0;0;0;0;4416517;3441398;4451;2;3613159;2877;49;0;1
FR;3;2022-06-02;0;0;0;0;0;0;0;0;0;4416517;3441398;4451;2;3613159;2877;49;0;1
FR;3;2022-06-03;0;0;0;0;0;0;0;0;0;4416517;3441398;4451;2;3613159;2877;49;0;1
FR;3;2022-06-04;0;0;0;0;0;0;0;0;0;4416517;3441398;4451;2;3613159;2877;49;0;1
FR;3;2022-06-05;0;0;0;0;0;0;0;0;0;4416517;3441398;4451;2;3613159;2877;49;0;1
FR;3;2022-06-06;0;0;0;0;0;0;0;0;0;4416517;3441398;4451;2;3613159;2877;49;0;1
FR;3;2022-06-07;0;0;0;0;0;0;0;0;0;4416517;3441398;4451;2;3613159;2877;49;0;1
FR;3;2022-06-08;0;0;0;0;0;0;0;0;0;4416517;3441398;4451;2;3613159;2877;49;0;1
FR;3;2022-06-09;0;0;0;0;0;0;0;0;0;4416517;3441398;4451;2;3613159;2877;49;0;1
FR;3;2022-06-10;0;0;0;0;0;0;0;0;0;4416517;3441398;4451;2;3613159;2877;49;0;1
FR;3;2022-06-11;0;0;0;0;0;0;0;0;0;4416517;3441398;4451;2;3613159;2877;49;0;1
FR;3;2022-06-12;0;0;0;0;0;0;0;0;0;4416517;3441398;4451;2;3613159;2877;49;0;1
FR;3;2022-06-13;1;0;0;0;0;0;0;0;0;4416518;3441398;4451;2;3613159;2877;49;0;1
FR;3;2022-06-14;0;0;0;0;0;0;0;0;0;4416518;3441398;4451;2;3613159;2877;49;0;1
FR;3;2022-06-15;0;0;0;0;0;0;0;0;0;4416518;3441398;4451;2;3613159;2877;49;0;1
FR;3;2022-06-16;0;0;0;0;0;0;0;0;0;4416518;3441398;4451;2;3613159;2877;49;0;1
FR;3;2022-06-17;0;0;0;0;0;0;0;0;0;4416518;3441398;4451;2;3613159;2877;49;0;1
FR;3;2022-06-18;0;0;0;0;0;0;0;0;0;4416518;3441398;4451;2;3613159;2877;49;0;1
FR;3;2022-06-19;0;0;0;0;0;0;0;0;0;4416518;3441398;4451;2;3613159;2877;49;0;1
FR;3;2022-06-20;0;0;0;0;0;0;0;0;0;4416518;3441398;4451;2;3613159;2877;49;0;1
FR;3;2022-06-21;0;0;0;0;0;0;0;0;0;4416518;3441398;4451;2;3613159;2877;49;0;1
FR;3;2022-06-22;0;0;0;0;0;0;0;0;0;4416518;3441398;4451;2;3613159;2877;49;0;1
FR;3;2022-06-23;0;0;0;0;0;0;0;0;0;4416518;3441398;4451;2;3613159;2877;49;0;1
FR;3;2022-06-24;0;0;0;0;0;0;0;0;0;4416518;3441398;4451;2;3613159;2877;49;0;1
FR;3;2022-06-25;0;0;0;0;0;0;0;0;0;4416518;3441398;4451;2;3613159;2877;49;0;1
FR;3;2022-06-26;0;0;0;0;0;0;0;0;0;4416518;3441398;4451;2;3613159;2877;49;0;1
FR;3;2022-06-27;0;0;0;0;0;0;0;0;0;4416518;3441398;4451;2;3613159;2877;49;0;1
FR;3;2022-06-28;0;0;0;0;0;0;0;0;0;4416518;3441398;4451;2;3613159;2877;49;0;1
FR;3;2022-06-29;1;0;0;0;0;0;0;0;0;4416519;3441398;4451;2;3613159;2877;49;0;1
FR;3;2022-06-30;0;0;0;0;0;0;0;0;0;4416519;3441398;4451;2;3613159;2877;49;0;1
FR;3;2022-07-01;0;0;0;0;0;0;0;0;0;4416519;3441398;4451;2;3613159;2877;49;0;1
FR;3;2022-07-02;0;0;0;0;0;0;0;0;0;4416519;3441398;4451;2;3613159;2877;49;0;1
FR;3;2022-07-03;0;0;0;0;0;0;0;0;0;4416519;3441398;4451;2;3613159;2877;49;0;1
FR;3;2022-07-04;0;0;0;0;0;0;0;0;0;4416519;3441398;4451;2;3613159;2877;49;0;1
FR;3;2022-07-05;0;0;0;0;0;0;0;0;0;4416519;3441398;4451;2;3613159;2877;49;0;1
FR;3;2022-07-06;0;0;0;0;0;0;0;0;0;4416519;3441398;4451;2;3613159;2877;49;0;1
FR;3;2022-07-07;0;0;0;0;0;0;0;0;0;4416519;3441398;4451;2;3613159;2877;49;0;1
FR;3;2022-07-08;0;0;0;0;0;0;0;0;0;4416519;3441398;4451;2;3613159;2877;49;0;1
FR;3;2022-07-09;0;0;0;0;0;0;0;0;0;4416519;3441398;4451;2;3613159;2877;49;0;1
FR;3;2022-07-10;0;0;0;0;0;0;0;0;0;4416519;3441398;4451;2;3613159;2877;49;0;1
FR;3;2022-07-11;0;0;0;0;0;0;0;0;0;4416519;3441398;4451;2;3613159;2877;49;0;1
FR;3;2022-07-12;0;0;0;0;0;0;0;0;0;4416519;3441398;4451;2;3613159;2877;49;0;1
FR;3;2022-07-13;0;0;0;0;0;0;0;0;0;4416519;3441398;4451;2;3613159;2877;49;0;1
FR;3;2022-07-14;0;0;0;0;0;0;0;0;0;4416519;3441398;4451;2;3613159;2877;49;0;1
FR;3;2022-07-15;0;0;0;0;0;0;0;0;0;4416519;3441398;4451;2;3613159;2877;49;0;1
FR;3;2022-07-16;0;0;0;0;0;0;0;0;0;4416519;3441398;4451;2;3613159;2877;49;0;1
FR;3;2022-07-17;0;0;0;0;0;0;0;0;0;4416519;3441398;4451;2;3613159;2877;49;0;1
FR;3;2022-07-18;0;0;0;0;0;0;0;0;0;4416519;3441398;4451;2;3613159;2877;49;0;1
FR;3;2022-07-19;0;0;0;0;0;0;0;0;0;4416519;3441398;4451;2;3613159;2877;49;0;1
FR;3;2022-07-20;0;0;0;0;0;0;0;0;0;4416519;3441398;4451;2;3613159;2877;49;0;1
FR;3;2022-07-21;0;0;0;0;0;0;0;0;0;4416519;3441398;4451;2;3613159;2877;49;0;1
FR;3;2022-07-22;0;0;0;0;0;0;0;0;0;4416519;3441398;4451;2;3613159;2877;49;0;1
FR;3;2022-07-23;0;0;0;0;0;0;0;0;0;4416519;3441398;4451;2;3613159;2877;49;0;1
FR;3;2022-07-24;0;0;0;0;0;0;0;0;0;4416519;3441398;4451;2;3613159;2877;49;0;1
FR;3;2022-07-25;0;0;0;0;0;0;0;0;0;4416519;3441398;4451;2;3613159;2877;49;0;1
FR;3;2022-07-26;0;0;0;0;0;0;0;0;0;4416519;3441398;4451;2;3613159;2877;49;0;1
FR;3;2022-07-27;0;0;0;0;0;0;0;0;0;4416519;3441398;4451;2;3613159;2877;49;0;1
FR;3;2022-07-28;0;0;0;0;0;0;0;0;0;4416519;3441398;4451;2;3613159;2877;49;0;1
FR;3;2022-07-29;0;0;0;0;0;0;0;0;0;4416519;3441398;4451;2;3613159;2877;49;0;1
FR;3;2022-07-30;0;0;0;0;0;0;0;0;0;4416519;3441398;4451;2;3613159;2877;49;0;1
FR;3;2022-07-31;0;0;0;0;0;0;0;0;0;4416519;3441398;4451;2;3613159;2877;49;0;1
FR;3;2022-08-01;0;0;0;0;0;0;0;0;0;4416519;3441398;4451;2;3613159;2877;49;0;1
FR;3;2022-08-02;0;0;0;0;0;0;0;0;0;4416519;3441398;4451;2;3613159;2877;49;0;1
FR;3;2022-08-03;0;0;0;0;0;0;0;0;0;4416519;3441398;4451;2;3613159;2877;49;0;1
FR;3;2022-08-04;0;0;0;0;0;0;0;0;0;4416519;3441398;4451;2;3613159;2877;49;0;1
FR;3;2022-08-05;0;0;0;0;0;0;0;0;0;4416519;3441398;4451;2;3613159;2877;49;0;1
FR;3;2022-08-06;0;0;0;0;0;0;0;0;0;4416519;3441398;4451;2;3613159;2877;49;0;1
FR;3;2022-08-07;0;0;0;0;0;0;0;0;0;4416519;3441398;4451;2;3613159;2877;49;0;1
FR;3;2022-08-08;0;0;0;0;0;0;0;0;0;4416519;3441398;4451;2;3613159;2877;49;0;1
FR;3;2022-08-09;0;0;0;0;0;0;0;0;0;4416519;3441398;4451;2;3613159;2877;49;0;1
FR;3;2022-08-10;0;0;0;0;0;0;0;0;0;4416519;3441398;4451;2;3613159;2877;49;0;1
FR;3;2022-08-11;0;0;0;0;0;0;0;0;0;4416519;3441398;4451;2;3613159;2877;49;0;1
FR;3;2022-08-12;0;0;0;0;0;0;0;0;0;4416519;3441398;4451;2;3613159;2877;49;0;1
FR;3;2022-08-13;0;0;0;0;0;0;0;0;0;4416519;3441398;4451;2;3613159;2877;49;0;1
FR;3;2022-08-14;0;0;0;0;0;0;0;0;0;4416519;3441398;4451;2;3613159;2877;49;0;1
FR;3;2022-08-15;0;0;0;0;0;0;0;0;0;4416519;3441398;4451;2;3613159;2877;49;0;1
FR;3;2022-08-16;0;0;0;0;0;0;0;0;0;4416519;3441398;4451;2;3613159;2877;49;0;1
FR;3;2022-08-17;0;0;0;0;0;0;0;0;0;4416519;3441398;4451;2;3613159;2877;49;0;1
FR;3;2022-08-18;0;0;0;0;0;0;0;0;0;4416519;3441398;4451;2;3613159;2877;49;0;1
FR;3;2022-08-19;0;0;0;0;0;0;0;0;0;4416519;3441398;4451;2;3613159;2877;49;0;1
FR;3;2022-08-20;0;0;0;0;0;0;0;0;0;4416519;3441398;4451;2;3613159;2877;49;0;1
FR;3;2022-08-21;0;0;0;0;0;0;0;0;0;4416519;3441398;4451;2;3613159;2877;49;0;1
FR;3;2022-08-22;0;0;0;0;0;0;0;0;0;4416519;3441398;4451;2;3613159;2877;49;0;1
FR;3;2022-08-23;0;0;0;0;0;0;0;0;0;4416519;3441398;4451;2;3613159;2877;49;0;1
FR;3;2022-08-24;0;0;0;0;0;0;0;0;0;4416519;3441398;4451;2;3613159;2877;49;0;1
FR;3;2022-08-25;0;0;0;0;0;0;0;0;0;4416519;3441398;4451;2;3613159;2877;49;0;1
FR;3;2022-08-26;0;0;0;0;0;0;0;0;0;4416519;3441398;4451;2;3613159;2877;49;0;1
FR;3;2022-08-27;0;0;0;0;0;0;0;0;0;4416519;3441398;4451;2;3613159;2877;49;0;1
FR;3;2022-08-28;0;0;0;0;0;0;0;0;0;4416519;3441398;4451;2;3613159;2877;49;0;1
FR;3;2022-08-29;0;0;0;0;0;0;0;0;0;4416519;3441398;4451;2;3613159;2877;49;0;1
FR;3;2022-08-30;0;0;0;0;0;0;0;0;0;4416519;3441398;4451;2;3613159;2877;49;0;1
FR;3;2022-08-31;0;0;0;0;0;0;0;0;0;4416519;3441398;4451;2;3613159;2877;49;0;1
FR;3;2022-09-01;0;0;0;0;0;0;0;0;0;4416519;3441398;4451;2;3613159;2877;49;0;1
FR;3;2022-09-02;0;0;0;0;0;0;0;0;0;4416519;3441398;4451;2;3613159;2877;49;0;1
FR;3;2022-09-03;0;0;0;0;0;0;0;0;0;4416519;3441398;4451;2;3613159;2877;49;0;1
FR;3;2022-09-04;0;0;0;0;0;0;0;0;0;4416519;3441398;4451;2;3613159;2877;49;0;1
FR;3;2022-09-05;0;0;0;0;0;0;0;0;0;4416519;3441398;4451;2;3613159;2877;49;0;1
FR;3;2022-09-06;0;0;0;0;0;0;0;0;0;4416519;3441398;4451;2;3613159;2877;49;0;1
FR;3;2022-09-07;0;0;0;0;0;0;0;0;0;4416519;3441398;4451;2;3613159;2877;49;0;1
FR;3;2022-09-08;0;0;0;0;0;0;0;0;0;4416519;3441398;4451;2;3613159;2877;49;0;1
FR;3;2022-09-09;0;0;0;0;0;0;0;0;0;4416519;3441398;4451;2;3613159;2877;49;0;1
FR;3;2022-09-10;0;0;0;0;0;0;0;0;0;4416519;3441398;4451;2;3613159;2877;49;0;1
FR;3;2022-09-11;0;0;0;0;0;0;0;0;0;4416519;3441398;4451;2;3613159;2877;49;0;1
FR;3;2022-09-12;0;0;0;0;0;0;0;0;0;4416519;3441398;4451;2;3613159;2877;49;0;1
FR;3;2022-09-13;0;0;0;0;0;0;0;0;0;4416519;3441398;4451;2;3613159;2877;49;0;1
FR;3;2022-09-14;0;0;0;0;0;0;0;0;0;4416519;3441398;4451;2;3613159;2877;49;0;1
FR;3;2022-09-15;0;0;0;0;0;0;0;0;0;4416519;3441398;4451;2;3613159;2877;49;0;1
FR;3;2022-09-16;0;0;0;0;0;0;0;0;0;4416519;3441398;4451;2;3613159;2877;49;0;1
FR;3;2022-09-17;0;0;0;0;0;0;0;0;0;4416519;3441398;4451;2;3613159;2877;49;0;1
FR;3;2022-09-18;0;0;0;0;0;0;0;0;0;4416519;3441398;4451;2;3613159;2877;49;0;1
FR;3;2022-09-19;0;0;0;0;0;0;0;0;0;4416519;3441398;4451;2;3613159;2877;49;0;1
FR;3;2022-09-20;0;0;0;0;0;0;0;0;0;4416519;3441398;4451;2;3613159;2877;49;0;1
FR;3;2022-09-21;0;0;0;0;0;0;0;0;0;4416519;3441398;4451;2;3613159;2877;49;0;1
FR;3;2022-09-22;0;0;0;0;0;0;0;0;0;4416519;3441398;4451;2;3613159;2877;49;0;1
FR;3;2022-09-23;0;0;0;0;0;0;0;0;0;4416519;3441398;4451;2;3613159;2877;49;0;1
FR;3;2022-09-24;0;0;0;0;0;0;0;0;0;4416519;3441398;4451;2;3613159;2877;49;0;1
FR;3;2022-09-25;0;0;0;0;0;0;0;0;0;4416519;3441398;4451;2;3613159;2877;49;0;1
FR;3;2022-09-26;0;0;0;0;0;0;0;0;0;4416519;3441398;4451;2;3613159;2877;49;0;1
FR;3;2022-09-27;0;0;0;0;0;0;0;0;0;4416519;3441398;4451;2;3613159;2877;49;0;1
FR;3;2022-09-28;0;0;0;0;0;0;0;0;0;4416519;3441398;4451;2;3613159;2877;49;0;1
FR;3;2022-09-29;0;0;0;0;0;0;0;0;0;4416519;3441398;4451;2;3613159;2877;49;0;1
FR;3;2022-09-30;0;0;0;0;0;0;0;0;0;4416519;3441398;4451;2;3613159;2877;49;0;1
FR;3;2022-10-01;0;0;0;0;0;0;0;0;0;4416519;3441398;4451;2;3613159;2877;49;0;1
FR;3;2022-10-02;0;0;0;0;0;0;0;0;0;4416519;3441398;4451;2;3613159;2877;49;0;1
FR;3;2022-10-03;0;0;0;0;0;0;0;0;0;4416519;3441398;4451;2;3613159;2877;49;0;1
FR;3;2022-10-04;0;0;0;0;0;0;0;0;0;4416519;3441398;4451;2;3613159;2877;49;0;1
FR;3;2022-10-05;0;0;0;0;0;0;0;0;0;4416519;3441398;4451;2;3613159;2877;49;0;1
FR;3;2022-10-06;0;0;0;0;0;0;0;0;0;4416519;3441398;4451;2;3613159;2877;49;0;1
FR;3;2022-10-07;0;0;0;0;0;0;0;0;0;4416519;3441398;4451;2;3613159;2877;49;0;1
FR;3;2022-10-08;0;0;0;0;0;0;0;0;0;4416519;3441398;4451;2;3613159;2877;49;0;1
FR;3;2022-10-09;0;0;0;0;0;0;0;0;0;4416519;3441398;4451;2;3613159;2877;49;0;1
FR;3;2022-10-10;0;0;0;0;0;0;0;0;0;4416519;3441398;4451;2;3613159;2877;49;0;1
FR;3;2022-10-11;0;0;0;0;0;0;0;0;0;4416519;3441398;4451;2;3613159;2877;49;0;1
FR;3;2022-10-12;0;0;0;0;0;0;0;0;0;4416519;3441398;4451;2;3613159;2877;49;0;1
FR;3;2022-10-13;0;0;0;0;0;0;0;0;0;4416519;3441398;4451;2;3613159;2877;49;0;1
FR;3;2022-10-14;0;0;0;0;0;0;0;0;0;4416519;3441398;4451;2;3613159;2877;49;0;1
FR;3;2022-10-15;0;0;0;0;0;0;0;0;0;4416519;3441398;4451;2;3613159;2877;49;0;1
FR;3;2022-10-16;0;0;0;0;0;0;0;0;0;4416519;3441398;4451;2;3613159;2877;49;0;1
FR;3;2022-10-17;0;0;0;0;0;0;0;0;0;4416519;3441398;4451;2;3613159;2877;49;0;1
FR;3;2022-10-18;0;0;0;0;0;0;0;0;0;4416519;3441398;4451;2;3613159;2877;49;0;1
FR;3;2022-10-19;0;0;0;0;0;0;0;0;0;4416519;3441398;4451;2;3613159;2877;49;0;1
FR;3;2022-10-20;0;0;0;0;0;0;0;0;0;4416519;3441398;4451;2;3613159;2877;49;0;1
FR;3;2022-10-21;0;0;0;0;0;0;0;0;0;4416519;3441398;4451;2;3613159;2877;49;0;1
FR;3;2022-10-22;0;0;0;0;0;0;0;0;0;4416519;3441398;4451;2;3613159;2877;49;0;1
FR;3;2022-10-23;0;0;0;0;0;0;0;0;0;4416519;3441398;4451;2;3613159;2877;49;0;1
FR;3;2022-10-24;0;0;0;0;0;0;0;0;0;4416519;3441398;4451;2;3613159;2877;49;0;1
FR;3;2022-10-25;0;0;0;0;0;0;0;0;0;4416519;3441398;4451;2;3613159;2877;49;0;1
FR;3;2022-10-26;0;0;0;0;0;0;0;0;0;4416519;3441398;4451;2;3613159;2877;49;0;1
FR;3;2022-10-27;0;0;0;0;0;0;0;0;0;4416519;3441398;4451;2;3613159;2877;49;0;1
FR;3;2022-10-28;0;0;0;0;0;0;0;0;0;4416519;3441398;4451;2;3613159;2877;49;0;1
FR;3;2022-10-29;0;0;0;0;0;0;0;0;0;4416519;3441398;4451;2;3613159;2877;49;0;1
FR;3;2022-10-30;0;0;0;0;0;0;0;0;0;4416519;3441398;4451;2;3613159;2877;49;0;1
FR;3;2022-10-31;0;0;0;0;0;0;0;0;0;4416519;3441398;4451;2;3613159;2877;49;0;1
FR;3;2022-11-01;0;0;0;0;0;0;0;0;0;4416519;3441398;4451;2;3613159;2877;49;0;1
FR;3;2022-11-02;0;0;0;0;0;0;0;0;0;4416519;3441398;4451;2;3613159;2877;49;0;1
FR;3;2022-11-03;0;0;0;0;0;0;0;0;0;4416519;3441398;4451;2;3613159;2877;49;0;1
FR;3;2022-11-04;0;0;0;0;0;0;0;0;0;4416519;3441398;4451;2;3613159;2877;49;0;1
FR;3;2022-11-05;0;0;0;0;0;0;0;0;0;4416519;3441398;4451;2;3613159;2877;49;0;1
FR;3;2022-11-06;0;0;0;0;0;0;0;0;0;4416519;3441398;4451;2;3613159;2877;49;0;1
FR;3;2022-11-07;0;0;0;0;0;0;0;0;0;4416519;3441398;4451;2;3613159;2877;49;0;1
FR;3;2022-11-08;1;0;0;0;0;0;0;0;0;4416520;3441398;4451;2;3613159;2877;49;0;1
FR;3;2022-11-09;0;0;0;0;0;0;0;0;0;4416520;3441398;4451;2;3613159;2877;49;0;1
FR;3;2022-11-10;0;0;0;0;0;0;0;0;0;4416520;3441398;4451;2;3613159;2877;49;0;1
FR;3;2022-11-11;0;0;0;0;0;0;0;0;0;4416520;3441398;4451;2;3613159;2877;49;0;1
FR;3;2022-11-12;0;0;0;0;0;0;0;0;0;4416520;3441398;4451;2;3613159;2877;49;0;1
FR;3;2022-11-13;0;0;0;0;0;0;0;0;0;4416520;3441398;4451;2;3613159;2877;49;0;1
FR;3;2022-11-14;0;0;0;0;0;0;0;0;0;4416520;3441398;4451;2;3613159;2877;49;0;1
FR;3;2022-11-15;0;0;0;0;0;0;0;0;0;4416520;3441398;4451;2;3613159;2877;49;0;1
FR;3;2022-11-16;0;0;0;0;0;0;0;0;0;4416520;3441398;4451;2;3613159;2877;49;0;1
FR;3;2022-11-17;0;0;0;0;0;0;0;0;0;4416520;3441398;4451;2;3613159;2877;49;0;1
FR;3;2022-11-18;0;0;0;0;0;0;0;0;0;4416520;3441398;4451;2;3613159;2877;49;0;1
FR;3;2022-11-19;0;0;0;0;0;0;0;0;0;4416520;3441398;4451;2;3613159;2877;49;0;1
FR;3;2022-11-20;0;0;0;0;0;0;0;0;0;4416520;3441398;4451;2;3613159;2877;49;0;1
FR;3;2022-11-21;0;0;0;0;0;0;0;0;0;4416520;3441398;4451;2;3613159;2877;49;0;1
FR;3;2022-11-22;0;0;0;0;0;0;0;0;0;4416520;3441398;4451;2;3613159;2877;49;0;1
FR;3;2022-11-23;0;0;0;0;0;0;0;0;0;4416520;3441398;4451;2;3613159;2877;49;0;1
FR;3;2022-11-24;0;0;0;0;0;0;0;0;0;4416520;3441398;4451;2;3613159;2877;49;0;1
FR;3;2022-11-25;0;0;0;0;0;0;0;0;0;4416520;3441398;4451;2;3613159;2877;49;0;1
FR;3;2022-11-26;0;0;0;0;0;0;0;0;0;4416520;3441398;4451;2;3613159;2877;49;0;1
FR;3;2022-11-27;0;0;0;0;0;0;0;0;0;4416520;3441398;4451;2;3613159;2877;49;0;1
FR;4;2020-12-27;0;0;0;0;0;0;0;0;0;0;0;0;0;0;0;0;0;0
FR;4;2020-12-28;0;0;0;0;0;0;0;0;0;0;0;0;0;0;0;0;0;0
FR;4;2020-12-29;0;0;0;0;0;0;0;0;0;0;0;0;0;0;0;0;0;0
FR;4;2020-12-30;0;0;0;0;0;0;0;0;0;0;0;0;0;0;0;0;0;0
FR;4;2020-12-31;0;0;0;0;0;0;0;0;0;0;0;0;0;0;0;0;0;0
FR;4;2021-01-01;0;0;0;0;0;0;0;0;0;0;0;0;0;0;0;0;0;0
FR;4;2021-01-02;0;0;0;0;0;0;0;0;0;0;0;0;0;0;0;0;0;0
FR;4;2021-01-03;0;0;0;0;0;0;0;0;0;0;0;0;0;0;0;0;0;0
FR;4;2021-01-04;0;0;0;0;0;0;0;0;0;0;0;0;0;0;0;0;0;0
FR;4;2021-01-05;0;0;0;0;0;0;0;0;0;0;0;0;0;0;0;0;0;0
FR;4;2021-01-06;0;0;0;0;0;0;0;0;0;0;0;0;0;0;0;0;0;0
FR;4;2021-01-07;0;0;0;0;0;0;0;0;0;0;0;0;0;0;0;0;0;0
FR;4;2021-01-08;0;0;0;0;0;0;0;0;0;0;0;0;0;0;0;0;0;0
FR;4;2021-01-09;0;0;0;0;0;0;0;0;0;0;0;0;0;0;0;0;0;0
FR;4;2021-01-10;0;0;0;0;0;0;0;0;0;0;0;0;0;0;0;0;0;0
FR;4;2021-01-11;0;0;0;0;0;0;0;0;0;0;0;0;0;0;0;0;0;0
FR;4;2021-01-12;0;0;0;0;0;0;0;0;0;0;0;0;0;0;0;0;0;0
FR;4;2021-01-13;0;0;0;0;0;0;0;0;0;0;0;0;0;0;0;0;0;0
FR;4;2021-01-14;0;0;0;0;0;0;0;0;0;0;0;0;0;0;0;0;0;0
FR;4;2021-01-15;0;0;0;0;0;0;0;0;0;0;0;0;0;0;0;0;0;0
FR;4;2021-01-16;0;0;0;0;0;0;0;0;0;0;0;0;0;0;0;0;0;0
FR;4;2021-01-17;0;0;0;0;0;0;0;0;0;0;0;0;0;0;0;0;0;0
FR;4;2021-01-18;0;0;0;0;0;0;0;0;0;0;0;0;0;0;0;0;0;0
FR;4;2021-01-19;0;0;0;0;0;0;0;0;0;0;0;0;0;0;0;0;0;0
FR;4;2021-01-20;0;0;0;0;0;0;0;0;0;0;0;0;0;0;0;0;0;0
FR;4;2021-01-21;0;0;0;0;0;0;0;0;0;0;0;0;0;0;0;0;0;0
FR;4;2021-01-22;0;0;0;0;0;0;0;0;0;0;0;0;0;0;0;0;0;0
FR;4;2021-01-23;0;0;0;0;0;0;0;0;0;0;0;0;0;0;0;0;0;0
FR;4;2021-01-24;0;0;0;0;0;0;0;0;0;0;0;0;0;0;0;0;0;0
FR;4;2021-01-25;0;0;0;0;0;0;0;0;0;0;0;0;0;0;0;0;0;0
FR;4;2021-01-26;0;0;0;0;0;0;0;0;0;0;0;0;0;0;0;0;0;0
FR;4;2021-01-27;0;0;0;0;0;0;0;0;0;0;0;0;0;0;0;0;0;0
FR;4;2021-01-28;0;0;0;0;0;0;0;0;0;0;0;0;0;0;0;0;0;0
FR;4;2021-01-29;0;0;0;0;0;0;0;0;0;0;0;0;0;0;0;0;0;0
FR;4;2021-01-30;0;0;0;0;0;0;0;0;0;0;0;0;0;0;0;0;0;0
FR;4;2021-01-31;0;0;0;0;0;0;0;0;0;0;0;0;0;0;0;0;0;0
FR;4;2021-02-01;0;0;0;0;0;0;0;0;0;0;0;0;0;0;0;0;0;0
FR;4;2021-02-02;0;0;0;0;0;0;0;0;0;0;0;0;0;0;0;0;0;0
FR;4;2021-02-03;0;0;0;0;0;0;0;0;0;0;0;0;0;0;0;0;0;0
FR;4;2021-02-04;0;0;0;0;0;0;0;0;0;0;0;0;0;0;0;0;0;0
FR;4;2021-02-05;0;0;0;0;0;0;0;0;0;0;0;0;0;0;0;0;0;0
FR;4;2021-02-06;0;0;0;0;0;0;0;0;0;0;0;0;0;0;0;0;0;0
FR;4;2021-02-07;0;0;0;0;0;0;0;0;0;0;0;0;0;0;0;0;0;0
FR;4;2021-02-08;0;0;0;0;0;0;0;0;0;0;0;0;0;0;0;0;0;0
FR;4;2021-02-09;0;0;0;0;0;0;0;0;0;0;0;0;0;0;0;0;0;0
FR;4;2021-02-10;0;0;0;0;0;0;0;0;0;0;0;0;0;0;0;0;0;0
FR;4;2021-02-11;0;0;0;0;0;0;0;0;0;0;0;0;0;0;0;0;0;0
FR;4;2021-02-12;0;0;0;0;0;0;0;0;0;0;0;0;0;0;0;0;0;0
FR;4;2021-02-13;0;0;0;0;0;0;0;0;0;0;0;0;0;0;0;0;0;0
FR;4;2021-02-14;0;0;0;0;0;0;0;0;0;0;0;0;0;0;0;0;0;0
FR;4;2021-02-15;0;0;0;0;0;0;0;0;0;0;0;0;0;0;0;0;0;0
FR;4;2021-02-16;0;0;0;0;0;0;0;0;0;0;0;0;0;0;0;0;0;0
FR;4;2021-02-17;0;0;0;0;0;0;0;0;0;0;0;0;0;0;0;0;0;0
FR;4;2021-02-18;0;0;0;0;0;0;0;0;0;0;0;0;0;0;0;0;0;0
FR;4;2021-02-19;0;0;0;0;0;0;0;0;0;0;0;0;0;0;0;0;0;0
FR;4;2021-02-20;0;0;0;0;0;0;0;0;0;0;0;0;0;0;0;0;0;0
FR;4;2021-02-21;0;0;0;0;0;0;0;0;0;0;0;0;0;0;0;0;0;0
FR;4;2021-02-22;0;0;0;0;0;0;0;0;0;0;0;0;0;0;0;0;0;0
FR;4;2021-02-23;0;0;0;0;0;0;0;0;0;0;0;0;0;0;0;0;0;0
FR;4;2021-02-24;0;0;0;0;0;0;0;0;0;0;0;0;0;0;0;0;0;0
FR;4;2021-02-25;0;0;0;0;0;0;0;0;0;0;0;0;0;0;0;0;0;0
FR;4;2021-02-26;0;0;0;0;0;0;0;0;0;0;0;0;0;0;0;0;0;0
FR;4;2021-02-27;0;0;0;0;0;0;0;0;0;0;0;0;0;0;0;0;0;0
FR;4;2021-02-28;0;0;0;0;0;0;0;0;0;0;0;0;0;0;0;0;0;0
FR;4;2021-03-01;0;0;0;0;0;0;0;0;0;0;0;0;0;0;0;0;0;0
FR;4;2021-03-02;0;0;0;0;0;0;0;0;0;0;0;0;0;0;0;0;0;0
FR;4;2021-03-03;0;0;0;0;0;0;0;0;0;0;0;0;0;0;0;0;0;0
FR;4;2021-03-04;0;0;0;0;0;0;0;0;0;0;0;0;0;0;0;0;0;0
FR;4;2021-03-05;0;0;0;0;0;0;0;0;0;0;0;0;0;0;0;0;0;0
FR;4;2021-03-06;0;0;0;0;0;0;0;0;0;0;0;0;0;0;0;0;0;0
FR;4;2021-03-07;0;0;0;0;0;0;0;0;0;0;0;0;0;0;0;0;0;0
FR;4;2021-03-08;0;0;0;0;0;0;0;0;0;0;0;0;0;0;0;0;0;0
FR;4;2021-03-09;0;0;0;0;0;0;0;0;0;0;0;0;0;0;0;0;0;0
FR;4;2021-03-10;0;0;0;0;0;0;0;0;0;0;0;0;0;0;0;0;0;0
FR;4;2021-03-11;0;0;0;0;0;0;0;0;0;0;0;0;0;0;0;0;0;0
FR;4;2021-03-12;0;0;0;0;0;0;0;0;0;0;0;0;0;0;0;0;0;0
FR;4;2021-03-13;0;0;0;0;0;0;0;0;0;0;0;0;0;0;0;0;0;0
FR;4;2021-03-14;0;0;0;0;0;0;0;0;0;0;0;0;0;0;0;0;0;0
FR;4;2021-03-15;0;0;0;0;0;0;0;0;0;0;0;0;0;0;0;0;0;0
FR;4;2021-03-16;0;0;0;0;0;0;0;0;0;0;0;0;0;0;0;0;0;0
FR;4;2021-03-17;0;0;0;0;0;0;0;0;0;0;0;0;0;0;0;0;0;0
FR;4;2021-03-18;0;0;0;0;0;0;0;0;0;0;0;0;0;0;0;0;0;0
FR;4;2021-03-19;0;0;0;0;0;0;0;0;0;0;0;0;0;0;0;0;0;0
FR;4;2021-03-20;0;0;0;0;0;0;0;0;0;0;0;0;0;0;0;0;0;0
FR;4;2021-03-21;0;0;0;0;0;0;0;0;0;0;0;0;0;0;0;0;0;0
FR;4;2021-03-22;0;0;0;0;0;0;0;0;0;0;0;0;0;0;0;0;0;0
FR;4;2021-03-23;0;0;0;0;0;0;0;0;0;0;0;0;0;0;0;0;0;0
FR;4;2021-03-24;0;0;0;0;0;0;0;0;0;0;0;0;0;0;0;0;0;0
FR;4;2021-03-25;0;0;0;0;0;0;0;0;0;0;0;0;0;0;0;0;0;0
FR;4;2021-03-26;0;0;0;0;0;0;0;0;0;0;0;0;0;0;0;0;0;0
FR;4;2021-03-27;0;0;0;0;0;0;0;0;0;0;0;0;0;0;0;0;0;0
FR;4;2021-03-28;0;0;0;0;0;0;0;0;0;0;0;0;0;0;0;0;0;0
FR;4;2021-03-29;0;0;0;0;0;0;0;0;0;0;0;0;0;0;0;0;0;0
FR;4;2021-03-30;0;0;0;0;0;0;0;0;0;0;0;0;0;0;0;0;0;0
FR;4;2021-03-31;0;0;0;0;0;0;0;0;0;0;0;0;0;0;0;0;0;0
FR;4;2021-04-01;0;0;0;0;0;0;0;0;0;0;0;0;0;0;0;0;0;0
FR;4;2021-04-02;0;0;0;0;0;0;0;0;0;0;0;0;0;0;0;0;0;0
FR;4;2021-04-03;0;0;0;0;0;0;0;0;0;0;0;0;0;0;0;0;0;0
FR;4;2021-04-04;0;0;0;0;0;0;0;0;0;0;0;0;0;0;0;0;0;0
FR;4;2021-04-05;0;0;0;0;0;0;0;0;0;0;0;0;0;0;0;0;0;0
FR;4;2021-04-06;0;0;0;0;0;0;0;0;0;0;0;0;0;0;0;0;0;0
FR;4;2021-04-07;0;0;0;0;0;0;0;0;0;0;0;0;0;0;0;0;0;0
FR;4;2021-04-08;0;0;0;0;0;0;0;0;0;0;0;0;0;0;0;0;0;0
FR;4;2021-04-09;0;0;0;0;0;0;0;0;0;0;0;0;0;0;0;0;0;0
FR;4;2021-04-10;0;0;0;0;0;0;0;0;0;0;0;0;0;0;0;0;0;0
FR;4;2021-04-11;0;0;0;0;0;0;0;0;0;0;0;0;0;0;0;0;0;0
FR;4;2021-04-12;0;0;0;0;0;0;0;0;0;0;0;0;0;0;0;0;0;0
FR;4;2021-04-13;0;0;0;0;0;0;0;0;0;0;0;0;0;0;0;0;0;0
FR;4;2021-04-14;0;0;0;0;0;0;0;0;0;0;0;0;0;0;0;0;0;0
FR;4;2021-04-15;0;0;0;0;0;0;0;0;0;0;0;0;0;0;0;0;0;0
FR;4;2021-04-16;0;0;0;0;0;0;0;0;0;0;0;0;0;0;0;0;0;0
FR;4;2021-04-17;0;0;0;0;0;0;0;0;0;0;0;0;0;0;0;0;0;0
FR;4;2021-04-18;0;0;0;0;0;0;0;0;0;0;0;0;0;0;0;0;0;0
FR;4;2021-04-19;0;0;0;0;0;0;0;0;0;0;0;0;0;0;0;0;0;0
FR;4;2021-04-20;0;0;0;0;0;0;0;0;0;0;0;0;0;0;0;0;0;0
FR;4;2021-04-21;0;0;0;0;0;0;0;0;0;0;0;0;0;0;0;0;0;0
FR;4;2021-04-22;0;0;0;0;0;0;0;0;0;0;0;0;0;0;0;0;0;0
FR;4;2021-04-23;3763;0;0;0;3716;0;0;0;0;3763;0;0;0;3716;0;0;0;0
FR;4;2021-04-24;1569;1;0;0;1558;0;0;0;0;5332;1;0;0;5274;0;0;0;0
FR;4;2021-04-25;125;0;0;0;125;0;0;0;0;5457;1;0;0;5399;0;0;0;0
FR;4;2021-04-26;2871;1;0;0;2860;0;0;0;0;8328;2;0;0;8259;0;0;0;0
FR;4;2021-04-27;9521;3;0;0;9502;0;0;0;0;17849;5;0;0;17761;0;0;0;0
FR;4;2021-04-28;9909;6;0;0;9884;0;0;0;0;27758;11;0;0;27645;0;0;0;0
FR;4;2021-04-29;15996;8;0;0;15980;0;0;0;0;43754;19;0;0;43625;0;0;0;0
FR;4;2021-04-30;19234;10;0;0;19204;0;0;0;0;62988;29;0;0;62829;0;0;0;0
FR;4;2021-05-01;1993;6;0;0;1991;0;0;0;0;64981;35;0;0;64820;0;0;0;0
FR;4;2021-05-02;484;0;0;0;481;0;0;0;0;65465;35;0;0;65301;0;0;0;0
FR;4;2021-05-03;5065;2;0;0;5059;0;0;0;0;70530;37;0;0;70360;0;0;0;0
FR;4;2021-05-04;8408;11;0;0;8396;0;0;0;0;78938;48;0;0;78756;0;0;0;0
FR;4;2021-05-05;6190;7;0;0;6185;0;0;0;0;85128;55;0;0;84941;0;0;0;0
FR;4;2021-05-06;11387;11;0;0;11384;0;0;0;0;96515;66;0;0;96325;0;0;0;0
FR;4;2021-05-07;19125;9;0;0;19086;0;0;0;0;115640;75;0;0;115411;0;0;0;0
FR;4;2021-05-08;2378;6;0;0;2382;0;0;0;0;118018;81;0;0;117793;0;0;0;0
FR;4;2021-05-09;688;3;0;0;689;0;0;0;0;118706;84;0;0;118482;0;0;0;0
FR;4;2021-05-10;7244;5;1;0;7241;0;0;0;0;125950;89;1;0;125723;0;0;0;0
FR;4;2021-05-11;14325;12;0;0;14305;0;0;0;0;140275;101;1;0;140028;0;0;0;0
FR;4;2021-05-12;10174;15;0;0;10177;0;0;0;0;150449;116;1;0;150205;0;0;0;0
FR;4;2021-05-13;1583;4;0;0;1584;0;0;0;0;152032;120;1;0;151789;0;0;0;0
FR;4;2021-05-14;7767;7;0;0;7761;0;0;0;0;159799;127;1;0;159550;0;0;0;0
FR;4;2021-05-15;3721;8;1;0;3720;0;0;0;0;163520;135;2;0;163270;0;0;0;0
FR;4;2021-05-16;417;1;0;0;417;0;0;0;0;163937;136;2;0;163687;0;0;0;0
FR;4;2021-05-17;4479;6;0;0;4478;0;0;0;0;168416;142;2;0;168165;0;0;0;0
FR;4;2021-05-18;8767;10;0;0;8767;0;0;0;0;177183;152;2;0;176932;0;0;0;0
FR;4;2021-05-19;5696;7;0;0;5698;0;0;0;0;182879;159;2;0;182630;0;0;0;0
FR;4;2021-05-20;9485;8;0;0;9477;0;0;0;0;192364;167;2;0;192107;0;0;0;0
FR;4;2021-05-21;12809;30;0;0;12815;0;0;0;0;205173;197;2;0;204922;0;0;0;0
FR;4;2021-05-22;5060;15;0;0;5067;0;0;0;0;210233;212;2;0;209989;0;0;0;0
FR;4;2021-05-23;497;4;0;0;500;0;0;0;0;210730;216;2;0;210489;0;0;0;0
FR;4;2021-05-24;1059;7;0;0;1063;0;0;0;0;211789;223;2;0;211552;0;0;0;0
FR;4;2021-05-25;7632;16;0;0;7638;0;0;0;0;219421;239;2;0;219190;0;0;0;0
FR;4;2021-05-26;7729;16;0;0;7738;0;0;0;0;227150;255;2;0;226928;0;0;0;0
FR;4;2021-05-27;14335;35;0;0;14342;0;0;0;0;241485;290;2;0;241270;0;0;0;0
FR;4;2021-05-28;26592;82;1;0;26632;0;0;0;0;268077;372;3;0;267902;0;0;0;0
FR;4;2021-05-29;11385;18;0;0;11386;0;0;0;0;279462;390;3;0;279288;0;0;0;0
FR;4;2021-05-30;973;7;0;0;972;0;0;0;0;280435;397;3;0;280260;0;0;0;0
FR;4;2021-05-31;12697;21;0;0;12696;0;0;0;0;293132;418;3;0;292956;0;0;0;0
FR;4;2021-06-01;20270;48;1;0;20289;0;0;0;0;313402;466;4;0;313245;0;0;0;0
FR;4;2021-06-02;14521;33;0;0;14534;0;0;0;0;327923;499;4;0;327779;0;0;0;0
FR;4;2021-06-03;19433;24;1;0;19431;0;0;0;0;347356;523;5;0;347210;0;0;0;0
FR;4;2021-06-04;22516;48;0;0;22534;0;0;0;0;369872;571;5;0;369744;0;0;0;0
FR;4;2021-06-05;9714;32;0;0;9717;0;0;0;0;379586;603;5;0;379461;0;0;0;0
FR;4;2021-06-06;1040;1;0;0;1036;0;0;0;0;380626;604;5;0;380497;0;0;0;0
FR;4;2021-06-07;9228;19;0;0;9235;0;0;0;0;389854;623;5;0;389732;0;0;0;0
FR;4;2021-06-08;14612;32;0;0;14622;0;0;0;0;404466;655;5;0;404354;0;0;0;0
FR;4;2021-06-09;12211;25;0;0;12219;0;0;0;0;416677;680;5;0;416573;0;0;0;0
FR;4;2021-06-10;15405;30;0;0;15413;0;0;0;0;432082;710;5;0;431986;0;0;0;0
FR;4;2021-06-11;16987;57;0;0;17014;0;0;0;0;449069;767;5;0;449000;0;0;0;0
FR;4;2021-06-12;7451;27;0;0;7476;0;0;0;0;456520;794;5;0;456476;0;0;0;0
FR;4;2021-06-13;908;3;0;0;910;0;0;0;0;457428;797;5;0;457386;0;0;0;0
FR;4;2021-06-14;6649;27;0;0;6660;0;0;0;0;464077;824;5;0;464046;0;0;0;0
FR;4;2021-06-15;10892;39;0;0;10909;0;0;0;0;474969;863;5;0;474955;0;0;0;0
FR;4;2021-06-16;8909;16;0;0;8917;0;0;0;0;483878;879;5;0;483872;0;0;0;0
FR;4;2021-06-17;10899;37;0;0;10911;0;0;0;0;494777;916;5;0;494783;0;0;0;0
FR;4;2021-06-18;12424;45;0;0;12451;0;0;0;0;507201;961;5;0;507234;0;0;0;0
FR;4;2021-06-19;5567;25;0;0;5587;0;0;0;0;512768;986;5;0;512821;0;0;0;0
FR;4;2021-06-20;824;5;0;0;828;0;0;0;0;513592;991;5;0;513649;0;0;0;0
FR;4;2021-06-21;5101;21;0;0;5101;0;0;0;0;518693;1012;5;0;518750;0;0;0;0
FR;4;2021-06-22;7913;29;2;0;7930;0;0;0;0;526606;1041;7;0;526680;0;0;0;0
FR;4;2021-06-23;7103;42;2;0;7130;0;0;0;0;533709;1083;9;0;533810;0;0;0;0
FR;4;2021-06-24;8654;46;1;0;8686;0;0;0;0;542363;1129;10;0;542496;0;0;0;0
FR;4;2021-06-25;10174;41;2;0;10206;0;0;0;0;552537;1170;12;0;552702;0;0;0;0
FR;4;2021-06-26;4852;21;0;0;4869;0;0;0;0;557389;1191;12;0;557571;0;0;0;0
FR;4;2021-06-27;766;4;0;0;768;0;0;0;0;558155;1195;12;0;558339;0;0;0;0
FR;4;2021-06-28;4833;16;1;0;4841;0;0;0;0;562988;1211;13;0;563180;0;0;0;0
FR;4;2021-06-29;7110;28;2;0;7119;0;0;0;0;570098;1239;15;0;570299;0;0;0;0
FR;4;2021-06-30;6725;40;2;0;6753;0;0;0;0;576823;1279;17;0;577052;0;0;0;0
FR;4;2021-07-01;8209;42;0;0;8231;0;0;0;0;585032;1321;17;0;585283;0;0;0;0
FR;4;2021-07-02;9428;53;1;0;9468;0;0;0;0;594460;1374;18;0;594751;0;0;0;0
FR;4;2021-07-03;4846;20;0;0;4861;0;0;0;0;599306;1394;18;0;599612;0;0;0;0
FR;4;2021-07-04;689;5;0;0;691;0;0;0;0;599995;1399;18;0;600303;0;0;0;0
FR;4;2021-07-05;4771;19;2;0;4782;0;0;0;0;604766;1418;20;0;605085;0;0;0;0
FR;4;2021-07-06;7728;29;4;0;7741;0;0;0;0;612494;1447;24;0;612826;0;0;0;0
FR;4;2021-07-07;7084;34;2;0;7097;0;0;0;0;619578;1481;26;0;619923;0;0;0;0
FR;4;2021-07-08;9231;40;2;0;9254;0;0;0;0;628809;1521;28;0;629177;0;0;0;0
FR;4;2021-07-09;10278;34;1;0;10301;0;0;0;0;639087;1555;29;0;639478;0;0;0;0
FR;4;2021-07-10;4639;14;2;0;4645;0;0;0;0;643726;1569;31;0;644123;0;0;0;0
FR;4;2021-07-11;582;4;1;0;580;0;0;0;0;644308;1573;32;0;644703;0;0;0;0
FR;4;2021-07-12;5875;29;0;0;5897;0;0;0;0;650183;1602;32;0;650600;0;0;0;0
FR;4;2021-07-13;14232;29;0;0;14250;0;0;0;0;664415;1631;32;0;664850;0;0;0;0
FR;4;2021-07-14;2289;15;0;0;2289;0;0;0;0;666704;1646;32;0;667139;0;0;0;0
FR;4;2021-07-15;18238;36;0;0;18255;0;0;0;0;684942;1682;32;0;685394;0;0;0;0
FR;4;2021-07-16;22836;71;2;0;22886;0;0;0;0;707778;1753;34;0;708280;0;0;0;0
FR;4;2021-07-17;9738;20;0;0;9747;0;0;0;0;717516;1773;34;0;718027;0;0;0;0
FR;4;2021-07-18;1358;4;0;0;1360;0;0;0;0;718874;1777;34;0;719387;0;0;0;0
FR;4;2021-07-19;12989;30;1;0;13014;0;0;0;0;731863;1807;35;0;732401;0;0;0;0
FR;4;2021-07-20;17343;26;1;0;17359;0;0;0;0;749206;1833;36;0;749760;0;0;0;0
FR;4;2021-07-21;15617;33;0;0;15637;0;0;0;0;764823;1866;36;0;765397;0;0;0;0
FR;4;2021-07-22;18244;44;2;0;18268;0;0;0;0;783067;1910;38;0;783665;0;0;0;0
FR;4;2021-07-23;20417;57;7;0;20450;0;0;0;0;803484;1967;45;0;804115;0;0;0;0
FR;4;2021-07-24;9289;32;0;0;9303;0;0;0;0;812773;1999;45;0;813418;0;0;0;0
FR;4;2021-07-25;1354;9;0;0;1356;0;0;0;0;814127;2008;45;0;814774;0;0;0;0
FR;4;2021-07-26;11041;23;0;0;11048;0;0;0;0;825168;2031;45;0;825822;0;0;0;0
FR;4;2021-07-27;14684;35;3;0;14704;0;0;0;0;839852;2066;48;0;840526;0;0;0;0
FR;4;2021-07-28;12933;26;2;0;12950;0;0;0;0;852785;2092;50;0;853476;0;0;0;0
FR;4;2021-07-29;14093;54;4;0;14134;0;0;0;0;866878;2146;54;0;867610;0;0;0;0
FR;4;2021-07-30;15500;46;2;0;15531;0;0;0;0;882378;2192;56;0;883141;0;0;0;0
FR;4;2021-07-31;6842;14;2;0;6852;0;0;0;0;889220;2206;58;0;889993;0;0;0;0
FR;4;2021-08-01;906;1;0;0;901;0;0;0;0;890126;2207;58;0;890894;0;0;0;0
FR;4;2021-08-02;7918;31;0;0;7919;0;0;0;0;898044;2238;58;0;898813;0;0;0;0
FR;4;2021-08-03;10799;31;2;0;10795;0;0;0;0;908843;2269;60;0;909608;0;0;0;0
FR;4;2021-08-04;9747;29;0;0;9746;0;0;0;0;918590;2298;60;0;919354;0;0;0;0
FR;4;2021-08-05;9825;42;0;0;9831;0;0;0;0;928415;2340;60;0;929185;0;0;0;0
FR;4;2021-08-06;10200;31;3;0;10197;0;0;0;0;938615;2371;63;0;939382;0;0;0;0
FR;4;2021-08-07;5100;30;1;0;5116;0;0;0;0;943715;2401;64;0;944498;0;0;0;0
FR;4;2021-08-08;1219;13;0;0;1222;0;0;0;0;944934;2414;64;0;945720;0;0;0;0
FR;4;2021-08-09;6349;31;0;0;6342;0;0;0;0;951283;2445;64;0;952062;0;0;0;0
FR;4;2021-08-10;8751;18;0;0;8723;0;0;0;0;960034;2463;64;0;960785;0;0;0;0
FR;4;2021-08-11;7944;34;4;0;7933;0;0;0;0;967978;2497;68;0;968718;0;0;0;0
FR;4;2021-08-12;8585;31;1;0;8573;0;0;0;0;976563;2528;69;0;977291;0;0;0;0
FR;4;2021-08-13;7558;25;0;1;7545;0;0;0;0;984121;2553;69;1;984836;0;0;0;0
FR;4;2021-08-14;3791;20;0;0;3775;0;0;0;0;987912;2573;69;1;988611;0;0;0;0
FR;4;2021-08-15;771;5;0;0;773;0;0;0;0;988683;2578;69;1;989384;0;0;0;0
FR;4;2021-08-16;4008;17;0;0;4002;0;0;0;0;992691;2595;69;1;993386;0;0;0;0
FR;4;2021-08-17;5630;17;1;0;5620;0;0;0;0;998321;2612;70;1;999006;0;0;0;0
FR;4;2021-08-18;5166;37;0;0;5183;0;0;0;0;1003487;2649;70;1;1004189;0;0;0;0
FR;4;2021-08-19;5486;33;3;0;5500;0;0;0;0;1008973;2682;73;1;1009689;0;0;0;0
FR;4;2021-08-20;5224;25;1;0;5234;0;0;0;0;1014197;2707;74;1;1014923;0;0;0;0
FR;4;2021-08-21;2310;21;1;0;2326;0;0;0;0;1016507;2728;75;1;1017249;0;0;0;0
FR;4;2021-08-22;414;2;0;0;415;0;0;0;0;1016921;2730;75;1;1017664;0;0;0;0
FR;4;2021-08-23;2932;20;1;0;2939;0;0;0;0;1019853;2750;76;1;1020603;0;0;0;0
FR;4;2021-08-24;3758;15;0;0;3761;0;0;0;0;1023611;2765;76;1;1024364;0;0;0;0
FR;4;2021-08-25;3542;25;1;0;3558;0;0;0;0;1027153;2790;77;1;1027922;0;0;0;0
FR;4;2021-08-26;3715;21;2;0;3727;0;0;0;0;1030868;2811;79;1;1031649;0;0;0;0
FR;4;2021-08-27;3617;31;2;0;3635;0;0;0;0;1034485;2842;81;1;1035284;0;0;0;0
FR;4;2021-08-28;1726;10;1;0;1731;0;0;0;0;1036211;2852;82;1;1037015;0;0;0;0
FR;4;2021-08-29;385;7;1;0;389;0;0;0;0;1036596;2859;83;1;1037404;0;0;0;0
FR;4;2021-08-30;2009;25;0;0;2018;15;0;0;0;1038605;2884;83;1;1039422;15;0;0;0
FR;4;2021-08-31;2485;21;0;0;2492;14;0;0;0;1041090;2905;83;1;1041914;29;0;0;0
FR;4;2021-09-01;2085;38;1;0;2096;21;0;0;0;1043175;2943;84;1;1044010;50;0;0;0
FR;4;2021-09-02;2306;31;4;0;2319;18;0;0;0;1045481;2974;88;1;1046329;68;0;0;0
FR;4;2021-09-03;2363;44;5;0;2373;36;0;0;0;1047844;3018;93;1;1048702;104;0;0;0
FR;4;2021-09-04;1373;18;0;0;1380;9;0;0;0;1049217;3036;93;1;1050082;113;0;0;0
FR;4;2021-09-05;433;2;0;0;433;2;0;0;0;1049650;3038;93;1;1050515;115;0;0;0
FR;4;2021-09-06;1713;62;0;0;1751;23;0;0;0;1051363;3100;93;1;1052266;138;0;0;0
FR;4;2021-09-07;1679;18;0;0;1688;8;0;0;0;1053042;3118;93;1;1053954;146;0;0;0
FR;4;2021-09-08;1286;26;3;0;1291;19;0;0;0;1054328;3144;96;1;1055245;165;0;0;0
FR;4;2021-09-09;1390;23;2;0;1401;9;0;0;0;1055718;3167;98;1;1056646;174;0;0;0
FR;4;2021-09-10;1521;31;2;0;1525;23;1;0;0;1057239;3198;100;1;1058171;197;1;0;0
FR;4;2021-09-11;745;11;0;0;748;3;0;0;0;1057984;3209;100;1;1058919;200;1;0;0
FR;4;2021-09-12;169;4;0;0;170;3;0;0;0;1058153;3213;100;1;1059089;203;1;0;0
FR;4;2021-09-13;1322;22;1;0;1325;16;0;0;0;1059475;3235;101;1;1060414;219;1;0;0
FR;4;2021-09-14;1503;9;2;0;1506;6;0;0;0;1060978;3244;103;1;1061920;225;1;0;0
FR;4;2021-09-15;1095;28;1;0;1098;25;0;0;0;1062073;3272;104;1;1063018;250;1;0;0
FR;4;2021-09-16;1105;22;2;0;1109;15;0;0;0;1063178;3294;106;1;1064127;265;1;0;0
FR;4;2021-09-17;897;21;1;0;904;12;0;0;0;1064075;3315;107;1;1065031;277;1;0;0
FR;4;2021-09-18;464;6;1;0;465;5;0;0;0;1064539;3321;108;1;1065496;282;1;0;0
FR;4;2021-09-19;182;3;0;0;183;2;0;0;0;1064721;3324;108;1;1065679;284;1;0;0
FR;4;2021-09-20;451;19;0;0;457;13;0;0;0;1065172;3343;108;1;1066136;297;1;0;0
FR;4;2021-09-21;432;11;0;0;434;7;0;0;0;1065604;3354;108;1;1066570;304;1;0;0
FR;4;2021-09-22;374;19;2;0;381;13;0;0;0;1065978;3373;110;1;1066951;317;1;0;0
FR;4;2021-09-23;485;15;1;0;486;14;0;0;0;1066463;3388;111;1;1067437;331;1;0;0
FR;4;2021-09-24;413;13;2;0;417;9;0;0;0;1066876;3401;113;1;1067854;340;1;0;0
FR;4;2021-09-25;280;10;1;0;281;5;0;0;0;1067156;3411;114;1;1068135;345;1;0;0
FR;4;2021-09-26;74;2;0;0;75;1;0;0;0;1067230;3413;114;1;1068210;346;1;0;0
FR;4;2021-09-27;266;10;1;0;267;8;0;0;0;1067496;3423;115;1;1068477;354;1;0;0
FR;4;2021-09-28;318;8;0;0;318;8;0;0;0;1067814;3431;115;1;1068795;362;1;0;0
FR;4;2021-09-29;375;19;1;0;377;13;0;0;0;1068189;3450;116;1;1069172;375;1;0;0
FR;4;2021-09-30;364;41;0;0;378;22;0;0;0;1068553;3491;116;1;1069550;397;1;0;0
FR;4;2021-10-01;411;56;0;0;413;50;0;0;0;1068964;3547;116;1;1069963;447;1;0;0
FR;4;2021-10-02;196;22;1;0;198;13;0;0;0;1069160;3569;117;1;1070161;460;1;0;0
FR;4;2021-10-03;85;1;0;0;86;0;0;0;0;1069245;3570;117;1;1070247;460;1;0;0
FR;4;2021-10-04;361;20;1;0;365;16;0;0;0;1069606;3590;118;1;1070612;476;1;0;0
FR;4;2021-10-05;286;19;2;0;288;15;0;0;0;1069892;3609;120;1;1070900;491;1;0;0
FR;4;2021-10-06;248;23;1;0;253;18;0;0;0;1070140;3632;121;1;1071153;509;1;0;0
FR;4;2021-10-07;267;25;2;0;272;13;0;0;0;1070407;3657;123;1;1071425;522;1;0;0
FR;4;2021-10-08;356;24;2;0;359;20;0;0;0;1070763;3681;125;1;1071784;542;1;0;0
FR;4;2021-10-09;194;6;6;0;195;7;0;0;0;1070957;3687;131;1;1071979;549;1;0;0
FR;4;2021-10-10;97;3;2;0;99;3;0;0;0;1071054;3690;133;1;1072078;552;1;0;0
FR;4;2021-10-11;251;15;1;0;252;14;0;0;0;1071305;3705;134;1;1072330;566;1;0;0
FR;4;2021-10-12;209;14;0;0;209;13;0;0;0;1071514;3719;134;1;1072539;579;1;0;0
FR;4;2021-10-13;221;28;1;0;224;25;0;0;0;1071735;3747;135;1;1072763;604;1;0;0
FR;4;2021-10-14;315;21;4;0;319;15;0;0;0;1072050;3768;139;1;1073082;619;1;0;0
FR;4;2021-10-15;322;24;5;0;323;25;0;0;0;1072372;3792;144;1;1073405;644;1;0;0
FR;4;2021-10-16;166;6;2;0;166;6;0;0;0;1072538;3798;146;1;1073571;650;1;0;0
FR;4;2021-10-17;70;2;0;0;71;1;0;0;0;1072608;3800;146;1;1073642;651;1;0;0
FR;4;2021-10-18;281;16;1;0;283;13;0;0;0;1072889;3816;147;1;1073925;664;1;0;0
FR;4;2021-10-19;215;14;2;0;215;15;0;0;0;1073104;3830;149;1;1074140;679;1;0;0
FR;4;2021-10-20;231;27;4;0;234;15;0;0;0;1073335;3857;153;1;1074374;694;1;0;0
FR;4;2021-10-21;243;17;0;0;245;13;0;0;0;1073578;3874;153;1;1074619;707;1;0;0
FR;4;2021-10-22;217;25;2;0;219;20;1;0;0;1073795;3899;155;1;1074838;727;2;0;0
FR;4;2021-10-23;116;16;1;0;117;15;0;0;0;1073911;3915;156;1;1074955;742;2;0;0
FR;4;2021-10-24;38;4;0;0;38;1;0;0;0;1073949;3919;156;1;1074993;743;2;0;0
FR;4;2021-10-25;217;7;2;0;217;9;0;0;0;1074166;3926;158;1;1075210;752;2;0;0
FR;4;2021-10-26;200;14;0;0;202;12;0;0;0;1074366;3940;158;1;1075412;764;2;0;0
FR;4;2021-10-27;196;12;4;0;196;12;2;0;0;1074562;3952;162;1;1075608;776;4;0;0
FR;4;2021-10-28;184;18;5;0;184;22;0;0;0;1074746;3970;167;1;1075792;798;4;0;0
FR;4;2021-10-29;225;17;2;0;226;15;0;0;0;1074971;3987;169;1;1076018;813;4;0;0
FR;4;2021-10-30;102;2;1;0;103;2;0;0;0;1075073;3989;170;1;1076121;815;4;0;0
FR;4;2021-10-31;59;3;2;0;60;3;0;0;0;1075132;3992;172;1;1076181;818;4;0;0
FR;4;2021-11-01;75;27;4;0;76;24;3;0;0;1075207;4019;176;1;1076257;842;7;0;0
FR;4;2021-11-02;161;21;2;0;162;21;0;0;0;1075368;4040;178;1;1076419;863;7;0;0
FR;4;2021-11-03;130;20;8;1;131;18;6;0;0;1075498;4060;186;2;1076550;881;13;0;0
FR;4;2021-11-04;186;15;1;0;187;12;1;0;0;1075684;4075;187;2;1076737;893;14;0;0
FR;4;2021-11-05;130;17;1;0;131;16;0;0;0;1075814;4092;188;2;1076868;909;14;0;0
FR;4;2021-11-06;80;6;1;0;80;6;0;0;0;1075894;4098;189;2;1076948;915;14;0;0
FR;4;2021-11-07;81;2;2;0;81;4;0;0;0;1075975;4100;191;2;1077029;919;14;0;0
FR;4;2021-11-08;161;20;1;0;162;20;0;0;0;1076136;4120;192;2;1077191;939;14;0;0
FR;4;2021-11-09;158;14;3;0;158;16;0;0;0;1076294;4134;195;2;1077349;955;14;0;0
FR;4;2021-11-10;121;30;6;0;121;32;2;0;0;1076415;4164;201;2;1077470;987;16;0;0
FR;4;2021-11-11;99;10;1;0;99;11;0;0;0;1076514;4174;202;2;1077569;998;16;0;0
FR;4;2021-11-12;106;19;2;0;107;18;1;0;0;1076620;4193;204;2;1077676;1016;17;0;0
FR;4;2021-11-13;74;15;2;0;75;14;0;0;0;1076694;4208;206;2;1077751;1030;17;0;0
FR;4;2021-11-14;55;5;4;0;56;8;0;0;0;1076749;4213;210;2;1077807;1038;17;0;0
FR;4;2021-11-15;99;26;2;0;101;24;2;0;0;1076848;4239;212;2;1077908;1062;19;0;0
FR;4;2021-11-16;107;13;3;0;107;16;0;0;0;1076955;4252;215;2;1078015;1078;19;0;0
FR;4;2021-11-17;120;30;4;0;120;30;1;0;0;1077075;4282;219;2;1078135;1108;20;0;0
FR;4;2021-11-18;101;34;14;0;103;43;1;0;0;1077176;4316;233;2;1078238;1151;21;0;0
FR;4;2021-11-19;87;21;3;0;87;22;1;0;0;1077263;4337;236;2;1078325;1173;22;0;0
FR;4;2021-11-20;77;8;1;0;77;8;0;0;0;1077340;4345;237;2;1078402;1181;22;0;0
FR;4;2021-11-21;68;7;2;0;68;9;0;0;0;1077408;4352;239;2;1078470;1190;22;0;0
FR;4;2021-11-22;107;28;9;0;108;33;2;0;0;1077515;4380;248;2;1078578;1223;24;0;0
FR;4;2021-11-23;77;31;6;0;78;29;2;0;0;1077592;4411;254;2;1078656;1252;26;0;0
FR;4;2021-11-24;89;23;11;0;91;24;4;0;0;1077681;4434;265;2;1078747;1276;30;0;0
FR;4;2021-11-25;93;28;17;0;94;33;5;0;0;1077774;4462;282;2;1078841;1309;35;0;0
FR;4;2021-11-26;85;43;12;0;89;45;3;0;0;1077859;4505;294;2;1078930;1354;38;0;0
FR;4;2021-11-27;41;22;15;0;41;25;10;0;0;1077900;4527;309;2;1078971;1379;48;0;0
FR;4;2021-11-28;50;8;0;0;51;7;0;0;0;1077950;4535;309;2;1079022;1386;48;0;0
FR;4;2021-11-29;90;31;16;0;90;40;2;0;0;1078040;4566;325;2;1079112;1426;50;0;0
FR;4;2021-11-30;75;37;12;0;75;41;2;0;0;1078115;4603;337;2;1079187;1467;52;0;0
FR;4;2021-12-01;88;60;19;0;88;67;11;0;0;1078203;4663;356;2;1079275;1534;63;0;0
FR;4;2021-12-02;109;48;21;0;113;56;3;0;0;1078312;4711;377;2;1079388;1590;66;0;0
FR;4;2021-12-03;101;36;15;0;101;44;4;0;0;1078413;4747;392;2;1079489;1634;70;0;0
FR;4;2021-12-04;72;31;18;0;74;44;1;0;0;1078485;4778;410;2;1079563;1678;71;0;0
FR;4;2021-12-05;62;7;1;0;63;7;0;0;0;1078547;4785;411;2;1079626;1685;71;0;0
FR;4;2021-12-06;109;46;19;0;109;59;3;0;0;1078656;4831;430;2;1079735;1744;74;0;0
FR;4;2021-12-07;82;37;9;0;85;36;3;0;0;1078738;4868;439;2;1079820;1780;77;0;0
FR;4;2021-12-08;70;31;17;0;72;38;7;0;0;1078808;4899;456;2;1079892;1818;84;0;0
FR;4;2021-12-09;64;32;10;1;64;39;3;0;0;1078872;4931;466;3;1079956;1857;87;0;0
FR;4;2021-12-10;63;64;20;0;64;68;10;0;0;1078935;4995;486;3;1080020;1925;97;0;0
FR;4;2021-12-11;28;34;7;0;28;34;3;0;0;1078963;5029;493;3;1080048;1959;100;0;0
FR;4;2021-12-12;27;11;3;0;27;14;0;0;0;1078990;5040;496;3;1080075;1973;100;0;0
FR;4;2021-12-13;73;40;14;0;75;49;2;0;0;1079063;5080;510;3;1080150;2022;102;0;0
FR;4;2021-12-14;61;43;17;0;62;54;2;0;0;1079124;5123;527;3;1080212;2076;104;0;0
FR;4;2021-12-15;68;64;28;0;68;84;6;0;0;1079192;5187;555;3;1080280;2160;110;0;0
FR;4;2021-12-16;34;45;19;0;35;58;4;0;0;1079226;5232;574;3;1080315;2218;114;0;0
FR;4;2021-12-17;39;55;12;0;39;60;6;0;0;1079265;5287;586;3;1080354;2278;120;0;0
FR;4;2021-12-18;49;30;2;0;50;31;0;0;0;1079314;5317;588;3;1080404;2309;120;0;0
FR;4;2021-12-19;16;4;1;0;17;4;0;0;0;1079330;5321;589;3;1080421;2313;120;0;0
FR;4;2021-12-20;43;38;10;0;44;41;6;0;0;1079373;5359;599;3;1080465;2354;126;0;0
FR;4;2021-12-21;30;32;16;0;32;38;5;0;0;1079403;5391;615;3;1080497;2392;131;0;0
FR;4;2021-12-22;37;37;10;0;37;38;7;0;0;1079440;5428;625;3;1080534;2430;138;0;0
FR;4;2021-12-23;39;45;8;0;39;49;2;0;0;1079479;5473;633;3;1080573;2479;140;0;0
FR;4;2021-12-24;23;27;10;0;24;31;4;0;0;1079502;5500;643;3;1080597;2510;144;0;0
FR;4;2021-12-25;7;3;3;0;7;4;2;0;0;1079509;5503;646;3;1080604;2514;146;0;0
FR;4;2021-12-26;5;3;1;0;6;2;0;0;0;1079514;5506;647;3;1080610;2516;146;0;0
FR;4;2021-12-27;31;41;9;0;32;43;4;0;0;1079545;5547;656;3;1080642;2559;150;0;0
FR;4;2021-12-28;26;28;7;0;28;29;4;0;0;1079571;5575;663;3;1080670;2588;154;0;0
FR;4;2021-12-29;53;25;11;0;54;30;5;0;0;1079624;5600;674;3;1080724;2618;159;0;0
FR;4;2021-12-30;46;19;12;0;49;22;5;0;0;1079670;5619;686;3;1080773;2640;164;0;0
FR;4;2021-12-31;19;6;8;0;20;11;2;0;0;1079689;5625;694;3;1080793;2651;166;0;0
FR;4;2022-01-01;5;4;4;0;5;6;1;0;0;1079694;5629;698;3;1080798;2657;167;0;0
FR;4;2022-01-02;40;5;16;0;40;20;1;0;0;1079734;5634;714;3;1080838;2677;168;0;0
FR;4;2022-01-03;43;55;22;1;45;62;10;0;0;1079777;5689;736;4;1080883;2739;178;0;0
FR;4;2022-01-04;37;28;15;0;38;33;7;0;0;1079814;5717;751;4;1080921;2772;185;0;0
FR;4;2022-01-05;51;22;19;0;57;25;9;0;0;1079865;5739;770;4;1080978;2797;194;0;0
FR;4;2022-01-06;49;22;24;0;49;38;8;0;0;1079914;5761;794;4;1081027;2835;202;0;0
FR;4;2022-01-07;30;20;15;0;32;20;12;0;0;1079944;5781;809;4;1081059;2855;214;0;0
FR;4;2022-01-08;12;6;10;0;13;12;3;0;0;1079956;5787;819;4;1081072;2867;217;0;0
FR;4;2022-01-09;19;2;3;0;20;4;0;0;0;1079975;5789;822;4;1081092;2871;217;0;0
FR;4;2022-01-10;49;22;19;0;49;36;4;0;0;1080024;5811;841;4;1081141;2907;221;0;0
FR;4;2022-01-11;29;31;12;0;33;35;1;0;0;1080053;5842;853;4;1081174;2942;222;0;0
FR;4;2022-01-12;33;21;13;0;35;23;9;0;0;1080086;5863;866;4;1081209;2965;231;0;0
FR;4;2022-01-13;53;20;27;0;54;38;8;0;0;1080139;5883;893;4;1081263;3003;239;0;0
FR;4;2022-01-14;24;29;13;0;25;32;7;0;0;1080163;5912;906;4;1081288;3035;246;0;0
FR;4;2022-01-15;13;6;8;0;14;12;1;0;0;1080176;5918;914;4;1081302;3047;247;0;0
FR;4;2022-01-16;12;9;14;0;12;22;1;0;0;1080188;5927;928;4;1081314;3069;248;0;0
FR;4;2022-01-17;27;19;12;0;27;25;5;0;0;1080215;5946;940;4;1081341;3094;253;0;0
FR;4;2022-01-18;17;13;9;0;17;19;3;0;0;1080232;5959;949;4;1081358;3113;256;0;0
FR;4;2022-01-19;31;23;13;0;31;34;1;0;0;1080263;5982;962;4;1081389;3147;257;0;0
FR;4;2022-01-20;33;34;13;0;35;39;5;0;0;1080296;6016;975;4;1081424;3186;262;0;0
FR;4;2022-01-21;11;12;20;1;11;17;15;0;1;1080307;6028;995;5;1081435;3203;277;0;1
FR;4;2022-01-22;30;13;3;0;30;14;2;0;0;1080337;6041;998;5;1081465;3217;279;0;1
FR;4;2022-01-23;8;2;5;0;8;7;0;0;0;1080345;6043;1003;5;1081473;3224;279;0;1
FR;4;2022-01-24;14;21;8;0;15;27;1;0;0;1080359;6064;1011;5;1081488;3251;280;0;1
FR;4;2022-01-25;22;32;10;1;23;38;3;0;0;1080381;6096;1021;6;1081511;3289;283;0;1
FR;4;2022-01-26;19;16;9;1;20;21;3;0;0;1080400;6112;1030;7;1081531;3310;286;0;1
FR;4;2022-01-27;21;18;8;0;22;24;1;0;0;1080421;6130;1038;7;1081553;3334;287;0;1
FR;4;2022-01-28;13;23;8;0;14;26;4;0;0;1080434;6153;1046;7;1081567;3360;291;0;1
FR;4;2022-01-29;17;6;5;0;17;10;0;0;0;1080451;6159;1051;7;1081584;3370;291;0;1
FR;4;2022-01-30;18;3;1;0;18;4;0;0;0;1080469;6162;1052;7;1081602;3374;291;0;1
FR;4;2022-01-31;22;27;8;0;22;31;2;0;0;1080491;6189;1060;7;1081624;3405;293;0;1
FR;4;2022-02-01;13;22;12;0;14;23;9;0;0;1080504;6211;1072;7;1081638;3428;302;0;1
FR;4;2022-02-02;18;11;13;2;18;19;7;0;0;1080522;6222;1085;9;1081656;3447;309;0;1
FR;4;2022-02-03;15;24;10;0;17;28;4;0;0;1080537;6246;1095;9;1081673;3475;313;0;1
FR;4;2022-02-04;7;5;7;0;7;9;3;0;0;1080544;6251;1102;9;1081680;3484;316;0;1
FR;4;2022-02-05;7;14;1;0;8;13;1;0;0;1080551;6265;1103;9;1081688;3497;317;0;1
FR;4;2022-02-06;7;4;4;0;7;7;1;0;0;1080558;6269;1107;9;1081695;3504;318;0;1
FR;4;2022-02-07;15;19;8;0;17;19;6;0;0;1080573;6288;1115;9;1081712;3523;324;0;1
FR;4;2022-02-08;19;21;13;1;21;22;10;0;0;1080592;6309;1128;10;1081733;3545;334;0;1
FR;4;2022-02-09;17;11;9;0;18;16;2;0;0;1080609;6320;1137;10;1081751;3561;336;0;1
FR;4;2022-02-10;22;23;10;0;23;25;7;0;0;1080631;6343;1147;10;1081774;3586;343;0;1
FR;4;2022-02-11;18;15;8;0;18;20;3;0;0;1080649;6358;1155;10;1081792;3606;346;0;1
FR;4;2022-02-12;24;6;2;0;26;6;0;0;0;1080673;6364;1157;10;1081818;3612;346;0;1
FR;4;2022-02-13;7;3;3;0;7;6;0;0;0;1080680;6367;1160;10;1081825;3618;346;0;1
FR;4;2022-02-14;20;10;10;0;20;16;4;0;0;1080700;6377;1170;10;1081845;3634;350;0;1
FR;4;2022-02-15;18;7;1;0;18;7;0;0;0;1080718;6384;1171;10;1081863;3641;350;0;1
FR;4;2022-02-16;16;10;11;0;16;17;3;0;0;1080734;6394;1182;10;1081879;3658;353;0;1
FR;4;2022-02-17;11;4;4;0;11;6;2;0;0;1080745;6398;1186;10;1081890;3664;355;0;1
FR;4;2022-02-18;16;15;8;0;16;21;2;0;0;1080761;6413;1194;10;1081906;3685;357;0;1
FR;4;2022-02-19;16;4;2;0;17;5;0;0;0;1080777;6417;1196;10;1081923;3690;357;0;1
FR;4;2022-02-20;8;3;0;0;9;2;0;0;0;1080785;6420;1196;10;1081932;3692;357;0;1
FR;4;2022-02-21;23;4;4;0;23;6;2;0;0;1080808;6424;1200;10;1081955;3698;359;0;1
FR;4;2022-02-22;8;5;10;0;9;10;4;0;0;1080816;6429;1210;10;1081964;3708;363;0;1
FR;4;2022-02-23;17;6;10;0;17;10;5;0;0;1080833;6435;1220;10;1081981;3718;368;0;1
FR;4;2022-02-24;11;5;3;0;11;6;2;0;0;1080844;6440;1223;10;1081992;3724;370;0;1
FR;4;2022-02-25;15;5;7;0;15;6;6;0;0;1080859;6445;1230;10;1082007;3730;376;0;1
FR;4;2022-02-26;27;3;0;0;27;3;0;0;0;1080886;6448;1230;10;1082034;3733;376;0;1
FR;4;2022-02-27;9;0;1;0;9;1;0;0;0;1080895;6448;1231;10;1082043;3734;376;0;1
FR;4;2022-02-28;18;3;2;0;19;3;1;0;0;1080913;6451;1233;10;1082062;3737;377;0;1
FR;4;2022-03-01;8;4;7;0;8;5;5;0;0;1080921;6455;1240;10;1082070;3742;382;0;1
FR;4;2022-03-02;15;2;4;0;15;5;1;0;0;1080936;6457;1244;10;1082085;3747;383;0;1
FR;4;2022-03-03;17;5;3;0;17;6;1;0;0;1080953;6462;1247;10;1082102;3753;384;0;1
FR;4;2022-03-04;7;7;2;1;7;5;3;0;0;1080960;6469;1249;11;1082109;3758;387;0;1
FR;4;2022-03-05;9;2;0;0;9;2;0;0;0;1080969;6471;1249;11;1082118;3760;387;0;1
FR;4;2022-03-06;4;0;1;0;4;1;0;0;0;1080973;6471;1250;11;1082122;3761;387;0;1
FR;4;2022-03-07;10;4;2;0;10;3;2;0;0;1080983;6475;1252;11;1082132;3764;389;0;1
FR;4;2022-03-08;14;3;0;0;14;3;0;0;0;1080997;6478;1252;11;1082146;3767;389;0;1
FR;4;2022-03-09;8;7;2;0;10;7;0;0;0;1081005;6485;1254;11;1082156;3774;389;0;1
FR;4;2022-03-10;5;1;6;0;5;3;4;0;0;1081010;6486;1260;11;1082161;3777;393;0;1
FR;4;2022-03-11;10;4;5;0;12;2;5;0;0;1081020;6490;1265;11;1082173;3779;398;0;1
FR;4;2022-03-12;10;2;0;0;11;0;0;0;0;1081030;6492;1265;11;1082184;3779;398;0;1
FR;4;2022-03-13;6;2;1;0;7;2;0;0;0;1081036;6494;1266;11;1082191;3781;398;0;1
FR;4;2022-03-14;4;3;1;0;5;3;0;0;0;1081040;6497;1267;11;1082196;3784;398;0;1
FR;4;2022-03-15;7;6;3;0;9;5;2;0;0;1081047;6503;1270;11;1082205;3789;400;0;1
FR;4;2022-03-16;7;3;3;0;7;3;3;0;0;1081054;6506;1273;11;1082212;3792;403;0;1
FR;4;2022-03-17;3;4;1;0;3;5;0;0;0;1081057;6510;1274;11;1082215;3797;403;0;1
FR;4;2022-03-18;9;3;0;0;9;3;0;0;0;1081066;6513;1274;11;1082224;3800;403;0;1
FR;4;2022-03-19;1;1;1;0;1;2;0;0;0;1081067;6514;1275;11;1082225;3802;403;0;1
FR;4;2022-03-20;2;0;2;0;2;1;1;0;0;1081069;6514;1277;11;1082227;3803;404;0;1
FR;4;2022-03-21;6;3;1;0;6;4;0;0;0;1081075;6517;1278;11;1082233;3807;404;0;1
FR;4;2022-03-22;4;2;2;0;4;3;1;0;0;1081079;6519;1280;11;1082237;3810;405;0;1
FR;4;2022-03-23;6;4;5;0;6;8;1;0;0;1081085;6523;1285;11;1082243;3818;406;0;1
FR;4;2022-03-24;2;5;3;1;2;7;2;0;0;1081087;6528;1288;12;1082245;3825;408;0;1
FR;4;2022-03-25;3;1;2;0;3;1;2;0;0;1081090;6529;1290;12;1082248;3826;410;0;1
FR;4;2022-03-26;5;5;0;0;5;5;0;0;0;1081095;6534;1290;12;1082253;3831;410;0;1
FR;4;2022-03-27;1;0;3;0;1;2;1;0;0;1081096;6534;1293;12;1082254;3833;411;0;1
FR;4;2022-03-28;6;1;3;0;7;3;0;0;0;1081102;6535;1296;12;1082261;3836;411;0;1
FR;4;2022-03-29;9;0;4;1;9;0;2;0;0;1081111;6535;1300;13;1082270;3836;413;0;1
FR;4;2022-03-30;3;4;0;0;3;4;0;0;0;1081114;6539;1300;13;1082273;3840;413;0;1
FR;4;2022-03-31;3;3;2;1;3;4;1;0;0;1081117;6542;1302;14;1082276;3844;414;0;1
FR;4;2022-04-01;14;3;5;0;14;6;2;0;0;1081131;6545;1307;14;1082290;3850;416;0;1
FR;4;2022-04-02;4;4;0;0;5;3;0;0;0;1081135;6549;1307;14;1082295;3853;416;0;1
FR;4;2022-04-03;0;1;0;0;0;1;0;0;0;1081135;6550;1307;14;1082295;3854;416;0;1
FR;4;2022-04-04;4;4;4;0;5;5;2;0;0;1081139;6554;1311;14;1082300;3859;418;0;1
FR;4;2022-04-05;4;3;2;1;5;3;2;0;0;1081143;6557;1313;15;1082305;3862;420;0;1
FR;4;2022-04-06;6;0;0;0;6;0;0;0;0;1081149;6557;1313;15;1082311;3862;420;0;1
FR;4;2022-04-07;3;2;3;2;3;5;0;0;0;1081152;6559;1316;17;1082314;3867;420;0;1
FR;4;2022-04-08;4;2;1;0;4;2;1;0;0;1081156;6561;1317;17;1082318;3869;421;0;1
FR;4;2022-04-09;0;0;1;1;0;1;1;0;0;1081156;6561;1318;18;1082318;3870;422;0;1
FR;4;2022-04-10;2;2;0;0;2;2;0;0;0;1081158;6563;1318;18;1082320;3872;422;0;1
FR;4;2022-04-11;4;3;4;0;4;5;2;0;0;1081162;6566;1322;18;1082324;3877;424;0;1
FR;4;2022-04-12;5;1;4;0;5;2;3;0;0;1081167;6567;1326;18;1082329;3879;427;0;1
FR;4;2022-04-13;5;8;2;0;5;10;0;0;0;1081172;6575;1328;18;1082334;3889;427;0;1
FR;4;2022-04-14;6;4;2;1;7;5;1;0;0;1081178;6579;1330;19;1082341;3894;428;0;1
FR;4;2022-04-15;6;10;1;0;6;11;0;0;0;1081184;6589;1331;19;1082347;3905;428;0;1
FR;4;2022-04-16;1;0;0;0;1;0;0;0;0;1081185;6589;1331;19;1082348;3905;428;0;1
FR;4;2022-04-17;3;2;1;0;3;3;0;0;0;1081188;6591;1332;19;1082351;3908;428;0;1
FR;4;2022-04-18;2;2;6;0;2;4;4;0;0;1081190;6593;1338;19;1082353;3912;432;0;1
FR;4;2022-04-19;2;0;1;0;2;0;1;0;0;1081192;6593;1339;19;1082355;3912;433;0;1
FR;4;2022-04-20;14;4;1;1;15;3;1;0;0;1081206;6597;1340;20;1082370;3915;434;0;1
FR;4;2022-04-21;7;1;0;0;7;1;0;0;0;1081213;6598;1340;20;1082377;3916;434;0;1
FR;4;2022-04-22;1;1;2;0;1;2;1;0;0;1081214;6599;1342;20;1082378;3918;435;0;1
FR;4;2022-04-23;2;3;3;0;2;6;0;0;0;1081216;6602;1345;20;1082380;3924;435;0;1
FR;4;2022-04-24;0;3;0;0;0;3;0;0;0;1081216;6605;1345;20;1082380;3927;435;0;1
FR;4;2022-04-25;3;5;3;0;3;8;0;0;0;1081219;6610;1348;20;1082383;3935;435;0;1
FR;4;2022-04-26;5;6;1;0;5;6;1;0;0;1081224;6616;1349;20;1082388;3941;436;0;1
FR;4;2022-04-27;4;1;1;1;5;1;1;0;0;1081228;6617;1350;21;1082393;3942;437;0;1
FR;4;2022-04-28;3;5;5;1;3;7;4;0;0;1081231;6622;1355;22;1082396;3949;441;0;1
FR;4;2022-04-29;6;3;0;0;6;2;0;0;0;1081237;6625;1355;22;1082402;3951;441;0;1
FR;4;2022-04-30;2;1;1;0;2;2;0;0;0;1081239;6626;1356;22;1082404;3953;441;0;1
FR;4;2022-05-01;0;0;0;0;0;0;0;0;0;1081239;6626;1356;22;1082404;3953;441;0;1
FR;4;2022-05-02;5;16;6;0;5;19;3;0;0;1081244;6642;1362;22;1082409;3972;444;0;1
FR;4;2022-05-03;2;6;2;0;2;7;1;0;0;1081246;6648;1364;22;1082411;3979;445;0;1
FR;4;2022-05-04;7;4;1;0;7;4;1;0;0;1081253;6652;1365;22;1082418;3983;446;0;1
FR;4;2022-05-05;2;2;1;1;3;1;2;0;0;1081255;6654;1366;23;1082421;3984;448;0;1
FR;4;2022-05-06;5;3;1;0;6;2;1;0;0;1081260;6657;1367;23;1082427;3986;449;0;1
FR;4;2022-05-07;0;0;0;0;0;0;0;0;0;1081260;6657;1367;23;1082427;3986;449;0;1
FR;4;2022-05-08;1;1;0;0;1;1;0;0;0;1081261;6658;1367;23;1082428;3987;449;0;1
FR;4;2022-05-09;5;1;0;0;5;1;0;0;0;1081266;6659;1367;23;1082433;3988;449;0;1
FR;4;2022-05-10;3;1;0;2;3;3;0;0;0;1081269;6660;1367;25;1082436;3991;449;0;1
FR;4;2022-05-11;3;2;4;0;3;5;1;0;0;1081272;6662;1371;25;1082439;3996;450;0;1
FR;4;2022-05-12;7;4;2;1;7;5;1;0;1;1081279;6666;1373;26;1082446;4001;451;0;2
FR;4;2022-05-13;1;0;2;0;1;2;0;0;0;1081280;6666;1375;26;1082447;4003;451;0;2
FR;4;2022-05-14;0;2;0;0;0;2;0;0;0;1081280;6668;1375;26;1082447;4005;451;0;2
FR;4;2022-05-15;2;2;0;0;4;0;0;0;0;1081282;6670;1375;26;1082451;4005;451;0;2
FR;4;2022-05-16;5;2;2;0;5;2;2;0;0;1081287;6672;1377;26;1082456;4007;453;0;2
FR;4;2022-05-17;5;1;2;0;5;3;0;0;0;1081292;6673;1379;26;1082461;4010;453;0;2
FR;4;2022-05-18;3;6;0;0;3;6;0;0;0;1081295;6679;1379;26;1082464;4016;453;0;2
FR;4;2022-05-19;2;3;3;0;2;5;1;0;0;1081297;6682;1382;26;1082466;4021;454;0;2
FR;4;2022-05-20;4;2;3;0;4;2;3;0;0;1081301;6684;1385;26;1082470;4023;457;0;2
FR;4;2022-05-21;2;0;1;0;2;1;0;0;0;1081303;6684;1386;26;1082472;4024;457;0;2
FR;4;2022-05-22;0;0;1;0;0;1;0;0;0;1081303;6684;1387;26;1082472;4025;457;0;2
FR;4;2022-05-23;0;0;2;0;0;0;2;0;0;1081303;6684;1389;26;1082472;4025;459;0;2
FR;4;2022-05-24;2;4;1;0;2;5;0;0;0;1081305;6688;1390;26;1082474;4030;459;0;2
FR;4;2022-05-25;1;3;1;0;3;2;0;0;0;1081306;6691;1391;26;1082477;4032;459;0;2
FR;4;2022-05-26;5;0;1;0;5;1;0;0;0;1081311;6691;1392;26;1082482;4033;459;0;2
FR;4;2022-05-27;0;2;1;1;0;3;1;0;0;1081311;6693;1393;27;1082482;4036;460;0;2
FR;4;2022-05-28;1;0;0;0;1;0;0;0;0;1081312;6693;1393;27;1082483;4036;460;0;2
FR;4;2022-05-29;1;0;1;0;1;1;0;0;0;1081313;6693;1394;27;1082484;4037;460;0;2
FR;4;2022-05-30;3;4;2;0;3;5;1;0;0;1081316;6697;1396;27;1082487;4042;461;0;2
FR;4;2022-05-31;2;1;0;0;2;1;0;0;0;1081318;6698;1396;27;1082489;4043;461;0;2
FR;4;2022-06-01;3;11;7;0;3;15;3;0;0;1081321;6709;1403;27;1082492;4058;464;0;2
FR;4;2022-06-02;5;6;3;0;5;7;2;0;0;1081326;6715;1406;27;1082497;4065;466;0;2
FR;4;2022-06-03;2;6;4;1;2;7;4;0;0;1081328;6721;1410;28;1082499;4072;470;0;2
FR;4;2022-06-04;0;1;1;0;0;1;1;0;0;1081328;6722;1411;28;1082499;4073;471;0;2
FR;4;2022-06-05;0;0;0;0;0;0;0;0;0;1081328;6722;1411;28;1082499;4073;471;0;2
FR;4;2022-06-06;7;0;3;0;7;2;1;0;0;1081335;6722;1414;28;1082506;4075;472;0;2
FR;4;2022-06-07;5;2;0;1;5;2;1;0;0;1081340;6724;1414;29;1082511;4077;473;0;2
FR;4;2022-06-08;0;4;3;0;0;7;0;0;0;1081340;6728;1417;29;1082511;4084;473;0;2
FR;4;2022-06-09;1;2;0;0;2;1;0;0;0;1081341;6730;1417;29;1082513;4085;473;0;2
FR;4;2022-06-10;3;0;3;0;3;1;2;0;0;1081344;6730;1420;29;1082516;4086;475;0;2
FR;4;2022-06-11;1;0;0;0;1;0;0;0;0;1081345;6730;1420;29;1082517;4086;475;0;2
FR;4;2022-06-12;4;0;0;0;4;0;0;0;0;1081349;6730;1420;29;1082521;4086;475;0;2
FR;4;2022-06-13;5;2;3;0;6;2;1;0;0;1081354;6732;1423;29;1082527;4088;476;0;2
FR;4;2022-06-14;4;3;0;0;5;2;0;0;0;1081358;6735;1423;29;1082532;4090;476;0;2
FR;4;2022-06-15;8;3;4;0;8;3;4;0;0;1081366;6738;1427;29;1082540;4093;480;0;2
FR;4;2022-06-16;2;3;1;1;3;2;1;0;1;1081368;6741;1428;30;1082543;4095;481;0;3
FR;4;2022-06-17;6;1;0;0;6;1;0;0;0;1081374;6742;1428;30;1082549;4096;481;0;3
FR;4;2022-06-18;0;0;0;0;0;0;0;0;0;1081374;6742;1428;30;1082549;4096;481;0;3
FR;4;2022-06-19;3;0;0;0;3;0;0;0;0;1081377;6742;1428;30;1082552;4096;481;0;3
FR;4;2022-06-20;4;2;2;1;4;3;2;0;0;1081381;6744;1430;31;1082556;4099;483;0;3
FR;4;2022-06-21;5;2;3;1;6;3;2;0;0;1081386;6746;1433;32;1082562;4102;485;0;3
FR;4;2022-06-22;3;2;0;3;4;1;1;0;0;1081389;6748;1433;35;1082566;4103;486;0;3
FR;4;2022-06-23;3;3;3;0;3;5;1;0;0;1081392;6751;1436;35;1082569;4108;487;0;3
FR;4;2022-06-24;3;0;2;0;3;0;2;0;0;1081395;6751;1438;35;1082572;4108;489;0;3
FR;4;2022-06-25;1;0;1;1;1;1;1;0;0;1081396;6751;1439;36;1082573;4109;490;0;3
FR;4;2022-06-26;0;0;1;0;0;1;0;0;0;1081396;6751;1440;36;1082573;4110;490;0;3
FR;4;2022-06-27;2;2;0;3;2;2;3;0;0;1081398;6753;1440;39;1082575;4112;493;0;3
FR;4;2022-06-28;0;4;2;1;0;5;2;0;0;1081398;6757;1442;40;1082575;4117;495;0;3
FR;4;2022-06-29;1;2;0;0;1;2;0;0;0;1081399;6759;1442;40;1082576;4119;495;0;3
FR;4;2022-06-30;2;0;0;0;2;0;0;0;0;1081401;6759;1442;40;1082578;4119;495;0;3
FR;4;2022-07-01;2;4;8;0;2;4;8;0;0;1081403;6763;1450;40;1082580;4123;503;0;3
FR;4;2022-07-02;0;1;0;0;1;0;0;0;0;1081403;6764;1450;40;1082581;4123;503;0;3
FR;4;2022-07-03;0;0;0;0;0;0;0;0;0;1081403;6764;1450;40;1082581;4123;503;0;3
FR;4;2022-07-04;3;1;0;0;3;1;0;0;0;1081406;6765;1450;40;1082584;4124;503;0;3
FR;4;2022-07-05;2;0;2;0;2;2;0;0;0;1081408;6765;1452;40;1082586;4126;503;0;3
FR;4;2022-07-06;5;0;1;1;5;0;1;0;1;1081413;6765;1453;41;1082591;4126;504;0;4
FR;4;2022-07-07;1;0;2;1;1;0;3;0;0;1081414;6765;1455;42;1082592;4126;507;0;4
FR;4;2022-07-08;3;1;0;0;3;1;0;0;0;1081417;6766;1455;42;1082595;4127;507;0;4
FR;4;2022-07-09;2;2;1;0;2;3;0;0;0;1081419;6768;1456;42;1082597;4130;507;0;4
FR;4;2022-07-10;2;0;1;0;2;0;0;0;0;1081421;6768;1457;42;1082599;4130;507;0;4
FR;4;2022-07-11;2;0;2;0;2;0;1;0;0;1081423;6768;1459;42;1082601;4130;508;0;4
FR;4;2022-07-12;0;0;2;0;0;2;0;0;0;1081423;6768;1461;42;1082601;4132;508;0;4
FR;4;2022-07-13;2;2;3;0;2;2;3;0;0;1081425;6770;1464;42;1082603;4134;511;0;4
FR;4;2022-07-14;4;0;1;0;4;0;1;0;0;1081429;6770;1465;42;1082607;4134;512;0;4
FR;4;2022-07-15;11;2;0;0;11;2;0;0;0;1081440;6772;1465;42;1082618;4136;512;0;4
FR;4;2022-07-16;4;0;0;2;4;0;2;0;0;1081444;6772;1465;44;1082622;4136;514;0;4
FR;4;2022-07-17;1;0;1;0;1;0;1;0;0;1081445;6772;1466;44;1082623;4136;515;0;4
FR;4;2022-07-18;3;2;2;0;3;2;2;0;0;1081448;6774;1468;44;1082626;4138;517;0;4
FR;4;2022-07-19;4;0;1;0;4;1;0;0;0;1081452;6774;1469;44;1082630;4139;517;0;4
FR;4;2022-07-20;10;0;1;0;10;1;0;0;0;1081462;6774;1470;44;1082640;4140;517;0;4
FR;4;2022-07-21;2;1;1;0;2;1;1;0;0;1081464;6775;1471;44;1082642;4141;518;0;4
FR;4;2022-07-22;4;0;3;0;4;1;2;0;0;1081468;6775;1474;44;1082646;4142;520;0;4
FR;4;2022-07-23;1;2;0;0;1;1;0;0;0;1081469;6777;1474;44;1082647;4143;520;0;4
FR;4;2022-07-24;0;0;0;0;0;0;0;0;0;1081469;6777;1474;44;1082647;4143;520;0;4
FR;4;2022-07-25;5;0;2;0;5;2;0;0;0;1081474;6777;1476;44;1082652;4145;520;0;4
FR;4;2022-07-26;2;0;0;0;2;0;0;0;0;1081476;6777;1476;44;1082654;4145;520;0;4
FR;4;2022-07-27;2;1;0;0;2;0;0;0;0;1081478;6778;1476;44;1082656;4145;520;0;4
FR;4;2022-07-28;11;0;0;0;11;0;0;0;0;1081489;6778;1476;44;1082667;4145;520;0;4
FR;4;2022-07-29;3;0;1;0;3;0;1;0;0;1081492;6778;1477;44;1082670;4145;521;0;4
FR;4;2022-07-30;4;0;2;0;4;0;2;0;0;1081496;6778;1479;44;1082674;4145;523;0;4
FR;4;2022-07-31;0;0;0;0;0;0;0;0;0;1081496;6778;1479;44;1082674;4145;523;0;4
FR;4;2022-08-01;1;0;2;0;1;1;1;0;0;1081497;6778;1481;44;1082675;4146;524;0;4
FR;4;2022-08-02;6;0;0;0;6;0;0;0;0;1081503;6778;1481;44;1082681;4146;524;0;4
FR;4;2022-08-03;0;2;1;0;0;2;1;0;0;1081503;6780;1482;44;1082681;4148;525;0;4
FR;4;2022-08-04;3;2;0;1;3;2;1;0;0;1081506;6782;1482;45;1082684;4150;526;0;4
FR;4;2022-08-05;2;0;1;0;2;0;1;0;0;1081508;6782;1483;45;1082686;4150;527;0;4
FR;4;2022-08-06;2;0;0;0;2;0;0;0;0;1081510;6782;1483;45;1082688;4150;527;0;4
FR;4;2022-08-07;4;0;0;0;4;0;0;0;0;1081514;6782;1483;45;1082692;4150;527;0;4
FR;4;2022-08-08;1;0;1;1;1;1;1;0;0;1081515;6782;1484;46;1082693;4151;528;0;4
FR;4;2022-08-09;1;1;1;2;1;2;2;0;0;1081516;6783;1485;48;1082694;4153;530;0;4
FR;4;2022-08-10;5;1;1;0;6;1;0;0;0;1081521;6784;1486;48;1082700;4154;530;0;4
FR;4;2022-08-11;2;0;1;0;2;1;0;0;0;1081523;6784;1487;48;1082702;4155;530;0;4
FR;4;2022-08-12;4;0;1;0;4;0;1;0;0;1081527;6784;1488;48;1082706;4155;531;0;4
FR;4;2022-08-13;1;0;0;0;1;0;0;0;0;1081528;6784;1488;48;1082707;4155;531;0;4
FR;4;2022-08-14;0;0;0;0;0;0;0;0;0;1081528;6784;1488;48;1082707;4155;531;0;4
FR;4;2022-08-15;1;2;3;0;1;2;3;0;0;1081529;6786;1491;48;1082708;4157;534;0;4
FR;4;2022-08-16;0;0;1;0;0;1;0;0;0;1081529;6786;1492;48;1082708;4158;534;0;4
FR;4;2022-08-17;2;0;0;0;2;0;0;0;0;1081531;6786;1492;48;1082710;4158;534;0;4
FR;4;2022-08-18;2;0;0;0;2;0;0;0;0;1081533;6786;1492;48;1082712;4158;534;0;4
FR;4;2022-08-19;5;0;0;0;5;0;0;0;0;1081538;6786;1492;48;1082717;4158;534;0;4
FR;4;2022-08-20;1;0;0;0;1;0;0;0;0;1081539;6786;1492;48;1082718;4158;534;0;4
FR;4;2022-08-21;1;0;0;0;1;0;0;0;0;1081540;6786;1492;48;1082719;4158;534;0;4
FR;4;2022-08-22;4;9;0;0;4;9;0;0;0;1081544;6795;1492;48;1082723;4167;534;0;4
FR;4;2022-08-23;3;3;3;0;3;4;2;0;0;1081547;6798;1495;48;1082726;4171;536;0;4
FR;4;2022-08-24;5;0;0;1;5;0;1;0;0;1081552;6798;1495;49;1082731;4171;537;0;4
FR;4;2022-08-25;1;3;1;0;1;3;1;0;0;1081553;6801;1496;49;1082732;4174;538;0;4
FR;4;2022-08-26;2;0;0;1;2;0;1;0;0;1081555;6801;1496;50;1082734;4174;539;0;4
FR;4;2022-08-27;1;0;0;0;1;0;0;0;0;1081556;6801;1496;50;1082735;4174;539;0;4
FR;4;2022-08-28;0;0;0;0;0;0;0;0;0;1081556;6801;1496;50;1082735;4174;539;0;4
FR;4;2022-08-29;6;0;0;0;6;0;0;0;0;1081562;6801;1496;50;1082741;4174;539;0;4
FR;4;2022-08-30;4;0;0;0;4;0;0;0;0;1081566;6801;1496;50;1082745;4174;539;0;4
FR;4;2022-08-31;2;1;0;0;2;1;0;0;0;1081568;6802;1496;50;1082747;4175;539;0;4
FR;4;2022-09-01;1;8;2;0;2;7;2;0;0;1081569;6810;1498;50;1082749;4182;541;0;4
FR;4;2022-09-02;1;1;1;0;1;2;0;0;0;1081570;6811;1499;50;1082750;4184;541;0;4
FR;4;2022-09-03;3;0;0;0;3;0;0;0;0;1081573;6811;1499;50;1082753;4184;541;0;4
FR;4;2022-09-04;1;0;0;0;1;0;0;0;0;1081574;6811;1499;50;1082754;4184;541;0;4
FR;4;2022-09-05;2;2;0;0;2;2;0;0;0;1081576;6813;1499;50;1082756;4186;541;0;4
FR;4;2022-09-06;1;0;0;0;1;0;0;0;0;1081577;6813;1499;50;1082757;4186;541;0;4
FR;4;2022-09-07;1;0;1;1;1;1;1;0;0;1081578;6813;1500;51;1082758;4187;542;0;4
FR;4;2022-09-08;3;0;0;0;3;0;0;0;0;1081581;6813;1500;51;1082761;4187;542;0;4
FR;4;2022-09-09;2;0;0;0;2;0;0;0;0;1081583;6813;1500;51;1082763;4187;542;0;4
FR;4;2022-09-10;0;0;0;3;0;1;2;0;0;1081583;6813;1500;54;1082763;4188;544;0;4
FR;4;2022-09-11;2;0;0;0;2;0;0;0;0;1081585;6813;1500;54;1082765;4188;544;0;4
FR;4;2022-09-12;1;1;1;0;1;1;1;0;0;1081586;6814;1501;54;1082766;4189;545;0;4
FR;4;2022-09-13;1;0;0;0;1;0;0;0;0;1081587;6814;1501;54;1082767;4189;545;0;4
FR;4;2022-09-14;1;0;0;0;1;0;0;0;0;1081588;6814;1501;54;1082768;4189;545;0;4
FR;4;2022-09-15;3;0;0;0;3;0;0;0;0;1081591;6814;1501;54;1082771;4189;545;0;4
FR;4;2022-09-16;0;0;0;0;0;0;0;0;0;1081591;6814;1501;54;1082771;4189;545;0;4
FR;4;2022-09-17;2;0;0;0;2;0;0;0;0;1081593;6814;1501;54;1082773;4189;545;0;4
FR;4;2022-09-18;0;1;0;0;0;1;0;0;0;1081593;6815;1501;54;1082773;4190;545;0;4
FR;4;2022-09-19;2;0;2;0;2;2;0;0;0;1081595;6815;1503;54;1082775;4192;545;0;4
FR;4;2022-09-20;3;0;0;0;3;0;0;0;0;1081598;6815;1503;54;1082778;4192;545;0;4
FR;4;2022-09-21;2;1;0;0;2;1;0;0;0;1081600;6816;1503;54;1082780;4193;545;0;4
FR;4;2022-09-22;1;1;0;0;1;1;0;0;0;1081601;6817;1503;54;1082781;4194;545;0;4
FR;4;2022-09-23;2;3;0;0;3;2;0;0;0;1081603;6820;1503;54;1082784;4196;545;0;4
FR;4;2022-09-24;1;0;0;0;1;0;0;0;0;1081604;6820;1503;54;1082785;4196;545;0;4
FR;4;2022-09-25;0;0;0;0;0;0;0;0;0;1081604;6820;1503;54;1082785;4196;545;0;4
FR;4;2022-09-26;2;0;1;0;2;0;1;0;0;1081606;6820;1504;54;1082787;4196;546;0;4
FR;4;2022-09-27;0;0;0;1;0;0;1;0;0;1081606;6820;1504;55;1082787;4196;547;0;4
FR;4;2022-09-28;3;0;2;0;3;2;0;0;0;1081609;6820;1506;55;1082790;4198;547;0;4
FR;4;2022-09-29;3;0;1;1;3;1;1;0;0;1081612;6820;1507;56;1082793;4199;548;0;4
FR;4;2022-09-30;1;0;0;0;1;0;0;0;0;1081613;6820;1507;56;1082794;4199;548;0;4
FR;4;2022-10-01;1;1;0;0;2;0;0;0;0;1081614;6821;1507;56;1082796;4199;548;0;4
FR;4;2022-10-02;0;0;0;0;0;0;0;0;0;1081614;6821;1507;56;1082796;4199;548;0;4
FR;4;2022-10-03;3;2;1;0;4;2;0;0;0;1081617;6823;1508;56;1082800;4201;548;0;4
FR;4;2022-10-04;2;0;0;0;2;0;0;0;0;1081619;6823;1508;56;1082802;4201;548;0;4
FR;4;2022-10-05;0;1;0;0;0;1;0;0;0;1081619;6824;1508;56;1082802;4202;548;0;4
FR;4;2022-10-06;1;0;0;0;1;0;0;0;0;1081620;6824;1508;56;1082803;4202;548;0;4
FR;4;2022-10-07;3;0;1;0;3;0;1;0;0;1081623;6824;1509;56;1082806;4202;549;0;4
FR;4;2022-10-08;3;1;0;0;3;0;0;0;0;1081626;6825;1509;56;1082809;4202;549;0;4
FR;4;2022-10-09;0;0;0;0;0;0;0;0;0;1081626;6825;1509;56;1082809;4202;549;0;4
FR;4;2022-10-10;4;0;1;3;4;1;1;0;2;1081630;6825;1510;59;1082813;4203;550;0;6
FR;4;2022-10-11;1;2;0;0;1;1;0;0;0;1081631;6827;1510;59;1082814;4204;550;0;6
FR;4;2022-10-12;0;0;0;0;0;0;0;0;0;1081631;6827;1510;59;1082814;4204;550;0;6
FR;4;2022-10-13;5;0;0;0;5;0;0;0;0;1081636;6827;1510;59;1082819;4204;550;0;6
FR;4;2022-10-14;1;0;0;0;1;0;0;0;0;1081637;6827;1510;59;1082820;4204;550;0;6
FR;4;2022-10-15;0;1;0;0;0;1;0;0;0;1081637;6828;1510;59;1082820;4205;550;0;6
FR;4;2022-10-16;0;0;0;0;0;0;0;0;0;1081637;6828;1510;59;1082820;4205;550;0;6
FR;4;2022-10-17;2;0;1;0;2;1;0;0;0;1081639;6828;1511;59;1082822;4206;550;0;6
FR;4;2022-10-18;1;0;0;1;1;0;1;0;0;1081640;6828;1511;60;1082823;4206;551;0;6
FR;4;2022-10-19;1;0;0;2;1;0;2;0;3;1081641;6828;1511;62;1082824;4206;553;0;9
FR;4;2022-10-20;4;1;0;0;4;1;0;0;0;1081645;6829;1511;62;1082828;4207;553;0;9
FR;4;2022-10-21;0;0;0;0;0;0;0;0;0;1081645;6829;1511;62;1082828;4207;553;0;9
FR;4;2022-10-22;1;0;0;0;1;0;0;0;0;1081646;6829;1511;62;1082829;4207;553;0;9
FR;4;2022-10-23;0;0;0;0;0;0;0;0;0;1081646;6829;1511;62;1082829;4207;553;0;9
FR;4;2022-10-24;0;0;0;0;0;0;0;0;0;1081646;6829;1511;62;1082829;4207;553;0;9
FR;4;2022-10-25;1;0;0;0;1;0;0;0;0;1081647;6829;1511;62;1082830;4207;553;0;9
FR;4;2022-10-26;2;1;0;0;2;1;0;0;0;1081649;6830;1511;62;1082832;4208;553;0;9
FR;4;2022-10-27;3;1;1;0;3;0;1;0;0;1081652;6831;1512;62;1082835;4208;554;0;9
FR;4;2022-10-28;0;0;0;0;0;0;0;0;0;1081652;6831;1512;62;1082835;4208;554;0;9
FR;4;2022-10-29;1;0;0;3;1;0;3;0;3;1081653;6831;1512;65;1082836;4208;557;0;12
FR;4;2022-10-30;1;0;0;0;1;0;0;0;0;1081654;6831;1512;65;1082837;4208;557;0;12
FR;4;2022-10-31;0;0;0;0;0;0;0;0;0;1081654;6831;1512;65;1082837;4208;557;0;12
FR;4;2022-11-01;1;1;0;0;1;1;0;0;0;1081655;6832;1512;65;1082838;4209;557;0;12
FR;4;2022-11-02;0;0;2;2;0;1;3;0;0;1081655;6832;1514;67;1082838;4210;560;0;12
FR;4;2022-11-03;1;0;0;0;1;0;0;0;0;1081656;6832;1514;67;1082839;4210;560;0;12
FR;4;2022-11-04;4;1;0;0;4;0;0;0;0;1081660;6833;1514;67;1082843;4210;560;0;12
FR;4;2022-11-05;0;0;0;0;0;0;0;0;0;1081660;6833;1514;67;1082843;4210;560;0;12
FR;4;2022-11-06;1;0;0;0;1;0;0;0;0;1081661;6833;1514;67;1082844;4210;560;0;12
FR;4;2022-11-07;2;0;0;0;2;0;0;0;0;1081663;6833;1514;67;1082846;4210;560;0;12
FR;4;2022-11-08;7;0;0;0;7;0;0;0;0;1081670;6833;1514;67;1082853;4210;560;0;12
FR;4;2022-11-09;0;0;0;0;0;0;0;0;0;1081670;6833;1514;67;1082853;4210;560;0;12
FR;4;2022-11-10;0;0;0;0;0;0;0;0;0;1081670;6833;1514;67;1082853;4210;560;0;12
FR;4;2022-11-11;0;0;0;0;0;0;0;0;0;1081670;6833;1514;67;1082853;4210;560;0;12
FR;4;2022-11-12;2;0;0;0;2;0;0;0;0;1081672;6833;1514;67;1082855;4210;560;0;12
FR;4;2022-11-13;0;0;0;0;0;0;0;0;0;1081672;6833;1514;67;1082855;4210;560;0;12
FR;4;2022-11-14;0;0;0;0;0;0;0;0;0;1081672;6833;1514;67;1082855;4210;560;0;12
FR;4;2022-11-15;3;0;0;0;3;0;0;0;0;1081675;6833;1514;67;1082858;4210;560;0;12
FR;4;2022-11-16;1;1;0;0;1;1;0;0;0;1081676;6834;1514;67;1082859;4211;560;0;12
FR;4;2022-11-17;0;0;0;0;0;0;0;0;0;1081676;6834;1514;67;1082859;4211;560;0;12
FR;4;2022-11-18;2;0;2;0;2;0;2;0;0;1081678;6834;1516;67;1082861;4211;562;0;12
FR;4;2022-11-19;0;0;0;0;0;0;0;0;0;1081678;6834;1516;67;1082861;4211;562;0;12
FR;4;2022-11-20;0;0;0;0;0;0;0;0;0;1081678;6834;1516;67;1082861;4211;562;0;12
FR;4;2022-11-21;0;0;0;0;0;0;0;0;0;1081678;6834;1516;67;1082861;4211;562;0;12
FR;4;2022-11-22;0;0;0;0;0;0;0;0;0;1081678;6834;1516;67;1082861;4211;562;0;12
FR;4;2022-11-23;1;0;0;0;1;0;0;0;1;1081679;6834;1516;67;1082862;4211;562;0;13
FR;4;2022-11-24;0;0;0;0;0;0;0;0;0;1081679;6834;1516;67;1082862;4211;562;0;13
FR;4;2022-11-25;3;0;0;0;3;0;0;0;0;1081682;6834;1516;67;1082865;4211;562;0;13
FR;4;2022-11-26;0;0;0;0;0;0;0;0;0;1081682;6834;1516;67;1082865;4211;562;0;13
FR;4;2022-11-27;0;0;0;0;0;0;0;0;0;1081682;6834;1516;67;1082865;4211;562;0;13
FR;5;2020-12-27;0;0;0;0;0;0;0;0;0;0;0;0;0;0;0;0;0;0
FR;5;2020-12-28;0;0;0;0;0;0;0;0;0;0;0;0;0;0;0;0;0;0
FR;5;2020-12-29;0;0;0;0;0;0;0;0;0;0;0;0;0;0;0;0;0;0
FR;5;2020-12-30;0;0;0;0;0;0;0;0;0;0;0;0;0;0;0;0;0;0
FR;5;2020-12-31;0;0;0;0;0;0;0;0;0;0;0;0;0;0;0;0;0;0
FR;5;2021-01-01;0;0;0;0;0;0;0;0;0;0;0;0;0;0;0;0;0;0
FR;5;2021-01-02;0;0;0;0;0;0;0;0;0;0;0;0;0;0;0;0;0;0
FR;5;2021-01-03;0;0;0;0;0;0;0;0;0;0;0;0;0;0;0;0;0;0
FR;5;2021-01-04;0;0;0;0;0;0;0;0;0;0;0;0;0;0;0;0;0;0
FR;5;2021-01-05;0;0;0;0;0;0;0;0;0;0;0;0;0;0;0;0;0;0
FR;5;2021-01-06;0;0;0;0;0;0;0;0;0;0;0;0;0;0;0;0;0;0
FR;5;2021-01-07;0;0;0;0;0;0;0;0;0;0;0;0;0;0;0;0;0;0
FR;5;2021-01-08;0;0;0;0;0;0;0;0;0;0;0;0;0;0;0;0;0;0
FR;5;2021-01-09;0;0;0;0;0;0;0;0;0;0;0;0;0;0;0;0;0;0
FR;5;2021-01-10;0;0;0;0;0;0;0;0;0;0;0;0;0;0;0;0;0;0
FR;5;2021-01-11;0;0;0;0;0;0;0;0;0;0;0;0;0;0;0;0;0;0
FR;5;2021-01-12;0;0;0;0;0;0;0;0;0;0;0;0;0;0;0;0;0;0
FR;5;2021-01-13;0;0;0;0;0;0;0;0;0;0;0;0;0;0;0;0;0;0
FR;5;2021-01-14;0;0;0;0;0;0;0;0;0;0;0;0;0;0;0;0;0;0
FR;5;2021-01-15;0;0;0;0;0;0;0;0;0;0;0;0;0;0;0;0;0;0
FR;5;2021-01-16;0;0;0;0;0;0;0;0;0;0;0;0;0;0;0;0;0;0
FR;5;2021-01-17;0;0;0;0;0;0;0;0;0;0;0;0;0;0;0;0;0;0
FR;5;2021-01-18;0;0;0;0;0;0;0;0;0;0;0;0;0;0;0;0;0;0
FR;5;2021-01-19;0;0;0;0;0;0;0;0;0;0;0;0;0;0;0;0;0;0
FR;5;2021-01-20;0;0;0;0;0;0;0;0;0;0;0;0;0;0;0;0;0;0
FR;5;2021-01-21;0;0;0;0;0;0;0;0;0;0;0;0;0;0;0;0;0;0
FR;5;2021-01-22;0;0;0;0;0;0;0;0;0;0;0;0;0;0;0;0;0;0
FR;5;2021-01-23;0;0;0;0;0;0;0;0;0;0;0;0;0;0;0;0;0;0
FR;5;2021-01-24;0;0;0;0;0;0;0;0;0;0;0;0;0;0;0;0;0;0
FR;5;2021-01-25;0;0;0;0;0;0;0;0;0;0;0;0;0;0;0;0;0;0
FR;5;2021-01-26;0;0;0;0;0;0;0;0;0;0;0;0;0;0;0;0;0;0
FR;5;2021-01-27;0;0;0;0;0;0;0;0;0;0;0;0;0;0;0;0;0;0
FR;5;2021-01-28;0;0;0;0;0;0;0;0;0;0;0;0;0;0;0;0;0;0
FR;5;2021-01-29;0;0;0;0;0;0;0;0;0;0;0;0;0;0;0;0;0;0
FR;5;2021-01-30;0;0;0;0;0;0;0;0;0;0;0;0;0;0;0;0;0;0
FR;5;2021-01-31;0;0;0;0;0;0;0;0;0;0;0;0;0;0;0;0;0;0
FR;5;2021-02-01;0;0;0;0;0;0;0;0;0;0;0;0;0;0;0;0;0;0
FR;5;2021-02-02;0;0;0;0;0;0;0;0;0;0;0;0;0;0;0;0;0;0
FR;5;2021-02-03;0;0;0;0;0;0;0;0;0;0;0;0;0;0;0;0;0;0
FR;5;2021-02-04;0;0;0;0;0;0;0;0;0;0;0;0;0;0;0;0;0;0
FR;5;2021-02-05;0;0;0;0;0;0;0;0;0;0;0;0;0;0;0;0;0;0
FR;5;2021-02-06;0;0;0;0;0;0;0;0;0;0;0;0;0;0;0;0;0;0
FR;5;2021-02-07;0;0;0;0;0;0;0;0;0;0;0;0;0;0;0;0;0;0
FR;5;2021-02-08;0;0;0;0;0;0;0;0;0;0;0;0;0;0;0;0;0;0
FR;5;2021-02-09;0;0;0;0;0;0;0;0;0;0;0;0;0;0;0;0;0;0
FR;5;2021-02-10;0;0;0;0;0;0;0;0;0;0;0;0;0;0;0;0;0;0
FR;5;2021-02-11;0;0;0;0;0;0;0;0;0;0;0;0;0;0;0;0;0;0
FR;5;2021-02-12;0;0;0;0;0;0;0;0;0;0;0;0;0;0;0;0;0;0
FR;5;2021-02-13;0;0;0;0;0;0;0;0;0;0;0;0;0;0;0;0;0;0
FR;5;2021-02-14;0;0;0;0;0;0;0;0;0;0;0;0;0;0;0;0;0;0
FR;5;2021-02-15;0;0;0;0;0;0;0;0;0;0;0;0;0;0;0;0;0;0
FR;5;2021-02-16;0;0;0;0;0;0;0;0;0;0;0;0;0;0;0;0;0;0
FR;5;2021-02-17;0;0;0;0;0;0;0;0;0;0;0;0;0;0;0;0;0;0
FR;5;2021-02-18;0;0;0;0;0;0;0;0;0;0;0;0;0;0;0;0;0;0
FR;5;2021-02-19;0;0;0;0;0;0;0;0;0;0;0;0;0;0;0;0;0;0
FR;5;2021-02-20;0;0;0;0;0;0;0;0;0;0;0;0;0;0;0;0;0;0
FR;5;2021-02-21;0;0;0;0;0;0;0;0;0;0;0;0;0;0;0;0;0;0
FR;5;2021-02-22;0;0;0;0;0;0;0;0;0;0;0;0;0;0;0;0;0;0
FR;5;2021-02-23;0;0;0;0;0;0;0;0;0;0;0;0;0;0;0;0;0;0
FR;5;2021-02-24;0;0;0;0;0;0;0;0;0;0;0;0;0;0;0;0;0;0
FR;5;2021-02-25;0;0;0;0;0;0;0;0;0;0;0;0;0;0;0;0;0;0
FR;5;2021-02-26;0;0;0;0;0;0;0;0;0;0;0;0;0;0;0;0;0;0
FR;5;2021-02-27;0;0;0;0;0;0;0;0;0;0;0;0;0;0;0;0;0;0
FR;5;2021-02-28;0;0;0;0;0;0;0;0;0;0;0;0;0;0;0;0;0;0
FR;5;2021-03-01;0;0;0;0;0;0;0;0;0;0;0;0;0;0;0;0;0;0
FR;5;2021-03-02;0;0;0;0;0;0;0;0;0;0;0;0;0;0;0;0;0;0
FR;5;2021-03-03;0;0;0;0;0;0;0;0;0;0;0;0;0;0;0;0;0;0
FR;5;2021-03-04;0;0;0;0;0;0;0;0;0;0;0;0;0;0;0;0;0;0
FR;5;2021-03-05;0;0;0;0;0;0;0;0;0;0;0;0;0;0;0;0;0;0
FR;5;2021-03-06;0;0;0;0;0;0;0;0;0;0;0;0;0;0;0;0;0;0
FR;5;2021-03-07;0;0;0;0;0;0;0;0;0;0;0;0;0;0;0;0;0;0
FR;5;2021-03-08;0;0;0;0;0;0;0;0;0;0;0;0;0;0;0;0;0;0
FR;5;2021-03-09;0;0;0;0;0;0;0;0;0;0;0;0;0;0;0;0;0;0
FR;5;2021-03-10;0;0;0;0;0;0;0;0;0;0;0;0;0;0;0;0;0;0
FR;5;2021-03-11;0;0;0;0;0;0;0;0;0;0;0;0;0;0;0;0;0;0
FR;5;2021-03-12;0;0;0;0;0;0;0;0;0;0;0;0;0;0;0;0;0;0
FR;5;2021-03-13;0;0;0;0;0;0;0;0;0;0;0;0;0;0;0;0;0;0
FR;5;2021-03-14;0;0;0;0;0;0;0;0;0;0;0;0;0;0;0;0;0;0
FR;5;2021-03-15;0;0;0;0;0;0;0;0;0;0;0;0;0;0;0;0;0;0
FR;5;2021-03-16;0;0;0;0;0;0;0;0;0;0;0;0;0;0;0;0;0;0
FR;5;2021-03-17;0;0;0;0;0;0;0;0;0;0;0;0;0;0;0;0;0;0
FR;5;2021-03-18;0;0;0;0;0;0;0;0;0;0;0;0;0;0;0;0;0;0
FR;5;2021-03-19;0;0;0;0;0;0;0;0;0;0;0;0;0;0;0;0;0;0
FR;5;2021-03-20;0;0;0;0;0;0;0;0;0;0;0;0;0;0;0;0;0;0
FR;5;2021-03-21;0;0;0;0;0;0;0;0;0;0;0;0;0;0;0;0;0;0
FR;5;2021-03-22;0;0;0;0;0;0;0;0;0;0;0;0;0;0;0;0;0;0
FR;5;2021-03-23;0;0;0;0;0;0;0;0;0;0;0;0;0;0;0;0;0;0
FR;5;2021-03-24;0;0;0;0;0;0;0;0;0;0;0;0;0;0;0;0;0;0
FR;5;2021-03-25;0;0;0;0;0;0;0;0;0;0;0;0;0;0;0;0;0;0
FR;5;2021-03-26;0;0;0;0;0;0;0;0;0;0;0;0;0;0;0;0;0;0
FR;5;2021-03-27;0;0;0;0;0;0;0;0;0;0;0;0;0;0;0;0;0;0
FR;5;2021-03-28;0;0;0;0;0;0;0;0;0;0;0;0;0;0;0;0;0;0
FR;5;2021-03-29;0;0;0;0;0;0;0;0;0;0;0;0;0;0;0;0;0;0
FR;5;2021-03-30;0;0;0;0;0;0;0;0;0;0;0;0;0;0;0;0;0;0
FR;5;2021-03-31;0;0;0;0;0;0;0;0;0;0;0;0;0;0;0;0;0;0
FR;5;2021-04-01;0;0;0;0;0;0;0;0;0;0;0;0;0;0;0;0;0;0
FR;5;2021-04-02;0;0;0;0;0;0;0;0;0;0;0;0;0;0;0;0;0;0
FR;5;2021-04-03;0;0;0;0;0;0;0;0;0;0;0;0;0;0;0;0;0;0
FR;5;2021-04-04;0;0;0;0;0;0;0;0;0;0;0;0;0;0;0;0;0;0
FR;5;2021-04-05;0;0;0;0;0;0;0;0;0;0;0;0;0;0;0;0;0;0
FR;5;2021-04-06;0;0;0;0;0;0;0;0;0;0;0;0;0;0;0;0;0;0
FR;5;2021-04-07;0;0;0;0;0;0;0;0;0;0;0;0;0;0;0;0;0;0
FR;5;2021-04-08;0;0;0;0;0;0;0;0;0;0;0;0;0;0;0;0;0;0
FR;5;2021-04-09;0;0;0;0;0;0;0;0;0;0;0;0;0;0;0;0;0;0
FR;5;2021-04-10;0;0;0;0;0;0;0;0;0;0;0;0;0;0;0;0;0;0
FR;5;2021-04-11;0;0;0;0;0;0;0;0;0;0;0;0;0;0;0;0;0;0
FR;5;2021-04-12;0;0;0;0;0;0;0;0;0;0;0;0;0;0;0;0;0;0
FR;5;2021-04-13;0;0;0;0;0;0;0;0;0;0;0;0;0;0;0;0;0;0
FR;5;2021-04-14;0;0;0;0;0;0;0;0;0;0;0;0;0;0;0;0;0;0
FR;5;2021-04-15;0;0;0;0;0;0;0;0;0;0;0;0;0;0;0;0;0;0
FR;5;2021-04-16;0;0;0;0;0;0;0;0;0;0;0;0;0;0;0;0;0;0
FR;5;2021-04-17;0;0;0;0;0;0;0;0;0;0;0;0;0;0;0;0;0;0
FR;5;2021-04-18;0;0;0;0;0;0;0;0;0;0;0;0;0;0;0;0;0;0
FR;5;2021-04-19;0;0;0;0;0;0;0;0;0;0;0;0;0;0;0;0;0;0
FR;5;2021-04-20;0;0;0;0;0;0;0;0;0;0;0;0;0;0;0;0;0;0
FR;5;2021-04-21;0;0;0;0;0;0;0;0;0;0;0;0;0;0;0;0;0;0
FR;5;2021-04-22;0;0;0;0;0;0;0;0;0;0;0;0;0;0;0;0;0;0
FR;5;2021-04-23;0;0;0;0;0;0;0;0;0;0;0;0;0;0;0;0;0;0
FR;5;2021-04-24;0;0;0;0;0;0;0;0;0;0;0;0;0;0;0;0;0;0
FR;5;2021-04-25;0;0;0;0;0;0;0;0;0;0;0;0;0;0;0;0;0;0
FR;5;2021-04-26;0;0;0;0;0;0;0;0;0;0;0;0;0;0;0;0;0;0
FR;5;2021-04-27;0;0;0;0;0;0;0;0;0;0;0;0;0;0;0;0;0;0
FR;5;2021-04-28;0;0;0;0;0;0;0;0;0;0;0;0;0;0;0;0;0;0
FR;5;2021-04-29;0;0;0;0;0;0;0;0;0;0;0;0;0;0;0;0;0;0
FR;5;2021-04-30;0;0;0;0;0;0;0;0;0;0;0;0;0;0;0;0;0;0
FR;5;2021-05-01;0;0;0;0;0;0;0;0;0;0;0;0;0;0;0;0;0;0
FR;5;2021-05-02;0;0;0;0;0;0;0;0;0;0;0;0;0;0;0;0;0;0
FR;5;2021-05-03;0;0;0;0;0;0;0;0;0;0;0;0;0;0;0;0;0;0
FR;5;2021-05-04;0;0;0;0;0;0;0;0;0;0;0;0;0;0;0;0;0;0
FR;5;2021-05-05;0;0;0;0;0;0;0;0;0;0;0;0;0;0;0;0;0;0
FR;5;2021-05-06;0;0;0;0;0;0;0;0;0;0;0;0;0;0;0;0;0;0
FR;5;2021-05-07;0;0;0;0;0;0;0;0;0;0;0;0;0;0;0;0;0;0
FR;5;2021-05-08;0;0;0;0;0;0;0;0;0;0;0;0;0;0;0;0;0;0
FR;5;2021-05-09;0;0;0;0;0;0;0;0;0;0;0;0;0;0;0;0;0;0
FR;5;2021-05-10;0;0;0;0;0;0;0;0;0;0;0;0;0;0;0;0;0;0
FR;5;2021-05-11;0;0;0;0;0;0;0;0;0;0;0;0;0;0;0;0;0;0
FR;5;2021-05-12;0;0;0;0;0;0;0;0;0;0;0;0;0;0;0;0;0;0
FR;5;2021-05-13;0;0;0;0;0;0;0;0;0;0;0;0;0;0;0;0;0;0
FR;5;2021-05-14;0;0;0;0;0;0;0;0;0;0;0;0;0;0;0;0;0;0
FR;5;2021-05-15;0;0;0;0;0;0;0;0;0;0;0;0;0;0;0;0;0;0
FR;5;2021-05-16;0;0;0;0;0;0;0;0;0;0;0;0;0;0;0;0;0;0
FR;5;2021-05-17;0;0;0;0;0;0;0;0;0;0;0;0;0;0;0;0;0;0
FR;5;2021-05-18;0;0;0;0;0;0;0;0;0;0;0;0;0;0;0;0;0;0
FR;5;2021-05-19;0;0;0;0;0;0;0;0;0;0;0;0;0;0;0;0;0;0
FR;5;2021-05-20;0;0;0;0;0;0;0;0;0;0;0;0;0;0;0;0;0;0
FR;5;2021-05-21;0;0;0;0;0;0;0;0;0;0;0;0;0;0;0;0;0;0
FR;5;2021-05-22;0;0;0;0;0;0;0;0;0;0;0;0;0;0;0;0;0;0
FR;5;2021-05-23;0;0;0;0;0;0;0;0;0;0;0;0;0;0;0;0;0;0
FR;5;2021-05-24;0;0;0;0;0;0;0;0;0;0;0;0;0;0;0;0;0;0
FR;5;2021-05-25;0;0;0;0;0;0;0;0;0;0;0;0;0;0;0;0;0;0
FR;5;2021-05-26;0;0;0;0;0;0;0;0;0;0;0;0;0;0;0;0;0;0
FR;5;2021-05-27;0;0;0;0;0;0;0;0;0;0;0;0;0;0;0;0;0;0
FR;5;2021-05-28;0;0;0;0;0;0;0;0;0;0;0;0;0;0;0;0;0;0
FR;5;2021-05-29;0;0;0;0;0;0;0;0;0;0;0;0;0;0;0;0;0;0
FR;5;2021-05-30;0;0;0;0;0;0;0;0;0;0;0;0;0;0;0;0;0;0
FR;5;2021-05-31;0;0;0;0;0;0;0;0;0;0;0;0;0;0;0;0;0;0
FR;5;2021-06-01;0;0;0;0;0;0;0;0;0;0;0;0;0;0;0;0;0;0
FR;5;2021-06-02;0;0;0;0;0;0;0;0;0;0;0;0;0;0;0;0;0;0
FR;5;2021-06-03;0;0;0;0;0;0;0;0;0;0;0;0;0;0;0;0;0;0
FR;5;2021-06-04;0;0;0;0;0;0;0;0;0;0;0;0;0;0;0;0;0;0
FR;5;2021-06-05;0;0;0;0;0;0;0;0;0;0;0;0;0;0;0;0;0;0
FR;5;2021-06-06;0;0;0;0;0;0;0;0;0;0;0;0;0;0;0;0;0;0
FR;5;2021-06-07;0;0;0;0;0;0;0;0;0;0;0;0;0;0;0;0;0;0
FR;5;2021-06-08;0;0;0;0;0;0;0;0;0;0;0;0;0;0;0;0;0;0
FR;5;2021-06-09;0;0;0;0;0;0;0;0;0;0;0;0;0;0;0;0;0;0
FR;5;2021-06-10;0;0;0;0;0;0;0;0;0;0;0;0;0;0;0;0;0;0
FR;5;2021-06-11;0;0;0;0;0;0;0;0;0;0;0;0;0;0;0;0;0;0
FR;5;2021-06-12;0;0;0;0;0;0;0;0;0;0;0;0;0;0;0;0;0;0
FR;5;2021-06-13;0;0;0;0;0;0;0;0;0;0;0;0;0;0;0;0;0;0
FR;5;2021-06-14;0;0;0;0;0;0;0;0;0;0;0;0;0;0;0;0;0;0
FR;5;2021-06-15;0;0;0;0;0;0;0;0;0;0;0;0;0;0;0;0;0;0
FR;5;2021-06-16;0;0;0;0;0;0;0;0;0;0;0;0;0;0;0;0;0;0
FR;5;2021-06-17;0;0;0;0;0;0;0;0;0;0;0;0;0;0;0;0;0;0
FR;5;2021-06-18;0;0;0;0;0;0;0;0;0;0;0;0;0;0;0;0;0;0
FR;5;2021-06-19;0;0;0;0;0;0;0;0;0;0;0;0;0;0;0;0;0;0
FR;5;2021-06-20;0;0;0;0;0;0;0;0;0;0;0;0;0;0;0;0;0;0
FR;5;2021-06-21;0;0;0;0;0;0;0;0;0;0;0;0;0;0;0;0;0;0
FR;5;2021-06-22;0;0;0;0;0;0;0;0;0;0;0;0;0;0;0;0;0;0
FR;5;2021-06-23;0;0;0;0;0;0;0;0;0;0;0;0;0;0;0;0;0;0
FR;5;2021-06-24;0;0;0;0;0;0;0;0;0;0;0;0;0;0;0;0;0;0
FR;5;2021-06-25;0;0;0;0;0;0;0;0;0;0;0;0;0;0;0;0;0;0
FR;5;2021-06-26;0;0;0;0;0;0;0;0;0;0;0;0;0;0;0;0;0;0
FR;5;2021-06-27;0;0;0;0;0;0;0;0;0;0;0;0;0;0;0;0;0;0
FR;5;2021-06-28;0;0;0;0;0;0;0;0;0;0;0;0;0;0;0;0;0;0
FR;5;2021-06-29;0;0;0;0;0;0;0;0;0;0;0;0;0;0;0;0;0;0
FR;5;2021-06-30;0;0;0;0;0;0;0;0;0;0;0;0;0;0;0;0;0;0
FR;5;2021-07-01;0;0;0;0;0;0;0;0;0;0;0;0;0;0;0;0;0;0
FR;5;2021-07-02;0;0;0;0;0;0;0;0;0;0;0;0;0;0;0;0;0;0
FR;5;2021-07-03;0;0;0;0;0;0;0;0;0;0;0;0;0;0;0;0;0;0
FR;5;2021-07-04;0;0;0;0;0;0;0;0;0;0;0;0;0;0;0;0;0;0
FR;5;2021-07-05;0;0;0;0;0;0;0;0;0;0;0;0;0;0;0;0;0;0
FR;5;2021-07-06;0;0;0;0;0;0;0;0;0;0;0;0;0;0;0;0;0;0
FR;5;2021-07-07;0;0;0;0;0;0;0;0;0;0;0;0;0;0;0;0;0;0
FR;5;2021-07-08;0;0;0;0;0;0;0;0;0;0;0;0;0;0;0;0;0;0
FR;5;2021-07-09;0;0;0;0;0;0;0;0;0;0;0;0;0;0;0;0;0;0
FR;5;2021-07-10;0;0;0;0;0;0;0;0;0;0;0;0;0;0;0;0;0;0
FR;5;2021-07-11;0;0;0;0;0;0;0;0;0;0;0;0;0;0;0;0;0;0
FR;5;2021-07-12;0;0;0;0;0;0;0;0;0;0;0;0;0;0;0;0;0;0
FR;5;2021-07-13;0;0;0;0;0;0;0;0;0;0;0;0;0;0;0;0;0;0
FR;5;2021-07-14;0;0;0;0;0;0;0;0;0;0;0;0;0;0;0;0;0;0
FR;5;2021-07-15;0;0;0;0;0;0;0;0;0;0;0;0;0;0;0;0;0;0
FR;5;2021-07-16;0;0;0;0;0;0;0;0;0;0;0;0;0;0;0;0;0;0
FR;5;2021-07-17;0;0;0;0;0;0;0;0;0;0;0;0;0;0;0;0;0;0
FR;5;2021-07-18;0;0;0;0;0;0;0;0;0;0;0;0;0;0;0;0;0;0
FR;5;2021-07-19;0;0;0;0;0;0;0;0;0;0;0;0;0;0;0;0;0;0
FR;5;2021-07-20;0;0;0;0;0;0;0;0;0;0;0;0;0;0;0;0;0;0
FR;5;2021-07-21;0;0;0;0;0;0;0;0;0;0;0;0;0;0;0;0;0;0
FR;5;2021-07-22;0;0;0;0;0;0;0;0;0;0;0;0;0;0;0;0;0;0
FR;5;2021-07-23;0;0;0;0;0;0;0;0;0;0;0;0;0;0;0;0;0;0
FR;5;2021-07-24;0;0;0;0;0;0;0;0;0;0;0;0;0;0;0;0;0;0
FR;5;2021-07-25;0;0;0;0;0;0;0;0;0;0;0;0;0;0;0;0;0;0
FR;5;2021-07-26;0;0;0;0;0;0;0;0;0;0;0;0;0;0;0;0;0;0
FR;5;2021-07-27;0;0;0;0;0;0;0;0;0;0;0;0;0;0;0;0;0;0
FR;5;2021-07-28;0;0;0;0;0;0;0;0;0;0;0;0;0;0;0;0;0;0
FR;5;2021-07-29;0;0;0;0;0;0;0;0;0;0;0;0;0;0;0;0;0;0
FR;5;2021-07-30;0;0;0;0;0;0;0;0;0;0;0;0;0;0;0;0;0;0
FR;5;2021-07-31;0;0;0;0;0;0;0;0;0;0;0;0;0;0;0;0;0;0
FR;5;2021-08-01;0;0;0;0;0;0;0;0;0;0;0;0;0;0;0;0;0;0
FR;5;2021-08-02;0;0;0;0;0;0;0;0;0;0;0;0;0;0;0;0;0;0
FR;5;2021-08-03;0;0;0;0;0;0;0;0;0;0;0;0;0;0;0;0;0;0
FR;5;2021-08-04;0;0;0;0;0;0;0;0;0;0;0;0;0;0;0;0;0;0
FR;5;2021-08-05;0;0;0;0;0;0;0;0;0;0;0;0;0;0;0;0;0;0
FR;5;2021-08-06;0;0;0;0;0;0;0;0;0;0;0;0;0;0;0;0;0;0
FR;5;2021-08-07;0;0;0;0;0;0;0;0;0;0;0;0;0;0;0;0;0;0
FR;5;2021-08-08;0;0;0;0;0;0;0;0;0;0;0;0;0;0;0;0;0;0
FR;5;2021-08-09;0;0;0;0;0;0;0;0;0;0;0;0;0;0;0;0;0;0
FR;5;2021-08-10;0;0;0;0;0;0;0;0;0;0;0;0;0;0;0;0;0;0
FR;5;2021-08-11;0;0;0;0;0;0;0;0;0;0;0;0;0;0;0;0;0;0
FR;5;2021-08-12;0;0;0;0;0;0;0;0;0;0;0;0;0;0;0;0;0;0
FR;5;2021-08-13;0;0;0;0;0;0;0;0;0;0;0;0;0;0;0;0;0;0
FR;5;2021-08-14;0;0;0;0;0;0;0;0;0;0;0;0;0;0;0;0;0;0
FR;5;2021-08-15;0;0;0;0;0;0;0;0;0;0;0;0;0;0;0;0;0;0
FR;5;2021-08-16;0;0;0;0;0;0;0;0;0;0;0;0;0;0;0;0;0;0
FR;5;2021-08-17;0;0;0;0;0;0;0;0;0;0;0;0;0;0;0;0;0;0
FR;5;2021-08-18;0;0;0;0;0;0;0;0;0;0;0;0;0;0;0;0;0;0
FR;5;2021-08-19;0;0;0;0;0;0;0;0;0;0;0;0;0;0;0;0;0;0
FR;5;2021-08-20;0;0;0;0;0;0;0;0;0;0;0;0;0;0;0;0;0;0
FR;5;2021-08-21;0;0;0;0;0;0;0;0;0;0;0;0;0;0;0;0;0;0
FR;5;2021-08-22;0;0;0;0;0;0;0;0;0;0;0;0;0;0;0;0;0;0
FR;5;2021-08-23;0;0;0;0;0;0;0;0;0;0;0;0;0;0;0;0;0;0
FR;5;2021-08-24;0;0;0;0;0;0;0;0;0;0;0;0;0;0;0;0;0;0
FR;5;2021-08-25;0;0;0;0;0;0;0;0;0;0;0;0;0;0;0;0;0;0
FR;5;2021-08-26;0;0;0;0;0;0;0;0;0;0;0;0;0;0;0;0;0;0
FR;5;2021-08-27;0;0;0;0;0;0;0;0;0;0;0;0;0;0;0;0;0;0
FR;5;2021-08-28;0;0;0;0;0;0;0;0;0;0;0;0;0;0;0;0;0;0
FR;5;2021-08-29;0;0;0;0;0;0;0;0;0;0;0;0;0;0;0;0;0;0
FR;5;2021-08-30;0;0;0;0;0;0;0;0;0;0;0;0;0;0;0;0;0;0
FR;5;2021-08-31;0;0;0;0;0;0;0;0;0;0;0;0;0;0;0;0;0;0
FR;5;2021-09-01;0;0;0;0;0;0;0;0;0;0;0;0;0;0;0;0;0;0
FR;5;2021-09-02;0;0;0;0;0;0;0;0;0;0;0;0;0;0;0;0;0;0
FR;5;2021-09-03;0;0;0;0;0;0;0;0;0;0;0;0;0;0;0;0;0;0
FR;5;2021-09-04;0;0;0;0;0;0;0;0;0;0;0;0;0;0;0;0;0;0
FR;5;2021-09-05;0;0;0;0;0;0;0;0;0;0;0;0;0;0;0;0;0;0
FR;5;2021-09-06;0;0;0;0;0;0;0;0;0;0;0;0;0;0;0;0;0;0
FR;5;2021-09-07;0;0;0;0;0;0;0;0;0;0;0;0;0;0;0;0;0;0
FR;5;2021-09-08;0;0;0;0;0;0;0;0;0;0;0;0;0;0;0;0;0;0
FR;5;2021-09-09;0;0;0;0;0;0;0;0;0;0;0;0;0;0;0;0;0;0
FR;5;2021-09-10;0;0;0;0;0;0;0;0;0;0;0;0;0;0;0;0;0;0
FR;5;2021-09-11;0;0;0;0;0;0;0;0;0;0;0;0;0;0;0;0;0;0
FR;5;2021-09-12;0;0;0;0;0;0;0;0;0;0;0;0;0;0;0;0;0;0
FR;5;2021-09-13;0;0;0;0;0;0;0;0;0;0;0;0;0;0;0;0;0;0
FR;5;2021-09-14;0;0;0;0;0;0;0;0;0;0;0;0;0;0;0;0;0;0
FR;5;2021-09-15;0;0;0;0;0;0;0;0;0;0;0;0;0;0;0;0;0;0
FR;5;2021-09-16;0;0;0;0;0;0;0;0;0;0;0;0;0;0;0;0;0;0
FR;5;2021-09-17;0;0;0;0;0;0;0;0;0;0;0;0;0;0;0;0;0;0
FR;5;2021-09-18;0;0;0;0;0;0;0;0;0;0;0;0;0;0;0;0;0;0
FR;5;2021-09-19;0;0;0;0;0;0;0;0;0;0;0;0;0;0;0;0;0;0
FR;5;2021-09-20;0;0;0;0;0;0;0;0;0;0;0;0;0;0;0;0;0;0
FR;5;2021-09-21;0;0;0;0;0;0;0;0;0;0;0;0;0;0;0;0;0;0
FR;5;2021-09-22;0;0;0;0;0;0;0;0;0;0;0;0;0;0;0;0;0;0
FR;5;2021-09-23;0;0;0;0;0;0;0;0;0;0;0;0;0;0;0;0;0;0
FR;5;2021-09-24;0;0;0;0;0;0;0;0;0;0;0;0;0;0;0;0;0;0
FR;5;2021-09-25;0;0;0;0;0;0;0;0;0;0;0;0;0;0;0;0;0;0
FR;5;2021-09-26;0;0;0;0;0;0;0;0;0;0;0;0;0;0;0;0;0;0
FR;5;2021-09-27;0;0;0;0;0;0;0;0;0;0;0;0;0;0;0;0;0;0
FR;5;2021-09-28;0;0;0;0;0;0;0;0;0;0;0;0;0;0;0;0;0;0
FR;5;2021-09-29;0;0;0;0;0;0;0;0;0;0;0;0;0;0;0;0;0;0
FR;5;2021-09-30;0;0;0;0;0;0;0;0;0;0;0;0;0;0;0;0;0;0
FR;5;2021-10-01;0;0;0;0;0;0;0;0;0;0;0;0;0;0;0;0;0;0
FR;5;2021-10-02;0;0;0;0;0;0;0;0;0;0;0;0;0;0;0;0;0;0
FR;5;2021-10-03;0;0;0;0;0;0;0;0;0;0;0;0;0;0;0;0;0;0
FR;5;2021-10-04;0;0;0;0;0;0;0;0;0;0;0;0;0;0;0;0;0;0
FR;5;2021-10-05;0;0;0;0;0;0;0;0;0;0;0;0;0;0;0;0;0;0
FR;5;2021-10-06;0;0;0;0;0;0;0;0;0;0;0;0;0;0;0;0;0;0
FR;5;2021-10-07;0;0;0;0;0;0;0;0;0;0;0;0;0;0;0;0;0;0
FR;5;2021-10-08;0;0;0;0;0;0;0;0;0;0;0;0;0;0;0;0;0;0
FR;5;2021-10-09;0;0;0;0;0;0;0;0;0;0;0;0;0;0;0;0;0;0
FR;5;2021-10-10;0;0;0;0;0;0;0;0;0;0;0;0;0;0;0;0;0;0
FR;5;2021-10-11;0;0;0;0;0;0;0;0;0;0;0;0;0;0;0;0;0;0
FR;5;2021-10-12;0;0;0;0;0;0;0;0;0;0;0;0;0;0;0;0;0;0
FR;5;2021-10-13;0;0;0;0;0;0;0;0;0;0;0;0;0;0;0;0;0;0
FR;5;2021-10-14;0;0;0;0;0;0;0;0;0;0;0;0;0;0;0;0;0;0
FR;5;2021-10-15;0;0;0;0;0;0;0;0;0;0;0;0;0;0;0;0;0;0
FR;5;2021-10-16;0;0;0;0;0;0;0;0;0;0;0;0;0;0;0;0;0;0
FR;5;2021-10-17;0;0;0;0;0;0;0;0;0;0;0;0;0;0;0;0;0;0
FR;5;2021-10-18;0;0;0;0;0;0;0;0;0;0;0;0;0;0;0;0;0;0
FR;5;2021-10-19;0;0;0;0;0;0;0;0;0;0;0;0;0;0;0;0;0;0
FR;5;2021-10-20;0;0;0;0;0;0;0;0;0;0;0;0;0;0;0;0;0;0
FR;5;2021-10-21;0;0;0;0;0;0;0;0;0;0;0;0;0;0;0;0;0;0
FR;5;2021-10-22;0;0;0;0;0;0;0;0;0;0;0;0;0;0;0;0;0;0
FR;5;2021-10-23;0;0;0;0;0;0;0;0;0;0;0;0;0;0;0;0;0;0
FR;5;2021-10-24;0;0;0;0;0;0;0;0;0;0;0;0;0;0;0;0;0;0
FR;5;2021-10-25;0;0;0;0;0;0;0;0;0;0;0;0;0;0;0;0;0;0
FR;5;2021-10-26;0;0;0;0;0;0;0;0;0;0;0;0;0;0;0;0;0;0
FR;5;2021-10-27;0;0;0;0;0;0;0;0;0;0;0;0;0;0;0;0;0;0
FR;5;2021-10-28;0;0;0;0;0;0;0;0;0;0;0;0;0;0;0;0;0;0
FR;5;2021-10-29;0;0;0;0;0;0;0;0;0;0;0;0;0;0;0;0;0;0
FR;5;2021-10-30;0;0;0;0;0;0;0;0;0;0;0;0;0;0;0;0;0;0
FR;5;2021-10-31;0;0;0;0;0;0;0;0;0;0;0;0;0;0;0;0;0;0
FR;5;2021-11-01;0;0;0;0;0;0;0;0;0;0;0;0;0;0;0;0;0;0
FR;5;2021-11-02;0;0;0;0;0;0;0;0;0;0;0;0;0;0;0;0;0;0
FR;5;2021-11-03;0;0;0;0;0;0;0;0;0;0;0;0;0;0;0;0;0;0
FR;5;2021-11-04;0;0;0;0;0;0;0;0;0;0;0;0;0;0;0;0;0;0
FR;5;2021-11-05;0;0;0;0;0;0;0;0;0;0;0;0;0;0;0;0;0;0
FR;5;2021-11-06;0;0;0;0;0;0;0;0;0;0;0;0;0;0;0;0;0;0
FR;5;2021-11-07;0;0;0;0;0;0;0;0;0;0;0;0;0;0;0;0;0;0
FR;5;2021-11-08;0;0;0;0;0;0;0;0;0;0;0;0;0;0;0;0;0;0
FR;5;2021-11-09;0;0;0;0;0;0;0;0;0;0;0;0;0;0;0;0;0;0
FR;5;2021-11-10;0;0;0;0;0;0;0;0;0;0;0;0;0;0;0;0;0;0
FR;5;2021-11-11;0;0;0;0;0;0;0;0;0;0;0;0;0;0;0;0;0;0
FR;5;2021-11-12;0;0;0;0;0;0;0;0;0;0;0;0;0;0;0;0;0;0
FR;5;2021-11-13;0;0;0;0;0;0;0;0;0;0;0;0;0;0;0;0;0;0
FR;5;2021-11-14;0;0;0;0;0;0;0;0;0;0;0;0;0;0;0;0;0;0
FR;5;2021-11-15;0;0;0;0;0;0;0;0;0;0;0;0;0;0;0;0;0;0
FR;5;2021-11-16;0;0;0;0;0;0;0;0;0;0;0;0;0;0;0;0;0;0
FR;5;2021-11-17;0;0;0;0;0;0;0;0;0;0;0;0;0;0;0;0;0;0
FR;5;2021-11-18;0;0;0;0;0;0;0;0;0;0;0;0;0;0;0;0;0;0
FR;5;2021-11-19;0;0;0;0;0;0;0;0;0;0;0;0;0;0;0;0;0;0
FR;5;2021-11-20;0;0;0;0;0;0;0;0;0;0;0;0;0;0;0;0;0;0
FR;5;2021-11-21;0;0;0;0;0;0;0;0;0;0;0;0;0;0;0;0;0;0
FR;5;2021-11-22;0;0;0;0;0;0;0;0;0;0;0;0;0;0;0;0;0;0
FR;5;2021-11-23;0;0;0;0;0;0;0;0;0;0;0;0;0;0;0;0;0;0
FR;5;2021-11-24;0;0;0;0;0;0;0;0;0;0;0;0;0;0;0;0;0;0
FR;5;2021-11-25;0;0;0;0;0;0;0;0;0;0;0;0;0;0;0;0;0;0
FR;5;2021-11-26;0;0;0;0;0;0;0;0;0;0;0;0;0;0;0;0;0;0
FR;5;2021-11-27;0;0;0;0;0;0;0;0;0;0;0;0;0;0;0;0;0;0
FR;5;2021-11-28;0;0;0;0;0;0;0;0;0;0;0;0;0;0;0;0;0;0
FR;5;2021-11-29;0;0;0;0;0;0;0;0;0;0;0;0;0;0;0;0;0;0
FR;5;2021-11-30;0;0;0;0;0;0;0;0;0;0;0;0;0;0;0;0;0;0
FR;5;2021-12-01;0;0;0;0;0;0;0;0;0;0;0;0;0;0;0;0;0;0
FR;5;2021-12-02;0;0;0;0;0;0;0;0;0;0;0;0;0;0;0;0;0;0
FR;5;2021-12-03;0;0;0;0;0;0;0;0;0;0;0;0;0;0;0;0;0;0
FR;5;2021-12-04;0;0;0;0;0;0;0;0;0;0;0;0;0;0;0;0;0;0
FR;5;2021-12-05;0;0;0;0;0;0;0;0;0;0;0;0;0;0;0;0;0;0
FR;5;2021-12-06;0;0;0;0;0;0;0;0;0;0;0;0;0;0;0;0;0;0
FR;5;2021-12-07;0;0;0;0;0;0;0;0;0;0;0;0;0;0;0;0;0;0
FR;5;2021-12-08;0;0;0;0;0;0;0;0;0;0;0;0;0;0;0;0;0;0
FR;5;2021-12-09;0;0;0;0;0;0;0;0;0;0;0;0;0;0;0;0;0;0
FR;5;2021-12-10;0;0;0;0;0;0;0;0;0;0;0;0;0;0;0;0;0;0
FR;5;2021-12-11;0;0;0;0;0;0;0;0;0;0;0;0;0;0;0;0;0;0
FR;5;2021-12-12;0;0;0;0;0;0;0;0;0;0;0;0;0;0;0;0;0;0
FR;5;2021-12-13;0;0;0;0;0;0;0;0;0;0;0;0;0;0;0;0;0;0
FR;5;2021-12-14;33;45;77;0;27;88;1;0;0;33;45;77;0;27;88;1;0;0
FR;5;2021-12-15;196;44;37;0;42;49;0;0;0;229;89;114;0;69;137;1;0;0
FR;5;2021-12-16;181;21;44;0;38;48;0;0;0;410;110;158;0;107;185;1;0;0
FR;5;2021-12-17;312;16;72;0;34;74;2;0;0;722;126;230;0;141;259;3;0;0
FR;5;2021-12-18;766;24;22;0;67;29;0;0;0;1488;150;252;0;208;288;3;0;0
FR;5;2021-12-19;586;15;15;0;67;17;0;0;0;2074;165;267;0;275;305;3;0;0
FR;5;2021-12-20;1223;31;35;0;133;38;2;0;0;3297;196;302;0;408;343;5;0;0
FR;5;2021-12-21;1535;22;54;1;140;60;0;0;0;4832;218;356;1;548;403;5;0;0
FR;5;2021-12-22;4069;40;37;0;420;46;2;0;0;8901;258;393;1;968;449;7;0;0
FR;5;2021-12-23;3042;16;21;0;304;25;0;0;0;11943;274;414;1;1272;474;7;0;0
FR;5;2021-12-24;761;18;9;0;103;14;0;0;0;12704;292;423;1;1375;488;7;0;0
FR;5;2021-12-25;61;5;2;0;9;3;0;0;0;12765;297;425;1;1384;491;7;0;0
FR;5;2021-12-26;623;6;3;0;101;4;0;0;0;13388;303;428;1;1485;495;7;0;0
FR;5;2021-12-27;4085;25;21;0;456;23;1;0;0;17473;328;449;1;1941;518;8;0;0
FR;5;2021-12-28;5204;23;41;1;511;43;2;0;0;22677;351;490;2;2452;561;10;0;0
FR;5;2021-12-29;8106;34;66;2;886;69;1;0;0;30783;385;556;4;3338;630;11;0;0
FR;5;2021-12-30;5173;18;33;0;525;39;0;0;0;35956;403;589;4;3863;669;11;0;0
FR;5;2021-12-31;1553;8;10;0;181;11;0;0;0;37509;411;599;4;4044;680;11;0;0
FR;5;2022-01-01;185;2;2;0;24;3;0;0;0;37694;413;601;4;4068;683;11;0;0
FR;5;2022-01-02;1489;1;1;0;149;1;0;0;0;39183;414;602;4;4217;684;11;0;0
FR;5;2022-01-03;3066;36;34;0;320;33;1;0;0;42249;450;636;4;4537;717;12;0;0
FR;5;2022-01-04;3034;39;33;0;320;42;3;0;0;45283;489;669;4;4857;759;15;0;0
FR;5;2022-01-05;19323;203;97;1;2107;108;0;0;0;64606;692;766;5;6964;867;15;0;0
FR;5;2022-01-06;3748;134;122;0;507;142;2;0;0;68354;826;888;5;7471;1009;17;0;0
FR;5;2022-01-07;5007;202;48;2;702;56;1;0;0;73361;1028;936;7;8173;1065;18;0;0
FR;5;2022-01-08;13659;514;45;0;1997;52;0;0;0;87020;1542;981;7;10170;1117;18;0;0
FR;5;2022-01-09;5754;399;15;0;1111;20;1;0;0;92774;1941;996;7;11281;1137;19;0;0
FR;5;2022-01-10;3455;326;25;0;731;29;0;0;0;96229;2267;1021;7;12012;1166;19;0;0
FR;5;2022-01-11;3671;284;38;0;662;41;1;0;0;99900;2551;1059;7;12674;1207;20;0;0
FR;5;2022-01-12;22652;3005;89;0;5290;112;2;0;0;122552;5556;1148;7;17964;1319;22;0;0
FR;5;2022-01-13;4038;622;29;0;1051;31;2;0;0;126590;6178;1177;7;19015;1350;24;0;0
FR;5;2022-01-14;4843;582;44;0;1114;51;1;0;0;131433;6760;1221;7;20129;1401;25;0;0
FR;5;2022-01-15;14686;1746;38;3;3369;49;3;0;0;146119;8506;1259;10;23498;1450;28;0;0
FR;5;2022-01-16;4727;666;3;0;1259;5;0;0;0;150846;9172;1262;10;24757;1455;28;0;0
FR;5;2022-01-17;2297;718;26;0;986;29;0;0;0;153143;9890;1288;10;25743;1484;28;0;0
FR;5;2022-01-18;2431;870;30;0;1141;40;0;0;0;155574;10760;1318;10;26884;1524;28;0;0
FR;5;2022-01-19;18482;6423;74;2;8359;142;3;0;0;174056;17183;1392;12;35243;1666;31;0;0
FR;5;2022-01-20;1920;1068;25;0;1296;34;2;0;0;175976;18251;1417;12;36539;1700;33;0;0
FR;5;2022-01-21;3077;1372;47;1;1675;59;2;0;0;179053;19623;1464;13;38214;1759;35;0;0
FR;5;2022-01-22;10720;3454;33;1;4670;43;1;0;0;189773;23077;1497;14;42884;1802;36;0;0
FR;5;2022-01-23;2629;1415;6;0;1788;10;0;0;0;192402;24492;1503;14;44672;1812;36;0;0
FR;5;2022-01-24;1161;1340;19;0;1446;23;1;0;0;193563;25832;1522;14;46118;1835;37;0;0
FR;5;2022-01-25;1220;1549;20;2;1681;31;3;0;0;194783;27381;1542;16;47799;1866;40;0;0
FR;5;2022-01-26;10751;12029;50;1;13296;89;1;0;1;205534;39410;1592;17;61095;1955;41;0;1
FR;5;2022-01-27;1291;1692;10;0;1837;17;0;0;0;206825;41102;1602;17;62932;1972;41;0;1
FR;5;2022-01-28;1699;3347;16;0;3567;19;1;0;0;208524;44449;1618;17;66499;1991;42;0;1
FR;5;2022-01-29;6241;8041;68;0;8855;96;2;0;0;214765;52490;1686;17;75354;2087;44;0;1
FR;5;2022-01-30;1509;2950;5;0;3185;18;0;0;0;216274;55440;1691;17;78539;2105;44;0;1
FR;5;2022-01-31;589;1773;23;0;1837;24;3;0;0;216863;57213;1714;17;80376;2129;47;0;1
FR;5;2022-02-01;712;1706;10;0;1791;15;0;0;0;217575;58919;1724;17;82167;2144;47;0;1
FR;5;2022-02-02;6958;15656;52;0;16604;94;0;0;0;224533;74575;1776;17;98771;2238;47;0;1
FR;5;2022-02-03;491;1691;14;0;1748;13;5;0;0;225024;76266;1790;17;100519;2251;52;0;1
FR;5;2022-02-04;945;3002;19;0;3123;31;0;0;0;225969;79268;1809;17;103642;2282;52;0;1
FR;5;2022-02-05;3535;8919;23;0;9516;37;0;0;0;229504;88187;1832;17;113158;2319;52;0;1
FR;5;2022-02-06;737;2397;10;0;2556;19;0;0;0;230241;90584;1842;17;115714;2338;52;0;1
FR;5;2022-02-07;884;1596;23;0;1714;25;2;0;0;231125;92180;1865;17;117428;2363;54;0;1
FR;5;2022-02-08;723;1287;18;0;1407;20;2;0;0;231848;93467;1883;17;118835;2383;56;0;1
FR;5;2022-02-09;4544;12878;44;0;13605;76;1;0;0;236392;106345;1927;17;132440;2459;57;0;1
FR;5;2022-02-10;646;1059;14;0;1166;15;0;0;0;237038;107404;1941;17;133606;2474;57;0;1
FR;5;2022-02-11;793;2032;16;0;2163;21;1;0;0;237831;109436;1957;17;135769;2495;58;0;1
FR;5;2022-02-12;2286;6812;33;0;7279;53;0;0;0;240117;116248;1990;17;143048;2548;58;0;1
FR;5;2022-02-13;464;1540;8;0;1653;8;1;0;0;240581;117788;1998;17;144701;2556;59;0;1
FR;5;2022-02-14;678;1288;10;0;1407;13;1;0;0;241259;119076;2008;17;146108;2569;60;0;1
FR;5;2022-02-15;482;886;9;0;968;14;1;0;0;241741;119962;2017;17;147076;2583;61;0;1
FR;5;2022-02-16;2980;9123;41;1;9675;58;2;0;0;244721;129085;2058;18;156751;2641;63;0;1
FR;5;2022-02-17;436;809;6;0;876;7;1;0;0;245157;129894;2064;18;157627;2648;64;0;1
FR;5;2022-02-18;649;1408;13;0;1535;17;0;0;0;245806;131302;2077;18;159162;2665;64;0;1
FR;5;2022-02-19;1373;4315;16;0;4623;28;0;0;0;247179;135617;2093;18;163785;2693;64;0;1
FR;5;2022-02-20;247;879;6;0;941;8;0;0;0;247426;136496;2099;18;164726;2701;64;0;1
FR;5;2022-02-21;221;607;2;0;661;4;1;0;0;247647;137103;2101;18;165387;2705;65;0;1
FR;5;2022-02-22;262;545;17;0;592;17;1;0;0;247909;137648;2118;18;165979;2722;66;0;1
FR;5;2022-02-23;1909;6926;23;1;7346;43;0;0;0;249818;144574;2141;19;173325;2765;66;0;1
FR;5;2022-02-24;182;374;6;1;421;7;1;0;0;250000;144948;2147;20;173746;2772;67;0;1
FR;5;2022-02-25;336;950;13;0;1027;12;2;0;0;250336;145898;2160;20;174773;2784;69;0;1
FR;5;2022-02-26;972;3071;11;0;3333;15;2;0;0;251308;148969;2171;20;178106;2799;71;0;1
FR;5;2022-02-27;151;506;0;0;549;3;0;0;0;251459;149475;2171;20;178655;2802;71;0;1
FR;5;2022-02-28;162;369;1;0;408;1;0;0;0;251621;149844;2172;20;179063;2803;71;0;1
FR;5;2022-03-01;130;280;6;0;315;7;1;0;0;251751;150124;2178;20;179378;2810;72;0;1
FR;5;2022-03-02;1241;4156;28;3;4496;40;3;0;0;252992;154280;2206;23;183874;2850;75;0;1
FR;5;2022-03-03;121;251;5;0;271;10;1;0;0;253113;154531;2211;23;184145;2860;76;0;1
FR;5;2022-03-04;197;488;13;0;538;14;2;0;0;253310;155019;2224;23;184683;2874;78;0;1
FR;5;2022-03-05;677;1990;8;0;2244;16;2;0;0;253987;157009;2232;23;186927;2890;80;0;1
FR;5;2022-03-06;108;260;0;0;310;0;0;0;0;254095;157269;2232;23;187237;2890;80;0;1
FR;5;2022-03-07;71;228;5;0;254;3;2;0;0;254166;157497;2237;23;187491;2893;82;0;1
FR;5;2022-03-08;46;134;7;1;141;8;3;0;0;254212;157631;2244;24;187632;2901;85;0;1
FR;5;2022-03-09;910;3078;24;0;3407;36;0;0;0;255122;160709;2268;24;191039;2937;85;0;1
FR;5;2022-03-10;82;202;9;0;215;13;3;0;0;255204;160911;2277;24;191254;2950;88;0;1
FR;5;2022-03-11;148;369;13;1;427;15;0;0;0;255352;161280;2290;25;191681;2965;88;0;1
FR;5;2022-03-12;758;1613;13;1;1976;30;0;0;0;256110;162893;2303;26;193657;2995;88;0;1
FR;5;2022-03-13;78;100;0;0;133;0;0;0;0;256188;162993;2303;26;193790;2995;88;0;1
FR;5;2022-03-14;67;119;7;1;139;7;1;0;0;256255;163112;2310;27;193929;3002;89;0;1
FR;5;2022-03-15;83;99;4;0;119;7;1;0;0;256338;163211;2314;27;194048;3009;90;0;1
FR;5;2022-03-16;882;1827;15;3;2228;36;7;0;0;257220;165038;2329;30;196276;3045;97;0;1
FR;5;2022-03-17;68;123;8;4;151;10;4;0;0;257288;165161;2337;34;196427;3055;101;0;1
FR;5;2022-03-18;172;318;13;4;390;18;4;0;0;257460;165479;2350;38;196817;3073;105;0;1
FR;5;2022-03-19;751;1163;12;5;1554;33;8;0;0;258211;166642;2362;43;198371;3106;113;0;1
FR;5;2022-03-20;45;93;1;0;119;1;0;0;0;258256;166735;2363;43;198490;3107;113;0;1
FR;5;2022-03-21;71;120;10;6;136;15;8;0;0;258327;166855;2373;49;198626;3122;121;0;1
FR;5;2022-03-22;56;119;8;7;143;9;6;0;0;258383;166974;2381;56;198769;3131;127;0;1
FR;5;2022-03-23;805;1461;14;8;1878;36;9;0;0;259188;168435;2395;64;200647;3167;136;0;1
FR;5;2022-03-24;70;93;8;7;118;7;10;0;0;259258;168528;2403;71;200765;3174;146;0;1
FR;5;2022-03-25;222;293;14;8;388;18;9;0;0;259480;168821;2417;79;201153;3192;155;0;1
FR;5;2022-03-26;707;853;12;5;1273;26;6;0;1;260187;169674;2429;84;202426;3218;161;0;2
FR;5;2022-03-27;75;81;0;0;124;3;0;0;0;260262;169755;2429;84;202550;3221;161;0;2
FR;5;2022-03-28;81;93;1;2;132;3;2;0;0;260343;169848;2430;86;202682;3224;163;0;2
FR;5;2022-03-29;71;82;10;4;113;12;5;0;0;260414;169930;2440;90;202795;3236;168;0;2
FR;5;2022-03-30;823;1116;16;13;1606;29;14;0;0;261237;171046;2456;103;204401;3265;182;0;2
FR;5;2022-03-31;102;125;1;4;173;6;4;0;0;261339;171171;2457;107;204574;3271;186;0;2
FR;5;2022-04-01;114;86;7;12;135;11;12;0;1;261453;171257;2464;119;204709;3282;198;0;3
FR;5;2022-04-02;330;349;3;3;535;15;4;0;0;261783;171606;2467;122;205244;3297;202;0;3
FR;5;2022-04-03;54;59;1;0;88;1;0;0;0;261837;171665;2468;122;205332;3298;202;0;3
FR;5;2022-04-04;40;57;4;1;70;8;2;0;0;261877;171722;2472;123;205402;3306;204;0;3
FR;5;2022-04-05;52;60;6;6;75;9;5;0;0;261929;171782;2478;129;205477;3315;209;0;3
FR;5;2022-04-06;421;439;7;15;678;16;15;0;0;262350;172221;2485;144;206155;3331;224;0;3
FR;5;2022-04-07;45;69;5;7;89;7;10;0;0;262395;172290;2490;151;206244;3338;234;0;3
FR;5;2022-04-08;134;112;12;13;174;14;15;0;0;262529;172402;2502;164;206418;3352;249;0;3
FR;5;2022-04-09;311;324;2;5;511;17;5;0;0;262840;172726;2504;169;206929;3369;254;0;3
FR;5;2022-04-10;44;31;2;0;61;2;1;0;0;262884;172757;2506;169;206990;3371;255;0;3
FR;5;2022-04-11;50;60;3;2;78;4;3;0;0;262934;172817;2509;171;207068;3375;258;0;3
FR;5;2022-04-12;59;54;3;3;78;5;3;0;0;262993;172871;2512;174;207146;3380;261;0;3
FR;5;2022-04-13;382;413;3;8;606;16;8;0;0;263375;173284;2515;182;207752;3396;269;0;3
FR;5;2022-04-14;48;51;5;5;68;9;3;0;0;263423;173335;2520;187;207820;3405;272;0;3
FR;5;2022-04-15;91;109;4;4;150;5;6;0;0;263514;173444;2524;191;207970;3410;278;0;3
FR;5;2022-04-16;188;184;2;1;265;13;1;0;0;263702;173628;2526;192;208235;3423;279;0;3
FR;5;2022-04-17;12;11;1;0;17;1;0;0;0;263714;173639;2527;192;208252;3424;279;0;3
FR;5;2022-04-18;9;10;2;0;11;3;1;0;0;263723;173649;2529;192;208263;3427;280;0;3
FR;5;2022-04-19;75;71;6;1;96;6;4;0;0;263798;173720;2535;193;208359;3433;284;0;3
FR;5;2022-04-20;361;349;9;6;522;12;7;0;0;264159;174069;2544;199;208881;3445;291;0;3
FR;5;2022-04-21;42;64;9;10;71;12;14;0;0;264201;174133;2553;209;208952;3457;305;0;3
FR;5;2022-04-22;113;96;5;4;144;5;5;0;0;264314;174229;2558;213;209096;3462;310;0;3
FR;5;2022-04-23;209;193;4;2;284;11;3;0;0;264523;174422;2562;215;209380;3473;313;0;3
FR;5;2022-04-24;37;35;0;0;50;3;0;0;0;264560;174457;2562;215;209430;3476;313;0;3
FR;5;2022-04-25;69;65;1;1;102;4;1;0;0;264629;174522;2563;216;209532;3480;314;0;3
FR;5;2022-04-26;60;63;2;1;85;5;1;0;0;264689;174585;2565;217;209617;3485;315;0;3
FR;5;2022-04-27;335;316;3;7;463;14;8;0;0;265024;174901;2568;224;210080;3499;323;0;3
FR;5;2022-04-28;81;54;4;5;81;8;7;0;0;265105;174955;2572;229;210161;3507;330;0;3
FR;5;2022-04-29;117;84;5;19;117;12;17;0;0;265222;175039;2577;248;210278;3519;347;0;3
FR;5;2022-04-30;183;114;2;3;184;10;4;0;0;265405;175153;2579;251;210462;3529;351;0;3
FR;5;2022-05-01;11;7;0;0;11;0;0;0;0;265416;175160;2579;251;210473;3529;351;0;3
FR;5;2022-05-02;52;28;4;5;48;2;7;0;0;265468;175188;2583;256;210521;3531;358;0;3
FR;5;2022-05-03;84;57;2;4;84;11;4;0;0;265552;175245;2585;260;210605;3542;362;0;3
FR;5;2022-05-04;278;205;1;2;324;7;2;0;0;265830;175450;2586;262;210929;3549;364;0;3
FR;5;2022-05-05;62;32;3;4;46;5;4;0;0;265892;175482;2589;266;210975;3554;368;0;3
FR;5;2022-05-06;105;65;2;3;106;5;3;0;0;265997;175547;2591;269;211081;3559;371;0;3
FR;5;2022-05-07;171;117;2;10;180;13;7;0;0;266168;175664;2593;279;211261;3572;378;0;3
FR;5;2022-05-08;8;8;0;0;9;2;0;0;0;266176;175672;2593;279;211270;3574;378;0;3
FR;5;2022-05-09;44;34;15;3;51;16;4;0;0;266220;175706;2608;282;211321;3590;382;0;3
FR;5;2022-05-10;54;49;3;4;67;5;5;0;0;266274;175755;2611;286;211388;3595;387;0;3
FR;5;2022-05-11;326;237;12;7;344;21;11;0;0;266600;175992;2623;293;211732;3616;398;0;3
FR;5;2022-05-12;46;34;2;2;46;2;3;0;0;266646;176026;2625;295;211778;3618;401;0;3
FR;5;2022-05-13;109;83;3;8;119;8;7;0;0;266755;176109;2628;303;211897;3626;408;0;3
FR;5;2022-05-14;209;131;0;1;212;8;0;0;0;266964;176240;2628;304;212109;3634;408;0;3
FR;5;2022-05-15;22;9;2;0;18;1;1;0;0;266986;176249;2630;304;212127;3635;409;0;3
FR;5;2022-05-16;52;34;4;5;53;4;5;0;0;267038;176283;2634;309;212180;3639;414;0;3
FR;5;2022-05-17;72;40;5;0;68;2;3;0;0;267110;176323;2639;309;212248;3641;417;0;3
FR;5;2022-05-18;289;215;4;4;330;8;6;0;0;267399;176538;2643;313;212578;3649;423;0;3
FR;5;2022-05-19;45;35;5;3;42;3;4;0;0;267444;176573;2648;316;212620;3652;427;0;3
FR;5;2022-05-20;76;63;3;10;92;1;11;0;0;267520;176636;2651;326;212712;3653;438;0;3
FR;5;2022-05-21;242;166;2;3;268;17;1;0;0;267762;176802;2653;329;212980;3670;439;0;3
FR;5;2022-05-22;20;14;2;5;20;2;6;0;0;267782;176816;2655;334;213000;3672;445;0;3
FR;5;2022-05-23;42;31;4;3;42;6;3;0;0;267824;176847;2659;337;213042;3678;448;0;3
FR;5;2022-05-24;47;45;3;2;60;5;2;0;0;267871;176892;2662;339;213102;3683;450;0;3
FR;5;2022-05-25;329;257;4;1;385;16;1;0;0;268200;177149;2666;340;213487;3699;451;0;3
FR;5;2022-05-26;17;5;0;1;9;2;0;0;1;268217;177154;2666;341;213496;3701;451;0;4
FR;5;2022-05-27;99;54;4;4;89;9;3;0;0;268316;177208;2670;345;213585;3710;454;0;4
FR;5;2022-05-28;100;78;5;3;106;10;3;0;0;268416;177286;2675;348;213691;3720;457;0;4
FR;5;2022-05-29;14;14;1;0;18;2;0;0;0;268430;177300;2676;348;213709;3722;457;0;4
FR;5;2022-05-30;56;41;2;1;54;2;2;0;0;268486;177341;2678;349;213763;3724;459;0;4
FR;5;2022-05-31;57;43;1;8;62;1;8;0;0;268543;177384;2679;357;213825;3725;467;0;4
FR;5;2022-06-01;257;241;9;2;301;25;5;0;0;268800;177625;2688;359;214126;3750;472;0;4
FR;5;2022-06-02;63;61;5;0;73;9;1;0;0;268863;177686;2693;359;214199;3759;473;0;4
FR;5;2022-06-03;82;71;4;5;88;10;6;0;0;268945;177757;2697;364;214287;3769;479;0;4
FR;5;2022-06-04;157;109;2;1;187;9;1;0;0;269102;177866;2699;365;214474;3778;480;0;4
FR;5;2022-06-05;18;11;0;0;21;1;0;0;0;269120;177877;2699;365;214495;3779;480;0;4
FR;5;2022-06-06;16;9;0;1;12;0;1;0;0;269136;177886;2699;366;214507;3779;481;0;4
FR;5;2022-06-07;50;56;1;1;76;2;1;0;0;269186;177942;2700;367;214583;3781;482;0;4
FR;5;2022-06-08;283;225;3;4;332;17;2;0;0;269469;178167;2703;371;214915;3798;484;0;4
FR;5;2022-06-09;52;41;6;3;57;7;2;0;1;269521;178208;2709;374;214972;3805;486;0;5
FR;5;2022-06-10;81;72;1;1;105;6;1;0;0;269602;178280;2710;375;215077;3811;487;0;5
FR;5;2022-06-11;173;141;3;3;202;10;4;0;0;269775;178421;2713;378;215279;3821;491;0;5
FR;5;2022-06-12;17;16;0;0;19;2;0;0;0;269792;178437;2713;378;215298;3823;491;0;5
FR;5;2022-06-13;56;47;9;3;70;10;6;0;0;269848;178484;2722;381;215368;3833;497;0;5
FR;5;2022-06-14;59;56;1;4;64;6;4;0;0;269907;178540;2723;385;215432;3839;501;0;5
FR;5;2022-06-15;266;260;5;2;363;27;1;0;0;270173;178800;2728;387;215795;3866;502;0;5
FR;5;2022-06-16;47;30;5;2;44;5;2;0;0;270220;178830;2733;389;215839;3871;504;0;5
FR;5;2022-06-17;100;67;5;5;102;10;5;0;0;270320;178897;2738;394;215941;3881;509;0;5
FR;5;2022-06-18;146;95;10;2;152;26;2;0;1;270466;178992;2748;396;216093;3907;511;0;6
FR;5;2022-06-19;26;15;0;1;18;4;1;0;0;270492;179007;2748;397;216111;3911;512;0;6
FR;5;2022-06-20;56;50;8;0;62;11;2;0;0;270548;179057;2756;397;216173;3922;514;0;6
FR;5;2022-06-21;52;73;5;3;90;7;5;0;1;270600;179130;2761;400;216263;3929;519;0;7
FR;5;2022-06-22;224;247;7;9;347;33;10;0;0;270824;179377;2768;409;216610;3962;529;0;7
FR;5;2022-06-23;50;38;2;5;43;6;6;0;0;270874;179415;2770;414;216653;3968;535;0;7
FR;5;2022-06-24;91;70;12;5;101;16;8;0;0;270965;179485;2782;419;216754;3984;543;0;7
FR;5;2022-06-25;154;124;3;7;185;14;8;0;1;271119;179609;2785;426;216939;3998;551;0;8
FR;5;2022-06-26;26;19;2;0;29;5;0;0;0;271145;179628;2787;426;216968;4003;551;0;8
FR;5;2022-06-27;57;60;5;7;78;11;9;0;0;271202;179688;2792;433;217046;4014;560;0;8
FR;5;2022-06-28;70;49;8;2;69;14;5;0;0;271272;179737;2800;435;217115;4028;565;0;8
FR;5;2022-06-29;297;268;9;21;391;34;23;0;0;271569;180005;2809;456;217506;4062;588;0;8
FR;5;2022-06-30;89;57;10;12;89;17;11;0;0;271658;180062;2819;468;217595;4079;599;0;8
FR;5;2022-07-01;127;65;7;11;118;12;11;0;2;271785;180127;2826;479;217713;4091;610;0;10
FR;5;2022-07-02;191;132;4;0;209;22;0;0;0;271976;180259;2830;479;217922;4113;610;0;10
FR;5;2022-07-03;30;25;1;0;36;4;0;0;0;272006;180284;2831;479;217958;4117;610;0;10
FR;5;2022-07-04;103;64;2;5;102;6;5;0;1;272109;180348;2833;484;218060;4123;615;0;11
FR;5;2022-07-05;104;72;3;8;107;13;8;0;1;272213;180420;2836;492;218167;4136;623;0;12
FR;5;2022-07-06;277;168;9;36;289;27;36;0;0;272490;180588;2845;528;218456;4163;659;0;12
FR;5;2022-07-07;88;68;6;9;88;13;11;0;0;272578;180656;2851;537;218544;4176;670;0;12
FR;5;2022-07-08;152;120;7;14;146;25;13;0;1;272730;180776;2858;551;218690;4201;683;0;13
FR;5;2022-07-09;116;68;1;8;100;10;8;0;0;272846;180844;2859;559;218790;4211;691;0;13
FR;5;2022-07-10;15;6;0;0;10;1;0;0;0;272861;180850;2859;559;218800;4212;691;0;13
FR;5;2022-07-11;92;72;10;2;98;19;3;0;0;272953;180922;2869;561;218898;4231;694;0;13
FR;5;2022-07-12;67;63;5;10;81;7;12;0;0;273020;180985;2874;571;218979;4238;706;0;13
FR;5;2022-07-13;169;118;10;19;196;16;23;0;0;273189;181103;2884;590;219175;4254;729;0;13
FR;5;2022-07-14;8;4;0;0;7;0;0;0;0;273197;181107;2884;590;219182;4254;729;0;13
FR;5;2022-07-15;74;66;5;14;86;15;15;0;0;273271;181173;2889;604;219268;4269;744;0;13
FR;5;2022-07-16;54;44;3;0;71;3;2;0;0;273325;181217;2892;604;219339;4272;746;0;13
FR;5;2022-07-17;10;7;3;0;10;2;2;0;0;273335;181224;2895;604;219349;4274;748;0;13
FR;5;2022-07-18;60;47;0;4;70;4;3;0;0;273395;181271;2895;608;219419;4278;751;0;13
FR;5;2022-07-19;63;42;5;3;63;7;4;0;0;273458;181313;2900;611;219482;4285;755;0;13
FR;5;2022-07-20;119;106;4;11;141;14;9;0;0;273577;181419;2904;622;219623;4299;764;0;13
FR;5;2022-07-21;38;43;2;10;52;5;10;0;0;273615;181462;2906;632;219675;4304;774;0;13
FR;5;2022-07-22;48;69;11;13;75;23;11;0;1;273663;181531;2917;645;219750;4327;785;0;14
FR;5;2022-07-23;59;78;2;1;95;11;2;0;0;273722;181609;2919;646;219845;4338;787;0;14
FR;5;2022-07-24;11;9;3;1;12;3;1;0;0;273733;181618;2922;647;219857;4341;788;0;14
FR;5;2022-07-25;53;48;2;7;57;8;8;0;0;273786;181666;2924;654;219914;4349;796;0;14
FR;5;2022-07-26;58;52;5;41;70;6;44;0;0;273844;181718;2929;695;219984;4355;840;0;14
FR;5;2022-07-27;106;118;4;4;161;13;4;0;0;273950;181836;2933;699;220145;4368;844;0;14
FR;5;2022-07-28;39;35;2;2;47;6;1;0;0;273989;181871;2935;701;220192;4374;845;0;14
FR;5;2022-07-29;56;74;3;14;90;8;10;0;0;274045;181945;2938;715;220282;4382;855;0;14
FR;5;2022-07-30;55;53;5;1;75;7;2;0;0;274100;181998;2943;716;220357;4389;857;0;14
FR;5;2022-07-31;7;11;1;0;13;1;0;0;0;274107;182009;2944;716;220370;4390;857;0;14
FR;5;2022-08-01;39;53;1;2;62;6;2;0;0;274146;182062;2945;718;220432;4396;859;0;14
FR;5;2022-08-02;32;43;8;7;47;8;7;0;1;274178;182105;2953;725;220479;4404;866;0;15
FR;5;2022-08-03;54;51;4;10;70;9;8;0;0;274232;182156;2957;735;220549;4413;874;0;15
FR;5;2022-08-04;20;18;1;6;22;1;6;0;0;274252;182174;2958;741;220571;4414;880;0;15
FR;5;2022-08-05;35;26;3;3;39;3;3;0;0;274287;182200;2961;744;220610;4417;883;0;15
FR;5;2022-08-06;23;26;1;0;31;1;0;0;0;274310;182226;2962;744;220641;4418;883;0;15
FR;5;2022-08-07;2;2;1;0;1;1;1;0;0;274312;182228;2963;744;220642;4419;884;0;15
FR;5;2022-08-08;26;19;1;2;24;2;1;0;0;274338;182247;2964;746;220666;4421;885;0;15
FR;5;2022-08-09;26;28;3;3;35;3;3;0;0;274364;182275;2967;749;220701;4424;888;0;15
FR;5;2022-08-10;47;47;2;0;56;5;0;0;0;274411;182322;2969;749;220757;4429;888;0;15
FR;5;2022-08-11;19;36;2;2;42;5;2;0;0;274430;182358;2971;751;220799;4434;890;0;15
FR;5;2022-08-12;27;28;2;0;39;2;0;0;0;274457;182386;2973;751;220838;4436;890;0;15
FR;5;2022-08-13;16;18;0;0;24;0;0;0;0;274473;182404;2973;751;220862;4436;890;0;15
FR;5;2022-08-14;2;3;0;0;4;0;0;0;0;274475;182407;2973;751;220866;4436;890;0;15
FR;5;2022-08-15;2;5;0;0;5;0;0;0;0;274477;182412;2973;751;220871;4436;890;0;15
FR;5;2022-08-16;33;26;3;0;28;6;0;0;0;274510;182438;2976;751;220899;4442;890;0;15
FR;5;2022-08-17;52;55;2;1;71;1;1;0;0;274562;182493;2978;752;220970;4443;891;0;15
FR;5;2022-08-18;26;18;8;17;25;10;16;0;0;274588;182511;2986;769;220995;4453;907;0;15
FR;5;2022-08-19;25;33;1;2;41;2;2;0;0;274613;182544;2987;771;221036;4455;909;0;15
FR;5;2022-08-20;25;27;2;1;33;4;2;0;0;274638;182571;2989;772;221069;4459;911;0;15
FR;5;2022-08-21;7;4;1;0;7;1;0;0;0;274645;182575;2990;772;221076;4460;911;0;15
FR;5;2022-08-22;39;26;1;6;42;2;5;0;1;274684;182601;2991;778;221118;4462;916;0;16
FR;5;2022-08-23;27;26;1;1;32;2;1;0;0;274711;182627;2992;779;221150;4464;917;0;16
FR;5;2022-08-24;50;43;0;0;62;0;0;0;0;274761;182670;2992;779;221212;4464;917;0;16
FR;5;2022-08-25;27;26;3;1;31;2;0;0;1;274788;182696;2995;780;221243;4466;917;0;17
FR;5;2022-08-26;48;39;7;2;58;5;4;0;0;274836;182735;3002;782;221301;4471;921;0;17
FR;5;2022-08-27;46;28;1;0;46;3;1;0;0;274882;182763;3003;782;221347;4474;922;0;17
FR;5;2022-08-28;5;6;0;0;6;0;0;0;0;274887;182769;3003;782;221353;4474;922;0;17
FR;5;2022-08-29;58;44;1;1;66;4;1;0;0;274945;182813;3004;783;221419;4478;923;0;17
FR;5;2022-08-30;43;23;12;29;40;10;30;0;1;274988;182836;3016;812;221459;4488;953;0;18
FR;5;2022-08-31;53;47;6;1;58;11;1;0;0;275041;182883;3022;813;221517;4499;954;0;18
FR;5;2022-09-01;14;8;1;4;13;1;4;0;0;275055;182891;3023;817;221530;4500;958;0;18
FR;5;2022-09-02;42;22;8;2;34;9;3;0;0;275097;182913;3031;819;221564;4509;961;0;18
FR;5;2022-09-03;69;37;2;0;58;2;0;0;0;275166;182950;3033;819;221622;4511;961;0;18
FR;5;2022-09-04;12;7;1;0;8;3;0;0;0;275178;182957;3034;819;221630;4514;961;0;18
FR;5;2022-09-05;7;4;1;0;4;1;0;0;0;275185;182961;3035;819;221634;4515;961;0;18
FR;5;2022-09-06;21;14;3;15;17;2;14;0;2;275206;182975;3038;834;221651;4517;975;0;20
FR;5;2022-09-07;79;53;1;1;77;3;1;0;0;275285;183028;3039;835;221728;4520;976;0;20
FR;5;2022-09-08;9;4;0;4;7;0;4;0;0;275294;183032;3039;839;221735;4520;980;0;20
FR;5;2022-09-09;40;11;9;2;14;10;3;0;0;275334;183043;3048;841;221749;4530;983;0;20
FR;5;2022-09-10;40;45;1;1;50;8;1;0;0;275374;183088;3049;842;221799;4538;984;0;20
FR;5;2022-09-11;3;3;0;0;3;1;0;0;0;275377;183091;3049;842;221802;4539;984;0;20
FR;5;2022-09-12;7;5;2;2;7;2;2;0;0;275384;183096;3051;844;221809;4541;986;0;20
FR;5;2022-09-13;9;6;0;1;4;3;1;0;0;275393;183102;3051;845;221813;4544;987;0;20
FR;5;2022-09-14;52;46;4;7;54;9;6;0;0;275445;183148;3055;852;221867;4553;993;0;20
FR;5;2022-09-15;11;13;2;3;11;5;3;0;0;275456;183161;3057;855;221878;4558;996;0;20
FR;5;2022-09-16;25;33;1;4;38;3;3;0;0;275481;183194;3058;859;221916;4561;999;0;20
FR;5;2022-09-17;60;43;1;1;51;5;1;0;0;275541;183237;3059;860;221967;4566;1000;0;20
FR;5;2022-09-18;9;6;0;1;10;1;0;0;0;275550;183243;3059;861;221977;4567;1000;0;20
FR;5;2022-09-19;22;17;2;1;20;5;2;0;0;275572;183260;3061;862;221997;4572;1002;0;20
FR;5;2022-09-20;15;11;3;3;15;1;4;0;0;275587;183271;3064;865;222012;4573;1006;0;20
FR;5;2022-09-21;68;45;9;0;65;13;0;0;0;275655;183316;3073;865;222077;4586;1006;0;20
FR;5;2022-09-22;12;6;4;24;6;4;23;0;1;275667;183322;3077;889;222083;4590;1029;0;21
FR;5;2022-09-23;20;24;2;3;22;8;3;0;0;275687;183346;3079;892;222105;4598;1032;0;21
FR;5;2022-09-24;44;51;1;8;65;5;8;0;0;275731;183397;3080;900;222170;4603;1040;0;21
FR;5;2022-09-25;6;12;0;0;13;1;0;0;0;275737;183409;3080;900;222183;4604;1040;0;21
FR;5;2022-09-26;15;7;0;2;12;0;1;0;1;275752;183416;3080;902;222195;4604;1041;0;22
FR;5;2022-09-27;7;12;4;9;14;4;9;0;1;275759;183428;3084;911;222209;4608;1050;0;23
FR;5;2022-09-28;65;64;5;0;88;7;0;0;0;275824;183492;3089;911;222297;4615;1050;0;23
FR;5;2022-09-29;17;9;1;0;15;1;1;0;1;275841;183501;3090;911;222312;4616;1051;0;24
FR;5;2022-09-30;28;44;2;2;51;4;3;0;0;275869;183545;3092;913;222363;4620;1054;0;24
FR;5;2022-10-01;39;35;5;5;48;8;7;0;0;275908;183580;3097;918;222411;4628;1061;0;24
FR;5;2022-10-02;1;9;1;0;10;1;0;0;0;275909;183589;3098;918;222421;4629;1061;0;24
FR;5;2022-10-03;7;6;3;0;5;4;0;0;0;275916;183595;3101;918;222426;4633;1061;0;24
FR;5;2022-10-04;11;8;0;3;11;1;3;0;0;275927;183603;3101;921;222437;4634;1064;0;24
FR;5;2022-10-05;57;61;2;2;78;13;2;0;0;275984;183664;3103;923;222515;4647;1066;0;24
FR;5;2022-10-06;12;10;0;4;15;1;4;0;0;275996;183674;3103;927;222530;4648;1070;0;24
FR;5;2022-10-07;21;31;1;0;34;5;0;0;0;276017;183705;3104;927;222564;4653;1070;0;24
FR;5;2022-10-08;33;51;1;0;52;7;0;0;0;276050;183756;3105;927;222616;4660;1070;0;24
FR;5;2022-10-09;7;10;0;0;11;1;0;0;0;276057;183766;3105;927;222627;4661;1070;0;24
FR;5;2022-10-10;14;6;0;1;8;1;1;0;0;276071;183772;3105;928;222635;4662;1071;0;24
FR;5;2022-10-11;6;13;2;1;14;2;2;0;0;276077;183785;3107;929;222649;4664;1073;0;24
FR;5;2022-10-12;39;57;3;2;69;8;2;0;0;276116;183842;3110;931;222718;4672;1075;0;24
FR;5;2022-10-13;11;16;2;0;18;4;0;0;0;276127;183858;3112;931;222736;4676;1075;0;24
FR;5;2022-10-14;21;21;1;0;20;5;0;0;0;276148;183879;3113;931;222756;4681;1075;0;24
FR;5;2022-10-15;19;26;10;0;24;11;2;0;0;276167;183905;3123;931;222780;4692;1077;0;24
FR;5;2022-10-16;3;1;0;0;1;1;0;0;0;276170;183906;3123;931;222781;4693;1077;0;24
FR;5;2022-10-17;8;8;2;1;8;3;1;0;2;276178;183914;3125;932;222789;4696;1078;0;26
FR;5;2022-10-18;6;7;0;2;8;0;2;0;0;276184;183921;3125;934;222797;4696;1080;0;26
FR;5;2022-10-19;38;42;8;0;51;11;0;0;1;276222;183963;3133;934;222848;4707;1080;0;27
FR;5;2022-10-20;18;15;2;1;16;3;1;0;0;276240;183978;3135;935;222864;4710;1081;0;27
FR;5;2022-10-21;22;15;6;0;19;8;1;0;2;276262;183993;3141;935;222883;4718;1082;0;29
FR;5;2022-10-22;34;28;2;12;31;5;12;0;0;276296;184021;3143;947;222914;4723;1094;0;29
FR;5;2022-10-23;9;3;0;0;4;0;0;0;0;276305;184024;3143;947;222918;4723;1094;0;29
FR;5;2022-10-24;14;7;6;7;9;9;8;0;0;276319;184031;3149;954;222927;4732;1102;0;29
FR;5;2022-10-25;12;9;6;3;9;8;3;0;2;276331;184040;3155;957;222936;4740;1105;0;31
FR;5;2022-10-26;34;22;6;0;29;10;0;0;0;276365;184062;3161;957;222965;4750;1105;0;31
FR;5;2022-10-27;16;4;4;0;11;4;0;0;0;276381;184066;3165;957;222976;4754;1105;0;31
FR;5;2022-10-28;19;13;5;3;14;6;4;0;0;276400;184079;3170;960;222990;4760;1109;0;31
FR;5;2022-10-29;21;13;0;0;17;3;0;0;0;276421;184092;3170;960;223007;4763;1109;0;31
FR;5;2022-10-30;1;4;2;0;4;3;0;0;0;276422;184096;3172;960;223011;4766;1109;0;31
FR;5;2022-10-31;14;11;2;1;12;3;1;0;0;276436;184107;3174;961;223023;4769;1110;0;31
FR;5;2022-11-01;1;1;0;1;1;0;1;0;0;276437;184108;3174;962;223024;4769;1111;0;31
FR;5;2022-11-02;23;17;5;4;23;5;5;0;0;276460;184125;3179;966;223047;4774;1116;0;31
FR;5;2022-11-03;22;4;1;1;11;1;1;0;0;276482;184129;3180;967;223058;4775;1117;0;31
FR;5;2022-11-04;19;17;1;0;17;2;0;0;0;276501;184146;3181;967;223075;4777;1117;0;31
FR;5;2022-11-05;25;16;1;0;21;1;0;0;0;276526;184162;3182;967;223096;4778;1117;0;31
FR;5;2022-11-06;1;7;0;0;7;0;0;0;0;276527;184169;3182;967;223103;4778;1117;0;31
FR;5;2022-11-07;4;3;3;0;3;3;0;0;0;276531;184172;3185;967;223106;4781;1117;0;31
FR;5;2022-11-08;11;7;1;2;8;1;1;0;0;276542;184179;3186;969;223114;4782;1118;0;31
FR;5;2022-11-09;28;29;6;1;32;6;1;0;0;276570;184208;3192;970;223146;4788;1119;0;31
FR;5;2022-11-10;11;15;1;0;16;1;0;0;0;276581;184223;3193;970;223162;4789;1119;0;31
FR;5;2022-11-11;2;4;0;1;6;0;1;0;0;276583;184227;3193;971;223168;4789;1120;0;31
FR;5;2022-11-12;19;10;5;9;18;6;9;0;2;276602;184237;3198;980;223186;4795;1129;0;33
FR;5;2022-11-13;2;2;0;1;2;0;1;0;0;276604;184239;3198;981;223188;4795;1130;0;33
FR;5;2022-11-14;8;10;0;1;9;3;0;0;0;276612;184249;3198;982;223197;4798;1130;0;33
FR;5;2022-11-15;8;6;4;3;6;4;3;0;0;276620;184255;3202;985;223203;4802;1133;0;33
FR;5;2022-11-16;29;28;2;1;32;5;0;0;0;276649;184283;3204;986;223235;4807;1133;0;33
FR;5;2022-11-17;6;15;2;0;15;3;0;0;0;276655;184298;3206;986;223250;4810;1133;0;33
FR;5;2022-11-18;15;17;6;0;18;8;0;0;0;276670;184315;3212;986;223268;4818;1133;0;33
FR;5;2022-11-19;18;27;2;0;27;6;0;0;0;276688;184342;3214;986;223295;4824;1133;0;33
FR;5;2022-11-20;6;3;0;0;4;0;0;0;0;276694;184345;3214;986;223299;4824;1133;0;33
FR;5;2022-11-21;8;5;0;2;4;2;1;0;0;276702;184350;3214;988;223303;4826;1134;0;33
FR;5;2022-11-22;9;3;0;1;4;0;1;0;0;276711;184353;3214;989;223307;4826;1135;0;33
FR;5;2022-11-23;34;24;6;1;24;13;0;0;0;276745;184377;3220;990;223331;4839;1135;0;33
FR;5;2022-11-24;3;7;2;1;8;1;2;0;0;276748;184384;3222;991;223339;4840;1137;0;33
FR;5;2022-11-25;14;20;1;0;24;2;0;0;1;276762;184404;3223;991;223363;4842;1137;0;34
FR;5;2022-11-26;21;19;4;0;19;8;0;0;0;276783;184423;3227;991;223382;4850;1137;0;34
FR;5;2022-11-27;7;0;1;0;1;1;0;0;0;276790;184423;3228;991;223383;4851;1137;0;34
FR;6;2020-12-27;0;0;0;0;0;0;0;0;0;0;0;0;0;0;0;0;0;0
FR;6;2020-12-28;0;0;0;0;0;0;0;0;0;0;0;0;0;0;0;0;0;0
FR;6;2020-12-29;0;0;0;0;0;0;0;0;0;0;0;0;0;0;0;0;0;0
FR;6;2020-12-30;0;0;0;0;0;0;0;0;0;0;0;0;0;0;0;0;0;0
FR;6;2020-12-31;0;0;0;0;0;0;0;0;0;0;0;0;0;0;0;0;0;0
FR;6;2021-01-01;0;0;0;0;0;0;0;0;0;0;0;0;0;0;0;0;0;0
FR;6;2021-01-02;0;0;0;0;0;0;0;0;0;0;0;0;0;0;0;0;0;0
FR;6;2021-01-03;0;0;0;0;0;0;0;0;0;0;0;0;0;0;0;0;0;0
FR;6;2021-01-04;0;0;0;0;0;0;0;0;0;0;0;0;0;0;0;0;0;0
FR;6;2021-01-05;0;0;0;0;0;0;0;0;0;0;0;0;0;0;0;0;0;0
FR;6;2021-01-06;0;0;0;0;0;0;0;0;0;0;0;0;0;0;0;0;0;0
FR;6;2021-01-07;0;0;0;0;0;0;0;0;0;0;0;0;0;0;0;0;0;0
FR;6;2021-01-08;0;0;0;0;0;0;0;0;0;0;0;0;0;0;0;0;0;0
FR;6;2021-01-09;0;0;0;0;0;0;0;0;0;0;0;0;0;0;0;0;0;0
FR;6;2021-01-10;0;0;0;0;0;0;0;0;0;0;0;0;0;0;0;0;0;0
FR;6;2021-01-11;0;0;0;0;0;0;0;0;0;0;0;0;0;0;0;0;0;0
FR;6;2021-01-12;0;0;0;0;0;0;0;0;0;0;0;0;0;0;0;0;0;0
FR;6;2021-01-13;0;0;0;0;0;0;0;0;0;0;0;0;0;0;0;0;0;0
FR;6;2021-01-14;0;0;0;0;0;0;0;0;0;0;0;0;0;0;0;0;0;0
FR;6;2021-01-15;0;0;0;0;0;0;0;0;0;0;0;0;0;0;0;0;0;0
FR;6;2021-01-16;0;0;0;0;0;0;0;0;0;0;0;0;0;0;0;0;0;0
FR;6;2021-01-17;0;0;0;0;0;0;0;0;0;0;0;0;0;0;0;0;0;0
FR;6;2021-01-18;0;0;0;0;0;0;0;0;0;0;0;0;0;0;0;0;0;0
FR;6;2021-01-19;0;0;0;0;0;0;0;0;0;0;0;0;0;0;0;0;0;0
FR;6;2021-01-20;0;0;0;0;0;0;0;0;0;0;0;0;0;0;0;0;0;0
FR;6;2021-01-21;0;0;0;0;0;0;0;0;0;0;0;0;0;0;0;0;0;0
FR;6;2021-01-22;0;0;0;0;0;0;0;0;0;0;0;0;0;0;0;0;0;0
FR;6;2021-01-23;0;0;0;0;0;0;0;0;0;0;0;0;0;0;0;0;0;0
FR;6;2021-01-24;0;0;0;0;0;0;0;0;0;0;0;0;0;0;0;0;0;0
FR;6;2021-01-25;0;0;0;0;0;0;0;0;0;0;0;0;0;0;0;0;0;0
FR;6;2021-01-26;0;0;0;0;0;0;0;0;0;0;0;0;0;0;0;0;0;0
FR;6;2021-01-27;0;0;0;0;0;0;0;0;0;0;0;0;0;0;0;0;0;0
FR;6;2021-01-28;0;0;0;0;0;0;0;0;0;0;0;0;0;0;0;0;0;0
FR;6;2021-01-29;0;0;0;0;0;0;0;0;0;0;0;0;0;0;0;0;0;0
FR;6;2021-01-30;0;0;0;0;0;0;0;0;0;0;0;0;0;0;0;0;0;0
FR;6;2021-01-31;0;0;0;0;0;0;0;0;0;0;0;0;0;0;0;0;0;0
FR;6;2021-02-01;0;0;0;0;0;0;0;0;0;0;0;0;0;0;0;0;0;0
FR;6;2021-02-02;0;0;0;0;0;0;0;0;0;0;0;0;0;0;0;0;0;0
FR;6;2021-02-03;0;0;0;0;0;0;0;0;0;0;0;0;0;0;0;0;0;0
FR;6;2021-02-04;0;0;0;0;0;0;0;0;0;0;0;0;0;0;0;0;0;0
FR;6;2021-02-05;0;0;0;0;0;0;0;0;0;0;0;0;0;0;0;0;0;0
FR;6;2021-02-06;0;0;0;0;0;0;0;0;0;0;0;0;0;0;0;0;0;0
FR;6;2021-02-07;0;0;0;0;0;0;0;0;0;0;0;0;0;0;0;0;0;0
FR;6;2021-02-08;0;0;0;0;0;0;0;0;0;0;0;0;0;0;0;0;0;0
FR;6;2021-02-09;0;0;0;0;0;0;0;0;0;0;0;0;0;0;0;0;0;0
FR;6;2021-02-10;0;0;0;0;0;0;0;0;0;0;0;0;0;0;0;0;0;0
FR;6;2021-02-11;0;0;0;0;0;0;0;0;0;0;0;0;0;0;0;0;0;0
FR;6;2021-02-12;0;0;0;0;0;0;0;0;0;0;0;0;0;0;0;0;0;0
FR;6;2021-02-13;0;0;0;0;0;0;0;0;0;0;0;0;0;0;0;0;0;0
FR;6;2021-02-14;0;0;0;0;0;0;0;0;0;0;0;0;0;0;0;0;0;0
FR;6;2021-02-15;0;0;0;0;0;0;0;0;0;0;0;0;0;0;0;0;0;0
FR;6;2021-02-16;0;0;0;0;0;0;0;0;0;0;0;0;0;0;0;0;0;0
FR;6;2021-02-17;0;0;0;0;0;0;0;0;0;0;0;0;0;0;0;0;0;0
FR;6;2021-02-18;0;0;0;0;0;0;0;0;0;0;0;0;0;0;0;0;0;0
FR;6;2021-02-19;0;0;0;0;0;0;0;0;0;0;0;0;0;0;0;0;0;0
FR;6;2021-02-20;0;0;0;0;0;0;0;0;0;0;0;0;0;0;0;0;0;0
FR;6;2021-02-21;0;0;0;0;0;0;0;0;0;0;0;0;0;0;0;0;0;0
FR;6;2021-02-22;0;0;0;0;0;0;0;0;0;0;0;0;0;0;0;0;0;0
FR;6;2021-02-23;0;0;0;0;0;0;0;0;0;0;0;0;0;0;0;0;0;0
FR;6;2021-02-24;0;0;0;0;0;0;0;0;0;0;0;0;0;0;0;0;0;0
FR;6;2021-02-25;0;0;0;0;0;0;0;0;0;0;0;0;0;0;0;0;0;0
FR;6;2021-02-26;0;0;0;0;0;0;0;0;0;0;0;0;0;0;0;0;0;0
FR;6;2021-02-27;0;0;0;0;0;0;0;0;0;0;0;0;0;0;0;0;0;0
FR;6;2021-02-28;0;0;0;0;0;0;0;0;0;0;0;0;0;0;0;0;0;0
FR;6;2021-03-01;0;0;0;0;0;0;0;0;0;0;0;0;0;0;0;0;0;0
FR;6;2021-03-02;0;0;0;0;0;0;0;0;0;0;0;0;0;0;0;0;0;0
FR;6;2021-03-03;0;0;0;0;0;0;0;0;0;0;0;0;0;0;0;0;0;0
FR;6;2021-03-04;0;0;0;0;0;0;0;0;0;0;0;0;0;0;0;0;0;0
FR;6;2021-03-05;0;0;0;0;0;0;0;0;0;0;0;0;0;0;0;0;0;0
FR;6;2021-03-06;0;0;0;0;0;0;0;0;0;0;0;0;0;0;0;0;0;0
FR;6;2021-03-07;0;0;0;0;0;0;0;0;0;0;0;0;0;0;0;0;0;0
FR;6;2021-03-08;0;0;0;0;0;0;0;0;0;0;0;0;0;0;0;0;0;0
FR;6;2021-03-09;0;0;0;0;0;0;0;0;0;0;0;0;0;0;0;0;0;0
FR;6;2021-03-10;0;0;0;0;0;0;0;0;0;0;0;0;0;0;0;0;0;0
FR;6;2021-03-11;0;0;0;0;0;0;0;0;0;0;0;0;0;0;0;0;0;0
FR;6;2021-03-12;0;0;0;0;0;0;0;0;0;0;0;0;0;0;0;0;0;0
FR;6;2021-03-13;0;0;0;0;0;0;0;0;0;0;0;0;0;0;0;0;0;0
FR;6;2021-03-14;0;0;0;0;0;0;0;0;0;0;0;0;0;0;0;0;0;0
FR;6;2021-03-15;0;0;0;0;0;0;0;0;0;0;0;0;0;0;0;0;0;0
FR;6;2021-03-16;0;0;0;0;0;0;0;0;0;0;0;0;0;0;0;0;0;0
FR;6;2021-03-17;0;0;0;0;0;0;0;0;0;0;0;0;0;0;0;0;0;0
FR;6;2021-03-18;0;0;0;0;0;0;0;0;0;0;0;0;0;0;0;0;0;0
FR;6;2021-03-19;0;0;0;0;0;0;0;0;0;0;0;0;0;0;0;0;0;0
FR;6;2021-03-20;0;0;0;0;0;0;0;0;0;0;0;0;0;0;0;0;0;0
FR;6;2021-03-21;0;0;0;0;0;0;0;0;0;0;0;0;0;0;0;0;0;0
FR;6;2021-03-22;0;0;0;0;0;0;0;0;0;0;0;0;0;0;0;0;0;0
FR;6;2021-03-23;0;0;0;0;0;0;0;0;0;0;0;0;0;0;0;0;0;0
FR;6;2021-03-24;0;0;0;0;0;0;0;0;0;0;0;0;0;0;0;0;0;0
FR;6;2021-03-25;0;0;0;0;0;0;0;0;0;0;0;0;0;0;0;0;0;0
FR;6;2021-03-26;0;0;0;0;0;0;0;0;0;0;0;0;0;0;0;0;0;0
FR;6;2021-03-27;0;0;0;0;0;0;0;0;0;0;0;0;0;0;0;0;0;0
FR;6;2021-03-28;0;0;0;0;0;0;0;0;0;0;0;0;0;0;0;0;0;0
FR;6;2021-03-29;0;0;0;0;0;0;0;0;0;0;0;0;0;0;0;0;0;0
FR;6;2021-03-30;0;0;0;0;0;0;0;0;0;0;0;0;0;0;0;0;0;0
FR;6;2021-03-31;0;0;0;0;0;0;0;0;0;0;0;0;0;0;0;0;0;0
FR;6;2021-04-01;0;0;0;0;0;0;0;0;0;0;0;0;0;0;0;0;0;0
FR;6;2021-04-02;0;0;0;0;0;0;0;0;0;0;0;0;0;0;0;0;0;0
FR;6;2021-04-03;0;0;0;0;0;0;0;0;0;0;0;0;0;0;0;0;0;0
FR;6;2021-04-04;0;0;0;0;0;0;0;0;0;0;0;0;0;0;0;0;0;0
FR;6;2021-04-05;0;0;0;0;0;0;0;0;0;0;0;0;0;0;0;0;0;0
FR;6;2021-04-06;0;0;0;0;0;0;0;0;0;0;0;0;0;0;0;0;0;0
FR;6;2021-04-07;0;0;0;0;0;0;0;0;0;0;0;0;0;0;0;0;0;0
FR;6;2021-04-08;0;0;0;0;0;0;0;0;0;0;0;0;0;0;0;0;0;0
FR;6;2021-04-09;0;0;0;0;0;0;0;0;0;0;0;0;0;0;0;0;0;0
FR;6;2021-04-10;0;0;0;0;0;0;0;0;0;0;0;0;0;0;0;0;0;0
FR;6;2021-04-11;0;0;0;0;0;0;0;0;0;0;0;0;0;0;0;0;0;0
FR;6;2021-04-12;0;0;0;0;0;0;0;0;0;0;0;0;0;0;0;0;0;0
FR;6;2021-04-13;0;0;0;0;0;0;0;0;0;0;0;0;0;0;0;0;0;0
FR;6;2021-04-14;0;0;0;0;0;0;0;0;0;0;0;0;0;0;0;0;0;0
FR;6;2021-04-15;0;0;0;0;0;0;0;0;0;0;0;0;0;0;0;0;0;0
FR;6;2021-04-16;0;0;0;0;0;0;0;0;0;0;0;0;0;0;0;0;0;0
FR;6;2021-04-17;0;0;0;0;0;0;0;0;0;0;0;0;0;0;0;0;0;0
FR;6;2021-04-18;0;0;0;0;0;0;0;0;0;0;0;0;0;0;0;0;0;0
FR;6;2021-04-19;0;0;0;0;0;0;0;0;0;0;0;0;0;0;0;0;0;0
FR;6;2021-04-20;0;0;0;0;0;0;0;0;0;0;0;0;0;0;0;0;0;0
FR;6;2021-04-21;0;0;0;0;0;0;0;0;0;0;0;0;0;0;0;0;0;0
FR;6;2021-04-22;0;0;0;0;0;0;0;0;0;0;0;0;0;0;0;0;0;0
FR;6;2021-04-23;0;0;0;0;0;0;0;0;0;0;0;0;0;0;0;0;0;0
FR;6;2021-04-24;0;0;0;0;0;0;0;0;0;0;0;0;0;0;0;0;0;0
FR;6;2021-04-25;0;0;0;0;0;0;0;0;0;0;0;0;0;0;0;0;0;0
FR;6;2021-04-26;0;0;0;0;0;0;0;0;0;0;0;0;0;0;0;0;0;0
FR;6;2021-04-27;0;0;0;0;0;0;0;0;0;0;0;0;0;0;0;0;0;0
FR;6;2021-04-28;0;0;0;0;0;0;0;0;0;0;0;0;0;0;0;0;0;0
FR;6;2021-04-29;0;0;0;0;0;0;0;0;0;0;0;0;0;0;0;0;0;0
FR;6;2021-04-30;0;0;0;0;0;0;0;0;0;0;0;0;0;0;0;0;0;0
FR;6;2021-05-01;0;0;0;0;0;0;0;0;0;0;0;0;0;0;0;0;0;0
FR;6;2021-05-02;0;0;0;0;0;0;0;0;0;0;0;0;0;0;0;0;0;0
FR;6;2021-05-03;0;0;0;0;0;0;0;0;0;0;0;0;0;0;0;0;0;0
FR;6;2021-05-04;0;0;0;0;0;0;0;0;0;0;0;0;0;0;0;0;0;0
FR;6;2021-05-05;0;0;0;0;0;0;0;0;0;0;0;0;0;0;0;0;0;0
FR;6;2021-05-06;0;0;0;0;0;0;0;0;0;0;0;0;0;0;0;0;0;0
FR;6;2021-05-07;0;0;0;0;0;0;0;0;0;0;0;0;0;0;0;0;0;0
FR;6;2021-05-08;0;0;0;0;0;0;0;0;0;0;0;0;0;0;0;0;0;0
FR;6;2021-05-09;0;0;0;0;0;0;0;0;0;0;0;0;0;0;0;0;0;0
FR;6;2021-05-10;0;0;0;0;0;0;0;0;0;0;0;0;0;0;0;0;0;0
FR;6;2021-05-11;0;0;0;0;0;0;0;0;0;0;0;0;0;0;0;0;0;0
FR;6;2021-05-12;0;0;0;0;0;0;0;0;0;0;0;0;0;0;0;0;0;0
FR;6;2021-05-13;0;0;0;0;0;0;0;0;0;0;0;0;0;0;0;0;0;0
FR;6;2021-05-14;0;0;0;0;0;0;0;0;0;0;0;0;0;0;0;0;0;0
FR;6;2021-05-15;0;0;0;0;0;0;0;0;0;0;0;0;0;0;0;0;0;0
FR;6;2021-05-16;0;0;0;0;0;0;0;0;0;0;0;0;0;0;0;0;0;0
FR;6;2021-05-17;0;0;0;0;0;0;0;0;0;0;0;0;0;0;0;0;0;0
FR;6;2021-05-18;0;0;0;0;0;0;0;0;0;0;0;0;0;0;0;0;0;0
FR;6;2021-05-19;0;0;0;0;0;0;0;0;0;0;0;0;0;0;0;0;0;0
FR;6;2021-05-20;0;0;0;0;0;0;0;0;0;0;0;0;0;0;0;0;0;0
FR;6;2021-05-21;0;0;0;0;0;0;0;0;0;0;0;0;0;0;0;0;0;0
FR;6;2021-05-22;0;0;0;0;0;0;0;0;0;0;0;0;0;0;0;0;0;0
FR;6;2021-05-23;0;0;0;0;0;0;0;0;0;0;0;0;0;0;0;0;0;0
FR;6;2021-05-24;0;0;0;0;0;0;0;0;0;0;0;0;0;0;0;0;0;0
FR;6;2021-05-25;0;0;0;0;0;0;0;0;0;0;0;0;0;0;0;0;0;0
FR;6;2021-05-26;0;0;0;0;0;0;0;0;0;0;0;0;0;0;0;0;0;0
FR;6;2021-05-27;0;0;0;0;0;0;0;0;0;0;0;0;0;0;0;0;0;0
FR;6;2021-05-28;0;0;0;0;0;0;0;0;0;0;0;0;0;0;0;0;0;0
FR;6;2021-05-29;0;0;0;0;0;0;0;0;0;0;0;0;0;0;0;0;0;0
FR;6;2021-05-30;0;0;0;0;0;0;0;0;0;0;0;0;0;0;0;0;0;0
FR;6;2021-05-31;0;0;0;0;0;0;0;0;0;0;0;0;0;0;0;0;0;0
FR;6;2021-06-01;0;0;0;0;0;0;0;0;0;0;0;0;0;0;0;0;0;0
FR;6;2021-06-02;0;0;0;0;0;0;0;0;0;0;0;0;0;0;0;0;0;0
FR;6;2021-06-03;0;0;0;0;0;0;0;0;0;0;0;0;0;0;0;0;0;0
FR;6;2021-06-04;0;0;0;0;0;0;0;0;0;0;0;0;0;0;0;0;0;0
FR;6;2021-06-05;0;0;0;0;0;0;0;0;0;0;0;0;0;0;0;0;0;0
FR;6;2021-06-06;0;0;0;0;0;0;0;0;0;0;0;0;0;0;0;0;0;0
FR;6;2021-06-07;0;0;0;0;0;0;0;0;0;0;0;0;0;0;0;0;0;0
FR;6;2021-06-08;0;0;0;0;0;0;0;0;0;0;0;0;0;0;0;0;0;0
FR;6;2021-06-09;0;0;0;0;0;0;0;0;0;0;0;0;0;0;0;0;0;0
FR;6;2021-06-10;0;0;0;0;0;0;0;0;0;0;0;0;0;0;0;0;0;0
FR;6;2021-06-11;0;0;0;0;0;0;0;0;0;0;0;0;0;0;0;0;0;0
FR;6;2021-06-12;0;0;0;0;0;0;0;0;0;0;0;0;0;0;0;0;0;0
FR;6;2021-06-13;0;0;0;0;0;0;0;0;0;0;0;0;0;0;0;0;0;0
FR;6;2021-06-14;0;0;0;0;0;0;0;0;0;0;0;0;0;0;0;0;0;0
FR;6;2021-06-15;0;0;0;0;0;0;0;0;0;0;0;0;0;0;0;0;0;0
FR;6;2021-06-16;0;0;0;0;0;0;0;0;0;0;0;0;0;0;0;0;0;0
FR;6;2021-06-17;0;0;0;0;0;0;0;0;0;0;0;0;0;0;0;0;0;0
FR;6;2021-06-18;0;0;0;0;0;0;0;0;0;0;0;0;0;0;0;0;0;0
FR;6;2021-06-19;0;0;0;0;0;0;0;0;0;0;0;0;0;0;0;0;0;0
FR;6;2021-06-20;0;0;0;0;0;0;0;0;0;0;0;0;0;0;0;0;0;0
FR;6;2021-06-21;0;0;0;0;0;0;0;0;0;0;0;0;0;0;0;0;0;0
FR;6;2021-06-22;0;0;0;0;0;0;0;0;0;0;0;0;0;0;0;0;0;0
FR;6;2021-06-23;0;0;0;0;0;0;0;0;0;0;0;0;0;0;0;0;0;0
FR;6;2021-06-24;0;0;0;0;0;0;0;0;0;0;0;0;0;0;0;0;0;0
FR;6;2021-06-25;0;0;0;0;0;0;0;0;0;0;0;0;0;0;0;0;0;0
FR;6;2021-06-26;0;0;0;0;0;0;0;0;0;0;0;0;0;0;0;0;0;0
FR;6;2021-06-27;0;0;0;0;0;0;0;0;0;0;0;0;0;0;0;0;0;0
FR;6;2021-06-28;0;0;0;0;0;0;0;0;0;0;0;0;0;0;0;0;0;0
FR;6;2021-06-29;0;0;0;0;0;0;0;0;0;0;0;0;0;0;0;0;0;0
FR;6;2021-06-30;0;0;0;0;0;0;0;0;0;0;0;0;0;0;0;0;0;0
FR;6;2021-07-01;0;0;0;0;0;0;0;0;0;0;0;0;0;0;0;0;0;0
FR;6;2021-07-02;0;0;0;0;0;0;0;0;0;0;0;0;0;0;0;0;0;0
FR;6;2021-07-03;0;0;0;0;0;0;0;0;0;0;0;0;0;0;0;0;0;0
FR;6;2021-07-04;0;0;0;0;0;0;0;0;0;0;0;0;0;0;0;0;0;0
FR;6;2021-07-05;0;0;0;0;0;0;0;0;0;0;0;0;0;0;0;0;0;0
FR;6;2021-07-06;0;0;0;0;0;0;0;0;0;0;0;0;0;0;0;0;0;0
FR;6;2021-07-07;0;0;0;0;0;0;0;0;0;0;0;0;0;0;0;0;0;0
FR;6;2021-07-08;0;0;0;0;0;0;0;0;0;0;0;0;0;0;0;0;0;0
FR;6;2021-07-09;0;0;0;0;0;0;0;0;0;0;0;0;0;0;0;0;0;0
FR;6;2021-07-10;0;0;0;0;0;0;0;0;0;0;0;0;0;0;0;0;0;0
FR;6;2021-07-11;0;0;0;0;0;0;0;0;0;0;0;0;0;0;0;0;0;0
FR;6;2021-07-12;0;0;0;0;0;0;0;0;0;0;0;0;0;0;0;0;0;0
FR;6;2021-07-13;0;0;0;0;0;0;0;0;0;0;0;0;0;0;0;0;0;0
FR;6;2021-07-14;0;0;0;0;0;0;0;0;0;0;0;0;0;0;0;0;0;0
FR;6;2021-07-15;0;0;0;0;0;0;0;0;0;0;0;0;0;0;0;0;0;0
FR;6;2021-07-16;0;0;0;0;0;0;0;0;0;0;0;0;0;0;0;0;0;0
FR;6;2021-07-17;0;0;0;0;0;0;0;0;0;0;0;0;0;0;0;0;0;0
FR;6;2021-07-18;0;0;0;0;0;0;0;0;0;0;0;0;0;0;0;0;0;0
FR;6;2021-07-19;0;0;0;0;0;0;0;0;0;0;0;0;0;0;0;0;0;0
FR;6;2021-07-20;0;0;0;0;0;0;0;0;0;0;0;0;0;0;0;0;0;0
FR;6;2021-07-21;0;0;0;0;0;0;0;0;0;0;0;0;0;0;0;0;0;0
FR;6;2021-07-22;0;0;0;0;0;0;0;0;0;0;0;0;0;0;0;0;0;0
FR;6;2021-07-23;0;0;0;0;0;0;0;0;0;0;0;0;0;0;0;0;0;0
FR;6;2021-07-24;0;0;0;0;0;0;0;0;0;0;0;0;0;0;0;0;0;0
FR;6;2021-07-25;0;0;0;0;0;0;0;0;0;0;0;0;0;0;0;0;0;0
FR;6;2021-07-26;0;0;0;0;0;0;0;0;0;0;0;0;0;0;0;0;0;0
FR;6;2021-07-27;0;0;0;0;0;0;0;0;0;0;0;0;0;0;0;0;0;0
FR;6;2021-07-28;0;0;0;0;0;0;0;0;0;0;0;0;0;0;0;0;0;0
FR;6;2021-07-29;0;0;0;0;0;0;0;0;0;0;0;0;0;0;0;0;0;0
FR;6;2021-07-30;0;0;0;0;0;0;0;0;0;0;0;0;0;0;0;0;0;0
FR;6;2021-07-31;0;0;0;0;0;0;0;0;0;0;0;0;0;0;0;0;0;0
FR;6;2021-08-01;0;0;0;0;0;0;0;0;0;0;0;0;0;0;0;0;0;0
FR;6;2021-08-02;0;0;0;0;0;0;0;0;0;0;0;0;0;0;0;0;0;0
FR;6;2021-08-03;0;0;0;0;0;0;0;0;0;0;0;0;0;0;0;0;0;0
FR;6;2021-08-04;0;0;0;0;0;0;0;0;0;0;0;0;0;0;0;0;0;0
FR;6;2021-08-05;0;0;0;0;0;0;0;0;0;0;0;0;0;0;0;0;0;0
FR;6;2021-08-06;0;0;0;0;0;0;0;0;0;0;0;0;0;0;0;0;0;0
FR;6;2021-08-07;0;0;0;0;0;0;0;0;0;0;0;0;0;0;0;0;0;0
FR;6;2021-08-08;0;0;0;0;0;0;0;0;0;0;0;0;0;0;0;0;0;0
FR;6;2021-08-09;0;0;0;0;0;0;0;0;0;0;0;0;0;0;0;0;0;0
FR;6;2021-08-10;0;0;0;0;0;0;0;0;0;0;0;0;0;0;0;0;0;0
FR;6;2021-08-11;0;0;0;0;0;0;0;0;0;0;0;0;0;0;0;0;0;0
FR;6;2021-08-12;0;0;0;0;0;0;0;0;0;0;0;0;0;0;0;0;0;0
FR;6;2021-08-13;0;0;0;0;0;0;0;0;0;0;0;0;0;0;0;0;0;0
FR;6;2021-08-14;0;0;0;0;0;0;0;0;0;0;0;0;0;0;0;0;0;0
FR;6;2021-08-15;0;0;0;0;0;0;0;0;0;0;0;0;0;0;0;0;0;0
FR;6;2021-08-16;0;0;0;0;0;0;0;0;0;0;0;0;0;0;0;0;0;0
FR;6;2021-08-17;0;0;0;0;0;0;0;0;0;0;0;0;0;0;0;0;0;0
FR;6;2021-08-18;0;0;0;0;0;0;0;0;0;0;0;0;0;0;0;0;0;0
FR;6;2021-08-19;0;0;0;0;0;0;0;0;0;0;0;0;0;0;0;0;0;0
FR;6;2021-08-20;0;0;0;0;0;0;0;0;0;0;0;0;0;0;0;0;0;0
FR;6;2021-08-21;0;0;0;0;0;0;0;0;0;0;0;0;0;0;0;0;0;0
FR;6;2021-08-22;0;0;0;0;0;0;0;0;0;0;0;0;0;0;0;0;0;0
FR;6;2021-08-23;0;0;0;0;0;0;0;0;0;0;0;0;0;0;0;0;0;0
FR;6;2021-08-24;0;0;0;0;0;0;0;0;0;0;0;0;0;0;0;0;0;0
FR;6;2021-08-25;0;0;0;0;0;0;0;0;0;0;0;0;0;0;0;0;0;0
FR;6;2021-08-26;0;0;0;0;0;0;0;0;0;0;0;0;0;0;0;0;0;0
FR;6;2021-08-27;0;0;0;0;0;0;0;0;0;0;0;0;0;0;0;0;0;0
FR;6;2021-08-28;0;0;0;0;0;0;0;0;0;0;0;0;0;0;0;0;0;0
FR;6;2021-08-29;0;0;0;0;0;0;0;0;0;0;0;0;0;0;0;0;0;0
FR;6;2021-08-30;0;0;0;0;0;0;0;0;0;0;0;0;0;0;0;0;0;0
FR;6;2021-08-31;0;0;0;0;0;0;0;0;0;0;0;0;0;0;0;0;0;0
FR;6;2021-09-01;0;0;0;0;0;0;0;0;0;0;0;0;0;0;0;0;0;0
FR;6;2021-09-02;0;0;0;0;0;0;0;0;0;0;0;0;0;0;0;0;0;0
FR;6;2021-09-03;0;0;0;0;0;0;0;0;0;0;0;0;0;0;0;0;0;0
FR;6;2021-09-04;0;0;0;0;0;0;0;0;0;0;0;0;0;0;0;0;0;0
FR;6;2021-09-05;0;0;0;0;0;0;0;0;0;0;0;0;0;0;0;0;0;0
FR;6;2021-09-06;0;0;0;0;0;0;0;0;0;0;0;0;0;0;0;0;0;0
FR;6;2021-09-07;0;0;0;0;0;0;0;0;0;0;0;0;0;0;0;0;0;0
FR;6;2021-09-08;0;0;0;0;0;0;0;0;0;0;0;0;0;0;0;0;0;0
FR;6;2021-09-09;0;0;0;0;0;0;0;0;0;0;0;0;0;0;0;0;0;0
FR;6;2021-09-10;0;0;0;0;0;0;0;0;0;0;0;0;0;0;0;0;0;0
FR;6;2021-09-11;0;0;0;0;0;0;0;0;0;0;0;0;0;0;0;0;0;0
FR;6;2021-09-12;0;0;0;0;0;0;0;0;0;0;0;0;0;0;0;0;0;0
FR;6;2021-09-13;0;0;0;0;0;0;0;0;0;0;0;0;0;0;0;0;0;0
FR;6;2021-09-14;0;0;0;0;0;0;0;0;0;0;0;0;0;0;0;0;0;0
FR;6;2021-09-15;0;0;0;0;0;0;0;0;0;0;0;0;0;0;0;0;0;0
FR;6;2021-09-16;0;0;0;0;0;0;0;0;0;0;0;0;0;0;0;0;0;0
FR;6;2021-09-17;0;0;0;0;0;0;0;0;0;0;0;0;0;0;0;0;0;0
FR;6;2021-09-18;0;0;0;0;0;0;0;0;0;0;0;0;0;0;0;0;0;0
FR;6;2021-09-19;0;0;0;0;0;0;0;0;0;0;0;0;0;0;0;0;0;0
FR;6;2021-09-20;0;0;0;0;0;0;0;0;0;0;0;0;0;0;0;0;0;0
FR;6;2021-09-21;0;0;0;0;0;0;0;0;0;0;0;0;0;0;0;0;0;0
FR;6;2021-09-22;0;0;0;0;0;0;0;0;0;0;0;0;0;0;0;0;0;0
FR;6;2021-09-23;0;0;0;0;0;0;0;0;0;0;0;0;0;0;0;0;0;0
FR;6;2021-09-24;0;0;0;0;0;0;0;0;0;0;0;0;0;0;0;0;0;0
FR;6;2021-09-25;0;0;0;0;0;0;0;0;0;0;0;0;0;0;0;0;0;0
FR;6;2021-09-26;0;0;0;0;0;0;0;0;0;0;0;0;0;0;0;0;0;0
FR;6;2021-09-27;0;0;0;0;0;0;0;0;0;0;0;0;0;0;0;0;0;0
FR;6;2021-09-28;0;0;0;0;0;0;0;0;0;0;0;0;0;0;0;0;0;0
FR;6;2021-09-29;0;0;0;0;0;0;0;0;0;0;0;0;0;0;0;0;0;0
FR;6;2021-09-30;0;0;0;0;0;0;0;0;0;0;0;0;0;0;0;0;0;0
FR;6;2021-10-01;0;0;0;0;0;0;0;0;0;0;0;0;0;0;0;0;0;0
FR;6;2021-10-02;0;0;0;0;0;0;0;0;0;0;0;0;0;0;0;0;0;0
FR;6;2021-10-03;0;0;0;0;0;0;0;0;0;0;0;0;0;0;0;0;0;0
FR;6;2021-10-04;0;0;0;0;0;0;0;0;0;0;0;0;0;0;0;0;0;0
FR;6;2021-10-05;0;0;0;0;0;0;0;0;0;0;0;0;0;0;0;0;0;0
FR;6;2021-10-06;0;0;0;0;0;0;0;0;0;0;0;0;0;0;0;0;0;0
FR;6;2021-10-07;0;0;0;0;0;0;0;0;0;0;0;0;0;0;0;0;0;0
FR;6;2021-10-08;0;0;0;0;0;0;0;0;0;0;0;0;0;0;0;0;0;0
FR;6;2021-10-09;0;0;0;0;0;0;0;0;0;0;0;0;0;0;0;0;0;0
FR;6;2021-10-10;0;0;0;0;0;0;0;0;0;0;0;0;0;0;0;0;0;0
FR;6;2021-10-11;0;0;0;0;0;0;0;0;0;0;0;0;0;0;0;0;0;0
FR;6;2021-10-12;0;0;0;0;0;0;0;0;0;0;0;0;0;0;0;0;0;0
FR;6;2021-10-13;0;0;0;0;0;0;0;0;0;0;0;0;0;0;0;0;0;0
FR;6;2021-10-14;0;0;0;0;0;0;0;0;0;0;0;0;0;0;0;0;0;0
FR;6;2021-10-15;0;0;0;0;0;0;0;0;0;0;0;0;0;0;0;0;0;0
FR;6;2021-10-16;0;0;0;0;0;0;0;0;0;0;0;0;0;0;0;0;0;0
FR;6;2021-10-17;0;0;0;0;0;0;0;0;0;0;0;0;0;0;0;0;0;0
FR;6;2021-10-18;0;0;0;0;0;0;0;0;0;0;0;0;0;0;0;0;0;0
FR;6;2021-10-19;0;0;0;0;0;0;0;0;0;0;0;0;0;0;0;0;0;0
FR;6;2021-10-20;0;0;0;0;0;0;0;0;0;0;0;0;0;0;0;0;0;0
FR;6;2021-10-21;0;0;0;0;0;0;0;0;0;0;0;0;0;0;0;0;0;0
FR;6;2021-10-22;0;0;0;0;0;0;0;0;0;0;0;0;0;0;0;0;0;0
FR;6;2021-10-23;0;0;0;0;0;0;0;0;0;0;0;0;0;0;0;0;0;0
FR;6;2021-10-24;0;0;0;0;0;0;0;0;0;0;0;0;0;0;0;0;0;0
FR;6;2021-10-25;0;0;0;0;0;0;0;0;0;0;0;0;0;0;0;0;0;0
FR;6;2021-10-26;0;0;0;0;0;0;0;0;0;0;0;0;0;0;0;0;0;0
FR;6;2021-10-27;0;0;0;0;0;0;0;0;0;0;0;0;0;0;0;0;0;0
FR;6;2021-10-28;0;0;0;0;0;0;0;0;0;0;0;0;0;0;0;0;0;0
FR;6;2021-10-29;0;0;0;0;0;0;0;0;0;0;0;0;0;0;0;0;0;0
FR;6;2021-10-30;0;0;0;0;0;0;0;0;0;0;0;0;0;0;0;0;0;0
FR;6;2021-10-31;0;0;0;0;0;0;0;0;0;0;0;0;0;0;0;0;0;0
FR;6;2021-11-01;0;0;0;0;0;0;0;0;0;0;0;0;0;0;0;0;0;0
FR;6;2021-11-02;0;0;0;0;0;0;0;0;0;0;0;0;0;0;0;0;0;0
FR;6;2021-11-03;0;0;0;0;0;0;0;0;0;0;0;0;0;0;0;0;0;0
FR;6;2021-11-04;0;0;0;0;0;0;0;0;0;0;0;0;0;0;0;0;0;0
FR;6;2021-11-05;0;0;0;0;0;0;0;0;0;0;0;0;0;0;0;0;0;0
FR;6;2021-11-06;0;0;0;0;0;0;0;0;0;0;0;0;0;0;0;0;0;0
FR;6;2021-11-07;0;0;0;0;0;0;0;0;0;0;0;0;0;0;0;0;0;0
FR;6;2021-11-08;0;0;0;0;0;0;0;0;0;0;0;0;0;0;0;0;0;0
FR;6;2021-11-09;0;0;0;0;0;0;0;0;0;0;0;0;0;0;0;0;0;0
FR;6;2021-11-10;0;0;0;0;0;0;0;0;0;0;0;0;0;0;0;0;0;0
FR;6;2021-11-11;0;0;0;0;0;0;0;0;0;0;0;0;0;0;0;0;0;0
FR;6;2021-11-12;0;0;0;0;0;0;0;0;0;0;0;0;0;0;0;0;0;0
FR;6;2021-11-13;0;0;0;0;0;0;0;0;0;0;0;0;0;0;0;0;0;0
FR;6;2021-11-14;0;0;0;0;0;0;0;0;0;0;0;0;0;0;0;0;0;0
FR;6;2021-11-15;0;0;0;0;0;0;0;0;0;0;0;0;0;0;0;0;0;0
FR;6;2021-11-16;0;0;0;0;0;0;0;0;0;0;0;0;0;0;0;0;0;0
FR;6;2021-11-17;0;0;0;0;0;0;0;0;0;0;0;0;0;0;0;0;0;0
FR;6;2021-11-18;0;0;0;0;0;0;0;0;0;0;0;0;0;0;0;0;0;0
FR;6;2021-11-19;0;0;0;0;0;0;0;0;0;0;0;0;0;0;0;0;0;0
FR;6;2021-11-20;0;0;0;0;0;0;0;0;0;0;0;0;0;0;0;0;0;0
FR;6;2021-11-21;0;0;0;0;0;0;0;0;0;0;0;0;0;0;0;0;0;0
FR;6;2021-11-22;0;0;0;0;0;0;0;0;0;0;0;0;0;0;0;0;0;0
FR;6;2021-11-23;0;0;0;0;0;0;0;0;0;0;0;0;0;0;0;0;0;0
FR;6;2021-11-24;0;0;0;0;0;0;0;0;0;0;0;0;0;0;0;0;0;0
FR;6;2021-11-25;0;0;0;0;0;0;0;0;0;0;0;0;0;0;0;0;0;0
FR;6;2021-11-26;0;0;0;0;0;0;0;0;0;0;0;0;0;0;0;0;0;0
FR;6;2021-11-27;0;0;0;0;0;0;0;0;0;0;0;0;0;0;0;0;0;0
FR;6;2021-11-28;0;0;0;0;0;0;0;0;0;0;0;0;0;0;0;0;0;0
FR;6;2021-11-29;0;0;0;0;0;0;0;0;0;0;0;0;0;0;0;0;0;0
FR;6;2021-11-30;0;0;0;0;0;0;0;0;0;0;0;0;0;0;0;0;0;0
FR;6;2021-12-01;0;0;0;0;0;0;0;0;0;0;0;0;0;0;0;0;0;0
FR;6;2021-12-02;0;0;0;0;0;0;0;0;0;0;0;0;0;0;0;0;0;0
FR;6;2021-12-03;0;0;0;0;0;0;0;0;0;0;0;0;0;0;0;0;0;0
FR;6;2021-12-04;0;0;0;0;0;0;0;0;0;0;0;0;0;0;0;0;0;0
FR;6;2021-12-05;0;0;0;0;0;0;0;0;0;0;0;0;0;0;0;0;0;0
FR;6;2021-12-06;0;0;0;0;0;0;0;0;0;0;0;0;0;0;0;0;0;0
FR;6;2021-12-07;0;0;0;0;0;0;0;0;0;0;0;0;0;0;0;0;0;0
FR;6;2021-12-08;0;0;0;0;0;0;0;0;0;0;0;0;0;0;0;0;0;0
FR;6;2021-12-09;0;0;0;0;0;0;0;0;0;0;0;0;0;0;0;0;0;0
FR;6;2021-12-10;0;0;0;0;0;0;0;0;0;0;0;0;0;0;0;0;0;0
FR;6;2021-12-11;0;0;0;0;0;0;0;0;0;0;0;0;0;0;0;0;0;0
FR;6;2021-12-12;0;0;0;0;0;0;0;0;0;0;0;0;0;0;0;0;0;0
FR;6;2021-12-13;0;0;0;0;0;0;0;0;0;0;0;0;0;0;0;0;0;0
FR;6;2021-12-14;0;0;0;0;0;0;0;0;0;0;0;0;0;0;0;0;0;0
FR;6;2021-12-15;0;0;0;0;0;0;0;0;0;0;0;0;0;0;0;0;0;0
FR;6;2021-12-16;0;0;0;0;0;0;0;0;0;0;0;0;0;0;0;0;0;0
FR;6;2021-12-17;0;0;0;0;0;0;0;0;0;0;0;0;0;0;0;0;0;0
FR;6;2021-12-18;0;0;0;0;0;0;0;0;0;0;0;0;0;0;0;0;0;0
FR;6;2021-12-19;0;0;0;0;0;0;0;0;0;0;0;0;0;0;0;0;0;0
FR;6;2021-12-20;0;0;0;0;0;0;0;0;0;0;0;0;0;0;0;0;0;0
FR;6;2021-12-21;0;0;0;0;0;0;0;0;0;0;0;0;0;0;0;0;0;0
FR;6;2021-12-22;0;0;0;0;0;0;0;0;0;0;0;0;0;0;0;0;0;0
FR;6;2021-12-23;0;0;0;0;0;0;0;0;0;0;0;0;0;0;0;0;0;0
FR;6;2021-12-24;0;0;0;0;0;0;0;0;0;0;0;0;0;0;0;0;0;0
FR;6;2021-12-25;0;0;0;0;0;0;0;0;0;0;0;0;0;0;0;0;0;0
FR;6;2021-12-26;0;0;0;0;0;0;0;0;0;0;0;0;0;0;0;0;0;0
FR;6;2021-12-27;0;0;0;0;0;0;0;0;0;0;0;0;0;0;0;0;0;0
FR;6;2021-12-28;0;0;0;0;0;0;0;0;0;0;0;0;0;0;0;0;0;0
FR;6;2021-12-29;0;0;0;0;0;0;0;0;0;0;0;0;0;0;0;0;0;0
FR;6;2021-12-30;0;0;0;0;0;0;0;0;0;0;0;0;0;0;0;0;0;0
FR;6;2021-12-31;0;0;0;0;0;0;0;0;0;0;0;0;0;0;0;0;0;0
FR;6;2022-01-01;0;0;0;0;0;0;0;0;0;0;0;0;0;0;0;0;0;0
FR;6;2022-01-02;0;0;0;0;0;0;0;0;0;0;0;0;0;0;0;0;0;0
FR;6;2022-01-03;0;0;0;0;0;0;0;0;0;0;0;0;0;0;0;0;0;0
FR;6;2022-01-04;0;0;0;0;0;0;0;0;0;0;0;0;0;0;0;0;0;0
FR;6;2022-01-05;0;0;0;0;0;0;0;0;0;0;0;0;0;0;0;0;0;0
FR;6;2022-01-06;0;0;0;0;0;0;0;0;0;0;0;0;0;0;0;0;0;0
FR;6;2022-01-07;0;0;0;0;0;0;0;0;0;0;0;0;0;0;0;0;0;0
FR;6;2022-01-08;0;0;0;0;0;0;0;0;0;0;0;0;0;0;0;0;0;0
FR;6;2022-01-09;0;0;0;0;0;0;0;0;0;0;0;0;0;0;0;0;0;0
FR;6;2022-01-10;0;0;0;0;0;0;0;0;0;0;0;0;0;0;0;0;0;0
FR;6;2022-01-11;0;0;0;0;0;0;0;0;0;0;0;0;0;0;0;0;0;0
FR;6;2022-01-12;0;0;0;0;0;0;0;0;0;0;0;0;0;0;0;0;0;0
FR;6;2022-01-13;0;0;0;0;0;0;0;0;0;0;0;0;0;0;0;0;0;0
FR;6;2022-01-14;0;0;0;0;0;0;0;0;0;0;0;0;0;0;0;0;0;0
FR;6;2022-01-15;0;0;0;0;0;0;0;0;0;0;0;0;0;0;0;0;0;0
FR;6;2022-01-16;0;0;0;0;0;0;0;0;0;0;0;0;0;0;0;0;0;0
FR;6;2022-01-17;0;0;0;0;0;0;0;0;0;0;0;0;0;0;0;0;0;0
FR;6;2022-01-18;0;0;0;0;0;0;0;0;0;0;0;0;0;0;0;0;0;0
FR;6;2022-01-19;0;0;0;0;0;0;0;0;0;0;0;0;0;0;0;0;0;0
FR;6;2022-01-20;0;0;0;0;0;0;0;0;0;0;0;0;0;0;0;0;0;0
FR;6;2022-01-21;0;0;0;0;0;0;0;0;0;0;0;0;0;0;0;0;0;0
FR;6;2022-01-22;0;0;0;0;0;0;0;0;0;0;0;0;0;0;0;0;0;0
FR;6;2022-01-23;0;0;0;0;0;0;0;0;0;0;0;0;0;0;0;0;0;0
FR;6;2022-01-24;0;0;0;0;0;0;0;0;0;0;0;0;0;0;0;0;0;0
FR;6;2022-01-25;0;0;0;0;0;0;0;0;0;0;0;0;0;0;0;0;0;0
FR;6;2022-01-26;0;0;0;0;0;0;0;0;0;0;0;0;0;0;0;0;0;0
FR;6;2022-01-27;0;0;0;0;0;0;0;0;0;0;0;0;0;0;0;0;0;0
FR;6;2022-01-28;0;0;0;0;0;0;0;0;0;0;0;0;0;0;0;0;0;0
FR;6;2022-01-29;0;0;0;0;0;0;0;0;0;0;0;0;0;0;0;0;0;0
FR;6;2022-01-30;0;0;0;0;0;0;0;0;0;0;0;0;0;0;0;0;0;0
FR;6;2022-01-31;0;0;0;0;0;0;0;0;0;0;0;0;0;0;0;0;0;0
FR;6;2022-02-01;0;0;0;0;0;0;0;0;0;0;0;0;0;0;0;0;0;0
FR;6;2022-02-02;0;0;0;0;0;0;0;0;0;0;0;0;0;0;0;0;0;0
FR;6;2022-02-03;0;0;0;0;0;0;0;0;0;0;0;0;0;0;0;0;0;0
FR;6;2022-02-04;0;0;0;0;0;0;0;0;0;0;0;0;0;0;0;0;0;0
FR;6;2022-02-05;0;0;0;0;0;0;0;0;0;0;0;0;0;0;0;0;0;0
FR;6;2022-02-06;0;0;0;0;0;0;0;0;0;0;0;0;0;0;0;0;0;0
FR;6;2022-02-07;0;0;0;0;0;0;0;0;0;0;0;0;0;0;0;0;0;0
FR;6;2022-02-08;0;0;0;0;0;0;0;0;0;0;0;0;0;0;0;0;0;0
FR;6;2022-02-09;0;0;0;0;0;0;0;0;0;0;0;0;0;0;0;0;0;0
FR;6;2022-02-10;0;0;0;0;0;0;0;0;0;0;0;0;0;0;0;0;0;0
FR;6;2022-02-11;0;0;0;0;0;0;0;0;0;0;0;0;0;0;0;0;0;0
FR;6;2022-02-12;0;0;0;0;0;0;0;0;0;0;0;0;0;0;0;0;0;0
FR;6;2022-02-13;0;0;0;0;0;0;0;0;0;0;0;0;0;0;0;0;0;0
FR;6;2022-02-14;0;0;0;0;0;0;0;0;0;0;0;0;0;0;0;0;0;0
FR;6;2022-02-15;0;0;0;0;0;0;0;0;0;0;0;0;0;0;0;0;0;0
FR;6;2022-02-16;0;0;0;0;0;0;0;0;0;0;0;0;0;0;0;0;0;0
FR;6;2022-02-17;0;0;0;0;0;0;0;0;0;0;0;0;0;0;0;0;0;0
FR;6;2022-02-18;0;0;0;0;0;0;0;0;0;0;0;0;0;0;0;0;0;0
FR;6;2022-02-19;0;0;0;0;0;0;0;0;0;0;0;0;0;0;0;0;0;0
FR;6;2022-02-20;0;0;0;0;0;0;0;0;0;0;0;0;0;0;0;0;0;0
FR;6;2022-02-21;0;0;0;0;0;0;0;0;0;0;0;0;0;0;0;0;0;0
FR;6;2022-02-22;0;0;0;0;0;0;0;0;0;0;0;0;0;0;0;0;0;0
FR;6;2022-02-23;0;0;0;0;0;0;0;0;0;0;0;0;0;0;0;0;0;0
FR;6;2022-02-24;0;0;0;0;0;0;0;0;0;0;0;0;0;0;0;0;0;0
FR;6;2022-02-25;0;0;0;0;0;0;0;0;0;0;0;0;0;0;0;0;0;0
FR;6;2022-02-26;1;0;0;0;0;0;0;0;0;1;0;0;0;0;0;0;0;0
FR;6;2022-02-27;0;0;0;0;0;0;0;0;0;1;0;0;0;0;0;0;0;0
FR;6;2022-02-28;0;0;0;0;0;0;0;0;0;1;0;0;0;0;0;0;0;0
FR;6;2022-03-01;3;0;0;0;0;0;0;0;0;4;0;0;0;0;0;0;0;0
FR;6;2022-03-02;97;9;2;0;15;7;0;0;0;101;9;2;0;15;7;0;0;0
FR;6;2022-03-03;0;0;0;0;0;0;0;0;0;101;9;2;0;15;7;0;0;0
FR;6;2022-03-04;92;4;0;0;8;4;0;0;0;193;13;2;0;23;11;0;0;0
FR;6;2022-03-05;391;23;2;0;59;14;0;0;0;584;36;4;0;82;25;0;0;0
FR;6;2022-03-06;7;1;0;0;2;0;0;0;0;591;37;4;0;84;25;0;0;0
FR;6;2022-03-07;337;19;0;0;51;13;0;0;0;928;56;4;0;135;38;0;0;0
FR;6;2022-03-08;230;14;0;0;47;5;0;0;0;1158;70;4;0;182;43;0;0;0
FR;6;2022-03-09;519;29;2;0;83;21;1;0;0;1677;99;6;0;265;64;1;0;0
FR;6;2022-03-10;206;19;0;1;54;12;1;0;0;1883;118;6;1;319;76;2;0;0
FR;6;2022-03-11;331;22;6;0;53;21;0;0;0;2214;140;12;1;372;97;2;0;0
FR;6;2022-03-12;518;25;1;0;83;20;0;0;0;2732;165;13;1;455;117;2;0;0
FR;6;2022-03-13;40;2;0;0;2;1;0;0;0;2772;167;13;1;457;118;2;0;0
FR;6;2022-03-14;201;4;2;0;39;3;1;0;0;2973;171;15;1;496;121;3;0;0
FR;6;2022-03-15;112;11;2;0;29;9;0;0;0;3085;182;17;1;525;130;3;0;0
FR;6;2022-03-16;310;17;1;1;49;14;1;0;0;3395;199;18;2;574;144;4;0;0
FR;6;2022-03-17;117;6;1;2;14;4;2;0;0;3512;205;19;4;588;148;6;0;0
FR;6;2022-03-18;215;10;0;0;40;6;0;0;0;3727;215;19;4;628;154;6;0;0
FR;6;2022-03-19;307;19;2;0;89;9;0;0;0;4034;234;21;4;717;163;6;0;0
FR;6;2022-03-20;15;5;0;0;6;1;0;0;0;4049;239;21;4;723;164;6;0;0
FR;6;2022-03-21;132;23;1;0;47;4;0;0;0;4181;262;22;4;770;168;6;0;0
FR;6;2022-03-22;97;15;0;0;34;4;0;0;0;4278;277;22;4;804;172;6;0;0
FR;6;2022-03-23;226;108;3;0;154;14;1;0;0;4504;385;25;4;958;186;7;0;0
FR;6;2022-03-24;100;15;1;3;32;4;3;0;0;4604;400;26;7;990;190;10;0;0
FR;6;2022-03-25;203;141;2;1;177;15;2;0;0;4807;541;28;8;1167;205;12;0;0
FR;6;2022-03-26;331;295;7;1;382;19;1;0;0;5138;836;35;9;1549;224;13;0;0
FR;6;2022-03-27;32;30;1;0;37;1;1;0;0;5170;866;36;9;1586;225;14;0;0
FR;6;2022-03-28;201;208;8;1;234;17;3;0;0;5371;1074;44;10;1820;242;17;0;0
FR;6;2022-03-29;124;189;12;2;206;12;9;0;0;5495;1263;56;12;2026;254;26;0;0
FR;6;2022-03-30;305;476;10;2;548;22;6;0;0;5800;1739;66;14;2574;276;32;0;0
FR;6;2022-03-31;123;140;10;0;160;14;5;0;0;5923;1879;76;14;2734;290;37;0;0
FR;6;2022-04-01;195;150;11;2;178;23;3;0;0;6118;2029;87;16;2912;313;40;0;0
FR;6;2022-04-02;206;241;9;1;280;13;8;0;0;6324;2270;96;17;3192;326;48;0;0
FR;6;2022-04-03;17;21;0;0;26;1;0;0;0;6341;2291;96;17;3218;327;48;0;0
FR;6;2022-04-04;137;114;6;1;131;9;5;0;0;6478;2405;102;18;3349;336;53;0;0
FR;6;2022-04-05;146;88;15;1;105;11;8;0;0;6624;2493;117;19;3454;347;61;0;0
FR;6;2022-04-06;204;245;22;26;291;27;33;0;0;6828;2738;139;45;3745;374;94;0;0
FR;6;2022-04-07;127;96;15;9;115;17;14;0;0;6955;2834;154;54;3860;391;108;0;0
FR;6;2022-04-08;199;171;16;3;214;17;9;0;1;7154;3005;170;57;4074;408;117;0;1
FR;6;2022-04-09;145;139;6;12;171;13;4;0;0;7299;3144;176;69;4245;421;121;0;1
FR;6;2022-04-10;10;20;3;0;25;1;3;0;0;7309;3164;179;69;4270;422;124;0;1
FR;6;2022-04-11;101;106;4;0;128;5;3;0;0;7410;3270;183;69;4398;427;127;0;1
FR;6;2022-04-12;136;75;5;8;114;10;10;0;0;7546;3345;188;77;4512;437;137;0;1
FR;6;2022-04-13;162;175;7;5;208;13;8;0;0;7708;3520;195;82;4720;450;145;0;1
FR;6;2022-04-14;100;103;5;10;121;8;10;0;0;7808;3623;200;92;4841;458;155;0;1
FR;6;2022-04-15;158;149;11;7;167;19;14;0;1;7966;3772;211;99;5008;477;169;0;2
FR;6;2022-04-16;127;132;5;0;162;14;2;0;0;8093;3904;216;99;5170;491;171;0;2
FR;6;2022-04-17;8;9;4;0;10;4;0;0;0;8101;3913;220;99;5180;495;171;0;2
FR;6;2022-04-18;8;15;3;0;15;4;0;0;0;8109;3928;223;99;5195;499;171;0;2
FR;6;2022-04-19;97;112;4;3;130;3;7;0;0;8206;4040;227;102;5325;502;178;0;2
FR;6;2022-04-20;178;227;8;7;269;15;3;0;0;8384;4267;235;109;5594;517;181;0;2
FR;6;2022-04-21;111;93;8;4;110;11;7;0;0;8495;4360;243;113;5704;528;188;0;2
FR;6;2022-04-22;138;160;13;12;190;13;13;0;0;8633;4520;256;125;5894;541;201;0;2
FR;6;2022-04-23;106;129;1;1;161;7;1;0;0;8739;4649;257;126;6055;548;202;0;2
FR;6;2022-04-24;5;21;1;0;22;0;1;0;0;8744;4670;258;126;6077;548;203;0;2
FR;6;2022-04-25;91;128;3;8;151;11;9;0;0;8835;4798;261;134;6228;559;212;0;2
FR;6;2022-04-26;101;128;19;2;152;17;13;0;0;8936;4926;280;136;6380;576;225;0;2
FR;6;2022-04-27;197;159;21;1;222;27;11;0;1;9133;5085;301;137;6602;603;236;0;3
FR;6;2022-04-28;109;87;7;1;123;8;7;0;0;9242;5172;308;138;6725;611;243;0;3
FR;6;2022-04-29;191;169;16;2;215;20;6;0;0;9433;5341;324;140;6940;631;249;0;3
FR;6;2022-04-30;133;125;7;1;168;24;2;0;0;9566;5466;331;141;7108;655;251;0;3
FR;6;2022-05-01;7;6;0;0;8;0;0;0;0;9573;5472;331;141;7116;655;251;0;3
FR;6;2022-05-02;94;65;3;4;88;3;4;0;0;9667;5537;334;145;7204;658;255;0;3
FR;6;2022-05-03;136;93;11;2;125;7;9;0;0;9803;5630;345;147;7329;665;264;0;3
FR;6;2022-05-04;167;118;25;12;161;29;12;0;1;9970;5748;370;159;7490;694;276;0;4
FR;6;2022-05-05;101;70;8;3;96;12;6;0;0;10071;5818;378;162;7586;706;282;0;4
FR;6;2022-05-06;152;110;10;9;155;16;11;0;0;10223;5928;388;171;7741;722;293;0;4
FR;6;2022-05-07;139;93;13;3;136;23;8;0;0;10362;6021;401;174;7877;745;301;0;4
FR;6;2022-05-08;20;8;6;5;16;7;5;0;0;10382;6029;407;179;7893;752;306;0;4
FR;6;2022-05-09;86;78;9;7;95;13;6;0;0;10468;6107;416;186;7988;765;312;0;4
FR;6;2022-05-10;112;80;15;7;110;12;13;0;0;10580;6187;431;193;8098;777;325;0;4
FR;6;2022-05-11;130;124;11;14;163;20;6;0;0;10710;6311;442;207;8261;797;331;0;4
FR;6;2022-05-12;105;76;7;5;96;15;6;0;1;10815;6387;449;212;8357;812;337;0;5
FR;6;2022-05-13;155;97;17;21;136;22;16;0;0;10970;6484;466;233;8493;834;353;0;5
FR;6;2022-05-14;81;60;6;7;84;15;2;0;0;11051;6544;472;240;8577;849;355;0;5
FR;6;2022-05-15;12;7;0;0;14;0;0;0;0;11063;6551;472;240;8591;849;355;0;5
FR;6;2022-05-16;65;54;6;2;69;12;3;0;0;11128;6605;478;242;8660;861;358;0;5
FR;6;2022-05-17;123;77;5;7;92;11;8;0;0;11251;6682;483;249;8752;872;366;0;5
FR;6;2022-05-18;131;116;5;1;159;13;3;0;0;11382;6798;488;250;8911;885;369;0;5
FR;6;2022-05-19;124;57;6;8;96;9;8;0;0;11506;6855;494;258;9007;894;377;0;5
FR;6;2022-05-20;125;115;13;3;151;18;10;0;0;11631;6970;507;261;9158;912;387;0;5
FR;6;2022-05-21;92;69;14;3;93;12;8;0;0;11723;7039;521;264;9251;924;395;0;5
FR;6;2022-05-22;19;12;5;0;21;4;1;0;0;11742;7051;526;264;9272;928;396;0;5
FR;6;2022-05-23;77;72;4;2;90;7;2;0;0;11819;7123;530;266;9362;935;398;0;5
FR;6;2022-05-24;117;98;8;2;132;16;4;0;0;11936;7221;538;268;9494;951;402;0;5
FR;6;2022-05-25;139;129;6;3;170;11;6;0;0;12075;7350;544;271;9664;962;408;0;5
FR;6;2022-05-26;7;9;3;0;5;9;0;0;0;12082;7359;547;271;9669;971;408;0;5
FR;6;2022-05-27;127;105;15;11;136;18;18;0;1;12209;7464;562;282;9805;989;426;0;6
FR;6;2022-05-28;53;75;1;5;89;8;5;0;0;12262;7539;563;287;9894;997;431;0;6
FR;6;2022-05-29;8;10;0;0;10;1;0;0;0;12270;7549;563;287;9904;998;431;0;6
FR;6;2022-05-30;70;70;7;4;86;4;9;0;0;12340;7619;570;291;9990;1002;440;0;6
FR;6;2022-05-31;87;102;10;2;121;14;7;0;0;12427;7721;580;293;10111;1016;447;0;6
FR;6;2022-06-01;97;89;10;1;111;11;6;0;0;12524;7810;590;294;10222;1027;453;0;6
FR;6;2022-06-02;91;60;6;3;80;9;6;0;0;12615;7870;596;297;10302;1036;459;0;6
FR;6;2022-06-03;126;102;13;7;129;21;8;0;0;12741;7972;609;304;10431;1057;467;0;6
FR;6;2022-06-04;63;51;10;0;64;12;3;0;0;12804;8023;619;304;10495;1069;470;0;6
FR;6;2022-06-05;16;15;2;1;18;4;1;0;0;12820;8038;621;305;10513;1073;471;0;6
FR;6;2022-06-06;9;6;0;0;8;0;0;0;0;12829;8044;621;305;10521;1073;471;0;6
FR;6;2022-06-07;79;90;3;4;117;8;6;0;0;12908;8134;624;309;10638;1081;477;0;6
FR;6;2022-06-08;92;110;13;5;130;20;6;0;0;13000;8244;637;314;10768;1101;483;0;6
FR;6;2022-06-09;75;81;15;3;106;15;8;0;0;13075;8325;652;317;10874;1116;491;0;6
FR;6;2022-06-10;116;93;26;10;121;22;13;0;0;13191;8418;678;327;10995;1138;504;0;6
FR;6;2022-06-11;83;62;6;10;82;12;11;0;0;13274;8480;684;337;11077;1150;515;0;6
FR;6;2022-06-12;6;14;1;0;16;2;0;0;0;13280;8494;685;337;11093;1152;515;0;6
FR;6;2022-06-13;74;59;18;1;68;7;4;0;0;13354;8553;703;338;11161;1159;519;0;6
FR;6;2022-06-14;98;100;8;5;116;16;8;0;0;13452;8653;711;343;11277;1175;527;0;6
FR;6;2022-06-15;80;86;7;8;114;15;10;0;0;13532;8739;718;351;11391;1190;537;0;6
FR;6;2022-06-16;53;40;11;7;45;14;6;0;0;13585;8779;729;358;11436;1204;543;0;6
FR;6;2022-06-17;86;85;3;13;109;11;5;0;0;13671;8864;732;371;11545;1215;548;0;6
FR;6;2022-06-18;71;61;13;0;86;21;1;0;0;13742;8925;745;371;11631;1236;549;0;6
FR;6;2022-06-19;6;6;3;0;7;4;1;0;0;13748;8931;748;371;11638;1240;550;0;6
FR;6;2022-06-20;42;41;4;1;55;6;1;0;0;13790;8972;752;372;11693;1246;551;0;6
FR;6;2022-06-21;59;73;10;7;82;17;7;0;0;13849;9045;762;379;11775;1263;558;0;6
FR;6;2022-06-22;86;85;8;2;98;17;3;0;0;13935;9130;770;381;11873;1280;561;0;6
FR;6;2022-06-23;64;39;13;7;41;15;10;0;0;13999;9169;783;388;11914;1295;571;0;6
FR;6;2022-06-24;77;85;7;14;95;20;16;0;0;14076;9254;790;402;12009;1315;587;0;6
FR;6;2022-06-25;67;61;4;3;77;8;5;0;0;14143;9315;794;405;12086;1323;592;0;6
FR;6;2022-06-26;6;7;1;0;10;1;0;0;0;14149;9322;795;405;12096;1324;592;0;6
FR;6;2022-06-27;51;50;4;9;62;12;7;0;0;14200;9372;799;414;12158;1336;599;0;6
FR;6;2022-06-28;68;47;6;3;53;15;5;0;0;14268;9419;805;417;12211;1351;604;0;6
FR;6;2022-06-29;98;117;26;37;115;19;35;0;5;14366;9536;831;454;12326;1370;639;0;11
FR;6;2022-06-30;84;60;33;10;61;12;7;0;0;14450;9596;864;464;12387;1382;646;0;11
FR;6;2022-07-01;115;94;25;33;102;18;27;0;1;14565;9690;889;497;12489;1400;673;0;12
FR;6;2022-07-02;58;67;26;2;64;37;6;0;0;14623;9757;915;499;12553;1437;679;0;12
FR;6;2022-07-03;11;4;4;3;5;4;3;0;0;14634;9761;919;502;12558;1441;682;0;12
FR;6;2022-07-04;61;43;3;23;55;13;20;0;0;14695;9804;922;525;12613;1454;702;0;12
FR;6;2022-07-05;65;53;19;67;60;27;63;0;0;14760;9857;941;592;12673;1481;765;0;12
FR;6;2022-07-06;94;64;7;11;77;12;17;0;0;14854;9921;948;603;12750;1493;782;0;12
FR;6;2022-07-07;99;79;42;37;99;14;34;0;4;14953;10000;990;640;12849;1507;816;0;16
FR;6;2022-07-08;139;87;42;27;116;10;25;0;3;15092;10087;1032;667;12965;1517;841;0;19
FR;6;2022-07-09;53;51;16;29;51;27;33;0;1;15145;10138;1048;696;13016;1544;874;0;20
FR;6;2022-07-10;3;7;8;0;9;9;0;0;0;15148;10145;1056;696;13025;1553;874;0;20
FR;6;2022-07-11;54;44;5;4;47;12;4;0;0;15202;10189;1061;700;13072;1565;878;0;20
FR;6;2022-07-12;70;72;12;23;87;12;27;0;0;15272;10261;1073;723;13159;1577;905;0;20
FR;6;2022-07-13;84;65;14;21;71;25;22;0;0;15356;10326;1087;744;13230;1602;927;0;20
FR;6;2022-07-14;4;3;1;0;4;1;0;0;0;15360;10329;1088;744;13234;1603;927;0;20
FR;6;2022-07-15;74;59;9;57;85;16;45;0;0;15434;10388;1097;801;13319;1619;972;0;20
FR;6;2022-07-16;27;31;17;0;37;17;3;0;0;15461;10419;1114;801;13356;1636;975;0;20
FR;6;2022-07-17;3;7;0;0;8;0;0;0;0;15464;10426;1114;801;13364;1636;975;0;20
FR;6;2022-07-18;37;62;11;14;60;15;14;0;6;15501;10488;1125;815;13424;1651;989;0;26
FR;6;2022-07-19;54;48;4;19;60;6;21;0;1;15555;10536;1129;834;13484;1657;1010;0;27
FR;6;2022-07-20;53;70;7;22;75;11;27;0;0;15608;10606;1136;856;13559;1668;1037;0;27
FR;6;2022-07-21;51;60;4;7;55;11;9;0;0;15659;10666;1140;863;13614;1679;1046;0;27
FR;6;2022-07-22;55;74;7;26;82;8;16;0;2;15714;10740;1147;889;13696;1687;1062;0;29
FR;6;2022-07-23;38;40;6;10;40;6;9;0;1;15752;10780;1153;899;13736;1693;1071;0;30
FR;6;2022-07-24;11;14;1;3;19;3;3;0;0;15763;10794;1154;902;13755;1696;1074;0;30
FR;6;2022-07-25;60;44;8;12;41;9;13;0;1;15823;10838;1162;914;13796;1705;1087;0;31
FR;6;2022-07-26;47;64;14;6;62;10;13;0;0;15870;10902;1176;920;13858;1715;1100;0;31
FR;6;2022-07-27;54;78;15;11;81;17;15;0;8;15924;10980;1191;931;13939;1732;1115;0;39
FR;6;2022-07-28;30;48;4;6;50;8;7;0;1;15954;11028;1195;937;13989;1740;1122;0;40
FR;6;2022-07-29;43;71;10;38;60;24;36;0;1;15997;11099;1205;975;14049;1764;1158;0;41
FR;6;2022-07-30;26;48;4;15;49;7;15;0;0;16023;11147;1209;990;14098;1771;1173;0;41
FR;6;2022-07-31;0;1;1;0;1;0;1;0;0;16023;11148;1210;990;14099;1771;1174;0;41
FR;6;2022-08-01;39;36;14;8;32;10;6;0;1;16062;11184;1224;998;14131;1781;1180;0;42
FR;6;2022-08-02;37;46;10;14;52;6;16;0;0;16099;11230;1234;1012;14183;1787;1196;0;42
FR;6;2022-08-03;29;52;7;16;52;11;19;0;0;16128;11282;1241;1028;14235;1798;1215;0;42
FR;6;2022-08-04;25;21;4;9;20;6;10;0;1;16153;11303;1245;1037;14255;1804;1225;0;43
FR;6;2022-08-05;43;45;1;7;53;5;7;0;0;16196;11348;1246;1044;14308;1809;1232;0;43
FR;6;2022-08-06;17;27;1;3;33;2;4;0;0;16213;11375;1247;1047;14341;1811;1236;0;43
FR;6;2022-08-07;1;2;0;0;2;0;0;0;0;16214;11377;1247;1047;14343;1811;1236;0;43
FR;6;2022-08-08;24;33;1;0;40;1;0;0;0;16238;11410;1248;1047;14383;1812;1236;0;43
FR;6;2022-08-09;22;30;6;3;29;3;3;0;0;16260;11440;1254;1050;14412;1815;1239;0;43
FR;6;2022-08-10;32;36;5;9;38;5;9;0;5;16292;11476;1259;1059;14450;1820;1248;0;48
FR;6;2022-08-11;33;33;1;1;40;1;0;0;1;16325;11509;1260;1060;14490;1821;1248;0;49
FR;6;2022-08-12;50;44;6;2;50;15;3;0;1;16375;11553;1266;1062;14540;1836;1251;0;50
FR;6;2022-08-13;9;20;0;0;22;1;0;0;0;16384;11573;1266;1062;14562;1837;1251;0;50
FR;6;2022-08-14;3;1;0;0;2;0;0;0;0;16387;11574;1266;1062;14564;1837;1251;0;50
FR;6;2022-08-15;2;3;1;0;4;0;1;0;0;16389;11577;1267;1062;14568;1837;1252;0;50
FR;6;2022-08-16;35;66;21;7;66;7;2;0;0;16424;11643;1288;1069;14634;1844;1254;0;50
FR;6;2022-08-17;32;44;10;9;41;10;6;0;7;16456;11687;1298;1078;14675;1854;1260;0;57
FR;6;2022-08-18;29;55;14;4;61;4;0;0;1;16485;11742;1312;1082;14736;1858;1260;0;58
FR;6;2022-08-19;30;45;5;4;47;3;2;0;1;16515;11787;1317;1086;14783;1861;1262;0;59
FR;6;2022-08-20;26;29;3;0;29;8;1;0;0;16541;11816;1320;1086;14812;1869;1263;0;59
FR;6;2022-08-21;1;5;2;0;5;0;0;0;0;16542;11821;1322;1086;14817;1869;1263;0;59
FR;6;2022-08-22;20;42;15;1;45;0;0;0;0;16562;11863;1337;1087;14862;1869;1263;0;59
FR;6;2022-08-23;34;45;6;7;48;6;4;0;2;16596;11908;1343;1094;14910;1875;1267;0;61
FR;6;2022-08-24;34;30;6;3;36;6;2;0;3;16630;11938;1349;1097;14946;1881;1269;0;64
FR;6;2022-08-25;25;27;1;1;29;5;1;0;0;16655;11965;1350;1098;14975;1886;1270;0;64
FR;6;2022-08-26;38;44;4;4;52;7;7;0;0;16693;12009;1354;1102;15027;1893;1277;0;64
FR;6;2022-08-27;19;21;7;3;22;8;4;0;0;16712;12030;1361;1105;15049;1901;1281;0;64
FR;6;2022-08-28;6;3;0;6;3;1;1;0;4;16718;12033;1361;1111;15052;1902;1282;0;68
FR;6;2022-08-29;26;22;2;6;29;3;6;0;0;16744;12055;1363;1117;15081;1905;1288;0;68
FR;6;2022-08-30;28;35;4;12;33;8;13;0;0;16772;12090;1367;1129;15114;1913;1301;0;68
FR;6;2022-08-31;35;38;2;11;46;3;12;0;0;16807;12128;1369;1140;15160;1916;1313;0;68
FR;6;2022-09-01;16;11;5;1;12;4;3;0;0;16823;12139;1374;1141;15172;1920;1316;0;68
FR;6;2022-09-02;19;14;2;1;13;3;2;0;0;16842;12153;1376;1142;15185;1923;1318;0;68
FR;6;2022-09-03;10;3;1;5;4;2;5;0;0;16852;12156;1377;1147;15189;1925;1323;0;68
FR;6;2022-09-04;4;1;0;0;1;0;0;0;0;16856;12157;1377;1147;15190;1925;1323;0;68
FR;6;2022-09-05;8;7;0;0;10;0;0;0;0;16864;12164;1377;1147;15200;1925;1323;0;68
FR;6;2022-09-06;7;9;7;12;8;6;15;0;0;16871;12173;1384;1159;15208;1931;1338;0;68
FR;6;2022-09-07;3;8;1;0;8;1;0;0;0;16874;12181;1385;1159;15216;1932;1338;0;68
FR;6;2022-09-08;6;4;0;2;3;1;2;0;0;16880;12185;1385;1161;15219;1933;1340;0;68
FR;6;2022-09-09;7;9;2;7;9;3;8;0;0;16887;12194;1387;1168;15228;1936;1348;0;68
FR;6;2022-09-10;3;4;1;0;3;1;1;0;0;16890;12198;1388;1168;15231;1937;1349;0;68
FR;6;2022-09-11;1;3;0;0;3;0;0;0;0;16891;12201;1388;1168;15234;1937;1349;0;68
FR;6;2022-09-12;10;4;1;0;3;3;0;0;0;16901;12205;1389;1168;15237;1940;1349;0;68
FR;6;2022-09-13;7;2;3;0;2;2;2;0;0;16908;12207;1392;1168;15239;1942;1351;0;68
FR;6;2022-09-14;9;8;2;0;7;4;0;0;0;16917;12215;1394;1168;15246;1946;1351;0;68
FR;6;2022-09-15;8;13;5;5;9;9;3;0;2;16925;12228;1399;1173;15255;1955;1354;0;70
FR;6;2022-09-16;25;38;1;1;45;3;1;0;2;16950;12266;1400;1174;15300;1958;1355;0;72
FR;6;2022-09-17;24;22;0;6;24;5;3;0;2;16974;12288;1400;1180;15324;1963;1358;0;74
FR;6;2022-09-18;5;4;0;0;4;1;0;0;0;16979;12292;1400;1180;15328;1964;1358;0;74
FR;6;2022-09-19;30;30;2;1;31;5;1;0;0;17009;12322;1402;1181;15359;1969;1359;0;74
FR;6;2022-09-20;34;25;1;4;29;6;2;0;1;17043;12347;1403;1185;15388;1975;1361;0;75
FR;6;2022-09-21;21;9;3;3;7;7;5;0;3;17064;12356;1406;1188;15395;1982;1366;0;78
FR;6;2022-09-22;19;28;1;22;32;3;21;0;1;17083;12384;1407;1210;15427;1985;1387;0;79
FR;6;2022-09-23;28;41;5;9;47;9;2;0;0;17111;12425;1412;1219;15474;1994;1389;0;79
FR;6;2022-09-24;16;16;4;2;21;6;2;0;0;17127;12441;1416;1221;15495;2000;1391;0;79
FR;6;2022-09-25;3;14;0;0;14;1;0;0;0;17130;12455;1416;1221;15509;2001;1391;0;79
FR;6;2022-09-26;16;13;0;18;12;5;18;0;2;17146;12468;1416;1239;15521;2006;1409;0;81
FR;6;2022-09-27;32;19;2;3;23;4;4;0;0;17178;12487;1418;1242;15544;2010;1413;0;81
FR;6;2022-09-28;27;10;9;11;16;5;17;0;2;17205;12497;1427;1253;15560;2015;1430;0;83
FR;6;2022-09-29;13;13;10;34;16;6;33;0;7;17218;12510;1437;1287;15576;2021;1463;0;90
FR;6;2022-09-30;34;24;5;6;33;5;3;0;0;17252;12534;1442;1293;15609;2026;1466;0;90
FR;6;2022-10-01;15;12;5;8;9;8;8;0;2;17267;12546;1447;1301;15618;2034;1474;0;92
FR;6;2022-10-02;3;0;0;0;1;0;0;0;0;17270;12546;1447;1301;15619;2034;1474;0;92
FR;6;2022-10-03;11;10;3;5;11;4;6;0;0;17281;12556;1450;1306;15630;2038;1480;0;92
FR;6;2022-10-04;19;17;4;28;21;3;30;0;3;17300;12573;1454;1334;15651;2041;1510;0;95
FR;6;2022-10-05;11;12;3;2;9;7;4;0;0;17311;12585;1457;1336;15660;2048;1514;0;95
FR;6;2022-10-06;19;13;4;6;17;2;10;0;0;17330;12598;1461;1342;15677;2050;1524;0;95
FR;6;2022-10-07;27;26;5;24;25;10;16;0;5;17357;12624;1466;1366;15702;2060;1540;0;100
FR;6;2022-10-08;18;13;0;0;16;0;0;0;0;17375;12637;1466;1366;15718;2060;1540;0;100
FR;6;2022-10-09;7;3;4;27;3;4;30;0;6;17382;12640;1470;1393;15721;2064;1570;0;106
FR;6;2022-10-10;15;14;1;16;16;6;13;0;0;17397;12654;1471;1409;15737;2070;1583;0;106
FR;6;2022-10-11;21;23;3;11;21;8;13;0;3;17418;12677;1474;1420;15758;2078;1596;0;109
FR;6;2022-10-12;20;16;7;19;18;3;24;0;7;17438;12693;1481;1439;15776;2081;1620;0;116
FR;6;2022-10-13;28;14;2;36;22;0;38;0;6;17466;12707;1483;1475;15798;2081;1658;0;122
FR;6;2022-10-14;29;23;5;49;23;11;45;0;13;17495;12730;1488;1524;15821;2092;1703;0;135
FR;6;2022-10-15;13;9;0;22;8;4;21;0;6;17508;12739;1488;1546;15829;2096;1724;0;141
FR;6;2022-10-16;4;4;0;6;2;2;6;0;0;17512;12743;1488;1552;15831;2098;1730;0;141
FR;6;2022-10-17;14;14;2;10;14;1;12;0;2;17526;12757;1490;1562;15845;2099;1742;0;143
FR;6;2022-10-18;12;19;9;26;19;4;18;0;11;17538;12776;1499;1588;15864;2103;1760;0;154
FR;6;2022-10-19;10;20;6;16;20;5;19;0;5;17548;12796;1505;1604;15884;2108;1779;0;159
FR;6;2022-10-20;16;15;12;57;18;5;67;0;13;17564;12811;1517;1661;15902;2113;1846;0;172
FR;6;2022-10-21;16;21;9;34;22;11;37;0;10;17580;12832;1526;1695;15924;2124;1883;0;182
FR;6;2022-10-22;19;14;1;4;17;3;4;0;0;17599;12846;1527;1699;15941;2127;1887;0;182
FR;6;2022-10-23;3;2;1;0;3;0;1;0;0;17602;12848;1528;1699;15944;2127;1888;0;182
FR;6;2022-10-24;12;14;2;7;14;6;5;0;2;17614;12862;1530;1706;15958;2133;1893;0;184
FR;6;2022-10-25;20;13;6;17;16;7;19;0;4;17634;12875;1536;1723;15974;2140;1912;0;188
FR;6;2022-10-26;17;9;4;13;12;4;15;0;5;17651;12884;1540;1736;15986;2144;1927;0;193
FR;6;2022-10-27;20;7;8;37;10;6;36;0;14;17671;12891;1548;1773;15996;2150;1963;0;207
FR;6;2022-10-28;21;27;3;4;28;6;5;0;1;17692;12918;1551;1777;16024;2156;1968;0;208
FR;6;2022-10-29;7;11;5;11;10;6;14;0;12;17699;12929;1556;1788;16034;2162;1982;0;220
FR;6;2022-10-30;2;5;0;0;5;0;0;0;0;17701;12934;1556;1788;16039;2162;1982;0;220
FR;6;2022-10-31;18;14;2;13;17;4;12;0;3;17719;12948;1558;1801;16056;2166;1994;0;223
FR;6;2022-11-01;2;1;1;0;1;1;0;0;0;17721;12949;1559;1801;16057;2167;1994;0;223
FR;6;2022-11-02;15;25;9;21;26;11;19;0;12;17736;12974;1568;1822;16083;2178;2013;0;235
FR;6;2022-11-03;17;17;10;39;20;7;43;0;9;17753;12991;1578;1861;16103;2185;2056;0;244
FR;6;2022-11-04;19;22;9;16;25;5;16;0;10;17772;13013;1587;1877;16128;2190;2072;0;254
FR;6;2022-11-05;9;14;2;4;15;4;6;0;0;17781;13027;1589;1881;16143;2194;2078;0;254
FR;6;2022-11-06;5;1;0;0;1;0;0;0;0;17786;13028;1589;1881;16144;2194;2078;0;254
FR;6;2022-11-07;18;10;6;17;13;4;18;0;11;17804;13038;1595;1898;16157;2198;2096;0;265
FR;6;2022-11-08;18;10;2;3;8;5;5;0;4;17822;13048;1597;1901;16165;2203;2101;0;269
FR;6;2022-11-09;16;22;1;6;21;4;5;0;4;17838;13070;1598;1907;16186;2207;2106;0;273
FR;6;2022-11-10;10;10;4;12;8;5;11;0;10;17848;13080;1602;1919;16194;2212;2117;0;283
FR;6;2022-11-11;3;1;0;0;1;1;0;0;0;17851;13081;1602;1919;16195;2213;2117;0;283
FR;6;2022-11-12;4;11;1;7;11;2;5;0;9;17855;13092;1603;1926;16206;2215;2122;0;292
FR;6;2022-11-13;1;1;0;1;1;0;1;0;0;17856;13093;1603;1927;16207;2215;2123;0;292
FR;6;2022-11-14;13;10;7;32;15;8;33;0;14;17869;13103;1610;1959;16222;2223;2156;0;306
FR;6;2022-11-15;7;18;1;11;16;4;7;0;1;17876;13121;1611;1970;16238;2227;2163;0;307
FR;6;2022-11-16;16;15;9;32;17;3;42;0;9;17892;13136;1620;2002;16255;2230;2205;0;316
FR;6;2022-11-17;10;8;1;29;8;2;28;0;5;17902;13144;1621;2031;16263;2232;2233;0;321
FR;6;2022-11-18;18;12;5;23;16;4;25;0;7;17920;13156;1626;2054;16279;2236;2258;0;328
FR;6;2022-11-19;5;12;0;2;10;3;2;0;1;17925;13168;1626;2056;16289;2239;2260;0;329
FR;6;2022-11-20;2;1;2;0;1;2;0;0;0;17927;13169;1628;2056;16290;2241;2260;0;329
FR;6;2022-11-21;21;10;1;14;12;5;11;0;3;17948;13179;1629;2070;16302;2246;2271;0;332
FR;6;2022-11-22;14;9;0;4;11;1;3;0;1;17962;13188;1629;2074;16313;2247;2274;0;333
FR;6;2022-11-23;14;15;15;23;17;9;31;0;8;17976;13203;1644;2097;16330;2256;2305;0;341
FR;6;2022-11-24;14;17;1;10;19;4;10;0;7;17990;13220;1645;2107;16349;2260;2315;0;348
FR;6;2022-11-25;22;13;5;44;13;5;43;0;5;18012;13233;1650;2151;16362;2265;2358;0;353
FR;6;2022-11-26;9;5;2;4;3;2;5;0;1;18021;13238;1652;2155;16365;2267;2363;0;354
FR;6;2022-11-27;1;4;0;0;4;0;0;0;0;18022;13242;1652;2155;16369;2267;2363;0;354
FR;8;2020-12-27;0;0;0;0;0;0;0;0;0;0;0;0;0;0;0;0;0;0
FR;8;2020-12-28;0;0;0;0;0;0;0;0;0;0;0;0;0;0;0;0;0;0
FR;8;2020-12-29;0;0;0;0;0;0;0;0;0;0;0;0;0;0;0;0;0;0
FR;8;2020-12-30;0;0;0;0;0;0;0;0;0;0;0;0;0;0;0;0;0;0
FR;8;2020-12-31;0;0;0;0;0;0;0;0;0;0;0;0;0;0;0;0;0;0
FR;8;2021-01-01;0;0;0;0;0;0;0;0;0;0;0;0;0;0;0;0;0;0
FR;8;2021-01-02;0;0;0;0;0;0;0;0;0;0;0;0;0;0;0;0;0;0
FR;8;2021-01-03;0;0;0;0;0;0;0;0;0;0;0;0;0;0;0;0;0;0
FR;8;2021-01-04;0;0;0;0;0;0;0;0;0;0;0;0;0;0;0;0;0;0
FR;8;2021-01-05;0;0;0;0;0;0;0;0;0;0;0;0;0;0;0;0;0;0
FR;8;2021-01-06;0;0;0;0;0;0;0;0;0;0;0;0;0;0;0;0;0;0
FR;8;2021-01-07;0;0;0;0;0;0;0;0;0;0;0;0;0;0;0;0;0;0
FR;8;2021-01-08;0;0;0;0;0;0;0;0;0;0;0;0;0;0;0;0;0;0
FR;8;2021-01-09;0;0;0;0;0;0;0;0;0;0;0;0;0;0;0;0;0;0
FR;8;2021-01-10;0;0;0;0;0;0;0;0;0;0;0;0;0;0;0;0;0;0
FR;8;2021-01-11;0;0;0;0;0;0;0;0;0;0;0;0;0;0;0;0;0;0
FR;8;2021-01-12;0;0;0;0;0;0;0;0;0;0;0;0;0;0;0;0;0;0
FR;8;2021-01-13;0;0;0;0;0;0;0;0;0;0;0;0;0;0;0;0;0;0
FR;8;2021-01-14;0;0;0;0;0;0;0;0;0;0;0;0;0;0;0;0;0;0
FR;8;2021-01-15;0;0;0;0;0;0;0;0;0;0;0;0;0;0;0;0;0;0
FR;8;2021-01-16;0;0;0;0;0;0;0;0;0;0;0;0;0;0;0;0;0;0
FR;8;2021-01-17;0;0;0;0;0;0;0;0;0;0;0;0;0;0;0;0;0;0
FR;8;2021-01-18;0;0;0;0;0;0;0;0;0;0;0;0;0;0;0;0;0;0
FR;8;2021-01-19;0;0;0;0;0;0;0;0;0;0;0;0;0;0;0;0;0;0
FR;8;2021-01-20;0;0;0;0;0;0;0;0;0;0;0;0;0;0;0;0;0;0
FR;8;2021-01-21;0;0;0;0;0;0;0;0;0;0;0;0;0;0;0;0;0;0
FR;8;2021-01-22;0;0;0;0;0;0;0;0;0;0;0;0;0;0;0;0;0;0
FR;8;2021-01-23;0;0;0;0;0;0;0;0;0;0;0;0;0;0;0;0;0;0
FR;8;2021-01-24;0;0;0;0;0;0;0;0;0;0;0;0;0;0;0;0;0;0
FR;8;2021-01-25;0;0;0;0;0;0;0;0;0;0;0;0;0;0;0;0;0;0
FR;8;2021-01-26;0;0;0;0;0;0;0;0;0;0;0;0;0;0;0;0;0;0
FR;8;2021-01-27;0;0;0;0;0;0;0;0;0;0;0;0;0;0;0;0;0;0
FR;8;2021-01-28;0;0;0;0;0;0;0;0;0;0;0;0;0;0;0;0;0;0
FR;8;2021-01-29;0;0;0;0;0;0;0;0;0;0;0;0;0;0;0;0;0;0
FR;8;2021-01-30;0;0;0;0;0;0;0;0;0;0;0;0;0;0;0;0;0;0
FR;8;2021-01-31;0;0;0;0;0;0;0;0;0;0;0;0;0;0;0;0;0;0
FR;8;2021-02-01;0;0;0;0;0;0;0;0;0;0;0;0;0;0;0;0;0;0
FR;8;2021-02-02;0;0;0;0;0;0;0;0;0;0;0;0;0;0;0;0;0;0
FR;8;2021-02-03;0;0;0;0;0;0;0;0;0;0;0;0;0;0;0;0;0;0
FR;8;2021-02-04;0;0;0;0;0;0;0;0;0;0;0;0;0;0;0;0;0;0
FR;8;2021-02-05;0;0;0;0;0;0;0;0;0;0;0;0;0;0;0;0;0;0
FR;8;2021-02-06;0;0;0;0;0;0;0;0;0;0;0;0;0;0;0;0;0;0
FR;8;2021-02-07;0;0;0;0;0;0;0;0;0;0;0;0;0;0;0;0;0;0
FR;8;2021-02-08;0;0;0;0;0;0;0;0;0;0;0;0;0;0;0;0;0;0
FR;8;2021-02-09;0;0;0;0;0;0;0;0;0;0;0;0;0;0;0;0;0;0
FR;8;2021-02-10;0;0;0;0;0;0;0;0;0;0;0;0;0;0;0;0;0;0
FR;8;2021-02-11;0;0;0;0;0;0;0;0;0;0;0;0;0;0;0;0;0;0
FR;8;2021-02-12;0;0;0;0;0;0;0;0;0;0;0;0;0;0;0;0;0;0
FR;8;2021-02-13;0;0;0;0;0;0;0;0;0;0;0;0;0;0;0;0;0;0
FR;8;2021-02-14;0;0;0;0;0;0;0;0;0;0;0;0;0;0;0;0;0;0
FR;8;2021-02-15;0;0;0;0;0;0;0;0;0;0;0;0;0;0;0;0;0;0
FR;8;2021-02-16;0;0;0;0;0;0;0;0;0;0;0;0;0;0;0;0;0;0
FR;8;2021-02-17;0;0;0;0;0;0;0;0;0;0;0;0;0;0;0;0;0;0
FR;8;2021-02-18;0;0;0;0;0;0;0;0;0;0;0;0;0;0;0;0;0;0
FR;8;2021-02-19;0;0;0;0;0;0;0;0;0;0;0;0;0;0;0;0;0;0
FR;8;2021-02-20;0;0;0;0;0;0;0;0;0;0;0;0;0;0;0;0;0;0
FR;8;2021-02-21;0;0;0;0;0;0;0;0;0;0;0;0;0;0;0;0;0;0
FR;8;2021-02-22;0;0;0;0;0;0;0;0;0;0;0;0;0;0;0;0;0;0
FR;8;2021-02-23;0;0;0;0;0;0;0;0;0;0;0;0;0;0;0;0;0;0
FR;8;2021-02-24;0;0;0;0;0;0;0;0;0;0;0;0;0;0;0;0;0;0
FR;8;2021-02-25;0;0;0;0;0;0;0;0;0;0;0;0;0;0;0;0;0;0
FR;8;2021-02-26;0;0;0;0;0;0;0;0;0;0;0;0;0;0;0;0;0;0
FR;8;2021-02-27;0;0;0;0;0;0;0;0;0;0;0;0;0;0;0;0;0;0
FR;8;2021-02-28;0;0;0;0;0;0;0;0;0;0;0;0;0;0;0;0;0;0
FR;8;2021-03-01;0;0;0;0;0;0;0;0;0;0;0;0;0;0;0;0;0;0
FR;8;2021-03-02;0;0;0;0;0;0;0;0;0;0;0;0;0;0;0;0;0;0
FR;8;2021-03-03;0;0;0;0;0;0;0;0;0;0;0;0;0;0;0;0;0;0
FR;8;2021-03-04;0;0;0;0;0;0;0;0;0;0;0;0;0;0;0;0;0;0
FR;8;2021-03-05;0;0;0;0;0;0;0;0;0;0;0;0;0;0;0;0;0;0
FR;8;2021-03-06;0;0;0;0;0;0;0;0;0;0;0;0;0;0;0;0;0;0
FR;8;2021-03-07;0;0;0;0;0;0;0;0;0;0;0;0;0;0;0;0;0;0
FR;8;2021-03-08;0;0;0;0;0;0;0;0;0;0;0;0;0;0;0;0;0;0
FR;8;2021-03-09;0;0;0;0;0;0;0;0;0;0;0;0;0;0;0;0;0;0
FR;8;2021-03-10;0;0;0;0;0;0;0;0;0;0;0;0;0;0;0;0;0;0
FR;8;2021-03-11;0;0;0;0;0;0;0;0;0;0;0;0;0;0;0;0;0;0
FR;8;2021-03-12;0;0;0;0;0;0;0;0;0;0;0;0;0;0;0;0;0;0
FR;8;2021-03-13;0;0;0;0;0;0;0;0;0;0;0;0;0;0;0;0;0;0
FR;8;2021-03-14;0;0;0;0;0;0;0;0;0;0;0;0;0;0;0;0;0;0
FR;8;2021-03-15;0;0;0;0;0;0;0;0;0;0;0;0;0;0;0;0;0;0
FR;8;2021-03-16;0;0;0;0;0;0;0;0;0;0;0;0;0;0;0;0;0;0
FR;8;2021-03-17;0;0;0;0;0;0;0;0;0;0;0;0;0;0;0;0;0;0
FR;8;2021-03-18;0;0;0;0;0;0;0;0;0;0;0;0;0;0;0;0;0;0
FR;8;2021-03-19;0;0;0;0;0;0;0;0;0;0;0;0;0;0;0;0;0;0
FR;8;2021-03-20;0;0;0;0;0;0;0;0;0;0;0;0;0;0;0;0;0;0
FR;8;2021-03-21;0;0;0;0;0;0;0;0;0;0;0;0;0;0;0;0;0;0
FR;8;2021-03-22;0;0;0;0;0;0;0;0;0;0;0;0;0;0;0;0;0;0
FR;8;2021-03-23;0;0;0;0;0;0;0;0;0;0;0;0;0;0;0;0;0;0
FR;8;2021-03-24;0;0;0;0;0;0;0;0;0;0;0;0;0;0;0;0;0;0
FR;8;2021-03-25;0;0;0;0;0;0;0;0;0;0;0;0;0;0;0;0;0;0
FR;8;2021-03-26;0;0;0;0;0;0;0;0;0;0;0;0;0;0;0;0;0;0
FR;8;2021-03-27;0;0;0;0;0;0;0;0;0;0;0;0;0;0;0;0;0;0
FR;8;2021-03-28;0;0;0;0;0;0;0;0;0;0;0;0;0;0;0;0;0;0
FR;8;2021-03-29;0;0;0;0;0;0;0;0;0;0;0;0;0;0;0;0;0;0
FR;8;2021-03-30;0;0;0;0;0;0;0;0;0;0;0;0;0;0;0;0;0;0
FR;8;2021-03-31;0;0;0;0;0;0;0;0;0;0;0;0;0;0;0;0;0;0
FR;8;2021-04-01;0;0;0;0;0;0;0;0;0;0;0;0;0;0;0;0;0;0
FR;8;2021-04-02;0;0;0;0;0;0;0;0;0;0;0;0;0;0;0;0;0;0
FR;8;2021-04-03;0;0;0;0;0;0;0;0;0;0;0;0;0;0;0;0;0;0
FR;8;2021-04-04;0;0;0;0;0;0;0;0;0;0;0;0;0;0;0;0;0;0
FR;8;2021-04-05;0;0;0;0;0;0;0;0;0;0;0;0;0;0;0;0;0;0
FR;8;2021-04-06;0;0;0;0;0;0;0;0;0;0;0;0;0;0;0;0;0;0
FR;8;2021-04-07;0;0;0;0;0;0;0;0;0;0;0;0;0;0;0;0;0;0
FR;8;2021-04-08;0;0;0;0;0;0;0;0;0;0;0;0;0;0;0;0;0;0
FR;8;2021-04-09;0;0;0;0;0;0;0;0;0;0;0;0;0;0;0;0;0;0
FR;8;2021-04-10;0;0;0;0;0;0;0;0;0;0;0;0;0;0;0;0;0;0
FR;8;2021-04-11;0;0;0;0;0;0;0;0;0;0;0;0;0;0;0;0;0;0
FR;8;2021-04-12;0;0;0;0;0;0;0;0;0;0;0;0;0;0;0;0;0;0
FR;8;2021-04-13;0;0;0;0;0;0;0;0;0;0;0;0;0;0;0;0;0;0
FR;8;2021-04-14;0;0;0;0;0;0;0;0;0;0;0;0;0;0;0;0;0;0
FR;8;2021-04-15;0;0;0;0;0;0;0;0;0;0;0;0;0;0;0;0;0;0
FR;8;2021-04-16;0;0;0;0;0;0;0;0;0;0;0;0;0;0;0;0;0;0
FR;8;2021-04-17;0;0;0;0;0;0;0;0;0;0;0;0;0;0;0;0;0;0
FR;8;2021-04-18;0;0;0;0;0;0;0;0;0;0;0;0;0;0;0;0;0;0
FR;8;2021-04-19;0;0;0;0;0;0;0;0;0;0;0;0;0;0;0;0;0;0
FR;8;2021-04-20;0;0;0;0;0;0;0;0;0;0;0;0;0;0;0;0;0;0
FR;8;2021-04-21;0;0;0;0;0;0;0;0;0;0;0;0;0;0;0;0;0;0
FR;8;2021-04-22;0;0;0;0;0;0;0;0;0;0;0;0;0;0;0;0;0;0
FR;8;2021-04-23;0;0;0;0;0;0;0;0;0;0;0;0;0;0;0;0;0;0
FR;8;2021-04-24;0;0;0;0;0;0;0;0;0;0;0;0;0;0;0;0;0;0
FR;8;2021-04-25;0;0;0;0;0;0;0;0;0;0;0;0;0;0;0;0;0;0
FR;8;2021-04-26;0;0;0;0;0;0;0;0;0;0;0;0;0;0;0;0;0;0
FR;8;2021-04-27;0;0;0;0;0;0;0;0;0;0;0;0;0;0;0;0;0;0
FR;8;2021-04-28;0;0;0;0;0;0;0;0;0;0;0;0;0;0;0;0;0;0
FR;8;2021-04-29;0;0;0;0;0;0;0;0;0;0;0;0;0;0;0;0;0;0
FR;8;2021-04-30;0;0;0;0;0;0;0;0;0;0;0;0;0;0;0;0;0;0
FR;8;2021-05-01;0;0;0;0;0;0;0;0;0;0;0;0;0;0;0;0;0;0
FR;8;2021-05-02;0;0;0;0;0;0;0;0;0;0;0;0;0;0;0;0;0;0
FR;8;2021-05-03;0;0;0;0;0;0;0;0;0;0;0;0;0;0;0;0;0;0
FR;8;2021-05-04;0;0;0;0;0;0;0;0;0;0;0;0;0;0;0;0;0;0
FR;8;2021-05-05;0;0;0;0;0;0;0;0;0;0;0;0;0;0;0;0;0;0
FR;8;2021-05-06;0;0;0;0;0;0;0;0;0;0;0;0;0;0;0;0;0;0
FR;8;2021-05-07;0;0;0;0;0;0;0;0;0;0;0;0;0;0;0;0;0;0
FR;8;2021-05-08;0;0;0;0;0;0;0;0;0;0;0;0;0;0;0;0;0;0
FR;8;2021-05-09;0;0;0;0;0;0;0;0;0;0;0;0;0;0;0;0;0;0
FR;8;2021-05-10;0;0;0;0;0;0;0;0;0;0;0;0;0;0;0;0;0;0
FR;8;2021-05-11;0;0;0;0;0;0;0;0;0;0;0;0;0;0;0;0;0;0
FR;8;2021-05-12;0;0;0;0;0;0;0;0;0;0;0;0;0;0;0;0;0;0
FR;8;2021-05-13;0;0;0;0;0;0;0;0;0;0;0;0;0;0;0;0;0;0
FR;8;2021-05-14;0;0;0;0;0;0;0;0;0;0;0;0;0;0;0;0;0;0
FR;8;2021-05-15;0;0;0;0;0;0;0;0;0;0;0;0;0;0;0;0;0;0
FR;8;2021-05-16;0;0;0;0;0;0;0;0;0;0;0;0;0;0;0;0;0;0
FR;8;2021-05-17;0;0;0;0;0;0;0;0;0;0;0;0;0;0;0;0;0;0
FR;8;2021-05-18;0;0;0;0;0;0;0;0;0;0;0;0;0;0;0;0;0;0
FR;8;2021-05-19;0;0;0;0;0;0;0;0;0;0;0;0;0;0;0;0;0;0
FR;8;2021-05-20;0;0;0;0;0;0;0;0;0;0;0;0;0;0;0;0;0;0
FR;8;2021-05-21;0;0;0;0;0;0;0;0;0;0;0;0;0;0;0;0;0;0
FR;8;2021-05-22;0;0;0;0;0;0;0;0;0;0;0;0;0;0;0;0;0;0
FR;8;2021-05-23;0;0;0;0;0;0;0;0;0;0;0;0;0;0;0;0;0;0
FR;8;2021-05-24;0;0;0;0;0;0;0;0;0;0;0;0;0;0;0;0;0;0
FR;8;2021-05-25;0;0;0;0;0;0;0;0;0;0;0;0;0;0;0;0;0;0
FR;8;2021-05-26;0;0;0;0;0;0;0;0;0;0;0;0;0;0;0;0;0;0
FR;8;2021-05-27;0;0;0;0;0;0;0;0;0;0;0;0;0;0;0;0;0;0
FR;8;2021-05-28;0;0;0;0;0;0;0;0;0;0;0;0;0;0;0;0;0;0
FR;8;2021-05-29;0;0;0;0;0;0;0;0;0;0;0;0;0;0;0;0;0;0
FR;8;2021-05-30;0;0;0;0;0;0;0;0;0;0;0;0;0;0;0;0;0;0
FR;8;2021-05-31;0;0;0;0;0;0;0;0;0;0;0;0;0;0;0;0;0;0
FR;8;2021-06-01;0;0;0;0;0;0;0;0;0;0;0;0;0;0;0;0;0;0
FR;8;2021-06-02;0;0;0;0;0;0;0;0;0;0;0;0;0;0;0;0;0;0
FR;8;2021-06-03;0;0;0;0;0;0;0;0;0;0;0;0;0;0;0;0;0;0
FR;8;2021-06-04;0;0;0;0;0;0;0;0;0;0;0;0;0;0;0;0;0;0
FR;8;2021-06-05;0;0;0;0;0;0;0;0;0;0;0;0;0;0;0;0;0;0
FR;8;2021-06-06;0;0;0;0;0;0;0;0;0;0;0;0;0;0;0;0;0;0
FR;8;2021-06-07;0;0;0;0;0;0;0;0;0;0;0;0;0;0;0;0;0;0
FR;8;2021-06-08;0;0;0;0;0;0;0;0;0;0;0;0;0;0;0;0;0;0
FR;8;2021-06-09;0;0;0;0;0;0;0;0;0;0;0;0;0;0;0;0;0;0
FR;8;2021-06-10;0;0;0;0;0;0;0;0;0;0;0;0;0;0;0;0;0;0
FR;8;2021-06-11;0;0;0;0;0;0;0;0;0;0;0;0;0;0;0;0;0;0
FR;8;2021-06-12;0;0;0;0;0;0;0;0;0;0;0;0;0;0;0;0;0;0
FR;8;2021-06-13;0;0;0;0;0;0;0;0;0;0;0;0;0;0;0;0;0;0
FR;8;2021-06-14;0;0;0;0;0;0;0;0;0;0;0;0;0;0;0;0;0;0
FR;8;2021-06-15;0;0;0;0;0;0;0;0;0;0;0;0;0;0;0;0;0;0
FR;8;2021-06-16;0;0;0;0;0;0;0;0;0;0;0;0;0;0;0;0;0;0
FR;8;2021-06-17;0;0;0;0;0;0;0;0;0;0;0;0;0;0;0;0;0;0
FR;8;2021-06-18;0;0;0;0;0;0;0;0;0;0;0;0;0;0;0;0;0;0
FR;8;2021-06-19;0;0;0;0;0;0;0;0;0;0;0;0;0;0;0;0;0;0
FR;8;2021-06-20;0;0;0;0;0;0;0;0;0;0;0;0;0;0;0;0;0;0
FR;8;2021-06-21;0;0;0;0;0;0;0;0;0;0;0;0;0;0;0;0;0;0
FR;8;2021-06-22;0;0;0;0;0;0;0;0;0;0;0;0;0;0;0;0;0;0
FR;8;2021-06-23;0;0;0;0;0;0;0;0;0;0;0;0;0;0;0;0;0;0
FR;8;2021-06-24;0;0;0;0;0;0;0;0;0;0;0;0;0;0;0;0;0;0
FR;8;2021-06-25;0;0;0;0;0;0;0;0;0;0;0;0;0;0;0;0;0;0
FR;8;2021-06-26;0;0;0;0;0;0;0;0;0;0;0;0;0;0;0;0;0;0
FR;8;2021-06-27;0;0;0;0;0;0;0;0;0;0;0;0;0;0;0;0;0;0
FR;8;2021-06-28;0;0;0;0;0;0;0;0;0;0;0;0;0;0;0;0;0;0
FR;8;2021-06-29;0;0;0;0;0;0;0;0;0;0;0;0;0;0;0;0;0;0
FR;8;2021-06-30;0;0;0;0;0;0;0;0;0;0;0;0;0;0;0;0;0;0
FR;8;2021-07-01;0;0;0;0;0;0;0;0;0;0;0;0;0;0;0;0;0;0
FR;8;2021-07-02;0;0;0;0;0;0;0;0;0;0;0;0;0;0;0;0;0;0
FR;8;2021-07-03;0;0;0;0;0;0;0;0;0;0;0;0;0;0;0;0;0;0
FR;8;2021-07-04;0;0;0;0;0;0;0;0;0;0;0;0;0;0;0;0;0;0
FR;8;2021-07-05;0;0;0;0;0;0;0;0;0;0;0;0;0;0;0;0;0;0
FR;8;2021-07-06;0;0;0;0;0;0;0;0;0;0;0;0;0;0;0;0;0;0
FR;8;2021-07-07;0;0;0;0;0;0;0;0;0;0;0;0;0;0;0;0;0;0
FR;8;2021-07-08;0;0;0;0;0;0;0;0;0;0;0;0;0;0;0;0;0;0
FR;8;2021-07-09;0;0;0;0;0;0;0;0;0;0;0;0;0;0;0;0;0;0
FR;8;2021-07-10;0;0;0;0;0;0;0;0;0;0;0;0;0;0;0;0;0;0
FR;8;2021-07-11;0;0;0;0;0;0;0;0;0;0;0;0;0;0;0;0;0;0
FR;8;2021-07-12;0;0;0;0;0;0;0;0;0;0;0;0;0;0;0;0;0;0
FR;8;2021-07-13;0;0;0;0;0;0;0;0;0;0;0;0;0;0;0;0;0;0
FR;8;2021-07-14;0;0;0;0;0;0;0;0;0;0;0;0;0;0;0;0;0;0
FR;8;2021-07-15;0;0;0;0;0;0;0;0;0;0;0;0;0;0;0;0;0;0
FR;8;2021-07-16;0;0;0;0;0;0;0;0;0;0;0;0;0;0;0;0;0;0
FR;8;2021-07-17;0;0;0;0;0;0;0;0;0;0;0;0;0;0;0;0;0;0
FR;8;2021-07-18;0;0;0;0;0;0;0;0;0;0;0;0;0;0;0;0;0;0
FR;8;2021-07-19;0;0;0;0;0;0;0;0;0;0;0;0;0;0;0;0;0;0
FR;8;2021-07-20;0;0;0;0;0;0;0;0;0;0;0;0;0;0;0;0;0;0
FR;8;2021-07-21;0;0;0;0;0;0;0;0;0;0;0;0;0;0;0;0;0;0
FR;8;2021-07-22;0;0;0;0;0;0;0;0;0;0;0;0;0;0;0;0;0;0
FR;8;2021-07-23;0;0;0;0;0;0;0;0;0;0;0;0;0;0;0;0;0;0
FR;8;2021-07-24;0;0;0;0;0;0;0;0;0;0;0;0;0;0;0;0;0;0
FR;8;2021-07-25;0;0;0;0;0;0;0;0;0;0;0;0;0;0;0;0;0;0
FR;8;2021-07-26;0;0;0;0;0;0;0;0;0;0;0;0;0;0;0;0;0;0
FR;8;2021-07-27;0;0;0;0;0;0;0;0;0;0;0;0;0;0;0;0;0;0
FR;8;2021-07-28;0;0;0;0;0;0;0;0;0;0;0;0;0;0;0;0;0;0
FR;8;2021-07-29;0;0;0;0;0;0;0;0;0;0;0;0;0;0;0;0;0;0
FR;8;2021-07-30;0;0;0;0;0;0;0;0;0;0;0;0;0;0;0;0;0;0
FR;8;2021-07-31;0;0;0;0;0;0;0;0;0;0;0;0;0;0;0;0;0;0
FR;8;2021-08-01;0;0;0;0;0;0;0;0;0;0;0;0;0;0;0;0;0;0
FR;8;2021-08-02;0;0;0;0;0;0;0;0;0;0;0;0;0;0;0;0;0;0
FR;8;2021-08-03;0;0;0;0;0;0;0;0;0;0;0;0;0;0;0;0;0;0
FR;8;2021-08-04;0;0;0;0;0;0;0;0;0;0;0;0;0;0;0;0;0;0
FR;8;2021-08-05;0;0;0;0;0;0;0;0;0;0;0;0;0;0;0;0;0;0
FR;8;2021-08-06;0;0;0;0;0;0;0;0;0;0;0;0;0;0;0;0;0;0
FR;8;2021-08-07;0;0;0;0;0;0;0;0;0;0;0;0;0;0;0;0;0;0
FR;8;2021-08-08;0;0;0;0;0;0;0;0;0;0;0;0;0;0;0;0;0;0
FR;8;2021-08-09;0;0;0;0;0;0;0;0;0;0;0;0;0;0;0;0;0;0
FR;8;2021-08-10;0;0;0;0;0;0;0;0;0;0;0;0;0;0;0;0;0;0
FR;8;2021-08-11;0;0;0;0;0;0;0;0;0;0;0;0;0;0;0;0;0;0
FR;8;2021-08-12;0;0;0;0;0;0;0;0;0;0;0;0;0;0;0;0;0;0
FR;8;2021-08-13;0;0;0;0;0;0;0;0;0;0;0;0;0;0;0;0;0;0
FR;8;2021-08-14;0;0;0;0;0;0;0;0;0;0;0;0;0;0;0;0;0;0
FR;8;2021-08-15;0;0;0;0;0;0;0;0;0;0;0;0;0;0;0;0;0;0
FR;8;2021-08-16;0;0;0;0;0;0;0;0;0;0;0;0;0;0;0;0;0;0
FR;8;2021-08-17;0;0;0;0;0;0;0;0;0;0;0;0;0;0;0;0;0;0
FR;8;2021-08-18;0;0;0;0;0;0;0;0;0;0;0;0;0;0;0;0;0;0
FR;8;2021-08-19;0;0;0;0;0;0;0;0;0;0;0;0;0;0;0;0;0;0
FR;8;2021-08-20;0;0;0;0;0;0;0;0;0;0;0;0;0;0;0;0;0;0
FR;8;2021-08-21;0;0;0;0;0;0;0;0;0;0;0;0;0;0;0;0;0;0
FR;8;2021-08-22;0;0;0;0;0;0;0;0;0;0;0;0;0;0;0;0;0;0
FR;8;2021-08-23;0;0;0;0;0;0;0;0;0;0;0;0;0;0;0;0;0;0
FR;8;2021-08-24;0;0;0;0;0;0;0;0;0;0;0;0;0;0;0;0;0;0
FR;8;2021-08-25;0;0;0;0;0;0;0;0;0;0;0;0;0;0;0;0;0;0
FR;8;2021-08-26;0;0;0;0;0;0;0;0;0;0;0;0;0;0;0;0;0;0
FR;8;2021-08-27;0;0;0;0;0;0;0;0;0;0;0;0;0;0;0;0;0;0
FR;8;2021-08-28;0;0;0;0;0;0;0;0;0;0;0;0;0;0;0;0;0;0
FR;8;2021-08-29;0;0;0;0;0;0;0;0;0;0;0;0;0;0;0;0;0;0
FR;8;2021-08-30;0;0;0;0;0;0;0;0;0;0;0;0;0;0;0;0;0;0
FR;8;2021-08-31;0;0;0;0;0;0;0;0;0;0;0;0;0;0;0;0;0;0
FR;8;2021-09-01;0;0;0;0;0;0;0;0;0;0;0;0;0;0;0;0;0;0
FR;8;2021-09-02;0;0;0;0;0;0;0;0;0;0;0;0;0;0;0;0;0;0
FR;8;2021-09-03;0;0;0;0;0;0;0;0;0;0;0;0;0;0;0;0;0;0
FR;8;2021-09-04;0;0;0;0;0;0;0;0;0;0;0;0;0;0;0;0;0;0
FR;8;2021-09-05;0;0;0;0;0;0;0;0;0;0;0;0;0;0;0;0;0;0
FR;8;2021-09-06;0;0;0;0;0;0;0;0;0;0;0;0;0;0;0;0;0;0
FR;8;2021-09-07;0;0;0;0;0;0;0;0;0;0;0;0;0;0;0;0;0;0
FR;8;2021-09-08;0;0;0;0;0;0;0;0;0;0;0;0;0;0;0;0;0;0
FR;8;2021-09-09;0;0;0;0;0;0;0;0;0;0;0;0;0;0;0;0;0;0
FR;8;2021-09-10;0;0;0;0;0;0;0;0;0;0;0;0;0;0;0;0;0;0
FR;8;2021-09-11;0;0;0;0;0;0;0;0;0;0;0;0;0;0;0;0;0;0
FR;8;2021-09-12;0;0;0;0;0;0;0;0;0;0;0;0;0;0;0;0;0;0
FR;8;2021-09-13;0;0;0;0;0;0;0;0;0;0;0;0;0;0;0;0;0;0
FR;8;2021-09-14;0;0;0;0;0;0;0;0;0;0;0;0;0;0;0;0;0;0
FR;8;2021-09-15;0;0;0;0;0;0;0;0;0;0;0;0;0;0;0;0;0;0
FR;8;2021-09-16;0;0;0;0;0;0;0;0;0;0;0;0;0;0;0;0;0;0
FR;8;2021-09-17;0;0;0;0;0;0;0;0;0;0;0;0;0;0;0;0;0;0
FR;8;2021-09-18;0;0;0;0;0;0;0;0;0;0;0;0;0;0;0;0;0;0
FR;8;2021-09-19;0;0;0;0;0;0;0;0;0;0;0;0;0;0;0;0;0;0
FR;8;2021-09-20;0;0;0;0;0;0;0;0;0;0;0;0;0;0;0;0;0;0
FR;8;2021-09-21;0;0;0;0;0;0;0;0;0;0;0;0;0;0;0;0;0;0
FR;8;2021-09-22;0;0;0;0;0;0;0;0;0;0;0;0;0;0;0;0;0;0
FR;8;2021-09-23;0;0;0;0;0;0;0;0;0;0;0;0;0;0;0;0;0;0
FR;8;2021-09-24;0;0;0;0;0;0;0;0;0;0;0;0;0;0;0;0;0;0
FR;8;2021-09-25;0;0;0;0;0;0;0;0;0;0;0;0;0;0;0;0;0;0
FR;8;2021-09-26;0;0;0;0;0;0;0;0;0;0;0;0;0;0;0;0;0;0
FR;8;2021-09-27;0;0;0;0;0;0;0;0;0;0;0;0;0;0;0;0;0;0
FR;8;2021-09-28;0;0;0;0;0;0;0;0;0;0;0;0;0;0;0;0;0;0
FR;8;2021-09-29;0;0;0;0;0;0;0;0;0;0;0;0;0;0;0;0;0;0
FR;8;2021-09-30;0;0;0;0;0;0;0;0;0;0;0;0;0;0;0;0;0;0
FR;8;2021-10-01;0;0;0;0;0;0;0;0;0;0;0;0;0;0;0;0;0;0
FR;8;2021-10-02;0;0;0;0;0;0;0;0;0;0;0;0;0;0;0;0;0;0
FR;8;2021-10-03;0;0;0;0;0;0;0;0;0;0;0;0;0;0;0;0;0;0
FR;8;2021-10-04;0;0;0;0;0;0;0;0;0;0;0;0;0;0;0;0;0;0
FR;8;2021-10-05;0;0;0;0;0;0;0;0;0;0;0;0;0;0;0;0;0;0
FR;8;2021-10-06;0;0;0;0;0;0;0;0;0;0;0;0;0;0;0;0;0;0
FR;8;2021-10-07;0;0;0;0;0;0;0;0;0;0;0;0;0;0;0;0;0;0
FR;8;2021-10-08;0;0;0;0;0;0;0;0;0;0;0;0;0;0;0;0;0;0
FR;8;2021-10-09;0;0;0;0;0;0;0;0;0;0;0;0;0;0;0;0;0;0
FR;8;2021-10-10;0;0;0;0;0;0;0;0;0;0;0;0;0;0;0;0;0;0
FR;8;2021-10-11;0;0;0;0;0;0;0;0;0;0;0;0;0;0;0;0;0;0
FR;8;2021-10-12;0;0;0;0;0;0;0;0;0;0;0;0;0;0;0;0;0;0
FR;8;2021-10-13;0;0;0;0;0;0;0;0;0;0;0;0;0;0;0;0;0;0
FR;8;2021-10-14;0;0;0;0;0;0;0;0;0;0;0;0;0;0;0;0;0;0
FR;8;2021-10-15;0;0;0;0;0;0;0;0;0;0;0;0;0;0;0;0;0;0
FR;8;2021-10-16;0;0;0;0;0;0;0;0;0;0;0;0;0;0;0;0;0;0
FR;8;2021-10-17;0;0;0;0;0;0;0;0;0;0;0;0;0;0;0;0;0;0
FR;8;2021-10-18;0;0;0;0;0;0;0;0;0;0;0;0;0;0;0;0;0;0
FR;8;2021-10-19;0;0;0;0;0;0;0;0;0;0;0;0;0;0;0;0;0;0
FR;8;2021-10-20;0;0;0;0;0;0;0;0;0;0;0;0;0;0;0;0;0;0
FR;8;2021-10-21;0;0;0;0;0;0;0;0;0;0;0;0;0;0;0;0;0;0
FR;8;2021-10-22;0;0;0;0;0;0;0;0;0;0;0;0;0;0;0;0;0;0
FR;8;2021-10-23;0;0;0;0;0;0;0;0;0;0;0;0;0;0;0;0;0;0
FR;8;2021-10-24;0;0;0;0;0;0;0;0;0;0;0;0;0;0;0;0;0;0
FR;8;2021-10-25;0;0;0;0;0;0;0;0;0;0;0;0;0;0;0;0;0;0
FR;8;2021-10-26;0;0;0;0;0;0;0;0;0;0;0;0;0;0;0;0;0;0
FR;8;2021-10-27;0;0;0;0;0;0;0;0;0;0;0;0;0;0;0;0;0;0
FR;8;2021-10-28;0;0;0;0;0;0;0;0;0;0;0;0;0;0;0;0;0;0
FR;8;2021-10-29;0;0;0;0;0;0;0;0;0;0;0;0;0;0;0;0;0;0
FR;8;2021-10-30;0;0;0;0;0;0;0;0;0;0;0;0;0;0;0;0;0;0
FR;8;2021-10-31;0;0;0;0;0;0;0;0;0;0;0;0;0;0;0;0;0;0
FR;8;2021-11-01;0;0;0;0;0;0;0;0;0;0;0;0;0;0;0;0;0;0
FR;8;2021-11-02;0;0;0;0;0;0;0;0;0;0;0;0;0;0;0;0;0;0
FR;8;2021-11-03;0;0;0;0;0;0;0;0;0;0;0;0;0;0;0;0;0;0
FR;8;2021-11-04;0;0;0;0;0;0;0;0;0;0;0;0;0;0;0;0;0;0
FR;8;2021-11-05;0;0;0;0;0;0;0;0;0;0;0;0;0;0;0;0;0;0
FR;8;2021-11-06;0;0;0;0;0;0;0;0;0;0;0;0;0;0;0;0;0;0
FR;8;2021-11-07;0;0;0;0;0;0;0;0;0;0;0;0;0;0;0;0;0;0
FR;8;2021-11-08;0;0;0;0;0;0;0;0;0;0;0;0;0;0;0;0;0;0
FR;8;2021-11-09;0;0;0;0;0;0;0;0;0;0;0;0;0;0;0;0;0;0
FR;8;2021-11-10;0;0;0;0;0;0;0;0;0;0;0;0;0;0;0;0;0;0
FR;8;2021-11-11;0;0;0;0;0;0;0;0;0;0;0;0;0;0;0;0;0;0
FR;8;2021-11-12;0;0;0;0;0;0;0;0;0;0;0;0;0;0;0;0;0;0
FR;8;2021-11-13;0;0;0;0;0;0;0;0;0;0;0;0;0;0;0;0;0;0
FR;8;2021-11-14;0;0;0;0;0;0;0;0;0;0;0;0;0;0;0;0;0;0
FR;8;2021-11-15;0;0;0;0;0;0;0;0;0;0;0;0;0;0;0;0;0;0
FR;8;2021-11-16;0;0;0;0;0;0;0;0;0;0;0;0;0;0;0;0;0;0
FR;8;2021-11-17;0;0;0;0;0;0;0;0;0;0;0;0;0;0;0;0;0;0
FR;8;2021-11-18;0;0;0;0;0;0;0;0;0;0;0;0;0;0;0;0;0;0
FR;8;2021-11-19;0;0;0;0;0;0;0;0;0;0;0;0;0;0;0;0;0;0
FR;8;2021-11-20;0;0;0;0;0;0;0;0;0;0;0;0;0;0;0;0;0;0
FR;8;2021-11-21;0;0;0;0;0;0;0;0;0;0;0;0;0;0;0;0;0;0
FR;8;2021-11-22;0;0;0;0;0;0;0;0;0;0;0;0;0;0;0;0;0;0
FR;8;2021-11-23;0;0;0;0;0;0;0;0;0;0;0;0;0;0;0;0;0;0
FR;8;2021-11-24;0;0;0;0;0;0;0;0;0;0;0;0;0;0;0;0;0;0
FR;8;2021-11-25;0;0;0;0;0;0;0;0;0;0;0;0;0;0;0;0;0;0
FR;8;2021-11-26;0;0;0;0;0;0;0;0;0;0;0;0;0;0;0;0;0;0
FR;8;2021-11-27;0;0;0;0;0;0;0;0;0;0;0;0;0;0;0;0;0;0
FR;8;2021-11-28;0;0;0;0;0;0;0;0;0;0;0;0;0;0;0;0;0;0
FR;8;2021-11-29;0;0;0;0;0;0;0;0;0;0;0;0;0;0;0;0;0;0
FR;8;2021-11-30;0;0;0;0;0;0;0;0;0;0;0;0;0;0;0;0;0;0
FR;8;2021-12-01;0;0;0;0;0;0;0;0;0;0;0;0;0;0;0;0;0;0
FR;8;2021-12-02;0;0;0;0;0;0;0;0;0;0;0;0;0;0;0;0;0;0
FR;8;2021-12-03;0;0;0;0;0;0;0;0;0;0;0;0;0;0;0;0;0;0
FR;8;2021-12-04;0;0;0;0;0;0;0;0;0;0;0;0;0;0;0;0;0;0
FR;8;2021-12-05;0;0;0;0;0;0;0;0;0;0;0;0;0;0;0;0;0;0
FR;8;2021-12-06;0;0;0;0;0;0;0;0;0;0;0;0;0;0;0;0;0;0
FR;8;2021-12-07;0;0;0;0;0;0;0;0;0;0;0;0;0;0;0;0;0;0
FR;8;2021-12-08;0;0;0;0;0;0;0;0;0;0;0;0;0;0;0;0;0;0
FR;8;2021-12-09;0;0;0;0;0;0;0;0;0;0;0;0;0;0;0;0;0;0
FR;8;2021-12-10;0;0;0;0;0;0;0;0;0;0;0;0;0;0;0;0;0;0
FR;8;2021-12-11;0;0;0;0;0;0;0;0;0;0;0;0;0;0;0;0;0;0
FR;8;2021-12-12;0;0;0;0;0;0;0;0;0;0;0;0;0;0;0;0;0;0
FR;8;2021-12-13;0;0;0;0;0;0;0;0;0;0;0;0;0;0;0;0;0;0
FR;8;2021-12-14;0;0;0;0;0;0;0;0;0;0;0;0;0;0;0;0;0;0
FR;8;2021-12-15;0;0;0;0;0;0;0;0;0;0;0;0;0;0;0;0;0;0
FR;8;2021-12-16;0;0;0;0;0;0;0;0;0;0;0;0;0;0;0;0;0;0
FR;8;2021-12-17;0;0;0;0;0;0;0;0;0;0;0;0;0;0;0;0;0;0
FR;8;2021-12-18;0;0;0;0;0;0;0;0;0;0;0;0;0;0;0;0;0;0
FR;8;2021-12-19;0;0;0;0;0;0;0;0;0;0;0;0;0;0;0;0;0;0
FR;8;2021-12-20;0;0;0;0;0;0;0;0;0;0;0;0;0;0;0;0;0;0
FR;8;2021-12-21;0;0;0;0;0;0;0;0;0;0;0;0;0;0;0;0;0;0
FR;8;2021-12-22;0;0;0;0;0;0;0;0;0;0;0;0;0;0;0;0;0;0
FR;8;2021-12-23;0;0;0;0;0;0;0;0;0;0;0;0;0;0;0;0;0;0
FR;8;2021-12-24;0;0;0;0;0;0;0;0;0;0;0;0;0;0;0;0;0;0
FR;8;2021-12-25;0;0;0;0;0;0;0;0;0;0;0;0;0;0;0;0;0;0
FR;8;2021-12-26;0;0;0;0;0;0;0;0;0;0;0;0;0;0;0;0;0;0
FR;8;2021-12-27;0;0;0;0;0;0;0;0;0;0;0;0;0;0;0;0;0;0
FR;8;2021-12-28;0;0;0;0;0;0;0;0;0;0;0;0;0;0;0;0;0;0
FR;8;2021-12-29;0;0;0;0;0;0;0;0;0;0;0;0;0;0;0;0;0;0
FR;8;2021-12-30;0;0;0;0;0;0;0;0;0;0;0;0;0;0;0;0;0;0
FR;8;2021-12-31;0;0;0;0;0;0;0;0;0;0;0;0;0;0;0;0;0;0
FR;8;2022-01-01;0;0;0;0;0;0;0;0;0;0;0;0;0;0;0;0;0;0
FR;8;2022-01-02;0;0;0;0;0;0;0;0;0;0;0;0;0;0;0;0;0;0
FR;8;2022-01-03;0;0;0;0;0;0;0;0;0;0;0;0;0;0;0;0;0;0
FR;8;2022-01-04;0;0;0;0;0;0;0;0;0;0;0;0;0;0;0;0;0;0
FR;8;2022-01-05;0;0;0;0;0;0;0;0;0;0;0;0;0;0;0;0;0;0
FR;8;2022-01-06;0;0;0;0;0;0;0;0;0;0;0;0;0;0;0;0;0;0
FR;8;2022-01-07;0;0;0;0;0;0;0;0;0;0;0;0;0;0;0;0;0;0
FR;8;2022-01-08;0;0;0;0;0;0;0;0;0;0;0;0;0;0;0;0;0;0
FR;8;2022-01-09;0;0;0;0;0;0;0;0;0;0;0;0;0;0;0;0;0;0
FR;8;2022-01-10;0;0;0;0;0;0;0;0;0;0;0;0;0;0;0;0;0;0
FR;8;2022-01-11;0;0;0;0;0;0;0;0;0;0;0;0;0;0;0;0;0;0
FR;8;2022-01-12;0;0;0;0;0;0;0;0;0;0;0;0;0;0;0;0;0;0
FR;8;2022-01-13;0;0;0;0;0;0;0;0;0;0;0;0;0;0;0;0;0;0
FR;8;2022-01-14;0;0;0;0;0;0;0;0;0;0;0;0;0;0;0;0;0;0
FR;8;2022-01-15;0;0;0;0;0;0;0;0;0;0;0;0;0;0;0;0;0;0
FR;8;2022-01-16;0;0;0;0;0;0;0;0;0;0;0;0;0;0;0;0;0;0
FR;8;2022-01-17;0;0;0;0;0;0;0;0;0;0;0;0;0;0;0;0;0;0
FR;8;2022-01-18;0;0;0;0;0;0;0;0;0;0;0;0;0;0;0;0;0;0
FR;8;2022-01-19;0;0;0;0;0;0;0;0;0;0;0;0;0;0;0;0;0;0
FR;8;2022-01-20;0;0;0;0;0;0;0;0;0;0;0;0;0;0;0;0;0;0
FR;8;2022-01-21;0;0;0;0;0;0;0;0;0;0;0;0;0;0;0;0;0;0
FR;8;2022-01-22;0;0;0;0;0;0;0;0;0;0;0;0;0;0;0;0;0;0
FR;8;2022-01-23;0;0;0;0;0;0;0;0;0;0;0;0;0;0;0;0;0;0
FR;8;2022-01-24;0;0;0;0;0;0;0;0;0;0;0;0;0;0;0;0;0;0
FR;8;2022-01-25;0;0;0;0;0;0;0;0;0;0;0;0;0;0;0;0;0;0
FR;8;2022-01-26;0;0;0;0;0;0;0;0;0;0;0;0;0;0;0;0;0;0
FR;8;2022-01-27;0;0;0;0;0;0;0;0;0;0;0;0;0;0;0;0;0;0
FR;8;2022-01-28;0;0;0;0;0;0;0;0;0;0;0;0;0;0;0;0;0;0
FR;8;2022-01-29;0;0;0;0;0;0;0;0;0;0;0;0;0;0;0;0;0;0
FR;8;2022-01-30;0;0;0;0;0;0;0;0;0;0;0;0;0;0;0;0;0;0
FR;8;2022-01-31;0;0;0;0;0;0;0;0;0;0;0;0;0;0;0;0;0;0
FR;8;2022-02-01;0;0;0;0;0;0;0;0;0;0;0;0;0;0;0;0;0;0
FR;8;2022-02-02;0;0;0;0;0;0;0;0;0;0;0;0;0;0;0;0;0;0
FR;8;2022-02-03;0;0;0;0;0;0;0;0;0;0;0;0;0;0;0;0;0;0
FR;8;2022-02-04;0;0;0;0;0;0;0;0;0;0;0;0;0;0;0;0;0;0
FR;8;2022-02-05;0;0;0;0;0;0;0;0;0;0;0;0;0;0;0;0;0;0
FR;8;2022-02-06;0;0;0;0;0;0;0;0;0;0;0;0;0;0;0;0;0;0
FR;8;2022-02-07;0;0;0;0;0;0;0;0;0;0;0;0;0;0;0;0;0;0
FR;8;2022-02-08;0;0;0;0;0;0;0;0;0;0;0;0;0;0;0;0;0;0
FR;8;2022-02-09;0;0;0;0;0;0;0;0;0;0;0;0;0;0;0;0;0;0
FR;8;2022-02-10;0;0;0;0;0;0;0;0;0;0;0;0;0;0;0;0;0;0
FR;8;2022-02-11;0;0;0;0;0;0;0;0;0;0;0;0;0;0;0;0;0;0
FR;8;2022-02-12;0;0;0;0;0;0;0;0;0;0;0;0;0;0;0;0;0;0
FR;8;2022-02-13;0;0;0;0;0;0;0;0;0;0;0;0;0;0;0;0;0;0
FR;8;2022-02-14;0;0;0;0;0;0;0;0;0;0;0;0;0;0;0;0;0;0
FR;8;2022-02-15;0;0;0;0;0;0;0;0;0;0;0;0;0;0;0;0;0;0
FR;8;2022-02-16;0;0;0;0;0;0;0;0;0;0;0;0;0;0;0;0;0;0
FR;8;2022-02-17;0;0;0;0;0;0;0;0;0;0;0;0;0;0;0;0;0;0
FR;8;2022-02-18;0;0;0;0;0;0;0;0;0;0;0;0;0;0;0;0;0;0
FR;8;2022-02-19;0;0;0;0;0;0;0;0;0;0;0;0;0;0;0;0;0;0
FR;8;2022-02-20;0;0;0;0;0;0;0;0;0;0;0;0;0;0;0;0;0;0
FR;8;2022-02-21;0;0;0;0;0;0;0;0;0;0;0;0;0;0;0;0;0;0
FR;8;2022-02-22;0;0;0;0;0;0;0;0;0;0;0;0;0;0;0;0;0;0
FR;8;2022-02-23;0;0;0;0;0;0;0;0;0;0;0;0;0;0;0;0;0;0
FR;8;2022-02-24;0;0;0;0;0;0;0;0;0;0;0;0;0;0;0;0;0;0
FR;8;2022-02-25;0;0;0;0;0;0;0;0;0;0;0;0;0;0;0;0;0;0
FR;8;2022-02-26;0;0;0;0;0;0;0;0;0;0;0;0;0;0;0;0;0;0
FR;8;2022-02-27;0;0;0;0;0;0;0;0;0;0;0;0;0;0;0;0;0;0
FR;8;2022-02-28;0;0;0;0;0;0;0;0;0;0;0;0;0;0;0;0;0;0
FR;8;2022-03-01;0;0;0;0;0;0;0;0;0;0;0;0;0;0;0;0;0;0
FR;8;2022-03-02;0;0;0;0;0;0;0;0;0;0;0;0;0;0;0;0;0;0
FR;8;2022-03-03;0;0;0;0;0;0;0;0;0;0;0;0;0;0;0;0;0;0
FR;8;2022-03-04;0;0;0;0;0;0;0;0;0;0;0;0;0;0;0;0;0;0
FR;8;2022-03-05;0;0;0;0;0;0;0;0;0;0;0;0;0;0;0;0;0;0
FR;8;2022-03-06;0;0;0;0;0;0;0;0;0;0;0;0;0;0;0;0;0;0
FR;8;2022-03-07;0;0;0;0;0;0;0;0;0;0;0;0;0;0;0;0;0;0
FR;8;2022-03-08;0;0;0;0;0;0;0;0;0;0;0;0;0;0;0;0;0;0
FR;8;2022-03-09;0;0;0;0;0;0;0;0;0;0;0;0;0;0;0;0;0;0
FR;8;2022-03-10;0;0;0;0;0;0;0;0;0;0;0;0;0;0;0;0;0;0
FR;8;2022-03-11;0;0;0;0;0;0;0;0;0;0;0;0;0;0;0;0;0;0
FR;8;2022-03-12;0;0;0;0;0;0;0;0;0;0;0;0;0;0;0;0;0;0
FR;8;2022-03-13;0;0;0;0;0;0;0;0;0;0;0;0;0;0;0;0;0;0
FR;8;2022-03-14;0;0;0;0;0;0;0;0;0;0;0;0;0;0;0;0;0;0
FR;8;2022-03-15;0;0;0;0;0;0;0;0;0;0;0;0;0;0;0;0;0;0
FR;8;2022-03-16;0;0;0;0;0;0;0;0;0;0;0;0;0;0;0;0;0;0
FR;8;2022-03-17;0;0;0;0;0;0;0;0;0;0;0;0;0;0;0;0;0;0
FR;8;2022-03-18;0;0;0;0;0;0;0;0;0;0;0;0;0;0;0;0;0;0
FR;8;2022-03-19;0;0;0;0;0;0;0;0;0;0;0;0;0;0;0;0;0;0
FR;8;2022-03-20;0;0;0;0;0;0;0;0;0;0;0;0;0;0;0;0;0;0
FR;8;2022-03-21;0;0;0;0;0;0;0;0;0;0;0;0;0;0;0;0;0;0
FR;8;2022-03-22;0;0;0;0;0;0;0;0;0;0;0;0;0;0;0;0;0;0
FR;8;2022-03-23;0;0;0;0;0;0;0;0;0;0;0;0;0;0;0;0;0;0
FR;8;2022-03-24;0;0;0;0;0;0;0;0;0;0;0;0;0;0;0;0;0;0
FR;8;2022-03-25;0;0;0;0;0;0;0;0;0;0;0;0;0;0;0;0;0;0
FR;8;2022-03-26;0;0;0;0;0;0;0;0;0;0;0;0;0;0;0;0;0;0
FR;8;2022-03-27;0;0;0;0;0;0;0;0;0;0;0;0;0;0;0;0;0;0
FR;8;2022-03-28;0;0;0;0;0;0;0;0;0;0;0;0;0;0;0;0;0;0
FR;8;2022-03-29;0;0;0;0;0;0;0;0;0;0;0;0;0;0;0;0;0;0
FR;8;2022-03-30;0;0;0;0;0;0;0;0;0;0;0;0;0;0;0;0;0;0
FR;8;2022-03-31;0;0;0;0;0;0;0;0;0;0;0;0;0;0;0;0;0;0
FR;8;2022-04-01;0;0;0;0;0;0;0;0;0;0;0;0;0;0;0;0;0;0
FR;8;2022-04-02;0;0;0;0;0;0;0;0;0;0;0;0;0;0;0;0;0;0
FR;8;2022-04-03;0;0;0;0;0;0;0;0;0;0;0;0;0;0;0;0;0;0
FR;8;2022-04-04;0;0;0;0;0;0;0;0;0;0;0;0;0;0;0;0;0;0
FR;8;2022-04-05;0;0;0;0;0;0;0;0;0;0;0;0;0;0;0;0;0;0
FR;8;2022-04-06;0;0;0;0;0;0;0;0;0;0;0;0;0;0;0;0;0;0
FR;8;2022-04-07;0;0;0;0;0;0;0;0;0;0;0;0;0;0;0;0;0;0
FR;8;2022-04-08;0;0;0;0;0;0;0;0;0;0;0;0;0;0;0;0;0;0
FR;8;2022-04-09;0;0;0;0;0;0;0;0;0;0;0;0;0;0;0;0;0;0
FR;8;2022-04-10;0;0;0;0;0;0;0;0;0;0;0;0;0;0;0;0;0;0
FR;8;2022-04-11;0;0;0;0;0;0;0;0;0;0;0;0;0;0;0;0;0;0
FR;8;2022-04-12;0;0;0;0;0;0;0;0;0;0;0;0;0;0;0;0;0;0
FR;8;2022-04-13;0;0;0;0;0;0;0;0;0;0;0;0;0;0;0;0;0;0
FR;8;2022-04-14;0;0;0;0;0;0;0;0;0;0;0;0;0;0;0;0;0;0
FR;8;2022-04-15;0;0;0;0;0;0;0;0;0;0;0;0;0;0;0;0;0;0
FR;8;2022-04-16;0;0;0;0;0;0;0;0;0;0;0;0;0;0;0;0;0;0
FR;8;2022-04-17;0;0;0;0;0;0;0;0;0;0;0;0;0;0;0;0;0;0
FR;8;2022-04-18;0;0;0;0;0;0;0;0;0;0;0;0;0;0;0;0;0;0
FR;8;2022-04-19;0;0;0;0;0;0;0;0;0;0;0;0;0;0;0;0;0;0
FR;8;2022-04-20;0;0;0;0;0;0;0;0;0;0;0;0;0;0;0;0;0;0
FR;8;2022-04-21;0;0;0;0;0;0;0;0;0;0;0;0;0;0;0;0;0;0
FR;8;2022-04-22;0;0;0;0;0;0;0;0;0;0;0;0;0;0;0;0;0;0
FR;8;2022-04-23;0;0;0;0;0;0;0;0;0;0;0;0;0;0;0;0;0;0
FR;8;2022-04-24;0;0;0;0;0;0;0;0;0;0;0;0;0;0;0;0;0;0
FR;8;2022-04-25;0;0;0;0;0;0;0;0;0;0;0;0;0;0;0;0;0;0
FR;8;2022-04-26;0;0;0;0;0;0;0;0;0;0;0;0;0;0;0;0;0;0
FR;8;2022-04-27;0;0;0;0;0;0;0;0;0;0;0;0;0;0;0;0;0;0
FR;8;2022-04-28;0;0;0;0;0;0;0;0;0;0;0;0;0;0;0;0;0;0
FR;8;2022-04-29;0;0;0;0;0;0;0;0;0;0;0;0;0;0;0;0;0;0
FR;8;2022-04-30;0;0;0;0;0;0;0;0;0;0;0;0;0;0;0;0;0;0
FR;8;2022-05-01;0;0;0;0;0;0;0;0;0;0;0;0;0;0;0;0;0;0
FR;8;2022-05-02;0;0;0;0;0;0;0;0;0;0;0;0;0;0;0;0;0;0
FR;8;2022-05-03;0;0;0;0;0;0;0;0;0;0;0;0;0;0;0;0;0;0
FR;8;2022-05-04;0;0;0;0;0;0;0;0;0;0;0;0;0;0;0;0;0;0
FR;8;2022-05-05;0;0;0;0;0;0;0;0;0;0;0;0;0;0;0;0;0;0
FR;8;2022-05-06;0;0;0;0;0;0;0;0;0;0;0;0;0;0;0;0;0;0
FR;8;2022-05-07;0;0;0;0;0;0;0;0;0;0;0;0;0;0;0;0;0;0
FR;8;2022-05-08;0;0;0;0;0;0;0;0;0;0;0;0;0;0;0;0;0;0
FR;8;2022-05-09;0;0;0;0;0;0;0;0;0;0;0;0;0;0;0;0;0;0
FR;8;2022-05-10;0;0;0;0;0;0;0;0;0;0;0;0;0;0;0;0;0;0
FR;8;2022-05-11;0;0;0;0;0;0;0;0;0;0;0;0;0;0;0;0;0;0
FR;8;2022-05-12;0;0;0;0;0;0;0;0;0;0;0;0;0;0;0;0;0;0
FR;8;2022-05-13;0;0;0;0;0;0;0;0;0;0;0;0;0;0;0;0;0;0
FR;8;2022-05-14;0;0;0;0;0;0;0;0;0;0;0;0;0;0;0;0;0;0
FR;8;2022-05-15;0;0;0;0;0;0;0;0;0;0;0;0;0;0;0;0;0;0
FR;8;2022-05-16;0;0;0;0;0;0;0;0;0;0;0;0;0;0;0;0;0;0
FR;8;2022-05-17;0;0;0;0;0;0;0;0;0;0;0;0;0;0;0;0;0;0
FR;8;2022-05-18;0;0;0;0;0;0;0;0;0;0;0;0;0;0;0;0;0;0
FR;8;2022-05-19;0;0;0;0;0;0;0;0;0;0;0;0;0;0;0;0;0;0
FR;8;2022-05-20;0;0;0;0;0;0;0;0;0;0;0;0;0;0;0;0;0;0
FR;8;2022-05-21;0;0;0;0;0;0;0;0;0;0;0;0;0;0;0;0;0;0
FR;8;2022-05-22;0;0;0;0;0;0;0;0;0;0;0;0;0;0;0;0;0;0
FR;8;2022-05-23;0;0;0;0;0;0;0;0;0;0;0;0;0;0;0;0;0;0
FR;8;2022-05-24;0;0;0;0;0;0;0;0;0;0;0;0;0;0;0;0;0;0
FR;8;2022-05-25;0;0;0;0;0;0;0;0;0;0;0;0;0;0;0;0;0;0
FR;8;2022-05-26;0;0;0;0;0;0;0;0;0;0;0;0;0;0;0;0;0;0
FR;8;2022-05-27;0;0;0;0;0;0;0;0;0;0;0;0;0;0;0;0;0;0
FR;8;2022-05-28;0;0;0;0;0;0;0;0;0;0;0;0;0;0;0;0;0;0
FR;8;2022-05-29;0;0;0;0;0;0;0;0;0;0;0;0;0;0;0;0;0;0
FR;8;2022-05-30;0;0;0;0;0;0;0;0;0;0;0;0;0;0;0;0;0;0
FR;8;2022-05-31;0;0;0;0;0;0;0;0;0;0;0;0;0;0;0;0;0;0
FR;8;2022-06-01;0;0;0;0;0;0;0;0;0;0;0;0;0;0;0;0;0;0
FR;8;2022-06-02;0;0;0;0;0;0;0;0;0;0;0;0;0;0;0;0;0;0
FR;8;2022-06-03;0;0;0;0;0;0;0;0;0;0;0;0;0;0;0;0;0;0
FR;8;2022-06-04;0;0;0;0;0;0;0;0;0;0;0;0;0;0;0;0;0;0
FR;8;2022-06-05;0;0;0;0;0;0;0;0;0;0;0;0;0;0;0;0;0;0
FR;8;2022-06-06;0;0;0;0;0;0;0;0;0;0;0;0;0;0;0;0;0;0
FR;8;2022-06-07;0;0;0;0;0;0;0;0;0;0;0;0;0;0;0;0;0;0
FR;8;2022-06-08;0;0;0;0;0;0;0;0;0;0;0;0;0;0;0;0;0;0
FR;8;2022-06-09;0;0;0;0;0;0;0;0;0;0;0;0;0;0;0;0;0;0
FR;8;2022-06-10;0;0;0;0;0;0;0;0;0;0;0;0;0;0;0;0;0;0
FR;8;2022-06-11;0;0;0;0;0;0;0;0;0;0;0;0;0;0;0;0;0;0
FR;8;2022-06-12;0;0;0;0;0;0;0;0;0;0;0;0;0;0;0;0;0;0
FR;8;2022-06-13;0;0;0;0;0;0;0;0;0;0;0;0;0;0;0;0;0;0
FR;8;2022-06-14;0;0;0;0;0;0;0;0;0;0;0;0;0;0;0;0;0;0
FR;8;2022-06-15;0;0;0;0;0;0;0;0;0;0;0;0;0;0;0;0;0;0
FR;8;2022-06-16;0;0;0;0;0;0;0;0;0;0;0;0;0;0;0;0;0;0
FR;8;2022-06-17;0;0;0;0;0;0;0;0;0;0;0;0;0;0;0;0;0;0
FR;8;2022-06-18;0;0;0;0;0;0;0;0;0;0;0;0;0;0;0;0;0;0
FR;8;2022-06-19;0;0;0;0;0;0;0;0;0;0;0;0;0;0;0;0;0;0
FR;8;2022-06-20;0;0;0;0;0;0;0;0;0;0;0;0;0;0;0;0;0;0
FR;8;2022-06-21;0;0;0;0;0;0;0;0;0;0;0;0;0;0;0;0;0;0
FR;8;2022-06-22;0;0;0;0;0;0;0;0;0;0;0;0;0;0;0;0;0;0
FR;8;2022-06-23;0;0;0;0;0;0;0;0;0;0;0;0;0;0;0;0;0;0
FR;8;2022-06-24;0;0;0;0;0;0;0;0;0;0;0;0;0;0;0;0;0;0
FR;8;2022-06-25;0;0;0;0;0;0;0;0;0;0;0;0;0;0;0;0;0;0
FR;8;2022-06-26;0;0;0;0;0;0;0;0;0;0;0;0;0;0;0;0;0;0
FR;8;2022-06-27;0;0;0;0;0;0;0;0;0;0;0;0;0;0;0;0;0;0
FR;8;2022-06-28;0;0;0;0;0;0;0;0;0;0;0;0;0;0;0;0;0;0
FR;8;2022-06-29;0;0;0;0;0;0;0;0;0;0;0;0;0;0;0;0;0;0
FR;8;2022-06-30;0;0;0;0;0;0;0;0;0;0;0;0;0;0;0;0;0;0
FR;8;2022-07-01;0;0;0;0;0;0;0;0;0;0;0;0;0;0;0;0;0;0
FR;8;2022-07-02;0;0;0;0;0;0;0;0;0;0;0;0;0;0;0;0;0;0
FR;8;2022-07-03;0;0;0;0;0;0;0;0;0;0;0;0;0;0;0;0;0;0
FR;8;2022-07-04;0;0;0;0;0;0;0;0;0;0;0;0;0;0;0;0;0;0
FR;8;2022-07-05;0;0;0;0;0;0;0;0;0;0;0;0;0;0;0;0;0;0
FR;8;2022-07-06;0;0;0;0;0;0;0;0;0;0;0;0;0;0;0;0;0;0
FR;8;2022-07-07;0;0;0;0;0;0;0;0;0;0;0;0;0;0;0;0;0;0
FR;8;2022-07-08;0;0;0;0;0;0;0;0;0;0;0;0;0;0;0;0;0;0
FR;8;2022-07-09;0;0;0;0;0;0;0;0;0;0;0;0;0;0;0;0;0;0
FR;8;2022-07-10;0;0;0;0;0;0;0;0;0;0;0;0;0;0;0;0;0;0
FR;8;2022-07-11;0;0;0;0;0;0;0;0;0;0;0;0;0;0;0;0;0;0
FR;8;2022-07-12;0;0;0;0;0;0;0;0;0;0;0;0;0;0;0;0;0;0
FR;8;2022-07-13;0;0;0;0;0;0;0;0;0;0;0;0;0;0;0;0;0;0
FR;8;2022-07-14;0;0;0;0;0;0;0;0;0;0;0;0;0;0;0;0;0;0
FR;8;2022-07-15;0;0;0;0;0;0;0;0;0;0;0;0;0;0;0;0;0;0
FR;8;2022-07-16;0;0;0;0;0;0;0;0;0;0;0;0;0;0;0;0;0;0
FR;8;2022-07-17;0;0;0;0;0;0;0;0;0;0;0;0;0;0;0;0;0;0
FR;8;2022-07-18;0;0;0;0;0;0;0;0;0;0;0;0;0;0;0;0;0;0
FR;8;2022-07-19;0;0;0;0;0;0;0;0;0;0;0;0;0;0;0;0;0;0
FR;8;2022-07-20;0;0;0;0;0;0;0;0;0;0;0;0;0;0;0;0;0;0
FR;8;2022-07-21;0;0;0;0;0;0;0;0;0;0;0;0;0;0;0;0;0;0
FR;8;2022-07-22;0;0;0;0;0;0;0;0;0;0;0;0;0;0;0;0;0;0
FR;8;2022-07-23;0;0;0;0;0;0;0;0;0;0;0;0;0;0;0;0;0;0
FR;8;2022-07-24;0;0;0;0;0;0;0;0;0;0;0;0;0;0;0;0;0;0
FR;8;2022-07-25;0;0;0;0;0;0;0;0;0;0;0;0;0;0;0;0;0;0
FR;8;2022-07-26;0;0;0;0;0;0;0;0;0;0;0;0;0;0;0;0;0;0
FR;8;2022-07-27;0;0;0;0;0;0;0;0;0;0;0;0;0;0;0;0;0;0
FR;8;2022-07-28;0;0;0;0;0;0;0;0;0;0;0;0;0;0;0;0;0;0
FR;8;2022-07-29;0;0;0;0;0;0;0;0;0;0;0;0;0;0;0;0;0;0
FR;8;2022-07-30;0;0;0;0;0;0;0;0;0;0;0;0;0;0;0;0;0;0
FR;8;2022-07-31;0;0;0;0;0;0;0;0;0;0;0;0;0;0;0;0;0;0
FR;8;2022-08-01;0;0;0;0;0;0;0;0;0;0;0;0;0;0;0;0;0;0
FR;8;2022-08-02;0;0;0;0;0;0;0;0;0;0;0;0;0;0;0;0;0;0
FR;8;2022-08-03;0;0;0;0;0;0;0;0;0;0;0;0;0;0;0;0;0;0
FR;8;2022-08-04;0;0;0;0;0;0;0;0;0;0;0;0;0;0;0;0;0;0
FR;8;2022-08-05;0;0;0;0;0;0;0;0;0;0;0;0;0;0;0;0;0;0
FR;8;2022-08-06;0;0;0;0;0;0;0;0;0;0;0;0;0;0;0;0;0;0
FR;8;2022-08-07;0;0;0;0;0;0;0;0;0;0;0;0;0;0;0;0;0;0
FR;8;2022-08-08;0;0;0;0;0;0;0;0;0;0;0;0;0;0;0;0;0;0
FR;8;2022-08-09;0;0;0;0;0;0;0;0;0;0;0;0;0;0;0;0;0;0
FR;8;2022-08-10;0;0;0;0;0;0;0;0;0;0;0;0;0;0;0;0;0;0
FR;8;2022-08-11;0;0;0;0;0;0;0;0;0;0;0;0;0;0;0;0;0;0
FR;8;2022-08-12;0;0;0;0;0;0;0;0;0;0;0;0;0;0;0;0;0;0
FR;8;2022-08-13;0;0;0;0;0;0;0;0;0;0;0;0;0;0;0;0;0;0
FR;8;2022-08-14;0;0;0;0;0;0;0;0;0;0;0;0;0;0;0;0;0;0
FR;8;2022-08-15;0;0;0;0;0;0;0;0;0;0;0;0;0;0;0;0;0;0
FR;8;2022-08-16;0;0;0;0;0;0;0;0;0;0;0;0;0;0;0;0;0;0
FR;8;2022-08-17;0;0;0;0;0;0;0;0;0;0;0;0;0;0;0;0;0;0
FR;8;2022-08-18;0;0;0;0;0;0;0;0;0;0;0;0;0;0;0;0;0;0
FR;8;2022-08-19;0;0;0;0;0;0;0;0;0;0;0;0;0;0;0;0;0;0
FR;8;2022-08-20;0;0;0;0;0;0;0;0;0;0;0;0;0;0;0;0;0;0
FR;8;2022-08-21;0;0;0;0;0;0;0;0;0;0;0;0;0;0;0;0;0;0
FR;8;2022-08-22;0;0;0;0;0;0;0;0;0;0;0;0;0;0;0;0;0;0
FR;8;2022-08-23;0;0;0;0;0;0;0;0;0;0;0;0;0;0;0;0;0;0
FR;8;2022-08-24;0;0;0;0;0;0;0;0;0;0;0;0;0;0;0;0;0;0
FR;8;2022-08-25;0;0;0;0;0;0;0;0;0;0;0;0;0;0;0;0;0;0
FR;8;2022-08-26;0;0;0;0;0;0;0;0;0;0;0;0;0;0;0;0;0;0
FR;8;2022-08-27;0;0;0;0;0;0;0;0;0;0;0;0;0;0;0;0;0;0
FR;8;2022-08-28;0;0;0;0;0;0;0;0;0;0;0;0;0;0;0;0;0;0
FR;8;2022-08-29;0;0;0;0;0;0;0;0;0;0;0;0;0;0;0;0;0;0
FR;8;2022-08-30;0;0;0;0;0;0;0;0;0;0;0;0;0;0;0;0;0;0
FR;8;2022-08-31;0;0;0;0;0;0;0;0;0;0;0;0;0;0;0;0;0;0
FR;8;2022-09-01;0;0;0;0;0;0;0;0;0;0;0;0;0;0;0;0;0;0
FR;8;2022-09-02;0;0;0;0;0;0;0;0;0;0;0;0;0;0;0;0;0;0
FR;8;2022-09-03;0;0;0;0;0;0;0;0;0;0;0;0;0;0;0;0;0;0
FR;8;2022-09-04;0;0;0;0;0;0;0;0;0;0;0;0;0;0;0;0;0;0
FR;8;2022-09-05;0;0;0;0;0;0;0;0;0;0;0;0;0;0;0;0;0;0
FR;8;2022-09-06;0;0;0;0;0;0;0;0;0;0;0;0;0;0;0;0;0;0
FR;8;2022-09-07;0;0;0;0;0;0;0;0;0;0;0;0;0;0;0;0;0;0
FR;8;2022-09-08;0;0;0;0;0;0;0;0;0;0;0;0;0;0;0;0;0;0
FR;8;2022-09-09;0;0;0;0;0;0;0;0;0;0;0;0;0;0;0;0;0;0
FR;8;2022-09-10;0;0;0;0;0;0;0;0;0;0;0;0;0;0;0;0;0;0
FR;8;2022-09-11;0;0;0;0;0;0;0;0;0;0;0;0;0;0;0;0;0;0
FR;8;2022-09-12;0;0;0;0;0;0;0;0;0;0;0;0;0;0;0;0;0;0
FR;8;2022-09-13;0;0;0;0;0;0;0;0;0;0;0;0;0;0;0;0;0;0
FR;8;2022-09-14;0;0;0;0;0;0;0;0;0;0;0;0;0;0;0;0;0;0
FR;8;2022-09-15;0;0;0;0;0;0;0;0;0;0;0;0;0;0;0;0;0;0
FR;8;2022-09-16;0;0;0;0;0;0;0;0;0;0;0;0;0;0;0;0;0;0
FR;8;2022-09-17;0;0;0;0;0;0;0;0;0;0;0;0;0;0;0;0;0;0
FR;8;2022-09-18;0;0;0;0;0;0;0;0;0;0;0;0;0;0;0;0;0;0
FR;8;2022-09-19;0;0;0;0;0;0;0;0;0;0;0;0;0;0;0;0;0;0
FR;8;2022-09-20;0;0;0;0;0;0;0;0;0;0;0;0;0;0;0;0;0;0
FR;8;2022-09-21;0;0;0;0;0;0;0;0;0;0;0;0;0;0;0;0;0;0
FR;8;2022-09-22;0;0;0;0;0;0;0;0;0;0;0;0;0;0;0;0;0;0
FR;8;2022-09-23;0;0;0;0;0;0;0;0;0;0;0;0;0;0;0;0;0;0
FR;8;2022-09-24;0;0;0;0;0;0;0;0;0;0;0;0;0;0;0;0;0;0
FR;8;2022-09-25;0;0;0;0;0;0;0;0;0;0;0;0;0;0;0;0;0;0
FR;8;2022-09-26;0;0;0;0;0;0;0;0;0;0;0;0;0;0;0;0;0;0
FR;8;2022-09-27;0;0;0;0;0;0;0;0;0;0;0;0;0;0;0;0;0;0
FR;8;2022-09-28;0;0;0;0;0;0;0;0;0;0;0;0;0;0;0;0;0;0
FR;8;2022-09-29;0;0;0;0;0;0;0;0;0;0;0;0;0;0;0;0;0;0
FR;8;2022-09-30;0;0;0;0;0;0;0;0;0;0;0;0;0;0;0;0;0;0
FR;8;2022-10-01;0;0;0;0;0;0;0;0;0;0;0;0;0;0;0;0;0;0
FR;8;2022-10-02;0;0;0;0;0;0;0;0;0;0;0;0;0;0;0;0;0;0
FR;8;2022-10-03;0;0;0;0;0;0;0;0;0;0;0;0;0;0;0;0;0;0
FR;8;2022-10-04;0;0;0;0;0;0;0;0;0;0;0;0;0;0;0;0;0;0
FR;8;2022-10-05;0;0;0;0;0;0;0;0;0;0;0;0;0;0;0;0;0;0
FR;8;2022-10-06;7;17;110;856;8;80;861;1050;109;7;17;110;856;8;80;861;1050;109
FR;8;2022-10-07;69;101;841;8005;62;698;8057;9832;1070;76;118;951;8861;70;778;8918;10882;1179
FR;8;2022-10-08;35;115;610;4051;50;516;4104;5303;674;111;233;1561;12912;120;1294;13022;16185;1853
FR;8;2022-10-09;17;22;145;883;13;132;911;1231;184;128;255;1706;13795;133;1426;13933;17416;2037
FR;8;2022-10-10;114;192;1340;12673;106;1025;12906;16163;2212;242;447;3046;26468;239;2451;26839;33579;4249
FR;8;2022-10-11;173;261;2474;26835;135;2009;27108;33845;4692;415;708;5520;53303;374;4460;53947;67424;8941
FR;8;2022-10-12;149;254;1827;18190;147;1438;18424;23416;3530;564;962;7347;71493;521;5898;72371;90840;12471
FR;8;2022-10-13;203;275;2502;28004;172;1898;28378;35507;5203;767;1237;9849;99497;693;7796;100749;126347;17674
FR;8;2022-10-14;253;419;3271;36207;240;2553;36640;45521;6286;1020;1656;13120;135704;933;10349;137389;171868;23960
FR;8;2022-10-15;102;180;1197;8793;78;997;8921;11767;1829;1122;1836;14317;144497;1011;11346;146310;183635;25789
FR;8;2022-10-16;34;54;247;1518;26;214;1553;2172;400;1156;1890;14564;146015;1037;11560;147863;185807;26189
FR;8;2022-10-17;156;306;2092;21723;171;1619;22025;28146;4480;1312;2196;16656;167738;1208;13179;169888;213953;30669
FR;8;2022-10-18;265;346;3346;37761;223;2646;38143;50546;9685;1577;2542;20002;205499;1431;15825;208031;264499;40354
FR;8;2022-10-19;188;312;2622;28179;180;2176;28501;38456;7721;1765;2854;22624;233678;1611;18001;236532;302955;48075
FR;8;2022-10-20;246;362;3569;41042;221;2624;41672;55427;11046;2011;3216;26193;274720;1832;20625;278204;358382;59121
FR;8;2022-10-21;324;489;4439;49318;277;3455;49918;66157;12687;2335;3705;30632;324038;2109;24080;328122;424539;71808
FR;8;2022-10-22;121;167;1226;10636;109;920;10824;14701;2939;2456;3872;31858;334674;2218;25000;338946;439240;74747
FR;8;2022-10-23;48;52;266;1750;47;197;1829;2594;567;2504;3924;32124;336424;2265;25197;340775;441834;75314
FR;8;2022-10-24;228;310;2464;23963;172;2057;24269;33402;7026;2732;4234;34588;360387;2437;27254;365044;475236;82340
FR;8;2022-10-25;307;409;4061;43168;254;3043;43842;60892;13904;3039;4643;38649;403555;2691;30297;408886;536128;96244
FR;8;2022-10-26;218;338;2853;28493;180;2345;28807;40914;9675;3257;4981;41502;432048;2871;32642;437693;577042;105919
FR;8;2022-10-27;271;412;3306;36001;240;2613;36497;50889;11715;3528;5393;44808;468049;3111;35255;474190;627931;117634
FR;8;2022-10-28;323;460;3815;39239;254;2844;39980;54663;11772;3851;5853;48623;507288;3365;38099;514170;682594;129406
FR;8;2022-10-29;108;165;1070;8208;94;798;8353;11819;2651;3959;6018;49693;515496;3459;38897;522523;694413;132057
FR;8;2022-10-30;40;52;208;1326;37;179;1370;2018;465;3999;6070;49901;516822;3496;39076;523893;696431;132522
FR;8;2022-10-31;195;250;1649;14435;136;1262;14686;20912;4947;4194;6320;51550;531257;3632;40338;538579;717343;137469
FR;8;2022-11-01;22;36;121;905;19;148;900;1474;424;4216;6356;51671;532162;3651;40486;539479;718817;137893
FR;8;2022-11-02;189;367;2355;23120;200;1959;23489;34555;9041;4405;6723;54026;555282;3851;42445;562968;753372;146934
FR;8;2022-11-03;304;410;3444;36485;248;2568;37138;53739;13937;4709;7133;57470;591767;4099;45013;600106;807111;160871
FR;8;2022-11-04;344;489;3764;40030;251;2960;40549;57665;14045;5053;7622;61234;631797;4350;47973;640655;864776;174916
FR;8;2022-11-05;111;182;1093;8709;117;840;8865;12777;3037;5164;7804;62327;640506;4467;48813;649520;877553;177953
FR;8;2022-11-06;40;55;220;1376;35;205;1405;2175;555;5204;7859;62547;641882;4502;49018;650925;879728;178508
FR;8;2022-11-07;216;274;2278;24390;199;1755;24927;36741;9994;5420;8133;64825;666272;4701;50773;675852;916469;188502
FR;8;2022-11-08;328;490;4255;47878;287;3196;48779;70347;18214;5748;8623;69080;714150;4988;53969;724631;986816;206716
FR;8;2022-11-09;248;359;2819;28879;204;2213;29554;43806;11961;5996;8982;71899;743029;5192;56182;754185;1030622;218677
FR;8;2022-11-10;350;523;3900;39805;294;2969;40709;59491;15697;6346;9505;75799;782834;5486;59151;794894;1090113;234374
FR;8;2022-11-11;37;62;230;1437;29;195;1479;2551;864;6383;9567;76029;784271;5515;59346;796373;1092664;235238
FR;8;2022-11-12;83;164;878;6392;79;682;6597;9815;2518;6466;9731;76907;790663;5594;60028;802970;1102479;237756
FR;8;2022-11-13;35;54;210;1094;34;171;1142;1881;563;6501;9785;77117;791757;5628;60199;804112;1104360;238319
FR;8;2022-11-14;219;296;2190;22045;156;1686;22563;34296;9975;6720;10081;79307;813802;5784;61885;826675;1138656;248294
FR;8;2022-11-15;324;407;3692;41760;241;2784;42666;63494;17915;7044;10488;82999;855562;6025;64669;869341;1202150;266209
FR;8;2022-11-16;284;339;2555;25938;207;2098;26368;40542;11995;7328;10827;85554;881500;6232;66767;895709;1242692;278204
FR;8;2022-11-17;348;412;3309;36247;268;2535;36788;55167;15756;7676;11239;88863;917747;6500;69302;932497;1297859;293960
FR;8;2022-11-18;327;450;3994;41699;266;2904;42507;62369;16858;8003;11689;92857;959446;6766;72206;975004;1360228;310818
FR;8;2022-11-19;113;173;1182;8819;108;808;9013;13532;3676;8116;11862;94039;968265;6874;73014;984017;1373760;314494
FR;8;2022-11-20;33;46;248;1523;32;202;1590;2528;732;8149;11908;94287;969788;6906;73216;985607;1376288;315226
FR;8;2022-11-21;199;293;1992;19477;166;1476;19992;30771;9240;8348;12201;96279;989265;7072;74692;1005599;1407059;324466
FR;8;2022-11-22;318;377;3304;36200;224;2480;36728;55504;16188;8666;12578;99583;1025465;7296;77172;1042327;1462563;340654
FR;8;2022-11-23;203;299;2273;23401;161;1849;23778;36905;11208;8869;12877;101856;1048866;7457;79021;1066105;1499468;351862
FR;8;2022-11-24;315;349;3139;33374;207;2380;33960;51942;15513;9184;13226;104995;1082240;7664;81401;1100065;1551410;367375
FR;8;2022-11-25;286;389;3441;36105;251;2456;36901;55021;15548;9470;13615;108436;1118345;7915;83857;1136966;1606431;382923
FR;8;2022-11-26;147;181;1129;8446;115;852;8614;13102;3607;9617;13796;109565;1126791;8030;84709;1145580;1619533;386530
FR;8;2022-11-27;42;29;208;1386;30;160;1403;2214;642;9659;13825;109773;1128177;8060;84869;1146983;1621747;387172
FR;9;2020-12-27;0;0;0;0;0;0;0;0;0;0;0;0;0;0;0;0;0;0
FR;9;2020-12-28;0;0;0;0;0;0;0;0;0;0;0;0;0;0;0;0;0;0
FR;9;2020-12-29;0;0;0;0;0;0;0;0;0;0;0;0;0;0;0;0;0;0
FR;9;2020-12-30;0;0;0;0;0;0;0;0;0;0;0;0;0;0;0;0;0;0
FR;9;2020-12-31;0;0;0;0;0;0;0;0;0;0;0;0;0;0;0;0;0;0
FR;9;2021-01-01;0;0;0;0;0;0;0;0;0;0;0;0;0;0;0;0;0;0
FR;9;2021-01-02;0;0;0;0;0;0;0;0;0;0;0;0;0;0;0;0;0;0
FR;9;2021-01-03;0;0;0;0;0;0;0;0;0;0;0;0;0;0;0;0;0;0
FR;9;2021-01-04;0;0;0;0;0;0;0;0;0;0;0;0;0;0;0;0;0;0
FR;9;2021-01-05;0;0;0;0;0;0;0;0;0;0;0;0;0;0;0;0;0;0
FR;9;2021-01-06;0;0;0;0;0;0;0;0;0;0;0;0;0;0;0;0;0;0
FR;9;2021-01-07;0;0;0;0;0;0;0;0;0;0;0;0;0;0;0;0;0;0
FR;9;2021-01-08;0;0;0;0;0;0;0;0;0;0;0;0;0;0;0;0;0;0
FR;9;2021-01-09;0;0;0;0;0;0;0;0;0;0;0;0;0;0;0;0;0;0
FR;9;2021-01-10;0;0;0;0;0;0;0;0;0;0;0;0;0;0;0;0;0;0
FR;9;2021-01-11;0;0;0;0;0;0;0;0;0;0;0;0;0;0;0;0;0;0
FR;9;2021-01-12;0;0;0;0;0;0;0;0;0;0;0;0;0;0;0;0;0;0
FR;9;2021-01-13;0;0;0;0;0;0;0;0;0;0;0;0;0;0;0;0;0;0
FR;9;2021-01-14;0;0;0;0;0;0;0;0;0;0;0;0;0;0;0;0;0;0
FR;9;2021-01-15;0;0;0;0;0;0;0;0;0;0;0;0;0;0;0;0;0;0
FR;9;2021-01-16;0;0;0;0;0;0;0;0;0;0;0;0;0;0;0;0;0;0
FR;9;2021-01-17;0;0;0;0;0;0;0;0;0;0;0;0;0;0;0;0;0;0
FR;9;2021-01-18;0;0;0;0;0;0;0;0;0;0;0;0;0;0;0;0;0;0
FR;9;2021-01-19;0;0;0;0;0;0;0;0;0;0;0;0;0;0;0;0;0;0
FR;9;2021-01-20;0;0;0;0;0;0;0;0;0;0;0;0;0;0;0;0;0;0
FR;9;2021-01-21;0;0;0;0;0;0;0;0;0;0;0;0;0;0;0;0;0;0
FR;9;2021-01-22;0;0;0;0;0;0;0;0;0;0;0;0;0;0;0;0;0;0
FR;9;2021-01-23;0;0;0;0;0;0;0;0;0;0;0;0;0;0;0;0;0;0
FR;9;2021-01-24;0;0;0;0;0;0;0;0;0;0;0;0;0;0;0;0;0;0
FR;9;2021-01-25;0;0;0;0;0;0;0;0;0;0;0;0;0;0;0;0;0;0
FR;9;2021-01-26;0;0;0;0;0;0;0;0;0;0;0;0;0;0;0;0;0;0
FR;9;2021-01-27;0;0;0;0;0;0;0;0;0;0;0;0;0;0;0;0;0;0
FR;9;2021-01-28;0;0;0;0;0;0;0;0;0;0;0;0;0;0;0;0;0;0
FR;9;2021-01-29;0;0;0;0;0;0;0;0;0;0;0;0;0;0;0;0;0;0
FR;9;2021-01-30;0;0;0;0;0;0;0;0;0;0;0;0;0;0;0;0;0;0
FR;9;2021-01-31;0;0;0;0;0;0;0;0;0;0;0;0;0;0;0;0;0;0
FR;9;2021-02-01;0;0;0;0;0;0;0;0;0;0;0;0;0;0;0;0;0;0
FR;9;2021-02-02;0;0;0;0;0;0;0;0;0;0;0;0;0;0;0;0;0;0
FR;9;2021-02-03;0;0;0;0;0;0;0;0;0;0;0;0;0;0;0;0;0;0
FR;9;2021-02-04;0;0;0;0;0;0;0;0;0;0;0;0;0;0;0;0;0;0
FR;9;2021-02-05;0;0;0;0;0;0;0;0;0;0;0;0;0;0;0;0;0;0
FR;9;2021-02-06;0;0;0;0;0;0;0;0;0;0;0;0;0;0;0;0;0;0
FR;9;2021-02-07;0;0;0;0;0;0;0;0;0;0;0;0;0;0;0;0;0;0
FR;9;2021-02-08;0;0;0;0;0;0;0;0;0;0;0;0;0;0;0;0;0;0
FR;9;2021-02-09;0;0;0;0;0;0;0;0;0;0;0;0;0;0;0;0;0;0
FR;9;2021-02-10;0;0;0;0;0;0;0;0;0;0;0;0;0;0;0;0;0;0
FR;9;2021-02-11;0;0;0;0;0;0;0;0;0;0;0;0;0;0;0;0;0;0
FR;9;2021-02-12;0;0;0;0;0;0;0;0;0;0;0;0;0;0;0;0;0;0
FR;9;2021-02-13;0;0;0;0;0;0;0;0;0;0;0;0;0;0;0;0;0;0
FR;9;2021-02-14;0;0;0;0;0;0;0;0;0;0;0;0;0;0;0;0;0;0
FR;9;2021-02-15;0;0;0;0;0;0;0;0;0;0;0;0;0;0;0;0;0;0
FR;9;2021-02-16;0;0;0;0;0;0;0;0;0;0;0;0;0;0;0;0;0;0
FR;9;2021-02-17;0;0;0;0;0;0;0;0;0;0;0;0;0;0;0;0;0;0
FR;9;2021-02-18;0;0;0;0;0;0;0;0;0;0;0;0;0;0;0;0;0;0
FR;9;2021-02-19;0;0;0;0;0;0;0;0;0;0;0;0;0;0;0;0;0;0
FR;9;2021-02-20;0;0;0;0;0;0;0;0;0;0;0;0;0;0;0;0;0;0
FR;9;2021-02-21;0;0;0;0;0;0;0;0;0;0;0;0;0;0;0;0;0;0
FR;9;2021-02-22;0;0;0;0;0;0;0;0;0;0;0;0;0;0;0;0;0;0
FR;9;2021-02-23;0;0;0;0;0;0;0;0;0;0;0;0;0;0;0;0;0;0
FR;9;2021-02-24;0;0;0;0;0;0;0;0;0;0;0;0;0;0;0;0;0;0
FR;9;2021-02-25;0;0;0;0;0;0;0;0;0;0;0;0;0;0;0;0;0;0
FR;9;2021-02-26;0;0;0;0;0;0;0;0;0;0;0;0;0;0;0;0;0;0
FR;9;2021-02-27;0;0;0;0;0;0;0;0;0;0;0;0;0;0;0;0;0;0
FR;9;2021-02-28;0;0;0;0;0;0;0;0;0;0;0;0;0;0;0;0;0;0
FR;9;2021-03-01;0;0;0;0;0;0;0;0;0;0;0;0;0;0;0;0;0;0
FR;9;2021-03-02;0;0;0;0;0;0;0;0;0;0;0;0;0;0;0;0;0;0
FR;9;2021-03-03;0;0;0;0;0;0;0;0;0;0;0;0;0;0;0;0;0;0
FR;9;2021-03-04;0;0;0;0;0;0;0;0;0;0;0;0;0;0;0;0;0;0
FR;9;2021-03-05;0;0;0;0;0;0;0;0;0;0;0;0;0;0;0;0;0;0
FR;9;2021-03-06;0;0;0;0;0;0;0;0;0;0;0;0;0;0;0;0;0;0
FR;9;2021-03-07;0;0;0;0;0;0;0;0;0;0;0;0;0;0;0;0;0;0
FR;9;2021-03-08;0;0;0;0;0;0;0;0;0;0;0;0;0;0;0;0;0;0
FR;9;2021-03-09;0;0;0;0;0;0;0;0;0;0;0;0;0;0;0;0;0;0
FR;9;2021-03-10;0;0;0;0;0;0;0;0;0;0;0;0;0;0;0;0;0;0
FR;9;2021-03-11;0;0;0;0;0;0;0;0;0;0;0;0;0;0;0;0;0;0
FR;9;2021-03-12;0;0;0;0;0;0;0;0;0;0;0;0;0;0;0;0;0;0
FR;9;2021-03-13;0;0;0;0;0;0;0;0;0;0;0;0;0;0;0;0;0;0
FR;9;2021-03-14;0;0;0;0;0;0;0;0;0;0;0;0;0;0;0;0;0;0
FR;9;2021-03-15;0;0;0;0;0;0;0;0;0;0;0;0;0;0;0;0;0;0
FR;9;2021-03-16;0;0;0;0;0;0;0;0;0;0;0;0;0;0;0;0;0;0
FR;9;2021-03-17;0;0;0;0;0;0;0;0;0;0;0;0;0;0;0;0;0;0
FR;9;2021-03-18;0;0;0;0;0;0;0;0;0;0;0;0;0;0;0;0;0;0
FR;9;2021-03-19;0;0;0;0;0;0;0;0;0;0;0;0;0;0;0;0;0;0
FR;9;2021-03-20;0;0;0;0;0;0;0;0;0;0;0;0;0;0;0;0;0;0
FR;9;2021-03-21;0;0;0;0;0;0;0;0;0;0;0;0;0;0;0;0;0;0
FR;9;2021-03-22;0;0;0;0;0;0;0;0;0;0;0;0;0;0;0;0;0;0
FR;9;2021-03-23;0;0;0;0;0;0;0;0;0;0;0;0;0;0;0;0;0;0
FR;9;2021-03-24;0;0;0;0;0;0;0;0;0;0;0;0;0;0;0;0;0;0
FR;9;2021-03-25;0;0;0;0;0;0;0;0;0;0;0;0;0;0;0;0;0;0
FR;9;2021-03-26;0;0;0;0;0;0;0;0;0;0;0;0;0;0;0;0;0;0
FR;9;2021-03-27;0;0;0;0;0;0;0;0;0;0;0;0;0;0;0;0;0;0
FR;9;2021-03-28;0;0;0;0;0;0;0;0;0;0;0;0;0;0;0;0;0;0
FR;9;2021-03-29;0;0;0;0;0;0;0;0;0;0;0;0;0;0;0;0;0;0
FR;9;2021-03-30;0;0;0;0;0;0;0;0;0;0;0;0;0;0;0;0;0;0
FR;9;2021-03-31;0;0;0;0;0;0;0;0;0;0;0;0;0;0;0;0;0;0
FR;9;2021-04-01;0;0;0;0;0;0;0;0;0;0;0;0;0;0;0;0;0;0
FR;9;2021-04-02;0;0;0;0;0;0;0;0;0;0;0;0;0;0;0;0;0;0
FR;9;2021-04-03;0;0;0;0;0;0;0;0;0;0;0;0;0;0;0;0;0;0
FR;9;2021-04-04;0;0;0;0;0;0;0;0;0;0;0;0;0;0;0;0;0;0
FR;9;2021-04-05;0;0;0;0;0;0;0;0;0;0;0;0;0;0;0;0;0;0
FR;9;2021-04-06;0;0;0;0;0;0;0;0;0;0;0;0;0;0;0;0;0;0
FR;9;2021-04-07;0;0;0;0;0;0;0;0;0;0;0;0;0;0;0;0;0;0
FR;9;2021-04-08;0;0;0;0;0;0;0;0;0;0;0;0;0;0;0;0;0;0
FR;9;2021-04-09;0;0;0;0;0;0;0;0;0;0;0;0;0;0;0;0;0;0
FR;9;2021-04-10;0;0;0;0;0;0;0;0;0;0;0;0;0;0;0;0;0;0
FR;9;2021-04-11;0;0;0;0;0;0;0;0;0;0;0;0;0;0;0;0;0;0
FR;9;2021-04-12;0;0;0;0;0;0;0;0;0;0;0;0;0;0;0;0;0;0
FR;9;2021-04-13;0;0;0;0;0;0;0;0;0;0;0;0;0;0;0;0;0;0
FR;9;2021-04-14;0;0;0;0;0;0;0;0;0;0;0;0;0;0;0;0;0;0
FR;9;2021-04-15;0;0;0;0;0;0;0;0;0;0;0;0;0;0;0;0;0;0
FR;9;2021-04-16;0;0;0;0;0;0;0;0;0;0;0;0;0;0;0;0;0;0
FR;9;2021-04-17;0;0;0;0;0;0;0;0;0;0;0;0;0;0;0;0;0;0
FR;9;2021-04-18;0;0;0;0;0;0;0;0;0;0;0;0;0;0;0;0;0;0
FR;9;2021-04-19;0;0;0;0;0;0;0;0;0;0;0;0;0;0;0;0;0;0
FR;9;2021-04-20;0;0;0;0;0;0;0;0;0;0;0;0;0;0;0;0;0;0
FR;9;2021-04-21;0;0;0;0;0;0;0;0;0;0;0;0;0;0;0;0;0;0
FR;9;2021-04-22;0;0;0;0;0;0;0;0;0;0;0;0;0;0;0;0;0;0
FR;9;2021-04-23;0;0;0;0;0;0;0;0;0;0;0;0;0;0;0;0;0;0
FR;9;2021-04-24;0;0;0;0;0;0;0;0;0;0;0;0;0;0;0;0;0;0
FR;9;2021-04-25;0;0;0;0;0;0;0;0;0;0;0;0;0;0;0;0;0;0
FR;9;2021-04-26;0;0;0;0;0;0;0;0;0;0;0;0;0;0;0;0;0;0
FR;9;2021-04-27;0;0;0;0;0;0;0;0;0;0;0;0;0;0;0;0;0;0
FR;9;2021-04-28;0;0;0;0;0;0;0;0;0;0;0;0;0;0;0;0;0;0
FR;9;2021-04-29;0;0;0;0;0;0;0;0;0;0;0;0;0;0;0;0;0;0
FR;9;2021-04-30;0;0;0;0;0;0;0;0;0;0;0;0;0;0;0;0;0;0
FR;9;2021-05-01;0;0;0;0;0;0;0;0;0;0;0;0;0;0;0;0;0;0
FR;9;2021-05-02;0;0;0;0;0;0;0;0;0;0;0;0;0;0;0;0;0;0
FR;9;2021-05-03;0;0;0;0;0;0;0;0;0;0;0;0;0;0;0;0;0;0
FR;9;2021-05-04;0;0;0;0;0;0;0;0;0;0;0;0;0;0;0;0;0;0
FR;9;2021-05-05;0;0;0;0;0;0;0;0;0;0;0;0;0;0;0;0;0;0
FR;9;2021-05-06;0;0;0;0;0;0;0;0;0;0;0;0;0;0;0;0;0;0
FR;9;2021-05-07;0;0;0;0;0;0;0;0;0;0;0;0;0;0;0;0;0;0
FR;9;2021-05-08;0;0;0;0;0;0;0;0;0;0;0;0;0;0;0;0;0;0
FR;9;2021-05-09;0;0;0;0;0;0;0;0;0;0;0;0;0;0;0;0;0;0
FR;9;2021-05-10;0;0;0;0;0;0;0;0;0;0;0;0;0;0;0;0;0;0
FR;9;2021-05-11;0;0;0;0;0;0;0;0;0;0;0;0;0;0;0;0;0;0
FR;9;2021-05-12;0;0;0;0;0;0;0;0;0;0;0;0;0;0;0;0;0;0
FR;9;2021-05-13;0;0;0;0;0;0;0;0;0;0;0;0;0;0;0;0;0;0
FR;9;2021-05-14;0;0;0;0;0;0;0;0;0;0;0;0;0;0;0;0;0;0
FR;9;2021-05-15;0;0;0;0;0;0;0;0;0;0;0;0;0;0;0;0;0;0
FR;9;2021-05-16;0;0;0;0;0;0;0;0;0;0;0;0;0;0;0;0;0;0
FR;9;2021-05-17;0;0;0;0;0;0;0;0;0;0;0;0;0;0;0;0;0;0
FR;9;2021-05-18;0;0;0;0;0;0;0;0;0;0;0;0;0;0;0;0;0;0
FR;9;2021-05-19;0;0;0;0;0;0;0;0;0;0;0;0;0;0;0;0;0;0
FR;9;2021-05-20;0;0;0;0;0;0;0;0;0;0;0;0;0;0;0;0;0;0
FR;9;2021-05-21;0;0;0;0;0;0;0;0;0;0;0;0;0;0;0;0;0;0
FR;9;2021-05-22;0;0;0;0;0;0;0;0;0;0;0;0;0;0;0;0;0;0
FR;9;2021-05-23;0;0;0;0;0;0;0;0;0;0;0;0;0;0;0;0;0;0
FR;9;2021-05-24;0;0;0;0;0;0;0;0;0;0;0;0;0;0;0;0;0;0
FR;9;2021-05-25;0;0;0;0;0;0;0;0;0;0;0;0;0;0;0;0;0;0
FR;9;2021-05-26;0;0;0;0;0;0;0;0;0;0;0;0;0;0;0;0;0;0
FR;9;2021-05-27;0;0;0;0;0;0;0;0;0;0;0;0;0;0;0;0;0;0
FR;9;2021-05-28;0;0;0;0;0;0;0;0;0;0;0;0;0;0;0;0;0;0
FR;9;2021-05-29;0;0;0;0;0;0;0;0;0;0;0;0;0;0;0;0;0;0
FR;9;2021-05-30;0;0;0;0;0;0;0;0;0;0;0;0;0;0;0;0;0;0
FR;9;2021-05-31;0;0;0;0;0;0;0;0;0;0;0;0;0;0;0;0;0;0
FR;9;2021-06-01;0;0;0;0;0;0;0;0;0;0;0;0;0;0;0;0;0;0
FR;9;2021-06-02;0;0;0;0;0;0;0;0;0;0;0;0;0;0;0;0;0;0
FR;9;2021-06-03;0;0;0;0;0;0;0;0;0;0;0;0;0;0;0;0;0;0
FR;9;2021-06-04;0;0;0;0;0;0;0;0;0;0;0;0;0;0;0;0;0;0
FR;9;2021-06-05;0;0;0;0;0;0;0;0;0;0;0;0;0;0;0;0;0;0
FR;9;2021-06-06;0;0;0;0;0;0;0;0;0;0;0;0;0;0;0;0;0;0
FR;9;2021-06-07;0;0;0;0;0;0;0;0;0;0;0;0;0;0;0;0;0;0
FR;9;2021-06-08;0;0;0;0;0;0;0;0;0;0;0;0;0;0;0;0;0;0
FR;9;2021-06-09;0;0;0;0;0;0;0;0;0;0;0;0;0;0;0;0;0;0
FR;9;2021-06-10;0;0;0;0;0;0;0;0;0;0;0;0;0;0;0;0;0;0
FR;9;2021-06-11;0;0;0;0;0;0;0;0;0;0;0;0;0;0;0;0;0;0
FR;9;2021-06-12;0;0;0;0;0;0;0;0;0;0;0;0;0;0;0;0;0;0
FR;9;2021-06-13;0;0;0;0;0;0;0;0;0;0;0;0;0;0;0;0;0;0
FR;9;2021-06-14;0;0;0;0;0;0;0;0;0;0;0;0;0;0;0;0;0;0
FR;9;2021-06-15;0;0;0;0;0;0;0;0;0;0;0;0;0;0;0;0;0;0
FR;9;2021-06-16;0;0;0;0;0;0;0;0;0;0;0;0;0;0;0;0;0;0
FR;9;2021-06-17;0;0;0;0;0;0;0;0;0;0;0;0;0;0;0;0;0;0
FR;9;2021-06-18;0;0;0;0;0;0;0;0;0;0;0;0;0;0;0;0;0;0
FR;9;2021-06-19;0;0;0;0;0;0;0;0;0;0;0;0;0;0;0;0;0;0
FR;9;2021-06-20;0;0;0;0;0;0;0;0;0;0;0;0;0;0;0;0;0;0
FR;9;2021-06-21;0;0;0;0;0;0;0;0;0;0;0;0;0;0;0;0;0;0
FR;9;2021-06-22;0;0;0;0;0;0;0;0;0;0;0;0;0;0;0;0;0;0
FR;9;2021-06-23;0;0;0;0;0;0;0;0;0;0;0;0;0;0;0;0;0;0
FR;9;2021-06-24;0;0;0;0;0;0;0;0;0;0;0;0;0;0;0;0;0;0
FR;9;2021-06-25;0;0;0;0;0;0;0;0;0;0;0;0;0;0;0;0;0;0
FR;9;2021-06-26;0;0;0;0;0;0;0;0;0;0;0;0;0;0;0;0;0;0
FR;9;2021-06-27;0;0;0;0;0;0;0;0;0;0;0;0;0;0;0;0;0;0
FR;9;2021-06-28;0;0;0;0;0;0;0;0;0;0;0;0;0;0;0;0;0;0
FR;9;2021-06-29;0;0;0;0;0;0;0;0;0;0;0;0;0;0;0;0;0;0
FR;9;2021-06-30;0;0;0;0;0;0;0;0;0;0;0;0;0;0;0;0;0;0
FR;9;2021-07-01;0;0;0;0;0;0;0;0;0;0;0;0;0;0;0;0;0;0
FR;9;2021-07-02;0;0;0;0;0;0;0;0;0;0;0;0;0;0;0;0;0;0
FR;9;2021-07-03;0;0;0;0;0;0;0;0;0;0;0;0;0;0;0;0;0;0
FR;9;2021-07-04;0;0;0;0;0;0;0;0;0;0;0;0;0;0;0;0;0;0
FR;9;2021-07-05;0;0;0;0;0;0;0;0;0;0;0;0;0;0;0;0;0;0
FR;9;2021-07-06;0;0;0;0;0;0;0;0;0;0;0;0;0;0;0;0;0;0
FR;9;2021-07-07;0;0;0;0;0;0;0;0;0;0;0;0;0;0;0;0;0;0
FR;9;2021-07-08;0;0;0;0;0;0;0;0;0;0;0;0;0;0;0;0;0;0
FR;9;2021-07-09;0;0;0;0;0;0;0;0;0;0;0;0;0;0;0;0;0;0
FR;9;2021-07-10;0;0;0;0;0;0;0;0;0;0;0;0;0;0;0;0;0;0
FR;9;2021-07-11;0;0;0;0;0;0;0;0;0;0;0;0;0;0;0;0;0;0
FR;9;2021-07-12;0;0;0;0;0;0;0;0;0;0;0;0;0;0;0;0;0;0
FR;9;2021-07-13;0;0;0;0;0;0;0;0;0;0;0;0;0;0;0;0;0;0
FR;9;2021-07-14;0;0;0;0;0;0;0;0;0;0;0;0;0;0;0;0;0;0
FR;9;2021-07-15;0;0;0;0;0;0;0;0;0;0;0;0;0;0;0;0;0;0
FR;9;2021-07-16;0;0;0;0;0;0;0;0;0;0;0;0;0;0;0;0;0;0
FR;9;2021-07-17;0;0;0;0;0;0;0;0;0;0;0;0;0;0;0;0;0;0
FR;9;2021-07-18;0;0;0;0;0;0;0;0;0;0;0;0;0;0;0;0;0;0
FR;9;2021-07-19;0;0;0;0;0;0;0;0;0;0;0;0;0;0;0;0;0;0
FR;9;2021-07-20;0;0;0;0;0;0;0;0;0;0;0;0;0;0;0;0;0;0
FR;9;2021-07-21;0;0;0;0;0;0;0;0;0;0;0;0;0;0;0;0;0;0
FR;9;2021-07-22;0;0;0;0;0;0;0;0;0;0;0;0;0;0;0;0;0;0
FR;9;2021-07-23;0;0;0;0;0;0;0;0;0;0;0;0;0;0;0;0;0;0
FR;9;2021-07-24;0;0;0;0;0;0;0;0;0;0;0;0;0;0;0;0;0;0
FR;9;2021-07-25;0;0;0;0;0;0;0;0;0;0;0;0;0;0;0;0;0;0
FR;9;2021-07-26;0;0;0;0;0;0;0;0;0;0;0;0;0;0;0;0;0;0
FR;9;2021-07-27;0;0;0;0;0;0;0;0;0;0;0;0;0;0;0;0;0;0
FR;9;2021-07-28;0;0;0;0;0;0;0;0;0;0;0;0;0;0;0;0;0;0
FR;9;2021-07-29;0;0;0;0;0;0;0;0;0;0;0;0;0;0;0;0;0;0
FR;9;2021-07-30;0;0;0;0;0;0;0;0;0;0;0;0;0;0;0;0;0;0
FR;9;2021-07-31;0;0;0;0;0;0;0;0;0;0;0;0;0;0;0;0;0;0
FR;9;2021-08-01;0;0;0;0;0;0;0;0;0;0;0;0;0;0;0;0;0;0
FR;9;2021-08-02;0;0;0;0;0;0;0;0;0;0;0;0;0;0;0;0;0;0
FR;9;2021-08-03;0;0;0;0;0;0;0;0;0;0;0;0;0;0;0;0;0;0
FR;9;2021-08-04;0;0;0;0;0;0;0;0;0;0;0;0;0;0;0;0;0;0
FR;9;2021-08-05;0;0;0;0;0;0;0;0;0;0;0;0;0;0;0;0;0;0
FR;9;2021-08-06;0;0;0;0;0;0;0;0;0;0;0;0;0;0;0;0;0;0
FR;9;2021-08-07;0;0;0;0;0;0;0;0;0;0;0;0;0;0;0;0;0;0
FR;9;2021-08-08;0;0;0;0;0;0;0;0;0;0;0;0;0;0;0;0;0;0
FR;9;2021-08-09;0;0;0;0;0;0;0;0;0;0;0;0;0;0;0;0;0;0
FR;9;2021-08-10;0;0;0;0;0;0;0;0;0;0;0;0;0;0;0;0;0;0
FR;9;2021-08-11;0;0;0;0;0;0;0;0;0;0;0;0;0;0;0;0;0;0
FR;9;2021-08-12;0;0;0;0;0;0;0;0;0;0;0;0;0;0;0;0;0;0
FR;9;2021-08-13;0;0;0;0;0;0;0;0;0;0;0;0;0;0;0;0;0;0
FR;9;2021-08-14;0;0;0;0;0;0;0;0;0;0;0;0;0;0;0;0;0;0
FR;9;2021-08-15;0;0;0;0;0;0;0;0;0;0;0;0;0;0;0;0;0;0
FR;9;2021-08-16;0;0;0;0;0;0;0;0;0;0;0;0;0;0;0;0;0;0
FR;9;2021-08-17;0;0;0;0;0;0;0;0;0;0;0;0;0;0;0;0;0;0
FR;9;2021-08-18;0;0;0;0;0;0;0;0;0;0;0;0;0;0;0;0;0;0
FR;9;2021-08-19;0;0;0;0;0;0;0;0;0;0;0;0;0;0;0;0;0;0
FR;9;2021-08-20;0;0;0;0;0;0;0;0;0;0;0;0;0;0;0;0;0;0
FR;9;2021-08-21;0;0;0;0;0;0;0;0;0;0;0;0;0;0;0;0;0;0
FR;9;2021-08-22;0;0;0;0;0;0;0;0;0;0;0;0;0;0;0;0;0;0
FR;9;2021-08-23;0;0;0;0;0;0;0;0;0;0;0;0;0;0;0;0;0;0
FR;9;2021-08-24;0;0;0;0;0;0;0;0;0;0;0;0;0;0;0;0;0;0
FR;9;2021-08-25;0;0;0;0;0;0;0;0;0;0;0;0;0;0;0;0;0;0
FR;9;2021-08-26;0;0;0;0;0;0;0;0;0;0;0;0;0;0;0;0;0;0
FR;9;2021-08-27;0;0;0;0;0;0;0;0;0;0;0;0;0;0;0;0;0;0
FR;9;2021-08-28;0;0;0;0;0;0;0;0;0;0;0;0;0;0;0;0;0;0
FR;9;2021-08-29;0;0;0;0;0;0;0;0;0;0;0;0;0;0;0;0;0;0
FR;9;2021-08-30;0;0;0;0;0;0;0;0;0;0;0;0;0;0;0;0;0;0
FR;9;2021-08-31;0;0;0;0;0;0;0;0;0;0;0;0;0;0;0;0;0;0
FR;9;2021-09-01;0;0;0;0;0;0;0;0;0;0;0;0;0;0;0;0;0;0
FR;9;2021-09-02;0;0;0;0;0;0;0;0;0;0;0;0;0;0;0;0;0;0
FR;9;2021-09-03;0;0;0;0;0;0;0;0;0;0;0;0;0;0;0;0;0;0
FR;9;2021-09-04;0;0;0;0;0;0;0;0;0;0;0;0;0;0;0;0;0;0
FR;9;2021-09-05;0;0;0;0;0;0;0;0;0;0;0;0;0;0;0;0;0;0
FR;9;2021-09-06;0;0;0;0;0;0;0;0;0;0;0;0;0;0;0;0;0;0
FR;9;2021-09-07;0;0;0;0;0;0;0;0;0;0;0;0;0;0;0;0;0;0
FR;9;2021-09-08;0;0;0;0;0;0;0;0;0;0;0;0;0;0;0;0;0;0
FR;9;2021-09-09;0;0;0;0;0;0;0;0;0;0;0;0;0;0;0;0;0;0
FR;9;2021-09-10;0;0;0;0;0;0;0;0;0;0;0;0;0;0;0;0;0;0
FR;9;2021-09-11;0;0;0;0;0;0;0;0;0;0;0;0;0;0;0;0;0;0
FR;9;2021-09-12;0;0;0;0;0;0;0;0;0;0;0;0;0;0;0;0;0;0
FR;9;2021-09-13;0;0;0;0;0;0;0;0;0;0;0;0;0;0;0;0;0;0
FR;9;2021-09-14;0;0;0;0;0;0;0;0;0;0;0;0;0;0;0;0;0;0
FR;9;2021-09-15;0;0;0;0;0;0;0;0;0;0;0;0;0;0;0;0;0;0
FR;9;2021-09-16;0;0;0;0;0;0;0;0;0;0;0;0;0;0;0;0;0;0
FR;9;2021-09-17;0;0;0;0;0;0;0;0;0;0;0;0;0;0;0;0;0;0
FR;9;2021-09-18;0;0;0;0;0;0;0;0;0;0;0;0;0;0;0;0;0;0
FR;9;2021-09-19;0;0;0;0;0;0;0;0;0;0;0;0;0;0;0;0;0;0
FR;9;2021-09-20;0;0;0;0;0;0;0;0;0;0;0;0;0;0;0;0;0;0
FR;9;2021-09-21;0;0;0;0;0;0;0;0;0;0;0;0;0;0;0;0;0;0
FR;9;2021-09-22;0;0;0;0;0;0;0;0;0;0;0;0;0;0;0;0;0;0
FR;9;2021-09-23;0;0;0;0;0;0;0;0;0;0;0;0;0;0;0;0;0;0
FR;9;2021-09-24;0;0;0;0;0;0;0;0;0;0;0;0;0;0;0;0;0;0
FR;9;2021-09-25;0;0;0;0;0;0;0;0;0;0;0;0;0;0;0;0;0;0
FR;9;2021-09-26;0;0;0;0;0;0;0;0;0;0;0;0;0;0;0;0;0;0
FR;9;2021-09-27;0;0;0;0;0;0;0;0;0;0;0;0;0;0;0;0;0;0
FR;9;2021-09-28;0;0;0;0;0;0;0;0;0;0;0;0;0;0;0;0;0;0
FR;9;2021-09-29;0;0;0;0;0;0;0;0;0;0;0;0;0;0;0;0;0;0
FR;9;2021-09-30;0;0;0;0;0;0;0;0;0;0;0;0;0;0;0;0;0;0
FR;9;2021-10-01;0;0;0;0;0;0;0;0;0;0;0;0;0;0;0;0;0;0
FR;9;2021-10-02;0;0;0;0;0;0;0;0;0;0;0;0;0;0;0;0;0;0
FR;9;2021-10-03;0;0;0;0;0;0;0;0;0;0;0;0;0;0;0;0;0;0
FR;9;2021-10-04;0;0;0;0;0;0;0;0;0;0;0;0;0;0;0;0;0;0
FR;9;2021-10-05;0;0;0;0;0;0;0;0;0;0;0;0;0;0;0;0;0;0
FR;9;2021-10-06;0;0;0;0;0;0;0;0;0;0;0;0;0;0;0;0;0;0
FR;9;2021-10-07;0;0;0;0;0;0;0;0;0;0;0;0;0;0;0;0;0;0
FR;9;2021-10-08;0;0;0;0;0;0;0;0;0;0;0;0;0;0;0;0;0;0
FR;9;2021-10-09;0;0;0;0;0;0;0;0;0;0;0;0;0;0;0;0;0;0
FR;9;2021-10-10;0;0;0;0;0;0;0;0;0;0;0;0;0;0;0;0;0;0
FR;9;2021-10-11;0;0;0;0;0;0;0;0;0;0;0;0;0;0;0;0;0;0
FR;9;2021-10-12;0;0;0;0;0;0;0;0;0;0;0;0;0;0;0;0;0;0
FR;9;2021-10-13;0;0;0;0;0;0;0;0;0;0;0;0;0;0;0;0;0;0
FR;9;2021-10-14;0;0;0;0;0;0;0;0;0;0;0;0;0;0;0;0;0;0
FR;9;2021-10-15;0;0;0;0;0;0;0;0;0;0;0;0;0;0;0;0;0;0
FR;9;2021-10-16;0;0;0;0;0;0;0;0;0;0;0;0;0;0;0;0;0;0
FR;9;2021-10-17;0;0;0;0;0;0;0;0;0;0;0;0;0;0;0;0;0;0
FR;9;2021-10-18;0;0;0;0;0;0;0;0;0;0;0;0;0;0;0;0;0;0
FR;9;2021-10-19;0;0;0;0;0;0;0;0;0;0;0;0;0;0;0;0;0;0
FR;9;2021-10-20;0;0;0;0;0;0;0;0;0;0;0;0;0;0;0;0;0;0
FR;9;2021-10-21;0;0;0;0;0;0;0;0;0;0;0;0;0;0;0;0;0;0
FR;9;2021-10-22;0;0;0;0;0;0;0;0;0;0;0;0;0;0;0;0;0;0
FR;9;2021-10-23;0;0;0;0;0;0;0;0;0;0;0;0;0;0;0;0;0;0
FR;9;2021-10-24;0;0;0;0;0;0;0;0;0;0;0;0;0;0;0;0;0;0
FR;9;2021-10-25;0;0;0;0;0;0;0;0;0;0;0;0;0;0;0;0;0;0
FR;9;2021-10-26;0;0;0;0;0;0;0;0;0;0;0;0;0;0;0;0;0;0
FR;9;2021-10-27;0;0;0;0;0;0;0;0;0;0;0;0;0;0;0;0;0;0
FR;9;2021-10-28;0;0;0;0;0;0;0;0;0;0;0;0;0;0;0;0;0;0
FR;9;2021-10-29;0;0;0;0;0;0;0;0;0;0;0;0;0;0;0;0;0;0
FR;9;2021-10-30;0;0;0;0;0;0;0;0;0;0;0;0;0;0;0;0;0;0
FR;9;2021-10-31;0;0;0;0;0;0;0;0;0;0;0;0;0;0;0;0;0;0
FR;9;2021-11-01;0;0;0;0;0;0;0;0;0;0;0;0;0;0;0;0;0;0
FR;9;2021-11-02;0;0;0;0;0;0;0;0;0;0;0;0;0;0;0;0;0;0
FR;9;2021-11-03;0;0;0;0;0;0;0;0;0;0;0;0;0;0;0;0;0;0
FR;9;2021-11-04;0;0;0;0;0;0;0;0;0;0;0;0;0;0;0;0;0;0
FR;9;2021-11-05;0;0;0;0;0;0;0;0;0;0;0;0;0;0;0;0;0;0
FR;9;2021-11-06;0;0;0;0;0;0;0;0;0;0;0;0;0;0;0;0;0;0
FR;9;2021-11-07;0;0;0;0;0;0;0;0;0;0;0;0;0;0;0;0;0;0
FR;9;2021-11-08;0;0;0;0;0;0;0;0;0;0;0;0;0;0;0;0;0;0
FR;9;2021-11-09;0;0;0;0;0;0;0;0;0;0;0;0;0;0;0;0;0;0
FR;9;2021-11-10;0;0;0;0;0;0;0;0;0;0;0;0;0;0;0;0;0;0
FR;9;2021-11-11;0;0;0;0;0;0;0;0;0;0;0;0;0;0;0;0;0;0
FR;9;2021-11-12;0;0;0;0;0;0;0;0;0;0;0;0;0;0;0;0;0;0
FR;9;2021-11-13;0;0;0;0;0;0;0;0;0;0;0;0;0;0;0;0;0;0
FR;9;2021-11-14;0;0;0;0;0;0;0;0;0;0;0;0;0;0;0;0;0;0
FR;9;2021-11-15;0;0;0;0;0;0;0;0;0;0;0;0;0;0;0;0;0;0
FR;9;2021-11-16;0;0;0;0;0;0;0;0;0;0;0;0;0;0;0;0;0;0
FR;9;2021-11-17;0;0;0;0;0;0;0;0;0;0;0;0;0;0;0;0;0;0
FR;9;2021-11-18;0;0;0;0;0;0;0;0;0;0;0;0;0;0;0;0;0;0
FR;9;2021-11-19;0;0;0;0;0;0;0;0;0;0;0;0;0;0;0;0;0;0
FR;9;2021-11-20;0;0;0;0;0;0;0;0;0;0;0;0;0;0;0;0;0;0
FR;9;2021-11-21;0;0;0;0;0;0;0;0;0;0;0;0;0;0;0;0;0;0
FR;9;2021-11-22;0;0;0;0;0;0;0;0;0;0;0;0;0;0;0;0;0;0
FR;9;2021-11-23;0;0;0;0;0;0;0;0;0;0;0;0;0;0;0;0;0;0
FR;9;2021-11-24;0;0;0;0;0;0;0;0;0;0;0;0;0;0;0;0;0;0
FR;9;2021-11-25;0;0;0;0;0;0;0;0;0;0;0;0;0;0;0;0;0;0
FR;9;2021-11-26;0;0;0;0;0;0;0;0;0;0;0;0;0;0;0;0;0;0
FR;9;2021-11-27;0;0;0;0;0;0;0;0;0;0;0;0;0;0;0;0;0;0
FR;9;2021-11-28;0;0;0;0;0;0;0;0;0;0;0;0;0;0;0;0;0;0
FR;9;2021-11-29;0;0;0;0;0;0;0;0;0;0;0;0;0;0;0;0;0;0
FR;9;2021-11-30;0;0;0;0;0;0;0;0;0;0;0;0;0;0;0;0;0;0
FR;9;2021-12-01;0;0;0;0;0;0;0;0;0;0;0;0;0;0;0;0;0;0
FR;9;2021-12-02;0;0;0;0;0;0;0;0;0;0;0;0;0;0;0;0;0;0
FR;9;2021-12-03;0;0;0;0;0;0;0;0;0;0;0;0;0;0;0;0;0;0
FR;9;2021-12-04;0;0;0;0;0;0;0;0;0;0;0;0;0;0;0;0;0;0
FR;9;2021-12-05;0;0;0;0;0;0;0;0;0;0;0;0;0;0;0;0;0;0
FR;9;2021-12-06;0;0;0;0;0;0;0;0;0;0;0;0;0;0;0;0;0;0
FR;9;2021-12-07;0;0;0;0;0;0;0;0;0;0;0;0;0;0;0;0;0;0
FR;9;2021-12-08;0;0;0;0;0;0;0;0;0;0;0;0;0;0;0;0;0;0
FR;9;2021-12-09;0;0;0;0;0;0;0;0;0;0;0;0;0;0;0;0;0;0
FR;9;2021-12-10;0;0;0;0;0;0;0;0;0;0;0;0;0;0;0;0;0;0
FR;9;2021-12-11;0;0;0;0;0;0;0;0;0;0;0;0;0;0;0;0;0;0
FR;9;2021-12-12;0;0;0;0;0;0;0;0;0;0;0;0;0;0;0;0;0;0
FR;9;2021-12-13;0;0;0;0;0;0;0;0;0;0;0;0;0;0;0;0;0;0
FR;9;2021-12-14;0;0;0;0;0;0;0;0;0;0;0;0;0;0;0;0;0;0
FR;9;2021-12-15;0;0;0;0;0;0;0;0;0;0;0;0;0;0;0;0;0;0
FR;9;2021-12-16;0;0;0;0;0;0;0;0;0;0;0;0;0;0;0;0;0;0
FR;9;2021-12-17;0;0;0;0;0;0;0;0;0;0;0;0;0;0;0;0;0;0
FR;9;2021-12-18;0;0;0;0;0;0;0;0;0;0;0;0;0;0;0;0;0;0
FR;9;2021-12-19;0;0;0;0;0;0;0;0;0;0;0;0;0;0;0;0;0;0
FR;9;2021-12-20;0;0;0;0;0;0;0;0;0;0;0;0;0;0;0;0;0;0
FR;9;2021-12-21;0;0;0;0;0;0;0;0;0;0;0;0;0;0;0;0;0;0
FR;9;2021-12-22;0;0;0;0;0;0;0;0;0;0;0;0;0;0;0;0;0;0
FR;9;2021-12-23;0;0;0;0;0;0;0;0;0;0;0;0;0;0;0;0;0;0
FR;9;2021-12-24;0;0;0;0;0;0;0;0;0;0;0;0;0;0;0;0;0;0
FR;9;2021-12-25;0;0;0;0;0;0;0;0;0;0;0;0;0;0;0;0;0;0
FR;9;2021-12-26;0;0;0;0;0;0;0;0;0;0;0;0;0;0;0;0;0;0
FR;9;2021-12-27;0;0;0;0;0;0;0;0;0;0;0;0;0;0;0;0;0;0
FR;9;2021-12-28;0;0;0;0;0;0;0;0;0;0;0;0;0;0;0;0;0;0
FR;9;2021-12-29;0;0;0;0;0;0;0;0;0;0;0;0;0;0;0;0;0;0
FR;9;2021-12-30;0;0;0;0;0;0;0;0;0;0;0;0;0;0;0;0;0;0
FR;9;2021-12-31;0;0;0;0;0;0;0;0;0;0;0;0;0;0;0;0;0;0
FR;9;2022-01-01;0;0;0;0;0;0;0;0;0;0;0;0;0;0;0;0;0;0
FR;9;2022-01-02;0;0;0;0;0;0;0;0;0;0;0;0;0;0;0;0;0;0
FR;9;2022-01-03;0;0;0;0;0;0;0;0;0;0;0;0;0;0;0;0;0;0
FR;9;2022-01-04;0;0;0;0;0;0;0;0;0;0;0;0;0;0;0;0;0;0
FR;9;2022-01-05;0;0;0;0;0;0;0;0;0;0;0;0;0;0;0;0;0;0
FR;9;2022-01-06;0;0;0;0;0;0;0;0;0;0;0;0;0;0;0;0;0;0
FR;9;2022-01-07;0;0;0;0;0;0;0;0;0;0;0;0;0;0;0;0;0;0
FR;9;2022-01-08;0;0;0;0;0;0;0;0;0;0;0;0;0;0;0;0;0;0
FR;9;2022-01-09;0;0;0;0;0;0;0;0;0;0;0;0;0;0;0;0;0;0
FR;9;2022-01-10;0;0;0;0;0;0;0;0;0;0;0;0;0;0;0;0;0;0
FR;9;2022-01-11;0;0;0;0;0;0;0;0;0;0;0;0;0;0;0;0;0;0
FR;9;2022-01-12;0;0;0;0;0;0;0;0;0;0;0;0;0;0;0;0;0;0
FR;9;2022-01-13;0;0;0;0;0;0;0;0;0;0;0;0;0;0;0;0;0;0
FR;9;2022-01-14;0;0;0;0;0;0;0;0;0;0;0;0;0;0;0;0;0;0
FR;9;2022-01-15;0;0;0;0;0;0;0;0;0;0;0;0;0;0;0;0;0;0
FR;9;2022-01-16;0;0;0;0;0;0;0;0;0;0;0;0;0;0;0;0;0;0
FR;9;2022-01-17;0;0;0;0;0;0;0;0;0;0;0;0;0;0;0;0;0;0
FR;9;2022-01-18;0;0;0;0;0;0;0;0;0;0;0;0;0;0;0;0;0;0
FR;9;2022-01-19;0;0;0;0;0;0;0;0;0;0;0;0;0;0;0;0;0;0
FR;9;2022-01-20;0;0;0;0;0;0;0;0;0;0;0;0;0;0;0;0;0;0
FR;9;2022-01-21;0;0;0;0;0;0;0;0;0;0;0;0;0;0;0;0;0;0
FR;9;2022-01-22;0;0;0;0;0;0;0;0;0;0;0;0;0;0;0;0;0;0
FR;9;2022-01-23;0;0;0;0;0;0;0;0;0;0;0;0;0;0;0;0;0;0
FR;9;2022-01-24;0;0;0;0;0;0;0;0;0;0;0;0;0;0;0;0;0;0
FR;9;2022-01-25;0;0;0;0;0;0;0;0;0;0;0;0;0;0;0;0;0;0
FR;9;2022-01-26;0;0;0;0;0;0;0;0;0;0;0;0;0;0;0;0;0;0
FR;9;2022-01-27;0;0;0;0;0;0;0;0;0;0;0;0;0;0;0;0;0;0
FR;9;2022-01-28;0;0;0;0;0;0;0;0;0;0;0;0;0;0;0;0;0;0
FR;9;2022-01-29;0;0;0;0;0;0;0;0;0;0;0;0;0;0;0;0;0;0
FR;9;2022-01-30;0;0;0;0;0;0;0;0;0;0;0;0;0;0;0;0;0;0
FR;9;2022-01-31;0;0;0;0;0;0;0;0;0;0;0;0;0;0;0;0;0;0
FR;9;2022-02-01;0;0;0;0;0;0;0;0;0;0;0;0;0;0;0;0;0;0
FR;9;2022-02-02;0;0;0;0;0;0;0;0;0;0;0;0;0;0;0;0;0;0
FR;9;2022-02-03;0;0;0;0;0;0;0;0;0;0;0;0;0;0;0;0;0;0
FR;9;2022-02-04;0;0;0;0;0;0;0;0;0;0;0;0;0;0;0;0;0;0
FR;9;2022-02-05;0;0;0;0;0;0;0;0;0;0;0;0;0;0;0;0;0;0
FR;9;2022-02-06;0;0;0;0;0;0;0;0;0;0;0;0;0;0;0;0;0;0
FR;9;2022-02-07;0;0;0;0;0;0;0;0;0;0;0;0;0;0;0;0;0;0
FR;9;2022-02-08;0;0;0;0;0;0;0;0;0;0;0;0;0;0;0;0;0;0
FR;9;2022-02-09;0;0;0;0;0;0;0;0;0;0;0;0;0;0;0;0;0;0
FR;9;2022-02-10;0;0;0;0;0;0;0;0;0;0;0;0;0;0;0;0;0;0
FR;9;2022-02-11;0;0;0;0;0;0;0;0;0;0;0;0;0;0;0;0;0;0
FR;9;2022-02-12;0;0;0;0;0;0;0;0;0;0;0;0;0;0;0;0;0;0
FR;9;2022-02-13;0;0;0;0;0;0;0;0;0;0;0;0;0;0;0;0;0;0
FR;9;2022-02-14;0;0;0;0;0;0;0;0;0;0;0;0;0;0;0;0;0;0
FR;9;2022-02-15;0;0;0;0;0;0;0;0;0;0;0;0;0;0;0;0;0;0
FR;9;2022-02-16;0;0;0;0;0;0;0;0;0;0;0;0;0;0;0;0;0;0
FR;9;2022-02-17;0;0;0;0;0;0;0;0;0;0;0;0;0;0;0;0;0;0
FR;9;2022-02-18;0;0;0;0;0;0;0;0;0;0;0;0;0;0;0;0;0;0
FR;9;2022-02-19;0;0;0;0;0;0;0;0;0;0;0;0;0;0;0;0;0;0
FR;9;2022-02-20;0;0;0;0;0;0;0;0;0;0;0;0;0;0;0;0;0;0
FR;9;2022-02-21;0;0;0;0;0;0;0;0;0;0;0;0;0;0;0;0;0;0
FR;9;2022-02-22;0;0;0;0;0;0;0;0;0;0;0;0;0;0;0;0;0;0
FR;9;2022-02-23;0;0;0;0;0;0;0;0;0;0;0;0;0;0;0;0;0;0
FR;9;2022-02-24;0;0;0;0;0;0;0;0;0;0;0;0;0;0;0;0;0;0
FR;9;2022-02-25;0;0;0;0;0;0;0;0;0;0;0;0;0;0;0;0;0;0
FR;9;2022-02-26;0;0;0;0;0;0;0;0;0;0;0;0;0;0;0;0;0;0
FR;9;2022-02-27;0;0;0;0;0;0;0;0;0;0;0;0;0;0;0;0;0;0
FR;9;2022-02-28;0;0;0;0;0;0;0;0;0;0;0;0;0;0;0;0;0;0
FR;9;2022-03-01;0;0;0;0;0;0;0;0;0;0;0;0;0;0;0;0;0;0
FR;9;2022-03-02;0;0;0;0;0;0;0;0;0;0;0;0;0;0;0;0;0;0
FR;9;2022-03-03;0;0;0;0;0;0;0;0;0;0;0;0;0;0;0;0;0;0
FR;9;2022-03-04;0;0;0;0;0;0;0;0;0;0;0;0;0;0;0;0;0;0
FR;9;2022-03-05;0;0;0;0;0;0;0;0;0;0;0;0;0;0;0;0;0;0
FR;9;2022-03-06;0;0;0;0;0;0;0;0;0;0;0;0;0;0;0;0;0;0
FR;9;2022-03-07;0;0;0;0;0;0;0;0;0;0;0;0;0;0;0;0;0;0
FR;9;2022-03-08;0;0;0;0;0;0;0;0;0;0;0;0;0;0;0;0;0;0
FR;9;2022-03-09;0;0;0;0;0;0;0;0;0;0;0;0;0;0;0;0;0;0
FR;9;2022-03-10;0;0;0;0;0;0;0;0;0;0;0;0;0;0;0;0;0;0
FR;9;2022-03-11;0;0;0;0;0;0;0;0;0;0;0;0;0;0;0;0;0;0
FR;9;2022-03-12;0;0;0;0;0;0;0;0;0;0;0;0;0;0;0;0;0;0
FR;9;2022-03-13;0;0;0;0;0;0;0;0;0;0;0;0;0;0;0;0;0;0
FR;9;2022-03-14;0;0;0;0;0;0;0;0;0;0;0;0;0;0;0;0;0;0
FR;9;2022-03-15;0;0;0;0;0;0;0;0;0;0;0;0;0;0;0;0;0;0
FR;9;2022-03-16;0;0;0;0;0;0;0;0;0;0;0;0;0;0;0;0;0;0
FR;9;2022-03-17;0;0;0;0;0;0;0;0;0;0;0;0;0;0;0;0;0;0
FR;9;2022-03-18;0;0;0;0;0;0;0;0;0;0;0;0;0;0;0;0;0;0
FR;9;2022-03-19;0;0;0;0;0;0;0;0;0;0;0;0;0;0;0;0;0;0
FR;9;2022-03-20;0;0;0;0;0;0;0;0;0;0;0;0;0;0;0;0;0;0
FR;9;2022-03-21;0;0;0;0;0;0;0;0;0;0;0;0;0;0;0;0;0;0
FR;9;2022-03-22;0;0;0;0;0;0;0;0;0;0;0;0;0;0;0;0;0;0
FR;9;2022-03-23;0;0;0;0;0;0;0;0;0;0;0;0;0;0;0;0;0;0
FR;9;2022-03-24;0;0;0;0;0;0;0;0;0;0;0;0;0;0;0;0;0;0
FR;9;2022-03-25;0;0;0;0;0;0;0;0;0;0;0;0;0;0;0;0;0;0
FR;9;2022-03-26;0;0;0;0;0;0;0;0;0;0;0;0;0;0;0;0;0;0
FR;9;2022-03-27;0;0;0;0;0;0;0;0;0;0;0;0;0;0;0;0;0;0
FR;9;2022-03-28;0;0;0;0;0;0;0;0;0;0;0;0;0;0;0;0;0;0
FR;9;2022-03-29;0;0;0;0;0;0;0;0;0;0;0;0;0;0;0;0;0;0
FR;9;2022-03-30;0;0;0;0;0;0;0;0;0;0;0;0;0;0;0;0;0;0
FR;9;2022-03-31;0;0;0;0;0;0;0;0;0;0;0;0;0;0;0;0;0;0
FR;9;2022-04-01;0;0;0;0;0;0;0;0;0;0;0;0;0;0;0;0;0;0
FR;9;2022-04-02;0;0;0;0;0;0;0;0;0;0;0;0;0;0;0;0;0;0
FR;9;2022-04-03;0;0;0;0;0;0;0;0;0;0;0;0;0;0;0;0;0;0
FR;9;2022-04-04;0;0;0;0;0;0;0;0;0;0;0;0;0;0;0;0;0;0
FR;9;2022-04-05;0;0;0;0;0;0;0;0;0;0;0;0;0;0;0;0;0;0
FR;9;2022-04-06;0;0;0;0;0;0;0;0;0;0;0;0;0;0;0;0;0;0
FR;9;2022-04-07;0;0;0;0;0;0;0;0;0;0;0;0;0;0;0;0;0;0
FR;9;2022-04-08;0;0;0;0;0;0;0;0;0;0;0;0;0;0;0;0;0;0
FR;9;2022-04-09;0;0;0;0;0;0;0;0;0;0;0;0;0;0;0;0;0;0
FR;9;2022-04-10;0;0;0;0;0;0;0;0;0;0;0;0;0;0;0;0;0;0
FR;9;2022-04-11;0;0;0;0;0;0;0;0;0;0;0;0;0;0;0;0;0;0
FR;9;2022-04-12;0;0;0;0;0;0;0;0;0;0;0;0;0;0;0;0;0;0
FR;9;2022-04-13;0;0;0;0;0;0;0;0;0;0;0;0;0;0;0;0;0;0
FR;9;2022-04-14;0;0;0;0;0;0;0;0;0;0;0;0;0;0;0;0;0;0
FR;9;2022-04-15;0;0;0;0;0;0;0;0;0;0;0;0;0;0;0;0;0;0
FR;9;2022-04-16;0;0;0;0;0;0;0;0;0;0;0;0;0;0;0;0;0;0
FR;9;2022-04-17;0;0;0;0;0;0;0;0;0;0;0;0;0;0;0;0;0;0
FR;9;2022-04-18;0;0;0;0;0;0;0;0;0;0;0;0;0;0;0;0;0;0
FR;9;2022-04-19;0;0;0;0;0;0;0;0;0;0;0;0;0;0;0;0;0;0
FR;9;2022-04-20;0;0;0;0;0;0;0;0;0;0;0;0;0;0;0;0;0;0
FR;9;2022-04-21;0;0;0;0;0;0;0;0;0;0;0;0;0;0;0;0;0;0
FR;9;2022-04-22;0;0;0;0;0;0;0;0;0;0;0;0;0;0;0;0;0;0
FR;9;2022-04-23;0;0;0;0;0;0;0;0;0;0;0;0;0;0;0;0;0;0
FR;9;2022-04-24;0;0;0;0;0;0;0;0;0;0;0;0;0;0;0;0;0;0
FR;9;2022-04-25;0;0;0;0;0;0;0;0;0;0;0;0;0;0;0;0;0;0
FR;9;2022-04-26;0;0;0;0;0;0;0;0;0;0;0;0;0;0;0;0;0;0
FR;9;2022-04-27;0;0;0;0;0;0;0;0;0;0;0;0;0;0;0;0;0;0
FR;9;2022-04-28;0;0;0;0;0;0;0;0;0;0;0;0;0;0;0;0;0;0
FR;9;2022-04-29;0;0;0;0;0;0;0;0;0;0;0;0;0;0;0;0;0;0
FR;9;2022-04-30;0;0;0;0;0;0;0;0;0;0;0;0;0;0;0;0;0;0
FR;9;2022-05-01;0;0;0;0;0;0;0;0;0;0;0;0;0;0;0;0;0;0
FR;9;2022-05-02;0;0;0;0;0;0;0;0;0;0;0;0;0;0;0;0;0;0
FR;9;2022-05-03;0;0;0;0;0;0;0;0;0;0;0;0;0;0;0;0;0;0
FR;9;2022-05-04;0;0;0;0;0;0;0;0;0;0;0;0;0;0;0;0;0;0
FR;9;2022-05-05;0;0;0;0;0;0;0;0;0;0;0;0;0;0;0;0;0;0
FR;9;2022-05-06;0;0;0;0;0;0;0;0;0;0;0;0;0;0;0;0;0;0
FR;9;2022-05-07;0;0;0;0;0;0;0;0;0;0;0;0;0;0;0;0;0;0
FR;9;2022-05-08;0;0;0;0;0;0;0;0;0;0;0;0;0;0;0;0;0;0
FR;9;2022-05-09;0;0;0;0;0;0;0;0;0;0;0;0;0;0;0;0;0;0
FR;9;2022-05-10;0;0;0;0;0;0;0;0;0;0;0;0;0;0;0;0;0;0
FR;9;2022-05-11;0;0;0;0;0;0;0;0;0;0;0;0;0;0;0;0;0;0
FR;9;2022-05-12;0;0;0;0;0;0;0;0;0;0;0;0;0;0;0;0;0;0
FR;9;2022-05-13;0;0;0;0;0;0;0;0;0;0;0;0;0;0;0;0;0;0
FR;9;2022-05-14;0;0;0;0;0;0;0;0;0;0;0;0;0;0;0;0;0;0
FR;9;2022-05-15;0;0;0;0;0;0;0;0;0;0;0;0;0;0;0;0;0;0
FR;9;2022-05-16;0;0;0;0;0;0;0;0;0;0;0;0;0;0;0;0;0;0
FR;9;2022-05-17;0;0;0;0;0;0;0;0;0;0;0;0;0;0;0;0;0;0
FR;9;2022-05-18;0;0;0;0;0;0;0;0;0;0;0;0;0;0;0;0;0;0
FR;9;2022-05-19;0;0;0;0;0;0;0;0;0;0;0;0;0;0;0;0;0;0
FR;9;2022-05-20;0;0;0;0;0;0;0;0;0;0;0;0;0;0;0;0;0;0
FR;9;2022-05-21;0;0;0;0;0;0;0;0;0;0;0;0;0;0;0;0;0;0
FR;9;2022-05-22;0;0;0;0;0;0;0;0;0;0;0;0;0;0;0;0;0;0
FR;9;2022-05-23;0;0;0;0;0;0;0;0;0;0;0;0;0;0;0;0;0;0
FR;9;2022-05-24;0;0;0;0;0;0;0;0;0;0;0;0;0;0;0;0;0;0
FR;9;2022-05-25;0;0;0;0;0;0;0;0;0;0;0;0;0;0;0;0;0;0
FR;9;2022-05-26;0;0;0;0;0;0;0;0;0;0;0;0;0;0;0;0;0;0
FR;9;2022-05-27;0;0;0;0;0;0;0;0;0;0;0;0;0;0;0;0;0;0
FR;9;2022-05-28;0;0;0;0;0;0;0;0;0;0;0;0;0;0;0;0;0;0
FR;9;2022-05-29;0;0;0;0;0;0;0;0;0;0;0;0;0;0;0;0;0;0
FR;9;2022-05-30;0;0;0;0;0;0;0;0;0;0;0;0;0;0;0;0;0;0
FR;9;2022-05-31;0;0;0;0;0;0;0;0;0;0;0;0;0;0;0;0;0;0
FR;9;2022-06-01;0;0;0;0;0;0;0;0;0;0;0;0;0;0;0;0;0;0
FR;9;2022-06-02;0;0;0;0;0;0;0;0;0;0;0;0;0;0;0;0;0;0
FR;9;2022-06-03;0;0;0;0;0;0;0;0;0;0;0;0;0;0;0;0;0;0
FR;9;2022-06-04;0;0;0;0;0;0;0;0;0;0;0;0;0;0;0;0;0;0
FR;9;2022-06-05;0;0;0;0;0;0;0;0;0;0;0;0;0;0;0;0;0;0
FR;9;2022-06-06;0;0;0;0;0;0;0;0;0;0;0;0;0;0;0;0;0;0
FR;9;2022-06-07;0;0;0;0;0;0;0;0;0;0;0;0;0;0;0;0;0;0
FR;9;2022-06-08;0;0;0;0;0;0;0;0;0;0;0;0;0;0;0;0;0;0
FR;9;2022-06-09;0;0;0;0;0;0;0;0;0;0;0;0;0;0;0;0;0;0
FR;9;2022-06-10;0;0;0;0;0;0;0;0;0;0;0;0;0;0;0;0;0;0
FR;9;2022-06-11;0;0;0;0;0;0;0;0;0;0;0;0;0;0;0;0;0;0
FR;9;2022-06-12;0;0;0;0;0;0;0;0;0;0;0;0;0;0;0;0;0;0
FR;9;2022-06-13;0;0;0;0;0;0;0;0;0;0;0;0;0;0;0;0;0;0
FR;9;2022-06-14;0;0;0;0;0;0;0;0;0;0;0;0;0;0;0;0;0;0
FR;9;2022-06-15;0;0;0;0;0;0;0;0;0;0;0;0;0;0;0;0;0;0
FR;9;2022-06-16;0;0;0;0;0;0;0;0;0;0;0;0;0;0;0;0;0;0
FR;9;2022-06-17;0;0;0;0;0;0;0;0;0;0;0;0;0;0;0;0;0;0
FR;9;2022-06-18;0;0;0;0;0;0;0;0;0;0;0;0;0;0;0;0;0;0
FR;9;2022-06-19;0;0;0;0;0;0;0;0;0;0;0;0;0;0;0;0;0;0
FR;9;2022-06-20;0;0;0;0;0;0;0;0;0;0;0;0;0;0;0;0;0;0
FR;9;2022-06-21;0;0;0;0;0;0;0;0;0;0;0;0;0;0;0;0;0;0
FR;9;2022-06-22;0;0;0;0;0;0;0;0;0;0;0;0;0;0;0;0;0;0
FR;9;2022-06-23;0;0;0;0;0;0;0;0;0;0;0;0;0;0;0;0;0;0
FR;9;2022-06-24;0;0;0;0;0;0;0;0;0;0;0;0;0;0;0;0;0;0
FR;9;2022-06-25;0;0;0;0;0;0;0;0;0;0;0;0;0;0;0;0;0;0
FR;9;2022-06-26;0;0;0;0;0;0;0;0;0;0;0;0;0;0;0;0;0;0
FR;9;2022-06-27;0;0;0;0;0;0;0;0;0;0;0;0;0;0;0;0;0;0
FR;9;2022-06-28;0;0;0;0;0;0;0;0;0;0;0;0;0;0;0;0;0;0
FR;9;2022-06-29;0;0;0;0;0;0;0;0;0;0;0;0;0;0;0;0;0;0
FR;9;2022-06-30;0;0;0;0;0;0;0;0;0;0;0;0;0;0;0;0;0;0
FR;9;2022-07-01;0;0;0;0;0;0;0;0;0;0;0;0;0;0;0;0;0;0
FR;9;2022-07-02;0;0;0;0;0;0;0;0;0;0;0;0;0;0;0;0;0;0
FR;9;2022-07-03;0;0;0;0;0;0;0;0;0;0;0;0;0;0;0;0;0;0
FR;9;2022-07-04;0;0;0;0;0;0;0;0;0;0;0;0;0;0;0;0;0;0
FR;9;2022-07-05;0;0;0;0;0;0;0;0;0;0;0;0;0;0;0;0;0;0
FR;9;2022-07-06;0;0;0;0;0;0;0;0;0;0;0;0;0;0;0;0;0;0
FR;9;2022-07-07;0;0;0;0;0;0;0;0;0;0;0;0;0;0;0;0;0;0
FR;9;2022-07-08;0;0;0;0;0;0;0;0;0;0;0;0;0;0;0;0;0;0
FR;9;2022-07-09;0;0;0;0;0;0;0;0;0;0;0;0;0;0;0;0;0;0
FR;9;2022-07-10;0;0;0;0;0;0;0;0;0;0;0;0;0;0;0;0;0;0
FR;9;2022-07-11;0;0;0;0;0;0;0;0;0;0;0;0;0;0;0;0;0;0
FR;9;2022-07-12;0;0;0;0;0;0;0;0;0;0;0;0;0;0;0;0;0;0
FR;9;2022-07-13;0;0;0;0;0;0;0;0;0;0;0;0;0;0;0;0;0;0
FR;9;2022-07-14;0;0;0;0;0;0;0;0;0;0;0;0;0;0;0;0;0;0
FR;9;2022-07-15;0;0;0;0;0;0;0;0;0;0;0;0;0;0;0;0;0;0
FR;9;2022-07-16;0;0;0;0;0;0;0;0;0;0;0;0;0;0;0;0;0;0
FR;9;2022-07-17;0;0;0;0;0;0;0;0;0;0;0;0;0;0;0;0;0;0
FR;9;2022-07-18;0;0;0;0;0;0;0;0;0;0;0;0;0;0;0;0;0;0
FR;9;2022-07-19;0;0;0;0;0;0;0;0;0;0;0;0;0;0;0;0;0;0
FR;9;2022-07-20;0;0;0;0;0;0;0;0;0;0;0;0;0;0;0;0;0;0
FR;9;2022-07-21;0;0;0;0;0;0;0;0;0;0;0;0;0;0;0;0;0;0
FR;9;2022-07-22;0;0;0;0;0;0;0;0;0;0;0;0;0;0;0;0;0;0
FR;9;2022-07-23;0;0;0;0;0;0;0;0;0;0;0;0;0;0;0;0;0;0
FR;9;2022-07-24;0;0;0;0;0;0;0;0;0;0;0;0;0;0;0;0;0;0
FR;9;2022-07-25;0;0;0;0;0;0;0;0;0;0;0;0;0;0;0;0;0;0
FR;9;2022-07-26;0;0;0;0;0;0;0;0;0;0;0;0;0;0;0;0;0;0
FR;9;2022-07-27;0;0;0;0;0;0;0;0;0;0;0;0;0;0;0;0;0;0
FR;9;2022-07-28;0;0;0;0;0;0;0;0;0;0;0;0;0;0;0;0;0;0
FR;9;2022-07-29;0;0;0;0;0;0;0;0;0;0;0;0;0;0;0;0;0;0
FR;9;2022-07-30;0;0;0;0;0;0;0;0;0;0;0;0;0;0;0;0;0;0
FR;9;2022-07-31;0;0;0;0;0;0;0;0;0;0;0;0;0;0;0;0;0;0
FR;9;2022-08-01;0;0;0;0;0;0;0;0;0;0;0;0;0;0;0;0;0;0
FR;9;2022-08-02;0;0;0;0;0;0;0;0;0;0;0;0;0;0;0;0;0;0
FR;9;2022-08-03;0;0;0;0;0;0;0;0;0;0;0;0;0;0;0;0;0;0
FR;9;2022-08-04;0;0;0;0;0;0;0;0;0;0;0;0;0;0;0;0;0;0
FR;9;2022-08-05;0;0;0;0;0;0;0;0;0;0;0;0;0;0;0;0;0;0
FR;9;2022-08-06;0;0;0;0;0;0;0;0;0;0;0;0;0;0;0;0;0;0
FR;9;2022-08-07;0;0;0;0;0;0;0;0;0;0;0;0;0;0;0;0;0;0
FR;9;2022-08-08;0;0;0;0;0;0;0;0;0;0;0;0;0;0;0;0;0;0
FR;9;2022-08-09;0;0;0;0;0;0;0;0;0;0;0;0;0;0;0;0;0;0
FR;9;2022-08-10;0;0;0;0;0;0;0;0;0;0;0;0;0;0;0;0;0;0
FR;9;2022-08-11;0;0;0;0;0;0;0;0;0;0;0;0;0;0;0;0;0;0
FR;9;2022-08-12;0;0;0;0;0;0;0;0;0;0;0;0;0;0;0;0;0;0
FR;9;2022-08-13;0;0;0;0;0;0;0;0;0;0;0;0;0;0;0;0;0;0
FR;9;2022-08-14;0;0;0;0;0;0;0;0;0;0;0;0;0;0;0;0;0;0
FR;9;2022-08-15;0;0;0;0;0;0;0;0;0;0;0;0;0;0;0;0;0;0
FR;9;2022-08-16;0;0;0;0;0;0;0;0;0;0;0;0;0;0;0;0;0;0
FR;9;2022-08-17;0;0;0;0;0;0;0;0;0;0;0;0;0;0;0;0;0;0
FR;9;2022-08-18;0;0;0;0;0;0;0;0;0;0;0;0;0;0;0;0;0;0
FR;9;2022-08-19;0;0;0;0;0;0;0;0;0;0;0;0;0;0;0;0;0;0
FR;9;2022-08-20;0;0;0;0;0;0;0;0;0;0;0;0;0;0;0;0;0;0
FR;9;2022-08-21;0;0;0;0;0;0;0;0;0;0;0;0;0;0;0;0;0;0
FR;9;2022-08-22;0;0;0;0;0;0;0;0;0;0;0;0;0;0;0;0;0;0
FR;9;2022-08-23;0;0;0;0;0;0;0;0;0;0;0;0;0;0;0;0;0;0
FR;9;2022-08-24;0;0;0;0;0;0;0;0;0;0;0;0;0;0;0;0;0;0
FR;9;2022-08-25;0;0;0;0;0;0;0;0;0;0;0;0;0;0;0;0;0;0
FR;9;2022-08-26;0;0;0;0;0;0;0;0;0;0;0;0;0;0;0;0;0;0
FR;9;2022-08-27;0;0;0;0;0;0;0;0;0;0;0;0;0;0;0;0;0;0
FR;9;2022-08-28;0;0;0;0;0;0;0;0;0;0;0;0;0;0;0;0;0;0
FR;9;2022-08-29;0;0;0;0;0;0;0;0;0;0;0;0;0;0;0;0;0;0
FR;9;2022-08-30;0;0;0;0;0;0;0;0;0;0;0;0;0;0;0;0;0;0
FR;9;2022-08-31;0;0;0;0;0;0;0;0;0;0;0;0;0;0;0;0;0;0
FR;9;2022-09-01;0;0;0;0;0;0;0;0;0;0;0;0;0;0;0;0;0;0
FR;9;2022-09-02;0;0;0;0;0;0;0;0;0;0;0;0;0;0;0;0;0;0
FR;9;2022-09-03;0;0;0;0;0;0;0;0;0;0;0;0;0;0;0;0;0;0
FR;9;2022-09-04;0;0;0;0;0;0;0;0;0;0;0;0;0;0;0;0;0;0
FR;9;2022-09-05;0;0;0;0;0;0;0;0;0;0;0;0;0;0;0;0;0;0
FR;9;2022-09-06;0;0;0;0;0;0;0;0;0;0;0;0;0;0;0;0;0;0
FR;9;2022-09-07;0;0;0;0;0;0;0;0;0;0;0;0;0;0;0;0;0;0
FR;9;2022-09-08;0;0;0;0;0;0;0;0;0;0;0;0;0;0;0;0;0;0
FR;9;2022-09-09;0;0;0;0;0;0;0;0;0;0;0;0;0;0;0;0;0;0
FR;9;2022-09-10;0;0;0;0;0;0;0;0;0;0;0;0;0;0;0;0;0;0
FR;9;2022-09-11;0;0;0;0;0;0;0;0;0;0;0;0;0;0;0;0;0;0
FR;9;2022-09-12;0;0;0;0;0;0;0;0;0;0;0;0;0;0;0;0;0;0
FR;9;2022-09-13;0;0;0;0;0;0;0;0;0;0;0;0;0;0;0;0;0;0
FR;9;2022-09-14;0;0;0;0;0;0;0;0;0;0;0;0;0;0;0;0;0;0
FR;9;2022-09-15;0;0;0;0;0;0;0;0;0;0;0;0;0;0;0;0;0;0
FR;9;2022-09-16;0;0;0;0;0;0;0;0;0;0;0;0;0;0;0;0;0;0
FR;9;2022-09-17;0;0;0;0;0;0;0;0;0;0;0;0;0;0;0;0;0;0
FR;9;2022-09-18;0;0;0;0;0;0;0;0;0;0;0;0;0;0;0;0;0;0
FR;9;2022-09-19;0;0;0;0;0;0;0;0;0;0;0;0;0;0;0;0;0;0
FR;9;2022-09-20;0;0;0;0;0;0;0;0;0;0;0;0;0;0;0;0;0;0
FR;9;2022-09-21;0;0;0;0;0;0;0;0;0;0;0;0;0;0;0;0;0;0
FR;9;2022-09-22;0;0;0;0;0;0;0;0;0;0;0;0;0;0;0;0;0;0
FR;9;2022-09-23;0;0;0;0;0;0;0;0;0;0;0;0;0;0;0;0;0;0
FR;9;2022-09-24;0;0;0;0;0;0;0;0;0;0;0;0;0;0;0;0;0;0
FR;9;2022-09-25;0;0;0;0;0;0;0;0;0;0;0;0;0;0;0;0;0;0
FR;9;2022-09-26;0;0;0;0;0;0;0;0;0;0;0;0;0;0;0;0;0;0
FR;9;2022-09-27;0;0;0;0;0;0;0;0;0;0;0;0;0;0;0;0;0;0
FR;9;2022-09-28;0;0;0;0;0;0;0;0;0;0;0;0;0;0;0;0;0;0
FR;9;2022-09-29;1;1;8;31;0;6;33;40;1;1;1;8;31;0;6;33;40;1
FR;9;2022-09-30;4;12;60;605;6;47;612;712;51;5;13;68;636;6;53;645;752;52
FR;9;2022-10-01;9;1;43;327;2;26;335;396;35;14;14;111;963;8;79;980;1148;87
FR;9;2022-10-02;1;1;5;50;0;4;51;66;11;15;15;116;1013;8;83;1031;1214;98
FR;9;2022-10-03;10;16;149;1713;10;128;1706;2071;234;25;31;265;2726;18;211;2737;3285;332
FR;9;2022-10-04;20;48;353;3951;18;228;4019;4700;449;45;79;618;6677;36;439;6756;7985;781
FR;9;2022-10-05;27;19;269;2996;16;203;3009;3654;433;72;98;887;9673;52;642;9765;11639;1214
FR;9;2022-10-06;23;34;399;4598;17;300;4631;5609;673;95;132;1286;14271;69;942;14396;17248;1887
FR;9;2022-10-07;29;50;499;5701;19;384;5715;7024;923;124;182;1785;19972;88;1326;20111;24272;2810
FR;9;2022-10-08;10;18;128;1088;8;86;1106;1386;190;134;200;1913;21060;96;1412;21217;25658;3000
FR;9;2022-10-09;1;7;22;197;1;29;198;277;50;135;207;1935;21257;97;1441;21415;25935;3050
FR;9;2022-10-10;11;26;207;2572;14;181;2576;3296;533;146;233;2142;23829;111;1622;23991;29231;3583
FR;9;2022-10-11;32;40;426;5041;27;314;5022;6197;851;178;273;2568;28870;138;1936;29013;35428;4434
FR;9;2022-10-12;22;26;297;2984;16;212;3042;3827;571;200;299;2865;31854;154;2148;32055;39255;5005
FR;9;2022-10-13;24;42;374;3978;16;244;4035;5024;739;224;341;3239;35832;170;2392;36090;44279;5744
FR;9;2022-10-14;27;26;381;4426;12;293;4410;5553;839;251;367;3620;40258;182;2685;40500;49832;6583
FR;9;2022-10-15;13;8;101;1050;7;79;1027;1306;198;264;375;3721;41308;189;2764;41527;51138;6781
FR;9;2022-10-16;4;1;9;131;2;12;125;167;28;268;376;3730;41439;191;2776;41652;51305;6809
FR;9;2022-10-17;4;22;165;1871;11;127;1880;2488;474;272;398;3895;43310;202;2903;43532;53793;7283
FR;9;2022-10-18;35;28;314;3425;16;225;3435;4621;952;307;426;4209;46735;218;3128;46967;58414;8235
FR;9;2022-10-19;20;19;259;2676;16;171;2706;3711;819;327;445;4468;49411;234;3299;49673;62125;9054
FR;9;2022-10-20;21;22;308;3622;9;232;3624;4795;931;348;467;4776;53033;243;3531;53297;66920;9985
FR;9;2022-10-21;14;31;324;3520;10;225;3539;4632;860;362;498;5100;56553;253;3756;56836;71552;10845
FR;9;2022-10-22;10;11;89;913;8;62;917;1189;205;372;509;5189;57466;261;3818;57753;72741;11050
FR;9;2022-10-23;2;2;17;99;2;10;104;147;33;374;511;5206;57565;263;3828;57857;72888;11083
FR;9;2022-10-24;7;17;158;1360;6;104;1429;1933;395;381;528;5364;58925;269;3932;59286;74821;11478
FR;9;2022-10-25;18;22;227;2837;16;188;2846;3907;870;399;550;5591;61762;285;4120;62132;78728;12348
FR;9;2022-10-26;14;16;161;1792;13;122;1799;2506;583;413;566;5752;63554;298;4242;63931;81234;12931
FR;9;2022-10-27;9;26;231;2291;15;174;2324;3171;662;422;592;5983;65845;313;4416;66255;84405;13593
FR;9;2022-10-28;18;27;223;2261;17;149;2298;3133;679;440;619;6206;68106;330;4565;68553;87538;14272
FR;9;2022-10-29;11;8;54;503;5;46;493;658;118;451;627;6260;68609;335;4611;69046;88196;14390
FR;9;2022-10-30;2;1;8;58;1;8;58;82;16;453;628;6268;68667;336;4619;69104;88278;14406
FR;9;2022-10-31;13;5;105;658;9;57;693;984;232;466;633;6373;69325;345;4676;69797;89262;14638
FR;9;2022-11-01;1;1;15;43;0;11;49;71;11;467;634;6388;69368;345;4687;69846;89333;14649
FR;9;2022-11-02;7;12;102;1016;4;76;1034;1565;451;474;646;6490;70384;349;4763;70880;90898;15100
FR;9;2022-11-03;17;17;155;1573;15;90;1622;2314;592;491;663;6645;71957;364;4853;72502;93212;15692
FR;9;2022-11-04;21;18;192;1738;14;119;1787;2512;601;512;681;6837;73695;378;4972;74289;95724;16293
FR;9;2022-11-05;8;10;58;403;9;39;424;573;107;520;691;6895;74098;387;5011;74713;96297;16400
FR;9;2022-11-06;5;4;5;61;6;2;60;87;25;525;695;6900;74159;393;5013;74773;96384;16425
FR;9;2022-11-07;16;19;81;881;16;80;912;1420;422;541;714;6981;75040;409;5093;75685;97804;16847
FR;9;2022-11-08;10;18;163;1782;12;132;1780;2583;666;551;732;7144;76822;421;5225;77465;100387;17513
FR;9;2022-11-09;16;16;112;1256;9;98;1306;1860;451;567;748;7256;78078;430;5323;78771;102247;17964
FR;9;2022-11-10;12;21;152;1579;13;131;1576;2223;513;579;769;7408;79657;443;5454;80347;104470;18477
FR;9;2022-11-11;1;1;13;81;1;6;83;123;34;580;770;7421;79738;444;5460;80430;104593;18511
FR;9;2022-11-12;4;8;42;255;7;19;272;389;97;584;778;7463;79993;451;5479;80702;104982;18608
FR;9;2022-11-13;2;0;4;30;0;4;31;51;16;586;778;7467;80023;451;5483;80733;105033;18624
FR;9;2022-11-14;10;12;56;702;10;44;717;1102;338;596;790;7523;80725;461;5527;81450;106135;18962
FR;9;2022-11-15;14;17;143;1292;8;99;1300;2000;596;610;807;7666;82017;469;5626;82750;108135;19558
FR;9;2022-11-16;10;4;99;972;7;58;991;1477;424;620;811;7765;82989;476;5684;83741;109612;19982
FR;9;2022-11-17;7;15;121;1065;10;74;1087;1630;464;627;826;7886;84054;486;5758;84828;111242;20446
FR;9;2022-11-18;7;16;117;1426;5;74;1442;1993;475;634;842;8003;85480;491;5832;86270;113235;20921
FR;9;2022-11-19;3;4;48;348;1;25;332;468;106;637;846;8051;85828;492;5857;86602;113703;21027
FR;9;2022-11-20;1;0;5;35;0;3;33;52;16;638;846;8056;85863;492;5860;86635;113755;21043
FR;9;2022-11-21;7;12;63;578;5;46;580;881;248;645;858;8119;86441;497;5906;87215;114636;21291
FR;9;2022-11-22;13;12;109;994;13;65;1025;1486;395;658;870;8228;87435;510;5971;88240;116122;21686
FR;9;2022-11-23;6;8;64;672;3;31;699;1089;354;664;878;8292;88107;513;6002;88939;117211;22040
FR;9;2022-11-24;8;17;90;914;14;65;931;1375;374;672;895;8382;89021;527;6067;89870;118586;22414
FR;9;2022-11-25;7;9;100;1122;7;77;1140;1633;415;679;904;8482;90143;534;6144;91010;120219;22829
FR;9;2022-11-26;6;6;32;213;7;23;205;294;64;685;910;8514;90356;541;6167;91215;120513;22893
FR;9;2022-11-27;1;1;6;37;0;2;41;76;33;686;911;8520;90393;541;6169;91256;120589;22926
FR;0;2020-12-27;611;0;0;0;55;0;0;0;0;611;0;0;0;55;0;0;0;0
FR;0;2020-12-28;694;1;0;0;42;0;0;0;0;1305;1;0;0;97;0;0;0;0
FR;0;2020-12-29;387;0;0;0;19;0;0;0;0;1692;1;0;0;116;0;0;0;0
FR;0;2020-12-30;446;0;0;0;18;0;0;0;0;2138;1;0;0;134;0;0;0;0
FR;0;2020-12-31;444;1;0;0;23;0;0;0;0;2582;2;0;0;157;0;0;0;0
FR;0;2021-01-01;1173;2;0;0;64;0;0;0;0;3755;4;0;0;221;0;0;0;0
FR;0;2021-01-02;366;3;0;0;28;0;0;0;0;4121;7;0;0;249;0;0;0;0
FR;0;2021-01-03;409;0;0;0;24;0;0;0;0;4530;7;0;0;273;0;0;0;0
FR;0;2021-01-04;2123;4;0;0;50;0;0;0;0;6653;11;0;0;323;0;0;0;0
FR;0;2021-01-05;7758;5;0;0;129;0;0;0;0;14411;16;0;0;452;0;0;0;0
FR;0;2021-01-06;12463;22;0;0;126;0;0;0;0;26874;38;0;0;578;0;0;0;0
FR;0;2021-01-07;29472;20;0;0;158;0;0;0;0;56346;58;0;0;736;0;0;0;0
FR;0;2021-01-08;37158;25;0;0;199;0;0;0;0;93504;83;0;0;935;0;0;0;0
FR;0;2021-01-09;11217;9;0;0;77;0;0;0;0;104721;92;0;0;1012;0;0;0;0
FR;0;2021-01-10;6009;7;0;0;27;0;0;0;0;110730;99;0;0;1039;0;0;0;0
FR;0;2021-01-11;39951;30;0;0;226;0;0;0;0;150681;129;0;0;1265;0;0;0;0
FR;0;2021-01-12;62150;24;0;0;298;0;0;0;0;212831;153;0;0;1563;0;0;0;0
FR;0;2021-01-13;65133;51;0;0;431;0;0;0;0;277964;204;0;0;1994;0;0;0;0
FR;0;2021-01-14;83113;195;0;0;1172;0;0;0;0;361077;399;0;0;3166;0;0;0;0
FR;0;2021-01-15;69017;81;0;0;553;0;0;0;0;430094;480;0;0;3719;0;0;0;0
FR;0;2021-01-16;20217;72;0;0;183;0;0;0;0;450311;552;0;0;3902;0;0;0;0
FR;0;2021-01-17;10988;50;0;0;133;0;0;0;0;461299;602;0;0;4035;0;0;0;0
FR;0;2021-01-18;85915;175;0;0;614;0;0;0;0;547214;777;0;0;4649;0;0;0;0
FR;0;2021-01-19;130609;201;0;0;861;0;0;0;0;677823;978;0;0;5510;0;0;0;0
FR;0;2021-01-20;137561;190;0;0;845;0;0;0;0;815384;1168;0;0;6355;0;0;0;0
FR;0;2021-01-21;158416;193;0;0;946;0;0;0;0;973800;1361;0;0;7301;0;0;0;0
FR;0;2021-01-22;121075;243;0;0;841;0;0;0;0;1094875;1604;0;0;8142;0;0;0;0
FR;0;2021-01-23;38486;73;0;0;210;0;0;0;0;1133361;1677;0;0;8352;0;0;0;0
FR;0;2021-01-24;9748;113;0;0;178;0;0;0;0;1143109;1790;0;0;8530;0;0;0;0
FR;0;2021-01-25;78245;1397;0;0;1752;0;0;0;0;1221354;3187;0;0;10282;0;0;0;0
FR;0;2021-01-26;100383;3603;1;0;4083;0;0;0;0;1321737;6790;1;0;14365;0;0;0;0
FR;0;2021-01-27;107258;6316;0;0;7036;0;0;0;0;1428995;13106;1;0;21401;0;0;0;0
FR;0;2021-01-28;124368;16088;0;0;16908;0;0;0;0;1553363;29194;1;0;38309;0;0;0;0
FR;0;2021-01-29;92191;18534;0;0;19105;0;0;0;0;1645554;47728;1;0;57414;0;0;0;0
FR;0;2021-01-30;29128;4480;0;0;4611;0;0;0;0;1674682;52208;1;0;62025;0;0;0;0
FR;0;2021-01-31;5239;1861;0;0;1903;0;0;0;0;1679921;54069;1;0;63928;0;0;0;0
FR;0;2021-02-01;53141;22562;0;0;22817;0;0;0;0;1733062;76631;1;0;86745;0;0;0;0
FR;0;2021-02-02;72324;37546;0;0;38037;0;0;0;0;1805386;114177;1;0;124782;0;0;0;0
FR;0;2021-02-03;72316;39643;0;0;40130;0;0;0;0;1877702;153820;1;0;164912;0;0;0;0
FR;0;2021-02-04;82085;54166;0;0;54746;0;0;0;0;1959787;207986;1;0;219658;0;0;0;0
FR;0;2021-02-05;68244;47542;0;0;47958;0;0;0;0;2028031;255528;1;0;267616;0;0;0;0
FR;0;2021-02-06;22989;11222;0;0;11454;0;0;0;0;2051020;266750;1;0;279070;0;0;0;0
FR;0;2021-02-07;5193;5877;0;0;6000;0;0;0;0;2056213;272627;1;0;285070;0;0;0;0
FR;0;2021-02-08;46849;48374;0;0;48817;0;0;0;0;2103062;321001;1;0;333887;0;0;0;0
FR;0;2021-02-09;66027;77430;0;0;78504;0;0;0;0;2169089;398431;1;0;412391;0;0;0;0
FR;0;2021-02-10;71033;82215;0;0;83479;0;0;0;0;2240122;480646;1;0;495870;0;0;0;0
FR;0;2021-02-11;87295;104607;0;0;106500;0;0;0;0;2327417;585253;1;0;602370;0;0;0;0
FR;0;2021-02-12;79343;75592;0;0;77307;0;0;0;0;2406760;660845;1;0;679677;0;0;0;0
FR;0;2021-02-13;22386;19520;0;0;19879;0;0;0;0;2429146;680365;1;0;699556;0;0;0;0
FR;0;2021-02-14;5079;7345;0;0;7468;0;0;0;0;2434225;687710;1;0;707024;0;0;0;0
FR;0;2021-02-15;38116;76666;0;0;77633;0;0;0;0;2472341;764376;1;0;784657;0;0;0;0
FR;0;2021-02-16;50408;100045;0;0;101346;0;0;0;0;2522749;864421;1;0;886003;0;0;0;0
FR;0;2021-02-17;50546;106428;20;0;107820;0;0;0;0;2573295;970849;21;0;993823;0;0;0;0
FR;0;2021-02-18;69803;122946;0;0;124943;0;0;0;0;2643098;1093795;21;0;1118766;0;0;0;0
FR;0;2021-02-19;65080;91850;1;0;93698;0;0;0;0;2708178;1185645;22;0;1212464;0;0;0;0
FR;0;2021-02-20;18596;28611;0;0;28960;0;0;0;0;2726774;1214256;22;0;1241424;0;0;0;0
FR;0;2021-02-21;3327;6123;0;0;6225;0;0;0;0;2730101;1220379;22;0;1247649;0;0;0;0
FR;0;2021-02-22;37505;73191;2;0;74167;0;0;0;0;2767606;1293570;24;0;1321816;0;0;0;0
FR;0;2021-02-23;53789;85152;1;0;86629;0;0;0;0;2821395;1378722;25;0;1408445;0;0;0;0
FR;0;2021-02-24;60025;82675;1;0;84224;0;0;0;0;2881420;1461397;26;0;1492669;0;0;0;0
FR;0;2021-02-25;100595;91458;1;0;94418;0;0;0;0;2982015;1552855;27;0;1587087;0;0;0;0
FR;0;2021-02-26;113484;70783;1;0;73893;0;0;0;0;3095499;1623638;28;0;1660980;0;0;0;0
FR;0;2021-02-27;52122;22373;1;0;23610;0;0;0;0;3147621;1646011;29;0;1684590;0;0;0;0
FR;0;2021-02-28;6207;4138;2;0;4334;0;0;0;0;3153828;1650149;31;0;1688924;0;0;0;0
FR;0;2021-03-01;65921;53942;1;0;55786;0;0;0;0;3219749;1704091;32;0;1744710;0;0;0;0
FR;0;2021-03-02;101404;67076;3;0;70104;0;0;0;0;3321153;1771167;35;0;1814814;0;0;0;0
FR;0;2021-03-03;116542;65558;0;0;69224;0;0;0;0;3437695;1836725;35;0;1884038;0;0;0;0
FR;0;2021-03-04;163646;72108;3;0;77662;0;0;0;0;3601341;1908833;38;0;1961700;0;0;0;0
FR;0;2021-03-05;200943;62792;3;0;69501;0;0;0;0;3802284;1971625;41;0;2031201;0;0;0;0
FR;0;2021-03-06;207975;17508;3;0;22811;0;0;0;0;4010259;1989133;44;0;2054012;0;0;0;0
FR;0;2021-03-07;121284;4269;1;0;7562;0;0;0;0;4131543;1993402;45;0;2061574;0;0;0;0
FR;0;2021-03-08;107163;49795;2;0;53266;0;0;0;0;4238706;2043197;47;0;2114840;0;0;0;0
FR;0;2021-03-09;172469;56255;2;0;61724;0;0;0;0;4411175;2099452;49;0;2176564;0;0;0;0
FR;0;2021-03-10;179026;57069;5;0;62726;0;0;0;0;4590201;2156521;54;0;2239290;0;0;0;0
FR;0;2021-03-11;242918;63975;2;0;72048;0;0;0;0;4833119;2220496;56;0;2311338;0;0;0;0
FR;0;2021-03-12;294851;53411;1;0;62860;0;0;0;0;5127970;2273907;57;0;2374198;0;0;0;0
FR;0;2021-03-13;231427;15279;1;0;21254;0;0;0;0;5359397;2289186;58;0;2395452;0;0;0;0
FR;0;2021-03-14;63357;3137;1;0;5174;0;0;0;0;5422754;2292323;59;0;2400626;0;0;0;0
FR;0;2021-03-15;158680;31677;3;0;36319;0;0;0;0;5581434;2324000;62;0;2436945;0;0;0;0
FR;0;2021-03-16;141584;38929;6;0;43059;0;0;0;0;5723018;2362929;68;0;2480004;0;0;0;0
FR;0;2021-03-17;150507;37722;4;0;42480;0;0;0;0;5873525;2400651;72;0;2522484;0;0;0;0
FR;0;2021-03-18;167854;44449;5;0;49996;0;0;0;0;6041379;2445100;77;0;2572480;0;0;0;0
FR;0;2021-03-19;230033;36841;2;0;44195;0;0;0;0;6271412;2481941;79;0;2616675;0;0;0;0
FR;0;2021-03-20;166708;11415;1;0;16038;0;0;0;0;6438120;2493356;80;0;2632713;0;0;0;0
FR;0;2021-03-21;49949;2218;1;0;3977;0;0;0;0;6488069;2495574;81;0;2636690;0;0;0;0
FR;0;2021-03-22;170069;33668;2;0;39159;0;0;0;0;6658138;2529242;83;0;2675849;0;0;0;0
FR;0;2021-03-23;250413;42391;1;0;50210;0;0;0;0;6908551;2571633;84;0;2726059;0;0;0;0
FR;0;2021-03-24;256926;43543;0;0;51610;0;0;0;0;7165477;2615176;84;0;2777669;0;0;0;0
FR;0;2021-03-25;341842;45221;5;0;56205;0;0;0;0;7507319;2660397;89;0;2833874;0;0;0;0
FR;0;2021-03-26;358829;41850;5;1;53592;0;0;0;0;7866148;2702247;94;1;2887466;0;0;0;0
FR;0;2021-03-27;195280;16911;1;0;23349;0;0;0;0;8061428;2719158;95;1;2910815;0;0;0;0
FR;0;2021-03-28;59346;4432;3;0;6494;0;0;0;0;8120774;2723590;98;1;2917309;0;0;0;0
FR;0;2021-03-29;202996;53533;4;0;60278;0;0;0;0;8323770;2777123;102;1;2977587;0;0;0;0
FR;0;2021-03-30;285502;69915;5;0;80310;0;0;0;0;8609272;2847038;107;1;3057897;0;0;0;0
FR;0;2021-03-31;263061;73863;4;0;84532;0;0;0;0;8872333;2920901;111;1;3142429;0;0;0;0
FR;0;2021-04-01;315540;92122;11;0;105675;0;0;0;0;9187873;3013023;122;1;3248104;0;0;0;0
FR;0;2021-04-02;281365;94351;7;0;106151;0;0;0;0;9469238;3107374;129;1;3354255;0;0;0;0
FR;0;2021-04-03;141083;62468;6;0;67712;0;0;0;0;9610321;3169842;135;1;3421967;0;0;0;0
FR;0;2021-04-04;46540;18973;2;0;21020;0;0;0;0;9656861;3188815;137;1;3442987;0;0;0;0
FR;0;2021-04-05;63352;10502;11;0;13154;0;0;0;0;9720213;3199317;148;1;3456141;0;0;0;0
FR;0;2021-04-06;217246;112267;17;0;121074;0;0;0;0;9937459;3311584;165;1;3577215;0;0;0;0
FR;0;2021-04-07;260291;115294;17;0;126608;0;0;0;0;10197750;3426878;182;1;3703823;0;0;0;0
FR;0;2021-04-08;337879;122745;14;0;138336;0;0;0;0;10535629;3549623;196;1;3842159;0;0;0;0
FR;0;2021-04-09;410189;116724;49;0;134100;0;0;0;0;10945818;3666347;245;1;3976259;0;0;0;0
FR;0;2021-04-10;212644;82841;15;0;91216;0;0;0;0;11158462;3749188;260;1;4067475;0;0;0;0
FR;0;2021-04-11;56152;34187;7;0;36711;0;0;0;0;11214614;3783375;267;1;4104186;0;0;0;0
FR;0;2021-04-12;237094;115725;46;0;125293;0;0;0;0;11451708;3899100;313;1;4229479;0;0;0;0
FR;0;2021-04-13;309517;144246;98;1;157171;0;0;0;0;11761225;4043346;411;2;4386650;0;0;0;0
FR;0;2021-04-14;294563;139656;215;0;153006;0;0;0;0;12055788;4183002;626;2;4539656;0;0;0;0
FR;0;2021-04-15;337143;149968;340;0;165474;0;0;0;0;12392931;4332970;966;2;4705130;0;0;0;0
FR;0;2021-04-16;339323;146788;354;0;161427;0;0;0;0;12732254;4479758;1320;2;4866557;0;0;0;0
FR;0;2021-04-17;188678;89981;109;0;97664;0;0;0;0;12920932;4569739;1429;2;4964221;0;0;0;0
FR;0;2021-04-18;51626;35439;47;0;37857;0;0;0;0;12972558;4605178;1476;2;5002078;0;0;0;0
FR;0;2021-04-19;205724;138222;456;0;147346;0;0;0;0;13178282;4743400;1932;2;5149424;0;0;0;0
FR;0;2021-04-20;254448;171681;569;0;183312;0;0;0;0;13432730;4915081;2501;2;5332736;0;0;0;0
FR;0;2021-04-21;253296;169768;836;0;181770;0;0;0;0;13686026;5084849;3337;2;5514506;0;0;0;0
FR;0;2021-04-22;287591;190062;818;0;204646;0;0;0;0;13973617;5274911;4155;2;5719152;0;0;0;0
FR;0;2021-04-23;297754;184329;747;0;203157;0;0;0;0;14271371;5459240;4902;2;5922309;0;0;0;0
FR;0;2021-04-24;190465;111907;252;0;122351;0;0;0;0;14461836;5571147;5154;2;6044660;0;0;0;0
FR;0;2021-04-25;69567;38820;51;0;42550;0;0;0;0;14531403;5609967;5205;2;6087210;0;0;0;0
FR;0;2021-04-26;220982;157981;563;0;171160;0;0;0;0;14752385;5767948;5768;2;6258370;0;0;0;0
FR;0;2021-04-27;284631;187807;941;0;211109;0;0;0;0;15037016;5955755;6709;2;6469479;0;0;0;0
FR;0;2021-04-28;299539;184315;1426;1;209381;1;0;0;0;15336555;6140070;8135;3;6678860;1;0;0;0
FR;0;2021-04-29;357169;197724;1280;0;232794;0;0;0;0;15693724;6337794;9415;3;6911654;1;0;0;0
FR;0;2021-04-30;372238;185704;1123;1;225042;0;0;0;0;16065962;6523498;10538;4;7136696;1;0;0;0
FR;0;2021-05-01;167654;52495;179;0;63741;0;0;0;0;16233616;6575993;10717;4;7200437;1;0;0;0
FR;0;2021-05-02;91758;37834;83;0;43555;0;0;0;0;16325374;6613827;10800;4;7243992;1;0;0;0
FR;0;2021-05-03;288945;166276;843;0;186783;0;0;0;0;16614319;6780103;11643;4;7430775;1;0;0;0
FR;0;2021-05-04;315709;225231;1235;0;251382;0;0;0;0;16930028;7005334;12878;4;7682157;1;0;0;0
FR;0;2021-05-05;327235;226021;1315;0;251074;0;0;0;0;17257263;7231355;14193;4;7933231;1;0;0;0
FR;0;2021-05-06;379554;240679;1634;0;274927;0;0;0;0;17636817;7472034;15827;4;8208158;1;0;0;0
FR;0;2021-05-07;372785;258299;1223;0;299352;0;0;0;0;18009602;7730333;17050;4;8507510;1;0;0;0
FR;0;2021-05-08;222171;70441;299;0;85646;0;0;0;0;18231773;7800774;17349;4;8593156;1;0;0;0
FR;0;2021-05-09;129710;45057;243;0;53688;0;0;0;0;18361483;7845831;17592;4;8646844;1;0;0;0
FR;0;2021-05-10;313407;229421;1237;0;255191;0;0;0;0;18674890;8075252;18829;4;8902035;1;0;0;0
FR;0;2021-05-11;403928;258136;1566;0;296542;0;0;0;0;19078818;8333388;20395;4;9198577;1;0;0;0
FR;0;2021-05-12;434145;233648;1543;0;269913;0;0;0;0;19512963;8567036;21938;4;9468490;1;0;0;0
FR;0;2021-05-13;338621;56612;432;0;78108;0;0;0;0;19851584;8623648;22370;4;9546598;1;0;0;0
FR;0;2021-05-14;454157;167420;1126;0;203000;0;0;0;0;20305741;8791068;23496;4;9749598;1;0;0;0
FR;0;2021-05-15;374991;94302;444;0;120688;0;0;0;0;20680732;8885370;23940;4;9870286;1;0;0;0
FR;0;2021-05-16;202762;20686;168;0;34082;0;0;0;0;20883494;8906056;24108;4;9904368;1;0;0;0
FR;0;2021-05-17;376132;148786;1555;0;178570;0;0;0;0;21259626;9054842;25663;4;10082938;1;0;0;0
FR;0;2021-05-18;460178;153852;1990;0;192993;0;0;0;0;21719804;9208694;27653;4;10275931;1;0;0;0
FR;0;2021-05-19;467425;143132;2464;0;180390;0;0;0;0;22187229;9351826;30117;4;10456321;1;0;0;0
FR;0;2021-05-20;507561;160260;2339;0;204234;0;0;0;0;22694790;9512086;32456;4;10660555;1;0;0;0
FR;0;2021-05-21;489691;175029;1996;0;221566;0;0;0;0;23184481;9687115;34452;4;10882121;1;0;0;0
FR;0;2021-05-22;347208;80149;670;0;108577;0;0;0;0;23531689;9767264;35122;4;10990698;1;0;0;0
FR;0;2021-05-23;161699;14251;246;0;26719;0;0;0;0;23693388;9781515;35368;4;11017417;1;0;0;0
FR;0;2021-05-24;263203;33133;604;0;52969;0;0;0;0;23956591;9814648;35972;4;11070386;1;0;0;0
FR;0;2021-05-25;400290;190207;2355;1;226776;0;0;0;0;24356881;10004855;38327;5;11297162;1;0;0;0
FR;0;2021-05-26;413470;190357;2225;0;228412;0;0;0;0;24770351;10195212;40552;5;11525574;1;0;0;0
FR;0;2021-05-27;449829;219683;2163;0;266819;0;0;0;0;25220180;10414895;42715;5;11792393;1;0;0;0
FR;0;2021-05-28;429569;260719;1894;0;318804;0;0;0;0;25649749;10675614;44609;5;12111197;1;0;0;0
FR;0;2021-05-29;298996;150208;585;0;183055;0;0;0;0;25948745;10825822;45194;5;12294252;1;0;0;0
FR;0;2021-05-30;107147;32516;164;0;42097;0;0;0;0;26055892;10858338;45358;5;12336349;1;0;0;0
FR;0;2021-05-31;358049;203384;1471;1;241659;1;0;0;0;26413941;11061722;46829;6;12578008;2;0;0;0
FR;0;2021-06-01;431062;251271;1967;1;302895;1;0;0;0;26845003;11312993;48796;7;12880903;3;0;0;0
FR;0;2021-06-02;420128;232132;1985;0;279495;0;0;0;0;27265131;11545125;50781;7;13160398;3;0;0;0
FR;0;2021-06-03;465638;257771;1825;0;312523;0;0;0;0;27730769;11802896;52606;7;13472921;3;0;0;0
FR;0;2021-06-04;456266;305560;1734;1;362936;1;0;0;0;28187035;12108456;54340;8;13835857;4;0;0;0
FR;0;2021-06-05;304812;189358;653;0;222562;0;0;0;0;28491847;12297814;54993;8;14058419;4;0;0;0
FR;0;2021-06-06;133320;49048;226;0;61187;0;0;0;0;28625167;12346862;55219;8;14119606;4;0;0;0
FR;0;2021-06-07;340000;261553;1526;0;298643;0;0;0;0;28965167;12608415;56745;8;14418249;4;0;0;0
FR;0;2021-06-08;393904;291263;1804;0;338113;0;0;0;0;29359071;12899678;58549;8;14756362;4;0;0;0
FR;0;2021-06-09;384891;274270;1733;0;318684;0;0;0;0;29743962;13173948;60282;8;15075046;4;0;0;0
FR;0;2021-06-10;404207;287531;1726;1;336959;0;0;0;0;30148169;13461479;62008;9;15412005;4;0;0;0
FR;0;2021-06-11;386677;356620;1467;1;407039;0;0;0;0;30534846;13818099;63475;10;15819044;4;0;0;0
FR;0;2021-06-12;283277;211062;496;0;243196;0;0;0;0;30818123;14029161;63971;10;16062240;4;0;0;0
FR;0;2021-06-13;104891;73850;204;0;84839;0;0;0;0;30923014;14103011;64175;10;16147079;4;0;0;0
FR;0;2021-06-14;240849;354389;1427;1;383548;0;0;0;0;31163863;14457400;65602;11;16530627;4;0;0;0
FR;0;2021-06-15;308182;384738;1574;1;423485;0;0;0;0;31472045;14842138;67176;12;16954112;4;0;0;0
FR;0;2021-06-16;313992;357504;1418;1;395249;0;0;0;0;31786037;15199642;68594;13;17349361;4;0;0;0
FR;0;2021-06-17;317700;372925;1430;1;414090;0;0;0;0;32103737;15572567;70024;14;17763451;4;0;0;0
FR;0;2021-06-18;321761;442589;1340;1;485959;0;0;0;0;32425498;16015156;71364;15;18249410;4;0;0;0
FR;0;2021-06-19;224350;273923;449;0;301096;0;0;0;0;32649848;16289079;71813;15;18550506;4;0;0;0
FR;0;2021-06-20;74443;102359;129;0;111546;0;0;0;0;32724291;16391438;71942;15;18662052;4;0;0;0
FR;0;2021-06-21;195785;401661;1038;1;427602;1;0;0;0;32920076;16793099;72980;16;19089654;5;0;0;0
FR;0;2021-06-22;223213;467570;1266;10;500209;1;0;0;0;33143289;17260669;74246;26;19589863;6;0;0;0
FR;0;2021-06-23;234047;439991;1197;1;474089;1;0;0;0;33377336;17700660;75443;27;20063952;7;0;0;0
FR;0;2021-06-24;241877;409610;1359;0;447098;0;0;0;0;33619213;18110270;76802;27;20511050;7;0;0;0
FR;0;2021-06-25;227653;522883;1401;0;561857;0;0;0;0;33846866;18633153;78203;27;21072907;7;0;0;0
FR;0;2021-06-26;153270;370892;587;1;395676;0;0;0;0;34000136;19004045;78790;28;21468583;7;0;0;0
FR;0;2021-06-27;55907;156019;169;1;164932;0;0;0;0;34056043;19160064;78959;29;21633515;7;0;0;0
FR;0;2021-06-28;154794;452606;1177;0;478193;0;0;0;0;34210837;19612670;80136;29;22111708;7;0;0;0
FR;0;2021-06-29;182727;507450;2123;0;538867;0;0;0;0;34393564;20120120;82259;29;22650575;7;0;0;0
FR;0;2021-06-30;204023;485060;2014;21;519353;2;0;0;0;34597587;20605180;84273;50;23169928;9;0;0;0
FR;0;2021-07-01;231414;458291;2224;5;498275;1;0;0;0;34829001;21063471;86497;55;23668203;10;0;0;0
FR;0;2021-07-02;228697;520077;2120;5;562410;2;0;0;0;35057698;21583548;88617;60;24230613;12;0;0;0
FR;0;2021-07-03;142046;368748;908;3;395246;1;0;0;0;35199744;21952296;89525;63;24625859;13;0;0;0
FR;0;2021-07-04;56758;141042;265;0;150746;0;0;0;0;35256502;22093338;89790;63;24776605;13;0;0;0
FR;0;2021-07-05;168524;418798;1668;8;448753;1;0;0;0;35425026;22512136;91458;71;25225358;14;0;0;0
FR;0;2021-07-06;196784;474560;1830;45;511191;8;0;0;0;35621810;22986696;93288;116;25736549;22;0;0;0
FR;0;2021-07-07;213214;439074;1879;25;477560;4;0;0;0;35835024;23425770;95167;141;26214109;26;0;0;0
FR;0;2021-07-08;231657;424147;2089;20;468119;4;0;0;0;36066681;23849917;97256;161;26682228;30;0;0;0
FR;0;2021-07-09;228623;511046;2185;4;557383;2;0;0;0;36295304;24360963;99441;165;27239611;32;0;0;0
FR;0;2021-07-10;148626;339898;986;1;368859;1;0;0;0;36443930;24700861;100427;166;27608470;33;0;0;0
FR;0;2021-07-11;60206;110077;283;0;121000;0;0;0;0;36504136;24810938;100710;166;27729470;33;0;0;0
FR;0;2021-07-12;169429;477897;1763;4;512680;0;0;0;0;36673565;25288835;102473;170;28242150;33;0;0;0
FR;0;2021-07-13;287270;526868;2049;8;585931;1;0;0;0;36960835;25815703;104522;178;28828081;34;0;0;0
FR;0;2021-07-14;181110;157461;435;0;186790;0;0;0;0;37141945;25973164;104957;178;29014871;34;0;0;0
FR;0;2021-07-15;347111;501836;2099;1;571860;0;0;0;0;37489056;26475000;107056;179;29586731;34;0;0;0
FR;0;2021-07-16;380114;495285;2023;3;574527;1;0;0;0;37869170;26970285;109079;182;30161258;35;0;0;0
FR;0;2021-07-17;259739;319688;877;1;368672;0;0;0;0;38128909;27289973;109956;183;30529930;35;0;0;0
FR;0;2021-07-18;109729;114602;310;0;133053;0;0;0;0;38238638;27404575;110266;183;30662983;35;0;0;0
FR;0;2021-07-19;285499;424204;1630;3;479257;0;0;0;0;38524137;27828779;111896;186;31142240;35;0;0;0
FR;0;2021-07-20;376929;451558;1723;0;523932;0;0;0;0;38901066;28280337;113619;186;31666172;35;0;0;0
FR;0;2021-07-21;395815;407156;1549;4;482192;1;0;0;0;39296881;28687493;115168;190;32148364;36;0;0;0
FR;0;2021-07-22;441061;387500;1715;4;472042;2;0;0;0;39737942;29074993;116883;194;32620406;38;0;0;0
FR;0;2021-07-23;440336;422300;1883;4;510324;1;0;0;0;40178278;29497293;118766;198;33130730;39;0;0;0
FR;0;2021-07-24;285254;269360;804;1;322066;0;0;0;0;40463532;29766653;119570;199;33452796;39;0;0;0
FR;0;2021-07-25;121116;79935;234;0;100302;0;0;0;0;40584648;29846588;119804;199;33553098;39;0;0;0
FR;0;2021-07-26;347434;322408;1614;3;385017;1;0;0;0;40932082;30168996;121418;202;33938115;40;0;0;0
FR;0;2021-07-27;464078;319504;1698;4;400699;1;0;0;0;41396160;30488500;123116;206;34338814;41;0;0;0
FR;0;2021-07-28;459446;289482;1636;4;367161;1;0;0;0;41855606;30777982;124752;210;34705975;42;0;0;0
FR;0;2021-07-29;489841;276309;1796;2;357257;0;0;0;0;42345447;31054291;126548;212;35063232;42;0;0;0
FR;0;2021-07-30;461838;302488;1941;5;381041;1;0;0;0;42807285;31356779;128489;217;35444273;43;0;0;0
FR;0;2021-07-31;285405;185042;915;1;231565;0;0;0;0;43092690;31541821;129404;218;35675838;43;0;0;0
FR;0;2021-08-01;112036;49925;253;0;65718;0;0;0;0;43204726;31591746;129657;218;35741556;43;0;0;0
FR;0;2021-08-02;341632;234142;1602;2;284902;0;0;0;0;43546358;31825888;131259;220;36026458;43;0;0;0
FR;0;2021-08-03;398622;244586;1728;2;304726;1;0;0;0;43944980;32070474;132987;222;36331184;44;0;0;0
FR;0;2021-08-04;384865;209637;1593;6;265838;3;0;0;0;44329845;32280111;134580;228;36597022;47;0;0;0
FR;0;2021-08-05;366180;228457;1711;0;281900;0;0;0;0;44696025;32508568;136291;228;36878922;47;0;0;0
FR;0;2021-08-06;359737;271316;1835;4;326783;0;0;0;0;45055762;32779884;138126;232;37205705;47;0;0;0
FR;0;2021-08-07;213126;178335;756;5;210102;1;0;0;0;45268888;32958219;138882;237;37415807;48;0;0;0
FR;0;2021-08-08;74194;63190;276;0;73630;0;0;0;0;45343082;33021409;139158;237;37489437;48;0;0;0
FR;0;2021-08-09;258764;258784;1547;4;297763;2;0;0;0;45601846;33280193;140705;241;37787200;50;0;0;0
FR;0;2021-08-10;306874;277267;1663;2;323719;1;0;0;0;45908720;33557460;142368;243;38110919;51;0;0;0
FR;0;2021-08-11;279750;259669;1441;5;301800;0;0;0;0;46188470;33817129;143809;248;38412719;51;0;0;0
FR;0;2021-08-12;271554;278153;1664;3;320487;0;0;0;0;46460024;34095282;145473;251;38733206;51;0;0;0
FR;0;2021-08-13;252163;278089;1594;3;316989;2;0;0;0;46712187;34373371;147067;254;39050195;53;0;0;0
FR;0;2021-08-14;145352;197117;740;0;219087;0;0;0;0;46857539;34570488;147807;254;39269282;53;0;0;0
FR;0;2021-08-15;39392;50105;218;1;55695;0;0;0;0;46896931;34620593;148025;255;39324977;53;0;0;0
FR;0;2021-08-16;186187;317616;1542;0;345603;0;0;0;0;47083118;34938209;149567;255;39670580;53;0;0;0
FR;0;2021-08-17;215695;335966;1636;7;369074;0;0;0;0;47298813;35274175;151203;262;40039654;53;0;0;0
FR;0;2021-08-18;199058;324460;1598;7;354697;4;0;0;0;47497871;35598635;152801;269;40394351;57;0;0;0
FR;0;2021-08-19;192037;325495;1640;1;356122;0;0;0;0;47689908;35924130;154441;270;40750473;57;0;0;0
FR;0;2021-08-20;186471;366274;1820;3;396798;2;0;0;0;47876379;36290404;156261;273;41147271;59;0;0;0
FR;0;2021-08-21;104804;238118;708;0;254579;0;0;0;0;47981183;36528522;156969;273;41401850;59;0;0;0
FR;0;2021-08-22;31944;87215;256;1;92176;1;0;0;0;48013127;36615737;157225;274;41494026;60;0;0;0
FR;0;2021-08-23;140982;357054;1561;3;379717;1;0;0;0;48154109;36972791;158786;277;41873743;61;0;0;0
FR;0;2021-08-24;162503;376694;1850;5;403024;1;0;0;0;48316612;37349485;160636;282;42276767;62;0;0;0
FR;0;2021-08-25;151148;350787;2033;8;375576;2;0;0;0;48467760;37700272;162669;290;42652343;64;0;0;0
FR;0;2021-08-26;142881;342762;2561;10;367665;0;0;0;0;48610641;38043034;165230;300;43020008;64;0;0;0
FR;0;2021-08-27;148455;388279;2790;11;415093;2;0;0;0;48759096;38431313;168020;311;43435101;66;0;0;0
FR;0;2021-08-28;90668;249609;1407;0;265002;0;0;0;0;48849764;38680922;169427;311;43700103;66;0;0;0
FR;0;2021-08-29;27321;83353;518;1;88294;0;0;0;0;48877085;38764275;169945;312;43788397;66;0;0;0
FR;0;2021-08-30;117423;324633;4713;6;342443;5874;0;0;0;48994508;39088908;174658;318;44130840;5940;0;0;0
FR;0;2021-08-31;128819;334489;10188;19;353974;11798;2;0;0;49123327;39423397;184846;337;44484814;17738;2;0;0
FR;0;2021-09-01;136144;285681;22433;8;302484;24389;1;0;0;49259471;39709078;207279;345;44787298;42127;3;0;0
FR;0;2021-09-02;114657;247214;26518;20;262180;28981;0;0;0;49374128;39956292;233797;365;45049478;71108;3;0;0
FR;0;2021-09-03;118315;292663;29965;24;309380;33051;2;0;0;49492443;40248955;263762;389;45358858;104159;5;0;0
FR;0;2021-09-04;89889;217783;12585;12;230526;14144;7;0;0;49582332;40466738;276347;401;45589384;118303;12;0;0
FR;0;2021-09-05;21359;44821;4395;2;48309;4715;0;0;0;49603691;40511559;280742;403;45637693;123018;12;0;0
FR;0;2021-09-06;75688;180576;31955;16;190787;34298;2;0;0;49679379;40692135;312697;419;45828480;157316;14;0;0
FR;0;2021-09-07;80310;181213;33246;43;191152;36277;2;0;0;49759689;40873348;345943;462;46019632;193593;16;0;0
FR;0;2021-09-08;90998;206068;29666;28;216610;32547;4;0;0;49850687;41079416;375609;490;46236242;226140;20;0;0
FR;0;2021-09-09;76950;165341;33078;27;174197;36676;5;0;0;49927637;41244757;408687;517;46410439;262816;25;0;0
FR;0;2021-09-10;96040;203789;35740;28;214978;40725;7;0;0;50023677;41448546;444427;545;46625417;303541;32;0;0
FR;0;2021-09-11;67165;169314;12140;19;178213;14393;1;0;0;50090842;41617860;456567;564;46803630;317934;33;0;0
FR;0;2021-09-12;12826;32102;2780;1;34158;3182;2;0;0;50103668;41649962;459347;565;46837788;321116;35;0;0
FR;0;2021-09-13;64565;126218;41241;35;134291;44224;18;0;0;50168233;41776180;500588;600;46972079;365340;53;0;0
FR;0;2021-09-14;73493;129043;56376;80;135893;62357;37;0;0;50241726;41905223;556964;680;47107972;427697;90;0;0
FR;0;2021-09-15;76646;167785;55668;58;174745;54842;78;0;0;50318372;42073008;612632;738;47282717;482539;168;0;0
FR;0;2021-09-16;63886;114525;60096;82;117913;60157;76;0;0;50382258;42187533;672728;820;47400630;542696;244;0;0
FR;0;2021-09-17;75085;156839;53857;71;159747;57327;71;0;0;50457343;42344372;726585;891;47560377;600023;315;0;0
FR;0;2021-09-18;48234;139636;15600;25;144329;17314;21;0;0;50505577;42484008;742185;916;47704706;617337;336;0;0
FR;0;2021-09-19;7908;23668;2438;1;24894;2617;1;0;0;50513485;42507676;744623;917;47729600;619954;337;0;0
FR;0;2021-09-20;44572;93794;50084;72;96284;50341;39;0;0;50558057;42601470;794707;989;47825884;670295;376;0;0
FR;0;2021-09-21;45902;98408;62761;77;98422;63488;84;0;0;50603959;42699878;857468;1066;47924306;733783;460;0;0
FR;0;2021-09-22;48685;142390;55373;82;144848;55449;49;0;0;50652644;42842268;912841;1148;48069154;789232;509;0;0
FR;0;2021-09-23;43288;92080;62397;95;91286;63578;97;0;0;50695932;42934348;975238;1243;48160440;852810;606;0;0
FR;0;2021-09-24;52311;133308;54562;107;132423;59210;82;0;0;50748243;43067656;1029800;1350;48292863;912020;688;0;0
FR;0;2021-09-25;35219;115636;16276;36;118637;18303;23;0;0;50783462;43183292;1046076;1386;48411500;930323;711;0;0
FR;0;2021-09-26;5556;17804;2272;5;18688;2330;5;0;0;50789018;43201096;1048348;1391;48430188;932653;716;0;0
FR;0;2021-09-27;33979;76925;47201;97;78816;48182;84;0;1;50822997;43278021;1095549;1488;48509004;980835;800;0;1
FR;0;2021-09-28;36520;75243;54973;90;74345;56567;53;0;0;50859517;43353264;1150522;1578;48583349;1037402;853;0;1
FR;0;2021-09-29;44421;100743;53366;112;102902;54896;47;0;0;50903938;43454007;1203888;1690;48686251;1092298;900;0;1
FR;0;2021-09-30;36343;72969;57040;96;71479;59594;63;0;0;50940281;43526976;1260928;1786;48757730;1151892;963;0;1
FR;0;2021-10-01;61707;102871;57821;108;101451;63976;31;0;0;51001988;43629847;1318749;1894;48859181;1215868;994;0;1
FR;0;2021-10-02;39469;78437;20964;39;81737;23369;14;0;0;51041457;43708284;1339713;1933;48940918;1239237;1008;0;1
FR;0;2021-10-03;5286;10495;2533;4;11259;2540;4;0;0;51046743;43718779;1342246;1937;48952177;1241777;1012;0;1
FR;0;2021-10-04;35196;58501;52626;84;59515;54840;40;0;0;51081939;43777280;1394872;2021;49011692;1296617;1052;0;1
FR;0;2021-10-05;33926;64382;61024;135;62139;65085;53;0;0;51115865;43841662;1455896;2156;49073831;1361702;1105;0;1
FR;0;2021-10-06;42719;79292;65757;113;80192;68354;31;0;0;51158584;43920954;1521653;2269;49154023;1430056;1136;0;1
FR;0;2021-10-07;30569;62267;65433;89;59510;68850;44;0;0;51189153;43983221;1587086;2358;49213533;1498906;1180;0;1
FR;0;2021-10-08;49475;91920;77764;110;89903;84766;44;0;0;51238628;44075141;1664850;2468;49303436;1583672;1224;0;1
FR;0;2021-10-09;33677;60923;31546;35;64131;33922;17;0;0;51272305;44136064;1696396;2503;49367567;1617594;1241;0;1
FR;0;2021-10-10;4720;7433;3195;9;7944;3477;2;0;0;51277025;44143497;1699591;2512;49375511;1621071;1243;0;1
FR;0;2021-10-11;30729;49922;61045;105;50636;64109;55;0;0;51307754;44193419;1760636;2617;49426147;1685180;1298;0;1
FR;0;2021-10-12;31639;54502;70624;141;51362;76013;29;0;0;51339393;44247921;1831260;2758;49477509;1761193;1327;0;1
FR;0;2021-10-13;40158;62828;74436;137;62804;79361;33;0;1;51379551;44310749;1905696;2895;49540313;1840554;1360;0;2
FR;0;2021-10-14;30360;52884;68771;116;49718;73847;36;0;0;51409911;44363633;1974467;3011;49590031;1914401;1396;0;2
FR;0;2021-10-15;44949;75251;93243;191;70373;103015;33;0;0;51454860;44438884;2067710;3202;49660404;2017416;1429;0;2
FR;0;2021-10-16;31329;44101;36697;44;46715;39651;17;0;0;51486189;44482985;2104407;3246;49707119;2057067;1446;0;2
FR;0;2021-10-17;3891;5233;3601;2;5673;3679;4;0;0;51490080;44488218;2108008;3248;49712792;2060746;1450;0;2
FR;0;2021-10-18;29187;42372;67506;134;42587;71366;32;0;0;51519267;44530590;2175514;3382;49755379;2132112;1482;0;2
FR;0;2021-10-19;27191;45576;76415;140;43244;81655;48;0;0;51546458;44576166;2251929;3522;49798623;2213767;1530;0;2
FR;0;2021-10-20;35340;52426;96946;181;51842;101554;50;0;0;51581798;44628592;2348875;3703;49850465;2315321;1580;0;2
FR;0;2021-10-21;26162;45182;83977;112;41991;89158;35;0;0;51607960;44673774;2432852;3815;49892456;2404479;1615;0;2
FR;0;2021-10-22;38446;62504;104916;200;59389;112624;69;0;0;51646406;44736278;2537768;4015;49951845;2517103;1684;0;2
FR;0;2021-10-23;27030;41209;45461;57;42438;48630;16;0;0;51673436;44777487;2583229;4072;49994283;2565733;1700;0;2
FR;0;2021-10-24;2944;4774;3684;6;5018;3925;1;0;0;51676380;44782261;2586913;4078;49999301;2569658;1701;0;2
FR;0;2021-10-25;26098;36247;82342;144;35534;86664;41;0;0;51702478;44818508;2669255;4222;50034835;2656322;1742;0;2
FR;0;2021-10-26;23766;35029;87268;166;32205;92393;37;0;0;51726244;44853537;2756523;4388;50067040;2748715;1779;0;2
FR;0;2021-10-27;30105;46341;109013;257;44083;114722;58;0;0;51756349;44899878;2865536;4645;50111123;2863437;1837;0;2
FR;0;2021-10-28;23605;34952;88730;153;31235;94512;42;0;0;51779954;44934830;2954266;4798;50142358;2957949;1879;0;2
FR;0;2021-10-29;31579;51485;117333;206;46552;125402;58;0;0;51811533;44986315;3071599;5004;50188910;3083351;1937;0;2
FR;0;2021-10-30;20571;33225;50358;76;32931;53405;22;0;0;51832104;45019540;3121957;5080;50221841;3136756;1959;0;2
FR;0;2021-10-31;2517;3735;3593;3;3846;3879;3;0;0;51834621;45023275;3125550;5083;50225687;3140635;1962;0;2
FR;0;2021-11-01;8526;4865;3218;3;5015;3582;10;0;0;51843147;45028140;3128768;5086;50230702;3144217;1972;0;2
FR;0;2021-11-02;26373;40108;93595;156;36266;99631;46;0;1;51869520;45068248;3222363;5242;50266968;3243848;2018;0;3
FR;0;2021-11-03;30123;47935;118912;220;43609;125867;70;0;0;51899643;45116183;3341275;5462;50310577;3369715;2088;0;3
FR;0;2021-11-04;23816;37501;107586;217;31609;114467;49;0;0;51923459;45153684;3448861;5679;50342186;3484182;2137;0;3
FR;0;2021-11-05;32403;52966;141658;236;44702;151420;58;0;0;51955862;45206650;3590519;5915;50386888;3635602;2195;0;3
FR;0;2021-11-06;21546;34564;64890;123;32407;68320;29;0;0;51977408;45241214;3655409;6038;50419295;3703922;2224;0;3
FR;0;2021-11-07;2425;4174;5202;6;4012;5597;7;0;0;51979833;45245388;3660611;6044;50423307;3709519;2231;0;3
FR;0;2021-11-08;20626;37767;127216;227;30975;134338;55;0;0;52000459;45283155;3787827;6271;50454282;3843857;2286;0;3
FR;0;2021-11-09;22438;44691;161718;339;32919;172298;77;0;0;52022897;45327846;3949545;6610;50487201;4016155;2363;0;3
FR;0;2021-11-10;31611;54965;187040;446;44107;198857;101;0;0;52054508;45382811;4136585;7056;50531308;4215012;2464;0;3
FR;0;2021-11-11;4742;6760;12986;28;5912;13974;17;0;0;52059250;45389571;4149571;7084;50537220;4228986;2481;0;3
FR;0;2021-11-12;29095;55096;183805;252;41790;197433;97;0;0;52088345;45444667;4333376;7336;50579010;4426419;2578;0;3
FR;0;2021-11-13;20353;32617;80721;118;28252;86344;47;0;0;52108698;45477284;4414097;7454;50607262;4512763;2625;0;3
FR;0;2021-11-14;2363;3871;7178;6;3372;7844;9;0;0;52111061;45481155;4421275;7460;50610634;4520607;2634;0;3
FR;0;2021-11-15;20510;38633;160887;313;27868;171611;84;0;0;52131571;45519788;4582162;7773;50638502;4692218;2718;0;3
FR;0;2021-11-16;23660;43933;200446;394;27824;215120;122;0;1;52155231;45563721;4782608;8167;50666326;4907338;2840;0;4
FR;0;2021-11-17;30535;50294;199881;406;36513;212930;104;0;0;52185766;45614015;4982489;8573;50702839;5120268;2944;0;4
FR;0;2021-11-18;23449;45685;191714;468;29441;205647;101;0;0;52209215;45659700;5174203;9041;50732280;5325915;3045;0;4
FR;0;2021-11-19;33688;61341;243255;551;39991;262251;156;0;0;52242903;45721041;5417458;9592;50772271;5588166;3201;0;4
FR;0;2021-11-20;25414;36681;102176;206;29292;109735;51;0;0;52268317;45757722;5519634;9798;50801563;5697901;3252;0;4
FR;0;2021-11-21;2659;4463;9670;19;3443;10615;19;0;0;52270976;45762185;5529304;9817;50805006;5708516;3271;0;4
FR;0;2021-11-22;22817;33183;180413;471;18979;194895;89;0;0;52293793;45795368;5709717;10288;50823985;5903411;3360;0;4
FR;0;2021-11-23;25724;45528;229453;549;24199;247921;85;0;0;52319517;45840896;5939170;10837;50848184;6151332;3445;0;4
FR;0;2021-11-24;31816;53689;224872;715;34584;243319;79;0;0;52351333;45894585;6164042;11552;50882768;6394651;3524;0;4
FR;0;2021-11-25;25649;49194;255982;739;25140;277852;112;0;0;52376982;45943779;6420024;12291;50907908;6672503;3636;0;4
FR;0;2021-11-26;33260;74775;379533;867;37546;414729;170;0;0;52410242;46018554;6799557;13158;50945454;7087232;3806;0;4
FR;0;2021-11-27;23507;49651;214948;390;28558;236736;138;0;0;52433749;46068205;7014505;13548;50974012;7323968;3944;0;4
FR;0;2021-11-28;3514;10496;56772;66;4089;63329;42;0;0;52437263;46078701;7071277;13614;50978101;7387297;3986;0;4
FR;0;2021-11-29;19420;54132;341524;864;23216;371805;177;0;0;52456683;46132833;7412801;14478;51001317;7759102;4163;0;4
FR;0;2021-11-30;24779;71927;457439;988;26989;500845;284;0;0;52481462;46204760;7870240;15466;51028306;8259947;4447;0;4
FR;0;2021-12-01;27375;75690;469161;1162;31559;511393;304;0;0;52508837;46280450;8339401;16628;51059865;8771340;4751;0;4
FR;0;2021-12-02;22103;71724;527179;1280;21245;574980;306;0;0;52530940;46352174;8866580;17908;51081110;9346320;5057;0;4
FR;0;2021-12-03;25561;93004;596460;1420;34585;651227;340;0;0;52556501;46445178;9463040;19328;51115695;9997547;5397;0;4
FR;0;2021-12-04;18321;60462;336265;692;25816;369844;203;0;0;52574822;46505640;9799305;20020;51141511;10367391;5600;0;4
FR;0;2021-12-05;4155;16158;95801;157;4898;107058;91;0;0;52578977;46521798;9895106;20177;51146409;10474449;5691;0;4
FR;0;2021-12-06;28427;72882;493203;1175;25445;540018;382;0;0;52607404;46594680;10388309;21352;51171854;11014467;6073;0;4
FR;0;2021-12-07;23540;91386;645468;1773;28746;706433;413;0;0;52630944;46686066;11033777;23125;51200600;11720900;6486;0;4
FR;0;2021-12-08;25502;92127;591678;1874;35142;647576;440;0;0;52656446;46778193;11625455;24999;51235742;12368476;6926;0;4
FR;0;2021-12-09;24063;94194;663192;2181;29209;726576;458;0;0;52680509;46872387;12288647;27180;51264951;13095052;7384;0;4
FR;0;2021-12-10;28058;111056;736126;2075;38168;806289;466;0;1;52708567;46983443;13024773;29255;51303119;13901341;7850;0;5
FR;0;2021-12-11;20251;76164;435218;990;30081;480427;349;0;0;52728818;47059607;13459991;30245;51333200;14381768;8199;0;5
FR;0;2021-12-12;5660;23185;142330;262;6444;159224;107;0;0;52734478;47082792;13602321;30507;51339644;14540992;8306;0;5
FR;0;2021-12-13;21356;90925;587732;1699;29874;649347;394;0;0;52755834;47173717;14190053;32206;51369518;15190339;8700;0;5
FR;0;2021-12-14;27981;118442;765679;2654;35656;847636;694;0;1;52783815;47292159;14955732;34860;51405174;16037975;9394;0;6
FR;0;2021-12-15;28441;114397;694408;2266;39740;769194;503;0;1;52812256;47406556;15650140;37126;51444914;16807169;9897;0;7
FR;0;2021-12-16;28036;115845;764114;2557;35342;844539;513;0;0;52840292;47522401;16414254;39683;51480256;17651708;10410;0;7
FR;0;2021-12-17;31649;128497;807937;2712;43594;892094;607;0;0;52871941;47650898;17222191;42395;51523850;18543802;11017;0;7
FR;0;2021-12-18;24937;81642;470009;1178;30167;522256;350;0;0;52896878;47732540;17692200;43573;51554017;19066058;11367;0;7
FR;0;2021-12-19;8759;28640;169416;376;7893;191081;141;0;0;52905637;47761180;17861616;43949;51561910;19257139;11508;0;7
FR;0;2021-12-20;31755;97343;591547;1787;34094;658797;495;0;0;52937392;47858523;18453163;45736;51596004;19915936;12003;0;7
FR;0;2021-12-21;39459;112139;682475;2392;39024;759632;599;0;0;52976851;47970662;19135638;48128;51635028;20675568;12602;0;7
FR;0;2021-12-22;39555;99378;575817;2169;37302;642172;687;0;2;53016406;48070040;19711455;50297;51672330;21317740;13289;0;9
FR;0;2021-12-23;33782;79564;441044;1657;30292;494422;590;0;0;53050188;48149604;20152499;51954;51702622;21812162;13879;0;9
FR;0;2021-12-24;10695;26103;111039;398;11698;126679;236;0;1;53060883;48175707;20263538;52352;51714320;21938841;14115;0;10
FR;0;2021-12-25;776;3595;7596;25;2059;9030;72;0;0;53061659;48179302;20271134;52377;51716379;21947871;14187;0;10
FR;0;2021-12-26;4697;11891;52102;142;4750;60145;169;0;0;53066356;48191193;20323236;52519;51721129;22008016;14356;0;10
FR;0;2021-12-27;30508;84040;453585;1364;33160;509213;665;0;0;53096864;48275233;20776821;53883;51754289;22517229;15021;0;10
FR;0;2021-12-28;38369;98987;564192;1769;35272;632291;1556;0;2;53135233;48374220;21341013;55652;51789561;23149520;16577;0;12
FR;0;2021-12-29;39878;88345;501232;1687;33247;561032;1742;0;1;53175111;48462565;21842245;57339;51822808;23710552;18319;0;13
FR;0;2021-12-30;35924;75198;421050;1521;29627;471160;1882;0;0;53211035;48537763;22263295;58860;51852435;24181712;20201;0;13
FR;0;2021-12-31;12048;25130;116886;405;11310;131678;741;0;0;53223083;48562893;22380181;59265;51863745;24313390;20942;0;13
FR;0;2022-01-01;1577;3218;8523;37;1798;9941;102;0;0;53224660;48566111;22388704;59302;51865543;24323331;21044;0;13
FR;0;2022-01-02;6116;13018;58427;125;5111;66960;408;0;0;53230776;48579129;22447131;59427;51870654;24390291;21452;0;13
FR;0;2022-01-03;37881;90266;494848;1596;36982;551738;2646;0;1;53268657;48669395;22941979;61023;51907636;24942029;24098;0;14
FR;0;2022-01-04;42061;111114;641413;2306;40788;714395;3841;0;3;53310718;48780509;23583392;63329;51948424;25656424;27939;0;17
FR;0;2022-01-05;61151;103709;569205;1984;43900;634243;3431;0;2;53371869;48884218;24152597;65313;51992324;26290667;31370;0;19
FR;0;2022-01-06;44291;110382;638991;2697;40310;711480;4555;0;2;53416160;48994600;24791588;68010;52032634;27002147;35925;0;21
FR;0;2022-01-07;50827;123433;711012;2810;46948;790527;4998;0;2;53466987;49118033;25502600;70820;52079582;27792674;40923;0;23
FR;0;2022-01-08;45009;80322;423817;1213;35089;472887;2445;0;3;53511996;49198355;25926417;72033;52114671;28265561;43368;0;26
FR;0;2022-01-09;15612;26652;128567;300;11515;145670;829;0;0;53527608;49225007;26054984;72333;52126186;28411231;44197;0;26
FR;0;2022-01-10;35392;93394;469344;1813;43127;522752;3719;0;1;53563000;49318401;26524328;74146;52169313;28933983;47916;0;27
FR;0;2022-01-11;41933;100551;548268;2306;42502;608537;5214;0;2;53604933;49418952;27072596;76452;52211815;29542520;53130;0;29
FR;0;2022-01-12;60405;95795;452702;1968;49580;504363;4497;0;8;53665338;49514747;27525298;78420;52261395;30046883;57627;0;37
FR;0;2022-01-13;38259;92599;487362;2085;40635;541044;5469;0;8;53703597;49607346;28012660;80505;52302030;30587927;63096;0;45
FR;0;2022-01-14;42578;103428;568623;2286;43614;629032;6465;0;2;53746175;49710774;28581283;82791;52345644;31216959;69561;0;47
FR;0;2022-01-15;39420;65935;340142;985;31481;377569;3292;0;1;53785595;49776709;28921425;83776;52377125;31594528;72853;0;48
FR;0;2022-01-16;11411;19248;87432;216;9041;99416;763;0;0;53797006;49795957;29008857;83992;52386166;31693944;73616;0;48
FR;0;2022-01-17;24739;60103;320288;1382;28131;354152;3960;0;4;53821745;49856060;29329145;85374;52414297;32048096;77576;0;52
FR;0;2022-01-18;28325;68756;361098;1801;32063;397569;5773;0;1;53850070;49924816;29690243;87175;52446360;32445665;83349;0;53
FR;0;2022-01-19;43220;67108;281304;1450;40446;311079;4386;0;5;53893290;49991924;29971547;88625;52486806;32756744;87735;0;58
FR;0;2022-01-20;23664;59665;299023;1741;29597;328514;5631;0;4;53916954;50051589;30270570;90366;52516403;33085258;93366;0;62
FR;0;2022-01-21;28204;68864;366381;2086;33149;401202;6582;0;3;53945158;50120453;30636951;92452;52549552;33486460;99948;0;65
FR;0;2022-01-22;27624;48010;218794;839;27338;241775;2839;0;2;53972782;50168463;30855745;93291;52576890;33728235;102787;0;67
FR;0;2022-01-23;6738;12986;48680;173;7509;55170;591;0;1;53979520;50181449;30904425;93464;52584399;33783405;103378;0;68
FR;0;2022-01-24;16271;47500;217324;1141;25436;239345;4099;0;3;53995791;50228949;31121749;94605;52609835;34022750;107477;0;71
FR;0;2022-01-25;19028;54389;243064;1547;28846;267094;6063;0;5;54014819;50283338;31364813;96152;52638681;34289844;113540;0;76
FR;0;2022-01-26;28147;60539;209290;1298;41368;229500;4479;0;3;54042966;50343877;31574103;97450;52680049;34519344;118019;0;79
FR;0;2022-01-27;16334;46437;207648;1277;26147;225989;5690;0;4;54059300;50390314;31781751;98727;52706196;34745333;123709;0;83
FR;0;2022-01-28;21585;78757;290062;1572;45020;321381;7413;0;4;54080885;50469071;32071813;100299;52751216;35066714;131122;0;87
FR;0;2022-01-29;18419;52885;184131;689;32767;204582;3254;0;2;54099304;50521956;32255944;100988;52783983;35271296;134376;0;89
FR;0;2022-01-30;4475;14493;39142;124;9141;45067;638;0;1;54103779;50536449;32295086;101112;52793124;35316363;135014;0;90
FR;0;2022-01-31;11257;43959;148206;742;26165;164757;4234;0;5;54115036;50580408;32443292;101854;52819289;35481120;139248;0;95
FR;0;2022-02-01;13632;48354;174124;1144;27359;191379;7064;0;1;54128668;50628762;32617416;102998;52846648;35672499;146312;0;96
FR;0;2022-02-02;20627;66363;171538;1034;46190;190108;5979;0;10;54149295;50695125;32788954;104032;52892838;35862607;152291;0;106
FR;0;2022-02-03;11500;44811;157564;989;25340;173317;6952;0;6;54160795;50739936;32946518;105021;52918178;36035924;159243;0;112
FR;0;2022-02-04;14625;66737;239254;1266;36332;264135;9174;0;6;54175420;50806673;33185772;106287;52954510;36300059;168417;0;118
FR;0;2022-02-05;12897;51475;153555;523;31991;172322;3805;0;3;54188317;50858148;33339327;106810;52986501;36472381;172222;0;121
FR;0;2022-02-06;2725;12178;28893;101;7290;33832;662;0;0;54191042;50870326;33368220;106911;52993791;36506213;172884;0;121
FR;0;2022-02-07;9583;46679;156887;593;24544;176313;5294;0;6;54200625;50917005;33525107;107504;53018335;36682526;178178;0;127
FR;0;2022-02-08;9801;43091;166640;867;20956;184433;7053;0;6;54210426;50960096;33691747;108371;53039291;36866959;185231;0;133
FR;0;2022-02-09;14373;58246;172346;873;35345;193053;5785;0;9;54224799;51018342;33864093;109244;53074636;37060012;191016;0;142
FR;0;2022-02-10;8718;39169;150235;878;18645;166711;6501;0;2;54233517;51057511;34014328;110122;53093281;37226723;197517;0;144
FR;0;2022-02-11;10857;55676;218505;1101;25821;243099;8322;0;3;54244374;51113187;34232833;111223;53119102;37469822;205839;0;147
FR;0;2022-02-12;8404;40956;134724;465;22626;151752;3507;0;4;54252778;51154143;34367557;111688;53141728;37621574;209346;0;151
FR;0;2022-02-13;1930;8601;26564;86;4409;30924;544;0;3;54254708;51162744;34394121;111774;53146137;37652498;209890;0;154
FR;0;2022-02-14;6989;35248;148378;485;14659;166373;4787;0;5;54261697;51197992;34542499;112259;53160796;37818871;214677;0;159
FR;0;2022-02-15;7064;36221;146983;752;15991;162568;6850;0;3;54268761;51234213;34689482;113011;53176787;37981439;221527;0;162
FR;0;2022-02-16;9409;42976;132537;720;25961;146756;5725;0;6;54278170;51277189;34822019;113731;53202748;38128195;227252;0;168
FR;0;2022-02-17;5578;24329;87304;585;13134;94879;5404;0;5;54283748;51301518;34909323;114316;53215882;38223074;232656;0;173
FR;0;2022-02-18;6993;33578;119665;806;18749;129329;7415;0;2;54290741;51335096;35028988;115122;53234631;38352403;240071;0;175
FR;0;2022-02-19;5368;24553;70028;370;15903;77338;3019;0;2;54296109;51359649;35099016;115492;53250534;38429741;243090;0;177
FR;0;2022-02-20;1147;4656;12173;39;2913;13952;460;0;1;54297256;51364305;35111189;115531;53253447;38443693;243550;0;178
FR;0;2022-02-21;4092;17885;61956;351;10163;67184;4059;0;2;54301348;51382190;35173145;115882;53263610;38510877;247609;0;180
FR;0;2022-02-22;4458;18656;60834;577;11257;64475;5254;0;1;54305806;51400846;35233979;116459;53274867;38575352;252863;0;181
FR;0;2022-02-23;6590;27356;66496;591;19624;71892;4595;0;3;54312396;51428202;35300475;117050;53294491;38647244;257458;0;184
FR;0;2022-02-24;3849;15524;50424;519;9484;53244;4533;0;2;54316245;51443726;35350899;117569;53303975;38700488;261991;0;186
FR;0;2022-02-25;5280;24067;76360;803;15042;80093;7334;0;7;54321525;51467793;35427259;118372;53319017;38780581;269325;0;193
FR;0;2022-02-26;3990;17767;47416;359;12169;51483;3083;0;3;54325515;51485560;35474675;118731;53331186;38832064;272408;0;196
FR;0;2022-02-27;880;3008;8035;47;1977;8946;529;0;0;54326395;51488568;35482710;118778;53333163;38841010;272937;0;196
FR;0;2022-02-28;3123;12548;40485;359;7584;42919;3857;0;0;54329518;51501116;35523195;119137;53340747;38883929;276794;0;196
FR;0;2022-03-01;3998;12604;44195;437;7630;44867;5517;0;6;54333516;51513720;35567390;119574;53348377;38928796;282311;0;202
FR;0;2022-03-02;5324;17793;47138;445;12850;49070;4927;0;2;54338840;51531513;35614528;120019;53361227;38977866;287238;0;204
FR;0;2022-03-03;2817;9346;29893;368;6243;30016;4047;0;2;54341657;51540859;35644421;120387;53367470;39007882;291285;0;206
FR;0;2022-03-04;3223;12439;40307;667;8438;39457;6230;0;4;54344880;51553298;35684728;121054;53375908;39047339;297515;0;210
FR;0;2022-03-05;3071;9281;24955;314;7125;25118;3133;0;1;54347951;51562579;35709683;121368;53383033;39072457;300648;0;211
FR;0;2022-03-06;520;1399;3198;43;1022;3441;379;0;0;54348471;51563978;35712881;121411;53384055;39075898;301027;0;211
FR;0;2022-03-07;2331;5626;18431;315;3845;17699;3307;0;4;54350802;51569604;35731312;121726;53387900;39093597;304334;0;215
FR;0;2022-03-08;2138;6075;19447;363;4329;17918;4094;0;3;54352940;51575679;35750759;122089;53392229;39111515;308428;0;218
FR;0;2022-03-09;3578;10498;22183;407;8724;21281;4036;0;4;54356518;51586177;35772942;122496;53400953;39132796;312464;0;222
FR;0;2022-03-10;1822;5822;16994;344;4367;15822;3406;0;3;54358340;51591999;35789936;122840;53405320;39148618;315870;0;225
FR;0;2022-03-11;2414;7556;24500;542;5434;22268;5476;0;2;54360754;51599555;35814436;123382;53410754;39170886;321346;0;227
FR;0;2022-03-12;2681;6775;17161;308;5495;16516;3134;0;2;54363435;51606330;35831597;123690;53416249;39187402;324480;0;229
FR;0;2022-03-13;402;791;2324;149;599;2273;537;0;0;54363837;51607121;35833921;123839;53416848;39189675;325017;0;229
FR;0;2022-03-14;1546;4273;14981;4409;2808;13836;7291;0;8;54365383;51611394;35848902;128248;53419656;39203511;332308;0;237
FR;0;2022-03-15;1740;6296;16377;7552;4812;14608;11029;0;9;54367123;51617690;35865279;135800;53424468;39218119;343337;0;246
FR;0;2022-03-16;3034;7403;19425;13137;6206;18102;16294;0;8;54370157;51625093;35884704;148937;53430674;39236221;359631;0;254
FR;0;2022-03-17;1453;3985;13144;10847;2803;11987;13312;0;8;54371610;51629078;35897848;159784;53433477;39248208;372943;0;262
FR;0;2022-03-18;2270;5755;20004;18302;4097;18100;22034;0;15;54373880;51634833;35917852;178086;53437574;39266308;394977;0;277
FR;0;2022-03-19;2293;4803;13115;9401;4138;12417;11405;0;6;54376173;51639636;35930967;187487;53441712;39278725;406382;0;283
FR;0;2022-03-20;300;734;1918;1073;527;1929;1340;0;2;54376473;51640370;35932885;188560;53442239;39280654;407722;0;285
FR;0;2022-03-21;1392;3217;12719;14950;2153;11942;16910;0;11;54377865;51643587;35945604;203510;53444392;39292596;424632;0;296
FR;0;2022-03-22;1512;3735;13797;20550;2575;12552;22841;0;5;54379377;51647322;35959401;224060;53446967;39305148;447473;0;301
FR;0;2022-03-23;2683;6286;17723;23152;5217;17239;25265;0;40;54382060;51653608;35977124;247212;53452184;39322387;472738;0;341
FR;0;2022-03-24;1405;3156;11592;17610;2247;10678;19384;0;23;54383465;51656764;35988716;264822;53454431;39333065;492122;0;364
FR;0;2022-03-25;2082;5153;18569;27759;3680;16907;30793;0;31;54385547;51661917;36007285;292581;53458111;39349972;522915;0;395
FR;0;2022-03-26;2230;4412;12078;12678;3859;11518;14400;0;26;54387777;51666329;36019363;305259;53461970;39361490;537315;0;421
FR;0;2022-03-27;360;693;1908;1481;514;1942;1738;0;1;54388137;51667022;36021271;306740;53462484;39363432;539053;0;422
FR;0;2022-03-28;1464;3072;11125;17489;2109;10616;19066;0;16;54389601;51670094;36032396;324229;53464593;39374048;558119;0;438
FR;0;2022-03-29;1454;3269;12905;27576;2084;12051;29273;0;34;54391055;51673363;36045301;351805;53466677;39386099;587392;0;472
FR;0;2022-03-30;2852;5501;15683;27412;4686;15075;29328;0;21;54393907;51678864;36060984;379217;53471363;39401174;616720;0;493
FR;0;2022-03-31;1611;3563;12981;25005;2545;12314;26621;0;43;54395518;51682427;36073965;404222;53473908;39413488;643341;0;536
FR;0;2022-04-01;2677;4582;20072;30891;2964;18713;33485;0;60;54398195;51687009;36094037;435113;53476872;39432201;676826;0;596
FR;0;2022-04-02;1530;2640;9047;10121;2006;8707;11292;0;29;54399725;51689649;36103084;445234;53478878;39440908;688118;0;625
FR;0;2022-04-03;290;513;1561;1170;358;1578;1381;0;2;54400015;51690162;36104645;446404;53479236;39442486;689499;0;627
FR;0;2022-04-04;2507;2882;12369;19120;1895;11575;20595;0;35;54402522;51693044;36117014;465524;53481131;39454061;710094;0;662
FR;0;2022-04-05;2374;3156;14338;34102;2036;13188;35722;0;84;54404896;51696200;36131352;499626;53483167;39467249;745816;0;746
FR;0;2022-04-06;2513;3940;13537;26485;3007;12805;27959;0;72;54407409;51700140;36144889;526111;53486174;39480054;773775;0;818
FR;0;2022-04-07;1699;3127;13673;33768;1978;12883;35126;0;76;54409108;51703267;36158562;559879;53488152;39492937;808901;0;894
FR;0;2022-04-08;2090;4251;19220;43968;2584;17827;46335;0;89;54411198;51707518;36177782;603847;53490736;39510764;855236;0;983
FR;0;2022-04-09;1366;2677;9312;13563;1899;8864;14797;0;30;54412564;51710195;36187094;617410;53492635;39519628;870033;0;1013
FR;0;2022-04-10;293;727;1982;2015;524;2002;2278;0;7;54412857;51710922;36189076;619425;53493159;39521630;872311;0;1020
FR;0;2022-04-11;1312;2608;11865;23894;1624;11473;25166;0;74;54414169;51713530;36200941;643319;53494783;39533103;897477;0;1094
FR;0;2022-04-12;1702;3031;14012;40896;1917;13383;41784;0;127;54415871;51716561;36214953;684215;53496700;39546486;939261;0;1221
FR;0;2022-04-13;1967;3695;13406;33097;2693;13027;34065;0;96;54417838;51720256;36228359;717312;53499393;39559513;973326;0;1317
FR;0;2022-04-14;1489;2933;13210;36310;1867;13061;36980;0;106;54419327;51723189;36241569;753622;53501260;39572574;1010306;0;1423
FR;0;2022-04-15;1862;3693;15628;35562;2443;14903;37211;0;115;54421189;51726882;36257197;789184;53503703;39587477;1047517;0;1538
FR;0;2022-04-16;1041;1827;6398;8537;1257;6254;9426;0;40;54422230;51728709;36263595;797721;53504960;39593731;1056943;0;1578
FR;0;2022-04-17;193;337;992;1173;221;1035;1241;0;7;54422423;51729046;36264587;798894;53505181;39594766;1058184;0;1585
FR;0;2022-04-18;196;528;2765;1070;329;2784;1284;0;5;54422619;51729574;36267352;799964;53505510;39597550;1059468;0;1590
FR;0;2022-04-19;1533;3010;12915;29663;1854;12474;30710;0;78;54424152;51732584;36280267;829627;53507364;39610024;1090178;0;1668
FR;0;2022-04-20;1993;3457;13302;29040;2570;12979;30066;0;95;54426145;51736041;36293569;858667;53509934;39623003;1120244;0;1763
FR;0;2022-04-21;1512;2850;12545;35188;1822;12618;35780;0;118;54427657;51738891;36306114;893855;53511756;39635621;1156024;0;1881
FR;0;2022-04-22;1863;3611;16473;37601;2385;15833;39139;0;131;54429520;51742502;36322587;931456;53514141;39651454;1195163;0;2012
FR;0;2022-04-23;1144;2062;7384;10656;1470;7235;11441;0;38;54430664;51744564;36329971;942112;53515611;39658689;1206604;0;2050
FR;0;2022-04-24;250;461;1475;1588;320;1413;1844;0;7;54430914;51745025;36331446;943700;53515931;39660102;1208448;0;2057
FR;0;2022-04-25;1302;2532;10679;21015;1611;10486;22037;0;79;54432216;51747557;36342125;964715;53517542;39670588;1230485;0;2136
FR;0;2022-04-26;1622;3002;13662;38584;1961;13107;39379;0;181;54433838;51750559;36355787;1003299;53519503;39683695;1269864;0;2317
FR;0;2022-04-27;1962;3059;11535;30992;2269;11591;31413;0;130;54435800;51753618;36367322;1034291;53521772;39695286;1301277;0;2447
FR;0;2022-04-28;1566;2763;12525;36202;1845;12267;36518;0;139;54437366;51756381;36379847;1070493;53523617;39707553;1337795;0;2586
FR;0;2022-04-29;2006;4803;15547;37240;3611;14922;38708;0;164;54439372;51761184;36395394;1107733;53527228;39722475;1376503;0;2750
FR;0;2022-04-30;1214;2312;6925;9712;1809;6752;10603;0;44;54440586;51763496;36402319;1117445;53529037;39729227;1387106;0;2794
FR;0;2022-05-01;218;323;914;997;228;908;1138;0;6;54440804;51763819;36403233;1118442;53529265;39730135;1388244;0;2800
FR;0;2022-05-02;1966;2937;11149;18157;2033;10982;19002;0;69;54442770;51766756;36414382;1136599;53531298;39741117;1407246;0;2869
FR;0;2022-05-03;1950;3257;13716;34670;2120;13557;35592;0;163;54444720;51770013;36428098;1171269;53533418;39754674;1442838;0;3032
FR;0;2022-05-04;1907;3289;12180;25623;2290;12296;26173;0;110;54446627;51773302;36440278;1196892;53535708;39766970;1469011;0;3142
FR;0;2022-05-05;1764;2940;13043;33566;1918;12891;34234;0;178;54448391;51776242;36453321;1230458;53537626;39779861;1503245;0;3320
FR;0;2022-05-06;2209;3653;15345;36780;2313;14853;38243;0;182;54450600;51779895;36468666;1267238;53539939;39794714;1541488;0;3502
FR;0;2022-05-07;1204;1779;6461;9610;1253;6452;10335;0;48;54451804;51781674;36475127;1276848;53541192;39801166;1551823;0;3550
FR;0;2022-05-08;267;399;1172;1546;288;1233;1652;0;8;54452071;51782073;36476299;1278394;53541480;39802399;1553475;0;3558
FR;0;2022-05-09;1364;2298;9924;20254;1406;9794;21171;0;102;54453435;51784371;36486223;1298648;53542886;39812193;1574646;0;3660
FR;0;2022-05-10;1769;3317;13570;38971;2179;13125;39999;0;200;54455204;51787688;36499793;1337619;53545065;39825318;1614645;0;3860
FR;0;2022-05-11;1992;3007;10745;27910;2311;10690;28416;0;149;54457196;51790695;36510538;1365529;53547376;39836008;1643061;0;4009
FR;0;2022-05-12;1585;2709;11371;35685;1778;11041;36448;0;211;54458781;51793404;36521909;1401214;53549154;39847049;1679509;0;4220
FR;0;2022-05-13;1973;3213;13751;37867;2054;13338;39132;0;162;54460754;51796617;36535660;1439081;53551208;39860387;1718641;0;4382
FR;0;2022-05-14;1148;1636;5937;10774;1195;5800;11362;0;57;54461902;51798253;36541597;1449855;53552403;39866187;1730003;0;4439
FR;0;2022-05-15;280;473;1278;1438;297;1361;1591;0;6;54462182;51798726;36542875;1451293;53552700;39867548;1731594;0;4445
FR;0;2022-05-16;1193;2034;8683;21036;1237;8679;21573;0;128;54463375;51800760;36551558;1472329;53553937;39876227;1753167;0;4573
FR;0;2022-05-17;1586;2594;11818;37868;1660;11397;38706;0;180;54464961;51803354;36563376;1510197;53555597;39887624;1791873;0;4753
FR;0;2022-05-18;1810;2645;9685;27152;1948;9659;27769;0;109;54466771;51805999;36573061;1537349;53557545;39897283;1819642;0;4862
FR;0;2022-05-19;1441;2648;10572;35830;1622;10713;36018;0;162;54468212;51808647;36583633;1573179;53559167;39907996;1855660;0;5024
FR;0;2022-05-20;1873;3111;13418;39354;2071;12908;40372;0;168;54470085;51811758;36597051;1612533;53561238;39920904;1896032;0;5192
FR;0;2022-05-21;1158;1704;5660;9897;1298;5532;10533;0;45;54471243;51813462;36602711;1622430;53562536;39926436;1906565;0;5237
FR;0;2022-05-22;238;341;1026;1437;262;1014;1580;0;10;54471481;51813803;36603737;1623867;53562798;39927450;1908145;0;5247
FR;0;2022-05-23;1172;2117;8876;20343;1399;8826;20997;0;86;54472653;51815920;36612613;1644210;53564197;39936276;1929142;0;5333
FR;0;2022-05-24;1537;2755;11358;38867;1728;11228;39498;0;190;54474190;51818675;36623971;1683077;53565925;39947504;1968640;0;5523
FR;0;2022-05-25;1812;2829;9341;24824;2070;9474;25302;0;116;54476002;51821504;36633312;1707901;53567995;39956978;1993942;0;5639
FR;0;2022-05-26;208;419;1661;1198;283;1672;1337;0;29;54476210;51821923;36634973;1709099;53568278;39958650;1995279;0;5668
FR;0;2022-05-27;1382;2465;9258;21286;1657;9000;22318;0;94;54477592;51824388;36644231;1730385;53569935;39967650;2017597;0;5762
FR;0;2022-05-28;668;1263;3915;6790;842;3965;7200;0;38;54478260;51825651;36648146;1737175;53570777;39971615;2024797;0;5800
FR;0;2022-05-29;157;315;751;918;200;772;1030;0;4;54478417;51825966;36648897;1738093;53570977;39972387;2025827;0;5804
FR;0;2022-05-30;1024;1951;6993;19294;1233;7010;19806;0;91;54479441;51827917;36655890;1757387;53572210;39979397;2045633;0;5895
FR;0;2022-05-31;1489;2497;9816;35653;1628;9637;36284;0;171;54480930;51830414;36665706;1793040;53573838;39989034;2081917;0;6066
FR;0;2022-06-01;1725;3090;11017;24524;2235;10883;25477;0;121;54482655;51833504;36676723;1817564;53576073;39999917;2107394;0;6187
FR;0;2022-06-02;1472;2607;11303;35543;1708;10857;36491;0;173;54484127;51836111;36688026;1853107;53577781;40010774;2143885;0;6360
FR;0;2022-06-03;1724;3064;13385;38711;2034;12748;39982;0;176;54485851;51839175;36701411;1891818;53579815;40023522;2183867;0;6536
FR;0;2022-06-04;970;1515;5042;9110;1075;5113;9646;0;73;54486821;51840690;36706453;1900928;53580890;40028635;2193513;0;6609
FR;0;2022-06-05;176;333;875;1106;205;884;1228;0;4;54486997;51841023;36707328;1902034;53581095;40029519;2194741;0;6613
FR;0;2022-06-06;474;1175;2116;1271;1002;2129;1452;0;12;54487471;51842198;36709444;1903305;53582097;40031648;2196193;0;6625
FR;0;2022-06-07;1389;2693;9849;35580;1771;9428;36806;0;153;54488860;51844891;36719293;1938885;53583868;40041076;2232999;0;6778
FR;0;2022-06-08;1557;2695;9163;28717;1943;9004;29684;0;112;54490417;51847586;36728456;1967602;53585811;40050080;2262683;0;6890
FR;0;2022-06-09;1287;2434;10614;39481;1548;10259;40256;0;167;54491704;51850020;36739070;2007083;53587359;40060339;2302939;0;7057
FR;0;2022-06-10;1625;2979;13074;44792;1947;12620;46131;0;224;54493329;51852999;36752144;2051875;53589306;40072959;2349070;0;7281
FR;0;2022-06-11;957;1735;5434;11621;1119;5466;12207;0;54;54494286;51854734;36757578;2063496;53590425;40078425;2361277;0;7335
FR;0;2022-06-12;197;441;1072;1761;252;1133;1863;0;11;54494483;51855175;36758650;2065257;53590677;40079558;2363140;0;7346
FR;0;2022-06-13;1085;2054;7429;23179;1328;7260;24092;0;90;54495568;51857229;36766079;2088436;53592005;40086818;2387232;0;7436
FR;0;2022-06-14;1314;2515;10447;44933;1564;9803;46130;0;199;54496882;51859744;36776526;2133369;53593569;40096621;2433362;0;7635
FR;0;2022-06-15;1508;2444;9318;30878;1914;8948;31573;0;178;54498390;51862188;36785844;2164247;53595483;40105569;2464935;0;7813
FR;0;2022-06-16;1179;2030;9907;39914;1262;9318;40934;0;201;54499569;51864218;36795751;2204161;53596745;40114887;2505869;0;8014
FR;0;2022-06-17;1485;2840;12470;46623;1763;11894;47847;0;239;54501054;51867058;36808221;2250784;53598508;40126781;2553716;0;8253
FR;0;2022-06-18;852;1521;4563;11124;1031;4497;11718;0;67;54501906;51868579;36812784;2261908;53599539;40131278;2565434;0;8320
FR;0;2022-06-19;183;363;1058;1615;208;1130;1701;0;14;54502089;51868942;36813842;2263523;53599747;40132408;2567135;0;8334
FR;0;2022-06-20;1021;1917;8905;26067;1188;8565;27011;0;153;54503110;51870859;36822747;2289590;53600935;40140973;2594146;0;8487
FR;0;2022-06-21;1324;2396;10301;49883;1530;9329;51271;0;264;54504434;51873255;36833048;2339473;53602465;40150302;2645417;0;8751
FR;0;2022-06-22;1386;2497;8909;39037;1786;8415;39982;0;256;54505820;51875752;36841957;2378510;53604251;40158717;2685399;0;9007
FR;0;2022-06-23;1225;2356;10674;55078;1351;9882;56208;0;320;54507045;51878108;36852631;2433588;53605602;40168599;2741607;0;9327
FR;0;2022-06-24;1486;2982;13642;69157;1738;12301;70978;0;405;54508531;51881090;36866273;2502745;53607340;40180900;2812585;0;9732
FR;0;2022-06-25;936;1777;6228;19914;1107;5982;20767;0;176;54509467;51882867;36872501;2522659;53608447;40186882;2833352;0;9908
FR;0;2022-06-26;229;460;1953;3688;260;1817;3967;0;39;54509696;51883327;36874454;2526347;53608707;40188699;2837319;0;9947
FR;0;2022-06-27;1127;2015;10492;48475;1171;9633;49743;0;339;54510823;51885342;36884946;2574822;53609878;40198332;2887062;0;10286
FR;0;2022-06-28;1453;2808;14661;91347;1576;13081;93115;0;623;54512276;51888150;36899607;2666169;53611454;40211413;2980177;0;10909
FR;0;2022-06-29;1708;2824;12291;71869;1839;11238;73012;0;548;54513984;51890974;36911898;2738038;53613293;40222651;3053189;0;11457
FR;0;2022-06-30;1524;2699;14387;95149;1619;12466;97164;0;724;54515508;51893673;36926285;2833187;53614912;40235117;3150353;0;12181
FR;0;2022-07-01;1989;3791;21488;115920;2298;18841;118564;0;952;54517497;51897464;36947773;2949107;53617210;40253958;3268917;0;13133
FR;0;2022-07-02;1082;1854;8523;35749;1098;7701;36869;0;341;54518579;51899318;36956296;2984856;53618308;40261659;3305786;0;13474
FR;0;2022-07-03;290;538;2091;6452;316;1893;6802;0;78;54518869;51899856;36958387;2991308;53618624;40263552;3312588;0;13552
FR;0;2022-07-04;1650;3222;14694;79206;2081;12967;81282;0;639;54520519;51903078;36973081;3070514;53620705;40276519;3393870;0;14191
FR;0;2022-07-05;1709;3117;18826;133230;1748;16003;135522;0;1144;54522228;51906195;36991907;3203744;53622453;40292522;3529392;0;15335
FR;0;2022-07-06;1817;2765;15848;99557;1823;13635;101125;0;900;54524045;51908960;37007755;3303301;53624276;40306157;3630517;0;16235
FR;0;2022-07-07;1707;2863;17994;126013;1699;14770;128343;0;1180;54525752;51911823;37025749;3429314;53625975;40320927;3758860;0;17415
FR;0;2022-07-08;1886;3142;20748;137068;1840;16758;140065;0;1346;54527638;51914965;37046497;3566382;53627815;40337685;3898925;0;18761
FR;0;2022-07-09;865;1454;7738;37920;869;6684;38763;0;426;54528503;51916419;37054235;3604302;53628684;40344369;3937688;0;19187
FR;0;2022-07-10;262;525;2344;7002;278;2124;7392;0;94;54528765;51916944;37056579;3611304;53628962;40346493;3945080;0;19281
FR;0;2022-07-11;1425;2453;15013;88260;1377;12499;90453;0;801;54530190;51919397;37071592;3699564;53630339;40358992;4035533;0;20082
FR;0;2022-07-12;1793;3090;20525;143936;1683;16718;146637;0;1604;54531983;51922487;37092117;3843500;53632022;40375710;4182170;0;21686
FR;0;2022-07-13;1729;2721;15686;94522;1634;13260;96382;0;1081;54533712;51925208;37107803;3938022;53633656;40388970;4278552;0;22767
FR;0;2022-07-14;182;366;1952;5533;214;1831;5700;0;82;54533894;51925574;37109755;3943555;53633870;40390801;4284252;0;22849
FR;0;2022-07-15;1476;2551;15112;84437;1411;12595;86596;0;1034;54535370;51928125;37124867;4027992;53635281;40403396;4370848;0;23883
FR;0;2022-07-16;617;1176;5946;24974;681;5153;25665;0;327;54535987;51929301;37130813;4052966;53635962;40408549;4396513;0;24210
FR;0;2022-07-17;177;389;1736;4661;213;1566;4933;0;66;54536164;51929690;37132549;4057627;53636175;40410115;4401446;0;24276
FR;0;2022-07-18;1130;2240;11819;61794;1329;9967;63658;0;779;54537294;51931930;37144368;4119421;53637504;40420082;4465104;0;25055
FR;0;2022-07-19;1415;2341;15467;103666;1379;12289;105858;0;1441;54538709;51934271;37159835;4223087;53638883;40432371;4570962;0;26496
FR;0;2022-07-20;1416;2284;12951;77553;1450;10728;79138;0;1051;54540125;51936555;37172786;4300640;53640333;40443099;4650100;0;27547
FR;0;2022-07-21;1280;2158;13083;88202;1355;10487;89686;0;1312;54541405;51938713;37185869;4388842;53641688;40453586;4739786;0;28859
FR;0;2022-07-22;1396;2445;14798;89453;1434;11942;91329;0;1347;54542801;51941158;37200667;4478295;53643122;40465528;4831115;0;30206
FR;0;2022-07-23;670;1301;5529;22476;812;4852;23072;0;412;54543471;51942459;37206196;4500771;53643934;40470380;4854187;0;30618
FR;0;2022-07-24;183;349;1397;3900;196;1238;4128;0;72;54543654;51942808;37207593;4504671;53644130;40471618;4858315;0;30690
FR;0;2022-07-25;1052;1785;9485;48059;1136;7833;49498;0;736;54544706;51944593;37217078;4552730;53645266;40479451;4907813;0;31426
FR;0;2022-07-26;1287;2204;13298;85410;1309;10823;87107;0;1310;54545993;51946797;37230376;4638140;53646575;40490274;4994920;0;32736
FR;0;2022-07-27;1217;1998;10220;61225;1327;8509;62435;0;969;54547210;51948795;37240596;4699365;53647902;40498783;5057355;0;33705
FR;0;2022-07-28;1088;1858;10305;64374;1246;8213;65608;0;1046;54548298;51950653;37250901;4763739;53649148;40506996;5122963;0;34751
FR;0;2022-07-29;1281;2042;10986;65810;1347;8744;67238;0;1139;54549579;51952695;37261887;4829549;53650495;40515740;5190201;0;35890
FR;0;2022-07-30;498;853;3517;15275;587;2970;15655;0;303;54550077;51953548;37265404;4844824;53651082;40518710;5205856;0;36193
FR;0;2022-07-31;151;288;929;2437;184;788;2587;0;49;54550228;51953836;37266333;4847261;53651266;40519498;5208443;0;36242
FR;0;2022-08-01;835;1515;7580;30228;1107;6375;31302;0;547;54551063;51955351;37273913;4877489;53652373;40525873;5239745;0;36789
FR;0;2022-08-02;1020;1630;8565;56099;1130;6881;56783;0;1169;54552083;51956981;37282478;4933588;53653503;40532754;5296528;0;37958
FR;0;2022-08-03;832;1249;6404;38664;881;5125;39399;0;702;54552915;51958230;37288882;4972252;53654384;40537879;5335927;0;38660
FR;0;2022-08-04;728;1179;6565;43127;774;5294;43698;0;916;54553643;51959409;37295447;5015379;53655158;40543173;5379625;0;39576
FR;0;2022-08-05;849;1354;7087;44929;959;5660;45598;0;993;54554492;51960763;37302534;5060308;53656117;40548833;5425223;0;40569
FR;0;2022-08-06;338;553;2098;9366;394;1756;9566;0;226;54554830;51961316;37304632;5069674;53656511;40550589;5434789;0;40795
FR;0;2022-08-07;102;155;535;1621;111;453;1700;0;38;54554932;51961471;37305167;5071295;53656622;40551042;5436489;0;40833
FR;0;2022-08-08;558;962;4012;22091;719;3270;22534;0;490;54555490;51962433;37309179;5093386;53657341;40554312;5459023;0;41323
FR;0;2022-08-09;685;1133;5963;39932;820;4793;40422;0;842;54556175;51963566;37315142;5133318;53658161;40559105;5499445;0;42165
FR;0;2022-08-10;629;1109;4653;28034;823;3789;28374;0;650;54556804;51964675;37319795;5161352;53658984;40562894;5527819;0;42815
FR;0;2022-08-11;613;1019;4479;29226;732;3698;29562;0;676;54557417;51965694;37324274;5190578;53659716;40566592;5557381;0;43491
FR;0;2022-08-12;705;1139;4740;28202;822;3912;28638;0;702;54558122;51966833;37329014;5218780;53660538;40570504;5586019;0;44193
FR;0;2022-08-13;211;406;1294;5253;305;1116;5412;0;121;54558333;51967239;37330308;5224033;53660843;40571620;5591431;0;44314
FR;0;2022-08-14;70;120;287;923;103;245;995;0;25;54558403;51967359;37330595;5224956;53660946;40571865;5592426;0;44339
FR;0;2022-08-15;79;177;602;562;143;550;616;0;19;54558482;51967536;37331197;5225518;53661089;40572415;5593042;0;44358
FR;0;2022-08-16;617;1051;3951;22165;813;3342;22361;0;616;54559099;51968587;37335148;5247683;53661902;40575757;5615403;0;44974
FR;0;2022-08-17;628;1010;3884;22854;783;3288;23101;0;619;54559727;51969597;37339032;5270537;53662685;40579045;5638504;0;45593
FR;0;2022-08-18;610;975;4084;26277;776;3225;26506;0;673;54560337;51970572;37343116;5296814;53663461;40582270;5665010;0;46266
FR;0;2022-08-19;601;1150;4480;27219;857;3682;27524;0;766;54560938;51971722;37347596;5324033;53664318;40585952;5692534;0;47032
FR;0;2022-08-20;289;490;1352;5567;388;1166;5727;0;145;54561227;51972212;37348948;5329600;53664706;40587118;5698261;0;47177
FR;0;2022-08-21;94;133;299;1008;94;263;1041;0;27;54561321;51972345;37349247;5330608;53664800;40587381;5699302;0;47204
FR;0;2022-08-22;545;975;3270;15344;750;2792;15675;0;426;54561866;51973320;37352517;5345952;53665550;40590173;5714977;0;47630
FR;0;2022-08-23;710;1170;4292;28989;844;3607;29073;0;870;54562576;51974490;37356809;5374941;53666394;40593780;5744050;0;48500
FR;0;2022-08-24;656;927;3489;19528;769;2851;19717;0;608;54563232;51975417;37360298;5394469;53667163;40596631;5763767;0;49108
FR;0;2022-08-25;621;1008;3930;23393;718;3278;23658;0;672;54563853;51976425;37364228;5417862;53667881;40599909;5787425;0;49780
FR;0;2022-08-26;848;1250;4472;25878;943;3663;26252;0;777;54564701;51977675;37368700;5443740;53668824;40603572;5813677;0;50557
FR;0;2022-08-27;292;494;1377;5462;355;1243;5526;0;194;54564993;51978169;37370077;5449202;53669179;40604815;5819203;0;50751
FR;0;2022-08-28;123;159;303;915;114;288;960;0;38;54565116;51978328;37370380;5450117;53669293;40605103;5820163;0;50789
FR;0;2022-08-29;616;961;3068;14632;762;2604;14948;0;432;54565732;51979289;37373448;5464749;53670055;40607707;5835111;0;51221
FR;0;2022-08-30;840;1205;4785;28525;882;3906;28853;0;822;54566572;51980494;37378233;5493274;53670937;40611613;5863964;0;52043
FR;0;2022-08-31;685;943;3192;17620;726;2703;17885;0;506;54567257;51981437;37381425;5510894;53671663;40614316;5881849;0;52549
FR;0;2022-09-01;716;976;4467;22459;687;3811;22733;0;622;54567973;51982413;37385892;5533353;53672350;40618127;5904582;0;53171
FR;0;2022-09-02;864;1133;5034;28604;815;4246;28896;0;914;54568837;51983546;37390926;5561957;53673165;40622373;5933478;0;54085
FR;0;2022-09-03;415;556;1915;6078;411;1657;6319;0;181;54569252;51984102;37392841;5568035;53673576;40624030;5939797;0;54266
FR;0;2022-09-04;131;149;351;873;85;347;942;0;24;54569383;51984251;37393192;5568908;53673661;40624377;5940739;0;54290
FR;0;2022-09-05;613;688;3127;16049;509;2604;16361;0;523;54569996;51984939;37396319;5584957;53674170;40626981;5957100;0;54813
FR;0;2022-09-06;791;1009;4721;31823;641;3854;32053;0;1039;54570787;51985948;37401040;5616780;53674811;40630835;5989153;0;55852
FR;0;2022-09-07;640;763;2993;16815;542;2472;16964;0;572;54571427;51986711;37404033;5633595;53675353;40633307;6006117;0;56424
FR;0;2022-09-08;615;847;3799;24839;578;3133;24927;0;818;54572042;51987558;37407832;5658434;53675931;40636440;6031044;0;57242
FR;0;2022-09-09;829;1006;4425;27589;644;3662;27768;0;948;54572871;51988564;37412257;5686023;53676575;40640102;6058812;0;58190
FR;0;2022-09-10;383;532;1729;5699;358;1529;5905;0;205;54573254;51989096;37413986;5691722;53676933;40641631;6064717;0;58395
FR;0;2022-09-11;122;129;319;656;90;303;714;0;17;54573376;51989225;37414305;5692378;53677023;40641934;6065431;0;58412
FR;0;2022-09-12;485;611;2679;13272;430;2285;13564;0;477;54573861;51989836;37416984;5705650;53677453;40644219;6078995;0;58889
FR;0;2022-09-13;608;828;3981;26413;512;3433;26331;0;872;54574469;51990664;37420965;5732063;53677965;40647652;6105326;0;59761
FR;0;2022-09-14;650;765;2948;16171;557;2461;16404;0;573;54575119;51991429;37423913;5748234;53678522;40650113;6121730;0;60334
FR;0;2022-09-15;552;769;3457;23516;519;2918;23613;0;725;54575671;51992198;37427370;5771750;53679041;40653031;6145343;0;61059
FR;0;2022-09-16;784;1025;4131;25882;707;3469;26106;0;931;54576455;51993223;37431501;5797632;53679748;40656500;6171449;0;61990
FR;0;2022-09-17;384;487;1447;6141;365;1276;6233;0;242;54576839;51993710;37432948;5803773;53680113;40657776;6177682;0;62232
FR;0;2022-09-18;115;138;323;960;116;291;1015;0;36;54576954;51993848;37433271;5804733;53680229;40658067;6178697;0;62268
FR;0;2022-09-19;444;629;2251;13188;428;1926;13371;0;435;54577398;51994477;37435522;5817921;53680657;40659993;6192068;0;62703
FR;0;2022-09-20;631;859;3775;26411;611;3143;26466;0;891;54578029;51995336;37439297;5844332;53681268;40663136;6218534;0;63594
FR;0;2022-09-21;575;762;2734;16257;567;2349;16249;0;585;54578604;51996098;37442031;5860589;53681835;40665485;6234783;0;64179
FR;0;2022-09-22;580;816;3395;23549;539;2768;23773;0;768;54579184;51996914;37445426;5884138;53682374;40668253;6258556;0;64947
FR;0;2022-09-23;823;1030;4488;28682;747;3756;28859;0;1017;54580007;51997944;37449914;5912820;53683121;40672009;6287415;0;65964
FR;0;2022-09-24;423;607;1637;6890;466;1410;7075;0;305;54580430;51998551;37451551;5919710;53683587;40673419;6294490;0;66269
FR;0;2022-09-25;98;186;335;1100;140;306;1142;0;37;54580528;51998737;37451886;5920810;53683727;40673725;6295632;0;66306
FR;0;2022-09-26;433;691;2273;13493;461;2006;13602;0;431;54580961;51999428;37454159;5934303;53684188;40675731;6309234;0;66737
FR;0;2022-09-27;606;830;3621;25934;599;2907;26086;0;959;54581567;52000258;37457780;5960237;53684787;40678638;6335320;0;67696
FR;0;2022-09-28;624;812;2548;15383;619;2294;15498;0;622;54582191;52001070;37460328;5975620;53685406;40680932;6350818;0;68318
FR;0;2022-09-29;561;756;3108;21011;532;2622;21038;40;809;54582752;52001826;37463436;5996631;53685938;40683554;6371856;40;69127
FR;0;2022-09-30;766;1084;3946;25534;794;3291;25802;712;1048;54583518;52002910;37467382;6022165;53686732;40686845;6397658;752;70175
FR;0;2022-10-01;409;607;1969;5966;455;1701;6202;396;317;54583927;52003517;37469351;6028131;53687187;40688546;6403860;1148;70492
FR;0;2022-10-02;56;130;217;638;93;212;664;66;42;54583983;52003647;37469568;6028769;53687280;40688758;6404524;1214;70534
FR;0;2022-10-03;458;667;2411;12009;504;2121;12197;2071;743;54584441;52004314;37471979;6040778;53687784;40690879;6416721;3285;71277
FR;0;2022-10-04;610;765;3377;23495;514;2763;23674;4700;1577;54585051;52005079;37475356;6064273;53688298;40693642;6440395;7985;72854
FR;0;2022-10-05;539;800;2426;14580;576;2142;14725;3654;1208;54585590;52005879;37477782;6078853;53688874;40695784;6455120;11639;74062
FR;0;2022-10-06;531;694;3073;21666;495;2505;21878;6659;1907;54586121;52006573;37480855;6100519;53689369;40698289;6476998;18298;75969
FR;0;2022-10-07;714;971;4119;30282;702;3464;30370;16856;3199;54586835;52007544;37484974;6130801;53690071;40701753;6507368;35154;79168
FR;0;2022-10-08;343;509;1646;8418;365;1407;8586;6689;1167;54587178;52008053;37486620;6139219;53690436;40703160;6515954;41843;80335
FR;0;2022-10-09;107;135;335;1585;110;310;1648;1508;295;54587285;52008188;37486955;6140804;53690546;40703470;6517602;43351;80630
FR;0;2022-10-10;470;694;2901;20471;511;2487;20791;19459;3230;54587755;52008882;37489856;6161275;53691057;40705957;6538393;62810;83860
FR;0;2022-10-11;564;779;4249;40184;525;3544;40533;40042;6350;54588319;52009661;37494105;6201459;53691582;40709501;6578926;102852;90210
FR;0;2022-10-12;557;786;3230;26659;571;2739;26982;27243;4683;54588876;52010447;37497335;6228118;53692153;40712240;6605908;130095;94893
FR;0;2022-10-13;598;739;3988;38347;529;3108;38822;40531;6597;54589474;52011186;37501323;6266465;53692682;40715348;6644730;170626;101490
FR;0;2022-10-14;744;1035;4860;47612;741;3941;48093;51074;7839;54590218;52012221;37506183;6314077;53693423;40719289;6692823;221700;109329
FR;0;2022-10-15;345;491;1844;11831;331;1604;11949;13073;2274;54590563;52012712;37508027;6325908;53693754;40720893;6704772;234773;111603
FR;0;2022-10-16;92;123;367;1955;76;349;2001;2339;476;54590655;52012835;37508394;6327863;53693830;40721242;6706773;237112;112079
FR;0;2022-10-17;430;682;3025;26377;470;2464;26743;30634;5352;54591085;52013517;37511419;6354240;53694300;40723706;6733516;267746;117431
FR;0;2022-10-18;594;720;4687;45982;516;3737;46499;55167;11554;54591679;52014237;37516106;6400222;53694816;40727443;6780015;322913;128985
FR;0;2022-10-19;538;764;3618;34217;569;3045;34556;42167;9091;54592217;52015001;37519724;6434439;53695385;40730488;6814571;365080;138076
FR;0;2022-10-20;581;750;4810;49269;537;3672;49944;60222;12811;54592798;52015751;37524534;6483708;53695922;40734160;6864515;425302;150887
FR;0;2022-10-21;679;968;5675;56889;687;4484;57574;70789;14248;54593477;52016719;37530209;6540597;53696609;40738644;6922089;496091;165135
FR;0;2022-10-22;328;393;1647;12904;313;1310;13064;15890;3371;54593805;52017112;37531856;6553501;53696922;40739954;6935153;511981;168506
FR;0;2022-10-23;91;99;349;2051;94;265;2153;2741;627;54593896;52017211;37532205;6555552;53697016;40740219;6937306;514722;169133
FR;0;2022-10-24;539;584;3119;27033;407;2660;27468;35335;7732;54594435;52017795;37535324;6582585;53697423;40742879;6964774;550057;176865
FR;0;2022-10-25;583;711;4839;48803;522;3699;49550;64799;15315;54595018;52018506;37540163;6631388;53697945;40746578;7014324;614856;192180
FR;0;2022-10-26;519;628;3427;32330;459;2858;32670;43420;10739;54595537;52019134;37543590;6663718;53698404;40749436;7046994;658276;202919
FR;0;2022-10-27;580;676;4043;40563;476;3302;41057;54060;12921;54596117;52019810;37547633;6704281;53698880;40752738;7088051;712336;215840
FR;0;2022-10-28;689;833;4577;43912;601;3466;44758;57796;12946;54596806;52020643;37552210;6748193;53699481;40756204;7132809;770132;228786
FR;0;2022-10-29;248;353;1315;9466;248;1070;9599;12477;2991;54597054;52020996;37553525;6757659;53699729;40757274;7142408;782609;231777
FR;0;2022-10-30;86;109;280;1573;86;243;1620;2100;520;54597140;52021105;37553805;6759232;53699815;40757517;7144028;784709;232297
FR;0;2022-10-31;373;464;2057;15946;334;1605;16297;21896;5335;54597513;52021569;37555862;6775178;53700149;40759122;7160325;806605;237632
FR;0;2022-11-01;50;102;743;1036;77;759;1054;1545;447;54597563;52021671;37556605;6776214;53700226;40759881;7161379;808150;238079
FR;0;2022-11-02;478;640;2947;25166;470;2496;25613;36120;9886;54598041;52022311;37559552;6801380;53700696;40762377;7186992;844270;247965
FR;0;2022-11-03;622;674;4030;39539;507;3041;40284;56053;14933;54598663;52022985;37563582;6840919;53701203;40765418;7227276;900323;262898
FR;0;2022-11-04;632;804;4354;43446;545;3457;44056;60177;15097;54599295;52023789;37567936;6884365;53701748;40768875;7271332;960500;277995
FR;0;2022-11-05;241;347;1382;9646;270;1098;9844;13350;3261;54599536;52024136;37569318;6894011;53702018;40769973;7281176;973850;281256
FR;0;2022-11-06;85;109;258;1567;90;244;1593;2262;614;54599621;52024245;37569576;6895578;53702108;40770217;7282769;976112;281870
FR;0;2022-11-07;440;507;2624;26232;422;2093;26860;38161;10664;54600061;52024752;37572200;6921810;53702530;40772310;7309629;1014273;292534
FR;0;2022-11-08;574;754;4800;51384;535;3662;52307;72930;19411;54600635;52025506;37577000;6973194;53703065;40775972;7361936;1087203;311945
FR;0;2022-11-09;488;631;3273;31279;456;2620;32036;45666;12898;54601123;52026137;37580273;7004473;53703521;40778592;7393972;1132869;324843
FR;0;2022-11-10;581;833;4445;43138;578;3502;44027;61714;16805;54601704;52026970;37584718;7047611;53704099;40782094;7437999;1194583;341648
FR;0;2022-11-11;62;101;340;1618;66;286;1678;2674;935;54601766;52027071;37585058;7049229;53704165;40782380;7439677;1197257;342583
FR;0;2022-11-12;191;298;1066;7044;212;844;7280;10204;2729;54601957;52027369;37586124;7056273;53704377;40783224;7446957;1207461;345312
FR;0;2022-11-13;59;79;235;1189;55;201;1238;1932;605;54602016;52027448;37586359;7057462;53704432;40783425;7448195;1209393;345917
FR;0;2022-11-14;415;497;2486;23559;344;1971;24168;35398;10568;54602431;52027945;37588845;7081021;53704776;40785396;7472363;1244791;356485
FR;0;2022-11-15;555;656;4136;44358;483;3169;45304;65494;18917;54602986;52028601;37592981;7125379;53705259;40788565;7517667;1310285;375402
FR;0;2022-11-16;516;590;2903;27921;459;2416;28413;42019;12796;54603502;52029191;37595884;7153300;53705718;40790981;7546080;1352304;388198
FR;0;2022-11-17;526;621;3674;38566;466;2827;39132;56797;16631;54604028;52029812;37599558;7191866;53706184;40793808;7585212;1409101;404829
FR;0;2022-11-18;591;739;4444;44471;545;3298;45334;64362;17755;54604619;52030551;37604002;7236337;53706729;40797106;7630546;1473463;422584
FR;0;2022-11-19;258;312;1386;9610;242;959;9813;14000;3885;54604877;52030863;37605388;7245947;53706971;40798065;7640359;1487463;426469
FR;0;2022-11-20;61;75;277;1618;57;231;1686;2580;773;54604938;52030938;37605665;7247565;53707028;40798296;7642045;1490043;427242
FR;0;2022-11-21;411;480;2278;20712;319;1771;21254;31652;9715;54605349;52031418;37607943;7268277;53707347;40800067;7663299;1521695;436957
FR;0;2022-11-22;497;534;3688;38313;371;2805;38896;56990;17004;54605846;52031952;37611631;7306590;53707718;40802872;7702195;1578685;453961
FR;0;2022-11-23;429;504;2552;24854;342;2101;25286;37994;11809;54606275;52032456;37614183;7331444;53708060;40804973;7727481;1616679;465770
FR;0;2022-11-24;463;532;3481;35430;373;2694;36053;53317;16287;54606738;52032988;37617664;7366874;53708433;40807667;7763534;1669996;482057
FR;0;2022-11-25;530;630;3750;38361;492;2741;39195;56654;16284;54607268;52033618;37621414;7405235;53708925;40810408;7802729;1726650;498341
FR;0;2022-11-26;264;300;1245;8957;221;978;9103;13396;3781;54607532;52033918;37622659;7414192;53709146;40811386;7811832;1740046;502122
FR;0;2022-11-27;61;57;226;1483;46;186;1506;2290;719;54607593;52033975;37622885;7415675;53709192;40811572;7813338;1742336;502841
