fra;vaccin;jour;n_dose1;n_dose2;n_cum_dose1;n_cum_dose2
FR;1;2020-12-27;223;0;223;0
FR;1;2020-12-28;230;0;453;0
FR;1;2020-12-29;175;0;628;0
FR;1;2020-12-30;196;0;824;0
FR;1;2020-12-31;165;0;989;0
FR;1;2021-01-01;177;0;1166;0
FR;1;2021-01-02;151;0;1317;0
FR;1;2021-01-03;183;0;1500;0
FR;1;2021-01-04;1622;0;3122;0
FR;1;2021-01-05;5588;0;8710;0
FR;1;2021-01-06;11476;0;20186;0
FR;1;2021-01-07;28910;0;49096;0
FR;1;2021-01-08;36575;0;85671;0
FR;1;2021-01-09;11026;0;96697;0
FR;1;2021-01-10;5719;0;102416;0
FR;1;2021-01-11;39439;0;141855;0
FR;1;2021-01-12;61425;0;203280;0
FR;1;2021-01-13;64406;0;267686;0
FR;1;2021-01-14;80591;0;348277;0
FR;1;2021-01-15;67983;0;416260;0
FR;1;2021-01-16;19699;77;435959;77
FR;1;2021-01-17;10609;42;446568;119
FR;1;2021-01-18;82109;161;528677;280
FR;1;2021-01-19;124980;125;653657;405
FR;1;2021-01-20;131356;157;785013;562
FR;1;2021-01-21;151570;132;936583;694
FR;1;2021-01-22;114965;160;1051548;854
FR;1;2021-01-23;36311;50;1087859;904
FR;1;2021-01-24;9368;27;1097227;931
FR;1;2021-01-25;73744;1215;1170971;2146
FR;1;2021-01-26;95819;3109;1266790;5255
FR;1;2021-01-27;102943;5593;1369733;10848
FR;1;2021-01-28;119818;14357;1489551;25205
FR;1;2021-01-29;88304;17282;1577855;42487
FR;1;2021-01-30;27766;4223;1605621;46710
FR;1;2021-01-31;4984;1679;1610605;48389
FR;1;2021-02-01;48702;21121;1659307;69510
FR;1;2021-02-02;66980;34558;1726287;104068
FR;1;2021-02-03;66443;36957;1792730;141025
FR;1;2021-02-04;76395;50040;1869125;191065
FR;1;2021-02-05;62891;45324;1932016;236389
FR;1;2021-02-06;19172;10393;1951188;246782
FR;1;2021-02-07;3512;5041;1954700;251823
FR;1;2021-02-08;36084;45963;1990784;297786
FR;1;2021-02-09;50347;72383;2041131;370169
FR;1;2021-02-10;51292;76669;2092423;446838
FR;1;2021-02-11;62737;99072;2155160;545910
FR;1;2021-02-12;55280;73974;2210440;619884
FR;1;2021-02-13;15251;19262;2225691;639146
FR;1;2021-02-14;3510;7191;2229201;646337
FR;1;2021-02-15;23771;73434;2252972;719771
FR;1;2021-02-16;32324;96845;2285296;816616
FR;1;2021-02-17;34629;98585;2319925;915201
FR;1;2021-02-18;48785;113430;2368710;1028631
FR;1;2021-02-19;44886;86421;2413596;1115052
FR;1;2021-02-20;13177;26912;2426773;1141964
FR;1;2021-02-21;2228;6286;2429001;1148250
FR;1;2021-02-22;24286;69416;2453287;1217666
FR;1;2021-02-23;36972;80355;2490259;1298021
FR;1;2021-02-24;39990;77648;2530249;1375669
FR;1;2021-02-25;49547;87948;2579796;1463617
FR;1;2021-02-26;46584;67886;2626380;1531503
FR;1;2021-02-27;15384;20931;2641764;1552434
FR;1;2021-02-28;3327;4385;2645091;1556819
FR;1;2021-03-01;39185;49011;2684276;1605830
FR;1;2021-03-02;55201;61512;2739477;1667342
FR;1;2021-03-03;60167;60648;2799644;1727990
FR;1;2021-03-04;72059;64894;2871703;1792884
FR;1;2021-03-05;73806;59261;2945509;1852145
FR;1;2021-03-06;81882;16083;3027391;1868228
FR;1;2021-03-07;63275;5413;3090666;1873641
FR;1;2021-03-08;59359;42463;3150025;1916104
FR;1;2021-03-09;85124;48316;3235149;1964420
FR;1;2021-03-10;89762;48064;3324911;2012484
FR;1;2021-03-11;103960;53854;3428871;2066338
FR;1;2021-03-12;103090;45290;3531961;2111628
FR;1;2021-03-13;88315;12744;3620276;2124372
FR;1;2021-03-14;44000;3028;3664276;2127400
FR;1;2021-03-15;94525;29119;3758801;2156519
FR;1;2021-03-16;122709;34891;3881510;2191410
FR;1;2021-03-17;128443;34831;4009953;2226241
FR;1;2021-03-18;141893;39713;4151846;2265954
FR;1;2021-03-19;135295;32898;4287141;2298852
FR;1;2021-03-20;75432;10208;4362573;2309060
FR;1;2021-03-21;26070;2475;4388643;2311535
FR;1;2021-03-22;113788;31175;4502431;2342710
FR;1;2021-03-23;141960;38171;4644391;2380881
FR;1;2021-03-24;140927;38773;4785318;2419654
FR;1;2021-03-25;163951;39620;4949269;2459274
FR;1;2021-03-26;165483;37490;5114752;2496764
FR;1;2021-03-27;110335;15253;5225087;2512017
FR;1;2021-03-28;41962;3621;5267049;2515638
FR;1;2021-03-29;129105;49950;5396154;2565588
FR;1;2021-03-30;166640;63580;5562794;2629168
FR;1;2021-03-31;169861;66899;5732655;2696067
FR;1;2021-04-01;192632;79245;5925287;2775312
FR;1;2021-04-02;163331;84314;6088618;2859626
FR;1;2021-04-03;87519;58170;6176137;2917796
FR;1;2021-04-04;32584;17732;6208721;2935528
FR;1;2021-04-05;42882;10176;6251603;2945704
FR;1;2021-04-06;158870;100871;6410473;3046575
FR;1;2021-04-07;195322;108248;6605795;3154823
FR;1;2021-04-08;220134;112383;6825929;3267206
FR;1;2021-04-09;212860;107499;7038789;3374705
FR;1;2021-04-10;116373;73456;7155162;3448161
FR;1;2021-04-11;40334;30283;7195496;3478444
FR;1;2021-04-12;167225;103780;7362721;3582224
FR;1;2021-04-13;202228;128241;7564949;3710465
FR;1;2021-04-14;206599;122805;7771548;3833270
FR;1;2021-04-15;219392;126756;7990940;3960026
FR;1;2021-04-16;204755;125143;8195695;4085169
FR;1;2021-04-17;121377;67481;8317072;4152650
FR;1;2021-04-18;35473;20992;8352545;4173642
FR;1;2021-04-19;162535;121910;8515080;4295552
FR;1;2021-04-20;187825;148765;8702905;4444317
FR;1;2021-04-21;192433;146706;8895338;4591023
FR;1;2021-04-22;207430;162632;9102768;4753655
FR;1;2021-04-23;197625;156927;9300393;4910582
FR;1;2021-04-24;125429;95504;9425822;5006086
FR;1;2021-04-25;53109;30130;9478931;5036216
FR;1;2021-04-26;179976;138268;9658907;5174484
FR;1;2021-04-27;219886;161972;9878793;5336456
FR;1;2021-04-28;236823;155108;10115616;5491564
FR;1;2021-04-29;268528;160060;10384144;5651624
FR;1;2021-04-30;270262;148147;10654406;5799771
FR;1;2021-05-01;138850;40709;10793256;5840480
FR;1;2021-05-02;80744;28150;10874000;5868630
FR;1;2021-05-03;248161;146457;11122161;6015087
FR;1;2021-05-04;263406;186832;11385567;6201919
FR;1;2021-05-05;280373;184562;11665940;6386481
FR;1;2021-05-06;306886;183027;11972826;6569508
FR;1;2021-05-07;281907;195723;12254733;6765231
FR;1;2021-05-08;190425;48336;12445158;6813567
FR;1;2021-05-09;113413;36212;12558571;6849779
FR;1;2021-05-10;254312;194252;12812883;7044031
FR;1;2021-05-11;316345;211391;13129228;7255422
FR;1;2021-05-12;353368;185894;13482596;7441316
FR;1;2021-05-13;280913;47648;13763509;7488964
FR;1;2021-05-14;367474;128851;14130983;7617815
FR;1;2021-05-15;295170;66146;14426153;7683961
FR;1;2021-05-16;156737;15578;14582890;7699539
FR;1;2021-05-17;316570;116689;14899460;7816228
FR;1;2021-05-18;379700;111325;15279160;7927553
FR;1;2021-05-19;392571;102913;15671731;8030466
FR;1;2021-05-20;418566;96317;16090297;8126783
FR;1;2021-05-21;397099;97377;16487396;8224160
FR;1;2021-05-22;274129;42086;16761525;8266246
FR;1;2021-05-23;122321;11209;16883846;8277455
FR;1;2021-05-24;242601;26309;17126447;8303764
FR;1;2021-05-25;363587;131940;17490034;8435704
FR;1;2021-05-26;378346;125700;17868380;8561404
FR;1;2021-05-27;403653;128221;18272033;8689625
FR;1;2021-05-28;363848;145547;18635881;8835172
FR;1;2021-05-29;252767;80976;18888648;8916148
FR;1;2021-05-30;100254;22573;18988902;8938721
FR;1;2021-05-31;312464;148819;19301366;9087540
FR;1;2021-06-01;353534;166792;19654900;9254332
FR;1;2021-06-02;358081;153262;20012981;9407594
FR;1;2021-06-03;384417;147764;20397398;9555358
FR;1;2021-06-04;359650;175674;20757048;9731032
FR;1;2021-06-05;256368;112797;21013416;9843829
FR;1;2021-06-06;125172;37539;21138588;9881368
FR;1;2021-06-07;296115;208217;21434703;10089585
FR;1;2021-06-08;327211;221098;21761914;10310683
FR;1;2021-06-09;332362;212692;22094276;10523375
FR;1;2021-06-10;338139;202301;22432415;10725676
FR;1;2021-06-11;309170;235550;22741585;10961226
FR;1;2021-06-12;242268;150862;22983853;11112088
FR;1;2021-06-13;99427;61085;23083280;11173173
FR;1;2021-06-14;205187;289196;23288467;11462369
FR;1;2021-06-15;253149;282578;23541616;11744947
FR;1;2021-06-16;270332;270596;23811948;12015543
FR;1;2021-06-17;264991;244542;24076939;12260085
FR;1;2021-06-18;257422;296159;24334361;12556244
FR;1;2021-06-19;192221;209711;24526582;12765955
FR;1;2021-06-20;68833;89196;24595415;12855151
FR;1;2021-06-21;169820;320176;24765235;13175327
FR;1;2021-06-22;183413;347857;24948648;13523184
FR;1;2021-06-23;201441;339579;25150089;13862763
FR;1;2021-06-24;200994;281916;25351083;14144679
FR;1;2021-06-25;179634;372066;25530717;14516745
FR;1;2021-06-26;130262;278526;25660979;14795271
FR;1;2021-06-27;51789;123059;25712768;14918330
FR;1;2021-06-28;134794;368563;25847562;15286893
FR;1;2021-06-29;153104;389722;26000666;15676615
FR;1;2021-06-30;177057;378474;26177723;16055089
FR;1;2021-07-01;189187;332327;26366910;16387416
FR;1;2021-07-02;183169;367948;26550079;16755364
FR;1;2021-07-03;122407;280684;26672486;17036048
FR;1;2021-07-04;53104;113784;26725590;17149832
FR;1;2021-07-05;147728;356367;26873318;17506199
FR;1;2021-07-06;168189;382877;27041507;17889076
FR;1;2021-07-07;184362;362916;27225869;18251992
FR;1;2021-07-08;196938;323261;27422807;18575253
FR;1;2021-07-09;183801;386886;27606608;18962139
FR;1;2021-07-10;127610;281118;27734218;19243257
FR;1;2021-07-11;56827;102523;27791045;19345780
FR;1;2021-07-12;145002;417183;27936047;19762963
FR;1;2021-07-13;229686;439887;28165733;20202850
FR;1;2021-07-14;168590;151711;28334323;20354561
FR;1;2021-07-15;273616;424963;28607939;20779524
FR;1;2021-07-16;283504;401597;28891443;21181121
FR;1;2021-07-17;213740;282462;29105183;21463583
FR;1;2021-07-18;100974;107512;29206157;21571095
FR;1;2021-07-19;232609;379635;29438766;21950730
FR;1;2021-07-20;300097;381530;29738863;22332260
FR;1;2021-07-21;328086;354049;30066949;22686309
FR;1;2021-07-22;359084;319772;30426033;23006081
FR;1;2021-07-23;340890;343452;30766923;23349533
FR;1;2021-07-24;235818;241562;31002741;23591095
FR;1;2021-07-25;111273;76221;31114014;23667316
FR;1;2021-07-26;293614;290720;31407628;23958036
FR;1;2021-07-27;377973;269298;31785601;24227334
FR;1;2021-07-28;381888;251866;32167489;24479200
FR;1;2021-07-29;399526;228286;32567015;24707486
FR;1;2021-07-30;362158;247027;32929173;24954513
FR;1;2021-07-31;240261;165170;33169434;25119683
FR;1;2021-08-01;101373;47305;33270807;25166988
FR;1;2021-08-02;276840;213039;33547647;25380027
FR;1;2021-08-03;320228;209592;33867875;25589619
FR;1;2021-08-04;318049;184671;34185924;25774290
FR;1;2021-08-05;293238;193522;34479162;25967812
FR;1;2021-08-06;282450;224979;34761612;26192791
FR;1;2021-08-07;179099;159219;34940711;26352010
FR;1;2021-08-08;66686;59272;35007397;26411282
FR;1;2021-08-09;215732;236578;35223129;26647860
FR;1;2021-08-10;244634;241384;35467763;26889244
FR;1;2021-08-11;229235;233097;35696998;27122341
FR;1;2021-08-12;212696;240179;35909694;27362520
FR;2;2020-12-27;0;0;0;0
FR;2;2020-12-28;0;0;0;0
FR;2;2020-12-29;0;0;0;0
FR;2;2020-12-30;0;0;0;0
FR;2;2020-12-31;0;0;0;0
FR;2;2021-01-01;0;0;0;0
FR;2;2021-01-02;0;0;0;0
FR;2;2021-01-03;0;0;0;0
FR;2;2021-01-04;0;0;0;0
FR;2;2021-01-05;0;0;0;0
FR;2;2021-01-06;0;0;0;0
FR;2;2021-01-07;0;0;0;0
FR;2;2021-01-08;0;0;0;0
FR;2;2021-01-09;0;0;0;0
FR;2;2021-01-10;0;0;0;0
FR;2;2021-01-11;0;0;0;0
FR;2;2021-01-12;0;0;0;0
FR;2;2021-01-13;0;0;0;0
FR;2;2021-01-14;596;0;596;0
FR;2;2021-01-15;268;0;864;0
FR;2;2021-01-16;223;0;1087;0
FR;2;2021-01-17;29;0;1116;0
FR;2;2021-01-18;2969;0;4085;0
FR;2;2021-01-19;4571;0;8656;0
FR;2;2021-01-20;4988;0;13644;0
FR;2;2021-01-21;5192;0;18836;0
FR;2;2021-01-22;4961;0;23797;0
FR;2;2021-01-23;1769;0;25566;0
FR;2;2021-01-24;121;0;25687;0
FR;2;2021-01-25;3707;0;29394;0
FR;2;2021-01-26;3794;0;33188;0
FR;2;2021-01-27;3474;0;36662;0
FR;2;2021-01-28;3583;0;40245;0
FR;2;2021-01-29;3137;0;43382;0
FR;2;2021-01-30;1080;0;44462;0
FR;2;2021-01-31;12;0;44474;0
FR;2;2021-02-01;3302;0;47776;0
FR;2;2021-02-02;4351;0;52127;0
FR;2;2021-02-03;5071;0;57198;0
FR;2;2021-02-04;4785;3;61983;3
FR;2;2021-02-05;4669;6;66652;9
FR;2;2021-02-06;1956;3;68608;12
FR;2;2021-02-07;52;0;68660;12
FR;2;2021-02-08;7456;8;76116;20
FR;2;2021-02-09;8296;15;84412;35
FR;2;2021-02-10;9194;50;93606;85
FR;2;2021-02-11;10112;66;103718;151
FR;2;2021-02-12;9882;238;113600;389
FR;2;2021-02-13;3050;221;116650;610
FR;2;2021-02-14;309;0;116959;610
FR;2;2021-02-15;3382;3067;120341;3677
FR;2;2021-02-16;4981;3880;125322;7557
FR;2;2021-02-17;4151;4402;129473;11959
FR;2;2021-02-18;5297;5089;134770;17048
FR;2;2021-02-19;5241;4323;140011;21371
FR;2;2021-02-20;1790;1509;141801;22880
FR;2;2021-02-21;208;86;142009;22966
FR;2;2021-02-22;3548;3722;145557;26688
FR;2;2021-02-23;4856;3693;150413;30381
FR;2;2021-02-24;4875;3467;155288;33848
FR;2;2021-02-25;5352;3426;160640;37274
FR;2;2021-02-26;4263;3124;164903;40398
FR;2;2021-02-27;1533;1042;166436;41440
FR;2;2021-02-28;125;28;166561;41468
FR;2;2021-03-01;5015;3764;171576;45232
FR;2;2021-03-02;6381;4727;177957;49959
FR;2;2021-03-03;6359;4882;184316;54841
FR;2;2021-03-04;8197;3966;192513;58807
FR;2;2021-03-05;7849;4058;200362;62865
FR;2;2021-03-06;4672;1683;205034;64548
FR;2;2021-03-07;2320;29;207354;64577
FR;2;2021-03-08;4034;8311;211388;72888
FR;2;2021-03-09;7340;8430;218728;81318
FR;2;2021-03-10;6930;9108;225658;90426
FR;2;2021-03-11;9190;9207;234848;99633
FR;2;2021-03-12;7800;8161;242648;107794
FR;2;2021-03-13;9934;2511;252582;110305
FR;2;2021-03-14;4787;402;257369;110707
FR;2;2021-03-15;10737;3483;268106;114190
FR;2;2021-03-16;16580;4621;284686;118811
FR;2;2021-03-17;20031;3953;304717;122764
FR;2;2021-03-18;23104;4909;327821;127673
FR;2;2021-03-19;23071;4537;350892;132210
FR;2;2021-03-20;25269;1540;376161;133750
FR;2;2021-03-21;17550;147;393711;133897
FR;2;2021-03-22;17550;3079;411261;136976
FR;2;2021-03-23;22426;4184;433687;141160
FR;2;2021-03-24;23709;4985;457396;146145
FR;2;2021-03-25;26468;5020;483864;151165
FR;2;2021-03-26;26718;4262;510582;155427
FR;2;2021-03-27;15765;1308;526347;156735
FR;2;2021-03-28;10483;92;536830;156827
FR;2;2021-03-29;18790;4279;555620;161106
FR;2;2021-03-30;24303;6019;579923;167125
FR;2;2021-03-31;28300;5954;608223;173079
FR;2;2021-04-01;34222;8479;642445;181558
FR;2;2021-04-02;29725;7685;672170;189243
FR;2;2021-04-03;16820;3582;688990;192825
FR;2;2021-04-04;9215;918;698205;193743
FR;2;2021-04-05;12238;808;710443;194551
FR;2;2021-04-06;26908;6926;737351;201477
FR;2;2021-04-07;30702;7156;768053;208633
FR;2;2021-04-08;36646;8818;804699;217451
FR;2;2021-04-09;33558;8595;838257;226046
FR;2;2021-04-10;19537;8969;857794;235015
FR;2;2021-04-11;7846;4271;865640;239286
FR;2;2021-04-12;16942;11252;882582;250538
FR;2;2021-04-13;19259;16425;901841;266963
FR;2;2021-04-14;17804;16280;919645;283243
FR;2;2021-04-15;21960;20755;941605;303998
FR;2;2021-04-16;20511;20077;962116;324075
FR;2;2021-04-17;13126;22461;975242;346536
FR;2;2021-04-18;5821;14403;981063;360939
FR;2;2021-04-19;16579;16254;997642;377193
FR;2;2021-04-20;19067;21578;1016709;398771
FR;2;2021-04-21;20004;21666;1036713;420437
FR;2;2021-04-22;23542;24856;1060255;445293
FR;2;2021-04-23;24307;25349;1084562;470642
FR;2;2021-04-24;25143;15104;1109705;485746
FR;2;2021-04-25;9529;8589;1119234;494335
FR;2;2021-04-26;16978;17198;1136212;511533
FR;2;2021-04-27;19086;24301;1155298;535834
FR;2;2021-04-28;22150;26181;1177448;562015
FR;2;2021-04-29;25273;30130;1202721;592145
FR;2;2021-04-30;25390;27776;1228111;619921
FR;2;2021-05-01;14853;9858;1242964;629779
FR;2;2021-05-02;6560;9183;1249524;638962
FR;2;2021-05-03;19803;19317;1269327;658279
FR;2;2021-05-04;18112;29056;1287439;687335
FR;2;2021-05-05;18086;29409;1305525;716744
FR;2;2021-05-06;23304;35288;1328829;752032
FR;2;2021-05-07;25038;33224;1353867;785256
FR;2;2021-05-08;21131;9701;1374998;794957
FR;2;2021-05-09;13061;7893;1388059;802850
FR;2;2021-05-10;32618;22217;1420677;825067
FR;2;2021-05-11;43308;21072;1463985;846139
FR;2;2021-05-12;49645;19897;1513630;866036
FR;2;2021-05-13;50963;5766;1564593;871802
FR;2;2021-05-14;60989;12953;1625582;884755
FR;2;2021-05-15;65595;7148;1691177;891903
FR;2;2021-05-16;43318;2575;1734495;894478
FR;2;2021-05-17;44426;12586;1778921;907064
FR;2;2021-05-18;54275;12244;1833196;919308
FR;2;2021-05-19;56809;10616;1890005;929924
FR;2;2021-05-20;63023;10875;1953028;940799
FR;2;2021-05-21;63915;11664;2016943;952463
FR;2;2021-05-22;61218;4513;2078161;956976
FR;2;2021-05-23;37306;570;2115467;957546
FR;2;2021-05-24;17006;2030;2132473;959576
FR;2;2021-05-25;20801;12238;2153274;971814
FR;2;2021-05-26;19578;11457;2172852;983271
FR;2;2021-05-27;22658;12661;2195510;995932
FR;2;2021-05-28;29092;14977;2224602;1010909
FR;2;2021-05-29;30223;8180;2254825;1019089
FR;2;2021-05-30;4558;1812;2259383;1020901
FR;2;2021-05-31;28360;18750;2287743;1039651
FR;2;2021-06-01;45214;20069;2332957;1059720
FR;2;2021-06-02;37144;19309;2370101;1079029
FR;2;2021-06-03;50937;23383;2421038;1102412
FR;2;2021-06-04;65206;24097;2486244;1126509
FR;2;2021-06-05;34291;24041;2520535;1150550
FR;2;2021-06-06;4831;6203;2525366;1156753
FR;2;2021-06-07;27906;23100;2553272;1179853
FR;2;2021-06-08;46082;22960;2599354;1202813
FR;2;2021-06-09;34046;20912;2633400;1223725
FR;2;2021-06-10;42353;19155;2675753;1242880
FR;2;2021-06-11;55040;25249;2730793;1268129
FR;2;2021-06-12;30411;19815;2761204;1287944
FR;2;2021-06-13;3229;9189;2764433;1297133
FR;2;2021-06-14;25085;24189;2789518;1321322
FR;2;2021-06-15;38752;22889;2828270;1344211
FR;2;2021-06-16;29947;21487;2858217;1365698
FR;2;2021-06-17;36655;25903;2894872;1391601
FR;2;2021-06-18;46638;28800;2941510;1420401
FR;2;2021-06-19;24402;24918;2965912;1445319
FR;2;2021-06-20;2693;10073;2968605;1455392
FR;2;2021-06-21;17293;42776;2985898;1498168
FR;2;2021-06-22;28158;49620;3014056;1547788
FR;2;2021-06-23;21608;49622;3035664;1597410
FR;2;2021-06-24;28197;50314;3063861;1647724
FR;2;2021-06-25;33219;60438;3097080;1708162
FR;2;2021-06-26;16228;59292;3113308;1767454
FR;2;2021-06-27;2499;29359;3115807;1796813
FR;2;2021-06-28;12473;54387;3128280;1851200
FR;2;2021-06-29;19716;59912;3147996;1911112
FR;2;2021-06-30;16177;57790;3164173;1968902
FR;2;2021-07-01;20099;59922;3184272;2028824
FR;2;2021-07-02;23627;62228;3207899;2091052
FR;2;2021-07-03;11926;57113;3219825;2148165
FR;2;2021-07-04;1890;23335;3221715;2171500
FR;2;2021-07-05;8852;29373;3230567;2200873
FR;2;2021-07-06;14277;36214;3244844;2237087
FR;2;2021-07-07;14002;33694;3258846;2270781
FR;2;2021-07-08;19262;40306;3278108;2311087
FR;2;2021-07-09;26655;54290;3304763;2365377
FR;2;2021-07-10;13181;33686;3317944;2399063
FR;2;2021-07-11;1623;4329;3319567;2403392
FR;2;2021-07-12;12614;37290;3332181;2440682
FR;2;2021-07-13;36752;53295;3368933;2493977
FR;2;2021-07-14;6305;3578;3375238;2497555
FR;2;2021-07-15;46704;47067;3421942;2544622
FR;2;2021-07-16;63694;55902;3485636;2600524
FR;2;2021-07-17;31226;23966;3516862;2624490
FR;2;2021-07-18;5933;4945;3522795;2629435
FR;2;2021-07-19;32532;28745;3555327;2658180
FR;2;2021-07-20;51347;44616;3606674;2702796
FR;2;2021-07-21;44653;34848;3651327;2737644
FR;2;2021-07-22;55497;41121;3706824;2778765
FR;2;2021-07-23;67408;49156;3774232;2827921
FR;2;2021-07-24;35557;21576;3809789;2849497
FR;2;2021-07-25;6469;2682;3816258;2852179
FR;2;2021-07-26;35504;22530;3851762;2874709
FR;2;2021-07-27;61498;34683;3913260;2909392
FR;2;2021-07-28;54544;26504;3967804;2935896
FR;2;2021-07-29;67461;32813;4035265;2968709
FR;2;2021-07-30;73170;37801;4108435;3006510
FR;2;2021-07-31;34007;16168;4142442;3022678
FR;2;2021-08-01;5052;2308;4147494;3024986
FR;2;2021-08-02;34641;16201;4182135;3041187
FR;2;2021-08-03;54929;28262;4237064;3069449
FR;2;2021-08-04;45665;20870;4282729;3090319
FR;2;2021-08-05;53414;31613;4336143;3121932
FR;2;2021-08-06;56791;42391;4392934;3164323
FR;2;2021-08-07;24356;17599;4417290;3181922
FR;2;2021-08-08;3575;3670;4420865;3185592
FR;2;2021-08-09;28308;21157;4449173;3206749
FR;2;2021-08-10;43861;33556;4493034;3240305
FR;2;2021-08-11;34299;25158;4527333;3265463
FR;2;2021-08-12;40242;35759;4567575;3301222
FR;3;2020-12-27;0;0;0;0
FR;3;2020-12-28;0;0;0;0
FR;3;2020-12-29;0;0;0;0
FR;3;2020-12-30;0;0;0;0
FR;3;2020-12-31;0;0;0;0
FR;3;2021-01-01;0;0;0;0
FR;3;2021-01-02;0;0;0;0
FR;3;2021-01-03;0;0;0;0
FR;3;2021-01-04;0;0;0;0
FR;3;2021-01-05;0;0;0;0
FR;3;2021-01-06;0;0;0;0
FR;3;2021-01-07;0;0;0;0
FR;3;2021-01-08;0;0;0;0
FR;3;2021-01-09;0;0;0;0
FR;3;2021-01-10;0;0;0;0
FR;3;2021-01-11;0;0;0;0
FR;3;2021-01-12;0;0;0;0
FR;3;2021-01-13;0;0;0;0
FR;3;2021-01-14;0;0;0;0
FR;3;2021-01-15;0;0;0;0
FR;3;2021-01-16;0;0;0;0
FR;3;2021-01-17;0;0;0;0
FR;3;2021-01-18;0;0;0;0
FR;3;2021-01-19;0;0;0;0
FR;3;2021-01-20;0;0;0;0
FR;3;2021-01-21;0;0;0;0
FR;3;2021-01-22;0;0;0;0
FR;3;2021-01-23;0;0;0;0
FR;3;2021-01-24;0;0;0;0
FR;3;2021-01-25;0;0;0;0
FR;3;2021-01-26;0;0;0;0
FR;3;2021-01-27;0;0;0;0
FR;3;2021-01-28;0;0;0;0
FR;3;2021-01-29;0;0;0;0
FR;3;2021-01-30;0;0;0;0
FR;3;2021-01-31;0;0;0;0
FR;3;2021-02-01;0;0;0;0
FR;3;2021-02-02;0;0;0;0
FR;3;2021-02-03;0;0;0;0
FR;3;2021-02-04;0;0;0;0
FR;3;2021-02-05;0;0;0;0
FR;3;2021-02-06;602;0;602;0
FR;3;2021-02-07;1369;0;1971;0
FR;3;2021-02-08;2675;0;4646;0
FR;3;2021-02-09;6680;0;11326;0
FR;3;2021-02-10;9415;0;20741;0
FR;3;2021-02-11;13445;0;34186;0
FR;3;2021-02-12;13149;0;47335;0
FR;3;2021-02-13;3564;0;50899;0
FR;3;2021-02-14;884;0;51783;0
FR;3;2021-02-15;10224;0;62007;0
FR;3;2021-02-16;12293;0;74300;0
FR;3;2021-02-17;10919;0;85219;0
FR;3;2021-02-18;14699;0;99918;0
FR;3;2021-02-19;14205;0;114123;0
FR;3;2021-02-20;3218;0;117341;0
FR;3;2021-02-21;559;0;117900;0
FR;3;2021-02-22;8995;0;126895;0
FR;3;2021-02-23;11201;0;138096;0
FR;3;2021-02-24;14047;0;152143;0
FR;3;2021-02-25;44671;0;196814;0
FR;3;2021-02-26;61662;0;258476;0
FR;3;2021-02-27;34631;6;293107;6
FR;3;2021-02-28;2388;0;295495;6
FR;3;2021-03-01;20154;9;315649;15
FR;3;2021-03-02;38588;12;354237;27
FR;3;2021-03-03;48351;16;402588;43
FR;3;2021-03-04;81827;18;484415;61
FR;3;2021-03-05;117703;42;602118;103
FR;3;2021-03-06;120221;47;722339;150
FR;3;2021-03-07;54945;27;777284;177
FR;3;2021-03-08;42473;20;819757;197
FR;3;2021-03-09;78605;30;898362;227
FR;3;2021-03-10;80457;36;978819;263
FR;3;2021-03-11;127999;46;1106818;309
FR;3;2021-03-12;182224;67;1289042;376
FR;3;2021-03-13;131783;51;1420825;427
FR;3;2021-03-14;13923;4;1434748;431
FR;3;2021-03-15;51867;37;1486615;468
FR;3;2021-03-16;1019;13;1487634;481
FR;3;2021-03-17;766;6;1488400;487
FR;3;2021-03-18;1342;4;1489742;491
FR;3;2021-03-19;70134;36;1559876;527
FR;3;2021-03-20;64962;35;1624838;562
FR;3;2021-03-21;5609;4;1630447;566
FR;3;2021-03-22;37193;30;1667640;596
FR;3;2021-03-23;84253;49;1751893;645
FR;3;2021-03-24;90581;89;1842474;734
FR;3;2021-03-25;149654;114;1992128;848
FR;3;2021-03-26;165009;152;2157137;1000
FR;3;2021-03-27;68173;88;2225310;1088
FR;3;2021-03-28;6347;19;2231657;1107
FR;3;2021-03-29;53880;59;2285537;1166
FR;3;2021-03-30;92845;87;2378382;1253
FR;3;2021-03-31;63210;81;2441592;1334
FR;3;2021-04-01;85750;99;2527342;1433
FR;3;2021-04-02;86619;143;2613961;1576
FR;3;2021-04-03;35672;108;2649633;1684
FR;3;2021-04-04;3454;15;2653087;1699
FR;3;2021-04-05;4344;21;2657431;1720
FR;3;2021-04-06;29424;74;2686855;1794
FR;3;2021-04-07;32019;59;2718874;1853
FR;3;2021-04-08;78481;232;2797355;2085
FR;3;2021-04-09;161389;405;2958744;2490
FR;3;2021-04-10;75475;329;3034219;2819
FR;3;2021-04-11;7180;42;3041399;2861
FR;3;2021-04-12;51157;195;3092556;3056
FR;3;2021-04-13;85884;309;3178440;3365
FR;3;2021-04-14;67443;337;3245883;3702
FR;3;2021-04-15;92745;363;3338628;4065
FR;3;2021-04-16;112168;567;3450796;4632
FR;3;2021-04-17;53074;320;3503870;4952
FR;3;2021-04-18;9591;32;3513461;4984
FR;3;2021-04-19;24822;228;3538283;5212
FR;3;2021-04-20;45309;390;3583592;5602
FR;3;2021-04-21;38620;442;3622212;6044
FR;3;2021-04-22;54406;780;3676618;6824
FR;3;2021-04-23;70198;1009;3746816;7833
FR;3;2021-04-24;37029;969;3783845;8802
FR;3;2021-04-25;6044;152;3789889;8954
FR;3;2021-04-26;19477;648;3809366;9602
FR;3;2021-04-27;34149;1240;3843515;10842
FR;3;2021-04-28;28695;1926;3872210;12768
FR;3;2021-04-29;45100;5946;3917310;18714
FR;3;2021-04-30;55229;8921;3972539;27635
FR;3;2021-05-01;9352;1964;3981891;29599
FR;3;2021-05-02;2906;498;3984797;30097
FR;3;2021-05-03;12791;3881;3997588;33978
FR;3;2021-05-04;22788;8428;4020376;42406
FR;3;2021-05-05;18415;10568;4038791;52974
FR;3;2021-05-06;34300;20892;4073091;73866
FR;3;2021-05-07;43904;28395;4116995;102261
FR;3;2021-05-08;6572;8879;4123567;111140
FR;3;2021-05-09;1673;2651;4125240;113791
FR;3;2021-05-10;14707;12556;4139947;126347
FR;3;2021-05-11;26761;25720;4166708;152067
FR;3;2021-05-12;17009;27447;4183717;179514
FR;3;2021-05-13;2111;3483;4185828;182997
FR;3;2021-05-14;14291;25735;4200119;208732
FR;3;2021-05-15;7028;20730;4207147;229462
FR;3;2021-05-16;875;2678;4208022;232140
FR;3;2021-05-17;7701;19907;4215723;252047
FR;3;2021-05-18;13157;29628;4228880;281675
FR;3;2021-05-19;8983;31856;4237863;313531
FR;3;2021-05-20;12510;53212;4250373;366743
FR;3;2021-05-21;12481;65528;4262854;432271
FR;3;2021-05-22;4773;33296;4267627;465567
FR;3;2021-05-23;539;2665;4268166;468232
FR;3;2021-05-24;631;4915;4268797;473147
FR;3;2021-05-25;5009;45170;4273806;518317
FR;3;2021-05-26;4698;51051;4278504;569368
FR;3;2021-05-27;6046;77836;4284550;647204
FR;3;2021-05-28;7285;99100;4291835;746304
FR;3;2021-05-29;3141;60283;4294976;806587
FR;3;2021-05-30;388;8243;4295364;814830
FR;3;2021-05-31;2145;35992;4297509;850822
FR;3;2021-06-01;3062;64813;4300571;915635
FR;3;2021-06-02;2461;58355;4303032;973990
FR;3;2021-06-03;3257;87581;4306289;1061571
FR;3;2021-06-04;3912;105121;4310201;1166692
FR;3;2021-06-05;1823;52244;4312024;1218936
FR;3;2021-06-06;287;5399;4312311;1224335
FR;3;2021-06-07;1153;31182;4313464;1255517
FR;3;2021-06-08;1754;47282;4315218;1302799
FR;3;2021-06-09;1500;42395;4316718;1345194
FR;3;2021-06-10;1928;68000;4318646;1413194
FR;3;2021-06-11;2275;96799;4320921;1509993
FR;3;2021-06-12;1018;40835;4321939;1550828
FR;3;2021-06-13;158;3823;4322097;1554651
FR;3;2021-06-14;802;42665;4322899;1597316
FR;3;2021-06-15;1180;80698;4324079;1678014
FR;3;2021-06-16;1057;65782;4325136;1743796
FR;3;2021-06-17;1461;101856;4326597;1845652
FR;3;2021-06-18;1745;117924;4328342;1963576
FR;3;2021-06-19;722;39406;4329064;2002982
FR;3;2021-06-20;82;3384;4329146;2006366
FR;3;2021-06-21;588;39290;4329734;2045656
FR;3;2021-06-22;899;70019;4330633;2115675
FR;3;2021-06-23;801;50846;4331434;2166521
FR;3;2021-06-24;1170;77216;4332604;2243737
FR;3;2021-06-25;1288;89970;4333892;2333707
FR;3;2021-06-26;547;33137;4334439;2366844
FR;3;2021-06-27;94;4027;4334533;2370871
FR;3;2021-06-28;486;30460;4335019;2401331
FR;3;2021-06-29;745;56147;4335764;2457478
FR;3;2021-06-30;763;45064;4336527;2502542
FR;3;2021-07-01;1004;65663;4337531;2568205
FR;3;2021-07-02;1179;90450;4338710;2658655
FR;3;2021-07-03;542;31195;4339252;2689850
FR;3;2021-07-04;83;4275;4339335;2694125
FR;3;2021-07-05;504;33934;4339839;2728059
FR;3;2021-07-06;808;56135;4340647;2784194
FR;3;2021-07-07;748;43085;4341395;2827279
FR;3;2021-07-08;1011;60763;4342406;2888042
FR;3;2021-07-09;1151;68841;4343557;2956883
FR;3;2021-07-10;556;25054;4344113;2981937
FR;3;2021-07-11;68;3311;4344181;2985248
FR;3;2021-07-12;522;23933;4344703;3009181
FR;3;2021-07-13;1503;34769;4346206;3043950
FR;3;2021-07-14;134;2652;4346340;3046602
FR;3;2021-07-15;1825;30700;4348165;3077302
FR;3;2021-07-16;2391;38908;4350556;3116210
FR;3;2021-07-17;970;13753;4351526;3129963
FR;3;2021-07-18;200;2611;4351726;3132574
FR;3;2021-07-19;1180;17242;4352906;3149816
FR;3;2021-07-20;1712;27174;4354618;3176990
FR;3;2021-07-21;1548;19752;4356166;3196742
FR;3;2021-07-22;1732;27806;4357898;3224548
FR;3;2021-07-23;2091;30481;4359989;3255029
FR;3;2021-07-24;751;7022;4360740;3262051
FR;3;2021-07-25;159;1353;4360899;3263404
FR;3;2021-07-26;795;10736;4361694;3274140
FR;3;2021-07-27;1052;16984;4362746;3291124
FR;3;2021-07-28;854;12137;4363600;3303261
FR;3;2021-07-29;1025;15872;4364625;3319133
FR;3;2021-07-30;1033;18112;4365658;3337245
FR;3;2021-07-31;332;3751;4365990;3340996
FR;3;2021-08-01;44;484;4366034;3341480
FR;3;2021-08-02;315;5164;4366349;3346644
FR;3;2021-08-03;406;7589;4366755;3354233
FR;3;2021-08-04;358;4893;4367113;3359126
FR;3;2021-08-05;351;3749;4367464;3362875
FR;3;2021-08-06;383;4788;4367847;3367663
FR;3;2021-08-07;158;1926;4368005;3369589
FR;3;2021-08-08;41;423;4368046;3370012
FR;3;2021-08-09;209;2521;4368255;3372533
FR;3;2021-08-10;256;3899;4368511;3376432
FR;3;2021-08-11;185;2720;4368696;3379152
FR;3;2021-08-12;206;2627;4368902;3381779
FR;4;2020-12-27;0;0;0;0
FR;4;2020-12-28;0;0;0;0
FR;4;2020-12-29;0;0;0;0
FR;4;2020-12-30;0;0;0;0
FR;4;2020-12-31;0;0;0;0
FR;4;2021-01-01;0;0;0;0
FR;4;2021-01-02;0;0;0;0
FR;4;2021-01-03;0;0;0;0
FR;4;2021-01-04;0;0;0;0
FR;4;2021-01-05;0;0;0;0
FR;4;2021-01-06;0;0;0;0
FR;4;2021-01-07;0;0;0;0
FR;4;2021-01-08;0;0;0;0
FR;4;2021-01-09;0;0;0;0
FR;4;2021-01-10;0;0;0;0
FR;4;2021-01-11;0;0;0;0
FR;4;2021-01-12;0;0;0;0
FR;4;2021-01-13;0;0;0;0
FR;4;2021-01-14;0;0;0;0
FR;4;2021-01-15;0;0;0;0
FR;4;2021-01-16;0;0;0;0
FR;4;2021-01-17;0;0;0;0
FR;4;2021-01-18;0;0;0;0
FR;4;2021-01-19;0;0;0;0
FR;4;2021-01-20;0;0;0;0
FR;4;2021-01-21;0;0;0;0
FR;4;2021-01-22;0;0;0;0
FR;4;2021-01-23;0;0;0;0
FR;4;2021-01-24;0;0;0;0
FR;4;2021-01-25;0;0;0;0
FR;4;2021-01-26;0;0;0;0
FR;4;2021-01-27;0;0;0;0
FR;4;2021-01-28;0;0;0;0
FR;4;2021-01-29;0;0;0;0
FR;4;2021-01-30;0;0;0;0
FR;4;2021-01-31;0;0;0;0
FR;4;2021-02-01;0;0;0;0
FR;4;2021-02-02;0;0;0;0
FR;4;2021-02-03;0;0;0;0
FR;4;2021-02-04;0;0;0;0
FR;4;2021-02-05;0;0;0;0
FR;4;2021-02-06;0;0;0;0
FR;4;2021-02-07;0;0;0;0
FR;4;2021-02-08;0;0;0;0
FR;4;2021-02-09;0;0;0;0
FR;4;2021-02-10;0;0;0;0
FR;4;2021-02-11;0;0;0;0
FR;4;2021-02-12;0;0;0;0
FR;4;2021-02-13;0;0;0;0
FR;4;2021-02-14;0;0;0;0
FR;4;2021-02-15;0;0;0;0
FR;4;2021-02-16;0;0;0;0
FR;4;2021-02-17;0;0;0;0
FR;4;2021-02-18;0;0;0;0
FR;4;2021-02-19;0;0;0;0
FR;4;2021-02-20;0;0;0;0
FR;4;2021-02-21;0;0;0;0
FR;4;2021-02-22;0;0;0;0
FR;4;2021-02-23;0;0;0;0
FR;4;2021-02-24;0;0;0;0
FR;4;2021-02-25;0;0;0;0
FR;4;2021-02-26;0;0;0;0
FR;4;2021-02-27;0;0;0;0
FR;4;2021-02-28;0;0;0;0
FR;4;2021-03-01;0;0;0;0
FR;4;2021-03-02;0;0;0;0
FR;4;2021-03-03;0;0;0;0
FR;4;2021-03-04;0;0;0;0
FR;4;2021-03-05;0;1;0;1
FR;4;2021-03-06;0;0;0;1
FR;4;2021-03-07;0;0;0;1
FR;4;2021-03-08;0;0;0;1
FR;4;2021-03-09;0;0;0;1
FR;4;2021-03-10;0;0;0;1
FR;4;2021-03-11;0;0;0;1
FR;4;2021-03-12;0;0;0;1
FR;4;2021-03-13;0;0;0;1
FR;4;2021-03-14;0;0;0;1
FR;4;2021-03-15;0;0;0;1
FR;4;2021-03-16;0;0;0;1
FR;4;2021-03-17;0;0;0;1
FR;4;2021-03-18;0;0;0;1
FR;4;2021-03-19;0;0;0;1
FR;4;2021-03-20;0;0;0;1
FR;4;2021-03-21;0;0;0;1
FR;4;2021-03-22;0;0;0;1
FR;4;2021-03-23;0;0;0;1
FR;4;2021-03-24;0;0;0;1
FR;4;2021-03-25;0;0;0;1
FR;4;2021-03-26;0;0;0;1
FR;4;2021-03-27;0;0;0;1
FR;4;2021-03-28;0;0;0;1
FR;4;2021-03-29;0;0;0;1
FR;4;2021-03-30;0;0;0;1
FR;4;2021-03-31;0;1;0;2
FR;4;2021-04-01;0;0;0;2
FR;4;2021-04-02;0;0;0;2
FR;4;2021-04-03;0;0;0;2
FR;4;2021-04-04;0;0;0;2
FR;4;2021-04-05;0;0;0;2
FR;4;2021-04-06;0;0;0;2
FR;4;2021-04-07;0;0;0;2
FR;4;2021-04-08;0;0;0;2
FR;4;2021-04-09;0;2;0;4
FR;4;2021-04-10;0;0;0;4
FR;4;2021-04-11;0;0;0;4
FR;4;2021-04-12;0;1;0;5
FR;4;2021-04-13;0;0;0;5
FR;4;2021-04-14;0;0;0;5
FR;4;2021-04-15;0;0;0;5
FR;4;2021-04-16;0;0;0;5
FR;4;2021-04-17;0;0;0;5
FR;4;2021-04-18;0;0;0;5
FR;4;2021-04-19;0;0;0;5
FR;4;2021-04-20;0;0;0;5
FR;4;2021-04-21;0;0;0;5
FR;4;2021-04-22;0;0;0;5
FR;4;2021-04-23;2162;0;2162;5
FR;4;2021-04-24;1557;0;3719;5
FR;4;2021-04-25;122;0;3841;5
FR;4;2021-04-26;2847;0;6688;5
FR;4;2021-04-27;9445;4;16133;9
FR;4;2021-04-28;9836;3;25969;12
FR;4;2021-04-29;15944;8;41913;20
FR;4;2021-04-30;19155;7;61068;27
FR;4;2021-05-01;1936;5;63004;32
FR;4;2021-05-02;458;0;63462;32
FR;4;2021-05-03;4979;1;68441;33
FR;4;2021-05-04;8297;8;76738;41
FR;4;2021-05-05;6066;5;82804;46
FR;4;2021-05-06;11296;11;94100;57
FR;4;2021-05-07;18975;8;113075;65
FR;4;2021-05-08;2286;6;115361;71
FR;4;2021-05-09;637;2;115998;73
FR;4;2021-05-10;7139;8;123137;81
FR;4;2021-05-11;14200;12;137337;93
FR;4;2021-05-12;10058;16;147395;109
FR;4;2021-05-13;1486;3;148881;112
FR;4;2021-05-14;7654;7;156535;119
FR;4;2021-05-15;3637;8;160172;127
FR;4;2021-05-16;378;1;160550;128
FR;4;2021-05-17;4375;3;164925;131
FR;4;2021-05-18;8653;10;173578;141
FR;4;2021-05-19;5584;5;179162;146
FR;4;2021-05-20;9311;6;188473;152
FR;4;2021-05-21;12617;29;201090;181
FR;4;2021-05-22;4963;12;206053;193
FR;4;2021-05-23;445;2;206498;195
FR;4;2021-05-24;967;3;207465;198
FR;4;2021-05-25;7465;16;214930;214
FR;4;2021-05-26;7614;13;222544;227
FR;4;2021-05-27;14182;34;236726;261
FR;4;2021-05-28;26363;81;263089;342
FR;4;2021-05-29;11225;20;274314;362
FR;4;2021-05-30;870;2;275184;364
FR;4;2021-05-31;12485;19;287669;383
FR;4;2021-06-01;19968;41;307637;424
FR;4;2021-06-02;14314;33;321951;457
FR;4;2021-06-03;19237;24;341188;481
FR;4;2021-06-04;22242;45;363430;526
FR;4;2021-06-05;9592;29;373022;555
FR;4;2021-06-06;941;0;373963;555
FR;4;2021-06-07;8988;16;382951;571
FR;4;2021-06-08;14410;26;397361;597
FR;4;2021-06-09;12015;24;409376;621
FR;4;2021-06-10;15168;24;424544;645
FR;4;2021-06-11;16754;51;441298;696
FR;4;2021-06-12;7316;27;448614;723
FR;4;2021-06-13;849;3;449463;726
FR;4;2021-06-14;6480;22;455943;748
FR;4;2021-06-15;10724;32;466667;780
FR;4;2021-06-16;8723;13;475390;793
FR;4;2021-06-17;10694;24;486084;817
FR;4;2021-06-18;12232;39;498316;856
FR;4;2021-06-19;5457;24;503773;880
FR;4;2021-06-20;614;2;504387;882
FR;4;2021-06-21;4898;9;509285;891
FR;4;2021-06-22;7699;18;516984;909
FR;4;2021-06-23;6928;33;523912;942
FR;4;2021-06-24;8461;31;532373;973
FR;4;2021-06-25;9912;36;542285;1009
FR;4;2021-06-26;4634;20;546919;1029
FR;4;2021-06-27;604;2;547523;1031
FR;4;2021-06-28;4567;14;552090;1045
FR;4;2021-06-29;6794;16;558884;1061
FR;4;2021-06-30;6412;36;565296;1097
FR;4;2021-07-01;7872;26;573168;1123
FR;4;2021-07-02;9175;44;582343;1167
FR;4;2021-07-03;4694;18;587037;1185
FR;4;2021-07-04;573;5;587610;1190
FR;4;2021-07-05;4580;18;592190;1208
FR;4;2021-07-06;7463;20;599653;1228
FR;4;2021-07-07;6737;27;606390;1255
FR;4;2021-07-08;8949;37;615339;1292
FR;4;2021-07-09;10036;30;625375;1322
FR;4;2021-07-10;4468;10;629843;1332
FR;4;2021-07-11;500;0;630343;1332
FR;4;2021-07-12;5614;27;635957;1359
FR;4;2021-07-13;14002;26;649959;1385
FR;4;2021-07-14;2055;6;652014;1391
FR;4;2021-07-15;17950;32;669964;1423
FR;4;2021-07-16;22484;63;692448;1486
FR;4;2021-07-17;9514;16;701962;1502
FR;4;2021-07-18;1260;4;703222;1506
FR;4;2021-07-19;12696;26;715918;1532
FR;4;2021-07-20;17057;29;732975;1561
FR;4;2021-07-21;15273;27;748248;1588
FR;4;2021-07-22;17919;40;766167;1628
FR;4;2021-07-23;20013;48;786180;1676
FR;4;2021-07-24;9001;28;795181;1704
FR;4;2021-07-25;1186;6;796367;1710
FR;4;2021-07-26;10603;18;806970;1728
FR;4;2021-07-27;14102;25;821072;1753
FR;4;2021-07-28;12267;18;833339;1771
FR;4;2021-07-29;13653;45;846992;1816
FR;4;2021-07-30;15069;39;862061;1855
FR;4;2021-07-31;6527;11;868588;1866
FR;4;2021-08-01;757;1;869345;1867
FR;4;2021-08-02;7017;15;876362;1882
FR;4;2021-08-03;9807;21;886169;1903
FR;4;2021-08-04;8620;20;894789;1923
FR;4;2021-08-05;8833;32;903622;1955
FR;4;2021-08-06;9400;19;913022;1974
FR;4;2021-08-07;4394;21;917416;1995
FR;4;2021-08-08;668;8;918084;2003
FR;4;2021-08-09;5320;16;923404;2019
FR;4;2021-08-10;7953;14;931357;2033
FR;4;2021-08-11;7258;19;938615;2052
FR;4;2021-08-12;7606;12;946221;2064
FR;0;2020-12-27;223;0;223;0
FR;0;2020-12-28;230;0;453;0
FR;0;2020-12-29;175;0;628;0
FR;0;2020-12-30;196;0;824;0
FR;0;2020-12-31;165;0;989;0
FR;0;2021-01-01;177;0;1166;0
FR;0;2021-01-02;151;0;1317;0
FR;0;2021-01-03;183;0;1500;0
FR;0;2021-01-04;1622;0;3122;0
FR;0;2021-01-05;5588;0;8710;0
FR;0;2021-01-06;11476;0;20186;0
FR;0;2021-01-07;28910;0;49096;0
FR;0;2021-01-08;36575;0;85671;0
FR;0;2021-01-09;11026;0;96697;0
FR;0;2021-01-10;5719;0;102416;0
FR;0;2021-01-11;39439;0;141855;0
FR;0;2021-01-12;61425;0;203280;0
FR;0;2021-01-13;64406;0;267686;0
FR;0;2021-01-14;81187;0;348873;0
FR;0;2021-01-15;68251;0;417124;0
FR;0;2021-01-16;19922;77;437046;77
FR;0;2021-01-17;10638;42;447684;119
FR;0;2021-01-18;85078;161;532762;280
FR;0;2021-01-19;129551;125;662313;405
FR;0;2021-01-20;136344;157;798657;562
FR;0;2021-01-21;156762;132;955419;694
FR;0;2021-01-22;119926;160;1075345;854
FR;0;2021-01-23;38080;50;1113425;904
FR;0;2021-01-24;9489;27;1122914;931
FR;0;2021-01-25;77451;1215;1200365;2146
FR;0;2021-01-26;99613;3109;1299978;5255
FR;0;2021-01-27;106417;5593;1406395;10848
FR;0;2021-01-28;123401;14357;1529796;25205
FR;0;2021-01-29;91441;17282;1621237;42487
FR;0;2021-01-30;28846;4223;1650083;46710
FR;0;2021-01-31;4996;1679;1655079;48389
FR;0;2021-02-01;52004;21121;1707083;69510
FR;0;2021-02-02;71331;34558;1778414;104068
FR;0;2021-02-03;71514;36957;1849928;141025
FR;0;2021-02-04;81180;50043;1931108;191068
FR;0;2021-02-05;67560;45330;1998668;236398
FR;0;2021-02-06;21730;10396;2020398;246794
FR;0;2021-02-07;4933;5041;2025331;251835
FR;0;2021-02-08;46215;45971;2071546;297806
FR;0;2021-02-09;65323;72398;2136869;370204
FR;0;2021-02-10;69901;76719;2206770;446923
FR;0;2021-02-11;86294;99138;2293064;546061
FR;0;2021-02-12;78311;74212;2371375;620273
FR;0;2021-02-13;21865;19483;2393240;639756
FR;0;2021-02-14;4703;7191;2397943;646947
FR;0;2021-02-15;37377;76501;2435320;723448
FR;0;2021-02-16;49598;100725;2484918;824173
FR;0;2021-02-17;49699;102987;2534617;927160
FR;0;2021-02-18;68781;118519;2603398;1045679
FR;0;2021-02-19;64332;90744;2667730;1136423
FR;0;2021-02-20;18185;28421;2685915;1164844
FR;0;2021-02-21;2995;6372;2688910;1171216
FR;0;2021-02-22;36829;73138;2725739;1244354
FR;0;2021-02-23;53029;84048;2778768;1328402
FR;0;2021-02-24;58912;81115;2837680;1409517
FR;0;2021-02-25;99570;91374;2937250;1500891
FR;0;2021-02-26;112509;71010;3049759;1571901
FR;0;2021-02-27;51548;21979;3101307;1593880
FR;0;2021-02-28;5840;4413;3107147;1598293
FR;0;2021-03-01;64354;52784;3171501;1651077
FR;0;2021-03-02;100170;66251;3271671;1717328
FR;0;2021-03-03;114877;65546;3386548;1782874
FR;0;2021-03-04;162083;68878;3548631;1851752
FR;0;2021-03-05;199358;63362;3747989;1915114
FR;0;2021-03-06;206775;17813;3954764;1932927
FR;0;2021-03-07;120540;5469;4075304;1938396
FR;0;2021-03-08;105866;50794;4181170;1989190
FR;0;2021-03-09;171069;56776;4352239;2045966
FR;0;2021-03-10;177149;57208;4529388;2103174
FR;0;2021-03-11;241149;63107;4770537;2166281
FR;0;2021-03-12;293114;53518;5063651;2219799
FR;0;2021-03-13;230032;15306;5293683;2235105
FR;0;2021-03-14;62710;3434;5356393;2238539
FR;0;2021-03-15;157129;32639;5513522;2271178
FR;0;2021-03-16;140308;39525;5653830;2310703
FR;0;2021-03-17;149240;38790;5803070;2349493
FR;0;2021-03-18;166339;44626;5969409;2394119
FR;0;2021-03-19;228500;37471;6197909;2431590
FR;0;2021-03-20;165663;11783;6363572;2443373
FR;0;2021-03-21;49229;2626;6412801;2445999
FR;0;2021-03-22;168531;34284;6581332;2480283
FR;0;2021-03-23;248639;42404;6829971;2522687
FR;0;2021-03-24;255217;43847;7085188;2566534
FR;0;2021-03-25;340073;44754;7425261;2611288
FR;0;2021-03-26;357210;41904;7782471;2653192
FR;0;2021-03-27;194273;16649;7976744;2669841
FR;0;2021-03-28;58792;3732;8035536;2673573
FR;0;2021-03-29;201775;54288;8237311;2727861
FR;0;2021-03-30;283788;69686;8521099;2797547
FR;0;2021-03-31;261371;72935;8782470;2870482
FR;0;2021-04-01;312604;87823;9095074;2958305
FR;0;2021-04-02;279675;92142;9374749;3050447
FR;0;2021-04-03;140011;61860;9514760;3112307
FR;0;2021-04-04;45253;18665;9560013;3130972
FR;0;2021-04-05;59464;11005;9619477;3141977
FR;0;2021-04-06;215202;107871;9834679;3249848
FR;0;2021-04-07;258043;115463;10092722;3365311
FR;0;2021-04-08;335261;121433;10427983;3486744
FR;0;2021-04-09;407807;116501;10835790;3603245
FR;0;2021-04-10;211385;82754;11047175;3685999
FR;0;2021-04-11;55360;34596;11102535;3720595
FR;0;2021-04-12;235324;115228;11337859;3835823
FR;0;2021-04-13;307371;144975;11645230;3980798
FR;0;2021-04-14;291846;139422;11937076;4120220
FR;0;2021-04-15;334097;147874;12271173;4268094
FR;0;2021-04-16;337434;145787;12608607;4413881
FR;0;2021-04-17;187577;90262;12796184;4504143
FR;0;2021-04-18;50885;35427;12847069;4539570
FR;0;2021-04-19;203936;138392;13051005;4677962
FR;0;2021-04-20;252201;170733;13303206;4848695
FR;0;2021-04-21;251057;168814;13554263;5017509
FR;0;2021-04-22;285378;188268;13839641;5205777
FR;0;2021-04-23;294292;183285;14133933;5389062
FR;0;2021-04-24;189158;111577;14323091;5500639
FR;0;2021-04-25;68804;38871;14391895;5539510
FR;0;2021-04-26;219278;156114;14611173;5695624
FR;0;2021-04-27;282566;187517;14893739;5883141
FR;0;2021-04-28;297504;183218;15191243;6066359
FR;0;2021-04-29;354845;196144;15546088;6262503
FR;0;2021-04-30;370036;184851;15916124;6447354
FR;0;2021-05-01;164991;52536;16081115;6499890
FR;0;2021-05-02;90668;37831;16171783;6537721
FR;0;2021-05-03;285734;169656;16457517;6707377
FR;0;2021-05-04;312603;224324;16770120;6931701
FR;0;2021-05-05;322940;224544;17093060;7156245
FR;0;2021-05-06;375786;239218;17468846;7395463
FR;0;2021-05-07;369824;257350;17838670;7652813
FR;0;2021-05-08;220414;66922;18059084;7719735
FR;0;2021-05-09;128784;46758;18187868;7766493
FR;0;2021-05-10;308776;229033;18496644;7995526
FR;0;2021-05-11;400614;258195;18897258;8253721
FR;0;2021-05-12;430080;233254;19327338;8486975
FR;0;2021-05-13;335473;56900;19662811;8543875
FR;0;2021-05-14;450408;167546;20113219;8711421
FR;0;2021-05-15;371430;94032;20484649;8805453
FR;0;2021-05-16;201308;20832;20685957;8826285
FR;0;2021-05-17;373072;149185;21059029;8975470
FR;0;2021-05-18;455785;153207;21514814;9128677
FR;0;2021-05-19;463947;145390;21978761;9274067
FR;0;2021-05-20;503410;160410;22482171;9434477
FR;0;2021-05-21;486112;174598;22968283;9609075
FR;0;2021-05-22;345083;79907;23313366;9688982
FR;0;2021-05-23;160611;14446;23473977;9703428
FR;0;2021-05-24;261205;33257;23735182;9736685
FR;0;2021-05-25;396862;189364;24132044;9926049
FR;0;2021-05-26;410236;188221;24542280;10114270
FR;0;2021-05-27;446539;218752;24988819;10333022
FR;0;2021-05-28;426588;259705;25415407;10592727
FR;0;2021-05-29;297356;149459;25712763;10742186
FR;0;2021-05-30;106070;32630;25818833;10774816
FR;0;2021-05-31;355454;203580;26174287;10978396
FR;0;2021-06-01;421778;251715;26596065;11230111
FR;0;2021-06-02;412000;230959;27008065;11461070
FR;0;2021-06-03;457848;258752;27465913;11719822
FR;0;2021-06-04;451010;304937;27916923;12024759
FR;0;2021-06-05;302074;189111;28218997;12213870
FR;0;2021-06-06;131231;49141;28350228;12263011
FR;0;2021-06-07;334162;262515;28684390;12525526
FR;0;2021-06-08;389457;291366;29073847;12816892
FR;0;2021-06-09;379923;276023;29453770;13092915
FR;0;2021-06-10;397588;289480;29851358;13382395
FR;0;2021-06-11;383239;357649;30234597;13740044
FR;0;2021-06-12;281013;211539;30515610;13951583
FR;0;2021-06-13;103663;74100;30619273;14025683
FR;0;2021-06-14;237554;356072;30856827;14381755
FR;0;2021-06-15;303805;386197;31160632;14767952
FR;0;2021-06-16;310059;357878;31470691;15125830
FR;0;2021-06-17;313801;372325;31784492;15498155
FR;0;2021-06-18;318037;442922;32102529;15941077
FR;0;2021-06-19;222802;274059;32325331;16215136
FR;0;2021-06-20;72222;102655;32397553;16317791
FR;0;2021-06-21;192599;402251;32590152;16720042
FR;0;2021-06-22;220169;467514;32810321;17187556
FR;0;2021-06-23;230778;440080;33041099;17627636
FR;0;2021-06-24;238822;409477;33279921;18037113
FR;0;2021-06-25;224053;522510;33503974;18559623
FR;0;2021-06-26;151671;370975;33655645;18930598
FR;0;2021-06-27;54986;156447;33710631;19087045
FR;0;2021-06-28;152320;453424;33862951;19540469
FR;0;2021-06-29;180359;505797;34043310;20046266
FR;0;2021-06-30;200409;481364;34243719;20527630
FR;0;2021-07-01;218162;457938;34461881;20985568
FR;0;2021-07-02;217150;520670;34679031;21506238
FR;0;2021-07-03;139569;369010;34818600;21875248
FR;0;2021-07-04;55650;141399;34874250;22016647
FR;0;2021-07-05;161664;419692;35035914;22436339
FR;0;2021-07-06;190737;475246;35226651;22911585
FR;0;2021-07-07;205849;439722;35432500;23351307
FR;0;2021-07-08;226160;424367;35658660;23775674
FR;0;2021-07-09;221643;510047;35880303;24285721
FR;0;2021-07-10;145815;339868;36026118;24625589
FR;0;2021-07-11;59018;110163;36085136;24735752
FR;0;2021-07-12;163752;478433;36248888;25214185
FR;0;2021-07-13;281943;527977;36530831;25742162
FR;0;2021-07-14;177084;157947;36707915;25900109
FR;0;2021-07-15;340095;502762;37048010;26402871
FR;0;2021-07-16;372073;496470;37420083;26899341
FR;0;2021-07-17;255450;320197;37675533;27219538
FR;0;2021-07-18;108367;115072;37783900;27334610
FR;0;2021-07-19;279017;425648;38062917;27760258
FR;0;2021-07-20;370213;453349;38433130;28213607
FR;0;2021-07-21;389560;408676;38822690;28622283
FR;0;2021-07-22;434232;388739;39256922;29011022
FR;0;2021-07-23;430402;423137;39687324;29434159
FR;0;2021-07-24;281127;270188;39968451;29704347
FR;0;2021-07-25;119087;80262;40087538;29784609
FR;0;2021-07-26;340516;324004;40428054;30108613
FR;0;2021-07-27;454625;320990;40882679;30429603
FR;0;2021-07-28;449553;290525;41332232;30720128
FR;0;2021-07-29;481665;277016;41813897;30997144
FR;0;2021-07-30;451430;302979;42265327;31300123
FR;0;2021-07-31;281127;185100;42546454;31485223
FR;0;2021-08-01;107226;50098;42653680;31535321
FR;0;2021-08-02;318813;234419;42972493;31769740
FR;0;2021-08-03;385370;245464;43357863;32015204
FR;0;2021-08-04;372692;210454;43730555;32225658
FR;0;2021-08-05;355836;228916;44086391;32454574
FR;0;2021-08-06;349024;272177;44435415;32726751
FR;0;2021-08-07;208007;178765;44643422;32905516
FR;0;2021-08-08;70970;63373;44714392;32968889
FR;0;2021-08-09;249569;260272;44963961;33229161
FR;0;2021-08-10;296704;278853;45260665;33508014
FR;0;2021-08-11;270977;260994;45531642;33769008
FR;0;2021-08-12;260750;278577;45792392;34047585
