fra;vaccin;jour;n_dose1;n_dose2;n_dose3;n_dose4;n_rappel;n_cum_dose1;n_cum_dose2;n_cum_dose3;n_cum_dose4;n_cum_rappel
FR;1;2020-12-27;609;0;0;0;0;609;0;0;0;0
FR;1;2020-12-28;679;1;0;0;0;1288;1;0;0;0
FR;1;2020-12-29;382;0;0;0;0;1670;1;0;0;0
FR;1;2020-12-30;442;0;0;0;0;2112;1;0;0;0
FR;1;2020-12-31;439;1;0;0;0;2551;2;0;0;0
FR;1;2021-01-01;1151;2;0;0;0;3702;4;0;0;0
FR;1;2021-01-02;362;3;0;0;0;4064;7;0;0;0
FR;1;2021-01-03;402;0;0;0;0;4466;7;0;0;0
FR;1;2021-01-04;2103;3;0;0;0;6569;10;0;0;0
FR;1;2021-01-05;7746;3;0;0;0;14315;13;0;0;0
FR;1;2021-01-06;12454;16;0;0;0;26769;29;0;0;0
FR;1;2021-01-07;29459;14;0;0;0;56228;43;0;0;0
FR;1;2021-01-08;37140;15;0;0;0;93368;58;0;0;0
FR;1;2021-01-09;11212;7;0;0;0;104580;65;0;0;0
FR;1;2021-01-10;6003;5;0;0;0;110583;70;0;0;0
FR;1;2021-01-11;39932;20;0;0;0;150515;90;0;0;0
FR;1;2021-01-12;62133;19;0;0;0;212648;109;0;0;0
FR;1;2021-01-13;65116;38;0;0;0;277764;147;0;0;0
FR;1;2021-01-14;81446;130;0;0;0;359210;277;0;0;0
FR;1;2021-01-15;68607;49;0;0;0;427817;326;0;0;0
FR;1;2021-01-16;19897;72;0;0;0;447714;398;0;0;0
FR;1;2021-01-17;10901;50;0;0;0;458615;448;0;0;0
FR;1;2021-01-18;82824;167;0;0;0;541439;615;0;0;0
FR;1;2021-01-19;125915;183;0;0;0;667354;798;0;0;0
FR;1;2021-01-20;132405;181;0;0;0;799759;979;0;0;0
FR;1;2021-01-21;153053;165;0;0;0;952812;1144;0;0;0
FR;1;2021-01-22;115940;214;0;0;0;1068752;1358;0;0;0
FR;1;2021-01-23;36606;68;0;0;0;1105358;1426;0;0;0
FR;1;2021-01-24;9582;94;0;0;0;1114940;1520;0;0;0
FR;1;2021-01-25;74420;1318;0;0;0;1189360;2838;0;0;0
FR;1;2021-01-26;96451;3428;1;0;0;1285811;6266;1;0;0
FR;1;2021-01-27;103637;6052;0;0;0;1389448;12318;1;0;0
FR;1;2021-01-28;120596;15360;0;0;0;1510044;27678;1;0;0
FR;1;2021-01-29;88888;18012;0;0;0;1598932;45690;1;0;0
FR;1;2021-01-30;27991;4396;0;0;0;1626923;50086;1;0;0
FR;1;2021-01-31;5187;1799;0;0;0;1632110;51885;1;0;0
FR;1;2021-02-01;49715;21839;0;0;0;1681825;73724;1;0;0
FR;1;2021-02-02;67808;36455;0;0;0;1749633;110179;1;0;0
FR;1;2021-02-03;67081;38756;0;0;0;1816714;148935;1;0;0
FR;1;2021-02-04;77133;52610;0;0;0;1893847;201545;1;0;0
FR;1;2021-02-05;63415;46645;0;0;0;1957262;248190;1;0;0
FR;1;2021-02-06;19415;10959;0;0;0;1976677;259149;1;0;0
FR;1;2021-02-07;3662;5532;0;0;0;1980339;264681;1;0;0
FR;1;2021-02-08;36492;47485;0;0;0;2016831;312166;1;0;0
FR;1;2021-02-09;50797;75682;0;0;0;2067628;387848;1;0;0
FR;1;2021-02-10;52060;80454;0;0;0;2119688;468302;1;0;0
FR;1;2021-02-11;63367;102395;0;0;0;2183055;570697;1;0;0
FR;1;2021-02-12;55851;75091;0;0;0;2238906;645788;1;0;0
FR;1;2021-02-13;15462;19358;0;0;0;2254368;665146;1;0;0
FR;1;2021-02-14;3746;7343;0;0;0;2258114;672489;1;0;0
FR;1;2021-02-15;24140;73687;0;0;0;2282254;746176;1;0;0
FR;1;2021-02-16;32771;96508;0;0;0;2315025;842684;1;0;0
FR;1;2021-02-17;35114;101004;20;0;0;2350139;943688;21;0;0
FR;1;2021-02-18;49440;116459;0;0;0;2399579;1060147;21;0;0
FR;1;2021-02-19;45376;87055;1;0;0;2444955;1147202;22;0;0
FR;1;2021-02-20;13386;27204;0;0;0;2458341;1174406;22;0;0
FR;1;2021-02-21;2456;6115;0;0;0;2460797;1180521;22;0;0
FR;1;2021-02-22;24716;69589;2;0;0;2485513;1250110;24;0;0
FR;1;2021-02-23;37425;81148;1;0;0;2522938;1331258;25;0;0
FR;1;2021-02-24;40691;78700;1;0;0;2563629;1409958;26;0;0
FR;1;2021-02-25;50154;87940;1;0;0;2613783;1497898;27;0;0
FR;1;2021-02-26;47210;67635;1;0;0;2660993;1565533;28;0;0
FR;1;2021-02-27;15673;21231;1;0;0;2676666;1586764;29;0;0
FR;1;2021-02-28;3553;4204;2;0;0;2680219;1590968;31;0;0
FR;1;2021-03-01;40174;49915;1;0;0;2720393;1640883;32;0;0
FR;1;2021-03-02;55971;62178;3;0;0;2776364;1703061;35;0;0
FR;1;2021-03-03;61233;60529;0;0;0;2837597;1763590;35;0;0
FR;1;2021-03-04;72989;67055;3;0;0;2910586;1830645;38;0;0
FR;1;2021-03-05;74759;58805;3;0;0;2985345;1889450;41;0;0
FR;1;2021-03-06;82454;15903;2;0;0;3067799;1905353;43;0;0
FR;1;2021-03-07;63721;4606;1;0;0;3131520;1909959;44;0;0
FR;1;2021-03-08;60159;41704;2;0;0;3191679;1951663;46;0;0
FR;1;2021-03-09;85983;47779;1;0;0;3277662;1999442;47;0;0
FR;1;2021-03-10;90903;47898;5;0;0;3368565;2047340;52;0;0
FR;1;2021-03-11;105065;54408;1;0;0;3473630;2101748;53;0;0
FR;1;2021-03-12;104110;45062;1;0;0;3577740;2146810;54;0;0
FR;1;2021-03-13;89190;12639;1;0;0;3666930;2159449;55;0;0
FR;1;2021-03-14;44451;2823;1;0;0;3711381;2162272;56;0;0
FR;1;2021-03-15;95503;28452;3;0;0;3806884;2190724;59;0;0
FR;1;2021-03-16;123585;34341;5;0;0;3930469;2225065;64;0;0
FR;1;2021-03-17;129295;33958;4;0;0;4059764;2259023;68;0;0
FR;1;2021-03-18;142881;39377;5;0;0;4202645;2298400;73;0;0
FR;1;2021-03-19;136231;32407;2;0;0;4338876;2330807;75;0;0
FR;1;2021-03-20;75991;9893;1;0;0;4414867;2340700;76;0;0
FR;1;2021-03-21;26506;2183;1;0;0;4441373;2342883;77;0;0
FR;1;2021-03-22;114749;30713;2;0;0;4556122;2373596;79;0;0
FR;1;2021-03-23;143023;38071;1;0;0;4699145;2411667;80;0;0
FR;1;2021-03-24;141993;38486;0;0;0;4841138;2450153;80;0;0
FR;1;2021-03-25;164991;39662;4;0;0;5006129;2489815;84;0;0
FR;1;2021-03-26;166385;37539;5;1;0;5172514;2527354;89;1;0
FR;1;2021-03-27;110877;15394;1;0;0;5283391;2542748;90;1;0
FR;1;2021-03-28;42302;4121;3;0;0;5325693;2546869;93;1;0
FR;1;2021-03-29;129806;49354;4;0;0;5455499;2596223;97;1;0
FR;1;2021-03-30;167711;63700;5;0;0;5623210;2659923;102;1;0
FR;1;2021-03-31;170920;67528;4;0;0;5794130;2727451;106;1;0
FR;1;2021-04-01;194770;82180;10;0;0;5988900;2809631;116;1;0
FR;1;2021-04-02;164438;85790;7;0;0;6153338;2895421;123;1;0
FR;1;2021-04-03;88238;58103;5;0;0;6241576;2953524;128;1;0
FR;1;2021-04-04;33652;17709;0;0;0;6275228;2971233;128;1;0
FR;1;2021-04-05;46396;9832;11;0;0;6321624;2981065;139;1;0
FR;1;2021-04-06;160294;103487;17;0;0;6481918;3084552;156;1;0
FR;1;2021-04-07;196970;108063;16;0;0;6678888;3192615;172;1;0
FR;1;2021-04-08;222106;113305;13;0;0;6900994;3305920;185;1;0
FR;1;2021-04-09;214542;107747;21;0;0;7115536;3413667;206;1;0
FR;1;2021-04-10;117170;73238;14;0;0;7232706;3486905;220;1;0
FR;1;2021-04-11;40887;30028;6;0;0;7273593;3516933;226;1;0
FR;1;2021-04-12;168457;104238;46;0;0;7442050;3621171;272;1;0
FR;1;2021-04-13;203788;127919;97;1;0;7645838;3749090;369;2;0
FR;1;2021-04-14;208601;122683;207;0;0;7854439;3871773;576;2;0
FR;1;2021-04-15;221653;127541;311;0;0;8076092;3999314;887;2;0
FR;1;2021-04-16;206042;125325;308;0;0;8282134;4124639;1195;2;0
FR;1;2021-04-17;122078;67162;103;0;0;8404212;4191801;1298;2;0
FR;1;2021-04-18;35961;20950;41;0;0;8440173;4212751;1339;2;0
FR;1;2021-04-19;163732;121613;432;0;0;8603905;4334364;1771;2;0
FR;1;2021-04-20;189405;149180;531;0;0;8793310;4483544;2302;2;0
FR;1;2021-04-21;193980;147131;759;0;0;8987290;4630675;3061;2;0
FR;1;2021-04-22;209016;163563;776;0;0;9196306;4794238;3837;2;0
FR;1;2021-04-23;198939;157353;671;0;0;9395245;4951591;4508;2;0
FR;1;2021-04-24;126324;95604;148;0;0;9521569;5047195;4656;2;0
FR;1;2021-04-25;53625;30023;46;0;0;9575194;5077218;4702;2;0
FR;1;2021-04-26;181122;139064;540;0;0;9756316;5216282;5242;2;0
FR;1;2021-04-27;221349;162139;900;0;0;9977665;5378421;6142;2;0
FR;1;2021-04-28;238274;155440;1312;1;1;10215939;5533861;7454;3;1
FR;1;2021-04-29;270262;160793;1208;0;0;10486201;5694654;8662;3;1
FR;1;2021-04-30;271962;148402;1071;0;0;10758163;5843056;9733;3;1
FR;1;2021-05-01;141137;40607;172;0;0;10899300;5883663;9905;3;1
FR;1;2021-05-02;81535;28119;81;0;0;10980835;5911782;9986;3;1
FR;1;2021-05-03;250759;144279;802;0;0;11231594;6056061;10788;3;1
FR;1;2021-05-04;265853;187247;1199;0;0;11497447;6243308;11987;3;1
FR;1;2021-05-05;283858;185283;1265;0;0;11781305;6428591;13252;3;1
FR;1;2021-05-06;309942;183675;1501;0;0;12091247;6612266;14753;3;1
FR;1;2021-05-07;284076;195955;1125;0;0;12375323;6808221;15878;3;1
FR;1;2021-05-08;191651;49736;285;0;0;12566974;6857957;16163;3;1
FR;1;2021-05-09;114049;35328;236;0;0;12681023;6893285;16399;3;1
FR;1;2021-05-10;258193;194344;1184;0;0;12939216;7087629;17583;3;1
FR;1;2021-05-11;318865;210935;1463;0;0;13258081;7298564;19046;3;1
FR;1;2021-05-12;356605;185812;1399;0;0;13614686;7484376;20445;3;1
FR;1;2021-05-13;283429;47576;400;0;0;13898115;7531952;20845;3;1
FR;1;2021-05-14;370471;128541;994;0;0;14268586;7660493;21839;3;1
FR;1;2021-05-15;298076;66136;403;0;0;14566662;7726629;22242;3;1
FR;1;2021-05-16;157767;15493;158;0;0;14724429;7742122;22400;3;1
FR;1;2021-05-17;318918;116210;1439;0;0;15043347;7858332;23839;3;1
FR;1;2021-05-18;383305;111341;1797;0;0;15426652;7969673;25636;3;1
FR;1;2021-05-19;395243;102187;2178;0;0;15821895;8071860;27814;3;1
FR;1;2021-05-20;421779;95944;2044;0;0;16243674;8167804;29858;3;1
FR;1;2021-05-21;399788;97232;1760;0;0;16643462;8265036;31618;3;1
FR;1;2021-05-22;275674;41939;602;0;0;16919136;8306975;32220;3;1
FR;1;2021-05-23;123009;11065;224;0;0;17042145;8318040;32444;3;1
FR;1;2021-05-24;244000;26255;569;0;0;17286145;8344295;33013;3;1
FR;1;2021-05-25;366219;131575;2110;1;0;17652364;8475870;35123;4;1
FR;1;2021-05-26;380800;126353;1991;0;0;18033164;8602223;37114;4;1
FR;1;2021-05-27;406124;128036;1975;0;0;18439288;8730259;39089;4;1
FR;1;2021-05-28;366009;145379;1698;0;0;18805297;8875638;40787;4;1
FR;1;2021-05-29;253820;80913;526;0;0;19059117;8956551;41313;4;1
FR;1;2021-05-30;100970;22568;157;0;0;19160087;8979119;41470;4;1
FR;1;2021-05-31;314295;148899;1281;1;1;19474382;9128018;42751;5;2
FR;1;2021-06-01;361591;166528;1726;1;1;19835973;9294546;44477;6;3
FR;1;2021-06-02;365353;153558;1795;0;0;20201326;9448104;46272;6;3
FR;1;2021-06-03;391373;147546;1651;0;0;20592699;9595650;47923;6;3
FR;1;2021-06-04;364017;175603;1494;1;1;20956716;9771253;49417;7;4
FR;1;2021-06-05;258495;112689;596;0;0;21215211;9883942;50013;7;4
FR;1;2021-06-06;126793;37554;215;0;0;21342004;9921496;50228;7;4
FR;1;2021-06-07;300853;207821;1364;0;0;21642857;10129317;51592;7;4
FR;1;2021-06-08;330713;220711;1642;0;0;21973570;10350028;53234;7;4
FR;1;2021-06-09;336509;211837;1609;0;0;22310079;10561865;54843;7;4
FR;1;2021-06-10;343843;201432;1610;0;0;22653922;10763297;56453;7;4
FR;1;2021-06-11;311858;234987;1299;0;0;22965780;10998284;57752;7;4
FR;1;2021-06-12;244059;150615;434;0;0;23209839;11148899;58186;7;4
FR;1;2021-06-13;100360;60995;188;0;0;23310199;11209894;58374;7;4
FR;1;2021-06-14;207826;288233;1317;1;0;23518025;11498127;59691;8;4
FR;1;2021-06-15;256814;281775;1393;1;0;23774839;11779902;61084;9;4
FR;1;2021-06-16;273627;270564;1263;1;0;24048466;12050466;62347;10;4
FR;1;2021-06-17;268181;244794;1235;1;0;24316647;12295260;63582;11;4
FR;1;2021-06-18;260578;295501;1152;1;0;24577225;12590761;64734;12;4
FR;1;2021-06-19;193440;209495;387;0;0;24770665;12800256;65121;12;4
FR;1;2021-06-20;69695;89124;117;0;0;24840360;12889380;65238;12;4
FR;1;2021-06-21;172336;319762;932;1;1;25012696;13209142;66170;13;5
FR;1;2021-06-22;185840;347859;1100;10;2;25198536;13557001;67270;23;7
FR;1;2021-06-23;204177;339516;1049;0;0;25402713;13896517;68319;23;7
FR;1;2021-06-24;203509;282042;1171;0;0;25606222;14178559;69490;23;7
FR;1;2021-06-25;182644;371775;1197;0;0;25788866;14550334;70687;23;7
FR;1;2021-06-26;131373;278382;503;0;0;25920239;14828716;71190;23;7
FR;1;2021-06-27;52398;122899;145;0;0;25972637;14951615;71335;23;7
FR;1;2021-06-28;136636;368178;1062;0;0;26109273;15319793;72397;23;7
FR;1;2021-06-29;154860;390865;1849;0;0;26264133;15710658;74246;23;7
FR;1;2021-06-30;180030;381489;1664;4;2;26444163;16092147;75910;27;9
FR;1;2021-07-01;201448;332262;1886;5;1;26645611;16424409;77796;32;10
FR;1;2021-07-02;193762;367530;1765;5;2;26839373;16791939;79561;37;12
FR;1;2021-07-03;124474;280430;704;3;1;26963847;17072369;80265;40;13
FR;1;2021-07-04;53945;113691;244;0;0;27017792;17186060;80509;40;13
FR;1;2021-07-05;153912;355966;1500;8;2;27171704;17542026;82009;48;15
FR;1;2021-07-06;173462;382420;1601;45;8;27345166;17924446;83610;93;23
FR;1;2021-07-07;190760;362464;1657;25;4;27535926;18286910;85267;118;27
FR;1;2021-07-08;201538;323078;1826;20;6;27737464;18609988;87093;138;33
FR;1;2021-07-09;189918;387860;1853;3;2;27927382;18997848;88946;141;35
FR;1;2021-07-10;129930;281167;814;1;1;28057312;19279015;89760;142;36
FR;1;2021-07-11;57664;102522;262;0;0;28114976;19381537;90022;142;36
FR;1;2021-07-12;149663;416974;1581;4;0;28264639;19798511;91603;146;36
FR;1;2021-07-13;234235;439335;1805;8;1;28498874;20237846;93408;154;37
FR;1;2021-07-14;171872;151452;417;0;0;28670746;20389298;93825;154;37
FR;1;2021-07-15;279642;424575;1858;1;0;28950388;20813873;95683;155;37
FR;1;2021-07-16;290397;400953;1711;3;1;29240785;21214826;97394;158;38
FR;1;2021-07-17;217327;282052;754;1;0;29458112;21496878;98148;159;38
FR;1;2021-07-18;101985;107250;288;0;0;29560097;21604128;98436;159;38
FR;1;2021-07-19;238166;378898;1497;3;0;29798263;21983026;99933;162;38
FR;1;2021-07-20;305712;380419;1469;0;0;30103975;22363445;101402;162;38
FR;1;2021-07-21;333234;353151;1412;4;2;30437209;22716596;102814;166;40
FR;1;2021-07-22;364631;319019;1502;3;2;30801840;23035615;104316;169;42
FR;1;2021-07-23;349361;343362;1588;4;1;31151201;23378977;105904;173;43
FR;1;2021-07-24;238950;240874;697;1;0;31390151;23619851;106601;174;43
FR;1;2021-07-25;112770;76030;222;0;0;31502921;23695881;106823;174;43
FR;1;2021-07-26;299049;289753;1495;2;2;31801970;23985634;108318;176;45
FR;1;2021-07-27;385757;268413;1457;4;2;32187727;24254047;109775;180;47
FR;1;2021-07-28;390135;251219;1461;4;2;32577862;24505266;111236;184;49
FR;1;2021-07-29;406057;228013;1538;2;0;32983919;24733279;112774;186;49
FR;1;2021-07-30;370645;246836;1637;4;1;33354564;24980115;114411;190;50
FR;1;2021-07-31;243363;165122;793;1;0;33597927;25145237;115204;191;50
FR;1;2021-08-01;105547;47226;232;0;0;33703474;25192463;115436;191;50
FR;1;2021-08-02;297107;213100;1479;2;0;34000581;25405563;116915;193;50
FR;1;2021-08-03;331274;208949;1549;2;1;34331855;25614512;118464;195;51
FR;1;2021-08-04;327945;184185;1438;5;3;34659800;25798697;119902;200;54
FR;1;2021-08-05;301205;193404;1482;0;0;34961005;25992101;121384;200;54
FR;1;2021-08-06;290899;224398;1560;3;1;35251904;26216499;122944;203;55
FR;1;2021-08-07;182625;158815;654;4;3;35434529;26375314;123598;207;58
FR;1;2021-08-08;68856;59122;251;0;0;35503385;26434436;123849;207;58
FR;1;2021-08-09;222702;235633;1443;4;3;35726087;26670069;125292;211;61
FR;1;2021-08-10;252659;240330;1489;2;1;35978746;26910399;126781;213;62
FR;1;2021-08-11;236149;232063;1271;5;1;36214895;27142462;128052;218;63
FR;1;2021-08-12;220714;240087;1487;3;1;36435609;27382549;129539;221;64
FR;1;2021-08-13;201666;238607;1357;2;2;36637275;27621156;130896;223;66
FR;1;2021-08-14;122835;174077;645;0;0;36760110;27795233;131541;223;66
FR;1;2021-08-15;34674;46126;199;1;0;36794784;27841359;131740;224;66
FR;1;2021-08-16;156900;289695;1421;0;0;36951684;28131054;133161;224;66
FR;1;2021-08-17;171554;291341;1422;5;1;37123238;28422395;134583;229;67
FR;1;2021-08-18;161372;286907;1392;6;3;37284610;28709302;135975;235;70
FR;1;2021-08-19;148882;277636;1400;1;0;37433492;28986938;137375;236;70
FR;1;2021-08-20;140459;309149;1531;2;2;37573951;29296087;138906;238;72
FR;1;2021-08-21;84255;213206;586;0;0;37658206;29509293;139492;238;72
FR;1;2021-08-22;28550;82693;232;0;0;37686756;29591986;139724;238;72
FR;1;2021-08-23;118613;321075;1422;2;1;37805369;29913061;141146;240;73
FR;1;2021-08-24;126619;319812;1602;5;1;37931988;30232873;142748;245;74
FR;1;2021-08-25;121490;306528;1779;8;3;38053478;30539401;144527;253;77
FR;1;2021-08-26;106571;286160;2161;10;0;38160049;30825561;146688;263;77
FR;1;2021-08-27;107618;321687;2301;9;3;38267667;31147248;148989;272;80
FR;1;2021-08-28;70998;220713;1099;0;0;38338665;31367961;150088;272;80
FR;1;2021-08-29;24140;78181;469;1;0;38362805;31446142;150557;273;80
FR;1;2021-08-30;96833;286475;4309;6;5077;38459638;31732617;154866;279;5157
FR;1;2021-08-31;98044;276353;9291;15;10134;38557682;32008970;164157;294;15291
FR;1;2021-09-01;112160;245349;21113;7;22127;38669842;32254319;185270;301;37418
FR;1;2021-09-02;86026;197981;24524;18;25481;38755868;32452300;209794;319;62899
FR;1;2021-09-03;82374;227600;26952;21;28012;38838242;32679900;236746;340;90911
FR;1;2021-09-04;71614;189732;11140;11;11681;38909856;32869632;247886;351;102592
FR;1;2021-09-05;18607;41158;4123;2;4280;38928463;32910790;252009;353;106872
FR;1;2021-09-06;59521;151534;30177;15;31180;38987984;33062324;282186;368;138052
FR;1;2021-09-07;57347;139713;30206;30;31199;39045331;33202037;312392;398;169251
FR;1;2021-09-08;72223;173838;26922;22;27919;39117554;33375875;339314;420;197170
FR;1;2021-09-09;54390;124519;28612;24;29667;39171944;33500394;367926;444;226837
FR;1;2021-09-10;66084;152104;30442;24;31609;39238028;33652498;398368;468;258446
FR;1;2021-09-11;52622;146620;9729;14;10337;39290650;33799118;408097;482;268783
FR;1;2021-09-12;10792;29265;2484;1;2644;39301442;33828383;410581;483;271427
FR;1;2021-09-13;51444;104506;38742;30;40002;39352886;33932889;449323;513;311429
FR;1;2021-09-14;53271;96051;51265;66;53027;39406157;34028940;500588;579;364456
FR;1;2021-09-15;60482;139291;50478;55;47013;39466639;34168231;551066;634;411469
FR;1;2021-09-16;46574;81433;53315;71;49522;39513213;34249664;604381;705;460991
FR;1;2021-09-17;53161;109366;45060;61;42662;39566374;34359030;649441;766;503653
FR;1;2021-09-18;37854;118492;11795;19;11264;39604228;34477522;661236;785;514917
FR;1;2021-09-19;6503;21035;2038;1;1976;39610731;34498557;663274;786;516893
FR;1;2021-09-20;36479;74905;46217;65;44155;39647210;34573462;709491;851;561048
FR;1;2021-09-21;34161;68148;56249;71;52666;39681371;34641610;765740;922;613714
FR;1;2021-09-22;38803;118597;49862;76;46858;39720174;34760207;815602;998;660572
FR;1;2021-09-23;31982;62883;54484;85;50862;39752156;34823090;870086;1083;711434
FR;1;2021-09-24;36758;90105;43653;89;41908;39788914;34913195;913739;1172;753342
FR;1;2021-09-25;27638;96679;12301;27;12174;39816552;35009874;926040;1199;765516
FR;1;2021-09-26;4369;15188;1772;5;1695;39820921;35025062;927812;1204;767211
FR;1;2021-09-27;27330;60226;42900;89;41603;39848251;35085288;970712;1293;808814
FR;1;2021-09-28;26880;49464;47177;75;44424;39875131;35134752;1017889;1368;853238
FR;1;2021-09-29;35882;80371;47260;87;45558;39911013;35215123;1065149;1455;898796
FR;1;2021-09-30;26033;46867;47517;80;45417;39937046;35261990;1112666;1535;944213
FR;1;2021-10-01;47266;66160;44874;83;44526;39984312;35328150;1157540;1618;988739
FR;1;2021-10-02;32362;62401;16111;32;16312;40016674;35390551;1173651;1650;1005051
FR;1;2021-10-03;4337;8565;2035;3;2030;40021011;35399116;1175686;1653;1007081
FR;1;2021-10-04;28908;44453;47093;79;46935;40049919;35443569;1222779;1732;1054016
FR;1;2021-10-05;24485;41641;49865;116;49238;40074404;35485210;1272644;1848;1103254
FR;1;2021-10-06;34616;61401;57483;102;57197;40109020;35546611;1330127;1950;1160451
FR;1;2021-10-07;21027;39873;53026;75;51904;40130047;35586484;1383153;2025;1212355
FR;1;2021-10-08;35560;59647;60382;83;61109;40165607;35646131;1443535;2108;1273464
FR;1;2021-10-09;27437;48011;25486;29;26000;40193044;35694142;1469021;2137;1299464
FR;1;2021-10-10;3704;5808;2752;7;2858;40196748;35699950;1471773;2144;1302322
FR;1;2021-10-11;24814;38191;54577;88;55223;40221562;35738141;1526350;2232;1357545
FR;1;2021-10-12;23317;36572;58050;127;59156;40244879;35774713;1584400;2359;1416701
FR;1;2021-10-13;32899;47849;64158;124;65658;40277778;35822562;1648558;2483;1482359
FR;1;2021-10-14;21659;34782;53746;103;54324;40299437;35857344;1702304;2586;1536683
FR;1;2021-10-15;32662;48805;72315;165;74962;40332099;35906149;1774619;2751;1611645
FR;1;2021-10-16;25980;35296;34862;44;36401;40358079;35941445;1809481;2795;1648046
FR;1;2021-10-17;3104;4052;3408;2;3313;40361183;35945497;1812889;2797;1651359
FR;1;2021-10-18;23940;34917;66821;131;69687;40385123;35980414;1879710;2928;1721046
FR;1;2021-10-19;20679;35542;75646;135;79539;40405802;36015956;1955356;3063;1800585
FR;1;2021-10-20;29862;44242;96165;178;99812;40435664;36060198;2051521;3241;1900397
FR;1;2021-10-21;19701;35078;83153;107;87014;40455365;36095276;2134674;3348;1987411
FR;1;2021-10-22;29683;47731;103718;196;109638;40485048;36143007;2238392;3544;2097049
FR;1;2021-10-23;23025;35156;44862;57;47371;40508073;36178163;2283254;3601;2144420
FR;1;2021-10-24;2376;3859;3580;6;3726;40510449;36182022;2286834;3607;2148146
FR;1;2021-10-25;22407;30768;82007;143;85793;40532856;36212790;2368841;3750;2233939
FR;1;2021-10-26;19318;27686;86084;162;90300;40552174;36240476;2454925;3912;2324239
FR;1;2021-10-27;26176;39660;107787;252;112655;40578350;36280136;2562712;4164;2436894
FR;1;2021-10-28;18772;27135;86924;150;91649;40597122;36307271;2649636;4314;2528543
FR;1;2021-10-29;25917;40283;114807;200;121585;40623039;36347554;2764443;4514;2650128
FR;1;2021-10-30;17687;28720;49354;74;51932;40640726;36376274;2813797;4588;2702060
FR;1;2021-10-31;2059;3179;3446;2;3682;40642785;36379453;2817243;4590;2705742
FR;1;2021-11-01;7879;4265;3027;3;3282;40650664;36383718;2820270;4593;2709024
FR;1;2021-11-02;22249;33236;92375;156;97753;40672913;36416954;2912645;4749;2806777
FR;1;2021-11-03;26559;41624;117468;215;123850;40699472;36458578;3030113;4964;2930627
FR;1;2021-11-04;19575;30338;105782;213;111888;40719047;36488916;3135895;5177;3042515
FR;1;2021-11-05;26963;42336;138751;229;147373;40746010;36531252;3274646;5406;3189888
FR;1;2021-11-06;18830;29836;63465;123;66462;40764840;36561088;3338111;5529;3256350
FR;1;2021-11-07;1803;3305;4964;6;5296;40766643;36564393;3343075;5535;3261646
FR;1;2021-11-08;17828;32295;125972;224;132579;40784471;36596688;3469047;5759;3394225
FR;1;2021-11-09;19465;37700;159263;334;169021;40803936;36634388;3628310;6093;3563246
FR;1;2021-11-10;28832;49187;181859;440;192441;40832768;36683575;3810169;6533;3755687
FR;1;2021-11-11;4045;5947;12213;26;13014;40836813;36689522;3822382;6559;3768701
FR;1;2021-11-12;25992;46889;174785;244;186419;40862805;36736411;3997167;6803;3955120
FR;1;2021-11-13;18719;29227;76812;111;81759;40881524;36765638;4073979;6914;4036879
FR;1;2021-11-14;2037;3272;6816;5;7359;40883561;36768910;4080795;6919;4044238
FR;1;2021-11-15;18735;34826;156377;304;166175;40902296;36803736;4237172;7223;4210413
FR;1;2021-11-16;21306;37926;192073;377;204895;40923602;36841662;4429245;7600;4415308
FR;1;2021-11-17;28617;45676;193193;398;204984;40952219;36887338;4622438;7998;4620292
FR;1;2021-11-18;21113;39256;182449;458;194456;40973332;36926594;4804887;8456;4814748
FR;1;2021-11-19;30865;53422;230199;530;246641;41004197;36980016;5035086;8986;5061389
FR;1;2021-11-20;23751;33272;96968;201;103613;41027948;37013288;5132054;9187;5165002
FR;1;2021-11-21;2322;3983;9103;19;9965;41030270;37017271;5141157;9206;5174967
FR;1;2021-11-22;21395;30476;175860;465;189393;41051665;37047747;5317017;9671;5364360
FR;1;2021-11-23;24002;41105;221139;539;237853;41075667;37088852;5538156;10210;5602213
FR;1;2021-11-24;30281;49789;217288;701;234432;41105948;37138641;5755444;10911;5836645
FR;1;2021-11-25;23570;44030;244422;719;264025;41129518;37182671;5999866;11630;6100670
FR;1;2021-11-26;30599;66800;356752;833;388452;41160117;37249471;6356618;12463;6489122
FR;1;2021-11-27;21898;45394;202590;371;222591;41182015;37294865;6559208;12834;6711713
FR;1;2021-11-28;3159;9635;54772;63;61022;41185174;37304500;6613980;12897;6772735
FR;1;2021-11-29;17869;49532;326328;839;354361;41203043;37354032;6940308;13736;7127096
FR;1;2021-11-30;22752;64979;431093;952;470683;41225795;37419011;7371401;14688;7597779
FR;1;2021-12-01;25262;69381;442823;1129;481698;41251057;37488392;7814224;15817;8079477
FR;1;2021-12-02;20046;64605;489324;1228;532797;41271103;37552997;8303548;17045;8612274
FR;1;2021-12-03;22875;82155;542687;1308;591720;41293978;37635152;8846235;18353;9203994
FR;1;2021-12-04;16386;53971;299055;652;328897;41310364;37689123;9145290;19005;9532891
FR;1;2021-12-05;3629;13890;81510;143;91057;41313993;37703013;9226800;19148;9623948
FR;1;2021-12-06;24843;62690;415380;1064;455097;41338836;37765703;9642180;20212;10079045
FR;1;2021-12-07;19971;75736;522890;1534;572494;41358807;37841439;10165070;21746;10651539
FR;1;2021-12-08;21674;75827;458308;1543;502019;41380481;37917266;10623378;23289;11153558
FR;1;2021-12-09;19431;74089;492852;1626;540727;41399912;37991355;11116230;24915;11694285
FR;1;2021-12-10;23296;87813;547338;1585;599960;41423208;38079168;11663568;26500;12294245
FR;1;2021-12-11;16528;59159;302715;748;335462;41439736;38138327;11966283;27248;12629707
FR;1;2021-12-12;4348;16009;83196;179;94066;41444084;38154336;12049479;27427;12723773
FR;1;2021-12-13;15735;63768;366897;1093;406207;41459819;38218104;12416376;28520;13129980
FR;1;2021-12-14;20768;80450;464636;1743;515115;41480587;38298554;12881012;30263;13645095
FR;1;2021-12-15;21576;77564;409006;1309;453091;41502163;38376118;13290018;31572;14098186
FR;1;2021-12-16;20027;77417;451778;1578;500545;41522190;38453535;13741796;33150;14598731
FR;1;2021-12-17;22579;86774;479873;1733;530948;41544769;38540309;14221669;34883;15129679
FR;1;2021-12-18;17598;54728;257586;730;288491;41562367;38595037;14479255;35613;15418170
FR;1;2021-12-19;5548;17092;79149;194;90722;41567915;38612129;14558404;35807;15508892
FR;1;2021-12-20;20898;63226;316177;1080;355258;41588813;38675355;14874581;36887;15864150
FR;1;2021-12-21;26300;73213;372683;1420;418037;41615113;38748568;15247264;38307;16282187
FR;1;2021-12-22;24941;66023;310570;1216;349559;41640054;38814591;15557834;39523;16631746
FR;1;2021-12-23;21256;52405;241439;954;273019;41661310;38866996;15799273;40477;16904765
FR;1;2021-12-24;7114;18358;67135;258;77048;41668424;38885354;15866408;40735;16981813
FR;1;2021-12-25;503;2819;5577;15;6530;41668927;38888173;15871985;40750;16988343
FR;1;2021-12-26;2749;7589;26933;71;31453;41671676;38895762;15898918;40821;17019796
FR;1;2021-12-27;18251;53609;235071;706;265728;41689927;38949371;16133989;41527;17285524
FR;1;2021-12-28;23284;62075;292000;1026;330189;41713211;39011446;16425989;42553;17615713
FR;1;2021-12-29;22206;55604;254954;919;288179;41735417;39067050;16680943;43472;17903892
FR;1;2021-12-30;21231;46591;212128;858;239600;41756648;39113641;16893071;44330;18143492
FR;1;2021-12-31;7463;16611;61849;229;70391;41764111;39130252;16954920;44559;18213883
FR;1;2022-01-01;1050;2493;5654;30;6585;41765161;39132745;16960574;44589;18220468
FR;1;2022-01-02;3058;8057;28884;50;33522;41768219;39140802;16989458;44639;18253990
FR;1;2022-01-03;22894;54230;228197;786;257649;41791113;39195032;17217655;45425;18511639
FR;1;2022-01-04;25710;65036;299207;1238;337257;41816823;39260068;17516862;46663;18848896
FR;1;2022-01-05;30094;64166;274820;1097;310164;41846917;39324234;17791682;47760;19159060
FR;1;2022-01-06;26752;66218;306853;1397;346507;41873669;39390452;18098535;49157;19505567
FR;1;2022-01-07;31543;74972;349795;1535;393933;41905212;39465424;18448330;50692;19899500
FR;1;2022-01-08;23379;51407;222479;696;251103;41928591;39516831;18670809;51388;20150603
FR;1;2022-01-09;7077;17152;66014;163;76137;41935668;39533983;18736823;51551;20226740
FR;1;2022-01-10;21715;60562;236743;953;267589;41957383;39594545;18973566;52504;20494329
FR;1;2022-01-11;26631;63504;282243;1277;317790;41984014;39658049;19255809;53781;20812119
FR;1;2022-01-12;28868;62484;246202;1104;277993;42012882;39720533;19502011;54885;21090112
FR;1;2022-01-13;24705;60178;262765;1252;296104;42037587;39780711;19764776;56137;21386216
FR;1;2022-01-14;27934;66690;313947;1367;351211;42065521;39847401;20078723;57504;21737427
FR;1;2022-01-15;19326;44393;199291;619;223865;42084847;39891794;20278014;58123;21961292
FR;1;2022-01-16;5142;12963;51514;135;59571;42089989;39904757;20329528;58258;22020863
FR;1;2022-01-17;16834;39781;184805;779;206853;42106823;39944538;20514333;59037;22227716
FR;1;2022-01-18;19401;45941;212384;1152;236997;42126224;39990479;20726717;60189;22464713
FR;1;2022-01-19;20279;44002;176073;897;197183;42146503;40034481;20902790;61086;22661896
FR;1;2022-01-20;16767;40588;183633;1137;204714;42163270;40075069;21086423;62223;22866610
FR;1;2022-01-21;19891;47108;228927;1406;253329;42183161;40122177;21315350;63629;23119939
FR;1;2022-01-22;13835;33346;144481;578;161374;42196996;40155523;21459831;64207;23281313
FR;1;2022-01-23;3349;8783;33416;131;38327;42200345;40164306;21493247;64338;23319640
FR;1;2022-01-24;11792;32989;142179;708;158245;42212137;40197295;21635426;65046;23477885
FR;1;2022-01-25;14193;38228;163362;1048;181540;42226330;40235523;21798788;66094;23659425
FR;1;2022-01-26;14857;37596;150229;932;166321;42241187;40273119;21949017;67026;23825746
FR;1;2022-01-27;12323;33157;143428;885;157936;42253510;40306276;22092445;67911;23983682
FR;1;2022-01-28;16301;55755;198288;1145;222436;42269811;40362031;22290733;69056;24206118
FR;1;2022-01-29;10263;35437;135192;524;151542;42280074;40397468;22425925;69580;24357660
FR;1;2022-01-30;2479;9274;29676;86;34469;42282553;40406742;22455601;69666;24392129
FR;1;2022-01-31;8749;32405;104326;531;117395;42291302;40439147;22559927;70197;24509524
FR;1;2022-02-01;10722;36438;127048;863;141243;42302024;40475585;22686975;71060;24650767
FR;1;2022-02-02;11799;41541;130335;780;145867;42313823;40517126;22817310;71840;24796634
FR;1;2022-02-03;9166;33813;116990;783;130361;42322989;40550939;22934300;72623;24926995
FR;1;2022-02-04;11502;48189;172555;966;192782;42334491;40599128;23106855;73589;25119777
FR;1;2022-02-05;7984;33959;117566;391;133054;42342475;40633087;23224421;73980;25252831
FR;1;2022-02-06;1695;8018;22743;85;26908;42344170;40641105;23247164;74065;25279739
FR;1;2022-02-07;7266;35450;119066;452;134974;42351436;40676555;23366230;74517;25414713
FR;1;2022-02-08;7653;31850;125620;693;140604;42359089;40708405;23491850;75210;25555317
FR;1;2022-02-09;8573;36438;135234;696;152471;42367662;40744843;23627084;75906;25707788
FR;1;2022-02-10;6886;29748;116344;673;130125;42374548;40774591;23743428;76579;25837913
FR;1;2022-02-11;8647;41485;165097;877;185317;42383195;40816076;23908525;77456;26023230
FR;1;2022-02-12;5313;27571;106688;378;120866;42388508;40843647;24015213;77834;26144096
FR;1;2022-02-13;1227;5711;21713;65;25328;42389735;40849358;24036926;77899;26169424
FR;1;2022-02-14;5435;27172;118060;392;133086;42395170;40876530;24154986;78291;26302510
FR;1;2022-02-15;5688;28666;118892;610;132514;42400858;40905196;24273878;78901;26435024
FR;1;2022-02-16;5713;28410;110403;595;123034;42406571;40933606;24384281;79496;26558058
FR;1;2022-02-17;4543;19656;73116;487;80213;42411114;40953262;24457397;79983;26638271
FR;1;2022-02-18;5590;26736;99172;670;108130;42416704;40979998;24556569;80653;26746401
FR;1;2022-02-19;3546;17161;59472;304;66050;42420250;40997159;24616041;80957;26812451
FR;1;2022-02-20;787;3247;10697;36;12321;42421037;41000406;24626738;80993;26824772
FR;1;2022-02-21;3414;14576;52811;286;57660;42424451;41014982;24679549;81279;26882432
FR;1;2022-02-22;3775;15501;51888;499;55619;42428226;41030483;24731437;81778;26938051
FR;1;2022-02-23;4201;17780;57462;508;62564;42432427;41048263;24788899;82286;27000615
FR;1;2022-02-24;3301;13027;43602;435;46392;42435728;41061290;24832501;82721;27047007
FR;1;2022-02-25;4460;19760;64887;695;68754;42440188;41081050;24897388;83416;27115761
FR;1;2022-02-26;2688;12793;41354;310;45107;42442876;41093843;24938742;83726;27160868
FR;1;2022-02-27;642;2181;7122;42;7987;42443518;41096024;24945864;83768;27168855
FR;1;2022-02-28;2596;10438;34941;304;37365;42446114;41106462;24980805;84072;27206220
FR;1;2022-03-01;3280;10643;38681;390;39628;42449394;41117105;25019486;84462;27245848
FR;1;2022-03-02;3586;12096;41834;394;43902;42452980;41129201;25061320;84856;27289750
FR;1;2022-03-03;2384;7898;26153;324;26484;42455364;41137099;25087473;85180;27316234
FR;1;2022-03-04;2670;10383;35414;589;34907;42458034;41147482;25122887;85769;27351141
FR;1;2022-03-05;1815;6333;21956;278;22348;42459849;41153815;25144843;86047;27373489
FR;1;2022-03-06;353;950;2914;38;3117;42460202;41154765;25147757;86085;27376606
FR;1;2022-03-07;1651;4665;16425;245;15890;42461853;41159430;25164182;86330;27392496
FR;1;2022-03-08;1610;5208;17148;307;15974;42463463;41164638;25181330;86637;27408470
FR;1;2022-03-09;1918;6626;19798;368;19154;42465381;41171264;25201128;87005;27427624
FR;1;2022-03-10;1323;4719;15262;306;14298;42466704;41175983;25216390;87311;27441922
FR;1;2022-03-11;1706;6372;21695;481;19844;42468410;41182355;25238085;87792;27461766
FR;1;2022-03-12;1227;4642;15359;278;14908;42469637;41186997;25253444;88070;27476674
FR;1;2022-03-13;242;607;2116;118;2063;42469879;41187604;25255560;88188;27478737
FR;1;2022-03-14;1105;3640;13385;3877;12507;42470984;41191244;25268945;92065;27491244
FR;1;2022-03-15;1305;4629;14628;6861;13174;42472289;41195873;25283573;98926;27504418
FR;1;2022-03-16;1639;4934;17373;11515;16428;42473928;41200807;25300946;110441;27520846
FR;1;2022-03-17;1124;3357;11706;9642;10806;42475052;41204164;25312652;120083;27531652
FR;1;2022-03-18;1686;4881;17939;16489;16373;42476738;41209045;25330591;136572;27548025
FR;1;2022-03-19;1120;3288;11885;8452;11353;42477858;41212333;25342476;145024;27559378
FR;1;2022-03-20;220;552;1722;1013;1757;42478078;41212885;25344198;146037;27561135
FR;1;2022-03-21;1056;2744;11486;13444;10832;42479134;41215629;25355684;159481;27571967
FR;1;2022-03-22;1199;3188;12243;18686;11232;42480333;41218817;25367927;178167;27583199
FR;1;2022-03-23;1479;4276;16005;20101;15684;42481812;41223093;25383932;198268;27598883
FR;1;2022-03-24;1083;2676;10379;16023;9630;42482895;41225769;25394311;214291;27608513
FR;1;2022-03-25;1507;4229;16711;25293;15358;42484402;41229998;25411022;239584;27623871
FR;1;2022-03-26;1102;2997;10848;11448;10508;42485504;41232995;25421870;251032;27634379
FR;1;2022-03-27;229;540;1742;1380;1794;42485733;41233535;25423612;252412;27636173
FR;1;2022-03-28;1048;2467;9958;15877;9581;42486781;41236002;25433570;268289;27645754
FR;1;2022-03-29;1121;2724;11544;25080;10906;42487902;41238726;25445114;293369;27656660
FR;1;2022-03-30;1611;3517;14148;24167;13684;42489513;41242243;25459262;317536;27670344
FR;1;2022-03-31;1275;2809;11673;22620;11181;42490788;41245052;25470935;340156;27681525
FR;1;2022-04-01;2120;3984;18441;28492;17302;42492908;41249036;25489376;368648;27698827
FR;1;2022-04-02;903;1867;8186;9212;7934;42493811;41250903;25497562;377860;27706761
FR;1;2022-04-03;197;370;1432;1054;1433;42494008;41251273;25498994;378914;27708194
FR;1;2022-04-04;1385;2326;11328;17641;10704;42495393;41253599;25510322;396555;27718898
FR;1;2022-04-05;1347;2594;12973;31143;11996;42496740;41256193;25523295;427698;27730894
FR;1;2022-04-06;1358;2833;12176;23863;11602;42498098;41259026;25535471;451561;27742496
FR;1;2022-04-07;1163;2613;12317;31011;11780;42499261;41261639;25547788;482572;27754276
FR;1;2022-04-08;1573;3541;17529;40543;16433;42500834;41265180;25565317;523115;27770709
FR;1;2022-04-09;812;1982;8393;12485;8090;42501646;41267162;25573710;535600;27778799
FR;1;2022-04-10;193;488;1829;1833;1871;42501839;41267650;25575539;537433;27780670
FR;1;2022-04-11;976;2165;10946;22270;10657;42502815;41269815;25586485;559703;27791327
FR;1;2022-04-12;1245;2451;12787;38002;12272;42504060;41272266;25599272;597705;27803599
FR;1;2022-04-13;1206;2707;12242;30565;11971;42505266;41274973;25611514;628270;27815570
FR;1;2022-04-14;1191;2405;12055;33525;12061;42506457;41277378;25623569;661795;27827631
FR;1;2022-04-15;1457;2884;14369;33171;13745;42507914;41280262;25637938;694966;27841376
FR;1;2022-04-16;653;1388;5832;7975;5752;42508567;41281650;25643770;702941;27847128
FR;1;2022-04-17;153;273;929;1118;971;42508720;41281923;25644699;704059;27848099
FR;1;2022-04-18;133;424;2632;998;2656;42508853;41282347;25647331;705057;27850755
FR;1;2022-04-19;1209;2554;11759;27777;11456;42510062;41284901;25659090;732834;27862211
FR;1;2022-04-20;1306;2591;12150;26804;11984;42511368;41287492;25671240;759638;27874195
FR;1;2022-04-21;1214;2399;11502;33078;11657;42512582;41289891;25682742;792716;27885852
FR;1;2022-04-22;1492;3031;15183;35407;14770;42514074;41292922;25697925;828123;27900622
FR;1;2022-04-23;753;1563;6727;9883;6633;42514827;41294485;25704652;838006;27907255
FR;1;2022-04-24;194;359;1372;1520;1324;42515021;41294844;25706024;839526;27908579
FR;1;2022-04-25;1003;2082;9844;19620;9746;42516024;41296926;25715868;859146;27918325
FR;1;2022-04-26;1307;2591;12583;36527;12186;42517331;41299517;25728451;895673;27930511
FR;1;2022-04-27;1297;2381;10626;29134;10767;42518628;41301898;25739077;924807;27941278
FR;1;2022-04-28;1258;2318;11538;34101;11363;42519886;41304216;25750615;958908;27952641
FR;1;2022-04-29;1585;3283;14379;35448;13810;42521471;41307499;25764994;994356;27966451
FR;1;2022-04-30;819;1442;6433;9151;6277;42522290;41308941;25771427;1003507;27972728
FR;1;2022-05-01;173;277;818;947;813;42522463;41309218;25772245;1004454;27973541
FR;1;2022-05-02;1007;2287;10323;16849;10208;42523470;41311505;25782568;1021303;27983749
FR;1;2022-05-03;1437;2762;12665;32721;12559;42524907;41314267;25795233;1054024;27996308
FR;1;2022-05-04;1313;2589;11180;23684;11336;42526220;41316856;25806413;1077708;28007644
FR;1;2022-05-05;1363;2462;12137;31589;12033;42527583;41319318;25818550;1109297;28019677
FR;1;2022-05-06;1697;3171;14189;34791;13749;42529280;41322489;25832739;1144088;28033426
FR;1;2022-05-07;840;1456;5962;9080;5993;42530120;41323945;25838701;1153168;28039419
FR;1;2022-05-08;186;323;1057;1457;1118;42530306;41324268;25839758;1154625;28040537
FR;1;2022-05-09;1037;1935;9221;19142;9133;42531343;41326203;25848979;1173767;28049670
FR;1;2022-05-10;1401;2591;12519;36883;12105;42532744;41328794;25861498;1210650;28061775
FR;1;2022-05-11;1390;2279;9856;25893;9765;42534134;41331073;25871354;1236543;28071540
FR;1;2022-05-12;1273;2308;10444;33376;10140;42535407;41333381;25881798;1269919;28081680
FR;1;2022-05-13;1590;2741;12738;35589;12379;42536997;41336122;25894536;1305508;28094059
FR;1;2022-05-14;770;1295;5475;10204;5356;42537767;41337417;25900011;1315712;28099415
FR;1;2022-05-15;218;391;1177;1344;1240;42537985;41337808;25901188;1317056;28100655
FR;1;2022-05-16;946;1705;8041;19990;8092;42538931;41339513;25909229;1337046;28108747
FR;1;2022-05-17;1262;2221;11093;36011;10692;42540193;41341734;25920322;1373057;28119439
FR;1;2022-05-18;1273;2049;8998;25604;8951;42541466;41343783;25929320;1398661;28128390
FR;1;2022-05-19;1169;2320;9812;33845;9901;42542635;41346103;25939132;1432506;28138291
FR;1;2022-05-20;1543;2681;12482;37577;12061;42544178;41348784;25951614;1470083;28150352
FR;1;2022-05-21;770;1355;5235;9371;5154;42544948;41350139;25956849;1479454;28155506
FR;1;2022-05-22;190;282;945;1385;945;42545138;41350421;25957794;1480839;28156451
FR;1;2022-05-23;943;1790;8357;19367;8313;42546081;41352211;25966151;1500206;28164764
FR;1;2022-05-24;1266;2398;10674;37012;10527;42547347;41354609;25976825;1537218;28175291
FR;1;2022-05-25;1251;2225;8775;23620;8933;42548598;41356834;25985600;1560838;28184224
FR;1;2022-05-26;156;305;1567;1133;1560;42548754;41357139;25987167;1561971;28185784
FR;1;2022-05-27;1090;2110;8751;20402;8505;42549844;41359249;25995918;1582373;28194289
FR;1;2022-05-28;481;1030;3679;6525;3717;42550325;41360279;25999597;1588898;28198006
FR;1;2022-05-29;114;255;702;888;712;42550439;41360534;26000299;1589786;28198718
FR;1;2022-05-30;805;1696;6542;18486;6567;42551244;41362230;26006841;1608272;28205285
FR;1;2022-05-31;1252;2136;9212;34269;9089;42552496;41364366;26016053;1642541;28214374
FR;1;2022-06-01;1216;2303;10381;23284;10218;42553712;41366669;26026434;1665825;28224592
FR;1;2022-06-02;1186;2220;10626;34000;10184;42554898;41368889;26037060;1699825;28234776
FR;1;2022-06-03;1348;2666;12665;37047;12092;42556246;41371555;26049725;1736872;28246868
FR;1;2022-06-04;663;1252;4724;8665;4799;42556909;41372807;26054449;1745537;28251667
FR;1;2022-06-05;125;279;806;1043;828;42557034;41373086;26055255;1746580;28252495
FR;1;2022-06-06;154;393;1976;1168;1952;42557188;41373479;26057231;1747748;28254447
FR;1;2022-06-07;1111;2225;9133;33995;8796;42558299;41375704;26066364;1781743;28263243
FR;1;2022-06-08;1075;2161;8633;27481;8507;42559374;41377865;26074997;1809224;28271750
FR;1;2022-06-09;1036;2089;9940;37396;9611;42560410;41379954;26084937;1846620;28281361
FR;1;2022-06-10;1301;2518;12343;42964;11917;42561711;41382472;26097280;1889584;28293278
FR;1;2022-06-11;645;1432;5123;11064;5168;42562356;41383904;26102403;1900648;28298446
FR;1;2022-06-12;146;358;1006;1678;1064;42562502;41384262;26103409;1902326;28299510
FR;1;2022-06-13;877;1721;6980;22165;6831;42563379;41385983;26110389;1924491;28306341
FR;1;2022-06-14;1061;2103;9783;42692;9185;42564440;41388086;26120172;1967183;28315526
FR;1;2022-06-15;1027;1869;8693;29294;8368;42565467;41389955;26128865;1996477;28323894
FR;1;2022-06-16;913;1767;9314;38320;8779;42566380;41391722;26138179;2034797;28332673
FR;1;2022-06-17;1188;2504;11830;44684;11309;42567568;41394226;26150009;2079481;28343982
FR;1;2022-06-18;550;1250;4307;10532;4244;42568118;41395476;26154316;2090013;28348226
FR;1;2022-06-19;131;314;997;1539;1075;42568249;41395790;26155313;2091552;28349301
FR;1;2022-06-20;829;1649;8391;24938;8082;42569078;41397439;26163704;2116490;28357383
FR;1;2022-06-21;1080;2086;9716;47656;8809;42570158;41399525;26173420;2164146;28366192
FR;1;2022-06-22;1006;1974;8369;37001;7868;42571164;41401499;26181789;2201147;28374060
FR;1;2022-06-23;1025;2094;10054;52695;9326;42572189;41403593;26191843;2253842;28383386
FR;1;2022-06-24;1221;2655;12823;65771;11615;42573410;41406248;26204666;2319613;28395001
FR;1;2022-06-25;666;1483;5885;18889;5674;42574076;41407731;26210551;2338502;28400675
FR;1;2022-06-26;161;391;1769;3489;1659;42574237;41408122;26212320;2341991;28402334
FR;1;2022-06-27;910;1741;9835;45847;9058;42575147;41409863;26222155;2387838;28411392
FR;1;2022-06-28;1185;2532;13763;86323;12323;42576332;41412395;26235918;2474161;28423715
FR;1;2022-06-29;1207;2262;11405;67218;10471;42577539;41414657;26247323;2541379;28434186
FR;1;2022-06-30;1246;2318;13406;89745;11731;42578785;41416975;26260729;2631124;28445917
FR;1;2022-07-01;1527;3063;19013;108939;16718;42580312;41420038;26279742;2740063;28462635
FR;1;2022-07-02;728;1496;7550;33701;6794;42581040;41421534;26287292;2773764;28469429
FR;1;2022-07-03;222;468;1916;6052;1726;42581262;41422002;26289208;2779816;28471155
FR;1;2022-07-04;1173;2259;13373;75236;11763;42582435;41424261;26302581;2855052;28482918
FR;1;2022-07-05;1369;2678;17264;125796;14707;42583804;41426939;26319845;2980848;28497625
FR;1;2022-07-06;1305;2261;14489;93255;12484;42585109;41429200;26334334;3074103;28510109
FR;1;2022-07-07;1387;2445;16587;118962;13675;42586496;41431645;26350921;3193065;28523784
FR;1;2022-07-08;1481;2764;19140;129412;15520;42587977;41434409;26370061;3322477;28539304
FR;1;2022-07-09;647;1250;7210;35778;6243;42588624;41435659;26377271;3358255;28545547
FR;1;2022-07-10;220;451;2200;6652;1991;42588844;41436110;26379471;3364907;28547538
FR;1;2022-07-11;1146;2097;13830;84008;11497;42589990;41438207;26393301;3448915;28559035
FR;1;2022-07-12;1483;2679;18987;136536;15401;42591473;41440886;26412288;3585451;28574436
FR;1;2022-07-13;1341;2267;14264;89120;12148;42592814;41443153;26426552;3674571;28586584
FR;1;2022-07-14;146;270;1472;5173;1388;42592960;41443423;26428024;3679744;28587972
FR;1;2022-07-15;1206;2176;13441;80044;11143;42594166;41445599;26441465;3759788;28599115
FR;1;2022-07-16;495;983;5247;23747;4535;42594661;41446582;26446712;3783535;28603650
FR;1;2022-07-17;149;323;1575;4383;1420;42594810;41446905;26448287;3787918;28605070
FR;1;2022-07-18;895;1820;10278;58752;8590;42595705;41448725;26458565;3846670;28613660
FR;1;2022-07-19;1193;2042;14231;98708;11283;42596898;41450767;26472796;3945378;28624943
FR;1;2022-07-20;1102;1860;11540;73428;9500;42598000;41452627;26484336;4018806;28634443
FR;1;2022-07-21;1074;1812;11774;83028;9408;42599074;41454439;26496110;4101834;28643851
FR;1;2022-07-22;1163;2026;13206;83919;10589;42600237;41456465;26509316;4185753;28654440
FR;1;2022-07-23;480;982;4846;20644;4228;42600717;41457447;26514162;4206397;28658668
FR;1;2022-07-24;122;268;1199;3381;1052;42600839;41457715;26515361;4209778;28659720
FR;2;2020-12-27;0;0;0;0;0;0;0;0;0;0
FR;2;2020-12-28;0;0;0;0;0;0;0;0;0;0
FR;2;2020-12-29;0;0;0;0;0;0;0;0;0;0
FR;2;2020-12-30;0;0;0;0;0;0;0;0;0;0
FR;2;2020-12-31;0;0;0;0;0;0;0;0;0;0
FR;2;2021-01-01;0;0;0;0;0;0;0;0;0;0
FR;2;2021-01-02;0;0;0;0;0;0;0;0;0;0
FR;2;2021-01-03;0;0;0;0;0;0;0;0;0;0
FR;2;2021-01-04;0;0;0;0;0;0;0;0;0;0
FR;2;2021-01-05;0;0;0;0;0;0;0;0;0;0
FR;2;2021-01-06;0;0;0;0;0;0;0;0;0;0
FR;2;2021-01-07;0;0;0;0;0;0;0;0;0;0
FR;2;2021-01-08;0;0;0;0;0;0;0;0;0;0
FR;2;2021-01-09;0;0;0;0;0;0;0;0;0;0
FR;2;2021-01-10;0;0;0;0;0;0;0;0;0;0
FR;2;2021-01-11;0;0;0;0;0;0;0;0;0;0
FR;2;2021-01-12;0;0;0;0;0;0;0;0;0;0
FR;2;2021-01-13;0;0;0;0;0;0;0;0;0;0
FR;2;2021-01-14;1670;0;0;0;0;1670;0;0;0;0
FR;2;2021-01-15;398;0;0;0;0;2068;0;0;0;0
FR;2;2021-01-16;316;0;0;0;0;2384;0;0;0;0
FR;2;2021-01-17;83;0;0;0;0;2467;0;0;0;0
FR;2;2021-01-18;3074;2;0;0;0;5541;2;0;0;0
FR;2;2021-01-19;4680;0;0;0;0;10221;2;0;0;0
FR;2;2021-01-20;5135;6;0;0;0;15356;8;0;0;0
FR;2;2021-01-21;5343;9;0;0;0;20699;17;0;0;0
FR;2;2021-01-22;5119;12;0;0;0;25818;29;0;0;0
FR;2;2021-01-23;1870;1;0;0;0;27688;30;0;0;0
FR;2;2021-01-24;161;2;0;0;0;27849;32;0;0;0
FR;2;2021-01-25;3813;3;0;0;0;31662;35;0;0;0
FR;2;2021-01-26;3921;5;0;0;0;35583;40;0;0;0
FR;2;2021-01-27;3600;2;0;0;0;39183;42;0;0;0
FR;2;2021-01-28;3752;8;0;0;0;42935;50;0;0;0
FR;2;2021-01-29;3294;3;0;0;0;46229;53;0;0;0
FR;2;2021-01-30;1130;2;0;0;0;47359;55;0;0;0
FR;2;2021-01-31;45;2;0;0;0;47404;57;0;0;0
FR;2;2021-02-01;3402;8;0;0;0;50806;65;0;0;0
FR;2;2021-02-02;4491;13;0;0;0;55297;78;0;0;0
FR;2;2021-02-03;5220;7;0;0;0;60517;85;0;0;0
FR;2;2021-02-04;4935;11;0;0;0;65452;96;0;0;0
FR;2;2021-02-05;4812;14;0;0;0;70264;110;0;0;0
FR;2;2021-02-06;2040;14;0;0;0;72304;124;0;0;0
FR;2;2021-02-07;101;4;0;0;0;72405;128;0;0;0
FR;2;2021-02-08;7555;23;0;0;0;79960;151;0;0;0
FR;2;2021-02-09;8424;27;0;0;0;88384;178;0;0;0
FR;2;2021-02-10;9341;58;0;0;0;97725;236;0;0;0
FR;2;2021-02-11;10284;114;0;0;0;108009;350;0;0;0
FR;2;2021-02-12;10055;268;0;0;0;118064;618;0;0;0
FR;2;2021-02-13;3120;224;0;0;0;121184;842;0;0;0
FR;2;2021-02-14;355;9;0;0;0;121539;851;0;0;0
FR;2;2021-02-15;3457;3107;0;0;0;124996;3958;0;0;0
FR;2;2021-02-16;5071;4091;0;0;0;130067;8049;0;0;0
FR;2;2021-02-17;4256;4507;0;0;0;134323;12556;0;0;0
FR;2;2021-02-18;5402;5145;0;0;0;139725;17701;0;0;0
FR;2;2021-02-19;5326;4430;0;0;0;145051;22131;0;0;0
FR;2;2021-02-20;1869;1517;0;0;0;146920;23648;0;0;0
FR;2;2021-02-21;242;94;0;0;0;147162;23742;0;0;0
FR;2;2021-02-22;3613;3764;0;0;0;150775;27506;0;0;0
FR;2;2021-02-23;4954;3722;0;0;0;155729;31228;0;0;0
FR;2;2021-02-24;5013;3511;0;0;0;160742;34739;0;0;0
FR;2;2021-02-25;5489;3468;0;0;0;166231;38207;0;0;0
FR;2;2021-02-26;4364;3167;0;0;0;170595;41374;0;0;0
FR;2;2021-02-27;1624;1060;0;0;0;172219;42434;0;0;0
FR;2;2021-02-28;177;23;0;0;0;172396;42457;0;0;0
FR;2;2021-03-01;5182;3718;0;0;0;177578;46175;0;0;0
FR;2;2021-03-02;6532;4735;0;0;0;184110;50910;0;0;0
FR;2;2021-03-03;6537;4941;0;0;0;190647;55851;0;0;0
FR;2;2021-03-04;8403;4115;0;0;0;199050;59966;0;0;0
FR;2;2021-03-05;8031;4064;0;0;0;207081;64030;0;0;0
FR;2;2021-03-06;4785;1681;0;0;0;211866;65711;0;0;0
FR;2;2021-03-07;2372;30;0;0;0;214238;65741;0;0;0
FR;2;2021-03-08;4165;8364;0;0;0;218403;74105;0;0;0
FR;2;2021-03-09;7491;8541;1;0;0;225894;82646;1;0;0
FR;2;2021-03-10;7102;9164;0;0;0;232996;91810;1;0;0
FR;2;2021-03-11;9377;9279;1;0;0;242373;101089;2;0;0
FR;2;2021-03-12;7975;8286;0;0;0;250348;109375;2;0;0
FR;2;2021-03-13;10048;2573;0;0;0;260396;111948;2;0;0
FR;2;2021-03-14;4839;391;0;0;0;265235;112339;2;0;0
FR;2;2021-03-15;10910;3493;0;0;0;276145;115832;2;0;0
FR;2;2021-03-16;16764;4666;1;0;0;292909;120498;3;0;0
FR;2;2021-03-17;20234;3984;0;0;0;313143;124482;3;0;0
FR;2;2021-03-18;23371;5035;0;0;0;336514;129517;3;0;0
FR;2;2021-03-19;23304;4628;0;0;0;359818;134145;3;0;0
FR;2;2021-03-20;25448;1579;0;0;0;385266;135724;3;0;0
FR;2;2021-03-21;17670;152;0;0;0;402936;135876;3;0;0
FR;2;2021-03-22;17785;3191;0;0;0;420721;139067;3;0;0
FR;2;2021-03-23;22691;4216;0;0;0;443412;143283;3;0;0
FR;2;2021-03-24;23957;5048;0;0;0;467369;148331;3;0;0
FR;2;2021-03-25;26750;5160;1;0;0;494119;153491;4;0;0
FR;2;2021-03-26;26982;4225;0;0;0;521101;157716;4;0;0
FR;2;2021-03-27;15919;1348;0;0;0;537020;159064;4;0;0
FR;2;2021-03-28;10561;136;0;0;0;547581;159200;4;0;0
FR;2;2021-03-29;18991;4308;0;0;0;566572;163508;4;0;0
FR;2;2021-03-30;24582;6060;0;0;0;591154;169568;4;0;0
FR;2;2021-03-31;28560;5930;0;0;0;619714;175498;4;0;0
FR;2;2021-04-01;34547;8535;1;0;0;654261;184033;5;0;0
FR;2;2021-04-02;29980;7692;0;0;0;684241;191725;5;0;0
FR;2;2021-04-03;16954;3980;0;0;0;701195;195705;5;0;0
FR;2;2021-04-04;9305;1128;2;0;0;710500;196833;7;0;0
FR;2;2021-04-05;12444;800;0;0;0;722944;197633;7;0;0
FR;2;2021-04-06;27149;7132;0;0;0;750093;204765;7;0;0
FR;2;2021-04-07;30928;7122;1;0;0;781021;211887;8;0;0
FR;2;2021-04-08;36888;8670;1;0;0;817909;220557;9;0;0
FR;2;2021-04-09;33838;8475;28;0;0;851747;229032;37;0;0
FR;2;2021-04-10;19681;9148;1;0;0;871428;238180;38;0;0
FR;2;2021-04-11;7942;4250;1;0;0;879370;242430;39;0;0
FR;2;2021-04-12;17122;11074;0;0;0;896492;253504;39;0;0
FR;2;2021-04-13;19452;16058;1;0;0;915944;269562;40;0;0
FR;2;2021-04-14;18063;16351;7;0;0;934007;285913;47;0;0
FR;2;2021-04-15;22196;21372;27;0;0;956203;307285;74;0;0
FR;2;2021-04-16;20707;20359;45;0;0;976910;327644;119;0;0
FR;2;2021-04-17;13255;22469;5;0;0;990165;350113;124;0;0
FR;2;2021-04-18;5908;14395;6;0;0;996073;364508;130;0;0
FR;2;2021-04-19;16837;16300;24;0;0;1012910;380808;154;0;0
FR;2;2021-04-20;19323;21633;38;0;0;1032233;402441;192;0;0
FR;2;2021-04-21;20286;21749;76;0;0;1052519;424190;268;0;0
FR;2;2021-04-22;23816;24888;41;0;0;1076335;449078;309;0;0
FR;2;2021-04-23;24523;25388;76;0;0;1100858;474466;385;0;0
FR;2;2021-04-24;25304;15068;104;0;0;1126162;489534;489;0;0
FR;2;2021-04-25;9595;8605;5;0;0;1135757;498139;494;0;0
FR;2;2021-04-26;17159;17402;21;0;0;1152916;515541;515;0;0
FR;2;2021-04-27;19242;24131;40;0;0;1172158;539672;555;0;0
FR;2;2021-04-28;22334;26310;112;0;0;1194492;565982;667;0;0
FR;2;2021-04-29;25471;30273;69;0;0;1219963;596255;736;0;0
FR;2;2021-04-30;25531;27839;49;1;0;1245494;624094;785;1;0
FR;2;2021-05-01;14985;9863;6;0;0;1260479;633957;791;1;0
FR;2;2021-05-02;6637;9172;2;0;0;1267116;643129;793;1;0
FR;2;2021-05-03;20016;19207;40;0;0;1287132;662336;833;1;0
FR;2;2021-05-04;18281;29084;33;0;0;1305413;691420;866;1;0
FR;2;2021-05-05;18370;29424;48;0;0;1323783;720844;914;1;0
FR;2;2021-05-06;23542;35287;131;0;0;1347325;756131;1045;1;0
FR;2;2021-05-07;25328;33214;97;0;0;1372653;789345;1142;1;0
FR;2;2021-05-08;21339;10144;14;0;0;1393992;799489;1156;1;0
FR;2;2021-05-09;13165;7772;7;0;0;1407157;807261;1163;1;0
FR;2;2021-05-10;32939;21951;49;0;0;1440096;829212;1212;1;0
FR;2;2021-05-11;43600;20978;101;0;0;1483696;850190;1313;1;0
FR;2;2021-05-12;50047;19743;143;0;0;1533743;869933;1456;1;0
FR;2;2021-05-13;51293;5687;31;0;0;1585036;875620;1487;1;0
FR;2;2021-05-14;61347;12893;132;0;0;1646383;888513;1619;1;0
FR;2;2021-05-15;65932;7125;39;0;0;1712315;895638;1658;1;0
FR;2;2021-05-16;43584;2572;10;0;0;1755899;898210;1668;1;0
FR;2;2021-05-17;44745;12526;114;0;0;1800644;910736;1782;1;0
FR;2;2021-05-18;54641;12253;191;0;0;1855285;922989;1973;1;0
FR;2;2021-05-19;57173;10567;281;0;0;1912458;933556;2254;1;0
FR;2;2021-05-20;63433;10829;288;0;0;1975891;944385;2542;1;0
FR;2;2021-05-21;64295;11633;230;0;0;2040186;956018;2772;1;0
FR;2;2021-05-22;61481;4514;65;0;0;2101667;960532;2837;1;0
FR;2;2021-05-23;37532;571;22;0;0;2139199;961103;2859;1;0
FR;2;2021-05-24;17238;2041;35;0;0;2156437;963144;2894;1;0
FR;2;2021-05-25;21109;12210;240;0;0;2177546;975354;3134;1;0
FR;2;2021-05-26;19937;11465;229;0;0;2197483;986819;3363;1;0
FR;2;2021-05-27;22996;12648;182;0;0;2220479;999467;3545;1;0
FR;2;2021-05-28;29391;14979;190;0;0;2249870;1014446;3735;1;0
FR;2;2021-05-29;30420;8187;57;0;0;2280290;1022633;3792;1;0
FR;2;2021-05-30;4647;1815;6;0;0;2284937;1024448;3798;1;0
FR;2;2021-05-31;28589;18729;184;0;0;2313526;1043177;3982;1;0
FR;2;2021-06-01;45719;19954;224;0;0;2359245;1063131;4206;1;0
FR;2;2021-06-02;37471;19244;182;0;0;2396716;1082375;4388;1;0
FR;2;2021-06-03;51276;23242;161;0;0;2447992;1105617;4549;1;0
FR;2;2021-06-04;65512;24053;215;0;0;2513504;1129670;4764;1;0
FR;2;2021-06-05;34597;24053;52;0;0;2548101;1153723;4816;1;0
FR;2;2021-06-06;4954;6189;10;0;0;2553055;1159912;4826;1;0
FR;2;2021-06-07;28171;23034;149;0;0;2581226;1182946;4975;1;0
FR;2;2021-06-08;46375;22902;143;0;0;2627601;1205848;5118;1;0
FR;2;2021-06-09;34288;20933;107;0;0;2661889;1226781;5225;1;0
FR;2;2021-06-10;42639;19117;95;1;0;2704528;1245898;5320;2;0
FR;2;2021-06-11;55296;25181;134;0;0;2759824;1271079;5454;2;0
FR;2;2021-06-12;30559;19772;53;0;0;2790383;1290851;5507;2;0
FR;2;2021-06-13;3331;9189;13;0;0;2793714;1300040;5520;2;0
FR;2;2021-06-14;25299;24145;92;0;0;2819013;1324185;5612;2;0
FR;2;2021-06-15;39042;22828;154;0;0;2858055;1347013;5766;2;0
FR;2;2021-06-16;30161;21410;134;0;0;2888216;1368423;5900;2;0
FR;2;2021-06-17;36908;25834;150;0;0;2925124;1394257;6050;2;0
FR;2;2021-06-18;46852;28846;122;0;0;2971976;1423103;6172;2;0
FR;2;2021-06-19;24525;24897;39;0;0;2996501;1448000;6211;2;0
FR;2;2021-06-20;3741;10060;9;0;0;3000242;1458060;6220;2;0
FR;2;2021-06-21;17527;42839;87;0;0;3017769;1500899;6307;2;0
FR;2;2021-06-22;28359;49564;110;0;0;3046128;1550463;6417;2;0
FR;2;2021-06-23;21788;49580;107;1;1;3067916;1600043;6524;3;1
FR;2;2021-06-24;28376;50277;133;0;0;3096292;1650320;6657;3;1
FR;2;2021-06-25;33398;60413;128;0;0;3129690;1710733;6785;3;1
FR;2;2021-06-26;16384;59281;54;1;0;3146074;1770014;6839;4;1
FR;2;2021-06-27;2566;29310;22;1;0;3148640;1799324;6861;5;1
FR;2;2021-06-28;12638;54327;83;0;0;3161278;1853651;6944;5;1
FR;2;2021-06-29;19847;59919;178;0;0;3181125;1913570;7122;5;1
FR;2;2021-06-30;16326;57953;252;17;0;3197451;1971523;7374;22;1
FR;2;2021-07-01;20490;59884;228;0;0;3217941;2031407;7602;22;1
FR;2;2021-07-02;24073;62141;184;0;0;3242014;2093548;7786;22;1
FR;2;2021-07-03;12113;57097;153;0;0;3254127;2150645;7939;22;1
FR;2;2021-07-04;1958;23305;18;0;0;3256085;2173950;7957;22;1
FR;2;2021-07-05;9172;29363;106;0;0;3265257;2203313;8063;22;1
FR;2;2021-07-06;14578;36216;135;0;0;3279835;2239529;8198;22;1
FR;2;2021-07-07;14408;33664;139;0;0;3294243;2273193;8337;22;1
FR;2;2021-07-08;19717;40303;162;0;0;3313960;2313496;8499;22;1
FR;2;2021-07-09;27099;54294;202;1;0;3341059;2367790;8701;23;1
FR;2;2021-07-10;13386;33680;107;0;0;3354445;2401470;8808;23;1
FR;2;2021-07-11;1807;4362;16;0;0;3356252;2405832;8824;23;1
FR;2;2021-07-12;12965;37293;119;0;0;3369217;2443125;8943;23;1
FR;2;2021-07-13;37112;53181;150;0;0;3406329;2496306;9093;23;1
FR;2;2021-07-14;6617;3562;15;0;0;3412946;2499868;9108;23;1
FR;2;2021-07-15;47239;47025;156;0;0;3460185;2546893;9264;23;1
FR;2;2021-07-16;64308;55797;187;0;0;3524493;2602690;9451;23;1
FR;2;2021-07-17;31597;23926;96;0;0;3556090;2626616;9547;23;1
FR;2;2021-07-18;6086;4850;19;0;0;3562176;2631466;9566;23;1
FR;2;2021-07-19;32997;28655;94;0;0;3595173;2660121;9660;23;1
FR;2;2021-07-20;51991;44534;155;0;0;3647164;2704655;9815;23;1
FR;2;2021-07-21;45246;34714;93;0;0;3692410;2739369;9908;23;1
FR;2;2021-07-22;56278;41097;128;1;0;3748688;2780466;10036;24;1
FR;2;2021-07-23;68287;49022;170;0;0;3816975;2829488;10206;24;1
FR;2;2021-07-24;36170;21596;82;0;0;3853145;2851084;10288;24;1
FR;2;2021-07-25;6744;2636;10;0;0;3859889;2853720;10298;24;1
FR;2;2021-07-26;36309;22425;91;1;0;3896198;2876145;10389;25;1
FR;2;2021-07-27;62374;34596;180;0;0;3958572;2910741;10569;25;1
FR;2;2021-07-28;55312;26432;132;0;0;4013884;2937173;10701;25;1
FR;2;2021-07-29;68467;32793;189;0;0;4082351;2969966;10890;25;1
FR;2;2021-07-30;74449;37785;222;1;0;4156800;3007751;11112;26;1
FR;2;2021-07-31;34763;16199;104;0;0;4191563;3023950;11216;26;1
FR;2;2021-08-01;5409;2269;19;0;0;4196972;3026219;11235;26;1
FR;2;2021-08-02;35874;16195;101;0;0;4232846;3042414;11336;26;1
FR;2;2021-08-03;55975;28284;142;0;0;4288821;3070698;11478;26;1
FR;2;2021-08-04;46626;20849;128;1;0;4335447;3091547;11606;27;1
FR;2;2021-08-05;54629;31587;215;0;0;4390076;3123134;11821;27;1
FR;2;2021-08-06;58089;42397;242;1;0;4448165;3165531;12063;28;1
FR;2;2021-08-07;25144;17610;89;0;0;4473309;3183141;12152;28;1
FR;2;2021-08-08;3833;3661;21;0;0;4477142;3186802;12173;28;1
FR;2;2021-08-09;29304;21105;92;0;0;4506446;3207907;12265;28;1
FR;2;2021-08-10;44997;33490;155;0;0;4551443;3241397;12420;28;1
FR;2;2021-08-11;35269;25173;151;0;0;4586712;3266570;12571;28;1
FR;2;2021-08-12;41899;35714;162;0;0;4628611;3302284;12733;28;1
FR;2;2021-08-13;42594;37167;218;0;0;4671205;3339451;12951;28;1
FR;2;2021-08-14;18513;22204;93;0;0;4689718;3361655;13044;28;1
FR;2;2021-08-15;3840;3806;17;0;0;4693558;3365461;13061;28;1
FR;2;2021-08-16;25084;27173;110;0;0;4718642;3392634;13171;28;1
FR;2;2021-08-17;38256;43447;205;2;0;4756898;3436081;13376;30;1
FR;2;2021-08-18;32250;36374;195;1;1;4789148;3472455;13571;31;2
FR;2;2021-08-19;37433;46569;224;0;0;4826581;3519024;13795;31;2
FR;2;2021-08-20;40561;55616;269;1;0;4867142;3574640;14064;32;2
FR;2;2021-08-21;18121;24303;116;0;0;4885263;3598943;14180;32;2
FR;2;2021-08-22;2905;4320;22;1;1;4888168;3603263;14202;33;3
FR;2;2021-08-23;19246;35158;131;1;0;4907414;3638421;14333;34;3
FR;2;2021-08-24;31945;56043;236;0;0;4939359;3694464;14569;34;3
FR;2;2021-08-25;25930;43455;250;0;0;4965289;3737919;14819;34;3
FR;2;2021-08-26;32355;55813;387;0;0;4997644;3793732;15206;34;3
FR;2;2021-08-27;36999;65626;479;2;0;5034643;3859358;15685;36;3
FR;2;2021-08-28;17819;28504;300;0;0;5052462;3887862;15985;36;3
FR;2;2021-08-29;2654;5029;47;0;0;5055116;3892891;16032;36;3
FR;2;2021-08-30;18414;37733;400;0;756;5073530;3930624;16432;36;759
FR;2;2021-08-31;28074;57494;887;4;1543;5101604;3988118;17319;40;2302
FR;2;2021-09-01;21592;39858;1309;0;2109;5123196;4027976;18628;40;4411
FR;2;2021-09-02;25482;48650;1962;2;3320;5148678;4076626;20590;42;7731
FR;2;2021-09-03;33409;64498;2988;3;4844;5182087;4141124;23578;45;12575
FR;2;2021-09-04;16832;27717;1442;1;2366;5198919;4168841;25020;46;14941
FR;2;2021-09-05;2262;3608;266;0;413;5201181;4172449;25286;46;15354
FR;2;2021-09-06;14040;28716;1769;1;2943;5215221;4201165;27055;47;18297
FR;2;2021-09-07;21107;41077;3020;13;4885;5236328;4242242;30075;60;23182
FR;2;2021-09-08;17244;31928;2732;6;4484;5253572;4274170;32807;66;27666
FR;2;2021-09-09;20976;40465;4432;3;6785;5274548;4314635;37239;69;34451
FR;2;2021-09-10;28202;51197;5285;4;8863;5302750;4365832;42524;73;43314
FR;2;2021-09-11;13655;22410;2404;5;3964;5316405;4388242;44928;78;47278
FR;2;2021-09-12;1822;2778;289;0;510;5318227;4391020;45217;78;47788
FR;2;2021-09-13;11657;21431;2471;4;4017;5329884;4412451;47688;82;51805
FR;2;2021-09-14;18572;32769;5085;13;9067;5348456;4445220;52773;95;60872
FR;2;2021-09-15;14911;28271;5169;3;7780;5363367;4473491;57942;98;68652
FR;2;2021-09-16;16075;32770;6736;13;10526;5379442;4506261;64678;111;79178
FR;2;2021-09-17;20910;47117;8780;10;14599;5400352;4553378;73458;121;93777
FR;2;2021-09-18;9856;20943;3803;6;6031;5410208;4574321;77261;127;99808
FR;2;2021-09-19;1165;2620;396;0;638;5411373;4576941;77657;127;100446
FR;2;2021-09-20;7494;18766;3853;7;6148;5418867;4595707;81510;134;106594
FR;2;2021-09-21;11212;30000;6495;5;10741;5430079;4625707;88005;139;117335
FR;2;2021-09-22;9407;23531;5491;6;8513;5439486;4649238;93496;145;125848
FR;2;2021-09-23;10725;28890;7880;9;12635;5450211;4678128;101376;154;138483
FR;2;2021-09-24;15070;42905;10875;18;17218;5465281;4721033;112251;172;155701
FR;2;2021-09-25;7258;18770;3963;9;6102;5472539;4739803;116214;181;161803
FR;2;2021-09-26;1079;2560;495;0;636;5473618;4742363;116709;181;162439
FR;2;2021-09-27;6313;16428;4285;8;6536;5479931;4758791;120994;189;168975
FR;2;2021-09-28;9238;25543;7768;14;12064;5489169;4784334;128762;203;181039
FR;2;2021-09-29;8081;20207;6067;25;9262;5497250;4804541;134829;228;190301
FR;2;2021-09-30;9864;25812;9506;16;14089;5507114;4830353;144335;244;204390
FR;2;2021-10-01;13972;35692;12916;25;19282;5521086;4866045;157251;269;223672
FR;2;2021-10-02;6874;15905;4847;7;7019;5527960;4881950;162098;276;230691
FR;2;2021-10-03;841;1920;492;1;506;5528801;4883870;162590;277;231197
FR;2;2021-10-04;5821;13905;5518;5;7859;5534622;4897775;168108;282;239056
FR;2;2021-10-05;9052;22537;11121;19;15721;5543674;4920312;179229;301;254777
FR;2;2021-10-06;7782;17744;8241;11;11076;5551456;4938056;187470;312;265853
FR;2;2021-10-07;9197;22197;12381;15;16854;5560653;4960253;199851;327;282707
FR;2;2021-10-08;13429;32067;17348;27;23551;5574082;4992320;217199;354;306258
FR;2;2021-10-09;5999;12845;6042;6;7894;5580081;5005165;223241;360;314152
FR;2;2021-10-10;884;1621;436;2;624;5580965;5006786;223677;362;314776
FR;2;2021-10-11;5604;11573;6455;17;8829;5586569;5018359;230132;379;323605
FR;2;2021-10-12;8032;17773;12543;13;16751;5594601;5036132;242675;392;340356
FR;2;2021-10-13;6943;14839;10249;12;13620;5601544;5050971;252924;404;353976
FR;2;2021-10-14;8310;17929;14992;13;19451;5609854;5068900;267916;417;373427
FR;2;2021-10-15;11851;26304;20903;26;27966;5621705;5095204;288819;443;401393
FR;2;2021-10-16;5140;8736;1818;0;3210;5626845;5103940;290637;443;404603
FR;2;2021-10-17;651;1170;184;0;370;5627496;5105110;290821;443;404973
FR;2;2021-10-18;4561;7384;662;2;1652;5632057;5112494;291483;445;406625
FR;2;2021-10-19;6236;9883;730;5;2046;5638293;5122377;292213;450;408671
FR;2;2021-10-20;5164;8070;758;3;1679;5643457;5130447;292971;453;410350
FR;2;2021-10-21;6091;9970;778;5;2104;5649548;5140417;293749;458;412454
FR;2;2021-10-22;8449;14589;1148;4;2884;5657997;5155006;294897;462;415338
FR;2;2021-10-23;3842;5995;586;0;1229;5661839;5161001;295483;462;416567
FR;2;2021-10-24;494;888;100;0;204;5662333;5161889;295583;462;416771
FR;2;2021-10-25;3357;5360;306;1;829;5665690;5167249;295889;463;417600
FR;2;2021-10-26;4176;7259;1130;4;2013;5669866;5174508;297019;467;419613
FR;2;2021-10-27;3675;6614;1193;5;1997;5673541;5181122;298212;472;421610
FR;2;2021-10-28;4597;7700;1729;3;2747;5678138;5188822;299941;475;424357
FR;2;2021-10-29;5408;11080;2435;4;3674;5683546;5199902;302376;479;428031
FR;2;2021-10-30;2749;4441;973;1;1432;5686295;5204343;303349;480;429463
FR;2;2021-10-31;364;535;139;1;190;5686659;5204878;303488;481;429653
FR;2;2021-11-01;427;551;177;0;266;5687086;5205429;303665;481;429919
FR;2;2021-11-02;3290;6753;1183;0;1760;5690376;5212182;304848;481;431679
FR;2;2021-11-03;3340;6237;1386;2;1967;5693716;5218419;306234;483;433646
FR;2;2021-11-04;3986;7087;1764;4;2491;5697702;5225506;307998;487;436137
FR;2;2021-11-05;5229;10506;2867;5;3949;5702931;5236012;310865;492;440086
FR;2;2021-11-06;2594;4682;1401;0;1816;5705525;5240694;312266;492;441902
FR;2;2021-11-07;506;866;220;0;288;5706031;5241560;312486;492;442190
FR;2;2021-11-08;2578;5355;1201;3;1672;5708609;5246915;313687;495;443862
FR;2;2021-11-09;2750;6935;2398;5;3183;5711359;5253850;316085;500;447045
FR;2;2021-11-10;2588;5692;5105;6;6283;5713947;5259542;321190;506;453328
FR;2;2021-11-11;443;750;740;2;921;5714390;5260292;321930;508;454249
FR;2;2021-11-12;2951;8110;8968;8;10910;5717341;5268402;330898;516;465159
FR;2;2021-11-13;1538;3377;3867;7;4532;5718879;5271779;334765;523;469691
FR;2;2021-11-14;257;596;351;1;486;5719136;5272375;335116;524;470177
FR;2;2021-11-15;1622;3676;4442;9;5331;5720758;5276051;339558;533;475508
FR;2;2021-11-16;2184;5923;8303;14;10079;5722942;5281974;347861;547;485587
FR;2;2021-11-17;1739;4544;6625;8;7842;5724681;5286518;354486;555;493429
FR;2;2021-11-18;2191;5937;9177;11;11008;5726872;5292455;363663;566;504437
FR;2;2021-11-19;2698;7797;12969;19;15474;5729570;5300252;376632;585;519911
FR;2;2021-11-20;1564;3334;5173;5;6079;5731134;5303586;381805;590;525990
FR;2;2021-11-21;246;518;540;0;662;5731380;5304104;382345;590;526652
FR;2;2021-11-22;1277;2604;4478;5;5405;5732657;5306708;386823;595;532057
FR;2;2021-11-23;1615;4307;8195;9;9908;5734272;5311015;395018;604;541965
FR;2;2021-11-24;1417;3771;7472;14;8729;5735689;5314786;402490;618;550694
FR;2;2021-11-25;1812;4885;11458;21;13653;5737501;5319671;413948;639;564347
FR;2;2021-11-26;2540;7769;22662;31;26075;5740041;5327440;436610;670;590422
FR;2;2021-11-27;1496;4153;12267;18;14021;5741537;5331593;448877;688;604443
FR;2;2021-11-28;292;845;1970;3;2296;5741829;5332438;450847;691;606739
FR;2;2021-11-29;1443;4371;15081;23;17252;5743272;5336809;465928;714;623991
FR;2;2021-11-30;1911;6727;26232;36;29986;5745183;5343536;492160;750;653977
FR;2;2021-12-01;1909;6068;26195;30;29520;5747092;5349604;518355;780;683497
FR;2;2021-12-02;1909;6818;37700;52;41944;5749001;5356422;556055;832;725441
FR;2;2021-12-03;2552;10098;53606;111;59343;5751553;5366520;609661;943;784784
FR;2;2021-12-04;1848;6304;37106;38;40791;5753401;5372824;646767;981;825575
FR;2;2021-12-05;458;2255;14255;14;15987;5753859;5375079;661022;995;841562
FR;2;2021-12-06;2483;9888;77700;109;84751;5756342;5384967;738722;1104;926313
FR;2;2021-12-07;3456;15333;122421;238;133728;5759798;5400300;861143;1342;1060041
FR;2;2021-12-08;3722;16030;133186;330;145376;5763520;5416330;994329;1672;1205417
FR;2;2021-12-09;4549;19636;170183;554;185559;5768069;5435966;1164512;2226;1390976
FR;2;2021-12-10;4671;22839;188635;490;206097;5772740;5458805;1353147;2716;1597073
FR;2;2021-12-11;3683;16627;132433;239;144868;5776423;5475432;1485580;2955;1741941
FR;2;2021-12-12;1257;7126;59085;83;65132;5777680;5482558;1544665;3038;1807073
FR;2;2021-12-13;5526;26853;220677;605;242968;5783206;5509411;1765342;3643;2050041
FR;2;2021-12-14;7017;37501;300743;909;332203;5790223;5546912;2066085;4552;2382244
FR;2;2021-12-15;6558;36241;285201;956;315809;5796781;5583153;2351286;5508;2698053
FR;2;2021-12-16;7762;37931;312122;981;343724;5804543;5621084;2663408;6489;3041777
FR;2;2021-12-17;8676;41245;327856;976;360944;5813219;5662329;2991264;7465;3402721
FR;2;2021-12-18;6513;26565;212334;448;233645;5819732;5688894;3203598;7913;3636366
FR;2;2021-12-19;2602;11462;90207;182;100359;5822334;5700356;3293805;8095;3736725
FR;2;2021-12-20;9549;33592;275197;706;303360;5831883;5733948;3569002;8801;4040085
FR;2;2021-12-21;11562;38333;309614;968;341410;5843445;5772281;3878616;9769;4381495
FR;2;2021-12-22;10457;32832;265098;952;292472;5853902;5805113;4143714;10721;4673967
FR;2;2021-12-23;9427;26697;199486;700;221279;5863329;5831810;4343200;11421;4895246
FR;2;2021-12-24;2782;7500;43855;140;49566;5866111;5839310;4387055;11561;4944812
FR;2;2021-12-25;201;690;2002;10;2493;5866312;5840000;4389057;11571;4947305
FR;2;2021-12-26;1321;4208;25154;71;28679;5867633;5844208;4414211;11642;4975984
FR;2;2021-12-27;8074;29936;218402;659;243333;5875707;5874144;4632613;12301;5219317
FR;2;2021-12-28;9839;36321;272079;742;301964;5885546;5910465;4904692;13043;5521281
FR;2;2021-12-29;9497;32263;246122;766;272681;5895043;5942728;5150814;13809;5793962
FR;2;2021-12-30;9462;28124;208819;662;231466;5904505;5970852;5359633;14471;6025428
FR;2;2021-12-31;3009;8363;54985;176;61235;5907514;5979215;5414618;14647;6086663
FR;2;2022-01-01;227;690;2851;7;3346;5907741;5979905;5417469;14654;6090009
FR;2;2022-01-02;1504;4854;29510;75;33397;5909245;5984759;5446979;14729;6123406
FR;2;2022-01-03;9590;35399;266515;806;293878;5918835;6020158;5713494;15535;6417284
FR;2;2022-01-04;12847;45402;342075;1068;376978;5931682;6065560;6055569;16603;6794262
FR;2;2022-01-05;11269;38657;294172;886;323817;5942951;6104217;6349741;17489;7118079
FR;2;2022-01-06;13653;43518;331936;1298;364731;5956604;6147735;6681677;18787;7482810
FR;2;2022-01-07;14222;47623;361089;1270;396417;5970826;6195358;7042766;20057;7879227
FR;2;2022-01-08;7948;28157;201259;515;221707;5978774;6223515;7244025;20572;8100934
FR;2;2022-01-09;2749;8988;62522;137;69519;5981523;6232503;7306547;20709;8170453
FR;2;2022-01-10;10094;31926;232460;857;255044;5991617;6264429;7539007;21566;8425497
FR;2;2022-01-11;11468;36238;265899;1029;290584;6003085;6300667;7804906;22595;8716081
FR;2;2022-01-12;8761;29819;206314;862;226170;6011846;6330486;8011220;23457;8942251
FR;2;2022-01-13;9387;31347;224479;832;244825;6021233;6361833;8235699;24289;9187076
FR;2;2022-01-14;9742;35642;254530;920;277666;6030975;6397475;8490229;25209;9464742
FR;2;2022-01-15;5358;19454;140777;363;153636;6036333;6416929;8631006;25572;9618378
FR;2;2022-01-16;1511;5502;35879;81;39838;6037844;6422431;8666885;25653;9658216
FR;2;2022-01-17;5546;19289;135404;601;147254;6043390;6441720;8802289;26254;9805470
FR;2;2022-01-18;6419;21524;148617;648;160470;6049809;6463244;8950906;26902;9965940
FR;2;2022-01-19;4389;16337;105090;552;113698;6054198;6479581;9055996;27454;10079638
FR;2;2022-01-20;4870;17596;115287;603;123685;6059068;6497177;9171283;28057;10203323
FR;2;2022-01-21;5196;20070;137330;679;147753;6064264;6517247;9308613;28736;10351076
FR;2;2022-01-22;3030;10957;74258;260;80326;6067294;6528204;9382871;28996;10431402
FR;2;2022-01-23;724;2729;15238;41;16833;6068018;6530933;9398109;29037;10448235
FR;2;2022-01-24;3291;12822;75066;430;81025;6071309;6543755;9473175;29467;10529260
FR;2;2022-01-25;3574;14431;79618;497;85448;6074883;6558186;9552793;29964;10614708
FR;2;2022-01-26;2514;10681;58964;363;62996;6077397;6568867;9611757;30327;10677704
FR;2;2022-01-27;2680;11321;64173;388;67916;6080077;6580188;9675930;30715;10745620
FR;2;2022-01-28;3548;18349;91714;429;98949;6083625;6598537;9767644;31144;10844569
FR;2;2022-01-29;1894;9239;48844;164;52926;6085519;6607776;9816488;31308;10897495
FR;2;2022-01-30;464;2235;9453;38;10602;6085983;6610011;9825941;31346;10908097
FR;2;2022-01-31;1889;9577;43825;208;47336;6087872;6619588;9869766;31554;10955433
FR;2;2022-02-01;1915;10053;47026;279;50109;6089787;6629641;9916792;31833;11005542
FR;2;2022-02-02;1608;9016;41106;251;44170;6091395;6638657;9957898;32084;11049712
FR;2;2022-02-03;1724;8951;40513;205;42917;6093119;6647608;9998411;32289;11092629
FR;2;2022-02-04;2153;15210;66639;299;71344;6095272;6662818;10065050;32588;11163973
FR;2;2022-02-05;1361;8529;35943;132;39231;6096633;6671347;10100993;32720;11203204
FR;2;2022-02-06;275;1770;6124;16;6898;6096908;6673117;10107117;32736;11210102
FR;2;2022-02-07;1350;9578;37749;134;41298;6098258;6682695;10144866;32870;11251400
FR;2;2022-02-08;1300;9825;40930;173;43722;6099558;6692520;10185796;33043;11295122
FR;2;2022-02-09;1160;8827;37039;174;40459;6100718;6701347;10222835;33217;11335581
FR;2;2022-02-10;1025;7990;33835;204;36506;6101743;6709337;10256670;33421;11372087
FR;2;2022-02-11;1390;12083;53340;223;57692;6103133;6721420;10310010;33644;11429779
FR;2;2022-02-12;752;6533;27985;83;30804;6103885;6727953;10337995;33727;11460583
FR;2;2022-02-13;200;1339;4833;20;5574;6104085;6729292;10342828;33747;11466157
FR;2;2022-02-14;834;6728;30270;90;33229;6104919;6736020;10373098;33837;11499386
FR;2;2022-02-15;773;6461;28045;141;29988;6105692;6742481;10401143;33978;11529374
FR;2;2022-02-16;655;5358;22058;123;23623;6106347;6747839;10423201;34101;11552997
FR;2;2022-02-17;518;3778;14146;98;14612;6106865;6751617;10437347;34199;11567609
FR;2;2022-02-18;722;5365;20435;134;21126;6107587;6756982;10457782;34333;11588735
FR;2;2022-02-19;429;3053;10529;66;11244;6108016;6760035;10468311;34399;11599979
FR;2;2022-02-20;102;515;1458;3;1605;6108118;6760550;10469769;34402;11601584
FR;2;2022-02-21;422;2684;9119;65;9496;6108540;6763234;10478888;34467;11611080
FR;2;2022-02-22;390;2564;8891;76;8794;6108930;6765798;10487779;34543;11619874
FR;2;2022-02-23;431;2602;8990;82;9268;6109361;6768400;10496769;34625;11629142
FR;2;2022-02-24;314;2031;6798;81;6827;6109675;6770431;10503567;34706;11635969
FR;2;2022-02-25;457;3203;11415;108;11279;6110132;6773634;10514982;34814;11647248
FR;2;2022-02-26;296;1892;6034;49;6339;6110428;6775526;10521016;34863;11653587
FR;2;2022-02-27;76;313;905;5;948;6110504;6775839;10521921;34868;11654535
FR;2;2022-02-28;330;1685;5523;53;5531;6110834;6777524;10527444;34921;11660066
FR;2;2022-03-01;277;1563;5477;45;5195;6111111;6779087;10532921;34966;11665261
FR;2;2022-03-02;298;1436;5245;45;5089;6111409;6780523;10538166;35011;11670350
FR;2;2022-03-03;225;1110;3706;42;3483;6111634;6781633;10541872;35053;11673833
FR;2;2022-03-04;242;1467;4856;73;4502;6111876;6783100;10546728;35126;11678335
FR;2;2022-03-05;173;904;2979;32;2723;6112049;6784004;10549707;35158;11681058
FR;2;2022-03-06;42;182;279;5;319;6112091;6784186;10549986;35163;11681377
FR;2;2022-03-07;155;656;1986;70;1775;6112246;6784842;10551972;35233;11683152
FR;2;2022-03-08;144;659;2270;51;1902;6112390;6785501;10554242;35284;11685054
FR;2;2022-03-09;154;705;2345;37;2045;6112544;6786206;10556587;35321;11687099
FR;2;2022-03-10;121;602;1691;35;1466;6112665;6786808;10558278;35356;11688565
FR;2;2022-03-11;171;755;2767;57;2366;6112836;6787563;10561045;35413;11690931
FR;2;2022-03-12;147;484;1784;27;1553;6112983;6788047;10562829;35440;11692484
FR;2;2022-03-13;25;75;201;29;202;6113008;6788122;10563030;35469;11692686
FR;2;2022-03-14;128;468;1565;529;1294;6113136;6788590;10564595;35998;11693980
FR;2;2022-03-15;138;429;1708;689;1326;6113274;6789019;10566303;36687;11695306
FR;2;2022-03-16;141;475;2013;1611;1593;6113415;6789494;10568316;38298;11696899
FR;2;2022-03-17;93;413;1408;1193;1144;6113508;6789907;10569724;39491;11698043
FR;2;2022-03-18;145;492;2018;1792;1660;6113653;6790399;10571742;41283;11699703
FR;2;2022-03-19;108;319;1210;941;1015;6113761;6790718;10572952;42224;11700718
FR;2;2022-03-20;13;77;191;59;168;6113774;6790795;10573143;42283;11700886
FR;2;2022-03-21;96;305;1213;1483;1076;6113870;6791100;10574356;43766;11701962
FR;2;2022-03-22;117;388;1529;1829;1291;6113987;6791488;10575885;45595;11703253
FR;2;2022-03-23;139;360;1669;3032;1465;6114126;6791848;10577554;48627;11704718
FR;2;2022-03-24;116;292;1183;1546;999;6114242;6792140;10578737;50173;11705717
FR;2;2022-03-25;119;361;1803;2449;1473;6114361;6792501;10580540;52622;11707190
FR;2;2022-03-26;77;247;1203;1222;952;6114438;6792748;10581743;53844;11708142
FR;2;2022-03-27;19;36;153;100;132;6114457;6792784;10581896;53944;11708274
FR;2;2022-03-28;94;287;1135;1601;995;6114551;6793071;10583031;55545;11709269
FR;2;2022-03-29;108;257;1324;2464;1104;6114659;6793328;10584355;58009;11710373
FR;2;2022-03-30;91;312;1487;3183;1319;6114750;6793640;10585842;61192;11711692
FR;2;2022-03-31;104;283;1274;2329;1088;6114854;6793923;10587116;63521;11712780
FR;2;2022-04-01;121;322;1567;2343;1322;6114975;6794245;10588683;65864;11714102
FR;2;2022-04-02;72;161;845;891;737;6115047;6794406;10589528;66755;11714839
FR;2;2022-04-03;16;53;128;112;142;6115063;6794459;10589656;66867;11714981
FR;2;2022-04-04;109;233;986;1436;794;6115172;6794692;10590642;68303;11715775
FR;2;2022-04-05;143;290;1314;2886;1141;6115315;6794982;10591956;71189;11716916
FR;2;2022-04-06;88;249;1305;2520;1128;6115403;6795231;10593261;73709;11718044
FR;2;2022-04-07;120;215;1299;2681;1038;6115523;6795446;10594560;76390;11719082
FR;2;2022-04-08;125;334;1624;3231;1322;6115648;6795780;10596184;79621;11720404
FR;2;2022-04-09;90;219;899;1045;731;6115738;6795999;10597083;80666;11721135
FR;2;2022-04-10;37;47;143;162;119;6115775;6796046;10597226;80828;11721254
FR;2;2022-04-11;86;188;885;1531;774;6115861;6796234;10598111;82359;11722028
FR;2;2022-04-12;176;267;1179;2737;1058;6116037;6796501;10599290;85096;11723086
FR;2;2022-04-13;144;228;1125;2451;984;6116181;6796729;10600415;87547;11724070
FR;2;2022-04-14;114;220;1084;2673;916;6116295;6796949;10601499;90220;11724986
FR;2;2022-04-15;113;245;1196;2275;1065;6116408;6797194;10602695;92495;11726051
FR;2;2022-04-16;65;108;541;545;452;6116473;6797302;10603236;93040;11726503
FR;2;2022-04-17;15;26;57;53;53;6116488;6797328;10603293;93093;11726556
FR;2;2022-04-18;12;35;119;70;114;6116500;6797363;10603412;93163;11726670
FR;2;2022-04-19;112;237;1115;1707;947;6116612;6797600;10604527;94870;11727617
FR;2;2022-04-20;95;240;1099;2145;930;6116707;6797840;10605626;97015;11728547
FR;2;2022-04-21;111;231;981;1906;837;6116818;6798071;10606607;98921;11729384
FR;2;2022-04-22;97;270;1241;2086;1023;6116915;6798341;10607848;101007;11730407
FR;2;2022-04-23;66;155;644;762;573;6116981;6798496;10608492;101769;11730980
FR;2;2022-04-24;12;29;101;68;79;6116993;6798525;10608593;101837;11731059
FR;2;2022-04-25;103;203;820;1314;709;6117096;6798728;10609413;103151;11731768
FR;2;2022-04-26;109;183;1039;1998;877;6117205;6798911;10610452;105149;11732645
FR;2;2022-04-27;96;177;857;1757;760;6117301;6799088;10611309;106906;11733405
FR;2;2022-04-28;91;215;948;1904;842;6117392;6799303;10612257;108810;11734247
FR;2;2022-04-29;81;279;1129;1691;1037;6117473;6799582;10613386;110501;11735284
FR;2;2022-04-30;65;126;470;538;429;6117538;6799708;10613856;111039;11735713
FR;2;2022-05-01;20;24;84;48;85;6117558;6799732;10613940;111087;11735798
FR;2;2022-05-02;114;224;760;1206;657;6117672;6799956;10614700;112293;11736455
FR;2;2022-05-03;149;228;996;1767;935;6117821;6800184;10615696;114060;11737390
FR;2;2022-05-04;88;221;923;1809;865;6117909;6800405;10616619;115869;11738255
FR;2;2022-05-05;126;195;850;1697;767;6118035;6800600;10617469;117566;11739022
FR;2;2022-05-06;133;243;1098;1848;1012;6118168;6800843;10618567;119414;11740034
FR;2;2022-05-07;40;97;470;504;406;6118208;6800940;10619037;119918;11740440
FR;2;2022-05-08;45;53;106;70;100;6118253;6800993;10619143;119988;11740540
FR;2;2022-05-09;101;173;651;984;603;6118354;6801166;10619794;120972;11741143
FR;2;2022-05-10;120;243;937;1830;893;6118474;6801409;10620731;122802;11742036
FR;2;2022-05-11;100;170;810;1871;789;6118574;6801579;10621541;124673;11742825
FR;2;2022-05-12;110;166;838;2093;799;6118684;6801745;10622379;126766;11743624
FR;2;2022-05-13;100;231;967;2089;896;6118784;6801976;10623346;128855;11744520
FR;2;2022-05-14;76;117;451;554;409;6118860;6802093;10623797;129409;11744929
FR;2;2022-05-15;24;37;93;87;107;6118884;6802130;10623890;129496;11745036
FR;2;2022-05-16;103;169;599;921;536;6118987;6802299;10624489;130417;11745572
FR;2;2022-05-17;95;183;688;1685;656;6119082;6802482;10625177;132102;11746228
FR;2;2022-05-18;80;180;639;1421;644;6119162;6802662;10625816;133523;11746872
FR;2;2022-05-19;69;159;707;1822;750;6119231;6802821;10626523;135345;11747622
FR;2;2022-05-20;107;177;870;1700;776;6119338;6802998;10627393;137045;11748398
FR;2;2022-05-21;47;96;396;517;338;6119385;6803094;10627789;137562;11748736
FR;2;2022-05-22;8;23;69;37;57;6119393;6803117;10627858;137599;11748793
FR;2;2022-05-23;85;131;498;930;469;6119478;6803248;10628356;138529;11749262
FR;2;2022-05-24;86;161;625;1610;613;6119564;6803409;10628981;140139;11749875
FR;2;2022-05-25;71;141;538;1142;491;6119635;6803550;10629519;141281;11750366
FR;2;2022-05-26;8;30;77;41;85;6119643;6803580;10629596;141322;11750451
FR;2;2022-05-27;44;121;456;817;438;6119687;6803701;10630052;142139;11750889
FR;2;2022-05-28;28;60;220;243;220;6119715;6803761;10630272;142382;11751109
FR;2;2022-05-29;13;34;43;25;51;6119728;6803795;10630315;142407;11751160
FR;2;2022-05-30;65;108;418;720;404;6119793;6803903;10630733;143127;11751564
FR;2;2022-05-31;76;133;558;1276;508;6119869;6804036;10631291;144403;11752072
FR;2;2022-06-01;57;152;555;1074;534;6119926;6804188;10631846;145477;11752606
FR;2;2022-06-02;92;169;624;1400;588;6120018;6804357;10632470;146877;11753194
FR;2;2022-06-03;70;156;665;1603;593;6120088;6804513;10633135;148480;11753787
FR;2;2022-06-04;67;92;279;432;265;6120155;6804605;10633414;148912;11754052
FR;2;2022-06-05;12;17;62;57;47;6120167;6804622;10633476;148969;11754099
FR;2;2022-06-06;11;25;91;74;90;6120178;6804647;10633567;149043;11754189
FR;2;2022-06-07;98;218;662;1529;575;6120276;6804865;10634229;150572;11754764
FR;2;2022-06-08;69;116;475;1164;408;6120345;6804981;10634704;151736;11755172
FR;2;2022-06-09;91;164;608;1916;566;6120436;6805145;10635312;153652;11755738
FR;2;2022-06-10;86;165;646;1682;618;6120522;6805310;10635958;155334;11756356
FR;2;2022-06-11;42;82;286;527;257;6120564;6805392;10636244;155861;11756613
FR;2;2022-06-12;18;38;58;78;60;6120582;6805430;10636302;155939;11756673
FR;2;2022-06-13;35;117;388;948;373;6120617;6805547;10636690;156887;11757046
FR;2;2022-06-14;65;153;595;2085;533;6120682;6805700;10637285;158972;11757579
FR;2;2022-06-15;74;102;517;1495;441;6120756;6805802;10637802;160467;11758020
FR;2;2022-06-16;128;126;493;1410;420;6120884;6805928;10638295;161877;11758440
FR;2;2022-06-17;70;131;579;1815;506;6120954;6806059;10638874;163692;11758946
FR;2;2022-06-18;75;92;224;578;196;6121029;6806151;10639098;164270;11759142
FR;2;2022-06-19;11;14;52;71;41;6121040;6806165;10639150;164341;11759183
FR;2;2022-06-20;61;124;397;1027;388;6121101;6806289;10639547;165368;11759571
FR;2;2022-06-21;106;115;523;2121;453;6121207;6806404;10640070;167489;11760024
FR;2;2022-06-22;39;105;456;1888;409;6121246;6806509;10640526;169377;11760433
FR;2;2022-06-23;56;107;535;2282;450;6121302;6806616;10641061;171659;11760883
FR;2;2022-06-24;65;121;705;3183;567;6121367;6806737;10641766;174842;11761450
FR;2;2022-06-25;29;89;293;986;250;6121396;6806826;10642059;175828;11761700
FR;2;2022-06-26;30;27;131;194;96;6121426;6806853;10642190;176022;11761796
FR;2;2022-06-27;78;136;576;2472;478;6121504;6806989;10642766;178494;11762274
FR;2;2022-06-28;110;138;803;4812;643;6121614;6807127;10643569;183306;11762917
FR;2;2022-06-29;71;147;765;4340;625;6121685;6807274;10644334;187646;11763542
FR;2;2022-06-30;70;133;825;5171;615;6121755;6807407;10645159;192817;11764157
FR;2;2022-07-01;106;153;1099;6664;800;6121861;6807560;10646258;199481;11764957
FR;2;2022-07-02;65;129;456;1973;377;6121926;6807689;10646714;201454;11765334
FR;2;2022-07-03;23;29;143;333;128;6121949;6807718;10646857;201787;11765462
FR;2;2022-07-04;117;173;751;3772;589;6122066;6807891;10647608;205559;11766051
FR;2;2022-07-05;113;184;1110;6803;816;6122179;6808075;10648718;212362;11766867
FR;2;2022-07-06;92;147;940;5794;689;6122271;6808222;10649658;218156;11767556
FR;2;2022-07-07;80;183;1012;6480;742;6122351;6808405;10650670;224636;11768298
FR;2;2022-07-08;61;119;1073;7022;733;6122412;6808524;10651743;231658;11769031
FR;2;2022-07-09;33;61;416;1868;298;6122445;6808585;10652159;233526;11769329
FR;2;2022-07-10;6;17;95;311;81;6122451;6808602;10652254;233837;11769410
FR;2;2022-07-11;67;115;649;3788;514;6122518;6808717;10652903;237625;11769924
FR;2;2022-07-12;98;175;1040;6490;795;6122616;6808892;10653943;244115;11770719
FR;2;2022-07-13;56;125;866;4633;574;6122672;6809017;10654809;248748;11771293
FR;2;2022-07-14;6;12;69;245;42;6122678;6809029;10654878;248993;11771335
FR;2;2022-07-15;58;123;710;3760;536;6122736;6809152;10655588;252753;11771871
FR;2;2022-07-16;27;49;282;1024;234;6122763;6809201;10655870;253777;11772105
FR;2;2022-07-17;5;11;77;200;65;6122768;6809212;10655947;253977;11772170
FR;2;2022-07-18;51;100;488;2498;361;6122819;6809312;10656435;256475;11772531
FR;2;2022-07-19;65;129;759;4232;547;6122884;6809441;10657194;260707;11773078
FR;2;2022-07-20;54;112;559;3104;408;6122938;6809553;10657753;263811;11773486
FR;2;2022-07-21;58;101;649;3603;470;6122996;6809654;10658402;267414;11773956
FR;2;2022-07-22;44;87;643;3445;466;6123040;6809741;10659045;270859;11774422
FR;2;2022-07-23;35;86;271;1106;206;6123075;6809827;10659316;271965;11774628
FR;2;2022-07-24;10;19;52;196;55;6123085;6809846;10659368;272161;11774683
FR;3;2020-12-27;0;0;0;0;0;0;0;0;0;0
FR;3;2020-12-28;0;0;0;0;0;0;0;0;0;0
FR;3;2020-12-29;0;0;0;0;0;0;0;0;0;0
FR;3;2020-12-30;0;0;0;0;0;0;0;0;0;0
FR;3;2020-12-31;0;0;0;0;0;0;0;0;0;0
FR;3;2021-01-01;0;0;0;0;0;0;0;0;0;0
FR;3;2021-01-02;0;0;0;0;0;0;0;0;0;0
FR;3;2021-01-03;0;0;0;0;0;0;0;0;0;0
FR;3;2021-01-04;0;0;0;0;0;0;0;0;0;0
FR;3;2021-01-05;0;0;0;0;0;0;0;0;0;0
FR;3;2021-01-06;0;0;0;0;0;0;0;0;0;0
FR;3;2021-01-07;0;0;0;0;0;0;0;0;0;0
FR;3;2021-01-08;0;0;0;0;0;0;0;0;0;0
FR;3;2021-01-09;0;0;0;0;0;0;0;0;0;0
FR;3;2021-01-10;0;0;0;0;0;0;0;0;0;0
FR;3;2021-01-11;0;0;0;0;0;0;0;0;0;0
FR;3;2021-01-12;0;0;0;0;0;0;0;0;0;0
FR;3;2021-01-13;0;0;0;0;0;0;0;0;0;0
FR;3;2021-01-14;0;0;0;0;0;0;0;0;0;0
FR;3;2021-01-15;0;0;0;0;0;0;0;0;0;0
FR;3;2021-01-16;0;0;0;0;0;0;0;0;0;0
FR;3;2021-01-17;0;0;0;0;0;0;0;0;0;0
FR;3;2021-01-18;0;0;0;0;0;0;0;0;0;0
FR;3;2021-01-19;0;0;0;0;0;0;0;0;0;0
FR;3;2021-01-20;0;0;0;0;0;0;0;0;0;0
FR;3;2021-01-21;0;0;0;0;0;0;0;0;0;0
FR;3;2021-01-22;0;0;0;0;0;0;0;0;0;0
FR;3;2021-01-23;0;0;0;0;0;0;0;0;0;0
FR;3;2021-01-24;0;0;0;0;0;0;0;0;0;0
FR;3;2021-01-25;0;0;0;0;0;0;0;0;0;0
FR;3;2021-01-26;0;0;0;0;0;0;0;0;0;0
FR;3;2021-01-27;0;0;0;0;0;0;0;0;0;0
FR;3;2021-01-28;0;0;0;0;0;0;0;0;0;0
FR;3;2021-01-29;0;0;0;0;0;0;0;0;0;0
FR;3;2021-01-30;0;0;0;0;0;0;0;0;0;0
FR;3;2021-01-31;0;0;0;0;0;0;0;0;0;0
FR;3;2021-02-01;0;0;0;0;0;0;0;0;0;0
FR;3;2021-02-02;0;0;0;0;0;0;0;0;0;0
FR;3;2021-02-03;0;0;0;0;0;0;0;0;0;0
FR;3;2021-02-04;0;0;0;0;0;0;0;0;0;0
FR;3;2021-02-05;0;0;0;0;0;0;0;0;0;0
FR;3;2021-02-06;1603;0;0;0;0;1603;0;0;0;0
FR;3;2021-02-07;1423;1;0;0;0;3026;1;0;0;0
FR;3;2021-02-08;2786;1;0;0;0;5812;2;0;0;0
FR;3;2021-02-09;6782;0;0;0;0;12594;2;0;0;0
FR;3;2021-02-10;9607;0;0;0;0;22201;2;0;0;0
FR;3;2021-02-11;13618;1;0;0;0;35819;3;0;0;0
FR;3;2021-02-12;13404;0;0;0;0;49223;3;0;0;0
FR;3;2021-02-13;3793;1;0;0;0;53016;4;0;0;0
FR;3;2021-02-14;974;0;0;0;0;53990;4;0;0;0
FR;3;2021-02-15;10491;1;0;0;0;64481;5;0;0;0
FR;3;2021-02-16;12549;4;0;0;0;77030;9;0;0;0
FR;3;2021-02-17;11154;0;0;0;0;88184;9;0;0;0
FR;3;2021-02-18;14942;2;0;0;0;103126;11;0;0;0
FR;3;2021-02-19;14359;1;0;0;0;117485;12;0;0;0
FR;3;2021-02-20;3330;0;0;0;0;120815;12;0;0;0
FR;3;2021-02-21;618;0;0;0;0;121433;12;0;0;0
FR;3;2021-02-22;9166;0;0;0;0;130599;12;0;0;0
FR;3;2021-02-23;11395;2;0;0;0;141994;14;0;0;0
FR;3;2021-02-24;14303;1;0;0;0;156297;15;0;0;0
FR;3;2021-02-25;44931;2;0;0;0;201228;17;0;0;0
FR;3;2021-02-26;61886;5;0;0;0;263114;22;0;0;0
FR;3;2021-02-27;34803;10;0;0;0;297917;32;0;0;0
FR;3;2021-02-28;2462;0;0;0;0;300379;32;0;0;0
FR;3;2021-03-01;20516;14;0;0;0;320895;46;0;0;0
FR;3;2021-03-02;38867;21;0;0;0;359762;67;0;0;0
FR;3;2021-03-03;48739;15;0;0;0;408501;82;0;0;0
FR;3;2021-03-04;82222;20;0;0;0;490723;102;0;0;0
FR;3;2021-03-05;118129;39;0;0;0;608852;141;0;0;0
FR;3;2021-03-06;120713;62;1;0;0;729565;203;1;0;0
FR;3;2021-03-07;55179;25;0;0;0;784744;228;1;0;0
FR;3;2021-03-08;42811;26;0;0;0;827555;254;1;0;0
FR;3;2021-03-09;78971;49;0;0;0;906526;303;1;0;0
FR;3;2021-03-10;80977;47;0;0;0;987503;350;1;0;0
FR;3;2021-03-11;128437;59;0;0;0;1115940;409;1;0;0
FR;3;2021-03-12;182720;100;0;0;0;1298660;509;1;0;0
FR;3;2021-03-13;132149;73;0;0;0;1430809;582;1;0;0
FR;3;2021-03-14;14056;5;0;0;0;1444865;587;1;0;0
FR;3;2021-03-15;52230;57;0;0;0;1497095;644;1;0;0
FR;3;2021-03-16;1214;40;0;0;0;1498309;684;1;0;0
FR;3;2021-03-17;944;41;0;0;0;1499253;725;1;0;0
FR;3;2021-03-18;1568;28;0;0;0;1500821;753;1;0;0
FR;3;2021-03-19;70453;49;0;0;0;1571274;802;1;0;0
FR;3;2021-03-20;65232;46;0;0;0;1636506;848;1;0;0
FR;3;2021-03-21;5758;7;0;0;0;1642264;855;1;0;0
FR;3;2021-03-22;37501;42;0;0;0;1679765;897;1;0;0
FR;3;2021-03-23;84657;72;0;0;0;1764422;969;1;0;0
FR;3;2021-03-24;90940;94;0;0;0;1855362;1063;1;0;0
FR;3;2021-03-25;150055;133;0;0;0;2005417;1196;1;0;0
FR;3;2021-03-26;165426;155;0;0;0;2170843;1351;1;0;0
FR;3;2021-03-27;68458;102;0;0;0;2239301;1453;1;0;0
FR;3;2021-03-28;6474;21;0;0;0;2245775;1474;1;0;0
FR;3;2021-03-29;54164;73;0;0;0;2299939;1547;1;0;0
FR;3;2021-03-30;93170;102;0;0;0;2393109;1649;1;0;0
FR;3;2021-03-31;63532;101;0;0;0;2456641;1750;1;0;0
FR;3;2021-04-01;86130;106;0;0;0;2542771;1856;1;0;0
FR;3;2021-04-02;86901;167;0;0;0;2629672;2023;1;0;0
FR;3;2021-04-03;35873;125;0;0;0;2665545;2148;1;0;0
FR;3;2021-04-04;3572;18;0;0;0;2669117;2166;1;0;0
FR;3;2021-04-05;4489;32;0;0;0;2673606;2198;1;0;0
FR;3;2021-04-06;29750;93;0;0;0;2703356;2291;1;0;0
FR;3;2021-04-07;32340;88;0;0;0;2735696;2379;1;0;0
FR;3;2021-04-08;78815;247;0;0;0;2814511;2626;1;0;0
FR;3;2021-04-09;161750;425;0;0;0;2976261;3051;1;0;0
FR;3;2021-04-10;75759;342;0;0;0;3052020;3393;1;0;0
FR;3;2021-04-11;7311;46;0;0;0;3059331;3439;1;0;0
FR;3;2021-04-12;51475;212;0;0;0;3110806;3651;1;0;0
FR;3;2021-04-13;86228;334;0;0;0;3197034;3985;1;0;0
FR;3;2021-04-14;67837;356;0;0;0;3264871;4341;1;0;0
FR;3;2021-04-15;93228;380;0;0;0;3358099;4721;1;0;0
FR;3;2021-04-16;112521;597;0;0;0;3470620;5318;1;0;0
FR;3;2021-04-17;53315;337;1;0;0;3523935;5655;2;0;0
FR;3;2021-04-18;9745;36;0;0;0;3533680;5691;2;0;0
FR;3;2021-04-19;25104;253;0;0;0;3558784;5944;2;0;0
FR;3;2021-04-20;45672;408;0;0;0;3604456;6352;2;0;0
FR;3;2021-04-21;38974;485;0;0;0;3643430;6837;2;0;0
FR;3;2021-04-22;54708;816;0;0;0;3698138;7653;2;0;0
FR;3;2021-04-23;70488;1033;0;0;0;3768626;8686;2;0;0
FR;3;2021-04-24;37243;1042;0;0;0;3805869;9728;2;0;0
FR;3;2021-04-25;6209;151;0;0;0;3812078;9879;2;0;0
FR;3;2021-04-26;19785;673;0;0;0;3831863;10552;2;0;0
FR;3;2021-04-27;34477;1276;0;0;0;3866340;11828;2;0;0
FR;3;2021-04-28;28967;1974;0;0;0;3895307;13802;2;0;0
FR;3;2021-04-29;45382;6017;0;0;0;3940689;19819;2;0;0
FR;3;2021-04-30;55461;8987;1;0;0;3996150;28806;3;0;0
FR;3;2021-05-01;9512;2016;0;0;0;4005662;30822;3;0;0
FR;3;2021-05-02;3074;482;0;0;0;4008736;31304;3;0;0
FR;3;2021-05-03;13062;3886;0;0;0;4021798;35190;3;0;0
FR;3;2021-05-04;23114;8450;0;0;0;4044912;43640;3;0;0
FR;3;2021-05-05;18758;10688;0;0;0;4063670;54328;3;0;0
FR;3;2021-05-06;34627;21023;0;0;0;4098297;75351;3;0;0
FR;3;2021-05-07;44201;28624;0;0;0;4142498;103975;3;0;0
FR;3;2021-05-08;6786;9132;0;0;0;4149284;113107;3;0;0
FR;3;2021-05-09;1795;2654;0;0;0;4151079;115761;3;0;0
FR;3;2021-05-10;14993;12759;0;0;0;4166072;128520;3;0;0
FR;3;2021-05-11;27092;26004;0;0;0;4193164;154524;3;0;0
FR;3;2021-05-12;17267;27774;0;0;0;4210431;182298;3;0;0
FR;3;2021-05-13;2281;3495;0;0;0;4212712;185793;3;0;0
FR;3;2021-05-14;14515;25938;0;0;0;4227227;211731;3;0;0
FR;3;2021-05-15;7233;20904;0;0;0;4234460;232635;3;0;0
FR;3;2021-05-16;976;2652;0;0;0;4235436;235287;3;0;0
FR;3;2021-05-17;7962;20033;0;0;0;4243398;255320;3;0;0
FR;3;2021-05-18;13411;29879;0;0;0;4256809;285199;3;0;0
FR;3;2021-05-19;9268;31101;0;0;0;4266077;316300;3;0;0
FR;3;2021-05-20;12803;53506;3;0;0;4278880;369806;6;0;0
FR;3;2021-05-21;12761;65823;2;0;0;4291641;435629;8;0;0
FR;3;2021-05-22;4963;33498;1;0;0;4296604;469127;9;0;0
FR;3;2021-05-23;650;2661;0;0;0;4297254;471788;9;0;0
FR;3;2021-05-24;882;4887;0;0;0;4298136;476675;9;0;0
FR;3;2021-05-25;5307;45966;1;0;0;4303443;522641;10;0;0
FR;3;2021-05-26;4974;51575;1;0;0;4308417;574216;11;0;0
FR;3;2021-05-27;6327;78472;3;0;0;4314744;652688;14;0;0
FR;3;2021-05-28;7541;99611;2;0;0;4322285;752299;16;0;0
FR;3;2021-05-29;3348;60675;1;0;0;4325633;812974;17;0;0
FR;3;2021-05-30;548;8173;0;0;0;4326181;821147;17;0;0
FR;3;2021-05-31;2440;35687;3;0;0;4328621;856834;20;0;0
FR;3;2021-06-01;3404;64817;10;0;0;4332025;921651;30;0;0
FR;3;2021-06-02;2730;58499;6;0;0;4334755;980150;36;0;0
FR;3;2021-06-03;3494;87413;10;0;0;4338249;1067563;46;0;0
FR;3;2021-06-04;4114;105449;22;0;0;4342363;1173012;68;0;0
FR;3;2021-06-05;1981;52401;4;0;0;4344344;1225413;72;0;0
FR;3;2021-06-06;506;5315;1;0;0;4344850;1230728;73;0;0
FR;3;2021-06-07;1475;30925;11;0;0;4346325;1261653;84;0;0
FR;3;2021-06-08;2058;47303;18;0;0;4348383;1308956;102;0;0
FR;3;2021-06-09;1793;42032;13;0;0;4350176;1350988;115;0;0
FR;3;2021-06-10;2247;67744;17;0;0;4352423;1418732;132;0;0
FR;3;2021-06-11;2479;96635;34;0;0;4354902;1515367;166;0;0
FR;3;2021-06-12;1176;40695;6;0;0;4356078;1556062;172;0;0
FR;3;2021-06-13;281;3712;3;0;0;4356359;1559774;175;0;0
FR;3;2021-06-14;1044;42473;17;0;0;4357403;1602247;192;0;0
FR;3;2021-06-15;1368;80499;20;0;0;4358771;1682746;212;0;0
FR;3;2021-06-16;1257;65548;20;0;0;4360028;1748294;232;0;0
FR;3;2021-06-17;1661;102018;41;0;0;4361689;1850312;273;0;0
FR;3;2021-06-18;1870;118172;62;0;0;4363559;1968484;335;0;0
FR;3;2021-06-19;802;39414;22;0;0;4364361;2007898;357;0;0
FR;3;2021-06-20;159;3283;0;0;0;4364520;2011181;357;0;0
FR;3;2021-06-21;771;39150;16;0;0;4365291;2050331;373;0;0
FR;3;2021-06-22;1064;69986;52;0;0;4366355;2120317;425;0;0
FR;3;2021-06-23;941;50811;39;0;0;4367296;2171128;464;0;0
FR;3;2021-06-24;1311;77183;48;0;0;4368607;2248311;512;0;0
FR;3;2021-06-25;1404;90324;73;0;0;4370011;2338635;585;0;0
FR;3;2021-06-26;629;33117;29;0;0;4370640;2371752;614;0;0
FR;3;2021-06-27;166;3905;1;0;0;4370806;2375657;615;0;0
FR;3;2021-06-28;649;30220;27;0;0;4371455;2405877;642;0;0
FR;3;2021-06-29;854;56330;95;0;0;4372309;2462207;737;0;0
FR;3;2021-06-30;904;45097;93;0;0;4373213;2507304;830;0;0
FR;3;2021-07-01;1162;65865;108;0;0;4374375;2573169;938;0;0
FR;3;2021-07-02;1303;90407;170;0;0;4375678;2663576;1108;0;0
FR;3;2021-07-03;603;31180;51;0;0;4376281;2694756;1159;0;0
FR;3;2021-07-04;143;4144;3;0;0;4376424;2698900;1162;0;0
FR;3;2021-07-05;610;33758;60;0;0;4377034;2732658;1222;0;0
FR;3;2021-07-06;959;55992;88;0;0;4377993;2788650;1310;0;0
FR;3;2021-07-07;870;43006;80;0;0;4378863;2831656;1390;0;0
FR;3;2021-07-08;1123;60725;99;0;0;4379986;2892381;1489;0;0
FR;3;2021-07-09;1259;68838;128;0;0;4381245;2961219;1617;0;0
FR;3;2021-07-10;643;25038;59;0;0;4381888;2986257;1676;0;0
FR;3;2021-07-11;129;3236;4;0;0;4382017;2989493;1680;0;0
FR;3;2021-07-12;661;23794;59;0;0;4382678;3013287;1739;0;0
FR;3;2021-07-13;1647;34634;90;0;0;4384325;3047921;1829;0;0
FR;3;2021-07-14;266;2551;2;0;0;4384591;3050472;1831;0;0
FR;3;2021-07-15;1936;30566;85;0;0;4386527;3081038;1916;0;0
FR;3;2021-07-16;2520;38757;122;0;0;4389047;3119795;2038;0;0
FR;3;2021-07-17;1047;13720;26;0;0;4390094;3133515;2064;0;0
FR;3;2021-07-18;264;2569;3;0;0;4390358;3136084;2067;0;0
FR;3;2021-07-19;1275;17062;37;0;0;4391633;3153146;2104;0;0
FR;3;2021-07-20;1823;27041;98;0;0;4393456;3180187;2202;0;0
FR;3;2021-07-21;1649;19634;44;0;0;4395105;3199821;2246;0;0
FR;3;2021-07-22;1853;27683;83;0;0;4396958;3227504;2329;0;0
FR;3;2021-07-23;2215;30368;117;0;0;4399173;3257872;2446;0;0
FR;3;2021-07-24;823;6965;25;0;0;4399996;3264837;2471;0;0
FR;3;2021-07-25;210;1316;1;0;0;4400206;3266153;2472;0;0
FR;3;2021-07-26;927;10613;28;0;0;4401133;3276766;2500;0;0
FR;3;2021-07-27;1168;16893;56;0;0;4402301;3293659;2556;0;0
FR;3;2021-07-28;988;12037;40;0;0;4403289;3305696;2596;0;0
FR;3;2021-07-29;1127;15774;63;0;0;4404416;3321470;2659;0;0
FR;3;2021-07-30;1128;18021;79;0;0;4405544;3339491;2738;0;0
FR;3;2021-07-31;406;3744;15;0;0;4405950;3343235;2753;0;0
FR;3;2021-08-01;114;469;1;0;0;4406064;3343704;2754;0;0
FR;3;2021-08-02;421;5102;22;0;0;4406485;3348806;2776;0;0
FR;3;2021-08-03;493;7538;27;0;0;4406978;3356344;2803;0;0
FR;3;2021-08-04;435;4860;26;0;0;4407413;3361204;2829;0;0
FR;3;2021-08-05;429;3689;13;0;0;4407842;3364893;2842;0;0
FR;3;2021-08-06;455;4750;30;0;0;4408297;3369643;2872;0;0
FR;3;2021-08-07;214;1913;11;0;0;4408511;3371556;2883;0;0
FR;3;2021-08-08;249;429;2;0;0;4408760;3371985;2885;0;0
FR;3;2021-08-09;316;2448;11;0;0;4409076;3374433;2896;0;0
FR;3;2021-08-10;368;3824;15;0;0;4409444;3378257;2911;0;0
FR;3;2021-08-11;289;2691;15;0;0;4409733;3380948;2926;0;0
FR;3;2021-08-12;277;2610;12;0;0;4410010;3383558;2938;0;0
FR;3;2021-08-13;277;2262;16;0;0;4410287;3385820;2954;0;0
FR;3;2021-08-14;171;906;1;0;0;4410458;3386726;2955;0;0
FR;3;2021-08-15;55;174;0;0;0;4410513;3386900;2955;0;0
FR;3;2021-08-16;123;1056;8;0;0;4410636;3387956;2963;0;0
FR;3;2021-08-17;186;1469;8;0;0;4410822;3389425;2971;0;0
FR;3;2021-08-18;202;1332;10;0;0;4411024;3390757;2981;0;0
FR;3;2021-08-19;165;1399;10;0;0;4411189;3392156;2991;0;0
FR;3;2021-08-20;167;1621;16;0;0;4411356;3393777;3007;0;0
FR;3;2021-08-21;93;584;2;0;0;4411449;3394361;3009;0;0
FR;3;2021-08-22;42;187;1;0;0;4411491;3394548;3010;0;0
FR;3;2021-08-23;140;917;7;0;0;4411631;3395465;3017;0;0
FR;3;2021-08-24;124;950;10;0;0;4411755;3396415;3027;0;0
FR;3;2021-08-25;137;835;3;0;0;4411892;3397250;3030;0;0
FR;3;2021-08-26;172;852;9;0;0;4412064;3398102;3039;0;0
FR;3;2021-08-27;176;948;9;0;0;4412240;3399050;3048;0;0
FR;3;2021-08-28;99;370;4;0;0;4412339;3399420;3052;0;0
FR;3;2021-08-29;128;134;1;0;0;4412467;3399554;3053;0;0
FR;3;2021-08-30;99;589;0;0;127;4412566;3400143;3053;0;127
FR;3;2021-08-31;130;696;7;0;144;4412696;3400839;3060;0;271
FR;3;2021-09-01;118;467;5;0;114;4412814;3401306;3065;0;385
FR;3;2021-09-02;100;623;22;0;115;4412914;3401929;3087;0;500
FR;3;2021-09-03;115;577;17;0;124;4413029;3402506;3104;0;624
FR;3;2021-09-04;54;300;3;0;56;4413083;3402806;3107;0;680
FR;3;2021-09-05;51;67;5;0;28;4413134;3402873;3112;0;708
FR;3;2021-09-06;116;384;4;0;143;4413250;3403257;3116;0;851
FR;3;2021-09-07;123;458;14;0;125;4413373;3403715;3130;0;976
FR;3;2021-09-08;120;356;2;0;96;4413493;3404071;3132;0;1072
FR;3;2021-09-09;93;388;8;0;109;4413586;3404459;3140;0;1181
FR;3;2021-09-10;100;412;3;0;98;4413686;3404871;3143;0;1279
FR;3;2021-09-11;76;233;4;0;65;4413762;3405104;3147;0;1344
FR;3;2021-09-12;37;47;1;0;18;4413799;3405151;3148;0;1362
FR;3;2021-09-13;72;311;7;0;105;4413871;3405462;3155;0;1467
FR;3;2021-09-14;72;284;6;0;101;4413943;3405746;3161;0;1568
FR;3;2021-09-15;61;259;3;0;6;4414004;3406005;3164;0;1574
FR;3;2021-09-16;60;328;5;0;5;4414064;3406333;3169;0;1579
FR;3;2021-09-17;52;337;3;0;7;4414116;3406670;3172;0;1586
FR;3;2021-09-18;36;176;1;0;1;4414152;3406846;3173;0;1587
FR;3;2021-09-19;27;31;2;0;1;4414179;3406877;3175;0;1588
FR;3;2021-09-20;80;198;0;0;1;4414259;3407075;3175;0;1589
FR;3;2021-09-21;59;287;6;0;7;4414318;3407362;3181;0;1596
FR;3;2021-09-22;64;228;6;0;7;4414382;3407590;3187;0;1603
FR;3;2021-09-23;37;268;11;0;7;4414419;3407858;3198;0;1610
FR;3;2021-09-24;27;322;12;0;19;4414446;3408180;3210;0;1629
FR;3;2021-09-25;30;146;3;0;3;4414476;3408326;3213;0;1632
FR;3;2021-09-26;16;57;1;0;1;4414492;3408383;3214;0;1633
FR;3;2021-09-27;41;295;3;0;5;4414533;3408678;3217;0;1638
FR;3;2021-09-28;49;253;6;0;10;4414582;3408931;3223;0;1648
FR;3;2021-09-29;35;227;10;0;14;4414617;3409158;3233;0;1662
FR;3;2021-09-30;39;198;8;0;10;4414656;3409356;3241;0;1672
FR;3;2021-10-01;19;164;6;0;7;4414675;3409520;3247;0;1679
FR;3;2021-10-02;16;87;0;0;0;4414691;3409607;3247;0;1679
FR;3;2021-10-03;19;17;1;0;2;4414710;3409624;3248;0;1681
FR;3;2021-10-04;31;158;4;0;4;4414741;3409782;3252;0;1685
FR;3;2021-10-05;16;152;10;0;13;4414757;3409934;3262;0;1698
FR;3;2021-10-06;31;152;8;0;9;4414788;3410086;3270;0;1707
FR;3;2021-10-07;19;135;6;0;6;4414807;3410221;3276;0;1713
FR;3;2021-10-08;22;141;10;0;9;4414829;3410362;3286;0;1722
FR;3;2021-10-09;14;71;1;0;1;4414843;3410433;3287;0;1723
FR;3;2021-10-10;13;17;2;0;2;4414856;3410450;3289;0;1725
FR;3;2021-10-11;15;121;4;0;5;4414871;3410571;3293;0;1730
FR;3;2021-10-12;18;107;5;0;5;4414889;3410678;3298;0;1735
FR;3;2021-10-13;23;115;8;0;6;4414912;3410793;3306;0;1741
FR;3;2021-10-14;16;157;3;0;4;4414928;3410950;3309;0;1745
FR;3;2021-10-15;23;150;8;0;11;4414951;3411100;3317;0;1756
FR;3;2021-10-16;11;77;6;0;8;4414962;3411177;3323;0;1764
FR;3;2021-10-17;12;24;0;0;0;4414974;3411201;3323;0;1764
FR;3;2021-10-18;18;119;2;0;2;4414992;3411320;3325;0;1766
FR;3;2021-10-19;16;118;19;0;21;4415008;3411438;3344;0;1787
FR;3;2021-10-20;23;129;6;0;7;4415031;3411567;3350;0;1794
FR;3;2021-10-21;27;130;17;0;13;4415058;3411697;3367;0;1807
FR;3;2021-10-22;21;121;16;0;20;4415079;3411818;3383;0;1827
FR;3;2021-10-23;12;58;2;0;1;4415091;3411876;3385;0;1828
FR;3;2021-10-24;7;33;0;0;0;4415098;3411909;3385;0;1828
FR;3;2021-10-25;22;149;7;0;7;4415120;3412058;3392;0;1835
FR;3;2021-10-26;19;109;22;0;19;4415139;3412167;3414;0;1854
FR;3;2021-10-27;17;109;9;0;9;4415156;3412276;3423;0;1863
FR;3;2021-10-28;20;118;33;0;36;4415176;3412394;3456;0;1899
FR;3;2021-10-29;11;113;64;0;54;4415187;3412507;3520;0;1953
FR;3;2021-10-30;9;65;11;1;10;4415196;3412572;3531;1;1963
FR;3;2021-10-31;7;23;1;0;1;4415203;3412595;3532;1;1964
FR;3;2021-11-01;8;21;2;0;1;4415211;3412616;3534;1;1965
FR;3;2021-11-02;9;103;10;0;12;4415220;3412719;3544;1;1977
FR;3;2021-11-03;19;111;10;0;10;4415239;3412830;3554;1;1987
FR;3;2021-11-04;18;91;4;0;3;4415257;3412921;3558;1;1990
FR;3;2021-11-05;18;132;8;1;5;4415275;3413053;3566;2;1995
FR;3;2021-11-06;9;63;3;0;3;4415284;3413116;3569;2;1998
FR;3;2021-11-07;6;21;1;0;1;4415290;3413137;3570;2;1999
FR;3;2021-11-08;11;134;7;0;5;4415301;3413271;3577;2;2004
FR;3;2021-11-09;12;140;5;0;5;4415313;3413411;3582;2;2009
FR;3;2021-11-10;13;166;14;0;15;4415326;3413577;3596;2;2024
FR;3;2021-11-11;11;48;3;0;3;4415337;3413625;3599;2;2027
FR;3;2021-11-12;12;147;6;0;4;4415349;3413772;3605;2;2031
FR;3;2021-11-13;7;72;9;0;10;4415356;3413844;3614;2;2041
FR;3;2021-11-14;3;24;0;0;0;4415359;3413868;3614;2;2041
FR;3;2021-11-15;5;185;10;0;11;4415364;3414053;3624;2;2052
FR;3;2021-11-16;5;146;11;0;10;4415369;3414199;3635;2;2062
FR;3;2021-11-17;7;165;10;0;7;4415376;3414364;3645;2;2069
FR;3;2021-11-18;13;160;10;0;11;4415389;3414524;3655;2;2080
FR;3;2021-11-19;10;210;22;0;27;4415399;3414734;3677;2;2107
FR;3;2021-11-20;6;105;6;0;6;4415405;3414839;3683;2;2113
FR;3;2021-11-21;3;25;3;0;3;4415408;3414864;3686;2;2116
FR;3;2021-11-22;11;211;11;0;11;4415419;3415075;3697;2;2127
FR;3;2021-11-23;8;211;15;0;14;4415427;3415286;3712;2;2141
FR;3;2021-11-24;5;216;9;0;17;4415432;3415502;3721;2;2158
FR;3;2021-11-25;10;248;11;0;11;4415442;3415750;3732;2;2169
FR;3;2021-11-26;7;317;35;0;33;4415449;3416067;3767;2;2202
FR;3;2021-11-27;8;152;20;0;21;4415457;3416219;3787;2;2223
FR;3;2021-11-28;3;63;7;0;7;4415460;3416282;3794;2;2230
FR;3;2021-11-29;5;276;20;0;21;4415465;3416558;3814;2;2251
FR;3;2021-11-30;5;366;26;0;29;4415470;3416924;3840;2;2280
FR;3;2021-12-01;22;398;35;0;37;4415492;3417322;3875;2;2317
FR;3;2021-12-02;9;422;33;0;36;4415501;3417744;3908;2;2353
FR;3;2021-12-03;4;487;37;0;38;4415505;3418231;3945;2;2391
FR;3;2021-12-04;3;251;26;0;28;4415508;3418482;3971;2;2419
FR;3;2021-12-05;1;71;5;0;5;4415509;3418553;3976;2;2424
FR;3;2021-12-06;5;444;14;0;15;4415514;3418997;3990;2;2439
FR;3;2021-12-07;4;524;20;0;24;4415518;3419521;4010;2;2463
FR;3;2021-12-08;6;476;29;0;30;4415524;3419997;4039;2;2493
FR;3;2021-12-09;3;539;17;0;22;4415527;3420536;4056;2;2515
FR;3;2021-12-10;9;549;29;0;25;4415536;3421085;4085;2;2540
FR;3;2021-12-11;4;348;10;0;9;4415540;3421433;4095;2;2549
FR;3;2021-12-12;1;113;3;0;3;4415541;3421546;4098;2;2552
FR;3;2021-12-13;2;528;19;0;21;4415543;3422074;4117;2;2573
FR;3;2021-12-14;7;677;18;0;21;4415550;3422751;4135;2;2594
FR;3;2021-12-15;9;637;17;0;21;4415559;3423388;4152;2;2615
FR;3;2021-12-16;10;656;19;0;18;4415569;3424044;4171;2;2633
FR;3;2021-12-17;5;734;18;0;19;4415574;3424778;4189;2;2652
FR;3;2021-12-18;4;387;4;0;5;4415578;3425165;4193;2;2657
FR;3;2021-12-19;3;196;2;0;2;4415581;3425361;4195;2;2659
FR;3;2021-12-20;8;667;23;0;28;4415589;3426028;4218;2;2687
FR;3;2021-12-21;3;760;10;0;13;4415592;3426788;4228;2;2700
FR;3;2021-12-22;8;708;9;0;10;4415600;3427496;4237;2;2710
FR;3;2021-12-23;2;614;8;0;8;4415602;3428110;4245;2;2718
FR;3;2021-12-24;2;255;3;0;6;4415604;3428365;4248;2;2724
FR;3;2021-12-25;0;25;0;0;0;4415604;3428390;4248;2;2724
FR;3;2021-12-26;0;92;1;0;1;4415604;3428482;4249;2;2725
FR;3;2021-12-27;7;512;17;0;20;4415611;3428994;4266;2;2745
FR;3;2021-12-28;1;661;6;0;5;4415612;3429655;4272;2;2750
FR;3;2021-12-29;4;547;14;0;16;4415616;3430202;4286;2;2766
FR;3;2021-12-30;3;573;7;0;10;4415619;3430775;4293;2;2776
FR;3;2021-12-31;0;199;5;0;7;4415619;3430974;4298;2;2783
FR;3;2022-01-01;0;26;0;0;2;4415619;3431000;4298;2;2785
FR;3;2022-01-02;0;81;0;0;0;4415619;3431081;4298;2;2785
FR;3;2022-01-03;4;544;17;0;21;4415623;3431625;4315;2;2806
FR;3;2022-01-04;6;600;9;0;8;4415629;3432225;4324;2;2814
FR;3;2022-01-05;4;537;10;0;14;4415633;3432762;4334;2;2828
FR;3;2022-01-06;5;521;9;0;10;4415638;3433283;4343;2;2838
FR;3;2022-01-07;2;553;11;0;13;4415640;3433836;4354;2;2851
FR;3;2022-01-08;2;270;4;0;5;4415642;3434106;4358;2;2856
FR;3;2022-01-09;0;118;0;0;0;4415642;3434224;4358;2;2856
FR;3;2022-01-10;2;465;12;0;12;4415644;3434689;4370;2;2868
FR;3;2022-01-11;2;515;1;0;1;4415646;3435204;4371;2;2869
FR;3;2022-01-12;2;432;9;0;10;4415648;3435636;4380;2;2879
FR;3;2022-01-13;3;412;11;0;12;4415651;3436048;4391;2;2891
FR;3;2022-01-14;3;461;10;0;13;4415654;3436509;4401;2;2904
FR;3;2022-01-15;0;293;2;0;3;4415654;3436802;4403;2;2907
FR;3;2022-01-16;1;115;1;0;1;4415655;3436917;4404;2;2908
FR;3;2022-01-17;2;339;8;0;9;4415657;3437256;4412;2;2917
FR;3;2022-01-18;2;397;1;0;2;4415659;3437653;4413;2;2919
FR;3;2022-01-19;2;340;5;0;10;4415661;3437993;4418;2;2929
FR;3;2022-01-20;1;371;5;0;3;4415662;3438364;4423;2;2932
FR;3;2022-01-21;4;364;5;0;7;4415666;3438728;4428;2;2939
FR;3;2022-01-22;2;230;1;0;2;4415668;3438958;4429;2;2941
FR;3;2022-01-23;0;81;0;0;1;4415668;3439039;4429;2;2942
FR;3;2022-01-24;2;338;1;0;6;4415670;3439377;4430;2;2948
FR;3;2022-01-25;0;187;0;0;0;4415670;3439564;4430;2;2948
FR;3;2022-01-26;0;83;0;0;0;4415670;3439647;4430;2;2948
FR;3;2022-01-27;0;54;0;0;0;4415670;3439701;4430;2;2948
FR;3;2022-01-28;0;129;0;0;0;4415670;3439830;4430;2;2948
FR;3;2022-01-29;0;105;0;0;0;4415670;3439935;4430;2;2948
FR;3;2022-01-30;0;51;0;0;0;4415670;3439986;4430;2;2948
FR;3;2022-01-31;0;96;0;0;0;4415670;3440082;4430;2;2948
FR;3;2022-02-01;0;105;0;0;1;4415670;3440187;4430;2;2949
FR;3;2022-02-02;0;93;0;0;0;4415670;3440280;4430;2;2949
FR;3;2022-02-03;0;100;0;0;0;4415670;3440380;4430;2;2949
FR;3;2022-02-04;0;122;0;0;0;4415670;3440502;4430;2;2949
FR;3;2022-02-05;0;73;0;0;0;4415670;3440575;4430;2;2949
FR;3;2022-02-06;0;11;0;0;0;4415670;3440586;4430;2;2949
FR;3;2022-02-07;0;88;0;0;1;4415670;3440674;4430;2;2950
FR;3;2022-02-08;0;0;0;0;0;4415670;3440674;4430;2;2950
FR;3;2022-02-09;0;0;0;0;0;4415670;3440674;4430;2;2950
FR;3;2022-02-10;0;0;0;0;0;4415670;3440674;4430;2;2950
FR;3;2022-02-11;0;0;0;0;0;4415670;3440674;4430;2;2950
FR;3;2022-02-12;0;0;0;0;0;4415670;3440674;4430;2;2950
FR;3;2022-02-13;0;0;0;0;0;4415670;3440674;4430;2;2950
FR;3;2022-02-14;0;0;0;0;0;4415670;3440674;4430;2;2950
FR;3;2022-02-15;0;0;0;0;0;4415670;3440674;4430;2;2950
FR;3;2022-02-16;0;0;0;0;0;4415670;3440674;4430;2;2950
FR;3;2022-02-17;0;0;0;0;0;4415670;3440674;4430;2;2950
FR;3;2022-02-18;0;0;0;0;0;4415670;3440674;4430;2;2950
FR;3;2022-02-19;0;0;0;0;0;4415670;3440674;4430;2;2950
FR;3;2022-02-20;0;0;0;0;0;4415670;3440674;4430;2;2950
FR;3;2022-02-21;2;0;0;0;0;4415672;3440674;4430;2;2950
FR;3;2022-02-22;0;0;0;0;0;4415672;3440674;4430;2;2950
FR;3;2022-02-23;0;0;0;0;0;4415672;3440674;4430;2;2950
FR;3;2022-02-24;0;0;0;0;0;4415672;3440674;4430;2;2950
FR;3;2022-02-25;0;0;0;0;0;4415672;3440674;4430;2;2950
FR;3;2022-02-26;0;0;0;0;0;4415672;3440674;4430;2;2950
FR;3;2022-02-27;0;0;0;0;0;4415672;3440674;4430;2;2950
FR;3;2022-02-28;1;0;0;0;0;4415673;3440674;4430;2;2950
FR;3;2022-03-01;1;0;0;0;0;4415674;3440674;4430;2;2950
FR;3;2022-03-02;0;0;0;0;0;4415674;3440674;4430;2;2950
FR;3;2022-03-03;0;0;0;0;0;4415674;3440674;4430;2;2950
FR;3;2022-03-04;0;0;0;0;0;4415674;3440674;4430;2;2950
FR;3;2022-03-05;0;0;0;0;0;4415674;3440674;4430;2;2950
FR;3;2022-03-06;1;0;0;0;0;4415675;3440674;4430;2;2950
FR;3;2022-03-07;0;0;0;0;0;4415675;3440674;4430;2;2950
FR;3;2022-03-08;1;0;0;0;0;4415676;3440674;4430;2;2950
FR;3;2022-03-09;0;0;0;0;0;4415676;3440674;4430;2;2950
FR;3;2022-03-10;0;0;0;0;0;4415676;3440674;4430;2;2950
FR;3;2022-03-11;0;0;0;0;0;4415676;3440674;4430;2;2950
FR;3;2022-03-12;0;0;0;0;0;4415676;3440674;4430;2;2950
FR;3;2022-03-13;0;0;0;0;0;4415676;3440674;4430;2;2950
FR;3;2022-03-14;0;0;0;0;0;4415676;3440674;4430;2;2950
FR;3;2022-03-15;0;0;0;0;0;4415676;3440674;4430;2;2950
FR;3;2022-03-16;0;0;0;0;0;4415676;3440674;4430;2;2950
FR;3;2022-03-17;0;0;0;0;0;4415676;3440674;4430;2;2950
FR;3;2022-03-18;0;0;0;0;0;4415676;3440674;4430;2;2950
FR;3;2022-03-19;0;0;0;0;0;4415676;3440674;4430;2;2950
FR;3;2022-03-20;1;0;0;0;0;4415677;3440674;4430;2;2950
FR;3;2022-03-21;0;0;0;0;0;4415677;3440674;4430;2;2950
FR;3;2022-03-22;0;0;0;0;0;4415677;3440674;4430;2;2950
FR;3;2022-03-23;1;0;0;0;0;4415678;3440674;4430;2;2950
FR;3;2022-03-24;0;0;0;0;0;4415678;3440674;4430;2;2950
FR;3;2022-03-25;1;0;0;0;0;4415679;3440674;4430;2;2950
FR;3;2022-03-26;0;0;0;0;0;4415679;3440674;4430;2;2950
FR;3;2022-03-27;0;0;0;0;0;4415679;3440674;4430;2;2950
FR;3;2022-03-28;0;0;0;0;0;4415679;3440674;4430;2;2950
FR;3;2022-03-29;0;0;0;0;0;4415679;3440674;4430;2;2950
FR;3;2022-03-30;0;0;0;0;0;4415679;3440674;4430;2;2950
FR;3;2022-03-31;0;0;0;0;0;4415679;3440674;4430;2;2950
FR;3;2022-04-01;0;0;0;0;0;4415679;3440674;4430;2;2950
FR;3;2022-04-02;0;0;0;0;0;4415679;3440674;4430;2;2950
FR;3;2022-04-03;0;0;0;0;0;4415679;3440674;4430;2;2950
FR;3;2022-04-04;0;0;0;0;0;4415679;3440674;4430;2;2950
FR;3;2022-04-05;0;0;0;0;0;4415679;3440674;4430;2;2950
FR;3;2022-04-06;0;0;0;0;0;4415679;3440674;4430;2;2950
FR;3;2022-04-07;0;0;0;0;0;4415679;3440674;4430;2;2950
FR;3;2022-04-08;0;0;0;0;0;4415679;3440674;4430;2;2950
FR;3;2022-04-09;0;0;0;0;0;4415679;3440674;4430;2;2950
FR;3;2022-04-10;0;0;0;0;0;4415679;3440674;4430;2;2950
FR;3;2022-04-11;0;0;0;0;0;4415679;3440674;4430;2;2950
FR;3;2022-04-12;0;0;0;0;0;4415679;3440674;4430;2;2950
FR;3;2022-04-13;0;0;0;0;0;4415679;3440674;4430;2;2950
FR;3;2022-04-14;0;0;0;0;0;4415679;3440674;4430;2;2950
FR;3;2022-04-15;1;0;0;0;0;4415680;3440674;4430;2;2950
FR;3;2022-04-16;0;0;0;0;0;4415680;3440674;4430;2;2950
FR;3;2022-04-17;0;0;0;0;0;4415680;3440674;4430;2;2950
FR;3;2022-04-18;0;0;0;0;0;4415680;3440674;4430;2;2950
FR;3;2022-04-19;0;0;0;0;0;4415680;3440674;4430;2;2950
FR;3;2022-04-20;0;0;0;0;0;4415680;3440674;4430;2;2950
FR;3;2022-04-21;0;0;0;0;0;4415680;3440674;4430;2;2950
FR;3;2022-04-22;0;0;0;0;0;4415680;3440674;4430;2;2950
FR;3;2022-04-23;0;0;0;0;0;4415680;3440674;4430;2;2950
FR;3;2022-04-24;0;0;0;0;0;4415680;3440674;4430;2;2950
FR;3;2022-04-25;0;0;0;0;0;4415680;3440674;4430;2;2950
FR;3;2022-04-26;0;0;0;0;0;4415680;3440674;4430;2;2950
FR;3;2022-04-27;0;0;0;0;0;4415680;3440674;4430;2;2950
FR;3;2022-04-28;0;0;0;0;0;4415680;3440674;4430;2;2950
FR;3;2022-04-29;0;0;0;0;0;4415680;3440674;4430;2;2950
FR;3;2022-04-30;0;0;0;0;0;4415680;3440674;4430;2;2950
FR;3;2022-05-01;0;0;0;0;0;4415680;3440674;4430;2;2950
FR;3;2022-05-02;0;0;0;0;0;4415680;3440674;4430;2;2950
FR;3;2022-05-03;0;0;0;0;0;4415680;3440674;4430;2;2950
FR;3;2022-05-04;0;0;0;0;0;4415680;3440674;4430;2;2950
FR;3;2022-05-05;0;0;0;0;0;4415680;3440674;4430;2;2950
FR;3;2022-05-06;0;0;0;0;0;4415680;3440674;4430;2;2950
FR;3;2022-05-07;0;0;0;0;0;4415680;3440674;4430;2;2950
FR;3;2022-05-08;0;0;0;0;0;4415680;3440674;4430;2;2950
FR;3;2022-05-09;0;0;0;0;0;4415680;3440674;4430;2;2950
FR;3;2022-05-10;0;0;0;0;0;4415680;3440674;4430;2;2950
FR;3;2022-05-11;0;0;0;0;0;4415680;3440674;4430;2;2950
FR;3;2022-05-12;0;0;0;0;0;4415680;3440674;4430;2;2950
FR;3;2022-05-13;0;0;0;0;0;4415680;3440674;4430;2;2950
FR;3;2022-05-14;1;0;0;0;0;4415681;3440674;4430;2;2950
FR;3;2022-05-15;0;0;0;0;0;4415681;3440674;4430;2;2950
FR;3;2022-05-16;0;0;0;0;0;4415681;3440674;4430;2;2950
FR;3;2022-05-17;0;0;0;0;0;4415681;3440674;4430;2;2950
FR;3;2022-05-18;0;0;0;0;0;4415681;3440674;4430;2;2950
FR;3;2022-05-19;0;0;0;0;0;4415681;3440674;4430;2;2950
FR;3;2022-05-20;0;0;0;0;0;4415681;3440674;4430;2;2950
FR;3;2022-05-21;0;0;0;0;0;4415681;3440674;4430;2;2950
FR;3;2022-05-22;0;0;0;0;0;4415681;3440674;4430;2;2950
FR;3;2022-05-23;0;0;0;0;0;4415681;3440674;4430;2;2950
FR;3;2022-05-24;0;0;0;0;0;4415681;3440674;4430;2;2950
FR;3;2022-05-25;0;0;0;0;0;4415681;3440674;4430;2;2950
FR;3;2022-05-26;0;0;0;0;0;4415681;3440674;4430;2;2950
FR;3;2022-05-27;0;0;0;0;0;4415681;3440674;4430;2;2950
FR;3;2022-05-28;0;0;0;0;0;4415681;3440674;4430;2;2950
FR;3;2022-05-29;0;0;0;0;0;4415681;3440674;4430;2;2950
FR;3;2022-05-30;0;0;0;0;0;4415681;3440674;4430;2;2950
FR;3;2022-05-31;0;0;0;0;0;4415681;3440674;4430;2;2950
FR;3;2022-06-01;0;0;0;0;0;4415681;3440674;4430;2;2950
FR;3;2022-06-02;0;0;0;0;0;4415681;3440674;4430;2;2950
FR;3;2022-06-03;0;0;0;0;0;4415681;3440674;4430;2;2950
FR;3;2022-06-04;0;0;0;0;0;4415681;3440674;4430;2;2950
FR;3;2022-06-05;0;0;0;0;0;4415681;3440674;4430;2;2950
FR;3;2022-06-06;0;0;0;0;0;4415681;3440674;4430;2;2950
FR;3;2022-06-07;0;0;0;0;0;4415681;3440674;4430;2;2950
FR;3;2022-06-08;0;0;0;0;0;4415681;3440674;4430;2;2950
FR;3;2022-06-09;0;0;0;0;0;4415681;3440674;4430;2;2950
FR;3;2022-06-10;0;0;0;0;0;4415681;3440674;4430;2;2950
FR;3;2022-06-11;0;0;0;0;0;4415681;3440674;4430;2;2950
FR;3;2022-06-12;0;0;0;0;0;4415681;3440674;4430;2;2950
FR;3;2022-06-13;1;0;0;0;0;4415682;3440674;4430;2;2950
FR;3;2022-06-14;0;0;0;0;0;4415682;3440674;4430;2;2950
FR;3;2022-06-15;0;0;0;0;0;4415682;3440674;4430;2;2950
FR;3;2022-06-16;0;0;0;0;0;4415682;3440674;4430;2;2950
FR;3;2022-06-17;0;0;0;0;0;4415682;3440674;4430;2;2950
FR;3;2022-06-18;0;0;0;0;0;4415682;3440674;4430;2;2950
FR;3;2022-06-19;0;0;0;0;0;4415682;3440674;4430;2;2950
FR;3;2022-06-20;0;0;0;0;0;4415682;3440674;4430;2;2950
FR;3;2022-06-21;0;0;0;0;0;4415682;3440674;4430;2;2950
FR;3;2022-06-22;0;0;0;0;0;4415682;3440674;4430;2;2950
FR;3;2022-06-23;0;0;0;0;0;4415682;3440674;4430;2;2950
FR;3;2022-06-24;0;0;0;0;0;4415682;3440674;4430;2;2950
FR;3;2022-06-25;0;0;0;0;0;4415682;3440674;4430;2;2950
FR;3;2022-06-26;0;0;0;0;0;4415682;3440674;4430;2;2950
FR;3;2022-06-27;0;0;0;0;0;4415682;3440674;4430;2;2950
FR;3;2022-06-28;0;0;0;0;0;4415682;3440674;4430;2;2950
FR;3;2022-06-29;1;0;0;0;0;4415683;3440674;4430;2;2950
FR;3;2022-06-30;0;0;0;0;0;4415683;3440674;4430;2;2950
FR;3;2022-07-01;0;0;0;0;0;4415683;3440674;4430;2;2950
FR;3;2022-07-02;0;0;0;0;0;4415683;3440674;4430;2;2950
FR;3;2022-07-03;0;0;0;0;0;4415683;3440674;4430;2;2950
FR;3;2022-07-04;0;0;0;0;0;4415683;3440674;4430;2;2950
FR;3;2022-07-05;0;0;0;0;0;4415683;3440674;4430;2;2950
FR;3;2022-07-06;0;0;0;0;0;4415683;3440674;4430;2;2950
FR;3;2022-07-07;0;0;0;0;0;4415683;3440674;4430;2;2950
FR;3;2022-07-08;0;0;0;0;0;4415683;3440674;4430;2;2950
FR;3;2022-07-09;0;0;0;0;0;4415683;3440674;4430;2;2950
FR;3;2022-07-10;0;0;0;0;0;4415683;3440674;4430;2;2950
FR;3;2022-07-11;0;0;0;0;0;4415683;3440674;4430;2;2950
FR;3;2022-07-12;0;0;0;0;0;4415683;3440674;4430;2;2950
FR;3;2022-07-13;0;0;0;0;0;4415683;3440674;4430;2;2950
FR;3;2022-07-14;0;0;0;0;0;4415683;3440674;4430;2;2950
FR;3;2022-07-15;0;0;0;0;0;4415683;3440674;4430;2;2950
FR;3;2022-07-16;0;0;0;0;0;4415683;3440674;4430;2;2950
FR;3;2022-07-17;0;0;0;0;0;4415683;3440674;4430;2;2950
FR;3;2022-07-18;0;0;0;0;0;4415683;3440674;4430;2;2950
FR;3;2022-07-19;0;0;0;0;0;4415683;3440674;4430;2;2950
FR;3;2022-07-20;0;0;0;0;0;4415683;3440674;4430;2;2950
FR;3;2022-07-21;0;0;0;0;0;4415683;3440674;4430;2;2950
FR;3;2022-07-22;0;0;0;0;0;4415683;3440674;4430;2;2950
FR;3;2022-07-23;0;0;0;0;0;4415683;3440674;4430;2;2950
FR;3;2022-07-24;0;0;0;0;0;4415683;3440674;4430;2;2950
FR;4;2020-12-27;0;0;0;0;0;0;0;0;0;0
FR;4;2020-12-28;0;0;0;0;0;0;0;0;0;0
FR;4;2020-12-29;0;0;0;0;0;0;0;0;0;0
FR;4;2020-12-30;0;0;0;0;0;0;0;0;0;0
FR;4;2020-12-31;0;0;0;0;0;0;0;0;0;0
FR;4;2021-01-01;0;0;0;0;0;0;0;0;0;0
FR;4;2021-01-02;0;0;0;0;0;0;0;0;0;0
FR;4;2021-01-03;0;0;0;0;0;0;0;0;0;0
FR;4;2021-01-04;0;0;0;0;0;0;0;0;0;0
FR;4;2021-01-05;0;0;0;0;0;0;0;0;0;0
FR;4;2021-01-06;0;0;0;0;0;0;0;0;0;0
FR;4;2021-01-07;0;0;0;0;0;0;0;0;0;0
FR;4;2021-01-08;0;0;0;0;0;0;0;0;0;0
FR;4;2021-01-09;0;0;0;0;0;0;0;0;0;0
FR;4;2021-01-10;0;0;0;0;0;0;0;0;0;0
FR;4;2021-01-11;0;0;0;0;0;0;0;0;0;0
FR;4;2021-01-12;0;0;0;0;0;0;0;0;0;0
FR;4;2021-01-13;0;0;0;0;0;0;0;0;0;0
FR;4;2021-01-14;0;0;0;0;0;0;0;0;0;0
FR;4;2021-01-15;0;0;0;0;0;0;0;0;0;0
FR;4;2021-01-16;0;0;0;0;0;0;0;0;0;0
FR;4;2021-01-17;0;0;0;0;0;0;0;0;0;0
FR;4;2021-01-18;0;0;0;0;0;0;0;0;0;0
FR;4;2021-01-19;0;0;0;0;0;0;0;0;0;0
FR;4;2021-01-20;0;0;0;0;0;0;0;0;0;0
FR;4;2021-01-21;0;0;0;0;0;0;0;0;0;0
FR;4;2021-01-22;0;0;0;0;0;0;0;0;0;0
FR;4;2021-01-23;0;0;0;0;0;0;0;0;0;0
FR;4;2021-01-24;0;0;0;0;0;0;0;0;0;0
FR;4;2021-01-25;0;0;0;0;0;0;0;0;0;0
FR;4;2021-01-26;0;0;0;0;0;0;0;0;0;0
FR;4;2021-01-27;0;0;0;0;0;0;0;0;0;0
FR;4;2021-01-28;0;0;0;0;0;0;0;0;0;0
FR;4;2021-01-29;0;0;0;0;0;0;0;0;0;0
FR;4;2021-01-30;0;0;0;0;0;0;0;0;0;0
FR;4;2021-01-31;0;0;0;0;0;0;0;0;0;0
FR;4;2021-02-01;0;0;0;0;0;0;0;0;0;0
FR;4;2021-02-02;0;0;0;0;0;0;0;0;0;0
FR;4;2021-02-03;0;0;0;0;0;0;0;0;0;0
FR;4;2021-02-04;0;0;0;0;0;0;0;0;0;0
FR;4;2021-02-05;0;0;0;0;0;0;0;0;0;0
FR;4;2021-02-06;0;0;0;0;0;0;0;0;0;0
FR;4;2021-02-07;0;0;0;0;0;0;0;0;0;0
FR;4;2021-02-08;0;0;0;0;0;0;0;0;0;0
FR;4;2021-02-09;0;0;0;0;0;0;0;0;0;0
FR;4;2021-02-10;0;0;0;0;0;0;0;0;0;0
FR;4;2021-02-11;0;0;0;0;0;0;0;0;0;0
FR;4;2021-02-12;0;0;0;0;0;0;0;0;0;0
FR;4;2021-02-13;0;0;0;0;0;0;0;0;0;0
FR;4;2021-02-14;0;0;0;0;0;0;0;0;0;0
FR;4;2021-02-15;0;0;0;0;0;0;0;0;0;0
FR;4;2021-02-16;0;0;0;0;0;0;0;0;0;0
FR;4;2021-02-17;0;0;0;0;0;0;0;0;0;0
FR;4;2021-02-18;0;0;0;0;0;0;0;0;0;0
FR;4;2021-02-19;0;0;0;0;0;0;0;0;0;0
FR;4;2021-02-20;0;0;0;0;0;0;0;0;0;0
FR;4;2021-02-21;0;0;0;0;0;0;0;0;0;0
FR;4;2021-02-22;0;0;0;0;0;0;0;0;0;0
FR;4;2021-02-23;0;0;0;0;0;0;0;0;0;0
FR;4;2021-02-24;0;0;0;0;0;0;0;0;0;0
FR;4;2021-02-25;0;0;0;0;0;0;0;0;0;0
FR;4;2021-02-26;0;0;0;0;0;0;0;0;0;0
FR;4;2021-02-27;0;0;0;0;0;0;0;0;0;0
FR;4;2021-02-28;0;0;0;0;0;0;0;0;0;0
FR;4;2021-03-01;0;0;0;0;0;0;0;0;0;0
FR;4;2021-03-02;0;0;0;0;0;0;0;0;0;0
FR;4;2021-03-03;0;0;0;0;0;0;0;0;0;0
FR;4;2021-03-04;0;0;0;0;0;0;0;0;0;0
FR;4;2021-03-05;0;0;0;0;0;0;0;0;0;0
FR;4;2021-03-06;0;0;0;0;0;0;0;0;0;0
FR;4;2021-03-07;0;0;0;0;0;0;0;0;0;0
FR;4;2021-03-08;0;0;0;0;0;0;0;0;0;0
FR;4;2021-03-09;0;0;0;0;0;0;0;0;0;0
FR;4;2021-03-10;0;0;0;0;0;0;0;0;0;0
FR;4;2021-03-11;0;0;0;0;0;0;0;0;0;0
FR;4;2021-03-12;0;0;0;0;0;0;0;0;0;0
FR;4;2021-03-13;0;0;0;0;0;0;0;0;0;0
FR;4;2021-03-14;0;0;0;0;0;0;0;0;0;0
FR;4;2021-03-15;0;0;0;0;0;0;0;0;0;0
FR;4;2021-03-16;0;0;0;0;0;0;0;0;0;0
FR;4;2021-03-17;0;0;0;0;0;0;0;0;0;0
FR;4;2021-03-18;0;0;0;0;0;0;0;0;0;0
FR;4;2021-03-19;0;0;0;0;0;0;0;0;0;0
FR;4;2021-03-20;0;0;0;0;0;0;0;0;0;0
FR;4;2021-03-21;0;0;0;0;0;0;0;0;0;0
FR;4;2021-03-22;0;0;0;0;0;0;0;0;0;0
FR;4;2021-03-23;0;0;0;0;0;0;0;0;0;0
FR;4;2021-03-24;0;0;0;0;0;0;0;0;0;0
FR;4;2021-03-25;0;0;0;0;0;0;0;0;0;0
FR;4;2021-03-26;0;0;0;0;0;0;0;0;0;0
FR;4;2021-03-27;0;0;0;0;0;0;0;0;0;0
FR;4;2021-03-28;0;0;0;0;0;0;0;0;0;0
FR;4;2021-03-29;0;0;0;0;0;0;0;0;0;0
FR;4;2021-03-30;0;0;0;0;0;0;0;0;0;0
FR;4;2021-03-31;0;0;0;0;0;0;0;0;0;0
FR;4;2021-04-01;0;0;0;0;0;0;0;0;0;0
FR;4;2021-04-02;0;0;0;0;0;0;0;0;0;0
FR;4;2021-04-03;0;0;0;0;0;0;0;0;0;0
FR;4;2021-04-04;0;0;0;0;0;0;0;0;0;0
FR;4;2021-04-05;0;0;0;0;0;0;0;0;0;0
FR;4;2021-04-06;0;0;0;0;0;0;0;0;0;0
FR;4;2021-04-07;0;0;0;0;0;0;0;0;0;0
FR;4;2021-04-08;0;0;0;0;0;0;0;0;0;0
FR;4;2021-04-09;0;0;0;0;0;0;0;0;0;0
FR;4;2021-04-10;0;0;0;0;0;0;0;0;0;0
FR;4;2021-04-11;0;0;0;0;0;0;0;0;0;0
FR;4;2021-04-12;0;0;0;0;0;0;0;0;0;0
FR;4;2021-04-13;0;0;0;0;0;0;0;0;0;0
FR;4;2021-04-14;0;0;0;0;0;0;0;0;0;0
FR;4;2021-04-15;0;0;0;0;0;0;0;0;0;0
FR;4;2021-04-16;0;0;0;0;0;0;0;0;0;0
FR;4;2021-04-17;0;0;0;0;0;0;0;0;0;0
FR;4;2021-04-18;0;0;0;0;0;0;0;0;0;0
FR;4;2021-04-19;0;0;0;0;0;0;0;0;0;0
FR;4;2021-04-20;0;0;0;0;0;0;0;0;0;0
FR;4;2021-04-21;0;0;0;0;0;0;0;0;0;0
FR;4;2021-04-22;0;0;0;0;0;0;0;0;0;0
FR;4;2021-04-23;3893;0;0;0;0;3893;0;0;0;0
FR;4;2021-04-24;1569;0;0;0;0;5462;0;0;0;0
FR;4;2021-04-25;125;0;0;0;0;5587;0;0;0;0
FR;4;2021-04-26;2869;1;0;0;0;8456;1;0;0;0
FR;4;2021-04-27;9520;3;0;0;0;17976;4;0;0;0
FR;4;2021-04-28;9904;6;0;0;0;27880;10;0;0;0
FR;4;2021-04-29;15992;8;0;0;0;43872;18;0;0;0
FR;4;2021-04-30;19232;10;0;0;0;63104;28;0;0;0
FR;4;2021-05-01;1994;6;0;0;0;65098;34;0;0;0
FR;4;2021-05-02;482;0;0;0;0;65580;34;0;0;0
FR;4;2021-05-03;5062;2;0;0;0;70642;36;0;0;0
FR;4;2021-05-04;8400;11;0;0;0;79042;47;0;0;0
FR;4;2021-05-05;6185;7;0;0;0;85227;54;0;0;0
FR;4;2021-05-06;11381;11;0;0;0;96608;65;0;0;0
FR;4;2021-05-07;19124;9;0;0;0;115732;74;0;0;0
FR;4;2021-05-08;2378;6;0;0;0;118110;80;0;0;0
FR;4;2021-05-09;686;3;0;0;0;118796;83;0;0;0
FR;4;2021-05-10;7241;5;1;0;0;126037;88;1;0;0
FR;4;2021-05-11;14317;12;0;0;0;140354;100;1;0;0
FR;4;2021-05-12;10169;15;0;0;0;150523;115;1;0;0
FR;4;2021-05-13;1580;3;0;0;0;152103;118;1;0;0
FR;4;2021-05-14;7765;7;0;0;0;159868;125;1;0;0
FR;4;2021-05-15;3718;8;1;0;0;163586;133;2;0;0
FR;4;2021-05-16;417;1;0;0;0;164003;134;2;0;0
FR;4;2021-05-17;4477;6;0;0;0;168480;140;2;0;0
FR;4;2021-05-18;8758;10;0;0;0;177238;150;2;0;0
FR;4;2021-05-19;5692;7;0;0;0;182930;157;2;0;0
FR;4;2021-05-20;9483;7;0;0;0;192413;164;2;0;0
FR;4;2021-05-21;12797;30;0;0;0;205210;194;2;0;0
FR;4;2021-05-22;5056;15;0;0;0;210266;209;2;0;0
FR;4;2021-05-23;494;4;0;0;0;210760;213;2;0;0
FR;4;2021-05-24;1058;7;0;0;0;211818;220;2;0;0
FR;4;2021-05-25;7625;16;0;0;0;219443;236;2;0;0
FR;4;2021-05-26;7726;16;0;0;0;227169;252;2;0;0
FR;4;2021-05-27;14330;35;0;0;0;241499;287;2;0;0
FR;4;2021-05-28;26588;82;1;0;0;268087;369;3;0;0
FR;4;2021-05-29;11382;18;0;0;0;279469;387;3;0;0
FR;4;2021-05-30;972;6;0;0;0;280441;393;3;0;0
FR;4;2021-05-31;12690;21;0;0;0;293131;414;3;0;0
FR;4;2021-06-01;20258;47;1;0;0;313389;461;4;0;0
FR;4;2021-06-02;14520;33;0;0;0;327909;494;4;0;0
FR;4;2021-06-03;19423;24;1;0;0;347332;518;5;0;0
FR;4;2021-06-04;22515;47;0;0;0;369847;565;5;0;0
FR;4;2021-06-05;9713;32;0;0;0;379560;597;5;0;0
FR;4;2021-06-06;1039;1;0;0;0;380599;598;5;0;0
FR;4;2021-06-07;9226;19;0;0;0;389825;617;5;0;0
FR;4;2021-06-08;14612;31;0;0;0;404437;648;5;0;0
FR;4;2021-06-09;12204;25;0;0;0;416641;673;5;0;0
FR;4;2021-06-10;15401;30;0;0;0;432042;703;5;0;0
FR;4;2021-06-11;16982;56;0;0;0;449024;759;5;0;0
FR;4;2021-06-12;7448;27;0;0;0;456472;786;5;0;0
FR;4;2021-06-13;907;3;0;0;0;457379;789;5;0;0
FR;4;2021-06-14;6648;26;0;0;0;464027;815;5;0;0
FR;4;2021-06-15;10886;37;0;0;0;474913;852;5;0;0
FR;4;2021-06-16;8908;15;0;0;0;483821;867;5;0;0
FR;4;2021-06-17;10895;37;0;0;0;494716;904;5;0;0
FR;4;2021-06-18;12421;45;0;0;0;507137;949;5;0;0
FR;4;2021-06-19;5568;25;0;0;0;512705;974;5;0;0
FR;4;2021-06-20;822;5;0;0;0;513527;979;5;0;0
FR;4;2021-06-21;5096;20;0;0;0;518623;999;5;0;0
FR;4;2021-06-22;7907;28;2;0;0;526530;1027;7;0;0
FR;4;2021-06-23;7097;40;2;0;0;533627;1067;9;0;0
FR;4;2021-06-24;8648;46;1;0;0;542275;1113;10;0;0
FR;4;2021-06-25;10171;39;2;0;0;552446;1152;12;0;0
FR;4;2021-06-26;4844;21;0;0;0;557290;1173;12;0;0
FR;4;2021-06-27;763;4;0;0;0;558053;1177;12;0;0
FR;4;2021-06-28;4824;16;1;0;0;562877;1193;13;0;0
FR;4;2021-06-29;7102;28;2;0;0;569979;1221;15;0;0
FR;4;2021-06-30;6717;39;2;0;0;576696;1260;17;0;0
FR;4;2021-07-01;8197;41;0;0;0;584893;1301;17;0;0
FR;4;2021-07-02;9419;52;1;0;0;594312;1353;18;0;0
FR;4;2021-07-03;4846;19;0;0;0;599158;1372;18;0;0
FR;4;2021-07-04;687;5;0;0;0;599845;1377;18;0;0
FR;4;2021-07-05;4770;19;2;0;0;604615;1396;20;0;0
FR;4;2021-07-06;7722;28;4;0;0;612337;1424;24;0;0
FR;4;2021-07-07;7073;34;2;0;0;619410;1458;26;0;0
FR;4;2021-07-08;9227;40;2;0;0;628637;1498;28;0;0
FR;4;2021-07-09;10277;34;1;0;0;638914;1532;29;0;0
FR;4;2021-07-10;4635;14;2;0;0;643549;1546;31;0;0
FR;4;2021-07-11;582;4;1;0;0;644131;1550;32;0;0
FR;4;2021-07-12;5871;29;0;0;0;650002;1579;32;0;0
FR;4;2021-07-13;14233;29;0;0;0;664235;1608;32;0;0
FR;4;2021-07-14;2288;15;0;0;0;666523;1623;32;0;0
FR;4;2021-07-15;18234;36;0;0;0;684757;1659;32;0;0
FR;4;2021-07-16;22831;71;2;0;0;707588;1730;34;0;0
FR;4;2021-07-17;9735;20;0;0;0;717323;1750;34;0;0
FR;4;2021-07-18;1355;4;0;0;0;718678;1754;34;0;0
FR;4;2021-07-19;12988;30;1;0;0;731666;1784;35;0;0
FR;4;2021-07-20;17340;26;1;0;0;749006;1810;36;0;0
FR;4;2021-07-21;15613;33;0;0;0;764619;1843;36;0;0
FR;4;2021-07-22;18240;44;2;0;0;782859;1887;38;0;0
FR;4;2021-07-23;20410;57;7;0;0;803269;1944;45;0;0
FR;4;2021-07-24;9288;32;0;0;0;812557;1976;45;0;0
FR;4;2021-07-25;1352;8;0;0;0;813909;1984;45;0;0
FR;4;2021-07-26;11034;22;0;0;0;824943;2006;45;0;0
FR;4;2021-07-27;14674;35;3;0;0;839617;2041;48;0;0
FR;4;2021-07-28;12930;26;2;0;0;852547;2067;50;0;0
FR;4;2021-07-29;14084;54;4;0;0;866631;2121;54;0;0
FR;4;2021-07-30;15492;46;2;0;0;882123;2167;56;0;0
FR;4;2021-07-31;6834;14;2;0;0;888957;2181;58;0;0
FR;4;2021-08-01;904;1;0;0;0;889861;2182;58;0;0
FR;4;2021-08-02;7912;30;0;0;0;897773;2212;58;0;0
FR;4;2021-08-03;10793;32;2;0;0;908566;2244;60;0;0
FR;4;2021-08-04;9737;29;0;0;0;918303;2273;60;0;0
FR;4;2021-08-05;9818;41;0;0;0;928121;2314;60;0;0
FR;4;2021-08-06;10191;31;3;0;0;938312;2345;63;0;0
FR;4;2021-08-07;5095;30;1;0;0;943407;2375;64;0;0
FR;4;2021-08-08;1219;13;0;0;0;944626;2388;64;0;0
FR;4;2021-08-09;6336;31;0;0;0;950962;2419;64;0;0
FR;4;2021-08-10;8745;18;0;0;0;959707;2437;64;0;0
FR;4;2021-08-11;7938;33;4;0;0;967645;2470;68;0;0
FR;4;2021-08-12;8585;30;1;0;0;976230;2500;69;0;0
FR;4;2021-08-13;7555;25;0;1;0;983785;2525;69;1;0
FR;4;2021-08-14;3791;20;0;0;0;987576;2545;69;1;0
FR;4;2021-08-15;770;5;0;0;0;988346;2550;69;1;0
FR;4;2021-08-16;4005;17;0;0;0;992351;2567;69;1;0
FR;4;2021-08-17;5624;17;1;0;0;997975;2584;70;1;0
FR;4;2021-08-18;5166;37;0;0;0;1003141;2621;70;1;0
FR;4;2021-08-19;5482;33;3;0;0;1008623;2654;73;1;0
FR;4;2021-08-20;5214;25;1;0;0;1013837;2679;74;1;0
FR;4;2021-08-21;2310;21;1;0;0;1016147;2700;75;1;0
FR;4;2021-08-22;404;2;0;0;0;1016551;2702;75;1;0
FR;4;2021-08-23;2927;19;1;0;0;1019478;2721;76;1;0
FR;4;2021-08-24;3752;15;0;0;0;1023230;2736;76;1;0
FR;4;2021-08-25;3540;25;1;0;0;1026770;2761;77;1;0
FR;4;2021-08-26;3710;20;2;0;0;1030480;2781;79;1;0
FR;4;2021-08-27;3609;31;2;0;0;1034089;2812;81;1;0
FR;4;2021-08-28;1725;10;1;0;0;1035814;2822;82;1;0
FR;4;2021-08-29;387;7;1;0;0;1036201;2829;83;1;0
FR;4;2021-08-30;2009;25;0;0;15;1038210;2854;83;1;15
FR;4;2021-08-31;2484;20;0;0;13;1040694;2874;83;1;28
FR;4;2021-09-01;2081;38;1;0;21;1042775;2912;84;1;49
FR;4;2021-09-02;2302;31;4;0;18;1045077;2943;88;1;67
FR;4;2021-09-03;2361;44;5;0;35;1047438;2987;93;1;102
FR;4;2021-09-04;1374;17;0;0;8;1048812;3004;93;1;110
FR;4;2021-09-05;432;2;0;0;2;1049244;3006;93;1;112
FR;4;2021-09-06;1711;61;0;0;22;1050955;3067;93;1;134
FR;4;2021-09-07;1676;18;1;0;9;1052631;3085;94;1;143
FR;4;2021-09-08;1281;26;3;0;19;1053912;3111;97;1;162
FR;4;2021-09-09;1386;23;2;0;9;1055298;3134;99;1;171
FR;4;2021-09-10;1521;31;2;0;23;1056819;3165;101;1;194
FR;4;2021-09-11;742;11;0;0;3;1057561;3176;101;1;197
FR;4;2021-09-12;169;4;0;0;3;1057730;3180;101;1;200
FR;4;2021-09-13;1319;22;1;0;16;1059049;3202;102;1;216
FR;4;2021-09-14;1500;9;2;0;6;1060549;3211;104;1;222
FR;4;2021-09-15;1094;27;1;0;24;1061643;3238;105;1;246
FR;4;2021-09-16;1102;22;2;0;15;1062745;3260;107;1;261
FR;4;2021-09-17;894;21;1;0;12;1063639;3281;108;1;273
FR;4;2021-09-18;462;6;1;0;5;1064101;3287;109;1;278
FR;4;2021-09-19;181;3;0;0;2;1064282;3290;109;1;280
FR;4;2021-09-20;452;19;0;0;13;1064734;3309;109;1;293
FR;4;2021-09-21;425;11;0;0;7;1065159;3320;109;1;300
FR;4;2021-09-22;373;19;2;0;13;1065532;3339;111;1;313
FR;4;2021-09-23;480;16;1;0;15;1066012;3355;112;1;328
FR;4;2021-09-24;411;13;2;0;9;1066423;3368;114;1;337
FR;4;2021-09-25;280;9;1;0;4;1066703;3377;115;1;341
FR;4;2021-09-26;73;2;0;0;1;1066776;3379;115;1;342
FR;4;2021-09-27;262;10;1;0;8;1067038;3389;116;1;350
FR;4;2021-09-28;317;8;0;0;8;1067355;3397;116;1;358
FR;4;2021-09-29;374;18;1;0;12;1067729;3415;117;1;370
FR;4;2021-09-30;363;40;0;0;21;1068092;3455;117;1;391
FR;4;2021-10-01;411;51;0;0;45;1068503;3506;117;1;436
FR;4;2021-10-02;196;22;1;0;13;1068699;3528;118;1;449
FR;4;2021-10-03;85;1;0;0;0;1068784;3529;118;1;449
FR;4;2021-10-04;361;20;1;0;16;1069145;3549;119;1;465
FR;4;2021-10-05;278;19;2;0;15;1069423;3568;121;1;480
FR;4;2021-10-06;246;22;1;0;18;1069669;3590;122;1;498
FR;4;2021-10-07;258;25;2;0;13;1069927;3615;124;1;511
FR;4;2021-10-08;354;23;2;0;19;1070281;3638;126;1;530
FR;4;2021-10-09;193;6;6;0;7;1070474;3644;132;1;537
FR;4;2021-10-10;95;3;2;0;3;1070569;3647;134;1;540
FR;4;2021-10-11;247;15;1;0;14;1070816;3662;135;1;554
FR;4;2021-10-12;207;14;0;0;13;1071023;3676;135;1;567
FR;4;2021-10-13;219;28;1;0;25;1071242;3704;136;1;592
FR;4;2021-10-14;310;21;4;0;15;1071552;3725;140;1;607
FR;4;2021-10-15;322;24;5;0;25;1071874;3749;145;1;632
FR;4;2021-10-16;166;6;2;0;6;1072040;3755;147;1;638
FR;4;2021-10-17;70;2;0;0;1;1072110;3757;147;1;639
FR;4;2021-10-18;279;15;1;0;12;1072389;3772;148;1;651
FR;4;2021-10-19;213;14;2;0;15;1072602;3786;150;1;666
FR;4;2021-10-20;227;27;4;0;15;1072829;3813;154;1;681
FR;4;2021-10-21;240;17;0;0;13;1073069;3830;154;1;694
FR;4;2021-10-22;212;25;2;0;20;1073281;3855;156;1;714
FR;4;2021-10-23;116;16;1;0;15;1073397;3871;157;1;729
FR;4;2021-10-24;38;4;0;0;1;1073435;3875;157;1;730
FR;4;2021-10-25;213;7;2;0;9;1073648;3882;159;1;739
FR;4;2021-10-26;196;14;0;0;12;1073844;3896;159;1;751
FR;4;2021-10-27;194;11;4;0;11;1074038;3907;163;1;762
FR;4;2021-10-28;183;18;4;0;21;1074221;3925;167;1;783
FR;4;2021-10-29;222;15;2;0;13;1074443;3940;169;1;796
FR;4;2021-10-30;102;2;1;0;2;1074545;3942;170;1;798
FR;4;2021-10-31;56;3;2;0;3;1074601;3945;172;1;801
FR;4;2021-11-01;75;27;4;0;24;1074676;3972;176;1;825
FR;4;2021-11-02;156;20;2;0;21;1074832;3992;178;1;846
FR;4;2021-11-03;129;20;8;1;18;1074961;4012;186;2;864
FR;4;2021-11-04;182;15;1;0;12;1075143;4027;187;2;876
FR;4;2021-11-05;129;17;1;0;16;1075272;4044;188;2;892
FR;4;2021-11-06;79;6;1;0;6;1075351;4050;189;2;898
FR;4;2021-11-07;78;2;2;0;4;1075429;4052;191;2;902
FR;4;2021-11-08;158;20;1;0;20;1075587;4072;192;2;922
FR;4;2021-11-09;155;14;3;0;16;1075742;4086;195;2;938
FR;4;2021-11-10;116;29;6;0;31;1075858;4115;201;2;969
FR;4;2021-11-11;94;10;0;0;10;1075952;4125;201;2;979
FR;4;2021-11-12;103;19;2;0;18;1076055;4144;203;2;997
FR;4;2021-11-13;74;15;2;0;14;1076129;4159;205;2;1011
FR;4;2021-11-14;54;5;4;0;8;1076183;4164;209;2;1019
FR;4;2021-11-15;98;26;2;0;24;1076281;4190;211;2;1043
FR;4;2021-11-16;104;13;2;0;15;1076385;4203;213;2;1058
FR;4;2021-11-17;119;29;4;0;29;1076504;4232;217;2;1087
FR;4;2021-11-18;100;34;13;0;42;1076604;4266;230;2;1129
FR;4;2021-11-19;84;19;3;0;20;1076688;4285;233;2;1149
FR;4;2021-11-20;75;8;1;0;8;1076763;4293;234;2;1157
FR;4;2021-11-21;63;7;2;0;9;1076826;4300;236;2;1166
FR;4;2021-11-22;106;27;9;0;32;1076932;4327;245;2;1198
FR;4;2021-11-23;75;31;5;0;28;1077007;4358;250;2;1226
FR;4;2021-11-24;87;23;11;0;24;1077094;4381;261;2;1250
FR;4;2021-11-25;88;28;14;0;30;1077182;4409;275;2;1280
FR;4;2021-11-26;83;43;12;0;45;1077265;4452;287;2;1325
FR;4;2021-11-27;39;22;15;0;25;1077304;4474;302;2;1350
FR;4;2021-11-28;48;8;0;0;7;1077352;4482;302;2;1357
FR;4;2021-11-29;87;31;16;0;40;1077439;4513;318;2;1397
FR;4;2021-11-30;72;36;12;0;40;1077511;4549;330;2;1437
FR;4;2021-12-01;87;60;19;0;67;1077598;4609;349;2;1504
FR;4;2021-12-02;103;48;19;0;53;1077701;4657;368;2;1557
FR;4;2021-12-03;98;36;15;0;44;1077799;4693;383;2;1601
FR;4;2021-12-04;71;31;18;0;44;1077870;4724;401;2;1645
FR;4;2021-12-05;62;6;1;0;7;1077932;4730;402;2;1652
FR;4;2021-12-06;103;46;20;0;60;1078035;4776;422;2;1712
FR;4;2021-12-07;80;35;9;0;34;1078115;4811;431;2;1746
FR;4;2021-12-08;69;29;16;0;35;1078184;4840;447;2;1781
FR;4;2021-12-09;61;32;10;0;38;1078245;4872;457;2;1819
FR;4;2021-12-10;63;64;20;0;68;1078308;4936;477;2;1887
FR;4;2021-12-11;28;34;7;0;34;1078336;4970;484;2;1921
FR;4;2021-12-12;24;10;3;0;13;1078360;4980;487;2;1934
FR;4;2021-12-13;70;40;13;0;48;1078430;5020;500;2;1982
FR;4;2021-12-14;59;43;17;0;54;1078489;5063;517;2;2036
FR;4;2021-12-15;62;64;28;0;84;1078551;5127;545;2;2120
FR;4;2021-12-16;32;44;19;0;57;1078583;5171;564;2;2177
FR;4;2021-12-17;39;55;12;0;60;1078622;5226;576;2;2237
FR;4;2021-12-18;48;29;2;0;30;1078670;5255;578;2;2267
FR;4;2021-12-19;15;4;1;0;4;1078685;5259;579;2;2271
FR;4;2021-12-20;38;38;10;0;41;1078723;5297;589;2;2312
FR;4;2021-12-21;27;30;15;0;36;1078750;5327;604;2;2348
FR;4;2021-12-22;36;37;10;0;38;1078786;5364;614;2;2386
FR;4;2021-12-23;39;45;8;0;49;1078825;5409;622;2;2435
FR;4;2021-12-24;23;26;10;0;30;1078848;5435;632;2;2465
FR;4;2021-12-25;6;3;3;0;4;1078854;5438;635;2;2469
FR;4;2021-12-26;4;3;1;0;2;1078858;5441;636;2;2471
FR;4;2021-12-27;28;41;9;0;43;1078886;5482;645;2;2514
FR;4;2021-12-28;24;28;7;0;29;1078910;5510;652;2;2543
FR;4;2021-12-29;49;25;10;0;29;1078959;5535;662;2;2572
FR;4;2021-12-30;42;18;12;0;21;1079001;5553;674;2;2593
FR;4;2021-12-31;18;6;8;0;11;1079019;5559;682;2;2604
FR;4;2022-01-01;5;4;4;0;6;1079024;5563;686;2;2610
FR;4;2022-01-02;40;5;16;0;20;1079064;5568;702;2;2630
FR;4;2022-01-03;40;54;21;1;60;1079104;5622;723;3;2690
FR;4;2022-01-04;32;27;13;0;30;1079136;5649;736;3;2720
FR;4;2022-01-05;47;21;18;0;23;1079183;5670;754;3;2743
FR;4;2022-01-06;48;20;23;0;35;1079231;5690;777;3;2778
FR;4;2022-01-07;28;20;15;0;20;1079259;5710;792;3;2798
FR;4;2022-01-08;9;6;10;0;12;1079268;5716;802;3;2810
FR;4;2022-01-09;18;2;3;0;4;1079286;5718;805;3;2814
FR;4;2022-01-10;41;22;17;0;34;1079327;5740;822;3;2848
FR;4;2022-01-11;26;30;12;0;34;1079353;5770;834;3;2882
FR;4;2022-01-12;32;21;13;0;23;1079385;5791;847;3;2905
FR;4;2022-01-13;51;19;27;0;37;1079436;5810;874;3;2942
FR;4;2022-01-14;23;28;13;0;31;1079459;5838;887;3;2973
FR;4;2022-01-15;12;6;8;0;12;1079471;5844;895;3;2985
FR;4;2022-01-16;11;9;11;0;19;1079482;5853;906;3;3004
FR;4;2022-01-17;24;18;12;0;24;1079506;5871;918;3;3028
FR;4;2022-01-18;16;13;8;0;18;1079522;5884;926;3;3046
FR;4;2022-01-19;30;23;10;0;31;1079552;5907;936;3;3077
FR;4;2022-01-20;31;34;11;0;37;1079583;5941;947;3;3114
FR;4;2022-01-21;9;12;19;1;16;1079592;5953;966;4;3130
FR;4;2022-01-22;30;9;2;0;9;1079622;5962;968;4;3139
FR;4;2022-01-23;7;2;4;0;6;1079629;5964;972;4;3145
FR;4;2022-01-24;14;21;8;0;27;1079643;5985;980;4;3172
FR;4;2022-01-25;20;31;8;1;35;1079663;6016;988;5;3207
FR;4;2022-01-26;19;14;7;1;16;1079682;6030;995;6;3223
FR;4;2022-01-27;20;18;6;0;22;1079702;6048;1001;6;3245
FR;4;2022-01-28;13;23;8;0;26;1079715;6071;1009;6;3271
FR;4;2022-01-29;16;6;5;0;10;1079731;6077;1014;6;3281
FR;4;2022-01-30;16;3;1;0;4;1079747;6080;1015;6;3285
FR;4;2022-01-31;20;27;8;0;31;1079767;6107;1023;6;3316
FR;4;2022-02-01;9;19;11;0;19;1079776;6126;1034;6;3335
FR;4;2022-02-02;17;11;11;2;17;1079793;6137;1045;8;3352
FR;4;2022-02-03;13;23;9;0;26;1079806;6160;1054;8;3378
FR;4;2022-02-04;7;5;7;0;9;1079813;6165;1061;8;3387
FR;4;2022-02-05;7;14;1;0;13;1079820;6179;1062;8;3400
FR;4;2022-02-06;6;3;2;0;4;1079826;6182;1064;8;3404
FR;4;2022-02-07;15;19;7;0;19;1079841;6201;1071;8;3423
FR;4;2022-02-08;16;20;13;1;21;1079857;6221;1084;9;3444
FR;4;2022-02-09;16;11;8;0;15;1079873;6232;1092;9;3459
FR;4;2022-02-10;17;23;9;0;24;1079890;6255;1101;9;3483
FR;4;2022-02-11;18;14;8;0;19;1079908;6269;1109;9;3502
FR;4;2022-02-12;23;6;2;0;6;1079931;6275;1111;9;3508
FR;4;2022-02-13;7;3;3;0;6;1079938;6278;1114;9;3514
FR;4;2022-02-14;18;10;8;0;14;1079956;6288;1122;9;3528
FR;4;2022-02-15;17;7;1;0;7;1079973;6295;1123;9;3535
FR;4;2022-02-16;15;9;10;0;15;1079988;6304;1133;9;3550
FR;4;2022-02-17;11;4;4;0;6;1079999;6308;1137;9;3556
FR;4;2022-02-18;17;15;7;0;20;1080016;6323;1144;9;3576
FR;4;2022-02-19;16;3;2;0;4;1080032;6326;1146;9;3580
FR;4;2022-02-20;7;3;0;0;2;1080039;6329;1146;9;3582
FR;4;2022-02-21;22;3;3;0;4;1080061;6332;1149;9;3586
FR;4;2022-02-22;8;4;9;0;9;1080069;6336;1158;9;3595
FR;4;2022-02-23;16;6;9;0;9;1080085;6342;1167;9;3604
FR;4;2022-02-24;10;5;3;0;6;1080095;6347;1170;9;3610
FR;4;2022-02-25;15;5;7;0;6;1080110;6352;1177;9;3616
FR;4;2022-02-26;26;3;0;0;3;1080136;6355;1177;9;3619
FR;4;2022-02-27;9;0;1;0;1;1080145;6355;1178;9;3620
FR;4;2022-02-28;17;3;2;0;3;1080162;6358;1180;9;3623
FR;4;2022-03-01;7;2;7;0;3;1080169;6360;1187;9;3626
FR;4;2022-03-02;12;2;3;0;4;1080181;6362;1190;9;3630
FR;4;2022-03-03;16;5;1;0;4;1080197;6367;1191;9;3634
FR;4;2022-03-04;7;7;2;1;5;1080204;6374;1193;10;3639
FR;4;2022-03-05;9;2;0;0;2;1080213;6376;1193;10;3641
FR;4;2022-03-06;4;0;1;0;1;1080217;6376;1194;10;3642
FR;4;2022-03-07;10;4;1;0;3;1080227;6380;1195;10;3645
FR;4;2022-03-08;13;3;0;0;3;1080240;6383;1195;10;3648
FR;4;2022-03-09;8;6;2;0;7;1080248;6389;1197;10;3655
FR;4;2022-03-10;5;1;5;0;2;1080253;6390;1202;10;3657
FR;4;2022-03-11;8;4;5;0;2;1080261;6394;1207;10;3659
FR;4;2022-03-12;9;2;0;0;0;1080270;6396;1207;10;3659
FR;4;2022-03-13;5;1;1;0;2;1080275;6397;1208;10;3661
FR;4;2022-03-14;4;1;1;0;2;1080279;6398;1209;10;3663
FR;4;2022-03-15;6;3;2;0;2;1080285;6401;1211;10;3665
FR;4;2022-03-16;7;3;3;0;3;1080292;6404;1214;10;3668
FR;4;2022-03-17;3;4;1;0;5;1080295;6408;1215;10;3673
FR;4;2022-03-18;9;3;0;0;3;1080304;6411;1215;10;3676
FR;4;2022-03-19;1;1;0;0;1;1080305;6412;1215;10;3677
FR;4;2022-03-20;2;0;2;0;1;1080307;6412;1217;10;3678
FR;4;2022-03-21;5;3;0;0;3;1080312;6415;1217;10;3681
FR;4;2022-03-22;3;2;2;0;3;1080315;6417;1219;10;3684
FR;4;2022-03-23;6;4;4;0;7;1080321;6421;1223;10;3691
FR;4;2022-03-24;2;4;3;1;5;1080323;6425;1226;11;3696
FR;4;2022-03-25;3;1;2;0;1;1080326;6426;1228;11;3697
FR;4;2022-03-26;5;5;0;0;5;1080331;6431;1228;11;3702
FR;4;2022-03-27;1;0;2;0;1;1080332;6431;1230;11;3703
FR;4;2022-03-28;5;1;3;0;3;1080337;6432;1233;11;3706
FR;4;2022-03-29;8;0;4;1;0;1080345;6432;1237;12;3706
FR;4;2022-03-30;3;4;0;0;4;1080348;6436;1237;12;3710
FR;4;2022-03-31;2;3;1;1;3;1080350;6439;1238;13;3713
FR;4;2022-04-01;13;2;5;0;5;1080363;6441;1243;13;3718
FR;4;2022-04-02;4;4;0;0;3;1080367;6445;1243;13;3721
FR;4;2022-04-03;0;0;0;0;0;1080367;6445;1243;13;3721
FR;4;2022-04-04;4;4;3;0;4;1080371;6449;1246;13;3725
FR;4;2022-04-05;3;3;1;1;2;1080374;6452;1247;14;3727
FR;4;2022-04-06;4;0;0;0;0;1080378;6452;1247;14;3727
FR;4;2022-04-07;3;2;3;2;5;1080381;6454;1250;16;3732
FR;4;2022-04-08;4;1;1;0;1;1080385;6455;1251;16;3733
FR;4;2022-04-09;0;0;1;1;1;1080385;6455;1252;17;3734
FR;4;2022-04-10;1;2;0;0;2;1080386;6457;1252;17;3736
FR;4;2022-04-11;3;3;4;0;5;1080389;6460;1256;17;3741
FR;4;2022-04-12;3;1;4;0;2;1080392;6461;1260;17;3743
FR;4;2022-04-13;4;7;2;0;9;1080396;6468;1262;17;3752
FR;4;2022-04-14;6;4;2;1;5;1080402;6472;1264;18;3757
FR;4;2022-04-15;5;8;1;0;9;1080407;6480;1265;18;3766
FR;4;2022-04-16;1;0;0;0;0;1080408;6480;1265;18;3766
FR;4;2022-04-17;2;1;0;0;1;1080410;6481;1265;18;3767
FR;4;2022-04-18;2;2;5;0;3;1080412;6483;1270;18;3770
FR;4;2022-04-19;2;0;1;0;0;1080414;6483;1271;18;3770
FR;4;2022-04-20;13;4;1;0;3;1080427;6487;1272;18;3773
FR;4;2022-04-21;5;1;0;0;1;1080432;6488;1272;18;3774
FR;4;2022-04-22;1;1;2;0;2;1080433;6489;1274;18;3776
FR;4;2022-04-23;2;3;3;0;6;1080435;6492;1277;18;3782
FR;4;2022-04-24;0;2;0;0;2;1080435;6494;1277;18;3784
FR;4;2022-04-25;3;4;3;0;7;1080438;6498;1280;18;3791
FR;4;2022-04-26;4;6;1;0;6;1080442;6504;1281;18;3797
FR;4;2022-04-27;4;1;0;1;0;1080446;6505;1281;19;3797
FR;4;2022-04-28;3;5;5;0;6;1080449;6510;1286;19;3803
FR;4;2022-04-29;4;3;0;0;2;1080453;6513;1286;19;3805
FR;4;2022-04-30;0;1;1;0;2;1080453;6514;1287;19;3807
FR;4;2022-05-01;0;0;0;0;0;1080453;6514;1287;19;3807
FR;4;2022-05-02;4;16;6;0;19;1080457;6530;1293;19;3826
FR;4;2022-05-03;2;5;2;0;6;1080459;6535;1295;19;3832
FR;4;2022-05-04;7;4;1;0;4;1080466;6539;1296;19;3836
FR;4;2022-05-05;2;2;1;1;1;1080468;6541;1297;20;3837
FR;4;2022-05-06;2;1;1;0;1;1080470;6542;1298;20;3838
FR;4;2022-05-07;0;0;0;0;0;1080470;6542;1298;20;3838
FR;4;2022-05-08;1;1;0;0;1;1080471;6543;1298;20;3839
FR;4;2022-05-09;5;0;0;0;0;1080476;6543;1298;20;3839
FR;4;2022-05-10;1;1;0;2;3;1080477;6544;1298;22;3842
FR;4;2022-05-11;2;2;1;0;3;1080479;6546;1299;22;3845
FR;4;2022-05-12;5;3;1;1;4;1080484;6549;1300;23;3849
FR;4;2022-05-13;0;0;2;0;2;1080484;6549;1302;23;3851
FR;4;2022-05-14;0;2;0;0;2;1080484;6551;1302;23;3853
FR;4;2022-05-15;1;2;0;0;0;1080485;6553;1302;23;3853
FR;4;2022-05-16;5;2;2;0;2;1080490;6555;1304;23;3855
FR;4;2022-05-17;3;1;2;0;3;1080493;6556;1306;23;3858
FR;4;2022-05-18;2;5;0;0;5;1080495;6561;1306;23;3863
FR;4;2022-05-19;2;2;3;0;4;1080497;6563;1309;23;3867
FR;4;2022-05-20;3;1;3;0;1;1080500;6564;1312;23;3868
FR;4;2022-05-21;2;0;1;0;1;1080502;6564;1313;23;3869
FR;4;2022-05-22;0;0;1;0;1;1080502;6564;1314;23;3870
FR;4;2022-05-23;0;0;2;0;0;1080502;6564;1316;23;3870
FR;4;2022-05-24;1;4;0;0;4;1080503;6568;1316;23;3874
FR;4;2022-05-25;1;3;0;0;1;1080504;6571;1316;23;3875
FR;4;2022-05-26;2;0;0;0;0;1080506;6571;1316;23;3875
FR;4;2022-05-27;0;1;0;0;1;1080506;6572;1316;23;3876
FR;4;2022-05-28;1;0;0;0;0;1080507;6572;1316;23;3876
FR;4;2022-05-29;1;0;0;0;0;1080508;6572;1316;23;3876
FR;4;2022-05-30;2;4;2;0;5;1080510;6576;1318;23;3881
FR;4;2022-05-31;2;1;0;0;1;1080512;6577;1318;23;3882
FR;4;2022-06-01;1;11;7;0;15;1080513;6588;1325;23;3897
FR;4;2022-06-02;1;5;2;0;5;1080514;6593;1327;23;3902
FR;4;2022-06-03;1;5;4;1;6;1080515;6598;1331;24;3908
FR;4;2022-06-04;0;1;1;0;1;1080515;6599;1332;24;3909
FR;4;2022-06-05;0;0;0;0;0;1080515;6599;1332;24;3909
FR;4;2022-06-06;5;0;2;0;1;1080520;6599;1334;24;3910
FR;4;2022-06-07;3;1;0;1;1;1080523;6600;1334;25;3911
FR;4;2022-06-08;0;3;3;0;6;1080523;6603;1337;25;3917
FR;4;2022-06-09;1;2;0;0;1;1080524;6605;1337;25;3918
FR;4;2022-06-10;2;0;3;0;1;1080526;6605;1340;25;3919
FR;4;2022-06-11;0;0;0;0;0;1080526;6605;1340;25;3919
FR;4;2022-06-12;4;0;0;0;0;1080530;6605;1340;25;3919
FR;4;2022-06-13;3;1;2;0;1;1080533;6606;1342;25;3920
FR;4;2022-06-14;3;2;0;0;2;1080536;6608;1342;25;3922
FR;4;2022-06-15;6;0;4;0;0;1080542;6608;1346;25;3922
FR;4;2022-06-16;1;2;1;1;1;1080543;6610;1347;26;3923
FR;4;2022-06-17;2;1;0;0;1;1080545;6611;1347;26;3924
FR;4;2022-06-18;0;0;0;0;0;1080545;6611;1347;26;3924
FR;4;2022-06-19;0;0;0;0;0;1080545;6611;1347;26;3924
FR;4;2022-06-20;4;2;2;0;3;1080549;6613;1349;26;3927
FR;4;2022-06-21;2;2;3;1;3;1080551;6615;1352;27;3930
FR;4;2022-06-22;2;1;0;0;1;1080553;6616;1352;27;3931
FR;4;2022-06-23;3;3;3;0;5;1080556;6619;1355;27;3936
FR;4;2022-06-24;1;0;2;0;0;1080557;6619;1357;27;3936
FR;4;2022-06-25;1;0;0;0;0;1080558;6619;1357;27;3936
FR;4;2022-06-26;0;0;1;0;1;1080558;6619;1358;27;3937
FR;4;2022-06-27;1;2;0;3;2;1080559;6621;1358;30;3939
FR;4;2022-06-28;0;4;2;1;5;1080559;6625;1360;31;3944
FR;4;2022-06-29;0;1;0;0;1;1080559;6626;1360;31;3945
FR;4;2022-06-30;1;0;0;0;0;1080560;6626;1360;31;3945
FR;4;2022-07-01;2;1;4;0;1;1080562;6627;1364;31;3946
FR;4;2022-07-02;0;1;0;0;0;1080562;6628;1364;31;3946
FR;4;2022-07-03;0;0;0;0;0;1080562;6628;1364;31;3946
FR;4;2022-07-04;2;0;0;0;0;1080564;6628;1364;31;3946
FR;4;2022-07-05;1;0;0;0;0;1080565;6628;1364;31;3946
FR;4;2022-07-06;5;0;0;0;0;1080570;6628;1364;31;3946
FR;4;2022-07-07;1;0;2;1;0;1080571;6628;1366;32;3946
FR;4;2022-07-08;2;1;0;0;1;1080573;6629;1366;32;3947
FR;4;2022-07-09;2;2;1;0;3;1080575;6631;1367;32;3950
FR;4;2022-07-10;1;0;0;0;0;1080576;6631;1367;32;3950
FR;4;2022-07-11;2;0;1;0;0;1080578;6631;1368;32;3950
FR;4;2022-07-12;0;0;1;0;1;1080578;6631;1369;32;3951
FR;4;2022-07-13;2;1;3;0;1;1080580;6632;1372;32;3952
FR;4;2022-07-14;0;0;1;0;0;1080580;6632;1373;32;3952
FR;4;2022-07-15;5;1;0;0;1;1080585;6633;1373;32;3953
FR;4;2022-07-16;1;0;0;2;0;1080586;6633;1373;34;3953
FR;4;2022-07-17;0;0;0;0;0;1080586;6633;1373;34;3953
FR;4;2022-07-18;0;0;0;0;0;1080586;6633;1373;34;3953
FR;4;2022-07-19;2;0;0;0;0;1080588;6633;1373;34;3953
FR;4;2022-07-20;9;0;0;0;0;1080597;6633;1373;34;3953
FR;4;2022-07-21;2;1;1;0;1;1080599;6634;1374;34;3954
FR;4;2022-07-22;3;0;0;0;0;1080602;6634;1374;34;3954
FR;4;2022-07-23;1;2;0;0;1;1080603;6636;1374;34;3955
FR;4;2022-07-24;0;0;0;0;0;1080603;6636;1374;34;3955
FR;5;2020-12-27;0;0;0;0;0;0;0;0;0;0
FR;5;2020-12-28;0;0;0;0;0;0;0;0;0;0
FR;5;2020-12-29;0;0;0;0;0;0;0;0;0;0
FR;5;2020-12-30;0;0;0;0;0;0;0;0;0;0
FR;5;2020-12-31;0;0;0;0;0;0;0;0;0;0
FR;5;2021-01-01;0;0;0;0;0;0;0;0;0;0
FR;5;2021-01-02;0;0;0;0;0;0;0;0;0;0
FR;5;2021-01-03;0;0;0;0;0;0;0;0;0;0
FR;5;2021-01-04;0;0;0;0;0;0;0;0;0;0
FR;5;2021-01-05;0;0;0;0;0;0;0;0;0;0
FR;5;2021-01-06;0;0;0;0;0;0;0;0;0;0
FR;5;2021-01-07;0;0;0;0;0;0;0;0;0;0
FR;5;2021-01-08;0;0;0;0;0;0;0;0;0;0
FR;5;2021-01-09;0;0;0;0;0;0;0;0;0;0
FR;5;2021-01-10;0;0;0;0;0;0;0;0;0;0
FR;5;2021-01-11;0;0;0;0;0;0;0;0;0;0
FR;5;2021-01-12;0;0;0;0;0;0;0;0;0;0
FR;5;2021-01-13;0;0;0;0;0;0;0;0;0;0
FR;5;2021-01-14;0;0;0;0;0;0;0;0;0;0
FR;5;2021-01-15;0;0;0;0;0;0;0;0;0;0
FR;5;2021-01-16;0;0;0;0;0;0;0;0;0;0
FR;5;2021-01-17;0;0;0;0;0;0;0;0;0;0
FR;5;2021-01-18;0;0;0;0;0;0;0;0;0;0
FR;5;2021-01-19;0;0;0;0;0;0;0;0;0;0
FR;5;2021-01-20;0;0;0;0;0;0;0;0;0;0
FR;5;2021-01-21;0;0;0;0;0;0;0;0;0;0
FR;5;2021-01-22;0;0;0;0;0;0;0;0;0;0
FR;5;2021-01-23;0;0;0;0;0;0;0;0;0;0
FR;5;2021-01-24;0;0;0;0;0;0;0;0;0;0
FR;5;2021-01-25;0;0;0;0;0;0;0;0;0;0
FR;5;2021-01-26;0;0;0;0;0;0;0;0;0;0
FR;5;2021-01-27;0;0;0;0;0;0;0;0;0;0
FR;5;2021-01-28;0;0;0;0;0;0;0;0;0;0
FR;5;2021-01-29;0;0;0;0;0;0;0;0;0;0
FR;5;2021-01-30;0;0;0;0;0;0;0;0;0;0
FR;5;2021-01-31;0;0;0;0;0;0;0;0;0;0
FR;5;2021-02-01;0;0;0;0;0;0;0;0;0;0
FR;5;2021-02-02;0;0;0;0;0;0;0;0;0;0
FR;5;2021-02-03;0;0;0;0;0;0;0;0;0;0
FR;5;2021-02-04;0;0;0;0;0;0;0;0;0;0
FR;5;2021-02-05;0;0;0;0;0;0;0;0;0;0
FR;5;2021-02-06;0;0;0;0;0;0;0;0;0;0
FR;5;2021-02-07;0;0;0;0;0;0;0;0;0;0
FR;5;2021-02-08;0;0;0;0;0;0;0;0;0;0
FR;5;2021-02-09;0;0;0;0;0;0;0;0;0;0
FR;5;2021-02-10;0;0;0;0;0;0;0;0;0;0
FR;5;2021-02-11;0;0;0;0;0;0;0;0;0;0
FR;5;2021-02-12;0;0;0;0;0;0;0;0;0;0
FR;5;2021-02-13;0;0;0;0;0;0;0;0;0;0
FR;5;2021-02-14;0;0;0;0;0;0;0;0;0;0
FR;5;2021-02-15;0;0;0;0;0;0;0;0;0;0
FR;5;2021-02-16;0;0;0;0;0;0;0;0;0;0
FR;5;2021-02-17;0;0;0;0;0;0;0;0;0;0
FR;5;2021-02-18;0;0;0;0;0;0;0;0;0;0
FR;5;2021-02-19;0;0;0;0;0;0;0;0;0;0
FR;5;2021-02-20;0;0;0;0;0;0;0;0;0;0
FR;5;2021-02-21;0;0;0;0;0;0;0;0;0;0
FR;5;2021-02-22;0;0;0;0;0;0;0;0;0;0
FR;5;2021-02-23;0;0;0;0;0;0;0;0;0;0
FR;5;2021-02-24;0;0;0;0;0;0;0;0;0;0
FR;5;2021-02-25;0;0;0;0;0;0;0;0;0;0
FR;5;2021-02-26;0;0;0;0;0;0;0;0;0;0
FR;5;2021-02-27;0;0;0;0;0;0;0;0;0;0
FR;5;2021-02-28;0;0;0;0;0;0;0;0;0;0
FR;5;2021-03-01;0;0;0;0;0;0;0;0;0;0
FR;5;2021-03-02;0;0;0;0;0;0;0;0;0;0
FR;5;2021-03-03;0;0;0;0;0;0;0;0;0;0
FR;5;2021-03-04;0;0;0;0;0;0;0;0;0;0
FR;5;2021-03-05;0;0;0;0;0;0;0;0;0;0
FR;5;2021-03-06;0;0;0;0;0;0;0;0;0;0
FR;5;2021-03-07;0;0;0;0;0;0;0;0;0;0
FR;5;2021-03-08;0;0;0;0;0;0;0;0;0;0
FR;5;2021-03-09;0;0;0;0;0;0;0;0;0;0
FR;5;2021-03-10;0;0;0;0;0;0;0;0;0;0
FR;5;2021-03-11;0;0;0;0;0;0;0;0;0;0
FR;5;2021-03-12;0;0;0;0;0;0;0;0;0;0
FR;5;2021-03-13;0;0;0;0;0;0;0;0;0;0
FR;5;2021-03-14;0;0;0;0;0;0;0;0;0;0
FR;5;2021-03-15;0;0;0;0;0;0;0;0;0;0
FR;5;2021-03-16;0;0;0;0;0;0;0;0;0;0
FR;5;2021-03-17;0;0;0;0;0;0;0;0;0;0
FR;5;2021-03-18;0;0;0;0;0;0;0;0;0;0
FR;5;2021-03-19;0;0;0;0;0;0;0;0;0;0
FR;5;2021-03-20;0;0;0;0;0;0;0;0;0;0
FR;5;2021-03-21;0;0;0;0;0;0;0;0;0;0
FR;5;2021-03-22;0;0;0;0;0;0;0;0;0;0
FR;5;2021-03-23;0;0;0;0;0;0;0;0;0;0
FR;5;2021-03-24;0;0;0;0;0;0;0;0;0;0
FR;5;2021-03-25;0;0;0;0;0;0;0;0;0;0
FR;5;2021-03-26;0;0;0;0;0;0;0;0;0;0
FR;5;2021-03-27;0;0;0;0;0;0;0;0;0;0
FR;5;2021-03-28;0;0;0;0;0;0;0;0;0;0
FR;5;2021-03-29;0;0;0;0;0;0;0;0;0;0
FR;5;2021-03-30;0;0;0;0;0;0;0;0;0;0
FR;5;2021-03-31;0;0;0;0;0;0;0;0;0;0
FR;5;2021-04-01;0;0;0;0;0;0;0;0;0;0
FR;5;2021-04-02;0;0;0;0;0;0;0;0;0;0
FR;5;2021-04-03;0;0;0;0;0;0;0;0;0;0
FR;5;2021-04-04;0;0;0;0;0;0;0;0;0;0
FR;5;2021-04-05;0;0;0;0;0;0;0;0;0;0
FR;5;2021-04-06;0;0;0;0;0;0;0;0;0;0
FR;5;2021-04-07;0;0;0;0;0;0;0;0;0;0
FR;5;2021-04-08;0;0;0;0;0;0;0;0;0;0
FR;5;2021-04-09;0;0;0;0;0;0;0;0;0;0
FR;5;2021-04-10;0;0;0;0;0;0;0;0;0;0
FR;5;2021-04-11;0;0;0;0;0;0;0;0;0;0
FR;5;2021-04-12;0;0;0;0;0;0;0;0;0;0
FR;5;2021-04-13;0;0;0;0;0;0;0;0;0;0
FR;5;2021-04-14;0;0;0;0;0;0;0;0;0;0
FR;5;2021-04-15;0;0;0;0;0;0;0;0;0;0
FR;5;2021-04-16;0;0;0;0;0;0;0;0;0;0
FR;5;2021-04-17;0;0;0;0;0;0;0;0;0;0
FR;5;2021-04-18;0;0;0;0;0;0;0;0;0;0
FR;5;2021-04-19;0;0;0;0;0;0;0;0;0;0
FR;5;2021-04-20;0;0;0;0;0;0;0;0;0;0
FR;5;2021-04-21;0;0;0;0;0;0;0;0;0;0
FR;5;2021-04-22;0;0;0;0;0;0;0;0;0;0
FR;5;2021-04-23;0;0;0;0;0;0;0;0;0;0
FR;5;2021-04-24;0;0;0;0;0;0;0;0;0;0
FR;5;2021-04-25;0;0;0;0;0;0;0;0;0;0
FR;5;2021-04-26;0;0;0;0;0;0;0;0;0;0
FR;5;2021-04-27;0;0;0;0;0;0;0;0;0;0
FR;5;2021-04-28;0;0;0;0;0;0;0;0;0;0
FR;5;2021-04-29;0;0;0;0;0;0;0;0;0;0
FR;5;2021-04-30;0;0;0;0;0;0;0;0;0;0
FR;5;2021-05-01;0;0;0;0;0;0;0;0;0;0
FR;5;2021-05-02;0;0;0;0;0;0;0;0;0;0
FR;5;2021-05-03;0;0;0;0;0;0;0;0;0;0
FR;5;2021-05-04;0;0;0;0;0;0;0;0;0;0
FR;5;2021-05-05;0;0;0;0;0;0;0;0;0;0
FR;5;2021-05-06;0;0;0;0;0;0;0;0;0;0
FR;5;2021-05-07;0;0;0;0;0;0;0;0;0;0
FR;5;2021-05-08;0;0;0;0;0;0;0;0;0;0
FR;5;2021-05-09;0;0;0;0;0;0;0;0;0;0
FR;5;2021-05-10;0;0;0;0;0;0;0;0;0;0
FR;5;2021-05-11;0;0;0;0;0;0;0;0;0;0
FR;5;2021-05-12;0;0;0;0;0;0;0;0;0;0
FR;5;2021-05-13;0;0;0;0;0;0;0;0;0;0
FR;5;2021-05-14;0;0;0;0;0;0;0;0;0;0
FR;5;2021-05-15;0;0;0;0;0;0;0;0;0;0
FR;5;2021-05-16;0;0;0;0;0;0;0;0;0;0
FR;5;2021-05-17;0;0;0;0;0;0;0;0;0;0
FR;5;2021-05-18;0;0;0;0;0;0;0;0;0;0
FR;5;2021-05-19;0;0;0;0;0;0;0;0;0;0
FR;5;2021-05-20;0;0;0;0;0;0;0;0;0;0
FR;5;2021-05-21;0;0;0;0;0;0;0;0;0;0
FR;5;2021-05-22;0;0;0;0;0;0;0;0;0;0
FR;5;2021-05-23;0;0;0;0;0;0;0;0;0;0
FR;5;2021-05-24;0;0;0;0;0;0;0;0;0;0
FR;5;2021-05-25;0;0;0;0;0;0;0;0;0;0
FR;5;2021-05-26;0;0;0;0;0;0;0;0;0;0
FR;5;2021-05-27;0;0;0;0;0;0;0;0;0;0
FR;5;2021-05-28;0;0;0;0;0;0;0;0;0;0
FR;5;2021-05-29;0;0;0;0;0;0;0;0;0;0
FR;5;2021-05-30;0;0;0;0;0;0;0;0;0;0
FR;5;2021-05-31;0;0;0;0;0;0;0;0;0;0
FR;5;2021-06-01;0;0;0;0;0;0;0;0;0;0
FR;5;2021-06-02;0;0;0;0;0;0;0;0;0;0
FR;5;2021-06-03;0;0;0;0;0;0;0;0;0;0
FR;5;2021-06-04;0;0;0;0;0;0;0;0;0;0
FR;5;2021-06-05;0;0;0;0;0;0;0;0;0;0
FR;5;2021-06-06;0;0;0;0;0;0;0;0;0;0
FR;5;2021-06-07;0;0;0;0;0;0;0;0;0;0
FR;5;2021-06-08;0;0;0;0;0;0;0;0;0;0
FR;5;2021-06-09;0;0;0;0;0;0;0;0;0;0
FR;5;2021-06-10;0;0;0;0;0;0;0;0;0;0
FR;5;2021-06-11;0;0;0;0;0;0;0;0;0;0
FR;5;2021-06-12;0;0;0;0;0;0;0;0;0;0
FR;5;2021-06-13;0;0;0;0;0;0;0;0;0;0
FR;5;2021-06-14;0;0;0;0;0;0;0;0;0;0
FR;5;2021-06-15;0;0;0;0;0;0;0;0;0;0
FR;5;2021-06-16;0;0;0;0;0;0;0;0;0;0
FR;5;2021-06-17;0;0;0;0;0;0;0;0;0;0
FR;5;2021-06-18;0;0;0;0;0;0;0;0;0;0
FR;5;2021-06-19;0;0;0;0;0;0;0;0;0;0
FR;5;2021-06-20;0;0;0;0;0;0;0;0;0;0
FR;5;2021-06-21;0;0;0;0;0;0;0;0;0;0
FR;5;2021-06-22;0;0;0;0;0;0;0;0;0;0
FR;5;2021-06-23;0;0;0;0;0;0;0;0;0;0
FR;5;2021-06-24;0;0;0;0;0;0;0;0;0;0
FR;5;2021-06-25;0;0;0;0;0;0;0;0;0;0
FR;5;2021-06-26;0;0;0;0;0;0;0;0;0;0
FR;5;2021-06-27;0;0;0;0;0;0;0;0;0;0
FR;5;2021-06-28;0;0;0;0;0;0;0;0;0;0
FR;5;2021-06-29;0;0;0;0;0;0;0;0;0;0
FR;5;2021-06-30;0;0;0;0;0;0;0;0;0;0
FR;5;2021-07-01;0;0;0;0;0;0;0;0;0;0
FR;5;2021-07-02;0;0;0;0;0;0;0;0;0;0
FR;5;2021-07-03;0;0;0;0;0;0;0;0;0;0
FR;5;2021-07-04;0;0;0;0;0;0;0;0;0;0
FR;5;2021-07-05;0;0;0;0;0;0;0;0;0;0
FR;5;2021-07-06;0;0;0;0;0;0;0;0;0;0
FR;5;2021-07-07;0;0;0;0;0;0;0;0;0;0
FR;5;2021-07-08;0;0;0;0;0;0;0;0;0;0
FR;5;2021-07-09;0;0;0;0;0;0;0;0;0;0
FR;5;2021-07-10;0;0;0;0;0;0;0;0;0;0
FR;5;2021-07-11;0;0;0;0;0;0;0;0;0;0
FR;5;2021-07-12;0;0;0;0;0;0;0;0;0;0
FR;5;2021-07-13;0;0;0;0;0;0;0;0;0;0
FR;5;2021-07-14;0;0;0;0;0;0;0;0;0;0
FR;5;2021-07-15;0;0;0;0;0;0;0;0;0;0
FR;5;2021-07-16;0;0;0;0;0;0;0;0;0;0
FR;5;2021-07-17;0;0;0;0;0;0;0;0;0;0
FR;5;2021-07-18;0;0;0;0;0;0;0;0;0;0
FR;5;2021-07-19;0;0;0;0;0;0;0;0;0;0
FR;5;2021-07-20;0;0;0;0;0;0;0;0;0;0
FR;5;2021-07-21;0;0;0;0;0;0;0;0;0;0
FR;5;2021-07-22;0;0;0;0;0;0;0;0;0;0
FR;5;2021-07-23;0;0;0;0;0;0;0;0;0;0
FR;5;2021-07-24;0;0;0;0;0;0;0;0;0;0
FR;5;2021-07-25;0;0;0;0;0;0;0;0;0;0
FR;5;2021-07-26;0;0;0;0;0;0;0;0;0;0
FR;5;2021-07-27;0;0;0;0;0;0;0;0;0;0
FR;5;2021-07-28;0;0;0;0;0;0;0;0;0;0
FR;5;2021-07-29;0;0;0;0;0;0;0;0;0;0
FR;5;2021-07-30;0;0;0;0;0;0;0;0;0;0
FR;5;2021-07-31;0;0;0;0;0;0;0;0;0;0
FR;5;2021-08-01;0;0;0;0;0;0;0;0;0;0
FR;5;2021-08-02;0;0;0;0;0;0;0;0;0;0
FR;5;2021-08-03;0;0;0;0;0;0;0;0;0;0
FR;5;2021-08-04;0;0;0;0;0;0;0;0;0;0
FR;5;2021-08-05;0;0;0;0;0;0;0;0;0;0
FR;5;2021-08-06;0;0;0;0;0;0;0;0;0;0
FR;5;2021-08-07;0;0;0;0;0;0;0;0;0;0
FR;5;2021-08-08;0;0;0;0;0;0;0;0;0;0
FR;5;2021-08-09;0;0;0;0;0;0;0;0;0;0
FR;5;2021-08-10;0;0;0;0;0;0;0;0;0;0
FR;5;2021-08-11;0;0;0;0;0;0;0;0;0;0
FR;5;2021-08-12;0;0;0;0;0;0;0;0;0;0
FR;5;2021-08-13;0;0;0;0;0;0;0;0;0;0
FR;5;2021-08-14;0;0;0;0;0;0;0;0;0;0
FR;5;2021-08-15;0;0;0;0;0;0;0;0;0;0
FR;5;2021-08-16;0;0;0;0;0;0;0;0;0;0
FR;5;2021-08-17;0;0;0;0;0;0;0;0;0;0
FR;5;2021-08-18;0;0;0;0;0;0;0;0;0;0
FR;5;2021-08-19;0;0;0;0;0;0;0;0;0;0
FR;5;2021-08-20;0;0;0;0;0;0;0;0;0;0
FR;5;2021-08-21;0;0;0;0;0;0;0;0;0;0
FR;5;2021-08-22;0;0;0;0;0;0;0;0;0;0
FR;5;2021-08-23;0;0;0;0;0;0;0;0;0;0
FR;5;2021-08-24;0;0;0;0;0;0;0;0;0;0
FR;5;2021-08-25;0;0;0;0;0;0;0;0;0;0
FR;5;2021-08-26;0;0;0;0;0;0;0;0;0;0
FR;5;2021-08-27;0;0;0;0;0;0;0;0;0;0
FR;5;2021-08-28;0;0;0;0;0;0;0;0;0;0
FR;5;2021-08-29;0;0;0;0;0;0;0;0;0;0
FR;5;2021-08-30;0;0;0;0;0;0;0;0;0;0
FR;5;2021-08-31;0;0;0;0;0;0;0;0;0;0
FR;5;2021-09-01;0;0;0;0;0;0;0;0;0;0
FR;5;2021-09-02;0;0;0;0;0;0;0;0;0;0
FR;5;2021-09-03;0;0;0;0;0;0;0;0;0;0
FR;5;2021-09-04;0;0;0;0;0;0;0;0;0;0
FR;5;2021-09-05;0;0;0;0;0;0;0;0;0;0
FR;5;2021-09-06;0;0;0;0;0;0;0;0;0;0
FR;5;2021-09-07;0;0;0;0;0;0;0;0;0;0
FR;5;2021-09-08;0;0;0;0;0;0;0;0;0;0
FR;5;2021-09-09;0;0;0;0;0;0;0;0;0;0
FR;5;2021-09-10;0;0;0;0;0;0;0;0;0;0
FR;5;2021-09-11;0;0;0;0;0;0;0;0;0;0
FR;5;2021-09-12;0;0;0;0;0;0;0;0;0;0
FR;5;2021-09-13;0;0;0;0;0;0;0;0;0;0
FR;5;2021-09-14;0;0;0;0;0;0;0;0;0;0
FR;5;2021-09-15;0;0;0;0;0;0;0;0;0;0
FR;5;2021-09-16;0;0;0;0;0;0;0;0;0;0
FR;5;2021-09-17;0;0;0;0;0;0;0;0;0;0
FR;5;2021-09-18;0;0;0;0;0;0;0;0;0;0
FR;5;2021-09-19;0;0;0;0;0;0;0;0;0;0
FR;5;2021-09-20;0;0;0;0;0;0;0;0;0;0
FR;5;2021-09-21;0;0;0;0;0;0;0;0;0;0
FR;5;2021-09-22;0;0;0;0;0;0;0;0;0;0
FR;5;2021-09-23;0;0;0;0;0;0;0;0;0;0
FR;5;2021-09-24;0;0;0;0;0;0;0;0;0;0
FR;5;2021-09-25;0;0;0;0;0;0;0;0;0;0
FR;5;2021-09-26;0;0;0;0;0;0;0;0;0;0
FR;5;2021-09-27;0;0;0;0;0;0;0;0;0;0
FR;5;2021-09-28;0;0;0;0;0;0;0;0;0;0
FR;5;2021-09-29;0;0;0;0;0;0;0;0;0;0
FR;5;2021-09-30;0;0;0;0;0;0;0;0;0;0
FR;5;2021-10-01;0;0;0;0;0;0;0;0;0;0
FR;5;2021-10-02;0;0;0;0;0;0;0;0;0;0
FR;5;2021-10-03;0;0;0;0;0;0;0;0;0;0
FR;5;2021-10-04;0;0;0;0;0;0;0;0;0;0
FR;5;2021-10-05;0;0;0;0;0;0;0;0;0;0
FR;5;2021-10-06;0;0;0;0;0;0;0;0;0;0
FR;5;2021-10-07;0;0;0;0;0;0;0;0;0;0
FR;5;2021-10-08;0;0;0;0;0;0;0;0;0;0
FR;5;2021-10-09;0;0;0;0;0;0;0;0;0;0
FR;5;2021-10-10;0;0;0;0;0;0;0;0;0;0
FR;5;2021-10-11;0;0;0;0;0;0;0;0;0;0
FR;5;2021-10-12;0;0;0;0;0;0;0;0;0;0
FR;5;2021-10-13;0;0;0;0;0;0;0;0;0;0
FR;5;2021-10-14;0;0;0;0;0;0;0;0;0;0
FR;5;2021-10-15;0;0;0;0;0;0;0;0;0;0
FR;5;2021-10-16;0;0;0;0;0;0;0;0;0;0
FR;5;2021-10-17;0;0;0;0;0;0;0;0;0;0
FR;5;2021-10-18;0;0;0;0;0;0;0;0;0;0
FR;5;2021-10-19;0;0;0;0;0;0;0;0;0;0
FR;5;2021-10-20;0;0;0;0;0;0;0;0;0;0
FR;5;2021-10-21;0;0;0;0;0;0;0;0;0;0
FR;5;2021-10-22;0;0;0;0;0;0;0;0;0;0
FR;5;2021-10-23;0;0;0;0;0;0;0;0;0;0
FR;5;2021-10-24;0;0;0;0;0;0;0;0;0;0
FR;5;2021-10-25;0;0;0;0;0;0;0;0;0;0
FR;5;2021-10-26;0;0;0;0;0;0;0;0;0;0
FR;5;2021-10-27;0;0;0;0;0;0;0;0;0;0
FR;5;2021-10-28;0;0;0;0;0;0;0;0;0;0
FR;5;2021-10-29;0;0;0;0;0;0;0;0;0;0
FR;5;2021-10-30;0;0;0;0;0;0;0;0;0;0
FR;5;2021-10-31;0;0;0;0;0;0;0;0;0;0
FR;5;2021-11-01;0;0;0;0;0;0;0;0;0;0
FR;5;2021-11-02;0;0;0;0;0;0;0;0;0;0
FR;5;2021-11-03;0;0;0;0;0;0;0;0;0;0
FR;5;2021-11-04;0;0;0;0;0;0;0;0;0;0
FR;5;2021-11-05;0;0;0;0;0;0;0;0;0;0
FR;5;2021-11-06;0;0;0;0;0;0;0;0;0;0
FR;5;2021-11-07;0;0;0;0;0;0;0;0;0;0
FR;5;2021-11-08;0;0;0;0;0;0;0;0;0;0
FR;5;2021-11-09;0;0;0;0;0;0;0;0;0;0
FR;5;2021-11-10;0;0;0;0;0;0;0;0;0;0
FR;5;2021-11-11;0;0;0;0;0;0;0;0;0;0
FR;5;2021-11-12;0;0;0;0;0;0;0;0;0;0
FR;5;2021-11-13;0;0;0;0;0;0;0;0;0;0
FR;5;2021-11-14;0;0;0;0;0;0;0;0;0;0
FR;5;2021-11-15;0;0;0;0;0;0;0;0;0;0
FR;5;2021-11-16;0;0;0;0;0;0;0;0;0;0
FR;5;2021-11-17;0;0;0;0;0;0;0;0;0;0
FR;5;2021-11-18;0;0;0;0;0;0;0;0;0;0
FR;5;2021-11-19;0;0;0;0;0;0;0;0;0;0
FR;5;2021-11-20;0;0;0;0;0;0;0;0;0;0
FR;5;2021-11-21;0;0;0;0;0;0;0;0;0;0
FR;5;2021-11-22;0;0;0;0;0;0;0;0;0;0
FR;5;2021-11-23;0;0;0;0;0;0;0;0;0;0
FR;5;2021-11-24;0;0;0;0;0;0;0;0;0;0
FR;5;2021-11-25;0;0;0;0;0;0;0;0;0;0
FR;5;2021-11-26;0;0;0;0;0;0;0;0;0;0
FR;5;2021-11-27;0;0;0;0;0;0;0;0;0;0
FR;5;2021-11-28;0;0;0;0;0;0;0;0;0;0
FR;5;2021-11-29;0;0;0;0;0;0;0;0;0;0
FR;5;2021-11-30;0;0;0;0;0;0;0;0;0;0
FR;5;2021-12-01;0;0;0;0;0;0;0;0;0;0
FR;5;2021-12-02;0;0;0;0;0;0;0;0;0;0
FR;5;2021-12-03;0;0;0;0;0;0;0;0;0;0
FR;5;2021-12-04;0;0;0;0;0;0;0;0;0;0
FR;5;2021-12-05;0;0;0;0;0;0;0;0;0;0
FR;5;2021-12-06;0;0;0;0;0;0;0;0;0;0
FR;5;2021-12-07;0;0;0;0;0;0;0;0;0;0
FR;5;2021-12-08;0;0;0;0;0;0;0;0;0;0
FR;5;2021-12-09;0;0;0;0;0;0;0;0;0;0
FR;5;2021-12-10;0;0;0;0;0;0;0;0;0;0
FR;5;2021-12-11;0;0;0;0;0;0;0;0;0;0
FR;5;2021-12-12;0;0;0;0;0;0;0;0;0;0
FR;5;2021-12-13;0;0;0;0;0;0;0;0;0;0
FR;5;2021-12-14;33;45;77;0;88;33;45;77;0;88
FR;5;2021-12-15;196;44;37;0;49;229;89;114;0;137
FR;5;2021-12-16;181;21;44;0;48;410;110;158;0;185
FR;5;2021-12-17;311;16;72;0;74;721;126;230;0;259
FR;5;2021-12-18;765;24;22;0;29;1486;150;252;0;288
FR;5;2021-12-19;586;15;15;0;17;2072;165;267;0;305
FR;5;2021-12-20;1223;31;35;0;38;3295;196;302;0;343
FR;5;2021-12-21;1536;22;54;1;60;4831;218;356;1;403
FR;5;2021-12-22;4069;40;37;0;46;8900;258;393;1;449
FR;5;2021-12-23;3042;16;21;0;25;11942;274;414;1;474
FR;5;2021-12-24;761;19;9;0;15;12703;293;423;1;489
FR;5;2021-12-25;61;5;2;0;3;12764;298;425;1;492
FR;5;2021-12-26;623;6;3;0;4;13387;304;428;1;496
FR;5;2021-12-27;4081;25;21;0;23;17468;329;449;1;519
FR;5;2021-12-28;5204;23;41;1;43;22672;352;490;2;562
FR;5;2021-12-29;8107;34;66;2;69;30779;386;556;4;631
FR;5;2021-12-30;5173;18;33;0;39;35952;404;589;4;670
FR;5;2021-12-31;1553;8;10;0;11;37505;412;599;4;681
FR;5;2022-01-01;185;2;2;0;3;37690;414;601;4;684
FR;5;2022-01-02;1489;1;1;0;1;39179;415;602;4;685
FR;5;2022-01-03;3061;36;33;0;32;42240;451;635;4;717
FR;5;2022-01-04;3033;39;33;0;42;45273;490;668;4;759
FR;5;2022-01-05;19322;203;97;1;108;64595;693;765;5;867
FR;5;2022-01-06;3746;133;122;0;142;68341;826;887;5;1009
FR;5;2022-01-07;5007;202;48;2;56;73348;1028;935;7;1065
FR;5;2022-01-08;13658;514;45;0;52;87006;1542;980;7;1117
FR;5;2022-01-09;5754;399;15;0;20;92760;1941;995;7;1137
FR;5;2022-01-10;3455;326;25;0;29;96215;2267;1020;7;1166
FR;5;2022-01-11;3672;284;38;0;41;99887;2551;1058;7;1207
FR;5;2022-01-12;22652;3005;90;0;113;122539;5556;1148;7;1320
FR;5;2022-01-13;4036;622;30;0;32;126575;6178;1178;7;1352
FR;5;2022-01-14;4843;582;44;0;51;131418;6760;1222;7;1403
FR;5;2022-01-15;14684;1746;38;3;49;146102;8506;1260;10;1452
FR;5;2022-01-16;4727;666;3;0;5;150829;9172;1263;10;1457
FR;5;2022-01-17;2297;716;26;0;29;153126;9888;1289;10;1486
FR;5;2022-01-18;2430;870;30;0;40;155556;10758;1319;10;1526
FR;5;2022-01-19;18482;6423;74;2;142;174038;17181;1393;12;1668
FR;5;2022-01-20;1920;1068;25;0;34;175958;18249;1418;12;1702
FR;5;2022-01-21;3076;1372;47;1;59;179034;19621;1465;13;1761
FR;5;2022-01-22;10721;3454;33;1;43;189755;23075;1498;14;1804
FR;5;2022-01-23;2629;1415;5;0;9;192384;24490;1503;14;1813
FR;5;2022-01-24;1160;1340;19;0;23;193544;25830;1522;14;1836
FR;5;2022-01-25;1220;1548;19;2;29;194764;27378;1541;16;1865
FR;5;2022-01-26;10752;12027;50;1;89;205516;39405;1591;17;1954
FR;5;2022-01-27;1292;1693;10;0;17;206808;41098;1601;17;1971
FR;5;2022-01-28;1699;3347;16;0;19;208507;44445;1617;17;1990
FR;5;2022-01-29;6238;8040;68;0;96;214745;52485;1685;17;2086
FR;5;2022-01-30;1509;2950;5;0;18;216254;55435;1690;17;2104
FR;5;2022-01-31;589;1773;23;0;24;216843;57208;1713;17;2128
FR;5;2022-02-01;712;1706;10;0;15;217555;58914;1723;17;2143
FR;5;2022-02-02;6957;15655;52;0;94;224512;74569;1775;17;2237
FR;5;2022-02-03;491;1690;14;0;13;225003;76259;1789;17;2250
FR;5;2022-02-04;945;3002;19;0;31;225948;79261;1808;17;2281
FR;5;2022-02-05;3535;8917;23;0;37;229483;88178;1831;17;2318
FR;5;2022-02-06;737;2397;10;0;19;230220;90575;1841;17;2337
FR;5;2022-02-07;884;1596;22;0;24;231104;92171;1863;17;2361
FR;5;2022-02-08;722;1287;18;0;20;231826;93458;1881;17;2381
FR;5;2022-02-09;4541;12877;44;0;76;236367;106335;1925;17;2457
FR;5;2022-02-10;646;1059;14;0;15;237013;107394;1939;17;2472
FR;5;2022-02-11;793;2031;16;0;21;237806;109425;1955;17;2493
FR;5;2022-02-12;2286;6811;33;0;53;240092;116236;1988;17;2546
FR;5;2022-02-13;464;1540;8;0;8;240556;117776;1996;17;2554
FR;5;2022-02-14;678;1288;10;0;13;241234;119064;2006;17;2567
FR;5;2022-02-15;482;886;9;0;14;241716;119950;2015;17;2581
FR;5;2022-02-16;2980;9123;41;1;58;244696;129073;2056;18;2639
FR;5;2022-02-17;436;809;6;0;7;245132;129882;2062;18;2646
FR;5;2022-02-18;649;1408;13;0;17;245781;131290;2075;18;2663
FR;5;2022-02-19;1373;4315;16;0;28;247154;135605;2091;18;2691
FR;5;2022-02-20;247;879;6;0;8;247401;136484;2097;18;2699
FR;5;2022-02-21;221;607;2;0;4;247622;137091;2099;18;2703
FR;5;2022-02-22;262;545;17;0;17;247884;137636;2116;18;2720
FR;5;2022-02-23;1909;6926;23;1;43;249793;144562;2139;19;2763
FR;5;2022-02-24;182;374;6;1;7;249975;144936;2145;20;2770
FR;5;2022-02-25;336;949;13;0;12;250311;145885;2158;20;2782
FR;5;2022-02-26;972;3070;10;0;14;251283;148955;2168;20;2796
FR;5;2022-02-27;149;506;0;0;3;251432;149461;2168;20;2799
FR;5;2022-02-28;162;369;1;0;1;251594;149830;2169;20;2800
FR;5;2022-03-01;130;280;6;0;7;251724;150110;2175;20;2807
FR;5;2022-03-02;1240;4156;28;3;40;252964;154266;2203;23;2847
FR;5;2022-03-03;121;251;5;0;10;253085;154517;2208;23;2857
FR;5;2022-03-04;194;488;13;0;14;253279;155005;2221;23;2871
FR;5;2022-03-05;677;1990;8;0;16;253956;156995;2229;23;2887
FR;5;2022-03-06;108;260;0;0;0;254064;157255;2229;23;2887
FR;5;2022-03-07;71;228;5;0;3;254135;157483;2234;23;2890
FR;5;2022-03-08;46;130;7;1;7;254181;157613;2241;24;2897
FR;5;2022-03-09;909;3078;24;0;36;255090;160691;2265;24;2933
FR;5;2022-03-10;82;201;8;0;12;255172;160892;2273;24;2945
FR;5;2022-03-11;148;369;13;1;15;255320;161261;2286;25;2960
FR;5;2022-03-12;758;1613;13;1;30;256078;162874;2299;26;2990
FR;5;2022-03-13;78;100;0;0;0;256156;162974;2299;26;2990
FR;5;2022-03-14;67;119;7;1;7;256223;163093;2306;27;2997
FR;5;2022-03-15;83;99;4;0;7;256306;163192;2310;27;3004
FR;5;2022-03-16;883;1827;15;3;36;257189;165019;2325;30;3040
FR;5;2022-03-17;68;123;8;4;10;257257;165142;2333;34;3050
FR;5;2022-03-18;172;318;13;4;18;257429;165460;2346;38;3068
FR;5;2022-03-19;751;1163;12;5;33;258180;166623;2358;43;3101
FR;5;2022-03-20;45;93;1;0;1;258225;166716;2359;43;3102
FR;5;2022-03-21;71;120;10;6;15;258296;166836;2369;49;3117
FR;5;2022-03-22;56;119;8;8;9;258352;166955;2377;57;3126
FR;5;2022-03-23;804;1461;14;8;36;259156;168416;2391;65;3162
FR;5;2022-03-24;70;93;8;7;7;259226;168509;2399;72;3169
FR;5;2022-03-25;222;291;14;8;18;259448;168800;2413;80;3187
FR;5;2022-03-26;707;853;12;5;26;260155;169653;2425;85;3213
FR;5;2022-03-27;75;80;0;0;3;260230;169733;2425;85;3216
FR;5;2022-03-28;81;91;1;2;3;260311;169824;2426;87;3219
FR;5;2022-03-29;71;82;10;4;12;260382;169906;2436;91;3231
FR;5;2022-03-30;823;1116;16;13;29;261205;171022;2452;104;3260
FR;5;2022-03-31;102;125;1;4;6;261307;171147;2453;108;3266
FR;5;2022-04-01;111;86;7;12;11;261418;171233;2460;120;3277
FR;5;2022-04-02;330;349;3;3;15;261748;171582;2463;123;3292
FR;5;2022-04-03;54;59;1;0;1;261802;171641;2464;123;3293
FR;5;2022-04-04;40;57;4;1;8;261842;171698;2468;124;3301
FR;5;2022-04-05;52;60;6;7;9;261894;171758;2474;131;3310
FR;5;2022-04-06;421;439;7;15;16;262315;172197;2481;146;3326
FR;5;2022-04-07;45;68;5;7;7;262360;172265;2486;153;3333
FR;5;2022-04-08;133;112;12;13;14;262493;172377;2498;166;3347
FR;5;2022-04-09;311;324;2;5;17;262804;172701;2500;171;3364
FR;5;2022-04-10;43;31;2;0;2;262847;172732;2502;171;3366
FR;5;2022-04-11;50;60;3;2;4;262897;172792;2505;173;3370
FR;5;2022-04-12;59;54;3;3;5;262956;172846;2508;176;3375
FR;5;2022-04-13;382;413;3;8;16;263338;173259;2511;184;3391
FR;5;2022-04-14;48;48;5;5;9;263386;173307;2516;189;3400
FR;5;2022-04-15;91;109;4;4;5;263477;173416;2520;193;3405
FR;5;2022-04-16;188;184;2;1;13;263665;173600;2522;194;3418
FR;5;2022-04-17;12;11;1;0;1;263677;173611;2523;194;3419
FR;5;2022-04-18;8;10;2;0;3;263685;173621;2525;194;3422
FR;5;2022-04-19;75;71;6;1;6;263760;173692;2531;195;3428
FR;5;2022-04-20;361;349;9;6;12;264121;174041;2540;201;3440
FR;5;2022-04-21;42;64;9;10;12;264163;174105;2549;211;3452
FR;5;2022-04-22;113;96;5;4;5;264276;174201;2554;215;3457
FR;5;2022-04-23;209;193;3;2;10;264485;174394;2557;217;3467
FR;5;2022-04-24;37;35;0;0;3;264522;174429;2557;217;3470
FR;5;2022-04-25;69;65;1;1;4;264591;174494;2558;218;3474
FR;5;2022-04-26;60;63;2;1;5;264651;174557;2560;219;3479
FR;5;2022-04-27;335;316;2;7;14;264986;174873;2562;226;3493
FR;5;2022-04-28;80;54;4;5;8;265066;174927;2566;231;3501
FR;5;2022-04-29;117;84;5;18;12;265183;175011;2571;249;3513
FR;5;2022-04-30;183;114;2;3;10;265366;175125;2573;252;3523
FR;5;2022-05-01;11;7;0;0;0;265377;175132;2573;252;3523
FR;5;2022-05-02;51;29;4;5;2;265428;175161;2577;257;3525
FR;5;2022-05-03;84;57;2;5;11;265512;175218;2579;262;3536
FR;5;2022-05-04;278;205;1;2;7;265790;175423;2580;264;3543
FR;5;2022-05-05;62;32;3;4;5;265852;175455;2583;268;3548
FR;5;2022-05-06;105;64;2;3;5;265957;175519;2585;271;3553
FR;5;2022-05-07;171;117;3;10;13;266128;175636;2588;281;3566
FR;5;2022-05-08;8;8;0;0;2;266136;175644;2588;281;3568
FR;5;2022-05-09;44;34;15;3;16;266180;175678;2603;284;3584
FR;5;2022-05-10;54;49;3;4;5;266234;175727;2606;288;3589
FR;5;2022-05-11;327;237;12;7;21;266561;175964;2618;295;3610
FR;5;2022-05-12;46;34;2;3;2;266607;175998;2620;298;3612
FR;5;2022-05-13;109;83;3;8;9;266716;176081;2623;306;3621
FR;5;2022-05-14;209;131;0;1;8;266925;176212;2623;307;3629
FR;5;2022-05-15;22;9;2;0;1;266947;176221;2625;307;3630
FR;5;2022-05-16;52;34;4;5;4;266999;176255;2629;312;3634
FR;5;2022-05-17;72;40;5;0;2;267071;176295;2634;312;3636
FR;5;2022-05-18;289;214;4;4;8;267360;176509;2638;316;3644
FR;5;2022-05-19;44;35;5;3;3;267404;176544;2643;319;3647
FR;5;2022-05-20;76;63;3;10;1;267480;176607;2646;329;3648
FR;5;2022-05-21;242;166;2;3;17;267722;176773;2648;332;3665
FR;5;2022-05-22;20;14;2;5;2;267742;176787;2650;337;3667
FR;5;2022-05-23;42;30;4;3;6;267784;176817;2654;340;3673
FR;5;2022-05-24;47;45;3;2;5;267831;176862;2657;342;3678
FR;5;2022-05-25;329;256;4;1;16;268160;177118;2661;343;3694
FR;5;2022-05-26;17;5;0;1;2;268177;177123;2661;344;3696
FR;5;2022-05-27;99;54;4;4;9;268276;177177;2665;348;3705
FR;5;2022-05-28;99;78;5;3;10;268375;177255;2670;351;3715
FR;5;2022-05-29;14;14;1;0;2;268389;177269;2671;351;3717
FR;5;2022-05-30;56;41;2;1;2;268445;177310;2673;352;3719
FR;5;2022-05-31;57;43;1;8;1;268502;177353;2674;360;3720
FR;5;2022-06-01;257;241;9;2;25;268759;177594;2683;362;3745
FR;5;2022-06-02;63;61;5;0;9;268822;177655;2688;362;3754
FR;5;2022-06-03;81;71;4;5;10;268903;177726;2692;367;3764
FR;5;2022-06-04;156;109;2;1;9;269059;177835;2694;368;3773
FR;5;2022-06-05;17;11;0;0;1;269076;177846;2694;368;3774
FR;5;2022-06-06;15;9;0;0;0;269091;177855;2694;368;3774
FR;5;2022-06-07;49;56;1;1;2;269140;177911;2695;369;3776
FR;5;2022-06-08;282;224;3;4;17;269422;178135;2698;373;3793
FR;5;2022-06-09;52;41;6;3;7;269474;178176;2704;376;3800
FR;5;2022-06-10;80;72;1;1;6;269554;178248;2705;377;3806
FR;5;2022-06-11;172;141;3;3;10;269726;178389;2708;380;3816
FR;5;2022-06-12;17;16;0;0;2;269743;178405;2708;380;3818
FR;5;2022-06-13;56;46;9;3;9;269799;178451;2717;383;3827
FR;5;2022-06-14;59;56;1;3;6;269858;178507;2718;386;3833
FR;5;2022-06-15;265;260;5;2;27;270123;178767;2723;388;3860
FR;5;2022-06-16;46;29;5;2;5;270169;178796;2728;390;3865
FR;5;2022-06-17;98;66;5;5;10;270267;178862;2733;395;3875
FR;5;2022-06-18;144;95;10;2;26;270411;178957;2743;397;3901
FR;5;2022-06-19;26;15;0;1;4;270437;178972;2743;398;3905
FR;5;2022-06-20;55;49;8;0;11;270492;179021;2751;398;3916
FR;5;2022-06-21;50;73;5;3;7;270542;179094;2756;401;3923
FR;5;2022-06-22;222;246;7;8;33;270764;179340;2763;409;3956
FR;5;2022-06-23;50;36;2;5;6;270814;179376;2765;414;3962
FR;5;2022-06-24;88;70;14;5;16;270902;179446;2779;419;3978
FR;5;2022-06-25;154;124;3;7;14;271056;179570;2782;426;3992
FR;5;2022-06-26;26;19;2;0;5;271082;179589;2784;426;3997
FR;5;2022-06-27;57;60;5;7;11;271139;179649;2789;433;4008
FR;5;2022-06-28;70;49;8;2;14;271209;179698;2797;435;4022
FR;5;2022-06-29;297;267;9;20;34;271506;179965;2806;455;4056
FR;5;2022-06-30;85;57;9;12;16;271591;180022;2815;467;4072
FR;5;2022-07-01;123;64;7;11;11;271714;180086;2822;478;4083
FR;5;2022-07-02;190;129;4;0;22;271904;180215;2826;478;4105
FR;5;2022-07-03;30;25;1;0;4;271934;180240;2827;478;4109
FR;5;2022-07-04;100;63;2;5;6;272034;180303;2829;483;4115
FR;5;2022-07-05;103;72;3;8;13;272137;180375;2832;491;4128
FR;5;2022-07-06;276;168;9;36;27;272413;180543;2841;527;4155
FR;5;2022-07-07;86;68;6;9;13;272499;180611;2847;536;4168
FR;5;2022-07-08;151;118;7;14;25;272650;180729;2854;550;4193
FR;5;2022-07-09;115;68;1;8;10;272765;180797;2855;558;4203
FR;5;2022-07-10;15;6;0;0;1;272780;180803;2855;558;4204
FR;5;2022-07-11;91;70;10;2;19;272871;180873;2865;560;4223
FR;5;2022-07-12;65;61;5;9;7;272936;180934;2870;569;4230
FR;5;2022-07-13;164;116;8;19;15;273100;181050;2878;588;4245
FR;5;2022-07-14;8;4;0;0;0;273108;181054;2878;588;4245
FR;5;2022-07-15;73;65;5;14;15;273181;181119;2883;602;4260
FR;5;2022-07-16;54;43;3;0;3;273235;181162;2886;602;4263
FR;5;2022-07-17;10;7;0;0;1;273245;181169;2886;602;4264
FR;5;2022-07-18;60;44;0;5;3;273305;181213;2886;607;4267
FR;5;2022-07-19;58;42;3;3;5;273363;181255;2889;610;4272
FR;5;2022-07-20;117;102;4;11;14;273480;181357;2893;621;4286
FR;5;2022-07-21;37;40;2;10;5;273517;181397;2895;631;4291
FR;5;2022-07-22;43;59;11;14;22;273560;181456;2906;645;4313
FR;5;2022-07-23;55;79;1;1;11;273615;181535;2907;646;4324
FR;5;2022-07-24;11;9;1;1;1;273626;181544;2908;647;4325
FR;6;2020-12-27;0;0;0;0;0;0;0;0;0;0
FR;6;2020-12-28;0;0;0;0;0;0;0;0;0;0
FR;6;2020-12-29;0;0;0;0;0;0;0;0;0;0
FR;6;2020-12-30;0;0;0;0;0;0;0;0;0;0
FR;6;2020-12-31;0;0;0;0;0;0;0;0;0;0
FR;6;2021-01-01;0;0;0;0;0;0;0;0;0;0
FR;6;2021-01-02;0;0;0;0;0;0;0;0;0;0
FR;6;2021-01-03;0;0;0;0;0;0;0;0;0;0
FR;6;2021-01-04;0;0;0;0;0;0;0;0;0;0
FR;6;2021-01-05;0;0;0;0;0;0;0;0;0;0
FR;6;2021-01-06;0;0;0;0;0;0;0;0;0;0
FR;6;2021-01-07;0;0;0;0;0;0;0;0;0;0
FR;6;2021-01-08;0;0;0;0;0;0;0;0;0;0
FR;6;2021-01-09;0;0;0;0;0;0;0;0;0;0
FR;6;2021-01-10;0;0;0;0;0;0;0;0;0;0
FR;6;2021-01-11;0;0;0;0;0;0;0;0;0;0
FR;6;2021-01-12;0;0;0;0;0;0;0;0;0;0
FR;6;2021-01-13;0;0;0;0;0;0;0;0;0;0
FR;6;2021-01-14;0;0;0;0;0;0;0;0;0;0
FR;6;2021-01-15;0;0;0;0;0;0;0;0;0;0
FR;6;2021-01-16;0;0;0;0;0;0;0;0;0;0
FR;6;2021-01-17;0;0;0;0;0;0;0;0;0;0
FR;6;2021-01-18;0;0;0;0;0;0;0;0;0;0
FR;6;2021-01-19;0;0;0;0;0;0;0;0;0;0
FR;6;2021-01-20;0;0;0;0;0;0;0;0;0;0
FR;6;2021-01-21;0;0;0;0;0;0;0;0;0;0
FR;6;2021-01-22;0;0;0;0;0;0;0;0;0;0
FR;6;2021-01-23;0;0;0;0;0;0;0;0;0;0
FR;6;2021-01-24;0;0;0;0;0;0;0;0;0;0
FR;6;2021-01-25;0;0;0;0;0;0;0;0;0;0
FR;6;2021-01-26;0;0;0;0;0;0;0;0;0;0
FR;6;2021-01-27;0;0;0;0;0;0;0;0;0;0
FR;6;2021-01-28;0;0;0;0;0;0;0;0;0;0
FR;6;2021-01-29;0;0;0;0;0;0;0;0;0;0
FR;6;2021-01-30;0;0;0;0;0;0;0;0;0;0
FR;6;2021-01-31;0;0;0;0;0;0;0;0;0;0
FR;6;2021-02-01;0;0;0;0;0;0;0;0;0;0
FR;6;2021-02-02;0;0;0;0;0;0;0;0;0;0
FR;6;2021-02-03;0;0;0;0;0;0;0;0;0;0
FR;6;2021-02-04;0;0;0;0;0;0;0;0;0;0
FR;6;2021-02-05;0;0;0;0;0;0;0;0;0;0
FR;6;2021-02-06;0;0;0;0;0;0;0;0;0;0
FR;6;2021-02-07;0;0;0;0;0;0;0;0;0;0
FR;6;2021-02-08;0;0;0;0;0;0;0;0;0;0
FR;6;2021-02-09;0;0;0;0;0;0;0;0;0;0
FR;6;2021-02-10;0;0;0;0;0;0;0;0;0;0
FR;6;2021-02-11;0;0;0;0;0;0;0;0;0;0
FR;6;2021-02-12;0;0;0;0;0;0;0;0;0;0
FR;6;2021-02-13;0;0;0;0;0;0;0;0;0;0
FR;6;2021-02-14;0;0;0;0;0;0;0;0;0;0
FR;6;2021-02-15;0;0;0;0;0;0;0;0;0;0
FR;6;2021-02-16;0;0;0;0;0;0;0;0;0;0
FR;6;2021-02-17;0;0;0;0;0;0;0;0;0;0
FR;6;2021-02-18;0;0;0;0;0;0;0;0;0;0
FR;6;2021-02-19;0;0;0;0;0;0;0;0;0;0
FR;6;2021-02-20;0;0;0;0;0;0;0;0;0;0
FR;6;2021-02-21;0;0;0;0;0;0;0;0;0;0
FR;6;2021-02-22;0;0;0;0;0;0;0;0;0;0
FR;6;2021-02-23;0;0;0;0;0;0;0;0;0;0
FR;6;2021-02-24;0;0;0;0;0;0;0;0;0;0
FR;6;2021-02-25;0;0;0;0;0;0;0;0;0;0
FR;6;2021-02-26;0;0;0;0;0;0;0;0;0;0
FR;6;2021-02-27;0;0;0;0;0;0;0;0;0;0
FR;6;2021-02-28;0;0;0;0;0;0;0;0;0;0
FR;6;2021-03-01;0;0;0;0;0;0;0;0;0;0
FR;6;2021-03-02;0;0;0;0;0;0;0;0;0;0
FR;6;2021-03-03;0;0;0;0;0;0;0;0;0;0
FR;6;2021-03-04;0;0;0;0;0;0;0;0;0;0
FR;6;2021-03-05;0;0;0;0;0;0;0;0;0;0
FR;6;2021-03-06;0;0;0;0;0;0;0;0;0;0
FR;6;2021-03-07;0;0;0;0;0;0;0;0;0;0
FR;6;2021-03-08;0;0;0;0;0;0;0;0;0;0
FR;6;2021-03-09;0;0;0;0;0;0;0;0;0;0
FR;6;2021-03-10;0;0;0;0;0;0;0;0;0;0
FR;6;2021-03-11;0;0;0;0;0;0;0;0;0;0
FR;6;2021-03-12;0;0;0;0;0;0;0;0;0;0
FR;6;2021-03-13;0;0;0;0;0;0;0;0;0;0
FR;6;2021-03-14;0;0;0;0;0;0;0;0;0;0
FR;6;2021-03-15;0;0;0;0;0;0;0;0;0;0
FR;6;2021-03-16;0;0;0;0;0;0;0;0;0;0
FR;6;2021-03-17;0;0;0;0;0;0;0;0;0;0
FR;6;2021-03-18;0;0;0;0;0;0;0;0;0;0
FR;6;2021-03-19;0;0;0;0;0;0;0;0;0;0
FR;6;2021-03-20;0;0;0;0;0;0;0;0;0;0
FR;6;2021-03-21;0;0;0;0;0;0;0;0;0;0
FR;6;2021-03-22;0;0;0;0;0;0;0;0;0;0
FR;6;2021-03-23;0;0;0;0;0;0;0;0;0;0
FR;6;2021-03-24;0;0;0;0;0;0;0;0;0;0
FR;6;2021-03-25;0;0;0;0;0;0;0;0;0;0
FR;6;2021-03-26;0;0;0;0;0;0;0;0;0;0
FR;6;2021-03-27;0;0;0;0;0;0;0;0;0;0
FR;6;2021-03-28;0;0;0;0;0;0;0;0;0;0
FR;6;2021-03-29;0;0;0;0;0;0;0;0;0;0
FR;6;2021-03-30;0;0;0;0;0;0;0;0;0;0
FR;6;2021-03-31;0;0;0;0;0;0;0;0;0;0
FR;6;2021-04-01;0;0;0;0;0;0;0;0;0;0
FR;6;2021-04-02;0;0;0;0;0;0;0;0;0;0
FR;6;2021-04-03;0;0;0;0;0;0;0;0;0;0
FR;6;2021-04-04;0;0;0;0;0;0;0;0;0;0
FR;6;2021-04-05;0;0;0;0;0;0;0;0;0;0
FR;6;2021-04-06;0;0;0;0;0;0;0;0;0;0
FR;6;2021-04-07;0;0;0;0;0;0;0;0;0;0
FR;6;2021-04-08;0;0;0;0;0;0;0;0;0;0
FR;6;2021-04-09;0;0;0;0;0;0;0;0;0;0
FR;6;2021-04-10;0;0;0;0;0;0;0;0;0;0
FR;6;2021-04-11;0;0;0;0;0;0;0;0;0;0
FR;6;2021-04-12;0;0;0;0;0;0;0;0;0;0
FR;6;2021-04-13;0;0;0;0;0;0;0;0;0;0
FR;6;2021-04-14;0;0;0;0;0;0;0;0;0;0
FR;6;2021-04-15;0;0;0;0;0;0;0;0;0;0
FR;6;2021-04-16;0;0;0;0;0;0;0;0;0;0
FR;6;2021-04-17;0;0;0;0;0;0;0;0;0;0
FR;6;2021-04-18;0;0;0;0;0;0;0;0;0;0
FR;6;2021-04-19;0;0;0;0;0;0;0;0;0;0
FR;6;2021-04-20;0;0;0;0;0;0;0;0;0;0
FR;6;2021-04-21;0;0;0;0;0;0;0;0;0;0
FR;6;2021-04-22;0;0;0;0;0;0;0;0;0;0
FR;6;2021-04-23;0;0;0;0;0;0;0;0;0;0
FR;6;2021-04-24;0;0;0;0;0;0;0;0;0;0
FR;6;2021-04-25;0;0;0;0;0;0;0;0;0;0
FR;6;2021-04-26;0;0;0;0;0;0;0;0;0;0
FR;6;2021-04-27;0;0;0;0;0;0;0;0;0;0
FR;6;2021-04-28;0;0;0;0;0;0;0;0;0;0
FR;6;2021-04-29;0;0;0;0;0;0;0;0;0;0
FR;6;2021-04-30;0;0;0;0;0;0;0;0;0;0
FR;6;2021-05-01;0;0;0;0;0;0;0;0;0;0
FR;6;2021-05-02;0;0;0;0;0;0;0;0;0;0
FR;6;2021-05-03;0;0;0;0;0;0;0;0;0;0
FR;6;2021-05-04;0;0;0;0;0;0;0;0;0;0
FR;6;2021-05-05;0;0;0;0;0;0;0;0;0;0
FR;6;2021-05-06;0;0;0;0;0;0;0;0;0;0
FR;6;2021-05-07;0;0;0;0;0;0;0;0;0;0
FR;6;2021-05-08;0;0;0;0;0;0;0;0;0;0
FR;6;2021-05-09;0;0;0;0;0;0;0;0;0;0
FR;6;2021-05-10;0;0;0;0;0;0;0;0;0;0
FR;6;2021-05-11;0;0;0;0;0;0;0;0;0;0
FR;6;2021-05-12;0;0;0;0;0;0;0;0;0;0
FR;6;2021-05-13;0;0;0;0;0;0;0;0;0;0
FR;6;2021-05-14;0;0;0;0;0;0;0;0;0;0
FR;6;2021-05-15;0;0;0;0;0;0;0;0;0;0
FR;6;2021-05-16;0;0;0;0;0;0;0;0;0;0
FR;6;2021-05-17;0;0;0;0;0;0;0;0;0;0
FR;6;2021-05-18;0;0;0;0;0;0;0;0;0;0
FR;6;2021-05-19;0;0;0;0;0;0;0;0;0;0
FR;6;2021-05-20;0;0;0;0;0;0;0;0;0;0
FR;6;2021-05-21;0;0;0;0;0;0;0;0;0;0
FR;6;2021-05-22;0;0;0;0;0;0;0;0;0;0
FR;6;2021-05-23;0;0;0;0;0;0;0;0;0;0
FR;6;2021-05-24;0;0;0;0;0;0;0;0;0;0
FR;6;2021-05-25;0;0;0;0;0;0;0;0;0;0
FR;6;2021-05-26;0;0;0;0;0;0;0;0;0;0
FR;6;2021-05-27;0;0;0;0;0;0;0;0;0;0
FR;6;2021-05-28;0;0;0;0;0;0;0;0;0;0
FR;6;2021-05-29;0;0;0;0;0;0;0;0;0;0
FR;6;2021-05-30;0;0;0;0;0;0;0;0;0;0
FR;6;2021-05-31;0;0;0;0;0;0;0;0;0;0
FR;6;2021-06-01;0;0;0;0;0;0;0;0;0;0
FR;6;2021-06-02;0;0;0;0;0;0;0;0;0;0
FR;6;2021-06-03;0;0;0;0;0;0;0;0;0;0
FR;6;2021-06-04;0;0;0;0;0;0;0;0;0;0
FR;6;2021-06-05;0;0;0;0;0;0;0;0;0;0
FR;6;2021-06-06;0;0;0;0;0;0;0;0;0;0
FR;6;2021-06-07;0;0;0;0;0;0;0;0;0;0
FR;6;2021-06-08;0;0;0;0;0;0;0;0;0;0
FR;6;2021-06-09;0;0;0;0;0;0;0;0;0;0
FR;6;2021-06-10;0;0;0;0;0;0;0;0;0;0
FR;6;2021-06-11;0;0;0;0;0;0;0;0;0;0
FR;6;2021-06-12;0;0;0;0;0;0;0;0;0;0
FR;6;2021-06-13;0;0;0;0;0;0;0;0;0;0
FR;6;2021-06-14;0;0;0;0;0;0;0;0;0;0
FR;6;2021-06-15;0;0;0;0;0;0;0;0;0;0
FR;6;2021-06-16;0;0;0;0;0;0;0;0;0;0
FR;6;2021-06-17;0;0;0;0;0;0;0;0;0;0
FR;6;2021-06-18;0;0;0;0;0;0;0;0;0;0
FR;6;2021-06-19;0;0;0;0;0;0;0;0;0;0
FR;6;2021-06-20;0;0;0;0;0;0;0;0;0;0
FR;6;2021-06-21;0;0;0;0;0;0;0;0;0;0
FR;6;2021-06-22;0;0;0;0;0;0;0;0;0;0
FR;6;2021-06-23;0;0;0;0;0;0;0;0;0;0
FR;6;2021-06-24;0;0;0;0;0;0;0;0;0;0
FR;6;2021-06-25;0;0;0;0;0;0;0;0;0;0
FR;6;2021-06-26;0;0;0;0;0;0;0;0;0;0
FR;6;2021-06-27;0;0;0;0;0;0;0;0;0;0
FR;6;2021-06-28;0;0;0;0;0;0;0;0;0;0
FR;6;2021-06-29;0;0;0;0;0;0;0;0;0;0
FR;6;2021-06-30;0;0;0;0;0;0;0;0;0;0
FR;6;2021-07-01;0;0;0;0;0;0;0;0;0;0
FR;6;2021-07-02;0;0;0;0;0;0;0;0;0;0
FR;6;2021-07-03;0;0;0;0;0;0;0;0;0;0
FR;6;2021-07-04;0;0;0;0;0;0;0;0;0;0
FR;6;2021-07-05;0;0;0;0;0;0;0;0;0;0
FR;6;2021-07-06;0;0;0;0;0;0;0;0;0;0
FR;6;2021-07-07;0;0;0;0;0;0;0;0;0;0
FR;6;2021-07-08;0;0;0;0;0;0;0;0;0;0
FR;6;2021-07-09;0;0;0;0;0;0;0;0;0;0
FR;6;2021-07-10;0;0;0;0;0;0;0;0;0;0
FR;6;2021-07-11;0;0;0;0;0;0;0;0;0;0
FR;6;2021-07-12;0;0;0;0;0;0;0;0;0;0
FR;6;2021-07-13;0;0;0;0;0;0;0;0;0;0
FR;6;2021-07-14;0;0;0;0;0;0;0;0;0;0
FR;6;2021-07-15;0;0;0;0;0;0;0;0;0;0
FR;6;2021-07-16;0;0;0;0;0;0;0;0;0;0
FR;6;2021-07-17;0;0;0;0;0;0;0;0;0;0
FR;6;2021-07-18;0;0;0;0;0;0;0;0;0;0
FR;6;2021-07-19;0;0;0;0;0;0;0;0;0;0
FR;6;2021-07-20;0;0;0;0;0;0;0;0;0;0
FR;6;2021-07-21;0;0;0;0;0;0;0;0;0;0
FR;6;2021-07-22;0;0;0;0;0;0;0;0;0;0
FR;6;2021-07-23;0;0;0;0;0;0;0;0;0;0
FR;6;2021-07-24;0;0;0;0;0;0;0;0;0;0
FR;6;2021-07-25;0;0;0;0;0;0;0;0;0;0
FR;6;2021-07-26;0;0;0;0;0;0;0;0;0;0
FR;6;2021-07-27;0;0;0;0;0;0;0;0;0;0
FR;6;2021-07-28;0;0;0;0;0;0;0;0;0;0
FR;6;2021-07-29;0;0;0;0;0;0;0;0;0;0
FR;6;2021-07-30;0;0;0;0;0;0;0;0;0;0
FR;6;2021-07-31;0;0;0;0;0;0;0;0;0;0
FR;6;2021-08-01;0;0;0;0;0;0;0;0;0;0
FR;6;2021-08-02;0;0;0;0;0;0;0;0;0;0
FR;6;2021-08-03;0;0;0;0;0;0;0;0;0;0
FR;6;2021-08-04;0;0;0;0;0;0;0;0;0;0
FR;6;2021-08-05;0;0;0;0;0;0;0;0;0;0
FR;6;2021-08-06;0;0;0;0;0;0;0;0;0;0
FR;6;2021-08-07;0;0;0;0;0;0;0;0;0;0
FR;6;2021-08-08;0;0;0;0;0;0;0;0;0;0
FR;6;2021-08-09;0;0;0;0;0;0;0;0;0;0
FR;6;2021-08-10;0;0;0;0;0;0;0;0;0;0
FR;6;2021-08-11;0;0;0;0;0;0;0;0;0;0
FR;6;2021-08-12;0;0;0;0;0;0;0;0;0;0
FR;6;2021-08-13;0;0;0;0;0;0;0;0;0;0
FR;6;2021-08-14;0;0;0;0;0;0;0;0;0;0
FR;6;2021-08-15;0;0;0;0;0;0;0;0;0;0
FR;6;2021-08-16;0;0;0;0;0;0;0;0;0;0
FR;6;2021-08-17;0;0;0;0;0;0;0;0;0;0
FR;6;2021-08-18;0;0;0;0;0;0;0;0;0;0
FR;6;2021-08-19;0;0;0;0;0;0;0;0;0;0
FR;6;2021-08-20;0;0;0;0;0;0;0;0;0;0
FR;6;2021-08-21;0;0;0;0;0;0;0;0;0;0
FR;6;2021-08-22;0;0;0;0;0;0;0;0;0;0
FR;6;2021-08-23;0;0;0;0;0;0;0;0;0;0
FR;6;2021-08-24;0;0;0;0;0;0;0;0;0;0
FR;6;2021-08-25;0;0;0;0;0;0;0;0;0;0
FR;6;2021-08-26;0;0;0;0;0;0;0;0;0;0
FR;6;2021-08-27;0;0;0;0;0;0;0;0;0;0
FR;6;2021-08-28;0;0;0;0;0;0;0;0;0;0
FR;6;2021-08-29;0;0;0;0;0;0;0;0;0;0
FR;6;2021-08-30;0;0;0;0;0;0;0;0;0;0
FR;6;2021-08-31;0;0;0;0;0;0;0;0;0;0
FR;6;2021-09-01;0;0;0;0;0;0;0;0;0;0
FR;6;2021-09-02;0;0;0;0;0;0;0;0;0;0
FR;6;2021-09-03;0;0;0;0;0;0;0;0;0;0
FR;6;2021-09-04;0;0;0;0;0;0;0;0;0;0
FR;6;2021-09-05;0;0;0;0;0;0;0;0;0;0
FR;6;2021-09-06;0;0;0;0;0;0;0;0;0;0
FR;6;2021-09-07;0;0;0;0;0;0;0;0;0;0
FR;6;2021-09-08;0;0;0;0;0;0;0;0;0;0
FR;6;2021-09-09;0;0;0;0;0;0;0;0;0;0
FR;6;2021-09-10;0;0;0;0;0;0;0;0;0;0
FR;6;2021-09-11;0;0;0;0;0;0;0;0;0;0
FR;6;2021-09-12;0;0;0;0;0;0;0;0;0;0
FR;6;2021-09-13;0;0;0;0;0;0;0;0;0;0
FR;6;2021-09-14;0;0;0;0;0;0;0;0;0;0
FR;6;2021-09-15;0;0;0;0;0;0;0;0;0;0
FR;6;2021-09-16;0;0;0;0;0;0;0;0;0;0
FR;6;2021-09-17;0;0;0;0;0;0;0;0;0;0
FR;6;2021-09-18;0;0;0;0;0;0;0;0;0;0
FR;6;2021-09-19;0;0;0;0;0;0;0;0;0;0
FR;6;2021-09-20;0;0;0;0;0;0;0;0;0;0
FR;6;2021-09-21;0;0;0;0;0;0;0;0;0;0
FR;6;2021-09-22;0;0;0;0;0;0;0;0;0;0
FR;6;2021-09-23;0;0;0;0;0;0;0;0;0;0
FR;6;2021-09-24;0;0;0;0;0;0;0;0;0;0
FR;6;2021-09-25;0;0;0;0;0;0;0;0;0;0
FR;6;2021-09-26;0;0;0;0;0;0;0;0;0;0
FR;6;2021-09-27;0;0;0;0;0;0;0;0;0;0
FR;6;2021-09-28;0;0;0;0;0;0;0;0;0;0
FR;6;2021-09-29;0;0;0;0;0;0;0;0;0;0
FR;6;2021-09-30;0;0;0;0;0;0;0;0;0;0
FR;6;2021-10-01;0;0;0;0;0;0;0;0;0;0
FR;6;2021-10-02;0;0;0;0;0;0;0;0;0;0
FR;6;2021-10-03;0;0;0;0;0;0;0;0;0;0
FR;6;2021-10-04;0;0;0;0;0;0;0;0;0;0
FR;6;2021-10-05;0;0;0;0;0;0;0;0;0;0
FR;6;2021-10-06;0;0;0;0;0;0;0;0;0;0
FR;6;2021-10-07;0;0;0;0;0;0;0;0;0;0
FR;6;2021-10-08;0;0;0;0;0;0;0;0;0;0
FR;6;2021-10-09;0;0;0;0;0;0;0;0;0;0
FR;6;2021-10-10;0;0;0;0;0;0;0;0;0;0
FR;6;2021-10-11;0;0;0;0;0;0;0;0;0;0
FR;6;2021-10-12;0;0;0;0;0;0;0;0;0;0
FR;6;2021-10-13;0;0;0;0;0;0;0;0;0;0
FR;6;2021-10-14;0;0;0;0;0;0;0;0;0;0
FR;6;2021-10-15;0;0;0;0;0;0;0;0;0;0
FR;6;2021-10-16;0;0;0;0;0;0;0;0;0;0
FR;6;2021-10-17;0;0;0;0;0;0;0;0;0;0
FR;6;2021-10-18;0;0;0;0;0;0;0;0;0;0
FR;6;2021-10-19;0;0;0;0;0;0;0;0;0;0
FR;6;2021-10-20;0;0;0;0;0;0;0;0;0;0
FR;6;2021-10-21;0;0;0;0;0;0;0;0;0;0
FR;6;2021-10-22;0;0;0;0;0;0;0;0;0;0
FR;6;2021-10-23;0;0;0;0;0;0;0;0;0;0
FR;6;2021-10-24;0;0;0;0;0;0;0;0;0;0
FR;6;2021-10-25;0;0;0;0;0;0;0;0;0;0
FR;6;2021-10-26;0;0;0;0;0;0;0;0;0;0
FR;6;2021-10-27;0;0;0;0;0;0;0;0;0;0
FR;6;2021-10-28;0;0;0;0;0;0;0;0;0;0
FR;6;2021-10-29;0;0;0;0;0;0;0;0;0;0
FR;6;2021-10-30;0;0;0;0;0;0;0;0;0;0
FR;6;2021-10-31;0;0;0;0;0;0;0;0;0;0
FR;6;2021-11-01;0;0;0;0;0;0;0;0;0;0
FR;6;2021-11-02;0;0;0;0;0;0;0;0;0;0
FR;6;2021-11-03;0;0;0;0;0;0;0;0;0;0
FR;6;2021-11-04;0;0;0;0;0;0;0;0;0;0
FR;6;2021-11-05;0;0;0;0;0;0;0;0;0;0
FR;6;2021-11-06;0;0;0;0;0;0;0;0;0;0
FR;6;2021-11-07;0;0;0;0;0;0;0;0;0;0
FR;6;2021-11-08;0;0;0;0;0;0;0;0;0;0
FR;6;2021-11-09;0;0;0;0;0;0;0;0;0;0
FR;6;2021-11-10;0;0;0;0;0;0;0;0;0;0
FR;6;2021-11-11;0;0;0;0;0;0;0;0;0;0
FR;6;2021-11-12;0;0;0;0;0;0;0;0;0;0
FR;6;2021-11-13;0;0;0;0;0;0;0;0;0;0
FR;6;2021-11-14;0;0;0;0;0;0;0;0;0;0
FR;6;2021-11-15;0;0;0;0;0;0;0;0;0;0
FR;6;2021-11-16;0;0;0;0;0;0;0;0;0;0
FR;6;2021-11-17;0;0;0;0;0;0;0;0;0;0
FR;6;2021-11-18;0;0;0;0;0;0;0;0;0;0
FR;6;2021-11-19;0;0;0;0;0;0;0;0;0;0
FR;6;2021-11-20;0;0;0;0;0;0;0;0;0;0
FR;6;2021-11-21;0;0;0;0;0;0;0;0;0;0
FR;6;2021-11-22;0;0;0;0;0;0;0;0;0;0
FR;6;2021-11-23;0;0;0;0;0;0;0;0;0;0
FR;6;2021-11-24;0;0;0;0;0;0;0;0;0;0
FR;6;2021-11-25;0;0;0;0;0;0;0;0;0;0
FR;6;2021-11-26;0;0;0;0;0;0;0;0;0;0
FR;6;2021-11-27;0;0;0;0;0;0;0;0;0;0
FR;6;2021-11-28;0;0;0;0;0;0;0;0;0;0
FR;6;2021-11-29;0;0;0;0;0;0;0;0;0;0
FR;6;2021-11-30;0;0;0;0;0;0;0;0;0;0
FR;6;2021-12-01;0;0;0;0;0;0;0;0;0;0
FR;6;2021-12-02;0;0;0;0;0;0;0;0;0;0
FR;6;2021-12-03;0;0;0;0;0;0;0;0;0;0
FR;6;2021-12-04;0;0;0;0;0;0;0;0;0;0
FR;6;2021-12-05;0;0;0;0;0;0;0;0;0;0
FR;6;2021-12-06;0;0;0;0;0;0;0;0;0;0
FR;6;2021-12-07;0;0;0;0;0;0;0;0;0;0
FR;6;2021-12-08;0;0;0;0;0;0;0;0;0;0
FR;6;2021-12-09;0;0;0;0;0;0;0;0;0;0
FR;6;2021-12-10;0;0;0;0;0;0;0;0;0;0
FR;6;2021-12-11;0;0;0;0;0;0;0;0;0;0
FR;6;2021-12-12;0;0;0;0;0;0;0;0;0;0
FR;6;2021-12-13;0;0;0;0;0;0;0;0;0;0
FR;6;2021-12-14;0;0;0;0;0;0;0;0;0;0
FR;6;2021-12-15;0;0;0;0;0;0;0;0;0;0
FR;6;2021-12-16;0;0;0;0;0;0;0;0;0;0
FR;6;2021-12-17;0;0;0;0;0;0;0;0;0;0
FR;6;2021-12-18;0;0;0;0;0;0;0;0;0;0
FR;6;2021-12-19;0;0;0;0;0;0;0;0;0;0
FR;6;2021-12-20;0;0;0;0;0;0;0;0;0;0
FR;6;2021-12-21;0;0;0;0;0;0;0;0;0;0
FR;6;2021-12-22;0;0;0;0;0;0;0;0;0;0
FR;6;2021-12-23;0;0;0;0;0;0;0;0;0;0
FR;6;2021-12-24;0;0;0;0;0;0;0;0;0;0
FR;6;2021-12-25;0;0;0;0;0;0;0;0;0;0
FR;6;2021-12-26;0;0;0;0;0;0;0;0;0;0
FR;6;2021-12-27;0;0;0;0;0;0;0;0;0;0
FR;6;2021-12-28;0;0;0;0;0;0;0;0;0;0
FR;6;2021-12-29;0;0;0;0;0;0;0;0;0;0
FR;6;2021-12-30;0;0;0;0;0;0;0;0;0;0
FR;6;2021-12-31;0;0;0;0;0;0;0;0;0;0
FR;6;2022-01-01;0;0;0;0;0;0;0;0;0;0
FR;6;2022-01-02;0;0;0;0;0;0;0;0;0;0
FR;6;2022-01-03;0;0;0;0;0;0;0;0;0;0
FR;6;2022-01-04;0;0;0;0;0;0;0;0;0;0
FR;6;2022-01-05;0;0;0;0;0;0;0;0;0;0
FR;6;2022-01-06;0;0;0;0;0;0;0;0;0;0
FR;6;2022-01-07;0;0;0;0;0;0;0;0;0;0
FR;6;2022-01-08;0;0;0;0;0;0;0;0;0;0
FR;6;2022-01-09;0;0;0;0;0;0;0;0;0;0
FR;6;2022-01-10;0;0;0;0;0;0;0;0;0;0
FR;6;2022-01-11;0;0;0;0;0;0;0;0;0;0
FR;6;2022-01-12;0;0;0;0;0;0;0;0;0;0
FR;6;2022-01-13;0;0;0;0;0;0;0;0;0;0
FR;6;2022-01-14;0;0;0;0;0;0;0;0;0;0
FR;6;2022-01-15;0;0;0;0;0;0;0;0;0;0
FR;6;2022-01-16;0;0;0;0;0;0;0;0;0;0
FR;6;2022-01-17;0;0;0;0;0;0;0;0;0;0
FR;6;2022-01-18;0;0;0;0;0;0;0;0;0;0
FR;6;2022-01-19;0;0;0;0;0;0;0;0;0;0
FR;6;2022-01-20;0;0;0;0;0;0;0;0;0;0
FR;6;2022-01-21;0;0;0;0;0;0;0;0;0;0
FR;6;2022-01-22;0;0;0;0;0;0;0;0;0;0
FR;6;2022-01-23;0;0;0;0;0;0;0;0;0;0
FR;6;2022-01-24;0;0;0;0;0;0;0;0;0;0
FR;6;2022-01-25;0;0;0;0;0;0;0;0;0;0
FR;6;2022-01-26;0;0;0;0;0;0;0;0;0;0
FR;6;2022-01-27;0;0;0;0;0;0;0;0;0;0
FR;6;2022-01-28;0;0;0;0;0;0;0;0;0;0
FR;6;2022-01-29;0;0;0;0;0;0;0;0;0;0
FR;6;2022-01-30;0;0;0;0;0;0;0;0;0;0
FR;6;2022-01-31;0;0;0;0;0;0;0;0;0;0
FR;6;2022-02-01;0;0;0;0;0;0;0;0;0;0
FR;6;2022-02-02;0;0;0;0;0;0;0;0;0;0
FR;6;2022-02-03;0;0;0;0;0;0;0;0;0;0
FR;6;2022-02-04;0;0;0;0;0;0;0;0;0;0
FR;6;2022-02-05;0;0;0;0;0;0;0;0;0;0
FR;6;2022-02-06;0;0;0;0;0;0;0;0;0;0
FR;6;2022-02-07;0;0;0;0;0;0;0;0;0;0
FR;6;2022-02-08;0;0;0;0;0;0;0;0;0;0
FR;6;2022-02-09;0;0;0;0;0;0;0;0;0;0
FR;6;2022-02-10;0;0;0;0;0;0;0;0;0;0
FR;6;2022-02-11;0;0;0;0;0;0;0;0;0;0
FR;6;2022-02-12;0;0;0;0;0;0;0;0;0;0
FR;6;2022-02-13;0;0;0;0;0;0;0;0;0;0
FR;6;2022-02-14;0;0;0;0;0;0;0;0;0;0
FR;6;2022-02-15;0;0;0;0;0;0;0;0;0;0
FR;6;2022-02-16;0;0;0;0;0;0;0;0;0;0
FR;6;2022-02-17;0;0;0;0;0;0;0;0;0;0
FR;6;2022-02-18;0;0;0;0;0;0;0;0;0;0
FR;6;2022-02-19;0;0;0;0;0;0;0;0;0;0
FR;6;2022-02-20;0;0;0;0;0;0;0;0;0;0
FR;6;2022-02-21;0;0;0;0;0;0;0;0;0;0
FR;6;2022-02-22;0;0;0;0;0;0;0;0;0;0
FR;6;2022-02-23;0;0;0;0;0;0;0;0;0;0
FR;6;2022-02-24;0;0;0;0;0;0;0;0;0;0
FR;6;2022-02-25;0;0;0;0;0;0;0;0;0;0
FR;6;2022-02-26;1;0;0;0;0;1;0;0;0;0
FR;6;2022-02-27;0;0;0;0;0;1;0;0;0;0
FR;6;2022-02-28;0;0;0;0;0;1;0;0;0;0
FR;6;2022-03-01;3;0;0;0;0;4;0;0;0;0
FR;6;2022-03-02;97;9;2;0;7;101;9;2;0;7
FR;6;2022-03-03;0;0;0;0;0;101;9;2;0;7
FR;6;2022-03-04;91;4;0;0;4;192;13;2;0;11
FR;6;2022-03-05;391;23;2;0;14;583;36;4;0;25
FR;6;2022-03-06;7;1;0;0;0;590;37;4;0;25
FR;6;2022-03-07;337;19;0;0;13;927;56;4;0;38
FR;6;2022-03-08;230;14;0;0;5;1157;70;4;0;43
FR;6;2022-03-09;519;29;2;0;21;1676;99;6;0;64
FR;6;2022-03-10;206;19;0;1;12;1882;118;6;1;76
FR;6;2022-03-11;328;21;6;0;21;2210;139;12;1;97
FR;6;2022-03-12;518;25;1;0;20;2728;164;13;1;117
FR;6;2022-03-13;40;2;0;0;1;2768;166;13;1;118
FR;6;2022-03-14;201;4;2;0;3;2969;170;15;1;121
FR;6;2022-03-15;112;11;2;0;9;3081;181;17;1;130
FR;6;2022-03-16;310;17;1;1;14;3391;198;18;2;144
FR;6;2022-03-17;117;6;1;2;4;3508;204;19;4;148
FR;6;2022-03-18;215;10;0;0;6;3723;214;19;4;154
FR;6;2022-03-19;307;19;2;0;9;4030;233;21;4;163
FR;6;2022-03-20;15;5;0;0;1;4045;238;21;4;164
FR;6;2022-03-21;132;23;1;0;4;4177;261;22;4;168
FR;6;2022-03-22;97;15;0;0;4;4274;276;22;4;172
FR;6;2022-03-23;226;108;3;0;14;4500;384;25;4;186
FR;6;2022-03-24;100;15;1;3;4;4600;399;26;7;190
FR;6;2022-03-25;203;141;2;1;15;4803;540;28;8;205
FR;6;2022-03-26;331;295;7;1;19;5134;835;35;9;224
FR;6;2022-03-27;32;30;1;0;1;5166;865;36;9;225
FR;6;2022-03-28;200;208;8;1;17;5366;1073;44;10;242
FR;6;2022-03-29;124;189;12;2;12;5490;1262;56;12;254
FR;6;2022-03-30;305;476;10;2;22;5795;1738;66;14;276
FR;6;2022-03-31;123;140;10;0;14;5918;1878;76;14;290
FR;6;2022-04-01;195;150;11;2;23;6113;2028;87;16;313
FR;6;2022-04-02;205;241;9;1;13;6318;2269;96;17;326
FR;6;2022-04-03;17;21;0;0;1;6335;2290;96;17;327
FR;6;2022-04-04;137;114;6;1;9;6472;2404;102;18;336
FR;6;2022-04-05;145;88;15;1;11;6617;2492;117;19;347
FR;6;2022-04-06;204;245;22;26;27;6821;2737;139;45;374
FR;6;2022-04-07;127;96;15;9;17;6948;2833;154;54;391
FR;6;2022-04-08;199;170;16;3;17;7147;3003;170;57;408
FR;6;2022-04-09;145;139;6;12;13;7292;3142;176;69;421
FR;6;2022-04-10;10;20;3;0;1;7302;3162;179;69;422
FR;6;2022-04-11;101;106;4;0;5;7403;3268;183;69;427
FR;6;2022-04-12;136;75;5;8;10;7539;3343;188;77;437
FR;6;2022-04-13;161;175;7;5;13;7700;3518;195;82;450
FR;6;2022-04-14;100;103;5;10;8;7800;3621;200;92;458
FR;6;2022-04-15;159;148;11;7;19;7959;3769;211;99;477
FR;6;2022-04-16;127;132;5;0;14;8086;3901;216;99;491
FR;6;2022-04-17;8;9;4;0;4;8094;3910;220;99;495
FR;6;2022-04-18;8;15;3;0;4;8102;3925;223;99;499
FR;6;2022-04-19;97;112;4;3;3;8199;4037;227;102;502
FR;6;2022-04-20;177;227;8;7;15;8376;4264;235;109;517
FR;6;2022-04-21;111;93;8;4;11;8487;4357;243;113;528
FR;6;2022-04-22;138;160;13;12;13;8625;4517;256;125;541
FR;6;2022-04-23;106;129;1;1;7;8731;4646;257;126;548
FR;6;2022-04-24;5;21;1;0;0;8736;4667;258;126;548
FR;6;2022-04-25;91;128;3;8;11;8827;4795;261;134;559
FR;6;2022-04-26;101;128;18;2;16;8928;4923;279;136;575
FR;6;2022-04-27;197;159;21;1;27;9125;5082;300;137;602
FR;6;2022-04-28;109;87;7;1;8;9234;5169;307;138;610
FR;6;2022-04-29;191;168;16;2;20;9425;5337;323;140;630
FR;6;2022-04-30;133;125;7;1;24;9558;5462;330;141;654
FR;6;2022-05-01;7;6;0;0;0;9565;5468;330;141;654
FR;6;2022-05-02;94;65;3;4;3;9659;5533;333;145;657
FR;6;2022-05-03;136;92;11;2;7;9795;5625;344;147;664
FR;6;2022-05-04;167;118;25;12;29;9962;5743;369;159;693
FR;6;2022-05-05;101;70;8;3;12;10063;5813;377;162;705
FR;6;2022-05-06;152;110;10;9;16;10215;5923;387;171;721
FR;6;2022-05-07;138;93;13;3;23;10353;6016;400;174;744
FR;6;2022-05-08;20;8;6;5;7;10373;6024;406;179;751
FR;6;2022-05-09;86;78;9;7;13;10459;6102;415;186;764
FR;6;2022-05-10;111;80;15;7;12;10570;6182;430;193;776
FR;6;2022-05-11;130;124;11;14;20;10700;6306;441;207;796
FR;6;2022-05-12;105;76;7;5;15;10805;6382;448;212;811
FR;6;2022-05-13;154;95;17;21;20;10959;6477;465;233;831
FR;6;2022-05-14;81;60;6;7;15;11040;6537;471;240;846
FR;6;2022-05-15;12;7;0;0;0;11052;6544;471;240;846
FR;6;2022-05-16;64;54;6;2;12;11116;6598;477;242;858
FR;6;2022-05-17;123;77;5;7;11;11239;6675;482;249;869
FR;6;2022-05-18;131;116;5;1;13;11370;6791;487;250;882
FR;6;2022-05-19;124;57;6;8;9;11494;6848;493;258;891
FR;6;2022-05-20;127;115;13;3;18;11621;6963;506;261;909
FR;6;2022-05-21;92;69;14;3;12;11713;7032;520;264;921
FR;6;2022-05-22;19;12;5;0;4;11732;7044;525;264;925
FR;6;2022-05-23;77;72;4;2;7;11809;7116;529;266;932
FR;6;2022-05-24;116;98;8;2;16;11925;7214;537;268;948
FR;6;2022-05-25;139;129;6;3;11;12064;7343;543;271;959
FR;6;2022-05-26;7;9;3;0;9;12071;7352;546;271;968
FR;6;2022-05-27;127;105;15;11;18;12198;7457;561;282;986
FR;6;2022-05-28;52;75;1;5;8;12250;7532;562;287;994
FR;6;2022-05-29;8;10;0;0;1;12258;7542;562;287;995
FR;6;2022-05-30;70;70;7;4;4;12328;7612;569;291;999
FR;6;2022-05-31;87;102;10;2;14;12415;7714;579;293;1013
FR;6;2022-06-01;97;89;10;1;11;12512;7803;589;294;1024
FR;6;2022-06-02;91;60;6;3;9;12603;7863;595;297;1033
FR;6;2022-06-03;126;102;13;7;21;12729;7965;608;304;1054
FR;6;2022-06-04;63;51;10;0;12;12792;8016;618;304;1066
FR;6;2022-06-05;16;15;2;1;4;12808;8031;620;305;1070
FR;6;2022-06-06;9;6;0;0;0;12817;8037;620;305;1070
FR;6;2022-06-07;79;90;3;4;8;12896;8127;623;309;1078
FR;6;2022-06-08;92;110;13;5;20;12988;8237;636;314;1098
FR;6;2022-06-09;75;81;15;3;15;13063;8318;651;317;1113
FR;6;2022-06-10;116;93;26;10;22;13179;8411;677;327;1135
FR;6;2022-06-11;83;62;6;10;12;13262;8473;683;337;1147
FR;6;2022-06-12;6;14;1;0;2;13268;8487;684;337;1149
FR;6;2022-06-13;74;59;18;1;7;13342;8546;702;338;1156
FR;6;2022-06-14;98;100;8;5;16;13440;8646;710;343;1172
FR;6;2022-06-15;80;85;7;8;15;13520;8731;717;351;1187
FR;6;2022-06-16;53;40;11;7;14;13573;8771;728;358;1201
FR;6;2022-06-17;85;84;3;13;11;13658;8855;731;371;1212
FR;6;2022-06-18;71;60;13;0;21;13729;8915;744;371;1233
FR;6;2022-06-19;6;6;3;0;4;13735;8921;747;371;1237
FR;6;2022-06-20;42;41;4;1;6;13777;8962;751;372;1243
FR;6;2022-06-21;59;73;10;7;17;13836;9035;761;379;1260
FR;6;2022-06-22;86;85;8;2;17;13922;9120;769;381;1277
FR;6;2022-06-23;64;39;13;7;15;13986;9159;782;388;1292
FR;6;2022-06-24;77;85;7;14;20;14063;9244;789;402;1312
FR;6;2022-06-25;67;61;4;3;8;14130;9305;793;405;1320
FR;6;2022-06-26;6;7;1;0;1;14136;9312;794;405;1321
FR;6;2022-06-27;53;50;4;9;12;14189;9362;798;414;1333
FR;6;2022-06-28;68;47;5;3;15;14257;9409;803;417;1348
FR;6;2022-06-29;97;117;26;37;19;14354;9526;829;454;1367
FR;6;2022-06-30;84;59;33;10;12;14438;9585;862;464;1379
FR;6;2022-07-01;113;94;25;33;18;14551;9679;887;497;1397
FR;6;2022-07-02;57;67;26;2;37;14608;9746;913;499;1434
FR;6;2022-07-03;11;4;4;3;4;14619;9750;917;502;1438
FR;6;2022-07-04;61;43;3;23;13;14680;9793;920;525;1451
FR;6;2022-07-05;65;52;19;67;26;14745;9845;939;592;1477
FR;6;2022-07-06;94;64;7;11;12;14839;9909;946;603;1489
FR;6;2022-07-07;93;79;42;37;14;14932;9988;988;640;1503
FR;6;2022-07-08;136;87;42;27;10;15068;10075;1030;667;1513
FR;6;2022-07-09;53;50;16;29;26;15121;10125;1046;696;1539
FR;6;2022-07-10;3;7;8;0;9;15124;10132;1054;696;1548
FR;6;2022-07-11;54;44;5;4;12;15178;10176;1059;700;1560
FR;6;2022-07-12;69;70;12;22;12;15247;10246;1071;722;1572
FR;6;2022-07-13;82;64;14;21;25;15329;10310;1085;743;1597
FR;6;2022-07-14;4;3;1;0;1;15333;10313;1086;743;1598
FR;6;2022-07-15;74;59;9;57;16;15407;10372;1095;800;1614
FR;6;2022-07-16;26;32;17;0;17;15433;10404;1112;800;1631
FR;6;2022-07-17;3;7;0;0;0;15436;10411;1112;800;1631
FR;6;2022-07-18;35;58;8;11;14;15471;10469;1120;811;1645
FR;6;2022-07-19;51;48;4;19;6;15522;10517;1124;830;1651
FR;6;2022-07-20;53;70;7;22;11;15575;10587;1131;852;1662
FR;6;2022-07-21;49;58;4;5;11;15624;10645;1135;857;1673
FR;6;2022-07-22;54;72;6;24;7;15678;10717;1141;881;1680
FR;6;2022-07-23;38;39;6;10;6;15716;10756;1147;891;1686
FR;6;2022-07-24;11;14;1;3;3;15727;10770;1148;894;1689
FR;0;2020-12-27;609;0;0;0;0;609;0;0;0;0
FR;0;2020-12-28;679;1;0;0;0;1288;1;0;0;0
FR;0;2020-12-29;382;0;0;0;0;1670;1;0;0;0
FR;0;2020-12-30;442;0;0;0;0;2112;1;0;0;0
FR;0;2020-12-31;439;1;0;0;0;2551;2;0;0;0
FR;0;2021-01-01;1151;2;0;0;0;3702;4;0;0;0
FR;0;2021-01-02;362;3;0;0;0;4064;7;0;0;0
FR;0;2021-01-03;402;0;0;0;0;4466;7;0;0;0
FR;0;2021-01-04;2103;3;0;0;0;6569;10;0;0;0
FR;0;2021-01-05;7746;3;0;0;0;14315;13;0;0;0
FR;0;2021-01-06;12454;16;0;0;0;26769;29;0;0;0
FR;0;2021-01-07;29459;14;0;0;0;56228;43;0;0;0
FR;0;2021-01-08;37140;15;0;0;0;93368;58;0;0;0
FR;0;2021-01-09;11212;7;0;0;0;104580;65;0;0;0
FR;0;2021-01-10;6003;5;0;0;0;110583;70;0;0;0
FR;0;2021-01-11;39932;20;0;0;0;150515;90;0;0;0
FR;0;2021-01-12;62133;19;0;0;0;212648;109;0;0;0
FR;0;2021-01-13;65116;38;0;0;0;277764;147;0;0;0
FR;0;2021-01-14;83116;130;0;0;0;360880;277;0;0;0
FR;0;2021-01-15;69005;49;0;0;0;429885;326;0;0;0
FR;0;2021-01-16;20213;72;0;0;0;450098;398;0;0;0
FR;0;2021-01-17;10984;50;0;0;0;461082;448;0;0;0
FR;0;2021-01-18;85898;169;0;0;0;546980;617;0;0;0
FR;0;2021-01-19;130595;183;0;0;0;677575;800;0;0;0
FR;0;2021-01-20;137540;187;0;0;0;815115;987;0;0;0
FR;0;2021-01-21;158396;174;0;0;0;973511;1161;0;0;0
FR;0;2021-01-22;121059;226;0;0;0;1094570;1387;0;0;0
FR;0;2021-01-23;38476;69;0;0;0;1133046;1456;0;0;0
FR;0;2021-01-24;9743;96;0;0;0;1142789;1552;0;0;0
FR;0;2021-01-25;78233;1321;0;0;0;1221022;2873;0;0;0
FR;0;2021-01-26;100372;3433;1;0;0;1321394;6306;1;0;0
FR;0;2021-01-27;107237;6054;0;0;0;1428631;12360;1;0;0
FR;0;2021-01-28;124348;15368;0;0;0;1552979;27728;1;0;0
FR;0;2021-01-29;92182;18015;0;0;0;1645161;45743;1;0;0
FR;0;2021-01-30;29121;4398;0;0;0;1674282;50141;1;0;0
FR;0;2021-01-31;5232;1801;0;0;0;1679514;51942;1;0;0
FR;0;2021-02-01;53117;21847;0;0;0;1732631;73789;1;0;0
FR;0;2021-02-02;72299;36468;0;0;0;1804930;110257;1;0;0
FR;0;2021-02-03;72301;38763;0;0;0;1877231;149020;1;0;0
FR;0;2021-02-04;82068;52621;0;0;0;1959299;201641;1;0;0
FR;0;2021-02-05;68227;46659;0;0;0;2027526;248300;1;0;0
FR;0;2021-02-06;23058;10973;0;0;0;2050584;259273;1;0;0
FR;0;2021-02-07;5186;5537;0;0;0;2055770;264810;1;0;0
FR;0;2021-02-08;46833;47509;0;0;0;2102603;312319;1;0;0
FR;0;2021-02-09;66003;75709;0;0;0;2168606;388028;1;0;0
FR;0;2021-02-10;71008;80512;0;0;0;2239614;468540;1;0;0
FR;0;2021-02-11;87269;102510;0;0;0;2326883;571050;1;0;0
FR;0;2021-02-12;79310;75359;0;0;0;2406193;646409;1;0;0
FR;0;2021-02-13;22375;19583;0;0;0;2428568;665992;1;0;0
FR;0;2021-02-14;5075;7352;0;0;0;2433643;673344;1;0;0
FR;0;2021-02-15;38088;76795;0;0;0;2471731;750139;1;0;0
FR;0;2021-02-16;50391;100603;0;0;0;2522122;850742;1;0;0
FR;0;2021-02-17;50524;105511;20;0;0;2572646;956253;21;0;0
FR;0;2021-02-18;69784;121606;0;0;0;2642430;1077859;21;0;0
FR;0;2021-02-19;65061;91486;1;0;0;2707491;1169345;22;0;0
FR;0;2021-02-20;18585;28721;0;0;0;2726076;1198066;22;0;0
FR;0;2021-02-21;3316;6209;0;0;0;2729392;1204275;22;0;0
FR;0;2021-02-22;37495;73353;2;0;0;2766887;1277628;24;0;0
FR;0;2021-02-23;53774;84872;1;0;0;2820661;1362500;25;0;0
FR;0;2021-02-24;60007;82212;1;0;0;2880668;1444712;26;0;0
FR;0;2021-02-25;100574;91410;1;0;0;2981242;1536122;27;0;0
FR;0;2021-02-26;113460;70807;1;0;0;3094702;1606929;28;0;0
FR;0;2021-02-27;52100;22301;1;0;0;3146802;1629230;29;0;0
FR;0;2021-02-28;6192;4227;2;0;0;3152994;1633457;31;0;0
FR;0;2021-03-01;65872;53647;1;0;0;3218866;1687104;32;0;0
FR;0;2021-03-02;101370;66934;3;0;0;3320236;1754038;35;0;0
FR;0;2021-03-03;116509;65485;0;0;0;3436745;1819523;35;0;0
FR;0;2021-03-04;163614;71190;3;0;0;3600359;1890713;38;0;0
FR;0;2021-03-05;200919;62908;3;0;0;3801278;1953621;41;0;0
FR;0;2021-03-06;207952;17646;3;0;0;4009230;1971267;44;0;0
FR;0;2021-03-07;121272;4661;1;0;0;4130502;1975928;45;0;0
FR;0;2021-03-08;107135;50094;2;0;0;4237637;2026022;47;0;0
FR;0;2021-03-09;172445;56369;2;0;0;4410082;2082391;49;0;0
FR;0;2021-03-10;178982;57109;5;0;0;4589064;2139500;54;0;0
FR;0;2021-03-11;242879;63746;2;0;0;4831943;2203246;56;0;0
FR;0;2021-03-12;294805;53448;1;0;0;5126748;2256694;57;0;0
FR;0;2021-03-13;231388;15285;1;0;0;5358136;2271979;58;0;0
FR;0;2021-03-14;63346;3219;1;0;0;5421482;2275198;59;0;0
FR;0;2021-03-15;158643;32002;3;0;0;5580125;2307200;62;0;0
FR;0;2021-03-16;141563;39047;6;0;0;5721688;2346247;68;0;0
FR;0;2021-03-17;150473;37983;4;0;0;5872161;2384230;72;0;0
FR;0;2021-03-18;167820;44440;5;0;0;6039981;2428670;77;0;0
FR;0;2021-03-19;229988;37084;2;0;0;6269969;2465754;79;0;0
FR;0;2021-03-20;166671;11518;1;0;0;6436640;2477272;80;0;0
FR;0;2021-03-21;49934;2342;1;0;0;6486574;2479614;81;0;0
FR;0;2021-03-22;170035;33946;2;0;0;6656609;2513560;83;0;0
FR;0;2021-03-23;250371;42359;1;0;0;6906980;2555919;84;0;0
FR;0;2021-03-24;256890;43628;0;0;0;7163870;2599547;84;0;0
FR;0;2021-03-25;341796;44955;5;0;0;7505666;2644502;89;0;0
FR;0;2021-03-26;358793;41919;5;1;0;7864459;2686421;94;1;0
FR;0;2021-03-27;195254;16844;1;0;0;8059713;2703265;95;1;0
FR;0;2021-03-28;59337;4278;3;0;0;8119050;2707543;98;1;0
FR;0;2021-03-29;202961;53735;4;0;0;8322011;2761278;102;1;0
FR;0;2021-03-30;285463;69862;5;0;0;8607474;2831140;107;1;0
FR;0;2021-03-31;263012;73559;4;0;0;8870486;2904699;111;1;0
FR;0;2021-04-01;315448;90821;11;0;0;9185934;2995520;122;1;0
FR;0;2021-04-02;281319;93649;7;0;0;9467253;3089169;129;1;0
FR;0;2021-04-03;141065;62208;5;0;0;9608318;3151377;134;1;0
FR;0;2021-04-04;46529;18855;2;0;0;9654847;3170232;136;1;0
FR;0;2021-04-05;63329;10664;11;0;0;9718176;3180896;147;1;0
FR;0;2021-04-06;217193;110712;17;0;0;9935369;3291608;164;1;0
FR;0;2021-04-07;260238;115273;17;0;0;10195607;3406881;181;1;0
FR;0;2021-04-08;337809;122222;14;0;0;10533416;3529103;195;1;0
FR;0;2021-04-09;410130;116648;49;0;0;10943546;3645751;244;1;0
FR;0;2021-04-10;212610;82728;15;0;0;11156156;3728479;259;1;0
FR;0;2021-04-11;56140;34324;7;0;0;11212296;3762803;266;1;0
FR;0;2021-04-12;237054;115524;46;0;0;11449350;3878327;312;1;0
FR;0;2021-04-13;309468;144311;98;1;0;11758818;4022638;410;2;0
FR;0;2021-04-14;294501;139390;214;0;0;12053319;4162028;624;2;0
FR;0;2021-04-15;337077;149293;338;0;0;12390396;4311321;962;2;0
FR;0;2021-04-16;339270;146281;353;0;0;12729666;4457602;1315;2;0
FR;0;2021-04-17;188648;89968;109;0;0;12918314;4547570;1424;2;0
FR;0;2021-04-18;51614;35381;47;0;0;12969928;4582951;1471;2;0
FR;0;2021-04-19;205673;138166;456;0;0;13175601;4721117;1927;2;0
FR;0;2021-04-20;254400;171221;569;0;0;13430001;4892338;2496;2;0
FR;0;2021-04-21;253240;169365;835;0;0;13683241;5061703;3331;2;0
FR;0;2021-04-22;287540;189267;817;0;0;13970781;5250970;4148;2;0
FR;0;2021-04-23;297843;183774;747;0;0;14268624;5434744;4895;2;0
FR;0;2021-04-24;190440;111714;252;0;0;14459064;5546458;5147;2;0
FR;0;2021-04-25;69554;38779;51;0;0;14528618;5585237;5198;2;0
FR;0;2021-04-26;220935;157140;561;0;0;14749553;5742377;5759;2;0
FR;0;2021-04-27;284588;187549;940;0;0;15034141;5929926;6699;2;0
FR;0;2021-04-28;299479;183730;1424;1;1;15333620;6113656;8123;3;1
FR;0;2021-04-29;357107;197091;1277;0;0;15690727;6310747;9400;3;1
FR;0;2021-04-30;372186;185238;1121;1;0;16062913;6495985;10521;4;1
FR;0;2021-05-01;167628;52492;178;0;0;16230541;6548477;10699;4;1
FR;0;2021-05-02;91728;37773;83;0;0;16322269;6586250;10782;4;1
FR;0;2021-05-03;288899;167374;842;0;0;16611168;6753624;11624;4;1
FR;0;2021-05-04;315648;224792;1232;0;0;16926816;6978416;12856;4;1
FR;0;2021-05-05;327171;225402;1313;0;0;17253987;7203818;14169;4;1
FR;0;2021-05-06;379492;239996;1632;0;0;17633479;7443814;15801;4;1
FR;0;2021-05-07;372729;257803;1222;0;0;18006208;7701617;17023;4;1
FR;0;2021-05-08;222154;69018;299;0;0;18228362;7770635;17322;4;1
FR;0;2021-05-09;129695;45757;243;0;0;18358057;7816392;17565;4;1
FR;0;2021-05-10;313366;229059;1234;0;0;18671423;8045451;18799;4;1
FR;0;2021-05-11;403874;257929;1564;0;0;19075297;8303380;20363;4;1
FR;0;2021-05-12;434088;233344;1542;0;0;19509385;8536724;21905;4;1
FR;0;2021-05-13;338583;56761;431;0;0;19847968;8593485;22336;4;1
FR;0;2021-05-14;454098;167379;1126;0;0;20302066;8760864;23462;4;1
FR;0;2021-05-15;374959;94173;443;0;0;20677025;8855037;23905;4;1
FR;0;2021-05-16;202744;20718;168;0;0;20879769;8875755;24073;4;1
FR;0;2021-05-17;376102;148775;1553;0;0;21255871;9024530;25626;4;1
FR;0;2021-05-18;460115;153483;1988;0;0;21715986;9178013;27614;4;1
FR;0;2021-05-19;467376;143862;2459;0;0;22183362;9321875;30073;4;1
FR;0;2021-05-20;507498;160286;2335;0;0;22690860;9482161;32408;4;1
FR;0;2021-05-21;489641;174718;1992;0;0;23180501;9656879;34400;4;1
FR;0;2021-05-22;347174;79966;668;0;0;23527675;9736845;35068;4;1
FR;0;2021-05-23;161685;14301;246;0;0;23689360;9751146;35314;4;1
FR;0;2021-05-24;263178;33190;604;0;0;23952538;9784336;35918;4;1
FR;0;2021-05-25;400260;189767;2351;1;0;24352798;9974103;38269;5;1
FR;0;2021-05-26;413437;189409;2221;0;0;24766235;10163512;40490;5;1
FR;0;2021-05-27;449777;219192;2160;0;0;25216012;10382704;42650;5;1
FR;0;2021-05-28;429529;260051;1891;0;0;25645541;10642755;44541;5;1
FR;0;2021-05-29;298970;149793;584;0;0;25944511;10792548;45125;5;1
FR;0;2021-05-30;107137;32562;163;0;0;26051648;10825110;45288;5;1
FR;0;2021-05-31;358014;203336;1468;1;1;26409662;11028446;46756;6;2
FR;0;2021-06-01;430972;251346;1961;1;1;26840634;11279792;48717;7;3
FR;0;2021-06-02;420074;231334;1983;0;0;27260708;11511126;50700;7;3
FR;0;2021-06-03;465566;258225;1823;0;0;27726274;11769351;52523;7;3
FR;0;2021-06-04;456158;305152;1731;1;1;28182432;12074503;54254;8;4
FR;0;2021-06-05;304786;189175;652;0;0;28487218;12263678;54906;8;4
FR;0;2021-06-06;133292;49059;226;0;0;28620510;12312737;55132;8;4
FR;0;2021-06-07;339725;261799;1524;0;0;28960235;12574536;56656;8;4
FR;0;2021-06-08;393758;290947;1803;0;0;29353993;12865483;58459;8;4
FR;0;2021-06-09;384794;274827;1729;0;0;29738787;13140310;60188;8;4
FR;0;2021-06-10;404130;288323;1722;1;0;30142917;13428633;61910;9;4
FR;0;2021-06-11;386615;356859;1467;0;0;30529532;13785492;63377;9;4
FR;0;2021-06-12;283242;211109;493;0;0;30812774;13996601;63870;9;4
FR;0;2021-06-13;104879;73899;204;0;0;30917653;14070500;64074;9;4
FR;0;2021-06-14;240817;354877;1426;1;0;31158470;14425377;65500;10;4
FR;0;2021-06-15;308110;385139;1567;1;0;31466580;14810516;67067;11;4
FR;0;2021-06-16;313953;357537;1417;1;0;31780533;15168053;68484;12;4
FR;0;2021-06-17;317645;372683;1426;1;0;32098178;15540736;69910;13;4
FR;0;2021-06-18;321721;442564;1336;1;0;32419899;15983300;71246;14;4
FR;0;2021-06-19;224335;273831;448;0;0;32644234;16257131;71694;14;4
FR;0;2021-06-20;74417;102472;126;0;0;32718651;16359603;71820;14;4
FR;0;2021-06-21;195730;401771;1035;1;1;32914381;16761374;72855;15;5
FR;0;2021-06-22;223170;467437;1264;10;2;33137551;17228811;74119;25;7
FR;0;2021-06-23;234003;439947;1197;1;1;33371554;17668758;75316;26;8
FR;0;2021-06-24;241844;409548;1353;0;0;33613398;18078306;76669;26;8
FR;0;2021-06-25;227617;522551;1400;0;0;33841015;18600857;78069;26;8
FR;0;2021-06-26;153230;370801;586;1;0;33994245;18971658;78655;27;8
FR;0;2021-06-27;55893;156118;168;1;0;34050138;19127776;78823;28;8
FR;0;2021-06-28;154747;452741;1173;0;0;34204885;19580517;79996;28;8
FR;0;2021-06-29;182663;507142;2124;0;0;34387548;20087659;82120;28;8
FR;0;2021-06-30;203977;484578;2011;21;2;34591525;20572237;84131;49;10
FR;0;2021-07-01;231297;458052;2222;5;1;34822822;21030289;86353;54;11
FR;0;2021-07-02;228557;520130;2120;5;2;35051379;21550419;88473;59;13
FR;0;2021-07-03;142036;368726;908;3;1;35193415;21919145;89381;62;14
FR;0;2021-07-04;56733;141145;265;0;0;35250148;22060290;89646;62;14
FR;0;2021-07-05;168464;419106;1668;8;2;35418612;22479396;91314;70;16
FR;0;2021-07-06;196721;474656;1828;45;8;35615333;22954052;93142;115;24
FR;0;2021-07-07;213111;439168;1878;25;4;35828444;23393220;95020;140;28
FR;0;2021-07-08;231605;424146;2089;20;6;36060049;23817366;97109;160;34
FR;0;2021-07-09;228553;511026;2184;4;2;36288602;24328392;99293;164;36
FR;0;2021-07-10;148594;339899;982;1;1;36437196;24668291;100275;165;37
FR;0;2021-07-11;60182;110124;283;0;0;36497378;24778415;100558;165;37
FR;0;2021-07-12;169160;478090;1759;4;0;36666538;25256505;102317;169;37
FR;0;2021-07-13;287227;527179;2045;8;1;36953765;25783684;104362;177;38
FR;0;2021-07-14;181043;157580;434;0;0;37134808;25941264;104796;177;38
FR;0;2021-07-15;347051;502202;2099;1;0;37481859;26443466;106895;178;38
FR;0;2021-07-16;380056;495578;2022;3;1;37861915;26939044;108917;181;39
FR;0;2021-07-17;259706;319718;876;1;0;38121621;27258762;109793;182;39
FR;0;2021-07-18;109690;114673;310;0;0;38231311;27373435;110103;182;39
FR;0;2021-07-19;285426;424645;1629;3;0;38516737;27798080;111732;185;39
FR;0;2021-07-20;376866;452020;1723;0;0;38893603;28250100;113455;185;39
FR;0;2021-07-21;395742;407532;1549;4;2;39289345;28657632;115004;189;41
FR;0;2021-07-22;441002;387843;1715;4;2;39730347;29045475;116719;193;43
FR;0;2021-07-23;440273;422809;1882;4;1;40170620;29468284;118601;197;44
FR;0;2021-07-24;285231;269467;804;1;0;40455851;29737751;119405;198;44
FR;0;2021-07-25;121076;79990;233;0;0;40576927;29817741;119638;198;44
FR;0;2021-07-26;347319;322813;1614;3;2;40924246;30140554;121252;201;46
FR;0;2021-07-27;463973;319937;1696;4;2;41388219;30460491;122948;205;48
FR;0;2021-07-28;459365;289714;1635;4;2;41847584;30750205;124583;209;50
FR;0;2021-07-29;489735;276634;1794;2;0;42337319;31026839;126377;211;50
FR;0;2021-07-30;461714;302688;1940;5;1;42799033;31329527;128317;216;51
FR;0;2021-07-31;285366;185079;914;1;0;43084399;31514606;129231;217;51
FR;0;2021-08-01;111974;49965;252;0;0;43196373;31564571;129483;217;51
FR;0;2021-08-02;341314;234427;1602;2;0;43537687;31798998;131085;219;51
FR;0;2021-08-03;398535;244803;1720;2;1;43936222;32043801;132805;221;52
FR;0;2021-08-04;384743;209923;1592;6;3;44320965;32253724;134397;227;55
FR;0;2021-08-05;366081;228721;1710;0;0;44687046;32482445;136107;227;55
FR;0;2021-08-06;359634;271576;1835;4;1;45046680;32754021;137942;231;56
FR;0;2021-08-07;213078;178368;755;4;3;45259758;32932389;138697;235;59
FR;0;2021-08-08;74157;63225;274;0;0;45333915;32995614;138971;235;59
FR;0;2021-08-09;258658;259217;1546;4;3;45592573;33254831;140517;239;62
FR;0;2021-08-10;306769;277662;1659;2;1;45899342;33532493;142176;241;63
FR;0;2021-08-11;279645;259960;1441;5;1;46178987;33792453;143617;246;64
FR;0;2021-08-12;271475;278441;1662;3;1;46450462;34070894;145279;249;65
FR;0;2021-08-13;252092;278061;1591;3;2;46702554;34348955;146870;252;67
FR;0;2021-08-14;145310;197207;739;0;0;46847864;34546162;147609;252;67
FR;0;2021-08-15;39339;50111;216;1;0;46887203;34596273;147825;253;67
FR;0;2021-08-16;186112;317941;1539;0;0;47073315;34914214;149364;253;67
FR;0;2021-08-17;215620;336274;1636;7;1;47288935;35250488;151000;260;68
FR;0;2021-08-18;198990;324650;1597;7;4;47487925;35575138;152597;267;72
FR;0;2021-08-19;191962;325637;1637;1;0;47679887;35900775;154234;268;72
FR;0;2021-08-20;186401;366411;1817;3;2;47866288;36267186;156051;271;74
FR;0;2021-08-21;104779;238114;705;0;0;47971067;36505300;156756;271;74
FR;0;2021-08-22;31901;87202;255;1;1;48002968;36592502;157011;272;75
FR;0;2021-08-23;140926;357169;1561;3;1;48143894;36949671;158572;275;76
FR;0;2021-08-24;162440;376820;1848;5;1;48306334;37326491;160420;280;77
FR;0;2021-08-25;151097;350843;2033;8;3;48457431;37677334;162453;288;80
FR;0;2021-08-26;142808;342845;2559;10;0;48600239;38020179;165012;298;80
FR;0;2021-08-27;148402;388292;2791;11;3;48748641;38408471;167803;309;83
FR;0;2021-08-28;90641;249597;1404;0;0;48839282;38658068;169207;309;83
FR;0;2021-08-29;27309;83351;518;1;0;48866591;38741419;169725;310;83
FR;0;2021-08-30;117355;324822;4709;6;5975;48983946;39066241;174434;316;6058
FR;0;2021-08-31;128732;334563;10185;19;11834;49112678;39400804;184619;335;17892
FR;0;2021-09-01;135951;285712;22428;7;24371;49248629;39686516;207047;342;42263
FR;0;2021-09-02;113910;247285;26512;20;28934;49362539;39933801;233559;362;71197
FR;0;2021-09-03;118259;292719;29962;24;33015;49480798;40226520;263521;386;104212
FR;0;2021-09-04;89874;217766;12585;12;14111;49570672;40444286;276106;398;118323
FR;0;2021-09-05;21352;44835;4394;2;4723;49592024;40489121;280500;400;123046
FR;0;2021-09-06;75388;180695;31950;16;34288;49667412;40669816;312450;416;157334
FR;0;2021-09-07;80253;181266;33241;43;36218;49747665;40851082;345691;459;193552
FR;0;2021-09-08;90868;206148;29659;28;32518;49838533;41057230;375350;487;226070
FR;0;2021-09-09;76845;165395;33054;27;36570;49915378;41222625;408404;514;262640
FR;0;2021-09-10;95907;203744;35732;28;40593;50011285;41426369;444136;542;303233
FR;0;2021-09-11;67095;169274;12137;19;14369;50078380;41595643;456273;561;317602
FR;0;2021-09-12;12820;32094;2774;1;3175;50091200;41627737;459047;562;320777
FR;0;2021-09-13;64492;126270;41221;34;44140;50155692;41754007;500268;596;364917
FR;0;2021-09-14;73415;129113;56358;79;62201;50229107;41883120;556626;675;427118
FR;0;2021-09-15;76548;167848;55651;58;54823;50305655;42050968;612277;733;481941
FR;0;2021-09-16;63811;114553;60058;84;60068;50369466;42165521;672335;817;542009
FR;0;2021-09-17;75017;156841;53844;71;57280;50444483;42322362;726179;888;599289
FR;0;2021-09-18;48208;139617;15600;25;17301;50492691;42461979;741779;913;616590
FR;0;2021-09-19;7876;23689;2436;1;2617;50500567;42485668;744215;914;619207
FR;0;2021-09-20;44505;93888;50070;72;50317;50545072;42579556;794285;986;669524
FR;0;2021-09-21;45857;98446;62750;76;63421;50590929;42678002;857035;1062;732945
FR;0;2021-09-22;48647;142375;55361;82;55391;50639576;42820377;912396;1144;788336
FR;0;2021-09-23;43224;92057;62376;94;63519;50682800;42912434;974772;1238;851855
FR;0;2021-09-24;52266;133345;54542;107;59154;50735066;43045779;1029314;1345;911009
FR;0;2021-09-25;35206;115604;16268;36;18283;50770272;43161383;1045582;1381;929292
FR;0;2021-09-26;5537;17807;2268;5;2333;50775809;43179190;1047850;1386;931625
FR;0;2021-09-27;33946;76959;47189;97;48152;50809755;43256149;1095039;1483;979777
FR;0;2021-09-28;36484;75268;54951;89;56506;50846239;43331417;1149990;1572;1036283
FR;0;2021-09-29;44372;100823;53338;112;54846;50890611;43432240;1203328;1684;1091129
FR;0;2021-09-30;36299;72917;57031;96;59537;50926910;43505157;1260359;1780;1150666
FR;0;2021-10-01;61668;102067;57796;108;63860;50988578;43607224;1318155;1888;1214526
FR;0;2021-10-02;39448;78415;20959;39;23344;51028026;43685639;1339114;1927;1237870
FR;0;2021-10-03;5282;10503;2528;4;2538;51033308;43696142;1341642;1931;1240408
FR;0;2021-10-04;35121;58536;52616;84;54814;51068429;43754678;1394258;2015;1295222
FR;0;2021-10-05;33831;64349;60998;135;64987;51102260;43819027;1455256;2150;1360209
FR;0;2021-10-06;42675;79319;65733;113;68300;51144935;43898346;1520989;2263;1428509
FR;0;2021-10-07;30501;62230;65415;90;68777;51175436;43960576;1586404;2353;1497286
FR;0;2021-10-08;49365;91878;77742;110;84688;51224801;44052454;1664146;2463;1581974
FR;0;2021-10-09;33643;60933;31535;35;33902;51258444;44113387;1695681;2498;1615876
FR;0;2021-10-10;4696;7449;3192;9;3487;51263140;44120836;1698873;2507;1619363
FR;0;2021-10-11;30680;49900;61037;105;64071;51293820;44170736;1759910;2612;1683434
FR;0;2021-10-12;31574;54466;70598;140;75925;51325394;44225202;1830508;2752;1759359
FR;0;2021-10-13;40084;62831;74416;136;79309;51365478;44288033;1904924;2888;1838668
FR;0;2021-10-14;30295;52889;68745;116;73794;51395773;44340922;1973669;3004;1912462
FR;0;2021-10-15;44858;75283;93231;191;102964;51440631;44416205;2066900;3195;2015426
FR;0;2021-10-16;31297;44115;36688;44;39625;51471928;44460320;2103588;3239;2055051
FR;0;2021-10-17;3837;5248;3592;2;3684;51475765;44465568;2107180;3241;2058735
FR;0;2021-10-18;28798;42435;67486;133;71353;51504563;44508003;2174666;3374;2130088
FR;0;2021-10-19;27144;45557;76397;140;81621;51531707;44553560;2251063;3514;2211709
FR;0;2021-10-20;35276;52468;96933;181;101513;51566983;44606028;2347996;3695;2313222
FR;0;2021-10-21;26059;45195;83948;112;89144;51593042;44651223;2431944;3807;2402366
FR;0;2021-10-22;38365;62466;104884;200;112562;51631407;44713689;2536828;4007;2514928
FR;0;2021-10-23;26995;41225;45451;57;48616;51658402;44754914;2582279;4064;2563544
FR;0;2021-10-24;2915;4784;3680;6;3931;51661317;44759698;2585959;4070;2567475
FR;0;2021-10-25;25999;36284;82322;144;86638;51687316;44795982;2668281;4214;2654113
FR;0;2021-10-26;23709;35068;87236;166;92344;51711025;44831050;2755517;4380;2746457
FR;0;2021-10-27;30062;46394;108993;257;114672;51741087;44877444;2864510;4637;2861129
FR;0;2021-10-28;23572;34971;88690;153;94453;51764659;44912415;2953200;4790;2955582
FR;0;2021-10-29;31558;51491;117308;204;125326;51796217;44963906;3070508;4994;3080908
FR;0;2021-10-30;20547;33228;50339;76;53376;51816764;44997134;3120847;5070;3134284
FR;0;2021-10-31;2486;3740;3588;3;3876;51819250;45000874;3124435;5073;3138160
FR;0;2021-11-01;8389;4864;3210;3;3573;51827639;45005738;3127645;5076;3141733
FR;0;2021-11-02;25704;40112;93570;156;99546;51853343;45045850;3221215;5232;3241279
FR;0;2021-11-03;30047;47992;118872;218;125845;51883390;45093842;3340087;5450;3367124
FR;0;2021-11-04;23761;37531;107551;217;114394;51907151;45131373;3447638;5667;3481518
FR;0;2021-11-05;32339;52991;141627;235;151343;51939490;45184364;3589265;5902;3632861
FR;0;2021-11-06;21512;34587;64870;123;68287;51961002;45218951;3654135;6025;3701148
FR;0;2021-11-07;2393;4194;5187;6;5589;51963395;45223145;3659322;6031;3706737
FR;0;2021-11-08;20575;37804;127181;227;134276;51983970;45260949;3786503;6258;3841013
FR;0;2021-11-09;22382;44789;161669;339;172225;52006352;45305738;3948172;6597;4013238
FR;0;2021-11-10;31549;55074;186984;446;198770;52037901;45360812;4135156;7043;4212008
FR;0;2021-11-11;4593;6755;12956;28;13948;52042494;45367567;4148112;7071;4225956
FR;0;2021-11-12;29058;55165;183761;252;197351;52071552;45422732;4331873;7323;4423307
FR;0;2021-11-13;20338;32691;80690;118;86315;52091890;45455423;4412563;7441;4509622
FR;0;2021-11-14;2351;3897;7171;6;7853;52094241;45459320;4419734;7447;4517475
FR;0;2021-11-15;20460;38713;160831;313;171541;52114701;45498033;4580565;7760;4689016
FR;0;2021-11-16;23599;44008;200389;391;214999;52138300;45542041;4780954;8151;4904015
FR;0;2021-11-17;30482;50414;199832;406;212862;52168782;45592455;4980786;8557;5116877
FR;0;2021-11-18;23417;45387;191649;469;205517;52192199;45637842;5172435;9026;5322394
FR;0;2021-11-19;33657;61448;243193;549;262162;52225856;45699290;5415628;9575;5584556
FR;0;2021-11-20;25396;36719;102148;206;109706;52251252;45736009;5517776;9781;5694262
FR;0;2021-11-21;2634;4533;9648;19;10639;52253886;45740542;5527424;9800;5704901
FR;0;2021-11-22;22789;33318;180358;470;194841;52276675;45773860;5707782;10270;5899742
FR;0;2021-11-23;25700;45654;229354;548;247803;52302375;45819514;5937136;10818;6147545
FR;0;2021-11-24;31790;53799;224780;715;243202;52334165;45873313;6161916;11533;6390747
FR;0;2021-11-25;25480;49191;255905;740;277719;52359645;45922504;6417821;12273;6668466
FR;0;2021-11-26;33229;74929;379461;864;414605;52392874;45997433;6797282;13137;7083071
FR;0;2021-11-27;23441;49721;214892;389;236658;52416315;46047154;7012174;13526;7319729
FR;0;2021-11-28;3502;10551;56749;66;63332;52419817;46057705;7068923;13592;7383061
FR;0;2021-11-29;19404;54210;341445;862;371674;52439221;46111915;7410368;14454;7754735
FR;0;2021-11-30;24740;72108;457363;988;500738;52463961;46184023;7867731;15442;8255473
FR;0;2021-12-01;27280;75907;469072;1159;511322;52491241;46259930;8336803;16601;8766795
FR;0;2021-12-02;22067;71893;527076;1280;574830;52513308;46331823;8863879;17881;9341625
FR;0;2021-12-03;25529;92776;596345;1419;651145;52538837;46424599;9460224;19300;9992770
FR;0;2021-12-04;18308;60557;336205;690;369760;52557145;46485156;9796429;19990;10362530
FR;0;2021-12-05;4150;16222;95771;157;107056;52561295;46501378;9892200;20147;10469586
FR;0;2021-12-06;27434;73068;493114;1173;539923;52588729;46574446;10385314;21320;11009509
FR;0;2021-12-07;23511;91628;645340;1772;706280;52612240;46666074;11030654;23092;11715789
FR;0;2021-12-08;25471;92362;591539;1873;647460;52637711;46758436;11622193;24965;12363249
FR;0;2021-12-09;24044;94296;663062;2180;726346;52661755;46852732;12285255;27145;13089595
FR;0;2021-12-10;28039;111265;736022;2075;806150;52689794;46963997;13021277;29220;13895745
FR;0;2021-12-11;20243;76168;435165;987;480373;52710037;47040165;13456442;30207;14376118
FR;0;2021-12-12;5630;23258;142287;262;159214;52715667;47063423;13598729;30469;14535332
FR;0;2021-12-13;21333;91189;587606;1698;649244;52737000;47154612;14186335;32167;15184576
FR;0;2021-12-14;27884;118716;765491;2652;847481;52764884;47273328;14951826;34819;16032057
FR;0;2021-12-15;28401;114550;694289;2265;769054;52793285;47387878;15646115;37084;16801111
FR;0;2021-12-16;28012;116069;763982;2559;844392;52821297;47503947;16410097;39643;17645503
FR;0;2021-12-17;31610;128824;807831;2709;892045;52852907;47632771;17217928;42352;18537548
FR;0;2021-12-18;24928;81733;469948;1178;522200;52877835;47714504;17687876;43530;19059748
FR;0;2021-12-19;8754;28769;169374;376;191104;52886589;47743273;17857250;43906;19250852
FR;0;2021-12-20;31716;97554;591442;1786;658725;52918305;47840827;18448692;45692;19909577
FR;0;2021-12-21;39428;112358;682376;2389;759556;52957733;47953185;19131068;48081;20669133
FR;0;2021-12-22;39511;99640;575724;2168;642125;52997244;48052825;19706792;50249;21311258
FR;0;2021-12-23;33766;79777;440962;1654;494380;53031010;48132602;20147754;51903;21805638
FR;0;2021-12-24;10682;26158;111012;398;126665;53041692;48158760;20258766;52301;21932303
FR;0;2021-12-25;771;3542;7584;25;9030;53042463;48162302;20266350;52326;21941333
FR;0;2021-12-26;4697;11898;52092;142;60139;53047160;48174200;20318442;52468;22001472
FR;0;2021-12-27;30441;84123;453520;1365;509147;53077601;48258323;20771962;53833;22510619
FR;0;2021-12-28;38352;99108;564133;1769;632230;53115953;48357431;21336095;55602;23142849
FR;0;2021-12-29;39863;88473;501166;1687;560974;53155816;48445904;21837261;57289;23703823
FR;0;2021-12-30;35911;75324;420999;1520;471136;53191727;48521228;22258260;58809;24174959
FR;0;2021-12-31;12043;25187;116857;405;131655;53203770;48546415;22375117;59214;24306614
FR;0;2022-01-01;1467;3215;8511;37;9942;53205237;48549630;22383628;59251;24316556
FR;0;2022-01-02;6091;12998;58411;125;66940;53211328;48562628;22442039;59376;24383496
FR;0;2022-01-03;35589;90263;494783;1593;551640;53246917;48652891;22936822;60969;24935136
FR;0;2022-01-04;41628;111104;641337;2306;714315;53288545;48763995;23578159;63275;25649451
FR;0;2022-01-05;60736;103584;569117;1984;634126;53349281;48867579;24147276;65259;26283577
FR;0;2022-01-06;44204;110410;638943;2695;711425;53393485;48977989;24786219;67954;26995002
FR;0;2022-01-07;50802;123370;710958;2807;790439;53444287;49101359;25497177;70761;27785441
FR;0;2022-01-08;44996;80354;423797;1211;472879;53489283;49181713;25920974;71972;28258320
FR;0;2022-01-09;15598;26659;128554;300;145680;53504881;49208372;26049528;72272;28404000
FR;0;2022-01-10;35307;93301;469257;1810;522708;53540188;49301673;26518785;74082;28926708
FR;0;2022-01-11;41799;100571;548193;2306;608450;53581987;49402244;27066978;76388;29535158
FR;0;2022-01-12;60315;95761;452628;1966;504309;53642302;49498005;27519606;78354;30039467
FR;0;2022-01-13;38182;92578;487312;2084;541010;53680484;49590583;28006918;80438;30580477
FR;0;2022-01-14;42545;103403;568544;2287;628972;53723029;49693986;28575462;82725;31209449
FR;0;2022-01-15;39380;65892;340116;985;377565;53762409;49759878;28915578;83710;31587014
FR;0;2022-01-16;11392;19255;87408;216;99434;53773801;49779133;29002986;83926;31686448
FR;0;2022-01-17;24703;60143;320255;1380;354169;53798504;49839276;29323241;85306;32040617
FR;0;2022-01-18;28268;68745;361040;1800;397527;53826772;49908021;29684281;87106;32438144
FR;0;2022-01-19;43182;67125;281252;1451;311064;53869954;49975146;29965533;88557;32749208
FR;0;2022-01-20;23589;59657;298961;1740;328473;53893543;50034803;30264494;90297;33077681
FR;0;2022-01-21;28176;68926;366328;2087;401164;53921719;50103729;30630822;92384;33478845
FR;0;2022-01-22;27618;47996;218775;839;241754;53949337;50151725;30849597;93223;33720599
FR;0;2022-01-23;6709;13010;48663;172;55176;53956046;50164735;30898260;93395;33775775
FR;0;2022-01-24;16259;47510;217273;1138;239326;53972305;50212245;31115533;94533;34015101
FR;0;2022-01-25;19007;54425;243007;1548;267052;53991312;50266670;31358540;96081;34282153
FR;0;2022-01-26;28142;60401;209250;1297;229422;54019454;50327071;31567790;97378;34511575
FR;0;2022-01-27;16315;46243;207617;1273;225891;54035769;50373314;31775407;98651;34737466
FR;0;2022-01-28;21561;77603;290026;1574;321430;54057330;50450917;32065433;100225;35058896
FR;0;2022-01-29;18411;52827;184109;688;204574;54075741;50503744;32249542;100913;35263470
FR;0;2022-01-30;4468;14513;39135;124;45093;54080209;50518257;32288677;101037;35308563
FR;0;2022-01-31;11247;43878;148182;739;164786;54091456;50562135;32436859;101776;35473349
FR;0;2022-02-01;13358;48321;174095;1142;191387;54104814;50610456;32610954;102918;35664736
FR;0;2022-02-02;20381;66316;171504;1033;190148;54125195;50676772;32782458;103951;35854884
FR;0;2022-02-03;11394;44577;157526;988;173317;54136589;50721349;32939984;104939;36028201
FR;0;2022-02-04;14607;66528;239220;1265;264166;54151196;50787877;33179204;106204;36292367
FR;0;2022-02-05;12887;51492;153533;523;172335;54164083;50839369;33332737;106727;36464702
FR;0;2022-02-06;2713;12199;28879;101;33829;54166796;50851568;33361616;106828;36498531
FR;0;2022-02-07;9515;46731;156844;586;176316;54176311;50898299;33518460;107414;36674847
FR;0;2022-02-08;9691;42982;166581;867;184367;54186002;50941281;33685041;108281;36859214
FR;0;2022-02-09;14290;58153;172325;870;193021;54200292;50999434;33857366;109151;37052235
FR;0;2022-02-10;8574;38820;150202;877;166670;54208866;51038254;34007568;110028;37218905
FR;0;2022-02-11;10848;55613;218461;1100;243049;54219714;51093867;34226029;111128;37461954
FR;0;2022-02-12;8374;40921;134708;461;151729;54228088;51134788;34360737;111589;37613683
FR;0;2022-02-13;1898;8593;26557;85;30916;54229986;51143381;34387294;111674;37644599
FR;0;2022-02-14;6965;35198;148348;482;166342;54236951;51178579;34535642;112156;37810941
FR;0;2022-02-15;6960;36020;146947;751;162523;54243911;51214599;34682589;112907;37973464
FR;0;2022-02-16;9363;42900;132512;719;146730;54253274;51257499;34815101;113626;38120194
FR;0;2022-02-17;5508;24247;87272;585;94838;54258782;51281746;34902373;114211;38215032
FR;0;2022-02-18;6978;33524;119627;804;129293;54265760;51315270;35022000;115015;38344325
FR;0;2022-02-19;5364;24532;70019;370;77326;54271124;51339802;35092019;115385;38421651
FR;0;2022-02-20;1143;4644;12161;39;13936;54272267;51344446;35104180;115424;38435587
FR;0;2022-02-21;4081;17870;61935;351;67164;54276348;51362316;35166115;115775;38502751
FR;0;2022-02-22;4435;18614;60805;575;64439;54280783;51380930;35226920;116350;38567190
FR;0;2022-02-23;6557;27314;66484;591;71884;54287340;51408244;35293404;116941;38639074
FR;0;2022-02-24;3807;15437;50409;517;53232;54291147;51423681;35343813;117458;38692306
FR;0;2022-02-25;5268;23917;76322;803;80051;54296415;51447598;35420135;118261;38772357
FR;0;2022-02-26;3983;17758;47398;359;51463;54300398;51465356;35467533;118620;38823820
FR;0;2022-02-27;876;3000;8028;47;8939;54301274;51468356;35475561;118667;38832759
FR;0;2022-02-28;3106;12495;40467;357;42900;54304380;51480851;35516028;119024;38875659
FR;0;2022-03-01;3698;12488;44171;435;44833;54308078;51493339;35560199;119459;38920492
FR;0;2022-03-02;5233;17699;47112;442;49042;54313311;51511038;35607311;119901;38969534
FR;0;2022-03-03;2746;9264;29865;366;29981;54316057;51520302;35637176;120267;38999515
FR;0;2022-03-04;3204;12349;40285;663;39432;54319261;51532651;35677461;120930;39038947
FR;0;2022-03-05;3065;9252;24945;310;25103;54322326;51541903;35702406;121240;39064050
FR;0;2022-03-06;515;1393;3194;43;3437;54322841;51543296;35705600;121283;39067487
FR;0;2022-03-07;2224;5572;18417;315;17684;54325065;51548868;35724017;121598;39085171
FR;0;2022-03-08;2044;6014;19425;359;17891;54327109;51554882;35743442;121957;39103062
FR;0;2022-03-09;3508;10444;22171;405;21263;54330617;51565326;35765613;122362;39124325
FR;0;2022-03-10;1737;5542;16966;342;15790;54332354;51570868;35782579;122704;39140115
FR;0;2022-03-11;2361;7521;24486;539;22248;54334715;51578389;35807065;123243;39162363
FR;0;2022-03-12;2659;6766;17157;306;16511;54337374;51585155;35824222;123549;39178874
FR;0;2022-03-13;390;785;2318;147;2268;54337764;51585940;35826540;123696;39181142
FR;0;2022-03-14;1505;4232;14960;4407;13813;54339269;51590172;35841500;128103;39194955
FR;0;2022-03-15;1644;5171;16344;7550;14518;54340913;51595343;35857844;135653;39209473
FR;0;2022-03-16;2980;7256;19405;13130;18074;54343893;51602599;35877249;148783;39227547
FR;0;2022-03-17;1405;3903;13124;10841;11969;54345298;51606502;35890373;159624;39239516
FR;0;2022-03-18;2227;5704;19970;18285;18060;54347525;51612206;35910343;177909;39257576
FR;0;2022-03-19;2287;4790;13109;9398;12411;54349812;51616996;35923452;187307;39269987
FR;0;2022-03-20;296;727;1916;1072;1928;54350108;51617723;35925368;188379;39271915
FR;0;2022-03-21;1360;3195;12710;14933;11930;54351468;51620918;35938078;203312;39283845
FR;0;2022-03-22;1472;3712;13782;20523;12539;54352940;51624630;35951860;223835;39296384
FR;0;2022-03-23;2655;6209;17695;23141;17206;54355595;51630839;35969555;246976;39313590
FR;0;2022-03-24;1371;3080;11574;17580;10645;54356966;51633919;35981129;264556;39324235
FR;0;2022-03-25;2055;5023;18532;27751;16865;54359021;51638942;35999661;292307;39341100
FR;0;2022-03-26;2222;4397;12070;12676;11510;54361243;51643339;36011731;304983;39352610
FR;0;2022-03-27;356;686;1898;1480;1931;54361599;51644025;36013629;306463;39354541
FR;0;2022-03-28;1428;3054;11105;17481;10599;54363027;51647079;36024734;323944;39365140
FR;0;2022-03-29;1432;3252;12894;27551;12034;54364459;51650331;36037628;351495;39377174
FR;0;2022-03-30;2833;5425;15661;27365;15058;54367292;51655756;36053289;378860;39392232
FR;0;2022-03-31;1606;3360;12959;24954;12292;54368898;51659116;36066248;403814;39404524
FR;0;2022-04-01;2560;4544;20031;30849;18663;54371458;51663660;36086279;434663;39423187
FR;0;2022-04-02;1514;2622;9043;10107;8702;54372972;51666282;36095322;444770;39431889
FR;0;2022-04-03;284;503;1561;1166;1577;54373256;51666785;36096883;445936;39433466
FR;0;2022-04-04;1675;2734;12327;19079;11519;54374931;51669519;36109210;465015;39444985
FR;0;2022-04-05;1690;3035;14309;34038;13159;54376621;51672554;36123519;499053;39458144
FR;0;2022-04-06;2075;3766;13510;26424;12773;54378696;51676320;36137029;525477;39470917
FR;0;2022-04-07;1458;2994;13639;33710;12847;54380154;51679314;36150668;559187;39483764
FR;0;2022-04-08;2034;4158;19182;43790;17787;54382188;51683472;36169850;602977;39501551
FR;0;2022-04-09;1358;2664;9301;13548;8852;54383546;51686136;36179151;616525;39510403
FR;0;2022-04-10;284;588;1977;1995;1995;54383830;51686724;36181128;618520;39512398
FR;0;2022-04-11;1216;2522;11842;23803;11445;54385046;51689246;36192970;642323;39523843
FR;0;2022-04-12;1619;2848;13978;40750;13347;54386665;51692094;36206948;683073;39537190
FR;0;2022-04-13;1897;3530;13379;33029;12993;54388562;51695624;36220327;716102;39550183
FR;0;2022-04-14;1459;2780;13151;36214;12999;54390021;51698404;36233478;752316;39563182
FR;0;2022-04-15;1826;3394;15581;35457;14843;54391847;51701798;36249059;787773;39578025
FR;0;2022-04-16;1034;1812;6380;8521;6231;54392881;51703610;36255439;796294;39584256
FR;0;2022-04-17;190;320;991;1171;1030;54393071;51703930;36256430;797465;39585286
FR;0;2022-04-18;163;486;2761;1068;2780;54393234;51704416;36259191;798533;39588066
FR;0;2022-04-19;1495;2974;12885;29488;12412;54394729;51707390;36272076;828021;39600478
FR;0;2022-04-20;1952;3411;13267;28962;12944;54396681;51710801;36285343;856983;39613422
FR;0;2022-04-21;1483;2788;12500;34998;12518;54398164;51713589;36297843;891981;39625940
FR;0;2022-04-22;1841;3558;16444;37509;15813;54400005;51717147;36314287;929490;39641753
FR;0;2022-04-23;1136;2043;7378;10648;7229;54401141;51719190;36321665;940138;39648982
FR;0;2022-04-24;248;446;1474;1588;1408;54401389;51719636;36323139;941726;39650390
FR;0;2022-04-25;1269;2482;10671;20943;10477;54402658;51722118;36333810;962669;39660867
FR;0;2022-04-26;1581;2971;13643;38528;13090;54404239;51725089;36347453;1001197;39673957
FR;0;2022-04-27;1929;3034;11506;30900;11568;54406168;51728123;36358959;1032097;39685525
FR;0;2022-04-28;1541;2679;12502;36011;12227;54407709;51730802;36371461;1068108;39697752
FR;0;2022-04-29;1978;3817;15529;37159;14881;54409687;51734619;36386990;1105267;39712633
FR;0;2022-04-30;1200;1808;6913;9693;6742;54410887;51736427;36393903;1114960;39719375
FR;0;2022-05-01;211;314;902;995;898;54411098;51736741;36394805;1115955;39720273
FR;0;2022-05-02;1270;2621;11096;18064;10889;54412368;51739362;36405901;1134019;39731162
FR;0;2022-05-03;1808;3144;13676;34495;13518;54414176;51742506;36419577;1168514;39744680
FR;0;2022-05-04;1853;3137;12130;25507;12241;54416029;51745643;36431707;1194021;39756921
FR;0;2022-05-05;1654;2761;12999;33294;12818;54417683;51748404;36444706;1227315;39769739
FR;0;2022-05-06;2089;3589;15300;36651;14783;54419772;51751993;36460006;1263966;39784522
FR;0;2022-05-07;1189;1763;6448;9597;6435;54420961;51753756;36466454;1273563;39790957
FR;0;2022-05-08;260;393;1169;1532;1228;54421221;51754149;36467623;1275095;39792185
FR;0;2022-05-09;1273;2220;9896;20136;9765;54422494;51756369;36477519;1295231;39801950
FR;0;2022-05-10;1687;2964;13474;38726;13018;54424181;51759333;36490993;1333957;39814968
FR;0;2022-05-11;1949;2812;10690;27785;10598;54426130;51762145;36501683;1361742;39825566
FR;0;2022-05-12;1539;2587;11292;35478;10960;54427669;51764732;36512975;1397220;39836526
FR;0;2022-05-13;1953;3150;13727;37707;13306;54429622;51767882;36526702;1434927;39849832
FR;0;2022-05-14;1137;1605;5932;10766;5790;54430759;51769487;36532634;1445693;39855622
FR;0;2022-05-15;277;446;1272;1431;1348;54431036;51769933;36533906;1447124;39856970
FR;0;2022-05-16;1170;1964;8652;20918;8646;54432206;51771897;36542558;1468042;39865616
FR;0;2022-05-17;1555;2522;11793;37703;11364;54433761;51774419;36554351;1505745;39876980
FR;0;2022-05-18;1775;2564;9646;27030;9621;54435536;51776983;36563997;1532775;39886601
FR;0;2022-05-19;1408;2573;10533;35678;10667;54436944;51779556;36574530;1568453;39897268
FR;0;2022-05-20;1856;3037;13371;39290;12857;54438800;51782593;36587901;1607743;39910125
FR;0;2022-05-21;1153;1686;5648;9894;5522;54439953;51784279;36593549;1617637;39915647
FR;0;2022-05-22;237;331;1022;1427;1009;54440190;51784610;36594571;1619064;39916656
FR;0;2022-05-23;1147;2023;8865;20302;8795;54441337;51786633;36603436;1639366;39925451
FR;0;2022-05-24;1516;2706;11310;38626;11165;54442853;51789339;36614746;1677992;39936616
FR;0;2022-05-25;1791;2754;9323;24766;9452;54444644;51792093;36624069;1702758;39946068
FR;0;2022-05-26;190;349;1647;1175;1656;54444834;51792442;36625716;1703933;39947724
FR;0;2022-05-27;1360;2391;9226;21234;8971;54446194;51794833;36634942;1725167;39956695
FR;0;2022-05-28;661;1243;3905;6776;3955;54446855;51796076;36638847;1731943;39960650
FR;0;2022-05-29;150;313;746;913;766;54447005;51796389;36639593;1732856;39961416
FR;0;2022-05-30;998;1919;6971;19211;6982;54448003;51798308;36646564;1752067;39968398
FR;0;2022-05-31;1474;2415;9781;35555;9613;54449477;51800723;36656345;1787622;39978011
FR;0;2022-06-01;1628;2796;10962;24361;10803;54451105;51803519;36667307;1811983;39988814
FR;0;2022-06-02;1433;2515;11263;35403;10795;54452538;51806034;36678570;1847386;39999609
FR;0;2022-06-03;1626;3000;13351;38663;12722;54454164;51809034;36691921;1886049;40012331
FR;0;2022-06-04;949;1505;5016;9098;5086;54455113;51810539;36696937;1895147;40017417
FR;0;2022-06-05;170;322;870;1101;880;54455283;51810861;36697807;1896248;40018297
FR;0;2022-06-06;194;433;2069;1242;2043;54455477;51811294;36699876;1897490;40020340
FR;0;2022-06-07;1340;2590;9799;35530;9382;54456817;51813884;36709675;1933020;40029722
FR;0;2022-06-08;1518;2614;9127;28654;8958;54458335;51816498;36718802;1961674;40038680
FR;0;2022-06-09;1255;2377;10569;39318;10200;54459590;51818875;36729371;2000992;40048880
FR;0;2022-06-10;1585;2848;13019;44657;12564;54461175;51821723;36742390;2045649;40061444
FR;0;2022-06-11;942;1717;5418;11604;5447;54462117;51823440;36747808;2057253;40066891
FR;0;2022-06-12;191;426;1065;1756;1128;54462308;51823866;36748873;2059009;40068019
FR;0;2022-06-13;1046;1944;7397;23117;7221;54463354;51825810;36756270;2082126;40075240
FR;0;2022-06-14;1286;2414;10387;44785;9742;54464640;51828224;36766657;2126911;40084982
FR;0;2022-06-15;1452;2316;9226;30799;8851;54466092;51830540;36775883;2157710;40093833
FR;0;2022-06-16;1141;1964;9824;39740;9219;54467233;51832504;36785707;2197450;40103052
FR;0;2022-06-17;1443;2786;12417;46517;11837;54468676;51835290;36798124;2243967;40114889
FR;0;2022-06-18;840;1497;4554;11112;4487;54469516;51836787;36802678;2255079;40119376
FR;0;2022-06-19;174;349;1052;1611;1124;54469690;51837136;36803730;2256690;40120500
FR;0;2022-06-20;991;1865;8802;25966;8490;54470681;51839001;36812532;2282656;40128990
FR;0;2022-06-21;1297;2349;10257;49788;9289;54471978;51841350;36822789;2332444;40138279
FR;0;2022-06-22;1355;2411;8840;38899;8328;54473333;51843761;36831629;2371343;40146607
FR;0;2022-06-23;1198;2279;10607;54989;9802;54474531;51846040;36842236;2426332;40156409
FR;0;2022-06-24;1452;2931;13551;68973;12218;54475983;51848971;36855787;2495305;40168627
FR;0;2022-06-25;917;1757;6185;19885;5946;54476900;51850728;36861972;2515190;40174573
FR;0;2022-06-26;223;444;1904;3683;1762;54477123;51851172;36863876;2518873;40176335
FR;0;2022-06-27;1099;1989;10420;48338;9561;54478222;51853161;36874296;2567211;40185896
FR;0;2022-06-28;1433;2770;14581;91141;13000;54479655;51855931;36888877;2658352;40198896
FR;0;2022-06-29;1673;2794;12205;71615;11150;54481328;51858725;36901082;2729967;40210046
FR;0;2022-06-30;1486;2567;14273;94938;12374;54482814;51861292;36915355;2824905;40222420
FR;0;2022-07-01;1871;3375;20148;115647;17548;54484685;51864667;36935503;2940552;40239968
FR;0;2022-07-02;1040;1822;8036;35676;7230;54485725;51866489;36943539;2976228;40247198
FR;0;2022-07-03;286;526;2064;6388;1862;54486011;51867015;36945603;2982616;40249060
FR;0;2022-07-04;1453;2538;14129;79036;12371;54487464;51869553;36959732;3061652;40261431
FR;0;2022-07-05;1651;2986;18396;132674;15562;54489115;51872539;36978128;3194326;40276993
FR;0;2022-07-06;1772;2640;15445;99096;13212;54490887;51875179;36993573;3293422;40290205
FR;0;2022-07-07;1647;2775;17649;125489;14444;54492534;51877954;37011222;3418911;40304649
FR;0;2022-07-08;1831;3089;20262;136475;16289;54494365;51881043;37031484;3555386;40320938
FR;0;2022-07-09;850;1431;7644;37683;6580;54495215;51882474;37039128;3593069;40327518
FR;0;2022-07-10;245;481;2303;6963;2082;54495460;51882955;37041431;3600032;40329600
FR;0;2022-07-11;1360;2326;14495;87802;12042;54496820;51885281;37055926;3687834;40341642
FR;0;2022-07-12;1715;2985;20045;143057;16216;54498535;51888266;37075971;3830891;40357858
FR;0;2022-07-13;1645;2573;15155;93793;12763;54500180;51890839;37091126;3924684;40370621
FR;0;2022-07-14;164;289;1543;5418;1431;54500344;51891128;37092669;3930102;40372052
FR;0;2022-07-15;1416;2424;14165;83875;11711;54501760;51893552;37106834;4013977;40383763
FR;0;2022-07-16;603;1107;5549;24773;4789;54502363;51894659;37112383;4038750;40388552
FR;0;2022-07-17;167;348;1652;4583;1486;54502530;51895007;37114035;4043333;40390038
FR;0;2022-07-18;1041;2022;10774;61266;8968;54503571;51897029;37124809;4104599;40399006
FR;0;2022-07-19;1369;2261;14997;102962;11841;54504940;51899290;37139806;4207561;40410847
FR;0;2022-07-20;1335;2144;12110;76565;9933;54506275;51901434;37151916;4284126;40420780
FR;0;2022-07-21;1220;2012;12430;86646;9895;54507495;51903446;37164346;4370772;40430675
FR;0;2022-07-22;1307;2244;13866;87402;11084;54508802;51905690;37178212;4458174;40441759
FR;0;2022-07-23;609;1188;5124;21761;4452;54509411;51906878;37183336;4479935;40446211
FR;0;2022-07-24;154;310;1253;3581;1111;54509565;51907188;37184589;4483516;40447322
