fra;vaccin;jour;n_dose1;n_dose2;n_dose3;n_dose4;n_rappel;n_cum_dose1;n_cum_dose2;n_cum_dose3;n_cum_dose4;n_cum_rappel
FR;1;2020-12-27;581;0;0;0;0;581;0;0;0;0
FR;1;2020-12-28;637;0;0;0;0;1218;0;0;0;0
FR;1;2020-12-29;363;0;0;0;0;1581;0;0;0;0
FR;1;2020-12-30;428;0;0;0;0;2009;0;0;0;0
FR;1;2020-12-31;344;0;0;0;0;2353;0;0;0;0
FR;1;2021-01-01;1141;0;0;0;0;3494;0;0;0;0
FR;1;2021-01-02;342;1;0;0;0;3836;1;0;0;0
FR;1;2021-01-03;413;0;0;0;0;4249;1;0;0;0
FR;1;2021-01-04;2074;0;0;0;0;6323;1;0;0;0
FR;1;2021-01-05;6369;2;0;0;0;12692;3;0;0;0
FR;1;2021-01-06;12144;0;0;0;0;24836;3;0;0;0
FR;1;2021-01-07;29411;2;0;0;0;54247;5;0;0;0
FR;1;2021-01-08;37182;1;0;0;0;91429;6;0;0;0
FR;1;2021-01-09;11213;2;0;0;0;102642;8;0;0;0
FR;1;2021-01-10;6024;0;0;0;0;108666;8;0;0;0
FR;1;2021-01-11;39918;4;0;0;0;148584;12;0;0;0
FR;1;2021-01-12;62096;4;0;0;0;210680;16;0;0;0
FR;1;2021-01-13;65034;11;0;0;0;275714;27;0;0;0
FR;1;2021-01-14;81409;14;0;0;0;357123;41;0;0;0
FR;1;2021-01-15;68575;3;0;0;0;425698;44;0;0;0
FR;1;2021-01-16;19892;75;0;0;0;445590;119;0;0;0
FR;1;2021-01-17;10928;44;0;0;0;456518;163;0;0;0
FR;1;2021-01-18;82740;159;0;0;0;539258;322;0;0;0
FR;1;2021-01-19;125905;134;0;0;0;665163;456;0;0;0
FR;1;2021-01-20;132394;166;0;0;0;797557;622;0;0;0
FR;1;2021-01-21;153022;139;0;0;0;950579;761;0;0;0
FR;1;2021-01-22;115887;169;0;0;0;1066466;930;0;0;0
FR;1;2021-01-23;36590;55;0;0;0;1103056;985;0;0;0
FR;1;2021-01-24;9594;43;0;0;0;1112650;1028;0;0;0
FR;1;2021-01-25;74404;1214;0;0;0;1187054;2242;0;0;0
FR;1;2021-01-26;96426;3123;0;0;0;1283480;5365;0;0;0
FR;1;2021-01-27;103622;5594;0;0;0;1387102;10959;0;0;0
FR;1;2021-01-28;120575;14332;0;0;0;1507677;25291;0;0;0
FR;1;2021-01-29;88863;17274;0;0;0;1596540;42565;0;0;0
FR;1;2021-01-30;27961;4214;0;0;0;1624501;46779;0;0;0
FR;1;2021-01-31;5169;1680;0;0;0;1629670;48459;0;0;0
FR;1;2021-02-01;49798;21106;0;0;0;1679468;69565;0;0;0
FR;1;2021-02-02;67770;34562;0;0;0;1747238;104127;0;0;0
FR;1;2021-02-03;67029;36941;0;0;0;1814267;141068;0;0;0
FR;1;2021-02-04;77070;50014;0;0;0;1891337;191082;0;0;0
FR;1;2021-02-05;63381;45261;0;0;0;1954718;236343;0;0;0
FR;1;2021-02-06;19401;10384;0;0;0;1974119;246727;0;0;0
FR;1;2021-02-07;3666;5045;0;0;0;1977785;251772;0;0;0
FR;1;2021-02-08;36446;45927;0;0;0;2014231;297699;0;0;0
FR;1;2021-02-09;50777;72343;0;0;0;2065008;370042;0;0;0
FR;1;2021-02-10;51895;76522;0;0;0;2116903;446564;0;0;0
FR;1;2021-02-11;63309;98925;0;0;0;2180212;545489;0;0;0
FR;1;2021-02-12;55814;73928;0;0;0;2236026;619417;0;0;0
FR;1;2021-02-13;15442;19245;0;0;0;2251468;638662;0;0;0
FR;1;2021-02-14;3732;7191;0;0;0;2255200;645853;0;0;0
FR;1;2021-02-15;24087;73330;0;0;0;2279287;719183;0;0;0
FR;1;2021-02-16;32732;96718;0;0;0;2312019;815901;0;0;0
FR;1;2021-02-17;35093;98465;1;0;0;2347112;914366;1;0;0
FR;1;2021-02-18;49346;113342;0;0;0;2396458;1027708;1;0;0
FR;1;2021-02-19;45349;86265;1;0;0;2441807;1113973;2;0;0
FR;1;2021-02-20;13378;26866;0;0;0;2455185;1140839;2;0;0
FR;1;2021-02-21;2448;6287;0;0;0;2457633;1147126;2;0;0
FR;1;2021-02-22;24679;69297;2;0;0;2482312;1216423;4;0;0
FR;1;2021-02-23;37396;80276;1;0;0;2519708;1296699;5;0;0
FR;1;2021-02-24;40642;77550;1;0;0;2560350;1374249;6;0;0
FR;1;2021-02-25;50115;87852;1;0;0;2610465;1462101;7;0;0
FR;1;2021-02-26;47164;67789;0;0;0;2657629;1529890;7;0;0
FR;1;2021-02-27;15658;20897;0;0;0;2673287;1550787;7;0;0
FR;1;2021-02-28;3547;4381;1;0;0;2676834;1555168;8;0;0
FR;1;2021-03-01;40175;48934;1;0;0;2717009;1604102;9;0;0
FR;1;2021-03-02;55931;61412;2;0;0;2772940;1665514;11;0;0
FR;1;2021-03-03;61097;60551;0;0;0;2834037;1726065;11;0;0
FR;1;2021-03-04;72863;64839;3;0;0;2906900;1790904;14;0;0
FR;1;2021-03-05;74682;59176;3;0;0;2981582;1850080;17;0;0
FR;1;2021-03-06;82420;16060;2;0;0;3064002;1866140;19;0;0
FR;1;2021-03-07;63690;5392;0;0;0;3127692;1871532;19;0;0
FR;1;2021-03-08;60101;42409;2;0;0;3187793;1913941;21;0;0
FR;1;2021-03-09;85881;48239;1;0;0;3273674;1962180;22;0;0
FR;1;2021-03-10;90784;47987;5;0;0;3364458;2010167;27;0;0
FR;1;2021-03-11;104940;53777;1;0;0;3469398;2063944;28;0;0
FR;1;2021-03-12;104011;45236;0;0;0;3573409;2109180;28;0;0
FR;1;2021-03-13;89142;12705;1;0;0;3662551;2121885;29;0;0
FR;1;2021-03-14;44421;3017;1;0;0;3706972;2124902;30;0;0
FR;1;2021-03-15;95324;29059;3;0;0;3802296;2153961;33;0;0
FR;1;2021-03-16;123561;34864;4;0;0;3925857;2188825;37;0;0
FR;1;2021-03-17;129246;34799;5;0;0;4055103;2223624;42;0;0
FR;1;2021-03-18;142843;39683;4;0;0;4197946;2263307;46;0;0
FR;1;2021-03-19;136221;32858;2;0;0;4334167;2296165;48;0;0
FR;1;2021-03-20;75967;10198;0;0;0;4410134;2306363;48;0;0
FR;1;2021-03-21;26454;2484;1;0;0;4436588;2308847;49;0;0
FR;1;2021-03-22;114621;31138;1;0;0;4551209;2339985;50;0;0
FR;1;2021-03-23;142953;38129;1;0;0;4694162;2378114;51;0;0
FR;1;2021-03-24;141953;38766;0;0;0;4836115;2416880;51;0;0
FR;1;2021-03-25;164944;39549;4;0;0;5001059;2456429;55;0;0
FR;1;2021-03-26;166336;37413;4;0;0;5167395;2493842;59;0;0
FR;1;2021-03-27;110841;15240;1;0;0;5278236;2509082;60;0;0
FR;1;2021-03-28;42262;3635;3;0;0;5320498;2512717;63;0;0
FR;1;2021-03-29;129761;49897;4;0;0;5450259;2562614;67;0;0
FR;1;2021-03-30;167597;63467;4;0;0;5617856;2626081;71;0;0
FR;1;2021-03-31;170839;66800;4;0;0;5788695;2692881;75;0;0
FR;1;2021-04-01;194736;79148;11;0;0;5983431;2772029;86;0;0
FR;1;2021-04-02;164389;84232;7;0;0;6147820;2856261;93;0;0
FR;1;2021-04-03;88172;58069;5;0;0;6235992;2914330;98;0;0
FR;1;2021-04-04;33488;17718;0;0;0;6269480;2932048;98;0;0
FR;1;2021-04-05;46518;10155;11;0;0;6315998;2942203;109;0;0
FR;1;2021-04-06;160175;100725;16;0;0;6476173;3042928;125;0;0
FR;1;2021-04-07;196871;108105;16;0;0;6673044;3151033;141;0;0
FR;1;2021-04-08;221945;112254;13;0;0;6894989;3263287;154;0;0
FR;1;2021-04-09;214447;107379;20;0;0;7109436;3370666;174;0;0
FR;1;2021-04-10;117120;73368;13;0;0;7226556;3444034;187;0;0
FR;1;2021-04-11;40794;30240;6;0;0;7267350;3474274;193;0;0
FR;1;2021-04-12;168314;103627;45;0;0;7435664;3577901;238;0;0
FR;1;2021-04-13;203670;128023;95;1;0;7639334;3705924;333;1;0
FR;1;2021-04-14;208488;122634;203;0;0;7847822;3828558;536;1;0
FR;1;2021-04-15;221676;126571;307;0;0;8069498;3955129;843;1;0
FR;1;2021-04-16;205956;124990;307;0;0;8275454;4080119;1150;1;0
FR;1;2021-04-17;122034;67400;102;0;0;8397488;4147519;1252;1;0
FR;1;2021-04-18;35907;20989;39;0;0;8433395;4168508;1291;1;0
FR;1;2021-04-19;163573;121718;429;0;0;8596968;4290226;1720;1;0
FR;1;2021-04-20;189275;148571;526;0;0;8786243;4438797;2246;1;0
FR;1;2021-04-21;193862;146583;753;0;0;8980105;4585380;2999;1;0
FR;1;2021-04-22;208844;162471;776;0;0;9188949;4747851;3775;1;0
FR;1;2021-04-23;198874;156743;664;0;0;9387823;4904594;4439;1;0
FR;1;2021-04-24;126278;95407;143;0;0;9514101;5000001;4582;1;0
FR;1;2021-04-25;53537;30077;46;0;0;9567638;5030078;4628;1;0
FR;1;2021-04-26;181015;138057;534;0;0;9748653;5168135;5162;1;0
FR;1;2021-04-27;221265;161719;895;0;0;9969918;5329854;6057;1;0
FR;1;2021-04-28;238185;154896;1304;1;1;10208103;5484750;7361;2;1
FR;1;2021-04-29;270169;159873;1204;0;0;10478272;5644623;8565;2;1
FR;1;2021-04-30;271879;147932;1065;0;0;10750151;5792555;9630;2;1
FR;1;2021-05-01;141005;40675;172;0;0;10891156;5833230;9802;2;1
FR;1;2021-05-02;81570;28113;80;0;0;10972726;5861343;9882;2;1
FR;1;2021-05-03;250946;146311;794;0;0;11223672;6007654;10676;2;1
FR;1;2021-05-04;265747;186706;1194;0;0;11489419;6194360;11870;2;1
FR;1;2021-05-05;283905;184326;1262;0;0;11773324;6378686;13132;2;1
FR;1;2021-05-06;309790;182832;1487;0;0;12083114;6561518;14619;2;1
FR;1;2021-05-07;284088;195449;1123;0;0;12367202;6756967;15742;2;1
FR;1;2021-05-08;191611;48269;280;0;0;12558813;6805236;16022;2;1
FR;1;2021-05-09;113996;36135;235;0;0;12672809;6841371;16257;2;1
FR;1;2021-05-10;258154;193966;1175;0;0;12930963;7035337;17432;2;1
FR;1;2021-05-11;318776;211038;1454;0;0;13249739;7246375;18886;2;1
FR;1;2021-05-12;356500;185643;1384;0;0;13606239;7432018;20270;2;1
FR;1;2021-05-13;283326;47601;397;0;0;13889565;7479619;20667;2;1
FR;1;2021-05-14;370599;128609;979;0;0;14260164;7608228;21646;2;1
FR;1;2021-05-15;297989;66055;397;0;0;14558153;7674283;22043;2;1
FR;1;2021-05-16;157708;15535;156;0;0;14715861;7689818;22199;2;1
FR;1;2021-05-17;318857;116481;1427;0;0;15034718;7806299;23626;2;1
FR;1;2021-05-18;382728;111097;1788;0;0;15417446;7917396;25414;2;1
FR;1;2021-05-19;395131;102676;2163;0;0;15812577;8020072;27577;2;1
FR;1;2021-05-20;421652;96126;2033;0;0;16234229;8116198;29610;2;1
FR;1;2021-05-21;399627;97187;1744;0;0;16633856;8213385;31354;2;1
FR;1;2021-05-22;275588;41989;601;0;0;16909444;8255374;31955;2;1
FR;1;2021-05-23;122932;11178;224;0;0;17032376;8266552;32179;2;1
FR;1;2021-05-24;243938;26242;563;0;0;17276314;8292794;32742;2;1
FR;1;2021-05-25;366025;131691;2092;1;0;17642339;8424485;34834;3;1
FR;1;2021-05-26;380697;125553;1976;0;0;18023036;8550038;36810;3;1
FR;1;2021-05-27;406003;127985;1960;0;0;18429039;8678023;38770;3;1
FR;1;2021-05-28;365950;145293;1688;0;0;18794989;8823316;40458;3;1
FR;1;2021-05-29;253769;80850;524;0;0;19048758;8904166;40982;3;1
FR;1;2021-05-30;100880;22527;156;0;0;19149638;8926693;41138;3;1
FR;1;2021-05-31;314152;148710;1274;1;1;19463790;9075403;42412;4;2
FR;1;2021-06-01;361610;166565;1714;1;1;19825400;9241968;44126;5;3
FR;1;2021-06-02;364721;153039;1783;0;0;20190121;9395007;45909;5;3
FR;1;2021-06-03;390016;147591;1638;0;0;20580137;9542598;47547;5;3
FR;1;2021-06-04;363354;175534;1480;1;1;20943491;9718132;49027;6;4
FR;1;2021-06-05;258442;112639;593;0;0;21201933;9830771;49620;6;4
FR;1;2021-06-06;126725;37500;215;0;0;21328658;9868271;49835;6;4
FR;1;2021-06-07;300043;207896;1359;0;0;21628701;10076167;51194;6;4
FR;1;2021-06-08;330498;220752;1625;0;0;21959199;10296919;52819;6;4
FR;1;2021-06-09;336297;212348;1596;0;0;22295496;10509267;54415;6;4
FR;1;2021-06-10;344282;202113;1598;0;0;22639778;10711380;56013;6;4
FR;1;2021-06-11;311768;235267;1282;0;0;22951546;10946647;57295;6;4
FR;1;2021-06-12;244005;150636;426;0;0;23195551;11097283;57721;6;4
FR;1;2021-06-13;100288;60995;185;0;0;23295839;11158278;57906;6;4
FR;1;2021-06-14;207750;288956;1307;1;0;23503589;11447234;59213;7;4
FR;1;2021-06-15;256570;282214;1379;1;0;23760159;11729448;60592;8;4
FR;1;2021-06-16;273505;270382;1253;1;0;24033664;11999830;61845;9;4
FR;1;2021-06-17;268213;244386;1224;1;0;24301877;12244216;63069;10;4
FR;1;2021-06-18;260589;295698;1139;1;0;24562466;12539914;64208;11;4
FR;1;2021-06-19;193390;209437;383;0;0;24755856;12749351;64591;11;4
FR;1;2021-06-20;69635;89109;115;0;0;24825491;12838460;64706;11;4
FR;1;2021-06-21;172176;319810;916;1;1;24997667;13158270;65622;12;5
FR;1;2021-06-22;185639;347619;1092;10;2;25183306;13505889;66714;22;7
FR;1;2021-06-23;204010;339280;1046;0;0;25387316;13845169;67760;22;7
FR;1;2021-06-24;203357;281756;1156;0;0;25590673;14126925;68916;22;7
FR;1;2021-06-25;183235;371775;1193;0;0;25773908;14498700;70109;22;7
FR;1;2021-06-26;131290;278255;496;0;0;25905198;14776955;70605;22;7
FR;1;2021-06-27;52348;122957;141;0;0;25957546;14899912;70746;22;7
FR;1;2021-06-28;136443;368238;1052;0;0;26093989;15268150;71798;22;7
FR;1;2021-06-29;154691;390057;1845;0;0;26248680;15658207;73643;22;7
FR;1;2021-06-30;179848;378487;1659;4;2;26428528;16036694;75302;26;9
FR;1;2021-07-01;201878;332093;1885;5;1;26630406;16368787;77187;31;10
FR;1;2021-07-02;193079;367647;1760;4;3;26823485;16736434;78947;35;13
FR;1;2021-07-03;124372;280425;703;3;1;26947857;17016859;79650;38;14
FR;1;2021-07-04;53871;113663;244;0;0;27001728;17130522;79894;38;14
FR;1;2021-07-05;153832;356032;1497;7;2;27155560;17486554;81391;45;16
FR;1;2021-07-06;173475;382492;1596;43;8;27329035;17869046;82987;88;24
FR;1;2021-07-07;191085;362517;1654;23;5;27520120;18231563;84641;111;29
FR;1;2021-07-08;201363;323067;1825;20;9;27721483;18554630;86466;131;38
FR;1;2021-07-09;189695;387121;1852;3;2;27911178;18941751;88318;134;40
FR;1;2021-07-10;129767;281088;813;1;1;28040945;19222839;89131;135;41
FR;1;2021-07-11;57580;102458;260;0;0;28098525;19325297;89391;135;41
FR;1;2021-07-12;149474;416955;1573;4;0;28247999;19742252;90964;139;41
FR;1;2021-07-13;234132;439438;1802;6;2;28482131;20181690;92766;145;43
FR;1;2021-07-14;171667;151564;415;0;0;28653798;20333254;93181;145;43
FR;1;2021-07-15;279444;424757;1852;1;0;28933242;20758011;95033;146;43
FR;1;2021-07-16;290134;401278;1708;3;1;29223376;21159289;96741;149;44
FR;1;2021-07-17;217289;282114;752;1;0;29440665;21441403;97493;150;44
FR;1;2021-07-18;101976;107320;288;0;0;29542641;21548723;97781;150;44
FR;1;2021-07-19;238095;379349;1494;3;0;29780736;21928072;99275;153;44
FR;1;2021-07-20;305655;380949;1464;0;0;30086391;22309021;100739;153;44
FR;1;2021-07-21;333065;353623;1409;4;2;30419456;22662644;102148;157;46
FR;1;2021-07-22;364311;319492;1495;3;2;30783767;22982136;103643;160;48
FR;1;2021-07-23;347476;343392;1580;4;2;31131243;23325528;105223;164;50
FR;1;2021-07-24;238909;241100;693;1;0;31370152;23566628;105916;165;50
FR;1;2021-07-25;112736;76052;214;0;0;31482888;23642680;106130;165;50
FR;1;2021-07-26;298969;290288;1494;2;2;31781857;23932968;107624;167;52
FR;1;2021-07-27;385650;268867;1458;4;2;32167507;24201835;109082;171;54
FR;1;2021-07-28;390084;251635;1458;4;2;32557591;24453470;110540;175;56
FR;1;2021-07-29;406036;228449;1536;2;1;32963627;24681919;112076;177;57
FR;1;2021-07-30;370478;247066;1632;4;1;33334105;24928985;113708;181;58
FR;1;2021-07-31;243303;165083;790;1;0;33577408;25094068;114498;182;58
FR;1;2021-08-01;105519;47209;228;0;0;33682927;25141277;114726;182;58
FR;1;2021-08-02;297211;213126;1472;1;0;33980138;25354403;116198;183;58
FR;1;2021-08-03;330579;209280;1541;2;1;34310717;25563683;117739;185;59
FR;1;2021-08-04;327746;184392;1434;5;3;34638463;25748075;119173;190;62
FR;1;2021-08-05;301029;193476;1478;0;0;34939492;25941551;120651;190;62
FR;1;2021-08-06;290624;224567;1557;3;1;35230116;26166118;122208;193;63
FR;1;2021-08-07;182366;158798;654;4;3;35412482;26324916;122862;197;66
FR;1;2021-08-08;68725;59142;245;0;0;35481207;26384058;123107;197;66
FR;1;2021-08-09;222577;236133;1435;4;3;35703784;26620191;124542;201;69
FR;1;2021-08-10;252445;240994;1484;2;1;35956229;26861185;126026;203;70
FR;1;2021-08-11;235964;232533;1266;5;1;36192193;27093718;127292;208;71
FR;1;2021-08-12;220450;240124;1480;3;1;36412643;27333842;128772;211;72
FR;1;2021-08-13;201550;238323;1351;2;2;36614193;27572165;130123;213;74
FR;1;2021-08-14;122671;174117;644;0;0;36736864;27746282;130767;213;74
FR;1;2021-08-15;34610;46120;193;1;0;36771474;27792402;130960;214;74
FR;1;2021-08-16;156347;289924;1416;0;0;36927821;28082326;132376;214;74
FR;1;2021-08-17;171311;291717;1415;3;1;37099132;28374043;133791;217;75
FR;1;2021-08-18;161126;287102;1382;6;3;37260258;28661145;135173;223;78
FR;1;2021-08-19;148663;277381;1390;1;0;37408921;28938526;136563;224;78
FR;1;2021-08-20;140158;308209;1513;2;2;37549079;29246735;138076;226;80
FR;1;2021-08-21;84114;213236;584;0;0;37633193;29459971;138660;226;80
FR;1;2021-08-22;28516;82680;229;0;0;37661709;29542651;138889;226;80
FR;1;2021-08-23;118492;321132;1413;2;1;37780201;29863783;140302;228;81
FR;1;2021-08-24;126485;319886;1589;5;1;37906686;30183669;141891;233;82
FR;1;2021-08-25;121199;306558;1770;6;3;38027885;30490227;143661;239;85
FR;1;2021-08-26;106432;286019;2151;10;1;38134317;30776246;145812;249;86
FR;1;2021-08-27;107428;320975;2294;8;3;38241745;31097221;148106;257;89
FR;1;2021-08-28;70835;220641;1097;0;0;38312580;31317862;149203;257;89
FR;1;2021-08-29;24119;78089;458;1;0;38336699;31395951;149661;258;89
FR;1;2021-08-30;96387;286345;4303;6;5149;38433086;31682296;153964;264;5238
FR;1;2021-08-31;97929;276402;9264;13;10174;38531015;31958698;163228;277;15412
FR;1;2021-09-01;111314;245155;21077;7;21895;38642329;32203853;184305;284;37307
FR;1;2021-09-02;84525;197951;24485;12;25317;38726854;32401804;208790;296;62624
FR;1;2021-09-03;82294;227552;26915;21;27838;38809148;32629356;235705;317;90462
FR;1;2021-09-04;71220;189619;11125;11;11570;38880368;32818975;246830;328;102032
FR;1;2021-09-05;18575;41190;4112;2;4270;38898943;32860165;250942;330;106302
FR;1;2021-09-06;59166;151656;30149;15;30969;38958109;33011821;281091;345;137271
FR;1;2021-09-07;55490;139616;30184;26;30979;39013599;33151437;311275;371;168250
FR;1;2021-09-08;70159;173746;26885;20;27650;39083758;33325183;338160;391;195900
FR;1;2021-09-09;53301;124363;28556;23;29453;39137059;33449546;366716;414;225353
FR;1;2021-09-10;65325;151888;30392;20;31375;39202384;33601434;397108;434;256728
FR;1;2021-09-11;51592;146521;9705;12;10182;39253976;33747955;406813;446;266910
FR;1;2021-09-12;10666;29233;2478;2;2619;39264642;33777188;409291;448;269529
FR;1;2021-09-13;51227;104555;38671;28;39592;39315869;33881743;447962;476;309121
FR;1;2021-09-14;53062;96105;51164;67;52463;39368931;33977848;499126;543;361584
FR;1;2021-09-15;60336;139113;50393;55;46825;39429267;34116961;549519;598;408409
FR;1;2021-09-16;46522;81233;53207;72;49320;39475789;34198194;602726;670;457729
FR;1;2021-09-17;53075;109224;44982;60;42529;39528864;34307418;647708;730;500258
FR;1;2021-09-18;37734;118287;11782;19;11237;39566598;34425705;659490;749;511495
FR;1;2021-09-19;6465;21009;2029;2;1968;39573063;34446714;661519;751;513463
FR;1;2021-09-20;37230;74776;46112;69;43930;39610293;34521490;707631;820;557393
FR;1;2021-09-21;34026;68075;56145;73;52448;39644319;34589565;763776;893;609841
FR;1;2021-09-22;38612;118049;49757;78;46641;39682931;34707614;813533;971;656482
FR;1;2021-09-23;31840;62438;54397;85;50599;39714771;34770052;867930;1056;707081
FR;1;2021-09-24;36634;89319;43583;92;41779;39751405;34859371;911513;1148;748860
FR;1;2021-09-25;27500;96301;12289;27;12138;39778905;34955672;923802;1175;760998
FR;1;2021-09-26;4349;15210;1762;4;1699;39783254;34970882;925564;1179;762697
FR;1;2021-09-27;27297;60056;42833;89;41480;39810551;35030938;968397;1268;804177
FR;1;2021-09-28;26773;49328;47067;75;44250;39837324;35080266;1015464;1343;848427
FR;1;2021-09-29;35682;80161;47156;86;45383;39873006;35160427;1062620;1429;893810
FR;1;2021-09-30;25870;45225;47405;80;45198;39898876;35205652;1110025;1509;939008
FR;1;2021-10-01;47165;64108;44814;83;44314;39946041;35269760;1154839;1592;983322
FR;1;2021-10-02;31503;62135;16088;32;16256;39977544;35331895;1170927;1624;999578
FR;1;2021-10-03;4286;8583;2024;3;2033;39981830;35340478;1172951;1627;1001611
FR;1;2021-10-04;28192;44042;47040;78;46839;40010022;35384520;1219991;1705;1048450
FR;1;2021-10-05;23809;41444;49751;115;49040;40033831;35425964;1269742;1820;1097490
FR;1;2021-10-06;33986;61000;57369;102;57001;40067817;35486964;1327111;1922;1154491
FR;1;2021-10-07;20772;39477;52935;75;51730;40088589;35526441;1380046;1997;1206221
FR;1;2021-10-08;34576;59346;60297;83;60948;40123165;35585787;1440343;2080;1267169
FR;1;2021-10-09;27204;47728;25447;29;25929;40150369;35633515;1465790;2109;1293098
FR;1;2021-10-10;3520;5658;2736;7;2827;40153889;35639173;1468526;2116;1295925
FR;1;2021-10-11;24474;38056;54514;88;55096;40178363;35677229;1523040;2204;1351021
FR;1;2021-10-12;22889;36444;57952;125;58942;40201252;35713673;1580992;2329;1409963
FR;1;2021-10-13;32674;47555;64108;124;65542;40233926;35761228;1645100;2453;1475505
FR;1;2021-10-14;21615;34487;53683;101;54162;40255541;35795715;1698783;2554;1529667
FR;1;2021-10-15;32400;48331;72267;162;74888;40287941;35844046;1771050;2716;1604555
FR;1;2021-10-16;25804;35132;34842;44;36341;40313745;35879178;1805892;2760;1640896
FR;1;2021-10-17;3082;4001;3402;2;3306;40316827;35883179;1809294;2762;1644202
FR;1;2021-10-18;22384;33222;66768;129;69569;40339211;35916401;1876062;2891;1713771
FR;1;2021-10-19;20437;32964;75590;135;79442;40359648;35949365;1951652;3026;1793213
FR;1;2021-10-20;29759;43816;96084;176;99628;40389407;35993181;2047736;3202;1892841
FR;1;2021-10-21;19468;34876;83059;108;86886;40408875;36028057;2130795;3310;1979727
FR;1;2021-10-22;29472;47245;103645;194;109469;40438347;36075302;2234440;3504;2089196
FR;1;2021-10-23;22848;34211;44830;57;47305;40461195;36109513;2279270;3561;2136501
FR;1;2021-10-24;2364;3863;3574;6;3735;40463559;36113376;2282844;3567;2140236
FR;1;2021-10-25;22324;30554;81954;143;85692;40485883;36143930;2364798;3710;2225928
FR;1;2021-10-26;19220;27532;86007;162;90184;40505103;36171462;2450805;3872;2316112
FR;1;2021-10-27;26016;39288;107691;253;112490;40531119;36210750;2558496;4125;2428602
FR;1;2021-10-28;18468;26714;86853;150;91483;40549587;36237464;2645349;4275;2520085
FR;1;2021-10-29;25791;39524;114726;201;121391;40575378;36276988;2760075;4476;2641476
FR;1;2021-10-30;17472;28434;49309;76;51875;40592850;36305422;2809384;4552;2693351
FR;1;2021-10-31;2062;3231;3432;2;3676;40594912;36308653;2812816;4554;2697027
FR;1;2021-11-01;7062;3643;3005;3;3225;40601974;36312296;2815821;4557;2700252
FR;1;2021-11-02;21470;32839;92286;155;97542;40623444;36345135;2908107;4712;2797794
FR;1;2021-11-03;25994;41044;117385;215;123654;40649438;36386179;3025492;4927;2921448
FR;1;2021-11-04;19351;30011;105671;213;111715;40668789;36416190;3131163;5140;3033163
FR;1;2021-11-05;26806;41908;138642;227;147154;40695595;36458098;3269805;5367;3180317
FR;1;2021-11-06;18654;29701;63403;123;66349;40714249;36487799;3333208;5490;3246666
FR;1;2021-11-07;1771;3392;4940;6;5297;40716020;36491191;3338148;5496;3251963
FR;1;2021-11-08;17415;32126;125857;222;132354;40733435;36523317;3464005;5718;3384317
FR;1;2021-11-09;18996;37476;159147;336;168771;40752431;36560793;3623152;6054;3553088
FR;1;2021-11-10;28390;48593;181750;437;192176;40780821;36609386;3804902;6491;3745264
FR;1;2021-11-11;3435;5450;12151;26;12930;40784256;36614836;3817053;6517;3758194
FR;1;2021-11-12;25850;46574;174677;239;186187;40810106;36661410;3991730;6756;3944381
FR;1;2021-11-13;18537;29144;76772;110;81697;40828643;36690554;4068502;6866;4026078
FR;1;2021-11-14;1991;3349;6802;5;7379;40830634;36693903;4075304;6871;4033457
FR;1;2021-11-15;18443;34695;156245;303;165988;40849077;36728598;4231549;7174;4199445
FR;1;2021-11-16;20865;37620;191916;375;204579;40869942;36766218;4423465;7549;4404024
FR;1;2021-11-17;28342;45444;193084;398;204820;40898284;36811662;4616549;7947;4608844
FR;1;2021-11-18;20898;37529;182312;457;194209;40919182;36849191;4798861;8404;4803053
FR;1;2021-11-19;30779;53197;230059;528;246406;40949961;36902388;5028920;8932;5049459
FR;1;2021-11-20;23568;33129;96901;200;103513;40973529;36935517;5125821;9132;5152972
FR;1;2021-11-21;2294;4055;9082;18;9973;40975823;36939572;5134903;9150;5162945
FR;1;2021-11-22;21293;30284;175719;464;189185;40997116;36969856;5310622;9614;5352130
FR;1;2021-11-23;23740;40859;221001;537;237602;41020856;37010715;5531623;10151;5589732
FR;1;2021-11-24;30178;49376;217210;701;234249;41051034;37060091;5748833;10852;5823981
FR;1;2021-11-25;23413;43442;244283;718;263720;41074447;37103533;5993116;11570;6087701
FR;1;2021-11-26;30483;66299;356591;834;388251;41104930;37169832;6349707;12404;6475952
FR;1;2021-11-27;21617;45008;202501;370;222462;41126547;37214840;6552208;12774;6698414
FR;1;2021-11-28;3133;9706;54734;62;61038;41129680;37224546;6606942;12836;6759452
FR;1;2021-11-29;17781;49243;326170;840;354046;41147461;37273789;6933112;13676;7113498
FR;1;2021-11-30;22386;64478;430905;949;470423;41169847;37338267;7364017;14625;7583921
FR;1;2021-12-01;24228;68980;442604;1129;481377;41194075;37407247;7806621;15754;8065298
FR;1;2021-12-02;19761;64210;489151;1222;532532;41213836;37471457;8295772;16976;8597830
FR;1;2021-12-03;22811;81550;542471;1303;591359;41236647;37553007;8838243;18279;9189189
FR;1;2021-12-04;16306;53798;298958;652;328756;41252953;37606805;9137201;18931;9517945
FR;1;2021-12-05;3623;13946;81481;143;91085;41256576;37620751;9218682;19074;9609030
FR;1;2021-12-06;16631;62277;415221;1062;454869;41273207;37683028;9633903;20136;10063899
FR;1;2021-12-07;19717;75634;522648;1526;572150;41292924;37758662;10156551;21662;10636049
FR;1;2021-12-08;21356;75316;458143;1540;501802;41314280;37833978;10614694;23202;11137851
FR;1;2021-12-09;19299;73800;492656;1624;540452;41333579;37907778;11107350;24826;11678303
FR;1;2021-12-10;22392;87448;547118;1582;599662;41355971;37995226;11654468;26408;12277965
FR;1;2021-12-11;16505;58850;302623;745;335369;41372476;38054076;11957091;27153;12613334
FR;1;2021-12-12;4325;15893;83153;178;94069;41376801;38069969;12040244;27331;12707403
FR;1;2021-12-13;15421;63551;366750;1093;406087;41392222;38133520;12406994;28424;13113490
FR;1;2021-12-14;19858;80064;464430;1735;514914;41412080;38213584;12871424;30159;13628404
FR;1;2021-12-15;21198;77013;408814;1307;452850;41433278;38290597;13280238;31466;14081254
FR;1;2021-12-16;19883;77142;451635;1574;500416;41453161;38367739;13731873;33040;14581670
FR;1;2021-12-17;22431;86568;479723;1733;530831;41475592;38454307;14211596;34773;15112501
FR;1;2021-12-18;17582;54579;257547;730;288465;41493174;38508886;14469143;35503;15400966
FR;1;2021-12-19;5534;17200;79160;194;90833;41498708;38526086;14548303;35697;15491799
FR;1;2021-12-20;20847;62965;316241;1081;355329;41519555;38589051;14864544;36778;15847128
FR;1;2021-12-21;26049;73014;372610;1419;417976;41545604;38662065;15237154;38197;16265104
FR;1;2021-12-22;24851;65685;310444;1213;349411;41570455;38727750;15547598;39410;16614515
FR;1;2021-12-23;21165;52175;241619;947;273217;41591620;38779925;15789217;40357;16887732
FR;1;2021-12-24;7059;18235;67159;254;77110;41598679;38798160;15856376;40611;16964842
FR;1;2021-12-25;487;2736;5589;15;6566;41599166;38800896;15861965;40626;16971408
FR;1;2021-12-26;2742;7589;26933;62;31457;41601908;38808485;15888898;40688;17002865
FR;1;2021-12-27;18066;53189;235147;707;265802;41619974;38861674;16124045;41395;17268667
FR;1;2021-12-28;23188;61755;292062;1020;330217;41643162;38923429;16416107;42415;17598884
FR;1;2021-12-29;22176;55378;254970;919;288197;41665338;38978807;16671077;43334;17887081
FR;1;2021-12-30;21174;45931;212163;857;239622;41686512;39024738;16883240;44191;18126703
FR;1;2021-12-31;7239;16405;61945;228;70427;41693751;39041143;16945185;44419;18197130
FR;1;2022-01-01;800;2373;5674;30;6597;41694551;39043516;16950859;44449;18203727
FR;1;2022-01-02;3026;8066;28946;50;33610;41697577;39051582;16979805;44499;18237337
FR;1;2022-01-03;18774;51304;229348;783;258542;41716351;39102886;17209153;45282;18495879
FR;1;2022-01-04;24592;64326;299676;1235;337654;41740943;39167212;17508829;46517;18833533
FR;1;2022-01-05;28937;63243;275656;1093;310920;41769880;39230455;17784485;47610;19144453
FR;1;2022-01-06;26320;65738;307454;1390;347075;41796200;39296193;18091939;49000;19491528
FR;1;2022-01-07;31144;74199;350779;1536;394821;41827344;39370392;18442718;50536;19886349
FR;1;2022-01-08;23257;51337;222578;694;251205;41850601;39421729;18665296;51230;20137554
FR;1;2022-01-09;7074;17270;66050;161;76206;41857675;39438999;18731346;51391;20213760
FR;1;2022-01-10;21230;53429;239095;952;269317;41878905;39492428;18970441;52343;20483077
FR;1;2022-01-11;26346;62533;283125;1272;318642;41905251;39554961;19253566;53615;20801719
FR;1;2022-01-12;28523;61611;247081;1100;278812;41933774;39616572;19500647;54715;21080531
FR;1;2022-01-13;24286;59576;263512;1246;296795;41958060;39676148;19764159;55961;21377326
FR;1;2022-01-14;27620;66364;315213;1363;352486;41985680;39742512;20079372;57324;21729812
FR;1;2022-01-15;19219;44405;199531;614;224111;42004899;39786917;20278903;57938;21953923
FR;1;2022-01-16;5127;14384;51534;134;59628;42010026;39801301;20330437;58072;22013551
FR;1;2022-01-17;16665;41704;186694;774;208744;42026691;39843005;20517131;58846;22222295
FR;1;2022-01-18;19190;47369;213440;1148;238046;42045881;39890374;20730571;59994;22460341
FR;1;2022-01-19;20046;45546;177082;894;198209;42065927;39935920;20907653;60888;22658550
FR;1;2022-01-20;16510;42120;184893;1136;205962;42082437;39978040;21092546;62024;22864512
FR;1;2022-01-21;19631;48503;230591;1397;254997;42102068;40026543;21323137;63421;23119509
FR;1;2022-01-22;13797;33109;144810;578;161692;42115865;40059652;21467947;63999;23281201
FR;1;2022-01-23;3336;9620;33435;130;38378;42119201;40069272;21501382;64129;23319579
FR;1;2022-01-24;11697;34882;143417;704;159536;42130898;40104154;21644799;64833;23479115
FR;1;2022-01-25;14058;39983;164212;1045;182407;42144956;40144137;21809011;65878;23661522
FR;1;2022-01-26;14770;38475;150789;925;166800;42159726;40182612;21959800;66803;23828322
FR;1;2022-01-27;12239;34634;143939;875;158398;42171965;40217246;22103739;67678;23986720
FR;1;2022-01-28;16174;55385;198874;1143;223091;42188139;40272631;22302613;68821;24209811
FR;1;2022-01-29;10235;37247;135416;520;151808;42198374;40309878;22438029;69341;24361619
FR;1;2022-01-30;2464;10422;29662;84;34470;42200838;40320300;22467691;69425;24396089
FR;1;2022-01-31;8693;32540;104476;528;117571;42209531;40352840;22572167;69953;24513660
FR;1;2022-02-01;9840;36822;127477;854;141626;42219371;40389662;22699644;70807;24655286
FR;1;2022-02-02;11013;41767;130490;765;146021;42230384;40431429;22830134;71572;24801307
FR;1;2022-02-03;8634;34628;116822;767;130190;42239018;40466057;22946956;72339;24931497
FR;1;2022-02-04;11298;49766;172398;960;192668;42250316;40515823;23119354;73299;25124165
FR;1;2022-02-05;7657;35389;117516;391;133012;42257973;40551212;23236870;73690;25257177
FR;1;2022-02-06;1683;9052;22719;82;26908;42259656;40560264;23259589;73772;25284085
FR;1;2022-02-07;6928;35873;118902;448;134827;42266584;40596137;23378491;74220;25418912
FR;1;2022-02-08;7423;31324;125462;686;140419;42274007;40627461;23503953;74906;25559331
FR;1;2022-02-09;8340;35725;135020;688;152204;42282347;40663186;23638973;75594;25711535
FR;1;2022-02-10;6473;28761;115920;665;129607;42288820;40691947;23754893;76259;25841142
FR;1;2022-02-11;8470;41082;164768;868;184955;42297290;40733029;23919661;77127;26026097
FR;1;2022-02-12;5204;27434;106390;377;120537;42302494;40760463;24026051;77504;26146634
FR;1;2022-02-13;1208;5666;21666;61;25279;42303702;40766129;24047717;77565;26171913
FR;1;2022-02-14;5292;26907;117494;390;132503;42308994;40793036;24165211;77955;26304416
FR;1;2022-02-15;5512;27797;117985;604;131544;42314506;40820833;24283196;78559;26435960
FR;1;2022-02-16;5567;27745;109549;590;122135;42320073;40848578;24392745;79149;26558095
FR;1;2022-02-17;4318;18723;72339;479;79349;42324391;40867301;24465084;79628;26637444
FR;1;2022-02-18;5400;26067;97632;666;106479;42329791;40893368;24562716;80294;26743923
FR;1;2022-02-19;3459;16940;58915;300;65456;42333250;40910308;24621631;80594;26809379
FR;1;2022-02-20;753;3170;10565;35;12176;42334003;40913478;24632196;80629;26821555
FR;1;2022-02-21;3264;14163;50405;286;55211;42337267;40927641;24682601;80915;26876766
FR;1;2022-02-22;3606;15065;50181;483;53853;42340873;40942706;24732782;81398;26930619
FR;1;2022-02-23;4086;17240;56090;506;61123;42344959;40959946;24788872;81904;26991742
FR;1;2022-02-24;3133;12273;41994;425;44736;42348092;40972219;24830866;82329;27036478
FR;1;2022-02-25;4276;18888;63267;680;67131;42352368;40991107;24894133;83009;27103609
FR;1;2022-02-26;2635;12362;40748;301;44470;42355003;41003469;24934881;83310;27148079
FR;1;2022-02-27;629;2118;6964;41;7812;42355632;41005587;24941845;83351;27155891
FR;1;2022-02-28;2484;9709;33674;295;36046;42358116;41015296;24975519;83646;27191937
FR;1;2022-03-01;2452;9586;33929;353;34846;42360568;41024882;25009448;83999;27226783
FR;1;2022-03-02;3216;11215;38816;350;40850;42363784;41036097;25048264;84349;27267633
FR;2;2020-12-27;0;0;0;0;0;0;0;0;0;0
FR;2;2020-12-28;0;0;0;0;0;0;0;0;0;0
FR;2;2020-12-29;0;0;0;0;0;0;0;0;0;0
FR;2;2020-12-30;0;0;0;0;0;0;0;0;0;0
FR;2;2020-12-31;0;0;0;0;0;0;0;0;0;0
FR;2;2021-01-01;0;0;0;0;0;0;0;0;0;0
FR;2;2021-01-02;0;0;0;0;0;0;0;0;0;0
FR;2;2021-01-03;0;0;0;0;0;0;0;0;0;0
FR;2;2021-01-04;0;0;0;0;0;0;0;0;0;0
FR;2;2021-01-05;0;0;0;0;0;0;0;0;0;0
FR;2;2021-01-06;0;0;0;0;0;0;0;0;0;0
FR;2;2021-01-07;0;0;0;0;0;0;0;0;0;0
FR;2;2021-01-08;0;0;0;0;0;0;0;0;0;0
FR;2;2021-01-09;0;0;0;0;0;0;0;0;0;0
FR;2;2021-01-10;0;0;0;0;0;0;0;0;0;0
FR;2;2021-01-11;0;0;0;0;0;0;0;0;0;0
FR;2;2021-01-12;0;0;0;0;0;0;0;0;0;0
FR;2;2021-01-13;0;0;0;0;0;0;0;0;0;0
FR;2;2021-01-14;1707;0;0;0;0;1707;0;0;0;0
FR;2;2021-01-15;386;0;0;0;0;2093;0;0;0;0
FR;2;2021-01-16;308;0;0;0;0;2401;0;0;0;0
FR;2;2021-01-17;78;0;0;0;0;2479;0;0;0;0
FR;2;2021-01-18;3071;0;0;0;0;5550;0;0;0;0
FR;2;2021-01-19;4673;0;0;0;0;10223;0;0;0;0
FR;2;2021-01-20;5132;0;0;0;0;15355;0;0;0;0
FR;2;2021-01-21;5332;2;0;0;0;20687;2;0;0;0
FR;2;2021-01-22;5115;0;0;0;0;25802;2;0;0;0
FR;2;2021-01-23;1861;0;0;0;0;27663;2;0;0;0
FR;2;2021-01-24;160;1;0;0;0;27823;3;0;0;0
FR;2;2021-01-25;3809;1;0;0;0;31632;4;0;0;0
FR;2;2021-01-26;3913;0;0;0;0;35545;4;0;0;0
FR;2;2021-01-27;3594;1;0;0;0;39139;5;0;0;0
FR;2;2021-01-28;3736;0;0;0;0;42875;5;0;0;0
FR;2;2021-01-29;3285;1;0;0;0;46160;6;0;0;0
FR;2;2021-01-30;1128;1;0;0;0;47288;7;0;0;0
FR;2;2021-01-31;45;0;0;0;0;47333;7;0;0;0
FR;2;2021-02-01;3396;1;0;0;0;50729;8;0;0;0
FR;2;2021-02-02;4485;4;0;0;0;55214;12;0;0;0
FR;2;2021-02-03;5213;2;0;0;0;60427;14;0;0;0
FR;2;2021-02-04;4921;3;0;0;0;65348;17;0;0;0
FR;2;2021-02-05;4807;8;0;0;0;70155;25;0;0;0
FR;2;2021-02-06;2034;6;0;0;0;72189;31;0;0;0
FR;2;2021-02-07;97;4;0;0;0;72286;35;0;0;0
FR;2;2021-02-08;7547;16;0;0;0;79833;51;0;0;0
FR;2;2021-02-09;8416;21;0;0;0;88249;72;0;0;0
FR;2;2021-02-10;9336;53;0;0;0;97585;125;0;0;0
FR;2;2021-02-11;10267;67;0;0;0;107852;192;0;0;0
FR;2;2021-02-12;10042;240;0;0;0;117894;432;0;0;0
FR;2;2021-02-13;3115;226;0;0;0;121009;658;0;0;0
FR;2;2021-02-14;349;2;0;0;0;121358;660;0;0;0
FR;2;2021-02-15;3450;3065;0;0;0;124808;3725;0;0;0
FR;2;2021-02-16;5059;3884;0;0;0;129867;7609;0;0;0
FR;2;2021-02-17;4240;4399;0;0;0;134107;12008;0;0;0
FR;2;2021-02-18;5394;5087;0;0;0;139501;17095;0;0;0
FR;2;2021-02-19;5318;4326;0;0;0;144819;21421;0;0;0
FR;2;2021-02-20;1861;1507;0;0;0;146680;22928;0;0;0
FR;2;2021-02-21;237;86;0;0;0;146917;23014;0;0;0
FR;2;2021-02-22;3607;3718;0;0;0;150524;26732;0;0;0
FR;2;2021-02-23;4947;3691;0;0;0;155471;30423;0;0;0
FR;2;2021-02-24;5001;3462;0;0;0;160472;33885;0;0;0
FR;2;2021-02-25;5475;3431;0;0;0;165947;37316;0;0;0
FR;2;2021-02-26;4353;3129;0;0;0;170300;40445;0;0;0
FR;2;2021-02-27;1621;1043;0;0;0;171921;41488;0;0;0
FR;2;2021-02-28;174;30;0;0;0;172095;41518;0;0;0
FR;2;2021-03-01;5164;3763;0;0;0;177259;45281;0;0;0
FR;2;2021-03-02;6523;4720;0;0;0;183782;50001;0;0;0
FR;2;2021-03-03;6530;4884;0;0;0;190312;54885;0;0;0
FR;2;2021-03-04;8389;3955;0;0;0;198701;58840;0;0;0
FR;2;2021-03-05;8019;4061;0;0;0;206720;62901;0;0;0
FR;2;2021-03-06;4781;1681;0;0;0;211501;64582;0;0;0
FR;2;2021-03-07;2370;30;0;0;0;213871;64612;0;0;0
FR;2;2021-03-08;4163;8305;0;0;0;218034;72917;0;0;0
FR;2;2021-03-09;7479;8429;1;0;0;225513;81346;1;0;0
FR;2;2021-03-10;7081;9094;0;0;0;232594;90440;1;0;0
FR;2;2021-03-11;9365;9182;1;0;0;241959;99622;2;0;0
FR;2;2021-03-12;7962;8169;0;0;0;249921;107791;2;0;0
FR;2;2021-03-13;10036;2513;0;0;0;259957;110304;2;0;0
FR;2;2021-03-14;4836;401;0;0;0;264793;110705;2;0;0
FR;2;2021-03-15;10903;3485;0;0;0;275696;114190;2;0;0
FR;2;2021-03-16;16751;4629;1;0;0;292447;118819;3;0;0
FR;2;2021-03-17;20211;3956;0;0;0;312658;122775;3;0;0
FR;2;2021-03-18;23352;4893;0;0;0;336010;127668;3;0;0
FR;2;2021-03-19;23295;4526;0;0;0;359305;132194;3;0;0
FR;2;2021-03-20;25430;1535;0;0;0;384735;133729;3;0;0
FR;2;2021-03-21;17664;147;0;0;0;402399;133876;3;0;0
FR;2;2021-03-22;17775;3068;0;0;0;420174;136944;3;0;0
FR;2;2021-03-23;22678;4188;0;0;0;442852;141132;3;0;0
FR;2;2021-03-24;23948;4981;0;0;0;466800;146113;3;0;0
FR;2;2021-03-25;26725;5029;1;0;0;493525;151142;4;0;0
FR;2;2021-03-26;26966;4262;0;0;0;520491;155404;4;0;0
FR;2;2021-03-27;15909;1307;0;0;0;536400;156711;4;0;0
FR;2;2021-03-28;10560;96;0;0;0;546960;156807;4;0;0
FR;2;2021-03-29;18975;4280;0;0;0;565935;161087;4;0;0
FR;2;2021-03-30;24567;6007;0;0;0;590502;167094;4;0;0
FR;2;2021-03-31;28540;5948;0;0;0;619042;173042;4;0;0
FR;2;2021-04-01;34532;8485;1;0;0;653574;181527;5;0;0
FR;2;2021-04-02;29970;7662;0;0;0;683544;189189;5;0;0
FR;2;2021-04-03;16948;3581;0;0;0;700492;192770;5;0;0
FR;2;2021-04-04;9299;921;2;0;0;709791;193691;7;0;0
FR;2;2021-04-05;12431;812;0;0;0;722222;194503;7;0;0
FR;2;2021-04-06;27132;6923;0;0;0;749354;201426;7;0;0
FR;2;2021-04-07;30919;7155;1;0;0;780273;208581;8;0;0
FR;2;2021-04-08;36868;8804;1;0;0;817141;217385;9;0;0
FR;2;2021-04-09;33818;8588;28;0;0;850959;225973;37;0;0
FR;2;2021-04-10;19673;8965;1;0;0;870632;234938;38;0;0
FR;2;2021-04-11;7937;4264;1;0;0;878569;239202;39;0;0
FR;2;2021-04-12;17115;11236;0;0;0;895684;250438;39;0;0
FR;2;2021-04-13;19439;16407;1;0;0;915123;266845;40;0;0
FR;2;2021-04-14;18049;16263;7;0;0;933172;283108;47;0;0
FR;2;2021-04-15;22172;20745;26;0;0;955344;303853;73;0;0
FR;2;2021-04-16;20702;20038;45;0;0;976046;323891;118;0;0
FR;2;2021-04-17;13247;22435;5;0;0;989293;346326;123;0;0
FR;2;2021-04-18;5904;14388;5;0;0;995197;360714;128;0;0
FR;2;2021-04-19;16822;16231;24;0;0;1012019;376945;152;0;0
FR;2;2021-04-20;19310;21543;38;0;0;1031329;398488;190;0;0
FR;2;2021-04-21;20276;21644;76;0;0;1051605;420132;266;0;0
FR;2;2021-04-22;23798;24832;41;0;0;1075403;444964;307;0;0
FR;2;2021-04-23;24502;25328;76;0;0;1099905;470292;383;0;0
FR;2;2021-04-24;25295;15077;102;0;0;1125200;485369;485;0;0
FR;2;2021-04-25;9592;8589;5;0;0;1134792;493958;490;0;0
FR;2;2021-04-26;17149;17187;20;0;0;1151941;511145;510;0;0
FR;2;2021-04-27;19235;24276;40;0;0;1171176;535421;550;0;0
FR;2;2021-04-28;22327;26162;111;0;0;1193503;561583;661;0;0
FR;2;2021-04-29;25457;30104;69;0;0;1218960;591687;730;0;0
FR;2;2021-04-30;25526;27748;49;1;0;1244486;619435;779;1;0
FR;2;2021-05-01;14977;9860;6;0;0;1259463;629295;785;1;0
FR;2;2021-05-02;6634;9174;2;0;0;1266097;638469;787;1;0
FR;2;2021-05-03;20010;19299;40;0;0;1286107;657768;827;1;0
FR;2;2021-05-04;18277;29016;33;0;0;1304384;686784;860;1;0
FR;2;2021-05-05;18354;29366;46;0;0;1322738;716150;906;1;0
FR;2;2021-05-06;23527;35235;131;0;0;1346265;751385;1037;1;0
FR;2;2021-05-07;25317;33196;97;0;0;1371582;784581;1134;1;0
FR;2;2021-05-08;21331;9693;14;0;0;1392913;794274;1148;1;0
FR;2;2021-05-09;13159;7883;7;0;0;1406072;802157;1155;1;0
FR;2;2021-05-10;32929;22186;47;0;0;1439001;824343;1202;1;0
FR;2;2021-05-11;43584;21048;101;0;0;1482585;845391;1303;1;0
FR;2;2021-05-12;50030;19875;141;0;0;1532615;865266;1444;1;0
FR;2;2021-05-13;51280;5761;31;0;0;1583895;871027;1475;1;0
FR;2;2021-05-14;61331;12920;131;0;0;1645226;883947;1606;1;0
FR;2;2021-05-15;65914;7141;38;0;0;1711140;891088;1644;1;0
FR;2;2021-05-16;43575;2568;10;0;0;1754715;893656;1654;1;0
FR;2;2021-05-17;44734;12560;112;0;0;1799449;906216;1766;1;0
FR;2;2021-05-18;54627;12232;191;0;0;1854076;918448;1957;1;0
FR;2;2021-05-19;57154;10598;280;0;0;1911230;929046;2237;1;0
FR;2;2021-05-20;63423;10840;286;0;0;1974653;939886;2523;1;0
FR;2;2021-05-21;64277;11644;229;0;0;2038930;951530;2752;1;0
FR;2;2021-05-22;61472;4497;65;0;0;2100402;956027;2817;1;0
FR;2;2021-05-23;37528;568;22;0;0;2137930;956595;2839;1;0
FR;2;2021-05-24;17228;2029;33;0;0;2155158;958624;2872;1;0
FR;2;2021-05-25;21096;12231;238;0;0;2176254;970855;3110;1;0
FR;2;2021-05-26;19922;11440;229;0;0;2196176;982295;3339;1;0
FR;2;2021-05-27;22982;12646;181;0;0;2219158;994941;3520;1;0
FR;2;2021-05-28;29377;14949;190;0;0;2248535;1009890;3710;1;0
FR;2;2021-05-29;30408;8174;56;0;0;2278943;1018064;3766;1;0
FR;2;2021-05-30;4646;1809;6;0;0;2283589;1019873;3772;1;0
FR;2;2021-05-31;28577;18714;182;0;0;2312166;1038587;3954;1;0
FR;2;2021-06-01;45697;20030;221;0;0;2357863;1058617;4175;1;0
FR;2;2021-06-02;37462;19291;179;0;0;2395325;1077908;4354;1;0
FR;2;2021-06-03;51253;23350;160;0;0;2446578;1101258;4514;1;0
FR;2;2021-06-04;65499;24048;215;0;0;2512077;1125306;4729;1;0
FR;2;2021-06-05;34590;24019;51;0;0;2546667;1149325;4780;1;0
FR;2;2021-06-06;4946;6194;10;0;0;2551613;1155519;4790;1;0
FR;2;2021-06-07;28161;23058;145;0;0;2579774;1178577;4935;1;0
FR;2;2021-06-08;46366;22920;143;0;0;2626140;1201497;5078;1;0
FR;2;2021-06-09;34272;20906;107;0;0;2660412;1222403;5185;1;0
FR;2;2021-06-10;42626;19131;94;1;0;2703038;1241534;5279;2;0
FR;2;2021-06-11;55273;25213;133;0;0;2758311;1266747;5412;2;0
FR;2;2021-06-12;30555;19781;53;0;0;2788866;1286528;5465;2;0
FR;2;2021-06-13;3326;9179;13;0;0;2792192;1295707;5478;2;0
FR;2;2021-06-14;25292;24156;92;0;0;2817484;1319863;5570;2;0
FR;2;2021-06-15;39016;22853;154;0;0;2856500;1342716;5724;2;0
FR;2;2021-06-16;30150;21455;134;0;0;2886650;1364171;5858;2;0
FR;2;2021-06-17;36891;25866;149;0;0;2923541;1390037;6007;2;0
FR;2;2021-06-18;46836;28781;120;0;0;2970377;1418818;6127;2;0
FR;2;2021-06-19;24523;24887;39;0;0;2994900;1443705;6166;2;0
FR;2;2021-06-20;3737;10059;10;0;0;2998637;1453764;6176;2;0
FR;2;2021-06-21;17512;42828;87;0;0;3016149;1496592;6263;2;0
FR;2;2021-06-22;28354;49534;110;0;0;3044503;1546126;6373;2;0
FR;2;2021-06-23;21777;49567;106;1;1;3066280;1595693;6479;3;1
FR;2;2021-06-24;28364;50274;133;0;0;3094644;1645967;6612;3;1
FR;2;2021-06-25;33389;60366;125;0;0;3128033;1706333;6737;3;1
FR;2;2021-06-26;16365;59233;54;1;0;3144398;1765566;6791;4;1
FR;2;2021-06-27;2563;29322;22;0;0;3146961;1794888;6813;4;1
FR;2;2021-06-28;12626;54336;80;0;0;3159587;1849224;6893;4;1
FR;2;2021-06-29;19835;59866;178;0;0;3179422;1909090;7071;4;1
FR;2;2021-06-30;16311;57832;250;17;0;3195733;1966922;7321;21;1
FR;2;2021-07-01;20479;59874;226;0;0;3216212;2026796;7547;21;1
FR;2;2021-07-02;24063;62109;183;0;0;3240275;2088905;7730;21;1
FR;2;2021-07-03;12102;57073;153;0;0;3252377;2145978;7883;21;1
FR;2;2021-07-04;1954;23308;18;0;0;3254331;2169286;7901;21;1
FR;2;2021-07-05;9155;29353;106;0;0;3263486;2198639;8007;21;1
FR;2;2021-07-06;14564;36192;134;0;0;3278050;2234831;8141;21;1
FR;2;2021-07-07;14395;33657;138;0;0;3292445;2268488;8279;21;1
FR;2;2021-07-08;19702;40275;162;0;0;3312147;2308763;8441;21;1
FR;2;2021-07-09;27076;54250;201;1;1;3339223;2363013;8642;22;2
FR;2;2021-07-10;13376;33658;107;0;0;3352599;2396671;8749;22;2
FR;2;2021-07-11;1801;4335;16;0;0;3354400;2401006;8765;22;2
FR;2;2021-07-12;12957;37256;118;0;0;3367357;2438262;8883;22;2
FR;2;2021-07-13;37098;53232;150;0;0;3404455;2491494;9033;22;2
FR;2;2021-07-14;6596;3576;15;0;0;3411051;2495070;9048;22;2
FR;2;2021-07-15;47208;47019;156;0;0;3458259;2542089;9204;22;2
FR;2;2021-07-16;64299;55814;187;0;0;3522558;2597903;9391;22;2
FR;2;2021-07-17;31581;23933;96;0;0;3554139;2621836;9487;22;2
FR;2;2021-07-18;6083;4903;19;0;0;3560222;2626739;9506;22;2
FR;2;2021-07-19;32972;28695;92;0;0;3593194;2655434;9598;22;2
FR;2;2021-07-20;51975;44555;155;0;0;3645169;2699989;9753;22;2
FR;2;2021-07-21;45236;34773;93;0;0;3690405;2734762;9846;22;2
FR;2;2021-07-22;56259;41103;128;1;0;3746664;2775865;9974;23;2
FR;2;2021-07-23;68267;49094;170;0;0;3814931;2824959;10144;23;2
FR;2;2021-07-24;36154;21571;82;0;0;3851085;2846530;10226;23;2
FR;2;2021-07-25;6730;2672;10;0;0;3857815;2849202;10236;23;2
FR;2;2021-07-26;36278;22468;91;1;0;3894093;2871670;10327;24;2
FR;2;2021-07-27;62337;34627;180;0;0;3956430;2906297;10507;24;2
FR;2;2021-07-28;55268;26462;133;0;0;4011698;2932759;10640;24;2
FR;2;2021-07-29;68418;32766;189;0;0;4080116;2965525;10829;24;2
FR;2;2021-07-30;74389;37775;222;1;1;4154505;3003300;11051;25;3
FR;2;2021-07-31;34732;16170;104;0;0;4189237;3019470;11155;25;3
FR;2;2021-08-01;5385;2291;19;0;0;4194622;3021761;11174;25;3
FR;2;2021-08-02;35836;16188;101;0;0;4230458;3037949;11275;25;3
FR;2;2021-08-03;55936;28277;141;0;0;4286394;3066226;11416;25;3
FR;2;2021-08-04;46651;20854;129;0;0;4333045;3087080;11545;25;3
FR;2;2021-08-05;54617;31579;215;0;0;4387662;3118659;11760;25;3
FR;2;2021-08-06;58052;42377;242;1;0;4445714;3161036;12002;26;3
FR;2;2021-08-07;25120;17598;89;0;0;4470834;3178634;12091;26;3
FR;2;2021-08-08;3826;3664;21;0;0;4474660;3182298;12112;26;3
FR;2;2021-08-09;29279;21135;91;0;0;4503939;3203433;12203;26;3
FR;2;2021-08-10;44970;33512;152;0;0;4548909;3236945;12355;26;3
FR;2;2021-08-11;35240;25166;150;0;0;4584149;3262111;12505;26;3
FR;2;2021-08-12;41864;35713;162;0;0;4626013;3297824;12667;26;3
FR;2;2021-08-13;42573;36935;218;0;0;4668586;3334759;12885;26;3
FR;2;2021-08-14;18497;22294;92;0;0;4687083;3357053;12977;26;3
FR;2;2021-08-15;3739;3815;17;0;0;4690822;3360868;12994;26;3
FR;2;2021-08-16;25062;27236;110;0;0;4715884;3388104;13104;26;3
FR;2;2021-08-17;38238;43477;203;1;0;4754122;3431581;13307;27;3
FR;2;2021-08-18;32227;36379;192;1;1;4786349;3467960;13499;28;4
FR;2;2021-08-19;37411;46593;223;0;0;4823760;3514553;13722;28;4
FR;2;2021-08-20;40547;55554;266;1;0;4864307;3570107;13988;29;4
FR;2;2021-08-21;18111;24287;113;0;0;4882418;3594394;14101;29;4
FR;2;2021-08-22;2899;4317;22;1;1;4885317;3598711;14123;30;5
FR;2;2021-08-23;19228;35130;131;1;1;4904545;3633841;14254;31;6
FR;2;2021-08-24;31924;56015;234;0;0;4936469;3689856;14488;31;6
FR;2;2021-08-25;25918;43416;247;0;0;4962387;3733272;14735;31;6
FR;2;2021-08-26;32336;55745;387;0;0;4994723;3789017;15122;31;6
FR;2;2021-08-27;36986;65533;477;3;1;5031709;3854550;15599;34;7
FR;2;2021-08-28;17802;28424;300;0;0;5049511;3882974;15899;34;7
FR;2;2021-08-29;2652;5048;47;0;0;5052163;3888022;15946;34;7
FR;2;2021-08-30;18403;37739;397;0;760;5070566;3925761;16343;34;767
FR;2;2021-08-31;28061;57493;881;4;1524;5098627;3983254;17224;38;2291
FR;2;2021-09-01;21578;39814;1304;0;2081;5120205;4023068;18528;38;4372
FR;2;2021-09-02;25469;48585;1957;1;3263;5145674;4071653;20485;39;7635
FR;2;2021-09-03;33403;64422;2983;3;4794;5179077;4136075;23468;42;12429
FR;2;2021-09-04;16814;27651;1441;1;2339;5195891;4163726;24909;43;14768
FR;2;2021-09-05;2257;3642;261;0;412;5198148;4167368;25170;43;15180
FR;2;2021-09-06;14020;28716;1767;1;2919;5212168;4196084;26937;44;18099
FR;2;2021-09-07;21090;41018;3019;13;4830;5233258;4237102;29956;57;22929
FR;2;2021-09-08;17226;31905;2729;6;4421;5250484;4269007;32685;63;27350
FR;2;2021-09-09;20966;40419;4424;3;6703;5271450;4309426;37109;66;34053
FR;2;2021-09-10;28180;51066;5275;4;8760;5299630;4360492;42384;70;42813
FR;2;2021-09-11;13642;22279;2401;5;3907;5313272;4382771;44785;75;46720
FR;2;2021-09-12;1819;2797;281;0;495;5315091;4385568;45066;75;47215
FR;2;2021-09-13;11649;21454;2459;4;3980;5326740;4407022;47525;79;51195
FR;2;2021-09-14;18555;32758;5078;13;8984;5345295;4439780;52603;92;60179
FR;2;2021-09-15;14905;28288;5163;3;7780;5360200;4468068;57766;95;67959
FR;2;2021-09-16;16061;32734;6730;14;10503;5376261;4500802;64496;109;78462
FR;2;2021-09-17;20903;47036;8771;10;14555;5397164;4547838;73267;119;93017
FR;2;2021-09-18;9851;20917;3801;6;6025;5407015;4568755;77068;125;99042
FR;2;2021-09-19;1165;2658;395;0;650;5408180;4571413;77463;125;99692
FR;2;2021-09-20;7484;18804;3845;7;6142;5415664;4590217;81308;132;105834
FR;2;2021-09-21;11200;30023;6491;5;10739;5426864;4620240;87799;137;116573
FR;2;2021-09-22;9402;23537;5487;7;8503;5436266;4643777;93286;144;125076
FR;2;2021-09-23;10715;28864;7873;9;12615;5446981;4672641;101159;153;137691
FR;2;2021-09-24;15055;42806;10861;18;17141;5462036;4715447;112020;171;154832
FR;2;2021-09-25;7256;18678;3958;10;6064;5469292;4734125;115978;181;160896
FR;2;2021-09-26;1078;2563;494;0;640;5470370;4736688;116472;181;161536
FR;2;2021-09-27;6307;16443;4281;6;6546;5476677;4753131;120753;187;168082
FR;2;2021-09-28;9241;25529;7756;13;12050;5485918;4778660;128509;200;180132
FR;2;2021-09-29;8071;20180;6063;24;9241;5493989;4798840;134572;224;189373
FR;2;2021-09-30;9859;25756;9493;16;14061;5503848;4824596;144065;240;203434
FR;2;2021-10-01;13958;35583;12900;25;19196;5517806;4860179;156965;265;222630
FR;2;2021-10-02;6868;15849;4845;6;6990;5524674;4876028;161810;271;229620
FR;2;2021-10-03;839;1979;491;1;519;5525513;4878007;162301;272;230139
FR;2;2021-10-04;5812;13924;5511;5;7856;5531325;4891931;167812;277;237995
FR;2;2021-10-05;9045;22528;11117;19;15697;5540370;4914459;178929;296;253692
FR;2;2021-10-06;7767;17748;8232;11;11054;5548137;4932207;187161;307;264746
FR;2;2021-10-07;9191;22181;12367;15;16813;5557328;4954388;199528;322;281559
FR;2;2021-10-08;13417;31979;17335;27;23480;5570745;4986367;216863;349;305039
FR;2;2021-10-09;5991;12776;6039;6;7858;5576736;4999143;222902;355;312897
FR;2;2021-10-10;884;1642;434;2;627;5577620;5000785;223336;357;313524
FR;2;2021-10-11;5597;11619;6452;17;8838;5583217;5012404;229788;374;322362
FR;2;2021-10-12;8031;17746;12527;13;16713;5591248;5030150;242315;387;339075
FR;2;2021-10-13;6934;14858;10243;11;13598;5598182;5045008;252558;398;352673
FR;2;2021-10-14;8309;17914;14982;13;19433;5606491;5062922;267540;411;372106
FR;2;2021-10-15;11840;26231;20892;26;27905;5618331;5089153;288432;437;400011
FR;2;2021-10-16;5139;8706;1814;0;3204;5623470;5097859;290246;437;403215
FR;2;2021-10-17;649;1202;183;0;379;5624119;5099061;290429;437;403594
FR;2;2021-10-18;4554;7468;659;2;1681;5628673;5106529;291088;439;405275
FR;2;2021-10-19;6232;9914;727;5;2063;5634905;5116443;291815;444;407338
FR;2;2021-10-20;5160;8109;756;3;1676;5640065;5124552;292571;447;409014
FR;2;2021-10-21;6084;9956;773;5;2082;5646149;5134508;293344;452;411096
FR;2;2021-10-22;8443;14499;1133;4;2842;5654592;5149007;294477;456;413938
FR;2;2021-10-23;3838;6000;577;0;1236;5658430;5155007;295054;456;415174
FR;2;2021-10-24;492;890;99;0;202;5658922;5155897;295153;456;415376
FR;2;2021-10-25;3356;5396;290;1;822;5662278;5161293;295443;457;416198
FR;2;2021-10-26;4169;7242;1112;4;1986;5666447;5168535;296555;461;418184
FR;2;2021-10-27;3669;6626;1187;5;1993;5670116;5175161;297742;466;420177
FR;2;2021-10-28;4592;7685;1720;3;2728;5674708;5182846;299462;469;422905
FR;2;2021-10-29;5401;11066;2426;4;3656;5680109;5193912;301888;473;426561
FR;2;2021-10-30;2743;4410;970;1;1425;5682852;5198322;302858;474;427986
FR;2;2021-10-31;365;553;138;1;186;5683217;5198875;302996;475;428172
FR;2;2021-11-01;412;548;165;0;254;5683629;5199423;303161;475;428426
FR;2;2021-11-02;3285;6770;1175;0;1753;5686914;5206193;304336;475;430179
FR;2;2021-11-03;3330;6244;1374;2;1951;5690244;5212437;305710;477;432130
FR;2;2021-11-04;3978;7106;1752;4;2481;5694222;5219543;307462;481;434611
FR;2;2021-11-05;5217;10472;2857;5;3931;5699439;5230015;310319;486;438542
FR;2;2021-11-06;2588;4620;1395;0;1799;5702027;5234635;311714;486;440341
FR;2;2021-11-07;505;886;214;0;284;5702532;5235521;311928;486;440625
FR;2;2021-11-08;2568;5360;1198;3;1670;5705100;5240881;313126;489;442295
FR;2;2021-11-09;2747;6963;2383;6;3167;5707847;5247844;315509;495;445462
FR;2;2021-11-10;2579;5704;5077;6;6242;5710426;5253548;320586;501;451704
FR;2;2021-11-11;431;746;727;0;908;5710857;5254294;321313;501;452612
FR;2;2021-11-12;2948;8067;8952;8;10862;5713805;5262361;330265;509;463474
FR;2;2021-11-13;1526;3325;3859;7;4507;5715331;5265686;334124;516;467981
FR;2;2021-11-14;253;629;345;1;493;5715584;5266315;334469;517;468474
FR;2;2021-11-15;1619;3736;4426;9;5321;5717203;5270051;338895;526;473795
FR;2;2021-11-16;2180;5976;8278;14;10054;5719383;5276027;347173;540;483849
FR;2;2021-11-17;1730;4581;6609;8;7830;5721113;5280608;353782;548;491679
FR;2;2021-11-18;2186;5921;9162;11;10965;5723299;5286529;362944;559;502644
FR;2;2021-11-19;2698;7797;12948;19;15447;5725997;5294326;375892;578;518091
FR;2;2021-11-20;1563;3301;5159;5;6051;5727560;5297627;381051;583;524142
FR;2;2021-11-21;245;531;535;0;664;5727805;5298158;381586;583;524806
FR;2;2021-11-22;1274;2649;4464;5;5400;5729079;5300807;386050;588;530206
FR;2;2021-11-23;1610;4324;8183;9;9888;5730689;5305131;394233;597;540094
FR;2;2021-11-24;1422;3815;7450;15;8699;5732111;5308946;401683;612;548793
FR;2;2021-11-25;1812;4887;11436;21;13622;5733923;5313833;413119;633;562415
FR;2;2021-11-26;2532;7767;22634;31;26051;5736455;5321600;435753;664;588466
FR;2;2021-11-27;1497;4125;12251;18;13985;5737952;5325725;448004;682;602451
FR;2;2021-11-28;293;847;1962;3;2295;5738245;5326572;449966;685;604746
FR;2;2021-11-29;1444;4377;15064;23;17218;5739689;5330949;465030;708;621964
FR;2;2021-11-30;1907;6767;26211;36;29957;5741596;5337716;491241;744;651921
FR;2;2021-12-01;1907;6092;26168;29;29475;5743503;5343808;517409;773;681396
FR;2;2021-12-02;1912;6829;37670;52;41906;5745415;5350637;555079;825;723302
FR;2;2021-12-03;2548;10082;53569;112;59269;5747963;5360719;608648;937;782571
FR;2;2021-12-04;1846;6245;37076;38;40721;5749809;5366964;645724;975;823292
FR;2;2021-12-05;458;2303;14245;13;15993;5750267;5369267;659969;988;839285
FR;2;2021-12-06;2453;9884;77662;109;84715;5752720;5379151;737631;1097;924000
FR;2;2021-12-07;3441;15326;122384;238;133646;5756161;5394477;860015;1335;1057646
FR;2;2021-12-08;3717;16057;133144;330;145337;5759878;5410534;993159;1665;1202983
FR;2;2021-12-09;4542;19581;170097;554;185425;5764420;5430115;1163256;2219;1388408
FR;2;2021-12-10;4663;22790;188575;489;205970;5769083;5452905;1351831;2708;1594378
FR;2;2021-12-11;3684;16588;132408;237;144812;5772767;5469493;1484239;2945;1739190
FR;2;2021-12-12;1257;7152;59067;83;65139;5774024;5476645;1543306;3028;1804329
FR;2;2021-12-13;5521;26885;220618;604;242921;5779545;5503530;1763924;3632;2047250
FR;2;2021-12-14;7019;37486;300677;906;332096;5786564;5541016;2064601;4538;2379346
FR;2;2021-12-15;6564;36237;285131;955;315729;5793128;5577253;2349732;5493;2695075
FR;2;2021-12-16;7767;37923;312060;981;343646;5800895;5615176;2661792;6474;3038721
FR;2;2021-12-17;8689;41198;327784;975;360838;5809584;5656374;2989576;7449;3399559
FR;2;2021-12-18;6517;26550;212297;448;233589;5816101;5682924;3201873;7897;3633148
FR;2;2021-12-19;2602;11530;90195;180;100401;5818703;5694454;3292068;8077;3733549
FR;2;2021-12-20;9555;33613;275105;705;303279;5828258;5728067;3567173;8782;4036828
FR;2;2021-12-21;11550;38288;309544;969;341296;5839808;5766355;3876717;9751;4378124
FR;2;2021-12-22;10453;32887;265045;951;292447;5850261;5799242;4141762;10702;4670571
FR;2;2021-12-23;9428;26702;199428;700;221216;5859689;5825944;4341190;11402;4891787
FR;2;2021-12-24;2782;7503;43833;140;49559;5862471;5833447;4385023;11542;4941346
FR;2;2021-12-25;201;712;2000;10;2504;5862672;5834159;4387023;11552;4943850
FR;2;2021-12-26;1322;4207;25137;71;28674;5863994;5838366;4412160;11623;4972524
FR;2;2021-12-27;8073;29926;218355;657;243270;5872067;5868292;4630515;12280;5215794
FR;2;2021-12-28;9845;36355;272033;741;301924;5881912;5904647;4902548;13021;5517718
FR;2;2021-12-29;9494;32291;246070;766;272644;5891406;5936938;5148618;13787;5790362
FR;2;2021-12-30;9450;28121;208784;662;231440;5900856;5965059;5357402;14449;6021802
FR;2;2021-12-31;3008;8403;54965;177;61234;5903864;5973462;5412367;14626;6083036
FR;2;2022-01-01;227;686;2849;7;3337;5904091;5974148;5415216;14633;6086373
FR;2;2022-01-02;1506;4852;29501;74;33391;5905597;5979000;5444717;14707;6119764
FR;2;2022-01-03;9575;35331;266486;807;293825;5915172;6014331;5711203;15514;6413589
FR;2;2022-01-04;12840;45350;342032;1066;376908;5928012;6059681;6053235;16580;6790497
FR;2;2022-01-05;11271;38666;294117;884;323779;5939283;6098347;6347352;17464;7114276
FR;2;2022-01-06;13652;43447;331888;1296;364634;5952935;6141794;6679240;18760;7478910
FR;2;2022-01-07;14227;47625;361024;1269;396349;5967162;6189419;7040264;20029;7875259
FR;2;2022-01-08;7942;28141;201219;514;221640;5975104;6217560;7241483;20543;8096899
FR;2;2022-01-09;2751;9031;62502;137;69522;5977855;6226591;7303985;20680;8166421
FR;2;2022-01-10;10085;31919;232433;857;255033;5987940;6258510;7536418;21537;8421454
FR;2;2022-01-11;11463;36250;265865;1028;290561;5999403;6294760;7802283;22565;8712015
FR;2;2022-01-12;8755;29841;206271;861;226148;6008158;6324601;8008554;23426;8938163
FR;2;2022-01-13;9381;31323;224444;829;244785;6017539;6355924;8232998;24255;9182948
FR;2;2022-01-14;9741;35684;254497;918;277670;6027280;6391608;8487495;25173;9460618
FR;2;2022-01-15;5352;19442;140747;358;153613;6032632;6411050;8628242;25531;9614231
FR;2;2022-01-16;1512;5555;35858;79;39847;6034144;6416605;8664100;25610;9654078
FR;2;2022-01-17;5544;19320;135402;601;147271;6039688;6435925;8799502;26211;9801349
FR;2;2022-01-18;6415;21553;148594;647;160471;6046103;6457478;8948096;26858;9961820
FR;2;2022-01-19;4382;16416;105078;551;113691;6050485;6473894;9053174;27409;10075511
FR;2;2022-01-20;4862;17594;115270;599;123669;6055347;6491488;9168444;28008;10199180
FR;2;2022-01-21;5189;20073;137326;677;147745;6060536;6511561;9305770;28685;10346925
FR;2;2022-01-22;3023;10970;74232;259;80307;6063559;6522531;9380002;28944;10427232
FR;2;2022-01-23;722;2754;15228;41;16834;6064281;6525285;9395230;28985;10444066
FR;2;2022-01-24;3289;12837;75075;428;81027;6067570;6538122;9470305;29413;10525093
FR;2;2022-01-25;3569;14467;79613;495;85455;6071139;6552589;9549918;29908;10610548
FR;2;2022-01-26;2513;10670;58969;363;63002;6073652;6563259;9608887;30271;10673550
FR;2;2022-01-27;2681;11221;64148;386;67874;6076333;6574480;9673035;30657;10741424
FR;2;2022-01-28;3540;18445;91752;430;99018;6079873;6592925;9764787;31087;10840442
FR;2;2022-01-29;1890;9272;48828;162;52913;6081763;6602197;9813615;31249;10893355
FR;2;2022-01-30;465;2256;9448;37;10606;6082228;6604453;9823063;31286;10903961
FR;2;2022-01-31;1879;9615;43805;208;47338;6084107;6614068;9866868;31494;10951299
FR;2;2022-02-01;1899;10056;47005;278;50093;6086006;6624124;9913873;31772;11001392
FR;2;2022-02-02;1603;9035;41077;249;44141;6087609;6633159;9954950;32021;11045533
FR;2;2022-02-03;1710;8939;40476;203;42873;6089319;6642098;9995426;32224;11088406
FR;2;2022-02-04;2139;15227;66584;295;71308;6091458;6657325;10062010;32519;11159714
FR;2;2022-02-05;1354;8549;35914;131;39218;6092812;6665874;10097924;32650;11198932
FR;2;2022-02-06;272;1794;6118;16;6894;6093084;6667668;10104042;32666;11205826
FR;2;2022-02-07;1335;9613;37717;133;41281;6094419;6677281;10141759;32799;11247107
FR;2;2022-02-08;1287;9788;40907;172;43677;6095706;6687069;10182666;32971;11290784
FR;2;2022-02-09;1155;8797;37000;173;40407;6096861;6695866;10219666;33144;11331191
FR;2;2022-02-10;1006;7958;33803;202;36465;6097867;6703824;10253469;33346;11367656
FR;2;2022-02-11;1377;12069;53307;222;57654;6099244;6715893;10306776;33568;11425310
FR;2;2022-02-12;748;6515;27967;83;30785;6099992;6722408;10334743;33651;11456095
FR;2;2022-02-13;199;1331;4825;20;5564;6100191;6723739;10339568;33671;11461659
FR;2;2022-02-14;821;6715;30221;89;33185;6101012;6730454;10369789;33760;11494844
FR;2;2022-02-15;763;6435;28009;140;29947;6101775;6736889;10397798;33900;11524791
FR;2;2022-02-16;646;5321;21979;123;23529;6102421;6742210;10419777;34023;11548320
FR;2;2022-02-17;505;3756;14110;97;14575;6102926;6745966;10433887;34120;11562895
FR;2;2022-02-18;720;5339;20363;133;21052;6103646;6751305;10454250;34253;11583947
FR;2;2022-02-19;427;3019;10496;66;11198;6104073;6754324;10464746;34319;11595145
FR;2;2022-02-20;101;504;1451;3;1594;6104174;6754828;10466197;34322;11596739
FR;2;2022-02-21;411;2656;9016;65;9389;6104585;6757484;10475213;34387;11606128
FR;2;2022-02-22;386;2555;8818;74;8718;6104971;6760039;10484031;34461;11614846
FR;2;2022-02-23;428;2582;8922;76;9205;6105399;6762621;10492953;34537;11624051
FR;2;2022-02-24;307;1994;6675;71;6699;6105706;6764615;10499628;34608;11630750
FR;2;2022-02-25;440;3125;11202;105;11047;6106146;6767740;10510830;34713;11641797
FR;2;2022-02-26;290;1858;5976;49;6284;6106436;6769598;10516806;34762;11648081
FR;2;2022-02-27;70;290;855;4;891;6106506;6769888;10517661;34766;11648972
FR;2;2022-02-28;316;1642;5418;49;5430;6106822;6771530;10523079;34815;11654402
FR;2;2022-03-01;263;1497;5255;43;4978;6107085;6773027;10528334;34858;11659380
FR;2;2022-03-02;288;1365;5020;43;4867;6107373;6774392;10533354;34901;11664247
FR;3;2020-12-27;0;0;0;0;0;0;0;0;0;0
FR;3;2020-12-28;0;0;0;0;0;0;0;0;0;0
FR;3;2020-12-29;0;0;0;0;0;0;0;0;0;0
FR;3;2020-12-30;0;0;0;0;0;0;0;0;0;0
FR;3;2020-12-31;0;0;0;0;0;0;0;0;0;0
FR;3;2021-01-01;0;0;0;0;0;0;0;0;0;0
FR;3;2021-01-02;0;0;0;0;0;0;0;0;0;0
FR;3;2021-01-03;0;0;0;0;0;0;0;0;0;0
FR;3;2021-01-04;0;0;0;0;0;0;0;0;0;0
FR;3;2021-01-05;0;0;0;0;0;0;0;0;0;0
FR;3;2021-01-06;0;0;0;0;0;0;0;0;0;0
FR;3;2021-01-07;0;0;0;0;0;0;0;0;0;0
FR;3;2021-01-08;0;0;0;0;0;0;0;0;0;0
FR;3;2021-01-09;0;0;0;0;0;0;0;0;0;0
FR;3;2021-01-10;0;0;0;0;0;0;0;0;0;0
FR;3;2021-01-11;0;0;0;0;0;0;0;0;0;0
FR;3;2021-01-12;0;0;0;0;0;0;0;0;0;0
FR;3;2021-01-13;0;0;0;0;0;0;0;0;0;0
FR;3;2021-01-14;0;0;0;0;0;0;0;0;0;0
FR;3;2021-01-15;0;0;0;0;0;0;0;0;0;0
FR;3;2021-01-16;0;0;0;0;0;0;0;0;0;0
FR;3;2021-01-17;0;0;0;0;0;0;0;0;0;0
FR;3;2021-01-18;0;0;0;0;0;0;0;0;0;0
FR;3;2021-01-19;0;0;0;0;0;0;0;0;0;0
FR;3;2021-01-20;0;0;0;0;0;0;0;0;0;0
FR;3;2021-01-21;0;0;0;0;0;0;0;0;0;0
FR;3;2021-01-22;0;0;0;0;0;0;0;0;0;0
FR;3;2021-01-23;0;0;0;0;0;0;0;0;0;0
FR;3;2021-01-24;0;0;0;0;0;0;0;0;0;0
FR;3;2021-01-25;0;0;0;0;0;0;0;0;0;0
FR;3;2021-01-26;0;0;0;0;0;0;0;0;0;0
FR;3;2021-01-27;0;0;0;0;0;0;0;0;0;0
FR;3;2021-01-28;0;0;0;0;0;0;0;0;0;0
FR;3;2021-01-29;0;0;0;0;0;0;0;0;0;0
FR;3;2021-01-30;0;0;0;0;0;0;0;0;0;0
FR;3;2021-01-31;0;0;0;0;0;0;0;0;0;0
FR;3;2021-02-01;0;0;0;0;0;0;0;0;0;0
FR;3;2021-02-02;0;0;0;0;0;0;0;0;0;0
FR;3;2021-02-03;0;0;0;0;0;0;0;0;0;0
FR;3;2021-02-04;0;0;0;0;0;0;0;0;0;0
FR;3;2021-02-05;0;0;0;0;0;0;0;0;0;0
FR;3;2021-02-06;1705;0;0;0;0;1705;0;0;0;0
FR;3;2021-02-07;1420;0;0;0;0;3125;0;0;0;0
FR;3;2021-02-08;2777;0;0;0;0;5902;0;0;0;0
FR;3;2021-02-09;6779;0;0;0;0;12681;0;0;0;0
FR;3;2021-02-10;9601;0;0;0;0;22282;0;0;0;0
FR;3;2021-02-11;13606;0;0;0;0;35888;0;0;0;0
FR;3;2021-02-12;13392;0;0;0;0;49280;0;0;0;0
FR;3;2021-02-13;3770;0;0;0;0;53050;0;0;0;0
FR;3;2021-02-14;972;0;0;0;0;54022;0;0;0;0
FR;3;2021-02-15;10470;0;0;0;0;64492;0;0;0;0
FR;3;2021-02-16;12540;0;0;0;0;77032;0;0;0;0
FR;3;2021-02-17;11140;0;0;0;0;88172;0;0;0;0
FR;3;2021-02-18;14931;0;0;0;0;103103;0;0;0;0
FR;3;2021-02-19;14354;1;0;0;0;117457;1;0;0;0
FR;3;2021-02-20;3330;0;0;0;0;120787;1;0;0;0
FR;3;2021-02-21;616;0;0;0;0;121403;1;0;0;0
FR;3;2021-02-22;9157;0;0;0;0;130560;1;0;0;0
FR;3;2021-02-23;11388;1;0;0;0;141948;2;0;0;0
FR;3;2021-02-24;14297;0;0;0;0;156245;2;0;0;0
FR;3;2021-02-25;44922;0;0;0;0;201167;2;0;0;0
FR;3;2021-02-26;61880;0;0;0;0;263047;2;0;0;0
FR;3;2021-02-27;34799;5;0;0;0;297846;7;0;0;0
FR;3;2021-02-28;2464;0;0;0;0;300310;7;0;0;0
FR;3;2021-03-01;20497;9;0;0;0;320807;16;0;0;0
FR;3;2021-03-02;38853;16;0;0;0;359660;32;0;0;0
FR;3;2021-03-03;48723;14;0;0;0;408383;46;0;0;0
FR;3;2021-03-04;82208;18;0;0;0;490591;64;0;0;0
FR;3;2021-03-05;118116;36;0;0;0;608707;100;0;0;0
FR;3;2021-03-06;120705;47;1;0;0;729412;147;1;0;0
FR;3;2021-03-07;55173;26;0;0;0;784585;173;1;0;0
FR;3;2021-03-08;42801;20;0;0;0;827386;193;1;0;0
FR;3;2021-03-09;78967;37;0;0;0;906353;230;1;0;0
FR;3;2021-03-10;80955;42;0;0;0;987308;272;1;0;0
FR;3;2021-03-11;128403;45;0;0;0;1115711;317;1;0;0
FR;3;2021-03-12;182713;73;0;0;0;1298424;390;1;0;0
FR;3;2021-03-13;132140;50;0;0;0;1430564;440;1;0;0
FR;3;2021-03-14;14054;4;0;0;0;1444618;444;1;0;0
FR;3;2021-03-15;52208;36;0;0;0;1496826;480;1;0;0
FR;3;2021-03-16;1206;15;0;0;0;1498032;495;1;0;0
FR;3;2021-03-17;939;11;0;0;0;1498971;506;1;0;0
FR;3;2021-03-18;1558;7;0;0;0;1500529;513;1;0;0
FR;3;2021-03-19;70439;40;0;0;0;1570968;553;1;0;0
FR;3;2021-03-20;65219;39;0;0;0;1636187;592;1;0;0
FR;3;2021-03-21;5754;4;0;0;0;1641941;596;1;0;0
FR;3;2021-03-22;37491;35;0;0;0;1679432;631;1;0;0
FR;3;2021-03-23;84641;53;0;0;0;1764073;684;1;0;0
FR;3;2021-03-24;90923;89;0;0;0;1854996;773;1;0;0
FR;3;2021-03-25;150033;116;0;0;0;2005029;889;1;0;0
FR;3;2021-03-26;165404;150;0;0;0;2170433;1039;1;0;0
FR;3;2021-03-27;68452;92;0;0;0;2238885;1131;1;0;0
FR;3;2021-03-28;6468;19;0;0;0;2245353;1150;1;0;0
FR;3;2021-03-29;54146;63;0;0;0;2299499;1213;1;0;0
FR;3;2021-03-30;93150;91;0;0;0;2392649;1304;1;0;0
FR;3;2021-03-31;63512;84;0;0;0;2456161;1388;1;0;0
FR;3;2021-04-01;86114;97;0;0;0;2542275;1485;1;0;0
FR;3;2021-04-02;86882;144;0;0;0;2629157;1629;1;0;0
FR;3;2021-04-03;35866;110;0;0;0;2665023;1739;1;0;0
FR;3;2021-04-04;3569;14;0;0;0;2668592;1753;1;0;0
FR;3;2021-04-05;4480;22;0;0;0;2673072;1775;1;0;0
FR;3;2021-04-06;29734;76;0;0;0;2702806;1851;1;0;0
FR;3;2021-04-07;32331;68;0;0;0;2735137;1919;1;0;0
FR;3;2021-04-08;78802;231;0;0;0;2813939;2150;1;0;0
FR;3;2021-04-09;161740;411;0;0;0;2975679;2561;1;0;0
FR;3;2021-04-10;75748;328;0;0;0;3051427;2889;1;0;0
FR;3;2021-04-11;7304;44;0;0;0;3058731;2933;1;0;0
FR;3;2021-04-12;51463;200;0;0;0;3110194;3133;1;0;0
FR;3;2021-04-13;86217;311;0;0;0;3196411;3444;1;0;0
FR;3;2021-04-14;67831;336;0;0;0;3264242;3780;1;0;0
FR;3;2021-04-15;93219;364;0;0;0;3357461;4144;1;0;0
FR;3;2021-04-16;112509;562;0;0;0;3469970;4706;1;0;0
FR;3;2021-04-17;53309;315;1;0;0;3523279;5021;2;0;0
FR;3;2021-04-18;9740;32;0;0;0;3533019;5053;2;0;0
FR;3;2021-04-19;25101;230;0;0;0;3558120;5283;2;0;0
FR;3;2021-04-20;45662;388;0;0;0;3603782;5671;2;0;0
FR;3;2021-04-21;38959;446;0;0;0;3642741;6117;2;0;0
FR;3;2021-04-22;54695;774;0;0;0;3697436;6891;2;0;0
FR;3;2021-04-23;70474;1009;0;0;0;3767910;7900;2;0;0
FR;3;2021-04-24;37237;970;0;0;0;3805147;8870;2;0;0
FR;3;2021-04-25;6199;155;0;0;0;3811346;9025;2;0;0
FR;3;2021-04-26;19779;644;0;0;0;3831125;9669;2;0;0
FR;3;2021-04-27;34468;1244;0;0;0;3865593;10913;2;0;0
FR;3;2021-04-28;28951;1923;0;0;0;3894544;12836;2;0;0
FR;3;2021-04-29;45368;5941;0;0;0;3939912;18777;2;0;0
FR;3;2021-04-30;55453;8906;1;0;0;3995365;27683;3;0;0
FR;3;2021-05-01;9506;1964;0;0;0;4004871;29647;3;0;0
FR;3;2021-05-02;3068;493;0;0;0;4007939;30140;3;0;0
FR;3;2021-05-03;13048;3882;0;0;0;4020987;34022;3;0;0
FR;3;2021-05-04;23104;8392;0;0;0;4044091;42414;3;0;0
FR;3;2021-05-05;18743;10564;0;0;0;4062834;52978;3;0;0
FR;3;2021-05-06;34613;20861;0;0;0;4097447;73839;3;0;0
FR;3;2021-05-07;44195;28355;0;0;0;4141642;102194;3;0;0
FR;3;2021-05-08;6774;8835;0;0;0;4148416;111029;3;0;0
FR;3;2021-05-09;1790;2649;0;0;0;4150206;113678;3;0;0
FR;3;2021-05-10;14982;12538;0;0;0;4165188;126216;3;0;0
FR;3;2021-05-11;27085;25688;0;0;0;4192273;151904;3;0;0
FR;3;2021-05-12;17257;27419;0;0;0;4209530;179323;3;0;0
FR;3;2021-05-13;2273;3480;0;0;0;4211803;182803;3;0;0
FR;3;2021-05-14;14508;25699;0;0;0;4226311;208502;3;0;0
FR;3;2021-05-15;7224;20714;0;0;0;4233535;229216;3;0;0
FR;3;2021-05-16;971;2672;0;0;0;4234506;231888;3;0;0
FR;3;2021-05-17;7951;19881;0;0;0;4242457;251769;3;0;0
FR;3;2021-05-18;13398;29609;0;0;0;4255855;281378;3;0;0
FR;3;2021-05-19;9250;31816;0;0;0;4265105;313194;3;0;0
FR;3;2021-05-20;12797;53152;3;0;0;4277902;366346;6;0;0
FR;3;2021-05-21;12753;65447;2;0;0;4290655;431793;8;0;0
FR;3;2021-05-22;4958;33257;1;0;0;4295613;465050;9;0;0
FR;3;2021-05-23;648;2664;0;0;0;4296261;467714;9;0;0
FR;3;2021-05-24;873;4917;0;0;0;4297134;472631;9;0;0
FR;3;2021-05-25;5287;45129;1;0;0;4302421;517760;10;0;0
FR;3;2021-05-26;4959;50991;1;0;0;4307380;568751;11;0;0
FR;3;2021-05-27;6314;77735;3;0;0;4313694;646486;14;0;0
FR;3;2021-05-28;7538;98997;2;0;0;4321232;745483;16;0;0
FR;3;2021-05-29;3340;60217;1;0;0;4324572;805700;17;0;0
FR;3;2021-05-30;542;8232;0;0;0;4325114;813932;17;0;0
FR;3;2021-05-31;2423;35938;3;0;0;4327537;849870;20;0;0
FR;3;2021-06-01;3382;64745;10;0;0;4330919;914615;30;0;0
FR;3;2021-06-02;2711;58275;6;0;0;4333630;972890;36;0;0
FR;3;2021-06-03;3486;87485;10;0;0;4337116;1060375;46;0;0
FR;3;2021-06-04;4096;105013;22;0;0;4341212;1165388;68;0;0
FR;3;2021-06-05;1959;52202;4;0;0;4343171;1217590;72;0;0
FR;3;2021-06-06;499;5401;1;0;0;4343670;1222991;73;0;0
FR;3;2021-06-07;1455;31141;11;0;0;4345125;1254132;84;0;0
FR;3;2021-06-08;2037;47221;18;0;0;4347162;1301353;102;0;0
FR;3;2021-06-09;1778;42358;13;0;0;4348940;1343711;115;0;0
FR;3;2021-06-10;2237;67912;17;0;0;4351177;1411623;132;0;0
FR;3;2021-06-11;2466;96701;34;0;0;4353643;1508324;166;0;0
FR;3;2021-06-12;1165;40805;6;0;0;4354808;1549129;172;0;0
FR;3;2021-06-13;270;3823;3;0;0;4355078;1552952;175;0;0
FR;3;2021-06-14;1034;42617;17;0;0;4356112;1595569;192;0;0
FR;3;2021-06-15;1360;80612;20;0;0;4357472;1676181;212;0;0
FR;3;2021-06-16;1247;65716;19;0;0;4358719;1741897;231;0;0
FR;3;2021-06-17;1650;101751;41;0;0;4360369;1843648;272;0;0
FR;3;2021-06-18;1865;117811;61;0;0;4362234;1961459;333;0;0
FR;3;2021-06-19;796;39363;22;0;0;4363030;2000822;355;0;0
FR;3;2021-06-20;157;3388;0;0;0;4363187;2004210;355;0;0
FR;3;2021-06-21;758;39253;16;0;0;4363945;2043463;371;0;0
FR;3;2021-06-22;1058;69957;52;0;0;4365003;2113420;423;0;0
FR;3;2021-06-23;934;50791;38;0;0;4365937;2164211;461;0;0
FR;3;2021-06-24;1298;77129;48;0;0;4367235;2241340;509;0;0
FR;3;2021-06-25;1395;89887;72;0;0;4368630;2331227;581;0;0
FR;3;2021-06-26;622;33117;29;0;0;4369252;2364344;610;0;0
FR;3;2021-06-27;163;4022;1;0;0;4369415;2368366;611;0;0
FR;3;2021-06-28;641;30429;27;0;0;4370056;2398795;638;0;0
FR;3;2021-06-29;847;56122;95;0;0;4370903;2454917;733;0;0
FR;3;2021-06-30;894;45060;93;0;0;4371797;2499977;826;0;0
FR;3;2021-07-01;1157;65626;108;0;0;4372954;2565603;934;0;0
FR;3;2021-07-02;1288;90350;170;0;0;4374242;2655953;1104;0;0
FR;3;2021-07-03;600;31162;52;0;0;4374842;2687115;1156;0;0
FR;3;2021-07-04;138;4278;3;0;0;4374980;2691393;1159;0;0
FR;3;2021-07-05;601;33910;60;0;0;4375581;2725303;1219;0;0
FR;3;2021-07-06;950;56073;88;0;0;4376531;2781376;1307;0;0
FR;3;2021-07-07;864;43041;79;0;0;4377395;2824417;1386;0;0
FR;3;2021-07-08;1119;60707;99;0;0;4378514;2885124;1485;0;0
FR;3;2021-07-09;1256;68790;128;0;0;4379770;2953914;1613;0;0
FR;3;2021-07-10;638;25037;59;0;0;4380408;2978951;1672;0;0
FR;3;2021-07-11;124;3306;4;0;0;4380532;2982257;1676;0;0
FR;3;2021-07-12;654;23897;59;0;0;4381186;3006154;1735;0;0
FR;3;2021-07-13;1644;34735;90;0;0;4382830;3040889;1825;0;0
FR;3;2021-07-14;258;2642;2;0;0;4383088;3043531;1827;0;0
FR;3;2021-07-15;1927;30669;85;0;0;4385015;3074200;1912;0;0
FR;3;2021-07-16;2517;38877;122;0;0;4387532;3113077;2034;0;0
FR;3;2021-07-17;1039;13751;26;0;0;4388571;3126828;2060;0;0
FR;3;2021-07-18;259;2619;3;0;0;4388830;3129447;2063;0;0
FR;3;2021-07-19;1266;17219;37;0;0;4390096;3146666;2100;0;0
FR;3;2021-07-20;1816;27165;98;0;0;4391912;3173831;2198;0;0
FR;3;2021-07-21;1637;19733;44;0;0;4393549;3193564;2242;0;0
FR;3;2021-07-22;1842;27776;82;0;0;4395391;3221340;2324;0;0
FR;3;2021-07-23;2206;30456;117;0;0;4397597;3251796;2441;0;0
FR;3;2021-07-24;820;7010;25;0;0;4398417;3258806;2466;0;0
FR;3;2021-07-25;208;1354;1;0;0;4398625;3260160;2467;0;0
FR;3;2021-07-26;913;10716;28;0;0;4399538;3270876;2495;0;0
FR;3;2021-07-27;1161;16955;56;0;0;4400699;3287831;2551;0;0
FR;3;2021-07-28;981;12121;40;0;0;4401680;3299952;2591;0;0
FR;3;2021-07-29;1124;15857;63;0;0;4402804;3315809;2654;0;0
FR;3;2021-07-30;1121;18110;79;0;0;4403925;3333919;2733;0;0
FR;3;2021-07-31;404;3740;15;0;0;4404329;3337659;2748;0;0
FR;3;2021-08-01;104;481;1;0;0;4404433;3338140;2749;0;0
FR;3;2021-08-02;411;5161;22;0;0;4404844;3343301;2771;0;0
FR;3;2021-08-03;480;7595;27;0;0;4405324;3350896;2798;0;0
FR;3;2021-08-04;431;4896;26;0;0;4405755;3355792;2824;0;0
FR;3;2021-08-05;424;3746;12;0;0;4406179;3359538;2836;0;0
FR;3;2021-08-06;448;4795;30;0;0;4406627;3364333;2866;0;0
FR;3;2021-08-07;211;1922;11;0;0;4406838;3366255;2877;0;0
FR;3;2021-08-08;241;427;2;0;0;4407079;3366682;2879;0;0
FR;3;2021-08-09;305;2525;11;0;0;4407384;3369207;2890;0;0
FR;3;2021-08-10;355;3891;15;0;0;4407739;3373098;2905;0;0
FR;3;2021-08-11;276;2723;15;0;0;4408015;3375821;2920;0;0
FR;3;2021-08-12;269;2637;12;0;0;4408284;3378458;2932;0;0
FR;3;2021-08-13;269;2262;16;0;0;4408553;3380720;2948;0;0
FR;3;2021-08-14;167;923;1;0;0;4408720;3381643;2949;0;0
FR;3;2021-08-15;55;164;0;0;0;4408775;3381807;2949;0;0
FR;3;2021-08-16;121;1095;8;0;0;4408896;3382902;2957;0;0
FR;3;2021-08-17;185;1512;8;0;0;4409081;3384414;2965;0;0
FR;3;2021-08-18;189;1364;8;0;0;4409270;3385778;2973;0;0
FR;3;2021-08-19;158;1431;10;0;0;4409428;3387209;2983;0;0
FR;3;2021-08-20;160;1636;16;0;0;4409588;3388845;2999;0;0
FR;3;2021-08-21;91;586;2;0;0;4409679;3389431;3001;0;0
FR;3;2021-08-22;38;179;1;0;0;4409717;3389610;3002;0;0
FR;3;2021-08-23;139;936;7;0;0;4409856;3390546;3009;0;0
FR;3;2021-08-24;122;967;10;0;0;4409978;3391513;3019;0;0
FR;3;2021-08-25;130;853;2;0;0;4410108;3392366;3021;0;0
FR;3;2021-08-26;168;875;9;0;0;4410276;3393241;3030;0;0
FR;3;2021-08-27;170;964;9;0;0;4410446;3394205;3039;0;0
FR;3;2021-08-28;95;368;4;0;0;4410541;3394573;3043;0;0
FR;3;2021-08-29;117;132;1;0;0;4410658;3394705;3044;0;0
FR;3;2021-08-30;93;597;0;0;140;4410751;3395302;3044;0;140
FR;3;2021-08-31;123;717;7;0;161;4410874;3396019;3051;0;301
FR;3;2021-09-01;107;472;5;0;121;4410981;3396491;3056;0;422
FR;3;2021-09-02;97;633;21;0;124;4411078;3397124;3077;0;546
FR;3;2021-09-03;107;592;17;0;134;4411185;3397716;3094;0;680
FR;3;2021-09-04;47;295;3;0;59;4411232;3398011;3097;0;739
FR;3;2021-09-05;49;67;5;0;30;4411281;3398078;3102;0;769
FR;3;2021-09-06;108;406;4;0;153;4411389;3398484;3106;0;922
FR;3;2021-09-07;114;485;14;0;136;4411503;3398969;3120;0;1058
FR;3;2021-09-08;111;370;2;0;108;4411614;3399339;3122;0;1166
FR;3;2021-09-09;87;401;8;0;118;4411701;3399740;3130;0;1284
FR;3;2021-09-10;90;425;3;0;105;4411791;3400165;3133;0;1389
FR;3;2021-09-11;67;235;4;0;66;4411858;3400400;3137;0;1455
FR;3;2021-09-12;36;46;1;0;16;4411894;3400446;3138;0;1471
FR;3;2021-09-13;62;332;7;0;113;4411956;3400778;3145;0;1584
FR;3;2021-09-14;64;290;6;0;108;4412020;3401068;3151;0;1692
FR;3;2021-09-15;52;262;3;0;6;4412072;3401330;3154;0;1698
FR;3;2021-09-16;56;342;5;0;5;4412128;3401672;3159;0;1703
FR;3;2021-09-17;46;349;3;0;7;4412174;3402021;3162;0;1710
FR;3;2021-09-18;34;176;1;0;1;4412208;3402197;3163;0;1711
FR;3;2021-09-19;26;32;2;0;1;4412234;3402229;3165;0;1712
FR;3;2021-09-20;76;212;0;0;1;4412310;3402441;3165;0;1713
FR;3;2021-09-21;53;286;6;0;7;4412363;3402727;3171;0;1720
FR;3;2021-09-22;61;228;6;0;7;4412424;3402955;3177;0;1727
FR;3;2021-09-23;32;273;10;0;6;4412456;3403228;3187;0;1733
FR;3;2021-09-24;22;310;12;0;19;4412478;3403538;3199;0;1752
FR;3;2021-09-25;28;158;3;0;3;4412506;3403696;3202;0;1755
FR;3;2021-09-26;15;51;1;0;1;4412521;3403747;3203;0;1756
FR;3;2021-09-27;36;283;3;0;5;4412557;3404030;3206;0;1761
FR;3;2021-09-28;46;258;6;0;10;4412603;3404288;3212;0;1771
FR;3;2021-09-29;31;222;10;0;13;4412634;3404510;3222;0;1784
FR;3;2021-09-30;34;195;7;0;9;4412668;3404705;3229;0;1793
FR;3;2021-10-01;17;171;5;0;6;4412685;3404876;3234;0;1799
FR;3;2021-10-02;14;92;0;0;0;4412699;3404968;3234;0;1799
FR;3;2021-10-03;16;18;1;0;2;4412715;3404986;3235;0;1801
FR;3;2021-10-04;27;163;4;0;4;4412742;3405149;3239;0;1805
FR;3;2021-10-05;14;157;10;0;13;4412756;3405306;3249;0;1818
FR;3;2021-10-06;28;161;7;0;8;4412784;3405467;3256;0;1826
FR;3;2021-10-07;16;143;6;0;6;4412800;3405610;3262;0;1832
FR;3;2021-10-08;20;141;10;0;9;4412820;3405751;3272;0;1841
FR;3;2021-10-09;11;73;1;0;1;4412831;3405824;3273;0;1842
FR;3;2021-10-10;5;14;2;0;2;4412836;3405838;3275;0;1844
FR;3;2021-10-11;13;128;4;0;5;4412849;3405966;3279;0;1849
FR;3;2021-10-12;14;114;4;0;4;4412863;3406080;3283;0;1853
FR;3;2021-10-13;22;116;7;0;5;4412885;3406196;3290;0;1858
FR;3;2021-10-14;13;160;3;0;4;4412898;3406356;3293;0;1862
FR;3;2021-10-15;18;154;7;0;10;4412916;3406510;3300;0;1872
FR;3;2021-10-16;10;80;6;0;8;4412926;3406590;3306;0;1880
FR;3;2021-10-17;6;24;0;0;0;4412932;3406614;3306;0;1880
FR;3;2021-10-18;17;129;2;0;1;4412949;3406743;3308;0;1881
FR;3;2021-10-19;12;128;17;0;19;4412961;3406871;3325;0;1900
FR;3;2021-10-20;17;133;5;0;5;4412978;3407004;3330;0;1905
FR;3;2021-10-21;22;134;17;0;13;4413000;3407138;3347;0;1918
FR;3;2021-10-22;16;128;16;0;20;4413016;3407266;3363;0;1938
FR;3;2021-10-23;11;58;2;0;1;4413027;3407324;3365;0;1939
FR;3;2021-10-24;6;21;0;0;0;4413033;3407345;3365;0;1939
FR;3;2021-10-25;20;152;6;0;6;4413053;3407497;3371;0;1945
FR;3;2021-10-26;15;116;22;0;19;4413068;3407613;3393;0;1964
FR;3;2021-10-27;15;116;9;0;9;4413083;3407729;3402;0;1973
FR;3;2021-10-28;14;132;33;0;36;4413097;3407861;3435;0;2009
FR;3;2021-10-29;9;123;64;0;54;4413106;3407984;3499;0;2063
FR;3;2021-10-30;7;74;11;1;10;4413113;3408058;3510;1;2073
FR;3;2021-10-31;5;22;1;0;1;4413118;3408080;3511;1;2074
FR;3;2021-11-01;5;18;2;0;1;4413123;3408098;3513;1;2075
FR;3;2021-11-02;8;108;8;0;10;4413131;3408206;3521;1;2085
FR;3;2021-11-03;19;120;9;0;9;4413150;3408326;3530;1;2094
FR;3;2021-11-04;14;97;3;0;2;4413164;3408423;3533;1;2096
FR;3;2021-11-05;13;146;8;1;5;4413177;3408569;3541;2;2101
FR;3;2021-11-06;6;67;3;0;3;4413183;3408636;3544;2;2104
FR;3;2021-11-07;6;18;1;0;1;4413189;3408654;3545;2;2105
FR;3;2021-11-08;7;139;7;0;5;4413196;3408793;3552;2;2110
FR;3;2021-11-09;9;157;5;0;5;4413205;3408950;3557;2;2115
FR;3;2021-11-10;10;190;13;0;13;4413215;3409140;3570;2;2128
FR;3;2021-11-11;5;51;3;0;3;4413220;3409191;3573;2;2131
FR;3;2021-11-12;8;161;6;0;4;4413228;3409352;3579;2;2135
FR;3;2021-11-13;4;83;8;0;10;4413232;3409435;3587;2;2145
FR;3;2021-11-14;2;17;0;0;0;4413234;3409452;3587;2;2145
FR;3;2021-11-15;3;195;9;0;8;4413237;3409647;3596;2;2153
FR;3;2021-11-16;2;165;8;0;7;4413239;3409812;3604;2;2160
FR;3;2021-11-17;5;185;10;0;7;4413244;3409997;3614;2;2167
FR;3;2021-11-18;10;182;10;0;11;4413254;3410179;3624;2;2178
FR;3;2021-11-19;5;241;21;0;26;4413259;3410420;3645;2;2204
FR;3;2021-11-20;5;115;4;0;4;4413264;3410535;3649;2;2208
FR;3;2021-11-21;2;29;2;0;2;4413266;3410564;3651;2;2210
FR;3;2021-11-22;9;238;10;0;10;4413275;3410802;3661;2;2220
FR;3;2021-11-23;5;228;15;0;14;4413280;3411030;3676;2;2234
FR;3;2021-11-24;4;255;8;0;16;4413284;3411285;3684;2;2250
FR;3;2021-11-25;9;289;11;0;10;4413293;3411574;3695;2;2260
FR;3;2021-11-26;5;382;33;0;30;4413298;3411956;3728;2;2290
FR;3;2021-11-27;5;178;19;0;20;4413303;3412134;3747;2;2310
FR;3;2021-11-28;2;57;7;0;7;4413305;3412191;3754;2;2317
FR;3;2021-11-29;4;334;19;0;21;4413309;3412525;3773;2;2338
FR;3;2021-11-30;3;429;25;0;28;4413312;3412954;3798;2;2366
FR;3;2021-12-01;17;468;33;0;34;4413329;3413422;3831;2;2400
FR;3;2021-12-02;9;502;33;0;36;4413338;3413924;3864;2;2436
FR;3;2021-12-03;3;578;37;0;38;4413341;3414502;3901;2;2474
FR;3;2021-12-04;3;284;26;0;28;4413344;3414786;3927;2;2502
FR;3;2021-12-05;1;84;5;0;6;4413345;3414870;3932;2;2508
FR;3;2021-12-06;5;521;14;0;16;4413350;3415391;3946;2;2524
FR;3;2021-12-07;4;620;20;0;23;4413354;3416011;3966;2;2547
FR;3;2021-12-08;3;547;29;0;29;4413357;3416558;3995;2;2576
FR;3;2021-12-09;3;609;17;0;22;4413360;3417167;4012;2;2598
FR;3;2021-12-10;8;646;29;0;25;4413368;3417813;4041;2;2623
FR;3;2021-12-11;4;397;10;0;9;4413372;3418210;4051;2;2632
FR;3;2021-12-12;1;121;3;0;3;4413373;3418331;4054;2;2635
FR;3;2021-12-13;2;610;19;0;20;4413375;3418941;4073;2;2655
FR;3;2021-12-14;7;772;18;0;21;4413382;3419713;4091;2;2676
FR;3;2021-12-15;7;736;17;0;21;4413389;3420449;4108;2;2697
FR;3;2021-12-16;8;743;19;0;18;4413397;3421192;4127;2;2715
FR;3;2021-12-17;4;813;18;0;19;4413401;3422005;4145;2;2734
FR;3;2021-12-18;4;419;4;0;5;4413405;3422424;4149;2;2739
FR;3;2021-12-19;3;208;2;0;2;4413408;3422632;4151;2;2741
FR;3;2021-12-20;8;732;23;0;28;4413416;3423364;4174;2;2769
FR;3;2021-12-21;3;818;10;0;14;4413419;3424182;4184;2;2783
FR;3;2021-12-22;6;766;9;0;11;4413425;3424948;4193;2;2794
FR;3;2021-12-23;1;658;9;0;8;4413426;3425606;4202;2;2802
FR;3;2021-12-24;2;276;3;0;6;4413428;3425882;4205;2;2808
FR;3;2021-12-25;0;26;0;0;0;4413428;3425908;4205;2;2808
FR;3;2021-12-26;0;95;1;0;1;4413428;3426003;4206;2;2809
FR;3;2021-12-27;7;547;17;0;19;4413435;3426550;4223;2;2828
FR;3;2021-12-28;1;695;6;0;5;4413436;3427245;4229;2;2833
FR;3;2021-12-29;4;577;14;0;16;4413440;3427822;4243;2;2849
FR;3;2021-12-30;1;606;7;0;10;4413441;3428428;4250;2;2859
FR;3;2021-12-31;0;210;5;0;6;4413441;3428638;4255;2;2865
FR;3;2022-01-01;0;27;0;0;2;4413441;3428665;4255;2;2867
FR;3;2022-01-02;0;83;0;0;0;4413441;3428748;4255;2;2867
FR;3;2022-01-03;3;568;17;0;21;4413444;3429316;4272;2;2888
FR;3;2022-01-04;6;628;9;0;8;4413450;3429944;4281;2;2896
FR;3;2022-01-05;3;559;10;0;15;4413453;3430503;4291;2;2911
FR;3;2022-01-06;4;557;9;0;12;4413457;3431060;4300;2;2923
FR;3;2022-01-07;2;579;11;0;14;4413459;3431639;4311;2;2937
FR;3;2022-01-08;2;286;4;0;5;4413461;3431925;4315;2;2942
FR;3;2022-01-09;0;119;0;0;0;4413461;3432044;4315;2;2942
FR;3;2022-01-10;2;483;12;0;12;4413463;3432527;4327;2;2954
FR;3;2022-01-11;2;536;1;0;1;4413465;3433063;4328;2;2955
FR;3;2022-01-12;3;450;9;0;11;4413468;3433513;4337;2;2966
FR;3;2022-01-13;3;429;11;0;12;4413471;3433942;4348;2;2978
FR;3;2022-01-14;3;484;10;0;12;4413474;3434426;4358;2;2990
FR;3;2022-01-15;0;299;2;0;3;4413474;3434725;4360;2;2993
FR;3;2022-01-16;0;116;1;0;1;4413474;3434841;4361;2;2994
FR;3;2022-01-17;2;356;8;0;10;4413476;3435197;4369;2;3004
FR;3;2022-01-18;3;421;1;0;2;4413479;3435618;4370;2;3006
FR;3;2022-01-19;1;351;5;0;10;4413480;3435969;4375;2;3016
FR;3;2022-01-20;1;380;5;0;3;4413481;3436349;4380;2;3019
FR;3;2022-01-21;2;377;5;0;8;4413483;3436726;4385;2;3027
FR;3;2022-01-22;2;235;1;0;3;4413485;3436961;4386;2;3030
FR;3;2022-01-23;0;82;0;0;1;4413485;3437043;4386;2;3031
FR;3;2022-01-24;2;352;1;0;6;4413487;3437395;4387;2;3037
FR;3;2022-01-25;0;195;0;0;0;4413487;3437590;4387;2;3037
FR;3;2022-01-26;0;89;0;0;0;4413487;3437679;4387;2;3037
FR;3;2022-01-27;0;60;0;0;0;4413487;3437739;4387;2;3037
FR;3;2022-01-28;0;134;0;0;0;4413487;3437873;4387;2;3037
FR;3;2022-01-29;0;110;0;0;0;4413487;3437983;4387;2;3037
FR;3;2022-01-30;0;51;0;0;0;4413487;3438034;4387;2;3037
FR;3;2022-01-31;0;98;0;0;0;4413487;3438132;4387;2;3037
FR;3;2022-02-01;0;111;0;0;1;4413487;3438243;4387;2;3038
FR;3;2022-02-02;0;98;0;0;0;4413487;3438341;4387;2;3038
FR;3;2022-02-03;0;101;0;0;0;4413487;3438442;4387;2;3038
FR;3;2022-02-04;0;124;0;0;0;4413487;3438566;4387;2;3038
FR;3;2022-02-05;0;73;0;0;0;4413487;3438639;4387;2;3038
FR;3;2022-02-06;0;11;0;0;0;4413487;3438650;4387;2;3038
FR;3;2022-02-07;0;92;0;0;1;4413487;3438742;4387;2;3039
FR;3;2022-02-08;0;0;0;0;0;4413487;3438742;4387;2;3039
FR;3;2022-02-09;0;0;0;0;0;4413487;3438742;4387;2;3039
FR;3;2022-02-10;0;0;0;0;0;4413487;3438742;4387;2;3039
FR;3;2022-02-11;0;0;0;0;0;4413487;3438742;4387;2;3039
FR;3;2022-02-12;0;0;0;0;0;4413487;3438742;4387;2;3039
FR;3;2022-02-13;0;0;0;0;0;4413487;3438742;4387;2;3039
FR;3;2022-02-14;0;0;0;0;0;4413487;3438742;4387;2;3039
FR;3;2022-02-15;0;0;0;0;0;4413487;3438742;4387;2;3039
FR;3;2022-02-16;0;0;0;0;0;4413487;3438742;4387;2;3039
FR;3;2022-02-17;0;0;0;0;0;4413487;3438742;4387;2;3039
FR;3;2022-02-18;0;0;0;0;0;4413487;3438742;4387;2;3039
FR;3;2022-02-19;0;0;0;0;0;4413487;3438742;4387;2;3039
FR;3;2022-02-20;0;0;0;0;0;4413487;3438742;4387;2;3039
FR;3;2022-02-21;2;0;0;0;0;4413489;3438742;4387;2;3039
FR;3;2022-02-22;0;0;0;0;0;4413489;3438742;4387;2;3039
FR;3;2022-02-23;0;0;0;0;0;4413489;3438742;4387;2;3039
FR;3;2022-02-24;0;0;0;0;0;4413489;3438742;4387;2;3039
FR;3;2022-02-25;0;0;0;0;0;4413489;3438742;4387;2;3039
FR;3;2022-02-26;0;0;0;0;0;4413489;3438742;4387;2;3039
FR;3;2022-02-27;0;0;0;0;0;4413489;3438742;4387;2;3039
FR;3;2022-02-28;1;0;0;0;0;4413490;3438742;4387;2;3039
FR;3;2022-03-01;1;0;0;0;0;4413491;3438742;4387;2;3039
FR;3;2022-03-02;0;0;0;0;0;4413491;3438742;4387;2;3039
FR;4;2020-12-27;0;0;0;0;0;0;0;0;0;0
FR;4;2020-12-28;0;0;0;0;0;0;0;0;0;0
FR;4;2020-12-29;0;0;0;0;0;0;0;0;0;0
FR;4;2020-12-30;0;0;0;0;0;0;0;0;0;0
FR;4;2020-12-31;0;0;0;0;0;0;0;0;0;0
FR;4;2021-01-01;0;0;0;0;0;0;0;0;0;0
FR;4;2021-01-02;0;0;0;0;0;0;0;0;0;0
FR;4;2021-01-03;0;0;0;0;0;0;0;0;0;0
FR;4;2021-01-04;0;0;0;0;0;0;0;0;0;0
FR;4;2021-01-05;0;0;0;0;0;0;0;0;0;0
FR;4;2021-01-06;0;0;0;0;0;0;0;0;0;0
FR;4;2021-01-07;0;0;0;0;0;0;0;0;0;0
FR;4;2021-01-08;0;0;0;0;0;0;0;0;0;0
FR;4;2021-01-09;0;0;0;0;0;0;0;0;0;0
FR;4;2021-01-10;0;0;0;0;0;0;0;0;0;0
FR;4;2021-01-11;0;0;0;0;0;0;0;0;0;0
FR;4;2021-01-12;0;0;0;0;0;0;0;0;0;0
FR;4;2021-01-13;0;0;0;0;0;0;0;0;0;0
FR;4;2021-01-14;0;0;0;0;0;0;0;0;0;0
FR;4;2021-01-15;0;0;0;0;0;0;0;0;0;0
FR;4;2021-01-16;0;0;0;0;0;0;0;0;0;0
FR;4;2021-01-17;0;0;0;0;0;0;0;0;0;0
FR;4;2021-01-18;0;0;0;0;0;0;0;0;0;0
FR;4;2021-01-19;0;0;0;0;0;0;0;0;0;0
FR;4;2021-01-20;0;0;0;0;0;0;0;0;0;0
FR;4;2021-01-21;0;0;0;0;0;0;0;0;0;0
FR;4;2021-01-22;0;0;0;0;0;0;0;0;0;0
FR;4;2021-01-23;0;0;0;0;0;0;0;0;0;0
FR;4;2021-01-24;0;0;0;0;0;0;0;0;0;0
FR;4;2021-01-25;0;0;0;0;0;0;0;0;0;0
FR;4;2021-01-26;0;0;0;0;0;0;0;0;0;0
FR;4;2021-01-27;0;0;0;0;0;0;0;0;0;0
FR;4;2021-01-28;0;0;0;0;0;0;0;0;0;0
FR;4;2021-01-29;0;0;0;0;0;0;0;0;0;0
FR;4;2021-01-30;0;0;0;0;0;0;0;0;0;0
FR;4;2021-01-31;0;0;0;0;0;0;0;0;0;0
FR;4;2021-02-01;0;0;0;0;0;0;0;0;0;0
FR;4;2021-02-02;0;0;0;0;0;0;0;0;0;0
FR;4;2021-02-03;0;0;0;0;0;0;0;0;0;0
FR;4;2021-02-04;0;0;0;0;0;0;0;0;0;0
FR;4;2021-02-05;0;0;0;0;0;0;0;0;0;0
FR;4;2021-02-06;0;0;0;0;0;0;0;0;0;0
FR;4;2021-02-07;0;0;0;0;0;0;0;0;0;0
FR;4;2021-02-08;0;0;0;0;0;0;0;0;0;0
FR;4;2021-02-09;0;0;0;0;0;0;0;0;0;0
FR;4;2021-02-10;0;0;0;0;0;0;0;0;0;0
FR;4;2021-02-11;0;0;0;0;0;0;0;0;0;0
FR;4;2021-02-12;0;0;0;0;0;0;0;0;0;0
FR;4;2021-02-13;0;0;0;0;0;0;0;0;0;0
FR;4;2021-02-14;0;0;0;0;0;0;0;0;0;0
FR;4;2021-02-15;0;0;0;0;0;0;0;0;0;0
FR;4;2021-02-16;0;0;0;0;0;0;0;0;0;0
FR;4;2021-02-17;0;0;0;0;0;0;0;0;0;0
FR;4;2021-02-18;0;0;0;0;0;0;0;0;0;0
FR;4;2021-02-19;0;0;0;0;0;0;0;0;0;0
FR;4;2021-02-20;0;0;0;0;0;0;0;0;0;0
FR;4;2021-02-21;0;0;0;0;0;0;0;0;0;0
FR;4;2021-02-22;0;0;0;0;0;0;0;0;0;0
FR;4;2021-02-23;0;0;0;0;0;0;0;0;0;0
FR;4;2021-02-24;0;0;0;0;0;0;0;0;0;0
FR;4;2021-02-25;0;0;0;0;0;0;0;0;0;0
FR;4;2021-02-26;0;0;0;0;0;0;0;0;0;0
FR;4;2021-02-27;0;0;0;0;0;0;0;0;0;0
FR;4;2021-02-28;0;0;0;0;0;0;0;0;0;0
FR;4;2021-03-01;0;0;0;0;0;0;0;0;0;0
FR;4;2021-03-02;0;0;0;0;0;0;0;0;0;0
FR;4;2021-03-03;0;0;0;0;0;0;0;0;0;0
FR;4;2021-03-04;0;0;0;0;0;0;0;0;0;0
FR;4;2021-03-05;0;0;0;0;0;0;0;0;0;0
FR;4;2021-03-06;0;0;0;0;0;0;0;0;0;0
FR;4;2021-03-07;0;0;0;0;0;0;0;0;0;0
FR;4;2021-03-08;0;0;0;0;0;0;0;0;0;0
FR;4;2021-03-09;0;0;0;0;0;0;0;0;0;0
FR;4;2021-03-10;0;0;0;0;0;0;0;0;0;0
FR;4;2021-03-11;0;0;0;0;0;0;0;0;0;0
FR;4;2021-03-12;0;0;0;0;0;0;0;0;0;0
FR;4;2021-03-13;0;0;0;0;0;0;0;0;0;0
FR;4;2021-03-14;0;0;0;0;0;0;0;0;0;0
FR;4;2021-03-15;0;0;0;0;0;0;0;0;0;0
FR;4;2021-03-16;0;0;0;0;0;0;0;0;0;0
FR;4;2021-03-17;0;0;0;0;0;0;0;0;0;0
FR;4;2021-03-18;0;0;0;0;0;0;0;0;0;0
FR;4;2021-03-19;0;0;0;0;0;0;0;0;0;0
FR;4;2021-03-20;0;0;0;0;0;0;0;0;0;0
FR;4;2021-03-21;0;0;0;0;0;0;0;0;0;0
FR;4;2021-03-22;0;0;0;0;0;0;0;0;0;0
FR;4;2021-03-23;0;0;0;0;0;0;0;0;0;0
FR;4;2021-03-24;0;0;0;0;0;0;0;0;0;0
FR;4;2021-03-25;0;0;0;0;0;0;0;0;0;0
FR;4;2021-03-26;0;0;0;0;0;0;0;0;0;0
FR;4;2021-03-27;0;0;0;0;0;0;0;0;0;0
FR;4;2021-03-28;0;0;0;0;0;0;0;0;0;0
FR;4;2021-03-29;0;0;0;0;0;0;0;0;0;0
FR;4;2021-03-30;0;0;0;0;0;0;0;0;0;0
FR;4;2021-03-31;0;0;0;0;0;0;0;0;0;0
FR;4;2021-04-01;0;0;0;0;0;0;0;0;0;0
FR;4;2021-04-02;0;0;0;0;0;0;0;0;0;0
FR;4;2021-04-03;0;0;0;0;0;0;0;0;0;0
FR;4;2021-04-04;0;0;0;0;0;0;0;0;0;0
FR;4;2021-04-05;0;0;0;0;0;0;0;0;0;0
FR;4;2021-04-06;0;0;0;0;0;0;0;0;0;0
FR;4;2021-04-07;0;0;0;0;0;0;0;0;0;0
FR;4;2021-04-08;0;0;0;0;0;0;0;0;0;0
FR;4;2021-04-09;0;0;0;0;0;0;0;0;0;0
FR;4;2021-04-10;0;0;0;0;0;0;0;0;0;0
FR;4;2021-04-11;0;0;0;0;0;0;0;0;0;0
FR;4;2021-04-12;0;0;0;0;0;0;0;0;0;0
FR;4;2021-04-13;0;0;0;0;0;0;0;0;0;0
FR;4;2021-04-14;0;0;0;0;0;0;0;0;0;0
FR;4;2021-04-15;0;0;0;0;0;0;0;0;0;0
FR;4;2021-04-16;0;0;0;0;0;0;0;0;0;0
FR;4;2021-04-17;0;0;0;0;0;0;0;0;0;0
FR;4;2021-04-18;0;0;0;0;0;0;0;0;0;0
FR;4;2021-04-19;0;0;0;0;0;0;0;0;0;0
FR;4;2021-04-20;0;0;0;0;0;0;0;0;0;0
FR;4;2021-04-21;0;0;0;0;0;0;0;0;0;0
FR;4;2021-04-22;0;0;0;0;0;0;0;0;0;0
FR;4;2021-04-23;4149;0;0;0;0;4149;0;0;0;0
FR;4;2021-04-24;1569;0;0;0;0;5718;0;0;0;0
FR;4;2021-04-25;124;0;0;0;0;5842;0;0;0;0
FR;4;2021-04-26;2868;0;0;0;0;8710;0;0;0;0
FR;4;2021-04-27;9515;3;0;0;0;18225;3;0;0;0
FR;4;2021-04-28;9900;6;0;0;0;28125;9;0;0;0
FR;4;2021-04-29;15983;8;0;0;0;44108;17;0;0;0
FR;4;2021-04-30;19222;10;0;0;0;63330;27;0;0;0
FR;4;2021-05-01;1988;6;0;0;0;65318;33;0;0;0
FR;4;2021-05-02;479;0;0;0;0;65797;33;0;0;0
FR;4;2021-05-03;5053;2;0;0;0;70850;35;0;0;0
FR;4;2021-05-04;8393;10;0;0;0;79243;45;0;0;0
FR;4;2021-05-05;6178;7;0;0;0;85421;52;0;0;0
FR;4;2021-05-06;11377;11;0;0;0;96798;63;0;0;0
FR;4;2021-05-07;19110;9;0;0;0;115908;72;0;0;0
FR;4;2021-05-08;2373;6;0;0;0;118281;78;0;0;0
FR;4;2021-05-09;681;3;0;0;0;118962;81;0;0;0
FR;4;2021-05-10;7232;5;1;0;0;126194;86;1;0;0
FR;4;2021-05-11;14306;11;0;0;0;140500;97;1;0;0
FR;4;2021-05-12;10152;16;0;0;0;150652;113;1;0;0
FR;4;2021-05-13;1576;3;0;0;0;152228;116;1;0;0
FR;4;2021-05-14;7745;6;0;0;0;159973;122;1;0;0
FR;4;2021-05-15;3710;8;1;0;0;163683;130;2;0;0
FR;4;2021-05-16;418;1;0;0;0;164101;131;2;0;0
FR;4;2021-05-17;4471;6;0;0;0;168572;137;2;0;0
FR;4;2021-05-18;8742;10;0;0;0;177314;147;2;0;0
FR;4;2021-05-19;5683;7;0;0;0;182997;154;2;0;0
FR;4;2021-05-20;9472;7;0;0;0;192469;161;2;0;0
FR;4;2021-05-21;12781;29;0;0;0;205250;190;2;0;0
FR;4;2021-05-22;5047;15;0;0;0;210297;205;2;0;0
FR;4;2021-05-23;494;4;0;0;0;210791;209;2;0;0
FR;4;2021-05-24;1049;7;0;0;0;211840;216;2;0;0
FR;4;2021-05-25;7612;15;0;0;0;219452;231;2;0;0
FR;4;2021-05-26;7719;15;0;0;0;227171;246;2;0;0
FR;4;2021-05-27;14326;35;0;0;0;241497;281;2;0;0
FR;4;2021-05-28;26577;82;1;0;0;268074;363;3;0;0
FR;4;2021-05-29;11378;19;0;0;0;279452;382;3;0;0
FR;4;2021-05-30;969;6;0;0;0;280421;388;3;0;0
FR;4;2021-05-31;12684;21;0;0;0;293105;409;3;0;0
FR;4;2021-06-01;20233;46;1;0;0;313338;455;4;0;0
FR;4;2021-06-02;14511;33;0;0;0;327849;488;4;0;0
FR;4;2021-06-03;19399;24;1;0;0;347248;512;5;0;0
FR;4;2021-06-04;22500;47;0;0;0;369748;559;5;0;0
FR;4;2021-06-05;9709;32;0;0;0;379457;591;5;0;0
FR;4;2021-06-06;1037;0;0;0;0;380494;591;5;0;0
FR;4;2021-06-07;9219;19;0;0;0;389713;610;5;0;0
FR;4;2021-06-08;14606;31;0;0;0;404319;641;5;0;0
FR;4;2021-06-09;12202;25;0;0;0;416521;666;5;0;0
FR;4;2021-06-10;15390;30;0;0;0;431911;696;5;0;0
FR;4;2021-06-11;16967;56;0;0;0;448878;752;5;0;0
FR;4;2021-06-12;7439;27;0;0;0;456317;779;5;0;0
FR;4;2021-06-13;903;2;0;0;0;457220;781;5;0;0
FR;4;2021-06-14;6644;25;0;0;0;463864;806;5;0;0
FR;4;2021-06-15;10868;37;0;0;0;474732;843;5;0;0
FR;4;2021-06-16;8895;14;0;0;0;483627;857;5;0;0
FR;4;2021-06-17;10890;36;0;0;0;494517;893;5;0;0
FR;4;2021-06-18;12413;44;0;0;0;506930;937;5;0;0
FR;4;2021-06-19;5562;25;0;0;0;512492;962;5;0;0
FR;4;2021-06-20;810;5;0;0;0;513302;967;5;0;0
FR;4;2021-06-21;5078;19;0;0;0;518380;986;5;0;0
FR;4;2021-06-22;7900;26;2;0;0;526280;1012;7;0;0
FR;4;2021-06-23;7086;39;2;0;0;533366;1051;9;0;0
FR;4;2021-06-24;8643;44;1;0;0;542009;1095;10;0;0
FR;4;2021-06-25;10161;39;2;0;0;552170;1134;12;0;0
FR;4;2021-06-26;4837;21;0;0;0;557007;1155;12;0;0
FR;4;2021-06-27;757;3;0;0;0;557764;1158;12;0;0
FR;4;2021-06-28;4810;16;1;0;0;562574;1174;13;0;0
FR;4;2021-06-29;7087;27;2;0;0;569661;1201;15;0;0
FR;4;2021-06-30;6699;42;2;0;0;576360;1243;17;0;0
FR;4;2021-07-01;8178;39;0;0;0;584538;1282;17;0;0
FR;4;2021-07-02;9410;53;1;0;0;593948;1335;18;0;0
FR;4;2021-07-03;4837;19;0;0;0;598785;1354;18;0;0
FR;4;2021-07-04;682;5;0;0;0;599467;1359;18;0;0
FR;4;2021-07-05;4758;19;2;0;0;604225;1378;20;0;0
FR;4;2021-07-06;7706;28;4;0;0;611931;1406;24;0;0
FR;4;2021-07-07;7057;35;2;0;0;618988;1441;26;0;0
FR;4;2021-07-08;9211;38;2;0;0;628199;1479;28;0;0
FR;4;2021-07-09;10260;34;1;0;0;638459;1513;29;0;0
FR;4;2021-07-10;4633;14;2;0;0;643092;1527;31;0;0
FR;4;2021-07-11;578;5;1;0;0;643670;1532;32;0;0
FR;4;2021-07-12;5858;28;0;0;0;649528;1560;32;0;0
FR;4;2021-07-13;14224;29;0;0;0;663752;1589;32;0;0
FR;4;2021-07-14;2277;14;0;0;0;666029;1603;32;0;0
FR;4;2021-07-15;18218;36;0;0;0;684247;1639;32;0;0
FR;4;2021-07-16;22809;70;2;0;0;707056;1709;34;0;0
FR;4;2021-07-17;9729;20;0;0;0;716785;1729;34;0;0
FR;4;2021-07-18;1349;4;0;0;0;718134;1733;34;0;0
FR;4;2021-07-19;12962;28;1;0;0;731096;1761;35;0;0
FR;4;2021-07-20;17312;26;1;0;0;748408;1787;36;0;0
FR;4;2021-07-21;15587;32;0;0;0;763995;1819;36;0;0
FR;4;2021-07-22;18225;43;2;0;0;782220;1862;38;0;0
FR;4;2021-07-23;20385;57;7;0;0;802605;1919;45;0;0
FR;4;2021-07-24;9268;32;0;0;0;811873;1951;45;0;0
FR;4;2021-07-25;1339;8;0;0;0;813212;1959;45;0;0
FR;4;2021-07-26;11012;20;0;0;0;824224;1979;45;0;0
FR;4;2021-07-27;14640;34;3;0;0;838864;2013;48;0;0
FR;4;2021-07-28;12894;25;2;0;0;851758;2038;50;0;0
FR;4;2021-07-29;14049;53;4;0;0;865807;2091;54;0;0
FR;4;2021-07-30;15459;45;2;0;0;881266;2136;56;0;0
FR;4;2021-07-31;6808;14;2;0;0;888074;2150;58;0;0
FR;4;2021-08-01;900;1;0;0;0;888974;2151;58;0;0
FR;4;2021-08-02;7878;28;0;0;0;896852;2179;58;0;0
FR;4;2021-08-03;10771;32;2;0;0;907623;2211;60;0;0
FR;4;2021-08-04;9703;29;0;0;0;917326;2240;60;0;0
FR;4;2021-08-05;9788;41;0;0;0;927114;2281;60;0;0
FR;4;2021-08-06;10156;31;3;0;0;937270;2312;63;0;0
FR;4;2021-08-07;5074;30;1;0;0;942344;2342;64;0;0
FR;4;2021-08-08;1209;13;0;0;0;943553;2355;64;0;0
FR;4;2021-08-09;6310;30;0;0;0;949863;2385;64;0;0
FR;4;2021-08-10;8732;20;0;0;0;958595;2405;64;0;0
FR;4;2021-08-11;7917;34;3;0;0;966512;2439;67;0;0
FR;4;2021-08-12;8562;27;1;0;0;975074;2466;68;0;0
FR;4;2021-08-13;7524;25;0;1;0;982598;2491;68;1;0
FR;4;2021-08-14;3773;20;0;0;0;986371;2511;68;1;0
FR;4;2021-08-15;764;5;0;0;0;987135;2516;68;1;0
FR;4;2021-08-16;3987;15;0;0;0;991122;2531;68;1;0
FR;4;2021-08-17;5605;13;1;0;0;996727;2544;69;1;0
FR;4;2021-08-18;5145;35;0;0;0;1001872;2579;69;1;0
FR;4;2021-08-19;5463;34;3;0;0;1007335;2613;72;1;0
FR;4;2021-08-20;5193;23;1;0;0;1012528;2636;73;1;0
FR;4;2021-08-21;2302;21;1;0;0;1014830;2657;74;1;0
FR;4;2021-08-22;400;2;0;0;0;1015230;2659;74;1;0
FR;4;2021-08-23;2908;18;1;0;0;1018138;2677;75;1;0
FR;4;2021-08-24;3728;14;0;0;0;1021866;2691;75;1;0
FR;4;2021-08-25;3520;25;0;0;0;1025386;2716;75;1;0
FR;4;2021-08-26;3692;20;1;0;0;1029078;2736;76;1;0
FR;4;2021-08-27;3593;31;2;0;0;1032671;2767;78;1;0
FR;4;2021-08-28;1712;11;1;0;0;1034383;2778;79;1;0
FR;4;2021-08-29;384;7;1;0;0;1034767;2785;80;1;0
FR;4;2021-08-30;1994;23;0;0;14;1036761;2808;80;1;14
FR;4;2021-08-31;2465;20;0;0;13;1039226;2828;80;1;27
FR;4;2021-09-01;2065;38;1;0;21;1041291;2866;81;1;48
FR;4;2021-09-02;2292;30;4;0;17;1043583;2896;85;1;65
FR;4;2021-09-03;2347;45;5;0;32;1045930;2941;90;1;97
FR;4;2021-09-04;1366;16;0;0;4;1047296;2957;90;1;101
FR;4;2021-09-05;427;2;0;0;2;1047723;2959;90;1;103
FR;4;2021-09-06;1696;60;0;0;22;1049419;3019;90;1;125
FR;4;2021-09-07;1662;19;0;0;9;1051081;3038;90;1;134
FR;4;2021-09-08;1273;25;3;0;18;1052354;3063;93;1;152
FR;4;2021-09-09;1382;23;2;0;9;1053736;3086;95;1;161
FR;4;2021-09-10;1510;29;2;0;22;1055246;3115;97;1;183
FR;4;2021-09-11;732;11;0;0;3;1055978;3126;97;1;186
FR;4;2021-09-12;168;4;0;0;2;1056146;3130;97;1;188
FR;4;2021-09-13;1301;20;1;0;14;1057447;3150;98;1;202
FR;4;2021-09-14;1484;10;2;0;7;1058931;3160;100;1;209
FR;4;2021-09-15;1085;26;1;0;24;1060016;3186;101;1;233
FR;4;2021-09-16;1089;21;2;0;14;1061105;3207;103;1;247
FR;4;2021-09-17;881;22;1;0;13;1061986;3229;104;1;260
FR;4;2021-09-18;457;5;1;0;4;1062443;3234;105;1;264
FR;4;2021-09-19;181;2;0;0;1;1062624;3236;105;1;265
FR;4;2021-09-20;439;19;0;0;13;1063063;3255;105;1;278
FR;4;2021-09-21;418;10;0;0;6;1063481;3265;105;1;284
FR;4;2021-09-22;370;20;2;0;14;1063851;3285;107;1;298
FR;4;2021-09-23;468;11;1;0;10;1064319;3296;108;1;308
FR;4;2021-09-24;405;13;2;0;9;1064724;3309;110;1;317
FR;4;2021-09-25;280;9;1;0;4;1065004;3318;111;1;321
FR;4;2021-09-26;70;2;0;0;1;1065074;3320;111;1;322
FR;4;2021-09-27;258;10;1;0;8;1065332;3330;112;1;330
FR;4;2021-09-28;308;8;0;0;8;1065640;3338;112;1;338
FR;4;2021-09-29;367;19;1;0;13;1066007;3357;113;1;351
FR;4;2021-09-30;353;40;0;0;21;1066360;3397;113;1;372
FR;4;2021-10-01;396;47;0;0;41;1066756;3444;113;1;413
FR;4;2021-10-02;191;22;1;0;13;1066947;3466;114;1;426
FR;4;2021-10-03;82;1;0;0;0;1067029;3467;114;1;426
FR;4;2021-10-04;350;19;1;0;15;1067379;3486;115;1;441
FR;4;2021-10-05;267;18;1;0;13;1067646;3504;116;1;454
FR;4;2021-10-06;241;21;1;0;18;1067887;3525;117;1;472
FR;4;2021-10-07;246;26;2;0;14;1068133;3551;119;1;486
FR;4;2021-10-08;348;22;2;0;18;1068481;3573;121;1;504
FR;4;2021-10-09;188;6;4;0;5;1068669;3579;125;1;509
FR;4;2021-10-10;90;3;2;0;3;1068759;3582;127;1;512
FR;4;2021-10-11;242;14;1;0;13;1069001;3596;128;1;525
FR;4;2021-10-12;201;14;0;0;13;1069202;3610;128;1;538
FR;4;2021-10-13;216;28;1;0;25;1069418;3638;129;1;563
FR;4;2021-10-14;304;20;4;0;14;1069722;3658;133;1;577
FR;4;2021-10-15;312;24;5;0;25;1070034;3682;138;1;602
FR;4;2021-10-16;162;6;2;0;6;1070196;3688;140;1;608
FR;4;2021-10-17;68;3;0;0;1;1070264;3691;140;1;609
FR;4;2021-10-18;269;16;1;0;12;1070533;3707;141;1;621
FR;4;2021-10-19;201;13;2;0;14;1070734;3720;143;1;635
FR;4;2021-10-20;222;26;3;0;13;1070956;3746;146;1;648
FR;4;2021-10-21;228;17;0;0;13;1071184;3763;146;1;661
FR;4;2021-10-22;204;26;2;0;21;1071388;3789;148;1;682
FR;4;2021-10-23;112;16;1;0;15;1071500;3805;149;1;697
FR;4;2021-10-24;37;4;0;0;1;1071537;3809;149;1;698
FR;4;2021-10-25;203;7;2;0;9;1071740;3816;151;1;707
FR;4;2021-10-26;191;13;0;0;11;1071931;3829;151;1;718
FR;4;2021-10-27;188;11;4;0;11;1072119;3840;155;1;729
FR;4;2021-10-28;177;18;3;0;20;1072296;3858;158;1;749
FR;4;2021-10-29;217;16;2;0;14;1072513;3874;160;1;763
FR;4;2021-10-30;98;2;0;0;1;1072611;3876;160;1;764
FR;4;2021-10-31;53;3;2;0;3;1072664;3879;162;1;767
FR;4;2021-11-01;70;27;4;0;24;1072734;3906;166;1;791
FR;4;2021-11-02;143;20;2;0;21;1072877;3926;168;1;812
FR;4;2021-11-03;122;18;8;1;16;1072999;3944;176;2;828
FR;4;2021-11-04;168;13;1;0;10;1073167;3957;177;2;838
FR;4;2021-11-05;123;16;1;0;15;1073290;3973;178;2;853
FR;4;2021-11-06;76;6;1;0;6;1073366;3979;179;2;859
FR;4;2021-11-07;69;2;2;0;4;1073435;3981;181;2;863
FR;4;2021-11-08;154;16;1;0;16;1073589;3997;182;2;879
FR;4;2021-11-09;145;13;3;0;15;1073734;4010;185;2;894
FR;4;2021-11-10;103;24;6;0;26;1073837;4034;191;2;920
FR;4;2021-11-11;78;8;0;0;8;1073915;4042;191;2;928
FR;4;2021-11-12;90;18;2;0;18;1074005;4060;193;2;946
FR;4;2021-11-13;70;15;2;0;14;1074075;4075;195;2;960
FR;4;2021-11-14;51;5;3;0;7;1074126;4080;198;2;967
FR;4;2021-11-15;88;26;2;0;24;1074214;4106;200;2;991
FR;4;2021-11-16;97;10;1;0;11;1074311;4116;201;2;1002
FR;4;2021-11-17;109;29;4;0;29;1074420;4145;205;2;1031
FR;4;2021-11-18;92;34;10;0;38;1074512;4179;215;2;1069
FR;4;2021-11-19;75;19;3;0;20;1074587;4198;218;2;1089
FR;4;2021-11-20;58;6;1;0;6;1074645;4204;219;2;1095
FR;4;2021-11-21;60;4;2;0;6;1074705;4208;221;2;1101
FR;4;2021-11-22;96;27;6;0;29;1074801;4235;227;2;1130
FR;4;2021-11-23;69;30;5;0;27;1074870;4265;232;2;1157
FR;4;2021-11-24;80;23;11;0;24;1074950;4288;243;2;1181
FR;4;2021-11-25;81;30;15;0;32;1075031;4318;258;2;1213
FR;4;2021-11-26;77;41;12;0;43;1075108;4359;270;2;1256
FR;4;2021-11-27;29;23;18;0;26;1075137;4382;288;2;1282
FR;4;2021-11-28;45;9;0;0;8;1075182;4391;288;2;1290
FR;4;2021-11-29;79;31;14;0;38;1075261;4422;302;2;1328
FR;4;2021-11-30;54;35;13;0;39;1075315;4457;315;2;1367
FR;4;2021-12-01;66;59;21;0;67;1075381;4516;336;2;1434
FR;4;2021-12-02;90;46;18;0;50;1075471;4562;354;2;1484
FR;4;2021-12-03;94;34;15;0;42;1075565;4596;369;2;1526
FR;4;2021-12-04;64;29;22;0;47;1075629;4625;391;2;1573
FR;4;2021-12-05;53;5;1;0;6;1075682;4630;392;2;1579
FR;4;2021-12-06;86;45;21;0;60;1075768;4675;413;2;1639
FR;4;2021-12-07;69;31;10;0;31;1075837;4706;423;2;1670
FR;4;2021-12-08;61;27;21;0;33;1075898;4733;444;2;1703
FR;4;2021-12-09;54;31;11;0;37;1075952;4764;455;2;1740
FR;4;2021-12-10;55;62;21;0;67;1076007;4826;476;2;1807
FR;4;2021-12-11;24;33;9;0;34;1076031;4859;485;2;1841
FR;4;2021-12-12;21;9;4;0;13;1076052;4868;489;2;1854
FR;4;2021-12-13;58;39;12;0;48;1076110;4907;501;2;1902
FR;4;2021-12-14;47;43;14;0;51;1076157;4950;515;2;1953
FR;4;2021-12-15;50;58;29;0;78;1076207;5008;544;2;2031
FR;4;2021-12-16;29;41;19;0;53;1076236;5049;563;2;2084
FR;4;2021-12-17;36;52;12;0;57;1076272;5101;575;2;2141
FR;4;2021-12-18;43;30;2;0;31;1076315;5131;577;2;2172
FR;4;2021-12-19;14;3;1;0;3;1076329;5134;578;2;2175
FR;4;2021-12-20;32;38;12;0;43;1076361;5172;590;2;2218
FR;4;2021-12-21;23;29;14;0;34;1076384;5201;604;2;2252
FR;4;2021-12-22;34;35;11;0;36;1076418;5236;615;2;2288
FR;4;2021-12-23;33;43;11;0;49;1076451;5279;626;2;2337
FR;4;2021-12-24;22;25;10;0;29;1076473;5304;636;2;2366
FR;4;2021-12-25;5;3;3;0;4;1076478;5307;639;2;2370
FR;4;2021-12-26;4;2;1;0;1;1076482;5309;640;2;2371
FR;4;2021-12-27;24;41;9;0;42;1076506;5350;649;2;2413
FR;4;2021-12-28;21;27;10;0;30;1076527;5377;659;2;2443
FR;4;2021-12-29;41;22;10;0;26;1076568;5399;669;2;2469
FR;4;2021-12-30;35;16;13;0;20;1076603;5415;682;2;2489
FR;4;2021-12-31;18;4;8;0;10;1076621;5419;690;2;2499
FR;4;2022-01-01;3;3;4;0;5;1076624;5422;694;2;2504
FR;4;2022-01-02;36;4;14;0;16;1076660;5426;708;2;2520
FR;4;2022-01-03;34;47;20;1;52;1076694;5473;728;3;2572
FR;4;2022-01-04;23;21;10;1;21;1076717;5494;738;4;2593
FR;4;2022-01-05;38;18;16;0;20;1076755;5512;754;4;2613
FR;4;2022-01-06;40;17;20;0;29;1076795;5529;774;4;2642
FR;4;2022-01-07;15;16;15;0;16;1076810;5545;789;4;2658
FR;4;2022-01-08;6;5;9;0;11;1076816;5550;798;4;2669
FR;4;2022-01-09;14;1;1;0;2;1076830;5551;799;4;2671
FR;4;2022-01-10;26;19;14;0;28;1076856;5570;813;4;2699
FR;4;2022-01-11;19;29;12;0;31;1076875;5599;825;4;2730
FR;4;2022-01-12;26;18;12;0;19;1076901;5617;837;4;2749
FR;4;2022-01-13;44;17;25;0;32;1076945;5634;862;4;2781
FR;4;2022-01-14;19;26;12;0;28;1076964;5660;874;4;2809
FR;4;2022-01-15;7;5;5;0;8;1076971;5665;879;4;2817
FR;4;2022-01-16;6;7;7;0;14;1076977;5672;886;4;2831
FR;4;2022-01-17;22;18;10;0;22;1076999;5690;896;4;2853
FR;4;2022-01-18;15;14;6;0;17;1077014;5704;902;4;2870
FR;4;2022-01-19;27;20;9;0;27;1077041;5724;911;4;2897
FR;4;2022-01-20;26;35;13;0;37;1077067;5759;924;4;2934
FR;4;2022-01-21;7;12;18;1;15;1077074;5771;942;5;2949
FR;4;2022-01-22;24;8;2;0;8;1077098;5779;944;5;2957
FR;4;2022-01-23;4;2;4;0;6;1077102;5781;948;5;2963
FR;4;2022-01-24;15;20;8;0;27;1077117;5801;956;5;2990
FR;4;2022-01-25;14;31;8;1;35;1077131;5832;964;6;3025
FR;4;2022-01-26;15;14;5;1;14;1077146;5846;969;7;3039
FR;4;2022-01-27;13;18;4;0;20;1077159;5864;973;7;3059
FR;4;2022-01-28;12;21;7;0;23;1077171;5885;980;7;3082
FR;4;2022-01-29;14;5;3;0;7;1077185;5890;983;7;3089
FR;4;2022-01-30;15;1;0;0;1;1077200;5891;983;7;3090
FR;4;2022-01-31;13;25;6;0;28;1077213;5916;989;7;3118
FR;4;2022-02-01;4;17;10;0;17;1077217;5933;999;7;3135
FR;4;2022-02-02;11;10;9;2;14;1077228;5943;1008;9;3149
FR;4;2022-02-03;10;18;9;0;19;1077238;5961;1017;9;3168
FR;4;2022-02-04;4;3;7;0;7;1077242;5964;1024;9;3175
FR;4;2022-02-05;6;12;1;0;12;1077248;5976;1025;9;3187
FR;4;2022-02-06;5;2;1;0;2;1077253;5978;1026;9;3189
FR;4;2022-02-07;8;15;6;0;15;1077261;5993;1032;9;3204
FR;4;2022-02-08;13;17;12;1;18;1077274;6010;1044;10;3222
FR;4;2022-02-09;10;11;7;0;14;1077284;6021;1051;10;3236
FR;4;2022-02-10;14;22;9;0;22;1077298;6043;1060;10;3258
FR;4;2022-02-11;16;13;5;0;15;1077314;6056;1065;10;3273
FR;4;2022-02-12;21;3;0;0;2;1077335;6059;1065;10;3275
FR;4;2022-02-13;7;2;2;0;4;1077342;6061;1067;10;3279
FR;4;2022-02-14;13;6;5;0;8;1077355;6067;1072;10;3287
FR;4;2022-02-15;13;7;0;1;7;1077368;6074;1072;11;3294
FR;4;2022-02-16;8;8;7;0;13;1077376;6082;1079;11;3307
FR;4;2022-02-17;7;1;2;0;2;1077383;6083;1081;11;3309
FR;4;2022-02-18;16;13;4;0;16;1077399;6096;1085;11;3325
FR;4;2022-02-19;15;1;0;0;1;1077414;6097;1085;11;3326
FR;4;2022-02-20;6;2;0;0;1;1077420;6099;1085;11;3327
FR;4;2022-02-21;22;0;1;0;0;1077442;6099;1086;11;3327
FR;4;2022-02-22;6;1;3;0;2;1077448;6100;1089;11;3329
FR;4;2022-02-23;14;6;2;0;6;1077462;6106;1091;11;3335
FR;4;2022-02-24;7;2;0;0;2;1077469;6108;1091;11;3337
FR;4;2022-02-25;14;1;6;0;1;1077483;6109;1097;11;3338
FR;4;2022-02-26;24;3;0;0;3;1077507;6112;1097;11;3341
FR;4;2022-02-27;8;0;0;0;0;1077515;6112;1097;11;3341
FR;4;2022-02-28;12;1;2;0;2;1077527;6113;1099;11;3343
FR;4;2022-03-01;4;1;1;0;1;1077531;6114;1100;11;3344
FR;4;2022-03-02;8;0;1;0;0;1077539;6114;1101;11;3344
FR;5;2020-12-27;0;0;0;0;0;0;0;0;0;0
FR;5;2020-12-28;0;0;0;0;0;0;0;0;0;0
FR;5;2020-12-29;0;0;0;0;0;0;0;0;0;0
FR;5;2020-12-30;0;0;0;0;0;0;0;0;0;0
FR;5;2020-12-31;0;0;0;0;0;0;0;0;0;0
FR;5;2021-01-01;0;0;0;0;0;0;0;0;0;0
FR;5;2021-01-02;0;0;0;0;0;0;0;0;0;0
FR;5;2021-01-03;0;0;0;0;0;0;0;0;0;0
FR;5;2021-01-04;0;0;0;0;0;0;0;0;0;0
FR;5;2021-01-05;0;0;0;0;0;0;0;0;0;0
FR;5;2021-01-06;0;0;0;0;0;0;0;0;0;0
FR;5;2021-01-07;0;0;0;0;0;0;0;0;0;0
FR;5;2021-01-08;0;0;0;0;0;0;0;0;0;0
FR;5;2021-01-09;0;0;0;0;0;0;0;0;0;0
FR;5;2021-01-10;0;0;0;0;0;0;0;0;0;0
FR;5;2021-01-11;0;0;0;0;0;0;0;0;0;0
FR;5;2021-01-12;0;0;0;0;0;0;0;0;0;0
FR;5;2021-01-13;0;0;0;0;0;0;0;0;0;0
FR;5;2021-01-14;0;0;0;0;0;0;0;0;0;0
FR;5;2021-01-15;0;0;0;0;0;0;0;0;0;0
FR;5;2021-01-16;0;0;0;0;0;0;0;0;0;0
FR;5;2021-01-17;0;0;0;0;0;0;0;0;0;0
FR;5;2021-01-18;0;0;0;0;0;0;0;0;0;0
FR;5;2021-01-19;0;0;0;0;0;0;0;0;0;0
FR;5;2021-01-20;0;0;0;0;0;0;0;0;0;0
FR;5;2021-01-21;0;0;0;0;0;0;0;0;0;0
FR;5;2021-01-22;0;0;0;0;0;0;0;0;0;0
FR;5;2021-01-23;0;0;0;0;0;0;0;0;0;0
FR;5;2021-01-24;0;0;0;0;0;0;0;0;0;0
FR;5;2021-01-25;0;0;0;0;0;0;0;0;0;0
FR;5;2021-01-26;0;0;0;0;0;0;0;0;0;0
FR;5;2021-01-27;0;0;0;0;0;0;0;0;0;0
FR;5;2021-01-28;0;0;0;0;0;0;0;0;0;0
FR;5;2021-01-29;0;0;0;0;0;0;0;0;0;0
FR;5;2021-01-30;0;0;0;0;0;0;0;0;0;0
FR;5;2021-01-31;0;0;0;0;0;0;0;0;0;0
FR;5;2021-02-01;0;0;0;0;0;0;0;0;0;0
FR;5;2021-02-02;0;0;0;0;0;0;0;0;0;0
FR;5;2021-02-03;0;0;0;0;0;0;0;0;0;0
FR;5;2021-02-04;0;0;0;0;0;0;0;0;0;0
FR;5;2021-02-05;0;0;0;0;0;0;0;0;0;0
FR;5;2021-02-06;0;0;0;0;0;0;0;0;0;0
FR;5;2021-02-07;0;0;0;0;0;0;0;0;0;0
FR;5;2021-02-08;0;0;0;0;0;0;0;0;0;0
FR;5;2021-02-09;0;0;0;0;0;0;0;0;0;0
FR;5;2021-02-10;0;0;0;0;0;0;0;0;0;0
FR;5;2021-02-11;0;0;0;0;0;0;0;0;0;0
FR;5;2021-02-12;0;0;0;0;0;0;0;0;0;0
FR;5;2021-02-13;0;0;0;0;0;0;0;0;0;0
FR;5;2021-02-14;0;0;0;0;0;0;0;0;0;0
FR;5;2021-02-15;0;0;0;0;0;0;0;0;0;0
FR;5;2021-02-16;0;0;0;0;0;0;0;0;0;0
FR;5;2021-02-17;0;0;0;0;0;0;0;0;0;0
FR;5;2021-02-18;0;0;0;0;0;0;0;0;0;0
FR;5;2021-02-19;0;0;0;0;0;0;0;0;0;0
FR;5;2021-02-20;0;0;0;0;0;0;0;0;0;0
FR;5;2021-02-21;0;0;0;0;0;0;0;0;0;0
FR;5;2021-02-22;0;0;0;0;0;0;0;0;0;0
FR;5;2021-02-23;0;0;0;0;0;0;0;0;0;0
FR;5;2021-02-24;0;0;0;0;0;0;0;0;0;0
FR;5;2021-02-25;0;0;0;0;0;0;0;0;0;0
FR;5;2021-02-26;0;0;0;0;0;0;0;0;0;0
FR;5;2021-02-27;0;0;0;0;0;0;0;0;0;0
FR;5;2021-02-28;0;0;0;0;0;0;0;0;0;0
FR;5;2021-03-01;0;0;0;0;0;0;0;0;0;0
FR;5;2021-03-02;0;0;0;0;0;0;0;0;0;0
FR;5;2021-03-03;0;0;0;0;0;0;0;0;0;0
FR;5;2021-03-04;0;0;0;0;0;0;0;0;0;0
FR;5;2021-03-05;0;0;0;0;0;0;0;0;0;0
FR;5;2021-03-06;0;0;0;0;0;0;0;0;0;0
FR;5;2021-03-07;0;0;0;0;0;0;0;0;0;0
FR;5;2021-03-08;0;0;0;0;0;0;0;0;0;0
FR;5;2021-03-09;0;0;0;0;0;0;0;0;0;0
FR;5;2021-03-10;0;0;0;0;0;0;0;0;0;0
FR;5;2021-03-11;0;0;0;0;0;0;0;0;0;0
FR;5;2021-03-12;0;0;0;0;0;0;0;0;0;0
FR;5;2021-03-13;0;0;0;0;0;0;0;0;0;0
FR;5;2021-03-14;0;0;0;0;0;0;0;0;0;0
FR;5;2021-03-15;0;0;0;0;0;0;0;0;0;0
FR;5;2021-03-16;0;0;0;0;0;0;0;0;0;0
FR;5;2021-03-17;0;0;0;0;0;0;0;0;0;0
FR;5;2021-03-18;0;0;0;0;0;0;0;0;0;0
FR;5;2021-03-19;0;0;0;0;0;0;0;0;0;0
FR;5;2021-03-20;0;0;0;0;0;0;0;0;0;0
FR;5;2021-03-21;0;0;0;0;0;0;0;0;0;0
FR;5;2021-03-22;0;0;0;0;0;0;0;0;0;0
FR;5;2021-03-23;0;0;0;0;0;0;0;0;0;0
FR;5;2021-03-24;0;0;0;0;0;0;0;0;0;0
FR;5;2021-03-25;0;0;0;0;0;0;0;0;0;0
FR;5;2021-03-26;0;0;0;0;0;0;0;0;0;0
FR;5;2021-03-27;0;0;0;0;0;0;0;0;0;0
FR;5;2021-03-28;0;0;0;0;0;0;0;0;0;0
FR;5;2021-03-29;0;0;0;0;0;0;0;0;0;0
FR;5;2021-03-30;0;0;0;0;0;0;0;0;0;0
FR;5;2021-03-31;0;0;0;0;0;0;0;0;0;0
FR;5;2021-04-01;0;0;0;0;0;0;0;0;0;0
FR;5;2021-04-02;0;0;0;0;0;0;0;0;0;0
FR;5;2021-04-03;0;0;0;0;0;0;0;0;0;0
FR;5;2021-04-04;0;0;0;0;0;0;0;0;0;0
FR;5;2021-04-05;0;0;0;0;0;0;0;0;0;0
FR;5;2021-04-06;0;0;0;0;0;0;0;0;0;0
FR;5;2021-04-07;0;0;0;0;0;0;0;0;0;0
FR;5;2021-04-08;0;0;0;0;0;0;0;0;0;0
FR;5;2021-04-09;0;0;0;0;0;0;0;0;0;0
FR;5;2021-04-10;0;0;0;0;0;0;0;0;0;0
FR;5;2021-04-11;0;0;0;0;0;0;0;0;0;0
FR;5;2021-04-12;0;0;0;0;0;0;0;0;0;0
FR;5;2021-04-13;0;0;0;0;0;0;0;0;0;0
FR;5;2021-04-14;0;0;0;0;0;0;0;0;0;0
FR;5;2021-04-15;0;0;0;0;0;0;0;0;0;0
FR;5;2021-04-16;0;0;0;0;0;0;0;0;0;0
FR;5;2021-04-17;0;0;0;0;0;0;0;0;0;0
FR;5;2021-04-18;0;0;0;0;0;0;0;0;0;0
FR;5;2021-04-19;0;0;0;0;0;0;0;0;0;0
FR;5;2021-04-20;0;0;0;0;0;0;0;0;0;0
FR;5;2021-04-21;0;0;0;0;0;0;0;0;0;0
FR;5;2021-04-22;0;0;0;0;0;0;0;0;0;0
FR;5;2021-04-23;0;0;0;0;0;0;0;0;0;0
FR;5;2021-04-24;0;0;0;0;0;0;0;0;0;0
FR;5;2021-04-25;0;0;0;0;0;0;0;0;0;0
FR;5;2021-04-26;0;0;0;0;0;0;0;0;0;0
FR;5;2021-04-27;0;0;0;0;0;0;0;0;0;0
FR;5;2021-04-28;0;0;0;0;0;0;0;0;0;0
FR;5;2021-04-29;0;0;0;0;0;0;0;0;0;0
FR;5;2021-04-30;0;0;0;0;0;0;0;0;0;0
FR;5;2021-05-01;0;0;0;0;0;0;0;0;0;0
FR;5;2021-05-02;0;0;0;0;0;0;0;0;0;0
FR;5;2021-05-03;0;0;0;0;0;0;0;0;0;0
FR;5;2021-05-04;0;0;0;0;0;0;0;0;0;0
FR;5;2021-05-05;0;0;0;0;0;0;0;0;0;0
FR;5;2021-05-06;0;0;0;0;0;0;0;0;0;0
FR;5;2021-05-07;0;0;0;0;0;0;0;0;0;0
FR;5;2021-05-08;0;0;0;0;0;0;0;0;0;0
FR;5;2021-05-09;0;0;0;0;0;0;0;0;0;0
FR;5;2021-05-10;0;0;0;0;0;0;0;0;0;0
FR;5;2021-05-11;0;0;0;0;0;0;0;0;0;0
FR;5;2021-05-12;0;0;0;0;0;0;0;0;0;0
FR;5;2021-05-13;0;0;0;0;0;0;0;0;0;0
FR;5;2021-05-14;0;0;0;0;0;0;0;0;0;0
FR;5;2021-05-15;0;0;0;0;0;0;0;0;0;0
FR;5;2021-05-16;0;0;0;0;0;0;0;0;0;0
FR;5;2021-05-17;0;0;0;0;0;0;0;0;0;0
FR;5;2021-05-18;0;0;0;0;0;0;0;0;0;0
FR;5;2021-05-19;0;0;0;0;0;0;0;0;0;0
FR;5;2021-05-20;0;0;0;0;0;0;0;0;0;0
FR;5;2021-05-21;0;0;0;0;0;0;0;0;0;0
FR;5;2021-05-22;0;0;0;0;0;0;0;0;0;0
FR;5;2021-05-23;0;0;0;0;0;0;0;0;0;0
FR;5;2021-05-24;0;0;0;0;0;0;0;0;0;0
FR;5;2021-05-25;0;0;0;0;0;0;0;0;0;0
FR;5;2021-05-26;0;0;0;0;0;0;0;0;0;0
FR;5;2021-05-27;0;0;0;0;0;0;0;0;0;0
FR;5;2021-05-28;0;0;0;0;0;0;0;0;0;0
FR;5;2021-05-29;0;0;0;0;0;0;0;0;0;0
FR;5;2021-05-30;0;0;0;0;0;0;0;0;0;0
FR;5;2021-05-31;0;0;0;0;0;0;0;0;0;0
FR;5;2021-06-01;0;0;0;0;0;0;0;0;0;0
FR;5;2021-06-02;0;0;0;0;0;0;0;0;0;0
FR;5;2021-06-03;0;0;0;0;0;0;0;0;0;0
FR;5;2021-06-04;0;0;0;0;0;0;0;0;0;0
FR;5;2021-06-05;0;0;0;0;0;0;0;0;0;0
FR;5;2021-06-06;0;0;0;0;0;0;0;0;0;0
FR;5;2021-06-07;0;0;0;0;0;0;0;0;0;0
FR;5;2021-06-08;0;0;0;0;0;0;0;0;0;0
FR;5;2021-06-09;0;0;0;0;0;0;0;0;0;0
FR;5;2021-06-10;0;0;0;0;0;0;0;0;0;0
FR;5;2021-06-11;0;0;0;0;0;0;0;0;0;0
FR;5;2021-06-12;0;0;0;0;0;0;0;0;0;0
FR;5;2021-06-13;0;0;0;0;0;0;0;0;0;0
FR;5;2021-06-14;0;0;0;0;0;0;0;0;0;0
FR;5;2021-06-15;0;0;0;0;0;0;0;0;0;0
FR;5;2021-06-16;0;0;0;0;0;0;0;0;0;0
FR;5;2021-06-17;0;0;0;0;0;0;0;0;0;0
FR;5;2021-06-18;0;0;0;0;0;0;0;0;0;0
FR;5;2021-06-19;0;0;0;0;0;0;0;0;0;0
FR;5;2021-06-20;0;0;0;0;0;0;0;0;0;0
FR;5;2021-06-21;0;0;0;0;0;0;0;0;0;0
FR;5;2021-06-22;0;0;0;0;0;0;0;0;0;0
FR;5;2021-06-23;0;0;0;0;0;0;0;0;0;0
FR;5;2021-06-24;0;0;0;0;0;0;0;0;0;0
FR;5;2021-06-25;0;0;0;0;0;0;0;0;0;0
FR;5;2021-06-26;0;0;0;0;0;0;0;0;0;0
FR;5;2021-06-27;0;0;0;0;0;0;0;0;0;0
FR;5;2021-06-28;0;0;0;0;0;0;0;0;0;0
FR;5;2021-06-29;0;0;0;0;0;0;0;0;0;0
FR;5;2021-06-30;0;0;0;0;0;0;0;0;0;0
FR;5;2021-07-01;0;0;0;0;0;0;0;0;0;0
FR;5;2021-07-02;0;0;0;0;0;0;0;0;0;0
FR;5;2021-07-03;0;0;0;0;0;0;0;0;0;0
FR;5;2021-07-04;0;0;0;0;0;0;0;0;0;0
FR;5;2021-07-05;0;0;0;0;0;0;0;0;0;0
FR;5;2021-07-06;0;0;0;0;0;0;0;0;0;0
FR;5;2021-07-07;0;0;0;0;0;0;0;0;0;0
FR;5;2021-07-08;0;0;0;0;0;0;0;0;0;0
FR;5;2021-07-09;0;0;0;0;0;0;0;0;0;0
FR;5;2021-07-10;0;0;0;0;0;0;0;0;0;0
FR;5;2021-07-11;0;0;0;0;0;0;0;0;0;0
FR;5;2021-07-12;0;0;0;0;0;0;0;0;0;0
FR;5;2021-07-13;0;0;0;0;0;0;0;0;0;0
FR;5;2021-07-14;0;0;0;0;0;0;0;0;0;0
FR;5;2021-07-15;0;0;0;0;0;0;0;0;0;0
FR;5;2021-07-16;0;0;0;0;0;0;0;0;0;0
FR;5;2021-07-17;0;0;0;0;0;0;0;0;0;0
FR;5;2021-07-18;0;0;0;0;0;0;0;0;0;0
FR;5;2021-07-19;0;0;0;0;0;0;0;0;0;0
FR;5;2021-07-20;0;0;0;0;0;0;0;0;0;0
FR;5;2021-07-21;0;0;0;0;0;0;0;0;0;0
FR;5;2021-07-22;0;0;0;0;0;0;0;0;0;0
FR;5;2021-07-23;0;0;0;0;0;0;0;0;0;0
FR;5;2021-07-24;0;0;0;0;0;0;0;0;0;0
FR;5;2021-07-25;0;0;0;0;0;0;0;0;0;0
FR;5;2021-07-26;0;0;0;0;0;0;0;0;0;0
FR;5;2021-07-27;0;0;0;0;0;0;0;0;0;0
FR;5;2021-07-28;0;0;0;0;0;0;0;0;0;0
FR;5;2021-07-29;0;0;0;0;0;0;0;0;0;0
FR;5;2021-07-30;0;0;0;0;0;0;0;0;0;0
FR;5;2021-07-31;0;0;0;0;0;0;0;0;0;0
FR;5;2021-08-01;0;0;0;0;0;0;0;0;0;0
FR;5;2021-08-02;0;0;0;0;0;0;0;0;0;0
FR;5;2021-08-03;0;0;0;0;0;0;0;0;0;0
FR;5;2021-08-04;0;0;0;0;0;0;0;0;0;0
FR;5;2021-08-05;0;0;0;0;0;0;0;0;0;0
FR;5;2021-08-06;0;0;0;0;0;0;0;0;0;0
FR;5;2021-08-07;0;0;0;0;0;0;0;0;0;0
FR;5;2021-08-08;0;0;0;0;0;0;0;0;0;0
FR;5;2021-08-09;0;0;0;0;0;0;0;0;0;0
FR;5;2021-08-10;0;0;0;0;0;0;0;0;0;0
FR;5;2021-08-11;0;0;0;0;0;0;0;0;0;0
FR;5;2021-08-12;0;0;0;0;0;0;0;0;0;0
FR;5;2021-08-13;0;0;0;0;0;0;0;0;0;0
FR;5;2021-08-14;0;0;0;0;0;0;0;0;0;0
FR;5;2021-08-15;0;0;0;0;0;0;0;0;0;0
FR;5;2021-08-16;0;0;0;0;0;0;0;0;0;0
FR;5;2021-08-17;0;0;0;0;0;0;0;0;0;0
FR;5;2021-08-18;0;0;0;0;0;0;0;0;0;0
FR;5;2021-08-19;0;0;0;0;0;0;0;0;0;0
FR;5;2021-08-20;0;0;0;0;0;0;0;0;0;0
FR;5;2021-08-21;0;0;0;0;0;0;0;0;0;0
FR;5;2021-08-22;0;0;0;0;0;0;0;0;0;0
FR;5;2021-08-23;0;0;0;0;0;0;0;0;0;0
FR;5;2021-08-24;0;0;0;0;0;0;0;0;0;0
FR;5;2021-08-25;0;0;0;0;0;0;0;0;0;0
FR;5;2021-08-26;0;0;0;0;0;0;0;0;0;0
FR;5;2021-08-27;0;0;0;0;0;0;0;0;0;0
FR;5;2021-08-28;0;0;0;0;0;0;0;0;0;0
FR;5;2021-08-29;0;0;0;0;0;0;0;0;0;0
FR;5;2021-08-30;0;0;0;0;0;0;0;0;0;0
FR;5;2021-08-31;0;0;0;0;0;0;0;0;0;0
FR;5;2021-09-01;0;0;0;0;0;0;0;0;0;0
FR;5;2021-09-02;0;0;0;0;0;0;0;0;0;0
FR;5;2021-09-03;0;0;0;0;0;0;0;0;0;0
FR;5;2021-09-04;0;0;0;0;0;0;0;0;0;0
FR;5;2021-09-05;0;0;0;0;0;0;0;0;0;0
FR;5;2021-09-06;0;0;0;0;0;0;0;0;0;0
FR;5;2021-09-07;0;0;0;0;0;0;0;0;0;0
FR;5;2021-09-08;0;0;0;0;0;0;0;0;0;0
FR;5;2021-09-09;0;0;0;0;0;0;0;0;0;0
FR;5;2021-09-10;0;0;0;0;0;0;0;0;0;0
FR;5;2021-09-11;0;0;0;0;0;0;0;0;0;0
FR;5;2021-09-12;0;0;0;0;0;0;0;0;0;0
FR;5;2021-09-13;0;0;0;0;0;0;0;0;0;0
FR;5;2021-09-14;0;0;0;0;0;0;0;0;0;0
FR;5;2021-09-15;0;0;0;0;0;0;0;0;0;0
FR;5;2021-09-16;0;0;0;0;0;0;0;0;0;0
FR;5;2021-09-17;0;0;0;0;0;0;0;0;0;0
FR;5;2021-09-18;0;0;0;0;0;0;0;0;0;0
FR;5;2021-09-19;0;0;0;0;0;0;0;0;0;0
FR;5;2021-09-20;0;0;0;0;0;0;0;0;0;0
FR;5;2021-09-21;0;0;0;0;0;0;0;0;0;0
FR;5;2021-09-22;0;0;0;0;0;0;0;0;0;0
FR;5;2021-09-23;0;0;0;0;0;0;0;0;0;0
FR;5;2021-09-24;0;0;0;0;0;0;0;0;0;0
FR;5;2021-09-25;0;0;0;0;0;0;0;0;0;0
FR;5;2021-09-26;0;0;0;0;0;0;0;0;0;0
FR;5;2021-09-27;0;0;0;0;0;0;0;0;0;0
FR;5;2021-09-28;0;0;0;0;0;0;0;0;0;0
FR;5;2021-09-29;0;0;0;0;0;0;0;0;0;0
FR;5;2021-09-30;0;0;0;0;0;0;0;0;0;0
FR;5;2021-10-01;0;0;0;0;0;0;0;0;0;0
FR;5;2021-10-02;0;0;0;0;0;0;0;0;0;0
FR;5;2021-10-03;0;0;0;0;0;0;0;0;0;0
FR;5;2021-10-04;0;0;0;0;0;0;0;0;0;0
FR;5;2021-10-05;0;0;0;0;0;0;0;0;0;0
FR;5;2021-10-06;0;0;0;0;0;0;0;0;0;0
FR;5;2021-10-07;0;0;0;0;0;0;0;0;0;0
FR;5;2021-10-08;0;0;0;0;0;0;0;0;0;0
FR;5;2021-10-09;0;0;0;0;0;0;0;0;0;0
FR;5;2021-10-10;0;0;0;0;0;0;0;0;0;0
FR;5;2021-10-11;0;0;0;0;0;0;0;0;0;0
FR;5;2021-10-12;0;0;0;0;0;0;0;0;0;0
FR;5;2021-10-13;0;0;0;0;0;0;0;0;0;0
FR;5;2021-10-14;0;0;0;0;0;0;0;0;0;0
FR;5;2021-10-15;0;0;0;0;0;0;0;0;0;0
FR;5;2021-10-16;0;0;0;0;0;0;0;0;0;0
FR;5;2021-10-17;0;0;0;0;0;0;0;0;0;0
FR;5;2021-10-18;0;0;0;0;0;0;0;0;0;0
FR;5;2021-10-19;0;0;0;0;0;0;0;0;0;0
FR;5;2021-10-20;0;0;0;0;0;0;0;0;0;0
FR;5;2021-10-21;0;0;0;0;0;0;0;0;0;0
FR;5;2021-10-22;0;0;0;0;0;0;0;0;0;0
FR;5;2021-10-23;0;0;0;0;0;0;0;0;0;0
FR;5;2021-10-24;0;0;0;0;0;0;0;0;0;0
FR;5;2021-10-25;0;0;0;0;0;0;0;0;0;0
FR;5;2021-10-26;0;0;0;0;0;0;0;0;0;0
FR;5;2021-10-27;0;0;0;0;0;0;0;0;0;0
FR;5;2021-10-28;0;0;0;0;0;0;0;0;0;0
FR;5;2021-10-29;0;0;0;0;0;0;0;0;0;0
FR;5;2021-10-30;0;0;0;0;0;0;0;0;0;0
FR;5;2021-10-31;0;0;0;0;0;0;0;0;0;0
FR;5;2021-11-01;0;0;0;0;0;0;0;0;0;0
FR;5;2021-11-02;0;0;0;0;0;0;0;0;0;0
FR;5;2021-11-03;0;0;0;0;0;0;0;0;0;0
FR;5;2021-11-04;0;0;0;0;0;0;0;0;0;0
FR;5;2021-11-05;0;0;0;0;0;0;0;0;0;0
FR;5;2021-11-06;0;0;0;0;0;0;0;0;0;0
FR;5;2021-11-07;0;0;0;0;0;0;0;0;0;0
FR;5;2021-11-08;0;0;0;0;0;0;0;0;0;0
FR;5;2021-11-09;0;0;0;0;0;0;0;0;0;0
FR;5;2021-11-10;0;0;0;0;0;0;0;0;0;0
FR;5;2021-11-11;0;0;0;0;0;0;0;0;0;0
FR;5;2021-11-12;0;0;0;0;0;0;0;0;0;0
FR;5;2021-11-13;0;0;0;0;0;0;0;0;0;0
FR;5;2021-11-14;0;0;0;0;0;0;0;0;0;0
FR;5;2021-11-15;0;0;0;0;0;0;0;0;0;0
FR;5;2021-11-16;0;0;0;0;0;0;0;0;0;0
FR;5;2021-11-17;0;0;0;0;0;0;0;0;0;0
FR;5;2021-11-18;0;0;0;0;0;0;0;0;0;0
FR;5;2021-11-19;0;0;0;0;0;0;0;0;0;0
FR;5;2021-11-20;0;0;0;0;0;0;0;0;0;0
FR;5;2021-11-21;0;0;0;0;0;0;0;0;0;0
FR;5;2021-11-22;0;0;0;0;0;0;0;0;0;0
FR;5;2021-11-23;0;0;0;0;0;0;0;0;0;0
FR;5;2021-11-24;0;0;0;0;0;0;0;0;0;0
FR;5;2021-11-25;0;0;0;0;0;0;0;0;0;0
FR;5;2021-11-26;0;0;0;0;0;0;0;0;0;0
FR;5;2021-11-27;0;0;0;0;0;0;0;0;0;0
FR;5;2021-11-28;0;0;0;0;0;0;0;0;0;0
FR;5;2021-11-29;0;0;0;0;0;0;0;0;0;0
FR;5;2021-11-30;0;0;0;0;0;0;0;0;0;0
FR;5;2021-12-01;0;0;0;0;0;0;0;0;0;0
FR;5;2021-12-02;0;0;0;0;0;0;0;0;0;0
FR;5;2021-12-03;0;0;0;0;0;0;0;0;0;0
FR;5;2021-12-04;0;0;0;0;0;0;0;0;0;0
FR;5;2021-12-05;0;0;0;0;0;0;0;0;0;0
FR;5;2021-12-06;0;0;0;0;0;0;0;0;0;0
FR;5;2021-12-07;0;0;0;0;0;0;0;0;0;0
FR;5;2021-12-08;0;0;0;0;0;0;0;0;0;0
FR;5;2021-12-09;0;0;0;0;0;0;0;0;0;0
FR;5;2021-12-10;0;0;0;0;0;0;0;0;0;0
FR;5;2021-12-11;0;0;0;0;0;0;0;0;0;0
FR;5;2021-12-12;0;0;0;0;0;0;0;0;0;0
FR;5;2021-12-13;0;0;0;0;0;0;0;0;0;0
FR;5;2021-12-14;25;45;77;0;88;25;45;77;0;88
FR;5;2021-12-15;196;44;37;0;49;221;89;114;0;137
FR;5;2021-12-16;180;21;44;0;48;401;110;158;0;185
FR;5;2021-12-17;308;16;72;0;74;709;126;230;0;259
FR;5;2021-12-18;762;24;22;0;29;1471;150;252;0;288
FR;5;2021-12-19;585;15;15;0;17;2056;165;267;0;305
FR;5;2021-12-20;1215;31;35;0;38;3271;196;302;0;343
FR;5;2021-12-21;1534;22;53;1;59;4805;218;355;1;402
FR;5;2021-12-22;4067;39;37;0;45;8872;257;392;1;447
FR;5;2021-12-23;3040;16;21;0;25;11912;273;413;1;472
FR;5;2021-12-24;760;18;9;0;15;12672;291;422;1;487
FR;5;2021-12-25;61;5;1;0;2;12733;296;423;1;489
FR;5;2021-12-26;623;6;3;0;4;13356;302;426;1;493
FR;5;2021-12-27;4079;25;21;0;23;17435;327;447;1;516
FR;5;2021-12-28;5199;22;41;1;42;22634;349;488;2;558
FR;5;2021-12-29;8099;34;65;2;68;30733;383;553;4;626
FR;5;2021-12-30;5171;19;33;0;39;35904;402;586;4;665
FR;5;2021-12-31;1550;8;10;0;11;37454;410;596;4;676
FR;5;2022-01-01;182;1;2;0;2;37636;411;598;4;678
FR;5;2022-01-02;1487;1;1;0;1;39123;412;599;4;679
FR;5;2022-01-03;3051;33;33;0;32;42174;445;632;4;711
FR;5;2022-01-04;3030;39;33;0;42;45204;484;665;4;753
FR;5;2022-01-05;19305;202;97;1;107;64509;686;762;5;860
FR;5;2022-01-06;3740;133;122;0;142;68249;819;884;5;1002
FR;5;2022-01-07;4994;198;47;2;55;73243;1017;931;7;1057
FR;5;2022-01-08;13647;514;45;0;52;86890;1531;976;7;1109
FR;5;2022-01-09;5755;398;15;0;20;92645;1929;991;7;1129
FR;5;2022-01-10;3451;328;25;0;29;96096;2257;1016;7;1158
FR;5;2022-01-11;3666;284;37;0;40;99762;2541;1053;7;1198
FR;5;2022-01-12;22647;3004;90;0;113;122409;5545;1143;7;1311
FR;5;2022-01-13;4029;624;30;0;32;126438;6169;1173;7;1343
FR;5;2022-01-14;4836;580;43;0;50;131274;6749;1216;7;1393
FR;5;2022-01-15;14671;1747;39;3;50;145945;8496;1255;10;1443
FR;5;2022-01-16;4728;666;3;0;5;150673;9162;1258;10;1448
FR;5;2022-01-17;2296;716;26;0;29;152969;9878;1284;10;1477
FR;5;2022-01-18;2423;868;30;0;40;155392;10746;1314;10;1517
FR;5;2022-01-19;18475;6419;74;2;142;173867;17165;1388;12;1659
FR;5;2022-01-20;1917;1068;24;0;32;175784;18233;1412;12;1691
FR;5;2022-01-21;3076;1370;47;1;59;178860;19603;1459;13;1750
FR;5;2022-01-22;10717;3452;33;1;42;189577;23055;1492;14;1792
FR;5;2022-01-23;2627;1413;5;0;8;192204;24468;1497;14;1800
FR;5;2022-01-24;1157;1340;19;0;23;193361;25808;1516;14;1823
FR;5;2022-01-25;1219;1548;19;2;29;194580;27356;1535;16;1852
FR;5;2022-01-26;10743;12010;50;1;89;205323;39366;1585;17;1941
FR;5;2022-01-27;1287;1688;10;0;17;206610;41054;1595;17;1958
FR;5;2022-01-28;1695;3336;16;0;19;208305;44390;1611;17;1977
FR;5;2022-01-29;6238;8038;67;0;95;214543;52428;1678;17;2072
FR;5;2022-01-30;1508;2950;5;0;18;216051;55378;1683;17;2090
FR;5;2022-01-31;586;1772;23;0;24;216637;57150;1706;17;2114
FR;5;2022-02-01;705;1699;10;0;14;217342;58849;1716;17;2128
FR;5;2022-02-02;6943;15645;51;0;94;224285;74494;1767;17;2222
FR;5;2022-02-03;483;1688;13;0;11;224768;76182;1780;17;2233
FR;5;2022-02-04;937;3001;19;0;31;225705;79183;1799;17;2264
FR;5;2022-02-05;3529;8913;23;0;37;229234;88096;1822;17;2301
FR;5;2022-02-06;734;2397;9;0;18;229968;90493;1831;17;2319
FR;5;2022-02-07;876;1595;22;0;24;230844;92088;1853;17;2343
FR;5;2022-02-08;715;1278;18;0;19;231559;93366;1871;17;2362
FR;5;2022-02-09;4529;12874;44;0;76;236088;106240;1915;17;2438
FR;5;2022-02-10;640;1056;13;0;14;236728;107296;1928;17;2452
FR;5;2022-02-11;789;2025;16;0;20;237517;109321;1944;17;2472
FR;5;2022-02-12;2280;6808;32;0;52;239797;116129;1976;17;2524
FR;5;2022-02-13;460;1539;7;0;7;240257;117668;1983;17;2531
FR;5;2022-02-14;672;1285;10;0;13;240929;118953;1993;17;2544
FR;5;2022-02-15;478;880;7;0;12;241407;119833;2000;17;2556
FR;5;2022-02-16;2956;9113;41;1;58;244363;128946;2041;18;2614
FR;5;2022-02-17;432;803;6;0;7;244795;129749;2047;18;2621
FR;5;2022-02-18;646;1406;11;0;15;245441;131155;2058;18;2636
FR;5;2022-02-19;1365;4311;16;0;28;246806;135466;2074;18;2664
FR;5;2022-02-20;244;879;6;0;8;247050;136345;2080;18;2672
FR;5;2022-02-21;219;605;2;0;4;247269;136950;2082;18;2676
FR;5;2022-02-22;258;540;17;0;16;247527;137490;2099;18;2692
FR;5;2022-02-23;1898;6908;22;1;41;249425;144398;2121;19;2733
FR;5;2022-02-24;181;370;5;1;5;249606;144768;2126;20;2738
FR;5;2022-02-25;331;939;13;0;12;249937;145707;2139;20;2750
FR;5;2022-02-26;963;3063;9;0;14;250900;148770;2148;20;2764
FR;5;2022-02-27;145;507;0;0;3;251045;149277;2148;20;2767
FR;5;2022-02-28;159;365;1;0;1;251204;149642;2149;20;2768
FR;5;2022-03-01;123;276;6;0;7;251327;149918;2155;20;2775
FR;5;2022-03-02;1211;4115;28;4;39;252538;154033;2183;24;2814
FR;6;2020-12-27;0;0;0;0;0;0;0;0;0;0
FR;6;2020-12-28;0;0;0;0;0;0;0;0;0;0
FR;6;2020-12-29;0;0;0;0;0;0;0;0;0;0
FR;6;2020-12-30;0;0;0;0;0;0;0;0;0;0
FR;6;2020-12-31;0;0;0;0;0;0;0;0;0;0
FR;6;2021-01-01;0;0;0;0;0;0;0;0;0;0
FR;6;2021-01-02;0;0;0;0;0;0;0;0;0;0
FR;6;2021-01-03;0;0;0;0;0;0;0;0;0;0
FR;6;2021-01-04;0;0;0;0;0;0;0;0;0;0
FR;6;2021-01-05;0;0;0;0;0;0;0;0;0;0
FR;6;2021-01-06;0;0;0;0;0;0;0;0;0;0
FR;6;2021-01-07;0;0;0;0;0;0;0;0;0;0
FR;6;2021-01-08;0;0;0;0;0;0;0;0;0;0
FR;6;2021-01-09;0;0;0;0;0;0;0;0;0;0
FR;6;2021-01-10;0;0;0;0;0;0;0;0;0;0
FR;6;2021-01-11;0;0;0;0;0;0;0;0;0;0
FR;6;2021-01-12;0;0;0;0;0;0;0;0;0;0
FR;6;2021-01-13;0;0;0;0;0;0;0;0;0;0
FR;6;2021-01-14;0;0;0;0;0;0;0;0;0;0
FR;6;2021-01-15;0;0;0;0;0;0;0;0;0;0
FR;6;2021-01-16;0;0;0;0;0;0;0;0;0;0
FR;6;2021-01-17;0;0;0;0;0;0;0;0;0;0
FR;6;2021-01-18;0;0;0;0;0;0;0;0;0;0
FR;6;2021-01-19;0;0;0;0;0;0;0;0;0;0
FR;6;2021-01-20;0;0;0;0;0;0;0;0;0;0
FR;6;2021-01-21;0;0;0;0;0;0;0;0;0;0
FR;6;2021-01-22;0;0;0;0;0;0;0;0;0;0
FR;6;2021-01-23;0;0;0;0;0;0;0;0;0;0
FR;6;2021-01-24;0;0;0;0;0;0;0;0;0;0
FR;6;2021-01-25;0;0;0;0;0;0;0;0;0;0
FR;6;2021-01-26;0;0;0;0;0;0;0;0;0;0
FR;6;2021-01-27;0;0;0;0;0;0;0;0;0;0
FR;6;2021-01-28;0;0;0;0;0;0;0;0;0;0
FR;6;2021-01-29;0;0;0;0;0;0;0;0;0;0
FR;6;2021-01-30;0;0;0;0;0;0;0;0;0;0
FR;6;2021-01-31;0;0;0;0;0;0;0;0;0;0
FR;6;2021-02-01;0;0;0;0;0;0;0;0;0;0
FR;6;2021-02-02;0;0;0;0;0;0;0;0;0;0
FR;6;2021-02-03;0;0;0;0;0;0;0;0;0;0
FR;6;2021-02-04;0;0;0;0;0;0;0;0;0;0
FR;6;2021-02-05;0;0;0;0;0;0;0;0;0;0
FR;6;2021-02-06;0;0;0;0;0;0;0;0;0;0
FR;6;2021-02-07;0;0;0;0;0;0;0;0;0;0
FR;6;2021-02-08;0;0;0;0;0;0;0;0;0;0
FR;6;2021-02-09;0;0;0;0;0;0;0;0;0;0
FR;6;2021-02-10;0;0;0;0;0;0;0;0;0;0
FR;6;2021-02-11;0;0;0;0;0;0;0;0;0;0
FR;6;2021-02-12;0;0;0;0;0;0;0;0;0;0
FR;6;2021-02-13;0;0;0;0;0;0;0;0;0;0
FR;6;2021-02-14;0;0;0;0;0;0;0;0;0;0
FR;6;2021-02-15;0;0;0;0;0;0;0;0;0;0
FR;6;2021-02-16;0;0;0;0;0;0;0;0;0;0
FR;6;2021-02-17;0;0;0;0;0;0;0;0;0;0
FR;6;2021-02-18;0;0;0;0;0;0;0;0;0;0
FR;6;2021-02-19;0;0;0;0;0;0;0;0;0;0
FR;6;2021-02-20;0;0;0;0;0;0;0;0;0;0
FR;6;2021-02-21;0;0;0;0;0;0;0;0;0;0
FR;6;2021-02-22;0;0;0;0;0;0;0;0;0;0
FR;6;2021-02-23;0;0;0;0;0;0;0;0;0;0
FR;6;2021-02-24;0;0;0;0;0;0;0;0;0;0
FR;6;2021-02-25;0;0;0;0;0;0;0;0;0;0
FR;6;2021-02-26;0;0;0;0;0;0;0;0;0;0
FR;6;2021-02-27;0;0;0;0;0;0;0;0;0;0
FR;6;2021-02-28;0;0;0;0;0;0;0;0;0;0
FR;6;2021-03-01;0;0;0;0;0;0;0;0;0;0
FR;6;2021-03-02;0;0;0;0;0;0;0;0;0;0
FR;6;2021-03-03;0;0;0;0;0;0;0;0;0;0
FR;6;2021-03-04;0;0;0;0;0;0;0;0;0;0
FR;6;2021-03-05;0;0;0;0;0;0;0;0;0;0
FR;6;2021-03-06;0;0;0;0;0;0;0;0;0;0
FR;6;2021-03-07;0;0;0;0;0;0;0;0;0;0
FR;6;2021-03-08;0;0;0;0;0;0;0;0;0;0
FR;6;2021-03-09;0;0;0;0;0;0;0;0;0;0
FR;6;2021-03-10;0;0;0;0;0;0;0;0;0;0
FR;6;2021-03-11;0;0;0;0;0;0;0;0;0;0
FR;6;2021-03-12;0;0;0;0;0;0;0;0;0;0
FR;6;2021-03-13;0;0;0;0;0;0;0;0;0;0
FR;6;2021-03-14;0;0;0;0;0;0;0;0;0;0
FR;6;2021-03-15;0;0;0;0;0;0;0;0;0;0
FR;6;2021-03-16;0;0;0;0;0;0;0;0;0;0
FR;6;2021-03-17;0;0;0;0;0;0;0;0;0;0
FR;6;2021-03-18;0;0;0;0;0;0;0;0;0;0
FR;6;2021-03-19;0;0;0;0;0;0;0;0;0;0
FR;6;2021-03-20;0;0;0;0;0;0;0;0;0;0
FR;6;2021-03-21;0;0;0;0;0;0;0;0;0;0
FR;6;2021-03-22;0;0;0;0;0;0;0;0;0;0
FR;6;2021-03-23;0;0;0;0;0;0;0;0;0;0
FR;6;2021-03-24;0;0;0;0;0;0;0;0;0;0
FR;6;2021-03-25;0;0;0;0;0;0;0;0;0;0
FR;6;2021-03-26;0;0;0;0;0;0;0;0;0;0
FR;6;2021-03-27;0;0;0;0;0;0;0;0;0;0
FR;6;2021-03-28;0;0;0;0;0;0;0;0;0;0
FR;6;2021-03-29;0;0;0;0;0;0;0;0;0;0
FR;6;2021-03-30;0;0;0;0;0;0;0;0;0;0
FR;6;2021-03-31;0;0;0;0;0;0;0;0;0;0
FR;6;2021-04-01;0;0;0;0;0;0;0;0;0;0
FR;6;2021-04-02;0;0;0;0;0;0;0;0;0;0
FR;6;2021-04-03;0;0;0;0;0;0;0;0;0;0
FR;6;2021-04-04;0;0;0;0;0;0;0;0;0;0
FR;6;2021-04-05;0;0;0;0;0;0;0;0;0;0
FR;6;2021-04-06;0;0;0;0;0;0;0;0;0;0
FR;6;2021-04-07;0;0;0;0;0;0;0;0;0;0
FR;6;2021-04-08;0;0;0;0;0;0;0;0;0;0
FR;6;2021-04-09;0;0;0;0;0;0;0;0;0;0
FR;6;2021-04-10;0;0;0;0;0;0;0;0;0;0
FR;6;2021-04-11;0;0;0;0;0;0;0;0;0;0
FR;6;2021-04-12;0;0;0;0;0;0;0;0;0;0
FR;6;2021-04-13;0;0;0;0;0;0;0;0;0;0
FR;6;2021-04-14;0;0;0;0;0;0;0;0;0;0
FR;6;2021-04-15;0;0;0;0;0;0;0;0;0;0
FR;6;2021-04-16;0;0;0;0;0;0;0;0;0;0
FR;6;2021-04-17;0;0;0;0;0;0;0;0;0;0
FR;6;2021-04-18;0;0;0;0;0;0;0;0;0;0
FR;6;2021-04-19;0;0;0;0;0;0;0;0;0;0
FR;6;2021-04-20;0;0;0;0;0;0;0;0;0;0
FR;6;2021-04-21;0;0;0;0;0;0;0;0;0;0
FR;6;2021-04-22;0;0;0;0;0;0;0;0;0;0
FR;6;2021-04-23;0;0;0;0;0;0;0;0;0;0
FR;6;2021-04-24;0;0;0;0;0;0;0;0;0;0
FR;6;2021-04-25;0;0;0;0;0;0;0;0;0;0
FR;6;2021-04-26;0;0;0;0;0;0;0;0;0;0
FR;6;2021-04-27;0;0;0;0;0;0;0;0;0;0
FR;6;2021-04-28;0;0;0;0;0;0;0;0;0;0
FR;6;2021-04-29;0;0;0;0;0;0;0;0;0;0
FR;6;2021-04-30;0;0;0;0;0;0;0;0;0;0
FR;6;2021-05-01;0;0;0;0;0;0;0;0;0;0
FR;6;2021-05-02;0;0;0;0;0;0;0;0;0;0
FR;6;2021-05-03;0;0;0;0;0;0;0;0;0;0
FR;6;2021-05-04;0;0;0;0;0;0;0;0;0;0
FR;6;2021-05-05;0;0;0;0;0;0;0;0;0;0
FR;6;2021-05-06;0;0;0;0;0;0;0;0;0;0
FR;6;2021-05-07;0;0;0;0;0;0;0;0;0;0
FR;6;2021-05-08;0;0;0;0;0;0;0;0;0;0
FR;6;2021-05-09;0;0;0;0;0;0;0;0;0;0
FR;6;2021-05-10;0;0;0;0;0;0;0;0;0;0
FR;6;2021-05-11;0;0;0;0;0;0;0;0;0;0
FR;6;2021-05-12;0;0;0;0;0;0;0;0;0;0
FR;6;2021-05-13;0;0;0;0;0;0;0;0;0;0
FR;6;2021-05-14;0;0;0;0;0;0;0;0;0;0
FR;6;2021-05-15;0;0;0;0;0;0;0;0;0;0
FR;6;2021-05-16;0;0;0;0;0;0;0;0;0;0
FR;6;2021-05-17;0;0;0;0;0;0;0;0;0;0
FR;6;2021-05-18;0;0;0;0;0;0;0;0;0;0
FR;6;2021-05-19;0;0;0;0;0;0;0;0;0;0
FR;6;2021-05-20;0;0;0;0;0;0;0;0;0;0
FR;6;2021-05-21;0;0;0;0;0;0;0;0;0;0
FR;6;2021-05-22;0;0;0;0;0;0;0;0;0;0
FR;6;2021-05-23;0;0;0;0;0;0;0;0;0;0
FR;6;2021-05-24;0;0;0;0;0;0;0;0;0;0
FR;6;2021-05-25;0;0;0;0;0;0;0;0;0;0
FR;6;2021-05-26;0;0;0;0;0;0;0;0;0;0
FR;6;2021-05-27;0;0;0;0;0;0;0;0;0;0
FR;6;2021-05-28;0;0;0;0;0;0;0;0;0;0
FR;6;2021-05-29;0;0;0;0;0;0;0;0;0;0
FR;6;2021-05-30;0;0;0;0;0;0;0;0;0;0
FR;6;2021-05-31;0;0;0;0;0;0;0;0;0;0
FR;6;2021-06-01;0;0;0;0;0;0;0;0;0;0
FR;6;2021-06-02;0;0;0;0;0;0;0;0;0;0
FR;6;2021-06-03;0;0;0;0;0;0;0;0;0;0
FR;6;2021-06-04;0;0;0;0;0;0;0;0;0;0
FR;6;2021-06-05;0;0;0;0;0;0;0;0;0;0
FR;6;2021-06-06;0;0;0;0;0;0;0;0;0;0
FR;6;2021-06-07;0;0;0;0;0;0;0;0;0;0
FR;6;2021-06-08;0;0;0;0;0;0;0;0;0;0
FR;6;2021-06-09;0;0;0;0;0;0;0;0;0;0
FR;6;2021-06-10;0;0;0;0;0;0;0;0;0;0
FR;6;2021-06-11;0;0;0;0;0;0;0;0;0;0
FR;6;2021-06-12;0;0;0;0;0;0;0;0;0;0
FR;6;2021-06-13;0;0;0;0;0;0;0;0;0;0
FR;6;2021-06-14;0;0;0;0;0;0;0;0;0;0
FR;6;2021-06-15;0;0;0;0;0;0;0;0;0;0
FR;6;2021-06-16;0;0;0;0;0;0;0;0;0;0
FR;6;2021-06-17;0;0;0;0;0;0;0;0;0;0
FR;6;2021-06-18;0;0;0;0;0;0;0;0;0;0
FR;6;2021-06-19;0;0;0;0;0;0;0;0;0;0
FR;6;2021-06-20;0;0;0;0;0;0;0;0;0;0
FR;6;2021-06-21;0;0;0;0;0;0;0;0;0;0
FR;6;2021-06-22;0;0;0;0;0;0;0;0;0;0
FR;6;2021-06-23;0;0;0;0;0;0;0;0;0;0
FR;6;2021-06-24;0;0;0;0;0;0;0;0;0;0
FR;6;2021-06-25;0;0;0;0;0;0;0;0;0;0
FR;6;2021-06-26;0;0;0;0;0;0;0;0;0;0
FR;6;2021-06-27;0;0;0;0;0;0;0;0;0;0
FR;6;2021-06-28;0;0;0;0;0;0;0;0;0;0
FR;6;2021-06-29;0;0;0;0;0;0;0;0;0;0
FR;6;2021-06-30;0;0;0;0;0;0;0;0;0;0
FR;6;2021-07-01;0;0;0;0;0;0;0;0;0;0
FR;6;2021-07-02;0;0;0;0;0;0;0;0;0;0
FR;6;2021-07-03;0;0;0;0;0;0;0;0;0;0
FR;6;2021-07-04;0;0;0;0;0;0;0;0;0;0
FR;6;2021-07-05;0;0;0;0;0;0;0;0;0;0
FR;6;2021-07-06;0;0;0;0;0;0;0;0;0;0
FR;6;2021-07-07;0;0;0;0;0;0;0;0;0;0
FR;6;2021-07-08;0;0;0;0;0;0;0;0;0;0
FR;6;2021-07-09;0;0;0;0;0;0;0;0;0;0
FR;6;2021-07-10;0;0;0;0;0;0;0;0;0;0
FR;6;2021-07-11;0;0;0;0;0;0;0;0;0;0
FR;6;2021-07-12;0;0;0;0;0;0;0;0;0;0
FR;6;2021-07-13;0;0;0;0;0;0;0;0;0;0
FR;6;2021-07-14;0;0;0;0;0;0;0;0;0;0
FR;6;2021-07-15;0;0;0;0;0;0;0;0;0;0
FR;6;2021-07-16;0;0;0;0;0;0;0;0;0;0
FR;6;2021-07-17;0;0;0;0;0;0;0;0;0;0
FR;6;2021-07-18;0;0;0;0;0;0;0;0;0;0
FR;6;2021-07-19;0;0;0;0;0;0;0;0;0;0
FR;6;2021-07-20;0;0;0;0;0;0;0;0;0;0
FR;6;2021-07-21;0;0;0;0;0;0;0;0;0;0
FR;6;2021-07-22;0;0;0;0;0;0;0;0;0;0
FR;6;2021-07-23;0;0;0;0;0;0;0;0;0;0
FR;6;2021-07-24;0;0;0;0;0;0;0;0;0;0
FR;6;2021-07-25;0;0;0;0;0;0;0;0;0;0
FR;6;2021-07-26;0;0;0;0;0;0;0;0;0;0
FR;6;2021-07-27;0;0;0;0;0;0;0;0;0;0
FR;6;2021-07-28;0;0;0;0;0;0;0;0;0;0
FR;6;2021-07-29;0;0;0;0;0;0;0;0;0;0
FR;6;2021-07-30;0;0;0;0;0;0;0;0;0;0
FR;6;2021-07-31;0;0;0;0;0;0;0;0;0;0
FR;6;2021-08-01;0;0;0;0;0;0;0;0;0;0
FR;6;2021-08-02;0;0;0;0;0;0;0;0;0;0
FR;6;2021-08-03;0;0;0;0;0;0;0;0;0;0
FR;6;2021-08-04;0;0;0;0;0;0;0;0;0;0
FR;6;2021-08-05;0;0;0;0;0;0;0;0;0;0
FR;6;2021-08-06;0;0;0;0;0;0;0;0;0;0
FR;6;2021-08-07;0;0;0;0;0;0;0;0;0;0
FR;6;2021-08-08;0;0;0;0;0;0;0;0;0;0
FR;6;2021-08-09;0;0;0;0;0;0;0;0;0;0
FR;6;2021-08-10;0;0;0;0;0;0;0;0;0;0
FR;6;2021-08-11;0;0;0;0;0;0;0;0;0;0
FR;6;2021-08-12;0;0;0;0;0;0;0;0;0;0
FR;6;2021-08-13;0;0;0;0;0;0;0;0;0;0
FR;6;2021-08-14;0;0;0;0;0;0;0;0;0;0
FR;6;2021-08-15;0;0;0;0;0;0;0;0;0;0
FR;6;2021-08-16;0;0;0;0;0;0;0;0;0;0
FR;6;2021-08-17;0;0;0;0;0;0;0;0;0;0
FR;6;2021-08-18;0;0;0;0;0;0;0;0;0;0
FR;6;2021-08-19;0;0;0;0;0;0;0;0;0;0
FR;6;2021-08-20;0;0;0;0;0;0;0;0;0;0
FR;6;2021-08-21;0;0;0;0;0;0;0;0;0;0
FR;6;2021-08-22;0;0;0;0;0;0;0;0;0;0
FR;6;2021-08-23;0;0;0;0;0;0;0;0;0;0
FR;6;2021-08-24;0;0;0;0;0;0;0;0;0;0
FR;6;2021-08-25;0;0;0;0;0;0;0;0;0;0
FR;6;2021-08-26;0;0;0;0;0;0;0;0;0;0
FR;6;2021-08-27;0;0;0;0;0;0;0;0;0;0
FR;6;2021-08-28;0;0;0;0;0;0;0;0;0;0
FR;6;2021-08-29;0;0;0;0;0;0;0;0;0;0
FR;6;2021-08-30;0;0;0;0;0;0;0;0;0;0
FR;6;2021-08-31;0;0;0;0;0;0;0;0;0;0
FR;6;2021-09-01;0;0;0;0;0;0;0;0;0;0
FR;6;2021-09-02;0;0;0;0;0;0;0;0;0;0
FR;6;2021-09-03;0;0;0;0;0;0;0;0;0;0
FR;6;2021-09-04;0;0;0;0;0;0;0;0;0;0
FR;6;2021-09-05;0;0;0;0;0;0;0;0;0;0
FR;6;2021-09-06;0;0;0;0;0;0;0;0;0;0
FR;6;2021-09-07;0;0;0;0;0;0;0;0;0;0
FR;6;2021-09-08;0;0;0;0;0;0;0;0;0;0
FR;6;2021-09-09;0;0;0;0;0;0;0;0;0;0
FR;6;2021-09-10;0;0;0;0;0;0;0;0;0;0
FR;6;2021-09-11;0;0;0;0;0;0;0;0;0;0
FR;6;2021-09-12;0;0;0;0;0;0;0;0;0;0
FR;6;2021-09-13;0;0;0;0;0;0;0;0;0;0
FR;6;2021-09-14;0;0;0;0;0;0;0;0;0;0
FR;6;2021-09-15;0;0;0;0;0;0;0;0;0;0
FR;6;2021-09-16;0;0;0;0;0;0;0;0;0;0
FR;6;2021-09-17;0;0;0;0;0;0;0;0;0;0
FR;6;2021-09-18;0;0;0;0;0;0;0;0;0;0
FR;6;2021-09-19;0;0;0;0;0;0;0;0;0;0
FR;6;2021-09-20;0;0;0;0;0;0;0;0;0;0
FR;6;2021-09-21;0;0;0;0;0;0;0;0;0;0
FR;6;2021-09-22;0;0;0;0;0;0;0;0;0;0
FR;6;2021-09-23;0;0;0;0;0;0;0;0;0;0
FR;6;2021-09-24;0;0;0;0;0;0;0;0;0;0
FR;6;2021-09-25;0;0;0;0;0;0;0;0;0;0
FR;6;2021-09-26;0;0;0;0;0;0;0;0;0;0
FR;6;2021-09-27;0;0;0;0;0;0;0;0;0;0
FR;6;2021-09-28;0;0;0;0;0;0;0;0;0;0
FR;6;2021-09-29;0;0;0;0;0;0;0;0;0;0
FR;6;2021-09-30;0;0;0;0;0;0;0;0;0;0
FR;6;2021-10-01;0;0;0;0;0;0;0;0;0;0
FR;6;2021-10-02;0;0;0;0;0;0;0;0;0;0
FR;6;2021-10-03;0;0;0;0;0;0;0;0;0;0
FR;6;2021-10-04;0;0;0;0;0;0;0;0;0;0
FR;6;2021-10-05;0;0;0;0;0;0;0;0;0;0
FR;6;2021-10-06;0;0;0;0;0;0;0;0;0;0
FR;6;2021-10-07;0;0;0;0;0;0;0;0;0;0
FR;6;2021-10-08;0;0;0;0;0;0;0;0;0;0
FR;6;2021-10-09;0;0;0;0;0;0;0;0;0;0
FR;6;2021-10-10;0;0;0;0;0;0;0;0;0;0
FR;6;2021-10-11;0;0;0;0;0;0;0;0;0;0
FR;6;2021-10-12;0;0;0;0;0;0;0;0;0;0
FR;6;2021-10-13;0;0;0;0;0;0;0;0;0;0
FR;6;2021-10-14;0;0;0;0;0;0;0;0;0;0
FR;6;2021-10-15;0;0;0;0;0;0;0;0;0;0
FR;6;2021-10-16;0;0;0;0;0;0;0;0;0;0
FR;6;2021-10-17;0;0;0;0;0;0;0;0;0;0
FR;6;2021-10-18;0;0;0;0;0;0;0;0;0;0
FR;6;2021-10-19;0;0;0;0;0;0;0;0;0;0
FR;6;2021-10-20;0;0;0;0;0;0;0;0;0;0
FR;6;2021-10-21;0;0;0;0;0;0;0;0;0;0
FR;6;2021-10-22;0;0;0;0;0;0;0;0;0;0
FR;6;2021-10-23;0;0;0;0;0;0;0;0;0;0
FR;6;2021-10-24;0;0;0;0;0;0;0;0;0;0
FR;6;2021-10-25;0;0;0;0;0;0;0;0;0;0
FR;6;2021-10-26;0;0;0;0;0;0;0;0;0;0
FR;6;2021-10-27;0;0;0;0;0;0;0;0;0;0
FR;6;2021-10-28;0;0;0;0;0;0;0;0;0;0
FR;6;2021-10-29;0;0;0;0;0;0;0;0;0;0
FR;6;2021-10-30;0;0;0;0;0;0;0;0;0;0
FR;6;2021-10-31;0;0;0;0;0;0;0;0;0;0
FR;6;2021-11-01;0;0;0;0;0;0;0;0;0;0
FR;6;2021-11-02;0;0;0;0;0;0;0;0;0;0
FR;6;2021-11-03;0;0;0;0;0;0;0;0;0;0
FR;6;2021-11-04;0;0;0;0;0;0;0;0;0;0
FR;6;2021-11-05;0;0;0;0;0;0;0;0;0;0
FR;6;2021-11-06;0;0;0;0;0;0;0;0;0;0
FR;6;2021-11-07;0;0;0;0;0;0;0;0;0;0
FR;6;2021-11-08;0;0;0;0;0;0;0;0;0;0
FR;6;2021-11-09;0;0;0;0;0;0;0;0;0;0
FR;6;2021-11-10;0;0;0;0;0;0;0;0;0;0
FR;6;2021-11-11;0;0;0;0;0;0;0;0;0;0
FR;6;2021-11-12;0;0;0;0;0;0;0;0;0;0
FR;6;2021-11-13;0;0;0;0;0;0;0;0;0;0
FR;6;2021-11-14;0;0;0;0;0;0;0;0;0;0
FR;6;2021-11-15;0;0;0;0;0;0;0;0;0;0
FR;6;2021-11-16;0;0;0;0;0;0;0;0;0;0
FR;6;2021-11-17;0;0;0;0;0;0;0;0;0;0
FR;6;2021-11-18;0;0;0;0;0;0;0;0;0;0
FR;6;2021-11-19;0;0;0;0;0;0;0;0;0;0
FR;6;2021-11-20;0;0;0;0;0;0;0;0;0;0
FR;6;2021-11-21;0;0;0;0;0;0;0;0;0;0
FR;6;2021-11-22;0;0;0;0;0;0;0;0;0;0
FR;6;2021-11-23;0;0;0;0;0;0;0;0;0;0
FR;6;2021-11-24;0;0;0;0;0;0;0;0;0;0
FR;6;2021-11-25;0;0;0;0;0;0;0;0;0;0
FR;6;2021-11-26;0;0;0;0;0;0;0;0;0;0
FR;6;2021-11-27;0;0;0;0;0;0;0;0;0;0
FR;6;2021-11-28;0;0;0;0;0;0;0;0;0;0
FR;6;2021-11-29;0;0;0;0;0;0;0;0;0;0
FR;6;2021-11-30;0;0;0;0;0;0;0;0;0;0
FR;6;2021-12-01;0;0;0;0;0;0;0;0;0;0
FR;6;2021-12-02;0;0;0;0;0;0;0;0;0;0
FR;6;2021-12-03;0;0;0;0;0;0;0;0;0;0
FR;6;2021-12-04;0;0;0;0;0;0;0;0;0;0
FR;6;2021-12-05;0;0;0;0;0;0;0;0;0;0
FR;6;2021-12-06;0;0;0;0;0;0;0;0;0;0
FR;6;2021-12-07;0;0;0;0;0;0;0;0;0;0
FR;6;2021-12-08;0;0;0;0;0;0;0;0;0;0
FR;6;2021-12-09;0;0;0;0;0;0;0;0;0;0
FR;6;2021-12-10;0;0;0;0;0;0;0;0;0;0
FR;6;2021-12-11;0;0;0;0;0;0;0;0;0;0
FR;6;2021-12-12;0;0;0;0;0;0;0;0;0;0
FR;6;2021-12-13;0;0;0;0;0;0;0;0;0;0
FR;6;2021-12-14;0;0;0;0;0;0;0;0;0;0
FR;6;2021-12-15;0;0;0;0;0;0;0;0;0;0
FR;6;2021-12-16;0;0;0;0;0;0;0;0;0;0
FR;6;2021-12-17;0;0;0;0;0;0;0;0;0;0
FR;6;2021-12-18;0;0;0;0;0;0;0;0;0;0
FR;6;2021-12-19;0;0;0;0;0;0;0;0;0;0
FR;6;2021-12-20;0;0;0;0;0;0;0;0;0;0
FR;6;2021-12-21;0;0;0;0;0;0;0;0;0;0
FR;6;2021-12-22;0;0;0;0;0;0;0;0;0;0
FR;6;2021-12-23;0;0;0;0;0;0;0;0;0;0
FR;6;2021-12-24;0;0;0;0;0;0;0;0;0;0
FR;6;2021-12-25;0;0;0;0;0;0;0;0;0;0
FR;6;2021-12-26;0;0;0;0;0;0;0;0;0;0
FR;6;2021-12-27;0;0;0;0;0;0;0;0;0;0
FR;6;2021-12-28;0;0;0;0;0;0;0;0;0;0
FR;6;2021-12-29;0;0;0;0;0;0;0;0;0;0
FR;6;2021-12-30;0;0;0;0;0;0;0;0;0;0
FR;6;2021-12-31;0;0;0;0;0;0;0;0;0;0
FR;6;2022-01-01;0;0;0;0;0;0;0;0;0;0
FR;6;2022-01-02;0;0;0;0;0;0;0;0;0;0
FR;6;2022-01-03;0;0;0;0;0;0;0;0;0;0
FR;6;2022-01-04;0;0;0;0;0;0;0;0;0;0
FR;6;2022-01-05;0;0;0;0;0;0;0;0;0;0
FR;6;2022-01-06;0;0;0;0;0;0;0;0;0;0
FR;6;2022-01-07;0;0;0;0;0;0;0;0;0;0
FR;6;2022-01-08;0;0;0;0;0;0;0;0;0;0
FR;6;2022-01-09;0;0;0;0;0;0;0;0;0;0
FR;6;2022-01-10;0;0;0;0;0;0;0;0;0;0
FR;6;2022-01-11;0;0;0;0;0;0;0;0;0;0
FR;6;2022-01-12;0;0;0;0;0;0;0;0;0;0
FR;6;2022-01-13;0;0;0;0;0;0;0;0;0;0
FR;6;2022-01-14;0;0;0;0;0;0;0;0;0;0
FR;6;2022-01-15;0;0;0;0;0;0;0;0;0;0
FR;6;2022-01-16;0;0;0;0;0;0;0;0;0;0
FR;6;2022-01-17;0;0;0;0;0;0;0;0;0;0
FR;6;2022-01-18;0;0;0;0;0;0;0;0;0;0
FR;6;2022-01-19;0;0;0;0;0;0;0;0;0;0
FR;6;2022-01-20;0;0;0;0;0;0;0;0;0;0
FR;6;2022-01-21;0;0;0;0;0;0;0;0;0;0
FR;6;2022-01-22;0;0;0;0;0;0;0;0;0;0
FR;6;2022-01-23;0;0;0;0;0;0;0;0;0;0
FR;6;2022-01-24;0;0;0;0;0;0;0;0;0;0
FR;6;2022-01-25;0;0;0;0;0;0;0;0;0;0
FR;6;2022-01-26;0;0;0;0;0;0;0;0;0;0
FR;6;2022-01-27;0;0;0;0;0;0;0;0;0;0
FR;6;2022-01-28;0;0;0;0;0;0;0;0;0;0
FR;6;2022-01-29;0;0;0;0;0;0;0;0;0;0
FR;6;2022-01-30;0;0;0;0;0;0;0;0;0;0
FR;6;2022-01-31;0;0;0;0;0;0;0;0;0;0
FR;6;2022-02-01;0;0;0;0;0;0;0;0;0;0
FR;6;2022-02-02;0;0;0;0;0;0;0;0;0;0
FR;6;2022-02-03;0;0;0;0;0;0;0;0;0;0
FR;6;2022-02-04;0;0;0;0;0;0;0;0;0;0
FR;6;2022-02-05;0;0;0;0;0;0;0;0;0;0
FR;6;2022-02-06;0;0;0;0;0;0;0;0;0;0
FR;6;2022-02-07;0;0;0;0;0;0;0;0;0;0
FR;6;2022-02-08;0;0;0;0;0;0;0;0;0;0
FR;6;2022-02-09;0;0;0;0;0;0;0;0;0;0
FR;6;2022-02-10;0;0;0;0;0;0;0;0;0;0
FR;6;2022-02-11;0;0;0;0;0;0;0;0;0;0
FR;6;2022-02-12;0;0;0;0;0;0;0;0;0;0
FR;6;2022-02-13;0;0;0;0;0;0;0;0;0;0
FR;6;2022-02-14;0;0;0;0;0;0;0;0;0;0
FR;6;2022-02-15;0;0;0;0;0;0;0;0;0;0
FR;6;2022-02-16;0;0;0;0;0;0;0;0;0;0
FR;6;2022-02-17;0;0;0;0;0;0;0;0;0;0
FR;6;2022-02-18;0;0;0;0;0;0;0;0;0;0
FR;6;2022-02-19;0;0;0;0;0;0;0;0;0;0
FR;6;2022-02-20;0;0;0;0;0;0;0;0;0;0
FR;6;2022-02-21;0;0;0;0;0;0;0;0;0;0
FR;6;2022-02-22;0;0;0;0;0;0;0;0;0;0
FR;6;2022-02-23;0;0;0;0;0;0;0;0;0;0
FR;6;2022-02-24;0;0;0;0;0;0;0;0;0;0
FR;6;2022-02-25;0;0;0;0;0;0;0;0;0;0
FR;6;2022-02-26;0;0;0;0;0;0;0;0;0;0
FR;6;2022-02-27;0;0;0;0;0;0;0;0;0;0
FR;6;2022-02-28;0;0;0;0;0;0;0;0;0;0
FR;6;2022-03-01;0;0;0;0;0;0;0;0;0;0
FR;6;2022-03-02;96;9;2;0;7;96;9;2;0;7
FR;0;2020-12-27;581;0;0;0;0;581;0;0;0;0
FR;0;2020-12-28;637;0;0;0;0;1218;0;0;0;0
FR;0;2020-12-29;363;0;0;0;0;1581;0;0;0;0
FR;0;2020-12-30;428;0;0;0;0;2009;0;0;0;0
FR;0;2020-12-31;344;0;0;0;0;2353;0;0;0;0
FR;0;2021-01-01;1141;0;0;0;0;3494;0;0;0;0
FR;0;2021-01-02;342;1;0;0;0;3836;1;0;0;0
FR;0;2021-01-03;413;0;0;0;0;4249;1;0;0;0
FR;0;2021-01-04;2074;0;0;0;0;6323;1;0;0;0
FR;0;2021-01-05;6369;2;0;0;0;12692;3;0;0;0
FR;0;2021-01-06;12144;0;0;0;0;24836;3;0;0;0
FR;0;2021-01-07;29411;2;0;0;0;54247;5;0;0;0
FR;0;2021-01-08;37182;1;0;0;0;91429;6;0;0;0
FR;0;2021-01-09;11213;2;0;0;0;102642;8;0;0;0
FR;0;2021-01-10;6024;0;0;0;0;108666;8;0;0;0
FR;0;2021-01-11;39918;4;0;0;0;148584;12;0;0;0
FR;0;2021-01-12;62096;4;0;0;0;210680;16;0;0;0
FR;0;2021-01-13;65034;11;0;0;0;275714;27;0;0;0
FR;0;2021-01-14;83116;14;0;0;0;358830;41;0;0;0
FR;0;2021-01-15;68961;3;0;0;0;427791;44;0;0;0
FR;0;2021-01-16;20200;75;0;0;0;447991;119;0;0;0
FR;0;2021-01-17;11006;44;0;0;0;458997;163;0;0;0
FR;0;2021-01-18;85811;159;0;0;0;544808;322;0;0;0
FR;0;2021-01-19;130578;134;0;0;0;675386;456;0;0;0
FR;0;2021-01-20;137526;166;0;0;0;812912;622;0;0;0
FR;0;2021-01-21;158354;141;0;0;0;971266;763;0;0;0
FR;0;2021-01-22;121002;169;0;0;0;1092268;932;0;0;0
FR;0;2021-01-23;38451;55;0;0;0;1130719;987;0;0;0
FR;0;2021-01-24;9754;44;0;0;0;1140473;1031;0;0;0
FR;0;2021-01-25;78213;1215;0;0;0;1218686;2246;0;0;0
FR;0;2021-01-26;100339;3123;0;0;0;1319025;5369;0;0;0
FR;0;2021-01-27;107216;5595;0;0;0;1426241;10964;0;0;0
FR;0;2021-01-28;124311;14332;0;0;0;1550552;25296;0;0;0
FR;0;2021-01-29;92148;17275;0;0;0;1642700;42571;0;0;0
FR;0;2021-01-30;29089;4215;0;0;0;1671789;46786;0;0;0
FR;0;2021-01-31;5214;1680;0;0;0;1677003;48466;0;0;0
FR;0;2021-02-01;53194;21107;0;0;0;1730197;69573;0;0;0
FR;0;2021-02-02;72255;34566;0;0;0;1802452;104139;0;0;0
FR;0;2021-02-03;72242;36943;0;0;0;1874694;141082;0;0;0
FR;0;2021-02-04;81991;50017;0;0;0;1956685;191099;0;0;0
FR;0;2021-02-05;68188;45269;0;0;0;2024873;236368;0;0;0
FR;0;2021-02-06;23140;10390;0;0;0;2048013;246758;0;0;0
FR;0;2021-02-07;5183;5049;0;0;0;2053196;251807;0;0;0
FR;0;2021-02-08;46770;45943;0;0;0;2099966;297750;0;0;0
FR;0;2021-02-09;65972;72364;0;0;0;2165938;370114;0;0;0
FR;0;2021-02-10;70832;76575;0;0;0;2236770;446689;0;0;0
FR;0;2021-02-11;87182;98992;0;0;0;2323952;545681;0;0;0
FR;0;2021-02-12;79248;74168;0;0;0;2403200;619849;0;0;0
FR;0;2021-02-13;22327;19471;0;0;0;2425527;639320;0;0;0
FR;0;2021-02-14;5053;7193;0;0;0;2430580;646513;0;0;0
FR;0;2021-02-15;38007;76395;0;0;0;2468587;722908;0;0;0
FR;0;2021-02-16;50331;100602;0;0;0;2518918;823510;0;0;0
FR;0;2021-02-17;50473;102864;1;0;0;2569391;926374;1;0;0
FR;0;2021-02-18;69671;118429;0;0;0;2639062;1044803;1;0;0
FR;0;2021-02-19;65021;90592;1;0;0;2704083;1135395;2;0;0
FR;0;2021-02-20;18569;28373;0;0;0;2722652;1163768;2;0;0
FR;0;2021-02-21;3301;6373;0;0;0;2725953;1170141;2;0;0
FR;0;2021-02-22;37443;73015;2;0;0;2763396;1243156;4;0;0
FR;0;2021-02-23;53731;83968;1;0;0;2817127;1327124;5;0;0
FR;0;2021-02-24;59940;81012;1;0;0;2877067;1408136;6;0;0
FR;0;2021-02-25;100512;91283;1;0;0;2977579;1499419;7;0;0
FR;0;2021-02-26;113397;70918;0;0;0;3090976;1570337;7;0;0
FR;0;2021-02-27;52078;21945;0;0;0;3143054;1592282;7;0;0
FR;0;2021-02-28;6185;4411;1;0;0;3149239;1596693;8;0;0
FR;0;2021-03-01;65836;52706;1;0;0;3215075;1649399;9;0;0
FR;0;2021-03-02;101307;66148;2;0;0;3316382;1715547;11;0;0
FR;0;2021-03-03;116350;65449;0;0;0;3432732;1780996;11;0;0
FR;0;2021-03-04;163460;68812;3;0;0;3596192;1849808;14;0;0
FR;0;2021-03-05;200817;63273;3;0;0;3797009;1913081;17;0;0
FR;0;2021-03-06;207906;17788;3;0;0;4004915;1930869;20;0;0
FR;0;2021-03-07;121233;5448;0;0;0;4126148;1936317;20;0;0
FR;0;2021-03-08;107065;50734;2;0;0;4233213;1987051;22;0;0
FR;0;2021-03-09;172327;56705;2;0;0;4405540;2043756;24;0;0
FR;0;2021-03-10;178820;57123;5;0;0;4584360;2100879;29;0;0
FR;0;2021-03-11;242708;63004;2;0;0;4827068;2163883;31;0;0
FR;0;2021-03-12;294686;53478;0;0;0;5121754;2217361;31;0;0
FR;0;2021-03-13;231319;15268;1;0;0;5353073;2232629;32;0;0
FR;0;2021-03-14;63311;3422;1;0;0;5416384;2236051;33;0;0
FR;0;2021-03-15;158435;32580;3;0;0;5574819;2268631;36;0;0
FR;0;2021-03-16;141518;39508;5;0;0;5716337;2308139;41;0;0
FR;0;2021-03-17;150396;38766;5;0;0;5866733;2346905;46;0;0
FR;0;2021-03-18;167753;44583;4;0;0;6034486;2391488;50;0;0
FR;0;2021-03-19;229955;37424;2;0;0;6264441;2428912;52;0;0
FR;0;2021-03-20;166616;11772;0;0;0;6431057;2440684;52;0;0
FR;0;2021-03-21;49872;2635;1;0;0;6480929;2443319;53;0;0
FR;0;2021-03-22;169887;34241;1;0;0;6650816;2477560;54;0;0
FR;0;2021-03-23;250272;42370;1;0;0;6901088;2519930;55;0;0
FR;0;2021-03-24;256824;43836;0;0;0;7157912;2563766;55;0;0
FR;0;2021-03-25;341702;44694;5;0;0;7499614;2608460;60;0;0
FR;0;2021-03-26;358706;41825;4;0;0;7858320;2650285;64;0;0
FR;0;2021-03-27;195202;16639;1;0;0;8053522;2666924;65;0;0
FR;0;2021-03-28;59290;3750;3;0;0;8112812;2670674;68;0;0
FR;0;2021-03-29;202882;54240;4;0;0;8315694;2724914;72;0;0
FR;0;2021-03-30;285314;69565;4;0;0;8601008;2794479;76;0;0
FR;0;2021-03-31;262891;72832;4;0;0;8863899;2867311;80;0;0
FR;0;2021-04-01;315382;87730;12;0;0;9179281;2955041;92;0;0
FR;0;2021-04-02;281241;92038;7;0;0;9460522;3047079;99;0;0
FR;0;2021-04-03;140986;61760;5;0;0;9601508;3108839;104;0;0
FR;0;2021-04-04;46356;18653;2;0;0;9647864;3127492;106;0;0
FR;0;2021-04-05;63429;10989;11;0;0;9711293;3138481;117;0;0
FR;0;2021-04-06;217041;107724;16;0;0;9928334;3246205;133;0;0
FR;0;2021-04-07;260121;115328;17;0;0;10188455;3361533;150;0;0
FR;0;2021-04-08;337615;121289;14;0;0;10526070;3482822;164;0;0
FR;0;2021-04-09;410005;116379;48;0;0;10936075;3599201;212;0;0
FR;0;2021-04-10;212541;82661;14;0;0;11148616;3681862;226;0;0
FR;0;2021-04-11;56035;34548;7;0;0;11204651;3716410;233;0;0
FR;0;2021-04-12;236892;115063;45;0;0;11441543;3831473;278;0;0
FR;0;2021-04-13;309326;144741;96;1;0;11750869;3976214;374;1;0
FR;0;2021-04-14;294368;139233;210;0;0;12045237;4115447;584;1;0
FR;0;2021-04-15;337067;147680;333;0;0;12382304;4263127;917;1;0
FR;0;2021-04-16;339167;145590;352;0;0;12721471;4408717;1269;1;0
FR;0;2021-04-17;188590;90150;108;0;0;12910061;4498867;1377;1;0
FR;0;2021-04-18;51551;35409;44;0;0;12961612;4534276;1421;1;0
FR;0;2021-04-19;205496;138179;453;0;0;13167108;4672455;1874;1;0
FR;0;2021-04-20;254247;170502;564;0;0;13421355;4842957;2438;1;0
FR;0;2021-04-21;253097;168673;829;0;0;13674452;5011630;3267;1;0
FR;0;2021-04-22;287337;188077;817;0;0;13961789;5199707;4084;1;0
FR;0;2021-04-23;297999;183080;740;0;0;14259788;5382787;4824;1;0
FR;0;2021-04-24;190379;111454;245;0;0;14450167;5494241;5069;1;0
FR;0;2021-04-25;69452;38821;51;0;0;14519619;5533062;5120;1;0
FR;0;2021-04-26;220811;155888;554;0;0;14740430;5688950;5674;1;0
FR;0;2021-04-27;284483;187242;935;0;0;15024913;5876192;6609;1;0
FR;0;2021-04-28;299363;182987;1415;1;1;15324276;6059179;8024;2;1
FR;0;2021-04-29;356977;195926;1273;0;0;15681253;6255105;9297;2;1
FR;0;2021-04-30;372080;184596;1115;1;0;16053333;6439701;10412;3;1
FR;0;2021-05-01;167476;52505;178;0;0;16220809;6492206;10590;3;1
FR;0;2021-05-02;91751;37780;82;0;0;16312560;6529986;10672;3;1
FR;0;2021-05-03;289057;169494;834;0;0;16601617;6699480;11506;3;1
FR;0;2021-05-04;315521;224124;1227;0;0;16917138;6923604;12733;3;1
FR;0;2021-05-05;327180;224263;1308;0;0;17244318;7147867;14041;3;1
FR;0;2021-05-06;379307;238939;1618;0;0;17623625;7386806;15659;3;1
FR;0;2021-05-07;372710;257010;1220;0;0;17996335;7643816;16879;3;1
FR;0;2021-05-08;222089;66803;294;0;0;18218424;7710619;17173;3;1
FR;0;2021-05-09;129626;46670;242;0;0;18348050;7757289;17415;3;1
FR;0;2021-05-10;313297;228695;1223;0;0;18661347;7985984;18638;3;1
FR;0;2021-05-11;403751;257785;1555;0;0;19065098;8243769;20193;3;1
FR;0;2021-05-12;433939;232953;1525;0;0;19499037;8476722;21718;3;1
FR;0;2021-05-13;338455;56845;428;0;0;19837492;8533567;22146;3;1
FR;0;2021-05-14;454183;167234;1110;0;0;20291675;8700801;23256;3;1
FR;0;2021-05-15;374837;93918;436;0;0;20666512;8794719;23692;3;1
FR;0;2021-05-16;202672;20776;166;0;0;20869184;8815495;23858;3;1
FR;0;2021-05-17;376013;148928;1539;0;0;21245197;8964423;25397;3;1
FR;0;2021-05-18;459495;152948;1979;0;0;21704692;9117371;27376;3;1
FR;0;2021-05-19;467218;145097;2443;0;0;22171910;9262468;29819;3;1
FR;0;2021-05-20;507344;160125;2322;0;0;22679254;9422593;32141;3;1
FR;0;2021-05-21;489438;174307;1975;0;0;23168692;9596900;34116;3;1
FR;0;2021-05-22;347065;79758;667;0;0;23515757;9676658;34783;3;1
FR;0;2021-05-23;161602;14414;246;0;0;23677359;9691072;35029;3;1
FR;0;2021-05-24;263088;33195;596;0;0;23940447;9724267;35625;3;1
FR;0;2021-05-25;400020;189066;2331;1;0;24340467;9913333;37956;4;1
FR;0;2021-05-26;413297;187999;2206;0;0;24753764;10101332;40162;4;1
FR;0;2021-05-27;449625;218402;2144;0;0;25203389;10319734;42306;4;1
FR;0;2021-05-28;429442;259321;1881;0;0;25632831;10579055;44187;4;1
FR;0;2021-05-29;298895;149260;581;0;0;25931726;10728315;44768;4;1
FR;0;2021-05-30;107037;32574;162;0;0;26038763;10760889;44930;4;1
FR;0;2021-05-31;357836;203383;1459;1;1;26396599;10964272;46389;5;2
FR;0;2021-06-01;430922;251386;1946;1;1;26827521;11215658;48335;6;3
FR;0;2021-06-02;419405;230638;1968;0;0;27246926;11446296;50303;6;3
FR;0;2021-06-03;464154;258450;1809;0;0;27711080;11704746;52112;6;3
FR;0;2021-06-04;455449;304642;1717;1;1;28166529;12009388;53829;7;4
FR;0;2021-06-05;304700;188892;648;0;0;28471229;12198280;54477;7;4
FR;0;2021-06-06;133207;49095;226;0;0;28604436;12247375;54703;7;4
FR;0;2021-06-07;338878;262114;1515;0;0;28943314;12509489;56218;7;4
FR;0;2021-06-08;393507;290924;1786;0;0;29336821;12800413;58004;7;4
FR;0;2021-06-09;384549;275637;1716;0;0;29721370;13076050;59720;7;4
FR;0;2021-06-10;404535;289186;1709;1;0;30125905;13365236;61429;8;4
FR;0;2021-06-11;386474;357237;1449;0;0;30512379;13722473;62878;8;4
FR;0;2021-06-12;283164;211249;485;0;0;30795543;13933722;63363;8;4
FR;0;2021-06-13;104787;73999;201;0;0;30900330;14007721;63564;8;4
FR;0;2021-06-14;240720;355754;1416;1;0;31141050;14363475;64980;9;4
FR;0;2021-06-15;307814;385716;1553;1;0;31448864;14749191;66533;10;4
FR;0;2021-06-16;313797;357567;1406;1;0;31762661;15106758;67939;11;4
FR;0;2021-06-17;317644;372039;1414;1;0;32080305;15478797;69353;12;4
FR;0;2021-06-18;321703;442334;1320;1;0;32402008;15921131;70673;13;4
FR;0;2021-06-19;224271;273712;444;0;0;32626279;16194843;71117;13;4
FR;0;2021-06-20;74339;102561;125;0;0;32700618;16297404;71242;13;4
FR;0;2021-06-21;195524;401910;1019;1;1;32896142;16699314;72261;14;5
FR;0;2021-06-22;222951;467136;1256;10;2;33119093;17166450;73517;24;7
FR;0;2021-06-23;233807;439677;1192;1;1;33352900;17606127;74709;25;8
FR;0;2021-06-24;241662;409203;1338;0;0;33594562;18015330;76047;25;8
FR;0;2021-06-25;228180;522067;1392;0;0;33822742;18537397;77439;25;8
FR;0;2021-06-26;153114;370626;579;1;0;33975856;18908023;78018;26;8
FR;0;2021-06-27;55831;156304;164;0;0;34031687;19064327;78182;26;8
FR;0;2021-06-28;154520;453019;1160;0;0;34186207;19517346;79342;26;8
FR;0;2021-06-29;182460;506072;2120;0;0;34368667;20023418;81462;26;8
FR;0;2021-06-30;203752;481421;2004;21;2;34572419;20504839;83466;47;10
FR;0;2021-07-01;231692;457632;2219;5;1;34804111;20962471;85685;52;11
FR;0;2021-07-02;227840;520159;2114;4;3;35031951;21482630;87799;56;14
FR;0;2021-07-03;141911;368679;908;3;1;35173862;21851309;88707;59;15
FR;0;2021-07-04;56645;141254;265;0;0;35230507;21992563;88972;59;15
FR;0;2021-07-05;168346;419314;1665;7;2;35398853;22411877;90637;66;17
FR;0;2021-07-06;196695;474785;1822;43;8;35595548;22886662;92459;109;25
FR;0;2021-07-07;213401;439250;1873;23;5;35808949;23325912;94332;132;30
FR;0;2021-07-08;231395;424087;2088;20;9;36040344;23749999;96420;152;39
FR;0;2021-07-09;228287;510195;2182;4;3;36268631;24260194;98602;156;42
FR;0;2021-07-10;148414;339797;981;1;1;36417045;24599991;99583;157;43
FR;0;2021-07-11;60083;110104;281;0;0;36477128;24710095;99864;157;43
FR;0;2021-07-12;168943;478136;1750;4;0;36646071;25188231;101614;161;43
FR;0;2021-07-13;287098;527434;2042;6;2;36933169;25715665;103656;167;45
FR;0;2021-07-14;180798;157796;432;0;0;37113967;25873461;104088;167;45
FR;0;2021-07-15;346797;502481;2093;1;0;37460764;26375942;106181;168;45
FR;0;2021-07-16;379759;496039;2019;3;1;37840523;26871981;108200;171;46
FR;0;2021-07-17;259638;319818;874;1;0;38100161;27191799;109074;172;46
FR;0;2021-07-18;109667;114846;310;0;0;38209828;27306645;109384;172;46
FR;0;2021-07-19;285295;425291;1624;3;0;38495123;27731936;111008;175;46
FR;0;2021-07-20;376758;452695;1718;0;0;38871881;28184631;112726;175;46
FR;0;2021-07-21;395525;408161;1546;4;2;39267406;28592792;114272;179;48
FR;0;2021-07-22;440637;388414;1707;4;2;39708043;28981206;115979;183;50
FR;0;2021-07-23;438334;422999;1874;4;2;40146377;29404205;117853;187;52
FR;0;2021-07-24;285151;269713;800;1;0;40431528;29673918;118653;188;52
FR;0;2021-07-25;121013;80086;225;0;0;40552541;29754004;118878;188;52
FR;0;2021-07-26;347172;323492;1613;3;2;40899713;30077496;120491;191;54
FR;0;2021-07-27;463788;320483;1697;4;2;41363501;30397979;122188;195;56
FR;0;2021-07-28;459227;290243;1633;4;2;41822728;30688222;123821;199;58
FR;0;2021-07-29;489627;277125;1792;2;1;42312355;30965347;125613;201;59
FR;0;2021-07-30;461447;302996;1935;5;2;42773802;31268343;127548;206;61
FR;0;2021-07-31;285247;185007;911;1;0;43059049;31453350;128459;207;61
FR;0;2021-08-01;111908;49982;248;0;0;43170957;31503332;128707;207;61
FR;0;2021-08-02;341336;234503;1595;1;0;43512293;31737835;130302;208;61
FR;0;2021-08-03;397766;245184;1711;2;1;43910059;31983019;132013;210;62
FR;0;2021-08-04;384531;210171;1589;5;3;44294590;32193190;133602;215;65
FR;0;2021-08-05;365858;228842;1705;0;0;44660448;32422032;135307;215;65
FR;0;2021-08-06;359280;271770;1832;4;1;45019728;32693802;137139;219;66
FR;0;2021-08-07;212771;178348;755;4;3;45232499;32872150;137894;223;69
FR;0;2021-08-08;74001;63246;268;0;0;45306500;32935396;138162;223;69
FR;0;2021-08-09;258471;259823;1537;4;3;45564971;33195219;139699;227;72
FR;0;2021-08-10;306502;278417;1651;2;1;45871473;33473636;141350;229;73
FR;0;2021-08-11;279397;260456;1434;5;1;46150870;33734092;142784;234;74
FR;0;2021-08-12;271145;278501;1655;3;1;46422015;34012593;144439;237;75
FR;0;2021-08-13;251916;277545;1585;3;2;46673931;34290138;146024;240;77
FR;0;2021-08-14;145108;197354;737;0;0;46819039;34487492;146761;240;77
FR;0;2021-08-15;39168;50104;210;1;0;46858207;34537596;146971;241;77
FR;0;2021-08-16;185517;318270;1534;0;0;47043724;34855866;148505;241;77
FR;0;2021-08-17;215339;336719;1627;4;1;47259063;35192585;150132;245;78
FR;0;2021-08-18;198687;324880;1582;7;4;47457750;35517465;151714;252;82
FR;0;2021-08-19;191695;325439;1626;1;0;47649445;35842904;153340;253;82
FR;0;2021-08-20;186058;365422;1796;3;2;47835503;36208326;155136;256;84
FR;0;2021-08-21;104618;238130;700;0;0;47940121;36446456;155836;256;84
FR;0;2021-08-22;31853;87178;252;1;1;47971974;36533634;156088;257;85
FR;0;2021-08-23;140767;357216;1552;3;2;48112741;36890850;157640;260;87
FR;0;2021-08-24;162259;376882;1833;5;1;48275000;37267732;159473;265;88
FR;0;2021-08-25;150767;350852;2019;6;3;48425767;37618584;161492;271;91
FR;0;2021-08-26;142628;342659;2548;10;1;48568395;37961243;164040;281;92
FR;0;2021-08-27;148177;387503;2782;11;4;48716572;38348746;166822;292;96
FR;0;2021-08-28;90444;249444;1402;0;0;48807016;38598190;168224;292;96
FR;0;2021-08-29;27272;83276;507;1;0;48834288;38681466;168731;293;96
FR;0;2021-08-30;116877;324704;4700;6;6063;48951165;39006170;173431;299;6159
FR;0;2021-08-31;128578;334632;10152;17;11872;49079743;39340802;183583;316;18031
FR;0;2021-09-01;135064;285479;22387;7;24118;49214807;39626281;205970;323;42149
FR;0;2021-09-02;112383;247199;26467;13;28721;49327190;39873480;232437;336;70870
FR;0;2021-09-03;118151;292611;29920;24;32798;49445341;40166091;262357;360;103668
FR;0;2021-09-04;89447;217581;12569;12;13972;49534788;40383672;274926;372;117640
FR;0;2021-09-05;21308;44901;4378;2;4714;49556096;40428573;279304;374;122354
FR;0;2021-09-06;74990;180838;31920;16;34063;49631086;40609411;311224;390;156417
FR;0;2021-09-07;78356;181138;33217;39;35954;49709442;40790549;344441;429;192371
FR;0;2021-09-08;88769;206046;29619;26;32197;49798211;40996595;374060;455;224568
FR;0;2021-09-09;75736;165206;32990;26;36283;49873947;41161801;407050;481;260851
FR;0;2021-09-10;95105;203408;35672;24;40262;49969052;41365209;442722;505;301113
FR;0;2021-09-11;66033;169046;12110;17;14158;50035085;41534255;454832;522;315271
FR;0;2021-09-12;12689;32080;2760;2;3132;50047774;41566335;457592;524;318403
FR;0;2021-09-13;64239;126361;41138;32;43699;50112013;41692696;498730;556;362102
FR;0;2021-09-14;73165;129163;56250;80;61562;50185178;41821859;554980;636;423664
FR;0;2021-09-15;76378;167689;55560;58;54635;50261556;41989548;610540;694;478299
FR;0;2021-09-16;63728;114330;59944;86;59842;50325284;42103878;670484;780;538141
FR;0;2021-09-17;74905;156631;53757;70;57104;50400189;42260509;724241;850;595245
FR;0;2021-09-18;48076;139385;15585;25;17267;50448265;42399894;739826;875;612512
FR;0;2021-09-19;7837;23701;2426;2;2620;50456102;42423595;742252;877;615132
FR;0;2021-09-20;45229;93811;49957;76;50086;50501331;42517406;792209;953;665218
FR;0;2021-09-21;45697;98394;62642;78;63200;50547028;42615800;854851;1031;728418
FR;0;2021-09-22;48445;141834;55252;85;55165;50595473;42757634;910103;1116;783583
FR;0;2021-09-23;43055;91586;62281;94;63230;50638528;42849220;972384;1210;846813
FR;0;2021-09-24;52116;132448;54458;110;58948;50690644;42981668;1026842;1320;905761
FR;0;2021-09-25;35064;115146;16251;37;18209;50725708;43096814;1043093;1357;923970
FR;0;2021-09-26;5512;17826;2257;4;2341;50731220;43114640;1045350;1361;926311
FR;0;2021-09-27;33898;76792;47118;95;48039;50765118;43191432;1092468;1456;974350
FR;0;2021-09-28;36368;75123;54829;88;56318;50801486;43266555;1147297;1544;1030668
FR;0;2021-09-29;44151;100582;53230;110;54650;50845637;43367137;1200527;1654;1085318
FR;0;2021-09-30;36116;71216;56905;96;59289;50881753;43438353;1257432;1750;1144607
FR;0;2021-10-01;61536;99909;57719;108;63557;50943289;43538262;1315151;1858;1208164
FR;0;2021-10-02;38576;78098;20934;38;23259;50981865;43616360;1336085;1896;1231423
FR;0;2021-10-03;5223;10581;2516;4;2554;50987088;43626941;1338601;1900;1233977
FR;0;2021-10-04;34381;58148;52556;83;54714;51021469;43685089;1391157;1983;1288691
FR;0;2021-10-05;33135;64147;60879;134;64763;51054604;43749236;1452036;2117;1353454
FR;0;2021-10-06;42022;78930;65609;113;68081;51096626;43828166;1517645;2230;1421535
FR;0;2021-10-07;30225;61827;65310;90;68563;51126851;43889993;1582955;2320;1490098
FR;0;2021-10-08;48361;91488;77644;110;84455;51175212;43981481;1660599;2430;1574553
FR;0;2021-10-09;33394;60583;31491;35;33793;51208606;44042064;1692090;2465;1608346
FR;0;2021-10-10;4499;7317;3174;9;3459;51213105;44049381;1695264;2474;1611805
FR;0;2021-10-11;30326;49817;60971;105;63952;51243431;44099198;1756235;2579;1675757
FR;0;2021-10-12;31135;54318;70483;138;75672;51274566;44153516;1826718;2717;1751429
FR;0;2021-10-13;39846;62557;74359;135;79170;51314412;44216073;1901077;2852;1830599
FR;0;2021-10-14;30241;52581;68672;114;73613;51344653;44268654;1969749;2966;1904212
FR;0;2021-10-15;44570;74740;93171;188;102828;51389223;44343394;2062920;3154;2007040
FR;0;2021-10-16;31115;43924;36664;44;39559;51420338;44387318;2099584;3198;2046599
FR;0;2021-10-17;3805;5230;3585;2;3686;51424143;44392548;2103169;3200;2050285
FR;0;2021-10-18;27224;40835;67430;131;71263;51451367;44433383;2170599;3331;2121548
FR;0;2021-10-19;26882;43019;76336;140;81538;51478249;44476402;2246935;3471;2203086
FR;0;2021-10-20;35158;52084;96848;179;101322;51513407;44528486;2343783;3650;2304408
FR;0;2021-10-21;25802;44983;83849;113;88994;51539209;44573469;2427632;3763;2393402
FR;0;2021-10-22;38135;61898;104796;198;112352;51577344;44635367;2532428;3961;2505754
FR;0;2021-10-23;26809;40285;45410;57;48557;51604153;44675652;2577838;4018;2554311
FR;0;2021-10-24;2899;4778;3673;6;3938;51607052;44680430;2581511;4024;2558249
FR;0;2021-10-25;25903;36109;82252;144;86529;51632955;44716539;2663763;4168;2644778
FR;0;2021-10-26;23595;34903;87141;166;92200;51656550;44751442;2750904;4334;2736978
FR;0;2021-10-27;29888;46041;108891;258;114503;51686438;44797483;2859795;4592;2851481
FR;0;2021-10-28;23251;34549;88609;153;94267;51709689;44832032;2948404;4745;2945748
FR;0;2021-10-29;31418;50729;117218;205;125115;51741107;44882761;3065622;4950;3070863
FR;0;2021-10-30;20320;32920;50290;78;53311;51761427;44915681;3115912;5028;3124174
FR;0;2021-10-31;2485;3809;3573;3;3866;51763912;44919490;3119485;5031;3128040
FR;0;2021-11-01;7549;4236;3176;3;3504;51771461;44923726;3122661;5034;3131544
FR;0;2021-11-02;24906;39737;93471;155;99326;51796367;44963463;3216132;5189;3230870
FR;0;2021-11-03;29465;47426;118776;218;125630;51825832;45010889;3334908;5407;3356500
FR;0;2021-11-04;23511;37227;107427;217;114208;51849343;45048116;3442335;5624;3470708
FR;0;2021-11-05;32159;52542;141508;233;151105;51881502;45100658;3583843;5857;3621813
FR;0;2021-11-06;21324;34394;64802;123;68157;51902826;45135052;3648645;5980;3689970
FR;0;2021-11-07;2351;4298;5157;6;5586;51905177;45139350;3653802;5986;3695556
FR;0;2021-11-08;20144;37641;127063;225;134045;51925321;45176991;3780865;6211;3829601
FR;0;2021-11-09;21897;44609;161538;342;171958;51947218;45221600;3942403;6553;4001559
FR;0;2021-11-10;31082;54511;186846;443;198457;51978300;45276111;4129249;6996;4200016
FR;0;2021-11-11;3949;6255;12881;26;13849;51982249;45282366;4142130;7022;4213865
FR;0;2021-11-12;28896;54820;183637;247;197071;52011145;45337186;4325767;7269;4410936
FR;0;2021-11-13;20137;32567;80641;117;86228;52031282;45369753;4406408;7386;4497164
FR;0;2021-11-14;2297;4000;7150;6;7879;52033579;45373753;4413558;7392;4505043
FR;0;2021-11-15;20153;38652;160682;312;171341;52053732;45412405;4574240;7704;4676384
FR;0;2021-11-16;23144;43771;200203;389;214651;52076876;45456176;4774443;8093;4891035
FR;0;2021-11-17;30186;50239;199707;406;212686;52107062;45506415;4974150;8499;5103721
FR;0;2021-11-18;23186;43666;191494;468;205223;52130248;45550081;5165644;8967;5308944
FR;0;2021-11-19;33557;61254;243031;547;261899;52163805;45611335;5408675;9514;5570843
FR;0;2021-11-20;25194;36551;102065;205;109574;52188999;45647886;5510740;9719;5680417
FR;0;2021-11-21;2601;4619;9621;18;10645;52191600;45652505;5520361;9737;5691062
FR;0;2021-11-22;22672;33198;180199;469;194624;52214272;45685703;5700560;10206;5885686
FR;0;2021-11-23;25424;45441;229204;546;247531;52239696;45731144;5929764;10752;6133217
FR;0;2021-11-24;31684;53469;224679;716;242988;52271380;45784613;6154443;11468;6376205
FR;0;2021-11-25;25315;48648;255745;739;277384;52296695;45833261;6410188;12207;6653589
FR;0;2021-11-26;33097;74489;379270;865;414375;52329792;45907750;6789458;13072;7067964
FR;0;2021-11-27;23148;49334;214789;388;236493;52352940;45957084;7004247;13460;7304457
FR;0;2021-11-28;3473;10619;56703;65;63348;52356413;45967703;7060950;13525;7367805
FR;0;2021-11-29;19308;53985;341267;863;371323;52375721;46021688;7402217;14388;7739128
FR;0;2021-11-30;24350;71709;457154;985;500447;52400071;46093397;7859371;15373;8239575
FR;0;2021-12-01;26218;75599;468826;1158;510953;52426289;46168996;8328197;16531;8750528
FR;0;2021-12-02;21772;71587;526872;1274;574524;52448061;46240583;8855069;17805;9325052
FR;0;2021-12-03;25456;92244;596092;1415;650708;52473517;46332827;9451161;19220;9975760
FR;0;2021-12-04;18219;60356;336082;690;369552;52491736;46393183;9787243;19910;10345312
FR;0;2021-12-05;4135;16338;95732;156;107090;52495871;46409521;9882975;20066;10452402
FR;0;2021-12-06;19175;72727;492918;1171;539660;52515046;46482248;10375893;21237;10992062
FR;0;2021-12-07;23231;91611;645062;1764;705850;52538277;46573859;11020955;23001;11697912
FR;0;2021-12-08;25137;91947;591337;1870;647201;52563414;46665806;11612292;24871;12345113
FR;0;2021-12-09;23898;94021;662781;2178;725936;52587312;46759827;12275073;27049;13071049
FR;0;2021-12-10;27118;110946;735743;2071;805724;52614430;46870773;13010816;29120;13876773
FR;0;2021-12-11;20217;75868;435050;982;480224;52634647;46946641;13445866;30102;14356997
FR;0;2021-12-12;5604;23175;142227;261;159224;52640251;46969816;13588093;30363;14516221
FR;0;2021-12-13;21002;91085;587399;1697;649076;52661253;47060901;14175492;32060;15165297
FR;0;2021-12-14;26956;118410;765216;2641;847170;52688209;47179311;14940708;34701;16012467
FR;0;2021-12-15;28015;114088;694028;2262;768727;52716224;47293399;15634736;36963;16781194
FR;0;2021-12-16;27867;115870;763777;2555;844181;52744091;47409269;16398513;39518;17625375
FR;0;2021-12-17;31468;128647;807609;2708;891819;52775559;47537916;17206122;42226;18517194
FR;0;2021-12-18;24908;81602;469872;1178;522119;52800467;47619518;17675994;43404;19039313
FR;0;2021-12-19;8738;28956;169373;374;191256;52809205;47648474;17845367;43778;19230569
FR;0;2021-12-20;31657;97379;591416;1786;658717;52840862;47745853;18436783;45564;19889286
FR;0;2021-12-21;39159;112171;682231;2389;759379;52880021;47858024;19119014;47953;20648665
FR;0;2021-12-22;39411;99412;575546;2164;641950;52919432;47957436;19694560;50117;21290615
FR;0;2021-12-23;33667;79594;441088;1647;494515;52953099;48037030;20135648;51764;21785130
FR;0;2021-12-24;10625;26057;111014;394;126719;52963724;48063087;20246662;52158;21911849
FR;0;2021-12-25;754;3482;7593;25;9076;52964478;48066569;20254255;52183;21920925
FR;0;2021-12-26;4691;11899;52075;133;60137;52969169;48078468;20306330;52316;21981062
FR;0;2021-12-27;30249;83728;453549;1364;509156;52999418;48162196;20759879;53680;22490218
FR;0;2021-12-28;38254;98854;564152;1762;632218;53037672;48261050;21324031;55442;23122436
FR;0;2021-12-29;39814;88302;501129;1687;560951;53077486;48349352;21825160;57129;23683387
FR;0;2021-12-30;35831;74693;421000;1519;471131;53113317;48424045;22246160;58648;24154518
FR;0;2021-12-31;11815;25030;116933;405;131688;53125132;48449075;22363093;59053;24286206
FR;0;2022-01-01;1212;3090;8529;37;9943;53126344;48452165;22371622;59090;24296149
FR;0;2022-01-02;6055;13006;58462;124;67018;53132399;48465171;22430084;59214;24363167
FR;0;2022-01-03;31437;87283;495904;1591;552472;53163836;48552454;22925988;60805;24915639
FR;0;2022-01-04;40491;110364;641760;2302;714633;53204327;48662818;23567748;63107;25630272
FR;0;2022-01-05;59554;102688;569896;1978;634841;53263881;48765506;24137644;65085;26265113
FR;0;2022-01-06;43756;109892;639493;2686;711892;53307637;48875398;24777137;67771;26977005
FR;0;2022-01-07;50382;122617;711876;2807;791255;53358019;48998015;25489013;70578;27768260
FR;0;2022-01-08;44854;80283;423855;1208;472913;53402873;49078298;25912868;71786;28241173
FR;0;2022-01-09;15594;26819;128568;298;145750;53418467;49105117;26041436;72084;28386923
FR;0;2022-01-10;34794;86178;471579;1809;524419;53453261;49191295;26513015;73893;28911342
FR;0;2022-01-11;41496;99632;549040;2300;609275;53494757;49290927;27062055;76193;29520617
FR;0;2022-01-12;59954;94924;453463;1961;505103;53554711;49385851;27515518;78154;30025720
FR;0;2022-01-13;37743;91969;488022;2075;541656;53592454;49477820;28003540;80229;30567376
FR;0;2022-01-14;42219;103138;569775;2281;630246;53634673;49580958;28573315;82510;31197622
FR;0;2022-01-15;39249;65898;340324;975;377785;53673922;49646856;28913639;83485;31575407
FR;0;2022-01-16;11373;20728;87403;213;99495;53685295;49667584;29001042;83698;31674902
FR;0;2022-01-17;24529;62114;322140;1375;356076;53709824;49729698;29323182;85073;32030978
FR;0;2022-01-18;28046;70225;362071;1795;398576;53737870;49799923;29685253;86868;32429554
FR;0;2022-01-19;42931;68752;282248;1447;312079;53780801;49868675;29967501;88315;32741633
FR;0;2022-01-20;23316;61197;300205;1735;329703;53804117;49929872;30267706;90050;33071336
FR;0;2022-01-21;27905;70335;367987;2076;402824;53832022;50000207;30635693;92126;33474160
FR;0;2022-01-22;27563;47774;219078;838;242052;53859585;50047981;30854771;92964;33716212
FR;0;2022-01-23;6689;13871;48672;171;55227;53866274;50061852;30903443;93135;33771439
FR;0;2022-01-24;16160;49431;218520;1132;240619;53882434;50111283;31121963;94267;34012058
FR;0;2022-01-25;18860;56224;243852;1543;267926;53901294;50167507;31365815;95810;34279984
FR;0;2022-01-26;28041;61258;209813;1290;229905;53929335;50228765;31575628;97100;34509889
FR;0;2022-01-27;16220;47621;208101;1261;226309;53945555;50276386;31783729;98361;34736198
FR;0;2022-01-28;21421;77321;290649;1573;322151;53966976;50353707;32074378;99934;35058349
FR;0;2022-01-29;18377;54672;184314;682;204823;53985353;50408379;32258692;100616;35263172
FR;0;2022-01-30;4452;15680;39115;121;45095;53989805;50424059;32297807;100737;35308267
FR;0;2022-01-31;11171;44050;148310;736;164961;54000976;50468109;32446117;101473;35473228
FR;0;2022-02-01;12448;48705;174502;1132;191751;54013424;50516814;32620619;102605;35664979
FR;0;2022-02-02;19570;66555;171627;1016;190270;54032994;50583369;32792246;103621;35855249
FR;0;2022-02-03;10837;45374;157320;970;173093;54043831;50628743;32949566;104591;36028342
FR;0;2022-02-04;14378;68121;239008;1255;264014;54058209;50696864;33188574;105846;36292356
FR;0;2022-02-05;12546;52936;153454;522;172279;54070755;50749800;33342028;106368;36464635
FR;0;2022-02-06;2694;13256;28847;98;33822;54073449;50763056;33370875;106466;36498457
FR;0;2022-02-07;9147;47188;156647;581;176148;54082596;50810244;33527522;107047;36674605
FR;0;2022-02-08;9438;42407;166399;859;184133;54092034;50852651;33693921;107906;36858738
FR;0;2022-02-09;14034;57407;172071;861;192701;54106068;50910058;33865992;108767;37051439
FR;0;2022-02-10;8133;37797;149745;867;166108;54114201;50947855;34015737;109634;37217547
FR;0;2022-02-11;10652;55189;218096;1090;242644;54124853;51003044;34233833;110724;37460191
FR;0;2022-02-12;8253;40760;134389;460;151376;54133106;51043804;34368222;111184;37611567
FR;0;2022-02-13;1874;8538;26500;81;30854;54134980;51052342;34394722;111265;37642421
FR;0;2022-02-14;6798;34913;147730;479;165709;54141778;51087255;34542452;111744;37808130
FR;0;2022-02-15;6766;35119;146001;745;161510;54148544;51122374;34688453;112489;37969640
FR;0;2022-02-16;9177;42187;131576;714;145735;54157721;51164561;34820029;113203;38115375
FR;0;2022-02-17;5262;23283;86457;576;93933;54162983;51187844;34906486;113779;38209308
FR;0;2022-02-18;6782;32825;118010;799;127562;54169765;51220669;35024496;114578;38336870
FR;0;2022-02-19;5266;24271;69427;366;76683;54175031;51244940;35093923;114944;38413553
FR;0;2022-02-20;1104;4555;12022;38;13779;54176135;51249495;35105945;114982;38427332
FR;0;2022-02-21;3918;17424;59424;351;64604;54180053;51266919;35165369;115333;38491936
FR;0;2022-02-22;4256;18161;59019;557;62589;54184309;51285080;35224388;115890;38554525
FR;0;2022-02-23;6426;26736;65036;583;70375;54190735;51311816;35289424;116473;38624900
FR;0;2022-02-24;3628;14639;48674;497;51442;54194363;51326455;35338098;116970;38676342
FR;0;2022-02-25;5061;22953;74488;785;78191;54199424;51349408;35412586;117755;38754533
FR;0;2022-02-26;3912;17286;46733;350;50771;54203336;51366694;35459319;118105;38805304
FR;0;2022-02-27;852;2915;7819;45;8706;54204188;51369609;35467138;118150;38814010
FR;0;2022-02-28;2972;11717;39095;344;41479;54207160;51381326;35506233;118494;38855489
FR;0;2022-03-01;2843;11360;39191;396;39832;54210003;51392686;35545424;118890;38895321
FR;0;2022-03-02;4819;16704;43867;397;45763;54214822;51409390;35589291;119287;38941084
