fra;vaccin;jour;n_dose1;n_dose2;n_dose3;n_dose4;n_rappel;n_cum_dose1;n_cum_dose2;n_cum_dose3;n_cum_dose4;n_cum_rappel
FR;1;2020-12-27;597;0;0;0;0;597;0;0;0;0
FR;1;2020-12-28;651;0;0;0;0;1248;0;0;0;0
FR;1;2020-12-29;369;0;0;0;0;1617;0;0;0;0
FR;1;2020-12-30;433;0;0;0;0;2050;0;0;0;0
FR;1;2020-12-31;374;0;0;0;0;2424;0;0;0;0
FR;1;2021-01-01;1112;0;0;0;0;3536;0;0;0;0
FR;1;2021-01-02;349;3;0;0;0;3885;3;0;0;0
FR;1;2021-01-03;397;0;0;0;0;4282;3;0;0;0
FR;1;2021-01-04;2074;0;0;0;0;6356;3;0;0;0
FR;1;2021-01-05;6995;2;0;0;0;13351;5;0;0;0
FR;1;2021-01-06;12318;7;0;0;0;25669;12;0;0;0
FR;1;2021-01-07;29435;8;0;0;0;55104;20;0;0;0
FR;1;2021-01-08;37109;4;0;0;0;92213;24;0;0;0
FR;1;2021-01-09;11206;2;0;0;0;103419;26;0;0;0
FR;1;2021-01-10;5990;0;0;0;0;109409;26;0;0;0
FR;1;2021-01-11;39915;9;0;0;0;149324;35;0;0;0
FR;1;2021-01-12;62104;7;0;0;0;211428;42;0;0;0
FR;1;2021-01-13;65059;17;0;0;0;276487;59;0;0;0
FR;1;2021-01-14;81422;30;0;0;0;357909;89;0;0;0
FR;1;2021-01-15;68579;12;0;0;0;426488;101;0;0;0
FR;1;2021-01-16;19891;74;0;0;0;446379;175;0;0;0
FR;1;2021-01-17;10895;45;0;0;0;457274;220;0;0;0
FR;1;2021-01-18;82738;169;0;0;0;540012;389;0;0;0
FR;1;2021-01-19;125880;145;0;0;0;665892;534;0;0;0
FR;1;2021-01-20;132359;167;0;0;0;798251;701;0;0;0
FR;1;2021-01-21;153016;144;0;0;0;951267;845;0;0;0
FR;1;2021-01-22;115908;176;0;0;0;1067175;1021;0;0;0
FR;1;2021-01-23;36592;57;0;0;0;1103767;1078;0;0;0
FR;1;2021-01-24;9577;52;0;0;0;1113344;1130;0;0;0
FR;1;2021-01-25;74394;1234;0;0;0;1187738;2364;0;0;0
FR;1;2021-01-26;96420;3166;1;0;0;1284158;5530;1;0;0
FR;1;2021-01-27;103612;5742;0;0;0;1387770;11272;1;0;0
FR;1;2021-01-28;120564;14525;0;0;0;1508334;25797;1;0;0
FR;1;2021-01-29;88862;17429;0;0;0;1597196;43226;1;0;0
FR;1;2021-01-30;27971;4230;0;0;0;1625167;47456;1;0;0
FR;1;2021-01-31;5175;1717;0;0;0;1630342;49173;1;0;0
FR;1;2021-02-01;49690;21162;0;0;0;1680032;70335;1;0;0
FR;1;2021-02-02;67779;34897;0;0;0;1747811;105232;1;0;0
FR;1;2021-02-03;67044;37139;0;0;0;1814855;142371;1;0;0
FR;1;2021-02-04;77093;50365;0;0;0;1891948;192736;1;0;0
FR;1;2021-02-05;63397;45453;0;0;0;1955345;238189;1;0;0
FR;1;2021-02-06;19395;10565;0;0;0;1974740;248754;1;0;0
FR;1;2021-02-07;3656;5077;0;0;0;1978396;253831;1;0;0
FR;1;2021-02-08;36477;46269;0;0;0;2014873;300100;1;0;0
FR;1;2021-02-09;50781;72707;0;0;0;2065654;372807;1;0;0
FR;1;2021-02-10;52021;77111;0;0;0;2117675;449918;1;0;0
FR;1;2021-02-11;63335;99226;0;0;0;2181010;549144;1;0;0
FR;1;2021-02-12;55826;74144;0;0;0;2236836;623288;1;0;0
FR;1;2021-02-13;15445;19356;0;0;0;2252281;642644;1;0;0
FR;1;2021-02-14;3740;7230;0;0;0;2256021;649874;1;0;0
FR;1;2021-02-15;24122;73601;0;0;0;2280143;723475;1;0;0
FR;1;2021-02-16;32744;96640;0;0;0;2312887;820115;1;0;0
FR;1;2021-02-17;35077;98893;1;0;0;2347964;919008;2;0;0
FR;1;2021-02-18;49392;113688;0;0;0;2397356;1032696;2;0;0
FR;1;2021-02-19;45352;86501;1;0;0;2442708;1119197;3;0;0
FR;1;2021-02-20;13374;26990;0;0;0;2456082;1146187;3;0;0
FR;1;2021-02-21;2448;6316;0;0;0;2458530;1152503;3;0;0
FR;1;2021-02-22;24696;69514;2;0;0;2483226;1222017;5;0;0
FR;1;2021-02-23;37405;80530;1;0;0;2520631;1302547;6;0;0
FR;1;2021-02-24;40654;77795;1;0;0;2561285;1380342;7;0;0
FR;1;2021-02-25;50124;87808;1;0;0;2611409;1468150;8;0;0
FR;1;2021-02-26;47172;67795;0;0;0;2658581;1535945;8;0;0
FR;1;2021-02-27;15665;20998;0;0;0;2674246;1556943;8;0;0
FR;1;2021-02-28;3551;4378;1;0;0;2677797;1561321;9;0;0
FR;1;2021-03-01;40123;49211;1;0;0;2717920;1610532;10;0;0
FR;1;2021-03-02;55930;61576;2;0;0;2773850;1672108;12;0;0
FR;1;2021-03-03;61169;60531;0;0;0;2835019;1732639;12;0;0
FR;1;2021-03-04;72952;65192;3;0;0;2907971;1797831;15;0;0
FR;1;2021-03-05;74718;59060;3;0;0;2982689;1856891;18;0;0
FR;1;2021-03-06;82422;16054;2;0;0;3065111;1872945;20;0;0
FR;1;2021-03-07;63696;5293;1;0;0;3128807;1878238;21;0;0
FR;1;2021-03-08;60131;42346;2;0;0;3188938;1920584;23;0;0
FR;1;2021-03-09;85933;48156;1;0;0;3274871;1968740;24;0;0
FR;1;2021-03-10;90841;47994;5;0;0;3365712;2016734;29;0;0
FR;1;2021-03-11;104991;53866;1;0;0;3470703;2070600;30;0;0
FR;1;2021-03-12;104067;45138;0;0;0;3574770;2115738;30;0;0
FR;1;2021-03-13;89169;12712;1;0;0;3663939;2128450;31;0;0
FR;1;2021-03-14;44437;3005;1;0;0;3708376;2131455;32;0;0
FR;1;2021-03-15;95453;29013;3;0;0;3803829;2160468;35;0;0
FR;1;2021-03-16;123556;34821;4;0;0;3927385;2195289;39;0;0
FR;1;2021-03-17;129244;34627;4;0;0;4056629;2229916;43;0;0
FR;1;2021-03-18;142824;39668;5;0;0;4199453;2269584;48;0;0
FR;1;2021-03-19;136196;32766;2;0;0;4335649;2302350;50;0;0
FR;1;2021-03-20;75967;10113;1;0;0;4411616;2312463;51;0;0
FR;1;2021-03-21;26482;2443;1;0;0;4438098;2314906;52;0;0
FR;1;2021-03-22;114676;31055;2;0;0;4552774;2345961;54;0;0
FR;1;2021-03-23;142960;38171;1;0;0;4695734;2384132;55;0;0
FR;1;2021-03-24;141940;38742;0;0;0;4837674;2422874;55;0;0
FR;1;2021-03-25;164951;39534;4;0;0;5002625;2462408;59;0;0
FR;1;2021-03-26;166346;37466;4;0;0;5168971;2499874;63;0;0
FR;1;2021-03-27;110856;15249;1;0;0;5279827;2515123;64;0;0
FR;1;2021-03-28;42282;3743;3;0;0;5322109;2518866;67;0;0
FR;1;2021-03-29;129777;49827;4;0;0;5451886;2568693;71;0;0
FR;1;2021-03-30;167638;63495;4;0;0;5619524;2632188;75;0;0
FR;1;2021-03-31;170865;66916;4;0;0;5790389;2699104;79;0;0
FR;1;2021-04-01;194663;79626;11;0;0;5985052;2778730;90;0;0
FR;1;2021-04-02;164392;84424;7;0;0;6149444;2863154;97;0;0
FR;1;2021-04-03;88213;58085;5;0;0;6237657;2921239;102;0;0
FR;1;2021-04-04;33442;17726;0;0;0;6271099;2938965;102;0;0
FR;1;2021-04-05;46363;10108;11;0;0;6317462;2949073;113;0;0
FR;1;2021-04-06;160216;101175;16;0;0;6477678;3050248;129;0;0
FR;1;2021-04-07;196900;108093;16;0;0;6674578;3158341;145;0;0
FR;1;2021-04-08;221987;112301;13;0;0;6896565;3270642;158;0;0
FR;1;2021-04-09;214480;107363;21;0;0;7111045;3378005;179;0;0
FR;1;2021-04-10;117132;73315;14;0;0;7228177;3451320;193;0;0
FR;1;2021-04-11;40804;30220;6;0;0;7268981;3481540;199;0;0
FR;1;2021-04-12;168317;103710;45;0;0;7437298;3585250;244;0;0
FR;1;2021-04-13;203704;128042;96;1;0;7641002;3713292;340;1;0
FR;1;2021-04-14;208491;122609;204;0;0;7849493;3835901;544;1;0
FR;1;2021-04-15;221563;126724;311;0;0;8071056;3962625;855;1;0
FR;1;2021-04-16;205970;124993;307;0;0;8277026;4087618;1162;1;0
FR;1;2021-04-17;122051;67364;102;0;0;8399077;4154982;1264;1;0
FR;1;2021-04-18;35915;20997;39;0;0;8434992;4175979;1303;1;0
FR;1;2021-04-19;163672;121732;429;0;0;8598664;4297711;1732;1;0
FR;1;2021-04-20;189312;148594;530;0;0;8787976;4446305;2262;1;0
FR;1;2021-04-21;193869;146632;754;0;0;8981845;4592937;3016;1;0
FR;1;2021-04-22;208862;162643;777;0;0;9190707;4755580;3793;1;0
FR;1;2021-04-23;198896;156782;667;0;0;9389603;4912362;4460;1;0
FR;1;2021-04-24;126297;95430;145;0;0;9515900;5007792;4605;1;0
FR;1;2021-04-25;53544;30084;46;0;0;9569444;5037876;4651;1;0
FR;1;2021-04-26;181048;138139;538;0;0;9750492;5176015;5189;1;0
FR;1;2021-04-27;221276;161759;899;0;0;9971768;5337774;6088;1;0
FR;1;2021-04-28;238201;154960;1308;1;1;10209969;5492734;7396;2;1
FR;1;2021-04-29;270191;159951;1206;0;0;10480160;5652685;8602;2;1
FR;1;2021-04-30;271901;147973;1069;0;0;10752061;5800658;9671;2;1
FR;1;2021-05-01;141086;40675;172;0;0;10893147;5841333;9843;2;1
FR;1;2021-05-02;81449;28122;80;0;0;10974596;5869455;9923;2;1
FR;1;2021-05-03;250644;146090;797;0;0;11225240;6015545;10720;2;1
FR;1;2021-05-04;265729;186802;1197;0;0;11490969;6202347;11917;2;1
FR;1;2021-05-05;283725;184487;1263;0;0;11774694;6386834;13180;2;1
FR;1;2021-05-06;309818;182963;1496;0;0;12084512;6569797;14676;2;1
FR;1;2021-05-07;283987;195507;1125;0;0;12368499;6765304;15801;2;1
FR;1;2021-05-08;191619;48351;283;0;0;12560118;6813655;16084;2;1
FR;1;2021-05-09;114009;36079;236;0;0;12674127;6849734;16320;2;1
FR;1;2021-05-10;258040;193949;1178;0;0;12932167;7043683;17498;2;1
FR;1;2021-05-11;318755;211066;1461;0;0;13250922;7254749;18959;2;1
FR;1;2021-05-12;356494;185693;1398;0;0;13607416;7440442;20357;2;1
FR;1;2021-05-13;283348;47724;398;0;0;13890764;7488166;20755;2;1
FR;1;2021-05-14;370404;128591;985;0;0;14261168;7616757;21740;2;1
FR;1;2021-05-15;297974;66073;402;0;0;14559142;7682830;22142;2;1
FR;1;2021-05-16;157711;15530;158;0;0;14716853;7698360;22300;2;1
FR;1;2021-05-17;318799;116428;1434;0;0;15035652;7814788;23734;2;1
FR;1;2021-05-18;383052;111135;1794;0;0;15418704;7925923;25528;2;1
FR;1;2021-05-19;395148;102662;2167;0;0;15813852;8028585;27695;2;1
FR;1;2021-05-20;421629;96145;2039;0;0;16235481;8124730;29734;2;1
FR;1;2021-05-21;399689;97202;1752;0;0;16635170;8221932;31486;2;1
FR;1;2021-05-22;275620;42012;601;0;0;16910790;8263944;32087;2;1
FR;1;2021-05-23;122948;11176;224;0;0;17033738;8275120;32311;2;1
FR;1;2021-05-24;243948;26241;564;0;0;17277686;8301361;32875;2;1
FR;1;2021-05-25;366015;131676;2103;1;0;17643701;8433037;34978;3;1
FR;1;2021-05-26;380708;125628;1983;0;0;18024409;8558665;36961;3;1
FR;1;2021-05-27;406018;127969;1968;0;0;18430427;8686634;38929;3;1
FR;1;2021-05-28;365906;145297;1694;0;0;18796333;8831931;40623;3;1
FR;1;2021-05-29;253783;80861;524;0;0;19050116;8912792;41147;3;1
FR;1;2021-05-30;100909;22526;156;0;0;19151025;8935318;41303;3;1
FR;1;2021-05-31;314178;148852;1279;1;1;19465203;9084170;42582;4;2
FR;1;2021-06-01;361131;166548;1721;1;1;19826334;9250718;44303;5;3
FR;1;2021-06-02;364154;153118;1787;0;0;20190488;9403836;46090;5;3
FR;1;2021-06-03;389837;147596;1645;0;0;20580325;9551432;47735;5;3
FR;1;2021-06-04;363278;175567;1488;1;1;20943603;9726999;49223;6;4
FR;1;2021-06-05;258421;112677;596;0;0;21202024;9839676;49819;6;4
FR;1;2021-06-06;126718;37529;215;0;0;21328742;9877205;50034;6;4
FR;1;2021-06-07;299686;207891;1357;0;0;21628428;10085096;51391;6;4
FR;1;2021-06-08;330461;220767;1630;0;0;21958889;10305863;53021;6;4
FR;1;2021-06-09;336282;212333;1600;0;0;22295171;10518196;54621;6;4
FR;1;2021-06-10;343582;202010;1605;0;0;22638753;10720206;56226;6;4
FR;1;2021-06-11;311655;235270;1288;0;0;22950408;10955476;57514;6;4
FR;1;2021-06-12;243984;150645;430;0;0;23194392;11106121;57944;6;4
FR;1;2021-06-13;100298;60999;188;0;0;23294690;11167120;58132;6;4
FR;1;2021-06-14;207640;288975;1313;1;0;23502330;11456095;59445;7;4
FR;1;2021-06-15;256614;282238;1386;1;0;23758944;11738333;60831;8;4
FR;1;2021-06-16;273451;270598;1260;1;0;24032395;12008931;62091;9;4
FR;1;2021-06-17;268029;244556;1229;1;0;24300424;12253487;63320;10;4
FR;1;2021-06-18;260377;295656;1146;1;0;24560801;12549143;64466;11;4
FR;1;2021-06-19;193399;209458;385;0;0;24754200;12758601;64851;11;4
FR;1;2021-06-20;69634;89138;117;0;0;24823834;12847739;64968;11;4
FR;1;2021-06-21;172168;319826;926;1;1;24996002;13167565;65894;12;5
FR;1;2021-06-22;185642;347794;1093;10;2;25181644;13515359;66987;22;7
FR;1;2021-06-23;203993;339440;1047;0;0;25385637;13854799;68034;22;7
FR;1;2021-06-24;203353;281992;1161;0;0;25588990;14136791;69195;22;7
FR;1;2021-06-25;182447;371764;1196;0;0;25771437;14508555;70391;22;7
FR;1;2021-06-26;131311;278281;501;0;0;25902748;14786836;70892;22;7
FR;1;2021-06-27;52362;122946;143;0;0;25955110;14909782;71035;22;7
FR;1;2021-06-28;136473;368254;1055;0;0;26091583;15278036;72090;22;7
FR;1;2021-06-29;154719;390511;1847;0;0;26246302;15668547;73937;22;7
FR;1;2021-06-30;179849;378550;1661;4;2;26426151;16047097;75598;26;9
FR;1;2021-07-01;201110;332176;1886;5;1;26627261;16379273;77484;31;10
FR;1;2021-07-02;193142;367656;1764;5;3;26820403;16746929;79248;36;13
FR;1;2021-07-03;124325;280460;704;3;1;26944728;17027389;79952;39;14
FR;1;2021-07-04;53893;113687;244;0;0;26998621;17141076;80196;39;14
FR;1;2021-07-05;153547;356074;1499;8;2;27152168;17497150;81695;47;16
FR;1;2021-07-06;173190;382534;1597;44;8;27325358;17879684;83292;91;24
FR;1;2021-07-07;190419;362559;1654;24;5;27515777;18242243;84946;115;29
FR;1;2021-07-08;201253;323111;1825;20;8;27717030;18565354;86771;135;37
FR;1;2021-07-09;189629;387196;1851;3;2;27906659;18952550;88622;138;39
FR;1;2021-07-10;129829;281118;814;1;1;28036488;19233668;89436;139;40
FR;1;2021-07-11;57604;102485;260;0;0;28094092;19336153;89696;139;40
FR;1;2021-07-12;149412;417016;1573;4;0;28243504;19753169;91269;143;40
FR;1;2021-07-13;234011;439490;1803;8;2;28477515;20192659;93072;151;42
FR;1;2021-07-14;171645;151567;415;0;0;28649160;20344226;93487;151;42
FR;1;2021-07-15;279355;424792;1856;1;0;28928515;20769018;95343;152;42
FR;1;2021-07-16;290134;401256;1709;3;1;29218649;21170274;97052;155;43
FR;1;2021-07-17;217237;282125;754;1;0;29435886;21452399;97806;156;43
FR;1;2021-07-18;101951;107315;288;0;0;29537837;21559714;98094;156;43
FR;1;2021-07-19;238022;379380;1495;3;0;29775859;21939094;99589;159;43
FR;1;2021-07-20;305533;380902;1467;0;0;30081392;22319996;101056;159;43
FR;1;2021-07-21;333056;353565;1412;4;2;30414448;22673561;102468;163;45
FR;1;2021-07-22;364361;319473;1500;3;2;30778809;22993034;103968;166;47
FR;1;2021-07-23;347723;343781;1582;4;2;31126532;23336815;105550;170;49
FR;1;2021-07-24;238890;241071;695;1;0;31365422;23577886;106245;171;49
FR;1;2021-07-25;112732;76061;214;0;0;31478154;23653947;106459;171;49
FR;1;2021-07-26;298964;290252;1495;2;2;31777118;23944199;107954;173;51
FR;1;2021-07-27;385655;268893;1457;4;2;32162773;24213092;109411;177;53
FR;1;2021-07-28;390055;251585;1460;4;2;32552828;24464677;110871;181;55
FR;1;2021-07-29;405952;228393;1537;2;1;32958780;24693070;112408;183;56
FR;1;2021-07-30;370491;247101;1632;4;1;33329271;24940171;114040;187;57
FR;1;2021-07-31;243329;165129;792;1;0;33572600;25105300;114832;188;57
FR;1;2021-08-01;105492;47236;232;0;0;33678092;25152536;115064;188;57
FR;1;2021-08-02;296870;213326;1473;2;0;33974962;25365862;116537;190;57
FR;1;2021-08-03;331028;209321;1544;2;1;34305990;25575183;118081;192;58
FR;1;2021-08-04;327679;184427;1435;5;3;34633669;25759610;119516;197;61
FR;1;2021-08-05;301010;193598;1480;0;0;34934679;25953208;120996;197;61
FR;1;2021-08-06;290713;224667;1558;3;1;35225392;26177875;122554;200;62
FR;1;2021-08-07;182545;158826;654;4;3;35407937;26336701;123208;204;65
FR;1;2021-08-08;68816;59145;246;0;0;35476753;26395846;123454;204;65
FR;1;2021-08-09;222573;236084;1436;4;3;35699326;26631930;124890;208;68
FR;1;2021-08-10;252401;240972;1485;2;1;35951727;26872902;126375;210;69
FR;1;2021-08-11;235941;232549;1267;5;1;36187668;27105451;127642;215;70
FR;1;2021-08-12;220478;240311;1482;3;1;36408146;27345762;129124;218;71
FR;1;2021-08-13;201549;238546;1352;2;2;36609695;27584308;130476;220;73
FR;1;2021-08-14;122790;174164;645;0;0;36732485;27758472;131121;220;73
FR;1;2021-08-15;34635;46118;195;1;0;36767120;27804590;131316;221;73
FR;1;2021-08-16;156743;289919;1420;0;0;36923863;28094509;132736;221;73
FR;1;2021-08-17;171444;291774;1418;4;1;37095307;28386283;134154;225;74
FR;1;2021-08-18;161210;287189;1383;6;3;37256517;28673472;135537;231;77
FR;1;2021-08-19;148726;277644;1393;1;0;37405243;28951116;136930;232;77
FR;1;2021-08-20;140270;308487;1518;2;2;37545513;29259603;138448;234;79
FR;1;2021-08-21;84196;213250;585;0;0;37629709;29472853;139033;234;79
FR;1;2021-08-22;28526;82690;229;0;0;37658235;29555543;139262;234;79
FR;1;2021-08-23;118537;321217;1416;2;1;37776772;29876760;140678;236;80
FR;1;2021-08-24;126542;319946;1593;5;1;37903314;30196706;142271;241;81
FR;1;2021-08-25;121370;306596;1773;8;3;38024684;30503302;144044;249;84
FR;1;2021-08-26;106464;286172;2155;10;1;38131148;30789474;146199;259;85
FR;1;2021-08-27;107472;321167;2298;8;3;38238620;31110641;148497;267;88
FR;1;2021-08-28;70932;220675;1100;0;0;38309552;31331316;149597;267;88
FR;1;2021-08-29;24126;78130;463;1;0;38333678;31409446;150060;268;88
FR;1;2021-08-30;96778;286556;4307;6;5166;38430456;31696002;154367;274;5254
FR;1;2021-08-31;97966;276495;9267;14;10200;38528422;31972497;163634;288;15454
FR;1;2021-09-01;111337;245289;21085;7;21987;38639759;32217786;184719;295;37441
FR;1;2021-09-02;84325;198034;24516;11;25394;38724084;32415820;209235;306;62835
FR;1;2021-09-03;82069;227666;26933;21;27946;38806153;32643486;236168;327;90781
FR;1;2021-09-04;71469;189704;11137;11;11622;38877622;32833190;247305;338;102403
FR;1;2021-09-05;18582;41197;4118;2;4284;38896204;32874387;251423;340;106687
FR;1;2021-09-06;59328;151680;30163;15;31046;38955532;33026067;281586;355;137733
FR;1;2021-09-07;56686;139740;30194;27;31053;39012218;33165807;311780;382;168786
FR;1;2021-09-08;70115;173841;26905;20;27765;39082333;33339648;338685;402;196551
FR;1;2021-09-09;53391;124455;28582;23;29550;39135724;33464103;367267;425;226101
FR;1;2021-09-10;65322;152055;30416;21;31489;39201046;33616158;397683;446;257590
FR;1;2021-09-11;51873;146594;9715;13;10217;39252919;33762752;407398;459;267807
FR;1;2021-09-12;10720;29250;2479;2;2626;39263639;33792002;409877;461;270433
FR;1;2021-09-13;51278;104600;38705;28;39722;39314917;33896602;448582;489;310155
FR;1;2021-09-14;53092;96106;51223;65;52603;39368009;33992708;499805;554;362758
FR;1;2021-09-15;60205;139247;50426;55;46891;39428214;34131955;550231;609;409649
FR;1;2021-09-16;46420;81392;53258;72;49396;39474634;34213347;603489;681;459045
FR;1;2021-09-17;53020;109372;45004;60;42572;39527654;34322719;648493;741;501617
FR;1;2021-09-18;37792;118459;11785;19;11245;39565446;34441178;660278;760;512862
FR;1;2021-09-19;6469;21034;2031;1;1967;39571915;34462212;662309;761;514829
FR;1;2021-09-20;36373;74890;46132;66;44007;39608288;34537102;708441;827;558836
FR;1;2021-09-21;34064;68155;56169;71;52485;39642352;34605257;764610;898;611321
FR;1;2021-09-22;38672;118403;49786;77;46706;39681024;34723660;814396;975;658027
FR;1;2021-09-23;31849;62714;54419;86;50664;39712873;34786374;868815;1061;708691
FR;1;2021-09-24;36615;89883;43607;92;41824;39749488;34876257;912422;1153;750515
FR;1;2021-09-25;27579;96533;12293;27;12150;39777067;34972790;924715;1180;762665
FR;1;2021-09-26;4348;15215;1766;4;1703;39781415;34988005;926481;1184;764368
FR;1;2021-09-27;27280;60238;42858;89;41522;39808695;35048243;969339;1273;805890
FR;1;2021-09-28;26806;49432;47112;75;44280;39835501;35097675;1016451;1348;850170
FR;1;2021-09-29;35796;80365;47207;87;45460;39871297;35178040;1063658;1435;895630
FR;1;2021-09-30;25891;46457;47446;80;45276;39897188;35224497;1111104;1515;940906
FR;1;2021-10-01;46690;64726;44835;83;44365;39943878;35289223;1155939;1598;985271
FR;1;2021-10-02;32243;62267;16094;32;16281;39976121;35351490;1172033;1630;1001552
FR;1;2021-10-03;4294;8604;2026;3;2036;39980415;35360094;1174059;1633;1003588
FR;1;2021-10-04;28542;44388;47061;78;46867;40008957;35404482;1221120;1711;1050455
FR;1;2021-10-05;23835;41571;49798;116;49103;40032792;35446053;1270918;1827;1099558
FR;1;2021-10-06;34122;61176;57393;102;57043;40066914;35507229;1328311;1929;1156601
FR;1;2021-10-07;20804;39689;52965;75;51778;40087718;35546918;1381276;2004;1208379
FR;1;2021-10-08;34635;59510;60325;83;60991;40122353;35606428;1441601;2087;1269370
FR;1;2021-10-09;27317;47923;25457;29;25955;40149670;35654351;1467058;2116;1295325
FR;1;2021-10-10;3568;5720;2741;7;2840;40153238;35660071;1469799;2123;1298165
FR;1;2021-10-11;24552;38148;54541;88;55142;40177790;35698219;1524340;2211;1353307
FR;1;2021-10-12;22918;36549;57999;126;59011;40200708;35734768;1582339;2337;1412318
FR;1;2021-10-13;32670;47704;64127;124;65573;40233378;35782472;1646466;2461;1477891
FR;1;2021-10-14;21519;34639;53707;103;54217;40254897;35817111;1700173;2564;1532108
FR;1;2021-10-15;32421;48655;72279;165;74899;40287318;35865766;1772452;2729;1607007
FR;1;2021-10-16;25881;35237;34847;45;36370;40313199;35901003;1807299;2774;1643377
FR;1;2021-10-17;3080;4034;3403;2;3311;40316279;35905037;1810702;2776;1646688
FR;1;2021-10-18;22394;34638;66788;131;69625;40338673;35939675;1877490;2907;1716313
FR;1;2021-10-19;20408;33036;75607;136;79475;40359081;35972711;1953097;3043;1795788
FR;1;2021-10-20;29717;44020;96109;177;99687;40388798;36016731;2049206;3220;1895475
FR;1;2021-10-21;19422;35011;83089;107;86934;40408220;36051742;2132295;3327;1982409
FR;1;2021-10-22;29471;47423;103668;195;109510;40437691;36099165;2235963;3522;2091919
FR;1;2021-10-23;22929;35109;44836;57;47331;40460620;36134274;2280799;3579;2139250
FR;1;2021-10-24;2365;3870;3577;6;3740;40462985;36138144;2284376;3585;2142990
FR;1;2021-10-25;22355;30742;81967;143;85720;40485340;36168886;2366343;3728;2228710
FR;1;2021-10-26;19246;27584;86037;162;90226;40504586;36196470;2452380;3890;2318936
FR;1;2021-10-27;26087;39646;107728;252;112553;40530673;36236116;2560108;4142;2431489
FR;1;2021-10-28;18485;26949;86869;150;91521;40549158;36263065;2646977;4292;2523010
FR;1;2021-10-29;25817;39813;114759;201;121445;40574975;36302878;2761736;4493;2644455
FR;1;2021-10-30;17536;28560;49320;75;51902;40592511;36331438;2811056;4568;2696357
FR;1;2021-10-31;2046;3213;3440;2;3679;40594557;36334651;2814496;4570;2700036
FR;1;2021-11-01;7520;4137;3012;3;3258;40602077;36338788;2817508;4573;2703294
FR;1;2021-11-02;21556;33101;92312;157;97620;40623633;36371889;2909820;4730;2800914
FR;1;2021-11-03;26044;41334;117407;215;123723;40649677;36413223;3027227;4945;2924637
FR;1;2021-11-04;19373;30221;105697;212;111776;40669050;36443444;3132924;5157;3036413
FR;1;2021-11-05;26788;42066;138675;227;147219;40695838;36485510;3271599;5384;3183632
FR;1;2021-11-06;18723;29788;63420;123;66371;40714561;36515298;3335019;5507;3250003
FR;1;2021-11-07;1785;3373;4944;6;5294;40716346;36518671;3339963;5513;3255297
FR;1;2021-11-08;17414;32262;125882;224;132404;40733760;36550933;3465845;5737;3387701
FR;1;2021-11-09;19083;37653;159180;335;168843;40752843;36588586;3625025;6072;3556544
FR;1;2021-11-10;28462;48852;181783;440;192266;40781305;36637438;3806808;6512;3748810
FR;1;2021-11-11;3421;5630;12166;26;12966;40784726;36643068;3818974;6538;3761776
FR;1;2021-11-12;25856;46837;174710;241;186285;40810582;36689905;3993684;6779;3948061
FR;1;2021-11-13;18612;29218;76781;111;81718;40829194;36719123;4070465;6890;4029779
FR;1;2021-11-14;1994;3353;6808;5;7385;40831188;36722476;4077273;6895;4037164
FR;1;2021-11-15;18448;34865;156274;303;166023;40849636;36757341;4233547;7198;4203187
FR;1;2021-11-16;20875;37812;191957;377;204674;40870511;36795153;4425504;7575;4407861
FR;1;2021-11-17;28352;45643;193117;399;204869;40898863;36840796;4618621;7974;4612730
FR;1;2021-11-18;20924;37757;182348;457;194298;40919787;36878553;4800969;8431;4807028
FR;1;2021-11-19;30711;53289;230095;529;246471;40950498;36931842;5031064;8960;5053499
FR;1;2021-11-20;23613;33246;96921;200;103546;40974111;36965088;5127985;9160;5157045
FR;1;2021-11-21;2305;4038;9089;18;9977;40976416;36969126;5137074;9178;5167022
FR;1;2021-11-22;21289;30362;175766;465;189258;40997705;36999488;5312840;9643;5356280
FR;1;2021-11-23;23736;40991;221034;538;237657;41021441;37040479;5533874;10181;5593937
FR;1;2021-11-24;30187;49663;217229;703;234314;41051628;37090142;5751103;10884;5828251
FR;1;2021-11-25;23396;43747;244308;719;263844;41075024;37133889;5995411;11603;6092095
FR;1;2021-11-26;30463;66481;356627;834;388346;41105487;37200370;6352038;12437;6480441
FR;1;2021-11-27;21646;45188;202527;372;222488;41127133;37245558;6554565;12809;6702929
FR;1;2021-11-28;3132;9689;54742;63;61036;41130265;37255247;6609307;12872;6763965
FR;1;2021-11-29;17777;49434;326230;841;354174;41148042;37304681;6935537;13713;7118139
FR;1;2021-11-30;22464;64784;430980;948;470532;41170506;37369465;7366517;14661;7588671
FR;1;2021-12-01;24186;69213;442682;1129;481500;41194692;37438678;7809199;15790;8070171
FR;1;2021-12-02;19799;64250;489209;1224;532613;41214491;37502928;8298408;17014;8602784
FR;1;2021-12-03;22694;81679;542556;1303;591489;41237185;37584607;8840964;18317;9194273
FR;1;2021-12-04;16337;53862;298998;652;328809;41253522;37638469;9139962;18969;9523082
FR;1;2021-12-05;3622;13916;81481;143;91059;41257144;37652385;9221443;19112;9614141
FR;1;2021-12-06;16904;62712;415264;1063;454958;41274048;37715097;9636707;20175;10069099
FR;1;2021-12-07;19695;75723;522742;1531;572288;41293743;37790820;10159449;21706;10641387
FR;1;2021-12-08;21447;75474;458174;1542;501848;41315190;37866294;10617623;23248;11143235
FR;1;2021-12-09;19296;73923;492708;1626;540551;41334486;37940217;11110331;24874;11683786
FR;1;2021-12-10;22396;87520;547187;1583;599771;41356882;38027737;11657518;26457;12283557
FR;1;2021-12-11;16489;58915;302654;746;335391;41373371;38086652;11960172;27203;12618948
FR;1;2021-12-12;4331;15962;83160;179;94070;41377702;38102614;12043332;27382;12713018
FR;1;2021-12-13;15403;63706;366772;1095;406121;41393105;38166320;12410104;28477;13119139
FR;1;2021-12-14;19987;80132;464494;1738;514972;41413092;38246452;12874598;30215;13634111
FR;1;2021-12-15;21230;77191;408862;1307;452913;41434322;38323643;13283460;31522;14087024
FR;1;2021-12-16;19840;77238;451617;1575;500405;41454162;38400881;13735077;33097;14587429
FR;1;2021-12-17;22386;86605;479732;1734;530849;41476548;38487486;14214809;34831;15118278
FR;1;2021-12-18;17569;54631;257533;730;288446;41494117;38542117;14472342;35561;15406724
FR;1;2021-12-19;5534;17174;79120;194;90773;41499651;38559291;14551462;35755;15497497
FR;1;2021-12-20;20725;63020;316056;1081;355127;41520376;38622311;14867518;36836;15852624
FR;1;2021-12-21;26036;73018;372571;1421;417932;41546412;38695329;15240089;38257;16270556
FR;1;2021-12-22;24850;65775;310458;1214;349435;41571262;38761104;15550547;39471;16619991
FR;1;2021-12-23;21157;52256;241349;949;272949;41592419;38813360;15791896;40420;16892940
FR;1;2021-12-24;7050;18229;67092;256;77027;41599469;38831589;15858988;40676;16969967
FR;1;2021-12-25;494;2757;5565;15;6537;41599963;38834346;15864553;40691;16976504
FR;1;2021-12-26;2746;7585;26914;68;31443;41602709;38841931;15891467;40759;17007947
FR;1;2021-12-27;18055;53248;234975;707;265651;41620764;38895179;16126442;41466;17273598
FR;1;2021-12-28;23186;61786;291912;1024;330079;41643950;38956965;16418354;42490;17603677
FR;1;2021-12-29;22157;55439;254878;918;288110;41666107;39012404;16673232;43408;17891787
FR;1;2021-12-30;21174;46072;212056;857;239526;41687281;39058476;16885288;44265;18131313
FR;1;2021-12-31;7251;16529;61810;229;70330;41694532;39075005;16947098;44494;18201643
FR;1;2022-01-01;775;2477;5638;29;6572;41695307;39077482;16952736;44523;18208215
FR;1;2022-01-02;3032;8067;28855;50;33517;41698339;39085549;16981591;44573;18241732
FR;1;2022-01-03;19032;52330;228047;784;257336;41717371;39137879;17209638;45357;18499068
FR;1;2022-01-04;24627;64528;299110;1234;337115;41741998;39202407;17508748;46591;18836183
FR;1;2022-01-05;28976;63534;274721;1097;310026;41770974;39265941;17783469;47688;19146209
FR;1;2022-01-06;26360;65810;306743;1393;346383;41797334;39331751;18090212;49081;19492592
FR;1;2022-01-07;31161;74326;349685;1534;393730;41828495;39406077;18439897;50615;19886322
FR;1;2022-01-08;23298;51368;222443;694;251080;41851793;39457445;18662340;51309;20137402
FR;1;2022-01-09;7072;17222;65999;163;76157;41858865;39474667;18728339;51472;20213559
FR;1;2022-01-10;21234;53589;236636;951;266889;41880099;39528256;18964975;52423;20480448
FR;1;2022-01-11;26355;62622;282146;1276;317673;41906454;39590878;19247121;53699;20798121
FR;1;2022-01-12;28542;61870;246103;1103;277865;41934996;39652748;19493224;54802;21075986
FR;1;2022-01-13;24295;59640;262638;1251;295979;41959291;39712388;19755862;56053;21371965
FR;1;2022-01-14;27689;66411;313829;1364;351107;41986980;39778799;20069691;57417;21723072
FR;1;2022-01-15;19240;44301;199235;618;223821;42006220;39823100;20268926;58035;21946893
FR;1;2022-01-16;5132;13004;51480;135;59569;42011352;39836104;20320406;58170;22006462
FR;1;2022-01-17;16684;39615;184736;779;206797;42028036;39875719;20505142;58949;22213259
FR;1;2022-01-18;19187;45454;212301;1149;236923;42047223;39921173;20717443;60098;22450182
FR;1;2022-01-19;20065;43773;175995;894;197122;42067288;39964946;20893438;60992;22647304
FR;1;2022-01-20;16519;40226;183519;1136;204589;42083807;40005172;21076957;62128;22851893
FR;1;2022-01-21;19627;46898;228836;1400;253250;42103434;40052070;21305793;63528;23105143
FR;1;2022-01-22;13825;33079;144446;578;161332;42117259;40085149;21450239;64106;23266475
FR;1;2022-01-23;3340;8829;33393;130;38332;42120599;40093978;21483632;64236;23304807
FR;1;2022-01-24;11702;32523;142122;705;158218;42132301;40126501;21625754;64941;23463025
FR;1;2022-01-25;14066;37777;163296;1049;181488;42146367;40164278;21789050;65990;23644513
FR;1;2022-01-26;14784;36665;150142;928;166185;42161151;40200943;21939192;66918;23810698
FR;1;2022-01-27;12256;32552;143327;878;157793;42173407;40233495;22082519;67796;23968491
FR;1;2022-01-28;16177;53810;198193;1143;222437;42189584;40287305;22280712;68939;24190928
FR;1;2022-01-29;10245;35439;135158;520;151536;42199829;40322744;22415870;69459;24342464
FR;1;2022-01-30;2471;9339;29654;84;34462;42202300;40332083;22445524;69543;24376926
FR;1;2022-01-31;8707;32310;104273;530;117379;42211007;40364393;22549797;70073;24494305
FR;1;2022-02-01;9979;35882;126971;861;141141;42220986;40400275;22676768;70934;24635446
FR;1;2022-02-02;11105;40808;130237;778;145771;42232091;40441083;22807005;71712;24781217
FR;1;2022-02-03;8660;32996;116906;780;130296;42240751;40474079;22923911;72492;24911513
FR;1;2022-02-04;11335;47896;172470;962;192736;42252086;40521975;23096381;73454;25104249
FR;1;2022-02-05;7687;33923;117533;391;133040;42259773;40555898;23213914;73845;25237289
FR;1;2022-02-06;1687;8067;22725;83;26901;42261460;40563965;23236639;73928;25264190
FR;1;2022-02-07;6968;35259;119007;450;134941;42268428;40599224;23355646;74378;25399131
FR;1;2022-02-08;7485;31385;125566;692;140534;42275913;40630609;23481212;75070;25539665
FR;1;2022-02-09;8377;35820;135160;692;152351;42284290;40666429;23616372;75762;25692016
FR;1;2022-02-10;6520;28887;116231;673;129945;42290810;40695316;23732603;76435;25821961
FR;1;2022-02-11;8520;41166;165010;873;185203;42299330;40736482;23897613;77308;26007164
FR;1;2022-02-12;5260;27495;106651;378;120818;42304590;40763977;24004264;77686;26127982
FR;1;2022-02-13;1210;5686;21692;61;25303;42305800;40769663;24025956;77747;26153285
FR;1;2022-02-14;5325;27003;117989;387;133004;42311125;40796666;24143945;78134;26286289
FR;1;2022-02-15;5548;27947;118762;609;132331;42316673;40824613;24262707;78743;26418620
FR;1;2022-02-16;5611;27883;110312;593;122897;42322284;40852496;24373019;79336;26541517
FR;1;2022-02-17;4372;18862;73045;484;80077;42326656;40871358;24446064;79820;26621594
FR;1;2022-02-18;5450;26290;99095;667;108015;42332106;40897648;24545159;80487;26729609
FR;1;2022-02-19;3506;17056;59442;303;66012;42335612;40914704;24604601;80790;26795621
FR;1;2022-02-20;776;3209;10675;35;12295;42336388;40917913;24615276;80825;26807916
FR;1;2022-02-21;3321;14426;52760;286;57596;42339709;40932339;24668036;81111;26865512
FR;1;2022-02-22;3670;15300;51833;496;55546;42343379;40947639;24719869;81607;26921058
FR;1;2022-02-23;4139;17452;57383;508;62461;42347518;40965091;24777252;82115;26983519
FR;1;2022-02-24;3209;12525;43526;432;46284;42350727;40977616;24820778;82547;27029803
FR;1;2022-02-25;4342;19216;64794;691;68632;42355069;40996832;24885572;83238;27098435
FR;1;2022-02-26;2668;12503;41325;306;45078;42357737;41009335;24926897;83544;27143513
FR;1;2022-02-27;635;2161;7108;42;7970;42358372;41011496;24934005;83586;27151483
FR;1;2022-02-28;2540;9954;34878;300;37293;42360912;41021450;24968883;83886;27188776
FR;1;2022-03-01;2585;10168;38461;387;39366;42363497;41031618;25007344;84273;27228142
FR;1;2022-03-02;3358;11741;41702;389;43742;42366855;41043359;25049046;84662;27271884
FR;1;2022-03-03;2236;7321;25941;298;26253;42369091;41050680;25074987;84960;27298137
FR;1;2022-03-04;2620;10115;35291;570;34753;42371711;41060795;25110278;85530;27332890
FR;1;2022-03-05;1636;6268;21915;277;22298;42373347;41067063;25132193;85807;27355188
FR;1;2022-03-06;345;927;2905;37;3101;42373692;41067990;25135098;85844;27358289
FR;1;2022-03-07;1311;4499;16349;243;15803;42375003;41072489;25151447;86087;27374092
FR;1;2022-03-08;1480;4993;17028;302;15848;42376483;41077482;25168475;86389;27389940
FR;1;2022-03-09;1824;6310;19607;364;18962;42378307;41083792;25188082;86753;27408902
FR;1;2022-03-10;1243;4072;14894;293;13897;42379550;41087864;25202976;87046;27422799
FR;1;2022-03-11;1661;6064;21555;478;19692;42381211;41093928;25224531;87524;27442491
FR;1;2022-03-12;1195;4564;15301;274;14837;42382406;41098492;25239832;87798;27457328
FR;1;2022-03-13;235;595;2040;114;1987;42382641;41099087;25241872;87912;27459315
FR;1;2022-03-14;1032;3473;13231;3873;12361;42383673;41102560;25255103;91785;27471676
FR;1;2022-03-15;1208;3725;14252;6850;12728;42384881;41106285;25269355;98635;27484404
FR;1;2022-03-16;1563;4593;16784;11503;15858;42386444;41110878;25286139;110138;27500262
FR;1;2022-03-17;1068;3005;11247;9589;10332;42387512;41113883;25297386;119727;27510594
FR;1;2022-03-18;1612;4579;17679;16437;16094;42389124;41118462;25315065;136164;27526688
FR;1;2022-03-19;1085;3130;11815;8440;11282;42390209;41121592;25326880;144604;27537970
FR;1;2022-03-20;205;509;1647;1000;1674;42390414;41122101;25328527;145604;27539644
FR;1;2022-03-21;1010;2601;10998;13418;10339;42391424;41124702;25339525;159022;27549983
FR;1;2022-03-22;1137;2954;11804;18645;10783;42392561;41127656;25351329;177667;27560766
FR;1;2022-03-23;1412;3824;13956;20034;13517;42393973;41131480;25365285;197701;27574283
FR;1;2022-03-24;1004;2405;9746;15910;9013;42394977;41133885;25375031;213611;27583296
FR;1;2022-03-25;1439;3884;16182;25208;14839;42396416;41137769;25391213;238819;27598135
FR;1;2022-03-26;1079;2769;10642;11393;10289;42397495;41140538;25401855;250212;27608424
FR;1;2022-03-27;221;529;1696;1364;1749;42397716;41141067;25403551;251576;27610173
FR;1;2022-03-28;1005;2241;9538;15723;9124;42398721;41143308;25413089;267299;27619297
FR;1;2022-03-29;1086;2609;11106;24801;10448;42399807;41145917;25424195;292100;27629745
FR;1;2022-03-30;1549;3333;13487;23935;12990;42401356;41149250;25437682;316035;27642735
FR;1;2022-03-31;1228;2478;10893;22152;10377;42402584;41151728;25448575;338187;27653112
FR;1;2022-04-01;1520;3314;14602;27972;13532;42404104;41155042;25463177;366159;27666644
FR;1;2022-04-02;805;1769;7712;9103;7452;42404909;41156811;25470889;375262;27674096
FR;1;2022-04-03;162;342;1367;1032;1372;42405071;41157153;25472256;376294;27675468
FR;1;2022-04-04;942;1859;8809;16755;8182;42406013;41159012;25481065;393049;27683650
FR;1;2022-04-05;1168;2279;11660;29704;10642;42407181;41161291;25492725;422753;27694292
FR;1;2022-04-06;1226;2473;10747;22192;10170;42408407;41163764;25503472;444945;27704462
FR;1;2022-04-07;1005;2234;10720;27669;10193;42409412;41165998;25514192;472614;27714655
FR;2;2020-12-27;0;0;0;0;0;0;0;0;0;0
FR;2;2020-12-28;0;0;0;0;0;0;0;0;0;0
FR;2;2020-12-29;0;0;0;0;0;0;0;0;0;0
FR;2;2020-12-30;0;0;0;0;0;0;0;0;0;0
FR;2;2020-12-31;0;0;0;0;0;0;0;0;0;0
FR;2;2021-01-01;0;0;0;0;0;0;0;0;0;0
FR;2;2021-01-02;0;0;0;0;0;0;0;0;0;0
FR;2;2021-01-03;0;0;0;0;0;0;0;0;0;0
FR;2;2021-01-04;0;0;0;0;0;0;0;0;0;0
FR;2;2021-01-05;0;0;0;0;0;0;0;0;0;0
FR;2;2021-01-06;0;0;0;0;0;0;0;0;0;0
FR;2;2021-01-07;0;0;0;0;0;0;0;0;0;0
FR;2;2021-01-08;0;0;0;0;0;0;0;0;0;0
FR;2;2021-01-09;0;0;0;0;0;0;0;0;0;0
FR;2;2021-01-10;0;0;0;0;0;0;0;0;0;0
FR;2;2021-01-11;0;0;0;0;0;0;0;0;0;0
FR;2;2021-01-12;0;0;0;0;0;0;0;0;0;0
FR;2;2021-01-13;0;0;0;0;0;0;0;0;0;0
FR;2;2021-01-14;1701;0;0;0;0;1701;0;0;0;0
FR;2;2021-01-15;390;0;0;0;0;2091;0;0;0;0
FR;2;2021-01-16;312;0;0;0;0;2403;0;0;0;0
FR;2;2021-01-17;80;0;0;0;0;2483;0;0;0;0
FR;2;2021-01-18;3072;0;0;0;0;5555;0;0;0;0
FR;2;2021-01-19;4674;0;0;0;0;10229;0;0;0;0
FR;2;2021-01-20;5133;3;0;0;0;15362;3;0;0;0
FR;2;2021-01-21;5332;4;0;0;0;20694;7;0;0;0
FR;2;2021-01-22;5115;1;0;0;0;25809;8;0;0;0
FR;2;2021-01-23;1863;0;0;0;0;27672;8;0;0;0
FR;2;2021-01-24;160;1;0;0;0;27832;9;0;0;0
FR;2;2021-01-25;3810;3;0;0;0;31642;12;0;0;0
FR;2;2021-01-26;3914;0;0;0;0;35556;12;0;0;0
FR;2;2021-01-27;3595;1;0;0;0;39151;13;0;0;0
FR;2;2021-01-28;3743;4;0;0;0;42894;17;0;0;0
FR;2;2021-01-29;3287;2;0;0;0;46181;19;0;0;0
FR;2;2021-01-30;1129;1;0;0;0;47310;20;0;0;0
FR;2;2021-01-31;45;1;0;0;0;47355;21;0;0;0
FR;2;2021-02-01;3399;2;0;0;0;50754;23;0;0;0
FR;2;2021-02-02;4485;9;0;0;0;55239;32;0;0;0
FR;2;2021-02-03;5216;5;0;0;0;60455;37;0;0;0
FR;2;2021-02-04;4927;7;0;0;0;65382;44;0;0;0
FR;2;2021-02-05;4809;13;0;0;0;70191;57;0;0;0
FR;2;2021-02-06;2037;9;0;0;0;72228;66;0;0;0
FR;2;2021-02-07;97;4;0;0;0;72325;70;0;0;0
FR;2;2021-02-08;7548;16;0;0;0;79873;86;0;0;0
FR;2;2021-02-09;8419;25;0;0;0;88292;111;0;0;0
FR;2;2021-02-10;9336;57;0;0;0;97628;168;0;0;0
FR;2;2021-02-11;10271;82;0;0;0;107899;250;0;0;0
FR;2;2021-02-12;10048;251;0;0;0;117947;501;0;0;0
FR;2;2021-02-13;3117;227;0;0;0;121064;728;0;0;0
FR;2;2021-02-14;350;2;0;0;0;121414;730;0;0;0
FR;2;2021-02-15;3453;3081;0;0;0;124867;3811;0;0;0
FR;2;2021-02-16;5064;3948;0;0;0;129931;7759;0;0;0
FR;2;2021-02-17;4249;4432;0;0;0;134180;12191;0;0;0
FR;2;2021-02-18;5399;5104;0;0;0;139579;17295;0;0;0
FR;2;2021-02-19;5323;4360;0;0;0;144902;21655;0;0;0
FR;2;2021-02-20;1864;1506;0;0;0;146766;23161;0;0;0
FR;2;2021-02-21;239;86;0;0;0;147005;23247;0;0;0
FR;2;2021-02-22;3610;3725;0;0;0;150615;26972;0;0;0
FR;2;2021-02-23;4951;3689;0;0;0;155566;30661;0;0;0
FR;2;2021-02-24;5007;3468;0;0;0;160573;34129;0;0;0
FR;2;2021-02-25;5480;3445;0;0;0;166053;37574;0;0;0
FR;2;2021-02-26;4355;3138;0;0;0;170408;40712;0;0;0
FR;2;2021-02-27;1623;1045;0;0;0;172031;41757;0;0;0
FR;2;2021-02-28;176;31;0;0;0;172207;41788;0;0;0
FR;2;2021-03-01;5173;3742;0;0;0;177380;45530;0;0;0
FR;2;2021-03-02;6526;4719;0;0;0;183906;50249;0;0;0
FR;2;2021-03-03;6531;4897;0;0;0;190437;55146;0;0;0
FR;2;2021-03-04;8393;3992;0;0;0;198830;59138;0;0;0
FR;2;2021-03-05;8023;4064;0;0;0;206853;63202;0;0;0
FR;2;2021-03-06;4782;1682;0;0;0;211635;64884;0;0;0
FR;2;2021-03-07;2371;30;0;0;0;214006;64914;0;0;0
FR;2;2021-03-08;4163;8317;0;0;0;218169;73231;0;0;0
FR;2;2021-03-09;7482;8456;1;0;0;225651;81687;1;0;0
FR;2;2021-03-10;7093;9110;0;0;0;232744;90797;1;0;0
FR;2;2021-03-11;9371;9196;1;0;0;242115;99993;2;0;0
FR;2;2021-03-12;7969;8188;0;0;0;250084;108181;2;0;0
FR;2;2021-03-13;10046;2529;0;0;0;260130;110710;2;0;0
FR;2;2021-03-14;4838;401;0;0;0;264968;111111;2;0;0
FR;2;2021-03-15;10904;3515;0;0;0;275872;114626;2;0;0
FR;2;2021-03-16;16753;4638;1;0;0;292625;119264;3;0;0
FR;2;2021-03-17;20218;3959;0;0;0;312843;123223;3;0;0
FR;2;2021-03-18;23361;4923;0;0;0;336204;128146;3;0;0
FR;2;2021-03-19;23295;4542;0;0;0;359499;132688;3;0;0
FR;2;2021-03-20;25439;1543;0;0;0;384938;134231;3;0;0
FR;2;2021-03-21;17668;145;0;0;0;402606;134376;3;0;0
FR;2;2021-03-22;17781;3102;0;0;0;420387;137478;3;0;0
FR;2;2021-03-23;22682;4198;0;0;0;443069;141676;3;0;0
FR;2;2021-03-24;23953;4993;0;0;0;467022;146669;3;0;0
FR;2;2021-03-25;26733;5044;1;0;0;493755;151713;4;0;0
FR;2;2021-03-26;26973;4228;0;0;0;520728;155941;4;0;0
FR;2;2021-03-27;15914;1326;0;0;0;536642;157267;4;0;0
FR;2;2021-03-28;10560;111;0;0;0;547202;157378;4;0;0
FR;2;2021-03-29;18980;4277;0;0;0;566182;161655;4;0;0
FR;2;2021-03-30;24571;6017;0;0;0;590753;167672;4;0;0
FR;2;2021-03-31;28549;5939;0;0;0;619302;173611;4;0;0
FR;2;2021-04-01;34542;8489;1;0;0;653844;182100;5;0;0
FR;2;2021-04-02;29974;7664;0;0;0;683818;189764;5;0;0
FR;2;2021-04-03;16952;3629;0;0;0;700770;193393;5;0;0
FR;2;2021-04-04;9304;944;2;0;0;710074;194337;7;0;0
FR;2;2021-04-05;12437;809;0;0;0;722511;195146;7;0;0
FR;2;2021-04-06;27137;6952;0;0;0;749648;202098;7;0;0
FR;2;2021-04-07;30923;7166;1;0;0;780571;209264;8;0;0
FR;2;2021-04-08;36877;8784;1;0;0;817448;218048;9;0;0
FR;2;2021-04-09;33823;8579;28;0;0;851271;226627;37;0;0
FR;2;2021-04-10;19677;8990;1;0;0;870948;235617;38;0;0
FR;2;2021-04-11;7940;4259;1;0;0;878888;239876;39;0;0
FR;2;2021-04-12;17119;11202;0;0;0;896007;251078;39;0;0
FR;2;2021-04-13;19445;16321;1;0;0;915452;267399;40;0;0
FR;2;2021-04-14;18056;16269;7;0;0;933508;283668;47;0;0
FR;2;2021-04-15;22183;20768;26;0;0;955691;304436;73;0;0
FR;2;2021-04-16;20704;20058;45;0;0;976395;324494;118;0;0
FR;2;2021-04-17;13250;22442;5;0;0;989645;346936;123;0;0
FR;2;2021-04-18;5907;14389;6;0;0;995552;361325;129;0;0
FR;2;2021-04-19;16826;16248;24;0;0;1012378;377573;153;0;0
FR;2;2021-04-20;19313;21554;38;0;0;1031691;399127;191;0;0
FR;2;2021-04-21;20281;21663;76;0;0;1051972;420790;267;0;0
FR;2;2021-04-22;23804;24845;41;0;0;1075776;445635;308;0;0
FR;2;2021-04-23;24509;25341;76;0;0;1100285;470976;384;0;0
FR;2;2021-04-24;25299;15082;102;0;0;1125584;486058;486;0;0
FR;2;2021-04-25;9592;8592;5;0;0;1135176;494650;491;0;0
FR;2;2021-04-26;17154;17205;21;0;0;1152330;511855;512;0;0
FR;2;2021-04-27;19238;24275;40;0;0;1171568;536130;552;0;0
FR;2;2021-04-28;22331;26184;112;0;0;1193899;562314;664;0;0
FR;2;2021-04-29;25462;30129;69;0;0;1219361;592443;733;0;0
FR;2;2021-04-30;25529;27744;49;1;0;1244890;620187;782;1;0
FR;2;2021-05-01;14980;9871;6;0;0;1259870;630058;788;1;0
FR;2;2021-05-02;6634;9174;2;0;0;1266504;639232;790;1;0
FR;2;2021-05-03;20012;19287;40;0;0;1286516;658519;830;1;0
FR;2;2021-05-04;18280;29028;33;0;0;1304796;687547;863;1;0
FR;2;2021-05-05;18358;29372;48;0;0;1323154;716919;911;1;0
FR;2;2021-05-06;23536;35231;131;0;0;1346690;752150;1042;1;0
FR;2;2021-05-07;25320;33201;97;0;0;1372010;785351;1139;1;0
FR;2;2021-05-08;21333;9714;14;0;0;1393343;795065;1153;1;0
FR;2;2021-05-09;13161;7876;7;0;0;1406504;802941;1160;1;0
FR;2;2021-05-10;32935;22179;48;0;0;1439439;825120;1208;1;0
FR;2;2021-05-11;43591;21051;101;0;0;1483030;846171;1309;1;0
FR;2;2021-05-12;50034;19876;143;0;0;1533064;866047;1452;1;0
FR;2;2021-05-13;51286;5765;31;0;0;1584350;871812;1483;1;0
FR;2;2021-05-14;61337;12920;132;0;0;1645687;884732;1615;1;0
FR;2;2021-05-15;65918;7137;39;0;0;1711605;891869;1654;1;0
FR;2;2021-05-16;43578;2568;10;0;0;1755183;894437;1664;1;0
FR;2;2021-05-17;44740;12562;113;0;0;1799923;906999;1777;1;0
FR;2;2021-05-18;54632;12237;191;0;0;1854555;919236;1968;1;0
FR;2;2021-05-19;57159;10603;281;0;0;1911714;929839;2249;1;0
FR;2;2021-05-20;63428;10842;286;0;0;1975142;940681;2535;1;0
FR;2;2021-05-21;64282;11651;230;0;0;2039424;952332;2765;1;0
FR;2;2021-05-22;61475;4504;65;0;0;2100899;956836;2830;1;0
FR;2;2021-05-23;37529;569;22;0;0;2138428;957405;2852;1;0
FR;2;2021-05-24;17232;2032;33;0;0;2155660;959437;2885;1;0
FR;2;2021-05-25;21101;12231;239;0;0;2176761;971668;3124;1;0
FR;2;2021-05-26;19929;11444;229;0;0;2196690;983112;3353;1;0
FR;2;2021-05-27;22989;12659;181;0;0;2219679;995771;3534;1;0
FR;2;2021-05-28;29385;14953;190;0;0;2249064;1010724;3724;1;0
FR;2;2021-05-29;30413;8177;57;0;0;2279477;1018901;3781;1;0
FR;2;2021-05-30;4646;1813;6;0;0;2284123;1020714;3787;1;0
FR;2;2021-05-31;28583;18716;183;0;0;2312706;1039430;3970;1;0
FR;2;2021-06-01;45709;20022;221;0;0;2358415;1059452;4191;1;0
FR;2;2021-06-02;37459;19297;181;0;0;2395874;1078749;4372;1;0
FR;2;2021-06-03;51263;23350;161;0;0;2447137;1102099;4533;1;0
FR;2;2021-06-04;65507;24047;215;0;0;2512644;1126146;4748;1;0
FR;2;2021-06-05;34597;24024;51;0;0;2547241;1150170;4799;1;0
FR;2;2021-06-06;4947;6199;10;0;0;2552188;1156369;4809;1;0
FR;2;2021-06-07;28160;23056;146;0;0;2580348;1179425;4955;1;0
FR;2;2021-06-08;46369;22926;143;0;0;2626717;1202351;5098;1;0
FR;2;2021-06-09;34280;20918;107;0;0;2660997;1223269;5205;1;0
FR;2;2021-06-10;42631;19136;95;1;0;2703628;1242405;5300;2;0
FR;2;2021-06-11;55279;25226;134;0;0;2758907;1267631;5434;2;0
FR;2;2021-06-12;30557;19778;53;0;0;2789464;1287409;5487;2;0
FR;2;2021-06-13;3327;9183;13;0;0;2792791;1296592;5500;2;0
FR;2;2021-06-14;25294;24163;92;0;0;2818085;1320755;5592;2;0
FR;2;2021-06-15;39025;22851;154;0;0;2857110;1343606;5746;2;0
FR;2;2021-06-16;30155;21454;134;0;0;2887265;1365060;5880;2;0
FR;2;2021-06-17;36899;25870;150;0;0;2924164;1390930;6030;2;0
FR;2;2021-06-18;46841;28795;122;0;0;2971005;1419725;6152;2;0
FR;2;2021-06-19;24523;24894;39;0;0;2995528;1444619;6191;2;0
FR;2;2021-06-20;3738;10062;10;0;0;2999266;1454681;6201;2;0
FR;2;2021-06-21;17520;42836;87;0;0;3016786;1497517;6288;2;0
FR;2;2021-06-22;28353;49542;110;0;0;3045139;1547059;6398;2;0
FR;2;2021-06-23;21784;49563;106;1;1;3066923;1596622;6504;3;1
FR;2;2021-06-24;28372;50289;133;0;0;3095295;1646911;6637;3;1
FR;2;2021-06-25;33393;60378;127;0;0;3128688;1707289;6764;3;1
FR;2;2021-06-26;16368;59239;54;1;0;3145056;1766528;6818;4;1
FR;2;2021-06-27;2564;29323;22;1;0;3147620;1795851;6840;5;1
FR;2;2021-06-28;12633;54337;80;0;0;3160253;1850188;6920;5;1
FR;2;2021-06-29;19837;59880;178;0;0;3180090;1910068;7098;5;1
FR;2;2021-06-30;16315;57847;251;17;0;3196405;1967915;7349;22;1
FR;2;2021-07-01;20472;59886;227;0;0;3216877;2027801;7576;22;1
FR;2;2021-07-02;24067;62121;183;0;0;3240944;2089922;7759;22;1
FR;2;2021-07-03;12106;57079;153;0;0;3253050;2147001;7912;22;1
FR;2;2021-07-04;1958;23310;18;0;0;3255008;2170311;7930;22;1
FR;2;2021-07-05;9168;29360;106;0;0;3264176;2199671;8036;22;1
FR;2;2021-07-06;14572;36196;134;0;0;3278748;2235867;8170;22;1
FR;2;2021-07-07;14398;33663;138;0;0;3293146;2269530;8308;22;1
FR;2;2021-07-08;19709;40293;162;0;0;3312855;2309823;8470;22;1
FR;2;2021-07-09;27088;54258;202;1;0;3339943;2364081;8672;23;1
FR;2;2021-07-10;13380;33660;107;0;0;3353323;2397741;8779;23;1
FR;2;2021-07-11;1801;4337;16;0;0;3355124;2402078;8795;23;1
FR;2;2021-07-12;12959;37268;118;0;0;3368083;2439346;8913;23;1
FR;2;2021-07-13;37107;53228;150;0;0;3405190;2492574;9063;23;1
FR;2;2021-07-14;6602;3570;15;0;0;3411792;2496144;9078;23;1
FR;2;2021-07-15;47220;47025;156;0;0;3459012;2543169;9234;23;1
FR;2;2021-07-16;64301;55818;187;0;0;3523313;2598987;9421;23;1
FR;2;2021-07-17;31591;23931;96;0;0;3554904;2622918;9517;23;1
FR;2;2021-07-18;6086;4894;19;0;0;3560990;2627812;9536;23;1
FR;2;2021-07-19;32983;28682;93;0;0;3593973;2656494;9629;23;1
FR;2;2021-07-20;51983;44560;155;0;0;3645956;2701054;9784;23;1
FR;2;2021-07-21;45242;34782;93;0;0;3691198;2735836;9877;23;1
FR;2;2021-07-22;56269;41114;128;1;0;3747467;2776950;10005;24;1
FR;2;2021-07-23;68272;49090;170;0;0;3815739;2826040;10175;24;1
FR;2;2021-07-24;36162;21574;82;0;0;3851901;2847614;10257;24;1
FR;2;2021-07-25;6736;2657;10;0;0;3858637;2850271;10267;24;1
FR;2;2021-07-26;36289;22465;91;1;0;3894926;2872736;10358;25;1
FR;2;2021-07-27;62344;34622;180;0;0;3957270;2907358;10538;25;1
FR;2;2021-07-28;55279;26460;133;0;0;4012549;2933818;10671;25;1
FR;2;2021-07-29;68435;32777;189;0;0;4080984;2966595;10860;25;1
FR;2;2021-07-30;74420;37777;222;1;1;4155404;3004372;11082;26;2
FR;2;2021-07-31;34746;16176;104;0;0;4190150;3020548;11186;26;2
FR;2;2021-08-01;5394;2292;19;0;0;4195544;3022840;11205;26;2
FR;2;2021-08-02;35849;16207;101;0;0;4231393;3039047;11306;26;2
FR;2;2021-08-03;55951;28287;142;0;0;4287344;3067334;11448;26;2
FR;2;2021-08-04;46616;20861;128;0;0;4333960;3088195;11576;26;2
FR;2;2021-08-05;54602;31581;215;0;0;4388562;3119776;11791;26;2
FR;2;2021-08-06;58067;42385;242;1;0;4446629;3162161;12033;27;2
FR;2;2021-08-07;25130;17599;89;0;0;4471759;3179760;12122;27;2
FR;2;2021-08-08;3831;3669;21;0;0;4475590;3183429;12143;27;2
FR;2;2021-08-09;29283;21134;91;0;0;4504873;3204563;12234;27;2
FR;2;2021-08-10;44979;33508;154;0;0;4549852;3238071;12388;27;2
FR;2;2021-08-11;35260;25164;150;0;0;4585112;3263235;12538;27;2
FR;2;2021-08-12;41882;35732;162;0;0;4626994;3298967;12700;27;2
FR;2;2021-08-13;42579;37016;218;0;0;4669573;3335983;12918;27;2
FR;2;2021-08-14;18502;22264;93;0;0;4688075;3358247;13011;27;2
FR;2;2021-08-15;3794;3815;17;0;0;4691869;3362062;13028;27;2
FR;2;2021-08-16;25070;27219;110;0;0;4716939;3389281;13138;27;2
FR;2;2021-08-17;38246;43482;205;2;0;4755185;3432763;13343;29;2
FR;2;2021-08-18;32244;36386;194;1;1;4787429;3469149;13537;30;3
FR;2;2021-08-19;37423;46598;224;0;0;4824852;3515747;13761;30;3
FR;2;2021-08-20;40551;55583;269;1;0;4865403;3571330;14030;31;3
FR;2;2021-08-21;18114;24302;113;0;0;4883517;3595632;14143;31;3
FR;2;2021-08-22;2901;4326;22;1;1;4886418;3599958;14165;32;4
FR;2;2021-08-23;19239;35151;131;1;1;4905657;3635109;14296;33;5
FR;2;2021-08-24;31935;56023;235;0;0;4937592;3691132;14531;33;5
FR;2;2021-08-25;25925;43422;250;0;0;4963517;3734554;14781;33;5
FR;2;2021-08-26;32339;55779;387;0;0;4995856;3790333;15168;33;5
FR;2;2021-08-27;36992;65564;478;3;1;5032848;3855897;15646;36;6
FR;2;2021-08-28;17809;28459;300;0;0;5050657;3884356;15946;36;6
FR;2;2021-08-29;2653;5036;47;0;0;5053310;3889392;15993;36;6
FR;2;2021-08-30;18407;37746;399;0;761;5071717;3927138;16392;36;767
FR;2;2021-08-31;28073;57505;882;4;1535;5099790;3984643;17274;40;2302
FR;2;2021-09-01;21585;39821;1305;0;2084;5121375;4024464;18579;40;4386
FR;2;2021-09-02;25474;48593;1957;2;3273;5146849;4073057;20536;42;7659
FR;2;2021-09-03;33403;64468;2986;3;4815;5180252;4137525;23522;45;12474
FR;2;2021-09-04;16822;27677;1441;1;2343;5197074;4165202;24963;46;14817
FR;2;2021-09-05;2258;3618;263;0;412;5199332;4168820;25226;46;15229
FR;2;2021-09-06;14031;28734;1768;1;2928;5213363;4197554;26994;47;18157
FR;2;2021-09-07;21098;41051;3019;13;4843;5234461;4238605;30013;60;23000
FR;2;2021-09-08;17236;31911;2730;6;4445;5251697;4270516;32743;66;27445
FR;2;2021-09-09;20970;40438;4427;3;6724;5272667;4310954;37170;69;34169
FR;2;2021-09-10;28190;51099;5278;4;8779;5300857;4362053;42448;73;42948
FR;2;2021-09-11;13649;22340;2402;5;3920;5314506;4384393;44850;78;46868
FR;2;2021-09-12;1822;2795;282;0;502;5316328;4387188;45132;78;47370
FR;2;2021-09-13;11656;21451;2465;4;3995;5327984;4408639;47597;82;51365
FR;2;2021-09-14;18564;32762;5080;13;9001;5346548;4441401;52677;95;60366
FR;2;2021-09-15;14908;28283;5163;3;7779;5361456;4469684;57840;98;68145
FR;2;2021-09-16;16064;32755;6731;14;10516;5377520;4502439;64571;112;78661
FR;2;2021-09-17;20908;47070;8775;10;14566;5398428;4549509;73346;122;93227
FR;2;2021-09-18;9852;20915;3801;6;6021;5408280;4570424;77147;128;99248
FR;2;2021-09-19;1164;2657;395;0;650;5409444;4573081;77542;128;99898
FR;2;2021-09-20;7487;18802;3850;7;6148;5416931;4591883;81392;135;106046
FR;2;2021-09-21;11200;30012;6492;5;10736;5428131;4621895;87884;140;116782
FR;2;2021-09-22;9405;23551;5489;7;8512;5437536;4645446;93373;147;125294
FR;2;2021-09-23;10720;28869;7876;9;12630;5448256;4674315;101249;156;137924
FR;2;2021-09-24;15062;42832;10868;18;17156;5463318;4717147;112117;174;155080
FR;2;2021-09-25;7257;18705;3959;10;6074;5470575;4735852;116076;184;161154
FR;2;2021-09-26;1078;2564;494;0;638;5471653;4738416;116570;184;161792
FR;2;2021-09-27;6308;16448;4285;7;6550;5477961;4754864;120855;191;168342
FR;2;2021-09-28;9239;25538;7758;13;12051;5487200;4780402;128613;204;180393
FR;2;2021-09-29;8078;20208;6066;25;9253;5495278;4800610;134679;229;189646
FR;2;2021-09-30;9862;25778;9496;16;14070;5505140;4826388;144175;245;203716
FR;2;2021-10-01;13962;35616;12907;25;19214;5519102;4862004;157082;270;222930
FR;2;2021-10-02;6870;15863;4842;6;6993;5525972;4877867;161924;276;229923
FR;2;2021-10-03;841;1962;491;1;520;5526813;4879829;162415;277;230443
FR;2;2021-10-04;5816;13920;5513;5;7855;5532629;4893749;167928;282;238298
FR;2;2021-10-05;9048;22542;11119;19;15707;5541677;4916291;179047;301;254005
FR;2;2021-10-06;7776;17739;8236;11;11062;5549453;4934030;187283;312;265067
FR;2;2021-10-07;9192;22178;12371;15;16817;5558645;4956208;199654;327;281884
FR;2;2021-10-08;13420;32032;17344;27;23514;5572065;4988240;216998;354;305398
FR;2;2021-10-09;5996;12817;6039;6;7872;5578061;5001057;223037;360;313270
FR;2;2021-10-10;881;1638;435;2;629;5578942;5002695;223472;362;313899
FR;2;2021-10-11;5601;11612;6454;17;8836;5584543;5014307;229926;379;322735
FR;2;2021-10-12;8032;17750;12532;13;16722;5592575;5032057;242458;392;339457
FR;2;2021-10-13;6937;14855;10245;11;13603;5599512;5046912;252703;403;353060
FR;2;2021-10-14;8312;17928;14984;13;19440;5607824;5064840;267687;416;372500
FR;2;2021-10-15;11843;26255;20894;26;27925;5619667;5091095;288581;442;400425
FR;2;2021-10-16;5136;8732;1815;0;3205;5624803;5099827;290396;442;403630
FR;2;2021-10-17;650;1199;183;0;377;5625453;5101026;290579;442;404007
FR;2;2021-10-18;4556;7434;660;2;1678;5630009;5108460;291239;444;405685
FR;2;2021-10-19;6236;9906;728;5;2065;5636245;5118366;291967;449;407750
FR;2;2021-10-20;5159;8116;756;3;1686;5641404;5126482;292723;452;409436
FR;2;2021-10-21;6086;9971;777;5;2093;5647490;5136453;293500;457;411529
FR;2;2021-10-22;8442;14547;1141;4;2859;5655932;5151000;294641;461;414388
FR;2;2021-10-23;3840;5995;580;0;1235;5659772;5156995;295221;461;415623
FR;2;2021-10-24;493;880;99;0;198;5660265;5157875;295320;461;415821
FR;2;2021-10-25;3357;5387;298;1;829;5663622;5163262;295618;462;416650
FR;2;2021-10-26;4172;7245;1118;4;1996;5667794;5170507;296736;466;418646
FR;2;2021-10-27;3671;6633;1192;5;2000;5671465;5177140;297928;471;420646
FR;2;2021-10-28;4594;7693;1724;3;2735;5676059;5184833;299652;474;423381
FR;2;2021-10-29;5406;11073;2428;4;3662;5681465;5195906;302080;478;427043
FR;2;2021-10-30;2748;4433;971;1;1426;5684213;5200339;303051;479;428469
FR;2;2021-10-31;363;550;138;1;187;5684576;5200889;303189;480;428656
FR;2;2021-11-01;412;554;172;0;263;5684988;5201443;303361;480;428919
FR;2;2021-11-02;3285;6769;1179;0;1759;5688273;5208212;304540;480;430678
FR;2;2021-11-03;3334;6252;1381;2;1965;5691607;5214464;305921;482;432643
FR;2;2021-11-04;3984;7107;1756;4;2487;5695591;5221571;307677;486;435130
FR;2;2021-11-05;5221;10498;2863;5;3940;5700812;5232069;310540;491;439070
FR;2;2021-11-06;2589;4657;1396;0;1803;5703401;5236726;311936;491;440873
FR;2;2021-11-07;507;869;215;0;288;5703908;5237595;312151;491;441161
FR;2;2021-11-08;2576;5381;1199;3;1682;5706484;5242976;313350;494;442843
FR;2;2021-11-09;2748;6956;2391;6;3173;5709232;5249932;315741;500;446016
FR;2;2021-11-10;2583;5712;5088;6;6258;5711815;5255644;320829;506;452274
FR;2;2021-11-11;432;737;730;2;911;5712247;5256381;321559;508;453185
FR;2;2021-11-12;2947;8110;8958;8;10892;5715194;5264491;330517;516;464077
FR;2;2021-11-13;1529;3364;3864;7;4520;5716723;5267855;334381;523;468597
FR;2;2021-11-14;254;612;345;1;486;5716977;5268467;334726;524;469083
FR;2;2021-11-15;1618;3713;4433;9;5325;5718595;5272180;339159;533;474408
FR;2;2021-11-16;2181;5960;8286;14;10062;5720776;5278140;347445;547;484470
FR;2;2021-11-17;1737;4572;6615;8;7832;5722513;5282712;354060;555;492302
FR;2;2021-11-18;2186;5942;9169;11;10988;5724699;5288654;363229;566;503290
FR;2;2021-11-19;2696;7793;12955;19;15459;5727395;5296447;376184;585;518749
FR;2;2021-11-20;1565;3320;5164;5;6061;5728960;5299767;381348;590;524810
FR;2;2021-11-21;246;523;539;0;666;5729206;5300290;381887;590;525476
FR;2;2021-11-22;1274;2632;4467;5;5399;5730480;5302922;386354;595;530875
FR;2;2021-11-23;1613;4321;8184;9;9888;5732093;5307243;394538;604;540763
FR;2;2021-11-24;1420;3811;7455;14;8711;5733513;5311054;401993;618;549474
FR;2;2021-11-25;1809;4896;11441;21;13638;5735322;5315950;413434;639;563112
FR;2;2021-11-26;2533;7777;22642;31;26058;5737855;5323727;436076;670;589170
FR;2;2021-11-27;1497;4135;12254;18;13990;5739352;5327862;448330;688;603160
FR;2;2021-11-28;291;843;1965;3;2291;5739643;5328705;450295;691;605451
FR;2;2021-11-29;1444;4393;15070;23;17235;5741087;5333098;465365;714;622686
FR;2;2021-11-30;1911;6763;26218;36;29974;5742998;5339861;491583;750;652660
FR;2;2021-12-01;1899;6109;26181;29;29501;5744897;5345970;517764;779;682161
FR;2;2021-12-02;1909;6832;37680;52;41920;5746806;5352802;555444;831;724081
FR;2;2021-12-03;2549;10089;53583;112;59296;5749355;5362891;609027;943;783377
FR;2;2021-12-04;1847;6277;37084;38;40744;5751202;5369168;646111;981;824121
FR;2;2021-12-05;458;2294;14248;14;15993;5751660;5371462;660359;995;840114
FR;2;2021-12-06;2453;9890;77673;109;84729;5754113;5381352;738032;1104;924843
FR;2;2021-12-07;3442;15332;122405;238;133675;5757555;5396684;860437;1342;1058518
FR;2;2021-12-08;3715;16046;133164;330;145356;5761270;5412730;993601;1672;1203874
FR;2;2021-12-09;4541;19598;170133;554;185466;5765811;5432328;1163734;2226;1389340
FR;2;2021-12-10;4667;22804;188597;489;206016;5770478;5455132;1352331;2715;1595356
FR;2;2021-12-11;3682;16614;132417;238;144843;5774160;5471746;1484748;2953;1740199
FR;2;2021-12-12;1257;7146;59071;83;65130;5775417;5478892;1543819;3036;1805329
FR;2;2021-12-13;5523;26845;220639;604;242916;5780940;5505737;1764458;3640;2048245
FR;2;2021-12-14;7015;37509;300700;910;332152;5787955;5543246;2065158;4550;2380397
FR;2;2021-12-15;6556;36225;285154;955;315736;5794511;5579471;2350312;5505;2696133
FR;2;2021-12-16;7764;37933;312086;981;343681;5802275;5617404;2662398;6486;3039814
FR;2;2021-12-17;8682;41212;327815;975;360865;5810957;5658616;2990213;7461;3400679
FR;2;2021-12-18;6516;26567;212311;448;233616;5817473;5685183;3202524;7909;3634295
FR;2;2021-12-19;2602;11500;90196;184;100378;5820075;5696683;3292720;8093;3734673
FR;2;2021-12-20;9549;33606;275130;707;303305;5829624;5730289;3567850;8800;4037978
FR;2;2021-12-21;11553;38297;309574;970;341331;5841177;5768586;3877424;9770;4379309
FR;2;2021-12-22;10453;32871;265066;952;292459;5851630;5801457;4142490;10722;4671768
FR;2;2021-12-23;9428;26708;199439;700;221243;5861058;5828165;4341929;11422;4893011
FR;2;2021-12-24;2780;7504;43841;140;49561;5863838;5835669;4385770;11562;4942572
FR;2;2021-12-25;201;704;2000;10;2500;5864039;5836373;4387770;11572;4945072
FR;2;2021-12-26;1322;4217;25143;71;28680;5865361;5840590;4412913;11643;4973752
FR;2;2021-12-27;8076;29922;218372;660;243285;5873437;5870512;4631285;12303;5217037
FR;2;2021-12-28;9841;36344;272057;741;301946;5883278;5906856;4903342;13044;5518983
FR;2;2021-12-29;9493;32292;246091;766;272666;5892771;5939148;5149433;13810;5791649
FR;2;2021-12-30;9450;28137;208798;662;231463;5902221;5967285;5358231;14472;6023112
FR;2;2021-12-31;3009;8394;54973;177;61240;5905230;5975679;5413204;14649;6084352
FR;2;2022-01-01;227;689;2849;7;3338;5905457;5976368;5416053;14656;6087690
FR;2;2022-01-02;1505;4851;29505;74;33393;5906962;5981219;5445558;14730;6121083
FR;2;2022-01-03;9577;35351;266493;807;293850;5916539;6016570;5712051;15537;6414933
FR;2;2022-01-04;12839;45350;342049;1067;376925;5929378;6061920;6054100;16604;6791858
FR;2;2022-01-05;11271;38662;294121;884;323791;5940649;6100582;6348221;17488;7115649
FR;2;2022-01-06;13651;43469;331906;1296;364673;5954300;6144051;6680127;18784;7480322
FR;2;2022-01-07;14222;47611;361061;1268;396372;5968522;6191662;7041188;20052;7876694
FR;2;2022-01-08;7946;28141;201244;514;221664;5976468;6219803;7242432;20566;8098358
FR;2;2022-01-09;2748;9028;62513;137;69534;5979216;6228831;7304945;20703;8167892
FR;2;2022-01-10;10085;31916;232431;857;255033;5989301;6260747;7537376;21560;8422925
FR;2;2022-01-11;11463;36259;265857;1030;290555;6000764;6297006;7803233;22590;8713480
FR;2;2022-01-12;8758;29842;206284;861;226162;6009522;6326848;8009517;23451;8939642
FR;2;2022-01-13;9384;31336;224450;830;244794;6018906;6358184;8233967;24281;9184436
FR;2;2022-01-14;9739;35678;254500;919;277670;6028645;6393862;8488467;25200;9462106
FR;2;2022-01-15;5355;19445;140760;359;153623;6034000;6413307;8629227;25559;9615729
FR;2;2022-01-16;1513;5535;35862;80;39848;6035513;6418842;8665089;25639;9655577
FR;2;2022-01-17;5545;19309;135378;601;147246;6041058;6438151;8800467;26240;9802823
FR;2;2022-01-18;6415;21541;148597;648;160474;6047473;6459692;8949064;26888;9963297
FR;2;2022-01-19;4386;16374;105072;552;113682;6051859;6476066;9054136;27440;10076979
FR;2;2022-01-20;4865;17587;115265;601;123663;6056724;6493653;9169401;28041;10200642
FR;2;2022-01-21;5191;20059;137317;677;147733;6061915;6513712;9306718;28718;10348375
FR;2;2022-01-22;3026;10972;74249;259;80326;6064941;6524684;9380967;28977;10428701
FR;2;2022-01-23;722;2738;15233;41;16840;6065663;6527422;9396200;29018;10445541
FR;2;2022-01-24;3290;12838;75053;430;81011;6068953;6540260;9471253;29448;10526552
FR;2;2022-01-25;3573;14435;79604;495;85444;6072526;6554695;9550857;29943;10611996
FR;2;2022-01-26;2514;10655;58953;363;62984;6075040;6565350;9609810;30306;10674980
FR;2;2022-01-27;2683;11215;64155;388;67888;6077723;6576565;9673965;30694;10742868
FR;2;2022-01-28;3541;18438;91703;430;98963;6081264;6595003;9765668;31124;10841831
FR;2;2022-01-29;1890;9263;48833;164;52918;6083154;6604266;9814501;31288;10894749
FR;2;2022-01-30;466;2252;9453;37;10611;6083620;6606518;9823954;31325;10905360
FR;2;2022-01-31;1886;9611;43810;208;47341;6085506;6616129;9867764;31533;10952701
FR;2;2022-02-01;1907;10049;47016;278;50101;6087413;6626178;9914780;31811;11002802
FR;2;2022-02-02;1602;9037;41096;251;44169;6089015;6635215;9955876;32062;11046971
FR;2;2022-02-03;1715;8937;40505;204;42907;6090730;6644152;9996381;32266;11089878
FR;2;2022-02-04;2152;15224;66614;297;71337;6092882;6659376;10062995;32563;11161215
FR;2;2022-02-05;1362;8543;35930;131;39228;6094244;6667919;10098925;32694;11200443
FR;2;2022-02-06;274;1783;6122;16;6897;6094518;6669702;10105047;32710;11207340
FR;2;2022-02-07;1347;9612;37740;133;41300;6095865;6679314;10142787;32843;11248640
FR;2;2022-02-08;1296;9803;40924;173;43703;6097161;6689117;10183711;33016;11292343
FR;2;2022-02-09;1160;8805;37029;172;40446;6098321;6697922;10220740;33188;11332789
FR;2;2022-02-10;1015;7971;33826;203;36493;6099336;6705893;10254566;33391;11369282
FR;2;2022-02-11;1390;12074;53332;222;57676;6100726;6717967;10307898;33613;11426958
FR;2;2022-02-12;750;6523;27982;83;30799;6101476;6724490;10335880;33696;11457757
FR;2;2022-02-13;198;1334;4832;20;5572;6101674;6725824;10340712;33716;11463329
FR;2;2022-02-14;834;6722;30256;89;33220;6102508;6732546;10370968;33805;11496549
FR;2;2022-02-15;772;6444;28039;141;29978;6103280;6738990;10399007;33946;11526527
FR;2;2022-02-16;654;5336;22031;123;23589;6103934;6744326;10421038;34069;11550116
FR;2;2022-02-17;512;3766;14139;98;14602;6104446;6748092;10435177;34167;11564718
FR;2;2022-02-18;721;5356;20425;133;21119;6105167;6753448;10455602;34300;11585837
FR;2;2022-02-19;427;3044;10526;66;11239;6105594;6756492;10466128;34366;11597076
FR;2;2022-02-20;101;510;1455;3;1602;6105695;6757002;10467583;34369;11598678
FR;2;2022-02-21;416;2679;9110;65;9485;6106111;6759681;10476693;34434;11608163
FR;2;2022-02-22;390;2560;8886;75;8787;6106501;6762241;10485579;34509;11616950
FR;2;2022-02-23;431;2594;8979;82;9258;6106932;6764835;10494558;34591;11626208
FR;2;2022-02-24;312;2025;6794;81;6820;6107244;6766860;10501352;34672;11633028
FR;2;2022-02-25;455;3189;11406;108;11269;6107699;6770049;10512758;34780;11644297
FR;2;2022-02-26;291;1888;6032;49;6337;6107990;6771937;10518790;34829;11650634
FR;2;2022-02-27;75;311;903;5;945;6108065;6772248;10519693;34834;11651579
FR;2;2022-02-28;328;1673;5511;50;5516;6108393;6773921;10525204;34884;11657095
FR;2;2022-03-01;270;1550;5465;44;5182;6108663;6775471;10530669;34928;11662277
FR;2;2022-03-02;296;1428;5234;43;5075;6108959;6776899;10535903;34971;11667352
FR;2;2022-03-03;223;1097;3695;40;3471;6109182;6777996;10539598;35011;11670823
FR;2;2022-03-04;231;1455;4845;73;4490;6109413;6779451;10544443;35084;11675313
FR;2;2022-03-05;167;898;2970;32;2709;6109580;6780349;10547413;35116;11678022
FR;2;2022-03-06;37;178;269;5;310;6109617;6780527;10547682;35121;11678332
FR;2;2022-03-07;152;650;1979;68;1770;6109769;6781177;10549661;35189;11680102
FR;2;2022-03-08;142;649;2261;49;1894;6109911;6781826;10551922;35238;11681996
FR;2;2022-03-09;149;692;2331;36;2031;6110060;6782518;10554253;35274;11684027
FR;2;2022-03-10;116;586;1668;34;1440;6110176;6783104;10555921;35308;11685467
FR;2;2022-03-11;166;746;2760;57;2358;6110342;6783850;10558681;35365;11687825
FR;2;2022-03-12;140;475;1781;27;1549;6110482;6784325;10560462;35392;11689374
FR;2;2022-03-13;25;73;201;29;202;6110507;6784398;10560663;35421;11689576
FR;2;2022-03-14;119;451;1543;529;1274;6110626;6784849;10562206;35950;11690850
FR;2;2022-03-15;141;410;1693;687;1307;6110767;6785259;10563899;36637;11692157
FR;2;2022-03-16;137;452;1986;1610;1563;6110904;6785711;10565885;38247;11693720
FR;2;2022-03-17;92;408;1400;1190;1139;6110996;6786119;10567285;39437;11694859
FR;2;2022-03-18;138;486;2009;1787;1651;6111134;6786605;10569294;41224;11696510
FR;2;2022-03-19;106;318;1208;938;1012;6111240;6786923;10570502;42162;11697522
FR;2;2022-03-20;12;74;181;58;155;6111252;6786997;10570683;42220;11697677
FR;2;2022-03-21;94;290;1188;1479;1045;6111346;6787287;10571871;43699;11698722
FR;2;2022-03-22;115;378;1513;1826;1275;6111461;6787665;10573384;45525;11699997
FR;2;2022-03-23;136;333;1648;3023;1432;6111597;6787998;10575032;48548;11701429
FR;2;2022-03-24;109;279;1158;1542;967;6111706;6788277;10576190;50090;11702396
FR;2;2022-03-25;114;352;1770;2438;1442;6111820;6788629;10577960;52528;11703838
FR;2;2022-03-26;68;242;1189;1220;936;6111888;6788871;10579149;53748;11704774
FR;2;2022-03-27;18;36;150;98;130;6111906;6788907;10579299;53846;11704904
FR;2;2022-03-28;88;276;1114;1570;972;6111994;6789183;10580413;55416;11705876
FR;2;2022-03-29;102;249;1303;2459;1086;6112096;6789432;10581716;57875;11706962
FR;2;2022-03-30;86;295;1458;3112;1286;6112182;6789727;10583174;60987;11708248
FR;2;2022-03-31;103;265;1225;2238;1028;6112285;6789992;10584399;63225;11709276
FR;2;2022-04-01;110;289;1438;2305;1205;6112395;6790281;10585837;65530;11710481
FR;2;2022-04-02;59;156;818;887;715;6112454;6790437;10586655;66417;11711196
FR;2;2022-04-03;15;48;114;101;126;6112469;6790485;10586769;66518;11711322
FR;2;2022-04-04;100;206;910;1354;717;6112569;6790691;10587679;67872;11712039
FR;2;2022-04-05;132;271;1216;2688;1060;6112701;6790962;10588895;70560;11713099
FR;2;2022-04-06;77;223;1154;2238;987;6112778;6791185;10590049;72798;11714086
FR;2;2022-04-07;105;189;1179;2231;939;6112883;6791374;10591228;75029;11715025
FR;3;2020-12-27;0;0;0;0;0;0;0;0;0;0
FR;3;2020-12-28;0;0;0;0;0;0;0;0;0;0
FR;3;2020-12-29;0;0;0;0;0;0;0;0;0;0
FR;3;2020-12-30;0;0;0;0;0;0;0;0;0;0
FR;3;2020-12-31;0;0;0;0;0;0;0;0;0;0
FR;3;2021-01-01;0;0;0;0;0;0;0;0;0;0
FR;3;2021-01-02;0;0;0;0;0;0;0;0;0;0
FR;3;2021-01-03;0;0;0;0;0;0;0;0;0;0
FR;3;2021-01-04;0;0;0;0;0;0;0;0;0;0
FR;3;2021-01-05;0;0;0;0;0;0;0;0;0;0
FR;3;2021-01-06;0;0;0;0;0;0;0;0;0;0
FR;3;2021-01-07;0;0;0;0;0;0;0;0;0;0
FR;3;2021-01-08;0;0;0;0;0;0;0;0;0;0
FR;3;2021-01-09;0;0;0;0;0;0;0;0;0;0
FR;3;2021-01-10;0;0;0;0;0;0;0;0;0;0
FR;3;2021-01-11;0;0;0;0;0;0;0;0;0;0
FR;3;2021-01-12;0;0;0;0;0;0;0;0;0;0
FR;3;2021-01-13;0;0;0;0;0;0;0;0;0;0
FR;3;2021-01-14;0;0;0;0;0;0;0;0;0;0
FR;3;2021-01-15;0;0;0;0;0;0;0;0;0;0
FR;3;2021-01-16;0;0;0;0;0;0;0;0;0;0
FR;3;2021-01-17;0;0;0;0;0;0;0;0;0;0
FR;3;2021-01-18;0;0;0;0;0;0;0;0;0;0
FR;3;2021-01-19;0;0;0;0;0;0;0;0;0;0
FR;3;2021-01-20;0;0;0;0;0;0;0;0;0;0
FR;3;2021-01-21;0;0;0;0;0;0;0;0;0;0
FR;3;2021-01-22;0;0;0;0;0;0;0;0;0;0
FR;3;2021-01-23;0;0;0;0;0;0;0;0;0;0
FR;3;2021-01-24;0;0;0;0;0;0;0;0;0;0
FR;3;2021-01-25;0;0;0;0;0;0;0;0;0;0
FR;3;2021-01-26;0;0;0;0;0;0;0;0;0;0
FR;3;2021-01-27;0;0;0;0;0;0;0;0;0;0
FR;3;2021-01-28;0;0;0;0;0;0;0;0;0;0
FR;3;2021-01-29;0;0;0;0;0;0;0;0;0;0
FR;3;2021-01-30;0;0;0;0;0;0;0;0;0;0
FR;3;2021-01-31;0;0;0;0;0;0;0;0;0;0
FR;3;2021-02-01;0;0;0;0;0;0;0;0;0;0
FR;3;2021-02-02;0;0;0;0;0;0;0;0;0;0
FR;3;2021-02-03;0;0;0;0;0;0;0;0;0;0
FR;3;2021-02-04;0;0;0;0;0;0;0;0;0;0
FR;3;2021-02-05;0;0;0;0;0;0;0;0;0;0
FR;3;2021-02-06;1700;0;0;0;0;1700;0;0;0;0
FR;3;2021-02-07;1422;0;0;0;0;3122;0;0;0;0
FR;3;2021-02-08;2779;0;0;0;0;5901;0;0;0;0
FR;3;2021-02-09;6780;0;0;0;0;12681;0;0;0;0
FR;3;2021-02-10;9601;0;0;0;0;22282;0;0;0;0
FR;3;2021-02-11;13607;0;0;0;0;35889;0;0;0;0
FR;3;2021-02-12;13393;0;0;0;0;49282;0;0;0;0
FR;3;2021-02-13;3779;0;0;0;0;53061;0;0;0;0
FR;3;2021-02-14;972;0;0;0;0;54033;0;0;0;0
FR;3;2021-02-15;10476;0;0;0;0;64509;0;0;0;0
FR;3;2021-02-16;12541;1;0;0;0;77050;1;0;0;0
FR;3;2021-02-17;11149;0;0;0;0;88199;1;0;0;0
FR;3;2021-02-18;14933;2;0;0;0;103132;3;0;0;0
FR;3;2021-02-19;14358;1;0;0;0;117490;4;0;0;0
FR;3;2021-02-20;3330;0;0;0;0;120820;4;0;0;0
FR;3;2021-02-21;618;0;0;0;0;121438;4;0;0;0
FR;3;2021-02-22;9160;0;0;0;0;130598;4;0;0;0
FR;3;2021-02-23;11394;1;0;0;0;141992;5;0;0;0
FR;3;2021-02-24;14298;0;0;0;0;156290;5;0;0;0
FR;3;2021-02-25;44927;1;0;0;0;201217;6;0;0;0
FR;3;2021-02-26;61881;2;0;0;0;263098;8;0;0;0
FR;3;2021-02-27;34800;5;0;0;0;297898;13;0;0;0
FR;3;2021-02-28;2463;0;0;0;0;300361;13;0;0;0
FR;3;2021-03-01;20503;9;0;0;0;320864;22;0;0;0
FR;3;2021-03-02;38859;17;0;0;0;359723;39;0;0;0
FR;3;2021-03-03;48728;16;0;0;0;408451;55;0;0;0
FR;3;2021-03-04;82210;19;0;0;0;490661;74;0;0;0
FR;3;2021-03-05;118119;37;0;0;0;608780;111;0;0;0
FR;3;2021-03-06;120706;50;1;0;0;729486;161;1;0;0
FR;3;2021-03-07;55174;26;0;0;0;784660;187;1;0;0
FR;3;2021-03-08;42805;23;0;0;0;827465;210;1;0;0
FR;3;2021-03-09;78967;39;0;0;0;906432;249;1;0;0
FR;3;2021-03-10;80961;42;0;0;0;987393;291;1;0;0
FR;3;2021-03-11;128410;48;0;0;0;1115803;339;1;0;0
FR;3;2021-03-12;182715;75;0;0;0;1298518;414;1;0;0
FR;3;2021-03-13;132136;57;0;0;0;1430654;471;1;0;0
FR;3;2021-03-14;14054;4;0;0;0;1444708;475;1;0;0
FR;3;2021-03-15;52219;39;0;0;0;1496927;514;1;0;0
FR;3;2021-03-16;1207;17;0;0;0;1498134;531;1;0;0
FR;3;2021-03-17;941;20;0;0;0;1499075;551;1;0;0
FR;3;2021-03-18;1563;9;0;0;0;1500638;560;1;0;0
FR;3;2021-03-19;70443;44;0;0;0;1571081;604;1;0;0
FR;3;2021-03-20;65223;41;0;0;0;1636304;645;1;0;0
FR;3;2021-03-21;5754;4;0;0;0;1642058;649;1;0;0
FR;3;2021-03-22;37492;35;0;0;0;1679550;684;1;0;0
FR;3;2021-03-23;84647;59;0;0;0;1764197;743;1;0;0
FR;3;2021-03-24;90930;91;0;0;0;1855127;834;1;0;0
FR;3;2021-03-25;150039;122;0;0;0;2005166;956;1;0;0
FR;3;2021-03-26;165409;151;0;0;0;2170575;1107;1;0;0
FR;3;2021-03-27;68453;94;0;0;0;2239028;1201;1;0;0
FR;3;2021-03-28;6468;19;0;0;0;2245496;1220;1;0;0
FR;3;2021-03-29;54151;68;0;0;0;2299647;1288;1;0;0
FR;3;2021-03-30;93154;95;0;0;0;2392801;1383;1;0;0
FR;3;2021-03-31;63518;86;0;0;0;2456319;1469;1;0;0
FR;3;2021-04-01;86116;101;0;0;0;2542435;1570;1;0;0
FR;3;2021-04-02;86886;146;0;0;0;2629321;1716;1;0;0
FR;3;2021-04-03;35866;113;0;0;0;2665187;1829;1;0;0
FR;3;2021-04-04;3569;14;0;0;0;2668756;1843;1;0;0
FR;3;2021-04-05;4482;26;0;0;0;2673238;1869;1;0;0
FR;3;2021-04-06;29738;78;0;0;0;2702976;1947;1;0;0
FR;3;2021-04-07;32333;70;0;0;0;2735309;2017;1;0;0
FR;3;2021-04-08;78806;235;0;0;0;2814115;2252;1;0;0
FR;3;2021-04-09;161744;409;0;0;0;2975859;2661;1;0;0
FR;3;2021-04-10;75751;331;0;0;0;3051610;2992;1;0;0
FR;3;2021-04-11;7307;44;0;0;0;3058917;3036;1;0;0
FR;3;2021-04-12;51465;201;0;0;0;3110382;3237;1;0;0
FR;3;2021-04-13;86215;312;0;0;0;3196597;3549;1;0;0
FR;3;2021-04-14;67832;338;0;0;0;3264429;3887;1;0;0
FR;3;2021-04-15;93219;365;0;0;0;3357648;4252;1;0;0
FR;3;2021-04-16;112513;565;0;0;0;3470161;4817;1;0;0
FR;3;2021-04-17;53311;318;1;0;0;3523472;5135;2;0;0
FR;3;2021-04-18;9741;32;0;0;0;3533213;5167;2;0;0
FR;3;2021-04-19;25101;234;0;0;0;3558314;5401;2;0;0
FR;3;2021-04-20;45667;391;0;0;0;3603981;5792;2;0;0
FR;3;2021-04-21;38961;462;0;0;0;3642942;6254;2;0;0
FR;3;2021-04-22;54699;777;0;0;0;3697641;7031;2;0;0
FR;3;2021-04-23;70477;1010;0;0;0;3768118;8041;2;0;0
FR;3;2021-04-24;37240;973;0;0;0;3805358;9014;2;0;0
FR;3;2021-04-25;6201;156;0;0;0;3811559;9170;2;0;0
FR;3;2021-04-26;19780;646;0;0;0;3831339;9816;2;0;0
FR;3;2021-04-27;34467;1247;0;0;0;3865806;11063;2;0;0
FR;3;2021-04-28;28956;1928;0;0;0;3894762;12991;2;0;0
FR;3;2021-04-29;45372;5947;0;0;0;3940134;18938;2;0;0
FR;3;2021-04-30;55450;8915;1;0;0;3995584;27853;3;0;0
FR;3;2021-05-01;9507;1964;0;0;0;4005091;29817;3;0;0
FR;3;2021-05-02;3069;489;0;0;0;4008160;30306;3;0;0
FR;3;2021-05-03;13054;3882;0;0;0;4021214;34188;3;0;0
FR;3;2021-05-04;23107;8394;0;0;0;4044321;42582;3;0;0
FR;3;2021-05-05;18746;10570;0;0;0;4063067;53152;3;0;0
FR;3;2021-05-06;34613;20871;0;0;0;4097680;74023;3;0;0
FR;3;2021-05-07;44197;28375;0;0;0;4141877;102398;3;0;0
FR;3;2021-05-08;6777;8844;0;0;0;4148654;111242;3;0;0
FR;3;2021-05-09;1792;2654;0;0;0;4150446;113896;3;0;0
FR;3;2021-05-10;14984;12551;0;0;0;4165430;126447;3;0;0
FR;3;2021-05-11;27090;25716;0;0;0;4192520;152163;3;0;0
FR;3;2021-05-12;17262;27435;0;0;0;4209782;179598;3;0;0
FR;3;2021-05-13;2275;3481;0;0;0;4212057;183079;3;0;0
FR;3;2021-05-14;14509;25702;0;0;0;4226566;208781;3;0;0
FR;3;2021-05-15;7229;20735;0;0;0;4233795;229516;3;0;0
FR;3;2021-05-16;973;2675;0;0;0;4234768;232191;3;0;0
FR;3;2021-05-17;7956;19907;0;0;0;4242724;252098;3;0;0
FR;3;2021-05-18;13403;29618;0;0;0;4256127;281716;3;0;0
FR;3;2021-05-19;9260;31772;0;0;0;4265387;313488;3;0;0
FR;3;2021-05-20;12800;53167;3;0;0;4278187;366655;6;0;0
FR;3;2021-05-21;12758;65474;2;0;0;4290945;432129;8;0;0
FR;3;2021-05-22;4958;33258;1;0;0;4295903;465387;9;0;0
FR;3;2021-05-23;649;2662;0;0;0;4296552;468049;9;0;0
FR;3;2021-05-24;876;4922;0;0;0;4297428;472971;9;0;0
FR;3;2021-05-25;5296;45146;1;0;0;4302724;518117;10;0;0
FR;3;2021-05-26;4965;51018;1;0;0;4307689;569135;11;0;0
FR;3;2021-05-27;6318;77770;3;0;0;4314007;646905;14;0;0
FR;3;2021-05-28;7539;99014;2;0;0;4321546;745919;16;0;0
FR;3;2021-05-29;3343;60233;1;0;0;4324889;806152;17;0;0
FR;3;2021-05-30;544;8233;0;0;0;4325433;814385;17;0;0
FR;3;2021-05-31;2430;35933;3;0;0;4327863;850318;20;0;0
FR;3;2021-06-01;3394;64756;10;0;0;4331257;915074;30;0;0
FR;3;2021-06-02;2721;58293;6;0;0;4333978;973367;36;0;0
FR;3;2021-06-03;3489;87490;10;0;0;4337467;1060857;46;0;0
FR;3;2021-06-04;4103;105032;22;0;0;4341570;1165889;68;0;0
FR;3;2021-06-05;1971;52210;4;0;0;4343541;1218099;72;0;0
FR;3;2021-06-06;504;5401;1;0;0;4344045;1223500;73;0;0
FR;3;2021-06-07;1463;31125;11;0;0;4345508;1254625;84;0;0
FR;3;2021-06-08;2043;47227;18;0;0;4347551;1301852;102;0;0
FR;3;2021-06-09;1783;42346;13;0;0;4349334;1344198;115;0;0
FR;3;2021-06-10;2241;67918;17;0;0;4351575;1412116;132;0;0
FR;3;2021-06-11;2468;96706;34;0;0;4354043;1508822;166;0;0
FR;3;2021-06-12;1171;40813;6;0;0;4355214;1549635;172;0;0
FR;3;2021-06-13;275;3818;3;0;0;4355489;1553453;175;0;0
FR;3;2021-06-14;1035;42631;17;0;0;4356524;1596084;192;0;0
FR;3;2021-06-15;1362;80629;20;0;0;4357886;1676713;212;0;0
FR;3;2021-06-16;1253;65702;19;0;0;4359139;1742415;231;0;0
FR;3;2021-06-17;1656;101766;41;0;0;4360795;1844181;272;0;0
FR;3;2021-06-18;1867;117859;61;0;0;4362662;1962040;333;0;0
FR;3;2021-06-19;801;39353;22;0;0;4363463;2001393;355;0;0
FR;3;2021-06-20;158;3389;0;0;0;4363621;2004782;355;0;0
FR;3;2021-06-21;762;39260;16;0;0;4364383;2044042;371;0;0
FR;3;2021-06-22;1060;69962;52;0;0;4365443;2114004;423;0;0
FR;3;2021-06-23;940;50804;39;0;0;4366383;2164808;462;0;0
FR;3;2021-06-24;1303;77134;48;0;0;4367686;2241942;510;0;0
FR;3;2021-06-25;1400;89905;73;0;0;4369086;2331847;583;0;0
FR;3;2021-06-26;624;33127;29;0;0;4369710;2364974;612;0;0
FR;3;2021-06-27;163;4012;1;0;0;4369873;2368986;613;0;0
FR;3;2021-06-28;646;30418;27;0;0;4370519;2399404;640;0;0
FR;3;2021-06-29;851;56143;95;0;0;4371370;2455547;735;0;0
FR;3;2021-06-30;897;45057;93;0;0;4372267;2500604;828;0;0
FR;3;2021-07-01;1160;65649;108;0;0;4373427;2566253;936;0;0
FR;3;2021-07-02;1291;90358;170;0;0;4374718;2656611;1106;0;0
FR;3;2021-07-03;600;31171;52;0;0;4375318;2687782;1158;0;0
FR;3;2021-07-04;141;4271;3;0;0;4375459;2692053;1161;0;0
FR;3;2021-07-05;606;33905;60;0;0;4376065;2725958;1221;0;0
FR;3;2021-07-06;954;56058;88;0;0;4377019;2782016;1309;0;0
FR;3;2021-07-07;869;43048;79;0;0;4377888;2825064;1388;0;0
FR;3;2021-07-08;1121;60713;99;0;0;4379009;2885777;1487;0;0
FR;3;2021-07-09;1258;68798;128;0;0;4380267;2954575;1615;0;0
FR;3;2021-07-10;639;25041;59;0;0;4380906;2979616;1674;0;0
FR;3;2021-07-11;127;3308;4;0;0;4381033;2982924;1678;0;0
FR;3;2021-07-12;658;23885;59;0;0;4381691;3006809;1737;0;0
FR;3;2021-07-13;1643;34738;90;0;0;4383334;3041547;1827;0;0
FR;3;2021-07-14;260;2644;2;0;0;4383594;3044191;1829;0;0
FR;3;2021-07-15;1930;30670;85;0;0;4385524;3074861;1914;0;0
FR;3;2021-07-16;2519;38869;122;0;0;4388043;3113730;2036;0;0
FR;3;2021-07-17;1044;13750;26;0;0;4389087;3127480;2062;0;0
FR;3;2021-07-18;261;2617;3;0;0;4389348;3130097;2065;0;0
FR;3;2021-07-19;1271;17218;37;0;0;4390619;3147315;2102;0;0
FR;3;2021-07-20;1820;27158;98;0;0;4392439;3174473;2200;0;0
FR;3;2021-07-21;1643;19730;44;0;0;4394082;3194203;2244;0;0
FR;3;2021-07-22;1846;27766;82;0;0;4395928;3221969;2326;0;0
FR;3;2021-07-23;2211;30455;117;0;0;4398139;3252424;2443;0;0
FR;3;2021-07-24;820;7012;25;0;0;4398959;3259436;2468;0;0
FR;3;2021-07-25;208;1355;1;0;0;4399167;3260791;2469;0;0
FR;3;2021-07-26;920;10717;28;0;0;4400087;3271508;2497;0;0
FR;3;2021-07-27;1164;16951;56;0;0;4401251;3288459;2553;0;0
FR;3;2021-07-28;985;12113;40;0;0;4402236;3300572;2593;0;0
FR;3;2021-07-29;1126;15851;63;0;0;4403362;3316423;2656;0;0
FR;3;2021-07-30;1124;18112;79;0;0;4404486;3334535;2735;0;0
FR;3;2021-07-31;406;3743;15;0;0;4404892;3338278;2750;0;0
FR;3;2021-08-01;112;484;1;0;0;4405004;3338762;2751;0;0
FR;3;2021-08-02;417;5164;22;0;0;4405421;3343926;2773;0;0
FR;3;2021-08-03;485;7597;27;0;0;4405906;3351523;2800;0;0
FR;3;2021-08-04;434;4899;26;0;0;4406340;3356422;2826;0;0
FR;3;2021-08-05;427;3745;12;0;0;4406767;3360167;2838;0;0
FR;3;2021-08-06;450;4802;30;0;0;4407217;3364969;2868;0;0
FR;3;2021-08-07;214;1923;11;0;0;4407431;3366892;2879;0;0
FR;3;2021-08-08;244;433;2;0;0;4407675;3367325;2881;0;0
FR;3;2021-08-09;310;2520;11;0;0;4407985;3369845;2892;0;0
FR;3;2021-08-10;358;3892;15;0;0;4408343;3373737;2907;0;0
FR;3;2021-08-11;284;2727;15;0;0;4408627;3376464;2922;0;0
FR;3;2021-08-12;274;2634;12;0;0;4408901;3379098;2934;0;0
FR;3;2021-08-13;274;2267;16;0;0;4409175;3381365;2950;0;0
FR;3;2021-08-14;168;923;1;0;0;4409343;3382288;2951;0;0
FR;3;2021-08-15;55;168;0;0;0;4409398;3382456;2951;0;0
FR;3;2021-08-16;122;1092;8;0;0;4409520;3383548;2959;0;0
FR;3;2021-08-17;186;1511;8;0;0;4409706;3385059;2967;0;0
FR;3;2021-08-18;192;1374;10;0;0;4409898;3386433;2977;0;0
FR;3;2021-08-19;163;1433;10;0;0;4410061;3387866;2987;0;0
FR;3;2021-08-20;162;1637;16;0;0;4410223;3389503;3003;0;0
FR;3;2021-08-21;93;587;2;0;0;4410316;3390090;3005;0;0
FR;3;2021-08-22;38;187;1;0;0;4410354;3390277;3006;0;0
FR;3;2021-08-23;139;941;7;0;0;4410493;3391218;3013;0;0
FR;3;2021-08-24;123;965;10;0;0;4410616;3392183;3023;0;0
FR;3;2021-08-25;135;850;2;0;0;4410751;3393033;3025;0;0
FR;3;2021-08-26;168;875;9;0;0;4410919;3393908;3034;0;0
FR;3;2021-08-27;171;967;9;0;0;4411090;3394875;3043;0;0
FR;3;2021-08-28;95;369;4;0;0;4411185;3395244;3047;0;0
FR;3;2021-08-29;124;134;1;0;0;4411309;3395378;3048;0;0
FR;3;2021-08-30;95;600;0;0;137;4411404;3395978;3048;0;137
FR;3;2021-08-31;125;718;7;0;157;4411529;3396696;3055;0;294
FR;3;2021-09-01;113;481;5;0;126;4411642;3397177;3060;0;420
FR;3;2021-09-02;99;636;22;0;123;4411741;3397813;3082;0;543
FR;3;2021-09-03;112;592;17;0;130;4411853;3398405;3099;0;673
FR;3;2021-09-04;51;299;3;0;59;4411904;3398704;3102;0;732
FR;3;2021-09-05;51;69;5;0;30;4411955;3398773;3107;0;762
FR;3;2021-09-06;111;405;4;0;151;4412066;3399178;3111;0;913
FR;3;2021-09-07;120;482;14;0;133;4412186;3399660;3125;0;1046
FR;3;2021-09-08;114;370;2;0;104;4412300;3400030;3127;0;1150
FR;3;2021-09-09;87;401;8;0;117;4412387;3400431;3135;0;1267
FR;3;2021-09-10;98;426;3;0;106;4412485;3400857;3138;0;1373
FR;3;2021-09-11;73;235;4;0;65;4412558;3401092;3142;0;1438
FR;3;2021-09-12;36;49;1;0;17;4412594;3401141;3143;0;1455
FR;3;2021-09-13;66;331;7;0;112;4412660;3401472;3150;0;1567
FR;3;2021-09-14;66;294;6;0;108;4412726;3401766;3156;0;1675
FR;3;2021-09-15;58;263;3;0;6;4412784;3402029;3159;0;1681
FR;3;2021-09-16;59;343;5;0;5;4412843;3402372;3164;0;1686
FR;3;2021-09-17;49;349;3;0;7;4412892;3402721;3167;0;1693
FR;3;2021-09-18;34;178;1;0;1;4412926;3402899;3168;0;1694
FR;3;2021-09-19;27;32;2;0;1;4412953;3402931;3170;0;1695
FR;3;2021-09-20;76;213;0;0;1;4413029;3403144;3170;0;1696
FR;3;2021-09-21;55;290;6;0;7;4413084;3403434;3176;0;1703
FR;3;2021-09-22;62;230;6;0;7;4413146;3403664;3182;0;1710
FR;3;2021-09-23;34;273;10;0;6;4413180;3403937;3192;0;1716
FR;3;2021-09-24;23;319;12;0;19;4413203;3404256;3204;0;1735
FR;3;2021-09-25;28;156;3;0;3;4413231;3404412;3207;0;1738
FR;3;2021-09-26;15;55;1;0;1;4413246;3404467;3208;0;1739
FR;3;2021-09-27;38;290;3;0;5;4413284;3404757;3211;0;1744
FR;3;2021-09-28;49;258;6;0;10;4413333;3405015;3217;0;1754
FR;3;2021-09-29;32;224;10;0;13;4413365;3405239;3227;0;1767
FR;3;2021-09-30;37;200;8;0;10;4413402;3405439;3235;0;1777
FR;3;2021-10-01;17;169;5;0;6;4413419;3405608;3240;0;1783
FR;3;2021-10-02;14;92;0;0;0;4413433;3405700;3240;0;1783
FR;3;2021-10-03;18;20;1;0;2;4413451;3405720;3241;0;1785
FR;3;2021-10-04;28;164;4;0;4;4413479;3405884;3245;0;1789
FR;3;2021-10-05;15;157;10;0;13;4413494;3406041;3255;0;1802
FR;3;2021-10-06;30;164;7;0;8;4413524;3406205;3262;0;1810
FR;3;2021-10-07;17;146;6;0;6;4413541;3406351;3268;0;1816
FR;3;2021-10-08;20;145;10;0;9;4413561;3406496;3278;0;1825
FR;3;2021-10-09;11;73;1;0;1;4413572;3406569;3279;0;1826
FR;3;2021-10-10;9;15;2;0;2;4413581;3406584;3281;0;1828
FR;3;2021-10-11;13;126;4;0;5;4413594;3406710;3285;0;1833
FR;3;2021-10-12;16;116;4;0;4;4413610;3406826;3289;0;1837
FR;3;2021-10-13;22;120;7;0;5;4413632;3406946;3296;0;1842
FR;3;2021-10-14;16;161;3;0;4;4413648;3407107;3299;0;1846
FR;3;2021-10-15;21;154;8;0;11;4413669;3407261;3307;0;1857
FR;3;2021-10-16;10;80;6;0;8;4413679;3407341;3313;0;1865
FR;3;2021-10-17;9;24;0;0;0;4413688;3407365;3313;0;1865
FR;3;2021-10-18;17;131;2;0;1;4413705;3407496;3315;0;1866
FR;3;2021-10-19;16;129;19;0;21;4413721;3407625;3334;0;1887
FR;3;2021-10-20;18;135;5;0;6;4413739;3407760;3339;0;1893
FR;3;2021-10-21;22;137;17;0;13;4413761;3407897;3356;0;1906
FR;3;2021-10-22;17;129;16;0;20;4413778;3408026;3372;0;1926
FR;3;2021-10-23;11;59;2;0;1;4413789;3408085;3374;0;1927
FR;3;2021-10-24;7;27;0;0;0;4413796;3408112;3374;0;1927
FR;3;2021-10-25;21;155;6;0;6;4413817;3408267;3380;0;1933
FR;3;2021-10-26;17;119;22;0;19;4413834;3408386;3402;0;1952
FR;3;2021-10-27;15;118;9;0;9;4413849;3408504;3411;0;1961
FR;3;2021-10-28;19;130;33;0;36;4413868;3408634;3444;0;1997
FR;3;2021-10-29;10;125;64;0;54;4413878;3408759;3508;0;2051
FR;3;2021-10-30;8;73;11;1;10;4413886;3408832;3519;1;2061
FR;3;2021-10-31;5;23;1;0;1;4413891;3408855;3520;1;2062
FR;3;2021-11-01;5;21;2;0;1;4413896;3408876;3522;1;2063
FR;3;2021-11-02;9;108;8;0;10;4413905;3408984;3530;1;2073
FR;3;2021-11-03;19;125;9;0;9;4413924;3409109;3539;1;2082
FR;3;2021-11-04;15;98;3;0;2;4413939;3409207;3542;1;2084
FR;3;2021-11-05;17;148;8;1;5;4413956;3409355;3550;2;2089
FR;3;2021-11-06;6;67;3;0;3;4413962;3409422;3553;2;2092
FR;3;2021-11-07;6;21;1;0;1;4413968;3409443;3554;2;2093
FR;3;2021-11-08;9;143;7;0;5;4413977;3409586;3561;2;2098
FR;3;2021-11-09;9;155;5;0;5;4413986;3409741;3566;2;2103
FR;3;2021-11-10;11;189;13;0;14;4413997;3409930;3579;2;2117
FR;3;2021-11-11;5;53;3;0;3;4414002;3409983;3582;2;2120
FR;3;2021-11-12;9;165;6;0;4;4414011;3410148;3588;2;2124
FR;3;2021-11-13;5;79;8;0;10;4414016;3410227;3596;2;2134
FR;3;2021-11-14;2;20;0;0;0;4414018;3410247;3596;2;2134
FR;3;2021-11-15;3;195;9;0;9;4414021;3410442;3605;2;2143
FR;3;2021-11-16;2;169;11;0;10;4414023;3410611;3616;2;2153
FR;3;2021-11-17;5;185;10;0;7;4414028;3410796;3626;2;2160
FR;3;2021-11-18;10;186;10;0;11;4414038;3410982;3636;2;2171
FR;3;2021-11-19;5;238;22;0;27;4414043;3411220;3658;2;2198
FR;3;2021-11-20;5;119;5;0;5;4414048;3411339;3663;2;2203
FR;3;2021-11-21;3;30;3;0;3;4414051;3411369;3666;2;2206
FR;3;2021-11-22;10;243;10;0;10;4414061;3411612;3676;2;2216
FR;3;2021-11-23;6;236;15;0;14;4414067;3411848;3691;2;2230
FR;3;2021-11-24;5;250;9;0;17;4414072;3412098;3700;2;2247
FR;3;2021-11-25;9;289;11;0;10;4414081;3412387;3711;2;2257
FR;3;2021-11-26;5;380;33;0;30;4414086;3412767;3744;2;2287
FR;3;2021-11-27;5;178;19;0;20;4414091;3412945;3763;2;2307
FR;3;2021-11-28;2;62;7;0;7;4414093;3413007;3770;2;2314
FR;3;2021-11-29;4;334;19;0;20;4414097;3413341;3789;2;2334
FR;3;2021-11-30;4;425;26;0;29;4414101;3413766;3815;2;2363
FR;3;2021-12-01;18;472;32;0;33;4414119;3414238;3847;2;2396
FR;3;2021-12-02;9;499;33;0;36;4414128;3414737;3880;2;2432
FR;3;2021-12-03;3;575;37;0;38;4414131;3415312;3917;2;2470
FR;3;2021-12-04;3;283;26;0;28;4414134;3415595;3943;2;2498
FR;3;2021-12-05;1;83;5;0;5;4414135;3415678;3948;2;2503
FR;3;2021-12-06;5;517;14;0;16;4414140;3416195;3962;2;2519
FR;3;2021-12-07;4;611;20;0;24;4414144;3416806;3982;2;2543
FR;3;2021-12-08;3;544;29;0;29;4414147;3417350;4011;2;2572
FR;3;2021-12-09;3;604;17;0;22;4414150;3417954;4028;2;2594
FR;3;2021-12-10;9;636;29;0;25;4414159;3418590;4057;2;2619
FR;3;2021-12-11;4;394;10;0;9;4414163;3418984;4067;2;2628
FR;3;2021-12-12;1;122;3;0;3;4414164;3419106;4070;2;2631
FR;3;2021-12-13;2;607;19;0;20;4414166;3419713;4089;2;2651
FR;3;2021-12-14;7;771;18;0;21;4414173;3420484;4107;2;2672
FR;3;2021-12-15;7;733;17;0;21;4414180;3421217;4124;2;2693
FR;3;2021-12-16;9;738;19;0;18;4414189;3421955;4143;2;2711
FR;3;2021-12-17;4;809;18;0;19;4414193;3422764;4161;2;2730
FR;3;2021-12-18;4;414;4;0;5;4414197;3423178;4165;2;2735
FR;3;2021-12-19;3;207;2;0;2;4414200;3423385;4167;2;2737
FR;3;2021-12-20;8;730;23;0;28;4414208;3424115;4190;2;2765
FR;3;2021-12-21;3;816;10;0;14;4414211;3424931;4200;2;2779
FR;3;2021-12-22;6;763;9;0;11;4414217;3425694;4209;2;2790
FR;3;2021-12-23;1;656;9;0;8;4414218;3426350;4218;2;2798
FR;3;2021-12-24;2;275;3;0;6;4414220;3426625;4221;2;2804
FR;3;2021-12-25;0;25;0;0;0;4414220;3426650;4221;2;2804
FR;3;2021-12-26;0;95;1;0;1;4414220;3426745;4222;2;2805
FR;3;2021-12-27;7;544;17;0;19;4414227;3427289;4239;2;2824
FR;3;2021-12-28;1;694;6;0;5;4414228;3427983;4245;2;2829
FR;3;2021-12-29;4;575;14;0;16;4414232;3428558;4259;2;2845
FR;3;2021-12-30;1;603;7;0;10;4414233;3429161;4266;2;2855
FR;3;2021-12-31;0;208;5;0;6;4414233;3429369;4271;2;2861
FR;3;2022-01-01;0;27;0;0;2;4414233;3429396;4271;2;2863
FR;3;2022-01-02;0;82;0;0;0;4414233;3429478;4271;2;2863
FR;3;2022-01-03;3;564;17;0;20;4414236;3430042;4288;2;2883
FR;3;2022-01-04;6;625;9;0;8;4414242;3430667;4297;2;2891
FR;3;2022-01-05;3;557;10;0;14;4414245;3431224;4307;2;2905
FR;3;2022-01-06;5;553;9;0;12;4414250;3431777;4316;2;2917
FR;3;2022-01-07;2;577;11;0;14;4414252;3432354;4327;2;2931
FR;3;2022-01-08;2;285;4;0;5;4414254;3432639;4331;2;2936
FR;3;2022-01-09;0;118;0;0;0;4414254;3432757;4331;2;2936
FR;3;2022-01-10;2;481;12;0;12;4414256;3433238;4343;2;2948
FR;3;2022-01-11;2;535;1;0;1;4414258;3433773;4344;2;2949
FR;3;2022-01-12;3;448;9;0;10;4414261;3434221;4353;2;2959
FR;3;2022-01-13;3;427;11;0;12;4414264;3434648;4364;2;2971
FR;3;2022-01-14;3;483;10;0;12;4414267;3435131;4374;2;2983
FR;3;2022-01-15;0;299;2;0;3;4414267;3435430;4376;2;2986
FR;3;2022-01-16;0;116;1;0;1;4414267;3435546;4377;2;2987
FR;3;2022-01-17;2;352;8;0;10;4414269;3435898;4385;2;2997
FR;3;2022-01-18;2;419;1;0;2;4414271;3436317;4386;2;2999
FR;3;2022-01-19;1;351;5;0;10;4414272;3436668;4391;2;3009
FR;3;2022-01-20;1;380;5;0;3;4414273;3437048;4396;2;3012
FR;3;2022-01-21;2;376;5;0;8;4414275;3437424;4401;2;3020
FR;3;2022-01-22;2;233;1;0;3;4414277;3437657;4402;2;3023
FR;3;2022-01-23;0;82;0;0;1;4414277;3437739;4402;2;3024
FR;3;2022-01-24;2;351;1;0;6;4414279;3438090;4403;2;3030
FR;3;2022-01-25;0;194;0;0;0;4414279;3438284;4403;2;3030
FR;3;2022-01-26;0;89;0;0;0;4414279;3438373;4403;2;3030
FR;3;2022-01-27;0;60;0;0;0;4414279;3438433;4403;2;3030
FR;3;2022-01-28;0;134;0;0;0;4414279;3438567;4403;2;3030
FR;3;2022-01-29;0;110;0;0;0;4414279;3438677;4403;2;3030
FR;3;2022-01-30;0;51;0;0;0;4414279;3438728;4403;2;3030
FR;3;2022-01-31;0;98;0;0;0;4414279;3438826;4403;2;3030
FR;3;2022-02-01;0;110;0;0;1;4414279;3438936;4403;2;3031
FR;3;2022-02-02;0;98;0;0;0;4414279;3439034;4403;2;3031
FR;3;2022-02-03;0;101;0;0;0;4414279;3439135;4403;2;3031
FR;3;2022-02-04;0;124;0;0;0;4414279;3439259;4403;2;3031
FR;3;2022-02-05;0;73;0;0;0;4414279;3439332;4403;2;3031
FR;3;2022-02-06;0;11;0;0;0;4414279;3439343;4403;2;3031
FR;3;2022-02-07;0;89;0;0;1;4414279;3439432;4403;2;3032
FR;3;2022-02-08;0;0;0;0;0;4414279;3439432;4403;2;3032
FR;3;2022-02-09;0;0;0;0;0;4414279;3439432;4403;2;3032
FR;3;2022-02-10;0;0;0;0;0;4414279;3439432;4403;2;3032
FR;3;2022-02-11;0;0;0;0;0;4414279;3439432;4403;2;3032
FR;3;2022-02-12;0;0;0;0;0;4414279;3439432;4403;2;3032
FR;3;2022-02-13;0;0;0;0;0;4414279;3439432;4403;2;3032
FR;3;2022-02-14;0;0;0;0;0;4414279;3439432;4403;2;3032
FR;3;2022-02-15;0;0;0;0;0;4414279;3439432;4403;2;3032
FR;3;2022-02-16;0;0;0;0;0;4414279;3439432;4403;2;3032
FR;3;2022-02-17;0;0;0;0;0;4414279;3439432;4403;2;3032
FR;3;2022-02-18;0;0;0;0;0;4414279;3439432;4403;2;3032
FR;3;2022-02-19;0;0;0;0;0;4414279;3439432;4403;2;3032
FR;3;2022-02-20;0;0;0;0;0;4414279;3439432;4403;2;3032
FR;3;2022-02-21;2;0;0;0;0;4414281;3439432;4403;2;3032
FR;3;2022-02-22;0;0;0;0;0;4414281;3439432;4403;2;3032
FR;3;2022-02-23;0;0;0;0;0;4414281;3439432;4403;2;3032
FR;3;2022-02-24;0;0;0;0;0;4414281;3439432;4403;2;3032
FR;3;2022-02-25;0;0;0;0;0;4414281;3439432;4403;2;3032
FR;3;2022-02-26;0;0;0;0;0;4414281;3439432;4403;2;3032
FR;3;2022-02-27;0;0;0;0;0;4414281;3439432;4403;2;3032
FR;3;2022-02-28;1;0;0;0;0;4414282;3439432;4403;2;3032
FR;3;2022-03-01;1;0;0;0;0;4414283;3439432;4403;2;3032
FR;3;2022-03-02;0;0;0;0;0;4414283;3439432;4403;2;3032
FR;3;2022-03-03;0;0;0;0;0;4414283;3439432;4403;2;3032
FR;3;2022-03-04;0;0;0;0;0;4414283;3439432;4403;2;3032
FR;3;2022-03-05;0;0;0;0;0;4414283;3439432;4403;2;3032
FR;3;2022-03-06;1;0;0;0;0;4414284;3439432;4403;2;3032
FR;3;2022-03-07;0;0;0;0;0;4414284;3439432;4403;2;3032
FR;3;2022-03-08;1;0;0;0;0;4414285;3439432;4403;2;3032
FR;3;2022-03-09;0;0;0;0;0;4414285;3439432;4403;2;3032
FR;3;2022-03-10;0;0;0;0;0;4414285;3439432;4403;2;3032
FR;3;2022-03-11;0;0;0;0;0;4414285;3439432;4403;2;3032
FR;3;2022-03-12;0;0;0;0;0;4414285;3439432;4403;2;3032
FR;3;2022-03-13;0;0;0;0;0;4414285;3439432;4403;2;3032
FR;3;2022-03-14;0;0;0;0;0;4414285;3439432;4403;2;3032
FR;3;2022-03-15;0;0;0;0;0;4414285;3439432;4403;2;3032
FR;3;2022-03-16;0;0;0;0;0;4414285;3439432;4403;2;3032
FR;3;2022-03-17;0;0;0;0;0;4414285;3439432;4403;2;3032
FR;3;2022-03-18;0;0;0;0;0;4414285;3439432;4403;2;3032
FR;3;2022-03-19;0;0;0;0;0;4414285;3439432;4403;2;3032
FR;3;2022-03-20;1;0;0;0;0;4414286;3439432;4403;2;3032
FR;3;2022-03-21;0;0;0;0;0;4414286;3439432;4403;2;3032
FR;3;2022-03-22;0;0;0;0;0;4414286;3439432;4403;2;3032
FR;3;2022-03-23;1;0;0;0;0;4414287;3439432;4403;2;3032
FR;3;2022-03-24;0;0;0;0;0;4414287;3439432;4403;2;3032
FR;3;2022-03-25;1;0;0;0;0;4414288;3439432;4403;2;3032
FR;3;2022-03-26;0;0;0;0;0;4414288;3439432;4403;2;3032
FR;3;2022-03-27;0;0;0;0;0;4414288;3439432;4403;2;3032
FR;3;2022-03-28;0;0;0;0;0;4414288;3439432;4403;2;3032
FR;3;2022-03-29;0;0;0;0;0;4414288;3439432;4403;2;3032
FR;3;2022-03-30;0;0;0;0;0;4414288;3439432;4403;2;3032
FR;3;2022-03-31;0;0;0;0;0;4414288;3439432;4403;2;3032
FR;3;2022-04-01;0;0;0;0;0;4414288;3439432;4403;2;3032
FR;3;2022-04-02;0;0;0;0;0;4414288;3439432;4403;2;3032
FR;3;2022-04-03;0;0;0;0;0;4414288;3439432;4403;2;3032
FR;3;2022-04-04;0;0;0;0;0;4414288;3439432;4403;2;3032
FR;3;2022-04-05;0;0;0;0;0;4414288;3439432;4403;2;3032
FR;3;2022-04-06;0;0;0;0;0;4414288;3439432;4403;2;3032
FR;3;2022-04-07;0;0;0;0;0;4414288;3439432;4403;2;3032
FR;4;2020-12-27;0;0;0;0;0;0;0;0;0;0
FR;4;2020-12-28;0;0;0;0;0;0;0;0;0;0
FR;4;2020-12-29;0;0;0;0;0;0;0;0;0;0
FR;4;2020-12-30;0;0;0;0;0;0;0;0;0;0
FR;4;2020-12-31;0;0;0;0;0;0;0;0;0;0
FR;4;2021-01-01;0;0;0;0;0;0;0;0;0;0
FR;4;2021-01-02;0;0;0;0;0;0;0;0;0;0
FR;4;2021-01-03;0;0;0;0;0;0;0;0;0;0
FR;4;2021-01-04;0;0;0;0;0;0;0;0;0;0
FR;4;2021-01-05;0;0;0;0;0;0;0;0;0;0
FR;4;2021-01-06;0;0;0;0;0;0;0;0;0;0
FR;4;2021-01-07;0;0;0;0;0;0;0;0;0;0
FR;4;2021-01-08;0;0;0;0;0;0;0;0;0;0
FR;4;2021-01-09;0;0;0;0;0;0;0;0;0;0
FR;4;2021-01-10;0;0;0;0;0;0;0;0;0;0
FR;4;2021-01-11;0;0;0;0;0;0;0;0;0;0
FR;4;2021-01-12;0;0;0;0;0;0;0;0;0;0
FR;4;2021-01-13;0;0;0;0;0;0;0;0;0;0
FR;4;2021-01-14;0;0;0;0;0;0;0;0;0;0
FR;4;2021-01-15;0;0;0;0;0;0;0;0;0;0
FR;4;2021-01-16;0;0;0;0;0;0;0;0;0;0
FR;4;2021-01-17;0;0;0;0;0;0;0;0;0;0
FR;4;2021-01-18;0;0;0;0;0;0;0;0;0;0
FR;4;2021-01-19;0;0;0;0;0;0;0;0;0;0
FR;4;2021-01-20;0;0;0;0;0;0;0;0;0;0
FR;4;2021-01-21;0;0;0;0;0;0;0;0;0;0
FR;4;2021-01-22;0;0;0;0;0;0;0;0;0;0
FR;4;2021-01-23;0;0;0;0;0;0;0;0;0;0
FR;4;2021-01-24;0;0;0;0;0;0;0;0;0;0
FR;4;2021-01-25;0;0;0;0;0;0;0;0;0;0
FR;4;2021-01-26;0;0;0;0;0;0;0;0;0;0
FR;4;2021-01-27;0;0;0;0;0;0;0;0;0;0
FR;4;2021-01-28;0;0;0;0;0;0;0;0;0;0
FR;4;2021-01-29;0;0;0;0;0;0;0;0;0;0
FR;4;2021-01-30;0;0;0;0;0;0;0;0;0;0
FR;4;2021-01-31;0;0;0;0;0;0;0;0;0;0
FR;4;2021-02-01;0;0;0;0;0;0;0;0;0;0
FR;4;2021-02-02;0;0;0;0;0;0;0;0;0;0
FR;4;2021-02-03;0;0;0;0;0;0;0;0;0;0
FR;4;2021-02-04;0;0;0;0;0;0;0;0;0;0
FR;4;2021-02-05;0;0;0;0;0;0;0;0;0;0
FR;4;2021-02-06;0;0;0;0;0;0;0;0;0;0
FR;4;2021-02-07;0;0;0;0;0;0;0;0;0;0
FR;4;2021-02-08;0;0;0;0;0;0;0;0;0;0
FR;4;2021-02-09;0;0;0;0;0;0;0;0;0;0
FR;4;2021-02-10;0;0;0;0;0;0;0;0;0;0
FR;4;2021-02-11;0;0;0;0;0;0;0;0;0;0
FR;4;2021-02-12;0;0;0;0;0;0;0;0;0;0
FR;4;2021-02-13;0;0;0;0;0;0;0;0;0;0
FR;4;2021-02-14;0;0;0;0;0;0;0;0;0;0
FR;4;2021-02-15;0;0;0;0;0;0;0;0;0;0
FR;4;2021-02-16;0;0;0;0;0;0;0;0;0;0
FR;4;2021-02-17;0;0;0;0;0;0;0;0;0;0
FR;4;2021-02-18;0;0;0;0;0;0;0;0;0;0
FR;4;2021-02-19;0;0;0;0;0;0;0;0;0;0
FR;4;2021-02-20;0;0;0;0;0;0;0;0;0;0
FR;4;2021-02-21;0;0;0;0;0;0;0;0;0;0
FR;4;2021-02-22;0;0;0;0;0;0;0;0;0;0
FR;4;2021-02-23;0;0;0;0;0;0;0;0;0;0
FR;4;2021-02-24;0;0;0;0;0;0;0;0;0;0
FR;4;2021-02-25;0;0;0;0;0;0;0;0;0;0
FR;4;2021-02-26;0;0;0;0;0;0;0;0;0;0
FR;4;2021-02-27;0;0;0;0;0;0;0;0;0;0
FR;4;2021-02-28;0;0;0;0;0;0;0;0;0;0
FR;4;2021-03-01;0;0;0;0;0;0;0;0;0;0
FR;4;2021-03-02;0;0;0;0;0;0;0;0;0;0
FR;4;2021-03-03;0;0;0;0;0;0;0;0;0;0
FR;4;2021-03-04;0;0;0;0;0;0;0;0;0;0
FR;4;2021-03-05;0;0;0;0;0;0;0;0;0;0
FR;4;2021-03-06;0;0;0;0;0;0;0;0;0;0
FR;4;2021-03-07;0;0;0;0;0;0;0;0;0;0
FR;4;2021-03-08;0;0;0;0;0;0;0;0;0;0
FR;4;2021-03-09;0;0;0;0;0;0;0;0;0;0
FR;4;2021-03-10;0;0;0;0;0;0;0;0;0;0
FR;4;2021-03-11;0;0;0;0;0;0;0;0;0;0
FR;4;2021-03-12;0;0;0;0;0;0;0;0;0;0
FR;4;2021-03-13;0;0;0;0;0;0;0;0;0;0
FR;4;2021-03-14;0;0;0;0;0;0;0;0;0;0
FR;4;2021-03-15;0;0;0;0;0;0;0;0;0;0
FR;4;2021-03-16;0;0;0;0;0;0;0;0;0;0
FR;4;2021-03-17;0;0;0;0;0;0;0;0;0;0
FR;4;2021-03-18;0;0;0;0;0;0;0;0;0;0
FR;4;2021-03-19;0;0;0;0;0;0;0;0;0;0
FR;4;2021-03-20;0;0;0;0;0;0;0;0;0;0
FR;4;2021-03-21;0;0;0;0;0;0;0;0;0;0
FR;4;2021-03-22;0;0;0;0;0;0;0;0;0;0
FR;4;2021-03-23;0;0;0;0;0;0;0;0;0;0
FR;4;2021-03-24;0;0;0;0;0;0;0;0;0;0
FR;4;2021-03-25;0;0;0;0;0;0;0;0;0;0
FR;4;2021-03-26;0;0;0;0;0;0;0;0;0;0
FR;4;2021-03-27;0;0;0;0;0;0;0;0;0;0
FR;4;2021-03-28;0;0;0;0;0;0;0;0;0;0
FR;4;2021-03-29;0;0;0;0;0;0;0;0;0;0
FR;4;2021-03-30;0;0;0;0;0;0;0;0;0;0
FR;4;2021-03-31;0;0;0;0;0;0;0;0;0;0
FR;4;2021-04-01;0;0;0;0;0;0;0;0;0;0
FR;4;2021-04-02;0;0;0;0;0;0;0;0;0;0
FR;4;2021-04-03;0;0;0;0;0;0;0;0;0;0
FR;4;2021-04-04;0;0;0;0;0;0;0;0;0;0
FR;4;2021-04-05;0;0;0;0;0;0;0;0;0;0
FR;4;2021-04-06;0;0;0;0;0;0;0;0;0;0
FR;4;2021-04-07;0;0;0;0;0;0;0;0;0;0
FR;4;2021-04-08;0;0;0;0;0;0;0;0;0;0
FR;4;2021-04-09;0;0;0;0;0;0;0;0;0;0
FR;4;2021-04-10;0;0;0;0;0;0;0;0;0;0
FR;4;2021-04-11;0;0;0;0;0;0;0;0;0;0
FR;4;2021-04-12;0;0;0;0;0;0;0;0;0;0
FR;4;2021-04-13;0;0;0;0;0;0;0;0;0;0
FR;4;2021-04-14;0;0;0;0;0;0;0;0;0;0
FR;4;2021-04-15;0;0;0;0;0;0;0;0;0;0
FR;4;2021-04-16;0;0;0;0;0;0;0;0;0;0
FR;4;2021-04-17;0;0;0;0;0;0;0;0;0;0
FR;4;2021-04-18;0;0;0;0;0;0;0;0;0;0
FR;4;2021-04-19;0;0;0;0;0;0;0;0;0;0
FR;4;2021-04-20;0;0;0;0;0;0;0;0;0;0
FR;4;2021-04-21;0;0;0;0;0;0;0;0;0;0
FR;4;2021-04-22;0;0;0;0;0;0;0;0;0;0
FR;4;2021-04-23;4083;0;0;0;0;4083;0;0;0;0
FR;4;2021-04-24;1569;0;0;0;0;5652;0;0;0;0
FR;4;2021-04-25;124;0;0;0;0;5776;0;0;0;0
FR;4;2021-04-26;2869;1;0;0;0;8645;1;0;0;0
FR;4;2021-04-27;9519;3;0;0;0;18164;4;0;0;0
FR;4;2021-04-28;9904;6;0;0;0;28068;10;0;0;0
FR;4;2021-04-29;15990;8;0;0;0;44058;18;0;0;0
FR;4;2021-04-30;19226;10;0;0;0;63284;28;0;0;0
FR;4;2021-05-01;1990;6;0;0;0;65274;34;0;0;0
FR;4;2021-05-02;481;0;0;0;0;65755;34;0;0;0
FR;4;2021-05-03;5057;2;0;0;0;70812;36;0;0;0
FR;4;2021-05-04;8396;10;0;0;0;79208;46;0;0;0
FR;4;2021-05-05;6179;7;0;0;0;85387;53;0;0;0
FR;4;2021-05-06;11379;11;0;0;0;96766;64;0;0;0
FR;4;2021-05-07;19116;9;0;0;0;115882;73;0;0;0
FR;4;2021-05-08;2375;6;0;0;0;118257;79;0;0;0
FR;4;2021-05-09;685;3;0;0;0;118942;82;0;0;0
FR;4;2021-05-10;7236;5;1;0;0;126178;87;1;0;0
FR;4;2021-05-11;14310;12;0;0;0;140488;99;1;0;0
FR;4;2021-05-12;10158;15;0;0;0;150646;114;1;0;0
FR;4;2021-05-13;1578;3;0;0;0;152224;117;1;0;0
FR;4;2021-05-14;7754;6;0;0;0;159978;123;1;0;0
FR;4;2021-05-15;3713;8;1;0;0;163691;131;2;0;0
FR;4;2021-05-16;417;1;0;0;0;164108;132;2;0;0
FR;4;2021-05-17;4474;6;0;0;0;168582;138;2;0;0
FR;4;2021-05-18;8743;9;0;0;0;177325;147;2;0;0
FR;4;2021-05-19;5688;7;0;0;0;183013;154;2;0;0
FR;4;2021-05-20;9476;7;0;0;0;192489;161;2;0;0
FR;4;2021-05-21;12783;29;0;0;0;205272;190;2;0;0
FR;4;2021-05-22;5052;15;0;0;0;210324;205;2;0;0
FR;4;2021-05-23;494;4;0;0;0;210818;209;2;0;0
FR;4;2021-05-24;1049;7;0;0;0;211867;216;2;0;0
FR;4;2021-05-25;7618;15;0;0;0;219485;231;2;0;0
FR;4;2021-05-26;7719;16;0;0;0;227204;247;2;0;0
FR;4;2021-05-27;14328;35;0;0;0;241532;282;2;0;0
FR;4;2021-05-28;26578;82;1;0;0;268110;364;3;0;0
FR;4;2021-05-29;11381;18;0;0;0;279491;382;3;0;0
FR;4;2021-05-30;970;6;0;0;0;280461;388;3;0;0
FR;4;2021-05-31;12683;21;0;0;0;293144;409;3;0;0
FR;4;2021-06-01;20244;46;1;0;0;313388;455;4;0;0
FR;4;2021-06-02;14514;33;0;0;0;327902;488;4;0;0
FR;4;2021-06-03;19399;24;1;0;0;347301;512;5;0;0
FR;4;2021-06-04;22505;47;0;0;0;369806;559;5;0;0
FR;4;2021-06-05;9712;32;0;0;0;379518;591;5;0;0
FR;4;2021-06-06;1037;0;0;0;0;380555;591;5;0;0
FR;4;2021-06-07;9223;19;0;0;0;389778;610;5;0;0
FR;4;2021-06-08;14607;31;0;0;0;404385;641;5;0;0
FR;4;2021-06-09;12200;25;0;0;0;416585;666;5;0;0
FR;4;2021-06-10;15395;30;0;0;0;431980;696;5;0;0
FR;4;2021-06-11;16972;55;0;0;0;448952;751;5;0;0
FR;4;2021-06-12;7443;27;0;0;0;456395;778;5;0;0
FR;4;2021-06-13;908;2;0;0;0;457303;780;5;0;0
FR;4;2021-06-14;6646;25;0;0;0;463949;805;5;0;0
FR;4;2021-06-15;10879;37;0;0;0;474828;842;5;0;0
FR;4;2021-06-16;8902;15;0;0;0;483730;857;5;0;0
FR;4;2021-06-17;10893;36;0;0;0;494623;893;5;0;0
FR;4;2021-06-18;12416;45;0;0;0;507039;938;5;0;0
FR;4;2021-06-19;5566;25;0;0;0;512605;963;5;0;0
FR;4;2021-06-20;816;5;0;0;0;513421;968;5;0;0
FR;4;2021-06-21;5080;20;0;0;0;518501;988;5;0;0
FR;4;2021-06-22;7904;27;2;0;0;526405;1015;7;0;0
FR;4;2021-06-23;7089;39;2;0;0;533494;1054;9;0;0
FR;4;2021-06-24;8645;45;1;0;0;542139;1099;10;0;0
FR;4;2021-06-25;10167;39;2;0;0;552306;1138;12;0;0
FR;4;2021-06-26;4839;21;0;0;0;557145;1159;12;0;0
FR;4;2021-06-27;758;3;0;0;0;557903;1162;12;0;0
FR;4;2021-06-28;4813;16;1;0;0;562716;1178;13;0;0
FR;4;2021-06-29;7095;27;2;0;0;569811;1205;15;0;0
FR;4;2021-06-30;6709;40;2;0;0;576520;1245;17;0;0
FR;4;2021-07-01;8184;40;0;0;0;584704;1285;17;0;0
FR;4;2021-07-02;9413;52;1;0;0;594117;1337;18;0;0
FR;4;2021-07-03;4840;19;0;0;0;598957;1356;18;0;0
FR;4;2021-07-04;685;5;0;0;0;599642;1361;18;0;0
FR;4;2021-07-05;4767;19;2;0;0;604409;1380;20;0;0
FR;4;2021-07-06;7713;28;4;0;0;612122;1408;24;0;0
FR;4;2021-07-07;7064;34;2;0;0;619186;1442;26;0;0
FR;4;2021-07-08;9216;38;2;0;0;628402;1480;28;0;0
FR;4;2021-07-09;10270;33;1;0;0;638672;1513;29;0;0
FR;4;2021-07-10;4634;14;2;0;0;643306;1527;31;0;0
FR;4;2021-07-11;580;4;1;0;0;643886;1531;32;0;0
FR;4;2021-07-12;5868;29;0;0;0;649754;1560;32;0;0
FR;4;2021-07-13;14226;29;0;0;0;663980;1589;32;0;0
FR;4;2021-07-14;2280;14;0;0;0;666260;1603;32;0;0
FR;4;2021-07-15;18227;36;0;0;0;684487;1639;32;0;0
FR;4;2021-07-16;22814;70;2;0;0;707301;1709;34;0;0
FR;4;2021-07-17;9734;20;0;0;0;717035;1729;34;0;0
FR;4;2021-07-18;1352;4;0;0;0;718387;1733;34;0;0
FR;4;2021-07-19;12972;28;1;0;0;731359;1761;35;0;0
FR;4;2021-07-20;17325;26;1;0;0;748684;1787;36;0;0
FR;4;2021-07-21;15601;33;0;0;0;764285;1820;36;0;0
FR;4;2021-07-22;18231;43;2;0;0;782516;1863;38;0;0
FR;4;2021-07-23;20399;57;7;0;0;802915;1920;45;0;0
FR;4;2021-07-24;9272;32;0;0;0;812187;1952;45;0;0
FR;4;2021-07-25;1342;8;0;0;0;813529;1960;45;0;0
FR;4;2021-07-26;11024;20;0;0;0;824553;1980;45;0;0
FR;4;2021-07-27;14652;35;3;0;0;839205;2015;48;0;0
FR;4;2021-07-28;12915;26;2;0;0;852120;2041;50;0;0
FR;4;2021-07-29;14068;54;4;0;0;866188;2095;54;0;0
FR;4;2021-07-30;15470;45;2;0;0;881658;2140;56;0;0
FR;4;2021-07-31;6817;14;2;0;0;888475;2154;58;0;0
FR;4;2021-08-01;902;1;0;0;0;889377;2155;58;0;0
FR;4;2021-08-02;7893;29;0;0;0;897270;2184;58;0;0
FR;4;2021-08-03;10786;32;2;0;0;908056;2216;60;0;0
FR;4;2021-08-04;9720;29;0;0;0;917776;2245;60;0;0
FR;4;2021-08-05;9802;41;0;0;0;927578;2286;60;0;0
FR;4;2021-08-06;10169;31;3;0;0;937747;2317;63;0;0
FR;4;2021-08-07;5079;30;1;0;0;942826;2347;64;0;0
FR;4;2021-08-08;1212;13;0;0;0;944038;2360;64;0;0
FR;4;2021-08-09;6323;30;0;0;0;950361;2390;64;0;0
FR;4;2021-08-10;8737;19;0;0;0;959098;2409;64;0;0
FR;4;2021-08-11;7923;33;3;0;0;967021;2442;67;0;0
FR;4;2021-08-12;8578;29;1;0;0;975599;2471;68;0;0
FR;4;2021-08-13;7537;24;0;1;0;983136;2495;68;1;0
FR;4;2021-08-14;3782;20;0;0;0;986918;2515;68;1;0
FR;4;2021-08-15;767;5;0;0;0;987685;2520;68;1;0
FR;4;2021-08-16;3999;16;0;0;0;991684;2536;68;1;0
FR;4;2021-08-17;5611;15;1;0;0;997295;2551;69;1;0
FR;4;2021-08-18;5153;34;0;0;0;1002448;2585;69;1;0
FR;4;2021-08-19;5470;34;3;0;0;1007918;2619;72;1;0
FR;4;2021-08-20;5201;23;1;0;0;1013119;2642;73;1;0
FR;4;2021-08-21;2304;21;1;0;0;1015423;2663;74;1;0
FR;4;2021-08-22;400;2;0;0;0;1015823;2665;74;1;0
FR;4;2021-08-23;2914;19;1;0;0;1018737;2684;75;1;0
FR;4;2021-08-24;3737;15;0;0;0;1022474;2699;75;1;0
FR;4;2021-08-25;3533;25;0;0;0;1026007;2724;75;1;0
FR;4;2021-08-26;3699;20;1;0;0;1029706;2744;76;1;0
FR;4;2021-08-27;3597;31;2;0;0;1033303;2775;78;1;0
FR;4;2021-08-28;1721;10;1;0;0;1035024;2785;79;1;0
FR;4;2021-08-29;387;7;1;0;0;1035411;2792;80;1;0
FR;4;2021-08-30;2000;24;0;0;14;1037411;2816;80;1;14
FR;4;2021-08-31;2473;20;0;0;13;1039884;2836;80;1;27
FR;4;2021-09-01;2071;38;1;0;21;1041955;2874;81;1;48
FR;4;2021-09-02;2299;31;4;0;18;1044254;2905;85;1;66
FR;4;2021-09-03;2353;44;5;0;32;1046607;2949;90;1;98
FR;4;2021-09-04;1373;17;0;0;6;1047980;2966;90;1;104
FR;4;2021-09-05;428;2;0;0;2;1048408;2968;90;1;106
FR;4;2021-09-06;1701;62;0;0;23;1050109;3030;90;1;129
FR;4;2021-09-07;1671;18;0;0;8;1051780;3048;90;1;137
FR;4;2021-09-08;1278;26;3;1;19;1053058;3074;93;2;156
FR;4;2021-09-09;1384;23;2;0;9;1054442;3097;95;2;165
FR;4;2021-09-10;1513;31;2;0;23;1055955;3128;97;2;188
FR;4;2021-09-11;734;11;0;0;3;1056689;3139;97;2;191
FR;4;2021-09-12;168;4;0;0;2;1056857;3143;97;2;193
FR;4;2021-09-13;1309;21;1;0;15;1058166;3164;98;2;208
FR;4;2021-09-14;1493;9;2;0;6;1059659;3173;100;2;214
FR;4;2021-09-15;1087;26;1;0;24;1060746;3199;101;2;238
FR;4;2021-09-16;1094;22;2;0;15;1061840;3221;103;2;253
FR;4;2021-09-17;889;21;1;0;12;1062729;3242;104;2;265
FR;4;2021-09-18;460;5;1;0;4;1063189;3247;105;2;269
FR;4;2021-09-19;182;3;0;0;2;1063371;3250;105;2;271
FR;4;2021-09-20;442;18;0;0;12;1063813;3268;105;2;283
FR;4;2021-09-21;420;11;0;0;7;1064233;3279;105;2;290
FR;4;2021-09-22;372;19;2;0;13;1064605;3298;107;2;303
FR;4;2021-09-23;476;15;1;0;14;1065081;3313;108;2;317
FR;4;2021-09-24;407;13;2;0;9;1065488;3326;110;2;326
FR;4;2021-09-25;281;9;1;0;4;1065769;3335;111;2;330
FR;4;2021-09-26;71;2;0;0;1;1065840;3337;111;2;331
FR;4;2021-09-27;259;10;1;0;8;1066099;3347;112;2;339
FR;4;2021-09-28;313;8;0;0;8;1066412;3355;112;2;347
FR;4;2021-09-29;370;19;1;0;13;1066782;3374;113;2;360
FR;4;2021-09-30;358;39;0;0;20;1067140;3413;113;2;380
FR;4;2021-10-01;400;49;0;0;43;1067540;3462;113;2;423
FR;4;2021-10-02;193;22;1;0;13;1067733;3484;114;2;436
FR;4;2021-10-03;83;1;0;0;0;1067816;3485;114;2;436
FR;4;2021-10-04;353;19;1;0;15;1068169;3504;115;2;451
FR;4;2021-10-05;272;19;2;0;15;1068441;3523;117;2;466
FR;4;2021-10-06;242;22;1;0;18;1068683;3545;118;2;484
FR;4;2021-10-07;251;26;2;0;14;1068934;3571;120;2;498
FR;4;2021-10-08;351;22;2;0;18;1069285;3593;122;2;516
FR;4;2021-10-09;191;6;6;0;7;1069476;3599;128;2;523
FR;4;2021-10-10;93;3;2;0;3;1069569;3602;130;2;526
FR;4;2021-10-11;243;14;1;0;13;1069812;3616;131;2;539
FR;4;2021-10-12;202;14;0;0;13;1070014;3630;131;2;552
FR;4;2021-10-13;218;27;1;0;24;1070232;3657;132;2;576
FR;4;2021-10-14;304;20;4;0;14;1070536;3677;136;2;590
FR;4;2021-10-15;319;24;5;0;25;1070855;3701;141;2;615
FR;4;2021-10-16;163;6;2;0;6;1071018;3707;143;2;621
FR;4;2021-10-17;70;2;0;0;1;1071088;3709;143;2;622
FR;4;2021-10-18;275;16;1;0;12;1071363;3725;144;2;634
FR;4;2021-10-19;206;14;2;0;15;1071569;3739;146;2;649
FR;4;2021-10-20;225;27;3;0;14;1071794;3766;149;2;663
FR;4;2021-10-21;232;17;0;0;13;1072026;3783;149;2;676
FR;4;2021-10-22;207;26;2;0;21;1072233;3809;151;2;697
FR;4;2021-10-23;115;16;1;0;15;1072348;3825;152;2;712
FR;4;2021-10-24;37;4;0;0;1;1072385;3829;152;2;713
FR;4;2021-10-25;205;7;2;0;9;1072590;3836;154;2;722
FR;4;2021-10-26;195;13;0;0;11;1072785;3849;154;2;733
FR;4;2021-10-27;190;11;4;0;11;1072975;3860;158;2;744
FR;4;2021-10-28;180;18;4;0;21;1073155;3878;162;2;765
FR;4;2021-10-29;218;16;2;0;14;1073373;3894;164;2;779
FR;4;2021-10-30;100;2;1;0;2;1073473;3896;165;2;781
FR;4;2021-10-31;55;3;2;0;3;1073528;3899;167;2;784
FR;4;2021-11-01;74;27;4;0;24;1073602;3926;171;2;808
FR;4;2021-11-02;151;20;2;0;21;1073753;3946;173;2;829
FR;4;2021-11-03;127;20;8;1;18;1073880;3966;181;3;847
FR;4;2021-11-04;173;13;1;0;10;1074053;3979;182;3;857
FR;4;2021-11-05;123;17;1;0;16;1074176;3996;183;3;873
FR;4;2021-11-06;77;6;1;0;6;1074253;4002;184;3;879
FR;4;2021-11-07;74;2;2;0;4;1074327;4004;186;3;883
FR;4;2021-11-08;158;18;1;0;18;1074485;4022;187;3;901
FR;4;2021-11-09;150;14;3;0;16;1074635;4036;190;3;917
FR;4;2021-11-10;110;27;6;0;29;1074745;4063;196;3;946
FR;4;2021-11-11;80;10;0;0;10;1074825;4073;196;3;956
FR;4;2021-11-12;96;18;2;0;18;1074921;4091;198;3;974
FR;4;2021-11-13;72;15;2;0;14;1074993;4106;200;3;988
FR;4;2021-11-14;52;5;3;0;7;1075045;4111;203;3;995
FR;4;2021-11-15;95;26;2;0;24;1075140;4137;205;3;1019
FR;4;2021-11-16;98;12;2;0;14;1075238;4149;207;3;1033
FR;4;2021-11-17;111;29;4;0;29;1075349;4178;211;3;1062
FR;4;2021-11-18;95;34;11;0;39;1075444;4212;222;3;1101
FR;4;2021-11-19;78;19;3;0;20;1075522;4231;225;3;1121
FR;4;2021-11-20;60;6;1;0;6;1075582;4237;226;3;1127
FR;4;2021-11-21;61;7;2;0;9;1075643;4244;228;3;1136
FR;4;2021-11-22;100;27;6;0;29;1075743;4271;234;3;1165
FR;4;2021-11-23;71;28;5;0;25;1075814;4299;239;3;1190
FR;4;2021-11-24;84;23;9;0;22;1075898;4322;248;3;1212
FR;4;2021-11-25;83;29;14;0;31;1075981;4351;262;3;1243
FR;4;2021-11-26;78;42;12;0;44;1076059;4393;274;3;1287
FR;4;2021-11-27;33;22;17;0;25;1076092;4415;291;3;1312
FR;4;2021-11-28;46;8;0;0;7;1076138;4423;291;3;1319
FR;4;2021-11-29;80;31;14;0;38;1076218;4454;305;3;1357
FR;4;2021-11-30;58;36;12;0;40;1076276;4490;317;3;1397
FR;4;2021-12-01;70;60;18;0;66;1076346;4550;335;3;1463
FR;4;2021-12-02;96;48;19;0;53;1076442;4598;354;3;1516
FR;4;2021-12-03;98;36;15;0;44;1076540;4634;369;3;1560
FR;4;2021-12-04;67;31;19;0;44;1076607;4665;388;3;1604
FR;4;2021-12-05;56;5;1;0;6;1076663;4670;389;3;1610
FR;4;2021-12-06;93;45;21;0;60;1076756;4715;410;3;1670
FR;4;2021-12-07;76;33;10;0;33;1076832;4748;420;3;1703
FR;4;2021-12-08;64;28;18;0;33;1076896;4776;438;3;1736
FR;4;2021-12-09;58;32;10;0;38;1076954;4808;448;3;1774
FR;4;2021-12-10;59;62;21;0;67;1077013;4870;469;3;1841
FR;4;2021-12-11;24;33;7;0;33;1077037;4903;476;3;1874
FR;4;2021-12-12;22;10;3;0;13;1077059;4913;479;3;1887
FR;4;2021-12-13;64;39;13;0;48;1077123;4952;492;3;1935
FR;4;2021-12-14;53;43;14;0;51;1077176;4995;506;3;1986
FR;4;2021-12-15;57;61;29;0;81;1077233;5056;535;3;2067
FR;4;2021-12-16;29;43;18;0;55;1077262;5099;553;3;2122
FR;4;2021-12-17;36;54;12;0;59;1077298;5153;565;3;2181
FR;4;2021-12-18;47;29;2;0;30;1077345;5182;567;3;2211
FR;4;2021-12-19;15;4;1;0;4;1077360;5186;568;3;2215
FR;4;2021-12-20;35;38;12;0;43;1077395;5224;580;3;2258
FR;4;2021-12-21;24;30;14;0;35;1077419;5254;594;3;2293
FR;4;2021-12-22;35;35;10;0;36;1077454;5289;604;3;2329
FR;4;2021-12-23;38;43;8;0;47;1077492;5332;612;3;2376
FR;4;2021-12-24;22;25;10;0;29;1077514;5357;622;3;2405
FR;4;2021-12-25;6;3;3;0;4;1077520;5360;625;3;2409
FR;4;2021-12-26;4;3;1;0;2;1077524;5363;626;3;2411
FR;4;2021-12-27;26;42;9;0;43;1077550;5405;635;3;2454
FR;4;2021-12-28;24;28;8;0;29;1077574;5433;643;3;2483
FR;4;2021-12-29;44;23;10;0;27;1077618;5456;653;3;2510
FR;4;2021-12-30;36;16;12;0;19;1077654;5472;665;3;2529
FR;4;2021-12-31;18;4;8;0;10;1077672;5476;673;3;2539
FR;4;2022-01-01;4;4;4;0;6;1077676;5480;677;3;2545
FR;4;2022-01-02;38;4;14;0;17;1077714;5484;691;3;2562
FR;4;2022-01-03;36;49;19;1;54;1077750;5533;710;4;2616
FR;4;2022-01-04;25;25;11;1;26;1077775;5558;721;5;2642
FR;4;2022-01-05;42;19;16;0;19;1077817;5577;737;5;2661
FR;4;2022-01-06;41;19;20;0;31;1077858;5596;757;5;2692
FR;4;2022-01-07;18;19;15;0;19;1077876;5615;772;5;2711
FR;4;2022-01-08;8;5;9;0;11;1077884;5620;781;5;2722
FR;4;2022-01-09;15;1;1;0;2;1077899;5621;782;5;2724
FR;4;2022-01-10;34;21;16;0;32;1077933;5642;798;5;2756
FR;4;2022-01-11;21;29;12;0;31;1077954;5671;810;5;2787
FR;4;2022-01-12;29;16;12;0;17;1077983;5687;822;5;2804
FR;4;2022-01-13;46;17;26;0;33;1078029;5704;848;5;2837
FR;4;2022-01-14;19;26;12;0;28;1078048;5730;860;5;2865
FR;4;2022-01-15;10;6;7;0;11;1078058;5736;867;5;2876
FR;4;2022-01-16;9;8;10;0;17;1078067;5744;877;5;2893
FR;4;2022-01-17;22;17;11;0;22;1078089;5761;888;5;2915
FR;4;2022-01-18;15;13;7;0;17;1078104;5774;895;5;2932
FR;4;2022-01-19;26;20;9;0;27;1078130;5794;904;5;2959
FR;4;2022-01-20;29;33;13;0;36;1078159;5827;917;5;2995
FR;4;2022-01-21;7;12;18;1;15;1078166;5839;935;6;3010
FR;4;2022-01-22;28;9;2;0;9;1078194;5848;937;6;3019
FR;4;2022-01-23;5;2;4;0;6;1078199;5850;941;6;3025
FR;4;2022-01-24;13;20;8;0;27;1078212;5870;949;6;3052
FR;4;2022-01-25;20;30;8;1;34;1078232;5900;957;7;3086
FR;4;2022-01-26;17;15;6;1;16;1078249;5915;963;8;3102
FR;4;2022-01-27;16;18;5;0;21;1078265;5933;968;8;3123
FR;4;2022-01-28;12;22;7;0;24;1078277;5955;975;8;3147
FR;4;2022-01-29;14;5;3;0;7;1078291;5960;978;8;3154
FR;4;2022-01-30;16;2;0;0;2;1078307;5962;978;8;3156
FR;4;2022-01-31;18;25;6;0;28;1078325;5987;984;8;3184
FR;4;2022-02-01;9;18;11;0;18;1078334;6005;995;8;3202
FR;4;2022-02-02;16;11;9;2;15;1078350;6016;1004;10;3217
FR;4;2022-02-03;10;19;9;0;22;1078360;6035;1013;10;3239
FR;4;2022-02-04;5;5;7;0;9;1078365;6040;1020;10;3248
FR;4;2022-02-05;6;14;1;0;13;1078371;6054;1021;10;3261
FR;4;2022-02-06;5;2;1;0;2;1078376;6056;1022;10;3263
FR;4;2022-02-07;11;18;6;0;18;1078387;6074;1028;10;3281
FR;4;2022-02-08;13;18;12;1;19;1078400;6092;1040;11;3300
FR;4;2022-02-09;13;11;7;0;14;1078413;6103;1047;11;3314
FR;4;2022-02-10;18;22;8;0;22;1078431;6125;1055;11;3336
FR;4;2022-02-11;17;14;7;0;18;1078448;6139;1062;11;3354
FR;4;2022-02-12;23;5;0;0;3;1078471;6144;1062;11;3357
FR;4;2022-02-13;7;3;3;0;6;1078478;6147;1065;11;3363
FR;4;2022-02-14;16;10;7;0;13;1078494;6157;1072;11;3376
FR;4;2022-02-15;14;7;0;0;6;1078508;6164;1072;11;3382
FR;4;2022-02-16;10;8;9;0;13;1078518;6172;1081;11;3395
FR;4;2022-02-17;8;3;4;0;5;1078526;6175;1085;11;3400
FR;4;2022-02-18;16;13;6;0;17;1078542;6188;1091;11;3417
FR;4;2022-02-19;16;2;1;0;3;1078558;6190;1092;11;3420
FR;4;2022-02-20;6;2;0;0;1;1078564;6192;1092;11;3421
FR;4;2022-02-21;22;3;2;0;3;1078586;6195;1094;11;3424
FR;4;2022-02-22;8;4;8;0;8;1078594;6199;1102;11;3432
FR;4;2022-02-23;15;6;6;0;6;1078609;6205;1108;11;3438
FR;4;2022-02-24;7;3;2;0;3;1078616;6208;1110;11;3441
FR;4;2022-02-25;15;4;7;0;5;1078631;6212;1117;11;3446
FR;4;2022-02-26;24;3;0;0;3;1078655;6215;1117;11;3449
FR;4;2022-02-27;8;0;0;0;0;1078663;6215;1117;11;3449
FR;4;2022-02-28;13;3;2;0;3;1078676;6218;1119;11;3452
FR;4;2022-03-01;5;2;7;0;3;1078681;6220;1126;11;3455
FR;4;2022-03-02;8;2;3;0;4;1078689;6222;1129;11;3459
FR;4;2022-03-03;10;2;1;0;1;1078699;6224;1130;11;3460
FR;4;2022-03-04;6;6;2;1;5;1078705;6230;1132;12;3465
FR;4;2022-03-05;8;2;0;0;2;1078713;6232;1132;12;3467
FR;4;2022-03-06;2;0;1;0;1;1078715;6232;1133;12;3468
FR;4;2022-03-07;8;4;1;0;3;1078723;6236;1134;12;3471
FR;4;2022-03-08;13;1;0;0;1;1078736;6237;1134;12;3472
FR;4;2022-03-09;7;3;2;0;4;1078743;6240;1136;12;3476
FR;4;2022-03-10;4;0;4;0;1;1078747;6240;1140;12;3477
FR;4;2022-03-11;6;2;5;0;1;1078753;6242;1145;12;3478
FR;4;2022-03-12;9;2;0;0;0;1078762;6244;1145;12;3478
FR;4;2022-03-13;4;0;0;0;0;1078766;6244;1145;12;3478
FR;4;2022-03-14;3;0;0;0;0;1078769;6244;1145;12;3478
FR;4;2022-03-15;3;3;1;0;1;1078772;6247;1146;12;3479
FR;4;2022-03-16;4;1;3;0;2;1078776;6248;1149;12;3481
FR;4;2022-03-17;0;1;1;0;2;1078776;6249;1150;12;3483
FR;4;2022-03-18;6;0;0;0;0;1078782;6249;1150;12;3483
FR;4;2022-03-19;1;0;0;0;0;1078783;6249;1150;12;3483
FR;4;2022-03-20;2;0;0;0;0;1078785;6249;1150;12;3483
FR;4;2022-03-21;5;2;0;0;2;1078790;6251;1150;12;3485
FR;4;2022-03-22;0;2;0;0;2;1078790;6253;1150;12;3487
FR;4;2022-03-23;6;3;3;0;5;1078796;6256;1153;12;3492
FR;4;2022-03-24;2;3;0;1;2;1078798;6259;1153;13;3494
FR;4;2022-03-25;2;2;1;0;2;1078800;6261;1154;13;3496
FR;4;2022-03-26;5;5;0;0;5;1078805;6266;1154;13;3501
FR;4;2022-03-27;0;0;1;0;0;1078805;6266;1155;13;3501
FR;4;2022-03-28;3;1;0;0;0;1078808;6267;1155;13;3501
FR;4;2022-03-29;4;0;3;1;0;1078812;6267;1158;14;3501
FR;4;2022-03-30;0;3;0;0;3;1078812;6270;1158;14;3504
FR;4;2022-03-31;1;1;1;1;1;1078813;6271;1159;15;3505
FR;4;2022-04-01;11;0;1;0;1;1078824;6271;1160;15;3506
FR;4;2022-04-02;3;0;0;0;0;1078827;6271;1160;15;3506
FR;4;2022-04-03;0;0;0;0;0;1078827;6271;1160;15;3506
FR;4;2022-04-04;3;0;0;0;0;1078830;6271;1160;15;3506
FR;4;2022-04-05;3;1;0;0;0;1078833;6272;1160;15;3506
FR;4;2022-04-06;3;0;0;0;0;1078836;6272;1160;15;3506
FR;4;2022-04-07;1;2;0;2;2;1078837;6274;1160;17;3508
FR;5;2020-12-27;0;0;0;0;0;0;0;0;0;0
FR;5;2020-12-28;0;0;0;0;0;0;0;0;0;0
FR;5;2020-12-29;0;0;0;0;0;0;0;0;0;0
FR;5;2020-12-30;0;0;0;0;0;0;0;0;0;0
FR;5;2020-12-31;0;0;0;0;0;0;0;0;0;0
FR;5;2021-01-01;0;0;0;0;0;0;0;0;0;0
FR;5;2021-01-02;0;0;0;0;0;0;0;0;0;0
FR;5;2021-01-03;0;0;0;0;0;0;0;0;0;0
FR;5;2021-01-04;0;0;0;0;0;0;0;0;0;0
FR;5;2021-01-05;0;0;0;0;0;0;0;0;0;0
FR;5;2021-01-06;0;0;0;0;0;0;0;0;0;0
FR;5;2021-01-07;0;0;0;0;0;0;0;0;0;0
FR;5;2021-01-08;0;0;0;0;0;0;0;0;0;0
FR;5;2021-01-09;0;0;0;0;0;0;0;0;0;0
FR;5;2021-01-10;0;0;0;0;0;0;0;0;0;0
FR;5;2021-01-11;0;0;0;0;0;0;0;0;0;0
FR;5;2021-01-12;0;0;0;0;0;0;0;0;0;0
FR;5;2021-01-13;0;0;0;0;0;0;0;0;0;0
FR;5;2021-01-14;0;0;0;0;0;0;0;0;0;0
FR;5;2021-01-15;0;0;0;0;0;0;0;0;0;0
FR;5;2021-01-16;0;0;0;0;0;0;0;0;0;0
FR;5;2021-01-17;0;0;0;0;0;0;0;0;0;0
FR;5;2021-01-18;0;0;0;0;0;0;0;0;0;0
FR;5;2021-01-19;0;0;0;0;0;0;0;0;0;0
FR;5;2021-01-20;0;0;0;0;0;0;0;0;0;0
FR;5;2021-01-21;0;0;0;0;0;0;0;0;0;0
FR;5;2021-01-22;0;0;0;0;0;0;0;0;0;0
FR;5;2021-01-23;0;0;0;0;0;0;0;0;0;0
FR;5;2021-01-24;0;0;0;0;0;0;0;0;0;0
FR;5;2021-01-25;0;0;0;0;0;0;0;0;0;0
FR;5;2021-01-26;0;0;0;0;0;0;0;0;0;0
FR;5;2021-01-27;0;0;0;0;0;0;0;0;0;0
FR;5;2021-01-28;0;0;0;0;0;0;0;0;0;0
FR;5;2021-01-29;0;0;0;0;0;0;0;0;0;0
FR;5;2021-01-30;0;0;0;0;0;0;0;0;0;0
FR;5;2021-01-31;0;0;0;0;0;0;0;0;0;0
FR;5;2021-02-01;0;0;0;0;0;0;0;0;0;0
FR;5;2021-02-02;0;0;0;0;0;0;0;0;0;0
FR;5;2021-02-03;0;0;0;0;0;0;0;0;0;0
FR;5;2021-02-04;0;0;0;0;0;0;0;0;0;0
FR;5;2021-02-05;0;0;0;0;0;0;0;0;0;0
FR;5;2021-02-06;0;0;0;0;0;0;0;0;0;0
FR;5;2021-02-07;0;0;0;0;0;0;0;0;0;0
FR;5;2021-02-08;0;0;0;0;0;0;0;0;0;0
FR;5;2021-02-09;0;0;0;0;0;0;0;0;0;0
FR;5;2021-02-10;0;0;0;0;0;0;0;0;0;0
FR;5;2021-02-11;0;0;0;0;0;0;0;0;0;0
FR;5;2021-02-12;0;0;0;0;0;0;0;0;0;0
FR;5;2021-02-13;0;0;0;0;0;0;0;0;0;0
FR;5;2021-02-14;0;0;0;0;0;0;0;0;0;0
FR;5;2021-02-15;0;0;0;0;0;0;0;0;0;0
FR;5;2021-02-16;0;0;0;0;0;0;0;0;0;0
FR;5;2021-02-17;0;0;0;0;0;0;0;0;0;0
FR;5;2021-02-18;0;0;0;0;0;0;0;0;0;0
FR;5;2021-02-19;0;0;0;0;0;0;0;0;0;0
FR;5;2021-02-20;0;0;0;0;0;0;0;0;0;0
FR;5;2021-02-21;0;0;0;0;0;0;0;0;0;0
FR;5;2021-02-22;0;0;0;0;0;0;0;0;0;0
FR;5;2021-02-23;0;0;0;0;0;0;0;0;0;0
FR;5;2021-02-24;0;0;0;0;0;0;0;0;0;0
FR;5;2021-02-25;0;0;0;0;0;0;0;0;0;0
FR;5;2021-02-26;0;0;0;0;0;0;0;0;0;0
FR;5;2021-02-27;0;0;0;0;0;0;0;0;0;0
FR;5;2021-02-28;0;0;0;0;0;0;0;0;0;0
FR;5;2021-03-01;0;0;0;0;0;0;0;0;0;0
FR;5;2021-03-02;0;0;0;0;0;0;0;0;0;0
FR;5;2021-03-03;0;0;0;0;0;0;0;0;0;0
FR;5;2021-03-04;0;0;0;0;0;0;0;0;0;0
FR;5;2021-03-05;0;0;0;0;0;0;0;0;0;0
FR;5;2021-03-06;0;0;0;0;0;0;0;0;0;0
FR;5;2021-03-07;0;0;0;0;0;0;0;0;0;0
FR;5;2021-03-08;0;0;0;0;0;0;0;0;0;0
FR;5;2021-03-09;0;0;0;0;0;0;0;0;0;0
FR;5;2021-03-10;0;0;0;0;0;0;0;0;0;0
FR;5;2021-03-11;0;0;0;0;0;0;0;0;0;0
FR;5;2021-03-12;0;0;0;0;0;0;0;0;0;0
FR;5;2021-03-13;0;0;0;0;0;0;0;0;0;0
FR;5;2021-03-14;0;0;0;0;0;0;0;0;0;0
FR;5;2021-03-15;0;0;0;0;0;0;0;0;0;0
FR;5;2021-03-16;0;0;0;0;0;0;0;0;0;0
FR;5;2021-03-17;0;0;0;0;0;0;0;0;0;0
FR;5;2021-03-18;0;0;0;0;0;0;0;0;0;0
FR;5;2021-03-19;0;0;0;0;0;0;0;0;0;0
FR;5;2021-03-20;0;0;0;0;0;0;0;0;0;0
FR;5;2021-03-21;0;0;0;0;0;0;0;0;0;0
FR;5;2021-03-22;0;0;0;0;0;0;0;0;0;0
FR;5;2021-03-23;0;0;0;0;0;0;0;0;0;0
FR;5;2021-03-24;0;0;0;0;0;0;0;0;0;0
FR;5;2021-03-25;0;0;0;0;0;0;0;0;0;0
FR;5;2021-03-26;0;0;0;0;0;0;0;0;0;0
FR;5;2021-03-27;0;0;0;0;0;0;0;0;0;0
FR;5;2021-03-28;0;0;0;0;0;0;0;0;0;0
FR;5;2021-03-29;0;0;0;0;0;0;0;0;0;0
FR;5;2021-03-30;0;0;0;0;0;0;0;0;0;0
FR;5;2021-03-31;0;0;0;0;0;0;0;0;0;0
FR;5;2021-04-01;0;0;0;0;0;0;0;0;0;0
FR;5;2021-04-02;0;0;0;0;0;0;0;0;0;0
FR;5;2021-04-03;0;0;0;0;0;0;0;0;0;0
FR;5;2021-04-04;0;0;0;0;0;0;0;0;0;0
FR;5;2021-04-05;0;0;0;0;0;0;0;0;0;0
FR;5;2021-04-06;0;0;0;0;0;0;0;0;0;0
FR;5;2021-04-07;0;0;0;0;0;0;0;0;0;0
FR;5;2021-04-08;0;0;0;0;0;0;0;0;0;0
FR;5;2021-04-09;0;0;0;0;0;0;0;0;0;0
FR;5;2021-04-10;0;0;0;0;0;0;0;0;0;0
FR;5;2021-04-11;0;0;0;0;0;0;0;0;0;0
FR;5;2021-04-12;0;0;0;0;0;0;0;0;0;0
FR;5;2021-04-13;0;0;0;0;0;0;0;0;0;0
FR;5;2021-04-14;0;0;0;0;0;0;0;0;0;0
FR;5;2021-04-15;0;0;0;0;0;0;0;0;0;0
FR;5;2021-04-16;0;0;0;0;0;0;0;0;0;0
FR;5;2021-04-17;0;0;0;0;0;0;0;0;0;0
FR;5;2021-04-18;0;0;0;0;0;0;0;0;0;0
FR;5;2021-04-19;0;0;0;0;0;0;0;0;0;0
FR;5;2021-04-20;0;0;0;0;0;0;0;0;0;0
FR;5;2021-04-21;0;0;0;0;0;0;0;0;0;0
FR;5;2021-04-22;0;0;0;0;0;0;0;0;0;0
FR;5;2021-04-23;0;0;0;0;0;0;0;0;0;0
FR;5;2021-04-24;0;0;0;0;0;0;0;0;0;0
FR;5;2021-04-25;0;0;0;0;0;0;0;0;0;0
FR;5;2021-04-26;0;0;0;0;0;0;0;0;0;0
FR;5;2021-04-27;0;0;0;0;0;0;0;0;0;0
FR;5;2021-04-28;0;0;0;0;0;0;0;0;0;0
FR;5;2021-04-29;0;0;0;0;0;0;0;0;0;0
FR;5;2021-04-30;0;0;0;0;0;0;0;0;0;0
FR;5;2021-05-01;0;0;0;0;0;0;0;0;0;0
FR;5;2021-05-02;0;0;0;0;0;0;0;0;0;0
FR;5;2021-05-03;0;0;0;0;0;0;0;0;0;0
FR;5;2021-05-04;0;0;0;0;0;0;0;0;0;0
FR;5;2021-05-05;0;0;0;0;0;0;0;0;0;0
FR;5;2021-05-06;0;0;0;0;0;0;0;0;0;0
FR;5;2021-05-07;0;0;0;0;0;0;0;0;0;0
FR;5;2021-05-08;0;0;0;0;0;0;0;0;0;0
FR;5;2021-05-09;0;0;0;0;0;0;0;0;0;0
FR;5;2021-05-10;0;0;0;0;0;0;0;0;0;0
FR;5;2021-05-11;0;0;0;0;0;0;0;0;0;0
FR;5;2021-05-12;0;0;0;0;0;0;0;0;0;0
FR;5;2021-05-13;0;0;0;0;0;0;0;0;0;0
FR;5;2021-05-14;0;0;0;0;0;0;0;0;0;0
FR;5;2021-05-15;0;0;0;0;0;0;0;0;0;0
FR;5;2021-05-16;0;0;0;0;0;0;0;0;0;0
FR;5;2021-05-17;0;0;0;0;0;0;0;0;0;0
FR;5;2021-05-18;0;0;0;0;0;0;0;0;0;0
FR;5;2021-05-19;0;0;0;0;0;0;0;0;0;0
FR;5;2021-05-20;0;0;0;0;0;0;0;0;0;0
FR;5;2021-05-21;0;0;0;0;0;0;0;0;0;0
FR;5;2021-05-22;0;0;0;0;0;0;0;0;0;0
FR;5;2021-05-23;0;0;0;0;0;0;0;0;0;0
FR;5;2021-05-24;0;0;0;0;0;0;0;0;0;0
FR;5;2021-05-25;0;0;0;0;0;0;0;0;0;0
FR;5;2021-05-26;0;0;0;0;0;0;0;0;0;0
FR;5;2021-05-27;0;0;0;0;0;0;0;0;0;0
FR;5;2021-05-28;0;0;0;0;0;0;0;0;0;0
FR;5;2021-05-29;0;0;0;0;0;0;0;0;0;0
FR;5;2021-05-30;0;0;0;0;0;0;0;0;0;0
FR;5;2021-05-31;0;0;0;0;0;0;0;0;0;0
FR;5;2021-06-01;0;0;0;0;0;0;0;0;0;0
FR;5;2021-06-02;0;0;0;0;0;0;0;0;0;0
FR;5;2021-06-03;0;0;0;0;0;0;0;0;0;0
FR;5;2021-06-04;0;0;0;0;0;0;0;0;0;0
FR;5;2021-06-05;0;0;0;0;0;0;0;0;0;0
FR;5;2021-06-06;0;0;0;0;0;0;0;0;0;0
FR;5;2021-06-07;0;0;0;0;0;0;0;0;0;0
FR;5;2021-06-08;0;0;0;0;0;0;0;0;0;0
FR;5;2021-06-09;0;0;0;0;0;0;0;0;0;0
FR;5;2021-06-10;0;0;0;0;0;0;0;0;0;0
FR;5;2021-06-11;0;0;0;0;0;0;0;0;0;0
FR;5;2021-06-12;0;0;0;0;0;0;0;0;0;0
FR;5;2021-06-13;0;0;0;0;0;0;0;0;0;0
FR;5;2021-06-14;0;0;0;0;0;0;0;0;0;0
FR;5;2021-06-15;0;0;0;0;0;0;0;0;0;0
FR;5;2021-06-16;0;0;0;0;0;0;0;0;0;0
FR;5;2021-06-17;0;0;0;0;0;0;0;0;0;0
FR;5;2021-06-18;0;0;0;0;0;0;0;0;0;0
FR;5;2021-06-19;0;0;0;0;0;0;0;0;0;0
FR;5;2021-06-20;0;0;0;0;0;0;0;0;0;0
FR;5;2021-06-21;0;0;0;0;0;0;0;0;0;0
FR;5;2021-06-22;0;0;0;0;0;0;0;0;0;0
FR;5;2021-06-23;0;0;0;0;0;0;0;0;0;0
FR;5;2021-06-24;0;0;0;0;0;0;0;0;0;0
FR;5;2021-06-25;0;0;0;0;0;0;0;0;0;0
FR;5;2021-06-26;0;0;0;0;0;0;0;0;0;0
FR;5;2021-06-27;0;0;0;0;0;0;0;0;0;0
FR;5;2021-06-28;0;0;0;0;0;0;0;0;0;0
FR;5;2021-06-29;0;0;0;0;0;0;0;0;0;0
FR;5;2021-06-30;0;0;0;0;0;0;0;0;0;0
FR;5;2021-07-01;0;0;0;0;0;0;0;0;0;0
FR;5;2021-07-02;0;0;0;0;0;0;0;0;0;0
FR;5;2021-07-03;0;0;0;0;0;0;0;0;0;0
FR;5;2021-07-04;0;0;0;0;0;0;0;0;0;0
FR;5;2021-07-05;0;0;0;0;0;0;0;0;0;0
FR;5;2021-07-06;0;0;0;0;0;0;0;0;0;0
FR;5;2021-07-07;0;0;0;0;0;0;0;0;0;0
FR;5;2021-07-08;0;0;0;0;0;0;0;0;0;0
FR;5;2021-07-09;0;0;0;0;0;0;0;0;0;0
FR;5;2021-07-10;0;0;0;0;0;0;0;0;0;0
FR;5;2021-07-11;0;0;0;0;0;0;0;0;0;0
FR;5;2021-07-12;0;0;0;0;0;0;0;0;0;0
FR;5;2021-07-13;0;0;0;0;0;0;0;0;0;0
FR;5;2021-07-14;0;0;0;0;0;0;0;0;0;0
FR;5;2021-07-15;0;0;0;0;0;0;0;0;0;0
FR;5;2021-07-16;0;0;0;0;0;0;0;0;0;0
FR;5;2021-07-17;0;0;0;0;0;0;0;0;0;0
FR;5;2021-07-18;0;0;0;0;0;0;0;0;0;0
FR;5;2021-07-19;0;0;0;0;0;0;0;0;0;0
FR;5;2021-07-20;0;0;0;0;0;0;0;0;0;0
FR;5;2021-07-21;0;0;0;0;0;0;0;0;0;0
FR;5;2021-07-22;0;0;0;0;0;0;0;0;0;0
FR;5;2021-07-23;0;0;0;0;0;0;0;0;0;0
FR;5;2021-07-24;0;0;0;0;0;0;0;0;0;0
FR;5;2021-07-25;0;0;0;0;0;0;0;0;0;0
FR;5;2021-07-26;0;0;0;0;0;0;0;0;0;0
FR;5;2021-07-27;0;0;0;0;0;0;0;0;0;0
FR;5;2021-07-28;0;0;0;0;0;0;0;0;0;0
FR;5;2021-07-29;0;0;0;0;0;0;0;0;0;0
FR;5;2021-07-30;0;0;0;0;0;0;0;0;0;0
FR;5;2021-07-31;0;0;0;0;0;0;0;0;0;0
FR;5;2021-08-01;0;0;0;0;0;0;0;0;0;0
FR;5;2021-08-02;0;0;0;0;0;0;0;0;0;0
FR;5;2021-08-03;0;0;0;0;0;0;0;0;0;0
FR;5;2021-08-04;0;0;0;0;0;0;0;0;0;0
FR;5;2021-08-05;0;0;0;0;0;0;0;0;0;0
FR;5;2021-08-06;0;0;0;0;0;0;0;0;0;0
FR;5;2021-08-07;0;0;0;0;0;0;0;0;0;0
FR;5;2021-08-08;0;0;0;0;0;0;0;0;0;0
FR;5;2021-08-09;0;0;0;0;0;0;0;0;0;0
FR;5;2021-08-10;0;0;0;0;0;0;0;0;0;0
FR;5;2021-08-11;0;0;0;0;0;0;0;0;0;0
FR;5;2021-08-12;0;0;0;0;0;0;0;0;0;0
FR;5;2021-08-13;0;0;0;0;0;0;0;0;0;0
FR;5;2021-08-14;0;0;0;0;0;0;0;0;0;0
FR;5;2021-08-15;0;0;0;0;0;0;0;0;0;0
FR;5;2021-08-16;0;0;0;0;0;0;0;0;0;0
FR;5;2021-08-17;0;0;0;0;0;0;0;0;0;0
FR;5;2021-08-18;0;0;0;0;0;0;0;0;0;0
FR;5;2021-08-19;0;0;0;0;0;0;0;0;0;0
FR;5;2021-08-20;0;0;0;0;0;0;0;0;0;0
FR;5;2021-08-21;0;0;0;0;0;0;0;0;0;0
FR;5;2021-08-22;0;0;0;0;0;0;0;0;0;0
FR;5;2021-08-23;0;0;0;0;0;0;0;0;0;0
FR;5;2021-08-24;0;0;0;0;0;0;0;0;0;0
FR;5;2021-08-25;0;0;0;0;0;0;0;0;0;0
FR;5;2021-08-26;0;0;0;0;0;0;0;0;0;0
FR;5;2021-08-27;0;0;0;0;0;0;0;0;0;0
FR;5;2021-08-28;0;0;0;0;0;0;0;0;0;0
FR;5;2021-08-29;0;0;0;0;0;0;0;0;0;0
FR;5;2021-08-30;0;0;0;0;0;0;0;0;0;0
FR;5;2021-08-31;0;0;0;0;0;0;0;0;0;0
FR;5;2021-09-01;0;0;0;0;0;0;0;0;0;0
FR;5;2021-09-02;0;0;0;0;0;0;0;0;0;0
FR;5;2021-09-03;0;0;0;0;0;0;0;0;0;0
FR;5;2021-09-04;0;0;0;0;0;0;0;0;0;0
FR;5;2021-09-05;0;0;0;0;0;0;0;0;0;0
FR;5;2021-09-06;0;0;0;0;0;0;0;0;0;0
FR;5;2021-09-07;0;0;0;0;0;0;0;0;0;0
FR;5;2021-09-08;0;0;0;0;0;0;0;0;0;0
FR;5;2021-09-09;0;0;0;0;0;0;0;0;0;0
FR;5;2021-09-10;0;0;0;0;0;0;0;0;0;0
FR;5;2021-09-11;0;0;0;0;0;0;0;0;0;0
FR;5;2021-09-12;0;0;0;0;0;0;0;0;0;0
FR;5;2021-09-13;0;0;0;0;0;0;0;0;0;0
FR;5;2021-09-14;0;0;0;0;0;0;0;0;0;0
FR;5;2021-09-15;0;0;0;0;0;0;0;0;0;0
FR;5;2021-09-16;0;0;0;0;0;0;0;0;0;0
FR;5;2021-09-17;0;0;0;0;0;0;0;0;0;0
FR;5;2021-09-18;0;0;0;0;0;0;0;0;0;0
FR;5;2021-09-19;0;0;0;0;0;0;0;0;0;0
FR;5;2021-09-20;0;0;0;0;0;0;0;0;0;0
FR;5;2021-09-21;0;0;0;0;0;0;0;0;0;0
FR;5;2021-09-22;0;0;0;0;0;0;0;0;0;0
FR;5;2021-09-23;0;0;0;0;0;0;0;0;0;0
FR;5;2021-09-24;0;0;0;0;0;0;0;0;0;0
FR;5;2021-09-25;0;0;0;0;0;0;0;0;0;0
FR;5;2021-09-26;0;0;0;0;0;0;0;0;0;0
FR;5;2021-09-27;0;0;0;0;0;0;0;0;0;0
FR;5;2021-09-28;0;0;0;0;0;0;0;0;0;0
FR;5;2021-09-29;0;0;0;0;0;0;0;0;0;0
FR;5;2021-09-30;0;0;0;0;0;0;0;0;0;0
FR;5;2021-10-01;0;0;0;0;0;0;0;0;0;0
FR;5;2021-10-02;0;0;0;0;0;0;0;0;0;0
FR;5;2021-10-03;0;0;0;0;0;0;0;0;0;0
FR;5;2021-10-04;0;0;0;0;0;0;0;0;0;0
FR;5;2021-10-05;0;0;0;0;0;0;0;0;0;0
FR;5;2021-10-06;0;0;0;0;0;0;0;0;0;0
FR;5;2021-10-07;0;0;0;0;0;0;0;0;0;0
FR;5;2021-10-08;0;0;0;0;0;0;0;0;0;0
FR;5;2021-10-09;0;0;0;0;0;0;0;0;0;0
FR;5;2021-10-10;0;0;0;0;0;0;0;0;0;0
FR;5;2021-10-11;0;0;0;0;0;0;0;0;0;0
FR;5;2021-10-12;0;0;0;0;0;0;0;0;0;0
FR;5;2021-10-13;0;0;0;0;0;0;0;0;0;0
FR;5;2021-10-14;0;0;0;0;0;0;0;0;0;0
FR;5;2021-10-15;0;0;0;0;0;0;0;0;0;0
FR;5;2021-10-16;0;0;0;0;0;0;0;0;0;0
FR;5;2021-10-17;0;0;0;0;0;0;0;0;0;0
FR;5;2021-10-18;0;0;0;0;0;0;0;0;0;0
FR;5;2021-10-19;0;0;0;0;0;0;0;0;0;0
FR;5;2021-10-20;0;0;0;0;0;0;0;0;0;0
FR;5;2021-10-21;0;0;0;0;0;0;0;0;0;0
FR;5;2021-10-22;0;0;0;0;0;0;0;0;0;0
FR;5;2021-10-23;0;0;0;0;0;0;0;0;0;0
FR;5;2021-10-24;0;0;0;0;0;0;0;0;0;0
FR;5;2021-10-25;0;0;0;0;0;0;0;0;0;0
FR;5;2021-10-26;0;0;0;0;0;0;0;0;0;0
FR;5;2021-10-27;0;0;0;0;0;0;0;0;0;0
FR;5;2021-10-28;0;0;0;0;0;0;0;0;0;0
FR;5;2021-10-29;0;0;0;0;0;0;0;0;0;0
FR;5;2021-10-30;0;0;0;0;0;0;0;0;0;0
FR;5;2021-10-31;0;0;0;0;0;0;0;0;0;0
FR;5;2021-11-01;0;0;0;0;0;0;0;0;0;0
FR;5;2021-11-02;0;0;0;0;0;0;0;0;0;0
FR;5;2021-11-03;0;0;0;0;0;0;0;0;0;0
FR;5;2021-11-04;0;0;0;0;0;0;0;0;0;0
FR;5;2021-11-05;0;0;0;0;0;0;0;0;0;0
FR;5;2021-11-06;0;0;0;0;0;0;0;0;0;0
FR;5;2021-11-07;0;0;0;0;0;0;0;0;0;0
FR;5;2021-11-08;0;0;0;0;0;0;0;0;0;0
FR;5;2021-11-09;0;0;0;0;0;0;0;0;0;0
FR;5;2021-11-10;0;0;0;0;0;0;0;0;0;0
FR;5;2021-11-11;0;0;0;0;0;0;0;0;0;0
FR;5;2021-11-12;0;0;0;0;0;0;0;0;0;0
FR;5;2021-11-13;0;0;0;0;0;0;0;0;0;0
FR;5;2021-11-14;0;0;0;0;0;0;0;0;0;0
FR;5;2021-11-15;0;0;0;0;0;0;0;0;0;0
FR;5;2021-11-16;0;0;0;0;0;0;0;0;0;0
FR;5;2021-11-17;0;0;0;0;0;0;0;0;0;0
FR;5;2021-11-18;0;0;0;0;0;0;0;0;0;0
FR;5;2021-11-19;0;0;0;0;0;0;0;0;0;0
FR;5;2021-11-20;0;0;0;0;0;0;0;0;0;0
FR;5;2021-11-21;0;0;0;0;0;0;0;0;0;0
FR;5;2021-11-22;0;0;0;0;0;0;0;0;0;0
FR;5;2021-11-23;0;0;0;0;0;0;0;0;0;0
FR;5;2021-11-24;0;0;0;0;0;0;0;0;0;0
FR;5;2021-11-25;0;0;0;0;0;0;0;0;0;0
FR;5;2021-11-26;0;0;0;0;0;0;0;0;0;0
FR;5;2021-11-27;0;0;0;0;0;0;0;0;0;0
FR;5;2021-11-28;0;0;0;0;0;0;0;0;0;0
FR;5;2021-11-29;0;0;0;0;0;0;0;0;0;0
FR;5;2021-11-30;0;0;0;0;0;0;0;0;0;0
FR;5;2021-12-01;0;0;0;0;0;0;0;0;0;0
FR;5;2021-12-02;0;0;0;0;0;0;0;0;0;0
FR;5;2021-12-03;0;0;0;0;0;0;0;0;0;0
FR;5;2021-12-04;0;0;0;0;0;0;0;0;0;0
FR;5;2021-12-05;0;0;0;0;0;0;0;0;0;0
FR;5;2021-12-06;0;0;0;0;0;0;0;0;0;0
FR;5;2021-12-07;0;0;0;0;0;0;0;0;0;0
FR;5;2021-12-08;0;0;0;0;0;0;0;0;0;0
FR;5;2021-12-09;0;0;0;0;0;0;0;0;0;0
FR;5;2021-12-10;0;0;0;0;0;0;0;0;0;0
FR;5;2021-12-11;0;0;0;0;0;0;0;0;0;0
FR;5;2021-12-12;0;0;0;0;0;0;0;0;0;0
FR;5;2021-12-13;0;0;0;0;0;0;0;0;0;0
FR;5;2021-12-14;28;45;77;0;88;28;45;77;0;88
FR;5;2021-12-15;195;44;37;0;49;223;89;114;0;137
FR;5;2021-12-16;180;21;44;0;48;403;110;158;0;185
FR;5;2021-12-17;310;16;72;0;74;713;126;230;0;259
FR;5;2021-12-18;762;24;22;0;29;1475;150;252;0;288
FR;5;2021-12-19;586;15;15;0;17;2061;165;267;0;305
FR;5;2021-12-20;1221;31;35;0;38;3282;196;302;0;343
FR;5;2021-12-21;1535;22;54;1;60;4817;218;356;1;403
FR;5;2021-12-22;4069;40;37;0;46;8886;258;393;1;449
FR;5;2021-12-23;3041;16;21;0;25;11927;274;414;1;474
FR;5;2021-12-24;759;18;9;0;15;12686;292;423;1;489
FR;5;2021-12-25;61;5;1;0;2;12747;297;424;1;491
FR;5;2021-12-26;623;6;3;0;4;13370;303;427;1;495
FR;5;2021-12-27;4080;25;21;0;23;17450;328;448;1;518
FR;5;2021-12-28;5199;23;41;1;43;22649;351;489;2;561
FR;5;2021-12-29;8101;34;65;2;68;30750;385;554;4;629
FR;5;2021-12-30;5171;18;33;0;39;35921;403;587;4;668
FR;5;2021-12-31;1553;8;10;0;11;37474;411;597;4;679
FR;5;2022-01-01;185;1;2;0;2;37659;412;599;4;681
FR;5;2022-01-02;1489;1;1;0;1;39148;413;600;4;682
FR;5;2022-01-03;3054;36;33;0;32;42202;449;633;4;714
FR;5;2022-01-04;3034;39;33;0;42;45236;488;666;4;756
FR;5;2022-01-05;19312;203;97;1;108;64548;691;763;5;864
FR;5;2022-01-06;3739;133;122;0;142;68287;824;885;5;1006
FR;5;2022-01-07;5007;200;48;2;56;73294;1024;933;7;1062
FR;5;2022-01-08;13650;513;45;0;52;86944;1537;978;7;1114
FR;5;2022-01-09;5755;399;15;0;20;92699;1936;993;7;1134
FR;5;2022-01-10;3452;326;25;0;29;96151;2262;1018;7;1163
FR;5;2022-01-11;3667;284;38;0;41;99818;2546;1056;7;1204
FR;5;2022-01-12;22651;3003;90;0;113;122469;5549;1146;7;1317
FR;5;2022-01-13;4033;622;30;0;32;126502;6171;1176;7;1349
FR;5;2022-01-14;4842;581;43;0;50;131344;6752;1219;7;1399
FR;5;2022-01-15;14678;1746;38;3;49;146022;8498;1257;10;1448
FR;5;2022-01-16;4727;666;3;0;5;150749;9164;1260;10;1453
FR;5;2022-01-17;2294;715;26;0;29;153043;9879;1286;10;1482
FR;5;2022-01-18;2429;870;30;0;40;155472;10749;1316;10;1522
FR;5;2022-01-19;18479;6418;74;2;142;173951;17167;1390;12;1664
FR;5;2022-01-20;1919;1067;24;0;33;175870;18234;1414;12;1697
FR;5;2022-01-21;3074;1370;47;1;59;178944;19604;1461;13;1756
FR;5;2022-01-22;10721;3454;33;1;43;189665;23058;1494;14;1799
FR;5;2022-01-23;2628;1413;5;0;8;192293;24471;1499;14;1807
FR;5;2022-01-24;1157;1340;19;0;23;193450;25811;1518;14;1830
FR;5;2022-01-25;1219;1548;19;2;29;194669;27359;1537;16;1859
FR;5;2022-01-26;10747;12015;50;1;89;205416;39374;1587;17;1948
FR;5;2022-01-27;1291;1690;10;0;17;206707;41064;1597;17;1965
FR;5;2022-01-28;1695;3347;16;0;19;208402;44411;1613;17;1984
FR;5;2022-01-29;6237;8040;68;0;96;214639;52451;1681;17;2080
FR;5;2022-01-30;1509;2950;5;0;18;216148;55401;1686;17;2098
FR;5;2022-01-31;588;1773;23;0;24;216736;57174;1709;17;2122
FR;5;2022-02-01;711;1702;10;0;15;217447;58876;1719;17;2137
FR;5;2022-02-02;6952;15653;52;0;94;224399;74529;1771;17;2231
FR;5;2022-02-03;486;1688;13;0;11;224885;76217;1784;17;2242
FR;5;2022-02-04;939;3001;19;0;31;225824;79218;1803;17;2273
FR;5;2022-02-05;3531;8914;23;0;37;229355;88132;1826;17;2310
FR;5;2022-02-06;736;2397;10;0;19;230091;90529;1836;17;2329
FR;5;2022-02-07;882;1595;22;0;24;230973;92124;1858;17;2353
FR;5;2022-02-08;719;1285;18;0;20;231692;93409;1876;17;2373
FR;5;2022-02-09;4534;12875;44;0;76;236226;106284;1920;17;2449
FR;5;2022-02-10;645;1058;13;0;14;236871;107342;1933;17;2463
FR;5;2022-02-11;793;2026;16;0;21;237664;109368;1949;17;2484
FR;5;2022-02-12;2285;6811;32;0;52;239949;116179;1981;17;2536
FR;5;2022-02-13;465;1539;8;0;8;240414;117718;1989;17;2544
FR;5;2022-02-14;678;1288;10;0;13;241092;119006;1999;17;2557
FR;5;2022-02-15;482;883;9;0;14;241574;119889;2008;17;2571
FR;5;2022-02-16;2977;9122;41;1;58;244551;129011;2049;18;2629
FR;5;2022-02-17;435;805;6;0;7;244986;129816;2055;18;2636
FR;5;2022-02-18;648;1407;13;0;17;245634;131223;2068;18;2653
FR;5;2022-02-19;1370;4314;16;0;28;247004;135537;2084;18;2681
FR;5;2022-02-20;247;879;6;0;8;247251;136416;2090;18;2689
FR;5;2022-02-21;221;607;2;0;4;247472;137023;2092;18;2693
FR;5;2022-02-22;259;544;17;0;17;247731;137567;2109;18;2710
FR;5;2022-02-23;1907;6924;22;1;43;249638;144491;2131;19;2753
FR;5;2022-02-24;182;373;5;1;5;249820;144864;2136;20;2758
FR;5;2022-02-25;333;949;13;0;12;250153;145813;2149;20;2770
FR;5;2022-02-26;970;3066;10;0;14;251123;148879;2159;20;2784
FR;5;2022-02-27;146;506;0;0;3;251269;149385;2159;20;2787
FR;5;2022-02-28;160;369;1;0;1;251429;149754;2160;20;2788
FR;5;2022-03-01;123;278;6;0;7;251552;150032;2166;20;2795
FR;5;2022-03-02;1239;4146;28;3;40;252791;154178;2194;23;2835
FR;5;2022-03-03;119;249;6;0;9;252910;154427;2200;23;2844
FR;5;2022-03-04;192;484;13;0;13;253102;154911;2213;23;2857
FR;5;2022-03-05;676;1990;8;0;16;253778;156901;2221;23;2873
FR;5;2022-03-06;107;260;0;0;0;253885;157161;2221;23;2873
FR;5;2022-03-07;70;228;5;0;3;253955;157389;2226;23;2876
FR;5;2022-03-08;46;130;7;1;7;254001;157519;2233;24;2883
FR;5;2022-03-09;908;3075;23;0;35;254909;160594;2256;24;2918
FR;5;2022-03-10;82;200;7;0;10;254991;160794;2263;24;2928
FR;5;2022-03-11;145;369;14;1;15;255136;161163;2277;25;2943
FR;5;2022-03-12;758;1613;12;1;29;255894;162776;2289;26;2972
FR;5;2022-03-13;76;99;0;0;0;255970;162875;2289;26;2972
FR;5;2022-03-14;67;116;7;1;7;256037;162991;2296;27;2979
FR;5;2022-03-15;81;99;3;0;6;256118;163090;2299;27;2985
FR;5;2022-03-16;884;1822;15;3;34;257002;164912;2314;30;3019
FR;5;2022-03-17;66;122;8;4;10;257068;165034;2322;34;3029
FR;5;2022-03-18;170;318;13;3;18;257238;165352;2335;37;3047
FR;5;2022-03-19;748;1162;12;5;33;257986;166514;2347;42;3080
FR;5;2022-03-20;44;92;1;0;1;258030;166606;2348;42;3081
FR;5;2022-03-21;71;116;10;6;15;258101;166722;2358;48;3096
FR;5;2022-03-22;55;114;8;6;8;258156;166836;2366;54;3104
FR;5;2022-03-23;800;1460;14;8;36;258956;168296;2380;62;3140
FR;5;2022-03-24;67;89;8;7;7;259023;168385;2388;69;3147
FR;5;2022-03-25;220;288;15;8;18;259243;168673;2403;77;3165
FR;5;2022-03-26;706;850;12;5;26;259949;169523;2415;82;3191
FR;5;2022-03-27;74;78;0;0;3;260023;169601;2415;82;3194
FR;5;2022-03-28;79;91;1;2;3;260102;169692;2416;84;3197
FR;5;2022-03-29;68;82;10;4;12;260170;169774;2426;88;3209
FR;5;2022-03-30;817;1114;15;13;28;260987;170888;2441;101;3237
FR;5;2022-03-31;96;122;1;4;6;261083;171010;2442;105;3243
FR;5;2022-04-01;107;84;6;12;11;261190;171094;2448;117;3254
FR;5;2022-04-02;327;345;3;3;14;261517;171439;2451;120;3268
FR;5;2022-04-03;54;59;1;0;1;261571;171498;2452;120;3269
FR;5;2022-04-04;35;57;4;1;8;261606;171555;2456;121;3277
FR;5;2022-04-05;50;59;6;6;9;261656;171614;2462;127;3286
FR;5;2022-04-06;415;434;5;15;14;262071;172048;2467;142;3300
FR;5;2022-04-07;44;64;5;7;7;262115;172112;2472;149;3307
FR;6;2020-12-27;0;0;0;0;0;0;0;0;0;0
FR;6;2020-12-28;0;0;0;0;0;0;0;0;0;0
FR;6;2020-12-29;0;0;0;0;0;0;0;0;0;0
FR;6;2020-12-30;0;0;0;0;0;0;0;0;0;0
FR;6;2020-12-31;0;0;0;0;0;0;0;0;0;0
FR;6;2021-01-01;0;0;0;0;0;0;0;0;0;0
FR;6;2021-01-02;0;0;0;0;0;0;0;0;0;0
FR;6;2021-01-03;0;0;0;0;0;0;0;0;0;0
FR;6;2021-01-04;0;0;0;0;0;0;0;0;0;0
FR;6;2021-01-05;0;0;0;0;0;0;0;0;0;0
FR;6;2021-01-06;0;0;0;0;0;0;0;0;0;0
FR;6;2021-01-07;0;0;0;0;0;0;0;0;0;0
FR;6;2021-01-08;0;0;0;0;0;0;0;0;0;0
FR;6;2021-01-09;0;0;0;0;0;0;0;0;0;0
FR;6;2021-01-10;0;0;0;0;0;0;0;0;0;0
FR;6;2021-01-11;0;0;0;0;0;0;0;0;0;0
FR;6;2021-01-12;0;0;0;0;0;0;0;0;0;0
FR;6;2021-01-13;0;0;0;0;0;0;0;0;0;0
FR;6;2021-01-14;0;0;0;0;0;0;0;0;0;0
FR;6;2021-01-15;0;0;0;0;0;0;0;0;0;0
FR;6;2021-01-16;0;0;0;0;0;0;0;0;0;0
FR;6;2021-01-17;0;0;0;0;0;0;0;0;0;0
FR;6;2021-01-18;0;0;0;0;0;0;0;0;0;0
FR;6;2021-01-19;0;0;0;0;0;0;0;0;0;0
FR;6;2021-01-20;0;0;0;0;0;0;0;0;0;0
FR;6;2021-01-21;0;0;0;0;0;0;0;0;0;0
FR;6;2021-01-22;0;0;0;0;0;0;0;0;0;0
FR;6;2021-01-23;0;0;0;0;0;0;0;0;0;0
FR;6;2021-01-24;0;0;0;0;0;0;0;0;0;0
FR;6;2021-01-25;0;0;0;0;0;0;0;0;0;0
FR;6;2021-01-26;0;0;0;0;0;0;0;0;0;0
FR;6;2021-01-27;0;0;0;0;0;0;0;0;0;0
FR;6;2021-01-28;0;0;0;0;0;0;0;0;0;0
FR;6;2021-01-29;0;0;0;0;0;0;0;0;0;0
FR;6;2021-01-30;0;0;0;0;0;0;0;0;0;0
FR;6;2021-01-31;0;0;0;0;0;0;0;0;0;0
FR;6;2021-02-01;0;0;0;0;0;0;0;0;0;0
FR;6;2021-02-02;0;0;0;0;0;0;0;0;0;0
FR;6;2021-02-03;0;0;0;0;0;0;0;0;0;0
FR;6;2021-02-04;0;0;0;0;0;0;0;0;0;0
FR;6;2021-02-05;0;0;0;0;0;0;0;0;0;0
FR;6;2021-02-06;0;0;0;0;0;0;0;0;0;0
FR;6;2021-02-07;0;0;0;0;0;0;0;0;0;0
FR;6;2021-02-08;0;0;0;0;0;0;0;0;0;0
FR;6;2021-02-09;0;0;0;0;0;0;0;0;0;0
FR;6;2021-02-10;0;0;0;0;0;0;0;0;0;0
FR;6;2021-02-11;0;0;0;0;0;0;0;0;0;0
FR;6;2021-02-12;0;0;0;0;0;0;0;0;0;0
FR;6;2021-02-13;0;0;0;0;0;0;0;0;0;0
FR;6;2021-02-14;0;0;0;0;0;0;0;0;0;0
FR;6;2021-02-15;0;0;0;0;0;0;0;0;0;0
FR;6;2021-02-16;0;0;0;0;0;0;0;0;0;0
FR;6;2021-02-17;0;0;0;0;0;0;0;0;0;0
FR;6;2021-02-18;0;0;0;0;0;0;0;0;0;0
FR;6;2021-02-19;0;0;0;0;0;0;0;0;0;0
FR;6;2021-02-20;0;0;0;0;0;0;0;0;0;0
FR;6;2021-02-21;0;0;0;0;0;0;0;0;0;0
FR;6;2021-02-22;0;0;0;0;0;0;0;0;0;0
FR;6;2021-02-23;0;0;0;0;0;0;0;0;0;0
FR;6;2021-02-24;0;0;0;0;0;0;0;0;0;0
FR;6;2021-02-25;0;0;0;0;0;0;0;0;0;0
FR;6;2021-02-26;0;0;0;0;0;0;0;0;0;0
FR;6;2021-02-27;0;0;0;0;0;0;0;0;0;0
FR;6;2021-02-28;0;0;0;0;0;0;0;0;0;0
FR;6;2021-03-01;0;0;0;0;0;0;0;0;0;0
FR;6;2021-03-02;0;0;0;0;0;0;0;0;0;0
FR;6;2021-03-03;0;0;0;0;0;0;0;0;0;0
FR;6;2021-03-04;0;0;0;0;0;0;0;0;0;0
FR;6;2021-03-05;0;0;0;0;0;0;0;0;0;0
FR;6;2021-03-06;0;0;0;0;0;0;0;0;0;0
FR;6;2021-03-07;0;0;0;0;0;0;0;0;0;0
FR;6;2021-03-08;0;0;0;0;0;0;0;0;0;0
FR;6;2021-03-09;0;0;0;0;0;0;0;0;0;0
FR;6;2021-03-10;0;0;0;0;0;0;0;0;0;0
FR;6;2021-03-11;0;0;0;0;0;0;0;0;0;0
FR;6;2021-03-12;0;0;0;0;0;0;0;0;0;0
FR;6;2021-03-13;0;0;0;0;0;0;0;0;0;0
FR;6;2021-03-14;0;0;0;0;0;0;0;0;0;0
FR;6;2021-03-15;0;0;0;0;0;0;0;0;0;0
FR;6;2021-03-16;0;0;0;0;0;0;0;0;0;0
FR;6;2021-03-17;0;0;0;0;0;0;0;0;0;0
FR;6;2021-03-18;0;0;0;0;0;0;0;0;0;0
FR;6;2021-03-19;0;0;0;0;0;0;0;0;0;0
FR;6;2021-03-20;0;0;0;0;0;0;0;0;0;0
FR;6;2021-03-21;0;0;0;0;0;0;0;0;0;0
FR;6;2021-03-22;0;0;0;0;0;0;0;0;0;0
FR;6;2021-03-23;0;0;0;0;0;0;0;0;0;0
FR;6;2021-03-24;0;0;0;0;0;0;0;0;0;0
FR;6;2021-03-25;0;0;0;0;0;0;0;0;0;0
FR;6;2021-03-26;0;0;0;0;0;0;0;0;0;0
FR;6;2021-03-27;0;0;0;0;0;0;0;0;0;0
FR;6;2021-03-28;0;0;0;0;0;0;0;0;0;0
FR;6;2021-03-29;0;0;0;0;0;0;0;0;0;0
FR;6;2021-03-30;0;0;0;0;0;0;0;0;0;0
FR;6;2021-03-31;0;0;0;0;0;0;0;0;0;0
FR;6;2021-04-01;0;0;0;0;0;0;0;0;0;0
FR;6;2021-04-02;0;0;0;0;0;0;0;0;0;0
FR;6;2021-04-03;0;0;0;0;0;0;0;0;0;0
FR;6;2021-04-04;0;0;0;0;0;0;0;0;0;0
FR;6;2021-04-05;0;0;0;0;0;0;0;0;0;0
FR;6;2021-04-06;0;0;0;0;0;0;0;0;0;0
FR;6;2021-04-07;0;0;0;0;0;0;0;0;0;0
FR;6;2021-04-08;0;0;0;0;0;0;0;0;0;0
FR;6;2021-04-09;0;0;0;0;0;0;0;0;0;0
FR;6;2021-04-10;0;0;0;0;0;0;0;0;0;0
FR;6;2021-04-11;0;0;0;0;0;0;0;0;0;0
FR;6;2021-04-12;0;0;0;0;0;0;0;0;0;0
FR;6;2021-04-13;0;0;0;0;0;0;0;0;0;0
FR;6;2021-04-14;0;0;0;0;0;0;0;0;0;0
FR;6;2021-04-15;0;0;0;0;0;0;0;0;0;0
FR;6;2021-04-16;0;0;0;0;0;0;0;0;0;0
FR;6;2021-04-17;0;0;0;0;0;0;0;0;0;0
FR;6;2021-04-18;0;0;0;0;0;0;0;0;0;0
FR;6;2021-04-19;0;0;0;0;0;0;0;0;0;0
FR;6;2021-04-20;0;0;0;0;0;0;0;0;0;0
FR;6;2021-04-21;0;0;0;0;0;0;0;0;0;0
FR;6;2021-04-22;0;0;0;0;0;0;0;0;0;0
FR;6;2021-04-23;0;0;0;0;0;0;0;0;0;0
FR;6;2021-04-24;0;0;0;0;0;0;0;0;0;0
FR;6;2021-04-25;0;0;0;0;0;0;0;0;0;0
FR;6;2021-04-26;0;0;0;0;0;0;0;0;0;0
FR;6;2021-04-27;0;0;0;0;0;0;0;0;0;0
FR;6;2021-04-28;0;0;0;0;0;0;0;0;0;0
FR;6;2021-04-29;0;0;0;0;0;0;0;0;0;0
FR;6;2021-04-30;0;0;0;0;0;0;0;0;0;0
FR;6;2021-05-01;0;0;0;0;0;0;0;0;0;0
FR;6;2021-05-02;0;0;0;0;0;0;0;0;0;0
FR;6;2021-05-03;0;0;0;0;0;0;0;0;0;0
FR;6;2021-05-04;0;0;0;0;0;0;0;0;0;0
FR;6;2021-05-05;0;0;0;0;0;0;0;0;0;0
FR;6;2021-05-06;0;0;0;0;0;0;0;0;0;0
FR;6;2021-05-07;0;0;0;0;0;0;0;0;0;0
FR;6;2021-05-08;0;0;0;0;0;0;0;0;0;0
FR;6;2021-05-09;0;0;0;0;0;0;0;0;0;0
FR;6;2021-05-10;0;0;0;0;0;0;0;0;0;0
FR;6;2021-05-11;0;0;0;0;0;0;0;0;0;0
FR;6;2021-05-12;0;0;0;0;0;0;0;0;0;0
FR;6;2021-05-13;0;0;0;0;0;0;0;0;0;0
FR;6;2021-05-14;0;0;0;0;0;0;0;0;0;0
FR;6;2021-05-15;0;0;0;0;0;0;0;0;0;0
FR;6;2021-05-16;0;0;0;0;0;0;0;0;0;0
FR;6;2021-05-17;0;0;0;0;0;0;0;0;0;0
FR;6;2021-05-18;0;0;0;0;0;0;0;0;0;0
FR;6;2021-05-19;0;0;0;0;0;0;0;0;0;0
FR;6;2021-05-20;0;0;0;0;0;0;0;0;0;0
FR;6;2021-05-21;0;0;0;0;0;0;0;0;0;0
FR;6;2021-05-22;0;0;0;0;0;0;0;0;0;0
FR;6;2021-05-23;0;0;0;0;0;0;0;0;0;0
FR;6;2021-05-24;0;0;0;0;0;0;0;0;0;0
FR;6;2021-05-25;0;0;0;0;0;0;0;0;0;0
FR;6;2021-05-26;0;0;0;0;0;0;0;0;0;0
FR;6;2021-05-27;0;0;0;0;0;0;0;0;0;0
FR;6;2021-05-28;0;0;0;0;0;0;0;0;0;0
FR;6;2021-05-29;0;0;0;0;0;0;0;0;0;0
FR;6;2021-05-30;0;0;0;0;0;0;0;0;0;0
FR;6;2021-05-31;0;0;0;0;0;0;0;0;0;0
FR;6;2021-06-01;0;0;0;0;0;0;0;0;0;0
FR;6;2021-06-02;0;0;0;0;0;0;0;0;0;0
FR;6;2021-06-03;0;0;0;0;0;0;0;0;0;0
FR;6;2021-06-04;0;0;0;0;0;0;0;0;0;0
FR;6;2021-06-05;0;0;0;0;0;0;0;0;0;0
FR;6;2021-06-06;0;0;0;0;0;0;0;0;0;0
FR;6;2021-06-07;0;0;0;0;0;0;0;0;0;0
FR;6;2021-06-08;0;0;0;0;0;0;0;0;0;0
FR;6;2021-06-09;0;0;0;0;0;0;0;0;0;0
FR;6;2021-06-10;0;0;0;0;0;0;0;0;0;0
FR;6;2021-06-11;0;0;0;0;0;0;0;0;0;0
FR;6;2021-06-12;0;0;0;0;0;0;0;0;0;0
FR;6;2021-06-13;0;0;0;0;0;0;0;0;0;0
FR;6;2021-06-14;0;0;0;0;0;0;0;0;0;0
FR;6;2021-06-15;0;0;0;0;0;0;0;0;0;0
FR;6;2021-06-16;0;0;0;0;0;0;0;0;0;0
FR;6;2021-06-17;0;0;0;0;0;0;0;0;0;0
FR;6;2021-06-18;0;0;0;0;0;0;0;0;0;0
FR;6;2021-06-19;0;0;0;0;0;0;0;0;0;0
FR;6;2021-06-20;0;0;0;0;0;0;0;0;0;0
FR;6;2021-06-21;0;0;0;0;0;0;0;0;0;0
FR;6;2021-06-22;0;0;0;0;0;0;0;0;0;0
FR;6;2021-06-23;0;0;0;0;0;0;0;0;0;0
FR;6;2021-06-24;0;0;0;0;0;0;0;0;0;0
FR;6;2021-06-25;0;0;0;0;0;0;0;0;0;0
FR;6;2021-06-26;0;0;0;0;0;0;0;0;0;0
FR;6;2021-06-27;0;0;0;0;0;0;0;0;0;0
FR;6;2021-06-28;0;0;0;0;0;0;0;0;0;0
FR;6;2021-06-29;0;0;0;0;0;0;0;0;0;0
FR;6;2021-06-30;0;0;0;0;0;0;0;0;0;0
FR;6;2021-07-01;0;0;0;0;0;0;0;0;0;0
FR;6;2021-07-02;0;0;0;0;0;0;0;0;0;0
FR;6;2021-07-03;0;0;0;0;0;0;0;0;0;0
FR;6;2021-07-04;0;0;0;0;0;0;0;0;0;0
FR;6;2021-07-05;0;0;0;0;0;0;0;0;0;0
FR;6;2021-07-06;0;0;0;0;0;0;0;0;0;0
FR;6;2021-07-07;0;0;0;0;0;0;0;0;0;0
FR;6;2021-07-08;0;0;0;0;0;0;0;0;0;0
FR;6;2021-07-09;0;0;0;0;0;0;0;0;0;0
FR;6;2021-07-10;0;0;0;0;0;0;0;0;0;0
FR;6;2021-07-11;0;0;0;0;0;0;0;0;0;0
FR;6;2021-07-12;0;0;0;0;0;0;0;0;0;0
FR;6;2021-07-13;0;0;0;0;0;0;0;0;0;0
FR;6;2021-07-14;0;0;0;0;0;0;0;0;0;0
FR;6;2021-07-15;0;0;0;0;0;0;0;0;0;0
FR;6;2021-07-16;0;0;0;0;0;0;0;0;0;0
FR;6;2021-07-17;0;0;0;0;0;0;0;0;0;0
FR;6;2021-07-18;0;0;0;0;0;0;0;0;0;0
FR;6;2021-07-19;0;0;0;0;0;0;0;0;0;0
FR;6;2021-07-20;0;0;0;0;0;0;0;0;0;0
FR;6;2021-07-21;0;0;0;0;0;0;0;0;0;0
FR;6;2021-07-22;0;0;0;0;0;0;0;0;0;0
FR;6;2021-07-23;0;0;0;0;0;0;0;0;0;0
FR;6;2021-07-24;0;0;0;0;0;0;0;0;0;0
FR;6;2021-07-25;0;0;0;0;0;0;0;0;0;0
FR;6;2021-07-26;0;0;0;0;0;0;0;0;0;0
FR;6;2021-07-27;0;0;0;0;0;0;0;0;0;0
FR;6;2021-07-28;0;0;0;0;0;0;0;0;0;0
FR;6;2021-07-29;0;0;0;0;0;0;0;0;0;0
FR;6;2021-07-30;0;0;0;0;0;0;0;0;0;0
FR;6;2021-07-31;0;0;0;0;0;0;0;0;0;0
FR;6;2021-08-01;0;0;0;0;0;0;0;0;0;0
FR;6;2021-08-02;0;0;0;0;0;0;0;0;0;0
FR;6;2021-08-03;0;0;0;0;0;0;0;0;0;0
FR;6;2021-08-04;0;0;0;0;0;0;0;0;0;0
FR;6;2021-08-05;0;0;0;0;0;0;0;0;0;0
FR;6;2021-08-06;0;0;0;0;0;0;0;0;0;0
FR;6;2021-08-07;0;0;0;0;0;0;0;0;0;0
FR;6;2021-08-08;0;0;0;0;0;0;0;0;0;0
FR;6;2021-08-09;0;0;0;0;0;0;0;0;0;0
FR;6;2021-08-10;0;0;0;0;0;0;0;0;0;0
FR;6;2021-08-11;0;0;0;0;0;0;0;0;0;0
FR;6;2021-08-12;0;0;0;0;0;0;0;0;0;0
FR;6;2021-08-13;0;0;0;0;0;0;0;0;0;0
FR;6;2021-08-14;0;0;0;0;0;0;0;0;0;0
FR;6;2021-08-15;0;0;0;0;0;0;0;0;0;0
FR;6;2021-08-16;0;0;0;0;0;0;0;0;0;0
FR;6;2021-08-17;0;0;0;0;0;0;0;0;0;0
FR;6;2021-08-18;0;0;0;0;0;0;0;0;0;0
FR;6;2021-08-19;0;0;0;0;0;0;0;0;0;0
FR;6;2021-08-20;0;0;0;0;0;0;0;0;0;0
FR;6;2021-08-21;0;0;0;0;0;0;0;0;0;0
FR;6;2021-08-22;0;0;0;0;0;0;0;0;0;0
FR;6;2021-08-23;0;0;0;0;0;0;0;0;0;0
FR;6;2021-08-24;0;0;0;0;0;0;0;0;0;0
FR;6;2021-08-25;0;0;0;0;0;0;0;0;0;0
FR;6;2021-08-26;0;0;0;0;0;0;0;0;0;0
FR;6;2021-08-27;0;0;0;0;0;0;0;0;0;0
FR;6;2021-08-28;0;0;0;0;0;0;0;0;0;0
FR;6;2021-08-29;0;0;0;0;0;0;0;0;0;0
FR;6;2021-08-30;0;0;0;0;0;0;0;0;0;0
FR;6;2021-08-31;0;0;0;0;0;0;0;0;0;0
FR;6;2021-09-01;0;0;0;0;0;0;0;0;0;0
FR;6;2021-09-02;0;0;0;0;0;0;0;0;0;0
FR;6;2021-09-03;0;0;0;0;0;0;0;0;0;0
FR;6;2021-09-04;0;0;0;0;0;0;0;0;0;0
FR;6;2021-09-05;0;0;0;0;0;0;0;0;0;0
FR;6;2021-09-06;0;0;0;0;0;0;0;0;0;0
FR;6;2021-09-07;0;0;0;0;0;0;0;0;0;0
FR;6;2021-09-08;0;0;0;0;0;0;0;0;0;0
FR;6;2021-09-09;0;0;0;0;0;0;0;0;0;0
FR;6;2021-09-10;0;0;0;0;0;0;0;0;0;0
FR;6;2021-09-11;0;0;0;0;0;0;0;0;0;0
FR;6;2021-09-12;0;0;0;0;0;0;0;0;0;0
FR;6;2021-09-13;0;0;0;0;0;0;0;0;0;0
FR;6;2021-09-14;0;0;0;0;0;0;0;0;0;0
FR;6;2021-09-15;0;0;0;0;0;0;0;0;0;0
FR;6;2021-09-16;0;0;0;0;0;0;0;0;0;0
FR;6;2021-09-17;0;0;0;0;0;0;0;0;0;0
FR;6;2021-09-18;0;0;0;0;0;0;0;0;0;0
FR;6;2021-09-19;0;0;0;0;0;0;0;0;0;0
FR;6;2021-09-20;0;0;0;0;0;0;0;0;0;0
FR;6;2021-09-21;0;0;0;0;0;0;0;0;0;0
FR;6;2021-09-22;0;0;0;0;0;0;0;0;0;0
FR;6;2021-09-23;0;0;0;0;0;0;0;0;0;0
FR;6;2021-09-24;0;0;0;0;0;0;0;0;0;0
FR;6;2021-09-25;0;0;0;0;0;0;0;0;0;0
FR;6;2021-09-26;0;0;0;0;0;0;0;0;0;0
FR;6;2021-09-27;0;0;0;0;0;0;0;0;0;0
FR;6;2021-09-28;0;0;0;0;0;0;0;0;0;0
FR;6;2021-09-29;0;0;0;0;0;0;0;0;0;0
FR;6;2021-09-30;0;0;0;0;0;0;0;0;0;0
FR;6;2021-10-01;0;0;0;0;0;0;0;0;0;0
FR;6;2021-10-02;0;0;0;0;0;0;0;0;0;0
FR;6;2021-10-03;0;0;0;0;0;0;0;0;0;0
FR;6;2021-10-04;0;0;0;0;0;0;0;0;0;0
FR;6;2021-10-05;0;0;0;0;0;0;0;0;0;0
FR;6;2021-10-06;0;0;0;0;0;0;0;0;0;0
FR;6;2021-10-07;0;0;0;0;0;0;0;0;0;0
FR;6;2021-10-08;0;0;0;0;0;0;0;0;0;0
FR;6;2021-10-09;0;0;0;0;0;0;0;0;0;0
FR;6;2021-10-10;0;0;0;0;0;0;0;0;0;0
FR;6;2021-10-11;0;0;0;0;0;0;0;0;0;0
FR;6;2021-10-12;0;0;0;0;0;0;0;0;0;0
FR;6;2021-10-13;0;0;0;0;0;0;0;0;0;0
FR;6;2021-10-14;0;0;0;0;0;0;0;0;0;0
FR;6;2021-10-15;0;0;0;0;0;0;0;0;0;0
FR;6;2021-10-16;0;0;0;0;0;0;0;0;0;0
FR;6;2021-10-17;0;0;0;0;0;0;0;0;0;0
FR;6;2021-10-18;0;0;0;0;0;0;0;0;0;0
FR;6;2021-10-19;0;0;0;0;0;0;0;0;0;0
FR;6;2021-10-20;0;0;0;0;0;0;0;0;0;0
FR;6;2021-10-21;0;0;0;0;0;0;0;0;0;0
FR;6;2021-10-22;0;0;0;0;0;0;0;0;0;0
FR;6;2021-10-23;0;0;0;0;0;0;0;0;0;0
FR;6;2021-10-24;0;0;0;0;0;0;0;0;0;0
FR;6;2021-10-25;0;0;0;0;0;0;0;0;0;0
FR;6;2021-10-26;0;0;0;0;0;0;0;0;0;0
FR;6;2021-10-27;0;0;0;0;0;0;0;0;0;0
FR;6;2021-10-28;0;0;0;0;0;0;0;0;0;0
FR;6;2021-10-29;0;0;0;0;0;0;0;0;0;0
FR;6;2021-10-30;0;0;0;0;0;0;0;0;0;0
FR;6;2021-10-31;0;0;0;0;0;0;0;0;0;0
FR;6;2021-11-01;0;0;0;0;0;0;0;0;0;0
FR;6;2021-11-02;0;0;0;0;0;0;0;0;0;0
FR;6;2021-11-03;0;0;0;0;0;0;0;0;0;0
FR;6;2021-11-04;0;0;0;0;0;0;0;0;0;0
FR;6;2021-11-05;0;0;0;0;0;0;0;0;0;0
FR;6;2021-11-06;0;0;0;0;0;0;0;0;0;0
FR;6;2021-11-07;0;0;0;0;0;0;0;0;0;0
FR;6;2021-11-08;0;0;0;0;0;0;0;0;0;0
FR;6;2021-11-09;0;0;0;0;0;0;0;0;0;0
FR;6;2021-11-10;0;0;0;0;0;0;0;0;0;0
FR;6;2021-11-11;0;0;0;0;0;0;0;0;0;0
FR;6;2021-11-12;0;0;0;0;0;0;0;0;0;0
FR;6;2021-11-13;0;0;0;0;0;0;0;0;0;0
FR;6;2021-11-14;0;0;0;0;0;0;0;0;0;0
FR;6;2021-11-15;0;0;0;0;0;0;0;0;0;0
FR;6;2021-11-16;0;0;0;0;0;0;0;0;0;0
FR;6;2021-11-17;0;0;0;0;0;0;0;0;0;0
FR;6;2021-11-18;0;0;0;0;0;0;0;0;0;0
FR;6;2021-11-19;0;0;0;0;0;0;0;0;0;0
FR;6;2021-11-20;0;0;0;0;0;0;0;0;0;0
FR;6;2021-11-21;0;0;0;0;0;0;0;0;0;0
FR;6;2021-11-22;0;0;0;0;0;0;0;0;0;0
FR;6;2021-11-23;0;0;0;0;0;0;0;0;0;0
FR;6;2021-11-24;0;0;0;0;0;0;0;0;0;0
FR;6;2021-11-25;0;0;0;0;0;0;0;0;0;0
FR;6;2021-11-26;0;0;0;0;0;0;0;0;0;0
FR;6;2021-11-27;0;0;0;0;0;0;0;0;0;0
FR;6;2021-11-28;0;0;0;0;0;0;0;0;0;0
FR;6;2021-11-29;0;0;0;0;0;0;0;0;0;0
FR;6;2021-11-30;0;0;0;0;0;0;0;0;0;0
FR;6;2021-12-01;0;0;0;0;0;0;0;0;0;0
FR;6;2021-12-02;0;0;0;0;0;0;0;0;0;0
FR;6;2021-12-03;0;0;0;0;0;0;0;0;0;0
FR;6;2021-12-04;0;0;0;0;0;0;0;0;0;0
FR;6;2021-12-05;0;0;0;0;0;0;0;0;0;0
FR;6;2021-12-06;0;0;0;0;0;0;0;0;0;0
FR;6;2021-12-07;0;0;0;0;0;0;0;0;0;0
FR;6;2021-12-08;0;0;0;0;0;0;0;0;0;0
FR;6;2021-12-09;0;0;0;0;0;0;0;0;0;0
FR;6;2021-12-10;0;0;0;0;0;0;0;0;0;0
FR;6;2021-12-11;0;0;0;0;0;0;0;0;0;0
FR;6;2021-12-12;0;0;0;0;0;0;0;0;0;0
FR;6;2021-12-13;0;0;0;0;0;0;0;0;0;0
FR;6;2021-12-14;0;0;0;0;0;0;0;0;0;0
FR;6;2021-12-15;0;0;0;0;0;0;0;0;0;0
FR;6;2021-12-16;0;0;0;0;0;0;0;0;0;0
FR;6;2021-12-17;0;0;0;0;0;0;0;0;0;0
FR;6;2021-12-18;0;0;0;0;0;0;0;0;0;0
FR;6;2021-12-19;0;0;0;0;0;0;0;0;0;0
FR;6;2021-12-20;0;0;0;0;0;0;0;0;0;0
FR;6;2021-12-21;0;0;0;0;0;0;0;0;0;0
FR;6;2021-12-22;0;0;0;0;0;0;0;0;0;0
FR;6;2021-12-23;0;0;0;0;0;0;0;0;0;0
FR;6;2021-12-24;0;0;0;0;0;0;0;0;0;0
FR;6;2021-12-25;0;0;0;0;0;0;0;0;0;0
FR;6;2021-12-26;0;0;0;0;0;0;0;0;0;0
FR;6;2021-12-27;0;0;0;0;0;0;0;0;0;0
FR;6;2021-12-28;0;0;0;0;0;0;0;0;0;0
FR;6;2021-12-29;0;0;0;0;0;0;0;0;0;0
FR;6;2021-12-30;0;0;0;0;0;0;0;0;0;0
FR;6;2021-12-31;0;0;0;0;0;0;0;0;0;0
FR;6;2022-01-01;0;0;0;0;0;0;0;0;0;0
FR;6;2022-01-02;0;0;0;0;0;0;0;0;0;0
FR;6;2022-01-03;0;0;0;0;0;0;0;0;0;0
FR;6;2022-01-04;0;0;0;0;0;0;0;0;0;0
FR;6;2022-01-05;0;0;0;0;0;0;0;0;0;0
FR;6;2022-01-06;0;0;0;0;0;0;0;0;0;0
FR;6;2022-01-07;0;0;0;0;0;0;0;0;0;0
FR;6;2022-01-08;0;0;0;0;0;0;0;0;0;0
FR;6;2022-01-09;0;0;0;0;0;0;0;0;0;0
FR;6;2022-01-10;0;0;0;0;0;0;0;0;0;0
FR;6;2022-01-11;0;0;0;0;0;0;0;0;0;0
FR;6;2022-01-12;0;0;0;0;0;0;0;0;0;0
FR;6;2022-01-13;0;0;0;0;0;0;0;0;0;0
FR;6;2022-01-14;0;0;0;0;0;0;0;0;0;0
FR;6;2022-01-15;0;0;0;0;0;0;0;0;0;0
FR;6;2022-01-16;0;0;0;0;0;0;0;0;0;0
FR;6;2022-01-17;0;0;0;0;0;0;0;0;0;0
FR;6;2022-01-18;0;0;0;0;0;0;0;0;0;0
FR;6;2022-01-19;0;0;0;0;0;0;0;0;0;0
FR;6;2022-01-20;0;0;0;0;0;0;0;0;0;0
FR;6;2022-01-21;0;0;0;0;0;0;0;0;0;0
FR;6;2022-01-22;0;0;0;0;0;0;0;0;0;0
FR;6;2022-01-23;0;0;0;0;0;0;0;0;0;0
FR;6;2022-01-24;0;0;0;0;0;0;0;0;0;0
FR;6;2022-01-25;0;0;0;0;0;0;0;0;0;0
FR;6;2022-01-26;0;0;0;0;0;0;0;0;0;0
FR;6;2022-01-27;0;0;0;0;0;0;0;0;0;0
FR;6;2022-01-28;0;0;0;0;0;0;0;0;0;0
FR;6;2022-01-29;0;0;0;0;0;0;0;0;0;0
FR;6;2022-01-30;0;0;0;0;0;0;0;0;0;0
FR;6;2022-01-31;0;0;0;0;0;0;0;0;0;0
FR;6;2022-02-01;0;0;0;0;0;0;0;0;0;0
FR;6;2022-02-02;0;0;0;0;0;0;0;0;0;0
FR;6;2022-02-03;0;0;0;0;0;0;0;0;0;0
FR;6;2022-02-04;0;0;0;0;0;0;0;0;0;0
FR;6;2022-02-05;0;0;0;0;0;0;0;0;0;0
FR;6;2022-02-06;0;0;0;0;0;0;0;0;0;0
FR;6;2022-02-07;0;0;0;0;0;0;0;0;0;0
FR;6;2022-02-08;0;0;0;0;0;0;0;0;0;0
FR;6;2022-02-09;0;0;0;0;0;0;0;0;0;0
FR;6;2022-02-10;0;0;0;0;0;0;0;0;0;0
FR;6;2022-02-11;0;0;0;0;0;0;0;0;0;0
FR;6;2022-02-12;0;0;0;0;0;0;0;0;0;0
FR;6;2022-02-13;0;0;0;0;0;0;0;0;0;0
FR;6;2022-02-14;0;0;0;0;0;0;0;0;0;0
FR;6;2022-02-15;0;0;0;0;0;0;0;0;0;0
FR;6;2022-02-16;0;0;0;0;0;0;0;0;0;0
FR;6;2022-02-17;0;0;0;0;0;0;0;0;0;0
FR;6;2022-02-18;0;0;0;0;0;0;0;0;0;0
FR;6;2022-02-19;0;0;0;0;0;0;0;0;0;0
FR;6;2022-02-20;0;0;0;0;0;0;0;0;0;0
FR;6;2022-02-21;0;0;0;0;0;0;0;0;0;0
FR;6;2022-02-22;0;0;0;0;0;0;0;0;0;0
FR;6;2022-02-23;0;0;0;0;0;0;0;0;0;0
FR;6;2022-02-24;0;0;0;0;0;0;0;0;0;0
FR;6;2022-02-25;0;0;0;0;0;0;0;0;0;0
FR;6;2022-02-26;0;0;0;0;0;0;0;0;0;0
FR;6;2022-02-27;0;0;0;0;0;0;0;0;0;0
FR;6;2022-02-28;0;0;0;0;0;0;0;0;0;0
FR;6;2022-03-01;0;0;0;0;0;0;0;0;0;0
FR;6;2022-03-02;96;9;2;0;7;96;9;2;0;7
FR;6;2022-03-03;0;0;0;0;0;96;9;2;0;7
FR;6;2022-03-04;91;4;0;0;4;187;13;2;0;11
FR;6;2022-03-05;391;23;2;0;14;578;36;4;0;25
FR;6;2022-03-06;7;1;0;0;0;585;37;4;0;25
FR;6;2022-03-07;337;19;0;0;13;922;56;4;0;38
FR;6;2022-03-08;230;14;0;0;5;1152;70;4;0;43
FR;6;2022-03-09;519;29;2;0;21;1671;99;6;0;64
FR;6;2022-03-10;206;18;0;1;12;1877;117;6;1;76
FR;6;2022-03-11;328;21;6;0;21;2205;138;12;1;97
FR;6;2022-03-12;518;25;1;0;20;2723;163;13;1;117
FR;6;2022-03-13;40;2;0;0;1;2763;165;13;1;118
FR;6;2022-03-14;201;4;2;0;3;2964;169;15;1;121
FR;6;2022-03-15;112;11;2;0;9;3076;180;17;1;130
FR;6;2022-03-16;310;16;1;1;14;3386;196;18;2;144
FR;6;2022-03-17;117;6;1;2;4;3503;202;19;4;148
FR;6;2022-03-18;213;11;0;0;6;3716;213;19;4;154
FR;6;2022-03-19;305;20;2;0;10;4021;233;21;4;164
FR;6;2022-03-20;15;5;0;0;1;4036;238;21;4;165
FR;6;2022-03-21;131;23;1;0;4;4167;261;22;4;169
FR;6;2022-03-22;97;8;0;0;2;4264;269;22;4;171
FR;6;2022-03-23;225;108;3;0;14;4489;377;25;4;185
FR;6;2022-03-24;99;14;1;3;4;4588;391;26;7;189
FR;6;2022-03-25;203;141;2;1;15;4791;532;28;8;204
FR;6;2022-03-26;331;296;7;1;19;5122;828;35;9;223
FR;6;2022-03-27;32;30;1;0;1;5154;858;36;9;224
FR;6;2022-03-28;200;208;8;1;17;5354;1066;44;10;241
FR;6;2022-03-29;126;188;12;2;12;5480;1254;56;12;253
FR;6;2022-03-30;304;475;9;2;21;5784;1729;65;14;274
FR;6;2022-03-31;122;140;9;0;13;5906;1869;74;14;287
FR;6;2022-04-01;194;150;10;2;23;6100;2019;84;16;310
FR;6;2022-04-02;205;240;9;1;13;6305;2259;93;17;323
FR;6;2022-04-03;17;21;0;0;1;6322;2280;93;17;324
FR;6;2022-04-04;129;113;6;1;9;6451;2393;99;18;333
FR;6;2022-04-05;145;88;15;1;11;6596;2481;114;19;344
FR;6;2022-04-06;201;245;21;26;27;6797;2726;135;45;371
FR;6;2022-04-07;123;95;12;4;14;6920;2821;147;49;385
FR;0;2020-12-27;597;0;0;0;0;597;0;0;0;0
FR;0;2020-12-28;651;0;0;0;0;1248;0;0;0;0
FR;0;2020-12-29;369;0;0;0;0;1617;0;0;0;0
FR;0;2020-12-30;433;0;0;0;0;2050;0;0;0;0
FR;0;2020-12-31;374;0;0;0;0;2424;0;0;0;0
FR;0;2021-01-01;1112;0;0;0;0;3536;0;0;0;0
FR;0;2021-01-02;349;3;0;0;0;3885;3;0;0;0
FR;0;2021-01-03;397;0;0;0;0;4282;3;0;0;0
FR;0;2021-01-04;2074;0;0;0;0;6356;3;0;0;0
FR;0;2021-01-05;6995;2;0;0;0;13351;5;0;0;0
FR;0;2021-01-06;12318;7;0;0;0;25669;12;0;0;0
FR;0;2021-01-07;29435;8;0;0;0;55104;20;0;0;0
FR;0;2021-01-08;37109;4;0;0;0;92213;24;0;0;0
FR;0;2021-01-09;11206;2;0;0;0;103419;26;0;0;0
FR;0;2021-01-10;5990;0;0;0;0;109409;26;0;0;0
FR;0;2021-01-11;39915;9;0;0;0;149324;35;0;0;0
FR;0;2021-01-12;62104;7;0;0;0;211428;42;0;0;0
FR;0;2021-01-13;65059;17;0;0;0;276487;59;0;0;0
FR;0;2021-01-14;83123;30;0;0;0;359610;89;0;0;0
FR;0;2021-01-15;68969;12;0;0;0;428579;101;0;0;0
FR;0;2021-01-16;20203;74;0;0;0;448782;175;0;0;0
FR;0;2021-01-17;10975;45;0;0;0;459757;220;0;0;0
FR;0;2021-01-18;85810;169;0;0;0;545567;389;0;0;0
FR;0;2021-01-19;130554;145;0;0;0;676121;534;0;0;0
FR;0;2021-01-20;137492;170;0;0;0;813613;704;0;0;0
FR;0;2021-01-21;158348;148;0;0;0;971961;852;0;0;0
FR;0;2021-01-22;121023;177;0;0;0;1092984;1029;0;0;0
FR;0;2021-01-23;38455;57;0;0;0;1131439;1086;0;0;0
FR;0;2021-01-24;9737;53;0;0;0;1141176;1139;0;0;0
FR;0;2021-01-25;78204;1237;0;0;0;1219380;2376;0;0;0
FR;0;2021-01-26;100334;3166;1;0;0;1319714;5542;1;0;0
FR;0;2021-01-27;107207;5743;0;0;0;1426921;11285;1;0;0
FR;0;2021-01-28;124307;14529;0;0;0;1551228;25814;1;0;0
FR;0;2021-01-29;92149;17431;0;0;0;1643377;43245;1;0;0
FR;0;2021-01-30;29100;4231;0;0;0;1672477;47476;1;0;0
FR;0;2021-01-31;5220;1718;0;0;0;1677697;49194;1;0;0
FR;0;2021-02-01;53089;21164;0;0;0;1730786;70358;1;0;0
FR;0;2021-02-02;72264;34906;0;0;0;1803050;105264;1;0;0
FR;0;2021-02-03;72260;37144;0;0;0;1875310;142408;1;0;0
FR;0;2021-02-04;82020;50372;0;0;0;1957330;192780;1;0;0
FR;0;2021-02-05;68206;45466;0;0;0;2025536;238246;1;0;0
FR;0;2021-02-06;23132;10574;0;0;0;2048668;248820;1;0;0
FR;0;2021-02-07;5175;5081;0;0;0;2053843;253901;1;0;0
FR;0;2021-02-08;46804;46285;0;0;0;2100647;300186;1;0;0
FR;0;2021-02-09;65980;72732;0;0;0;2166627;372918;1;0;0
FR;0;2021-02-10;70958;77168;0;0;0;2237585;450086;1;0;0
FR;0;2021-02-11;87213;99308;0;0;0;2324798;549394;1;0;0
FR;0;2021-02-12;79267;74395;0;0;0;2404065;623789;1;0;0
FR;0;2021-02-13;22341;19583;0;0;0;2426406;643372;1;0;0
FR;0;2021-02-14;5062;7232;0;0;0;2431468;650604;1;0;0
FR;0;2021-02-15;38051;76682;0;0;0;2469519;727286;1;0;0
FR;0;2021-02-16;50349;100589;0;0;0;2519868;827875;1;0;0
FR;0;2021-02-17;50475;103325;1;0;0;2570343;931200;2;0;0
FR;0;2021-02-18;69724;118794;0;0;0;2640067;1049994;2;0;0
FR;0;2021-02-19;65033;90862;1;0;0;2705100;1140856;3;0;0
FR;0;2021-02-20;18568;28496;0;0;0;2723668;1169352;3;0;0
FR;0;2021-02-21;3305;6402;0;0;0;2726973;1175754;3;0;0
FR;0;2021-02-22;37466;73239;2;0;0;2764439;1248993;5;0;0
FR;0;2021-02-23;53750;84220;1;0;0;2818189;1333213;6;0;0
FR;0;2021-02-24;59959;81263;1;0;0;2878148;1414476;7;0;0
FR;0;2021-02-25;100531;91254;1;0;0;2978679;1505730;8;0;0
FR;0;2021-02-26;113408;70935;0;0;0;3092087;1576665;8;0;0
FR;0;2021-02-27;52088;22048;0;0;0;3144175;1598713;8;0;0
FR;0;2021-02-28;6190;4409;1;0;0;3150365;1603122;9;0;0
FR;0;2021-03-01;65799;52962;1;0;0;3216164;1656084;10;0;0
FR;0;2021-03-02;101315;66312;2;0;0;3317479;1722396;12;0;0
FR;0;2021-03-03;116428;65444;0;0;0;3433907;1787840;12;0;0
FR;0;2021-03-04;163555;69203;3;0;0;3597462;1857043;15;0;0
FR;0;2021-03-05;200860;63161;3;0;0;3798322;1920204;18;0;0
FR;0;2021-03-06;207910;17786;3;0;0;4006232;1937990;21;0;0
FR;0;2021-03-07;121241;5349;1;0;0;4127473;1943339;22;0;0
FR;0;2021-03-08;107099;50686;2;0;0;4234572;1994025;24;0;0
FR;0;2021-03-09;172382;56651;2;0;0;4406954;2050676;26;0;0
FR;0;2021-03-10;178895;57146;5;0;0;4585849;2107822;31;0;0
FR;0;2021-03-11;242772;63110;2;0;0;4828621;2170932;33;0;0
FR;0;2021-03-12;294751;53401;0;0;0;5123372;2224333;33;0;0
FR;0;2021-03-13;231352;15298;1;0;0;5354724;2239631;34;0;0
FR;0;2021-03-14;63329;3410;1;0;0;5418053;2243041;35;0;0
FR;0;2021-03-15;158576;32567;3;0;0;5576629;2275608;38;0;0
FR;0;2021-03-16;141516;39476;5;0;0;5718145;2315084;43;0;0
FR;0;2021-03-17;150403;38606;4;0;0;5868548;2353690;47;0;0
FR;0;2021-03-18;167748;44600;5;0;0;6036296;2398290;52;0;0
FR;0;2021-03-19;229934;37352;2;0;0;6266230;2435642;54;0;0
FR;0;2021-03-20;166629;11697;1;0;0;6432859;2447339;55;0;0
FR;0;2021-03-21;49904;2592;1;0;0;6482763;2449931;56;0;0
FR;0;2021-03-22;169949;34192;2;0;0;6652712;2484123;58;0;0
FR;0;2021-03-23;250289;42428;1;0;0;6903001;2526551;59;0;0
FR;0;2021-03-24;256823;43826;0;0;0;7159824;2570377;59;0;0
FR;0;2021-03-25;341723;44700;5;0;0;7501547;2615077;64;0;0
FR;0;2021-03-26;358728;41845;4;0;0;7860275;2656922;68;0;0
FR;0;2021-03-27;195223;16669;1;0;0;8055498;2673591;69;0;0
FR;0;2021-03-28;59310;3873;3;0;0;8114808;2677464;72;0;0
FR;0;2021-03-29;202908;54172;4;0;0;8317716;2731636;76;0;0
FR;0;2021-03-30;285363;69607;4;0;0;8603079;2801243;80;0;0
FR;0;2021-03-31;262932;72941;4;0;0;8866011;2874184;84;0;0
FR;0;2021-04-01;315321;88216;12;0;0;9181332;2962400;96;0;0
FR;0;2021-04-02;281252;92234;7;0;0;9462584;3054634;103;0;0
FR;0;2021-04-03;141031;61827;5;0;0;9603615;3116461;108;0;0
FR;0;2021-04-04;46315;18684;2;0;0;9649930;3135145;110;0;0
FR;0;2021-04-05;63282;10943;11;0;0;9713212;3146088;121;0;0
FR;0;2021-04-06;217091;108205;16;0;0;9930303;3254293;137;0;0
FR;0;2021-04-07;260156;115329;17;0;0;10190459;3369622;154;0;0
FR;0;2021-04-08;337670;121320;14;0;0;10528129;3490942;168;0;0
FR;0;2021-04-09;410047;116352;49;0;0;10938176;3607294;217;0;0
FR;0;2021-04-10;212560;82636;15;0;0;11150736;3689930;232;0;0
FR;0;2021-04-11;56051;34523;7;0;0;11206787;3724453;239;0;0
FR;0;2021-04-12;236901;115113;45;0;0;11443688;3839566;284;0;0
FR;0;2021-04-13;309364;144675;97;1;0;11753052;3984241;381;1;0
FR;0;2021-04-14;294379;139216;211;0;0;12047431;4123457;592;1;0
FR;0;2021-04-15;336965;147857;337;0;0;12384396;4271314;929;1;0
FR;0;2021-04-16;339187;145616;352;0;0;12723583;4416930;1281;1;0
FR;0;2021-04-17;188612;90124;108;0;0;12912195;4507054;1389;1;0
FR;0;2021-04-18;51563;35418;45;0;0;12963758;4542472;1434;1;0
FR;0;2021-04-19;205599;138214;453;0;0;13169357;4680686;1887;1;0
FR;0;2021-04-20;254292;170539;568;0;0;13423649;4851225;2455;1;0
FR;0;2021-04-21;253111;168757;830;0;0;13676760;5019982;3285;1;0
FR;0;2021-04-22;287365;188265;818;0;0;13964125;5208247;4103;1;0
FR;0;2021-04-23;297965;183133;743;0;0;14262090;5391380;4846;1;0
FR;0;2021-04-24;190405;111485;247;0;0;14452495;5502865;5093;1;0
FR;0;2021-04-25;69461;38832;51;0;0;14521956;5541697;5144;1;0
FR;0;2021-04-26;220851;155991;559;0;0;14742807;5697688;5703;1;0
FR;0;2021-04-27;284500;187284;939;0;0;15027307;5884972;6642;1;0
FR;0;2021-04-28;299392;183078;1420;1;1;15326699;6068050;8062;2;1
FR;0;2021-04-29;357015;196035;1275;0;0;15683714;6264085;9337;2;1
FR;0;2021-04-30;372106;184642;1119;1;0;16055820;6448727;10456;3;1
FR;0;2021-05-01;167563;52516;178;0;0;16223383;6501243;10634;3;1
FR;0;2021-05-02;91633;37785;82;0;0;16315016;6539028;10716;3;1
FR;0;2021-05-03;288767;169261;837;0;0;16603783;6708289;11553;3;1
FR;0;2021-05-04;315512;224234;1230;0;0;16919295;6932523;12783;3;1
FR;0;2021-05-05;327008;224436;1311;0;0;17246303;7156959;14094;3;1
FR;0;2021-05-06;379346;239076;1627;0;0;17625649;7396035;15721;3;1
FR;0;2021-05-07;372620;257093;1222;0;0;17998269;7653128;16943;3;1
FR;0;2021-05-08;222104;66915;297;0;0;18220373;7720043;17240;3;1
FR;0;2021-05-09;129647;46612;243;0;0;18350020;7766655;17483;3;1
FR;0;2021-05-10;313195;228684;1227;0;0;18663215;7995339;18710;3;1
FR;0;2021-05-11;403746;257845;1562;0;0;19066961;8253184;20272;3;1
FR;0;2021-05-12;433948;233019;1541;0;0;19500909;8486203;21813;3;1
FR;0;2021-05-13;338487;56973;429;0;0;19839396;8543176;22242;3;1
FR;0;2021-05-14;454004;167219;1117;0;0;20293400;8710395;23359;3;1
FR;0;2021-05-15;374834;93953;442;0;0;20668234;8804348;23801;3;1
FR;0;2021-05-16;202679;20774;168;0;0;20870913;8825122;23969;3;1
FR;0;2021-05-17;375969;148903;1547;0;0;21246882;8974025;25516;3;1
FR;0;2021-05-18;459830;152999;1985;0;0;21706712;9127024;27501;3;1
FR;0;2021-05-19;467255;145044;2448;0;0;22173967;9272068;29949;3;1
FR;0;2021-05-20;507333;160161;2328;0;0;22681300;9432229;32277;3;1
FR;0;2021-05-21;489512;174356;1984;0;0;23170812;9606585;34261;3;1
FR;0;2021-05-22;347105;79789;667;0;0;23517917;9686374;34928;3;1
FR;0;2021-05-23;161620;14411;246;0;0;23679537;9700785;35174;3;1
FR;0;2021-05-24;263105;33202;597;0;0;23942642;9733987;35771;3;1
FR;0;2021-05-25;400030;189068;2343;1;0;24342672;9923055;38114;4;1
FR;0;2021-05-26;413321;188106;2213;0;0;24755993;10111161;40327;4;1
FR;0;2021-05-27;449653;218434;2152;0;0;25205646;10329595;42479;4;1
FR;0;2021-05-28;429408;259346;1887;0;0;25635054;10588941;44366;4;1
FR;0;2021-05-29;298920;149289;582;0;0;25933974;10738230;44948;4;1
FR;0;2021-05-30;107069;32578;162;0;0;26041043;10770808;45110;4;1
FR;0;2021-05-31;357874;203522;1465;1;1;26398917;10974330;46575;5;2
FR;0;2021-06-01;430478;251372;1953;1;1;26829395;11225702;48528;6;3
FR;0;2021-06-02;418848;230741;1974;0;0;27248243;11456443;50502;6;3
FR;0;2021-06-03;463988;258460;1817;0;0;27712231;11714903;52319;6;3
FR;0;2021-06-04;455393;304693;1725;1;1;28167624;12019596;54044;7;4
FR;0;2021-06-05;304701;188943;651;0;0;28472325;12208539;54695;7;4
FR;0;2021-06-06;133206;49129;226;0;0;28605531;12257668;54921;7;4
FR;0;2021-06-07;338532;262091;1514;0;0;28944063;12519759;56435;7;4
FR;0;2021-06-08;393480;290951;1791;0;0;29337543;12810710;58226;7;4
FR;0;2021-06-09;384545;275622;1720;0;0;29722088;13086332;59946;7;4
FR;0;2021-06-10;403849;289094;1717;1;0;30125937;13375426;61663;8;4
FR;0;2021-06-11;386374;357257;1456;0;0;30512311;13732683;63119;8;4
FR;0;2021-06-12;283155;211263;489;0;0;30795466;13943946;63608;8;4
FR;0;2021-06-13;104808;74002;204;0;0;30900274;14017948;63812;8;4
FR;0;2021-06-14;240615;355794;1422;1;0;31140889;14373742;65234;9;4
FR;0;2021-06-15;307880;385755;1560;1;0;31448769;14759497;66794;10;4
FR;0;2021-06-16;313761;357769;1413;1;0;31762530;15117266;68207;11;4
FR;0;2021-06-17;317477;372228;1420;1;0;32080007;15489494;69627;12;4
FR;0;2021-06-18;321501;442355;1329;1;0;32401508;15931849;70956;13;4
FR;0;2021-06-19;224289;273730;446;0;0;32625797;16205579;71402;13;4
FR;0;2021-06-20;74346;102594;127;0;0;32700143;16308173;71529;13;4
FR;0;2021-06-21;195530;401942;1029;1;1;32895673;16710115;72558;14;5
FR;0;2021-06-22;222959;467325;1257;10;2;33118632;17177440;73815;24;7
FR;0;2021-06-23;233806;439846;1194;1;1;33352438;17617286;75009;25;8
FR;0;2021-06-24;241673;409460;1343;0;0;33594111;18026746;76352;25;8
FR;0;2021-06-25;227407;522086;1398;0;0;33821518;18548832;77750;25;8
FR;0;2021-06-26;153142;370668;584;1;0;33974660;18919500;78334;26;8
FR;0;2021-06-27;55847;156284;166;1;0;34030507;19075784;78500;27;8
FR;0;2021-06-28;154565;453025;1163;0;0;34185072;19528809;79663;27;8
FR;0;2021-06-29;182502;506561;2122;0;0;34367574;20035370;81785;27;8
FR;0;2021-06-30;203770;481494;2007;21;2;34571344;20516864;83792;48;10
FR;0;2021-07-01;230926;457751;2221;5;1;34802270;20974615;86013;53;11
FR;0;2021-07-02;227913;520187;2118;5;3;35030183;21494802;88131;58;14
FR;0;2021-07-03;141871;368729;909;3;1;35172054;21863531;89040;61;15
FR;0;2021-07-04;56677;141273;265;0;0;35228731;22004804;89305;61;15
FR;0;2021-07-05;168088;419358;1667;8;2;35396819;22424162;90972;69;17
FR;0;2021-07-06;196429;474816;1823;44;8;35593248;22898978;92795;113;25
FR;0;2021-07-07;212750;439304;1873;24;5;35805998;23338282;94668;137;30
FR;0;2021-07-08;231299;424155;2088;20;8;36037297;23762437;96756;157;38
FR;0;2021-07-09;228245;510285;2182;4;2;36265542;24272722;98938;161;40
FR;0;2021-07-10;148482;339833;982;1;1;36414024;24612555;99920;162;41
FR;0;2021-07-11;60112;110134;281;0;0;36474136;24722689;100201;162;41
FR;0;2021-07-12;168897;478198;1750;4;0;36643033;25200887;101951;166;41
FR;0;2021-07-13;286987;527485;2043;8;2;36930020;25728372;103994;174;43
FR;0;2021-07-14;180787;157795;432;0;0;37110807;25886167;104426;174;43
FR;0;2021-07-15;346732;502523;2097;1;0;37457539;26388690;106523;175;43
FR;0;2021-07-16;379768;496013;2020;3;1;37837307;26884703;108543;178;44
FR;0;2021-07-17;259606;319826;876;1;0;38096913;27204529;109419;179;44
FR;0;2021-07-18;109650;114830;310;0;0;38206563;27319359;109729;179;44
FR;0;2021-07-19;285248;425308;1626;3;0;38491811;27744667;111355;182;44
FR;0;2021-07-20;376661;452646;1721;0;0;38868472;28197313;113076;182;44
FR;0;2021-07-21;395542;408110;1549;4;2;39264014;28605423;114625;186;46
FR;0;2021-07-22;440707;388396;1712;4;2;39704721;28993819;116337;190;48
FR;0;2021-07-23;438605;423383;1876;4;2;40143326;29417202;118213;194;50
FR;0;2021-07-24;285144;269689;802;1;0;40428470;29686891;119015;195;50
FR;0;2021-07-25;121018;80081;225;0;0;40549488;29766972;119240;195;50
FR;0;2021-07-26;347197;323454;1614;3;2;40896685;30090426;120854;198;52
FR;0;2021-07-27;463815;320501;1696;4;2;41360500;30410927;122550;202;54
FR;0;2021-07-28;459234;290184;1635;4;2;41819734;30701111;124185;206;56
FR;0;2021-07-29;489581;277075;1793;2;1;42309315;30978186;125978;208;57
FR;0;2021-07-30;461505;303035;1935;5;2;42770820;31281221;127913;213;59
FR;0;2021-07-31;285298;185062;913;1;0;43056118;31466283;128826;214;59
FR;0;2021-08-01;111900;50013;252;0;0;43168018;31516296;129078;214;59
FR;0;2021-08-02;341029;234726;1596;2;0;43509047;31751022;130674;216;59
FR;0;2021-08-03;398250;245237;1715;2;1;43907297;31996259;132389;218;60
FR;0;2021-08-04;384449;210216;1589;5;3;44291746;32206475;133978;223;63
FR;0;2021-08-05;365841;228965;1707;0;0;44657587;32435440;135685;223;63
FR;0;2021-08-06;359399;271885;1833;4;1;45016986;32707325;137518;227;64
FR;0;2021-08-07;212968;178378;755;4;3;45229954;32885703;138273;231;67
FR;0;2021-08-08;74103;63260;269;0;0;45304057;32948963;138542;231;67
FR;0;2021-08-09;258489;259768;1538;4;3;45562546;33208731;140080;235;70
FR;0;2021-08-10;306475;278391;1654;2;1;45869021;33487122;141734;237;71
FR;0;2021-08-11;279408;260473;1435;5;1;46148429;33747595;143169;242;72
FR;0;2021-08-12;271212;278706;1657;3;1;46419641;34026301;144826;245;73
FR;0;2021-08-13;251939;277853;1586;3;2;46671580;34304154;146412;248;75
FR;0;2021-08-14;145242;197371;739;0;0;46816822;34501525;147151;248;75
FR;0;2021-08-15;39251;50106;212;1;0;46856073;34551631;147363;249;75
FR;0;2021-08-16;185934;318246;1538;0;0;47042007;34869877;148901;249;75
FR;0;2021-08-17;215487;336782;1632;6;1;47257494;35206659;150533;255;76
FR;0;2021-08-18;198799;324983;1587;7;4;47456293;35531642;152120;262;80
FR;0;2021-08-19;191782;325709;1630;1;0;47648075;35857351;153750;263;80
FR;0;2021-08-20;186184;365730;1804;3;2;47834259;36223081;155554;266;82
FR;0;2021-08-21;104707;238160;701;0;0;47938966;36461241;156255;266;82
FR;0;2021-08-22;31865;87205;252;1;1;47970831;36548446;156507;267;83
FR;0;2021-08-23;140829;357328;1555;3;2;48111660;36905774;158062;270;85
FR;0;2021-08-24;162337;376949;1838;5;1;48273997;37282723;159900;275;86
FR;0;2021-08-25;150963;350893;2025;8;3;48424960;37633616;161925;283;89
FR;0;2021-08-26;142670;342846;2552;10;1;48567630;37976462;164477;293;90
FR;0;2021-08-27;148232;387729;2787;11;4;48715862;38364191;167264;304;94
FR;0;2021-08-28;90557;249513;1405;0;0;48806419;38613704;168669;304;94
FR;0;2021-08-29;27290;83307;512;1;0;48833709;38697011;169181;305;94
FR;0;2021-08-30;117280;324926;4706;6;6078;48950989;39021937;173887;311;6172
FR;0;2021-08-31;128637;334738;10156;18;11905;49079626;39356675;184043;329;18077
FR;0;2021-09-01;135106;285629;22396;7;24218;49214732;39642304;206439;336;42295
FR;0;2021-09-02;112197;247294;26499;13;28808;49326929;39889598;232938;349;71103
FR;0;2021-09-03;117937;292770;29941;24;32923;49444866;40182368;262879;373;104026
FR;0;2021-09-04;89715;217697;12581;12;14030;49534581;40400065;275460;385;118056
FR;0;2021-09-05;21319;44886;4386;2;4728;49555900;40444951;279846;387;122784
FR;0;2021-09-06;75171;180881;31935;16;34148;49631071;40625832;311781;403;156932
FR;0;2021-09-07;79575;181291;33227;40;36037;49710646;40807123;345008;443;192969
FR;0;2021-09-08;88743;206148;29640;27;32333;49799389;41013271;374648;470;225302
FR;0;2021-09-09;75832;165317;33019;26;36400;49875221;41178588;407667;496;261702
FR;0;2021-09-10;95123;203611;35699;25;40397;49970344;41382199;443366;521;302099
FR;0;2021-09-11;66329;169180;12121;18;14205;50036673;41551379;455487;539;316304
FR;0;2021-09-12;12746;32098;2762;2;3147;50049419;41583477;458249;541;319451
FR;0;2021-09-13;64309;126403;41178;32;43844;50113728;41709880;499427;573;363295
FR;0;2021-09-14;73215;129171;56311;78;61718;50186943;41839051;555738;651;425013
FR;0;2021-09-15;76258;167819;55593;58;54700;50263201;42006870;611331;709;479713
FR;0;2021-09-16;63637;114512;59996;86;59932;50326838;42121382;671327;795;539645
FR;0;2021-09-17;74866;156812;53783;70;57157;50401704;42278194;725110;865;596802
FR;0;2021-09-18;48138;139557;15588;25;17271;50449842;42417751;740698;890;614073
FR;0;2021-09-19;7842;23726;2428;1;2620;50457684;42441477;743126;891;616693
FR;0;2021-09-20;44378;93923;49982;73;50168;50502062;42535400;793108;964;666861
FR;0;2021-09-21;45739;98468;62667;76;63235;50547801;42633868;855775;1040;730096
FR;0;2021-09-22;48511;142203;55283;84;55238;50596312;42776071;911058;1124;785334
FR;0;2021-09-23;43079;91871;62306;95;63314;50639391;42867942;973364;1219;848648
FR;0;2021-09-24;52107;133047;54489;110;59008;50691498;43000989;1027853;1329;907656
FR;0;2021-09-25;35145;115403;16256;37;18231;50726643;43116392;1044109;1366;925887
FR;0;2021-09-26;5512;17836;2261;4;2343;50732155;43134228;1046370;1370;928230
FR;0;2021-09-27;33885;76986;47147;96;48085;50766040;43211214;1093517;1466;976315
FR;0;2021-09-28;36407;75236;54876;88;56349;50802447;43286450;1148393;1554;1032664
FR;0;2021-09-29;44276;100816;53284;112;54739;50846723;43387266;1201677;1666;1087403
FR;0;2021-09-30;36148;72474;56950;96;59376;50882871;43459740;1258627;1762;1146779
FR;0;2021-10-01;61069;100560;57747;108;63628;50943940;43560300;1316374;1870;1210407
FR;0;2021-10-02;39320;78244;20937;38;23287;50983260;43638544;1337311;1908;1233694
FR;0;2021-10-03;5236;10587;2518;4;2558;50988496;43649131;1339829;1912;1236252
FR;0;2021-10-04;34739;58491;52579;83;54741;51023235;43707622;1392408;1995;1290993
FR;0;2021-10-05;33170;64289;60929;135;64838;51056405;43771911;1453337;2130;1355831
FR;0;2021-10-06;42170;79101;65637;113;68131;51098575;43851012;1518974;2243;1423962
FR;0;2021-10-07;30264;62039;65344;90;68615;51128839;43913051;1584318;2333;1492577
FR;0;2021-10-08;48426;91709;77681;110;84532;51177265;44004760;1661999;2443;1577109
FR;0;2021-10-09;33515;60819;31503;35;33835;51210780;44065579;1693502;2478;1610944
FR;0;2021-10-10;4551;7376;3180;9;3474;51215331;44072955;1696682;2487;1614418
FR;0;2021-10-11;30409;49900;61000;105;63996;51245740;44122855;1757682;2592;1678414
FR;0;2021-10-12;31168;54429;70535;139;75750;51276908;44177284;1828217;2731;1754164
FR;0;2021-10-13;39847;62706;74380;135;79205;51316755;44239990;1902597;2866;1833369
FR;0;2021-10-14;30151;52748;68698;116;73675;51346906;44292738;1971295;2982;1907044
FR;0;2021-10-15;44604;75088;93186;191;102860;51391510;44367826;2064481;3173;2009904
FR;0;2021-10-16;31190;44055;36670;45;39589;51422700;44411881;2101151;3218;2049493
FR;0;2021-10-17;3809;5259;3586;2;3689;51426509;44417140;2104737;3220;2053182
FR;0;2021-10-18;27242;42219;67451;133;71316;51453751;44459359;2172188;3353;2124498
FR;0;2021-10-19;26866;43085;76356;141;81576;51480617;44502444;2248544;3494;2206074
FR;0;2021-10-20;35119;52298;96873;180;101393;51515736;44554742;2345417;3674;2307467
FR;0;2021-10-21;25762;45136;83883;112;89053;51541498;44599878;2429300;3786;2396520
FR;0;2021-10-22;38137;62125;104827;199;112410;51579635;44662003;2534127;3985;2508930
FR;0;2021-10-23;26895;41179;45419;57;48582;51606530;44703182;2579546;4042;2557512
FR;0;2021-10-24;2902;4781;3676;6;3939;51609432;44707963;2583222;4048;2561451
FR;0;2021-10-25;25938;36291;82273;144;86564;51635370;44744254;2665495;4192;2648015
FR;0;2021-10-26;23630;34961;87177;166;92252;51659000;44779215;2752672;4358;2740267
FR;0;2021-10-27;29963;46408;108933;257;114573;51688963;44825623;2861605;4615;2854840
FR;0;2021-10-28;23278;34790;88630;153;94313;51712241;44860413;2950235;4768;2949153
FR;0;2021-10-29;31451;51027;117253;205;125175;51743692;44911440;3067488;4973;3074328
FR;0;2021-10-30;20392;33068;50303;77;53340;51764084;44944508;3117791;5050;3127668
FR;0;2021-10-31;2469;3789;3581;3;3870;51766553;44948297;3121372;5053;3131538
FR;0;2021-11-01;8011;4739;3190;3;3546;51774564;44953036;3124562;5056;3135084
FR;0;2021-11-02;25001;39998;93501;157;99410;51799565;44993034;3218063;5213;3234494
FR;0;2021-11-03;29524;47731;118805;218;125715;51829089;45040765;3336868;5431;3360209
FR;0;2021-11-04;23545;37439;107457;216;114275;51852634;45078204;3444325;5647;3474484
FR;0;2021-11-05;32149;52729;141547;233;151180;51884783;45130933;3585872;5880;3625664
FR;0;2021-11-06;21395;34518;64820;123;68183;51906178;45165451;3650692;6003;3693847
FR;0;2021-11-07;2372;4265;5162;6;5587;51908550;45169716;3655854;6009;3699434
FR;0;2021-11-08;20157;37804;127089;227;134109;51928707;45207520;3782943;6236;3833543
FR;0;2021-11-09;21990;44778;161579;341;172037;51950697;45252298;3944522;6577;4005580
FR;0;2021-11-10;31166;54780;186890;446;198567;51981863;45307078;4131412;7023;4204147
FR;0;2021-11-11;3938;6430;12899;28;13890;51985801;45313508;4144311;7051;4218037
FR;0;2021-11-12;28908;55130;183676;249;197199;52014709;45368638;4327987;7300;4415236
FR;0;2021-11-13;20218;32676;80655;118;86262;52034927;45401314;4408642;7418;4501498
FR;0;2021-11-14;2302;3990;7156;6;7878;52037229;45405304;4415798;7424;4509376
FR;0;2021-11-15;20164;38799;160718;312;171381;52057393;45444103;4576516;7736;4680757
FR;0;2021-11-16;23156;43953;200256;391;214760;52080549;45488056;4776772;8127;4895517
FR;0;2021-11-17;30205;50429;199746;407;212737;52110754;45538485;4976518;8534;5108254
FR;0;2021-11-18;23215;43919;191538;468;205336;52133969;45582404;5168056;9002;5313590
FR;0;2021-11-19;33490;61339;243075;548;261977;52167459;45643743;5411131;9550;5575567
FR;0;2021-11-20;25243;36691;102091;205;109618;52192702;45680434;5513222;9755;5685185
FR;0;2021-11-21;2615;4598;9633;18;10655;52195317;45685032;5522855;9773;5695840
FR;0;2021-11-22;22673;33264;180249;470;194696;52217990;45718296;5703104;10243;5890536
FR;0;2021-11-23;25426;45576;229238;547;247584;52243416;45763872;5932342;10790;6138120
FR;0;2021-11-24;31696;53747;224702;717;243064;52275112;45817619;6157044;11507;6381184
FR;0;2021-11-25;25297;48961;255774;740;277523;52300409;45866580;6412818;12247;6658707
FR;0;2021-11-26;33079;74680;379314;865;414478;52333488;45941260;6792132;13112;7073185
FR;0;2021-11-27;23181;49523;214817;390;236523;52356669;45990783;7006949;13502;7309708
FR;0;2021-11-28;3471;10602;56714;66;63341;52360140;46001385;7063663;13568;7373049
FR;0;2021-11-29;19305;54192;341333;864;371467;52379445;46055577;7404996;14432;7744516
FR;0;2021-11-30;24437;72008;457236;984;500575;52403882;46127585;7862232;15416;8245091
FR;0;2021-12-01;26173;75854;468913;1158;511100;52430055;46203439;8331145;16574;8756191
FR;0;2021-12-02;21813;71629;526941;1276;574622;52451868;46275068;8858086;17850;9330813
FR;0;2021-12-03;25344;92379;596191;1415;650867;52477212;46367447;9454277;19265;9981680
FR;0;2021-12-04;18254;60453;336127;690;369625;52495466;46427900;9790404;19955;10351305
FR;0;2021-12-05;4137;16298;95735;157;107063;52499603;46444198;9886139;20112;10458368
FR;0;2021-12-06;19455;73164;492972;1172;539763;52519058;46517362;10379111;21284;10998131
FR;0;2021-12-07;23217;91699;645177;1769;706020;52542275;46609061;11024288;23053;11704151
FR;0;2021-12-08;25229;92092;591385;1872;647266;52567504;46701153;11615673;24925;12351417
FR;0;2021-12-09;23898;94157;662868;2180;726077;52591402;46795310;12278541;27105;13077494
FR;0;2021-12-10;27131;111022;735834;2072;805879;52618533;46906332;13014375;29177;13883373
FR;0;2021-12-11;20199;75956;435088;984;480276;52638732;46982288;13449463;30161;14363649
FR;0;2021-12-12;5611;23240;142237;262;159216;52644343;47005528;13591700;30423;14522865
FR;0;2021-12-13;20992;91197;587443;1699;649105;52665335;47096725;14179143;32122;15171970
FR;0;2021-12-14;27090;118500;765303;2648;847284;52692425;47215225;14944446;34770;16019254
FR;0;2021-12-15;28045;114254;694099;2262;768800;52720470;47329479;15638545;37032;16788054
FR;0;2021-12-16;27822;115973;763784;2556;844207;52748292;47445452;16402329;39588;17632261
FR;0;2021-12-17;31418;128696;807649;2709;891866;52779710;47574148;17209978;42297;18524127
FR;0;2021-12-18;24898;81665;469872;1178;522126;52804608;47655813;17679850;43475;19046253
FR;0;2021-12-19;8740;28900;169334;378;191174;52813348;47684713;17849184;43853;19237427
FR;0;2021-12-20;31538;97425;591256;1788;658541;52844886;47782138;18440440;45641;19895968
FR;0;2021-12-21;39151;112183;682223;2392;759372;52884037;47894321;19122663;48033;20655340
FR;0;2021-12-22;39413;99484;575580;2166;641987;52923450;47993805;19698243;50199;21297327
FR;0;2021-12-23;33665;79679;440826;1649;494272;52957115;48073484;20139069;51848;21791599
FR;0;2021-12-24;10613;26051;110955;396;126638;52967728;48099535;20250024;52244;21918237
FR;0;2021-12-25;762;3494;7569;25;9043;52968490;48103029;20257593;52269;21927280
FR;0;2021-12-26;4695;11906;52062;139;60130;52973185;48114935;20309655;52408;21987410
FR;0;2021-12-27;30244;83781;453394;1367;509021;53003429;48198716;20763049;53775;22496431
FR;0;2021-12-28;38251;98875;564024;1766;632102;53041680;48297591;21327073;55541;23128533
FR;0;2021-12-29;39799;88363;501058;1686;560887;53081479;48385954;21828131;57227;23689420
FR;0;2021-12-30;35832;74846;420906;1519;471057;53117311;48460800;22249037;58746;24160477
FR;0;2021-12-31;11831;25143;116806;406;131597;53129142;48485943;22365843;59152;24292074
FR;0;2022-01-01;1191;3198;8493;36;9920;53130333;48489141;22374336;59188;24301994
FR;0;2022-01-02;6064;13005;58375;124;66928;53136397;48502146;22432711;59312;24368922
FR;0;2022-01-03;31702;88330;494609;1592;551292;53168099;48590476;22927320;60904;24920214
FR;0;2022-01-04;40531;110567;641212;2302;714116;53208630;48701043;23568532;63206;25634330
FR;0;2022-01-05;59604;102975;568965;1982;633958;53268234;48804018;24137497;65188;26268288
FR;0;2022-01-06;43796;109984;638800;2689;711241;53312030;48914002;24776297;67877;26979529
FR;0;2022-01-07;50410;122733;710820;2804;790191;53362440;49036735;25487117;70681;27769720
FR;0;2022-01-08;44904;80312;423745;1208;472812;53407344;49117047;25910862;71889;28242532
FR;0;2022-01-09;15590;26768;128528;300;145713;53422934;49143815;26039390;72189;28388245
FR;0;2022-01-10;34807;86333;469120;1808;521995;53457741;49230148;26508510;73997;28910240
FR;0;2022-01-11;41508;99729;548054;2306;608301;53499249;49329877;27056564;76303;29518541
FR;0;2022-01-12;59983;95179;452498;1964;504167;53559232;49425056;27509062;78267;30022708
FR;0;2022-01-13;37761;92042;487155;2081;540850;53596993;49517098;27996217;80348;30563558
FR;0;2022-01-14;42292;103179;568394;2283;628867;53639285;49620277;28564611;82631;31192425
FR;0;2022-01-15;39283;65797;340042;980;377507;53678568;49686074;28904653;83611;31569932
FR;0;2022-01-16;11381;19329;87356;215;99440;53689949;49705403;28992009;83826;31669372
FR;0;2022-01-17;24547;60008;320159;1380;354104;53714496;49765411;29312168;85206;32023476
FR;0;2022-01-18;28048;68297;360936;1797;397456;53742544;49833708;29673104;87003;32420932
FR;0;2022-01-19;42957;66936;281155;1448;310983;53785501;49900644;29954259;88451;32731915
FR;0;2022-01-20;23333;59293;298826;1737;328324;53808834;49959937;30253085;90188;33060239
FR;0;2022-01-21;27901;68715;366223;2079;401065;53836735;50028652;30619308;92267;33461304
FR;0;2022-01-22;27602;47747;218731;838;241713;53864337;50076399;30838039;93105;33703017
FR;0;2022-01-23;6695;13064;48635;171;55187;53871032;50089463;30886674;93276;33758204
FR;0;2022-01-24;16164;47072;217203;1135;239285;53887196;50136535;31103877;94411;33997489
FR;0;2022-01-25;18878;53984;242927;1547;266995;53906074;50190519;31346804;95958;34264484
FR;0;2022-01-26;28062;59439;209151;1293;229274;53934136;50249958;31555955;97251;34493758
FR;0;2022-01-27;16246;45535;207497;1266;225719;53950382;50295493;31763452;98517;34719477
FR;0;2022-01-28;21425;75751;289919;1573;321443;53971807;50371244;32053371;100090;35040920
FR;0;2022-01-29;18386;52857;184062;684;204557;53990193;50424101;32237433;100774;35245477
FR;0;2022-01-30;4462;14594;39112;121;45093;53994655;50438695;32276545;100895;35290570
FR;0;2022-01-31;11199;43817;148112;738;164772;54005854;50482512;32424657;101633;35455342
FR;0;2022-02-01;12606;47761;174008;1139;191276;54018460;50530273;32598665;102772;35646618
FR;0;2022-02-02;19675;65607;171394;1031;190049;54038135;50595880;32770059;103803;35836667
FR;0;2022-02-03;10871;43741;157433;984;173236;54049006;50639621;32927492;104787;36009903
FR;0;2022-02-04;14431;66250;239110;1259;264113;54063437;50705871;33166602;106046;36274016
FR;0;2022-02-05;12586;51467;153487;522;172318;54076023;50757338;33320089;106568;36446334
FR;0;2022-02-06;2702;12260;28858;99;33819;54078725;50769598;33348947;106667;36480153
FR;0;2022-02-07;9208;46573;156775;583;176284;54087933;50816171;33505722;107250;36656437
FR;0;2022-02-08;9513;42491;166520;866;184276;54097446;50858662;33672242;108116;36840713
FR;0;2022-02-09;14084;57511;172240;864;192887;54111530;50916173;33844482;108980;37033600
FR;0;2022-02-10;8198;37938;150078;876;166474;54119728;50954111;33994560;109856;37200074
FR;0;2022-02-11;10720;55280;218365;1095;242918;54130448;51009391;34212925;110951;37442992
FR;0;2022-02-12;8318;40834;134665;461;151672;54138766;51050225;34347590;111412;37594664
FR;0;2022-02-13;1880;8562;26535;81;30889;54140646;51058787;34374125;111493;37625553
FR;0;2022-02-14;6853;35023;148262;476;166250;54147499;51093810;34522387;111969;37791803
FR;0;2022-02-15;6816;35281;146810;750;162329;54154315;51129091;34669197;112719;37954132
FR;0;2022-02-16;9252;42349;132393;717;146557;54163567;51171440;34801590;113436;38100689
FR;0;2022-02-17;5327;23436;87194;582;94691;54168894;51194876;34888784;114018;38195380
FR;0;2022-02-18;6835;33066;119539;800;129168;54175729;51227942;35008323;114818;38324548
FR;0;2022-02-19;5319;24416;69985;369;77282;54181048;51252358;35078308;115187;38401830
FR;0;2022-02-20;1130;4600;12136;38;13906;54182178;51256958;35090444;115225;38415736
FR;0;2022-02-21;3982;17715;61874;351;67088;54186160;51274673;35152318;115576;38482824
FR;0;2022-02-22;4327;18408;60744;571;64358;54190487;51293081;35213062;116147;38547182
FR;0;2022-02-23;6492;26976;66390;591;71768;54196979;51320057;35279452;116738;38618950
FR;0;2022-02-24;3710;14926;50327;514;53112;54200689;51334983;35329779;117252;38672062
FR;0;2022-02-25;5145;23358;76220;799;79918;54205834;51358341;35405999;118051;38751980
FR;0;2022-02-26;3953;17460;47367;355;51432;54209787;51375801;35453366;118406;38803412
FR;0;2022-02-27;864;2978;8011;47;8918;54210651;51378779;35461377;118453;38812330
FR;0;2022-02-28;3042;11999;40392;350;42813;54213693;51390778;35501769;118803;38855143
FR;0;2022-03-01;2984;11998;43939;431;44558;54216677;51402776;35545708;119234;38899701
FR;0;2022-03-02;4997;17326;46969;435;48868;54221674;51420102;35592677;119669;38948569
FR;0;2022-03-03;2588;8669;29643;338;29734;54224262;51428771;35622320;120007;38978303
FR;0;2022-03-04;3140;12064;40151;644;39265;54227402;51440835;35662471;120651;39017568
FR;0;2022-03-05;2878;9181;24895;309;25039;54230280;51450016;35687366;120960;39042607
FR;0;2022-03-06;499;1366;3175;42;3412;54230779;51451382;35690541;121002;39046019
FR;0;2022-03-07;1878;5400;18334;311;17592;54232657;51456782;35708875;121313;39063611
FR;0;2022-03-08;1912;5787;19296;352;17755;54234569;51462569;35728171;121665;39081366
FR;0;2022-03-09;3407;10109;21965;400;21053;54237976;51472678;35750136;122065;39102419
FR;0;2022-03-10;1651;4876;16573;328;15360;54239627;51477554;35766709;122393;39117779
FR;0;2022-03-11;2306;7202;24340;536;22087;54241933;51484756;35791049;122929;39139866
FR;0;2022-03-12;2620;6679;17095;302;16435;54244553;51491435;35808144;123231;39156301
FR;0;2022-03-13;380;769;2241;143;2190;54244933;51492204;35810385;123374;39158491
FR;0;2022-03-14;1422;4044;14783;4403;13645;54246355;51496248;35825168;127777;39172136
FR;0;2022-03-15;1545;4248;15951;7537;14051;54247900;51500496;35841119;135314;39186187
FR;0;2022-03-16;2898;6884;18789;13117;17471;54250798;51507380;35859908;148431;39203658
FR;0;2022-03-17;1343;3542;12657;10785;11487;54252141;51510922;35872565;159216;39215145
FR;0;2022-03-18;2139;5394;19701;18227;17769;54254280;51516316;35892266;177443;39232914
FR;0;2022-03-19;2245;4630;13037;9383;12337;54256525;51520946;35905303;186826;39245251
FR;0;2022-03-20;279;680;1829;1058;1831;54256804;51521626;35907132;187884;39247082
FR;0;2022-03-21;1311;3032;12197;14903;11405;54258115;51524658;35919329;202787;39258487
FR;0;2022-03-22;1404;3456;13325;20477;12070;54259519;51528114;35932654;223264;39270557
FR;0;2022-03-23;2580;5728;15624;23065;15004;54262099;51533842;35948278;246329;39285561
FR;0;2022-03-24;1281;2790;10913;17463;9993;54263380;51536632;35959191;263792;39295554
FR;0;2022-03-25;1979;4667;17970;27655;16316;54265359;51541299;35977161;291447;39311870
FR;0;2022-03-26;2189;4162;11850;12619;11275;54267548;51545461;35989011;304066;39323145
FR;0;2022-03-27;345;673;1848;1462;1883;54267893;51546134;35990859;305528;39325028
FR;0;2022-03-28;1375;2817;10661;17296;10116;54269268;51548951;36001520;322824;39335144
FR;0;2022-03-29;1386;3128;12434;27267;11558;54270654;51552079;36013954;350091;39346702
FR;0;2022-03-30;2756;5220;14969;27062;14328;54273410;51557299;36028923;377153;39361030
FR;0;2022-03-31;1550;3006;12129;24395;11425;54274960;51560305;36041052;401548;39372455
FR;0;2022-04-01;1942;3837;16057;30291;14772;54276902;51564142;36057109;431839;39387227
FR;0;2022-04-02;1399;2510;8542;9994;8194;54278301;51566652;36065651;441833;39395421
FR;0;2022-04-03;248;470;1482;1133;1500;54278549;51567122;36067133;442966;39396921
FR;0;2022-04-04;1209;2235;9729;18111;8916;54279758;51569357;36076862;461077;39405837
FR;0;2022-04-05;1498;2698;12897;32399;11722;54281256;51572055;36089759;493476;39417559
FR;0;2022-04-06;1922;3375;11927;24471;11198;54283178;51575430;36101686;517947;39428757
FR;0;2022-04-07;1278;2584;11916;29913;11155;54284456;51578014;36113602;547860;39439912
